Date,Open,High,Low,Close,Volume,Dividends,Stock Splits
2001-01-01 00:00:00+09:00,582.05029296875,582.05029296875,582.05029296875,582.05029296875,0,0.0,0.0
2001-01-02 00:00:00+09:00,582.05029296875,582.05029296875,582.05029296875,582.05029296875,0,0.0,0.0
2001-01-03 00:00:00+09:00,582.05029296875,582.05029296875,582.05029296875,582.05029296875,0,0.0,0.0
2001-01-04 00:00:00+09:00,569.3969906077665,582.0502570657169,569.3969906077665,573.61474609375,10400,0.0,0.0
2001-01-05 00:00:00+09:00,577.8323364257812,590.4855992672217,577.8323364257812,577.8323364257812,16000,0.0,0.0
2001-01-08 00:00:00+09:00,577.8323364257812,577.8323364257812,577.8323364257812,577.8323364257812,0,0.0,0.0
2001-01-09 00:00:00+09:00,569.39697265625,577.8324833622685,565.1792173032408,569.39697265625,36400,0.0,0.0
2001-01-10 00:00:00+09:00,565.1794100674716,573.6149236505682,552.5261396928267,556.743896484375,22000,0.0,0.0
2001-01-11 00:00:00+09:00,556.7436337070611,560.9613885078721,544.0903693046279,552.52587890625,49000,0.0,0.0
2001-01-12 00:00:00+09:00,552.5258107429003,577.8323364257812,552.5258107429003,577.8323364257812,14000,0.0,0.0
2001-01-15 00:00:00+09:00,577.8324648729011,582.0502200909515,565.17919921875,565.17919921875,13600,0.0,0.0
2001-01-16 00:00:00+09:00,569.3970009940011,590.4857788085938,565.1792454310827,590.4857788085938,24200,0.0,0.0
2001-01-17 00:00:00+09:00,590.4858222796762,590.4858222796762,586.26806640625,586.26806640625,14000,0.0,0.0
2001-01-18 00:00:00+09:00,586.2680232456753,590.4857788085938,577.8325121198382,590.4857788085938,16200,0.0,0.0
2001-01-19 00:00:00+09:00,590.4856753518395,598.921184999723,582.0501657039562,594.7034301757812,19600,0.0,0.0
2001-01-22 00:00:00+09:00,594.7035343715123,594.7035343715123,582.0502676827567,590.4857788085938,10200,0.0,0.0
2001-01-23 00:00:00+09:00,590.4858222796762,590.4858222796762,573.6147987859712,586.26806640625,12800,0.0,0.0
2001-01-24 00:00:00+09:00,573.614582145301,586.2678449867416,573.614582145301,577.8323364257812,9000,0.0,0.0
2001-01-25 00:00:00+09:00,569.3969906077665,577.8325015797335,569.3969906077665,573.61474609375,12200,0.0,0.0
2001-01-26 00:00:00+09:00,573.614582145301,586.2678449867416,573.614582145301,577.8323364257812,12600,0.0,0.0
2001-01-29 00:00:00+09:00,577.8323364257812,586.2678449867416,577.8323364257812,577.8323364257812,8400,0.0,0.0
2001-01-30 00:00:00+09:00,586.2679984938931,598.9212646484375,586.2679984938931,598.9212646484375,14000,0.0,0.0
2001-01-31 00:00:00+09:00,598.9212899344309,598.9212899344309,590.4857788085938,590.4857788085938,6200,0.0,0.0
2001-02-01 00:00:00+09:00,590.4857788085938,594.7035343715123,586.2680232456753,590.4857788085938,10000,0.0,0.0
2001-02-02 00:00:00+09:00,590.4855992672217,590.4855992672217,577.8323364257812,577.8323364257812,11800,0.0,0.0
2001-02-05 00:00:00+09:00,577.8325372225996,582.05029296875,577.8325372225996,582.05029296875,16200,0.0,0.0
2001-02-06 00:00:00+09:00,582.0502676827567,594.7035343715123,582.0502676827567,590.4857788085938,174600,0.0,0.0
2001-02-07 00:00:00+09:00,598.9211798773872,615.7921990288629,598.9211798773872,607.356689453125,28600,0.0,0.0
2001-02-08 00:00:00+09:00,607.3566946476064,607.3566946476064,582.0501657039562,594.7034301757812,28400,0.0,0.0
2001-02-09 00:00:00+09:00,594.7035781531025,594.7035781531025,577.8325546593975,586.26806640625,11600,0.0,0.0
2001-02-12 00:00:00+09:00,586.26806640625,586.26806640625,586.26806640625,586.26806640625,0,0.0,0.0
2001-02-13 00:00:00+09:00,586.26806640625,594.7035781531025,586.26806640625,586.26806640625,14200,0.0,0.0
2001-02-14 00:00:00+09:00,586.2679205278979,594.7034301757812,586.2679205278979,594.7034301757812,12800,0.0,0.0
2001-02-15 00:00:00+09:00,598.9211613581731,611.5744253305288,594.7034067007212,603.138916015625,12400,0.0,0.0
2001-02-16 00:00:00+09:00,607.356689453125,615.7921990288629,603.1389346652561,607.356689453125,19200,0.0,0.0
2001-02-19 00:00:00+09:00,611.5745308029819,611.5745308029819,598.9212646484375,598.9212646484375,14600,0.0,0.0
2001-02-20 00:00:00+09:00,603.1390132509429,611.5745239257812,598.9212579135237,611.5745239257812,14000,0.0,0.0
2001-02-21 00:00:00+09:00,598.9212579135237,611.5745239257812,590.4857472386853,611.5745239257812,10000,0.0,0.0
2001-02-22 00:00:00+09:00,603.1389398236647,603.1389398236647,594.7034301757812,594.7034301757812,12600,0.0,0.0
2001-02-23 00:00:00+09:00,594.703595842634,620.0101318359375,594.703595842634,620.0101318359375,15000,0.0,0.0
2001-02-26 00:00:00+09:00,620.0101318359375,624.2278878348214,611.5746198381696,620.0101318359375,14200,0.0,0.0
2001-02-27 00:00:00+09:00,620.0100634765626,645.3165966796874,620.0100634765626,632.663330078125,27400,0.0,0.0
2001-02-28 00:00:00+09:00,632.6631700670397,645.3164334683805,624.2276611328125,624.2276611328125,29800,0.0,0.0
2001-03-01 00:00:00+09:00,628.4456694753546,641.0989379882812,624.2279133043792,641.0989379882812,21000,0.0,0.0
2001-03-02 00:00:00+09:00,641.0989118303571,641.0989118303571,615.7923758370536,620.0101318359375,15000,0.0,0.0
2001-03-05 00:00:00+09:00,632.6633120543205,636.8810674680159,628.445556640625,628.445556640625,30400,0.0,0.0
2001-03-06 00:00:00+09:00,615.7923758370536,620.0101318359375,611.5746198381696,620.0101318359375,7400,0.0,0.0
2001-03-07 00:00:00+09:00,620.0100528246736,620.0100528246736,615.7922973632812,615.7922973632812,7600,0.0,0.0
2001-03-08 00:00:00+09:00,615.7922903995386,628.445556640625,615.7922903995386,628.445556640625,10400,0.0,0.0
2001-03-09 00:00:00+09:00,628.445556640625,632.6633120543205,611.5745349858431,628.445556640625,36800,0.0,0.0
2001-03-12 00:00:00+09:00,624.227808286066,628.4455637474583,615.7922973632812,615.7922973632812,12800,0.0,0.0
2001-03-13 00:00:00+09:00,611.5745239257812,611.5745239257812,590.4857472386853,611.5745239257812,20600,0.0,0.0
2001-03-14 00:00:00+09:00,611.5745239257812,611.5745239257812,611.5745239257812,611.5745239257812,0,0.0,0.0
2001-03-15 00:00:00+09:00,594.7034250895182,611.5744442409939,590.4856703016493,607.356689453125,28800,0.0,0.0
2001-03-16 00:00:00+09:00,607.3567685883621,620.0100346006196,607.3567685883621,611.5745239257812,15600,0.0,0.0
2001-03-19 00:00:00+09:00,624.2278190104166,632.663330078125,620.0100634765626,632.663330078125,27200,0.0,0.0
2001-03-20 00:00:00+09:00,632.663330078125,632.663330078125,632.663330078125,632.663330078125,0,0.0,0.0
2001-03-21 00:00:00+09:00,632.6632165605096,666.40525477707,624.2277070063694,662.1875,28600,0.0,0.0
2001-03-22 00:00:00+09:00,653.7519955325437,662.1875051523184,636.8809762929942,649.5342407226562,24400,0.0,0.0
2001-03-23 00:00:00+09:00,645.3165043000253,657.9697690902218,632.6632395098286,653.7520141601562,19600,0.0,0.0
2001-03-26 00:00:00+09:00,666.4054478236607,708.5830078125,666.4054478236607,708.5830078125,161200,0.0,0.0
2001-03-27 00:00:00+09:00,680.679207406393,697.5904920624523,680.679207406393,693.3626708984375,22200,2.0,0.0
2001-03-28 00:00:00+09:00,693.3626859688464,697.590507224754,684.9070434570312,684.9070434570312,25400,0.0,0.0
2001-03-29 00:00:00+09:00,697.5905431798986,824.4251873944256,680.6792572846283,782.14697265625,284200,0.0,0.0
2001-03-30 00:00:00+09:00,739.8686862884358,828.6529286430482,718.7295809659091,790.6025390625,512600,0.0,0.0
2001-04-02 00:00:00+09:00,803.2860142976334,879.3867945995145,794.8303720418689,870.93115234375,479200,0.0,0.0
2001-04-03 00:00:00+09:00,854.0201162662147,908.9818069170107,849.7922939084611,896.29833984375,819800,0.0,0.0
2001-04-04 00:00:00+09:00,883.614607186153,883.614607186153,841.3363963160022,858.2476806640625,277800,0.0,0.0
2001-04-05 00:00:00+09:00,879.3866443452381,913.2092075892857,879.3866443452381,887.84228515625,322600,0.0,0.0
2001-04-06 00:00:00+09:00,887.8424368552791,904.7537213668082,870.93115234375,870.93115234375,152200,0.0,0.0
2001-04-09 00:00:00+09:00,870.93115234375,887.8424368552791,862.4755100879854,870.93115234375,94600,0.0,0.0
2001-04-10 00:00:00+09:00,870.9311459798948,908.9815358528028,866.703324882905,892.0702514648438,166200,0.0,0.0
2001-04-11 00:00:00+09:00,896.2981262207031,904.7537689208984,870.9311981201172,879.3868408203125,84000,0.0,0.0
2001-04-12 00:00:00+09:00,870.9312289368872,870.9312289368872,858.2477644378064,862.4755859375,80200,0.0,0.0
2001-04-13 00:00:00+09:00,866.7032914595171,951.2597101384944,866.7032914595171,930.12060546875,443200,0.0,0.0
2001-04-16 00:00:00+09:00,993.5380172729492,1035.8162307739258,993.5380172729492,1014.6771240234375,886000,0.0,0.0
2001-04-17 00:00:00+09:00,1018.9053913522274,1018.9053913522274,976.627159345911,993.5384521484375,250400,0.0,0.0
2001-04-18 00:00:00+09:00,1010.4493026733398,1044.271873474121,997.7658386230469,1014.6771240234375,402400,0.0,0.0
2001-04-19 00:00:00+09:00,1006.2213889946372,1006.2213889946372,976.6266422595008,997.7657470703125,170200,0.0,0.0
2001-04-20 00:00:00+09:00,976.6263299239309,993.5376083641722,959.7150514836898,963.94287109375,150800,0.0,0.0
2001-04-23 00:00:00+09:00,972.3988037109375,985.0822663680367,951.2596992824389,972.3988037109375,115600,0.0,0.0
2001-04-24 00:00:00+09:00,989.3099708877693,1006.2212524414064,963.9430485573137,1006.2212524414062,131600,0.0,0.0
2001-04-25 00:00:00+09:00,1010.4492949795622,1014.6771162974683,997.7658310258439,1001.99365234375,103000,0.0,0.0
2001-04-26 00:00:00+09:00,1010.4492949795622,1014.6771162974683,997.7658310258439,1001.99365234375,103000,0.0,0.0
2001-04-27 00:00:00+09:00,1006.2216520390959,1006.2216520390959,972.3990754999667,989.3103637695312,63200,0.0,0.0
2001-04-30 00:00:00+09:00,989.3103637695312,989.3103637695312,989.3103637695312,989.3103637695312,0,0.0,0.0
2001-05-01 00:00:00+09:00,980.8547141335226,989.3103582208806,963.9434259588068,976.6268920898438,67200,0.0,0.0
2001-05-02 00:00:00+09:00,980.854445482337,985.0822663680367,963.9431619395381,972.3988037109375,80600,0.0,0.0
2001-05-03 00:00:00+09:00,972.3988037109375,972.3988037109375,972.3988037109375,972.3988037109375,0,0.0,0.0
2001-05-04 00:00:00+09:00,972.3988037109375,972.3988037109375,972.3988037109375,972.3988037109375,0,0.0,0.0
2001-05-07 00:00:00+09:00,968.1712537004274,968.1712537004274,930.1208550833801,942.8043212890625,600,0.0,0.0
2001-05-08 00:00:00+09:00,921.6650311137355,934.3484948446585,854.0198912154797,908.9815673828125,1500,0.0,0.0
2001-05-09 00:00:00+09:00,883.6148727704895,904.7539845592571,875.1592280549823,896.29833984375,580,0.0,0.0
2001-05-10 00:00:00+09:00,900.52587890625,917.4371630171654,887.8424158230633,900.52587890625,520,0.0,0.0
2001-05-11 00:00:00+09:00,887.842695128243,904.7539845592571,883.6148727704895,896.29833984375,220,0.0,0.0
2001-05-14 00:00:00+09:00,870.9312517863948,887.8425382288491,845.5643221227134,866.7034301757812,460,0.0,0.0
2001-05-15 00:00:00+09:00,845.5642927938433,866.7034001136893,828.6530069379664,849.7921142578125,50400,0.0,0.0
2001-05-16 00:00:00+09:00,862.475657094064,866.7034789425643,841.3365478515625,841.3365478515625,37200,0.0,0.0
2001-05-17 00:00:00+09:00,866.7034301757812,866.7034301757812,845.5643221227134,866.7034301757812,30200,0.0,0.0
2001-05-18 00:00:00+09:00,896.2981814500762,896.2981814500762,849.792143733327,866.7034301757812,42200,0.0,0.0
2001-05-21 00:00:00+09:00,849.7921142578125,866.7034001136893,845.5642927938433,849.7921142578125,18800,0.0,0.0
2001-05-22 00:00:00+09:00,854.0199357217817,866.7034001136893,849.7921142578125,849.7921142578125,29600,0.0,0.0
2001-05-23 00:00:00+09:00,858.247902747428,866.7035471094716,849.7922583853845,854.0200805664062,25800,0.0,0.0
2001-05-24 00:00:00+09:00,849.792143733327,887.8425382288491,845.5643221227134,866.7034301757812,43600,0.0,0.0
2001-05-25 00:00:00+09:00,858.247902747428,866.7035471094716,854.0200805664062,854.0200805664062,19400,0.0,0.0
2001-05-28 00:00:00+09:00,849.7922753906249,858.247919921875,845.564453125,845.564453125,19800,0.0,0.0
2001-05-29 00:00:00+09:00,841.3365810296474,845.5644030448718,815.9696489383012,824.42529296875,37600,0.0,0.0
2001-05-30 00:00:00+09:00,803.2861828926282,832.8809369991988,794.8305388621795,824.42529296875,55800,0.0,0.0
2001-05-31 00:00:00+09:00,820.1973967375579,832.8808616355614,799.0582885742188,799.0582885742188,42400,0.0,0.0
2001-06-01 00:00:00+09:00,799.0581811915107,803.2860022560161,786.3747179979947,790.6025390625,31400,0.0,0.0
2001-06-04 00:00:00+09:00,790.6025390625,803.2860022560161,769.4634337399733,790.6025390625,20600,0.0,0.0
2001-06-05 00:00:00+09:00,790.6025390625,799.0581811915107,777.919075868984,790.6025390625,34000,0.0,0.0
2001-06-06 00:00:00+09:00,799.0582272018517,799.0582272018517,761.0078354303349,765.2356567382812,32800,0.0,0.0
2001-06-07 00:00:00+09:00,752.5521928144423,765.2356567382812,744.0965501985497,765.2356567382812,20800,0.0,0.0
2001-06-08 00:00:00+09:00,761.0078805391905,782.1469883319459,756.7800589806395,773.6913452148438,48800,0.0,0.0
2001-06-11 00:00:00+09:00,773.6914284747579,782.1470725018045,765.2357844477115,777.9192504882812,12200,0.0,0.0
2001-06-12 00:00:00+09:00,777.9192504882812,803.2861825694208,777.9192504882812,777.9192504882812,30000,0.0,0.0
2001-06-13 00:00:00+09:00,773.6913297086148,794.8304370777026,769.4635082347972,782.14697265625,5400,0.0,0.0
2001-06-14 00:00:00+09:00,803.2861490452543,803.2861490452543,782.147039859853,794.8305053710938,16800,0.0,0.0
2001-06-15 00:00:00+09:00,803.2861825694208,803.2861825694208,777.9192504882812,777.9192504882812,14200,0.0,0.0
2001-06-18 00:00:00+09:00,794.8305385423743,794.8305385423743,769.4636064612347,777.9192504882812,16200,0.0,0.0
2001-06-19 00:00:00+09:00,777.9191667733947,786.3748098904969,773.6913452148438,773.6913452148438,14800,0.0,0.0
2001-06-20 00:00:00+09:00,777.9192220052083,782.1470438639324,761.0079345703125,761.0079345703125,17400,0.0,0.0
2001-06-21 00:00:00+09:00,769.4635949295558,769.4635949295558,748.3244851787439,752.5523071289062,15800,0.0,0.0
2001-06-22 00:00:00+09:00,756.7801404206649,777.9192504882812,752.5523184071416,777.9192504882812,22400,0.0,0.0
2001-06-25 00:00:00+09:00,782.1469345913139,786.374755859375,761.007828251008,786.374755859375,17400,0.0,0.0
2001-06-26 00:00:00+09:00,769.4635003340871,803.2860717773438,765.2356789036801,803.2860717773438,25400,0.0,0.0
2001-06-27 00:00:00+09:00,815.9696824638007,815.9696824638007,803.2862158970058,807.5140380859375,29000,0.0,0.0
2001-06-28 00:00:00+09:00,803.2860717773438,811.7417146381579,786.3747860557154,803.2860717773438,17600,0.0,0.0
2001-06-29 00:00:00+09:00,815.969697265625,845.564453125,811.7418749999999,845.564453125,44000,0.0,0.0
2001-07-02 00:00:00+09:00,837.1087134168556,841.3365352017892,811.741782707254,815.9696044921875,25200,0.0,0.0
2001-07-03 00:00:00+09:00,837.1085205078125,841.336341318458,828.6528788865215,837.1085205078125,27000,0.0,0.0
2001-07-04 00:00:00+09:00,841.3364646510073,841.3364646510073,803.2860717773438,803.2860717773438,17400,0.0,0.0
2001-07-05 00:00:00+09:00,799.0583937080743,811.741860274869,799.0583937080743,807.5140380859375,13000,0.0,0.0
2001-07-06 00:00:00+09:00,803.2861490452543,811.7417927194149,794.8305053710938,794.8305053710938,28600,0.0,0.0
2001-07-09 00:00:00+09:00,777.9192180227726,799.0583272081741,756.7801088373712,794.8305053710938,25200,0.0,0.0
2001-07-10 00:00:00+09:00,820.1973344057345,832.8807983398438,794.830406537516,832.8807983398438,36800,0.0,0.0
2001-07-11 00:00:00+09:00,811.7417146381579,820.197357498972,799.0582503469367,803.2860717773438,21200,0.0,0.0
2001-07-12 00:00:00+09:00,807.5138027545103,820.197265625,799.0581608408505,820.197265625,19000,0.0,0.0
2001-07-13 00:00:00+09:00,824.4250865818299,828.6529075386597,803.2859817976804,820.197265625,13000,0.0,0.0
2001-07-16 00:00:00+09:00,811.7417146381579,815.9695360685649,790.6026074861225,803.2860717773438,11200,0.0,0.0
2001-07-17 00:00:00+09:00,803.2861391373867,815.9696044921875,799.0583173524531,815.9696044921875,31200,0.0,0.0
2001-07-18 00:00:00+09:00,824.4252183702257,824.4252183702257,799.0582885742188,799.0582885742188,23000,0.0,0.0
2001-07-19 00:00:00+09:00,811.7416381835938,811.7416381835938,786.3747119903564,811.7416381835938,30800,0.0,0.0
2001-07-20 00:00:00+09:00,811.7416381835938,811.7416381835938,811.7416381835938,811.7416381835938,0,0.0,0.0
2001-07-23 00:00:00+09:00,803.2860961247012,807.5139176832522,748.3244158635374,773.6913452148438,19800,0.0,0.0
2001-07-24 00:00:00+09:00,769.4635949295558,769.4635949295558,748.3244851787439,752.5523071289062,34600,0.0,0.0
2001-07-25 00:00:00+09:00,752.5523346282624,790.6027335701408,748.3245125236092,769.463623046875,20400,0.0,0.0
2001-07-26 00:00:00+09:00,769.4634707871304,786.374755859375,765.2356495190693,786.374755859375,11200,0.0,0.0
2001-07-27 00:00:00+09:00,782.1469646253083,811.7417146381579,782.1469646253083,803.2860717773438,15600,0.0,0.0
2001-07-30 00:00:00+09:00,807.5138698177443,807.5138698177443,761.0078354303349,765.2356567382812,15200,0.0,0.0
2001-07-31 00:00:00+09:00,761.0079306744515,799.0583272081741,756.7801088373712,794.8305053710938,34600,0.0,0.0
2001-08-01 00:00:00+09:00,803.2861828926282,824.42529296875,786.3748948317308,824.42529296875,31200,0.0,0.0
2001-08-02 00:00:00+09:00,803.2859540226484,837.1085205078125,803.2859540226484,837.1085205078125,22200,0.0,0.0
2001-08-03 00:00:00+09:00,820.1974709535257,828.6531149839743,811.7418269230769,824.42529296875,17800,0.0,0.0
2001-08-06 00:00:00+09:00,837.1086498659048,849.7921142578125,837.1086498659048,849.7921142578125,32000,0.0,0.0
2001-08-07 00:00:00+09:00,845.5642255764562,883.6146157273968,845.5642255764562,870.93115234375,60800,0.0,0.0
2001-08-08 00:00:00+09:00,862.4757421874999,866.703564453125,841.336630859375,845.564453125,21200,0.0,0.0
2001-08-09 00:00:00+09:00,824.4250865818299,837.1085494523196,820.197265625,820.197265625,12400,0.0,0.0
2001-08-10 00:00:00+09:00,811.7416237113403,824.4250865818299,811.7416237113403,820.197265625,9800,0.0,0.0
2001-08-13 00:00:00+09:00,824.4251012802124,824.4251012802124,790.6025330225627,811.7416381835938,11000,0.0,0.0
2001-08-14 00:00:00+09:00,815.9694164545849,837.1085205078125,803.2859540226484,837.1085205078125,9200,0.0,0.0
2001-08-15 00:00:00+09:00,824.4251557171043,837.1086196512135,811.741691782995,832.8807983398438,12800,0.0,0.0
2001-08-16 00:00:00+09:00,811.7418269230769,828.6531149839743,807.5140049078526,824.42529296875,6200,0.0,0.0
2001-08-17 00:00:00+09:00,828.6529075386597,832.8807284954897,811.7416237113403,820.197265625,20800,0.0,0.0
2001-08-20 00:00:00+09:00,815.96957510489,815.96957510489,799.0582885742188,799.0582885742188,14200,0.0,0.0
2001-08-21 00:00:00+09:00,794.8303540547689,811.7416381835938,790.6025330225627,811.7416381835938,23000,0.0,0.0
2001-08-22 00:00:00+09:00,799.0583272081741,811.7417927194149,794.8305053710938,794.8305053710938,17800,0.0,0.0
2001-08-23 00:00:00+09:00,811.741683467742,811.741683467742,786.374755859375,786.374755859375,24400,0.0,0.0
2001-08-24 00:00:00+09:00,807.5139708823347,811.7417927194149,790.6026835340135,794.8305053710938,12200,0.0,0.0
2001-08-27 00:00:00+09:00,803.2861102068866,803.2861102068866,794.830466941551,799.0582885742188,4200,0.0,0.0
2001-08-28 00:00:00+09:00,748.324371506496,769.4634780462275,744.0965501985497,765.2356567382812,56200,0.0,0.0
2001-08-29 00:00:00+09:00,756.7801290790686,761.0079510292311,748.3244851787439,752.5523071289062,16600,0.0,0.0
2001-08-30 00:00:00+09:00,748.3244403492321,748.3244403492321,739.8687969554554,744.0966186523438,23400,0.0,0.0
2001-08-31 00:00:00+09:00,727.1852486433384,731.413069856381,706.046142578125,706.046142578125,30200,0.0,0.0
2001-09-03 00:00:00+09:00,710.2738732446599,718.7295145928106,667.9956665039062,667.9956665039062,25400,0.0,0.0
2001-09-04 00:00:00+09:00,663.768141094007,667.9959636487459,634.1733832108347,642.6290283203125,38600,0.0,0.0
2001-09-05 00:00:00+09:00,659.5402388139204,667.9958829012784,642.6289506392045,651.0845947265625,76600,0.0,0.0
2001-09-06 00:00:00+09:00,642.6288996958892,655.312364821466,629.9454345703125,629.9454345703125,21200,0.0,0.0
2001-09-07 00:00:00+09:00,634.1730999124461,634.1730999124461,600.3505345837823,613.0339965820312,34200,0.0,0.0
2001-09-10 00:00:00+09:00,591.8949890136719,591.8949890136719,570.7558822631836,574.9837036132812,23600,0.0,0.0
2001-09-11 00:00:00+09:00,579.2113647460938,587.6670051073506,570.7557243848369,579.2113647460938,25400,0.0,0.0
2001-09-12 00:00:00+09:00,553.844596862793,553.844596862793,507.33856201171875,507.33856201171875,52600,0.0,0.0
2001-09-13 00:00:00+09:00,545.3889541625977,553.844596862793,532.7054901123047,541.1611328125,35800,0.0,0.0
2001-09-14 00:00:00+09:00,541.1612056902985,579.2116029653977,541.1612056902985,566.5281372070312,37400,0.0,0.0
2001-09-17 00:00:00+09:00,579.2116375262921,579.2116375262921,549.6168823242188,549.6168823242188,41800,0.0,0.0
2001-09-18 00:00:00+09:00,558.0723958333333,574.9836805555556,549.6167534722222,570.755859375,35600,0.0,0.0
2001-09-19 00:00:00+09:00,566.5281485421317,596.122902570452,566.5281485421317,591.8950805664062,32000,0.0,0.0
2001-09-20 00:00:00+09:00,558.0723958333333,570.755859375,549.6167534722222,570.755859375,22000,0.0,0.0
2001-09-21 00:00:00+09:00,549.6167534722222,570.755859375,541.161111111111,570.755859375,27600,0.0,0.0
2001-09-24 00:00:00+09:00,570.755859375,570.755859375,570.755859375,570.755859375,0,0.0,0.0
2001-09-25 00:00:00+09:00,571.6026852735832,592.7731550985308,541.9640275186567,567.3685913085938,26200,1.0,0.0
2001-09-26 00:00:00+09:00,567.3684926427396,567.3684926427396,541.9639332706766,563.1343994140625,17800,0.0,0.0
2001-09-27 00:00:00+09:00,541.9641544117646,575.8369140625,541.9641544117646,575.8369140625,17400,0.0,0.0
2001-09-28 00:00:00+09:00,575.8369140625,575.8369140625,575.8369140625,575.8369140625,0,0.0,0.0
2001-10-01 00:00:00+09:00,588.5391352227393,605.4755132147607,571.6027572307181,597.00732421875,24000,0.0,0.0
2001-10-02 00:00:00+09:00,588.5390406115301,613.943603515625,588.5390406115301,613.943603515625,26800,0.0,0.0
2001-10-03 00:00:00+09:00,605.4754285747503,630.879992011453,592.7731468563989,622.4118041992188,43200,0.0,0.0
2001-10-04 00:00:00+09:00,635.1140859175702,639.3481798236874,601.2413346686332,622.4118041992188,23000,0.0,0.0
2001-10-05 00:00:00+09:00,613.9436521730223,622.4118404788571,605.4754638671875,605.4754638671875,26800,0.0,0.0
2001-10-08 00:00:00+09:00,605.4754638671875,605.4754638671875,605.4754638671875,605.4754638671875,0,0.0,0.0
2001-10-09 00:00:00+09:00,609.709607712766,609.709607712766,588.5391352227393,597.00732421875,14800,0.0,0.0
2001-10-10 00:00:00+09:00,597.0072127632473,597.0072127632473,575.8367442255435,584.304931640625,13000,0.0,0.0
2001-10-11 00:00:00+09:00,588.5392456054688,588.5392456054688,571.6028644369661,588.5392456054688,39600,0.0,0.0
2001-10-12 00:00:00+09:00,597.0071179027289,605.4753039722711,571.6025596941022,601.2412109375,20400,0.0,0.0
2001-10-15 00:00:00+09:00,580.0708732035622,592.7731550985308,563.1344973436043,567.3685913085938,17000,0.0,0.0
2001-10-16 00:00:00+09:00,563.1344973436043,567.3685913085938,554.6663094136252,567.3685913085938,32800,0.0,0.0
2001-10-17 00:00:00+09:00,571.6026852735832,575.8367792385727,558.9004033786147,567.3685913085938,38600,0.0,0.0
2001-10-18 00:00:00+09:00,558.9005737304688,558.9005737304688,550.432383219401,558.9005737304688,18600,0.0,0.0
2001-10-19 00:00:00+09:00,546.1982879638672,558.9005737304688,541.9641927083333,558.9005737304688,21000,0.0,0.0
2001-10-22 00:00:00+09:00,563.1346689860026,563.1346689860026,546.1982879638672,558.9005737304688,5800,0.0,0.0
2001-10-23 00:00:00+09:00,563.1343736245599,601.2412109375,563.1343736245599,601.2412109375,31000,0.0,0.0
2001-10-24 00:00:00+09:00,588.5392456054688,592.7733408975945,571.6028644369661,588.5392456054688,20200,0.0,0.0
2001-10-25 00:00:00+09:00,588.5390991210937,592.773193359375,567.3686279296875,592.773193359375,19000,0.0,0.0
2001-10-26 00:00:00+09:00,592.7732938878677,592.7732938878677,575.8369140625,575.8369140625,13000,0.0,0.0
2001-10-29 00:00:00+09:00,575.8369140625,588.5391989315257,571.6028191061581,575.8369140625,20000,0.0,0.0
2001-10-30 00:00:00+09:00,571.6026852735832,571.6026852735832,558.9004033786147,567.3685913085938,12200,0.0,0.0
2001-10-31 00:00:00+09:00,554.6663094136252,571.6026852735832,554.6663094136252,567.3685913085938,12000,0.0,0.0
2001-11-01 00:00:00+09:00,571.6025320199819,571.6025320199819,541.9638822115385,550.4320678710938,19000,0.0,0.0
2001-11-02 00:00:00+09:00,550.4322385787964,563.1345210075378,541.9640502929688,541.9640502929688,19800,0.0,0.0
2001-11-05 00:00:00+09:00,546.1979750413161,558.900253530649,546.1979750413161,550.4320678710938,14200,0.0,0.0
2001-11-06 00:00:00+09:00,563.1343463604267,567.3684391902043,550.4320678710938,550.4320678710938,22000,0.0,0.0
2001-11-07 00:00:00+09:00,550.432383219401,558.9005737304688,550.432383219401,558.9005737304688,13600,0.0,0.0
2001-11-08 00:00:00+09:00,554.6664784749348,558.9005737304688,550.432383219401,558.9005737304688,6400,0.0,0.0
2001-11-09 00:00:00+09:00,558.9005737304688,558.9005737304688,558.9005737304688,558.9005737304688,0,0.0,0.0
2001-11-12 00:00:00+09:00,546.1981691375493,550.4322634719488,537.72998046875,537.72998046875,7800,0.0,0.0
2001-11-13 00:00:00+09:00,541.9639136904761,541.9639136904761,529.2616344633557,533.4957275390625,16200,0.0,0.0
2001-11-14 00:00:00+09:00,533.4955943714489,541.963778409091,512.3251342773438,512.3251342773438,14400,0.0,0.0
2001-11-15 00:00:00+09:00,512.3252324030949,550.4320678710938,508.0911395733173,550.4320678710938,19600,0.0,0.0
2001-11-16 00:00:00+09:00,550.4322385787964,550.4322385787964,533.4958620071411,541.9640502929688,19400,0.0,0.0
2001-11-19 00:00:00+09:00,541.9640748031496,541.9640748031496,533.4958861343504,537.72998046875,23600,0.0,0.0
2001-11-20 00:00:00+09:00,546.1981691375493,550.4322634719488,537.72998046875,537.72998046875,17200,0.0,0.0
2001-11-21 00:00:00+09:00,533.4958861343504,541.9640748031496,529.2617917999507,537.72998046875,12400,0.0,0.0
2001-11-22 00:00:00+09:00,516.5594854354858,541.9640502929688,516.5594854354858,541.9640502929688,17600,0.0,0.0
2001-11-23 00:00:00+09:00,541.9640502929688,541.9640502929688,541.9640502929688,541.9640502929688,0,0.0,0.0
2001-11-26 00:00:00+09:00,541.9640502929688,541.9640502929688,525.0276737213135,541.9640502929688,14200,0.0,0.0
2001-11-27 00:00:00+09:00,546.1980725936307,554.666259765625,541.9639790076336,554.666259765625,14600,0.0,0.0
2001-11-28 00:00:00+09:00,541.9639374999999,546.1980307617188,529.2616577148438,529.2616577148438,12400,0.0,0.0
2001-11-29 00:00:00+09:00,529.2617428687311,533.4958368116809,525.0276489257812,525.0276489257812,6800,0.0,0.0
2001-11-30 00:00:00+09:00,525.0276359182889,525.0276359182889,512.3253544041368,516.5594482421875,7600,0.0,0.0
2001-12-03 00:00:00+09:00,520.7935420802382,525.0276359182889,512.3253544041368,516.5594482421875,12800,0.0,0.0
2001-12-04 00:00:00+09:00,516.5594482421875,516.5594482421875,508.091260566086,516.5594482421875,19400,0.0,0.0
2001-12-05 00:00:00+09:00,512.325450866203,520.7936401367188,512.325450866203,520.7936401367188,13800,0.0,0.0
2001-12-06 00:00:00+09:00,525.0275413876487,537.7298206147693,525.0275413876487,533.4957275390625,23000,0.0,0.0
2001-12-07 00:00:00+09:00,537.7299561500549,550.4322385787964,529.2617678642273,541.9640502929688,45200,0.0,0.0
2001-12-10 00:00:00+09:00,550.4322634719488,550.4322634719488,533.4958861343504,537.72998046875,11600,0.0,0.0
2001-12-11 00:00:00+09:00,529.2618294072345,533.4959240424924,516.5595455014609,520.7936401367188,10800,0.0,0.0
2001-12-12 00:00:00+09:00,529.2618294072345,529.2618294072345,516.5595455014609,520.7936401367188,14600,0.0,0.0
2001-12-13 00:00:00+09:00,529.2616577148438,529.2616577148438,525.027564453125,529.2616577148438,6400,0.0,0.0
2001-12-14 00:00:00+09:00,508.0914150140224,512.3255101391393,491.155034513555,495.3891296386719,51000,0.0,0.0
2001-12-17 00:00:00+09:00,482.6867561696846,486.9208505220503,453.048095703125,453.048095703125,50000,0.0,0.0
2001-12-18 00:00:00+09:00,410.7071411132813,444.57989501953125,372.60029296875,381.0684814453125,80400,0.0,0.0
2001-12-19 00:00:00+09:00,385.3025139702691,427.6434495713976,385.3025139702691,419.1752624511719,56600,0.0,0.0
2001-12-20 00:00:00+09:00,423.40933663504467,444.5798034667969,393.77068307059153,444.5798034667969,27600,0.0,0.0
2001-12-21 00:00:00+09:00,444.5799069983937,453.048095703125,431.87762394129675,453.048095703125,15600,0.0,0.0
2001-12-24 00:00:00+09:00,453.048095703125,453.048095703125,453.048095703125,453.048095703125,0,0.0,0.0
2001-12-25 00:00:00+09:00,453.0481074621918,461.51629638671875,440.34582407540137,461.51629638671875,11000,0.0,0.0
2001-12-26 00:00:00+09:00,457.2822150464328,461.5163096301961,444.579931295143,448.81402587890625,9400,0.0,0.0
2001-12-27 00:00:00+09:00,444.5799185376648,461.51629638671875,427.6435406886109,461.51629638671875,15200,0.0,0.0
2001-12-28 00:00:00+09:00,453.04811879750844,469.9844970703125,453.04811879750844,469.9844970703125,9600,0.0,0.0
2001-12-31 00:00:00+09:00,469.9844970703125,469.9844970703125,469.9844970703125,469.9844970703125,0,0.0,0.0
2002-01-01 00:00:00+09:00,469.9844970703125,469.9844970703125,469.9844970703125,469.9844970703125,0,0.0,0.0
2002-01-02 00:00:00+09:00,469.9844970703125,469.9844970703125,469.9844970703125,469.9844970703125,0,0.0,0.0
2002-01-03 00:00:00+09:00,469.9844970703125,469.9844970703125,469.9844970703125,469.9844970703125,0,0.0,0.0
2002-01-04 00:00:00+09:00,474.2186279296875,478.45272282191684,474.2186279296875,474.2186279296875,4400,0.0,0.0
2002-01-07 00:00:00+09:00,482.68668917951913,491.1548767089844,478.4525954147865,491.1548767089844,14200,0.0,0.0
2002-01-08 00:00:00+09:00,491.1548767089844,495.388970473717,491.1548767089844,491.1548767089844,16600,0.0,0.0
2002-01-09 00:00:00+09:00,491.15496991131755,491.15496991131755,465.75040250211146,469.9844970703125,27200,0.0,0.0
2002-01-10 00:00:00+09:00,465.75037876022196,478.4526618173189,453.048095703125,453.048095703125,12000,0.0,0.0
2002-01-11 00:00:00+09:00,453.04814001230096,453.04814001230096,440.3458557128906,440.3458557128906,23000,0.0,0.0
2002-01-14 00:00:00+09:00,440.3458557128906,440.3458557128906,440.3458557128906,440.3458557128906,0,0.0,0.0
2002-01-15 00:00:00+09:00,419.1753900146484,436.11176940917966,419.1753900146484,423.40948486328125,15600,0.0,0.0
2002-01-16 00:00:00+09:00,423.4093527192051,436.11163330078125,419.1752591920131,436.11163330078125,24400,0.0,0.0
2002-01-17 00:00:00+09:00,436.11168164545944,436.11168164545944,423.4093996557859,427.64349365234375,37400,0.0,0.0
2002-01-18 00:00:00+09:00,423.40946903935185,457.2822265625,423.40946903935185,457.2822265625,15400,0.0,0.0
2002-01-21 00:00:00+09:00,448.8140013507594,453.048095703125,427.6435295889311,453.048095703125,22200,0.0,0.0
2002-01-22 00:00:00+09:00,461.5161944639336,461.5161944639336,436.11163330078125,436.11163330078125,24200,0.0,0.0
2002-01-23 00:00:00+09:00,427.64340928021596,444.579781924977,427.64340928021596,431.87750244140625,20600,0.0,0.0
2002-01-24 00:00:00+09:00,431.87766617995044,440.3458557128906,431.87766617995044,440.3458557128906,18400,0.0,0.0
2002-01-25 00:00:00+09:00,431.87750244140625,444.579781924977,431.87750244140625,431.87750244140625,17600,0.0,0.0
2002-01-28 00:00:00+09:00,431.8774910985896,478.45251464843744,427.6433980486034,478.4525146484375,77800,0.0,0.0
2002-01-29 00:00:00+09:00,495.388970473717,529.261720591578,486.92078294425175,491.1548767089844,216600,0.0,0.0
2002-01-30 00:00:00+09:00,478.4525954147865,491.1548767089844,469.9844078853212,491.1548767089844,48000,0.0,0.0
2002-01-31 00:00:00+09:00,491.1548767089844,491.1548767089844,491.1548767089844,491.1548767089844,0,0.0,0.0
2002-02-01 00:00:00+09:00,474.2186279296875,491.1550074986049,465.75043814522877,474.2186279296875,30400,0.0,0.0
2002-02-04 00:00:00+09:00,474.2185916385135,478.45268620671453,457.2822133657094,469.9844970703125,25600,0.0,0.0
2002-02-05 00:00:00+09:00,461.51628440785635,465.75037876022196,453.048095703125,453.048095703125,30800,0.0,0.0
2002-02-06 00:00:00+09:00,436.1117421276165,448.81402587890625,436.1117421276165,448.81402587890625,21400,0.0,0.0
2002-02-07 00:00:00+09:00,436.1117182936624,453.048095703125,436.1117182936624,453.048095703125,21600,0.0,0.0
2002-02-08 00:00:00+09:00,444.57994249131946,474.2186053240741,440.3458478009259,457.2822265625,43000,0.0,0.0
2002-02-11 00:00:00+09:00,457.2822265625,457.2822265625,457.2822265625,457.2822265625,0,0.0,0.0
2002-02-12 00:00:00+09:00,474.21845874451753,482.6866455078125,465.75027198122257,482.6866455078125,19400,0.0,0.0
2002-02-13 00:00:00+09:00,482.68668917951913,491.1548767089844,482.68668917951913,491.1548767089844,25000,0.0,0.0
2002-02-14 00:00:00+09:00,478.45251464843744,486.92070074840984,474.2184215984513,478.4525146484375,39600,0.0,0.0
2002-02-15 00:00:00+09:00,469.9844853112457,474.21857977350913,448.8140129999283,461.51629638671875,36600,0.0,0.0
2002-02-18 00:00:00+09:00,469.98436536287005,482.6866455078125,465.75027198122257,482.6866455078125,12200,0.0,0.0
2002-02-19 00:00:00+09:00,482.6868177141462,482.6868177141462,461.51634325299943,474.2186279296875,10800,0.0,0.0
2002-02-20 00:00:00+09:00,469.9844296542081,469.9844296542081,461.51624173251065,465.7503356933594,11000,0.0,0.0
2002-02-21 00:00:00+09:00,465.7502195214023,503.8570556640625,465.7502195214023,503.8570556640625,45400,0.0,0.0
2002-02-22 00:00:00+09:00,503.8574482546014,503.8574482546014,482.68696723550056,499.62335205078125,41600,0.0,0.0
2002-02-25 00:00:00+09:00,491.1551596431409,503.8574482546014,486.92106343932073,499.62335205078125,17600,0.0,0.0
2002-02-26 00:00:00+09:00,499.6230728899846,520.7935420802382,491.1548852138832,516.5594482421875,73600,0.0,0.0
2002-02-27 00:00:00+09:00,495.3889790519339,516.5594482421875,495.3889790519339,516.5594482421875,82800,0.0,0.0
2002-02-28 00:00:00+09:00,525.0274103338069,525.0274103338069,503.85695023970175,512.3251342773438,61000,0.0,0.0
2002-03-01 00:00:00+09:00,508.09127315398183,525.0276489257812,503.85717921103196,525.0276489257812,56000,0.0,0.0
2002-03-04 00:00:00+09:00,537.72998046875,537.72998046875,512.3254144623523,537.72998046875,94600,0.0,0.0
2002-03-05 00:00:00+09:00,533.4957509765625,533.4957509765625,520.7934711914062,529.2616577148438,50200,0.0,0.0
2002-03-06 00:00:00+09:00,512.3251342773438,525.0274103338069,508.09104225852275,512.3251342773438,33800,0.0,0.0
2002-03-07 00:00:00+09:00,520.7935420802382,520.7935420802382,503.85716672803534,516.5594482421875,37400,0.0,0.0
2002-03-08 00:00:00+09:00,516.5594610398815,525.0276489257812,508.09127315398183,525.0276489257812,83600,0.0,0.0
2002-03-11 00:00:00+09:00,512.325450866203,525.0277347719766,512.325450866203,520.7936401367188,35000,0.0,0.0
2002-03-12 00:00:00+09:00,516.5593343782825,516.5593343782825,503.8570556640625,503.8570556640625,24600,0.0,0.0
2002-03-13 00:00:00+09:00,503.8573198889056,512.3255101391393,491.155034513555,495.3891296386719,48600,0.0,0.0
2002-03-14 00:00:00+09:00,499.6232247637887,499.6232247637887,486.92093938843817,495.3891296386719,31600,0.0,0.0
2002-03-15 00:00:00+09:00,486.9206840451024,503.8570556640625,486.9206840451024,503.8570556640625,36000,0.0,0.0
2002-03-18 00:00:00+09:00,525.0277170817058,525.0277170817058,508.0913391113282,508.0913391113281,36600,0.0,0.0
2002-03-19 00:00:00+09:00,516.5593779296875,529.2616577148438,508.09119140625,529.2616577148438,39000,0.0,0.0
2002-03-20 00:00:00+09:00,520.7936031311516,537.72998046875,516.559508796752,537.72998046875,52200,0.0,0.0
2002-03-21 00:00:00+09:00,537.72998046875,537.72998046875,537.72998046875,537.72998046875,0,0.0,0.0
2002-03-22 00:00:00+09:00,533.4958368116809,533.4958368116809,516.5594610398815,525.0276489257812,35400,0.0,0.0
2002-03-25 00:00:00+09:00,516.5594482421875,520.7935420802382,512.3253544041368,516.5594482421875,40600,0.0,0.0
2002-03-26 00:00:00+09:00,508.0915444584216,512.3256406622418,499.62335205078125,499.62335205078125,6200,0.0,0.0
2002-03-27 00:00:00+09:00,499.6229627593225,503.8570556640625,491.15477694984247,503.8570556640625,13000,0.0,0.0
2002-03-28 00:00:00+09:00,503.8573198889056,503.8573198889056,491.155034513555,495.3891296386719,20800,0.0,0.0
2002-03-29 00:00:00+09:00,495.38899483058765,503.8571827764097,486.9208068847656,486.9208068847656,19600,0.0,0.0
2002-04-01 00:00:00+09:00,486.92070074840984,491.154793798396,474.2184215984513,478.4525146484375,19200,0.0,0.0
2002-04-02 00:00:00+09:00,478.452552126165,486.92073888946,478.452552126165,482.6866455078125,14400,0.0,0.0
2002-04-03 00:00:00+09:00,482.68668917951913,491.1548767089844,474.21850165005384,491.1548767089844,12400,0.0,0.0
2002-04-04 00:00:00+09:00,499.62315012613936,508.0913391113282,495.38905563354496,508.0913391113281,11600,0.0,0.0
2002-04-05 00:00:00+09:00,508.09127315398183,529.2617428687311,508.09127315398183,525.0276489257812,33000,0.0,0.0
2002-04-08 00:00:00+09:00,533.4958861343504,550.4322634719488,533.4958861343504,537.72998046875,53600,0.0,0.0
2002-04-09 00:00:00+09:00,546.197870427912,546.197870427912,508.09104225852275,512.3251342773438,33800,0.0,0.0
2002-04-10 00:00:00+09:00,520.7935549828314,525.0276489257812,508.09127315398183,525.0276489257812,14200,0.0,0.0
2002-04-11 00:00:00+09:00,525.0274103338069,525.0274103338069,512.3251342773438,512.3251342773438,7600,0.0,0.0
2002-04-12 00:00:00+09:00,512.3253544041368,520.7935420802382,508.091260566086,516.5594482421875,10000,0.0,0.0
2002-04-15 00:00:00+09:00,503.8572446187338,516.5595280965169,495.38905563354496,508.0913391113281,21000,0.0,0.0
2002-04-16 00:00:00+09:00,508.0913391113282,508.0913391113282,495.38905563354496,508.0913391113281,21200,0.0,0.0
2002-04-17 00:00:00+09:00,503.85695023970175,516.5592262961648,503.85695023970175,512.3251342773438,21200,0.0,0.0
2002-04-18 00:00:00+09:00,508.0913391113282,512.3254336039225,495.38905563354496,508.0913391113281,18600,0.0,0.0
2002-04-19 00:00:00+09:00,508.0915444584216,508.0915444584216,495.3892558469611,499.62335205078125,39600,0.0,0.0
2002-04-22 00:00:00+09:00,499.62308526808215,525.0276489257812,499.62308526808215,525.0276489257812,17600,0.0,0.0
2002-04-23 00:00:00+09:00,508.0911485688025,516.5593343782825,503.8570556640625,503.8570556640625,43800,0.0,0.0
2002-04-24 00:00:00+09:00,508.091260566086,529.2617297563396,503.85716672803534,516.5594482421875,23600,0.0,0.0
2002-04-25 00:00:00+09:00,525.0274103338069,525.0274103338069,508.09104225852275,512.3251342773438,8200,0.0,0.0
2002-04-26 00:00:00+09:00,508.0914150140224,516.5596052642561,495.3891296386719,495.3891296386719,36800,0.0,0.0
2002-04-29 00:00:00+09:00,495.3891296386719,495.3891296386719,495.3891296386719,495.3891296386719,0,0.0,0.0
2002-04-30 00:00:00+09:00,499.6232247637887,508.0914150140224,495.3891296386719,495.3891296386719,21800,0.0,0.0
2002-05-01 00:00:00+09:00,503.8571827764097,508.0912767493207,486.9208068847656,486.9208068847656,35600,0.0,0.0
2002-05-02 00:00:00+09:00,486.92073888946,491.15483227110747,482.6866455078125,482.6866455078125,28400,0.0,0.0
2002-05-03 00:00:00+09:00,482.6866455078125,482.6866455078125,482.6866455078125,482.6866455078125,0,0.0,0.0
2002-05-06 00:00:00+09:00,482.6866455078125,482.6866455078125,482.6866455078125,482.6866455078125,0,0.0,0.0
2002-05-07 00:00:00+09:00,491.1548767089844,499.6230642384496,482.68668917951913,491.1548767089844,28800,0.0,0.0
2002-05-08 00:00:00+09:00,482.6866455078125,491.15483227110747,482.6866455078125,482.6866455078125,11600,0.0,0.0
2002-05-09 00:00:00+09:00,491.15483227110747,499.6230190344024,482.6866455078125,482.6866455078125,10400,0.0,0.0
2002-05-10 00:00:00+09:00,486.9208068847656,491.15490085767664,482.6867129118546,486.9208068847656,14800,0.0,0.0
2002-05-13 00:00:00+09:00,482.68668917951913,495.388970473717,482.68668917951913,491.1548767089844,22800,0.0,0.0
2002-05-14 00:00:00+09:00,491.15483227110747,495.3889256527549,482.6866455078125,482.6866455078125,12000,0.0,0.0
2002-05-15 00:00:00+09:00,491.15483227110747,491.15483227110747,482.6866455078125,482.6866455078125,12600,0.0,0.0
2002-05-16 00:00:00+09:00,482.6868442633213,495.3891296386719,482.6868442633213,495.3891296386719,17000,0.0,0.0
2002-05-17 00:00:00+09:00,499.62308880349866,503.8571827764097,482.6867129118546,486.9208068847656,44400,0.0,0.0
2002-05-20 00:00:00+09:00,486.92078294425175,495.388970473717,486.92078294425175,491.1548767089844,35800,0.0,0.0
2002-05-21 00:00:00+09:00,499.62335205078125,508.0915444584216,499.62335205078125,499.62335205078125,17800,0.0,0.0
2002-05-22 00:00:00+09:00,503.85717921103196,529.2617428687311,503.85717921103196,525.0276489257812,36400,0.0,0.0
2002-05-23 00:00:00+09:00,529.2617428687311,537.7299307546308,525.0276489257812,525.0276489257812,23800,0.0,0.0
2002-05-24 00:00:00+09:00,525.0276489257812,533.4958368116809,503.85717921103196,525.0276489257812,30600,0.0,0.0
2002-05-27 00:00:00+09:00,529.2617297563396,529.2617297563396,512.3253544041368,516.5594482421875,16800,0.0,0.0
2002-05-28 00:00:00+09:00,525.0277347719766,525.0277347719766,516.5595455014609,520.7936401367188,25400,0.0,0.0
2002-05-29 00:00:00+09:00,525.0276359182889,525.0276359182889,512.3253544041368,516.5594482421875,16200,0.0,0.0
2002-05-30 00:00:00+09:00,516.5595280965169,520.7936225891114,508.0913391113282,508.0913391113281,18800,0.0,0.0
2002-05-31 00:00:00+09:00,512.3256406622418,520.7938330698821,499.62335205078125,499.62335205078125,19000,0.0,0.0
2002-06-03 00:00:00+09:00,516.5592262961648,516.5592262961648,508.09104225852275,512.3251342773438,10600,0.0,0.0
2002-06-04 00:00:00+09:00,508.0913391113282,516.5595280965169,503.8572446187338,508.0913391113281,16400,0.0,0.0
2002-06-05 00:00:00+09:00,525.0277170817058,529.2618115743002,508.0913391113282,508.0913391113281,40800,0.0,0.0
2002-06-06 00:00:00+09:00,520.7936225891114,520.7936225891114,508.0913391113282,508.0913391113281,23200,0.0,0.0
2002-06-07 00:00:00+09:00,512.3252414735425,516.5593343782825,503.8570556640625,503.8570556640625,17400,0.0,0.0
2002-06-10 00:00:00+09:00,499.62335205078125,508.0915444584216,499.62335205078125,499.62335205078125,22000,0.0,0.0
2002-06-11 00:00:00+09:00,508.0913391113282,512.3254336039225,499.62315012613936,508.0913391113281,12000,0.0,0.0
2002-06-12 00:00:00+09:00,508.0913391113282,508.0913391113282,499.62315012613936,508.0913391113281,18600,0.0,0.0
2002-06-13 00:00:00+09:00,516.5596052642561,516.5596052642561,491.155034513555,495.3891296386719,18400,0.0,0.0
2002-06-14 00:00:00+09:00,508.0912767493207,508.0912767493207,486.9208068847656,486.9208068847656,87000,0.0,0.0
2002-06-17 00:00:00+09:00,499.62313357914724,499.62313357914724,436.1117182936624,453.048095703125,55000,0.0,0.0
2002-06-18 00:00:00+09:00,457.2822265625,469.98451063368054,453.04813187210647,457.2822265625,20600,0.0,0.0
2002-06-19 00:00:00+09:00,465.75040250211146,469.9844970703125,457.2822133657094,469.9844970703125,29000,0.0,0.0
2002-06-20 00:00:00+09:00,457.2822133657094,469.9844970703125,453.04811879750844,469.9844970703125,30000,0.0,0.0
2002-06-21 00:00:00+09:00,469.9844296542081,474.2185236150568,461.51624173251065,465.7503356933594,26200,0.0,0.0
2002-06-24 00:00:00+09:00,465.7504637628539,503.8573198889056,461.516368637737,495.3891296386719,70600,0.0,0.0
2002-06-25 00:00:00+09:00,499.62315012613936,520.7936225891114,499.62315012613936,508.0913391113281,50800,0.0,0.0
2002-06-26 00:00:00+09:00,512.3252414735425,512.3252414735425,499.6229627593225,503.8570556640625,32200,0.0,0.0
2002-06-27 00:00:00+09:00,495.3892558469611,508.0915444584216,491.1551596431409,499.62335205078125,39800,0.0,0.0
2002-06-28 00:00:00+09:00,516.5592262961648,516.5592262961648,499.6228582208807,512.3251342773438,14400,0.0,0.0
2002-07-01 00:00:00+09:00,508.0911485688025,508.0911485688025,503.8570556640625,503.8570556640625,4000,0.0,0.0
2002-07-02 00:00:00+09:00,525.0274103338069,525.0274103338069,499.6228582208807,512.3251342773438,33800,0.0,0.0
2002-07-03 00:00:00+09:00,495.3887662020597,516.5592262961648,495.3887662020597,512.3251342773438,21200,0.0,0.0
2002-07-04 00:00:00+09:00,508.0913391113282,516.5595280965169,508.0913391113282,508.0913391113281,9600,0.0,0.0
2002-07-05 00:00:00+09:00,512.3252414735425,516.5593343782825,503.8570556640625,503.8570556640625,24200,0.0,0.0
2002-07-08 00:00:00+09:00,508.0913391113282,516.5595280965169,499.62315012613936,508.0913391113281,17200,0.0,0.0
2002-07-09 00:00:00+09:00,495.38905563354496,508.0913391113282,495.38905563354496,508.0913391113281,18400,0.0,0.0
2002-07-10 00:00:00+09:00,495.3891296386719,503.8573198889056,491.155034513555,495.3891296386719,26000,0.0,0.0
2002-07-11 00:00:00+09:00,486.92073888946,499.6230190344024,482.6866455078125,482.6866455078125,14800,0.0,0.0
2002-07-12 00:00:00+09:00,482.6868177141462,486.92091260637557,461.51634325299943,474.2186279296875,26600,0.0,0.0
2002-07-15 00:00:00+09:00,474.2185916385135,474.2185916385135,465.75040250211146,469.9844970703125,11400,0.0,0.0
2002-07-16 00:00:00+09:00,465.75037876022196,465.75037876022196,453.048095703125,453.048095703125,28400,0.0,0.0
2002-07-17 00:00:00+09:00,474.21859338148585,474.21859338148585,444.579931295143,448.81402587890625,28600,0.0,0.0
2002-07-18 00:00:00+09:00,453.04813187210647,465.750415943287,448.81403718171293,457.2822265625,13000,0.0,0.0
2002-07-19 00:00:00+09:00,457.2822265625,465.750415943287,457.2822265625,457.2822265625,8800,0.0,0.0
2002-07-22 00:00:00+09:00,457.2821900554907,465.75037876022196,448.8140013507594,453.048095703125,9800,0.0,0.0
2002-07-23 00:00:00+09:00,461.5163212528935,465.750415943287,453.04813187210647,457.2822265625,13200,0.0,0.0
2002-07-24 00:00:00+09:00,457.28213450947743,516.5594482421875,457.28213450947743,516.5594482421875,50200,0.0,0.0
2002-07-25 00:00:00+09:00,474.2185916385135,478.45268620671453,465.75040250211146,469.9844970703125,26200,0.0,0.0
2002-07-26 00:00:00+09:00,469.9844987977226,469.9844987977226,448.81402587890625,448.81402587890625,12600,0.0,0.0
2002-07-29 00:00:00+09:00,453.04814001230096,469.98451907818134,440.3458557128906,440.3458557128906,18400,0.0,0.0
2002-07-30 00:00:00+09:00,448.81389683314734,457.2820835658482,444.5798034667969,444.5798034667969,7400,0.0,0.0
2002-07-31 00:00:00+09:00,448.81389683314734,457.2820835658482,444.5798034667969,444.5798034667969,4400,0.0,0.0
2002-08-01 00:00:00+09:00,444.5799504793607,453.04814001230096,440.3458557128906,440.3458557128906,13400,0.0,0.0
2002-08-02 00:00:00+09:00,440.34571010044647,448.81389683314734,440.34571010044647,444.5798034667969,13800,0.0,0.0
2002-08-05 00:00:00+09:00,448.81402587890625,457.2822150464328,448.81402587890625,448.81402587890625,7400,0.0,0.0
2002-08-06 00:00:00+09:00,444.5799504793607,448.81404524583087,436.11176094642053,440.3458557128906,26600,0.0,0.0
2002-08-07 00:00:00+09:00,457.28210093674153,469.98438151831766,436.11163330078125,436.11163330078125,17800,0.0,0.0
2002-08-08 00:00:00+09:00,444.5798034667969,448.81389683314734,440.34571010044647,444.5798034667969,25200,0.0,0.0
2002-08-09 00:00:00+09:00,461.51630793391047,469.9844970703125,440.3458350929054,469.9844970703125,48000,0.0,0.0
2002-08-12 00:00:00+09:00,469.9844853112457,469.9844853112457,457.28220192445525,461.51629638671875,19800,0.0,0.0
2002-08-13 00:00:00+09:00,457.2822265625,465.750415943287,453.04813187210647,457.2822265625,17400,0.0,0.0
2002-08-14 00:00:00+09:00,444.579931295143,457.2822150464328,440.3458367113797,448.81402587890625,21800,0.0,0.0
2002-08-15 00:00:00+09:00,457.2822150464328,465.7504042139593,444.579931295143,448.81402587890625,29200,0.0,0.0
2002-08-16 00:00:00+09:00,482.6867807749155,486.92087534311656,465.75040250211146,469.9844970703125,40200,0.0,0.0
2002-08-19 00:00:00+09:00,469.9844853112457,469.9844853112457,448.8140129999283,461.51629638671875,19200,0.0,0.0
2002-08-20 00:00:00+09:00,461.51630793391047,469.9844970703125,444.5799296611064,469.9844970703125,27000,0.0,0.0
2002-08-21 00:00:00+09:00,444.579931295143,465.7504042139593,444.579931295143,448.81402587890625,18200,0.0,0.0
2002-08-22 00:00:00+09:00,453.04813187210647,457.2822265625,444.57994249131946,457.2822265625,18800,0.0,0.0
2002-08-23 00:00:00+09:00,457.2822265625,457.2822265625,457.2822265625,457.2822265625,0,0.0,0.0
2002-08-26 00:00:00+09:00,453.0481074621918,461.51629638671875,448.8140129999283,461.51629638671875,20400,0.0,0.0
2002-08-27 00:00:00+09:00,461.5163212528935,461.5163212528935,448.81403718171293,457.2822265625,23200,0.0,0.0
2002-08-28 00:00:00+09:00,461.5163212528935,461.5163212528935,448.81403718171293,457.2822265625,22400,0.0,0.0
2002-08-29 00:00:00+09:00,448.81389683314734,453.0479901994978,444.5798034667969,444.5798034667969,11600,0.0,0.0
2002-08-30 00:00:00+09:00,448.8140013507594,453.048095703125,444.5799069983937,453.048095703125,19400,0.0,0.0
2002-09-02 00:00:00+09:00,448.8139138823574,448.8139138823574,431.8775397735892,436.11163330078125,22600,0.0,0.0
2002-09-03 00:00:00+09:00,436.11168164545944,436.11168164545944,419.17530565922806,427.64349365234375,29400,0.0,0.0
2002-09-04 00:00:00+09:00,423.40935601128473,423.40935601128473,402.23888821072046,419.1752624511719,44400,0.0,0.0
2002-09-05 00:00:00+09:00,419.1753295898438,423.409423828125,402.23895263671875,402.23895263671875,56800,0.0,0.0
2002-09-06 00:00:00+09:00,402.23902826723844,406.47312330163044,385.3026481296705,389.5367431640625,28800,0.0,0.0
2002-09-09 00:00:00+09:00,385.3024741552209,398.0047535229755,381.06838103263607,393.7706604003906,33200,0.0,0.0
2002-09-10 00:00:00+09:00,389.53658803304035,410.70705477396643,389.53658803304035,406.47296142578125,22600,0.0,0.0
2002-09-11 00:00:00+09:00,414.941168891059,419.1752624511719,410.70707533094617,419.1752624511719,22200,0.0,0.0
2002-09-12 00:00:00+09:00,414.9411926269531,427.64347403390065,410.7070988246373,414.9411926269531,42400,0.0,0.0
2002-09-13 00:00:00+09:00,431.87767456054684,431.87767456054684,410.7072003173828,423.40948486328125,48800,0.0,0.0
2002-09-16 00:00:00+09:00,423.40948486328125,423.40948486328125,423.40948486328125,423.40948486328125,0,0.0,0.0
2002-09-17 00:00:00+09:00,436.11163330078125,436.11163330078125,423.4093527192051,436.11163330078125,27000,0.0,0.0
2002-09-18 00:00:00+09:00,436.11168164545944,436.11168164545944,414.9412116626702,427.64349365234375,10200,0.0,0.0
2002-09-19 00:00:00+09:00,427.64340928021596,436.1115956025965,423.40931611902573,431.87750244140625,13400,0.0,0.0
2002-09-20 00:00:00+09:00,444.5799069983937,461.51628440785635,444.5799069983937,453.048095703125,71800,0.0,0.0
2002-09-23 00:00:00+09:00,453.048095703125,453.048095703125,453.048095703125,453.048095703125,0,0.0,0.0
2002-09-24 00:00:00+09:00,457.28220192445525,461.51629638671875,444.5799185376648,461.51629638671875,40000,0.0,0.0
2002-09-25 00:00:00+09:00,445.3971905978221,458.1228246149027,445.3971905978221,449.6390686035156,10000,1.0,0.0
2002-09-26 00:00:00+09:00,462.36464973732274,462.36464973732274,449.63901717574504,458.1227722167969,9800,0.0,0.0
2002-09-27 00:00:00+09:00,462.36464973732274,462.36464973732274,449.63901717574504,458.1227722167969,22400,0.0,0.0
2002-09-30 00:00:00+09:00,449.63901717574504,462.36464973732274,449.63901717574504,458.1227722167969,13600,0.0,0.0
2002-10-01 00:00:00+09:00,449.6389718191964,449.6389718191964,441.15521763392854,445.3970947265625,10200,0.0,0.0
2002-10-02 00:00:00+09:00,449.6389718191964,453.88084891183036,445.3970947265625,445.3970947265625,13200,0.0,0.0
2002-10-03 00:00:00+09:00,441.15523788304006,445.397115170377,428.4296060210293,436.9133605957031,12200,0.0,0.0
2002-10-04 00:00:00+09:00,419.9458714853419,428.42962646484375,415.70399399559096,428.42962646484375,30000,0.0,0.0
2002-10-07 00:00:00+09:00,402.9784023638853,415.7040361227448,402.9784023638853,411.462158203125,39600,0.0,0.0
2002-10-08 00:00:00+09:00,415.7039640727796,419.94584125719575,402.97833251953125,402.97833251953125,17600,0.0,0.0
2002-10-09 00:00:00+09:00,402.97838900951626,411.46214456761135,398.73651123046875,398.73651123046875,13600,0.0,0.0
2002-10-10 00:00:00+09:00,386.0108496926047,390.25272716175425,373.28521728515625,373.28521728515625,32400,0.0,0.0
2002-10-11 00:00:00+09:00,390.2526606077789,398.7364140992524,381.76890711630546,394.4945373535156,19400,0.0,0.0
2002-10-14 00:00:00+09:00,394.4945373535156,394.4945373535156,394.4945373535156,394.4945373535156,0,0.0,0.0
2002-10-15 00:00:00+09:00,436.9133713847459,436.9133713847459,407.2202296401515,419.94586181640625,19400,0.0,0.0
2002-10-16 00:00:00+09:00,424.18773920849117,428.4296166005761,415.70398442432133,419.94586181640625,16200,0.0,0.0
2002-10-17 00:00:00+09:00,428.42963314056396,428.42963314056396,407.2202453613281,407.2202453613281,23600,0.0,0.0
2002-10-18 00:00:00+09:00,428.42962158203125,428.42962158203125,419.94586669921875,424.187744140625,13600,0.0,0.0
2002-10-21 00:00:00+09:00,419.94586181640625,424.18773920849117,415.70398442432133,419.94586181640625,8400,0.0,0.0
2002-10-22 00:00:00+09:00,415.7039640727796,419.94584125719575,402.97833251953125,402.97833251953125,7800,0.0,0.0
2002-10-23 00:00:00+09:00,402.97833251953125,419.94584125719575,398.7364553351151,402.97833251953125,20800,0.0,0.0
2002-10-24 00:00:00+09:00,390.2527418870192,394.49461951622595,386.0108642578125,386.0108642578125,17000,0.0,0.0
2002-10-25 00:00:00+09:00,390.2527009662829,402.97833251953125,390.2527009662829,402.97833251953125,7800,0.0,0.0
2002-10-28 00:00:00+09:00,402.9784023638853,411.462158203125,398.73652444426546,411.462158203125,9200,0.0,0.0
2002-10-29 00:00:00+09:00,407.2202248086735,415.7039794921875,402.9783474669165,415.7039794921875,15800,0.0,0.0
2002-10-30 00:00:00+09:00,394.4945974638968,419.94586181640625,394.4945974638968,419.94586181640625,16800,0.0,0.0
2002-10-31 00:00:00+09:00,419.9458568339445,419.9458568339445,402.9783474669165,415.7039794921875,17800,0.0,0.0
2002-11-01 00:00:00+09:00,407.2202097039474,407.2202097039474,381.7689465974507,402.97833251953125,17800,0.0,0.0
2002-11-04 00:00:00+09:00,402.97833251953125,402.97833251953125,402.97833251953125,402.97833251953125,0,0.0,0.0
2002-11-05 00:00:00+09:00,411.4621021504305,415.7039794921875,402.9783474669165,415.7039794921875,28800,0.0,0.0
2002-11-06 00:00:00+09:00,415.7039794921875,419.9458568339445,407.2202248086735,415.7039794921875,16400,0.0,0.0
2002-11-07 00:00:00+09:00,407.2202296401515,419.94586181640625,407.2202296401515,419.94586181640625,20400,0.0,0.0
2002-11-08 00:00:00+09:00,424.18773417570156,424.18773417570156,411.4621021504305,415.7039794921875,5400,0.0,0.0
2002-11-11 00:00:00+09:00,411.4621229171753,415.70400047302246,407.2202453613281,407.2202453613281,8000,0.0,0.0
2002-11-12 00:00:00+09:00,407.2202097039474,407.2202097039474,398.7364553351151,402.97833251953125,10600,0.0,0.0
2002-11-13 00:00:00+09:00,398.7364553351151,402.97833251953125,394.494578150699,402.97833251953125,7600,0.0,0.0
2002-11-14 00:00:00+09:00,402.97836475158005,402.97836475158005,369.0433445619733,377.527099609375,9800,0.0,0.0
2002-11-15 00:00:00+09:00,398.73656430451763,402.97844264818275,386.01092927352244,390.2528076171875,25000,0.0,0.0
2002-11-18 00:00:00+09:00,390.2526897561961,390.2526897561961,369.0433044433594,369.0433044433594,24400,0.0,0.0
2002-11-19 00:00:00+09:00,352.07585765697337,356.31773546006946,339.35022424768516,343.59210205078125,30600,0.0,0.0
2002-11-20 00:00:00+09:00,347.8339973000919,369.0433873793658,343.5921192842371,360.55963134765625,18200,0.0,0.0
2002-11-21 00:00:00+09:00,364.80146703827245,377.527099609375,364.80146703827245,377.527099609375,14200,0.0,0.0
2002-11-22 00:00:00+09:00,381.76904296875,381.76904296875,364.80152994791666,381.76904296875,18800,0.0,0.0
2002-11-25 00:00:00+09:00,381.7689465974507,402.97833251953125,381.7689465974507,402.97833251953125,18400,0.0,0.0
2002-11-26 00:00:00+09:00,402.9783747746394,407.22025240384613,364.8014761117788,386.0108642578125,15800,0.0,0.0
2002-11-27 00:00:00+09:00,386.0108642578125,398.7364971454327,381.7689866286058,386.0108642578125,16600,0.0,0.0
2002-11-28 00:00:00+09:00,390.2528076171875,402.97844264818275,386.01092927352244,390.2528076171875,17200,0.0,0.0
2002-11-29 00:00:00+09:00,390.2528076171875,402.97844264818275,390.2528076171875,390.2528076171875,19800,0.0,0.0
2002-12-02 00:00:00+09:00,390.2528076171875,390.2528076171875,390.2528076171875,390.2528076171875,0,0.0,0.0
2002-12-03 00:00:00+09:00,381.76890711630546,394.4945373535156,381.76890711630546,394.4945373535156,13200,0.0,0.0
2002-12-04 00:00:00+09:00,390.25273218047755,390.25273218047755,377.527099609375,377.527099609375,13000,0.0,0.0
2002-12-05 00:00:00+09:00,381.7690509298573,390.2528076171875,381.7690509298573,390.2528076171875,13400,0.0,0.0
2002-12-06 00:00:00+09:00,390.2527994791667,394.494677734375,377.52716471354165,381.76904296875,31400,0.0,0.0
2002-12-09 00:00:00+09:00,390.25273218047755,390.25273218047755,377.527099609375,377.527099609375,36800,0.0,0.0
2002-12-10 00:00:00+09:00,373.28528645833336,381.76904296875,369.043408203125,381.76904296875,12200,0.0,0.0
2002-12-11 00:00:00+09:00,377.5270947543057,381.76897222345525,356.3177074085582,373.28521728515625,14800,0.0,0.0
2002-12-12 00:00:00+09:00,364.80146234685725,377.5270947543057,364.80146234685725,373.28521728515625,16800,0.0,0.0
2002-12-13 00:00:00+09:00,364.801427380792,369.0433044433594,360.5595503182247,369.0433044433594,51800,0.0,0.0
2002-12-16 00:00:00+09:00,356.3177446112575,360.5596225232963,352.07586669921875,352.07586669921875,12000,0.0,0.0
2002-12-17 00:00:00+09:00,373.2852289109003,373.2852289109003,352.07584090459915,356.3177185058594,25600,0.0,0.0
2002-12-18 00:00:00+09:00,352.07585765697337,352.07585765697337,339.35022424768516,343.59210205078125,26200,0.0,0.0
2002-12-19 00:00:00+09:00,339.3501988852897,347.8339538574219,335.10832139922354,347.8339538574219,24200,0.0,0.0
2002-12-20 00:00:00+09:00,335.10834644458913,352.07585765697337,326.62459083839695,343.59210205078125,63000,0.0,0.0
2002-12-23 00:00:00+09:00,343.59210205078125,343.59210205078125,343.59210205078125,343.59210205078125,0,0.0,0.0
2002-12-24 00:00:00+09:00,343.59210205078125,356.31773546006946,335.10834644458913,343.59210205078125,30000,0.0,0.0
2002-12-25 00:00:00+09:00,339.35015869140625,343.5920356750488,335.10828170776364,339.35015869140625,27200,0.0,0.0
2002-12-26 00:00:00+09:00,343.5920763713558,352.075831343488,343.5920763713558,347.8339538574219,11200,0.0,0.0
2002-12-27 00:00:00+09:00,347.8339973000919,360.55963134765625,347.8339973000919,360.55963134765625,11400,0.0,0.0
2002-12-30 00:00:00+09:00,360.5595149550327,373.2851448946221,360.5595149550327,364.8013916015625,14200,0.0,0.0
2002-12-31 00:00:00+09:00,364.8013916015625,364.8013916015625,364.8013916015625,364.8013916015625,0,0.0,0.0
2003-01-01 00:00:00+09:00,364.8013916015625,364.8013916015625,364.8013916015625,364.8013916015625,0,0.0,0.0
2003-01-02 00:00:00+09:00,364.8013916015625,364.8013916015625,364.8013916015625,364.8013916015625,0,0.0,0.0
2003-01-03 00:00:00+09:00,364.8013916015625,364.8013916015625,364.8013916015625,364.8013916015625,0,0.0,0.0
2003-01-06 00:00:00+09:00,377.52710899939905,386.0108642578125,356.31772085336536,386.0108642578125,17800,0.0,0.0
2003-01-07 00:00:00+09:00,390.2526606077789,394.4945373535156,390.2526606077789,394.4945373535156,28200,0.0,0.0
2003-01-08 00:00:00+09:00,386.0108642578125,390.2527418870192,386.0108642578125,386.0108642578125,11200,0.0,0.0
2003-01-09 00:00:00+09:00,369.0433445619733,377.527099609375,369.0433445619733,377.527099609375,4800,0.0,0.0
2003-01-10 00:00:00+09:00,377.5270947543057,377.5270947543057,369.0433398160067,373.28521728515625,7400,0.0,0.0
2003-01-13 00:00:00+09:00,373.28521728515625,373.28521728515625,373.28521728515625,373.28521728515625,0,0.0,0.0
2003-01-14 00:00:00+09:00,373.2852313701923,386.0108642578125,373.2852313701923,386.0108642578125,4400,0.0,0.0
2003-01-15 00:00:00+09:00,390.2526606077789,402.9782908449891,390.2526606077789,394.4945373535156,24600,0.0,0.0
2003-01-16 00:00:00+09:00,398.7364553351151,402.97833251953125,390.2527009662829,402.97833251953125,13600,0.0,0.0
2003-01-17 00:00:00+09:00,411.46214456761135,415.7040223466589,390.25275567237367,398.73651123046875,44400,0.0,0.0
2003-01-20 00:00:00+09:00,394.494578150699,411.4620868883635,394.494578150699,402.97833251953125,11000,0.0,0.0
2003-01-21 00:00:00+09:00,411.4621070322364,424.18773920849117,407.2202296401515,419.94586181640625,38200,0.0,0.0
2003-01-22 00:00:00+09:00,424.18773417570156,424.18773417570156,415.7039794921875,415.7039794921875,27400,0.0,0.0
2003-01-23 00:00:00+09:00,411.4621021504305,424.18773417570156,411.4621021504305,415.7039794921875,23600,0.0,0.0
2003-01-24 00:00:00+09:00,415.7039794921875,424.18773417570156,407.2202248086735,415.7039794921875,16600,0.0,0.0
2003-01-27 00:00:00+09:00,415.70399399559096,436.9133814443456,415.70399399559096,428.42962646484375,30400,0.0,0.0
2003-01-28 00:00:00+09:00,424.187744140625,428.42962158203125,419.94586669921875,424.187744140625,9000,0.0,0.0
2003-01-29 00:00:00+09:00,428.42963314056396,428.42963314056396,407.2202453613281,407.2202453613281,12000,0.0,0.0
2003-01-30 00:00:00+09:00,407.22026678856383,407.22026678856383,398.73651123046875,398.73651123046875,10400,0.0,0.0
2003-01-31 00:00:00+09:00,390.2527994791667,394.494677734375,377.52716471354165,381.76904296875,17800,0.0,0.0
2003-02-03 00:00:00+09:00,398.7364701251594,415.7039794921875,386.0108380998884,415.7039794921875,36200,0.0,0.0
2003-02-04 00:00:00+09:00,419.9458568339445,424.18773417570156,415.7039794921875,415.7039794921875,10800,0.0,0.0
2003-02-05 00:00:00+09:00,432.671493992661,441.15524877683083,419.94586181640625,419.94586181640625,78600,0.0,0.0
2003-02-06 00:00:00+09:00,428.42958635602673,445.3970947265625,419.9458321707589,445.3970947265625,123400,0.0,0.0
2003-02-07 00:00:00+09:00,436.91335550944007,449.63898722330725,432.6714782714844,432.6714782714844,33600,0.0,0.0
2003-02-10 00:00:00+09:00,432.6714634486607,445.3970947265625,432.6714634486607,445.3970947265625,13000,0.0,0.0
2003-02-11 00:00:00+09:00,445.3970947265625,445.3970947265625,445.3970947265625,445.3970947265625,0,0.0,0.0
2003-02-12 00:00:00+09:00,453.8808175448713,500.5414623392039,453.8808175448713,492.0577087402344,161000,0.0,0.0
2003-02-13 00:00:00+09:00,470.8484238215855,487.8159345899309,466.6065461294992,475.0903015136719,64000,0.0,0.0
2003-02-14 00:00:00+09:00,492.05779551630434,504.7834281589674,487.81591796875,487.81591796875,128000,0.0,0.0
2003-02-17 00:00:00+09:00,496.2995910644531,509.02522160456726,487.81583737104364,496.2995910644531,121200,0.0,0.0
2003-02-18 00:00:00+09:00,500.5415506114131,500.5415506114131,475.090285326087,487.81591796875,55800,0.0,0.0
2003-02-19 00:00:00+09:00,492.05771421774836,500.54146791115784,479.3320836776342,496.2995910644531,87800,0.0,0.0
2003-02-20 00:00:00+09:00,496.29967306385873,500.5415506114131,483.57404042119566,487.81591796875,74400,0.0,0.0
2003-02-21 00:00:00+09:00,496.2995910644531,500.54146791115784,475.09020683092945,496.2995910644531,58600,0.0,0.0
2003-02-24 00:00:00+09:00,487.81591796875,496.29967306385873,487.81591796875,487.81591796875,24400,0.0,0.0
2003-02-25 00:00:00+09:00,479.3321434227196,479.3321434227196,436.9133696684966,470.848388671875,48800,0.0,0.0
2003-02-26 00:00:00+09:00,466.6064758300782,470.84835288307886,462.36459877707745,466.6064758300781,16200,0.0,0.0
2003-02-27 00:00:00+09:00,466.6066860933916,466.6066860933916,458.12292816442084,462.36480712890625,20200,0.0,0.0
2003-02-28 00:00:00+09:00,470.8484238215855,483.57405689784457,466.6065461294992,475.0903015136719,33000,0.0,0.0
2003-03-03 00:00:00+09:00,466.60645313752,496.2995910644531,462.3645762908153,496.2995910644531,53200,0.0,0.0
2003-03-04 00:00:00+09:00,496.29967306385873,496.29967306385873,466.60653023097825,487.81591796875,21600,0.0,0.0
2003-03-05 00:00:00+09:00,479.3320976391173,492.0577285498903,479.3320976391173,483.573974609375,19800,0.0,0.0
2003-03-06 00:00:00+09:00,483.5740207981419,483.5740207981419,470.848388671875,470.848388671875,41600,0.0,0.0
2003-03-07 00:00:00+09:00,458.1228246149027,470.8484586319833,445.3971905978221,449.6390686035156,22800,0.0,0.0
2003-03-10 00:00:00+09:00,445.3971313476562,445.3971313476562,424.187744140625,424.187744140625,15800,0.0,0.0
2003-03-11 00:00:00+09:00,424.18773920849117,436.9133713847459,415.70398442432133,419.94586181640625,13000,0.0,0.0
2003-03-12 00:00:00+09:00,419.9458714853419,428.42962646484375,419.9458714853419,428.42962646484375,9400,0.0,0.0
2003-03-13 00:00:00+09:00,428.4296010335286,432.6714782714844,424.1877237955729,432.6714782714844,18600,0.0,0.0
2003-03-14 00:00:00+09:00,445.39712025569037,449.63899759145886,441.1552429199219,441.1552429199219,65400,0.0,0.0
2003-03-17 00:00:00+09:00,453.880864461263,453.880864461263,432.6714782714844,432.6714782714844,19400,0.0,0.0
2003-03-18 00:00:00+09:00,428.42958635602673,445.3970947265625,428.42958635602673,445.3970947265625,23800,0.0,0.0
2003-03-19 00:00:00+09:00,441.15525893409654,441.15525893409654,415.70399399559096,428.42962646484375,6600,0.0,0.0
2003-03-20 00:00:00+09:00,424.1877287336924,436.9133605957031,424.1877287336924,436.9133605957031,27000,0.0,0.0
2003-03-21 00:00:00+09:00,436.9133605957031,436.9133605957031,436.9133605957031,436.9133605957031,0,0.0,0.0
2003-03-24 00:00:00+09:00,453.88089469627096,458.1227722167969,445.3971396552192,458.1227722167969,14000,0.0,0.0
2003-03-25 00:00:00+09:00,449.6389924577139,449.6389924577139,428.4296060210293,436.9133605957031,41600,0.0,0.0
2003-03-26 00:00:00+09:00,442.0134964729976,442.0134964729976,429.26310715166113,437.76336669921875,19000,1.0,0.0
2003-03-27 00:00:00+09:00,442.0135192871094,446.26364928025464,429.2631293076735,442.0135192871094,25800,0.0,0.0
2003-03-28 00:00:00+09:00,446.263671875,454.76393229166666,433.51328125,446.263671875,15400,0.0,0.0
2003-03-31 00:00:00+09:00,425.0130615234375,442.013583984375,425.0130615234375,425.0130615234375,13200,0.0,0.0
2003-04-01 00:00:00+09:00,425.0130393288352,437.76343050870025,416.5127785422585,420.7629089355469,12600,0.0,0.0
2003-04-02 00:00:00+09:00,429.26310715166113,437.76336669921875,420.76284760410346,437.76336669921875,20200,0.0,0.0
2003-04-03 00:00:00+09:00,437.7634446550124,442.01357518564356,425.01305306311883,429.26318359375,15000,0.0,0.0
2003-04-04 00:00:00+09:00,425.0130615234375,433.5133227539062,420.7629309082031,425.0130615234375,21000,0.0,0.0
2003-04-07 00:00:00+09:00,433.51330278504565,450.5138244628906,433.51330278504565,450.5138244628906,25200,0.0,0.0
2003-04-08 00:00:00+09:00,450.5137557270371,454.7638854980469,450.5137557270371,454.7638854980469,29200,0.0,0.0
2003-04-09 00:00:00+09:00,454.76383490311474,484.5147399902344,454.76383490311474,484.5147399902344,94200,0.0,0.0
2003-04-10 00:00:00+09:00,501.51528108016305,522.7659285835598,476.01450407608695,488.764892578125,443800,0.0,0.0
2003-04-11 00:00:00+09:00,480.2646484375,493.01503733407077,467.5142595409292,480.2646484375,107800,0.0,0.0
2003-04-14 00:00:00+09:00,484.51478576660156,484.51478576660156,459.0140075683594,459.0140075683594,81800,0.0,0.0
2003-04-15 00:00:00+09:00,463.26407786778043,476.01446533203125,454.76381955827986,476.01446533203125,70600,0.0,0.0
2003-04-16 00:00:00+09:00,480.2645944867815,480.2645944867815,463.26407786778043,476.01446533203125,71600,0.0,0.0
2003-04-17 00:00:00+09:00,480.2646335767663,497.2651515794837,471.7643745754076,488.764892578125,231000,0.0,0.0
2003-04-18 00:00:00+09:00,484.51462965745196,497.2650146484375,480.2645013271234,497.2650146484375,71800,0.0,0.0
2003-04-21 00:00:00+09:00,501.5153045654297,522.7659530639648,488.7649154663086,510.01556396484375,274200,0.0,0.0
2003-04-22 00:00:00+09:00,518.5157990828804,518.5157990828804,484.51476307744565,488.764892578125,134000,0.0,0.0
2003-04-23 00:00:00+09:00,480.2645944867815,488.76485279628207,476.01446533203125,476.01446533203125,55800,0.0,0.0
2003-04-24 00:00:00+09:00,476.0145498853211,476.0145498853211,459.0140302465597,463.26416015625,63600,0.0,0.0
2003-04-25 00:00:00+09:00,459.01408530181305,463.2642157212743,442.01356362396814,450.5138244628906,60600,0.0,0.0
2003-04-28 00:00:00+09:00,450.5138244628906,454.76395488235187,442.01356362396814,450.5138244628906,29800,0.0,0.0
2003-04-29 00:00:00+09:00,450.5138244628906,450.5138244628906,450.5138244628906,450.5138244628906,0,0.0,0.0
2003-04-30 00:00:00+09:00,459.0140302465597,467.5142900659404,454.7639003368693,463.26416015625,22400,0.0,0.0
2003-05-01 00:00:00+09:00,476.01453406531533,476.01453406531533,463.2641447599944,471.764404296875,30000,0.0,0.0
2003-05-02 00:00:00+09:00,476.0145498853211,476.0145498853211,459.0140302465597,463.26416015625,34800,0.0,0.0
2003-05-05 00:00:00+09:00,463.26416015625,463.26416015625,463.26416015625,463.26416015625,0,0.0,0.0
2003-05-06 00:00:00+09:00,476.01453406531533,480.26466383375566,467.5142745284347,471.764404296875,51800,0.0,0.0
2003-05-07 00:00:00+09:00,476.01451235911884,535.5163264040087,467.5142532098489,518.5158081054688,368000,0.0,0.0
2003-05-08 00:00:00+09:00,548.2667055876359,556.7669645889946,488.764892578125,488.764892578125,1309000,0.0,0.0
2003-05-09 00:00:00+09:00,493.01500016551904,510.0155174126059,493.01500016551904,501.5152587890625,153000,0.0,0.0
2003-05-12 00:00:00+09:00,518.5158081054688,522.7659376801038,510.01554895619876,518.5158081054688,92800,0.0,0.0
2003-05-13 00:00:00+09:00,510.01547933626574,514.2656083307346,505.7653503417969,505.7653503417969,70600,0.0,0.0
2003-05-14 00:00:00+09:00,510.01554895619876,518.5158081054688,505.7654193815638,518.5158081054688,53200,0.0,0.0
2003-05-15 00:00:00+09:00,518.5157373252035,518.5157373252035,505.7653503417969,505.7653503417969,47200,0.0,0.0
2003-05-16 00:00:00+09:00,514.2656860351562,539.7664638550814,493.0150378518854,514.2656860351562,295800,0.0,0.0
2003-05-19 00:00:00+09:00,501.51544140625,531.266357421875,497.26531054687496,531.266357421875,177200,0.0,0.0
2003-05-20 00:00:00+09:00,522.7659376801038,527.0160672547387,510.01554895619876,518.5158081054688,89600,0.0,0.0
2003-05-21 00:00:00+09:00,518.5159134403352,531.2663047544418,514.2657830022996,527.0161743164062,189000,0.0,0.0
2003-05-22 00:00:00+09:00,522.766095703125,544.01675,522.766095703125,531.266357421875,100400,0.0,0.0
2003-05-23 00:00:00+09:00,539.7665656305129,539.7665656305129,522.7660438783707,527.0161743164062,78600,0.0,0.0
2003-05-26 00:00:00+09:00,531.2661968293737,531.2661968293737,514.2656785308337,518.5158081054688,41200,0.0,0.0
2003-05-27 00:00:00+09:00,514.2656083307346,514.2656083307346,497.26509235285914,505.7653503417969,75600,0.0,0.0
2003-05-28 00:00:00+09:00,510.01556396484375,518.5158233642578,497.26517486572266,510.01556396484375,80200,0.0,0.0
2003-05-29 00:00:00+09:00,514.2656785308337,518.5158081054688,505.7654193815638,518.5158081054688,28400,0.0,0.0
2003-05-30 00:00:00+09:00,514.2656860351562,518.5158156718105,505.7654267618479,514.2656860351562,35800,0.0,0.0
2003-06-02 00:00:00+09:00,514.2656467243776,514.2656467243776,501.5152587890625,501.5152587890625,47600,0.0,0.0
2003-06-03 00:00:00+09:00,514.2656860351562,518.5158156718105,505.7654267618479,514.2656860351562,71000,0.0,0.0
2003-06-04 00:00:00+09:00,518.5158156718105,522.7659453084647,514.2656860351562,514.2656860351562,47600,0.0,0.0
2003-06-05 00:00:00+09:00,527.0162265624999,531.266357421875,518.51596484375,531.266357421875,190800,0.0,0.0
2003-06-06 00:00:00+09:00,544.0165405273438,544.0165405273438,527.0160236358643,544.0165405273438,156400,0.0,0.0
2003-06-09 00:00:00+09:00,548.2666697502136,548.2666697502136,535.516282081604,544.0165405273438,111200,0.0,0.0
2003-06-10 00:00:00+09:00,544.0165405273438,561.0170574188232,535.516282081604,544.0165405273438,144600,0.0,0.0
2003-06-11 00:00:00+09:00,561.0171750090843,569.5174352364946,548.2667846679688,548.2667846679688,184400,0.0,0.0
2003-06-12 00:00:00+09:00,556.7670065259177,561.0171363467263,531.2662276010665,535.516357421875,64800,0.0,0.0
2003-06-13 00:00:00+09:00,544.016617063492,544.016617063492,527.016097780258,535.516357421875,83600,0.0,0.0
2003-06-16 00:00:00+09:00,531.2661977914663,552.516845703125,522.765938626803,552.516845703125,47400,0.0,0.0
2003-06-17 00:00:00+09:00,561.0171750090843,561.0171750090843,539.7665244405583,548.2667846679688,98800,0.0,0.0
2003-06-18 00:00:00+09:00,552.5170199561665,561.0172818016459,548.2668890334268,556.7671508789062,88200,0.0,0.0
2003-06-19 00:00:00+09:00,556.7671508789062,561.0172818016459,552.5170199561665,556.7671508789062,59400,0.0,0.0
2003-06-20 00:00:00+09:00,561.0171491350446,599.2683183942522,561.0171491350446,595.0181884765625,379000,0.0,0.0
2003-06-23 00:00:00+09:00,599.2682025278215,607.7684607197054,586.5178152399955,590.7679443359375,145800,0.0,0.0
2003-06-24 00:00:00+09:00,595.0181884765625,599.2683183942522,586.5179286411831,595.0181884765625,109600,0.0,0.0
2003-06-25 00:00:00+09:00,590.7680569210569,633.2693559801256,586.5179270151499,629.0192260742188,238200,0.0,0.0
2003-06-26 00:00:00+09:00,616.2688570708231,658.770157558466,607.7685969732945,650.2698974609375,398800,0.0,0.0
2003-06-27 00:00:00+09:00,658.7699859821244,663.0201149239446,637.5193412730235,641.7694702148438,160200,0.0,0.0
2003-06-30 00:00:00+09:00,641.7696000162761,650.2698596191407,637.5194702148438,637.5194702148438,85600,0.0,0.0
2003-07-01 00:00:00+09:00,629.0193123653017,646.0198343211207,616.2689208984375,616.2689208984375,79400,0.0,0.0
2003-07-02 00:00:00+09:00,637.5195151881168,658.7701656943874,629.0192549856085,646.019775390625,151600,0.0,0.0
2003-07-03 00:00:00+09:00,646.0197306888203,646.0197306888203,603.5184326171875,603.5184326171875,102600,0.0,0.0
2003-07-04 00:00:00+09:00,582.2677475286989,629.0191725127551,582.2677475286989,624.76904296875,80000,0.0,0.0
2003-07-07 00:00:00+09:00,646.0196984696062,646.0196984696062,603.5184025176584,620.5189208984375,115000,0.0,0.0
2003-07-08 00:00:00+09:00,633.2693096840219,637.5194392792166,616.2687913032428,620.5189208984375,56600,0.0,0.0
2003-07-09 00:00:00+09:00,603.5184326171875,612.018692231514,595.0181730028609,603.5184326171875,92000,0.0,0.0
2003-07-10 00:00:00+09:00,603.5184466387775,633.2693559801256,599.2683167328706,629.0192260742188,73600,0.0,0.0
2003-07-11 00:00:00+09:00,616.2689208984375,620.5190513873922,607.7686599205281,616.2689208984375,32600,0.0,0.0
2003-07-14 00:00:00+09:00,620.5189134247448,629.0191725127551,616.2687838807398,624.76904296875,25400,0.0,0.0
2003-07-15 00:00:00+09:00,616.268744998508,624.7690035502116,607.7684864468044,612.0186157226562,47000,0.0,0.0
2003-07-16 00:00:00+09:00,590.7681530223173,595.0182836196002,573.767630633186,578.0177612304688,48000,0.0,0.0
2003-07-17 00:00:00+09:00,561.0172734375,561.0172734375,531.266357421875,531.266357421875,52200,0.0,0.0
2003-07-18 00:00:00+09:00,514.2656359672546,565.2671866416931,514.2656359672546,544.0165405273438,55600,0.0,0.0
2003-07-21 00:00:00+09:00,544.0165405273438,544.0165405273438,544.0165405273438,544.0165405273438,0,0.0,0.0
2003-07-22 00:00:00+09:00,552.5170199561665,573.7676745698652,544.016758110687,556.7671508789062,28600,0.0,0.0
2003-07-23 00:00:00+09:00,573.7675388881139,599.2683183942522,561.0171491350446,595.0181884765625,43400,0.0,0.0
2003-07-24 00:00:00+09:00,607.7686665110344,607.7686665110344,578.017752765739,582.2678833007812,30800,0.0,0.0
2003-07-25 00:00:00+09:00,595.0181884765625,607.7685782296317,578.0176688058036,595.0181884765625,41600,0.0,0.0
2003-07-28 00:00:00+09:00,603.5183571709526,616.268744998508,599.268227895101,612.0186157226562,37200,0.0,0.0
2003-07-29 00:00:00+09:00,624.7690035502116,624.7690035502116,612.0186157226562,612.0186157226562,50800,0.0,0.0
2003-07-30 00:00:00+09:00,612.018513131649,616.2686416950631,595.017998877992,599.2681274414062,69600,0.0,0.0
2003-07-31 00:00:00+09:00,616.2686416950631,620.5187702584774,599.2681274414062,599.2681274414062,60400,0.0,0.0
2003-08-01 00:00:00+09:00,612.018661708048,620.5189208984375,607.7685321128532,620.5189208984375,61800,0.0,0.0
2003-08-04 00:00:00+09:00,620.5189208984375,629.019180088827,612.018661708048,620.5189208984375,45400,0.0,0.0
2003-08-05 00:00:00+09:00,620.5189518458407,624.7690816530039,603.5184326171875,603.5184326171875,52400,0.0,0.0
2003-08-06 00:00:00+09:00,599.2681274414062,607.7683845682348,595.017998877992,599.2681274414062,23000,0.0,0.0
2003-08-07 00:00:00+09:00,599.2683183942522,607.7685782296317,590.7680585588728,595.0181884765625,35400,0.0,0.0
2003-08-08 00:00:00+09:00,590.7681443708657,595.0182749059079,582.2678833007812,582.2678833007812,48000,0.0,0.0
2003-08-11 00:00:00+09:00,582.267783581371,612.018692231514,582.267783581371,603.5184326171875,55000,0.0,0.0
2003-08-12 00:00:00+09:00,603.5183643261037,616.2687523048241,603.5183643261037,607.7684936523438,22600,0.0,0.0
2003-08-13 00:00:00+09:00,607.7686948714718,658.770263671875,607.7686948714718,658.770263671875,119200,0.0,0.0
2003-08-14 00:00:00+09:00,654.520040260171,680.0208210495283,637.5195197339328,675.7706909179688,250000,0.0,0.0
2003-08-15 00:00:00+09:00,739.5226736244248,739.5226736244248,675.7707190016296,692.771240234375,305200,0.0,0.0
2003-08-18 00:00:00+09:00,697.021338183009,709.771728515625,688.521077961265,709.771728515625,128400,0.0,0.0
2003-08-19 00:00:00+09:00,718.2720220834931,718.2720220834931,692.771240234375,692.771240234375,127800,0.0,0.0
2003-08-20 00:00:00+09:00,701.271468293881,714.021858626497,692.7712080721369,709.771728515625,71400,0.0,0.0
2003-08-21 00:00:00+09:00,692.7712002708798,731.0223708379837,692.7712002708798,714.0218505859375,117000,0.0,0.0
2003-08-22 00:00:00+09:00,731.0223403558498,735.2724702416397,697.0213012695312,697.0213012695312,90600,0.0,0.0
2003-08-25 00:00:00+09:00,701.271468293881,718.2719887373689,697.021338183009,709.771728515625,61600,0.0,0.0
2003-08-26 00:00:00+09:00,705.5215904599145,718.2719806489491,701.271460396903,714.0218505859375,31600,0.0,0.0
2003-08-27 00:00:00+09:00,718.271836308708,748.0227407711989,718.271836308708,726.7720947265625,191600,0.0,0.0
2003-08-28 00:00:00+09:00,726.772257241858,726.772257241858,705.5216064453125,705.5216064453125,82200,0.0,0.0
2003-08-29 00:00:00+09:00,714.0218208126905,714.0218208126905,697.0213012695312,697.0213012695312,57600,0.0,0.0
2003-09-01 00:00:00+09:00,705.5216344496783,726.7722860897289,701.2715041216683,722.5221557617188,43000,0.0,0.0
2003-09-02 00:00:00+09:00,718.2719806489491,722.5221107119606,714.0218505859375,714.0218505859375,40000,0.0,0.0
2003-09-03 00:00:00+09:00,722.5221107119606,722.5221107119606,705.5215904599145,714.0218505859375,42200,0.0,0.0
2003-09-04 00:00:00+09:00,705.5216064453125,714.0218667639307,697.0213461266942,705.5216064453125,53000,0.0,0.0
2003-09-05 00:00:00+09:00,701.2714163864715,701.2714163864715,637.5194694422468,671.5205078125,182600,0.0,0.0
2003-09-08 00:00:00+09:00,675.7707190016296,697.0213705425613,675.7707190016296,692.771240234375,42200,0.0,0.0
2003-09-09 00:00:00+09:00,680.0208050271739,692.7711951214334,675.7706749957541,684.2709350585938,118200,0.0,0.0
2003-09-10 00:00:00+09:00,692.7712002708798,722.5221107119606,688.5210702078683,714.0218505859375,96400,0.0,0.0
2003-09-11 00:00:00+09:00,697.0213303338915,718.2719806489491,697.0213303338915,714.0218505859375,77600,0.0,0.0
2003-09-12 00:00:00+09:00,722.5219655176353,726.7720947265625,705.5214486819262,726.7720947265625,130800,0.0,0.0
2003-09-15 00:00:00+09:00,726.7720947265625,726.7720947265625,726.7720947265625,726.7720947265625,0,0.0,0.0
2003-09-16 00:00:00+09:00,748.0230803571428,765.0236049107142,735.2726869419643,743.77294921875,391200,0.0,0.0
2003-09-17 00:00:00+09:00,765.0234083695844,765.0234083695844,739.5226280905983,748.0228881835938,201200,0.0,0.0
2003-09-18 00:00:00+09:00,748.0228881835938,752.2730182300915,739.5226280905983,748.0228881835938,75000,0.0,0.0
2003-09-19 00:00:00+09:00,748.023183704096,760.7735788808704,743.7730519785047,752.2733154296875,73200,0.0,0.0
2003-09-22 00:00:00+09:00,743.7728159526397,743.7728159526397,718.2720336914062,718.2720336914062,95000,0.0,0.0
2003-09-23 00:00:00+09:00,718.2720336914062,718.2720336914062,718.2720336914062,718.2720336914062,0,0.0,0.0
2003-09-24 00:00:00+09:00,705.5215984047529,739.522639291729,705.5215984047529,709.771728515625,43800,0.0,0.0
2003-09-25 00:00:00+09:00,668.0704806345814,702.1122885650059,668.0704806345814,676.5809326171875,64000,1.0,0.0
2003-09-26 00:00:00+09:00,672.3256999690359,702.1122816132337,672.3256999690359,697.8570556640625,31400,0.0,0.0
2003-09-29 00:00:00+09:00,697.8570556640625,706.3675075624047,693.6018297148914,697.8570556640625,37600,0.0,0.0
2003-09-30 00:00:00+09:00,697.8570179332386,706.3674693714488,689.3465664950284,702.1122436523438,16800,0.0,0.0
2003-10-01 00:00:00+09:00,702.1123200399013,706.3675462219613,693.6018676757812,693.6018676757812,31400,0.0,0.0
2003-10-02 00:00:00+09:00,693.6018600463867,719.1332168579102,693.6018600463867,714.8779907226562,60200,0.0,0.0
2003-10-03 00:00:00+09:00,697.8571005634878,740.4093627929688,697.8571005634878,740.4093627929688,128400,0.0,0.0
2003-10-06 00:00:00+09:00,753.1750645228794,761.6855172293526,744.6646118164062,744.6646118164062,119400,0.0,0.0
2003-10-07 00:00:00+09:00,757.4304633246527,778.7065999348957,748.9200086805555,765.94091796875,160400,0.0,0.0
2003-10-08 00:00:00+09:00,765.9407506364115,778.706429813685,753.1750714591379,757.4302978515625,167800,0.0,0.0
2003-10-09 00:00:00+09:00,757.4302073049021,787.2167884910499,757.4302073049021,774.4511108398438,139800,0.0,0.0
2003-10-10 00:00:00+09:00,765.9406590723729,778.7063367235792,765.9406590723729,774.4511108398438,96000,0.0,0.0
2003-10-13 00:00:00+09:00,774.4511108398438,774.4511108398438,774.4511108398438,774.4511108398438,0,0.0,0.0
2003-10-14 00:00:00+09:00,778.7065999348957,787.217054578993,765.94091796875,765.94091796875,55000,0.0,0.0
2003-10-15 00:00:00+09:00,765.94091796875,770.1961452907985,757.4304633246527,765.94091796875,66000,0.0,0.0
2003-10-16 00:00:00+09:00,778.7063598632812,791.4720378938268,774.4511338530993,778.7063598632812,104600,0.0,0.0
2003-10-17 00:00:00+09:00,787.2166748046875,795.7271253431165,782.961449535473,787.2166748046875,81400,0.0,0.0
2003-10-20 00:00:00+09:00,787.2166748046875,795.7271253431165,782.961449535473,787.2166748046875,61200,0.0,0.0
2003-10-21 00:00:00+09:00,787.2166984311996,804.2376000189013,787.2166984311996,791.471923828125,105200,0.0,0.0
2003-10-22 00:00:00+09:00,799.9824573367667,804.2376831736644,757.4301989677898,761.6854248046875,120600,0.0,0.0
2003-10-23 00:00:00+09:00,744.6645897555064,744.6645897555064,706.3675537109375,706.3675537109375,73600,0.0,0.0
2003-10-24 00:00:00+09:00,710.6227645874023,727.643669128418,710.6227645874023,714.8779907226562,54600,0.0,0.0
2003-10-27 00:00:00+09:00,719.1332323924605,719.1332323924605,706.3675537109375,706.3675537109375,31400,0.0,0.0
2003-10-28 00:00:00+09:00,706.3674866079587,744.6645190144143,706.3674866079587,727.6436157226562,32200,0.0,0.0
2003-10-29 00:00:00+09:00,744.664504211073,748.9197299494219,723.3883755193281,736.154052734375,14800,0.0,0.0
2003-10-30 00:00:00+09:00,736.154159109933,748.9198381696428,723.3884800502232,744.6646118164062,20600,0.0,0.0
2003-10-31 00:00:00+09:00,740.4093784066133,740.4093784066133,723.3884731558866,731.89892578125,28200,0.0,0.0
2003-11-03 00:00:00+09:00,731.89892578125,731.89892578125,731.89892578125,731.89892578125,0,0.0,0.0
2003-11-04 00:00:00+09:00,740.4092931914747,744.6645190144143,719.1331640767772,727.6436157226562,28600,0.0,0.0
2003-11-05 00:00:00+09:00,706.3675763706962,719.1332554617328,702.1123500070172,710.622802734375,57600,0.0,0.0
2003-11-06 00:00:00+09:00,706.3674693714488,727.6435979669744,702.1122436523438,702.1122436523438,34600,0.0,0.0
2003-11-07 00:00:00+09:00,702.1122436523438,719.1331465287642,693.6017922141335,702.1122436523438,39800,0.0,0.0
2003-11-10 00:00:00+09:00,702.1122816132337,702.1122816132337,689.3466037657204,697.8570556640625,19600,0.0,0.0
2003-11-11 00:00:00+09:00,676.5808621920072,676.5808621920072,642.5390578049879,663.815185546875,38800,0.0,0.0
2003-11-12 00:00:00+09:00,646.7943346609477,672.3256899765114,646.7943346609477,651.049560546875,29200,0.0,0.0
2003-11-13 00:00:00+09:00,659.560103689789,668.070556640625,655.304877214371,668.070556640625,17800,0.0,0.0
2003-11-14 00:00:00+09:00,676.5809708607347,685.0914233243918,651.0496134697637,672.3257446289062,52000,0.0,0.0
2003-11-17 00:00:00+09:00,668.0703851404324,668.0703851404324,599.9867790114712,604.2420043945312,48600,0.0,0.0
2003-11-18 00:00:00+09:00,591.4766018632529,604.2422839178555,557.4347830509794,587.2213745117188,52200,0.0,0.0
2003-11-19 00:00:00+09:00,561.6899895215556,587.2213526816264,561.6899895215556,582.9661254882812,35000,0.0,0.0
2003-11-20 00:00:00+09:00,582.9658909388951,595.7315673828125,582.9658909388951,595.7315673828125,16800,0.0,0.0
2003-11-21 00:00:00+09:00,595.731622103987,663.8152360587284,595.731622103987,617.0077514648438,29600,0.0,0.0
2003-11-24 00:00:00+09:00,617.0077514648438,617.0077514648438,617.0077514648438,617.0077514648438,0,0.0,0.0
2003-11-25 00:00:00+09:00,634.02872487661,638.2839512180637,625.5182721937025,629.7734985351562,20600,0.0,0.0
2003-11-26 00:00:00+09:00,629.7734311172385,651.049560546875,629.7734311172385,651.049560546875,12600,0.0,0.0
2003-11-27 00:00:00+09:00,672.3256366436298,676.5808621920072,659.5599599984976,663.815185546875,18200,0.0,0.0
2003-11-28 00:00:00+09:00,668.0706121271307,668.0706121271307,651.0497048117898,655.304931640625,15000,0.0,0.0
2003-12-01 00:00:00+09:00,595.7316240298202,651.049560546875,595.7316240298202,651.049560546875,19000,0.0,0.0
2003-12-02 00:00:00+09:00,659.5600123187295,663.8152382046568,651.049560546875,651.049560546875,22600,0.0,0.0
2003-12-03 00:00:00+09:00,629.7735706676136,659.5601584694602,629.7735706676136,655.304931640625,22200,0.0,0.0
2003-12-04 00:00:00+09:00,638.2839867376512,663.8153462071573,638.2839867376512,659.5601196289062,42400,0.0,0.0
2003-12-05 00:00:00+09:00,663.815330165207,680.836236066879,659.560103689789,668.070556640625,59600,0.0,0.0
2003-12-08 00:00:00+09:00,680.8361586084906,689.3466105910967,672.3257066258844,676.5809326171875,52600,0.0,0.0
2003-12-09 00:00:00+09:00,685.0914077758789,685.0914077758789,646.7943725585938,646.7943725585938,64000,0.0,0.0
2003-12-10 00:00:00+09:00,668.0705032348633,668.0705032348633,646.7943725585938,646.7943725585938,24400,0.0,0.0
2003-12-11 00:00:00+09:00,655.3048930506552,663.8153462071573,638.2839867376512,659.5601196289062,16400,0.0,0.0
2003-12-12 00:00:00+09:00,659.5601584694602,659.5601584694602,651.0497048117898,655.304931640625,37800,0.0,0.0
2003-12-15 00:00:00+09:00,663.815185546875,672.3256366436298,651.0495089017428,663.815185546875,14200,0.0,0.0
2003-12-16 00:00:00+09:00,672.3257993636593,672.3257993636593,655.3048930506552,659.5601196289062,12800,0.0,0.0
2003-12-17 00:00:00+09:00,663.81529296875,663.81529296875,621.2630305989583,638.283935546875,27000,0.0,0.0
2003-12-18 00:00:00+09:00,625.5181601821192,646.7942880794702,625.5181601821192,642.5390625,26200,0.0,0.0
2003-12-19 00:00:00+09:00,646.7943725585938,655.3048248291016,642.5391464233398,646.7943725585938,25400,0.0,0.0
2003-12-22 00:00:00+09:00,634.0286549535291,638.2838808257004,612.7525255926723,617.0077514648438,45200,0.0,0.0
2003-12-23 00:00:00+09:00,617.0077514648438,617.0077514648438,617.0077514648438,617.0077514648438,0,0.0,0.0
2003-12-24 00:00:00+09:00,621.262930063101,621.262930063101,604.2420278695913,608.4972534179688,44600,0.0,0.0
2003-12-25 00:00:00+09:00,595.7316080729166,629.7734142485119,595.7316080729166,625.5181884765625,41800,0.0,0.0
2003-12-26 00:00:00+09:00,634.0286570031658,651.049560546875,634.0286570031658,651.049560546875,23600,0.0,0.0
2003-12-29 00:00:00+09:00,655.3047344501201,668.0704110952524,651.0495089017428,663.815185546875,23200,0.0,0.0
2003-12-30 00:00:00+09:00,680.8361970925633,680.8361970925633,672.3257446289062,672.3257446289062,14800,0.0,0.0
2003-12-31 00:00:00+09:00,672.3257446289062,672.3257446289062,672.3257446289062,672.3257446289062,0,0.0,0.0
2004-01-01 00:00:00+09:00,672.3257446289062,672.3257446289062,672.3257446289062,672.3257446289062,0,0.0,0.0
2004-01-02 00:00:00+09:00,672.3257446289062,672.3257446289062,672.3257446289062,672.3257446289062,0,0.0,0.0
2004-01-05 00:00:00+09:00,676.581120243779,689.3468017578125,676.581120243779,689.3468017578125,26000,0.0,0.0
2004-01-06 00:00:00+09:00,668.0704806345814,689.3466105910967,668.0704806345814,676.5809326171875,63600,0.0,0.0
2004-01-07 00:00:00+09:00,676.581009591461,680.836236066879,663.815330165207,668.070556640625,47600,0.0,0.0
2004-01-08 00:00:00+09:00,668.070556640625,676.581009591461,663.815330165207,668.070556640625,27200,0.0,0.0
2004-01-09 00:00:00+09:00,689.3467575073242,689.3467575073242,676.5810768127442,680.8363037109375,41200,0.0,0.0
2004-01-12 00:00:00+09:00,680.8363037109375,680.8363037109375,680.8363037109375,680.8363037109375,0,0.0,0.0
2004-01-13 00:00:00+09:00,685.0914233243918,685.0914233243918,663.8152921652492,672.3257446289062,34400,0.0,0.0
2004-01-14 00:00:00+09:00,668.0706230163574,685.0915306091308,668.0706230163574,680.8363037109375,20000,0.0,0.0
2004-01-15 00:00:00+09:00,680.8361586084906,689.3466105910967,676.5809326171875,676.5809326171875,29800,0.0,0.0
2004-01-16 00:00:00+09:00,685.091574586468,693.6020289291571,676.581120243779,689.3468017578125,46600,0.0,0.0
2004-01-19 00:00:00+09:00,702.1122436523438,706.3674693714488,689.3465664950284,702.1122436523438,51200,0.0,0.0
2004-01-20 00:00:00+09:00,710.622802734375,731.8989345527694,706.3675763706962,710.622802734375,89400,0.0,0.0
2004-01-21 00:00:00+09:00,710.6227645874023,723.3884429931641,710.6227645874023,714.8779907226562,24600,0.0,0.0
2004-01-22 00:00:00+09:00,714.878029098054,723.3884818254116,710.622802734375,710.622802734375,49800,0.0,0.0
2004-01-23 00:00:00+09:00,697.8570179332386,710.622695090554,697.8570179332386,702.1122436523438,43000,0.0,0.0
2004-01-26 00:00:00+09:00,697.8570179332386,710.622695090554,693.6017922141335,702.1122436523438,22400,0.0,0.0
2004-01-27 00:00:00+09:00,706.3674693714488,706.3674693714488,697.8570179332386,702.1122436523438,22400,0.0,0.0
2004-01-28 00:00:00+09:00,697.8570938578413,697.8570938578413,689.3466414937213,693.6018676757812,37000,0.0,0.0
2004-01-29 00:00:00+09:00,689.3466495562203,693.6018757880488,668.0705183970778,672.3257446289062,38000,0.0,0.0
2004-01-30 00:00:00+09:00,663.8152546432783,680.8361586084906,663.8152546432783,676.5809326171875,23600,0.0,0.0
2004-02-02 00:00:00+09:00,676.5809708607347,680.8361970925633,672.3257446289062,672.3257446289062,6400,0.0,0.0
2004-02-03 00:00:00+09:00,663.8153852982955,672.3258389559659,646.7944779829546,655.304931640625,30800,0.0,0.0
2004-02-04 00:00:00+09:00,651.0495136589404,668.0704159768212,638.2838369205298,642.5390625,34200,0.0,0.0
2004-02-05 00:00:00+09:00,651.0495136589404,659.5599648178808,638.2838369205298,642.5390625,30800,0.0,0.0
2004-02-06 00:00:00+09:00,646.7943725585938,659.5600509643555,642.5391464233398,646.7943725585938,38000,0.0,0.0
2004-02-09 00:00:00+09:00,659.5600667317708,659.5600667317708,634.0287093098958,638.283935546875,46400,0.0,0.0
2004-02-10 00:00:00+09:00,651.0496535333211,651.0496535333211,629.773521064912,634.0287475585938,57800,0.0,0.0
2004-02-11 00:00:00+09:00,634.0287475585938,634.0287475585938,634.0287475585938,634.0287475585938,0,0.0,0.0
2004-02-12 00:00:00+09:00,634.0287475585938,646.7944270396392,634.0287475585938,634.0287475585938,28000,0.0,0.0
2004-02-13 00:00:00+09:00,634.0287093098958,642.5391617838542,634.0287093098958,638.283935546875,43200,0.0,0.0
2004-02-16 00:00:00+09:00,638.2839512180637,642.5391775595175,629.7734985351562,629.7734985351562,61400,0.0,0.0
2004-02-17 00:00:00+09:00,638.2838828890931,651.049560546875,629.7734311172385,651.049560546875,140000,0.0,0.0
2004-02-18 00:00:00+09:00,659.5600123187295,668.0704640905841,651.049560546875,651.049560546875,127000,0.0,0.0
2004-02-19 00:00:00+09:00,651.0495986938477,659.5600509643555,646.7943725585938,646.7943725585938,52600,0.0,0.0
2004-02-20 00:00:00+09:00,651.049560546875,655.3047864328023,646.7943346609477,651.049560546875,43600,0.0,0.0
2004-02-23 00:00:00+09:00,659.5601196289062,659.5601196289062,651.0496664724042,659.5601196289062,27400,0.0,0.0
2004-02-24 00:00:00+09:00,659.5600509643555,659.5600509643555,646.7943725585938,646.7943725585938,38800,0.0,0.0
2004-02-25 00:00:00+09:00,646.7944779829546,663.8153852982955,642.5392511541194,655.304931640625,98200,0.0,0.0
2004-02-26 00:00:00+09:00,659.5600142390091,685.0913696289062,655.3047883406929,685.0913696289062,407400,0.0,0.0
2004-02-27 00:00:00+09:00,680.8361586084906,680.8361586084906,668.0704806345814,676.5809326171875,165400,0.0,0.0
2004-03-01 00:00:00+09:00,676.581120243779,693.6020289291571,672.3258930724344,689.3468017578125,234400,0.0,0.0
2004-03-02 00:00:00+09:00,697.8570473238548,702.112273222171,685.0913696289062,685.0913696289062,173200,0.0,0.0
2004-03-03 00:00:00+09:00,693.6020289291571,697.8572561005016,685.091574586468,689.3468017578125,113200,0.0,0.0
2004-03-04 00:00:00+09:00,693.6018750294146,723.3884586196348,689.3466488022402,706.3675537109375,318800,0.0,0.0
2004-03-05 00:00:00+09:00,714.8780061652861,719.1332323924605,693.6018750294146,706.3675537109375,98000,0.0,0.0
2004-03-08 00:00:00+09:00,714.8780741494082,727.6437540449334,706.3676208857248,719.13330078125,146400,0.0,0.0
2004-03-09 00:00:00+09:00,719.133149780979,740.4092784727239,710.622698304281,736.154052734375,191400,0.0,0.0
2004-03-10 00:00:00+09:00,736.1543267144096,770.1961452907985,731.8990993923611,765.94091796875,381800,0.0,0.0
2004-03-11 00:00:00+09:00,757.4304633246527,765.94091796875,748.9200086805555,765.94091796875,234600,0.0,0.0
2004-03-12 00:00:00+09:00,761.6856865317135,761.6856865317135,748.9200046345339,753.1752319335938,133000,0.0,0.0
2004-03-15 00:00:00+09:00,761.6854248046875,770.1958764784829,757.4301989677898,761.6854248046875,183800,0.0,0.0
2004-03-16 00:00:00+09:00,770.1958764784829,774.4511023153806,761.6854248046875,761.6854248046875,102400,0.0,0.0
2004-03-17 00:00:00+09:00,774.4511861598238,799.9825439453125,765.9407335646608,799.9825439453125,241800,0.0,0.0
2004-03-18 00:00:00+09:00,799.9824661422562,799.9824661422562,770.1958849561083,774.4511108398438,140400,0.0,0.0
2004-03-19 00:00:00+09:00,770.1958704409392,787.2167736551036,765.9406446373981,782.9615478515625,82400,0.0,0.0
2004-03-22 00:00:00+09:00,782.961449535473,808.4928011507601,778.7062242662585,787.2166748046875,111000,0.0,0.0
2004-03-23 00:00:00+09:00,782.9616163937166,808.4929734500334,778.7063902176637,795.727294921875,118600,0.0,0.0
2004-03-24 00:00:00+09:00,804.2377689906529,834.0243530273438,799.982542699697,834.0243530273438,376200,0.0,0.0
2004-03-25 00:00:00+09:00,842.5347592068701,851.0452113200708,821.2586289238684,825.5138549804688,226200,0.0,0.0
2004-03-26 00:00:00+09:00,839.1446007361778,843.4042179987981,809.3272798978365,830.6253662109375,115800,1.0,0.0
2004-03-29 00:00:00+09:00,805.0677230510305,813.5869582155917,796.5484878864694,800.80810546875,190600,0.0,0.0
2004-03-30 00:00:00+09:00,800.80810546875,800.80810546875,792.2888703041888,800.80810546875,65400,0.0,0.0
2004-03-31 00:00:00+09:00,792.2888703041888,800.80810546875,788.0292527219082,800.80810546875,72400,0.0,0.0
2004-04-01 00:00:00+09:00,800.8079642630912,805.0675810942779,788.0291137695312,788.0291137695312,72200,0.0,0.0
2004-04-02 00:00:00+09:00,783.769627305328,783.769627305328,770.9907746862193,779.510009765625,87000,0.0,0.0
2004-04-05 00:00:00+09:00,788.0292710014012,796.5485063635784,783.7696533203125,783.7696533203125,81400,0.0,0.0
2004-04-06 00:00:00+09:00,788.0292710014012,796.5485063635784,775.2504179581352,783.7696533203125,69000,0.0,0.0
2004-04-07 00:00:00+09:00,783.7696533203125,792.2888886824899,783.7696533203125,783.7696533203125,58000,0.0,0.0
2004-04-08 00:00:00+09:00,788.0292527219082,813.5869582155917,783.7696351396277,800.80810546875,175600,0.0,0.0
2004-04-09 00:00:00+09:00,792.2886207538415,796.5482369944536,758.2116908289452,770.9905395507812,128800,0.0,0.0
2004-04-12 00:00:00+09:00,779.509880107158,788.0291137695312,775.2502632759713,788.0291137695312,89000,0.0,0.0
2004-04-13 00:00:00+09:00,783.7694969383447,796.5483474319046,779.509880107158,788.0291137695312,137600,0.0,0.0
2004-04-14 00:00:00+09:00,788.0291283312182,839.14453125,788.0291283312182,839.14453125,272000,0.0,0.0
2004-04-15 00:00:00+09:00,851.9234702225132,856.1830875736257,809.3272967113875,813.5869140625,306800,0.0,0.0
2004-04-16 00:00:00+09:00,834.8849920559423,839.1446093623503,809.3272882174952,822.1061401367188,102200,0.0,0.0
2004-04-19 00:00:00+09:00,826.3657661158377,826.3657661158377,792.2888273069373,813.5869140625,136200,0.0,0.0
2004-04-20 00:00:00+09:00,792.2888189918636,826.3657574431267,792.2888189918636,822.1061401367188,90800,0.0,0.0
2004-04-21 00:00:00+09:00,822.1062373301429,932.8563003901621,813.5870017101414,898.7793579101562,1238000,0.0,0.0
2004-04-22 00:00:00+09:00,894.5197430778952,898.7793609020756,868.9620361328125,868.9620361328125,262600,0.0,0.0
2004-04-23 00:00:00+09:00,886.0005074295343,886.0005074295343,851.9235648360907,868.9620361328125,107200,0.0,0.0
2004-04-26 00:00:00+09:00,864.70230525555,873.2215397900874,847.663836186475,860.4426879882812,87800,0.0,0.0
2004-04-27 00:00:00+09:00,856.183278050916,868.9621329471984,843.4044231546337,864.7025146484375,122400,0.0,0.0
2004-04-28 00:00:00+09:00,868.9619225228187,873.2215397900874,851.9234534537437,860.4426879882812,63000,0.0,0.0
2004-04-29 00:00:00+09:00,860.4426879882812,860.4426879882812,860.4426879882812,860.4426879882812,0,0.0,0.0
2004-04-30 00:00:00+09:00,830.625297430203,839.14453125,809.3272128807106,839.14453125,153600,0.0,0.0
2004-05-03 00:00:00+09:00,839.14453125,839.14453125,839.14453125,839.14453125,0,0.0,0.0
2004-05-04 00:00:00+09:00,839.14453125,839.14453125,839.14453125,839.14453125,0,0.0,0.0
2004-05-05 00:00:00+09:00,839.14453125,839.14453125,839.14453125,839.14453125,0,0.0,0.0
2004-05-06 00:00:00+09:00,817.8465314136126,830.6253834669503,809.3272967113875,813.5869140625,132600,0.0,0.0
2004-05-07 00:00:00+09:00,809.3273406333111,809.3273406333111,792.2888703041888,800.80810546875,78400,0.0,0.0
2004-05-10 00:00:00+09:00,796.5484342353288,796.5484342353288,702.8368537370549,732.6541748046875,155800,0.0,0.0
2004-05-11 00:00:00+09:00,702.8369304112025,732.6542547316778,698.5773126511347,715.6157836914062,80200,0.0,0.0
2004-05-12 00:00:00+09:00,745.4329490661621,749.6925659179688,724.1348648071289,749.6925659179688,75200,0.0,0.0
2004-05-13 00:00:00+09:00,749.6926797788742,749.6926797788742,724.1349747864126,728.3945922851562,44000,0.0,0.0
2004-05-14 00:00:00+09:00,711.3562166101792,736.9139249913833,698.5773624195772,724.1350708007812,107400,0.0,0.0
2004-05-17 00:00:00+09:00,724.1349945068359,724.1349945068359,681.538818359375,681.538818359375,98000,0.0,0.0
2004-05-18 00:00:00+09:00,677.279199291846,736.9138457703733,673.019581686237,711.3561401367188,53000,0.0,0.0
2004-05-19 00:00:00+09:00,711.3561222901818,736.9138272826434,677.279182300233,728.3945922851562,77800,0.0,0.0
2004-05-20 00:00:00+09:00,741.1733322143555,762.4714164733887,728.3944816589355,749.6925659179688,117200,0.0,0.0
2004-05-21 00:00:00+09:00,745.4329490661621,753.9521827697754,736.9137153625488,749.6925659179688,57000,0.0,0.0
2004-05-24 00:00:00+09:00,775.2502864219623,779.5099033803247,758.2118185885125,762.471435546875,107400,0.0,0.0
2004-05-25 00:00:00+09:00,766.731308759269,766.731308759269,749.6928352312854,753.9524536132812,39200,0.0,0.0
2004-05-26 00:00:00+09:00,758.2119323028916,770.9907850945133,741.1734619140625,741.1734619140625,71000,0.0,0.0
2004-05-27 00:00:00+09:00,741.173444781387,749.6926797788742,728.3945922851562,728.3945922851562,60400,0.0,0.0
2004-05-28 00:00:00+09:00,732.6542097838998,736.9138272826434,719.875357287669,728.3945922851562,92000,0.0,0.0
2004-05-31 00:00:00+09:00,724.1350708007812,728.3946888643153,711.3562166101792,724.1350708007812,50000,0.0,0.0
2004-06-01 00:00:00+09:00,728.3945575093114,732.6541748046875,715.6157056231832,732.6541748046875,86000,0.0,0.0
2004-06-02 00:00:00+09:00,732.6542281647643,732.6542281647643,707.0965225311097,711.3561401367188,115200,0.0,0.0
2004-06-03 00:00:00+09:00,719.8754110681006,719.8754110681006,698.5773219832455,707.0965576171875,91200,0.0,0.0
2004-06-04 00:00:00+09:00,698.5773126511347,715.6157836914062,694.3176948910667,715.6157836914062,64400,0.0,0.0
2004-06-07 00:00:00+09:00,724.1349574497767,745.4330444335938,724.1349574497767,745.4330444335938,139000,0.0,0.0
2004-06-08 00:00:00+09:00,758.211896623884,758.211896623884,736.9138096400669,745.4330444335938,142800,0.0,0.0
2004-06-09 00:00:00+09:00,749.6926439861919,749.6926439861919,728.3945575093114,732.6541748046875,65600,0.0,0.0
2004-06-10 00:00:00+09:00,728.3946091224408,762.4715499000988,728.3946091224408,741.1734619140625,228800,0.0,0.0
2004-06-11 00:00:00+09:00,758.211799621582,762.4714164733887,745.4329490661621,749.6925659179688,186000,0.0,0.0
2004-06-14 00:00:00+09:00,775.25035819622,843.4042358398438,775.25035819622,843.4042358398438,467600,0.0,0.0
2004-06-15 00:00:00+09:00,817.8464432565789,826.3656770405016,796.5483587967722,809.3272094726562,340000,0.0,0.0
2004-06-16 00:00:00+09:00,817.8464432565789,817.8464432565789,800.8079756887336,809.3272094726562,153200,0.0,0.0
2004-06-17 00:00:00+09:00,817.8464432565789,817.8464432565789,805.0675925806948,809.3272094726562,91600,0.0,0.0
2004-06-18 00:00:00+09:00,830.625339783344,834.8849569104381,813.5868712749677,826.36572265625,228200,0.0,0.0
2004-06-21 00:00:00+09:00,826.3657489483173,839.1446007361778,817.8465144230769,830.6253662109375,141600,0.0,0.0
2004-06-22 00:00:00+09:00,830.6255682583513,864.7025146484375,826.3659499595906,864.7025146484375,350600,0.0,0.0
2004-06-23 00:00:00+09:00,856.1829946573498,881.740695990405,843.4041439908221,877.4810791015625,450800,0.0,0.0
2004-06-24 00:00:00+09:00,886.000339673913,894.5195737092391,877.4811056385869,881.74072265625,216800,0.0,0.0
2004-06-25 00:00:00+09:00,873.2216239964357,924.3370361328125,864.702388640373,924.3370361328125,285600,0.0,0.0
2004-06-28 00:00:00+09:00,915.8176001432901,924.3368336329951,903.0387499087325,911.5579833984375,239000,0.0,0.0
2004-06-29 00:00:00+09:00,911.5582113401584,920.0774469601599,886.000504480154,898.7793579101562,108200,0.0,0.0
2004-06-30 00:00:00+09:00,903.0387996691836,903.0387996691836,881.7407147713255,890.2599487304688,69000,0.0,0.0
2004-07-01 00:00:00+09:00,894.5197430778952,898.7793609020756,856.1831826602711,868.9620361328125,161000,0.0,0.0
2004-07-02 00:00:00+09:00,851.9233665656094,868.9618338969216,851.9233665656094,856.1829833984375,97200,0.0,0.0
2004-07-05 00:00:00+09:00,851.923583984375,856.1832019042969,826.3658764648437,851.923583984375,83000,0.0,0.0
2004-07-06 00:00:00+09:00,839.1446007361778,856.1830697866586,830.6253662109375,830.6253662109375,68400,0.0,0.0
2004-07-07 00:00:00+09:00,817.8465228303108,830.6253747495344,800.8080536046793,822.1061401367188,85800,0.0,0.0
2004-07-08 00:00:00+09:00,839.1447703043619,839.1447703043619,817.8466796875,817.8466796875,33800,0.0,0.0
2004-07-09 00:00:00+09:00,817.8465317234849,843.4042358398438,817.8465317234849,843.4042358398438,55400,0.0,0.0
2004-07-12 00:00:00+09:00,847.663836186475,860.4426879882812,834.8849843846689,860.4426879882812,64800,0.0,0.0
2004-07-13 00:00:00+09:00,868.9618716032609,886.000339673913,856.1830205502716,881.74072265625,92000,0.0,0.0
2004-07-14 00:00:00+09:00,894.519842739763,898.7794610385238,864.7025146484375,864.7025146484375,115000,0.0,0.0
2004-07-15 00:00:00+09:00,886.0006061422414,898.7794610385238,864.7025146484375,864.7025146484375,140800,0.0,0.0
2004-07-16 00:00:00+09:00,868.9621329471984,868.9621329471984,856.183278050916,864.7025146484375,76400,0.0,0.0
2004-07-19 00:00:00+09:00,864.7025146484375,864.7025146484375,864.7025146484375,864.7025146484375,0,0.0,0.0
2004-07-20 00:00:00+09:00,864.7022170640936,873.2214507297497,856.1829833984375,856.1829833984375,83800,0.0,0.0
2004-07-21 00:00:00+09:00,868.9619225228187,868.9619225228187,851.9234534537437,860.4426879882812,101200,0.0,0.0
2004-07-22 00:00:00+09:00,851.9234705452967,856.1830878980232,839.1446184871172,843.4042358398438,80600,0.0,0.0
2004-07-23 00:00:00+09:00,847.6637650697969,851.9233819796954,834.8849143401015,839.14453125,51800,0.0,0.0
2004-07-26 00:00:00+09:00,817.8464432565789,822.1060601485403,800.8079756887336,809.3272094726562,99800,0.0,0.0
2004-07-27 00:00:00+09:00,805.0677150038423,809.3273325435451,775.2503922259222,779.510009765625,52400,0.0,0.0
2004-07-28 00:00:00+09:00,800.8080620091623,817.8465314136126,796.5484446580498,813.5869140625,51400,0.0,0.0
2004-07-29 00:00:00+09:00,813.5868421985257,813.5868421985257,788.0291403493574,792.2887573242188,56600,0.0,0.0
2004-07-30 00:00:00+09:00,809.3271979254646,817.8464315878379,788.0291137695312,788.0291137695312,83600,0.0,0.0
2004-08-02 00:00:00+09:00,809.3273406333111,809.3273406333111,792.2888703041888,800.80810546875,44200,0.0,0.0
2004-08-03 00:00:00+09:00,809.3273667431382,809.3273667431382,796.548513584036,805.0677490234375,41600,0.0,0.0
2004-08-04 00:00:00+09:00,796.5483742990801,800.8079912739415,775.2502894247732,792.2887573242188,48800,0.0,0.0
2004-08-05 00:00:00+09:00,800.80810546875,805.0677230510305,788.0292527219082,800.80810546875,37400,0.0,0.0
2004-08-06 00:00:00+09:00,775.2502894247732,792.2887573242188,775.2502894247732,792.2887573242188,34200,0.0,0.0
2004-08-09 00:00:00+09:00,766.7311314174107,779.5099836077009,762.4715140206473,775.2503662109375,36000,0.0,0.0
2004-08-10 00:00:00+09:00,775.2502632759713,792.2887306007179,770.9906464447846,788.0291137695312,31200,0.0,0.0
2004-08-11 00:00:00+09:00,800.80810546875,800.80810546875,792.2888703041888,800.80810546875,27400,0.0,0.0
2004-08-12 00:00:00+09:00,796.5484619140625,800.8080793574533,796.5484619140625,796.5484619140625,11600,0.0,0.0
2004-08-13 00:00:00+09:00,792.2888623847336,792.2888623847336,779.510009765625,779.510009765625,36600,0.0,0.0
2004-08-16 00:00:00+09:00,779.5099836077009,788.0292184012277,770.990748814174,775.2503662109375,24400,0.0,0.0
2004-08-17 00:00:00+09:00,788.0292448450308,796.5484799244365,779.510009765625,779.510009765625,26600,0.0,0.0
2004-08-18 00:00:00+09:00,788.0292710014012,792.2888886824899,779.5100356392238,783.7696533203125,29600,0.0,0.0
2004-08-19 00:00:00+09:00,792.2887573242188,800.8079912739415,788.0291403493574,792.2887573242188,55400,0.0,0.0
2004-08-20 00:00:00+09:00,796.548589070638,817.8466796875,796.548589070638,817.8466796875,135000,0.0,0.0
2004-08-23 00:00:00+09:00,860.4426298734675,911.5580336283269,856.1830128938958,890.2599487304688,898600,0.0,0.0
2004-08-24 00:00:00+09:00,898.7791826896121,898.7791826896121,877.4810977917539,890.2599487304688,234800,0.0,0.0
2004-08-25 00:00:00+09:00,881.7407490656926,886.0003662109375,877.4811319204476,886.0003662109375,113600,0.0,0.0
2004-08-26 00:00:00+09:00,894.5195737092391,898.7791907269021,877.4811056385869,881.74072265625,116000,0.0,0.0
2004-08-27 00:00:00+09:00,877.4813589700838,877.4813589700838,860.4428859803734,873.2217407226562,78400,0.0,0.0
2004-08-30 00:00:00+09:00,877.4813695447199,881.7409878434806,860.4428963496767,864.7025146484375,105200,0.0,0.0
2004-08-31 00:00:00+09:00,873.2215147752028,907.2984519371619,873.2215147752028,886.0003662109375,218400,0.0,0.0
2004-09-01 00:00:00+09:00,894.5195657100404,898.7791826896121,881.7407147713255,890.2599487304688,102200,0.0,0.0
2004-09-02 00:00:00+09:00,903.0388624403212,920.0773315429688,890.2600106133355,920.0773315429688,302800,0.0,0.0
2004-09-03 00:00:00+09:00,928.5966825801614,937.1159182001629,894.5197401001554,898.7793579101562,297000,0.0,0.0
2004-09-06 00:00:00+09:00,903.0388624403212,924.3369488186306,894.5196278889973,920.0773315429688,204800,0.0,0.0
2004-09-07 00:00:00+09:00,920.0772438226744,920.0772438226744,907.2983932140262,915.817626953125,132400,0.0,0.0
2004-09-08 00:00:00+09:00,915.8178291501591,915.8178291501591,890.2601222901548,898.7793579101562,129200,0.0,0.0
2004-09-09 00:00:00+09:00,890.2599833561824,907.2984519371619,877.4811319204476,886.0003662109375,152600,0.0,0.0
2004-09-10 00:00:00+09:00,881.7407490656926,890.2599833561824,877.4811319204476,886.0003662109375,112200,0.0,0.0
2004-09-13 00:00:00+09:00,894.5196533203125,894.5196533203125,886.0004185267857,894.5196533203125,63200,0.0,0.0
2004-09-14 00:00:00+09:00,894.5196005014272,898.7792176466721,881.7407490656926,886.0003662109375,89000,0.0,0.0
2004-09-15 00:00:00+09:00,886.0005074295343,886.0005074295343,868.9620361328125,868.9620361328125,80600,0.0,0.0
2004-09-16 00:00:00+09:00,860.4428004844516,873.2216539569929,856.1831826602711,868.9620361328125,82400,0.0,0.0
2004-09-17 00:00:00+09:00,877.4813589700838,877.4813589700838,860.4428859803734,873.2217407226562,57800,0.0,0.0
2004-09-20 00:00:00+09:00,873.2217407226562,873.2217407226562,873.2217407226562,873.2217407226562,0,0.0,0.0
2004-09-21 00:00:00+09:00,877.4813589700838,881.7409772175114,873.2217407226562,873.2217407226562,56400,0.0,0.0
2004-09-22 00:00:00+09:00,873.2216539569929,873.2216539569929,856.1831826602711,868.9620361328125,68600,0.0,0.0
2004-09-23 00:00:00+09:00,868.9620361328125,868.9620361328125,868.9620361328125,868.9620361328125,0,0.0,0.0
2004-09-24 00:00:00+09:00,860.4428004844516,868.9620361328125,856.1831826602711,868.9620361328125,58800,0.0,0.0
2004-09-27 00:00:00+09:00,862.1332012939453,866.4011874389648,836.5252844238281,853.5972290039062,65000,2.0,0.0
2004-09-28 00:00:00+09:00,853.5972518150252,853.5972518150252,840.7932930377998,845.061279296875,32200,0.0,0.0
2004-09-29 00:00:00+09:00,845.061279296875,853.5972518150252,836.5253067787247,845.061279296875,80600,0.0,0.0
2004-09-30 00:00:00+09:00,862.1332397460938,883.4731714229772,857.8652534107171,862.1332397460938,206200,0.0,0.0
2004-10-01 00:00:00+09:00,879.2050351097471,900.5449631463914,879.2050351097471,896.2769775390625,127200,0.0,0.0
2004-10-04 00:00:00+09:00,913.3489420964167,921.8849135178785,887.7410278320312,887.7410278320312,268000,0.0,0.0
2004-10-05 00:00:00+09:00,900.5451049804688,913.3490638190536,896.2771187009405,900.5451049804688,140800,0.0,0.0
2004-10-06 00:00:00+09:00,896.2771563462808,913.349102181448,896.2771563462808,909.0811157226562,129600,0.0,0.0
2004-10-07 00:00:00+09:00,926.1528533225836,926.1528533225836,909.0809113258539,917.6168823242188,169200,0.0,0.0
2004-10-08 00:00:00+09:00,909.0808707343208,926.1528119687681,900.5449001170971,921.8848266601562,145000,0.0,0.0
2004-10-11 00:00:00+09:00,921.8848266601562,921.8848266601562,921.8848266601562,921.8848266601562,0,0.0,0.0
2004-10-12 00:00:00+09:00,926.1530591140147,981.636882931905,921.8850726664847,977.368896484375,1270800,0.0,0.0
2004-10-13 00:00:00+09:00,968.8325802939279,973.1005652291434,947.4926556178502,956.0286254882812,293800,0.0,0.0
2004-10-14 00:00:00+09:00,943.2250073929907,943.2250073929907,909.0811157226562,909.0811157226562,223200,0.0,0.0
2004-10-15 00:00:00+09:00,892.0090076077369,934.6888644310735,879.2050505607359,926.1528930664062,220200,0.0,0.0
2004-10-18 00:00:00+09:00,934.6890344754071,934.6890344754071,900.5451428050726,909.0811157226562,137200,0.0,0.0
2004-10-19 00:00:00+09:00,917.6170886402398,921.8850750990316,904.8131292638644,909.0811157226562,103600,0.0,0.0
2004-10-20 00:00:00+09:00,900.5450271385303,904.8130130491395,879.2050975854845,883.4730834960938,81200,0.0,0.0
2004-10-21 00:00:00+09:00,896.2772132610453,896.2772132610453,866.4013061523438,866.4013061523438,80200,0.0,0.0
2004-10-22 00:00:00+09:00,879.2050351097471,913.348919968378,874.9370495024182,896.2769775390625,64400,0.0,0.0
2004-10-25 00:00:00+09:00,874.9371116748754,887.7410694067029,874.9371116748754,883.4730834960938,43200,0.0,0.0
2004-10-26 00:00:00+09:00,883.4729632477262,883.4729632477262,857.8650512695312,857.8650512695312,60000,0.0,0.0
2004-10-27 00:00:00+09:00,879.2051850876005,879.2051850876005,857.8652534107171,862.1332397460938,77000,0.0,0.0
2004-10-28 00:00:00+09:00,870.6690849891075,892.0090135427622,870.6690849891075,887.7410278320312,72200,0.0,0.0
2004-10-29 00:00:00+09:00,866.4012147442425,938.9569814962234,866.4012147442425,900.5451049804688,273200,0.0,0.0
2004-11-01 00:00:00+09:00,896.276999253493,904.812970674955,883.4730421213003,887.7410278320312,39400,0.0,0.0
2004-11-02 00:00:00+09:00,887.7412247567808,909.0811580442033,887.7412247567808,904.8131713867188,65800,0.0,0.0
2004-11-03 00:00:00+09:00,904.8131713867188,904.8131713867188,904.8131713867188,904.8131713867188,0,0.0,0.0
2004-11-04 00:00:00+09:00,913.3491447016878,921.8851180166569,904.8131713867188,904.8131713867188,64800,0.0,0.0
2004-11-05 00:00:00+09:00,917.6169236798153,926.1528950628833,909.0809522967472,913.3489379882812,43400,0.0,0.0
2004-11-08 00:00:00+09:00,917.6168413515445,930.42079727738,913.3488560429327,921.8848266601562,68200,0.0,0.0
2004-11-09 00:00:00+09:00,921.8850064212329,934.68896484375,917.6170202803938,934.68896484375,79800,0.0,0.0
2004-11-10 00:00:00+09:00,913.349102181448,917.6170886402398,904.8131292638644,909.0811157226562,88200,0.0,0.0
2004-11-11 00:00:00+09:00,909.0809989597486,913.3489848703578,883.4730834960938,883.4730834960938,106800,0.0,0.0
2004-11-12 00:00:00+09:00,883.4730207170759,900.5449631463914,883.4730207170759,896.2769775390625,34800,0.0,0.0
2004-11-15 00:00:00+09:00,892.0089919317336,900.5449631463914,892.0089919317336,896.2769775390625,29400,0.0,0.0
2004-11-16 00:00:00+09:00,896.2769775390625,900.5449631463914,892.0089919317336,896.2769775390625,24400,0.0,0.0
2004-11-17 00:00:00+09:00,892.0090135427622,896.276999253493,887.7410278320312,887.7410278320312,22600,0.0,0.0
2004-11-18 00:00:00+09:00,879.2049560546875,887.7409265018204,879.2049560546875,879.2049560546875,46000,0.0,0.0
2004-11-19 00:00:00+09:00,879.2051002652038,883.4730861888212,870.6691284179688,870.6691284179688,44200,0.0,0.0
2004-11-22 00:00:00+09:00,866.4010219289296,866.4010219289296,857.8650512695312,857.8650512695312,44000,0.0,0.0
2004-11-23 00:00:00+09:00,857.8650512695312,857.8650512695312,857.8650512695312,857.8650512695312,0,0.0,0.0
2004-11-24 00:00:00+09:00,857.8650512695312,866.4010219289296,857.8650512695312,857.8650512695312,35600,0.0,0.0
2004-11-25 00:00:00+09:00,870.6693299828506,883.4732907178925,862.1333561594893,874.9373168945312,79400,0.0,0.0
2004-11-26 00:00:00+09:00,892.0089117253868,900.5448821725197,879.2049560546875,879.2049560546875,153200,0.0,0.0
2004-11-29 00:00:00+09:00,892.0091324214122,904.813091259997,887.7411461418839,900.5451049804688,82800,0.0,0.0
2004-11-30 00:00:00+09:00,900.544984964224,900.544984964224,887.7410278320312,887.7410278320312,22600,0.0,0.0
2004-12-01 00:00:00+09:00,879.2050975854845,887.7410694067029,874.9371116748754,883.4730834960938,32200,0.0,0.0
2004-12-02 00:00:00+09:00,892.0090135427622,896.276999253493,879.2050564105693,887.7410278320312,35400,0.0,0.0
2004-12-03 00:00:00+09:00,887.7410694067029,892.009055317312,879.2050975854845,883.4730834960938,24400,0.0,0.0
2004-12-06 00:00:00+09:00,887.7412776295731,892.0092645412537,874.9373168945312,874.9373168945312,40800,0.0,0.0
2004-12-07 00:00:00+09:00,879.2053038062119,887.7412776295731,874.9373168945312,874.9373168945312,29800,0.0,0.0
2004-12-08 00:00:00+09:00,874.9373168945312,879.2053038062119,870.6693299828506,874.9373168945312,63200,0.0,0.0
2004-12-09 00:00:00+09:00,883.4731714229772,883.4731714229772,857.8652534107171,862.1332397460938,61400,0.0,0.0
2004-12-10 00:00:00+09:00,862.1330365992304,866.4010219289296,857.8650512695312,857.8650512695312,82000,0.0,0.0
2004-12-13 00:00:00+09:00,862.1332012939453,866.4011874389648,853.5972290039062,853.5972290039062,36000,0.0,0.0
2004-12-14 00:00:00+09:00,862.1332012939453,862.1332012939453,849.3292428588867,853.5972290039062,61400,0.0,0.0
2004-12-15 00:00:00+09:00,853.5970659398321,862.1330365992304,853.5970659398321,857.8650512695312,58400,0.0,0.0
2004-12-16 00:00:00+09:00,857.8650512695312,857.8650512695312,853.5970659398321,857.8650512695312,30200,0.0,0.0
2004-12-17 00:00:00+09:00,857.8652534107171,866.4012260814704,857.8652534107171,862.1332397460938,45400,0.0,0.0
2004-12-20 00:00:00+09:00,866.4013061523438,870.6692928821583,862.1333194225293,866.4013061523438,59600,0.0,0.0
2004-12-21 00:00:00+09:00,874.9371116748754,883.4730834960938,870.6691257642663,883.4730834960938,56000,0.0,0.0
2004-12-22 00:00:00+09:00,887.7410694067029,892.009055317312,883.4730834960938,883.4730834960938,49600,0.0,0.0
2004-12-23 00:00:00+09:00,883.4730834960938,883.4730834960938,883.4730834960938,883.4730834960938,0,0.0,0.0
2004-12-24 00:00:00+09:00,883.4730834960938,887.7410694067029,879.2050975854845,883.4730834960938,42000,0.0,0.0
2004-12-27 00:00:00+09:00,874.936970831121,879.2049560546875,870.6689856075545,879.2049560546875,56000,0.0,0.0
2004-12-28 00:00:00+09:00,874.9370706998385,887.7410278320312,874.9370706998385,887.7410278320312,40400,0.0,0.0
2004-12-29 00:00:00+09:00,879.2050975854845,887.7410694067029,879.2050975854845,883.4730834960938,40600,0.0,0.0
2004-12-30 00:00:00+09:00,887.7410278320312,892.0090135427622,883.4730421213003,887.7410278320312,32200,0.0,0.0
2004-12-31 00:00:00+09:00,887.7410278320312,887.7410278320312,887.7410278320312,887.7410278320312,0,0.0,0.0
2005-01-03 00:00:00+09:00,887.7410278320312,887.7410278320312,887.7410278320312,887.7410278320312,0,0.0,0.0
2005-01-04 00:00:00+09:00,896.2770803351152,900.5450664319491,887.7411081414474,892.0090942382812,20400,0.0,0.0
2005-01-05 00:00:00+09:00,900.5451847292343,913.3491447016878,896.2771980717498,904.8131713867188,81600,0.0,0.0
2005-01-06 00:00:00+09:00,896.2769548283067,921.8848678234012,896.2769548283067,917.6168823242188,144600,0.0,0.0
2005-01-07 00:00:00+09:00,921.8849093713493,926.1528950628833,904.8129666052132,913.3489379882812,106200,0.0,0.0
2005-01-10 00:00:00+09:00,913.3489379882812,913.3489379882812,913.3489379882812,913.3489379882812,0,0.0,0.0
2005-01-11 00:00:00+09:00,917.6169217017389,926.1528930664062,913.3489360194052,926.1528930664062,101000,0.0,0.0
2005-01-12 00:00:00+09:00,921.8848678234012,921.8848678234012,909.0809113258539,917.6168823242188,61800,0.0,0.0
2005-01-13 00:00:00+09:00,921.8851171875,960.2969970703125,909.0811572265625,960.2969970703125,465800,0.0,0.0
2005-01-14 00:00:00+09:00,938.95703125,943.2250177556818,926.1530717329546,938.95703125,204200,0.0,0.0
2005-01-17 00:00:00+09:00,947.4928588867188,960.296816439242,934.6889013341955,947.4928588867188,149000,0.0,0.0
2005-01-18 00:00:00+09:00,956.0286254882812,968.8325802939279,951.7606405530657,956.0286254882812,227200,0.0,0.0
2005-01-19 00:00:00+09:00,960.2969736779839,977.3689198767037,960.2969736779839,968.8329467773438,240400,0.0,0.0
2005-01-20 00:00:00+09:00,960.2969208454115,960.2969208454115,938.956989271069,943.2249755859375,143000,0.0,0.0
2005-01-21 00:00:00+09:00,938.9567860145739,956.0287275784754,934.6888006235986,951.7607421875,56400,0.0,0.0
2005-01-24 00:00:00+09:00,943.2250177556818,947.4930042613637,934.6890447443183,938.95703125,39600,0.0,0.0
2005-01-25 00:00:00+09:00,938.9567860145739,956.0287275784754,930.4208152326233,951.7607421875,114200,0.0,0.0
2005-01-26 00:00:00+09:00,951.7608615571419,964.5648193359375,951.7608615571419,964.5648193359375,111000,0.0,0.0
2005-01-27 00:00:00+09:00,994.440673828125,1015.7806024510461,985.9047023789565,994.440673828125,406400,0.0,0.0
2005-01-28 00:00:00+09:00,990.1728515625,998.7088244207974,981.6368787042026,990.1728515625,100200,0.0,0.0
2005-01-31 00:00:00+09:00,990.1726881035407,998.7086595527092,981.6367166543723,994.440673828125,116600,0.0,0.0
2005-02-01 00:00:00+09:00,998.7090139987578,1024.3169374346235,985.905052280825,1020.0489501953125,238000,0.0,0.0
2005-02-02 00:00:00+09:00,1028.5844706794028,1058.4603681680162,1028.5844706794028,1054.1923828125,428000,0.0,0.0
2005-02-03 00:00:00+09:00,1062.7285507082,1131.0163290669598,1062.7285507082,1084.0684814453125,738600,0.0,0.0
2005-02-04 00:00:00+09:00,1084.0686083789842,1088.3365950261455,1062.7286751431773,1071.2646484375,224000,0.0,0.0
2005-02-07 00:00:00+09:00,1088.3365807166467,1109.676513671875,1088.3365807166467,1109.676513671875,323200,0.0,0.0
2005-02-08 00:00:00+09:00,1113.9442968184424,1113.9442968184424,1088.3363819490528,1105.4083251953125,250200,0.0,0.0
2005-02-09 00:00:00+09:00,1109.6763086682968,1122.4802660760079,1092.6043654580153,1118.2122802734375,235800,0.0,0.0
2005-02-10 00:00:00+09:00,1122.480224609375,1131.01619589918,1101.1402963848623,1122.480224609375,207400,0.0,0.0
2005-02-11 00:00:00+09:00,1122.480224609375,1122.480224609375,1122.480224609375,1122.480224609375,0,0.0,0.0
2005-02-14 00:00:00+09:00,1122.480473445012,1131.0164466271035,1109.676513671875,1109.676513671875,187800,0.0,0.0
2005-02-15 00:00:00+09:00,1109.676513671875,1118.2124868539663,1105.4085270808293,1109.676513671875,119800,0.0,0.0
2005-02-16 00:00:00+09:00,1101.1403866722471,1105.4083726671008,1075.532470703125,1075.532470703125,122000,0.0,0.0
2005-02-17 00:00:00+09:00,1066.9964987134176,1084.0684426928324,1058.4605267237105,1075.532470703125,119800,0.0,0.0
2005-02-18 00:00:00+09:00,1075.5326350846615,1075.5326350846615,1058.460688496016,1071.2646484375,82200,0.0,0.0
2005-02-21 00:00:00+09:00,1079.8005749272365,1101.1405072380514,1062.7286290785846,1088.3365478515625,193200,0.0,0.0
2005-02-22 00:00:00+09:00,1096.872606360394,1096.872606360394,1075.5326723845108,1079.8006591796875,86600,0.0,0.0
2005-02-23 00:00:00+09:00,1058.4605712890625,1071.2645298127206,1049.9245989399571,1058.4605712890625,140000,0.0,0.0
2005-02-24 00:00:00+09:00,1062.7285507082,1084.0684814453125,1062.7285507082,1084.0684814453125,101400,0.0,0.0
2005-02-25 00:00:00+09:00,1092.6043677606178,1109.6763110068775,1079.8004103259232,1105.4083251953125,183800,0.0,0.0
2005-02-28 00:00:00+09:00,1126.7486572265625,1143.8206065784802,1109.676707874645,1126.7486572265625,322200,0.0,0.0
2005-03-01 00:00:00+09:00,1135.284703496677,1152.3566539251983,1126.748728282416,1143.8206787109375,176600,0.0,0.0
2005-03-02 00:00:00+09:00,1160.8920487065018,1190.7679470188016,1156.6240632333163,1165.1600341796875,323400,0.0,0.0
2005-03-03 00:00:00+09:00,1182.2325152228861,1186.5005026424633,1156.6245907054229,1160.892578125,151800,0.0,0.0
2005-03-04 00:00:00+09:00,1182.2320143884892,1195.0359712230215,1165.160071942446,1186.5,213200,0.0,0.0
2005-03-07 00:00:00+09:00,1199.3040330317983,1220.6439624451755,1182.2320895010964,1216.3759765625,261000,0.0,0.0
2005-03-08 00:00:00+09:00,1216.3758557908077,1224.911826708638,1182.231972119487,1203.5718994140625,280000,0.0,0.0
2005-03-09 00:00:00+09:00,1207.8402099609375,1212.1081965685732,1186.5002769227583,1207.8402099609375,145600,0.0,0.0
2005-03-10 00:00:00+09:00,1203.5720189144736,1224.911948327851,1199.3040330317983,1216.3759765625,168400,0.0,0.0
2005-03-11 00:00:00+09:00,1224.911948327851,1229.1799342105262,1216.3759765625,1216.3759765625,217600,0.0,0.0
2005-03-14 00:00:00+09:00,1229.1800118944636,1233.447998046875,1216.3760534372298,1233.447998046875,126800,0.0,0.0
2005-03-15 00:00:00+09:00,1241.984130859375,1267.5920510832796,1237.7161441553908,1241.984130859375,281200,0.0,0.0
2005-03-16 00:00:00+09:00,1237.7159841992864,1237.7159841992864,1216.3760534372298,1233.447998046875,83400,0.0,0.0
2005-03-17 00:00:00+09:00,1220.644039589641,1237.7159841992864,1216.3760534372298,1233.447998046875,85600,0.0,0.0
2005-03-18 00:00:00+09:00,1220.6438763198591,1250.519775390625,1220.6438763198591,1250.519775390625,86800,0.0,0.0
2005-03-21 00:00:00+09:00,1250.519775390625,1250.519775390625,1250.519775390625,1250.519775390625,0,0.0,0.0
2005-03-22 00:00:00+09:00,1263.3238085937498,1284.6637377929687,1246.251865234375,1280.395751953125,174600,0.0,0.0
2005-03-23 00:00:00+09:00,1276.1278952254731,1276.1278952254731,1254.7879638671875,1254.7879638671875,88600,0.0,0.0
2005-03-24 00:00:00+09:00,1259.0556245066148,1263.3236096744338,1224.9117431640625,1224.9117431640625,66200,0.0,0.0
2005-03-25 00:00:00+09:00,1224.9118241204155,1229.1798095703125,1199.303911421034,1229.1798095703125,141000,0.0,0.0
2005-03-28 00:00:00+09:00,1223.1918987551362,1244.5763725095967,1223.1918987551362,1236.0225830078125,47800,3.0,0.0
2005-03-29 00:00:00+09:00,1244.5768668038504,1244.5768668038504,1193.2541094098772,1197.531005859375,72400,0.0,0.0
2005-03-30 00:00:00+09:00,1159.038735150398,1184.7001093603699,1137.654256642088,1141.93115234375,104800,0.0,0.0
2005-03-31 00:00:00+09:00,1150.4849888268739,1201.8077392578125,1150.4849888268739,1201.8077392578125,76200,0.0,0.0
2005-04-01 00:00:00+09:00,1163.3156764346086,1210.3615309963022,1163.3156764346086,1201.8077392578125,96400,0.0,0.0
2005-04-04 00:00:00+09:00,1206.0845563128278,1223.192138671875,1197.5307651333042,1223.192138671875,69800,0.0,0.0
2005-04-05 00:00:00+09:00,1227.4694854306504,1227.4694854306504,1210.3618967835332,1214.6387939453125,58000,0.0,0.0
2005-04-06 00:00:00+09:00,1218.9152430821132,1223.192138671875,1210.3614519025896,1223.192138671875,136800,0.0,0.0
2005-04-07 00:00:00+09:00,1201.8080665287578,1210.3618605965783,1193.2542724609375,1193.2542724609375,92600,0.0,0.0
2005-04-08 00:00:00+09:00,1180.423420061384,1206.0847987583707,1176.146523611886,1197.531005859375,166600,0.0,0.0
2005-04-11 00:00:00+09:00,1176.1466064453125,1188.9772966974433,1171.8697096946023,1176.1466064453125,102800,0.0,0.0
2005-04-12 00:00:00+09:00,1167.5926922068875,1171.8695885153377,1163.3157958984375,1163.3157958984375,115800,0.0,0.0
2005-04-13 00:00:00+09:00,1146.2081303332563,1159.038818359375,1146.2081303332563,1159.038818359375,126400,0.0,0.0
2005-04-14 00:00:00+09:00,1197.5308425134892,1210.361530111848,1180.4232590490108,1188.97705078125,400800,0.0,0.0
2005-04-15 00:00:00+09:00,1176.146485282586,1180.4233815927043,1137.6544184915194,1150.485107421875,236800,0.0,0.0
2005-04-18 00:00:00+09:00,1094.885497104247,1116.2699794695643,1035.0089464813586,1107.7161865234375,167000,0.0,0.0
2005-04-19 00:00:00+09:00,1094.885613207547,1141.9314794000588,1094.885613207547,1133.377685546875,81200,0.0,0.0
2005-04-20 00:00:00+09:00,1176.1464436848958,1184.700236002604,1159.038859049479,1167.5926513671875,114400,0.0,0.0
2005-04-21 00:00:00+09:00,1124.8235708731193,1159.0387365270544,1111.9928837528935,1154.7618408203125,118600,0.0,0.0
2005-04-22 00:00:00+09:00,1197.5310901988637,1197.5310901988637,1176.1466064453125,1176.1466064453125,55800,0.0,0.0
2005-04-25 00:00:00+09:00,1176.1462820996446,1188.976968813459,1167.5924909571017,1184.7000732421875,49000,0.0,0.0
2005-04-26 00:00:00+09:00,1188.9771321614583,1188.9771321614583,1171.8695475260415,1180.42333984375,30200,0.0,0.0
2005-04-27 00:00:00+09:00,1159.0389763581838,1206.0848388671875,1159.0389763581838,1206.0848388671875,88600,0.0,0.0
2005-04-28 00:00:00+09:00,1206.0849195284895,1223.1925070395318,1201.8080226507288,1210.36181640625,98200,0.0,0.0
2005-04-29 00:00:00+09:00,1210.36181640625,1210.36181640625,1210.36181640625,1210.36181640625,0,0.0,0.0
2005-05-02 00:00:00+09:00,1201.8081024599746,1236.023279754209,1201.8081024599746,1214.6387939453125,46200,0.0,0.0
2005-05-03 00:00:00+09:00,1214.6387939453125,1214.6387939453125,1214.6387939453125,1214.6387939453125,0,0.0,0.0
2005-05-04 00:00:00+09:00,1214.6387939453125,1214.6387939453125,1214.6387939453125,1214.6387939453125,0,0.0,0.0
2005-05-05 00:00:00+09:00,1214.6387939453125,1214.6387939453125,1214.6387939453125,1214.6387939453125,0,0.0,0.0
2005-05-06 00:00:00+09:00,1236.0228674146865,1240.2997631496853,1223.1921802096897,1231.7459716796875,71200,0.0,0.0
2005-05-09 00:00:00+09:00,1244.5769438759867,1253.1307373046875,1231.7462537329352,1253.1307373046875,74600,0.0,0.0
2005-05-10 00:00:00+09:00,1257.4076230966361,1342.945556640625,1253.1307264194368,1342.945556640625,434400,0.0,0.0
2005-05-11 00:00:00+09:00,1394.2684683900584,1449.8681312399688,1381.437776963156,1415.6529541015625,1787800,0.0,0.0
2005-05-12 00:00:00+09:00,1411.3757732356573,1415.6526695181897,1398.5450843880603,1407.098876953125,359200,0.0,0.0
2005-05-13 00:00:00+09:00,1385.7146741054569,1445.591234097668,1385.7146741054569,1415.6529541015625,379800,0.0,0.0
2005-05-16 00:00:00+09:00,1424.2068403970347,1428.4837378156444,1381.4378662109375,1381.4378662109375,242600,0.0,0.0
2005-05-17 00:00:00+09:00,1402.8223734273538,1415.6530658672382,1308.730628868202,1317.284423828125,326800,0.0,0.0
2005-05-18 00:00:00+09:00,1321.5610339824968,1355.7762063833384,1308.7303443321814,1334.3917236328125,188000,0.0,0.0
2005-05-19 00:00:00+09:00,1355.7762466722234,1360.0531433494227,1342.945556640625,1342.945556640625,221600,0.0,0.0
2005-05-20 00:00:00+09:00,1368.6072486620794,1415.6531228348385,1360.0534533579414,1398.5455322265625,426800,0.0,0.0
2005-05-23 00:00:00+09:00,1419.9294842931326,1454.1446525893527,1411.3756922190776,1428.4832763671875,491000,0.0,0.0
2005-05-24 00:00:00+09:00,1432.7604210085985,1437.0373177877286,1385.714556438167,1402.8221435546875,297200,0.0,0.0
2005-05-25 00:00:00+09:00,1389.9913787841797,1394.268275334285,1325.837930532602,1334.3917236328125,298000,0.0,0.0
2005-05-26 00:00:00+09:00,1317.2841765774283,1360.0531433494227,1317.2841765774283,1342.945556640625,114800,0.0,0.0
2005-05-27 00:00:00+09:00,1364.3297566731771,1419.9294019294507,1351.4990693063448,1411.3756103515625,249200,0.0,0.0
2005-05-30 00:00:00+09:00,1411.375732421875,1437.037109375,1411.375732421875,1437.037109375,223600,0.0,0.0
2005-05-31 00:00:00+09:00,1441.314126883988,1462.6986094787057,1437.0372303650443,1449.867919921875,398000,0.0,0.0
2005-06-01 00:00:00+09:00,1454.1446169372389,1535.4056396484375,1454.1446169372389,1535.4056396484375,807000,0.0,0.0
2005-06-02 00:00:00+09:00,1543.9597202354755,1561.0673071632923,1518.29833984375,1518.29833984375,609800,0.0,0.0
2005-06-03 00:00:00+09:00,1561.0672518873462,1663.712769819665,1543.959665565293,1650.882080078125,2189200,0.0,0.0
2005-06-06 00:00:00+09:00,1633.7745314498084,1680.820394920876,1612.3900480538684,1672.2666015625,1123200,0.0,0.0
2005-06-07 00:00:00+09:00,1685.0972527222314,1710.758632205311,1650.882080078125,1650.882080078125,698600,0.0,0.0
2005-06-08 00:00:00+09:00,1650.8819173177083,1659.4357096354165,1625.2205403645833,1642.328125,515400,0.0,0.0
2005-06-09 00:00:00+09:00,1620.943644205729,1667.989501953125,1616.666748046875,1642.328125,559400,0.0,0.0
2005-06-10 00:00:00+09:00,1659.4357496044304,1693.650919699367,1642.328164556962,1689.3740234375,498800,0.0,0.0
2005-06-13 00:00:00+09:00,1689.374023748904,1697.9278162742148,1672.2664386982822,1676.5433349609375,397000,0.0,0.0
2005-06-14 00:00:00+09:00,1672.2668914400638,1680.8206862811894,1646.6055069166869,1655.1593017578125,281800,0.0,0.0
2005-06-15 00:00:00+09:00,1667.9897405868185,1727.8662953771145,1659.4359470453476,1706.4818115234375,674400,0.0,0.0
2005-06-16 00:00:00+09:00,1727.8661681683395,1770.6351327269617,1723.5892717124773,1757.804443359375,849800,0.0,0.0
2005-06-17 00:00:00+09:00,1774.911905924479,1839.0653483072915,1770.635009765625,1821.957763671875,833600,0.0,0.0
2005-06-20 00:00:00+09:00,1873.280397965604,1916.0493568232662,1834.788334993708,1911.7724609375,1273600,0.0,0.0
2005-06-21 00:00:00+09:00,1890.3880615234375,1933.1570221913885,1869.0035811894618,1890.3880615234375,1126400,0.0,0.0
2005-06-22 00:00:00+09:00,1877.5578169639707,1894.6654052734375,1847.619537422404,1894.6654052734375,463400,0.0,0.0
2005-06-23 00:00:00+09:00,1886.1109139375908,1886.1109139375908,1834.7881679801053,1839.0650634765625,266000,0.0,0.0
2005-06-24 00:00:00+09:00,1796.2965062281469,1839.0654706621503,1787.7427133413462,1834.78857421875,398000,0.0,0.0
2005-06-27 00:00:00+09:00,1813.4039713541665,1826.234659830729,1800.573282877604,1821.957763671875,207400,0.0,0.0
2005-06-28 00:00:00+09:00,1813.4042535229264,1851.896324942045,1813.4042535229264,1830.5118408203125,246200,0.0,0.0
2005-06-29 00:00:00+09:00,1851.896203786841,1851.896203786841,1779.188962529621,1804.850341796875,240200,0.0,0.0
2005-06-30 00:00:00+09:00,1787.7423496749477,1804.849931968488,1757.8040806612523,1783.4654541015625,244800,0.0,0.0
2005-07-01 00:00:00+09:00,1783.4659056721805,1787.7428023284688,1732.1431457967221,1749.250732421875,328000,0.0,0.0
2005-07-04 00:00:00+09:00,1727.8663268008474,1770.6352952860168,1719.3125331038134,1766.3583984375,341400,0.0,0.0
2005-07-05 00:00:00+09:00,1809.126827541873,1826.234409835413,1774.9116629547925,1783.4654541015625,455400,0.0,0.0
2005-07-06 00:00:00+09:00,1792.0196581191453,1800.5734512366591,1740.6968994140625,1740.6968994140625,337200,0.0,0.0
2005-07-07 00:00:00+09:00,1749.2508110434321,1774.9121921345338,1740.6970173463983,1766.3583984375,274400,0.0,0.0
2005-07-08 00:00:00+09:00,1749.250732421875,1766.3583190470276,1740.6969391092985,1749.250732421875,259600,0.0,0.0
2005-07-11 00:00:00+09:00,1783.4659441519473,1783.4659441519473,1762.0814604091183,1770.63525390625,286400,0.0,0.0
2005-07-12 00:00:00+09:00,1787.7426769663987,1787.7426769663987,1740.6968170462303,1762.081298828125,227800,0.0,0.0
2005-07-13 00:00:00+09:00,1753.527506115367,1766.358195184504,1744.9737134026093,1762.081298828125,116000,0.0,0.0
2005-07-14 00:00:00+09:00,1766.3583190470276,1774.9121123596042,1744.9738357655867,1749.250732421875,149600,0.0,0.0
2005-07-15 00:00:00+09:00,1749.2506109528942,1757.8044036714903,1732.143025515702,1736.419921875,108000,0.0,0.0
2005-07-18 00:00:00+09:00,1736.419921875,1736.419921875,1736.419921875,1736.419921875,0,0.0,0.0
2005-07-19 00:00:00+09:00,1723.589152018229,1744.9736328125,1723.589152018229,1732.1429443359375,155000,0.0,0.0
2005-07-20 00:00:00+09:00,1732.1430243334723,1762.081298828125,1723.5892316207146,1762.081298828125,182800,0.0,0.0
2005-07-21 00:00:00+09:00,1770.635215703316,1787.7428023284688,1749.250732421875,1749.250732421875,172000,0.0,0.0
2005-07-22 00:00:00+09:00,1736.4200028553055,1757.80448564909,1732.1431062965487,1740.6968994140625,137800,0.0,0.0
2005-07-25 00:00:00+09:00,1740.6970173463983,1770.6352952860168,1740.6970173463983,1766.3583984375,105200,0.0,0.0
2005-07-26 00:00:00+09:00,1762.081501588983,1779.1890889830509,1749.2508110434321,1766.3583984375,212600,0.0,0.0
2005-07-27 00:00:00+09:00,1779.189385775862,2108.510498046875,1774.912488213901,2108.510498046875,4483000,0.0,0.0
2005-07-28 00:00:00+09:00,2194.04794921875,2223.986225328947,2014.4182925575656,2031.52587890625,3642400,0.0,0.0
2005-07-29 00:00:00+09:00,2031.5265467909517,2108.5107106693454,2027.2496487977076,2087.126220703125,1133200,0.0,0.0
2005-08-01 00:00:00+09:00,2065.740805341151,2159.83251904199,2035.8025327999749,2134.171142578125,946800,0.0,0.0
2005-08-02 00:00:00+09:00,2142.7250176183957,2159.8326025894007,2061.463989006121,2074.294677734375,685000,0.0,0.0
2005-08-03 00:00:00+09:00,2095.679241677989,2112.78682732434,2065.740966796875,2065.740966796875,573600,0.0,0.0
2005-08-04 00:00:00+09:00,2057.1873719507334,2104.2332370057397,1993.0339196029975,2095.679443359375,519400,0.0,0.0
2005-08-05 00:00:00+09:00,2057.187052408854,2095.6791178385415,1997.3105061848958,2001.58740234375,467200,0.0,0.0
2005-08-08 00:00:00+09:00,1958.818207804362,2070.0174947102864,1958.818207804362,2052.909912109375,457000,0.0,0.0
2005-08-09 00:00:00+09:00,2095.6788026108575,2164.109130859375,2091.401907095325,2164.109130859375,1121000,0.0,0.0
2005-08-10 00:00:00+09:00,2202.601978264233,2215.4326693997527,2147.00231667698,2159.8330078125,1007600,0.0,0.0
2005-08-11 00:00:00+09:00,2164.1099048576734,2189.771287128713,2134.1716255414603,2159.8330078125,516400,0.0,0.0
2005-08-12 00:00:00+09:00,2168.3870126953125,2176.9408076171876,2117.0642431640626,2138.44873046875,370400,0.0,0.0
2005-08-15 00:00:00+09:00,2129.8948264466494,2253.9248464606108,2129.8948264466494,2249.64794921875,1036800,0.0,0.0
2005-08-16 00:00:00+09:00,2271.0322680203417,2275.309164946934,2228.263298754422,2266.75537109375,754000,0.0,0.0
2005-08-17 00:00:00+09:00,2232.5401216947116,2283.862883112981,2219.7094313401444,2223.986328125,621400,0.0,0.0
2005-08-18 00:00:00+09:00,2236.8165666308782,2253.92415031448,2194.047607421875,2194.047607421875,322800,0.0,0.0
2005-08-19 00:00:00+09:00,2194.0478906815574,2215.432373046875,2168.386511843177,2215.432373046875,239200,0.0,0.0
2005-08-22 00:00:00+09:00,2223.986328125,2245.370812049279,2185.494257061298,2223.986328125,352200,0.0,0.0
2005-08-23 00:00:00+09:00,2232.5406213901388,2245.3713146165187,2185.494746226745,2198.325439453125,294200,0.0,0.0
2005-08-24 00:00:00+09:00,2185.4938169857896,2228.2627762223024,2172.6631292148363,2219.708984375,252800,0.0,0.0
2005-08-25 00:00:00+09:00,2198.325439453125,2211.156132679505,2185.494746226745,2198.325439453125,211000,0.0,0.0
2005-08-26 00:00:00+09:00,2194.0476088330925,2223.985880298651,2194.0476088330925,2219.708984375,215000,0.0,0.0
2005-08-29 00:00:00+09:00,2202.6019310951233,2206.878828048706,2185.4943432807922,2189.771240234375,156000,0.0,0.0
2005-08-30 00:00:00+09:00,2211.155235632142,2305.246947786701,2211.155235632142,2292.416259765625,1128800,0.0,0.0
2005-08-31 00:00:00+09:00,2292.4165449766356,2322.354820750584,2275.3089588200933,2288.1396484375,617800,0.0,0.0
2005-09-01 00:00:00+09:00,2313.800739800752,2326.6314278218283,2283.862467751574,2292.416259765625,525400,0.0,0.0
2005-09-02 00:00:00+09:00,2279.5856526692705,2283.862548828125,2249.6473795572915,2258.201171875,293000,0.0,0.0
2005-09-05 00:00:00+09:00,2275.308836983039,2305.2471111538684,2271.0319406729204,2300.97021484375,338400,0.0,0.0
2005-09-06 00:00:00+09:00,2309.5245106048005,2309.5245106048005,2236.8172574931677,2249.64794921875,333200,0.0,0.0
2005-09-07 00:00:00+09:00,2266.7551307236363,2266.7551307236363,2202.6016836276845,2215.432373046875,299400,0.0,0.0
2005-09-08 00:00:00+09:00,2198.324871706495,2202.6017683440564,2164.1096986060047,2181.21728515625,411200,0.0,0.0
2005-09-09 00:00:00+09:00,2206.8792349373784,2211.156132679505,2164.1102575161112,2198.325439453125,442800,0.0,0.0
2005-09-12 00:00:00+09:00,2223.9857995441457,2245.370278385916,2198.324424934021,2228.2626953125,354200,0.0,0.0
2005-09-13 00:00:00+09:00,2228.2626929422026,2232.539588706007,2185.4937353041564,2202.601318359375,474200,0.0,0.0
2005-09-14 00:00:00+09:00,2198.3248302959882,2202.6017268529845,2181.2172440680038,2185.494140625,246000,0.0,0.0
2005-09-15 00:00:00+09:00,2189.770753816794,2241.093505859375,2189.770753816794,2241.093505859375,612600,0.0,0.0
2005-09-16 00:00:00+09:00,2249.6473795572915,2249.6473795572915,2198.3246256510415,2232.539794921875,495400,0.0,0.0
2005-09-19 00:00:00+09:00,2232.539794921875,2232.539794921875,2232.539794921875,2232.539794921875,0,0.0,0.0
2005-09-20 00:00:00+09:00,2266.754724573206,2309.523681640625,2258.2009331597224,2309.523681640625,806600,0.0,0.0
2005-09-21 00:00:00+09:00,2348.0161160090784,2348.0161160090784,2283.8626702164806,2296.693359375,738800,0.0,0.0
2005-09-22 00:00:00+09:00,2283.862307400174,2309.523681640625,2258.2009331597224,2309.523681640625,294000,0.0,0.0
2005-09-23 00:00:00+09:00,2309.523681640625,2309.523681640625,2309.523681640625,2309.523681640625,0,0.0,0.0
2005-09-26 00:00:00+09:00,2330.9081258653086,2382.230873590783,2322.35433457773,2365.123291015625,817000,0.0,0.0
2005-09-27 00:00:00+09:00,2398.531538050809,2467.061010566547,2368.549893825174,2381.399169921875,1044200,4.0,0.0
2005-09-28 00:00:00+09:00,2398.532074131647,2527.0248638172707,2394.248981142126,2497.043212890625,835800,0.0,0.0
2005-09-29 00:00:00+09:00,2569.855760407928,2608.4035968140465,2518.4586451997693,2552.723388671875,893200,0.0,0.0
2005-09-30 00:00:00+09:00,2552.723225338358,2557.0063179983217,2415.66426021952,2432.796630859375,421400,0.0,0.0
2005-10-03 00:00:00+09:00,2389.9660873413086,2467.061767578125,2321.4365937974717,2467.061767578125,483000,0.0,0.0
2005-10-04 00:00:00+09:00,2449.9291204637098,2462.7783990675402,2377.116541708669,2389.9658203125,323200,0.0,0.0
2005-10-05 00:00:00+09:00,2368.55026965442,2415.6642894847973,2334.2855279596,2377.116455078125,287200,0.0,0.0
2005-10-06 00:00:00+09:00,2334.2851782811063,2372.833006913271,2312.8697179299033,2325.718994140625,341400,0.0,0.0
2005-10-07 00:00:00+09:00,2342.851662726151,2497.0429970189143,2334.2854774876646,2441.36279296875,762000,0.0,0.0
2005-10-10 00:00:00+09:00,2441.36279296875,2441.36279296875,2441.36279296875,2441.36279296875,0,0.0,0.0
2005-10-11 00:00:00+09:00,2522.7418365478516,2604.12060546875,2497.043277941252,2604.12060546875,933000,0.0,0.0
2005-10-12 00:00:00+09:00,2599.8377172497735,2706.9150532155795,2552.7236894248185,2659.801025390625,1050600,0.0,0.0
2005-10-13 00:00:00+09:00,2586.9879217986563,2638.385032827769,2578.4217366271378,2629.81884765625,470200,0.0,0.0
2005-10-14 00:00:00+09:00,2642.667746443089,2672.6493902439024,2625.5353785569105,2634.1015625,432000,0.0,0.0
2005-10-17 00:00:00+09:00,2655.5171570532752,2655.5171570532752,2548.4398523333853,2582.70458984375,347200,0.0,0.0
2005-10-18 00:00:00+09:00,2586.988213045635,2719.764098152282,2569.8558407738096,2698.3486328125,745200,0.0,0.0
2005-10-19 00:00:00+09:00,2702.6315153145497,2792.5764627338926,2668.366773440514,2775.444091796875,1017800,0.0,0.0
2005-10-20 00:00:00+09:00,2813.991926405165,2856.8228537477094,2754.0286281256026,2775.444091796875,729200,0.0,0.0
2005-10-21 00:00:00+09:00,2689.7823954417295,2848.2568359375,2685.4993024553573,2848.2568359375,589400,0.0,0.0
2005-10-24 00:00:00+09:00,2878.238077445652,2959.616832611526,2865.3888003141983,2955.333740234375,612600,0.0,0.0
2005-10-25 00:00:00+09:00,3006.7314821639147,3032.4300418405296,2946.768176251814,2951.05126953125,676000,0.0,0.0
2005-10-26 00:00:00+09:00,2963.8997910545763,3032.4292659922544,2955.3336066873667,3006.730712890625,365600,0.0,0.0
2005-10-27 00:00:00+09:00,3040.996179353305,3075.260925036159,3023.8638065118776,3053.845458984375,395400,0.0,0.0
2005-10-28 00:00:00+09:00,3079.543824205901,3263.716820646587,3053.8452665630143,3255.150634765625,1161200,0.0,0.0
2005-10-31 00:00:00+09:00,3383.6434829175173,3435.0405991137327,3302.264715606843,3409.342041015625,818000,0.0,0.0
2005-11-01 00:00:00+09:00,3537.833943152683,3636.3450577925273,3533.55085121182,3602.080322265625,787800,0.0,0.0
2005-11-02 00:00:00+09:00,3610.647243563123,4000.4086897840534,3580.6655938538206,3867.6328125,1725400,0.0,0.0
2005-11-03 00:00:00+09:00,3867.6327913724463,4008.974853515625,3867.6327913724463,4008.974853515625,1725400,0.0,0.0
2005-11-04 00:00:00+09:00,4008.974841101695,4017.5410266596045,3769.121645480226,3790.537109375,1077800,0.0,0.0
2005-11-07 00:00:00+09:00,3704.875558118854,3760.555768818906,3554.9672985417906,3593.51513671875,877200,0.0,0.0
2005-11-08 00:00:00+09:00,3619.2127656100092,3910.4630236709327,3619.2127656100092,3906.179931640625,978600,0.0,0.0
2005-11-09 00:00:00+09:00,3863.3503467793366,3871.9165338010203,3747.706821986607,3777.6884765625,580200,0.0,0.0
2005-11-10 00:00:00+09:00,3811.952412201721,3871.9157085734337,3576.382319312851,3623.496337890625,582800,0.0,0.0
2005-11-11 00:00:00+09:00,3623.4963853930994,3799.103184212387,3623.4963853930994,3786.25390625,566000,0.0,0.0
2005-11-14 00:00:00+09:00,3769.1209349593496,3803.3856707317073,3657.7605436991867,3687.7421875,329400,0.0,0.0
2005-11-15 00:00:00+09:00,3704.8748232183134,3722.0071923430223,3627.779162157123,3679.17626953125,341800,0.0,0.0
2005-11-16 00:00:00+09:00,3593.5140922418313,3649.1942867580933,3529.267713953837,3572.0986328125,631200,0.0,0.0
2005-11-17 00:00:00+09:00,3614.9307738535504,3696.3095471985944,3584.9491205159025,3619.2138671875,370200,0.0,0.0
2005-11-18 00:00:00+09:00,3653.477764738708,3679.176318769695,3537.834271599265,3567.81591796875,301000,0.0,0.0
2005-11-21 00:00:00+09:00,3610.646841353729,3662.043949415704,3546.4004562762607,3567.81591796875,396000,0.0,0.0
2005-11-22 00:00:00+09:00,3602.081468628352,3726.291174443123,3563.5336288927338,3713.44189453125,596800,0.0,0.0
2005-11-23 00:00:00+09:00,3713.44189453125,3713.44189453125,3713.44189453125,3713.44189453125,0,0.0,0.0
2005-11-24 00:00:00+09:00,3756.272023148318,3803.3860394021735,3623.496159160179,3644.91162109375,434400,0.0,0.0
2005-11-25 00:00:00+09:00,3623.496269118618,3700.591934419014,3580.665343951731,3649.19482421875,282600,0.0,0.0
2005-11-28 00:00:00+09:00,3653.4774255559787,3662.043609437704,3576.381770620448,3602.080322265625,263800,0.0,0.0
2005-11-29 00:00:00+09:00,3619.213298085356,3760.5553558804054,3602.080927443532,3739.139892578125,451200,0.0,0.0
2005-11-30 00:00:00+09:00,3769.1212477125564,3837.650724943694,3704.8748628083654,3803.385986328125,485200,0.0,0.0
2005-12-01 00:00:00+09:00,3811.95175305932,3876.19813091987,3773.4039263429895,3871.9150390625,417000,0.0,0.0
2005-12-02 00:00:00+09:00,3919.029756743332,3974.7099609375,3880.481923070447,3974.7099609375,881400,0.0,0.0
2005-12-05 00:00:00+09:00,4043.240255625618,4373.038454442538,4004.6924142054586,4330.20751953125,1514200,0.0,0.0
2005-12-06 00:00:00+09:00,4283.092915770496,4317.35765909666,4167.449407044693,4231.69580078125,666400,0.0,0.0
2005-12-07 00:00:00+09:00,4257.3936216574975,4304.50763557926,4180.297962512794,4184.5810546875,295200,0.0,0.0
2005-12-08 00:00:00+09:00,4137.466772384404,4184.580783250065,4030.389474962448,4098.9189453125,376200,0.0,0.0
2005-12-09 00:00:00+09:00,4141.751999320009,4527.23046875,4133.185811110454,4527.23046875,1229000,0.0,0.0
2005-12-12 00:00:00+09:00,4955.538825157245,5383.84814453125,4955.538825157245,5383.84814453125,2060600,0.0,0.0
2005-12-13 00:00:00+09:00,5298.185953459387,5846.421848401021,5233.939559520914,5503.7744140625,1465600,0.0,0.0
2005-12-14 00:00:00+09:00,5529.472490010145,5645.1159890266235,5182.541992960709,5409.5458984375,585000,0.0,0.0
2005-12-15 00:00:00+09:00,5238.222998639929,5405.263633919534,5216.807532578441,5289.6201171875,530000,0.0,0.0
2005-12-16 00:00:00+09:00,5118.296040835667,5306.752129368528,4985.520160278424,5066.89892578125,675000,0.0,0.0
2005-12-19 00:00:00+09:00,5233.938748106664,5246.788024902344,4985.519396723533,5036.91650390625,450000,0.0,0.0
2005-12-20 00:00:00+09:00,5118.295962635344,5555.1714339230475,5024.0679198085845,5538.0390625,881800,0.0,0.0
2005-12-21 00:00:00+09:00,5593.718350497159,5790.740589488636,5452.376309481534,5559.45361328125,509400,0.0,0.0
2005-12-22 00:00:00+09:00,5559.4542039937405,5559.4542039937405,5358.148851460839,5430.96142578125,335000,0.0,0.0
2005-12-23 00:00:00+09:00,5430.96142578125,5430.96142578125,5430.96142578125,5430.96142578125,0,0.0,0.0
2005-12-26 00:00:00+09:00,5568.020882283835,5696.513671875,5529.473045406485,5696.513671875,386400,0.0,0.0
2005-12-27 00:00:00+09:00,5653.680929319993,5683.662570611841,5585.151463510053,5645.11474609375,221400,0.0,0.0
2005-12-28 00:00:00+09:00,5568.019754713038,5773.60817642552,5563.7366625940285,5765.0419921875,339600,0.0,0.0
2005-12-29 00:00:00+09:00,5765.041878513558,5769.324970548116,5653.6814856150795,5666.53076171875,244400,0.0,0.0
2005-12-30 00:00:00+09:00,5585.1534303160915,5627.9843615301725,5538.039405980603,5589.4365234375,144400,0.0,0.0
2006-01-02 00:00:00+09:00,5589.4365234375,5589.4365234375,5589.4365234375,5589.4365234375,0,0.0,0.0
2006-01-03 00:00:00+09:00,5589.4365234375,5589.4365234375,5589.4365234375,5589.4365234375,0,0.0,0.0
2006-01-04 00:00:00+09:00,5636.549337068485,5769.3251953125,5632.266244867066,5769.3251953125,168200,0.0,0.0
2006-01-05 00:00:00+09:00,5786.458868919335,6167.654160802252,5717.929378243754,6086.275390625,573600,0.0,0.0
2006-01-06 00:00:00+09:00,6116.256477620831,6360.392765593091,6060.57627159207,6291.86328125,513200,0.0,0.0
2006-01-09 00:00:00+09:00,6291.86328125,6291.86328125,6291.86328125,6291.86328125,0,0.0,0.0
2006-01-10 00:00:00+09:00,6416.072066783574,6416.072066783574,6060.575416888356,6163.36962890625,335600,0.0,0.0
2006-01-11 00:00:00+09:00,5992.045367348984,6116.255028287598,5709.361311419725,6009.177734375,505800,0.0,0.0
2006-01-12 00:00:00+09:00,5910.668284320415,6116.256746383734,5812.157146248408,5884.9697265625,253800,0.0,0.0
2006-01-13 00:00:00+09:00,5829.287751547543,5949.214318074604,5765.041376622331,5816.4384765625,210400,0.0,0.0
2006-01-16 00:00:00+09:00,5610.8502345229645,5739.342987985322,5572.302408484256,5653.68115234375,361000,0.0,0.0
2006-01-17 00:00:00+09:00,5486.641948230858,5974.914533787703,5482.358855375097,5538.0390625,381600,0.0,0.0
2006-01-18 00:00:00+09:00,5550.8896594810185,5696.514851164934,4737.101823600314,5302.47021484375,565000,0.0,0.0
2006-01-19 00:00:00+09:00,5131.145212450948,5726.495116065874,5131.145212450948,5593.71923828125,391800,0.0,0.0
2006-01-20 00:00:00+09:00,5782.175504519174,5803.5909693507265,5362.432393820745,5486.64208984375,212200,0.0,0.0
2006-01-23 00:00:00+09:00,5143.994314982265,5332.450393133156,5143.994314982265,5169.69287109375,305000,0.0,0.0
2006-01-24 00:00:00+09:00,5460.942805733268,5542.321561269685,5323.883849040354,5439.52734375,253400,0.0,0.0
2006-01-25 00:00:00+09:00,5589.435814061901,5717.928591396657,5482.35849961627,5580.86962890625,287800,0.0,0.0
2006-01-26 00:00:00+09:00,5696.513081603864,5713.6454517741,5559.454120241966,5598.001953125,181600,0.0,0.0
2006-01-27 00:00:00+09:00,5683.6643602679405,5752.19384765625,5598.0025010325535,5752.19384765625,216600,0.0,0.0
2006-01-30 00:00:00+09:00,5910.667419433594,6347.542837391729,5880.685773103134,6304.7119140625,942400,0.0,0.0
2006-01-31 00:00:00+09:00,6133.390340858934,6274.7324367027495,5996.331338828566,6064.86083984375,610000,0.0,0.0
2006-02-01 00:00:00+09:00,5953.499502441063,6129.106322297238,5803.59124158823,6086.275390625,328600,0.0,0.0
2006-02-02 00:00:00+09:00,6210.484837839043,6210.484837839043,5953.499258342255,6000.61328125,266400,0.0,0.0
2006-02-03 00:00:00+09:00,5889.253696380924,6047.728159483539,5872.1213219914525,5919.2353515625,284800,0.0,0.0
2006-02-06 00:00:00+09:00,5910.667410914012,5987.763072795499,5880.685764626767,5983.47998046875,216200,0.0,0.0
2006-02-07 00:00:00+09:00,5979.197219587053,6081.991441127232,5927.800108816964,5996.32958984375,257000,0.0,0.0
2006-02-08 00:00:00+09:00,5897.818602966995,5953.498807642791,5627.983764922753,5717.9287109375,316800,0.0,0.0
2006-02-09 00:00:00+09:00,5782.174520514578,5944.93202553647,5486.641156132722,5563.73681640625,365600,0.0,0.0
2006-02-10 00:00:00+09:00,5503.774206901146,5559.4544128853595,5341.01668171652,5400.97998046875,401800,0.0,0.0
2006-02-13 00:00:00+09:00,5341.016268662452,5353.865545972786,4929.839394731742,5006.93505859375,429200,0.0,0.0
2006-02-14 00:00:00+09:00,4835.612840378321,5696.514683528048,4415.869653170991,5602.28662109375,956000,0.0,0.0
2006-02-15 00:00:00+09:00,5782.174161585365,5799.306529471544,5195.3905614837395,5268.203125,690600,0.0,0.0
2006-02-16 00:00:00+09:00,5096.880149969749,5169.692723540746,5011.218298709754,5088.31396484375,320200,0.0,0.0
2006-02-17 00:00:00+09:00,5075.46579978547,5131.146015310543,4762.799974144677,4788.49853515625,296400,0.0,0.0
2006-02-20 00:00:00+09:00,4617.173137273636,4762.7982640522105,4505.812746207667,4552.9267578125,332600,0.0,0.0
2006-02-21 00:00:00+09:00,4582.908980918141,4878.442363799779,4574.34279590708,4839.89453125,571400,0.0,0.0
2006-02-22 00:00:00+09:00,4925.555312663441,5182.5408072371865,4754.2316496142785,5118.29443359375,382600,0.0,0.0
2006-02-23 00:00:00+09:00,5143.994862169322,5285.336935817605,5143.994862169322,5191.10888671875,238200,0.0,0.0
2006-02-24 00:00:00+09:00,5139.710924939711,5341.016269499849,5101.163093002662,5328.1669921875,207000,0.0,0.0
2006-02-27 00:00:00+09:00,5362.431993832576,5456.660032062861,5182.542102665669,5186.8251953125,231600,0.0,0.0
2006-02-28 00:00:00+09:00,5272.487432609117,5353.866198831353,5071.182063533058,5182.54248046875,192200,0.0,0.0
2006-03-01 00:00:00+09:00,4925.557094059007,5084.031539693949,4904.141628432663,4981.2373046875,283600,0.0,0.0
2006-03-02 00:00:00+09:00,5062.616299479167,5084.031766059028,4737.101207465278,4818.47998046875,281600,0.0,0.0
2006-03-03 00:00:00+09:00,4792.781311252364,4904.141734927574,4719.968726541649,4814.19677734375,208200,0.0,0.0
2006-03-06 00:00:00+09:00,4809.911955431977,4895.573789010463,4698.551571779945,4822.76123046875,202200,0.0,0.0
2006-03-07 00:00:00+09:00,4788.4976225094615,4861.310198164793,4745.666695653384,4809.9130859375,139200,0.0,0.0
2006-03-08 00:00:00+09:00,4707.118640456753,4741.38338033269,4574.3427734375,4574.3427734375,310600,0.0,0.0
2006-03-09 00:00:00+09:00,4578.6252521161805,4827.044582913878,4578.6252521161805,4719.96728515625,232600,0.0,0.0
2006-03-10 00:00:00+09:00,4801.346854290289,4904.141077754131,4754.232835202695,4827.04541015625,298800,0.0,0.0
2006-03-13 00:00:00+09:00,4925.555595831059,4964.103422233215,4874.158493961518,4904.14013671875,103600,0.0,0.0
2006-03-14 00:00:00+09:00,4912.7076818529595,4916.990774862421,4724.25158943663,4767.08251953125,157600,0.0,0.0
2006-03-15 00:00:00+09:00,4852.743565509104,4861.309750090762,4775.647904274184,4792.7802734375,84000,0.0,0.0
2006-03-16 00:00:00+09:00,4762.799431030498,4809.913454179182,4595.7588035033505,4634.306640625,204800,0.0,0.0
2006-03-17 00:00:00+09:00,4630.0225279300475,4689.985816913415,4604.323975508604,4651.43798828125,146000,0.0,0.0
2006-03-20 00:00:00+09:00,4617.173943376971,4754.23291015625,4617.173943376971,4754.23291015625,177800,0.0,0.0
2006-03-21 00:00:00+09:00,4754.23291015625,4754.23291015625,4754.23291015625,4754.23291015625,0,0.0,0.0
2006-03-22 00:00:00+09:00,4779.930670797414,4985.5190867456895,4754.2321188038795,4968.38671875,286400,0.0,0.0
2006-03-23 00:00:00+09:00,5139.711587424957,5152.560866393519,4976.954053823167,4994.08642578125,303800,0.0,0.0
2006-03-24 00:00:00+09:00,5011.218592651055,5049.76642797914,4929.839829180653,5024.06787109375,141800,0.0,0.0
2006-03-27 00:00:00+09:00,5096.880336930728,5109.729615091057,4994.086111648091,5019.78466796875,151200,0.0,0.0
2006-03-28 00:00:00+09:00,4978.616731498431,5137.280658342051,4957.175660303347,5124.416015625,146600,7.0,0.0
2006-03-29 00:00:00+09:00,5098.688346901261,5145.858718487395,5077.247268907563,5102.9765625,158000,0.0,0.0
2006-03-30 00:00:00+09:00,5527.51012407643,5600.409792120882,5411.728298358769,5531.79833984375,818000,0.0,0.0
2006-03-31 00:00:00+09:00,5510.356004503038,5561.814581976996,5446.03278266059,5557.5263671875,221400,0.0,0.0
2006-04-03 00:00:00+09:00,5570.3916015625,5656.155906436441,5514.644803394438,5570.3916015625,262400,0.0,0.0
2006-04-04 00:00:00+09:00,5570.391140805985,5639.002579029923,5531.797206805019,5553.23828125,190000,0.0,0.0
2006-04-05 00:00:00+09:00,5574.681022878147,5608.986752249705,5381.711295163134,5450.32275390625,220400,0.0,0.0
2006-04-06 00:00:00+09:00,5441.745505961197,5493.204092305984,5330.251902214159,5428.880859375,175800,0.0,0.0
2006-04-07 00:00:00+09:00,5364.558269261746,5433.169725942952,5347.405405091445,5407.4404296875,97200,0.0,0.0
2006-04-10 00:00:00+09:00,5360.268425884293,5403.1505732913665,5321.674493217925,5364.556640625,93400,0.0,0.0
2006-04-11 00:00:00+09:00,5334.538857406098,5377.421002562096,5231.621709031704,5308.8095703125,144200,0.0,0.0
2006-04-12 00:00:00+09:00,5154.435452758185,5265.929064881075,5154.435452758185,5205.89404296875,195000,0.0,0.0
2006-04-13 00:00:00+09:00,5210.179862406717,5231.620931799337,5107.262729322139,5171.5859375,164000,0.0,0.0
2006-04-14 00:00:00+09:00,5188.740250318878,5261.639906728316,5150.146314572704,5253.0634765625,120200,0.0,0.0
2006-04-17 00:00:00+09:00,5278.793379487825,5287.369810648651,5175.876205557925,5184.45263671875,117800,0.0,0.0
2006-04-18 00:00:00+09:00,5137.281344454405,5231.6220703125,5132.993129642674,5231.6220703125,113800,0.0,0.0
2006-04-19 00:00:00+09:00,5291.657412308674,5347.40420838648,5223.0459709821425,5253.0634765625,92000,0.0,0.0
2006-04-20 00:00:00+09:00,5218.757425877305,5257.351359182889,5214.469211065573,5231.6220703125,84600,0.0,0.0
2006-04-21 00:00:00+09:00,5248.774621309868,5248.774621309868,5154.433900992207,5193.02783203125,105600,0.0,0.0
2006-04-24 00:00:00+09:00,5141.5705490112305,5145.8587646484375,4935.736198425293,4940.0244140625,152800,0.0,0.0
2006-04-25 00:00:00+09:00,4854.259886333154,5081.535305039565,4854.259886333154,4995.77099609375,134800,0.0,0.0
2006-04-26 00:00:00+09:00,4935.735638560998,5051.517447632369,4892.853487053084,4910.00634765625,117200,0.0,0.0
2006-04-27 00:00:00+09:00,4940.022017045454,4965.7512983842325,4867.122386585582,4905.71630859375,184200,0.0,0.0
2006-04-28 00:00:00+09:00,4910.005339889458,4910.005339889458,4717.035697710397,4764.2060546875,222600,0.0,0.0
2006-05-01 00:00:00+09:00,4794.224323530639,4841.394688073427,4759.918603863156,4819.95361328125,128600,0.0,0.0
2006-05-02 00:00:00+09:00,4772.783248738462,4884.276837657779,4772.783248738462,4819.95361328125,178800,0.0,0.0
2006-05-03 00:00:00+09:00,4819.95361328125,4819.95361328125,4819.95361328125,4819.95361328125,0,0.0,0.0
2006-05-04 00:00:00+09:00,4819.95361328125,4819.95361328125,4819.95361328125,4819.95361328125,0,0.0,0.0
2006-05-05 00:00:00+09:00,4819.95361328125,4819.95361328125,4819.95361328125,4819.95361328125,0,0.0,0.0
2006-05-08 00:00:00+09:00,5012.924013502249,5214.470145781638,4982.906504439361,5184.45263671875,378800,0.0,0.0
2006-05-09 00:00:00+09:00,5274.504527076949,5347.404183142239,4858.5476659985225,4897.1416015625,696800,0.0,0.0
2006-05-10 00:00:00+09:00,4854.258869777475,4875.699942523842,4674.153858707993,4721.32421875,406400,0.0,0.0
2006-05-11 00:00:00+09:00,4708.46100466629,4824.2428326498875,4639.84955104638,4738.478515625,336200,0.0,0.0
2006-05-12 00:00:00+09:00,4644.137295933999,4665.578373015873,4468.3204638626285,4592.6787109375,374600,0.0,0.0
2006-05-15 00:00:00+09:00,4502.625412908977,4571.236847772351,4438.302192724563,4472.60791015625,345000,0.0,0.0
2006-05-16 00:00:00+09:00,4545.506912123226,4592.677266871675,4215.314428884087,4232.46728515625,342400,0.0,0.0
2006-05-17 00:00:00+09:00,4232.466907589935,4425.4365234375,4193.872984420422,4425.4365234375,341200,0.0,0.0
2006-05-18 00:00:00+09:00,4211.02755405658,4361.115094170613,4172.4336151701145,4301.080078125,217600,0.0,0.0
2006-05-19 00:00:00+09:00,4288.2155198317305,4459.744140625,4232.468718073918,4459.744140625,209000,0.0,0.0
2006-05-22 00:00:00+09:00,4438.302734375,4438.302734375,4438.302734375,4438.302734375,341200,0.0,0.0
2006-05-23 00:00:00+09:00,4241.044358511806,4361.114370684031,4193.873996587004,4211.02685546875,257200,0.0,0.0
2006-05-24 00:00:00+09:00,4245.333920749013,4373.980403195952,4228.1810564227535,4343.962890625,232000,0.0,0.0
2006-05-25 00:00:00+09:00,4386.843208644701,4391.131422924901,4292.502494480299,4339.6728515625,142400,0.0,0.0
2006-05-26 00:00:00+09:00,4438.30249394754,4511.2021484375,4408.284989157557,4511.2021484375,162200,0.0,0.0
2006-05-29 00:00:00+09:00,4571.238084094929,4588.390947449882,4506.914846513856,4545.5087890625,135000,0.0,0.0
2006-05-30 00:00:00+09:00,4566.949204799107,4571.237420014881,4459.743824404762,4502.6259765625,134000,0.0,0.0
2006-05-31 00:00:00+09:00,4245.333248316472,4378.267925789009,4228.180386707113,4318.23291015625,115000,0.0,0.0
2006-06-01 00:00:00+09:00,4365.402186111992,4408.284329394035,4206.738255968433,4223.89111328125,191600,0.0,0.0
2006-06-02 00:00:00+09:00,4249.621512064119,4258.197942966368,3863.682121462938,4219.60400390625,337800,0.0,0.0
2006-06-05 00:00:00+09:00,4176.721899185419,4241.045131719075,4086.6693736383,4120.97509765625,246200,0.0,0.0
2006-06-06 00:00:00+09:00,3992.3280097551246,4103.821595419607,3958.02229108913,3988.039794921875,261600,0.0,0.0
2006-06-07 00:00:00+09:00,4030.921757900877,4060.93926035333,3777.917094373056,3790.78173828125,287800,0.0,0.0
2006-06-08 00:00:00+09:00,3619.2533178862577,3644.9826068759708,3409.130791136937,3452.012939453125,702200,0.0,0.0
2006-06-09 00:00:00+09:00,3752.188970239123,3880.83544921875,3662.1364349533837,3880.83544921875,878800,0.0,0.0
2006-06-12 00:00:00+09:00,3812.222968438922,3846.5286869400597,3713.5940277481513,3769.3408203125,413000,0.0,0.0
2006-06-13 00:00:00+09:00,3735.0357100394317,3846.5293133241908,3589.2363826670544,3627.830322265625,421400,0.0,0.0
2006-06-14 00:00:00+09:00,3559.218505859375,3559.218505859375,3559.218505859375,3559.218505859375,421400,0.0,0.0
2006-06-15 00:00:00+09:00,3717.8817575853923,3786.493185637718,3610.6764012536337,3687.8642578125,347200,0.0,0.0
2006-06-16 00:00:00+09:00,3902.2763827823856,3923.7174618086624,3825.0884982877888,3893.699951171875,261200,0.0,0.0
2006-06-19 00:00:00+09:00,3876.5467902704395,3876.5467902704395,3820.799989082922,3855.105712890625,145000,0.0,0.0
2006-06-20 00:00:00+09:00,3773.629409843206,3799.358701273955,3679.2886745971255,3692.1533203125,180000,0.0,0.0
2006-06-21 00:00:00+09:00,3730.7473016036183,3782.205885074013,3619.2537040844295,3666.424072265625,174600,0.0,0.0
2006-06-22 00:00:00+09:00,3795.0708021124424,3932.293701171875,3752.1886461563695,3932.293701171875,405200,0.0,0.0
2006-06-23 00:00:00+09:00,3855.1062048510667,4005.1937656628434,3837.953340758292,3983.752685546875,259000,0.0,0.0
2006-06-26 00:00:00+09:00,3983.752242496445,4013.7697513204225,3906.56436266336,3958.02294921875,145400,0.0,0.0
2006-06-27 00:00:00+09:00,4056.65158254523,4146.7041018194905,4035.2105065275496,4073.804443359375,290800,0.0,0.0
2006-06-28 00:00:00+09:00,3970.886935588878,4009.480869088122,3940.8694317561326,3988.039794921875,191400,0.0,0.0
2006-06-29 00:00:00+09:00,4069.5165689574005,4069.5165689574005,3945.1583176404724,3949.446533203125,181200,0.0,0.0
2006-06-30 00:00:00+09:00,4073.8037890208557,4073.8037890208557,3992.3277132404382,4022.34521484375,177800,0.0,0.0
2006-07-03 00:00:00+09:00,4000.904926432979,4073.804587471951,4000.904926432979,4060.93994140625,175000,0.0,0.0
2006-07-04 00:00:00+09:00,4116.685540648246,4133.838397067614,4013.7684021320406,4035.20947265625,203600,0.0,0.0
2006-07-05 00:00:00+09:00,4030.922639704933,4185.298400374483,3949.4465437960034,4150.99267578125,308400,0.0,0.0
2006-07-06 00:00:00+09:00,4099.533879603353,4138.127817800456,4039.498864630082,4060.93994140625,217800,0.0,0.0
2006-07-07 00:00:00+09:00,4073.8046509583446,4103.822158912774,3923.7171111861953,3953.734619140625,158800,0.0,0.0
2006-07-10 00:00:00+09:00,3867.969970703125,3867.969970703125,3867.969970703125,3867.969970703125,158800,0.0,0.0
2006-07-11 00:00:00+09:00,3889.4109112672827,3893.699126163939,3743.611604780968,3799.3583984375,182800,0.0,0.0
2006-07-12 00:00:00+09:00,3773.6295092579453,3855.1056009351055,3730.7473557436506,3777.917724609375,178600,0.0,0.0
2006-07-13 00:00:00+09:00,3692.15279604354,3765.0524447459093,3619.2531473411705,3636.406005859375,297000,0.0,0.0
2006-07-14 00:00:00+09:00,3550.6419470611463,3593.5240961802424,3520.624442677779,3563.506591796875,218800,0.0,0.0
2006-07-17 00:00:00+09:00,3563.5062865450845,3563.5062865450845,3443.436279296875,3443.436279296875,218800,0.0,0.0
2006-07-18 00:00:00+09:00,3443.4358985030412,3477.7416110659606,3181.8548402107804,3194.719482421875,395400,0.0,0.0
2006-07-19 00:00:00+09:00,3216.161606159616,3293.349484707447,3138.9737276117853,3224.738037109375,631600,0.0,0.0
2006-07-20 00:00:00+09:00,3391.9781851343832,3404.842830590013,3289.061021489345,3370.537109375,519800,0.0,0.0
2006-07-21 00:00:00+09:00,3310.502241249184,3327.655102602807,3237.6025804962874,3284.77294921875,341600,0.0,0.0
2006-07-24 00:00:00+09:00,3156.1260783152907,3199.0082261184875,3091.8028566104954,3168.99072265625,441400,0.0,0.0
2006-07-25 00:00:00+09:00,3241.890625,3301.925636574074,3237.602409887566,3241.890625,205800,0.0,0.0
2006-07-26 00:00:00+09:00,3254.755189154558,3383.40163931877,3190.431964072452,3366.248779296875,538800,0.0,0.0
2006-07-27 00:00:00+09:00,3452.013500629443,3619.25390625,3413.4195608708533,3619.25390625,722800,0.0,0.0
2006-07-28 00:00:00+09:00,3602.100895200766,3842.2409548808173,3542.0658802807534,3777.917724609375,615400,0.0,0.0
2006-07-31 00:00:00+09:00,3855.1048518880207,3932.292713216146,3855.1048518880207,3859.39306640625,367600,0.0,0.0
2006-08-01 00:00:00+09:00,3850.817566591646,3932.293662098596,3825.088273273662,3885.123291015625,272600,0.0,0.0
2006-08-02 00:00:00+09:00,3842.2410664627364,3876.5467902704395,3786.494265275219,3855.105712890625,279000,0.0,0.0
2006-08-03 00:00:00+09:00,3940.8690377447806,3958.021895362821,3910.8515369132097,3928.00439453125,347800,0.0,0.0
2006-08-04 00:00:00+09:00,3936.5821092244287,3953.73497244545,3876.5470879508534,3893.699951171875,197200,0.0,0.0
2006-08-07 00:00:00+09:00,3863.681914173473,3872.2583446155895,3760.7647488680755,3773.62939453125,256000,0.0,0.0
2006-08-08 00:00:00+09:00,3730.7467333763434,3807.9345968255093,3722.170304104214,3790.78173828125,261000,0.0,0.0
2006-08-09 00:00:00+09:00,3803.6465912369936,3897.987318415363,3769.3408722630406,3889.410888671875,296400,0.0,0.0
2006-08-10 00:00:00+09:00,3902.277153571788,4030.923653140089,3893.700720267235,3996.617919921875,237200,0.0,0.0
2006-08-11 00:00:00+09:00,4000.9053720327524,4056.652177859575,3966.5996453700923,4013.77001953125,255200,0.0,0.0
2006-08-14 00:00:00+09:00,4056.651409262799,4056.651409262799,4000.9046139980883,4030.922119140625,80600,0.0,0.0
2006-08-15 00:00:00+09:00,4052.3619214794303,4095.2440582146623,4043.785494132384,4065.2265625,191400,0.0,0.0
2006-08-16 00:00:00+09:00,4133.840170278638,4181.010545665635,4125.263738390093,4155.28125,245200,0.0,0.0
2006-08-17 00:00:00+09:00,4223.891467953203,4343.961479224969,4211.026823888371,4309.65576171875,371600,0.0,0.0
2006-08-18 00:00:00+09:00,4309.6554272460935,4309.6554272460935,4219.602925781251,4288.21435546875,331800,0.0,0.0
2006-08-21 00:00:00+09:00,4373.978642578125,4391.1315,4271.061498046875,4288.21435546875,292000,0.0,0.0
2006-08-22 00:00:00+09:00,4249.621463718812,4322.52112555859,4245.333248316472,4318.23291015625,223800,0.0,0.0
2006-08-23 00:00:00+09:00,4373.979520089286,4536.93169828869,4309.656291852679,4502.6259765625,347400,0.0,0.0
2006-08-24 00:00:00+09:00,4481.185147930784,4498.338009741045,4416.861916142304,4429.7265625,165000,0.0,0.0
2006-08-25 00:00:00+09:00,4373.97998046875,4481.185372146906,4305.36852979473,4373.97998046875,170800,0.0,0.0
2006-08-28 00:00:00+09:00,4318.231175524778,4399.707235440341,4241.043329288983,4245.33154296875,180400,0.0,0.0
2006-08-29 00:00:00+09:00,4356.827472664016,4361.115688680417,4266.774936319583,4313.9453125,141800,0.0,0.0
2006-08-30 00:00:00+09:00,4335.384791324013,4348.249434621711,4211.026572779605,4236.755859375,162400,0.0,0.0
2006-08-31 00:00:00+09:00,4150.99267578125,4215.315909393563,4116.686951188017,4150.99267578125,323800,0.0,0.0
2006-09-01 00:00:00+09:00,4146.70360356421,4318.232191095304,4129.5507448111,4309.65576171875,344000,0.0,0.0
2006-09-04 00:00:00+09:00,4425.438996174728,4434.015428337858,4331.098242380306,4343.962890625,130800,0.0,0.0
2006-09-05 00:00:00+09:00,4395.421484564992,4434.015429307515,4365.403971987475,4408.2861328125,193800,0.0,0.0
2006-09-06 00:00:00+09:00,4373.980665801188,4399.709963835312,4331.09850241098,4335.38671875,198400,0.0,0.0
2006-09-07 00:00:00+09:00,4322.519966148446,4352.537465913365,4262.4849666186055,4275.349609375,171800,0.0,0.0
2006-09-08 00:00:00+09:00,4232.467929070933,4271.061861554863,4159.568278823511,4211.02685546875,326600,0.0,0.0
2006-09-11 00:00:00+09:00,4253.90921251313,4271.062072241006,4082.380615234375,4082.380615234375,274000,0.0,0.0
2006-09-12 00:00:00+09:00,4039.498766955701,4082.380919471154,3885.1230179000686,3902.27587890625,369600,0.0,0.0
2006-09-13 00:00:00+09:00,4022.3459996408556,4048.0752917494324,3760.764863203657,3777.917724609375,331800,0.0,0.0
2006-09-14 00:00:00+09:00,3816.5116627722405,3855.1056009351055,3752.188432500798,3777.917724609375,229200,0.0,0.0
2006-09-15 00:00:00+09:00,3820.7991100750137,3880.834112926922,3799.3580376279037,3876.5458984375,230000,0.0,0.0
2006-09-18 00:00:00+09:00,3876.5458984375,3876.5458984375,3876.5458984375,3876.5458984375,0,0.0,0.0
2006-09-19 00:00:00+09:00,3846.5292335890895,3966.5992654068095,3846.5292335890895,3953.734619140625,217800,0.0,0.0
2006-09-20 00:00:00+09:00,3919.429246003407,3923.7174618086624,3820.8002824825335,3893.699951171875,202400,0.0,0.0
2006-09-21 00:00:00+09:00,3936.58154296875,3953.7344037224266,3833.6643784466914,3863.681884765625,173000,0.0,0.0
2006-09-22 00:00:00+09:00,3777.9177099554076,3837.9527246425537,3773.6294946206112,3786.494140625,125200,0.0,0.0
2006-09-25 00:00:00+09:00,3700.7292797270275,3705.017494419643,3533.4889067150298,3602.100341796875,310000,0.0,0.0
2006-09-26 00:00:00+09:00,3627.860236739668,3735.193379838475,3623.566911015716,3687.966796875,169400,5.0,0.0
2006-09-27 00:00:00+09:00,3773.833950334821,3773.833950334821,3713.7273800223215,3756.66064453125,105000,0.0,0.0
2006-09-28 00:00:00+09:00,3791.0063698995777,3958.4460623413484,3791.0063698995777,3911.219482421875,332200,0.0,0.0
2006-09-29 00:00:00+09:00,3997.08614477913,4009.966121615153,3906.926306926969,3924.099609375,166800,0.0,0.0
2006-10-02 00:00:00+09:00,3932.687175539495,3992.793748091409,3932.687175539495,3954.15380859375,224200,0.0,0.0
2006-10-03 00:00:00+09:00,3906.9264800444425,3906.9264800444425,3795.30000918603,3833.93994140625,207000,0.0,0.0
2006-10-04 00:00:00+09:00,3846.82057748538,3881.1671897843567,3653.6208833036367,3670.794189453125,260400,0.0,0.0
2006-10-05 00:00:00+09:00,3756.6601971280493,3773.833500886349,3679.3803302157007,3718.020263671875,139600,0.0,0.0
2006-10-06 00:00:00+09:00,3718.020263671875,3756.6601971280493,3675.0870042761258,3718.020263671875,174000,0.0,0.0
2006-10-09 00:00:00+09:00,3718.020263671875,3718.020263671875,3718.020263671875,3718.020263671875,0,0.0,0.0
2006-10-10 00:00:00+09:00,3653.6207189223346,3726.6072667738968,3632.1540872012865,3649.327392578125,179400,0.0,0.0
2006-10-11 00:00:00+09:00,3700.847118841066,3713.7270972129027,3499.060791015625,3499.060791015625,229200,0.0,0.0
2006-10-12 00:00:00+09:00,3516.233716971641,3593.5135788831058,3516.233716971641,3550.580322265625,237800,0.0,0.0
2006-10-13 00:00:00+09:00,3602.100341796875,3645.0335997443945,3550.580432259852,3602.100341796875,223800,0.0,0.0
2006-10-16 00:00:00+09:00,3726.60693359375,3726.60693359375,3726.60693359375,3726.60693359375,223800,0.0,0.0
2006-10-17 00:00:00+09:00,3803.8873206876765,3846.820586158192,3765.2473817642126,3799.593994140625,256600,0.0,0.0
2006-10-18 00:00:00+09:00,3713.7270329587013,3739.4869892566808,3662.2071203627424,3705.140380859375,221400,0.0,0.0
2006-10-19 00:00:00+09:00,3786.713473896118,3803.8867776326083,3752.3668664231373,3773.83349609375,140400,0.0,0.0
2006-10-20 00:00:00+09:00,3760.9543955449826,3791.0076840938577,3709.434472318339,3722.314453125,168400,0.0,0.0
2006-10-23 00:00:00+09:00,3735.1944339316606,3769.5410494160897,3713.7277992538925,3722.314453125,113800,0.0,0.0
2006-10-24 00:00:00+09:00,3730.901160116863,3743.78114110691,3606.3946772130785,3619.274658203125,284200,0.0,0.0
2006-10-25 00:00:00+09:00,3606.3935558683497,3623.5668585153417,3537.700345280381,3550.580322265625,310800,0.0,0.0
2006-10-26 00:00:00+09:00,3554.8738011111536,3554.8738011111536,3490.4739134098645,3507.647216796875,354400,0.0,0.0
2006-10-27 00:00:00+09:00,3550.580322265625,3576.3402762361134,3499.0604143246487,3550.580322265625,348000,0.0,0.0
2006-10-30 00:00:00+09:00,3541.9943930363866,3541.9943930363866,3417.487923462986,3421.78125,447600,0.0,0.0
2006-10-31 00:00:00+09:00,3421.781094865713,3456.127705604641,3327.3279153336607,3344.501220703125,571800,0.0,0.0
2006-11-01 00:00:00+09:00,3310.154452791352,3314.447778929862,3245.754560713699,3267.22119140625,328600,0.0,0.0
2006-11-02 00:00:00+09:00,3224.2880859375,3241.4613913219873,3164.1815170917944,3224.2880859375,377800,0.0,0.0
2006-11-03 00:00:00+09:00,3224.2880859375,3224.2880859375,3224.2880859375,3224.2880859375,0,0.0,0.0
2006-11-06 00:00:00+09:00,3275.8081435571853,3365.9680007193097,3267.2214904941256,3357.38134765625,314400,0.0,0.0
2006-11-07 00:00:00+09:00,3443.2471807219245,3563.4602992508694,3426.073878074932,3550.580322265625,754200,0.0,0.0
2006-11-08 00:00:00+09:00,3541.9943456910087,3541.9943456910087,3374.5546129856157,3460.421142578125,711000,0.0,0.0
2006-11-09 00:00:00+09:00,3374.554390775241,3400.314347956731,3318.7411502153445,3348.79443359375,467800,0.0,0.0
2006-11-10 00:00:00+09:00,3305.8613109588623,3340.2079219818115,3284.394679069519,3297.274658203125,395400,0.0,0.0
2006-11-13 00:00:00+09:00,3297.274633821571,3297.274633821571,3177.06149613016,3224.2880859375,394200,0.0,0.0
2006-11-14 00:00:00+09:00,3396.0205074986948,3396.0205074986948,3292.9806943761046,3340.207275390625,342400,0.0,0.0
2006-11-15 00:00:00+09:00,3417.487724866365,3417.487724866365,3258.634652228104,3262.927978515625,233000,0.0,0.0
2006-11-16 00:00:00+09:00,3262.927978515625,3314.4478939658716,3254.341325940584,3262.927978515625,148400,0.0,0.0
2006-11-17 00:00:00+09:00,3267.221476954715,3271.5148034684535,3138.421681542571,3164.181640625,255400,0.0,0.0
2006-11-20 00:00:00+09:00,3108.3676743821634,3116.954325416368,2992.4478854203976,2996.7412109375,222400,0.0,0.0
2006-11-21 00:00:00+09:00,3005.3279750829447,3043.967906191154,2966.6880439747356,2992.447998046875,147800,0.0,0.0
2006-11-22 00:00:00+09:00,3022.5020519835844,3142.715201778386,3009.6220716484268,3138.421875,163400,0.0,0.0
2006-11-23 00:00:00+09:00,3138.421875,3138.421875,3138.421875,3138.421875,0,0.0,0.0
2006-11-24 00:00:00+09:00,3078.315185546875,3091.19516540272,3009.621959649037,3078.315185546875,198200,0.0,0.0
2006-11-27 00:00:00+09:00,3018.2080592105262,3121.2478791551243,3018.2080592105262,3099.78125,202800,0.0,0.0
2006-11-28 00:00:00+09:00,3026.7946698588707,3211.407678091398,3022.5013440860216,3194.234375,297000,0.0,0.0
2006-11-29 00:00:00+09:00,3245.7547455658782,3280.1013566300676,3155.5948915223817,3177.0615234375,319800,0.0,0.0
2006-11-30 00:00:00+09:00,3224.287372644837,3241.4606742301626,3189.9407694741863,3232.8740234375,282000,0.0,0.0
2006-12-01 00:00:00+09:00,3301.568359375,3301.568359375,3301.568359375,3301.568359375,282000,0.0,0.0
2006-12-04 00:00:00+09:00,3275.8080263137817,3305.8613109588623,3237.168088912964,3297.274658203125,499000,0.0,0.0
2006-12-05 00:00:00+09:00,3344.500715485418,3361.674018260696,3271.514178690486,3280.100830078125,376000,0.0,0.0
2006-12-06 00:00:00+09:00,3301.5676450024316,3314.447622811284,3258.634385639591,3310.154296875,201800,0.0,0.0
2006-12-07 00:00:00+09:00,3348.7945572576696,3348.7945572576696,3258.6347037930404,3288.68798828125,355400,0.0,0.0
2006-12-08 00:00:00+09:00,3267.2208332283262,3383.1406262600804,3267.2208332283262,3327.327392578125,472800,0.0,0.0
2006-12-11 00:00:00+09:00,3357.3812905686414,3464.714452031833,3348.794637651586,3451.83447265625,664600,0.0,0.0
2006-12-12 00:00:00+09:00,3494.767265329445,3494.767265329445,3370.260814844735,3404.607421875,515600,0.0,0.0
2006-12-13 00:00:00+09:00,3404.607421875,3404.607421875,3404.607421875,3404.607421875,515600,0.0,0.0
2006-12-14 00:00:00+09:00,3434.6607808534263,3447.5407587816267,3374.5542171884913,3383.140869140625,261800,0.0,0.0
2006-12-15 00:00:00+09:00,3391.7276699292825,3426.0742792450224,3361.6743867780106,3396.02099609375,267200,0.0,0.0
2006-12-18 00:00:00+09:00,3396.0215491532385,3443.248144653473,3383.1415685622655,3430.3681640625,250400,0.0,0.0
2006-12-19 00:00:00+09:00,3391.7280071302957,3413.1946400868164,3305.8614753042125,3318.741455078125,291400,0.0,0.0
2006-12-20 00:00:00+09:00,3344.5011676688323,3447.540998251697,3344.5011676688323,3438.954345703125,288400,0.0,0.0
2006-12-21 00:00:00+09:00,3434.660931573957,3447.5409100673596,3378.8476914358803,3396.02099609375,273800,0.0,0.0
2006-12-22 00:00:00+09:00,3370.261247530674,3400.3145325405017,3335.9146360908708,3378.847900390625,216000,0.0,0.0
2006-12-25 00:00:00+09:00,3374.554443359375,3383.141095887007,3318.7412019297667,3374.554443359375,164200,0.0,0.0
2006-12-26 00:00:00+09:00,3344.5009823105443,3469.007437364467,3323.0343521288337,3464.714111328125,448000,0.0,0.0
2006-12-27 00:00:00+09:00,3503.3545561650185,3563.461129432556,3447.5413095594486,3473.30126953125,478400,0.0,0.0
2006-12-28 00:00:00+09:00,3516.2341565424854,3524.8208089394147,3413.1943277793357,3469.007568359375,211000,0.0,0.0
2006-12-29 00:00:00+09:00,3477.594596193217,3494.767902841085,3456.127962883382,3473.30126953125,129000,0.0,0.0
2007-01-04 00:00:00+09:00,3417.487548828125,3417.487548828125,3417.487548828125,3417.487548828125,96400,0.0,0.0
2007-01-05 00:00:00+09:00,3400.313930241142,3400.313930241142,3250.0475318087683,3271.51416015625,466200,0.0,0.0
2007-01-09 00:00:00+09:00,3297.275383141762,3365.968620290549,3262.928764567369,3361.67529296875,260600,0.0,0.0
2007-01-10 00:00:00+09:00,3353.0884137834823,3353.0884137834823,3288.6885082690746,3305.86181640625,203800,0.0,0.0
2007-01-11 00:00:00+09:00,3374.554443359375,3391.727748414639,3340.207833248847,3374.554443359375,306800,0.0,0.0
2007-01-12 00:00:00+09:00,3426.0747553024,3426.0747553024,3340.2082200817886,3387.434814453125,267600,0.0,0.0
2007-01-15 00:00:00+09:00,3434.660888671875,3438.9542147827146,3365.9676708984375,3434.660888671875,208800,0.0,0.0
2007-01-16 00:00:00+09:00,3434.6614909261575,3451.8347983807885,3413.194856607869,3430.3681640625,142200,0.0,0.0
2007-01-17 00:00:00+09:00,3447.5408425289957,3507.647407654034,3404.607581725397,3481.887451171875,297800,0.0,0.0
2007-01-18 00:00:00+09:00,3490.4740495196043,3511.9406795904506,3447.5407893779116,3456.12744140625,219200,0.0,0.0
2007-01-19 00:00:00+09:00,3447.540777047073,3447.540777047073,3370.2609090684336,3391.7275390625,369800,0.0,0.0
2007-01-22 00:00:00+09:00,3396.021021759816,3396.021021759816,3314.44782401843,3348.79443359375,477200,0.0,0.0
2007-01-23 00:00:00+09:00,3348.794547045491,3365.967852414955,3297.2746309370987,3344.501220703125,400600,0.0,0.0
2007-01-24 00:00:00+09:00,3370.2604213798063,3383.1403975124676,3331.620492981821,3335.913818359375,464000,0.0,0.0
2007-01-25 00:00:00+09:00,3374.554700765079,3378.848027356383,3318.741455078125,3318.741455078125,245600,0.0,0.0
2007-01-26 00:00:00+09:00,3305.861379092502,3344.501317289687,3297.2747261597938,3331.621337890625,164000,0.0,0.0
2007-01-29 00:00:00+09:00,3361.6745433538736,3378.8478488116198,3335.914585167254,3353.087890625,227800,0.0,0.0
2007-01-30 00:00:00+09:00,3374.554658092848,3503.3544542032623,3353.0880254077792,3421.78125,576600,0.0,0.0
2007-01-31 00:00:00+09:00,3430.3681640625,3451.8347983807885,3361.6749342439766,3430.3681640625,353600,0.0,0.0
2007-02-01 00:00:00+09:00,3413.1945969259723,3430.3679030740277,3370.2613315558347,3421.78125,232400,0.0,0.0
2007-02-02 00:00:00+09:00,3443.2476719774113,3464.7143033488414,3408.9010617831227,3438.954345703125,248200,0.0,0.0
2007-02-05 00:00:00+09:00,3456.1275623962943,3456.1275623962943,3378.8476914358803,3396.02099609375,263400,0.0,0.0
2007-02-06 00:00:00+09:00,3387.434575778335,3451.83447265625,3387.434575778335,3451.83447265625,255000,0.0,0.0
2007-02-07 00:00:00+09:00,3447.5407782415764,3597.807188252106,3438.954126240975,3567.75390625,813800,0.0,0.0
2007-02-08 00:00:00+09:00,3576.3403481537443,3662.206863115419,3529.1137649248235,3640.740234375,725800,0.0,0.0
2007-02-09 00:00:00+09:00,3597.8073379187276,3627.8606211710317,3563.4607284875224,3580.634033203125,394600,0.0,0.0
2007-02-13 00:00:00+09:00,3524.821141921512,3541.994448337695,3499.061182297238,3511.941162109375,393200,0.0,0.0
2007-02-14 00:00:00+09:00,3529.1131691173678,3550.5797942336535,3490.4732439080535,3533.406494140625,451000,0.0,0.0
2007-02-15 00:00:00+09:00,3572.0473351226997,3572.0473351226997,3460.420855900115,3499.060791015625,175800,0.0,0.0
2007-02-16 00:00:00+09:00,3499.0605651033698,3584.9270820384218,3469.0072841761016,3507.647216796875,259200,0.0,0.0
2007-02-19 00:00:00+09:00,3486.1810282044494,3580.6342087715648,3486.1810282044494,3546.28759765625,294200,0.0,0.0
2007-02-20 00:00:00+09:00,3563.4609652561267,3705.140738573539,3559.1676387919624,3700.847412109375,688600,0.0,0.0
2007-02-21 00:00:00+09:00,3863.993517287234,4061.4865192819148,3855.406865026596,4035.7265625,1601000,0.0,0.0
2007-02-22 00:00:00+09:00,4121.593546416938,4130.18019963864,3906.9272158743893,3954.15380859375,652600,0.0,0.0
2007-02-23 00:00:00+09:00,4070.0728225241855,4250.3925045347505,4035.726216426935,4216.0458984375,1298800,0.0,0.0
2007-02-26 00:00:00+09:00,4379.192898677527,4426.419488761305,4246.0997811687,4331.96630859375,1146600,0.0,0.0
2007-02-27 00:00:00+09:00,4344.846540178572,4362.019846661491,4113.006902659162,4147.353515625,735400,0.0,0.0
2007-02-28 00:00:00+09:00,3803.8865103242697,3984.206186885917,3765.246579632488,3932.686279296875,930400,0.0,0.0
2007-03-01 00:00:00+09:00,3975.6200646441916,4061.48658871858,3791.007037884256,3949.860107421875,795800,0.0,0.0
2007-03-02 00:00:00+09:00,3906.9269386574074,4087.246643518519,3838.2337177579366,4057.193359375,779000,0.0,0.0
2007-03-05 00:00:00+09:00,3971.3265959384958,3997.086552236475,3675.087098511732,3705.140380859375,750000,0.0,0.0
2007-03-06 00:00:00+09:00,3705.1403519202922,3984.20654296875,3705.1403519202922,3984.20654296875,795200,0.0,0.0
2007-03-07 00:00:00+09:00,3821.060302734375,3821.060302734375,3821.060302734375,3821.060302734375,795200,0.0,0.0
2007-03-08 00:00:00+09:00,3825.3539003715596,3967.033674459395,3760.954003058907,3958.447021484375,713000,0.0,0.0
2007-03-09 00:00:00+09:00,3962.740086033033,4022.846652885105,3928.393476403278,3949.860107421875,336000,0.0,0.0
2007-03-12 00:00:00+09:00,3988.5000432553497,4001.380021866508,3868.2869095512056,3949.860107421875,251200,0.0,0.0
2007-03-13 00:00:00+09:00,3876.8740234375,3876.8740234375,3876.8740234375,3876.8740234375,336000,0.0,0.0
2007-03-14 00:00:00+09:00,3756.660720200566,3795.300659036915,3662.2075363783806,3670.794189453125,418600,0.0,0.0
2007-03-15 00:00:00+09:00,3756.66019235726,3838.2333851055887,3718.0202589501564,3773.83349609375,323000,0.0,0.0
2007-03-16 00:00:00+09:00,3756.660902795713,3756.660902795713,3584.9278329536232,3636.44775390625,454400,0.0,0.0
2007-03-19 00:00:00+09:00,3632.154138297678,3713.7273399852147,3589.2208742516063,3675.08740234375,282800,0.0,0.0
2007-03-20 00:00:00+09:00,3700.8474238994404,3722.3140562886483,3614.9808943426087,3645.0341796875,216400,0.0,0.0
2007-03-22 00:00:00+09:00,3692.260759181047,3743.7806767510147,3666.500800396063,3700.847412109375,323800,0.0,0.0
2007-03-23 00:00:00+09:00,3709.4330668604653,3722.313042787064,3666.4998137718026,3692.259765625,251200,0.0,0.0
2007-03-26 00:00:00+09:00,3722.3134797071684,3722.3134797071684,3649.3269408893807,3666.500244140625,158000,0.0,0.0
2007-03-27 00:00:00+09:00,3675.959357949808,3749.0486083417923,3663.0612549394577,3706.054931640625,199600,6.0,0.0
2007-03-28 00:00:00+09:00,3706.055322554549,3710.354690678162,3607.169855711446,3632.966064453125,263000,0.0,0.0
2007-03-29 00:00:00+09:00,3546.9783253517016,3658.7618846961186,3534.0802223504224,3624.366943359375,214000,0.0,0.0
2007-03-30 00:00:00+09:00,3641.563745351938,3658.7612128624546,3551.2770409217246,3577.0732421875,170000,0.0,0.0
2007-04-02 00:00:00+09:00,3568.475424194336,3572.774792175293,3426.5962808227537,3439.494384765625,311000,0.0,0.0
2007-04-03 00:00:00+09:00,3426.5964653276883,3469.5901474522516,3349.2078375034744,3383.602783203125,596800,0.0,0.0
2007-04-04 00:00:00+09:00,3366.4048604224013,3375.003595698065,3297.6149782170905,3319.11181640625,934000,0.0,0.0
2007-04-05 00:00:00+09:00,3314.8119192123413,3344.9074878692627,3284.71635055542,3301.913818359375,468800,0.0,0.0
2007-04-06 00:00:00+09:00,3284.7168201881627,3340.60859854215,3228.825041834176,3241.72314453125,410200,0.0,0.0
2007-04-09 00:00:00+09:00,3190.13037109375,3190.13037109375,3190.13037109375,3190.13037109375,410200,0.0,0.0
2007-04-10 00:00:00+09:00,3181.531769233102,3370.7039284847997,3177.2324019773814,3323.410888671875,687200,0.0,0.0
2007-04-11 00:00:00+09:00,3263.220458984375,3263.220458984375,3263.220458984375,3263.220458984375,687200,0.0,0.0
2007-04-12 00:00:00+09:00,3267.5196585723597,3362.105753952086,3267.5196585723597,3297.615234375,281800,0.0,0.0
2007-04-13 00:00:00+09:00,3336.30894767198,3336.30894767198,3203.028564453125,3203.028564453125,338000,0.0,0.0
2007-04-16 00:00:00+09:00,3203.02830215328,3220.2257695473913,3108.442231485666,3121.34033203125,541800,0.0,0.0
2007-04-17 00:00:00+09:00,3160.034481095679,3194.429414223251,3121.3401813271603,3134.23828125,328200,0.0,0.0
2007-04-18 00:00:00+09:00,3125.640204352301,3181.531982421875,3125.640204352301,3181.531982421875,252000,0.0,0.0
2007-04-19 00:00:00+09:00,3160.034481095679,3198.7287808641977,3112.7414480452676,3134.23828125,222200,0.0,0.0
2007-04-20 00:00:00+09:00,3172.932960081636,3172.932960081636,3056.8500469079177,3061.1494140625,264200,0.0,0.0
2007-04-23 00:00:00+09:00,3052.5509057687145,3061.149640714542,2979.4616587291816,3000.95849609375,406400,0.0,0.0
2007-04-24 00:00:00+09:00,2953.666015625,2953.666015625,2953.666015625,2953.666015625,406400,0.0,0.0
2007-04-25 00:00:00+09:00,2927.86962890625,2927.86962890625,2927.86962890625,2927.86962890625,406400,0.0,0.0
2007-04-26 00:00:00+09:00,2970.8629904101836,3074.047812074213,2932.1686822861725,3056.850341796875,543600,0.0,0.0
2007-04-27 00:00:00+09:00,3005.25732421875,3005.25732421875,3005.25732421875,3005.25732421875,543600,0.0,0.0
2007-05-01 00:00:00+09:00,3009.557219894648,3043.9521595505867,2979.4616476957012,3022.455322265625,218200,0.0,0.0
2007-05-02 00:00:00+09:00,3065.4489529980333,3108.442626953125,3013.8565442519234,3108.442626953125,268000,0.0,0.0
2007-05-07 00:00:00+09:00,3207.328092276815,3280.4173383474663,3203.0287248608943,3271.818603515625,615600,0.0,0.0
2007-05-08 00:00:00+09:00,3353.506416474413,3357.8057836750213,3168.6336268482596,3203.028564453125,1036400,0.0,0.0
2007-05-09 00:00:00+09:00,3375.003901998795,3456.69189453125,3344.9083258026276,3456.69189453125,1500200,0.0,0.0
2007-05-10 00:00:00+09:00,3375.0040467782123,3396.5008878404938,3357.806573928387,3383.602783203125,772000,0.0,0.0
2007-05-11 00:00:00+09:00,3289.0166015625,3293.3159696691177,3224.526079963235,3289.0166015625,580600,0.0,0.0
2007-05-14 00:00:00+09:00,3327.711177785773,3349.208020019531,3258.9212826377466,3267.52001953125,357000,0.0,0.0
2007-05-15 00:00:00+09:00,3147.1373995459585,3198.729815931958,3138.5386634816255,3151.436767578125,411000,0.0,0.0
2007-05-16 00:00:00+09:00,3160.035400390625,3190.1309756324404,3121.3410893654336,3160.035400390625,373800,0.0,0.0
2007-05-17 00:00:00+09:00,3224.525697769657,3237.423800560736,3190.1307569934474,3198.7294921875,263000,0.0,0.0
2007-05-18 00:00:00+09:00,3108.442729214524,3117.0414642884234,3074.047788918928,3099.843994140625,392000,0.0,0.0
2007-05-21 00:00:00+09:00,3099.843572593348,3198.7290124957713,3074.0473708796726,3177.232177734375,279000,0.0,0.0
2007-05-22 00:00:00+09:00,3207.32763671875,3228.824470745015,3125.6396674189427,3207.32763671875,295200,0.0,0.0
2007-05-23 00:00:00+09:00,3203.0288557381464,3207.3282233297414,3104.1434011314655,3117.04150390625,291400,0.0,0.0
2007-05-24 00:00:00+09:00,3108.443181632453,3121.3412861205543,3074.0482363308492,3082.64697265625,207200,0.0,0.0
2007-05-25 00:00:00+09:00,3052.551064371061,3086.946005941439,3052.551064371061,3069.74853515625,283600,0.0,0.0
2007-05-28 00:00:00+09:00,3086.9459307650864,3121.340871497845,3086.9459307650864,3117.04150390625,163000,0.0,0.0
2007-05-29 00:00:00+09:00,3095.544231267265,3138.5379011459772,3091.244864279394,3112.74169921875,187800,0.0,0.0
2007-05-30 00:00:00+09:00,3164.334228515625,3172.9329628322434,3138.538025565769,3164.334228515625,292800,0.0,0.0
2007-05-31 00:00:00+09:00,3220.2268949468084,3237.424368351064,3220.2268949468084,3233.125,364000,0.0,0.0
2007-06-01 00:00:00+09:00,3263.219959199116,3289.0161644101763,3241.7231215232327,3284.716796875,327000,0.0,0.0
2007-06-04 00:00:00+09:00,3370.704090423004,3443.793337281666,3357.805988036181,3392.200927734375,512000,0.0,0.0
2007-06-05 00:00:00+09:00,3323.4110817132996,3332.0098167242004,3310.5129791969475,3327.71044921875,390600,0.0,0.0
2007-06-06 00:00:00+09:00,3297.6147651623523,3383.6021123634564,3289.0160304422416,3357.805908203125,211400,0.0,0.0
2007-06-07 00:00:00+09:00,3417.9968615545745,3585.672179291214,3413.6974944331223,3559.8759765625,902600,0.0,0.0
2007-06-08 00:00:00+09:00,3645.864409408845,3718.9536723333144,3482.488409930618,3572.775146484375,1469000,0.0,0.0
2007-06-11 00:00:00+09:00,3512.583200916393,3555.576875346214,3478.188261372536,3516.882568359375,548200,0.0,0.0
2007-06-12 00:00:00+09:00,3422.2974169982235,3525.4822637418883,3422.2974169982235,3478.189208984375,390800,0.0,0.0
2007-06-13 00:00:00+09:00,3693.1561667397204,3908.12451171875,3663.0605984426566,3908.12451171875,2387000,0.0,0.0
2007-06-14 00:00:00+09:00,3998.411456552585,4092.9975340194205,3886.627910455416,3929.62158203125,2147200,0.0,0.0
2007-06-15 00:00:00+09:00,3912.425399416181,3964.0178222656255,3899.52729370382,3964.017822265625,777000,0.0,0.0
2007-06-18 00:00:00+09:00,3890.9275924327762,3895.2269599382266,3865.1313874000725,3882.328857421875,541000,0.0,0.0
2007-06-19 00:00:00+09:00,4024.207504089422,4050.003706038713,3925.3220632838056,3942.51953125,1058200,0.0,0.0
2007-06-20 00:00:00+09:00,3878.0296435546875,3912.4245849609374,3856.532805175781,3869.430908203125,439600,0.0,0.0
2007-06-21 00:00:00+09:00,3925.323382268187,3968.317066630379,3921.0240138319673,3933.922119140625,443600,0.0,0.0
2007-06-22 00:00:00+09:00,3908.1259085233096,3985.5145403752563,3886.6290663422133,3933.922119140625,352400,0.0,0.0
2007-06-25 00:00:00+09:00,3890.927512057001,3895.2268794736383,3843.6344704739877,3847.933837890625,333600,0.0,0.0
2007-06-26 00:00:00+09:00,3886.6291858824343,3916.7247658616125,3860.83297447171,3903.82666015625,312400,0.0,0.0
2007-06-27 00:00:00+09:00,3826.4375277432528,3826.4375277432528,3779.1444796475494,3783.44384765625,270400,0.0,0.0
2007-06-28 00:00:00+09:00,3813.538818359375,3813.538818359375,3783.4432470758175,3813.538818359375,276400,0.0,0.0
2007-06-29 00:00:00+09:00,3817.8383448401164,3886.628224927326,3817.8383448401164,3882.328857421875,221600,0.0,0.0
2007-07-02 00:00:00+09:00,3886.628224927326,3946.8193700036336,3860.832019894622,3882.328857421875,415000,0.0,0.0
2007-07-03 00:00:00+09:00,3890.927512057001,3921.023083973464,3830.736368224075,3847.933837890625,459200,0.0,0.0
2007-07-04 00:00:00+09:00,3860.831940140538,3899.526246890276,3839.33510305735,3847.933837890625,251600,0.0,0.0
2007-07-05 00:00:00+09:00,3869.4306237357005,3942.519868850708,3839.335052217756,3852.233154296875,372000,0.0,0.0
2007-07-06 00:00:00+09:00,3869.4305317399217,3882.328633512388,3822.137491907545,3839.3349609375,218000,0.0,0.0
2007-07-09 00:00:00+09:00,3835.0356549904873,3847.933756969155,3787.7426144020396,3813.538818359375,431000,0.0,0.0
2007-07-10 00:00:00+09:00,3826.43678918349,3921.022867118363,3822.1374220046323,3886.6279296875,412800,0.0,0.0
2007-07-11 00:00:00+09:00,3895.226664045216,3916.723499939505,3882.3285625086423,3886.6279296875,410600,0.0,0.0
2007-07-12 00:00:00+09:00,3929.621673344765,3929.621673344765,3783.4431865901456,3839.3349609375,363200,0.0,0.0
2007-07-13 00:00:00+09:00,3903.825849609375,3903.825849609375,3847.9340698242186,3869.430908203125,275200,0.0,0.0
2007-07-17 00:00:00+09:00,3994.11328125,3994.11328125,3946.820228404198,3994.11328125,483600,0.0,0.0
2007-07-18 00:00:00+09:00,3968.3159995284072,3972.615366808503,3869.4305520862044,3899.526123046875,367000,0.0,0.0
2007-07-19 00:00:00+09:00,3933.920838794025,3964.0164080525583,3865.130966203091,3959.717041015625,338800,0.0,0.0
2007-07-20 00:00:00+09:00,3968.317122360756,4028.50828131314,3933.922174387965,3989.81396484375,387800,0.0,0.0
2007-07-23 00:00:00+09:00,3925.3216703995413,3968.3153360118035,3925.3216703995413,3955.417236328125,256200,0.0,0.0
2007-07-24 00:00:00+09:00,3886.628779960981,3916.7243567969617,3856.5332031249995,3856.533203125,295000,0.0,0.0
2007-07-25 00:00:00+09:00,3890.9273181657645,3951.118458999268,3882.3285837609783,3946.819091796875,309000,0.0,0.0
2007-07-26 00:00:00+09:00,3852.232403956422,3869.429870045513,3740.448874377329,3749.047607421875,365000,0.0,0.0
2007-07-27 00:00:00+09:00,3645.86376953125,3671.6599754477447,3602.8700930037585,3645.86376953125,522800,0.0,0.0
2007-07-30 00:00:00+09:00,3602.8695230329695,4007.0100184567154,3598.5701560603766,3985.51318359375,846200,0.0,0.0
2007-07-31 00:00:00+09:00,4041.4052734375,4071.5008446226725,3968.3160291306513,4041.4052734375,770800,0.0,0.0
2007-08-01 00:00:00+09:00,4007.0100184567154,4071.500523045611,3981.213816621157,3985.51318359375,679800,0.0,0.0
2007-08-02 00:00:00+09:00,4028.5079387082887,4105.8965650655455,3929.6224716962392,4058.603515625,552400,0.0,0.0
2007-08-03 00:00:00+09:00,3994.1125368040684,4041.4055808351177,3968.3163309689508,4015.609375,551000,0.0,0.0
2007-08-06 00:00:00+09:00,3843.6358882008644,4015.610648299337,3843.6358882008644,4011.311279296875,452600,0.0,0.0
2007-08-07 00:00:00+09:00,4067.2022001074733,4071.5015681836967,4037.1066235739086,4062.90283203125,337600,0.0,0.0
2007-08-08 00:00:00+09:00,3994.113277247695,4041.4063300461066,3929.622750704406,3933.922119140625,576800,0.0,0.0
2007-08-09 00:00:00+09:00,3981.2136997470716,4084.3985040601706,3981.2136997470716,4037.10546875,777400,0.0,0.0
2007-08-10 00:00:00+09:00,3895.2271142578124,3938.220791015625,3835.035966796875,3869.430908203125,569800,0.0,0.0
2007-08-13 00:00:00+09:00,3809.2397974046607,3826.437268273305,3757.6473847987286,3804.9404296875,504800,0.0,0.0
2007-08-14 00:00:00+09:00,3835.0363289686825,3994.11294799541,3835.0363289686825,3981.21484375,462000,0.0,0.0
2007-08-15 00:00:00+09:00,3951.118315984068,3951.118315984068,3903.8252784695687,3938.22021484375,350000,0.0,0.0
2007-08-16 00:00:00+09:00,3710.354353415688,3890.92779819374,3688.857514751634,3865.131591796875,327000,0.0,0.0
2007-08-17 00:00:00+09:00,3701.7549888810863,3749.0480259051187,3435.1942347456306,3443.79296875,424200,0.0,0.0
2007-08-20 00:00:00+09:00,3615.7679671402816,3645.8635388049447,3491.0863131009614,3521.181884765625,302200,0.0,0.0
2007-08-21 00:00:00+09:00,3714.6537446120687,3740.449951171875,3675.9594347723596,3740.449951171875,313200,0.0,0.0
2007-08-22 00:00:00+09:00,3749.0481464372847,3761.9462478585137,3718.9525764544164,3744.748779296875,271800,0.0,0.0
2007-08-23 00:00:00+09:00,3796.3421149976325,3860.832637902462,3787.743378610322,3830.737060546875,247600,0.0,0.0
2007-08-24 00:00:00+09:00,3787.742623234427,3916.723643321865,3787.742623234427,3895.226806640625,187600,0.0,0.0
2007-08-27 00:00:00+09:00,4007.01011109711,4011.309478169103,3964.016440377184,3998.411376953125,316200,0.0,0.0
2007-08-28 00:00:00+09:00,4011.310466184454,4084.399724410752,3998.412361791578,4058.603515625,287200,0.0,0.0
2007-08-29 00:00:00+09:00,3955.4189652852533,4015.6101234526373,3925.323386201561,3994.11328125,247200,0.0,0.0
2007-08-30 00:00:00+09:00,4105.896059122679,4105.896059122679,4041.4055451050444,4080.099853515625,389800,0.0,0.0
2007-08-31 00:00:00+09:00,4067.202947443182,4170.387800232438,4067.202947443182,4161.7890625,353800,0.0,0.0
2007-09-03 00:00:00+09:00,4204.781814544244,4252.074861538096,4170.3868712759895,4239.1767578125,415200,0.0,0.0
2007-09-04 00:00:00+09:00,4196.181754084543,4226.277319943756,4131.6912558148015,4144.58935546875,200600,0.0,0.0
2007-09-05 00:00:00+09:00,4123.093990449514,4166.087671267549,3955.418635259179,3981.21484375,269800,0.0,0.0
2007-09-06 00:00:00+09:00,3933.921703168541,4058.603374635085,3878.0299194076765,4050.004638671875,239800,0.0,0.0
2007-09-07 00:00:00+09:00,4050.0043554895724,4140.291076790295,3985.5138402747702,4032.806884765625,251200,0.0,0.0
2007-09-10 00:00:00+09:00,3912.4239623091603,3964.0163662077425,3903.825228326063,3942.51953125,165000,0.0,0.0
2007-09-11 00:00:00+09:00,3929.622805891366,4024.208912816541,3830.737330469592,3989.81396484375,222200,0.0,0.0
2007-09-12 00:00:00+09:00,3989.81396484375,3989.81396484375,3989.81396484375,3989.81396484375,222200,0.0,0.0
2007-09-13 00:00:00+09:00,3989.814121621622,4015.610333614865,3959.718540962838,3976.916015625,199400,0.0,0.0
2007-09-14 00:00:00+09:00,3964.016661818484,4041.4052734375,3964.016661818484,4041.4052734375,261000,0.0,0.0
2007-09-18 00:00:00+09:00,3981.213834173937,3994.1119351485822,3938.2201642584514,3942.51953125,267800,0.0,0.0
2007-09-19 00:00:00+09:00,4011.310415116567,4080.100304336144,4011.310415116567,4062.90283203125,342400,0.0,0.0
2007-09-20 00:00:00+09:00,4123.094105022206,4191.883996242598,4110.196000418383,4174.6865234375,255600,0.0,0.0
2007-09-21 00:00:00+09:00,4092.998834196891,4209.081784326425,4092.998834196891,4148.890625,228000,0.0,0.0
2007-09-25 00:00:00+09:00,4170.409550680573,4204.8401764859855,4084.3329861670427,4174.71337890625,163800,5.0,0.0
2007-09-26 00:00:00+09:00,4174.71337890625,4183.321035357603,4114.459783746778,4174.71337890625,178000,0.0,0.0
2007-09-27 00:00:00+09:00,4161.800598331947,4213.446520958611,4127.369983247505,4204.8388671875,299800,0.0,0.0
2007-09-28 00:00:00+09:00,4196.232461630676,4213.447774293776,4101.548241983624,4123.0673828125,338000,0.0,0.0
2007-10-01 00:00:00+09:00,4028.3830763796545,4157.49791857131,4002.560107941323,4045.598388671875,303400,0.0,0.0
2007-10-02 00:00:00+09:00,4097.242868964175,4183.319399824766,4097.242868964175,4144.5849609375,242800,0.0,0.0
2007-10-03 00:00:00+09:00,4140.282343424818,4166.105310223726,4110.155548826093,4135.978515625,136600,0.0,0.0
2007-10-04 00:00:00+09:00,4114.46039956303,4153.194859391552,4062.814453125,4062.814453125,161600,0.0,0.0
2007-10-05 00:00:00+09:00,4114.458034261068,4166.103951009115,4114.458034261068,4131.67333984375,165200,0.0,0.0
2007-10-09 00:00:00+09:00,4140.282616358148,4148.890272525212,4049.9022266039674,4054.2060546875,197800,0.0,0.0
2007-10-10 00:00:00+09:00,3998.257080078125,3998.257080078125,3998.257080078125,3998.257080078125,197800,0.0,0.0
2007-10-11 00:00:00+09:00,3959.5219630821075,4024.079386393229,3869.1415704465376,3950.914306640625,579000,0.0,0.0
2007-10-12 00:00:00+09:00,3959.5221605419974,3959.5221605419974,3791.6728515625,3791.6728515625,579000,0.0,0.0
2007-10-15 00:00:00+09:00,3830.406717339165,3899.267961695824,3761.545472982506,3813.19140625,326800,0.0,0.0
2007-10-16 00:00:00+09:00,3701.2920791965857,3761.545671183507,3641.0384872096647,3671.165283203125,446800,0.0,0.0
2007-10-17 00:00:00+09:00,3680.1587064755367,3680.1587064755367,3580.784423828125,3580.784423828125,446800,0.0,0.0
2007-10-18 00:00:00+09:00,3623.822645086064,3744.3298114309687,3623.822645086064,3727.114501953125,286600,0.0,0.0
2007-10-19 00:00:00+09:00,3666.861265345982,3666.861265345982,3615.21533203125,3615.21533203125,286600,0.0,0.0
2007-10-22 00:00:00+09:00,3529.13818359375,3572.176454125381,3473.1884319026294,3529.13818359375,146400,0.0,0.0
2007-10-23 00:00:00+09:00,3511.9229910714284,3524.83447265625,3511.9229910714284,3524.83447265625,146400,0.0,0.0
2007-10-24 00:00:00+09:00,3589.0319186119586,3606.607421875,3589.0319186119586,3606.607421875,146400,0.0,0.0
2007-10-25 00:00:00+09:00,3606.6080916575406,3606.6080916575406,3438.7587890625,3438.7587890625,146400,0.0,0.0
2007-10-26 00:00:00+09:00,3449.2467506243815,3460.27783203125,3449.2467506243815,3460.27783203125,146400,0.0,0.0
2007-10-29 00:00:00+09:00,3503.315528830901,3533.4423208478743,3387.1121881940035,3391.416015625,274600,0.0,0.0
2007-10-30 00:00:00+09:00,3400.0233780298477,3400.0233780298477,3356.985107421875,3356.985107421875,274600,0.0,0.0
2007-10-31 00:00:00+09:00,3318.2515821580764,3408.6319754464284,3227.871188869724,3313.94775390625,480600,0.0,0.0
2007-11-01 00:00:00+09:00,3313.9474239864862,3344.07421875,3313.9474239864862,3344.07421875,480600,0.0,0.0
2007-11-02 00:00:00+09:00,3395.7198652787642,3408.63134765625,3395.7198652787642,3408.63134765625,480600,0.0,0.0
2007-11-05 00:00:00+09:00,3408.63166072312,3434.45462784981,3232.1747186907364,3262.301513671875,435600,0.0,0.0
2007-11-06 00:00:00+09:00,3379.332823838046,3379.332823838046,3344.07421875,3344.07421875,435600,0.0,0.0
2007-11-07 00:00:00+09:00,3344.074189374791,3344.074189374791,3219.26318359375,3219.26318359375,435600,0.0,0.0
2007-11-08 00:00:00+09:00,3167.6169879872314,3202.047607421875,3167.6169879872314,3202.047607421875,435600,0.0,0.0
2007-11-09 00:00:00+09:00,3214.958796625552,3214.958796625552,3167.61669921875,3167.61669921875,435600,0.0,0.0
2007-11-12 00:00:00+09:00,3154.7056824505244,3154.7056824505244,3051.413818359375,3051.413818359375,435600,0.0,0.0
2007-11-13 00:00:00+09:00,3025.5910744957887,3064.3255263741135,2978.2489666445035,3034.19873046875,229400,0.0,0.0
2007-11-14 00:00:00+09:00,3034.1983376779867,3202.047607421875,3034.1983376779867,3202.047607421875,229400,0.0,0.0
2007-11-15 00:00:00+09:00,3191.641179119898,3352.681884765625,3191.641179119898,3352.681884765625,229400,0.0,0.0
2007-11-16 00:00:00+09:00,3341.78598981462,3341.78598981462,3197.744140625,3197.744140625,229400,0.0,0.0
2007-11-19 00:00:00+09:00,3068.62895577567,3068.62895577567,3012.67919921875,3012.67919921875,229400,0.0,0.0
2007-11-20 00:00:00+09:00,2922.299058420859,3111.66748046875,2922.299058420859,3111.66748046875,229400,0.0,0.0
2007-11-21 00:00:00+09:00,3115.971624249454,3115.971624249454,2956.72998046875,2956.72998046875,229400,0.0,0.0
2007-11-22 00:00:00+09:00,2956.728951090728,3004.071044921875,2956.728951090728,3004.071044921875,229400,0.0,0.0
2007-11-26 00:00:00+09:00,3047.1099705958104,3167.6171445741757,3025.590832385388,3133.1865234375,209400,0.0,0.0
2007-11-27 00:00:00+09:00,3124.5789212740383,3124.5789212740383,3077.23681640625,3077.23681640625,229400,0.0,0.0
2007-11-28 00:00:00+09:00,3085.844942889636,3085.844942889636,3034.199002422864,3060.02197265625,230000,0.0,0.0
2007-11-29 00:00:00+09:00,3049.1588949746433,3197.744140625,3049.1588949746433,3197.744140625,230000,0.0,0.0
2007-11-30 00:00:00+09:00,3184.832559429718,3318.251220703125,3184.832559429718,3318.251220703125,230000,0.0,0.0
2007-12-03 00:00:00+09:00,3318.251038561369,3318.251038561369,3270.908935546875,3270.908935546875,230000,0.0,0.0
2007-12-04 00:00:00+09:00,3279.516707710598,3279.516707710598,3266.605224609375,3266.605224609375,230000,0.0,0.0
2007-12-05 00:00:00+09:00,3190.9171279397224,3202.047607421875,3190.9171279397224,3202.047607421875,230000,0.0,0.0
2007-12-06 00:00:00+09:00,3249.389945235907,3292.42822265625,3249.389945235907,3292.42822265625,230000,0.0,0.0
2007-12-07 00:00:00+09:00,3292.4285342088388,3460.27783203125,3292.4285342088388,3460.27783203125,230000,0.0,0.0
2007-12-10 00:00:00+09:00,3451.669490720251,3494.707763671875,3451.669490720251,3494.707763671875,230000,0.0,0.0
2007-12-11 00:00:00+09:00,3466.038496201158,3516.22705078125,3466.038496201158,3516.22705078125,230000,0.0,0.0
2007-12-12 00:00:00+09:00,3404.3266117543058,3451.668701171875,3404.3266117543058,3451.668701171875,230000,0.0,0.0
2007-12-13 00:00:00+09:00,3438.7586620971374,3438.7586620971374,3434.454833984375,3434.454833984375,230000,0.0,0.0
2007-12-14 00:00:00+09:00,3421.5434602019077,3421.5434602019077,3313.94775390625,3313.94775390625,230000,0.0,0.0
2007-12-17 00:00:00+09:00,3301.035935557592,3301.035935557592,3137.490478515625,3137.490478515625,230000,0.0,0.0
2007-12-18 00:00:00+09:00,3094.4517417585057,3180.528285340105,3072.9326058631054,3154.705322265625,139800,0.0,0.0
2007-12-19 00:00:00+09:00,3141.7936769595817,3141.7936769595817,3124.578369140625,3124.578369140625,230000,0.0,0.0
2007-12-20 00:00:00+09:00,3236.478462980121,3236.478462980121,3193.440185546875,3193.440185546875,230000,0.0,0.0
2007-12-21 00:00:00+09:00,3181.4653996040047,3309.64404296875,3181.4653996040047,3309.64404296875,230000,0.0,0.0
2007-12-25 00:00:00+09:00,3344.073626239483,3356.985107421875,3344.073626239483,3356.985107421875,230000,0.0,0.0
2007-12-26 00:00:00+09:00,3348.3782717291274,3438.7586620971374,3344.074443616365,3434.454833984375,232400,0.0,0.0
2007-12-27 00:00:00+09:00,3434.4540775590235,3434.4540775590235,3326.8583984375,3326.8583984375,232400,0.0,0.0
2007-12-28 00:00:00+09:00,3279.516357421875,3279.516357421875,3279.516357421875,3279.516357421875,232400,0.0,0.0
2008-01-04 00:00:00+09:00,3176.224609375,3176.224609375,3176.224609375,3176.224609375,232400,0.0,0.0
2008-01-07 00:00:00+09:00,3165.9018479787674,3165.9018479787674,3016.98291015625,3016.98291015625,232400,0.0,0.0
2008-01-08 00:00:00+09:00,3038.859239347083,3111.66748046875,3038.859239347083,3111.66748046875,232400,0.0,0.0
2008-01-09 00:00:00+09:00,3111.667782405931,3163.313720703125,3111.667782405931,3163.313720703125,232400,0.0,0.0
2008-01-10 00:00:00+09:00,3098.755859375,3098.755859375,3098.755859375,3098.755859375,232400,0.0,0.0
2008-01-11 00:00:00+09:00,3025.5908185173485,3025.5908185173485,2926.602783203125,2926.602783203125,232400,0.0,0.0
2008-01-15 00:00:00+09:00,2930.9067657900528,2930.9067657900528,2750.14599609375,2750.14599609375,232400,0.0,0.0
2008-01-16 00:00:00+09:00,2534.954411511413,2698.4998574153756,2534.954411511413,2586.600341796875,220000,0.0,0.0
2008-01-17 00:00:00+09:00,2595.2082562294736,2702.803955078125,2595.2082562294736,2702.803955078125,220000,0.0,0.0
2008-01-18 00:00:00+09:00,2586.6004078223273,2737.234375,2586.6004078223273,2737.234375,220000,0.0,0.0
2008-01-21 00:00:00+09:00,2569.38509418035,2569.38509418035,2539.25830078125,2539.25830078125,220000,0.0,0.0
2008-01-22 00:00:00+09:00,2435.966155779803,2435.966155779803,2324.066650390625,2324.066650390625,220000,0.0,0.0
2008-01-23 00:00:00+09:00,2397.232177734375,2397.232177734375,2397.232177734375,2397.232177734375,220000,0.0,0.0
2008-01-24 00:00:00+09:00,2431.6625034265353,2453.181640625,2431.6625034265353,2453.181640625,220000,0.0,0.0
2008-01-25 00:00:00+09:00,2539.25859375,2582.296875,2539.25859375,2582.296875,220000,0.0,0.0
2008-01-28 00:00:00+09:00,2539.2583755782057,2539.2583755782057,2500.52392578125,2500.52392578125,220000,0.0,0.0
2008-01-29 00:00:00+09:00,2621.031484889827,2621.031484889827,2612.423828125,2612.423828125,220000,0.0,0.0
2008-01-30 00:00:00+09:00,2612.4235224363183,2612.4235224363183,2560.777587890625,2560.777587890625,220000,0.0,0.0
2008-01-31 00:00:00+09:00,2582.296453737745,2633.9423828125,2582.296453737745,2633.9423828125,220000,0.0,0.0
2008-02-01 00:00:00+09:00,2633.9421305467513,2715.71484375,2633.9421305467513,2715.71484375,220000,0.0,0.0
2008-02-04 00:00:00+09:00,2799.848711240367,2799.848711240367,2728.62646484375,2728.62646484375,220000,0.0,0.0
2008-02-05 00:00:00+09:00,2737.2344497607655,2737.2344497607655,2698.5,2698.5,220000,0.0,0.0
2008-02-06 00:00:00+09:00,2483.3084661695693,2483.3084661695693,2479.004638671875,2479.004638671875,220000,0.0,0.0
2008-02-07 00:00:00+09:00,2500.5244714312335,2500.5244714312335,2435.967041015625,2435.967041015625,220000,0.0,0.0
2008-02-08 00:00:00+09:00,2444.574189761132,2444.574189761132,2319.76318359375,2319.76318359375,220000,0.0,0.0
2008-02-12 00:00:00+09:00,2319.762823260272,2324.066650390625,2319.762823260272,2324.066650390625,220000,0.0,0.0
2008-02-13 00:00:00+09:00,2380.016403085214,2380.016403085214,2324.066650390625,2324.066650390625,220000,0.0,0.0
2008-02-14 00:00:00+09:00,2401.535245882048,2461.788818359375,2401.535245882048,2461.788818359375,220000,0.0,0.0
2008-02-15 00:00:00+09:00,2444.5740186903213,2500.523776160346,2444.5740186903213,2479.004638671875,165000,0.0,0.0
2008-02-18 00:00:00+09:00,2491.9160825467957,2543.56201171875,2491.9160825467957,2543.56201171875,165000,0.0,0.0
2008-02-19 00:00:00+09:00,2534.954765625,2582.296875,2534.954765625,2582.296875,165000,0.0,0.0
2008-02-20 00:00:00+09:00,2547.865651939655,2547.865651939655,2496.2197265625,2496.2197265625,165000,0.0,0.0
2008-02-21 00:00:00+09:00,2504.8275601256128,2633.9423828125,2504.8275601256128,2633.9423828125,165000,0.0,0.0
2008-02-22 00:00:00+09:00,2664.069325253875,2664.069325253875,2655.461669921875,2655.461669921875,165000,0.0,0.0
2008-02-25 00:00:00+09:00,2665.950203255379,2724.32275390625,2665.950203255379,2724.32275390625,165000,0.0,0.0
2008-02-26 00:00:00+09:00,2732.930632623087,2732.930632623087,2707.107666015625,2707.107666015625,165000,0.0,0.0
2008-02-27 00:00:00+09:00,2767.361464934452,2780.27294921875,2767.361464934452,2780.27294921875,165000,0.0,0.0
2008-02-28 00:00:00+09:00,2767.2927756561276,2806.095947265625,2767.2927756561276,2806.095947265625,165000,0.0,0.0
2008-02-29 00:00:00+09:00,2775.3488963266523,2775.3488963266523,2771.664794921875,2771.664794921875,165000,0.0,0.0
2008-03-03 00:00:00+09:00,2771.6650275928064,2771.6650275928064,2565.081298828125,2565.081298828125,165000,0.0,0.0
2008-03-04 00:00:00+09:00,2565.081384629669,2565.081384629669,2534.95458984375,2534.95458984375,165000,0.0,0.0
2008-03-05 00:00:00+09:00,2544.966571944619,2544.966571944619,2461.788818359375,2461.788818359375,165000,0.0,0.0
2008-03-06 00:00:00+09:00,2471.5137725960963,2504.827880859375,2471.5137725960963,2504.827880859375,165000,0.0,0.0
2008-03-07 00:00:00+09:00,2513.4356145928377,2513.4356145928377,2358.497802734375,2358.497802734375,165000,0.0,0.0
2008-03-10 00:00:00+09:00,2367.1046344053398,2367.1046344053398,2216.470703125,2216.470703125,165000,0.0,0.0
2008-03-11 00:00:00+09:00,2293.9399528146905,2302.547607421875,2293.9399528146905,2302.547607421875,165000,0.0,0.0
2008-03-12 00:00:00+09:00,2302.5479482974647,2302.5479482974647,2281.02880859375,2281.02880859375,165000,0.0,0.0
2008-03-13 00:00:00+09:00,2250.9022075946514,2250.9022075946514,2237.99072265625,2237.99072265625,165000,0.0,0.0
2008-03-14 00:00:00+09:00,2246.830797850868,2246.830797850868,2121.787353515625,2121.787353515625,165000,0.0,0.0
2008-03-17 00:00:00+09:00,2132.077312423217,2134.698486328125,2132.077312423217,2134.698486328125,165000,0.0,0.0
2008-03-18 00:00:00+09:00,2126.091113892876,2126.091113892876,2061.53369140625,2061.53369140625,165000,0.0,0.0
2008-03-19 00:00:00+09:00,2156.217793742265,2173.43310546875,2156.217793742265,2173.43310546875,165000,0.0,0.0
2008-03-21 00:00:00+09:00,2173.432781273867,2173.432781273867,2113.17919921875,2113.17919921875,165000,0.0,0.0
2008-03-24 00:00:00+09:00,2169.1295483732874,2199.25634765625,2169.1295483732874,2199.25634765625,165000,0.0,0.0
2008-03-25 00:00:00+09:00,2229.3819990195775,2229.3819990195775,2177.736083984375,2177.736083984375,165000,0.0,0.0
2008-03-26 00:00:00+09:00,2157.0296067457934,2243.310791015625,2157.0296067457934,2243.310791015625,165000,6.0,0.0
2008-03-27 00:00:00+09:00,2234.6823162699857,2234.6823162699857,2226.05419921875,2226.05419921875,165000,0.0,0.0
2008-03-28 00:00:00+09:00,2230.368370643029,2230.368370643029,2131.14501953125,2131.14501953125,165000,0.0,0.0
2008-03-31 00:00:00+09:00,2129.0137453216316,2129.0137453216316,1941.3262939453125,1941.3262939453125,165000,0.0,0.0
2008-04-01 00:00:00+09:00,1949.9542352826763,2079.3759765625,1949.9542352826763,2079.3759765625,165000,0.0,0.0
2008-04-02 00:00:00+09:00,2070.7484799947697,2070.7484799947697,2062.120361328125,2062.120361328125,165000,0.0,0.0
2008-04-03 00:00:00+09:00,2096.632350376674,2174.285400390625,2096.632350376674,2174.285400390625,165000,0.0,0.0
2008-04-04 00:00:00+09:00,2066.433744812012,2070.747802734375,2066.433744812012,2070.747802734375,165000,0.0,0.0
2008-04-07 00:00:00+09:00,2092.318547408773,2092.318547408773,2083.6904296875,2083.6904296875,165000,0.0,0.0
2008-04-08 00:00:00+09:00,2062.1199752452762,2062.1199752452762,2040.5496826171875,2040.5496826171875,165000,0.0,0.0
2008-04-09 00:00:00+09:00,2040.549621048973,2040.549621048973,1975.8387451171875,1975.8387451171875,165000,0.0,0.0
2008-04-10 00:00:00+09:00,1949.9543319254371,1949.9543319254371,1911.1278076171875,1911.1278076171875,165000,0.0,0.0
2008-04-11 00:00:00+09:00,1928.384118652344,1941.3262939453125,1928.384118652344,1941.3262939453125,165000,0.0,0.0
2008-04-14 00:00:00+09:00,1872.3012833089376,1911.1278076171875,1872.3012833089376,1911.1278076171875,165000,0.0,0.0
2008-04-15 00:00:00+09:00,1911.1278646747717,1919.7559814453125,1911.1278646747717,1919.7559814453125,165000,0.0,0.0
2008-04-16 00:00:00+09:00,1919.7560216882725,1962.8966064453125,1919.7560216882725,1962.8966064453125,165000,0.0,0.0
2008-04-17 00:00:00+09:00,2165.6569583516725,2165.6569583516725,2144.086669921875,2144.086669921875,165000,0.0,0.0
2008-04-18 00:00:00+09:00,2088.00439453125,2088.00439453125,2088.00439453125,2088.00439453125,165000,0.0,0.0
2008-04-21 00:00:00+09:00,2135.459662818522,2135.459662818522,2126.83154296875,2126.83154296875,165000,0.0,0.0
2008-04-22 00:00:00+09:00,2096.632718252695,2100.94677734375,2096.632718252695,2100.94677734375,165000,0.0,0.0
2008-04-23 00:00:00+09:00,2109.57489552586,2109.57489552586,2100.94677734375,2100.94677734375,165000,0.0,0.0
2008-04-24 00:00:00+09:00,2105.2604640526106,2105.2604640526106,2044.8636474609375,2044.8636474609375,165000,0.0,0.0
2008-04-25 00:00:00+09:00,2070.7484799947697,2070.7484799947697,2062.120361328125,2062.120361328125,165000,0.0,0.0
2008-04-28 00:00:00+09:00,2118.202843299279,2131.14501953125,2118.202843299279,2131.14501953125,165000,0.0,0.0
2008-04-30 00:00:00+09:00,2131.1444578549062,2131.1444578549062,2066.43359375,2066.43359375,165000,0.0,0.0
2008-05-01 00:00:00+09:00,1997.4091318744015,1997.4091318744015,1971.5247802734375,1971.5247802734375,165000,0.0,0.0
2008-05-02 00:00:00+09:00,2054.8259953010606,2165.65771484375,2054.8259953010606,2165.65771484375,165000,0.0,0.0
2008-05-07 00:00:00+09:00,2305.6844716223723,2305.6844716223723,2299.39306640625,2299.39306640625,165000,0.0,0.0
2008-05-08 00:00:00+09:00,2200.170071894875,2204.484130859375,2200.170071894875,2204.484130859375,165000,0.0,0.0
2008-05-09 00:00:00+09:00,2200.1697291066507,2200.1697291066507,2152.715087890625,2152.715087890625,165000,0.0,0.0
2008-05-12 00:00:00+09:00,2100.9471834194346,2126.83154296875,2100.9471834194346,2126.83154296875,165000,0.0,0.0
2008-05-13 00:00:00+09:00,2174.2856627578585,2195.85595703125,2174.2856627578585,2195.85595703125,165000,0.0,0.0
2008-05-14 00:00:00+09:00,2195.8555839196515,2213.11181640625,2195.8555839196515,2213.11181640625,165000,0.0,0.0
2008-05-15 00:00:00+09:00,2329.5911706012225,2381.35986328125,2329.5911706012225,2381.35986328125,165000,0.0,0.0
2008-05-16 00:00:00+09:00,2389.988954625858,2515.0966796875,2389.988954625858,2515.0966796875,165000,0.0,0.0
2008-05-19 00:00:00+09:00,2704.9146645329834,2722.1708984375,2704.9146645329834,2722.1708984375,165000,0.0,0.0
2008-05-20 00:00:00+09:00,2860.2207800110777,2890.419189453125,2860.2207800110777,2890.419189453125,165000,0.0,0.0
2008-05-21 00:00:00+09:00,2950.816397997359,3062.98193359375,2950.816397997359,3062.98193359375,165000,0.0,0.0
2008-05-22 00:00:00+09:00,3006.8995916506665,3054.354248046875,3006.8995916506665,3054.354248046875,165000,0.0,0.0
2008-05-23 00:00:00+09:00,3054.353365065859,3054.353365065859,3050.039306640625,3050.039306640625,165000,0.0,0.0
2008-05-26 00:00:00+09:00,3054.3530942038383,3119.06396484375,3054.3530942038383,3119.06396484375,165000,0.0,0.0
2008-05-27 00:00:00+09:00,3084.5519638602614,3084.5519638602614,3041.411376953125,3041.411376953125,165000,0.0,0.0
2008-05-28 00:00:00+09:00,3019.8405533385794,3054.3530168053057,2985.3280898718526,2998.270263671875,356200,0.0,0.0
2008-05-29 00:00:00+09:00,3019.841441888919,3019.841441888919,3002.585205078125,3002.585205078125,356200,0.0,0.0
2008-05-30 00:00:00+09:00,2981.0145552831336,3041.411376953125,2981.0145552831336,3041.411376953125,356200,0.0,0.0
2008-06-02 00:00:00+09:00,3050.0396627219584,3067.2958984375,3050.0396627219584,3067.2958984375,356200,0.0,0.0
2008-06-03 00:00:00+09:00,3043.842999468063,3043.842999468063,3032.782958984375,3032.782958984375,356200,0.0,0.0
2008-06-04 00:00:00+09:00,2946.0274939469637,2946.0274939469637,2899.0478515625,2899.0478515625,356200,0.0,0.0
2008-06-05 00:00:00+09:00,2907.6747707890972,2920.616943359375,2907.6747707890972,2920.616943359375,356200,0.0,0.0
2008-06-06 00:00:00+09:00,2899.0479763215862,2937.87451171875,2899.0479763215862,2937.87451171875,356200,0.0,0.0
2008-06-09 00:00:00+09:00,2851.592905355189,2851.592905355189,2834.336669921875,2834.336669921875,356200,0.0,0.0
2008-06-10 00:00:00+09:00,2834.336091189781,2834.336091189781,2748.054931640625,2748.054931640625,356200,0.0,0.0
2008-06-11 00:00:00+09:00,2748.0556918057528,2748.0556918057528,2657.46044921875,2657.46044921875,356200,0.0,0.0
2008-06-12 00:00:00+09:00,2648.8324407762098,2648.8324407762098,2540.98095703125,2540.98095703125,356200,0.0,0.0
2008-06-13 00:00:00+09:00,2610.0056886361317,2640.2041015625,2610.0056886361317,2640.2041015625,356200,0.0,0.0
2008-06-16 00:00:00+09:00,2644.5182332422505,2670.402587890625,2644.5182332422505,2670.402587890625,356200,0.0,0.0
2008-06-17 00:00:00+09:00,2670.402587890625,2670.402587890625,2670.402587890625,2670.402587890625,356200,0.0,0.0
2008-06-18 00:00:00+09:00,2618.6328460491254,2618.6328460491254,2605.690673828125,2605.690673828125,356200,0.0,0.0
2008-06-19 00:00:00+09:00,2584.846469272185,2584.846469272185,2515.0966796875,2515.0966796875,356200,0.0,0.0
2008-06-20 00:00:00+09:00,2441.7569866415893,2446.071044921875,2441.7569866415893,2446.071044921875,356200,0.0,0.0
2008-06-23 00:00:00+09:00,2467.6417515406847,2471.955810546875,2467.6417515406847,2471.955810546875,356200,0.0,0.0
2008-06-24 00:00:00+09:00,2415.873102479982,2424.501220703125,2415.873102479982,2424.501220703125,356200,0.0,0.0
2008-06-25 00:00:00+09:00,2415.873046875,2415.873046875,2415.873046875,2415.873046875,356200,0.0,0.0
2008-06-26 00:00:00+09:00,2398.6168660336966,2424.501220703125,2398.6168660336966,2424.501220703125,356200,0.0,0.0
2008-06-27 00:00:00+09:00,2351.161585898295,2364.103759765625,2351.161585898295,2364.103759765625,356200,0.0,0.0
2008-06-30 00:00:00+09:00,2364.104372258772,2459.013671875,2364.104372258772,2459.013671875,356200,0.0,0.0
2008-07-01 00:00:00+09:00,2467.6414906276896,2506.468017578125,2467.6414906276896,2506.468017578125,356200,0.0,0.0
2008-07-02 00:00:00+09:00,2506.4675372579823,2506.4675372579823,2381.35986328125,2381.35986328125,356200,0.0,0.0
2008-07-03 00:00:00+09:00,2333.9052150068123,2333.9052150068123,2325.277099609375,2325.277099609375,356200,0.0,0.0
2008-07-04 00:00:00+09:00,2329.592244690953,2342.534423828125,2329.592244690953,2342.534423828125,356200,0.0,0.0
2008-07-07 00:00:00+09:00,2309.858142284486,2316.6494140625,2309.858142284486,2316.6494140625,356200,0.0,0.0
2008-07-08 00:00:00+09:00,2299.393368074264,2299.393368074264,2251.938720703125,2251.938720703125,356200,0.0,0.0
2008-07-09 00:00:00+09:00,2260.5669941023284,2260.5669941023284,2200.170166015625,2200.170166015625,356200,0.0,0.0
2008-07-10 00:00:00+09:00,2157.0294273391455,2221.74031015932,2157.0294273391455,2195.85595703125,356200,0.0,0.0
2008-07-11 00:00:00+09:00,2182.913780467215,2195.85595703125,2182.913780467215,2195.85595703125,356200,0.0,0.0
2008-07-14 00:00:00+09:00,2282.1369600517805,2282.1369600517805,2226.05419921875,2226.05419921875,356200,0.0,0.0
2008-07-15 00:00:00+09:00,2195.8564730889784,2195.8564730889784,2161.343994140625,2161.343994140625,356200,0.0,0.0
2008-07-16 00:00:00+09:00,2079.376277198476,2088.00439453125,2079.376277198476,2088.00439453125,356200,0.0,0.0
2008-07-17 00:00:00+09:00,2113.888954616915,2113.888954616915,2100.94677734375,2100.94677734375,356200,0.0,0.0
2008-07-18 00:00:00+09:00,2018.9791548674038,2023.2932128906248,2018.9791548674038,2023.293212890625,356200,0.0,0.0
2008-07-22 00:00:00+09:00,2044.8637126340705,2062.1199464959614,1949.9544263936707,2036.235595703125,246800,0.0,0.0
2008-07-23 00:00:00+09:00,2083.6902622767857,2113.888671875,2083.6902622767857,2113.888671875,246800,0.0,0.0
2008-07-24 00:00:00+09:00,2165.657198283663,2234.68212890625,2165.657198283663,2234.68212890625,246800,0.0,0.0
2008-07-25 00:00:00+09:00,2174.28497097332,2182.9130859375,2174.28497097332,2182.9130859375,246800,0.0,0.0
2008-07-28 00:00:00+09:00,2290.764638019625,2325.277099609375,2290.764638019625,2325.277099609375,246800,0.0,0.0
2008-07-29 00:00:00+09:00,2342.5333410575563,2342.5333410575563,2290.7646484375,2290.7646484375,246800,0.0,0.0
2008-07-30 00:00:00+09:00,2351.161777448569,2411.55859375,2351.161777448569,2411.55859375,246800,0.0,0.0
2008-07-31 00:00:00+09:00,2316.6493974878153,2351.161865234375,2316.6493974878153,2351.161865234375,246800,0.0,0.0
2008-08-01 00:00:00+09:00,2346.848218688363,2346.848218688363,2187.22802734375,2187.22802734375,246800,0.0,0.0
2008-08-04 00:00:00+09:00,2040.549633736784,2040.549633736784,2014.665283203125,2014.665283203125,246800,0.0,0.0
2008-08-05 00:00:00+09:00,2023.2937228850324,2023.2937228850324,1988.78125,1988.78125,246800,0.0,0.0
2008-08-06 00:00:00+09:00,2148.4006260807805,2182.9130859375,2148.4006260807805,2182.9130859375,246800,0.0,0.0
2008-08-07 00:00:00+09:00,2171.7977953660275,2171.7977953660275,2161.343994140625,2161.343994140625,246800,0.0,0.0
2008-08-08 00:00:00+09:00,2208.798040152964,2256.252685546875,2208.798040152964,2256.252685546875,246800,0.0,0.0
2008-08-11 00:00:00+09:00,2269.1947844749275,2269.1947844749275,2226.05419921875,2226.05419921875,246800,0.0,0.0
2008-08-12 00:00:00+09:00,2221.73974609375,2221.73974609375,2221.73974609375,2221.73974609375,246800,0.0,0.0
2008-08-13 00:00:00+09:00,2221.740017259322,2299.39306640625,2221.740017259322,2299.39306640625,246800,0.0,0.0
2008-08-14 00:00:00+09:00,2295.0787648775945,2389.988037109375,2295.0787648775945,2389.988037109375,246800,0.0,0.0
2008-08-15 00:00:00+09:00,2381.3602350315127,2566.86474609375,2381.3602350315127,2566.86474609375,246800,0.0,0.0
2008-08-18 00:00:00+09:00,2648.8321613538324,2687.65869140625,2648.8321613538324,2687.65869140625,246800,0.0,0.0
2008-08-19 00:00:00+09:00,2588.435609879032,2588.435609879032,2540.98095703125,2540.98095703125,246800,0.0,0.0
2008-08-20 00:00:00+09:00,2601.3766164211247,2605.690673828125,2601.3766164211247,2605.690673828125,246800,0.0,0.0
2008-08-21 00:00:00+09:00,2640.2042578124997,2640.2042578124997,2588.435546875,2588.435546875,246800,0.0,0.0
2008-08-22 00:00:00+09:00,2588.4350500871083,2588.4350500871083,2476.26953125,2476.26953125,246800,0.0,0.0
2008-08-25 00:00:00+09:00,2476.2692172346447,2502.153564453125,2476.2692172346447,2502.153564453125,246800,0.0,0.0
2008-08-26 00:00:00+09:00,2450.384870016164,2502.153564453125,2450.384870016164,2502.153564453125,246800,0.0,0.0
2008-08-27 00:00:00+09:00,2459.012880996919,2459.012880996919,2450.384765625,2450.384765625,246800,0.0,0.0
2008-08-28 00:00:00+09:00,2441.7568326102,2532.35205078125,2441.7568326102,2532.35205078125,246800,0.0,0.0
2008-08-29 00:00:00+09:00,2579.8074059737355,2622.947998046875,2579.8074059737355,2622.947998046875,246800,0.0,0.0
2008-09-01 00:00:00+09:00,2622.9481413917088,2622.9481413917088,2549.609130859375,2549.609130859375,246800,0.0,0.0
2008-09-02 00:00:00+09:00,2586.6317678043674,2661.773681640625,2586.6317678043674,2661.773681640625,246800,0.0,0.0
2008-09-03 00:00:00+09:00,2536.666580280646,2536.666580280646,2454.699462890625,2454.699462890625,246800,0.0,0.0
2008-09-04 00:00:00+09:00,2492.3449307333453,2492.3449307333453,2441.75732421875,2441.75732421875,246800,0.0,0.0
2008-09-05 00:00:00+09:00,2316.6490422106053,2333.9052734375,2316.6490422106053,2333.9052734375,246800,0.0,0.0
2008-09-08 00:00:00+09:00,2446.0713830954614,2446.0713830954614,2441.75732421875,2441.75732421875,246800,0.0,0.0
2008-09-09 00:00:00+09:00,2441.7574009486607,2441.7574009486607,2415.873046875,2415.873046875,246800,0.0,0.0
2008-09-10 00:00:00+09:00,2394.302806922125,2424.501220703125,2377.0465704758394,2424.501220703125,246800,0.0,0.0
2008-09-11 00:00:00+09:00,2277.8232647235577,2277.8232647235577,2243.310791015625,2243.310791015625,246800,0.0,0.0
2008-09-12 00:00:00+09:00,2308.020926597158,2333.9052734375,2308.020926597158,2333.9052734375,246800,0.0,0.0
2008-09-16 00:00:00+09:00,2333.9060410117727,2333.9060410117727,2187.22802734375,2187.22802734375,200,0.0,0.0
2008-09-17 00:00:00+09:00,2204.4845928260665,2204.4845928260665,2161.343994140625,2161.343994140625,200,0.0,0.0
2008-09-18 00:00:00+09:00,2044.8638999417701,2083.6904296875,2044.8638999417701,2083.6904296875,200,0.0,0.0
2008-09-19 00:00:00+09:00,2178.5992259363975,2178.5992259363975,2139.772705078125,2139.772705078125,200,0.0,0.0
2008-09-22 00:00:00+09:00,2230.368158734034,2230.368158734034,2174.285400390625,2174.285400390625,200,0.0,0.0
2008-09-24 00:00:00+09:00,2118.202529785156,2157.029052734375,2118.202529785156,2157.029052734375,200,0.0,0.0
2008-09-25 00:00:00+09:00,2212.3374042145592,2255.547119140625,2212.3374042145592,2255.547119140625,200,4.0,0.0
2008-09-26 00:00:00+09:00,2277.1523387489815,2320.362060546875,2277.1523387489815,2320.362060546875,200,0.0,0.0
2008-09-29 00:00:00+09:00,2320.3625631893383,2320.3625631893383,2277.15283203125,2277.15283203125,200,0.0,0.0
2008-09-30 00:00:00+09:00,2169.1281021288337,2324.68310546875,2169.1281021288337,2324.68310546875,200,0.0,0.0
2008-10-01 00:00:00+09:00,2324.6829561226536,2359.250732421875,2324.6829561226536,2359.250732421875,200,0.0,0.0
2008-10-02 00:00:00+09:00,2363.57193499626,2363.57193499626,2030.8570556640625,2030.8570556640625,200,0.0,0.0
2008-10-03 00:00:00+09:00,1948.758127894337,1948.758127894337,1909.869384765625,1909.869384765625,200,0.0,0.0
2008-10-06 00:00:00+09:00,1896.9067954205452,1896.9067954205452,1624.685546875,1624.685546875,200,0.0,0.0
2008-10-07 00:00:00+09:00,1653.4938760154937,1793.203369140625,1653.4938760154937,1793.203369140625,200,0.0,0.0
2008-10-08 00:00:00+09:00,1649.2061004293766,1649.2061004293766,1538.2659912109375,1538.2659912109375,200,0.0,0.0
2008-10-09 00:00:00+09:00,1646.2907060546875,1646.2907060546875,1620.3648681640625,1620.3648681640625,200,0.0,0.0
2008-10-10 00:00:00+09:00,1620.3648681640625,1620.3648681640625,1620.3648681640625,1620.3648681640625,0,0.0,0.0
2008-10-14 00:00:00+09:00,1672.216411468731,1758.6358642578125,1672.216411468731,1758.6358642578125,200,0.0,0.0
2008-10-15 00:00:00+09:00,1616.0434820375674,1616.0434820375674,1603.08056640625,1603.08056640625,200,0.0,0.0
2008-10-16 00:00:00+09:00,1395.6741028800843,1395.6741028800843,1361.1063232421875,1361.1063232421875,200,0.0,0.0
2008-10-17 00:00:00+09:00,1382.711185515873,1382.711185515873,1361.1063232421875,1361.1063232421875,200,0.0,0.0
2008-10-20 00:00:00+09:00,1361.1061265733506,1399.994873046875,1361.1061265733506,1399.994873046875,200,0.0,0.0
2008-10-21 00:00:00+09:00,1520.9824048913044,1520.9824048913044,1490.735595703125,1490.735595703125,200,0.0,0.0
2008-10-22 00:00:00+09:00,1413.1168451930728,1413.1168451930728,1339.5013427734375,1339.5013427734375,200,0.0,0.0
2008-10-23 00:00:00+09:00,1201.2300794908217,1248.7607660893793,1179.6252219460227,1235.7978515625,451400,0.0,0.0
2008-10-24 00:00:00+09:00,1196.9093072441187,1196.9093072441187,1153.6995849609375,1153.6995849609375,451400,0.0,0.0
2008-10-27 00:00:00+09:00,1080.2431147149268,1080.2431147149268,1015.4285278320312,1015.4285278320312,451400,0.0,0.0
2008-10-28 00:00:00+09:00,1016.9005357098173,1140.736572265625,1016.9005357098173,1140.736572265625,451400,0.0,0.0
2008-10-29 00:00:00+09:00,1140.7366233648256,1140.7366233648256,1114.810791015625,1114.810791015625,451400,0.0,0.0
2008-10-30 00:00:00+09:00,1287.6494140625,1287.6494140625,1287.6494140625,1287.6494140625,451400,0.0,0.0
2008-10-31 00:00:00+09:00,1287.6497464145186,1287.6497464145186,1183.9464111328125,1183.9464111328125,451400,0.0,0.0
2008-11-04 00:00:00+09:00,1183.946435705408,1330.8594970703125,1183.946435705408,1330.8594970703125,516000,0.0,0.0
2008-11-05 00:00:00+09:00,1335.1802717461644,1434.5626220703125,1335.1802717461644,1434.5626220703125,516000,0.0,0.0
2008-11-06 00:00:00+09:00,1434.5624344588925,1434.5624344588925,1287.6494140625,1287.6494140625,516000,0.0,0.0
2008-11-07 00:00:00+09:00,1287.6496156634705,1287.6496156634705,1140.736572265625,1140.736572265625,516000,0.0,0.0
2008-11-10 00:00:00+09:00,1222.8351297943434,1240.1190185546875,1222.8351297943434,1240.1190185546875,516000,0.0,0.0
2008-11-11 00:00:00+09:00,1166.6623289193678,1166.6623289193678,1158.0203857421875,1158.0203857421875,516000,0.0,0.0
2008-11-12 00:00:00+09:00,1205.5512517007548,1205.5512517007548,1153.6995849609375,1153.6995849609375,516000,0.0,0.0
2008-11-13 00:00:00+09:00,1075.9220223775724,1075.9220223775724,1062.9591064453125,1062.9591064453125,516000,0.0,0.0
2008-11-14 00:00:00+09:00,1062.959328573258,1062.959328573258,1054.3173828125,1054.3173828125,516000,0.0,0.0
2008-11-17 00:00:00+09:00,1054.3172643174687,1054.3172643174687,1032.71240234375,1032.71240234375,516000,0.0,0.0
2008-11-18 00:00:00+09:00,1032.7123731852544,1067.2801513671875,1032.7123731852544,1067.2801513671875,516000,0.0,0.0
2008-11-19 00:00:00+09:00,1024.070212285071,1024.070212285071,989.50244140625,989.50244140625,516000,0.0,0.0
2008-11-20 00:00:00+09:00,933.3300202717712,933.3300202717712,911.7251586914061,911.7251586914062,516000,0.0,0.0
2008-11-21 00:00:00+09:00,911.725109460219,916.0460815429688,911.725109460219,916.0460815429688,516000,0.0,0.0
2008-11-25 00:00:00+09:00,916.04599609375,929.0089111328124,916.04599609375,929.0089111328125,51000,0.0,0.0
2008-11-26 00:00:00+09:00,950.6139412100457,950.6139412100457,946.29296875,946.29296875,51000,0.0,0.0
2008-11-27 00:00:00+09:00,999.7416546375844,1002.465576171875,999.7416546375844,1002.465576171875,51000,0.0,0.0
2008-11-28 00:00:00+09:00,1032.7123255575857,1080.2430183656754,1028.3913534841229,1071.60107421875,353000,0.0,0.0
2008-12-01 00:00:00+09:00,1071.601070433624,1114.810791015625,1071.601070433624,1114.810791015625,353000,0.0,0.0
2008-12-02 00:00:00+09:00,1114.8107067043497,1114.8107067043497,1019.7493286132812,1019.7493286132812,353000,0.0,0.0
2008-12-03 00:00:00+09:00,1011.1075403700314,1032.71240234375,1011.1075403700314,1032.71240234375,353000,0.0,0.0
2008-12-04 00:00:00+09:00,1054.3172799617687,1054.3172799617687,1015.4285278320312,1015.4285278320312,353000,0.0,0.0
2008-12-05 00:00:00+09:00,1015.4285762769758,1015.4285762769758,963.576904296875,963.576904296875,353000,0.0,0.0
2008-12-08 00:00:00+09:00,963.5770083524056,980.8609008789062,963.5770083524056,980.8609008789062,353000,0.0,0.0
2008-12-09 00:00:00+09:00,1049.9962368164063,1080.2430419921875,1049.9962368164063,1080.2430419921875,353000,0.0,0.0
2008-12-10 00:00:00+09:00,1080.243078749419,1162.341552734375,1080.243078749419,1162.341552734375,353000,0.0,0.0
2008-12-11 00:00:00+09:00,1170.9836860795454,1188.267578125,1170.9836860795454,1188.267578125,353000,0.0,0.0
2008-12-12 00:00:00+09:00,1188.2674701397236,1188.2674701397236,1123.452880859375,1123.452880859375,353000,0.0,0.0
2008-12-15 00:00:00+09:00,1205.55131149292,1244.4400634765625,1205.55131149292,1244.4400634765625,353000,0.0,0.0
2008-12-16 00:00:00+09:00,1170.9834500294812,1170.9834500294812,1145.0576171875,1145.0576171875,300200,0.0,0.0
2008-12-17 00:00:00+09:00,1145.057772031554,1145.057772031554,1110.489990234375,1110.489990234375,297400,0.0,0.0
2008-12-18 00:00:00+09:00,1140.7364487813707,1140.7364487813707,1119.131591796875,1119.131591796875,209400,0.0,0.0
2008-12-19 00:00:00+09:00,1119.1316400460105,1119.1316400460105,1093.205810546875,1093.205810546875,137800,0.0,0.0
2008-12-22 00:00:00+09:00,1123.452880859375,1123.452880859375,1123.452880859375,1123.452880859375,68200,0.0,0.0
2008-12-24 00:00:00+09:00,1123.4527636718751,1123.4527636718751,1080.2430419921875,1080.2430419921875,111600,0.0,0.0
2008-12-25 00:00:00+09:00,1114.810620399976,1119.131591796875,1114.810620399976,1119.131591796875,120600,0.0,0.0
2008-12-26 00:00:00+09:00,1093.2061982996322,1101.84814453125,1084.5642520680146,1101.84814453125,98200,0.0,0.0
2008-12-29 00:00:00+09:00,1101.8478748410248,1114.810791015625,1101.8478748410248,1114.810791015625,111600,0.0,0.0
2008-12-30 00:00:00+09:00,1114.8109356219952,1123.452880859375,1101.8480177659255,1123.452880859375,49000,0.0,0.0
2009-01-05 00:00:00+09:00,1153.6995849609375,1153.6995849609375,1153.6995849609375,1153.6995849609375,77000,0.0,0.0
2009-01-06 00:00:00+09:00,1205.5514635358538,1209.8724365234375,1205.5514635358538,1209.8724365234375,261200,0.0,0.0
2009-01-07 00:00:00+09:00,1209.8722107769693,1261.723876953125,1209.8722107769693,1261.723876953125,249800,0.0,0.0
2009-01-08 00:00:00+09:00,1261.7238079568613,1261.7238079568613,1192.5882568359375,1192.5882568359375,164800,0.0,0.0
2009-01-09 00:00:00+09:00,1192.5882823231457,1192.5882823231457,1179.6253662109375,1179.6253662109375,121400,0.0,0.0
2009-01-13 00:00:00+09:00,1183.946719956113,1183.946719956113,1084.5643310546875,1084.5643310546875,442400,0.0,0.0
2009-01-14 00:00:00+09:00,1084.5642520680146,1101.84814453125,1084.5642520680146,1101.84814453125,90800,0.0,0.0
2009-01-15 00:00:00+09:00,1101.8477537132535,1101.8477537132535,1093.205810546875,1093.205810546875,370000,0.0,0.0
2009-01-16 00:00:00+09:00,1097.5270720604328,1110.489990234375,1097.5270720604328,1110.489990234375,142600,0.0,0.0
2009-01-19 00:00:00+09:00,1140.736474048132,1140.736474048132,1119.1316165850994,1127.7735595703125,361400,0.0,0.0
2009-01-20 00:00:00+09:00,1093.2060051865465,1097.5269775390625,1093.2060051865465,1097.5269775390625,152600,0.0,0.0
2009-01-21 00:00:00+09:00,1080.2428463855422,1080.2428463855422,1075.921875,1075.921875,220800,0.0,0.0
2009-01-22 00:00:00+09:00,1075.9219723656065,1088.8848876953125,1075.9219723656065,1088.8848876953125,119000,0.0,0.0
2009-01-23 00:00:00+09:00,1088.8853044851842,1088.8853044851842,1084.5643310546875,1084.5643310546875,200200,0.0,0.0
2009-01-26 00:00:00+09:00,1084.563990439138,1084.563990439138,1071.60107421875,1071.60107421875,127000,0.0,0.0
2009-01-27 00:00:00+09:00,1058.6380392046117,1158.0203857421875,1058.6380392046117,1158.0203857421875,200400,0.0,0.0
2009-01-28 00:00:00+09:00,1158.0205571892557,1158.0205571892557,1153.6995849609375,1153.6995849609375,161200,0.0,0.0
2009-01-29 00:00:00+09:00,1153.699539539426,1153.699539539426,1114.810791015625,1114.810791015625,361800,0.0,0.0
2009-01-30 00:00:00+09:00,1114.8109024491052,1114.8109024491052,1041.3543701171875,1041.3543701171875,340600,0.0,0.0
2009-02-02 00:00:00+09:00,1045.6755014837042,1045.6755014837042,1006.7867431640625,1006.7867431640625,236800,0.0,0.0
2009-02-03 00:00:00+09:00,1049.9964746303312,1049.9964746303312,1006.7867431640625,1006.7867431640625,128400,0.0,0.0
2009-02-04 00:00:00+09:00,1006.7867496412628,1058.638427734375,1006.7867496412628,1058.638427734375,96000,0.0,0.0
2009-02-05 00:00:00+09:00,1093.2058594718812,1093.2058594718812,1088.8848876953125,1088.8848876953125,153000,0.0,0.0
2009-02-06 00:00:00+09:00,1088.8849625126009,1088.8849625126009,1071.60107421875,1071.60107421875,135000,0.0,0.0
2009-02-09 00:00:00+09:00,1097.527111616291,1097.527111616291,1054.3173828125,1054.3173828125,91800,0.0,0.0
2009-02-10 00:00:00+09:00,1024.0704138714334,1067.2801359757134,993.8236083984375,993.8236083984375,118000,0.0,0.0
2009-02-12 00:00:00+09:00,1028.3913860818614,1028.3913860818614,993.8236083984375,993.8236083984375,95000,0.0,0.0
2009-02-13 00:00:00+09:00,993.8236315497036,1002.465576171875,993.8236315497036,1002.465576171875,84400,0.0,0.0
2009-02-16 00:00:00+09:00,989.50244140625,989.50244140625,989.50244140625,989.50244140625,109400,0.0,0.0
2009-02-17 00:00:00+09:00,972.2185782177955,972.2185782177955,954.9346923828125,954.9346923828125,105200,0.0,0.0
2009-02-18 00:00:00+09:00,911.725109460219,916.0460815429688,911.725109460219,916.0460815429688,149600,0.0,0.0
2009-02-19 00:00:00+09:00,894.4411860561827,903.0831298828125,894.4411860561827,903.0831298828125,93200,0.0,0.0
2009-02-20 00:00:00+09:00,885.7994274064606,885.7994274064606,881.4784545898438,881.4784545898438,88400,0.0,0.0
2009-02-23 00:00:00+09:00,885.7992672225804,890.1202392578125,885.7992672225804,890.1202392578125,145800,0.0,0.0
2009-02-24 00:00:00+09:00,846.910510566907,846.910510566907,842.5895385742188,842.5895385742188,124200,0.0,0.0
2009-02-25 00:00:00+09:00,829.6267316365979,838.2686767578125,829.6267316365979,838.2686767578125,267400,0.0,0.0
2009-02-26 00:00:00+09:00,838.2686767578125,838.2686767578125,838.2686767578125,838.2686767578125,219800,0.0,0.0
2009-02-27 00:00:00+09:00,829.626720369171,833.9476928710938,829.626720369171,833.9476928710938,239200,0.0,0.0
2009-03-02 00:00:00+09:00,833.9477041972052,838.2686767578125,833.9477041972052,838.2686767578125,126200,0.0,0.0
2009-03-03 00:00:00+09:00,838.2686724638819,859.87353515625,838.2686724638819,859.87353515625,197200,0.0,0.0
2009-03-04 00:00:00+09:00,894.441243964935,924.6880493164062,894.441243964935,924.6880493164062,184400,0.0,0.0
2009-03-05 00:00:00+09:00,924.6879754022721,941.9718627929688,924.6879754022721,941.9718627929688,115800,0.0,0.0
2009-03-06 00:00:00+09:00,911.7251327372043,924.6880493164062,911.7251327372043,924.6880493164062,141400,0.0,0.0
2009-03-09 00:00:00+09:00,924.6880839123704,937.6510009765625,924.6880839123704,937.6510009765625,101800,0.0,0.0
2009-03-10 00:00:00+09:00,890.1201660156249,907.404052734375,890.1201660156249,907.404052734375,92800,0.0,0.0
2009-03-11 00:00:00+09:00,946.29291936701,950.6138916015625,946.29291936701,950.6138916015625,189000,0.0,0.0
2009-03-12 00:00:00+09:00,950.6137209240668,954.9346923828125,950.6137209240668,954.9346923828125,241400,0.0,0.0
2009-03-13 00:00:00+09:00,985.1816666666667,985.1816666666667,972.21875,972.21875,196000,0.0,0.0
2009-03-16 00:00:00+09:00,1019.7492191620516,1024.0701904296875,1019.7492191620516,1024.0701904296875,265000,0.0,0.0
2009-03-17 00:00:00+09:00,1024.0704575542625,1032.71240234375,1024.0704575542625,1032.71240234375,105000,0.0,0.0
2009-03-18 00:00:00+09:00,1058.6382600776387,1058.6382600776387,1041.3543701171875,1041.3543701171875,127800,0.0,0.0
2009-03-19 00:00:00+09:00,1041.3543701171875,1041.3543701171875,1041.3543701171875,1041.3543701171875,106600,0.0,0.0
2009-03-23 00:00:00+09:00,1067.2801021452874,1071.60107421875,1067.2801021452874,1071.60107421875,105400,0.0,0.0
2009-03-24 00:00:00+09:00,1071.6009526309288,1093.205810546875,1071.6009526309288,1093.205810546875,91600,0.0,0.0
2009-03-25 00:00:00+09:00,1110.4897692131274,1140.736572265625,1110.4897692131274,1140.736572265625,152000,0.0,0.0
2009-03-26 00:00:00+09:00,1102.6833529085727,1119.9803466796875,1102.6833529085727,1119.9803466796875,104200,1.0,0.0
2009-03-27 00:00:00+09:00,1141.601588893581,1141.601588893581,1119.9803466796875,1119.9803466796875,106800,0.0,0.0
2009-03-30 00:00:00+09:00,1076.7377178878467,1076.7377178878467,1033.4952392578125,1033.4952392578125,116600,0.0,0.0
2009-03-31 00:00:00+09:00,1033.4955436477333,1033.4955436477333,1007.550048828125,1007.550048828125,106200,0.0,0.0
2009-04-01 00:00:00+09:00,1011.874122902199,1050.7923583984375,1011.874122902199,1050.7923583984375,74400,0.0,0.0
2009-04-02 00:00:00+09:00,1055.1164504011015,1128.628662109375,1055.1164504011015,1128.628662109375,130000,0.0,0.0
2009-04-03 00:00:00+09:00,1180.5196878184443,1193.492431640625,1180.5196878184443,1193.492431640625,258800,0.0,0.0
2009-04-06 00:00:00+09:00,1275.6529379389426,1275.6529379389426,1241.0589599609375,1241.0589599609375,193800,0.0,0.0
2009-04-07 00:00:00+09:00,1241.0592292082226,1241.0592292082226,1219.43798828125,1219.43798828125,122600,0.0,0.0
2009-04-08 00:00:00+09:00,1180.5198050106274,1180.5198050106274,1176.195556640625,1176.195556640625,108800,0.0,0.0
2009-04-09 00:00:00+09:00,1241.0591798547198,1262.680419921875,1241.0591798547198,1262.680419921875,139200,0.0,0.0
2009-04-10 00:00:00+09:00,1297.2745424741274,1331.8685302734375,1297.2745424741274,1331.8685302734375,247400,0.0,0.0
2009-04-13 00:00:00+09:00,1414.0291209177929,1439.974609375,1414.0291209177929,1439.974609375,334600,0.0,0.0
2009-04-14 00:00:00+09:00,1457.7608673637533,1483.2169189453125,1457.7608673637533,1483.2169189453125,287000,0.0,0.0
2009-04-15 00:00:00+09:00,1431.326416015625,1431.326416015625,1431.326416015625,1431.326416015625,232400,0.0,0.0
2009-04-16 00:00:00+09:00,1431.326044205132,1431.326044205132,1414.029052734375,1414.029052734375,161200,0.0,0.0
2009-04-17 00:00:00+09:00,1414.0291815118476,1574.0263671875,1414.0291815118476,1574.0263671875,356000,0.0,0.0
2009-04-20 00:00:00+09:00,1569.7021021349678,1755.644775390625,1569.7021021349678,1755.644775390625,993400,0.0,0.0
2009-04-21 00:00:00+09:00,1751.3207928546062,1751.3207928546062,1664.8358154296875,1664.8358154296875,459800,0.0,0.0
2009-04-22 00:00:00+09:00,1656.1870223915641,1656.1870223915641,1582.6748046875,1582.6748046875,421600,0.0,0.0
2009-04-23 00:00:00+09:00,1660.5114243090452,1721.0509033203125,1660.5114243090452,1721.0509033203125,463200,0.0,0.0
2009-04-24 00:00:00+09:00,1716.2317365531387,1716.2317365531387,1643.2142333984375,1643.2142333984375,297200,0.0,0.0
2009-04-27 00:00:00+09:00,1638.8898972990764,1638.8898972990764,1565.377685546875,1565.377685546875,470200,0.0,0.0
2009-04-28 00:00:00+09:00,1500.5141176496234,1500.5141176496234,1452.9473876953125,1452.9473876953125,464200,0.0,0.0
2009-04-30 00:00:00+09:00,1487.5411163592407,1509.162353515625,1487.5411163592407,1509.162353515625,342400,0.0,0.0
2009-05-01 00:00:00+09:00,1509.1627523248847,1522.135498046875,1509.1627523248847,1522.135498046875,530400,0.0,0.0
2009-05-07 00:00:00+09:00,1526.929978106747,1677.8082275390625,1526.929978106747,1677.8082275390625,416800,0.0,0.0
2009-05-08 00:00:00+09:00,1634.5656907301682,1686.4566650390625,1634.5656907301682,1686.4566650390625,301400,0.0,0.0
2009-05-11 00:00:00+09:00,1686.4568994915676,1686.4568994915676,1634.56591796875,1634.56591796875,275600,0.0,0.0
2009-05-12 00:00:00+09:00,1634.5655587880399,1651.862548828125,1634.5655587880399,1651.862548828125,203200,0.0,0.0
2009-05-13 00:00:00+09:00,1647.5384708527597,1647.5384708527597,1608.6202392578125,1608.6202392578125,159000,0.0,0.0
2009-05-14 00:00:00+09:00,1526.459560546875,1526.459560546875,1513.48681640625,1513.48681640625,269000,0.0,0.0
2009-05-15 00:00:00+09:00,1509.162568359375,1513.48681640625,1509.162568359375,1513.48681640625,304600,0.0,0.0
2009-05-18 00:00:00+09:00,1431.3261132225978,1439.974609375,1431.3261132225978,1439.974609375,325600,0.0,0.0
2009-05-19 00:00:00+09:00,1444.298924628964,1465.920166015625,1444.298924628964,1465.920166015625,296600,0.0,0.0
2009-05-20 00:00:00+09:00,1461.5957666962431,1561.053466796875,1461.5957666962431,1561.053466796875,276400,0.0,0.0
2009-05-21 00:00:00+09:00,1574.0263671875,1574.0263671875,1574.0263671875,1574.0263671875,207200,0.0,0.0
2009-05-22 00:00:00+09:00,1578.3506154490042,1578.3506154490042,1574.0263671875,1574.0263671875,273000,0.0,0.0
2009-05-25 00:00:00+09:00,1574.026317576036,1617.268798828125,1574.026317576036,1617.268798828125,203400,0.0,0.0
2009-05-26 00:00:00+09:00,1599.9718396417027,1630.2415771484375,1599.9718396417027,1630.2415771484375,147400,0.0,0.0
2009-05-27 00:00:00+09:00,1695.105249212694,1695.105249212694,1673.4840087890625,1673.4840087890625,350200,0.0,0.0
2009-05-28 00:00:00+09:00,1673.483955674499,1699.429443359375,1673.483955674499,1699.429443359375,221200,0.0,0.0
2009-05-29 00:00:00+09:00,1695.1054123154838,1721.0509033203125,1695.1054123154838,1721.0509033203125,212400,0.0,0.0
2009-06-01 00:00:00+09:00,1768.6175200363687,1768.6175200363687,1755.644775390625,1755.644775390625,178400,0.0,0.0
2009-06-02 00:00:00+09:00,1755.6445378001142,1772.9415283203125,1755.6445378001142,1772.9415283203125,242800,0.0,0.0
2009-06-03 00:00:00+09:00,1790.2384965643826,1794.562744140625,1790.2384965643826,1794.562744140625,178400,0.0,0.0
2009-06-04 00:00:00+09:00,1820.5083298456102,1820.5083298456102,1816.18408203125,1816.18408203125,134800,0.0,0.0
2009-06-05 00:00:00+09:00,1810.6268129724278,1829.1571044921875,1810.6268129724278,1829.1571044921875,289000,0.0,0.0
2009-06-08 00:00:00+09:00,1781.5900235804115,1781.5900235804115,1772.9415283203125,1772.9415283203125,195400,0.0,0.0
2009-06-09 00:00:00+09:00,1768.6172967848934,1768.6172967848934,1734.0233154296875,1734.0233154296875,151000,0.0,0.0
2009-06-10 00:00:00+09:00,1742.6719818115234,1798.88720703125,1742.6719818115234,1798.88720703125,169000,0.0,0.0
2009-06-11 00:00:00+09:00,1794.5628429594494,1820.5083298456102,1794.5628429594494,1816.18408203125,116600,0.0,0.0
2009-06-12 00:00:00+09:00,1777.266050306101,1781.5902986036826,1764.2933054133557,1768.6175537109375,277600,0.0,0.0
2009-06-15 00:00:00+09:00,1777.2662030388326,1790.2389490464154,1755.6449596928614,1764.29345703125,178800,0.0,0.0
2009-06-16 00:00:00+09:00,1682.1325941085815,1690.7810907363892,1651.8628559112549,1660.5113525390625,159000,0.0,0.0
2009-06-17 00:00:00+09:00,1643.2142200421438,1699.429443359375,1643.2142200421438,1699.429443359375,242000,0.0,0.0
2009-06-18 00:00:00+09:00,1599.9718063272894,1617.268798828125,1599.9718063272894,1617.268798828125,137400,0.0,0.0
2009-06-19 00:00:00+09:00,1556.729248046875,1574.0262396918404,1543.756504313151,1556.729248046875,285600,0.0,0.0
2009-06-22 00:00:00+09:00,1574.026181047134,1586.9989242975225,1561.0534377967456,1565.377685546875,188600,0.0,0.0
2009-06-23 00:00:00+09:00,1548.0807467685656,1548.0807467685656,1526.4595072885577,1539.4322509765625,187400,0.0,0.0
2009-06-24 00:00:00+09:00,1530.7838473279937,1556.7293362657563,1522.135351015406,1543.756591796875,103200,0.0,0.0
2009-06-25 00:00:00+09:00,1578.3505035728538,1630.2414790327832,1565.3777597078713,1608.6202392578125,196400,0.0,0.0
2009-06-26 00:00:00+09:00,1638.8900047775226,1643.2142528112365,1582.6747803392434,1604.2960205078125,137400,0.0,0.0
2009-06-29 00:00:00+09:00,1612.9446015410372,1625.9173463255495,1565.3778706644919,1574.0263671875,123800,0.0,0.0
2009-06-30 00:00:00+09:00,1595.647705078125,1612.944699171113,1569.7022139386434,1595.647705078125,103000,0.0,0.0
2009-07-01 00:00:00+09:00,1578.3507109851373,1625.9174447408536,1569.7022139386434,1595.647705078125,158000,0.0,0.0
2009-07-02 00:00:00+09:00,1604.2959913028185,1630.2414790327832,1595.6474953928303,1608.6202392578125,108600,0.0,0.0
2009-07-03 00:00:00+09:00,1586.9991159853728,1599.971860802692,1569.702122895614,1591.3233642578125,90200,0.0,0.0
2009-07-06 00:00:00+09:00,1574.0263288909314,1586.9990733598127,1530.7838473279937,1543.756591796875,97600,0.0,0.0
2009-07-07 00:00:00+09:00,1586.9992552655576,1595.647752569457,1491.8657849226631,1500.5142822265625,194000,0.0,0.0
2009-07-08 00:00:00+09:00,1474.5685939846096,1474.5685939846096,1431.3261132225978,1439.974609375,200200,0.0,0.0
2009-07-09 00:00:00+09:00,1418.3535755368098,1448.623316478144,1396.7323320072853,1409.705078125,152400,0.0,0.0
2009-07-10 00:00:00+09:00,1431.326008737823,1431.326008737823,1383.7592833719136,1401.0562744140625,118400,0.0,0.0
2009-07-13 00:00:00+09:00,1383.759214078073,1396.7319567100549,1275.6530254782235,1301.5985107421875,153600,0.0,0.0
2009-07-14 00:00:00+09:00,1340.5168849812696,1388.0836131580245,1340.5168849812696,1370.78662109375,110800,0.0,0.0
2009-07-15 00:00:00+09:00,1435.650476262019,1439.9747246844952,1388.0837436147835,1405.3807373046875,127800,0.0,0.0
2009-07-16 00:00:00+09:00,1444.2991004642383,1461.5960956793788,1409.7051100339572,1422.6778564453125,131600,0.0,0.0
2009-07-17 00:00:00+09:00,1444.2988869540663,1444.2988869540663,1370.786668157003,1435.650390625,108000,0.0,0.0
2009-07-21 00:00:00+09:00,1470.244480298913,1496.1899711277174,1465.9202318274456,1491.86572265625,90400,0.0,0.0
2009-07-22 00:00:00+09:00,1500.5138586530713,1509.162353515625,1461.5956317715795,1509.162353515625,134600,0.0,0.0
2009-07-23 00:00:00+09:00,1509.1626065465248,1561.05358442205,1500.5141102339373,1543.756591796875,159200,0.0,0.0
2009-07-24 00:00:00+09:00,1586.9989834255643,1608.620222981771,1543.756504313151,1556.729248046875,110800,0.0,0.0
2009-07-27 00:00:00+09:00,1561.053544921875,1578.350537109375,1474.568583984375,1513.48681640625,284400,0.0,0.0
2009-07-28 00:00:00+09:00,1574.0263115605221,1716.7264991470531,1565.3778153431567,1708.0780029296875,1261800,0.0,0.0
2009-07-29 00:00:00+09:00,1699.429467584669,1794.5629237853375,1656.1869874934562,1677.8082275390625,1256200,0.0,0.0
2009-07-30 00:00:00+09:00,1677.8083827026055,1708.078121565797,1630.2416502033047,1690.7811279296875,386000,0.0,0.0
2009-07-31 00:00:00+09:00,1721.0510507558847,1729.6995484983765,1660.5115665584415,1664.8358154296875,189600,0.0,0.0
2009-08-03 00:00:00+09:00,1686.456549784859,1716.7262827297154,1669.1595595306553,1703.7535400390625,131800,0.0,0.0
2009-08-04 00:00:00+09:00,1721.0506830967715,1725.3749310442508,1682.1324515694575,1699.429443359375,131200,0.0,0.0
2009-08-05 00:00:00+09:00,1677.808337921792,1690.7810828026304,1621.5931101048245,1625.9173583984375,182600,0.0,0.0
2009-08-06 00:00:00+09:00,1608.6201981460492,1703.753650724579,1604.2959503015707,1669.15966796875,196400,0.0,0.0
2009-08-07 00:00:00+09:00,1656.187160269924,1656.187160269924,1617.268924127811,1634.56591796875,158400,0.0,0.0
2009-08-10 00:00:00+09:00,1664.83542574369,1690.780912898137,1643.2141864483174,1686.4566650390625,161800,0.0,0.0
2009-08-11 00:00:00+09:00,1708.078157817898,1721.0509033203125,1682.1326668130694,1721.0509033203125,137400,0.0,0.0
2009-08-12 00:00:00+09:00,1699.4294485865673,1742.6719281943679,1686.4567047042271,1716.7264404296875,175200,0.0,0.0
2009-08-13 00:00:00+09:00,1725.374810702559,1794.562773036496,1725.374810702559,1790.238525390625,343200,0.0,0.0
2009-08-14 00:00:00+09:00,1785.9144627497747,1820.5084475003757,1772.9417184682993,1798.88720703125,205400,0.0,0.0
2009-08-17 00:00:00+09:00,1803.2116006387248,1803.2116006387248,1746.9963708826015,1759.9691162109375,146800,0.0,0.0
2009-08-18 00:00:00+09:00,1716.72662521783,1738.3478673490367,1699.4296315128643,1725.3751220703125,134600,0.0,0.0
2009-08-19 00:00:00+09:00,1721.0506883904677,1755.644672076708,1695.1052006257871,1716.7264404296875,138400,0.0,0.0
2009-08-20 00:00:00+09:00,1708.0779445081273,1729.6991843120277,1673.4839608218867,1716.7264404296875,168600,0.0,0.0
2009-08-21 00:00:00+09:00,1729.699203648518,1742.671947675882,1647.5384914752135,1677.8082275390625,139000,0.0,0.0
2009-08-24 00:00:00+09:00,1725.374820090886,1746.9960584378896,1708.0778294132833,1734.0233154296875,98000,0.0,0.0
2009-08-25 00:00:00+09:00,1690.7808548285036,1716.7263410918567,1673.4838639862683,1695.1051025390625,131400,0.0,0.0
2009-08-26 00:00:00+09:00,1708.078157817898,1738.3478973235317,1699.4296608162886,1721.0509033203125,69200,0.0,0.0
2009-08-27 00:00:00+09:00,1721.0508667928789,1721.0508667928789,1677.8083827026055,1690.7811279296875,93400,0.0,0.0
2009-08-28 00:00:00+09:00,1690.7810011279676,1699.42949729742,1660.5112645348838,1673.4840087890625,126800,0.0,0.0
2009-08-31 00:00:00+09:00,1669.1599056506284,1690.7811479518023,1617.268924127811,1634.56591796875,110800,0.0,0.0
2009-09-02 00:00:00+09:00,1608.6202685415262,1608.6202685415262,1574.026284271816,1604.2960205078125,144600,0.0,0.0
2009-09-03 00:00:00+09:00,1591.3233008879781,1595.647548988217,1569.7020603867827,1582.6748046875,90600,0.0,0.0
2009-09-04 00:00:00+09:00,1599.9715055927925,1599.9715055927925,1539.4320432190111,1552.40478515625,108800,0.0,0.0
2009-09-07 00:00:00+09:00,1565.3778822878573,1630.2416066920503,1513.486902764503,1625.9173583984375,125800,0.0,0.0
2009-09-08 00:00:00+09:00,1630.2416066920503,1630.2416066920503,1612.9446135175988,1625.9173583984375,89800,0.0,0.0
2009-09-09 00:00:00+09:00,1612.9447021484375,1621.5931992108956,1591.3234594922924,1612.9447021484375,65400,0.0,0.0
2009-09-10 00:00:00+09:00,1621.59326171875,1651.8630026041667,1617.2690130208334,1621.59326171875,204800,0.0,0.0
2009-09-11 00:00:00+09:00,1599.971860802692,1599.971860802692,1569.702122895614,1591.3233642578125,143000,0.0,0.0
2009-09-14 00:00:00+09:00,1578.3504820405767,1578.3504820405767,1530.7837551845594,1539.4322509765625,90400,0.0,0.0
2009-09-15 00:00:00+09:00,1561.0537988695048,1569.702296370167,1522.1355601165255,1530.7840576171875,83200,0.0,0.0
2009-09-16 00:00:00+09:00,1552.4050881094624,1574.0263288909314,1526.4595991717,1543.756591796875,103400,0.0,0.0
2009-09-17 00:00:00+09:00,1586.9990619516627,1625.9172950785428,1578.350565701245,1617.268798828125,177200,0.0,0.0
2009-09-18 00:00:00+09:00,1595.6474953928303,1612.9444872128067,1565.3777597078713,1608.6202392578125,115400,0.0,0.0
2009-09-21 00:00:00+09:00,1608.6202392578125,1608.6202392578125,1608.6202392578125,1608.6202392578125,0,0.0,0.0
2009-09-24 00:00:00+09:00,1591.323247437836,1621.592983122795,1578.3505035728538,1608.6202392578125,124000,0.0,0.0
2009-09-25 00:00:00+09:00,1612.944584287446,1647.538570009429,1604.2960878569506,1630.2415771484375,216000,0.0,0.0
2009-09-28 00:00:00+09:00,1591.3234752308238,1595.6477238048208,1513.4870008988814,1522.135498046875,155000,0.0,0.0
2009-09-29 00:00:00+09:00,1526.4594083171964,1535.1079035484554,1500.5139226234198,1517.8109130859375,119200,0.0,0.0
2009-09-30 00:00:00+09:00,1452.9473536036037,1452.9473536036037,1427.0018651463965,1439.974609375,186200,0.0,0.0
2009-10-01 00:00:00+09:00,1396.7322404597355,1422.6777309945912,1396.7322404597355,1405.3807373046875,162800,0.0,0.0
2009-10-02 00:00:00+09:00,1327.5444323851332,1327.5444323851332,1288.626191696318,1310.2474365234375,344600,0.0,0.0
2009-10-05 00:00:00+09:00,1318.895751953125,1336.1927454213626,1267.0047715484118,1318.895751953125,323800,0.0,0.0
2009-10-06 00:00:00+09:00,1344.8413686412823,1353.4898661888146,1305.9231296773867,1336.19287109375,126000,0.0,0.0
2009-10-07 00:00:00+09:00,1336.1929382139822,1439.9749139975925,1327.5444402320147,1431.326416015625,211800,0.0,0.0
2009-10-08 00:00:00+09:00,1431.3261132225978,1448.6231055274025,1396.7321286129882,1439.974609375,165200,0.0,0.0
2009-10-09 00:00:00+09:00,1422.6779180336573,1448.62341197956,1418.3536690426736,1431.326416015625,116200,0.0,0.0
2009-10-13 00:00:00+09:00,1452.947574013158,1487.541563870614,1452.947574013158,1478.89306640625,115400,0.0,0.0
2009-10-14 00:00:00+09:00,1465.920127776732,1465.920127776732,1401.056405308735,1435.650390625,178600,0.0,0.0
2009-10-15 00:00:00+09:00,1461.5958796121988,1474.5686241057983,1427.0018942959339,1435.650390625,136200,0.0,0.0
2009-10-16 00:00:00+09:00,1444.298973106971,1452.947469951923,1401.0564888822114,1405.3807373046875,104000,0.0,0.0
2009-10-19 00:00:00+09:00,1392.4081443228372,1418.3536376953125,1357.814153159537,1418.3536376953125,130800,0.0,0.0
2009-10-20 00:00:00+09:00,1427.0017963374428,1427.0017963374428,1401.0563091313074,1414.029052734375,119800,0.0,0.0
2009-10-21 00:00:00+09:00,1418.3533006020643,1422.6775484697534,1392.407813395929,1414.029052734375,110200,0.0,0.0
2009-10-22 00:00:00+09:00,1409.705078125,1418.3535755368098,1392.4080833013804,1409.705078125,80200,0.0,0.0
2009-10-23 00:00:00+09:00,1414.029076617697,1422.677572499151,1383.7593410326087,1392.4078369140625,110000,0.0,0.0
2009-10-26 00:00:00+09:00,1396.732061263618,1414.029052734375,1370.7865740574828,1414.029052734375,130600,0.0,0.0
2009-10-27 00:00:00+09:00,1392.407951209196,1392.407951209196,1344.8412199567078,1357.81396484375,98400,0.0,0.0
2009-10-28 00:00:00+09:00,1340.5169716610271,1357.81396484375,1327.544226773985,1357.81396484375,126800,0.0,0.0
2009-10-29 00:00:00+09:00,1314.5715454101562,1392.4080184936524,1310.2472969055175,1383.759521484375,260800,0.0,0.0
2009-10-30 00:00:00+09:00,1444.299076548794,1522.1355537280704,1435.6505790844299,1478.89306640625,403800,0.0,0.0
2009-11-02 00:00:00+09:00,1457.2713982077207,1478.892635569853,1422.6774184283088,1470.244140625,212800,0.0,0.0
2009-11-04 00:00:00+09:00,1457.2714464671253,1517.8109130859375,1452.9471988514958,1517.8109130859375,177200,0.0,0.0
2009-11-05 00:00:00+09:00,1496.190001021984,1543.756735158521,1478.893006790516,1487.54150390625,128800,0.0,0.0
2009-11-06 00:00:00+09:00,1504.8385651152014,1530.7840576171875,1504.8385651152014,1530.7840576171875,288800,0.0,0.0
2009-11-09 00:00:00+09:00,1517.8110114965546,1586.9989778325798,1513.486763600553,1539.4322509765625,306000,0.0,0.0
2009-11-10 00:00:00+09:00,1556.7292072415014,1561.0534550393945,1522.1352248583569,1526.45947265625,113800,0.0,0.0
2009-11-11 00:00:00+09:00,1513.4866519850127,1517.8108995621128,1474.5684237911125,1483.2169189453125,159000,0.0,0.0
2009-11-12 00:00:00+09:00,1478.8927230155787,1483.2169707436944,1452.9472366468842,1457.271484375,84400,0.0,0.0
2009-11-13 00:00:00+09:00,1461.5958497560061,1461.5958497560061,1422.6776170701953,1439.974609375,161600,0.0,0.0
2009-11-16 00:00:00+09:00,1439.9746387895332,1444.2988869540663,1409.7049016378012,1435.650390625,98000,0.0,0.0
2009-11-17 00:00:00+09:00,1457.271718374399,1461.595966796875,1396.7322404597355,1405.3807373046875,83400,0.0,0.0
2009-11-18 00:00:00+09:00,1448.622999779972,1491.8654773853443,1362.1380445692273,1401.0562744140625,246000,0.0,0.0
2009-11-19 00:00:00+09:00,1414.029052734375,1427.0017963374428,1379.4350697928612,1414.029052734375,229200,0.0,0.0
2009-11-20 00:00:00+09:00,1409.7049345557368,1461.5959137418376,1405.3806862902284,1448.6231689453125,190200,0.0,0.0
2009-11-24 00:00:00+09:00,1470.244380405971,1504.838365827288,1439.9746431623187,1452.9473876953125,156800,0.0,0.0
2009-11-25 00:00:00+09:00,1474.5684588658328,1509.1624403055005,1457.271468145999,1496.189697265625,180400,0.0,0.0
2009-11-26 00:00:00+09:00,1474.568436929643,1548.0806463953438,1470.2441893140135,1517.8109130859375,139800,0.0,0.0
2009-11-27 00:00:00+09:00,1496.1896842640533,1522.1351701183432,1452.9472078402366,1461.595703125,213200,0.0,0.0
2009-11-30 00:00:00+09:00,1474.568758232649,1500.5142495798511,1474.568758232649,1487.54150390625,100000,0.0,0.0
2009-12-01 00:00:00+09:00,1474.568333532817,1556.729032468663,1465.9198389079909,1552.40478515625,134200,0.0,0.0
2009-12-02 00:00:00+09:00,1543.7567198870934,1595.647702068172,1530.7839743418238,1578.3507080078125,224200,0.0,0.0
2009-12-03 00:00:00+09:00,1591.3233720495346,1630.2416066920503,1586.9991237559218,1625.9173583984375,108600,0.0,0.0
2009-12-04 00:00:00+09:00,1612.9447021484375,1634.5659448045828,1595.6477080235213,1612.9447021484375,104200,0.0,0.0
2009-12-07 00:00:00+09:00,1651.8631279374174,1651.8631279374174,1621.5933847553183,1638.890380859375,120400,0.0,0.0
2009-12-08 00:00:00+09:00,1638.88998541581,1651.8627293636926,1617.2687455026728,1643.2142333984375,148400,0.0,0.0
2009-12-09 00:00:00+09:00,1617.2686708192566,1634.5656619510135,1599.9716796875,1599.9716796875,93000,0.0,0.0
2009-12-10 00:00:00+09:00,1574.0261519671144,1617.2686286695075,1556.729161286157,1569.701904296875,106800,0.0,0.0
2009-12-11 00:00:00+09:00,1569.702122895614,1604.2961090751317,1552.4051298058553,1591.3233642578125,148000,0.0,0.0
2009-12-14 00:00:00+09:00,1621.5928162579762,1651.862548828125,1608.6200737279123,1651.862548828125,148800,0.0,0.0
2009-12-15 00:00:00+09:00,1651.8628481601147,1651.8628481601147,1617.2688618112118,1625.9173583984375,99600,0.0,0.0
2009-12-16 00:00:00+09:00,1630.2416434424977,1664.835630571251,1595.6476563137444,1656.1871337890625,162600,0.0,0.0
2009-12-17 00:00:00+09:00,1643.214214883917,1682.1324462890625,1621.5929752143918,1682.1324462890625,195600,0.0,0.0
2009-12-18 00:00:00+09:00,1643.2140741493497,1708.0777876026136,1643.2140741493497,1703.7535400390625,160600,0.0,0.0
2009-12-21 00:00:00+09:00,1695.1051607572115,1699.429408616286,1686.4566650390625,1686.4566650390625,65000,0.0,0.0
2009-12-22 00:00:00+09:00,1690.7809474644164,1712.402187201813,1682.1324515694575,1699.429443359375,112200,0.0,0.0
2009-12-24 00:00:00+09:00,1716.7267216701132,1790.2389490464154,1712.4024730009191,1764.29345703125,248000,0.0,0.0
2009-12-25 00:00:00+09:00,1751.3206787109375,1764.2934244791666,1729.699435763889,1751.3206787109375,120000,0.0,0.0
2009-12-28 00:00:00+09:00,1729.6993190327016,1781.5902986036826,1721.0508224375383,1768.6175537109375,124400,0.0,0.0
2009-12-29 00:00:00+09:00,1755.6448088181921,1768.6175537109375,1742.672063925447,1768.6175537109375,61000,0.0,0.0
2009-12-30 00:00:00+09:00,1738.3479329427082,1781.5904188368056,1729.699435763889,1751.3206787109375,75400,0.0,0.0
2010-01-04 00:00:00+09:00,1755.6449273003473,1768.6176730685763,1734.0236843532987,1751.3206787109375,57600,0.0,0.0
2010-01-05 00:00:00+09:00,1781.5898238440498,1842.1292838775853,1772.9413295535446,1803.2110595703125,163800,0.0,0.0
2010-01-06 00:00:00+09:00,1807.5359387207031,1807.5359387207031,1677.8084790039063,1729.699462890625,842400,0.0,0.0
2010-01-07 00:00:00+09:00,1738.3477825296338,1777.2660164668644,1721.0507896686424,1755.644775390625,215200,0.0,0.0
2010-01-08 00:00:00+09:00,1781.5902986036826,1803.2115400915916,1746.9963122230288,1768.6175537109375,218800,0.0,0.0
2010-01-12 00:00:00+09:00,1785.914558320034,1820.508544921875,1777.266061669574,1820.508544921875,136400,0.0,0.0
2010-01-13 00:00:00+09:00,1803.211435546875,1863.750908203125,1803.211435546875,1837.805419921875,202600,0.0,0.0
2010-01-14 00:00:00+09:00,1842.129586113824,1868.0750732421875,1816.1840989854602,1868.0750732421875,168600,0.0,0.0
2010-01-15 00:00:00+09:00,1872.3995892319556,1872.3995892319556,1794.5631167003733,1829.1571044921875,186000,0.0,0.0
2010-01-18 00:00:00+09:00,1824.8327855440375,1824.8327855440375,1785.91455078125,1785.91455078125,86000,0.0,0.0
2010-01-19 00:00:00+09:00,1781.5904517080269,1798.8874463848038,1759.9692083620557,1764.29345703125,108800,0.0,0.0
2010-01-20 00:00:00+09:00,1790.2387611126078,1798.8872575431035,1751.3205271753773,1755.644775390625,82400,0.0,0.0
2010-01-21 00:00:00+09:00,1734.0232780732304,1798.8869917168674,1725.3747829207455,1794.562744140625,135400,0.0,0.0
2010-01-22 00:00:00+09:00,1759.969203491211,1772.9419494628908,1716.7267169189454,1729.699462890625,130600,0.0,0.0
2010-01-25 00:00:00+09:00,1703.7536564753607,1703.7536564753607,1673.483921461839,1686.4566650390625,196200,0.0,0.0
2010-01-26 00:00:00+09:00,1673.484089628179,1708.0780759770819,1625.9173583984375,1625.9173583984375,205600,0.0,0.0
2010-01-27 00:00:00+09:00,1643.2142228977655,1647.5384708527597,1591.323247437836,1608.6202392578125,108800,0.0,0.0
2010-01-28 00:00:00+09:00,1630.2415771484375,1656.1870664399246,1396.732173525054,1504.83837890625,698200,0.0,0.0
2010-01-29 00:00:00+09:00,1539.4321740652097,1543.7564217451682,1448.622972786082,1496.189697265625,660200,0.0,0.0
2010-02-01 00:00:00+09:00,1500.5138586530713,1526.4593432407326,1478.892621496687,1509.162353515625,235800,0.0,0.0
2010-02-02 00:00:00+09:00,1513.486768934462,1556.729248046875,1509.1625210232205,1556.729248046875,161200,0.0,0.0
2010-02-03 00:00:00+09:00,1565.3777438693576,1574.0262396918404,1543.756504313151,1556.729248046875,128000,0.0,0.0
2010-02-04 00:00:00+09:00,1586.9991119720125,1586.9991119720125,1548.0808776184754,1574.0263671875,149600,0.0,0.0
2010-02-05 00:00:00+09:00,1539.4325551178497,1548.0810526185116,1522.1355601165255,1530.7840576171875,101200,0.0,0.0
2010-02-08 00:00:00+09:00,1539.4323436405812,1578.350577047225,1535.1080954842873,1543.756591796875,183600,0.0,0.0
2010-02-09 00:00:00+09:00,1530.7837204541431,1539.4322160499291,1483.2169946773195,1526.45947265625,116400,0.0,0.0
2010-02-10 00:00:00+09:00,1556.7295501191738,1574.026545120498,1522.1355601165255,1530.7840576171875,125400,0.0,0.0
2010-02-12 00:00:00+09:00,1561.0536263507345,1599.971860802692,1543.7566332609758,1591.3233642578125,197000,0.0,0.0
2010-02-15 00:00:00+09:00,1591.323172047652,1591.323172047652,1552.4049422964865,1565.377685546875,121600,0.0,0.0
2010-02-16 00:00:00+09:00,1582.6749595083843,1612.944699171113,1582.6749595083843,1595.647705078125,147800,0.0,0.0
2010-02-17 00:00:00+09:00,1608.6204272073414,1656.187160269924,1595.647681826637,1634.56591796875,217400,0.0,0.0
2010-02-18 00:00:00+09:00,1630.2418828073467,1660.5116259894457,1617.269135729304,1638.890380859375,149000,0.0,0.0
2010-02-19 00:00:00+09:00,1651.862748878664,1656.1869969123777,1595.6475244403848,1604.2960205078125,72600,0.0,0.0
2010-02-22 00:00:00+09:00,1630.2418828073467,1664.83587501546,1625.9176337813324,1638.890380859375,79000,0.0,0.0
2010-02-23 00:00:00+09:00,1638.890166428985,1647.5386633494545,1612.9446756675761,1634.56591796875,73000,0.0,0.0
2010-02-24 00:00:00+09:00,1625.9172856898906,1625.9172856898906,1574.0263084870219,1582.6748046875,143200,0.0,0.0
2010-02-25 00:00:00+09:00,1582.6751375440142,1582.6751375440142,1526.4599004181339,1535.1083984375,213400,0.0,0.0
2010-02-26 00:00:00+09:00,1539.4326474471832,1556.7296434859156,1535.1083984375,1535.1083984375,116200,0.0,0.0
2010-03-01 00:00:00+09:00,1526.4595072885577,1561.0534904565704,1526.4595072885577,1539.4322509765625,76400,0.0,0.0
2010-03-02 00:00:00+09:00,1543.7568059313899,1556.7295521997207,1522.135562150838,1548.0810546875,80200,0.0,0.0
2010-03-03 00:00:00+09:00,1556.7295521997207,1556.7295521997207,1517.8113133947277,1548.0810546875,171800,0.0,0.0
2010-03-04 00:00:00+09:00,1552.4053013688429,1552.4053013688429,1526.4598088668565,1530.7840576171875,63600,0.0,0.0
2010-03-05 00:00:00+09:00,1535.108003080561,1561.0534904565704,1530.7837551845594,1539.4322509765625,157000,0.0,0.0
2010-03-08 00:00:00+09:00,1574.0261519671144,1582.674647307593,1552.4049136159176,1569.701904296875,123600,0.0,0.0
2010-03-09 00:00:00+09:00,1574.0264624618903,1608.620450647866,1574.0264624618903,1595.647705078125,124600,0.0,0.0
2010-03-10 00:00:00+09:00,1612.944605620011,1617.2688538924508,1578.3506194404933,1591.3233642578125,115200,0.0,0.0
2010-03-11 00:00:00+09:00,1608.6202392578125,1617.2687351678007,1591.323247437836,1608.6202392578125,69000,0.0,0.0
2010-03-12 00:00:00+09:00,1630.2415432037517,1634.5657913289606,1591.3233100768716,1617.268798828125,122200,0.0,0.0
2010-03-15 00:00:00+09:00,1630.2413112780187,1656.1867963381462,1630.2413112780187,1651.862548828125,109800,0.0,0.0
2010-03-16 00:00:00+09:00,1638.890380859375,1643.214629885389,1621.5933847553183,1638.890380859375,101800,0.0,0.0
2010-03-17 00:00:00+09:00,1660.5115665584415,1669.1600643009333,1651.8630688159496,1664.8358154296875,73200,0.0,0.0
2010-03-18 00:00:00+09:00,1660.51156496063,1673.4843115618849,1625.9175740239502,1647.538818359375,124800,0.0,0.0
2010-03-19 00:00:00+09:00,1643.2140538080826,1660.5110438481674,1630.2413112780187,1651.862548828125,54400,0.0,0.0
2010-03-23 00:00:00+09:00,1651.862548828125,1660.5110438481674,1643.2140538080826,1651.862548828125,71000,0.0,0.0
2010-03-24 00:00:00+09:00,1664.835630571251,1682.1326241356276,1647.5386370068743,1656.1871337890625,100800,0.0,0.0
2010-03-25 00:00:00+09:00,1660.5112066195372,1695.1051900907776,1660.5112066195372,1682.1324462890625,178200,0.0,0.0
2010-03-26 00:00:00+09:00,1686.4566071179447,1695.1051025390625,1673.4838639862683,1695.1051025390625,114400,0.0,0.0
2010-03-29 00:00:00+09:00,1699.4293340744819,1738.3475630990883,1695.105086405081,1734.0233154296875,80800,0.0,0.0
2010-03-30 00:00:00+09:00,1738.3475472799162,1781.5900235804115,1738.3475472799162,1772.9415283203125,138800,0.0,0.0
2010-03-31 00:00:00+09:00,1764.2932080561573,1764.2932080561573,1738.3477197023903,1746.9962158203125,97800,0.0,0.0
2010-04-01 00:00:00+09:00,1738.3479602050782,1746.9964575195313,1703.7539709472658,1729.699462890625,131800,0.0,0.0
2010-04-02 00:00:00+09:00,1764.2934891081204,1781.5904840993765,1738.3479966212362,1777.2662353515625,114600,0.0,0.0
2010-04-05 00:00:00+09:00,1794.562744140625,1798.8869917168674,1768.6172586831701,1794.562744140625,108600,0.0,0.0
2010-04-06 00:00:00+09:00,1798.8871925278465,1798.8871925278465,1729.699223584468,1746.9962158203125,104000,0.0,0.0
2010-04-07 00:00:00+09:00,1742.6722136852786,1777.2662030388326,1742.6722136852786,1764.29345703125,81800,0.0,0.0
2010-04-08 00:00:00+09:00,1746.9964575195313,1751.3207061767578,1729.699462890625,1729.699462890625,99000,0.0,0.0
2010-04-09 00:00:00+09:00,1712.4024682617187,1729.699462890625,1703.7539709472658,1729.699462890625,120800,0.0,0.0
2010-04-12 00:00:00+09:00,1734.023648822727,1734.023648822727,1708.078157817898,1721.0509033203125,63600,0.0,0.0
2010-04-13 00:00:00+09:00,1734.0234915817841,1734.0234915817841,1686.4567623862738,1708.0780029296875,71800,0.0,0.0
2010-04-14 00:00:00+09:00,1716.7263410918567,1716.7263410918567,1695.1051025390625,1695.1051025390625,103800,0.0,0.0
2010-04-15 00:00:00+09:00,1712.4022313486232,1777.2659522330407,1708.0779832896621,1746.9962158203125,155600,0.0,0.0
2010-04-16 00:00:00+09:00,1729.6990254203681,1738.34752054747,1677.808054657757,1703.7535400390625,101000,0.0,0.0
2010-04-19 00:00:00+09:00,1669.1600643009333,1673.4843131721793,1656.1873176871957,1664.8358154296875,86200,0.0,0.0
2010-04-20 00:00:00+09:00,1660.5113525390625,1699.4295873641968,1647.538607597351,1660.5113525390625,117400,0.0,0.0
2010-04-21 00:00:00+09:00,1682.132514277591,1721.0507472557358,1673.4840180602255,1708.0780029296875,94400,0.0,0.0
2010-04-22 00:00:00+09:00,1708.077973645143,1721.0507177487768,1677.8082374033302,1712.4022216796875,97800,0.0,0.0
2010-04-23 00:00:00+09:00,1708.0780029296875,1725.3749953644185,1699.429506712322,1708.0780029296875,103000,0.0,0.0
2010-04-26 00:00:00+09:00,1721.0509655761718,1738.3479602050782,1708.0782196044922,1729.699462890625,107400,0.0,0.0
2010-04-27 00:00:00+09:00,1721.0507177487768,1725.3749657833216,1695.1052295415088,1712.4022216796875,123400,0.0,0.0
2010-04-28 00:00:00+09:00,1682.132411502186,1690.7809071911431,1669.15966796875,1669.15966796875,69000,0.0,0.0
2010-04-30 00:00:00+09:00,1712.4022451547478,1811.8599513127256,1682.132508497972,1798.88720703125,303200,0.0,0.0
2010-05-06 00:00:00+09:00,1803.2114643600753,1876.723682331589,1785.9144718961898,1833.481201171875,531600,0.0,0.0
2010-05-07 00:00:00+09:00,1798.8873106060607,1924.2905125473485,1746.9963304924242,1855.1025390625,468600,0.0,0.0
2010-05-10 00:00:00+09:00,1945.9112314077524,2062.6659052922178,1932.9384898650342,2023.7476806640625,652600,0.0,0.0
2010-05-11 00:00:00+09:00,2023.7481395339153,2045.3693803409017,1976.1814097585454,2028.0723876953125,524400,0.0,0.0
2010-05-12 00:00:00+09:00,2032.396682906937,2088.6119103064907,1963.208710722871,1967.532958984375,453000,0.0,0.0
2010-05-13 00:00:00+09:00,2015.0994195442438,2110.232868535603,2010.7751718628185,2079.963134765625,375200,0.0,0.0
2010-05-14 00:00:00+09:00,2054.018093677277,2079.963585386885,2019.4241047311339,2032.3968505859375,280600,0.0,0.0
2010-05-17 00:00:00+09:00,2002.1266672234788,2023.7479055304277,1915.6417139956827,1971.85693359375,270000,0.0,0.0
2010-05-18 00:00:00+09:00,1980.5055596214763,1980.5055596214763,1881.0478568457254,1898.3448486328125,240200,0.0,0.0
2010-05-19 00:00:00+09:00,1863.7510756059128,1911.3178083939986,1829.1570881236685,1902.6693115234375,163400,0.0,0.0
2010-05-20 00:00:00+09:00,1863.751035748106,1911.3177675189395,1829.1570490056818,1855.1025390625,109200,0.0,0.0
2010-05-21 00:00:00+09:00,1798.887216244104,1837.8054492878466,1777.265975664247,1833.481201171875,169000,0.0,0.0
2010-05-24 00:00:00+09:00,1850.7777752543604,1881.0475052234738,1772.9413267623545,1859.42626953125,193800,0.0,0.0
2010-05-25 00:00:00+09:00,1833.4812781746639,1833.4812781746639,1764.2933054133557,1768.6175537109375,148800,0.0,0.0
2010-05-26 00:00:00+09:00,1794.5629444688855,1798.8871925278465,1716.7264794075845,1746.9962158203125,143600,0.0,0.0
2010-05-27 00:00:00+09:00,1734.0234293230412,1820.5083883915222,1734.0234293230412,1807.53564453125,147000,0.0,0.0
2010-05-28 00:00:00+09:00,1842.1297865480255,1846.4540348732555,1790.2388066452643,1820.508544921875,125800,0.0,0.0
2010-05-31 00:00:00+09:00,1781.5898238440498,1837.8050367323328,1772.9413295535446,1803.2110595703125,234400,0.0,0.0
2010-06-01 00:00:00+09:00,1803.211388739224,1898.3448433010058,1785.9143970007183,1881.0478515625,778600,0.0,0.0
2010-06-02 00:00:00+09:00,1846.453531022838,1872.3990138943532,1781.5898238440498,1803.2110595703125,655400,0.0,0.0
2010-06-03 00:00:00+09:00,1837.8053437679187,1894.0205660478784,1833.4810959002295,1885.3720703125,217200,0.0,0.0
2010-06-04 00:00:00+09:00,1881.0477163417559,1881.0477163417559,1837.8052401040143,1846.4537353515625,156400,0.0,0.0
2010-06-07 00:00:00+09:00,1811.860036686755,1824.8327815795003,1764.2933054133557,1768.6175537109375,168200,0.0,0.0
2010-06-08 00:00:00+09:00,1734.0237478734223,1803.2117278384467,1729.6994991256083,1777.2662353515625,120800,0.0,0.0
2010-06-09 00:00:00+09:00,1781.5904188368056,1803.2116617838542,1734.0236843532987,1751.3206787109375,153400,0.0,0.0
2010-06-10 00:00:00+09:00,1772.9415348071407,1794.562773036496,1738.347553640172,1790.238525390625,126200,0.0,0.0
2010-06-11 00:00:00+09:00,1846.4535281159156,1876.723258085029,1829.1565395621365,1859.42626953125,194800,0.0,0.0
2010-06-14 00:00:00+09:00,1885.3725284253433,1911.3180219357837,1859.4270349149028,1889.69677734375,190200,0.0,0.0
2010-06-15 00:00:00+09:00,1881.0479287740118,1963.208642904371,1881.0479287740118,1941.58740234375,271200,0.0,0.0
2010-06-16 00:00:00+09:00,1971.85693359375,1984.8296765779196,1963.2084382709704,1971.85693359375,125200,0.0,0.0
2010-06-17 00:00:00+09:00,1980.50537109375,2032.3963415154203,1980.50537109375,1980.50537109375,224400,0.0,0.0
2010-06-18 00:00:00+09:00,1919.966324378704,2015.0997909019732,1898.345081987052,2006.4512939453125,365600,0.0,0.0
2010-06-21 00:00:00+09:00,2019.4243467928513,2036.721343339257,1958.8848588804317,2015.10009765625,345400,0.0,0.0
2010-06-22 00:00:00+09:00,2006.4508855306347,2028.0721235212666,1967.5326571474973,1976.18115234375,296600,0.0,0.0
2010-06-23 00:00:00+09:00,1941.5875508076438,1945.9117992504223,1911.3178117081927,1919.96630859375,200600,0.0,0.0
2010-06-24 00:00:00+09:00,1902.6693711650971,1919.9663654484161,1868.075382598459,1894.0208740234375,260000,0.0,0.0
2010-06-25 00:00:00+09:00,1859.42626953125,1889.6959995003633,1846.4535281159156,1859.42626953125,150400,0.0,0.0
2010-06-28 00:00:00+09:00,1863.750937983675,1876.723682331589,1824.8327049399322,1833.481201171875,58800,0.0,0.0
2010-06-29 00:00:00+09:00,1816.1844740818888,1846.454215316587,1759.9692403603065,1777.2662353515625,213200,0.0,0.0
2010-06-30 00:00:00+09:00,1721.0508769676644,1759.9691128789934,1708.0781316638881,1742.672119140625,219600,0.0,0.0
2010-07-01 00:00:00+09:00,1721.0506830967715,1725.3749310442508,1686.4566995169369,1699.429443359375,133400,0.0,0.0
2010-07-02 00:00:00+09:00,1669.1595595306553,1725.3747778568172,1660.5110644035535,1703.7535400390625,96400,0.0,0.0
2010-07-05 00:00:00+09:00,1690.7809526650071,1716.7264404296875,1690.7809526650071,1716.7264404296875,77400,0.0,0.0
2010-07-06 00:00:00+09:00,1712.402289091651,1755.64477113942,1677.8083034534359,1738.3477783203125,136400,0.0,0.0
2010-07-07 00:00:00+09:00,1772.9417041740796,1794.5629444688855,1729.699223584468,1746.9962158203125,164400,0.0,0.0
2010-07-08 00:00:00+09:00,1781.590087890625,1798.8870790351941,1759.9688489599134,1781.590087890625,162200,0.0,0.0
2010-07-09 00:00:00+09:00,1777.2661517536471,1850.7783770086642,1755.6449090315832,1824.8328857421875,178000,0.0,0.0
2010-07-12 00:00:00+09:00,1820.5085523200758,1872.3995324337122,1816.1843039772727,1855.1025390625,117200,0.0,0.0
2010-07-13 00:00:00+09:00,1846.453531022838,1855.102025313343,1794.5625652798074,1803.2110595703125,132800,0.0,0.0
2010-07-14 00:00:00+09:00,1833.481297348485,1872.3995324337122,1824.8328006628788,1855.1025390625,121000,0.0,0.0
2010-07-15 00:00:00+09:00,1837.8056014401411,1855.1025953360484,1811.8601105962803,1829.1571044921875,79000,0.0,0.0
2010-07-16 00:00:00+09:00,1807.5357032189004,1816.1841994065505,1781.5902146559497,1798.88720703125,64200,0.0,0.0
2010-07-21 00:00:00+09:00,1764.2932718211207,1785.91451289736,1746.9962789601293,1755.644775390625,149200,0.0,0.0
2010-07-22 00:00:00+09:00,1725.3751254022566,1746.9963675752172,1712.4023800984803,1742.672119140625,198400,0.0,0.0
2010-07-23 00:00:00+09:00,1781.5900014118974,1816.1839820218372,1764.2930111069277,1794.562744140625,99200,0.0,0.0
2010-07-26 00:00:00+09:00,1824.8322952965752,1850.7777781680904,1785.9140709893022,1803.2110595703125,87400,0.0,0.0
2010-07-27 00:00:00+09:00,1811.8601589626735,1824.8329047309028,1751.3206787109375,1751.3206787109375,128000,0.0,0.0
2010-07-28 00:00:00+09:00,1772.9419866037485,1785.9147328471906,1751.3207428646783,1777.2662353515625,160400,0.0,0.0
2010-07-29 00:00:00+09:00,1894.020246638808,1911.317235192587,1829.1565395621365,1859.42626953125,447800,0.0,0.0
2010-07-30 00:00:00+09:00,1859.4263924208262,1937.262846057047,1859.4263924208262,1932.9385986328125,289800,0.0,0.0
2010-08-02 00:00:00+09:00,1919.9660829741379,1932.9388267780173,1863.7508598239942,1881.0478515625,159600,0.0,0.0
2010-08-03 00:00:00+09:00,1915.6420568292792,1924.2905536998403,1872.3995724764738,1902.6693115234375,108000,0.0,0.0
2010-08-04 00:00:00+09:00,1894.020962106656,1894.020962106656,1842.12997684346,1863.751220703125,163600,0.0,0.0
2010-08-05 00:00:00+09:00,1885.3722774621212,1885.3722774621212,1837.805545691288,1855.1025390625,133600,0.0,0.0
2010-08-06 00:00:00+09:00,1842.1296253247795,1906.9933445263562,1833.4811294312358,1898.3448486328125,136800,0.0,0.0
2010-08-09 00:00:00+09:00,1863.750917923643,1889.6964063402136,1855.1024217847864,1872.3994140625,90800,0.0,0.0
2010-08-10 00:00:00+09:00,1872.3993556932471,1898.3448433010058,1859.426611889368,1881.0478515625,138600,0.0,0.0
2010-08-11 00:00:00+09:00,1863.7507053605045,1872.3992005129894,1785.9142489881401,1794.562744140625,193200,0.0,0.0
2010-08-12 00:00:00+09:00,1742.6718578153443,1790.2385834629094,1742.6718578153443,1781.590087890625,121400,0.0,0.0
2010-08-13 00:00:00+09:00,1785.91455078125,1816.1842889300847,1759.9690609393915,1785.91455078125,197400,0.0,0.0
2010-08-16 00:00:00+09:00,1768.6172871612696,1790.238525390625,1746.9960489319142,1790.238525390625,97800,0.0,0.0
2010-08-17 00:00:00+09:00,1772.9415283203125,1777.265775950362,1742.6717949099657,1772.9415283203125,132400,0.0,0.0
2010-08-18 00:00:00+09:00,1790.2387108435998,1807.5357032189004,1768.6174703744744,1798.88720703125,80200,0.0,0.0
2010-08-19 00:00:00+09:00,1790.2386238626195,1816.1841111649762,1777.265880211441,1811.85986328125,150200,0.0,0.0
2010-08-20 00:00:00+09:00,1781.590264682112,1811.8600021888471,1751.3205271753773,1755.644775390625,120400,0.0,0.0
2010-08-23 00:00:00+09:00,1742.6719579215003,1751.3204539905896,1708.077973645143,1712.4022216796875,97200,0.0,0.0
2010-08-24 00:00:00+09:00,1673.4843131721793,1686.4570597859172,1643.2145710734578,1664.8358154296875,169200,0.0,0.0
2010-08-25 00:00:00+09:00,1651.86306722646,1673.4843115618849,1625.9175740239502,1647.538818359375,92600,0.0,0.0
2010-08-26 00:00:00+09:00,1656.1869586856321,1682.1324462890625,1647.5384628178222,1682.1324462890625,97000,0.0,0.0
2010-08-27 00:00:00+09:00,1669.159921310655,1729.6994003219222,1664.8356728098502,1721.0509033203125,92400,0.0,0.0
2010-08-30 00:00:00+09:00,1755.644891326751,1768.6176368291653,1708.078157817898,1721.0509033203125,92400,0.0,0.0
2010-08-31 00:00:00+09:00,1686.4567530432414,1695.105249212694,1664.83551261961,1673.4840087890625,149600,0.0,0.0
2010-09-01 00:00:00+09:00,1651.8628559112549,1690.7810907363892,1625.917366027832,1660.5113525390625,180800,0.0,0.0
2010-09-02 00:00:00+09:00,1699.429271438359,1699.429271438359,1638.889806298061,1651.862548828125,95600,0.0,0.0
2010-09-03 00:00:00+09:00,1660.5113525390625,1664.8356008529663,1634.5658626556396,1660.5113525390625,80000,0.0,0.0
2010-09-06 00:00:00+09:00,1669.1597024873474,1686.4566942229676,1656.1869586856321,1682.1324462890625,103000,0.0,0.0
2010-09-07 00:00:00+09:00,1660.5115665584415,1695.105557528409,1651.8630688159496,1664.8358154296875,132000,0.0,0.0
2010-09-08 00:00:00+09:00,1647.53869039827,1647.53869039827,1604.2962050859794,1612.9447021484375,114200,0.0,0.0
2010-09-09 00:00:00+09:00,1617.2687323572677,1703.7536913068543,1617.2687323572677,1699.429443359375,182000,0.0,0.0
2010-09-10 00:00:00+09:00,1703.7540552709008,1716.7268018846387,1660.5115665584415,1664.8358154296875,173600,0.0,0.0
2010-09-13 00:00:00+09:00,1669.1600643009333,1690.7813086571632,1656.1873176871957,1664.8358154296875,127000,0.0,0.0
2010-09-14 00:00:00+09:00,1669.1597699515428,1725.3749953644185,1656.1870256254945,1708.0780029296875,157800,0.0,0.0
2010-09-16 00:00:00+09:00,1751.320612627761,1759.9691094802436,1708.078128365347,1725.3751220703125,67400,0.0,0.0
2010-09-17 00:00:00+09:00,1759.9690609393915,1785.91455078125,1729.6993227905568,1785.91455078125,159200,0.0,0.0
2010-09-21 00:00:00+09:00,1790.2387951988462,1803.2115400915916,1755.6448088181921,1768.6175537109375,109200,0.0,0.0
2010-09-22 00:00:00+09:00,1790.2387611126078,1803.2115057583514,1751.3205271753773,1755.644775390625,92600,0.0,0.0
2010-09-24 00:00:00+09:00,1729.6992860991381,1790.2387611126078,1721.0507896686424,1755.644775390625,142000,0.0,0.0
2010-09-27 00:00:00+09:00,1768.617280690263,1781.5900235804115,1746.9960425400152,1772.9415283203125,100000,0.0,0.0
2010-09-28 00:00:00+09:00,1755.602456797724,1803.2854864885264,1755.602456797724,1794.6158447265625,110800,5.0,0.0
2010-09-29 00:00:00+09:00,1785.9461890811012,1820.624755859375,1781.611368233817,1820.624755859375,89400,0.0,0.0
2010-09-30 00:00:00+09:00,1816.2900003572788,1820.6248213605184,1772.9417903248857,1777.276611328125,90800,0.0,0.0
2010-10-01 00:00:00+09:00,1777.2766468825848,1794.615931242415,1759.9373625227547,1785.9462890625,101600,0.0,0.0
2010-10-04 00:00:00+09:00,1772.941769120705,1785.9462319748911,1742.5980224609375,1742.5980224609375,99200,0.0,0.0
2010-10-05 00:00:00+09:00,1729.5934259751266,1777.2764527563957,1703.5845022762524,1768.6068115234375,124000,0.0,0.0
2010-10-06 00:00:00+09:00,1777.2765966562124,1803.2855224609375,1759.9373127863958,1803.2855224609375,154400,0.0,0.0
2010-10-07 00:00:00+09:00,1777.276608299085,1785.9462502907877,1738.263219336422,1746.932861328125,182600,0.0,0.0
2010-10-08 00:00:00+09:00,1725.2587533045296,1755.602500221946,1712.2542903399226,1716.589111328125,113800,0.0,0.0
2010-10-12 00:00:00+09:00,1716.5891418457031,1725.258783976237,1660.2364679972331,1664.5712890625,109200,0.0,0.0
2010-10-13 00:00:00+09:00,1668.905895706217,1686.2451777395283,1642.89697265625,1642.89697265625,101600,0.0,0.0
2010-10-14 00:00:00+09:00,1660.2364354464573,1707.919466229515,1660.2364354464573,1686.245361328125,153000,0.0,0.0
2010-10-15 00:00:00+09:00,1686.2453943888347,1690.5802154541016,1647.2320048014324,1664.5712890625,184600,0.0,0.0
2010-10-18 00:00:00+09:00,1681.9105733235679,1694.9150365193686,1655.9016469319663,1664.5712890625,103000,0.0,0.0
2010-10-19 00:00:00+09:00,1668.906023885302,1686.245307250344,1655.9015613615204,1673.2408447265625,72600,0.0,0.0
2010-10-20 00:00:00+09:00,1638.5623626708984,1668.906110127767,1625.5578994750977,1664.5712890625,117600,0.0,0.0
2010-10-21 00:00:00+09:00,1647.2317931645778,1655.9014341812335,1634.2273316395942,1642.89697265625,117200,0.0,0.0
2010-10-22 00:00:00+09:00,1634.2275416056316,1677.5757522583008,1634.2275416056316,1664.5712890625,108800,0.0,0.0
2010-10-25 00:00:00+09:00,1664.5709319053708,1716.5887735274137,1664.5709319053708,1694.9146728515625,207000,0.0,0.0
2010-10-26 00:00:00+09:00,1673.2407042664368,1694.9148066533076,1660.2362428343142,1668.9058837890625,91800,0.0,0.0
2010-10-27 00:00:00+09:00,1686.2456067469732,1686.2456067469732,1647.2322122464006,1655.90185546875,126800,0.0,0.0
2010-10-28 00:00:00+09:00,1664.571259469697,1759.9373212101484,1638.562333540483,1716.589111328125,410600,0.0,0.0
2010-10-29 00:00:00+09:00,1664.571259469697,1738.2632162691366,1638.562333540483,1716.589111328125,289000,0.0,0.0
2010-11-01 00:00:00+09:00,1686.2453845940013,1777.276626435837,1686.2453845940013,1751.2677001953125,172000,0.0,0.0
2010-11-02 00:00:00+09:00,1751.2675233303462,1759.9371645349518,1720.9237791142261,1738.2630615234375,114000,0.0,0.0
2010-11-04 00:00:00+09:00,1742.5980581151377,1768.606984355662,1738.2632370750503,1751.2677001953125,108800,0.0,0.0
2010-11-05 00:00:00+09:00,1772.941778809748,1842.2989144111075,1772.941778809748,1833.6292724609375,204200,0.0,0.0
2010-11-08 00:00:00+09:00,1859.6376499237695,1889.9813878013135,1837.9635514398094,1876.9769287109375,179400,0.0,0.0
2010-11-09 00:00:00+09:00,1863.9730580647788,1889.9819844563804,1850.968594868978,1872.6427001953125,124400,0.0,0.0
2010-11-10 00:00:00+09:00,1842.2985461873745,1898.651207600165,1837.9637260786985,1889.9815673828125,147400,0.0,0.0
2010-11-11 00:00:00+09:00,1881.3121277856046,1881.3121277856046,1837.9639220762588,1850.9683837890625,79600,0.0,0.0
2010-11-12 00:00:00+09:00,1820.6245969927481,1837.9638788688696,1807.620135585657,1811.9549560546875,100200,0.0,0.0
2010-11-15 00:00:00+09:00,1816.2899885605977,1833.6292724609375,1811.9551675855128,1833.6292724609375,60200,0.0,0.0
2010-11-16 00:00:00+09:00,1833.6292184012277,1837.964039248512,1803.2854724702381,1820.624755859375,114000,0.0,0.0
2010-11-17 00:00:00+09:00,1794.6158307756698,1829.2943975539436,1790.2810099283856,1820.624755859375,101800,0.0,0.0
2010-11-18 00:00:00+09:00,1820.6249318677326,1863.97314453125,1807.6204680686774,1863.97314453125,80800,0.0,0.0
2010-11-19 00:00:00+09:00,1889.9821606217145,1889.9821606217145,1842.29912445924,1855.3035888671875,119400,0.0,0.0
2010-11-22 00:00:00+09:00,1868.3076238762844,1911.6558286065924,1859.6379829302227,1898.6513671875,101000,0.0,0.0
2010-11-24 00:00:00+09:00,1855.3035194768706,1885.6472686271934,1837.964234248115,1868.3079833984375,101400,0.0,0.0
2010-11-25 00:00:00+09:00,1898.6512719398122,1963.6735757733675,1898.6512719398122,1933.329833984375,258400,0.0,0.0
2010-11-26 00:00:00+09:00,1920.3255977330582,1959.3389845944523,1915.9907769706813,1928.9952392578125,133600,0.0,0.0
2010-11-29 00:00:00+09:00,1924.6605757130872,1946.334681295442,1920.3257545966162,1937.6650390625,79200,0.0,0.0
2010-11-30 00:00:00+09:00,1937.6650161743164,1937.6650161743164,1872.6427001953125,1872.6427001953125,122800,0.0,0.0
2010-12-01 00:00:00+09:00,1863.9730580647788,1876.9775212605796,1859.6382369995117,1872.6427001953125,101000,0.0,0.0
2010-12-02 00:00:00+09:00,1915.9907769706813,1928.9952392578125,1902.9863146835498,1928.9952392578125,109800,0.0,0.0
2010-12-03 00:00:00+09:00,1933.3301283892465,1933.3301283892465,1894.3167401482078,1915.9908447265625,77800,0.0,0.0
2010-12-06 00:00:00+09:00,1911.6557327065232,1937.6646542399453,1907.3209124509528,1933.329833984375,61400,0.0,0.0
2010-12-07 00:00:00+09:00,1920.3258752996271,1920.3258752996271,1898.6517683549362,1907.3214111328125,163400,0.0,0.0
2010-12-08 00:00:00+09:00,1950.6694367990972,1981.01318359375,1911.6560480631153,1981.01318359375,258200,0.0,0.0
2010-12-09 00:00:00+09:00,1968.0092343833826,2028.6967438137071,1968.0092343833826,2020.027099609375,167600,0.0,0.0
2010-12-10 00:00:00+09:00,2024.3608667943386,2024.3608667943386,1989.6823080483969,2002.686767578125,190400,0.0,0.0
2010-12-13 00:00:00+09:00,2007.0226242065428,2089.384243774414,1998.3529800415038,2080.714599609375,188800,0.0,0.0
2010-12-14 00:00:00+09:00,2093.718505859375,2106.722968628688,2080.714043090062,2093.718505859375,167200,0.0,0.0
2010-12-15 00:00:00+09:00,2115.3924377566736,2137.066540602541,2093.718334910806,2111.0576171875,174000,0.0,0.0
2010-12-16 00:00:00+09:00,2106.722869065046,2137.0666140927315,2102.388048346805,2128.39697265625,160200,0.0,0.0
2010-12-17 00:00:00+09:00,2189.0839726091867,2202.0884318524095,2137.0661356362953,2158.740234375,245400,0.0,0.0
2010-12-20 00:00:00+09:00,2193.419642857143,2193.419642857143,2111.058035714286,2124.0625,306200,0.0,0.0
2010-12-21 00:00:00+09:00,2145.7361817408882,2150.071002310062,2102.387976049153,2111.0576171875,225600,0.0,0.0
2010-12-22 00:00:00+09:00,2128.3976716273646,2141.402138052786,2111.0583830601354,2119.72802734375,134800,0.0,0.0
2010-12-24 00:00:00+09:00,2106.7227664110137,2132.731689453125,2102.3879459039954,2132.731689453125,137000,0.0,0.0
2010-12-27 00:00:00+09:00,2158.7406124952363,2163.075433002255,2128.3968689461067,2132.731689453125,102000,0.0,0.0
2010-12-28 00:00:00+09:00,2119.7274383606327,2163.0756477340606,2119.7274383606327,2154.406005859375,129600,0.0,0.0
2010-12-29 00:00:00+09:00,2158.740686232044,2158.740686232044,2137.066582956622,2150.071044921875,137600,0.0,0.0
2010-12-30 00:00:00+09:00,2137.066964285714,2150.0714285714284,2124.0625,2124.0625,104800,0.0,0.0
2011-01-04 00:00:00+09:00,2150.0712928921566,2228.098073682598,2150.0712928921566,2210.7587890625,261000,0.0,0.0
2011-01-05 00:00:00+09:00,2215.093681584393,2262.7767158259358,2197.7543964056504,2258.44189453125,207200,0.0,0.0
2011-01-06 00:00:00+09:00,2258.44189453125,2271.4463584153073,2232.432966763136,2258.44189453125,179800,0.0,0.0
2011-01-07 00:00:00+09:00,2254.1067621362117,2280.1156863147066,2236.767479350549,2271.446044921875,106400,0.0,0.0
2011-01-11 00:00:00+09:00,2249.7722519418785,2275.781179709993,2241.1026093525074,2258.44189453125,137600,0.0,0.0
2011-01-12 00:00:00+09:00,2284.4500312805176,2297.454490661621,2215.092914581299,2219.427734375,221800,0.0,0.0
2011-01-13 00:00:00+09:00,2245.437360221228,2280.115929491054,2228.098075586315,2241.1025390625,209000,0.0,0.0
2011-01-14 00:00:00+09:00,2245.4374306471927,2293.1204648887356,2241.1026093525074,2258.44189453125,217600,0.0,0.0
2011-01-17 00:00:00+09:00,2310.4594632481335,2349.4728500572014,2232.4326896299976,2249.77197265625,219600,0.0,0.0
2011-01-18 00:00:00+09:00,2249.771472930908,2262.7759323120117,2210.7580947875977,2219.427734375,155600,0.0,0.0
2011-01-19 00:00:00+09:00,2223.7633590986143,2306.1249649911556,2223.7633590986143,2297.455322265625,168400,0.0,0.0
2011-01-20 00:00:00+09:00,2288.7856795400944,2327.7990718049823,2267.1115727262677,2297.455322265625,250000,0.0,0.0
2011-01-21 00:00:00+09:00,2297.454490661621,2310.4589500427246,2206.4232749938965,2219.427734375,172400,0.0,0.0
2011-01-24 00:00:00+09:00,2232.4327962239586,2280.115826822917,2219.4283333333333,2275.781005859375,119800,0.0,0.0
2011-01-25 00:00:00+09:00,2288.7851998952515,2336.468224893069,2254.1066362604747,2327.798583984375,170800,0.0,0.0
2011-01-26 00:00:00+09:00,2332.133891707085,2392.82139074779,2176.0803227452725,2206.424072265625,766400,0.0,0.0
2011-01-27 00:00:00+09:00,2236.7673117897725,2301.789617365057,2228.0976710464015,2288.78515625,452200,0.0,0.0
2011-01-28 00:00:00+09:00,2314.794354106105,2314.794354106105,2228.097936349322,2236.767578125,254200,0.0,0.0
2011-01-31 00:00:00+09:00,2193.4194691575417,2223.763216754583,2180.415005901667,2202.089111328125,241400,0.0,0.0
2011-02-01 00:00:00+09:00,2210.758585847182,2249.77197265625,2210.758585847182,2249.77197265625,122600,0.0,0.0
2011-02-02 00:00:00+09:00,2267.1115727262677,2306.1249649911556,2267.1115727262677,2297.455322265625,163000,0.0,0.0
2011-02-03 00:00:00+09:00,2297.4550057182746,2297.4550057182746,2267.1112603597317,2280.11572265625,84400,0.0,0.0
2011-02-04 00:00:00+09:00,2366.811576273904,2423.164232851854,2314.793739432719,2323.46337890625,398000,0.0,0.0
2011-02-07 00:00:00+09:00,2366.811576273904,2371.1463960106694,2293.1196407488924,2323.46337890625,132600,0.0,0.0
2011-02-08 00:00:00+09:00,2327.7986822867438,2349.472785473771,2280.1156552752836,2293.1201171875,93600,0.0,0.0
2011-02-09 00:00:00+09:00,2379.816353574255,2379.816353574255,2293.1199472509675,2310.459228515625,152200,0.0,0.0
2011-02-10 00:00:00+09:00,2288.785886390187,2340.8037474445096,2288.785886390187,2319.129638671875,84400,0.0,0.0
2011-02-14 00:00:00+09:00,2340.803846373175,2384.152065750456,2340.803846373175,2375.482421875,107800,0.0,0.0
2011-02-15 00:00:00+09:00,2371.146457395692,2418.8294757345448,2358.141997848732,2392.820556640625,135000,0.0,0.0
2011-02-16 00:00:00+09:00,2392.821085394385,2457.8433974974932,2392.821085394385,2431.83447265625,161800,0.0,0.0
2011-02-17 00:00:00+09:00,2470.8485355069006,2470.8485355069006,2397.1565616409052,2414.495849609375,184800,0.0,0.0
2011-02-18 00:00:00+09:00,2436.1691159484208,2436.1691159484208,2401.4905520203292,2418.829833984375,67400,0.0,0.0
2011-02-21 00:00:00+09:00,2410.1604688206376,2418.8301107948128,2388.4863638852003,2397.156005859375,68400,0.0,0.0
2011-02-22 00:00:00+09:00,2384.1520316434867,2397.1564972706333,2358.1431003891944,2366.812744140625,122400,0.0,0.0
2011-02-23 00:00:00+09:00,2336.4689256899824,2366.8126779716704,2310.459995162821,2319.129638671875,100800,0.0,0.0
2011-02-24 00:00:00+09:00,2288.785359465318,2306.1246424915703,2236.7675103865604,2249.77197265625,123400,0.0,0.0
2011-02-25 00:00:00+09:00,2262.7767513635026,2314.7946077166866,2245.437465912441,2297.455322265625,86000,0.0,0.0
2011-02-28 00:00:00+09:00,2319.1290827754706,2349.4728277837476,2267.1112341898524,2332.133544921875,118200,0.0,0.0
2011-03-01 00:00:00+09:00,2358.1431003891944,2384.1520316434867,2336.468991010617,2366.812744140625,139000,0.0,0.0
2011-03-02 00:00:00+09:00,2332.1341039354556,2366.8126779716704,2301.7903516537676,2319.129638671875,131000,0.0,0.0
2011-03-03 00:00:00+09:00,2284.450475912689,2323.4638616493385,2267.1111933630673,2293.1201171875,174800,0.0,0.0
2011-03-04 00:00:00+09:00,2314.7949255811195,2319.1297475391366,2267.1118840429317,2284.451171875,99200,0.0,0.0
2011-03-07 00:00:00+09:00,2280.1160000455984,2280.1160000455984,2210.7588593598007,2228.09814453125,99200,0.0,0.0
2011-03-08 00:00:00+09:00,2223.762554168701,2249.771472930908,2210.7580947875977,2219.427734375,74000,0.0,0.0
2011-03-09 00:00:00+09:00,2232.4328948376224,2241.1025371476717,2202.089146752451,2210.7587890625,92200,0.0,0.0
2011-03-10 00:00:00+09:00,2202.088855326417,2202.088855326417,2119.727264280744,2141.4013671875,127600,0.0,0.0
2011-03-11 00:00:00+09:00,2106.72265625,2137.066398212449,2063.3744534465022,2106.72265625,260000,0.0,0.0
2011-03-14 00:00:00+09:00,1863.973385878504,2033.0314371558566,1829.2948112575084,1894.317138671875,314600,0.0,0.0
2011-03-15 00:00:00+09:00,1889.9817981770832,1889.9817981770832,1547.5309677734374,1625.5577392578125,276800,0.0,0.0
2011-03-16 00:00:00+09:00,1651.5665924740533,1807.6201287708143,1651.5665924740533,1781.6112060546875,317400,0.0,0.0
2011-03-17 00:00:00+09:00,1677.575660141818,1833.6292099224522,1673.2408393145781,1759.937255859375,192000,0.0,0.0
2011-03-18 00:00:00+09:00,1764.271972370371,1881.3121277856046,1764.271972370371,1850.9683837890625,186200,0.0,0.0
2011-03-22 00:00:00+09:00,1989.682410088901,2002.6868702855604,1855.3029880567528,1885.646728515625,521000,0.0,0.0
2011-03-23 00:00:00+09:00,1885.6472315494484,1885.6472315494484,1807.6204495542988,1829.2945556640625,407600,0.0,0.0
2011-03-24 00:00:00+09:00,1842.2989815257074,1842.2989815257074,1768.607022264679,1790.2811279296875,194400,0.0,0.0
2011-03-25 00:00:00+09:00,1824.9594174617785,1829.2942379308088,1781.611212771475,1811.9549560546875,160400,0.0,0.0
2011-03-28 00:00:00+09:00,1781.611623888818,1868.308053275135,1777.276802419502,1855.3035888671875,323000,0.0,0.0
2011-03-29 00:00:00+09:00,1846.6131591796875,1859.6480755974264,1803.1634377872242,1846.6131591796875,192200,5.0,0.0
2011-03-30 00:00:00+09:00,1855.3032042620935,1911.787845141267,1846.6132595114511,1903.097900390625,99000,0.0,0.0
2011-03-31 00:00:00+09:00,1920.47802294482,1937.8579145551803,1898.7531584318695,1929.16796875,117000,0.0,0.0
2011-04-01 00:00:00+09:00,1916.132815836774,1937.857677694334,1881.3730368646784,1907.44287109375,147400,0.0,0.0
2011-04-04 00:00:00+09:00,1942.20291946766,1976.9627032612646,1855.3034599836483,1868.33837890625,241000,0.0,0.0
2011-04-05 00:00:00+09:00,1846.6134345822218,1850.9584073694741,1746.6790604754192,1781.4388427734375,228600,0.0,0.0
2011-04-06 00:00:00+09:00,1785.78359085967,1785.78359085967,1711.9190627705839,1724.9539794921875,243600,0.0,0.0
2011-04-07 00:00:00+09:00,1724.9540978912125,1742.3339880462877,1711.919180274906,1733.64404296875,195200,0.0,0.0
2011-04-08 00:00:00+09:00,1716.2642631908454,1764.058964191097,1685.8494534634128,1755.3690185546875,196400,0.0,0.0
2011-04-11 00:00:00+09:00,1737.989008219603,1772.7487883839951,1737.989008219603,1751.02392578125,135800,0.0,0.0
2011-04-12 00:00:00+09:00,1737.988896213791,1768.403701897532,1716.2640350111185,1724.9539794921875,197200,0.0,0.0
2011-04-13 00:00:00+09:00,1720.6092237519053,1785.7838155606896,1711.9192781774009,1781.4388427734375,256400,0.0,0.0
2011-04-14 00:00:00+09:00,1772.7490116147096,1803.1638230884914,1746.6791732086108,1794.473876953125,202800,0.0,0.0
2011-04-15 00:00:00+09:00,1807.5084332976771,1837.923238665667,1777.0936279296875,1777.0936279296875,266200,0.0,0.0
2011-04-18 00:00:00+09:00,1798.8187339224467,1803.1637067096988,1764.0589516244283,1781.4388427734375,65000,0.0,0.0
2011-04-19 00:00:00+09:00,1759.714111328125,1772.7490306712962,1746.6791919849536,1759.714111328125,109400,0.0,0.0
2011-04-20 00:00:00+09:00,1772.74877395073,1794.473636376597,1764.0588289803834,1785.78369140625,103200,0.0,0.0
2011-04-21 00:00:00+09:00,1790.12890625,1798.8188523968447,1737.989229368932,1790.12890625,211400,0.0,0.0
2011-04-22 00:00:00+09:00,1785.783867054935,1933.5129460813773,1772.7489483173076,1920.47802734375,400200,0.0,0.0
2011-04-25 00:00:00+09:00,1907.4431310583045,1933.5129688404224,1855.3034554940684,1877.0283203125,202000,0.0,0.0
2011-04-26 00:00:00+09:00,1885.7180313325264,1894.407976177377,1846.6132795306999,1850.958251953125,173600,0.0,0.0
2011-04-27 00:00:00+09:00,1850.9578654422464,1968.2720963505578,1833.5779793817558,1959.5821533203125,408200,0.0,0.0
2011-04-28 00:00:00+09:00,1963.9273722421353,1994.3421766795136,1911.7877074923442,1950.8924560546875,406600,0.0,0.0
2011-05-02 00:00:00+09:00,1989.9974272956601,2020.4122351364235,1981.3074821982993,2011.7222900390625,222600,0.0,0.0
2011-05-06 00:00:00+09:00,2003.0323449417017,2046.4820704285064,1985.6524547469796,2011.7222900390625,220400,0.0,0.0
2011-05-09 00:00:00+09:00,2029.102424095417,2050.8272894497577,2007.3775587410764,2016.0675048828125,107800,0.0,0.0
2011-05-10 00:00:00+09:00,2024.7575951291803,2033.4475418893915,1981.307861328125,1981.307861328125,214000,0.0,0.0
2011-05-11 00:00:00+09:00,2003.0326838745377,2063.8623098490357,1998.6877105906449,2055.17236328125,193600,0.0,0.0
2011-05-12 00:00:00+09:00,2050.8268905925156,2116.0014739799894,2024.757057237526,2089.931640625,290200,0.0,0.0
2011-05-13 00:00:00+09:00,2085.5866760766808,2094.2766205603334,2029.1020369329372,2068.206787109375,260400,0.0,0.0
2011-05-16 00:00:00+09:00,2072.5521548040983,2076.8971278749664,2011.7225318119445,2016.0675048828125,132200,0.0,0.0
2011-05-17 00:00:00+09:00,1998.6877548485472,2007.3777016087583,1959.5829944275974,1981.307861328125,148000,0.0,0.0
2011-05-18 00:00:00+09:00,2007.3771772203947,2072.5517608963814,1981.30734375,2063.86181640625,162000,0.0,0.0
2011-05-19 00:00:00+09:00,2120.3466897968424,2146.416526146804,2089.931880721888,2098.621826171875,228200,0.0,0.0
2011-05-20 00:00:00+09:00,2116.001973512526,2137.7268397703547,2076.897214248434,2081.2421875,157200,0.0,0.0
2011-05-23 00:00:00+09:00,2050.827400386461,2059.517346998268,2024.7575605510397,2037.79248046875,109400,0.0,0.0
2011-05-24 00:00:00+09:00,2003.032571735788,2068.2071673454125,2003.032571735788,2042.1373291015625,178000,0.0,0.0
2011-05-25 00:00:00+09:00,2042.1373433080214,2055.1722625206257,2007.3775587410764,2016.0675048828125,168200,0.0,0.0
2011-05-26 00:00:00+09:00,2042.1373291015627,2059.517221264129,2016.067490857713,2042.1373291015625,280800,0.0,0.0
2011-05-27 00:00:00+09:00,2037.7924701456793,2072.552256416821,2029.1025235778939,2055.17236328125,175000,0.0,0.0
2011-05-30 00:00:00+09:00,2063.862281988475,2107.312014240864,2050.8273623127584,2102.967041015625,141000,0.0,0.0
2011-05-31 00:00:00+09:00,2085.5873724489797,2150.7619778380104,2085.5873724489797,2129.037109375,136400,0.0,0.0
2011-06-01 00:00:00+09:00,2137.7263258791068,2137.7263258791068,2102.966548222536,2116.00146484375,124400,0.0,0.0
2011-06-02 00:00:00+09:00,2068.206788651316,2072.5517608963814,2055.1718719161186,2063.86181640625,101000,0.0,0.0
2011-06-03 00:00:00+09:00,2050.8268996710526,2076.8967331414474,2037.7919829358552,2063.86181640625,121400,0.0,0.0
2011-06-06 00:00:00+09:00,2042.1374485801487,2059.5173417595543,2033.447501990446,2046.482421875,58200,0.0,0.0
2011-06-07 00:00:00+09:00,2042.1371987902164,2072.5520081339005,2042.1371987902164,2059.51708984375,69000,0.0,0.0
2011-06-08 00:00:00+09:00,2076.896958561533,2111.656740294781,2063.8620404115654,2107.311767578125,139800,0.0,0.0
2011-06-09 00:00:00+09:00,2102.966765625,2181.1762734375,2098.62179296875,2172.486328125,258800,0.0,0.0
2011-06-10 00:00:00+09:00,2150.761470679546,2194.211197359941,2124.691634671309,2159.451416015625,260000,0.0,0.0
2011-06-13 00:00:00+09:00,2155.1064433475854,2181.1762793558223,2142.071525343467,2159.451416015625,123800,0.0,0.0
2011-06-14 00:00:00+09:00,2150.76146484375,2176.83130078125,2133.3815742187503,2172.486328125,133600,0.0,0.0
2011-06-15 00:00:00+09:00,2207.2456093439982,2220.280524359809,2159.450920952691,2189.86572265625,192800,0.0,0.0
2011-06-16 00:00:00+09:00,2185.5212363668006,2242.0058806466586,2172.4863184560645,2194.211181640625,196200,0.0,0.0
2011-06-17 00:00:00+09:00,2202.90113671875,2207.2461093750003,2124.69162890625,2172.486328125,220400,0.0,0.0
2011-06-20 00:00:00+09:00,2181.175779312376,2211.590581015935,2155.105949280754,2189.86572265625,196200,0.0,0.0
2011-06-21 00:00:00+09:00,2181.176743366309,2211.5915585128514,2163.7968489968566,2202.901611328125,173600,0.0,0.0
2011-06-22 00:00:00+09:00,2228.970926765267,2298.4904878339694,2202.901091364504,2276.765625,259000,0.0,0.0
2011-06-23 00:00:00+09:00,2281.1101121168867,2302.834970327524,2246.3503389798675,2259.38525390625,234800,0.0,0.0
2011-06-24 00:00:00+09:00,2242.0056110007226,2263.730471572435,2228.9706946576953,2255.04052734375,156800,0.0,0.0
2011-06-27 00:00:00+09:00,2259.3855008747587,2263.7304729918255,2242.0056124064913,2250.695556640625,81600,0.0,0.0
2011-06-28 00:00:00+09:00,2215.9363012256736,2224.62624750499,2176.83154296875,2176.83154296875,286800,0.0,0.0
2011-06-29 00:00:00+09:00,2189.8661994485296,2220.2810077742033,2181.1762542126226,2215.93603515625,222600,0.0,0.0
2011-06-30 00:00:00+09:00,2220.2814998963963,2220.2814998963963,2181.176737667301,2211.591552734375,153200,0.0,0.0
2011-07-01 00:00:00+09:00,2228.970962735922,2228.970962735922,2185.5212363668006,2194.211181640625,68800,0.0,0.0
2011-07-04 00:00:00+09:00,2207.2460995513616,2220.2810174620977,2185.5212363668006,2194.211181640625,122000,0.0,0.0
2011-07-05 00:00:00+09:00,2198.556154277537,2220.2810174620977,2185.5212363668006,2194.211181640625,108600,0.0,0.0
2011-07-06 00:00:00+09:00,2194.211658410333,2211.591552734375,2172.48679050528,2211.591552734375,104400,0.0,0.0
2011-07-07 00:00:00+09:00,2220.2814998963963,2220.2814998963963,2202.901605572354,2211.591552734375,72400,0.0,0.0
2011-07-08 00:00:00+09:00,2215.9362627689798,2250.696047283003,2211.5912897047265,2246.35107421875,158400,0.0,0.0
2011-07-11 00:00:00+09:00,2246.35107421875,2255.0410203472557,2224.6262088974854,2246.35107421875,70800,0.0,0.0
2011-07-12 00:00:00+09:00,2220.2815056975774,2233.316426474667,2189.8666905510354,2202.901611328125,109200,0.0,0.0
2011-07-13 00:00:00+09:00,2181.176516108408,2211.5913280860154,2163.7966235497756,2176.83154296875,128200,0.0,0.0
2011-07-14 00:00:00+09:00,2168.1415799358697,2228.9712034210447,2155.106660617618,2207.246337890625,148000,0.0,0.0
2011-07-15 00:00:00+09:00,2207.2456016540527,2237.660403251648,2202.9006299972534,2224.62548828125,115200,0.0,0.0
2011-07-19 00:00:00+09:00,2233.3164206394276,2242.006367801449,2202.901605572354,2211.591552734375,72600,0.0,0.0
2011-07-20 00:00:00+09:00,2215.9365321052146,2228.9714528823038,2198.556637735762,2202.901611328125,49600,0.0,0.0
2011-07-21 00:00:00+09:00,2185.52099609375,2198.5559125714462,2181.1760239345176,2185.52099609375,63800,0.0,0.0
2011-07-22 00:00:00+09:00,2181.176263729889,2198.556154277537,2176.8312910929767,2194.211181640625,50400,0.0,0.0
2011-07-25 00:00:00+09:00,2185.521716958672,2207.246584920488,2181.176743366309,2202.901611328125,56000,0.0,0.0
2011-07-26 00:00:00+09:00,2198.555891235823,2263.7304729918255,2198.555891235823,2250.695556640625,138000,0.0,0.0
2011-07-27 00:00:00+09:00,2268.0759300773752,2281.110849215751,2237.6611187544986,2263.73095703125,118400,0.0,0.0
2011-07-28 00:00:00+09:00,2237.6606620045354,2276.765411437624,2172.4860796160538,2185.52099609375,306200,0.0,0.0
2011-07-29 00:00:00+09:00,2185.5214723602053,2242.006122739296,2185.5214723602053,2207.246337890625,136400,0.0,0.0
2011-08-01 00:00:00+09:00,2211.5910625382967,2250.6958160998774,2211.5910625382967,2215.93603515625,63800,0.0,0.0
2011-08-02 00:00:00+09:00,2194.211435527383,2194.211435527383,2168.1415966894338,2176.83154296875,95200,0.0,0.0
2011-08-03 00:00:00+09:00,2133.38134765625,2150.761236435527,2124.6914032666114,2133.38134765625,94600,0.0,0.0
2011-08-04 00:00:00+09:00,2137.7265765947163,2142.071549311372,2102.9667948614688,2107.311767578125,97800,0.0,0.0
2011-08-05 00:00:00+09:00,1998.6870096049784,2020.4118684050325,1976.9621508049242,2007.376953125,147600,0.0,0.0
2011-08-08 00:00:00+09:00,1976.9624188026685,1981.3073911516854,1911.7878335674159,1933.5126953125,81200,0.0,0.0
2011-08-09 00:00:00+09:00,1863.9929131869612,1898.7526877918463,1798.8183358028018,1890.062744140625,209600,0.0,0.0
2011-08-10 00:00:00+09:00,1955.2375688944778,1972.617458395762,1898.752928015304,1903.097900390625,120000,0.0,0.0
2011-08-11 00:00:00+09:00,1846.6135140352471,1898.7531897256542,1837.923568086846,1868.33837890625,107200,0.0,0.0
2011-08-12 00:00:00+09:00,1890.0628805721508,1898.7528248506435,1846.6131591796875,1846.6131591796875,87600,0.0,0.0
2011-08-15 00:00:00+09:00,1885.7178927080347,1911.787725326118,1872.682976398993,1894.4078369140625,105800,0.0,0.0
2011-08-16 00:00:00+09:00,1890.0627463959656,1898.7526900575563,1872.6828590727844,1881.372802734375,94200,0.0,0.0
2011-08-17 00:00:00+09:00,1877.02855048627,1898.75341796875,1855.30368300379,1898.75341796875,83400,0.0,0.0
2011-08-18 00:00:00+09:00,1894.4078468731789,1898.7528189990348,1855.3030977404756,1863.9930419921875,91600,0.0,0.0
2011-08-19 00:00:00+09:00,1829.233654315655,1833.5786273662861,1790.128896859976,1807.5087890625,103200,0.0,0.0
2011-08-22 00:00:00+09:00,1794.4735450842193,1820.5433786689778,1694.539183009311,1698.8841552734375,176800,0.0,0.0
2011-08-23 00:00:00+09:00,1707.5740998016904,1720.6090165940698,1651.0894603680467,1698.8841552734375,196400,0.0,0.0
2011-08-24 00:00:00+09:00,1724.9541263580322,1742.3340167999268,1651.0895919799805,1668.469482421875,123400,0.0,0.0
2011-08-25 00:00:00+09:00,1690.194317581062,1772.7487958176691,1690.194317581062,1733.64404296875,130000,0.0,0.0
2011-08-26 00:00:00+09:00,1733.6442540055616,1794.473876953125,1716.2643617348292,1794.473876953125,170200,0.0,0.0
2011-08-29 00:00:00+09:00,1785.783679140812,1837.9233486047772,1772.7487617748207,1816.198486328125,118400,0.0,0.0
2011-08-30 00:00:00+09:00,1837.9232092370519,1894.4078468731789,1837.9232092370519,1863.9930419921875,165800,0.0,0.0
2011-08-31 00:00:00+09:00,1877.0283203125,1894.4082121672454,1863.993401421441,1877.0283203125,80200,0.0,0.0
2011-09-01 00:00:00+09:00,1894.4082373801596,1937.8579675953008,1890.0632643586455,1918.837890625,110200,0.0,0.0
2011-09-02 00:00:00+09:00,1903.0981580946182,1916.133076985677,1859.6484284577546,1877.0283203125,111200,0.0,0.0
2011-09-05 00:00:00+09:00,1842.2685546875,1868.3383927255306,1824.8886626621463,1842.2685546875,54600,0.0,0.0
2011-09-06 00:00:00+09:00,1820.543701171875,1837.9235933071675,1803.1638090365827,1820.543701171875,177800,0.0,0.0
2011-09-07 00:00:00+09:00,1842.2683175223212,1846.613289969308,1790.128648158482,1824.888427734375,158600,0.0,0.0
2011-09-08 00:00:00+09:00,1820.5434552873883,1850.9582624162945,1807.5085379464285,1824.888427734375,112200,0.0,0.0
2011-09-09 00:00:00+09:00,1811.8537551042289,1837.9235933071675,1803.1638090365827,1820.543701171875,95800,0.0,0.0
2011-09-12 00:00:00+09:00,1759.7139913728922,1764.058964191097,1742.3341001000736,1755.3690185546875,114800,0.0,0.0
2011-09-13 00:00:00+09:00,1777.093734230151,1837.9233486047772,1759.7138444088291,1816.198486328125,94200,0.0,0.0
2011-09-14 00:00:00+09:00,1816.1984988024635,1846.613306198677,1768.4038014655566,1785.78369140625,73200,0.0,0.0
2011-09-15 00:00:00+09:00,1807.5086528516547,1837.9234619140625,1794.4737346820514,1837.9234619140625,69200,0.0,0.0
2011-09-16 00:00:00+09:00,1855.302971749603,1929.1674928731236,1846.6130280880125,1881.372802734375,108200,0.0,0.0
2011-09-20 00:00:00+09:00,1955.2379715108425,1955.2379715108425,1837.923693220192,1859.6485595703125,237600,0.0,0.0
2011-09-21 00:00:00+09:00,1846.6131591796875,1877.0279641544118,1833.5782427619486,1846.6131591796875,87000,0.0,0.0
2011-09-22 00:00:00+09:00,1816.1986166544007,1820.5435894215166,1790.128780051706,1798.8187255859375,87800,0.0,0.0
2011-09-26 00:00:00+09:00,1807.5087147049494,1807.5087147049494,1703.2293657796638,1711.9193115234375,91400,0.0,0.0
2011-09-27 00:00:00+09:00,1751.0239185830005,1781.438726101812,1742.333973577626,1768.40380859375,64400,0.0,0.0
2011-09-28 00:00:00+09:00,1777.1153026660838,1868.5844726562498,1777.1153026660838,1868.58447265625,84600,5.0,0.0
2011-09-29 00:00:00+09:00,1846.8057700635104,1890.362509923499,1829.383074119515,1886.0068359375,104000,0.0,0.0
2011-09-30 00:00:00+09:00,1903.4297259605094,1916.496749250856,1872.9400049497003,1907.785400390625,133200,0.0,0.0
2011-10-03 00:00:00+09:00,1859.8729440789473,1864.2286184210525,1772.759457236842,1820.671875,71800,0.0,0.0
2011-10-04 00:00:00+09:00,1764.0482177734375,1777.1152416087964,1729.2028208791473,1764.0482177734375,112000,0.0,0.0
2011-10-05 00:00:00+09:00,1764.0481613856282,1764.0481613856282,1694.3573698247146,1716.1357421875,132000,0.0,0.0
2011-10-06 00:00:00+09:00,1729.202828022971,1790.182272839902,1729.202828022971,1750.981201171875,81000,0.0,0.0
2011-10-07 00:00:00+09:00,1759.6923768139588,1811.9604672143735,1742.2696800138206,1772.7593994140625,127200,0.0,0.0
2011-10-11 00:00:00+09:00,1829.3831666758363,1877.2955829459177,1816.316144056723,1855.5172119140625,142800,0.0,0.0
2011-10-12 00:00:00+09:00,1838.0944334850012,1968.7646538749302,1825.0274114460085,1955.6976318359375,206600,0.0,0.0
2011-10-13 00:00:00+09:00,1960.053650178521,1981.8320240693934,1907.785552840427,1925.208251953125,148000,0.0,0.0
2011-10-14 00:00:00+09:00,1890.3629315813012,1907.7856314115436,1859.873206878377,1864.2288818359375,99800,0.0,0.0
2011-10-17 00:00:00+09:00,1920.8525316393052,1938.2752303389814,1916.496856964386,1933.9195556640625,81600,0.0,0.0
2011-10-18 00:00:00+09:00,1903.43017578125,1920.8528776190647,1894.7188248623427,1903.43017578125,72200,0.0,0.0
2011-10-19 00:00:00+09:00,1938.2750366489001,1942.6307108885605,1886.0069457729746,1912.1409912109375,58200,0.0,0.0
2011-10-20 00:00:00+09:00,1890.3627689549182,1890.3627689549182,1851.1616977093092,1859.873046875,57200,0.0,0.0
2011-10-21 00:00:00+09:00,1838.0945271809896,1859.8728983561198,1825.0275044759117,1829.3831787109375,69400,0.0,0.0
2011-10-24 00:00:00+09:00,1829.3834741154292,1886.00724831424,1829.3834741154292,1877.2958984375,77800,0.0,0.0
2011-10-25 00:00:00+09:00,1903.4297927034545,1903.4297927034545,1838.094673960773,1859.873046875,93000,0.0,0.0
2011-10-26 00:00:00+09:00,1825.0274924694652,1881.6512571522887,1798.893447231239,1855.5172119140625,130800,0.0,0.0
2011-10-27 00:00:00+09:00,1842.4499343345906,1916.4963855962644,1829.382913523707,1894.718017578125,199600,0.0,0.0
2011-10-28 00:00:00+09:00,1946.9867848950762,1960.0538102970565,1864.2289573492005,1872.9403076171875,300400,0.0,0.0
2011-10-31 00:00:00+09:00,1851.1617212251585,1912.1411661596344,1842.4503719488048,1890.36279296875,270800,0.0,0.0
2011-11-01 00:00:00+09:00,1859.8733565665088,1877.296057798982,1811.9609281772075,1825.0279541015625,124600,0.0,0.0
2011-11-02 00:00:00+09:00,1790.1823349371189,1803.2493592797255,1764.0482862519054,1785.82666015625,149600,0.0,0.0
2011-11-04 00:00:00+09:00,1807.6050410710327,1851.161789048648,1803.249366273271,1842.450439453125,79200,0.0,0.0
2011-11-07 00:00:00+09:00,1833.739074854816,1842.450424379067,1785.826652471436,1798.8936767578125,81000,0.0,0.0
2011-11-08 00:00:00+09:00,1803.2493592797255,1833.7390827458078,1777.115310594512,1785.82666015625,101000,0.0,0.0
2011-11-09 00:00:00+09:00,1794.5378353256776,1825.027555828784,1777.1151378953314,1807.6048583984375,104800,0.0,0.0
2011-11-10 00:00:00+09:00,1737.9140625,1746.6254111842104,1716.1356907894735,1737.9140625,126600,0.0,0.0
2011-11-11 00:00:00+09:00,1737.9140625,1746.6254111842104,1707.4243421052631,1737.9140625,55800,0.0,0.0
2011-11-14 00:00:00+09:00,1759.6922120931388,1798.8932762239265,1759.6922120931388,1781.4705810546875,60200,0.0,0.0
2011-11-15 00:00:00+09:00,1777.1151378953314,1816.3162071136107,1777.1151378953314,1807.6048583984375,155200,0.0,0.0
2011-11-16 00:00:00+09:00,1807.6049421374926,1816.3162912562275,1790.1822439000227,1803.249267578125,108400,0.0,0.0
2011-11-17 00:00:00+09:00,1816.3159713931655,1816.3159713931655,1768.4035596777583,1781.4705810546875,131000,0.0,0.0
2011-11-18 00:00:00+09:00,1781.4705810546875,1790.181928639307,1755.336538300829,1781.4705810546875,110800,0.0,0.0
2011-11-21 00:00:00+09:00,1746.6254310021034,1755.3367797851563,1694.357338303786,1698.7130126953125,151600,0.0,0.0
2011-11-22 00:00:00+09:00,1681.2903464070432,1729.2027656051714,1668.2233229893718,1716.1357421875,111000,0.0,0.0
2011-11-24 00:00:00+09:00,1690.0017618921345,1694.3574365361862,1655.1563647397193,1668.223388671875,81000,0.0,0.0
2011-11-25 00:00:00+09:00,1672.5790178571428,1707.4244140624999,1672.5790178571428,1676.9346923828125,89400,0.0,0.0
2011-11-28 00:00:00+09:00,1707.4243932423858,1737.9141145502856,1707.4243932423858,1716.1357421875,70400,0.0,0.0
2011-11-29 00:00:00+09:00,1750.9811728657155,1816.3162912562275,1750.9811728657155,1803.249267578125,167800,0.0,0.0
2011-11-30 00:00:00+09:00,1798.8933442113498,1820.6717139959908,1777.1149744267088,1816.3160400390625,81800,0.0,0.0
2011-12-01 00:00:00+09:00,1864.2287748074646,1872.9401242224526,1838.0947265625,1838.0947265625,83200,0.0,0.0
2011-12-02 00:00:00+09:00,1855.517307229238,1916.496749250856,1855.517307229238,1907.785400390625,135800,0.0,0.0
2011-12-05 00:00:00+09:00,1886.0074739434353,1920.8528776190647,1877.296123024528,1903.43017578125,90000,0.0,0.0
2011-12-06 00:00:00+09:00,1907.785302390515,1907.785302390515,1855.5172119140625,1855.5172119140625,116000,0.0,0.0
2011-12-07 00:00:00+09:00,1890.362816220238,1929.5638884460034,1868.5844427614797,1920.8525390625,158000,0.0,0.0
2011-12-08 00:00:00+09:00,1916.496553839492,1916.496553839492,1877.2954879655024,1886.0068359375,101200,0.0,0.0
2011-12-09 00:00:00+09:00,1842.4504012699942,1864.2287748074646,1829.383377147512,1838.0947265625,131800,0.0,0.0
2011-12-12 00:00:00+09:00,1894.7185981909802,1912.1412979444603,1872.9402234991298,1877.2958984375,94800,0.0,0.0
2011-12-13 00:00:00+09:00,1864.2289573492005,1894.7186832871546,1846.8062568132266,1872.9403076171875,95600,0.0,0.0
2011-12-14 00:00:00+09:00,1872.9400706235365,1877.2957452063818,1838.094673960773,1859.873046875,96800,0.0,0.0
2011-12-15 00:00:00+09:00,1833.738878137925,1833.738878137925,1764.0480894200941,1777.1151123046875,139200,0.0,0.0
2011-12-16 00:00:00+09:00,1798.8934446142698,1811.9604672143735,1755.3367026139242,1772.7593994140625,97200,0.0,0.0
2011-12-19 00:00:00+09:00,1777.1152876861042,1777.1152876861042,1724.8471909894542,1755.3369140625,79000,0.0,0.0
2011-12-20 00:00:00+09:00,1759.6925431616512,1772.75956699701,1750.9811939380788,1764.0482177734375,65000,0.0,0.0
2011-12-21 00:00:00+09:00,1798.8935930187577,1807.6049421374926,1777.1152202219203,1803.249267578125,69200,0.0,0.0
2011-12-22 00:00:00+09:00,1777.115350573576,1781.4710254524327,1716.1359022695808,1720.4915771484375,106400,0.0,0.0
2011-12-26 00:00:00+09:00,1742.269775390625,1755.3367987060549,1729.2027520751953,1742.269775390625,66200,0.0,0.0
2011-12-27 00:00:00+09:00,1742.2697821552267,1750.9811310660027,1724.8470843336743,1729.2027587890625,65800,0.0,0.0
2011-12-28 00:00:00+09:00,1707.4244456940874,1716.1357949068124,1685.6460726622752,1694.357421875,107200,0.0,0.0
2011-12-29 00:00:00+09:00,1694.3575652151399,1733.5586399887547,1672.5791903409092,1724.8472900390625,66600,0.0,0.0
2011-12-30 00:00:00+09:00,1737.9140436509076,1785.8264608944164,1720.4913464714498,1777.1151123046875,87600,0.0,0.0
2012-01-04 00:00:00+09:00,1794.5382361778845,1829.3836388221152,1790.1825608473557,1811.9609375,86400,0.0,0.0
2012-01-05 00:00:00+09:00,1807.6049421374926,1816.3162912562275,1798.8935930187577,1803.249267578125,56600,0.0,0.0
2012-01-06 00:00:00+09:00,1798.894005636567,1820.6723834287773,1777.1156278443568,1794.538330078125,80600,0.0,0.0
2012-01-10 00:00:00+09:00,1803.2493283126153,1811.9606777247536,1764.0482559579932,1768.4039306640625,41200,0.0,0.0
2012-01-11 00:00:00+09:00,1772.7596281850597,1803.2493515199378,1768.4039534229341,1798.8936767578125,34000,0.0,0.0
2012-01-12 00:00:00+09:00,1785.8265590905548,1790.1822336249222,1746.62548828125,1746.62548828125,61600,0.0,0.0
2012-01-13 00:00:00+09:00,1755.3372500521466,1803.249681195009,1755.3372500521466,1794.538330078125,105000,0.0,0.0
2012-01-16 00:00:00+09:00,1777.1152800762006,1777.1152800762006,1746.6255571337167,1768.4039306640625,105400,0.0,0.0
2012-01-17 00:00:00+09:00,1772.7596281850597,1803.2493515199378,1768.4039534229341,1798.8936767578125,54200,0.0,0.0
2012-01-18 00:00:00+09:00,1790.1820988184968,1868.5842345331755,1785.8264246121257,1855.5172119140625,119400,0.0,0.0
2012-01-19 00:00:00+09:00,1864.2288736223898,1894.7185981909802,1851.1618488072795,1877.2958984375,168600,0.0,0.0
2012-01-20 00:00:00+09:00,1903.429832939629,1938.2752303389814,1899.07415826471,1933.9195556640625,165600,0.0,0.0
2012-01-23 00:00:00+09:00,1920.8521244066178,1960.0531881700183,1903.429429400662,1942.6304931640625,72200,0.0,0.0
2012-01-24 00:00:00+09:00,1946.986470261665,1955.6978191218964,1899.0740515303937,1907.785400390625,74600,0.0,0.0
2012-01-25 00:00:00+09:00,1925.2083196789358,1955.698044198738,1916.4969698161353,1946.9866943359375,96200,0.0,0.0
2012-01-26 00:00:00+09:00,1946.9865796888196,1977.476302413253,1933.9195556640625,1933.9195556640625,76600,0.0,0.0
2012-01-27 00:00:00+09:00,1942.631019404537,1968.765068992939,1938.2753444731368,1946.9866943359375,63400,0.0,0.0
2012-01-30 00:00:00+09:00,1955.6979365965137,1955.6979365965137,1920.8525390625,1920.8525390625,40400,0.0,0.0
2012-01-31 00:00:00+09:00,1903.429956453983,1920.8526562842255,1859.873206878377,1864.2288818359375,136800,0.0,0.0
2012-02-01 00:00:00+09:00,1846.8058776160308,1912.1409912109375,1833.7388548970494,1912.1409912109375,258200,0.0,0.0
2012-02-02 00:00:00+09:00,1881.6509967672414,1907.7850383890086,1881.6509967672414,1894.718017578125,193200,0.0,0.0
2012-02-03 00:00:00+09:00,1877.296123024528,1912.1415267001573,1868.5847721056207,1903.43017578125,109800,0.0,0.0
2012-02-06 00:00:00+09:00,1907.7855905227145,1938.2753145721642,1886.007216201679,1929.56396484375,141200,0.0,0.0
2012-02-07 00:00:00+09:00,1929.5637462022569,1981.8318386501737,1929.5637462022569,1960.053466796875,105800,0.0,0.0
2012-02-08 00:00:00+09:00,1981.8318954103681,2012.3216168782199,1977.4762209149605,2007.9659423828125,141200,0.0,0.0
2012-02-09 00:00:00+09:00,2007.966203693767,2016.6775538182521,1977.47647825807,1981.8321533203125,114800,0.0,0.0
2012-02-10 00:00:00+09:00,1981.8320240693934,1981.8320240693934,1907.785552840427,1925.208251953125,131800,0.0,0.0
2012-02-13 00:00:00+09:00,1912.1412948847349,1946.9866943359375,1912.1412948847349,1946.9866943359375,78200,0.0,0.0
2012-02-14 00:00:00+09:00,1951.3419578229398,1964.4089798619327,1920.8522397319564,1955.6976318359375,76800,0.0,0.0
2012-02-15 00:00:00+09:00,1960.0535296977348,1994.89892578125,1946.9865061664166,1994.89892578125,109400,0.0,0.0
2012-02-16 00:00:00+09:00,1942.6307108885605,1977.4761048058442,1907.785316971277,1912.1409912109375,320800,0.0,0.0
2012-02-17 00:00:00+09:00,1946.9861008216596,1946.9861008216596,1877.2953231636136,1894.718017578125,282400,0.0,0.0
2012-02-20 00:00:00+09:00,1912.141275657798,1920.8526254330043,1833.7391276809406,1846.80615234375,444200,0.0,0.0
2012-02-21 00:00:00+09:00,1842.4505816792332,1881.6516578851742,1838.0949065452398,1872.9403076171875,262000,0.0,0.0
2012-02-22 00:00:00+09:00,1890.362898947976,1920.8526231245562,1877.29587430087,1916.4969482421875,340800,0.0,0.0
2012-02-23 00:00:00+09:00,1916.4969402511288,1942.6309894363715,1903.4299156585075,1929.56396484375,200600,0.0,0.0
2012-02-24 00:00:00+09:00,1920.8525771749505,1946.9866258439974,1890.362853727729,1925.208251953125,311800,0.0,0.0
2012-02-27 00:00:00+09:00,1925.2085530785182,1933.9199039974255,1899.0745003217962,1903.43017578125,373200,0.0,0.0
2012-02-28 00:00:00+09:00,1881.65150417138,1929.5639267312995,1872.9401546150311,1925.208251953125,243600,0.0,0.0
2012-02-29 00:00:00+09:00,1933.9198371039495,1946.9868630303276,1881.6517333984375,1881.6517333984375,213400,0.0,0.0
2012-03-01 00:00:00+09:00,1890.3629315813012,1907.7856314115436,1842.4505070481346,1864.2288818359375,173000,0.0,0.0
2012-03-02 00:00:00+09:00,1881.6509967672414,1903.4293647853808,1859.872628749102,1894.718017578125,251000,0.0,0.0
2012-03-05 00:00:00+09:00,1903.4295318814954,1912.140879853493,1877.2954879655024,1886.0068359375,131200,0.0,0.0
2012-03-06 00:00:00+09:00,1890.3629315813012,1899.0742814964224,1842.4505070481346,1864.2288818359375,193000,0.0,0.0
2012-03-07 00:00:00+09:00,1846.806330928096,1886.00740870723,1842.4506556193032,1881.6517333984375,149400,0.0,0.0
2012-03-08 00:00:00+09:00,1894.718377100278,1907.785400390625,1886.007028240047,1907.785400390625,138400,0.0,0.0
2012-03-09 00:00:00+09:00,1925.208289979543,1946.9866643005785,1907.7855905227145,1929.56396484375,245200,0.0,0.0
2012-03-12 00:00:00+09:00,1946.9861669155514,1960.0531881700183,1942.6304931640625,1942.6304931640625,148200,0.0,0.0
2012-03-13 00:00:00+09:00,1946.9861669155514,1977.4758831759739,1938.2748194125736,1942.6304931640625,191800,0.0,0.0
2012-03-14 00:00:00+09:00,1968.7648155381944,1981.8318386501737,1955.6977924262153,1960.053466796875,249600,0.0,0.0
2012-03-15 00:00:00+09:00,1964.4091411675347,1986.1875130208334,1951.3421180555556,1960.053466796875,126800,0.0,0.0
2012-03-16 00:00:00+09:00,1964.4096208113444,1973.1209716796875,1955.6982699430014,1973.1209716796875,87200,0.0,0.0
2012-03-19 00:00:00+09:00,1973.1207134858212,1973.1207134858212,1925.208289979543,1929.56396484375,270600,0.0,0.0
2012-03-21 00:00:00+09:00,1933.9191456610847,1968.764535672996,1929.5634719095956,1942.6304931640625,178000,0.0,0.0
2012-03-22 00:00:00+09:00,1946.9864954573384,1964.4091934032654,1925.2081230249298,1938.275146484375,119200,0.0,0.0
2012-03-23 00:00:00+09:00,1920.8525390625,1925.2082137542518,1907.785514987245,1920.8525390625,84400,0.0,0.0
2012-03-26 00:00:00+09:00,1929.5634719095956,1960.0531881700183,1925.2077981581067,1942.6304931640625,110200,0.0,0.0
2012-03-27 00:00:00+09:00,1964.4094818048748,2003.6105579384532,1960.0538066789215,1999.2548828125,160400,0.0,0.0
2012-03-28 00:00:00+09:00,1989.6553992392194,2002.7452373921092,1967.839002317737,1998.3819580078125,73800,4.0,0.0
2012-03-29 00:00:00+09:00,1985.2918554361254,1985.2918554361254,1946.0223462077186,1959.1121826171875,113200,0.0,0.0
2012-03-30 00:00:00+09:00,1950.385625010875,1967.8387402235003,1941.6590674045622,1959.1121826171875,69400,0.0,0.0
2012-04-02 00:00:00+09:00,1976.5657890864782,1985.2923488616946,1946.0228298732213,1954.7493896484375,125400,0.0,0.0
2012-04-03 00:00:00+09:00,1963.4761979094649,1985.2926001084588,1959.112917469666,1972.2027587890625,132400,0.0,0.0
2012-04-04 00:00:00+09:00,1959.1126584139738,1959.1126584139738,1911.1165799227629,1919.8431396484375,86200,0.0,0.0
2012-04-05 00:00:00+09:00,1884.9367658787703,1889.3000454294156,1858.7570885748985,1880.573486328125,170000,0.0,0.0
2012-04-06 00:00:00+09:00,1863.1201009114584,1889.2997744605655,1815.1240327380951,1832.5771484375,182000,0.0,0.0
2012-04-09 00:00:00+09:00,1810.761226913304,1823.851067107858,1797.67138671875,1797.67138671875,130600,0.0,0.0
2012-04-10 00:00:00+09:00,1797.670888863358,1823.8505620021447,1771.491215724571,1780.2177734375,165200,0.0,0.0
2012-04-11 00:00:00+09:00,1745.3117801750616,1784.5812952290005,1736.585221274186,1775.854736328125,159200,0.0,0.0
2012-04-12 00:00:00+09:00,1775.854396463298,1828.2137398479654,1758.4012820017422,1819.4871826171875,119800,0.0,0.0
2012-04-13 00:00:00+09:00,1845.6669587599326,1854.393516484566,1767.1279392382335,1784.5810546875,192600,0.0,0.0
2012-04-16 00:00:00+09:00,1767.1279392382335,1815.1240067237163,1767.1279392382335,1784.5810546875,115400,0.0,0.0
2012-04-17 00:00:00+09:00,1780.2178805914898,1780.2178805914898,1732.2218102814252,1749.6749267578125,196000,0.0,0.0
2012-04-18 00:00:00+09:00,1784.581546524196,1797.67138671875,1771.4917063296418,1797.67138671875,107000,0.0,0.0
2012-04-19 00:00:00+09:00,1775.8547327112267,1784.5812915943286,1754.0383355034721,1767.128173828125,70600,0.0,0.0
2012-04-20 00:00:00+09:00,1767.1280432341996,1771.4913223532963,1745.3116476387156,1749.6749267578125,68000,0.0,0.0
2012-04-23 00:00:00+09:00,1749.6750358155537,1758.4015945976762,1719.132080078125,1719.132080078125,150400,0.0,0.0
2012-04-24 00:00:00+09:00,1714.7688043767755,1736.5852013790245,1706.042245575876,1727.858642578125,144600,0.0,0.0
2012-04-25 00:00:00+09:00,1758.401614945023,1793.3078504774305,1749.6750560619212,1767.128173828125,206400,0.0,0.0
2012-04-26 00:00:00+09:00,1788.9447772184158,1797.671337107286,1623.1401393298797,1631.86669921875,470000,0.0,0.0
2012-04-27 00:00:00+09:00,1644.9561652727025,1688.5889548024825,1614.4132126018567,1623.1397705078125,500800,0.0,0.0
2012-05-01 00:00:00+09:00,1627.5033989271415,1627.5033989271415,1540.2378011294395,1566.41748046875,286000,0.0,0.0
2012-05-02 00:00:00+09:00,1579.5073321798575,1623.1401314113452,1579.5073321798575,1605.68701171875,254000,0.0,0.0
2012-05-07 00:00:00+09:00,1570.7806222098213,1570.7806222098213,1514.0579886300222,1527.1478271484375,182200,0.0,0.0
2012-05-08 00:00:00+09:00,1540.237431571853,1557.690546943772,1527.1475950429137,1548.9639892578125,174400,0.0,0.0
2012-05-09 00:00:00+09:00,1535.8744989067056,1535.8744989067056,1483.5151409894315,1496.60498046875,138400,0.0,0.0
2012-05-10 00:00:00+09:00,1492.241569925342,1531.5110849233774,1474.7884521484375,1474.7884521484375,247200,0.0,0.0
2012-05-11 00:00:00+09:00,1509.6948005445076,1509.6948005445076,1435.51904444839,1439.88232421875,172200,0.0,0.0
2012-05-14 00:00:00+09:00,1448.6088822663376,1461.698721563925,1422.4292036711627,1435.51904296875,136800,0.0,0.0
2012-05-15 00:00:00+09:00,1431.1557510708722,1431.1557510708722,1374.4331145955023,1400.61279296875,168000,0.0,0.0
2012-05-16 00:00:00+09:00,1404.9759385850696,1439.8821730840775,1361.3431454613096,1374.4329833984375,337000,0.0,0.0
2012-05-17 00:00:00+09:00,1374.4330039931222,1435.5189152817052,1352.6166071043424,1422.4290771484375,317800,0.0,0.0
2012-05-18 00:00:00+09:00,1387.523066623955,1387.523066623955,1356.9801060378932,1370.0699462890625,203000,0.0,0.0
2012-05-21 00:00:00+09:00,1387.5229552843555,1422.4291931531443,1352.6167174155667,1404.97607421875,312400,0.0,0.0
2012-05-22 00:00:00+09:00,1422.4289683146649,1457.335200665945,1418.0656892707548,1448.608642578125,250200,0.0,0.0
2012-05-23 00:00:00+09:00,1466.0620028409091,1470.425282611269,1422.4292051373106,1439.88232421875,327400,0.0,0.0
2012-05-24 00:00:00+09:00,1466.061898597874,1496.604854818663,1435.5189423770848,1487.8782958984375,460600,0.0,0.0
2012-05-25 00:00:00+09:00,1492.241679924962,1496.6049596908244,1413.7026441394378,1435.51904296875,244000,0.0,0.0
2012-05-28 00:00:00+09:00,1439.8821889210044,1448.6087476417376,1404.9759540380708,1409.3392333984375,162800,0.0,0.0
2012-05-29 00:00:00+09:00,1418.065933954148,1514.058089483352,1413.7026541573662,1466.06201171875,346200,0.0,0.0
2012-05-30 00:00:00+09:00,1487.878420815871,1509.6948199480685,1457.3354620307946,1496.60498046875,339200,0.0,0.0
2012-05-31 00:00:00+09:00,1479.1519969748385,1570.7808817431915,1479.1519969748385,1562.0543212890625,599400,0.0,0.0
2012-06-01 00:00:00+09:00,1540.237520823759,1544.6007999195772,1466.0617761948529,1483.514892578125,270600,0.0,0.0
2012-06-04 00:00:00+09:00,1422.4290558345735,1426.7923351469494,1370.0697040860616,1374.4329833984375,210000,0.0,0.0
2012-06-05 00:00:00+09:00,1391.8859976309318,1422.4289505570023,1378.7961606626159,1413.702392578125,214400,0.0,0.0
2012-06-06 00:00:00+09:00,1422.42921375093,1487.87841070266,1400.6128147670202,1466.06201171875,218400,0.0,0.0
2012-06-07 00:00:00+09:00,1474.7883213066054,1496.6047165922062,1439.8820888496443,1457.335205078125,134200,0.0,0.0
2012-06-08 00:00:00+09:00,1457.3354278564452,1457.3354278564452,1383.1596725463867,1396.24951171875,159000,0.0,0.0
2012-06-11 00:00:00+09:00,1431.155637781919,1461.6985934662891,1413.702520247993,1426.7923583984375,151200,0.0,0.0
2012-06-12 00:00:00+09:00,1404.976084607713,1448.6088822663376,1378.796406012538,1435.51904296875,113800,0.0,0.0
2012-06-13 00:00:00+09:00,1435.5189245863623,1452.9720422105127,1422.4290863682497,1444.2454833984375,150200,0.0,0.0
2012-06-14 00:00:00+09:00,1431.1557632028876,1444.2456025004751,1400.6128048418504,1435.51904296875,190400,0.0,0.0
2012-06-15 00:00:00+09:00,1470.4250194408276,1479.1515774197048,1391.8859976309318,1413.702392578125,255200,0.0,0.0
2012-06-18 00:00:00+09:00,1444.2455012973103,1496.604854818663,1444.2455012973103,1487.8782958984375,105000,0.0,0.0
2012-06-19 00:00:00+09:00,1457.335332581834,1496.604847531644,1452.9720531429664,1470.4251708984375,155600,0.0,0.0
2012-06-20 00:00:00+09:00,1479.151496753358,1492.2413330078125,1461.6983817474188,1492.2413330078125,80000,0.0,0.0
2012-06-21 00:00:00+09:00,1496.604729865579,1518.421125344669,1470.4250552906708,1483.514892578125,76000,0.0,0.0
2012-06-22 00:00:00+09:00,1461.6986156002258,1500.968130646202,1448.608777251567,1479.1517333984375,83400,0.0,0.0
2012-06-25 00:00:00+09:00,1496.604729865579,1496.604729865579,1483.514892578125,1483.514892578125,74200,0.0,0.0
2012-06-26 00:00:00+09:00,1466.0618841497749,1479.151722401112,1439.8822076471004,1452.9720458984375,139400,0.0,0.0
2012-06-27 00:00:00+09:00,1448.6088822663376,1448.6088822663376,1422.4292036711627,1435.51904296875,89800,0.0,0.0
2012-06-28 00:00:00+09:00,1448.6087754830805,1483.5150110368897,1439.8822165946283,1474.7884521484375,133000,0.0,0.0
2012-06-29 00:00:00+09:00,1461.698741857234,1514.058099774508,1452.972182204355,1496.60498046875,140200,0.0,0.0
2012-07-02 00:00:00+09:00,1522.7846594273872,1535.8744989067056,1496.60498046875,1496.60498046875,65000,0.0,0.0
2012-07-03 00:00:00+09:00,1492.2417020575945,1514.0581012104833,1492.2417020575945,1500.96826171875,104200,0.0,0.0
2012-07-04 00:00:00+09:00,1509.694709123884,1544.600945172991,1509.694709123884,1527.1478271484375,169000,0.0,0.0
2012-07-05 00:00:00+09:00,1544.6009521484375,1553.3275112001236,1531.5111135709085,1544.6009521484375,68600,0.0,0.0
2012-07-06 00:00:00+09:00,1496.6048671678566,1531.511103136786,1496.6048671678566,1518.4212646484375,88400,0.0,0.0
2012-07-09 00:00:00+09:00,1509.69493927766,1509.69493927766,1470.4254177357557,1481.3336181640625,63600,0.0,0.0
2012-07-10 00:00:00+09:00,1470.425159834663,1479.1517186467381,1435.5189245863623,1444.2454833984375,103200,0.0,0.0
2012-07-11 00:00:00+09:00,1444.2454870642127,1452.9720458984375,1431.1556488128754,1452.9720458984375,58400,0.0,0.0
2012-07-12 00:00:00+09:00,1439.8823227346124,1452.9721620322,1409.3393643735753,1435.51904296875,82600,0.0,0.0
2012-07-13 00:00:00+09:00,1426.7922385611187,1444.2453546291445,1426.7922385611187,1431.155517578125,88800,0.0,0.0
2012-07-17 00:00:00+09:00,1461.6985857228376,1461.6985857228376,1374.432998515504,1409.3392333984375,119400,0.0,0.0
2012-07-18 00:00:00+09:00,1387.5229537821263,1404.9760726976247,1370.0698348666276,1400.61279296875,89200,0.0,0.0
2012-07-19 00:00:00+09:00,1387.5227186414932,1422.4289505570023,1387.5227186414932,1413.702392578125,48400,0.0,0.0
2012-07-20 00:00:00+09:00,1400.6126492408014,1409.3392078030492,1330.8001807428175,1352.6165771484375,121200,0.0,0.0
2012-07-23 00:00:00+09:00,1308.9839462699085,1339.5269050162065,1291.5308269863099,1315.2264404296875,118400,0.0,0.0
2012-07-24 00:00:00+09:00,1274.0778800204037,1282.8044408424612,1239.1716367321735,1269.714599609375,188400,0.0,0.0
2012-07-25 00:00:00+09:00,1243.534661018127,1278.4408971168816,1204.2651454070283,1226.08154296875,261000,0.0,0.0
2012-07-26 00:00:00+09:00,1239.1713688982663,1260.9877662380247,1178.0854563469434,1195.53857421875,410400,0.0,0.0
2012-07-27 00:00:00+09:00,1269.7144861413328,1322.0738463945836,1269.7144861413328,1300.2574462890625,221800,0.0,0.0
2012-07-30 00:00:00+09:00,1287.1672288032428,1300.2570650283606,1243.5344413861837,1274.077392578125,122200,0.0,0.0
2012-07-31 00:00:00+09:00,1247.8981967268319,1274.0778791756466,1221.7185142780172,1265.351318359375,156400,0.0,0.0
2012-08-01 00:00:00+09:00,1247.8979387555803,1247.8979387555803,1204.2651436941965,1221.71826171875,142800,0.0,0.0
2012-08-02 00:00:00+09:00,1208.628462918491,1260.987818712794,1208.628462918491,1246.154052734375,114600,0.0,0.0
2012-08-03 00:00:00+09:00,1212.9918145819024,1221.7183743990386,1178.0855753133585,1191.1754150390625,76400,0.0,0.0
2012-08-06 00:00:00+09:00,1204.2652547647665,1212.9918145819024,1191.1754150390625,1191.1754150390625,93000,0.0,0.0
2012-08-07 00:00:00+09:00,1195.5386976207385,1217.355097212358,1178.0855779474432,1199.9019775390625,128600,0.0,0.0
2012-08-08 00:00:00+09:00,1221.7182335787522,1278.4408658520513,1221.7182335787522,1253.7398681640625,149600,0.0,0.0
2012-08-09 00:00:00+09:00,1256.6244021045918,1295.8939146703603,1256.6244021045918,1282.8040771484375,78800,0.0,0.0
2012-08-10 00:00:00+09:00,1260.9879200385292,1291.5308800394623,1252.2613600382624,1278.4410400390625,56400,0.0,0.0
2012-08-13 00:00:00+09:00,1269.7144600177678,1291.5308596744305,1265.3511800864353,1276.42822265625,66000,0.0,0.0
2012-08-14 00:00:00+09:00,1291.530635496386,1308.9837521922832,1265.3509604525404,1282.8040771484375,95000,0.0,0.0
2012-08-15 00:00:00+09:00,1291.5304998378028,1300.2570572691393,1234.8078765341156,1260.987548828125,84600,0.0,0.0
2012-08-16 00:00:00+09:00,1265.3509624933793,1291.5306375794491,1265.3509624933793,1287.1673583984375,98400,0.0,0.0
2012-08-17 00:00:00+09:00,1304.6203827300628,1343.889892578125,1300.257103858056,1343.889892578125,108400,0.0,0.0
2012-08-20 00:00:00+09:00,1370.069822658746,1396.249500798722,1348.2534242087659,1365.70654296875,192000,0.0,0.0
2012-08-21 00:00:00+09:00,1361.3431454613096,1378.7962627108136,1348.2533075241815,1374.4329833984375,124600,0.0,0.0
2012-08-22 00:00:00+09:00,1374.4333424287684,1374.4333424287684,1335.163818359375,1335.163818359375,95800,0.0,0.0
2012-08-23 00:00:00+09:00,1339.5267273752313,1352.616565102025,1317.7103311639084,1326.4368896484375,166600,0.0,0.0
2012-08-24 00:00:00+09:00,1313.34716796875,1326.4370068521594,1308.9838883409468,1313.34716796875,93200,0.0,0.0
2012-08-27 00:00:00+09:00,1326.437120040529,1330.8004000406622,1278.4410400390625,1278.4410400390625,106000,0.0,0.0
2012-08-28 00:00:00+09:00,1282.8043200391958,1291.5308800394623,1256.624640038396,1278.4410400390625,120800,0.0,0.0
2012-08-29 00:00:00+09:00,1208.6284232003347,1256.624497767857,1204.2651436941965,1221.71826171875,271800,0.0,0.0
2012-08-30 00:00:00+09:00,1208.6284053096065,1212.9916847511574,1134.4526548032406,1178.08544921875,400000,0.0,0.0
2012-08-31 00:00:00+09:00,1164.9954669658955,1164.9954669658955,1130.0892357459436,1134.4525146484375,122600,0.0,0.0
2012-09-03 00:00:00+09:00,1138.8157911852982,1151.905627865589,1121.362675611577,1130.0892333984375,79800,0.0,0.0
2012-09-04 00:00:00+09:00,1130.0896014801845,1147.5427227385655,1116.9997605363985,1138.816162109375,76600,0.0,0.0
2012-09-05 00:00:00+09:00,1130.0894703301858,1130.0894703301858,1099.5465116726132,1108.2730712890625,86600,0.0,0.0
2012-09-06 00:00:00+09:00,1090.8200633769134,1095.183343630421,1038.4607003348215,1069.003662109375,250600,0.0,0.0
2012-09-07 00:00:00+09:00,1103.909677431565,1125.72607421875,1095.1831187166908,1125.72607421875,163400,0.0,0.0
2012-09-10 00:00:00+09:00,1125.7259568434495,1151.9056302584136,1112.6361201359675,1134.4525146484375,83200,0.0,0.0
2012-09-11 00:00:00+09:00,1125.7261905219611,1125.7261905219611,1090.8199520561639,1108.2730712890625,101600,0.0,0.0
2012-09-12 00:00:00+09:00,1116.999403625954,1143.1790771484375,1116.999403625954,1143.1790771484375,75400,0.0,0.0
2012-09-13 00:00:00+09:00,1143.1790771484375,1160.632192830093,1130.0892403871958,1143.1790771484375,65600,0.0,0.0
2012-09-14 00:00:00+09:00,1164.9957381924717,1199.9019775390625,1160.6324582741477,1199.9019775390625,157600,0.0,0.0
2012-09-18 00:00:00+09:00,1204.2652547647665,1204.2652547647665,1169.3590154962226,1191.1754150390625,148200,0.0,0.0
2012-09-19 00:00:00+09:00,1191.1752911735982,1199.9018500832951,1160.63233498966,1186.81201171875,107200,0.0,0.0
2012-09-20 00:00:00+09:00,1191.1751403808594,1191.1751403808594,1116.9993990384617,1134.4525146484375,181600,0.0,0.0
2012-09-21 00:00:00+09:00,1130.0892403871958,1156.268913909679,1116.999403625954,1143.1790771484375,86800,0.0,0.0
2012-09-24 00:00:00+09:00,1134.4527501384105,1134.4527501384105,1103.9097914808378,1108.2730712890625,96200,0.0,0.0
2012-09-25 00:00:00+09:00,1099.5462765229815,1121.3626708984375,1082.0931610226169,1121.3626708984375,62200,0.0,0.0
2012-09-26 00:00:00+09:00,1101.2603395013696,1110.0005009259835,1088.1500973644484,1096.8902587890625,59600,2.0,0.0
2012-09-27 00:00:00+09:00,1092.520240845719,1096.8903218091018,1066.2997550654218,1075.0399169921875,127800,0.0,0.0
2012-09-28 00:00:00+09:00,1079.410099250226,1083.7801806237087,1053.1896110093298,1057.5596923828125,76800,0.0,0.0
2012-10-01 00:00:00+09:00,1026.9687840845677,1026.9687840845677,983.2679847618202,1009.4884643554688,214600,0.0,0.0
2012-10-02 00:00:00+09:00,1013.8587939232183,1035.709198964667,965.7879028320312,965.7879028320312,199200,0.0,0.0
2012-10-03 00:00:00+09:00,970.1581115722656,1005.1187642415365,943.9376220703125,943.9376220703125,238800,0.0,0.0
2012-10-04 00:00:00+09:00,948.3074116386106,992.0082140182701,948.3074116386106,974.5278930664062,136000,0.0,0.0
2012-10-05 00:00:00+09:00,974.5279663085937,983.2681274414062,948.3074829101562,983.2681274414062,112800,0.0,0.0
2012-10-09 00:00:00+09:00,983.2682315772179,983.2682315772179,922.0870971679688,922.0870971679688,212800,0.0,0.0
2012-10-10 00:00:00+09:00,904.6066653829225,948.307470473885,900.2365848738262,930.8271484375,134000,0.0,0.0
2012-10-11 00:00:00+09:00,922.0870241594087,930.8271855258486,904.6067014265288,913.3468627929688,119000,0.0,0.0
2012-10-12 00:00:00+09:00,926.4571737574236,974.5280648486107,926.4571737574236,965.7879028320312,187400,0.0,0.0
2012-10-15 00:00:00+09:00,965.7880797259576,1005.1188160043903,957.0479161085282,987.6384887695312,188000,0.0,0.0
2012-10-16 00:00:00+09:00,1000.7484497070312,1005.1185302734375,974.5279663085937,983.2681274414062,122600,0.0,0.0
2012-10-17 00:00:00+09:00,1000.7483044909192,1009.4884643554688,987.638064694095,1009.4884643554688,159400,0.0,0.0
2012-10-18 00:00:00+09:00,1018.2289681270205,1022.599049535291,1009.4888053104795,1013.85888671875,134200,0.0,0.0
2012-10-19 00:00:00+09:00,1013.8588441714212,1070.66990009482,1009.4887629465444,1053.1895751953125,266000,0.0,0.0
2012-10-22 00:00:00+09:00,1026.9690878460517,1066.299818869943,1022.5990066211749,1053.1895751953125,148200,0.0,0.0
2012-10-23 00:00:00+09:00,1066.299645945859,1066.299645945859,1031.3390018164866,1061.9295654296875,133600,0.0,0.0
2012-10-24 00:00:00+09:00,1048.8194939704358,1079.4100625445735,1044.449412745559,1053.1895751953125,170400,0.0,0.0
2012-10-25 00:00:00+09:00,1061.929541898061,1092.520104833396,1053.1893810593938,1088.1500244140625,147000,0.0,0.0
2012-10-26 00:00:00+09:00,1092.5203062192038,1101.2604686689576,1053.1895751953125,1053.1895751953125,156200,0.0,0.0
2012-10-29 00:00:00+09:00,1044.4494415932513,1053.1896042844082,1018.2289535197806,1026.9691162109375,115200,0.0,0.0
2012-10-30 00:00:00+09:00,1013.8588366386218,1040.0793237930689,1013.8588366386218,1022.5989990234375,95000,0.0,0.0
2012-10-31 00:00:00+09:00,1005.118577460281,1044.449304404379,996.3784159171481,1040.0792236328125,190600,0.0,0.0
2012-11-01 00:00:00+09:00,1013.8586152080999,1018.2286954460658,948.3074116386106,974.5278930664062,316800,0.0,0.0
2012-11-02 00:00:00+09:00,983.2684069608166,992.008570578246,961.4179979172428,987.6384887695312,145800,0.0,0.0
2012-11-05 00:00:00+09:00,974.5281011907904,974.5281011907904,961.417857677013,970.1580200195312,66400,0.0,0.0
2012-11-06 00:00:00+09:00,970.157960671983,970.157960671983,948.3075561523438,948.3075561523438,145400,0.0,0.0
2012-11-07 00:00:00+09:00,957.0477408154518,983.2682268651902,957.0477408154518,965.7879028320312,140800,0.0,0.0
2012-11-08 00:00:00+09:00,952.6777852376302,961.4179484049479,930.8273773193359,943.9376220703125,133400,0.0,0.0
2012-11-09 00:00:00+09:00,935.1972289465963,935.1972289465963,913.346826401115,930.8271484375,102600,0.0,0.0
2012-11-12 00:00:00+09:00,926.4573164719802,935.1974798349235,904.6069080646222,908.9769897460938,69800,0.0,0.0
2012-11-13 00:00:00+09:00,926.4571627960902,957.0477294921875,926.4571627960902,957.0477294921875,141600,0.0,0.0
2012-11-14 00:00:00+09:00,961.4176523525084,987.6381337803042,961.4176523525084,974.5278930664062,214200,0.0,0.0
2012-11-15 00:00:00+09:00,987.6383568221603,1057.5596564201894,987.6383568221603,1053.1895751953125,257200,0.0,0.0
2012-11-16 00:00:00+09:00,1066.2997512817383,1140.5911273956299,1066.2997512817383,1118.74072265625,573400,0.0,0.0
2012-11-19 00:00:00+09:00,1127.480884552002,1144.9612083435059,1096.8903179168701,1118.74072265625,293400,0.0,0.0
2012-11-20 00:00:00+09:00,1136.2211033555327,1136.2211033555327,1057.5596423539957,1066.2998046875,260800,0.0,0.0
2012-11-21 00:00:00+09:00,1079.410099250226,1088.1502619971914,1040.0793668888819,1057.5596923828125,219400,0.0,0.0
2012-11-22 00:00:00+09:00,1070.6697745152203,1105.6304202136764,1070.6697745152203,1096.8902587890625,263600,0.0,0.0
2012-11-26 00:00:00+09:00,1123.110803604126,1144.9612083435059,1114.370641708374,1118.74072265625,177600,0.0,0.0
2012-11-27 00:00:00+09:00,1118.740625,1118.740625,1083.77998046875,1092.5201416015625,270600,0.0,0.0
2012-11-28 00:00:00+09:00,1079.4100398453982,1083.7801209783756,1031.3391473826478,1035.709228515625,201800,0.0,0.0
2012-11-29 00:00:00+09:00,1061.9297737562952,1070.6699365032607,1035.7092855153992,1057.5596923828125,211200,0.0,0.0
2012-11-30 00:00:00+09:00,1070.66990009482,1075.0399813196966,1044.449412745559,1053.1895751953125,183600,0.0,0.0
2012-12-03 00:00:00+09:00,1066.2996702618927,1096.8902345726847,1057.559509030238,1079.409912109375,194600,0.0,0.0
2012-12-04 00:00:00+09:00,1070.6698360288046,1083.7800789189532,1061.929674102039,1075.0399169921875,281600,0.0,0.0
2012-12-05 00:00:00+09:00,1070.6697745152203,1114.3705816382906,1070.6697745152203,1096.8902587890625,217800,0.0,0.0
2012-12-06 00:00:00+09:00,1118.7406734496126,1136.2209964722626,1114.37059269395,1127.4808349609375,145800,0.0,0.0
2012-12-07 00:00:00+09:00,1153.7014022998596,1171.1817265771301,1136.221078022589,1166.8116455078125,181000,0.0,0.0
2012-12-10 00:00:00+09:00,1153.7011077763032,1158.0711877300012,1127.4806280541143,1131.8507080078125,133800,0.0,0.0
2012-12-11 00:00:00+09:00,1136.2211410871898,1153.7014663346852,1136.2211410871898,1144.9613037109375,79000,0.0,0.0
2012-12-12 00:00:00+09:00,1153.7014022998596,1179.9218887157656,1153.7014022998596,1166.8116455078125,107200,0.0,0.0
2012-12-13 00:00:00+09:00,1179.9218256333295,1210.5123914830826,1179.9218256333295,1188.6619873046875,124800,0.0,0.0
2012-12-14 00:00:00+09:00,1171.181854470803,1206.1425068430658,1166.8117729242701,1197.40234375,166000,0.0,0.0
2012-12-17 00:00:00+09:00,1232.3626827116937,1254.2130848874328,1214.8823609711021,1219.25244140625,177400,0.0,0.0
2012-12-18 00:00:00+09:00,1219.2526219327685,1262.9534327547315,1210.5124597683757,1241.10302734375,191200,0.0,0.0
2012-12-19 00:00:00+09:00,1267.3236839268918,1306.6544189453125,1254.2134389207515,1306.6544189453125,161200,0.0,0.0
2012-12-20 00:00:00+09:00,1289.174092270459,1328.5048272888796,1276.0638472643186,1306.6544189453125,216000,0.0,0.0
2012-12-21 00:00:00+09:00,1337.2449109307652,1345.9850737473062,1249.8432827653555,1267.3236083984375,298000,0.0,0.0
2012-12-25 00:00:00+09:00,1302.28395895762,1324.1343609535531,1271.6933961633133,1276.0634765625,154400,0.0,0.0
2012-12-26 00:00:00+09:00,1289.174092270459,1311.024500614026,1280.433928933032,1306.6544189453125,88000,0.0,0.0
2012-12-27 00:00:00+09:00,1311.0244700947746,1363.4654488985657,1306.654388527792,1332.8748779296875,203200,0.0,0.0
2012-12-28 00:00:00+09:00,1341.614990234375,1341.614990234375,1311.0244204244707,1341.614990234375,115000,0.0,0.0
2013-01-04 00:00:00+09:00,1376.575390547984,1389.6856323627267,1367.8352293381556,1385.3155517578125,133000,0.0,0.0
2013-01-07 00:00:00+09:00,1398.4259815705127,1398.4259815705127,1354.7251696464343,1363.46533203125,150800,0.0,0.0
2013-01-08 00:00:00+09:00,1359.0950819781037,1359.0950819781037,1276.0635496386053,1284.8037109375,260200,0.0,0.0
2013-01-09 00:00:00+09:00,1258.583480992268,1293.5441332420532,1232.3629918049292,1271.6937255859375,424800,0.0,0.0
2013-01-10 00:00:00+09:00,1276.0636312654703,1341.6148452003404,1262.9533884784962,1324.134521484375,475000,0.0,0.0
2013-01-11 00:00:00+09:00,1345.98507163579,1363.4653972414496,1311.0244204244707,1341.614990234375,177200,0.0,0.0
2013-01-15 00:00:00+09:00,1359.0951689163057,1363.465249845297,1311.024278697401,1324.134521484375,136400,0.0,0.0
2013-01-16 00:00:00+09:00,1328.5047481142242,1328.5047481142242,1258.5834455818965,1267.3236083984375,212600,0.0,0.0
2013-01-17 00:00:00+09:00,1280.4338886483838,1293.5441332420532,1227.992910273706,1271.6937255859375,312200,0.0,0.0
2013-01-18 00:00:00+09:00,1311.024206421304,1328.504529173588,1293.5438836690198,1315.394287109375,185600,0.0,0.0
2013-01-21 00:00:00+09:00,1328.5049345509108,1345.9852626371069,1293.5442783785184,1319.7647705078125,226600,0.0,0.0
2013-01-22 00:00:00+09:00,1319.7647516647442,1332.8749975422083,1293.5442599098153,1302.284423828125,153800,0.0,0.0
2013-01-23 00:00:00+09:00,1284.8038146972656,1284.8038146972656,1219.252599661691,1223.6226806640625,301200,0.0,0.0
2013-01-24 00:00:00+09:00,1223.6225705030488,1258.5832153745646,1210.5123286762305,1254.213134765625,281800,0.0,0.0
2013-01-25 00:00:00+09:00,1271.6934066280241,1276.063487063172,1206.1422001008063,1219.25244140625,364600,0.0,0.0
2013-01-28 00:00:00+09:00,1227.9928778903388,1232.3629593063188,1193.0322265625,1193.0322265625,241600,0.0,0.0
2013-01-29 00:00:00+09:00,1193.0320302074067,1232.3627564779806,1179.9217881172153,1227.99267578125,427400,0.0,0.0
2013-01-30 00:00:00+09:00,1236.7327644321745,1262.9532470703125,1232.3626839924848,1262.9532470703125,179000,0.0,0.0
2013-01-31 00:00:00+09:00,1262.9536328624947,1302.284368833991,1214.8827333417769,1280.4339599609375,391400,0.0,0.0
2013-02-01 00:00:00+09:00,1280.4337251790364,1337.244777832031,1271.6935632324219,1311.0242919921875,411600,0.0,0.0
2013-02-04 00:00:00+09:00,1306.654388527792,1363.4654488985657,1297.9142253938269,1332.8748779296875,347400,0.0,0.0
2013-02-05 00:00:00+09:00,1324.1345877511162,1398.4259672619048,1319.7645066034227,1376.5755615234375,577400,0.0,0.0
2013-02-06 00:00:00+09:00,1402.7958731087897,1529.528210554755,1394.0557119056198,1516.41796875,850200,0.0,0.0
2013-02-07 00:00:00+09:00,1520.7881176956303,1616.929895251101,1507.6778753017022,1612.559814453125,817000,0.0,0.0
2013-02-08 00:00:00+09:00,1586.3394470214844,1603.8197715065696,1525.1583113236861,1538.2685546875,332200,0.0,0.0
2013-02-12 00:00:00+09:00,1547.008789786953,1555.7489524411164,1463.9772445723988,1472.7174072265625,388200,0.0,0.0
2013-02-13 00:00:00+09:00,1463.9769404767508,1485.8273425734187,1424.6462167027487,1450.86669921875,236000,0.0,0.0
2013-02-14 00:00:00+09:00,1459.606957429965,1503.3077645386466,1433.386473164756,1477.0872802734375,303800,0.0,0.0
2013-02-15 00:00:00+09:00,1455.2368286132812,1490.1974731445312,1442.1265869140625,1485.827392578125,501800,0.0,0.0
2013-02-18 00:00:00+09:00,1533.89829115634,1538.2683717579253,1507.67780754683,1516.41796875,172600,0.0,0.0
2013-02-19 00:00:00+09:00,1520.7882080078125,1551.3787754102686,1512.0480458928253,1520.7882080078125,203200,0.0,0.0
2013-02-20 00:00:00+09:00,1529.5281735458816,1555.7486565209538,1498.937610074964,1512.0478515625,351400,0.0,0.0
2013-02-21 00:00:00+09:00,1507.6777954101562,1507.6777954101562,1468.3470703125,1485.827392578125,327000,0.0,0.0
2013-02-22 00:00:00+09:00,1472.717335077542,1490.197659529501,1415.9062806086754,1463.9771728515625,289000,0.0,0.0
2013-02-25 00:00:00+09:00,1529.5283071717865,1542.6385498046875,1520.7881454165192,1542.6385498046875,247200,0.0,0.0
2013-02-26 00:00:00+09:00,1485.82748584533,1568.8590218190398,1481.4574050046085,1555.748779296875,605200,0.0,0.0
2013-02-27 00:00:00+09:00,1555.7488339159368,1638.7803728047086,1516.4181049686238,1621.300048828125,627800,0.0,0.0
2013-02-28 00:00:00+09:00,1625.6701126098633,1695.591407775879,1625.6701126098633,1678.111083984375,561600,0.0,0.0
2013-03-01 00:00:00+09:00,1673.7408928054067,1713.0716187460037,1673.7408928054067,1708.7015380859375,306000,0.0,0.0
2013-03-04 00:00:00+09:00,1713.0716187460037,1726.1818607262028,1669.3708121453403,1708.7015380859375,265000,0.0,0.0
2013-03-05 00:00:00+09:00,1730.551904296875,1739.2920654296875,1651.8904541015625,1660.630615234375,349000,0.0,0.0
2013-03-06 00:00:00+09:00,1678.1110641891892,1695.5913877744933,1595.079527158995,1616.929931640625,392400,0.0,0.0
2013-03-07 00:00:00+09:00,1625.67026001991,1638.7805040523288,1577.599365234375,1577.599365234375,274600,0.0,0.0
2013-03-08 00:00:00+09:00,1573.2291578925203,1625.6701298222708,1573.2291578925203,1621.300048828125,388000,0.0,0.0
2013-03-11 00:00:00+09:00,1638.780517578125,1673.7411686197916,1625.6702734374999,1638.780517578125,169200,0.0,0.0
2013-03-12 00:00:00+09:00,1651.8908965646403,1656.260978301584,1581.9695887735445,1595.079833984375,238600,0.0,0.0
2013-03-13 00:00:00+09:00,1595.0796542697483,1608.1898980034723,1568.8591668023005,1573.229248046875,206000,0.0,0.0
2013-03-14 00:00:00+09:00,1581.9695887735445,1599.4499157213183,1564.4892618257704,1595.079833984375,133200,0.0,0.0
2013-03-15 00:00:00+09:00,1586.339527922654,1595.0796906109333,1547.0087958253982,1577.599365234375,301400,0.0,0.0
2013-03-18 00:00:00+09:00,1533.8985528280568,1538.2686341751453,1498.9379020513488,1503.3079833984375,344600,0.0,0.0
2013-03-19 00:00:00+09:00,1551.3789725167412,1560.1191357421876,1516.4183196149554,1529.528564453125,257800,0.0,0.0
2013-03-21 00:00:00+09:00,1542.6384767711672,1560.1187994541267,1525.1581540882078,1533.8983154296875,176000,0.0,0.0
2013-03-22 00:00:00+09:00,1507.6781463623047,1507.6781463623047,1468.347412109375,1468.347412109375,261600,0.0,0.0
2013-03-25 00:00:00+09:00,1472.7174072265625,1485.8276512078078,1468.3473258994807,1472.7174072265625,142600,0.0,0.0
2013-03-26 00:00:00+09:00,1481.45751953125,1485.8276007098082,1455.2370324599003,1481.45751953125,141600,0.0,0.0
2013-03-27 00:00:00+09:00,1498.9375853064464,1498.9375853064464,1468.3470223410088,1494.5675048828125,114600,0.0,0.0
2013-03-28 00:00:00+09:00,1472.7171755122567,1494.567578709768,1442.126611035741,1459.60693359375,183800,0.0,0.0
2013-03-29 00:00:00+09:00,1450.86669921875,1468.3470208960844,1424.6462167027487,1450.86669921875,195600,0.0,0.0
2013-04-01 00:00:00+09:00,1420.2761965971263,1424.6462772020407,1385.3155517578125,1385.3155517578125,137400,0.0,0.0
2013-04-02 00:00:00+09:00,1350.3548711462865,1389.6855955486055,1311.0241467439675,1380.9454345703125,181000,0.0,0.0
2013-04-03 00:00:00+09:00,1380.9454345703125,1389.6855955486055,1345.98479065714,1380.9454345703125,173400,0.0,0.0
2013-04-04 00:00:00+09:00,1354.7249989450713,1420.2762085714457,1337.2446763780383,1415.9061279296875,137000,0.0,0.0
2013-04-05 00:00:00+09:00,1485.827607035999,1503.307931824658,1437.7567138671875,1437.7567138671875,204800,0.0,0.0
2013-04-08 00:00:00+09:00,1459.6071699275526,1520.7883087867913,1459.6071699275526,1503.3079833984375,199200,0.0,0.0
2013-04-09 00:00:00+09:00,1516.418362719392,1599.4499157213183,1512.0482809824487,1595.079833984375,409800,0.0,0.0
2013-04-10 00:00:00+09:00,1599.449561356181,1647.520449812241,1555.7487536688536,1581.96923828125,246000,0.0,0.0
2013-04-11 00:00:00+09:00,1599.4497868202252,1616.930112359244,1555.748972972678,1564.4891357421875,165600,0.0,0.0
2013-04-12 00:00:00+09:00,1529.5282223803847,1577.5991093694827,1520.7880611096398,1547.008544921875,156600,0.0,0.0
2013-04-15 00:00:00+09:00,1512.048160855022,1516.4182422447764,1477.0875097369867,1490.19775390625,136800,0.0,0.0
2013-04-16 00:00:00+09:00,1455.2368529542478,1472.7171755122567,1433.3864497567365,1459.60693359375,200400,0.0,0.0
2013-04-17 00:00:00+09:00,1477.087256151759,1477.087256151759,1450.8667723147455,1459.60693359375,116800,0.0,0.0
2013-04-18 00:00:00+09:00,1446.4968682520137,1446.4968682520137,1407.1661376953125,1407.1661376953125,229200,0.0,0.0
2013-04-19 00:00:00+09:00,1407.1661015685845,1420.2763447509005,1402.7960205078125,1402.7960205078125,147800,0.0,0.0
2013-04-22 00:00:00+09:00,1437.756667915432,1529.5283701228,1433.3865868579383,1520.7882080078125,300600,0.0,0.0
2013-04-23 00:00:00+09:00,1503.307947453535,1512.04810993873,1490.1977037257425,1498.9378662109375,111000,0.0,0.0
2013-04-24 00:00:00+09:00,1520.7882938594607,1616.9300825517257,1520.7882938594607,1590.7095947265625,365600,0.0,0.0
2013-04-25 00:00:00+09:00,1590.7096092667937,1595.0796906109333,1560.119039857817,1577.599365234375,116600,0.0,0.0
2013-04-26 00:00:00+09:00,1603.8195807817003,1603.8195807817003,1512.047888148415,1516.41796875,238000,0.0,0.0
2013-04-30 00:00:00+09:00,1529.5284686511077,1831.064081042326,1494.5678179390823,1726.18212890625,907800,0.0,0.0
2013-05-01 00:00:00+09:00,1734.922143383561,1887.8749771831192,1721.811900486456,1870.3946533203125,772600,0.0,0.0
2013-05-02 00:00:00+09:00,1839.803978917739,1870.3945438878677,1800.4732525275735,1857.2843017578125,360000,0.0,0.0
2013-05-07 00:00:00+09:00,1905.3555308750697,1975.2768347603933,1905.3555308750697,1957.7965087890625,378600,0.0,0.0
2013-05-08 00:00:00+09:00,1962.1661025134756,2049.5677106432518,1953.425941700498,2001.496826171875,335000,0.0,0.0
2013-05-09 00:00:00+09:00,2032.0878484212594,2075.788662365803,1988.3870344767163,1997.127197265625,196400,0.0,0.0
2013-05-10 00:00:00+09:00,2032.0874400197722,2198.1504996342915,2032.0874400197722,2123.859130859375,333000,0.0,0.0
2013-05-13 00:00:00+09:00,2473.4656274699055,2473.4656274699055,2215.6308712495443,2246.221435546875,569800,0.0,0.0
2013-05-14 00:00:00+09:00,2289.922325211864,2648.268948622881,2281.182163665254,2578.34765625,1156000,0.0,0.0
2013-05-15 00:00:00+09:00,2569.6078792523736,2613.308693525373,2337.993563605476,2416.655029296875,668000,0.0,0.0
2013-05-16 00:00:00+09:00,2394.8046221603754,2451.6156807152747,2316.143156468976,2416.655029296875,240400,0.0,0.0
2013-05-17 00:00:00+09:00,2364.2144282287927,2455.986152799596,2346.7340997391157,2434.1357421875,229200,0.0,0.0
2013-05-20 00:00:00+09:00,2438.5054069068647,2486.5763020251006,2381.694349039859,2442.87548828125,232400,0.0,0.0
2013-05-21 00:00:00+09:00,2469.0961250171326,2595.828492495888,2451.6157984683387,2490.946533203125,292000,0.0,0.0
2013-05-22 00:00:00+09:00,2560.8671376581424,2604.5679420550387,2482.2056897437283,2525.906494140625,202600,0.0,0.0
2013-05-23 00:00:00+09:00,2530.276489713299,2595.827694110016,2316.142555350688,2342.363037109375,380200,0.0,0.0
2013-05-24 00:00:00+09:00,2316.1429752483823,2434.1351645534887,2259.3319211385165,2364.2138671875,330400,0.0,0.0
2013-05-27 00:00:00+09:00,2259.331614889936,2285.5520978480395,2128.2292000994175,2180.670166015625,340000,0.0,0.0
2013-05-28 00:00:00+09:00,2167.5603036556604,2386.0643665241746,2154.4500598835493,2316.14306640625,295200,0.0,0.0
2013-05-29 00:00:00+09:00,2333.623123523801,2377.3239310804265,2233.1112661435623,2254.961669921875,189200,0.0,0.0
2013-05-30 00:00:00+09:00,2189.4105626548208,2250.591696142181,2128.2294291674607,2150.079833984375,213000,0.0,0.0
2013-05-31 00:00:00+09:00,2145.70974347616,2202.5207957474227,2084.528610260954,2119.4892578125,195600,0.0,0.0
2013-06-03 00:00:00+09:00,2040.8276245117186,2045.197705078125,1966.5362548828125,1966.5362548828125,219200,0.0,0.0
2013-06-04 00:00:00+09:00,1962.166489851246,2080.1586841184703,1949.0562460437768,2049.568115234375,321200,0.0,0.0
2013-06-05 00:00:00+09:00,2040.827916854467,2110.7492159329927,2001.4971861227964,2045.197998046875,237800,0.0,0.0
2013-06-06 00:00:00+09:00,2053.9381965035313,2154.45006569413,2027.7177088885928,2049.568115234375,356600,0.0,0.0
2013-06-07 00:00:00+09:00,1944.6862349321138,2067.0485148828984,1839.8042806885842,1984.0169677734375,392000,0.0,0.0
2013-06-10 00:00:00+09:00,2040.8279463245021,2180.6705465009136,2040.8279463245021,2167.560302734375,230800,0.0,0.0
2013-06-11 00:00:00+09:00,2141.339970723771,2171.9305417341106,2045.1981761198467,2067.048583984375,228800,0.0,0.0
2013-06-12 00:00:00+09:00,2032.0877767925613,2193.7807826878834,1970.9066394267638,2136.9697265625,209200,0.0,0.0
2013-06-13 00:00:00+09:00,2067.048732462835,2067.048732462835,1970.9069309529352,1979.6470947265625,208600,0.0,0.0
2013-06-14 00:00:00+09:00,2084.5287501073144,2102.0090750558034,1975.2767191792582,1988.386962890625,327600,0.0,0.0
2013-06-17 00:00:00+09:00,1931.5759824555496,2049.5681804788524,1931.5759824555496,2027.7177734375,232400,0.0,0.0
2013-06-18 00:00:00+09:00,2014.607263448964,2080.158475925611,1997.1269401218578,2010.2371826171875,191400,0.0,0.0
2013-06-19 00:00:00+09:00,2049.567845908717,2119.4891370271384,2040.8276845189146,2075.788330078125,228400,0.0,0.0
2013-06-20 00:00:00+09:00,2075.7882066952284,2080.1582871303763,2018.9771610383066,2032.08740234375,241600,0.0,0.0
2013-06-21 00:00:00+09:00,1962.1658895913656,2049.5674882368608,1900.984770539519,2018.9769287109375,266000,0.0,0.0
2013-06-24 00:00:00+09:00,2053.9378045194894,2071.4181262600805,2001.496839297715,2032.08740234375,100600,0.0,0.0
2013-06-25 00:00:00+09:00,1988.3872229652068,1988.3872229652068,1896.6155049821973,1975.2769775390625,211600,0.0,0.0
2013-06-26 00:00:00+09:00,2010.2373519033756,2010.2373519033756,1831.0640227119877,1852.9144287109375,218600,0.0,0.0
2013-06-27 00:00:00+09:00,1909.725548017786,2115.1193712599734,1896.6153039810506,2053.938232421875,557200,0.0,0.0
2013-06-28 00:00:00+09:00,2036.457472541841,2110.7488395658997,2010.2369900627616,2088.8984375,210800,0.0,0.0
2013-07-01 00:00:00+09:00,2093.2687261489455,2106.3789686926757,2036.4576751261138,2084.528564453125,150000,0.0,0.0
2013-07-02 00:00:00+09:00,2154.4496367990155,2237.4811643835615,2119.4889936055224,2233.111083984375,202800,0.0,0.0
2013-07-03 00:00:00+09:00,2233.111784767136,2272.4425207023696,2185.04088529074,2259.332275390625,139600,0.0,0.0
2013-07-04 00:00:00+09:00,2215.630758934254,2228.74100011138,2097.638588340122,2145.70947265625,204000,0.0,0.0
2013-07-05 00:00:00+09:00,2163.189998851103,2259.331776577819,2163.189998851103,2228.7412109375,138200,0.0,0.0
2013-07-08 00:00:00+09:00,2250.59231721512,2250.59231721512,2163.190673828125,2163.190673828125,89400,0.0,0.0
2013-07-09 00:00:00+09:00,2202.5214133522727,2228.7419063683715,2150.080427320076,2163.190673828125,174600,0.0,0.0
2013-07-10 00:00:00+09:00,2176.300035402877,2211.260678541879,2132.5992314791242,2145.70947265625,128800,0.0,0.0
2013-07-11 00:00:00+09:00,2132.6000293166835,2163.190603507702,2110.7496191802425,2154.450439453125,99800,0.0,0.0
2013-07-12 00:00:00+09:00,2119.489016089109,2211.2607054455448,2115.1189356435643,2206.890625,201400,0.0,0.0
2013-07-16 00:00:00+09:00,2193.780356972378,2206.8905981495036,2132.5992314791242,2145.70947265625,223800,0.0,0.0
2013-07-17 00:00:00+09:00,2176.300086930997,2294.292260318822,2167.5599259393066,2268.07177734375,328200,0.0,0.0
2013-07-18 00:00:00+09:00,2246.22197733224,2399.1748357108945,2220.0014873244704,2372.954345703125,2438800,0.0,0.0
2013-07-19 00:00:00+09:00,2359.843908411856,2372.9541523474772,2241.8517129912634,2289.922607421875,302800,0.0,0.0
2013-07-22 00:00:00+09:00,2285.5521610720148,2303.032483527633,2237.4812743190664,2246.221435546875,101800,0.0,0.0
2013-07-23 00:00:00+09:00,2228.7412667410713,2303.032642299107,2228.7412667410713,2294.29248046875,170200,0.0,0.0
2013-07-24 00:00:00+09:00,2259.331388872386,2307.4022694866917,2220.0006683697716,2298.662109375,139800,0.0,0.0
2013-07-25 00:00:00+09:00,2307.4031748670213,2394.804810278651,2176.300721749577,2259.332275390625,904000,0.0,0.0
2013-07-26 00:00:00+09:00,2198.1507148034793,2198.1507148034793,2071.418367429124,2119.4892578125,572800,0.0,0.0
2013-07-29 00:00:00+09:00,2106.3788330078123,2106.3788330078123,1966.5362548828125,1966.5362548828125,347600,0.0,0.0
2013-07-30 00:00:00+09:00,1992.7571682541754,2115.1194505153967,1992.7571682541754,2093.26904296875,323000,0.0,0.0
2013-07-31 00:00:00+09:00,2053.9380013508767,2084.528567328443,2001.4970311036202,2040.8277587890625,276200,0.0,0.0
2013-08-01 00:00:00+09:00,2005.8666889141132,2049.5674882368608,2001.4966089818383,2018.9769287109375,215200,0.0,0.0
2013-08-02 00:00:00+09:00,2053.9382455368673,2123.8595475125903,2023.3476759224884,2115.119384765625,236200,0.0,0.0
2013-08-05 00:00:00+09:00,2071.418521580157,2080.1586841184703,2036.4578714269057,2049.568115234375,237600,0.0,0.0
2013-08-06 00:00:00+09:00,2032.0875970811865,2049.5679204969388,1984.0167076878681,2040.8277587890625,259200,0.0,0.0
2013-08-07 00:00:00+09:00,1992.7570441277471,2023.3476127876029,1970.9066379421358,1988.386962890625,208400,0.0,0.0
2013-08-08 00:00:00+09:00,1966.5365634875352,2001.4972135050914,1944.6861572265625,1944.6861572265625,224000,0.0,0.0
2013-08-09 00:00:00+09:00,1940.31606928228,2001.4972066019916,1927.2058255709132,1988.386962890625,194800,0.0,0.0
2013-08-12 00:00:00+09:00,1953.4263833210816,2032.0878484212594,1949.0563019266274,1997.127197265625,115800,0.0,0.0
2013-08-13 00:00:00+09:00,2023.3472313023012,2093.26851791318,2014.6070704759416,2088.8984375,174800,0.0,0.0
2013-08-14 00:00:00+09:00,2088.898825491118,2128.2295565150093,2053.9381756921034,2106.379150390625,186200,0.0,0.0
2013-08-15 00:00:00+09:00,2071.4186655572807,2115.1194812863373,2053.9383392656578,2067.048583984375,133200,0.0,0.0
2013-08-16 00:00:00+09:00,2027.7175925925926,2040.827835648148,2005.8671875,2005.8671875,133200,0.0,0.0
2013-08-19 00:00:00+09:00,1997.1267588625672,2040.8275632140458,1966.5361958165322,2032.08740234375,134600,0.0,0.0
2013-08-20 00:00:00+09:00,2005.8674052102224,2036.4579756600515,1953.4264272962298,1957.7965087890625,198200,0.0,0.0
2013-08-21 00:00:00+09:00,1949.0561296972214,1975.2766157469598,1922.835643647483,1931.5758056640625,195400,0.0,0.0
2013-08-22 00:00:00+09:00,1909.7254698706454,1909.7254698706454,1848.5443335361167,1866.024658203125,192800,0.0,0.0
2013-08-23 00:00:00+09:00,1892.245325724284,1931.5760599772136,1879.1350809733074,1887.875244140625,270600,0.0,0.0
2013-08-26 00:00:00+09:00,1900.9852386060343,1935.9458866723521,1887.8749955811652,1931.5758056640625,133800,0.0,0.0
2013-08-27 00:00:00+09:00,1905.3548083252495,1988.3863252018084,1905.3548083252495,1970.906005859375,155400,0.0,0.0
2013-08-28 00:00:00+09:00,1896.6151256162993,1900.9852065508992,1866.024559074101,1883.5048828125,150400,0.0,0.0
2013-08-29 00:00:00+09:00,1879.1347886889762,1909.7253550164712,1870.3946268811205,1896.6151123046875,101400,0.0,0.0
2013-08-30 00:00:00+09:00,1896.6147831357757,1918.4651838631464,1870.394302262931,1900.98486328125,109600,0.0,0.0
2013-09-02 00:00:00+09:00,1896.6154628727475,1922.8359531428778,1892.2453811610592,1909.7257080078125,100200,0.0,0.0
2013-09-03 00:00:00+09:00,1966.53663975418,2058.308349609375,1953.4263954891521,2058.308349609375,240000,0.0,0.0
2013-09-04 00:00:00+09:00,2032.0875587783942,2093.2686895803245,2027.7174780068278,2080.158447265625,116600,0.0,0.0
2013-09-05 00:00:00+09:00,2097.6386477623455,2141.3394529240613,2080.1583256976596,2123.859130859375,144800,0.0,0.0
2013-09-06 00:00:00+09:00,2141.3398730065214,2141.3398730065214,2088.898896524729,2115.119384765625,133000,0.0,0.0
2013-09-09 00:00:00+09:00,2180.6704822776323,2206.8909690384858,2167.5602388972056,2189.41064453125,120800,0.0,0.0
2013-09-10 00:00:00+09:00,2198.1510918697813,2237.4818271119843,2180.670765095469,2224.37158203125,119800,0.0,0.0
2013-09-11 00:00:00+09:00,2228.741051438815,2228.741051438815,2171.93000502959,2180.670166015625,86800,0.0,0.0
2013-09-12 00:00:00+09:00,2171.930257322289,2224.3712293300705,2171.930257322289,2211.260986328125,83800,0.0,0.0
2013-09-13 00:00:00+09:00,2176.3000618811884,2211.2607054455448,2167.5599009900993,2206.890625,109600,0.0,0.0
2013-09-17 00:00:00+09:00,2246.2216991797654,2250.5917803065745,2189.41064453125,2189.41064453125,111200,0.0,0.0
2013-09-18 00:00:00+09:00,2206.890822473906,2220.0010649836518,2171.93017578125,2171.93017578125,92000,0.0,0.0
2013-09-19 00:00:00+09:00,2228.7415162265193,2355.473876953125,2220.001353417788,2355.473876953125,299000,0.0,0.0
2013-09-20 00:00:00+09:00,2316.1430952931178,2337.993501852487,2268.072200862506,2289.922607421875,171600,0.0,0.0
2013-09-24 00:00:00+09:00,2246.222030078881,2281.1826842435325,2211.2613759142287,2259.332275390625,103400,0.0,0.0
2013-09-25 00:00:00+09:00,2254.9612561082286,2276.811655876719,2228.74077638604,2263.701416015625,82600,0.0,0.0
2013-09-26 00:00:00+09:00,2266.326747748688,2296.952784880427,2226.950414293595,2292.57763671875,87600,3.0,0.0
2013-09-27 00:00:00+09:00,2292.5779341774423,2310.0785290948274,2261.9518930720187,2283.82763671875,104600,0.0,0.0
2013-09-30 00:00:00+09:00,2240.0763209393344,2275.0775134540118,2231.3260228106656,2235.701171875,93600,0.0,0.0
2013-10-01 00:00:00+09:00,2244.4512673463337,2279.4524567006624,2240.076118677043,2248.826416015625,80800,0.0,0.0
2013-10-02 00:00:00+09:00,2248.8265049280058,2248.8265049280058,2143.822932713468,2174.448974609375,100800,0.0,0.0
2013-10-03 00:00:00+09:00,2178.824089050293,2253.20161819458,2170.0737915039062,2240.076171875,158600,0.0,0.0
2013-10-04 00:00:00+09:00,2196.324515625,2213.825109375,2152.57303125,2187.57421875,148600,0.0,0.0
2013-10-07 00:00:00+09:00,2178.8234973344647,2205.0743828445184,2117.571431144339,2135.072021484375,159600,0.0,0.0
2013-10-08 00:00:00+09:00,2139.4475859374998,2205.0748125,2117.57184375,2187.57421875,130200,0.0,0.0
2013-10-09 00:00:00+09:00,2143.8225163640204,2266.32666015625,2135.072220378861,2266.32666015625,159400,0.0,0.0
2013-10-10 00:00:00+09:00,2266.3268806079827,2266.3268806079827,2187.5742090810645,2209.449951171875,94400,0.0,0.0
2013-10-11 00:00:00+09:00,2283.827542473288,2388.831107644474,2261.951799729291,2380.080810546875,358800,0.0,0.0
2013-10-15 00:00:00+09:00,2397.5814693173884,2419.4572126505764,2331.954239317825,2349.454833984375,150200,0.0,0.0
2013-10-16 00:00:00+09:00,2340.704833984375,2371.33087854118,2323.2042370947725,2340.704833984375,62200,0.0,0.0
2013-10-17 00:00:00+09:00,2397.5811670193643,2401.956315134363,2336.3290934093807,2358.204833984375,77800,0.0,0.0
2013-10-18 00:00:00+09:00,2345.0793896393784,2380.0805745593693,2336.3290934093807,2358.204833984375,66000,0.0,0.0
2013-10-21 00:00:00+09:00,2362.580620861408,2384.4563673508655,2340.7048743719506,2353.830322265625,83200,0.0,0.0
2013-10-22 00:00:00+09:00,2336.3294525722285,2366.9554940853477,2314.4537086342866,2318.828857421875,173200,0.0,0.0
2013-10-23 00:00:00+09:00,2353.8301021691523,2371.3306977243133,2305.70346439246,2310.07861328125,129800,0.0,0.0
2013-10-24 00:00:00+09:00,2296.9527683900983,2340.7042496927666,2279.4521758690307,2336.3291015625,94800,0.0,0.0
2013-10-25 00:00:00+09:00,2353.83032414363,2353.83032414363,2275.07763671875,2275.07763671875,93400,0.0,0.0
2013-10-28 00:00:00+09:00,2310.07882928671,2353.830322265625,2270.7024856056864,2353.830322265625,86800,0.0,0.0
2013-10-29 00:00:00+09:00,2340.7042496927666,2366.9551384743677,2314.453360911166,2336.3291015625,137800,0.0,0.0
2013-10-30 00:00:00+09:00,2366.9548972117204,2366.9548972117204,2301.32768194707,2314.453125,133800,0.0,0.0
2013-10-31 00:00:00+09:00,2358.205251057943,2358.205251057943,2253.201677726977,2310.07861328125,289000,0.0,0.0
2013-11-01 00:00:00+09:00,2310.078614283881,2310.078614283881,2108.821765312179,2130.697509765625,220200,0.0,0.0
2013-11-05 00:00:00+09:00,2135.072520380435,2165.6985606317935,2100.071331521739,2113.19677734375,171400,0.0,0.0
2013-11-06 00:00:00+09:00,2113.197195870536,2161.323840082908,2100.0717474489797,2143.8232421875,93800,0.0,0.0
2013-11-07 00:00:00+09:00,2143.8223279370422,2170.073213585251,2082.570261424555,2091.320556640625,84400,0.0,0.0
2013-11-08 00:00:00+09:00,2056.319580078125,2073.8201722490026,2043.1941359499667,2056.319580078125,82600,0.0,0.0
2013-11-11 00:00:00+09:00,2091.3214408678887,2117.572337615184,2030.069348457532,2047.5699462890625,112800,0.0,0.0
2013-11-12 00:00:00+09:00,2034.4438322368421,2091.320756578947,2034.4438322368421,2078.1953125,116000,0.0,0.0
2013-11-13 00:00:00+09:00,2065.070100911458,2108.8215861002604,2060.694952392578,2100.0712890625,84600,0.0,0.0
2013-11-14 00:00:00+09:00,2113.19628355933,2139.447169069384,2091.3205456342853,2135.072021484375,92800,0.0,0.0
2013-11-15 00:00:00+09:00,2170.073837652439,2178.8241353849085,2143.82294445503,2152.5732421875,123000,0.0,0.0
2013-11-18 00:00:00+09:00,2152.573254219071,2156.94840310976,2117.5720630935575,2130.697509765625,101400,0.0,0.0
2013-11-19 00:00:00+09:00,2130.6974678985343,2135.072616703254,2104.4465750702157,2117.572021484375,64000,0.0,0.0
2013-11-20 00:00:00+09:00,2121.9465898968683,2126.321737504903,2082.570261424555,2091.320556640625,67800,0.0,0.0
2013-11-21 00:00:00+09:00,2091.321329668009,2117.572225019491,2082.5710312175156,2104.44677734375,75600,0.0,0.0
2013-11-22 00:00:00+09:00,2126.3225234699844,2148.198269596219,2095.6964788932564,2104.44677734375,101200,0.0,0.0
2013-11-25 00:00:00+09:00,2121.9473742447376,2121.9473742447376,2091.321329668009,2104.44677734375,48000,0.0,0.0
2013-11-26 00:00:00+09:00,2086.945616377161,2095.6959124625996,2047.5692839926862,2056.319580078125,170800,0.0,0.0
2013-11-27 00:00:00+09:00,2056.319572368421,2091.320756578947,2056.319572368421,2078.1953125,76800,0.0,0.0
2013-11-28 00:00:00+09:00,2104.4463479091446,2200.6996112230763,2104.4463479091446,2196.324462890625,276800,0.0,0.0
2013-11-29 00:00:00+09:00,2191.9495942352733,2191.9495942352733,2113.1969142028684,2130.697509765625,130400,0.0,0.0
2013-12-02 00:00:00+09:00,2139.447971145725,2143.823120370972,2100.071628118503,2104.44677734375,70000,0.0,0.0
2013-12-03 00:00:00+09:00,2121.9471702890946,2126.3223190938143,2104.4465750702157,2117.572021484375,67800,0.0,0.0
2013-12-04 00:00:00+09:00,2095.6959124625996,2117.5716526761967,2047.5692839926862,2056.319580078125,164400,0.0,0.0
2013-12-05 00:00:00+09:00,2086.946208200637,2091.3213574840765,2047.5698646496817,2060.6953125,123400,0.0,0.0
2013-12-06 00:00:00+09:00,2060.695057075565,2091.321098263524,2056.3199083344275,2082.57080078125,72000,0.0,0.0
2013-12-09 00:00:00+09:00,2100.0714378914404,2108.8217355493216,2086.945991404619,2095.6962890625,49400,0.0,0.0
2013-12-10 00:00:00+09:00,2100.0712890625,2108.8215861002604,2078.1955464680987,2100.0712890625,67800,0.0,0.0
2013-12-11 00:00:00+09:00,2086.94580078125,2100.0712460691825,2051.9446133467636,2086.94580078125,123600,0.0,0.0
2013-12-12 00:00:00+09:00,2078.1960000797194,2156.948690609056,2060.695402184311,2143.8232421875,301600,0.0,0.0
2013-12-13 00:00:00+09:00,2121.9469538121334,2121.9469538121334,2047.5694317197494,2051.944580078125,306800,0.0,0.0
2013-12-16 00:00:00+09:00,2038.8195811465741,2051.94502909387,1995.0680879889223,1999.4432373046875,185200,0.0,0.0
2013-12-17 00:00:00+09:00,2012.5682966407921,2047.569484408458,2012.5682966407921,2043.1943359375,108000,0.0,0.0
2013-12-18 00:00:00+09:00,2008.1933472732017,2038.8193896063442,2008.1933472732017,2030.069091796875,106000,0.0,0.0
2013-12-19 00:00:00+09:00,2065.0702830347523,2065.0702830347523,2016.943645082671,2030.069091796875,97600,0.0,0.0
2013-12-20 00:00:00+09:00,2038.8189802631578,2082.570460526316,2038.8189802631578,2078.1953125,151800,0.0,0.0
2013-12-24 00:00:00+09:00,2086.945687753183,2178.8237997926312,2078.1953913684733,2126.322021484375,232800,0.0,0.0
2013-12-25 00:00:00+09:00,2113.1967346191404,2121.947031656901,2091.3209920247396,2100.0712890625,82400,0.0,0.0
2013-12-26 00:00:00+09:00,2117.5717084330895,2178.823782643964,2104.4462639593307,2170.073486328125,120000,0.0,0.0
2013-12-27 00:00:00+09:00,2187.574003639742,2253.201223748934,2183.1988556324623,2244.450927734375,189600,0.0,0.0
2013-12-30 00:00:00+09:00,2261.951519763493,2275.0769637853314,2235.700631719816,2244.450927734375,96600,0.0,0.0
2014-01-06 00:00:00+09:00,2253.201416015625,2266.3268611574636,2231.3256741125606,2253.201416015625,145800,0.0,0.0
2014-01-07 00:00:00+09:00,2248.8266321717515,2253.2017812615795,2196.3248430938115,2213.825439453125,100600,0.0,0.0
2014-01-08 00:00:00+09:00,2213.825089996936,2235.700831992953,2200.699644799326,2231.32568359375,92800,0.0,0.0
2014-01-09 00:00:00+09:00,2257.5768882796965,2257.5768882796965,2196.324802163581,2200.699951171875,81400,0.0,0.0
2014-01-10 00:00:00+09:00,2196.3244964001224,2244.45112879136,2178.8239028033086,2231.32568359375,166400,0.0,0.0
2014-01-14 00:00:00+09:00,2187.574433117378,2187.574433117378,2143.82294445503,2152.5732421875,130000,0.0,0.0
2014-01-15 00:00:00+09:00,2183.1990606629024,2213.825099590037,2165.6984669902536,2209.449951171875,118800,0.0,0.0
2014-01-16 00:00:00+09:00,2235.70129300631,2292.578233924279,2235.70129300631,2275.07763671875,204000,0.0,0.0
2014-01-17 00:00:00+09:00,2283.8270463254516,2310.077931915399,2270.7016035304778,2301.32763671875,165200,0.0,0.0
2014-01-20 00:00:00+09:00,2310.0784118997176,2323.203857421875,2283.827520855403,2323.203857421875,95200,0.0,0.0
2014-01-21 00:00:00+09:00,2323.203374710373,2323.203374710373,2288.202193923776,2301.32763671875,113000,0.0,0.0
2014-01-22 00:00:00+09:00,2275.0771913838435,2288.20263671875,2240.076003824092,2288.20263671875,78800,0.0,0.0
2014-01-23 00:00:00+09:00,2266.326773353082,2270.7019215641885,2209.4498466086998,2226.950439453125,126800,0.0,0.0
2014-01-24 00:00:00+09:00,2183.1989308018838,2205.0746715914815,2161.3231900122855,2170.073486328125,89800,0.0,0.0
2014-01-27 00:00:00+09:00,2095.696097639872,2108.821542927804,2082.5706523519393,2086.94580078125,109200,0.0,0.0
2014-01-28 00:00:00+09:00,2086.9461804427624,2135.0728219204784,2086.9461804427624,2104.44677734375,91400,0.0,0.0
2014-01-29 00:00:00+09:00,2126.3219615634507,2161.3231461159353,2121.94681349439,2156.947998046875,76200,0.0,0.0
2014-01-30 00:00:00+09:00,2086.945749590474,2117.571787844422,2008.1930797946068,2034.4439697265625,218400,0.0,0.0
2014-01-31 00:00:00+09:00,2034.444349206012,2073.820691448709,1986.3177086871601,2012.568603515625,191400,0.0,0.0
2014-02-03 00:00:00+09:00,1995.0679619367731,1995.0679619367731,1863.8134907567223,1881.3140869140625,205000,0.0,0.0
2014-02-04 00:00:00+09:00,1820.062093904703,1820.062093904703,1763.1851534701811,1767.560302734375,187400,0.0,0.0
2014-02-05 00:00:00+09:00,1837.5623716925184,1837.5623716925184,1732.558807595803,1798.18603515625,150200,0.0,0.0
2014-02-06 00:00:00+09:00,1815.6869714236955,1837.5627180673544,1750.0597314927184,1802.5615234375,165400,0.0,0.0
2014-02-07 00:00:00+09:00,1837.5624885110294,1881.3139763327206,1837.5624885110294,1859.438232421875,97000,0.0,0.0
2014-02-10 00:00:00+09:00,1920.6901349463005,1920.6901349463005,1850.687761007483,1868.1883544921875,80200,0.0,0.0
2014-02-12 00:00:00+09:00,1903.1898872148527,1925.0656330449085,1881.314141384797,1911.940185546875,64200,0.0,0.0
2014-02-13 00:00:00+09:00,1911.9398382039483,1916.3149865751243,1855.0629093786592,1868.1883544921875,69200,0.0,0.0
2014-02-14 00:00:00+09:00,1863.8133658003637,1881.3139607844046,1798.18613461021,1841.9376220703125,105800,0.0,0.0
2014-02-17 00:00:00+09:00,1863.8135046893,1911.9401444817468,1824.4371630409346,1898.814697265625,103600,0.0,0.0
2014-02-18 00:00:00+09:00,1890.064240056818,1933.8157270951704,1868.188496537642,1925.0654296875,79000,0.0,0.0
2014-02-19 00:00:00+09:00,1920.6904558657488,1925.0656049679487,1872.5638157415501,1876.93896484375,65200,0.0,0.0
2014-02-20 00:00:00+09:00,1881.3139763327206,1907.5648690257353,1850.6879348575367,1859.438232421875,120400,0.0,0.0
2014-02-21 00:00:00+09:00,1859.4382170543533,1859.4382170543533,1820.0618783402613,1841.9376220703125,231800,0.0,0.0
2014-02-24 00:00:00+09:00,1846.3128126612248,1876.9388545774063,1824.437068435381,1855.0631103515625,78200,0.0,0.0
2014-02-25 00:00:00+09:00,1876.9388695832727,1885.6891673435675,1859.4382740626827,1872.563720703125,36200,0.0,0.0
2014-02-26 00:00:00+09:00,1855.0629987693912,1863.813295933398,1833.187255859375,1833.187255859375,31200,0.0,0.0
2014-02-27 00:00:00+09:00,1833.1874738217512,1885.6892630481498,1828.8123247195513,1876.93896484375,121800,0.0,0.0
2014-02-28 00:00:00+09:00,1868.1884715979181,1872.5636202433463,1802.5612419164922,1828.8121337890625,98000,0.0,0.0
2014-03-03 00:00:00+09:00,1802.561294555664,1820.0618896484375,1763.1849555969238,1820.0618896484375,84200,0.0,0.0
2014-03-04 00:00:00+09:00,1785.060791015625,1824.4371319939107,1776.3104930204502,1785.060791015625,131400,0.0,0.0
2014-03-05 00:00:00+09:00,1806.9364394579238,1820.0618857493857,1780.685546875,1780.685546875,130600,0.0,0.0
2014-03-06 00:00:00+09:00,1776.3106274651093,1802.5615234375,1763.1851794789138,1802.5615234375,196000,0.0,0.0
2014-03-07 00:00:00+09:00,1815.686835785278,1837.5625807947392,1802.5613887796014,1824.4371337890625,104200,0.0,0.0
2014-03-10 00:00:00+09:00,1811.3115073599467,1820.0618044969513,1789.4357645174352,1793.8109130859375,55800,0.0,0.0
2014-03-11 00:00:00+09:00,1793.8110201229601,1802.5613177820967,1767.560127145551,1776.3104248046875,119200,0.0,0.0
2014-03-12 00:00:00+09:00,1758.8099636163497,1767.5602619427993,1745.6845161266756,1754.434814453125,78600,0.0,0.0
2014-03-13 00:00:00+09:00,1767.5601950252756,1802.5613870059742,1763.1850460276883,1785.060791015625,79200,0.0,0.0
2014-03-14 00:00:00+09:00,1754.4345915421195,1758.8097401494565,1701.9328082540762,1710.68310546875,149600,0.0,0.0
2014-03-17 00:00:00+09:00,1719.4335104772285,1741.3092548853358,1658.1814261345282,1693.1826171875,99400,0.0,0.0
2014-03-18 00:00:00+09:00,1728.183837890625,1754.4347316307358,1706.3080931071993,1728.183837890625,73600,0.0,0.0
2014-03-19 00:00:00+09:00,1750.0596923828125,1771.9354385375975,1723.8087969970702,1750.0596923828125,83400,0.0,0.0
2014-03-20 00:00:00+09:00,1754.4347015302,1754.4347015302,1680.0571705426355,1693.1826171875,107800,0.0,0.0
2014-03-24 00:00:00+09:00,1719.4336211473271,1798.1863060853725,1719.4336211473271,1754.434814453125,171800,0.0,0.0
2014-03-25 00:00:00+09:00,1758.809897030101,1811.3116850011488,1758.809897030101,1785.060791015625,96000,0.0,0.0
2014-03-26 00:00:00+09:00,1815.6865833155916,1850.687770463844,1806.9362865285286,1846.3126220703125,161000,0.0,0.0
2014-03-27 00:00:00+09:00,1856.8233469004954,1887.4784493257393,1821.7889441287878,1878.7198486328125,91600,2.0,0.0
2014-03-28 00:00:00+09:00,1878.719687018596,1878.719687018596,1839.305987290933,1865.581787109375,65800,0.0,0.0
2014-03-31 00:00:00+09:00,1865.5819579514289,1896.237060546875,1852.4440568390949,1896.237060546875,69600,0.0,0.0
2014-04-01 00:00:00+09:00,1891.8575439453125,1913.7540432965316,1861.202444853606,1891.8575439453125,63400,0.0,0.0
2014-04-02 00:00:00+09:00,1918.1335517509833,1922.5128520974467,1878.7198486328125,1878.7198486328125,90600,0.0,0.0
2014-04-03 00:00:00+09:00,1909.3749442601313,1926.8921455836187,1891.857742936644,1918.133544921875,70800,0.0,0.0
2014-04-04 00:00:00+09:00,1913.754150390625,1918.1334505059353,1887.4783496987627,1913.754150390625,52000,0.0,0.0
2014-04-07 00:00:00+09:00,1900.615927401456,1948.7882204922764,1883.098729913885,1926.8917236328125,108000,0.0,0.0
2014-04-08 00:00:00+09:00,1918.1332194010417,1918.1332194010417,1852.4437255859375,1852.4437255859375,83000,0.0,0.0
2014-04-09 00:00:00+09:00,1830.5472815144374,1856.8230798136876,1817.4093823648122,1843.6851806640625,63800,0.0,0.0
2014-04-10 00:00:00+09:00,1869.9608825683595,1891.8573800223216,1821.788588169643,1839.3057861328125,52400,0.0,0.0
2014-04-11 00:00:00+09:00,1813.0303291394873,1826.1682300752807,1791.1338275798316,1804.271728515625,45200,0.0,0.0
2014-04-14 00:00:00+09:00,1804.271728515625,1826.1682300752807,1791.1338275798316,1804.271728515625,37800,0.0,0.0
2014-04-15 00:00:00+09:00,1826.167928059896,1856.823025173611,1826.167928059896,1852.4437255859375,46200,0.0,0.0
2014-04-16 00:00:00+09:00,1878.7198314754644,1904.995633314282,1874.3405311689949,1900.6163330078125,44000,0.0,0.0
2014-04-17 00:00:00+09:00,1918.1336009174313,1922.5129013761468,1878.7198967889908,1909.375,44400,0.0,0.0
2014-04-18 00:00:00+09:00,1918.1333799619933,1953.1677795960022,1904.99548009924,1944.4091796875,66800,0.0,0.0
2014-04-21 00:00:00+09:00,1940.0298830931213,1953.1677829786279,1896.2368834747665,1904.9954833984375,55400,0.0,0.0
2014-04-22 00:00:00+09:00,1913.7541434809846,1913.7541434809846,1856.8232421875,1856.8232421875,40600,0.0,0.0
2014-04-23 00:00:00+09:00,1878.7196593809463,1878.7196593809463,1848.064560043728,1869.9610595703125,38200,0.0,0.0
2014-04-24 00:00:00+09:00,1861.202619685683,1904.9956225018168,1861.202619685683,1883.09912109375,75400,0.0,0.0
2014-04-25 00:00:00+09:00,1878.7198314754644,1918.1335342336909,1878.7198314754644,1900.6163330078125,54000,0.0,0.0
2014-04-28 00:00:00+09:00,1878.7195915670957,1878.7195915670957,1843.6851935891543,1861.202392578125,35800,0.0,0.0
2014-04-30 00:00:00+09:00,1883.0991597391255,1883.0991597391255,1729.8236467371037,1742.9615478515625,149000,0.0,0.0
2014-05-01 00:00:00+09:00,1760.4785455197705,1961.9263392857142,1760.4785455197705,1931.271240234375,177200,0.0,0.0
2014-05-02 00:00:00+09:00,1904.9953900505514,1918.1332892922794,1856.8230928308824,1861.202392578125,59000,0.0,0.0
2014-05-07 00:00:00+09:00,1839.3059819287594,1839.3059819287594,1769.2371826171875,1769.2371826171875,97000,0.0,0.0
2014-05-08 00:00:00+09:00,1786.7540588378906,1834.9263496398926,1786.7540588378906,1821.7884521484375,130400,0.0,0.0
2014-05-09 00:00:00+09:00,1821.7887511322463,1834.9266507798345,1808.650851484658,1813.0301513671875,64200,0.0,0.0
2014-05-12 00:00:00+09:00,1804.2712938262196,1839.3056878810976,1795.5126953125,1795.5126953125,49400,0.0,0.0
2014-05-13 00:00:00+09:00,1817.4096123491831,1848.0647142442297,1817.4096123491831,1826.168212890625,44000,0.0,0.0
2014-05-14 00:00:00+09:00,1839.30585382109,1848.064453125,1826.1679548652253,1848.064453125,35000,0.0,0.0
2014-05-15 00:00:00+09:00,1843.6850856236051,1848.0643851143975,1817.4092886788505,1839.3057861328125,59400,0.0,0.0
2014-05-16 00:00:00+09:00,1830.5473232774848,1830.5473232774848,1795.5129247458583,1817.409423828125,72600,0.0,0.0
2014-05-19 00:00:00+09:00,1834.9263613067403,1834.9263613067403,1791.1333693901117,1799.8919677734375,40800,0.0,0.0
2014-05-20 00:00:00+09:00,1795.5131002430767,1826.1682019545437,1791.1337999985813,1808.6510009765625,33400,0.0,0.0
2014-05-21 00:00:00+09:00,1799.892428203694,1804.271728515625,1773.616626332107,1804.271728515625,56200,0.0,0.0
2014-05-22 00:00:00+09:00,1804.271255493164,1830.5470504760742,1777.995460510254,1821.7884521484375,75400,0.0,0.0
2014-05-23 00:00:00+09:00,1813.029865348426,1817.409164540089,1786.754070198449,1799.8919677734375,90600,0.0,0.0
2014-05-26 00:00:00+09:00,1830.5472545171801,1861.202352080865,1821.7886552132702,1848.064453125,95600,0.0,0.0
2014-05-27 00:00:00+09:00,1856.8231221762048,1865.5817218091113,1817.409423828125,1817.409423828125,33800,0.0,0.0
2014-05-28 00:00:00+09:00,1817.409646973856,1821.78894732801,1777.9959437864711,1782.375244140625,80800,0.0,0.0
2014-05-29 00:00:00+09:00,1764.8578552999616,1786.7543547453704,1756.0992555217979,1773.616455078125,83400,0.0,0.0
2014-05-30 00:00:00+09:00,1773.6161990282012,1795.5126953125,1769.2368997713415,1795.5126953125,72800,0.0,0.0
2014-06-02 00:00:00+09:00,1799.8919563293457,1826.1677513122559,1795.5126571655273,1821.7884521484375,48200,0.0,0.0
2014-06-03 00:00:00+09:00,1852.4437255859375,1861.202324761285,1830.5472276475696,1852.4437255859375,75000,0.0,0.0
2014-06-04 00:00:00+09:00,1848.064493336397,1891.8574908088235,1839.3058938419117,1861.202392578125,64200,0.0,0.0
2014-06-05 00:00:00+09:00,1856.8233299431163,1900.6163330078125,1848.0647293301772,1900.6163330078125,61800,0.0,0.0
2014-06-06 00:00:00+09:00,1909.3749442601313,1922.512845252747,1900.6163435983876,1918.133544921875,63200,0.0,0.0
2014-06-09 00:00:00+09:00,1922.512845252747,1970.6851488923373,1913.7542445910033,1918.133544921875,92800,0.0,0.0
2014-06-10 00:00:00+09:00,1900.6162500446937,1931.2713508518664,1900.6162500446937,1913.754150390625,43800,0.0,0.0
2014-06-11 00:00:00+09:00,1891.857760176097,1909.3749616592088,1848.0647564683168,1896.237060546875,83000,0.0,0.0
2014-06-12 00:00:00+09:00,1891.8576546071845,1891.8576546071845,1848.0646533431293,1874.3404541015625,46600,0.0,0.0
2014-06-13 00:00:00+09:00,1839.3061557267608,1900.6163609176529,1839.3061557267608,1896.237060546875,112200,0.0,0.0
2014-06-16 00:00:00+09:00,1926.8921455836187,1944.4093469071063,1887.478442605772,1918.133544921875,114600,0.0,0.0
2014-06-17 00:00:00+09:00,1940.0300465762343,1940.0300465762343,1900.6163435983876,1918.133544921875,71800,0.0,0.0
2014-06-18 00:00:00+09:00,1922.5127506212457,1926.892050736556,1887.4783496987627,1913.754150390625,72200,0.0,0.0
2014-06-19 00:00:00+09:00,1918.1335383677645,1961.9265415268458,1918.1335383677645,1957.5472412109375,95000,0.0,0.0
2014-06-20 00:00:00+09:00,1957.5471694206876,1992.581570663116,1940.0299687994734,1988.2022705078125,180200,0.0,0.0
2014-06-23 00:00:00+09:00,1992.581641353778,2067.029746635128,1992.581641353778,2053.891845703125,207400,0.0,0.0
2014-06-24 00:00:00+09:00,2023.2362327989424,2045.1327288249051,2001.33973677298,2018.85693359375,145600,0.0,0.0
2014-06-25 00:00:00+09:00,2036.3744720855316,2053.891671845407,2018.8572723256561,2023.236572265625,86400,0.0,0.0
2014-06-26 00:00:00+09:00,2049.5121794327447,2049.5121794327447,2014.477783203125,2014.477783203125,59400,0.0,0.0
2014-06-27 00:00:00+09:00,2005.7193725057496,2031.9951721455627,1992.5814726858428,2023.236572265625,44400,0.0,0.0
2014-06-30 00:00:00+09:00,2027.61565564744,2067.0293508976065,2018.8570567029587,2058.270751953125,73000,0.0,0.0
2014-07-01 00:00:00+09:00,2053.891480002942,2115.2016734358654,2045.1328809410957,2093.30517578125,114400,0.0,0.0
2014-07-02 00:00:00+09:00,2158.9944379693866,2176.5116342206593,2119.5807464040226,2150.23583984375,131200,0.0,0.0
2014-07-03 00:00:00+09:00,2132.7186741647356,2185.270263671875,2123.960075913546,2185.270263671875,112800,0.0,0.0
2014-07-04 00:00:00+09:00,2176.5121679885187,2185.2707682621144,2154.6156673045293,2163.374267578125,51400,0.0,0.0
2014-07-07 00:00:00+09:00,2150.236422406949,2163.374323154853,2132.7192214097436,2154.61572265625,44400,0.0,0.0
2014-07-08 00:00:00+09:00,2154.615518465909,2176.5120176373107,2128.339719460227,2167.75341796875,72000,0.0,0.0
2014-07-09 00:00:00+09:00,2158.9941486296107,2167.7527455814547,2119.5804623463114,2137.09765625,45600,0.0,0.0
2014-07-10 00:00:00+09:00,2145.8574046534623,2150.236705479286,2097.685095569405,2110.822998046875,46400,0.0,0.0
2014-07-11 00:00:00+09:00,2075.7880859375,2084.5466854562237,2036.3743881032437,2075.7880859375,50800,0.0,0.0
2014-07-14 00:00:00+09:00,2080.1676134973577,2097.684814453125,2067.0297127805325,2097.684814453125,43400,0.0,0.0
2014-07-15 00:00:00+09:00,2110.8226042879787,2132.7191043324597,2110.8226042879787,2115.201904296875,40600,0.0,0.0
2014-07-16 00:00:00+09:00,2115.2020154088923,2132.719216364659,2088.9262139752414,2097.684814453125,33800,0.0,0.0
2014-07-17 00:00:00+09:00,2110.8227151699502,2132.719216364659,2080.1676134973577,2097.684814453125,56000,0.0,0.0
2014-07-18 00:00:00+09:00,2053.8917902401804,2075.788291202229,2049.512490047771,2062.650390625,44200,0.0,0.0
2014-07-22 00:00:00+09:00,2053.8918331702384,2141.47783884914,2045.1332326023485,2132.71923828125,79200,0.0,0.0
2014-07-23 00:00:00+09:00,2123.960675920759,2185.270880998884,2123.960675920759,2145.857177734375,56400,0.0,0.0
2014-07-24 00:00:00+09:00,2145.857557099441,2167.754062784129,2014.4785229913118,2031.9957275390625,234800,0.0,0.0
2014-07-25 00:00:00+09:00,2040.7537841796875,2058.2709840438906,2010.0986844173317,2040.7537841796875,106600,0.0,0.0
2014-07-28 00:00:00+09:00,2023.2363561751995,2058.270751953125,2023.2363561751995,2058.270751953125,66400,0.0,0.0
2014-07-29 00:00:00+09:00,2049.512435171115,2080.167535697179,2045.1331350959633,2071.408935546875,48800,0.0,0.0
2014-07-30 00:00:00+09:00,2062.6500514253657,2084.546548786569,2040.7535540641622,2058.270751953125,58400,0.0,0.0
2014-07-31 00:00:00+09:00,2067.029746635128,2075.788347256463,2049.5125453924575,2053.891845703125,47600,0.0,0.0
2014-08-01 00:00:00+09:00,2023.2363822605298,2049.5121794327447,2014.477783203125,2014.477783203125,45800,0.0,0.0
2014-08-04 00:00:00+09:00,2010.099008251215,2040.754112952214,1996.961106236501,2027.6162109375,47800,0.0,0.0
2014-08-05 00:00:00+09:00,2023.236491956209,2023.236491956209,1992.581393593236,1996.960693359375,63000,0.0,0.0
2014-08-06 00:00:00+09:00,1992.5816437382027,1992.5816437382027,1940.030039947305,1957.5472412109375,50000,0.0,0.0
2014-08-07 00:00:00+09:00,1948.7885853654825,1970.6850863246452,1944.4092851736498,1966.3057861328125,21600,0.0,0.0
2014-08-08 00:00:00+09:00,1940.0298830931213,1957.5470829404633,1900.616183436602,1904.9954833984375,50000,0.0,0.0
2014-08-11 00:00:00+09:00,1918.1333799619933,1957.5470795502536,1918.1333799619933,1944.4091796875,46000,0.0,0.0
2014-08-12 00:00:00+09:00,1957.5471034767354,1992.581503538959,1957.5471034767354,1979.443603515625,27800,0.0,0.0
2014-08-13 00:00:00+09:00,1970.685097397558,2001.340198912631,1961.92649696468,1983.822998046875,30600,0.0,0.0
2014-08-14 00:00:00+09:00,1992.5815818819938,2005.719482421875,1979.4436813421125,2005.719482421875,30800,0.0,0.0
2014-08-15 00:00:00+09:00,2023.2366552415235,2027.615955361094,2001.3401546436717,2010.0987548828125,43400,0.0,0.0
2014-08-18 00:00:00+09:00,2010.098592657792,2010.098592657792,1983.8227940609581,1996.960693359375,25800,0.0,0.0
2014-08-19 00:00:00+09:00,2014.4776343885574,2027.615532004135,2005.7190359781723,2018.85693359375,51600,0.0,0.0
2014-08-20 00:00:00+09:00,2023.2364654541016,2036.374364580427,1948.7883704049248,1961.92626953125,113800,0.0,0.0
2014-08-21 00:00:00+09:00,1970.6850863246452,1979.4436867083102,1948.7885853654825,1966.3057861328125,51800,0.0,0.0
2014-08-22 00:00:00+09:00,1975.0645845853367,1975.0645845853367,1935.65087890625,1935.65087890625,30600,0.0,0.0
2014-08-25 00:00:00+09:00,1931.2715782752405,1944.4094801682693,1918.1336763822117,1935.65087890625,33400,0.0,0.0
2014-08-26 00:00:00+09:00,1940.030035766039,1944.4093360725087,1887.4784320884037,1900.6163330078125,54600,0.0,0.0
2014-08-27 00:00:00+09:00,1913.754150390625,1922.5127506212457,1896.2369499293834,1913.754150390625,41600,0.0,0.0
2014-08-28 00:00:00+09:00,1913.7540833221085,1922.5126832457793,1891.857583512931,1904.9954833984375,30800,0.0,0.0
2014-08-29 00:00:00+09:00,1891.8576546071845,1900.6162548599957,1856.8232535959403,1874.3404541015625,45600,0.0,0.0
2014-09-01 00:00:00+09:00,1874.340548286349,1887.4784493257393,1869.9612479398857,1878.7198486328125,43000,0.0,0.0
2014-09-02 00:00:00+09:00,1878.719687018596,1896.2368868975573,1852.443887200154,1865.581787109375,72400,0.0,0.0
2014-09-03 00:00:00+09:00,1874.3404425854953,1887.4783428839917,1856.8232421875,1856.8232421875,44400,0.0,0.0
2014-09-04 00:00:00+09:00,1861.2024871396345,1887.4782869580765,1852.443887200154,1865.581787109375,67000,0.0,0.0
2014-09-05 00:00:00+09:00,1869.960978963313,1878.7195783963964,1830.5472815144374,1843.6851806640625,58600,0.0,0.0
2014-09-08 00:00:00+09:00,1843.6854139735087,1843.6854139735087,1817.4096123491831,1826.168212890625,73800,0.0,0.0
2014-09-09 00:00:00+09:00,1839.305648803711,1843.6849479675293,1813.0298538208008,1821.7884521484375,43600,0.0,0.0
2014-09-10 00:00:00+09:00,1808.6507163400581,1843.6851127824805,1804.2714167847553,1834.926513671875,56800,0.0,0.0
2014-09-11 00:00:00+09:00,1848.0643851143975,1861.2022835867747,1839.3057861328127,1839.3057861328125,35400,0.0,0.0
2014-09-12 00:00:00+09:00,1834.92648664202,1852.44368460519,1830.5471871512277,1839.3057861328125,77000,0.0,0.0
2014-09-16 00:00:00+09:00,1830.54736328125,1839.3059631055621,1817.4094635447816,1830.54736328125,48600,0.0,0.0
2014-09-17 00:00:00+09:00,1839.306131011074,1843.685431323005,1804.271728515625,1804.271728515625,59800,0.0,0.0
2014-09-18 00:00:00+09:00,1817.4094635447816,1834.926663193406,1817.4094635447816,1830.54736328125,38800,0.0,0.0
2014-09-19 00:00:00+09:00,1834.926594094669,1861.202392578125,1826.1679946001839,1861.202392578125,85200,0.0,0.0
2014-09-22 00:00:00+09:00,1869.960951384775,1874.34025103673,1843.6851534730451,1848.064453125,24600,0.0,0.0
2014-09-24 00:00:00+09:00,1839.3058809475208,1878.7195783963964,1839.3058809475208,1843.6851806640625,34200,0.0,0.0
2014-09-25 00:00:00+09:00,1869.960923936632,1869.960923936632,1839.3058268229167,1852.4437255859375,84600,0.0,0.0
2014-09-26 00:00:00+09:00,1811.2199932209496,1859.4607194326456,1798.0634315268508,1806.83447265625,88200,3.0,0.0
2014-09-29 00:00:00+09:00,1824.3763870018115,1824.3763870018115,1806.8343063575633,1815.6053466796875,26000,0.0,0.0
2014-09-30 00:00:00+09:00,1815.6055501302085,1815.6055501302085,1771.7503436053241,1776.1358642578125,83000,0.0,0.0
2014-10-01 00:00:00+09:00,1780.521105683058,1789.2921456125312,1754.2079858946383,1758.593505859375,77000,0.0,0.0
2014-10-02 00:00:00+09:00,1741.051615554849,1745.4371359970526,1697.1964111328125,1697.1964111328125,157000,0.0,0.0
2014-10-03 00:00:00+09:00,1692.810857947128,1697.196378304504,1670.883256160248,1679.654296875,101600,0.0,0.0
2014-10-06 00:00:00+09:00,1714.7385155870506,1719.1240360872732,1688.425392585715,1692.8109130859375,87800,0.0,0.0
2014-10-07 00:00:00+09:00,1679.6543544921874,1688.4253955078125,1640.184669921875,1644.5701904296875,122200,0.0,0.0
2014-10-08 00:00:00+09:00,1622.6425219339037,1657.7266845703125,1605.1004406156994,1657.7266845703125,108000,0.0,0.0
2014-10-09 00:00:00+09:00,1657.7265372898269,1666.497577169667,1600.7147780708644,1613.871337890625,82600,0.0,0.0
2014-10-10 00:00:00+09:00,1578.7872869318182,1600.7148881392045,1565.6307262073863,1591.94384765625,130800,0.0,0.0
2014-10-14 00:00:00+09:00,1565.6308045468088,1570.0163250077242,1543.7032022422316,1552.4742431640625,107600,0.0,0.0
2014-10-15 00:00:00+09:00,1570.016122297807,1570.016122297807,1517.3898835615678,1543.7030029296875,151800,0.0,0.0
2014-10-16 00:00:00+09:00,1495.4623463647606,1495.4623463647606,1473.5347459781806,1482.3057861328125,130000,0.0,0.0
2014-10-17 00:00:00+09:00,1517.3899467513406,1517.3899467513406,1460.3781857462325,1482.3057861328125,155400,0.0,0.0
2014-10-20 00:00:00+09:00,1517.3898275205945,1530.54638671875,1504.233268322439,1530.54638671875,106800,0.0,0.0
2014-10-21 00:00:00+09:00,1539.3176613741143,1543.7031817768896,1495.4624573463616,1508.6190185546875,111800,0.0,0.0
2014-10-22 00:00:00+09:00,1530.5464432456276,1543.7030029296875,1521.7754034562543,1543.7030029296875,62000,0.0,0.0
2014-10-23 00:00:00+09:00,1543.7032604768785,1543.7032604768785,1517.39013671875,1517.39013671875,51000,0.0,0.0
2014-10-24 00:00:00+09:00,1548.088522824374,1565.6306024031205,1530.5464432456276,1543.7030029296875,76600,0.0,0.0
2014-10-27 00:00:00+09:00,1552.4742431640625,1561.2452840858934,1543.7032022422316,1552.4742431640625,50600,0.0,0.0
2014-10-28 00:00:00+09:00,1552.4740427190607,1565.6306024031205,1534.931963140314,1543.7030029296875,74200,0.0,0.0
2014-10-29 00:00:00+09:00,1556.8595877800199,1591.94374750464,1552.4740678144424,1587.5582275390625,124800,0.0,0.0
2014-10-30 00:00:00+09:00,1600.7149098577831,1662.1121940715063,1565.6307474499413,1635.799072265625,247000,0.0,0.0
2014-10-31 00:00:00+09:00,1657.7266845703125,1697.1963675362724,1605.1004406156994,1657.7266845703125,217600,0.0,0.0
2014-11-04 00:00:00+09:00,1719.1240360872732,1741.0516385883866,1688.425392585715,1692.8109130859375,247200,0.0,0.0
2014-11-05 00:00:00+09:00,1697.196145283807,1732.2803033258497,1688.4251057732965,1701.5816650390625,148800,0.0,0.0
2014-11-06 00:00:00+09:00,1701.5815711634677,1710.3526101900836,1666.4974150570044,1670.8829345703125,106000,0.0,0.0
2014-11-07 00:00:00+09:00,1670.883223158703,1679.6542637002185,1653.341142075672,1662.1121826171875,92000,0.0,0.0
2014-11-10 00:00:00+09:00,1662.1121604517887,1679.654241300884,1648.955599814967,1666.4976806640625,107000,0.0,0.0
2014-11-11 00:00:00+09:00,1684.0398396596859,1688.4253600754662,1670.8832784123445,1675.268798828125,46000,0.0,0.0
2014-11-12 00:00:00+09:00,1675.2687210886102,1684.0397615131578,1666.4976806640625,1666.4976806640625,159400,0.0,0.0
2014-11-13 00:00:00+09:00,1670.883223158703,1679.6542637002185,1653.341142075672,1662.1121826171875,115200,0.0,0.0
2014-11-14 00:00:00+09:00,1662.1121826171875,1662.1121826171875,1631.4135407218832,1662.1121826171875,184600,0.0,0.0
2014-11-17 00:00:00+09:00,1675.2687901564634,1675.2687901564634,1600.7149434741077,1605.1004638671875,126400,0.0,0.0
2014-11-18 00:00:00+09:00,1635.7992935588652,1657.7268980301637,1631.4137726646056,1640.184814453125,90800,0.0,0.0
2014-11-19 00:00:00+09:00,1648.9556331685658,1670.8832346734669,1627.0280316636645,1635.799072265625,138800,0.0,0.0
2014-11-20 00:00:00+09:00,1631.4135519646447,1640.1845925666053,1613.871470760724,1635.799072265625,66400,0.0,0.0
2014-11-21 00:00:00+09:00,1618.2569242294521,1627.0279644691782,1591.9438035102742,1600.71484375,144000,0.0,0.0
2014-11-25 00:00:00+09:00,1609.4859944880811,1631.4135965928233,1596.3294332252358,1627.028076171875,199200,0.0,0.0
2014-11-26 00:00:00+09:00,1622.6427001953125,1640.1847834406672,1609.4861377612965,1622.6427001953125,82000,0.0,0.0
2014-11-27 00:00:00+09:00,1627.0279869666467,1635.7990273276528,1591.9438255226219,1596.329345703125,86600,0.0,0.0
2014-11-28 00:00:00+09:00,1591.9440013251447,1613.8716046491825,1591.9440013251447,1609.486083984375,69000,0.0,0.0
2014-12-01 00:00:00+09:00,1609.485883989726,1613.871404109589,1591.9438035102742,1600.71484375,73400,0.0,0.0
2014-12-02 00:00:00+09:00,1587.5584806603372,1613.8716046491825,1587.5584806603372,1609.486083984375,74400,0.0,0.0
2014-12-03 00:00:00+09:00,1609.4859504597437,1644.5701128675855,1609.4859504597437,1635.799072265625,77400,0.0,0.0
2014-12-04 00:00:00+09:00,1657.7266845703125,1675.268765888517,1648.9556439112105,1657.7266845703125,110600,0.0,0.0
2014-12-05 00:00:00+09:00,1675.268798828125,1684.0398396596859,1657.7267171650033,1675.268798828125,116400,0.0,0.0
2014-12-08 00:00:00+09:00,1692.8108462453808,1710.352927553623,1684.0398055912597,1705.9674072265625,109200,0.0,0.0
2014-12-09 00:00:00+09:00,1692.8108132102273,1714.7384144176135,1679.6542524857955,1688.42529296875,109800,0.0,0.0
2014-12-10 00:00:00+09:00,1675.2687210886102,1688.4252817254317,1653.3411200272408,1666.4976806640625,116000,0.0,0.0
2014-12-11 00:00:00+09:00,1627.0281666436051,1635.7992079732203,1596.3295219899524,1609.486083984375,115800,0.0,0.0
2014-12-12 00:00:00+09:00,1596.3295219899524,1618.2571253139902,1587.5584806603372,1609.486083984375,202200,0.0,0.0
2014-12-15 00:00:00+09:00,1627.0280422634548,1662.1122048998636,1591.9438796270463,1657.7266845703125,218200,0.0,0.0
2014-12-16 00:00:00+09:00,1635.7991066187456,1648.955667797985,1587.5583822948684,1605.1004638671875,207600,0.0,0.0
2014-12-17 00:00:00+09:00,1609.486083984375,1618.2571253139902,1600.7150426547598,1609.486083984375,223600,0.0,0.0
2014-12-18 00:00:00+09:00,1622.6425438028432,1657.7267069120937,1622.6425438028432,1653.3411865234375,200800,0.0,0.0
2014-12-19 00:00:00+09:00,1697.1963334517045,1701.5818536931818,1670.8832120028408,1688.42529296875,89600,0.0,0.0
2014-12-22 00:00:00+09:00,1684.0398055912597,1705.9674072265625,1679.654285264199,1705.9674072265625,118200,0.0,0.0
2014-12-24 00:00:00+09:00,1705.9675691690877,1767.3648595762013,1705.9675691690877,1745.437255859375,220000,0.0,0.0
2014-12-25 00:00:00+09:00,1754.2079858946383,1789.2921456125312,1749.822465929902,1758.593505859375,160600,0.0,0.0
2014-12-26 00:00:00+09:00,1754.208283377166,1789.2924490447092,1745.43724196028,1771.7503662109375,75800,0.0,0.0
2014-12-29 00:00:00+09:00,1780.521339810158,1798.0634219757753,1767.3647781859452,1784.9068603515625,116800,0.0,0.0
2014-12-30 00:00:00+09:00,1793.6779697531522,1798.0634904615952,1771.7503662109375,1771.7503662109375,47400,0.0,0.0
2015-01-05 00:00:00+09:00,1771.7503662109375,1798.0634904615952,1754.208283377166,1771.7503662109375,85800,0.0,0.0
2015-01-06 00:00:00+09:00,1745.4370901701077,1745.4370901701077,1701.5818868995018,1705.9674072265625,113600,0.0,0.0
2015-01-07 00:00:00+09:00,1684.039817232376,1710.3529393766319,1662.112215445496,1679.654296875,95800,0.0,0.0
2015-01-08 00:00:00+09:00,1705.967373934659,1719.1239346590908,1679.6542524857955,1688.42529296875,76400,0.0,0.0
2015-01-09 00:00:00+09:00,1692.8108906906089,1705.9674520172198,1675.2688089217943,1697.1964111328125,90600,0.0,0.0
2015-01-13 00:00:00+09:00,1679.654286218068,1684.039806547619,1631.413562593006,1657.7266845703125,141800,0.0,0.0
2015-01-14 00:00:00+09:00,1640.1846270118253,1640.1846270118253,1574.4018211156292,1605.1004638671875,337800,0.0,0.0
2015-01-15 00:00:00+09:00,1613.8716046491825,1631.4136873084128,1583.1729599955295,1609.486083984375,166000,0.0,0.0
2015-01-16 00:00:00+09:00,1587.5583719269391,1596.3294126558174,1561.2452497403049,1583.1728515625,146600,0.0,0.0
2015-01-19 00:00:00+09:00,1613.8715149090297,1627.028076171875,1596.3294332252358,1627.028076171875,104800,0.0,0.0
2015-01-20 00:00:00+09:00,1631.4135729438642,1692.810857947128,1618.2570118717363,1679.654296875,166600,0.0,0.0
2015-01-21 00:00:00+09:00,1697.1963558197021,1697.1963558197021,1670.8832340240479,1684.039794921875,190200,0.0,0.0
2015-01-22 00:00:00+09:00,1684.0398396596859,1692.8108804912467,1666.4977579965641,1675.268798828125,154800,0.0,0.0
2015-01-23 00:00:00+09:00,1688.4253152211509,1705.9673964182537,1675.2687543233237,1684.039794921875,138800,0.0,0.0
2015-01-26 00:00:00+09:00,1666.4977579965641,1679.6543192439053,1653.3411967492227,1675.268798828125,120400,0.0,0.0
2015-01-27 00:00:00+09:00,1675.2687431139825,1719.1239458133014,1675.2687431139825,1710.3529052734375,140600,0.0,0.0
2015-01-28 00:00:00+09:00,1701.5819954015033,1749.8227220752572,1692.8109541880933,1732.2806396484375,182400,0.0,0.0
2015-01-29 00:00:00+09:00,1727.894911156631,1806.8342725800305,1705.9673107612423,1798.063232421875,410800,0.0,0.0
2015-01-30 00:00:00+09:00,1806.8345462664886,1811.220067009854,1736.6662143726444,1745.437255859375,400200,0.0,0.0
2015-02-02 00:00:00+09:00,1727.894890035736,1833.14737064705,1723.5093700102645,1802.44873046875,258800,0.0,0.0
2015-02-03 00:00:00+09:00,1815.6055231986286,1877.0028114227366,1815.6055231986286,1828.7620849609375,316600,0.0,0.0
2015-02-04 00:00:00+09:00,1855.0752047244632,1890.1593693528218,1855.0752047244632,1877.0028076171875,151600,0.0,0.0
2015-02-05 00:00:00+09:00,1881.3880710466535,1881.3880710466535,1837.5328712553562,1855.074951171875,109800,0.0,0.0
2015-02-06 00:00:00+09:00,1863.8462946965144,1942.7856671777786,1863.8462946965144,1938.400146484375,180600,0.0,0.0
2015-02-09 00:00:00+09:00,1947.171160861784,2012.9539703503578,1942.7856402292125,1991.0263671875,252800,0.0,0.0
2015-02-10 00:00:00+09:00,1973.4842369847431,2052.4236064641327,1973.4842369847431,2048.0380859375,283600,0.0,0.0
2015-02-12 00:00:00+09:00,2061.1944341244907,2074.3509943423064,2004.1826731806216,2017.3392333984375,176800,0.0,0.0
2015-02-13 00:00:00+09:00,2017.3393439427978,2048.0379861332317,1991.026222065283,2043.6524658203125,168000,0.0,0.0
2015-02-16 00:00:00+09:00,2056.8092805574906,2083.1224056818933,2034.881676287155,2065.580322265625,93000,0.0,0.0
2015-02-17 00:00:00+09:00,2065.5798558011966,2078.736415392287,2043.6522564827128,2061.1943359375,129000,0.0,0.0
2015-02-18 00:00:00+09:00,2069.965576171875,2118.206299345372,2061.1945355948756,2069.965576171875,165200,0.0,0.0
2015-02-19 00:00:00+09:00,2074.3511080107464,2078.7366283236656,2021.724864255717,2043.6524658203125,115600,0.0,0.0
2015-02-20 00:00:00+09:00,2061.194907134434,2091.8935546875,2061.194907134434,2091.8935546875,159600,0.0,0.0
2015-02-23 00:00:00+09:00,2105.049940664557,2105.049940664557,2056.809212857661,2078.73681640625,79600,0.0,0.0
2015-02-24 00:00:00+09:00,2078.7367042748565,2105.0498271137785,2074.351183801703,2100.664306640625,80200,0.0,0.0
2015-02-25 00:00:00+09:00,2105.0498046875,2109.4353251139323,2091.893243408203,2105.0498046875,46400,0.0,0.0
2015-02-26 00:00:00+09:00,2078.73687820118,2113.821044921875,2078.73687820118,2113.821044921875,119000,0.0,0.0
2015-02-27 00:00:00+09:00,2109.4356390035377,2113.821160082547,2056.8093860554245,2091.8935546875,126600,0.0,0.0
2015-03-02 00:00:00+09:00,2083.122291885504,2109.435415572479,2083.122291885504,2087.5078125,108000,0.0,0.0
2015-03-03 00:00:00+09:00,2096.278709575342,2096.278709575342,2030.4959048815551,2043.6524658203125,191800,0.0,0.0
2015-03-04 00:00:00+09:00,2034.881676287155,2078.7368848278265,2034.881676287155,2065.580322265625,96600,0.0,0.0
2015-03-05 00:00:00+09:00,2065.5800558833753,2087.507657325874,2056.809015306376,2069.965576171875,66400,0.0,0.0
2015-03-06 00:00:00+09:00,2069.965688570664,2069.965688570664,2030.496003830969,2048.0380859375,106400,0.0,0.0
2015-03-09 00:00:00+09:00,2026.1101728451797,2030.495692699823,2008.5680934266068,2012.95361328125,59000,0.0,0.0
2015-03-10 00:00:00+09:00,2008.5684497177863,2026.1105322480726,1986.6408465549282,1991.0263671875,95000,0.0,0.0
2015-03-11 00:00:00+09:00,1982.2551069078947,2096.278630756579,1973.484066611842,2083.1220703125,226200,0.0,0.0
2015-03-12 00:00:00+09:00,2083.122571178318,2144.5198680130475,2078.7370499758376,2126.977783203125,150400,0.0,0.0
2015-03-13 00:00:00+09:00,2162.0615011979694,2188.374622916403,2148.9049403387526,2166.447021484375,168000,0.0,0.0
2015-03-16 00:00:00+09:00,2170.8327000048125,2170.8327000048125,2126.977493944109,2135.74853515625,75000,0.0,0.0
2015-03-17 00:00:00+09:00,2175.2178828284113,2192.7599625286407,2140.133723427953,2153.290283203125,128600,0.0,0.0
2015-03-18 00:00:00+09:00,2162.0613230532394,2162.0613230532394,2126.977163652781,2153.290283203125,43400,0.0,0.0
2015-03-19 00:00:00+09:00,2153.290460625158,2175.218062057186,2135.7483794795357,2166.447021484375,114800,0.0,0.0
2015-03-20 00:00:00+09:00,2183.989035777163,2183.989035777163,2157.675914864185,2179.603515625,95000,0.0,0.0
2015-03-23 00:00:00+09:00,2192.75978715243,2227.8439437468687,2183.98874800382,2188.374267578125,142600,0.0,0.0
2015-03-24 00:00:00+09:00,2183.9887052067743,2223.4583806020773,2170.832146741673,2197.145263671875,49600,0.0,0.0
2015-03-25 00:00:00+09:00,2201.531116385815,2205.916636537978,2153.290394712022,2179.603515625,80600,0.0,0.0
2015-03-26 00:00:00+09:00,2144.5193980823865,2157.675958806818,2109.435236150568,2122.591796875,74800,0.0,0.0
2015-03-27 00:00:00+09:00,2177.1298828125,2243.103515625,2150.7404296875,2177.1298828125,171800,7.0,0.0
2015-03-30 00:00:00+09:00,2177.129734226915,2181.527976114242,2133.147315353644,2146.342041015625,107600,0.0,0.0
2015-03-31 00:00:00+09:00,2177.129451206752,2234.3065883091517,2155.1382446289062,2216.713623046875,185000,0.0,0.0
2015-04-01 00:00:00+09:00,2221.112254973381,2221.112254973381,2181.528076171875,2181.528076171875,99000,0.0,0.0
2015-04-02 00:00:00+09:00,2181.528125,2260.696484375,2172.731640625,2243.103515625,108400,0.0,0.0
2015-04-03 00:00:00+09:00,2212.3157243728638,2256.298144340515,2207.9174823760986,2251.89990234375,72000,0.0,0.0
2015-04-06 00:00:00+09:00,2238.704829624721,2238.704829624721,2190.3241751534597,2216.713623046875,53600,0.0,0.0
2015-04-07 00:00:00+09:00,2234.307079043232,2287.085986422206,2225.51059448007,2282.687744140625,117200,0.0,0.0
2015-04-08 00:00:00+09:00,2287.0858411408917,2339.86474516722,2282.687599138698,2317.87353515625,111600,0.0,0.0
2015-04-09 00:00:00+09:00,2317.8740197662123,2383.847663592575,2287.08631931391,2339.865234375,129000,0.0,0.0
2015-04-10 00:00:00+09:00,2375.05078125,2454.219140625,2361.8560546875,2441.0244140625,198200,0.0,0.0
2015-04-13 00:00:00+09:00,2467.413766107876,2467.413766107876,2379.4489259614274,2383.84716796875,96000,0.0,0.0
2015-04-14 00:00:00+09:00,2397.0422752867353,2493.8036148395945,2392.644032579787,2480.60888671875,111400,0.0,0.0
2015-04-15 00:00:00+09:00,2445.4229076244214,2458.617635543258,2375.051025390625,2375.051025390625,104000,0.0,0.0
2015-04-16 00:00:00+09:00,2383.847554858265,2436.6264675119537,2383.847554858265,2414.63525390625,77200,0.0,0.0
2015-04-17 00:00:00+09:00,2410.236817305479,2414.635059672825,2366.254393632021,2388.24560546875,89000,0.0,0.0
2015-04-20 00:00:00+09:00,2366.254393632021,2410.236817305479,2331.0684546932553,2388.24560546875,54800,0.0,0.0
2015-04-21 00:00:00+09:00,2388.245603702814,2436.6262697078437,2375.050876610533,2432.22802734375,61000,0.0,0.0
2015-04-22 00:00:00+09:00,2419.0333490786347,2441.0245613429856,2401.4403792671537,2427.829833984375,54200,0.0,0.0
2015-04-23 00:00:00+09:00,2410.2367679371555,2423.431494768928,2379.4490719963524,2392.643798828125,53800,0.0,0.0
2015-04-24 00:00:00+09:00,2388.245606376336,2388.245606376336,2361.856152162233,2366.25439453125,61800,0.0,0.0
2015-04-27 00:00:00+09:00,2361.856486896892,2410.2371598128434,2344.263514927455,2401.440673828125,50200,0.0,0.0
2015-04-28 00:00:00+09:00,2392.643847836096,2423.431544407516,2383.8473631014044,2388.24560546875,65000,0.0,0.0
2015-04-30 00:00:00+09:00,2379.448932660814,2572.9715815278673,2357.457722562285,2559.77685546875,287200,0.0,0.0
2015-05-01 00:00:00+09:00,2498.201611242311,2515.794580335567,2458.617430782486,2502.599853515625,146600,0.0,0.0
2015-05-07 00:00:00+09:00,2467.4140060012405,2608.1577639193147,2463.0157635663004,2603.759521484375,198600,0.0,0.0
2015-05-08 00:00:00+09:00,2581.7684585362263,2599.3614292928614,2555.3790024012733,2568.57373046875,132200,0.0,0.0
2015-05-11 00:00:00+09:00,2608.1580544286126,2665.3352124514995,2581.768596879588,2621.352783203125,143000,0.0,0.0
2015-05-12 00:00:00+09:00,2603.7596138946283,2665.3350101691635,2594.9631287125517,2660.936767578125,104800,0.0,0.0
2015-05-13 00:00:00+09:00,2665.3346648078154,2678.52939087122,2572.97158236398,2581.76806640625,132000,0.0,0.0
2015-05-14 00:00:00+09:00,2608.1575185330603,2652.1399387444103,2577.369824385115,2581.76806640625,134600,0.0,0.0
2015-05-15 00:00:00+09:00,2621.3526901971727,2625.7509329659597,2577.3702625093006,2586.166748046875,90800,0.0,0.0
2015-05-18 00:00:00+09:00,2616.9544474283853,2630.149175734747,2577.3702625093006,2586.166748046875,58600,0.0,0.0
2015-05-19 00:00:00+09:00,2586.1666022290956,2603.7595723122868,2564.1753896251066,2577.3701171875,104400,0.0,0.0
2015-05-20 00:00:00+09:00,2594.963186603703,2608.1579146711792,2533.387788955479,2568.57373046875,135800,0.0,0.0
2015-05-21 00:00:00+09:00,2555.3787109375,2630.148828125,2546.5822265625,2550.98046875,121000,0.0,0.0
2015-05-22 00:00:00+09:00,2550.9806620627132,2586.1666022290956,2546.5824195419154,2577.3701171875,83000,0.0,0.0
2015-05-25 00:00:00+09:00,2586.1666022290956,2599.361329791489,2568.5736321459044,2577.3701171875,67800,0.0,0.0
2015-05-26 00:00:00+09:00,2572.972111029913,2647.74224075215,2564.175625180238,2621.352783203125,155600,0.0,0.0
2015-05-27 00:00:00+09:00,2621.352588300945,2638.9455586922268,2594.9631327140232,2616.954345703125,78600,0.0,0.0
2015-05-28 00:00:00+09:00,2616.9544908788735,2638.9457050879396,2594.9632766698073,2625.7509765625,57400,0.0,0.0
2015-05-29 00:00:00+09:00,2608.1579121458512,2630.149125570352,2581.7684560364496,2590.56494140625,104400,0.0,0.0
2015-06-01 00:00:00+09:00,2590.5648447498934,2612.5560573538824,2568.5736321459044,2577.3701171875,97800,0.0,0.0
2015-06-02 00:00:00+09:00,2577.370343347228,2713.7158734560403,2568.573857533756,2687.326416015625,227600,0.0,0.0
2015-06-03 00:00:00+09:00,2709.3177811472037,2722.5125106008427,2660.937106483861,2674.1318359375,95400,0.0,0.0
2015-06-04 00:00:00+09:00,2713.7156786705837,2740.105134216813,2652.140282396049,2660.936767578125,167200,0.0,0.0
2015-06-05 00:00:00+09:00,2691.72473722151,2788.486083984375,2647.7423068747535,2788.486083984375,276600,0.0,0.0
2015-06-08 00:00:00+09:00,2779.689356866057,2823.6717833987477,2735.7069303333665,2766.49462890625,231400,0.0,0.0
2015-06-09 00:00:00+09:00,2766.494792069539,2766.494792069539,2665.335205078125,2665.335205078125,121800,0.0,0.0
2015-06-10 00:00:00+09:00,2678.5296391545253,2704.919093727476,2656.5384270103996,2669.733154296875,97200,0.0,0.0
2015-06-11 00:00:00+09:00,2691.7243640473057,2718.113818596789,2674.13139434765,2713.715576171875,124200,0.0,0.0
2015-06-12 00:00:00+09:00,2696.1229018290965,2709.3176305493043,2682.928173108889,2687.326416015625,139600,0.0,0.0
2015-06-15 00:00:00+09:00,2691.724463691086,2700.520948866547,2660.936765576972,2682.927978515625,78600,0.0,0.0
2015-06-16 00:00:00+09:00,2682.927632892355,2682.927632892355,2572.97158236398,2581.76806640625,139800,0.0,0.0
2015-06-17 00:00:00+09:00,2581.7683648478546,2594.9630924365147,2493.8035142567865,2511.396484375,215200,0.0,0.0
2015-06-18 00:00:00+09:00,2533.3875,2555.3787109375,2506.998046875,2506.998046875,115000,0.0,0.0
2015-06-19 00:00:00+09:00,2511.3961924217397,2555.378612604257,2498.2014663669843,2537.78564453125,84800,0.0,0.0
2015-06-22 00:00:00+09:00,2559.776953125,2559.776953125,2502.5998046875,2528.9892578125,65400,0.0,0.0
2015-06-23 00:00:00+09:00,2555.37861427944,2581.76806640625,2528.98916215263,2581.76806640625,76600,0.0,0.0
2015-06-24 00:00:00+09:00,2594.9631791918823,2647.742091311039,2590.564936515286,2634.54736328125,108400,0.0,0.0
2015-06-25 00:00:00+09:00,2630.1491670877385,2674.1315946310115,2603.759710561774,2652.140380859375,143600,0.0,0.0
2015-06-26 00:00:00+09:00,2652.1399387444103,2652.1399387444103,2581.76806640625,2581.76806640625,51200,0.0,0.0
2015-06-29 00:00:00+09:00,2493.803465516417,2533.3876475087413,2445.42279863691,2515.794677734375,88200,0.0,0.0
2015-06-30 00:00:00+09:00,2502.5998046875,2515.79453125,2485.0068359375,2506.998046875,85400,0.0,0.0
2015-07-01 00:00:00+09:00,2502.6001440983587,2559.7773002904123,2493.8036585303503,2520.193115234375,72200,0.0,0.0
2015-07-02 00:00:00+09:00,2546.582328810183,2550.9805711742765,2375.050876610533,2432.22802734375,306800,0.0,0.0
2015-07-03 00:00:00+09:00,2436.6264223451967,2436.6264223451967,2331.0685989945023,2375.051025390625,222600,0.0,0.0
2015-07-06 00:00:00+09:00,2326.6703585900996,2379.449270316151,2326.6703585900996,2353.059814453125,58600,0.0,0.0
2015-07-07 00:00:00+09:00,2392.6438002126656,2423.4314961712844,2313.475439176217,2326.670166015625,141800,0.0,0.0
2015-07-08 00:00:00+09:00,2322.271875,2322.271875,2243.103515625,2243.103515625,101800,0.0,0.0
2015-07-09 00:00:00+09:00,2199.1210468899953,2291.484130859375,2159.536868045975,2291.484130859375,169400,0.0,0.0
2015-07-10 00:00:00+09:00,2265.094576583468,2287.0857860648607,2203.519190035568,2212.315673828125,136400,0.0,0.0
2015-07-13 00:00:00+09:00,2229.9090366210935,2238.7055219726562,2194.723095214844,2199.121337890625,148400,0.0,0.0
2015-07-14 00:00:00+09:00,2238.7059903658355,2300.281400709886,2234.3077467698317,2287.086669921875,163000,0.0,0.0
2015-07-15 00:00:00+09:00,2322.2721702051526,2348.661626684757,2291.484470978948,2304.67919921875,106000,0.0,0.0
2015-07-16 00:00:00+09:00,2335.4666501163097,2348.661376953125,2309.077196442679,2348.661376953125,93000,0.0,0.0
2015-07-17 00:00:00+09:00,2379.449462890625,2392.644191890018,2357.458247891636,2379.449462890625,89200,0.0,0.0
2015-07-21 00:00:00+09:00,2397.0420420214477,2397.0420420214477,2339.8648923952483,2348.661376953125,45600,0.0,0.0
2015-07-22 00:00:00+09:00,2392.6439410971225,2485.0070344115334,2375.0509709419966,2445.4228515625,235200,0.0,0.0
2015-07-23 00:00:00+09:00,2441.024067266768,2458.6170335173388,2370.652202264482,2405.838134765625,112800,0.0,0.0
2015-07-24 00:00:00+09:00,2401.440560066263,2546.5825719383997,2379.4493461462425,2520.193115234375,317400,0.0,0.0
2015-07-27 00:00:00+09:00,2476.2106084805782,2489.4053364120914,2322.2721159462617,2353.059814453125,288400,0.0,0.0
2015-07-28 00:00:00+09:00,2317.8736814560198,2353.059619694441,2273.8912586579927,2326.670166015625,156400,0.0,0.0
2015-07-29 00:00:00+09:00,2326.6701171875,2357.4578125,2304.67890625,2331.068359375,111400,0.0,0.0
2015-07-30 00:00:00+09:00,2353.0598121925636,2436.6264223451967,2353.0598121925636,2375.051025390625,106200,0.0,0.0
2015-07-31 00:00:00+09:00,2401.440478963589,2405.8387215990538,2344.2633247025515,2397.042236328125,63400,0.0,0.0
2015-08-03 00:00:00+09:00,2392.6441457169462,2392.6441457169462,2344.2634736528166,2361.8564453125,63000,0.0,0.0
2015-08-04 00:00:00+09:00,2370.6524391825783,2370.6524391825783,2304.678809149668,2317.87353515625,43800,0.0,0.0
2015-08-05 00:00:00+09:00,2313.4754861030437,2423.4315453284735,2287.0860318889404,2366.25439453125,166600,0.0,0.0
2015-08-06 00:00:00+09:00,2410.2369112522483,2476.2105493339704,2405.8386687134666,2445.4228515625,144600,0.0,0.0
2015-08-07 00:00:00+09:00,2445.4228024713866,2471.8122571743156,2423.4315902189464,2449.821044921875,79000,0.0,0.0
2015-08-10 00:00:00+09:00,2454.2194330696557,2467.4141612044386,2410.237005953712,2458.61767578125,66400,0.0,0.0
2015-08-11 00:00:00+09:00,2458.6173828125,2533.3875,2436.626171875,2485.0068359375,113600,0.0,0.0
2015-08-12 00:00:00+09:00,2441.024067266768,2441.024067266768,2388.2451685150536,2405.838134765625,92800,0.0,0.0
2015-08-13 00:00:00+09:00,2379.4489259614274,2414.634862020007,2361.855957932138,2383.84716796875,67800,0.0,0.0
2015-08-14 00:00:00+09:00,2370.652635999367,2392.643847836096,2344.2631817952924,2388.24560546875,75400,0.0,0.0
2015-08-17 00:00:00+09:00,2423.4315417436715,2467.4139653687835,2370.652633393537,2454.21923828125,132000,0.0,0.0
2015-08-18 00:00:00+09:00,2410.2369665075234,2427.8299370659724,2366.2545401114007,2375.051025390625,95600,0.0,0.0
2015-08-19 00:00:00+09:00,2375.051025390625,2375.051025390625,2335.4668416341146,2375.051025390625,59000,0.0,0.0
2015-08-20 00:00:00+09:00,2339.864994484405,2344.2632369552402,2260.6966300093686,2273.891357421875,129200,0.0,0.0
2015-08-21 00:00:00+09:00,2199.121045019336,2247.501708009762,2199.121045019336,2203.519287109375,77000,0.0,0.0
2015-08-24 00:00:00+09:00,2159.537316152385,2190.325017197327,2093.56367105608,2097.9619140625,113600,0.0,0.0
2015-08-25 00:00:00+09:00,1992.4041970724588,2097.9620353279533,1961.6164942479397,2001.20068359375,113400,0.0,0.0
2015-08-26 00:00:00+09:00,2036.386181015958,2075.9703616404586,1992.4037580998468,2062.775634765625,90000,0.0,0.0
2015-08-27 00:00:00+09:00,2089.1651381794204,2089.1651381794204,2045.1827142177483,2058.37744140625,101200,0.0,0.0
2015-08-28 00:00:00+09:00,2119.952686925088,2207.917528706212,2102.3597185688636,2181.528076171875,138600,0.0,0.0
2015-08-31 00:00:00+09:00,2141.944240097172,2163.935454061209,2093.5635693762915,2128.74951171875,84200,0.0,0.0
2015-09-01 00:00:00+09:00,2111.1564511802576,2124.351179000134,2045.1828120808746,2049.5810546875,73200,0.0,0.0
2015-09-02 00:00:00+09:00,2023.1916011388287,2049.581056805857,1996.8021454718005,2027.58984375,88200,0.0,0.0
2015-09-03 00:00:00+09:00,2040.7847673160172,2102.3601697781387,2023.1917951839828,2031.98828125,39200,0.0,0.0
2015-09-04 00:00:00+09:00,2040.784878472222,2040.784878472222,1952.8200130208334,1979.20947265625,46800,0.0,0.0
2015-09-07 00:00:00+09:00,1944.0230707489284,2018.7931888546564,1944.0230707489284,1988.0054931640625,56600,0.0,0.0
2015-09-08 00:00:00+09:00,2001.2004160091576,2049.581085407181,1979.2092026464197,1992.4039306640625,44000,0.0,0.0
2015-09-09 00:00:00+09:00,2062.7760144271374,2115.554931640625,2049.5812851237656,2115.554931640625,97800,0.0,0.0
2015-09-10 00:00:00+09:00,2067.1742620388,2097.961963813846,2036.3865602637538,2093.563720703125,72800,0.0,0.0
2015-09-11 00:00:00+09:00,2058.3773919600476,2111.1562994462024,2058.3773919600476,2084.766845703125,92600,0.0,0.0
2015-09-14 00:00:00+09:00,2115.5545925564234,2115.5545925564234,2053.9791990100825,2058.37744140625,36600,0.0,0.0
2015-09-15 00:00:00+09:00,2089.1650885152917,2106.7580576817363,2049.5809078907914,2062.775634765625,64400,0.0,0.0
2015-09-16 00:00:00+09:00,2089.165428049659,2097.9619140625,2053.9794839982965,2097.9619140625,39800,0.0,0.0
2015-09-17 00:00:00+09:00,2141.944328077842,2216.7144586267605,2124.3513561839786,2185.9267578125,151000,0.0,0.0
2015-09-18 00:00:00+09:00,2168.3338488541126,2168.3338488541126,2115.554931640625,2115.554931640625,68000,0.0,0.0
2015-09-24 00:00:00+09:00,2080.36883264454,2080.36883264454,2009.9969482421875,2009.9969482421875,77600,0.0,0.0
2015-09-25 00:00:00+09:00,1988.0056105293095,2053.979248046875,1988.0056105293095,2053.979248046875,62200,0.0,0.0
2015-09-28 00:00:00+09:00,2053.9788406173902,2071.800782835329,2031.7014128449675,2058.434326171875,54600,30.0,0.0
2015-09-29 00:00:00+09:00,2004.9688761666316,2022.7908217325573,1973.7804714262618,1991.6024169921875,79800,0.0,0.0
2015-09-30 00:00:00+09:00,2004.968868028249,2040.612759015418,1991.6024089080609,2018.3353271484375,57800,0.0,0.0
2015-10-01 00:00:00+09:00,2027.245927290483,2089.622725053267,2000.5130139635755,2058.434326171875,50800,0.0,0.0
2015-10-02 00:00:00+09:00,2040.6125435664737,2094.0783744022765,2009.4241422455887,2067.345458984375,52200,0.0,0.0
2015-10-05 00:00:00+09:00,2071.8009448873586,2111.900318014211,2053.9790012754243,2067.345458984375,58000,0.0,0.0
2015-10-06 00:00:00+09:00,2102.989569826245,2183.188324607754,2094.078597072744,2147.54443359375,98600,0.0,0.0
2015-10-07 00:00:00+09:00,2143.089013572631,2192.099365234375,2129.7225540285185,2192.099365234375,46600,0.0,0.0
2015-10-08 00:00:00+09:00,2192.099365234375,2236.654230381415,2174.277419175559,2192.099365234375,76200,0.0,0.0
2015-10-09 00:00:00+09:00,2214.3768448291585,2303.486577015443,2214.3768448291585,2290.1201171875,62600,0.0,0.0
2015-10-13 00:00:00+09:00,2263.387266074856,2348.041514215451,2236.654345609405,2321.30859375,93000,0.0,0.0
2015-10-14 00:00:00+09:00,2281.209425403226,2285.6649125622166,2174.2777335874493,2209.921630859375,105800,0.0,0.0
2015-10-15 00:00:00+09:00,2192.099331168241,2303.486492304839,2192.099331168241,2299.031005859375,85000,0.0,0.0
2015-10-16 00:00:00+09:00,2330.2190794484495,2370.3184517525337,2307.941650390625,2307.941650390625,109600,0.0,0.0
2015-10-19 00:00:00+09:00,2330.21923828125,2343.5856966270317,2267.8424326676027,2330.21923828125,71000,0.0,0.0
2015-10-20 00:00:00+09:00,2312.3973962836585,2343.5858004724555,2209.9212110918975,2254.47607421875,139600,0.0,0.0
2015-10-21 00:00:00+09:00,2263.386943396507,2356.9521516865198,2263.386943396507,2343.585693359375,104200,0.0,0.0
2015-10-22 00:00:00+09:00,2334.674711594626,2401.5070029570675,2334.674711594626,2383.68505859375,89800,0.0,0.0
2015-10-23 00:00:00+09:00,2446.0618510411905,2468.3392813785417,2423.784420703839,2437.15087890625,63400,0.0,0.0
2015-10-26 00:00:00+09:00,2437.151227940314,2472.7951215847797,2370.318927356942,2374.7744140625,82800,0.0,0.0
2015-10-27 00:00:00+09:00,2374.7739375640986,2383.6849091872286,2307.941650390625,2307.941650390625,61000,0.0,0.0
2015-10-28 00:00:00+09:00,2299.030606048886,2325.7635200727104,2205.465406965501,2250.020263671875,187200,0.0,0.0
2015-10-29 00:00:00+09:00,2250.020742397719,2312.39755505825,2205.4658762116255,2276.753662109375,201400,0.0,0.0
2015-10-30 00:00:00+09:00,2187.6436263215755,2267.8423743333647,2138.6332803143714,2232.198486328125,292600,0.0,0.0
2015-11-02 00:00:00+09:00,2192.0996822234124,2214.3771180183658,2143.089323474515,2209.921630859375,184800,0.0,0.0
2015-11-04 00:00:00+09:00,2236.654553813319,2258.9319896082725,2196.5551693824027,2209.921630859375,149000,0.0,0.0
2015-11-05 00:00:00+09:00,2201.0100843235405,2241.109458329435,2196.5545983228853,2232.198486328125,89400,0.0,0.0
2015-11-06 00:00:00+09:00,2232.1986464999068,2254.476078101702,2214.3767012184703,2241.109619140625,57200,0.0,0.0
2015-11-09 00:00:00+09:00,2236.654593636226,2299.031414972694,2236.654593636226,2294.575927734375,141400,0.0,0.0
2015-11-10 00:00:00+09:00,2263.387517066141,2307.9423894493325,2245.565568112864,2294.575927734375,72400,0.0,0.0
2015-11-11 00:00:00+09:00,2272.2981614332934,2334.6749737079326,2272.2981614332934,2316.85302734375,92400,0.0,0.0
2015-11-12 00:00:00+09:00,2294.575653362453,2401.507334295849,2267.842733129104,2374.7744140625,178800,0.0,0.0
2015-11-13 00:00:00+09:00,2334.6749375287222,2432.6956410127527,2321.3084779627184,2423.78466796875,220200,0.0,0.0
2015-11-16 00:00:00+09:00,2388.141027968169,2414.8739499230364,2365.8635930057794,2397.052001953125,156000,0.0,0.0
2015-11-17 00:00:00+09:00,2437.1511979284824,2459.428631181942,2423.7847379764066,2454.97314453125,105000,0.0,0.0
2015-11-18 00:00:00+09:00,2463.8841429753093,2463.8841429753093,2383.685382444467,2388.140869140625,82000,0.0,0.0
2015-11-19 00:00:00+09:00,2419.329345703125,2432.695806176623,2392.596424756129,2419.329345703125,91800,0.0,0.0
2015-11-20 00:00:00+09:00,2423.7847379764066,2454.97314453125,2397.051818072255,2454.97314453125,86400,0.0,0.0
2015-11-24 00:00:00+09:00,2454.9731396836924,2481.7060595350576,2437.151193116116,2468.339599609375,102600,0.0,0.0
2015-11-25 00:00:00+09:00,2477.250158408534,2535.171475061971,2468.3391866156976,2499.527587890625,145000,0.0,0.0
2015-11-26 00:00:00+09:00,2521.805670133492,2557.4495665311388,2486.1617737358456,2508.439208984375,105200,0.0,0.0
2015-11-27 00:00:00+09:00,2535.1718656589674,2584.182218070652,2535.1718656589674,2561.90478515625,154800,0.0,0.0
2015-11-30 00:00:00+09:00,2552.9934056599936,2575.2708350287544,2521.8050045437285,2566.35986328125,91000,0.0,0.0
2015-12-01 00:00:00+09:00,2570.815589917962,2602.003993955095,2566.3601036269433,2579.7265625,73800,0.0,0.0
2015-12-02 00:00:00+09:00,2602.004066232935,2624.281498306847,2557.4492020851108,2610.9150390625,119400,0.0,0.0
2015-12-03 00:00:00+09:00,2606.459314806708,2606.459314806708,2570.815426740975,2584.181884765625,55400,0.0,0.0
2015-12-04 00:00:00+09:00,2526.2604131098396,2557.4488132716892,2512.893955897618,2548.537841796875,52200,0.0,0.0
2015-12-07 00:00:00+09:00,2593.0926991709466,2593.0926991709466,2544.082356059468,2548.537841796875,65400,0.0,0.0
2015-12-08 00:00:00+09:00,2530.716321696109,2548.5382676235463,2472.7949974319376,2490.616943359375,73800,0.0,0.0
2015-12-09 00:00:00+09:00,2450.517578125,2490.6169566761364,2441.6066051136363,2450.517578125,74200,0.0,0.0
2015-12-10 00:00:00+09:00,2423.784507610701,2472.794856110182,2410.4180489290243,2414.87353515625,66000,0.0,0.0
2015-12-11 00:00:00+09:00,2405.962476433958,2463.8837953110715,2405.962476433958,2437.15087890625,160600,0.0,0.0
2015-12-14 00:00:00+09:00,2535.171803756117,2535.171803756117,2441.606587800267,2503.9833984375,420200,0.0,0.0
2015-12-15 00:00:00+09:00,2521.805499579751,2588.637800805363,2508.4390393346284,2526.260986328125,286800,0.0,0.0
2015-12-16 00:00:00+09:00,2557.449048145708,2619.825854198042,2552.9935619991124,2588.637451171875,169000,0.0,0.0
2015-12-17 00:00:00+09:00,2664.380876039889,2682.202821699019,2597.5485798181526,2610.9150390625,178000,0.0,0.0
2015-12-18 00:00:00+09:00,2628.737428899397,2668.836813408032,2539.627685546875,2539.627685546875,217600,0.0,0.0
2015-12-21 00:00:00+09:00,2535.171384584654,2557.4488132716892,2499.527498685397,2548.537841796875,85600,0.0,0.0
2015-12-22 00:00:00+09:00,2561.904766856101,2633.1925516729666,2548.5383072029385,2615.37060546875,144600,0.0,0.0
2015-12-24 00:00:00+09:00,2659.9252295174,2673.291687957186,2579.7264788786842,2588.637451171875,100000,0.0,0.0
2015-12-25 00:00:00+09:00,2588.637451171875,2588.637451171875,2588.637451171875,2588.637451171875,0,0.0,0.0
2015-12-28 00:00:00+09:00,2575.2709127491917,2597.5483427902745,2570.815426740975,2584.181884765625,58200,0.0,0.0
2015-12-29 00:00:00+09:00,2579.7263987574083,2593.0928567820583,2517.349594642376,2584.181884765625,63800,0.0,0.0
2015-12-30 00:00:00+09:00,2597.5483457674395,2602.0038317807625,2544.082513607561,2570.8154296875,76600,0.0,0.0
2016-01-04 00:00:00+09:00,2548.538420069996,2597.548774302111,2521.805499579751,2526.260986328125,62800,0.0,0.0
2016-01-05 00:00:00+09:00,2512.894696034081,2552.994079481433,2481.70628668614,2508.439208984375,119200,0.0,0.0
2016-01-06 00:00:00+09:00,2508.4390549745185,2548.5384359599016,2432.695779779906,2486.16162109375,119600,0.0,0.0
2016-01-07 00:00:00+09:00,2486.1612454217866,2517.3496481421316,2356.9521484375,2356.9521484375,98000,0.0,0.0
2016-01-08 00:00:00+09:00,2334.6749737079326,2379.2298396183896,2307.9420541616587,2316.85302734375,95800,0.0,0.0
2016-01-12 00:00:00+09:00,2285.664149036974,2316.8525487314355,2236.653806659963,2250.020263671875,95200,0.0,0.0
2016-01-13 00:00:00+09:00,2281.2088785046726,2392.596030775409,2276.7533924138434,2383.68505859375,169000,0.0,0.0
2016-01-14 00:00:00+09:00,2294.575029278167,2352.496340696839,2250.020174340727,2325.763427734375,173400,0.0,0.0
2016-01-15 00:00:00+09:00,2397.051526667954,2414.873471104147,2316.8527767050855,2343.585693359375,152000,0.0,0.0
2016-01-18 00:00:00+09:00,2276.753404898124,2348.041182742292,2250.020488206561,2330.21923828125,104400,0.0,0.0
2016-01-19 00:00:00+09:00,2307.942103794643,2459.428651147959,2281.2091836734694,2401.50732421875,165800,0.0,0.0
2016-01-20 00:00:00+09:00,2423.784281491313,2423.784281491313,2307.941650390625,2307.941650390625,109800,0.0,0.0
2016-01-21 00:00:00+09:00,2321.3085331954358,2419.3292390117495,2258.931720403236,2263.38720703125,196400,0.0,0.0
2016-01-22 00:00:00+09:00,2356.952214202318,2419.3290213834757,2325.763810611739,2414.87353515625,152000,0.0,0.0
2016-01-25 00:00:00+09:00,2459.428651147959,2472.795111208546,2392.5963508450254,2401.50732421875,213000,0.0,0.0
2016-01-26 00:00:00+09:00,2370.3187554253473,2481.705914984809,2352.4968098958334,2405.962646484375,261600,0.0,0.0
2016-01-27 00:00:00+09:00,2454.9729648887687,2517.349773434037,2437.151019590121,2512.894287109375,100600,0.0,0.0
2016-01-28 00:00:00+09:00,2486.161461260679,2584.1821640343974,2472.7950017915355,2477.25048828125,280000,0.0,0.0
2016-01-29 00:00:00+09:00,2566.359940732759,2659.925146905307,2459.42827653556,2584.181884765625,418600,0.0,0.0
2016-02-01 00:00:00+09:00,2606.4596144942093,2686.6583718632614,2584.1821818916947,2668.83642578125,194600,0.0,0.0
2016-02-02 00:00:00+09:00,2624.2816635783925,2659.9255571414265,2593.0932567107375,2606.459716796875,149600,0.0,0.0
2016-02-03 00:00:00+09:00,2539.6268790108816,2539.6268790108816,2468.3391069684712,2495.072021484375,100400,0.0,0.0
2016-02-04 00:00:00+09:00,2459.4284628378377,2530.716244369369,2454.972976492117,2472.794921875,126000,0.0,0.0
2016-02-05 00:00:00+09:00,2428.24044208967,2526.261157183198,2428.24044208967,2508.439208984375,137800,0.0,0.0
2016-02-08 00:00:00+09:00,2463.883700719279,2535.171475061971,2441.606271237188,2499.527587890625,119200,0.0,0.0
2016-02-09 00:00:00+09:00,2392.5960438948973,2405.962502240679,2299.0308354744266,2330.21923828125,126200,0.0,0.0
2016-02-10 00:00:00+09:00,2321.3082897900586,2334.674748272535,2178.7327326436443,2236.654052734375,148000,0.0,0.0
2016-02-12 00:00:00+09:00,2192.0994600658573,2250.0207872627193,2125.2671594540934,2156.45556640625,202200,0.0,0.0
2016-02-15 00:00:00+09:00,2294.575200108976,2294.575200108976,2205.4654835998895,2267.84228515625,108200,0.0,0.0
2016-02-16 00:00:00+09:00,2254.4762337752218,2312.397559939407,2241.109773891179,2263.38720703125,106400,0.0,0.0
2016-02-17 00:00:00+09:00,2281.2088910133843,2348.041182742292,2267.8424326676027,2330.21923828125,196400,0.0,0.0
2016-02-18 00:00:00+09:00,2379.2300481602356,2450.517839865411,2370.319074197089,2410.41845703125,138000,0.0,0.0
2016-02-19 00:00:00+09:00,2410.417649240205,2441.6060476592093,2325.7634249600496,2352.496337890625,112800,0.0,0.0
2016-02-22 00:00:00+09:00,2321.3081411469207,2321.3081411469207,2111.9003049973903,2134.177734375,337000,0.0,0.0
2016-02-23 00:00:00+09:00,2143.088853321501,2205.465659863083,2143.088853321501,2196.5546875,186000,0.0,0.0
2016-02-24 00:00:00+09:00,2160.9110581998766,2192.0994652254417,2125.2671644563734,2143.089111328125,142200,0.0,0.0
2016-02-25 00:00:00+09:00,2165.366274161168,2245.5650250560257,2165.366274161168,2236.654052734375,201600,0.0,0.0
2016-02-26 00:00:00+09:00,2272.2979156146034,2365.8631239046163,2272.2979156146034,2343.585693359375,301200,0.0,0.0
2016-02-29 00:00:00+09:00,2379.2294162120493,2405.962331000949,2348.041015625,2348.041015625,173200,0.0,0.0
2016-03-01 00:00:00+09:00,2383.68505859375,2437.1508916837033,2361.407628139603,2383.68505859375,198400,0.0,0.0
2016-03-02 00:00:00+09:00,2428.2402246270985,2490.6170377367853,2397.051818072255,2454.97314453125,139800,0.0,0.0
2016-03-03 00:00:00+09:00,2490.6169864184235,2615.3706100672894,2490.6169864184235,2602.004150390625,256400,0.0,0.0
2016-03-04 00:00:00+09:00,2575.2713149028136,2633.192642054607,2548.538394678909,2593.09326171875,223200,0.0,0.0
2016-03-07 00:00:00+09:00,2593.0932056440483,2597.5486922516843,2508.4389600989675,2521.805419921875,130600,0.0,0.0
2016-03-08 00:00:00+09:00,2535.1715386752426,2593.0928567820583,2503.9831366177264,2584.181884765625,190000,0.0,0.0
2016-03-09 00:00:00+09:00,2517.349531476298,2530.7159891655524,2454.972728926443,2499.527587890625,118200,0.0,0.0
2016-03-10 00:00:00+09:00,2232.19838268352,2374.7739280844635,2232.19838268352,2361.407470703125,567600,0.0,0.0
2016-03-11 00:00:00+09:00,2356.951823379054,2397.051192774917,2339.1298814253373,2352.496337890625,258200,0.0,0.0
2016-03-14 00:00:00+09:00,2405.962562701799,2432.6954800651524,2392.5961040201223,2414.87353515625,164000,0.0,0.0
2016-03-15 00:00:00+09:00,2414.873623356029,2450.517514475675,2370.318759456471,2392.59619140625,159000,0.0,0.0
2016-03-16 00:00:00+09:00,2388.1404640683522,2419.328865651334,2370.3185203066478,2379.2294921875,110200,0.0,0.0
2016-03-17 00:00:00+09:00,2423.7844366776317,2459.4283254523025,2365.8631174187913,2370.318603515625,155600,0.0,0.0
2016-03-18 00:00:00+09:00,2374.7740961227128,2401.5070127770023,2303.486318377941,2343.585693359375,194200,0.0,0.0
2016-03-22 00:00:00+09:00,2379.229582231761,2397.051526667954,2299.030832268893,2343.585693359375,141400,0.0,0.0
2016-03-23 00:00:00+09:00,2339.1298814253373,2370.3182798443418,2330.2189104484787,2352.496337890625,118400,0.0,0.0
2016-03-24 00:00:00+09:00,2307.941569640051,2348.040940541133,2281.208655705996,2303.486083984375,110200,0.0,0.0
2016-03-25 00:00:00+09:00,2303.4866467730326,2348.041514215451,2303.4866467730326,2321.30859375,121600,0.0,0.0
2016-03-28 00:00:00+09:00,2343.5858371310765,2410.4181328667537,2343.5858371310765,2405.962646484375,121600,0.0,0.0
2016-03-29 00:00:00+09:00,2414.973649426985,2432.995840840619,2378.9292665997164,2383.434814453125,80000,30.0,0.0
2016-03-30 00:00:00+09:00,2410.4682806766396,2410.4682806766396,2351.8961542302914,2378.929443359375,80000,0.0,0.0
2016-03-31 00:00:00+09:00,2356.401492582685,2365.4125881566147,2311.346014713035,2315.8515625,100000,0.0,0.0
2016-04-01 00:00:00+09:00,2306.8406313645623,2306.8406313645623,2207.718572985616,2212.22412109375,119600,0.0,0.0
2016-04-04 00:00:00+09:00,2203.213115076865,2275.3018877583168,2198.707566784274,2234.751953125,106200,0.0,0.0
2016-04-05 00:00:00+09:00,2189.6962722252156,2194.2018201104524,2077.057575094289,2090.57421875,206000,0.0,0.0
2016-04-06 00:00:00+09:00,2090.574357966457,2162.6631289308175,2090.574357966457,2149.146484375,181000,0.0,0.0
2016-04-07 00:00:00+09:00,2117.6075314252803,2153.6519149389023,2081.5631479116587,2108.596435546875,199400,0.0,0.0
2016-04-08 00:00:00+09:00,2086.068562126978,2131.1240386308004,2050.02418092392,2099.585205078125,136600,0.0,0.0
2016-04-11 00:00:00+09:00,2104.0906848538307,2104.0906848538307,2054.529662298387,2095.07958984375,98400,0.0,0.0
2016-04-12 00:00:00+09:00,2122.113037109375,2194.201802701201,2095.0797500124404,2122.113037109375,201000,0.0,0.0
2016-04-13 00:00:00+09:00,2189.696666279777,2248.2687993284135,2162.663374103484,2198.707763671875,261400,0.0,0.0
2016-04-14 00:00:00+09:00,2252.7742366828843,2270.7964305763476,2212.2243004225925,2257.27978515625,195600,0.0,0.0
2016-04-15 00:00:00+09:00,2234.751953125,2257.2796945879536,2194.2020184916837,2234.751953125,152800,0.0,0.0
2016-04-18 00:00:00+09:00,2180.685369684278,2230.2464008134666,2158.15762826192,2185.19091796875,119400,0.0,0.0
2016-04-19 00:00:00+09:00,2230.246404832409,2261.7852428805445,2194.2020184916837,2234.751953125,150600,0.0,0.0
2016-04-20 00:00:00+09:00,2270.796049129509,2306.8404308617237,2221.235024247714,2248.268310546875,194000,0.0,0.0
2016-04-21 00:00:00+09:00,2311.346148823583,2338.379437113917,2293.3239566300267,2324.86279296875,113800,0.0,0.0
2016-04-22 00:00:00+09:00,2297.829552570372,2374.4238709893843,2297.829552570372,2360.9072265625,203800,0.0,0.0
2016-04-25 00:00:00+09:00,2378.9294866071427,2378.9294866071427,2329.368455636161,2365.412841796875,109400,0.0,0.0
2016-04-26 00:00:00+09:00,2342.8850473999505,2351.896143736104,2248.268535870337,2279.807373046875,131000,0.0,0.0
2016-04-27 00:00:00+09:00,2243.763361418511,2288.8188506036217,2207.7189700704225,2239.2578125,233000,0.0,0.0
2016-04-28 00:00:00+09:00,2302.3351575119596,2396.951670834369,2266.290771484375,2266.290771484375,342400,0.0,0.0
2016-05-02 00:00:00+09:00,2185.1910271078855,2198.707672636388,2086.068959898868,2126.618896484375,274400,0.0,0.0
2016-05-06 00:00:00+09:00,2113.1015850360577,2126.618226304945,2036.5072845123627,2050.02392578125,250000,0.0,0.0
2016-05-09 00:00:00+09:00,2068.0463336682374,2072.551881236142,2032.001953125,2032.001953125,100800,0.0,0.0
2016-05-10 00:00:00+09:00,2041.0137582304176,2063.54150390625,1991.4527177435862,2063.54150390625,158000,0.0,0.0
2016-05-11 00:00:00+09:00,2072.552198561947,2072.552198561947,2009.47452295354,2036.5078125,162800,0.0,0.0
2016-05-12 00:00:00+09:00,2041.0136038530982,2095.0801893856305,2036.5080550587204,2086.069091796875,241600,0.0,0.0
2016-05-13 00:00:00+09:00,2086.069069989107,2090.5746187363834,2054.53022875817,2068.046875,116000,0.0,0.0
2016-05-16 00:00:00+09:00,2059.035688627134,2077.0578828383123,2036.5079458631608,2045.51904296875,167800,0.0,0.0
2016-05-17 00:00:00+09:00,2068.046371525449,2104.090752728507,2041.0130856231558,2099.585205078125,159600,0.0,0.0
2016-05-18 00:00:00+09:00,2095.07958984375,2108.596232358871,2063.5407573084676,2095.07958984375,98400,0.0,0.0
2016-05-19 00:00:00+09:00,2095.0803478524153,2113.102544393081,2063.54150390625,2063.54150390625,90400,0.0,0.0
2016-05-20 00:00:00+09:00,2054.52978515625,2077.057524028577,2032.0020462839227,2054.52978515625,202000,0.0,0.0
2016-05-23 00:00:00+09:00,2059.0352098034273,2104.0906848538307,2032.0019247731855,2095.07958984375,125400,0.0,0.0
2016-05-24 00:00:00+09:00,2086.068670864763,2104.090862405711,2072.5520272090516,2090.57421875,108200,0.0,0.0
2016-05-25 00:00:00+09:00,2122.1131589310717,2239.2574097425536,2117.607610822938,2212.22412109375,294400,0.0,0.0
2016-05-26 00:00:00+09:00,2248.2685980027723,2266.290791173135,2194.2020184916837,2234.751953125,188000,0.0,0.0
2016-05-27 00:00:00+09:00,2230.2463854567904,2293.3240610050634,2198.707547682654,2266.290771484375,156200,0.0,0.0
2016-05-30 00:00:00+09:00,2284.3126922790893,2288.8182399956163,2216.7294765311876,2248.268310546875,81600,0.0,0.0
2016-05-31 00:00:00+09:00,2230.2463194098605,2261.78515625,2203.213030689741,2261.78515625,105400,0.0,0.0
2016-06-01 00:00:00+09:00,2266.2908821029814,2275.3019790497133,2225.7409458426896,2257.27978515625,172800,0.0,0.0
2016-06-02 00:00:00+09:00,2248.2683689608893,2248.2683689608893,2180.6851514570553,2203.212890625,144200,0.0,0.0
2016-06-03 00:00:00+09:00,2176.1792388916015,2216.7291625976563,2144.640409342448,2162.66259765625,99400,0.0,0.0
2016-06-06 00:00:00+09:00,2117.6078871429945,2207.718861063973,2108.5967897508967,2198.707763671875,88800,0.0,0.0
2016-06-07 00:00:00+09:00,2216.7297599546373,2257.2796945879536,2216.7297599546373,2234.751953125,115800,0.0,0.0
2016-06-08 00:00:00+09:00,2234.7518495211198,2293.323974609375,2203.2130129351362,2293.323974609375,154400,0.0,0.0
2016-06-09 00:00:00+09:00,2257.2796081299803,2279.80734873008,2221.235223169821,2261.78515625,155400,0.0,0.0
2016-06-10 00:00:00+09:00,2239.2572989628234,2239.2572989628234,2198.7073679956898,2221.235107421875,97600,0.0,0.0
2016-06-13 00:00:00+09:00,2171.6739943484044,2171.6739943484044,2117.607421875,2117.607421875,87000,0.0,0.0
2016-06-14 00:00:00+09:00,2140.1353392773854,2140.1353392773854,2063.5410218716684,2113.10205078125,124400,0.0,0.0
2016-06-15 00:00:00+09:00,2086.068654313462,2140.1352285073312,2054.5298193670383,2122.113037109375,134000,0.0,0.0
2016-06-16 00:00:00+09:00,2122.112904483093,2131.1239996189024,2032.001953125,2032.001953125,171000,0.0,0.0
2016-06-17 00:00:00+09:00,2059.0352098034273,2135.629517389113,2054.529662298387,2095.07958984375,329400,0.0,0.0
2016-06-20 00:00:00+09:00,2131.124403714153,2203.213178469811,2122.1133068696954,2189.696533203125,101000,0.0,0.0
2016-06-21 00:00:00+09:00,2185.1908508805204,2194.2019471728113,2126.6187249806303,2180.685302734375,74600,0.0,0.0
2016-06-22 00:00:00+09:00,2162.662967754777,2162.662967754777,2099.5852978619296,2122.113037109375,80000,0.0,0.0
2016-06-23 00:00:00+09:00,2122.113062294408,2153.6518976151315,2108.5964185855264,2140.13525390625,74000,0.0,0.0
2016-06-24 00:00:00+09:00,2149.1463093150746,2176.1795962246983,1950.9022053111682,1982.4410400390625,147400,0.0,0.0
2016-06-27 00:00:00+09:00,2018.4856194690267,2041.0133607577434,1986.9467816648232,2036.5078125,88200,0.0,0.0
2016-06-28 00:00:00+09:00,2013.980114229538,2041.0134043534244,1973.4301790437082,2022.9912109375,74800,0.0,0.0
2016-06-29 00:00:00+09:00,2059.035688627134,2072.5523342855176,2027.4968487575718,2045.51904296875,57400,0.0,0.0
2016-06-30 00:00:00+09:00,2068.046785732723,2099.5856256022853,2018.4857516519826,2045.51904296875,182400,0.0,0.0
2016-07-01 00:00:00+09:00,2059.035954771083,2086.069249582082,2050.0248565007505,2063.54150390625,64400,0.0,0.0
2016-07-04 00:00:00+09:00,2086.0686958508613,2131.1241752428887,2059.035408215645,2108.596435546875,67400,0.0,0.0
2016-07-05 00:00:00+09:00,2122.1131952633646,2153.6520325602723,2122.1131952633646,2149.146484375,73800,0.0,0.0
2016-07-06 00:00:00+09:00,2149.1470385435737,2158.1581372376763,2108.59709442011,2153.652587890625,164000,0.0,0.0
2016-07-07 00:00:00+09:00,2176.1800201916303,2221.2355071521197,2158.1578254074348,2198.707763671875,186600,0.0,0.0
2016-07-08 00:00:00+09:00,2198.7074953189567,2230.2463323419743,2176.1797545882296,2180.685302734375,97600,0.0,0.0
2016-07-11 00:00:00+09:00,2180.685302734375,2180.685302734375,2180.685302734375,2180.685302734375,0,0.0,0.0
2016-07-12 00:00:00+09:00,2387.9405831473214,2405.9627762276787,2356.4017452566964,2365.412841796875,124000,0.0,0.0
2016-07-13 00:00:00+09:00,2446.5129842122396,2451.018532986111,2405.9630452473957,2432.996337890625,135600,0.0,0.0
2016-07-14 00:00:00+09:00,2414.9740318973636,2414.9740318973636,2351.896351959746,2392.4462890625,133200,0.0,0.0
2016-07-15 00:00:00+09:00,2414.9739410052284,2419.479489402626,2365.412908633852,2369.91845703125,172200,0.0,0.0
2016-07-19 00:00:00+09:00,2378.929316515363,2428.4903439427662,2342.884932931797,2419.479248046875,132200,0.0,0.0
2016-07-20 00:00:00+09:00,2419.4795588950687,2428.4906559486817,2383.435170680617,2423.985107421875,99400,0.0,0.0
2016-07-21 00:00:00+09:00,2455.523614322438,2469.040258071002,2401.4570393281824,2451.01806640625,118600,0.0,0.0
2016-07-22 00:00:00+09:00,2428.490192934156,2460.0290266086254,2414.9735499308117,2442.0068359375,95800,0.0,0.0
2016-07-25 00:00:00+09:00,2460.0290266086254,2469.0401219441883,2419.4790975985934,2442.0068359375,92400,0.0,0.0
2016-07-26 00:00:00+09:00,2432.995782119666,2446.512425353664,2356.4014704603433,2428.490234375,148600,0.0,0.0
2016-07-27 00:00:00+09:00,2383.435257772934,2473.5462316017783,2374.4241603900496,2446.512939453125,186600,0.0,0.0
2016-07-28 00:00:00+09:00,2428.4906746125125,2446.5128688582454,2230.24653790945,2243.76318359375,310000,0.0,0.0
2016-07-29 00:00:00+09:00,2414.973731884058,2491.5680480072465,2351.8960597826085,2487.0625,261600,0.0,0.0
2016-08-01 00:00:00+09:00,2428.4904597355767,2473.545941363324,2419.4793634100274,2460.029296875,189200,0.0,0.0
2016-08-02 00:00:00+09:00,2410.4683048563793,2437.5015942566374,2392.4461119228736,2396.95166015625,125600,0.0,0.0
2016-08-03 00:00:00+09:00,2333.874358177185,2360.907651901245,2297.829966545105,2306.841064453125,83800,0.0,0.0
2016-08-04 00:00:00+09:00,2279.807229929957,2369.9181876346984,2275.3016820447197,2351.89599609375,128200,0.0,0.0
2016-08-05 00:00:00+09:00,2342.885009765625,2369.9182983398437,2324.8628173828124,2342.885009765625,93600,0.0,0.0
2016-08-08 00:00:00+09:00,2365.412841796875,2383.4350348772323,2342.8851004464286,2365.412841796875,78800,0.0,0.0
2016-08-09 00:00:00+09:00,2356.4017917998067,2410.4683721087886,2342.885146722561,2401.457275390625,57000,0.0,0.0
2016-08-10 00:00:00+09:00,2392.446131417411,2392.446131417411,2347.3906487165177,2365.412841796875,43600,0.0,0.0
2016-08-12 00:00:00+09:00,2360.907091864224,2378.9292834051726,2342.884900323276,2351.89599609375,42200,0.0,0.0
2016-08-15 00:00:00+09:00,2333.8740435038526,2351.896236889983,2288.8185600385273,2302.335205078125,68400,0.0,0.0
2016-08-16 00:00:00+09:00,2302.3350460241336,2329.368334235767,2275.3017578125,2275.3017578125,70800,0.0,0.0
2016-08-17 00:00:00+09:00,2239.2572501215955,2347.390397008755,2234.7517023346304,2315.8515625,201800,0.0,0.0
2016-08-18 00:00:00+09:00,2311.3462437220983,2423.9849495565086,2302.3351472553454,2396.95166015625,319600,0.0,0.0
2016-08-19 00:00:00+09:00,2396.9514914119945,2500.5790934843176,2396.9514914119945,2451.01806640625,199800,0.0,0.0
2016-08-22 00:00:00+09:00,2464.534935592956,2491.5682255628967,2405.9628073247504,2482.55712890625,138800,0.0,0.0
2016-08-23 00:00:00+09:00,2478.0513539033777,2478.0513539033777,2432.995874741498,2451.01806640625,64200,0.0,0.0
2016-08-24 00:00:00+09:00,2446.5124196133024,2532.1178265610974,2446.5124196133024,2509.590087890625,145000,0.0,0.0
2016-08-25 00:00:00+09:00,2464.534908009999,2482.5571011215893,2410.4683286752274,2414.973876953125,70000,0.0,0.0
2016-08-26 00:00:00+09:00,2423.9850863675456,2469.0405712442657,2392.4462469538416,2455.52392578125,55000,0.0,0.0
2016-08-29 00:00:00+09:00,2478.051560924899,2554.6458818989418,2478.051560924899,2514.095947265625,75400,0.0,0.0
2016-08-30 00:00:00+09:00,2487.0628551136365,2491.5684037642045,2437.5018199573865,2478.0517578125,61200,0.0,0.0
2016-08-31 00:00:00+09:00,2523.1070243362833,2568.162506913717,2500.5792830475666,2545.634765625,97800,0.0,0.0
2016-09-01 00:00:00+09:00,2554.6459524054276,2577.1736944901318,2541.129307154605,2568.16259765625,51200,0.0,0.0
2016-09-02 00:00:00+09:00,2599.701010682328,2599.701010682328,2559.1510815728984,2572.667724609375,89000,0.0,0.0
2016-09-05 00:00:00+09:00,2622.2292688248003,2622.2292688248003,2536.623845959386,2541.12939453125,82200,0.0,0.0
2016-09-06 00:00:00+09:00,2536.623343178771,2581.6788199670264,2523.1067001422944,2572.667724609375,55800,0.0,0.0
2016-09-07 00:00:00+09:00,2559.1512402513,2613.2178157495664,2550.140144334922,2599.701171875,74000,0.0,0.0
2016-09-08 00:00:00+09:00,2599.701171875,2622.2289116659445,2572.6678841258663,2599.701171875,95000,0.0,0.0
2016-09-09 00:00:00+09:00,2617.723321322737,2626.734417093211,2599.701129781789,2613.2177734375,75600,0.0,0.0
2016-09-12 00:00:00+09:00,2586.1846999446902,2626.7346342643805,2536.6236691095132,2545.634765625,109200,0.0,0.0
2016-09-13 00:00:00+09:00,2599.7013688179645,2608.712465416987,2550.1403375233413,2563.656982421875,112400,0.0,0.0
2016-09-14 00:00:00+09:00,2523.1067310929084,2550.140017497475,2496.0734446883416,2509.590087890625,118400,0.0,0.0
2016-09-15 00:00:00+09:00,2491.5682255628967,2500.579322219544,2464.534935592956,2482.55712890625,108400,0.0,0.0
2016-09-16 00:00:00+09:00,2482.556842900355,2505.084581946638,2473.545747281842,2496.073486328125,122600,0.0,0.0
2016-09-20 00:00:00+09:00,2518.601209127117,2581.6788780497996,2505.084565786542,2527.6123046875,131800,0.0,0.0
2016-09-21 00:00:00+09:00,2527.612705129795,2563.657093081735,2460.0294777199074,2554.64599609375,137800,0.0,0.0
2016-09-23 00:00:00+09:00,2572.66819006972,2572.66819006972,2536.62380211778,2554.64599609375,62200,0.0,0.0
2016-09-26 00:00:00+09:00,2527.612748815658,2568.1626859624334,2527.612748815658,2541.12939453125,39600,0.0,0.0
2016-09-27 00:00:00+09:00,2527.612380102667,2581.678955078125,2491.5679967856945,2581.678955078125,95400,0.0,0.0
2016-09-28 00:00:00+09:00,2577.13398936097,2604.4052485076472,2577.13398936097,2581.67919921875,34400,25.0,0.0
2016-09-29 00:00:00+09:00,2608.950420932112,2654.4025188577584,2608.950420932112,2636.2216796875,91200,0.0,0.0
2016-09-30 00:00:00+09:00,2590.769549430685,2590.769549430685,2549.8626618080953,2563.498291015625,76200,0.0,0.0
2016-10-03 00:00:00+09:00,2558.953345951641,2590.769817393313,2531.682084715922,2536.227294921875,88000,0.0,0.0
2016-10-04 00:00:00+09:00,2536.2270576463643,2590.7695750151033,2522.5914283041798,2586.224365234375,111600,0.0,0.0
2016-10-05 00:00:00+09:00,2586.22445307333,2599.8600828786375,2568.04361333292,2577.134033203125,58800,0.0,0.0
2016-10-06 00:00:00+09:00,2577.133920223155,2599.8599689023717,2554.4078715439387,2563.498291015625,86600,0.0,0.0
2016-10-07 00:00:00+09:00,2540.7721990804757,2590.7695053235616,2540.7721990804757,2568.04345703125,93200,0.0,0.0
2016-10-11 00:00:00+09:00,2581.679129958998,2608.950388374058,2549.8626618080953,2563.498291015625,58200,0.0,0.0
2016-10-12 00:00:00+09:00,2545.3175334618873,2554.4079532242513,2499.865434650068,2504.41064453125,65400,0.0,0.0
2016-10-13 00:00:00+09:00,2540.7723681640628,2540.7723681640628,2486.2298486328127,2499.865478515625,76200,0.0,0.0
2016-10-14 00:00:00+09:00,2486.229622784783,2490.7748323328356,2445.3227368523094,2472.593994140625,155800,0.0,0.0
2016-10-17 00:00:00+09:00,2449.8681259570667,2518.0462741747956,2449.8681259570667,2504.41064453125,130800,0.0,0.0
2016-10-18 00:00:00+09:00,2513.500829730594,2563.4981337577847,2499.865201359542,2554.40771484375,65600,0.0,0.0
2016-10-19 00:00:00+09:00,2540.77197265625,2563.4980189233006,2536.22676340284,2540.77197265625,42800,0.0,0.0
2016-10-20 00:00:00+09:00,2572.5886491284477,2604.405116520496,2563.498229873577,2595.314697265625,109800,0.0,0.0
2016-10-21 00:00:00+09:00,2568.043343214802,2581.6789715858545,2554.40771484375,2554.40771484375,61800,0.0,0.0
2016-10-24 00:00:00+09:00,2549.8626618080953,2568.0435007514684,2513.5009839213485,2563.498291015625,71400,0.0,0.0
2016-10-25 00:00:00+09:00,2568.043169756239,2586.224006356283,2545.317124006184,2572.58837890625,50600,0.0,0.0
2016-10-26 00:00:00+09:00,2581.678868558114,2590.769287109375,2568.0432407312223,2590.769287109375,46000,0.0,0.0
2016-10-27 00:00:00+09:00,2613.495451031309,2631.676288951527,2381.689767548532,2399.87060546875,353200,0.0,0.0
2016-10-28 00:00:00+09:00,2408.9611884097735,2486.2297548304646,2404.4159786203213,2458.95849609375,277800,0.0,0.0
2016-10-31 00:00:00+09:00,2445.322998046875,2449.868208080419,2427.1421579126977,2445.322998046875,91000,0.0,0.0
2016-11-01 00:00:00+09:00,2454.4131192294035,2454.4131192294035,2358.96372014826,2399.87060546875,105000,0.0,0.0
2016-11-02 00:00:00+09:00,2363.5090155655894,2404.415902373455,2349.873386629634,2390.7802734375,138800,0.0,0.0
2016-11-04 00:00:00+09:00,2399.870982142857,2399.870982142857,2363.509300595238,2386.2353515625,88400,0.0,0.0
2016-11-07 00:00:00+09:00,2413.506321664092,2431.6871602453657,2377.1446445015445,2390.7802734375,62400,0.0,0.0
2016-11-08 00:00:00+09:00,2404.415902373455,2418.0515313094106,2372.5994348562263,2390.7802734375,81000,0.0,0.0
2016-11-09 00:00:00+09:00,2381.6898275069725,2408.9610850738463,2227.152701294688,2240.788330078125,152000,0.0,0.0
2016-11-10 00:00:00+09:00,2408.9611120187737,2418.0515313094106,2377.1446445015445,2390.7802734375,137400,0.0,0.0
2016-11-11 00:00:00+09:00,2418.0512408088234,2427.141659007353,2377.144358915441,2395.3251953125,103600,0.0,0.0
2016-11-14 00:00:00+09:00,2413.5063553137975,2472.5940815267527,2413.5063553137975,2463.503662109375,88600,0.0,0.0
2016-11-15 00:00:00+09:00,2495.3202189127605,2508.9558485243056,2440.77770046658,2454.413330078125,60000,0.0,0.0
2016-11-16 00:00:00+09:00,2486.2294921875,2495.3199108061012,2458.9582363316954,2486.2294921875,73400,0.0,0.0
2016-11-17 00:00:00+09:00,2477.139247381446,2486.229666637891,2449.8679896121084,2468.048828125,76000,0.0,0.0
2016-11-18 00:00:00+09:00,2481.684614213016,2490.7750340452985,2454.41335471617,2477.139404296875,116200,0.0,0.0
2016-11-21 00:00:00+09:00,2508.955766839964,2513.5009765625,2472.5940890596744,2513.5009765625,85200,0.0,0.0
2016-11-22 00:00:00+09:00,2513.50080299035,2540.772059442325,2477.1391277210505,2531.681640625,103200,0.0,0.0
2016-11-24 00:00:00+09:00,2540.77197265625,2572.588437430121,2531.6815541494298,2540.77197265625,60600,0.0,0.0
2016-11-25 00:00:00+09:00,2572.588779503191,2595.3148287920885,2558.9531499298523,2581.67919921875,81200,0.0,0.0
2016-11-28 00:00:00+09:00,2586.224148315004,2608.9501953125,2568.043310717008,2608.9501953125,65200,0.0,0.0
2016-11-29 00:00:00+09:00,2613.495361328125,2622.585779976223,2590.7693147078808,2613.495361328125,79600,0.0,0.0
2016-11-30 00:00:00+09:00,2599.859576107112,2613.4952032545266,2577.1335308614202,2604.40478515625,86600,0.0,0.0
2016-12-01 00:00:00+09:00,2631.676581930746,2686.2191017635078,2622.5861619586194,2649.857421875,145600,0.0,0.0
2016-12-02 00:00:00+09:00,2631.6765625829003,2704.39992182526,2631.6765625829003,2677.128662109375,135200,0.0,0.0
2016-12-05 00:00:00+09:00,2663.4926480475474,2668.037857344557,2613.495345780443,2640.7666015625,78600,0.0,0.0
2016-12-06 00:00:00+09:00,2654.4027030204848,2722.5808546391618,2654.4027030204848,2718.03564453125,118600,0.0,0.0
2016-12-07 00:00:00+09:00,2745.3066230148565,2781.6683001408815,2745.3066230148565,2772.577880859375,93200,0.0,0.0
2016-12-08 00:00:00+09:00,2754.396989746094,2768.0326184082032,2686.2188464355468,2727.125732421875,139600,0.0,0.0
2016-12-09 00:00:00+09:00,2727.1257844518445,2777.123090500128,2708.944945888832,2772.577880859375,112200,0.0,0.0
2016-12-12 00:00:00+09:00,2772.5777837718388,2795.3038311798045,2690.7640131031617,2731.6708984375,112400,0.0,0.0
2016-12-13 00:00:00+09:00,2727.1260647470735,2731.6712748549853,2686.219173775867,2718.03564453125,113800,0.0,0.0
2016-12-14 00:00:00+09:00,2704.3999662853425,2704.3999662853425,2636.2218158747874,2672.58349609375,164200,0.0,0.0
2016-12-15 00:00:00+09:00,2672.583126905488,2672.583126905488,2581.678938915505,2608.9501953125,301400,0.0,0.0
2016-12-16 00:00:00+09:00,2595.3143670579734,2618.040412303665,2586.223948959697,2604.40478515625,172800,0.0,0.0
2016-12-19 00:00:00+09:00,2590.769215506294,2599.859633806316,2549.862333156195,2572.58837890625,125400,0.0,0.0
2016-12-20 00:00:00+09:00,2577.133976862981,2672.5833834134614,2568.0435571915064,2658.94775390625,184600,0.0,0.0
2016-12-21 00:00:00+09:00,2627.131164657673,2640.766793539979,2581.6790683833187,2595.314697265625,114800,0.0,0.0
2016-12-22 00:00:00+09:00,2568.04361333292,2586.22445307333,2558.953193462715,2577.134033203125,107000,0.0,0.0
2016-12-26 00:00:00+09:00,2563.4983981564747,2563.4983981564747,2508.9558790467627,2527.13671875,127200,0.0,0.0
2016-12-27 00:00:00+09:00,2531.681822864722,2577.133920223155,2531.681822864722,2563.498291015625,91400,0.0,0.0
2016-12-28 00:00:00+09:00,2558.953037714325,2586.2242956650994,2558.953037714325,2568.04345703125,59400,0.0,0.0
2016-12-29 00:00:00+09:00,2527.1367867606027,2549.8628370012557,2522.591576712472,2545.317626953125,66600,0.0,0.0
2016-12-30 00:00:00+09:00,2504.4105136471962,2540.772190796339,2499.865304003554,2518.046142578125,64200,0.0,0.0
2017-01-04 00:00:00+09:00,2563.4981278335495,2631.67626953125,2540.7720806009825,2631.67626953125,126800,0.0,0.0
2017-01-05 00:00:00+09:00,2649.857195082322,2649.857195082322,2595.3146799176775,2622.5859375,153200,0.0,0.0
2017-01-06 00:00:00+09:00,2577.1341867754536,2577.1341867754536,2522.5916643040155,2536.227294921875,174800,0.0,0.0
2017-01-10 00:00:00+09:00,2527.1362874061397,2604.4048429563272,2527.1362874061397,2572.58837890625,184400,0.0,0.0
2017-01-11 00:00:00+09:00,2572.588488894518,2677.12830381426,2572.588488894518,2663.49267578125,165200,0.0,0.0
2017-01-12 00:00:00+09:00,2636.2214789777636,2654.402316763817,2604.40501285217,2631.67626953125,92600,0.0,0.0
2017-01-13 00:00:00+09:00,2595.3146799176775,2654.402404679376,2590.769470320624,2622.5859375,94200,0.0,0.0
2017-01-16 00:00:00+09:00,2608.9505027488426,2622.58613255415,2563.4984033978176,2577.134033203125,75000,0.0,0.0
2017-01-17 00:00:00+09:00,2586.223948959697,2649.8568756476334,2545.317067517452,2604.40478515625,186600,0.0,0.0
2017-01-18 00:00:00+09:00,2595.3146799176775,2636.2215662911613,2554.407793544194,2622.5859375,102200,0.0,0.0
2017-01-19 00:00:00+09:00,2627.1313719446825,2654.4026318610636,2618.040951972556,2649.857421875,75800,0.0,0.0
2017-01-20 00:00:00+09:00,2604.405099111785,2627.1311470970536,2563.4982127383014,2622.5859375,195600,0.0,0.0
2017-01-23 00:00:00+09:00,2618.040614111498,2627.1310329104963,2595.314567114003,2608.9501953125,71400,0.0,0.0
2017-01-24 00:00:00+09:00,2599.8598034056563,2640.7666884242767,2586.224175066116,2631.67626953125,100000,0.0,0.0
2017-01-25 00:00:00+09:00,2654.4027030204848,2727.1260647470735,2654.4027030204848,2718.03564453125,118800,0.0,0.0
2017-01-26 00:00:00+09:00,2754.397147853509,2772.577987113268,2731.67109877881,2736.21630859375,95000,0.0,0.0
2017-01-27 00:00:00+09:00,2768.032890786415,2768.032890786415,2718.035580772211,2749.85205078125,101800,0.0,0.0
2017-01-30 00:00:00+09:00,2763.4876807851238,2781.668520790289,2745.3068407799587,2749.85205078125,79600,0.0,0.0
2017-01-31 00:00:00+09:00,2704.39948538906,2754.396786799614,2704.39948538906,2722.580322265625,74600,0.0,0.0
2017-02-01 00:00:00+09:00,2736.2160020529655,2854.3914440020967,2736.2160020529655,2845.301025390625,248000,0.0,0.0
2017-02-02 00:00:00+09:00,2849.846382524438,2849.846382524438,2804.394287109375,2804.394287109375,143000,0.0,0.0
2017-02-03 00:00:00+09:00,2786.2136045095417,2840.7561220529587,2777.123184918972,2813.48486328125,118000,0.0,0.0
2017-02-06 00:00:00+09:00,2804.394575242872,2831.6658352938566,2763.4876851663957,2799.849365234375,100000,0.0,0.0
2017-02-07 00:00:00+09:00,2777.123090500128,2795.3039290631405,2768.032671218622,2772.577880859375,62400,0.0,0.0
2017-02-08 00:00:00+09:00,2740.7614133741035,2777.123090500128,2727.1257844518445,2772.577880859375,89000,0.0,0.0
2017-02-09 00:00:00+09:00,2772.5781897802653,2772.5781897802653,2731.6712984556384,2740.76171875,47400,0.0,0.0
2017-02-10 00:00:00+09:00,2763.487391707921,2772.5778107595916,2736.2161345529084,2754.39697265625,82800,0.0,0.0
2017-02-13 00:00:00+09:00,2786.213647934997,2808.939697265625,2772.57801833662,2808.939697265625,60600,0.0,0.0
2017-02-14 00:00:00+09:00,2827.1203178295546,2868.027203457313,2827.1203178295546,2831.66552734375,78000,0.0,0.0
2017-02-15 00:00:00+09:00,2836.211045302354,2858.9370953448406,2795.3041552258774,2799.849365234375,99200,0.0,0.0
2017-02-16 00:00:00+09:00,2799.8492085708467,2804.39441832502,2763.4875305374594,2790.7587890625,47800,0.0,0.0
2017-02-17 00:00:00+09:00,2790.758631887,2799.8490508833743,2772.5777938942506,2781.668212890625,43600,0.0,0.0
2017-02-20 00:00:00+09:00,2795.3039988166734,2813.4848378333672,2763.4875305374594,2790.7587890625,51600,0.0,0.0
2017-02-21 00:00:00+09:00,2790.758631887,2790.758631887,2763.4873748978757,2781.668212890625,25400,0.0,0.0
2017-02-22 00:00:00+09:00,2808.9394632166636,2868.027186552936,2795.3038347544466,2858.936767578125,99400,0.0,0.0
2017-02-23 00:00:00+09:00,2840.756166328504,2845.30137619463,2790.7588578011228,2808.939697265625,62000,0.0,0.0
2017-02-24 00:00:00+09:00,2768.032890786415,2786.2137307915805,2736.216420777376,2749.85205078125,65000,0.0,0.0
2017-02-27 00:00:00+09:00,2722.5804962414654,2745.306543789391,2695.309239183955,2704.399658203125,73800,0.0,0.0
2017-02-28 00:00:00+09:00,2695.309511574903,2827.120600673844,2681.673881668116,2777.123291015625,203800,0.0,0.0
2017-03-01 00:00:00+09:00,2813.48486328125,2831.665702462389,2768.032765328403,2813.48486328125,122000,0.0,0.0
2017-03-02 00:00:00+09:00,2840.7559028038613,2886.207997248723,2822.5750650259165,2836.210693359375,151400,0.0,0.0
2017-03-03 00:00:00+09:00,2854.3914875,2890.7531625,2831.665440625,2840.755859375,132800,0.0,0.0
2017-03-06 00:00:00+09:00,2849.8466165344043,2899.8439255964117,2831.665776875493,2881.6630859375,88400,0.0,0.0
2017-03-07 00:00:00+09:00,2899.843844335636,2963.476781358675,2881.663005186196,2940.750732421875,147400,0.0,0.0
2017-03-08 00:00:00+09:00,2954.3864250183105,2972.5672645568848,2895.2986965179443,2908.934326171875,138000,0.0,0.0
2017-03-09 00:00:00+09:00,2940.7508447265627,2986.2029443359374,2913.4795849609377,2954.386474609375,127600,0.0,0.0
2017-03-10 00:00:00+09:00,2977.1124744415283,3013.4741535186768,2895.2986965179443,2908.934326171875,193600,0.0,0.0
2017-03-13 00:00:00+09:00,2908.9340386115446,2918.0244574822054,2863.4819442582393,2913.479248046875,92600,0.0,0.0
2017-03-14 00:00:00+09:00,2908.933881064163,2918.0242994424884,2890.753044307512,2904.388671875,42400,0.0,0.0
2017-03-15 00:00:00+09:00,2904.388862452181,2904.388862452181,2849.846348603314,2858.936767578125,65600,0.0,0.0
2017-03-16 00:00:00+09:00,2840.755998994125,2886.208094978031,2840.755998994125,2877.11767578125,54400,0.0,0.0
2017-03-17 00:00:00+09:00,2872.572396040342,2881.6628150151532,2845.3011391159084,2858.936767578125,70600,0.0,0.0
2017-03-21 00:00:00+09:00,2827.1204487462196,2840.7560779202367,2799.8491903981853,2818.030029296875,78000,0.0,0.0
2017-03-22 00:00:00+09:00,2745.3068407799587,2777.123310788998,2745.3068407799587,2749.85205078125,67600,0.0,0.0
2017-03-23 00:00:00+09:00,2736.2159779529698,2745.306396484375,2722.580350155862,2745.306396484375,62400,0.0,0.0
2017-03-24 00:00:00+09:00,2745.306821233122,2781.668500984554,2740.761611264193,2777.123291015625,63800,0.0,0.0
2017-03-27 00:00:00+09:00,2749.8517631304144,2772.5778107595916,2731.670925027073,2754.39697265625,49400,0.0,0.0
2017-03-28 00:00:00+09:00,2790.758631887,2808.9394698797487,2768.032584396063,2781.668212890625,87400,0.0,0.0
2017-03-29 00:00:00+09:00,2811.5785741868362,2839.188183753319,2806.9769725924225,2816.18017578125,73800,37.5,0.0
2017-03-30 00:00:00+09:00,2820.7818559490265,2848.3914662845796,2802.3754490586575,2806.97705078125,46600,0.0,0.0
2017-03-31 00:00:00+09:00,2788.570907360406,2793.1725095177662,2714.9452728426395,2719.546875,174400,0.0,0.0
2017-04-03 00:00:00+09:00,2742.5545412677498,2742.5545412677498,2641.319306522967,2673.530517578125,168800,0.0,0.0
2017-04-04 00:00:00+09:00,2678.132443126619,2710.3436580783136,2632.1164217670553,2664.32763671875,127200,0.0,0.0
2017-04-05 00:00:00+09:00,2655.1243862457804,2673.5307944693213,2613.7099677428137,2641.319580078125,95800,0.0,0.0
2017-04-06 00:00:00+09:00,2632.116193498884,2645.9209987095423,2567.693769182478,2576.89697265625,88000,0.0,0.0
2017-04-07 00:00:00+09:00,2576.897098412522,2599.9051082197766,2558.4906905667185,2590.701904296875,97000,0.0,0.0
2017-04-10 00:00:00+09:00,2613.709561434659,2659.725574840199,2604.506358753551,2632.115966796875,80200,0.0,0.0
2017-04-11 00:00:00+09:00,2609.1080762062006,2627.5144823875494,2586.1000684795144,2618.311279296875,67600,0.0,0.0
2017-04-12 00:00:00+09:00,2572.295654296875,2595.3036655159885,2553.8892453215844,2572.295654296875,56000,0.0,0.0
2017-04-13 00:00:00+09:00,2549.287631577068,2563.092438246258,2489.466802677245,2517.076416015625,120000,0.0,0.0
2017-04-14 00:00:00+09:00,2517.076102811796,2558.4905176661036,2489.4664929089245,2553.888916015625,82800,0.0,0.0
2017-04-17 00:00:00+09:00,2526.2796318586484,2581.4988587845205,2521.6780296148254,2572.295654296875,95200,0.0,0.0
2017-04-18 00:00:00+09:00,2618.3115160655807,2641.319525872835,2576.897098412522,2590.701904296875,71600,0.0,0.0
2017-04-19 00:00:00+09:00,2586.10018478771,2622.9129988060404,2563.0921760262536,2604.506591796875,101400,0.0,0.0
2017-04-20 00:00:00+09:00,2636.7178438709902,2636.7178438709902,2595.3034274751108,2599.905029296875,77200,0.0,0.0
2017-04-21 00:00:00+09:00,2645.920888568898,2645.920888568898,2595.303271570189,2618.311279296875,78800,0.0,0.0
2017-04-24 00:00:00+09:00,2641.319287023561,2645.920888568898,2586.1000684795144,2618.311279296875,123600,0.0,0.0
2017-04-25 00:00:00+09:00,2622.9130935668945,2682.733918507894,2618.3114916483564,2650.522705078125,152000,0.0,0.0
2017-04-26 00:00:00+09:00,2664.3276880296607,2733.351721398305,2664.3276880296607,2714.9453125,241200,0.0,0.0
2017-04-27 00:00:00+09:00,2747.156151865043,2825.3833789700775,2691.9369327320774,2816.18017578125,351000,0.0,0.0
2017-04-28 00:00:00+09:00,2848.3913474650794,2926.61857348593,2788.5705275667824,2820.78173828125,329800,0.0,0.0
2017-05-01 00:00:00+09:00,2636.7179239113843,2682.7339435258937,2544.6858846823657,2590.701904296875,637400,0.0,0.0
2017-05-02 00:00:00+09:00,2622.912890625,2687.3353125,2618.3112890625002,2645.9208984375,423200,0.0,0.0
2017-05-08 00:00:00+09:00,2747.156494140625,2811.5789244889816,2728.7500854696664,2747.156494140625,448400,0.0,0.0
2017-05-09 00:00:00+09:00,2770.1646305338545,2793.172642415365,2737.9534138997396,2760.96142578125,253800,0.0,0.0
2017-05-10 00:00:00+09:00,2788.570566214767,2848.3913869421467,2788.570566214767,2816.18017578125,292400,0.0,0.0
2017-05-11 00:00:00+09:00,2843.7899523806495,2857.5947579747303,2806.9771374631005,2825.383544921875,183400,0.0,0.0
2017-05-12 00:00:00+09:00,2806.9772087071988,2806.9772087071988,2770.1643928553012,2788.57080078125,152600,0.0,0.0
2017-05-15 00:00:00+09:00,2802.375591856061,2806.9771938131316,2719.546756628788,2733.3515625,137000,0.0,0.0
2017-05-16 00:00:00+09:00,2737.953237071379,2770.16445162516,2691.9372162802633,2696.538818359375,176200,0.0,0.0
2017-05-17 00:00:00+09:00,2705.741928100586,2710.3435300191245,2641.3195012410483,2650.522705078125,121600,0.0,0.0
2017-05-18 00:00:00+09:00,2576.897020188053,2609.108232940404,2572.2954183662887,2599.905029296875,126800,0.0,0.0
2017-05-19 00:00:00+09:00,2599.9053933357427,2613.710200733986,2563.092573607095,2586.1005859375,101000,0.0,0.0
2017-05-22 00:00:00+09:00,2599.905029296875,2604.5066311186392,2576.897020188053,2599.905029296875,106200,0.0,0.0
2017-05-23 00:00:00+09:00,2632.116289747807,2641.319493558114,2586.100270696272,2622.9130859375,135200,0.0,0.0
2017-05-24 00:00:00+09:00,2645.921103159587,2664.3275108337402,2613.709889729818,2650.522705078125,125200,0.0,0.0
2017-05-25 00:00:00+09:00,2673.530674979013,2682.733878679457,2645.921063877681,2655.124267578125,151200,0.0,0.0
2017-05-26 00:00:00+09:00,2655.1239734996448,2682.7335815429688,2622.912764115767,2632.115966796875,163200,0.0,0.0
2017-05-29 00:00:00+09:00,2627.5146484375,2645.9210557820707,2599.9050374206436,2627.5146484375,124200,0.0,0.0
2017-05-30 00:00:00+09:00,2641.3194229495566,2682.7338389888355,2618.311414038846,2659.725830078125,151000,0.0,0.0
2017-05-31 00:00:00+09:00,2650.5225096815834,2701.140127053975,2627.514501785042,2673.530517578125,190000,0.0,0.0
2017-06-01 00:00:00+09:00,2678.1322372066934,2696.538644335262,2650.522626513841,2659.725830078125,130400,0.0,0.0
2017-06-02 00:00:00+09:00,2691.9370077164444,2806.97705078125,2673.530600826076,2806.97705078125,190600,0.0,0.0
2017-06-05 00:00:00+09:00,2783.969311482543,2788.570913650283,2728.7500854696664,2747.156494140625,103000,0.0,0.0
2017-06-06 00:00:00+09:00,2747.1562017492347,2747.1562017492347,2659.725769867768,2724.148193359375,311200,0.0,0.0
2017-06-07 00:00:00+09:00,2724.1484440321906,2751.758056640625,2696.538831423756,2751.758056640625,160800,0.0,0.0
2017-06-08 00:00:00+09:00,2747.1560940099835,2779.3673044925126,2724.1480865224626,2765.5625,143400,0.0,0.0
2017-06-09 00:00:00+09:00,2760.9612608434363,2788.5708734518707,2742.5548524378137,2751.758056640625,146400,0.0,0.0
2017-06-12 00:00:00+09:00,2737.952891014975,2797.773710482529,2737.952891014975,2765.5625,111600,0.0,0.0
2017-06-13 00:00:00+09:00,2751.7578034272065,2751.7578034272065,2710.3433883254593,2724.148193359375,99000,0.0,0.0
2017-06-14 00:00:00+09:00,2719.5468028582795,2770.1644252465044,2701.1403947171066,2756.359619140625,119200,0.0,0.0
2017-06-15 00:00:00+09:00,2737.953109086889,2742.5547109509007,2682.73388671875,2682.73388671875,112200,0.0,0.0
2017-06-16 00:00:00+09:00,2701.140097689466,2724.1481053358843,2678.1320900430483,2705.74169921875,152000,0.0,0.0
2017-06-19 00:00:00+09:00,2710.3432119709173,2710.3432119709173,2678.1320023210083,2687.335205078125,82800,0.0,0.0
2017-06-20 00:00:00+09:00,2724.1480865224626,2779.3673044925126,2705.741680532446,2765.5625,138600,0.0,0.0
2017-06-21 00:00:00+09:00,2747.1560940099835,2788.570507487521,2747.1560940099835,2765.5625,143600,0.0,0.0
2017-06-22 00:00:00+09:00,2756.359572285354,2770.164378156566,2733.3515625,2733.3515625,73000,0.0,0.0
2017-06-23 00:00:00+09:00,2733.351396715319,2737.9529983932907,2710.3433883254593,2724.148193359375,92800,0.0,0.0
2017-06-26 00:00:00+09:00,2724.148193359375,2765.562608461122,2719.546591681403,2724.148193359375,57800,0.0,0.0
2017-06-27 00:00:00+09:00,2742.5543770695367,2788.5703901076163,2737.952775765729,2779.3671875,88400,0.0,0.0
2017-06-28 00:00:00+09:00,2783.9692450740336,2857.594878001611,2783.9692450740336,2811.578857421875,167400,0.0,0.0
2017-06-29 00:00:00+09:00,2857.594970703125,2876.0013795321306,2839.1885618741194,2857.594970703125,79400,0.0,0.0
2017-06-30 00:00:00+09:00,2829.9850175965507,2935.821855653007,2825.383415941922,2926.61865234375,247000,0.0,0.0
2017-07-03 00:00:00+09:00,2908.212386592742,3032.455637285786,2903.6107847152216,2995.642822265625,203400,0.0,0.0
2017-07-04 00:00:00+09:00,3023.252393851251,3106.081226559504,2986.4395793142494,3000.244384765625,198000,0.0,0.0
2017-07-05 00:00:00+09:00,3000.244237986216,3055.4634570902567,2995.6426363942123,3046.26025390625,101800,0.0,0.0
2017-07-06 00:00:00+09:00,3009.447276722301,3046.260087446733,3000.2440740411935,3037.056884765625,102400,0.0,0.0
2017-07-07 00:00:00+09:00,3018.650634765625,3069.268252116878,3018.650634765625,3018.650634765625,64200,0.0,0.0
2017-07-10 00:00:00+09:00,3018.650364111991,3064.6663757600395,3018.650364111991,3050.861572265625,119800,0.0,0.0
2017-07-11 00:00:00+09:00,3050.862185916385,3078.4717984586146,3050.862185916385,3064.6669921875,53600,0.0,0.0
2017-07-12 00:00:00+09:00,3050.862139587864,3050.862139587864,3027.8541294853912,3041.658935546875,81400,0.0,0.0
2017-07-13 00:00:00+09:00,3050.8618458073315,3050.8618458073315,2995.642626878692,3018.650634765625,120400,0.0,0.0
2017-07-14 00:00:00+09:00,3023.2523411342077,3110.6827741350444,3023.2523411342077,3092.2763671875,155200,0.0,0.0
2017-07-17 00:00:00+09:00,3092.2763671875,3092.2763671875,3092.2763671875,3092.2763671875,0,0.0,0.0
2017-07-18 00:00:00+09:00,3092.2763671875,3101.479570661272,3050.8619515555247,3092.2763671875,101000,0.0,0.0
2017-07-19 00:00:00+09:00,3069.2687589908073,3078.4719636654427,3041.659144966902,3073.870361328125,111600,0.0,0.0
2017-07-20 00:00:00+09:00,3073.870046401165,3110.682861328125,3060.065240803555,3110.682861328125,83400,0.0,0.0
2017-07-21 00:00:00+09:00,3069.268633987312,3078.4718382871242,3009.4478060385336,3060.0654296875,131400,0.0,0.0
2017-07-24 00:00:00+09:00,3023.2520807439632,3046.260087446733,3014.0488780628552,3037.056884765625,82400,0.0,0.0
2017-07-25 00:00:00+09:00,3037.057080450859,3041.6586820879056,3000.2442673544847,3014.049072265625,63400,0.0,0.0
2017-07-26 00:00:00+09:00,3041.6586033372573,3041.6586033372573,3004.8457911939927,3023.252197265625,70000,0.0,0.0
2017-07-27 00:00:00+09:00,3023.2524335307457,3032.455637285786,2986.4396185105848,2995.642822265625,111000,0.0,0.0
2017-07-28 00:00:00+09:00,3060.0648914683948,3106.0809048739347,2995.6424727006392,3037.056884765625,232000,0.0,0.0
2017-07-31 00:00:00+09:00,3101.479895201726,3156.699121822528,3073.8702818913243,3083.073486328125,176400,0.0,0.0
2017-08-01 00:00:00+09:00,3083.0733607805473,3096.8781668735946,3018.650932346327,3069.2685546875,130000,0.0,0.0
2017-08-02 00:00:00+09:00,3037.0569812863373,3041.6585827731346,2954.2281545239825,2968.032958984375,176800,0.0,0.0
2017-08-03 00:00:00+09:00,2958.8298046875,2991.041015625,2935.821796875,2991.041015625,102400,0.0,0.0
2017-08-04 00:00:00+09:00,2968.0330372005005,2972.634638808563,2945.0250291601865,2958.829833984375,78200,0.0,0.0
2017-08-07 00:00:00+09:00,2968.0329200579285,2981.837724337268,2954.2281157785897,2972.634521484375,81600,0.0,0.0
2017-08-08 00:00:00+09:00,2977.236045178072,2995.6424504032843,2958.82963995286,2981.837646484375,81600,0.0,0.0
2017-08-09 00:00:00+09:00,2954.228429142584,2972.6348368007934,2903.610808082509,2935.822021484375,122600,0.0,0.0
2017-08-10 00:00:00+09:00,2949.6265037536623,2972.634510803223,2917.415293884277,2945.02490234375,70400,0.0,0.0
2017-08-11 00:00:00+09:00,2945.02490234375,2945.02490234375,2945.02490234375,2945.02490234375,0,0.0,0.0
2017-08-14 00:00:00+09:00,2894.4073728891103,2894.4073728891103,2843.7897558751515,2848.391357421875,116000,0.0,0.0
2017-08-15 00:00:00+09:00,2839.188193311969,2862.196201361499,2806.9769820426272,2843.789794921875,144000,0.0,0.0
2017-08-16 00:00:00+09:00,2843.7897459344413,2857.594550526356,2811.5785352199737,2820.78173828125,118200,0.0,0.0
2017-08-17 00:00:00+09:00,2843.7901698938394,2889.8061920604064,2839.188567677183,2885.20458984375,104800,0.0,0.0
2017-08-18 00:00:00+09:00,2825.383319467554,2839.1881239600666,2765.5625,2765.5625,157200,0.0,0.0
2017-08-21 00:00:00+09:00,2779.3677214824506,2806.97733460976,2760.9613127309112,2802.375732421875,92600,0.0,0.0
2017-08-22 00:00:00+09:00,2765.562790873814,2811.578810688686,2747.156382947865,2788.57080078125,228200,0.0,0.0
2017-08-23 00:00:00+09:00,2811.578755252101,2820.7819590336135,2733.3515231092438,2737.953125,134600,0.0,0.0
2017-08-24 00:00:00+09:00,2673.5307146708174,2691.9371223449707,2576.8970743815107,2650.522705078125,320200,0.0,0.0
2017-08-25 00:00:00+09:00,2678.1322848547384,2705.7418960388077,2673.5306829907267,2682.73388671875,104400,0.0,0.0
2017-08-28 00:00:00+09:00,2687.335659898477,2724.1484771573605,2682.734057741117,2719.546875,128000,0.0,0.0
2017-08-29 00:00:00+09:00,2687.3356142011517,2710.3436245967096,2678.1324100429288,2696.538818359375,113600,0.0,0.0
2017-08-30 00:00:00+09:00,2687.335331931431,2710.343339910296,2673.530527144112,2701.14013671875,122000,0.0,0.0
2017-08-31 00:00:00+09:00,2724.1483585858587,2756.359572285354,2710.3435527146466,2733.3515625,104600,0.0,0.0
2017-09-01 00:00:00+09:00,2765.562736344538,2765.562736344538,2710.343513655462,2737.953125,79600,0.0,0.0
2017-09-04 00:00:00+09:00,2737.9528202422675,2747.1560229993847,2687.335205078125,2687.335205078125,75400,0.0,0.0
2017-09-05 00:00:00+09:00,2687.3355280820447,2714.9451396719287,2673.5307222871024,2678.13232421875,64000,0.0,0.0
2017-09-06 00:00:00+09:00,2650.5226814516127,2719.5467096144152,2636.7178758190526,2710.343505859375,85800,0.0,0.0
2017-09-07 00:00:00+09:00,2682.733790425938,2682.733790425938,2609.108163244437,2636.7177734375,244600,0.0,0.0
2017-09-08 00:00:00+09:00,2622.9132789789246,2636.7180857103926,2567.6940520530525,2572.295654296875,197400,0.0,0.0
2017-09-11 00:00:00+09:00,2595.303004376122,2609.1078075908886,2558.490195803411,2563.091796875,107000,0.0,0.0
2017-09-12 00:00:00+09:00,2595.303466796875,2604.5066705798426,2576.8970592309397,2595.303466796875,94600,0.0,0.0
2017-09-13 00:00:00+09:00,2636.7178438709902,2636.7178438709902,2599.905029296875,2599.905029296875,110600,0.0,0.0
2017-09-14 00:00:00+09:00,2599.9051082197766,2613.7099141041294,2576.897098412522,2590.701904296875,99200,0.0,0.0
2017-09-15 00:00:00+09:00,2576.897098412522,2613.7099141041294,2567.69389448962,2590.701904296875,123600,0.0,0.0
2017-09-18 00:00:00+09:00,2590.701904296875,2590.701904296875,2590.701904296875,2590.701904296875,0,0.0,0.0
2017-09-19 00:00:00+09:00,2632.11609375,2664.3273046875,2604.506484375,2645.9208984375,153200,0.0,0.0
2017-09-20 00:00:00+09:00,2636.71798474542,2678.132403353987,2636.71798474542,2668.92919921875,112800,0.0,0.0
2017-09-21 00:00:00+09:00,2673.5306354245513,2687.3354407709776,2655.124228295983,2659.725830078125,94600,0.0,0.0
2017-09-22 00:00:00+09:00,2682.733878679457,2682.733878679457,2636.7178601772366,2655.124267578125,124200,0.0,0.0
2017-09-25 00:00:00+09:00,2668.9289159988166,2691.936923895358,2659.7257128402002,2673.530517578125,88400,0.0,0.0
2017-09-26 00:00:00+09:00,2678.132292716734,2719.5467096144152,2673.5306908392135,2710.343505859375,23600,0.0,0.0
2017-09-27 00:00:00+09:00,2677.7823621685,2724.825731259301,2663.023658140014,2711.911865234375,142900,6.7,0.2
2017-09-28 00:00:00+09:00,2722.0580981009944,2724.825354723937,2642.7300749099795,2689.7734375,150900,0.0,0.0
2017-09-29 00:00:00+09:00,2678.7045375097555,2678.7045375097555,2648.2647132198717,2659.333740234375,76000,0.0,0.0
2017-10-02 00:00:00+09:00,2679.627197265625,2698.997996282003,2664.8684932531464,2679.627197265625,75500,0.0,0.0
2017-10-03 00:00:00+09:00,2702.687525487208,2702.687525487208,2672.2477001148263,2686.083984375,172200,0.0,0.0
2017-10-04 00:00:00+09:00,2698.075091487281,2758.9547345772503,2695.3078349831912,2752.497802734375,153700,0.0,0.0
2017-10-05 00:00:00+09:00,2744.196551779042,2752.498322860054,2707.2997914189878,2715.6015625,157800,0.0,0.0
2017-10-06 00:00:00+09:00,2722.0580911412485,2756.1875894036093,2719.2908345253813,2750.653076171875,90300,0.0,0.0
2017-10-09 00:00:00+09:00,2750.653076171875,2750.653076171875,2750.653076171875,2750.653076171875,0,0.0,0.0
2017-10-10 00:00:00+09:00,2758.0323172291737,2790.3169764609534,2722.980401491813,2732.20458984375,129200,0.0,0.0
2017-10-11 00:00:00+09:00,2709.144392931708,2712.834068645609,2658.4113518655713,2675.014892578125,155700,0.0,0.0
2017-10-12 00:00:00+09:00,2674.0925852403975,2675.9374231743336,2615.0577713544417,2620.59228515625,195400,0.0,0.0
2017-10-13 00:00:00+09:00,2620.5922130102736,2651.0320380821986,2605.833509945098,2650.109619140625,124000,0.0,0.0
2017-10-16 00:00:00+09:00,2663.0231917647816,2692.540594652372,2655.643841042884,2683.31640625,79400,0.0,0.0
2017-10-17 00:00:00+09:00,2683.3169446092415,2705.455001216537,2680.5496875333297,2702.687744140625,85600,0.0,0.0
2017-10-18 00:00:00+09:00,2699.920135057587,2699.920135057587,2672.2475679063305,2684.239013671875,91400,0.0,0.0
2017-10-19 00:00:00+09:00,2675.0148676453264,2693.46324604288,2662.1010027670386,2691.618408203125,84800,0.0,0.0
2017-10-20 00:00:00+09:00,2675.9371785229037,2694.3855561755954,2665.7905708139233,2673.169921875,64100,0.0,0.0
2017-10-23 00:00:00+09:00,2704.532223587191,2733.1272095800978,2681.471751012266,2724.825439453125,121100,0.0,0.0
2017-10-24 00:00:00+09:00,2727.5926874223924,2794.929267125414,2717.446079521937,2785.705078125,195400,0.0,0.0
2017-10-25 00:00:00+09:00,2785.705093480784,2804.1534715833054,2749.7307561808666,2757.110107421875,113700,0.0,0.0
2017-10-26 00:00:00+09:00,2766.3341430128125,2766.3341430128125,2728.514970000633,2731.2822265625,80900,0.0,0.0
2017-10-27 00:00:00+09:00,2767.256801814684,2794.9293698328306,2728.515206589278,2771.868896484375,151600,0.0,0.0
2017-10-30 00:00:00+09:00,2728.5148516058425,2732.204526861564,2634.4281325849515,2660.255859375,670600,0.0,0.0
2017-10-31 00:00:00+09:00,2650.1092846149495,2682.3939434947,2636.2730022379137,2675.93701171875,191300,0.0,0.0
2017-11-01 00:00:00+09:00,2693.46322441232,2718.368535049009,2674.0924272504503,2687.9287109375,226700,0.0,0.0
2017-11-02 00:00:00+09:00,2687.928793144743,2723.9031318313064,2687.006374204062,2722.980712890625,148600,0.0,0.0
2017-11-03 00:00:00+09:00,2722.980712890625,2722.980712890625,2722.980712890625,2722.980712890625,0,0.0,0.0
2017-11-06 00:00:00+09:00,2729.4375644371157,2822.6018746798154,2729.4375644371157,2813.377685546875,278200,0.0,0.0
2017-11-07 00:00:00+09:00,2817.98989234224,2882.559218844354,2817.98989234224,2864.11083984375,149300,0.0,0.0
2017-11-08 00:00:00+09:00,2831.82600227812,2859.498569075626,2827.213907811869,2854.886474609375,62000,0.0,0.0
2017-11-09 00:00:00+09:00,2854.886495628104,2864.1106846285184,2749.7307410233857,2785.705078125,199100,0.0,0.0
2017-11-10 00:00:00+09:00,2748.8084231359194,2794.9293698328306,2748.8084231359194,2771.868896484375,91600,0.0,0.0
2017-11-13 00:00:00+09:00,2767.256549873737,2771.868644123527,2724.8252827756733,2739.583984375,106700,0.0,0.0
2017-11-14 00:00:00+09:00,2753.420267124369,2758.9547802241163,2724.8252827756733,2739.583984375,77500,0.0,0.0
2017-11-15 00:00:00+09:00,2721.1357411670583,2729.4375112248563,2648.2646484375,2648.2646484375,181400,0.0,0.0
2017-11-16 00:00:00+09:00,2631.66094422842,2641.807551444162,2593.841771878835,2630.738525390625,150300,0.0,0.0
2017-11-17 00:00:00+09:00,2658.4111831276005,2669.4802095667164,2602.1436320620965,2604.910888671875,129600,0.0,0.0
2017-11-20 00:00:00+09:00,2612.2901061968464,2642.7299273495637,2601.221080323131,2603.06591796875,120500,0.0,0.0
2017-11-21 00:00:00+09:00,2618.7472804588606,2635.350820806962,2610.44551028481,2623.359375,85200,0.0,0.0
2017-11-22 00:00:00+09:00,2641.808007197235,2656.5667111480575,2628.894141240265,2635.35107421875,55100,0.0,0.0
2017-11-23 00:00:00+09:00,2635.35107421875,2635.35107421875,2635.35107421875,2635.35107421875,0,0.0,0.0
2017-11-24 00:00:00+09:00,2632.583705991496,2640.885476613053,2608.600813084776,2637.19580078125,56500,0.0,0.0
2017-11-27 00:00:00+09:00,2638.1180992555082,2653.7992208245096,2615.9800452757418,2627.049072265625,55300,0.0,0.0
2017-11-28 00:00:00+09:00,2619.6696149155828,2622.436871551057,2588.307373046875,2588.307373046875,63500,0.0,0.0
2017-11-29 00:00:00+09:00,2621.514382446375,2629.8161521304064,2605.833261932093,2617.82470703125,95100,0.0,0.0
2017-11-30 00:00:00+09:00,2610.4456637198464,2638.118232593202,2608.600825794956,2628.89404296875,137600,0.0,0.0
2017-12-01 00:00:00+09:00,2640.885178375782,2649.186948059813,2603.9884242245307,2617.82470703125,128900,0.0,0.0
2017-12-04 00:00:00+09:00,2625.2044835829684,2625.2044835829684,2598.4543324853203,2606.756103515625,84800,0.0,0.0
2017-12-05 00:00:00+09:00,2588.3074202422936,2649.187067332811,2583.695325765739,2648.2646484375,115100,0.0,0.0
2017-12-06 00:00:00+09:00,2658.411467282558,2658.411467282558,2589.230044643352,2600.299072265625,226900,0.0,0.0
2017-12-07 00:00:00+09:00,2610.4453008046407,2620.591907980913,2602.1435312967815,2618.7470703125,103100,0.0,0.0
2017-12-08 00:00:00+09:00,2584.6176616481534,2618.7471596784826,2584.6176616481534,2613.212646484375,119700,0.0,0.0
2017-12-11 00:00:00+09:00,2620.592081578174,2649.187067332811,2607.678217043822,2648.2646484375,136200,0.0,0.0
2017-12-12 00:00:00+09:00,2644.5748978143665,2644.5748978143665,2613.2126562637254,2625.2041015625,109900,0.0,0.0
2017-12-13 00:00:00+09:00,2613.213036539195,2623.359645576234,2597.5319134819533,2606.756103515625,181900,0.0,0.0
2017-12-14 00:00:00+09:00,2603.9886796937135,2613.212869136483,2588.307557641006,2609.523193359375,114100,0.0,0.0
2017-12-15 00:00:00+09:00,2611.367991707418,2613.2128295680377,2567.091883052541,2581.8505859375,201400,0.0,0.0
2017-12-18 00:00:00+09:00,2590.152523973981,2590.152523973981,2572.6265631636156,2579.08349609375,120600,0.0,0.0
2017-12-19 00:00:00+09:00,2593.8421351141765,2633.5061506938027,2593.8421351141765,2620.59228515625,155000,0.0,0.0
2017-12-20 00:00:00+09:00,2593.8421351141765,2632.5837317268347,2590.1524592463043,2620.59228515625,213100,0.0,0.0
2017-12-21 00:00:00+09:00,2598.4540336832883,2617.824830526508,2595.6867769913997,2607.67822265625,216800,0.0,0.0
2017-12-22 00:00:00+09:00,2607.6782596292655,2661.178556430998,2607.6782596292655,2655.64404296875,194600,0.0,0.0
2017-12-25 00:00:00+09:00,2658.4116402756163,2667.635830561097,2629.816650390625,2629.816650390625,57900,0.0,0.0
2017-12-26 00:00:00+09:00,2629.8162638633307,2649.187060615744,2610.4454671109174,2615.97998046875,56600,0.0,0.0
2017-12-27 00:00:00+09:00,2626.126717862216,2651.954448139751,2620.5922042313155,2638.1181640625,74200,0.0,0.0
2017-12-28 00:00:00+09:00,2647.342229542189,2662.100931867163,2635.3507839031477,2648.2646484375,80300,0.0,0.0
2017-12-29 00:00:00+09:00,2644.5750589928994,2664.86827535071,2644.5750589928994,2663.0234375,94400,0.0,0.0
2018-01-01 00:00:00+09:00,2663.0234375,2663.0234375,2663.0234375,2663.0234375,0,0.0,0.0
2018-01-02 00:00:00+09:00,2663.0234375,2663.0234375,2663.0234375,2663.0234375,0,0.0,0.0
2018-01-03 00:00:00+09:00,2663.0234375,2663.0234375,2663.0234375,2663.0234375,0,0.0,0.0
2018-01-04 00:00:00+09:00,2666.712888864975,2697.15271084095,2666.712888864975,2687.006103515625,127300,0.0,0.0
2018-01-05 00:00:00+09:00,2707.2993228524765,2760.7996161149786,2706.376904003123,2759.877197265625,146800,0.0,0.0
2018-01-08 00:00:00+09:00,2759.877197265625,2759.877197265625,2759.877197265625,2759.877197265625,0,0.0,0.0
2018-01-09 00:00:00+09:00,2776.481201171875,2836.438436413128,2771.869106153317,2776.481201171875,174800,0.0,0.0
2018-01-10 00:00:00+09:00,2767.2569135056006,2785.705292928971,2715.601451120163,2717.4462890625,160600,0.0,0.0
2018-01-11 00:00:00+09:00,2697.153161205889,2712.8342842361553,2667.635753148916,2711.911865234375,154300,0.0,0.0
2018-01-12 00:00:00+09:00,2711.911796543962,2742.3516228317003,2711.911796543962,2721.135986328125,73200,0.0,0.0
2018-01-15 00:00:00+09:00,2741.429051832007,2741.429051832007,2687.006335123364,2695.30810546875,76200,0.0,0.0
2018-01-16 00:00:00+09:00,2684.238860681601,2688.850954943941,2650.1093631402887,2658.4111328125,120800,0.0,0.0
2018-01-17 00:00:00+09:00,2649.187359172646,2654.721873154205,2630.738979234118,2635.35107421875,80900,0.0,0.0
2018-01-18 00:00:00+09:00,2649.186802603613,2658.4109906349627,2603.98828125,2603.98828125,152000,0.0,0.0
2018-01-19 00:00:00+09:00,2601.221367394545,2615.9800701882727,2594.764434922289,2610.445556640625,106300,0.0,0.0
2018-01-22 00:00:00+09:00,2601.221491234148,2610.4456809193753,2585.540368769261,2600.299072265625,111900,0.0,0.0
2018-01-23 00:00:00+09:00,2609.5229710216367,2614.13506535006,2592.919431439315,2613.212646484375,112300,0.0,0.0
2018-01-24 00:00:00+09:00,2611.3681985324606,2614.1354555425623,2592.9198184651173,2606.756103515625,91800,0.0,0.0
2018-01-25 00:00:00+09:00,2603.0664275021563,2609.5233605257263,2588.3077234482816,2606.756103515625,117500,0.0,0.0
2018-01-26 00:00:00+09:00,2601.221302647046,2609.523072761877,2589.229856925623,2599.37646484375,112200,0.0,0.0
2018-01-29 00:00:00+09:00,2602.1436849530423,2641.8076971660807,2583.6953071795365,2624.28173828125,171600,0.0,0.0
2018-01-30 00:00:00+09:00,2619.6694462831524,2625.203959197835,2591.074462890625,2591.074462890625,98600,0.0,0.0
2018-01-31 00:00:00+09:00,2592.9197775658727,2602.1439674540475,2546.798828125,2546.798828125,198200,0.0,0.0
2018-02-01 00:00:00+09:00,2567.0919081911857,2576.316097584614,2544.031434707614,2565.2470703125,179500,0.0,0.0
2018-02-02 00:00:00+09:00,2582.7731376628885,2590.1524894847826,2567.0920150413635,2583.695556640625,189200,0.0,0.0
2018-02-05 00:00:00+09:00,2514.51401683632,2517.281273641349,2426.884218010403,2448.099853515625,432100,0.0,0.0
2018-02-06 00:00:00+09:00,2263.615985501197,2336.487078758978,2246.0900263632498,2287.598876953125,344500,0.0,0.0
2018-02-07 00:00:00+09:00,2381.6858976204558,2393.6773448199388,2312.5044714695905,2315.271728515625,244500,0.0,0.0
2018-02-08 00:00:00+09:00,2325.417928801514,2326.3403476546678,2258.081352521264,2277.4521484375,179800,0.0,0.0
2018-02-09 00:00:00+09:00,2191.667135547365,2205.50341796875,2174.1411778136107,2205.50341796875,137400,0.0,0.0
2018-02-12 00:00:00+09:00,2205.50341796875,2205.50341796875,2205.50341796875,2205.50341796875,0,0.0,0.0
2018-02-13 00:00:00+09:00,2238.7105195905106,2241.4777761042196,2179.67571396472,2188.89990234375,176600,0.0,0.0
2018-02-14 00:00:00+09:00,2191.667506560115,2214.7279811661765,2168.6070319540527,2175.06396484375,203300,0.0,0.0
2018-02-15 00:00:00+09:00,2205.503563080858,2219.3398464126076,2187.0551853051925,2199.046630859375,100400,0.0,0.0
2018-02-16 00:00:00+09:00,2213.8053183229813,2243.322722567288,2200.8914539660973,2227.6416015625,107500,0.0,0.0
2018-02-19 00:00:00+09:00,2247.0123519677595,2256.236540604737,2223.0294615116177,2240.555419921875,260700,0.0,0.0
2018-02-20 00:00:00+09:00,2240.5552200611664,2254.391501782417,2219.3395880885823,2247.9345703125,118400,0.0,0.0
2018-02-21 00:00:00+09:00,2247.93488561428,2261.7711692762473,2212.882967003963,2218.41748046875,152800,0.0,0.0
2018-02-22 00:00:00+09:00,2196.2794800584857,2199.9691557914693,2158.460303795404,2164.917236328125,158100,0.0,0.0
2018-02-23 00:00:00+09:00,2175.063892316619,2208.2709746420633,2173.2190544096497,2204.581298828125,152400,0.0,0.0
2018-02-26 00:00:00+09:00,2218.417203510227,2218.417203510227,2185.2101268672463,2202.736083984375,81700,0.0,0.0
2018-02-27 00:00:00+09:00,2199.9687833385306,2204.5808772239366,2190.7445955677194,2195.356689453125,128000,0.0,0.0
2018-02-28 00:00:00+09:00,2199.968906336567,2211.037932280399,2184.2877862494724,2185.210205078125,153300,0.0,0.0
2018-03-01 00:00:00+09:00,2167.6843844005157,2172.29647883541,2136.3221422432316,2146.46875,215800,0.0,0.0
2018-03-02 00:00:00+09:00,2107.726895341869,2132.6322022014883,2101.2699639338193,2122.485595703125,199500,0.0,0.0
2018-03-05 00:00:00+09:00,2107.727142726102,2107.727142726102,2068.063130849856,2081.8994140625,211200,0.0,0.0
2018-03-06 00:00:00+09:00,2120.6411903838716,2161.2276246495917,2097.580716369258,2123.408447265625,189400,0.0,0.0
2018-03-07 00:00:00+09:00,2093.891245882276,2107.727531648018,2071.753188657089,2095.736083984375,178800,0.0,0.0
2018-03-08 00:00:00+09:00,2108.6494490786854,2116.951218563247,2068.0630204874947,2083.744140625,189900,0.0,0.0
2018-03-09 00:00:00+09:00,2097.5807334668098,2128.0205594142176,2080.054773072848,2094.8134765625,245400,0.0,0.0
2018-03-12 00:00:00+09:00,2121.5634400515683,2148.313587773958,2096.658130103137,2146.46875,181200,0.0,0.0
2018-03-13 00:00:00+09:00,2135.3999148452376,2179.676025390625,2108.6497647240662,2179.676025390625,141800,0.0,0.0
2018-03-14 00:00:00+09:00,2173.2190841090423,2174.1415030751327,2142.7792582280586,2167.6845703125,123100,0.0,0.0
2018-03-15 00:00:00+09:00,2158.4604265696826,2298.6681123981407,2123.408505112568,2207.3486328125,1098500,0.0,0.0
2018-03-16 00:00:00+09:00,2429.651588195267,2538.497027605685,2408.435951700016,2531.11767578125,1221300,0.0,0.0
2018-03-19 00:00:00+09:00,2527.42764511164,2561.5571425091325,2507.1344304428603,2532.962158203125,397900,0.0,0.0
2018-03-20 00:00:00+09:00,2513.591651302131,2532.040030394257,2495.1432722100053,2520.048583984375,248500,0.0,0.0
2018-03-21 00:00:00+09:00,2520.048583984375,2520.048583984375,2520.048583984375,2520.048583984375,0,0.0,0.0
2018-03-22 00:00:00+09:00,2532.962673511673,2550.4886352002095,2511.7470356781814,2516.359130859375,186200,0.0,0.0
2018-03-23 00:00:00+09:00,2471.160270734022,2497.910419241408,2411.203041320916,2449.022216796875,234400,0.0,0.0
2018-03-26 00:00:00+09:00,2420.4273872679046,2439.7981857178384,2354.9356401276527,2434.263671875,248300,0.0,0.0
2018-03-27 00:00:00+09:00,2461.013677655614,2505.289785799343,2445.3325560213766,2493.29833984375,159900,0.0,0.0
2018-03-28 00:00:00+09:00,2468.1605276729283,2502.608637640449,2447.67786769224,2485.85009765625,80600,25.0,0.0
2018-03-29 00:00:00+09:00,2498.8845148760574,2510.0568748531487,2442.0916849925106,2476.539794921875,130700,0.0,0.0
2018-03-30 00:00:00+09:00,2501.677607641327,2524.953357619382,2470.953617670295,2485.85009765625,99200,0.0,0.0
2018-04-02 00:00:00+09:00,2499.8154213321795,2510.987780757128,2466.298343057335,2475.608642578125,96500,0.0,0.0
2018-04-03 00:00:00+09:00,2453.2641633819662,2493.298455232222,2437.4366526504696,2466.298583984375,86400,0.0,0.0
2018-04-04 00:00:00+09:00,2464.4365307280004,2505.4018527348126,2452.3331401350783,2494.2294921875,81500,0.0,0.0
2018-04-05 00:00:00+09:00,2501.677378591276,2539.8496050602907,2486.7808999692215,2528.67724609375,113900,0.0,0.0
2018-04-06 00:00:00+09:00,2541.7119048257255,2553.815294848705,2482.125984712595,2510.056884765625,90400,0.0,0.0
2018-04-09 00:00:00+09:00,2495.160279275764,2508.194698645115,2473.74659031183,2497.953369140625,107100,0.0,0.0
2018-04-10 00:00:00+09:00,2486.781019707499,2533.33251764287,2485.8499897487914,2527.746337890625,61300,0.0,0.0
2018-04-11 00:00:00+09:00,2556.6086382729263,2582.677480906445,2532.4018558275166,2534.263916015625,81000,0.0,0.0
2018-04-12 00:00:00+09:00,2517.50536524607,2517.50536524607,2478.402101436775,2487.71240234375,99800,0.0,0.0
2018-04-13 00:00:00+09:00,2499.8155552869025,2532.4016053558194,2499.8155552869025,2511.9189453125,100700,0.0,0.0
2018-04-16 00:00:00+09:00,2521.2290096423,2542.6426976857906,2518.4359198974967,2536.12548828125,88500,0.0,0.0
2018-04-17 00:00:00+09:00,2541.711791052152,2551.022090653076,2524.0222218103972,2538.918701171875,87500,0.0,0.0
2018-04-18 00:00:00+09:00,2538.918950637268,2570.5739723907213,2520.298349605825,2561.263671875,103100,0.0,0.0
2018-04-19 00:00:00+09:00,2595.7114173016917,2611.5389259437748,2566.8494897778924,2573.36669921875,220900,0.0,0.0
2018-04-20 00:00:00+09:00,2587.3322778434194,2606.883907147022,2580.8150680755516,2594.780517578125,124400,0.0,0.0
2018-04-23 00:00:00+09:00,2606.88367206941,2638.5386880873957,2606.88367206941,2618.987060546875,166200,0.0,0.0
2018-04-24 00:00:00+09:00,2606.88389401184,2606.88389401184,2546.3669464722793,2555.67724609375,169800,0.0,0.0
2018-04-25 00:00:00+09:00,2539.849862007473,2578.9531223462977,2483.0570315153705,2569.642822265625,180000,0.0,0.0
2018-04-26 00:00:00+09:00,2571.504771434796,2627.36656951086,2564.056531691321,2604.0908203125,260600,0.0,0.0
2018-04-27 00:00:00+09:00,2590.1253683555938,2607.8149377296972,2539.849750134457,2596.642578125,210200,0.0,0.0
2018-04-30 00:00:00+09:00,2596.642578125,2596.642578125,2596.642578125,2596.642578125,0,0.0,0.0
2018-05-01 00:00:00+09:00,2490.505261140711,2541.711911369772,2487.7121711282166,2532.401611328125,268700,0.0,0.0
2018-05-02 00:00:00+09:00,2549.1600301032113,2591.0563782970185,2527.7463410263763,2537.056640625,129800,0.0,0.0
2018-05-03 00:00:00+09:00,2537.056640625,2537.056640625,2537.056640625,2537.056640625,0,0.0,0.0
2018-05-04 00:00:00+09:00,2537.056640625,2537.056640625,2537.056640625,2537.056640625,0,0.0,0.0
2018-05-07 00:00:00+09:00,2576.160034444291,2591.0565145856385,2562.1945843117774,2577.091064453125,111100,0.0,0.0
2018-05-08 00:00:00+09:00,2571.504757948715,2585.47020739449,2549.160038835475,2563.12548828125,110700,0.0,0.0
2018-05-09 00:00:00+09:00,2548.2291267784844,2554.7463368213957,2536.125736698791,2551.022216796875,82300,0.0,0.0
2018-05-10 00:00:00+09:00,2551.0224630666335,2571.5051251788473,2537.0570116264876,2562.19482421875,64100,0.0,0.0
2018-05-11 00:00:00+09:00,2555.677137011508,2591.0562740630335,2548.2288976322398,2590.125244140625,59200,0.0,0.0
2018-05-14 00:00:00+09:00,2592.9184613052375,2612.4700906364437,2588.263311464474,2605.952880859375,65100,0.0,0.0
2018-05-15 00:00:00+09:00,2578.952892012123,2615.263059083774,2571.50465261281,2608.745849609375,141600,0.0,0.0
2018-05-16 00:00:00+09:00,2586.4013979997303,2710.2283907765354,2570.5738876448004,2699.987060546875,490300,0.0,0.0
2018-05-17 00:00:00+09:00,2723.2625586716854,2723.2625586716854,2650.642223773774,2683.228271484375,300300,0.0,0.0
2018-05-18 00:00:00+09:00,2683.228516640138,2690.6767567973625,2663.6768862274234,2686.95263671875,110600,0.0,0.0
2018-05-21 00:00:00+09:00,2682.297481004086,2682.297481004086,2650.6424604021636,2666.469970703125,169200,0.0,0.0
2018-05-22 00:00:00+09:00,2666.4700963749565,2691.6079080377094,2665.539066313373,2682.297607421875,127900,0.0,0.0
2018-05-23 00:00:00+09:00,2681.3664571069944,2703.711177582886,2666.469976789733,2688.814697265625,142100,0.0,0.0
2018-05-24 00:00:00+09:00,2681.366455078125,2704.6422055562334,2676.711304982503,2681.366455078125,217600,0.0,0.0
2018-05-25 00:00:00+09:00,2669.2630529948838,2686.0215932648202,2608.746102020113,2638.5390625,165100,0.0,0.0
2018-05-28 00:00:00+09:00,2640.4008670564554,2640.4008670564554,2588.263191261264,2608.745849609375,98800,0.0,0.0
2018-05-29 00:00:00+09:00,2601.2978593431853,2630.159789779706,2576.16004896299,2629.228759765625,118400,0.0,0.0
2018-05-30 00:00:00+09:00,2583.608406254169,2617.12548828125,2526.815572819393,2617.12548828125,250700,0.0,0.0
2018-05-31 00:00:00+09:00,2620.849360349818,2629.228630063192,2569.6427121014203,2605.952880859375,200100,0.0,0.0
2018-06-01 00:00:00+09:00,2601.2977430364454,2662.745721218409,2583.60817355982,2643.194091796875,140500,0.0,0.0
2018-06-04 00:00:00+09:00,2664.6077823752967,2681.366321887091,2631.090703351708,2646.918212890625,166800,0.0,0.0
2018-06-05 00:00:00+09:00,2625.504524110281,2654.3664532760326,2601.2977448099737,2648.7802734375,116800,0.0,0.0
2018-06-06 00:00:00+09:00,2649.7114288564994,2667.400999182667,2631.0908285131645,2660.8837890625,85300,0.0,0.0
2018-06-07 00:00:00+09:00,2669.263057154605,2669.263057154605,2641.332156661184,2653.435546875,94200,0.0,0.0
2018-06-08 00:00:00+09:00,2653.435789296325,2667.4012408189374,2625.5048862511003,2644.12548828125,130100,0.0,0.0
2018-06-11 00:00:00+09:00,2646.918207446073,2646.918207446073,2617.1252483752764,2630.15966796875,128500,0.0,0.0
2018-06-12 00:00:00+09:00,2623.642436514576,2643.194065743393,2564.987548828125,2564.987548828125,278200,0.0,0.0
2018-06-13 00:00:00+09:00,2537.0570116264876,2569.6430649868275,2537.0570116264876,2562.19482421875,153900,0.0,0.0
2018-06-14 00:00:00+09:00,2569.643059589686,2582.677480906445,2502.608892817781,2534.263916015625,261500,0.0,0.0
2018-06-15 00:00:00+09:00,2558.4702204967894,2580.8149385797306,2533.33241265348,2573.36669921875,208700,0.0,0.0
2018-06-18 00:00:00+09:00,2564.056511988886,2575.2288715182494,2509.1257443028494,2544.5048828125,125100,0.0,0.0
2018-06-19 00:00:00+09:00,2510.987905966269,2519.3671759528083,2468.1605260350684,2480.263916015625,234700,0.0,0.0
2018-06-20 00:00:00+09:00,2433.712160439528,2445.815549148676,2393.6778747092676,2439.29833984375,401000,0.0,0.0
2018-06-21 00:00:00+09:00,2429.0573753773506,2453.264156427489,2415.0919247715015,2438.36767578125,211100,0.0,0.0
2018-06-22 00:00:00+09:00,2398.3331367924525,2423.4709452914417,2360.160909071765,2417.884765625,324700,0.0,0.0
2018-06-25 00:00:00+09:00,2420.6782241540454,2447.678096654225,2386.2301109641608,2428.12646484375,243200,0.0,0.0
2018-06-26 00:00:00+09:00,2402.9885324034735,2433.7125237127775,2370.402481014817,2430.91943359375,179900,0.0,0.0
2018-06-27 00:00:00+09:00,2429.988154902291,2434.643304624326,2391.8159271816035,2417.884765625,167300,0.0,0.0
2018-06-28 00:00:00+09:00,2416.9538591107803,2429.9882789981266,2398.3332592717143,2422.5400390625,171800,0.0,0.0
2018-06-29 00:00:00+09:00,2425.33278028636,2466.2980940416764,2409.5052726990784,2462.573974609375,120600,0.0,0.0
2018-07-02 00:00:00+09:00,2468.1607645670574,2495.160637133049,2456.057373416785,2457.91943359375,183000,0.0,0.0
2018-07-03 00:00:00+09:00,2504.470318222767,2504.470318222767,2436.5051385832644,2462.573974609375,227600,0.0,0.0
2018-07-04 00:00:00+09:00,2490.5051231026155,2532.401470967893,2479.332763671875,2479.332763671875,193800,0.0,0.0
2018-07-05 00:00:00+09:00,2525.8845067382445,2531.4706869964198,2465.3675539413457,2466.298583984375,187200,0.0,0.0
2018-07-06 00:00:00+09:00,2497.953263882927,2553.8150588262647,2489.5739946414265,2541.711669921875,217100,0.0,0.0
2018-07-09 00:00:00+09:00,2550.091187324774,2568.7117874512787,2537.0567672362213,2552.88427734375,89000,0.0,0.0
2018-07-10 00:00:00+09:00,2564.056529277967,2610.608027630871,2564.056529277967,2596.642578125,193300,0.0,0.0
2018-07-11 00:00:00+09:00,2577.091072823661,2616.1943333217077,2577.091072823661,2606.884033203125,264300,0.0,0.0
2018-07-12 00:00:00+09:00,2594.7803873815687,2608.7458361834074,2563.125370097402,2573.36669921875,287900,0.0,0.0
2018-07-13 00:00:00+09:00,2591.9874337593515,2623.6424527061254,2591.9874337593515,2613.401123046875,137700,0.0,0.0
2018-07-16 00:00:00+09:00,2613.401123046875,2613.401123046875,2613.401123046875,2613.401123046875,0,0.0,0.0
2018-07-17 00:00:00+09:00,2624.57373090147,2639.4702118147097,2599.4359193603773,2626.435791015625,140800,0.0,0.0
2018-07-18 00:00:00+09:00,2626.4355546785814,2659.0216037440728,2617.1252549455844,2650.642333984375,144500,0.0,0.0
2018-07-19 00:00:00+09:00,2648.7803916257176,2662.7458418451856,2634.81494140625,2634.81494140625,168700,0.0,0.0
2018-07-20 00:00:00+09:00,2630.1596649332537,2630.1596649332537,2599.435675926954,2620.849365234375,151000,0.0,0.0
2018-07-23 00:00:00+09:00,2626.4356712745694,2660.883781815923,2619.918461172151,2634.81494140625,181400,0.0,0.0
2018-07-24 00:00:00+09:00,2654.3665794532612,2680.4354199389477,2650.642459383878,2662.745849609375,129800,0.0,0.0
2018-07-25 00:00:00+09:00,2688.814451091907,2696.2626905686157,2671.124882334723,2683.228271484375,168800,0.0,0.0
2018-07-26 00:00:00+09:00,2696.2626905686157,2706.5040198490906,2669.262822465546,2683.228271484375,145700,0.0,0.0
2018-07-27 00:00:00+09:00,2701.848870858075,2701.848870858075,2660.8835537258365,2685.09033203125,236700,0.0,0.0
2018-07-30 00:00:00+09:00,2702.78003105932,2742.8143201862754,2698.124881160837,2708.3662109375,175200,0.0,0.0
2018-07-31 00:00:00+09:00,2720.4694722915588,2737.228011135244,2690.6765143472294,2692.53857421875,207000,0.0,0.0
2018-08-01 00:00:00+09:00,2715.8145769487164,2725.1248771782284,2681.366466099521,2722.331787109375,171300,0.0,0.0
2018-08-02 00:00:00+09:00,2767.0209711573716,2779.1243603313437,2675.7800373843493,2698.124755859375,332000,0.0,0.0
2018-08-03 00:00:00+09:00,2420.6778474786242,2431.8502067746795,2313.609404224762,2395.5400390625,1960100,0.0,0.0
2018-08-06 00:00:00+09:00,2376.919793410528,2389.0231844463046,2337.816530064174,2346.19580078125,310100,0.0,0.0
2018-08-07 00:00:00+09:00,2329.437006411345,2371.3333554475203,2301.506107053895,2312.678466796875,245700,0.0,0.0
2018-08-08 00:00:00+09:00,2314.540399389935,2314.540399389935,2283.816411787414,2298.712890625,171500,0.0,0.0
2018-08-09 00:00:00+09:00,2307.0924035094395,2327.5750640732845,2284.747682894336,2293.126953125,195700,0.0,0.0
2018-08-10 00:00:00+09:00,2288.4718029968535,2300.5751933300344,2281.0235627918187,2293.126953125,216000,0.0,0.0
2018-08-13 00:00:00+09:00,2301.506222857832,2314.5406432138234,2277.2994421967064,2291.264892578125,177400,0.0,0.0
2018-08-14 00:00:00+09:00,2322.919676362248,2329.4368858750877,2288.4715689372365,2319.195556640625,105400,0.0,0.0
2018-08-15 00:00:00+09:00,2328.505968025531,2346.195537554713,2279.161379338864,2286.609619140625,122000,0.0,0.0
2018-08-16 00:00:00+09:00,2265.195798668785,2285.678456938704,2249.3682900056656,2259.609619140625,214400,0.0,0.0
2018-08-17 00:00:00+09:00,2259.6098627778674,2281.0235532780284,2243.782352408183,2257.747802734375,220500,0.0,0.0
2018-08-20 00:00:00+09:00,2246.575312801358,2252.161492609401,2200.9548443690055,2232.60986328125,279000,0.0,0.0
2018-08-21 00:00:00+09:00,2225.1617356671563,2225.1617356671563,2141.3690343240414,2198.161865234375,393200,0.0,0.0
2018-08-22 00:00:00+09:00,2165.5755770334263,2211.1960427576905,2156.265277906026,2205.60986328125,183300,0.0,0.0
2018-08-23 00:00:00+09:00,2208.403203598386,2231.6789540578966,2187.9205431940163,2227.954833984375,108800,0.0,0.0
2018-08-24 00:00:00+09:00,2237.2648961193277,2252.1613748284035,2208.402968620493,2246.5751953125,90000,0.0,0.0
2018-08-27 00:00:00+09:00,2253.092660558481,2287.540771484375,2247.506480408336,2287.540771484375,135600,0.0,0.0
2018-08-28 00:00:00+09:00,2299.6439281021053,2336.8851253183334,2299.6439281021053,2319.195556640625,137700,0.0,0.0
2018-08-29 00:00:00+09:00,2330.3680515229134,2374.126460800411,2330.3680515229134,2361.092041015625,166600,0.0,0.0
2018-08-30 00:00:00+09:00,2372.264407160135,2382.5057370183613,2361.0920473147967,2381.57470703125,89400,0.0,0.0
2018-08-31 00:00:00+09:00,2364.8160477071547,2417.884754289559,2350.850598606522,2386.229736328125,207800,0.0,0.0
2018-09-03 00:00:00+09:00,2374.126831198243,2375.057861328125,2346.1959273017933,2375.057861328125,91700,0.0,0.0
2018-09-04 00:00:00+09:00,2365.7470628496862,2380.643541797185,2336.8851348889066,2345.264404296875,113200,0.0,0.0
2018-09-05 00:00:00+09:00,2347.1267075282676,2356.4370078357974,2335.023317128479,2341.54052734375,79500,0.0,0.0
2018-09-06 00:00:00+09:00,2327.574827389153,2343.4023362153994,2315.4714382867296,2322.919677734375,123900,0.0,0.0
2018-09-07 00:00:00+09:00,2320.126718270231,2359.22997756692,2311.74744842094,2349.919677734375,123300,0.0,0.0
2018-09-10 00:00:00+09:00,2350.8510804909497,2395.54052677355,2339.6787189202996,2391.81640625,115000,0.0,0.0
2018-09-11 00:00:00+09:00,2397.4020643654594,2397.4020643654594,2296.8508321512963,2302.43701171875,211400,0.0,0.0
2018-09-12 00:00:00+09:00,2311.7473096078875,2329.436878227521,2257.747573821638,2298.712890625,113900,0.0,0.0
2018-09-13 00:00:00+09:00,2308.023315725019,2344.3334848711565,2296.8509559877457,2308.954345703125,123100,0.0,0.0
2018-09-14 00:00:00+09:00,2320.126828842378,2343.4025795330117,2299.6441682346203,2311.74755859375,136700,0.0,0.0
2018-09-17 00:00:00+09:00,2311.74755859375,2311.74755859375,2311.74755859375,2311.74755859375,0,0.0,0.0
2018-09-18 00:00:00+09:00,2321.9886645843567,2372.2642812193026,2306.161155643725,2369.47119140625,149400,0.0,0.0
2018-09-19 00:00:00+09:00,2397.4022253587773,2416.022825167389,2373.195445607582,2409.505615234375,177700,0.0,0.0
2018-09-20 00:00:00+09:00,2424.40223159473,2476.5399139946167,2411.367810994758,2464.4365234375,243500,0.0,0.0
2018-09-21 00:00:00+09:00,2462.574224525764,2480.263793624437,2447.6777452847764,2479.332763671875,166400,0.0,0.0
2018-09-24 00:00:00+09:00,2479.332763671875,2479.332763671875,2479.332763671875,2479.332763671875,0,0.0,0.0
2018-09-25 00:00:00+09:00,2490.5053769690335,2514.712158203125,2486.7812567791734,2514.712158203125,253000,0.0,0.0
2018-09-26 00:00:00+09:00,2554.4777319236805,2571.52020752584,2536.4884521214008,2564.892578125,232200,45.0,0.0
2018-09-27 00:00:00+09:00,2540.275594522665,2595.1902365212914,2531.754356971154,2584.775390625,197800,0.0,0.0
2018-09-28 00:00:00+09:00,2602.7644943638998,2648.2110915736002,2583.828412193191,2625.48779296875,339800,0.0,0.0
2018-10-01 00:00:00+09:00,2584.775430229644,2636.8496605089954,2570.573367426184,2626.434814453125,181000,0.0,0.0
2018-10-02 00:00:00+09:00,2649.1581809382765,2671.881481989927,2642.5305514648785,2667.1474609375,197500,0.0,0.0
2018-10-03 00:00:00+09:00,2667.1475955100354,2705.0197658403163,2661.466769960493,2662.41357421875,223300,0.0,0.0
2018-10-04 00:00:00+09:00,2695.5515942794864,2706.913244834932,2683.243139511087,2692.711181640625,186000,0.0,0.0
2018-10-05 00:00:00+09:00,2680.4027245577054,2696.4983961640214,2666.2006613756616,2684.18994140625,85300,0.0,0.0
2018-10-08 00:00:00+09:00,2684.18994140625,2684.18994140625,2684.18994140625,2684.18994140625,0,0.0,0.0
2018-10-09 00:00:00+09:00,2651.0515970242336,2670.9344840019157,2636.8495348973183,2656.732421875,168000,0.0,0.0
2018-10-10 00:00:00+09:00,2673.7752846041153,2694.604978747632,2670.934871766363,2686.083740234375,151600,0.0,0.0
2018-10-11 00:00:00+09:00,2591.4031837259595,2617.91370222955,2573.4139033128085,2587.615966796875,164500,0.0,0.0
2018-10-12 00:00:00+09:00,2578.147789111365,2596.1370685800084,2491.988608498389,2497.66943359375,181800,0.0,0.0
2018-10-15 00:00:00+09:00,2486.3079420257695,2492.935571726524,2466.4250529235073,2483.467529296875,140300,0.0,0.0
2018-10-16 00:00:00+09:00,2475.8932390041696,2536.4887140696633,2469.2656089188813,2529.861083984375,139500,0.0,0.0
2018-10-17 00:00:00+09:00,2559.2116589369202,2562.998875598314,2519.4458839922845,2525.126708984375,102400,0.0,0.0
2018-10-18 00:00:00+09:00,2547.85003869743,2547.85003869743,2520.3927175817757,2532.701171875,104100,0.0,0.0
2018-10-19 00:00:00+09:00,2521.3396927138506,2575.3075344279664,2506.1908248642744,2569.626708984375,101200,0.0,0.0
2018-10-22 00:00:00+09:00,2570.573626104654,2607.498993109472,2561.1055832829056,2591.4033203125,169300,0.0,0.0
2018-10-23 00:00:00+09:00,2565.839266574658,2575.307308148734,2533.6479252227987,2543.115966796875,90800,0.0,0.0
2018-10-24 00:00:00+09:00,2572.4672789639476,2574.360887560903,2511.871803861374,2538.38232421875,123000,0.0,0.0
2018-10-25 00:00:00+09:00,2462.6377466857202,2483.467439275911,2447.4888793474,2452.222900390625,122200,0.0,0.0
2018-10-26 00:00:00+09:00,2481.5740809528374,2490.095319689417,2447.4891260065183,2469.265625,186300,0.0,0.0
2018-10-29 00:00:00+09:00,2461.6908808479534,2479.6801603618424,2424.765517635234,2428.552734375,108800,0.0,0.0
2018-10-30 00:00:00+09:00,2402.042447633819,2538.3822633450013,2402.042447633819,2506.19091796875,476500,0.0,0.0
2018-10-31 00:00:00+09:00,2553.530811111362,2553.530811111362,2378.37204208815,2456.956787109375,265300,0.0,0.0
2018-11-01 00:00:00+09:00,2362.2765329343465,2494.8291239607224,2362.2765329343465,2476.83984375,212200,0.0,0.0
2018-11-02 00:00:00+09:00,2487.2548251323888,2602.7649464365954,2471.1591524916385,2600.871337890625,202500,0.0,0.0
2018-11-05 00:00:00+09:00,2641.584003771012,2678.5093715656603,2595.1905929520944,2598.031005859375,224100,0.0,0.0
2018-11-06 00:00:00+09:00,2584.7753070986278,2660.5196384421774,2569.626440829918,2656.732421875,91300,0.0,0.0
2018-11-07 00:00:00+09:00,2656.7325432366315,2671.8814101973535,2600.8710963189687,2609.392333984375,72100,0.0,0.0
2018-11-08 00:00:00+09:00,2651.0518903109296,2687.030451679435,2632.1158053801373,2637.796630859375,69100,0.0,0.0
2018-11-09 00:00:00+09:00,2653.8923553631757,2690.817721706081,2626.435031672297,2627.3818359375,67500,0.0,0.0
2018-11-12 00:00:00+09:00,2604.658245599889,2614.1262872051234,2558.2648417342425,2568.6796875,67300,0.0,0.0
2018-11-13 00:00:00+09:00,2498.61614864148,2498.61614864148,2454.116353648623,2474.946044921875,75000,0.0,0.0
2018-11-14 00:00:00+09:00,2475.8932536214347,2495.7761439946853,2460.744384765625,2460.744384765625,58200,0.0,0.0
2018-11-15 00:00:00+09:00,2449.3825191004685,2468.318603515625,2438.020868451375,2468.318603515625,63000,0.0,0.0
2018-11-16 00:00:00+09:00,2494.8292867726295,2497.6696996228447,2431.393399784483,2471.1591796875,61100,0.0,0.0
2018-11-19 00:00:00+09:00,2460.7443562150233,2476.8400291875723,2436.127444609948,2453.169921875,82700,0.0,0.0
2018-11-20 00:00:00+09:00,2453.1696850082362,2496.7226782580933,2447.4888598017333,2478.7333984375,51000,0.0,0.0
2018-11-21 00:00:00+09:00,2474.9463985016346,2491.042071330452,2440.8614442759044,2479.680419921875,59900,0.0,0.0
2018-11-22 00:00:00+09:00,2484.4144413421154,2506.190939875221,2472.105985649491,2479.680419921875,55200,0.0,0.0
2018-11-23 00:00:00+09:00,2479.680419921875,2479.680419921875,2479.680419921875,2479.680419921875,0,0.0,0.0
2018-11-26 00:00:00+09:00,2459.7974765490867,2498.6164513522094,2441.8081955427615,2481.573974609375,44900,0.0,0.0
2018-11-27 00:00:00+09:00,2501.4566747006397,2508.0843040431473,2476.839765714184,2488.201416015625,53400,0.0,0.0
2018-11-28 00:00:00+09:00,2515.6586887325043,2536.4883805473764,2497.669409437842,2507.137451171875,66100,0.0,0.0
2018-11-29 00:00:00+09:00,2520.3932488264613,2533.6485100900118,2443.7020943730645,2445.595703125,99300,0.0,0.0
2018-11-30 00:00:00+09:00,2445.5952954669333,2457.9037503028103,2391.6274550327034,2442.7548828125,124900,0.0,0.0
2018-12-03 00:00:00+09:00,2584.775283467447,2588.5625,2491.041674286759,2588.5625,247300,0.0,0.0
2018-12-04 00:00:00+09:00,2561.1051801389904,2678.5088926481344,2560.158376005852,2588.5625,211800,0.0,0.0
2018-12-05 00:00:00+09:00,2554.478111833268,2583.8290464021457,2527.020785946254,2577.201416015625,113000,0.0,0.0
2018-12-06 00:00:00+09:00,2529.8610158652,2537.435450044437,2435.1805886247357,2463.584716796875,193000,0.0,0.0
2018-12-07 00:00:00+09:00,2463.5844382367245,2527.020317315072,2463.5844382367245,2525.126708984375,83600,0.0,0.0
2018-12-10 00:00:00+09:00,2455.063243676585,2473.0525231327574,2354.7020003947805,2402.989013671875,149200,0.0,0.0
2018-12-11 00:00:00+09:00,2381.21263338947,2384.053046073433,2280.8513852227566,2330.085205078125,178300,0.0,0.0
2018-12-12 00:00:00+09:00,2377.425586291612,2378.372390587228,2322.510937145888,2349.96826171875,89200,0.0,0.0
2018-12-13 00:00:00+09:00,2359.4362137678954,2433.2869459805343,2340.5001285851677,2430.446533203125,104200,0.0,0.0
2018-12-14 00:00:00+09:00,2414.350849216885,2420.9784789990485,2337.6597045947015,2379.319091796875,143800,0.0,0.0
2018-12-17 00:00:00+09:00,2426.6591234281777,2454.116444762324,2402.9890188297754,2420.031494140625,148000,0.0,0.0
2018-12-18 00:00:00+09:00,2384.053099091199,2389.733924585459,2303.5747379225127,2319.67041015625,109700,0.0,0.0
2018-12-19 00:00:00+09:00,2310.2023848598687,2310.2023848598687,2222.1495890434885,2276.117431640625,203600,0.0,0.0
2018-12-20 00:00:00+09:00,2277.0643033281117,2304.5216275678267,2198.479547745478,2205.107177734375,162400,0.0,0.0
2018-12-21 00:00:00+09:00,2190.904946365224,2202.2665969081727,2148.2987568291674,2185.22412109375,122000,0.0,0.0
2018-12-24 00:00:00+09:00,2185.22412109375,2185.22412109375,2185.22412109375,2185.22412109375,0,0.0,0.0
2018-12-25 00:00:00+09:00,2101.905463173529,2130.3095910542525,2016.6930795313588,2039.4163818359375,133800,0.0,0.0
2018-12-26 00:00:00+09:00,2018.5863617223338,2082.9690411768925,2018.5863617223338,2064.032958984375,162900,0.0,0.0
2018-12-27 00:00:00+09:00,2127.4690356445312,2179.5432666015627,2102.852126464844,2177.649658203125,118500,0.0,0.0
2018-12-28 00:00:00+09:00,2193.7453368825877,2218.36224614411,2151.1391477761067,2203.21337890625,120200,0.0,0.0
2018-12-31 00:00:00+09:00,2203.21337890625,2203.21337890625,2203.21337890625,2203.21337890625,0,0.0,0.0
2019-01-04 00:00:00+09:00,2134.096575225036,2153.0326584124805,2072.55430486584,2146.405029296875,121600,0.0,0.0
2019-01-07 00:00:00+09:00,2241.0855470008996,2242.032351203266,2187.1177074660236,2203.21337890625,112400,0.0,0.0
2019-01-08 00:00:00+09:00,2217.4155294206585,2242.0324396533388,2200.3730531057263,2225.936767578125,54800,0.0,0.0
2019-01-09 00:00:00+09:00,2237.2984474767513,2260.021749524759,2209.841124168742,2233.51123046875,91100,0.0,0.0
2019-01-10 00:00:00+09:00,2171.0221629689204,2192.7986608966503,2139.777622463916,2172.915771484375,168600,0.0,0.0
2019-01-11 00:00:00+09:00,2194.692215092036,2213.628299777903,2164.394479594648,2174.809326171875,140300,0.0,0.0
2019-01-15 00:00:00+09:00,2127.4692964150872,2170.0754906023053,2105.6927971638424,2151.139404296875,133400,0.0,0.0
2019-01-16 00:00:00+09:00,2159.6606431343184,2176.7031208092058,2138.830948198345,2151.139404296875,88200,0.0,0.0
2019-01-17 00:00:00+09:00,2182.383871569565,2220.256042876629,2163.4477859160334,2188.064697265625,112600,0.0,0.0
2019-01-18 00:00:00+09:00,2188.0645290324783,2216.4686553288757,2162.5008153657204,2168.181640625,136700,0.0,0.0
2019-01-21 00:00:00+09:00,2187.1178963359407,2207.9475905867594,2160.607376380354,2205.107177734375,131000,0.0,0.0
2019-01-22 00:00:00+09:00,2214.5748796483863,2220.255704478609,2136.9369403020128,2165.341064453125,115400,0.0,0.0
2019-01-23 00:00:00+09:00,2149.245554093257,2184.277309820768,2118.0010152011523,2159.660400390625,97600,0.0,0.0
2019-01-24 00:00:00+09:00,2160.6070944948647,2171.9687444220945,2136.9369904798027,2154.92626953125,47800,0.0,0.0
2019-01-25 00:00:00+09:00,2140.7241179498433,2163.447416857758,2127.4688602535593,2132.202880859375,99200,0.0,0.0
2019-01-28 00:00:00+09:00,2132.2032897733548,2175.7562876994534,2123.682051048683,2143.56494140625,64400,0.0,0.0
2019-01-29 00:00:00+09:00,2137.8839834747446,2159.6604810920694,2130.3095495208927,2156.820068359375,43300,0.0,0.0
2019-01-30 00:00:00+09:00,2156.8202831296994,2187.118021962074,2140.724609375,2140.724609375,93300,0.0,0.0
2019-01-31 00:00:00+09:00,2219.30911109561,2232.5643702915736,2192.798592703683,2226.883544921875,103200,0.0,0.0
2019-02-01 00:00:00+09:00,2224.9900677010655,2224.9900677010655,2188.064700620069,2205.107177734375,90300,0.0,0.0
2019-02-04 00:00:00+09:00,2201.3197582087737,2230.670688318224,2143.564702186952,2160.607177734375,119300,0.0,0.0
2019-02-05 00:00:00+09:00,2164.3942162706444,2203.213185153889,2135.990092697539,2192.79833984375,101000,0.0,0.0
2019-02-06 00:00:00+09:00,2248.660174804268,2253.3941962249087,2198.479547745478,2205.107177734375,55500,0.0,0.0
2019-02-07 00:00:00+09:00,2215.5218674464777,2228.7771264824823,2180.4901114227514,2227.830322265625,53400,0.0,0.0
2019-02-08 00:00:00+09:00,2181.436951513822,2191.8517980705283,2152.0860203085576,2157.766845703125,63100,0.0,0.0
2019-02-12 00:00:00+09:00,2163.4476732374073,2173.862519804414,2141.6711758700285,2166.2880859375,62500,0.0,0.0
2019-02-13 00:00:00+09:00,2193.7453368825877,2205.1069873109823,2150.1923435737403,2203.21337890625,86300,0.0,0.0
2019-02-14 00:00:00+09:00,2214.5749806102203,2236.351476785524,2196.5857011610565,2222.1494140625,72400,0.0,0.0
2019-02-15 00:00:00+09:00,2221.2027146678647,2328.191592228593,2205.1070428224457,2313.042724609375,188600,0.0,0.0
2019-02-18 00:00:00+09:00,2374.5850646432523,2385.9467156702535,2311.1491797424956,2353.75537109375,62300,0.0,0.0
2019-02-19 00:00:00+09:00,2369.8511519266845,2369.8511519266845,2332.925784397663,2349.96826171875,49900,0.0,0.0
2019-02-20 00:00:00+09:00,2376.478378649055,2384.999615863334,2353.755079410976,2372.691162109375,43600,0.0,0.0
2019-02-21 00:00:00+09:00,2396.3612446820853,2421.924956103032,2365.1167085009283,2390.680419921875,63600,0.0,0.0
2019-02-22 00:00:00+09:00,2400.148550327641,2428.552675183589,2380.265662928477,2413.40380859375,85500,0.0,0.0
2019-02-25 00:00:00+09:00,2423.8189247735327,2430.4465546459605,2392.574383946374,2403.93603515625,27000,0.0,0.0
2019-02-26 00:00:00+09:00,2422.8718717190586,2422.8718717190586,2383.1060965677493,2395.41455078125,30100,0.0,0.0
2019-02-27 00:00:00+09:00,2413.403947530921,2435.180444507465,2406.77631801632,2425.71240234375,63800,0.0,0.0
2019-02-28 00:00:00+09:00,2413.40410312639,2416.24451595863,2357.542650759008,2394.468017578125,85900,0.0,0.0
2019-03-01 00:00:00+09:00,2385.9466384747707,2409.6167440151953,2367.0105540424315,2373.63818359375,48300,0.0,0.0
2019-03-04 00:00:00+09:00,2399.2021141205446,2399.2021141205446,2348.0746815386547,2357.542724609375,47300,0.0,0.0
2019-03-05 00:00:00+09:00,2338.6063353749364,2338.6063353749364,2310.202209844067,2333.872314453125,66100,0.0,0.0
2019-03-06 00:00:00+09:00,2319.6703318170566,2342.3936330266934,2294.106617956216,2331.031982421875,36800,0.0,0.0
2019-03-07 00:00:00+09:00,2301.680986219125,2307.361811359937,2277.0640772756046,2290.3193359375,67000,0.0,0.0
2019-03-08 00:00:00+09:00,2242.97912550281,2267.5960344361456,2193.7453076361376,2195.638916015625,94000,0.0,0.0
2019-03-11 00:00:00+09:00,2182.3837870421726,2192.7986337482307,2166.2881148600827,2173.862548828125,51000,0.0,0.0
2019-03-12 00:00:00+09:00,2223.0962597656253,2223.0962597656253,2158.71357421875,2177.649658203125,95300,0.0,0.0
2019-03-13 00:00:00+09:00,2177.6498433207416,2215.5220145089284,2152.0861277687154,2153.979736328125,50100,0.0,0.0
2019-03-14 00:00:00+09:00,2177.649653281798,2224.98986313575,2159.660373537296,2160.607177734375,53000,0.0,0.0
2019-03-15 00:00:00+09:00,2161.5538272907293,2199.425992464461,2151.138981867953,2183.330322265625,147500,0.0,0.0
2019-03-18 00:00:00+09:00,2191.8517505771365,2200.372988484348,2172.915666338889,2185.22412109375,51400,0.0,0.0
2019-03-19 00:00:00+09:00,2229.7238719386837,2232.5642845144016,2204.160158757221,2212.681396484375,57200,0.0,0.0
2019-03-20 00:00:00+09:00,2207.947392578125,2207.947392578125,2150.1923364257814,2177.649658203125,149700,0.0,0.0
2019-03-22 00:00:00+09:00,2175.756138781545,2209.841091347313,2170.075313353917,2208.894287109375,95200,0.0,0.0
2019-03-25 00:00:00+09:00,2166.2878182114882,2186.1707046548627,2145.4581276517624,2175.755859375,45400,0.0,0.0
2019-03-26 00:00:00+09:00,2219.309052767819,2238.245136835804,2200.372968699834,2211.734619140625,65000,0.0,0.0
2019-03-27 00:00:00+09:00,2204.0816227312016,2220.344377760034,2186.862235053614,2213.64794921875,47700,24.0,0.0
2019-03-28 00:00:00+09:00,2186.8623401480663,2189.73223823225,2137.1174400222135,2173.469482421875,60800,0.0,0.0
2019-03-29 00:00:00+09:00,2175.382772903812,2196.428692430586,2147.6404244367013,2170.599609375,99700,0.0,0.0
2019-04-01 00:00:00+09:00,2176.339374346696,2220.3444781796397,2166.7730474264904,2202.16845703125,71400,0.0,0.0
2019-04-02 00:00:00+09:00,2232.78078326057,2254.7833359662222,2210.778230554917,2211.73486328125,45200,0.0,0.0
2019-04-03 00:00:00+09:00,2219.387907392159,2251.9134198280785,2189.73229311235,2250.956787109375,50300,0.0,0.0
2019-04-04 00:00:00+09:00,2246.173499030036,2272.959213669236,2234.6939070418075,2265.30615234375,33200,0.0,0.0
2019-04-05 00:00:00+09:00,2290.1786923716727,2304.52818292538,2263.3929766714195,2264.349609375,79800,0.0,0.0
2019-04-08 00:00:00+09:00,2277.7425859965365,2287.308913531171,2264.349727448048,2278.69921875,44700,0.0,0.0
2019-04-09 00:00:00+09:00,2260.523190234708,2271.046150493947,2210.778287191033,2242.34716796875,79400,0.0,0.0
2019-04-10 00:00:00+09:00,2238.520422983978,2278.698994678562,2231.823994368214,2257.653076171875,49700,0.0,0.0
2019-04-11 00:00:00+09:00,2272.9591388501785,2276.7856693869635,2236.607098750723,2273.915771484375,23200,0.0,0.0
2019-04-12 00:00:00+09:00,2286.351833675289,2295.9181593392022,2251.913061285201,2254.782958984375,45700,0.0,0.0
2019-04-15 00:00:00+09:00,2294.0049691217937,2337.0534360152387,2293.0483365241616,2321.747314453125,83900,0.0,0.0
2019-04-16 00:00:00+09:00,2321.747299011407,2335.140155289182,2305.4845449598233,2314.09423828125,46300,0.0,0.0
2019-04-17 00:00:00+09:00,2321.7474389526974,2335.140296037715,2301.658153325171,2307.39794921875,62800,0.0,0.0
2019-04-18 00:00:00+09:00,2328.4436665965077,2328.4436665965077,2247.129898453244,2254.782958984375,49900,0.0,0.0
2019-04-19 00:00:00+09:00,2286.352146823005,2287.3087795204206,2236.6072465574,2256.696533203125,40800,0.0,0.0
2019-04-22 00:00:00+09:00,2262.435939691681,2262.435939691681,2213.6476805270822,2216.517578125,43000,0.0,0.0
2019-04-23 00:00:00+09:00,2213.6480093770406,2218.4311727508025,2191.6454578577354,2197.38525390625,50400,0.0,0.0
2019-04-24 00:00:00+09:00,2188.77547501929,2192.6020055700233,2158.1632306134256,2169.642822265625,83800,0.0,0.0
2019-04-25 00:00:00+09:00,2160.0763264217435,2164.8594892349006,2137.1171449185895,2161.032958984375,38800,0.0,0.0
2019-04-26 00:00:00+09:00,2135.2040866330376,2135.2040866330376,2106.505106973991,2127.551025390625,55400,0.0,0.0
2019-05-07 00:00:00+09:00,2154.3368997012867,2154.3368997012867,2077.806281594669,2081.6328125,104900,0.0,0.0
2019-05-08 00:00:00+09:00,2037.6276523344272,2039.54091773568,1999.3623443093675,2004.1455078125,98300,0.0,0.0
2019-05-09 00:00:00+09:00,1793.6862578148223,1798.4694211689953,1568.877580168698,1609.05615234375,679400,0.0,0.0
2019-05-10 00:00:00+09:00,1600.4463474139495,1625.3187951322775,1509.5662499815974,1522.9591064453125,595200,0.0,0.0
2019-05-13 00:00:00+09:00,1521.0460748909536,1529.6557696544874,1492.3470923458412,1500.956787109375,225100,0.0,0.0
2019-05-14 00:00:00+09:00,1475.1275884617141,1478.9541191710832,1429.2092199492872,1472.2576904296875,243500,0.0,0.0
2019-05-15 00:00:00+09:00,1470.3444205033152,1470.3444205033152,1434.9490115517065,1454.0816650390625,256700,0.0,0.0
2019-05-16 00:00:00+09:00,1452.1684129094504,1452.1684129094504,1392.8571865587348,1429.209228515625,261000,0.0,0.0
2019-05-17 00:00:00+09:00,1452.1682685438439,1472.2575528912882,1436.8621471362671,1464.6044921875,184800,0.0,0.0
2019-05-20 00:00:00+09:00,1454.0817657389755,1463.648093145153,1426.339416261061,1442.6021728515625,148900,0.0,0.0
2019-05-21 00:00:00+09:00,1428.2525828311318,1462.6913591083728,1407.2066639950401,1454.0816650390625,188400,0.0,0.0
2019-05-22 00:00:00+09:00,1454.0817585397274,1477.040944200881,1438.775634765625,1438.775634765625,124100,0.0,0.0
2019-05-23 00:00:00+09:00,1433.0357592479293,1451.2117802263742,1425.3826977833207,1429.209228515625,111400,0.0,0.0
2019-05-24 00:00:00+09:00,1413.9030093647825,1437.8188248141191,1398.596887477207,1426.3392333984375,102400,0.0,0.0
2019-05-27 00:00:00+09:00,1427.2959382306278,1452.1683875563626,1427.2959382306278,1432.0791015625,67400,0.0,0.0
2019-05-28 00:00:00+09:00,1427.295967500413,1453.1250500222034,1421.5561713844597,1447.38525390625,66500,0.0,0.0
2019-05-29 00:00:00+09:00,1423.4693279253531,1440.6887149567083,1411.9897365711165,1422.5126953125,89200,0.0,0.0
2019-05-30 00:00:00+09:00,1404.336675668292,1424.4259605382063,1389.030553862643,1422.5126953125,140000,0.0,0.0
2019-05-31 00:00:00+09:00,1422.512795286017,1445.4719796080508,1410.0765704449152,1411.033203125,118900,0.0,0.0
2019-06-03 00:00:00+09:00,1387.11737241328,1391.9005357664294,1335.4592081992682,1356.505126953125,160800,0.0,0.0
2019-06-04 00:00:00+09:00,1365.1149144179155,1406.2501220703125,1349.8087906402795,1406.2501220703125,169000,0.0,0.0
2019-06-05 00:00:00+09:00,1429.2091368416288,1453.124952384494,1422.5127084896264,1444.5152587890625,132500,0.0,0.0
2019-06-06 00:00:00+09:00,1442.6020692767518,1442.6020692767518,1389.0306396484375,1389.0306396484375,118500,0.0,0.0
2019-06-07 00:00:00+09:00,1393.8139112477818,1397.6404422326762,1363.2016633686267,1381.377685546875,125200,0.0,0.0
2019-06-10 00:00:00+09:00,1409.1200202786192,1415.816449431335,1377.5511399872448,1406.2501220703125,96800,0.0,0.0
2019-06-11 00:00:00+09:00,1398.5970031074855,1420.5995551399562,1394.7704723192298,1408.163330078125,113600,0.0,0.0
2019-06-12 00:00:00+09:00,1418.6862488598183,1461.7347189870547,1413.9030855123476,1450.255126953125,174900,0.0,0.0
2019-06-13 00:00:00+09:00,1429.2093039772726,1450.2552241161616,1399.553689236111,1420.599609375,156200,0.0,0.0
2019-06-14 00:00:00+09:00,1424.4259832889895,1437.8188400828417,1403.380065470079,1433.9923095703125,91500,0.0,0.0
2019-06-17 00:00:00+09:00,1430.1658778443307,1433.0357759269614,1386.160773910659,1389.9873046875,152600,0.0,0.0
2019-06-18 00:00:00+09:00,1377.5509798728813,1398.5968976209392,1345.9821032507946,1354.591796875,105500,0.0,0.0
2019-06-19 00:00:00+09:00,1391.9005412051552,1475.1275838751542,1377.5510510896381,1454.0816650390625,565900,0.0,0.0
2019-06-20 00:00:00+09:00,1474.1708700622155,1482.780563657647,1431.122402085058,1444.5152587890625,203000,0.0,0.0
2019-06-21 00:00:00+09:00,1450.2550794858369,1459.8214058676697,1428.2525288076217,1441.6453857421875,201500,0.0,0.0
2019-06-24 00:00:00+09:00,1428.2525988018456,1432.079129542105,1402.4235163050942,1414.8597412109375,156100,0.0,0.0
2019-06-25 00:00:00+09:00,1429.2092314869105,1442.6020890778186,1409.1199451005482,1414.8597412109375,78800,0.0,0.0
2019-06-26 00:00:00+09:00,1420.5995253678207,1433.9923828460358,1387.1173816722828,1392.857177734375,108000,0.0,0.0
2019-06-27 00:00:00+09:00,1408.1633802083334,1444.5154239908854,1407.2067474772134,1434.9490966796875,211700,0.0,0.0
2019-06-28 00:00:00+09:00,1413.9030982919987,1432.0791191766725,1411.9898329357172,1425.3826904296875,90200,0.0,0.0
2019-07-01 00:00:00+09:00,1470.3443375384222,1488.5203573258198,1447.3851546490778,1458.86474609375,244600,0.0,0.0
2019-07-02 00:00:00+09:00,1458.8648284109015,1500.0000334087172,1444.5153382953845,1454.0816650390625,272700,0.0,0.0
2019-07-03 00:00:00+09:00,1456.951613311566,1457.9082460189275,1423.4694685539134,1448.3419189453125,169700,0.0,0.0
2019-07-04 00:00:00+09:00,1448.3419261826828,1463.6480495769517,1435.9057009248395,1452.16845703125,125200,0.0,0.0
2019-07-05 00:00:00+09:00,1433.9923571768977,1433.9923571768977,1380.420928222991,1395.72705078125,833500,0.0,0.0
2019-07-08 00:00:00+09:00,1398.597031458208,1401.466929607575,1382.3342752784613,1390.9439697265625,250200,0.0,0.0
2019-07-09 00:00:00+09:00,1397.6401781940526,1418.686094635031,1380.4207920150704,1388.0738525390625,220800,0.0,0.0
2019-07-10 00:00:00+09:00,1381.3775485152987,1389.987242377236,1370.8545893507085,1373.7244873046875,158200,0.0,0.0
2019-07-11 00:00:00+09:00,1375.637735241251,1385.2040616337492,1370.8545720450018,1380.4208984375,163000,0.0,0.0
2019-07-12 00:00:00+09:00,1377.5510754445606,1383.2908715922463,1363.2015850753464,1371.811279296875,124200,0.0,0.0
2019-07-16 00:00:00+09:00,1371.8112865973249,1388.0740424356475,1369.898021204581,1375.6378173828125,154300,0.0,0.0
2019-07-17 00:00:00+09:00,1374.681170014068,1393.813823737298,1362.2449450939685,1367.9847412109375,207600,0.0,0.0
2019-07-18 00:00:00+09:00,1361.288255052987,1361.288255052987,1315.3698880519025,1323.02294921875,241900,0.0,0.0
2019-07-19 00:00:00+09:00,1334.5025510204082,1370.8545918367347,1323.9795918367347,1359.375,193900,0.0,0.0
2019-07-22 00:00:00+09:00,1359.3749901116228,1381.3775409719797,1357.4617248194177,1369.89794921875,116200,0.0,0.0
2019-07-23 00:00:00+09:00,1377.551086886582,1400.510271668025,1370.8546579919944,1393.8138427734375,220200,0.0,0.0
2019-07-24 00:00:00+09:00,1395.727086092939,1395.727086092939,1374.6811670428742,1382.334228515625,147300,0.0,0.0
2019-07-25 00:00:00+09:00,1378.5076331590003,1389.0305921907484,1364.158143570253,1380.4208984375,165100,0.0,0.0
2019-07-26 00:00:00+09:00,1362.2449878961268,1363.201620612346,1347.895497152839,1358.41845703125,169700,0.0,0.0
2019-07-29 00:00:00+09:00,1356.5050824562543,1380.4208984375,1347.895388703006,1380.4208984375,180900,0.0,0.0
2019-07-30 00:00:00+09:00,1396.6837377133577,1426.33935132234,1396.6837377133577,1408.163330078125,302400,0.0,0.0
2019-07-31 00:00:00+09:00,1425.3826802639387,1487.5638038996137,1402.4234961523048,1435.9056396484375,470800,0.0,0.0
2019-08-01 00:00:00+09:00,1390.943959144358,1414.8597768738002,1351.7220180680727,1401.4669189453125,277800,0.0,0.0
2019-08-02 00:00:00+09:00,1367.0279726680492,1378.507563761133,1345.0254230729722,1345.9820556640625,217800,0.0,0.0
2019-08-05 00:00:00+09:00,1328.7627803782984,1333.545943734592,1292.410738870469,1309.630126953125,181000,0.0,0.0
2019-08-06 00:00:00+09:00,1253.188742545432,1329.719352777214,1245.5356815222538,1325.892822265625,200800,0.0,0.0
2019-08-07 00:00:00+09:00,1319.196365187529,1324.9361608301142,1294.3239174029925,1296.2371826171875,123200,0.0,0.0
2019-08-08 00:00:00+09:00,1297.1938228649283,1321.1096381832344,1287.6274967376057,1300.063720703125,105700,0.0,0.0
2019-08-09 00:00:00+09:00,1305.8035220739976,1323.02290917827,1301.0203589894775,1318.23974609375,102800,0.0,0.0
2019-08-13 00:00:00+09:00,1295.2805997425755,1304.8469261808516,1280.9311100851614,1290.4974365234375,160700,0.0,0.0
2019-08-14 00:00:00+09:00,1309.630060088272,1325.8928146693536,1303.8902643537729,1322.0662841796875,156800,0.0,0.0
2019-08-15 00:00:00+09:00,1293.3673715417276,1310.5867596243836,1269.4515547602607,1309.630126953125,99500,0.0,0.0
2019-08-16 00:00:00+09:00,1292.410770789376,1319.1964862461507,1286.6709746200672,1310.5867919921875,106500,0.0,0.0
2019-08-19 00:00:00+09:00,1339.2856942700862,1344.0688574639078,1319.1964088560349,1333.5458984375,130100,0.0,0.0
2019-08-20 00:00:00+09:00,1337.372451456648,1347.895410659812,1327.806124908317,1345.0255126953125,92900,0.0,0.0
2019-08-21 00:00:00+09:00,1339.2856636656386,1343.1121941332547,1312.499950392326,1318.23974609375,83600,0.0,0.0
2019-08-22 00:00:00+09:00,1312.50003971496,1321.109733853032,1308.673508986928,1317.283203125,95300,0.0,0.0
2019-08-23 00:00:00+09:00,1320.1530909469561,1337.3724790897425,1320.1530909469561,1327.80615234375,90200,0.0,0.0
2019-08-26 00:00:00+09:00,1279.0178089809563,1284.7576046831896,1253.188728320907,1257.0152587890625,177900,0.0,0.0
2019-08-27 00:00:00+09:00,1267.5383196619457,1280.9311773791285,1261.7985234974387,1278.061279296875,135000,0.0,0.0
2019-08-28 00:00:00+09:00,1278.06118963865,1279.9744548926,1259.885169726124,1279.017822265625,72500,0.0,0.0
2019-08-29 00:00:00+09:00,1279.0178823760061,1285.7143110795455,1238.8393101547704,1262.755126953125,118500,0.0,0.0
2019-08-30 00:00:00+09:00,1280.931112801089,1324.936214510462,1273.2780516342416,1323.02294921875,166200,0.0,0.0
2019-09-02 00:00:00+09:00,1319.1964872963408,1348.8521008613782,1311.54342573117,1343.1123046875,109900,0.0,0.0
2019-09-03 00:00:00+09:00,1347.8955078125,1366.0715295644072,1333.546016955731,1347.8955078125,123700,0.0,0.0
2019-09-04 00:00:00+09:00,1324.936180032827,1345.9820976939984,1317.2831190651284,1336.415771484375,130100,0.0,0.0
2019-09-05 00:00:00+09:00,1344.0689067800756,1386.1607444301278,1344.0689067800756,1374.68115234375,115800,0.0,0.0
2019-09-06 00:00:00+09:00,1371.8112496832025,1376.5944130363519,1353.6352289412355,1356.505126953125,114800,0.0,0.0
2019-09-09 00:00:00+09:00,1350.7652247189474,1364.1580810546875,1340.242266169437,1364.1580810546875,103100,0.0,0.0
2019-09-10 00:00:00+09:00,1374.6811249093912,1398.5969412787263,1374.6811249093912,1391.9005126953125,99000,0.0,0.0
2019-09-11 00:00:00+09:00,1412.946472903332,1429.209228515625,1407.2066768048758,1429.209228515625,158000,0.0,0.0
2019-09-12 00:00:00+09:00,1434.9489325719164,1456.9514828713525,1427.2958715981995,1444.5152587890625,250500,0.0,0.0
2019-09-13 00:00:00+09:00,1442.6020977746991,1456.9515881371797,1419.6429131947305,1451.2117919921875,162100,0.0,0.0
2019-09-17 00:00:00+09:00,1460.7780113345286,1471.3009701588114,1439.732093685963,1458.86474609375,163200,0.0,0.0
2019-09-18 00:00:00+09:00,1463.6479464444249,1463.6479464444249,1424.4260080102931,1431.1224365234375,217700,0.0,0.0
2019-09-19 00:00:00+09:00,1438.7755627294725,1456.951583801188,1429.2092358496222,1433.0357666015625,141500,0.0,0.0
2019-09-20 00:00:00+09:00,1444.5153336903002,1444.5153336903002,1414.8597208794397,1435.9056396484375,237200,0.0,0.0
2019-09-24 00:00:00+09:00,1433.992424373563,1444.5153841254703,1414.8597702791858,1430.1658935546875,107500,0.0,0.0
2019-09-25 00:00:00+09:00,1415.8162746007292,1433.9922943422253,1411.033111510862,1426.3392333984375,82700,0.0,0.0
2019-09-26 00:00:00+09:00,1439.7322746297093,1454.0817657389755,1433.992478186003,1442.6021728515625,146600,0.0,0.0
2019-09-27 00:00:00+09:00,1435.3528098689699,1436.3193774177032,1385.0912973348377,1393.7904052734375,196300,15.5,0.0
2019-09-30 00:00:00+09:00,1391.8573146499305,1397.6567201276387,1376.3922333760424,1390.8907470703125,110700,0.0,0.0
2019-10-01 00:00:00+09:00,1384.1247513351493,1417.954616067503,1384.1247513351493,1408.2889404296875,74900,0.0,0.0
2019-10-02 00:00:00+09:00,1394.7569616253338,1411.1886098218902,1384.124718674621,1402.489501953125,86500,0.0,0.0
2019-10-03 00:00:00+09:00,1362.8602739997002,1366.7265442805503,1346.4286253060868,1359.9605712890625,142800,0.0,0.0
2019-10-04 00:00:00+09:00,1366.726551004974,1394.7570106790506,1361.8937131301332,1375.4256591796875,145700,0.0,0.0
2019-10-07 00:00:00+09:00,1380.2584302907505,1404.4226184961208,1377.358727706106,1395.7235107421875,119900,0.0,0.0
2019-10-08 00:00:00+09:00,1377.3586680274127,1382.191505459088,1353.194480869037,1367.6929931640625,450200,0.0,0.0
2019-10-09 00:00:00+09:00,1357.0608833931587,1359.9605861354519,1339.6626669394004,1358.9940185546875,158500,0.0,0.0
2019-10-10 00:00:00+09:00,1369.6262165551045,1393.7904052734375,1349.3282980317051,1393.7904052734375,195500,0.0,0.0
2019-10-11 00:00:00+09:00,1401.5230415281185,1410.2221500617413,1387.0245273054138,1403.4561767578125,126000,0.0,0.0
2019-10-15 00:00:00+09:00,1424.7205810546875,1452.751040247758,1416.0214730292519,1424.7205810546875,156400,0.0,0.0
2019-10-16 00:00:00+09:00,1442.1188305004223,1464.3498848580025,1428.5868843697212,1430.52001953125,147400,0.0,0.0
2019-10-17 00:00:00+09:00,1438.2524895654965,1438.2524895654965,1406.3557609662619,1411.1885986328125,114400,0.0,0.0
2019-10-18 00:00:00+09:00,1437.2860287177355,1461.4502188441265,1427.620352667179,1444.052001953125,224900,0.0,0.0
2019-10-21 00:00:00+09:00,1444.0518983438126,1457.5838438436876,1431.4865203796428,1450.81787109375,105700,0.0,0.0
2019-10-23 00:00:00+09:00,1455.6507420125354,1462.4167149169762,1434.386255741436,1456.6173095703125,112600,0.0,0.0
2019-10-24 00:00:00+09:00,1456.6173425688305,1466.2830183655713,1445.9850991924156,1462.416748046875,113000,0.0,0.0
2019-10-25 00:00:00+09:00,1457.5839484239038,1461.4502188441265,1431.4866230874018,1444.052001953125,159200,0.0,0.0
2019-10-28 00:00:00+09:00,1457.5839068339908,1460.483609566419,1443.0853931718489,1454.6842041015625,217600,0.0,0.0
2019-10-29 00:00:00+09:00,1469.1826210221695,1484.6477012434555,1456.6172433423746,1476.9151611328125,238900,0.0,0.0
2019-10-30 00:00:00+09:00,1476.9151683229236,1476.9151683229236,1440.1856026185576,1460.4835205078125,751800,0.0,0.0
2019-10-31 00:00:00+09:00,1354.1611856713319,1390.89075387655,1313.5653471287224,1334.829833984375,765900,0.0,0.0
2019-11-01 00:00:00+09:00,1314.5318751724612,1317.431577838283,1293.2673889564362,1313.5653076171875,265400,0.0,0.0
2019-11-05 00:00:00+09:00,1353.1946114652103,1396.6901525480205,1353.1946114652103,1390.8907470703125,467300,0.0,0.0
2019-11-06 00:00:00+09:00,1409.2554779461816,1446.9516121299273,1396.6900998849333,1442.1187744140625,303100,0.0,0.0
2019-11-07 00:00:00+09:00,1436.3194250158363,1439.2191277581292,1401.5229921083192,1430.52001953125,179800,0.0,0.0
2019-11-08 00:00:00+09:00,1456.6172725332517,1477.881758263664,1450.8178673340483,1474.9820556640625,233900,0.0,0.0
2019-11-11 00:00:00+09:00,1490.447188052053,1506.8788366881652,1474.982106982771,1487.5474853515625,180100,0.0,0.0
2019-11-12 00:00:00+09:00,1476.9151907304636,1480.781460863266,1452.7510024004496,1474.9820556640625,125900,0.0,0.0
2019-11-13 00:00:00+09:00,1463.3832341383363,1474.9820444485479,1445.9850186730193,1451.784423828125,112800,0.0,0.0
2019-11-14 00:00:00+09:00,1451.7844843216724,1463.3832951151876,1416.021484375,1416.021484375,130800,0.0,0.0
2019-11-15 00:00:00+09:00,1414.0882432997505,1453.7175105419171,1411.1885408186163,1446.9515380859375,139400,0.0,0.0
2019-11-18 00:00:00+09:00,1449.8513331804536,1453.7176034022682,1434.3862522931954,1448.884765625,161000,0.0,0.0
2019-11-19 00:00:00+09:00,1458.550504216177,1460.483639410632,1436.3194494799463,1452.7510986328125,120600,0.0,0.0
2019-11-20 00:00:00+09:00,1447.9182596480634,1447.9182596480634,1413.121826171875,1413.121826171875,102600,0.0,0.0
2019-11-21 00:00:00+09:00,1403.4560991686078,1417.954612589771,1377.3587750105137,1400.556396484375,113900,0.0,0.0
2019-11-22 00:00:00+09:00,1400.55638865722,1427.6202802254754,1400.55638865722,1416.988037109375,82600,0.0,0.0
2019-11-25 00:00:00+09:00,1445.9850743236157,1449.8513445758178,1429.5534257517563,1440.1856689453125,109900,0.0,0.0
2019-11-26 00:00:00+09:00,1449.8513491894198,1449.8513491894198,1411.1886465443686,1416.021484375,125900,0.0,0.0
2019-11-27 00:00:00+09:00,1431.4865426329125,1446.9516234446119,1424.720569777794,1433.419677734375,135000,0.0,0.0
2019-11-28 00:00:00+09:00,1433.419648141572,1446.9515935724432,1420.8542702414773,1435.352783203125,131800,0.0,0.0
2019-11-29 00:00:00+09:00,1448.8847360223394,1454.6841412365716,1418.921142415473,1450.81787109375,140200,0.0,0.0
2019-12-02 00:00:00+09:00,1440.1855656299579,1457.5837805167625,1436.3192956551122,1446.9515380859375,116600,0.0,0.0
2019-12-03 00:00:00+09:00,1441.1522580168967,1461.4501771438952,1427.620311932231,1454.6842041015625,129900,0.0,0.0
2019-12-04 00:00:00+09:00,1447.918308086041,1462.4168225194794,1446.9517404571452,1457.583984375,150600,0.0,0.0
2019-12-05 00:00:00+09:00,1466.2830022258302,1502.0460022801187,1459.5170292425864,1495.280029296875,263100,0.0,0.0
2019-12-06 00:00:00+09:00,1496.2465376420455,1526.2101310961175,1489.4805649266098,1499.146240234375,152000,0.0,0.0
2019-12-09 00:00:00+09:00,1537.8090759858633,1560.040131138393,1517.5111560639882,1522.343994140625,232900,0.0,0.0
2019-12-10 00:00:00+09:00,1514.6112503090783,1516.5443852807555,1493.3467656206292,1511.7115478515625,115900,0.0,0.0
2019-12-11 00:00:00+09:00,1511.711625366211,1547.4746241760254,1504.9456526184083,1546.508056640625,143900,0.0,0.0
2019-12-12 00:00:00+09:00,1556.1737653416387,1572.6054137955566,1552.3074951171875,1552.3074951171875,170000,0.0,0.0
2019-12-13 00:00:00+09:00,1581.3044986114778,1614.1677950373887,1572.6053907340308,1601.6024169921875,242600,0.0,0.0
2019-12-16 00:00:00+09:00,1587.1039890468085,1591.9368270158914,1564.8729343890273,1588.070556640625,165900,0.0,0.0
2019-12-17 00:00:00+09:00,1549.4077889414991,1568.7391400199958,1531.0430054169276,1544.574951171875,367800,0.0,0.0
2019-12-18 00:00:00+09:00,1549.40771484375,1557.1402549053532,1525.2435271512397,1549.40771484375,260800,0.0,0.0
2019-12-19 00:00:00+09:00,1555.2072091959533,1555.2072091959533,1535.8758579318644,1543.6083984375,133900,0.0,0.0
2019-12-20 00:00:00+09:00,1546.5080678425518,1549.4077704697568,1531.0429871641263,1537.8089599609375,128100,0.0,0.0
2019-12-23 00:00:00+09:00,1522.3438982003793,1526.2101684180311,1507.8453848841853,1512.67822265625,115000,0.0,0.0
2019-12-24 00:00:00+09:00,1511.7116438636635,1532.0095623554391,1510.745076316436,1521.3773193359375,82900,0.0,0.0
2019-12-25 00:00:00+09:00,1509.7785997620622,1509.7785997620622,1471.1158955428034,1483.6812744140625,84000,0.0,0.0
2019-12-26 00:00:00+09:00,1470.149207134636,1515.577880859375,1456.6172617698203,1515.577880859375,144100,0.0,0.0
2019-12-27 00:00:00+09:00,1517.5110854910363,1540.7087071800713,1516.54451792066,1534.9093017578125,107900,0.0,0.0
2019-12-30 00:00:00+09:00,1533.9427307901503,1541.6752713360365,1518.4776496983782,1527.1767578125,100500,0.0,0.0
2020-01-06 00:00:00+09:00,1490.4471324573863,1503.9790778882575,1474.982051964962,1499.146240234375,149800,0.0,0.0
2020-01-07 00:00:00+09:00,1500.1128150925335,1519.444165802489,1496.2465449505423,1514.611328125,56000,0.0,0.0
2020-01-08 00:00:00+09:00,1496.2465707415101,1506.8788138152547,1473.0489494897038,1504.9456787109375,103000,0.0,0.0
2020-01-09 00:00:00+09:00,1518.477572424773,1538.775490324786,1517.5110049057248,1524.2769775390625,86900,0.0,0.0
2020-01-10 00:00:00+09:00,1527.1766454252681,1527.1766454252681,1479.8148380671428,1486.580810546875,91600,0.0,0.0
2020-01-14 00:00:00+09:00,1497.2131461007255,1515.5779296875,1476.9152273995535,1488.5140380859375,97900,0.0,0.0
2020-01-15 00:00:00+09:00,1488.5140120967742,1499.1462550403226,1472.0823639112903,1498.1796875,127100,0.0,0.0
2020-01-16 00:00:00+09:00,1489.4806021349239,1493.346872354612,1471.1158185914044,1480.781494140625,89800,0.0,0.0
2020-01-17 00:00:00+09:00,1494.3134863592259,1521.377378738306,1481.7481077546527,1517.5111083984375,134400,0.0,0.0
2020-01-20 00:00:00+09:00,1519.4441692295359,1554.2406005859375,1519.4441692295359,1554.2406005859375,118100,0.0,0.0
2020-01-21 00:00:00+09:00,1550.3743634797088,1563.9063092956164,1534.9092825472428,1560.0400390625,141400,0.0,0.0
2020-01-22 00:00:00+09:00,1560.0399946732955,1578.4047777580492,1537.8089414654355,1562.939697265625,140600,0.0,0.0
2020-01-23 00:00:00+09:00,1585.1707617916277,1590.9701670176946,1546.5080602845148,1554.2406005859375,161900,0.0,0.0
2020-01-24 00:00:00+09:00,1564.8728507657356,1573.571958645224,1547.474635006759,1569.7056884765625,146900,0.0,0.0
2020-01-27 00:00:00+09:00,1531.0430328074758,1532.9761679499095,1497.2131678148864,1503.0125732421875,210500,0.0,0.0
2020-01-28 00:00:00+09:00,1469.182613312252,1469.182613312252,1446.9515606108166,1461.4500732421875,225500,0.0,0.0
2020-01-29 00:00:00+09:00,1471.1157781133588,1480.7814533966266,1453.7175626034768,1459.5169677734375,207300,0.0,0.0
2020-01-30 00:00:00+09:00,1478.8482883998327,1478.8482883998327,1447.9181281195747,1461.4500732421875,356800,0.0,0.0
2020-01-31 00:00:00+09:00,1454.684126405678,1473.0489093968458,1449.8512887764232,1451.784423828125,230400,0.0,0.0
2020-02-03 00:00:00+09:00,1306.7993472667224,1383.1581848658873,1304.8662121376296,1376.3922119140625,607700,0.0,0.0
2020-02-04 00:00:00+09:00,1368.6596344692048,1407.322336007883,1358.0273915460682,1394.7569580078125,340000,0.0,0.0
2020-02-05 00:00:00+09:00,1395.723537317095,1406.3557803298982,1353.1945652658815,1354.1611328125,261200,0.0,0.0
2020-02-06 00:00:00+09:00,1394.7569777648573,1394.7569777648573,1337.7294921875,1337.7294921875,293700,0.0,0.0
2020-02-07 00:00:00+09:00,1344.4954678077029,1381.2250348649945,1329.030386941475,1377.3587646484375,216700,0.0,0.0
2020-02-10 00:00:00+09:00,1367.693110571967,1396.6901376512315,1365.7599754333496,1391.8572998046875,181300,0.0,0.0
2020-02-12 00:00:00+09:00,1400.5563704639042,1416.988018702611,1393.7903976597306,1410.2220458984375,226600,0.0,0.0
2020-02-13 00:00:00+09:00,1420.8542628382402,1443.0853159302671,1416.0214252095386,1419.8876953125,215300,0.0,0.0
2020-02-14 00:00:00+09:00,1420.8543370981686,1432.4531480132557,1406.3558234543098,1415.054931640625,194700,0.0,0.0
2020-02-17 00:00:00+09:00,1403.456058451406,1410.2220311849871,1372.5258973836064,1379.2918701171875,142500,0.0,0.0
2020-02-18 00:00:00+09:00,1390.8907208702663,1411.1886396598948,1380.2584776947465,1400.556396484375,152400,0.0,0.0
2020-02-19 00:00:00+09:00,1413.1217850674113,1426.6537310256492,1396.6901364038367,1423.7540283203125,165300,0.0,0.0
2020-02-20 00:00:00+09:00,1423.7540179582363,1434.386261133756,1399.5898289229642,1400.556396484375,194200,0.0,0.0
2020-02-21 00:00:00+09:00,1397.6567920401253,1423.754118032576,1377.358871823775,1378.325439453125,146100,0.0,0.0
2020-02-25 00:00:00+09:00,1299.0667390695066,1319.3646568674678,1289.4010639276205,1293.267333984375,200900,0.0,0.0
2020-02-26 00:00:00+09:00,1264.2703449286864,1277.8022905166083,1243.0058590048095,1274.902587890625,185700,0.0,0.0
2020-02-27 00:00:00+09:00,1256.5378325654917,1266.203508200611,1193.7109409372172,1201.4434814453125,291500,0.0,0.0
2020-02-28 00:00:00+09:00,1163.7472539893618,1177.2791988031915,1126.0511220079786,1135.716796875,188600,0.0,0.0
2020-03-02 00:00:00+09:00,1110.5860819079212,1136.6834049814754,1103.820109259222,1125.0845947265625,267800,0.0,0.0
2020-03-03 00:00:00+09:00,1151.1819834973844,1158.9145241086178,1094.1544964895375,1097.05419921875,240900,0.0,0.0
2020-03-04 00:00:00+09:00,1081.5890335575227,1099.953816075479,1073.8564935499621,1078.6893310546875,201000,0.0,0.0
2020-03-05 00:00:00+09:00,1082.5556231500457,1090.288163315403,1060.3245701746428,1061.2911376953125,121200,0.0,0.0
2020-03-06 00:00:00+09:00,1034.227259857861,1035.1938273904386,991.6982884244537,992.6648559570312,184900,0.0,0.0
2020-03-09 00:00:00+09:00,965.6009830921472,965.6009830921472,890.2087141420096,899.8743896484375,259800,0.0,0.0
2020-03-10 00:00:00+09:00,896.9746939347941,925.9717206783758,843.8134782382276,915.3394775390625,160600,0.0,0.0
2020-03-11 00:00:00+09:00,916.3060970616367,939.5037197720578,890.2087715124128,892.1419067382812,156100,0.0,0.0
2020-03-12 00:00:00+09:00,863.144839392768,882.4761907789442,827.3818393283419,835.1143798828125,192600,0.0,0.0
2020-03-13 00:00:00+09:00,748.1232741626341,802.2510562725921,748.1232741626341,777.1203002929688,332700,0.0,0.0
2020-03-16 00:00:00+09:00,806.1173673542014,850.5794763449607,789.6857183793555,798.3848266601562,238100,0.0,0.0
2020-03-17 00:00:00+09:00,784.8528401692708,852.5125677700701,767.4546245004939,840.9137573242188,323400,0.0,0.0
2020-03-18 00:00:00+09:00,855.4122935550314,876.6767799484898,819.6492937114876,823.5155639648438,281600,0.0,0.0
2020-03-19 00:00:00+09:00,862.1782688597949,886.3424580094529,824.4821337863286,863.1448364257812,336500,0.0,0.0
2020-03-23 00:00:00+09:00,892.1418155960972,897.941220681229,844.7800074008549,862.17822265625,254100,0.0,0.0
2020-03-24 00:00:00+09:00,891.17528516873,909.5400687025759,871.8439340804713,907.60693359375,141100,0.0,0.0
2020-03-25 00:00:00+09:00,965.6009344035823,990.731689453125,937.5704768483232,990.731689453125,156500,0.0,0.0
2020-03-26 00:00:00+09:00,956.901859263682,965.60096707517,917.272590344681,932.7376708984375,214700,0.0,0.0
2020-03-27 00:00:00+09:00,960.7680968940549,990.731689453125,941.4367468559451,990.731689453125,182600,0.0,0.0
2020-03-30 00:00:00+09:00,956.0975754343718,986.3414783307653,926.8292823088299,984.3902587890625,187000,9.5,0.0
2020-03-31 00:00:00+09:00,955.1219662753018,980.4878203336857,935.6097708457758,944.3902587890625,156000,0.0,0.0
2020-04-01 00:00:00+09:00,929.7561147289045,960.9756275004942,879.0244064750714,886.8292846679688,259400,0.0,0.0
2020-04-02 00:00:00+09:00,872.1951638211026,900.4878481061271,868.292724609375,868.292724609375,132900,0.0,0.0
2020-04-03 00:00:00+09:00,931.707346657108,960.9756402693732,840.0000266720106,843.9024658203125,131900,0.0,0.0
2020-04-06 00:00:00+09:00,852.6829623135653,874.146377840909,809.7561312588779,858.53662109375,100000,0.0,0.0
2020-04-07 00:00:00+09:00,873.1707420815881,887.8048885969218,848.7804978893649,877.0731811523438,119000,0.0,0.0
2020-04-08 00:00:00+09:00,868.292708434713,877.073196497536,826.3414876901145,861.4634399414062,200600,0.0,0.0
2020-04-09 00:00:00+09:00,854.6341388381941,867.3170655561124,839.9999926252112,847.8048706054688,182700,0.0,0.0
2020-04-10 00:00:00+09:00,858.5365926926034,876.0975684522249,826.3414704666309,872.1951293945312,126400,0.0,0.0
2020-04-13 00:00:00+09:00,861.4634390897529,861.4634390897529,837.0731944949127,839.0244140625,78500,0.0,0.0
2020-04-14 00:00:00+09:00,841.9512283116171,860.4878138712007,828.2926915835028,854.6341552734375,139800,0.0,0.0
2020-04-15 00:00:00+09:00,842.9268744511124,842.9268744511124,813.6585801993377,833.1707763671875,174100,0.0,0.0
2020-04-16 00:00:00+09:00,825.3658536585366,841.951219512195,816.5853658536586,840.0,79800,0.0,0.0
2020-04-17 00:00:00+09:00,869.2683266552625,885.8536931571026,853.6585699476484,876.0975952148438,112900,0.0,0.0
2020-04-20 00:00:00+09:00,873.1707496514625,879.0244083083438,850.7317248000842,869.268310546875,77700,0.0,0.0
2020-04-21 00:00:00+09:00,846.8293057682896,853.6585743631952,826.3414999835729,840.9756469726562,125100,0.0,0.0
2020-04-22 00:00:00+09:00,826.3414801859366,830.2439192895301,806.8292846679688,806.8292846679688,121500,0.0,0.0
2020-04-23 00:00:00+09:00,804.878068890488,835.1219720851608,802.9268493295413,834.1463623046875,173200,0.0,0.0
2020-04-24 00:00:00+09:00,825.3658979000476,841.9512646427199,813.6585801993377,833.1707763671875,81000,0.0,0.0
2020-04-27 00:00:00+09:00,834.1463740631307,881.951253980199,833.1707642689048,876.0975952148438,139200,0.0,0.0
2020-04-28 00:00:00+09:00,880.9756413680842,884.8780805325054,865.3658847103994,871.2195434570312,93900,0.0,0.0
2020-04-30 00:00:00+09:00,909.2682853883248,937.5609680881761,902.4390171504297,927.8048706054688,120500,0.0,0.0
2020-05-01 00:00:00+09:00,883.9024334854658,965.8536524841184,883.9024334854658,950.243896484375,237500,0.0,0.0
2020-05-07 00:00:00+09:00,920.9756492136878,930.7317471926464,886.8293062873329,903.4146728515625,137900,0.0,0.0
2020-05-08 00:00:00+09:00,917.0731665210475,980.4878003762263,916.0975567694294,972.6829223632812,170500,0.0,0.0
2020-05-11 00:00:00+09:00,987.3170875186012,1033.1707467215401,987.3170875186012,1024.3902587890625,111800,0.0,0.0
2020-05-12 00:00:00+09:00,997.0732001594234,1014.6341762874758,985.3658827407218,1008.780517578125,119200,0.0,0.0
2020-05-13 00:00:00+09:00,988.2926889953,991.2195182815644,968.7804937535369,969.756103515625,66000,0.0,0.0
2020-05-14 00:00:00+09:00,955.1220035996548,956.0976134092562,922.9268798828125,922.9268798828125,86700,0.0,0.0
2020-05-15 00:00:00+09:00,944.3902587890625,949.268307646444,915.1219656447734,944.3902587890625,129400,0.0,0.0
2020-05-18 00:00:00+09:00,929.7561245266713,930.7317343110645,906.3414897012358,923.9024658203125,94500,0.0,0.0
2020-05-19 00:00:00+09:00,958.0488277431325,961.9512669600088,931.7073630292174,935.6098022460938,101800,0.0,0.0
2020-05-20 00:00:00+09:00,932.6829268292682,932.6829268292682,918.0487804878048,920.0,100400,0.0,0.0
2020-05-21 00:00:00+09:00,928.7804907947652,944.3902469425765,918.0487834431451,924.8780517578125,79000,0.0,0.0
2020-05-22 00:00:00+09:00,924.8780472465183,930.7317057733951,887.8048765762993,897.5609741210938,65100,0.0,0.0
2020-05-25 00:00:00+09:00,907.3171070817941,923.9024735553323,907.3171070817941,916.0975952148438,66600,0.0,0.0
2020-05-26 00:00:00+09:00,920.9756023675736,933.6585290950932,913.1707243814077,927.8048706054688,71700,0.0,0.0
2020-05-27 00:00:00+09:00,928.7805136244307,966.8292951699693,928.7805136244307,963.9024658203125,114800,0.0,0.0
2020-05-28 00:00:00+09:00,984.3902570655771,1005.8536719867294,983.4146472964337,1001.9512329101562,180900,0.0,0.0
2020-05-29 00:00:00+09:00,988.2927074723424,988.2927074723424,958.0488042821719,959.0244140625,142200,0.0,0.0
2020-06-01 00:00:00+09:00,941.4634455754207,951.2195434570312,932.6829574819711,951.2195434570312,92400,0.0,0.0
2020-06-02 00:00:00+09:00,964.8780861481798,973.6585742931076,942.4390608889198,960.9756469726562,208000,0.0,0.0
2020-06-03 00:00:00+09:00,978.5366266369232,989.2683344066202,964.8780894754906,988.292724609375,124300,0.0,0.0
2020-06-04 00:00:00+09:00,1006.8293000469057,1008.78051962064,966.8292987853523,991.2195434570312,143200,0.0,0.0
2020-06-05 00:00:00+09:00,996.0975697444036,1017.5609845674954,975.6097646859976,1014.6341552734375,121400,0.0,0.0
2020-06-08 00:00:00+09:00,1043.9024361335214,1086.8292652829373,1041.9512166267298,1075.1219482421875,165300,0.0,0.0
2020-06-09 00:00:00+09:00,1085.8537224383394,1093.6586009464318,1038.048841576274,1062.4390869140625,124100,0.0,0.0
2020-06-10 00:00:00+09:00,1074.1463564864875,1074.1463564864875,1048.7805024731827,1064.3902587890625,92000,0.0,0.0
2020-06-11 00:00:00+09:00,1056.5853768962704,1056.5853768962704,997.0731811523438,997.0731811523438,81300,0.0,0.0
2020-06-12 00:00:00+09:00,940.4878005598828,972.6829223632812,940.4878005598828,972.6829223632812,134500,0.0,0.0
2020-06-15 00:00:00+09:00,958.0488277431325,979.5122434359521,935.6098022460938,935.6098022460938,145600,0.0,0.0
2020-06-16 00:00:00+09:00,974.6341695785522,1002.9268531799316,968.7805109024048,999.0244140625,117800,0.0,0.0
2020-06-17 00:00:00+09:00,998.0487744862223,998.0487744862223,965.8536527286022,990.243896484375,95800,0.0,0.0
2020-06-18 00:00:00+09:00,988.2926961421501,1002.9268426792995,966.8292812209978,1001.9512329101562,109900,0.0,0.0
2020-06-19 00:00:00+09:00,1004.8780597216249,1004.8780597216249,956.0975713856237,957.0731811523438,195100,0.0,0.0
2020-06-22 00:00:00+09:00,964.8780861481798,971.7073547053459,954.1463784154902,960.9756469726562,67200,0.0,0.0
2020-06-23 00:00:00+09:00,960.9756037341986,971.707310984022,945.3658477344552,950.243896484375,109500,0.0,0.0
2020-06-24 00:00:00+09:00,955.1219959708051,963.9024841870842,946.341507754526,953.1707763671875,71600,0.0,0.0
2020-06-25 00:00:00+09:00,939.5122244417089,940.4878342282527,900.4878329799557,906.3414916992188,113900,0.0,0.0
2020-06-26 00:00:00+09:00,907.3170957679457,911.2195348895283,888.7805099404286,896.5853881835938,141200,0.0,0.0
2020-06-29 00:00:00+09:00,886.8292972461597,886.8292972461597,862.4390525474205,866.3414916992188,97900,0.0,0.0
2020-06-30 00:00:00+09:00,875.1219527300666,903.414635705732,859.5121966055615,862.4390258789062,116900,0.0,0.0
2020-07-01 00:00:00+09:00,876.0975867127778,878.048806282294,857.5610008023738,861.4634399414062,100200,0.0,0.0
2020-07-02 00:00:00+09:00,862.4390410673783,865.3658703922677,841.9512357931533,846.8292846679688,144300,0.0,0.0
2020-07-03 00:00:00+09:00,850.7317208547581,858.5365990277376,826.3414765641974,841.9512329101562,70100,0.0,0.0
2020-07-06 00:00:00+09:00,844.8780559906758,872.1951293945312,841.9512266974054,872.1951293945312,66900,0.0,0.0
2020-07-07 00:00:00+09:00,872.1951417693567,873.1707515476222,846.8292875344537,851.7073364257812,58300,0.0,0.0
2020-07-08 00:00:00+09:00,849.7561197128817,861.4634370912452,841.9512414606394,856.5853881835938,106100,0.0,0.0
2020-07-09 00:00:00+09:00,841.9512376493566,846.8292865349265,819.5122127757353,829.268310546875,111800,0.0,0.0
2020-07-10 00:00:00+09:00,827.3170686243247,836.0975563809509,812.6829223632812,812.6829223632812,90300,0.0,0.0
2020-07-13 00:00:00+09:00,822.439060786484,849.7561351661062,822.439060786484,840.9756469726562,106100,0.0,0.0
2020-07-14 00:00:00+09:00,831.2195619635293,833.1707815925516,812.6829754878167,820.4878540039062,99700,0.0,0.0
2020-07-15 00:00:00+09:00,843.902456367056,888.7805060698126,843.902456367056,869.268310546875,164200,0.0,0.0
2020-07-16 00:00:00+09:00,862.4390334037885,879.0243994307845,845.8536673767926,854.6341552734375,107100,0.0,0.0
2020-07-17 00:00:00+09:00,862.4390381142273,870.2439162872067,831.2195254223095,841.9512329101562,94800,0.0,0.0
2020-07-20 00:00:00+09:00,838.0487731301469,852.6829193431297,827.3170659072929,847.8048706054688,88000,0.0,0.0
2020-07-21 00:00:00+09:00,848.7805127395509,861.4634399414062,843.9024638157604,861.4634399414062,79500,0.0,0.0
2020-07-22 00:00:00+09:00,861.4634638157021,878.0488306162308,852.6829755095398,860.4878540039062,66600,0.0,0.0
2020-07-27 00:00:00+09:00,853.6585351034779,857.5609741210938,838.0487790330143,857.5609741210938,48900,0.0,0.0
2020-07-28 00:00:00+09:00,858.5366316722491,865.3659003332784,851.7073630112199,855.6098022460938,47200,0.0,0.0
2020-07-29 00:00:00+09:00,840.9756377877541,844.8780769422216,803.9024658203125,803.9024658203125,110400,0.0,0.0
2020-07-30 00:00:00+09:00,800.9756356952491,804.8780748460177,778.5366105783298,781.4634399414062,118000,0.0,0.0
2020-07-31 00:00:00+09:00,768.7805221232962,768.7805221232962,731.7073497366398,733.6585693359375,159500,0.0,0.0
2020-08-03 00:00:00+09:00,792.1951565293504,822.4390602884758,789.268327133306,818.53662109375,182600,0.0,0.0
2020-08-04 00:00:00+09:00,822.4390505046514,851.7073441169166,822.4390505046514,843.9024658203125,143800,0.0,0.0
2020-08-05 00:00:00+09:00,856.5853702643859,879.0243947701728,836.0975652808414,867.3170776367188,130300,0.0,0.0
2020-08-06 00:00:00+09:00,869.268319462937,871.2195390352443,819.5122203690988,821.4634399414062,119600,0.0,0.0
2020-08-07 00:00:00+09:00,825.3658447265625,846.8292591284353,822.4390154899435,825.3658447265625,78700,0.0,0.0
2020-08-11 00:00:00+09:00,840.000001385663,905.365855152027,840.000001385663,902.4390258789062,129700,0.0,0.0
2020-08-12 00:00:00+09:00,902.4390685252654,914.1463861709985,886.8293116642878,913.1707763671875,75200,0.0,0.0
2020-08-13 00:00:00+09:00,913.170778760723,919.0244375989328,886.8293139887792,895.6098022460938,59200,0.0,0.0
2020-08-14 00:00:00+09:00,884.8780622229112,887.8048915356661,869.2683058882182,881.9512329101562,99800,0.0,0.0
2020-08-17 00:00:00+09:00,882.9268338146575,888.7804923813845,862.439028831113,867.3170776367188,88400,0.0,0.0
2020-08-18 00:00:00+09:00,860.4878244301707,862.4390439867017,842.9268484213917,851.7073364257812,72600,0.0,0.0
2020-08-19 00:00:00+09:00,852.6829253490739,863.4146326475176,843.9024375594381,857.5609741210938,71100,0.0,0.0
2020-08-20 00:00:00+09:00,867.3170805724142,886.8292758608825,858.5365926926034,872.1951293945312,84900,0.0,0.0
2020-08-21 00:00:00+09:00,869.2683371432,888.7805332631373,867.3171175312063,873.1707763671875,54800,0.0,0.0
2020-08-24 00:00:00+09:00,872.1951369722594,872.1951369722594,854.6341610600663,864.3902587890625,57000,0.0,0.0
2020-08-25 00:00:00+09:00,877.073195354247,912.1951475597563,877.073195354247,901.4634399414062,78800,0.0,0.0
2020-08-26 00:00:00+09:00,896.5853643666143,902.439022893491,886.8292668218198,897.5609741210938,45800,0.0,0.0
2020-08-27 00:00:00+09:00,906.3414619114088,906.3414619114088,885.8536570673404,897.5609741210938,54800,0.0,0.0
2020-08-28 00:00:00+09:00,898.5365838755732,917.0731692106827,889.7560960852582,897.5609741210938,118600,0.0,0.0
2020-08-31 00:00:00+09:00,904.3902798630904,920.9756463762216,893.6585721192997,898.53662109375,71200,0.0,0.0
2020-09-01 00:00:00+09:00,902.4390258789062,906.341464909734,894.6341478172509,902.4390258789062,46000,0.0,0.0
2020-09-02 00:00:00+09:00,896.5854093085766,896.5854093085766,880.9756524544556,890.7317504882812,44100,0.0,0.0
2020-09-03 00:00:00+09:00,897.5609680846497,904.3902363200764,883.9024316137964,887.8048706054688,43000,0.0,0.0
2020-09-04 00:00:00+09:00,881.9512649569376,901.4634610843035,878.0488257314645,895.6098022460938,41800,0.0,0.0
2020-09-07 00:00:00+09:00,903.4146575603769,931.7073412204751,903.4146575603769,919.0244140625,68600,0.0,0.0
2020-09-08 00:00:00+09:00,920.9756169553663,958.0487879768747,920.9756169553663,952.1951293945312,82600,0.0,0.0
2020-09-09 00:00:00+09:00,929.7560990296042,944.3902453941836,925.8536599990498,942.4390258789062,67000,0.0,0.0
2020-09-10 00:00:00+09:00,942.4390663031957,971.707360287767,938.5366271052528,970.7317504882812,101600,0.0,0.0
2020-09-11 00:00:00+09:00,975.609762088154,988.2926889953,965.8536644672724,969.756103515625,84800,0.0,0.0
2020-09-14 00:00:00+09:00,996.0976139448966,1019.5122493363534,989.268345289055,1007.804931640625,131000,0.0,0.0
2020-09-15 00:00:00+09:00,1001.9512617708076,1011.7073597432595,979.5122364341684,988.292724609375,89800,0.0,0.0
2020-09-16 00:00:00+09:00,975.609762088154,988.2926889953,962.926835181008,969.756103515625,76600,0.0,0.0
2020-09-17 00:00:00+09:00,969.7561512608681,984.3902984126921,956.0976139191658,967.804931640625,67500,0.0,0.0
2020-09-18 00:00:00+09:00,975.6098101215978,977.5610297418409,964.8781022102602,967.804931640625,80900,0.0,0.0
2020-09-23 00:00:00+09:00,965.8536959420607,965.8536959420607,951.2195490338476,960.9756469726562,61000,0.0,0.0
2020-09-24 00:00:00+09:00,968.7805042132119,989.2683094382646,945.3658696702944,966.8292846679688,146700,0.0,0.0
2020-09-25 00:00:00+09:00,981.463466825236,1007.804931640625,965.853709897598,1007.804931640625,109000,0.0,0.0
2020-09-28 00:00:00+09:00,1007.804875150028,1036.0975579954788,996.097558110531,1035.1219482421875,98400,0.0,0.0
2020-09-29 00:00:00+09:00,1033.1707814437254,1041.9512696712925,1010.7317559732762,1020.4878540039062,79100,0.0,0.0
2020-09-30 00:00:00+09:00,1013.658535041733,1030.2439008701347,977.5609741210938,977.5609741210938,71400,0.0,0.0
2020-10-02 00:00:00+09:00,984.3902932238223,1008.7805383482976,969.7561461491371,980.4878540039062,62500,0.0,0.0
2020-10-05 00:00:00+09:00,987.317113192303,1029.2683344050195,987.317113192303,1028.292724609375,86100,0.0,0.0
2020-10-06 00:00:00+09:00,1029.2682660636256,1046.8292412192134,1014.6341201006356,1036.0975341796875,64300,0.0,0.0
2020-10-07 00:00:00+09:00,1015.6097267749971,1038.0487505173842,999.0243614001893,1031.219482421875,76900,0.0,0.0
2020-10-08 00:00:00+09:00,1029.2683287872665,1041.9512560614223,1015.6097917227909,1018.53662109375,57900,0.0,0.0
2020-10-09 00:00:00+09:00,1024.3902499433875,1030.2439085144927,1005.8536644682216,1009.756103515625,69900,0.0,0.0
2020-10-12 00:00:00+09:00,1009.7561434435227,1020.4878512482364,995.1219964370948,1015.6098022460938,45700,0.0,0.0
2020-10-13 00:00:00+09:00,1039.0244323614652,1040.9756519527543,1012.6829678790618,1028.292724609375,86100,0.0,0.0
2020-10-14 00:00:00+09:00,1048.7805331394964,1048.7805331394964,1010.7317510069936,1033.1707763671875,74000,0.0,0.0
2020-10-15 00:00:00+09:00,1033.1706987388234,1045.8536251633793,1025.3658209390967,1026.3414306640625,95400,0.0,0.0
2020-10-16 00:00:00+09:00,1024.3902349789635,1031.2195032121565,1006.8292595221812,1025.3658447265625,52000,0.0,0.0
2020-10-19 00:00:00+09:00,1037.073213889382,1081.9512645374646,1032.195164905895,1073.1707763671875,100500,0.0,0.0
2020-10-20 00:00:00+09:00,1073.170695585363,1082.9267928179572,1061.46337890625,1061.46337890625,63200,0.0,0.0
2020-10-21 00:00:00+09:00,1084.8780429618848,1113.1707257369699,1079.99999420756,1110.243896484375,53400,0.0,0.0
2020-10-22 00:00:00+09:00,1128.7804847910857,1133.6585335585494,1106.341460460753,1115.1219482421875,54800,0.0,0.0
2020-10-23 00:00:00+09:00,1115.121939151845,1151.2194997368128,1093.6585247499722,1100.48779296875,99500,0.0,0.0
2020-10-26 00:00:00+09:00,1098.5365792537887,1098.5365792537887,1065.3658477310278,1070.243896484375,59000,0.0,0.0
2020-10-27 00:00:00+09:00,1067.3170435059483,1086.8292380855817,1050.73167811326,1071.219482421875,71300,0.0,0.0
2020-10-28 00:00:00+09:00,1070.2438993606784,1070.2438993606784,1026.3414604625648,1035.1219482421875,112700,0.0,0.0
2020-10-29 00:00:00+09:00,1025.365824054296,1056.5853353480518,1025.365824054296,1031.219482421875,72600,0.0,0.0
2020-10-30 00:00:00+09:00,1024.3902515872742,1035.1219589848552,979.5122024701174,992.1951293945312,127900,0.0,0.0
2020-11-02 00:00:00+09:00,986.3414692312047,1029.2682987526418,986.3414692312047,1009.756103515625,68600,0.0,0.0
2020-11-04 00:00:00+09:00,1029.2683181835564,1032.1951475243627,998.0488052149557,1021.4634399414062,93500,0.0,0.0
2020-11-05 00:00:00+09:00,1010.7317058384018,1019.5121936304342,993.170730254337,1017.5609741210938,111100,0.0,0.0
2020-11-06 00:00:00+09:00,1006.8293118139164,1033.1707763671875,988.2927256467997,1033.1707763671875,101200,0.0,0.0
2020-11-09 00:00:00+09:00,1034.1463777388649,1056.5854029162176,1013.6585721421516,1018.53662109375,99200,0.0,0.0
2020-11-10 00:00:00+09:00,1073.1707227099073,1120.975600357894,1045.8536497682005,1065.3658447265625,105000,0.0,0.0
2020-11-11 00:00:00+09:00,1081.9512346444276,1098.53660073005,1049.7561122429252,1064.3902587890625,92600,0.0,0.0
2020-11-12 00:00:00+09:00,1044.878126046642,1049.7561751878495,1025.3659294818121,1046.829345703125,88900,0.0,0.0
2020-11-13 00:00:00+09:00,1047.8049233412269,1057.56102132392,1022.4390685862252,1033.1707763671875,98200,0.0,0.0
2020-11-16 00:00:00+09:00,1036.0976040926846,1080.0000449440697,1034.1463844992898,1073.1707763671875,151400,0.0,0.0
2020-11-17 00:00:00+09:00,1083.9025031404874,1114.1464073685297,1066.3415264919465,1107.317138671875,144400,0.0,0.0
2020-11-18 00:00:00+09:00,1101.4634261457886,1142.4390363301316,1086.8292796513806,1139.51220703125,220800,0.0,0.0
2020-11-19 00:00:00+09:00,1131.70733824294,1131.70733824294,1093.6585570433929,1114.1463623046875,188800,0.0,0.0
2020-11-20 00:00:00+09:00,1124.8780403043017,1190.2438934702932,1124.8780403043017,1185.3658447265625,146100,0.0,0.0
2020-11-24 00:00:00+09:00,1209.756164792409,1243.902508153485,1204.8781157408266,1232.1951904296875,141800,0.0,0.0
2020-11-25 00:00:00+09:00,1256.5854126908398,1306.341512106393,1247.8049245586833,1278.048828125,168900,0.0,0.0
2020-11-26 00:00:00+09:00,1248.7805147058823,1279.0244177964155,1236.0975876034006,1243.9024658203125,142800,0.0,0.0
2020-11-27 00:00:00+09:00,1244.8780344767742,1301.463399680264,1233.1707175381212,1295.6097412109375,149100,0.0,0.0
2020-11-30 00:00:00+09:00,1274.14635390625,1278.04879296875,1212.682938671875,1219.51220703125,115700,0.0,0.0
2020-12-01 00:00:00+09:00,1197.073196518842,1243.9024658203125,1194.1463671875,1243.9024658203125,122800,0.0,0.0
2020-12-02 00:00:00+09:00,1266.3414721514105,1300.4878138504084,1227.31708163827,1294.6341552734375,166600,0.0,0.0
2020-12-03 00:00:00+09:00,1300.4878434963568,1318.0488196275905,1283.9024771501918,1303.4146728515625,101500,0.0,0.0
2020-12-04 00:00:00+09:00,1300.4877899353762,1310.2438873842536,1272.1951073336313,1295.6097412109375,106300,0.0,0.0
2020-12-07 00:00:00+09:00,1303.4147043052626,1308.2927533483212,1262.4390923435703,1272.1951904296875,91100,0.0,0.0
2020-12-08 00:00:00+09:00,1272.195174893466,1297.5610296075995,1266.3415161132812,1287.804931640625,124000,0.0,0.0
2020-12-09 00:00:00+09:00,1278.0488546943375,1302.4391000129317,1266.3415369414122,1281.9512939453125,80500,0.0,0.0
2020-12-10 00:00:00+09:00,1287.8048510070241,1296.5853386275264,1272.195095237242,1276.0975341796875,117200,0.0,0.0
2020-12-11 00:00:00+09:00,1276.0976029146634,1285.853700796274,1245.8536994816707,1268.292724609375,96500,0.0,0.0
2020-12-14 00:00:00+09:00,1286.829285850468,1312.195139855102,1274.146358848151,1309.268310546875,108600,0.0,0.0
2020-12-15 00:00:00+09:00,1282.9268770873093,1306.341512106393,1272.195169370229,1278.048828125,143200,0.0,0.0
2020-12-16 00:00:00+09:00,1307.3170851515579,1317.0731828019425,1294.6341582060577,1299.51220703125,81200,0.0,0.0
2020-12-17 00:00:00+09:00,1287.8049661941704,1287.8049661941704,1255.6098420393162,1261.4635009765625,105000,0.0,0.0
2020-12-18 00:00:00+09:00,1252.6829149937114,1274.1463294250677,1241.9512077780332,1260.48779296875,140100,0.0,0.0
2020-12-21 00:00:00+09:00,1273.170755416905,1295.609780225019,1262.439047899981,1279.0244140625,63600,0.0,0.0
2020-12-22 00:00:00+09:00,1278.0488519981857,1291.7073893477846,1261.4634852165298,1277.0732421875,106900,0.0,0.0
2020-12-23 00:00:00+09:00,1278.048752782471,1279.9999722523678,1230.2438757699967,1236.0975341796875,61300,0.0,0.0
2020-12-24 00:00:00+09:00,1252.6829566955566,1263.4146642684937,1240.0000295639038,1248.780517578125,52900,0.0,0.0
2020-12-25 00:00:00+09:00,1248.780457606973,1257.5609451995222,1229.2682629568642,1231.219482421875,41000,0.0,0.0
2020-12-28 00:00:00+09:00,1239.0244322906324,1239.0244322906324,1216.5854071389122,1228.292724609375,65000,0.0,0.0
2020-12-29 00:00:00+09:00,1230.2438848676993,1252.6829089374512,1228.292665383373,1250.731689453125,87700,0.0,0.0
2020-12-30 00:00:00+09:00,1250.731689453125,1264.3902258434086,1219.512177703905,1250.731689453125,67400,0.0,0.0
2021-01-04 00:00:00+09:00,1250.7317795618098,1261.4634874987678,1209.75616743888,1237.0732421875,58300,0.0,0.0
2021-01-05 00:00:00+09:00,1232.195162447416,1268.292724609375,1216.5854058368388,1268.292724609375,81000,0.0,0.0
2021-01-06 00:00:00+09:00,1266.3414898440467,1286.82929514969,1252.6829529736178,1283.9024658203125,91300,0.0,0.0
2021-01-07 00:00:00+09:00,1296.5854208905735,1343.4146911710457,1296.5854208905735,1332.6829833984375,91100,0.0,0.0
2021-01-08 00:00:00+09:00,1327.8049327684955,1375.6098127873468,1327.8049327684955,1372.6829833984375,152700,0.0,0.0
2021-01-12 00:00:00+09:00,1401.9512398856027,1443.9024600074404,1401.9512398856027,1434.1463623046875,185600,0.0,0.0
2021-01-13 00:00:00+09:00,1423.414631193305,1437.0731677503345,1416.58536291479,1435.1219482421875,115200,0.0,0.0
2021-01-14 00:00:00+09:00,1433.1707696126302,1474.146380452474,1414.6341837565103,1463.4146728515625,187600,0.0,0.0
2021-01-15 00:00:00+09:00,1467.3171461303464,1479.0244637856415,1428.2927539460286,1437.0732421875,120400,0.0,0.0
2021-01-18 00:00:00+09:00,1429.2683527212018,1436.097621300757,1409.7561567796154,1417.56103515625,105000,0.0,0.0
2021-01-19 00:00:00+09:00,1434.1463889713366,1443.9024868554952,1420.4878519335143,1438.048828125,126200,0.0,0.0
2021-01-20 00:00:00+09:00,1455.6097737954433,1472.1951398507533,1448.7805054197274,1469.268310546875,99400,0.0,0.0
2021-01-21 00:00:00+09:00,1482.9268531497362,1504.390268129535,1468.2927065726005,1479.0244140625,97400,0.0,0.0
2021-01-22 00:00:00+09:00,1483.902518991554,1506.3415445910316,1467.3171522441137,1491.7073974609375,141400,0.0,0.0
2021-01-25 00:00:00+09:00,1479.0244609614483,1479.0244609614483,1424.3903120077273,1432.1951904296875,167300,0.0,0.0
2021-01-26 00:00:00+09:00,1457.560972585879,1459.5121920940262,1424.3902409473785,1435.1219482421875,225700,0.0,0.0
2021-01-27 00:00:00+09:00,1435.121974973517,1456.5853899629237,1433.1707554290253,1439.0244140625,207600,0.0,0.0
2021-01-28 00:00:00+09:00,1415.6097795286016,1459.512219279661,1406.8292915783898,1439.0244140625,839400,0.0,0.0
2021-01-29 00:00:00+09:00,1440.0000874683637,1473.1708211905348,1420.4878911612045,1421.4635009765625,191600,0.0,0.0
2021-02-01 00:00:00+09:00,1450.7317840274018,1584.390327680229,1447.8049546043471,1576.58544921875,238100,0.0,0.0
2021-02-02 00:00:00+09:00,1561.9513026856055,1629.2683794409502,1561.9513026856055,1621.4635009765625,178000,0.0,0.0
2021-02-03 00:00:00+09:00,1626.341563223049,1629.2683926709608,1591.219609848106,1600.9757080078125,87800,0.0,0.0
2021-02-04 00:00:00+09:00,1582.439006840078,1621.4633966511774,1582.439006840078,1610.731689453125,68500,0.0,0.0
2021-02-05 00:00:00+09:00,1621.4634955085219,1636.0976425798983,1606.8293484371452,1611.7073974609375,86500,0.0,0.0
2021-02-08 00:00:00+09:00,1618.5366477392843,1638.0488436131757,1596.0976224843093,1622.4390869140625,91700,0.0,0.0
2021-02-09 00:00:00+09:00,1620.4878603452212,1654.6342029774205,1607.804933081833,1652.6829833984375,132700,0.0,0.0
2021-02-10 00:00:00+09:00,1657.5609872250825,1718.0487925269986,1650.7317188845436,1699.51220703125,182000,0.0,0.0
2021-02-12 00:00:00+09:00,1699.5122921483046,1724.8781472549958,1680.9757057241843,1720.9757080078125,125700,0.0,0.0
2021-02-15 00:00:00+09:00,1711.2195210065295,1734.6341552734375,1707.3170819620448,1734.6341552734375,89000,0.0,0.0
2021-02-16 00:00:00+09:00,1732.6830045021186,1732.6830045021186,1700.4878811076537,1726.829345703125,58400,0.0,0.0
2021-02-17 00:00:00+09:00,1717.0731824873808,1768.7804999145576,1708.2926946223886,1739.51220703125,137100,0.0,0.0
2021-02-18 00:00:00+09:00,1739.5122040790434,1753.1707407347399,1709.2683014842871,1734.6341552734375,113500,0.0,0.0
2021-02-19 00:00:00+09:00,1703.4146401491232,1716.0975670230857,1678.048786401198,1689.756103515625,104100,0.0,0.0
2021-02-22 00:00:00+09:00,1716.097650806041,1726.8293586848736,1687.8049663982097,1706.341552734375,94600,0.0,0.0
2021-02-24 00:00:00+09:00,1736.585398659521,1755.1219843755496,1731.7073497868819,1733.6585693359375,130500,0.0,0.0
2021-02-25 00:00:00+09:00,1751.2195510736176,1757.073209740159,1732.6829652962367,1743.4146728515625,189700,0.0,0.0
2021-02-26 00:00:00+09:00,1704.3902746798724,1718.0488115118806,1648.780517578125,1648.780517578125,118100,0.0,0.0
2021-03-01 00:00:00+09:00,1646.8292534850102,1662.4390094422142,1637.0731560117579,1655.6097412109375,99800,0.0,0.0
2021-03-02 00:00:00+09:00,1658.5366065181904,1679.0244116575327,1631.2195329990673,1634.1463623046875,82500,0.0,0.0
2021-03-03 00:00:00+09:00,1631.2194915391597,1648.780466926543,1624.3902233329552,1645.8536376953125,168200,0.0,0.0
2021-03-04 00:00:00+09:00,1627.3171730390195,1643.9025399105203,1587.3171705842235,1600.9757080078125,105300,0.0,0.0
2021-03-05 00:00:00+09:00,1598.0488464317955,1608.780554191716,1557.0732349848265,1587.317138671875,194300,0.0,0.0
2021-03-08 00:00:00+09:00,1624.3902797595501,1647.804914422751,1601.9512548739829,1618.53662109375,122100,0.0,0.0
2021-03-09 00:00:00+09:00,1657.5610590239437,1679.024474738203,1634.146423699297,1656.58544921875,176000,0.0,0.0
2021-03-10 00:00:00+09:00,1640.975588976595,1653.6585156452606,1614.63412589552,1645.8536376953125,91100,0.0,0.0
2021-03-11 00:00:00+09:00,1635.1220464370901,1646.8293641920095,1616.585459991801,1636.09765625,116000,0.0,0.0
2021-03-12 00:00:00+09:00,1621.463411681692,1656.585362837252,1616.5853629100864,1635.1219482421875,109100,0.0,0.0
2021-03-15 00:00:00+09:00,1654.6342296083628,1681.951304153784,1628.2927648681355,1656.58544921875,86300,0.0,0.0
2021-03-16 00:00:00+09:00,1657.5610180415388,1681.951262568342,1621.4634561418702,1628.292724609375,86400,0.0,0.0
2021-03-17 00:00:00+09:00,1629.2683456719026,1647.804931640625,1609.756149915353,1647.804931640625,101100,0.0,0.0
2021-03-18 00:00:00+09:00,1677.0731797848107,1692.6829359666356,1642.9268381370687,1654.6341552734375,142600,0.0,0.0
2021-03-19 00:00:00+09:00,1638.0487980176522,1672.1951398464896,1615.6097733872734,1669.268310546875,171800,0.0,0.0
2021-03-22 00:00:00+09:00,1648.7804729796608,1675.1219361574424,1630.2438877804811,1655.6097412109375,157500,0.0,0.0
2021-03-23 00:00:00+09:00,1657.5610479598108,1690.7317811149805,1629.2683637980483,1637.0732421875,276600,0.0,0.0
2021-03-24 00:00:00+09:00,1620.4878870369907,1642.9269125648962,1525.8537358975639,1526.829345703125,206900,0.0,0.0
2021-03-25 00:00:00+09:00,1604.8781022747744,1660.4878602259366,1604.8781022747744,1607.804931640625,432700,0.0,0.0
2021-03-26 00:00:00+09:00,1604.8781121908958,1618.5366493159245,1574.634208556903,1582.4390869140625,168700,0.0,0.0
2021-03-29 00:00:00+09:00,1621.4634328599793,1627.317091462362,1560.9756273020257,1589.268310546875,248100,0.0,0.0
2021-03-30 00:00:00+09:00,1609.7561512178588,1626.3415176243457,1584.3902967138197,1607.804931640625,139100,0.0,0.0
2021-03-31 00:00:00+09:00,1599.0244350678631,1631.2195579215784,1576.585410048607,1593.1707763671875,123400,0.0,0.0
2021-04-01 00:00:00+09:00,1593.1707407444383,1604.8780578840178,1547.317081947752,1574.6341552734375,77500,0.0,0.0
2021-04-02 00:00:00+09:00,1578.536618217946,1580.4878377707494,1557.0732031371085,1573.6585693359375,41400,0.0,0.0
2021-04-05 00:00:00+09:00,1572.682956676578,1592.1951521688434,1550.243931860473,1568.780517578125,73500,0.0,0.0
2021-04-06 00:00:00+09:00,1568.7805414300717,1593.1707861662358,1560.9756631144992,1567.804931640625,97800,0.0,0.0
2021-04-07 00:00:00+09:00,1559.02439601089,1609.756103515625,1559.02439601089,1609.756103515625,59700,0.0,0.0
2021-04-08 00:00:00+09:00,1587.317138671875,1606.8293345990032,1577.561040708311,1587.317138671875,64400,0.0,0.0
2021-04-09 00:00:00+09:00,1606.8292892997677,1606.8292892997677,1573.6585571587889,1594.1463623046875,69800,0.0,0.0
2021-04-12 00:00:00+09:00,1590.2439024390244,1603.90243902439,1584.390243902439,1600.0,45000,0.0,0.0
2021-04-13 00:00:00+09:00,1609.7561705346202,1644.8781233462846,1603.9025117326762,1641.9512939453125,51000,0.0,0.0
2021-04-14 00:00:00+09:00,1627.3171233043533,1642.9268798828125,1616.585415656663,1642.9268798828125,55300,0.0,0.0
2021-04-15 00:00:00+09:00,1642.9268703170687,1680.0000419750547,1640.0000409756487,1668.292724609375,77300,0.0,0.0
2021-04-16 00:00:00+09:00,1664.39033311759,1674.146431201515,1644.87813694974,1666.341552734375,48300,0.0,0.0
2021-04-19 00:00:00+09:00,1676.0975609756097,1691.7073170731708,1658.5365853658536,1680.0,58300,0.0,0.0
2021-04-20 00:00:00+09:00,1647.8049555050818,1689.7561769892254,1641.9512966933407,1646.829345703125,59300,0.0,0.0
2021-04-21 00:00:00+09:00,1604.8780821807918,1615.6097897212103,1561.951252019117,1573.6585693359375,61500,0.0,0.0
2021-04-22 00:00:00+09:00,1604.8781445790037,1612.6830230936737,1582.4391188493275,1596.09765625,53500,0.0,0.0
2021-04-23 00:00:00+09:00,1580.4878377707494,1588.2927159819628,1570.7317400067323,1573.6585693359375,50800,0.0,0.0
2021-04-26 00:00:00+09:00,1583.4147286636614,1600.9757053216688,1583.4147286636614,1596.09765625,43500,0.0,0.0
2021-04-27 00:00:00+09:00,1603.9024212361826,1631.2194941039522,1584.390226330633,1610.731689453125,58700,0.0,0.0
2021-04-28 00:00:00+09:00,1620.4878474055108,1620.4878474055108,1574.6341876655597,1588.292724609375,54800,0.0,0.0
2021-04-30 00:00:00+09:00,1571.7073489723068,1639.0244235092957,1571.7073489723068,1613.6585693359375,109500,0.0,0.0
2021-05-06 00:00:00+09:00,1632.1951665844115,1653.6585818054855,1601.9512633183524,1633.1707763671875,162000,0.0,0.0
2021-05-07 00:00:00+09:00,1672.1951535406847,1735.6097888849931,1657.5610069227673,1733.6585693359375,104400,0.0,0.0
2021-05-10 00:00:00+09:00,1754.1464112123372,1804.8781205466205,1749.2683622378868,1797.0732421875,106700,0.0,0.0
2021-05-11 00:00:00+09:00,1780.4878616962842,1814.6342042493636,1764.8781051005908,1772.6829833984375,82800,0.0,0.0
2021-05-12 00:00:00+09:00,1769.7561807496852,1769.7561807496852,1629.268369267902,1646.829345703125,98800,0.0,0.0
2021-05-13 00:00:00+09:00,1647.8048566630516,1660.487783327717,1605.8536376953125,1605.8536376953125,59700,0.0,0.0
2021-05-14 00:00:00+09:00,1639.0244521103896,1642.926891282081,1572.6829861916358,1577.56103515625,62700,0.0,0.0
2021-05-17 00:00:00+09:00,1608.7804939075609,1615.6097622261498,1555.1219571186489,1569.756103515625,71200,0.0,0.0
2021-05-18 00:00:00+09:00,1588.2927468572018,1630.2439680579755,1571.7073803359656,1627.317138671875,63700,0.0,0.0
2021-05-19 00:00:00+09:00,1601.9512077391255,1641.9512074451573,1601.9512077391255,1620.48779296875,56900,0.0,0.0
2021-05-20 00:00:00+09:00,1601.951298657865,1606.8293476793567,1566.829345703125,1566.829345703125,70300,0.0,0.0
2021-05-21 00:00:00+09:00,1570.7317313145338,1589.2683169635873,1552.1951456654801,1559.0244140625,50000,0.0,0.0
2021-05-24 00:00:00+09:00,1577.561069777659,1604.8781445790037,1577.561069777659,1596.09765625,44000,0.0,0.0
2021-05-25 00:00:00+09:00,1609.7561936506725,1625.3659506800122,1594.1464366213324,1596.09765625,41400,0.0,0.0
2021-05-26 00:00:00+09:00,1580.4878226433011,1599.0244082175127,1568.780505438536,1589.268310546875,37100,0.0,0.0
2021-05-27 00:00:00+09:00,1590.2439697573495,1603.9025069209094,1546.341528874478,1547.317138671875,77300,0.0,0.0
2021-05-28 00:00:00+09:00,1593.1708111705273,1611.7073974609375,1585.3659327324597,1611.7073974609375,66000,0.0,0.0
2021-05-31 00:00:00+09:00,1610.7316889982046,1610.7316889982046,1563.9024212381114,1570.731689453125,46100,0.0,0.0
2021-06-01 00:00:00+09:00,1592.195157988257,1600.9756459918688,1561.9512548647058,1578.53662109375,52400,0.0,0.0
2021-06-02 00:00:00+09:00,1578.5365853658536,1608.780487804878,1578.5365853658536,1600.0,47700,0.0,0.0
2021-06-03 00:00:00+09:00,1592.1951161355476,1635.1219452470452,1590.2438966304794,1630.243896484375,55800,0.0,0.0
2021-06-04 00:00:00+09:00,1629.2683665411005,1652.6830017488767,1624.3903175394803,1641.9512939453125,45400,0.0,0.0
2021-06-07 00:00:00+09:00,1635.1219542529445,1635.1219542529445,1604.8780517578125,1604.8780517578125,35400,0.0,0.0
2021-06-08 00:00:00+09:00,1596.0976296219171,1615.6098255830652,1583.414702247171,1592.1951904296875,36200,0.0,0.0
2021-06-09 00:00:00+09:00,1571.7073651279743,1585.3659021309486,1553.1707791953663,1558.048828125,44500,0.0,0.0
2021-06-10 00:00:00+09:00,1550.243929000921,1564.8780755931261,1535.609782408716,1563.9024658203125,49300,0.0,0.0
2021-06-11 00:00:00+09:00,1546.341534377937,1561.9512911918468,1536.5854363692433,1557.0732421875,58300,0.0,0.0
2021-06-14 00:00:00+09:00,1569.7561455561208,1580.487853201315,1536.5854128346118,1558.048828125,41000,0.0,0.0
2021-06-15 00:00:00+09:00,1543.4146605912254,1573.6585635484491,1537.5610019543435,1563.9024658203125,52600,0.0,0.0
2021-06-16 00:00:00+09:00,1571.7073526464965,1585.3658895410035,1560.9756450865266,1578.53662109375,37800,0.0,0.0
2021-06-17 00:00:00+09:00,1579.5122840571669,1587.317162545405,1552.1952093483337,1586.341552734375,38600,0.0,0.0
2021-06-18 00:00:00+09:00,1569.7560736083983,1590.243878173828,1560.9755859375,1560.9755859375,49800,0.0,0.0
2021-06-21 00:00:00+09:00,1525.8536525203892,1533.6585305383962,1505.3658477231204,1510.243896484375,73900,0.0,0.0
2021-06-22 00:00:00+09:00,1549.2683163524719,1565.8536824595196,1533.6585600164267,1559.0244140625,69200,0.0,0.0
2021-06-23 00:00:00+09:00,1542.4391213199806,1545.3659507722007,1510.2439973455598,1516.09765625,52000,0.0,0.0
2021-06-24 00:00:00+09:00,1529.756185922713,1561.9513097335864,1517.0732583608537,1546.341552734375,48600,0.0,0.0
2021-06-25 00:00:00+09:00,1567.804933043732,1617.561032350036,1567.804933043732,1612.6829833984375,65100,0.0,0.0
2021-06-28 00:00:00+09:00,1616.5853950455344,1656.585395767844,1610.7317364032453,1648.780517578125,60800,0.0,0.0
2021-06-29 00:00:00+09:00,1619.5122867565976,1653.658630152068,1609.7561886436063,1631.2196044921875,57400,0.0,0.0
2021-06-30 00:00:00+09:00,1610.7317652548513,1636.0976198257938,1568.7805442336771,1572.6829833984375,85600,0.0,0.0
2021-07-01 00:00:00+09:00,1583.4146191859763,1599.9999848829334,1560.97559500774,1575.6097412109375,67200,0.0,0.0
2021-07-02 00:00:00+09:00,1589.268319234361,1605.8536853651062,1578.5366117379963,1603.9024658203125,48700,0.0,0.0
2021-07-05 00:00:00+09:00,1592.1951099537036,1597.0731586974343,1573.658524727527,1580.48779296875,25200,0.0,0.0
2021-07-06 00:00:00+09:00,1588.2927330792568,1606.8293190304273,1583.4146841447382,1602.9268798828125,25800,0.0,0.0
2021-07-07 00:00:00+09:00,1574.634226878928,1595.122032804862,1566.8293484309531,1571.7073974609375,31900,0.0,0.0
2021-07-08 00:00:00+09:00,1561.9512911918468,1579.5122676074952,1557.0732421875,1557.0732421875,48100,0.0,0.0
2021-07-09 00:00:00+09:00,1518.048822439966,1528.7805300536163,1468.2927235039517,1508.292724609375,108000,0.0,0.0
2021-07-12 00:00:00+09:00,1522.9268646336993,1539.512230872503,1507.3171081736484,1538.53662109375,77100,0.0,0.0
2021-07-13 00:00:00+09:00,1545.3658914336877,1592.1951608710722,1536.585403414178,1583.4146728515625,84000,0.0,0.0
2021-07-14 00:00:00+09:00,1571.7073259885426,1608.7804969305441,1567.804886942016,1574.6341552734375,61700,0.0,0.0
2021-07-15 00:00:00+09:00,1558.048756713867,1578.5365612792968,1545.3658300781249,1560.9755859375,72900,0.0,0.0
2021-07-16 00:00:00+09:00,1568.7805455556393,1638.0488407885066,1568.7805455556393,1617.56103515625,70400,0.0,0.0
2021-07-19 00:00:00+09:00,1608.7805680466622,1637.0732523846568,1608.7805680466622,1611.7073974609375,106900,0.0,0.0
2021-07-20 00:00:00+09:00,1582.4391212774294,1601.951317594044,1553.170826802508,1556.09765625,81300,0.0,0.0
2021-07-21 00:00:00+09:00,1588.2927065855704,1613.6585606219492,1576.5853893380108,1599.0244140625,85600,0.0,0.0
2021-07-26 00:00:00+09:00,1639.0244807629158,1687.8049712618122,1639.0244807629158,1671.2196044921875,91800,0.0,0.0
2021-07-27 00:00:00+09:00,1687.804951005887,1729.7561723314668,1687.804951005887,1721.9512939453125,79200,0.0,0.0
2021-07-28 00:00:00+09:00,1688.7805054547034,1722.9268472749893,1688.7805054547034,1709.268310546875,44800,0.0,0.0
2021-07-29 00:00:00+09:00,1713.1707706342174,1722.9268684168724,1684.878087064518,1703.4146728515625,26900,0.0,0.0
2021-07-30 00:00:00+09:00,1684.8781304416887,1796.097648027301,1671.2195931943327,1781.4635009765625,136900,0.0,0.0
2021-08-02 00:00:00+09:00,1785.3658422301062,1888.780475714473,1781.463403230696,1860.48779296875,172400,0.0,0.0
2021-08-03 00:00:00+09:00,1897.5610590177307,1928.7805725851176,1834.1464220839762,1896.58544921875,101700,0.0,0.0
2021-08-04 00:00:00+09:00,1896.5854528900375,1916.0976489074249,1808.780570811795,1816.58544921875,85400,0.0,0.0
2021-08-05 00:00:00+09:00,1799.024493374482,1808.780591494734,1756.097661645373,1765.853759765625,106300,0.0,0.0
2021-08-06 00:00:00+09:00,1766.8293302689474,1782.4390869140625,1744.3903050915947,1782.4390869140625,85600,0.0,0.0
2021-08-10 00:00:00+09:00,1794.146398717516,1837.073229355673,1765.8537148878218,1772.6829833984375,70000,0.0,0.0
2021-08-11 00:00:00+09:00,1792.195211563652,1821.4635057100372,1779.5122841002185,1786.341552734375,65400,0.0,0.0
2021-08-12 00:00:00+09:00,1800.9756067690641,1808.7804848048997,1778.536582416037,1795.1219482421875,57400,0.0,0.0
2021-08-13 00:00:00+09:00,1796.0975905400906,1810.7317371224378,1770.7317364640219,1808.780517578125,57800,0.0,0.0
2021-08-16 00:00:00+09:00,1779.5122073051036,1795.1219635095345,1718.0487922501577,1739.51220703125,101900,0.0,0.0
2021-08-17 00:00:00+09:00,1761.95128422166,1774.6342115167217,1700.4878673302069,1702.4390869140625,54800,0.0,0.0
2021-08-18 00:00:00+09:00,1692.6829386907111,1724.8780608675374,1692.6829386907111,1699.51220703125,47500,0.0,0.0
2021-08-19 00:00:00+09:00,1685.8537321215733,1685.8537321215733,1637.0732421875,1637.0732421875,59100,0.0,0.0
2021-08-20 00:00:00+09:00,1632.195161848838,1632.195161848838,1581.4634532916716,1583.4146728515625,81200,0.0,0.0
2021-08-23 00:00:00+09:00,1600.9756659146012,1620.487861720995,1581.4634701082075,1612.6829833984375,65700,0.0,0.0
2021-08-24 00:00:00+09:00,1621.4634881385084,1666.341538953413,1610.7317803349442,1641.9512939453125,87200,0.0,0.0
2021-08-25 00:00:00+09:00,1669.268277673491,1682.9268141360444,1650.7316924743113,1655.6097412109375,63800,0.0,0.0
2021-08-26 00:00:00+09:00,1658.536660550821,1658.536660550821,1637.0732449436925,1641.9512939453125,41500,0.0,0.0
2021-08-27 00:00:00+09:00,1641.951208012855,1709.2682807121344,1625.3658422753515,1700.48779296875,99500,0.0,0.0
2021-08-30 00:00:00+09:00,1719.0244835069445,1764.8781445312502,1718.0488736979169,1756.09765625,64500,0.0,0.0
2021-08-31 00:00:00+09:00,1736.5853483341941,1781.4633966619317,1728.780470364153,1770.731689453125,62600,0.0,0.0
2021-09-01 00:00:00+09:00,1783.4147309027778,1784.3903407118057,1750.2439973958335,1756.09765625,59500,0.0,0.0
2021-09-02 00:00:00+09:00,1752.1951099618134,1754.1463294606574,1704.3902322401382,1740.48779296875,42300,0.0,0.0
2021-09-03 00:00:00+09:00,1746.3414722042073,1794.1463504935962,1746.3414722042073,1774.6341552734375,62800,0.0,0.0
2021-09-06 00:00:00+09:00,1804.8780517578125,1817.5609786080026,1776.5853687843116,1804.8780517578125,54200,0.0,0.0
2021-09-07 00:00:00+09:00,1822.4391107789068,1840.0000872211017,1803.9025245343676,1821.4635009765625,80300,0.0,0.0
2021-09-08 00:00:00+09:00,1826.3415614491723,1886.8293695740915,1816.5854633645079,1885.853759765625,79600,0.0,0.0
2021-09-09 00:00:00+09:00,1858.5366505589977,1869.2683582525142,1851.70738202676,1867.317138671875,42900,0.0,0.0
2021-09-10 00:00:00+09:00,1855.609759028654,1889.7561005460057,1855.609759028654,1884.8780517578125,65800,0.0,0.0
2021-09-13 00:00:00+09:00,1875.122000575731,1922.9268798828125,1865.365902757959,1922.9268798828125,50900,0.0,0.0
2021-09-14 00:00:00+09:00,1925.853709228144,1931.707367918807,1910.2439527197091,1922.9268798828125,58800,0.0,0.0
2021-09-15 00:00:00+09:00,1884.8780457876724,1893.6585335786087,1853.6585336421208,1875.1219482421875,51300,0.0,0.0
2021-09-16 00:00:00+09:00,1871.2195364307029,1886.8292927304376,1823.4146577627653,1839.0244140625,104700,0.0,0.0
2021-09-17 00:00:00+09:00,1830.2439302427579,1830.2439302427579,1758.0488071948027,1763.9024658203125,169300,0.0,0.0
2021-09-21 00:00:00+09:00,1726.8293016846828,1728.780521234609,1685.8536911362328,1693.6585693359375,172400,0.0,0.0
2021-09-22 00:00:00+09:00,1673.1707656657393,1673.1707656657393,1612.682959560039,1613.6585693359375,137400,0.0,0.0
2021-09-24 00:00:00+09:00,1679.0244645474959,1690.7317821387626,1660.4878783613235,1681.9512939453125,115400,0.0,0.0
2021-09-27 00:00:00+09:00,1696.5854281624954,1720.975672960691,1688.780549827073,1702.4390869140625,125600,0.0,0.0
2021-09-28 00:00:00+09:00,1729.7560975609756,1806.8292682926829,1724.8780487804877,1800.0,188700,0.0,0.0
2021-09-29 00:00:00+09:00,1761.0,1813.0,1746.0,1804.0,154100,45.0,0.0
2021-09-30 00:00:00+09:00,1824.0,1847.0,1782.0,1800.0,104900,0.0,0.0
2021-10-01 00:00:00+09:00,1769.0,1771.0,1719.0,1735.0,134600,0.0,0.0
2021-10-04 00:00:00+09:00,1751.0,1780.0,1693.0,1732.0,91000,0.0,0.0
2021-10-05 00:00:00+09:00,1700.0,1729.0,1672.0,1714.0,100100,0.0,0.0
2021-10-06 00:00:00+09:00,1724.0,1758.0,1681.0,1686.0,68300,0.0,0.0
2021-10-07 00:00:00+09:00,1680.0,1687.0,1653.0,1678.0,63600,0.0,0.0
2021-10-08 00:00:00+09:00,1677.0,1736.0,1675.0,1696.0,131400,0.0,0.0
2021-10-11 00:00:00+09:00,1706.0,1731.0,1696.0,1731.0,64800,0.0,0.0
2021-10-12 00:00:00+09:00,1710.0,1767.0,1705.0,1762.0,91800,0.0,0.0
2021-10-13 00:00:00+09:00,1755.0,1755.0,1708.0,1708.0,126000,0.0,0.0
2021-10-14 00:00:00+09:00,1728.0,1743.0,1705.0,1730.0,86000,0.0,0.0
2021-10-15 00:00:00+09:00,1730.0,1758.0,1723.0,1758.0,74300,0.0,0.0
2021-10-18 00:00:00+09:00,1769.0,1793.0,1768.0,1790.0,69000,0.0,0.0
2021-10-19 00:00:00+09:00,1806.0,1809.0,1762.0,1774.0,69900,0.0,0.0
2021-10-20 00:00:00+09:00,1762.0,1783.0,1731.0,1735.0,83800,0.0,0.0
2021-10-21 00:00:00+09:00,1731.0,1770.0,1720.0,1729.0,81100,0.0,0.0
2021-10-22 00:00:00+09:00,1695.0,1707.0,1681.0,1704.0,94500,0.0,0.0
2021-10-25 00:00:00+09:00,1708.0,1774.0,1704.0,1758.0,127400,0.0,0.0
2021-10-26 00:00:00+09:00,1762.0,1814.0,1747.0,1804.0,148800,0.0,0.0
2021-10-27 00:00:00+09:00,1804.0,1850.0,1790.0,1842.0,163200,0.0,0.0
2021-10-28 00:00:00+09:00,1848.0,1870.0,1770.0,1811.0,565700,0.0,0.0
2021-10-29 00:00:00+09:00,1811.0,2008.0,1734.0,1873.0,491900,0.0,0.0
2021-11-01 00:00:00+09:00,1874.0,1879.0,1745.0,1793.0,356600,0.0,0.0
2021-11-02 00:00:00+09:00,1833.0,1883.0,1813.0,1835.0,275200,0.0,0.0
2021-11-04 00:00:00+09:00,2034.0,2090.0,1973.0,1987.0,691000,0.0,0.0
2021-11-05 00:00:00+09:00,2058.0,2105.0,1948.0,1950.0,318700,0.0,0.0
2021-11-08 00:00:00+09:00,1972.0,2052.0,1932.0,2049.0,308100,0.0,0.0
2021-11-09 00:00:00+09:00,2092.0,2114.0,2030.0,2030.0,148100,0.0,0.0
2021-11-10 00:00:00+09:00,2054.0,2054.0,1976.0,1995.0,133100,0.0,0.0
2021-11-11 00:00:00+09:00,2015.0,2021.0,1955.0,1961.0,83500,0.0,0.0
2021-11-12 00:00:00+09:00,1994.0,2057.0,1986.0,2051.0,147400,0.0,0.0
2021-11-15 00:00:00+09:00,2055.0,2058.0,1990.0,2013.0,82300,0.0,0.0
2021-11-16 00:00:00+09:00,2003.0,2007.0,1962.0,1964.0,152000,0.0,0.0
2021-11-17 00:00:00+09:00,1951.0,1951.0,1892.0,1902.0,136800,0.0,0.0
2021-11-18 00:00:00+09:00,1888.0,1917.0,1866.0,1900.0,94600,0.0,0.0
2021-11-19 00:00:00+09:00,1919.0,1939.0,1886.0,1924.0,86700,0.0,0.0
2021-11-22 00:00:00+09:00,1918.0,1960.0,1894.0,1948.0,79000,0.0,0.0
2021-11-24 00:00:00+09:00,1961.0,1979.0,1951.0,1973.0,93800,0.0,0.0
2021-11-25 00:00:00+09:00,1975.0,2023.0,1963.0,2001.0,68200,0.0,0.0
2021-11-26 00:00:00+09:00,2001.0,2001.0,1895.0,1912.0,63000,0.0,0.0
2021-11-29 00:00:00+09:00,1861.0,1887.0,1841.0,1849.0,121600,0.0,0.0
2021-11-30 00:00:00+09:00,1872.0,1883.0,1817.0,1818.0,183200,0.0,0.0
2021-12-01 00:00:00+09:00,1790.0,1847.0,1781.0,1826.0,104900,0.0,0.0
2021-12-02 00:00:00+09:00,1826.0,1877.0,1811.0,1869.0,159700,0.0,0.0
2021-12-03 00:00:00+09:00,1860.0,1912.0,1834.0,1910.0,134200,0.0,0.0
2021-12-06 00:00:00+09:00,1913.0,1915.0,1885.0,1898.0,98200,0.0,0.0
2021-12-07 00:00:00+09:00,1938.0,1998.0,1927.0,1994.0,104600,0.0,0.0
2021-12-08 00:00:00+09:00,1994.0,2003.0,1974.0,1992.0,49600,0.0,0.0
2021-12-09 00:00:00+09:00,1992.0,1996.0,1952.0,1957.0,48700,0.0,0.0
2021-12-10 00:00:00+09:00,1957.0,1963.0,1926.0,1934.0,37900,0.0,0.0
2021-12-13 00:00:00+09:00,1949.0,1960.0,1911.0,1932.0,106800,0.0,0.0
2021-12-14 00:00:00+09:00,1955.0,1989.0,1944.0,1979.0,111600,0.0,0.0
2021-12-15 00:00:00+09:00,2019.0,2061.0,1987.0,2041.0,183700,0.0,0.0
2021-12-16 00:00:00+09:00,2065.0,2098.0,2057.0,2088.0,101700,0.0,0.0
2021-12-17 00:00:00+09:00,2098.0,2130.0,2042.0,2052.0,147300,0.0,0.0
2021-12-20 00:00:00+09:00,2019.0,2019.0,1937.0,1955.0,109700,0.0,0.0
2021-12-21 00:00:00+09:00,1995.0,2022.0,1980.0,2021.0,121200,0.0,0.0
2021-12-22 00:00:00+09:00,2020.0,2020.0,1955.0,1961.0,95700,0.0,0.0
2021-12-23 00:00:00+09:00,1996.0,2004.0,1976.0,1999.0,50900,0.0,0.0
2021-12-24 00:00:00+09:00,1980.0,2003.0,1976.0,1997.0,61200,0.0,0.0
2021-12-27 00:00:00+09:00,1998.0,2008.0,1979.0,1997.0,60300,0.0,0.0
2021-12-28 00:00:00+09:00,2010.0,2044.0,2009.0,2034.0,63600,0.0,0.0
2021-12-29 00:00:00+09:00,2034.0,2058.0,2019.0,2035.0,42700,0.0,0.0
2021-12-30 00:00:00+09:00,2038.0,2048.0,2020.0,2035.0,50200,0.0,0.0
2022-01-04 00:00:00+09:00,2059.0,2064.0,2012.0,2057.0,61400,0.0,0.0
2022-01-05 00:00:00+09:00,2100.0,2147.0,2099.0,2145.0,96600,0.0,0.0
2022-01-06 00:00:00+09:00,2174.0,2185.0,2145.0,2145.0,175400,0.0,0.0
2022-01-07 00:00:00+09:00,2144.0,2239.0,2144.0,2229.0,215100,0.0,0.0
2022-01-11 00:00:00+09:00,2206.0,2231.0,2158.0,2228.0,121100,0.0,0.0
2022-01-12 00:00:00+09:00,2231.0,2273.0,2224.0,2242.0,176800,0.0,0.0
2022-01-13 00:00:00+09:00,2250.0,2330.0,2227.0,2297.0,193700,0.0,0.0
2022-01-14 00:00:00+09:00,2280.0,2286.0,2224.0,2248.0,150200,0.0,0.0
2022-01-17 00:00:00+09:00,2248.0,2251.0,2158.0,2167.0,168100,0.0,0.0
2022-01-18 00:00:00+09:00,2150.0,2179.0,2088.0,2105.0,168400,0.0,0.0
2022-01-19 00:00:00+09:00,2070.0,2082.0,1971.0,1976.0,145300,0.0,0.0
2022-01-20 00:00:00+09:00,1961.0,2012.0,1942.0,1979.0,209500,0.0,0.0
2022-01-21 00:00:00+09:00,1902.0,1968.0,1885.0,1964.0,166300,0.0,0.0
2022-01-24 00:00:00+09:00,1931.0,1962.0,1899.0,1950.0,152500,0.0,0.0
2022-01-25 00:00:00+09:00,1961.0,1986.0,1923.0,1948.0,216600,0.0,0.0
2022-01-26 00:00:00+09:00,1988.0,2023.0,1955.0,1964.0,188400,0.0,0.0
2022-01-27 00:00:00+09:00,1979.0,2100.0,1893.0,2071.0,547200,0.0,0.0
2022-01-28 00:00:00+09:00,2072.0,2138.0,2011.0,2057.0,317400,0.0,0.0
2022-01-31 00:00:00+09:00,2107.0,2146.0,2081.0,2139.0,196500,0.0,0.0
2022-02-01 00:00:00+09:00,2103.0,2172.0,2082.0,2083.0,160400,0.0,0.0
2022-02-02 00:00:00+09:00,2111.0,2240.0,2111.0,2218.0,215100,0.0,0.0
2022-02-03 00:00:00+09:00,2203.0,2264.0,2199.0,2246.0,197400,0.0,0.0
2022-02-04 00:00:00+09:00,2235.0,2256.0,2206.0,2240.0,133000,0.0,0.0
2022-02-07 00:00:00+09:00,2240.0,2266.0,2179.0,2209.0,163600,0.0,0.0
2022-02-08 00:00:00+09:00,2234.0,2317.0,2209.0,2263.0,179500,0.0,0.0
2022-02-09 00:00:00+09:00,2271.0,2316.0,2264.0,2294.0,172100,0.0,0.0
2022-02-10 00:00:00+09:00,2280.0,2280.0,2218.0,2265.0,130800,0.0,0.0
2022-02-14 00:00:00+09:00,2205.0,2210.0,2156.0,2191.0,146100,0.0,0.0
2022-02-15 00:00:00+09:00,2172.0,2175.0,2104.0,2113.0,153600,0.0,0.0
2022-02-16 00:00:00+09:00,2130.0,2170.0,2113.0,2142.0,140400,0.0,0.0
2022-02-17 00:00:00+09:00,2173.0,2207.0,2155.0,2198.0,184400,0.0,0.0
2022-02-18 00:00:00+09:00,2189.0,2189.0,2132.0,2158.0,110300,0.0,0.0
2022-02-21 00:00:00+09:00,2123.0,2135.0,2065.0,2077.0,97600,0.0,0.0
2022-02-22 00:00:00+09:00,2044.0,2082.0,2023.0,2070.0,100700,0.0,0.0
2022-02-24 00:00:00+09:00,2030.0,2078.0,2013.0,2076.0,104400,0.0,0.0
2022-02-25 00:00:00+09:00,2055.0,2070.0,2014.0,2046.0,85100,0.0,0.0
2022-02-28 00:00:00+09:00,2095.0,2142.0,2081.0,2126.0,135800,0.0,0.0
2022-03-01 00:00:00+09:00,2133.0,2137.0,2088.0,2097.0,108900,0.0,0.0
2022-03-02 00:00:00+09:00,2079.0,2118.0,2054.0,2054.0,106100,0.0,0.0
2022-03-03 00:00:00+09:00,2114.0,2199.0,2107.0,2160.0,202300,0.0,0.0
2022-03-04 00:00:00+09:00,2152.0,2152.0,2036.0,2042.0,155400,0.0,0.0
2022-03-07 00:00:00+09:00,1994.0,2005.0,1902.0,1928.0,213100,0.0,0.0
2022-03-08 00:00:00+09:00,1900.0,1900.0,1818.0,1829.0,151700,0.0,0.0
2022-03-09 00:00:00+09:00,1789.0,1832.0,1781.0,1796.0,207100,0.0,0.0
2022-03-10 00:00:00+09:00,1850.0,1901.0,1834.0,1901.0,180300,0.0,0.0
2022-03-11 00:00:00+09:00,1874.0,1931.0,1865.0,1913.0,139200,0.0,0.0
2022-03-14 00:00:00+09:00,1892.0,1898.0,1849.0,1852.0,142400,0.0,0.0
2022-03-15 00:00:00+09:00,1877.0,1935.0,1870.0,1921.0,152000,0.0,0.0
2022-03-16 00:00:00+09:00,1917.0,1919.0,1882.0,1910.0,83600,0.0,0.0
2022-03-17 00:00:00+09:00,1934.0,1936.0,1891.0,1919.0,92100,0.0,0.0
2022-03-18 00:00:00+09:00,1921.0,1953.0,1890.0,1934.0,147400,0.0,0.0
2022-03-22 00:00:00+09:00,1974.0,2011.0,1961.0,2007.0,104700,0.0,0.0
2022-03-23 00:00:00+09:00,2007.0,2085.0,2007.0,2053.0,153600,0.0,0.0
2022-03-24 00:00:00+09:00,2017.0,2048.0,2017.0,2045.0,98000,0.0,0.0
2022-03-25 00:00:00+09:00,2062.0,2112.0,2053.0,2107.0,120400,0.0,0.0
2022-03-28 00:00:00+09:00,2140.0,2153.0,2098.0,2113.0,107000,0.0,0.0
2022-03-29 00:00:00+09:00,2104.0,2120.0,2081.0,2120.0,79500,0.0,0.0
2022-03-30 00:00:00+09:00,2100.0,2120.0,2059.0,2089.0,102700,0.0,0.0
2022-03-31 00:00:00+09:00,2089.0,2175.0,2087.0,2123.0,147900,0.0,0.0
2022-04-01 00:00:00+09:00,2092.0,2094.0,2045.0,2070.0,62800,0.0,0.0
2022-04-04 00:00:00+09:00,2070.0,2072.0,2033.0,2059.0,59800,0.0,0.0
2022-04-05 00:00:00+09:00,2057.0,2061.0,1997.0,2005.0,66400,0.0,0.0
2022-04-06 00:00:00+09:00,1975.0,1975.0,1925.0,1925.0,83100,0.0,0.0
2022-04-07 00:00:00+09:00,1885.0,1902.0,1851.0,1896.0,87500,0.0,0.0
2022-04-08 00:00:00+09:00,1922.0,1935.0,1900.0,1916.0,88900,0.0,0.0
2022-04-11 00:00:00+09:00,1902.0,1930.0,1881.0,1892.0,88300,0.0,0.0
2022-04-12 00:00:00+09:00,1880.0,1948.0,1866.0,1930.0,141200,0.0,0.0
2022-04-13 00:00:00+09:00,1936.0,1974.0,1928.0,1973.0,98500,0.0,0.0
2022-04-14 00:00:00+09:00,1973.0,2025.0,1968.0,2002.0,66300,0.0,0.0
2022-04-15 00:00:00+09:00,1995.0,2040.0,1957.0,2023.0,110700,0.0,0.0
2022-04-18 00:00:00+09:00,2007.0,2021.0,1977.0,2009.0,77200,0.0,0.0
2022-04-19 00:00:00+09:00,2053.0,2109.0,2032.0,2093.0,210800,0.0,0.0
2022-04-20 00:00:00+09:00,2093.0,2136.0,2073.0,2115.0,122000,0.0,0.0
2022-04-21 00:00:00+09:00,2085.0,2117.0,2076.0,2102.0,70800,0.0,0.0
2022-04-22 00:00:00+09:00,2055.0,2067.0,2026.0,2063.0,53000,0.0,0.0
2022-04-25 00:00:00+09:00,1993.0,2013.0,1955.0,1957.0,94700,0.0,0.0
2022-04-26 00:00:00+09:00,1936.0,1953.0,1915.0,1932.0,112300,0.0,0.0
2022-04-27 00:00:00+09:00,1905.0,1915.0,1823.0,1832.0,267200,0.0,0.0
2022-04-28 00:00:00+09:00,1870.0,2049.0,1833.0,1996.0,217200,0.0,0.0
2022-05-02 00:00:00+09:00,2021.0,2078.0,1949.0,2041.0,241400,0.0,0.0
2022-05-06 00:00:00+09:00,2049.0,2124.0,2047.0,2118.0,186300,0.0,0.0
2022-05-09 00:00:00+09:00,2099.0,2099.0,1964.0,2037.0,171400,0.0,0.0
2022-05-10 00:00:00+09:00,1972.0,1991.0,1923.0,1957.0,118100,0.0,0.0
2022-05-11 00:00:00+09:00,1927.0,1977.0,1927.0,1967.0,124200,0.0,0.0
2022-05-12 00:00:00+09:00,1961.0,2014.0,1953.0,1972.0,109400,0.0,0.0
2022-05-13 00:00:00+09:00,1958.0,2059.0,1957.0,2044.0,140500,0.0,0.0
2022-05-16 00:00:00+09:00,2038.0,2038.0,1955.0,1967.0,88600,0.0,0.0
2022-05-17 00:00:00+09:00,1940.0,1967.0,1900.0,1936.0,134400,0.0,0.0
2022-05-18 00:00:00+09:00,1956.0,1982.0,1925.0,1978.0,112500,0.0,0.0
2022-05-19 00:00:00+09:00,1911.0,1936.0,1883.0,1920.0,100500,0.0,0.0
2022-05-20 00:00:00+09:00,1955.0,2053.0,1939.0,2045.0,135700,0.0,0.0
2022-05-23 00:00:00+09:00,2041.0,2065.0,2008.0,2060.0,83600,0.0,0.0
2022-05-24 00:00:00+09:00,2058.0,2080.0,2047.0,2066.0,74700,0.0,0.0
2022-05-25 00:00:00+09:00,2080.0,2095.0,2052.0,2052.0,51700,0.0,0.0
2022-05-26 00:00:00+09:00,2080.0,2082.0,2035.0,2056.0,54600,0.0,0.0
2022-05-27 00:00:00+09:00,2075.0,2096.0,2058.0,2086.0,43900,0.0,0.0
2022-05-30 00:00:00+09:00,2100.0,2124.0,2073.0,2096.0,182700,0.0,0.0
2022-05-31 00:00:00+09:00,2100.0,2114.0,2080.0,2101.0,65600,0.0,0.0
2022-06-01 00:00:00+09:00,2113.0,2115.0,2085.0,2105.0,46500,0.0,0.0
2022-06-02 00:00:00+09:00,2105.0,2144.0,2103.0,2142.0,148100,0.0,0.0
2022-06-03 00:00:00+09:00,2179.0,2211.0,2179.0,2190.0,124300,0.0,0.0
2022-06-06 00:00:00+09:00,2175.0,2222.0,2170.0,2220.0,90800,0.0,0.0
2022-06-07 00:00:00+09:00,2229.0,2288.0,2229.0,2261.0,97100,0.0,0.0
2022-06-08 00:00:00+09:00,2276.0,2284.0,2256.0,2278.0,78200,0.0,0.0
2022-06-09 00:00:00+09:00,2263.0,2270.0,2211.0,2211.0,90100,0.0,0.0
2022-06-10 00:00:00+09:00,2174.0,2179.0,2128.0,2158.0,98500,0.0,0.0
2022-06-13 00:00:00+09:00,2109.0,2130.0,2054.0,2062.0,84700,0.0,0.0
2022-06-14 00:00:00+09:00,2020.0,2034.0,1978.0,2002.0,143200,0.0,0.0
2022-06-15 00:00:00+09:00,2082.0,2082.0,1993.0,2000.0,262700,0.0,0.0
2022-06-16 00:00:00+09:00,2026.0,2088.0,2026.0,2032.0,121900,0.0,0.0
2022-06-17 00:00:00+09:00,2000.0,2000.0,1918.0,1928.0,144200,0.0,0.0
2022-06-20 00:00:00+09:00,1937.0,1985.0,1892.0,1921.0,149500,0.0,0.0
2022-06-21 00:00:00+09:00,1949.0,1982.0,1925.0,1963.0,153400,0.0,0.0
2022-06-22 00:00:00+09:00,1937.0,1945.0,1872.0,1874.0,186000,0.0,0.0
2022-06-23 00:00:00+09:00,1909.0,1956.0,1900.0,1927.0,117800,0.0,0.0
2022-06-24 00:00:00+09:00,1893.0,1894.0,1871.0,1882.0,93900,0.0,0.0
2022-06-27 00:00:00+09:00,1960.0,1971.0,1936.0,1967.0,118300,0.0,0.0
2022-06-28 00:00:00+09:00,1984.0,1994.0,1965.0,1982.0,83700,0.0,0.0
2022-06-29 00:00:00+09:00,1950.0,1963.0,1924.0,1932.0,156300,0.0,0.0
2022-06-30 00:00:00+09:00,1951.0,1987.0,1951.0,1965.0,105000,0.0,0.0
2022-07-01 00:00:00+09:00,1941.0,1971.0,1919.0,1933.0,99500,0.0,0.0
2022-07-04 00:00:00+09:00,1938.0,1938.0,1893.0,1918.0,144800,0.0,0.0
2022-07-05 00:00:00+09:00,1946.0,1946.0,1896.0,1900.0,75700,0.0,0.0
2022-07-06 00:00:00+09:00,1870.0,1870.0,1825.0,1841.0,131000,0.0,0.0
2022-07-07 00:00:00+09:00,1856.0,1870.0,1810.0,1855.0,148600,0.0,0.0
2022-07-08 00:00:00+09:00,1883.0,1922.0,1875.0,1882.0,188400,0.0,0.0
2022-07-11 00:00:00+09:00,1900.0,1916.0,1888.0,1894.0,88600,0.0,0.0
2022-07-12 00:00:00+09:00,1889.0,1889.0,1813.0,1815.0,104100,0.0,0.0
2022-07-13 00:00:00+09:00,1848.0,1873.0,1837.0,1858.0,112900,0.0,0.0
2022-07-14 00:00:00+09:00,1835.0,1854.0,1826.0,1850.0,76900,0.0,0.0
2022-07-15 00:00:00+09:00,1838.0,1842.0,1812.0,1830.0,66800,0.0,0.0
2022-07-19 00:00:00+09:00,1870.0,1892.0,1833.0,1876.0,95000,0.0,0.0
2022-07-20 00:00:00+09:00,1911.0,1921.0,1888.0,1903.0,82500,0.0,0.0
2022-07-21 00:00:00+09:00,1890.0,1923.0,1880.0,1917.0,55600,0.0,0.0
2022-07-22 00:00:00+09:00,1924.0,1940.0,1909.0,1929.0,72400,0.0,0.0
2022-07-25 00:00:00+09:00,1910.0,1912.0,1871.0,1871.0,67800,0.0,0.0
2022-07-26 00:00:00+09:00,1898.0,1905.0,1875.0,1877.0,70300,0.0,0.0
2022-07-27 00:00:00+09:00,1866.0,1872.0,1849.0,1872.0,90800,0.0,0.0
2022-07-28 00:00:00+09:00,1900.0,1947.0,1835.0,1864.0,366700,0.0,0.0
2022-07-29 00:00:00+09:00,1944.0,2034.0,1930.0,2019.0,426200,0.0,0.0
2022-08-01 00:00:00+09:00,2020.0,2051.0,1950.0,1965.0,192500,0.0,0.0
2022-08-02 00:00:00+09:00,1934.0,1934.0,1859.0,1883.0,325100,0.0,0.0
2022-08-03 00:00:00+09:00,1883.0,1885.0,1853.0,1859.0,160300,0.0,0.0
2022-08-04 00:00:00+09:00,1873.0,1873.0,1828.0,1858.0,137700,0.0,0.0
2022-08-05 00:00:00+09:00,1887.0,1905.0,1869.0,1902.0,126500,0.0,0.0
2022-08-08 00:00:00+09:00,1919.0,1958.0,1911.0,1951.0,114700,0.0,0.0
2022-08-09 00:00:00+09:00,1935.0,1966.0,1927.0,1964.0,90700,0.0,0.0
2022-08-10 00:00:00+09:00,1958.0,1989.0,1939.0,1984.0,94000,0.0,0.0
2022-08-12 00:00:00+09:00,2013.0,2045.0,2009.0,2032.0,123600,0.0,0.0
2022-08-15 00:00:00+09:00,2031.0,2049.0,2023.0,2027.0,57100,0.0,0.0
2022-08-16 00:00:00+09:00,2023.0,2035.0,1998.0,2023.0,63300,0.0,0.0
2022-08-17 00:00:00+09:00,2040.0,2060.0,2028.0,2031.0,67800,0.0,0.0
2022-08-18 00:00:00+09:00,2000.0,2042.0,1989.0,2032.0,60400,0.0,0.0
2022-08-19 00:00:00+09:00,2056.0,2093.0,2049.0,2066.0,93800,0.0,0.0
2022-08-22 00:00:00+09:00,2018.0,2064.0,2003.0,2058.0,119000,0.0,0.0
2022-08-23 00:00:00+09:00,2056.0,2069.0,2021.0,2021.0,82600,0.0,0.0
2022-08-24 00:00:00+09:00,2060.0,2081.0,2050.0,2055.0,65400,0.0,0.0
2022-08-25 00:00:00+09:00,2054.0,2085.0,2038.0,2074.0,66000,0.0,0.0
2022-08-26 00:00:00+09:00,2100.0,2132.0,2100.0,2110.0,91000,0.0,0.0
2022-08-29 00:00:00+09:00,2070.0,2097.0,2060.0,2080.0,76200,0.0,0.0
2022-08-30 00:00:00+09:00,2088.0,2125.0,2088.0,2125.0,66600,0.0,0.0
2022-08-31 00:00:00+09:00,2081.0,2125.0,2075.0,2104.0,75300,0.0,0.0
2022-09-01 00:00:00+09:00,2081.0,2097.0,2042.0,2053.0,80700,0.0,0.0
2022-09-02 00:00:00+09:00,2043.0,2054.0,2013.0,2038.0,79900,0.0,0.0
2022-09-05 00:00:00+09:00,2033.0,2049.0,2011.0,2014.0,51000,0.0,0.0
2022-09-06 00:00:00+09:00,2030.0,2054.0,2015.0,2047.0,52900,0.0,0.0
2022-09-07 00:00:00+09:00,2035.0,2035.0,1991.0,2027.0,92500,0.0,0.0
2022-09-08 00:00:00+09:00,2030.0,2080.0,2030.0,2078.0,63900,0.0,0.0
2022-09-09 00:00:00+09:00,2081.0,2097.0,2076.0,2079.0,66600,0.0,0.0
2022-09-12 00:00:00+09:00,2113.0,2113.0,2087.0,2091.0,40600,0.0,0.0
2022-09-13 00:00:00+09:00,2093.0,2100.0,2076.0,2089.0,32000,0.0,0.0
2022-09-14 00:00:00+09:00,2041.0,2085.0,2026.0,2073.0,35900,0.0,0.0
2022-09-15 00:00:00+09:00,2043.0,2048.0,2006.0,2026.0,86400,0.0,0.0
2022-09-16 00:00:00+09:00,2000.0,2015.0,1986.0,1986.0,86200,0.0,0.0
2022-09-20 00:00:00+09:00,2004.0,2032.0,2004.0,2023.0,59800,0.0,0.0
2022-09-21 00:00:00+09:00,1996.0,2009.0,1986.0,2008.0,45500,0.0,0.0
2022-09-22 00:00:00+09:00,1970.0,2005.0,1965.0,2001.0,44600,0.0,0.0
2022-09-26 00:00:00+09:00,1969.0,1970.0,1921.0,1937.0,89900,0.0,0.0
2022-09-27 00:00:00+09:00,1921.0,1958.0,1921.0,1938.0,63100,0.0,0.0
2022-09-28 00:00:00+09:00,1933.0,1938.0,1894.0,1925.0,89100,0.0,0.0
2022-09-29 00:00:00+09:00,1939.0,1958.0,1894.0,1910.0,65200,0.0,0.0
2022-09-30 00:00:00+09:00,1905.0,1910.0,1865.0,1870.0,42800,0.0,0.0
2022-10-03 00:00:00+09:00,1850.0,1880.0,1832.0,1879.0,40900,0.0,0.0
2022-10-04 00:00:00+09:00,1929.0,1958.0,1925.0,1947.0,53700,0.0,0.0
2022-10-05 00:00:00+09:00,1987.0,1987.0,1957.0,1969.0,54400,0.0,0.0
2022-10-06 00:00:00+09:00,1970.0,1994.0,1970.0,1981.0,35500,0.0,0.0
2022-10-07 00:00:00+09:00,1949.0,1976.0,1943.0,1960.0,35500,0.0,0.0
2022-10-11 00:00:00+09:00,1937.0,1947.0,1906.0,1906.0,58600,0.0,0.0
2022-10-12 00:00:00+09:00,1907.0,1932.0,1896.0,1920.0,55100,0.0,0.0
2022-10-13 00:00:00+09:00,1926.0,1928.0,1892.0,1914.0,59700,0.0,0.0
2022-10-14 00:00:00+09:00,1943.0,1991.0,1927.0,1970.0,68400,0.0,0.0
2022-10-17 00:00:00+09:00,1935.0,1942.0,1902.0,1918.0,73200,0.0,0.0
2022-10-18 00:00:00+09:00,1939.0,1939.0,1916.0,1931.0,53800,0.0,0.0
2022-10-19 00:00:00+09:00,1934.0,1947.0,1924.0,1947.0,44000,0.0,0.0
2022-10-20 00:00:00+09:00,1928.0,1934.0,1885.0,1902.0,76600,0.0,0.0
2022-10-21 00:00:00+09:00,1887.0,1889.0,1851.0,1859.0,82100,0.0,0.0
2022-10-24 00:00:00+09:00,1894.0,1911.0,1880.0,1886.0,54100,0.0,0.0
2022-10-25 00:00:00+09:00,1900.0,1900.0,1874.0,1885.0,49000,0.0,0.0
2022-10-26 00:00:00+09:00,1901.0,1910.0,1890.0,1890.0,30500,0.0,0.0
2022-10-27 00:00:00+09:00,1890.0,1900.0,1866.0,1876.0,34100,0.0,0.0
2022-10-28 00:00:00+09:00,1847.0,1896.0,1840.0,1873.0,232100,0.0,0.0
2022-10-31 00:00:00+09:00,1913.0,1960.0,1848.0,1913.0,403600,0.0,0.0
2022-11-01 00:00:00+09:00,1939.0,2022.0,1939.0,2022.0,215000,0.0,0.0
2022-11-02 00:00:00+09:00,2048.0,2136.0,2042.0,2055.0,214900,0.0,0.0
2022-11-04 00:00:00+09:00,2050.0,2073.0,2032.0,2036.0,68600,0.0,0.0
2022-11-07 00:00:00+09:00,2086.0,2190.0,2086.0,2159.0,184100,0.0,0.0
2022-11-08 00:00:00+09:00,2147.0,2207.0,2138.0,2180.0,85200,0.0,0.0
2022-11-09 00:00:00+09:00,2200.0,2209.0,2170.0,2176.0,111500,0.0,0.0
2022-11-10 00:00:00+09:00,2153.0,2194.0,2146.0,2174.0,86600,0.0,0.0
2022-11-11 00:00:00+09:00,2215.0,2224.0,2177.0,2210.0,71700,0.0,0.0
2022-11-14 00:00:00+09:00,2190.0,2205.0,2176.0,2176.0,33200,0.0,0.0
2022-11-15 00:00:00+09:00,2204.0,2248.0,2200.0,2240.0,83600,0.0,0.0
2022-11-16 00:00:00+09:00,2235.0,2274.0,2226.0,2263.0,74600,0.0,0.0
2022-11-17 00:00:00+09:00,2263.0,2266.0,2229.0,2258.0,56700,0.0,0.0
2022-11-18 00:00:00+09:00,2270.0,2299.0,2241.0,2244.0,120600,0.0,0.0
2022-11-21 00:00:00+09:00,2244.0,2277.0,2230.0,2277.0,54300,0.0,0.0
2022-11-22 00:00:00+09:00,2272.0,2305.0,2272.0,2286.0,55300,0.0,0.0
2022-11-24 00:00:00+09:00,2320.0,2320.0,2293.0,2298.0,54600,0.0,0.0
2022-11-25 00:00:00+09:00,2300.0,2310.0,2282.0,2310.0,37500,0.0,0.0
2022-11-28 00:00:00+09:00,2287.0,2287.0,2234.0,2244.0,81500,0.0,0.0
2022-11-29 00:00:00+09:00,2205.0,2211.0,2176.0,2211.0,91500,0.0,0.0
2022-11-30 00:00:00+09:00,2185.0,2219.0,2175.0,2213.0,95800,0.0,0.0
2022-12-01 00:00:00+09:00,2204.0,2210.0,2185.0,2209.0,65900,0.0,0.0
2022-12-02 00:00:00+09:00,2192.0,2192.0,2147.0,2149.0,69300,0.0,0.0
2022-12-05 00:00:00+09:00,2151.0,2167.0,2126.0,2137.0,73800,0.0,0.0
2022-12-06 00:00:00+09:00,2128.0,2199.0,2128.0,2182.0,77400,0.0,0.0
2022-12-07 00:00:00+09:00,2200.0,2248.0,2194.0,2206.0,100200,0.0,0.0
2022-12-08 00:00:00+09:00,2186.0,2186.0,2156.0,2184.0,69300,0.0,0.0
2022-12-09 00:00:00+09:00,2162.0,2183.0,2159.0,2165.0,62100,0.0,0.0
2022-12-12 00:00:00+09:00,2165.0,2171.0,2140.0,2150.0,56800,0.0,0.0
2022-12-13 00:00:00+09:00,2171.0,2171.0,2127.0,2149.0,56100,0.0,0.0
2022-12-14 00:00:00+09:00,2180.0,2210.0,2179.0,2209.0,98400,0.0,0.0
2022-12-15 00:00:00+09:00,2216.0,2280.0,2214.0,2258.0,177900,0.0,0.0
2022-12-16 00:00:00+09:00,2240.0,2259.0,2188.0,2191.0,122800,0.0,0.0
2022-12-19 00:00:00+09:00,2189.0,2206.0,2177.0,2177.0,84600,0.0,0.0
2022-12-20 00:00:00+09:00,2178.0,2200.0,2103.0,2129.0,78300,0.0,0.0
2022-12-21 00:00:00+09:00,2129.0,2129.0,2069.0,2085.0,56700,0.0,0.0
2022-12-22 00:00:00+09:00,2112.0,2125.0,2088.0,2102.0,43600,0.0,0.0
2022-12-23 00:00:00+09:00,2088.0,2098.0,2064.0,2098.0,39100,0.0,0.0
2022-12-26 00:00:00+09:00,2128.0,2145.0,2119.0,2138.0,37200,0.0,0.0
2022-12-27 00:00:00+09:00,2141.0,2148.0,2121.0,2141.0,25900,0.0,0.0
2022-12-28 00:00:00+09:00,2132.0,2140.0,2112.0,2125.0,25700,0.0,0.0
2022-12-29 00:00:00+09:00,2108.0,2166.0,2103.0,2156.0,80300,0.0,0.0
2022-12-30 00:00:00+09:00,2156.0,2175.0,2150.0,2161.0,48000,0.0,0.0
2023-01-04 00:00:00+09:00,2128.0,2128.0,2077.0,2077.0,68200,0.0,0.0
2023-01-05 00:00:00+09:00,2057.0,2075.0,2043.0,2060.0,31600,0.0,0.0
2023-01-06 00:00:00+09:00,2058.0,2070.0,2048.0,2065.0,63700,0.0,0.0
2023-01-10 00:00:00+09:00,2085.0,2092.0,2055.0,2059.0,51800,0.0,0.0
2023-01-11 00:00:00+09:00,2077.0,2118.0,2077.0,2112.0,62000,0.0,0.0
2023-01-12 00:00:00+09:00,2107.0,2187.0,2107.0,2176.0,72100,0.0,0.0
2023-01-13 00:00:00+09:00,2155.0,2163.0,2146.0,2154.0,47800,0.0,0.0
2023-01-16 00:00:00+09:00,2155.0,2209.0,2155.0,2160.0,71100,0.0,0.0
2023-01-17 00:00:00+09:00,2174.0,2210.0,2168.0,2206.0,64500,0.0,0.0
2023-01-18 00:00:00+09:00,2211.0,2239.0,2192.0,2233.0,68200,0.0,0.0
2023-01-19 00:00:00+09:00,2210.0,2228.0,2180.0,2194.0,57600,0.0,0.0
2023-01-20 00:00:00+09:00,2187.0,2272.0,2187.0,2267.0,62300,0.0,0.0
2023-01-23 00:00:00+09:00,2290.0,2323.0,2285.0,2320.0,74500,0.0,0.0
2023-01-24 00:00:00+09:00,2355.0,2414.0,2344.0,2380.0,135400,0.0,0.0
2023-01-25 00:00:00+09:00,2380.0,2444.0,2380.0,2436.0,103300,0.0,0.0
2023-01-26 00:00:00+09:00,2436.0,2479.0,2427.0,2470.0,82300,0.0,0.0
2023-01-27 00:00:00+09:00,2470.0,2506.0,2459.0,2500.0,80500,0.0,0.0
2023-01-30 00:00:00+09:00,2487.0,2495.0,2426.0,2457.0,118600,0.0,0.0
2023-01-31 00:00:00+09:00,2472.0,2498.0,2449.0,2479.0,70800,0.0,0.0
2023-02-01 00:00:00+09:00,2497.0,2597.0,2460.0,2540.0,387000,0.0,0.0
2023-02-02 00:00:00+09:00,2558.0,2565.0,2463.0,2504.0,183500,0.0,0.0
2023-02-03 00:00:00+09:00,2546.0,2572.0,2526.0,2554.0,126300,0.0,0.0
2023-02-06 00:00:00+09:00,2576.0,2597.0,2550.0,2596.0,97400,0.0,0.0
2023-02-07 00:00:00+09:00,2646.0,2680.0,2630.0,2658.0,130400,0.0,0.0
2023-02-08 00:00:00+09:00,2620.0,2639.0,2521.0,2542.0,153900,0.0,0.0
2023-02-09 00:00:00+09:00,2531.0,2557.0,2526.0,2556.0,100000,0.0,0.0
2023-02-10 00:00:00+09:00,2572.0,2643.0,2565.0,2594.0,136100,0.0,0.0
2023-02-13 00:00:00+09:00,2591.0,2620.0,2543.0,2554.0,122600,0.0,0.0
2023-02-14 00:00:00+09:00,2596.0,2609.0,2566.0,2589.0,68900,0.0,0.0
2023-02-15 00:00:00+09:00,2612.0,2621.0,2580.0,2586.0,72800,0.0,0.0
2023-02-16 00:00:00+09:00,2600.0,2603.0,2564.0,2579.0,57400,0.0,0.0
2023-02-17 00:00:00+09:00,2573.0,2623.0,2573.0,2622.0,91200,0.0,0.0
2023-02-20 00:00:00+09:00,2630.0,2663.0,2624.0,2658.0,160900,0.0,0.0
2023-02-21 00:00:00+09:00,2634.0,2724.0,2625.0,2698.0,163800,0.0,0.0
2023-02-22 00:00:00+09:00,2680.0,2680.0,2640.0,2655.0,96100,0.0,0.0
2023-02-24 00:00:00+09:00,2660.0,2664.0,2610.0,2613.0,85200,0.0,0.0
2023-02-27 00:00:00+09:00,2628.0,2684.0,2620.0,2672.0,90800,0.0,0.0
2023-02-28 00:00:00+09:00,2669.0,2670.0,2606.0,2618.0,115700,0.0,0.0
2023-03-01 00:00:00+09:00,2572.0,2631.0,2566.0,2620.0,118600,0.0,0.0
2023-03-02 00:00:00+09:00,2650.0,2671.0,2623.0,2638.0,107600,0.0,0.0
2023-03-03 00:00:00+09:00,2663.0,2692.0,2651.0,2685.0,126500,0.0,0.0
2023-03-06 00:00:00+09:00,2732.0,2747.0,2675.0,2687.0,114000,0.0,0.0
2023-03-07 00:00:00+09:00,2693.0,2704.0,2675.0,2697.0,83300,0.0,0.0
2023-03-08 00:00:00+09:00,2672.0,2680.0,2638.0,2676.0,86800,0.0,0.0
2023-03-09 00:00:00+09:00,2696.0,2719.0,2689.0,2696.0,89800,0.0,0.0
2023-03-10 00:00:00+09:00,2646.0,2668.0,2632.0,2652.0,94700,0.0,0.0
2023-03-13 00:00:00+09:00,2589.0,2595.0,2544.0,2595.0,144800,0.0,0.0
2023-03-14 00:00:00+09:00,2545.0,2559.0,2476.0,2481.0,121400,0.0,0.0
2023-03-15 00:00:00+09:00,2523.0,2547.0,2495.0,2533.0,131400,0.0,0.0
2023-03-16 00:00:00+09:00,2433.0,2449.0,2391.0,2436.0,125600,0.0,0.0
2023-03-17 00:00:00+09:00,2476.0,2477.0,2387.0,2403.0,179700,0.0,0.0
2023-03-20 00:00:00+09:00,2377.0,2448.0,2370.0,2410.0,79900,0.0,0.0
2023-03-22 00:00:00+09:00,2460.0,2473.0,2407.0,2412.0,69500,0.0,0.0
2023-03-23 00:00:00+09:00,2365.0,2438.0,2360.0,2437.0,78900,0.0,0.0
2023-03-24 00:00:00+09:00,2429.0,2429.0,2395.0,2404.0,82500,0.0,0.0
2023-03-27 00:00:00+09:00,2446.0,2446.0,2387.0,2418.0,130600,0.0,0.0
2023-03-28 00:00:00+09:00,2420.0,2428.0,2376.0,2383.0,283200,0.0,0.0
2023-03-29 00:00:00+09:00,2403.0,2422.0,2363.0,2386.0,209000,0.0,0.0
2023-03-30 00:00:00+09:00,2380.0,2393.0,2345.0,2369.0,125600,0.0,0.0
2023-03-31 00:00:00+09:00,2387.0,2462.0,2385.0,2452.0,131700,0.0,0.0
2023-04-03 00:00:00+09:00,2475.0,2484.0,2437.0,2466.0,91600,0.0,0.0
2023-04-04 00:00:00+09:00,2460.0,2460.0,2419.0,2426.0,96100,0.0,0.0
2023-04-05 00:00:00+09:00,2361.0,2367.0,2318.0,2323.0,167100,0.0,0.0
2023-04-06 00:00:00+09:00,2300.0,2300.0,2264.0,2266.0,123600,0.0,0.0
2023-04-07 00:00:00+09:00,2271.0,2298.0,2267.0,2282.0,85900,0.0,0.0
2023-04-10 00:00:00+09:00,2324.0,2324.0,2288.0,2295.0,69200,0.0,0.0
2023-04-11 00:00:00+09:00,2316.0,2327.0,2305.0,2317.0,72600,0.0,0.0
2023-04-12 00:00:00+09:00,2332.0,2354.0,2321.0,2336.0,96300,0.0,0.0
2023-04-13 00:00:00+09:00,2332.0,2338.0,2300.0,2328.0,85000,0.0,0.0
2023-04-14 00:00:00+09:00,2361.0,2386.0,2357.0,2366.0,98200,0.0,0.0
2023-04-17 00:00:00+09:00,2370.0,2380.0,2336.0,2350.0,76800,0.0,0.0
2023-04-18 00:00:00+09:00,2378.0,2405.0,2358.0,2402.0,141900,0.0,0.0
2023-04-19 00:00:00+09:00,2390.0,2423.0,2390.0,2422.0,107600,0.0,0.0
2023-04-20 00:00:00+09:00,2390.0,2409.0,2381.0,2393.0,89900,0.0,0.0
2023-04-21 00:00:00+09:00,2386.0,2402.0,2377.0,2387.0,56400,0.0,0.0
2023-04-24 00:00:00+09:00,2404.0,2410.0,2370.0,2370.0,83200,0.0,0.0
2023-04-25 00:00:00+09:00,2393.0,2401.0,2323.0,2325.0,106000,0.0,0.0
2023-04-26 00:00:00+09:00,2315.0,2328.0,2281.0,2328.0,118300,0.0,0.0
2023-04-27 00:00:00+09:00,2318.0,2362.0,2318.0,2360.0,130500,0.0,0.0
2023-04-28 00:00:00+09:00,2377.0,2402.0,2329.0,2393.0,265700,0.0,0.0
2023-05-01 00:00:00+09:00,2443.0,2556.0,2443.0,2531.0,298100,0.0,0.0
2023-05-02 00:00:00+09:00,2562.0,2664.0,2562.0,2650.0,314300,0.0,0.0
2023-05-08 00:00:00+09:00,2623.0,2634.0,2589.0,2619.0,226700,0.0,0.0
2023-05-09 00:00:00+09:00,2658.0,2689.0,2638.0,2671.0,191900,0.0,0.0
2023-05-10 00:00:00+09:00,2675.0,2722.0,2633.0,2672.0,199000,0.0,0.0
2023-05-11 00:00:00+09:00,2622.0,2628.0,2582.0,2592.0,189600,0.0,0.0
2023-05-12 00:00:00+09:00,2566.0,2616.0,2550.0,2611.0,157100,0.0,0.0
2023-05-15 00:00:00+09:00,2639.0,2679.0,2637.0,2659.0,86200,0.0,0.0
2023-05-16 00:00:00+09:00,2690.0,2690.0,2647.0,2674.0,95800,0.0,0.0
2023-05-17 00:00:00+09:00,2659.0,2665.0,2618.0,2636.0,60000,0.0,0.0
2023-05-18 00:00:00+09:00,2642.0,2678.0,2632.0,2672.0,58000,0.0,0.0
2023-05-19 00:00:00+09:00,2686.0,2686.0,2613.0,2615.0,51600,0.0,0.0
2023-05-22 00:00:00+09:00,2598.0,2644.0,2573.0,2639.0,71000,0.0,0.0
2023-05-23 00:00:00+09:00,2645.0,2658.0,2603.0,2614.0,56300,0.0,0.0
2023-05-24 00:00:00+09:00,2602.0,2640.0,2602.0,2628.0,56600,0.0,0.0
2023-05-25 00:00:00+09:00,2583.0,2606.0,2581.0,2596.0,59200,0.0,0.0
2023-05-26 00:00:00+09:00,2592.0,2592.0,2536.0,2540.0,72200,0.0,0.0
2023-05-29 00:00:00+09:00,2583.0,2595.0,2564.0,2568.0,55600,0.0,0.0
2023-05-30 00:00:00+09:00,2544.0,2570.0,2535.0,2558.0,54500,0.0,0.0
2023-05-31 00:00:00+09:00,2532.0,2547.0,2503.0,2513.0,158900,0.0,0.0
2023-06-01 00:00:00+09:00,2500.0,2525.0,2472.0,2493.0,64700,0.0,0.0
2023-06-02 00:00:00+09:00,2503.0,2581.0,2497.0,2581.0,63100,0.0,0.0
2023-06-05 00:00:00+09:00,2631.0,2655.0,2626.0,2642.0,81300,0.0,0.0
2023-06-06 00:00:00+09:00,2634.0,2713.0,2624.0,2707.0,105600,0.0,0.0
2023-06-07 00:00:00+09:00,2726.0,2748.0,2668.0,2683.0,112500,0.0,0.0
2023-06-08 00:00:00+09:00,2719.0,2750.0,2648.0,2670.0,110700,0.0,0.0
2023-06-09 00:00:00+09:00,2710.0,2729.0,2690.0,2720.0,103200,0.0,0.0
2023-06-12 00:00:00+09:00,2728.0,2754.0,2701.0,2745.0,91200,0.0,0.0
2023-06-13 00:00:00+09:00,2755.0,2798.0,2754.0,2782.0,110200,0.0,0.0
2023-06-14 00:00:00+09:00,2820.0,2906.0,2820.0,2905.0,113900,0.0,0.0
2023-06-15 00:00:00+09:00,2911.0,2911.0,2858.0,2880.0,149600,0.0,0.0
2023-06-16 00:00:00+09:00,2860.0,2892.0,2833.0,2858.0,188800,0.0,0.0
2023-06-19 00:00:00+09:00,2899.0,2900.0,2785.0,2808.0,90000,0.0,0.0
2023-06-20 00:00:00+09:00,2789.0,2809.0,2780.0,2801.0,59900,0.0,0.0
2023-06-21 00:00:00+09:00,2757.0,2812.0,2750.0,2812.0,80900,0.0,0.0
2023-06-22 00:00:00+09:00,2806.0,2853.0,2801.0,2834.0,78400,0.0,0.0
2023-06-23 00:00:00+09:00,2834.0,2834.0,2756.0,2774.0,52800,0.0,0.0
2023-06-26 00:00:00+09:00,2755.0,2825.0,2754.0,2768.0,35900,0.0,0.0
2023-06-27 00:00:00+09:00,2773.0,2801.0,2751.0,2793.0,52400,0.0,0.0
2023-06-28 00:00:00+09:00,2833.0,2856.0,2790.0,2856.0,55900,0.0,0.0
2023-06-29 00:00:00+09:00,2855.0,2855.0,2810.0,2824.0,49800,0.0,0.0
2023-06-30 00:00:00+09:00,2820.0,2843.0,2810.0,2837.0,73700,0.0,0.0
2023-07-03 00:00:00+09:00,2876.0,2888.0,2856.0,2886.0,65700,0.0,0.0
2023-07-04 00:00:00+09:00,2898.0,2918.0,2879.0,2885.0,89800,0.0,0.0
2023-07-05 00:00:00+09:00,2857.0,2888.0,2850.0,2872.0,47200,0.0,0.0
2023-07-06 00:00:00+09:00,2845.0,2855.0,2785.0,2810.0,113300,0.0,0.0
2023-07-07 00:00:00+09:00,2795.0,2796.0,2756.0,2772.0,98600,0.0,0.0
2023-07-10 00:00:00+09:00,2815.0,2817.0,2734.0,2735.0,120500,0.0,0.0
2023-07-11 00:00:00+09:00,2735.0,2735.0,2667.0,2667.0,81700,0.0,0.0
2023-07-12 00:00:00+09:00,2674.0,2691.0,2630.0,2630.0,64500,0.0,0.0
2023-07-13 00:00:00+09:00,2625.0,2689.0,2612.0,2662.0,46600,0.0,0.0
2023-07-14 00:00:00+09:00,2682.0,2682.0,2640.0,2659.0,44800,0.0,0.0
2023-07-18 00:00:00+09:00,2642.0,2676.0,2640.0,2676.0,65900,0.0,0.0
2023-07-19 00:00:00+09:00,2700.0,2706.0,2656.0,2688.0,63500,0.0,0.0
2023-07-20 00:00:00+09:00,2707.0,2720.0,2681.0,2681.0,64100,0.0,0.0
2023-07-21 00:00:00+09:00,2697.0,2719.0,2669.0,2669.0,52200,0.0,0.0
2023-07-24 00:00:00+09:00,2681.0,2772.0,2681.0,2730.0,145500,0.0,0.0
2023-07-25 00:00:00+09:00,2755.0,2759.0,2709.0,2717.0,105000,0.0,0.0
2023-07-26 00:00:00+09:00,2731.0,2731.0,2683.0,2690.0,223300,0.0,0.0
2023-07-27 00:00:00+09:00,2759.0,2879.0,2747.0,2879.0,203200,0.0,0.0
2023-07-28 00:00:00+09:00,2800.0,2856.0,2760.0,2826.0,288900,0.0,0.0
2023-07-31 00:00:00+09:00,2850.0,2924.0,2838.0,2851.0,244100,0.0,0.0
2023-08-01 00:00:00+09:00,2960.0,2988.0,2871.0,2880.0,171000,0.0,0.0
2023-08-02 00:00:00+09:00,2855.0,2878.0,2802.0,2821.0,108800,0.0,0.0
2023-08-03 00:00:00+09:00,2801.0,2809.0,2726.0,2734.0,124000,0.0,0.0
2023-08-04 00:00:00+09:00,2700.0,2778.0,2700.0,2759.0,69100,0.0,0.0
2023-08-07 00:00:00+09:00,2717.0,2743.0,2704.0,2739.0,151300,0.0,0.0
2023-08-08 00:00:00+09:00,2753.0,2804.0,2750.0,2786.0,108500,0.0,0.0
2023-08-09 00:00:00+09:00,2811.0,2811.0,2736.0,2739.0,111500,0.0,0.0
2023-08-10 00:00:00+09:00,2750.0,2750.0,2702.0,2747.0,76100,0.0,0.0
2023-08-14 00:00:00+09:00,2718.0,2733.0,2652.0,2655.0,133000,0.0,0.0
2023-08-15 00:00:00+09:00,2673.0,2691.0,2656.0,2691.0,97500,0.0,0.0
2023-08-16 00:00:00+09:00,2651.0,2666.0,2613.0,2620.0,84000,0.0,0.0
2023-08-17 00:00:00+09:00,2615.0,2625.0,2550.0,2624.0,91500,0.0,0.0
2023-08-18 00:00:00+09:00,2609.0,2612.0,2587.0,2609.0,74900,0.0,0.0
2023-08-21 00:00:00+09:00,2619.0,2652.0,2594.0,2627.0,68300,0.0,0.0
2023-08-22 00:00:00+09:00,2649.0,2649.0,2604.0,2639.0,33400,0.0,0.0
2023-08-23 00:00:00+09:00,2645.0,2711.0,2630.0,2711.0,80100,0.0,0.0
2023-08-24 00:00:00+09:00,2698.0,2719.0,2684.0,2684.0,73300,0.0,0.0
2023-08-25 00:00:00+09:00,2653.0,2683.0,2651.0,2672.0,92300,0.0,0.0
2023-08-28 00:00:00+09:00,2717.0,2772.0,2703.0,2765.0,137800,0.0,0.0
2023-08-29 00:00:00+09:00,2772.0,2775.0,2734.0,2748.0,65500,0.0,0.0
2023-08-30 00:00:00+09:00,2768.0,2811.0,2750.0,2760.0,109300,0.0,0.0
2023-08-31 00:00:00+09:00,2768.0,2795.0,2756.0,2786.0,81400,0.0,0.0
2023-09-01 00:00:00+09:00,2757.0,2840.0,2757.0,2823.0,94500,0.0,0.0
2023-09-04 00:00:00+09:00,2825.0,2925.0,2824.0,2925.0,102100,0.0,0.0
2023-09-05 00:00:00+09:00,2943.0,2946.0,2871.0,2926.0,96100,0.0,0.0
2023-09-06 00:00:00+09:00,2940.0,2999.0,2940.0,2970.0,116000,0.0,0.0
2023-09-07 00:00:00+09:00,2931.0,2987.0,2919.0,2919.0,62600,0.0,0.0
2023-09-08 00:00:00+09:00,2890.0,2916.0,2848.0,2848.0,77300,0.0,0.0
2023-09-11 00:00:00+09:00,2848.0,2878.0,2832.0,2858.0,63100,0.0,0.0
2023-09-12 00:00:00+09:00,2888.0,2889.0,2838.0,2865.0,42900,0.0,0.0
2023-09-13 00:00:00+09:00,2841.0,2891.0,2841.0,2879.0,34200,0.0,0.0
2023-09-14 00:00:00+09:00,2879.0,2940.0,2879.0,2935.0,58500,0.0,0.0
2023-09-15 00:00:00+09:00,2955.0,2997.0,2937.0,2987.0,80900,0.0,0.0
2023-09-19 00:00:00+09:00,2980.0,3085.0,2979.0,3085.0,93300,0.0,0.0
2023-09-20 00:00:00+09:00,3065.0,3090.0,3005.0,3020.0,57200,0.0,0.0
2023-09-21 00:00:00+09:00,3020.0,3075.0,3015.0,3025.0,55200,0.0,0.0
2023-09-22 00:00:00+09:00,2990.0,3010.0,2951.0,3005.0,57700,0.0,0.0
2023-09-25 00:00:00+09:00,3005.0,3105.0,2983.0,3100.0,157300,0.0,0.0
2023-09-26 00:00:00+09:00,3055.0,3080.0,3025.0,3055.0,78600,0.0,0.0
2023-09-27 00:00:00+09:00,3050.0,3055.0,3005.0,3050.0,62700,0.0,0.0
2023-09-28 00:00:00+09:00,2994.0,3050.0,2972.0,2987.0,55100,0.0,0.0
2023-09-29 00:00:00+09:00,3015.0,3015.0,2934.0,2946.0,95300,0.0,0.0
2023-10-02 00:00:00+09:00,2946.0,2984.0,2903.0,2904.0,40400,0.0,0.0
2023-10-03 00:00:00+09:00,2880.0,2880.0,2774.0,2775.0,58400,0.0,0.0
2023-10-04 00:00:00+09:00,2724.0,2737.0,2637.0,2654.0,132900,0.0,0.0
2023-10-05 00:00:00+09:00,2699.0,2701.0,2645.0,2691.0,55000,0.0,0.0
2023-10-06 00:00:00+09:00,2685.0,2736.0,2675.0,2702.0,57600,0.0,0.0
2023-10-10 00:00:00+09:00,2730.0,2800.0,2730.0,2800.0,39800,0.0,0.0
2023-10-11 00:00:00+09:00,2820.0,2820.0,2767.0,2767.0,43700,0.0,0.0
2023-10-12 00:00:00+09:00,2773.0,2837.0,2765.0,2836.0,31700,0.0,0.0
2023-10-13 00:00:00+09:00,2779.0,2814.0,2749.0,2766.0,55800,0.0,0.0
2023-10-16 00:00:00+09:00,2747.0,2760.0,2720.0,2743.0,41500,0.0,0.0
2023-10-17 00:00:00+09:00,2800.0,2807.0,2737.0,2752.0,27600,0.0,0.0
2023-10-18 00:00:00+09:00,2752.0,2790.0,2727.0,2743.0,37700,0.0,0.0
2023-10-19 00:00:00+09:00,2709.0,2725.0,2693.0,2701.0,45400,0.0,0.0
2023-10-20 00:00:00+09:00,2665.0,2683.0,2633.0,2646.0,47700,0.0,0.0
2023-10-23 00:00:00+09:00,2616.0,2616.0,2572.0,2573.0,73400,0.0,0.0
2023-10-24 00:00:00+09:00,2586.0,2608.0,2516.0,2594.0,41700,0.0,0.0
2023-10-25 00:00:00+09:00,2629.0,2649.0,2590.0,2593.0,55100,0.0,0.0
2023-10-26 00:00:00+09:00,2603.0,2605.0,2531.0,2551.0,50200,0.0,0.0
2023-10-27 00:00:00+09:00,2600.0,2637.0,2591.0,2637.0,62600,0.0,0.0
2023-10-30 00:00:00+09:00,2643.0,2656.0,2596.0,2626.0,123000,0.0,0.0
2023-10-31 00:00:00+09:00,2622.0,2637.0,2468.0,2543.0,254400,0.0,0.0
2023-11-01 00:00:00+09:00,2450.0,2507.0,2424.0,2498.0,177800,0.0,0.0
2023-11-02 00:00:00+09:00,2500.0,2551.0,2443.0,2470.0,103200,0.0,0.0
2023-11-06 00:00:00+09:00,2500.0,2583.0,2471.0,2579.0,105000,0.0,0.0
2023-11-07 00:00:00+09:00,2546.0,2568.0,2521.0,2532.0,62900,0.0,0.0
2023-11-08 00:00:00+09:00,2565.0,2565.0,2428.0,2458.0,120500,0.0,0.0
2023-11-09 00:00:00+09:00,2457.0,2512.0,2457.0,2502.0,82100,0.0,0.0
2023-11-10 00:00:00+09:00,2498.0,2549.0,2469.0,2541.0,63100,0.0,0.0
2023-11-13 00:00:00+09:00,2550.0,2550.0,2497.0,2519.0,71000,0.0,0.0
2023-11-14 00:00:00+09:00,2520.0,2532.0,2499.0,2506.0,44300,0.0,0.0
2023-11-15 00:00:00+09:00,2528.0,2594.0,2515.0,2589.0,105100,0.0,0.0
2023-11-16 00:00:00+09:00,2574.0,2602.0,2541.0,2557.0,69400,0.0,0.0
2023-11-17 00:00:00+09:00,2580.0,2604.0,2566.0,2604.0,62000,0.0,0.0
2023-11-20 00:00:00+09:00,2604.0,2621.0,2562.0,2562.0,55100,0.0,0.0
2023-11-21 00:00:00+09:00,2557.0,2580.0,2547.0,2571.0,61200,0.0,0.0
2023-11-22 00:00:00+09:00,2571.0,2615.0,2558.0,2558.0,34100,0.0,0.0
2023-11-24 00:00:00+09:00,2577.0,2589.0,2559.0,2579.0,38600,0.0,0.0
2023-11-27 00:00:00+09:00,2585.0,2624.0,2573.0,2581.0,36800,0.0,0.0
2023-11-28 00:00:00+09:00,2596.0,2644.0,2587.0,2621.0,79400,0.0,0.0
2023-11-29 00:00:00+09:00,2618.0,2631.0,2595.0,2610.0,49400,0.0,0.0
2023-11-30 00:00:00+09:00,2593.0,2626.0,2593.0,2616.0,51900,0.0,0.0
2023-12-01 00:00:00+09:00,2646.0,2646.0,2587.0,2595.0,105000,0.0,0.0
2023-12-04 00:00:00+09:00,2591.0,2594.0,2527.0,2551.0,51700,0.0,0.0
2023-12-05 00:00:00+09:00,2544.0,2544.0,2482.0,2482.0,83900,0.0,0.0
2023-12-06 00:00:00+09:00,2460.0,2514.0,2452.0,2510.0,71500,0.0,0.0
2023-12-07 00:00:00+09:00,2480.0,2488.0,2448.0,2465.0,70700,0.0,0.0
2023-12-08 00:00:00+09:00,2469.0,2469.0,2395.0,2404.0,134600,0.0,0.0
2023-12-11 00:00:00+09:00,2439.0,2487.0,2439.0,2487.0,94100,0.0,0.0
2023-12-12 00:00:00+09:00,2514.0,2615.0,2494.0,2571.0,200800,0.0,0.0
2023-12-13 00:00:00+09:00,2568.0,2617.0,2568.0,2602.0,130700,0.0,0.0
2023-12-14 00:00:00+09:00,2630.0,2675.0,2625.0,2646.0,200500,0.0,0.0
2023-12-15 00:00:00+09:00,2672.0,2854.0,2672.0,2845.0,418400,0.0,0.0
2023-12-18 00:00:00+09:00,2821.0,2875.0,2773.0,2863.0,181300,0.0,0.0
2023-12-19 00:00:00+09:00,2720.0,2720.0,2573.0,2620.0,490100,0.0,0.0
2023-12-20 00:00:00+09:00,2646.0,2678.0,2583.0,2603.0,243700,0.0,0.0
2023-12-21 00:00:00+09:00,2573.0,2602.0,2569.0,2569.0,115000,0.0,0.0
2023-12-22 00:00:00+09:00,2577.0,2607.0,2577.0,2590.0,76300,0.0,0.0
2023-12-25 00:00:00+09:00,2589.0,2600.0,2571.0,2579.0,101800,0.0,0.0
2023-12-26 00:00:00+09:00,2579.0,2591.0,2564.0,2583.0,42200,0.0,0.0
2023-12-27 00:00:00+09:00,2599.0,2615.0,2587.0,2602.0,81400,0.0,0.0
2023-12-28 00:00:00+09:00,2602.0,2638.0,2598.0,2626.0,60500,0.0,0.0
2023-12-29 00:00:00+09:00,2626.0,2640.0,2610.0,2636.0,59800,0.0,0.0
2024-01-04 00:00:00+09:00,2623.0,2639.0,2582.0,2634.0,79600,0.0,0.0
2024-01-05 00:00:00+09:00,2640.0,2684.0,2640.0,2668.0,76400,0.0,0.0
2024-01-09 00:00:00+09:00,2689.0,2700.0,2626.0,2642.0,71800,0.0,0.0
2024-01-10 00:00:00+09:00,2641.0,2654.0,2630.0,2630.0,65100,0.0,0.0
2024-01-11 00:00:00+09:00,2665.0,2693.0,2621.0,2624.0,153900,0.0,0.0
2024-01-12 00:00:00+09:00,2652.0,2652.0,2556.0,2556.0,220600,0.0,0.0
2024-01-15 00:00:00+09:00,2506.0,2540.0,2496.0,2535.0,63300,0.0,0.0
2024-01-16 00:00:00+09:00,2533.0,2533.0,2476.0,2481.0,297800,0.0,0.0
2024-01-17 00:00:00+09:00,2500.0,2525.0,2476.0,2484.0,196200,0.0,0.0
2024-01-18 00:00:00+09:00,2478.0,2502.0,2461.0,2463.0,234300,0.0,0.0
2024-01-19 00:00:00+09:00,2479.0,2479.0,2430.0,2451.0,204400,0.0,0.0
2024-01-22 00:00:00+09:00,2474.0,2509.0,2472.0,2509.0,161800,0.0,0.0
2024-01-23 00:00:00+09:00,2531.0,2534.0,2504.0,2516.0,134500,0.0,0.0
2024-01-24 00:00:00+09:00,2511.0,2520.0,2501.0,2503.0,70300,0.0,0.0
2024-01-25 00:00:00+09:00,2500.0,2525.0,2484.0,2525.0,127600,0.0,0.0
2024-01-26 00:00:00+09:00,2516.0,2545.0,2507.0,2516.0,109900,0.0,0.0
2024-01-29 00:00:00+09:00,2537.0,2547.0,2525.0,2536.0,92000,0.0,0.0
2024-01-30 00:00:00+09:00,2549.0,2549.0,2520.0,2520.0,69800,0.0,0.0
2024-01-31 00:00:00+09:00,2518.0,2555.0,2511.0,2555.0,98500,0.0,0.0
2024-02-01 00:00:00+09:00,2537.0,2568.0,2526.0,2559.0,84200,0.0,0.0
2024-02-02 00:00:00+09:00,2559.0,2600.0,2135.0,2174.0,1169000,0.0,0.0
2024-02-05 00:00:00+09:00,2177.0,2248.0,2177.0,2212.0,643500,0.0,0.0
2024-02-06 00:00:00+09:00,2206.0,2206.0,2131.0,2146.0,486000,0.0,0.0
2024-02-07 00:00:00+09:00,2138.0,2219.0,2125.0,2209.0,320100,0.0,0.0
2024-02-08 00:00:00+09:00,2216.0,2216.0,2160.0,2160.0,262600,0.0,0.0
2024-02-09 00:00:00+09:00,2152.0,2205.0,2150.0,2161.0,155000,0.0,0.0
2024-02-13 00:00:00+09:00,2196.0,2225.0,2177.0,2224.0,223900,0.0,0.0
2024-02-14 00:00:00+09:00,2198.0,2198.0,2164.0,2165.0,200300,0.0,0.0
2024-02-15 00:00:00+09:00,2165.0,2180.0,2112.0,2129.0,227200,0.0,0.0
2024-02-16 00:00:00+09:00,2141.0,2186.0,2137.0,2163.0,130500,0.0,0.0
2024-02-19 00:00:00+09:00,2180.0,2230.0,2173.0,2230.0,169200,0.0,0.0
2024-02-20 00:00:00+09:00,2232.0,2255.0,2215.0,2223.0,155400,0.0,0.0
2024-02-21 00:00:00+09:00,2225.0,2236.0,2202.0,2228.0,102500,0.0,0.0
2024-02-22 00:00:00+09:00,2235.0,2248.0,2210.0,2222.0,123900,0.0,0.0
2024-02-26 00:00:00+09:00,2223.0,2232.0,2196.0,2203.0,159600,0.0,0.0
2024-02-27 00:00:00+09:00,2203.0,2234.0,2203.0,2225.0,95700,0.0,0.0
2024-02-28 00:00:00+09:00,2230.0,2230.0,2230.0,2230.0,98400,0.0,0.0
2024-02-29 00:00:00+09:00,2257.0,2257.0,2257.0,2257.0,222400,0.0,0.0
2024-03-01 00:00:00+09:00,2257.0,2270.0,2231.0,2265.0,94000,0.0,0.0
2024-03-04 00:00:00+09:00,2265.0,2279.0,2237.0,2248.0,119300,0.0,0.0
2024-03-05 00:00:00+09:00,2235.0,2243.0,2213.0,2236.0,158200,0.0,0.0
2024-03-06 00:00:00+09:00,2240.0,2278.0,2226.0,2275.0,146000,0.0,0.0
2024-03-07 00:00:00+09:00,2279.0,2297.0,2247.0,2263.0,167400,0.0,0.0
2024-03-08 00:00:00+09:00,2253.0,2320.0,2253.0,2319.0,127700,0.0,0.0
2024-03-11 00:00:00+09:00,2295.0,2295.0,2230.0,2254.0,166600,0.0,0.0
2024-03-12 00:00:00+09:00,2246.0,2246.0,2180.0,2221.0,142200,0.0,0.0
2024-03-13 00:00:00+09:00,2221.0,2230.0,2174.0,2174.0,209500,0.0,0.0
2024-03-14 00:00:00+09:00,2180.0,2209.0,2163.0,2206.0,129500,0.0,0.0
2024-03-15 00:00:00+09:00,2209.0,2260.0,2205.0,2248.0,240500,0.0,0.0
2024-03-18 00:00:00+09:00,2280.0,2294.0,2258.0,2288.0,117000,0.0,0.0
2024-03-19 00:00:00+09:00,2290.0,2339.0,2281.0,2313.0,136200,0.0,0.0
2024-03-21 00:00:00+09:00,2336.0,2337.0,2306.0,2323.0,104200,0.0,0.0
2024-03-22 00:00:00+09:00,2323.0,2329.0,2292.0,2312.0,95400,0.0,0.0
2024-03-25 00:00:00+09:00,2310.0,2312.0,2287.0,2287.0,122000,0.0,0.0
2024-03-26 00:00:00+09:00,2288.0,2290.0,2270.0,2282.0,34400,0.0,0.0
2024-03-27 00:00:00+09:00,2290.0,2305.0,2274.0,2282.0,135900,0.0,0.0
2024-03-28 00:00:00+09:00,2241.0,2249.0,2212.0,2225.0,167800,0.0,0.0
2024-03-29 00:00:00+09:00,2230.0,2258.0,2223.0,2253.0,43800,0.0,0.0
2024-04-01 00:00:00+09:00,2255.0,2260.0,2191.0,2202.0,110500,0.0,0.0
2024-04-02 00:00:00+09:00,2211.0,2211.0,2175.0,2185.0,112700,0.0,0.0
2024-04-03 00:00:00+09:00,2175.0,2175.0,2141.0,2164.0,119400,0.0,0.0
2024-04-04 00:00:00+09:00,2181.0,2181.0,2146.0,2146.0,148400,0.0,0.0
2024-04-05 00:00:00+09:00,2130.0,2149.0,2093.0,2129.0,130400,0.0,0.0
2024-04-08 00:00:00+09:00,2130.0,2133.0,2089.0,2115.0,186200,0.0,0.0
2024-04-09 00:00:00+09:00,2128.0,2165.0,2119.0,2156.0,97400,0.0,0.0
2024-04-10 00:00:00+09:00,2156.0,2173.0,2142.0,2163.0,43200,0.0,0.0
2024-04-11 00:00:00+09:00,2145.0,2175.0,2137.0,2156.0,49900,0.0,0.0
2024-04-12 00:00:00+09:00,2148.0,2167.0,2146.0,2146.0,70200,0.0,0.0
2024-04-15 00:00:00+09:00,2125.0,2140.0,2103.0,2118.0,65000,0.0,0.0
2024-04-16 00:00:00+09:00,2099.0,2099.0,2050.0,2050.0,151200,0.0,0.0
2024-04-17 00:00:00+09:00,2055.0,2059.0,2002.0,2012.0,127200,0.0,0.0
2024-04-18 00:00:00+09:00,2004.0,2049.0,2002.0,2035.0,115200,0.0,0.0
2024-04-19 00:00:00+09:00,2030.0,2030.0,1964.0,1967.0,186900,0.0,0.0
2024-04-22 00:00:00+09:00,2002.0,2038.0,1988.0,2020.0,122700,0.0,0.0
2024-04-23 00:00:00+09:00,2020.0,2047.0,2013.0,2043.0,73000,0.0,0.0
2024-04-24 00:00:00+09:00,2058.0,2060.0,2025.0,2052.0,89000,0.0,0.0
2024-04-25 00:00:00+09:00,2041.0,2053.0,2024.0,2026.0,83800,0.0,0.0
2024-04-26 00:00:00+09:00,2029.0,2059.0,2012.0,2034.0,141600,0.0,0.0
2024-04-30 00:00:00+09:00,2065.0,2224.0,2053.0,2144.0,665800,0.0,0.0
2024-05-01 00:00:00+09:00,2173.0,2225.0,2126.0,2184.0,353500,0.0,0.0
2024-05-02 00:00:00+09:00,2230.0,2279.0,2205.0,2232.0,331800,0.0,0.0
2024-05-07 00:00:00+09:00,2250.0,2255.0,2165.0,2178.0,175000,0.0,0.0
2024-05-08 00:00:00+09:00,2313.0,2313.0,2205.0,2227.0,269200,0.0,0.0
2024-05-09 00:00:00+09:00,2226.0,2249.0,2197.0,2233.0,149700,0.0,0.0
2024-05-10 00:00:00+09:00,2264.0,2264.0,2204.0,2226.0,118500,0.0,0.0
2024-05-13 00:00:00+09:00,2222.0,2229.0,2185.0,2217.0,96000,0.0,0.0
2024-05-14 00:00:00+09:00,2202.0,2220.0,2185.0,2219.0,70800,0.0,0.0
2024-05-15 00:00:00+09:00,2219.0,2255.0,2219.0,2224.0,122500,0.0,0.0
2024-05-16 00:00:00+09:00,2224.0,2225.0,2170.0,2185.0,105700,0.0,0.0
2024-05-17 00:00:00+09:00,2183.0,2207.0,2170.0,2203.0,56000,0.0,0.0
2024-05-20 00:00:00+09:00,2212.0,2279.0,2212.0,2266.0,87400,0.0,0.0
2024-05-21 00:00:00+09:00,2270.0,2290.0,2255.0,2256.0,80800,0.0,0.0
2024-05-22 00:00:00+09:00,2236.0,2244.0,2200.0,2200.0,133300,0.0,0.0
2024-05-23 00:00:00+09:00,2220.0,2228.0,2187.0,2224.0,71400,0.0,0.0
2024-05-24 00:00:00+09:00,2174.0,2222.0,2171.0,2212.0,91100,0.0,0.0
2024-05-27 00:00:00+09:00,2203.0,2244.0,2195.0,2244.0,79300,0.0,0.0
2024-05-28 00:00:00+09:00,2220.0,2245.0,2202.0,2203.0,80700,0.0,0.0
2024-05-29 00:00:00+09:00,2210.0,2212.0,2162.0,2162.0,67600,0.0,0.0
2024-05-30 00:00:00+09:00,2137.0,2168.0,2128.0,2157.0,66400,0.0,0.0
2024-05-31 00:00:00+09:00,2189.0,2205.0,2162.0,2205.0,104000,0.0,0.0
2024-06-03 00:00:00+09:00,2205.0,2205.0,2182.0,2187.0,56600,0.0,0.0
2024-06-04 00:00:00+09:00,2176.0,2195.0,2172.0,2192.0,134500,0.0,0.0
2024-06-05 00:00:00+09:00,2190.0,2195.0,2151.0,2164.0,150300,0.0,0.0
2024-06-06 00:00:00+09:00,2181.0,2183.0,2111.0,2118.0,122100,0.0,0.0
2024-06-07 00:00:00+09:00,2130.0,2136.0,2103.0,2105.0,63700,0.0,0.0
2024-06-10 00:00:00+09:00,2111.0,2158.0,2111.0,2152.0,93600,0.0,0.0
2024-06-11 00:00:00+09:00,2151.0,2166.0,2135.0,2141.0,43400,0.0,0.0
2024-06-12 00:00:00+09:00,2129.0,2134.0,2087.0,2087.0,57900,0.0,0.0
2024-06-13 00:00:00+09:00,2080.0,2085.0,2037.0,2058.0,87400,0.0,0.0
2024-06-14 00:00:00+09:00,2050.0,2145.0,2040.0,2137.0,139400,0.0,0.0
2024-06-17 00:00:00+09:00,2102.0,2102.0,2061.0,2081.0,122300,0.0,0.0
2024-06-18 00:00:00+09:00,2114.0,2125.0,2091.0,2095.0,51900,0.0,0.0
2024-06-19 00:00:00+09:00,2103.0,2127.0,2098.0,2110.0,57400,0.0,0.0
2024-06-20 00:00:00+09:00,2112.0,2124.0,2094.0,2118.0,41500,0.0,0.0
2024-06-21 00:00:00+09:00,2140.0,2146.0,2100.0,2110.0,98400,0.0,0.0
2024-06-24 00:00:00+09:00,2121.0,2128.0,2108.0,2114.0,54500,0.0,0.0
2024-06-25 00:00:00+09:00,2114.0,2137.0,2114.0,2134.0,38200,0.0,0.0
2024-06-26 00:00:00+09:00,2132.0,2147.0,2111.0,2139.0,42800,0.0,0.0
2024-06-27 00:00:00+09:00,2125.0,2148.0,2118.0,2134.0,51900,0.0,0.0
2024-06-28 00:00:00+09:00,2139.0,2145.0,2116.0,2128.0,38000,0.0,0.0
2024-07-01 00:00:00+09:00,2155.0,2167.0,2148.0,2167.0,56000,0.0,0.0
2024-07-02 00:00:00+09:00,2168.0,2171.0,2126.0,2136.0,72900,0.0,0.0
2024-07-03 00:00:00+09:00,2130.0,2148.0,2123.0,2140.0,50700,0.0,0.0
2024-07-04 00:00:00+09:00,2145.0,2157.0,2136.0,2150.0,31900,0.0,0.0
2024-07-05 00:00:00+09:00,2141.0,2156.0,2120.0,2125.0,59400,0.0,0.0
2024-07-08 00:00:00+09:00,2137.0,2137.0,2091.0,2091.0,85300,0.0,0.0
2024-07-09 00:00:00+09:00,2090.0,2100.0,2067.0,2076.0,78200,0.0,0.0
2024-07-10 00:00:00+09:00,2076.0,2087.0,2062.0,2077.0,70600,0.0,0.0
2024-07-11 00:00:00+09:00,2092.0,2106.0,2092.0,2098.0,62400,0.0,0.0
2024-07-12 00:00:00+09:00,2082.0,2142.0,2082.0,2137.0,90700,0.0,0.0
2024-07-16 00:00:00+09:00,2142.0,2142.0,2114.0,2117.0,61300,0.0,0.0
2024-07-17 00:00:00+09:00,2149.0,2171.0,2137.0,2142.0,71400,0.0,0.0
2024-07-18 00:00:00+09:00,2119.0,2134.0,2100.0,2100.0,75200,0.0,0.0
2024-07-19 00:00:00+09:00,2107.0,2107.0,2052.0,2059.0,66100,0.0,0.0
2024-07-22 00:00:00+09:00,2059.0,2059.0,2011.0,2016.0,75700,0.0,0.0
2024-07-23 00:00:00+09:00,2020.0,2047.0,2020.0,2027.0,49800,0.0,0.0
2024-07-24 00:00:00+09:00,2021.0,2021.0,1983.0,1985.0,112400,0.0,0.0
2024-07-25 00:00:00+09:00,1964.0,1984.0,1941.0,1941.0,113900,0.0,0.0
2024-07-26 00:00:00+09:00,1946.0,1960.0,1940.0,1943.0,69500,0.0,0.0
2024-07-29 00:00:00+09:00,1946.0,1977.0,1942.0,1975.0,76500,0.0,0.0
2024-07-30 00:00:00+09:00,1963.0,2135.0,1948.0,2104.0,337200,0.0,0.0
2024-07-31 00:00:00+09:00,2090.0,2139.0,2071.0,2139.0,147600,0.0,0.0
2024-08-01 00:00:00+09:00,2111.0,2113.0,2017.0,2022.0,99500,0.0,0.0
2024-08-02 00:00:00+09:00,1940.0,1941.0,1853.0,1853.0,180000,0.0,0.0
