Date,Open,High,Low,Close,Volume,Dividends,Stock Splits
2010-02-22 00:00:00+09:00,2577.8578160702655,2608.5988803164187,2486.512939453125,2486.512939453125,127200,0.0,0.0
2010-02-23 00:00:00+09:00,2503.201451508895,2610.356039959451,2486.513441832169,2585.76318359375,127300,0.0,0.0
2010-02-24 00:00:00+09:00,2539.212014855279,2542.725279490153,2503.201052347819,2529.550537109375,114100,0.0,0.0
2010-02-25 00:00:00+09:00,2555.9000278876083,2633.1918500367865,2547.116866279747,2592.789306640625,122500,0.0,0.0
2010-02-26 00:00:00+09:00,2678.8638979428774,2788.65340195693,2652.514416979505,2705.21337890625,385900,0.0,0.0
2010-03-01 00:00:00+09:00,2705.214105445218,2916.010009765625,2705.214105445218,2916.010009765625,284000,0.0,0.0
2010-03-02 00:00:00+09:00,2933.5751330433513,3003.8404056910963,2753.520371883505,2823.78564453125,245900,0.0,0.0
2010-03-03 00:00:00+09:00,2810.6128472222226,2815.004429796007,2740.3475260416667,2766.697021484375,110700,0.0,0.0
2010-03-04 00:00:00+09:00,2722.7805234531666,2735.9552679214885,2574.3450691100747,2627.92236328125,197100,0.0,0.0
2010-03-05 00:00:00+09:00,2627.921640917603,2705.2134538857676,2548.873195836525,2579.6142578125,193500,0.0,0.0
2010-03-08 00:00:00+09:00,2632.313638366146,2643.731748909609,2595.424358148802,2614.747314453125,109600,0.0,0.0
2010-03-09 00:00:00+09:00,2626.16562738186,2744.7383229325455,2617.3824647484757,2700.822509765625,118500,0.0,0.0
2010-03-10 00:00:00+09:00,2740.3459901657347,2788.6533714026305,2687.6470288163937,2749.129150390625,96400,0.0,0.0
2010-03-11 00:00:00+09:00,2749.129150390625,2775.4786310652953,2700.821769153729,2749.129150390625,87600,0.0,0.0
2010-03-12 00:00:00+09:00,2766.6964935497112,2788.654402228677,2718.389094455986,2757.913330078125,100900,0.0,0.0
2010-03-15 00:00:00+09:00,2766.696540314017,2775.4797039340615,2652.5154132534385,2713.99755859375,96800,0.0,0.0
2010-03-16 00:00:00+09:00,2696.4306176757814,2696.4306176757814,2628.8002731933593,2634.948486328125,67000,0.0,0.0
2010-03-17 00:00:00+09:00,2678.8646452091944,2687.647807980372,2612.9909244253618,2656.90673828125,71100,0.0,0.0
2010-03-18 00:00:00+09:00,2656.9074326447194,2678.8653453112047,2634.949519978234,2648.124267578125,86700,0.0,0.0
2010-03-19 00:00:00+09:00,2643.7320670418644,2779.87109375,2630.557322521722,2779.87109375,163100,0.0,0.0
2010-03-23 00:00:00+09:00,2779.8702111777407,2828.1775924146364,2731.5628299408445,2749.129150390625,120500,0.0,0.0
2010-03-24 00:00:00+09:00,2775.479536148513,2793.045862326668,2709.605812980431,2731.563720703125,50600,0.0,0.0
2010-03-25 00:00:00+09:00,2727.1722241131415,2727.1722241131415,2670.0816622557004,2696.43115234375,57700,0.0,0.0
2010-03-26 00:00:00+09:00,2713.997171804675,2731.5634965412746,2678.864522331475,2683.256103515625,49100,0.0,0.0
2010-03-29 00:00:00+09:00,2665.6318879738833,2758.157953506861,2665.6318879738833,2749.345947265625,71300,10.0,0.0
2010-03-30 00:00:00+09:00,2775.7817099750905,2788.999718117829,2709.691669261398,2736.127685546875,79200,0.0,0.0
2010-03-31 00:00:00+09:00,2736.128152286305,2736.128152286305,2696.47412109375,2696.47412109375,55600,0.0,0.0
2010-04-01 00:00:00+09:00,2709.6921362861362,2718.5041432334083,2678.8501119706843,2705.2861328125,37200,0.0,0.0
2010-04-02 00:00:00+09:00,2705.2861328125,2705.2861328125,2705.2861328125,2705.2861328125,0,0.0,0.0
2010-04-05 00:00:00+09:00,2784.5937982253085,2877.119857976466,2762.5637839988426,2855.08984375,290000,0.0,0.0
2010-04-06 00:00:00+09:00,2899.150335173502,2903.5563387223974,2758.158221608833,2793.40625,177500,0.0,0.0
2010-04-07 00:00:00+09:00,2802.2180440329917,2877.1200986690933,2780.1880279635498,2846.278076171875,125100,0.0,0.0
2010-04-08 00:00:00+09:00,2819.842327389985,2925.5864146671092,2811.0303201168913,2903.556396484375,181400,0.0,0.0
2010-04-09 00:00:00+09:00,2903.5564183803954,2960.834466087444,2890.3384073710763,2947.616455078125,177800,0.0,0.0
2010-04-12 00:00:00+09:00,2974.0519514924486,3000.4879688390483,2894.74389945265,2899.14990234375,182700,0.0,0.0
2010-04-13 00:00:00+09:00,2921.180392920147,2929.992400138609,2855.090338781682,2868.308349609375,84400,0.0,0.0
2010-04-14 00:00:00+09:00,2868.3083267568986,2881.5263374792803,2802.2182731449884,2824.248291015625,103000,0.0,0.0
2010-04-15 00:00:00+09:00,2850.68504826178,2855.091052973158,2793.4069870138615,2811.031005859375,75200,0.0,0.0
2010-04-16 00:00:00+09:00,2828.654044710974,2872.7140765600548,2802.218025601526,2815.43603515625,73700,0.0,0.0
2010-04-19 00:00:00+09:00,2766.969959748097,2797.811981592423,2718.5039254212993,2749.345947265625,55800,0.0,0.0
2010-04-20 00:00:00+09:00,2758.157705438654,2771.3757136116824,2718.5036809195676,2744.939697265625,40200,0.0,0.0
2010-04-21 00:00:00+09:00,2762.5641924458164,2766.9701959425406,2705.2861469884074,2731.72216796875,68300,0.0,0.0
2010-04-22 00:00:00+09:00,2740.5342074132495,2793.40625,2718.50418966877,2793.40625,58500,0.0,0.0
2010-04-23 00:00:00+09:00,2793.40625,2793.40625,2793.40625,2793.40625,0,0.0,0.0
2010-04-26 00:00:00+09:00,2925.5859256628787,2956.427945963542,2907.9619140625,2907.9619140625,99400,0.0,0.0
2010-04-27 00:00:00+09:00,2907.96240676926,2938.8044322956007,2894.7443958293998,2916.7744140625,61400,0.0,0.0
2010-04-28 00:00:00+09:00,2828.6543259482346,2916.7743984076815,2828.6543259482346,2885.932373046875,59100,0.0,0.0
2010-04-30 00:00:00+09:00,2934.39794038108,2934.39794038108,2903.5559199866843,2921.179931640625,50400,0.0,0.0
2010-05-06 00:00:00+09:00,2828.654769704312,2872.7148128461236,2771.3767136199567,2784.5947265625,83300,0.0,0.0
2010-05-07 00:00:00+09:00,2599.5417624080883,2642.7205916819853,2586.323753446691,2621.57177734375,172700,0.0,0.0
2010-05-10 00:00:00+09:00,2643.6020556478406,2696.4740967607972,2612.7600316652824,2652.4140625,69900,0.0,0.0
2010-05-11 00:00:00+09:00,2727.316220430455,2727.316220430455,2555.482080532575,2556.36328125,98100,0.0,0.0
2010-05-12 00:00:00+09:00,2581.9177069302264,2629.5025383890084,2540.501279549434,2555.481689453125,41300,0.0,0.0
2010-05-13 00:00:00+09:00,2590.7297925447165,2678.849853515625,2590.7297925447165,2678.849853515625,39900,0.0,0.0
2010-05-14 00:00:00+09:00,2652.4140686828905,2661.2260755555913,2553.7195917086433,2574.868408203125,117100,0.0,0.0
2010-05-17 00:00:00+09:00,2379.24181051078,2397.7470245925306,2134.268024095226,2145.7236328125,417900,0.0,0.0
2010-05-18 00:00:00+09:00,2169.5160355216995,2219.7444733871494,2014.4247186038203,2119.28759765625,334600,0.0,0.0
2010-05-19 00:00:00+09:00,2031.1679827750997,2125.4564748171542,1978.2959311627326,2070.822021484375,170900,0.0,0.0
2010-05-20 00:00:00+09:00,2044.3859906568593,2044.3859906568593,1978.2959263037283,1987.9891357421875,168000,0.0,0.0
2010-05-21 00:00:00+09:00,1811.7485946131583,1892.8190570180273,1785.3125742637444,1874.3138427734375,298500,0.0,0.0
2010-05-24 00:00:00+09:00,1884.8882480930638,1956.2655029296875,1824.0854013803844,1956.2655029296875,131200,0.0,0.0
2010-05-25 00:00:00+09:00,1918.3736114871774,1955.3840348599203,1805.5799402559608,1817.916748046875,123200,0.0,0.0
2010-05-26 00:00:00+09:00,1894.5815254798786,2153.6545340803827,1868.1455041941126,2140.4365234375,300600,0.0,0.0
2010-05-27 00:00:00+09:00,2140.4367870386095,2496.4419175300045,2053.197906051857,2432.1142578125,484400,0.0,0.0
2010-05-28 00:00:00+09:00,2568.7002097954187,2599.542236328125,2505.2537552138506,2599.542236328125,295500,0.0,0.0
2010-05-31 00:00:00+09:00,2555.481760072314,2758.157899664256,2521.114936402376,2665.6318359375,294700,0.0,0.0
2010-06-01 00:00:00+09:00,2643.6026154137503,2674.444645926911,2520.234493361109,2581.037353515625,201200,0.0,0.0
2010-06-02 00:00:00+09:00,2589.849067863089,2766.970422963627,2581.0370601466443,2687.662353515625,284900,0.0,0.0
2010-06-03 00:00:00+09:00,2696.474221425514,2916.7744029145265,2696.474221425514,2894.744384765625,270000,0.0,0.0
2010-06-04 00:00:00+09:00,2903.5557658172033,3057.7658596011215,2846.2777309831768,3044.5478515625,370600,0.0,0.0
2010-06-07 00:00:00+09:00,2907.9622035743914,2996.082270349373,2868.30817352565,2987.270263671875,160800,0.0,0.0
2010-06-08 00:00:00+09:00,2987.269752468331,3132.6678377654616,2938.8037240359536,2956.427734375,248700,0.0,0.0
2010-06-09 00:00:00+09:00,2969.6462503168786,3018.1122870431186,2749.3460833794247,2987.270263671875,171400,0.0,0.0
2010-06-10 00:00:00+09:00,2991.675969164299,3004.8939778645836,2877.1198937618374,2907.9619140625,57900,0.0,0.0
2010-06-11 00:00:00+09:00,2952.0226732987176,2987.270705218702,2872.714601478752,2877.12060546875,84000,0.0,0.0
2010-06-14 00:00:00+09:00,2863.9020783136198,2863.9020783136198,2811.030039944753,2828.654052734375,66300,0.0,0.0
2010-06-15 00:00:00+09:00,2797.812269570861,2828.654294589752,2758.158237403715,2824.248291015625,73400,0.0,0.0
2010-06-16 00:00:00+09:00,2863.902387476679,3026.9245233791976,2855.0903801305967,2952.0224609375,94700,0.0,0.0
2010-06-17 00:00:00+09:00,2890.338381135845,3013.706482769692,2863.9023593571633,2894.744384765625,50200,0.0,0.0
2010-06-18 00:00:00+09:00,2925.586387292311,2938.80439807827,2806.6242902186777,2850.684326171875,37800,0.0,0.0
2010-06-21 00:00:00+09:00,2872.7143926919844,2965.240469757217,2859.4963816826653,2947.616455078125,76900,0.0,0.0
2010-06-22 00:00:00+09:00,2907.9621786700036,2960.8342182821857,2846.2781324557914,2943.210205078125,116400,0.0,0.0
2010-06-23 00:00:00+09:00,2925.5867343527107,3119.4509155447577,2912.3687219987073,3088.60888671875,211700,0.0,0.0
2010-06-24 00:00:00+09:00,3088.60888671875,3088.60888671875,3088.60888671875,3088.60888671875,0,0.0,0.0
2010-06-25 00:00:00+09:00,3348.5622872081713,3445.4943534168287,3282.472242065905,3397.0283203125,252400,0.0,0.0
2010-06-28 00:00:00+09:00,3374.9988853236605,3555.6450397600443,3084.20263671875,3084.20263671875,296300,0.0,0.0
2010-06-29 00:00:00+09:00,3123.856270262011,3251.630363121811,2943.210138977466,3238.412353515625,218000,0.0,0.0
2010-06-30 00:00:00+09:00,3172.32185291891,3392.6219815938343,3141.4798349044204,3273.659912109375,166200,0.0,0.0
2010-07-01 00:00:00+09:00,3181.1339412540583,3247.2239815848216,2982.8638202617694,3053.35986328125,120300,0.0,0.0
2010-07-02 00:00:00+09:00,3101.8265272244353,3330.938713894422,3079.7965092753984,3317.720703125,121000,0.0,0.0
2010-07-05 00:00:00+09:00,3278.0662026921173,3370.5922648648784,3264.848193810294,3339.750244140625,80900,0.0,0.0
2010-07-06 00:00:00+09:00,3278.066675289735,3388.2167651852237,3234.0066393315396,3326.53271484375,60700,0.0,0.0
2010-07-07 00:00:00+09:00,3322.1266906574647,3445.494790575779,3278.0666549723524,3286.878662109375,79600,0.0,0.0
2010-07-08 00:00:00+09:00,3401.434750136509,3410.246757261215,3269.254643265919,3278.066650390625,40600,0.0,0.0
2010-07-09 00:00:00+09:00,3278.0666007520745,3339.7506496909577,3185.54052734375,3185.54052734375,31000,0.0,0.0
2010-07-12 00:00:00+09:00,3154.6984981796118,3322.1266307645633,3141.480487712379,3176.728515625,47600,0.0,0.0
2010-07-13 00:00:00+09:00,3211.976784198729,3251.630818571553,3141.4807230914867,3163.5107421875,37000,0.0,0.0
2010-07-14 00:00:00+09:00,3269.254643265919,3308.9086753270963,3225.194607642389,3278.066650390625,39500,0.0,0.0
2010-07-15 00:00:00+09:00,3247.224876984417,3304.502927731767,3225.194857466205,3300.096923828125,22600,0.0,0.0
2010-07-16 00:00:00+09:00,3282.4726788855546,3348.562732822848,3242.818646523179,3326.53271484375,51100,0.0,0.0
2010-07-21 00:00:00+09:00,3410.246435546875,3419.0584418402777,3128.262234157986,3172.322265625,112800,0.0,0.0
2010-07-22 00:00:00+09:00,3172.3222381161972,3216.3822692011445,3062.1721604038294,3128.26220703125,77100,0.0,0.0
2010-07-23 00:00:00+09:00,3207.570309813446,3234.0063288503698,3128.262252702674,3203.164306640625,30100,0.0,0.0
2010-07-26 00:00:00+09:00,3203.164306640625,3203.164306640625,3203.164306640625,3203.164306640625,0,0.0,0.0
2010-07-27 00:00:00+09:00,3256.0368592635446,3304.502901823624,3207.5708167034645,3242.81884765625,22900,0.0,0.0
2010-07-28 00:00:00+09:00,3304.5026554019673,3304.5026554019673,3207.5705775101765,3247.224609375,29500,0.0,0.0
2010-07-29 00:00:00+09:00,3242.81884765625,3282.472882478133,3211.9768205725627,3242.81884765625,31200,0.0,0.0
2010-07-30 00:00:00+09:00,3207.569810730318,3225.1938206793857,3137.073770934047,3189.94580078125,27200,0.0,0.0
2010-08-02 00:00:00+09:00,3172.322726971358,3172.322726971358,3106.2326701594548,3115.044677734375,21700,0.0,0.0
2010-08-03 00:00:00+09:00,3123.8563404197466,3154.6983635268525,2899.1501720679735,2943.210205078125,69800,0.0,0.0
2010-08-04 00:00:00+09:00,2899.1499170731995,2969.645963688961,2833.0598733709226,2921.179931640625,59600,0.0,0.0
2010-08-05 00:00:00+09:00,2943.210335811492,2969.646356791835,2709.692150485131,2731.72216796875,66100,0.0,0.0
2010-08-06 00:00:00+09:00,2740.5337697723767,2890.3378665123455,2700.8797441647375,2855.08984375,102100,0.0,0.0
2010-08-09 00:00:00+09:00,2859.496030959839,2934.3980841590956,2758.157958984375,2758.157958984375,48700,0.0,0.0
2010-08-10 00:00:00+09:00,2766.97045703748,2846.278527462121,2753.7524453000397,2762.564453125,51500,0.0,0.0
2010-08-11 00:00:00+09:00,2797.8119387571837,2811.0299479166665,2656.8198410560344,2683.255859375,63800,0.0,0.0
2010-08-12 00:00:00+09:00,2696.474020221276,2960.8342182821857,2648.0079839101095,2943.210205078125,221900,0.0,0.0
2010-08-13 00:00:00+09:00,2991.6765576171874,3119.4506668526783,2907.962486049107,3084.20263671875,149600,0.0,0.0
2010-08-16 00:00:00+09:00,2996.082490981072,3040.1425276131467,2912.3684213801303,2938.804443359375,56900,0.0,0.0
2010-08-17 00:00:00+09:00,2916.7743984076815,2965.240438260377,2859.496351309041,2885.932373046875,49100,0.0,0.0
2010-08-18 00:00:00+09:00,2885.932373046875,2885.932373046875,2885.932373046875,2885.932373046875,0,0.0,0.0
2010-08-19 00:00:00+09:00,2837.466324344758,2907.962382092454,2837.466324344758,2868.308349609375,36700,0.0,0.0
2010-08-20 00:00:00+09:00,2850.684335172451,2890.33836765553,2802.21829547091,2868.308349609375,30400,0.0,0.0
2010-08-23 00:00:00+09:00,2855.090027830471,2868.3080372185755,2758.157958984375,2758.157958984375,30700,0.0,0.0
2010-08-24 00:00:00+09:00,2762.563981042654,2811.0300157977886,2696.4739336492894,2789.0,31800,0.0,0.0
2010-08-25 00:00:00+09:00,2705.286128025429,2758.1581696155026,2643.6020795036766,2696.47412109375,44200,0.0,0.0
2010-08-26 00:00:00+09:00,2692.0679536148023,2828.654052734375,2652.413924838152,2828.654052734375,45600,0.0,0.0
2010-08-27 00:00:00+09:00,2775.7822358044164,2819.8422712933757,2731.7222003154575,2793.40625,35100,0.0,0.0
2010-08-30 00:00:00+09:00,2881.52589077935,2925.5859196903493,2872.71388499715,2899.14990234375,46100,0.0,0.0
2010-08-31 00:00:00+09:00,2859.4958908518333,3013.705992823812,2837.465876284408,2921.179931640625,80500,0.0,0.0
2010-09-01 00:00:00+09:00,2837.4660591291863,2877.120087905836,2775.782014365508,2828.654052734375,33900,0.0,0.0
2010-09-02 00:00:00+09:00,2952.0221338884,2952.0221338884,2793.4060192317097,2815.43603515625,22900,0.0,0.0
2010-09-03 00:00:00+09:00,2806.624299080141,2881.526360437068,2802.21829547091,2868.308349609375,15400,0.0,0.0
2010-09-06 00:00:00+09:00,2877.1199054028616,2947.6159520896085,2859.495893731175,2925.5859375,14100,0.0,0.0
2010-09-07 00:00:00+09:00,2890.3383744266057,2934.3984106221333,2863.902352709289,2881.5263671875,19600,0.0,0.0
2010-09-08 00:00:00+09:00,2819.8418209876545,2877.119857976466,2784.5937982253085,2855.08984375,8500,0.0,0.0
2010-09-09 00:00:00+09:00,2859.496366656439,2916.7744140625,2846.2783557165785,2916.7744140625,10100,0.0,0.0
2010-09-10 00:00:00+09:00,2916.7739198626896,2943.209937263258,2885.9318995620265,2907.9619140625,14400,0.0,0.0
2010-09-13 00:00:00+09:00,2916.7744694199673,3079.7966074389083,2916.7744694199673,3031.33056640625,60600,0.0,0.0
2010-09-14 00:00:00+09:00,3035.735951825607,3216.3820679719784,3031.3299489927685,3198.758056640625,108300,0.0,0.0
2010-09-16 00:00:00+09:00,3211.976318359375,3225.1943278999483,3115.044248395169,3211.976318359375,49700,0.0,0.0
2010-09-17 00:00:00+09:00,3216.3824352491115,3410.24658203125,3211.976431913154,3410.24658203125,161500,0.0,0.0
2010-09-21 00:00:00+09:00,3370.5927778937826,3397.028799681185,3330.938745212679,3379.40478515625,121900,0.0,0.0
2010-09-22 00:00:00+09:00,3348.562564607188,3502.772682714098,3335.3445544837386,3463.11865234375,138700,0.0,0.0
2010-09-24 00:00:00+09:00,3392.6220511391525,3454.306088432592,3322.1260085180793,3366.18603515625,93900,0.0,0.0
2010-09-27 00:00:00+09:00,3366.186737995173,3445.4948025029125,3308.90869140625,3308.90869140625,61500,0.0,0.0
2010-09-28 00:00:00+09:00,3308.9086126512098,3454.500591607863,3308.9086126512098,3419.20556640625,95700,5.0,0.0
2010-09-29 00:00:00+09:00,3467.7357903975476,3551.5614647201346,3450.0882800138447,3485.38330078125,128000,0.0,0.0
2010-09-30 00:00:00+09:00,3503.0308446116014,3608.9159079247984,3441.264557678903,3560.38525390625,100900,0.0,0.0
2010-10-01 00:00:00+09:00,3525.09071931016,3547.150110544892,3450.0887891120715,3476.56005859375,72000,0.0,0.0
2010-10-04 00:00:00+09:00,3520.6787109375,3525.0905890213817,3397.146124588816,3436.85302734375,68800,0.0,0.0
2010-10-05 00:00:00+09:00,3397.1466467059695,3485.3842219450858,3335.380344038588,3344.2041015625,73300,0.0,0.0
2010-10-06 00:00:00+09:00,3397.1462628802014,3480.9719498863365,3379.4987498262785,3472.148193359375,65200,0.0,0.0
2010-10-07 00:00:00+09:00,3472.148193359375,3472.148193359375,3472.148193359375,3472.148193359375,0,0.0,0.0
2010-10-08 00:00:00+09:00,3379.4986375884814,3441.2649312258686,3348.615490769788,3428.029296875,50100,0.0,0.0
2010-10-12 00:00:00+09:00,3441.26506223517,3525.0907496485906,3370.6750096764995,3383.91064453125,28400,0.0,0.0
2010-10-13 00:00:00+09:00,3375.0862300733806,3410.381249472841,3264.7892944500677,3269.201171875,57900,0.0,0.0
2010-10-14 00:00:00+09:00,3300.0849348958336,3353.0274739583333,3300.0849348958336,3308.90869140625,44200,0.0,0.0
2010-10-15 00:00:00+09:00,3273.6139436781978,3273.6139436781978,3189.7882497026108,3216.259521484375,72600,0.0,0.0
2010-10-18 00:00:00+09:00,3194.1997832216757,3295.672980754961,3194.1997832216757,3251.55419921875,36800,0.0,0.0
2010-10-19 00:00:00+09:00,3203.023396924516,3242.7302985392826,3119.197715737786,3132.433349609375,81000,0.0,0.0
2010-10-20 00:00:00+09:00,3132.433126260946,3220.670679113367,3110.373738047841,3211.846923828125,43200,0.0,0.0
2010-10-21 00:00:00+09:00,3211.8473790486655,3405.970022837321,3211.8473790486655,3388.322509765625,105400,0.0,0.0
2010-10-22 00:00:00+09:00,3383.9105150999135,3569.209395978918,3375.08675886758,3511.85498046875,181700,0.0,0.0
2010-10-25 00:00:00+09:00,3507.4439734539,3507.4439734539,3428.0301476398495,3467.737060546875,79200,0.0,0.0
2010-10-26 00:00:00+09:00,3458.9129908738937,3529.5030519121365,3428.0298391696624,3489.796142578125,89200,0.0,0.0
2010-10-27 00:00:00+09:00,3494.2074686293436,3520.6787373310813,3414.7936625241314,3428.029296875,38500,0.0,0.0
2010-10-28 00:00:00+09:00,3432.441704644097,3476.560492621528,3401.558553059896,3414.794189453125,27000,0.0,0.0
2010-10-29 00:00:00+09:00,3370.6744832871836,3485.38330078125,3286.8488089645966,3485.38330078125,79100,0.0,0.0
2010-11-01 00:00:00+09:00,3370.6748833550346,3485.3837144639756,3114.7859524197047,3176.55224609375,228600,0.0,0.0
2010-11-02 00:00:00+09:00,3176.552261150881,3176.552261150881,3000.0771355313877,3004.489013671875,181500,0.0,0.0
2010-11-04 00:00:00+09:00,3044.19630252744,3070.6675747233307,3026.5487877301794,3039.784423828125,72300,0.0,0.0
2010-11-05 00:00:00+09:00,3088.3142952967173,3097.1380504261365,3053.01927477904,3057.43115234375,68800,0.0,0.0
2010-11-08 00:00:00+09:00,3088.3146194391375,3092.7264974669074,3017.7245709948143,3030.960205078125,80500,0.0,0.0
2010-11-09 00:00:00+09:00,3013.313075939034,3194.200098067146,3008.9011973505435,3145.66943359375,78100,0.0,0.0
2010-11-10 00:00:00+09:00,3145.668996275564,3163.316508176128,3105.962094499295,3128.021484375,41300,0.0,0.0
2010-11-11 00:00:00+09:00,3119.197438249684,3119.197438249684,3048.607397214331,3057.43115234375,85400,0.0,0.0
2010-11-12 00:00:00+09:00,3044.195788061912,3079.4908116916154,3044.195788061912,3048.607666015625,46600,0.0,0.0
2010-11-15 00:00:00+09:00,3066.255281019075,3114.785940143118,3061.8434029168893,3097.138427734375,17800,0.0,0.0
2010-11-16 00:00:00+09:00,3101.54999910217,3150.080653426671,3075.078733106988,3119.197509765625,48500,0.0,0.0
2010-11-17 00:00:00+09:00,3105.9622087969406,3194.1997715468533,3079.4909399719663,3172.140380859375,117700,0.0,0.0
2010-11-18 00:00:00+09:00,3264.789818832555,3454.5005785755275,3203.0235249627494,3423.617431640625,273600,0.0,0.0
2010-11-19 00:00:00+09:00,3485.3837783101926,3498.6194129113705,3353.0274322984133,3405.969970703125,95900,0.0,0.0
2010-11-22 00:00:00+09:00,3414.794011982892,3419.205890551345,3353.027712024545,3392.734619140625,66900,0.0,0.0
2010-11-24 00:00:00+09:00,3282.4371047247023,3405.969683934772,3255.9658377511164,3335.379638671875,66600,0.0,0.0
2010-11-25 00:00:00+09:00,3414.793495029791,3463.324151935899,3383.910349725904,3401.557861328125,99100,0.0,0.0
2010-11-26 00:00:00+09:00,3458.9127976674254,3476.5603119412385,3379.498983435265,3392.734619140625,52600,0.0,0.0
2010-11-29 00:00:00+09:00,3419.2051368423654,3485.38330078125,3410.3813816505144,3485.38330078125,53800,0.0,0.0
2010-11-30 00:00:00+09:00,3489.7953223512886,3551.561611242462,3489.7953223512886,3520.678466796875,141700,0.0,0.0
2010-12-01 00:00:00+09:00,3503.0312362033555,3600.092555090602,3503.0312362033555,3591.268798828125,175800,0.0,0.0
2010-12-02 00:00:00+09:00,3617.739950151586,3626.5637061275656,3529.5023903917913,3547.14990234375,95300,0.0,0.0
2010-12-03 00:00:00+09:00,3573.6216756742297,3591.2691901220037,3516.267253718964,3542.738525390625,45900,0.0,0.0
2010-12-06 00:00:00+09:00,3538.3267290548315,3600.093031058282,3538.3267290548315,3595.68115234375,23800,0.0,0.0
2010-12-07 00:00:00+09:00,3600.0921652062652,3600.0921652062652,3542.737755711558,3555.973388671875,30800,0.0,0.0
2010-12-08 00:00:00+09:00,3573.6208951271187,3688.329713983051,3564.7971398305085,3644.2109375,95500,0.0,0.0
2010-12-09 00:00:00+09:00,3670.682552720049,3670.682552720049,3582.4449913565863,3608.916259765625,47000,0.0,0.0
2010-12-10 00:00:00+09:00,3630.9759163313997,3705.9778489895207,3608.9165243731286,3683.91845703125,97200,0.0,0.0
2010-12-13 00:00:00+09:00,3705.9776284661093,3758.920166015625,3688.3301159496036,3758.920166015625,67000,0.0,0.0
2010-12-14 00:00:00+09:00,3754.509092439059,3935.396134495465,3745.6853342899662,3891.27734375,168900,0.0,0.0
2010-12-15 00:00:00+09:00,3882.453178510274,3882.453178510274,3803.039363495291,3864.8056640625,78600,0.0,0.0
2010-12-16 00:00:00+09:00,3864.8061457896392,3944.219970703125,3816.275475009176,3944.219970703125,51900,0.0,0.0
2010-12-17 00:00:00+09:00,3926.571395210598,4067.7514903192937,3913.3357612941577,4058.927734375,165400,0.0,0.0
2010-12-20 00:00:00+09:00,4063.3398087546734,4080.987321496279,3855.9815340408086,3908.924072265625,155800,0.0,0.0
2010-12-21 00:00:00+09:00,3926.5715850072306,4005.9853923444557,3878.0409249678155,3908.924072265625,57100,0.0,0.0
2010-12-22 00:00:00+09:00,3873.6298890579583,3939.808076228652,3763.3329104401346,3794.216064453125,107300,0.0,0.0
2010-12-24 00:00:00+09:00,3732.4493940154184,3736.8612727317486,3661.859334554134,3675.094970703125,172500,0.0,0.0
2010-12-27 00:00:00+09:00,3705.9775904605262,3719.2132247121713,3648.623175370066,3688.330078125,121500,0.0,0.0
2010-12-28 00:00:00+09:00,3705.977753429878,3838.3341017666594,3688.330240318307,3798.627197265625,136400,0.0,0.0
2010-12-29 00:00:00+09:00,3794.2150496994495,3864.8050971357184,3736.860636157481,3807.45068359375,90600,0.0,0.0
2010-12-30 00:00:00+09:00,3838.334392390839,3904.5125715699915,3767.744334599743,3864.8056640625,121900,0.0,0.0
2011-01-04 00:00:00+09:00,3926.5709107935627,3992.7490722114317,3895.687768798557,3975.1015625,175800,0.0,0.0
2011-01-05 00:00:00+09:00,3970.6905215478027,3979.5142782623534,3913.336102903223,3939.807373046875,138800,0.0,0.0
2011-01-06 00:00:00+09:00,3970.6906417915725,3983.926277264211,3882.453071973982,3900.1005859375,137900,0.0,0.0
2011-01-07 00:00:00+09:00,3900.101101899093,3926.572376346372,3886.8654646754535,3891.27734375,106000,0.0,0.0
2011-01-11 00:00:00+09:00,3891.2761793870195,3997.1612454927886,3891.2761793870195,3957.454345703125,147300,0.0,0.0
2011-01-12 00:00:00+09:00,3953.041795123318,3961.8655491302898,3917.7467790954315,3935.394287109375,119300,0.0,0.0
2011-01-13 00:00:00+09:00,3935.396884569878,4023.634482878619,3917.7493649081293,3961.8681640625,178200,0.0,0.0
2011-01-14 00:00:00+09:00,3953.0423980747455,3979.5136641332815,3878.040477575559,3895.68798828125,120900,0.0,0.0
2011-01-17 00:00:00+09:00,3930.983727743459,3992.7500264958817,3886.8649429203,3983.92626953125,120600,0.0,0.0
2011-01-18 00:00:00+09:00,4019.2211834778313,4072.1637237651353,3930.9836163323243,3939.807373046875,163500,0.0,0.0
2011-01-19 00:00:00+09:00,3988.3376868206524,4058.9277343750005,3975.102052904212,4058.927734375,139000,0.0,0.0
2011-01-20 00:00:00+09:00,4076.5759557845745,4191.284803025266,4019.221532164229,4147.166015625,377500,0.0,0.0
2011-01-21 00:00:00+09:00,4164.814023653315,4173.637782178004,3926.572543486706,3992.750732421875,197200,0.0,0.0
2011-01-24 00:00:00+09:00,3970.6901749320655,4103.046514096468,3908.923883322011,4058.927734375,134700,0.0,0.0
2011-01-25 00:00:00+09:00,4094.221122875548,4116.2805039255245,3992.747970045659,4023.631103515625,83800,0.0,0.0
2011-01-26 00:00:00+09:00,4023.631103515625,4023.631103515625,4023.631103515625,4023.631103515625,0,0.0,0.0
2011-01-27 00:00:00+09:00,3961.8655609918633,3997.1605771254212,3922.1586678416106,3930.982421875,51200,0.0,0.0
2011-01-28 00:00:00+09:00,3930.9829506588426,3970.6898491503457,3803.0384999639978,3829.509765625,125300,0.0,0.0
2011-01-31 00:00:00+09:00,3763.332850588152,3922.1604972718255,3728.0378179917802,3891.27734375,79100,0.0,0.0
2011-02-01 00:00:00+09:00,3900.100467831397,3957.4548864759768,3882.4529544022957,3939.807373046875,48500,0.0,0.0
2011-02-02 00:00:00+09:00,3979.5137344751606,4032.456267528045,3948.630590194311,3957.454345703125,75400,0.0,0.0
2011-02-03 00:00:00+09:00,3966.278551432292,4010.397333984375,3961.8666731770836,3970.6904296875,50500,0.0,0.0
2011-02-04 00:00:00+09:00,3979.513709351537,3997.161220257752,3944.218687539106,3966.278076171875,41800,0.0,0.0
2011-02-07 00:00:00+09:00,3966.2788310913506,3970.690709657637,3851.5699883679076,3878.041259765625,113800,0.0,0.0
2011-02-08 00:00:00+09:00,3908.92302508846,3957.453672126804,3891.2755170745163,3935.394287109375,140700,0.0,0.0
2011-02-09 00:00:00+09:00,3913.3357547481532,3930.9832666072202,3767.7437819108486,3807.45068359375,208900,0.0,0.0
2011-02-10 00:00:00+09:00,3772.15538511885,3803.038528622747,3710.389098111056,3732.448486328125,178000,0.0,0.0
2011-02-14 00:00:00+09:00,3608.9158851166476,3855.9810312860027,3555.973353794643,3829.509765625,599000,0.0,0.0
2011-02-15 00:00:00+09:00,3847.157790430791,3926.5715980314267,3820.6865212305793,3904.51220703125,223000,0.0,0.0
2011-02-16 00:00:00+09:00,3900.101464628648,4041.281608144617,3886.8658261740256,4005.986572265625,305100,0.0,0.0
2011-02-17 00:00:00+09:00,4032.4563786281356,4111.870180395429,3944.21882110892,4089.810791015625,295200,0.0,0.0
2011-02-18 00:00:00+09:00,4058.927077756959,4125.105236633432,4036.8676914648017,4120.693359375,234200,0.0,0.0
2011-02-21 00:00:00+09:00,4089.811008887955,4226.579230328653,4058.9278621110234,4182.46044921875,395900,0.0,0.0
2011-02-22 00:00:00+09:00,4226.579358713754,4261.874384673785,4133.929915568671,4222.16748046875,535000,0.0,0.0
2011-02-23 00:00:00+09:00,4186.872353164641,4208.931743855708,4160.40108433536,4173.63671875,220300,0.0,0.0
2011-02-24 00:00:00+09:00,4147.165089142628,4173.63635566907,4036.868145282452,4129.517578125,261600,0.0,0.0
2011-02-25 00:00:00+09:00,4129.516877948113,4217.754418075209,4094.2218618972747,4208.9306640625,154600,0.0,0.0
2011-02-28 00:00:00+09:00,4261.8739730992265,4283.933362193943,4195.695805815078,4279.521484375,142400,0.0,0.0
2011-03-01 00:00:00+09:00,4297.169708806818,4394.231036931818,4266.286558948864,4367.759765625,241500,0.0,0.0
2011-03-02 00:00:00+09:00,4297.168787769842,4376.58258466908,4239.8143788981715,4266.28564453125,229800,0.0,0.0
2011-03-03 00:00:00+09:00,4160.40063045577,4266.285694221347,4147.1649974850725,4248.63818359375,18400,0.0,0.0
2011-03-04 00:00:00+09:00,4292.757428481766,4292.757428481766,4164.812962473573,4173.63671875,12100,0.0,0.0
2011-03-07 00:00:00+09:00,4155.98974609375,4200.108533207272,4116.28283769158,4155.98974609375,9800,0.0,0.0
2011-03-08 00:00:00+09:00,4111.871039496528,4111.871039496528,3975.102796766493,4050.104736328125,8700,0.0,0.0
2011-03-09 00:00:00+09:00,4111.869604858137,4138.340868408726,4098.633973082842,4120.693359375,7100,0.0,0.0
2011-03-10 00:00:00+09:00,4080.986833150408,4142.753120354847,3975.10176937137,3988.33740234375,8800,0.0,0.0
2011-03-11 00:00:00+09:00,3957.455006318934,3970.6906417915725,3900.1005859375,3900.1005859375,9000,0.0,0.0
2011-03-14 00:00:00+09:00,3467.7365628639363,3683.918613220594,3405.9702627620345,3551.562255859375,14800,0.0,0.0
2011-03-15 00:00:00+09:00,3392.7344379453475,3392.7344379453475,2933.8990913311522,2960.370361328125,11200,0.0,0.0
2011-03-16 00:00:00+09:00,2964.7821875,3388.3225,2964.7821875,3308.90869140625,14600,0.0,0.0
2011-03-17 00:00:00+09:00,3000.0770970394738,3229.494757401316,3000.0770970394738,3185.3759765625,11800,0.0,0.0
2011-03-18 00:00:00+09:00,3238.3184773867088,3476.559891254396,3238.3184773867088,3450.088623046875,13900,0.0,0.0
2011-03-22 00:00:00+09:00,3697.1538342927633,3697.1538342927633,3555.973735608553,3688.330078125,6900,0.0,0.0
2011-03-23 00:00:00+09:00,3697.1540922062127,3697.1540922062127,3622.1521595480913,3683.91845703125,5400,0.0,0.0
2011-03-24 00:00:00+09:00,3635.387074980346,3635.387074980346,3507.442626953125,3507.442626953125,14700,0.0,0.0
2011-03-25 00:00:00+09:00,3511.8558526657916,3573.6221616322755,3428.0301476398495,3467.737060546875,5000,0.0,0.0
2011-03-28 00:00:00+09:00,3445.6766235837895,3445.6766235837895,3308.908409331424,3322.14404296875,8200,0.0,0.0
2011-03-29 00:00:00+09:00,3304.4501582158077,3450.429884080763,3304.4501582158077,3406.193603515625,8300,10.0,0.0
2011-03-30 00:00:00+09:00,3428.3113412521593,3574.291049976445,3415.0404586408604,3521.20751953125,9100,0.0,0.0
2011-03-31 00:00:00+09:00,3583.137952854639,3706.99951171875,3530.054427627163,3706.99951171875,15000,0.0,0.0
2011-04-01 00:00:00+09:00,3760.0827026367188,3804.3189697265625,3715.846435546875,3715.846435546875,4900,0.0,0.0
2011-04-04 00:00:00+09:00,3720.2705266155067,3768.9304264880043,3591.985336042558,3618.527099609375,7000,0.0,0.0
2011-04-05 00:00:00+09:00,3618.5271635656095,3618.5271635656095,3512.360107421875,3512.360107421875,4300,0.0,0.0
2011-04-06 00:00:00+09:00,3538.9019657258063,3538.9019657258063,3428.311279296875,3428.311279296875,7500,0.0,0.0
2011-04-07 00:00:00+09:00,3485.818542403695,3538.902073506289,3472.5476596280464,3516.783935546875,3300,0.0,0.0
2011-04-08 00:00:00+09:00,3578.714550899335,3658.33984375,3578.714550899335,3658.33984375,7200,0.0,0.0
2011-04-11 00:00:00+09:00,3609.6798997961955,3662.763427734375,3609.6798997961955,3662.763427734375,2100,0.0,0.0
2011-04-12 00:00:00+09:00,3711.4243844839243,3711.4243844839243,3640.6463270920976,3680.458984375,3800,0.0,0.0
2011-04-13 00:00:00+09:00,3689.305230163285,3755.6596407777324,3689.305230163285,3733.54150390625,8300,0.0,0.0
2011-04-14 00:00:00+09:00,3724.694048645092,3729.11767578125,3680.4577772835114,3729.11767578125,3000,0.0,0.0
2011-04-15 00:00:00+09:00,3742.3897845928486,3760.084298940805,3653.917212853065,3680.458984375,2000,0.0,0.0
2011-04-18 00:00:00+09:00,3715.846794372776,3746.8121843258823,3706.99954010046,3729.11767578125,2600,0.0,0.0
2011-04-19 00:00:00+09:00,3706.9991821289063,3715.846435546875,3684.8810485839845,3715.846435546875,2200,0.0,0.0
2011-04-20 00:00:00+09:00,3715.8467230395736,3795.47200996185,3715.8467230395736,3786.624755859375,4200,0.0,0.0
2011-04-21 00:00:00+09:00,3830.8611887819557,3839.7084432595125,3711.423253334943,3720.2705078125,5900,0.0,0.0
2011-04-22 00:00:00+09:00,3711.424093660902,3737.965863103054,3684.88232421875,3684.88232421875,2900,0.0,0.0
2011-04-25 00:00:00+09:00,3724.6939626479293,3768.9302329881657,3724.6939626479293,3737.96484375,900,0.0,0.0
2011-04-26 00:00:00+09:00,3764.5076125919118,3786.6257536764706,3729.1185868566176,3760.083984375,1600,0.0,0.0
2011-04-27 00:00:00+09:00,3782.2011724576746,3782.2011724576746,3649.4923593889844,3706.99951171875,29900,0.0,0.0
2011-04-28 00:00:00+09:00,3671.610803252649,3706.999823043036,3600.832763671875,3600.832763671875,5500,0.0,0.0
2011-05-02 00:00:00+09:00,3627.374528514665,3653.9162933574553,3587.56188125048,3600.832763671875,7100,0.0,0.0
2011-05-06 00:00:00+09:00,3415.0408596286525,3415.0408596286525,3317.721042385349,3406.193603515625,25200,0.0,0.0
2011-05-09 00:00:00+09:00,3406.1927422329804,3423.88724998484,3384.0746075431557,3419.463623046875,7300,0.0,0.0
2011-05-10 00:00:00+09:00,3432.7355494619205,3459.277319174255,3330.992098897972,3339.83935546875,8700,0.0,0.0
2011-05-11 00:00:00+09:00,3375.22808534763,3379.651713244547,3295.602783203125,3295.602783203125,9600,0.0,0.0
2011-05-12 00:00:00+09:00,3282.331185800058,3344.261962890625,3185.011393229167,3344.261962890625,15000,0.0,0.0
2011-05-13 00:00:00+09:00,3282.3316650390625,3282.3316650390625,3162.893720354353,3220.40087890625,9100,0.0,0.0
2011-05-16 00:00:00+09:00,3215.977432437819,3291.1791055484696,3185.012037627551,3251.366455078125,6300,0.0,0.0
2011-05-17 00:00:00+09:00,3251.3656550932697,3353.10907015061,3251.3656550932697,3308.872802734375,6000,0.0,0.0
2011-05-18 00:00:00+09:00,3330.9913956491573,3366.380414460835,3326.5677682976975,3361.956787109375,4500,0.0,0.0
2011-05-19 00:00:00+09:00,3361.9569434392033,3361.9569434392033,3229.248116724498,3246.942626953125,3800,0.0,0.0
2011-05-20 00:00:00+09:00,3295.602458797089,3313.2969686429797,3229.248046875,3229.248046875,2600,0.0,0.0
2011-05-23 00:00:00+09:00,3185.012382925072,3185.012382925072,3047.879905326909,3069.998046875,5800,0.0,0.0
2011-05-24 00:00:00+09:00,2981.5249641692894,3083.268397664681,2981.5249641692894,3074.421142578125,2600,0.0,0.0
2011-05-25 00:00:00+09:00,3069.997523304987,3069.997523304987,2999.219482421875,2999.219482421875,4800,0.0,0.0
2011-05-26 00:00:00+09:00,2977.1011726625507,3030.1847002583168,2977.1011726625507,3016.913818359375,1600,0.0,0.0
2011-05-27 00:00:00+09:00,3074.4210824124157,3140.775494263043,3047.8793176721642,3105.386474609375,4000,0.0,0.0
2011-05-30 00:00:00+09:00,3105.386187050155,3167.316965709275,3030.184527249795,3034.608154296875,6300,0.0,0.0
2011-05-31 00:00:00+09:00,3052.3029350578868,3056.7265625,3021.337542963097,3056.7265625,1900,0.0,0.0
2011-06-01 00:00:00+09:00,3096.5391332452946,3131.928151910955,3039.031977913596,3114.233642578125,4200,0.0,0.0
2011-06-02 00:00:00+09:00,3069.99756690492,3123.0810983211436,3043.4558011968084,3118.657470703125,2000,0.0,0.0
2011-06-03 00:00:00+09:00,3114.2339161160057,3114.2339161160057,3012.490478515625,3012.490478515625,4800,0.0,0.0
2011-06-06 00:00:00+09:00,2950.559372441978,2950.559372441978,2870.93408203125,2870.93408203125,8700,0.0,0.0
2011-06-07 00:00:00+09:00,2835.544993413881,2870.9340104923695,2711.6834336391717,2853.239501953125,8500,0.0,0.0
2011-06-08 00:00:00+09:00,2862.08642578125,2862.08642578125,2831.121039412674,2862.08642578125,5100,0.0,0.0
2011-06-09 00:00:00+09:00,2804.5797634548608,2848.8160373263886,2764.767116970486,2786.88525390625,3900,0.0,0.0
2011-06-10 00:00:00+09:00,2795.7322786661466,2862.0866840142357,2795.7322786661466,2835.544921875,9800,0.0,0.0
2011-06-13 00:00:00+09:00,2791.308693710165,2932.864760586116,2773.6141853506706,2906.322998046875,3700,0.0,0.0
2011-06-14 00:00:00+09:00,2924.0179419849537,3016.914124710648,2924.0179419849537,2985.94873046875,6000,0.0,0.0
2011-06-15 00:00:00+09:00,2985.948371887207,3003.64288075765,2972.677490234375,2972.677490234375,3500,0.0,0.0
2011-06-16 00:00:00+09:00,2977.101493527536,3039.0322823973515,2954.9833546454597,2959.406982421875,3500,0.0,0.0
2011-06-17 00:00:00+09:00,2959.4062871273763,2990.3716742871547,2879.781005859375,2879.781005859375,2800,0.0,0.0
2011-06-20 00:00:00+09:00,2893.0522619176795,2893.0522619176795,2848.815988799672,2866.510498046875,1600,0.0,0.0
2011-06-21 00:00:00+09:00,2831.12109375,2835.5447204589846,2813.4265869140627,2831.12109375,1900,0.0,0.0
2011-06-22 00:00:00+09:00,2831.1216346153847,2875.35791015625,2822.2743795072115,2875.35791015625,2100,0.0,0.0
2011-06-23 00:00:00+09:00,2875.3586460167253,2884.2059033890846,2826.69873046875,2826.69873046875,2000,0.0,0.0
2011-06-24 00:00:00+09:00,2813.4272024013935,2826.6980854315884,2786.885436341003,2817.850830078125,2300,0.0,0.0
2011-06-27 00:00:00+09:00,2879.780975247315,2906.3227353878433,2857.662841796875,2857.662841796875,3000,0.0,0.0
2011-06-28 00:00:00+09:00,2875.3586460167253,2875.3586460167253,2813.4278444102115,2826.69873046875,4200,0.0,0.0
2011-06-29 00:00:00+09:00,2831.12109375,2831.12109375,2822.2738403320313,2831.12109375,2600,0.0,0.0
2011-06-30 00:00:00+09:00,2782.46229320804,2786.885921655112,2667.4479535841783,2671.87158203125,31300,0.0,0.0
2011-07-01 00:00:00+09:00,2680.7178133787065,2693.9886936429575,2583.3980247741993,2595.7841796875,10200,0.0,0.0
2011-07-04 00:00:00+09:00,2628.519857301817,2644.444918705867,2572.7821423876417,2576.321044921875,5700,0.0,0.0
2011-07-05 00:00:00+09:00,2613.478866102067,2651.5220588042976,2576.3203988115165,2642.6748046875,4900,0.0,0.0
2011-07-06 00:00:00+09:00,2671.87062649836,2702.8360145538045,2623.210730982661,2629.40380859375,3800,0.0,0.0
2011-07-07 00:00:00+09:00,2676.294219470415,2702.835980324667,2658.599712234247,2698.412353515625,3500,0.0,0.0
2011-07-08 00:00:00+09:00,2707.2599390933387,2733.801703202097,2680.718174984581,2689.5654296875,2900,0.0,0.0
2011-07-11 00:00:00+09:00,2685.1421778150825,2698.4130617252067,2671.8712939049587,2676.294921875,900,0.0,0.0
2011-07-12 00:00:00+09:00,2637.3667852228336,2638.2515107462227,2569.242919921875,2569.242919921875,4400,0.0,0.0
2011-07-13 00:00:00+09:00,2563.049727701654,2582.5136883538585,2548.009394470405,2555.971923828125,3200,0.0,0.0
2011-07-14 00:00:00+09:00,2568.3580449912756,2623.211024250476,2568.3580449912756,2614.36376953125,1700,0.0,0.0
2011-07-15 00:00:00+09:00,2601.0924281156,2680.717706527302,2601.0924281156,2647.09814453125,2400,0.0,0.0
2011-07-19 00:00:00+09:00,2653.2908386929726,2702.83544921875,2652.4061135050124,2702.83544921875,1700,0.0,0.0
2011-07-20 00:00:00+09:00,2724.954861797864,2813.4274222458466,2724.954861797864,2795.73291015625,4500,0.0,0.0
2011-07-21 00:00:00+09:00,2804.5795749797853,2906.322998046875,2795.732320800038,2906.322998046875,4800,0.0,0.0
2011-07-22 00:00:00+09:00,2959.406860172836,3030.184901671738,2897.4760738612968,3021.337646484375,6100,0.0,0.0
2011-07-25 00:00:00+09:00,3105.386129007711,3127.504263829703,3047.8789784705314,3065.573486328125,5000,0.0,0.0
2011-07-26 00:00:00+09:00,3030.184738902444,3123.0809133797457,3030.184738902444,3087.69189453125,2700,0.0,0.0
2011-07-27 00:00:00+09:00,3087.692015887701,3087.692015887701,3025.76123046875,3025.76123046875,1700,0.0,0.0
2011-07-28 00:00:00+09:00,2994.795846799123,3083.268397664681,2994.795846799123,3074.421142578125,1900,0.0,0.0
2011-07-29 00:00:00+09:00,3078.8446005544356,3078.8446005544356,2985.9484272618447,3016.913818359375,1300,0.0,0.0
2011-08-01 00:00:00+09:00,3052.3029246610754,3061.1501795151653,3008.066650390625,3008.066650390625,1300,0.0,0.0
2011-08-02 00:00:00+09:00,2946.136221370342,2946.136221370342,2817.8510105298915,2848.81640625,1400,0.0,0.0
2011-08-03 00:00:00+09:00,2773.614431806782,2778.0380592897272,2742.6490394261637,2755.919921875,1600,0.0,0.0
2011-08-04 00:00:00+09:00,2729.3782008713943,2888.6287928185093,2729.3782008713943,2875.35791015625,1900,0.0,0.0
2011-08-05 00:00:00+09:00,2813.426815257353,2813.426815257353,2702.8361385569856,2782.46142578125,2200,0.0,0.0
2011-08-08 00:00:00+09:00,2720.531201575413,2786.885621126033,2676.294921875,2676.294921875,2400,0.0,0.0
2011-08-09 00:00:00+09:00,2525.8914230118935,2680.7183928987874,2525.8914230118935,2667.447509765625,1500,0.0,0.0
2011-08-10 00:00:00+09:00,2786.885503724564,2822.274525994082,2663.02392578125,2663.02392578125,1300,0.0,0.0
2011-08-11 00:00:00+09:00,2671.87158203125,2671.87158203125,2667.4479535841783,2671.87158203125,300,0.0,0.0
2011-08-12 00:00:00+09:00,2738.2255299450153,2738.2255299450153,2570.127678349037,2580.744384765625,800,0.0,0.0
2011-08-15 00:00:00+09:00,2339.2140698766675,2556.856528722984,2339.2140698766675,2553.317626953125,1600,0.0,0.0
2011-08-16 00:00:00+09:00,2593.130842605919,2609.940629712542,2511.736083984375,2511.736083984375,1300,0.0,0.0
2011-08-17 00:00:00+09:00,2497.579538396164,2537.392177159121,2497.579538396164,2523.236572265625,1800,0.0,0.0
2011-08-18 00:00:00+09:00,2521.468078764733,2546.2403967315445,2494.926309514578,2495.81103515625,300,0.0,0.0
2011-08-19 00:00:00+09:00,2471.9225203772908,2471.9225203772908,2389.64306640625,2389.64306640625,500,0.0,0.0
2011-08-22 00:00:00+09:00,2371.0639035765207,2371.0639035765207,2318.865108684351,2326.82763671875,1300,0.0,0.0
2011-08-23 00:00:00+09:00,2371.0641584403647,2371.0641584403647,2230.392814712,2316.211181640625,2800,0.0,0.0
2011-08-24 00:00:00+09:00,2404.6849333269097,2404.6849333269097,2331.252685546875,2331.252685546875,800,0.0,0.0
2011-08-25 00:00:00+09:00,2388.7585964495006,2388.7585964495006,2322.40419099257,2368.409912109375,1400,0.0,0.0
2011-08-26 00:00:00+09:00,2416.1854767650207,2517.044189453125,2416.1854767650207,2517.044189453125,500,0.0,0.0
2011-08-29 00:00:00+09:00,2629.404354625208,2663.02392578125,2624.09600128478,2663.02392578125,2100,0.0,0.0
2011-08-30 00:00:00+09:00,2676.295074936031,2751.4967547276224,2676.295074936031,2739.110595703125,1300,0.0,0.0
2011-08-31 00:00:00+09:00,2742.649317395255,2742.649317395255,2671.8712704947325,2708.14501953125,500,0.0,0.0
2011-09-01 00:00:00+09:00,2689.565692483389,2689.565692483389,2648.868316873443,2663.02392578125,1100,0.0,0.0
2011-09-02 00:00:00+09:00,2625.8659779274126,2658.600830078125,2625.8659779274126,2658.600830078125,900,0.0,0.0
2011-09-05 00:00:00+09:00,2586.937109375,2595.7843635110294,2548.0091911764707,2556.8564453125,1400,0.0,0.0
2011-09-06 00:00:00+09:00,2477.2310257655395,2477.2310257655395,2413.5307993887113,2419.723876953125,1100,0.0,0.0
2011-09-07 00:00:00+09:00,2416.1853060493117,2426.8020118979357,2390.5282669151375,2410.876953125,1200,0.0,0.0
2011-09-08 00:00:00+09:00,2396.721742432043,2450.6900061043775,2335.6756736879265,2349.49951171875,1200,0.0,0.0
2011-09-09 00:00:00+09:00,2331.2515728819376,2355.13916015625,2331.2515728819376,2355.13916015625,4800,0.0,0.0
2011-09-12 00:00:00+09:00,2428.570563384841,2428.570563384841,2402.02880859375,2402.02880859375,200,0.0,0.0
2011-09-13 00:00:00+09:00,2357.7937528118077,2429.456527287514,2357.7937528118077,2396.7216796875,800,0.0,0.0
2011-09-14 00:00:00+09:00,2369.29474241169,2405.568485667433,2327.712646484375,2327.712646484375,800,0.0,0.0
2011-09-15 00:00:00+09:00,2353.369588690532,2353.369588690532,2333.0209042770425,2352.48486328125,300,0.0,0.0
2011-09-16 00:00:00+09:00,2397.6057427945043,2442.7267364780905,2397.6057427945043,2419.723876953125,1000,0.0,0.0
2011-09-20 00:00:00+09:00,2425.032470703125,2425.032470703125,2425.032470703125,2425.032470703125,100,0.0,0.0
2011-09-21 00:00:00+09:00,2469.2695798596546,2469.2695798596546,2362.217763606334,2372.83447265625,800,0.0,0.0
2011-09-22 00:00:00+09:00,2317.9803955078123,2317.9803955078123,2273.7441284179686,2300.285888671875,800,0.0,0.0
2011-09-26 00:00:00+09:00,2256.049950985112,2256.049950985112,2038.407485125372,2081.759033203125,1000,0.0,0.0
2011-09-27 00:00:00+09:00,2039.2922406662065,2062.2951032507276,1965.8600254925425,1966.7447509765625,2100,0.0,0.0
2011-09-28 00:00:00+09:00,1971.1786289523666,2027.9287109375,1925.9559073704636,2027.9287109375,3100,5.0,0.0
2011-09-29 00:00:00+09:00,2020.8343399491052,2136.99462890625,2020.8343399491052,2136.99462890625,900,0.0,0.0
2011-09-30 00:00:00+09:00,2042.1162109375,2042.1162109375,2042.1162109375,2042.1162109375,200,0.0,0.0
2011-10-03 00:00:00+09:00,2035.9092992123753,2035.9092992123753,1955.2177721094458,1956.1044921875,1100,0.0,0.0
2011-10-04 00:00:00+09:00,1867.4321300660629,1885.166528262322,1817.775815116538,1866.54541015625,2900,0.0,0.0
2011-10-05 00:00:00+09:00,1872.7527152448656,1872.7527152448656,1683.88134765625,1683.88134765625,3800,0.0,0.0
2011-10-06 00:00:00+09:00,1719.3498510730274,1816.8890380859375,1719.3498510730274,1816.8890380859375,1400,0.0,0.0
2011-10-07 00:00:00+09:00,1754.818832236163,1773.439951729321,1667.0335546255617,1677.6741943359375,26500,0.0,0.0
2011-10-11 00:00:00+09:00,1713.1431910121478,1808.022239375657,1702.502550074184,1792.947998046875,23300,0.0,0.0
2011-10-12 00:00:00+09:00,1862.111743107679,1919.74853515625,1810.6819902028003,1919.74853515625,84000,0.0,0.0
2011-10-13 00:00:00+09:00,2003.9872892137982,2110.3936939508144,1994.233368779572,2014.6279296875,157800,0.0,0.0
2011-10-14 00:00:00+09:00,2003.1001872902564,2083.7916954989387,1877.1859656898948,1932.16259765625,121900,0.0,0.0
2011-10-17 00:00:00+09:00,1989.7996366137331,1993.3465165363957,1819.549400325927,1847.0377197265625,139200,0.0,0.0
2011-10-18 00:00:00+09:00,1862.1114877554087,1963.1975399478451,1835.5098950731885,1936.595947265625,124800,0.0,0.0
2011-10-19 00:00:00+09:00,1995.1196946492755,1998.6665741064296,1917.0883465918816,1942.80322265625,117400,0.0,0.0
2011-10-20 00:00:00+09:00,1932.162989875684,1987.1396330020227,1907.3348284637889,1914.4285888671875,118400,0.0,0.0
2011-10-21 00:00:00+09:00,1914.4283471034532,1924.1822664263518,1849.6977915969446,1912.6549072265625,83800,0.0,0.0
2011-10-24 00:00:00+09:00,1924.1824568314985,1963.1981379838423,1924.1824568314985,1950.7840576171875,80500,0.0,0.0
2011-10-25 00:00:00+09:00,1950.784152611754,1950.784152611754,1884.2801474090804,1886.9403076171875,79800,0.0,0.0
2011-10-26 00:00:00+09:00,1845.264093956361,1902.0141670045143,1800.928099387491,1896.69384765625,68200,0.0,0.0
2011-10-27 00:00:00+09:00,1879.8461351526496,1928.61572828161,1862.9984575262815,1924.18212890625,77400,0.0,0.0
2011-10-28 00:00:00+09:00,1976.4988728047747,1986.2527927692665,1909.994873046875,1909.994873046875,105100,0.0,0.0
2011-10-31 00:00:00+09:00,1946.3499777011548,1986.2523690435476,1927.7288617413717,1944.5765380859375,97500,0.0,0.0
2011-11-01 00:00:00+09:00,1958.7642236577594,1967.6314224973148,1899.3539914327391,1909.10791015625,88700,0.0,0.0
2011-11-02 00:00:00+09:00,1845.2642958489016,1851.471335767663,1810.6822163015172,1835.5103759765625,65400,0.0,0.0
2011-11-04 00:00:00+09:00,1818.662554393783,1880.7329487416937,1818.662554393783,1851.47119140625,61400,0.0,0.0
2011-11-07 00:00:00+09:00,1825.756535608543,1893.1472576611166,1777.873654150135,1864.772216796875,87000,0.0,0.0
2011-11-08 00:00:00+09:00,1827.529676669164,1835.510155606584,1808.9085591485177,1816.8890380859375,49900,0.0,0.0
2011-11-09 00:00:00+09:00,1813.3421540480965,1862.1117474332532,1806.2483950102555,1820.4359130859375,78700,0.0,0.0
2011-11-10 00:00:00+09:00,1773.4401537024455,1810.682396930197,1751.272151781165,1794.721435546875,59700,0.0,0.0
2011-11-11 00:00:00+09:00,1806.248616359545,1849.697895790874,1755.7055770210598,1835.5103759765625,64200,0.0,0.0
2011-11-14 00:00:00+09:00,1822.2093084766373,1900.2406559929118,1822.2093084766373,1855.9046630859375,65800,0.0,0.0
2011-11-15 00:00:00+09:00,1843.4909719738328,1844.3776920180724,1822.2096909120858,1839.944091796875,21000,0.0,0.0
2011-11-16 00:00:00+09:00,1855.9047427468456,1904.6743370378522,1845.2641039924442,1888.71337890625,69100,0.0,0.0
2011-11-17 00:00:00+09:00,1876.2995034075798,1917.9753430390335,1855.9049435879322,1917.088623046875,78900,0.0,0.0
2011-11-18 00:00:00+09:00,1884.2795983079204,1920.6351105576261,1802.7013756988244,1836.396728515625,101200,0.0,0.0
2011-11-21 00:00:00+09:00,1847.9244976240334,1869.2057778269973,1775.2134569305733,1806.2486572265625,43400,0.0,0.0
2011-11-22 00:00:00+09:00,1787.6272340091973,1874.5257801068667,1786.7405141510578,1855.9046630859375,57800,0.0,0.0
2011-11-24 00:00:00+09:00,1842.603923881714,1853.244562518182,1795.6077699039802,1809.7952880859375,40500,0.0,0.0
2011-11-25 00:00:00+09:00,1796.4948703984066,1839.9441540358803,1784.9675094333625,1798.268310546875,47300,0.0,0.0
2011-11-28 00:00:00+09:00,1825.7560657583158,1894.9202100658188,1825.7560657583158,1857.677978515625,61700,0.0,0.0
2011-11-29 00:00:00+09:00,1887.826380477595,1918.861572265625,1876.2990235277553,1918.861572265625,74000,0.0,0.0
2011-11-30 00:00:00+09:00,1941.0295714930307,2033.248427333723,1921.5217366036536,2020.8343505859375,106000,0.0,0.0
2011-12-01 00:00:00+09:00,1995.1196674837754,2035.022060833451,1957.877433690745,1964.08447265625,59300,0.0,0.0
2011-12-02 00:00:00+09:00,1988.0261242452448,1995.1198838322039,1958.764365949039,1987.139404296875,55100,0.0,0.0
2011-12-05 00:00:00+09:00,2012.8540421385626,2012.8540421385626,1952.557092858641,1981.81884765625,53900,0.0,0.0
2011-12-06 00:00:00+09:00,1977.3850809733074,1977.3850809733074,1910.881098429362,1915.314697265625,49900,0.0,0.0
2011-12-07 00:00:00+09:00,1936.5964997022143,1979.1590601352298,1916.2019394947274,1977.3856201171875,42500,0.0,0.0
2011-12-08 00:00:00+09:00,1994.2333002885896,1994.2333002885896,1936.5964997022143,1977.3856201171875,29000,0.0,0.0
2011-12-09 00:00:00+09:00,1977.3854860578265,1990.6862852913994,1953.4440474373955,1986.252685546875,40500,0.0,0.0
2011-12-12 00:00:00+09:00,2022.6083027691636,2090.8857421875,2019.9481427918258,2090.8857421875,94000,0.0,0.0
2011-12-13 00:00:00+09:00,2052.7565184521077,2114.8269099387803,2052.7565184521077,2110.393310546875,39400,0.0,0.0
2011-12-14 00:00:00+09:00,2101.525907040253,2105.9595060002534,2066.943835152249,2077.58447265625,56300,0.0,0.0
2011-12-15 00:00:00+09:00,2033.2488306206596,2063.397308702257,1995.1198730468748,1995.119873046875,55100,0.0,0.0
2011-12-16 00:00:00+09:00,1995.1196753460426,2011.9673526045203,1933.049285446388,1957.87744140625,44900,0.0,0.0
2011-12-19 00:00:00+09:00,1933.0493197706132,1957.8774761713369,1879.8461274833487,1930.38916015625,29100,0.0,0.0
2011-12-20 00:00:00+09:00,1912.6549143771247,1933.0494730376133,1906.447874784802,1907.3345947265625,13300,0.0,0.0
2011-12-21 00:00:00+09:00,1934.8230304328763,1944.5769503846461,1906.4479905731823,1911.768310546875,36700,0.0,0.0
2011-12-22 00:00:00+09:00,1910.8813544726472,1931.2759118521697,1879.8461584603303,1905.56103515625,24000,0.0,0.0
2011-12-26 00:00:00+09:00,1906.448016914886,1925.9558570879685,1881.619856694599,1893.147216796875,16300,0.0,0.0
2011-12-27 00:00:00+09:00,1888.7136849615006,1896.6941653204926,1845.264403006987,1846.151123046875,32700,0.0,0.0
2011-12-28 00:00:00+09:00,1902.2841246496862,1906.7391225996855,1888.9191307996884,1895.1561279296875,25700,10.0,0.0
2011-12-29 00:00:00+09:00,1888.9186278952855,1897.8286214230934,1865.7526447229848,1896.9376220703125,16700,0.0,0.0
2011-12-30 00:00:00+09:00,1896.9380540808133,1933.4690358644268,1896.9380540808133,1929.0140380859375,13200,0.0,0.0
2012-01-04 00:00:00+09:00,1942.3789311462879,1942.3789311462879,1908.520949777683,1939.7059326171875,24500,0.0,0.0
2012-01-05 00:00:00+09:00,1942.3789289227052,1950.3979245008265,1854.1699775633713,1861.2979736328125,91800,0.0,0.0
2012-01-06 00:00:00+09:00,1861.2980540220012,1871.0990490407862,1847.0420612674047,1865.7530517578125,38300,0.0,0.0
2012-01-10 00:00:00+09:00,1866.6435638255318,1896.9375405176884,1853.278574108404,1892.4825439453125,33700,0.0,0.0
2012-01-11 00:00:00+09:00,1905.8480146084612,1905.8480146084612,1824.7670565302144,1828.3310546875,45700,0.0,0.0
2012-01-12 00:00:00+09:00,1810.5109780419946,1818.5299735156057,1790.9089891065005,1811.4019775390625,54900,0.0,0.0
2012-01-13 00:00:00+09:00,1798.9279845801118,1814.0749760302663,1793.5819875977043,1811.4019775390625,28500,0.0,0.0
2012-01-16 00:00:00+09:00,1781.9990948932927,1826.549072265625,1764.1791039443597,1826.549072265625,35300,0.0,0.0
2012-01-17 00:00:00+09:00,1813.1838448609649,1829.2218346435188,1807.8378482667802,1825.6578369140625,9800,0.0,0.0
2012-01-18 00:00:00+09:00,1835.4592203386665,1888.9191976300838,1835.4592203386665,1862.189208984375,49200,0.0,0.0
2012-01-19 00:00:00+09:00,1898.719950514786,1966.4359130859375,1897.828951007271,1966.4359130859375,69700,0.0,0.0
2012-01-20 00:00:00+09:00,1978.018668568494,1991.383659572335,1961.0896799636284,1978.90966796875,63500,0.0,0.0
2012-01-23 00:00:00+09:00,1969.1089372193687,2002.9669189453125,1969.1089372193687,2002.9669189453125,51000,0.0,0.0
2012-01-24 00:00:00+09:00,2017.2230441289544,2049.2990289295917,1897.8291007043608,2027.9150390625,61600,0.0,0.0
2012-01-25 00:00:00+09:00,2063.5553631960047,2089.3943552222067,2044.8443689701342,2082.266357421875,64900,0.0,0.0
2012-01-26 00:00:00+09:00,2064.445911487333,2065.336911017539,1993.165949070852,2000.2939453125,75800,0.0,0.0
2012-01-27 00:00:00+09:00,2004.74778156982,2062.662717481837,2004.74778156982,2035.041748046875,37000,0.0,0.0
2012-01-30 00:00:00+09:00,2023.459810256958,2075.1377798716226,2010.9858175913491,2052.86279296875,58400,0.0,0.0
2012-01-31 00:00:00+09:00,2027.0240394847046,2030.5880377958865,2014.550045395568,2027.9150390625,29400,0.0,0.0
2012-02-01 00:00:00+09:00,2027.9147057331784,2044.8436949286663,2014.5497142630563,2024.3507080078125,35200,0.0,0.0
2012-02-02 00:00:00+09:00,1983.3648870078725,1996.7298795079257,1960.1989000077806,1968.2178955078125,61900,0.0,0.0
2012-02-03 00:00:00+09:00,1979.8008171911265,2037.7157825905067,1979.8008171911265,2015.4407958984375,29700,0.0,0.0
2012-02-06 00:00:00+09:00,2057.3177012479073,2147.3086444380497,2039.4977124973839,2128.59765625,78000,0.0,0.0
2012-02-07 00:00:00+09:00,2132.161701930971,2138.3986981338617,2117.905710610079,2136.61669921875,37700,0.0,0.0
2012-02-08 00:00:00+09:00,2138.398709081692,2336.2005896717483,2136.616710157457,2306.797607421875,159600,0.0,0.0
2012-02-09 00:00:00+09:00,2280.958672086721,2337.9826388888887,2263.138682461043,2301.45166015625,73600,0.0,0.0
2012-02-10 00:00:00+09:00,2301.4517686839495,2367.385733408151,2280.9587796480487,2329.07275390625,65500,0.0,0.0
2012-02-13 00:00:00+09:00,2325.50848345723,2352.2384660257035,2259.574526454994,2279.176513671875,96100,0.0,0.0
2012-02-14 00:00:00+09:00,2256.9018815916,2256.9018815916,2169.58392486204,2215.02490234375,91700,0.0,0.0
2012-02-15 00:00:00+09:00,2215.9160133361815,2305.9069732666017,2215.0250137329103,2280.958984375,79200,0.0,0.0
2012-02-16 00:00:00+09:00,2236.408620653831,2441.338494259561,2236.408620653831,2428.864501953125,139800,0.0,0.0
2012-02-17 00:00:00+09:00,2428.8644974597396,2509.054447852761,2428.8644974597396,2468.95947265625,138800,0.0,0.0
2012-02-20 00:00:00+09:00,2494.7977905744024,2514.39977321463,2298.777964172128,2311.251953125,205300,0.0,0.0
2012-02-21 00:00:00+09:00,2303.234195253202,2413.718156650261,2272.0492061491937,2347.7841796875,114000,0.0,0.0
2012-02-22 00:00:00+09:00,2365.6040165342133,2396.789003569504,2333.5280298693424,2377.18701171875,74300,0.0,0.0
2012-02-23 00:00:00+09:00,2387.8784216960876,2395.006416984733,2325.5084629204434,2334.41845703125,88000,0.0,0.0
2012-02-24 00:00:00+09:00,2326.3998789734974,2363.821860940899,2300.5608914245768,2354.911865234375,79500,0.0,0.0
2012-02-27 00:00:00+09:00,2395.8973978770446,2404.8073919189824,2346.8924306463873,2362.930419921875,88100,0.0,0.0
2012-02-28 00:00:00+09:00,2296.106041201275,2314.817033388014,2255.1200583160366,2287.196044921875,117500,0.0,0.0
2012-02-29 00:00:00+09:00,2280.9587840544873,2338.8737531808706,2212.3518206278486,2223.934814453125,175000,0.0,0.0
2012-03-01 00:00:00+09:00,2256.901464708972,2298.778436221535,2234.626479861864,2259.574462890625,134800,0.0,0.0
2012-03-02 00:00:00+09:00,2293.4323905337974,2296.105388657963,2236.4084305516053,2251.555419921875,118000,0.0,0.0
2012-03-05 00:00:00+09:00,2271.158174673651,2282.741170464454,2162.4562141753436,2171.3662109375,176200,0.0,0.0
2012-03-06 00:00:00+09:00,2197.20439453125,2241.754361979167,2145.5264322916664,2151.763427734375,129600,0.0,0.0
2012-03-07 00:00:00+09:00,2091.176038528701,2158.001007804224,2076.029045492916,2102.759033203125,99700,0.0,0.0
2012-03-08 00:00:00+09:00,2173.14724908159,2178.4932447742876,2138.3982770790553,2169.583251953125,55000,0.0,0.0
2012-03-09 00:00:00+09:00,2214.1335720486113,2305.015513436522,2194.5315846904346,2277.39453125,161200,0.0,0.0
2012-03-12 00:00:00+09:00,2366.494938465251,2368.2769376659026,2277.3949784326737,2307.68896484375,109400,0.0,0.0
2012-03-13 00:00:00+09:00,2313.9254091712223,2331.745396919942,2260.465445925064,2261.3564453125,122500,0.0,0.0
2012-03-14 00:00:00+09:00,2307.6890363644943,2329.964027062993,2264.921054223376,2287.196044921875,91800,0.0,0.0
2012-03-15 00:00:00+09:00,2273.830421781062,2313.9253939519663,2201.6594718734345,2223.04345703125,116000,0.0,0.0
2012-03-16 00:00:00+09:00,2209.679110528942,2256.0110918787423,2201.6601137568614,2231.9541015625,119200,0.0,0.0
2012-03-19 00:00:00+09:00,2234.626137491208,2249.773124866547,2206.114161255275,2216.80615234375,80500,0.0,0.0
2012-03-21 00:00:00+09:00,2200.7688402745507,2209.678835579306,2151.7638660983966,2157.10986328125,102200,0.0,0.0
2012-03-22 00:00:00+09:00,2162.455760875848,2182.9487491330146,2147.308769555333,2167.8017578125,74000,0.0,0.0
2012-03-23 00:00:00+09:00,2167.801845512473,2167.801845512473,2009.2039299755963,2053.75390625,622200,0.0,0.0
2012-03-26 00:00:00+09:00,2049.2988992317823,2049.2988992317823,1966.435943741106,1976.2369384765625,364200,0.0,0.0
2012-03-27 00:00:00+09:00,1981.5829272757999,1982.47392679346,1925.449957663221,1977.1279296875,311200,0.0,0.0
2012-03-28 00:00:00+09:00,1978.0186110695079,2011.8765872950219,1937.0326398491486,1998.5115966796875,426200,0.0,0.0
2012-03-29 00:00:00+09:00,1979.8009224197492,1995.8389136904764,1946.833940363255,1964.6539306640625,415100,0.0,0.0
2012-03-30 00:00:00+09:00,1964.6543321252507,2019.005313648897,1964.6543321252507,1999.4033203125,171700,0.0,0.0
2012-04-02 00:00:00+09:00,2003.8579546267163,2012.767949978547,1937.9239890231695,1946.833984375,259500,0.0,0.0
2012-04-03 00:00:00+09:00,1961.9805412024216,1964.653539214959,1877.3356041387387,1900.5015869140625,292900,0.0,0.0
2012-04-04 00:00:00+09:00,1888.9189559878507,1897.828951063265,1849.7149776560273,1874.6629638671875,283700,0.0,0.0
2012-04-05 00:00:00+09:00,1830.1130698713214,1865.7530517578125,1806.9470816451021,1865.7530517578125,362000,0.0,0.0
2012-04-06 00:00:00+09:00,1863.9706298002927,1863.9706298002927,1820.3116618938805,1845.2596435546875,152300,0.0,0.0
2012-04-09 00:00:00+09:00,1831.0038914246143,1851.496879017201,1815.856900595311,1819.4208984375,120800,0.0,0.0
2012-04-10 00:00:00+09:00,1843.4778821886775,1905.8478443700246,1825.657892994007,1832.785888671875,226200,0.0,0.0
2012-04-11 00:00:00+09:00,1817.639118371791,1844.3691054066703,1799.819127015205,1822.0941162109375,113100,0.0,0.0
2012-04-12 00:00:00+09:00,1836.3498410545326,1847.9328337443478,1785.5628731068819,1798.036865234375,235800,0.0,0.0
2012-04-13 00:00:00+09:00,1798.927957741611,1813.1839494820101,1772.1979732283628,1774.8709716796875,270100,0.0,0.0
2012-04-16 00:00:00+09:00,1781.1081197689264,1823.8760986328125,1775.7621224109407,1823.8760986328125,207200,0.0,0.0
2012-04-17 00:00:00+09:00,1803.382946758969,1821.202936351449,1773.088964451753,1775.761962890625,241700,0.0,0.0
2012-04-18 00:00:00+09:00,1792.6907951155495,1808.728784336265,1781.998802301739,1806.0557861328125,191200,0.0,0.0
2012-04-19 00:00:00+09:00,1801.6011393466426,1841.696120192636,1790.9091444543776,1833.6771240234375,126300,0.0,0.0
2012-04-20 00:00:00+09:00,1833.6768247562193,1833.6768247562193,1795.3638493118474,1813.183837890625,147500,0.0,0.0
2012-04-23 00:00:00+09:00,1817.6387212109955,1839.9137055395618,1786.453743151003,1798.927734375,102600,0.0,0.0
2012-04-24 00:00:00+09:00,1780.2170183429198,1862.1889731414926,1778.4350193255593,1861.2979736328125,199700,0.0,0.0
2012-04-25 00:00:00+09:00,1884.4638523207063,1895.1558458090508,1839.0228799952426,1872.880859375,188300,0.0,0.0
2012-04-26 00:00:00+09:00,1876.444603364265,1880.0086007115856,1788.2356690180816,1793.5816650390625,301400,0.0,0.0
2012-04-27 00:00:00+09:00,1792.6909400842874,1807.8379311287372,1747.2499669509382,1750.81396484375,259500,0.0,0.0
2012-05-01 00:00:00+09:00,1735.6670578582377,1755.2690472180332,1686.6620844587496,1689.3350830078125,169200,0.0,0.0
2012-05-02 00:00:00+09:00,1718.7380728996236,1720.5200719383997,1692.0080873179809,1701.80908203125,76500,0.0,0.0
2012-05-07 00:00:00+09:00,1673.2971218249638,1675.0791208897401,1618.0551508168978,1620.7281494140625,101100,0.0,0.0
2012-05-08 00:00:00+09:00,1624.2917085048366,1652.803685834598,1624.2917085048366,1642.1116943359375,90000,0.0,0.0
2012-05-09 00:00:00+09:00,1622.5098718288725,1628.7468674921356,1577.0689034250986,1610.9268798828125,93600,0.0,0.0
2012-05-10 00:00:00+09:00,1577.959923667096,1691.1168464822972,1577.959923667096,1675.078857421875,146000,0.0,0.0
2012-05-11 00:00:00+09:00,1580.6331672254316,1585.0881648782654,1457.6752320072187,1477.2772216796875,401500,0.0,0.0
2012-05-14 00:00:00+09:00,1405.997202398452,1464.8031690386913,1338.2812408127218,1444.3101806640625,279000,0.0,0.0
2012-05-15 00:00:00+09:00,1350.7552883392075,1500.4432094744232,1350.7552883392075,1477.2772216796875,185400,0.0,0.0
2012-05-16 00:00:00+09:00,1476.3860313377188,1487.969023738075,1410.4520745972293,1418.4710693359375,102300,0.0,0.0
2012-05-17 00:00:00+09:00,1418.4710327003634,1530.7369561427288,1381.0490582195748,1502.2249755859375,195400,0.0,0.0
2012-05-18 00:00:00+09:00,1425.5992197619819,1426.490219274333,1364.1202534097463,1375.7032470703125,335600,0.0,0.0
2012-05-21 00:00:00+09:00,1357.8834228515625,1403.3244035375399,1356.1014236089752,1357.8834228515625,111800,0.0,0.0
2012-05-22 00:00:00+09:00,1393.5231537690033,1398.869150522593,1381.049161343961,1384.6131591796875,68200,0.0,0.0
2012-05-23 00:00:00+09:00,1381.0491410512773,1381.0491410512773,1339.1721670968193,1347.191162109375,140700,0.0,0.0
2012-05-24 00:00:00+09:00,1348.0821911002013,1403.3241579529524,1332.9352001889629,1370.357177734375,158800,0.0,0.0
2012-05-25 00:00:00+09:00,1352.5371377750319,1368.5751275510204,1305.3141678790657,1309.7691650390625,136200,0.0,0.0
2012-05-28 00:00:00+09:00,1292.8403206928838,1300.8593164794006,1165.4273876404495,1189.484375,387200,0.0,0.0
2012-05-29 00:00:00+09:00,1162.7544292879666,1298.1863628142278,1159.1904310372754,1289.2763671875,231400,0.0,0.0
2012-05-30 00:00:00+09:00,1316.0063058908856,1318.67930448105,1267.8923312679285,1281.25732421875,164600,0.0,0.0
2012-05-31 00:00:00+09:00,1237.5984200223331,1299.0773912113475,1220.6694279557928,1273.2384033203125,106800,0.0,0.0
2012-06-01 00:00:00+09:00,1274.1290342460559,1274.1290342460559,1181.4651044827062,1193.048095703125,108600,0.0,0.0
2012-06-04 00:00:00+09:00,1139.5884758388381,1183.2474557576052,1137.8064766584803,1142.261474609375,159400,0.0,0.0
2012-06-05 00:00:00+09:00,1158.299372746394,1211.7593437962278,1158.299372746394,1204.63134765625,169800,0.0,0.0
2012-06-06 00:00:00+09:00,1221.5603252419164,1258.0913050631552,1192.1573414833583,1232.2523193359375,84000,0.0,0.0
2012-06-07 00:00:00+09:00,1285.7122023322365,1291.0581990155306,1239.3802310770209,1254.5272216796875,94400,0.0,0.0
2012-06-08 00:00:00+09:00,1259.8733204147577,1259.8733204147577,1185.0293607861583,1191.266357421875,224500,0.0,0.0
2012-06-11 00:00:00+09:00,1229.579195936187,1282.1481615595458,1202.849213415835,1272.34716796875,209700,0.0,0.0
2012-06-12 00:00:00+09:00,1238.4891272337304,1268.7831058854908,1231.3611322568456,1252.7451171875,158300,0.0,0.0
2012-06-13 00:00:00+09:00,1279.475056821957,1290.1670489402463,1237.5980876919903,1257.2000732421875,140400,0.0,0.0
2012-06-14 00:00:00+09:00,1247.3990966277058,1264.3280843676532,1224.2331134046199,1255.4180908203125,76600,0.0,0.0
2012-06-15 00:00:00+09:00,1266.1104693816076,1282.1484626601923,1248.2904768498468,1253.636474609375,61900,0.0,0.0
2012-06-18 00:00:00+09:00,1287.493898156571,1310.6598783310146,1287.493898156571,1300.85888671875,112000,0.0,0.0
2012-06-19 00:00:00+09:00,1301.7501220703125,1315.1151130566607,1290.167129882144,1301.7501220703125,80300,0.0,0.0
2012-06-20 00:00:00+09:00,1314.2243819744995,1322.2433782034964,1307.9873849075018,1312.4423828125,72300,0.0,0.0
2012-06-21 00:00:00+09:00,1318.6790767401756,1335.6080648875156,1304.4230867213628,1332.0440673828125,136400,0.0,0.0
2012-06-22 00:00:00+09:00,1312.4422239671896,1370.3571897227002,1310.6602250208662,1342.7362060546875,191700,0.0,0.0
2012-06-25 00:00:00+09:00,1375.7031865616705,1375.7031865616705,1329.371213957262,1342.7362060546875,175800,0.0,0.0
2012-06-26 00:00:00+09:00,1316.0061140080418,1320.461111008746,1268.7831458005764,1275.0201416015625,154800,0.0,0.0
2012-06-27 00:00:00+09:00,1276.808235513505,1296.478950626458,1235.6785584591482,1245.513916015625,166800,5.0,0.0
2012-06-28 00:00:00+09:00,1258.925893176934,1273.231869235763,1247.3022876291357,1248.1964111328125,80600,0.0,0.0
2012-06-29 00:00:00+09:00,1234.7844626887975,1251.7728079394035,1202.59601905607,1232.9962158203125,144100,0.0,0.0
2012-07-02 00:00:00+09:00,1254.4551329900569,1264.2904904119318,1224.9490607244318,1229.419677734375,186500,0.0,0.0
2012-07-03 00:00:00+09:00,1229.4197635374207,1244.6198624320652,1220.4785288935122,1233.890380859375,213600,0.0,0.0
2012-07-04 00:00:00+09:00,1240.1495500911365,1262.5026421980424,1240.1495500911365,1258.9261474609375,164100,0.0,0.0
2012-07-05 00:00:00+09:00,1267.8672337512687,1329.5617606404346,1266.078986595061,1321.5146484375,234300,0.0,0.0
2012-07-06 00:00:00+09:00,1354.5972320957435,1429.70361328125,1342.0795018981592,1429.70361328125,668700,0.0,0.0
2012-07-09 00:00:00+09:00,1429.7038669932356,1452.951084342719,1395.727164713221,1430.1956787109375,462100,0.0,0.0
2012-07-10 00:00:00+09:00,1425.2330584398824,1462.7862506948857,1329.5618305521364,1407.3505859375,459100,0.0,0.0
2012-07-11 00:00:00+09:00,1374.2680305313365,1403.774110562263,1329.5618486662963,1339.9661865234375,217700,0.0,0.0
2012-07-12 00:00:00+09:00,1339.397109782023,1358.1737047789675,1287.5379426476056,1313.7159423828125,204400,0.0,0.0
2012-07-13 00:00:00+09:00,1284.8556409954201,1343.8677998720366,1280.385022898707,1296.479248046875,122900,0.0,0.0
2012-07-17 00:00:00+09:00,1312.5733987050514,1327.7734993712543,1286.6438152156466,1305.42041015625,113600,0.0,0.0
2012-07-18 00:00:00+09:00,1320.620329783828,1320.620329783828,1232.9962320730529,1249.0904541015625,123300,0.0,0.0
2012-07-19 00:00:00+09:00,1255.3493182237607,1287.5377622807803,1245.5139603174491,1249.0904541015625,116600,0.0,0.0
2012-07-20 00:00:00+09:00,1253.5615443332229,1271.4440200013146,1216.902469213635,1222.2672119140625,96400,0.0,0.0
2012-07-23 00:00:00+09:00,1207.0667849928707,1228.5257500594107,1175.7724609375,1175.7724609375,86100,0.0,0.0
2012-07-24 00:00:00+09:00,1148.9490194881664,1184.7139695111443,1144.4784007352941,1155.2078857421875,116700,0.0,0.0
2012-07-25 00:00:00+09:00,1134.6426817087026,1145.3721633324255,1099.771866431603,1115.8660888671875,135300,0.0,0.0
2012-07-26 00:00:00+09:00,1114.0779961205917,1148.0546926314926,1092.6190299031805,1106.0308837890625,90000,0.0,0.0
2012-07-27 00:00:00+09:00,1180.2430762314216,1194.5490529130145,1163.2547289220297,1173.090087890625,101200,0.0,0.0
2012-07-30 00:00:00+09:00,1208.8550699248567,1208.8550699248567,1163.2547677309458,1171.3018798828125,68400,0.0,0.0
2012-07-31 00:00:00+09:00,1171.3018238997834,1207.9608886172573,1156.1017238949769,1199.0196533203125,61000,0.0,0.0
2012-08-01 00:00:00+09:00,1172.1962495500227,1183.8198584319068,1148.0549080261092,1173.9844970703125,67600,0.0,0.0
2012-08-02 00:00:00+09:00,1189.184479409076,1194.5492214214476,1163.2548930159458,1176.666748046875,45600,0.0,0.0
2012-08-03 00:00:00+09:00,1161.4664871745304,1162.360610721239,1122.12505111935,1133.7486572265625,76100,0.0,0.0
2012-08-06 00:00:00+09:00,1136.4309650746427,1170.4076579722323,1136.4309650746427,1153.4193115234375,83500,0.0,0.0
2012-08-07 00:00:00+09:00,938.8296836663869,1022.8772934422349,925.4178310425814,973.7005004882812,487800,0.0,0.0
2012-08-08 00:00:00+09:00,1020.1950467068003,1048.8070024426615,1015.7244286230721,1043.4422607421875,184700,0.0,0.0
2012-08-09 00:00:00+09:00,1055.066091531426,1056.8543391441913,996.9480441165595,1027.1605224609375,130400,0.0,0.0
2012-08-10 00:00:00+09:00,1047.9127945127223,1160.572361158288,1045.230423878304,1131.0662841796875,294000,0.0,0.0
2012-08-13 00:00:00+09:00,1108.7132810667126,1145.3723492310153,1104.2426629978952,1110.031982421875,86900,0.0,0.0
2012-08-14 00:00:00+09:00,1106.0307831363584,1114.077894735572,1073.842336739504,1085.4659423828125,116700,0.0,0.0
2012-08-15 00:00:00+09:00,1094.4072725743806,1114.0779915258809,1090.8307782195625,1100.6661376953125,74200,0.0,0.0
2012-08-16 00:00:00+09:00,1104.242640365789,1161.4665504738136,1104.242640365789,1158.7841796875,129400,0.0,0.0
2012-08-17 00:00:00+09:00,1161.4664096205315,1224.9491771979433,1161.4664096205315,1224.0550537109375,196000,0.0,0.0
2012-08-20 00:00:00+09:00,1224.9494947585385,1251.7732063225942,1184.7139274124552,1212.4317626953125,157500,0.0,0.0
2012-08-21 00:00:00+09:00,1226.7376053928438,1227.6317290119348,1181.1373008192031,1196.33740234375,99400,0.0,0.0
2012-08-22 00:00:00+09:00,1189.1845132528138,1190.9727606411639,1166.8314208984375,1166.8314208984375,87500,0.0,0.0
2012-08-23 00:00:00+09:00,1162.36062540778,1247.3023634183485,1162.36062540778,1241.9376220703125,133000,0.0,0.0
2012-08-24 00:00:00+09:00,1222.2668771429378,1318.8322193019994,1213.3256417578393,1301.8438720703125,258500,0.0,0.0
2012-08-27 00:00:00+09:00,1308.9970394358916,1314.3617814007928,1199.9139528162339,1216.0081787109375,291600,0.0,0.0
2012-08-28 00:00:00+09:00,1216.0081028293919,1216.0081028293919,1108.7132702267986,1124.8074951171875,340800,0.0,0.0
2012-08-29 00:00:00+09:00,1101.5601133688901,1144.478039863782,1077.4187797155137,1115.8660888671875,203700,0.0,0.0
2012-08-30 00:00:00+09:00,1121.2308270190135,1142.6897902155497,1097.0894934229104,1113.1837158203125,80400,0.0,0.0
2012-08-31 00:00:00+09:00,1086.3600582898405,1097.9836638517893,1073.8423292231262,1077.4188232421875,88900,0.0,0.0
2012-09-03 00:00:00+09:00,1076.5247188759013,1081.8894599998675,1038.0774074874762,1054.171630859375,107700,0.0,0.0
2012-09-04 00:00:00+09:00,1055.9598779006972,1069.3717307106128,1033.606789884171,1054.171630859375,107400,0.0,0.0
2012-09-05 00:00:00+09:00,1041.6538701202446,1054.1715990315608,996.9476954369724,999.6300659179688,113500,0.0,0.0
2012-09-06 00:00:00+09:00,1014.8303772839942,1041.654087696787,1001.4185220775977,1006.7832641601562,91200,0.0,0.0
2012-09-07 00:00:00+09:00,1033.6069052875907,1058.6423666613384,1030.9245344261176,1048.8070068359375,78000,0.0,0.0
2012-09-10 00:00:00+09:00,1058.642178324245,1089.04237601261,1049.7009437100198,1065.795166015625,64200,0.0,0.0
2012-09-11 00:00:00+09:00,1081.8896929423013,1081.8896929423013,1014.8304144541422,1030.030517578125,107400,0.0,0.0
2012-09-12 00:00:00+09:00,1018.4067089547309,1047.0186621474888,1016.6184618801835,1030.9244384765625,64800,0.0,0.0
2012-09-13 00:00:00+09:00,1032.712646484375,1042.5480050223214,1019.3007939326299,1032.712646484375,106800,0.0,0.0
2012-09-14 00:00:00+09:00,1045.230200833454,1072.0539014536453,1037.1830906473967,1060.4302978515625,102400,0.0,0.0
2012-09-18 00:00:00+09:00,1059.5364277987728,1085.4660112638903,1042.5480800112819,1071.1600341796875,69300,0.0,0.0
2012-09-19 00:00:00+09:00,1050.5951417045756,1080.995341549644,1040.759782931171,1059.536376953125,131400,0.0,0.0
2012-09-20 00:00:00+09:00,1066.6896362831305,1089.0427300862139,1033.6070574545674,1036.2894287109375,91900,0.0,0.0
2012-09-21 00:00:00+09:00,1018.4069040970836,1030.9246360175043,988.0066980046333,994.2655639648438,197800,0.0,0.0
2012-09-24 00:00:00+09:00,983.5356771727622,988.0062938871838,971.0179503723816,976.3826904296875,83200,0.0,0.0
2012-09-25 00:00:00+09:00,968.3358177901631,981.7476712221599,956.7122114824326,971.0181884765625,102800,0.0,0.0
2012-09-26 00:00:00+09:00,949.5592979481967,954.0299161117945,937.0415670901225,939.7239379882812,89800,0.0,0.0
2012-09-27 00:00:00+09:00,927.2061329164902,945.0886041395662,915.5825266214908,923.629638671875,111000,0.0,0.0
2012-09-28 00:00:00+09:00,928.1003989286202,942.406378102857,919.1591619447221,922.7356567382812,97300,0.0,0.0
2012-10-01 00:00:00+09:00,917.3708387425816,937.9356821062067,895.911871754451,903.958984375,79900,0.0,0.0
2012-10-02 00:00:00+09:00,898.59415770999,925.4178639102882,898.59415770999,899.48828125,79500,0.0,0.0
2012-10-03 00:00:00+09:00,895.9118869979068,921.8414725497424,894.1236397184699,897.7001342773438,45100,0.0,0.0
2012-10-04 00:00:00+09:00,898.5943836174389,912.006240089341,884.2884033807434,903.0650024414062,115400,0.0,0.0
2012-10-05 00:00:00+09:00,912.900248093378,941.512204938616,911.1120007905505,938.829833984375,120200,0.0,0.0
2012-10-09 00:00:00+09:00,936.1472774047851,937.0414008789062,892.3352271728515,894.1234741210938,74300,0.0,0.0
2012-10-10 00:00:00+09:00,880.7116921280129,880.7116921280129,856.570356404707,860.1468505859375,90400,0.0,0.0
2012-10-11 00:00:00+09:00,835.1116041267443,877.135421465028,832.4292328072794,852.9940795898438,80800,0.0,0.0
2012-10-12 00:00:00+09:00,850.3116833122409,886.9707569355867,849.4175595653301,876.2412719726562,85800,0.0,0.0
2012-10-15 00:00:00+09:00,885.1823734066106,920.0531941771741,884.2882497971091,910.2178344726562,111000,0.0,0.0
2012-10-16 00:00:00+09:00,925.4179234938188,947.771013433283,920.9473055059259,944.1945190429688,84500,0.0,0.0
2012-10-17 00:00:00+09:00,952.241611679207,956.7122295744146,938.8297579935844,945.088623046875,78100,0.0,0.0
2012-10-18 00:00:00+09:00,950.4535361601927,962.9712685273072,940.6181750146028,956.71240234375,74900,0.0,0.0
2012-10-19 00:00:00+09:00,963.8654924349547,995.1598266049208,949.5595111001131,988.0068359375,77800,0.0,0.0
2012-10-22 00:00:00+09:00,948.6651654247825,990.6889757687643,945.0886709274223,979.0653686523438,84500,0.0,0.0
2012-10-23 00:00:00+09:00,983.5360199762886,991.5831328670037,951.3475684134282,969.2300415039062,74200,0.0,0.0
2012-10-24 00:00:00+09:00,929.8883976023445,949.5591137054711,919.1589160915482,920.0530395507812,119300,0.0,0.0
2012-10-25 00:00:00+09:00,912.0061592433764,988.0066725136577,912.0061592433764,987.112548828125,137600,0.0,0.0
2012-10-26 00:00:00+09:00,977.2772957130716,1005.8892567952474,965.6536865234375,965.6536865234375,96400,0.0,0.0
2012-10-29 00:00:00+09:00,983.5358223923818,993.3711806163057,950.4532538210017,978.1710815429688,61000,0.0,0.0
2012-10-30 00:00:00+09:00,968.3360578748916,991.5832762541595,952.2418297661676,965.6536865234375,62000,0.0,0.0
2012-10-31 00:00:00+09:00,965.6533695885895,1001.4183092029817,958.5003816657111,974.5946044921875,67800,0.0,0.0
2012-11-01 00:00:00+09:00,970.1241971073218,1012.1480102539062,965.6535786874724,1012.1480102539062,103800,0.0,0.0
2012-11-02 00:00:00+09:00,1019.3008225963962,1026.453810825143,984.4300049812563,997.8418579101562,57900,0.0,0.0
2012-11-05 00:00:00+09:00,998.736245577004,1004.9951119324552,986.2185128661015,996.947998046875,31800,0.0,0.0
2012-11-06 00:00:00+09:00,996.0537511396232,996.0537511396232,965.6535468858107,969.2300415039062,45200,0.0,0.0
2012-11-07 00:00:00+09:00,962.9711709876173,1001.4184879351266,962.9711709876173,988.9007568359375,48700,0.0,0.0
2012-11-08 00:00:00+09:00,947.7711827491058,965.6536578953154,945.9829352344849,953.1359252929688,59800,0.0,0.0
2012-11-09 00:00:00+09:00,912.0061448832334,934.3592366695872,907.5355265259626,912.9002685546875,103000,0.0,0.0
2012-11-12 00:00:00+09:00,1020.1947469212755,1069.3715313916261,1010.3593900272053,1060.4302978515625,456700,0.0,0.0
2012-11-13 00:00:00+09:00,1055.0658235033318,1066.6894300334534,1030.0303632846087,1039.86572265625,156100,0.0,0.0
2012-11-14 00:00:00+09:00,1038.9715648100582,1055.9599122553172,1032.712699961805,1047.0186767578125,83700,0.0,0.0
2012-11-15 00:00:00+09:00,1046.1246834220467,1069.3718986092033,1046.1246834220467,1057.748291015625,101300,0.0,0.0
2012-11-16 00:00:00+09:00,1039.8657505719311,1128.3839872930155,1039.8657505719311,1122.1251220703125,267900,0.0,0.0
2012-11-19 00:00:00+09:00,1122.1249451225472,1155.2075132257617,1086.3600066325855,1107.8189697265625,194000,0.0,0.0
2012-11-20 00:00:00+09:00,1104.2426980951782,1111.3956872326366,1070.2659996922496,1080.9954833984375,89700,0.0,0.0
2012-11-21 00:00:00+09:00,1074.7364268201463,1102.4542547997007,1065.795191988032,1092.618896484375,122000,0.0,0.0
2012-11-22 00:00:00+09:00,1113.1840694651883,1160.5726282456342,1110.501698213465,1155.2078857421875,244800,0.0,0.0
2012-11-26 00:00:00+09:00,1171.3018032877862,1200.807879248471,1131.96036867354,1132.8544921875,149300,0.0,0.0
2012-11-27 00:00:00+09:00,1123.9133415941922,1152.5252961932488,1109.607364294664,1137.3251953125,103700,0.0,0.0
2012-11-28 00:00:00+09:00,1121.2308905563293,1121.2308905563293,1074.7364676624463,1093.5130615234375,160200,0.0,0.0
2012-11-29 00:00:00+09:00,1103.348591429377,1112.2898279887722,1080.995500030889,1102.4544677734375,111200,0.0,0.0
2012-11-30 00:00:00+09:00,1111.395494889747,1153.4192987994961,1094.4071486283592,1097.983642578125,136200,0.0,0.0
2012-12-03 00:00:00+09:00,1124.807497343688,1135.5369806251858,1106.9250252078584,1127.4898681640625,71200,0.0,0.0
2012-12-04 00:00:00+09:00,1109.6073916249065,1138.2193469286915,1106.0308972119335,1122.1251220703125,70400,0.0,0.0
2012-12-05 00:00:00+09:00,1122.1251370789573,1124.8075079245646,1090.830810546875,1090.830810546875,102500,0.0,0.0
2012-12-06 00:00:00+09:00,1105.1366046216115,1115.8660862198794,1099.7718638224774,1113.1837158203125,46100,0.0,0.0
2012-12-07 00:00:00+09:00,1112.28959235379,1119.4425800859688,1104.242481155089,1113.1837158203125,34400,0.0,0.0
2012-12-10 00:00:00+09:00,1091.7249341620773,1114.0780245421363,1088.1484397012678,1090.830810546875,66300,0.0,0.0
2012-12-11 00:00:00+09:00,1104.2427959689846,1106.9251671332818,1089.9368164260666,1101.5604248046875,36300,0.0,0.0
2012-12-12 00:00:00+09:00,1106.9250860531351,1123.913435515986,1101.560344117498,1102.4544677734375,58000,0.0,0.0
2012-12-13 00:00:00+09:00,1117.6544765256485,1156.9959140993515,1108.7132407134434,1137.3251953125,97800,0.0,0.0
2012-12-14 00:00:00+09:00,1135.5369019037178,1144.4781373517785,1120.3368016420145,1131.0662841796875,61900,0.0,0.0
2012-12-17 00:00:00+09:00,1142.6898167509191,1165.0429039330577,1133.7485818780638,1140.0074462890625,86300,0.0,0.0
2012-12-18 00:00:00+09:00,1143.5839402382046,1156.9957925474878,1121.2308530560663,1140.0074462890625,136000,0.0,0.0
2012-12-19 00:00:00+09:00,1140.007529262462,1150.7370118908148,1127.489799529384,1141.7957763671875,110400,0.0,0.0
2012-12-20 00:00:00+09:00,1130.1723858173077,1174.8785719651444,1130.1723858173077,1162.36083984375,119500,0.0,0.0
2012-12-21 00:00:00+09:00,1189.184413391022,1200.808020439205,1165.0430756755652,1196.33740234375,207400,0.0,0.0
2012-12-25 00:00:00+09:00,1196.3377214770048,1207.0672077682784,1183.819987470519,1184.714111328125,107000,0.0,0.0
2012-12-26 00:00:00+09:00,1189.201516180411,1249.3347249231188,1189.201516180411,1240.359619140625,121200,5.0,0.0
2012-12-27 00:00:00+09:00,1256.5145356216156,1256.5145356216156,1233.1792656743569,1243.0518798828125,124900,0.0,0.0
2012-12-28 00:00:00+09:00,1243.9497471859581,1245.7447684661688,1210.7418535020618,1227.7945556640625,102100,0.0,0.0
2013-01-04 00:00:00+09:00,1258.3096262186514,1299.5951061088497,1250.232032327091,1281.6448974609375,106600,0.0,0.0
2013-01-07 00:00:00+09:00,1296.9024662553456,1296.9024662553456,1248.4369069627583,1259.20703125,94400,0.0,0.0
2013-01-08 00:00:00+09:00,1252.0268097949438,1252.0268097949438,1185.611050709047,1201.7662353515625,148500,0.0,0.0
2013-01-09 00:00:00+09:00,1188.303777138928,1225.101703772384,1136.2481736086727,1198.1763916015625,215500,0.0,0.0
2013-01-10 00:00:00+09:00,1204.4587921325317,1225.101528510362,1199.07373046875,1199.07373046875,85100,0.0,0.0
2013-01-11 00:00:00+09:00,1216.1265900788485,1247.5394540292245,1203.561444498698,1211.6390380859375,77500,0.0,0.0
2013-01-15 00:00:00+09:00,1222.4091829259164,1227.7942454057663,1192.7913392867422,1217.921630859375,108200,0.0,0.0
2013-01-16 00:00:00+09:00,1196.3815503194237,1196.3815503194237,1155.993576002564,1159.5836181640625,287100,0.0,0.0
2013-01-17 00:00:00+09:00,1150.6083056870584,1181.1236585679944,1127.2730358369308,1143.42822265625,277500,0.0,0.0
2013-01-18 00:00:00+09:00,1155.096178467922,1174.8414122878864,1155.096178467922,1168.558837890625,152600,0.0,0.0
2013-01-21 00:00:00+09:00,1168.5586133334725,1202.6640106504249,1153.3009355864149,1174.8411865234375,143800,0.0,0.0
2013-01-22 00:00:00+09:00,1167.6613680143378,1196.381709118457,1167.6613680143378,1176.636474609375,124400,0.0,0.0
2013-01-23 00:00:00+09:00,1173.943763429675,1175.7387844746745,1125.4781952146884,1129.0682373046875,184100,0.0,0.0
2013-01-24 00:00:00+09:00,1116.502797187129,1155.9932498207575,1099.4501017316989,1134.4530029296875,100900,0.0,0.0
2013-01-25 00:00:00+09:00,1153.3006568139838,1164.0707796791726,1145.2230646650921,1157.7882080078125,74300,0.0,0.0
2013-01-28 00:00:00+09:00,1176.636082775188,1179.3286138570534,1138.9406476290721,1141.6331787109375,120700,0.0,0.0
2013-01-29 00:00:00+09:00,1135.3506783772339,1155.9934179840927,1126.3755742003389,1142.53076171875,84300,0.0,0.0
2013-01-30 00:00:00+09:00,1139.8381031776719,1156.890799209464,1129.067979368119,1151.5057373046875,78400,0.0,0.0
2013-01-31 00:00:00+09:00,1151.5058529552155,1165.8660194768706,1138.9407072487675,1160.48095703125,130600,0.0,0.0
2013-02-01 00:00:00+09:00,1155.9933955107988,1191.893811520451,1148.8133123088685,1173.943603515625,115400,0.0,0.0
2013-02-04 00:00:00+09:00,1197.2787048430534,1228.6915644153976,1184.7135610141158,1208.048828125,127500,0.0,0.0
2013-02-05 00:00:00+09:00,1202.6639363233467,1208.0489987247945,1170.3535619146596,1173.943603515625,82400,0.0,0.0
2013-02-06 00:00:00+09:00,1199.07371545571,1226.8965337035597,1190.9961230611732,1225.9990234375,136300,0.0,0.0
2013-02-07 00:00:00+09:00,1236.7689627536126,1253.8216552734375,1215.228719570676,1253.8216552734375,123500,0.0,0.0
2013-02-08 00:00:00+09:00,1256.5145558324355,1256.5145558324355,1222.409160745555,1249.33447265625,109000,0.0,0.0
2013-02-12 00:00:00+09:00,1168.5589143573113,1200.869299086085,1152.4037219929246,1189.20166015625,246200,0.0,0.0
2013-02-13 00:00:00+09:00,1173.0461500379774,1180.2262335883245,1110.2204189724391,1130.8631591796875,223800,0.0,0.0
2013-02-14 00:00:00+09:00,1134.4534736127002,1204.4593050539902,1130.8634309746853,1176.636474609375,157300,0.0,0.0
2013-02-15 00:00:00+09:00,1173.0463514848188,1202.6642012162642,1148.813565340909,1184.7139892578125,173200,0.0,0.0
2013-02-18 00:00:00+09:00,1210.7414607398541,1289.7223714478653,1210.7414607398541,1277.1572265625,457000,0.0,0.0
2013-02-19 00:00:00+09:00,1288.8249301252695,1361.523272284146,1284.3373781401535,1353.4456787109375,397200,0.0,0.0
2013-02-20 00:00:00+09:00,1377.6788552391608,1381.2688978586766,1328.3157692208194,1355.2410888671875,250300,0.0,0.0
2013-02-21 00:00:00+09:00,1319.3402624911948,1346.2655739706072,1313.0576898126656,1313.9552001953125,189600,0.0,0.0
2013-02-22 00:00:00+09:00,1284.3371534592404,1299.594827539469,1252.0267848187564,1293.312255859375,153300,0.0,0.0
2013-02-25 00:00:00+09:00,1331.007928192895,1356.138219487164,1321.1353137558606,1339.9830322265625,81900,0.0,0.0
2013-02-26 00:00:00+09:00,1301.390186254529,1314.8528433537138,1294.210102468297,1300.49267578125,68200,0.0,0.0
2013-02-27 00:00:00+09:00,1319.3406517309777,1322.0331836732857,1263.6949915899434,1267.2850341796875,162300,0.0,0.0
2013-02-28 00:00:00+09:00,1294.2103260269434,1298.6978791685071,1259.2074115227474,1269.9775390625,170600,0.0,0.0
2013-03-01 00:00:00+09:00,1269.97715853144,1278.9522621253018,1226.8966612809033,1254.719482421875,157100,0.0,0.0
2013-03-04 00:00:00+09:00,1254.7198327340302,1264.5924494436683,1219.7169189453125,1219.7169189453125,158300,0.0,0.0
2013-03-05 00:00:00+09:00,1225.1016039918798,1287.0298169409198,1225.1016039918798,1275.3621826171875,156400,0.0,0.0
2013-03-06 00:00:00+09:00,1301.3900501102044,1325.6228303536357,1279.849801004932,1285.23486328125,105100,0.0,0.0
2013-03-07 00:00:00+09:00,1287.9278525577229,1294.2104274482483,1264.592574392914,1268.1826171875,96200,0.0,0.0
2013-03-08 00:00:00+09:00,1278.952672596356,1301.390438782257,1262.7974809425073,1267.2850341796875,122000,0.0,0.0
2013-03-11 00:00:00+09:00,1274.4650922040637,1292.415304770318,1265.4899859209365,1269.9775390625,146800,0.0,0.0
2013-03-12 00:00:00+09:00,1271.7723388671875,1335.4955823813514,1267.284786507035,1271.7723388671875,148700,0.0,0.0
2013-03-13 00:00:00+09:00,1269.977225526332,1277.157308780191,1252.9245277984164,1264.5921630859375,70100,0.0,0.0
2013-03-14 00:00:00+09:00,1264.5922058708072,1292.4150294208391,1258.3096328111226,1272.6697998046875,80300,0.0,0.0
2013-03-15 00:00:00+09:00,1273.5674322219122,1282.5425374525107,1241.257053391758,1243.9495849609375,218900,0.0,0.0
2013-03-18 00:00:00+09:00,1243.949627501949,1262.7973491307662,1221.5118636581187,1223.306884765625,159700,0.0,0.0
2013-03-19 00:00:00+09:00,1227.7942325367646,1250.2319926342932,1227.7942325367646,1235.871826171875,150800,0.0,0.0
2013-03-21 00:00:00+09:00,1240.3591095525567,1255.6167831143466,1230.4864972478692,1234.0765380859375,149300,0.0,0.0
2013-03-22 00:00:00+09:00,1231.3845595681048,1235.8721126277553,1190.99658203125,1190.99658203125,249500,0.0,0.0
2013-03-25 00:00:00+09:00,1203.56156936135,1219.716758211838,1198.1765064111873,1207.151611328125,73400,0.0,0.0
2013-03-26 00:00:00+09:00,1207.1513229644227,1208.0488332417196,1191.893648250374,1199.07373046875,93300,0.0,0.0
2013-03-27 00:00:00+09:00,1211.639145899863,1239.4619707316378,1205.3565725507528,1229.58935546875,82200,0.0,0.0
2013-03-28 00:00:00+09:00,1230.4867123597421,1231.3842227261605,1197.2788288022582,1203.5614013671875,61800,0.0,0.0
2013-03-29 00:00:00+09:00,1195.4841350909005,1211.6393261056423,1190.09907141932,1190.99658203125,52500,0.0,0.0
2013-04-01 00:00:00+09:00,1194.5864363557298,1223.3067714146205,1181.123779296875,1181.123779296875,90000,0.0,0.0
2013-04-02 00:00:00+09:00,1155.9930932198226,1171.2507660340593,1130.862808584609,1150.6080322265625,100200,0.0,0.0
2013-04-03 00:00:00+09:00,1154.198384178026,1169.4560611072843,1147.0183009171983,1160.48095703125,72000,0.0,0.0
2013-04-04 00:00:00+09:00,1157.7885967150917,1190.0989761583035,1142.530917533575,1188.303955078125,80600,0.0,0.0
2013-04-05 00:00:00+09:00,1215.2291326976958,1232.281831014724,1199.9714552561443,1206.2540283203125,134900,0.0,0.0
2013-04-08 00:00:00+09:00,1242.1545639148178,1254.7197112376555,1234.0769692072793,1243.9495849609375,137000,0.0,0.0
2013-04-09 00:00:00+09:00,1257.412109375,1272.66978664793,1247.5394946689864,1257.412109375,173200,0.0,0.0
2013-04-10 00:00:00+09:00,1257.4121519697474,1269.0797879266402,1256.5146415115248,1265.48974609375,93700,0.0,0.0
2013-04-11 00:00:00+09:00,1292.415081521739,1309.4677805140398,1278.9524244225543,1300.49267578125,188300,0.0,0.0
2013-04-12 00:00:00+09:00,1300.4924956353213,1300.4924956353213,1256.5144885365426,1277.1572265625,95900,0.0,0.0
2013-04-15 00:00:00+09:00,1280.7474667184197,1308.5702918538584,1269.9773408595402,1273.5673828125,125500,0.0,0.0
2013-04-16 00:00:00+09:00,1258.3095895305667,1291.5174745609738,1219.7166420627962,1231.38427734375,220600,0.0,0.0
2013-04-17 00:00:00+09:00,1247.53931194803,1252.0268634298575,1229.5891060207202,1238.564208984375,158700,0.0,0.0
2013-04-18 00:00:00+09:00,1234.9742633767173,1250.231939595761,1228.6916908159346,1241.2568359375,66600,0.0,0.0
2013-04-19 00:00:00+09:00,1239.4618975665117,1240.3594079919762,1225.9992411845437,1228.6917724609375,79700,0.0,0.0
2013-04-22 00:00:00+09:00,1234.9743323659106,1252.027030269219,1234.9743323659106,1246.6419677734375,104200,0.0,0.0
2013-04-23 00:00:00+09:00,1252.0271491730743,1265.4898066910644,1240.3595126574828,1251.129638671875,109100,0.0,0.0
2013-04-24 00:00:00+09:00,1258.309768527371,1283.4400634765625,1253.8222158578726,1283.4400634765625,203500,0.0,0.0
2013-04-25 00:00:00+09:00,1286.1324923308923,1306.7752329614648,1284.3374714064946,1289.7225341796875,147600,0.0,0.0
2013-04-26 00:00:00+09:00,1286.1327577758443,1293.3128429553326,1263.6949915899434,1267.2850341796875,100100,0.0,0.0
2013-04-30 00:00:00+09:00,1273.5671591310647,1287.9273244207736,1261.0020145025694,1279.8497314453125,112600,0.0,0.0
2013-05-01 00:00:00+09:00,1284.3377364809721,1286.1327577758443,1266.3875235322514,1267.2850341796875,74600,0.0,0.0
2013-05-02 00:00:00+09:00,1263.6947674418604,1282.5424876948996,1256.5146835359408,1273.5673828125,131400,0.0,0.0
2013-05-07 00:00:00+09:00,1306.7752021655701,1333.7005153970035,1304.9801812834746,1330.1104736328125,218500,0.0,0.0
2013-05-08 00:00:00+09:00,1344.4706889719203,1391.1412335824275,1338.1881156589673,1362.4208984375,332100,0.0,0.0
2013-05-09 00:00:00+09:00,1400.1162774768288,1400.1162774768288,1341.7780992486275,1343.5731201171875,167700,0.0,0.0
2013-05-10 00:00:00+09:00,1370.49859216971,1391.1413345534056,1361.5234867854945,1389.3463134765625,207100,0.0,0.0
2013-05-13 00:00:00+09:00,1385.756010691325,1389.3460521697998,1355.240658124288,1378.575927734375,322100,0.0,0.0
2013-05-14 00:00:00+09:00,1383.0634765625,1409.0912772246106,1374.08837288591,1383.0634765625,222700,0.0,0.0
2013-05-15 00:00:00+09:00,1408.1939889355963,1444.9919198128173,1383.063694677982,1414.4765625,272900,0.0,0.0
2013-05-16 00:00:00+09:00,1415.3742553386712,1420.7593190875818,1320.2381291079173,1351.6510009765625,214900,0.0,0.0
2013-05-17 00:00:00+09:00,1355.2409167978876,1414.4766124989874,1343.573279765853,1384.8587646484375,205000,0.0,0.0
2013-05-20 00:00:00+09:00,1411.7838290823554,1473.712045361238,1406.398766797235,1460.2493896484375,296100,0.0,0.0
2013-05-21 00:00:00+09:00,1453.0695761694697,1493.4575508004925,1433.3243441276363,1457.55712890625,187800,0.0,0.0
2013-05-22 00:00:00+09:00,1475.507100041168,1493.457308070866,1438.7091735802874,1481.7896728515625,175700,0.0,0.0
2013-05-23 00:00:00+09:00,1498.8424248925398,1506.022508365079,1376.781005859375,1376.781005859375,302100,0.0,0.0
2013-05-24 00:00:00+09:00,1400.1162835071668,1436.0167010329917,1350.7532094091578,1401.0137939453125,149400,0.0,0.0
2013-05-27 00:00:00+09:00,1341.778042480137,1391.1411142770648,1314.8527305909033,1320.23779296875,171100,0.0,0.0
2013-05-28 00:00:00+09:00,1305.8777896941654,1365.1134832473028,1304.0827686774037,1357.035888671875,119600,0.0,0.0
2013-05-29 00:00:00+09:00,1365.1136690843553,1383.9613923261509,1335.495818275819,1342.6759033203125,125700,0.0,0.0
2013-05-30 00:00:00+09:00,1320.2378258724762,1346.2656280140818,1293.3125133121946,1308.5701904296875,151100,0.0,0.0
2013-05-31 00:00:00+09:00,1313.0577956690934,1361.5233602392445,1283.439950654001,1303.1851806640625,101900,0.0,0.0
2013-06-03 00:00:00+09:00,1265.4897032253748,1287.0299534930407,1257.412109375,1257.412109375,101000,0.0,0.0
2013-06-04 00:00:00+09:00,1257.4124925992214,1293.3129206534463,1237.667257169398,1287.9278564453125,134400,0.0,0.0
2013-06-05 00:00:00+09:00,1293.3126122131566,1298.6976751370144,1243.9495354111277,1244.8470458984375,74000,0.0,0.0
2013-06-06 00:00:00+09:00,1190.996604718509,1261.0024337825962,1190.996604718509,1192.7916259765625,139100,0.0,0.0
2013-06-07 00:00:00+09:00,1141.6329305711292,1176.6358270273195,1120.9901967636322,1150.6080322265625,152000,0.0,0.0
2013-06-10 00:00:00+09:00,1172.1488959775334,1233.1796195046945,1172.1488959775334,1227.7945556640625,69200,0.0,0.0
2013-06-11 00:00:00+09:00,1245.7445861317974,1245.7445861317974,1201.7665712035136,1208.9466552734375,91900,0.0,0.0
2013-06-12 00:00:00+09:00,1167.6610152293933,1207.1514723163214,1166.763504841054,1196.38134765625,55800,0.0,0.0
2013-06-13 00:00:00+09:00,1171.2511353392701,1183.8162816187719,1149.7108845744099,1155.095947265625,61300,0.0,0.0
2013-06-14 00:00:00+09:00,1207.1513497217632,1207.1513497217632,1154.1982421875,1154.1982421875,97800,0.0,0.0
2013-06-17 00:00:00+09:00,1153.301118330522,1187.4065210515803,1143.4285017533737,1184.7139892578125,62800,0.0,0.0
2013-06-18 00:00:00+09:00,1185.611258781636,1195.4838733513545,1173.046112965631,1180.2261962890625,37000,0.0,0.0
2013-06-19 00:00:00+09:00,1191.893648250374,1203.5612818552347,1185.6110763092954,1199.07373046875,50200,0.0,0.0
2013-06-20 00:00:00+09:00,1199.9714116594641,1199.9714116594641,1162.2759746439835,1164.968505859375,79400,0.0,0.0
2013-06-21 00:00:00+09:00,1148.8133935471408,1166.7636028213149,1129.0681633455492,1161.3785400390625,70200,0.0,0.0
2013-06-24 00:00:00+09:00,1188.3036934457175,1188.3036934457175,1151.5057694039695,1177.5335693359375,66200,0.0,0.0
2013-06-25 00:00:00+09:00,1150.6081983594354,1177.5335072134005,1150.6081983594354,1158.685791015625,66500,0.0,0.0
2013-06-26 00:00:00+09:00,1171.300126953125,1174.0031272460938,1124.448121875,1126.2501220703125,44100,5.0,0.0
2013-06-27 00:00:00+09:00,1133.4581359622034,1141.567136934906,1108.2301329360178,1139.76513671875,54600,0.0,0.0
2013-06-28 00:00:00+09:00,1163.1913005425017,1186.6173065952553,1155.0822984473177,1183.0133056640625,34600,0.0,0.0
2013-07-01 00:00:00+09:00,1177.607066769777,1190.221067484985,1153.2800653904474,1188.4190673828125,57000,0.0,0.0
2013-07-02 00:00:00+09:00,1199.2311894931663,1199.2311894931663,1182.112186788155,1186.6171875,83700,0.0,0.0
2013-07-03 00:00:00+09:00,1189.319851446329,1219.9538476199466,1189.319851446329,1211.8448486328125,83300,0.0,0.0
2013-07-04 00:00:00+09:00,1207.3397287535986,1234.369722680918,1195.6267313850935,1212.7457275390625,65100,0.0,0.0
2013-07-05 00:00:00+09:00,1217.2507601207385,1239.775755681818,1217.2507601207385,1238.874755859375,45900,0.0,0.0
2013-07-08 00:00:00+09:00,1257.796005923018,1270.4100059824177,1244.281005859375,1244.281005859375,61700,0.0,0.0
2013-07-09 00:00:00+09:00,1249.6871346685316,1268.6081367074928,1235.2711331150374,1250.588134765625,26300,0.0,0.0
2013-07-10 00:00:00+09:00,1250.588114197001,1250.588114197001,1219.0531113173936,1229.8651123046875,54400,0.0,0.0
2013-07-11 00:00:00+09:00,1207.3399465071443,1216.3499461079439,1180.3099477047456,1190.220947265625,169800,0.0,0.0
2013-07-12 00:00:00+09:00,1201.9341044871574,1229.8651069152697,1197.4291040955263,1224.4591064453125,91900,0.0,0.0
2013-07-16 00:00:00+09:00,1219.9538443234212,1229.8648430586927,1206.438846048051,1209.141845703125,93800,0.0,0.0
2013-07-17 00:00:00+09:00,1199.2310873003148,1225.3600892024253,1197.4290871691348,1207.340087890625,51100,0.0,0.0
2013-07-18 00:00:00+09:00,1205.5379758029515,1222.656975459346,1200.1319759114583,1216.3499755859375,324000,0.0,0.0
2013-07-19 00:00:00+09:00,1213.6470716421616,1215.4490717485344,1186.6170700465677,1191.1220703125,102800,0.0,0.0
2013-07-22 00:00:00+09:00,1208.2410713230427,1208.2410713230427,1181.211069727449,1191.1220703125,48200,0.0,0.0
2013-07-23 00:00:00+09:00,1190.2209318432654,1192.0229317400758,1169.497933029946,1176.7059326171875,130500,0.0,0.0
2013-07-24 00:00:00+09:00,1181.2109323592135,1181.2109323592135,1166.7949331847303,1176.7059326171875,68400,0.0,0.0
2013-07-25 00:00:00+09:00,1180.3100501492243,1204.637051182834,1166.7950495749965,1172.2010498046875,125200,0.0,0.0
2013-07-26 00:00:00+09:00,1167.6955379777692,1172.200536195276,1153.2795436817473,1155.08154296875,111000,0.0,0.0
2013-07-29 00:00:00+09:00,1153.280003987241,1153.280003987241,1127.151003896905,1129.85400390625,150700,0.0,0.0
2013-07-30 00:00:00+09:00,1126.2499931255657,1146.0719930045757,1117.2399931805612,1119.9429931640625,148900,0.0,0.0
2013-07-31 00:00:00+09:00,1123.5469065451864,1165.8939030228319,1123.5469065451864,1150.576904296875,135500,0.0,0.0
2013-08-01 00:00:00+09:00,1151.4781424935409,1160.4881436085138,1131.6561400406003,1144.2701416015625,70600,0.0,0.0
2013-08-02 00:00:00+09:00,1160.487662226776,1172.200658817574,1148.7746656359777,1154.1806640625,95000,0.0,0.0
2013-08-05 00:00:00+09:00,1159.5869213263438,1169.4979206539194,1142.4679224878043,1165.8939208984375,80800,0.0,0.0
2013-08-06 00:00:00+09:00,1166.795166015625,1176.7061674257964,1155.082164349059,1166.795166015625,71100,0.0,0.0
2013-08-07 00:00:00+09:00,1153.2800118858954,1153.2800118858954,1137.06201171875,1137.06201171875,91200,0.0,0.0
2013-08-08 00:00:00+09:00,1135.260129213902,1152.3791311623656,1130.7551287011486,1132.55712890625,66200,0.0,0.0
2013-08-09 00:00:00+09:00,1108.2300461989182,1119.9430466871995,946.9510394756611,995.6050415039062,448900,0.0,0.0
2013-08-12 00:00:00+09:00,986.5950792100695,989.2980794270834,958.6640769675926,973.080078125,234700,0.0,0.0
2013-08-13 00:00:00+09:00,983.8921074078237,1001.9121093749999,973.080106227518,1001.912109375,134000,0.0,0.0
2013-08-14 00:00:00+09:00,1012.7240367771425,1049.6650381186573,1012.7240367771425,1048.7640380859375,110500,0.0,0.0
2013-08-15 00:00:00+09:00,1035.2491556014818,1059.5761592579133,1027.1401543826712,1046.0611572265625,123300,0.0,0.0
2013-08-16 00:00:00+09:00,1040.654806887677,1069.4868015373788,1033.4468082252515,1057.7738037109375,90900,0.0,0.0
2013-08-19 00:00:00+09:00,1046.9620700355765,1081.2000723258966,1046.061069975305,1080.299072265625,96300,0.0,0.0
2013-08-20 00:00:00+09:00,1064.080917972934,1073.9919172089224,1051.4669189453125,1051.4669189453125,44600,0.0,0.0
2013-08-21 00:00:00+09:00,1040.6549197787797,1072.1899173478337,1035.2489201955132,1051.4669189453125,42600,0.0,0.0
2013-08-22 00:00:00+09:00,1045.1599235762703,1072.1899215997944,1038.852924037448,1055.0709228515625,45000,0.0,0.0
2013-08-23 00:00:00+09:00,1055.0711413156976,1066.784142884531,1024.4371372125945,1028.0411376953125,156000,0.0,0.0
2013-08-26 00:00:00+09:00,1027.1398190548189,1044.258816039066,1012.7238215944004,1017.2288208007812,91100,0.0,0.0
2013-08-27 00:00:00+09:00,1016.3280423677885,1028.9420428936298,992.0010413536659,995.6050415039062,150900,0.0,0.0
2013-08-28 00:00:00+09:00,982.9909883421109,982.9909883421109,938.8419888657007,946.9509887695312,183000,0.0,0.0
2013-08-29 00:00:00+09:00,947.851663718043,976.683653488934,946.0496643573623,975.7826538085938,65900,0.0,0.0
2013-08-30 00:00:00+09:00,989.2977834848257,994.7037823016827,965.8717886117788,983.8917846679688,96800,0.0,0.0
2013-09-02 00:00:00+09:00,977.5849104929189,992.9019090905038,961.366911977829,986.5949096679688,99600,0.0,0.0
2013-09-03 00:00:00+09:00,994.7038780749109,1030.7438736573351,989.2978787375473,1011.8228759765625,100500,0.0,0.0
2013-09-04 00:00:00+09:00,1008.2189194746517,1008.2189194746517,982.9909214895845,996.5059204101562,101600,0.0,0.0
2013-09-05 00:00:00+09:00,1004.6148768600776,1014.5258756452444,992.000878406229,1011.8228759765625,54600,0.0,0.0
2013-09-06 00:00:00+09:00,1015.4268611873592,1015.4268611873592,986.5948651288007,1000.10986328125,57100,0.0,0.0
2013-09-09 00:00:00+09:00,1020.833143481594,1035.2491455078125,1018.1301431016781,1035.2491455078125,146900,0.0,0.0
2013-09-10 00:00:00+09:00,1031.644817423296,1072.1898102477924,1030.7438175827517,1064.9818115234375,110000,0.0,0.0
2013-09-11 00:00:00+09:00,1072.190101790602,1125.349106837363,1072.190101790602,1110.93310546875,241000,0.0,0.0
2013-09-12 00:00:00+09:00,1103.724812859743,1103.724812859743,1064.0808195815155,1071.288818359375,94000,0.0,0.0
2013-09-13 00:00:00+09:00,1109.1311193486038,1130.7551216754653,1091.1111174095527,1125.34912109375,178700,0.0,0.0
2013-09-17 00:00:00+09:00,1128.0518755790515,1135.2598747840293,1110.0318775666065,1124.4478759765625,95700,0.0,0.0
2013-09-18 00:00:00+09:00,1143.368927495309,1180.3099251527617,1138.8639277809855,1170.39892578125,150000,0.0,0.0
2013-09-19 00:00:00+09:00,1180.3100576612037,1180.3100576612037,1164.9930569129285,1179.4090576171875,54300,0.0,0.0
2013-09-20 00:00:00+09:00,1187.5178484625326,1214.547845013273,1187.5178484625326,1209.141845703125,108200,0.0,0.0
2013-09-24 00:00:00+09:00,1202.8348399636275,1210.9438388847307,1195.6268409226468,1203.73583984375,39500,0.0,0.0
2013-09-25 00:00:00+09:00,1216.350223780558,1229.8652262670087,1212.7462231175045,1220.855224609375,97700,0.0,0.0
2013-09-26 00:00:00+09:00,1198.3298921550654,1247.8848876953125,1198.3298921550654,1247.8848876953125,71400,0.0,0.0
2013-09-27 00:00:00+09:00,1247.8848876953125,1255.9938869655348,1242.478888181831,1247.8848876953125,70600,0.0,0.0
2013-09-30 00:00:00+09:00,1249.6868811504316,1257.7958803792376,1237.072882350067,1242.4788818359375,70400,0.0,0.0
2013-10-01 00:00:00+09:00,1235.2711109992606,1242.4791116469587,1226.261110189638,1228.0631103515625,106100,0.0,0.0
2013-10-02 00:00:00+09:00,1226.2608545066337,1248.7858518340884,1204.636857072277,1218.15185546875,238800,0.0,0.0
2013-10-03 00:00:00+09:00,1215.448953375759,1216.3499533411969,1190.2209543434972,1196.5279541015625,156100,0.0,0.0
2013-10-04 00:00:00+09:00,1180.310042544289,1181.2110425767655,1155.983041667422,1164.9930419921875,99100,0.0,0.0
2013-10-07 00:00:00+09:00,1157.7847888982185,1169.4977867625585,1145.17079119816,1156.8837890625,68900,0.0,0.0
2013-10-08 00:00:00+09:00,1155.9830753641918,1205.5380785949249,1155.082075305451,1198.330078125,69600,0.0,0.0
2013-10-09 00:00:00+09:00,1203.7360159336836,1256.8950166373418,1201.9340159098308,1254.1920166015625,131800,0.0,0.0
2013-10-10 00:00:00+09:00,1279.4198870229136,1285.7268864659843,1231.666891239664,1249.6868896484375,167700,0.0,0.0
2013-10-11 00:00:00+09:00,1276.7167648853715,1276.7167648853715,1239.775771688265,1251.48876953125,62400,0.0,0.0
2013-10-15 00:00:00+09:00,1248.7861292793507,1258.6971303053772,1225.3601268541968,1245.18212890625,45500,0.0,0.0
2013-10-16 00:00:00+09:00,1237.9738990045362,1274.013896064348,1237.072899078041,1256.8948974609375,70200,0.0,0.0
2013-10-17 00:00:00+09:00,1270.4100313166311,1274.0140314054727,1252.3900308724235,1267.70703125,124700,0.0,0.0
2013-10-18 00:00:00+09:00,1266.8060321807861,1272.2120323181152,1261.400032043457,1268.6080322265625,40100,0.0,0.0
2013-10-21 00:00:00+09:00,1253.2911865571355,1306.4501944700548,1253.2911865571355,1305.5491943359375,114500,0.0,0.0
2013-10-22 00:00:00+09:00,1278.5191667571528,1295.638168989983,1264.1031648768746,1280.3211669921875,80600,0.0,0.0
2013-10-23 00:00:00+09:00,1280.321032524109,1299.2420330047607,1268.6080322265625,1268.6080322265625,47600,0.0,0.0
2013-10-24 00:00:00+09:00,1252.390059469804,1300.1430617373578,1252.390059469804,1295.6380615234375,52000,0.0,0.0
2013-10-25 00:00:00+09:00,1283.9249520137391,1328.0739503636853,1270.4099525188576,1306.449951171875,111600,0.0,0.0
2013-10-28 00:00:00+09:00,1326.2719504310344,1327.17295039736,1300.142951407597,1306.449951171875,39700,0.0,0.0
2013-10-29 00:00:00+09:00,1324.4698540121822,1333.4798530190678,1306.449855998411,1328.974853515625,70800,0.0,0.0
2013-10-30 00:00:00+09:00,1329.876012384852,1376.7280128211748,1319.965012292553,1363.2130126953125,198700,0.0,0.0
2013-10-31 00:00:00+09:00,1363.213003929625,1382.1340039841673,1338.8860038594996,1355.10400390625,89300,0.0,0.0
2013-11-01 00:00:00+09:00,1354.20280217858,1365.0148005991675,1285.726812181526,1290.2318115234375,111400,0.0,0.0
2013-11-05 00:00:00+09:00,1283.9253081747404,1317.2623161764707,1264.103303416955,1301.9453125,74200,0.0,0.0
2013-11-06 00:00:00+09:00,1323.5690038153466,1360.5100039218335,1321.7670038101521,1355.10400390625,104200,0.0,0.0
2013-11-07 00:00:00+09:00,1339.7868641664652,1356.9058624308652,1321.7668659934125,1338.8858642578125,52200,0.0,0.0
2013-11-08 00:00:00+09:00,1305.5491901091261,1320.86619233953,1284.826187091521,1301.044189453125,35700,0.0,0.0
2013-11-11 00:00:00+09:00,1235.270969118391,1252.389968690418,1210.0429697490874,1210.9439697265625,93600,0.0,0.0
2013-11-12 00:00:00+09:00,1210.042812068288,1210.042812068288,1170.3988182253954,1182.11181640625,121000,0.0,0.0
2013-11-13 00:00:00+09:00,1181.21105770522,1195.6270584094789,1173.1020573090743,1179.4090576171875,60000,0.0,0.0
2013-11-14 00:00:00+09:00,1183.0130643061955,1216.3500661183273,1174.9040638654064,1185.716064453125,68800,0.0,0.0
2013-11-15 00:00:00+09:00,1189.3200665070183,1194.726066809323,1181.2110660535614,1187.51806640625,108600,0.0,0.0
2013-11-18 00:00:00+09:00,1203.7360530686396,1203.7360530686396,1171.3000516386464,1174.0030517578125,80300,0.0,0.0
2013-11-19 00:00:00+09:00,1171.299792186894,1171.299792186894,1153.2797953840186,1161.3887939453125,135000,0.0,0.0
2013-11-20 00:00:00+09:00,1162.2899262954677,1170.39892578125,1160.4879264097383,1170.39892578125,37200,0.0,0.0
2013-11-21 00:00:00+09:00,1162.2899169921875,1170.3989164130633,1157.7849173139232,1162.2899169921875,42700,0.0,0.0
2013-11-22 00:00:00+09:00,1164.9930295944214,1164.9930295944214,1149.6760292053223,1153.280029296875,56200,0.0,0.0
2013-11-25 00:00:00+09:00,1157.7849265811442,1178.5079252670323,1157.7849265811442,1170.39892578125,46400,0.0,0.0
2013-11-26 00:00:00+09:00,1163.19116295971,1169.4981638433026,1155.0821618236625,1164.0921630859375,31600,0.0,0.0
2013-11-27 00:00:00+09:00,1169.4980421545704,1177.6070424468594,1164.092041959711,1164.9930419921875,50500,0.0,0.0
2013-11-28 00:00:00+09:00,1162.2899096660658,1165.8939093859606,1153.279910366329,1155.98291015625,71500,0.0,0.0
2013-11-29 00:00:00+09:00,1154.181016785005,1155.0820167981083,1138.8640165622535,1141.5670166015625,98300,0.0,0.0
2013-12-02 00:00:00+09:00,1143.3690098353795,1170.3990100678943,1128.052009703621,1135.260009765625,118600,0.0,0.0
2013-12-03 00:00:00+09:00,1130.7548785190597,1142.4678772606915,1121.7448794870354,1127.15087890625,97900,0.0,0.0
2013-12-04 00:00:00+09:00,1120.843990202873,1130.7549901162424,1102.823990360383,1117.239990234375,80800,0.0,0.0
2013-12-05 00:00:00+09:00,1117.2401140738225,1131.6561155457428,1117.2401140738225,1119.0421142578125,39200,0.0,0.0
2013-12-06 00:00:00+09:00,1131.6558859238373,1142.467884833938,1118.140887286212,1133.4578857421875,51600,0.0,0.0
2013-12-09 00:00:00+09:00,1121.7453688117348,1135.2603732552498,1121.7453688117348,1131.6563720703125,30400,0.0,0.0
2013-12-10 00:00:00+09:00,1137.0620165360472,1145.1710166539747,1135.260016509841,1141.5670166015625,49000,0.0,0.0
2013-12-11 00:00:00+09:00,1141.5670098198784,1147.874009874132,1120.844009641617,1135.260009765625,45200,0.0,0.0
2013-12-12 00:00:00+09:00,1135.260004902266,1135.260004902266,1116.3390048205615,1130.7550048828125,35600,0.0,0.0
2013-12-13 00:00:00+09:00,1130.7551225585937,1132.5571227539062,1116.3391209960937,1126.2501220703125,67100,0.0,0.0
2013-12-16 00:00:00+09:00,1126.250098733341,1126.250098733341,1100.1210964427275,1102.8240966796875,72100,0.0,0.0
2013-12-17 00:00:00+09:00,1102.8240930776128,1109.1310936099194,1095.6160924692624,1099.2200927734375,42800,0.0,0.0
2013-12-18 00:00:00+09:00,1087.5068447788065,1104.6258423353909,1087.5068447788065,1094.71484375,185400,0.0,0.0
2013-12-19 00:00:00+09:00,1099.2199626456786,1107.328962370114,1088.4079630130982,1092.011962890625,60200,0.0,0.0
2013-12-20 00:00:00+09:00,1085.7049720507973,1108.2299714709384,1085.7049720507973,1100.1209716796875,145400,0.0,0.0
2013-12-24 00:00:00+09:00,1097.41809262135,1107.3290934578317,1094.7150923932186,1099.2200927734375,87800,0.0,0.0
2013-12-25 00:00:00+09:00,1083.9029551154356,1091.1109548169513,1078.4969553392987,1084.803955078125,130500,0.0,0.0
2013-12-26 00:00:00+09:00,1085.708830847346,1122.8038825679637,1085.708830847346,1116.4705810546875,51100,5.0,0.0
2013-12-27 00:00:00+09:00,1130.9466722951943,1144.5180323627367,1126.4228856060136,1135.470458984375,46500,0.0,0.0
2013-12-30 00:00:00+09:00,1144.5179060204925,1147.232177734375,1131.8513046890403,1147.232177734375,69300,0.0,0.0
2014-01-06 00:00:00+09:00,1149.946543897525,1149.946543897525,1135.4704269011754,1146.3275146484375,24400,0.0,0.0
2014-01-07 00:00:00+09:00,1151.7561082628038,1157.1846523708766,1138.1847479926214,1139.9942626953125,56900,0.0,0.0
2014-01-08 00:00:00+09:00,1141.8037109375,1141.8037109375,1131.851380651991,1141.8037109375,61700,0.0,0.0
2014-01-09 00:00:00+09:00,1141.8037109375,1141.8037109375,1135.4704098467214,1141.8037109375,28500,0.0,0.0
2014-01-10 00:00:00+09:00,1140.89892578125,1141.803683057841,1120.089508419657,1140.89892578125,67200,0.0,0.0
2014-01-14 00:00:00+09:00,1120.0894423494121,1120.9941995726347,1108.3275984475201,1111.0418701171875,75400,0.0,0.0
2014-01-15 00:00:00+09:00,1114.6609513274336,1129.1370675784392,1113.7561940617459,1124.61328125,56900,0.0,0.0
2014-01-16 00:00:00+09:00,1131.8513847210581,1147.2322588539582,1128.2323555133169,1130.0418701171875,95000,0.0,0.0
2014-01-17 00:00:00+09:00,1114.6610508468225,1133.6609551226206,1112.8515361538894,1131.8514404296875,45100,0.0,0.0
2014-01-20 00:00:00+09:00,1139.0897609443423,1140.8992760530703,1130.0421854007018,1136.37548828125,50800,0.0,0.0
2014-01-21 00:00:00+09:00,1136.3751431978667,1139.994172316331,1127.3275704017053,1129.1370849609375,94500,0.0,0.0
2014-01-22 00:00:00+09:00,1134.5655237975734,1139.0893097776275,1127.3274662294868,1133.6607666015625,83000,0.0,0.0
2014-01-23 00:00:00+09:00,1136.3751386477622,1185.2320315514082,1136.3751386477622,1172.5654296875,313500,0.0,0.0
2014-01-24 00:00:00+09:00,1173.4701937036039,1212.3747567947796,1158.0893199233717,1180.708251953125,267000,0.0,0.0
2014-01-27 00:00:00+09:00,1145.422800626686,1149.0418300125523,1123.7086243114882,1131.8514404296875,178800,0.0,0.0
2014-01-28 00:00:00+09:00,1142.7084302948742,1142.7084302948742,1107.4228968178354,1112.8514404296875,100100,0.0,0.0
2014-01-29 00:00:00+09:00,1118.2800251920287,1131.8513847210581,1118.2800251920287,1130.0418701171875,47500,0.0,0.0
2014-01-30 00:00:00+09:00,1108.3277095447886,1120.089554625672,1095.661107149991,1114.6610107421875,105300,0.0,0.0
2014-01-31 00:00:00+09:00,1111.9467281600803,1129.1371169599515,1102.8991551075167,1118.280029296875,80400,0.0,0.0
2014-02-03 00:00:00+09:00,1094.756596403302,1121.8993219339623,1094.756596403302,1102.8994140625,72300,0.0,0.0
2014-02-04 00:00:00+09:00,1067.6136106847637,1074.8516690622873,996.1377842067159,997.0425415039062,118300,0.0,0.0
2014-02-05 00:00:00+09:00,1024.1852869250838,1027.8043162075046,958.1380025209045,978.0426635742188,97700,0.0,0.0
2014-02-06 00:00:00+09:00,979.8521568781746,997.9473028962387,954.5189524528847,985.2807006835938,95100,0.0,0.0
2014-02-07 00:00:00+09:00,1012.4233438022088,1038.661303561158,992.5186846747303,1032.3280029296875,49000,0.0,0.0
2014-02-10 00:00:00+09:00,1025.089917611023,1114.6608812857726,997.0424441371116,1106.51806640625,147200,0.0,0.0
2014-02-12 00:00:00+09:00,1100.184835076428,1149.94648468926,1100.184835076428,1124.61328125,84900,0.0,0.0
2014-02-13 00:00:00+09:00,1146.3275517019865,1171.6607572644614,1120.9943461395117,1123.7086181640625,98100,0.0,0.0
2014-02-14 00:00:00+09:00,1119.1844012392296,1150.8508960196443,1118.2796442455035,1125.5177001953125,57800,0.0,0.0
2014-02-17 00:00:00+09:00,1136.3751736452596,1176.184495014998,1136.3751736452596,1149.946533203125,47600,0.0,0.0
2014-02-18 00:00:00+09:00,1159.8989366701512,1161.7084513919453,1144.5180615348995,1156.2799072265625,56300,0.0,0.0
2014-02-19 00:00:00+09:00,1162.6131354571328,1162.6131354571328,1145.4227466838365,1149.946533203125,29600,0.0,0.0
2014-02-20 00:00:00+09:00,1132.756197776154,1167.1369769418839,1127.3276536973544,1131.8514404296875,75900,0.0,0.0
2014-02-21 00:00:00+09:00,1137.2800124293317,1137.2800124293317,1120.9943797931123,1132.7562255859375,45900,0.0,0.0
2014-02-24 00:00:00+09:00,1116.470379877357,1139.9940669736384,1116.470379877357,1133.6607666015625,96100,0.0,0.0
2014-02-25 00:00:00+09:00,1148.1370617140813,1148.1370617140813,1123.7086135925051,1135.470458984375,43900,0.0,0.0
2014-02-26 00:00:00+09:00,1130.9464695571025,1138.184526962268,1120.0893834493543,1120.994140625,19300,0.0,0.0
2014-02-27 00:00:00+09:00,1118.2800957727663,1131.8514561583581,1112.8515516185296,1116.4705810546875,24500,0.0,0.0
2014-02-28 00:00:00+09:00,1112.8513845636326,1121.8989567958572,1094.7562400991833,1111.0418701171875,36400,0.0,0.0
2014-03-03 00:00:00+09:00,1111.9469115906522,1111.9469115906522,1076.6613708648301,1088.4232177734375,17400,0.0,0.0
2014-03-04 00:00:00+09:00,1065.8041219042732,1125.518104965124,1064.8993645851695,1122.8038330078125,30400,0.0,0.0
2014-03-05 00:00:00+09:00,1139.994197929401,1149.9465282287847,1101.9943913317543,1110.13720703125,27300,0.0,0.0
2014-03-06 00:00:00+09:00,1127.3275982113817,1134.565656626864,1101.9943937571932,1130.0418701171875,27000,0.0,0.0
2014-03-07 00:00:00+09:00,1139.0893097776275,1147.232124541725,1118.2798942693785,1133.6607666015625,21000,0.0,0.0
2014-03-10 00:00:00+09:00,1116.4704485324742,1132.7560790621214,1100.1848180028271,1120.0894775390625,31000,0.0,0.0
2014-03-11 00:00:00+09:00,1116.4706198276301,1131.85149546545,1094.7564424565903,1113.75634765625,29500,0.0,0.0
2014-03-12 00:00:00+09:00,1112.8514539278472,1138.1846577570989,1105.613395690918,1129.1370849609375,65100,0.0,0.0
2014-03-13 00:00:00+09:00,1135.4704098467214,1144.5179828335479,1120.0895357691163,1141.8037109375,49900,0.0,0.0
2014-03-14 00:00:00+09:00,1130.0417759765626,1139.99410546875,1116.470417578125,1130.946533203125,132900,0.0,0.0
2014-03-17 00:00:00+09:00,1130.9465613001798,1170.7558802579463,1130.9465613001798,1163.517822265625,144100,0.0,0.0
2014-03-18 00:00:00+09:00,1158.0893536121673,1207.85100552519,1158.0893536121673,1189.755859375,212900,0.0,0.0
2014-03-19 00:00:00+09:00,1193.3749464246962,1203.3272772894966,1123.7086303710937,1139.9942626953125,161300,0.0,0.0
2014-03-20 00:00:00+09:00,1151.7560386411606,1172.5654564642136,1110.1372029950542,1121.8990478515625,114200,0.0,0.0
2014-03-24 00:00:00+09:00,1134.5656525480388,1206.9462364426504,1134.5656525480388,1141.8037109375,138600,0.0,0.0
2014-03-25 00:00:00+09:00,1184.3274197785752,1184.3274197785752,1147.2323669054495,1165.3275146484375,104800,0.0,0.0
2014-03-26 00:00:00+09:00,1172.5653205018568,1191.5652215285072,1147.2321191329895,1157.1844482421875,106900,0.0,0.0
2014-03-27 00:00:00+09:00,1139.9939862419578,1139.9939862419578,1080.2800155340458,1107.4227294921875,139500,0.0,0.0
2014-03-28 00:00:00+09:00,1099.2800262152955,1123.708471242302,1095.6609973224056,1111.0418701171875,50900,0.0,0.0
2014-03-31 00:00:00+09:00,1103.8039505240015,1124.6133692633884,1097.4706491685358,1115.5657958984375,67600,0.0,0.0
2014-04-01 00:00:00+09:00,1115.5660102515699,1141.8039780514853,1115.5660102515699,1134.56591796875,106800,0.0,0.0
2014-04-02 00:00:00+09:00,1141.8035406739436,1167.1367412594193,1141.8035406739436,1148.1368408203125,65700,0.0,0.0
2014-04-03 00:00:00+09:00,1149.946543897525,1163.5179035816027,1137.279941525719,1146.3275146484375,60100,0.0,0.0
2014-04-04 00:00:00+09:00,1146.3274172590077,1166.2320764379328,1138.1846021403567,1158.9940185546875,137000,0.0,0.0
2014-04-07 00:00:00+09:00,1159.8989042060318,1176.1845362463662,1151.7560881858647,1167.136962890625,56400,0.0,0.0
2014-04-08 00:00:00+09:00,1170.7558941987395,1187.0415248753834,1140.898904624892,1179.803466796875,151600,0.0,0.0
2014-04-09 00:00:00+09:00,1179.8036775444054,1197.8988259730006,1175.2798904372567,1190.6607666015625,131200,0.0,0.0
2014-04-10 00:00:00+09:00,1197.8988092045672,1210.565412927274,1176.1846313942124,1186.136962890625,81700,0.0,0.0
2014-04-11 00:00:00+09:00,1149.0418816797483,1173.4703311327821,1139.994307808254,1165.3275146484375,66600,0.0,0.0
2014-04-14 00:00:00+09:00,1166.2317649129886,1173.4698208627976,1125.5177001953125,1125.5177001953125,44300,0.0,0.0
2014-04-15 00:00:00+09:00,1134.5657124690872,1153.5656167448853,1127.3276536973544,1131.8514404296875,54100,0.0,0.0
2014-04-16 00:00:00+09:00,1130.9466298221134,1155.3750770262711,1129.1371152143981,1149.946533203125,33000,0.0,0.0
2014-04-17 00:00:00+09:00,1167.1369285583496,1174.3749870300294,1154.47032623291,1158.08935546875,24100,0.0,0.0
2014-04-18 00:00:00+09:00,1168.946438983348,1170.755953594777,1149.041778257625,1169.8511962890625,25700,0.0,0.0
2014-04-21 00:00:00+09:00,1176.1844206070793,1206.9461669921875,1176.1844206070793,1206.9461669921875,45200,0.0,0.0
2014-04-22 00:00:00+09:00,1211.470054205768,1237.7080165448026,1209.6605395616966,1214.184326171875,72800,0.0,0.0
2014-04-23 00:00:00+09:00,1207.8511187320855,1221.4224796167157,1206.9463613397768,1213.2796630859375,33800,0.0,0.0
2014-04-24 00:00:00+09:00,1216.8988475333665,1225.946422607964,1213.2798175035275,1222.327392578125,36800,0.0,0.0
2014-04-25 00:00:00+09:00,1225.0413434247191,1232.2794015838017,1212.3747416463248,1227.755615234375,30000,0.0,0.0
2014-04-28 00:00:00+09:00,1230.4700193111382,1237.7080782482626,1197.8987540940786,1204.2320556640625,68000,0.0,0.0
2014-04-30 00:00:00+09:00,1202.422312801751,1213.2793991475908,1176.1843541326384,1177.089111328125,39200,0.0,0.0
2014-05-01 00:00:00+09:00,1177.089113338265,1210.5651296284384,1177.089113338265,1208.755615234375,24500,0.0,0.0
2014-05-02 00:00:00+09:00,1208.755743930065,1234.0889481441682,1208.755743930065,1216.8985595703125,53300,0.0,0.0
2014-05-07 00:00:00+09:00,1217.8033359077947,1219.6128505228137,1187.0415874524715,1189.755859375,44300,0.0,0.0
2014-05-08 00:00:00+09:00,1189.755645306954,1200.6127310435952,1178.8985595703125,1178.8985595703125,33700,0.0,0.0
2014-05-09 00:00:00+09:00,1177.0890452808724,1195.1841881752746,1150.8510880839888,1178.8985595703125,36900,0.0,0.0
2014-05-12 00:00:00+09:00,1221.4221774864054,1245.8506210361336,1202.422276947728,1211.4698486328125,86200,0.0,0.0
2014-05-13 00:00:00+09:00,1211.470243647898,1217.8035458925099,1183.4227622789026,1192.4703369140625,46400,0.0,0.0
2014-05-14 00:00:00+09:00,1192.4700817088476,1233.184158853687,1188.8510526293064,1227.755615234375,39500,0.0,0.0
2014-05-15 00:00:00+09:00,1200.6127702390404,1222.3269424212085,1180.7081124053864,1219.6126708984375,73000,0.0,0.0
2014-05-16 00:00:00+09:00,1187.0414895672334,1206.0413914581723,1152.660714716963,1170.755859375,57800,0.0,0.0
2014-05-19 00:00:00+09:00,1177.0892547347798,1189.755857014785,1162.6131378433452,1169.8511962890625,83600,0.0,0.0
2014-05-20 00:00:00+09:00,1168.9463514454358,1186.1367389666923,1141.8036343066099,1147.232177734375,80800,0.0,0.0
2014-05-21 00:00:00+09:00,1149.0417536208618,1197.8986470819063,1149.0417536208618,1188.85107421875,50700,0.0,0.0
2014-05-22 00:00:00+09:00,1210.5652338030745,1238.6127093246705,1202.422418329063,1235.8984375,79200,0.0,0.0
2014-05-23 00:00:00+09:00,1234.993571174684,1234.993571174684,1216.8984272746884,1220.5174560546875,45400,0.0,0.0
2014-05-26 00:00:00+09:00,1214.184521190008,1221.4225809288455,1187.0417971693669,1200.6131591796875,61000,0.0,0.0
2014-05-27 00:00:00+09:00,1199.7081298828125,1214.1842460804935,1194.2795863086822,1199.7081298828125,34400,0.0,0.0
2014-05-28 00:00:00+09:00,1214.1843661743433,1237.7080573222813,1214.1843661743433,1231.374755859375,65900,0.0,0.0
2014-05-29 00:00:00+09:00,1215.089161756288,1237.708096264037,1205.1368305728784,1228.6605224609375,79900,0.0,0.0
2014-05-30 00:00:00+09:00,1238.6128983931108,1239.517655806108,1222.327264959162,1234.089111328125,187600,0.0,0.0
2014-06-02 00:00:00+09:00,1246.7555098825705,1324.564634592223,1238.612694505979,1314.6123046875,264300,0.0,0.0
2014-06-03 00:00:00+09:00,1306.4694685521474,1329.0883997943938,1301.9456823036983,1321.850341796875,147300,0.0,0.0
2014-06-04 00:00:00+09:00,1327.2792577626756,1353.5172253667092,1317.3269252232144,1329.9935302734375,114600,0.0,0.0
2014-06-05 00:00:00+09:00,1329.9930597854873,1336.32636007018,1311.8979161149366,1334.516845703125,47200,0.0,0.0
2014-06-06 00:00:00+09:00,1335.4217490765616,1352.6121374454333,1325.4694189682673,1347.18359375,71000,0.0,0.0
2014-06-09 00:00:00+09:00,1355.3263437587584,1434.9449807752942,1350.802557564637,1412.3260498046875,196500,0.0,0.0
2014-06-10 00:00:00+09:00,1415.945138451361,1415.945138451361,1373.4215464339718,1402.373779296875,101400,0.0,0.0
2014-06-11 00:00:00+09:00,1401.4688919672358,1437.6591796875,1398.754620388216,1437.6591796875,84100,0.0,0.0
2014-06-12 00:00:00+09:00,1436.7547607421875,1440.3737903662231,1418.6596126220088,1436.7547607421875,110600,0.0,0.0
2014-06-13 00:00:00+09:00,1435.8499272412594,1480.1830377862004,1427.7071110187192,1462.087890625,126400,0.0,0.0
2014-06-16 00:00:00+09:00,1628.5632501499288,1823.9908401679202,1577.896837923042,1744.3721923828125,1805000,0.0,0.0
2014-06-17 00:00:00+09:00,1691.8962925111232,1701.8486236435415,1575.182591049126,1614.087158203125,958300,0.0,0.0
2014-06-18 00:00:00+09:00,1593.2772551012756,1637.6103530569612,1574.2773559774103,1625.8485107421875,473700,0.0,0.0
2014-06-19 00:00:00+09:00,1619.5154398703187,1646.6581567396536,1598.7060236038285,1609.5631103515625,219200,0.0,0.0
2014-06-20 00:00:00+09:00,1619.515669722865,1655.705964018348,1589.6586769290916,1624.9442138671875,221100,0.0,0.0
2014-06-23 00:00:00+09:00,1609.5631977812322,1636.7059161249294,1598.7061104437535,1600.515625,113400,0.0,0.0
2014-06-24 00:00:00+09:00,1617.7061148639737,1626.7536882133247,1596.8966961604663,1607.7537841796875,111100,0.0,0.0
2014-06-25 00:00:00+09:00,1602.3252774591315,1615.8966377989886,1584.230130339322,1585.1348876953125,105300,0.0,0.0
2014-06-26 00:00:00+09:00,1577.8756891501519,1577.8756891501519,1537.0450933987104,1558.8214111328125,133000,5.0,0.0
2014-06-27 00:00:00+09:00,1558.8214478382868,1599.6520445511637,1551.5626750893307,1575.1536865234375,155100,0.0,0.0
2014-06-30 00:00:00+09:00,1586.949192240491,1586.949192240491,1560.6361410255256,1575.1536865234375,96400,0.0,0.0
2014-07-01 00:00:00+09:00,1575.153979794306,1575.153979794306,1537.9527625295789,1539.7674560546875,166400,0.0,0.0
2014-07-02 00:00:00+09:00,1546.118873835017,1601.4670260086884,1546.118873835017,1594.208251953125,133100,0.0,0.0
2014-07-03 00:00:00+09:00,1594.2081816121602,1639.5755174576968,1594.2081816121602,1618.70654296875,126700,0.0,0.0
2014-07-04 00:00:00+09:00,1619.6139573317307,1632.3168118990386,1587.8568209134617,1592.3935546875,70900,0.0,0.0
2014-07-07 00:00:00+09:00,1584.2271151559316,1592.39323430622,1550.6552919825242,1558.8214111328125,101500,0.0,0.0
2014-07-08 00:00:00+09:00,1547.9337650989855,1583.3202931405215,1543.397030734686,1573.3394775390625,75100,0.0,0.0
2014-07-09 00:00:00+09:00,1586.0420649102393,1695.8310179160396,1578.7832911577898,1620.521240234375,229400,0.0,0.0
2014-07-10 00:00:00+09:00,1620.521387939453,1649.556485595703,1598.7450646972657,1633.2242431640625,128100,0.0,0.0
2014-07-11 00:00:00+09:00,1637.7607025231966,1637.7607025231966,1593.3007166929272,1619.61376953125,76900,0.0,0.0
2014-07-14 00:00:00+09:00,1619.6142899540735,1639.5759226593898,1596.0232694841543,1636.8538818359375,58400,0.0,0.0
2014-07-15 00:00:00+09:00,1647.7418536370296,1667.7034840225003,1635.9463447728879,1664.0740966796875,119300,0.0,0.0
2014-07-16 00:00:00+09:00,1655.9079751583586,1675.8696055438293,1653.185934651249,1664.0740966796875,99400,0.0,0.0
2014-07-17 00:00:00+09:00,1664.0741002699908,1678.5916496725642,1635.0390014648438,1665.8887939453125,127400,0.0,0.0
2014-07-18 00:00:00+09:00,1635.0390518970107,1647.7419080160773,1621.4288489122964,1629.594970703125,90100,0.0,0.0
2014-07-22 00:00:00+09:00,1670.425388847731,1704.9045658038494,1654.093147131675,1657.7225341796875,102500,0.0,0.0
2014-07-23 00:00:00+09:00,1668.6107159138246,1682.2209175118167,1656.8152078622313,1667.703369140625,128900,0.0,0.0
2014-07-24 00:00:00+09:00,1660.444764135144,1671.3329265229154,1610.540686524525,1629.594970703125,113700,0.0,0.0
2014-07-25 00:00:00+09:00,1642.2978178926314,1661.3521019676289,1615.9847589319209,1625.0582275390625,96300,0.0,0.0
2014-07-28 00:00:00+09:00,1633.2242228986165,1633.2242228986165,1589.6715769546533,1623.243408203125,58700,0.0,0.0
2014-07-29 00:00:00+09:00,1606.0037710933068,1617.799279016591,1581.505408483409,1599.65234375,78300,0.0,0.0
2014-07-30 00:00:00+09:00,1602.3743358616296,1657.7224867605873,1602.3743358616296,1635.038818359375,135200,0.0,0.0
2014-07-31 00:00:00+09:00,1634.1314918640276,1643.2049593368984,1581.5053805213772,1586.0421142578125,87700,0.0,0.0
2014-08-01 00:00:00+09:00,1587.8569444382651,1599.6524531683779,1558.8218460256796,1593.301025390625,84400,0.0,0.0
2014-08-04 00:00:00+09:00,1583.3201776467204,1602.3744605868815,1575.1540563866513,1576.96875,51100,0.0,0.0
2014-08-05 00:00:00+09:00,1586.9495556584275,1599.6524108781061,1569.7099664317207,1572.4320068359375,52800,0.0,0.0
2014-08-06 00:00:00+09:00,1560.6364237814632,1604.1890681660623,1560.6364237814632,1595.1156005859375,69300,0.0,0.0
2014-08-07 00:00:00+09:00,1574.2466614625164,1587.8568631466303,1527.064628957588,1553.377685546875,101100,0.0,0.0
2014-08-08 00:00:00+09:00,1535.230929062873,1548.841132334707,1446.3109343535575,1520.71337890625,123200,0.0,0.0
2014-08-11 00:00:00+09:00,1532.5086137058424,1633.2240998641305,1518.8984128736413,1565.173095703125,280300,0.0,0.0
2014-08-12 00:00:00+09:00,1550.6556617785582,1606.003815885341,1550.6556617785582,1561.5438232421875,93000,0.0,0.0
2014-08-13 00:00:00+09:00,1549.748119986631,1583.3199469418448,1510.7322129846257,1527.064453125,156900,0.0,0.0
2014-08-14 00:00:00+09:00,1527.0644937434665,1576.0612154678558,1519.805720154668,1546.1187744140625,127900,0.0,0.0
2014-08-15 00:00:00+09:00,1561.543720212305,1580.5980015164644,1525.249851061525,1570.6171875,66000,0.0,0.0
2014-08-18 00:00:00+09:00,1557.9143595261014,1591.4861890557843,1547.933545341601,1583.320068359375,34000,0.0,0.0
2014-08-19 00:00:00+09:00,1587.8565388341103,1613.2622434554562,1573.3389933361984,1575.1536865234375,27400,0.0,0.0
2014-08-20 00:00:00+09:00,1565.17321593247,1587.8568857285927,1543.396892928192,1564.265869140625,62800,0.0,0.0
2014-08-21 00:00:00+09:00,1583.320090736699,1658.62987155684,1581.5053972229607,1653.185791015625,488900,0.0,0.0
2014-08-22 00:00:00+09:00,1652.278473996234,1688.5723449242128,1633.2241917590452,1667.703369140625,138600,0.0,0.0
2014-08-25 00:00:00+09:00,1678.591389765825,1778.3995264546036,1678.591389765825,1773.86279296875,263400,0.0,0.0
2014-08-26 00:00:00+09:00,1773.8628502229674,1773.8628502229674,1724.8661269943025,1743.0130615234375,117100,0.0,0.0
2014-08-27 00:00:00+09:00,1743.013003361994,1776.584831120658,1717.6072958689508,1772.9554443359375,122900,0.0,0.0
2014-08-28 00:00:00+09:00,1778.39980715981,1845.543473348497,1767.5116450751582,1792.010009765625,324500,0.0,0.0
2014-08-29 00:00:00+09:00,1793.8243799414943,1831.9329403651377,1787.4729532042204,1811.9713134765625,113600,0.0,0.0
2014-09-01 00:00:00+09:00,1811.9713778318824,1823.7668850486148,1777.4922028906647,1784.7509765625,89900,0.0,0.0
2014-09-02 00:00:00+09:00,1798.3614159310525,1814.6936588607998,1772.9557047070014,1781.121826171875,55600,0.0,0.0
2014-09-03 00:00:00+09:00,1792.0098521226753,1802.8980132494967,1758.438021981643,1774.770263671875,105200,0.0,0.0
2014-09-04 00:00:00+09:00,1773.8629037652522,1793.824532349823,1748.4571946576168,1768.4188232421875,55700,0.0,0.0
2014-09-05 00:00:00+09:00,1787.473286829628,1793.8247147523728,1727.588394986605,1735.7545166015625,81100,0.0,0.0
2014-09-08 00:00:00+09:00,1752.9938474083915,1791.102409308574,1723.051405915391,1787.4730224609375,83400,0.0,0.0
2014-09-09 00:00:00+09:00,1792.0098158521755,1804.7126702430264,1754.8085994218266,1757.5306396484375,48400,0.0,0.0
2014-09-10 00:00:00+09:00,1751.1791312633666,1780.2142256677332,1726.6807703596821,1776.5848388671875,40000,0.0,0.0
2014-09-11 00:00:00+09:00,1787.4730186152265,1801.083219264581,1773.862817965872,1785.6583251953125,57600,0.0,0.0
2014-09-12 00:00:00+09:00,1808.3418624892993,1844.6357282693152,1776.5847299317852,1838.2843017578125,155300,0.0,0.0
2014-09-16 00:00:00+09:00,1840.0992840182398,1842.8213243792136,1781.121742863809,1800.176025390625,76300,0.0,0.0
2014-09-17 00:00:00+09:00,1805.6200150418872,1811.0640954892497,1742.1057431559918,1756.623291015625,121000,0.0,0.0
2014-09-18 00:00:00+09:00,1749.3645283535016,1774.7702372714984,1743.9204478710737,1762.0673828125,35000,0.0,0.0
2014-09-19 00:00:00+09:00,1753.9012552947922,1818.3228740873067,1753.9012552947922,1817.41552734375,90300,0.0,0.0
2014-09-22 00:00:00+09:00,1818.3228531802995,1832.840400910282,1782.0289838553433,1807.4346923828125,52600,0.0,0.0
2014-09-24 00:00:00+09:00,1771.1408137267235,1809.249376317155,1771.1408137267235,1802.89794921875,33200,0.0,0.0
2014-09-25 00:00:00+09:00,1825.581832054262,1880.0226421552836,1812.8789763640234,1848.2655029296875,119700,0.0,0.0
2014-09-26 00:00:00+09:00,1832.8402218908102,1860.0606212258222,1831.0255286018094,1838.2843017578125,38600,0.0,0.0
2014-09-29 00:00:00+09:00,1869.1339414501817,1938.9996276111835,1851.8943565533111,1936.277587890625,184900,0.0,0.0
2014-09-30 00:00:00+09:00,1919.9459869047798,1939.0002712738726,1869.1345619205324,1890.0035400390625,94200,0.0,0.0
2014-10-01 00:00:00+09:00,1891.8179837740386,1963.4983774038462,1873.6710486778848,1887.28125,144700,0.0,0.0
2014-10-02 00:00:00+09:00,1841.9138087143133,1869.134209828318,1823.7668746383104,1837.3770751953125,121100,0.0,0.0
2014-10-03 00:00:00+09:00,1823.7669545486458,1878.2077591620382,1803.805326190402,1817.41552734375,91200,0.0,0.0
2014-10-06 00:00:00+09:00,1850.080087497223,1928.1119107070128,1829.2111115225118,1914.501708984375,81400,0.0,0.0
2014-10-07 00:00:00+09:00,1929.0189626877618,2014.3095471151605,1928.1116160449171,1948.0732421875,220000,0.0,0.0
2014-10-08 00:00:00+09:00,1905.4282282286467,1947.1661798946075,1900.891494351912,1908.1502685546875,99200,0.0,0.0
2014-10-09 00:00:00+09:00,1955.3326347915033,2014.3101852608524,1943.5371246976333,1951.7032470703125,200300,0.0,0.0
2014-10-10 00:00:00+09:00,1950.7955247768125,1968.9424598910155,1862.7828894729284,1888.1885986328125,128800,0.0,0.0
2014-10-14 00:00:00+09:00,1826.488952544288,1834.6550730474667,1792.0097770864227,1797.453857421875,112100,0.0,0.0
2014-10-15 00:00:00+09:00,1819.23056332534,1846.450970756642,1782.9366867502708,1804.7130126953125,65700,0.0,0.0
2014-10-16 00:00:00+09:00,1770.233264317059,1799.2683562997067,1758.4377581991082,1764.7891845703125,82900,0.0,0.0
2014-10-17 00:00:00+09:00,1764.7895955788726,1777.4924512796974,1701.2753170747487,1725.773681640625,86500,0.0,0.0
2014-10-20 00:00:00+09:00,1778.3996951941288,1811.0641793915718,1774.7703080610795,1796.546630859375,48600,0.0,0.0
2014-10-21 00:00:00+09:00,1811.9713102558767,1812.8786569310173,1748.457042996031,1753.901123046875,48300,0.0,0.0
2014-10-22 00:00:00+09:00,1782.029057299997,1846.4506780068707,1779.307016988439,1843.7286376953125,56300,0.0,0.0
2014-10-23 00:00:00+09:00,1814.6936289721946,1871.8564782848189,1796.5466926824727,1827.396484375,69500,0.0,0.0
2014-10-24 00:00:00+09:00,1850.0800081876132,1850.987354930226,1809.2494047700345,1816.5081787109375,35500,0.0,0.0
2014-10-27 00:00:00+09:00,1817.4155197716047,1839.1918415262319,1809.2493991136193,1813.7861328125,34500,0.0,0.0
2014-10-28 00:00:00+09:00,1812.8787555550302,1828.3036498715646,1782.0289669219617,1799.2685546875,40600,0.0,0.0
2014-10-29 00:00:00+09:00,1818.32274609375,1841.0064130859375,1802.8978525390626,1814.693359375,45300,0.0,0.0
2014-10-30 00:00:00+09:00,1803.8054654026175,1841.0066847595124,1798.3613845211205,1826.4891357421875,66100,0.0,0.0
2014-10-31 00:00:00+09:00,1857.338843703497,1910.8723032924108,1835.5625211588542,1905.42822265625,86900,0.0,0.0
2014-11-04 00:00:00+09:00,1996.162670617816,2005.2361373024426,1940.8145238415948,1973.47900390625,144400,0.0,0.0
2014-11-05 00:00:00+09:00,1945.3512090862853,1968.0348752370116,1882.744290510281,1895.4471435546875,84700,0.0,0.0
2014-11-06 00:00:00+09:00,1973.47937930714,1973.47937930714,1910.872447273948,1916.3165283203125,93700,0.0,0.0
2014-11-07 00:00:00+09:00,1923.575209053554,1934.4633706142347,1841.9139973484505,1870.041748046875,89300,0.0,0.0
2014-11-10 00:00:00+09:00,1864.59765625,1864.59765625,1864.59765625,1864.59765625,218400,0.0,0.0
2014-11-11 00:00:00+09:00,1841.913893245402,1844.6359334817253,1769.3261536101152,1819.230224609375,228400,0.0,0.0
2014-11-12 00:00:00+09:00,1815.6006505629596,1847.3577833814022,1779.3067844847394,1789.28759765625,149200,0.0,0.0
2014-11-13 00:00:00+09:00,1771.1406015742127,1819.2299724161355,1745.7348962237631,1815.6005859375,90800,0.0,0.0
2014-11-14 00:00:00+09:00,1817.4152791768176,1821.9520122751123,1799.2683467836393,1815.6005859375,67800,0.0,0.0
2014-11-17 00:00:00+09:00,1850.9872602074272,1865.5048073463088,1762.0672839817762,1772.9554443359375,194500,0.0,0.0
2014-11-18 00:00:00+09:00,1769.3260556175596,1899.9839797247025,1769.3260556175596,1886.373779296875,172400,0.0,0.0
2014-11-19 00:00:00+09:00,1886.3738325345882,1896.3546464633428,1829.2109891244493,1853.7093505859375,55400,0.0,0.0
2014-11-20 00:00:00+09:00,1853.7095839397898,1875.4859079801984,1834.6553004044322,1848.2655029296875,49400,0.0,0.0
2014-11-21 00:00:00+09:00,2005.2366756160561,2127.7285087419236,1968.9427991343175,2124.09912109375,1276200,0.0,0.0
2014-11-25 00:00:00+09:00,2117.747383277339,2286.5138842583096,2105.9518751442606,2211.2041015625,1278400,0.0,0.0
2014-11-26 00:00:00+09:00,2174.9097649814985,2281.069315462448,2159.484873031275,2271.995849609375,323400,0.0,0.0
2014-11-27 00:00:00+09:00,2244.77559897954,2265.6445718075634,2228.443359375,2228.443359375,172000,0.0,0.0
2014-11-28 00:00:00+09:00,2232.072933618221,2345.4912737410987,2227.5362000133064,2317.363525390625,672700,0.0,0.0
2014-12-01 00:00:00+09:00,2322.8076741996233,2413.542348973046,2322.8076741996233,2409.005615234375,507400,0.0,0.0
2014-12-02 00:00:00+09:00,2368.1749086122254,2449.8361123574746,2360.0087882377006,2417.171630859375,853700,0.0,0.0
2014-12-03 00:00:00+09:00,2407.1912471690075,2486.130424893736,2384.507575409028,2388.136962890625,360600,0.0,0.0
2014-12-04 00:00:00+09:00,2395.3958133397314,2422.616220309501,2331.8815304102686,2363.638671875,397800,0.0,0.0
2014-12-05 00:00:00+09:00,2363.6379229310096,2523.33092655322,2363.6379229310096,2520.60888671875,421300,0.0,0.0
2014-12-08 00:00:00+09:00,2572.3283902360217,2762.8712339572085,2523.3316589934307,2583.216552734375,951800,0.0,0.0
2014-12-09 00:00:00+09:00,2541.4784431167377,2569.606194540022,2500.6478362119706,2505.1845703125,465900,0.0,0.0
2014-12-10 00:00:00+09:00,2466.168321500012,2466.168321500012,2369.082224958253,2402.654052734375,653100,0.0,0.0
2014-12-11 00:00:00+09:00,2366.36040896488,2484.3154907000926,2355.4722475739372,2454.373046875,702400,0.0,0.0
2014-12-12 00:00:00+09:00,2438.9479362763554,2481.5932312930922,2404.4687615819726,2409.912841796875,219000,0.0,0.0
2014-12-15 00:00:00+09:00,2386.3223931270127,2386.3223931270127,2322.8081088992976,2324.622802734375,126200,0.0,0.0
2014-12-16 00:00:00+09:00,2322.8081579992063,2351.8432599741964,2271.9967295429738,2285.60693359375,129400,0.0,0.0
2014-12-17 00:00:00+09:00,2233.8879993145283,2291.9581991342397,2217.5557556152344,2264.73779296875,153200,0.0,0.0
2014-12-18 00:00:00+09:00,2345.4915171656116,2350.028251241367,2295.5874423323007,2315.549072265625,84800,0.0,0.0
2014-12-19 00:00:00+09:00,2352.7501959211872,2368.1750911509057,2310.1048973449065,2329.1591796875,112600,0.0,0.0
2014-12-22 00:00:00+09:00,2311.919371491206,2340.0471189465547,2251.12714311997,2282.88427734375,136100,0.0,0.0
2014-12-24 00:00:00+09:00,2299.2171376445267,2308.290607011711,2271.089382606255,2285.60693359375,93400,0.0,0.0
2014-12-25 00:00:00+09:00,2285.6062624032857,2305.567889149166,2252.0344356033966,2257.478515625,64700,0.0,0.0
2014-12-26 00:00:00+09:00,2268.410953827753,2310.3173409265787,2241.9917097871885,2293.919189453125,68900,10.0,0.0
2014-12-29 00:00:00+09:00,2324.8935982840403,2328.53763213715,2209.1955234478046,2244.724853515625,78300,0.0,0.0
2014-12-30 00:00:00+09:00,2255.6570977273313,2255.6570977273313,2193.70851830671,2202.818603515625,40300,0.0,0.0
2015-01-05 00:00:00+09:00,2145.4244853713076,2186.4198577032435,2099.874071669157,2162.733642578125,232300,0.0,0.0
2015-01-06 00:00:00+09:00,2119.0052217619464,2147.2464779419206,2105.3400978038944,2108.984130859375,80600,0.0,0.0
2015-01-07 00:00:00+09:00,2096.230243641559,2140.8696534366204,2088.942176736243,2103.518310546875,101900,0.0,0.0
2015-01-08 00:00:00+09:00,2146.335635569656,2160.9117689181767,2113.5393355354845,2124.471435546875,64700,0.0,0.0
2015-01-09 00:00:00+09:00,2104.4291943528624,2204.6401083696655,2088.0310447864763,2102.607177734375,115700,0.0,0.0
2015-01-13 00:00:00+09:00,2067.9891701996717,2088.942364435175,2049.7690012992343,2081.654296875,73700,0.0,0.0
2015-01-14 00:00:00+09:00,2051.5910890992814,2073.455292535508,2005.1296567972993,2012.417724609375,87000,0.0,0.0
2015-01-15 00:00:00+09:00,2021.527572577918,2063.433957588546,2001.4853884424,2062.52294921875,97400,0.0,0.0
2015-01-16 00:00:00+09:00,2063.4343267242293,2063.4343267242293,1978.710533176612,2013.328857421875,68200,0.0,0.0
2015-01-19 00:00:00+09:00,2047.946961265272,2047.946961265272,1964.13418527043,1975.977294921875,67000,0.0,0.0
2015-01-20 00:00:00+09:00,1975.0660569324712,2000.574290140086,1968.6889986305675,1981.443115234375,39500,0.0,0.0
2015-01-21 00:00:00+09:00,1991.464442959034,1999.6635188907044,1959.579147669205,1977.79931640625,43400,0.0,0.0
2015-01-22 00:00:00+09:00,1976.8886243653253,1985.9987101918937,1947.7363497203066,1956.846435546875,56100,0.0,0.0
2015-01-23 00:00:00+09:00,1992.3752775283251,2018.7945198915265,1962.3120017357166,2005.12939453125,77500,0.0,0.0
2015-01-26 00:00:00+09:00,2010.5954518396063,2040.6587277393376,1975.0661257762874,2007.8624267578125,97800,0.0,0.0
2015-01-27 00:00:00+09:00,2042.4807414856227,2073.4550257008373,2031.5486411743707,2053.412841796875,87100,0.0,0.0
2015-01-28 00:00:00+09:00,2036.103569169355,2063.4338184199505,2007.8623116104066,2056.145751953125,62400,0.0,0.0
2015-01-29 00:00:00+09:00,2056.145862542949,2062.5229210444118,1991.4642691709732,2005.12939453125,103200,0.0,0.0
2015-01-30 00:00:00+09:00,2013.3285283823022,2019.705587069486,1973.2441594914328,1980.5322265625,77400,0.0,0.0
2015-02-02 00:00:00+09:00,1963.2230200807364,1985.998229130397,1924.0496605153205,1962.31201171875,72200,0.0,0.0
2015-02-03 00:00:00+09:00,1993.2861068840314,1993.2861068840314,1924.9604862184453,1938.6256103515625,49800,0.0,0.0
2015-02-04 00:00:00+09:00,1949.5578260982738,1985.9981592963725,1940.4477427987492,1982.3541259765625,64000,0.0,0.0
2015-02-05 00:00:00+09:00,1993.2864317971284,1993.2864317971284,1955.0240779874941,1966.8671875,66700,0.0,0.0
2015-02-06 00:00:00+09:00,1995.108419420937,2045.213882009134,1969.6001839214912,2003.3074951171875,98600,0.0,0.0
2015-02-09 00:00:00+09:00,1822.0165942272783,1840.2367601695512,1719.0726566534372,1819.2835693359375,620600,0.0,0.0
2015-02-10 00:00:00+09:00,1822.9277125142705,1911.2955226661368,1778.288303262297,1907.6514892578125,306100,0.0,0.0
2015-02-12 00:00:00+09:00,1916.761858853427,1937.7150540785356,1868.478408986872,1924.0499267578125,155900,0.0,0.0
2015-02-13 00:00:00+09:00,1923.138967011056,2102.6076437051242,1917.6729159442314,2093.49755859375,261300,0.0,0.0
2015-02-16 00:00:00+09:00,2096.2304577773875,2202.818447155899,2095.319449321161,2189.1533203125,252500,0.0,0.0
2015-02-17 00:00:00+09:00,2186.4200417664347,2222.860375795875,2081.6540814317927,2092.586181640625,164300,0.0,0.0
2015-02-18 00:00:00+09:00,2138.136456911845,2154.5346061340065,2063.433777121998,2086.208984375,132700,0.0,0.0
2015-02-19 00:00:00+09:00,2080.7434614090935,2107.1627085110476,2050.680180224111,2052.502197265625,117600,0.0,0.0
2015-02-20 00:00:00+09:00,2051.5906353834853,2078.9208836345974,2033.370469882744,2073.454833984375,90600,0.0,0.0
2015-02-23 00:00:00+09:00,2075.277134486607,2144.5137728628065,2058.878983292244,2136.314697265625,177300,0.0,0.0
2015-02-24 00:00:00+09:00,2134.492697840354,2241.0806814713064,2113.5395044770044,2238.34765625,159400,0.0,0.0
2015-02-25 00:00:00+09:00,2241.991123722864,2276.6094344508074,2200.0847475785113,2211.016845703125,99700,0.0,0.0
2015-02-26 00:00:00+09:00,2201.907829553287,2258.3903638653696,2193.7087519918555,2251.102294921875,69200,0.0,0.0
2015-02-27 00:00:00+09:00,2265.677614757869,2320.338112098228,2228.326274908624,2266.588623046875,133600,0.0,0.0
2015-03-02 00:00:00+09:00,2265.6782989873213,2272.9663675003485,2218.3058536526446,2246.547119140625,53600,0.0,0.0
2015-03-03 00:00:00+09:00,2267.4999951853943,2273.8770542317175,2207.373438462921,2217.39453125,66800,0.0,0.0
2015-03-04 00:00:00+09:00,2190.9751797521135,2230.148540554334,2160.911902857386,2175.488037109375,79600,0.0,0.0
2015-03-05 00:00:00+09:00,2161.8228298522754,2239.258540150397,2150.890729574893,2237.4365234375,78200,0.0,0.0
2015-03-06 00:00:00+09:00,2237.4363177434548,2310.3169795592025,2237.4363177434548,2296.65185546875,105200,0.0,0.0
2015-03-09 00:00:00+09:00,2300.2965629123682,2408.706579144674,2282.9874006567898,2373.17724609375,179800,0.0,0.0
2015-03-10 00:00:00+09:00,2411.4393713312097,2411.4393713312097,2304.851382496396,2330.359619140625,128000,0.0,0.0
2015-03-11 00:00:00+09:00,2277.520871629902,2354.9565812653186,2277.520871629902,2323.0712890625,125900,0.0,0.0
2015-03-12 00:00:00+09:00,2354.0457395131875,2453.345656543736,2327.626495532583,2435.12548828125,225500,0.0,0.0
2015-03-13 00:00:00+09:00,2459.722789739508,2525.3153974658944,2416.9053930292275,2512.561279296875,211100,0.0,0.0
2015-03-16 00:00:00+09:00,2523.493453706037,2578.1539617285507,2467.0109287494397,2541.713623046875,130100,0.0,0.0
2015-03-17 00:00:00+09:00,2542.624158068915,2705.6946433051517,2542.624158068915,2638.280029296875,258900,0.0,0.0
2015-03-18 00:00:00+09:00,2600.9291067779654,2673.8097822743707,2551.734650817892,2661.0556640625,155000,0.0,0.0
2015-03-19 00:00:00+09:00,2610.9501729633084,2760.355556203358,2587.263953669154,2746.6904296875,247900,0.0,0.0
2015-03-20 00:00:00+09:00,2737.5804528044364,2760.355664558217,2669.2548175430943,2692.030029296875,206600,0.0,0.0
2015-03-23 00:00:00+09:00,2692.0295188440145,2719.3597677662888,2615.5048218616466,2638.280029296875,154700,0.0,0.0
2015-03-24 00:00:00+09:00,2656.5003685962674,2687.47465272942,2623.7040677494,2657.411376953125,121000,0.0,0.0
2015-03-25 00:00:00+09:00,2681.0975359940753,2682.919552668213,2606.394852354417,2635.547119140625,97900,0.0,0.0
2015-03-26 00:00:00+09:00,2596.3739908968946,2632.8143276112373,2559.9336541825523,2583.619873046875,135800,0.0,0.0
2015-03-27 00:00:00+09:00,2561.7552216981658,2621.881766730911,2533.5139656979372,2551.734130859375,135300,0.0,0.0
2015-03-30 00:00:00+09:00,2540.802242050547,2623.704000396406,2519.8490503807147,2585.441650390625,117200,0.0,0.0
2015-03-31 00:00:00+09:00,2631.902792677987,2713.8935338829087,2613.682627965782,2661.966064453125,174500,0.0,0.0
2015-04-01 00:00:00+09:00,2606.3955322542324,2606.3955322542324,2397.774568644928,2411.439697265625,502300,0.0,0.0
2015-04-02 00:00:00+09:00,2320.3380358380164,2337.647192760247,2197.3519208642697,2239.25830078125,804200,0.0,0.0
2015-04-03 00:00:00+09:00,2227.415969356414,2291.186569706086,2225.593952203566,2259.30126953125,364400,0.0,0.0
2015-04-06 00:00:00+09:00,2249.2793916309624,2259.3004824806753,2205.550995195853,2239.25830078125,156900,0.0,0.0
2015-04-07 00:00:00+09:00,2216.483419480583,2221.949469836886,2156.356865561258,2177.31005859375,312800,0.0,0.0
2015-04-08 00:00:00+09:00,2177.3100538908734,2221.038456646841,2167.288961592631,2175.488037109375,229800,0.0,0.0
2015-04-09 00:00:00+09:00,2177.310047173138,2228.3265168976973,2177.310047173138,2220.12744140625,155900,0.0,0.0
2015-04-10 00:00:00+09:00,2187.331134797709,2229.2375205539333,2187.331134797709,2218.305419921875,120500,0.0,0.0
2015-04-13 00:00:00+09:00,2218.305041152263,2233.7921810699586,2190.974794238683,2213.75,121700,0.0,0.0
2015-04-14 00:00:00+09:00,2188.242143183714,2268.4108811521432,2187.331134797709,2218.305419921875,212900,0.0,0.0
2015-04-15 00:00:00+09:00,2220.127738413569,2227.4158064920707,2186.420423550499,2191.886474609375,166300,0.0,0.0
2015-04-16 00:00:00+09:00,2204.640855407097,2281.16557931379,2194.6197606097926,2251.102294921875,187500,0.0,0.0
2015-04-17 00:00:00+09:00,2216.483518198917,2266.588982029965,2209.1954507325827,2215.572509765625,159500,0.0,0.0
2015-04-20 00:00:00+09:00,2188.241950927216,2191.885984151075,2141.780527323016,2145.424560546875,201700,0.0,0.0
2015-04-21 00:00:00+09:00,2154.5346288896208,2171.843786584717,2131.759421396073,2139.95849609375,134700,0.0,0.0
2015-04-22 00:00:00+09:00,2158.178825887904,2170.0219346834056,2136.314625034671,2155.44580078125,135500,0.0,0.0
2015-04-23 00:00:00+09:00,2163.6451663635203,2220.127692811747,2137.225920121608,2173.666259765625,235400,0.0,0.0
2015-04-24 00:00:00+09:00,2168.199986495679,2180.0430956656132,2130.848642190501,2134.49267578125,101700,0.0,0.0
2015-04-27 00:00:00+09:00,2173.6659887201354,2173.6659887201354,2095.31926825495,2116.2724609375,141200,0.0,0.0
2015-04-28 00:00:00+09:00,2129.9374903766334,2135.4035403947087,2097.141190268182,2126.29345703125,90600,0.0,0.0
2015-04-30 00:00:00+09:00,2105.3404284137227,2116.272529296875,2090.7642939028533,2095.3193359375,87300,0.0,0.0
2015-05-01 00:00:00+09:00,2095.3194546861714,2155.446012951079,2095.3194546861714,2142.69189453125,128400,0.0,0.0
2015-05-07 00:00:00+09:00,2156.357255846587,2161.823307192206,2079.832537007925,2087.12060546875,132400,0.0,0.0
2015-05-08 00:00:00+09:00,2108.984544958666,2231.059676286727,2101.6964774166922,2224.6826171875,238200,0.0,0.0
2015-05-11 00:00:00+09:00,2304.8511220894607,2334.0033892463234,2250.190621170343,2323.0712890625,295000,0.0,0.0
2015-05-12 00:00:00+09:00,2278.4318799785538,2338.5584309895835,2270.232804840686,2323.0712890625,114300,0.0,0.0
2015-05-13 00:00:00+09:00,2321.249792543718,2321.249792543718,2275.699364903535,2285.720458984375,85700,0.0,0.0
2015-05-14 00:00:00+09:00,2277.5208859624504,2295.7410530501497,2259.3007188747506,2282.075927734375,50000,0.0,0.0
2015-05-15 00:00:00+09:00,2305.761928262813,2320.3380605631705,2285.7197463498214,2293.0078125,32900,0.0,0.0
2015-05-18 00:00:00+09:00,2318.5170356656595,2327.6271222498076,2280.254672012238,2294.830810546875,37100,0.0,0.0
2015-05-19 00:00:00+09:00,2268.410841227543,2282.0759667771067,2243.8136152383286,2250.190673828125,101400,0.0,0.0
2015-05-20 00:00:00+09:00,2275.698806694988,2280.253848341695,2248.368556814744,2258.3896484375,49300,0.0,0.0
2015-05-21 00:00:00+09:00,2250.1904757328825,2251.1014840226526,2198.2630032159695,2221.94921875,122600,0.0,0.0
2015-05-22 00:00:00+09:00,2194.6194764356846,2202.818552935444,2120.827787937847,2132.6708984375,297700,0.0,0.0
2015-05-25 00:00:00+09:00,2139.047957937313,2147.2470344370727,2114.450728438034,2132.6708984375,162800,0.0,0.0
2015-05-26 00:00:00+09:00,2119.916814856677,2156.357155464441,2119.916814856677,2147.2470703125,76600,0.0,0.0
2015-05-27 00:00:00+09:00,2145.424355203791,2152.7124209539525,2110.806042890524,2115.361083984375,117700,0.0,0.0
2015-05-28 00:00:00+09:00,2139.047805419083,2209.1954549153647,2119.005619848717,2120.82763671875,312000,0.0,0.0
2015-05-29 00:00:00+09:00,2095.319597741206,2095.319597741206,2042.4811035372975,2052.502197265625,369700,0.0,0.0
2015-06-01 00:00:00+09:00,2045.213977066752,2093.4974250776822,2044.3029686137156,2088.9423828125,203300,0.0,0.0
2015-06-02 00:00:00+09:00,2071.632994519434,2087.1201365189195,2036.103668755908,2047.94677734375,206500,0.0,0.0
2015-06-03 00:00:00+09:00,2037.0144642554276,2051.590596378901,2009.6842165239145,2014.2392578125,201100,0.0,0.0
2015-06-04 00:00:00+09:00,2040.658650331759,2057.9678085265373,2017.8834421807348,2025.1715087890625,136000,0.0,0.0
2015-06-05 00:00:00+09:00,2034.281695625529,2051.5908547016084,2013.3285030597488,2017.883544921875,146500,0.0,0.0
2015-06-08 00:00:00+09:00,2017.883683143705,2037.9258687099177,2006.0405734909427,2024.2607421875,121900,0.0,0.0
2015-06-09 00:00:00+09:00,2009.6844852570564,2017.883560672883,1976.88818359375,1976.88818359375,259600,0.0,0.0
2015-06-10 00:00:00+09:00,1973.2444762747004,1973.2444762747004,1909.4738791651764,1910.3848876953125,312600,0.0,0.0
2015-06-11 00:00:00+09:00,1918.5835147089085,1986.9091384521032,1918.5835147089085,1971.4219970703125,130100,0.0,0.0
2015-06-12 00:00:00+09:00,1995.1084217418324,2030.6377498002487,1986.909346036044,2004.218505859375,169600,0.0,0.0
2015-06-15 00:00:00+09:00,1997.8411120283786,2017.8832937267937,1960.489773408605,1970.5108642578125,124600,0.0,0.0
2015-06-16 00:00:00+09:00,1966.867402801087,1970.511436896133,1924.0500021842963,1955.0242919921875,154000,0.0,0.0
2015-06-17 00:00:00+09:00,1955.0237343187487,1966.866841749384,1924.9604616102124,1929.5155029296875,72300,0.0,0.0
2015-06-18 00:00:00+09:00,1927.6940024197677,1932.2490449585666,1884.8766025550563,1891.253662109375,88500,0.0,0.0
2015-06-19 00:00:00+09:00,1867.5670191027534,1875.7660938207655,1822.9276123046875,1822.9276123046875,311800,0.0,0.0
2015-06-22 00:00:00+09:00,1832.0379300878476,1869.3892752562224,1832.0379300878476,1866.65625,196700,0.0,0.0
2015-06-23 00:00:00+09:00,1868.47799853539,1911.2953880678929,1868.47799853539,1903.0963134765625,165600,0.0,0.0
2015-06-24 00:00:00+09:00,1926.7830412377614,1942.2701862500744,1906.7408535747682,1910.3848876953125,173200,0.0,0.0
2015-06-25 00:00:00+09:00,1894.8973747016707,1924.9606503579953,1885.787291169451,1908.5625,163600,0.0,0.0
2015-06-26 00:00:00+09:00,1935.9581390351145,1949.6559560565893,1872.0349929348984,1875.687744140625,168800,5.0,0.0
2015-06-29 00:00:00+09:00,1821.8096288045247,1862.9030790783108,1812.6777509659055,1840.986572265625,125300,0.0,0.0
2015-06-30 00:00:00+09:00,1840.9864696278953,1852.85791015625,1826.37546590069,1852.85791015625,79800,0.0,0.0
2015-07-01 00:00:00+09:00,1849.2053493376702,1865.6427302206716,1804.4591458228326,1811.7646484375,248300,0.0,0.0
2015-07-02 00:00:00+09:00,1835.5074315360466,1843.726121527999,1788.934854914983,1790.76123046875,212300,0.0,0.0
2015-07-03 00:00:00+09:00,1805.3722951201619,1834.5943049551872,1788.93491458796,1798.97998046875,163800,0.0,0.0
2015-07-06 00:00:00+09:00,1776.1501729959102,1776.1501729959102,1703.095153026927,1711.3138427734375,258200,0.0,0.0
2015-07-07 00:00:00+09:00,1735.970196152942,1761.5394573272092,1726.8383171621322,1729.577880859375,192000,0.0,0.0
2015-07-08 00:00:00+09:00,1732.3172322432818,1734.1436078176027,1640.0852657400812,1642.8248291015625,203800,0.0,0.0
2015-07-09 00:00:00+09:00,1584.3810311649622,1642.8250576747937,1522.2842529982663,1625.4744873046875,235300,0.0,0.0
2015-07-10 00:00:00+09:00,1642.8249331962356,1683.0051983772441,1615.429297845548,1630.9534912109375,120000,0.0,0.0
2015-07-13 00:00:00+09:00,1652.870054239752,1684.8316298742225,1650.1304906139405,1661.0887451171875,93300,0.0,0.0
2015-07-14 00:00:00+09:00,1684.8316057990578,1698.5294237323835,1662.9150971057368,1676.6129150390625,148800,0.0,0.0
2015-07-15 00:00:00+09:00,1700.3555514556188,1718.6193060362377,1677.5258582298452,1682.091796875,106400,0.0,0.0
2015-07-16 00:00:00+09:00,1689.3974665901494,1689.3974665901494,1644.651263421005,1656.522705078125,103500,0.0,0.0
2015-07-17 00:00:00+09:00,1658.3491589822404,1689.3975463200138,1653.783219667862,1671.1337890625,67900,0.0,0.0
2015-07-21 00:00:00+09:00,1666.567771095688,1681.1787762121435,1646.4776390605618,1656.522705078125,123600,0.0,0.0
2015-07-22 00:00:00+09:00,1651.9567415399908,1684.8315025656625,1643.738051283573,1683.005126953125,86400,0.0,0.0
2015-07-23 00:00:00+09:00,1676.6127359075022,1677.5259236721577,1622.7346577928274,1640.9984130859375,170400,0.0,0.0
2015-07-24 00:00:00+09:00,1643.7379154473244,1675.6994860254667,1623.647785369635,1638.2587890625,85400,0.0,0.0
2015-07-27 00:00:00+09:00,1620.9085891194995,1621.8217770570318,1546.9403661793986,1555.1590576171875,250900,0.0,0.0
2015-07-28 00:00:00+09:00,1546.0270876608786,1599.9051728185818,1536.89520882059,1595.3392333984375,103300,0.0,0.0
2015-07-29 00:00:00+09:00,1607.210539513398,1614.5160419657318,1547.8533320881875,1550.5928955078125,68700,0.0,0.0
2015-07-30 00:00:00+09:00,1556.0718981380662,1598.0785338859248,1556.0718981380662,1572.50927734375,125900,0.0,0.0
2015-07-31 00:00:00+09:00,1583.467939060537,1637.346029259252,1577.0756232742488,1635.5196533203125,112000,0.0,0.0
2015-08-03 00:00:00+09:00,1639.1723923126947,1669.3075950683042,1608.124001594794,1612.68994140625,96700,0.0,0.0
2015-08-04 00:00:00+09:00,1608.1235370870634,1608.1235370870634,1553.3322751760902,1558.8114013671875,139200,0.0,0.0
2015-08-05 00:00:00+09:00,1575.2491684513122,1651.0437661217234,1560.638161671474,1637.345947265625,116500,0.0,0.0
2015-08-06 00:00:00+09:00,1662.0018502304838,1678.4392311668291,1630.9534640173868,1668.3941650390625,92800,0.0,0.0
2015-08-07 00:00:00+09:00,1671.1336837727426,1694.8765667115904,1660.1754301086592,1693.96337890625,92500,0.0,0.0
2015-08-10 00:00:00+09:00,1553.3325076345668,1586.2072697009069,1504.0203645350568,1508.5863037109375,661600,0.0,0.0
2015-08-11 00:00:00+09:00,1510.4128001251036,1524.1106187477617,1500.3677331351544,1514.0655517578125,268900,0.0,0.0
2015-08-12 00:00:00+09:00,1507.6731813244846,1525.0237509460262,1482.1039208295813,1489.409423828125,198100,0.0,0.0
2015-08-13 00:00:00+09:00,1482.1041179719518,1529.5898937788165,1482.1041179719518,1504.0206298828125,119000,0.0,0.0
2015-08-14 00:00:00+09:00,1479.364371921705,1514.9786993938944,1479.364371921705,1512.2391357421875,72600,0.0,0.0
2015-08-17 00:00:00+09:00,1523.197390349015,1525.0237661168194,1504.020444787067,1512.2391357421875,40400,0.0,0.0
2015-08-18 00:00:00+09:00,1514.978645404272,1577.9886071480303,1512.2390818501956,1576.1622314453125,199200,0.0,0.0
2015-08-19 00:00:00+09:00,1580.7279691222711,1590.773034206237,1528.6762682326298,1545.1136474609375,151400,0.0,0.0
2015-08-20 00:00:00+09:00,1531.4159402044534,1630.04022257898,1531.4159402044534,1627.3006591796875,291600,0.0,0.0
2015-08-21 00:00:00+09:00,1554.2456817911454,1568.8566870253749,1467.4928382129087,1469.3192138671875,451600,0.0,0.0
2015-08-24 00:00:00+09:00,1395.3510121490995,1414.5279566877978,1275.7234057410287,1293.073974609375,413300,0.0,0.0
2015-08-25 00:00:00+09:00,1210.88720703125,1308.5983164975726,1167.9673739011832,1210.88720703125,325200,0.0,0.0
2015-08-26 00:00:00+09:00,1265.678436514541,1314.990583391731,1211.8003501116855,1303.119140625,233900,0.0,0.0
2015-08-27 00:00:00+09:00,1372.5213776594437,1388.0455715517994,1297.6399718257283,1306.7718505859375,153400,0.0,0.0
2015-08-28 00:00:00+09:00,1334.1675123910732,1392.611537574529,1334.1675123910732,1368.86865234375,167800,0.0,0.0
2015-08-31 00:00:00+09:00,1377.0872908517451,1377.0872908517451,1320.4696436151348,1327.775146484375,132800,0.0,0.0
2015-09-01 00:00:00+09:00,1327.775009667899,1338.7332628425995,1276.636494852629,1277.5496826171875,126800,0.0,0.0
2015-09-02 00:00:00+09:00,1266.5913910112151,1294.900210853571,1240.1089466425597,1253.8067626953125,131000,0.0,0.0
2015-09-03 00:00:00+09:00,1278.4626081878064,1323.2087994743795,1278.4626081878064,1304.0318603515625,142800,0.0,0.0
2015-09-04 00:00:00+09:00,1296.7266898623782,1296.7266898623782,1237.3694822278326,1263.8519287109375,112700,0.0,0.0
2015-09-07 00:00:00+09:00,1236.456298828125,1277.5497504139933,1204.4947253724497,1236.456298828125,118000,0.0,0.0
2015-09-08 00:00:00+09:00,1238.2825711688592,1299.466149537822,1238.2825711688592,1253.8067626953125,86300,0.0,0.0
2015-09-09 00:00:00+09:00,1278.4629011895706,1355.1706752609448,1278.4629011895706,1350.604736328125,127600,0.0,0.0
2015-09-10 00:00:00+09:00,1305.8587937523948,1348.7786282323686,1285.7686584638964,1340.5599365234375,96700,0.0,0.0
2015-09-11 00:00:00+09:00,1348.778362250767,1353.3443011886504,1327.7750431365032,1339.646484375,55500,0.0,0.0
2015-09-14 00:00:00+09:00,1339.6461758653656,1346.0384889063046,1287.5944839605763,1304.0318603515625,49300,0.0,0.0
2015-09-15 00:00:00+09:00,1310.4246033785635,1367.9554396244516,1288.5080943325108,1301.292724609375,104600,0.0,0.0
2015-09-16 00:00:00+09:00,1325.9486683056339,1356.0838653125802,1314.9904148485625,1334.1673583984375,65400,0.0,0.0
2015-09-17 00:00:00+09:00,1361.562923669815,1421.8333146572113,1355.1706094741821,1402.6563720703125,157400,0.0,0.0
2015-09-18 00:00:00+09:00,1392.6112917458775,1392.6112917458775,1325.9485872885339,1335.99365234375,99900,0.0,0.0
2015-09-24 00:00:00+09:00,1301.292733877186,1308.5982369445667,1262.9388427734375,1262.9388427734375,86900,0.0,0.0
2015-09-25 00:00:00+09:00,1266.5915325654705,1272.9838474378269,1226.4112676535162,1265.6783447265625,88800,0.0,0.0
2015-09-28 00:00:00+09:00,1299.4661871264666,1325.948632261159,1272.0705542285086,1293.987060546875,83500,0.0,0.0
2015-09-29 00:00:00+09:00,1263.852009270308,1295.8135846492537,1260.1992577984286,1267.5047607421875,83200,0.0,0.0
2015-09-30 00:00:00+09:00,1265.6784487123844,1354.2576763639725,1265.6784487123844,1331.427978515625,119100,0.0,0.0
2015-10-01 00:00:00+09:00,1337.8201692542252,1354.2575501733897,1280.2893360371493,1342.3861083984375,123100,0.0,0.0
2015-10-02 00:00:00+09:00,1324.1222105985714,1359.7365321250159,1306.771643701073,1352.4310302734375,74100,0.0,0.0
2015-10-05 00:00:00+09:00,1389.8717801046796,1439.1839194776446,1380.7399024430194,1437.3575439453125,189200,0.0,0.0
2015-10-06 00:00:00+09:00,1450.142237302801,1474.798308088176,1417.2674762556344,1418.1806640625,118400,0.0,0.0
2015-10-07 00:00:00+09:00,1451.9686978534587,1507.6731573308555,1439.1840678094661,1504.93359375,173800,0.0,0.0
2015-10-08 00:00:00+09:00,1483.9303113412166,1523.197390349015,1483.0171234573143,1512.2391357421875,134500,0.0,0.0
2015-10-09 00:00:00+09:00,1494.8883451465258,1514.9784756249765,1468.405900424932,1507.6729736328125,115800,0.0,0.0
2015-10-13 00:00:00+09:00,1506.7599050294432,1546.9401691635617,1490.3225242473038,1524.1104736328125,184500,0.0,0.0
2015-10-14 00:00:00+09:00,1515.8920053628592,1521.3711330930864,1457.4479762404358,1462.013916015625,67000,0.0,0.0
2015-10-15 00:00:00+09:00,1447.4025251956748,1487.582784570192,1441.0102112042744,1477.5377197265625,57200,0.0,0.0
2015-10-16 00:00:00+09:00,1479.3642166212862,1501.280723534194,1468.4059631648322,1483.0169677734375,77000,0.0,0.0
2015-10-19 00:00:00+09:00,1502.194119443988,1502.194119443988,1453.7951599725402,1475.711669921875,52000,0.0,0.0
2015-10-20 00:00:00+09:00,1483.0171530330883,1483.0171530330883,1458.361079676011,1474.7984619140625,28300,0.0,0.0
2015-10-21 00:00:00+09:00,1479.3643313488328,1516.8050335619823,1472.9720163368318,1515.891845703125,99500,0.0,0.0
2015-10-22 00:00:00+09:00,1497.6279505925077,1521.3708327360473,1486.6696972954892,1493.06201171875,61700,0.0,0.0
2015-10-23 00:00:00+09:00,1521.371037649601,1530.5029166270897,1499.4545281036285,1502.194091796875,106400,0.0,0.0
2015-10-26 00:00:00+09:00,1502.1938497648057,1514.0652905228255,1471.145466243831,1480.27734375,155600,0.0,0.0
2015-10-27 00:00:00+09:00,1487.5829294960768,1487.5829294960768,1459.2741076333523,1467.4927978515625,57700,0.0,0.0
2015-10-28 00:00:00+09:00,1483.930199631442,1488.4961387072312,1455.62137736155,1462.9268798828125,44400,0.0,0.0
2015-10-29 00:00:00+09:00,1487.583027957846,1490.3225915452454,1457.4478284964532,1488.4962158203125,82300,0.0,0.0
2015-10-30 00:00:00+09:00,1489.4095089074337,1493.9754485423432,1456.5347435360864,1476.6248779296875,64600,0.0,0.0
2015-11-02 00:00:00+09:00,1451.9685829801513,1495.8015968059672,1451.9685829801513,1483.0169677734375,65800,0.0,0.0
2015-11-04 00:00:00+09:00,1504.933554449314,1535.9819408881954,1494.8884882484995,1497.6280517578125,123000,0.0,0.0
2015-11-05 00:00:00+09:00,1497.6282156125842,1511.326034657821,1471.1457654584592,1493.9754638671875,54800,0.0,0.0
2015-11-06 00:00:00+09:00,1482.1039317141297,1542.3743318947413,1454.7082952683973,1528.676513671875,103500,0.0,0.0
2015-11-09 00:00:00+09:00,1550.5928441456385,1645.564372880118,1544.200529711587,1636.4324951171875,347100,0.0,0.0
2015-11-10 00:00:00+09:00,1628.2139398690583,1675.6997081658565,1616.342497794859,1670.2205810546875,135900,0.0,0.0
2015-11-11 00:00:00+09:00,1656.522723251702,1684.831545975408,1638.2589666557626,1668.3941650390625,95400,0.0,0.0
2015-11-12 00:00:00+09:00,1681.1786068072336,1719.532491373178,1680.2654190794728,1714.966552734375,158100,0.0,0.0
2015-11-13 00:00:00+09:00,1704.008625344669,1714.9668801700368,1677.526176183364,1707.661376953125,75900,0.0,0.0
2015-11-16 00:00:00+09:00,1654.6962948556672,1661.088609460518,1557.8983879822122,1616.3424072265625,222800,0.0,0.0
2015-11-17 00:00:00+09:00,1637.3459410848498,1683.0053370994858,1637.3459410848498,1659.262451171875,110700,0.0,0.0
2015-11-18 00:00:00+09:00,1683.9185313763594,1685.7449072238392,1634.6063834944052,1637.345947265625,157800,0.0,0.0
2015-11-19 00:00:00+09:00,1658.349123259077,1673.8733165935507,1632.7798636493555,1647.390869140625,115800,0.0,0.0
2015-11-20 00:00:00+09:00,1643.7381555538366,1662.0019128377683,1633.6930890476744,1660.175537109375,63300,0.0,0.0
2015-11-24 00:00:00+09:00,1637.3457046328872,1656.5226481896582,1624.5610755950397,1626.387451171875,85600,0.0,0.0
2015-11-25 00:00:00+09:00,1637.3456620273155,1649.217102967837,1625.474221086794,1640.9984130859375,103000,0.0,0.0
2015-11-26 00:00:00+09:00,1643.738308178285,1657.436127413104,1618.1690456066228,1622.7349853515625,67000,0.0,0.0
2015-11-27 00:00:00+09:00,1608.1238184228598,1626.3875755883664,1589.8600612573532,1615.4293212890625,94600,0.0,0.0
2015-11-30 00:00:00+09:00,1592.599551563407,1597.165490644724,1556.07203891287,1573.422607421875,126600,0.0,0.0
2015-12-01 00:00:00+09:00,1578.901820678711,1643.7381591796875,1575.2490692138672,1643.7381591796875,135700,0.0,0.0
2015-12-02 00:00:00+09:00,1643.7380437981592,1650.1303584129298,1593.5127146821044,1599.905029296875,127900,0.0,0.0
2015-12-03 00:00:00+09:00,1598.9920252281438,1605.3843405774282,1572.5095759239655,1597.1656494140625,89700,0.0,0.0
2015-12-04 00:00:00+09:00,1575.2488816853036,1575.2488816853036,1555.1587510203317,1568.8565673828125,85400,0.0,0.0
2015-12-07 00:00:00+09:00,1588.0336106358068,1607.2105547550432,1579.8149202989914,1584.380859375,47500,0.0,0.0
2015-12-08 00:00:00+09:00,1580.7281776563657,1580.7281776563657,1542.3742877305613,1543.2874755859375,61200,0.0,0.0
2015-12-09 00:00:00+09:00,1519.5445526159333,1548.7665632431629,1517.7181769517315,1535.98193359375,53400,0.0,0.0
2015-12-10 00:00:00+09:00,1506.7599459811374,1533.2423935165634,1506.7599459811374,1520.457763671875,60300,0.0,0.0
2015-12-11 00:00:00+09:00,1497.6281847467576,1534.155701447898,1492.1490572415864,1531.4161376953125,54500,0.0,0.0
2015-12-14 00:00:00+09:00,1482.1039246702815,1489.4094276877568,1446.48959746009,1472.9720458984375,82100,0.0,0.0
2015-12-15 00:00:00+09:00,1486.6698062455835,1491.2357454539545,1450.1422925786158,1453.7950439453125,83400,0.0,0.0
2015-12-16 00:00:00+09:00,1454.7083554742917,1466.5797984254316,1446.4896642004258,1448.3160400390625,67000,0.0,0.0
2015-12-17 00:00:00+09:00,1484.8434704589845,1519.544609375,1459.2742102050781,1461.1005859375,126000,0.0,0.0
2015-12-18 00:00:00+09:00,1461.1005680923124,1499.4544580047357,1449.2291259765625,1449.2291259765625,123600,0.0,0.0
2015-12-21 00:00:00+09:00,1430.9653099843304,1448.3158785163675,1409.048802364915,1441.0103759765625,98900,0.0,0.0
2015-12-22 00:00:00+09:00,1437.3576896927184,1451.055507574161,1421.83349609375,1421.83349609375,82200,0.0,0.0
2015-12-24 00:00:00+09:00,1415.4411246106515,1440.0971958135467,1391.6982412300858,1397.1773681640625,61500,0.0,0.0
2015-12-25 00:00:00+09:00,1397.1773681640625,1397.1773681640625,1397.1773681640625,1397.1773681640625,0,0.0,0.0
2015-12-28 00:00:00+09:00,1406.369283065701,1486.339301122378,1399.015718186926,1476.2281494140625,113800,10.0,0.0
2015-12-29 00:00:00+09:00,1465.1979636651195,1494.6122264237667,1454.1676151306267,1488.1778564453125,53200,0.0,0.0
2015-12-30 00:00:00+09:00,1514.8343524078825,1527.703090838532,1470.7129635027986,1478.0665283203125,57800,0.0,0.0
2016-01-04 00:00:00+09:00,1484.500948749011,1501.0464701592168,1447.7331233929983,1452.3291015625,56600,0.0,0.0
2016-01-05 00:00:00+09:00,1456.0057555253043,1478.066448790839,1434.8642578125,1434.8642578125,41300,0.0,0.0
2016-01-06 00:00:00+09:00,1439.4605883662566,1455.0869165924548,1410.9655192478951,1419.23828125,73100,0.0,0.0
2016-01-07 00:00:00+09:00,1399.9350646849186,1419.2381745722355,1363.167236328125,1363.167236328125,73900,0.0,0.0
2016-01-08 00:00:00+09:00,1335.5912920999685,1402.6925751855142,1330.076118147732,1374.197509765625,83000,0.0,0.0
2016-01-12 00:00:00+09:00,1343.864145668019,1353.0561028887305,1287.793206621679,1288.71240234375,86600,0.0,0.0
2016-01-13 00:00:00+09:00,1308.934782437374,1383.3896401462414,1308.934782437374,1366.8441162109375,83500,0.0,0.0
2016-01-14 00:00:00+09:00,1323.6415477152825,1365.9245416006318,1308.0152238880883,1350.2982177734375,76000,0.0,0.0
2016-01-15 00:00:00+09:00,1365.0054632692922,1410.965243177349,1346.6215513060693,1351.217529296875,118800,0.0,0.0
2016-01-18 00:00:00+09:00,1321.8030383540136,1323.6414292279412,1290.5503934972428,1312.611083984375,38600,0.0,0.0
2016-01-19 00:00:00+09:00,1299.7427078162768,1343.8641010094743,1294.227533667127,1330.995361328125,35600,0.0,0.0
2016-01-20 00:00:00+09:00,1317.2074021930243,1337.4297070417658,1279.5203795203697,1280.4395751953125,85500,0.0,0.0
2016-01-21 00:00:00+09:00,1252.8636722522592,1336.510476489204,1249.1868896484375,1249.1868896484375,73500,0.0,0.0
2016-01-22 00:00:00+09:00,1317.207484618136,1341.1065736621497,1289.6316126442741,1340.1873779296875,46500,0.0,0.0
2016-01-25 00:00:00+09:00,1341.1066115198057,1343.8641987950348,1312.6115430091038,1334.6722412109375,37500,0.0,0.0
2016-01-26 00:00:00+09:00,1306.1769111988156,1308.9344979219659,1261.1363280540288,1264.8131103515625,45500,0.0,0.0
2016-01-27 00:00:00+09:00,1292.3890881037664,1342.0256533652196,1292.3890881037664,1339.26806640625,56700,0.0,0.0
2016-01-28 00:00:00+09:00,1308.0153458817044,1317.2073019314705,1269.4091304726871,1276.7626953125,85400,0.0,0.0
2016-01-29 00:00:00+09:00,1271.2477074226906,1328.237843257981,1265.7325329870173,1320.88427734375,73200,0.0,0.0
2016-02-01 00:00:00+09:00,1334.6720137125378,1374.1974245869449,1332.833622509077,1368.6822509765625,83100,0.0,0.0
2016-02-02 00:00:00+09:00,1367.7631297076,1367.7631297076,1341.1064558087287,1357.6519775390625,43400,0.0,0.0
2016-02-03 00:00:00+09:00,1314.4497517526618,1343.8640119317422,1285.035491573581,1289.6314697265625,79100,0.0,0.0
2016-02-04 00:00:00+09:00,1283.1969225469206,1311.6919831478908,1260.217034965493,1261.13623046875,37600,0.0,0.0
2016-02-05 00:00:00+09:00,1261.1363857473389,1266.6515594459424,1200.4694750627002,1219.7725830078125,67800,0.0,0.0
2016-02-08 00:00:00+09:00,1204.1463304988856,1280.4395712862195,1200.4695478103392,1262.974853515625,59700,0.0,0.0
2016-02-09 00:00:00+09:00,1236.317973472292,1238.1563645109125,1200.469348219192,1202.3077392578125,111900,0.0,0.0
2016-02-10 00:00:00+09:00,1208.742385574534,1231.7222788364072,1139.8027057889142,1161.8634033203125,59800,0.0,0.0
2016-02-12 00:00:00+09:00,1079.135669192373,1082.8124517109159,998.2464537844268,999.1656494140625,165900,0.0,0.0
2016-02-15 00:00:00+09:00,1109.4692974732393,1109.4692974732393,1044.2063976218724,1065.347900390625,95500,0.0,0.0
2016-02-16 00:00:00+09:00,1077.2974350641155,1160.9442495614146,1075.4590435367022,1137.96435546875,96300,0.0,0.0
2016-02-17 00:00:00+09:00,1137.964223186144,1184.8432016857348,1137.964223186144,1175.6512451171875,108400,0.0,0.0
2016-02-18 00:00:00+09:00,1215.1767876999215,1262.9749669437915,1196.7928726061255,1246.429443359375,87200,0.0,0.0
2016-02-19 00:00:00+09:00,1231.7222029490167,1255.621290468923,1191.2775932999446,1244.5909423828125,83800,0.0,0.0
2016-02-22 00:00:00+09:00,1231.7220140746597,1233.5604051404428,1174.7318910353843,1181.166259765625,68000,0.0,0.0
2016-02-23 00:00:00+09:00,1177.4895882790918,1206.9038480955874,1153.5905021781891,1164.620849609375,63500,0.0,0.0
2016-02-24 00:00:00+09:00,1137.0447606203272,1138.8831515024945,1058.9131481282272,1068.1051025390625,242000,0.0,0.0
2016-02-25 00:00:00+09:00,1065.3478129745445,1092.0044881913363,1061.6710301860214,1078.216552734375,140800,0.0,0.0
2016-02-26 00:00:00+09:00,1073.6206732617532,1082.812631080775,1036.8528419856657,1046.0447998046875,219600,0.0,0.0
2016-02-29 00:00:00+09:00,1063.509173361846,1133.3680300390286,1055.2364140184955,1060.7515869140625,281000,0.0,0.0
2016-03-01 00:00:00+09:00,1060.7517212761772,1071.7820684644912,1035.014244503445,1058.913330078125,99300,0.0,0.0
2016-03-02 00:00:00+09:00,1086.489082418327,1130.6104664759239,1083.731495914727,1113.145751953125,105900,0.0,0.0
2016-03-03 00:00:00+09:00,1113.145942378934,1160.024920959715,1113.145942378934,1157.267333984375,59000,0.0,0.0
2016-03-04 00:00:00+09:00,1150.8330358531537,1208.7423659320264,1150.8330358531537,1200.4696044921875,78700,0.0,0.0
2016-03-07 00:00:00+09:00,1202.3078068409848,1217.9341315476336,1167.3783751437695,1173.812744140625,102400,0.0,0.0
2016-03-08 00:00:00+09:00,1173.8127134779554,1194.954211058216,1132.4489138644017,1160.0247802734375,58300,0.0,0.0
2016-03-09 00:00:00+09:00,1137.9641171548703,1159.1056152926424,1115.9034234458904,1155.4288330078125,61700,0.0,0.0
2016-03-10 00:00:00+09:00,1168.2974097129024,1208.7420092623656,1157.2670643812307,1198.630859375,77300,0.0,0.0
2016-03-11 00:00:00+09:00,1174.732041391226,1207.823084810697,1162.7824979341947,1194.954345703125,53200,0.0,0.0
2016-03-14 00:00:00+09:00,1205.9846123640286,1248.267609443865,1205.9846123640286,1225.2877197265625,59400,0.0,0.0
2016-03-15 00:00:00+09:00,1209.6613034122945,1242.7523421074636,1193.11578406471,1202.3077392578125,49900,0.0,0.0
2016-03-16 00:00:00+09:00,1196.7928404028564,1222.5303208416274,1189.4392745632074,1197.7120361328125,49900,0.0,0.0
2016-03-17 00:00:00+09:00,1205.9846935096155,1254.7020629882813,1176.5704326923078,1194.954345703125,96800,0.0,0.0
2016-03-18 00:00:00+09:00,1182.0856250301176,1217.934255960269,1177.4896467057392,1192.19677734375,62100,0.0,0.0
2016-03-22 00:00:00+09:00,1205.0655292290057,1225.2878340673262,1158.186549831081,1190.3583984375,176400,0.0,0.0
2016-03-23 00:00:00+09:00,1197.7120487057732,1204.1464188830107,1189.439287049325,1195.8736572265625,50000,0.0,0.0
2016-03-24 00:00:00+09:00,1187.6008226799242,1187.6008226799242,1150.8329953523723,1152.67138671875,55700,0.0,0.0
2016-03-25 00:00:00+09:00,1152.6714431946536,1164.620987661584,1133.3683329019202,1144.398681640625,75700,0.0,0.0
2016-03-28 00:00:00+09:00,1159.10572941501,1179.3280339726073,1148.9945771362113,1174.7320556640625,70000,0.0,0.0
2016-03-29 00:00:00+09:00,1174.732236305379,1188.5201733512167,1161.8634950625972,1183.9241943359375,58300,0.0,0.0
2016-03-30 00:00:00+09:00,1185.762343773475,1199.5502780033992,1142.5601498530461,1147.1561279296875,58500,0.0,0.0
2016-03-31 00:00:00+09:00,1152.6714431946536,1172.8937492156124,1144.398681640625,1144.398681640625,76800,0.0,0.0
2016-04-01 00:00:00+09:00,1142.5599848649738,1142.5599848649738,1058.9131959488734,1060.7515869140625,163300,0.0,0.0
2016-04-04 00:00:00+09:00,1071.7818843033967,1091.0849885661507,1061.6707344514778,1068.1051025390625,88900,0.0,0.0
2016-04-05 00:00:00+09:00,1068.105472588689,1068.105472588689,1017.5497058138371,1023.0648803710938,96100,0.0,0.0
2016-04-06 00:00:00+09:00,1012.9536296445626,1041.4486954512608,1012.0344339733788,1028.5799560546875,62900,0.0,0.0
2016-04-07 00:00:00+09:00,1036.8526983414106,1058.9133940508023,1023.9839591775986,1031.3375244140625,41100,0.0,0.0
2016-04-08 00:00:00+09:00,1023.9837676102821,1073.6203236703857,1012.953421819148,1060.7515869140625,47600,0.0,0.0
2016-04-11 00:00:00+09:00,1072.7014774798508,1072.7014774798508,1022.1457094752307,1046.0447998046875,43900,0.0,0.0
2016-04-12 00:00:00+09:00,1034.0949896023358,1089.246722381127,1034.0949896023358,1086.4891357421875,49100,0.0,0.0
2016-04-13 00:00:00+09:00,1103.9540852931125,1136.125936238374,1096.600519362767,1124.1763916015625,50800,0.0,0.0
2016-04-14 00:00:00+09:00,1138.8833783045764,1167.3784426527943,1138.8833783045764,1163.70166015625,75600,0.0,0.0
2016-04-15 00:00:00+09:00,1137.9641840216818,1160.9440746521682,1137.9641840216818,1145.3177490234375,37500,0.0,0.0
2016-04-18 00:00:00+09:00,1127.8530728149415,1127.8530728149415,1098.438811747233,1103.0347900390625,39300,0.0,0.0
2016-04-19 00:00:00+09:00,1112.2268740849656,1151.7522919243488,1112.2268740849656,1137.96435546875,36200,0.0,0.0
2016-04-20 00:00:00+09:00,1150.832953908768,1163.7016930099844,1130.610649606857,1140.7218017578125,37400,0.0,0.0
2016-04-21 00:00:00+09:00,1146.236943297665,1171.9744207734745,1146.236943297665,1163.70166015625,51000,0.0,0.0
2016-04-22 00:00:00+09:00,1139.8028264748148,1183.924226209324,1134.2876515080013,1179.3282470703125,61700,0.0,0.0
2016-04-25 00:00:00+09:00,1189.4390812653187,1189.4390812653187,1154.5096492034313,1171.974365234375,30100,0.0,0.0
2016-04-26 00:00:00+09:00,1176.5701926957222,1177.489388158766,1132.4488104696327,1138.8831787109375,29800,0.0,0.0
2016-04-27 00:00:00+09:00,1148.9945253373721,1159.105677160341,1137.0449822738635,1146.2369384765625,22900,0.0,0.0
2016-04-28 00:00:00+09:00,1179.328057688354,1183.9240360893218,1133.3682736786755,1135.2066650390625,54400,0.0,0.0
2016-05-02 00:00:00+09:00,1092.9236398470605,1144.3985968121028,1076.3781179654397,1084.65087890625,65600,0.0,0.0
2016-05-06 00:00:00+09:00,1083.7316238536007,1084.6508194633152,1046.0446038552989,1057.074951171875,95000,0.0,0.0
2016-05-09 00:00:00+09:00,1057.0751046926173,1074.5398238136258,1050.6407344901406,1052.4791259765625,42800,0.0,0.0
2016-05-10 00:00:00+09:00,1061.6709342545378,1077.297259693782,1041.4486307449276,1074.5396728515625,77200,0.0,0.0
2016-05-11 00:00:00+09:00,1020.3070862312627,1047.8829534267022,966.9937429867463,1017.5494995117188,398300,0.0,0.0
2016-05-12 00:00:00+09:00,1011.1151005466014,1050.640509022514,1002.8423406330382,1049.7213134765625,83600,0.0,0.0
2016-05-13 00:00:00+09:00,1048.8021489998835,1051.5597357194274,1014.7919127921748,1017.5494995117188,36600,0.0,0.0
2016-05-16 00:00:00+09:00,1012.9535216458121,1035.9334109753452,1012.9535216458121,1017.5494995117188,23800,0.0,0.0
2016-05-17 00:00:00+09:00,1023.0648867367235,1048.8023681640625,1018.468907910413,1048.8023681640625,36500,0.0,0.0
2016-05-18 00:00:00+09:00,1039.6103830015682,1058.9134935612788,1020.3072724418572,1035.014404296875,39500,0.0,0.0
2016-05-19 00:00:00+09:00,1038.6910348749718,1048.8021865418964,1016.6303403289548,1021.226318359375,24700,0.0,0.0
2016-05-20 00:00:00+09:00,1019.3878844232166,1028.5798400988092,997.3271908017945,1027.66064453125,36800,0.0,0.0
2016-05-23 00:00:00+09:00,1023.9838376446958,1023.9838376446958,972.5088870988225,1003.7615356445312,148300,0.0,0.0
2016-05-24 00:00:00+09:00,994.5697395863587,998.2465223574727,983.5393912730163,989.0545654296875,51000,0.0,0.0
2016-05-25 00:00:00+09:00,1009.276845296224,1013.8728236445675,983.5393665455006,992.7313232421875,69900,0.0,0.0
2016-05-26 00:00:00+09:00,1008.3574702995868,1021.2262073863636,998.2463197314049,1001.00390625,56200,0.0,0.0
2016-05-27 00:00:00+09:00,998.2464972601997,1004.6808669478805,986.2969535545067,992.7313232421875,50200,0.0,0.0
2016-05-30 00:00:00+09:00,1001.0041736341503,1008.3577396479916,989.0546288616581,1006.5193481445312,68300,0.0,0.0
2016-05-31 00:00:00+09:00,1004.6810913634814,1025.822596488239,995.4891326135869,1022.1458129882812,70800,0.0,0.0
2016-06-01 00:00:00+09:00,1011.1152905489491,1044.20633642146,1007.4385076742257,1038.691162109375,68400,0.0,0.0
2016-06-02 00:00:00+09:00,1035.0142475910857,1035.0142475910857,992.7312499097446,994.5696411132812,53700,0.0,0.0
2016-06-03 00:00:00+09:00,990.8928826275994,1005.6000126109403,989.9736870036405,1000.0848388671875,38700,0.0,0.0
2016-06-06 00:00:00+09:00,983.5393850739176,991.8121462567824,966.0746670212033,989.9737548828125,69000,0.0,0.0
2016-06-07 00:00:00+09:00,989.973761122466,1004.6808922069223,986.296978351352,989.0545654296875,36900,0.0,0.0
2016-06-08 00:00:00+09:00,989.0544913796817,1001.9232301151052,981.7009263880112,1000.0848388671875,20500,0.0,0.0
2016-06-09 00:00:00+09:00,988.135229469561,1002.8423584663171,987.2160339072636,991.81201171875,18500,0.0,0.0
2016-06-10 00:00:00+09:00,983.53955078125,993.6507050416179,974.3475923627336,983.53955078125,32100,0.0,0.0
2016-06-13 00:00:00+09:00,969.7513312505761,969.7513312505761,933.9027038394173,934.8218994140625,63000,0.0,0.0
2016-06-14 00:00:00+09:00,928.387573852539,933.9027475585938,908.1652702636719,919.1956176757812,58400,0.0,0.0
2016-06-15 00:00:00+09:00,905.4075806529809,917.3571223265735,891.6196479526817,907.2459716796875,89300,0.0,0.0
2016-06-16 00:00:00+09:00,910.0037576151635,920.1149104775543,884.2662776018054,887.0238647460938,56100,0.0,0.0
2016-06-17 00:00:00+09:00,904.4885862467926,940.3372192382812,904.4885862467926,940.3372192382812,62600,0.0,0.0
2016-06-20 00:00:00+09:00,942.175527719351,985.3777226489212,942.175527719351,979.862548828125,85200,0.0,0.0
2016-06-21 00:00:00+09:00,962.3977959411966,987.2160772118865,961.4786003385784,976.1857299804688,44000,0.0,0.0
2016-06-22 00:00:00+09:00,965.1554389287961,967.9130258971641,951.3675040869562,958.7210693359375,27700,0.0,0.0
2016-06-23 00:00:00+09:00,946.7715127230821,973.4281863822756,944.9331214362411,969.7514038085938,34500,0.0,0.0
2016-06-24 00:00:00+09:00,976.1856945447686,990.8928236527877,868.6398129423789,889.7813110351562,95900,0.0,0.0
2016-06-27 00:00:00+09:00,891.6196658746983,907.2459899158013,887.9428837473799,904.4884033203125,59000,0.0,0.0
2016-06-28 00:00:00+09:00,886.0107465334588,893.4018685066263,856.4462586407886,882.315185546875,55200,5.0,0.0
2016-06-29 00:00:00+09:00,896.1735683534204,914.6513738864807,882.3152142036253,909.1080322265625,44300,0.0,0.0
2016-06-30 00:00:00+09:00,922.042450486568,926.6619016413102,893.4018533271656,895.2496337890625,40800,0.0,0.0
2016-07-01 00:00:00+09:00,901.7168110869283,909.1079324892801,885.0867879316365,888.7823486328125,36200,0.0,0.0
2016-07-04 00:00:00+09:00,882.3151084200607,904.4884724012978,879.543437922406,897.0973510742188,26400,0.0,0.0
2016-07-05 00:00:00+09:00,908.184045435614,908.184045435614,881.3912302599957,886.0106811523438,29200,0.0,0.0
2016-07-06 00:00:00+09:00,877.6955648132389,877.6955648132389,855.5222031758518,869.3805541992188,45900,0.0,0.0
2016-07-07 00:00:00+09:00,862.91350656063,876.7718605203831,861.065726032663,868.4568481445312,19800,0.0,0.0
2016-07-08 00:00:00+09:00,862.9135255493296,872.1524283924701,847.2073907159906,852.750732421875,43700,0.0,0.0
2016-07-11 00:00:00+09:00,852.750732421875,852.750732421875,852.750732421875,852.750732421875,0,0.0,0.0
2016-07-12 00:00:00+09:00,923.8901110447603,962.6934957086402,921.118440711626,948.8351440429688,76700,0.0,0.0
2016-07-13 00:00:00+09:00,976.5520041515477,994.105919079532,971.0086625953421,974.7042236328125,49200,0.0,0.0
2016-07-14 00:00:00+09:00,968.23681640625,977.475717326157,958.0740253943524,968.23681640625,33000,0.0,0.0
2016-07-15 00:00:00+09:00,963.6175276265596,993.1820155307302,960.8458568855436,985.7908935546875,43400,0.0,0.0
2016-07-19 00:00:00+09:00,985.790900112659,991.334241631568,969.1608755559319,980.24755859375,34900,0.0,0.0
2016-07-20 00:00:00+09:00,980.2474625886927,980.2474625886927,950.6829773833787,956.226318359375,26100,0.0,0.0
2016-07-21 00:00:00+09:00,972.856446414846,983.9431295648727,961.7697632648193,971.9325561523438,49200,0.0,0.0
2016-07-22 00:00:00+09:00,958.0741430803439,979.3236178063303,951.6069116420002,971.0086059570312,33900,0.0,0.0
2016-07-25 00:00:00+09:00,981.1712105622554,997.8012310802598,971.9323102744752,973.7800903320312,32500,0.0,0.0
2016-07-26 00:00:00+09:00,973.7801731527719,973.7801731527719,945.1395798247493,952.5307006835938,31800,0.0,0.0
2016-07-27 00:00:00+09:00,968.2369630711356,1000.5731211889694,961.7697314475688,999.6492309570312,61500,0.0,0.0
2016-07-28 00:00:00+09:00,999.6492539099316,999.6492539099316,972.8564365685379,980.24755859375,71500,0.0,0.0
2016-07-29 00:00:00+09:00,979.3237213249064,992.2581855688203,964.5414764747192,986.71484375,40600,0.0,0.0
2016-08-01 00:00:00+09:00,986.7146097722771,986.7146097722771,967.3129180070919,976.5518188476562,15400,0.0,0.0
2016-08-02 00:00:00+09:00,965.4653512086386,974.7042540910179,944.2158745791661,949.7592163085938,54300,0.0,0.0
2016-08-03 00:00:00+09:00,936.8247246446017,937.7486149055924,920.1946999467685,922.04248046875,34800,0.0,0.0
2016-08-04 00:00:00+09:00,930.3573938047252,958.9979888473732,926.661833154061,956.226318359375,46300,0.0,0.0
2016-08-05 00:00:00+09:00,967.3130033626113,967.3130033626113,947.9113098854243,953.4546508789062,13200,0.0,0.0
2016-08-08 00:00:00+09:00,965.4652924328316,981.171426376715,942.368036633003,946.9874877929688,94000,0.0,0.0
2016-08-09 00:00:00+09:00,954.3786576362102,961.7697798637897,943.2919742948409,958.07421875,39200,0.0,0.0
2016-08-10 00:00:00+09:00,902.6408069821224,925.7380640696895,898.0213555646089,903.564697265625,141400,0.0,0.0
2016-08-12 00:00:00+09:00,901.7169166986197,917.4230515181653,900.793026415117,903.564697265625,60500,0.0,0.0
2016-08-15 00:00:00+09:00,903.5646905666445,923.8902766530107,903.5646905666445,909.1080322265625,33300,0.0,0.0
2016-08-16 00:00:00+09:00,909.1079191706731,918.3468207882612,897.0973470678085,900.7929077148438,34300,0.0,0.0
2016-08-17 00:00:00+09:00,896.1734489991973,911.8795816105235,896.1734489991973,908.1840209960938,34600,0.0,0.0
2016-08-18 00:00:00+09:00,900.7930197366854,918.3469349930926,898.9452391833794,909.1080322265625,34400,0.0,0.0
2016-08-19 00:00:00+09:00,904.4886174595771,928.509765625,901.7169465174129,928.509765625,41900,0.0,0.0
2016-08-22 00:00:00+09:00,918.3469053545762,935.9008200444524,910.9557833798915,934.0530395507812,76000,0.0,0.0
2016-08-23 00:00:00+09:00,913.7273730368281,919.2707140259291,895.2495697398244,898.021240234375,70300,0.0,0.0
2016-08-24 00:00:00+09:00,900.7930457902128,907.2602779138348,887.8585815429688,887.8585815429688,36200,0.0,0.0
2016-08-25 00:00:00+09:00,887.858461509283,898.9451436509181,885.0867909738741,886.0106811523438,33100,0.0,0.0
2016-08-26 00:00:00+09:00,891.5540222231613,895.2495829370397,885.0867909738741,886.0106811523438,28500,0.0,0.0
2016-08-29 00:00:00+09:00,899.86904558714,930.357421875,894.3257044438927,930.357421875,43000,0.0,0.0
2016-08-30 00:00:00+09:00,921.1184605016387,934.0529223341591,921.1184605016387,929.4334716796875,18000,0.0,0.0
2016-08-31 00:00:00+09:00,929.4334479997045,954.3784808983049,929.4334479997045,952.5307006835938,34800,0.0,0.0
2016-09-01 00:00:00+09:00,944.2157001570159,947.9112606272978,936.8245792164522,942.367919921875,14000,0.0,0.0
2016-09-02 00:00:00+09:00,933.1291493039456,934.0530395507812,924.8141370824253,934.0530395507812,13900,0.0,0.0
2016-09-05 00:00:00+09:00,953.4546508789062,960.845772203549,946.987419719844,953.4546508789062,33100,0.0,0.0
2016-09-06 00:00:00+09:00,953.4547774615454,956.2264483262592,942.3680940026902,949.7592163085938,17000,0.0,0.0
2016-09-07 00:00:00+09:00,942.3679266700858,946.0634871668312,928.5095748072904,935.9006958007812,22600,0.0,0.0
2016-09-08 00:00:00+09:00,934.0529723941049,945.1396545590202,932.2051920332857,939.5963134765625,16500,0.0,0.0
2016-09-09 00:00:00+09:00,938.6724082296209,954.3785410444866,938.6724082296209,953.4546508789062,22300,0.0,0.0
2016-09-12 00:00:00+09:00,941.4441582493529,942.3680484929733,923.8902436205622,936.82470703125,19000,0.0,0.0
2016-09-13 00:00:00+09:00,936.8245898001966,941.444040440237,930.35735890414,932.2051391601562,11700,0.0,0.0
2016-09-14 00:00:00+09:00,931.2813341864223,931.2813341864223,908.1840788742592,910.9557495117188,36400,0.0,0.0
2016-09-15 00:00:00+09:00,900.7929107289256,912.8034828719778,897.0973500695249,898.021240234375,30100,0.0,0.0
2016-09-16 00:00:00+09:00,898.0213423295455,914.6513671875,898.0213423295455,914.6513671875,34200,0.0,0.0
2016-09-20 00:00:00+09:00,914.6512642260315,917.4229347236861,894.3256805765641,897.0973510742188,25800,0.0,0.0
2016-09-21 00:00:00+09:00,904.4885046178991,922.96630859375,894.3257124311812,922.96630859375,23000,0.0,0.0
2016-09-23 00:00:00+09:00,922.9663127649969,922.9663127649969,908.1840695175094,919.270751953125,19900,0.0,0.0
2016-09-26 00:00:00+09:00,913.7274802535501,917.4230413465878,910.0319191605125,911.8796997070312,13100,0.0,0.0
2016-09-27 00:00:00+09:00,908.1840043945313,923.89013671875,900.7928833007812,923.89013671875,27400,0.0,0.0
2016-09-28 00:00:00+09:00,934.0529194161724,934.0529194161724,922.0423477520673,932.2051391601562,21900,0.0,0.0
2016-09-29 00:00:00+09:00,934.9768446180556,960.8457691727053,934.9768446180556,956.226318359375,26200,0.0,0.0
2016-09-30 00:00:00+09:00,950.6829894840544,950.6829894840544,934.9768565188173,945.1396484375,29000,0.0,0.0
2016-10-03 00:00:00+09:00,958.9980608088796,958.9980608088796,942.368036633003,946.9874877929688,7300,0.0,0.0
2016-10-04 00:00:00+09:00,955.3024860007225,960.8458273121387,954.3785957821532,958.998046875,13100,0.0,0.0
2016-10-05 00:00:00+09:00,967.3128448600199,995.0295452858085,967.3128448600199,990.4100952148438,46400,0.0,0.0
2016-10-06 00:00:00+09:00,1006.1163560583236,1043.0719614231841,1003.3446856559591,1042.1480712890625,86100,0.0,0.0
2016-10-07 00:00:00+09:00,1033.8330879309997,1072.636474609375,1033.8330879309997,1072.636474609375,85100,0.0,0.0
2016-10-11 00:00:00+09:00,1054.158385482227,1075.4078533753832,1047.6911561234404,1055.082275390625,54300,0.0,0.0
2016-10-12 00:00:00+09:00,1051.3872623146945,1051.3872623146945,1008.8883044355415,1009.8121948242188,58600,0.0,0.0
2016-10-13 00:00:00+09:00,1007.040283203125,1025.5180865646503,998.7252716904386,1007.040283203125,32200,0.0,0.0
2016-10-14 00:00:00+09:00,1005.1924988574041,1013.507510336923,1004.268608693013,1010.73583984375,11200,0.0,0.0
2016-10-17 00:00:00+09:00,1012.5839852308831,1061.550181596975,1012.5839852308831,1054.1590576171875,38400,0.0,0.0
2016-10-18 00:00:00+09:00,1055.0823906674593,1077.255750891644,1051.3868306300951,1062.4735107421875,44500,0.0,0.0
2016-10-19 00:00:00+09:00,1053.2346225792253,1071.7124229753522,1032.909042143486,1049.5390625,52600,0.0,0.0
2016-10-20 00:00:00+09:00,1044.9199653345877,1079.103907613438,1044.9199653345877,1058.7783203125,56600,0.0,0.0
2016-10-21 00:00:00+09:00,1060.62589274992,1094.809828317644,1060.62589274992,1081.8753662109375,39700,0.0,0.0
2016-10-24 00:00:00+09:00,1073.5604891575442,1104.0488679374055,1067.0932572951492,1070.788818359375,51000,0.0,0.0
2016-10-25 00:00:00+09:00,1078.179803638507,1099.4292770606885,1078.179803638507,1083.72314453125,39200,0.0,0.0
2016-10-26 00:00:00+09:00,1080.9516068357696,1080.9516068357696,1018.1270690025796,1074.484375,80100,0.0,0.0
2016-10-27 00:00:00+09:00,1077.255907623317,1097.581490786021,1075.4081273357983,1089.2664794921875,29700,0.0,0.0
2016-10-28 00:00:00+09:00,1095.7338267652294,1102.201058457773,1082.7993633801423,1094.8099365234375,55900,0.0,0.0
2016-10-31 00:00:00+09:00,1067.0931336553213,1077.2559254044197,1046.7675501571248,1072.636474609375,49800,0.0,0.0
2016-11-01 00:00:00+09:00,1062.47379508561,1087.418832013707,1053.2348925196482,1080.0277099609375,33400,0.0,0.0
2016-11-02 00:00:00+09:00,1078.179640900985,1080.951310929008,1053.234610648777,1062.4735107421875,38800,0.0,0.0
2016-11-04 00:00:00+09:00,1045.8437652860855,1053.2348873022418,1006.1164844492466,1032.9093017578125,40200,0.0,0.0
2016-11-07 00:00:00+09:00,1054.1588045523622,1068.941048963263,1051.3871337253183,1061.5499267578125,41800,0.0,0.0
2016-11-08 00:00:00+09:00,1067.0933404219777,1071.7127921121162,1047.6916433233964,1053.2349853515625,33900,0.0,0.0
2016-11-09 00:00:00+09:00,1062.4738635438862,1062.4738635438862,958.0742578217478,975.628173828125,65500,0.0,0.0
2016-11-10 00:00:00+09:00,1031.9852943193152,1097.5814947639628,1030.1375140250998,1085.5709228515625,84900,0.0,0.0
2016-11-11 00:00:00+09:00,1099.4293396343166,1139.1566182933718,1097.5815592315698,1137.308837890625,127300,0.0,0.0
2016-11-14 00:00:00+09:00,1139.1565482847152,1153.014900453629,1126.2220862603956,1145.623779296875,62600,0.0,0.0
2016-11-15 00:00:00+09:00,1153.9387414958676,1164.1015326539577,1123.4503680215973,1133.6131591796875,49900,0.0,0.0
2016-11-16 00:00:00+09:00,1152.0910562826818,1165.9494090046067,1136.3849231978336,1159.482177734375,50400,0.0,0.0
2016-11-17 00:00:00+09:00,1158.55835390625,1165.025585546875,1110.51606171875,1154.86279296875,87900,0.0,0.0
2016-11-18 00:00:00+09:00,1166.8734108664773,1177.0362038352273,1159.4822887073865,1168.72119140625,61200,0.0,0.0
2016-11-21 00:00:00+09:00,1177.959974234115,1224.1544830276096,1173.3405233547655,1221.3828125,87100,0.0,0.0
2016-11-22 00:00:00+09:00,1228.7739906972542,1293.44630599711,1228.7739906972542,1278.6640625,142200,0.0,0.0
2016-11-24 00:00:00+09:00,1255.5668990356896,1278.6641561923432,1246.3279961730282,1251.871337890625,61900,0.0,0.0
2016-11-25 00:00:00+09:00,1260.1863414515315,1274.0446956463798,1238.9368650194308,1259.262451171875,54900,0.0,0.0
2016-11-28 00:00:00+09:00,1256.4907692439003,1269.4252330449403,1238.0129638138428,1268.5013427734375,37800,0.0,0.0
2016-11-29 00:00:00+09:00,1264.8057816874261,1269.4252330449403,1248.1757568003745,1268.5013427734375,44900,0.0,0.0
2016-11-30 00:00:00+09:00,1255.5666391719092,1268.5011005025985,1250.947188696663,1266.6533203125,52600,0.0,0.0
2016-12-01 00:00:00+09:00,1274.0446263222798,1288.826869992444,1260.1862728815008,1265.7296142578125,70600,0.0,0.0
2016-12-02 00:00:00+09:00,1262.0339886855497,1262.0339886855497,1201.98112685205,1213.99169921875,110800,0.0,0.0
2016-12-05 00:00:00+09:00,1227.8502243329892,1227.8502243329892,1204.752966538915,1224.1546630859375,50700,0.0,0.0
2016-12-06 00:00:00+09:00,1242.63247872992,1244.4802593674367,1209.372427254621,1216.7635498046875,53200,0.0,0.0
2016-12-07 00:00:00+09:00,1219.5349795319314,1271.2728271484375,1214.9155288518862,1271.2728271484375,124600,0.0,0.0
2016-12-08 00:00:00+09:00,1282.359590174788,1323.0107587394068,1277.740139201536,1308.228515625,106200,0.0,0.0
2016-12-09 00:00:00+09:00,1311.000256397685,1358.1186588474961,1311.000256397685,1352.5753173828125,97000,0.0,0.0
2016-12-12 00:00:00+09:00,1353.499272089964,1372.9009681404004,1334.097576039528,1349.8037109375,70600,0.0,0.0
2016-12-13 00:00:00+09:00,1324.8584723153808,1332.249593499846,1286.0550860969388,1312.847900390625,101400,0.0,0.0
2016-12-14 00:00:00+09:00,1317.4674051749607,1329.4779775924042,1294.3701505260308,1319.315185546875,60100,0.0,0.0
2016-12-15 00:00:00+09:00,1319.3152759886912,1329.478068730901,1283.2835562663108,1294.3702392578125,98000,0.0,0.0
2016-12-16 00:00:00+09:00,1302.6852151159626,1329.478031597071,1299.913544445503,1325.782470703125,108500,0.0,0.0
2016-12-19 00:00:00+09:00,1308.228569154076,1324.858593338238,1307.3046789216226,1314.69580078125,40400,0.0,0.0
2016-12-20 00:00:00+09:00,1304.5331526611503,1304.5331526611503,1282.3597846272496,1296.2181396484375,58800,0.0,0.0
2016-12-21 00:00:00+09:00,1298.065802442593,1311.0002659544764,1286.979119432407,1292.5224609375,61300,0.0,0.0
2016-12-22 00:00:00+09:00,1276.816169927561,1283.2834008895675,1264.8055981409775,1269.425048828125,55200,0.0,0.0
2016-12-26 00:00:00+09:00,1265.7296337601701,1272.196865465514,1242.632377669656,1249.099609375,59400,0.0,0.0
2016-12-27 00:00:00+09:00,1247.2517607227855,1270.3490155509853,1242.6323097571458,1255.5667724609375,59900,0.0,0.0
2016-12-28 00:00:00+09:00,1261.1511470869805,1277.9044464578776,1257.4281916712255,1276.04296875,36400,10.0,0.0
2016-12-29 00:00:00+09:00,1268.5970650090708,1270.4585427273526,1236.9519437982794,1242.536376953125,79800,0.0,0.0
2016-12-30 00:00:00+09:00,1228.5754478077472,1236.0213596126425,1218.337319076016,1223.9217529296875,120100,0.0,0.0
2017-01-04 00:00:00+09:00,1240.6749490782524,1316.064799697411,1233.2290379059898,1313.2725830078125,120600,0.0,0.0
2017-01-05 00:00:00+09:00,1316.9957147540802,1316.9957147540802,1276.0431978288648,1297.4501953125,60600,0.0,0.0
2017-01-06 00:00:00+09:00,1284.4198107101045,1294.6579396360546,1276.0431597706909,1291.86572265625,44400,0.0,0.0
2017-01-10 00:00:00+09:00,1276.973837990712,1298.3808338170868,1259.2897979602283,1271.389404296875,71000,0.0,0.0
2017-01-11 00:00:00+09:00,1283.4889584180676,1296.519303173581,1275.1123082180948,1287.2119140625,43300,0.0,0.0
2017-01-12 00:00:00+09:00,1284.4199189900296,1288.1428752769573,1249.9825733359492,1260.220703125,48500,0.0,0.0
2017-01-13 00:00:00+09:00,1254.6360531417577,1263.0127033481938,1248.120880758974,1258.3590087890625,52300,0.0,0.0
2017-01-16 00:00:00+09:00,1252.7745880287691,1257.4282826351168,1229.5061149970313,1236.9520263671875,32000,0.0,0.0
2017-01-17 00:00:00+09:00,1228.5753054735137,1245.328605093607,1216.4757001923351,1221.12939453125,58800,0.0,0.0
2017-01-18 00:00:00+09:00,1201.5839169492128,1234.1597783692148,1193.2072668697838,1226.7138671875,37800,0.0,0.0
2017-01-19 00:00:00+09:00,1244.3978981946511,1249.0515926531202,1218.3372092272239,1231.3675537109375,24500,0.0,0.0
2017-01-20 00:00:00+09:00,1234.1598015689422,1251.843840957939,1231.367584823311,1241.605712890625,12400,0.0,0.0
2017-01-23 00:00:00+09:00,1224.8525087553878,1228.5754647090516,1212.7529019059805,1214.6143798828125,23500,0.0,0.0
2017-01-24 00:00:00+09:00,1218.3371936428932,1222.9908880418348,1206.2375882056451,1211.822021484375,19000,0.0,0.0
2017-01-25 00:00:00+09:00,1226.7140024767784,1255.5669114879925,1226.7140024767784,1246.259521484375,27300,0.0,0.0
2017-01-26 00:00:00+09:00,1269.527976038836,1291.8657116876132,1268.5972370534703,1284.4197998046875,43500,0.0,0.0
2017-01-27 00:00:00+09:00,1298.38069775707,1299.3114366085088,1285.3503538369275,1292.7962646484375,34200,0.0,0.0
2017-01-30 00:00:00+09:00,1290.9348661325273,1290.9348661325273,1274.1815657789691,1275.1123046875,28300,0.0,0.0
2017-01-31 00:00:00+09:00,1260.2203996282528,1274.1814823420075,1249.051533457249,1251.84375,39800,0.0,0.0
2017-02-01 00:00:00+09:00,1247.1900133710622,1267.6662673219303,1238.813364027525,1263.0125732421875,30900,0.0,0.0
2017-02-02 00:00:00+09:00,1265.8050644188597,1265.8050644188597,1214.6144184313323,1220.1988525390625,24700,0.0,0.0
2017-02-03 00:00:00+09:00,1223.9216111345988,1243.4671273580411,1216.4757001923351,1221.12939453125,14200,0.0,0.0
2017-02-06 00:00:00+09:00,1242.5363847546112,1242.5363847546112,1226.7138240498707,1237.8826904296875,17900,0.0,0.0
2017-02-07 00:00:00+09:00,1229.5061311873637,1243.4672151902482,1226.7139143867869,1227.6446533203125,25500,0.0,0.0
2017-02-08 00:00:00+09:00,1233.2290157195062,1246.2593600365424,1226.713843560988,1240.6749267578125,17800,0.0,0.0
2017-02-09 00:00:00+09:00,1236.9522042673939,1249.98255103921,1227.6448137160967,1233.229248046875,19800,0.0,0.0
2017-02-10 00:00:00+09:00,1512.4506962763799,1512.4506962763799,1425.89197950487,1433.337890625,552400,0.0,0.0
2017-02-13 00:00:00+09:00,1455.6758219658086,1493.836121646498,1452.883604916002,1473.35986328125,257100,0.0,0.0
2017-02-14 00:00:00+09:00,1473.3596149420282,1478.9440481003683,1448.2296657294985,1461.260009765625,108400,0.0,0.0
2017-02-15 00:00:00+09:00,1461.2603012168647,1535.7194248457495,1460.3295621715038,1527.3427734375,150100,0.0,0.0
2017-02-16 00:00:00+09:00,1513.3814834030934,1592.4942915760716,1508.7277888046829,1561.7799072265625,148100,0.0,0.0
2017-02-17 00:00:00+09:00,1577.602428185486,1628.793067448142,1569.225778124324,1613.9012451171875,265900,0.0,0.0
2017-02-20 00:00:00+09:00,1610.1782885850937,1678.1222279300137,1610.1782885850937,1671.6070556640625,310200,0.0,0.0
2017-02-21 00:00:00+09:00,1675.3300830571338,1675.3300830571338,1628.7931363055468,1658.5767822265625,211100,0.0,0.0
2017-02-22 00:00:00+09:00,1668.814882697546,1679.0530108122548,1654.853798904761,1660.438232421875,70900,0.0,0.0
2017-02-23 00:00:00+09:00,1654.8537757839015,1659.507470316477,1615.762741710266,1645.54638671875,81500,0.0,0.0
2017-02-24 00:00:00+09:00,1641.8235664346353,1675.3301698312605,1631.5854376189998,1665.092041015625,110900,0.0,0.0
2017-02-27 00:00:00+09:00,1663.2303702395334,1663.2303702395334,1627.8622929764656,1649.269287109375,63300,0.0,0.0
2017-02-28 00:00:00+09:00,1656.715409415109,1675.3301892961777,1646.4772804805211,1667.88427734375,132100,0.0,0.0
2017-03-01 00:00:00+09:00,1675.3301177153717,1721.8670654296875,1662.2997723553633,1721.8670654296875,172700,0.0,0.0
2017-03-02 00:00:00+09:00,1721.8669430997888,1764.680931955243,1720.005465323465,1750.7198486328125,194800,0.0,0.0
2017-03-03 00:00:00+09:00,1750.7200095172147,1771.1962669384686,1740.4818808065877,1756.304443359375,115200,0.0,0.0
2017-03-06 00:00:00+09:00,1752.5813932464357,1781.4342998798077,1743.274004009864,1754.44287109375,101700,0.0,0.0
2017-03-07 00:00:00+09:00,1755.3736079608143,1755.3736079608143,1708.836661832479,1713.4903564453125,112200,0.0,0.0
2017-03-08 00:00:00+09:00,1707.9057926566804,1709.7672703598485,1670.6762385933196,1689.291015625,133900,0.0,0.0
2017-03-09 00:00:00+09:00,1702.321481359612,1727.451432150596,1695.80630893232,1718.14404296875,76200,0.0,0.0
2017-03-10 00:00:00+09:00,1742.3433449306672,1745.1355618295945,1706.0445252446116,1736.7589111328125,78300,0.0,0.0
2017-03-13 00:00:00+09:00,1731.1744800536444,1733.9666969569569,1699.529355149438,1707.906005859375,54400,0.0,0.0
2017-03-14 00:00:00+09:00,1717.2133759744304,1725.5900265889397,1695.806379959573,1705.11376953125,55300,0.0,0.0
2017-03-15 00:00:00+09:00,1693.9446670707614,1712.5594436319786,1689.2909729304572,1700.4598388671875,50400,0.0,0.0
2017-03-16 00:00:00+09:00,1690.2220440608198,1736.7589946131552,1679.0531759282594,1731.174560546875,66200,0.0,0.0
2017-03-17 00:00:00+09:00,1715.3520014592375,1749.78934495028,1702.3216552734375,1702.3216552734375,129600,0.0,0.0
2017-03-21 00:00:00+09:00,1713.4904396659997,1716.282656569312,1681.8453147617934,1707.906005859375,58500,0.0,0.0
2017-03-22 00:00:00+09:00,1673.4683613679847,1684.637226961097,1640.8925033880741,1641.8232421875,102700,0.0,0.0
2017-03-23 00:00:00+09:00,1615.7626914828431,1665.091851994704,1614.8319526052608,1661.368896484375,71500,0.0,0.0
2017-03-24 00:00:00+09:00,1670.6762266343776,1684.6373093082025,1656.7151439605527,1681.8450927734375,63500,0.0,0.0
2017-03-27 00:00:00+09:00,1652.0613011446867,1662.2994275179776,1638.1002197265625,1638.1002197265625,50000,0.0,0.0
2017-03-28 00:00:00+09:00,1662.299647146673,1683.7066414828282,1657.6459527257693,1668.8148193359375,49500,0.0,0.0
2017-03-29 00:00:00+09:00,1677.191653699137,1677.191653699137,1642.7543111981004,1648.3387451171875,36500,0.0,0.0
2017-03-30 00:00:00+09:00,1644.615596687894,1667.884068627451,1642.7541189327294,1661.368896484375,35500,0.0,0.0
2017-03-31 00:00:00+09:00,1675.330124813247,1681.845297520854,1635.308349609375,1635.308349609375,58300,0.0,0.0
2017-04-03 00:00:00+09:00,1633.446946545994,1654.853943566255,1619.4858615327805,1634.377685546875,62300,0.0,0.0
2017-04-04 00:00:00+09:00,1626.931593959426,1639.0311996353257,1576.6716934595354,1597.14794921875,101800,0.0,0.0
2017-04-05 00:00:00+09:00,1608.3169305636259,1652.99240085706,1597.1480629902674,1601.8017578125,68500,0.0,0.0
2017-04-06 00:00:00+09:00,1586.9099969316464,1599.0096039463747,1537.5808298716013,1540.373046875,89700,0.0,0.0
2017-04-07 00:00:00+09:00,1554.3339691254641,1566.4335748731476,1520.8273685934182,1534.7884521484375,86200,0.0,0.0
2017-04-10 00:00:00+09:00,1542.2343080201008,1555.2646522037346,1531.9961804472455,1538.5113525390625,35800,0.0,0.0
2017-04-11 00:00:00+09:00,1531.9962354374336,1545.0265800887848,1521.7581074970863,1534.7884521484375,33200,0.0,0.0
2017-04-12 00:00:00+09:00,1518.0350808424178,1518.0350808424178,1486.3899595986152,1490.1129150390625,62200,0.0,0.0
2017-04-13 00:00:00+09:00,1452.8836219045513,1489.182443976478,1443.5762316296984,1464.052490234375,76700,0.0,0.0
2017-04-14 00:00:00+09:00,1454.7449674271168,1495.6974809055512,1448.2297948282749,1456.6064453125,57700,0.0,0.0
2017-04-17 00:00:00+09:00,1433.3380876507676,1450.0913899739583,1417.5155243455317,1432.4073486328125,50600,0.0,0.0
2017-04-18 00:00:00+09:00,1454.7450700630452,1479.8750232887023,1442.6454629543953,1453.8143310546875,46100,0.0,0.0
2017-04-19 00:00:00+09:00,1450.091316925658,1456.6064897231415,1431.476537504276,1445.4376220703125,39700,0.0,0.0
2017-04-20 00:00:00+09:00,1451.952947045836,1480.8058581730288,1451.952947045836,1455.6759033203125,44800,0.0,0.0
2017-04-21 00:00:00+09:00,1490.113120453933,1498.4897713496766,1467.7753847319505,1484.5286865234375,38600,0.0,0.0
2017-04-24 00:00:00+09:00,1510.589157765419,1511.5198966180164,1478.0132979245136,1482.6669921875,60800,0.0,0.0
2017-04-25 00:00:00+09:00,1478.0134778677475,1549.680378242947,1474.290522004101,1531.996337890625,71200,0.0,0.0
2017-04-26 00:00:00+09:00,1564.5721239856089,1579.4639467005225,1552.4725180297414,1561.7799072265625,67900,0.0,0.0
2017-04-27 00:00:00+09:00,1565.5028594512482,1568.295076204134,1542.234386510534,1549.6802978515625,43600,0.0,0.0
2017-04-28 00:00:00+09:00,1553.4031983912355,1559.9183705834096,1520.8273374303649,1524.55029296875,86100,0.0,0.0
2017-05-01 00:00:00+09:00,1524.550423555596,1568.2951548786198,1524.550423555596,1560.8492431640625,38300,0.0,0.0
2017-05-02 00:00:00+09:00,1576.6716977176734,1592.4942590288897,1572.9487421150343,1580.3946533203125,51500,0.0,0.0
2017-05-08 00:00:00+09:00,1619.4859061984841,1647.4080769950097,1605.5248208002213,1623.2088623046875,77500,0.0,0.0
2017-05-09 00:00:00+09:00,1647.4079385802834,1648.3386775286338,1585.9791679891541,1603.6632080078125,88700,0.0,0.0
2017-05-10 00:00:00+09:00,1640.892630217037,1757.2349891377007,1635.3081969888453,1740.481689453125,431100,0.0,0.0
2017-05-11 00:00:00+09:00,1765.611903955603,1766.5426429666497,1721.8671704364078,1731.174560546875,115000,0.0,0.0
2017-05-12 00:00:00+09:00,1729.3128704568614,1733.9665649414062,1701.3907035495924,1712.5595703125,62600,0.0,0.0
2017-05-15 00:00:00+09:00,1714.4210722121147,1715.3518111221103,1682.7759492722603,1698.5985107421875,69600,0.0,0.0
2017-05-16 00:00:00+09:00,1717.2132647970448,1728.3821315599525,1700.4599646526833,1712.5595703125,72800,0.0,0.0
2017-05-17 00:00:00+09:00,1699.529126357607,1699.529126357607,1666.0225280285415,1669.7454833984375,54000,0.0,0.0
2017-05-18 00:00:00+09:00,1607.3860415846025,1666.9533297498688,1607.3860415846025,1661.368896484375,77000,0.0,0.0
2017-05-19 00:00:00+09:00,1698.59852008266,1773.0576332917628,1676.260786119929,1763.750244140625,249700,0.0,0.0
2017-05-22 00:00:00+09:00,1784.2265378669774,1878.2311702741576,1784.2265378669774,1867.9930419921875,335300,0.0,0.0
2017-05-23 00:00:00+09:00,1859.6163754328443,1897.77667142521,1826.109774073694,1877.3004150390625,302100,0.0,0.0
2017-05-24 00:00:00+09:00,1883.8155481764359,1897.776631784463,1853.1011642387766,1871.7159423828125,124600,0.0,0.0
2017-05-25 00:00:00+09:00,1870.7852096114907,1941.5213667908306,1866.1315150602184,1924.76806640625,187700,0.0,0.0
2017-05-26 00:00:00+09:00,1894.0538336822342,1896.8460506360655,1818.663975928789,1853.101318359375,195000,0.0,0.0
2017-05-29 00:00:00+09:00,1861.4778678998982,1866.131562569648,1826.1097884098,1827.04052734375,64000,0.0,0.0
2017-05-30 00:00:00+09:00,1824.2482829397263,1846.5860170165395,1812.1486769814528,1828.9019775390625,65900,0.0,0.0
2017-05-31 00:00:00+09:00,1828.9020465106787,1854.9627372497623,1800.9798778616607,1803.7720947265625,85000,0.0,0.0
2017-06-01 00:00:00+09:00,1813.0795752275178,1852.1706132971049,1800.049229204322,1834.486572265625,94500,0.0,0.0
2017-06-02 00:00:00+09:00,1854.031933883531,1899.6381410925135,1840.0708500440467,1881.9541015625,137000,0.0,0.0
2017-06-05 00:00:00+09:00,1864.270024653955,1871.7159358857232,1817.733079455404,1818.663818359375,74500,0.0,0.0
2017-06-06 00:00:00+09:00,1815.871700492303,1815.871700492303,1759.0966242595862,1762.819580078125,115500,0.0,0.0
2017-06-07 00:00:00+09:00,1768.4039297158208,1806.5642250412675,1763.750235163937,1797.2568359375,108100,0.0,0.0
2017-06-08 00:00:00+09:00,1804.702519713855,1841.0013326426022,1795.3951317834071,1816.8021240234375,63300,0.0,0.0
2017-06-09 00:00:00+09:00,1806.5643475573577,1845.6553844442246,1792.603262954905,1838.20947265625,77500,0.0,0.0
2017-06-12 00:00:00+09:00,1874.5081809649082,1937.7984273927204,1874.5081809649082,1915.460693359375,311100,0.0,0.0
2017-06-13 00:00:00+09:00,1901.4995469756327,1930.3524524852974,1880.0925525652365,1923.8372802734375,152300,0.0,0.0
2017-06-14 00:00:00+09:00,1931.2833640876213,1941.5214927647123,1895.915283203125,1895.915283203125,93800,0.0,0.0
2017-06-15 00:00:00+09:00,1889.400088137061,1915.460779007917,1876.369742701633,1881.0234375,86800,0.0,0.0
2017-06-16 00:00:00+09:00,1897.77667142521,1908.9455385449269,1867.9930257726319,1877.3004150390625,50500,0.0,0.0
2017-06-19 00:00:00+09:00,1886.6078712580406,1902.430433572489,1875.4390037419594,1881.0234375,39900,0.0,0.0
2017-06-20 00:00:00+09:00,1881.9540878031296,1950.8287675743618,1881.9540878031296,1932.2139892578125,95800,0.0,0.0
2017-06-21 00:00:00+09:00,1932.214103058266,1932.214103058266,1895.915283203125,1895.915283203125,50500,0.0,0.0
2017-06-22 00:00:00+09:00,1895.9150863213208,1913.5991249271651,1885.676958707411,1896.8458251953125,42300,0.0,0.0
2017-06-23 00:00:00+09:00,1902.430136748209,1902.430136748209,1842.8628526230202,1851.239501953125,54200,0.0,0.0
2017-06-26 00:00:00+09:00,1853.101017602969,1943.3826844575588,1853.101017602969,1902.43017578125,95000,0.0,0.0
2017-06-27 00:00:00+09:00,1908.0146916832143,1915.460602675149,1889.399914203378,1896.8458251953125,53100,0.0,0.0
2017-06-28 00:00:00+09:00,1916.4395751953125,1952.8276683952236,1908.9753509491768,1916.4395751953125,93300,5.0,0.0
2017-06-29 00:00:00+09:00,1918.3054080792326,2002.2779210788099,1918.3054080792326,2000.411865234375,181100,0.0,0.0
2017-06-30 00:00:00+09:00,1953.7611502125778,2034.9346077428997,1953.7611502125778,2026.537353515625,154100,0.0,0.0
2017-07-03 00:00:00+09:00,2029.3355625370673,2051.7282308133385,1986.4162816742144,1991.0814208984375,100000,0.0,0.0
2017-07-04 00:00:00+09:00,2014.4075223662803,2014.4075223662803,1928.5689433678099,1944.430419921875,71900,0.0,0.0
2017-07-05 00:00:00+09:00,1944.4301743828312,1972.421011825962,1937.8989789794339,1954.6934814453125,42900,0.0,0.0
2017-07-06 00:00:00+09:00,1968.6891055174403,2033.068038351897,1966.8230494932534,1983.6175537109375,97900,0.0,0.0
2017-07-07 00:00:00+09:00,1972.4210320151512,1992.0146184258977,1957.492585226011,1969.6219482421875,30100,0.0,0.0
2017-07-10 00:00:00+09:00,1992.9477751160382,2050.795510161541,1988.2826351930137,1997.6129150390625,71000,0.0,0.0
2017-07-11 00:00:00+09:00,1992.947868041148,2026.5368770530774,1988.2827279006021,2023.73779296875,31300,0.0,0.0
2017-07-12 00:00:00+09:00,2015.3403650049145,2032.134868046622,2006.9431134840606,2017.2064208984375,31700,0.0,0.0
2017-07-13 00:00:00+09:00,2026.5367488185457,2081.585398993635,2012.5413292825058,2054.527587890625,124900,0.0,0.0
2017-07-14 00:00:00+09:00,2065.7240200928063,2084.3845803465806,2062.9249360547406,2070.38916015625,45100,0.0,0.0
2017-07-17 00:00:00+09:00,2070.38916015625,2070.38916015625,2070.38916015625,2070.38916015625,0,0.0,0.0
2017-07-18 00:00:00+09:00,2210.3434006695284,2288.7177551044124,2174.888335568033,2273.789306640625,605300,0.0,0.0
2017-07-19 00:00:00+09:00,2274.7222178458783,2308.311225164357,2229.003846773504,2301.780029296875,252200,0.0,0.0
2017-07-20 00:00:00+09:00,2295.2489484946873,2387.6187232511807,2295.2489484946873,2370.82421875,292500,0.0,0.0
2017-07-21 00:00:00+09:00,2370.8241785028677,2419.34163512709,2321.3736938666407,2399.748046875,207600,0.0,0.0
2017-07-24 00:00:00+09:00,2397.8818591708514,2403.4800269354528,2358.694684818643,2392.28369140625,120000,0.0,0.0
2017-07-25 00:00:00+09:00,2392.283758654566,2392.283758654566,2335.369051447886,2337.235107421875,133900,0.0,0.0
2017-07-26 00:00:00+09:00,2346.56547174737,2374.556312364635,2342.833359665068,2355.895751953125,90900,0.0,0.0
2017-07-27 00:00:00+09:00,2357.7616296468777,2377.3552165968517,2312.976288046937,2359.627685546875,103800,0.0,0.0
2017-07-28 00:00:00+09:00,2365.226004535493,2365.226004535493,2275.655315606338,2284.985595703125,182700,0.0,0.0
2017-07-31 00:00:00+09:00,2277.521401771775,2317.641606719004,2275.6553457277178,2297.114990234375,64500,0.0,0.0
2017-08-01 00:00:00+09:00,2280.320016912117,2286.85121172324,2173.954844273827,2191.682373046875,136500,0.0,0.0
2017-08-02 00:00:00+09:00,2182.352685347169,2291.5169710186606,2182.352685347169,2281.253662109375,74400,0.0,0.0
2017-08-03 00:00:00+09:00,2264.458922958533,2264.458922958533,2239.2671673261143,2240.2001953125,42200,0.0,0.0
2017-08-04 00:00:00+09:00,2230.8702642784356,2280.320755289208,2226.205123617042,2253.262939453125,77100,0.0,0.0
2017-08-07 00:00:00+09:00,2278.4542485502575,2289.650583923969,2258.860661646263,2262.5927734375,51200,0.0,0.0
2017-08-08 00:00:00+09:00,2294.3160375765488,2335.369272897154,2257.927942633285,2266.3251953125,95900,0.0,0.0
2017-08-09 00:00:00+09:00,2253.2625602406156,2256.0616441663806,2187.017573997517,2207.544189453125,147000,0.0,0.0
2017-08-10 00:00:00+09:00,2160.893038925315,2164.6251512550652,2064.7911464342496,2072.25537109375,245400,0.0,0.0
2017-08-11 00:00:00+09:00,2072.25537109375,2072.25537109375,2072.25537109375,2072.25537109375,0,0.0,0.0
2017-08-14 00:00:00+09:00,2057.32645003522,2064.790672983194,2006.0099172679018,2048.92919921875,240700,0.0,0.0
2017-08-15 00:00:00+09:00,2058.259833583865,2184.218617597384,2058.259833583865,2138.500244140625,137200,0.0,0.0
2017-08-16 00:00:00+09:00,2185.151559104382,2211.2763429023853,2119.839599609375,2119.839599609375,142800,0.0,0.0
2017-08-17 00:00:00+09:00,2148.763111638647,2253.262229529888,2122.6383321658363,2247.6640625,173800,0.0,0.0
2017-08-18 00:00:00+09:00,2201.013419633951,2242.999686646892,2192.616166231363,2221.5400390625,118300,0.0,0.0
2017-08-21 00:00:00+09:00,2253.262175348879,2284.98512108878,2168.356644103849,2200.07958984375,109600,0.0,0.0
2017-08-22 00:00:00+09:00,2201.94590376861,2261.659690989454,2201.94590376861,2256.0615234375,94200,0.0,0.0
2017-08-23 00:00:00+09:00,2281.253189710501,2313.9091658413263,2232.7357394589894,2237.40087890625,114200,0.0,0.0
2017-08-24 00:00:00+09:00,2229.936741528381,2290.58355667455,2226.204629827078,2256.0615234375,71300,0.0,0.0
2017-08-25 00:00:00+09:00,2286.851849314792,2292.4500178565663,2257.927978515625,2257.927978515625,45000,0.0,0.0
2017-08-28 00:00:00+09:00,2285.9184454860756,2318.5744232787342,2267.257886747414,2288.717529296875,83700,0.0,0.0
2017-08-29 00:00:00+09:00,2277.521579031638,2312.043618533551,2256.0619328547727,2293.383056640625,57800,0.0,0.0
2017-08-30 00:00:00+09:00,2332.570098379054,2369.8912199531187,2280.320528175363,2344.699462890625,208400,0.0,0.0
2017-08-31 00:00:00+09:00,2351.2306647681653,2351.2306647681653,2304.5792626894317,2324.1728515625,95700,0.0,0.0
2017-09-01 00:00:00+09:00,2344.699318457373,2416.5424730619166,2340.0341785479873,2398.81494140625,236500,0.0,0.0
2017-09-04 00:00:00+09:00,2382.953332421875,2382.953332421875,2278.454204296875,2332.56982421875,118200,0.0,0.0
2017-09-05 00:00:00+09:00,2313.9093622569007,2326.0387258493765,2212.2093136738354,2230.869873046875,111400,0.0,0.0
2017-09-06 00:00:00+09:00,2173.9552011177584,2222.47265625,2085.3175427030856,2222.47265625,142000,0.0,0.0
2017-09-07 00:00:00+09:00,2222.472211865956,2283.1190186549093,2221.5391840692027,2272.855712890625,108900,0.0,0.0
2017-09-08 00:00:00+09:00,2275.6553626985983,2312.0434558290804,2254.195718031904,2273.789306640625,97000,0.0,0.0
2017-09-11 00:00:00+09:00,2285.9186141117,2355.895714543691,2284.0525581001807,2326.038818359375,81500,0.0,0.0
2017-09-12 00:00:00+09:00,2369.891190722157,2379.2214710005906,2332.570069608422,2370.82421875,88200,0.0,0.0
2017-09-13 00:00:00+09:00,2397.882012879022,2416.5425732905323,2353.0966678913987,2355.895751953125,71500,0.0,0.0
2017-09-14 00:00:00+09:00,2354.0291082208805,2397.8814142400565,2340.966719193892,2360.560302734375,65000,0.0,0.0
2017-09-15 00:00:00+09:00,2343.7659553641347,2388.551292090838,2341.899899667189,2382.953125,56400,0.0,0.0
2017-09-18 00:00:00+09:00,2382.953125,2382.953125,2382.953125,2382.953125,0,0.0,0.0
2017-09-19 00:00:00+09:00,2418.4084588644264,2434.2699340961763,2381.0873406720743,2415.609375,91900,0.0,0.0
2017-09-20 00:00:00+09:00,2424.9400988578795,2424.9400988578795,2364.2932706832885,2388.552001953125,51500,0.0,0.0
2017-09-21 00:00:00+09:00,2417.475531893987,2431.470951800745,2393.2168040556066,2410.9443359375,68000,0.0,0.0
2017-09-22 00:00:00+09:00,2407.212206446482,2407.212206446482,2315.7754637209955,2337.235107421875,66000,0.0,0.0
2017-09-25 00:00:00+09:00,2322.3067845090604,2373.6233265532546,2322.3067845090604,2365.22607421875,46100,0.0,0.0
2017-09-26 00:00:00+09:00,2337.235041530263,2362.4267964689125,2312.043286591613,2333.5029296875,42900,0.0,0.0
2017-09-27 00:00:00+09:00,2336.302660029243,2368.958647689396,2330.7044907160735,2353.09716796875,23300,0.0,0.0
2017-09-28 00:00:00+09:00,2379.2216122422587,2460.3950554834655,2375.48949990933,2451.997802734375,145600,0.0,0.0
2017-09-29 00:00:00+09:00,2451.0648835859406,2463.1942492070357,2397.8822804780616,2426.80615234375,117500,0.0,0.0
2017-10-02 00:00:00+09:00,2435.202857901197,2451.997360369481,2423.073495007436,2440.801025390625,40200,0.0,0.0
2017-10-03 00:00:00+09:00,2447.3321889143836,2467.8588027748933,2422.140435540122,2428.671630859375,51600,0.0,0.0
2017-10-04 00:00:00+09:00,2439.8678804418855,2553.697280600168,2437.068796831436,2509.844970703125,196300,0.0,0.0
2017-10-05 00:00:00+09:00,2509.8454517023156,2509.8454517023156,2369.8912443583204,2377.35546875,180800,0.0,0.0
2017-10-06 00:00:00+09:00,2386.685236393892,2424.0063503328115,2365.2255958790133,2382.953125,78100,0.0,0.0
2017-10-09 00:00:00+09:00,2382.953125,2382.953125,2382.953125,2382.953125,0,0.0,0.0
2017-10-10 00:00:00+09:00,2412.8104341223134,2433.337050344545,2387.618677849575,2420.274658203125,60000,0.0,0.0
2017-10-11 00:00:00+09:00,2435.2030283982717,2457.5956999237733,2401.61402111002,2419.341552734375,70800,0.0,0.0
2017-10-12 00:00:00+09:00,2432.403813849043,2486.519433796586,2428.6717021285226,2470.657958984375,87400,0.0,0.0
2017-10-13 00:00:00+09:00,2490.2519907854858,2490.2519907854858,2393.217068701675,2443.6005859375,82500,0.0,0.0
2017-10-16 00:00:00+09:00,2451.9974217083895,2453.86347758488,2399.7478571666584,2406.279052734375,54900,0.0,0.0
2017-10-17 00:00:00+09:00,2426.806245878145,2452.931034376641,2414.676879789558,2442.667724609375,51800,0.0,0.0
2017-10-18 00:00:00+09:00,2437.0689597884266,2444.533183248728,2419.341429070211,2429.604736328125,54900,0.0,0.0
2017-10-19 00:00:00+09:00,2428.672208593149,2442.667630463644,2396.9492523533618,2426.80615234375,53400,0.0,0.0
2017-10-20 00:00:00+09:00,2384.819565922235,2393.216817914919,2330.703941969383,2349.364501953125,104600,0.0,0.0
2017-10-23 00:00:00+09:00,2379.221152013602,2442.6670494006316,2366.158761375096,2428.671630859375,77700,0.0,0.0
2017-10-24 00:00:00+09:00,2428.672225304947,2450.1318723207037,2391.3511000601534,2441.734619140625,50300,0.0,0.0
2017-10-25 00:00:00+09:00,2439.8683017496805,2479.9885070939395,2409.0783767180405,2465.06005859375,107400,0.0,0.0
2017-10-26 00:00:00+09:00,2465.0602950525545,2584.487894510059,2463.194238811031,2579.82275390625,222200,0.0,0.0
2017-10-27 00:00:00+09:00,2601.282032082002,2635.8040676584133,2592.8847801850375,2628.33984375,144600,0.0,0.0
2017-10-30 00:00:00+09:00,2609.679335456763,2631.138979616758,2553.697655039385,2596.616943359375,85500,0.0,0.0
2017-10-31 00:00:00+09:00,2612.478249444493,2681.522317465526,2605.9470538208816,2676.857177734375,122400,0.0,0.0
2017-11-01 00:00:00+09:00,2702.0493100475496,2722.575927734375,2651.66579390716,2722.575927734375,107000,0.0,0.0
2017-11-02 00:00:00+09:00,2705.7809512589656,2729.106649114646,2662.861667204513,2699.249755859375,74200,0.0,0.0
2017-11-03 00:00:00+09:00,2699.249755859375,2699.249755859375,2699.249755859375,2699.249755859375,0,0.0,0.0
2017-11-06 00:00:00+09:00,2721.642522728146,2728.1737183603354,2650.7323987215163,2656.33056640625,74700,0.0,0.0
2017-11-07 00:00:00+09:00,2650.732315602022,2716.9772977941175,2650.732315602022,2696.45068359375,62700,0.0,0.0
2017-11-08 00:00:00+09:00,2696.450880958983,2716.977496661785,2663.7949014317983,2707.647216796875,43400,0.0,0.0
2017-11-09 00:00:00+09:00,2726.3080575393024,2798.151219904301,2680.5896814888483,2737.50439453125,155000,0.0,0.0
2017-11-10 00:00:00+09:00,2690.8526782838803,2724.4416853637067,2624.6076920986666,2716.04443359375,132300,0.0,0.0
2017-11-13 00:00:00+09:00,2683.388351954525,2692.718631342406,2598.4828095248095,2603.14794921875,127400,0.0,0.0
2017-11-14 00:00:00+09:00,2593.81790790585,2652.5986734447238,2593.81790790585,2623.6748046875,55600,0.0,0.0
2017-11-15 00:00:00+09:00,2589.152419686716,2589.152419686716,2482.7872392022887,2510.778076171875,93900,0.0,0.0
2017-11-16 00:00:00+09:00,2514.5103321303573,2590.085596287151,2486.519493553767,2574.22412109375,71700,0.0,0.0
2017-11-17 00:00:00+09:00,2651.6654461625153,2716.9774029645478,2644.2012225279973,2671.259033203125,121600,0.0,0.0
2017-11-20 00:00:00+09:00,2679.6562447549513,2831.73979903596,2662.8617418282142,2779.490234375,238400,0.0,0.0
2017-11-21 00:00:00+09:00,2827.074948480561,2995.0199949249504,2817.744668122539,2962.364013671875,379900,0.0,0.0
2017-11-22 00:00:00+09:00,2985.689538043478,3078.992336107337,2957.6986986243205,3004.35009765625,211100,0.0,0.0
2017-11-23 00:00:00+09:00,3004.35009765625,3004.35009765625,3004.35009765625,3004.35009765625,0,0.0,0.0
2017-11-24 00:00:00+09:00,2967.0295204441572,3009.0157872428954,2920.378112890004,2934.37353515625,124200,0.0,0.0
2017-11-27 00:00:00+09:00,2967.0288816804336,2976.3591611825736,2901.716925165456,2929.707763671875,98300,0.0,0.0
2017-11-28 00:00:00+09:00,2976.3591924871057,3027.675730288607,2878.391256684238,2883.056396484375,112000,0.0,0.0
2017-11-29 00:00:00+09:00,2929.7077664689036,2962.3637447575697,2796.284769460925,2850.400390625,114600,0.0,0.0
2017-11-30 00:00:00+09:00,2827.0746125094033,2836.404891758609,2761.7626577649617,2790.6865234375,116600,0.0,0.0
2017-12-01 00:00:00+09:00,2799.084230021633,2808.414510788372,2706.714450430919,2722.575927734375,131900,0.0,0.0
2017-12-04 00:00:00+09:00,2733.771852216887,2748.7002991914505,2704.847986203671,2723.508544921875,106400,0.0,0.0
2017-12-05 00:00:00+09:00,2697.383573493285,2766.4276359071564,2688.0532947887077,2750.566162109375,115900,0.0,0.0
2017-12-06 00:00:00+09:00,2752.433015983602,2771.09357880383,2729.107312458317,2754.299072265625,119400,0.0,0.0
2017-12-07 00:00:00+09:00,2769.227114008443,2841.0702702680965,2769.227114008443,2831.739990234375,93900,0.0,0.0
2017-12-08 00:00:00+09:00,2845.735262997843,2906.382080078125,2841.070123222437,2906.382080078125,132500,0.0,0.0
2017-12-11 00:00:00+09:00,2915.712866452661,2939.0385693842823,2808.414632967203,2827.0751953125,103300,0.0,0.0
2017-12-12 00:00:00+09:00,2850.400772705078,2869.0613342285155,2796.2851442871092,2799.084228515625,92400,0.0,0.0
2017-12-13 00:00:00+09:00,2817.7442342095032,2845.7350709731736,2764.561644358529,2774.824951171875,117600,0.0,0.0
2017-12-14 00:00:00+09:00,2774.825249365775,2817.7445370156825,2754.2986335332102,2781.3564453125,88500,0.0,0.0
2017-12-15 00:00:00+09:00,2794.419088876098,2794.419088876098,2745.9016289022898,2760.830078125,50500,0.0,0.0
2017-12-18 00:00:00+09:00,2803.7494291117046,2850.400833922215,2777.6246424178184,2785.0888671875,105500,0.0,0.0
2017-12-19 00:00:00+09:00,2817.7448871571532,2817.7448871571532,2759.8971444406816,2776.691650390625,55000,0.0,0.0
2017-12-20 00:00:00+09:00,2761.763029082611,2813.079571852727,2729.1070473198097,2798.151123046875,76300,0.0,0.0
2017-12-21 00:00:00+09:00,2831.7401328600417,2836.4052731118704,2766.4281693344396,2798.151123046875,70600,0.0,0.0
2017-12-22 00:00:00+09:00,2789.753713646503,2790.686741644378,2738.4371737633733,2758.03076171875,67000,0.0,0.0
2017-12-25 00:00:00+09:00,2730.972576829763,2777.623970352649,2729.1065210888473,2750.566162109375,52700,0.0,0.0
2017-12-26 00:00:00+09:00,2739.369956171146,2746.834179484964,2684.321309231739,2699.249755859375,67100,0.0,0.0
2017-12-27 00:00:00+09:00,2743.407549927566,2856.150325951987,2727.4356566574397,2837.35986328125,101400,20.0,0.0
2017-12-28 00:00:00+09:00,2823.267365159878,2856.150678897181,2807.295469916045,2832.66259765625,45000,0.0,0.0
2017-12-29 00:00:00+09:00,2842.0572010940095,2846.7548163024294,2807.2948485517027,2827.96435546875,31300,0.0,0.0
2018-01-01 00:00:00+09:00,2827.96435546875,2827.96435546875,2827.96435546875,2827.96435546875,0,0.0,0.0
2018-01-02 00:00:00+09:00,2827.96435546875,2827.96435546875,2827.96435546875,2827.96435546875,0,0.0,0.0
2018-01-03 00:00:00+09:00,2827.96435546875,2827.96435546875,2827.96435546875,2827.96435546875,0,0.0,0.0
2018-01-04 00:00:00+09:00,2893.731128205776,2940.7072828844407,2842.057358059244,2907.823974609375,69600,0.0,0.0
2018-01-05 00:00:00+09:00,2921.9169598979333,2921.9169598979333,2874.940802986391,2912.521728515625,45900,0.0,0.0
2018-01-08 00:00:00+09:00,2912.521728515625,2912.521728515625,2912.521728515625,2912.521728515625,0,0.0,0.0
2018-01-09 00:00:00+09:00,2917.2193764444332,2921.9169921875,2865.5456032706993,2921.9169921875,57600,0.0,0.0
2018-01-10 00:00:00+09:00,2921.9174018947556,2921.9174018947556,2842.0579230648345,2860.848388671875,45400,0.0,0.0
2018-01-11 00:00:00+09:00,2917.2196152797965,3100.426644258721,2860.84822174782,3029.96240234375,213400,0.0,0.0
2018-01-12 00:00:00+09:00,3015.86935034061,3020.566966151109,2884.3361076466267,2898.428955078125,169600,0.0,0.0
2018-01-15 00:00:00+09:00,2903.1265483655425,2912.5217799136512,2814.8113718133222,2856.150390625,129700,0.0,0.0
2018-01-16 00:00:00+09:00,2884.3361917162697,2959.498046875,2851.4528800843254,2959.498046875,71200,0.0,0.0
2018-01-17 00:00:00+09:00,2978.288531427279,3048.752771129817,2940.7076035859254,3001.776611328125,98600,0.0,0.0
2018-01-18 00:00:00+09:00,3006.47419544741,3067.543202542435,2987.6837317258633,2992.38134765625,90400,0.0,0.0
2018-01-19 00:00:00+09:00,2982.986083984375,2997.0789316252462,2931.3123093011814,2982.986083984375,64400,0.0,0.0
2018-01-22 00:00:00+09:00,3006.4743217054265,3034.660018471415,2982.9862410671026,3029.96240234375,63900,0.0,0.0
2018-01-23 00:00:00+09:00,3029.9619073224217,3072.24044556413,3020.5666766020418,3062.84521484375,60700,0.0,0.0
2018-01-24 00:00:00+09:00,3062.845402995807,3067.5430186445737,2992.3811682643086,3011.171630859375,55400,0.0,0.0
2018-01-25 00:00:00+09:00,2968.89317241977,2992.3812513154962,2893.731319953447,2964.195556640625,55800,0.0,0.0
2018-01-26 00:00:00+09:00,2978.2885106646822,2982.986126612103,2931.312351190476,2959.498046875,44300,0.0,0.0
2018-01-29 00:00:00+09:00,2959.4976248274843,3006.4737776025236,2940.7071637174686,2978.2880859375,60000,0.0,0.0
2018-01-30 00:00:00+09:00,2978.287961473652,2978.287961473652,2860.847584443934,2874.9404296875,76000,0.0,0.0
2018-01-31 00:00:00+09:00,2865.5455806165887,2959.497894735165,2856.150349204731,2879.638427734375,62000,0.0,0.0
2018-02-01 00:00:00+09:00,2907.824271453373,2964.1956628224207,2893.731423611111,2959.498046875,39800,0.0,0.0
2018-02-02 00:00:00+09:00,2921.9168210129747,2931.312051948708,2860.84781993071,2907.823974609375,43400,0.0,0.0
2018-02-05 00:00:00+09:00,2842.0574551109507,2846.7550707392334,2753.7422812992386,2795.081298828125,78400,0.0,0.0
2018-02-06 00:00:00+09:00,2513.224217259476,2622.2088935967095,2475.643294384568,2554.563232421875,127800,0.0,0.0
2018-02-07 00:00:00+09:00,2677.6409336137526,2719.919474670812,2567.716726865399,2568.65625,108500,0.0,0.0
2018-02-08 00:00:00+09:00,2625.9674352607935,2642.8788534485193,2555.5031928119347,2597.78173828125,63600,0.0,0.0
2018-02-09 00:00:00+09:00,2442.7606259816152,2547.047714244676,2442.7606259816152,2542.35009765625,99500,0.0,0.0
2018-02-12 00:00:00+09:00,2542.35009765625,2542.35009765625,2542.35009765625,2542.35009765625,0,0.0,0.0
2018-02-13 00:00:00+09:00,2636.301704585142,2879.638176961319,2636.301704585142,2732.133056640625,316600,0.0,0.0
2018-02-14 00:00:00+09:00,2729.3145793599556,2729.3145793599556,2434.30432878542,2478.4619140625,176400,0.0,0.0
2018-02-15 00:00:00+09:00,2511.3454034372726,2601.539626680811,2489.736370785175,2580.8701171875,108400,0.0,0.0
2018-02-16 00:00:00+09:00,2578.990906032585,2586.5070908224793,2517.921904614691,2540.470458984375,76200,0.0,0.0
2018-02-19 00:00:00+09:00,2609.995058922853,2747.1654255905046,2602.478874447913,2732.133056640625,120100,0.0,0.0
2018-02-20 00:00:00+09:00,2681.3989599626466,2716.1613150847975,2625.9670963894873,2684.217529296875,82800,0.0,0.0
2018-02-21 00:00:00+09:00,2677.6410151759264,2715.2219417047113,2630.664857014945,2656.031982421875,54000,0.0,0.0
2018-02-22 00:00:00+09:00,2631.604184063373,2637.241322622595,2571.4747060983404,2606.237060546875,37500,0.0,0.0
2018-02-23 00:00:00+09:00,2616.571667402496,2655.092112057255,2616.571667402496,2647.575927734375,29700,0.0,0.0
2018-02-26 00:00:00+09:00,2734.0122924718903,2741.5284774683764,2656.971396257906,2673.8828125,49100,0.0,0.0
2018-02-27 00:00:00+09:00,2710.5242928209063,2837.3599183081933,2689.8547834822375,2767.835205078125,118800,0.0,0.0
2018-02-28 00:00:00+09:00,2758.4399107945787,2798.8394054009027,2742.468017578125,2742.468017578125,45800,0.0,0.0
2018-03-01 00:00:00+09:00,2698.3108043542916,2715.222223044534,2651.3346413258396,2665.427490234375,62400,0.0,0.0
2018-03-02 00:00:00+09:00,2571.4747852170394,2603.418571368804,2555.502892141157,2565.837646484375,56100,0.0,0.0
2018-03-05 00:00:00+09:00,2531.0756508205777,2541.4104066331342,2349.747662473001,2351.626708984375,206100,0.0,0.0
2018-03-06 00:00:00+09:00,2423.969651500048,2512.2848248492746,2401.4210966023734,2444.63916015625,77200,0.0,0.0
2018-03-07 00:00:00+09:00,2446.5184400022245,2454.9741488962413,2364.779920693394,2376.05419921875,67000,0.0,0.0
2018-03-08 00:00:00+09:00,2395.7841159986415,2423.9698114809785,2366.6588973335597,2376.99365234375,40500,0.0,0.0
2018-03-09 00:00:00+09:00,2388.2680009545525,2442.760347160439,2354.4451653784845,2376.05419921875,66700,0.0,0.0
2018-03-12 00:00:00+09:00,2442.7603485919676,2525.4383911596956,2432.4255932710016,2470.946044921875,75800,0.0,0.0
2018-03-13 00:00:00+09:00,2423.9697394120067,2505.7082538805507,2408.9373689350327,2499.131591796875,61300,0.0,0.0
2018-03-14 00:00:00+09:00,2463.430090910694,2507.587685980413,2443.700101624224,2497.2529296875,56700,0.0,0.0
2018-03-15 00:00:00+09:00,2495.373531323587,2495.373531323587,2385.449320794649,2393.905029296875,96100,0.0,0.0
2018-03-16 00:00:00+09:00,2349.7475927307664,2351.6266391863687,2226.670049888811,2257.67431640625,222500,0.0,0.0
2018-03-19 00:00:00+09:00,2222.9118071656585,2222.9118071656585,2148.6894771715392,2184.391357421875,176700,0.0,0.0
2018-03-20 00:00:00+09:00,2137.415405063153,2186.2706143217392,2104.532091139104,2181.572998046875,118400,0.0,0.0
2018-03-21 00:00:00+09:00,2181.572998046875,2181.572998046875,2181.572998046875,2181.572998046875,0,0.0,0.0
2018-03-22 00:00:00+09:00,2173.117079448085,2204.1213438760083,2138.3547223622313,2184.391357421875,113800,0.0,0.0
2018-03-23 00:00:00+09:00,2081.983365310612,2095.1366898206975,2009.6400805051442,2021.8538818359375,96700,0.0,0.0
2018-03-26 00:00:00+09:00,1975.8171092593902,2026.5513574286756,1930.719999775581,2023.7327880859375,101500,0.0,0.0
2018-03-27 00:00:00+09:00,2066.950754875684,2066.950754875684,1990.8493861734432,2059.4345703125,143500,0.0,0.0
2018-03-28 00:00:00+09:00,2037.8256315111676,2071.648463569444,2006.8213687910807,2036.8861083984375,52300,0.0,0.0
2018-03-29 00:00:00+09:00,2038.765157913874,2061.3137126557785,1999.305187115541,2023.7327880859375,64400,0.0,0.0
2018-03-30 00:00:00+09:00,2043.463123683436,2079.1650081431926,2035.0074142061253,2069.769775390625,43300,0.0,0.0
2018-04-02 00:00:00+09:00,2067.8904185395263,2075.406603613727,2046.2813864511986,2057.5556640625,45400,0.0,0.0
2018-04-03 00:00:00+09:00,2016.216961050392,2024.6726705794943,1977.696506528926,1999.3055419921875,71400,0.0,0.0
2018-04-04 00:00:00+09:00,2022.7932733209025,2023.7327964390265,1977.696163650952,1990.8494873046875,48800,0.0,0.0
2018-04-05 00:00:00+09:00,1992.7287720545826,1994.6078185157373,1941.0549943728279,1959.845458984375,90200,0.0,0.0
2018-04-06 00:00:00+09:00,1957.9662745107519,1957.9662745107519,1894.0786993347774,1897.8367919921875,189000,0.0,0.0
2018-04-09 00:00:00+09:00,1888.4415486850978,1941.9943687224365,1854.6187149773052,1937.2967529296875,115800,0.0,0.0
2018-04-10 00:00:00+09:00,1934.4782518104605,1998.3658288493682,1910.9901720167443,1993.668212890625,85900,0.0,0.0
2018-04-11 00:00:00+09:00,1984.2729534080077,2011.5191255902198,1958.9058275831894,1971.11962890625,99900,0.0,0.0
2018-04-12 00:00:00+09:00,1958.905918717736,1958.905918717736,1900.6554789285276,1910.990234375,79400,0.0,0.0
2018-04-13 00:00:00+09:00,1926.9617741572392,2054.7369088648866,1913.8084514667462,2025.6116943359375,124500,0.0,0.0
2018-04-16 00:00:00+09:00,2037.8256890494065,2053.797582416783,1989.9100089472765,2018.095703125,64200,0.0,0.0
2018-04-17 00:00:00+09:00,2015.2770417865954,2034.0675037146757,1943.873286459891,1963.603271484375,82300,0.0,0.0
2018-04-18 00:00:00+09:00,1964.543180594767,2022.7936240174715,1948.5712848175738,1999.3055419921875,76400,0.0,0.0
2018-04-19 00:00:00+09:00,2004.0030674019965,2049.1001828428293,1972.9988005364241,2008.70068359375,103300,0.0,0.0
2018-04-20 00:00:00+09:00,2002.1238264856863,2002.1238264856863,1952.3290996889987,1958.90576171875,74100,0.0,0.0
2018-04-23 00:00:00+09:00,1957.0267098654144,1978.6357421875,1907.2319832101734,1978.6357421875,136400,0.0,0.0
2018-04-24 00:00:00+09:00,2004.0028382199312,2079.164688692315,2002.1237919581215,2019.9747314453125,144100,0.0,0.0
2018-04-25 00:00:00+09:00,2004.94235960952,2031.2490072520065,1975.8171425767669,2026.5513916015625,76300,0.0,0.0
2018-04-26 00:00:00+09:00,2050.9791244534035,2129.8990724397004,2040.64436935996,2108.2900390625,147600,0.0,0.0
2018-04-27 00:00:00+09:00,2107.3501638225553,2107.3501638225553,1993.6678767862068,2022.7930908203125,133900,0.0,0.0
2018-04-30 00:00:00+09:00,2022.7930908203125,2022.7930908203125,2022.7930908203125,2022.7930908203125,0,0.0,0.0
2018-05-01 00:00:00+09:00,2036.8864226717524,2049.1002250217216,2026.5516668371633,2035.9468994140625,48100,0.0,0.0
2018-05-02 00:00:00+09:00,2056.6161620440384,2129.898967269911,2054.7371157561956,2106.410888671875,120600,0.0,0.0
2018-05-03 00:00:00+09:00,2106.410888671875,2106.410888671875,2106.410888671875,2106.410888671875,0,0.0,0.0
2018-05-04 00:00:00+09:00,2106.410888671875,2106.410888671875,2106.410888671875,2106.410888671875,0,0.0,0.0
2018-05-07 00:00:00+09:00,2145.871180904172,2145.871180904172,2081.9835975847836,2105.4716796875,142600,0.0,0.0
2018-05-08 00:00:00+09:00,2097.0156950358582,2106.410926644442,2050.0395369929406,2096.076171875,87700,0.0,0.0
2018-05-09 00:00:00+09:00,2100.7735813587324,2132.717365690663,2067.8902739582154,2079.16455078125,77100,0.0,0.0
2018-05-10 00:00:00+09:00,1938.2361970103616,2062.2532488791776,1860.2557780322422,2041.583740234375,298700,0.0,0.0
2018-05-11 00:00:00+09:00,2059.4347225653273,2142.1127588726945,2053.7975837261883,2139.294189453125,127900,0.0,0.0
2018-05-14 00:00:00+09:00,2108.289972966159,2108.289972966159,2024.6724116497649,2096.076171875,133800,0.0,0.0
2018-05-15 00:00:00+09:00,2104.5316696508503,2128.0197463210607,2087.620254448299,2098.89453125,75000,0.0,0.0
2018-05-16 00:00:00+09:00,2090.438826277449,2105.4711953652873,2055.6764727618242,2085.7412109375,69200,0.0,0.0
2018-05-17 00:00:00+09:00,2098.8948167810754,2199.423798605415,2098.8948167810754,2183.451904296875,129400,0.0,0.0
2018-05-18 00:00:00+09:00,2198.4843118601834,2211.6376368029364,2158.084813821727,2179.69384765625,119600,0.0,0.0
2018-05-21 00:00:00+09:00,2186.2705101276265,2198.4843118601834,2149.629104929957,2179.69384765625,71000,0.0,0.0
2018-05-22 00:00:00+09:00,2192.8472693592985,2192.8472693592985,2071.6487698959954,2112.98779296875,215400,0.0,0.0
2018-05-23 00:00:00+09:00,2128.02025788706,2164.661666301009,2108.290268741087,2141.173583984375,112700,0.0,0.0
2018-05-24 00:00:00+09:00,2227.609416495124,2267.069389288374,2071.648571645613,2089.49951171875,228800,0.0,0.0
2018-05-25 00:00:00+09:00,2061.313758334257,2061.313758334257,1984.2728612588653,1987.0914306640625,130800,0.0,0.0
2018-05-28 00:00:00+09:00,1989.9101791309245,1996.4868416681843,1943.8735413701052,1974.8778076171875,94200,0.0,0.0
2018-05-29 00:00:00+09:00,1956.0870944057938,1966.4218485068811,1914.7480780014448,1930.719970703125,78500,0.0,0.0
2018-05-30 00:00:00+09:00,1904.4136906670099,1931.6598658171545,1880.925608641023,1917.5670166015625,60600,0.0,0.0
2018-05-31 00:00:00+09:00,1935.4175956866306,1938.2361650007374,1881.8647787186026,1891.260009765625,132100,0.0,0.0
2018-06-01 00:00:00+09:00,1879.985734081934,1899.7157192971865,1864.9533643941222,1884.683349609375,85200,0.0,0.0
2018-06-04 00:00:00+09:00,1890.3205988407135,1945.7524653077126,1887.5020293593407,1924.1434326171875,77800,0.0,0.0
2018-06-05 00:00:00+09:00,1942.9338879888458,1962.6638742788678,1926.0224711688268,1950.4500732421875,58100,0.0,0.0
2018-06-06 00:00:00+09:00,1938.2362861487145,1982.3938748297564,1924.143438697318,1961.724365234375,51900,0.0,0.0
2018-06-07 00:00:00+09:00,1991.7893786948614,2078.2255215438836,1978.6360526091405,2066.01171875,165500,0.0,0.0
2018-06-08 00:00:00+09:00,2066.011578543844,2078.2253805088594,2058.4953927192187,2067.890625,91600,0.0,0.0
2018-06-11 00:00:00+09:00,2055.67661779395,2088.559927493579,2019.9747386914953,2057.5556640625,61500,0.0,0.0
2018-06-12 00:00:00+09:00,2081.983400250145,2081.983400250145,2015.2772534009753,2024.6724853515625,46900,0.0,0.0
2018-06-13 00:00:00+09:00,2015.277124716035,2023.7328329316267,1956.0871672068927,1987.0914306640625,60900,0.0,0.0
2018-06-14 00:00:00+09:00,1962.6638883978014,1993.6681527908736,1957.9662725806693,1961.724365234375,36200,0.0,0.0
2018-06-15 00:00:00+09:00,1960.7847021951632,1983.3332565088592,1958.905656002355,1963.603271484375,35700,0.0,0.0
2018-06-18 00:00:00+09:00,1948.5709764404298,1948.5709764404298,1870.5905564575196,1879.0462646484375,86400,0.0,0.0
2018-06-19 00:00:00+09:00,1853.679165780983,1878.1067675601546,1771.9406521352935,1786.9730224609375,95800,0.0,0.0
2018-06-20 00:00:00+09:00,1766.3035387870593,1768.1825851049177,1694.8997787084334,1758.787353515625,144100,0.0,0.0
2018-06-21 00:00:00+09:00,1754.0896982990243,1798.2472857762896,1754.0896982990243,1775.69873046875,70400,0.0,0.0
2018-06-22 00:00:00+09:00,1757.8479389805948,1763.4850782825101,1727.7831960370465,1747.51318359375,63700,0.0,0.0
2018-06-25 00:00:00+09:00,1747.513095800673,1758.7873738380965,1679.8674275761307,1693.020751953125,50700,0.0,0.0
2018-06-26 00:00:00+09:00,1650.7422688572842,1672.3513025418133,1623.4960959507043,1667.6536865234375,153900,0.0,0.0
2018-06-27 00:00:00+09:00,1650.6944007462423,1699.687613553779,1650.6944007462423,1661.058349609375,60600,5.0,0.0
2018-06-28 00:00:00+09:00,1659.174046719236,1667.6536415065575,1632.7930851586805,1665.769287109375,45000,0.0,0.0
2018-06-29 00:00:00+09:00,1662.9428571001583,1696.8612383214645,1624.313589598115,1693.092529296875,66900,0.0,0.0
2018-07-02 00:00:00+09:00,1692.1503843614926,1749.623198084238,1684.6129661683456,1689.3238525390625,65400,0.0,0.0
2018-07-03 00:00:00+09:00,1687.439427599336,1697.8033771825815,1644.099274796673,1676.13330078125,55000,0.0,0.0
2018-07-04 00:00:00+09:00,1641.2726520540575,1645.9835379669566,1590.395084194747,1600.759033203125,85000,0.0,0.0
2018-07-05 00:00:00+09:00,1595.1059819286143,1626.1978291841633,1557.4188943461309,1570.609375,49500,0.0,0.0
2018-07-06 00:00:00+09:00,1565.8986144913506,1633.7353775740082,1565.8986144913506,1627.14013671875,49000,0.0,0.0
2018-07-09 00:00:00+09:00,1628.0822431144068,1672.3645726435602,1595.106040273548,1667.6536865234375,52900,0.0,0.0
2018-07-10 00:00:00+09:00,1676.1333707010554,1701.5721571029262,1657.2898252181878,1689.3238525390625,68800,0.0,0.0
2018-07-11 00:00:00+09:00,1669.5382055396085,1674.2490921240883,1609.2388572582684,1630.908935546875,67300,0.0,0.0
2018-07-12 00:00:00+09:00,1613.9493679942257,1638.4459725288723,1588.5105863620925,1625.2554931640625,62500,0.0,0.0
2018-07-13 00:00:00+09:00,1626.19775390625,1642.214765387366,1605.469856695394,1626.19775390625,46600,0.0,0.0
2018-07-16 00:00:00+09:00,1626.19775390625,1626.19775390625,1626.19775390625,1626.19775390625,0,0.0,0.0
2018-07-17 00:00:00+09:00,1620.5447228195774,1636.5617346148872,1593.221585051108,1622.4290771484375,57100,0.0,0.0
2018-07-18 00:00:00+09:00,1630.9087122090086,1677.0753944148096,1629.966535021135,1675.1910400390625,71000,0.0,0.0
2018-07-19 00:00:00+09:00,1661.05838222096,1680.8441031663035,1645.9835472149844,1675.1910400390625,56000,0.0,0.0
2018-07-20 00:00:00+09:00,1658.2317958733975,1658.2317958733975,1607.3542294091,1616.7760009765625,69100,0.0,0.0
2018-07-23 00:00:00+09:00,1611.1231513822831,1615.8340377898335,1578.1469465294292,1584.7421875,95100,0.0,0.0
2018-07-24 00:00:00+09:00,1585.6841417814555,1624.3134048908078,1575.3201931423612,1611.1229248046875,54200,0.0,0.0
2018-07-25 00:00:00+09:00,1615.8337935831028,1638.446044921875,1615.8337935831028,1638.446044921875,40100,0.0,0.0
2018-07-26 00:00:00+09:00,1649.7521224527811,1676.1330815782396,1641.2725284481694,1669.537841796875,56300,0.0,0.0
2018-07-27 00:00:00+09:00,1669.5380027387394,1686.4971923828125,1646.9257498799755,1686.4971923828125,53000,0.0,0.0
2018-07-30 00:00:00+09:00,1702.5140088691087,1726.0684362192624,1684.612644082992,1724.18408203125,125900,0.0,0.0
2018-07-31 00:00:00+09:00,1742.0855634717518,1743.0277406288485,1693.0923513027246,1721.357666015625,90100,0.0,0.0
2018-08-01 00:00:00+09:00,1700.629938625397,1765.6401689662016,1688.381634358289,1761.8714599609375,81100,0.0,0.0
2018-08-02 00:00:00+09:00,1769.4088199013158,1780.7149465460527,1709.1094777960527,1718.53125,67300,0.0,0.0
2018-08-03 00:00:00+09:00,1724.184241869173,1740.2012539521106,1698.7454579727425,1705.3406982421875,29700,0.0,0.0
2018-08-06 00:00:00+09:00,1720.4152834757554,1720.4152834757554,1681.7860246463435,1687.4390869140625,26800,0.0,0.0
2018-08-07 00:00:00+09:00,1686.4970405523907,1712.8779998459477,1671.4222066703583,1708.1671142578125,35000,0.0,0.0
2018-08-08 00:00:00+09:00,1696.8610905480227,1709.1093938112788,1682.7284329365734,1699.6876220703125,51300,0.0,0.0
2018-08-09 00:00:00+09:00,1704.3984994006578,1706.2828537394091,1659.1739952706237,1661.058349609375,90300,0.0,0.0
2018-08-10 00:00:00+09:00,1368.983706703102,1385.0007218537921,1284.187744140625,1284.187744140625,837300,0.0,0.0
2018-08-13 00:00:00+09:00,1258.748647140444,1295.4935552530767,1214.4663219790662,1220.119384765625,387000,0.0,0.0
2018-08-14 00:00:00+09:00,1237.0786776355385,1270.0548800096772,1222.0038422645039,1247.442626953125,283300,0.0,0.0
2018-08-15 00:00:00+09:00,1272.88134765625,1299.2623082294365,1254.0378043896883,1272.88134765625,237200,0.0,0.0
2018-08-16 00:00:00+09:00,1253.0955111042836,1266.2859901685392,1232.367615431882,1257.806396484375,111500,0.0,0.0
2018-08-17 00:00:00+09:00,1257.806659426008,1280.4189139774867,1247.442709423247,1266.2862548828125,124200,0.0,0.0
2018-08-20 00:00:00+09:00,1258.7486902063288,1281.3609421262029,1254.9799815530164,1272.88134765625,70200,0.0,0.0
2018-08-21 00:00:00+09:00,1260.6330631947358,1281.3609610947988,1254.9800001310823,1263.4595947265625,82600,0.0,0.0
2018-08-22 00:00:00+09:00,1263.4595589015794,1306.7997078273606,1263.4595589015794,1300.2044677734375,105100,0.0,0.0
2018-08-23 00:00:00+09:00,1293.6092529296875,1301.1466702810624,1269.1126465377197,1293.6092529296875,128300,0.0,0.0
2018-08-24 00:00:00+09:00,1375.578520488614,1473.564935646707,1337.8914377355013,1437.76220703125,779400,0.0,0.0
2018-08-27 00:00:00+09:00,1424.5718175551472,1458.4901941636028,1396.3065037147671,1441.531005859375,315400,0.0,0.0
2018-08-28 00:00:00+09:00,1506.5412213134764,1545.1704833984375,1502.7725128173827,1507.4833984375,397900,0.0,0.0
2018-08-29 00:00:00+09:00,1499.9461099367763,1568.7250458823698,1476.3916798184225,1546.11279296875,212400,0.0,0.0
2018-08-30 00:00:00+09:00,1573.4358962898496,1647.86789377901,1566.840656006,1636.561767578125,345400,0.0,0.0
2018-08-31 00:00:00+09:00,1631.8509058157128,1639.3883233945382,1575.3202739745218,1576.262451171875,318100,0.0,0.0
2018-09-03 00:00:00+09:00,1574.3779432266044,1613.0072045505367,1564.9561721719867,1580.031005859375,204900,0.0,0.0
2018-09-04 00:00:00+09:00,1572.4937488492178,1598.8747104835966,1543.2862556111556,1579.0889892578125,124800,0.0,0.0
2018-09-05 00:00:00+09:00,1584.741926367903,1610.1807087769002,1539.5174243074634,1543.2861328125,110100,0.0,0.0
2018-09-06 00:00:00+09:00,1505.5991201660465,1512.1943603670243,1481.1025137052725,1487.69775390625,163100,0.0,0.0
2018-09-07 00:00:00+09:00,1469.7965292802905,1469.7965292802905,1414.2080708011001,1442.473388671875,147200,0.0,0.0
2018-09-10 00:00:00+09:00,1439.6466109664352,1469.7962782118057,1412.3234750253182,1424.57177734375,151500,0.0,0.0
2018-09-11 00:00:00+09:00,1426.4563510850987,1435.8781235493332,1393.4801474602782,1395.364501953125,95700,0.0,0.0
2018-09-12 00:00:00+09:00,1396.3065343880753,1413.2657230648535,1342.6024369116108,1351.08203125,122900,0.0,0.0
2018-09-13 00:00:00+09:00,1350.1398488853717,1394.4221747036638,1349.1976717403018,1366.1568603515625,74600,0.0,0.0
2018-09-14 00:00:00+09:00,1371.810014777679,1477.3338620682698,1371.810014777679,1459.4324951171875,156000,0.0,0.0
2018-09-17 00:00:00+09:00,1459.4324951171875,1459.4324951171875,1459.4324951171875,1459.4324951171875,0,0.0,0.0
2018-09-18 00:00:00+09:00,1460.3746159307711,1502.772588651342,1430.2249464405875,1487.69775390625,107700,0.0,0.0
2018-09-19 00:00:00+09:00,1516.9052859732114,1547.997133449681,1490.5243244780252,1504.656982421875,112100,0.0,0.0
2018-09-20 00:00:00+09:00,1511.2521642321233,1515.9630500308517,1486.7555580787346,1497.1195068359375,113600,0.0,0.0
2018-09-21 00:00:00+09:00,1516.905260347666,1541.4018670365103,1502.7726026425635,1511.252197265625,177800,0.0,0.0
2018-09-24 00:00:00+09:00,1511.252197265625,1511.252197265625,1511.252197265625,1511.252197265625,0,0.0,0.0
2018-09-25 00:00:00+09:00,1525.3847789963943,1537.6330817307692,1499.9459963942309,1531.037841796875,121100,0.0,0.0
2018-09-26 00:00:00+09:00,1551.7659277977882,1553.6502822942032,1508.4257743802423,1523.5006103515625,56500,0.0,0.0
2018-09-27 00:00:00+09:00,1531.0381183941963,1564.9565013247754,1519.73199075067,1527.2694091796875,94300,0.0,0.0
2018-09-28 00:00:00+09:00,1549.881514715439,1569.6672361798915,1533.8645021013585,1551.765869140625,84100,0.0,0.0
2018-10-01 00:00:00+09:00,1556.4767808873946,1596.0482244692773,1549.881540290414,1563.072021484375,116300,0.0,0.0
2018-10-02 00:00:00+09:00,1589.452983872297,1609.2387056632383,1551.7658947466941,1563.072021484375,109800,0.0,0.0
2018-10-03 00:00:00+09:00,1559.3031097618943,1562.1296410786833,1522.5582026436384,1529.1534423828125,83300,0.0,0.0
2018-10-04 00:00:00+09:00,1554.5924072265625,1614.8917490826232,1539.5175717625473,1554.5924072265625,112000,0.0,0.0
2018-10-05 00:00:00+09:00,1524.4427093232334,1526.3270637228914,1469.7964317331546,1471.6807861328125,169700,0.0,0.0
2018-10-08 00:00:00+09:00,1471.6807861328125,1471.6807861328125,1471.6807861328125,1471.6807861328125,0,0.0,0.0
2018-10-09 00:00:00+09:00,1434.9359066611842,1434.9359066611842,1373.6943873355262,1396.306640625,159100,0.0,0.0
2018-10-10 00:00:00+09:00,1428.3405615987592,1438.7045102647132,1385.0004126320423,1404.7861328125,77200,0.0,0.0
2018-10-11 00:00:00+09:00,1320.9325004466607,1374.6366035318672,1315.2794369640073,1359.561767578125,98400,0.0,0.0
2018-10-12 00:00:00+09:00,1336.0072674689525,1391.595722180284,1328.4698498809753,1382.1739501953125,57400,0.0,0.0
2018-10-15 00:00:00+09:00,1380.289753375137,1381.231930681195,1340.7183065206962,1342.6026611328125,76300,0.0,0.0
2018-10-16 00:00:00+09:00,1338.8339563671605,1368.0414529522288,1334.1230698211818,1363.33056640625,47400,0.0,0.0
2018-10-17 00:00:00+09:00,1403.8440712549352,1415.1501980032972,1389.7114128194828,1401.959716796875,58100,0.0,0.0
2018-10-18 00:00:00+09:00,1401.9598014987243,1427.3985882194675,1381.2319012077487,1385.0006103515625,48700,0.0,0.0
2018-10-19 00:00:00+09:00,1356.735119569026,1362.3881825672302,1328.4698045780046,1344.48681640625,53100,0.0,0.0
2018-10-22 00:00:00+09:00,1323.7591134280049,1370.8679786745531,1319.04822690335,1360.5040283203125,40800,0.0,0.0
2018-10-23 00:00:00+09:00,1348.2554458942818,1348.2554458942818,1322.8166638962766,1328.4697265625,39100,0.0,0.0
2018-10-24 00:00:00+09:00,1328.4698101343793,1351.082062221773,1312.452798239142,1329.4119873046875,50600,0.0,0.0
2018-10-25 00:00:00+09:00,1290.7827652278547,1291.724942428751,1240.8473735803539,1241.78955078125,98000,0.0,0.0
2018-10-26 00:00:00+09:00,1270.0549713502446,1285.1298078054406,1222.0039301493082,1251.21142578125,95200,0.0,0.0
2018-10-29 00:00:00+09:00,1235.1941271603891,1267.2281472393008,1215.4084088763555,1216.3505859375,90400,0.0,0.0
2018-10-30 00:00:00+09:00,1216.3508773544322,1281.3611101487436,1208.8134590594395,1274.765869140625,90500,0.0,0.0
2018-10-31 00:00:00+09:00,1309.626311403413,1352.966462716044,1272.8814005079216,1349.19775390625,100500,0.0,0.0
2018-11-01 00:00:00+09:00,1340.7180788210253,1407.61265619017,1329.4119530684936,1384.0582275390625,79200,0.0,0.0
2018-11-02 00:00:00+09:00,1369.9255846628703,1417.0344424573293,1369.9255846628703,1407.6126708984375,80100,0.0,0.0
2018-11-05 00:00:00+09:00,1407.6128061566299,1427.3985283315221,1383.1161977496201,1395.364501953125,57900,0.0,0.0
2018-11-06 00:00:00+09:00,1387.827001448231,1426.4562662543258,1387.827001448231,1412.3236083984375,42200,0.0,0.0
2018-11-07 00:00:00+09:00,1412.3236663162068,1452.8372871645036,1397.2488306517241,1401.959716796875,74800,0.0,0.0
2018-11-08 00:00:00+09:00,1413.26598708136,1436.8204201993826,1390.6537312880582,1392.5380859375,75100,0.0,0.0
2018-11-09 00:00:00+09:00,1381.2319024662409,1391.5958526211718,1352.966583861884,1367.0992431640625,60100,0.0,0.0
2018-11-12 00:00:00+09:00,1303.030849173475,1303.030849173475,1244.6158725655534,1255.9219970703125,209800,0.0,0.0
2018-11-13 00:00:00+09:00,1213.5242208962911,1213.5242208962911,1178.663664861227,1200.333740234375,225500,0.0,0.0
2018-11-14 00:00:00+09:00,1223.8881045858798,1292.667035790475,1212.581978908412,1276.6500244140625,183000,0.0,0.0
2018-11-15 00:00:00+09:00,1270.99699439724,1300.2044864849454,1263.4595770842839,1290.78271484375,59900,0.0,0.0
2018-11-16 00:00:00+09:00,1303.0309076121644,1306.7996159494373,1240.8472200471585,1245.55810546875,81100,0.0,0.0
2018-11-19 00:00:00+09:00,1245.5583683188745,1274.7658640963973,1245.5583683188745,1254.0379638671875,39200,0.0,0.0
2018-11-20 00:00:00+09:00,1224.8303067152667,1225.7724838742784,1172.068385810609,1183.37451171875,180000,0.0,0.0
2018-11-21 00:00:00+09:00,1149.456240234375,1187.143330078125,1131.5548725585936,1177.7215576171875,108400,0.0,0.0
2018-11-22 00:00:00+09:00,1189.0275812974708,1211.6398332397364,1166.4153293552051,1186.2010498046875,99900,0.0,0.0
2018-11-23 00:00:00+09:00,1186.2010498046875,1186.2010498046875,1186.2010498046875,1186.2010498046875,0,0.0,0.0
2018-11-26 00:00:00+09:00,1183.3745696635187,1197.5072277407103,1170.184088791473,1190.9119873046875,85600,0.0,0.0
2018-11-27 00:00:00+09:00,1219.177207634532,1221.061561896718,1178.6635909975266,1220.119384765625,57600,0.0,0.0
2018-11-28 00:00:00+09:00,1222.945928892888,1299.2622773060805,1222.945928892888,1294.5513916015625,106100,0.0,0.0
2018-11-29 00:00:00+09:00,1305.8575157475207,1315.2792871454105,1266.2860758763836,1276.6500244140625,74400,0.0,0.0
2018-11-30 00:00:00+09:00,1276.650007832257,1311.5105615516618,1259.6908195363303,1303.97314453125,54200,0.0,0.0
2018-12-03 00:00:00+09:00,1316.221380439894,1384.058130183396,1316.221380439894,1377.462890625,88500,0.0,0.0
2018-12-04 00:00:00+09:00,1351.0822474585332,1368.041438849226,1295.4937867890399,1301.1468505859375,93300,0.0,0.0
2018-12-05 00:00:00+09:00,1275.7080276125953,1281.361091250465,1226.7148094177246,1266.2862548828125,115000,0.0,0.0
2018-12-06 00:00:00+09:00,1250.2692507721656,1253.0957826126453,1189.9699048419332,1215.40869140625,91400,0.0,0.0
2018-12-07 00:00:00+09:00,1232.3677572914587,1236.136466029353,1168.2997087472543,1179.6058349609375,95500,0.0,0.0
2018-12-10 00:00:00+09:00,1158.8780136863784,1161.704545427077,1131.554873526293,1141.9188232421875,87200,0.0,0.0
2018-12-11 00:00:00+09:00,1143.8031991650557,1148.5140854878114,1091.9834496147444,1096.6943359375,101700,0.0,0.0
2018-12-12 00:00:00+09:00,1112.7112082443814,1128.7282197093723,1092.9254881993922,1124.017333984375,125800,0.0,0.0
2018-12-13 00:00:00+09:00,1152.282797435168,1174.8950518410913,1134.3814293638122,1171.1263427734375,148400,0.0,0.0
2018-12-14 00:00:00+09:00,1163.5888608449177,1189.027645656912,1148.514025400773,1178.6636962890625,161500,0.0,0.0
2018-12-17 00:00:00+09:00,1169.2419305098683,1204.1024876644738,1168.2997532894738,1181.490234375,104700,0.0,0.0
2018-12-18 00:00:00+09:00,1124.9596584462527,1166.4154582549922,1113.6535312256872,1135.3236083984375,171500,0.0,0.0
2018-12-19 00:00:00+09:00,1135.3236654585094,1148.5141478787743,1109.884877933713,1142.861083984375,81500,0.0,0.0
2018-12-20 00:00:00+09:00,1123.0751382743363,1139.0921494745576,1055.238384955752,1064.66015625,119600,0.0,0.0
2018-12-21 00:00:00+09:00,1059.9493336266858,1064.6602195539153,1018.4935374670642,1039.221435546875,106800,0.0,0.0
2018-12-24 00:00:00+09:00,1039.221435546875,1039.221435546875,1039.221435546875,1039.221435546875,0,0.0,0.0
2018-12-25 00:00:00+09:00,954.4255730231682,970.4425865882165,928.9867867727976,943.1194458007812,154500,0.0,0.0
2018-12-26 00:00:00+09:00,961.2931344254686,975.6407931482368,943.1194333766289,967.9887084960938,155900,15.0,0.0
2018-12-27 00:00:00+09:00,1052.1615382603236,1076.074300493513,1006.2490347726005,1071.291748046875,155000,0.0,0.0
2018-12-28 00:00:00+09:00,1072.248328995433,1099.9871350086958,1056.9441601605295,1091.3785400390625,87000,0.0,0.0
2018-12-31 00:00:00+09:00,1091.3785400390625,1091.3785400390625,1091.3785400390625,1091.3785400390625,0,0.0,0.0
2019-01-04 00:00:00+09:00,1041.6399250555476,1045.4659670208573,994.7709109805046,1042.596435546875,124800,0.0,0.0
2019-01-07 00:00:00+09:00,1094.2481291840431,1109.5522988229807,1083.7265125572735,1089.465576171875,85200,0.0,0.0
2019-01-08 00:00:00+09:00,1099.0306595782845,1139.2041040537308,1081.8134690888073,1124.8564453125,99800,0.0,0.0
2019-01-09 00:00:00+09:00,1130.595254302952,1130.595254302952,1099.9869225451735,1106.6824951171875,56800,0.0,0.0
2019-01-10 00:00:00+09:00,1106.6827924486618,1106.6827924486618,1069.3788780964596,1086.5960693359375,46300,0.0,0.0
2019-01-11 00:00:00+09:00,1090.422019958496,1104.7696781158447,1080.8569145202637,1101.900146484375,49000,0.0,0.0
2019-01-15 00:00:00+09:00,1089.4655921929575,1132.508569935436,1081.8135072609614,1129.6390380859375,71200,0.0,0.0
2019-01-16 00:00:00+09:00,1135.3781229567178,1136.3346335910537,1099.0307188519535,1108.5958251953125,46200,0.0,0.0
2019-01-17 00:00:00+09:00,1108.5955566826458,1141.116910373077,1099.0304526560483,1111.465087890625,50100,0.0,0.0
2019-01-18 00:00:00+09:00,1113.378133068702,1123.899747728286,1103.8130288327168,1122.9432373046875,37000,0.0,0.0
2019-01-21 00:00:00+09:00,1142.0735987746368,1166.9428731198132,1141.1170882228994,1152.59521484375,70000,0.0,0.0
2019-01-22 00:00:00+09:00,1153.5515209133343,1155.4645416777014,1119.1171471547273,1128.6822509765625,43000,0.0,0.0
2019-01-23 00:00:00+09:00,1128.6823163526938,1131.551847665455,1098.0739823499089,1116.2476806640625,34300,0.0,0.0
2019-01-24 00:00:00+09:00,1121.0303275553385,1147.8126220703125,1119.1173065185546,1147.8126220703125,35800,0.0,0.0
2019-01-25 00:00:00+09:00,1156.421227238222,1199.4642009567663,1154.5082061840644,1198.5076904296875,84600,0.0,0.0
2019-01-28 00:00:00+09:00,1203.2900959171661,1206.1596271474932,1172.6817627936769,1187.0294189453125,45300,0.0,0.0
2019-01-29 00:00:00+09:00,1179.3775159050438,1183.203558130202,1144.9431358786192,1170.7689208984375,60600,0.0,0.0
2019-01-30 00:00:00+09:00,1179.3773605717597,1179.3773605717597,1137.2909016381366,1141.116943359375,58200,0.0,0.0
2019-01-31 00:00:00+09:00,1169.812255859375,1182.2468914490496,1154.5080889797757,1169.812255859375,53600,0.0,0.0
2019-02-01 00:00:00+09:00,1167.8993008700284,1174.5948742574897,1151.6386226433367,1157.377685546875,23900,0.0,0.0
2019-02-04 00:00:00+09:00,1161.2038206927546,1188.942626953125,1161.2038206927546,1188.942626953125,44500,0.0,0.0
2019-02-05 00:00:00+09:00,1195.6380695057067,1205.2031740617524,1187.9859858608702,1199.464111328125,37600,0.0,0.0
2019-02-06 00:00:00+09:00,1195.6381759521093,1209.029323522773,1184.160049462969,1191.8121337890625,45300,0.0,0.0
2019-02-07 00:00:00+09:00,1173.638427734375,1202.3337438159,1159.2907696936124,1173.638427734375,74900,0.0,0.0
2019-02-08 00:00:00+09:00,1153.5518109671677,1167.8994703075552,1127.72602415447,1133.465087890625,49600,0.0,0.0
2019-02-12 00:00:00+09:00,1018.6835067637645,1077.9871475331104,1011.031424083849,1048.3353271484375,193700,0.0,0.0
2019-02-13 00:00:00+09:00,1070.3350922328098,1088.5087890625,1050.2483746842047,1088.5087890625,102300,0.0,0.0
2019-02-14 00:00:00+09:00,1108.5956605447304,1145.8995697433884,1103.813108083364,1132.5084228515625,108200,0.0,0.0
2019-02-15 00:00:00+09:00,1114.3348211490568,1114.3348211490568,1052.161633702972,1074.161376953125,196100,0.0,0.0
2019-02-18 00:00:00+09:00,1085.6394198894084,1093.29150390625,1063.6396783409887,1093.29150390625,184200,0.0,0.0
2019-02-19 00:00:00+09:00,1062.6832624798813,1072.2483683527873,1045.46607190865,1049.2921142578125,263700,0.0,0.0
2019-02-20 00:00:00+09:00,1052.1616358482354,1052.1616358482354,1010.075170414306,1012.9447021484375,301500,0.0,0.0
2019-02-21 00:00:00+09:00,1004.3360192695873,1010.075082236842,997.64044580779,999.553466796875,191100,0.0,0.0
2019-02-22 00:00:00+09:00,992.8579010192506,993.8144115211959,957.4670124472734,958.4235229492188,396000,0.0,0.0
2019-02-25 00:00:00+09:00,978.510302576282,1040.6834889569843,969.901707538954,1033.9879150390625,297400,0.0,0.0
2019-02-26 00:00:00+09:00,1024.4227649886411,1035.9008912070012,988.0753652971674,996.6839599609375,231100,0.0,0.0
2019-02-27 00:00:00+09:00,986.1624070625343,990.9449599580848,973.7277695341027,982.3363647460938,172000,0.0,0.0
2019-02-28 00:00:00+09:00,982.3363013541344,989.9883854932124,964.1626015238243,966.0756225585938,161800,0.0,0.0
2019-03-01 00:00:00+09:00,968.9451449372742,981.3797815455513,967.0321239206163,976.5972290039062,78900,0.0,0.0
2019-03-04 00:00:00+09:00,983.2928353296965,1009.118619915204,981.3798142492884,1008.162109375,120800,0.0,0.0
2019-03-05 00:00:00+09:00,999.5534390320948,1001.4664599680415,977.553698268709,986.1622924804688,87800,0.0,0.0
2019-03-06 00:00:00+09:00,984.2493232243808,1003.3795335883143,975.6407285606107,996.6839599609375,79400,0.0,0.0
2019-03-07 00:00:00+09:00,979.4667776134122,984.2493302384777,961.2930776381634,969.9016723632812,159200,0.0,0.0
2019-03-08 00:00:00+09:00,967.9885830519787,967.9885830519787,950.7713948158763,951.7279052734375,219600,0.0,0.0
2019-03-11 00:00:00+09:00,963.2060857122129,983.2928064668866,959.3800436637036,978.51025390625,67000,0.0,0.0
2019-03-12 00:00:00+09:00,984.2493606826007,1020.5967617573712,984.2493606826007,1015.814208984375,114400,0.0,0.0
2019-03-13 00:00:00+09:00,1005.2925098953615,1015.8141251273777,988.0753213338805,989.9883422851562,63600,0.0,0.0
2019-03-14 00:00:00+09:00,1001.4665008309265,1014.8576479289522,985.2058222118952,990.9448852539062,51500,0.0,0.0
2019-03-15 00:00:00+09:00,991.9013671875,1011.9880872559064,989.9883462286041,991.9013671875,56700,0.0,0.0
2019-03-18 00:00:00+09:00,994.7708946633454,1003.3794889440859,987.1188108582427,989.9883422851562,34800,0.0,0.0
2019-03-19 00:00:00+09:00,993.8144284063475,998.5969809973309,985.2058337425774,996.6839599609375,50800,0.0,0.0
2019-03-20 00:00:00+09:00,991.9015076208252,1011.988230533108,987.1189545464721,1001.4666137695312,48200,0.0,0.0
2019-03-22 00:00:00+09:00,999.5535831894986,1030.1619225790334,995.7275407658067,1028.2489013671875,79000,0.0,0.0
2019-03-25 00:00:00+09:00,999.5534969882204,1010.0751127459912,970.8581812852093,984.2493286132812,76100,0.0,0.0
2019-03-26 00:00:00+09:00,989.9884015764509,1010.0751227678571,988.0753805106027,1004.3360595703125,41200,0.0,0.0
2019-03-27 00:00:00+09:00,1011.9881667659781,1033.031398967161,1010.0751456567797,1015.814208984375,58300,0.0,0.0
2019-03-28 00:00:00+09:00,1012.94466207602,1022.5097674780598,1000.5100250533682,1008.162109375,75100,0.0,0.0
2019-03-29 00:00:00+09:00,1019.6401580752196,1020.5966685424571,994.7708859270435,1000.5099487304688,61600,0.0,0.0
2019-04-01 00:00:00+09:00,1007.2056436344069,1041.640024613361,1007.2056436344069,1031.118408203125,87800,0.0,0.0
2019-04-02 00:00:00+09:00,1040.6833987985212,1050.2485035668901,1027.292252122805,1034.9443359375,81500,0.0,0.0
2019-04-03 00:00:00+09:00,1046.4224676316783,1070.335229689075,1035.9008523264238,1067.4656982421875,103800,0.0,0.0
2019-04-04 00:00:00+09:00,1092.335033456623,1119.117328497591,1086.5959702335583,1098.0740966796875,112500,0.0,0.0
2019-04-05 00:00:00+09:00,1103.8131827518857,1116.2478199925915,1096.1610982960667,1109.55224609375,48000,0.0,0.0
2019-04-08 00:00:00+09:00,1114.3348263608596,1120.073889844263,1087.552530104976,1092.3350830078125,45100,0.0,0.0
2019-04-09 00:00:00+09:00,1087.5523927073,1103.8130705226245,1072.2482253517003,1084.682861328125,59600,0.0,0.0
2019-04-10 00:00:00+09:00,1074.1614312185368,1088.5090905847685,1064.5963249743825,1086.5960693359375,27700,0.0,0.0
2019-04-11 00:00:00+09:00,1082.769979671556,1085.6395114198024,1071.2918526785713,1077.9874267578125,39600,0.0,0.0
2019-04-12 00:00:00+09:00,1082.7700047611766,1082.7700047611766,1065.552813872748,1075.117919921875,47500,0.0,0.0
2019-04-15 00:00:00+09:00,1094.2479888364019,1121.9867927492128,1082.7698630793766,1110.5086669921875,85900,0.0,0.0
2019-04-16 00:00:00+09:00,1102.8566646377933,1114.33479124287,1094.2480696839857,1105.7261962890625,36600,0.0,0.0
2019-04-17 00:00:00+09:00,1110.5086017979065,1122.9432373046875,1100.943497561921,1122.9432373046875,50700,0.0,0.0
2019-04-18 00:00:00+09:00,1115.291301793293,1120.0738545454085,1101.9001540873703,1105.7261962890625,50800,0.0,0.0
2019-04-19 00:00:00+09:00,1111.4651200197768,1142.0734537896847,1109.5520991591575,1141.116943359375,81100,0.0,0.0
2019-04-22 00:00:00+09:00,1153.551727448792,1157.3777696625525,1125.8129213990283,1138.24755859375,52100,0.0,0.0
2019-04-23 00:00:00+09:00,1138.2476366936241,1138.2476366936241,1106.6827862643052,1115.2913818359375,60500,0.0,0.0
2019-04-24 00:00:00+09:00,1119.1173127826892,1119.1173127826892,1090.4219970703125,1090.4219970703125,68100,0.0,0.0
2019-04-25 00:00:00+09:00,1090.4218188708676,1109.5520262194793,1073.204632257117,1106.6824951171875,69200,0.0,0.0
2019-04-26 00:00:00+09:00,1099.9870616223843,1099.9870616223843,1075.117788924835,1085.639404296875,75000,0.0,0.0
2019-05-07 00:00:00+09:00,1101.9000426136363,1101.9000426136363,1047.3789467551492,1052.1614990234375,98600,0.0,0.0
2019-05-08 00:00:00+09:00,1023.4662988823283,1044.5095311957966,1018.6837460838127,1033.9879150390625,69500,0.0,0.0
2019-05-09 00:00:00+09:00,1019.6402473881559,1038.7704584085716,1013.9011840820312,1013.9011840820312,59600,0.0,0.0
2019-05-10 00:00:00+09:00,1028.2487522803574,1039.726877887208,989.9883335908559,1000.5099487304688,63500,0.0,0.0
2019-05-13 00:00:00+09:00,994.77091796875,1001.4664914550782,953.6409665527344,956.510498046875,130100,0.0,0.0
2019-05-14 00:00:00+09:00,951.7279345890745,998.5969484532601,940.2498087447842,995.7274169921875,103600,0.0,0.0
2019-05-15 00:00:00+09:00,1004.33600067872,1036.8573568911738,994.7708959103512,1034.9443359375,71100,0.0,0.0
2019-05-16 00:00:00+09:00,1033.0314242873583,1033.0314242873583,978.5103213388588,1012.9447021484375,96700,0.0,0.0
2019-05-17 00:00:00+09:00,1041.640069988412,1094.248154331261,1041.640069988412,1086.5960693359375,179000,0.0,0.0
2019-05-20 00:00:00+09:00,1073.2046952775634,1126.7692789990817,1073.2046952775634,1122.9432373046875,178000,0.0,0.0
2019-05-21 00:00:00+09:00,1119.1172633684014,1212.8552905565239,1117.2042424053786,1200.420654296875,350600,0.0,0.0
2019-05-22 00:00:00+09:00,1281.7240963706486,1410.853016527393,1281.7240963706486,1360.157958984375,1083500,0.0,0.0
2019-05-23 00:00:00+09:00,1328.593176538804,1328.593176538804,1288.419732755773,1300.8543701171875,458500,0.0,0.0
2019-05-24 00:00:00+09:00,1272.1588936687385,1321.8974368798472,1251.115663848654,1310.4193115234375,242900,0.0,0.0
2019-05-27 00:00:00+09:00,1366.8535889918398,1386.9403107334974,1302.767381530361,1311.3759765625,236300,0.0,0.0
2019-05-28 00:00:00+09:00,1305.6368330171404,1314.24542752055,1297.0282385137307,1301.810791015625,123400,0.0,0.0
2019-05-29 00:00:00+09:00,1292.2457728160512,1335.2887482244319,1281.7241566051136,1315.2020263671875,194000,0.0,0.0
2019-05-30 00:00:00+09:00,1300.8543488837688,1343.897323663011,1298.9413277824692,1336.2452392578125,160200,0.0,0.0
2019-05-31 00:00:00+09:00,1341.9843722452397,1373.5492220557123,1331.462755641749,1356.33203125,225600,0.0,0.0
2019-06-03 00:00:00+09:00,1330.506012732591,1411.809399563842,1329.549502299282,1403.2008056640625,343000,0.0,0.0
2019-06-04 00:00:00+09:00,1386.9400603000117,1405.113757641874,1275.9848554760108,1286.5064697265625,346700,0.0,0.0
2019-06-05 00:00:00+09:00,1313.2888799474629,1381.2011235572734,1313.2888799474629,1372.592529296875,225700,0.0,0.0
2019-06-06 00:00:00+09:00,1376.4186945831054,1385.9838001743708,1308.5064448851203,1311.3759765625,194300,0.0,0.0
2019-06-07 00:00:00+09:00,1310.4194393940672,1335.2887134263633,1270.245996726512,1328.5931396484375,186000,0.0,0.0
2019-06-10 00:00:00+09:00,1328.5931103413686,1382.1576993832093,1328.5931103413686,1374.505615234375,133000,0.0,0.0
2019-06-11 00:00:00+09:00,1372.5926535163128,1385.9838013554963,1354.4189528774207,1358.2449951171875,72600,0.0,0.0
2019-06-12 00:00:00+09:00,1353.4622807094029,1386.940146309989,1330.5060300118582,1339.1146240234375,78600,0.0,0.0
2019-06-13 00:00:00+09:00,1339.1147005304003,1342.940742531916,1296.0717280133517,1301.810791015625,91800,0.0,0.0
2019-06-14 00:00:00+09:00,1293.202378045945,1293.202378045945,1268.3331015450615,1285.55029296875,97900,0.0,0.0
2019-06-17 00:00:00+09:00,1285.5501096279877,1286.5066201262227,1237.7245847162321,1240.5941162109375,94300,0.0,0.0
2019-06-18 00:00:00+09:00,1233.8985624767486,1235.8115835038443,1196.5946524483818,1205.2032470703125,124800,0.0,0.0
2019-06-19 00:00:00+09:00,1222.4204638073675,1253.9853114643652,1220.5074427372463,1249.2027587890625,109700,0.0,0.0
2019-06-20 00:00:00+09:00,1258.7679936997943,1271.2026319354304,1202.3338663226757,1220.507568359375,144800,0.0,0.0
2019-06-21 00:00:00+09:00,1220.5073337076165,1220.5073337076165,1167.89925897884,1181.2904052734375,173100,0.0,0.0
2019-06-24 00:00:00+09:00,1147.8126717572236,1158.3342879149982,1119.117354963293,1142.0736083984375,226800,0.0,0.0
2019-06-25 00:00:00+09:00,1138.247593470982,1191.8121861049108,1128.6824876434948,1171.7254638671875,177000,0.0,0.0
2019-06-26 00:00:00+09:00,1158.2794048947706,1229.3512755102042,1158.2794048947706,1176.527587890625,106400,5.0,0.0
2019-06-27 00:00:00+09:00,1190.934129358747,1221.6679133421985,1177.488098865987,1218.78662109375,67200,0.0,0.0
2019-06-28 00:00:00+09:00,1213.0239959692324,1220.707441707755,1193.8153816229262,1197.6571044921875,67500,0.0,0.0
2019-07-01 00:00:00+09:00,1244.7180704663567,1327.3151029201426,1200.5382624096803,1316.7503662109375,235100,0.0,0.0
2019-07-02 00:00:00+09:00,1308.1065217115174,1309.0669523441984,1249.5202531179766,1255.2828369140625,302900,0.0,0.0
2019-07-03 00:00:00+09:00,1248.559816919192,1248.559816919192,1218.7864674388113,1236.07421875,204800,0.0,0.0
2019-07-04 00:00:00+09:00,1245.6786820792702,1255.2829895740988,1203.4197291020243,1218.78662109375,110900,0.0,0.0
2019-07-05 00:00:00+09:00,1218.786392211914,1244.718017578125,1207.261225382487,1244.718017578125,103100,0.0,0.0
2019-07-08 00:00:00+09:00,1258.1641639063726,1260.0850252253135,1212.0634922517877,1225.509521484375,111500,0.0,0.0
2019-07-09 00:00:00+09:00,1225.509523535977,1264.8871806401894,1225.509523535977,1257.2037353515625,136800,0.0,0.0
2019-07-10 00:00:00+09:00,1244.7179626464845,1251.4409763336182,1225.5093521118165,1229.35107421875,70600,0.0,0.0
2019-07-11 00:00:00+09:00,1236.0741424560547,1250.4806009928386,1226.4698367648655,1244.718017578125,82400,0.0,0.0
2019-07-12 00:00:00+09:00,1236.0742695966105,1237.0347002645178,1217.8260869063731,1219.7469482421875,62200,0.0,0.0
2019-07-16 00:00:00+09:00,1215.9051347921452,1218.786426580752,1199.5778146567056,1202.4591064453125,94400,0.0,0.0
2019-07-17 00:00:00+09:00,1203.4195370415148,1205.3403982339196,1176.5274803478496,1202.4591064453125,73700,0.0,0.0
2019-07-18 00:00:00+09:00,1189.01302569086,1189.01302569086,1159.239678520895,1174.6065673828125,122700,0.0,0.0
2019-07-19 00:00:00+09:00,1181.3296168609274,1193.8152144375063,1160.2001440390247,1189.0130615234375,87300,0.0,0.0
2019-07-22 00:00:00+09:00,1188.052707758885,1224.549072265625,1174.6066787300858,1224.549072265625,73000,0.0,0.0
2019-07-23 00:00:00+09:00,1229.3511632341724,1267.7683870852402,1229.3511632341724,1259.12451171875,98500,0.0,0.0
2019-07-24 00:00:00+09:00,1275.4519428076853,1314.829600680513,1272.57065076821,1309.0670166015625,151500,0.0,0.0
2019-07-25 00:00:00+09:00,1329.2360848458452,1372.455466217278,1327.3152234515592,1360.9302978515625,210900,0.0,0.0
2019-07-26 00:00:00+09:00,1340.7610849164832,1340.7610849164832,1299.4625701232105,1308.1064453125,112200,0.0,0.0
2019-07-29 00:00:00+09:00,1308.1065909730876,1309.0670216566214,1250.4807499610574,1252.401611328125,92900,0.0,0.0
2019-07-30 00:00:00+09:00,1267.7682809872476,1287.9373218211358,1235.113643446667,1285.0560302734375,93000,0.0,0.0
2019-07-31 00:00:00+09:00,1269.6893649276014,1298.5022854630236,1261.0454887669748,1284.0958251953125,61900,0.0,0.0
2019-08-01 00:00:00+09:00,1280.254015499318,1302.3439197427422,1271.6101399258043,1298.502197265625,42200,0.0,0.0
2019-08-02 00:00:00+09:00,1263.9266289605036,1266.8079206678603,1228.3906979031033,1244.718017578125,104700,0.0,0.0
2019-08-05 00:00:00+09:00,1230.311752640834,1230.311752640834,1168.8441865448046,1185.1715087890625,115100,0.0,0.0
2019-08-06 00:00:00+09:00,1128.5061034145735,1161.1607481091228,1110.2579196146783,1160.2003173828125,163500,0.0,0.0
2019-08-07 00:00:00+09:00,1161.1607481091228,1180.3693626353283,1144.833425761848,1160.2003173828125,103900,0.0,0.0
2019-08-08 00:00:00+09:00,1165.0024783789866,1191.894538885674,1137.1499871399176,1166.92333984375,102200,0.0,0.0
2019-08-09 00:00:00+09:00,1284.095762202032,1410.8726063386573,1275.4518864654437,1407.0308837890625,1002700,0.0,0.0
2019-08-13 00:00:00+09:00,1405.109935406557,1530.9263411059821,1397.4264907836914,1490.5882568359375,893700,0.0,0.0
2019-08-14 00:00:00+09:00,1504.9948041847215,1536.6890151216046,1495.3904978402115,1520.3616943359375,413900,0.0,0.0
2019-08-15 00:00:00+09:00,1495.390610515769,1526.1243931339477,1485.786303447588,1513.6387939453125,249900,0.0,0.0
2019-08-16 00:00:00+09:00,1517.4803130159673,1532.8472022616986,1488.667395680221,1490.5882568359375,177600,0.0,0.0
2019-08-19 00:00:00+09:00,1522.282464073108,1528.0450475333216,1498.2716996555512,1503.0738525390625,136300,0.0,0.0
2019-08-20 00:00:00+09:00,1504.034423828125,1517.4804531599218,1495.3905478291128,1504.034423828125,98700,0.0,0.0
2019-08-21 00:00:00+09:00,1503.0738192333652,1551.0953470043992,1499.2320970116823,1545.332763671875,223500,0.0,0.0
2019-08-22 00:00:00+09:00,1653.861543761897,1752.7858985862151,1653.861543761897,1702.843505859375,1029100,0.0,0.0
2019-08-23 00:00:00+09:00,1741.2607030794372,1856.5123767526486,1741.2607030794372,1852.670654296875,1196800,0.0,0.0
2019-08-26 00:00:00+09:00,1844.0267314407656,1882.4439550124484,1811.3720914048356,1856.5123291015625,736500,0.0,0.0
2019-08-27 00:00:00+09:00,1856.5124865350413,1885.3254066571578,1746.0629594002612,1826.7391357421875,852600,0.0,0.0
2019-08-28 00:00:00+09:00,1826.7391525902706,1899.7318842395139,1806.5701083187691,1871.87939453125,653300,0.0,0.0
2019-08-29 00:00:00+09:00,1893.0087206859234,1926.623791829509,1868.0375249792598,1908.3756103515625,510700,0.0,0.0
2019-08-30 00:00:00+09:00,1916.0590270706828,2030.3502672819166,1911.256874120631,2026.508544921875,816400,0.0,0.0
2019-09-02 00:00:00+09:00,2009.220810712394,2108.145162291446,1994.8143517445708,2039.95458984375,1017200,0.0,0.0
2019-09-03 00:00:00+09:00,2080.2927830400627,2124.4725928368507,2029.3899587089809,2070.6884765625,830200,0.0,0.0
2019-09-04 00:00:00+09:00,2070.6883773481495,2085.0948363742264,2009.220818836887,2046.6776123046875,516600,0.0,0.0
2019-09-05 00:00:00+09:00,2060.1236323987023,2156.1666921841897,2042.8358816373145,2153.285400390625,628500,0.0,0.0
2019-09-06 00:00:00+09:00,2157.126935405116,2173.4542541503906,2110.0658401981477,2143.680908203125,485300,0.0,0.0
2019-09-09 00:00:00+09:00,2149.44387194249,2212.832297120419,2122.551812776096,2201.30712890625,437800,0.0,0.0
2019-09-10 00:00:00+09:00,2201.306822922229,2281.0225586563233,2201.306822922229,2248.367919921875,596900,0.0,0.0
2019-09-11 00:00:00+09:00,2243.565968551797,2275.26017958014,2214.7530494351217,2271.41845703125,555000,0.0,0.0
2019-09-12 00:00:00+09:00,2280.062381563317,2448.137746674345,2278.1415202477624,2387.630615234375,1167900,0.0,0.0
2019-09-13 00:00:00+09:00,2366.500999384994,2423.1664048085795,2265.65578634302,2342.490234375,994400,0.0,0.0
2019-09-17 00:00:00+09:00,2327.12330964847,2353.054935467912,2289.666516798164,2328.083740234375,403700,0.0,0.0
2019-09-18 00:00:00+09:00,2305.033778273162,2305.033778273162,2171.5339052815084,2208.0302734375,947800,0.0,0.0
2019-09-19 00:00:00+09:00,2202.267357091934,2415.482949448851,2201.3069264957317,2404.918212890625,1341400,0.0,0.0
2019-09-20 00:00:00+09:00,2391.4723006538725,2401.076607082201,2298.310528299083,2385.709716796875,849000,0.0,0.0
2019-09-24 00:00:00+09:00,2386.670069144814,2516.328201673808,2385.709638533488,2507.684326171875,653200,0.0,0.0
2019-09-25 00:00:00+09:00,2483.6737712627955,2584.5189939938837,2459.66300394587,2556.66650390625,566400,0.0,0.0
2019-09-26 00:00:00+09:00,2543.220218940694,2631.57983379815,2488.4756749529224,2518.2490234375,662500,0.0,0.0
2019-09-27 00:00:00+09:00,2503.8426911024144,2551.864223344501,2423.166516935708,2537.457763671875,404600,0.0,0.0
2019-09-30 00:00:00+09:00,2529.774265309644,2542.259863430003,2457.741968461419,2522.0908203125,282400,0.0,0.0
2019-10-01 00:00:00+09:00,2523.050993728638,2530.734437942505,2454.8604263305665,2458.7021484375,331900,0.0,0.0
2019-10-02 00:00:00+09:00,2410.6809552709883,2509.6053131964513,2405.8788019736357,2451.01904296875,321000,0.0,0.0
2019-10-03 00:00:00+09:00,2434.691666385715,2468.3067387026776,2402.03702470638,2448.1376953125,272600,0.0,0.0
2019-10-04 00:00:00+09:00,2460.6230442336023,2500.9611269259563,2431.810128024778,2485.59423828125,292000,0.0,0.0
2019-10-07 00:00:00+09:00,2485.5945905854433,2516.328372231013,2427.96875,2427.96875,254000,0.0,0.0
2019-10-08 00:00:00+09:00,2428.9290222737004,2442.3750508667536,2358.817587467065,2369.38232421875,404600,0.0,0.0
2019-10-09 00:00:00+09:00,2328.0836689349762,2451.9792107223575,2315.598071700589,2450.058349609375,482800,0.0,0.0
2019-10-10 00:00:00+09:00,2435.6524056783537,2462.5444669397866,2358.8179449314025,2362.65966796875,331900,0.0,0.0
2019-10-11 00:00:00+09:00,2394.3534970107467,2424.1268457501506,2357.857134039865,2393.39306640625,276200,0.0,0.0
2019-10-15 00:00:00+09:00,2425.087415163046,2519.2096197911565,2425.087415163046,2451.01904296875,369800,0.0,0.0
2019-10-16 00:00:00+09:00,2492.317611534713,2571.072927197852,2468.3068445642434,2478.87158203125,361300,0.0,0.0
2019-10-17 00:00:00+09:00,2452.939644376547,2472.148255530631,2417.403713741491,2425.087158203125,154400,0.0,0.0
2019-10-18 00:00:00+09:00,2437.572799210696,2521.1302592309207,2437.572799210696,2515.36767578125,240200,0.0,0.0
2019-10-21 00:00:00+09:00,2513.447271396646,2544.1810553800974,2434.6919499390515,2437.5732421875,227200,0.0,0.0
2019-10-23 00:00:00+09:00,2466.3858855567833,2507.684403110888,2438.533396973782,2499.04052734375,197900,0.0,0.0
2019-10-24 00:00:00+09:00,2517.2886509566724,2530.734679614968,2474.0692731264357,2508.644775390625,102200,0.0,0.0
2019-10-25 00:00:00+09:00,2497.1195872237045,2522.0907830959413,2480.792266845703,2520.169921875,164800,0.0,0.0
2019-10-28 00:00:00+09:00,2499.0405801258717,2583.5584783007666,2499.0405801258717,2514.407470703125,226400,0.0,0.0
2019-10-29 00:00:00+09:00,2531.695289182221,2724.741857135797,2531.695289182221,2694.968505859375,597100,0.0,0.0
2019-10-30 00:00:00+09:00,2679.6016956197805,2711.2959092238852,2616.2132684115704,2673.839111328125,356700,0.0,0.0
2019-10-31 00:00:00+09:00,2679.6016031901045,2704.572800925926,2517.288817907263,2593.162841796875,345500,0.0,0.0
2019-11-01 00:00:00+09:00,2546.101585928575,2611.410868404298,2511.526083441427,2522.0908203125,166000,0.0,0.0
2019-11-05 00:00:00+09:00,2578.756219860313,2602.7669854083606,2539.378564361515,2559.547607421875,160400,0.0,0.0
2019-11-06 00:00:00+09:00,2583.5585164077406,2590.2815311344525,2507.6844930634243,2516.328369140625,111100,0.0,0.0
2019-11-07 00:00:00+09:00,2516.328188554644,2593.1626370601293,2490.3965621840425,2582.597900390625,183200,0.0,0.0
2019-11-08 00:00:00+09:00,2629.658947111431,2630.6193776983964,2533.615888414885,2554.745361328125,206700,0.0,0.0
2019-11-11 00:00:00+09:00,2842.874573526503,3034.960693359375,2821.7451003448873,3034.960693359375,1065300,0.0,0.0
2019-11-12 00:00:00+09:00,3102.190866976316,3198.2339278734153,2825.586851592669,2860.162353515625,960100,0.0,0.0
2019-11-13 00:00:00+09:00,2929.313297072354,2934.1154500183743,2612.3712026350177,2756.435791015625,988900,0.0,0.0
2019-11-14 00:00:00+09:00,2727.623011857391,2751.63377780684,2602.767028920257,2624.85693359375,495500,0.0,0.0
2019-11-15 00:00:00+09:00,2626.777715028007,2648.8676190300707,2533.6159459758255,2545.14111328125,452700,0.0,0.0
2019-11-18 00:00:00+09:00,2525.9324034280107,2587.399960013331,2464.4648468426903,2577.795654296875,413700,0.0,0.0
2019-11-19 00:00:00+09:00,2553.784853031349,2582.5977697635567,2517.288491837219,2575.874755859375,162500,0.0,0.0
2019-11-20 00:00:00+09:00,2535.5371687856464,2599.8860287510397,2521.1307075993645,2525.932861328125,252500,0.0,0.0
2019-11-21 00:00:00+09:00,2476.9507051831233,2518.249224114056,2413.5622807775067,2465.425537109375,408000,0.0,0.0
2019-11-22 00:00:00+09:00,2305.0337431446605,2329.0445113024175,2218.594977776736,2320.400634765625,1914400,0.0,0.0
2019-11-25 00:00:00+09:00,2326.162819946938,2361.698750722345,2274.2995696260728,2350.173583984375,659600,0.0,0.0
2019-11-26 00:00:00+09:00,2350.1739471105034,2423.166681062444,2347.292654980821,2394.353759765625,568400,0.0,0.0
2019-11-27 00:00:00+09:00,2385.7093978389616,2390.5115504111013,2326.1627059444304,2381.86767578125,532700,0.0,0.0
2019-11-28 00:00:00+09:00,2373.2244163792348,2409.720785388709,2345.3719242404254,2388.59130859375,369000,0.0,0.0
2019-11-29 00:00:00+09:00,2410.6809211112827,2544.180780885971,2410.6809211112827,2524.97216796875,991000,0.0,0.0
2019-12-02 00:00:00+09:00,2525.9324085834123,2579.7165207053404,2434.6915040908557,2540.3388671875,844000,0.0,0.0
2019-12-03 00:00:00+09:00,2516.3283841688167,2614.292313628824,2504.803215997051,2605.6484375,681000,0.0,0.0
2019-12-04 00:00:00+09:00,2583.558552474427,2679.601621339647,2573.9542455879046,2669.997314453125,568800,0.0,0.0
2019-12-05 00:00:00+09:00,2668.0763064406988,2668.0763064406988,2532.6555867833413,2561.468505859375,669500,0.0,0.0
2019-12-06 00:00:00+09:00,2592.2022345053033,2660.392808291845,2581.6374977214728,2634.461181640625,615400,0.0,0.0
2019-12-09 00:00:00+09:00,2586.439629459021,2621.9755619840803,2519.209486844045,2545.14111328125,1774700,0.0,0.0
2019-12-10 00:00:00+09:00,2540.339026835343,2617.1734775524797,2510.5656771824524,2586.439697265625,628200,0.0,0.0
2019-12-11 00:00:00+09:00,2587.400124442605,2604.6878758308626,2479.831893582333,2510.565673828125,570200,0.0,0.0
2019-12-12 00:00:00+09:00,2535.5365141442194,2548.982541113166,2442.374755859375,2442.374755859375,381700,0.0,0.0
2019-12-13 00:00:00+09:00,2515.36785098698,2577.7958427067792,2483.673639806159,2574.91455078125,561300,0.0,0.0
2019-12-16 00:00:00+09:00,2560.507909233223,2605.6481461926987,2522.0906862889888,2540.3388671875,395700,0.0,0.0
2019-12-17 00:00:00+09:00,2573.9540841103344,2573.9540841103344,2459.6628393308083,2472.1484375,349200,0.0,0.0
2019-12-18 00:00:00+09:00,2450.058476530819,2451.018907137064,2341.529818025142,2368.421875,553100,0.0,0.0
2019-12-19 00:00:00+09:00,2355.936123085782,2422.2058305839146,2324.2419151518925,2410.6806640625,350700,0.0,0.0
2019-12-20 00:00:00+09:00,2392.4328514853014,2431.8105098196643,2352.0947624598566,2429.8896484375,267400,0.0,0.0
2019-12-23 00:00:00+09:00,2429.8894910167323,2453.9002567382418,2363.619777625367,2371.30322265625,187600,0.0,0.0
2019-12-24 00:00:00+09:00,2395.3138716603053,2419.324636211832,2357.8570789599235,2390.51171875,313500,0.0,0.0
2019-12-25 00:00:00+09:00,2359.777961298772,2509.6051334447257,2359.777961298772,2492.3173828125,423400,0.0,0.0
2019-12-26 00:00:00+09:00,2479.8318776292067,2511.526088303786,2443.3355138221154,2497.11962890625,249200,0.0,0.0
2019-12-27 00:00:00+09:00,2516.4771837474,2601.6502576588505,2494.2160394296343,2559.063720703125,348200,20.0,0.0
2019-12-30 00:00:00+09:00,2558.095947265625,2579.3892165958723,2514.5415327264827,2558.095947265625,179200,0.0,0.0
2020-01-06 00:00:00+09:00,2509.70191280254,2550.352695809754,2499.0552791577934,2528.091552734375,263000,0.0,0.0
2020-01-07 00:00:00+09:00,2550.353057388991,2619.0722479296433,2544.5458018503446,2563.9033203125,337500,0.0,0.0
2020-01-08 00:00:00+09:00,2551.320994889975,2574.55001760521,2491.312686208951,2512.60595703125,243400,0.0,0.0
2020-01-09 00:00:00+09:00,2553.256410660282,2624.8792212701615,2530.027391003024,2580.35693359375,354800,0.0,0.0
2020-01-10 00:00:00+09:00,2583.2607992796975,2621.007959703792,2550.353018397154,2561.967529296875,137900,0.0,0.0
2020-01-14 00:00:00+09:00,2610.361140217976,2610.361140217976,2551.3207139839024,2559.063720703125,186900,0.0,0.0
2020-01-15 00:00:00+09:00,2559.0638980975646,2591.0038030284345,2508.7343509337697,2513.57373046875,192700,0.0,0.0
2020-01-16 00:00:00+09:00,2541.641917058467,2541.641917058467,2464.21185103993,2467.115478515625,147600,0.0,0.0
2020-01-17 00:00:00+09:00,2493.248213670799,2500.023344686209,2453.5653034376846,2459.37255859375,128500,0.0,0.0
2020-01-20 00:00:00+09:00,2452.5973411371497,2496.1517532725766,2450.661589486686,2467.115478515625,110900,0.0,0.0
2020-01-21 00:00:00+09:00,2453.565435413402,2454.533311324808,2390.653501172033,2393.55712890625,295100,0.0,0.0
2020-01-22 00:00:00+09:00,2371.295946465164,2376.135325947746,2306.4482613985656,2361.6171875,346900,0.0,0.0
2020-01-23 00:00:00+09:00,2330.645082672817,2357.745606889943,2309.3518136450753,2327.741455078125,167500,0.0,0.0
2020-01-24 00:00:00+09:00,2355.810053134705,2356.7779290809394,2293.865992575699,2337.42041015625,155300,0.0,0.0
2020-01-27 00:00:00+09:00,2264.829694285658,2324.838002424851,2258.054562721556,2312.255615234375,169000,0.0,0.0
2020-01-28 00:00:00+09:00,2275.476191308594,2427.4327042968753,2266.765308398438,2419.689697265625,349400,0.0,0.0
2020-01-29 00:00:00+09:00,2419.689657976381,2445.822306282526,2380.0067475855685,2417.75390625,234500,0.0,0.0
2020-01-30 00:00:00+09:00,2409.043120744565,2417.754003864975,2258.0544799907875,2289.994384765625,339600,0.0,0.0
2020-01-31 00:00:00+09:00,2342.2595055013553,2373.2315320203816,2283.2190799494615,2365.488525390625,163300,0.0,0.0
2020-02-03 00:00:00+09:00,2274.5081747731856,2326.773469002016,2239.6646452872983,2310.319580078125,265400,0.0,0.0
2020-02-04 00:00:00+09:00,2322.902196134701,2397.4286415940232,2314.1913128991964,2381.942626953125,204300,0.0,0.0
2020-02-05 00:00:00+09:00,2417.753989497951,2450.6617699795083,2361.6171875,2361.6171875,168700,0.0,0.0
2020-02-06 00:00:00+09:00,2381.9425766027803,2438.079378489396,2381.9425766027803,2421.62548828125,210100,0.0,0.0
2020-02-07 00:00:00+09:00,2450.6616150406767,2450.6616150406767,2319.0305014365963,2342.259521484375,270200,0.0,0.0
2020-02-10 00:00:00+09:00,2513.5736398349286,2559.0638058234695,2417.7539284973627,2442.918701171875,714700,0.0,0.0
2020-02-12 00:00:00+09:00,2421.6253220138756,2541.641924703612,2421.6253220138756,2515.50927734375,343400,0.0,0.0
2020-02-13 00:00:00+09:00,2535.8348301478795,2601.650390625,2522.2845676967077,2601.650390625,380700,0.0,0.0
2020-02-14 00:00:00+09:00,2578.4212548884702,2578.4212548884702,2453.5652706990513,2505.83056640625,313900,0.0,0.0
2020-02-17 00:00:00+09:00,2458.404564801734,2504.8626038216094,2410.978649968945,2483.5693359375,233400,0.0,0.0
2020-02-18 00:00:00+09:00,2448.725909767654,2454.533164889632,2387.749730986878,2422.59326171875,225700,0.0,0.0
2020-02-19 00:00:00+09:00,2425.4968267712384,2429.3683300861167,2348.0667604736727,2365.488525390625,248100,0.0,0.0
2020-02-20 00:00:00+09:00,2410.0110068820586,2438.07940816703,2351.9384524993584,2356.77783203125,225400,0.0,0.0
2020-02-21 00:00:00+09:00,2385.8141865017724,2398.3965736922482,2303.5447317948147,2312.255615234375,229500,0.0,0.0
2020-02-25 00:00:00+09:00,2167.074036640694,2230.953842990978,2161.266781517941,2194.174560546875,320700,0.0,0.0
2020-02-26 00:00:00+09:00,2165.1383232339194,2169.977702588488,2032.539328918744,2057.7041015625,525600,0.0,0.0
2020-02-27 00:00:00+09:00,2055.7683243128763,2073.1900897731553,1958.0128625635352,2008.3424072265625,468900,0.0,0.0
2020-02-28 00:00:00+09:00,1935.7517606489887,1966.7237888193724,1848.6429314197842,1866.064697265625,364700,0.0,0.0
2020-03-02 00:00:00+09:00,1848.6427960011079,2029.63557236352,1829.2852798126146,1979.3060302734375,394100,0.0,0.0
2020-03-03 00:00:00+09:00,2052.86462456517,2071.254265237842,1959.94854537693,1962.8521728515625,171200,0.0,0.0
2020-03-04 00:00:00+09:00,1928.0087259163533,1967.691636439732,1887.3579395265506,1930.912353515625,464900,0.0,0.0
2020-03-05 00:00:00+09:00,1972.530954931375,1994.7920991725043,1938.6553006513957,1958.0128173828125,375300,0.0,0.0
2020-03-06 00:00:00+09:00,1922.2014983244458,1926.0730018457436,1831.2211655739434,1866.064697265625,384300,0.0,0.0
2020-03-09 00:00:00+09:00,1745.0801893000175,1753.7910721085034,1627.967209319262,1648.2926025390625,330900,0.0,0.0
2020-03-10 00:00:00+09:00,1570.862577951832,1806.056420491755,1556.3444395234417,1801.217041015625,388200,0.0,0.0
2020-03-11 00:00:00+09:00,1782.8272799528777,1800.2490449035574,1645.3889120086276,1651.1961669921875,370000,0.0,0.0
2020-03-12 00:00:00+09:00,1573.7661020155954,1666.6821818393944,1528.2759379351937,1531.1795654296875,540100,0.0,0.0
2020-03-13 00:00:00+09:00,1384.0623943942119,1465.3639616173684,1349.2188655842876,1420.8416748046875,338000,0.0,0.0
2020-03-16 00:00:00+09:00,1473.10698465902,1586.3484545703902,1443.102834511563,1457.6209716796875,389500,0.0,0.0
2020-03-17 00:00:00+09:00,1449.8779554644834,1608.6095874378982,1424.713184541869,1595.059326171875,556900,0.0,0.0
2020-03-18 00:00:00+09:00,1594.0914448964757,1649.260365575953,1495.368113154253,1510.8541259765625,364500,0.0,0.0
2020-03-19 00:00:00+09:00,1588.2843039218956,1588.2843039218956,1418.9060265383905,1474.074951171875,403900,0.0,0.0
2020-03-23 00:00:00+09:00,1489.5607723174328,1569.8944591935517,1433.4239790786992,1554.408447265625,234900,0.0,0.0
2020-03-24 00:00:00+09:00,1621.1921656408977,1692.8149837050328,1587.3165084484012,1664.74658203125,233200,0.0,0.0
2020-03-25 00:00:00+09:00,1811.8635894144452,1818.6387203577683,1719.9153837550582,1778.955810546875,268500,0.0,0.0
2020-03-26 00:00:00+09:00,1740.2406691062263,1816.702856458502,1710.2365196388776,1791.5380859375,291700,0.0,0.0
2020-03-27 00:00:00+09:00,1839.9319125348736,1923.1692320919483,1826.3816512116289,1859.2894287109375,344400,0.0,0.0
2020-03-30 00:00:00+09:00,1781.859417232857,1855.417980899178,1770.2449071802798,1837.9962158203125,193700,0.0,0.0
2020-03-31 00:00:00+09:00,1886.3900907524394,1929.9445053670418,1827.3496620526453,1866.064697265625,262100,0.0,0.0
2020-04-01 00:00:00+09:00,1870.904222381478,1909.6192606097547,1800.2492776148727,1812.8316650390625,288200,0.0,0.0
2020-04-02 00:00:00+09:00,1797.3454548563934,1866.064640260165,1787.66669634882,1803.1527099609375,204400,0.0,0.0
2020-04-03 00:00:00+09:00,1856.3859121876717,1856.3859121876717,1751.8553185921198,1762.501953125,154000,0.0,0.0
2020-04-06 00:00:00+09:00,1746.0480800982602,1891.2294614811533,1732.497817835857,1877.67919921875,200200,0.0,0.0
2020-04-07 00:00:00+09:00,1941.5588695563893,1994.7920389609762,1893.165079188583,1955.109130859375,135700,0.0,0.0
2020-04-08 00:00:00+09:00,1955.10913121648,2004.4707974006583,1903.8117134172355,1985.11328125,123000,0.0,0.0
2020-04-09 00:00:00+09:00,2020.9247861632114,2024.79628958498,1950.2698487159344,1989.9527587890625,169300,0.0,0.0
2020-04-10 00:00:00+09:00,1989.9527070702568,2041.2501260754725,1985.1133279188214,2035.44287109375,184500,0.0,0.0
2020-04-13 00:00:00+09:00,2031.57143078032,2114.808754766555,2025.7641756184896,2032.539306640625,233700,0.0,0.0
2020-04-14 00:00:00+09:00,2042.2180095244757,2057.7040228668416,2022.8604928465186,2053.83251953125,132600,0.0,0.0
2020-04-15 00:00:00+09:00,2085.77273451724,2086.7406104961347,2021.8929199102158,2026.7322998046875,127700,0.0,0.0
2020-04-16 00:00:00+09:00,1994.7921799519174,2028.6678356036966,1973.4989106850846,2016.08544921875,105000,0.0,0.0
2020-04-17 00:00:00+09:00,2032.5392429272517,2105.1299301746535,2029.6356154373557,2095.451171875,170500,0.0,0.0
2020-04-20 00:00:00+09:00,2125.4556396148555,2161.267050664833,2084.80484869326,2110.9375,141900,0.0,0.0
2020-04-21 00:00:00+09:00,2075.1255044495033,2113.840532517591,2043.185606293331,2046.0892333984375,88500,0.0,0.0
2020-04-22 00:00:00+09:00,1949.302101329348,1990.9207658562407,1889.2937943370841,1978.33837890625,203500,0.0,0.0
2020-04-23 00:00:00+09:00,2018.9889969093006,2083.8366780180845,2018.9889969093006,2072.22216796875,100600,0.0,0.0
2020-04-24 00:00:00+09:00,2069.3186756193327,2091.5798213346015,2023.8285082881314,2054.800537109375,90700,0.0,0.0
2020-04-27 00:00:00+09:00,2076.093593456898,2133.198265724477,2076.093593456898,2128.35888671875,134900,0.0,0.0
2020-04-28 00:00:00+09:00,2176.752590421484,2204.8209875411917,2131.262429572302,2166.10595703125,137100,0.0,0.0
2020-04-30 00:00:00+09:00,2226.1146344202607,2254.183036332516,2176.7529620918112,2238.697021484375,201500,0.0,0.0
2020-05-01 00:00:00+09:00,2219.3393349852963,2219.3393349852963,2125.4553770727043,2134.166259765625,128200,0.0,0.0
2020-05-07 00:00:00+09:00,2142.8770305606618,2166.1060498621323,2036.4106920955883,2056.736083984375,187200,0.0,0.0
2020-05-08 00:00:00+09:00,2084.804652907868,2145.7808335639475,2048.993245220964,2131.2626953125,163400,0.0,0.0
2020-05-11 00:00:00+09:00,2147.716552734375,2150.6201803405957,2087.7082488724864,2147.716552734375,113900,0.0,0.0
2020-05-12 00:00:00+09:00,2136.1018962100366,2321.934050298087,2109.9692495414047,2308.3837890625,337300,0.0,0.0
2020-05-13 00:00:00+09:00,2308.383958034343,2308.383958034343,2224.178757049442,2244.504150390625,253700,0.0,0.0
2020-05-14 00:00:00+09:00,2231.92191991476,2231.92191991476,2118.680434819345,2125.45556640625,234300,0.0,0.0
2020-05-15 00:00:00+09:00,2319.0306200254436,2427.4327191251305,2267.733198130056,2318.062744140625,510200,0.0,0.0
2020-05-18 00:00:00+09:00,2322.902099609375,2327.741478983561,2267.7331747436524,2322.902099609375,156300,0.0,0.0
2020-05-19 00:00:00+09:00,2362.585052683302,2370.3280598203223,2259.022332225656,2294.833740234375,133800,0.0,0.0
2020-05-20 00:00:00+09:00,2283.2190880956177,2336.452258865121,2283.2190880956177,2323.869873046875,85000,0.0,0.0
2020-05-21 00:00:00+09:00,2319.0307561724335,2323.8701358806397,2234.825549249645,2300.64111328125,171900,0.0,0.0
2020-05-22 00:00:00+09:00,2270.6368564976055,2270.6368564976055,2222.2430616020897,2223.2109375,149100,0.0,0.0
2020-05-25 00:00:00+09:00,2248.375597993312,2284.1870044185175,2236.7610878013534,2265.79736328125,97700,0.0,0.0
2020-05-26 00:00:00+09:00,2276.4441522120073,2392.5892620187424,2276.4441522120073,2381.942626953125,237900,0.0,0.0
2020-05-27 00:00:00+09:00,2375.16739844061,2452.5974684794237,2375.16739844061,2431.30419921875,217500,0.0,0.0
2020-05-28 00:00:00+09:00,2497.119669596354,2539.7062065972223,2434.207739935981,2439.047119140625,196300,0.0,0.0
2020-05-29 00:00:00+09:00,2449.6937134735344,2520.348648710029,2435.175576096173,2497.11962890625,462300,0.0,0.0
2020-06-01 00:00:00+09:00,2476.79427763409,2496.1517944581155,2399.364210337987,2409.04296875,178800,0.0,0.0
2020-06-02 00:00:00+09:00,2429.368482317243,2500.023422241211,2427.4327305385045,2493.248291015625,135800,0.0,0.0
2020-06-03 00:00:00+09:00,2516.477312360491,2567.7747344970703,2470.9871455601283,2493.248291015625,182900,0.0,0.0
2020-06-04 00:00:00+09:00,2513.5735181267473,2526.1559038547593,2465.1797268651617,2467.115478515625,140500,0.0,0.0
2020-06-05 00:00:00+09:00,2429.368219500546,2449.6936109784388,2402.267697530022,2438.0791015625,162600,0.0,0.0
2020-06-08 00:00:00+09:00,2462.27625604957,2474.858642578125,2412.914585822161,2474.858642578125,130700,0.0,0.0
2020-06-09 00:00:00+09:00,2435.1757312188356,2478.730146125373,2421.6254688034683,2474.858642578125,117600,0.0,0.0
2020-06-10 00:00:00+09:00,2444.8544290526766,2511.637863575493,2438.07929801413,2447.758056640625,101500,0.0,0.0
2020-06-11 00:00:00+09:00,2429.368321918898,2431.304073569829,2377.10302734375,2377.10302734375,134800,0.0,0.0
2020-06-12 00:00:00+09:00,2297.737257170197,2311.2875190069212,2260.9579750419466,2307.416015625,140300,0.0,0.0
2020-06-15 00:00:00+09:00,2329.677304953874,2329.677304953874,2196.1104299710596,2199.98193359375,151300,0.0,0.0
2020-06-16 00:00:00+09:00,2296.769485473633,2296.769485473633,2223.2109178815567,2276.444091796875,126500,0.0,0.0
2020-06-17 00:00:00+09:00,2277.41218289462,2296.769702511234,2208.6929882556406,2214.500244140625,171400,0.0,0.0
2020-06-18 00:00:00+09:00,2198.0460807538384,2214.4999703940034,2169.9776807794387,2170.945556640625,145700,0.0,0.0
2020-06-19 00:00:00+09:00,2171.9134717775614,2176.752851171005,2078.029511544752,2172.88134765625,222400,0.0,0.0
2020-06-22 00:00:00+09:00,2159.331080380659,2169.009839145252,2072.2222514993236,2124.487548828125,214300,0.0,0.0
2020-06-23 00:00:00+09:00,2162.234611096811,2229.9859194122882,2142.877094435246,2173.84912109375,151200,0.0,0.0
2020-06-24 00:00:00+09:00,2216.4356417398253,2222.242896696349,2150.6200855658917,2167.073974609375,149900,0.0,0.0
2020-06-25 00:00:00+09:00,2143.8450026924334,2168.0418988853503,2119.6481064995164,2127.39111328125,119100,0.0,0.0
2020-06-26 00:00:00+09:00,2139.00569374753,2142.877197265625,2087.70827213277,2142.877197265625,117300,0.0,0.0
2020-06-29 00:00:00+09:00,2133.1765320419545,2162.2785311148323,2079.8228670750113,2088.553466796875,121600,5.0,0.0
2020-06-30 00:00:00+09:00,2112.8051061233987,2134.1465718418167,2063.331708321611,2101.164306640625,129400,0.0,0.0
2020-07-01 00:00:00+09:00,2098.254133154501,2147.7275315783936,2079.8228670750113,2088.553466796875,94700,0.0,0.0
2020-07-02 00:00:00+09:00,2115.7151962989983,2115.7151962989983,1973.115410028502,2002.2174072265625,134000,0.0,0.0
2020-07-03 00:00:00+09:00,2037.1398490437766,2040.050048828125,1999.3072518472495,2040.050048828125,137100,0.0,0.0
2020-07-06 00:00:00+09:00,2054.6011871639193,2083.7031869821053,2033.259720630583,2063.331787109375,142900,0.0,0.0
2020-07-07 00:00:00+09:00,2063.3316825749653,2098.2540805875174,2056.5412162947464,2086.61328125,82900,0.0,0.0
2020-07-08 00:00:00+09:00,2068.181934208833,2068.181934208833,1999.3072075067564,2002.2174072265625,218800,0.0,0.0
2020-07-09 00:00:00+09:00,2022.5889115433795,2027.4392446645866,1935.2829153616508,1938.193115234375,128900,0.0,0.0
2020-07-10 00:00:00+09:00,1921.701894902065,1956.6242917806487,1895.5100972431273,1903.2706298828125,164100,0.0,0.0
2020-07-13 00:00:00+09:00,1907.1510425131178,1958.5645751953125,1881.9293094992108,1958.5645751953125,133000,0.0,0.0
2020-07-14 00:00:00+09:00,1949.8338188250978,1957.5943514373369,1889.6896910802438,1952.7440185546875,110900,0.0,0.0
2020-07-15 00:00:00+09:00,1987.666451844239,2030.3493819960918,1980.8759856837169,1999.3072509765625,150100,0.0,0.0
2020-07-16 00:00:00+09:00,2034.2299171858401,2080.7931198682054,1994.4571815613197,2054.601318359375,173500,0.0,0.0
2020-07-17 00:00:00+09:00,2031.3195547773532,2031.3195547773532,1959.5346230421458,2003.1876220703125,164700,0.0,0.0
2020-07-20 00:00:00+09:00,2026.4691779134762,2026.4691779134762,1937.223048488852,1951.7740478515625,128000,0.0,0.0
2020-07-21 00:00:00+09:00,1988.6366058936776,2038.1100043817642,1946.9237405017614,1966.3250732421875,155900,0.0,0.0
2020-07-22 00:00:00+09:00,1942.073466539383,2008.037999868393,1934.3129332065582,1986.696533203125,77900,0.0,0.0
2020-07-27 00:00:00+09:00,1940.133248606036,1959.5345810920962,1906.1809167554302,1924.6121826171875,146000,0.0,0.0
2020-07-28 00:00:00+09:00,1941.103244931316,1964.3848430714218,1917.8216467912102,1926.55224609375,75000,0.0,0.0
2020-07-29 00:00:00+09:00,1913.9414056810551,1916.8516054869563,1852.827209757129,1873.1986083984375,103000,0.0,0.0
2020-07-30 00:00:00+09:00,1902.3006417233223,1949.8339061009065,1890.6598422839138,1906.180908203125,214700,0.0,0.0
2020-07-31 00:00:00+09:00,1907.151076338299,1907.151076338299,1795.593409105896,1810.1444091796875,127800,0.0,0.0
2020-08-03 00:00:00+09:00,1834.3960044661117,1862.5279368455497,1815.964738424411,1852.8272705078125,78100,0.0,0.0
2020-08-04 00:00:00+09:00,1903.2707491279684,2044.9004786757173,1893.5700827205883,2011.918212890625,249100,0.0,0.0
2020-08-05 00:00:00+09:00,1998.3371567513473,1998.3371567513473,1933.342695827881,1957.5943603515625,126800,0.0,0.0
2020-08-06 00:00:00+09:00,1948.8637787406967,1967.2950439453125,1911.0311817417482,1967.2950439453125,105000,0.0,0.0
2020-08-07 00:00:00+09:00,1944.013471107118,1946.9236709141646,1878.0489421473956,1927.5223388671875,201700,0.0,0.0
2020-08-11 00:00:00+09:00,1940.1332847391554,2055.5712151811354,1878.0490196275025,1889.6898193359375,298400,0.0,0.0
2020-08-12 00:00:00+09:00,1909.0911608342935,1918.7918273019473,1863.49802843632,1894.5401611328125,111700,0.0,0.0
2020-08-13 00:00:00+09:00,1940.1332740426124,1991.5468058047416,1935.2829408575058,1966.3250732421875,142100,0.0,0.0
2020-08-14 00:00:00+09:00,1979.905996063609,2054.601126733329,1976.9957961673863,2042.9603271484375,155600,0.0,0.0
2020-08-17 00:00:00+09:00,2040.0500747592462,2051.6908740446056,1985.726344760902,2013.8582763671875,99900,0.0,0.0
2020-08-18 00:00:00+09:00,2017.7386225914333,2017.7386225914333,1961.4747571537876,1976.0257568359375,113600,0.0,0.0
2020-08-19 00:00:00+09:00,1966.3249440156212,2022.5888052652049,1950.8038788433223,2002.2174072265625,104800,0.0,0.0
2020-08-20 00:00:00+09:00,1970.2053144779443,1970.2053144779443,1859.617719278296,1870.2884521484375,247600,0.0,0.0
2020-08-21 00:00:00+09:00,1869.3184451289283,1907.1510446930322,1862.5279785404994,1904.2408447265625,106900,0.0,0.0
2020-08-24 00:00:00+09:00,1877.0789614910354,1911.0312941278241,1852.8272953219007,1894.5401611328125,126700,0.0,0.0
2020-08-25 00:00:00+09:00,1933.342695827881,1977.9657585514549,1905.2107649804107,1957.5943603515625,110400,0.0,0.0
2020-08-26 00:00:00+09:00,1959.5345015370458,1985.7262993298677,1918.791704970434,1935.2828369140625,130900,0.0,0.0
2020-08-27 00:00:00+09:00,1957.594430106027,1957.594430106027,1897.4502999441966,1901.33056640625,89100,0.0,0.0
2020-08-28 00:00:00+09:00,1915.8816090158612,1981.8461403642555,1883.8694099791405,1925.582275390625,207900,0.0,0.0
2020-08-31 00:00:00+09:00,1934.3128313337054,2002.217494419643,1932.3726981026787,1996.3970947265625,171900,0.0,0.0
2020-09-01 00:00:00+09:00,1959.5345548160076,2016.7684848824156,1943.0434224239916,2005.127685546875,163700,0.0,0.0
2020-09-02 00:00:00+09:00,2034.229665697003,2034.229665697003,1938.1930720374878,1968.26513671875,131000,0.0,0.0
2020-09-03 00:00:00+09:00,2016.7683912374207,2096.3138496700653,2016.7683912374207,2060.42138671875,206800,0.0,0.0
2020-09-04 00:00:00+09:00,2011.9180121318204,2035.1996091863834,1980.8758827257363,2009.0078125,130700,0.0,0.0
2020-09-07 00:00:00+09:00,2019.6787356577304,2093.403799975688,2019.6787356577304,2088.553466796875,143900,0.0,0.0
2020-09-08 00:00:00+09:00,2131.23657763015,2179.739913488824,2125.416177327109,2163.248779296875,148400,0.0,0.0
2020-09-09 00:00:00+09:00,2120.565527953829,2179.7395888894116,2095.343797063253,2173.919189453125,117100,0.0,0.0
2020-09-10 00:00:00+09:00,2173.9191208730826,2195.2605847995474,2157.427989657178,2189.440185546875,104500,0.0,0.0
2020-09-11 00:00:00+09:00,2190.4103471355334,2190.4103471355334,2124.445819409574,2161.308349609375,85500,0.0,0.0
2020-09-14 00:00:00+09:00,2178.7696955774754,2237.9437612187157,2160.338429230204,2216.602294921875,122900,0.0,0.0
2020-09-15 00:00:00+09:00,2221.452584433389,2221.452584433389,2177.7995860493265,2219.512451171875,68600,0.0,0.0
2020-09-16 00:00:00+09:00,2231.153294669721,2240.853961168285,2205.9315617734546,2216.602294921875,52200,0.0,0.0
2020-09-17 00:00:00+09:00,2200.111066683071,2231.1531981353896,2182.649867741142,2217.572265625,60000,0.0,0.0
2020-09-18 00:00:00+09:00,2240.853925225859,2297.1177900150797,2236.9736586886715,2251.524658203125,135800,0.0,0.0
2020-09-23 00:00:00+09:00,2241.823646107713,2241.823646107713,2176.8291916337985,2198.170654296875,89800,0.0,0.0
2020-09-24 00:00:00+09:00,2184.590000071872,2184.590000071872,2095.343872182613,2108.9248046875,114200,0.0,0.0
2020-09-25 00:00:00+09:00,2139.966868182324,2195.260663053762,2124.445802955254,2178.76953125,130400,0.0,0.0
2020-09-28 00:00:00+09:00,2165.188772940913,2184.5901060317815,2127.3561734137197,2167.12890625,84300,0.0,0.0
2020-09-29 00:00:00+09:00,2138.9967662883255,2176.8293621546495,2130.2661672422505,2159.3681640625,94000,0.0,0.0
2020-09-30 00:00:00+09:00,2170.0389919254626,2170.0389919254626,2086.6132640284623,2104.074462890625,99200,0.0,0.0
2020-10-02 00:00:00+09:00,2097.2841374170125,2126.386137473678,2069.152204028903,2073.032470703125,95500,0.0,0.0
2020-10-05 00:00:00+09:00,2072.062273602806,2110.8649379024837,2072.062273602806,2108.9248046875,57100,0.0,0.0
2020-10-06 00:00:00+09:00,2140.9368978679126,2140.9368978679126,2101.16416890888,2132.206298828125,49500,0.0,0.0
2020-10-07 00:00:00+09:00,2131.236530676292,2131.236530676292,2083.7032625820098,2106.98486328125,53200,0.0,0.0
2020-10-08 00:00:00+09:00,2108.925071544217,2115.715538655905,2061.391801762402,2064.302001953125,97500,0.0,0.0
2020-10-09 00:00:00+09:00,2056.5411638820133,2061.3914968156973,2002.2174350247524,2057.51123046875,98800,0.0,0.0
2020-10-12 00:00:00+09:00,2079.8230614107397,2079.8230614107397,2036.1700587225478,2059.45166015625,35300,0.0,0.0
2020-10-13 00:00:00+09:00,2040.0499210535922,2075.9423828125,2001.247259692611,2075.9423828125,162800,0.0,0.0
2020-10-14 00:00:00+09:00,2041.9902431691876,2041.9902431691876,2008.0379113350207,2033.2596435546875,138100,0.0,0.0
2020-10-15 00:00:00+09:00,2037.139847852803,2054.6010465486843,1981.8460519825126,1985.726318359375,152200,0.0,0.0
2020-10-16 00:00:00+09:00,1951.774048097672,1956.6243812191872,1892.599984015188,1924.6121826171875,155300,0.0,0.0
2020-10-19 00:00:00+09:00,1924.6122861513486,1952.7442197694884,1877.0790190034575,1942.073486328125,170000,0.0,0.0
2020-10-20 00:00:00+09:00,1923.6421158707537,1958.5645143434451,1912.0013163798565,1938.193115234375,100400,0.0,0.0
2020-10-21 00:00:00+09:00,1922.672083689067,1950.8040162960212,1916.8516838393525,1944.0135498046875,129300,0.0,0.0
2020-10-22 00:00:00+09:00,1930.4326530394517,1948.8639195760093,1904.2408532243435,1909.0911865234375,121100,0.0,0.0
2020-10-23 00:00:00+09:00,1902.3006066486585,1902.3006066486585,1850.8870767392352,1886.779541015625,119500,0.0,0.0
2020-10-26 00:00:00+09:00,1893.570024776215,1918.7917566636029,1869.3183594998802,1896.480224609375,76000,0.0,0.0
2020-10-27 00:00:00+09:00,1877.078978372847,1906.1809780375422,1847.0069120526618,1904.2408447265625,92000,0.0,0.0
2020-10-28 00:00:00+09:00,1881.9292253178514,1894.540091260703,1848.9469605442398,1869.318359375,78700,0.0,0.0
2020-10-29 00:00:00+09:00,1852.8273554426548,1893.5701559288284,1822.755288417146,1887.749755859375,86100,0.0,0.0
2020-10-30 00:00:00+09:00,1882.899456315069,1885.8096564021093,1784.9227200513792,1793.6533203125,107400,0.0,0.0
2020-11-02 00:00:00+09:00,1807.234104701451,1813.0545043945312,1767.461373465402,1779.1021728515625,65200,0.0,0.0
2020-11-04 00:00:00+09:00,1817.9048727255679,1817.9048727255679,1770.3716076436294,1798.5035400390625,75900,0.0,0.0
2020-11-05 00:00:00+09:00,1804.3240414268091,1848.9471091180098,1777.1621741365132,1843.126708984375,88600,0.0,0.0
2020-11-06 00:00:00+09:00,1874.1686837692891,1891.6298826863942,1846.0367521806197,1878.0489501953125,122900,0.0,0.0
2020-11-09 00:00:00+09:00,1867.3782524021194,1874.1687187744906,1814.9946546723975,1856.70751953125,144900,0.0,0.0
2020-11-10 00:00:00+09:00,1872.2285417964706,1902.3006064574502,1850.8870765531947,1873.1986083984375,108500,0.0,0.0
2020-11-11 00:00:00+09:00,1886.7795936858797,1895.5101933481792,1848.9469951492476,1861.557861328125,72400,0.0,0.0
2020-11-12 00:00:00+09:00,1874.1687364508343,1874.1687364508343,1820.8150715932795,1852.8272705078125,103800,0.0,0.0
2020-11-13 00:00:00+09:00,1878.04890625,1953.714099786932,1833.4258433948864,1867.378173828125,158100,0.0,0.0
2020-11-16 00:00:00+09:00,1899.3903457141314,1899.3903457141314,1859.6176163094942,1893.5699462890625,100700,0.0,0.0
2020-11-17 00:00:00+09:00,1891.6298477737992,1894.540047539605,1850.8870510525173,1885.8094482421875,129800,0.0,0.0
2020-11-18 00:00:00+09:00,1862.5279368455497,1863.4980034793234,1830.515737931017,1852.8272705078125,95000,0.0,0.0
2020-11-19 00:00:00+09:00,1835.3661426409265,1835.3661426409265,1797.5335424490681,1810.1444091796875,106600,0.0,0.0
2020-11-20 00:00:00+09:00,1785.8926816939297,1830.5157470703125,1757.7607491740362,1830.5157470703125,67000,0.0,0.0
2020-11-24 00:00:00+09:00,1852.827209757129,1884.8394076220427,1837.3061441256555,1873.1986083984375,103900,0.0,0.0
2020-11-25 00:00:00+09:00,1901.330583756345,1935.282915609137,1901.330583756345,1911.03125,96300,0.0,0.0
2020-11-26 00:00:00+09:00,1901.3305319161516,1925.5821968640619,1896.4801989265698,1922.6719970703125,60900,0.0,0.0
2020-11-27 00:00:00+09:00,1923.642064154326,1966.3249944734337,1922.6719975561646,1949.8338623046875,109900,0.0,0.0
2020-11-30 00:00:00+09:00,1949.8339061009065,1953.7141725807094,1906.180908203125,1906.180908203125,77200,0.0,0.0
2020-12-01 00:00:00+09:00,1901.3304271814536,1912.0011591707373,1879.9889632028862,1905.210693359375,89900,0.0,0.0
2020-12-02 00:00:00+09:00,1923.642123585327,2023.5589862829008,1923.642123585327,2010.9481201171875,167900,0.0,0.0
2020-12-03 00:00:00+09:00,1990.576576543283,2060.4213687026963,1990.576576543283,2050.720703125,104200,0.0,0.0
2020-12-04 00:00:00+09:00,2061.391602144619,2065.271868689832,2011.918203693148,2034.229736328125,83400,0.0,0.0
2020-12-07 00:00:00+09:00,2046.840479242304,2079.822742888862,2020.648681640625,2020.648681640625,99300,0.0,0.0
2020-12-08 00:00:00+09:00,1988.6364845719065,2035.1996803082243,1967.2950198594276,2020.648681640625,37200,0.0,0.0
2020-12-09 00:00:00+09:00,1994.4569702446315,2018.7086357388512,1980.8760375678685,1987.66650390625,51700,0.0,0.0
2020-12-10 00:00:00+09:00,1978.9358777884977,1978.9358777884977,1932.3726806640625,1932.3726806640625,57800,0.0,0.0
2020-12-11 00:00:00+09:00,1940.133204881934,1961.4746701356353,1918.7917396282328,1941.103271484375,86300,0.0,0.0
2020-12-14 00:00:00+09:00,1959.5345462536372,2027.439208747575,1958.5644796465808,2000.27734375,108100,0.0,0.0
2020-12-15 00:00:00+09:00,2000.2773438676013,2013.8582763671875,1980.8760117253355,2013.8582763671875,45700,0.0,0.0
2020-12-16 00:00:00+09:00,2001.2474366434083,2001.2474366434083,1969.235238190072,1974.0855712890625,51000,0.0,0.0
2020-12-17 00:00:00+09:00,1959.534589902668,1960.5046565313326,1915.881591612757,1929.4625244140625,70600,0.0,0.0
2020-12-18 00:00:00+09:00,1896.480224609375,1913.941423608336,1850.8870938898658,1896.480224609375,106200,0.0,0.0
2020-12-21 00:00:00+09:00,1914.9115420747482,1939.1632080078125,1906.1809423388452,1939.1632080078125,62600,0.0,0.0
2020-12-22 00:00:00+09:00,1915.8815025597078,1923.642035228304,1847.0067751259157,1853.7972412109375,92400,0.0,0.0
2020-12-23 00:00:00+09:00,1867.3782348632812,1878.0489676339287,1844.09663609096,1874.168701171875,68200,0.0,0.0
2020-12-24 00:00:00+09:00,1874.1687615507392,1918.7918273019473,1874.1687615507392,1894.5401611328125,52400,0.0,0.0
2020-12-25 00:00:00+09:00,1883.8692293808076,1905.210693359375,1883.8692293808076,1905.210693359375,32200,0.0,0.0
2020-12-28 00:00:00+09:00,1894.540091324442,1899.3904243795482,1862.5278931607418,1882.8992919921875,81700,0.0,0.0
2020-12-29 00:00:00+09:00,1882.89933934705,1941.7093135067705,1882.89933934705,1932.8878173828125,63100,20.0,0.0
2020-12-30 00:00:00+09:00,1932.8877432267957,1963.2728953769126,1913.2844192589782,1937.78857421875,52900,0.0,0.0
2021-01-04 00:00:00+09:00,1968.1737582268602,1968.1737582268602,1883.8794638008094,1903.4827880859375,56400,0.0,0.0
2021-01-05 00:00:00+09:00,1905.4430588942307,1951.5108694744924,1880.9389043302617,1949.550537109375,51100,0.0,0.0
2021-01-06 00:00:00+09:00,1936.8084396867048,1952.4910991173663,1917.2051153983778,1926.026611328125,34100,0.0,0.0
2021-01-07 00:00:00+09:00,1926.026611328125,1949.5506004741173,1923.0861126848758,1926.026611328125,50000,0.0,0.0
2021-01-08 00:00:00+09:00,1930.9273848128068,1972.0943645905418,1930.9273848128068,1947.5902099609375,93600,0.0,0.0
2021-01-12 00:00:00+09:00,1955.4315664672852,1974.054724243164,1945.6299044799805,1960.3323974609375,49500,0.0,0.0
2021-01-13 00:00:00+09:00,1970.1340918977,2001.4994107736834,1965.2332608233276,1993.6580810546875,105300,0.0,0.0
2021-01-14 00:00:00+09:00,1983.8564506862808,1991.6977805308904,1945.6299676938079,1959.352294921875,97000,0.0,0.0
2021-01-15 00:00:00+09:00,1970.1341018015362,1970.1341018015362,1913.2844610530342,1922.10595703125,64300,0.0,0.0
2021-01-18 00:00:00+09:00,1923.0862291779201,1942.6895546537398,1903.4829037021004,1927.987060546875,51200,0.0,0.0
2021-01-19 00:00:00+09:00,1938.7688831497867,1955.431709749153,1925.0465553620734,1952.4912109375,70600,0.0,0.0
2021-01-20 00:00:00+09:00,1959.35227915145,1993.6580969454974,1959.35227915145,1987.777099609375,93100,0.0,0.0
2021-01-21 00:00:00+09:00,2009.3408100948964,2031.8846338179123,1988.757318869534,1990.7176513671875,65500,0.0,0.0
2021-01-22 00:00:00+09:00,1992.6779360380483,2018.1622578958886,1977.975442658525,1985.8167724609375,74600,0.0,0.0
2021-01-25 00:00:00+09:00,2077.9523169924514,2209.2945860853706,2074.031652243409,2174.98876953125,334900,0.0,0.0
2021-01-26 00:00:00+09:00,2196.552338767538,2255.362307676977,2134.8018714126274,2161.266357421875,173100,0.0,0.0
2021-01-27 00:00:00+09:00,2185.770587106036,2194.592082749065,2156.3656016292734,2178.909423828125,91400,0.0,0.0
2021-01-28 00:00:00+09:00,2129.9011557907015,2175.9689672597133,2083.8333443216893,2163.226806640625,99000,0.0,0.0
2021-01-29 00:00:00+09:00,2175.9689979716477,2185.770660124673,2061.28955078125,2061.28955078125,76000,0.0,0.0
2021-02-01 00:00:00+09:00,2057.3689124065895,2095.5953952955165,2012.2812659222147,2074.03173828125,44100,0.0,0.0
2021-02-02 00:00:00+09:00,2102.4564453567687,2166.167246731216,2102.4564453567687,2162.24658203125,73900,0.0,0.0
2021-02-03 00:00:00+09:00,2166.1673006447413,2193.6119542275705,2144.6036442582326,2187.73095703125,99000,0.0,0.0
2021-02-04 00:00:00+09:00,2204.39393254511,2215.1757614726316,2166.167448165715,2177.929443359375,77200,0.0,0.0
2021-02-05 00:00:00+09:00,2195.572169282511,2199.492833870516,2169.1076833134807,2185.7705078125,46000,0.0,0.0
2021-02-08 00:00:00+09:00,2184.79049564142,2206.3541523951712,2173.028501048465,2196.552490234375,56400,0.0,0.0
2021-02-09 00:00:00+09:00,2205.3739533037633,2205.3739533037633,2144.6036488127265,2163.226806640625,95000,0.0,0.0
2021-02-10 00:00:00+09:00,2233.798796475168,2348.478243244626,2207.3343087591393,2245.560791015625,407100,0.0,0.0
2021-02-12 00:00:00+09:00,2231.838249206543,2231.838249206543,2146.5637969970703,2164.206787109375,152000,0.0,0.0
2021-02-15 00:00:00+09:00,2167.1475669850515,2218.1162117083545,2167.1475669850515,2173.028564453125,95100,0.0,0.0
2021-02-16 00:00:00+09:00,2171.0680965154143,2178.9094259836415,2100.496131301369,2109.317626953125,88600,0.0,0.0
2021-02-17 00:00:00+09:00,2100.4961894558464,2127.9408433544763,2043.6465492372563,2110.2978515625,133200,0.0,0.0
2021-02-18 00:00:00+09:00,2027.9640355362571,2063.250021654819,1993.658215698766,2055.40869140625,200800,0.0,0.0
2021-02-19 00:00:00+09:00,2025.0234483959277,2064.2300979292468,1980.915967670944,1998.5589599609375,99600,0.0,0.0
2021-02-22 00:00:00+09:00,2018.162263289742,2026.9837593410327,1967.1936194378397,1983.8564453125,125600,0.0,0.0
2021-02-24 00:00:00+09:00,1984.8366061123934,1998.558933265763,1940.7291259765625,1940.7291259765625,82800,0.0,0.0
2021-02-25 00:00:00+09:00,1966.2134745780152,2002.479625405227,1946.6101498065495,1953.4713134765625,77600,0.0,0.0
2021-02-26 00:00:00+09:00,1949.550600784885,1987.7770831532162,1932.887775137151,1948.5704345703125,122900,0.0,0.0
2021-03-01 00:00:00+09:00,1977.9753543594509,2023.0629987105583,1974.0546896332676,2019.142333984375,98100,0.0,0.0
2021-03-02 00:00:00+09:00,2056.3887786420373,2058.3491111288263,1986.7969753610148,2017.18212890625,97900,0.0,0.0
2021-03-03 00:00:00+09:00,2017.1820016212835,2022.0828325290124,1978.9555205409968,2019.142333984375,50400,0.0,0.0
2021-03-04 00:00:00+09:00,1976.9952658968018,1997.5787565184344,1950.530777954703,1989.7374267578125,53600,0.0,0.0
2021-03-05 00:00:00+09:00,1958.3720703125,1977.975394339652,1885.839771412037,1958.3720703125,108300,0.0,0.0
2021-03-08 00:00:00+09:00,1979.9358231137949,1979.9358231137949,1944.6498381474103,1968.173828125,60300,0.0,0.0
2021-03-09 00:00:00+09:00,1957.3919993852714,1994.6383168497885,1944.6498381474103,1968.173828125,107800,0.0,0.0
2021-03-10 00:00:00+09:00,1972.0944612719861,1988.7572872370079,1943.6696405081254,1957.3919677734375,40600,0.0,0.0
2021-03-11 00:00:00+09:00,1974.0548309904273,1975.0349972421602,1938.7688459280362,1966.2135009765625,43200,0.0,0.0
2021-03-12 00:00:00+09:00,1999.5390513862258,1999.5390513862258,1967.1935667314488,1980.9158935546875,70800,0.0,0.0
2021-03-15 00:00:00+09:00,1994.6382738196332,1994.6382738196332,1961.3126220703125,1983.8564453125,54700,0.0,0.0
2021-03-16 00:00:00+09:00,1977.975353302766,2002.4795078283205,1977.975353302766,1996.5985107421875,30600,0.0,0.0
2021-03-17 00:00:00+09:00,1975.0350481390662,2019.1425306037104,1975.0350481390662,2014.24169921875,37700,0.0,0.0
2021-03-18 00:00:00+09:00,2014.2415824403313,2020.122579761325,1994.6382580370189,2012.28125,41300,0.0,0.0
2021-03-19 00:00:00+09:00,1999.538994906371,2026.0034816036614,1995.6183302104762,2025.0233154296875,49500,0.0,0.0
2021-03-22 00:00:00+09:00,2020.1224742060122,2052.467957781363,2016.2018095302121,2028.9439697265625,71500,0.0,0.0
2021-03-23 00:00:00+09:00,2034.8250358592616,2094.6151741961667,2025.023373836818,2026.0035400390625,93300,0.0,0.0
2021-03-24 00:00:00+09:00,2015.2217428796976,2029.9242361400065,1956.4117698384612,1969.1539306640625,105000,0.0,0.0
2021-03-25 00:00:00+09:00,2009.3409472887115,2074.0319241282505,2008.360780972961,2073.0517578125,126300,0.0,0.0
2021-03-26 00:00:00+09:00,2087.754252548759,2108.3377451795213,2062.2699283392435,2073.0517578125,56700,0.0,0.0
2021-03-29 00:00:00+09:00,2105.3971236953994,2114.218620023732,2000.5193340141107,2027.9639892578125,58200,0.0,0.0
2021-03-30 00:00:00+09:00,2019.1424774705317,2033.844971238521,1976.0151624177631,2011.3011474609375,46300,0.0,0.0
2021-03-31 00:00:00+09:00,2011.301040475933,2011.301040475933,1970.1340601153145,1982.876220703125,61300,0.0,0.0
2021-04-01 00:00:00+09:00,2013.2615123075598,2024.0433412439684,1987.7771893669578,1999.5391845703125,37400,0.0,0.0
2021-04-02 00:00:00+09:00,2022.0830294346868,2030.9045259276156,2007.3805352798054,2014.24169921875,47500,0.0,0.0
2021-04-05 00:00:00+09:00,2042.6663347964736,2061.289492359397,2012.2811829832824,2060.309326171875,60500,0.0,0.0
2021-04-06 00:00:00+09:00,2054.4283592985566,2066.190353722022,1992.6778885753654,2003.459716796875,53000,0.0,0.0
2021-04-07 00:00:00+09:00,2021.1028153582317,2022.0829816120429,1990.7176614900916,2009.3408203125,66800,0.0,0.0
2021-04-08 00:00:00+09:00,2009.3407672384512,2023.063094429348,1994.6382738196332,2006.4002685546875,43300,0.0,0.0
2021-04-09 00:00:00+09:00,2000.5192234439085,2021.1027137390197,1984.8365641714427,2001.4993896484375,54000,0.0,0.0
2021-04-12 00:00:00+09:00,1999.5390187733208,2018.1621763011115,1970.134033203125,1970.134033203125,49200,0.0,0.0
2021-04-13 00:00:00+09:00,1989.737534719496,1989.737534719496,1939.7490547831933,1950.5308837890625,71900,0.0,0.0
2021-04-14 00:00:00+09:00,1950.5307935631795,1950.5307935631795,1906.4233133067255,1916.2249755859375,82100,0.0,0.0
2021-04-15 00:00:00+09:00,1916.2249329741242,1934.8480908904967,1899.5621074700014,1909.36376953125,42600,0.0,0.0
2021-04-16 00:00:00+09:00,1929.9472598598725,1929.9472598598725,1901.522439882251,1909.36376953125,34600,0.0,0.0
2021-04-19 00:00:00+09:00,1907.4034532542144,1929.9472761857903,1905.4431208253816,1926.026611328125,45600,0.0,0.0
2021-04-20 00:00:00+09:00,1925.0464447995785,1925.0464447995785,1891.7207935148606,1903.4827880859375,58700,0.0,0.0
2021-04-21 00:00:00+09:00,1891.7207821494655,1891.7207821494655,1838.7918068976153,1862.3157958984375,90100,0.0,0.0
2021-04-22 00:00:00+09:00,1864.2761392041755,1880.93896484375,1853.4943108491566,1880.93896484375,31800,0.0,0.0
2021-04-23 00:00:00+09:00,1862.3158864333807,1877.0183802736442,1844.6728938250644,1851.5340576171875,58800,0.0,0.0
2021-04-26 00:00:00+09:00,1873.0976136151482,1878.9786108321503,1845.6529599358053,1866.2364501953125,44100,0.0,0.0
2021-04-27 00:00:00+09:00,1859.3753504327003,1869.177012796605,1842.7125244140625,1842.7125244140625,58600,0.0,0.0
2021-04-28 00:00:00+09:00,1837.8116826995733,1837.8116826995733,1807.426529545607,1824.08935546875,112600,0.0,0.0
2021-04-30 00:00:00+09:00,1831.9306640625,1857.4149857669543,1820.168669429675,1831.9306640625,97300,0.0,0.0
2021-05-06 00:00:00+09:00,1853.494394799677,1898.5820426900973,1842.7125659563153,1872.1175537109375,85000,0.0,0.0
2021-05-07 00:00:00+09:00,1900.5422311082198,1912.3042253182757,1893.6810678190204,1902.5025634765625,93000,0.0,0.0
2021-05-10 00:00:00+09:00,1927.9869650484334,1944.6497908775252,1913.2844716698232,1940.7291259765625,73000,0.0,0.0
2021-05-11 00:00:00+09:00,1945.629946854314,2004.4399200589785,1943.6696144141586,1989.7374267578125,216700,0.0,0.0
2021-05-12 00:00:00+09:00,2460.2172379378435,2468.0585677798763,2176.9491973944023,2229.878173828125,1158000,0.0,0.0
2021-05-13 00:00:00+09:00,2172.0484848755723,2270.0651132544335,2114.218674132044,2141.663330078125,614600,0.0,0.0
2021-05-14 00:00:00+09:00,2173.028347901485,2222.0366552515416,2122.0597082574272,2185.7705078125,275500,0.0,0.0
2021-05-17 00:00:00+09:00,2201.453398492751,2201.453398492751,2026.0036396636315,2078.9326171875,384800,0.0,0.0
2021-05-18 00:00:00+09:00,2176.9492449781783,2226.9377238137868,2125.000433639212,2189.69140625,305100,0.0,0.0
2021-05-19 00:00:00+09:00,2158.3258589764027,2215.1754955888605,2127.940708373193,2161.266357421875,149700,0.0,0.0
2021-05-20 00:00:00+09:00,2172.0483103785023,2302.410415649414,2172.0483103785023,2273.985595703125,290200,0.0,0.0
2021-05-21 00:00:00+09:00,2283.787267474876,2285.7475998933096,2215.1756328297083,2224.977294921875,200200,0.0,0.0
2021-05-24 00:00:00+09:00,2215.1755832089343,2215.1755832089343,2107.3573026102695,2174.98876953125,335200,0.0,0.0
2021-05-25 00:00:00+09:00,2181.849981716341,2242.6202866877757,2150.484663021407,2224.977294921875,206800,0.0,0.0
2021-05-26 00:00:00+09:00,2231.8384647785624,2292.608769924048,2196.5524811457,2290.6484375,261500,0.0,0.0
2021-05-27 00:00:00+09:00,2246.540957958922,2319.073257648695,2231.8384647785624,2290.6484375,474100,0.0,0.0
2021-05-28 00:00:00+09:00,2332.795664983165,2400.4271359427607,2318.093171296296,2328.875,240400,0.0,0.0
2021-05-31 00:00:00+09:00,2333.775809481899,2393.565949918017,2317.112983458719,2381.803955078125,182200,0.0,0.0
2021-06-01 00:00:00+09:00,2376.9029110891943,2391.6054033227356,2352.3987573666254,2370.041748046875,174400,0.0,0.0
2021-06-02 00:00:00+09:00,2365.141118301884,2433.752754555979,2340.6369624968497,2430.812255859375,179000,0.0,0.0
2021-06-03 00:00:00+09:00,2421.990696818684,2539.6106416257426,2418.070031991782,2454.336181640625,284300,0.0,0.0
2021-06-04 00:00:00+09:00,2503.3444159233336,2587.638707140799,2499.4237512155446,2551.37255859375,366100,0.0,0.0
2021-06-07 00:00:00+09:00,2588.618992077724,2626.845474732412,2568.0355014175075,2598.420654296875,243800,0.0,0.0
2021-06-08 00:00:00+09:00,2577.8371953006585,2619.0041771267524,2519.0272212633813,2586.65869140625,190900,0.0,0.0
2021-06-09 00:00:00+09:00,2572.936571160658,2577.8374027247733,2511.186093452802,2512.166259765625,188400,0.0,0.0
2021-06-10 00:00:00+09:00,2503.344514115977,2543.531328947126,2480.8006911619173,2491.58251953125,149200,0.0,0.0
2021-06-11 00:00:00+09:00,2489.622082197642,2489.622082197642,2416.109619140625,2416.109619140625,179900,0.0,0.0
2021-06-14 00:00:00+09:00,2448.4551900912747,2485.7015060334156,2429.832032120204,2474.919677734375,166500,0.0,0.0
2021-06-15 00:00:00+09:00,2481.7809797879863,2486.681811106683,2421.9908376998874,2469.038818359375,171000,0.0,0.0
2021-06-16 00:00:00+09:00,2469.038878002543,2541.571183271375,2437.67355680521,2535.690185546875,121300,0.0,0.0
2021-06-17 00:00:00+09:00,2553.332903510456,2601.361046417179,2502.364262058424,2592.53955078125,197200,0.0,0.0
2021-06-18 00:00:00+09:00,2529.8088272082587,2538.6303225375395,2462.177363017104,2464.1376953125,237700,0.0,0.0
2021-06-21 00:00:00+09:00,2391.6054033227356,2415.129390896402,2352.3987573666254,2370.041748046875,188900,0.0,0.0
2021-06-22 00:00:00+09:00,2432.772437562334,2432.772437562334,2375.9227996176865,2395.526123046875,123800,0.0,0.0
2021-06-23 00:00:00+09:00,2390.625366805919,2430.812181090069,2381.8038709874468,2413.169189453125,59700,0.0,0.0
2021-06-24 00:00:00+09:00,2399.446909851301,2400.4270760726454,2363.180759661555,2372.982421875,100800,0.0,0.0
2021-06-25 00:00:00+09:00,2372.0022193157547,2417.0898648068805,2357.2997262208223,2409.24853515625,91800,0.0,0.0
2021-06-28 00:00:00+09:00,2412.189176702133,2433.752834519056,2398.466849000455,2423.951171875,60200,0.0,0.0
2021-06-29 00:00:00+09:00,2465.201372861959,2474.0407403343725,2410.20086414472,2417.075927734375,120500,5.0,0.0
2021-06-30 00:00:00+09:00,2418.058272465306,2435.737008819642,2391.540167933802,2415.11181640625,61900,0.0,0.0
2021-07-01 00:00:00+09:00,2424.9331467938737,2464.219224506209,2406.272259880515,2454.397705078125,108200,0.0,0.0
2021-07-02 00:00:00+09:00,2456.3620469236125,2487.7909095791724,2435.7368558059015,2446.54052734375,85100,0.0,0.0
2021-07-05 00:00:00+09:00,2446.5405228300574,2446.5405228300574,2385.647101547254,2390.557861328125,85500,0.0,0.0
2021-07-06 00:00:00+09:00,2384.6650374280857,2388.5936453974896,2342.4325017569954,2347.34326171875,87900,0.0,0.0
2021-07-07 00:00:00+09:00,2314.9321187721107,2359.12895599941,2299.21768775796,2342.432373046875,109400,0.0,0.0
2021-07-08 00:00:00+09:00,2336.5395631428005,2356.1826027656907,2321.8072834256327,2327.7001953125,96800,0.0,0.0
2021-07-09 00:00:00+09:00,2283.503330886087,2334.575233340314,2259.9316835995214,2326.718017578125,118000,0.0,0.0
2021-07-12 00:00:00+09:00,2362.075632082536,2382.700824711947,2332.6110711833776,2341.450439453125,87100,0.0,0.0
2021-07-13 00:00:00+09:00,2358.1468196385345,2381.718466315471,2353.2360599141725,2370.914794921875,82500,0.0,0.0
2021-07-14 00:00:00+09:00,2365.0219756275355,2428.861854537747,2358.1469117448974,2421.004638671875,107500,0.0,0.0
2021-07-15 00:00:00+09:00,2421.0045778798867,2477.9693914770605,2414.129514169883,2465.201416015625,160600,0.0,0.0
2021-07-16 00:00:00+09:00,2445.5585301867604,2507.434107456546,2428.86194584412,2489.75537109375,125500,0.0,0.0
2021-07-19 00:00:00+09:00,2487.79104086419,2523.1485132175694,2435.7369843439365,2470.1123046875,140300,0.0,0.0
2021-07-20 00:00:00+09:00,2437.701234898272,2495.6482022064906,2406.2723712734755,2412.165283203125,114700,0.0,0.0
2021-07-21 00:00:00+09:00,2445.5585161947934,2460.2907964128344,2416.0939557587117,2423.951171875,66200,0.0,0.0
2021-07-26 00:00:00+09:00,2470.1122802925706,2513.3269682976893,2443.59417628943,2506.451904296875,98800,0.0,0.0
2021-07-27 00:00:00+09:00,2514.308970418748,2585.023910211775,2513.3268184771778,2556.54150390625,152000,0.0,0.0
2021-07-28 00:00:00+09:00,2534.934152022123,2536.8984558981574,2445.5583256625673,2463.237060546875,129600,0.0,0.0
2021-07-29 00:00:00+09:00,2464.219431003347,2466.183735053569,2399.3973973460247,2462.255126953125,85100,0.0,0.0
2021-07-30 00:00:00+09:00,2455.379853448166,2459.3084612136836,2400.379344730927,2417.075927734375,102100,0.0,0.0
2021-08-02 00:00:00+09:00,2444.576403309061,2475.0231162470204,2422.9690586434126,2472.07666015625,65200,0.0,0.0
2021-08-03 00:00:00+09:00,2472.076647589483,2519.219944802155,2468.148039488427,2499.576904296875,74200,0.0,0.0
2021-08-04 00:00:00+09:00,2485.8266331267423,2496.6303047839506,2463.2371378434887,2466.18359375,56200,0.0,0.0
2021-08-05 00:00:00+09:00,2435.736981335902,2435.736981335902,2329.6645644067576,2358.14697265625,188900,0.0,0.0
2021-08-06 00:00:00+09:00,2333.593146972656,2367.9684668986,2309.0393470255535,2357.164794921875,115900,0.0,0.0
2021-08-10 00:00:00+09:00,2355.200543493682,2434.7548570979307,2330.6467429985437,2433.772705078125,195600,0.0,0.0
2021-08-11 00:00:00+09:00,2298.2355600421347,2337.521637991573,2174.4844145014044,2185.2880859375,525700,0.0,0.0
2021-08-12 00:00:00+09:00,2195.109732953075,2219.663533097964,2133.2341565879547,2134.21630859375,262300,0.0,0.0
2021-08-13 00:00:00+09:00,2126.3589623807584,2134.216177946138,2094.9301001192416,2110.64453125,163600,0.0,0.0
2021-08-16 00:00:00+09:00,2090.019485105774,2091.983789133129,2021.2688441483472,2036.9832763671875,197900,0.0,0.0
2021-08-17 00:00:00+09:00,2048.769085665989,2050.733389679092,1967.2504691222323,1971.1790771484375,163500,0.0,0.0
2021-08-18 00:00:00+09:00,1981.9826928495308,2012.4294041866642,1938.7680057903735,2001.625732421875,131900,0.0,0.0
2021-08-19 00:00:00+09:00,2006.5364763269474,2006.5364763269474,1953.5002699042086,1954.482421875,106100,0.0,0.0
2021-08-20 00:00:00+09:00,1982.964912615014,1988.857824688164,1906.3570556640625,1906.3570556640625,144700,0.0,0.0
2021-08-23 00:00:00+09:00,1940.7322740308543,1951.5359455968155,1916.178475017306,1939.7501220703125,110700,0.0,0.0
2021-08-24 00:00:00+09:00,1974.1254435281994,1989.8398749194687,1966.268227832565,1977.0718994140625,94200,0.0,0.0
2021-08-25 00:00:00+09:00,1967.2504030914924,1974.1254669065902,1932.8750840160046,1940.7322998046875,125100,0.0,0.0
2021-08-26 00:00:00+09:00,1936.8037552584135,1936.8037552584135,1913.2321071213942,1915.1964111328125,158800,0.0,0.0
2021-08-27 00:00:00+09:00,1912.249923636096,1938.7680273536998,1901.4462517511463,1927.96435546875,103300,0.0,0.0
2021-08-30 00:00:00+09:00,1979.036222375288,1997.6971098319282,1961.3574868900496,1973.143310546875,111600,0.0,0.0
2021-08-31 00:00:00+09:00,1949.5717258809254,1958.4110939075895,1924.0357738038956,1947.607421875,239500,0.0,0.0
2021-09-01 00:00:00+09:00,1947.6074224847418,1966.268310546875,1923.0536224029877,1966.268310546875,268600,0.0,0.0
2021-09-02 00:00:00+09:00,1979.0362142952022,1983.946974132163,1941.7144395343003,1949.5716552734375,240300,0.0,0.0
2021-09-03 00:00:00+09:00,1969.2147283601523,1988.8577680445428,1937.7858648651275,1974.12548828125,223000,0.0,0.0
2021-09-06 00:00:00+09:00,2023.2331549950845,2065.4656917255643,2015.3759388591814,2060.554931640625,273200,0.0,0.0
2021-09-07 00:00:00+09:00,2073.322886959906,2076.269342981166,1991.8042703717147,2008.5008544921875,485500,0.0,0.0
2021-09-08 00:00:00+09:00,2015.37581656743,2036.983159630044,2007.518600908298,2023.2330322265625,139900,0.0,0.0
2021-09-09 00:00:00+09:00,2013.4115561652816,2035.0188996948602,1989.8399086784684,2001.625732421875,133300,0.0,0.0
2021-09-10 00:00:00+09:00,2011.447260932244,2043.8582763671875,2003.5900450692275,2043.8582763671875,143600,0.0,0.0
2021-09-13 00:00:00+09:00,2073.3227946153593,2111.626721185705,2055.6440592752,2102.787353515625,204900,0.0,0.0
2021-09-14 00:00:00+09:00,2170.5558444424473,2185.2881239296134,2145.01989333136,2177.430908203125,309800,0.0,0.0
2021-09-15 00:00:00+09:00,2168.591681034483,2168.591681034483,2111.6268633261493,2136.1806640625,199900,0.0,0.0
2021-09-16 00:00:00+09:00,2136.180557929466,2142.0734698134092,2035.0189039217714,2076.269287109375,243500,0.0,0.0
2021-09-17 00:00:00+09:00,2072.3406156533624,2089.037198812655,2052.69757664243,2083.144287109375,116300,0.0,0.0
2021-09-21 00:00:00+09:00,2008.5007784425604,2041.8939454191116,1964.3039397971252,2024.2152099609375,183500,0.0,0.0
2021-09-22 00:00:00+09:00,2024.2152539637232,2036.0010778587084,1995.7328462175087,2002.60791015625,109500,0.0,0.0
2021-09-24 00:00:00+09:00,2042.8760690400095,2080.1978433782406,2038.9474612149327,2074.304931640625,108600,0.0,0.0
2021-09-27 00:00:00+09:00,2091.983782888829,2104.751759028526,2043.8583343622786,2050.7333984375,113900,0.0,0.0
2021-09-28 00:00:00+09:00,2061.537045383725,2071.3585653712607,2028.1438774261042,2068.412109375,81600,0.0,0.0
2021-09-29 00:00:00+09:00,2019.3044701725073,2047.786877582528,2004.572190477669,2038.947509765625,126100,0.0,0.0
2021-09-30 00:00:00+09:00,2042.8761155237978,2054.661939267204,1999.6614284646405,2001.625732421875,97600,0.0,0.0
2021-10-01 00:00:00+09:00,1976.0897720375158,1993.7685075726426,1947.607364786478,1959.3931884765625,169900,0.0,0.0
2021-10-04 00:00:00+09:00,1992.7863936385488,1996.7150016102366,1914.2142342047964,1932.8751220703125,143200,0.0,0.0
2021-10-05 00:00:00+09:00,1888.67822265625,1906.356957969725,1847.4278402581417,1888.67822265625,173000,0.0,0.0
2021-10-06 00:00:00+09:00,1927.9642941790155,1945.6430294287466,1864.1244168883195,1883.7674560546875,118000,0.0,0.0
2021-10-07 00:00:00+09:00,1899.4819451219012,1911.2677689799482,1869.0352334886131,1871.981689453125,113600,0.0,0.0
2021-10-08 00:00:00+09:00,1911.2677906108427,1933.857286594424,1906.3570306144118,1924.0357666015625,84700,0.0,0.0
2021-10-11 00:00:00+09:00,1929.9286092122397,1950.5538004557293,1918.1427856445314,1944.660888671875,94900,0.0,0.0
2021-10-12 00:00:00+09:00,1939.7501612237813,1959.3932008311108,1934.839401321949,1950.5538330078125,73900,0.0,0.0
2021-10-13 00:00:00+09:00,1929.9286257150372,1933.8572336045333,1895.5533066819448,1903.4105224609375,114100,0.0,0.0
2021-10-14 00:00:00+09:00,1903.4105482096522,1914.2142200519154,1886.7139644534273,1904.3927001953125,62800,0.0,0.0
2021-10-15 00:00:00+09:00,1925.017927000866,1987.8756552294656,1923.0536229937222,1984.92919921875,145800,0.0,0.0
2021-10-18 00:00:00+09:00,2002.60791015625,2003.5900621474989,1967.2504384712943,2002.60791015625,91200,0.0,0.0
2021-10-19 00:00:00+09:00,2002.607846436263,2020.2865817162299,1988.8577189962884,2009.48291015625,79100,0.0,0.0
2021-10-20 00:00:00+09:00,2019.3044680369849,2031.0902917803912,1999.6614284646405,2001.625732421875,65500,0.0,0.0
2021-10-21 00:00:00+09:00,1983.9470399446825,1984.9291919446553,1949.571719945641,1961.3575439453125,77700,0.0,0.0
2021-10-22 00:00:00+09:00,1944.6609915456463,1970.1969439598822,1935.821623402257,1948.589599609375,98400,0.0,0.0
2021-10-25 00:00:00+09:00,1940.732287566908,1959.393174947359,1926.0000080560255,1949.5716552734375,40100,0.0,0.0
2021-10-26 00:00:00+09:00,1971.1789943971057,1985.9112738769047,1962.3396267092264,1981.982666015625,39600,0.0,0.0
2021-10-27 00:00:00+09:00,1981.9826850474415,2002.6078765172117,1959.3931896281692,1978.0540771484375,77600,0.0,0.0
2021-10-28 00:00:00+09:00,1978.054123438644,2018.322355345786,1967.2504514635568,2012.429443359375,92200,0.0,0.0
2021-10-29 00:00:00+09:00,2037.965421350991,2043.8583334127286,2008.500861042302,2013.41162109375,138700,0.0,0.0
2021-11-01 00:00:00+09:00,2035.0189333835738,2043.85830133746,2002.6079175526577,2026.1795654296875,145200,0.0,0.0
2021-11-02 00:00:00+09:00,2021.2687674706135,2064.483454433056,2021.2687674706135,2034.0367431640625,121400,0.0,0.0
2021-11-04 00:00:00+09:00,2052.69775390625,2090.01953125,2049.7512978001646,2090.01953125,220400,0.0,0.0
2021-11-05 00:00:00+09:00,2093.9480323791504,2093.9480323791504,1998.67928981781,2011.447265625,210100,0.0,0.0
2021-11-08 00:00:00+09:00,2060.554829847965,2082.162173154283,2024.215207014612,2075.287109375,347700,0.0,0.0
2021-11-09 00:00:00+09:00,2190.198935136832,2204.931214969591,2018.3223370879775,2035.0189208984375,953600,0.0,0.0
2021-11-10 00:00:00+09:00,2042.8761613175677,2064.4835053315032,1990.822105283995,1998.6793212890625,310500,0.0,0.0
2021-11-11 00:00:00+09:00,2006.5364200161703,2055.6440171776035,1977.0718617193102,2054.661865234375,183200,0.0,0.0
2021-11-12 00:00:00+09:00,2054.6619059628297,2090.019376619934,2026.1794990446072,2084.12646484375,289900,0.0,0.0
2021-11-15 00:00:00+09:00,2182.3416839128035,2260.913841749448,2155.8235806429357,2224.57421875,944000,0.0,0.0
2021-11-16 00:00:00+09:00,2273.6817401650183,2303.146298352902,2219.6633834872314,2240.28857421875,541600,0.0,0.0
2021-11-17 00:00:00+09:00,2200.0205333033305,2210.824205565088,2146.9843240183395,2182.341796875,442000,0.0,0.0
2021-11-18 00:00:00+09:00,2163.680790408086,2165.6450943485384,2096.8944564327116,2131.269775390625,284100,0.0,0.0
2021-11-19 00:00:00+09:00,2154.841448713151,2171.53803240874,2107.6981535726622,2132.251953125,210100,0.0,0.0
2021-11-22 00:00:00+09:00,2141.0913097039847,2163.6808051733387,2091.0015588806345,2159.752197265625,304400,0.0,0.0
2021-11-24 00:00:00+09:00,2169.573621469281,2169.573621469281,2092.9657706432945,2109.662353515625,225900,0.0,0.0
2021-11-25 00:00:00+09:00,2109.662571957237,2112.6090280633225,2067.430034436678,2071.358642578125,156600,0.0,0.0
2021-11-26 00:00:00+09:00,2060.554803533205,2060.554803533205,1959.3931520728047,1985.9112548828125,296000,0.0,0.0
2021-11-29 00:00:00+09:00,1918.142822265625,1969.2147253674236,1914.2142143347173,1918.142822265625,304000,0.0,0.0
2021-11-30 00:00:00+09:00,1925.017917908344,1979.0362778496497,1901.446269933956,1905.3748779296875,306000,0.0,0.0
2021-12-01 00:00:00+09:00,1905.3748910757213,1927.9643872070312,1867.0709628530649,1915.1964111328125,193600,0.0,0.0
2021-12-02 00:00:00+09:00,1878.85680460892,1891.624780803335,1847.42794013036,1855.28515625,248400,0.0,0.0
2021-12-03 00:00:00+09:00,1878.8568053787462,1892.60693359375,1834.6599646876623,1892.60693359375,178000,0.0,0.0
2021-12-06 00:00:00+09:00,1903.4105930801265,1933.857305353338,1885.7318569214876,1901.4462890625,168400,0.0,0.0
2021-12-07 00:00:00+09:00,1940.732308692422,1983.9469957280833,1926.000029021174,1982.96484375,179700,0.0,0.0
2021-12-08 00:00:00+09:00,2022.2509820454213,2027.1617420795287,1988.857813813491,1989.8399658203125,193400,0.0,0.0
2021-12-09 00:00:00+09:00,1992.7863254029585,2004.5721489144596,1967.250374461373,1990.822021484375,124200,0.0,0.0
2021-12-10 00:00:00+09:00,1989.8399384819688,2001.6257624019015,1941.7144908089103,1951.5360107421875,119800,0.0,0.0
2021-12-13 00:00:00+09:00,1989.839958625359,1995.73287064498,1954.482486507633,1966.268310546875,103500,0.0,0.0
2021-12-14 00:00:00+09:00,1951.5360049467454,1967.2504367933223,1930.9108131481134,1965.2861328125,117600,0.0,0.0
2021-12-15 00:00:00+09:00,1959.3931762329833,1984.9291274019345,1945.643048680471,1968.2325439453125,97400,0.0,0.0
2021-12-16 00:00:00+09:00,1988.8577161082233,1990.8220200253672,1962.3396132267803,1972.1611328125,103000,0.0,0.0
2021-12-17 00:00:00+09:00,1972.1611891241464,1972.1611891241464,1930.9108056862908,1941.7144775390625,206300,0.0,0.0
2021-12-20 00:00:00+09:00,1911.2677288609004,1926.0000083742168,1861.177978515625,1861.177978515625,218100,0.0,0.0
2021-12-21 00:00:00+09:00,1865.106664736409,1901.4462890625,1848.4100805865833,1901.4462890625,147500,0.0,0.0
2021-12-22 00:00:00+09:00,1901.4462890625,1919.125025221139,1894.571225000807,1901.4462890625,113800,0.0,0.0
2021-12-23 00:00:00+09:00,1897.517623995364,1921.0892714984118,1889.6604081610146,1913.2320556640625,130600,0.0,0.0
2021-12-24 00:00:00+09:00,1916.1784937997447,1964.3039403380265,1916.1784937997447,1935.821533203125,134700,0.0,0.0
2021-12-27 00:00:00+09:00,1932.8751271802325,1939.7501911488614,1896.5355033460512,1900.464111328125,140100,0.0,0.0
2021-12-28 00:00:00+09:00,1939.7501274859765,1941.7144314125446,1909.3034166241714,1926.0,176100,0.0,0.0
2021-12-29 00:00:00+09:00,1937.0,1958.0,1919.0,1958.0,135600,35.0,0.0
2021-12-30 00:00:00+09:00,1949.0,1961.0,1920.0,1956.0,99900,0.0,0.0
2022-01-04 00:00:00+09:00,1968.0,2018.0,1960.0,2006.0,265300,0.0,0.0
2022-01-05 00:00:00+09:00,2009.0,2028.0,1987.0,2005.0,203100,0.0,0.0
2022-01-06 00:00:00+09:00,1973.0,1981.0,1942.0,1946.0,191600,0.0,0.0
2022-01-07 00:00:00+09:00,1971.0,1971.0,1914.0,1937.0,171800,0.0,0.0
2022-01-11 00:00:00+09:00,1920.0,1933.0,1905.0,1918.0,110400,0.0,0.0
2022-01-12 00:00:00+09:00,1933.0,1972.0,1927.0,1968.0,89900,0.0,0.0
2022-01-13 00:00:00+09:00,1970.0,1991.0,1964.0,1977.0,117200,0.0,0.0
2022-01-14 00:00:00+09:00,1974.0,1976.0,1910.0,1930.0,169000,0.0,0.0
2022-01-17 00:00:00+09:00,1930.0,1939.0,1912.0,1916.0,101900,0.0,0.0
2022-01-18 00:00:00+09:00,1920.0,1924.0,1880.0,1893.0,131800,0.0,0.0
2022-01-19 00:00:00+09:00,1841.0,1870.0,1770.0,1776.0,412200,0.0,0.0
2022-01-20 00:00:00+09:00,1750.0,1804.0,1741.0,1795.0,193200,0.0,0.0
2022-01-21 00:00:00+09:00,1760.0,1763.0,1726.0,1755.0,195800,0.0,0.0
2022-01-24 00:00:00+09:00,1740.0,1792.0,1726.0,1789.0,122500,0.0,0.0
2022-01-25 00:00:00+09:00,1781.0,1781.0,1702.0,1713.0,156600,0.0,0.0
2022-01-26 00:00:00+09:00,1701.0,1737.0,1697.0,1717.0,123500,0.0,0.0
2022-01-27 00:00:00+09:00,1738.0,1738.0,1628.0,1633.0,147200,0.0,0.0
2022-01-28 00:00:00+09:00,1655.0,1677.0,1629.0,1677.0,105400,0.0,0.0
2022-01-31 00:00:00+09:00,1650.0,1719.0,1650.0,1706.0,123000,0.0,0.0
2022-02-01 00:00:00+09:00,1740.0,1755.0,1694.0,1706.0,144400,0.0,0.0
2022-02-02 00:00:00+09:00,1708.0,1745.0,1708.0,1745.0,72700,0.0,0.0
2022-02-03 00:00:00+09:00,1745.0,1745.0,1711.0,1713.0,78500,0.0,0.0
2022-02-04 00:00:00+09:00,1700.0,1730.0,1690.0,1729.0,80300,0.0,0.0
2022-02-07 00:00:00+09:00,1731.0,1735.0,1706.0,1718.0,102100,0.0,0.0
2022-02-08 00:00:00+09:00,1721.0,1737.0,1700.0,1705.0,107700,0.0,0.0
2022-02-09 00:00:00+09:00,1717.0,1765.0,1710.0,1755.0,194800,0.0,0.0
2022-02-10 00:00:00+09:00,1555.0,1588.0,1515.0,1556.0,785300,0.0,0.0
2022-02-14 00:00:00+09:00,1545.0,1591.0,1525.0,1568.0,426100,0.0,0.0
2022-02-15 00:00:00+09:00,1589.0,1608.0,1538.0,1561.0,204900,0.0,0.0
2022-02-16 00:00:00+09:00,1590.0,1590.0,1552.0,1567.0,225700,0.0,0.0
2022-02-17 00:00:00+09:00,1555.0,1556.0,1511.0,1519.0,297900,0.0,0.0
2022-02-18 00:00:00+09:00,1499.0,1511.0,1479.0,1508.0,226700,0.0,0.0
2022-02-21 00:00:00+09:00,1476.0,1483.0,1459.0,1466.0,149900,0.0,0.0
2022-02-22 00:00:00+09:00,1440.0,1444.0,1410.0,1423.0,181900,0.0,0.0
2022-02-24 00:00:00+09:00,1438.0,1442.0,1388.0,1402.0,202700,0.0,0.0
2022-02-25 00:00:00+09:00,1432.0,1470.0,1420.0,1464.0,174600,0.0,0.0
2022-02-28 00:00:00+09:00,1494.0,1494.0,1448.0,1465.0,196900,0.0,0.0
2022-03-01 00:00:00+09:00,1471.0,1482.0,1459.0,1461.0,171500,0.0,0.0
2022-03-02 00:00:00+09:00,1441.0,1443.0,1398.0,1405.0,253800,0.0,0.0
2022-03-03 00:00:00+09:00,1435.0,1436.0,1392.0,1392.0,180800,0.0,0.0
2022-03-04 00:00:00+09:00,1386.0,1389.0,1354.0,1368.0,197100,0.0,0.0
2022-03-07 00:00:00+09:00,1339.0,1341.0,1272.0,1287.0,278300,0.0,0.0
2022-03-08 00:00:00+09:00,1257.0,1303.0,1239.0,1268.0,229100,0.0,0.0
2022-03-09 00:00:00+09:00,1288.0,1292.0,1260.0,1268.0,227500,0.0,0.0
2022-03-10 00:00:00+09:00,1317.0,1323.0,1303.0,1317.0,136300,0.0,0.0
2022-03-11 00:00:00+09:00,1290.0,1293.0,1240.0,1247.0,197300,0.0,0.0
2022-03-14 00:00:00+09:00,1270.0,1298.0,1267.0,1286.0,176500,0.0,0.0
2022-03-15 00:00:00+09:00,1283.0,1307.0,1273.0,1287.0,112900,0.0,0.0
2022-03-16 00:00:00+09:00,1317.0,1329.0,1310.0,1315.0,123200,0.0,0.0
2022-03-17 00:00:00+09:00,1365.0,1376.0,1346.0,1364.0,128700,0.0,0.0
2022-03-18 00:00:00+09:00,1370.0,1379.0,1361.0,1376.0,136400,0.0,0.0
2022-03-22 00:00:00+09:00,1379.0,1387.0,1364.0,1380.0,148200,0.0,0.0
2022-03-23 00:00:00+09:00,1400.0,1426.0,1395.0,1416.0,181100,0.0,0.0
2022-03-24 00:00:00+09:00,1396.0,1426.0,1386.0,1426.0,114300,0.0,0.0
2022-03-25 00:00:00+09:00,1442.0,1463.0,1428.0,1457.0,120600,0.0,0.0
2022-03-28 00:00:00+09:00,1470.0,1472.0,1437.0,1447.0,113600,0.0,0.0
2022-03-29 00:00:00+09:00,1454.0,1465.0,1442.0,1455.0,93000,0.0,0.0
2022-03-30 00:00:00+09:00,1469.0,1484.0,1456.0,1479.0,82200,0.0,0.0
2022-03-31 00:00:00+09:00,1462.0,1474.0,1454.0,1468.0,73000,0.0,0.0
2022-04-01 00:00:00+09:00,1450.0,1455.0,1426.0,1449.0,79500,0.0,0.0
2022-04-04 00:00:00+09:00,1456.0,1487.0,1449.0,1480.0,102400,0.0,0.0
2022-04-05 00:00:00+09:00,1500.0,1508.0,1486.0,1494.0,131600,0.0,0.0
2022-04-06 00:00:00+09:00,1486.0,1488.0,1456.0,1468.0,120200,0.0,0.0
2022-04-07 00:00:00+09:00,1439.0,1439.0,1397.0,1411.0,133300,0.0,0.0
2022-04-08 00:00:00+09:00,1420.0,1422.0,1375.0,1389.0,94900,0.0,0.0
2022-04-11 00:00:00+09:00,1403.0,1421.0,1392.0,1402.0,68800,0.0,0.0
2022-04-12 00:00:00+09:00,1374.0,1395.0,1365.0,1375.0,104800,0.0,0.0
2022-04-13 00:00:00+09:00,1375.0,1410.0,1375.0,1402.0,73600,0.0,0.0
2022-04-14 00:00:00+09:00,1420.0,1422.0,1398.0,1412.0,71800,0.0,0.0
2022-04-15 00:00:00+09:00,1400.0,1407.0,1386.0,1401.0,66700,0.0,0.0
2022-04-18 00:00:00+09:00,1380.0,1381.0,1358.0,1377.0,89700,0.0,0.0
2022-04-19 00:00:00+09:00,1379.0,1419.0,1375.0,1410.0,92900,0.0,0.0
2022-04-20 00:00:00+09:00,1419.0,1423.0,1404.0,1405.0,87000,0.0,0.0
2022-04-21 00:00:00+09:00,1408.0,1426.0,1401.0,1423.0,80100,0.0,0.0
2022-04-22 00:00:00+09:00,1410.0,1418.0,1398.0,1409.0,58500,0.0,0.0
2022-04-25 00:00:00+09:00,1374.0,1389.0,1366.0,1388.0,58200,0.0,0.0
2022-04-26 00:00:00+09:00,1392.0,1406.0,1383.0,1393.0,57600,0.0,0.0
2022-04-27 00:00:00+09:00,1355.0,1377.0,1343.0,1371.0,98700,0.0,0.0
2022-04-28 00:00:00+09:00,1378.0,1424.0,1378.0,1423.0,92000,0.0,0.0
2022-05-02 00:00:00+09:00,1410.0,1415.0,1391.0,1402.0,65500,0.0,0.0
2022-05-06 00:00:00+09:00,1408.0,1433.0,1392.0,1429.0,41000,0.0,0.0
2022-05-09 00:00:00+09:00,1427.0,1443.0,1420.0,1424.0,73100,0.0,0.0
2022-05-10 00:00:00+09:00,1405.0,1440.0,1383.0,1438.0,94500,0.0,0.0
2022-05-11 00:00:00+09:00,1435.0,1470.0,1435.0,1438.0,178500,0.0,0.0
2022-05-12 00:00:00+09:00,1318.0,1341.0,1292.0,1294.0,323700,0.0,0.0
2022-05-13 00:00:00+09:00,1286.0,1333.0,1281.0,1329.0,198200,0.0,0.0
2022-05-16 00:00:00+09:00,1350.0,1350.0,1293.0,1298.0,119000,0.0,0.0
2022-05-17 00:00:00+09:00,1318.0,1384.0,1315.0,1362.0,136400,0.0,0.0
2022-05-18 00:00:00+09:00,1368.0,1415.0,1368.0,1406.0,76400,0.0,0.0
2022-05-19 00:00:00+09:00,1376.0,1415.0,1373.0,1400.0,60400,0.0,0.0
2022-05-20 00:00:00+09:00,1417.0,1428.0,1408.0,1408.0,60400,0.0,0.0
2022-05-23 00:00:00+09:00,1413.0,1414.0,1388.0,1402.0,79400,0.0,0.0
2022-05-24 00:00:00+09:00,1391.0,1405.0,1389.0,1394.0,56300,0.0,0.0
2022-05-25 00:00:00+09:00,1382.0,1382.0,1350.0,1351.0,63000,0.0,0.0
2022-05-26 00:00:00+09:00,1348.0,1361.0,1337.0,1338.0,66000,0.0,0.0
2022-05-27 00:00:00+09:00,1342.0,1372.0,1340.0,1365.0,67900,0.0,0.0
2022-05-30 00:00:00+09:00,1376.0,1391.0,1373.0,1390.0,108500,0.0,0.0
2022-05-31 00:00:00+09:00,1390.0,1403.0,1372.0,1377.0,53900,0.0,0.0
2022-06-01 00:00:00+09:00,1366.0,1410.0,1360.0,1407.0,114800,0.0,0.0
2022-06-02 00:00:00+09:00,1408.0,1408.0,1395.0,1398.0,51700,0.0,0.0
2022-06-03 00:00:00+09:00,1409.0,1431.0,1402.0,1409.0,71300,0.0,0.0
2022-06-06 00:00:00+09:00,1405.0,1418.0,1397.0,1416.0,52000,0.0,0.0
2022-06-07 00:00:00+09:00,1419.0,1464.0,1419.0,1447.0,122300,0.0,0.0
2022-06-08 00:00:00+09:00,1464.0,1464.0,1436.0,1442.0,57500,0.0,0.0
2022-06-09 00:00:00+09:00,1441.0,1446.0,1427.0,1430.0,75800,0.0,0.0
2022-06-10 00:00:00+09:00,1423.0,1423.0,1401.0,1404.0,62800,0.0,0.0
2022-06-13 00:00:00+09:00,1390.0,1390.0,1371.0,1371.0,58300,0.0,0.0
2022-06-14 00:00:00+09:00,1357.0,1375.0,1351.0,1373.0,65000,0.0,0.0
2022-06-15 00:00:00+09:00,1365.0,1380.0,1338.0,1342.0,70100,0.0,0.0
2022-06-16 00:00:00+09:00,1359.0,1373.0,1341.0,1341.0,46200,0.0,0.0
2022-06-17 00:00:00+09:00,1300.0,1317.0,1285.0,1308.0,117900,0.0,0.0
2022-06-20 00:00:00+09:00,1311.0,1317.0,1251.0,1255.0,112300,0.0,0.0
2022-06-21 00:00:00+09:00,1285.0,1308.0,1272.0,1302.0,79000,0.0,0.0
2022-06-22 00:00:00+09:00,1309.0,1309.0,1273.0,1275.0,106400,0.0,0.0
2022-06-23 00:00:00+09:00,1275.0,1286.0,1266.0,1282.0,79100,0.0,0.0
2022-06-24 00:00:00+09:00,1290.0,1305.0,1280.0,1290.0,66200,0.0,0.0
2022-06-27 00:00:00+09:00,1318.0,1321.0,1307.0,1317.0,57000,0.0,0.0
2022-06-28 00:00:00+09:00,1309.0,1323.0,1305.0,1323.0,88300,0.0,0.0
2022-06-29 00:00:00+09:00,1283.0,1295.0,1270.0,1284.0,140300,0.0,0.0
2022-06-30 00:00:00+09:00,1273.0,1293.0,1267.0,1272.0,115800,0.0,0.0
2022-07-01 00:00:00+09:00,1272.0,1289.0,1241.0,1258.0,137300,0.0,0.0
2022-07-04 00:00:00+09:00,1260.0,1280.0,1257.0,1275.0,73300,0.0,0.0
2022-07-05 00:00:00+09:00,1280.0,1290.0,1276.0,1283.0,52700,0.0,0.0
2022-07-06 00:00:00+09:00,1278.0,1296.0,1273.0,1284.0,72400,0.0,0.0
2022-07-07 00:00:00+09:00,1282.0,1297.0,1278.0,1295.0,73900,0.0,0.0
2022-07-08 00:00:00+09:00,1302.0,1350.0,1302.0,1322.0,136400,0.0,0.0
2022-07-11 00:00:00+09:00,1349.0,1349.0,1331.0,1343.0,69200,0.0,0.0
2022-07-12 00:00:00+09:00,1330.0,1330.0,1298.0,1305.0,79100,0.0,0.0
2022-07-13 00:00:00+09:00,1311.0,1323.0,1302.0,1305.0,35200,0.0,0.0
2022-07-14 00:00:00+09:00,1300.0,1312.0,1281.0,1306.0,58000,0.0,0.0
2022-07-15 00:00:00+09:00,1319.0,1319.0,1289.0,1302.0,45500,0.0,0.0
2022-07-19 00:00:00+09:00,1301.0,1319.0,1298.0,1319.0,44700,0.0,0.0
2022-07-20 00:00:00+09:00,1335.0,1349.0,1330.0,1341.0,84900,0.0,0.0
2022-07-21 00:00:00+09:00,1325.0,1356.0,1318.0,1355.0,70300,0.0,0.0
2022-07-22 00:00:00+09:00,1350.0,1359.0,1345.0,1349.0,61500,0.0,0.0
2022-07-25 00:00:00+09:00,1340.0,1342.0,1319.0,1324.0,59100,0.0,0.0
2022-07-26 00:00:00+09:00,1320.0,1335.0,1317.0,1335.0,59800,0.0,0.0
2022-07-27 00:00:00+09:00,1322.0,1344.0,1319.0,1342.0,52700,0.0,0.0
2022-07-28 00:00:00+09:00,1360.0,1360.0,1330.0,1346.0,95700,0.0,0.0
2022-07-29 00:00:00+09:00,1354.0,1354.0,1332.0,1341.0,78900,0.0,0.0
2022-08-01 00:00:00+09:00,1345.0,1354.0,1337.0,1350.0,90000,0.0,0.0
2022-08-02 00:00:00+09:00,1348.0,1348.0,1326.0,1342.0,85800,0.0,0.0
2022-08-03 00:00:00+09:00,1340.0,1343.0,1316.0,1325.0,92800,0.0,0.0
2022-08-04 00:00:00+09:00,1330.0,1354.0,1329.0,1352.0,81100,0.0,0.0
2022-08-05 00:00:00+09:00,1352.0,1365.0,1344.0,1364.0,79500,0.0,0.0
2022-08-08 00:00:00+09:00,1372.0,1378.0,1353.0,1367.0,88400,0.0,0.0
2022-08-09 00:00:00+09:00,1367.0,1367.0,1340.0,1359.0,143100,0.0,0.0
2022-08-10 00:00:00+09:00,1306.0,1327.0,1287.0,1311.0,149700,0.0,0.0
2022-08-12 00:00:00+09:00,1335.0,1338.0,1315.0,1319.0,107100,0.0,0.0
2022-08-15 00:00:00+09:00,1332.0,1347.0,1312.0,1319.0,137500,0.0,0.0
2022-08-16 00:00:00+09:00,1328.0,1343.0,1313.0,1316.0,83000,0.0,0.0
2022-08-17 00:00:00+09:00,1318.0,1372.0,1318.0,1372.0,169500,0.0,0.0
2022-08-18 00:00:00+09:00,1370.0,1391.0,1350.0,1384.0,96200,0.0,0.0
2022-08-19 00:00:00+09:00,1396.0,1428.0,1389.0,1416.0,108400,0.0,0.0
2022-08-22 00:00:00+09:00,1397.0,1397.0,1353.0,1359.0,145900,0.0,0.0
2022-08-23 00:00:00+09:00,1360.0,1385.0,1346.0,1385.0,95900,0.0,0.0
2022-08-24 00:00:00+09:00,1392.0,1420.0,1388.0,1403.0,116300,0.0,0.0
2022-08-25 00:00:00+09:00,1405.0,1407.0,1388.0,1390.0,50800,0.0,0.0
2022-08-26 00:00:00+09:00,1401.0,1412.0,1388.0,1394.0,43600,0.0,0.0
2022-08-29 00:00:00+09:00,1364.0,1378.0,1356.0,1374.0,61200,0.0,0.0
2022-08-30 00:00:00+09:00,1390.0,1400.0,1380.0,1397.0,50200,0.0,0.0
2022-08-31 00:00:00+09:00,1380.0,1393.0,1378.0,1379.0,29500,0.0,0.0
2022-09-01 00:00:00+09:00,1372.0,1372.0,1357.0,1357.0,48700,0.0,0.0
2022-09-02 00:00:00+09:00,1368.0,1368.0,1334.0,1343.0,56600,0.0,0.0
2022-09-05 00:00:00+09:00,1333.0,1350.0,1327.0,1343.0,53600,0.0,0.0
2022-09-06 00:00:00+09:00,1344.0,1351.0,1331.0,1340.0,43200,0.0,0.0
2022-09-07 00:00:00+09:00,1340.0,1340.0,1310.0,1321.0,57900,0.0,0.0
2022-09-08 00:00:00+09:00,1324.0,1344.0,1324.0,1339.0,31800,0.0,0.0
2022-09-09 00:00:00+09:00,1344.0,1350.0,1336.0,1336.0,50000,0.0,0.0
2022-09-12 00:00:00+09:00,1340.0,1375.0,1340.0,1373.0,66500,0.0,0.0
2022-09-13 00:00:00+09:00,1369.0,1379.0,1367.0,1371.0,36000,0.0,0.0
2022-09-14 00:00:00+09:00,1345.0,1365.0,1340.0,1359.0,47400,0.0,0.0
2022-09-15 00:00:00+09:00,1362.0,1363.0,1343.0,1344.0,34200,0.0,0.0
2022-09-16 00:00:00+09:00,1335.0,1343.0,1319.0,1329.0,49700,0.0,0.0
2022-09-20 00:00:00+09:00,1338.0,1362.0,1329.0,1329.0,55500,0.0,0.0
2022-09-21 00:00:00+09:00,1329.0,1329.0,1310.0,1326.0,37200,0.0,0.0
2022-09-22 00:00:00+09:00,1320.0,1324.0,1306.0,1323.0,41800,0.0,0.0
2022-09-26 00:00:00+09:00,1310.0,1310.0,1267.0,1273.0,101700,0.0,0.0
2022-09-27 00:00:00+09:00,1291.0,1300.0,1281.0,1281.0,41400,0.0,0.0
2022-09-28 00:00:00+09:00,1272.0,1276.0,1241.0,1261.0,109300,0.0,0.0
2022-09-29 00:00:00+09:00,1277.0,1285.0,1258.0,1272.0,54200,0.0,0.0
2022-09-30 00:00:00+09:00,1272.0,1272.0,1230.0,1239.0,58800,0.0,0.0
2022-10-03 00:00:00+09:00,1219.0,1245.0,1210.0,1240.0,85400,0.0,0.0
2022-10-04 00:00:00+09:00,1260.0,1287.0,1260.0,1280.0,76600,0.0,0.0
2022-10-05 00:00:00+09:00,1298.0,1303.0,1286.0,1286.0,47200,0.0,0.0
2022-10-06 00:00:00+09:00,1286.0,1316.0,1286.0,1303.0,55900,0.0,0.0
2022-10-07 00:00:00+09:00,1296.0,1301.0,1283.0,1293.0,26600,0.0,0.0
2022-10-11 00:00:00+09:00,1281.0,1293.0,1266.0,1269.0,43700,0.0,0.0
2022-10-12 00:00:00+09:00,1269.0,1269.0,1248.0,1253.0,37600,0.0,0.0
2022-10-13 00:00:00+09:00,1240.0,1253.0,1239.0,1246.0,32200,0.0,0.0
2022-10-14 00:00:00+09:00,1275.0,1283.0,1249.0,1274.0,39400,0.0,0.0
2022-10-17 00:00:00+09:00,1263.0,1285.0,1263.0,1279.0,28300,0.0,0.0
2022-10-18 00:00:00+09:00,1298.0,1298.0,1280.0,1292.0,27400,0.0,0.0
2022-10-19 00:00:00+09:00,1287.0,1290.0,1279.0,1281.0,26500,0.0,0.0
2022-10-20 00:00:00+09:00,1268.0,1285.0,1268.0,1271.0,31400,0.0,0.0
2022-10-21 00:00:00+09:00,1267.0,1275.0,1253.0,1253.0,33600,0.0,0.0
2022-10-24 00:00:00+09:00,1264.0,1276.0,1259.0,1264.0,34600,0.0,0.0
2022-10-25 00:00:00+09:00,1264.0,1285.0,1260.0,1271.0,41500,0.0,0.0
2022-10-26 00:00:00+09:00,1271.0,1280.0,1265.0,1268.0,53000,0.0,0.0
2022-10-27 00:00:00+09:00,1267.0,1270.0,1254.0,1254.0,43200,0.0,0.0
2022-10-28 00:00:00+09:00,1250.0,1261.0,1236.0,1257.0,120300,0.0,0.0
2022-10-31 00:00:00+09:00,1274.0,1287.0,1273.0,1280.0,44100,0.0,0.0
2022-11-01 00:00:00+09:00,1280.0,1298.0,1275.0,1295.0,43700,0.0,0.0
2022-11-02 00:00:00+09:00,1298.0,1306.0,1288.0,1294.0,53300,0.0,0.0
2022-11-04 00:00:00+09:00,1290.0,1296.0,1282.0,1293.0,39400,0.0,0.0
2022-11-07 00:00:00+09:00,1305.0,1326.0,1302.0,1318.0,58000,0.0,0.0
2022-11-08 00:00:00+09:00,1329.0,1335.0,1325.0,1328.0,43100,0.0,0.0
2022-11-09 00:00:00+09:00,1330.0,1347.0,1326.0,1342.0,50100,0.0,0.0
2022-11-10 00:00:00+09:00,1342.0,1352.0,1322.0,1345.0,72400,0.0,0.0
2022-11-11 00:00:00+09:00,1280.0,1314.0,1256.0,1310.0,210000,0.0,0.0
2022-11-14 00:00:00+09:00,1310.0,1325.0,1287.0,1293.0,76700,0.0,0.0
2022-11-15 00:00:00+09:00,1291.0,1323.0,1290.0,1314.0,45900,0.0,0.0
2022-11-16 00:00:00+09:00,1310.0,1332.0,1307.0,1321.0,66000,0.0,0.0
2022-11-17 00:00:00+09:00,1316.0,1316.0,1294.0,1304.0,55400,0.0,0.0
2022-11-18 00:00:00+09:00,1300.0,1319.0,1297.0,1298.0,56300,0.0,0.0
2022-11-21 00:00:00+09:00,1305.0,1312.0,1302.0,1310.0,34000,0.0,0.0
2022-11-22 00:00:00+09:00,1323.0,1335.0,1310.0,1313.0,84500,0.0,0.0
2022-11-24 00:00:00+09:00,1325.0,1332.0,1316.0,1332.0,56700,0.0,0.0
2022-11-25 00:00:00+09:00,1340.0,1347.0,1327.0,1335.0,64300,0.0,0.0
2022-11-28 00:00:00+09:00,1342.0,1342.0,1308.0,1313.0,69600,0.0,0.0
2022-11-29 00:00:00+09:00,1313.0,1313.0,1292.0,1297.0,96000,0.0,0.0
2022-11-30 00:00:00+09:00,1300.0,1317.0,1284.0,1309.0,102300,0.0,0.0
2022-12-01 00:00:00+09:00,1315.0,1326.0,1310.0,1316.0,71400,0.0,0.0
2022-12-02 00:00:00+09:00,1310.0,1310.0,1288.0,1298.0,83000,0.0,0.0
2022-12-05 00:00:00+09:00,1308.0,1308.0,1280.0,1280.0,79000,0.0,0.0
2022-12-06 00:00:00+09:00,1280.0,1280.0,1263.0,1276.0,100400,0.0,0.0
2022-12-07 00:00:00+09:00,1265.0,1274.0,1257.0,1268.0,71100,0.0,0.0
2022-12-08 00:00:00+09:00,1270.0,1270.0,1258.0,1264.0,83700,0.0,0.0
2022-12-09 00:00:00+09:00,1260.0,1286.0,1259.0,1280.0,106600,0.0,0.0
2022-12-12 00:00:00+09:00,1280.0,1295.0,1270.0,1288.0,69500,0.0,0.0
2022-12-13 00:00:00+09:00,1294.0,1301.0,1281.0,1282.0,54500,0.0,0.0
2022-12-14 00:00:00+09:00,1282.0,1286.0,1276.0,1281.0,70400,0.0,0.0
2022-12-15 00:00:00+09:00,1280.0,1285.0,1273.0,1280.0,55900,0.0,0.0
2022-12-16 00:00:00+09:00,1268.0,1275.0,1264.0,1271.0,95000,0.0,0.0
2022-12-19 00:00:00+09:00,1264.0,1269.0,1256.0,1257.0,117400,0.0,0.0
2022-12-20 00:00:00+09:00,1259.0,1259.0,1216.0,1228.0,232600,0.0,0.0
2022-12-21 00:00:00+09:00,1226.0,1227.0,1200.0,1206.0,191800,0.0,0.0
2022-12-22 00:00:00+09:00,1220.0,1223.0,1203.0,1203.0,88800,0.0,0.0
2022-12-23 00:00:00+09:00,1200.0,1203.0,1184.0,1201.0,151100,0.0,0.0
2022-12-26 00:00:00+09:00,1201.0,1215.0,1201.0,1204.0,63800,0.0,0.0
2022-12-27 00:00:00+09:00,1207.0,1212.0,1199.0,1205.0,124800,0.0,0.0
2022-12-28 00:00:00+09:00,1204.0,1204.0,1185.0,1187.0,296600,0.0,0.0
2022-12-29 00:00:00+09:00,1161.0,1179.0,1145.0,1177.0,148300,0.0,0.0
2022-12-30 00:00:00+09:00,1182.0,1199.0,1182.0,1191.0,88000,0.0,0.0
2023-01-04 00:00:00+09:00,1185.0,1199.0,1166.0,1180.0,72900,0.0,0.0
2023-01-05 00:00:00+09:00,1181.0,1190.0,1176.0,1188.0,67200,0.0,0.0
2023-01-06 00:00:00+09:00,1098.0,1115.0,1084.0,1097.0,659200,0.0,0.0
2023-01-10 00:00:00+09:00,1102.0,1152.0,1098.0,1139.0,346700,0.0,0.0
2023-01-11 00:00:00+09:00,1149.0,1152.0,1117.0,1117.0,187800,0.0,0.0
2023-01-12 00:00:00+09:00,1120.0,1129.0,1110.0,1123.0,95100,0.0,0.0
2023-01-13 00:00:00+09:00,1123.0,1127.0,1101.0,1105.0,86400,0.0,0.0
2023-01-16 00:00:00+09:00,1109.0,1109.0,1099.0,1103.0,52400,0.0,0.0
2023-01-17 00:00:00+09:00,1109.0,1131.0,1109.0,1128.0,68800,0.0,0.0
2023-01-18 00:00:00+09:00,1133.0,1153.0,1124.0,1140.0,64100,0.0,0.0
2023-01-19 00:00:00+09:00,1135.0,1141.0,1131.0,1134.0,33200,0.0,0.0
2023-01-20 00:00:00+09:00,1133.0,1146.0,1126.0,1146.0,57200,0.0,0.0
2023-01-23 00:00:00+09:00,1149.0,1164.0,1143.0,1161.0,69700,0.0,0.0
2023-01-24 00:00:00+09:00,1168.0,1173.0,1158.0,1160.0,65400,0.0,0.0
2023-01-25 00:00:00+09:00,1157.0,1173.0,1153.0,1166.0,61000,0.0,0.0
2023-01-26 00:00:00+09:00,1169.0,1175.0,1159.0,1163.0,62600,0.0,0.0
2023-01-27 00:00:00+09:00,1162.0,1170.0,1156.0,1158.0,42100,0.0,0.0
2023-01-30 00:00:00+09:00,1158.0,1163.0,1145.0,1163.0,111900,0.0,0.0
2023-01-31 00:00:00+09:00,1160.0,1163.0,1151.0,1151.0,51400,0.0,0.0
2023-02-01 00:00:00+09:00,1155.0,1159.0,1143.0,1151.0,64800,0.0,0.0
2023-02-02 00:00:00+09:00,1154.0,1154.0,1142.0,1149.0,39900,0.0,0.0
2023-02-03 00:00:00+09:00,1141.0,1164.0,1141.0,1163.0,57900,0.0,0.0
2023-02-06 00:00:00+09:00,1165.0,1178.0,1153.0,1174.0,86400,0.0,0.0
2023-02-07 00:00:00+09:00,1174.0,1184.0,1165.0,1178.0,48300,0.0,0.0
2023-02-08 00:00:00+09:00,1162.0,1178.0,1152.0,1173.0,61700,0.0,0.0
2023-02-09 00:00:00+09:00,1173.0,1173.0,1161.0,1171.0,50700,0.0,0.0
2023-02-10 00:00:00+09:00,1162.0,1181.0,1162.0,1178.0,59800,0.0,0.0
2023-02-13 00:00:00+09:00,1141.0,1159.0,1133.0,1147.0,130400,0.0,0.0
2023-02-14 00:00:00+09:00,1153.0,1155.0,1131.0,1151.0,138100,0.0,0.0
2023-02-15 00:00:00+09:00,1151.0,1159.0,1143.0,1150.0,64300,0.0,0.0
2023-02-16 00:00:00+09:00,1152.0,1186.0,1152.0,1184.0,104800,0.0,0.0
2023-02-17 00:00:00+09:00,1177.0,1193.0,1177.0,1182.0,90400,0.0,0.0
2023-02-20 00:00:00+09:00,1196.0,1220.0,1193.0,1215.0,161800,0.0,0.0
2023-02-21 00:00:00+09:00,1195.0,1236.0,1195.0,1230.0,268900,0.0,0.0
2023-02-22 00:00:00+09:00,1231.0,1244.0,1219.0,1239.0,114700,0.0,0.0
2023-02-24 00:00:00+09:00,1251.0,1259.0,1249.0,1251.0,115600,0.0,0.0
2023-02-27 00:00:00+09:00,1264.0,1286.0,1264.0,1286.0,115100,0.0,0.0
2023-02-28 00:00:00+09:00,1294.0,1308.0,1289.0,1303.0,159100,0.0,0.0
2023-03-01 00:00:00+09:00,1303.0,1341.0,1300.0,1334.0,143900,0.0,0.0
2023-03-02 00:00:00+09:00,1341.0,1349.0,1305.0,1323.0,153800,0.0,0.0
2023-03-03 00:00:00+09:00,1329.0,1352.0,1324.0,1348.0,143500,0.0,0.0
2023-03-06 00:00:00+09:00,1350.0,1367.0,1349.0,1359.0,80000,0.0,0.0
2023-03-07 00:00:00+09:00,1367.0,1389.0,1363.0,1384.0,161400,0.0,0.0
2023-03-08 00:00:00+09:00,1383.0,1425.0,1381.0,1423.0,120300,0.0,0.0
2023-03-09 00:00:00+09:00,1430.0,1438.0,1418.0,1431.0,127600,0.0,0.0
2023-03-10 00:00:00+09:00,1410.0,1435.0,1375.0,1377.0,245300,0.0,0.0
2023-03-13 00:00:00+09:00,1360.0,1380.0,1351.0,1362.0,144700,0.0,0.0
2023-03-14 00:00:00+09:00,1342.0,1349.0,1315.0,1319.0,159800,0.0,0.0
2023-03-15 00:00:00+09:00,1349.0,1370.0,1341.0,1358.0,126100,0.0,0.0
2023-03-16 00:00:00+09:00,1328.0,1379.0,1323.0,1372.0,176100,0.0,0.0
2023-03-17 00:00:00+09:00,1386.0,1402.0,1371.0,1385.0,101100,0.0,0.0
2023-03-20 00:00:00+09:00,1393.0,1395.0,1368.0,1369.0,130400,0.0,0.0
2023-03-22 00:00:00+09:00,1386.0,1403.0,1384.0,1398.0,77100,0.0,0.0
2023-03-23 00:00:00+09:00,1395.0,1404.0,1378.0,1404.0,87500,0.0,0.0
2023-03-24 00:00:00+09:00,1393.0,1398.0,1365.0,1365.0,73000,0.0,0.0
2023-03-27 00:00:00+09:00,1362.0,1362.0,1329.0,1329.0,124900,0.0,0.0
2023-03-28 00:00:00+09:00,1328.0,1337.0,1311.0,1327.0,71600,0.0,0.0
2023-03-29 00:00:00+09:00,1332.0,1362.0,1318.0,1360.0,88200,0.0,0.0
2023-03-30 00:00:00+09:00,1362.0,1383.0,1360.0,1378.0,68700,0.0,0.0
2023-03-31 00:00:00+09:00,1398.0,1415.0,1390.0,1408.0,126600,0.0,0.0
2023-04-03 00:00:00+09:00,1414.0,1419.0,1389.0,1407.0,85300,0.0,0.0
2023-04-04 00:00:00+09:00,1406.0,1431.0,1404.0,1428.0,142600,0.0,0.0
2023-04-05 00:00:00+09:00,1401.0,1401.0,1384.0,1387.0,77400,0.0,0.0
2023-04-06 00:00:00+09:00,1394.0,1394.0,1339.0,1340.0,127100,0.0,0.0
2023-04-07 00:00:00+09:00,1360.0,1371.0,1353.0,1354.0,76200,0.0,0.0
2023-04-10 00:00:00+09:00,1360.0,1383.0,1354.0,1383.0,72300,0.0,0.0
2023-04-11 00:00:00+09:00,1400.0,1419.0,1400.0,1409.0,145400,0.0,0.0
2023-04-12 00:00:00+09:00,1412.0,1433.0,1409.0,1431.0,134600,0.0,0.0
2023-04-13 00:00:00+09:00,1420.0,1420.0,1387.0,1394.0,113500,0.0,0.0
2023-04-14 00:00:00+09:00,1395.0,1398.0,1375.0,1375.0,82400,0.0,0.0
2023-04-17 00:00:00+09:00,1369.0,1373.0,1356.0,1369.0,65600,0.0,0.0
2023-04-18 00:00:00+09:00,1369.0,1370.0,1354.0,1367.0,47200,0.0,0.0
2023-04-19 00:00:00+09:00,1364.0,1369.0,1358.0,1369.0,31600,0.0,0.0
2023-04-20 00:00:00+09:00,1368.0,1401.0,1364.0,1393.0,48200,0.0,0.0
2023-04-21 00:00:00+09:00,1376.0,1402.0,1376.0,1387.0,36600,0.0,0.0
2023-04-24 00:00:00+09:00,1395.0,1399.0,1381.0,1392.0,35200,0.0,0.0
2023-04-25 00:00:00+09:00,1403.0,1429.0,1397.0,1406.0,123300,0.0,0.0
2023-04-26 00:00:00+09:00,1405.0,1405.0,1366.0,1366.0,66000,0.0,0.0
2023-04-27 00:00:00+09:00,1366.0,1388.0,1364.0,1379.0,56300,0.0,0.0
2023-04-28 00:00:00+09:00,1393.0,1400.0,1381.0,1390.0,76800,0.0,0.0
2023-05-01 00:00:00+09:00,1400.0,1423.0,1399.0,1423.0,97500,0.0,0.0
2023-05-02 00:00:00+09:00,1415.0,1431.0,1409.0,1426.0,72200,0.0,0.0
2023-05-08 00:00:00+09:00,1431.0,1433.0,1419.0,1433.0,53200,0.0,0.0
2023-05-09 00:00:00+09:00,1435.0,1447.0,1431.0,1445.0,78200,0.0,0.0
2023-05-10 00:00:00+09:00,1445.0,1478.0,1444.0,1478.0,102900,0.0,0.0
2023-05-11 00:00:00+09:00,1456.0,1456.0,1405.0,1409.0,124100,0.0,0.0
2023-05-12 00:00:00+09:00,1260.0,1267.0,1231.0,1239.0,375400,0.0,0.0
2023-05-15 00:00:00+09:00,1236.0,1277.0,1231.0,1269.0,162300,0.0,0.0
2023-05-16 00:00:00+09:00,1281.0,1282.0,1233.0,1257.0,128300,0.0,0.0
2023-05-17 00:00:00+09:00,1257.0,1264.0,1228.0,1228.0,96800,0.0,0.0
2023-05-18 00:00:00+09:00,1255.0,1293.0,1255.0,1287.0,181400,0.0,0.0
2023-05-19 00:00:00+09:00,1300.0,1324.0,1283.0,1296.0,64700,0.0,0.0
2023-05-22 00:00:00+09:00,1290.0,1311.0,1279.0,1310.0,52500,0.0,0.0
2023-05-23 00:00:00+09:00,1315.0,1315.0,1287.0,1291.0,63600,0.0,0.0
2023-05-24 00:00:00+09:00,1295.0,1295.0,1272.0,1281.0,49200,0.0,0.0
2023-05-25 00:00:00+09:00,1265.0,1282.0,1261.0,1270.0,44600,0.0,0.0
2023-05-26 00:00:00+09:00,1264.0,1306.0,1264.0,1301.0,91100,0.0,0.0
2023-05-29 00:00:00+09:00,1331.0,1369.0,1330.0,1348.0,102600,0.0,0.0
2023-05-30 00:00:00+09:00,1335.0,1352.0,1328.0,1344.0,57400,0.0,0.0
2023-05-31 00:00:00+09:00,1323.0,1331.0,1308.0,1314.0,91400,0.0,0.0
2023-06-01 00:00:00+09:00,1311.0,1341.0,1309.0,1337.0,80900,0.0,0.0
2023-06-02 00:00:00+09:00,1349.0,1384.0,1326.0,1375.0,125800,0.0,0.0
2023-06-05 00:00:00+09:00,1390.0,1392.0,1365.0,1381.0,67500,0.0,0.0
2023-06-06 00:00:00+09:00,1381.0,1389.0,1363.0,1383.0,72500,0.0,0.0
2023-06-07 00:00:00+09:00,1383.0,1392.0,1374.0,1374.0,88600,0.0,0.0
2023-06-08 00:00:00+09:00,1370.0,1396.0,1366.0,1375.0,99700,0.0,0.0
2023-06-09 00:00:00+09:00,1395.0,1395.0,1377.0,1390.0,84200,0.0,0.0
2023-06-12 00:00:00+09:00,1390.0,1396.0,1381.0,1390.0,56400,0.0,0.0
2023-06-13 00:00:00+09:00,1398.0,1454.0,1393.0,1423.0,195400,0.0,0.0
2023-06-14 00:00:00+09:00,1438.0,1441.0,1394.0,1397.0,86500,0.0,0.0
2023-06-15 00:00:00+09:00,1410.0,1432.0,1404.0,1421.0,87900,0.0,0.0
2023-06-16 00:00:00+09:00,1401.0,1412.0,1393.0,1403.0,87100,0.0,0.0
2023-06-19 00:00:00+09:00,1400.0,1403.0,1373.0,1380.0,54700,0.0,0.0
2023-06-20 00:00:00+09:00,1372.0,1396.0,1366.0,1396.0,48300,0.0,0.0
2023-06-21 00:00:00+09:00,1395.0,1400.0,1387.0,1388.0,46600,0.0,0.0
2023-06-22 00:00:00+09:00,1388.0,1388.0,1369.0,1375.0,48000,0.0,0.0
2023-06-23 00:00:00+09:00,1380.0,1393.0,1350.0,1359.0,50900,0.0,0.0
2023-06-26 00:00:00+09:00,1361.0,1378.0,1350.0,1354.0,35500,0.0,0.0
2023-06-27 00:00:00+09:00,1350.0,1353.0,1341.0,1350.0,30400,0.0,0.0
2023-06-28 00:00:00+09:00,1364.0,1364.0,1351.0,1356.0,98400,0.0,0.0
2023-06-29 00:00:00+09:00,1352.0,1361.0,1344.0,1358.0,63700,0.0,0.0
2023-06-30 00:00:00+09:00,1346.0,1354.0,1331.0,1341.0,39200,0.0,0.0
2023-07-03 00:00:00+09:00,1350.0,1365.0,1347.0,1350.0,82700,0.0,0.0
2023-07-04 00:00:00+09:00,1350.0,1350.0,1326.0,1345.0,86100,0.0,0.0
2023-07-05 00:00:00+09:00,1332.0,1344.0,1330.0,1342.0,46500,0.0,0.0
2023-07-06 00:00:00+09:00,1330.0,1347.0,1323.0,1344.0,77800,0.0,0.0
2023-07-07 00:00:00+09:00,1323.0,1336.0,1320.0,1324.0,54700,0.0,0.0
2023-07-10 00:00:00+09:00,1320.0,1340.0,1314.0,1318.0,90500,0.0,0.0
2023-07-11 00:00:00+09:00,1325.0,1332.0,1307.0,1311.0,81900,0.0,0.0
2023-07-12 00:00:00+09:00,1305.0,1315.0,1285.0,1285.0,62300,0.0,0.0
2023-07-13 00:00:00+09:00,1310.0,1319.0,1285.0,1305.0,70100,0.0,0.0
2023-07-14 00:00:00+09:00,1316.0,1316.0,1294.0,1294.0,32700,0.0,0.0
2023-07-18 00:00:00+09:00,1304.0,1320.0,1294.0,1320.0,42300,0.0,0.0
2023-07-19 00:00:00+09:00,1320.0,1330.0,1318.0,1330.0,46000,0.0,0.0
2023-07-20 00:00:00+09:00,1337.0,1347.0,1312.0,1316.0,49200,0.0,0.0
2023-07-21 00:00:00+09:00,1324.0,1324.0,1303.0,1303.0,74800,0.0,0.0
2023-07-24 00:00:00+09:00,1313.0,1328.0,1308.0,1323.0,73400,0.0,0.0
2023-07-25 00:00:00+09:00,1316.0,1321.0,1301.0,1315.0,43100,0.0,0.0
2023-07-26 00:00:00+09:00,1307.0,1318.0,1299.0,1303.0,57600,0.0,0.0
2023-07-27 00:00:00+09:00,1295.0,1310.0,1289.0,1310.0,70000,0.0,0.0
2023-07-28 00:00:00+09:00,1290.0,1324.0,1287.0,1305.0,394500,0.0,0.0
2023-07-31 00:00:00+09:00,1323.0,1337.0,1322.0,1334.0,63000,0.0,0.0
2023-08-01 00:00:00+09:00,1339.0,1340.0,1322.0,1338.0,76000,0.0,0.0
2023-08-02 00:00:00+09:00,1327.0,1327.0,1292.0,1304.0,66700,0.0,0.0
2023-08-03 00:00:00+09:00,1300.0,1305.0,1266.0,1278.0,92000,0.0,0.0
2023-08-04 00:00:00+09:00,1268.0,1276.0,1266.0,1271.0,32100,0.0,0.0
2023-08-07 00:00:00+09:00,1266.0,1277.0,1256.0,1273.0,68800,0.0,0.0
2023-08-08 00:00:00+09:00,1273.0,1299.0,1270.0,1270.0,61500,0.0,0.0
2023-08-09 00:00:00+09:00,1264.0,1282.0,1261.0,1263.0,53600,0.0,0.0
2023-08-10 00:00:00+09:00,1318.0,1378.0,1317.0,1372.0,205700,0.0,0.0
2023-08-14 00:00:00+09:00,1375.0,1388.0,1356.0,1372.0,76300,0.0,0.0
2023-08-15 00:00:00+09:00,1372.0,1397.0,1372.0,1389.0,66900,0.0,0.0
2023-08-16 00:00:00+09:00,1375.0,1407.0,1367.0,1383.0,88200,0.0,0.0
2023-08-17 00:00:00+09:00,1376.0,1376.0,1353.0,1369.0,45600,0.0,0.0
2023-08-18 00:00:00+09:00,1356.0,1356.0,1346.0,1350.0,37700,0.0,0.0
2023-08-21 00:00:00+09:00,1345.0,1362.0,1345.0,1357.0,30200,0.0,0.0
2023-08-22 00:00:00+09:00,1450.0,1630.0,1450.0,1557.0,1836900,0.0,0.0
2023-08-23 00:00:00+09:00,1549.0,1685.0,1548.0,1642.0,1183200,0.0,0.0
2023-08-24 00:00:00+09:00,1699.0,1753.0,1685.0,1740.0,946500,0.0,0.0
2023-08-25 00:00:00+09:00,1703.0,1727.0,1661.0,1712.0,646700,0.0,0.0
2023-08-28 00:00:00+09:00,1710.0,1724.0,1648.0,1655.0,365700,0.0,0.0
2023-08-29 00:00:00+09:00,1695.0,1720.0,1612.0,1627.0,379700,0.0,0.0
2023-08-30 00:00:00+09:00,1675.0,1688.0,1635.0,1683.0,270900,0.0,0.0
2023-08-31 00:00:00+09:00,1668.0,1697.0,1629.0,1686.0,174100,0.0,0.0
2023-09-01 00:00:00+09:00,1700.0,1727.0,1667.0,1722.0,184000,0.0,0.0
2023-09-04 00:00:00+09:00,1750.0,1753.0,1677.0,1684.0,150000,0.0,0.0
2023-09-05 00:00:00+09:00,1683.0,1683.0,1645.0,1668.0,98700,0.0,0.0
2023-09-06 00:00:00+09:00,1662.0,1719.0,1658.0,1706.0,101800,0.0,0.0
2023-09-07 00:00:00+09:00,1685.0,1713.0,1674.0,1680.0,100300,0.0,0.0
2023-09-08 00:00:00+09:00,1663.0,1680.0,1646.0,1659.0,91200,0.0,0.0
2023-09-11 00:00:00+09:00,1671.0,1683.0,1640.0,1650.0,82100,0.0,0.0
2023-09-12 00:00:00+09:00,1636.0,1655.0,1629.0,1636.0,61400,0.0,0.0
2023-09-13 00:00:00+09:00,1639.0,1645.0,1622.0,1630.0,65500,0.0,0.0
2023-09-14 00:00:00+09:00,1640.0,1645.0,1607.0,1621.0,68000,0.0,0.0
2023-09-15 00:00:00+09:00,1625.0,1662.0,1618.0,1637.0,82500,0.0,0.0
2023-09-19 00:00:00+09:00,1630.0,1644.0,1589.0,1605.0,119500,0.0,0.0
2023-09-20 00:00:00+09:00,1605.0,1616.0,1498.0,1500.0,286600,0.0,0.0
2023-09-21 00:00:00+09:00,1510.0,1523.0,1478.0,1495.0,145800,0.0,0.0
2023-09-22 00:00:00+09:00,1471.0,1513.0,1464.0,1500.0,129400,0.0,0.0
2023-09-25 00:00:00+09:00,1520.0,1595.0,1509.0,1562.0,146500,0.0,0.0
2023-09-26 00:00:00+09:00,1546.0,1649.0,1533.0,1589.0,170800,0.0,0.0
2023-09-27 00:00:00+09:00,1574.0,1607.0,1542.0,1607.0,153000,0.0,0.0
2023-09-28 00:00:00+09:00,1607.0,1607.0,1539.0,1544.0,99700,0.0,0.0
2023-09-29 00:00:00+09:00,1551.0,1598.0,1542.0,1592.0,119800,0.0,0.0
2023-10-02 00:00:00+09:00,1575.0,1611.0,1534.0,1541.0,104000,0.0,0.0
2023-10-03 00:00:00+09:00,1522.0,1546.0,1511.0,1528.0,103800,0.0,0.0
2023-10-04 00:00:00+09:00,1480.0,1525.0,1466.0,1498.0,137500,0.0,0.0
2023-10-05 00:00:00+09:00,1510.0,1535.0,1483.0,1525.0,90000,0.0,0.0
2023-10-06 00:00:00+09:00,1544.0,1558.0,1515.0,1525.0,67600,0.0,0.0
2023-10-10 00:00:00+09:00,1534.0,1547.0,1520.0,1538.0,63400,0.0,0.0
2023-10-11 00:00:00+09:00,1533.0,1544.0,1522.0,1523.0,32400,0.0,0.0
2023-10-12 00:00:00+09:00,1524.0,1547.0,1518.0,1547.0,44300,0.0,0.0
2023-10-13 00:00:00+09:00,1547.0,1547.0,1504.0,1506.0,37900,0.0,0.0
2023-10-16 00:00:00+09:00,1473.0,1502.0,1464.0,1468.0,44900,0.0,0.0
2023-10-17 00:00:00+09:00,1506.0,1530.0,1493.0,1502.0,43200,0.0,0.0
2023-10-18 00:00:00+09:00,1517.0,1540.0,1498.0,1527.0,42100,0.0,0.0
2023-10-19 00:00:00+09:00,1513.0,1533.0,1504.0,1506.0,34600,0.0,0.0
2023-10-20 00:00:00+09:00,1500.0,1540.0,1495.0,1525.0,56900,0.0,0.0
2023-10-23 00:00:00+09:00,1525.0,1536.0,1497.0,1497.0,81400,0.0,0.0
2023-10-24 00:00:00+09:00,1506.0,1520.0,1452.0,1502.0,91900,0.0,0.0
2023-10-25 00:00:00+09:00,1500.0,1537.0,1486.0,1505.0,112000,0.0,0.0
2023-10-26 00:00:00+09:00,1492.0,1492.0,1448.0,1452.0,60900,0.0,0.0
2023-10-27 00:00:00+09:00,1452.0,1497.0,1452.0,1497.0,58400,0.0,0.0
2023-10-30 00:00:00+09:00,1475.0,1479.0,1459.0,1466.0,76200,0.0,0.0
2023-10-31 00:00:00+09:00,1466.0,1466.0,1430.0,1453.0,67700,0.0,0.0
2023-11-01 00:00:00+09:00,1460.0,1485.0,1457.0,1465.0,45600,0.0,0.0
2023-11-02 00:00:00+09:00,1459.0,1485.0,1456.0,1470.0,36100,0.0,0.0
2023-11-06 00:00:00+09:00,1499.0,1536.0,1481.0,1536.0,94800,0.0,0.0
2023-11-07 00:00:00+09:00,1524.0,1537.0,1503.0,1504.0,52300,0.0,0.0
2023-11-08 00:00:00+09:00,1515.0,1520.0,1478.0,1488.0,125800,0.0,0.0
2023-11-09 00:00:00+09:00,1475.0,1491.0,1450.0,1482.0,131500,0.0,0.0
2023-11-10 00:00:00+09:00,1642.0,1714.0,1603.0,1686.0,436900,0.0,0.0
2023-11-13 00:00:00+09:00,1704.0,1713.0,1605.0,1610.0,176400,0.0,0.0
2023-11-14 00:00:00+09:00,1645.0,1645.0,1578.0,1601.0,119100,0.0,0.0
2023-11-15 00:00:00+09:00,1610.0,1647.0,1606.0,1640.0,59400,0.0,0.0
2023-11-16 00:00:00+09:00,1621.0,1662.0,1608.0,1608.0,81600,0.0,0.0
2023-11-17 00:00:00+09:00,1608.0,1631.0,1595.0,1629.0,45100,0.0,0.0
2023-11-20 00:00:00+09:00,1629.0,1684.0,1629.0,1660.0,83000,0.0,0.0
2023-11-21 00:00:00+09:00,1651.0,1669.0,1630.0,1638.0,60000,0.0,0.0
2023-11-22 00:00:00+09:00,1743.0,1753.0,1652.0,1653.0,192200,0.0,0.0
2023-11-24 00:00:00+09:00,1718.0,1769.0,1698.0,1718.0,173100,0.0,0.0
2023-11-27 00:00:00+09:00,1740.0,1765.0,1714.0,1740.0,119500,0.0,0.0
2023-11-28 00:00:00+09:00,1740.0,1820.0,1735.0,1816.0,215900,0.0,0.0
2023-11-29 00:00:00+09:00,1800.0,1832.0,1770.0,1804.0,152400,0.0,0.0
2023-11-30 00:00:00+09:00,1790.0,1826.0,1781.0,1824.0,99700,0.0,0.0
2023-12-01 00:00:00+09:00,1828.0,1840.0,1798.0,1808.0,97100,0.0,0.0
2023-12-04 00:00:00+09:00,1828.0,1849.0,1787.0,1801.0,117500,0.0,0.0
2023-12-05 00:00:00+09:00,1715.0,1726.0,1630.0,1630.0,212600,0.0,0.0
2023-12-06 00:00:00+09:00,1613.0,1686.0,1611.0,1645.0,200800,0.0,0.0
2023-12-07 00:00:00+09:00,1615.0,1617.0,1586.0,1592.0,139700,0.0,0.0
2023-12-08 00:00:00+09:00,1573.0,1573.0,1537.0,1542.0,133400,0.0,0.0
2023-12-11 00:00:00+09:00,1545.0,1555.0,1522.0,1529.0,80100,0.0,0.0
2023-12-12 00:00:00+09:00,1515.0,1524.0,1499.0,1517.0,89500,0.0,0.0
2023-12-13 00:00:00+09:00,1521.0,1580.0,1521.0,1553.0,94100,0.0,0.0
2023-12-14 00:00:00+09:00,1550.0,1550.0,1451.0,1451.0,153100,0.0,0.0
2023-12-15 00:00:00+09:00,1469.0,1484.0,1432.0,1475.0,118000,0.0,0.0
2023-12-18 00:00:00+09:00,1445.0,1486.0,1437.0,1483.0,56500,0.0,0.0
2023-12-19 00:00:00+09:00,1470.0,1487.0,1455.0,1484.0,50700,0.0,0.0
2023-12-20 00:00:00+09:00,1490.0,1509.0,1484.0,1495.0,52400,0.0,0.0
2023-12-21 00:00:00+09:00,1479.0,1488.0,1462.0,1465.0,41100,0.0,0.0
2023-12-22 00:00:00+09:00,1463.0,1484.0,1456.0,1467.0,51900,0.0,0.0
2023-12-25 00:00:00+09:00,1470.0,1479.0,1456.0,1462.0,36700,0.0,0.0
2023-12-26 00:00:00+09:00,1460.0,1478.0,1458.0,1470.0,49400,0.0,0.0
2023-12-27 00:00:00+09:00,1482.0,1525.0,1482.0,1517.0,80400,0.0,0.0
2023-12-28 00:00:00+09:00,1497.0,1519.0,1483.0,1516.0,50200,0.0,0.0
2023-12-29 00:00:00+09:00,1521.0,1547.0,1512.0,1542.0,48200,0.0,0.0
2024-01-04 00:00:00+09:00,1538.0,1547.0,1512.0,1545.0,56800,0.0,0.0
2024-01-05 00:00:00+09:00,1585.0,1586.0,1547.0,1547.0,72900,0.0,0.0
2024-01-09 00:00:00+09:00,1591.0,1628.0,1589.0,1607.0,108300,0.0,0.0
2024-01-10 00:00:00+09:00,1634.0,1663.0,1634.0,1649.0,94200,0.0,0.0
2024-01-11 00:00:00+09:00,1670.0,1677.0,1643.0,1651.0,72900,0.0,0.0
2024-01-12 00:00:00+09:00,1650.0,1667.0,1635.0,1660.0,63500,0.0,0.0
2024-01-15 00:00:00+09:00,1660.0,1672.0,1660.0,1671.0,11000,0.0,0.0
2024-01-16 00:00:00+09:00,1660.0,1714.0,1637.0,1643.0,119300,0.0,0.0
2024-01-17 00:00:00+09:00,1683.0,1686.0,1633.0,1635.0,73600,0.0,0.0
2024-01-18 00:00:00+09:00,1659.0,1672.0,1652.0,1661.0,37000,0.0,0.0
2024-01-19 00:00:00+09:00,1660.0,1728.0,1660.0,1728.0,95700,0.0,0.0
2024-01-22 00:00:00+09:00,1730.0,1784.0,1720.0,1784.0,77000,0.0,0.0
2024-01-23 00:00:00+09:00,1784.0,1794.0,1748.0,1759.0,88900,0.0,0.0
2024-01-24 00:00:00+09:00,1800.0,1866.0,1744.0,1752.0,199500,0.0,0.0
2024-01-25 00:00:00+09:00,1755.0,1823.0,1755.0,1806.0,106200,0.0,0.0
2024-01-26 00:00:00+09:00,1804.0,1804.0,1754.0,1763.0,74600,0.0,0.0
2024-01-29 00:00:00+09:00,1764.0,1798.0,1764.0,1794.0,61900,0.0,0.0
2024-01-30 00:00:00+09:00,1820.0,1838.0,1792.0,1809.0,108500,0.0,0.0
2024-01-31 00:00:00+09:00,1806.0,1812.0,1772.0,1812.0,52600,0.0,0.0
2024-02-01 00:00:00+09:00,1788.0,1801.0,1771.0,1785.0,33700,0.0,0.0
2024-02-02 00:00:00+09:00,1789.0,1817.0,1789.0,1800.0,51100,0.0,0.0
2024-02-05 00:00:00+09:00,1796.0,1808.0,1742.0,1757.0,94400,0.0,0.0
2024-02-06 00:00:00+09:00,1717.0,1748.0,1700.0,1736.0,92500,0.0,0.0
2024-02-07 00:00:00+09:00,1736.0,1788.0,1711.0,1756.0,75200,0.0,0.0
2024-02-08 00:00:00+09:00,1779.0,1818.0,1753.0,1794.0,72800,0.0,0.0
2024-02-09 00:00:00+09:00,1780.0,1825.0,1773.0,1789.0,124700,0.0,0.0
2024-02-13 00:00:00+09:00,1850.0,1890.0,1714.0,1845.0,442500,0.0,0.0
2024-02-14 00:00:00+09:00,1800.0,1800.0,1734.0,1735.0,131700,0.0,0.0
2024-02-15 00:00:00+09:00,1742.0,1761.0,1651.0,1657.0,102500,0.0,0.0
2024-02-16 00:00:00+09:00,1694.0,1768.0,1661.0,1729.0,112200,0.0,0.0
2024-02-19 00:00:00+09:00,1737.0,1796.0,1703.0,1785.0,96700,0.0,0.0
2024-02-20 00:00:00+09:00,1810.0,1865.0,1797.0,1840.0,159300,0.0,0.0
2024-02-21 00:00:00+09:00,1802.0,1814.0,1775.0,1808.0,72100,0.0,0.0
2024-02-22 00:00:00+09:00,1842.0,1909.0,1831.0,1909.0,186000,0.0,0.0
2024-02-26 00:00:00+09:00,1909.0,1958.0,1892.0,1901.0,120100,0.0,0.0
2024-02-27 00:00:00+09:00,1901.0,1928.0,1874.0,1880.0,87400,0.0,0.0
2024-02-28 00:00:00+09:00,1875.0,1897.0,1850.0,1858.0,65800,0.0,0.0
2024-02-29 00:00:00+09:00,1801.0,1831.0,1770.0,1810.0,93700,0.0,0.0
2024-03-01 00:00:00+09:00,1808.0,1809.0,1776.0,1776.0,53600,0.0,0.0
2024-03-04 00:00:00+09:00,1801.0,1813.0,1722.0,1732.0,81000,0.0,0.0
2024-03-05 00:00:00+09:00,1750.0,1827.0,1750.0,1824.0,57300,0.0,0.0
2024-03-06 00:00:00+09:00,1835.0,1932.0,1819.0,1910.0,145100,0.0,0.0
2024-03-07 00:00:00+09:00,1920.0,1940.0,1835.0,1838.0,91700,0.0,0.0
2024-03-08 00:00:00+09:00,1860.0,1905.0,1838.0,1868.0,151300,0.0,0.0
2024-03-11 00:00:00+09:00,1828.0,1832.0,1776.0,1791.0,71400,0.0,0.0
2024-03-12 00:00:00+09:00,1767.0,1798.0,1745.0,1794.0,51000,0.0,0.0
2024-03-13 00:00:00+09:00,1824.0,1827.0,1754.0,1754.0,47000,0.0,0.0
2024-03-14 00:00:00+09:00,1787.0,1787.0,1735.0,1754.0,38000,0.0,0.0
2024-03-15 00:00:00+09:00,1736.0,1753.0,1721.0,1733.0,49800,0.0,0.0
2024-03-18 00:00:00+09:00,1720.0,1780.0,1720.0,1769.0,56400,0.0,0.0
2024-03-19 00:00:00+09:00,1798.0,1804.0,1760.0,1795.0,55300,0.0,0.0
2024-03-21 00:00:00+09:00,1800.0,1836.0,1792.0,1810.0,54200,0.0,0.0
2024-03-22 00:00:00+09:00,1810.0,1854.0,1790.0,1827.0,70800,0.0,0.0
2024-03-25 00:00:00+09:00,1826.0,1845.0,1800.0,1803.0,39800,0.0,0.0
2024-03-26 00:00:00+09:00,1793.0,1839.0,1793.0,1837.0,41500,0.0,0.0
2024-03-27 00:00:00+09:00,1837.0,1838.0,1801.0,1827.0,55400,0.0,0.0
2024-03-28 00:00:00+09:00,1825.0,1849.0,1801.0,1815.0,42600,0.0,0.0
2024-03-29 00:00:00+09:00,1815.0,1828.0,1797.0,1814.0,24200,0.0,0.0
2024-04-01 00:00:00+09:00,1808.0,1824.0,1775.0,1775.0,37700,0.0,0.0
2024-04-02 00:00:00+09:00,1775.0,1775.0,1711.0,1711.0,78300,0.0,0.0
2024-04-03 00:00:00+09:00,1711.0,1720.0,1690.0,1690.0,56600,0.0,0.0
2024-04-04 00:00:00+09:00,1705.0,1734.0,1682.0,1695.0,61000,0.0,0.0
2024-04-05 00:00:00+09:00,1640.0,1646.0,1610.0,1628.0,115700,0.0,0.0
2024-04-08 00:00:00+09:00,1631.0,1665.0,1619.0,1655.0,74600,0.0,0.0
2024-04-09 00:00:00+09:00,1630.0,1645.0,1618.0,1641.0,89500,0.0,0.0
2024-04-10 00:00:00+09:00,1634.0,1696.0,1619.0,1683.0,87000,0.0,0.0
2024-04-11 00:00:00+09:00,1665.0,1717.0,1655.0,1710.0,65600,0.0,0.0
2024-04-12 00:00:00+09:00,1725.0,1803.0,1724.0,1795.0,91500,0.0,0.0
2024-04-15 00:00:00+09:00,1776.0,1828.0,1750.0,1816.0,107600,0.0,0.0
2024-04-16 00:00:00+09:00,1805.0,1830.0,1730.0,1730.0,86100,0.0,0.0
2024-04-17 00:00:00+09:00,1744.0,1744.0,1696.0,1708.0,46200,0.0,0.0
2024-04-18 00:00:00+09:00,1707.0,1753.0,1707.0,1741.0,19500,0.0,0.0
2024-04-19 00:00:00+09:00,1741.0,1760.0,1664.0,1691.0,54600,0.0,0.0
2024-04-22 00:00:00+09:00,1709.0,1725.0,1681.0,1721.0,50400,0.0,0.0
2024-04-23 00:00:00+09:00,1721.0,1740.0,1665.0,1676.0,49800,0.0,0.0
2024-04-24 00:00:00+09:00,1688.0,1729.0,1688.0,1718.0,35500,0.0,0.0
2024-04-25 00:00:00+09:00,1718.0,1727.0,1704.0,1708.0,28200,0.0,0.0
2024-04-26 00:00:00+09:00,1703.0,1755.0,1700.0,1737.0,55500,0.0,0.0
2024-04-30 00:00:00+09:00,1770.0,1782.0,1741.0,1781.0,52800,0.0,0.0
2024-05-01 00:00:00+09:00,1741.0,1770.0,1735.0,1754.0,36700,0.0,0.0
2024-05-02 00:00:00+09:00,1750.0,1750.0,1717.0,1721.0,38100,0.0,0.0
2024-05-07 00:00:00+09:00,1738.0,1789.0,1737.0,1757.0,53200,0.0,0.0
2024-05-08 00:00:00+09:00,1756.0,1813.0,1755.0,1771.0,71500,0.0,0.0
2024-05-09 00:00:00+09:00,1761.0,1761.0,1723.0,1744.0,48900,0.0,0.0
2024-05-10 00:00:00+09:00,1744.0,1769.0,1727.0,1750.0,51900,0.0,0.0
2024-05-13 00:00:00+09:00,2080.0,2105.0,1958.0,2047.0,667700,0.0,0.0
2024-05-14 00:00:00+09:00,2047.0,2047.0,1964.0,1993.0,167200,0.0,0.0
2024-05-15 00:00:00+09:00,2005.0,2012.0,1938.0,1955.0,136300,0.0,0.0
2024-05-16 00:00:00+09:00,1980.0,2000.0,1945.0,1980.0,102600,0.0,0.0
2024-05-17 00:00:00+09:00,2006.0,2160.0,2005.0,2142.0,406400,0.0,0.0
2024-05-20 00:00:00+09:00,2142.0,2183.0,2105.0,2105.0,170900,0.0,0.0
2024-05-21 00:00:00+09:00,2110.0,2142.0,2090.0,2112.0,93400,0.0,0.0
2024-05-22 00:00:00+09:00,2108.0,2111.0,2060.0,2090.0,88800,0.0,0.0
2024-05-23 00:00:00+09:00,2087.0,2138.0,2051.0,2101.0,61900,0.0,0.0
2024-05-24 00:00:00+09:00,2051.0,2128.0,2048.0,2094.0,77000,0.0,0.0
2024-05-27 00:00:00+09:00,2104.0,2129.0,2056.0,2090.0,73900,0.0,0.0
2024-05-28 00:00:00+09:00,2070.0,2140.0,2060.0,2081.0,82300,0.0,0.0
2024-05-29 00:00:00+09:00,2054.0,2055.0,1960.0,1972.0,167100,0.0,0.0
2024-05-30 00:00:00+09:00,1920.0,1978.0,1888.0,1964.0,130100,0.0,0.0
2024-05-31 00:00:00+09:00,1963.0,1995.0,1940.0,1995.0,83400,0.0,0.0
2024-06-03 00:00:00+09:00,2011.0,2025.0,1973.0,1985.0,108200,0.0,0.0
2024-06-04 00:00:00+09:00,1951.0,2046.0,1948.0,2030.0,98500,0.0,0.0
2024-06-05 00:00:00+09:00,2012.0,2049.0,1969.0,2002.0,119700,0.0,0.0
2024-06-06 00:00:00+09:00,2023.0,2049.0,1979.0,1985.0,79100,0.0,0.0
2024-06-07 00:00:00+09:00,1982.0,1982.0,1951.0,1962.0,45000,0.0,0.0
2024-06-10 00:00:00+09:00,1950.0,2042.0,1935.0,2029.0,87400,0.0,0.0
2024-06-11 00:00:00+09:00,2029.0,2061.0,2019.0,2035.0,92800,0.0,0.0
2024-06-12 00:00:00+09:00,2019.0,2042.0,1996.0,2003.0,85900,0.0,0.0
2024-06-13 00:00:00+09:00,2005.0,2013.0,1964.0,1996.0,74300,0.0,0.0
2024-06-14 00:00:00+09:00,1969.0,2083.0,1969.0,2070.0,136400,0.0,0.0
2024-06-17 00:00:00+09:00,2071.0,2078.0,1956.0,1972.0,174900,0.0,0.0
2024-06-18 00:00:00+09:00,2033.0,2147.0,2007.0,2100.0,192800,0.0,0.0
2024-06-19 00:00:00+09:00,2085.0,2101.0,1985.0,2013.0,133700,0.0,0.0
2024-06-20 00:00:00+09:00,2001.0,2014.0,1952.0,1997.0,104800,0.0,0.0
2024-06-21 00:00:00+09:00,1997.0,2013.0,1971.0,1973.0,96200,0.0,0.0
2024-06-24 00:00:00+09:00,1976.0,1998.0,1972.0,1990.0,61600,0.0,0.0
2024-06-25 00:00:00+09:00,1990.0,2020.0,1979.0,2004.0,81200,0.0,0.0
2024-06-26 00:00:00+09:00,2015.0,2036.0,1995.0,2015.0,65700,0.0,0.0
2024-06-27 00:00:00+09:00,1997.0,2062.0,1989.0,2057.0,61500,0.0,0.0
2024-06-28 00:00:00+09:00,2082.0,2109.0,2034.0,2104.0,123800,0.0,0.0
2024-07-01 00:00:00+09:00,2130.0,2180.0,2113.0,2122.0,137300,0.0,0.0
2024-07-02 00:00:00+09:00,2109.0,2174.0,2109.0,2147.0,120400,0.0,0.0
2024-07-03 00:00:00+09:00,2180.0,2208.0,2150.0,2154.0,126500,0.0,0.0
2024-07-04 00:00:00+09:00,2154.0,2216.0,2154.0,2192.0,164100,0.0,0.0
2024-07-05 00:00:00+09:00,2171.0,2203.0,2133.0,2154.0,66000,0.0,0.0
2024-07-08 00:00:00+09:00,2152.0,2173.0,2134.0,2149.0,78600,0.0,0.0
2024-07-09 00:00:00+09:00,2171.0,2239.0,2164.0,2223.0,158000,0.0,0.0
2024-07-10 00:00:00+09:00,2210.0,2226.0,2178.0,2206.0,108900,0.0,0.0
2024-07-11 00:00:00+09:00,2250.0,2270.0,2222.0,2263.0,83700,0.0,0.0
2024-07-12 00:00:00+09:00,2213.0,2241.0,2189.0,2189.0,52400,0.0,0.0
2024-07-16 00:00:00+09:00,2235.0,2276.0,2235.0,2239.0,68500,0.0,0.0
2024-07-17 00:00:00+09:00,2239.0,2260.0,2222.0,2230.0,44300,0.0,0.0
2024-07-18 00:00:00+09:00,2180.0,2187.0,2094.0,2094.0,116600,0.0,0.0
2024-07-19 00:00:00+09:00,2120.0,2128.0,2082.0,2115.0,66500,0.0,0.0
2024-07-22 00:00:00+09:00,2119.0,2138.0,2085.0,2108.0,61300,0.0,0.0
2024-07-23 00:00:00+09:00,2112.0,2156.0,2106.0,2119.0,60600,0.0,0.0
2024-07-24 00:00:00+09:00,2096.0,2142.0,2096.0,2104.0,61000,0.0,0.0
2024-07-25 00:00:00+09:00,2060.0,2080.0,1991.0,1996.0,160700,0.0,0.0
2024-07-26 00:00:00+09:00,1996.0,2017.0,1961.0,1973.0,73900,0.0,0.0
2024-07-29 00:00:00+09:00,2003.0,2034.0,1980.0,2004.0,76300,0.0,0.0
2024-07-30 00:00:00+09:00,1985.0,2005.0,1931.0,1953.0,343800,0.0,0.0
2024-07-31 00:00:00+09:00,1993.0,2052.0,1966.0,2047.0,80800,0.0,0.0
2024-08-01 00:00:00+09:00,2046.0,2062.0,1904.0,1916.0,117600,0.0,0.0
2024-08-02 00:00:00+09:00,1822.0,1822.0,1701.0,1723.0,296800,0.0,0.0
