Date,Open,High,Low,Close,Volume,Dividends,Stock Splits
2000-01-04 00:00:00+09:00,4599.89013671875,4599.89013671875,4599.89013671875,4599.89013671875,9909000,0.0,0.0
2000-01-05 00:00:00+09:00,4220.32930137196,4269.499356362062,3416.4570534915874,3867.563232421875,84618000,0.0,0.0
2000-01-06 00:00:00+09:00,3845.1897798078435,3943.396060561378,3644.2216796875,3644.2216796875,28085400,0.0,0.0
2000-01-07 00:00:00+09:00,3420.879150390625,3572.8110407498843,3420.879150390625,3420.879150390625,58633200,0.0,0.0
2000-01-10 00:00:00+09:00,3420.879150390625,3420.879150390625,3420.879150390625,3420.879150390625,0,0.0,0.0
2000-01-11 00:00:00+09:00,3644.2216796875,3644.2216796875,3644.2216796875,3644.2216796875,2305800,0.0,0.0
2000-01-12 00:00:00+09:00,3666.5951704517815,3867.563232421875,3474.4697032083723,3867.563232421875,51985800,0.0,0.0
2000-01-13 00:00:00+09:00,4090.7722167968755,4090.7722167968755,4032.7591717960836,4090.772216796875,23776200,0.0,0.0
2000-01-14 00:00:00+09:00,4314.1143509709245,4314.1143509709245,3867.5633084904557,4059.554931640625,64270800,0.0,0.0
2000-01-17 00:00:00+09:00,4193.533879712873,4282.89794921875,4130.966078037748,4282.89794921875,35775000,0.0,0.0
2000-01-18 00:00:00+09:00,4305.138286295539,4465.9127531537415,4224.751052866437,4282.89794921875,37751400,0.0,0.0
2000-01-19 00:00:00+09:00,4215.908086928566,4229.305827151502,4059.554931640625,4059.554931640625,21459600,0.0,0.0
2000-01-20 00:00:00+09:00,3925.575966957784,4041.7354976716188,3836.2119140625,3836.2119140625,36973800,0.0,0.0
2000-01-21 00:00:00+09:00,3925.5764778274256,3965.7700923017137,3621.8466002781306,3796.018798828125,29894400,0.0,0.0
2000-01-24 00:00:00+09:00,3889.80318772663,4023.7817382812495,3889.80318772663,4023.78173828125,16486200,0.0,0.0
2000-01-25 00:00:00+09:00,3934.552708022622,4162.316641893126,3894.3590957228707,4055.133544921875,27675000,0.0,0.0
2000-01-26 00:00:00+09:00,4055.134925420071,4162.318058879903,4055.134925420071,4148.919921875,15055200,0.0,0.0
2000-01-27 00:00:00+09:00,4148.919093906031,4247.1257621365885,4108.72547594422,4238.14892578125,24159600,0.0,0.0
2000-01-28 00:00:00+09:00,4349.886810467951,4461.4912109375,4309.693195955001,4461.4912109375,38199600,0.0,0.0
2000-01-31 00:00:00+09:00,4394.501922886237,4689.25537109375,4394.501922886237,4689.25537109375,47892600,0.0,0.0
2000-02-01 00:00:00+09:00,4912.597969896221,4957.212887057284,4465.913014203342,4733.87060546875,50722200,0.0,0.0
2000-02-02 00:00:00+09:00,4957.211295474913,5001.8261983117345,4599.89013671875,4599.89013671875,41391000,0.0,0.0
2000-02-03 00:00:00+09:00,4733.870757042847,5537.7431640625,4599.891760862355,5537.7431640625,83775600,0.0,0.0
2000-02-04 00:00:00+09:00,5761.085763110353,6207.636909262257,5671.722073221898,5939.6796875,90774000,0.0,0.0
2000-02-07 00:00:00+09:00,6118.406828304448,6163.021747554555,5805.700457344238,5984.42822265625,42800400,0.0,0.0
2000-02-08 00:00:00+09:00,6163.020322810291,6163.020322810291,5582.49072265625,5582.49072265625,44177400,0.0,0.0
2000-02-09 00:00:00+09:00,6029.043141906357,6029.043141906357,5761.085538094131,5984.42822265625,38242800,0.0,0.0
2000-02-10 00:00:00+09:00,5895.063641545502,6698.93554594431,5805.699576194651,6609.572265625,117606600,0.0,0.0
2000-02-11 00:00:00+09:00,6609.572265625,6609.572265625,6609.572265625,6609.572265625,0,0.0,0.0
2000-02-14 00:00:00+09:00,6564.956194888447,7592.171022652513,6520.341287613608,7547.421875,118594800,0.0,0.0
2000-02-15 00:00:00+09:00,8217.315900979505,8842.594234652723,7011.507596254133,7547.421875,119010600,0.0,0.0
2000-02-16 00:00:00+09:00,7324.213292400684,7904.74243158736,7100.870293289277,7592.17041015625,80379000,0.0,0.0
2000-02-17 00:00:00+09:00,7815.379168900813,7860.127527911816,7458.191458762774,7592.17041015625,57585600,0.0,0.0
2000-02-18 00:00:00+09:00,7815.382003683929,8128.08837890625,7681.4030036938,8128.08837890625,54545400,0.0,0.0
2000-02-21 00:00:00+09:00,7904.743488795004,8306.679611700369,7860.128579152509,7949.3583984375,59562000,0.0,0.0
2000-02-22 00:00:00+09:00,8083.339227649115,8172.703307880728,7100.8728768274605,7279.466796875,70750800,0.0,0.0
2000-02-23 00:00:00+09:00,7190.235643563304,7324.214619227907,6788.299501601019,7011.50830078125,58411800,0.0,0.0
2000-02-24 00:00:00+09:00,7592.171176091616,7636.786084268129,7190.235066393293,7413.44384765625,33901200,0.0,0.0
2000-02-25 00:00:00+09:00,7413.447234349113,7502.810546875,7234.853279675407,7502.810546875,23544000,0.0,0.0
2000-02-28 00:00:00+09:00,7502.807284387913,7681.401161402658,7324.214192404649,7368.8291015625,24402600,0.0,0.0
2000-02-29 00:00:00+09:00,7234.848906826013,7368.827851962871,7100.869961689156,7145.48486328125,24435000,0.0,0.0
2000-03-01 00:00:00+09:00,7368.829706207326,7413.444619026027,6788.299663018342,6966.8935546875,39004200,0.0,0.0
2000-03-02 00:00:00+09:00,6877.529609180722,6922.278763177983,6609.572431815549,6654.32080078125,32394600,0.0,0.0
2000-03-03 00:00:00+09:00,6430.9783934830975,6609.572284295965,5984.427331285615,6207.6357421875,62996400,0.0,0.0
2000-03-06 00:00:00+09:00,6252.384867867837,6564.956950491539,4912.597446735529,5225.169921875,98722800,0.0,0.0
2000-03-07 00:00:00+09:00,5001.827489680068,6029.04248046875,4733.87030778087,6029.04248046875,85833000,0.0,0.0
2000-03-08 00:00:00+09:00,5582.491291729692,5895.063774396,5448.512703396526,5805.69970703125,63018000,0.0,0.0
2000-03-09 00:00:00+09:00,5627.106146507346,5761.084733442739,5046.576493231263,5091.19140625,60604200,0.0,0.0
2000-03-10 00:00:00+09:00,5225.17148023956,5403.765031020401,4430.275390625,4430.275390625,67575600,0.0,0.0
2000-03-13 00:00:00+09:00,4206.93310546875,4206.93310546875,4206.93310546875,4206.93310546875,10870200,0.0,0.0
2000-03-14 00:00:00+09:00,3983.588623046875,4385.524716584044,3983.588623046875,3983.588623046875,103086000,0.0,0.0
2000-03-15 00:00:00+09:00,4050.5798958702358,4206.93310546875,4041.737297898083,4206.93310546875,37265400,0.0,0.0
2000-03-16 00:00:00+09:00,4430.275390625,4430.275390625,4430.275390625,4430.275390625,6350400,0.0,0.0
2000-03-17 00:00:00+09:00,4689.25537109375,4689.25537109375,4689.25537109375,4689.25537109375,2343600,0.0,0.0
2000-03-20 00:00:00+09:00,4689.25537109375,4689.25537109375,4689.25537109375,4689.25537109375,0,0.0,0.0
2000-03-21 00:00:00+09:00,5135.8058493108,5582.49072265625,5046.576031438406,5582.49072265625,67154400,0.0,0.0
2000-03-22 00:00:00+09:00,5582.491019891161,5582.491019891161,4867.8485666284005,5001.8271484375,51802200,0.0,0.0
2000-03-23 00:00:00+09:00,4912.598861222491,5135.807727933532,4390.081718586378,4510.66259765625,46089000,0.0,0.0
2000-03-24 00:00:00+09:00,4443.672668683009,4644.640763680042,3885.38330078125,3885.38330078125,40489200,0.0,0.0
2000-03-27 00:00:00+09:00,3840.7676153399125,4077.3737435057606,3639.7995605468755,3639.799560546875,32254200,0.0,0.0
2000-03-28 00:00:00+09:00,3476.428903892675,3880.1484375,3431.6160356622618,3880.1484375,86972400,20.0,0.0
2000-03-29 00:00:00+09:00,4104.47998046875,4104.47998046875,4100.039067845188,4104.47998046875,14072400,0.0,0.0
2000-03-30 00:00:00+09:00,4328.814453125,4328.814453125,4310.781913577858,4328.814453125,17145000,0.0,0.0
2000-03-31 00:00:00+09:00,4104.47998046875,4140.41100078666,4104.47998046875,4104.47998046875,23446800,0.0,0.0
2000-04-03 00:00:00+09:00,3880.1484375,3880.1484375,3880.1484375,3880.1484375,2721600,0.0,0.0
2000-04-04 00:00:00+09:00,3655.9482421875005,3655.9482421875005,3655.9482421875005,3655.9482421875,912600,0.0,0.0
2000-04-05 00:00:00+09:00,3431.615966796875,3431.615966796875,3431.615966796875,3431.615966796875,4368600,0.0,0.0
2000-04-06 00:00:00+09:00,3409.1416088878573,3642.4914599790136,3207.282073238686,3297.042236328125,97626600,0.0,0.0
2000-04-07 00:00:00+09:00,3086.1657821705235,3314.940046813912,3063.8265759676992,3162.46875,83862000,0.0,0.0
2000-04-10 00:00:00+09:00,3274.5684823329375,3386.802490234375,3252.2292735638725,3386.802490234375,28436400,0.0,0.0
2000-04-11 00:00:00+09:00,3341.855160104835,3566.1883379632704,3261.111073103389,3364.32861328125,47795400,0.0,0.0
2000-04-12 00:00:00+09:00,3274.5687342183533,3297.0423864479985,3139.995507196249,3198.400390625,32545800,0.0,0.0
2000-04-13 00:00:00+09:00,3131.113521779263,3171.4854681516636,2974.066650390625,2974.066650390625,38626200,0.0,0.0
2000-04-14 00:00:00+09:00,2749.732666015625,2749.732666015625,2749.732666015625,2749.732666015625,1890000,0.0,0.0
2000-04-17 00:00:00+09:00,2749.732666015625,2749.732666015625,2749.732666015625,2749.732666015625,0,0.0,0.0
2000-04-18 00:00:00+09:00,2301.20068359375,2301.20068359375,2301.20068359375,2301.20068359375,1063800,0.0,0.0
2000-04-19 00:00:00+09:00,2076.867919921875,2090.325106290693,2076.867919921875,2076.867919921875,80006400,0.0,0.0
2000-04-20 00:00:00+09:00,1955.7518011018128,2211.440673828125,1942.2944193846085,2211.440673828125,121359600,0.0,0.0
2000-04-21 00:00:00+09:00,2346.013916015625,2346.013916015625,2346.013916015625,2346.013916015625,14083200,0.0,0.0
2000-04-24 00:00:00+09:00,2458.248497212157,2570.347900390625,2453.6729429765483,2570.347900390625,93533400,0.0,0.0
2000-04-25 00:00:00+09:00,2811.2337730547515,2839.494140625,2758.750233281433,2839.494140625,41209200,0.0,0.0
2000-04-26 00:00:00+09:00,3108.639404296875,3108.639404296875,3108.639404296875,3108.639404296875,264600,0.0,0.0
2000-04-27 00:00:00+09:00,3377.7861328125,3377.7861328125,3081.725142678035,3377.7861328125,75400200,0.0,0.0
2000-04-28 00:00:00+09:00,3404.700170188202,3644.2406123489227,3209.5692566535017,3579.6455078125,39961800,0.0,0.0
2000-05-01 00:00:00+09:00,3552.7306450026235,3847.4458007812505,3525.815887485046,3847.44580078125,28263600,0.0,0.0
2000-05-02 00:00:00+09:00,3982.0187998547012,3992.7847817131756,3734.4043711675304,3847.44580078125,25830000,0.0,0.0
2000-05-03 00:00:00+09:00,3847.4458007812505,3847.4458007812505,3847.4458007812505,3847.44580078125,0,0.0,0.0
2000-05-04 00:00:00+09:00,3847.4458007812505,3847.4458007812505,3847.4458007812505,3847.44580078125,0,0.0,0.0
2000-05-05 00:00:00+09:00,3847.4458007812505,3847.4458007812505,3847.4458007812505,3847.44580078125,0,0.0,0.0
2000-05-08 00:00:00+09:00,3928.1899753647804,3979.327900228146,3618.671620467144,3630.783203125,25340400,0.0,0.0
2000-05-09 00:00:00+09:00,3630.783203125,3630.783203125,3630.783203125,3630.783203125,0,0.0,0.0
2000-05-10 00:00:00+09:00,3146.3203077533053,3498.902025907447,3092.4909821285537,3364.32861328125,32592600,0.0,0.0
2000-05-11 00:00:00+09:00,3122.096641841001,3181.308752575339,3095.181884765625,3095.181884765625,22780800,0.0,0.0
2000-05-12 00:00:00+09:00,3229.755126953125,3303.7704143220035,3147.6654517668635,3229.755126953125,17820000,0.0,0.0
2000-05-15 00:00:00+09:00,3243.2128722560774,3321.2653623555375,2974.0664498372776,3081.72509765625,13528800,0.0,0.0
2000-05-16 00:00:00+09:00,3081.72509765625,3081.72509765625,3081.72509765625,3081.72509765625,0,0.0,0.0
2000-05-17 00:00:00+09:00,3283.5852063262305,3295.696790861292,2996.9443723297745,3041.353515625,12922200,0.0,0.0
2000-05-18 00:00:00+09:00,2879.8656907063655,2891.977275110558,2772.20703125,2772.20703125,15030000,0.0,0.0
2000-05-19 00:00:00+09:00,2503.060791015625,2503.060791015625,2503.060791015625,2503.060791015625,3904200,0.0,0.0
2000-05-22 00:00:00+09:00,2233.91455078125,2233.91455078125,2233.91455078125,2233.91455078125,3641400,0.0,0.0
2000-05-23 00:00:00+09:00,2206.999528224367,2395.4020640036665,1964.7678654755232,2072.426513671875,59101200,0.0,0.0
2000-05-24 00:00:00+09:00,1910.9389491730929,2032.0547938996554,1805.9718837434054,1897.4815673828125,35600400,0.0,0.0
2000-05-25 00:00:00+09:00,2085.883794195704,2166.627685546875,2064.352221254486,2166.627685546875,21675600,0.0,0.0
2000-05-26 00:00:00+09:00,2220.4568337670266,2435.77392578125,2058.9690640385156,2435.77392578125,29606400,0.0,0.0
2000-05-29 00:00:00+09:00,2449.231433242647,2624.1766060202117,2355.0303531635864,2461.343017578125,21533400,0.0,0.0
2000-05-30 00:00:00+09:00,2461.343017578125,2461.343017578125,2461.343017578125,2461.343017578125,0,0.0,0.0
2000-05-31 00:00:00+09:00,2559.5819406960227,2574.384925116669,2155.8623916903407,2220.45751953125,30195000,0.0,0.0
2000-06-01 00:00:00+09:00,2193.5416762557857,2427.698878853975,2166.62692384844,2314.657470703125,27684000,0.0,0.0
2000-06-02 00:00:00+09:00,2422.3167266300507,2473.454458482694,2355.0302165998737,2415.588134765625,16675200,0.0,0.0
2000-06-05 00:00:00+09:00,2577.075450705227,2684.73388671875,2509.7887557092467,2684.73388671875,19596600,0.0,0.0
2000-06-06 00:00:00+09:00,2711.648430204667,2852.950212870171,2597.261404227851,2799.12109375,25817400,0.0,0.0
2000-06-07 00:00:00+09:00,2718.3782628303406,2809.8879582119753,2665.894723380979,2731.83544921875,21571200,0.0,0.0
2000-06-08 00:00:00+09:00,2758.7495959524535,2770.8611792559586,2671.276918452491,2691.462890625,10693800,0.0,0.0
2000-06-09 00:00:00+09:00,2691.4627871821235,2718.3775471301246,2547.469590261962,2597.26171875,11610000,0.0,0.0
2000-06-12 00:00:00+09:00,2543.4328655266454,2570.3474333147274,2462.688965033736,2528.6298828125,7326000,0.0,0.0
2000-06-13 00:00:00+09:00,2420.9706222903746,2447.885380591051,2287.743219226455,2320.040771484375,10868400,0.0,0.0
2000-06-14 00:00:00+09:00,2320.0414906742726,2488.25809224883,2220.4574060518107,2466.726318359375,14970600,0.0,0.0
2000-06-15 00:00:00+09:00,2395.4020370471467,2407.513620048292,2272.9404098815803,2282.360595703125,11194200,0.0,0.0
2000-06-16 00:00:00+09:00,2282.360509788488,2408.8591293973673,2233.914179607567,2301.20068359375,9174600,0.0,0.0
2000-06-19 00:00:00+09:00,2314.6581687270673,2355.0301123843496,2229.8770870467742,2287.743408203125,6742800,0.0,0.0
2000-06-20 00:00:00+09:00,2328.1156162565944,2422.31689453125,2314.6584315949676,2422.31689453125,12101400,0.0,0.0
2000-06-21 00:00:00+09:00,2449.230947723837,2472.108511685971,2395.4018261004203,2446.53955078125,12371400,0.0,0.0
2000-06-22 00:00:00+09:00,2500.3684562914823,2529.9744091527323,2355.0294970972677,2442.501953125,14032800,0.0,0.0
2000-06-23 00:00:00+09:00,2361.7579917231224,2385.98115061259,2314.657470703125,2314.657470703125,11959200,0.0,0.0
2000-06-26 00:00:00+09:00,2206.9997245913737,2213.728513907732,2073.772298225647,2132.984619140625,27282600,0.0,0.0
2000-06-27 00:00:00+09:00,2106.069827163933,2178.7393314547753,2060.315085511019,2091.266845703125,30288600,0.0,0.0
2000-06-28 00:00:00+09:00,2010.5231537049526,2077.809672791413,1866.5299279510343,1923.0506591796875,63775800,0.0,0.0
2000-06-29 00:00:00+09:00,1976.8794350858666,2022.6343701126627,1931.124697187701,1951.3106689453125,31051800,0.0,0.0
2000-06-30 00:00:00+09:00,1925.742052459717,1983.6085809615627,1884.0243042719985,1937.8536376953125,18201600,0.0,0.0
2000-07-03 00:00:00+09:00,1964.7678769792788,1994.374034975915,1904.2099609375,1904.2099609375,15787800,0.0,0.0
2000-07-04 00:00:00+09:00,1908.2472265672302,1940.5447829950458,1867.8752810324604,1871.9124755859375,23918400,0.0,0.0
2000-07-05 00:00:00+09:00,1818.083269520883,1830.1948526698852,1604.111868657527,1675.4356689453125,68400000,0.0,0.0
2000-07-06 00:00:00+09:00,1513.9476822852548,1559.7025127173306,1439.9324951171875,1439.9324951171875,62422200,0.0,0.0
2000-07-07 00:00:00+09:00,1600.0746352456738,1709.0789794921875,1575.8514695385181,1709.0789794921875,59401800,0.0,0.0
2000-07-10 00:00:00+09:00,1897.4813195807799,1927.087476801512,1715.8075762166625,1749.450927734375,34880400,0.0,0.0
2000-07-11 00:00:00+09:00,1682.1643390678596,1691.5845254441601,1621.6065190601935,1629.680908203125,18408600,0.0,0.0
2000-07-12 00:00:00+09:00,1629.6810565223307,1629.6810565223307,1496.4536235387734,1565.0859375,48358800,0.0,0.0
2000-07-13 00:00:00+09:00,1614.8775587325179,1702.3500274543267,1532.7879823517162,1628.3348388671875,38849400,0.0,0.0
2000-07-14 00:00:00+09:00,1709.079434647219,1758.8713793310073,1668.7074810502663,1722.53662109375,30200400,0.0,0.0
2000-07-17 00:00:00+09:00,1776.3650223351917,1793.8595920525636,1729.264500331284,1742.7216796875,26110800,0.0,0.0
2000-07-18 00:00:00+09:00,1730.6106618573174,1730.6106618573174,1621.6065077521846,1641.79248046875,21110400,0.0,0.0
2000-07-19 00:00:00+09:00,1730.6106618573174,1730.6106618573174,1621.6065077521846,1641.79248046875,21110400,0.0,0.0
2000-07-20 00:00:00+09:00,1641.79248046875,1641.79248046875,1641.79248046875,1641.79248046875,0,0.0,0.0
2000-07-21 00:00:00+09:00,1628.3350213193926,1659.2868775179709,1561.0485145424004,1593.3460693359375,20044800,0.0,0.0
2000-07-24 00:00:00+09:00,1555.665315147076,1565.085499745895,1466.8470513338218,1505.873291015625,31678200,0.0,0.0
2000-07-25 00:00:00+09:00,1413.018236213556,1477.6133555833187,1379.374977729915,1445.3157958984375,36349200,0.0,0.0
2000-07-26 00:00:00+09:00,1445.3156154489334,1445.3156154489334,1392.832087513637,1426.475341796875,14994000,0.0,0.0
2000-07-27 00:00:00+09:00,1372.6464344046967,1384.7580205906204,1320.1628942656937,1380.7208251953125,34194600,0.0,0.0
2000-07-28 00:00:00+09:00,1313.434081728556,1326.8914641858908,1224.6157911932078,1231.344482421875,44998200,0.0,0.0
2000-07-31 00:00:00+09:00,1110.2286316918546,1231.344482421875,1099.4627454388533,1231.344482421875,51670800,0.0,0.0
2000-08-01 00:00:00+09:00,1258.2590167879184,1349.768695364418,1197.7010977750933,1244.8016357421875,43779600,0.0,0.0
2000-08-02 00:00:00+09:00,1207.121318660316,1238.0731801986913,1190.9725384775693,1192.3182373046875,17528400,0.0,0.0
2000-08-03 00:00:00+09:00,1192.3181802618053,1223.2700403193817,1102.1541947432054,1116.957275390625,33921000,0.0,0.0
2000-08-04 00:00:00+09:00,1103.4995355751805,1143.8714710055444,1052.36181640625,1052.36181640625,46677600,0.0,0.0
2000-08-07 00:00:00+09:00,1116.9571756565551,1186.9351806640625,1100.8083976883365,1186.9351806640625,46744200,0.0,0.0
2000-08-08 00:00:00+09:00,1227.3070552884615,1320.1625232872595,1221.924162462143,1312.088134765625,70563600,0.0,0.0
2000-08-09 00:00:00+09:00,1365.9177148268552,1446.66162109375,1357.8433242001659,1446.66162109375,50871600,0.0,0.0
2000-08-10 00:00:00+09:00,1552.974171037787,1573.1601433711885,1387.4491979038955,1466.8472900390625,61392600,0.0,0.0
2000-08-11 00:00:00+09:00,1413.0178463907616,1500.4904125935286,1399.56056642276,1480.304443359375,26532000,0.0,0.0
2000-08-14 00:00:00+09:00,1507.2192526545134,1567.7771703758685,1493.7619704600963,1535.4796142578125,23580000,0.0,0.0
2000-08-15 00:00:00+09:00,1581.2344699663854,1594.6917514700108,1495.1075923631038,1526.0594482421875,25549200,0.0,0.0
2000-08-16 00:00:00+09:00,1499.1451044517175,1505.8737959120008,1453.3902587890625,1453.3902587890625,13487400,0.0,0.0
2000-08-17 00:00:00+09:00,1433.2039741847825,1439.932664195351,1359.1887783257857,1392.83203125,18973800,0.0,0.0
2000-08-18 00:00:00+09:00,1365.917195335337,1443.9696740843058,1332.2739467075894,1413.017822265625,22030200,0.0,0.0
2000-08-21 00:00:00+09:00,1439.9325970868092,1480.3045381400439,1388.7947722312754,1464.15576171875,23907600,0.0,0.0
2000-08-22 00:00:00+09:00,1491.0704302757008,1505.8735092445843,1413.0180381651594,1450.698486328125,15969600,0.0,0.0
2000-08-23 00:00:00+09:00,1450.6982894397474,1501.836111021038,1429.1666217780846,1480.304443359375,20298600,0.0,0.0
2000-08-24 00:00:00+09:00,1534.1336853027342,1614.8775634765625,1523.3678020247892,1614.8775634765625,54471600,0.0,0.0
2000-08-25 00:00:00+09:00,1696.9677366405335,1884.0243112161932,1670.0529712653401,1882.6787109375,106079400,0.0,0.0
2000-08-28 00:00:00+09:00,1909.5926795777164,2097.994992402981,1870.566538305043,1910.9384765625,82600200,0.0,0.0
2000-08-29 00:00:00+09:00,1857.1094380040324,1944.581918287431,1823.4660853741248,1877.29541015625,43309800,0.0,0.0
2000-08-30 00:00:00+09:00,1823.465759653495,1836.9231377273309,1711.770132739315,1723.8817138671875,51021000,0.0,0.0
2000-08-31 00:00:00+09:00,1789.8226172276254,1896.13525390625,1769.6366486014815,1896.13525390625,49330800,0.0,0.0
2000-09-01 00:00:00+09:00,1976.8794737309795,1984.9538625918667,1865.1838268649194,1877.29541015625,53465400,0.0,0.0
2000-09-04 00:00:00+09:00,1897.4811453309253,1908.2469300913515,1801.934288119543,1850.380615234375,23443200,0.0,0.0
2000-09-05 00:00:00+09:00,1777.7116248648852,1826.1579656140084,1756.1798521557198,1803.2803955078125,26137800,0.0,0.0
2000-09-06 00:00:00+09:00,1784.4402312882448,1884.0243112161932,1760.2170607277708,1882.6787109375,29219400,0.0,0.0
2000-09-07 00:00:00+09:00,1843.652179098505,1861.1467551602473,1783.0942586486055,1822.12060546875,27171000,0.0,0.0
2000-09-08 00:00:00+09:00,1863.838072222356,1881.332647529819,1824.8119242134726,1843.652099609375,16255800,0.0,0.0
2000-09-11 00:00:00+09:00,1789.8223988199836,1803.2795781761997,1735.993090009392,1742.7216796875,25768800,0.0,0.0
2000-09-12 00:00:00+09:00,1661.9785824864289,1668.7073724002607,1583.926176802448,1626.9896240234375,67699800,0.0,0.0
2000-09-13 00:00:00+09:00,1573.1599121326058,1633.7178202314103,1551.6281457657171,1587.962890625,35647200,0.0,0.0
2000-09-14 00:00:00+09:00,1574.5058401392316,1626.9893681438728,1497.7991453632178,1544.8997802734375,27691200,0.0,0.0
2000-09-15 00:00:00+09:00,1544.8997802734375,1544.8997802734375,1544.8997802734375,1544.8997802734375,0,0.0,0.0
2000-09-18 00:00:00+09:00,1464.1557360891097,1473.575822648532,1352.4600016089266,1395.5234375,53568000,0.0,0.0
2000-09-19 00:00:00+09:00,1314.7794867149398,1439.9324951171875,1297.284914454553,1439.9324951171875,61885800,0.0,0.0
2000-09-20 00:00:00+09:00,1480.3047536069028,1517.9852045530915,1421.092531922043,1501.83642578125,46587600,0.0,0.0
2000-09-21 00:00:00+09:00,1426.4753410009725,1598.72900390625,1423.7839437409784,1598.72900390625,36867600,0.0,0.0
2000-09-22 00:00:00+09:00,1517.9849106215374,1577.1971208409755,1456.0813035041506,1457.427001953125,43452000,0.0,0.0
2000-09-25 00:00:00+09:00,1574.5059561222158,1579.8888496131576,1500.4907517233823,1517.9852294921875,16167600,0.0,0.0
2000-09-26 00:00:00+09:00,1491.070556640625,1513.9480263378382,1442.624219797814,1491.070556640625,12760200,0.0,0.0
2000-09-27 00:00:00+09:00,1410.3263161418631,1446.661059866013,1365.9171849234579,1372.6458740234375,30880800,0.0,0.0
2000-09-28 00:00:00+09:00,1318.816940245342,1406.2894245157809,1318.816940245342,1325.5455322265625,44139600,0.0,0.0
2000-09-29 00:00:00+09:00,1379.37493908121,1406.289505688272,1359.18896484375,1359.18896484375,22075200,0.0,0.0
2000-10-02 00:00:00+09:00,1330.9287640193602,1371.300717441946,1321.5085758445305,1365.917724609375,24224400,0.0,0.0
2000-10-03 00:00:00+09:00,1339.0028491476278,1363.2260156735285,1333.6198575434385,1344.3857421875,20565000,0.0,0.0
2000-10-04 00:00:00+09:00,1332.2738336802956,1352.4598008572698,1318.8165550837439,1348.422607421875,20475000,0.0,0.0
2000-10-05 00:00:00+09:00,1357.8429268224777,1369.954509218013,1306.7052001953125,1306.7052001953125,18640800,0.0,0.0
2000-10-06 00:00:00+09:00,1279.790581007933,1290.5564652276498,1211.1582785564035,1258.2589111328125,31581000,0.0,0.0
2000-10-09 00:00:00+09:00,1258.2589111328125,1258.2589111328125,1258.2589111328125,1258.2589111328125,0,0.0,0.0
2000-10-10 00:00:00+09:00,1177.515152959572,1211.158409250649,1157.3291794720612,1166.749267578125,40483800,0.0,0.0
2000-10-11 00:00:00+09:00,1153.2918746596138,1186.9351277384726,1122.3400187459026,1154.6375732421875,33184800,0.0,0.0
2000-10-12 00:00:00+09:00,1116.9572596244145,1143.8718258852166,1077.9310104126278,1103.4998779296875,56134800,0.0,0.0
2000-10-13 00:00:00+09:00,1069.856452929023,1169.440608446369,1055.0533748135997,1164.0576171875,48348000,0.0,0.0
2000-10-16 00:00:00+09:00,1164.0576171875,1164.0576171875,1164.0576171875,1164.0576171875,0,0.0,0.0
2000-10-17 00:00:00+09:00,1177.5148540332746,1177.5148540332746,1067.1648279390133,1069.8563232421875,36250200,0.0,0.0
2000-10-18 00:00:00+09:00,1042.9415219141185,1042.9415219141185,978.3464320703685,1009.2982788085938,61236000,0.0,0.0
2000-10-19 00:00:00+09:00,1049.6701907040028,1123.6853636040112,990.4579932454261,1077.9305419921875,49966200,0.0,0.0
2000-10-20 00:00:00+09:00,1172.132388539137,1185.589772519582,1130.4147347541805,1151.9464111328125,37897200,0.0,0.0
2000-10-23 00:00:00+09:00,1151.9459404376742,1169.4405127509497,1060.436279296875,1060.436279296875,25479000,0.0,0.0
2000-10-24 00:00:00+09:00,1063.1278699356446,1106.1913115110428,1048.324888897477,1083.3138427734375,21250800,0.0,0.0
2000-10-25 00:00:00+09:00,1083.3138860536621,1106.1913557052612,1032.1761518644284,1033.5218505859375,27142200,0.0,0.0
2000-10-26 00:00:00+09:00,993.1498021727602,1009.2985794438621,968.9266362661076,1007.952880859375,32097600,0.0,0.0
2000-10-27 00:00:00+09:00,1007.952880859375,1007.952880859375,1007.952880859375,1007.952880859375,0,0.0,0.0
2000-10-30 00:00:00+09:00,1006.6070631424652,1010.6442573777482,909.7144014956724,920.4802856445312,34840800,0.0,0.0
2000-10-31 00:00:00+09:00,907.0230030220152,909.7144001319612,850.5022838127804,881.4540405273438,65152800,0.0,0.0
2000-11-01 00:00:00+09:00,921.8261304358138,968.9267701740506,911.0603431434319,956.815185546875,57150000,0.0,0.0
2000-11-02 00:00:00+09:00,952.777978515625,968.9267578125,915.0975263443589,948.7407836914062,26454600,0.0,0.0
2000-11-03 00:00:00+09:00,948.7407836914062,948.7407836914062,948.7407836914062,948.7407836914062,0,0.0,0.0
2000-11-06 00:00:00+09:00,971.6181921138646,1083.3138427734375,964.8895016464935,1083.3138427734375,48117600,0.0,0.0
2000-11-07 00:00:00+09:00,1076.58538266116,1155.9834864998259,1063.1280000790252,1111.5743408203125,51598800,0.0,0.0
2000-11-08 00:00:00+09:00,1098.116867478081,1166.749171695461,1076.585197048969,1143.8717041015625,45664200,0.0,0.0
2000-11-09 00:00:00+09:00,1090.0423254649045,1108.8825960437564,1069.8563564748135,1087.350830078125,31114800,0.0,0.0
2000-11-10 00:00:00+09:00,1049.6702099609374,1049.6702099609374,994.495204531306,1009.2982788085938,38790000,0.0,0.0
2000-11-13 00:00:00+09:00,901.6400493143623,943.3577904675531,889.5284661210455,924.5175170898438,48432600,0.0,0.0
2000-11-14 00:00:00+09:00,935.2836744836754,985.0757203918708,924.5177867612231,942.0122680664062,40217400,0.0,0.0
2000-11-15 00:00:00+09:00,1009.2985878805702,1025.4473652866593,971.6181401211339,975.6553344726562,31465800,0.0,0.0
2000-11-16 00:00:00+09:00,971.6180574269373,979.6924454427725,915.0973413160909,927.2089233398438,31134600,0.0,0.0
2000-11-17 00:00:00+09:00,901.6403803943891,963.5441162673336,894.9117863035906,950.0867309570312,27333000,0.0,0.0
2000-11-20 00:00:00+09:00,923.1719159927965,940.6663940429687,898.948747047484,908.3688354492188,24832800,0.0,0.0
2000-11-21 00:00:00+09:00,881.4539977984986,902.9857650201778,877.4168037649722,894.911376953125,31777200,0.0,0.0
2000-11-22 00:00:00+09:00,881.454045282677,890.874230911245,814.1674908598756,828.9705200195312,57474000,0.0,0.0
2000-11-23 00:00:00+09:00,828.9705200195312,828.9705200195312,828.9705200195312,828.9705200195312,0,0.0,0.0
2000-11-24 00:00:00+09:00,775.1413709170854,820.8962599333281,760.3383403304308,803.4017333984375,65215800,0.0,0.0
2000-11-27 00:00:00+09:00,843.7737619516494,874.7256233947647,827.6249818186035,858.5768432617188,39709800,0.0,0.0
2000-11-28 00:00:00+09:00,818.2046704466132,858.5766615153146,793.9815053746856,839.7363891601562,23729400,0.0,0.0
2000-11-29 00:00:00+09:00,795.3271930309685,799.3643869042221,779.1784175379539,793.9814453125,25261200,0.0,0.0
2000-11-30 00:00:00+09:00,764.3753183353056,791.2899252145402,760.3381248393131,779.1783447265625,27108000,0.0,0.0
2000-12-01 00:00:00+09:00,765.7211928867338,827.6248571672826,764.3754942664374,824.9334106445312,28965600,0.0,0.0
2000-12-04 00:00:00+09:00,834.3535749901998,859.9224410073184,802.0559692382812,802.0559692382812,18032400,0.0,0.0
2000-12-05 00:00:00+09:00,820.896365664316,822.2420645295982,780.5244140625,780.5244140625,18763200,0.0,0.0
2000-12-06 00:00:00+09:00,846.4650223770662,846.4650223770662,807.4387817382812,807.4387817382812,37542600,0.0,0.0
2000-12-07 00:00:00+09:00,775.1414102439373,785.9072467366042,753.6096879764401,760.33837890625,34990200,0.0,0.0
2000-12-08 00:00:00+09:00,753.609501449757,753.609501449757,706.5089230098195,721.3119506835938,48862800,0.0,0.0
2000-12-11 00:00:00+09:00,748.2267142562719,758.9925495962078,705.1632743322112,718.62060546875,34264800,0.0,0.0
2000-12-12 00:00:00+09:00,701.1260051635373,715.9290826200338,672.8656472875117,683.6315307617188,51946200,0.0,0.0
2000-12-13 00:00:00+09:00,670.1743300417636,767.0670042646692,639.2225199812785,758.9926147460938,102425400,0.0,0.0
2000-12-14 00:00:00+09:00,718.6205650152162,761.6839532329376,690.360205716865,694.3973999023438,54788400,0.0,0.0
2000-12-15 00:00:00+09:00,667.4830163484767,680.9403020404911,656.7171286562582,666.1372680664062,32995800,0.0,0.0
2000-12-18 00:00:00+09:00,659.4084042398163,668.8284912109375,637.8766853532495,668.8284912109375,28765800,0.0,0.0
2000-12-19 00:00:00+09:00,655.3711844712035,656.7168829676535,619.0364379882812,619.0364379882812,42305400,0.0,0.0
2000-12-20 00:00:00+09:00,551.7499389648438,577.3188557640666,551.7499389648438,551.7499389648438,70704000,0.0,0.0
2000-12-21 00:00:00+09:00,497.92077713211677,526.1811446315742,484.46344284784226,508.6866149902344,126523800,0.0,0.0
2000-12-22 00:00:00+09:00,522.1439134900487,536.946945690725,501.9579380881418,515.4152221679688,52655400,0.0,0.0
2000-12-25 00:00:00+09:00,543.6755403912567,549.0584831237793,503.3035931027436,516.7609252929688,47185200,0.0,0.0
2000-12-26 00:00:00+09:00,510.0321704902756,534.2553334800699,495.2290935861893,530.2181396484375,36097200,0.0,0.0
2000-12-27 00:00:00+09:00,536.9468885922263,593.4676137071975,527.526751312344,569.2444458007812,96168600,0.0,0.0
2000-12-28 00:00:00+09:00,575.9728766442107,590.7759511433362,545.0210787242866,547.7125244140625,37117800,0.0,0.0
2000-12-29 00:00:00+09:00,538.2925037132377,545.0211433769279,534.2553100585938,534.2553100585938,17139600,0.0,0.0
2001-01-01 00:00:00+09:00,534.2553100585938,534.2553100585938,534.2553100585938,534.2553100585938,0,0.0,0.0
2001-01-02 00:00:00+09:00,534.2553100585938,534.2553100585938,534.2553100585938,534.2553100585938,0,0.0,0.0
2001-01-03 00:00:00+09:00,534.2553100585938,534.2553100585938,534.2553100585938,534.2553100585938,0,0.0,0.0
2001-01-04 00:00:00+09:00,561.1700934207801,566.5530364037633,526.1810872368006,532.9097290039062,29995200,0.0,0.0
2001-01-05 00:00:00+09:00,526.1810347485529,536.946870358428,514.0694512066334,527.5267333984375,26134200,0.0,0.0
2001-01-08 00:00:00+09:00,527.5267333984375,527.5267333984375,527.5267333984375,527.5267333984375,0,0.0,0.0
2001-01-09 00:00:00+09:00,504.6492531637971,511.37789344526317,471.0059531921594,473.69744873046875,41279400,0.0,0.0
2001-01-10 00:00:00+09:00,480.426064962386,487.15470490702455,457.54864972489423,458.89434814453125,46476000,0.0,0.0
2001-01-11 00:00:00+09:00,445.4371360619399,449.47433049971534,401.02797260533106,403.04656982421875,85843800,0.0,0.0
2001-01-12 00:00:00+09:00,422.55969858116583,431.9798360437757,406.4109443047226,426.5968933105469,72442800,0.0,0.0
2001-01-15 00:00:00+09:00,446.7828754754293,493.8835144042969,446.7828754754293,493.8835144042969,80010000,0.0,0.0
2001-01-16 00:00:00+09:00,507.3406528395349,534.2553100585938,483.1174909116715,534.2553100585938,100677600,0.0,0.0
2001-01-17 00:00:00+09:00,540.9840186202287,601.5419311523438,522.143795593178,601.5419311523438,132773400,0.0,0.0
2001-01-18 00:00:00+09:00,645.9510999808282,668.8285183444299,625.7651281064274,658.0626831054688,137665800,0.0,0.0
2001-01-19 00:00:00+09:00,691.7059893958545,725.3492431640625,667.482823027309,725.3492431640625,118288800,0.0,0.0
2001-01-22 00:00:00+09:00,738.8065664386222,784.5614521900758,683.6315933869853,730.732177734375,182840400,0.0,0.0
2001-01-23 00:00:00+09:00,699.7802781447341,725.3491394681006,687.6686966919337,701.1259765625,72977400,0.0,0.0
2001-01-24 00:00:00+09:00,733.4235414969679,831.6619427472467,719.9662613622983,814.1674194335938,209966400,0.0,0.0
2001-01-25 00:00:00+09:00,948.7407836914062,948.7407836914062,948.7407836914062,948.7407836914062,11086200,0.0,0.0
2001-01-26 00:00:00+09:00,921.8259414933638,1076.5851123854357,898.9485742628757,929.9003295898438,203585400,0.0,0.0
2001-01-29 00:00:00+09:00,902.9858768644148,921.8260523115524,841.0821616400494,847.8108520507812,101851200,0.0,0.0
2001-01-30 00:00:00+09:00,888.182861328125,933.9377031478285,850.5024091568589,928.5548095703125,109207800,0.0,0.0
2001-01-31 00:00:00+09:00,939.3205805615869,960.8522508061119,905.6772287593927,935.2833862304688,96440400,0.0,0.0
2001-02-01 00:00:00+09:00,889.5283858655514,912.4058515769703,878.7626008190193,894.911376953125,68166000,0.0,0.0
2001-02-02 00:00:00+09:00,894.9115011686987,921.8260660851339,855.88525390625,855.88525390625,58075200,0.0,0.0
2001-02-05 00:00:00+09:00,788.5986546428161,799.3644899316816,749.5724093166319,764.37548828125,89748000,0.0,0.0
2001-02-06 00:00:00+09:00,764.3754007007582,847.8107255144818,761.683905225309,827.624755859375,99140400,0.0,0.0
2001-02-07 00:00:00+09:00,841.0822904185459,858.5768684521876,787.2530545838314,800.7103881835938,75369600,0.0,0.0
2001-02-08 00:00:00+09:00,773.7957209840691,802.0560870460528,760.3384366664742,800.7103881835938,53496000,0.0,0.0
2001-02-09 00:00:00+09:00,787.252963429833,847.8108836936664,780.5243220501277,830.31640625,69352200,0.0,0.0
2001-02-12 00:00:00+09:00,830.31640625,830.31640625,830.31640625,830.31640625,0,0.0,0.0
2001-02-13 00:00:00+09:00,841.0822136132244,841.0822136132244,799.3645670431869,812.8218994140625,33206400,0.0,0.0
2001-02-14 00:00:00+09:00,785.9072184392156,814.167581336816,767.0669929348693,791.2901611328125,51247800,0.0,0.0
2001-02-15 00:00:00+09:00,812.821789418242,823.5876242887488,776.487041287856,781.8699340820312,43392600,0.0,0.0
2001-02-16 00:00:00+09:00,795.3273170872739,802.0559581648558,763.0297610634252,767.0669555664062,40989600,0.0,0.0
2001-02-19 00:00:00+09:00,740.1524336902785,742.8438805983914,709.2005724772351,737.4609375,61144200,0.0,0.0
2001-02-20 00:00:00+09:00,717.2749073552349,757.6468542848384,717.2749073552349,750.918212890625,28690200,0.0,0.0
2001-02-21 00:00:00+09:00,724.0033465422268,732.0777331234333,709.2002716219185,717.274658203125,34135200,0.0,0.0
2001-02-22 00:00:00+09:00,676.9028363865215,709.2003880118372,666.1370022721339,697.0888061523438,63010800,0.0,0.0
2001-02-23 00:00:00+09:00,686.3229886361371,748.2266471758007,686.3229886361371,744.189453125,59265000,0.0,0.0
2001-02-26 00:00:00+09:00,767.0669486692532,771.1041431359334,725.3492560861706,733.4236450195312,43585200,0.0,0.0
2001-02-27 00:00:00+09:00,746.8809630301557,750.9181574249133,719.9663501591577,725.3492431640625,17949600,0.0,0.0
2001-02-28 00:00:00+09:00,694.3974938871077,707.854826087501,684.9773564186161,705.163330078125,28125000,0.0,0.0
2001-03-01 00:00:00+09:00,693.0517458824196,734.7694412061255,686.3231044233041,705.163330078125,30713400,0.0,0.0
2001-03-02 00:00:00+09:00,714.5834798473405,730.7322590529301,693.0517578125,693.0517578125,38916000,0.0,0.0
2001-03-05 00:00:00+09:00,675.5571532759353,684.9772398592933,632.4937172754417,652.6796875,59506200,0.0,0.0
2001-03-06 00:00:00+09:00,686.3229493026488,719.9662475585938,675.5571155448929,719.9662475585938,51053400,0.0,0.0
2001-03-07 00:00:00+09:00,773.7955506430018,777.8327449059777,697.0888596464591,702.4718017578125,96566400,0.0,0.0
2001-03-08 00:00:00+09:00,675.557186986819,693.0516625329897,664.7913028083918,682.2858276367188,63682200,0.0,0.0
2001-03-09 00:00:00+09:00,655.3713941397327,680.9402651382065,652.6798977214524,662.1000366210938,50394600,0.0,0.0
2001-03-12 00:00:00+09:00,635.1851504306196,639.2223440789453,600.1961059570312,600.1961059570312,66591000,0.0,0.0
2001-03-13 00:00:00+09:00,534.2553294280672,570.5900736371817,532.9095817336794,562.5156860351562,92817000,0.0,0.0
2001-03-14 00:00:00+09:00,562.5156860351562,562.5156860351562,562.5156860351562,562.5156860351562,0,0.0,0.0
2001-03-15 00:00:00+09:00,504.6493637729699,573.2816772460938,487.15483606811875,573.2816772460938,68680800,0.0,0.0
2001-03-16 00:00:00+09:00,573.2815578351872,596.158974466953,554.4413352726831,566.5529174804688,50787000,0.0,0.0
2001-03-19 00:00:00+09:00,559.8242559235509,593.4675579489494,559.8242559235509,563.8614501953125,33379200,0.0,0.0
2001-03-20 00:00:00+09:00,563.8614501953125,563.8614501953125,563.8614501953125,563.8614501953125,0,0.0,0.0
2001-03-21 00:00:00+09:00,557.1326544577621,578.6643676757812,547.712520684477,578.6643676757812,46328400,0.0,0.0
2001-03-22 00:00:00+09:00,575.9730496300917,598.8505173516327,565.2072143554688,565.2072143554688,47266200,0.0,0.0
2001-03-23 00:00:00+09:00,588.0845357723689,594.8132248307941,562.5156750532333,581.3558959960938,56206800,0.0,0.0
2001-03-26 00:00:00+09:00,601.5420478166648,648.6426391601562,594.8134059910702,648.6426391601562,60494400,0.0,0.0
2001-03-27 00:00:00+09:00,671.9926320292535,715.4345633866293,662.4896893479608,669.2775268554688,111537000,7.0,0.0
2001-03-28 00:00:00+09:00,723.5797727731527,723.5797727731527,688.2832142549403,692.3558959960938,53215200,0.0,0.0
2001-03-29 00:00:00+09:00,665.2048295450886,671.9926171873142,655.7018870736823,658.4169921875,38584800,0.0,0.0
2001-03-30 00:00:00+09:00,665.2048392634856,674.7077321583627,638.0535888671875,638.0535888671875,31903200,0.0,0.0
2001-04-02 00:00:00+09:00,638.0535888671875,680.137992180695,610.902388186253,638.0535888671875,44186400,0.0,0.0
2001-04-03 00:00:00+09:00,627.1932322048062,657.0595931673022,627.1932322048062,640.7688598632812,25345800,0.0,0.0
2001-04-04 00:00:00+09:00,620.4053918355202,625.835602676744,609.5448707223353,613.6175537109375,46893600,0.0,0.0
2001-04-05 00:00:00+09:00,617.6902304756619,632.6234344269812,600.0419708464563,616.3327026367188,53611200,0.0,0.0
2001-04-06 00:00:00+09:00,670.6350813860718,671.9926588849007,642.1263019182276,650.2716674804688,68733000,0.0,0.0
2001-04-09 00:00:00+09:00,624.4779614034621,629.9081712584255,616.3325969056576,617.6901245117188,27243000,0.0,0.0
2001-04-10 00:00:00+09:00,623.1204846440529,627.1931675502233,589.1814438541782,598.6843872070312,35425800,0.0,0.0
2001-04-11 00:00:00+09:00,612.2598708527075,629.9081261917356,604.1145069376621,614.9749755859375,33778800,0.0,0.0
2001-04-12 00:00:00+09:00,628.5507100226976,628.5507100226976,616.3326619858549,624.47802734375,31296600,0.0,0.0
2001-04-13 00:00:00+09:00,638.0536196420943,655.7019282793734,623.1204660046219,625.8355712890625,43470000,0.0,0.0
2001-04-16 00:00:00+09:00,623.1204808779837,624.4780584102913,605.4721718194544,612.260009765625,23817600,0.0,0.0
2001-04-17 00:00:00+09:00,598.6842713330674,601.3993761732228,590.5389070972434,591.896484375,27901800,0.0,0.0
2001-04-18 00:00:00+09:00,610.9024429321289,652.9868500170205,604.1146545824502,651.6292724609375,45898200,0.0,0.0
2001-04-19 00:00:00+09:00,678.780415426554,695.0711457945142,658.4170024666037,662.4896850585938,91949400,0.0,0.0
2001-04-20 00:00:00+09:00,662.4897158238306,674.7077641671924,638.0536191371069,650.2716674804688,39697200,0.0,0.0
2001-04-23 00:00:00+09:00,643.4838219249854,652.9867641370149,631.2657746732451,632.6233520507812,25153200,0.0,0.0
2001-04-24 00:00:00+09:00,610.9024322333174,619.0477979964284,605.4721718194544,612.260009765625,35992800,0.0,0.0
2001-04-25 00:00:00+09:00,610.9022441663241,628.5505477918018,610.9022441663241,619.047607421875,19594800,0.0,0.0
2001-04-26 00:00:00+09:00,610.9022441663241,628.5505477918018,610.9022441663241,619.047607421875,19594800,0.0,0.0
2001-04-27 00:00:00+09:00,628.5506959723105,638.0535888671875,613.6174933397374,638.0535888671875,22390200,0.0,0.0
2001-04-30 00:00:00+09:00,638.0535888671875,638.0535888671875,638.0535888671875,638.0535888671875,0,0.0,0.0
2001-05-01 00:00:00+09:00,651.6292973733282,681.4956567413958,648.9141918727294,677.4229736328125,67987800,0.0,0.0
2001-05-02 00:00:00+09:00,697.7862926931649,731.7252807617188,684.2106676365255,731.7252807617188,126302400,0.0,0.0
2001-05-03 00:00:00+09:00,731.7252807617188,731.7252807617188,731.7252807617188,731.7252807617188,0,0.0,0.0
2001-05-04 00:00:00+09:00,731.7252807617188,731.7252807617188,731.7252807617188,731.7252807617188,0,0.0,0.0
2001-05-07 00:00:00+09:00,741.2282384016299,769.7370168016926,723.5799304393269,767.0219116210938,1200546,0.0,0.0
2001-05-08 00:00:00+09:00,746.658483238631,767.0218959659085,726.2950705113534,731.7252807617188,890982,0.0,0.0
2001-05-09 00:00:00+09:00,739.8704999295275,745.3007588242573,703.216364249646,705.9315185546875,595944,0.0,0.0
2001-05-10 00:00:00+09:00,692.3560989734739,714.0770911993329,689.6409935885044,700.50146484375,365454,0.0,0.0
2001-05-11 00:00:00+09:00,703.2166137695312,716.7922409656715,700.5015082164516,703.2166137695312,263790,0.0,0.0
2001-05-14 00:00:00+09:00,692.3560412828297,695.0711464415627,681.495570932534,686.92578125,214812,0.0,0.0
2001-05-15 00:00:00+09:00,680.1379981775294,720.8648244157049,676.0653155537119,718.1497192382812,42451200,0.0,0.0
2001-05-16 00:00:00+09:00,704.5741247759421,710.0043850839616,681.49560546875,681.49560546875,28220400,0.0,0.0
2001-05-17 00:00:00+09:00,708.6466229607078,711.3617275496923,684.2105325137868,692.3558959960938,33782400,0.0,0.0
2001-05-18 00:00:00+09:00,695.0712058177689,696.4287833707879,676.0653686523438,676.0653686523438,30018600,0.0,0.0
2001-05-21 00:00:00+09:00,677.4227461836487,699.1436823262318,673.3500644424952,692.3558959960938,22260600,0.0,0.0
2001-05-22 00:00:00+09:00,718.1497459584915,723.5799565153808,699.1438598632812,699.1438598632812,44544600,0.0,0.0
2001-05-23 00:00:00+09:00,701.8588366305696,712.7193047018612,692.3558959960938,692.3558959960938,26785800,0.0,0.0
2001-05-24 00:00:00+09:00,680.1380791334113,684.2107622419946,667.9200298076614,677.4229736328125,36783000,0.0,0.0
2001-05-25 00:00:00+09:00,684.2105210415452,686.9256255850053,665.2046898066197,674.7075805664062,21751200,0.0,0.0
2001-05-28 00:00:00+09:00,661.1321880403677,661.1321880403677,648.9141396970059,650.2716674804688,28436400,0.0,0.0
2001-05-29 00:00:00+09:00,654.3443502615894,658.4170330427099,644.8414569158853,650.2716674804688,18860400,0.0,0.0
2001-05-30 00:00:00+09:00,636.6959958346295,639.4111007095931,624.4779493242551,627.1930541992188,22917600,0.0,0.0
2001-05-31 00:00:00+09:00,606.8297653017233,617.6902366995397,604.1146598811115,613.6175537109375,35902800,0.0,0.0
2001-06-01 00:00:00+09:00,620.4054707560566,625.8356822880468,598.6844754819713,600.0420532226562,34218000,0.0,0.0
2001-06-04 00:00:00+09:00,606.8296011305265,608.1871783312389,591.8964507841106,597.32666015625,18140400,0.0,0.0
2001-06-05 00:00:00+09:00,595.9693250081801,601.3995361328125,574.2483313635373,601.3995361328125,29239200,0.0,0.0
2001-06-06 00:00:00+09:00,610.9022830173085,623.1203286776547,597.32666015625,597.32666015625,35411400,0.0,0.0
2001-06-07 00:00:00+09:00,590.5388732910156,610.9022827148438,587.8237686062902,610.9022827148438,15705000,0.0,0.0
2001-06-08 00:00:00+09:00,616.3327889413836,631.2659452684146,616.3327889413836,621.7630004882812,35055000,0.0,0.0
2001-06-11 00:00:00+09:00,609.5448583850296,612.2600134660547,597.3268096665187,598.6843872070312,14072400,0.0,0.0
2001-06-12 00:00:00+09:00,586.4662150930851,589.1813198874711,567.460382101669,574.2481689453125,29606400,0.0,0.0
2001-06-13 00:00:00+09:00,576.9633178710938,585.1086825926403,570.1755305082586,576.9633178710938,22507200,0.0,0.0
2001-06-14 00:00:00+09:00,567.4605990827303,600.042067935033,559.3152318696546,579.6786499023438,34239600,0.0,0.0
2001-06-15 00:00:00+09:00,556.5998480072066,564.7452118790943,552.5271660712627,559.3150024414062,29268000,0.0,0.0
2001-06-18 00:00:00+09:00,552.5271613445435,556.5998432456468,528.0910699379247,534.87890625,31640400,0.0,0.0
2001-06-19 00:00:00+09:00,528.0912139282605,564.7453610323771,528.0912139282605,529.4487915039062,43014600,0.0,0.0
2001-06-20 00:00:00+09:00,533.5213957345579,544.3818655899374,518.5882434689911,532.163818359375,48817800,0.0,0.0
2001-06-21 00:00:00+09:00,552.5271960377737,589.1813354492188,545.7394090148479,589.1813354492188,74550600,0.0,0.0
2001-06-22 00:00:00+09:00,595.969285610489,610.9024397891,575.6058709508522,585.1087646484375,69624000,0.0,0.0
2001-06-25 00:00:00+09:00,578.3209254432363,582.3936080167803,564.7453002929688,564.7453002929688,19330200,0.0,0.0
2001-06-26 00:00:00+09:00,563.3877999973919,572.8906933212345,557.9575397299349,566.1029052734375,24598800,0.0,0.0
2001-06-27 00:00:00+09:00,566.102810914172,578.3208571928951,564.7452336447502,567.4603881835938,17753400,0.0,0.0
2001-06-28 00:00:00+09:00,564.7453207273799,567.460475684895,544.3819071228426,548.45458984375,19486800,0.0,0.0
2001-06-29 00:00:00+09:00,562.030343216641,570.1757105096358,553.8849759236463,555.2425537109375,20118600,0.0,0.0
2001-07-02 00:00:00+09:00,551.1697448012651,552.5272725646574,537.5941191597851,548.45458984375,19724400,0.0,0.0
2001-07-03 00:00:00+09:00,548.45458984375,553.884850043415,543.0243793594502,548.45458984375,11178000,0.0,0.0
2001-07-04 00:00:00+09:00,541.6668585813272,543.0244362021933,526.7337036132812,526.7337036132812,30801600,0.0,0.0
2001-07-05 00:00:00+09:00,522.6608441345284,534.8788894541768,519.9456898088151,524.0183715820312,22834800,0.0,0.0
2001-07-06 00:00:00+09:00,503.65508729626515,507.7277700768694,499.5824045156609,505.0126647949219,34524000,0.0,0.0
2001-07-09 00:00:00+09:00,475.14629121774857,483.2916564941406,467.0009259413565,483.2916564941406,44415000,0.0,0.0
2001-07-10 00:00:00+09:00,488.72198486328125,499.5824568440082,475.14635760084417,488.72198486328125,31098600,0.0,0.0
2001-07-11 00:00:00+09:00,475.14637050078613,480.5766314962636,468.35858154296875,468.35858154296875,25432200,0.0,0.0
2001-07-12 00:00:00+09:00,488.721796364037,498.2247367540106,476.50375145493604,495.50958251953125,42960600,0.0,0.0
2001-07-13 00:00:00+09:00,515.8731144188896,515.8731144188896,481.93412578676305,484.64923095703125,38118600,0.0,0.0
2001-07-16 00:00:00+09:00,477.86160968917636,479.2191378896723,468.3586637087983,475.1464538574219,22894200,0.0,0.0
2001-07-17 00:00:00+09:00,461.5706231084913,462.9281505723827,452.06768228448027,458.85546875,28546200,0.0,0.0
2001-07-18 00:00:00+09:00,461.5708120723865,467.0010235817516,434.4195556640625,434.4195556640625,44755200,0.0,0.0
2001-07-19 00:00:00+09:00,428.9892482372978,461.57070887012134,419.4863056476031,449.3526611328125,65570400,0.0,0.0
2001-07-20 00:00:00+09:00,449.3526611328125,449.3526611328125,449.3526611328125,449.3526611328125,0,0.0,0.0
2001-07-23 00:00:00+09:00,433.06195717118345,437.134639998137,415.41364834926253,418.1287536621094,50590800,0.0,0.0
2001-07-24 00:00:00+09:00,411.34097820233706,442.56486426636866,411.34097820233706,441.20733642578125,51849000,0.0,0.0
2001-07-25 00:00:00+09:00,420.84387559055716,450.71018082895927,419.4862981832252,431.704345703125,63394200,0.0,0.0
2001-07-26 00:00:00+09:00,438.4921910812668,446.6375571677013,431.7044025810278,445.280029296875,35029800,0.0,0.0
2001-07-27 00:00:00+09:00,446.6375396545367,450.71022253805944,438.4921738874912,447.9951171875,28227600,0.0,0.0
2001-07-30 00:00:00+09:00,450.71023738941744,462.9282864425827,407.26830177217505,408.6258544921875,62776800,0.0,0.0
2001-07-31 00:00:00+09:00,420.84386826506,431.70433818858305,412.6984785358964,426.2740783691406,42490800,0.0,0.0
2001-08-01 00:00:00+09:00,431.70444990938,437.1347111341197,422.20150519492915,434.4195556640625,28350000,0.0,0.0
2001-08-02 00:00:00+09:00,442.564856771014,456.14048295454546,438.4921738874912,447.9951171875,38865600,0.0,0.0
2001-08-03 00:00:00+09:00,453.4252702856313,469.7159979639731,445.2799064464604,462.92816162109375,60831000,0.0,0.0
2001-08-06 00:00:00+09:00,447.9951838682245,447.9951838682245,434.4195556640625,434.4195556640625,36246600,0.0,0.0
2001-08-07 00:00:00+09:00,423.5590697717128,458.8556423475645,422.2014920788586,454.782958984375,47649600,0.0,0.0
2001-08-08 00:00:00+09:00,453.42538847180634,460.21317686858004,434.4195014162506,439.8497619628906,30036600,0.0,0.0
2001-08-09 00:00:00+09:00,423.5589570921308,431.7043216515949,420.8438521440961,424.9165344238281,39466800,0.0,0.0
2001-08-10 00:00:00+09:00,427.63167445540887,435.7770396831309,415.4136266138257,416.77117919921875,38385000,0.0,0.0
2001-08-13 00:00:00+09:00,416.77121736125525,418.1287700709538,404.55316840091535,409.9834289550781,42390000,0.0,0.0
2001-08-14 00:00:00+09:00,415.4136084456176,427.6316557528417,409.98337348385616,426.2740783691406,30807000,0.0,0.0
2001-08-15 00:00:00+09:00,420.8438866707618,420.8438866707618,411.3409439999647,416.77117919921875,15865200,0.0,0.0
2001-08-16 00:00:00+09:00,406.58943885624376,411.3409097965527,404.55309771863705,405.9106750488281,27576000,0.0,0.0
2001-08-17 00:00:00+09:00,405.9106672154536,408.6257721080791,398.44406661653494,400.48040771484375,34556400,0.0,0.0
2001-08-20 00:00:00+09:00,393.6927119318857,399.1229478342112,386.9048984107149,388.262451171875,25412400,0.0,0.0
2001-08-21 00:00:00+09:00,393.692560268539,397.08645329284235,385.54719712407046,391.6562194824219,20817000,0.0,0.0
2001-08-22 00:00:00+09:00,381.4745619415009,398.4440539842884,381.4745619415009,384.1896667480469,30141000,0.0,0.0
2001-08-23 00:00:00+09:00,389.6200820784585,390.2988461230295,351.60835099031857,352.2871398925781,54554400,0.0,0.0
2001-08-24 00:00:00+09:00,357.7173810643147,362.4688537248817,344.820565762001,348.89324951171875,44965800,0.0,0.0
2001-08-27 00:00:00+09:00,370.61415534653844,370.61415534653844,359.75365899188057,361.1112365722656,25225200,0.0,0.0
2001-08-28 00:00:00+09:00,354.3233694893973,357.0384993805736,346.1780046735491,356.3597106933594,26200800,0.0,0.0
2001-08-29 00:00:00+09:00,342.7841796875,348.2144157010361,340.06904925188906,342.7841796875,29451600,0.0,0.0
2001-08-30 00:00:00+09:00,332.6023641833146,338.7113870467366,319.70552985241994,333.2811279296875,55346400,0.0,0.0
2001-08-31 00:00:00+09:00,316.99042062215364,327.1721260474656,313.5965270996094,313.5965270996094,47736000,0.0,0.0
2001-09-03 00:00:00+09:00,313.59660560344827,314.9541583807715,278.97879849137934,295.26953125,90203400,0.0,0.0
2001-09-04 00:00:00+09:00,293.9119883126066,320.3844299316406,286.44538564313945,320.3844299316406,86385600,0.0,0.0
2001-09-05 00:00:00+09:00,305.45115259148025,330.56603342378367,295.9482361300826,302.73602294921875,88365600,0.0,0.0
2001-09-06 00:00:00+09:00,304.0936602413059,346.1780412885264,302.0573188219616,339.3902282714844,98220600,0.0,0.0
2001-09-07 00:00:00+09:00,328.52970429270675,366.54139637123836,325.1357859026683,332.6023864746094,157737600,0.0,0.0
2001-09-10 00:00:00+09:00,325.81463623046875,343.46292074039116,314.9541400702251,325.81463623046875,76854600,0.0,0.0
2001-09-11 00:00:00+09:00,342.1054035684199,350.25077032004896,333.9600368167909,345.4992980957031,71922600,0.0,0.0
2001-09-12 00:00:00+09:00,318.3480224609375,329.20849251345857,318.3480224609375,318.3480224609375,35184600,0.0,0.0
2001-09-13 00:00:00+09:00,318.3480567336183,327.17218649406874,300.0209835820436,304.7724304199219,63396000,0.0,0.0
2001-09-14 00:00:00+09:00,301.37858032169476,323.0995507977228,296.627107931628,310.8815002441406,61725600,0.0,0.0
2001-09-17 00:00:00+09:00,300.0209135535173,302.73601829637107,285.0877380371094,285.0877380371094,49519800,0.0,0.0
2001-09-18 00:00:00+09:00,306.80873998012277,321.06312872699516,300.0209523867329,311.5602111816406,55785600,0.0,0.0
2001-09-19 00:00:00+09:00,319.70562352299083,340.7478278369383,319.0268347200619,323.0995178222656,62542800,0.0,0.0
2001-09-20 00:00:00+09:00,318.34810326534364,326.49347030106514,309.5239473574162,310.8815002441406,41056200,0.0,0.0
2001-09-21 00:00:00+09:00,294.5906294565354,310.2025922681254,291.8755249431357,309.5238037109375,36295200,0.0,0.0
2001-09-24 00:00:00+09:00,309.5238037109375,309.5238037109375,309.5238037109375,309.5238037109375,0,0.0,0.0
2001-09-25 00:00:00+09:00,331.2449271246053,333.28126894065343,304.0937194824219,304.0937194824219,38134800,0.0,0.0
2001-09-26 00:00:00+09:00,302.7361096669862,306.80879286814604,298.6634264658263,300.69976806640625,24156000,0.0,0.0
2001-09-27 00:00:00+09:00,295.2694971967073,302.73607389739647,286.4453430175781,286.4453430175781,53141400,0.0,0.0
2001-09-28 00:00:00+09:00,286.4453430175781,286.4453430175781,286.4453430175781,286.4453430175781,0,0.0,0.0
2001-10-01 00:00:00+09:00,283.73023777606346,295.2694971967073,275.5848723361543,286.4453430175781,65966400,0.0,0.0
2001-10-02 00:00:00+09:00,287.80287795167595,295.9482421875,283.7301958337639,295.9482421875,36523800,0.0,0.0
2001-10-03 00:00:00+09:00,301.378416189063,306.12988599144853,285.7664794921875,285.7664794921875,53740800,0.0,0.0
2001-10-04 00:00:00+09:00,296.62708402732324,300.0210032571595,291.19684806034485,295.26953125,33917400,0.0,0.0
2001-10-05 00:00:00+09:00,297.98466250409007,306.80879286814604,293.91197930293026,300.69976806640625,50383800,0.0,0.0
2001-10-08 00:00:00+09:00,300.69976806640625,300.69976806640625,300.69976806640625,300.69976806640625,0,0.0,0.0
2001-10-09 00:00:00+09:00,297.3058265363666,299.342167814013,289.16046142578125,289.16046142578125,27216000,0.0,0.0
2001-10-10 00:00:00+09:00,285.766641344634,292.5544307837384,282.37272176739384,289.8393249511719,35173800,0.0,0.0
2001-10-11 00:00:00+09:00,300.69972278800617,319.02679443359375,297.3058289173098,319.02679443359375,86317200,0.0,0.0
2001-10-12 00:00:00+09:00,339.39020241476993,348.214356178881,328.5297322441363,329.20849609375,123170400,0.0,0.0
2001-10-15 00:00:00+09:00,323.77830662519455,334.6388031836328,322.42075387702164,323.0995178222656,42654600,0.0,0.0
2001-10-16 00:00:00+09:00,323.0995045683932,351.6082851143597,322.4207406509928,350.250732421875,88412400,0.0,0.0
2001-10-17 00:00:00+09:00,366.5414350172503,404.5531311035156,365.8626462961392,404.5531311035156,169371000,0.0,0.0
2001-10-18 00:00:00+09:00,399.80161410883505,423.5589168650528,377.4018636977024,378.08062744140625,205691400,0.0,0.0
2001-10-19 00:00:00+09:00,385.5473310343983,411.34098166477673,378.75951777053695,409.9834289550781,156232800,0.0,0.0
2001-10-22 00:00:00+09:00,430.34680075293625,441.20732139997693,411.34096419366466,412.6985168457031,198162000,0.0,0.0
2001-10-23 00:00:00+09:00,433.06195577237963,433.06195577237963,395.05023293847,412.6985168457031,164408400,0.0,0.0
2001-10-24 00:00:00+09:00,407.2682613861037,423.5589918415478,403.19557877224264,416.77117919921875,98731800,0.0,0.0
2001-10-25 00:00:00+09:00,423.5589801084648,430.3467677050822,414.0560625585917,419.4862976074219,68792400,0.0,0.0
2001-10-26 00:00:00+09:00,426.2740615672152,427.6316388974063,404.55309771863705,405.9106750488281,65154600,0.0,0.0
2001-10-29 00:00:00+09:00,378.7595225016276,384.18975826593527,362.46879035101995,366.5414733886719,106135200,0.0,0.0
2001-10-30 00:00:00+09:00,344.82039579292564,360.4323341855015,343.46281864040486,352.96575927734375,94955400,0.0,0.0
2001-10-31 00:00:00+09:00,352.96586384423716,362.46878243875943,348.21439211813407,355.68096923828125,56644200,0.0,0.0
2001-11-01 00:00:00+09:00,363.8263164998494,367.22023535508697,350.2507156519472,350.92950439453125,43434000,0.0,0.0
2001-11-02 00:00:00+09:00,358.3961654398483,361.7900602357688,349.57200914122853,352.2871398925781,47804400,0.0,0.0
2001-11-05 00:00:00+09:00,349.57186650945283,351.60820752767813,334.6387156142528,344.1416320800781,39670200,0.0,0.0
2001-11-06 00:00:00+09:00,352.96587052069333,361.1112365722656,344.8205044691211,361.1112365722656,68603400,0.0,0.0
2001-11-07 00:00:00+09:00,363.82632530361565,365.1839028216341,339.3902282714844,339.3902282714844,62728200,0.0,0.0
2001-11-08 00:00:00+09:00,342.10539086417583,345.4992852654252,333.2812355917046,342.7841796875,28218600,0.0,0.0
2001-11-09 00:00:00+09:00,342.7841796875,342.7841796875,342.7841796875,342.7841796875,0,0.0,0.0
2001-11-12 00:00:00+09:00,326.4933677921516,328.5297089117333,314.27532107466175,315.63287353515625,35620200,0.0,0.0
2001-11-13 00:00:00+09:00,312.2390449939462,335.31756591796875,304.77244276174633,335.31756591796875,56525400,0.0,0.0
2001-11-14 00:00:00+09:00,342.1053239275638,344.82045383193014,326.4933829072392,328.52972412109375,50320800,0.0,0.0
2001-11-15 00:00:00+09:00,335.99629553444447,361.1111784360439,332.6024018452425,359.75360107421875,66414600,0.0,0.0
2001-11-16 00:00:00+09:00,363.14757808515867,371.971708069239,355.6809759660945,361.1112365722656,62251200,0.0,0.0
2001-11-19 00:00:00+09:00,365.1838765284045,372.6504529091791,362.4687465455403,365.8626403808594,36721800,0.0,0.0
2001-11-20 00:00:00+09:00,376.7231779841484,377.4019667709155,357.03855174474535,357.7173156738281,45088200,0.0,0.0
2001-11-21 00:00:00+09:00,341.42657659943177,349.57194244162645,335.9963409905299,344.82049560546875,54563400,0.0,0.0
2001-11-22 00:00:00+09:00,343.4629007798986,348.89316097328054,338.7114541827926,347.53558349609375,26913600,0.0,0.0
2001-11-23 00:00:00+09:00,347.53558349609375,347.53558349609375,347.53558349609375,347.53558349609375,0,0.0,0.0
2001-11-26 00:00:00+09:00,356.359722727357,367.2202178011322,352.96582889203796,365.8626403808594,43281000,0.0,0.0
2001-11-27 00:00:00+09:00,371.2928567727569,398.4440539842884,369.2565157390081,384.1896667480469,138684600,0.0,0.0
2001-11-28 00:00:00+09:00,376.72311078149215,395.05018103572695,374.6867696421328,380.11700439453125,96186600,0.0,0.0
2001-11-29 00:00:00+09:00,369.93536763415364,376.04439219063147,361.11123762436415,366.5414733886719,54187200,0.0,0.0
2001-11-30 00:00:00+09:00,377.40191880930917,379.43826005314054,363.8262939453125,363.8262939453125,30438000,0.0,0.0
2001-12-03 00:00:00+09:00,358.3961116996762,359.0749005001539,335.31756591796875,335.31756591796875,59261400,0.0,0.0
2001-12-04 00:00:00+09:00,336.6750459059649,343.46283251200384,332.6023639992705,340.0689392089844,42517800,0.0,0.0
2001-12-05 00:00:00+09:00,350.9295223698621,355.68096923828125,346.178050643759,355.68096923828125,34349400,0.0,0.0
2001-12-06 00:00:00+09:00,371.971708069239,376.04439109502516,359.75365899188057,361.1112365722656,60499800,0.0,0.0
2001-12-07 00:00:00+09:00,377.4019697749718,378.7595225016276,363.1475791431901,366.5414733886719,45185400,0.0,0.0
2001-12-10 00:00:00+09:00,362.46876174137026,363.82631436087445,347.53558349609375,347.53558349609375,28247400,0.0,0.0
2001-12-11 00:00:00+09:00,336.6751229508143,344.82048862819136,335.31754543279584,339.3902282714844,50625000,0.0,0.0
2001-12-12 00:00:00+09:00,337.3538480385891,359.75360107421875,336.675084215357,359.75360107421875,44571600,0.0,0.0
2001-12-13 00:00:00+09:00,348.89315946319454,351.60826469045134,338.7114527167752,342.1053466796875,36554400,0.0,0.0
2001-12-14 00:00:00+09:00,331.24483615460497,340.06898988665955,331.24483615460497,335.9963073730469,43966800,0.0,0.0
2001-12-17 00:00:00+09:00,335.99622579721307,338.0325665596204,314.2752659507597,317.6691589355469,47500200,0.0,0.0
2001-12-18 00:00:00+09:00,316.311725137143,319.70561939257055,263.3668454925135,265.8104553222656,163587600,0.0,0.0
2001-12-19 00:00:00+09:00,261.73774514213676,297.9846205262741,261.73774514213676,291.1968078613281,132879600,0.0,0.0
2001-12-20 00:00:00+09:00,290.517972380495,291.8755496095999,278.29992646461886,285.0877380371094,51181200,0.0,0.0
2001-12-21 00:00:00+09:00,275.5848388671875,283.73020331786614,271.3763839958838,275.5848388671875,64085400,0.0,0.0
2001-12-24 00:00:00+09:00,275.5848388671875,275.5848388671875,275.5848388671875,275.5848388671875,0,0.0,0.0
2001-12-25 00:00:00+09:00,278.97879514832425,282.3726894798054,271.5122176759917,281.01513671875,31298400,0.0,0.0
2001-12-26 00:00:00+09:00,281.0150735484134,281.69386220519647,273.5484977545178,275.5848388671875,18856800,0.0,0.0
2001-12-27 00:00:00+09:00,281.0151112508431,286.44534666061725,279.6575586128203,283.05145263671875,30313800,0.0,0.0
2001-12-28 00:00:00+09:00,288.4817731235495,290.51811510996913,285.0878780987469,287.8030090332031,17713800,0.0,0.0
2001-12-31 00:00:00+09:00,287.8030090332031,287.8030090332031,287.8030090332031,287.8030090332031,0,0.0,0.0
2002-01-01 00:00:00+09:00,287.8030090332031,287.8030090332031,287.8030090332031,287.8030090332031,0,0.0,0.0
2002-01-02 00:00:00+09:00,287.8030090332031,287.8030090332031,287.8030090332031,287.8030090332031,0,0.0,0.0
2002-01-03 00:00:00+09:00,287.8030090332031,287.8030090332031,287.8030090332031,287.8030090332031,0,0.0,0.0
2002-01-04 00:00:00+09:00,297.30578852237414,304.0936001991887,291.8755540955295,302.73602294921875,23045400,0.0,0.0
2002-01-07 00:00:00+09:00,310.20269775390625,314.27538076661534,307.4875674595387,310.20269775390625,34144200,0.0,0.0
2002-01-08 00:00:00+09:00,306.1300048828125,310.8814516728381,302.05732200125703,306.1300048828125,30522600,0.0,0.0
2002-01-09 00:00:00+09:00,306.12992995744196,310.8813755845502,302.73601181501897,305.4511413574219,22352400,0.0,0.0
2002-01-10 00:00:00+09:00,306.80882340662083,308.1664011805921,289.1605360641862,289.8393249511719,23272200,0.0,0.0
2002-01-11 00:00:00+09:00,287.1241087554475,293.2331323459889,285.0877675586004,291.8755798339844,21024000,0.0,0.0
2002-01-14 00:00:00+09:00,291.8755798339844,291.8755798339844,291.8755798339844,291.8755798339844,0,0.0,0.0
2002-01-15 00:00:00+09:00,281.0151941259076,288.4817731235495,280.33640517787103,287.8030090332031,26659800,0.0,0.0
2002-01-16 00:00:00+09:00,283.73023777606346,291.87560321597266,282.37266029762355,286.4453430175781,17514000,0.0,0.0
2002-01-17 00:00:00+09:00,283.73023777606346,288.48168437755544,278.299977577669,286.4453430175781,18138600,0.0,0.0
2002-01-18 00:00:00+09:00,291.19678698053497,302.0572814941406,289.83923448796435,302.0572814941406,37283400,0.0,0.0
2002-01-21 00:00:00+09:00,298.66341464213224,304.09367526715886,293.23317887479027,303.4148864746094,20304000,0.0,0.0
2002-01-22 00:00:00+09:00,300.0209421961914,305.45117705799566,287.1241064345159,288.4816589355469,23322600,0.0,0.0
2002-01-23 00:00:00+09:00,283.0514490368435,286.4453430175781,280.33631893764624,286.4453430175781,23733000,0.0,0.0
2002-01-24 00:00:00+09:00,285.0878028200359,286.44535549995106,278.29998970509286,281.69390869140625,20656800,0.0,0.0
2002-01-25 00:00:00+09:00,282.37260593954716,283.730183156647,275.5848192847593,279.6575012207031,22122000,0.0,0.0
2002-01-28 00:00:00+09:00,285.0877801480742,290.5180152935722,279.6575450025762,282.3726501464844,21916800,0.0,0.0
2002-01-29 00:00:00+09:00,280.33632791639485,282.3726693415931,269.4758568871266,272.8697509765625,24022800,0.0,0.0
2002-01-30 00:00:00+09:00,259.2941400947049,268.79705810546875,259.2941400947049,268.79705810546875,35276400,0.0,0.0
2002-01-31 00:00:00+09:00,268.79705810546875,268.79705810546875,268.79705810546875,268.79705810546875,0,0.0,0.0
2002-02-01 00:00:00+09:00,274.22721668212677,274.90600522784047,260.9231401614026,263.63824462890625,33098400,0.0,0.0
2002-02-04 00:00:00+09:00,259.2941082293413,259.97287202389913,251.963280272825,252.6420440673828,38057400,0.0,0.0
2002-02-05 00:00:00+09:00,244.49671489346485,248.02638159283134,238.52346338091607,240.2882843017578,54043200,0.0,0.0
2002-02-06 00:00:00+09:00,238.2519158917388,245.4469962814853,233.50044489575376,236.8943634033203,46018800,0.0,0.0
2002-02-07 00:00:00+09:00,237.57312246101247,260.5159156592144,236.4870904350988,253.7281036376953,47829600,0.0,0.0
2002-02-08 00:00:00+09:00,241.51011418660482,249.7912284220041,240.83132536617728,244.36099243164062,38896200,0.0,0.0
2002-02-11 00:00:00+09:00,244.36099243164062,244.36099243164062,244.36099243164062,244.36099243164062,0,0.0,0.0
2002-02-12 00:00:00+09:00,251.14883506038527,256.5790716777213,240.9671258668249,243.27496337890625,34450200,0.0,0.0
2002-02-13 00:00:00+09:00,243.00343641563026,245.7185419458483,240.28830602772697,241.78163146972656,17145000,0.0,0.0
2002-02-14 00:00:00+09:00,245.85431789350696,251.69182220458984,242.59617132775176,244.36099243164062,19134000,0.0,0.0
2002-02-15 00:00:00+09:00,241.5101409998226,241.64588883590503,228.88482165581837,230.78541564941406,86428800,0.0,0.0
2002-02-18 00:00:00+09:00,226.7126949449229,228.0702476569864,217.34552405901098,217.75279235839844,53573400,0.0,0.0
2002-02-19 00:00:00+09:00,221.82542955337593,226.16960727813782,209.33586266490732,223.8617706298828,74727000,0.0,0.0
2002-02-20 00:00:00+09:00,215.7164071000363,219.9248370540667,212.59400915226448,214.76609802246094,36885600,0.0,0.0
2002-02-21 00:00:00+09:00,217.3455218508919,222.3684892064119,214.0873754888932,220.60366821289062,38642400,0.0,0.0
2002-02-22 00:00:00+09:00,219.92486246258554,245.71851088526634,214.49462723088487,241.6458282470703,98101800,0.0,0.0
2002-02-25 00:00:00+09:00,245.7184972884713,249.65543190677184,237.70890511501673,238.9307098388672,54644400,0.0,0.0
2002-02-26 00:00:00+09:00,243.00337735513193,246.80453908819902,231.59986729825144,232.14288330078125,43651800,0.0,0.0
2002-02-27 00:00:00+09:00,233.50051650684483,245.31129886554743,231.8714430780583,241.9174041748047,39972600,0.0,0.0
2002-02-28 00:00:00+09:00,245.9900390828112,255.7644777218633,243.00341334010625,244.7682342529297,55992600,0.0,0.0
2002-03-01 00:00:00+09:00,246.3973545157546,252.09911147975555,243.00345984688803,251.96336364746094,33487200,0.0,0.0
2002-03-04 00:00:00+09:00,270.01881850331705,270.15456628504785,264.04554324198637,265.9461364746094,57805200,0.0,0.0
2002-03-05 00:00:00+09:00,279.6576186787175,283.0515134315692,269.8831779271237,277.62127685546875,64643400,0.0,0.0
2002-03-06 00:00:00+09:00,273.5485403552308,285.08780017151673,269.20433701910366,270.6976623535156,46072800,0.0,0.0
2002-03-07 00:00:00+09:00,276.9424852445727,291.8756667544408,272.19101275104924,289.8393249511719,48666600,0.0,0.0
2002-03-08 00:00:00+09:00,289.8392784325825,338.71147386715285,289.8392784325825,325.81463623046875,154416600,0.0,0.0
2002-03-11 00:00:00+09:00,363.8262752796559,380.11700439453125,351.6082284434994,380.11700439453125,180563400,0.0,0.0
2002-03-12 00:00:00+09:00,385.5473451212849,412.69854945339546,360.4324574992817,365.1839294433594,271688400,0.0,0.0
2002-03-13 00:00:00+09:00,354.32341413546794,377.4019589742474,344.82049560546875,344.82049560546875,128844000,0.0,0.0
2002-03-14 00:00:00+09:00,343.46294051015576,355.0022261126434,331.2448909482409,351.6083068847656,110071800,0.0,0.0
2002-03-15 00:00:00+09:00,358.3960982921512,365.862675387343,346.17804948673694,350.250732421875,71103600,0.0,0.0
2002-03-18 00:00:00+09:00,359.7535958707582,361.1111732129474,335.31750200351394,336.6750793457031,48684600,0.0,0.0
2002-03-19 00:00:00+09:00,341.42649477390273,348.2143063015408,325.81455560378083,329.8872375488281,58003200,0.0,0.0
2002-03-20 00:00:00+09:00,335.31756712887676,335.9963559318057,317.669281971889,323.0995178222656,62317800,0.0,0.0
2002-03-21 00:00:00+09:00,323.0995178222656,323.0995178222656,323.0995178222656,323.0995178222656,0,0.0,0.0
2002-03-22 00:00:00+09:00,317.6692699101178,317.6692699101178,308.1663513183594,308.1663513183594,54487800,0.0,0.0
2002-03-25 00:00:00+09:00,302.73614169993095,315.63298148746543,301.37858877512826,304.0937194824219,38347200,0.0,0.0
2002-03-26 00:00:00+09:00,307.137306553543,331.34857227457746,306.4455474188848,325.8145751953125,57497400,7.0,0.0
2002-03-27 00:00:00+09:00,326.506342485738,341.0331073477546,322.35583823944756,338.9578552246094,61074000,0.0,0.0
2002-03-28 00:00:00+09:00,341.0331801701671,347.258937869018,332.7321699050326,345.1836853027344,52304400,0.0,0.0
2002-03-29 00:00:00+09:00,345.18368558280173,350.71768398649044,328.5816650390625,328.5816650390625,44506800,0.0,0.0
2002-04-01 00:00:00+09:00,329.9651018696447,336.88261769058965,321.6640930175781,321.6640930175781,33510600,0.0,0.0
2002-04-02 00:00:00+09:00,325.12290174595154,329.2734069824219,316.1301572887149,329.2734069824219,37638000,0.0,0.0
2002-04-03 00:00:00+09:00,316.8218077754234,328.58158640127846,314.7465557041157,325.8145751953125,37531800,0.0,0.0
2002-04-04 00:00:00+09:00,328.5816281091909,338.26613056035603,322.35587110501257,337.5743713378906,34209000,0.0,0.0
2002-04-05 00:00:00+09:00,336.190896974463,343.10841358688566,327.8898871726244,331.3486328125,26359200,0.0,0.0
2002-04-08 00:00:00+09:00,336.8826374207287,342.41663520199205,332.7321327516136,341.03314208984375,26341200,0.0,0.0
2002-04-09 00:00:00+09:00,340.3414018753823,343.8001475152579,329.96513962308404,331.3486328125,24017400,0.0,0.0
2002-04-10 00:00:00+09:00,326.5064069631044,334.8074170949403,322.3559018971864,332.0404052734375,20646000,0.0,0.0
2002-04-11 00:00:00+09:00,337.57429220765493,339.6495440559247,323.7392883300781,323.7392883300781,19252800,0.0,0.0
2002-04-12 00:00:00+09:00,312.6712780313579,317.5135409121482,309.90429238461894,313.363037109375,38844000,0.0,0.0
2002-04-15 00:00:00+09:00,311.28782384535845,320.2805916451137,307.82907869129934,317.5135803222656,20210400,0.0,0.0
2002-04-16 00:00:00+09:00,314.05487453402935,318.8971132901384,313.36311528344044,316.130126953125,16160400,0.0,0.0
2002-04-17 00:00:00+09:00,317.51362679682717,320.2806385246835,282.234334930513,287.07659912109375,130521600,0.0,0.0
2002-04-18 00:00:00+09:00,287.76831852626697,296.06932795810803,287.0765846287271,291.9188232421875,48511800,0.0,0.0
2002-04-19 00:00:00+09:00,287.76831701254594,289.84356935958994,274.6250690363807,278.77557373046875,72901800,0.0,0.0
2002-04-22 00:00:00+09:00,273.93327511058135,287.0765467545538,273.79493341585896,282.2342834472656,35114400,0.0,0.0
2002-04-23 00:00:00+09:00,279.46730762436994,282.2343191979853,278.0838145038973,278.77557373046875,24222600,0.0,0.0
2002-04-24 00:00:00+09:00,281.5425360480379,302.986816922875,271.16627519451475,293.9940490722656,80490600,0.0,0.0
2002-04-25 00:00:00+09:00,293.3023742494403,300.219865988473,285.00136389646246,286.3848571777344,42332400,0.0,0.0
2002-04-26 00:00:00+09:00,284.3096241138599,285.0013834683376,276.00861319082753,280.15911865234375,43772400,0.0,0.0
2002-04-29 00:00:00+09:00,280.15911865234375,280.15911865234375,280.15911865234375,280.15911865234375,0,0.0,0.0
2002-04-30 00:00:00+09:00,270.4745962221691,272.54984881381574,267.4308755326386,269.7828369140625,41059800,0.0,0.0
2002-05-01 00:00:00+09:00,273.9334082861404,278.083914472294,268.26104138750395,268.5377502441406,38046600,0.0,0.0
2002-05-02 00:00:00+09:00,269.0910334850243,271.0279440305375,261.8968341244551,265.7706298828125,40507200,0.0,0.0
2002-05-03 00:00:00+09:00,265.7706298828125,265.7706298828125,265.7706298828125,265.7706298828125,0,0.0,0.0
2002-05-06 00:00:00+09:00,265.7706298828125,265.7706298828125,265.7706298828125,265.7706298828125,0,0.0,0.0
2002-05-07 00:00:00+09:00,262.1734743459135,264.9404597361177,258.85307161153855,259.4064636230469,37168200,0.0,0.0
2002-05-08 00:00:00+09:00,261.48181327661246,266.32407752225515,260.23666178481903,262.588623046875,25995600,0.0,0.0
2002-05-09 00:00:00+09:00,279.46733479485255,280.1590940886785,271.44303338369735,273.2415771484375,41403600,0.0,0.0
2002-05-10 00:00:00+09:00,268.3993089321469,268.6759923534816,263.00365289141024,264.38714599609375,20059200,0.0,0.0
2002-05-13 00:00:00+09:00,255.94784514372523,259.68330005771793,253.59588360550487,259.26824951171875,26785800,0.0,0.0
2002-05-14 00:00:00+09:00,263.41862537130413,264.11035905252396,258.85307161153855,259.4064636230469,18081000,0.0,0.0
2002-05-15 00:00:00+09:00,263.5570621008199,272.27312242226435,262.8653028374338,267.1541748046875,30105000,0.0,0.0
2002-05-16 00:00:00+09:00,268.39931972591694,279.4673156738281,266.46240903533055,279.4673156738281,33539400,0.0,0.0
2002-05-17 00:00:00+09:00,283.6177623425377,285.00128055189253,272.6881103515625,272.6881103515625,41043600,0.0,0.0
2002-05-20 00:00:00+09:00,275.31690988681993,281.5426693465672,272.826606102921,273.7950744628906,20408400,0.0,0.0
2002-05-21 00:00:00+09:00,273.9332713880326,279.46726842639686,271.85801933206267,274.6250305175781,19195200,0.0,0.0
2002-05-22 00:00:00+09:00,276.56195198640694,289.84356689453125,276.56195198640694,289.84356689453125,36833400,0.0,0.0
2002-05-23 00:00:00+09:00,297.45274469078936,300.2197299999907,291.22698974609375,291.22698974609375,56561400,0.0,0.0
2002-05-24 00:00:00+09:00,296.06927958861627,296.76103870581227,286.38477861120344,292.61053466796875,20298600,0.0,0.0
2002-05-27 00:00:00+09:00,292.6105877992918,296.06933334796764,288.4600830078125,288.4600830078125,19632600,0.0,0.0
2002-05-28 00:00:00+09:00,288.46002661073476,289.1517857182918,283.6177635231671,285.00128173828125,14558400,0.0,0.0
2002-05-29 00:00:00+09:00,279.46737581678104,285.0014003143608,276.7003889006676,282.9261474609375,23680800,0.0,0.0
2002-05-30 00:00:00+09:00,282.92605986629854,283.6177937148261,276.70030323353893,281.54254150390625,17488800,0.0,0.0
2002-05-31 00:00:00+09:00,278.7756065887557,282.92611177204896,269.7828369140625,269.7828369140625,21826800,0.0,0.0
2002-06-03 00:00:00+09:00,272.549867083789,280.15911865234375,271.8581077293113,280.15911865234375,16858800,0.0,0.0
2002-06-04 00:00:00+09:00,275.31677213071885,279.46727636049184,274.7633800109716,275.45513916015625,17847000,0.0,0.0
2002-06-05 00:00:00+09:00,278.0837573754748,280.1590092961873,276.285214155079,277.3919982910156,13464000,0.0,0.0
2002-06-06 00:00:00+09:00,280.8508435326976,284.309589215179,277.39207251754436,278.0838317871094,22588200,0.0,0.0
2002-06-07 00:00:00+09:00,272.5498393900645,275.04014241393514,271.3046878781292,274.4867248535156,20552400,0.0,0.0
2002-06-10 00:00:00+09:00,273.93333608238635,276.70034792138216,273.37994384765625,273.37994384765625,12909600,0.0,0.0
2002-06-11 00:00:00+09:00,269.92116131339725,272.9648818075178,265.63231467690036,270.4745788574219,22393800,0.0,0.0
2002-06-12 00:00:00+09:00,266.4624367297535,266.8774872542547,263.55708305824527,265.21728515625,22359600,0.0,0.0
2002-06-13 00:00:00+09:00,264.24874428378376,265.49389539506967,261.620075049293,262.1734924316406,20435400,0.0,0.0
2002-06-14 00:00:00+09:00,259.5449594730975,262.1736300877907,257.3313647794357,260.513427734375,26269200,0.0,0.0
2002-06-17 00:00:00+09:00,259.4065249646756,260.0982841421376,250.5521240234375,250.5521240234375,20336400,0.0,0.0
2002-06-18 00:00:00+09:00,253.18080055930398,255.947812288329,221.91367188527505,228.27777099609375,98433000,0.0,0.0
2002-06-19 00:00:00+09:00,221.36027905079058,230.35304917450043,217.48648246385267,221.77532958984375,94728600,0.0,0.0
2002-06-20 00:00:00+09:00,220.8068997800257,235.19532775878906,219.97679865303314,235.19532775878906,45997200,0.0,0.0
2002-06-21 00:00:00+09:00,228.96951293945312,237.96225604628754,224.81900832624655,228.96951293945312,47037600,0.0,0.0
2002-06-24 00:00:00+09:00,219.9767668015341,227.30933413914266,219.9767668015341,224.6806640625,21535200,0.0,0.0
2002-06-25 00:00:00+09:00,228.27771435986767,235.05686228148437,225.51070331734445,230.35296630859375,20536200,0.0,0.0
2002-06-26 00:00:00+09:00,224.26561320295056,227.4476755015146,224.12727147959467,224.81903076171875,25039800,0.0,0.0
2002-06-27 00:00:00+09:00,228.27777650699457,229.38458629185862,223.4355121974706,224.81903076171875,16646400,0.0,0.0
2002-06-28 00:00:00+09:00,228.27770468720271,230.35295654799546,226.4791615187371,230.21461486816406,16171200,0.0,0.0
2002-07-01 00:00:00+09:00,231.04478454589844,233.53508752184462,229.66126600414708,231.04478454589844,10384200,0.0,0.0
2002-07-02 00:00:00+09:00,228.27775590256232,230.35300822894925,225.787453110898,229.93795776367188,15222600,0.0,0.0
2002-07-03 00:00:00+09:00,225.7874220299368,235.19523972540637,225.64908033811125,233.95008850097656,14968800,0.0,0.0
2002-07-04 00:00:00+09:00,235.19524241945984,237.6855448968447,232.56657291599794,236.5787353515625,19830600,0.0,0.0
2002-07-05 00:00:00+09:00,236.99378650493688,242.11273316911075,236.8554448110944,239.89913940429688,16489800,0.0,0.0
2002-07-08 00:00:00+09:00,242.1127617569349,246.26326638895475,235.47195434570312,235.47195434570312,24721200,0.0,0.0
2002-07-09 00:00:00+09:00,235.4719242141278,237.96222667467438,232.42822965101527,237.1321258544922,10836000,0.0,0.0
2002-07-10 00:00:00+09:00,234.50353023493307,235.19528950580874,231.04478454589844,231.04478454589844,8893800,0.0,0.0
2002-07-11 00:00:00+09:00,226.89427779791708,228.27777099609375,225.78746803977273,228.27777099609375,13786200,0.0,0.0
2002-07-12 00:00:00+09:00,228.5544508560162,230.76804475960733,227.58598294040192,227.72434997558594,9039600,0.0,0.0
2002-07-15 00:00:00+09:00,226.20253775052936,226.894297074725,221.36027314650747,222.05203247070312,13719600,0.0,0.0
2002-07-16 00:00:00+09:00,222.05198834118005,225.92578405493407,221.49859619140625,221.49859619140625,11709000,0.0,0.0
2002-07-17 00:00:00+09:00,221.22187358733353,221.22187358733353,201.0227573943411,204.0664520263672,102573000,0.0,0.0
2002-07-18 00:00:00+09:00,207.94026016370375,209.32376578410972,198.53245487741052,204.0664520263672,77279400,0.0,0.0
2002-07-19 00:00:00+09:00,201.2994965824719,202.5446481077243,195.07373895620987,196.45724487304688,60282000,0.0,0.0
2002-07-22 00:00:00+09:00,185.38921831072625,192.0300262820518,181.9304726032182,188.8479766845703,53865000,0.0,0.0
2002-07-23 00:00:00+09:00,186.08097788903842,208.908755327732,185.25087689126775,205.4499969482422,66938400,0.0,0.0
2002-07-24 00:00:00+09:00,201.99122277727156,204.6198799534848,195.48876969186884,197.1489715576172,35420400,0.0,0.0
2002-07-25 00:00:00+09:00,206.1417354692166,206.83349471777362,197.8407258172168,197.9790802001953,31190400,0.0,0.0
2002-07-26 00:00:00+09:00,193.69021000491514,195.62712059140864,189.53970541433603,192.3067169189453,24805800,0.0,0.0
2002-07-29 00:00:00+09:00,193.8285710873811,196.45722830782282,177.77995700389957,190.9232177734375,48060000,0.0,0.0
2002-07-30 00:00:00+09:00,196.45722830782282,197.14897487474525,188.571269312833,190.9232177734375,35193600,0.0,0.0
2002-07-31 00:00:00+09:00,188.15622619115126,188.70961839977755,184.00572129477538,186.77272033691406,25210800,0.0,0.0
2002-08-01 00:00:00+09:00,184.0057444702392,185.9426427770544,178.7484291617821,179.3018341064453,50727600,0.0,0.0
2002-08-02 00:00:00+09:00,173.7677548870729,179.16340982756506,173.35270450703504,175.15126037597656,46665000,0.0,0.0
2002-08-05 00:00:00+09:00,175.01294345676297,180.4085995512105,174.18284251915566,177.08819580078125,28931400,0.0,0.0
2002-08-06 00:00:00+09:00,174.32121993175397,176.39647254998914,163.94495684057813,164.63670349121094,50518800,0.0,0.0
2002-08-07 00:00:00+09:00,172.93770598102677,174.044515770551,166.71194841371377,170.44740295410156,52277400,0.0,0.0
2002-08-08 00:00:00+09:00,171.55421033793831,171.55421033793831,150.94002712657064,154.53713989257812,101676600,0.0,0.0
2002-08-09 00:00:00+09:00,157.30412423698556,169.3405875691032,146.78950836842637,168.925537109375,148590000,0.0,0.0
2002-08-12 00:00:00+09:00,170.30905832181156,180.82366247838138,167.54204656158922,172.24595642089844,127360800,0.0,0.0
2002-08-13 00:00:00+09:00,169.61730573411327,173.4911147513105,167.68040755868287,170.86245727539062,40878000,0.0,0.0
2002-08-14 00:00:00+09:00,166.0201900665982,167.81874634776477,161.17793874510085,162.56143188476562,53553600,0.0,0.0
2002-08-15 00:00:00+09:00,166.7119455667897,172.24595642089844,162.56144059279214,172.24595642089844,73558800,0.0,0.0
2002-08-16 00:00:00+09:00,175.1513051794752,178.4717090691335,169.89400324296145,172.9376983642578,66981600,0.0,0.0
2002-08-19 00:00:00+09:00,174.32117834419896,175.01292482980278,168.5104723993923,169.4789276123047,28954800,0.0,0.0
2002-08-20 00:00:00+09:00,172.24594078720054,174.32119308584151,166.85028481073402,168.925537109375,34804800,0.0,0.0
2002-08-21 00:00:00+09:00,164.77504078002028,171.8308989494418,164.6366863977237,168.6488494873047,28042200,0.0,0.0
2002-08-22 00:00:00+09:00,169.34058056289342,173.90613543101065,167.680378792669,173.07603454589844,30760200,0.0,0.0
2002-08-23 00:00:00+09:00,173.07603454589844,173.07603454589844,173.07603454589844,173.07603454589844,0,0.0,0.0
2002-08-26 00:00:00+09:00,183.3139631289125,197.56403424699087,182.76057091698235,193.96693420410156,100474200,0.0,0.0
2002-08-27 00:00:00+09:00,193.69020139006656,198.3941106056166,186.2192934593111,186.49600219726562,86070600,0.0,0.0
2002-08-28 00:00:00+09:00,185.94256474556406,186.3576151132997,179.16340451710468,179.85516357421875,59130000,0.0,0.0
2002-08-29 00:00:00+09:00,174.32123668158232,176.5348439091754,165.32847869393083,166.85032653808594,88968600,0.0,0.0
2002-08-30 00:00:00+09:00,171.41586599312052,172.79937195851866,166.98866463671797,171.2775115966797,64116000,0.0,0.0
2002-09-02 00:00:00+09:00,168.51045864965323,170.86240664186425,166.85025708660245,167.126953125,31282200,0.0,0.0
2002-09-03 00:00:00+09:00,164.7749967526167,166.1585022069072,160.0710883410946,161.86964416503906,42926400,0.0,0.0
2002-09-04 00:00:00+09:00,157.8575393784673,163.25319570721214,156.1973374311612,160.20948791503906,51328800,0.0,0.0
2002-09-05 00:00:00+09:00,164.35998204151906,164.63667812587465,160.20947744451098,161.1779327392578,36003600,0.0,0.0
2002-09-06 00:00:00+09:00,155.64389526844025,160.48614556579196,151.49339139461517,159.3793487548828,43185600,0.0,0.0
2002-09-09 00:00:00+09:00,162.1463500792384,165.05170284402368,159.24099731445312,159.24099731445312,23036400,0.0,0.0
2002-09-10 00:00:00+09:00,158.8259810048413,161.17794219197285,155.22888103191764,156.33567810058594,26236800,0.0,0.0
2002-09-11 00:00:00+09:00,156.33564271999035,156.88904746225026,152.18513881887262,152.60018920898438,38586600,0.0,0.0
2002-09-12 00:00:00+09:00,144.29919626092007,146.2361067250492,141.11714716461364,145.406005859375,98901000,0.0,0.0
2002-09-13 00:00:00+09:00,139.87199090289326,147.61959448549229,139.73363654141227,147.2045440673828,76951800,0.0,0.0
2002-09-16 00:00:00+09:00,147.2045440673828,147.2045440673828,147.2045440673828,147.2045440673828,0,0.0,0.0
2002-09-17 00:00:00+09:00,149.00311320873956,153.153617754944,149.00311320873956,152.32351684570312,43423200,0.0,0.0
2002-09-18 00:00:00+09:00,148.72640991210938,152.0468133879791,144.99095600175593,148.72640991210938,34795800,0.0,0.0
2002-09-19 00:00:00+09:00,160.3478054195988,160.9011974971975,152.32349363109077,154.26039123535156,55069200,0.0,0.0
2002-09-20 00:00:00+09:00,149.41815641413754,153.70701512591395,148.31135947762567,148.72640991210938,23769000,0.0,0.0
2002-09-23 00:00:00+09:00,148.72640991210938,148.72640991210938,148.72640991210938,148.72640991210938,0,0.0,0.0
2002-09-24 00:00:00+09:00,145.2676327866331,154.6754371640376,144.2991776792781,152.1851348876953,33361200,0.0,0.0
2002-09-25 00:00:00+09:00,149.5565094496663,158.27256849623055,147.8963077265112,150.94000244140625,37814400,0.0,0.0
2002-09-26 00:00:00+09:00,156.4739672847684,157.02737192167874,151.6317178773764,152.04676818847656,17503200,0.0,0.0
2002-09-27 00:00:00+09:00,154.95218597068163,160.34784229942645,154.95218597068163,160.20948791503906,43119000,0.0,0.0
2002-09-30 00:00:00+09:00,159.79442174926191,165.19007754858765,159.1026752278701,162.97647094726562,43356600,0.0,0.0
2002-10-01 00:00:00+09:00,161.17793916047006,161.59298963670616,155.78228296940054,156.47402954101562,30573000,0.0,0.0
2002-10-02 00:00:00+09:00,162.0080519617768,162.0080519617768,152.73858642578125,152.73858642578125,34036200,0.0,0.0
2002-10-03 00:00:00+09:00,150.1098983363921,154.81380733913846,148.58805101182725,149.41815185546875,37341000,0.0,0.0
2002-10-04 00:00:00+09:00,148.03463986356428,151.77009349937103,148.03463986356428,150.80165100097656,20266200,0.0,0.0
2002-10-07 00:00:00+09:00,148.1730393866551,148.72644431609388,145.4060400721352,147.48129272460938,22026600,0.0,0.0
2002-10-08 00:00:00+09:00,145.2676466141624,148.03464518470193,143.05404015793064,144.4375457763672,26735400,0.0,0.0
2002-10-09 00:00:00+09:00,142.77737840718652,143.88417556807576,130.87926776203318,131.57101440429688,74482200,0.0,0.0
2002-10-10 00:00:00+09:00,128.80398815714372,132.67778374104233,119.1194738647292,131.43263244628906,108378000,0.0,0.0
2002-10-11 00:00:00+09:00,138.07345661304637,143.60746728145716,134.89140712853634,136.96665954589844,105561000,0.0,0.0
2002-10-14 00:00:00+09:00,136.96665954589844,136.96665954589844,136.96665954589844,136.96665954589844,0,0.0,0.0
2002-10-15 00:00:00+09:00,145.82104391240117,146.37443599831312,141.53218558175223,145.26763916015625,43840800,0.0,0.0
2002-10-16 00:00:00+09:00,148.03461990342203,149.27977094746856,136.96661484511884,137.52001953125,68256000,0.0,0.0
2002-10-17 00:00:00+09:00,138.90354938476437,143.88415489258065,138.62685330088618,140.56375122070312,45900000,0.0,0.0
2002-10-18 00:00:00+09:00,144.02249282584305,146.23609924316406,141.53219035623195,146.23609924316406,41171400,0.0,0.0
2002-10-21 00:00:00+09:00,146.3744427814217,146.65115150353353,140.5637369457427,141.1171417236328,23990400,0.0,0.0
2002-10-22 00:00:00+09:00,138.35014980482595,139.4569467473763,130.87924194335938,130.87924194335938,48637800,0.0,0.0
2002-10-23 00:00:00+09:00,126.72879808281039,135.99825381835075,125.48364617806554,135.7215576171875,38986200,0.0,0.0
2002-10-24 00:00:00+09:00,137.10499678883215,137.935097652001,131.43263244628906,131.43263244628906,30054600,0.0,0.0
2002-10-25 00:00:00+09:00,130.0491620937191,132.81616123057742,128.80401058218246,130.60255432128906,20700000,0.0,0.0
2002-10-28 00:00:00+09:00,130.740913273738,135.44482337024922,128.94235680553203,134.89141845703125,19602000,0.0,0.0
2002-10-29 00:00:00+09:00,132.12440874310934,135.3064582424456,132.12440874310934,132.53945922851562,17865000,0.0,0.0
2002-10-30 00:00:00+09:00,131.01756728918977,134.75302075360912,130.3258208697415,133.0928192138672,15386400,0.0,0.0
2002-10-31 00:00:00+09:00,134.1996671207418,135.0297681283622,128.94235229492188,128.94235229492188,21133800,0.0,0.0
2002-11-01 00:00:00+09:00,128.94235699434546,129.63411630346505,126.31371215196828,128.2506103515625,22428000,0.0,0.0
2002-11-04 00:00:00+09:00,128.2506103515625,128.2506103515625,128.2506103515625,128.2506103515625,0,0.0,0.0
2002-11-05 00:00:00+09:00,132.40110877061394,138.07346135058677,131.2943116654899,137.93511962890625,35976600,0.0,0.0
2002-11-06 00:00:00+09:00,139.31862702328473,142.91574014713254,135.8598809678721,142.36233520507812,54246600,0.0,0.0
2002-11-07 00:00:00+09:00,141.80890805141578,142.22395852636268,136.13655578258644,138.7652130126953,29295000,0.0,0.0
2002-11-08 00:00:00+09:00,134.61467319519704,135.5831156068972,133.2311677503414,133.36952209472656,25441200,0.0,0.0
2002-11-11 00:00:00+09:00,131.43264165085193,132.12440086282763,129.35738934759462,130.0491485595703,18448200,0.0,0.0
2002-11-12 00:00:00+09:00,126.17535766216483,131.98606492292242,126.17535766216483,131.57101440429688,23767200,0.0,0.0
2002-11-13 00:00:00+09:00,130.18749298624232,131.43264439418618,127.28213970103994,127.42049407958984,19467000,0.0,0.0
2002-11-14 00:00:00+09:00,127.28213801151983,128.38894769255734,119.25783748884028,119.39617919921875,44236800,0.0,0.0
2002-11-15 00:00:00+09:00,123.40833682129555,127.97389172687073,116.90587139034429,124.65348815917969,43318800,0.0,0.0
2002-11-18 00:00:00+09:00,120.50295235814626,122.43984971342338,114.41553895642198,114.8305892944336,52493400,0.0,0.0
2002-11-19 00:00:00+09:00,120.36463977444556,128.6656494140625,118.28938736454133,128.6656494140625,91400400,0.0,0.0
2002-11-20 00:00:00+09:00,142.50064086914062,142.50064086914062,139.73362977157828,142.50064086914062,45304200,0.0,0.0
2002-11-21 00:00:00+09:00,159.10267952286085,165.3284363824554,153.98371966063823,160.62452697753906,225900000,0.0,0.0
2002-11-22 00:00:00+09:00,166.1585245351307,167.4036758114148,153.56865740836935,156.0589599609375,118092600,0.0,0.0
2002-11-25 00:00:00+09:00,154.95216688319644,183.72898864746094,153.56866120875395,183.72898864746094,115536600,0.0,0.0
2002-11-26 00:00:00+09:00,189.2630583133892,210.29228279276418,187.18780548100554,191.06161499023438,277867800,0.0,0.0
2002-11-27 00:00:00+09:00,199.36255420968538,202.8212992350601,189.12463549545578,192.99844360351562,195958800,0.0,0.0
2002-11-28 00:00:00+09:00,200.60772393548066,200.60772393548066,186.91105893436097,189.53970336914062,84861000,0.0,0.0
2002-11-29 00:00:00+09:00,193.69021000491514,195.07371575721982,184.00570773778702,192.3067169189453,49692600,0.0,0.0
2002-12-02 00:00:00+09:00,192.3067169189453,192.3067169189453,192.3067169189453,192.3067169189453,0,0.0,0.0
2002-12-03 00:00:00+09:00,208.2169931212494,213.75100391727128,205.7266901629899,207.24855041503906,75907800,0.0,0.0
2002-12-04 00:00:00+09:00,193.69019901611327,202.68296689639644,188.294543354477,200.4693603515625,65980800,0.0,0.0
2002-12-05 00:00:00+09:00,204.75823845808725,206.0033898824952,199.22422790527344,199.22422790527344,61493400,0.0,0.0
2002-12-06 00:00:00+09:00,190.78484634617263,195.07370507707068,185.38919067382812,185.38919067382812,75349800,0.0,0.0
2002-12-09 00:00:00+09:00,184.14405392615862,186.772711119583,177.08819595052992,178.74839782714844,75684600,0.0,0.0
2002-12-10 00:00:00+09:00,173.2144056577764,183.59066772460938,173.2144056577764,183.59066772460938,60404400,0.0,0.0
2002-12-11 00:00:00+09:00,182.62216773951,185.94257078931926,175.56631125866528,176.81146240234375,54025200,0.0,0.0
2002-12-12 00:00:00+09:00,174.04450818631395,176.81150720687617,171.83090137006278,174.597900390625,41812200,0.0,0.0
2002-12-13 00:00:00+09:00,174.73623775965382,181.23869052463954,172.10758071297116,176.94984436035156,63262800,0.0,0.0
2002-12-16 00:00:00+09:00,174.18285451998528,176.94986628020766,171.55420981401082,172.24595642089844,28508400,0.0,0.0
2002-12-17 00:00:00+09:00,177.7799557975289,178.195006268133,173.76779280413263,175.9813995361328,29095200,0.0,0.0
2002-12-18 00:00:00+09:00,174.32118587356678,177.22653897145955,172.9376801762683,173.07603454589844,27919800,0.0,0.0
2002-12-19 00:00:00+09:00,170.8624621411842,187.4644831643385,168.23381725674267,185.6659393310547,110822400,0.0,0.0
2002-12-20 00:00:00+09:00,186.91106565322562,188.70960924349848,180.1319037626279,180.40859985351562,65881800,0.0,0.0
2002-12-23 00:00:00+09:00,180.40859985351562,180.40859985351562,180.40859985351562,180.40859985351562,0,0.0,0.0
2002-12-24 00:00:00+09:00,183.313939702694,188.98630414760888,181.65373794639387,187.60279846191406,60472800,0.0,0.0
2002-12-25 00:00:00+09:00,184.83581816200143,186.91107056402117,181.37705993652344,181.37705993652344,38188800,0.0,0.0
2002-12-26 00:00:00+09:00,184.14406761594762,187.7411803935973,182.62222000468722,186.0809783935547,38980800,0.0,0.0
2002-12-27 00:00:00+09:00,187.3260869690622,192.3066918279176,185.80422704018983,190.36978149414062,67834800,0.0,0.0
2002-12-30 00:00:00+09:00,188.1562062083036,192.5834067388084,187.46444702148438,187.46444702148438,32567400,0.0,0.0
2002-12-31 00:00:00+09:00,187.46444702148438,187.46444702148438,187.46444702148438,187.46444702148438,0,0.0,0.0
2003-01-01 00:00:00+09:00,187.46444702148438,187.46444702148438,187.46444702148438,187.46444702148438,0,0.0,0.0
2003-01-02 00:00:00+09:00,187.46444702148438,187.46444702148438,187.46444702148438,187.46444702148438,0,0.0,0.0
2003-01-03 00:00:00+09:00,187.46444702148438,187.46444702148438,187.46444702148438,187.46444702148438,0,0.0,0.0
2003-01-06 00:00:00+09:00,192.30672448593532,193.82857200691856,190.2314721089876,191.47662353515625,25549200,0.0,0.0
2003-01-07 00:00:00+09:00,194.93535504152436,195.35040548708213,186.4960044260725,187.46444702148438,33570000,0.0,0.0
2003-01-08 00:00:00+09:00,184.00570617438515,185.25085754097947,177.77994934141347,179.0251007080078,46164600,0.0,0.0
2003-01-09 00:00:00+09:00,172.93767696523702,175.0129291394852,168.9255269838019,171.55418395996094,69341400,0.0,0.0
2003-01-10 00:00:00+09:00,174.3211601434132,175.70466563650348,170.7240610609774,174.04446411132812,30789000,0.0,0.0
2003-01-13 00:00:00+09:00,174.04446411132812,174.04446411132812,174.04446411132812,174.04446411132812,0,0.0,0.0
2003-01-14 00:00:00+09:00,172.6609855297292,178.6100461442913,172.10758071297116,176.94984436035156,22015800,0.0,0.0
2003-01-15 00:00:00+09:00,178.47165477751741,181.23865295505826,175.1512518979357,181.10031127929688,21421800,0.0,0.0
2003-01-16 00:00:00+09:00,177.779982692092,180.54698202593264,176.8115272253961,177.22657775878906,16983000,0.0,0.0
2003-01-17 00:00:00+09:00,174.4595336631566,184.5590856068772,174.4595336631566,183.31393432617188,35256600,0.0,0.0
2003-01-20 00:00:00+09:00,183.31395905327705,187.87951436504147,180.13190957325008,185.25086975097656,37823400,0.0,0.0
2003-01-21 00:00:00+09:00,184.4207687852012,186.49602119963959,180.82365615595103,185.25086975097656,31426200,0.0,0.0
2003-01-22 00:00:00+09:00,186.6343433367951,194.10525124500927,184.2823950692835,193.69020080566406,72763200,0.0,0.0
2003-01-23 00:00:00+09:00,199.08587058902503,200.4693763734101,195.21207465888304,199.36257934570312,106727400,0.0,0.0
2003-01-24 00:00:00+09:00,202.12955999562863,212.7825295073827,200.74605433617555,210.01551818847656,196849800,0.0,0.0
2003-01-27 00:00:00+09:00,213.05921350873768,218.03981869724845,208.35531705270017,213.33592224121094,125280000,0.0,0.0
2003-01-28 00:00:00+09:00,207.52521566182614,210.1538726156539,204.89655870799834,205.58831787109375,68835600,0.0,0.0
2003-01-29 00:00:00+09:00,207.52524617958346,207.52524617958346,196.87228776447677,197.28733825683594,58566600,0.0,0.0
2003-01-30 00:00:00+09:00,198.6708116449361,205.72666931152344,198.11741948785817,205.72666931152344,51471000,0.0,0.0
2003-01-31 00:00:00+09:00,207.24854439204748,216.79469278827912,203.92814054419804,213.4742889404297,119737800,0.0,0.0
2003-02-03 00:00:00+09:00,221.08354862510689,229.52289934924048,218.59324591969016,227.44764709472656,166435200,0.0,0.0
2003-02-04 00:00:00+09:00,239.89913670312157,241.83604705844164,233.81172225259178,237.27049255371094,162140400,0.0,0.0
2003-02-05 00:00:00+09:00,233.53504195346835,241.42099983855545,231.59813157255797,232.5665740966797,109638000,0.0,0.0
2003-02-06 00:00:00+09:00,236.3020739400036,237.2705419857639,228.83116501216503,231.04478454589844,62856000,0.0,0.0
2003-02-07 00:00:00+09:00,233.67337031145695,244.4646804856983,229.66120808450435,241.0059356689453,141364800,0.0,0.0
2003-02-10 00:00:00+09:00,242.80447325592849,244.04962440083068,233.81170654296875,233.81170654296875,108739800,0.0,0.0
2003-02-11 00:00:00+09:00,233.81170654296875,233.81170654296875,233.81170654296875,233.81170654296875,0,0.0,0.0
2003-02-12 00:00:00+09:00,233.8117225737634,239.2073779049477,233.67338088128858,237.1321258544922,53908200,0.0,0.0
2003-02-13 00:00:00+09:00,236.4404354940688,238.23897915730436,233.25837332126315,234.50352478027344,33537600,0.0,0.0
2003-02-14 00:00:00+09:00,233.8117751504729,236.8554957306864,224.40398062801023,226.3408660888672,60773400,0.0,0.0
2003-02-17 00:00:00+09:00,228.277769290422,233.81176737445082,228.1394275714395,228.83116149902344,36349200,0.0,0.0
2003-02-18 00:00:00+09:00,228.2777441049189,230.07628758394688,224.95734055430188,227.0325927734375,32047200,0.0,0.0
2003-02-19 00:00:00+09:00,226.89424496361013,229.5228892595511,222.19032317171408,223.85052490234375,37229400,0.0,0.0
2003-02-20 00:00:00+09:00,224.81897381113043,233.5350321607398,220.25341943752554,232.42822265625,71809200,0.0,0.0
2003-02-21 00:00:00+09:00,236.57875064476318,237.27050982186543,223.98889575058047,226.06414794921875,57920400,0.0,0.0
2003-02-24 00:00:00+09:00,223.71221334919116,226.89427553925998,221.63696090624876,223.98892211914062,27576000,0.0,0.0
2003-02-25 00:00:00+09:00,220.66853915498567,226.75593001028156,219.56172930280738,222.05203247070312,41601600,0.0,0.0
2003-02-26 00:00:00+09:00,222.05200180944524,224.6806463461436,218.5932563314032,220.3917999267578,24676200,0.0,0.0
2003-02-27 00:00:00+09:00,218.5932603647289,219.83841179971913,209.18544107835697,211.3990478515625,56401200,0.0,0.0
2003-02-28 00:00:00+09:00,213.05923074437797,218.1782033795638,211.81409201285754,216.1029510498047,30447000,0.0,0.0
2003-03-03 00:00:00+09:00,232.70494222972388,239.89914101311513,228.00102061553181,239.3457489013672,146885400,0.0,0.0
2003-03-04 00:00:00+09:00,236.99381600919568,238.23896740679214,231.73650166400944,233.25836181640625,59882400,0.0,0.0
2003-03-05 00:00:00+09:00,229.10787963867188,230.49137288308702,220.80686950683594,224.1272735595703,47809800,0.0,0.0
2003-03-06 00:00:00+09:00,220.6684809787933,223.98888432727588,214.8577751189488,215.8262176513672,45993600,0.0,0.0
2003-03-07 00:00:00+09:00,214.4427662016485,214.99615842260494,205.17330083776397,205.4499969482422,57569400,0.0,0.0
2003-03-10 00:00:00+09:00,195.3504274002628,198.80918572333744,187.18777194410268,193.96693420410156,83440800,0.0,0.0
2003-03-11 00:00:00+09:00,187.8794839944262,203.09800768446527,187.60278793934071,195.76544189453125,66628800,0.0,0.0
2003-03-12 00:00:00+09:00,198.53249735983422,211.1223543340997,198.53249735983422,209.73886108398438,67912200,0.0,0.0
2003-03-13 00:00:00+09:00,209.60054592509286,212.50590002702484,201.71458479127747,203.92819213867188,50358600,0.0,0.0
2003-03-14 00:00:00+09:00,213.0592245554894,213.0592245554894,203.098026328331,203.51307678222656,44638200,0.0,0.0
2003-03-17 00:00:00+09:00,200.7460374778822,201.99118866692422,189.95472717285156,189.95472717285156,39573000,0.0,0.0
2003-03-18 00:00:00+09:00,201.02279087821665,202.4062840627341,196.04218501474813,196.18052673339844,50646600,0.0,0.0
2003-03-19 00:00:00+09:00,192.30674551898426,198.5325033307535,188.29458204050852,197.8407440185547,40217400,0.0,0.0
2003-03-20 00:00:00+09:00,197.84072119773714,201.99122592682488,194.52031741446694,198.6708221435547,31838400,0.0,0.0
2003-03-21 00:00:00+09:00,198.6708221435547,198.6708221435547,198.6708221435547,198.6708221435547,0,0.0,0.0
2003-03-24 00:00:00+09:00,203.78977525523703,207.52522938415177,203.5130791715031,206.1417236328125,44397000,0.0,0.0
2003-03-25 00:00:00+09:00,199.22422388980263,201.29947622198807,195.48876969186884,197.1489715576172,34828200,0.0,0.0
2003-03-26 00:00:00+09:00,206.6999537697974,208.5531170294452,203.42125621627227,203.56381225585938,26125200,7.0,0.0
2003-03-27 00:00:00+09:00,204.9893059553453,208.1254339969004,201.853164862795,206.1297149658203,30844800,0.0,0.0
2003-03-28 00:00:00+09:00,204.70417916226273,206.2722561210304,202.42336130568216,203.27867126464844,18633600,0.0,0.0
2003-03-31 00:00:00+09:00,200.28512527291844,200.4276682597433,196.72132873535156,196.72132873535156,26544600,0.0,0.0
2003-04-01 00:00:00+09:00,193.87027521643083,199.2872343167695,193.58516317625842,195.43833923339844,30783600,0.0,0.0
2003-04-02 00:00:00+09:00,197.43408344557653,198.1468505859375,194.15539897330527,198.1468505859375,20932200,0.0,0.0
2003-04-03 00:00:00+09:00,201.71064856123712,202.70851479876475,195.2958221435547,195.2958221435547,27232200,0.0,0.0
2003-04-04 00:00:00+09:00,194.1553689152306,197.71916491231755,192.58730494098987,196.008544921875,26663400,0.0,0.0
2003-04-07 00:00:00+09:00,198.8595736854955,203.27867967328254,196.4361997185128,203.13612365722656,26251200,0.0,0.0
2003-04-08 00:00:00+09:00,200.28515542854322,200.28515542854322,196.72135835439872,197.43411254882812,20203200,0.0,0.0
2003-04-09 00:00:00+09:00,198.14686480763427,198.8596189481553,193.58520176550604,195.2958221435547,21326400,0.0,0.0
2003-04-10 00:00:00+09:00,193.15750155204546,194.58302255110306,185.88736664354272,188.16819763183594,46998000,0.0,0.0
2003-04-11 00:00:00+09:00,185.45971523458712,188.1682012698638,183.89165124100325,185.7448272705078,26920800,0.0,0.0
2003-04-14 00:00:00+09:00,185.03206928629416,188.88096450061533,179.7576660265918,180.61297607421875,27113400,0.0,0.0
2003-04-15 00:00:00+09:00,182.60868569025916,189.45116571612368,182.0384746711055,188.59585571289062,31811400,0.0,0.0
2003-04-16 00:00:00+09:00,194.297936948893,194.297936948893,186.88524551483027,189.16607666015625,23963400,0.0,0.0
2003-04-17 00:00:00+09:00,185.31719812430822,188.02567148649413,185.31719812430822,186.74270629882812,14277600,0.0,0.0
2003-04-18 00:00:00+09:00,190.87670602581176,190.87670602581176,188.31077575683594,188.31077575683594,12288600,0.0,0.0
2003-04-21 00:00:00+09:00,191.16181955387367,198.1468568334677,188.31079005552786,196.8638916015625,32455800,0.0,0.0
2003-04-22 00:00:00+09:00,196.57874150898795,196.57874150898795,187.4554436578045,188.16819763183594,22366800,0.0,0.0
2003-04-23 00:00:00+09:00,191.01925836774043,191.73202551138291,186.02995361722756,187.45547485351562,19375200,0.0,0.0
2003-04-24 00:00:00+09:00,188.8809768211293,190.4490540447265,186.60015857934576,188.73843383789062,13836600,0.0,0.0
2003-04-25 00:00:00+09:00,191.0192352751223,194.86813040190384,188.16820619820848,192.3022003173828,42134400,0.0,0.0
2003-04-28 00:00:00+09:00,189.45117722326276,192.01710738881488,184.17676086596268,184.6044158935547,23425200,0.0,0.0
2003-04-29 00:00:00+09:00,184.6044158935547,184.6044158935547,184.6044158935547,184.6044158935547,0,0.0,0.0
2003-04-30 00:00:00+09:00,187.45548514885226,191.1618249055627,184.74699856644986,190.59161376953125,25849800,0.0,0.0
2003-05-01 00:00:00+09:00,189.45116611949183,196.72130116245202,188.3107571297513,195.01068115234375,32763600,0.0,0.0
2003-05-02 00:00:00+09:00,195.29577016646556,196.00853716828462,192.0170863314785,194.44046020507812,16783200,0.0,0.0
2003-05-05 00:00:00+09:00,194.44046020507812,194.44046020507812,194.44046020507812,194.44046020507812,0,0.0,0.0
2003-05-06 00:00:00+09:00,196.72132583108188,222.3806292003534,196.4362268106444,219.5295867919922,205797600,0.0,0.0
2003-05-07 00:00:00+09:00,228.08267502696583,236.06557765809677,222.52315961110486,233.78475952148438,216738000,0.0,0.0
2003-05-08 00:00:00+09:00,230.64862058056775,240.91234203189575,227.3699491849447,229.5082244873047,157350600,0.0,0.0
2003-05-09 00:00:00+09:00,230.93367787696457,239.34423410524482,227.08478324568182,232.5017547607422,106615800,0.0,0.0
2003-05-12 00:00:00+09:00,223.80609003158756,224.37631405388655,207.84031334498133,210.26368713378906,130050000,0.0,0.0
2003-05-13 00:00:00+09:00,210.97648547012358,216.39344482421873,207.1275902064517,209.55096435546875,69267600,0.0,0.0
2003-05-14 00:00:00+09:00,211.26156414799863,214.96790302833378,209.55094419538327,214.397705078125,45361800,0.0,0.0
2003-05-15 00:00:00+09:00,216.39344482421873,216.39344482421873,211.9743385044858,215.96578979492188,37728000,0.0,0.0
2003-05-16 00:00:00+09:00,218.81683465732647,234.9251708984375,217.39132649149153,234.9251708984375,139680000,0.0,0.0
2003-05-19 00:00:00+09:00,234.9252208203342,240.19965174853397,226.65722993834396,231.07632446289062,98172000,0.0,0.0
2003-05-20 00:00:00+09:00,228.0826353546606,235.06768373017962,227.08478248758092,227.22732543945312,57609000,0.0,0.0
2003-05-21 00:00:00+09:00,230.22095017377558,238.63150783641592,229.50820918849521,235.92303466796875,101964600,0.0,0.0
2003-05-22 00:00:00+09:00,240.9122919023463,244.04844576122562,234.7825793450626,236.6357421875,136220400,0.0,0.0
2003-05-23 00:00:00+09:00,239.20168254861818,240.34210455678675,231.36134976018084,234.3549346923828,43113600,0.0,0.0
2003-05-26 00:00:00+09:00,233.7847596362903,236.35068982948619,230.64860533216748,232.78688049316406,25192800,0.0,0.0
2003-05-27 00:00:00+09:00,232.78686130919036,232.78686130919036,222.66571044921875,222.66571044921875,50207400,0.0,0.0
2003-05-28 00:00:00+09:00,228.08267504022086,233.2145354243908,224.09123677541928,231.646484375,64560600,0.0,0.0
2003-05-29 00:00:00+09:00,231.64645646402352,233.49961934546755,226.7996826171875,226.7996826171875,43142400,0.0,0.0
2003-05-30 00:00:00+09:00,225.37420491494936,228.0826781202841,223.66358476379224,227.79759216308594,35442000,0.0,0.0
2003-06-02 00:00:00+09:00,232.07411795367264,232.21666091716986,227.36991303638192,229.79327392578125,32047200,0.0,0.0
2003-06-03 00:00:00+09:00,228.36780101848098,229.36565412001963,224.5189054956976,226.6571807861328,30103200,0.0,0.0
2003-06-04 00:00:00+09:00,225.2316436767578,230.64858964827397,224.23376460148646,225.2316436767578,32317200,0.0,0.0
2003-06-05 00:00:00+09:00,225.65928122480807,226.65713412090412,218.3891336831436,220.2423095703125,58557600,0.0,0.0
2003-06-06 00:00:00+09:00,220.95506439090514,225.23161385587758,216.96361387326644,220.66995239257812,50853600,0.0,0.0
2003-06-09 00:00:00+09:00,223.8061174155791,234.6400619410047,222.38060938938767,232.2166748046875,80451000,0.0,0.0
2003-06-10 00:00:00+09:00,228.08269021773575,231.50393070151173,226.79972503631973,229.5082244873047,35519400,0.0,0.0
2003-06-11 00:00:00+09:00,233.6421643626082,235.06769837810901,230.5060365120863,231.78900146484375,51652800,0.0,0.0
2003-06-12 00:00:00+09:00,235.21026759411816,241.76763605062362,232.64433740218234,233.78475952148438,108709200,0.0,0.0
2003-06-13 00:00:00+09:00,235.92303158406756,236.92088461161154,231.0762572171595,231.2188262939453,55584000,0.0,0.0
2003-06-16 00:00:00+09:00,228.08265962955898,228.79542666875423,225.2316436767578,225.2316436767578,30000600,0.0,0.0
2003-06-17 00:00:00+09:00,233.64217812636076,233.78474719750278,225.94438795634287,228.93797302246094,32511600,0.0,0.0
2003-06-18 00:00:00+09:00,232.3592027035851,238.7740275583036,230.5060397795517,234.3549346923828,96661800,0.0,0.0
2003-06-19 00:00:00+09:00,239.0591656799086,251.46116175274824,235.21027034695837,251.31861877441406,147808800,0.0,0.0
2003-06-20 00:00:00+09:00,248.03999893077102,257.0207575127472,246.61449039620342,253.88462829589844,262414800,0.0,0.0
2003-06-23 00:00:00+09:00,263.7206101004034,265.5737731933594,260.5844558175653,265.1461181640625,151563600,0.0,0.0
2003-06-24 00:00:00+09:00,259.44405366680513,263.0078367925995,256.5930115049751,257.8759765625,96190200,0.0,0.0
2003-06-25 00:00:00+09:00,259.87175255724145,263.72064837958237,258.3036751882152,262.43768310546875,73328400,0.0,0.0
2003-06-26 00:00:00+09:00,266.7141655667365,273.6991882324219,264.5758906586707,273.6991882324219,159764400,0.0,0.0
2003-06-27 00:00:00+09:00,279.1162204924794,305.77337808653846,276.12263497275103,304.3478698730469,358106400,0.0,0.0
2003-06-30 00:00:00+09:00,306.48602511673107,360.6556292215044,298.64566776057865,324.3049621582031,457696800,0.0,0.0
2003-07-01 00:00:00+09:00,352.8154327181688,357.8047505683833,332.1454463706983,336.4219970703125,341996400,0.0,0.0
2003-07-02 00:00:00+09:00,347.8260833062725,352.1026336178332,330.7198820600297,338.56024169921875,155343600,0.0,0.0
2003-07-03 00:00:00+09:00,347.82608323354407,372.0598770279848,332.8581571462114,355.66644287109375,362057400,0.0,0.0
2003-07-04 00:00:00+09:00,349.9643008202733,380.6129150390625,345.68775121309284,380.6129150390625,362050200,0.0,0.0
2003-07-07 00:00:00+09:00,397.71914817425653,437.63360595703125,394.86810615334775,437.63360595703125,421766976,0.0,0.0
2003-07-08 00:00:00+09:00,494.65432948146736,508.9095153808594,470.4205604360885,508.9095153808594,293517000,0.0,0.0
2003-07-09 00:00:00+09:00,497.5053681500256,551.6749877929688,474.69708251953125,517.4625854492188,507616200,0.0,0.0
2003-07-10 00:00:00+09:00,496.0798371364244,504.63293777670754,463.29296875,463.29296875,255209400,0.0,0.0
2003-07-11 00:00:00+09:00,434.78255718122625,446.18669830105114,400.57015992373925,410.54876708984375,421187424,0.0,0.0
2003-07-14 00:00:00+09:00,429.0806207083856,456.1654357910156,422.6657940228682,456.1654357910156,354979800,0.0,0.0
2003-07-15 00:00:00+09:00,484.6757477097914,493.2288488328819,437.63366543080036,439.0591735839844,340504200,0.0,0.0
2003-07-16 00:00:00+09:00,453.31436073233226,471.84609728309607,416.96368086228676,466.1440124511719,483708600,0.0,0.0
2003-07-17 00:00:00+09:00,437.6336672788229,447.6122765972347,427.65505796041106,433.35711669921875,289353600,0.0,0.0
2003-07-18 00:00:00+09:00,440.48474004836305,460.4419600602275,437.6336974315274,449.037841796875,364467600,0.0,0.0
2003-07-21 00:00:00+09:00,449.037841796875,449.037841796875,449.037841796875,449.037841796875,0,0.0,0.0
2003-07-22 00:00:00+09:00,463.2929092922399,500.3563232421875,454.7398097496384,500.3563232421875,483170400,0.0,0.0
2003-07-23 00:00:00+09:00,514.6115693219006,527.4412202008068,493.22881785705687,496.079833984375,497701800,0.0,0.0
2003-07-24 00:00:00+09:00,503.2075821106498,516.0372376222867,487.52690944220524,498.9310302734375,229732200,0.0,0.0
2003-07-25 00:00:00+09:00,498.93078925042835,510.33495677654815,487.5266739282852,500.3563232421875,171372600,0.0,0.0
2003-07-28 00:00:00+09:00,517.4625279909379,527.4411616345132,513.185978172831,523.1646118164062,254554200,0.0,0.0
2003-07-29 00:00:00+09:00,535.9945048650604,544.5476083884179,520.3137802695713,524.59033203125,370182600,0.0,0.0
2003-07-30 00:00:00+09:00,517.4625255424318,524.5900911375583,501.78186035156256,501.7818603515625,133772400,0.0,0.0
2003-07-31 00:00:00+09:00,504.6329345703125,507.48395069763063,473.27154835388063,496.079833984375,264317400,0.0,0.0
2003-08-01 00:00:00+09:00,508.9094540870796,516.0370200763283,493.2287880291405,504.6329040527344,182088000,0.0,0.0
2003-08-04 00:00:00+09:00,487.5267023359026,490.3777182815696,477.5480682200985,478.9736022949219,120439800,0.0,0.0
2003-08-05 00:00:00+09:00,481.82465194579635,486.10120226544535,459.01641837699043,471.8460693359375,197137800,0.0,0.0
2003-08-06 00:00:00+09:00,450.4632867298399,487.5267028808594,449.03775265342307,487.5267028808594,322992000,0.0,0.0
2003-08-07 00:00:00+09:00,481.82474253308516,493.228913665556,456.1654357910156,456.1654357910156,204003000,0.0,0.0
2003-08-08 00:00:00+09:00,461.867431640625,473.27154835388063,446.1867646344006,461.867431640625,182246400,0.0,0.0
2003-08-11 00:00:00+09:00,474.69708251953125,474.69708251953125,453.3143310546875,461.867431640625,147351600,0.0,0.0
2003-08-12 00:00:00+09:00,464.7183874726092,474.69702092950996,453.31427223899146,470.42047119140625,178885800,0.0,0.0
2003-08-13 00:00:00+09:00,474.6971135970649,481.82468048398033,464.7184781921942,466.1440124511719,128367000,0.0,0.0
2003-08-14 00:00:00+09:00,467.5695729768296,477.54815673828125,461.86748782457903,477.54815673828125,57569400,0.0,0.0
2003-08-15 00:00:00+09:00,488.9522326788979,488.9522326788979,467.5694827396454,468.9949645996094,99009000,0.0,0.0
2003-08-18 00:00:00+09:00,473.27145794228335,494.6542053222656,471.84597625293327,494.6542053222656,72612000,0.0,0.0
2003-08-19 00:00:00+09:00,508.9096053397499,514.6116911482497,501.78203723212164,503.20751953125,133610400,0.0,0.0
2003-08-20 00:00:00+09:00,506.0583720609049,506.0583720609049,491.8031897395923,494.6542053222656,64479600,0.0,0.0
2003-08-21 00:00:00+09:00,491.80328369140625,500.35638427734375,486.1011992327869,496.079833984375,66591000,0.0,0.0
2003-08-22 00:00:00+09:00,496.0800131166299,508.9096686282669,493.2289959598223,498.9310302734375,100004400,0.0,0.0
2003-08-25 00:00:00+09:00,500.3564188212166,504.6329694094321,481.82468220428706,484.6757507324219,60796800,0.0,0.0
2003-08-26 00:00:00+09:00,478.9736328125,496.079833984375,474.69708251953125,496.079833984375,56122200,0.0,0.0
2003-08-27 00:00:00+09:00,497.50542708581384,507.4840108155079,488.95232548665365,490.3778076171875,69435000,0.0,0.0
2003-08-28 00:00:00+09:00,493.2288778559728,494.6543599910434,477.54815673828125,477.54815673828125,36999000,0.0,0.0
2003-08-29 00:00:00+09:00,484.6756869320055,490.3777188297132,478.973602830318,487.5267028808594,49575600,0.0,0.0
2003-09-01 00:00:00+09:00,491.8031897395923,500.35628869158523,487.5266402635959,494.6542053222656,67759200,0.0,0.0
2003-09-02 00:00:00+09:00,501.781975169861,565.9302368164062,497.5054243934247,565.9302368164062,508147200,0.0,0.0
2003-09-03 00:00:00+09:00,608.6955416441052,635.7803193955859,561.6534987869347,567.3555297851562,593969400,0.0,0.0
2003-09-04 00:00:00+09:00,588.7384728214074,595.8660922514607,558.8026173863531,565.9302368164062,193116600,0.0,0.0
2003-09-05 00:00:00+09:00,568.7811859913094,574.4832704201189,540.270868255228,563.0791015625,199517400,0.0,0.0
2003-09-08 00:00:00+09:00,555.9514853983612,625.801817631789,551.6749355106815,612.97216796875,478701000,0.0,0.0
2003-09-09 00:00:00+09:00,634.3549182344586,641.4824839885611,615.8231846290187,621.5252685546875,408922200,0.0,0.0
2003-09-10 00:00:00+09:00,600.1425779851398,630.0784301757812,590.1639431869315,630.0784301757812,408904200,0.0,0.0
2003-09-11 00:00:00+09:00,618.6742553710938,660.0142761424131,612.9722231435884,618.6742553710938,374446800,0.0,0.0
2003-09-12 00:00:00+09:00,635.7805839426248,641.4826695174444,620.0999138668628,638.6316528320312,177453000,0.0,0.0
2003-09-15 00:00:00+09:00,638.6316528320312,638.6316528320312,638.6316528320312,638.6316528320312,0,0.0,0.0
2003-09-16 00:00:00+09:00,644.3334445249591,664.2907104492188,641.4824289089106,664.2907104492188,281512800,0.0,0.0
2003-09-17 00:00:00+09:00,692.8010215030354,707.0562039558628,671.4182739257812,671.4182739257812,357840000,0.0,0.0
2003-09-18 00:00:00+09:00,672.8438742042833,701.3541897183367,671.4183401571881,698.503173828125,215326800,0.0,0.0
2003-09-19 00:00:00+09:00,719.8858598547765,722.7368754928714,684.2479294607067,694.2265625,242994600,0.0,0.0
2003-09-22 00:00:00+09:00,679.9714320621013,695.6520975804464,672.8438663181223,674.2693481445312,121867200,0.0,0.0
2003-09-23 00:00:00+09:00,674.2693481445312,674.2693481445312,674.2693481445312,674.2693481445312,0,0.0,0.0
2003-09-24 00:00:00+09:00,691.3754876944341,698.5031050238437,612.9721147027188,655.7376098632812,180052200,0.0,0.0
2003-09-25 00:00:00+09:00,628.6528930664062,641.4825439453125,604.4191254742443,615.8232421875,147999600,0.0,0.0
2003-09-26 00:00:00+09:00,601.5678845874281,651.4609918298987,601.5678845874281,648.6099243164062,123991200,0.0,0.0
2003-09-29 00:00:00+09:00,655.7377913421683,675.6950105390384,644.3336213405386,672.843994140625,182957400,0.0,0.0
2003-09-30 00:00:00+09:00,691.3756790362944,694.2267476386958,671.4184598394243,672.843994140625,125868600,0.0,0.0
2003-10-01 00:00:00+09:00,678.5459624163806,681.3970307476818,661.4397612445056,679.9714965820312,93913200,0.0,0.0
2003-10-02 00:00:00+09:00,692.8011444927838,701.3542450420774,682.822509783947,687.0990600585938,96951600,0.0,0.0
2003-10-03 00:00:00+09:00,688.5246001612716,689.9501343331195,669.9928647431808,677.1204833984375,67107600,0.0,0.0
2003-10-06 00:00:00+09:00,679.9714965820312,687.0990630023181,662.8652954101562,662.8652954101562,64193400,0.0,0.0
2003-10-07 00:00:00+09:00,668.5673771879857,734.14111328125,652.8866580406541,734.14111328125,521901000,0.0,0.0
2003-10-08 00:00:00+09:00,734.1411132288912,764.0769651575021,717.0349121268279,721.3114624023438,526491000,0.0,0.0
2003-10-09 00:00:00+09:00,735.5665870257436,761.2258865731533,717.0348532846216,742.6941528320312,389161800,0.0,0.0
2003-10-10 00:00:00+09:00,772.630127276454,778.3322121661799,755.5239248112632,768.3535766601562,263302200,0.0,0.0
2003-10-13 00:00:00+09:00,768.3535766601562,768.3535766601562,768.3535766601562,768.3535766601562,0,0.0,0.0
2003-10-14 00:00:00+09:00,782.6087036132812,856.7355927594006,775.4811371929943,851.0335083007812,467836200,0.0,0.0
2003-10-15 00:00:00+09:00,879.543815937668,902.3520477446751,859.5865478515625,859.5865478515625,348067800,0.0,0.0
2003-10-16 00:00:00+09:00,873.841735576284,1002.13818359375,862.4375674206135,1002.13818359375,560838600,0.0,0.0
2003-10-17 00:00:00+09:00,983.6065016977499,1050.60581994938,977.9044698238941,1002.13818359375,435231000,0.0,0.0
2003-10-20 00:00:00+09:00,987.8831769157858,1036.3507150065436,980.7555578640968,1017.8190307617188,205077600,0.0,0.0
2003-10-21 00:00:00+09:00,1033.4998896915727,1040.6274052923789,875.2674459114842,912.3308715820312,396007200,0.0,0.0
2003-10-22 00:00:00+09:00,937.9899304990602,973.6279167191728,870.99066466455,872.4161987304688,277459200,0.0,0.0
2003-10-23 00:00:00+09:00,815.3955685026885,823.9486690541293,729.8645629882812,729.8645629882812,352452600,0.0,0.0
2003-10-24 00:00:00+09:00,758.374870691434,799.7148358942678,717.0348532846216,742.6941528320312,307693800,0.0,0.0
2003-10-27 00:00:00+09:00,766.9280959529841,829.6508210354336,759.8004767771695,826.7998046875,316935000,0.0,0.0
2003-10-28 00:00:00+09:00,852.4591683280973,863.8632867251184,794.0129375588858,806.8425903320312,218703600,0.0,0.0
2003-10-29 00:00:00+09:00,835.3527785461317,839.6293285178629,786.8851947985197,812.5444946289062,126585000,0.0,0.0
2003-10-30 00:00:00+09:00,805.4170488112173,808.2680651493924,771.2046439371691,785.4597778320312,93123000,0.0,0.0
2003-10-31 00:00:00+09:00,785.4597821341599,821.0977214744858,782.6087657803693,805.4170532226562,136425600,0.0,0.0
2003-11-03 00:00:00+09:00,805.4170532226562,805.4170532226562,805.4170532226562,805.4170532226562,0,0.0,0.0
2003-11-04 00:00:00+09:00,848.1824921734631,849.6079741351306,816.8211059570312,825.3742065429688,129652200,0.0,0.0
2003-11-05 00:00:00+09:00,811.1191453094748,815.395696255226,779.7578065099602,799.7150268554688,117459000,0.0,0.0
2003-11-06 00:00:00+09:00,786.8852570676037,794.0128235165259,727.0135527255035,732.7156372070312,141692400,0.0,0.0
2003-11-07 00:00:00+09:00,742.6942729623702,769.7791109335845,724.1625884277381,768.3535766601562,131122800,0.0,0.0
2003-11-10 00:00:00+09:00,754.0984560916179,755.5239381862945,679.9715600288614,685.6736450195312,151974000,0.0,0.0
2003-11-11 00:00:00+09:00,614.3976440429688,614.3976440429688,614.3976440429688,614.3976440429688,9912600,0.0,0.0
2003-11-12 00:00:00+09:00,627.2273002763781,647.1845679142299,590.1638852694762,621.5252685546875,377829000,0.0,0.0
2003-11-13 00:00:00+09:00,641.4826053901006,657.1632738983071,632.9295039848993,637.2060546875,212763600,0.0,0.0
2003-11-14 00:00:00+09:00,622.9509451856143,627.2274964161883,565.9302969139572,570.2068481445312,274906800,0.0,0.0
2003-11-17 00:00:00+09:00,520.3137894594992,533.1434449711361,498.9310302734375,498.9310302734375,280200600,0.0,0.0
2003-11-18 00:00:00+09:00,506.0585798512514,561.6537458668764,457.5909818209135,555.95166015625,454813200,0.0,0.0
2003-11-19 00:00:00+09:00,520.3135732259568,541.6963235257082,503.20737298615575,506.0584411621094,284306400,0.0,0.0
2003-11-20 00:00:00+09:00,534.568729142766,545.9728446298192,510.3349641562864,540.2708129882812,278501400,0.0,0.0
2003-11-21 00:00:00+09:00,527.4412173345487,547.398434525289,518.888116795091,541.6963500976562,197019000,0.0,0.0
2003-11-24 00:00:00+09:00,541.6963500976562,541.6963500976562,541.6963500976562,541.6963500976562,0,0.0,0.0
2003-11-25 00:00:00+09:00,570.2066616123362,600.1425104334143,567.3555935886295,593.014892578125,299201400,0.0,0.0
2003-11-26 00:00:00+09:00,585.8873901367188,640.0570097796618,583.0363740094006,611.5466918945312,411186600,0.0,0.0
2003-11-27 00:00:00+09:00,625.8019992881034,638.6316526753037,617.2488970299697,624.37646484375,187551000,0.0,0.0
2003-11-28 00:00:00+09:00,620.0997955660594,622.950811707564,591.5894775390625,591.5894775390625,113275800,0.0,0.0
2003-12-01 00:00:00+09:00,563.0790458712876,617.2487120773806,563.0790458712876,614.3976440429688,153360000,0.0,0.0
2003-12-02 00:00:00+09:00,628.6528930664062,637.2059936523438,605.8446074359118,611.5466918945312,137115000,0.0,0.0
2003-12-03 00:00:00+09:00,617.2487792369349,634.35498048873,608.6956786110374,630.0784301757812,128782800,0.0,0.0
2003-12-04 00:00:00+09:00,625.8017522091671,651.4610488527688,621.5252027685668,627.2272338867188,221457600,0.0,0.0
2003-12-05 00:00:00+09:00,628.6528930664062,635.7804594866931,608.6956757672131,611.5466918945312,96494400,0.0,0.0
2003-12-08 00:00:00+09:00,598.7169090912604,601.5679245903711,565.9300481375866,567.3555297851562,141508800,0.0,0.0
2003-12-09 00:00:00+09:00,581.610774748029,585.8873245623528,543.1218264191153,571.6321411132812,163373400,0.0,0.0
2003-12-10 00:00:00+09:00,550.249584047359,553.10065305442,524.5902762077827,527.4413452148438,159796800,0.0,0.0
2003-12-11 00:00:00+09:00,534.568916483316,538.8454678151826,494.65441998456316,514.6116943359375,259605000,0.0,0.0
2003-12-12 00:00:00+09:00,471.8460307790556,477.54806260332407,443.3356628417969,443.3356628417969,421180200,0.0,0.0
2003-12-15 00:00:00+09:00,450.4632551127901,481.8245849609375,430.50601436161946,481.8245849609375,461298600,0.0,0.0
2003-12-16 00:00:00+09:00,453.3144191098946,470.42062360460756,449.0378679862163,456.1654357910156,220512600,0.0,0.0
2003-12-17 00:00:00+09:00,463.2929016107205,466.14391734299153,436.2080694402306,440.484619140625,137815200,0.0,0.0
2003-12-18 00:00:00+09:00,443.3356310730896,446.1866989849001,407.69772590924936,414.8253173828125,342817200,0.0,0.0
2003-12-19 00:00:00+09:00,420.52743527217666,423.37847749130043,403.4212341614171,411.9743347167969,249645600,0.0,0.0
2003-12-22 00:00:00+09:00,401.2829303893676,440.4846471716502,394.8681054305572,426.9422302246094,304241400,0.0,0.0
2003-12-23 00:00:00+09:00,426.9422302246094,426.9422302246094,426.9422302246094,426.9422302246094,0,0.0,0.0
2003-12-24 00:00:00+09:00,437.633577889444,460.44183428794,433.35702818335176,444.76116943359375,295934400,0.0,0.0
2003-12-25 00:00:00+09:00,453.31429871215073,468.9949645996094,453.31429871215073,468.9949645996094,202188600,0.0,0.0
2003-12-26 00:00:00+09:00,476.1225820843278,477.5480639424025,457.59084809354323,460.4418640136719,189307800,0.0,0.0
2003-12-29 00:00:00+09:00,461.8673986878517,474.6970486514031,460.44186462390843,468.9949645996094,121294800,0.0,0.0
2003-12-30 00:00:00+09:00,477.548101653397,477.548101653397,467.56951904296875,467.56951904296875,76147200,0.0,0.0
2003-12-31 00:00:00+09:00,467.56951904296875,467.56951904296875,467.56951904296875,467.56951904296875,0,0.0,0.0
2004-01-01 00:00:00+09:00,467.56951904296875,467.56951904296875,467.56951904296875,467.56951904296875,0,0.0,0.0
2004-01-02 00:00:00+09:00,467.56951904296875,467.56951904296875,467.56951904296875,467.56951904296875,0,0.0,0.0
2004-01-05 00:00:00+09:00,468.99493882620493,486.10113783754343,466.14392305897405,483.2501220703125,97174800,0.0,0.0
2004-01-06 00:00:00+09:00,497.5053020889873,503.2073335864817,478.9735692121903,481.8245849609375,130082400,0.0,0.0
2004-01-07 00:00:00+09:00,483.2502426901935,520.3136657311794,481.8247083487746,518.88818359375,340887600,0.0,0.0
2004-01-08 00:00:00+09:00,526.0157143770849,558.8025843217534,511.7605285644531,511.7605285644531,526525200,0.0,0.0
2004-01-09 00:00:00+09:00,533.1431955805895,545.9728450908494,516.0369962335761,544.54736328125,280180800,0.0,0.0
2004-01-12 00:00:00+09:00,544.54736328125,544.54736328125,544.54736328125,544.54736328125,0,0.0,0.0
2004-01-13 00:00:00+09:00,551.6750464911015,561.6536823044148,534.5688434991293,545.9729614257812,212445000,0.0,0.0
2004-01-14 00:00:00+09:00,541.6964147468962,563.079168647484,537.4198639667786,561.6536865234375,244483200,0.0,0.0
2004-01-15 00:00:00+09:00,564.5046987350806,568.7812494830737,545.9729614257812,545.9729614257812,248270400,0.0,0.0
2004-01-16 00:00:00+09:00,553.1006417024512,557.3771929212743,544.547539264805,550.2495727539062,90565200,0.0,0.0
2004-01-19 00:00:00+09:00,558.8025542132556,558.8025542132556,545.9729033343493,551.6749877929688,80011800,0.0,0.0
2004-01-20 00:00:00+09:00,557.3770722515881,617.2487763531506,553.1005219586193,590.1639404296875,578309400,0.0,0.0
2004-01-21 00:00:00+09:00,597.291385699398,608.695552303492,583.0362557502391,587.3128051757812,362030400,0.0,0.0
2004-01-22 00:00:00+09:00,597.2916312963478,598.7171657590101,580.1854265603761,585.8875122070312,141433200,0.0,0.0
2004-01-23 00:00:00+09:00,578.7599451883641,583.0364963789087,568.7813083424288,581.6109619140625,192006000,0.0,0.0
2004-01-26 00:00:00+09:00,575.9086308487549,578.7596985635319,557.3769517225636,564.5045166015625,107404200,0.0,0.0
2004-01-27 00:00:00+09:00,571.6320791358081,591.5893442414978,565.9300481375866,567.3555297851562,215818200,0.0,0.0
2004-01-28 00:00:00+09:00,555.9517173284949,567.3558377185153,551.6751656567372,558.802734375,122230800,0.0,0.0
2004-01-29 00:00:00+09:00,544.5474213726818,547.3984375,530.292236328125,538.8453369140625,158149800,0.0,0.0
2004-01-30 00:00:00+09:00,541.696229343468,548.8238463401258,530.292115234375,534.5686645507812,93898800,0.0,0.0
2004-02-02 00:00:00+09:00,531.7177733236962,554.526006871598,530.2922391504586,553.1005249023438,159078600,0.0,0.0
2004-02-03 00:00:00+09:00,557.3771315564218,564.5046987350806,535.9943778164566,545.9729614257812,197728200,0.0,0.0
2004-02-04 00:00:00+09:00,543.1217207532466,547.3982697355556,504.6327799124653,507.4837951660156,170188200,0.0,0.0
2004-02-05 00:00:00+09:00,500.3564769261032,520.3136979206853,494.65439141165433,510.3351135253906,173566800,0.0,0.0
2004-02-06 00:00:00+09:00,514.6115075668807,534.5687224711445,510.33495778711153,533.1431884765625,164185200,0.0,0.0
2004-02-09 00:00:00+09:00,544.5474845581302,548.8240353473198,521.739196281123,526.0157470703125,155179800,0.0,0.0
2004-02-10 00:00:00+09:00,524.5901518695056,531.7177704937756,510.33501902893187,530.292236328125,86617800,0.0,0.0
2004-02-11 00:00:00+09:00,530.292236328125,530.292236328125,530.292236328125,530.292236328125,0,0.0,0.0
2004-02-12 00:00:00+09:00,538.8452138671876,541.696229343468,526.0155659179687,534.5686645507812,104772600,0.0,0.0
2004-02-13 00:00:00+09:00,547.3983264693969,590.1638207248185,541.6962431673498,587.3128051757812,565956000,0.0,0.0
2004-02-16 00:00:00+09:00,593.0148911633586,600.1425090016434,577.3342258862913,580.1852416992188,308354400,0.0,0.0
2004-02-17 00:00:00+09:00,584.4619116194023,612.9722844230723,581.6108952206305,610.1212158203125,412110000,0.0,0.0
2004-02-18 00:00:00+09:00,624.3762795739141,630.078363455367,593.0148965318892,602.9935302734375,413631000,0.0,0.0
2004-02-19 00:00:00+09:00,610.1212177818602,627.2274206374636,591.589532824282,620.099853515625,291961800,0.0,0.0
2004-02-20 00:00:00+09:00,607.2702058822284,615.8233073735274,601.568120820033,604.419189453125,211717800,0.0,0.0
2004-02-23 00:00:00+09:00,604.4191283173859,627.2273618511854,601.5680599726735,625.8018798828125,310321800,0.0,0.0
2004-02-24 00:00:00+09:00,621.5251965599065,634.3548447535469,595.8659001726255,597.2913818359375,433186200,0.0,0.0
2004-02-25 00:00:00+09:00,561.6535010907573,580.1851802169487,537.419686535012,564.5045166015625,579670200,0.0,0.0
2004-02-26 00:00:00+09:00,558.8024333759803,571.6320814805613,550.249334639593,564.5045166015625,344750400,0.0,0.0
2004-02-27 00:00:00+09:00,571.632141588372,580.185241224128,567.3555917704939,575.90869140625,137948400,0.0,0.0
2004-03-01 00:00:00+09:00,585.8873901367188,611.5466918945312,581.61083984375,611.5466918945312,245952000,0.0,0.0
2004-03-02 00:00:00+09:00,620.0997924804688,624.3763427734375,604.4191254742443,607.2701416015625,230292000,0.0,0.0
2004-03-03 00:00:00+09:00,604.4190642947952,615.8231798537234,601.5679962520799,602.9935302734375,104911200,0.0,0.0
2004-03-04 00:00:00+09:00,608.6956180810703,621.5252677441094,605.844550019965,612.97216796875,134272800,0.0,0.0
2004-03-05 00:00:00+09:00,620.0997924804688,622.9508086077868,598.717041015625,611.5466918945312,143152200,0.0,0.0
2004-03-08 00:00:00+09:00,610.1211607215504,614.3977110354957,598.717043952357,600.142578125,78642000,0.0,0.0
2004-03-09 00:00:00+09:00,591.589531319916,615.8233012357335,591.589531319916,605.8446655273438,173176200,0.0,0.0
2004-03-10 00:00:00+09:00,605.8445456741484,608.6956137148024,594.4404301234654,598.7169799804688,76728600,0.0,0.0
2004-03-11 00:00:00+09:00,587.3129272248138,595.8660278533112,587.3129272248138,591.5894775390625,53546400,0.0,0.0
2004-03-12 00:00:00+09:00,583.0364963789087,588.7385298303055,571.6323250681272,581.6109619140625,84531600,0.0,0.0
2004-03-15 00:00:00+09:00,591.5894147145093,607.2700801335328,590.1638806931517,602.9935302734375,102391200,0.0,0.0
2004-03-16 00:00:00+09:00,598.7170438319444,632.9294463366269,594.4404935188591,625.8018798828125,330494400,0.0,0.0
2004-03-17 00:00:00+09:00,644.3335600726306,651.4611786969006,634.3549775250256,641.4825439453125,354157200,0.0,0.0
2004-03-18 00:00:00+09:00,662.8652985070607,665.7163146476988,628.6528960034706,630.0784301757812,253400400,0.0,0.0
2004-03-19 00:00:00+09:00,634.3549145369649,644.33349609375,625.8018148003046,644.33349609375,142619400,0.0,0.0
2004-03-22 00:00:00+09:00,637.2058778923797,661.4396410820405,635.7803439857031,655.7376098632812,214489800,0.0,0.0
2004-03-23 00:00:00+09:00,647.1846313283321,652.8866636087338,635.7804623595619,651.461181640625,149695200,0.0,0.0
2004-03-24 00:00:00+09:00,651.4610563579103,660.0141553376466,628.6527750106222,634.3548583984375,143139600,0.0,0.0
2004-03-25 00:00:00+09:00,638.6315308016788,644.3335630829549,622.950811518211,630.0784301757812,68079600,0.0,0.0
2004-03-26 00:00:00+09:00,650.5149629623306,657.7109602728757,643.3190183565866,649.0758056640625,95184000,7.0,0.0
2004-03-29 00:00:00+09:00,653.3934372045308,685.0556382618215,649.0758595417361,672.1029052734375,337689000,0.0,0.0
2004-03-30 00:00:00+09:00,690.812154456164,695.129730421515,673.5418505947599,680.73779296875,239414400,0.0,0.0
2004-03-31 00:00:00+09:00,683.6162908288927,700.8865966796875,677.8595046436975,700.8865966796875,140596200,0.0,0.0
2004-04-01 00:00:00+09:00,718.1569745261577,772.8462643013792,709.5218207350808,767.0894775390625,634489200,0.0,0.0
2004-04-02 00:00:00+09:00,769.9679351165518,797.3125549957529,755.5759938557942,777.1638793945312,561567600,0.0,0.0
2004-04-05 00:00:00+09:00,810.265235229192,828.9747524180023,800.1909244161978,821.77880859375,429696000,0.0,0.0
2004-04-06 00:00:00+09:00,826.0964322096996,827.53558943317,791.5558155696398,801.630126953125,299228400,0.0,0.0
2004-04-07 00:00:00+09:00,774.2855401246669,808.8261582312722,772.8463301352915,788.6774291992188,223871400,0.0,0.0
2004-04-08 00:00:00+09:00,808.8263073570665,817.4614634758082,794.4343629242271,803.0695190429688,207882000,0.0,0.0
2004-04-09 00:00:00+09:00,788.6774823219273,794.4342699623866,732.548974118063,748.380126953125,331507800,0.0,0.0
2004-04-12 00:00:00+09:00,762.7718579417851,797.3124711724289,762.7718579417851,784.3597412109375,198919800,0.0,0.0
2004-04-13 00:00:00+09:00,803.0692669796828,808.8260534868698,777.1638067545317,782.9205932617188,144522000,0.0,0.0
2004-04-14 00:00:00+09:00,767.0895479190237,781.4814897928684,762.7719706273505,765.650390625,116098200,0.0,0.0
2004-04-15 00:00:00+09:00,771.4070826408388,775.724659694248,723.9137350533379,732.5488891601562,213458400,0.0,0.0
2004-04-16 00:00:00+09:00,733.9880972131634,752.6976152986277,716.7177890434419,735.4273071289062,206461800,0.0,0.0
2004-04-19 00:00:00+09:00,741.1841502991027,744.0625705535714,696.569216107701,718.1571044921875,171444600,0.0,0.0
2004-04-20 00:00:00+09:00,725.3530438956568,764.2112426757812,702.3259455687961,764.2112426757812,267577200,0.0,0.0
2004-04-21 00:00:00+09:00,754.1367910155682,774.2855195112111,741.184059570426,749.8192138671875,221140800,0.0,0.0
2004-04-22 00:00:00+09:00,769.9679754181967,771.4071327262417,731.1097794145553,739.7449340820312,128595600,0.0,0.0
2004-04-23 00:00:00+09:00,745.5018434825731,757.0154208747272,723.9139517533015,741.1842651367188,167608800,0.0,0.0
2004-04-26 00:00:00+09:00,735.427417549882,736.8665749769095,715.2786865234375,715.2786865234375,116393400,0.0,0.0
2004-04-27 00:00:00+09:00,705.2042696250968,735.427308998961,698.0082727328829,732.5488891601562,200563200,0.0,0.0
2004-04-28 00:00:00+09:00,729.6704703582891,745.5015675315257,725.3528936106069,731.1096801757812,115000200,0.0,0.0
2004-04-29 00:00:00+09:00,731.1096801757812,731.1096801757812,731.1096801757812,731.1096801757812,0,0.0,0.0
2004-04-30 00:00:00+09:00,709.5218194364734,726.7921269870179,705.2042425488372,719.5961303710938,75340800,0.0,0.0
2004-05-03 00:00:00+09:00,719.5961303710938,719.5961303710938,719.5961303710938,719.5961303710938,0,0.0,0.0
2004-05-04 00:00:00+09:00,719.5961303710938,719.5961303710938,719.5961303710938,719.5961303710938,0,0.0,0.0
2004-05-05 00:00:00+09:00,719.5961303710938,719.5961303710938,719.5961303710938,719.5961303710938,0,0.0,0.0
2004-05-06 00:00:00+09:00,725.3530872555598,728.2314549541775,700.8868300552886,703.7651977539062,68209200,0.0,0.0
2004-05-07 00:00:00+09:00,693.6906435724975,700.88663992418,680.7379133852219,683.6163330078125,115902000,0.0,0.0
2004-05-10 00:00:00+09:00,662.0285062524484,664.9068734175918,611.65673828125,611.65673828125,150339600,0.0,0.0
2004-05-11 00:00:00+09:00,582.8729945586531,600.143305508539,539.697217183938,558.40673828125,427296600,0.0,0.0
2004-05-12 00:00:00+09:00,587.1905760786992,613.0960426704065,574.2378427828455,601.58251953125,359942400,0.0,0.0
2004-05-13 00:00:00+09:00,608.7784408465393,620.2919635306879,581.4337651787812,585.7513427734375,335030400,0.0,0.0
2004-05-14 00:00:00+09:00,592.9473883326665,598.704123786073,518.1093530951041,546.8931884765625,310703400,0.0,0.0
2004-05-17 00:00:00+09:00,535.3795348050302,538.2579018324908,476.3726681609132,492.2037658691406,327103200,0.0,0.0
2004-05-18 00:00:00+09:00,506.59582948348253,552.6499766347777,496.5214633828081,546.8931884765625,289294200,0.0,0.0
2004-05-19 00:00:00+09:00,565.6025575121151,603.0215386596644,552.6498271874102,581.4336547851562,382257000,0.0,0.0
2004-05-20 00:00:00+09:00,575.6770615111388,597.2649506589964,554.0891723632812,554.0891723632812,338310000,0.0,0.0
2004-05-21 00:00:00+09:00,575.6767897419742,590.0686739097953,567.0416381593684,587.1903076171875,233908200,0.0,0.0
2004-05-24 00:00:00+09:00,590.0689086914062,601.582483852521,584.3121738156525,590.0689086914062,166618800,0.0,0.0
2004-05-25 00:00:00+09:00,601.5823983433328,617.4134960586218,587.190457790018,600.1431884765625,413056800,0.0,0.0
2004-05-26 00:00:00+09:00,627.4881299736938,630.366498242143,594.3866577148438,594.3866577148438,233269200,0.0,0.0
2004-05-27 00:00:00+09:00,601.5823379013724,608.7782811026435,588.6296085162097,598.7039184570312,147468600,0.0,0.0
2004-05-28 00:00:00+09:00,611.6566872374386,617.4134737921099,603.0215337578287,608.7783203125,178590600,0.0,0.0
2004-05-31 00:00:00+09:00,620.2918506085725,676.4203491210938,614.5351166668952,676.4203491210938,526285800,0.0,0.0
2004-06-01 00:00:00+09:00,670.6636370546763,699.4474658162997,663.467640335673,667.7852172851562,576972000,0.0,0.0
2004-06-02 00:00:00+09:00,663.4678209733963,676.4205553483963,641.8799303483963,647.63671875,262006200,0.0,0.0
2004-06-03 00:00:00+09:00,654.8324618302796,667.785192192009,628.9270011068207,630.3662109375,301554000,0.0,0.0
2004-06-04 00:00:00+09:00,637.5621231334306,644.7581192259598,623.1702363579566,641.8796997070312,209705400,0.0,0.0
2004-06-07 00:00:00+09:00,651.9540582889917,676.4203078088357,650.5148485390745,670.66357421875,307063800,0.0,0.0
2004-06-08 00:00:00+09:00,683.6164014387092,683.6164014387092,654.8325185602629,656.271728515625,212702400,0.0,0.0
2004-06-09 00:00:00+09:00,659.15009572155,664.9068828381991,651.954151354338,656.271728515625,117658800,0.0,0.0
2004-06-10 00:00:00+09:00,646.1973049655747,659.1500352613532,636.1229943164989,654.8324584960938,145148400,0.0,0.0
2004-06-11 00:00:00+09:00,654.8326889246994,672.1030020629755,653.3935312997185,660.5894775390625,125253000,0.0,0.0
2004-06-14 00:00:00+09:00,666.3460098846131,683.6163163809331,659.1500137079512,663.4675903320312,207590400,0.0,0.0
2004-06-15 00:00:00+09:00,664.9068603515625,669.2244373668324,651.9541293057528,664.9068603515625,175199400,0.0,0.0
2004-06-16 00:00:00+09:00,674.9813255185043,685.0556382618215,669.2245377331761,672.1029052734375,191982600,0.0,0.0
2004-06-17 00:00:00+09:00,676.4204037549263,705.2042866073397,669.2244593942225,702.3258666992188,322666200,0.0,0.0
2004-06-18 00:00:00+09:00,695.1299621679592,699.447539572729,663.4677102980455,666.3461303710938,353871000,0.0,0.0
2004-06-21 00:00:00+09:00,673.541910292227,686.4946393363084,672.102700607955,682.1770629882812,188490600,0.0,0.0
2004-06-22 00:00:00+09:00,677.859517558753,689.3730374437164,659.1500016289949,670.66357421875,151702200,0.0,0.0
2004-06-23 00:00:00+09:00,676.4203457664954,679.2987654278539,627.4878439809362,630.3662109375,155863800,0.0,0.0
2004-06-24 00:00:00+09:00,644.7581149489887,677.859517558753,630.3661755641907,670.66357421875,207234000,0.0,0.0
2004-06-25 00:00:00+09:00,669.2244373668324,674.9812242887914,651.9541293057528,664.9068603515625,120310200,0.0,0.0
2004-06-28 00:00:00+09:00,662.0283808740804,692.2514148510852,657.7108045916513,686.49462890625,183211200,0.0,0.0
2004-06-29 00:00:00+09:00,683.6163238697675,693.6906342997871,676.4203276142754,685.0554809570312,133542000,0.0,0.0
2004-06-30 00:00:00+09:00,686.4946186065674,695.1297710418701,682.177042388916,690.8121948242188,108666000,0.0,0.0
2004-07-01 00:00:00+09:00,700.886662376278,703.7650293862797,670.6636243044745,674.981201171875,142263000,0.0,0.0
2004-07-02 00:00:00+09:00,662.028390932418,685.0554296520362,660.5891812481458,682.1770629882812,111574800,0.0,0.0
2004-07-05 00:00:00+09:00,674.981361599227,677.8597292933496,653.3934721312859,659.1502075195312,94735800,0.0,0.0
2004-07-06 00:00:00+09:00,659.149963941268,667.7851165374627,628.9269298545864,634.6837158203125,115092000,0.0,0.0
2004-07-07 00:00:00+09:00,613.0958924970423,647.6365061588476,594.3863758619666,636.1229858398438,289134000,0.0,0.0
2004-07-08 00:00:00+09:00,628.9270045677213,640.4405778669238,605.8999633789062,605.8999633789062,154096200,0.0,0.0
2004-07-09 00:00:00+09:00,613.0958924970423,644.7581392552951,608.7783157893167,636.1229858398438,232417800,0.0,0.0
2004-07-12 00:00:00+09:00,643.3189294511219,654.8324497701258,631.8054091321181,636.1229858398438,106617600,0.0,0.0
2004-07-13 00:00:00+09:00,634.6837468401621,636.1229565781315,617.4134408036952,623.1702270507812,83041200,0.0,0.0
2004-07-14 00:00:00+09:00,630.3662682227913,631.8054781842606,604.4608051451423,607.3391723632812,83689200,0.0,0.0
2004-07-15 00:00:00+09:00,611.6569727351764,613.0961832218104,569.9203956709787,594.3866577148438,177112800,0.0,0.0
2004-07-16 00:00:00+09:00,579.9946790266036,610.2177259016037,569.9203125,604.4609375,137518200,0.0,0.0
2004-07-19 00:00:00+09:00,604.4609375,604.4609375,604.4609375,604.4609375,0,0.0,0.0
2004-07-20 00:00:00+09:00,590.0686739097953,598.7038254924009,581.4335223271895,587.1903076171875,80998200,0.0,0.0
2004-07-21 00:00:00+09:00,601.5823766477565,618.8526836069764,595.8255900930851,608.7783203125,168984000,0.0,0.0
2004-07-22 00:00:00+09:00,588.6296676567882,617.4134960586218,588.6296676567882,600.1431884765625,147627000,0.0,0.0
2004-07-23 00:00:00+09:00,601.5822444897913,607.3389770750066,582.8727318258847,587.1903076171875,118261800,0.0,0.0
2004-07-26 00:00:00+09:00,582.8728646117216,591.508018161525,577.1160780102546,581.4336547851562,99720000,0.0,0.0
2004-07-27 00:00:00+09:00,579.9946393407104,588.6297949998534,552.6499621851549,554.0891723632812,185661000,0.0,0.0
2004-07-28 00:00:00+09:00,568.4808236951403,582.8727612953869,561.2848812474097,575.6768188476562,158895000,0.0,0.0
2004-07-29 00:00:00+09:00,571.3594849157322,575.6770627546299,546.8931753587734,552.6499633789062,126705600,0.0,0.0
2004-07-30 00:00:00+09:00,564.1633911132812,569.9201781578898,554.0890796662146,564.1633911132812,89496000,0.0,0.0
2004-08-02 00:00:00+09:00,559.8458957238696,564.163473461341,552.6499503963526,558.40673828125,66144600,0.0,0.0
2004-08-03 00:00:00+09:00,561.2850795523182,565.6026570873361,541.1364019571696,545.4539794921875,80877600,0.0,0.0
2004-08-04 00:00:00+09:00,533.9404315347499,558.4067406194044,512.3525427569998,555.5283203125,176256000,0.0,0.0
2004-08-05 00:00:00+09:00,551.2107402489265,571.3594714936645,536.8188495938924,558.40673828125,177919200,0.0,0.0
2004-08-06 00:00:00+09:00,539.6972286964403,558.4067501928528,536.8188610449952,554.0891723632812,150325200,0.0,0.0
2004-08-09 00:00:00+09:00,539.6973108685547,567.0419921875,536.8189427788609,567.0419921875,128988000,0.0,0.0
2004-08-10 00:00:00+09:00,574.2378427828455,607.3392547484249,571.3594751742581,601.58251953125,374740200,0.0,0.0
2004-08-11 00:00:00+09:00,614.535088428447,617.4134552670221,585.751209223526,591.5079956054688,212884200,0.0,0.0
2004-08-12 00:00:00+09:00,598.703956203202,614.5351060308038,591.5080125482519,610.217529296875,242688600,0.0,0.0
2004-08-13 00:00:00+09:00,598.7041490983963,613.09609375,597.2649915266037,604.4609375,157428000,0.0,0.0
2004-08-16 00:00:00+09:00,611.656798224765,615.97437574801,600.1432757310464,613.0960083007812,213202800,0.0,0.0
2004-08-17 00:00:00+09:00,621.7311024164494,627.4878894515346,608.7783711161068,611.65673828125,180225000,0.0,0.0
2004-08-18 00:00:00+09:00,607.3392667955742,610.2176871660646,594.3865332427908,597.2649536132812,84421800,0.0,0.0
2004-08-19 00:00:00+09:00,605.8999107875405,627.48779296875,601.5823343512988,627.48779296875,218993400,0.0,0.0
2004-08-20 00:00:00+09:00,621.7310188234976,640.4405346433945,615.9742325624236,620.2918090820312,266232600,0.0,0.0
2004-08-23 00:00:00+09:00,633.2445778940639,641.8797314685502,624.6094243195776,630.3662109375,139345200,0.0,0.0
2004-08-24 00:00:00+09:00,634.6838546262449,651.9541635956665,630.3662773838894,650.5149536132812,276692400,0.0,0.0
2004-08-25 00:00:00+09:00,644.75830078125,653.3934563599953,639.0015128271508,644.75830078125,169902000,0.0,0.0
2004-08-26 00:00:00+09:00,657.711034149368,660.589401774014,640.4407229918774,644.75830078125,147614400,0.0,0.0
2004-08-27 00:00:00+09:00,644.7583163441094,659.1502075195312,641.8798959451784,659.1502075195312,119455200,0.0,0.0
2004-08-30 00:00:00+09:00,666.3459175348804,680.7378024840289,663.4674983812223,677.8594360351562,218743200,0.0,0.0
2004-08-31 00:00:00+09:00,672.1027214234982,676.420297905244,662.028411435952,673.5419311523438,166701600,0.0,0.0
2004-09-01 00:00:00+09:00,685.0556279073941,702.3259382975368,683.6164705114186,699.4475708007812,342396000,0.0,0.0
2004-09-02 00:00:00+09:00,703.7652356541495,713.8396021990641,693.6908691092348,710.961181640625,337957200,0.0,0.0
2004-09-03 00:00:00+09:00,709.5218234203617,719.5961344115483,692.2515157728462,695.1298828125,334287000,0.0,0.0
2004-09-06 00:00:00+09:00,702.3260253749298,716.7179700526921,693.6908691092348,710.961181640625,160516800,0.0,0.0
2004-09-07 00:00:00+09:00,713.8394286137438,715.2785858381903,699.4474874356898,708.0826416015625,204532200,0.0,0.0
2004-09-08 00:00:00+09:00,731.1099147304543,732.5490723048626,708.082813786997,710.961181640625,349041600,0.0,0.0
2004-09-09 00:00:00+09:00,703.76521106247,713.839577255356,695.1300550985134,698.0084228515625,190299600,0.0,0.0
2004-09-10 00:00:00+09:00,687.9338282473805,695.1297710418701,677.8594661712647,690.8121948242188,203277600,0.0,0.0
2004-09-13 00:00:00+09:00,696.5692653274426,706.6435788155192,693.6908448695841,698.0084228515625,163560600,0.0,0.0
2004-09-14 00:00:00+09:00,698.0081480911317,702.325724373561,683.6162622862267,686.49462890625,93130200,0.0,0.0
2004-09-15 00:00:00+09:00,679.2987273086704,682.1770941037132,669.2243644688326,670.66357421875,134920800,0.0,0.0
2004-09-16 00:00:00+09:00,663.4677499478481,679.2989031812989,657.7110148673255,672.1029052734375,225522000,0.0,0.0
2004-09-17 00:00:00+09:00,670.6635436284722,682.1770629882812,667.7851242599278,682.1770629882812,148908600,0.0,0.0
2004-09-20 00:00:00+09:00,682.1770629882812,682.1770629882812,682.1770629882812,682.1770629882812,0,0.0,0.0
2004-09-21 00:00:00+09:00,685.0555915767515,693.6907463138735,682.1772242326447,689.3731689453125,113634000,0.0,0.0
2004-09-22 00:00:00+09:00,693.6907463138735,695.1299563383278,682.1772242326447,689.3731689453125,109998000,0.0,0.0
2004-09-23 00:00:00+09:00,689.3731689453125,689.3731689453125,689.3731689453125,689.3731689453125,0,0.0,0.0
2004-09-24 00:00:00+09:00,682.1770629882812,685.0554296520362,674.9811199764993,682.1770629882812,100463400,0.0,0.0
2004-09-27 00:00:00+09:00,686.4947125762216,689.3730795470602,670.6636151794165,676.4203491210938,94757400,0.0,0.0
2004-09-28 00:00:00+09:00,669.2243435300577,682.1770727596717,666.3459768250735,679.2987060546875,101998800,0.0,0.0
2004-09-29 00:00:00+09:00,685.0555915767515,695.1299563383278,682.1772242326447,689.3731689453125,191752200,0.0,0.0
2004-09-30 00:00:00+09:00,696.5691137470328,742.6232512980242,695.1299038312901,735.4273071289062,560133000,0.0,0.0
2004-10-01 00:00:00+09:00,728.2314054157862,732.5489830224111,715.2786725959118,722.4746704101562,261437400,0.0,0.0
2004-10-04 00:00:00+09:00,736.8665140563382,748.3800887495071,731.1097794145553,739.7449340820312,314951400,0.0,0.0
2004-10-05 00:00:00+09:00,735.427308998961,742.6232531863769,729.6705220261495,732.5488891601562,159705000,0.0,0.0
2004-10-06 00:00:00+09:00,736.8664392702935,768.5286874058407,735.4272821083114,767.0894775390625,372411000,0.0,0.0
2004-10-07 00:00:00+09:00,772.8464207441921,780.0423661251242,755.5761096661096,757.0153198242188,304878600,0.0,0.0
2004-10-08 00:00:00+09:00,745.5016614606573,768.5287579178486,744.0625041666334,765.650390625,219133800,0.0,0.0
2004-10-11 00:00:00+09:00,765.650390625,765.650390625,765.650390625,765.650390625,0,0.0,0.0
2004-10-12 00:00:00+09:00,767.0895224607104,781.4814638569126,749.8192138671875,749.8192138671875,279901800,0.0,0.0
2004-10-13 00:00:00+09:00,758.4544277177538,767.0895826925472,749.8192727429604,752.6976928710938,189432000,0.0,0.0
2004-10-14 00:00:00+09:00,742.6234866136696,746.9410650242143,732.549119420794,738.305908203125,124365600,0.0,0.0
2004-10-15 00:00:00+09:00,723.9137350533379,738.3056761329678,722.4745778387335,732.5488891601562,156081600,0.0,0.0
2004-10-18 00:00:00+09:00,732.54881992779,733.9880297111742,708.0825698390152,712.400146484375,180561600,0.0,0.0
2004-10-19 00:00:00+09:00,723.9138278091614,728.2314054157862,715.2786725959118,722.4746704101562,134863200,0.0,0.0
2004-10-20 00:00:00+09:00,716.7179824417141,718.1571927458116,705.204458123371,706.6436157226562,106772400,0.0,0.0
2004-10-21 00:00:00+09:00,705.2042681381594,706.6434253497293,683.616382916632,687.9339599609375,162316800,0.0,0.0
2004-10-22 00:00:00+09:00,695.1300550985134,700.8868433094209,687.934109363486,698.0084228515625,104119200,0.0,0.0
2004-10-25 00:00:00+09:00,676.420276955982,687.9338490205805,673.541910292227,682.1770629882812,105813000,0.0,0.0
2004-10-26 00:00:00+09:00,685.0557246852552,710.9611939301365,679.2989888784897,706.6436157226562,156375000,0.0,0.0
2004-10-27 00:00:00+09:00,712.4004015840814,719.5963476681752,703.765245201244,709.5220336914062,116170200,0.0,0.0
2004-10-28 00:00:00+09:00,719.5963379063201,721.0355481855396,708.082813786997,710.961181640625,108453600,0.0,0.0
2004-10-29 00:00:00+09:00,709.5217093356373,709.5217093356373,686.4946186065674,690.8121948242188,95038200,0.0,0.0
2004-11-01 00:00:00+09:00,683.6162120821739,686.494578490813,670.6634841861207,680.73779296875,92818800,0.0,0.0
2004-11-02 00:00:00+09:00,687.9340951667707,709.5219846311588,685.0556747683135,705.2044067382812,127857600,0.0,0.0
2004-11-03 00:00:00+09:00,705.2044067382812,705.2044067382812,705.2044067382812,705.2044067382812,0,0.0,0.0
2004-11-04 00:00:00+09:00,710.9608655974829,713.8392848763796,692.2514038085938,692.2514038085938,79668000,0.0,0.0
2004-11-05 00:00:00+09:00,700.886545876304,703.7649124078694,689.3729743404687,696.5689697265625,69060600,0.0,0.0
2004-11-08 00:00:00+09:00,693.6907463138735,695.1299563383278,683.6164342570991,689.3731689453125,54977400,0.0,0.0
2004-11-09 00:00:00+09:00,687.934109363486,700.8868433094209,686.4948991345567,698.0084228515625,83115000,0.0,0.0
2004-11-10 00:00:00+09:00,696.5691202819984,710.9610087552539,695.1299103527534,708.0826416015625,126027000,0.0,0.0
2004-11-11 00:00:00+09:00,709.521749605085,723.9136360108868,696.5690202169889,700.8865966796875,188514000,0.0,0.0
2004-11-12 00:00:00+09:00,703.7650597056944,733.9880990795587,702.3258497862921,732.5488891601562,267042600,0.0,0.0
2004-11-15 00:00:00+09:00,739.7449466238741,746.9408914005055,732.5489491424403,733.9881591796875,192744000,0.0,0.0
2004-11-16 00:00:00+09:00,733.9880471059713,739.7448336711457,723.9136837931147,731.1096801757812,185027400,0.0,0.0
2004-11-17 00:00:00+09:00,726.7921919149542,748.3800782816875,725.3529819222384,742.623291015625,197197200,0.0,0.0
2004-11-18 00:00:00+09:00,754.1368128429492,759.8936001090117,739.7449237349941,742.623291015625,159546600,0.0,0.0
2004-11-19 00:00:00+09:00,746.9408787366606,751.2584560703986,729.6705694017089,739.7449340820312,98812800,0.0,0.0
2004-11-22 00:00:00+09:00,726.7922985828482,731.1098764898655,721.035510471889,725.3530883789062,73832400,0.0,0.0
2004-11-23 00:00:00+09:00,725.3530883789062,725.3530883789062,725.3530883789062,725.3530883789062,0,0.0,0.0
2004-11-24 00:00:00+09:00,726.7922973632812,733.9882429612991,723.9138769602274,726.7922973632812,64690200,0.0,0.0
2004-11-25 00:00:00+09:00,723.9138781749643,729.6706662859236,722.4747206758309,725.3530883789062,62400600,0.0,0.0
2004-11-26 00:00:00+09:00,726.7922598459821,728.2314172684108,715.2786842377188,718.1571044921875,57999600,0.0,0.0
2004-11-29 00:00:00+09:00,718.1570373682608,744.0625010083409,715.2786173828293,742.623291015625,155939400,0.0,0.0
2004-11-30 00:00:00+09:00,735.4272569234635,739.7448336711457,725.3528936106069,731.1096801757812,98559000,0.0,0.0
2004-12-01 00:00:00+09:00,716.7178081254254,718.1570180794859,699.4474994958971,702.3258666992188,198543600,0.0,0.0
2004-12-02 00:00:00+09:00,713.8396118828249,719.5963476681752,705.2044554999876,709.5220336914062,96651000,0.0,0.0
2004-12-03 00:00:00+09:00,716.7177231297348,718.1569329131191,706.6433600556309,712.400146484375,63545400,0.0,0.0
2004-12-06 00:00:00+09:00,710.9610087552539,722.4745827796165,705.2042744478711,708.0826416015625,89897400,0.0,0.0
2004-12-07 00:00:00+09:00,705.204358499097,710.9610934926081,696.5692033040257,699.4475708007812,62101800,0.0,0.0
2004-12-08 00:00:00+09:00,692.2516742546271,705.2044079556192,692.2516742546271,703.7651977539062,67514400,0.0,0.0
2004-12-09 00:00:00+09:00,703.7651483983169,706.6435158950725,692.25162570649,699.4475708007812,75807000,0.0,0.0
2004-12-10 00:00:00+09:00,693.6907123844546,710.9610210139829,693.6907123844546,702.3258666992188,145081800,0.0,0.0
2004-12-13 00:00:00+09:00,702.3257131703685,706.6432893839258,689.3729845296971,692.2514038085938,52736400,0.0,0.0
2004-12-14 00:00:00+09:00,695.1298828125,698.0082498521539,685.0555191165172,695.1298828125,69766200,0.0,0.0
2004-12-15 00:00:00+09:00,696.5689800221509,699.4473465962598,692.2514038085938,692.2514038085938,38091600,0.0,0.0
2004-12-16 00:00:00+09:00,690.8122051886792,693.6905718087025,685.0554192438441,686.49462890625,44580600,0.0,0.0
2004-12-17 00:00:00+09:00,685.0555580696904,705.2042866073397,683.6164008204292,702.3258666992188,116740800,0.0,0.0
2004-12-20 00:00:00+09:00,703.7649634198898,709.521749605085,700.8865966796875,700.8865966796875,58127400,0.0,0.0
2004-12-21 00:00:00+09:00,700.8867809015613,706.6435158950725,699.4475708007812,699.4475708007812,40624200,0.0,0.0
2004-12-22 00:00:00+09:00,702.3260008335408,709.5219992733777,695.1300550985134,698.0084228515625,72513000,0.0,0.0
2004-12-23 00:00:00+09:00,698.0084228515625,698.0084228515625,698.0084228515625,698.0084228515625,0,0.0,0.0
2004-12-24 00:00:00+09:00,703.7650766532792,710.9610210139829,698.0082895418367,702.3258666992188,52723800,0.0,0.0
2004-12-27 00:00:00+09:00,703.76521106247,706.6435788155192,695.1300550985134,698.0084228515625,34626600,0.0,0.0
2004-12-28 00:00:00+09:00,699.4476209368025,725.3530883789062,698.0084107328606,725.3530883789062,153401400,0.0,0.0
2004-12-29 00:00:00+09:00,731.1097038746541,733.9880708981462,719.5961303710938,719.5961303710938,91634400,0.0,0.0
2004-12-30 00:00:00+09:00,721.0354720418505,723.9138395915135,716.7178943649532,718.1571044921875,24705000,0.0,0.0
2004-12-31 00:00:00+09:00,718.1571044921875,718.1571044921875,718.1571044921875,718.1571044921875,0,0.0,0.0
2005-01-03 00:00:00+09:00,718.1571044921875,718.1571044921875,718.1571044921875,718.1571044921875,0,0.0,0.0
2005-01-04 00:00:00+09:00,713.839455879145,723.913767654257,712.400245894929,721.035400390625,35260200,0.0,0.0
2005-01-05 00:00:00+09:00,715.2785133463506,716.7177231297348,709.5217796223994,712.400146484375,54244800,0.0,0.0
2005-01-06 00:00:00+09:00,709.5219514057155,716.7178966552709,706.6435311420487,715.2786865234375,43957800,0.0,0.0
2005-01-07 00:00:00+09:00,716.7179797755001,718.1571900742435,708.0828233926627,709.5220336914062,34507800,0.0,0.0
2005-01-10 00:00:00+09:00,709.5220336914062,709.5220336914062,709.5220336914062,709.5220336914062,0,0.0,0.0
2005-01-11 00:00:00+09:00,713.8395151969066,725.3530379129712,712.4003050930968,722.4746704101562,106936200,0.0,0.0
2005-01-12 00:00:00+09:00,722.474570523289,726.7921475329804,712.4002065990766,713.8394165039062,82191600,0.0,0.0
2005-01-13 00:00:00+09:00,713.8396118828249,716.7179797755001,706.6436130939192,709.5220336914062,46902600,0.0,0.0
2005-01-14 00:00:00+09:00,705.2042744478711,713.8394286137438,700.8866973649348,708.0826416015625,63894600,0.0,0.0
2005-01-17 00:00:00+09:00,709.521846678506,739.7448860523702,709.521846678506,732.5488891601562,273130200,0.0,0.0
2005-01-18 00:00:00+09:00,732.5488610340021,735.4272807622903,715.2785534834576,719.5961303710938,99957600,0.0,0.0
2005-01-19 00:00:00+09:00,723.9136666370703,728.2312432824301,710.9609367009907,712.400146484375,124938000,0.0,0.0
2005-01-20 00:00:00+09:00,708.0827744319301,709.5219846311588,702.325986339824,705.2044067382812,65689200,0.0,0.0
2005-01-21 00:00:00+09:00,702.3257536973932,716.7176928079858,700.8865966796875,700.8865966796875,94602600,0.0,0.0
2005-01-24 00:00:00+09:00,702.3260349025005,715.2787694767566,702.3260349025005,709.5220336914062,93873600,0.0,0.0
2005-01-25 00:00:00+09:00,706.6434316723177,708.0826416015625,702.3258545893813,708.0826416015625,43552800,0.0,0.0
2005-01-26 00:00:00+09:00,709.5220363308512,710.9611939301365,702.326037515176,706.6436157226562,36860400,0.0,0.0
2005-01-27 00:00:00+09:00,705.2042866073397,706.6434438566008,702.3258666992188,702.3258666992188,23790600,0.0,0.0
2005-01-28 00:00:00+09:00,703.7649634198898,703.7649634198898,695.1298104944923,700.8865966796875,42229800,0.0,0.0
2005-01-31 00:00:00+09:00,702.325986339824,709.5219846311588,702.325986339824,705.2044067382812,49795200,0.0,0.0
2005-02-01 00:00:00+09:00,708.0826538106613,712.4002309680434,702.3258666992188,702.3258666992188,43615800,0.0,0.0
2005-02-02 00:00:00+09:00,705.2044079556192,713.8395637562807,703.7651977539062,703.7651977539062,65115000,0.0,0.0
2005-02-03 00:00:00+09:00,705.204358499097,706.6435158950725,696.5692033040257,699.4475708007812,42516000,0.0,0.0
2005-02-04 00:00:00+09:00,695.1298440918441,696.5690538839012,680.7379042856534,685.0554809570312,89899200,0.0,0.0
2005-02-07 00:00:00+09:00,690.8121948242188,699.4473472595215,687.9338282473805,690.8121948242188,73065600,0.0,0.0
2005-02-08 00:00:00+09:00,690.8122674204662,692.2514772125234,682.1771140777104,685.0554809570312,52176600,0.0,0.0
2005-02-09 00:00:00+09:00,686.49462890625,689.3729955262733,683.6162622862267,686.49462890625,28206000,0.0,0.0
2005-02-10 00:00:00+09:00,680.7380199171253,683.6164399901735,660.5893429297997,666.3461303710938,150114600,0.0,0.0
2005-02-11 00:00:00+09:00,666.3461303710938,666.3461303710938,666.3461303710938,666.3461303710938,0,0.0,0.0
2005-02-14 00:00:00+09:00,669.2244373668324,670.6636472735215,656.2717063210227,664.9068603515625,76822200,0.0,0.0
2005-02-15 00:00:00+09:00,662.0285156322741,666.3460927935612,656.271728515625,656.271728515625,53092800,0.0,0.0
2005-02-16 00:00:00+09:00,650.5150517323549,664.906995612585,649.0758942376976,659.1502075195312,69393600,0.0,0.0
2005-02-17 00:00:00+09:00,659.1501175711439,664.9069048786198,649.0758056640625,649.0758056640625,50175000,0.0,0.0
2005-02-18 00:00:00+09:00,650.5148637263445,651.9540735098625,636.1229767103376,637.5621337890625,72588600,0.0,0.0
2005-02-21 00:00:00+09:00,633.2447248730516,651.9542461952688,631.805567413132,644.75830078125,95864400,0.0,0.0
2005-02-22 00:00:00+09:00,647.6365147889261,662.0284549080559,647.6365147889261,654.8324584960938,109425600,0.0,0.0
2005-02-23 00:00:00+09:00,651.9542236328125,660.5893789127173,649.0758561077793,651.9542236328125,50590800,0.0,0.0
2005-02-24 00:00:00+09:00,651.9540626136968,656.2716391872974,641.8796997070312,641.8796997070312,39209400,0.0,0.0
2005-02-25 00:00:00+09:00,644.7582303925068,650.5149650133319,641.879810377293,646.1973876953125,46434600,0.0,0.0
2005-02-28 00:00:00+09:00,651.9542236328125,656.271801272765,650.5150135178933,651.9542236328125,35976600,0.0,0.0
2005-03-01 00:00:00+09:00,651.9542236328125,653.3934337477317,649.0758561077793,651.9542236328125,19087200,0.0,0.0
2005-03-02 00:00:00+09:00,653.3934721312859,662.0286279184622,653.3934721312859,659.1502075195312,78658200,0.0,0.0
2005-03-03 00:00:00+09:00,659.1500352613532,659.1500352613532,651.9540915541855,654.8324584960938,32491800,0.0,0.0
2005-03-04 00:00:00+09:00,651.9542236328125,654.8325911578457,647.6366459928602,651.9542236328125,38437200,0.0,0.0
2005-03-07 00:00:00+09:00,656.2717408380219,657.7109508204071,647.636586353311,650.5149536132812,41380200,0.0,0.0
2005-03-08 00:00:00+09:00,651.9542473914639,653.3934575588311,641.8798816295077,643.319091796875,47019600,0.0,0.0
2005-03-09 00:00:00+09:00,640.4407727766037,649.0759290266037,640.4407727766037,647.63671875,39351600,0.0,0.0
2005-03-10 00:00:00+09:00,643.3189094664955,647.6364860400962,641.8796997070312,641.8796997070312,37166400,0.0,0.0
2005-03-11 00:00:00+09:00,636.1229858398438,641.8797196469487,636.1229858398438,636.1229858398438,106363800,0.0,0.0
2005-03-14 00:00:00+09:00,639.0012921184099,643.3188684165073,634.6837158203125,634.6837158203125,37368000,0.0,0.0
2005-03-15 00:00:00+09:00,636.1229565781315,637.5621136113094,617.4134408036952,623.1702270507812,60759000,0.0,0.0
2005-03-16 00:00:00+09:00,621.7310173128119,633.2445371021927,620.2918075748424,623.1702270507812,64103400,0.0,0.0
2005-03-17 00:00:00+09:00,615.974241607612,621.7310279532207,614.535084549804,618.8526611328125,40816800,0.0,0.0
2005-03-18 00:00:00+09:00,618.8527999072679,636.1231101120771,617.4135898219324,633.2446899414062,69418800,0.0,0.0
2005-03-21 00:00:00+09:00,633.2446899414062,633.2446899414062,633.2446899414062,633.2446899414062,0,0.0,0.0
2005-03-22 00:00:00+09:00,634.683788578794,639.001365371847,628.927001953125,628.927001953125,33395400,0.0,0.0
2005-03-23 00:00:00+09:00,630.3662117857409,631.805421618357,624.609425160072,628.927001953125,30553200,0.0,0.0
2005-03-24 00:00:00+09:00,627.4877944340766,628.9269514463243,621.7310082707139,624.609375,26532000,0.0,0.0
2005-03-25 00:00:00+09:00,649.0758785706226,650.5150360305422,637.5623026624243,644.75830078125,135293400,0.0,0.0
2005-03-28 00:00:00+09:00,653.7655639648438,663.935268249934,652.3127338659515,653.7655639648438,53523000,7.0,0.0
2005-03-29 00:00:00+09:00,655.2182764298171,655.2182764298171,642.142967497982,646.5014038085938,34174800,0.0,0.0
2005-03-30 00:00:00+09:00,639.2375095793938,646.5016078588359,636.3319021897679,643.595947265625,35415000,0.0,0.0
2005-03-31 00:00:00+09:00,645.0487959490112,649.4072337594774,637.7847506660962,642.1431884765625,33514200,0.0,0.0
2005-04-01 00:00:00+09:00,629.0678036856274,639.2374552873767,629.0678036856274,636.3318481445312,38930400,0.0,0.0
2005-04-04 00:00:00+09:00,633.4262578784799,634.8790348868197,627.614990234375,627.614990234375,35955000,0.0,0.0
2005-04-05 00:00:00+09:00,629.0677534634091,634.8789672851562,626.1620933489593,634.8789672851562,39283200,0.0,0.0
2005-04-06 00:00:00+09:00,631.9734276665582,634.8790348868197,624.7093830141135,627.614990234375,37963800,0.0,0.0
2005-04-07 00:00:00+09:00,624.7093896267553,626.162166650473,615.9925146701196,620.3509521484375,64841400,0.0,0.0
2005-04-08 00:00:00+09:00,623.2564945396814,655.2183837890625,623.2564945396814,655.2183837890625,306394200,0.0,0.0
2005-04-11 00:00:00+09:00,652.3127503252815,658.1240176639042,642.1430989871658,645.0487060546875,203590800,0.0,0.0
2005-04-12 00:00:00+09:00,645.0487731384776,649.4072107948186,623.2565848567723,630.5206298828125,101264400,0.0,0.0
2005-04-13 00:00:00+09:00,631.9734276665582,634.8790348868197,624.7093830141135,627.614990234375,46434600,0.0,0.0
2005-04-14 00:00:00+09:00,621.8037545701303,630.5206298828125,620.3509774870731,630.5206298828125,57301200,0.0,0.0
2005-04-15 00:00:00+09:00,623.2565593994552,626.162166650473,620.3509521484375,620.3509521484375,51309000,0.0,0.0
2005-04-18 00:00:00+09:00,604.3699626398691,608.7283999983383,595.6530879229307,601.46435546875,68464800,0.0,0.0
2005-04-19 00:00:00+09:00,614.5397814047269,615.9926118612542,601.464466906754,602.9172973632812,49075200,0.0,0.0
2005-04-20 00:00:00+09:00,615.9926039975509,615.9926039975509,607.2757277768478,610.1813354492188,42085800,0.0,0.0
2005-04-21 00:00:00+09:00,597.1059723733587,617.4453308267304,589.8419271836372,615.9925537109375,69125400,0.0,0.0
2005-04-22 00:00:00+09:00,620.3507921613383,629.0676648699118,615.9923558070515,624.709228515625,88137000,0.0,0.0
2005-04-25 00:00:00+09:00,620.3509558732283,629.067830882203,620.3509558732283,626.1621704101562,38878200,0.0,0.0
2005-04-26 00:00:00+09:00,624.7095444545566,626.1623218383302,620.3511058960448,623.2567138671875,36372600,0.0,0.0
2005-04-27 00:00:00+09:00,617.445302072498,620.3509625759395,613.086864520919,618.8981323242188,26877600,0.0,0.0
2005-04-28 00:00:00+09:00,620.3508891878588,620.3508891878588,608.7283549562156,613.0867919921875,48709800,0.0,0.0
2005-04-29 00:00:00+09:00,613.0867919921875,613.0867919921875,613.0867919921875,613.0867919921875,0,0.0,0.0
2005-05-02 00:00:00+09:00,605.8228654392993,610.1813033201576,604.3700350778174,607.2756958007812,21855600,0.0,0.0
2005-05-03 00:00:00+09:00,607.2756958007812,607.2756958007812,607.2756958007812,607.2756958007812,0,0.0,0.0
2005-05-04 00:00:00+09:00,607.2756958007812,607.2756958007812,607.2756958007812,607.2756958007812,0,0.0,0.0
2005-05-05 00:00:00+09:00,607.2756958007812,607.2756958007812,607.2756958007812,607.2756958007812,0,0.0,0.0
2005-05-06 00:00:00+09:00,610.1811397312205,611.6339697032001,598.5586595661026,604.369873046875,40064400,0.0,0.0
2005-05-09 00:00:00+09:00,598.5587586356705,605.8228032907202,595.6530982107851,600.0115356445312,60838200,0.0,0.0
2005-05-10 00:00:00+09:00,600.0115749261158,602.9172355412292,592.7475297955034,595.6531372070312,38462400,0.0,0.0
2005-05-11 00:00:00+09:00,588.3890157671117,589.841845886248,578.2193113403144,584.0305786132812,73215000,0.0,0.0
2005-05-12 00:00:00+09:00,581.1249321565263,582.5777089735313,568.0496215820312,568.0496215820312,64981800,0.0,0.0
2005-05-13 00:00:00+09:00,573.8610017136684,592.7475846452279,572.4082244752649,576.7666625976562,134479800,0.0,0.0
2005-05-16 00:00:00+09:00,576.7667219629877,579.672329942453,562.2385756584695,563.69140625,41382000,0.0,0.0
2005-05-17 00:00:00+09:00,570.9552140728673,572.4080440569411,538.9933268482586,541.8989868164062,95569200,0.0,0.0
2005-05-18 00:00:00+09:00,544.8046979381442,552.0687428427915,536.0878227711339,543.3518676757812,73598400,0.0,0.0
2005-05-19 00:00:00+09:00,553.5216985164777,569.5026222089307,552.0688679249471,563.69140625,74727000,0.0,0.0
2005-05-20 00:00:00+09:00,568.0498176799513,581.125132768209,566.596987157836,579.6723022460938,83664000,0.0,0.0
2005-05-23 00:00:00+09:00,579.6722701612907,582.5778778411029,566.5969557967503,569.5025634765625,48645000,0.0,0.0
2005-05-24 00:00:00+09:00,573.860851473924,573.860851473924,559.332763671875,559.332763671875,38952000,0.0,0.0
2005-05-25 00:00:00+09:00,559.3328820711399,560.785659236722,537.5406925515317,546.257568359375,63757800,0.0,0.0
2005-05-26 00:00:00+09:00,544.804610605315,556.4270912303699,540.4461737204724,553.521484375,42807600,0.0,0.0
2005-05-27 00:00:00+09:00,559.3328784366525,566.596923828125,549.1631723257212,566.596923828125,53847000,0.0,0.0
2005-05-30 00:00:00+09:00,563.6913481169381,573.861001598076,562.2385176752368,569.5025634765625,39636000,0.0,0.0
2005-05-31 00:00:00+09:00,570.9552284196162,572.4080584401962,562.2383547032863,568.0496215820312,37796400,0.0,0.0
2005-06-01 00:00:00+09:00,565.144125355049,570.9553939182638,563.6913481169381,569.5025634765625,36547200,0.0,0.0
2005-06-02 00:00:00+09:00,581.124967332377,601.4643228337757,581.124967332377,598.5587158203125,154848600,0.0,0.0
2005-06-03 00:00:00+09:00,602.9172355412292,604.3700126452004,586.9362617688621,595.6531372070312,115347600,0.0,0.0
2005-06-06 00:00:00+09:00,589.8419828653084,604.3700746162177,588.3891524087811,602.9172973632812,82153800,0.0,0.0
2005-06-07 00:00:00+09:00,602.9171529422964,611.6340271862641,598.5587158203125,598.5587158203125,88966800,0.0,0.0
2005-06-08 00:00:00+09:00,601.4642663064888,608.7283097592408,600.0114363345091,604.369873046875,39600000,0.0,0.0
2005-06-09 00:00:00+09:00,604.3699904105915,604.3699904105915,589.841900683851,591.294677734375,44217000,0.0,0.0
2005-06-10 00:00:00+09:00,589.8418903050889,601.4643725226907,589.8418903050889,592.7474975585938,99354600,0.0,0.0
2005-06-13 00:00:00+09:00,591.2946452308473,597.1059127242477,586.9362079116922,588.3890380859375,27214200,0.0,0.0
2005-06-14 00:00:00+09:00,588.3890445437913,591.2946517205917,579.6721698098092,581.125,33301800,0.0,0.0
2005-06-15 00:00:00+09:00,578.2194717239785,581.125132768209,572.4082560427039,579.6723022460938,48376800,0.0,0.0
2005-06-16 00:00:00+09:00,581.1251410092774,584.0307488911199,572.4082641601562,572.4082641601562,34293600,0.0,0.0
2005-06-17 00:00:00+09:00,573.8609022526275,584.0306071768003,572.4081252660179,581.125,40980600,0.0,0.0
2005-06-20 00:00:00+09:00,585.483437366991,588.3890445437913,578.2193396196185,581.125,57702600,0.0,0.0
2005-06-21 00:00:00+09:00,584.0305743458401,601.4643228337757,581.124967332377,598.5587158203125,70583400,0.0,0.0
2005-06-22 00:00:00+09:00,595.6531372070312,598.5587978221446,588.3890920764188,595.6531372070312,70925400,0.0,0.0
2005-06-23 00:00:00+09:00,594.2003055793377,595.6530825500024,586.9362079116922,588.3890380859375,25590600,0.0,0.0
2005-06-24 00:00:00+09:00,582.5777705925371,591.2946452308473,581.1249936218725,588.3890380859375,42525000,0.0,0.0
2005-06-27 00:00:00+09:00,585.4834206674792,592.747465004081,584.030590518727,589.8418579101562,43349400,0.0,0.0
2005-06-28 00:00:00+09:00,592.7474970512301,623.2565593994552,589.8418898002124,620.3509521484375,158054400,0.0,0.0
2005-06-29 00:00:00+09:00,623.2567138671875,630.520760396842,617.4454447213066,623.2567138671875,159355800,0.0,0.0
2005-06-30 00:00:00+09:00,623.2566347319504,634.8791183444035,621.8038043290479,631.9735107421875,96161400,0.0,0.0
2005-07-01 00:00:00+09:00,627.615072737069,634.8791183444035,621.8038043290479,631.9735107421875,76977000,0.0,0.0
2005-07-04 00:00:00+09:00,639.2375278005272,647.9544034214599,637.7847506660962,642.1431884765625,117842400,0.0,0.0
2005-07-05 00:00:00+09:00,640.6902343104797,640.6902343104797,630.5205303170578,634.8789672851562,53037000,0.0,0.0
2005-07-06 00:00:00+09:00,637.7846847790196,643.5958991235829,629.0678100585938,629.0678100585938,45433800,0.0,0.0
2005-07-07 00:00:00+09:00,627.6150054269966,639.2374877929688,623.256567889309,639.2374877929688,52416000,0.0,0.0
2005-07-08 00:00:00+09:00,643.5957441324738,650.8598401192055,639.237307821862,646.5014038085938,131025600,0.0,0.0
2005-07-11 00:00:00+09:00,653.765531164836,658.1239680392683,649.4070942904038,650.8599243164062,75477600,0.0,0.0
2005-07-12 00:00:00+09:00,655.218404384177,656.6711813023744,649.4071371006517,652.312744140625,55193400,0.0,0.0
2005-07-13 00:00:00+09:00,652.3127663034506,659.5768639555553,650.859989335894,656.6712036132812,77711400,0.0,0.0
2005-07-14 00:00:00+09:00,658.1240337844183,661.0296409231119,656.6712036132812,656.6712036132812,48439800,0.0,0.0
2005-07-15 00:00:00+09:00,658.1240010579428,659.5768311568349,650.8599569706371,653.7655639648438,33523200,0.0,0.0
2005-07-18 00:00:00+09:00,653.7655639648438,653.7655639648438,653.7655639648438,653.7655639648438,0,0.0,0.0
2005-07-19 00:00:00+09:00,653.7657872142407,656.671395200661,647.9545180378044,649.4073486328125,33109200,0.0,0.0
2005-07-20 00:00:00+09:00,649.4070102811455,650.8598401192055,645.0485739705338,646.5014038085938,34626600,0.0,0.0
2005-07-21 00:00:00+09:00,650.8600998261413,665.3881911894837,650.8600998261413,658.1241455078125,83235600,0.0,0.0
2005-07-22 00:00:00+09:00,655.2183454567913,661.0295590141037,652.3126854745614,659.5767822265625,44116200,0.0,0.0
2005-07-25 00:00:00+09:00,661.0296746057331,666.8409423828125,658.1240673189849,666.8409423828125,52479000,0.0,0.0
2005-07-26 00:00:00+09:00,666.8409098794974,671.1993471989712,662.4824725600236,663.935302734375,50351400,0.0,0.0
2005-07-27 00:00:00+09:00,663.9353066713896,672.6521813620268,661.0296463054566,669.7465209960938,63653400,0.0,0.0
2005-07-28 00:00:00+09:00,674.1049872014745,675.5578174466401,666.8409423828125,666.8409423828125,33742800,0.0,0.0
2005-07-29 00:00:00+09:00,671.1993511790603,671.1993511790603,662.4824764884231,669.7465209960938,39677400,0.0,0.0
2005-08-01 00:00:00+09:00,666.8408588610198,669.7464657838408,662.482421875,662.482421875,26449200,0.0,0.0
2005-08-02 00:00:00+09:00,665.3880117621303,666.8408417881328,649.4070942904038,650.8599243164062,49354200,0.0,0.0
2005-08-03 00:00:00+09:00,653.7655537129525,661.0295976863486,653.7655537129525,655.2183837890625,36826200,0.0,0.0
2005-08-04 00:00:00+09:00,650.8600455450671,655.2184832312985,643.595947265625,643.595947265625,53271000,0.0,0.0
2005-08-05 00:00:00+09:00,639.2373608884617,642.1430208057964,629.0677107885081,633.4261474609375,47800800,0.0,0.0
2005-08-08 00:00:00+09:00,624.7093164953106,634.8789672851562,620.3508795272121,634.8789672851562,53715600,0.0,0.0
2005-08-09 00:00:00+09:00,636.3317973423812,640.6902343104797,631.9733603742827,634.8789672851562,43396200,0.0,0.0
2005-08-10 00:00:00+09:00,642.143302064964,650.8601792278206,637.7848634835358,649.4073486328125,49428000,0.0,0.0
2005-08-11 00:00:00+09:00,675.5577328330593,678.4633397558803,661.0295918118013,662.482421875,139125600,0.0,0.0
2005-08-12 00:00:00+09:00,668.2938172486791,716.2366333007812,666.8409869065108,716.2366333007812,336074400,0.0,0.0
2005-08-15 00:00:00+09:00,724.9533129765799,748.1982729461548,723.500483027142,730.7645263671875,341440200,0.0,0.0
2005-08-16 00:00:00+09:00,739.481596237249,740.9344265729012,724.9535056950733,736.5759887695312,124084800,0.0,0.0
2005-08-17 00:00:00+09:00,732.2175954213014,801.9526045090445,730.7647649974436,791.7828979492188,538876800,0.0,0.0
2005-08-18 00:00:00+09:00,806.3108397841735,810.6692767559798,791.7826988102936,800.4995727539062,316805400,0.0,0.0
2005-08-19 00:00:00+09:00,791.7826592448229,793.2354892306857,777.2545722004895,784.5186157226562,124288200,0.0,0.0
2005-08-22 00:00:00+09:00,790.3300207980916,809.2165479022465,790.3300207980916,796.1412353515625,161490600,0.0,0.0
2005-08-23 00:00:00+09:00,788.877203080047,817.9334359193698,774.3490600585938,774.3490600585938,206654400,0.0,0.0
2005-08-24 00:00:00+09:00,769.9906234660939,783.0659362411989,767.0850161394875,781.6131591796875,101134800,0.0,0.0
2005-08-25 00:00:00+09:00,771.4433974700229,793.2355838392326,768.5377903553216,787.42431640625,100008000,0.0,0.0
2005-08-26 00:00:00+09:00,797.5939103011247,803.4051769267318,784.5186002961882,793.2354736328125,189361800,0.0,0.0
2005-08-29 00:00:00+09:00,793.235538613289,799.046805714945,774.3489604355898,778.7073974609375,117169200,0.0,0.0
2005-08-30 00:00:00+09:00,791.7827978346679,796.1412353515625,785.971583281197,796.1412353515625,59360400,0.0,0.0
2005-08-31 00:00:00+09:00,806.3110172047334,825.1975993062205,801.9525792738971,815.0278930664062,291961800,0.0,0.0
2005-09-01 00:00:00+09:00,829.5560372370569,831.0088144116103,815.0278930664062,815.0278930664062,153756000,0.0,0.0
2005-09-02 00:00:00+09:00,817.9335006191011,819.3863309972426,804.8581868265919,815.0278930664062,80398800,0.0,0.0
2005-09-05 00:00:00+09:00,815.0278083433737,833.9143884815801,810.6693708656016,831.0087280273438,129594600,0.0,0.0
2005-09-06 00:00:00+09:00,841.1784226981757,848.4424673358261,829.5559406372187,832.4615478515625,221605200,0.0,0.0
2005-09-07 00:00:00+09:00,839.7255370465564,839.7255370465564,820.8390115949268,825.1974487304688,84258000,0.0,0.0
2005-09-08 00:00:00+09:00,825.1976137320356,836.8200973495835,817.9335149179278,833.9144897460938,86160600,0.0,0.0
2005-09-09 00:00:00+09:00,835.3672100640176,846.98974609375,832.4616026583773,846.98974609375,183864600,0.0,0.0
2005-09-12 00:00:00+09:00,855.7067046392365,858.6123123271332,839.7257293468285,844.0841674804688,97353000,0.0,0.0
2005-09-13 00:00:00+09:00,844.0841031162627,851.3482015874786,836.8200578486333,838.2728881835938,72583200,0.0,0.0
2005-09-14 00:00:00+09:00,833.9143007622405,844.083951671576,833.9143007622405,841.1783447265625,45743400,0.0,0.0
2005-09-15 00:00:00+09:00,838.2728490234045,848.44250128229,838.2728490234045,842.6312866210938,49546800,0.0,0.0
2005-09-16 00:00:00+09:00,841.1783076790073,868.7817586534305,829.5558272072592,865.8760986328125,148136400,0.0,0.0
2005-09-19 00:00:00+09:00,865.8760986328125,865.8760986328125,865.8760986328125,865.8760986328125,0,0.0,0.0
2005-09-20 00:00:00+09:00,873.1402466705471,876.0458536579381,862.9705424093121,867.3289794921875,87714000,0.0,0.0
2005-09-21 00:00:00+09:00,862.9705754206731,865.8761825192128,849.895263671875,849.895263671875,62542800,0.0,0.0
2005-09-22 00:00:00+09:00,828.1031598855749,841.1784729363998,820.8391148140894,826.6503295898438,89582400,0.0,0.0
2005-09-23 00:00:00+09:00,826.6503295898438,826.6503295898438,826.6503295898438,826.6503295898438,0,0.0,0.0
2005-09-26 00:00:00+09:00,828.1029818920379,835.3670254021804,816.4805016350953,819.3861083984375,51834600,0.0,0.0
2005-09-27 00:00:00+09:00,829.5560372370569,832.4616447897517,809.2166247574283,815.0278930664062,60253200,0.0,0.0
2005-09-28 00:00:00+09:00,813.5748836693252,815.0277137277861,793.2355288687545,800.4995727539062,81916200,0.0,0.0
2005-09-29 00:00:00+09:00,800.4996372451658,931.2528101368995,800.4996372451658,929.7999267578125,123337800,0.0,0.0
2005-09-30 00:00:00+09:00,944.3280723071596,989.3652201334636,910.9133524576823,915.2717895507812,165250200,0.0,0.0
2005-10-03 00:00:00+09:00,938.5168023121041,1000.9878082727964,934.158364984947,985.0068359375,187923600,0.0,0.0
2005-10-04 00:00:00+09:00,1000.987781465738,1008.2517725450248,957.403409361383,974.837158203125,100038000,0.0,0.0
2005-10-05 00:00:00+09:00,971.9314904060539,982.101141682655,953.044964776035,954.4977416992188,34413000,0.0,0.0
2005-10-06 00:00:00+09:00,938.5167598699547,945.7808572224358,922.5358946645156,935.6112060546875,33225000,0.0,0.0
2005-10-07 00:00:00+09:00,923.9887463607787,931.2528443012235,909.4606568870541,912.3662109375,27920400,0.0,0.0
2005-10-10 00:00:00+09:00,912.3662109375,912.3662109375,912.3662109375,912.3662109375,0,0.0,0.0
2005-10-11 00:00:00+09:00,922.5358190652112,944.3280029296875,922.5358190652112,944.3280029296875,39281400,0.0,0.0
2005-10-12 00:00:00+09:00,947.2336491490851,955.9505235474115,918.1774720927691,919.6302490234375,35627400,0.0,0.0
2005-10-13 00:00:00+09:00,915.2716977128359,944.3279775537202,903.6491644950531,932.7054443359375,34443600,0.0,0.0
2005-10-14 00:00:00+09:00,947.2336094122871,947.2336094122871,921.0829873143362,923.9886474609375,20430600,0.0,0.0
2005-10-17 00:00:00+09:00,928.3469205875595,934.1581334477012,915.2716118468896,921.0828247070312,15373200,0.0,0.0
2005-10-18 00:00:00+09:00,913.819091796875,922.5359667379989,909.460654326313,913.819091796875,17401200,0.0,0.0
2005-10-19 00:00:00+09:00,912.3662244545893,913.8191079085024,893.479697218219,897.838134765625,19538400,0.0,0.0
2005-10-20 00:00:00+09:00,912.3663963205166,935.6114718902227,909.4608416796934,925.4417114257812,48315600,0.0,0.0
2005-10-21 00:00:00+09:00,910.9133331298829,961.7618002728509,905.102119264772,958.8561401367188,81294600,0.0,0.0
2005-10-24 00:00:00+09:00,957.4031534819453,971.9312381648427,941.422185845767,947.2333984375,57792600,0.0,0.0
2005-10-25 00:00:00+09:00,955.950508390184,958.8561686126077,934.1583227398975,935.6112060546875,23332800,0.0,0.0
2005-10-26 00:00:00+09:00,942.8751689987223,969.025791002451,939.9696152697436,958.8561401367188,35511600,0.0,0.0
2005-10-27 00:00:00+09:00,961.7620450170836,966.1204831268178,948.6867306878809,951.59228515625,26661000,0.0,0.0
2005-10-28 00:00:00+09:00,947.2338229385809,957.403582540585,939.9698305453525,948.6867065429688,16945800,0.0,0.0
2005-10-31 00:00:00+09:00,954.4979460317996,955.9507232659843,941.422631702597,951.59228515625,13149000,0.0,0.0
2005-11-01 00:00:00+09:00,963.2147507397839,993.723815242854,957.4035358273043,986.459716796875,26486400,0.0,0.0
2005-11-02 00:00:00+09:00,987.9124331662358,987.9124331662358,967.5730248034188,977.74267578125,24111600,0.0,0.0
2005-11-03 00:00:00+09:00,977.74267578125,977.74267578125,977.74267578125,977.74267578125,0,0.0,0.0
2005-11-04 00:00:00+09:00,993.7236897646309,995.1764667075145,977.7427177642753,987.9124755859375,25321200,0.0,0.0
2005-11-07 00:00:00+09:00,990.8181324975908,1053.289143644745,989.3653554036465,1043.119384765625,106637400,0.0,0.0
2005-11-08 00:00:00+09:00,1053.2887452456616,1080.8921380328331,1037.3077776282835,1060.552734375,74908200,0.0,0.0
2005-11-09 00:00:00+09:00,1047.4777309005315,1060.5530428247012,1027.138427734375,1027.138427734375,41909400,0.0,0.0
2005-11-10 00:00:00+09:00,1027.138353036283,1041.6664408708702,1019.8742559154127,1034.40234375,35007000,0.0,0.0
2005-11-11 00:00:00+09:00,1077.98647853682,1086.70335061773,1060.552734375,1060.552734375,116195400,0.0,0.0
2005-11-14 00:00:00+09:00,1070.7227718075117,1124.476795014881,1066.3643346175315,1098.326171875,106500600,0.0,0.0
2005-11-15 00:00:00+09:00,1101.2317817898534,1127.3824037341467,1091.0620245400814,1117.212646484375,77854200,0.0,0.0
2005-11-16 00:00:00+09:00,1117.2127306743682,1185.4949508101852,1109.948739413884,1176.778076171875,130886400,0.0,0.0
2005-11-17 00:00:00+09:00,1188.4007298763745,1231.985107421875,1178.2309708443097,1231.985107421875,109975200,0.0,0.0
2005-11-18 00:00:00+09:00,1261.0411953615092,1272.6637306538871,1185.4949819789633,1200.0230712890625,124644000,0.0,0.0
2005-11-21 00:00:00+09:00,1213.098388671875,1249.4187717100124,1191.3062014118582,1213.098388671875,91981800,0.0,0.0
2005-11-22 00:00:00+09:00,1223.268204348782,1261.041259765625,1214.5513290360998,1261.041259765625,80036400,0.0,0.0
2005-11-23 00:00:00+09:00,1261.041259765625,1261.041259765625,1261.041259765625,1261.041259765625,0,0.0,0.0
2005-11-24 00:00:00+09:00,1290.097412109375,1298.8142865155194,1263.9467888909417,1290.097412109375,102261600,0.0,0.0
2005-11-25 00:00:00+09:00,1265.3995566126532,1365.643611553684,1253.7771284271605,1359.8323974609375,133377600,0.0,0.0
2005-11-28 00:00:00+09:00,1365.6433864525604,1449.906562147519,1365.6433864525604,1428.1143798828125,184203600,0.0,0.0
2005-11-29 00:00:00+09:00,1417.94466667939,1490.5853118896484,1384.5300571365283,1394.69970703125,260905200,0.0,0.0
2005-11-30 00:00:00+09:00,1438.2843913676634,1439.7371684151408,1394.7000158716737,1400.51123046875,76494000,0.0,0.0
2005-12-01 00:00:00+09:00,1399.058176971869,1487.6796875,1358.3794700159826,1487.6796875,143184000,0.0,0.0
2005-12-02 00:00:00+09:00,1531.264210816179,1553.056396484375,1502.208034196689,1553.056396484375,120747600,0.0,0.0
2005-12-05 00:00:00+09:00,1553.0565282989614,1622.7915283558978,1537.075661724024,1579.2071533203125,120168600,0.0,0.0
2005-12-06 00:00:00+09:00,1563.226557281422,1595.1884023698624,1531.2646057857974,1537.075927734375,67287600,0.0,0.0
2005-12-07 00:00:00+09:00,1566.1318653332573,1570.4903029050636,1478.963113897136,1481.8687744140625,79888200,0.0,0.0
2005-12-08 00:00:00+09:00,1452.812143942253,1496.396509324592,1416.491874926018,1438.2840576171875,90078600,0.0,0.0
2005-12-09 00:00:00+09:00,1452.812143942253,1496.396509324592,1416.491874926018,1438.2840576171875,90078600,0.0,0.0
2005-12-12 00:00:00+09:00,1598.093750066365,1614.0746162742294,1529.811528609971,1542.8868408203125,78861600,0.0,0.0
2005-12-13 00:00:00+09:00,1550.1508870122684,1571.9430733038787,1513.8305055881447,1561.7733154296875,60033000,0.0,0.0
2005-12-14 00:00:00+09:00,1555.9622533105435,1589.3769776928987,1522.5475289281885,1531.264404296875,49390800,0.0,0.0
2005-12-15 00:00:00+09:00,1512.3779727094152,1554.5095751415606,1506.566757562876,1521.0948486328125,44527200,0.0,0.0
2005-12-16 00:00:00+09:00,1541.4341553725365,1583.5656485034158,1521.0947441460353,1573.39599609375,80927400,0.0,0.0
2005-12-19 00:00:00+09:00,1574.8486240528487,1707.0546248954688,1555.962098106971,1699.79052734375,138643200,0.0,0.0
2005-12-20 00:00:00+09:00,1689.6208814546276,1749.1861197903033,1675.0926863034035,1712.8658447265625,130072800,0.0,0.0
2005-12-21 00:00:00+09:00,1728.8467581494785,1987.4473248964905,1709.9601263753698,1858.1470947265625,172867200,0.0,0.0
2005-12-22 00:00:00+09:00,1728.8467581494785,1987.4473248964905,1709.9601263753698,1858.1470947265625,172867200,0.0,0.0
2005-12-23 00:00:00+09:00,1858.1470947265625,1858.1470947265625,1858.1470947265625,1858.1470947265625,0,0.0,0.0
2005-12-26 00:00:00+09:00,1728.8467581494785,1987.4473248964905,1709.9601263753698,1858.1470947265625,172867200,0.0,0.0
2005-12-27 00:00:00+09:00,1874.1277908695704,1936.5987881699873,1849.4300537109375,1849.4300537109375,90412800,0.0,0.0
2005-12-28 00:00:00+09:00,1913.3539205751463,2039.7485986997003,1791.317679627301,1908.9954833984375,108308400,0.0,3.0
2005-12-29 00:00:00+09:00,1965.655294449603,2126.91748046875,1939.5046696897411,2126.91748046875,120344600,0.0,0.0
2005-12-30 00:00:00+09:00,2192.2941414093875,2275.10445689006,2113.8422635855923,2170.501953125,94848000,0.0,0.0
2006-01-02 00:00:00+09:00,2170.501953125,2170.501953125,2170.501953125,2170.501953125,0,0.0,0.0
2006-01-03 00:00:00+09:00,2170.501953125,2170.501953125,2170.501953125,2170.501953125,0,0.0,0.0
2006-01-04 00:00:00+09:00,2262.0290522401633,2262.0290522401633,2135.634365313449,2153.068115234375,61381600,0.0,0.0
2006-01-05 00:00:00+09:00,2113.842632177095,2153.0685779288347,1996.1647949218752,1996.164794921875,81377200,0.0,0.0
2006-01-06 00:00:00+09:00,1996.1641265190972,2078.9744287109374,1895.9200764973957,1961.296630859375,136072000,0.0,0.0
2006-01-09 00:00:00+09:00,1961.296630859375,1961.296630859375,1961.296630859375,1961.296630859375,0,0.0,0.0
2006-01-10 00:00:00+09:00,1970.0141776783046,1987.4479314630682,1821.8272705078125,1821.8272705078125,91454000,0.0,0.0
2006-01-11 00:00:00+09:00,1808.7516266835762,1926.429443359375,1786.95943841028,1926.429443359375,97647000,0.0,0.0
2006-01-12 00:00:00+09:00,1926.4294655539775,1930.7879032588507,1856.6944622760054,1869.769775390625,58279800,0.0,0.0
2006-01-13 00:00:00+09:00,1874.1283137289324,1956.9386345681178,1843.619248156601,1939.5048828125,64915400,0.0,0.0
2006-01-16 00:00:00+09:00,1895.9205288357205,1935.146470811632,1874.128338849103,1882.84521484375,48154800,0.0,0.0
2006-01-17 00:00:00+09:00,1808.7511825561523,1874.1277313232422,1664.9227752685547,1673.6396484375,93509800,0.0,0.0
2006-01-18 00:00:00+09:00,1564.6789470375656,1608.2633188213417,1455.718017578125,1455.718017578125,120917600,0.0,0.0
2006-01-19 00:00:00+09:00,1499.3021850585938,1673.6396484375,1499.3021850585938,1673.6396484375,135631800,0.0,0.0
2006-01-20 00:00:00+09:00,1734.6582847281677,1734.6582847281677,1512.377951760488,1590.829833984375,130197000,0.0,0.0
2006-01-23 00:00:00+09:00,1525.4530588785808,1577.7543066115607,1455.7180619012743,1464.4349365234375,97149400,0.0,0.0
2006-01-24 00:00:00+09:00,1573.3956372606885,1634.4137506170587,1547.2450172508156,1586.470947265625,100132200,0.0,0.0
2006-01-25 00:00:00+09:00,1612.6218900972754,1664.9231405869168,1555.9622020668305,1564.6790771484375,83840800,0.0,0.0
2006-01-26 00:00:00+09:00,1599.5461559135372,1616.9799014820771,1542.8864828157825,1555.9617919921875,56963400,0.0,0.0
2006-01-27 00:00:00+09:00,1599.5462646484375,1608.263138025268,1551.6034610758684,1599.5462646484375,44947200,0.0,0.0
2006-01-30 00:00:00+09:00,1634.4141845703125,1673.640125,1612.6219954427083,1634.4141845703125,58739000,0.0,0.0
2006-01-31 00:00:00+09:00,1634.4141320337221,1743.3750741693036,1630.0556943482989,1721.5828857421875,88777400,0.0,0.0
2006-02-01 00:00:00+09:00,1717.2244480567642,1773.8841379672665,1704.1491350004944,1721.5828857421875,77884400,0.0,0.0
2006-02-02 00:00:00+09:00,1765.1670697309244,1778.2423813585608,1734.6580092664392,1756.4501953125,48506800,0.0,0.0
2006-02-03 00:00:00+09:00,1734.6579630533854,1839.2604532877606,1725.9410888671875,1830.5435791015625,84402000,0.0,0.0
2006-02-06 00:00:00+09:00,1852.3360245711322,1874.1282130954983,1808.7516475223995,1869.769775390625,87334200,0.0,0.0
2006-02-07 00:00:00+09:00,1882.8445073341836,1926.4288709298824,1861.0523255363341,1922.0704345703125,72570800,0.0,0.0
2006-02-08 00:00:00+09:00,1891.5622856468676,1930.788231662586,1817.4688320616217,1821.8272705078125,88282000,0.0,0.0
2006-02-09 00:00:00+09:00,1852.3358606409142,1874.1280472366898,1725.9411783854166,1765.1671142578125,102352600,0.0,0.0
2006-02-10 00:00:00+09:00,1782.6008635344328,1804.3930501302082,1673.6399305555556,1765.1671142578125,83521400,0.0,0.0
2006-02-13 00:00:00+09:00,1699.7903006417412,1734.6577939882384,1582.1125105973128,1586.470947265625,104187800,0.0,0.0
2006-02-14 00:00:00+09:00,1560.320210988898,1656.205810546875,1460.0761750873767,1656.205810546875,131408400,0.0,0.0
2006-02-15 00:00:00+09:00,1664.922807295244,1673.6396806318683,1577.7540739290007,1586.470947265625,92650600,0.0,0.0
2006-02-16 00:00:00+09:00,1564.67936118355,1616.9806211674013,1529.8118545276493,1560.3209228515625,98038200,0.0,0.0
2006-02-17 00:00:00+09:00,1582.1128939924567,1608.2635203394395,1512.3778904005028,1516.736328125,73889800,0.0,0.0
2006-02-20 00:00:00+09:00,1490.5852879515483,1499.3021609805046,1425.208740234375,1425.208740234375,94733600,0.0,0.0
2006-02-21 00:00:00+09:00,1499.3024594713472,1630.0555809368716,1464.434960413874,1625.6971435546875,123288000,0.0,0.0
2006-02-22 00:00:00+09:00,1590.8292831292672,1608.2630286978072,1547.2449192079175,1555.9617919921875,96459400,0.0,0.0
2006-02-23 00:00:00+09:00,1586.4709545831913,1616.9800114020989,1573.3956445179454,1599.5462646484375,68747400,0.0,0.0
2006-02-24 00:00:00+09:00,1586.4714068244484,1651.8479757869943,1577.7545309627756,1630.0557861328125,71075000,0.0,0.0
2006-02-27 00:00:00+09:00,1643.1308424576468,1669.2814659450364,1603.9049072265625,1603.9049072265625,49548200,0.0,0.0
2006-02-28 00:00:00+09:00,1616.9800357394747,1625.6969092475042,1547.2450476752385,1569.0372314453125,38546200,0.0,0.0
2006-03-01 00:00:00+09:00,1525.4530360932984,1547.2452223232026,1490.5855381254514,1508.019287109375,60413400,0.0,0.0
2006-03-02 00:00:00+09:00,1525.4530185054246,1534.1698928968842,1455.718023373748,1468.7933349609375,49907800,0.0,0.0
2006-03-03 00:00:00+09:00,1455.7177653240653,1494.9436931321989,1416.4918375159318,1442.6424560546875,70719600,0.0,0.0
2006-03-06 00:00:00+09:00,1529.811342645317,1534.1697795189505,1473.151663288083,1494.94384765625,90241400,0.0,0.0
2006-03-07 00:00:00+09:00,1451.3594959040356,1455.7179328286725,1333.6816989388435,1368.5491943359375,131847400,0.0,0.0
2006-03-08 00:00:00+09:00,1324.9650097017975,1368.5493850209355,1296.6351657443577,1333.681884765625,101404600,0.0,0.0
2006-03-09 00:00:00+09:00,1342.3987307807508,1394.6999800319488,1342.3987307807508,1364.19091796875,77330800,0.0,0.0
2006-03-10 00:00:00+09:00,1355.473777770996,1416.4918899536133,1355.473777770996,1394.69970703125,76404400,0.0,0.0
2006-03-13 00:00:00+09:00,1412.133563582305,1420.8504374315785,1364.1907574113009,1368.5491943359375,33875400,0.0,0.0
2006-03-14 00:00:00+09:00,1368.5493554063498,1381.6246677191493,1355.4740430935503,1364.19091796875,26574400,0.0,0.0
2006-03-15 00:00:00+09:00,1368.5493850209355,1381.624697616677,1324.9650097017975,1333.681884765625,28751400,0.0,0.0
2006-03-16 00:00:00+09:00,1320.6067290653457,1333.6820432145075,1294.456100767022,1316.248291015625,46305200,0.0,0.0
2006-03-17 00:00:00+09:00,1320.6063881649334,1368.5491943359375,1290.0973296924763,1368.5491943359375,63563400,0.0,0.0
2006-03-20 00:00:00+09:00,1425.209177621106,1429.5676154731584,1377.2663612485305,1390.3416748046875,45422000,0.0,0.0
2006-03-21 00:00:00+09:00,1390.3416748046875,1390.3416748046875,1390.3416748046875,1390.3416748046875,0,0.0,0.0
2006-03-22 00:00:00+09:00,1385.9830544211648,1385.9830544211648,1342.398681640625,1342.398681640625,34038600,0.0,0.0
2006-03-23 00:00:00+09:00,1351.1154988606772,1355.4739359537762,1307.5311279296875,1307.5311279296875,28328800,0.0,0.0
2006-03-24 00:00:00+09:00,1307.5312595741423,1351.1156348932802,1303.1728220422285,1333.681884765625,46474200,0.0,0.0
2006-03-27 00:00:00+09:00,1355.4740328214068,1364.1909076305476,1329.3234083939842,1338.040283203125,20870400,0.0,0.0
2006-03-28 00:00:00+09:00,1331.491838891678,1396.9750440830721,1322.7607448661588,1392.6094970703125,50183600,2.5,0.0
2006-03-29 00:00:00+09:00,1405.7062937719581,1493.0172436956823,1383.8785562910273,1475.5550537109375,112516200,0.0,0.0
2006-03-30 00:00:00+09:00,1488.6513954411628,1506.1135818979506,1453.7270225275872,1471.189208984375,51500000,0.0,0.0
2006-03-31 00:00:00+09:00,1471.1896307461504,1527.941753000453,1462.4585350147192,1506.114013671875,53222000,0.0,0.0
2006-04-03 00:00:00+09:00,1523.5760556338878,1567.2315300073515,1497.3827710098094,1554.1348876953125,60976000,0.0,0.0
2006-04-04 00:00:00+09:00,1536.6723090277778,1558.5000406901042,1523.5756700303818,1532.3067626953125,42675800,0.0,0.0
2006-04-05 00:00:00+09:00,1536.6729372258771,1554.135129694353,1475.5552635862116,1493.0174560546875,46953200,0.0,0.0
2006-04-06 00:00:00+09:00,1479.9206012071238,1506.113886184241,1458.0928637261927,1475.5550537109375,35891200,0.0,0.0
2006-04-07 00:00:00+09:00,1479.9205542276072,1506.1138383732284,1466.8239121547965,1501.748291015625,40779600,0.0,0.0
2006-04-10 00:00:00+09:00,1488.6513954411628,1514.8446751263446,1458.0925691417842,1471.189208984375,38376800,0.0,0.0
2006-04-11 00:00:00+09:00,1466.823958718565,1493.0172436956823,1453.7273162300064,1475.5550537109375,35619800,0.0,0.0
2006-04-12 00:00:00+09:00,1462.4583053588867,1479.9204940795898,1458.092758178711,1466.8238525390625,19215400,0.0,0.0
2006-04-13 00:00:00+09:00,1479.9206833257908,1484.286231064215,1427.5341104647007,1431.899658203125,34609600,0.0,0.0
2006-04-14 00:00:00+09:00,1436.2650066873302,1440.6305538201184,1401.3406296250243,1405.7061767578125,35013800,0.0,0.0
2006-04-17 00:00:00+09:00,1392.6095188685827,1396.9750659496754,1340.2229538954698,1344.5885009765625,37915200,0.0,0.0
2006-04-18 00:00:00+09:00,1344.588479929957,1410.0716851213508,1335.8573859044377,1392.6094970703125,47871600,0.0,0.0
2006-04-19 00:00:00+09:00,1414.4377650669642,1427.5344110398066,1370.7822784908235,1375.1478271484375,30300600,0.0,0.0
2006-04-20 00:00:00+09:00,1375.1473305442116,1383.8784247063973,1340.2229538954698,1344.5885009765625,32352600,0.0,0.0
2006-04-21 00:00:00+09:00,1357.6852761973505,1362.050823709239,1300.9331585427988,1305.2987060546875,59156000,0.0,0.0
2006-04-24 00:00:00+09:00,1292.2019884545648,1322.760819262612,1268.1914785339563,1279.1053466796875,62087000,0.0,0.0
2006-04-25 00:00:00+09:00,1294.3849255653104,1331.4920819474526,1283.471056041151,1322.760986328125,69620600,0.0,0.0
2006-04-26 00:00:00+09:00,1327.1262800886825,1327.1262800886825,1272.5569429139832,1292.201904296875,60195600,0.0,0.0
2006-04-27 00:00:00+09:00,1292.2019884545648,1303.115856600296,1276.9225730505414,1279.1053466796875,27467800,0.0,0.0
2006-04-28 00:00:00+09:00,1279.1053466796875,1294.384762083711,1270.3742521631025,1279.1053466796875,32845600,0.0,0.0
2006-05-01 00:00:00+09:00,1279.1052090535122,1283.4707558420907,1233.2669677734375,1233.2669677734375,43634800,0.0,0.0
2006-05-02 00:00:00+09:00,1215.8049922548491,1266.0087890625,1211.4394447063578,1266.0087890625,58860800,0.0,0.0
2006-05-03 00:00:00+09:00,1266.0087890625,1266.0087890625,1266.0087890625,1266.0087890625,0,0.0,0.0
2006-05-04 00:00:00+09:00,1266.0087890625,1266.0087890625,1266.0087890625,1266.0087890625,0,0.0,0.0
2006-05-05 00:00:00+09:00,1266.0087890625,1266.0087890625,1266.0087890625,1266.0087890625,0,0.0,0.0
2006-05-08 00:00:00+09:00,1279.1052578285094,1335.8573682441088,1268.191390440894,1331.4918212890625,64610400,0.0,0.0
2006-05-09 00:00:00+09:00,1322.7609377370297,1362.050866580704,1314.0298424384355,1348.9542236328125,49372000,0.0,0.0
2006-05-10 00:00:00+09:00,1357.6847983912417,1375.14698229338,1318.3948846114308,1327.1259765625,48101400,0.0,0.0
2006-05-11 00:00:00+09:00,1335.857576281819,1375.1475049959904,1314.0298381072796,1318.3953857421875,61679400,0.0,0.0
2006-05-12 00:00:00+09:00,1294.3845494457798,1294.3845494457798,1272.5568167401175,1276.92236328125,52595400,0.0,0.0
2006-05-15 00:00:00+09:00,1283.4709008789061,1357.685204671224,1281.2881272379557,1309.6641845703125,88594400,0.0,0.0
2006-05-16 00:00:00+09:00,1314.0297700858412,1327.1264123126102,1233.2671430207645,1237.6326904296875,63848000,0.0,0.0
2006-05-17 00:00:00+09:00,1259.4599609375,1268.1910525211222,1211.438957227578,1259.4599609375,58004600,0.0,0.0
2006-05-18 00:00:00+09:00,1217.9875174744489,1283.4707173386664,1209.2564241592197,1274.7396240234375,69895800,0.0,0.0
2006-05-19 00:00:00+09:00,1274.7398580253323,1318.395332615241,1250.7293470008824,1314.02978515625,70876800,0.0,0.0
2006-05-22 00:00:00+09:00,1331.492038654334,1335.857586322053,1263.8260498046875,1263.8260498046875,52863200,0.0,0.0
2006-05-23 00:00:00+09:00,1246.3637852475335,1255.0948800653798,1220.1705007939952,1237.6326904296875,62306200,0.0,0.0
2006-05-24 00:00:00+09:00,1252.9120407104492,1259.460361480713,1228.9015312194824,1257.277587890625,38139400,0.0,0.0
2006-05-25 00:00:00+09:00,1248.5467384121127,1309.6644109217966,1241.9984163575036,1303.1160888671875,85872400,0.0,0.0
2006-05-26 00:00:00+09:00,1305.29868446402,1318.395326783057,1268.1915312267486,1283.470947265625,47750200,0.0,0.0
2006-05-29 00:00:00+09:00,1285.6537881432832,1300.9332049803002,1263.8260498046875,1263.8260498046875,38872000,0.0,0.0
2006-05-30 00:00:00+09:00,1261.643169582201,1274.7398114809782,1250.72930133322,1255.0948486328125,41667200,0.0,0.0
2006-05-31 00:00:00+09:00,1222.3532104492188,1231.0843048095703,1178.697738647461,1187.4288330078125,58107800,0.0,0.0
2006-06-01 00:00:00+09:00,1191.7946208330739,1198.3429429255634,1076.1075971990942,1095.7525634765625,117062600,0.0,0.0
2006-06-02 00:00:00+09:00,1093.5694874649341,1137.2249560264086,942.9581209278475,1130.6766357421875,160478600,0.0,0.0
2006-06-05 00:00:00+09:00,1113.2146688145915,1152.5045983021653,1084.8386086291216,1108.84912109375,112726600,0.0,0.0
2006-06-06 00:00:00+09:00,1073.9245755555198,1091.386763775935,1058.645160862657,1065.1934814453125,80335400,0.0,0.0
2006-06-07 00:00:00+09:00,1054.2795356301701,1082.6555893841912,1036.8173487046186,1039.0001220703125,86292400,0.0,0.0
2006-06-08 00:00:00+09:00,1021.5378349122153,1025.903381215259,990.9790107909098,1006.2584228515625,94472400,0.0,0.0
2006-06-09 00:00:00+09:00,990.9794245948477,1063.0109686733279,990.9794245948477,1056.462646484375,125332000,0.0,0.0
2006-06-12 00:00:00+09:00,1043.365612991457,1076.1072117254987,1025.9034269999681,1073.9244384765625,76824000,0.0,0.0
2006-06-13 00:00:00+09:00,1039.000068779402,1069.5588943317373,1014.9895629882814,1014.9895629882812,81489400,0.0,0.0
2006-06-14 00:00:00+09:00,1006.2587309687971,1093.5696837643543,1001.8931833290192,1087.0213623046875,104244000,0.0,0.0
2006-06-15 00:00:00+09:00,1135.042496031499,1137.2252700623287,1093.5697894457328,1095.7525634765625,76106800,0.0,0.0
2006-06-16 00:00:00+09:00,1148.1390097261678,1148.1390097261678,1073.9247011126895,1080.4730224609375,87851800,0.0,0.0
2006-06-19 00:00:00+09:00,1087.021468066982,1121.9458525831901,1073.9248238734037,1111.031982421875,74815800,0.0,0.0
2006-06-20 00:00:00+09:00,1111.0317255239017,1119.7628196341093,1060.8279343902086,1065.1934814453125,59534800,0.0,0.0
2006-06-21 00:00:00+09:00,1071.7417479464057,1087.0211618682486,1041.18292010272,1060.827880859375,69907600,0.0,0.0
2006-06-22 00:00:00+09:00,1082.6557273327464,1087.0212746203786,1067.3763118260342,1084.8385009765625,61478000,0.0,0.0
2006-06-23 00:00:00+09:00,1067.376433599563,1102.3008158850291,1067.376433599563,1100.1180419921875,58731200,0.0,0.0
2006-06-26 00:00:00+09:00,1102.3006901270908,1104.4834637709066,1078.2901800451145,1084.8385009765625,37099600,0.0,0.0
2006-06-27 00:00:00+09:00,1089.203743071424,1111.0314733934968,1080.472650942595,1104.483154296875,58628000,0.0,0.0
2006-06-28 00:00:00+09:00,1091.3868219080105,1104.4834637709066,1080.4729536889304,1084.8385009765625,52885400,0.0,0.0
2006-06-29 00:00:00+09:00,1093.569614501953,1095.752388183594,1080.4729724121094,1091.3868408203125,25277600,0.0,0.0
2006-06-30 00:00:00+09:00,1108.8491915280824,1121.9458355225086,1087.021451537372,1119.7630615234375,60661200,0.0,0.0
2006-07-03 00:00:00+09:00,1117.5802083333333,1189.6117451985676,1106.6663391113282,1178.6978759765625,100712400,0.0,0.0
2006-07-04 00:00:00+09:00,1189.6115679545917,1207.0737561080534,1172.1493798011297,1174.3321533203125,71826000,0.0,0.0
2006-07-05 00:00:00+09:00,1156.8699608639358,1174.3321489524483,1154.687187352872,1159.052734375,47815000,0.0,0.0
2006-07-06 00:00:00+09:00,1161.2356957296722,1178.6978866429004,1113.2146707182949,1124.1285400390625,86460400,0.0,0.0
2006-07-07 00:00:00+09:00,1106.6662269923997,1108.849000615659,995.3447722061821,1004.0758666992188,159208800,0.0,0.0
2006-07-10 00:00:00+09:00,969.1515501622724,1032.451989249448,945.1410387843783,1019.3553466796875,154878800,0.0,0.0
2006-07-11 00:00:00+09:00,1004.0758474613805,1012.8069417871316,951.6892815068736,962.6031494140625,99397200,0.0,0.0
2006-07-12 00:00:00+09:00,964.7859792751735,997.527584906684,962.6032055664062,982.2481689453125,89519800,0.0,0.0
2006-07-13 00:00:00+09:00,971.3342796181732,993.1620162388064,921.1304853907171,925.4960327148438,75556000,0.0,0.0
2006-07-14 00:00:00+09:00,903.6682175298768,942.9581400311757,901.4854440575824,918.9476318359375,81605800,0.0,0.0
2006-07-17 00:00:00+09:00,918.9476318359375,918.9476318359375,918.9476318359375,918.9476318359375,0,0.0,0.0
2006-07-18 00:00:00+09:00,914.5823181430761,923.3134142590004,856.5205289721791,861.3226318359375,89987200,0.0,0.0
2006-07-19 00:00:00+09:00,873.1094520970395,884.0233202482525,826.8346511358964,829.4539794921875,82075600,0.0,0.0
2006-07-20 00:00:00+09:00,868.7439649486315,916.7649881367468,864.8149721423312,914.5822143554688,109129000,0.0,0.0
2006-07-21 00:00:00+09:00,901.4855585121699,903.668332261594,872.2363902698863,888.388916015625,73289400,0.0,0.0
2006-07-24 00:00:00+09:00,860.8858229124072,875.2921272512051,846.9160732505426,867.4341430664062,58254000,0.0,0.0
2006-07-25 00:00:00+09:00,903.6681661466273,918.9475795838891,888.3887527093655,894.9370727539062,61464400,0.0,0.0
2006-07-26 00:00:00+09:00,901.4855840611191,908.033905494977,856.5204435486274,858.2666625976562,71309000,0.0,0.0
2006-07-27 00:00:00+09:00,858.7029898807921,899.3025720154711,847.3525690689463,886.2059326171875,71390200,0.0,0.0
2006-07-28 00:00:00+09:00,888.3889868282578,901.4856303687235,873.1095693643811,899.3028564453125,53434600,0.0,0.0
2006-07-31 00:00:00+09:00,932.0442726697039,936.4098196142926,912.3993114190544,918.9476318359375,52356200,0.0,0.0
2006-08-01 00:00:00+09:00,908.0340068247126,949.5067138671875,903.6684587149784,949.5067138671875,66855400,0.0,0.0
2006-08-02 00:00:00+09:00,947.3237079967153,962.6031226418236,936.4098403930665,960.4203491210938,72262800,0.0,0.0
2006-08-03 00:00:00+09:00,971.3343377586876,973.5171115514038,932.0444094897969,945.1410522460938,73833600,0.0,0.0
2006-08-04 00:00:00+09:00,942.9581536340498,966.9686621756575,942.9581536340498,964.785888671875,59821800,0.0,0.0
2006-08-07 00:00:00+09:00,960.4203600761218,966.9686807130045,932.0443039829637,936.4098510742188,58491800,0.0,0.0
2006-08-08 00:00:00+09:00,938.5926286889872,953.8720435746219,925.4959873584432,951.6892700195312,43225600,0.0,0.0
2006-08-09 00:00:00+09:00,960.4204347305799,1004.0759090365153,934.2271501470186,997.527587890625,92020600,0.0,0.0
2006-08-10 00:00:00+09:00,990.9792209779785,1032.4519196532683,982.2481265200227,1023.7208251953125,115302600,0.0,0.0
2006-08-11 00:00:00+09:00,1028.0862552418428,1052.0967622644762,1021.537935144761,1039.0001220703125,110287000,0.0,0.0
2006-08-14 00:00:00+09:00,1039.0002511160715,1073.9246293048468,1034.6347038424744,1069.55908203125,75386600,0.0,0.0
2006-08-15 00:00:00+09:00,1069.5590710995803,1082.655712786514,1023.7208251953125,1023.7208251953125,86583000,0.0,0.0
2006-08-16 00:00:00+09:00,1052.096958342808,1060.8280534327898,1036.8175419353397,1049.9141845703125,71528200,0.0,0.0
2006-08-17 00:00:00+09:00,1067.3762158912248,1078.2900831293764,1047.7312548625519,1052.0968017578125,53019800,0.0,0.0
2006-08-18 00:00:00+09:00,1047.7312696129707,1060.8279104831329,1043.36572265625,1043.36572265625,46828400,0.0,0.0
2006-08-21 00:00:00+09:00,1049.9142170879854,1056.4625386082848,1023.7209310067884,1032.4520263671875,41339800,0.0,0.0
2006-08-22 00:00:00+09:00,1025.9035348293671,1049.914043091331,1021.5379878726465,1043.36572265625,44678800,0.0,0.0
2006-08-23 00:00:00+09:00,1043.3660021064695,1067.3765167992963,1041.1832280434853,1056.462646484375,59471600,0.0,0.0
2006-08-24 00:00:00+09:00,1056.4625032964136,1065.193598364979,1034.634765625,1034.634765625,55629000,0.0,0.0
2006-08-25 00:00:00+09:00,1014.9896696571992,1017.1724431403329,929.8615038149825,934.22705078125,115308000,0.0,0.0
2006-08-28 00:00:00+09:00,875.2921944797629,910.2165713168606,870.9266473751256,881.8405151367188,113255000,0.0,0.0
2006-08-29 00:00:00+09:00,894.9371570405506,916.764892578125,894.9371570405506,916.764892578125,65674000,0.0,0.0
2006-08-30 00:00:00+09:00,927.6786240450855,936.4097169772745,875.2920664519512,886.2059326171875,75748200,0.0,0.0
2006-08-31 00:00:00+09:00,890.5716552734375,912.3993919222962,884.0233342787799,890.5716552734375,51261800,0.0,0.0
2006-09-01 00:00:00+09:00,894.9373182118368,910.2167358398438,884.023448477546,910.2167358398438,55026800,0.0,0.0
2006-09-04 00:00:00+09:00,932.0444534266841,964.7860618608767,916.7650361573941,953.8721923828125,85700800,0.0,0.0
2006-09-05 00:00:00+09:00,966.9686491995146,1012.8068921638258,958.2375553015506,1008.4413452148438,117477600,0.0,0.0
2006-09-06 00:00:00+09:00,990.9791940111633,1001.8930617866166,936.4098551338966,951.6892700195312,120438400,0.0,0.0
2006-09-07 00:00:00+09:00,934.2270596189197,975.6997561907876,923.3131921000071,964.785888671875,107770000,0.0,0.0
2006-09-08 00:00:00+09:00,960.4202133041244,980.0651722126179,934.2269347594665,969.1513061523438,114933000,0.0,0.0
2006-09-11 00:00:00+09:00,973.5170013498871,982.2480955323973,929.8615304373361,936.4098510742188,66309600,0.0,0.0
2006-09-12 00:00:00+09:00,945.1409376812645,969.1514464907192,925.4959759280742,940.775390625,118871400,0.0,0.0
2006-09-13 00:00:00+09:00,958.2375942828784,969.1514620993121,929.8615379601508,932.0443115234375,64727400,0.0,0.0
2006-09-14 00:00:00+09:00,942.9580995858435,945.1408729645143,894.9370852550829,905.8509521484375,82136800,0.0,0.0
2006-09-15 00:00:00+09:00,901.485571667801,929.8616308244145,897.1200241052451,914.5822143554688,56168200,0.0,0.0
2006-09-18 00:00:00+09:00,914.5822143554688,914.5822143554688,914.5822143554688,914.5822143554688,0,0.0,0.0
2006-09-19 00:00:00+09:00,925.495956848715,942.958144713785,921.1304098824475,934.22705078125,59664800,0.0,0.0
2006-09-20 00:00:00+09:00,918.9475924204631,923.313139177805,881.8404449830573,905.8509521484375,64412000,0.0,0.0
2006-09-21 00:00:00+09:00,908.0338930116349,916.7649881367468,890.5717027614112,914.5822143554688,56984600,0.0,0.0
2006-09-22 00:00:00+09:00,905.8510621836488,938.5926668408891,901.4855148960168,929.861572265625,69051200,0.0,0.0
2006-09-25 00:00:00+09:00,934.2270733440092,945.1409410232617,916.7648850572053,921.1304321289062,46550200,0.0,0.0
2006-09-26 00:00:00+09:00,934.2271338336544,969.1515126685573,932.044360156473,956.0548706054688,78297400,0.0,0.0
2006-09-27 00:00:00+09:00,975.6997561907876,982.2480767021352,953.8720211529625,964.785888671875,63055600,0.0,0.0
2006-09-28 00:00:00+09:00,973.5172301175302,999.7105188202439,969.1516820004111,995.344970703125,72988400,0.0,0.0
2006-09-29 00:00:00+09:00,1010.6241108088892,1073.9245410755368,1008.4413373514186,1067.376220703125,157748400,0.0,0.0
2006-10-02 00:00:00+09:00,1063.0107732784772,1082.6557362343424,1043.3658103226123,1045.548583984375,150278800,0.0,0.0
2006-10-03 00:00:00+09:00,1036.817339950029,1073.9244868535036,1032.4517932555025,1063.0106201171875,90932600,0.0,0.0
2006-10-04 00:00:00+09:00,1104.4836758700285,1128.4941905628552,1052.0970983584066,1056.462646484375,156534000,0.0,0.0
2006-10-05 00:00:00+09:00,1108.8490816366793,1113.214629202178,1060.8280584161932,1080.4730224609375,102324000,0.0,0.0
2006-10-06 00:00:00+09:00,1080.4730224609375,1095.752438940183,1056.4625108506946,1080.4730224609375,71703000,0.0,0.0
2006-10-09 00:00:00+09:00,1080.4730224609375,1080.4730224609375,1080.4730224609375,1080.4730224609375,0,0.0,0.0
2006-10-10 00:00:00+09:00,1073.9246293048468,1084.8384974888393,1058.6452138472575,1069.55908203125,71249000,0.0,0.0
2006-10-11 00:00:00+09:00,1065.1936360677084,1078.2902791341146,1039.000349934896,1047.7314453125,75570200,0.0,0.0
2006-10-12 00:00:00+09:00,1034.6347681628442,1060.8280534327898,1030.2692206178533,1049.9141845703125,62596400,0.0,0.0
2006-10-13 00:00:00+09:00,1065.1930701698784,1078.2897062785244,1054.2792067460066,1076.10693359375,66207800,0.0,0.0
2006-10-16 00:00:00+09:00,1087.0213824895422,1108.84912109375,1080.47306090828,1108.84912109375,73159200,0.0,0.0
2006-10-17 00:00:00+09:00,1113.2146668576909,1115.3974407142746,1087.0213805786864,1093.5697021484375,62121000,0.0,0.0
2006-10-18 00:00:00+09:00,1084.8386140473624,1154.6873779296875,1084.8386140473624,1154.6873779296875,106788200,0.0,0.0
2006-10-19 00:00:00+09:00,1167.7840211576236,1178.6978905142369,1145.956282444397,1154.6873779296875,94170400,0.0,0.0
2006-10-20 00:00:00+09:00,1150.321313994009,1152.5040868858382,1126.3108121838873,1132.859130859375,61318400,0.0,0.0
2006-10-23 00:00:00+09:00,1130.6765982345496,1174.3320653478527,1113.2144113892282,1172.1492919921875,80073600,0.0,0.0
2006-10-24 00:00:00+09:00,1215.8048456626648,1217.9876191737287,1154.687187352872,1159.052734375,113124200,0.0,0.0
2006-10-25 00:00:00+09:00,1163.4182371632933,1169.9665574475146,1126.3110888860401,1130.6766357421875,72050600,0.0,0.0
2006-10-26 00:00:00+09:00,1137.2250516222298,1183.0632974649684,1130.6767307875527,1163.4183349609375,82826200,0.0,0.0
2006-10-27 00:00:00+09:00,1163.4181874495846,1167.7837341191891,1132.8593607623536,1141.5904541015625,65905000,0.0,0.0
2006-10-30 00:00:00+09:00,1128.4939198792547,1187.4288054435485,1108.84895802449,1150.3216552734375,145731800,0.0,0.0
2006-10-31 00:00:00+09:00,1130.6767196655273,1141.5905876159668,1117.580078125,1117.580078125,80032800,0.0,0.0
2006-11-01 00:00:00+09:00,1095.7522203261358,1106.6660870624519,1060.8278467699242,1063.0106201171875,95102200,0.0,0.0
2006-11-02 00:00:00+09:00,1047.7312932248974,1089.203990248383,1039.00019911469,1065.1934814453125,96310400,0.0,0.0
2006-11-03 00:00:00+09:00,1065.1934814453125,1065.1934814453125,1065.1934814453125,1065.1934814453125,0,0.0,0.0
2006-11-06 00:00:00+09:00,1067.3762158912248,1076.107309681746,1039.0001610720306,1052.0968017578125,72958600,0.0,0.0
2006-11-07 00:00:00+09:00,1067.3762549728642,1076.1073490830718,1056.462387335105,1065.1934814453125,64130800,0.0,0.0
2006-11-08 00:00:00+09:00,1067.3763333834133,1073.9246544471152,1012.8069911858975,1021.5380859375,78641400,0.0,0.0
2006-11-09 00:00:00+09:00,1023.720708510455,1043.3656688017004,1021.537935144761,1039.0001220703125,58860200,0.0,0.0
2006-11-10 00:00:00+09:00,1034.6348948915972,1036.817668931453,999.7105102539062,999.7105102539062,68618600,0.0,0.0
2006-11-13 00:00:00+09:00,990.9792589507591,1012.8069959320534,984.4309378563709,1001.8931274414062,66999600,0.0,0.0
2006-11-14 00:00:00+09:00,1012.8070096868364,1034.63474696457,1008.4414622312897,1028.08642578125,62507200,0.0,0.0
2006-11-15 00:00:00+09:00,1034.6346118583187,1041.182932186536,1012.806877430928,1017.1724243164062,39075400,0.0,0.0
2006-11-16 00:00:00+09:00,1014.9895154576499,1034.6344738213463,1001.8928765485189,1006.2584228515625,36819600,0.0,0.0
2006-11-17 00:00:00+09:00,999.7103937569599,1001.8931675424554,975.6998821165089,980.0654296875,43409000,0.0,0.0
2006-11-20 00:00:00+09:00,966.9687629982277,973.5170841923466,938.592704490379,942.958251953125,47661800,0.0,0.0
2006-11-21 00:00:00+09:00,958.2375590957214,966.9686530282564,923.3131833655812,934.22705078125,36162600,0.0,0.0
2006-11-22 00:00:00+09:00,936.4099265789164,1012.8070068359375,936.4099265789164,1012.8070068359375,85660400,0.0,0.0
2006-11-23 00:00:00+09:00,1012.8070068359375,1012.8070068359375,1012.8070068359375,1012.8070068359375,0,0.0,0.0
2006-11-24 00:00:00+09:00,995.3446529413803,1004.0757463882345,964.7858258773906,984.4307861328125,56075400,0.0,0.0
2006-11-27 00:00:00+09:00,973.5170542508943,1023.7208485284068,969.1515069224149,1010.6242065429688,58290600,0.0,0.0
2006-11-28 00:00:00+09:00,988.7965165150316,1039.0003131592828,986.6137427478903,1034.634765625,61502400,0.0,0.0
2006-11-29 00:00:00+09:00,1043.365897623698,1065.1936360677084,1036.8175760904949,1047.7314453125,58406600,0.0,0.0
2006-11-30 00:00:00+09:00,1058.6453857421875,1069.5592556982924,1054.2798377597455,1058.6453857421875,39999000,0.0,0.0
2006-12-01 00:00:00+09:00,1063.010297485104,1087.0207970176218,1056.461979430781,1076.10693359375,45806600,0.0,0.0
2006-12-04 00:00:00+09:00,1084.8385009765625,1097.9351428394586,1073.9246327574824,1084.8385009765625,65714600,0.0,0.0
2006-12-05 00:00:00+09:00,1100.117822565184,1102.3005960226546,1065.1934472456544,1067.376220703125,39530000,0.0,0.0
2006-12-06 00:00:00+09:00,1069.5590854698503,1089.2040482641946,1067.3763118260342,1084.8385009765625,42943400,0.0,0.0
2006-12-07 00:00:00+09:00,1091.3868913746844,1095.752438940183,1076.1074748954388,1080.4730224609375,29679000,0.0,0.0
2006-12-08 00:00:00+09:00,1065.1934814453125,1097.9350843585905,1065.1934814453125,1065.1934814453125,57077600,0.0,0.0
2006-12-11 00:00:00+09:00,1076.1076485770088,1078.2904227120534,1047.7315848214284,1054.2799072265625,24688800,0.0,0.0
2006-12-12 00:00:00+09:00,1058.6451268732426,1076.1073145330074,1058.6451268732426,1067.376220703125,29758000,0.0,0.0
2006-12-13 00:00:00+09:00,1071.7418591136664,1087.0212746203786,1067.3763118260342,1084.8385009765625,38221200,0.0,0.0
2006-12-14 00:00:00+09:00,1087.021364480198,1104.4835550742573,1078.2902691831682,1102.30078125,53308800,0.0,0.0
2006-12-15 00:00:00+09:00,1113.2143352440828,1119.7626548631656,1104.483242418639,1106.666015625,46512800,0.0,0.0
2006-12-18 00:00:00+09:00,1108.8487003612895,1113.214246425704,1093.5692891358387,1104.483154296875,33565600,0.0,0.0
2006-12-19 00:00:00+09:00,1091.386763775935,1097.9350843585905,1063.0107079177606,1065.1934814453125,32622400,0.0,0.0
2006-12-20 00:00:00+09:00,1067.3763979256871,1091.3869099444653,1067.3763979256871,1087.0213623046875,27491800,0.0,0.0
2006-12-21 00:00:00+09:00,1091.3867287353016,1095.7522756502428,1067.376220703125,1067.376220703125,24430400,0.0,0.0
2006-12-22 00:00:00+09:00,1069.5590285004162,1073.9245755555198,1054.279613807553,1065.1934814453125,17132200,0.0,0.0
2006-12-25 00:00:00+09:00,1060.8279453493515,1063.010718899453,1036.8174362982343,1041.1829833984375,18545200,0.0,0.0
2006-12-26 00:00:00+09:00,1032.4520284016928,1058.6453145345051,1030.2692545572916,1047.7314453125,29557600,0.0,0.0
2006-12-27 00:00:00+09:00,1049.9140775988437,1058.6451717992497,1034.6346627481328,1041.1829833984375,26100600,0.0,0.0
2006-12-28 00:00:00+09:00,1041.18306814789,1045.5486156034367,1021.5381045979299,1028.08642578125,21883200,0.0,0.0
2006-12-29 00:00:00+09:00,1023.7208485284068,1032.4519431853655,1006.2586592144894,1010.6242065429688,18397600,0.0,0.0
2007-01-04 00:00:00+09:00,1041.1829726422418,1067.3762549728642,1030.2691050044825,1065.1934814453125,41067400,0.0,0.0
2007-01-05 00:00:00+09:00,1056.4625288262425,1089.2041361245765,1054.2797550063535,1087.0213623046875,57432400,0.0,0.0
2007-01-09 00:00:00+09:00,1089.204117591935,1093.5696651574337,1069.5591535471906,1080.4730224609375,33023400,0.0,0.0
2007-01-10 00:00:00+09:00,1089.2040482641946,1113.2145583461709,1080.4729536889304,1084.8385009765625,75507600,0.0,0.0
2007-01-11 00:00:00+09:00,1089.2040482641946,1097.9351428394586,1071.7418591136664,1084.8385009765625,29319000,0.0,0.0
2007-01-12 00:00:00+09:00,1091.3866244680514,1091.3866244680514,1065.1933454808182,1073.9244384765625,41174200,0.0,0.0
2007-01-15 00:00:00+09:00,1076.1073490830718,1078.2901226106237,1060.8279343902086,1065.1934814453125,14097600,0.0,0.0
2007-01-16 00:00:00+09:00,1058.6450257340098,1089.2038512191152,1058.6450257340098,1073.9244384765625,34094400,0.0,0.0
2007-01-17 00:00:00+09:00,1078.2899849744347,1089.2038512191152,1069.5588919786903,1073.9244384765625,26080000,0.0,0.0
2007-01-18 00:00:00+09:00,1087.0209001309609,1141.590222426692,1082.6553543473024,1132.859130859375,115332000,0.0,0.0
2007-01-19 00:00:00+09:00,1141.5907328521612,1154.6873760588783,1132.8596373810167,1139.407958984375,64959200,0.0,0.0
2007-01-22 00:00:00+09:00,1145.9561700690283,1148.1389437263026,1111.0317915526389,1115.3973388671875,36723800,0.0,0.0
2007-01-23 00:00:00+09:00,1115.397304534912,1126.3111724853516,1100.1178894042969,1117.580078125,36556600,0.0,0.0
2007-01-24 00:00:00+09:00,1124.1284334962847,1139.4078490972051,1113.2145652099132,1115.3973388671875,32874600,0.0,0.0
2007-01-25 00:00:00+09:00,1165.60124146469,1169.9667891855315,1104.4835733729085,1108.84912109375,68992200,0.0,0.0
2007-01-26 00:00:00+09:00,1113.2144483175978,1135.0421825983349,1111.031674889524,1130.6766357421875,48684200,0.0,0.0
2007-01-29 00:00:00+09:00,1152.5044739773766,1196.1599464765197,1139.4078322276337,1193.9771728515625,116254600,0.0,0.0
2007-01-30 00:00:00+09:00,1207.0736342001555,1274.7396064609236,1193.9769944077486,1228.9013671875,20847740,0.0,0.0
2007-01-31 00:00:00+09:00,1228.901420984859,1244.180834744884,1200.5253668590985,1233.2669677734375,80681000,0.0,0.0
2007-02-01 00:00:00+09:00,1228.9016042696376,1283.470947265625,1226.718830549798,1283.470947265625,108495800,0.0,0.0
2007-02-02 00:00:00+09:00,1294.3848834787213,1300.9332049803002,1252.9121806353896,1263.8260498046875,70868600,0.0,0.0
2007-02-05 00:00:00+09:00,1248.5466671847967,1283.471049483672,1241.9983455037575,1261.643310546875,61218000,0.0,0.0
2007-02-06 00:00:00+09:00,1259.460570004112,1261.6433439555922,1228.9017346833882,1244.18115234375,36745200,0.0,0.0
2007-02-07 00:00:00+09:00,1248.5467002467105,1270.3744397615133,1231.0845086348684,1244.18115234375,52451800,0.0,0.0
2007-02-08 00:00:00+09:00,1257.277385305851,1276.922344451255,1228.9013332069342,1231.0841064453125,54413200,0.0,0.0
2007-02-09 00:00:00+09:00,1259.4601933697825,1261.642966668517,1215.8047273950933,1228.9013671875,55569400,0.0,0.0
2007-02-13 00:00:00+09:00,1228.9013332069342,1244.1807458755818,1215.804693776665,1231.0841064453125,24990800,0.0,0.0
2007-02-14 00:00:00+09:00,1235.449951171875,1250.7293675291244,1231.0844036412323,1235.449951171875,23745800,0.0,0.0
2007-02-15 00:00:00+09:00,1248.5465158716404,1281.2881203088336,1237.6326477259092,1279.1053466796875,69516800,0.0,0.0
2007-02-16 00:00:00+09:00,1279.105323791504,1285.6536445617676,1257.277587890625,1257.277587890625,46352400,0.0,0.0
2007-02-19 00:00:00+09:00,1263.8259312756638,1292.2019884545648,1259.4603840173716,1279.1053466796875,59222000,0.0,0.0
2007-02-20 00:00:00+09:00,1276.922550201416,1281.2880973815918,1257.277587890625,1257.277587890625,33677800,0.0,0.0
2007-02-21 00:00:00+09:00,1255.094814300537,1268.1914558410645,1241.9981727600098,1257.277587890625,29255200,0.0,0.0
2007-02-22 00:00:00+09:00,1252.9119481906084,1266.0085887640296,1233.2669873304771,1239.8153076171875,34092000,0.0,0.0
2007-02-23 00:00:00+09:00,1248.546567748193,1292.2020421449831,1244.181020308514,1283.470947265625,74668200,0.0,0.0
2007-02-26 00:00:00+09:00,1300.9329926037399,1331.4918212890625,1298.7502191262167,1331.4918212890625,81939200,0.0,0.0
2007-02-27 00:00:00+09:00,1340.2230139623714,1379.512939453125,1322.76082485537,1379.512939453125,103946400,0.0,0.0
2007-02-28 00:00:00+09:00,1274.7398398372286,1327.1264085976627,1270.3742924405258,1307.4814453125,115655600,0.0,0.0
2007-03-01 00:00:00+09:00,1305.2988575978322,1322.7610496727198,1189.6118351017033,1211.4395751953125,127223200,0.0,0.0
2007-03-02 00:00:00+09:00,1207.073779920592,1235.4498362297559,1185.246044298158,1196.159912109375,71077800,0.0,0.0
2007-03-05 00:00:00+09:00,1163.418541504858,1172.1496375011423,1113.2147395262243,1119.7630615234375,70458000,0.0,0.0
2007-03-06 00:00:00+09:00,1145.9559648239306,1193.9769766832192,1139.4076450249368,1183.0631103515625,58987000,0.0,0.0
2007-03-07 00:00:00+09:00,1207.0738461977476,1211.4393935619348,1169.9666936021567,1176.5150146484375,51731800,0.0,0.0
2007-03-08 00:00:00+09:00,1167.784045628139,1228.9017153058733,1154.6874021257672,1222.3533935546875,54598800,0.0,0.0
2007-03-09 00:00:00+09:00,1239.8154213550554,1287.8364411962723,1231.0843268384706,1279.1053466796875,100405400,0.0,0.0
2007-03-12 00:00:00+09:00,1285.6534906674738,1294.3845839827027,1261.642984050594,1274.7396240234375,39423600,0.0,0.0
2007-03-13 00:00:00+09:00,1270.3742521631025,1322.760819262612,1266.0087049048102,1279.1053466796875,96537400,0.0,0.0
2007-03-14 00:00:00+09:00,1244.1810053295942,1246.363779023155,1200.5255314583806,1207.0738525390625,60498000,0.0,0.0
2007-03-15 00:00:00+09:00,1239.8155716100778,1276.922727802633,1233.2672499290386,1261.643310546875,68470200,0.0,0.0
2007-03-16 00:00:00+09:00,1261.6432128906251,1318.395329733456,1259.4604391659009,1298.7503662109375,98920400,0.0,0.0
2007-03-19 00:00:00+09:00,1314.0296714089134,1344.5885009765625,1307.4813507872743,1344.5885009765625,71720000,0.0,0.0
2007-03-20 00:00:00+09:00,1357.6851422198408,1366.4162363820262,1327.1263126521917,1344.5885009765625,46912000,0.0,0.0
2007-03-22 00:00:00+09:00,1366.4160837026743,1392.60936326247,1357.6849905160757,1362.050537109375,75379800,0.0,0.0
2007-03-23 00:00:00+09:00,1375.1474392798639,1379.5129867061491,1340.2230598695817,1353.3197021484375,37735600,0.0,0.0
2007-03-26 00:00:00+09:00,1353.3197021484375,1366.4163444272933,1340.2230598695817,1353.3197021484375,22604800,0.0,0.0
2007-03-27 00:00:00+09:00,1355.5061066966102,1368.6239077291582,1338.0157053198798,1342.3883056640625,32063000,2.5,0.0
2007-03-28 00:00:00+09:00,1333.6429044515778,1351.1333031984839,1324.897705078125,1324.897705078125,20285600,0.0,0.0
2007-03-29 00:00:00+09:00,1311.7799060179455,1329.2703047648515,1307.407306331219,1324.897705078125,22422600,0.0,0.0
2007-03-30 00:00:00+09:00,1333.6429044515778,1342.3881038250308,1320.5251053913985,1324.897705078125,13923400,0.0,0.0
2007-04-02 00:00:00+09:00,1324.897707544192,1333.6429069339226,1292.103209832702,1298.662109375,24195800,0.0,0.0
2007-04-03 00:00:00+09:00,1305.2213345726063,1307.4076349655254,1285.5446310363359,1303.0350341796875,19863200,0.0,0.0
2007-04-04 00:00:00+09:00,1320.5250244140625,1329.2702232512418,1307.4072261582937,1320.5250244140625,20953000,0.0,0.0
2007-04-05 00:00:00+09:00,1316.1529383571503,1316.1529383571503,1303.03513498482,1305.221435546875,12939200,0.0,0.0
2007-04-06 00:00:00+09:00,1307.4075010625809,1309.593801231582,1259.3088973445595,1265.8677978515625,26417600,0.0,0.0
2007-04-09 00:00:00+09:00,1254.9360152087033,1259.3086145648313,1224.3278197158081,1230.88671875,33086800,0.0,0.0
2007-04-10 00:00:00+09:00,1215.5829786357647,1268.0541863466608,1211.21037799319,1244.0048828125,32077000,0.0,0.0
2007-04-11 00:00:00+09:00,1246.190962757138,1246.190962757138,1211.2101638025517,1215.582763671875,24143000,0.0,0.0
2007-04-12 00:00:00+09:00,1209.0239072924983,1224.3280073848084,1184.9746071474397,1198.0924072265625,39325200,0.0,0.0
2007-04-13 00:00:00+09:00,1202.4649694506563,1206.8375693395678,1171.856770228276,1176.2293701171875,32394000,0.0,0.0
2007-04-16 00:00:00+09:00,1178.4159998518696,1195.9064043023614,1160.9255954013781,1167.4844970703125,34625400,0.0,0.0
2007-04-17 00:00:00+09:00,1176.2294115664354,1193.719811738427,1163.1116114374418,1171.8568115234375,31937800,0.0,0.0
2007-04-18 00:00:00+09:00,1174.0431985021091,1180.6020990524003,1134.6897952003624,1149.993896484375,39152400,0.0,0.0
2007-04-19 00:00:00+09:00,1136.8759161176258,1158.7389145045033,1125.9444169241872,1130.3170166015625,37737200,0.0,0.0
2007-04-20 00:00:00+09:00,1141.2485170009784,1143.4348168419765,1106.2677195450099,1117.19921875,30150000,0.0,0.0
2007-04-23 00:00:00+09:00,1117.1992407904731,1119.3855406746031,1093.149942065042,1101.8951416015625,31543400,0.0,0.0
2007-04-24 00:00:00+09:00,1097.5226129495873,1158.739013671875,1090.9637128721993,1158.739013671875,64083200,0.0,0.0
2007-04-25 00:00:00+09:00,1158.7391183035713,1184.9747209821428,1141.248716517857,1147.8076171875,57675800,0.0,0.0
2007-04-26 00:00:00+09:00,1156.5526342866979,1167.484133665589,1139.0622352804717,1141.24853515625,25067000,0.0,0.0
2007-04-27 00:00:00+09:00,1141.248474473898,1167.4840715882406,1125.9443761571983,1134.6895751953125,26166200,0.0,0.0
2007-05-01 00:00:00+09:00,1147.8076514128213,1171.8569545852804,1134.689849682389,1169.670654296875,37105000,0.0,0.0
2007-05-02 00:00:00+09:00,1178.415816772231,1182.7884172055233,1154.3665143891244,1160.9254150390625,28142400,0.0,0.0
2007-05-07 00:00:00+09:00,1200.2785034179688,1202.4648030598958,1191.5333048502605,1193.7196044921875,34739400,0.0,0.0
2007-05-08 00:00:00+09:00,1191.5334280508537,1193.719727918837,1169.6704293710216,1180.6019287109375,24380800,0.0,0.0
2007-05-09 00:00:00+09:00,1174.0431375011203,1180.6020377106238,1123.758235894927,1143.4349365234375,40640400,0.0,0.0
2007-05-10 00:00:00+09:00,1134.6895552460785,1143.4347541304414,1121.5717569195342,1123.758056640625,24922400,0.0,0.0
2007-05-11 00:00:00+09:00,1115.0129600779717,1119.3855599214146,1108.454060312807,1112.82666015625,23351600,0.0,0.0
2007-05-14 00:00:00+09:00,1117.1991992091,1125.9443984201303,1101.8951005897975,1106.2677001953125,14735400,0.0,0.0
2007-05-15 00:00:00+09:00,1101.8951198630136,1141.2485170009784,1099.7088200220157,1117.19921875,27742000,0.0,0.0
2007-05-16 00:00:00+09:00,1134.6896593734652,1134.6896593734652,1106.2677603910856,1112.82666015625,23596400,0.0,0.0
2007-05-17 00:00:00+09:00,1099.7090122767856,1099.7090122767856,1071.287109375,1071.287109375,38094200,0.0,0.0
2007-05-18 00:00:00+09:00,1058.1689868262904,1084.4045815409918,1049.4237885880566,1080.031982421875,29257600,0.0,0.0
2007-05-21 00:00:00+09:00,1073.4734027756163,1101.8953054967628,1064.7282019383404,1097.522705078125,34239800,0.0,0.0
2007-05-22 00:00:00+09:00,1099.7089174484195,1132.50341796875,1086.591117240287,1132.50341796875,36218000,0.0,0.0
2007-05-23 00:00:00+09:00,1128.13092219481,1143.4350238524914,1115.01312077394,1121.572021484375,32225800,0.0,0.0
2007-05-24 00:00:00+09:00,1119.3855185909981,1130.3170177959882,1108.4540193860078,1117.19921875,17212200,0.0,0.0
2007-05-25 00:00:00+09:00,1108.4540193860078,1121.571818431996,1097.5225201810176,1117.19921875,20819400,0.0,0.0
2007-05-28 00:00:00+09:00,1123.7582739118832,1154.3664759250473,1117.199373480491,1152.18017578125,43241200,0.0,0.0
2007-05-29 00:00:00+09:00,1152.1800707281743,1176.2293701171875,1152.1800707281743,1176.2293701171875,42911000,0.0,0.0
2007-05-30 00:00:00+09:00,1178.415506998698,1189.3470052083333,1143.4347127278645,1154.3662109375,46269000,0.0,0.0
2007-05-31 00:00:00+09:00,1167.483948094885,1176.2291462079552,1163.1113490383498,1174.0428466796875,20303200,0.0,0.0
2007-06-01 00:00:00+09:00,1176.229248505786,1176.229248505786,1156.5525510400757,1163.1114501953125,18596000,0.0,0.0
2007-06-04 00:00:00+09:00,1167.4842137750588,1174.0431138524468,1156.552713646079,1158.739013671875,12368000,0.0,0.0
2007-06-05 00:00:00+09:00,1165.2977485795454,1202.46484375,1163.1114488636363,1202.46484375,53423800,0.0,0.0
2007-06-06 00:00:00+09:00,1209.0238464915424,1213.3964462980218,1187.1608474591455,1191.533447265625,34764200,0.0,0.0
2007-06-07 00:00:00+09:00,1187.1606858036812,1233.0729775198458,1184.9743861981497,1222.1414794921875,49970600,0.0,0.0
2007-06-08 00:00:00+09:00,1246.1911831337875,1257.1226847402243,1235.2596815273507,1244.0048828125,93928400,0.0,0.0
2007-06-11 00:00:00+09:00,1224.3278201565336,1228.7004195142356,1204.651123046875,1204.651123046875,36234600,0.0,0.0
2007-06-12 00:00:00+09:00,1171.8565069138451,1189.346902539425,1171.8565069138451,1178.4154052734375,23603600,0.0,0.0
2007-06-13 00:00:00+09:00,1182.7882476526663,1200.2786468785837,1180.6019477494265,1191.533447265625,24982000,0.0,0.0
2007-06-14 00:00:00+09:00,1189.3470663558933,1195.9059656188854,1178.4155675842399,1187.1607666015625,19237600,0.0,0.0
2007-06-15 00:00:00+09:00,1211.2103481189251,1219.955549188376,1206.8377475841999,1209.0240478515625,24226800,0.0,0.0
2007-06-18 00:00:00+09:00,1215.5825808904867,1241.8181761615044,1213.3962812845687,1235.25927734375,31798400,0.0,0.0
2007-06-19 00:00:00+09:00,1230.88671875,1233.073018428064,1226.514119393872,1230.88671875,19302600,0.0,0.0
2007-06-20 00:00:00+09:00,1230.886698404948,1244.0044962565105,1228.7003987630208,1233.072998046875,20122400,0.0,0.0
2007-06-21 00:00:00+09:00,1230.886698404948,1241.8181966145833,1228.7003987630208,1233.072998046875,17084600,0.0,0.0
2007-06-22 00:00:00+09:00,1213.396484375,1217.7690843186936,1204.6512844876127,1213.396484375,18681400,0.0,0.0
2007-06-25 00:00:00+09:00,1206.8373818127286,1211.209981022195,1195.9058837890625,1195.9058837890625,11841400,0.0,0.0
2007-06-26 00:00:00+09:00,1180.6020116094332,1182.7883116309322,1167.4842114804396,1171.8568115234375,17045400,0.0,0.0
2007-06-27 00:00:00+09:00,1156.552510579427,1158.7388102213542,1147.8073120117188,1154.3662109375,22478000,0.0,0.0
2007-06-28 00:00:00+09:00,1154.3665522780375,1176.2295551620912,1154.3665522780375,1169.670654296875,18856000,0.0,0.0
2007-06-29 00:00:00+09:00,1169.6703493505493,1178.4155482241981,1158.738850758488,1163.1114501953125,15654000,0.0,0.0
2007-07-02 00:00:00+09:00,1167.4844970703125,1174.0433987392469,1158.7392948450668,1167.4844970703125,11816000,0.0,0.0
2007-07-03 00:00:00+09:00,1171.8569060223133,1202.4651087915527,1169.6706058245104,1200.27880859375,45964800,0.0,0.0
2007-07-04 00:00:00+09:00,1215.5829786357647,1246.1911831337875,1211.21037799319,1244.0048828125,50079200,0.0,0.0
2007-07-05 00:00:00+09:00,1244.0046819731087,1250.5635818780638,1219.9553823216077,1226.5142822265625,38640600,0.0,0.0
2007-07-06 00:00:00+09:00,1244.004475547504,1246.1907751530355,1211.2099814645294,1222.1414794921875,42602800,0.0,0.0
2007-07-09 00:00:00+09:00,1226.514223181683,1228.700523044752,1195.9060250987177,1206.8375244140625,20491000,0.0,0.0
2007-07-10 00:00:00+09:00,1193.7195635017874,1200.2784622023466,1178.4154665338158,1184.974365234375,14695200,0.0,0.0
2007-07-11 00:00:00+09:00,1184.9743036330299,1195.9058008990173,1171.8565069138451,1178.4154052734375,20475000,0.0,0.0
2007-07-12 00:00:00+09:00,1187.1610566041181,1187.1610566041181,1160.9254531432537,1169.670654296875,13911400,0.0,0.0
2007-07-13 00:00:00+09:00,1178.415486951197,1206.8373818127286,1176.2291873464637,1195.9058837890625,32461200,0.0,0.0
2007-07-17 00:00:00+09:00,1193.7199080003415,1204.6514089893556,1189.3473076047358,1200.27880859375,15055800,0.0,0.0
2007-07-18 00:00:00+09:00,1191.533447265625,1193.7197471688646,1182.7882476526663,1191.533447265625,15618600,0.0,0.0
2007-07-19 00:00:00+09:00,1202.4650072529369,1211.2102073056856,1195.9061072133754,1198.0924072265625,16188400,0.0,0.0
2007-07-20 00:00:00+09:00,1191.533575290587,1193.7198754287347,1160.9253733565167,1165.2979736328125,18911200,0.0,0.0
2007-07-23 00:00:00+09:00,1158.739208036256,1160.9255084287774,1117.1995005783526,1125.9447021484375,22553200,0.0,0.0
2007-07-24 00:00:00+09:00,1132.503415639164,1156.5527159712697,1130.3171156089725,1145.6212158203125,26763400,0.0,0.0
2007-07-25 00:00:00+09:00,1149.9937554357605,1156.5526551815917,1136.8759559440978,1139.062255859375,23246200,0.0,0.0
2007-07-26 00:00:00+09:00,1130.3172224316215,1132.5035226684333,1119.3857212475634,1121.572021484375,11370600,0.0,0.0
2007-07-27 00:00:00+09:00,1093.1499625295105,1108.4540620049236,1084.4047628292744,1099.7088623046875,16401000,0.0,0.0
2007-07-30 00:00:00+09:00,1090.9635213216145,1097.5224202473958,1077.845723470052,1088.7772216796875,13698800,0.0,0.0
2007-07-31 00:00:00+09:00,1090.9636626044514,1099.7088623046875,1090.9636626044514,1099.7088623046875,12839400,0.0,0.0
2007-08-01 00:00:00+09:00,1088.7774318837526,1090.9637319477763,1049.4240307313278,1053.796630859375,25271600,0.0,0.0
2007-08-02 00:00:00+09:00,1060.3554466681753,1077.8458457884751,1038.4924477678005,1075.6595458984375,28108000,0.0,0.0
2007-08-03 00:00:00+09:00,1080.031942059917,1112.826434227728,1075.6593431042086,1084.404541015625,30304000,0.0,0.0
2007-08-06 00:00:00+09:00,1053.7967075892857,1086.5912109375,1053.7967075892857,1071.287109375,22390600,0.0,0.0
2007-08-07 00:00:00+09:00,1055.982907909557,1084.4048081224437,1053.7966078931813,1069.1007080078125,26780000,0.0,0.0
2007-08-08 00:00:00+09:00,1080.0321214530334,1125.9444181139922,1080.0321214530334,1117.19921875,38319600,0.0,0.0
2007-08-09 00:00:00+09:00,1134.6896766075722,1174.043075796274,1134.6896766075722,1136.8759765625,58510800,0.0,0.0
2007-08-10 00:00:00+09:00,1141.2485380284927,1143.4348379097733,1097.52254040288,1115.012939453125,43290600,0.0,0.0
2007-08-13 00:00:00+09:00,1112.8266808216965,1119.3855807086613,1104.0814809724102,1110.640380859375,18229000,0.0,0.0
2007-08-14 00:00:00+09:00,1112.8266618550417,1112.8266618550417,1093.1499625295105,1099.7088623046875,15292800,0.0,0.0
2007-08-15 00:00:00+09:00,1064.7278221942686,1066.9141216238256,1042.8648278986984,1047.2374267578125,24389400,0.0,0.0
2007-08-16 00:00:00+09:00,992.5802173697072,1023.1884179053369,979.4624171401515,1010.0706176757812,33422200,0.0,0.0
2007-08-17 00:00:00+09:00,1003.5114920072466,1010.0703906478169,924.8047083204037,935.7362060546875,36731200,0.0,0.0
2007-08-20 00:00:00+09:00,988.2076220703125,1005.6980224609375,970.7172216796876,983.8350219726562,26518000,0.0,0.0
2007-08-21 00:00:00+09:00,990.3939787422131,1025.374781523395,988.2076785683892,1003.5117797851562,24131200,0.0,0.0
2007-08-22 00:00:00+09:00,1001.3252566177233,1003.5115563046617,983.8348591222173,988.2074584960938,15661200,0.0,0.0
2007-08-23 00:00:00+09:00,999.139322072658,1001.3256225585938,988.2078196429791,1001.3256225585938,17016600,0.0,0.0
2007-08-24 00:00:00+09:00,996.9528615002066,1001.3254617699444,981.6487605561244,992.5802612304688,15390000,0.0,0.0
2007-08-27 00:00:00+09:00,992.5802612304689,996.9528615002066,986.0213608258622,992.5802612304688,13164800,0.0,0.0
2007-08-28 00:00:00+09:00,986.0213172549293,1018.8158178288184,981.6487171784108,1010.0706176757812,24012600,0.0,0.0
2007-08-29 00:00:00+09:00,983.8350219726562,988.2076220703125,977.2761218261719,983.8350219726562,22452000,0.0,0.0
2007-08-30 00:00:00+09:00,968.5307209826162,972.9033201744114,957.5992230031285,966.3444213867188,22656400,0.0,0.0
2007-08-31 00:00:00+09:00,959.7858237963045,975.0899257702774,944.4817218223315,972.9036254882812,17612800,0.0,0.0
2007-09-03 00:00:00+09:00,966.3446475101009,972.9035478325676,955.4131469726562,955.4131469726562,13239200,0.0,0.0
2007-09-04 00:00:00+09:00,946.6678690305897,957.5993686729753,926.9911696742957,931.36376953125,22338200,0.0,0.0
2007-09-05 00:00:00+09:00,940.1088252486638,953.2266228102732,916.0595297190469,920.43212890625,22318200,0.0,0.0
2007-09-06 00:00:00+09:00,916.0596274636009,964.1582236550072,896.382929021662,961.971923828125,34318000,0.0,0.0
2007-09-07 00:00:00+09:00,946.6678690305897,961.9719685299295,924.8048697458186,931.36376953125,23202600,0.0,0.0
2007-09-10 00:00:00+09:00,896.3828326446082,900.7554318282405,883.2650350937115,887.6376342773438,28533800,0.0,0.0
2007-09-11 00:00:00+09:00,881.0788356874048,907.3144337723895,867.5237766768292,896.3829345703125,30719400,0.0,0.0
2007-09-12 00:00:00+09:00,898.5692152336462,905.1281146149137,874.5199175023321,878.8925170898438,20437000,0.0,0.0
2007-09-13 00:00:00+09:00,874.0827803150454,881.0789406377271,871.8964802142074,872.333740234375,19794200,0.0,0.0
2007-09-14 00:00:00+09:00,881.0790363488978,894.1968383789062,876.7064356722284,894.1968383789062,31996000,0.0,0.0
2007-09-18 00:00:00+09:00,868.8357843646387,870.5848246955187,853.0944213867188,853.0944213867188,26432600,0.0,0.0
2007-09-19 00:00:00+09:00,874.0826575435809,887.637716264867,874.0826575435809,878.8925170898438,17932400,0.0,0.0
2007-09-20 00:00:00+09:00,857.4669613616635,865.77490234375,853.9688809481535,865.77490234375,23260200,0.0,0.0
2007-09-21 00:00:00+09:00,860.9649388491662,883.2651988193578,858.341378852673,876.706298828125,19925200,0.0,0.0
2007-09-25 00:00:00+09:00,878.8926334939258,878.8926334939258,859.6531927607255,866.6493530273438,14806600,0.0,0.0
2007-09-26 00:00:00+09:00,864.4628784179688,900.7554524739584,864.4628784179688,898.5691528320312,19092000,0.0,0.0
2007-09-27 00:00:00+09:00,926.9911696742957,937.9226693166813,911.6870701749559,931.36376953125,36123800,0.0,0.0
2007-09-28 00:00:00+09:00,937.9225875566591,944.481486770342,916.059590177716,926.9910888671875,18083800,0.0,0.0
2007-10-01 00:00:00+09:00,929.1773074141172,951.0403028826847,924.8047083204037,935.7362060546875,15480000,0.0,0.0
2007-10-02 00:00:00+09:00,951.0404879753661,955.4130879200804,935.736388168866,942.2952880859375,17274400,0.0,0.0
2007-10-03 00:00:00+09:00,944.4815241381727,979.4623213284754,935.736324840597,975.0897216796875,23830600,0.0,0.0
2007-10-04 00:00:00+09:00,968.5308419636318,1003.5116398675101,964.158242225647,979.4623413085938,28004800,0.0,0.0
2007-10-05 00:00:00+09:00,972.9034941075212,1040.6787936970338,970.7171941207627,1031.93359375,49761400,0.0,0.0
2007-10-09 00:00:00+09:00,1049.4240307313278,1071.287031371564,1049.4240307313278,1053.796630859375,58171600,0.0,0.0
2007-10-10 00:00:00+09:00,1066.9144287109375,1090.9637293581102,1064.7281286521036,1066.9144287109375,58505600,0.0,0.0
2007-10-11 00:00:00+09:00,1060.3556903728004,1132.5036033260012,1060.3556903728004,1125.9447021484375,62527600,0.0,0.0
2007-10-12 00:00:00+09:00,1123.7581806333046,1123.7581806333046,1110.640380859375,1110.640380859375,49144600,0.0,0.0
2007-10-15 00:00:00+09:00,1128.1308946500712,1160.9253974015269,1119.3856939163497,1149.993896484375,56856200,0.0,0.0
2007-10-16 00:00:00+09:00,1147.2913787604039,1182.788330078125,1147.2913787604039,1182.788330078125,69062000,0.0,0.0
2007-10-17 00:00:00+09:00,1179.8907035573593,1179.8907035573593,1125.9447021484375,1125.9447021484375,76723600,0.0,0.0
2007-10-18 00:00:00+09:00,1147.8075754936551,1163.111676500237,1134.6897746308705,1152.18017578125,47319200,0.0,0.0
2007-10-19 00:00:00+09:00,1144.3092726169673,1163.1114501953125,1144.3092726169673,1163.1114501953125,42335800,0.0,0.0
2007-10-22 00:00:00+09:00,1110.6403569607726,1147.8074555204835,1104.081457214941,1139.062255859375,45149400,0.0,0.0
2007-10-23 00:00:00+09:00,1139.49954036202,1139.49954036202,1110.640380859375,1110.640380859375,30814800,0.0,0.0
2007-10-24 00:00:00+09:00,1125.9447021484375,1141.248804896086,1110.640599400789,1125.9447021484375,26814000,0.0,0.0
2007-10-25 00:00:00+09:00,1125.9444433692995,1125.9444433692995,1075.6595458984375,1075.6595458984375,23490400,0.0,0.0
2007-10-26 00:00:00+09:00,1075.659741895444,1169.670654296875,1075.659741895444,1169.670654296875,46923000,0.0,0.0
2007-10-29 00:00:00+09:00,1187.1607461817125,1211.210043065688,1158.7388498642865,1189.3470458984375,58227000,0.0,0.0
2007-10-30 00:00:00+09:00,1185.8492272882513,1200.27880859375,1185.8492272882513,1200.27880859375,42338200,0.0,0.0
2007-10-31 00:00:00+09:00,1198.0927048586727,1200.279005414984,1149.9940926198208,1167.4844970703125,36078600,0.0,0.0
2007-11-01 00:00:00+09:00,1167.4842794289368,1228.70068359375,1167.4842794289368,1228.70068359375,64377400,0.0,0.0
2007-11-02 00:00:00+09:00,1232.6357381184896,1233.072998046875,1232.6357381184896,1233.072998046875,98612400,0.0,0.0
2007-11-05 00:00:00+09:00,1239.632263525847,1250.5637649678738,1143.4350508360105,1169.670654296875,74673200,0.0,0.0
2007-11-06 00:00:00+09:00,1169.6702648925782,1169.6702648925782,1093.1497802734375,1093.1497802734375,96180600,0.0,0.0
2007-11-07 00:00:00+09:00,1093.1499625295105,1099.7088623046875,1093.1499625295105,1099.7088623046875,71078200,0.0,0.0
2007-11-08 00:00:00+09:00,1099.7088200220157,1117.19921875,1099.7088200220157,1117.19921875,60098400,0.0,0.0
2007-11-09 00:00:00+09:00,1115.450200883169,1115.450200883169,1101.8951416015625,1101.8951416015625,35377400,0.0,0.0
2007-11-12 00:00:00+09:00,1101.8953054967628,1101.8953054967628,1097.522705078125,1097.522705078125,36933600,0.0,0.0
2007-11-13 00:00:00+09:00,1097.5226059422348,1097.5226059422348,1082.218505859375,1082.218505859375,32655800,0.0,0.0
2007-11-14 00:00:00+09:00,1082.2183227539062,1154.3662109375,1082.2183227539062,1154.3662109375,38265000,0.0,0.0
2007-11-15 00:00:00+09:00,1132.5035226684333,1134.689822905245,1121.572021484375,1121.572021484375,29951800,0.0,0.0
2007-11-16 00:00:00+09:00,1121.5720073806337,1121.5720073806337,1097.522705078125,1097.522705078125,23714000,0.0,0.0
2007-11-19 00:00:00+09:00,1097.522313637624,1097.522313637624,1047.2374267578125,1047.2374267578125,32022800,0.0,0.0
2007-11-20 00:00:00+09:00,1047.2375485764337,1060.3553466796875,1047.2375485764337,1060.3553466796875,41274400,0.0,0.0
2007-11-21 00:00:00+09:00,1063.853490557456,1063.853490557456,1021.0020141601562,1021.0020141601562,28636000,0.0,0.0
2007-11-22 00:00:00+09:00,1021.002170308431,1049.424072265625,1021.002170308431,1049.424072265625,40702200,0.0,0.0
2007-11-26 00:00:00+09:00,1055.9830078124999,1080.0323102678572,1042.8652064732141,1071.287109375,24978400,0.0,0.0
2007-11-27 00:00:00+09:00,1071.2870058001895,1082.218505859375,1071.2870058001895,1082.218505859375,25880000,0.0,0.0
2007-11-28 00:00:00+09:00,1082.2182819814334,1082.2182819814334,1080.031982421875,1080.031982421875,30694400,0.0,0.0
2007-11-29 00:00:00+09:00,1080.0321226214419,1104.0814208984375,1080.0321226214419,1104.0814208984375,23540400,0.0,0.0
2007-11-30 00:00:00+09:00,1104.081460469364,1112.82666015625,1104.081460469364,1112.82666015625,22784600,0.0,0.0
2007-12-03 00:00:00+09:00,1117.7786913921093,1141.24853515625,1117.7786913921093,1141.24853515625,32275000,0.0,0.0
2007-12-04 00:00:00+09:00,1167.4841759314904,1169.6704758864182,1136.8759765625,1136.8759765625,39745400,0.0,0.0
2007-12-05 00:00:00+09:00,1136.8760747746678,1152.18017578125,1136.8760747746678,1152.18017578125,22681400,0.0,0.0
2007-12-06 00:00:00+09:00,1152.1802176339286,1152.1802176339286,1147.8076171875,1147.8076171875,22677600,0.0,0.0
2007-12-07 00:00:00+09:00,1152.1801368027755,1152.1801368027755,1143.4349365234375,1143.4349365234375,28015200,0.0,0.0
2007-12-10 00:00:00+09:00,1143.8720341853325,1143.8720341853325,1134.6895751953125,1134.6895751953125,15020600,0.0,0.0
2007-12-11 00:00:00+09:00,1118.948519968432,1128.1309814453125,1118.948519968432,1128.1309814453125,17455800,0.0,0.0
2007-12-12 00:00:00+09:00,1132.0660169251573,1132.0660169251573,1108.4539794921875,1108.4539794921875,21471800,0.0,0.0
2007-12-13 00:00:00+09:00,1045.0511474609375,1045.0511474609375,1045.0511474609375,1045.0511474609375,36586600,0.0,0.0
2007-12-14 00:00:00+09:00,1055.9827063630757,1055.9827063630757,1031.9334107730263,1038.4923095703125,34976000,0.0,0.0
2007-12-17 00:00:00+09:00,1041.9904517776856,1041.9904517776856,999.1389770507812,999.1389770507812,26173400,0.0,0.0
2007-12-18 00:00:00+09:00,986.0211977066532,1023.1882938508064,970.7170992943549,1016.62939453125,25600400,0.0,0.0
2007-12-19 00:00:00+09:00,1016.6297259601444,1016.6297259601444,1001.3256225585938,1001.3256225585938,15095800,0.0,0.0
2007-12-20 00:00:00+09:00,977.2760009765625,977.2760009765625,977.2760009765625,977.2760009765625,15235600,0.0,0.0
2007-12-21 00:00:00+09:00,977.276114830604,1023.1884155273438,977.276114830604,1023.1884155273438,25245600,0.0,0.0
2007-12-25 00:00:00+09:00,1038.4922075875197,1038.4922075875197,1036.305908203125,1036.305908203125,14657800,0.0,0.0
2007-12-26 00:00:00+09:00,1036.3059296100273,1047.2374267578125,1031.9333307509135,1047.2374267578125,11201000,0.0,0.0
2007-12-27 00:00:00+09:00,1048.5492877261513,1048.5492877261513,1038.4923095703125,1038.4923095703125,10062000,0.0,0.0
2007-12-28 00:00:00+09:00,1025.3747179435961,1034.1199180966332,1003.5117175610035,1010.0706176757812,12320000,0.0,0.0
2008-01-04 00:00:00+09:00,983.8349003119756,990.3937996473888,970.7171016411493,977.2760009765625,13231000,0.0,0.0
2008-01-07 00:00:00+09:00,966.3445675011837,966.3445675011837,937.9226684570312,937.9226684570312,20322600,0.0,0.0
2008-01-08 00:00:00+09:00,937.9226057610543,964.158203125,937.9226057610543,964.158203125,19030400,0.0,0.0
2008-01-09 00:00:00+09:00,964.1583055917657,964.1583055917657,959.7857055664062,959.7857055664062,15956000,0.0,0.0
2008-01-10 00:00:00+09:00,959.7856878647948,959.7856878647948,942.2952880859375,942.2952880859375,16869200,0.0,0.0
2008-01-11 00:00:00+09:00,942.7327234535402,942.7327234535402,905.1283569335938,905.1283569335938,27441400,0.0,0.0
2008-01-15 00:00:00+09:00,905.1281146149137,905.1281146149137,878.8925170898438,878.8925170898438,21198600,0.0,0.0
2008-01-16 00:00:00+09:00,857.4668349077484,883.2651741528056,846.9725952148438,846.9725952148438,38714000,0.0,0.0
2008-01-17 00:00:00+09:00,846.9725587437135,889.8240356445312,846.9725587437135,889.8240356445312,23223800,0.0,0.0
2008-01-18 00:00:00+09:00,881.0787362214222,929.1773272806562,878.8924366278206,920.43212890625,26740400,0.0,0.0
2008-01-21 00:00:00+09:00,892.010233460976,902.9417314200566,883.2650350937115,887.6376342773438,19323200,0.0,0.0
2008-01-22 00:00:00+09:00,848.7216147655935,850.0333946956794,810.2427368164062,810.2427368164062,53882200,0.0,0.0
2008-01-23 00:00:00+09:00,806.3073236071242,837.7900390625,806.3073236071242,837.7900390625,29246000,0.0,0.0
2008-01-24 00:00:00+09:00,837.7901569937566,838.2274169921875,837.7901569937566,838.2274169921875,27035000,0.0,0.0
2008-01-25 00:00:00+09:00,856.5922986051877,885.4514572105692,853.0942187742323,881.078857421875,33588600,0.0,0.0
2008-01-28 00:00:00+09:00,871.896369114658,871.896369114658,838.6646118164062,838.6646118164062,32690000,0.0,0.0
2008-01-29 00:00:00+09:00,838.6647652901926,873.6455688476562,838.6647652901926,873.6455688476562,22097400,0.0,0.0
2008-01-30 00:00:00+09:00,873.6453623995885,873.6453623995885,836.91552734375,836.91552734375,26840800,0.0,0.0
2008-01-31 00:00:00+09:00,857.0112009062901,857.0112009062901,848.2843627929688,848.2843627929688,25019400,0.0,0.0
2008-02-01 00:00:00+09:00,848.2842030244715,848.2842030244715,832.5428466796875,832.5428466796875,16468600,0.0,0.0
2008-02-04 00:00:00+09:00,832.980216305272,964.158203125,832.980216305272,964.158203125,79253200,0.0,0.0
2008-02-05 00:00:00+09:00,964.1581001638252,964.1581001638252,935.7362060546875,935.7362060546875,42485600,0.0,0.0
2008-02-06 00:00:00+09:00,935.7363987492207,935.7363987492207,876.706298828125,876.706298828125,26917000,0.0,0.0
2008-02-07 00:00:00+09:00,911.3563496096033,931.36376953125,911.3563496096033,931.36376953125,37169600,0.0,0.0
2008-02-08 00:00:00+09:00,931.3638882107205,944.481689453125,931.3638882107205,944.481689453125,46102800,0.0,0.0
2008-02-12 00:00:00+09:00,944.4814661396623,944.4814661396623,922.6184692382812,922.6184692382812,22002600,0.0,0.0
2008-02-13 00:00:00+09:00,913.4361118280319,918.2459716796875,913.4361118280319,918.2459716796875,17563600,0.0,0.0
2008-02-14 00:00:00+09:00,914.7479253052036,959.7857055664062,914.7479253052036,959.7857055664062,22090800,0.0,0.0
2008-02-15 00:00:00+09:00,975.0897011980913,977.2760009765625,961.971902527265,977.2760009765625,27676000,0.0,0.0
2008-02-18 00:00:00+09:00,972.0290017089844,983.8350219726562,972.0290017089844,983.8350219726562,22595000,0.0,0.0
2008-02-19 00:00:00+09:00,979.456896909506,979.4623413085938,979.456896909506,979.4623413085938,19193400,0.0,0.0
2008-02-20 00:00:00+09:00,1001.762753092448,1001.762753092448,951.0405883789062,951.0405883789062,43396600,0.0,0.0
2008-02-21 00:00:00+09:00,951.0405012244925,986.0213012695312,951.0405012244925,986.0213012695312,21100600,0.0,0.0
2008-02-22 00:00:00+09:00,986.0211177497968,986.0211177497968,966.3444213867188,966.3444213867188,28412600,0.0,0.0
2008-02-25 00:00:00+09:00,966.344601244197,986.0213012695312,966.344601244197,986.0213012695312,18704600,0.0,0.0
2008-02-26 00:00:00+09:00,986.4583984375,986.4583984375,970.717041015625,970.717041015625,18096800,0.0,0.0
2008-02-27 00:00:00+09:00,970.7171220308998,975.0897216796876,970.7171220308998,975.0897216796875,17079200,0.0,0.0
2008-02-28 00:00:00+09:00,951.0404879753661,955.4130879200804,942.2952880859375,942.2952880859375,18700000,0.0,0.0
2008-02-29 00:00:00+09:00,909.5006918298193,920.4321905296969,907.3143920898438,907.3143920898438,20139200,0.0,0.0
2008-03-03 00:00:00+09:00,907.3144337723895,907.3144337723895,896.3829345703125,896.3829345703125,23427200,0.0,0.0
2008-03-04 00:00:00+09:00,896.3828531901041,896.3828531901041,885.4513549804688,885.4513549804688,13706000,0.0,0.0
2008-03-05 00:00:00+09:00,885.4514572105692,885.4514572105692,881.078857421875,881.078857421875,10222600,0.0,0.0
2008-03-06 00:00:00+09:00,881.0787556966146,898.5691528320312,881.0787556966146,898.5691528320312,22287600,0.0,0.0
2008-03-07 00:00:00+09:00,898.5692269461496,898.5692269461496,838.6646118164062,838.6646118164062,38166000,0.0,0.0
2008-03-10 00:00:00+09:00,817.6763454626755,825.547026862851,809.8056640625,809.8056640625,26921800,0.0,0.0
2008-03-11 00:00:00+09:00,813.3035981091039,831.6685180664062,813.3035981091039,831.6685180664062,20254800,0.0,0.0
2008-03-12 00:00:00+09:00,853.9686648545331,854.405924795575,843.4744262695312,843.4744262695312,20344600,0.0,0.0
2008-03-13 00:00:00+09:00,814.1780882152732,826.8586277202371,807.6191884713263,815.4898681640625,20880800,0.0,0.0
2008-03-14 00:00:00+09:00,815.4896906780258,815.4896906780258,788.3795776367188,788.3795776367188,43744400,0.0,0.0
2008-03-17 00:00:00+09:00,745.5283327920737,762.5814735421562,744.216552734375,744.216552734375,26895800,0.0,0.0
2008-03-18 00:00:00+09:00,741.5929326281862,741.5929326281862,737.6575927734375,737.6575927734375,21151400,0.0,0.0
2008-03-19 00:00:00+09:00,741.972839114449,766.5167236328125,741.972839114449,766.5167236328125,20427800,0.0,0.0
2008-03-21 00:00:00+09:00,770.014754185663,771.7637939453125,770.014754185663,771.7637939453125,16329800,0.0,0.0
2008-03-24 00:00:00+09:00,771.7639065966194,779.1973266601562,771.7639065966194,779.1973266601562,16741600,0.0,0.0
2008-03-25 00:00:00+09:00,779.1972802966033,829.482177734375,779.1972802966033,829.482177734375,42639200,0.0,0.0
2008-03-26 00:00:00+09:00,830.7973017285726,830.7973017285726,827.2899780273438,827.2899780273438,16650600,2.5,0.0
2008-03-27 00:00:00+09:00,830.3588837478662,830.3588837478662,810.6301879882812,810.6301879882812,14001200,0.0,0.0
2008-03-28 00:00:00+09:00,810.630128524003,817.644775390625,810.630128524003,817.644775390625,18855200,0.0,0.0
2008-03-31 00:00:00+09:00,817.6448325076417,817.6448325076417,792.2167358398438,792.2167358398438,14946400,0.0,0.0
2008-04-01 00:00:00+09:00,792.2167962264161,792.2167962264161,783.8869018554688,783.8869018554688,19816800,0.0,0.0
2008-04-02 00:00:00+09:00,783.887081834341,804.4926147460938,783.887081834341,804.4926147460938,20368200,0.0,0.0
2008-04-03 00:00:00+09:00,806.2460951445333,825.0979614257812,806.2460951445333,825.0979614257812,17739200,0.0,0.0
2008-04-04 00:00:00+09:00,817.206665104586,817.206665104586,816.7682495117188,816.7682495117188,10018000,0.0,0.0
2008-04-07 00:00:00+09:00,816.7680700128728,868.0626831054688,816.7680700128728,868.0626831054688,34704000,0.0,0.0
2008-04-08 00:00:00+09:00,868.0626824826611,868.0626824826611,859.2943725585938,859.2943725585938,30648000,0.0,0.0
2008-04-09 00:00:00+09:00,859.7329114920898,859.7329114920898,841.3194580078125,841.3194580078125,22650000,0.0,0.0
2008-04-10 00:00:00+09:00,843.0729358582985,843.0729358582985,835.1814575195312,835.1814575195312,21864200,0.0,0.0
2008-04-11 00:00:00+09:00,835.6201152338708,849.2109985351562,835.6201152338708,849.2109985351562,22218800,0.0,0.0
2008-04-14 00:00:00+09:00,847.0189237432965,847.0189237432965,827.7286376953125,827.7286376953125,12478600,0.0,0.0
2008-04-15 00:00:00+09:00,846.1419677734375,846.1419677734375,839.5657348632812,839.5657348632812,12254200,0.0,0.0
2008-04-16 00:00:00+09:00,840.0042101470682,857.979248046875,840.0042101470682,857.979248046875,14898000,0.0,0.0
2008-04-17 00:00:00+09:00,881.2150253862172,881.2150253862172,874.2003784179688,874.2003784179688,25557600,0.0,0.0
2008-04-18 00:00:00+09:00,889.9835205078125,896.5597534179688,889.9835205078125,896.5597534179688,24457200,0.0,0.0
2008-04-21 00:00:00+09:00,918.9188843936012,920.6725463867188,918.9188843936012,920.6725463867188,23385200,0.0,0.0
2008-04-22 00:00:00+09:00,921.111146549087,921.111146549087,909.7123413085938,909.7123413085938,12274200,0.0,0.0
2008-04-23 00:00:00+09:00,917.5620006857367,917.5620006857367,911.9042358398438,911.9042358398438,11029000,0.0,0.0
2008-04-24 00:00:00+09:00,912.7812495327452,916.28857421875,912.7812495327452,916.28857421875,11912200,0.0,0.0
2008-04-25 00:00:00+09:00,926.8104858109856,927.2489013671875,926.8104858109856,927.2489013671875,15481000,0.0,0.0
2008-04-28 00:00:00+09:00,927.2489659664404,927.2489659664404,900.9440307617188,900.9440307617188,14726200,0.0,0.0
2008-04-30 00:00:00+09:00,900.9438489641461,920.6725463867188,900.9438489641461,920.6725463867188,15992800,0.0,0.0
2008-05-01 00:00:00+09:00,920.672607421875,920.672607421875,914.0963745117188,914.0963745117188,12062000,0.0,0.0
2008-05-02 00:00:00+09:00,933.8251342773438,933.8251342773438,933.8251342773438,933.8251342773438,13704600,0.0,0.0
2008-05-07 00:00:00+09:00,933.3520692667125,933.3520692667125,925.056640625,925.056640625,13372800,0.0,0.0
2008-05-08 00:00:00+09:00,925.0566364363128,925.0566364363128,894.3675537109375,894.3675537109375,34586200,0.0,0.0
2008-05-09 00:00:00+09:00,894.36767578125,894.36767578125,869.81640625,869.81640625,27472800,0.0,0.0
2008-05-12 00:00:00+09:00,869.8164631015258,933.8251342773438,869.8164631015258,933.8251342773438,12666400,0.0,0.0
2008-05-13 00:00:00+09:00,881.2150896857767,894.3675537109375,881.2150896857767,894.3675537109375,13902400,0.0,0.0
2008-05-14 00:00:00+09:00,894.3676139888337,894.3676139888337,883.4072265625,883.4072265625,24442600,0.0,0.0
2008-05-15 00:00:00+09:00,874.2005615234375,874.2005615234375,865.8706665039062,865.8706665039062,28718400,0.0,0.0
2008-05-16 00:00:00+09:00,843.949951586863,843.949951586863,838.2505493164062,838.2505493164062,30755000,0.0,0.0
2008-05-19 00:00:00+09:00,838.2506105433964,838.2506105433964,836.9353637695312,836.9353637695312,17794000,0.0,0.0
2008-05-20 00:00:00+09:00,817.2064831844457,834.3046875,817.2064831844457,834.3046875,35240000,0.0,0.0
2008-05-21 00:00:00+09:00,827.2901606833163,833.427978515625,827.2901606833163,833.427978515625,15714800,0.0,0.0
2008-05-22 00:00:00+09:00,833.4279785799064,833.4279785799064,832.5511474609375,832.5511474609375,14852600,0.0,0.0
2008-05-23 00:00:00+09:00,832.1126101513339,836.058349609375,832.1126101513339,836.058349609375,13542600,0.0,0.0
2008-05-26 00:00:00+09:00,836.9353651273049,836.9353651273049,827.7286376953125,827.7286376953125,14800800,0.0,0.0
2008-05-27 00:00:00+09:00,827.7285767572944,827.7285767572944,826.413330078125,826.413330078125,11790800,0.0,0.0
2008-05-28 00:00:00+09:00,822.0289901832267,822.0289901832267,811.9454345703125,811.9454345703125,16749400,0.0,0.0
2008-05-29 00:00:00+09:00,811.9456183084424,811.9456183084424,803.61572265625,803.61572265625,19997600,0.0,0.0
2008-05-30 00:00:00+09:00,809.753539579905,815.891357421875,809.753539579905,815.891357421875,18134200,0.0,0.0
2008-06-02 00:00:00+09:00,815.8911754857866,823.7826538085938,815.8911754857866,823.7826538085938,20868600,0.0,0.0
2008-06-03 00:00:00+09:00,823.7827758789062,823.7827758789062,816.3297119140625,816.3297119140625,16416600,0.0,0.0
2008-06-04 00:00:00+09:00,816.3296510097426,818.0833129882812,816.3296510097426,818.0833129882812,13047600,0.0,0.0
2008-06-05 00:00:00+09:00,839.5657957712147,841.3194580078125,839.5657957712147,841.3194580078125,53080200,0.0,0.0
2008-06-06 00:00:00+09:00,841.3193969726562,841.3193969726562,831.6742553710938,831.6742553710938,20563600,0.0,0.0
2008-06-09 00:00:00+09:00,815.8912963867188,815.8912963867188,814.1376342773438,814.1376342773438,16769400,0.0,0.0
2008-06-10 00:00:00+09:00,814.1376342773438,822.9059448242188,814.1376342773438,822.9059448242188,41503000,0.0,0.0
2008-06-11 00:00:00+09:00,822.9058845279092,832.9894409179688,822.9058845279092,832.9894409179688,29005200,0.0,0.0
2008-06-12 00:00:00+09:00,840.8808568413427,840.8808568413427,823.7826538085938,823.7826538085938,18560600,0.0,0.0
2008-06-13 00:00:00+09:00,822.0292372891405,822.0292372891405,812.3840942382812,812.3840942382812,50502600,0.0,0.0
2008-06-16 00:00:00+09:00,812.8223876953125,824.6596069335938,812.8223876953125,824.6596069335938,16965200,0.0,0.0
2008-06-17 00:00:00+09:00,824.2213106229708,843.9500122070312,824.2213106229708,843.9500122070312,27243200,0.0,0.0
2008-06-18 00:00:00+09:00,843.9497076946757,847.0186157226562,843.9497076946757,847.0186157226562,31081200,0.0,0.0
2008-06-19 00:00:00+09:00,847.0186738467559,847.0186738467559,827.2899780273438,827.2899780273438,17485000,0.0,0.0
2008-06-20 00:00:00+09:00,827.7284540352753,827.7284540352753,820.275390625,820.275390625,14348400,0.0,0.0
2008-06-23 00:00:00+09:00,807.9998168945312,807.9998168945312,807.9998168945312,807.9998168945312,21795800,0.0,0.0
2008-06-24 00:00:00+09:00,807.9997555598568,807.9997555598568,804.0540161132812,804.0540161132812,13883400,0.0,0.0
2008-06-25 00:00:00+09:00,804.0541999553235,804.0541999553235,799.2316284179688,799.2316284179688,12471200,0.0,0.0
2008-06-26 00:00:00+09:00,799.2315670829672,803.1773071289062,799.2315670829672,803.1773071289062,14986600,0.0,0.0
2008-06-27 00:00:00+09:00,803.17724609375,803.17724609375,791.7784423828125,791.7784423828125,17226200,0.0,0.0
2008-06-30 00:00:00+09:00,791.7783808020906,791.7783808020906,784.7637329101562,784.7637329101562,10628800,0.0,0.0
2008-07-01 00:00:00+09:00,784.7637341789396,801.4235229492188,784.7637341789396,801.4235229492188,16192800,0.0,0.0
2008-07-02 00:00:00+09:00,801.4234637556406,813.6990966796875,801.4234637556406,813.6990966796875,25063200,0.0,0.0
2008-07-03 00:00:00+09:00,813.6991592222806,834.3046875,813.6991592222806,834.3046875,30974600,0.0,0.0
2008-07-04 00:00:00+09:00,834.3048096988753,834.3048096988753,832.5511474609375,832.5511474609375,19624000,0.0,0.0
2008-07-07 00:00:00+09:00,832.5511465740748,844.8267822265625,832.5511465740748,844.8267822265625,13902600,0.0,0.0
2008-07-08 00:00:00+09:00,837.2331283384611,837.2331283384611,829.0438232421875,829.0438232421875,20244400,0.0,0.0
2008-07-09 00:00:00+09:00,829.0436423550266,844.38818359375,829.0436423550266,844.38818359375,24760400,0.0,0.0
2008-07-10 00:00:00+09:00,845.26513671875,864.1170043945312,845.26513671875,864.1170043945312,32913400,0.0,0.0
2008-07-11 00:00:00+09:00,864.1169429541364,864.1169429541364,858.4175415039062,858.4175415039062,43405000,0.0,0.0
2008-07-14 00:00:00+09:00,858.4175395080309,858.4175395080309,831.2357788085938,831.2357788085938,19766000,0.0,0.0
2008-07-15 00:00:00+09:00,834.3046868189489,834.3046868189489,825.0979614257812,825.0979614257812,16344200,0.0,0.0
2008-07-16 00:00:00+09:00,825.0980836260941,825.0980836260941,823.3444213867188,823.3444213867188,12070200,0.0,0.0
2008-07-17 00:00:00+09:00,823.3443603515625,836.496826171875,823.3443603515625,836.496826171875,12239400,0.0,0.0
2008-07-18 00:00:00+09:00,836.496826171875,836.496826171875,829.482177734375,829.482177734375,11696800,0.0,0.0
2008-07-22 00:00:00+09:00,832.5511477191507,837.3737188749752,816.3297720131957,829.0438232421875,12965000,0.0,0.0
2008-07-23 00:00:00+09:00,829.9205932617188,833.8663330078125,829.9205932617188,833.8663330078125,12296200,0.0,0.0
2008-07-24 00:00:00+09:00,851.4029541015625,857.1023559570312,851.4029541015625,857.1023559570312,19927600,0.0,0.0
2008-07-25 00:00:00+09:00,857.1022943864789,857.1022943864789,849.6492309570312,849.6492309570312,12237000,0.0,0.0
2008-07-28 00:00:00+09:00,857.9791870117188,861.4865112304688,857.9791870117188,861.4865112304688,15267800,0.0,0.0
2008-07-29 00:00:00+09:00,855.787109375,856.2255249023438,855.787109375,856.2255249023438,11028400,0.0,0.0
2008-07-30 00:00:00+09:00,872.2257506255061,876.8309326171875,872.2257506255061,876.8309326171875,21802400,0.0,0.0
2008-07-31 00:00:00+09:00,876.8310546875,876.8310546875,871.570068359375,871.570068359375,27168400,0.0,0.0
2008-08-01 00:00:00+09:00,872.4468994140625,872.4468994140625,854.4718627929688,854.4718627929688,12275800,0.0,0.0
2008-08-04 00:00:00+09:00,869.3779296875,869.3779296875,869.3779296875,869.3779296875,18512400,0.0,0.0
2008-08-05 00:00:00+09:00,869.3780532395544,869.3780532395544,848.7725219726562,848.7725219726562,16738400,0.0,0.0
2008-08-06 00:00:00+09:00,848.7724024404394,885.5993041992188,848.7724024404394,885.5993041992188,29128200,0.0,0.0
2008-08-07 00:00:00+09:00,879.4615478515625,887.7914428710938,879.4615478515625,887.7914428710938,29517600,0.0,0.0
2008-08-08 00:00:00+09:00,887.3529666385135,892.175537109375,887.3529666385135,892.175537109375,30541800,0.0,0.0
2008-08-11 00:00:00+09:00,898.7518920898438,898.7518920898438,898.7518920898438,898.7518920898438,15819400,0.0,0.0
2008-08-12 00:00:00+09:00,898.7517694181996,898.7517694181996,889.9834594726562,889.9834594726562,13728200,0.0,0.0
2008-08-13 00:00:00+09:00,851.4028935651613,862.3632809694502,850.0876470766467,858.4175415039062,40542200,0.0,0.0
2008-08-14 00:00:00+09:00,856.6638127394356,856.6638127394356,818.9600830078125,818.9600830078125,35142200,0.0,0.0
2008-08-15 00:00:00+09:00,818.9603281365944,818.9603281365944,812.3840942382812,812.3840942382812,13808600,0.0,0.0
2008-08-18 00:00:00+09:00,823.3442383462157,823.7826538085938,823.3442383462157,823.7826538085938,13142000,0.0,0.0
2008-08-19 00:00:00+09:00,823.7827758789062,823.7827758789062,816.3297119140625,816.3297119140625,10152600,0.0,0.0
2008-08-20 00:00:00+09:00,816.3297730477154,816.3297730477154,815.0145263671875,815.0145263671875,8480200,0.0,0.0
2008-08-21 00:00:00+09:00,815.0144653320312,815.0144653320312,793.5321044921875,793.5321044921875,15181200,0.0,0.0
2008-08-22 00:00:00+09:00,793.9705200195312,794.408935546875,793.9705200195312,794.408935546875,8203400,0.0,0.0
2008-08-25 00:00:00+09:00,794.408935546875,798.3546752929688,794.408935546875,798.3546752929688,8063000,0.0,0.0
2008-08-26 00:00:00+09:00,798.3547371777235,798.3547371777235,787.3943481445312,787.3943481445312,9838200,0.0,0.0
2008-08-27 00:00:00+09:00,786.9559323126883,790.9016723632812,786.9559323126883,790.9016723632812,8114800,0.0,0.0
2008-08-28 00:00:00+09:00,791.3400268554688,791.3400268554688,780.379638671875,780.379638671875,9536200,0.0,0.0
2008-08-29 00:00:00+09:00,781.25652961899,796.1626586914062,781.25652961899,796.1626586914062,11796400,0.0,0.0
2008-09-01 00:00:00+09:00,796.1624758542239,797.9161376953125,796.1624758542239,797.9161376953125,7494400,0.0,0.0
2008-09-02 00:00:00+09:00,797.9161979836538,797.9161979836538,788.2710571289062,788.2710571289062,11295200,0.0,0.0
2008-09-03 00:00:00+09:00,788.2712423057038,788.2712423057038,775.1187744140625,775.1187744140625,10813200,0.0,0.0
2008-09-04 00:00:00+09:00,775.1187787022468,775.1187787022468,748.8138427734375,748.8138427734375,14700200,0.0,0.0
2008-09-05 00:00:00+09:00,723.8240356445312,723.8240356445312,715.0557250976562,715.0557250976562,21803400,0.0,0.0
2008-09-08 00:00:00+09:00,715.0557250976562,736.5380859375,715.0557250976562,736.5380859375,14289400,0.0,0.0
2008-09-09 00:00:00+09:00,736.5380859375,736.5380859375,707.6026611328125,707.6026611328125,13532600,0.0,0.0
2008-09-10 00:00:00+09:00,715.4940800353559,720.7550659179688,712.8635870940494,720.7550659179688,13281600,0.0,0.0
2008-09-11 00:00:00+09:00,720.755126953125,739.6069946289062,720.755126953125,739.6069946289062,29412600,0.0,0.0
2008-09-12 00:00:00+09:00,748.8138427734375,748.8138427734375,748.8138427734375,748.8138427734375,33636600,0.0,0.0
2008-09-16 00:00:00+09:00,749.2520715627179,749.2520715627179,707.1641845703125,707.1641845703125,32056000,0.0,0.0
2008-09-17 00:00:00+09:00,710.6713827958855,710.6713827958855,695.7652587890625,695.7652587890625,22553200,0.0,0.0
2008-09-18 00:00:00+09:00,695.7653775766076,695.7653775766076,660.2537231445312,660.2537231445312,32467200,0.0,0.0
2008-09-19 00:00:00+09:00,660.2537841796875,703.218505859375,660.2537841796875,703.218505859375,27919400,0.0,0.0
2008-09-22 00:00:00+09:00,704.0953369140625,704.0953369140625,683.4898071289062,683.4898071289062,20403800,0.0,0.0
2008-09-24 00:00:00+09:00,683.4896210393197,683.4896210393197,672.5292358398438,672.5292358398438,18942000,0.0,0.0
2008-09-25 00:00:00+09:00,672.5294807867456,672.5294807867456,663.7611694335938,663.7611694335938,12121000,0.0,0.0
2008-09-26 00:00:00+09:00,663.7611083984375,663.7611083984375,626.057373046875,626.057373046875,33279000,0.0,0.0
2008-09-29 00:00:00+09:00,626.4957283815077,635.2640380859375,626.4957283815077,635.2640380859375,19440400,0.0,0.0
2008-09-30 00:00:00+09:00,635.7025146484375,635.7025146484375,588.7920532226562,588.7920532226562,25843200,0.0,0.0
2008-10-01 00:00:00+09:00,558.5414428710938,558.5414428710938,558.5414428710938,558.5414428710938,33636200,0.0,0.0
2008-10-02 00:00:00+09:00,558.5413222506585,572.1322021484375,558.5413222506585,572.1322021484375,34239400,0.0,0.0
2008-10-03 00:00:00+09:00,592.7377320687269,594.052978515625,592.7377320687269,594.052978515625,34930600,0.0,0.0
2008-10-06 00:00:00+09:00,594.0530395507812,594.0530395507812,551.9651489257812,551.9651489257812,27437200,0.0,0.0
2008-10-07 00:00:00+09:00,508.12359619140625,539.2510986328125,508.12359619140625,539.2510986328125,25655600,0.0,0.0
2008-10-08 00:00:00+09:00,539.2511970680076,539.2511970680076,501.5474548339844,501.5474548339844,38119200,0.0,0.0
2008-10-09 00:00:00+09:00,544.0736694335938,544.0736694335938,538.8126831054688,538.8126831054688,37658200,0.0,0.0
2008-10-10 00:00:00+09:00,539.2510641322416,539.2510641322416,476.9960632324219,476.9960632324219,52752800,0.0,0.0
2008-10-14 00:00:00+09:00,476.9961226977986,502.8626403808594,476.9961226977986,502.8626403808594,51290600,0.0,0.0
2008-10-15 00:00:00+09:00,504.1779469746715,509.8773498535156,504.1779469746715,509.8773498535156,36800600,0.0,0.0
2008-10-16 00:00:00+09:00,509.87722316024326,509.87722316024326,442.7996520996094,442.7996520996094,41789200,0.0,0.0
2008-10-17 00:00:00+09:00,442.79965381087544,469.1045837402344,442.79965381087544,469.1045837402344,50731600,0.0,0.0
2008-10-20 00:00:00+09:00,469.10455235485784,469.10455235485784,462.5283203125,462.5283203125,35976400,0.0,0.0
2008-10-21 00:00:00+09:00,462.52838134765625,463.40521240234375,462.52838134765625,463.40521240234375,36138600,0.0,0.0
2008-10-22 00:00:00+09:00,463.4051800157171,463.4051800157171,436.6618347167969,436.6618347167969,40324600,0.0,0.0
2008-10-23 00:00:00+09:00,436.66189770820813,436.66189770820813,410.3569641113281,410.3569641113281,47765600,0.0,0.0
2008-10-24 00:00:00+09:00,410.3569677617561,410.3569677617561,366.5154113769531,366.5154113769531,39253600,0.0,0.0
2008-10-27 00:00:00+09:00,366.5153115313986,366.5153115313986,322.67376708984375,322.67376708984375,52811200,0.0,0.0
2008-10-28 00:00:00+09:00,294.00486705452204,294.00486705452204,284.9700927734375,284.9700927734375,82016400,0.0,0.0
2008-10-29 00:00:00+09:00,285.4084818115234,328.8116149902344,285.4084818115234,328.8116149902344,60046000,0.0,0.0
2008-10-30 00:00:00+09:00,372.65325927734375,372.65325927734375,372.65325927734375,372.65325927734375,15561200,0.0,0.0
2008-10-31 00:00:00+09:00,373.968417422646,416.4947204589844,373.968417422646,416.4947204589844,7204800,0.0,0.0
2008-11-04 00:00:00+09:00,473.48873814174107,473.48873814174107,460.3362731933594,460.3362731933594,3322400,0.0,0.0
2008-11-05 00:00:00+09:00,459.897990625,548.01953125,459.897990625,548.01953125,122720600,0.0,0.0
2008-11-06 00:00:00+09:00,548.4577084008919,575.6394653320312,548.4577084008919,575.6394653320312,121697200,0.0,0.0
2008-11-07 00:00:00+09:00,575.6397240420031,575.6397240420031,514.2615356445312,514.2615356445312,97786600,0.0,0.0
2008-11-10 00:00:00+09:00,514.2614135742188,539.2510986328125,514.2614135742188,539.2510986328125,48872200,0.0,0.0
2008-11-11 00:00:00+09:00,539.6893934625219,545.8272094726562,539.6893934625219,545.8272094726562,52001800,0.0,0.0
2008-11-12 00:00:00+09:00,545.8273315429688,633.5104370117188,545.8273315429688,633.5104370117188,135484608,0.0,0.0
2008-11-13 00:00:00+09:00,633.5102953317175,633.5102953317175,545.8272094726562,545.8272094726562,155338800,0.0,0.0
2008-11-14 00:00:00+09:00,545.827267794001,545.827267794001,522.5912475585938,522.5912475585938,110500000,0.0,0.0
2008-11-17 00:00:00+09:00,522.5913673136098,543.1968994140625,522.5913673136098,543.1968994140625,69847600,0.0,0.0
2008-11-18 00:00:00+09:00,543.1968383789062,543.1968383789062,461.65155029296875,461.65155029296875,96835000,0.0,0.0
2008-11-19 00:00:00+09:00,461.6516080897489,487.51812744140625,461.6516080897489,487.51812744140625,110048800,0.0,0.0
2008-11-20 00:00:00+09:00,487.51803530125744,487.51803530125744,478.3113098144531,478.3113098144531,75955400,0.0,0.0
2008-11-21 00:00:00+09:00,478.31128267890966,506.369873046875,478.31128267890966,506.369873046875,65356200,0.0,0.0
2008-11-25 00:00:00+09:00,506.36993408203125,571.69384765625,506.36993408203125,571.69384765625,67150200,0.0,0.0
2008-11-26 00:00:00+09:00,572.1322631835938,572.1322631835938,570.8170166015625,570.8170166015625,55970600,0.0,0.0
2008-11-27 00:00:00+09:00,570.8170166015625,570.8170166015625,564.67919921875,564.67919921875,37224800,0.0,0.0
2008-11-28 00:00:00+09:00,564.67919921875,570.8170166015625,564.67919921875,570.8170166015625,34313800,0.0,0.0
2008-12-01 00:00:00+09:00,570.8170166015625,588.7920532226562,570.8170166015625,588.7920532226562,33485600,0.0,0.0
2008-12-02 00:00:00+09:00,588.7920532226562,588.7920532226562,564.67919921875,564.67919921875,42751600,0.0,0.0
2008-12-03 00:00:00+09:00,564.6791391627675,573.8858642578125,564.6791391627675,573.8858642578125,25636400,0.0,0.0
2008-12-04 00:00:00+09:00,573.8859252929688,573.8859252929688,555.4724731445312,555.4724731445312,38491000,0.0,0.0
2008-12-05 00:00:00+09:00,555.4723515540549,557.6644287109375,555.4723515540549,557.6644287109375,26946000,0.0,0.0
2008-12-08 00:00:00+09:00,557.66455078125,579.5853271484375,557.66455078125,579.5853271484375,30489800,0.0,0.0
2008-12-09 00:00:00+09:00,579.5852061762088,584.84619140625,579.5852061762088,584.84619140625,22950600,0.0,0.0
2008-12-10 00:00:00+09:00,584.8462555669619,616.4121704101562,584.8462555669619,616.4121704101562,65709200,0.0,0.0
2008-12-11 00:00:00+09:00,606.328735307462,606.7671508789062,606.328735307462,606.7671508789062,24121000,0.0,0.0
2008-12-12 00:00:00+09:00,607.2054453329606,617.2890014648438,607.2054453329606,617.2890014648438,69920800,0.0,0.0
2008-12-15 00:00:00+09:00,607.2055053710938,637.8945922851562,607.2055053710938,637.8945922851562,30428400,0.0,0.0
2008-12-16 00:00:00+09:00,637.8944705495122,639.6481323242188,637.8944705495122,639.6481323242188,34429600,0.0,0.0
2008-12-17 00:00:00+09:00,639.6482543945312,639.6482543945312,638.7714233398438,638.7714233398438,27686800,0.0,0.0
2008-12-18 00:00:00+09:00,638.7713634555187,651.0469970703125,638.7713634555187,651.0469970703125,25386800,0.0,0.0
2008-12-19 00:00:00+09:00,651.4853003240694,688.3121948242188,651.4853003240694,688.3121948242188,53896800,0.0,0.0
2008-12-22 00:00:00+09:00,688.3123779296875,722.0703735351562,688.3123779296875,722.0703735351562,40823800,0.0,0.0
2008-12-24 00:00:00+09:00,722.9472675729305,722.9472675729305,700.5880737304688,700.5880737304688,28180800,0.0,0.0
2008-12-25 00:00:00+09:00,676.447597168386,676.4751586914062,676.447597168386,676.4751586914062,18201800,0.0,0.0
2008-12-26 00:00:00+09:00,704.9722888363993,711.9869384765625,698.8344704012566,711.9869384765625,38763200,0.0,0.0
2008-12-29 00:00:00+09:00,700.149657785596,709.3563846569157,700.149657785596,704.9722290039062,38038600,0.0,0.0
2008-12-30 00:00:00+09:00,704.9720455176817,712.4251081879557,699.7110601033706,702.7799682617188,10718400,0.0,0.0
2009-01-05 00:00:00+09:00,715.9325561523438,725.1392822265625,701.0264282226562,703.218505859375,18253800,0.0,0.0
2009-01-06 00:00:00+09:00,689.189208984375,697.95751953125,689.189208984375,697.95751953125,23813600,0.0,0.0
2009-01-07 00:00:00+09:00,678.2286992020862,680.8591918945312,678.2286992020862,680.8591918945312,30438400,0.0,0.0
2009-01-08 00:00:00+09:00,680.8593139648438,680.8593139648438,661.130615234375,661.130615234375,25550800,0.0,0.0
2009-01-09 00:00:00+09:00,662.0075655940282,677.3521118164062,662.0075655940282,677.3521118164062,32950200,0.0,0.0
2009-01-13 00:00:00+09:00,679.982357108791,679.982357108791,659.8152465820312,659.8152465820312,41843800,0.0,0.0
2009-01-14 00:00:00+09:00,659.8153081797235,665.953125,659.8153081797235,665.953125,24129600,0.0,0.0
2009-01-15 00:00:00+09:00,615.5353390935153,615.5353390935153,612.9048461914062,612.9048461914062,60090800,0.0,0.0
2009-01-16 00:00:00+09:00,612.9049072265625,612.9049072265625,609.3975830078125,609.3975830078125,39067600,0.0,0.0
2009-01-19 00:00:00+09:00,609.3976435205566,614.6586303710938,609.3976435205566,614.6586303710938,21791600,0.0,0.0
2009-01-20 00:00:00+09:00,614.6585693359375,614.6585693359375,570.8170166015625,570.8170166015625,35064600,0.0,0.0
2009-01-21 00:00:00+09:00,570.8170166015625,570.8170166015625,569.940185546875,569.940185546875,69722200,0.0,0.0
2009-01-22 00:00:00+09:00,569.940065779776,580.9004516601562,569.940065779776,580.9004516601562,29841000,0.0,0.0
2009-01-23 00:00:00+09:00,580.9004465738932,580.9004465738932,557.6644287109375,557.6644287109375,21921000,0.0,0.0
2009-01-26 00:00:00+09:00,557.6644897940397,558.1029052734375,557.6644897940397,558.1029052734375,20948200,0.0,0.0
2009-01-27 00:00:00+09:00,595.806640625,595.806640625,595.806640625,595.806640625,32423200,0.0,0.0
2009-01-28 00:00:00+09:00,595.8067615927988,606.7671508789062,595.8067615927988,606.7671508789062,27640200,0.0,0.0
2009-01-29 00:00:00+09:00,606.7672102609364,615.0971069335938,606.7672102609364,615.0971069335938,28458800,0.0,0.0
2009-01-30 00:00:00+09:00,615.0969243029388,619.9194946289062,615.0969243029388,619.9194946289062,19570000,0.0,0.0
2009-02-02 00:00:00+09:00,619.9196868247175,619.9196868247175,576.9549560546875,576.9549560546875,24532400,0.0,0.0
2009-02-03 00:00:00+09:00,576.9548942411384,584.407958984375,576.9548942411384,584.407958984375,23393000,0.0,0.0
2009-02-04 00:00:00+09:00,584.4077788278962,598.87548828125,584.4077788278962,598.87548828125,13730200,0.0,0.0
2009-02-05 00:00:00+09:00,598.8757312711034,604.5751342773438,598.8757312711034,604.5751342773438,14923600,0.0,0.0
2009-02-06 00:00:00+09:00,604.5752398405145,648.4168090820312,604.5752398405145,648.4168090820312,51052800,0.0,0.0
2009-02-09 00:00:00+09:00,648.4165649414062,648.4165649414062,624.3037109375,624.3037109375,32061000,0.0,0.0
2009-02-10 00:00:00+09:00,637.4563019272302,642.7172892883904,616.4123524825899,621.67333984375,16277200,0.0,0.0
2009-02-12 00:00:00+09:00,626.057373046875,626.057373046875,613.78173828125,613.78173828125,18752600,0.0,0.0
2009-02-13 00:00:00+09:00,613.7816771587759,613.7816771587759,612.9048461914062,612.9048461914062,16245400,0.0,0.0
2009-02-16 00:00:00+09:00,612.90496778522,617.7275390625,612.90496778522,617.7275390625,15505000,0.0,0.0
2009-02-17 00:00:00+09:00,617.7276053382766,617.7276053382766,592.2994995117188,592.2994995117188,22538200,0.0,0.0
2009-02-18 00:00:00+09:00,595.3682861328125,595.3682861328125,568.6249389648438,568.6249389648438,28475800,0.0,0.0
2009-02-19 00:00:00+09:00,568.6248769737728,568.6248769737728,559.8565673828125,559.8565673828125,18437200,0.0,0.0
2009-02-20 00:00:00+09:00,559.8565659144447,559.8565659144447,546.7041015625,546.7041015625,26365600,0.0,0.0
2009-02-23 00:00:00+09:00,547.580929320774,547.580929320774,519.5223388671875,519.5223388671875,29766800,0.0,0.0
2009-02-24 00:00:00+09:00,519.5223677285626,519.5223677285626,492.7790222167969,492.7790222167969,30527200,0.0,0.0
2009-02-25 00:00:00+09:00,492.77902288079986,503.7394104003906,492.77902288079986,503.7394104003906,24895600,0.0,0.0
2009-02-26 00:00:00+09:00,503.73944091796875,503.73944091796875,500.6705322265625,500.6705322265625,18556400,0.0,0.0
2009-02-27 00:00:00+09:00,500.6705903116862,526.0986938476562,500.6705903116862,526.0986938476562,28181000,0.0,0.0
2009-03-02 00:00:00+09:00,526.098510231433,526.098510231433,523.9064331054688,523.9064331054688,25867200,0.0,0.0
2009-03-03 00:00:00+09:00,523.9066500634808,523.9066500634808,505.4931945800781,505.4931945800781,21728600,0.0,0.0
2009-03-04 00:00:00+09:00,505.49298564029596,525.6600952148438,505.49298564029596,525.6600952148438,22835000,0.0,0.0
2009-03-05 00:00:00+09:00,525.6602778154725,530.04443359375,525.6602778154725,530.04443359375,24308800,0.0,0.0
2009-03-06 00:00:00+09:00,530.0443103397878,530.0443103397878,519.9607543945312,519.9607543945312,28046600,0.0,0.0
2009-03-09 00:00:00+09:00,519.9608780488011,519.9608780488011,506.80841064453125,506.80841064453125,22261200,0.0,0.0
2009-03-10 00:00:00+09:00,513.822998046875,518.2071533203125,510.75408935546875,518.2071533203125,16023200,0.0,0.0
2009-03-11 00:00:00+09:00,518.2070948571402,541.0046997070312,518.2070948571402,541.0046997070312,22743600,0.0,0.0
2009-03-12 00:00:00+09:00,541.0048276909722,541.0048276909722,493.217529296875,493.217529296875,28726200,0.0,0.0
2009-03-13 00:00:00+09:00,493.21746826171875,524.7833862304688,493.21746826171875,524.7833862304688,35158200,0.0,0.0
2009-03-16 00:00:00+09:00,526.0985713677118,526.0985713677118,522.5912475585938,522.5912475585938,17371000,0.0,0.0
2009-03-17 00:00:00+09:00,525.2218619389789,532.6749267578125,525.2218619389789,532.6749267578125,19210800,0.0,0.0
2009-03-18 00:00:00+09:00,532.6749267578125,532.6749267578125,532.6749267578125,532.6749267578125,20729200,0.0,0.0
2009-03-19 00:00:00+09:00,532.6748657226562,537.0590209960938,532.6748657226562,537.0590209960938,18878800,0.0,0.0
2009-03-23 00:00:00+09:00,537.0590209960938,569.5017700195312,537.0590209960938,569.5017700195312,26376000,0.0,0.0
2009-03-24 00:00:00+09:00,569.9400679105471,591.4224243164062,569.9400679105471,591.4224243164062,27222800,0.0,0.0
2009-03-25 00:00:00+09:00,595.3682244618734,595.3682244618734,589.2304077148438,589.2304077148438,19847400,0.0,0.0
2009-03-26 00:00:00+09:00,590.5506961973996,609.4729614257812,590.5506961973996,609.4729614257812,16335800,2.5,0.0
2009-03-27 00:00:00+09:00,610.3529621099407,610.3529621099407,607.712646484375,607.712646484375,14851800,0.0,0.0
2009-03-30 00:00:00+09:00,607.71244664421,607.71244664421,577.7888793945312,577.7888793945312,18475200,0.0,0.0
2009-03-31 00:00:00+09:00,577.7892438074585,577.7892438074585,552.7062377929688,552.7062377929688,20633200,0.0,0.0
2009-04-01 00:00:00+09:00,552.7061746547284,587.4703369140625,552.7061746547284,587.4703369140625,18415800,0.0,0.0
2009-04-02 00:00:00+09:00,607.2726440429688,607.2726440429688,607.2726440429688,607.2726440429688,19302600,0.0,0.0
2009-04-03 00:00:00+09:00,618.7139650162875,622.6744384765625,618.7139650162875,622.6744384765625,23281200,0.0,0.0
2009-04-06 00:00:00+09:00,636.3158984806226,647.7572631835938,636.3158984806226,647.7572631835938,20627600,0.0,0.0
2009-04-07 00:00:00+09:00,647.3175689002755,657.4387817382812,647.3175689002755,657.4387817382812,22066200,0.0,0.0
2009-04-08 00:00:00+09:00,655.6784231035169,673.7205810546875,655.6784231035169,673.7205810546875,39823800,0.0,0.0
2009-04-09 00:00:00+09:00,667.9998381858649,681.201416015625,667.9998381858649,681.201416015625,20290200,0.0,0.0
2009-04-10 00:00:00+09:00,668.4399738888233,669.7601318359375,668.4399738888233,669.7601318359375,19441600,0.0,0.0
2009-04-13 00:00:00+09:00,680.7613461311721,680.7613461311721,670.64013671875,670.64013671875,22581200,0.0,0.0
2009-04-14 00:00:00+09:00,665.7996648739417,667.5598754882812,665.7996648739417,667.5598754882812,16730000,0.0,0.0
2009-04-15 00:00:00+09:00,667.5598253091805,667.9998779296875,667.5598253091805,667.9998779296875,9824800,0.0,0.0
2009-04-16 00:00:00+09:00,667.9998779296875,667.9998779296875,667.9998779296875,667.9998779296875,14178400,0.0,0.0
2009-04-17 00:00:00+09:00,667.9999787392214,674.6007690429688,667.9999787392214,674.6007690429688,12781400,0.0,0.0
2009-04-20 00:00:00+09:00,672.8404773704544,672.8404773704544,661.3991088867188,661.3991088867188,21216000,0.0,0.0
2009-04-21 00:00:00+09:00,659.6387747156101,666.2395629882812,659.6387747156101,666.2395629882812,13402400,0.0,0.0
2009-04-22 00:00:00+09:00,662.2792181643214,664.0394287109375,662.2792181643214,664.0394287109375,9640200,0.0,0.0
2009-04-23 00:00:00+09:00,662.2792243341848,681.6415405273438,662.2792243341848,681.6415405273438,15711800,0.0,0.0
2009-04-24 00:00:00+09:00,667.9998277836211,668.4398803710938,667.9998277836211,668.4398803710938,14390400,0.0,0.0
2009-04-27 00:00:00+09:00,666.6350301372348,666.6350301372348,666.2395629882812,666.2395629882812,13237400,0.0,0.0
2009-04-28 00:00:00+09:00,666.239767348154,666.239767348154,659.6389770507812,659.6389770507812,10260600,0.0,0.0
2009-04-30 00:00:00+09:00,659.6388599420363,682.08154296875,659.6388599420363,682.08154296875,15766400,0.0,0.0
2009-05-01 00:00:00+09:00,712.4452153485254,755.5703735351562,712.4452153485254,755.5703735351562,65045800,0.0,0.0
2009-05-07 00:00:00+09:00,753.1904398777142,803.0961303710938,753.1904398777142,803.0961303710938,42629600,0.0,0.0
2009-05-08 00:00:00+09:00,803.0961087426182,803.0961087426182,802.2160034179688,802.2160034179688,19518000,0.0,0.0
2009-05-11 00:00:00+09:00,802.6560005725986,802.6560005725986,792.5347900390625,792.5347900390625,18290200,0.0,0.0
2009-05-12 00:00:00+09:00,790.0383293439222,792.5347900390625,790.0383293439222,792.5347900390625,18039800,0.0,0.0
2009-05-13 00:00:00+09:00,792.5346832612975,795.6150512695312,792.5346832612975,795.6150512695312,12182200,0.0,0.0
2009-05-14 00:00:00+09:00,795.6152024392212,795.6152024392212,767.0117797851562,767.0117797851562,17572800,0.0,0.0
2009-05-15 00:00:00+09:00,770.5322010348873,770.5322010348873,767.0117797851562,767.0117797851562,21456600,0.0,0.0
2009-05-18 00:00:00+09:00,767.451815648869,767.451815648869,748.9696044921875,748.9696044921875,13095200,0.0,0.0
2009-05-19 00:00:00+09:00,748.9695294259608,765.6915283203125,748.9695294259608,765.6915283203125,13471800,0.0,0.0
2009-05-20 00:00:00+09:00,765.6916218165071,767.0117797851562,765.6916218165071,767.0117797851562,11292000,0.0,0.0
2009-05-21 00:00:00+09:00,767.0116690255545,767.0116690255545,755.1302490234375,755.1302490234375,9941600,0.0,0.0
2009-05-22 00:00:00+09:00,756.4504816339276,756.4504816339276,750.7297973632812,750.7297973632812,10591600,0.0,0.0
2009-05-25 00:00:00+09:00,748.9695294259608,765.6915283203125,748.9695294259608,765.6915283203125,12925800,0.0,0.0
2009-05-26 00:00:00+09:00,765.6916693808582,786.3741455078125,765.6916693808582,786.3741455078125,22799200,0.0,0.0
2009-05-27 00:00:00+09:00,786.3739667255255,789.0142822265625,786.3739667255255,789.0142822265625,22165400,0.0,0.0
2009-05-28 00:00:00+09:00,789.4545283230868,789.4545283230868,774.4927368164062,774.4927368164062,16769000,0.0,0.0
2009-05-29 00:00:00+09:00,774.9327016868921,774.9327016868921,763.4913330078125,763.4913330078125,17326000,0.0,0.0
2009-06-01 00:00:00+09:00,767.011841063066,774.4927368164062,767.011841063066,774.4927368164062,11693400,0.0,0.0
2009-06-02 00:00:00+09:00,778.0130452847262,778.0130452847262,767.4517822265625,767.4517822265625,9765800,0.0,0.0
2009-06-03 00:00:00+09:00,764.8113730407049,766.1315307617188,764.8113730407049,766.1315307617188,7764000,0.0,0.0
2009-06-04 00:00:00+09:00,766.1317041648684,780.6534423828125,766.1317041648684,780.6534423828125,14994000,0.0,0.0
2009-06-05 00:00:00+09:00,781.9734431308528,784.1737060546875,781.9734431308528,784.1737060546875,13808800,0.0,0.0
2009-06-08 00:00:00+09:00,783.293712985131,791.2146606445312,783.293712985131,791.2146606445312,10588800,0.0,0.0
2009-06-09 00:00:00+09:00,820.6980701732947,820.6980701732947,808.816650390625,808.816650390625,40357600,0.0,0.0
2009-06-10 00:00:00+09:00,805.2961218122858,851.0615844726562,805.2961218122858,851.0615844726562,39602800,0.0,0.0
2009-06-11 00:00:00+09:00,843.5807734075582,844.9009311124214,835.2197746100916,839.6203002929688,23175800,0.0,0.0
2009-06-12 00:00:00+09:00,848.4214802785959,858.10263824858,842.7007960236054,849.7416381835938,38464200,0.0,0.0
2009-06-15 00:00:00+09:00,849.741615071955,851.5018255640772,838.7402994961917,841.380615234375,12927000,0.0,0.0
2009-06-16 00:00:00+09:00,823.7785278910023,835.6599489663533,819.3780015667983,819.8180541992188,13463600,0.0,0.0
2009-06-17 00:00:00+09:00,807.9365886476994,813.2172199460505,805.7363256067199,810.576904296875,12889600,0.0,0.0
2009-06-18 00:00:00+09:00,800.8959171228241,804.4163387365509,798.695653614245,802.6561279296875,10784000,0.0,0.0
2009-06-19 00:00:00+09:00,803.0958454498918,803.0958454498918,789.4542173901951,791.6544799804688,14974000,0.0,0.0
2009-06-22 00:00:00+09:00,769.2119400615301,778.4530446046034,768.3318348669517,772.7323608398438,16851200,0.0,0.0
2009-06-23 00:00:00+09:00,750.28955078125,753.3699184384164,749.4094457363453,750.28955078125,15710000,0.0,0.0
2009-06-24 00:00:00+09:00,773.6125451942789,803.5361248718733,772.7324399096437,798.2554931640625,34465000,0.0,0.0
2009-06-25 00:00:00+09:00,811.4569834602048,822.4582983118887,805.2962471432619,807.0564575195312,21923000,0.0,0.0
2009-06-26 00:00:00+09:00,810.5769207822549,824.2185519137695,797.8153948850315,821.13818359375,17469000,0.0,0.0
2009-06-29 00:00:00+09:00,827.2988192376539,840.9404487038067,818.0577154057439,822.0181884765625,20831800,0.0,0.0
2009-06-30 00:00:00+09:00,838.300164412236,840.9404798906997,827.7389024983811,828.178955078125,14020800,0.0,0.0
2009-07-01 00:00:00+09:00,827.2988499186371,837.420059252748,821.1381138022217,828.178955078125,12081400,0.0,0.0
2009-07-02 00:00:00+09:00,822.8985487936396,826.8590230926465,814.0974947958466,822.45849609375,11890200,0.0,0.0
2009-07-03 00:00:00+09:00,803.5360321176464,816.7376098632812,799.5755587939559,816.7376098632812,9587800,0.0,0.0
2009-07-06 00:00:00+09:00,803.5360278980152,821.5781840556376,801.775817541174,814.0972900390625,6941800,0.0,0.0
2009-07-07 00:00:00+09:00,809.6968708669629,818.497923811169,807.9366602781216,811.0170288085938,10557000,0.0,0.0
2009-07-08 00:00:00+09:00,800.0156625815101,804.85624139801,765.6915582463298,771.852294921875,18121400,0.0,0.0
2009-07-09 00:00:00+09:00,763.9312333051922,789.4542814225316,758.6506026602254,769.6519165039062,12725800,0.0,0.0
2009-07-10 00:00:00+09:00,776.2528473593568,776.2528473593568,752.0499524586966,755.5703735351562,16200000,0.0,0.0
2009-07-13 00:00:00+09:00,751.1698185342817,769.2119758628731,734.8878716767724,737.088134765625,12365200,0.0,0.0
2009-07-14 00:00:00+09:00,748.5294407359027,755.5702820361815,741.4885994356237,749.4095458984375,11393800,0.0,0.0
2009-07-15 00:00:00+09:00,739.2883103066887,746.7692039228873,731.3673641248313,733.567626953125,13421400,0.0,0.0
2009-07-16 00:00:00+09:00,759.9708724145912,760.4109250332447,740.1685045751838,744.5690307617188,10588000,0.0,0.0
2009-07-17 00:00:00+09:00,749.4096803303007,769.6521026997627,747.6494696894779,764.8115234375,11070800,0.0,0.0
2009-07-21 00:00:00+09:00,783.2937770936547,793.8550415039062,774.4927234184452,793.8550415039062,12416000,0.0,0.0
2009-07-22 00:00:00+09:00,785.4939096624202,814.5373819524592,784.6138044415098,813.2172241210938,16802600,0.0,0.0
2009-07-23 00:00:00+09:00,811.8969598240608,823.7783787483154,803.9760138745578,816.2974853515625,12715400,0.0,0.0
2009-07-24 00:00:00+09:00,823.3384231542599,825.9787387816921,806.6164241805229,812.7771606445312,11262200,0.0,0.0
2009-07-27 00:00:00+09:00,829.4991877580223,850.1816608745354,822.8983984655182,843.5808715820312,21029600,0.0,0.0
2009-07-28 00:00:00+09:00,846.6611458231289,855.4621972350117,835.6598315582753,842.2606201171875,14525200,0.0,0.0
2009-07-29 00:00:00+09:00,849.7416323489016,897.7073692344688,847.5413691890133,879.2251586914062,48014200,0.0,0.0
2009-07-30 00:00:00+09:00,884.5057645980497,897.70734317414,870.8641334027565,895.507080078125,26222200,0.0,0.0
2009-07-31 00:00:00+09:00,908.7086237677865,917.5096758139637,873.9444681853869,886.7059936523438,26676200,0.0,0.0
2009-08-03 00:00:00+09:00,880.1052078061741,888.9062598842359,869.5439453125,869.5439453125,18423200,0.0,0.0
2009-08-04 00:00:00+09:00,874.8246298360727,882.305524558011,861.182998284303,864.2633666992188,15305200,0.0,0.0
2009-08-05 00:00:00+09:00,870.8640660808119,882.305433295618,862.5030669622998,865.5834350585938,18066600,0.0,0.0
2009-08-06 00:00:00+09:00,877.0250316591333,891.1067180681109,875.2648208580111,882.3056640625,16841200,0.0,0.0
2009-08-07 00:00:00+09:00,884.5059891821633,891.1067801462092,864.2635635590889,874.8248291015625,22384800,0.0,0.0
2009-08-10 00:00:00+09:00,882.305594265606,904.3082275390625,878.785172941853,904.3082275390625,20429800,0.0,0.0
2009-08-11 00:00:00+09:00,904.3082395124663,921.9103463642905,897.7074494430323,919.7100830078125,23625200,0.0,0.0
2009-08-12 00:00:00+09:00,910.9090718389715,917.5098622146162,902.1080180047785,906.508544921875,13816200,0.0,0.0
2009-08-13 00:00:00+09:00,913.1091242570144,917.5096501570482,906.5083354069637,915.3093872070312,9672200,0.0,0.0
2009-08-14 00:00:00+09:00,924.1104938314974,939.5123353953556,915.3094415092926,917.5097045898438,19159200,0.0,0.0
2009-08-17 00:00:00+09:00,917.5097041410557,921.9102303000057,895.5070733463062,897.7073364257812,14583400,0.0,0.0
2009-08-18 00:00:00+09:00,880.1051247883313,895.506964472127,872.1841786652362,893.3067016601562,24297400,0.0,0.0
2009-08-19 00:00:00+09:00,884.5056280517578,888.9061535644531,876.1446295776367,880.1051025390625,14945000,0.0,0.0
2009-08-20 00:00:00+09:00,876.5847042891779,897.7072272840978,874.8244940396013,893.3067016601562,8135400,0.0,0.0
2009-08-21 00:00:00+09:00,882.3053652954102,886.7058908081054,874.3844193725586,880.1051025390625,14769800,0.0,0.0
2009-08-24 00:00:00+09:00,893.3067429969246,902.1077946520668,891.1064800831391,899.9075317382812,8645200,0.0,0.0
2009-08-25 00:00:00+09:00,904.3080909653465,910.9088799504951,884.5057240099011,888.90625,7351200,0.0,0.0
2009-08-26 00:00:00+09:00,893.3068305121527,932.9115668402777,891.1065673828125,930.7113037109375,17674000,0.0,0.0
2009-08-27 00:00:00+09:00,921.9102307509462,928.5110199925997,913.1091784287414,917.5097045898438,14296600,0.0,0.0
2009-08-28 00:00:00+09:00,926.3107019571158,930.7112278571497,908.7085983569806,915.3093872070312,9570800,0.0,0.0
2009-08-31 00:00:00+09:00,928.5110199925997,946.1131246370092,908.7086522676391,917.5097045898438,13902800,0.0,0.0
2009-09-02 00:00:00+09:00,895.5070059107102,906.5083204796379,893.3067429969246,899.9075317382812,9309400,0.0,0.0
2009-09-03 00:00:00+09:00,897.7072688244957,906.5083204796379,888.9062171693536,899.9075317382812,9616400,0.0,0.0
2009-09-04 00:00:00+09:00,904.3080157200103,910.9088041559229,888.9061760362146,893.3067016601562,6582200,0.0,0.0
2009-09-07 00:00:00+09:00,904.3082814633268,908.7088083804232,895.5072276291338,906.508544921875,6648600,0.0,0.0
2009-09-08 00:00:00+09:00,904.3082395124663,919.7100830078125,899.9077127995103,919.7100830078125,8998200,0.0,0.0
2009-09-09 00:00:00+09:00,902.1079642117169,915.3095441757908,899.9077008843713,904.3082275390625,8013200,0.0,0.0
2009-09-10 00:00:00+09:00,910.9088823219046,928.510986328125,906.5083563203494,928.510986328125,11171000,0.0,0.0
2009-09-11 00:00:00+09:00,928.5109649071327,928.5109649071327,910.9088613069974,915.3093872070312,24122000,0.0,0.0
2009-09-14 00:00:00+09:00,915.3093721347799,924.110423789922,897.7072688244957,899.9075317382812,10643400,0.0,0.0
2009-09-15 00:00:00+09:00,904.308097744698,904.308097744698,882.3054676292552,886.7059936523438,8415400,0.0,0.0
2009-09-16 00:00:00+09:00,891.1065196754323,899.9075717216094,884.5057306407995,886.7059936523438,7395600,0.0,0.0
2009-09-17 00:00:00+09:00,897.7072688244957,899.9075317382812,888.9062171693536,899.9075317382812,6104000,0.0,0.0
2009-09-18 00:00:00+09:00,888.90625,897.707301980198,876.5847772277228,888.90625,10600400,0.0,0.0
2009-09-21 00:00:00+09:00,888.90625,888.90625,888.90625,888.90625,0,0.0,0.0
2009-09-24 00:00:00+09:00,876.1447377978274,897.7073154734143,876.1447377978274,884.5057373046875,9300400,0.0,0.0
2009-09-25 00:00:00+09:00,879.2251187609894,882.3054870449369,853.7020672654252,860.3028564453125,14213600,0.0,0.0
2009-09-28 00:00:00+09:00,840.5005032455293,852.3819239720368,837.4201349090274,843.5808715820312,11360000,0.0,0.0
2009-09-29 00:00:00+09:00,849.3014851618275,863.8232204003458,849.3014851618275,862.943115234375,8326800,0.0,0.0
2009-09-30 00:00:00+09:00,866.9037190054011,872.1843507962968,855.4623501251267,868.223876953125,6898200,0.0,0.0
2009-10-01 00:00:00+09:00,865.5835261069053,866.4636313698509,842.2607366388494,851.94189453125,8196000,0.0,0.0
2009-10-02 00:00:00+09:00,836.0999932269004,840.500519507042,831.6994669467589,834.3397827148438,10396200,0.0,0.0
2009-10-05 00:00:00+09:00,834.3398210860946,859.8628746847199,834.3398210860946,853.2620849609375,13118000,0.0,0.0
2009-10-06 00:00:00+09:00,862.9431174879808,882.3054311899039,857.6624864783654,858.1025390625,20357600,0.0,0.0
2009-10-07 00:00:00+09:00,862.5032304203504,869.5440731176593,849.7417030314779,852.3820190429688,13979200,0.0,0.0
2009-10-08 00:00:00+09:00,865.5836289568645,870.8642611619903,859.4228913842178,866.023681640625,9679600,0.0,0.0
2009-10-09 00:00:00+09:00,876.5848174523956,895.507080078125,866.9036598299293,895.507080078125,18688200,0.0,0.0
2009-10-13 00:00:00+09:00,895.507080078125,904.3081324621852,886.7060276940648,895.507080078125,9483600,0.0,0.0
2009-10-14 00:00:00+09:00,893.3069109023343,917.5098075031365,891.1066475749886,904.3082275390625,12789600,0.0,0.0
2009-10-15 00:00:00+09:00,913.1092929383784,921.9103463642905,910.9090295819004,919.7100830078125,8642000,0.0,0.0
2009-10-16 00:00:00+09:00,915.3094618055555,924.1105143229166,904.3081461588541,910.908935546875,7620000,0.0,0.0
2009-10-19 00:00:00+09:00,902.1079969291227,917.5098407791321,893.3069433005459,913.1093139648438,8261600,0.0,0.0
2009-10-20 00:00:00+09:00,917.5097249348959,932.9115668402777,915.3094618055555,930.7113037109375,13509200,0.0,0.0
2009-10-21 00:00:00+09:00,930.711171514977,957.1143253168202,926.3106458813364,954.9140625,23433800,0.0,0.0
2009-10-22 00:00:00+09:00,946.1132132758121,963.7153195693156,943.9129499891242,948.3134765625,16536800,0.0,0.0
2009-10-23 00:00:00+09:00,957.1144814687232,985.7179027539954,957.1144814687232,963.7152709960938,26691800,0.0,0.0
2009-10-26 00:00:00+09:00,968.115824060031,981.3174034790314,959.3147711140307,974.7166137695312,10298400,0.0,0.0
2009-10-27 00:00:00+09:00,979.1170717436692,998.9194394867995,957.1144409179688,957.1144409179688,27837400,0.0,0.0
2009-10-28 00:00:00+09:00,946.113041469029,950.5135672433036,924.1104125976562,924.1104125976562,13206200,0.0,0.0
2009-10-29 00:00:00+09:00,908.7085723876953,935.1117270333426,906.508309500558,924.1104125976562,18714400,0.0,0.0
2009-10-30 00:00:00+09:00,959.3147040005388,959.3147040005388,930.7112839271282,957.1144409179688,19748200,0.0,0.0
2009-11-02 00:00:00+09:00,939.5123358354882,946.113125080234,926.3107573459965,937.3120727539062,12871000,0.0,0.0
2009-11-04 00:00:00+09:00,937.3118833591005,948.3131965440665,928.5108328111278,939.5121459960938,12201400,0.0,0.0
2009-11-05 00:00:00+09:00,932.9115465907424,954.9141774065617,932.9115465907424,937.3120727539062,10437800,0.0,0.0
2009-11-06 00:00:00+09:00,946.1130502290814,948.313313136591,928.5109469690055,941.7125244140625,9538000,0.0,0.0
2009-11-09 00:00:00+09:00,937.3119920850634,948.3133065461557,930.711203408408,943.9127807617188,13242200,0.0,0.0
2009-11-10 00:00:00+09:00,957.1144814687232,981.3173764024151,957.1144814687232,963.7152709960938,20664600,0.0,0.0
2009-11-11 00:00:00+09:00,959.3147779093609,979.1171471781321,954.9142514051896,972.516357421875,11687400,0.0,0.0
2009-11-12 00:00:00+09:00,974.7166276097026,1003.3200500903486,959.3147847355087,970.3161010742188,21737000,0.0,0.0
2009-11-13 00:00:00+09:00,963.715284026071,979.1171264648438,959.314757614993,979.1171264648438,20459400,0.0,0.0
2009-11-16 00:00:00+09:00,983.5175083308122,998.9193485060151,963.7151423912657,965.9154052734375,11918000,0.0,0.0
2009-11-17 00:00:00+09:00,970.3160185230722,972.5162816036234,913.1091784287414,917.5097045898438,20577600,0.0,0.0
2009-11-18 00:00:00+09:00,919.7099131070651,932.9114908071665,904.3080724569468,915.3093872070312,13929800,0.0,0.0
2009-11-19 00:00:00+09:00,921.9103675934206,921.9103675934206,884.5058896719692,913.1093139648438,15209000,0.0,0.0
2009-11-20 00:00:00+09:00,902.1077773576677,939.5122461749369,902.1077773576677,926.3106689453125,12488400,0.0,0.0
2009-11-24 00:00:00+09:00,937.3120723148045,941.7125984759068,917.5097045898438,917.5097045898438,9221800,0.0,0.0
2009-11-25 00:00:00+09:00,908.7086658117906,937.3120862852853,904.3081395850992,932.9115600585938,9239200,0.0,0.0
2009-11-26 00:00:00+09:00,924.1105143229166,946.1131456163195,921.9102511935764,930.7113037109375,8177200,0.0,0.0
2009-11-27 00:00:00+09:00,913.1091986762152,919.7099880642361,886.706041124132,891.1065673828125,21034800,0.0,0.0
2009-11-30 00:00:00+09:00,913.1091986762152,915.3094618055555,906.5084092881945,910.908935546875,8643800,0.0,0.0
2009-12-01 00:00:00+09:00,893.3067321777344,928.5109383719308,891.106469290597,924.1104125976562,13642400,0.0,0.0
2009-12-02 00:00:00+09:00,913.1090981619699,932.9114641462054,908.7085723876953,924.1104125976562,8858800,0.0,0.0
2009-12-03 00:00:00+09:00,930.7113037109375,950.513671875,930.7113037109375,950.513671875,9834200,0.0,0.0
2009-12-04 00:00:00+09:00,954.9142664225639,959.3147929959397,937.3121601290603,948.3134765625,7668200,0.0,0.0
2009-12-07 00:00:00+09:00,950.5135433205832,959.3145946476255,941.7124919935407,952.7138061523438,7878400,0.0,0.0
2009-12-08 00:00:00+09:00,946.1132132758121,959.3147929959397,941.7126867024363,948.3134765625,9126400,0.0,0.0
2009-12-09 00:00:00+09:00,943.9126712700802,946.1129339070733,935.1116207221073,939.5121459960938,7040400,0.0,0.0
2009-12-10 00:00:00+09:00,932.9115668402777,939.5123562282986,921.9102511935764,930.7113037109375,8860200,0.0,0.0
2009-12-11 00:00:00+09:00,943.9127548253012,952.7138061523438,926.3106521712164,952.7138061523438,22946800,0.0,0.0
2009-12-14 00:00:00+09:00,957.114331815865,961.5148574793861,946.1130176570618,952.7138061523438,7021800,0.0,0.0
2009-12-15 00:00:00+09:00,959.3147243923611,959.3147243923611,950.513671875,950.513671875,4783800,0.0,0.0
2009-12-16 00:00:00+09:00,950.5135760441004,954.9141018591195,937.3119985990435,941.7125244140625,6170600,0.0,0.0
2009-12-17 00:00:00+09:00,935.1116207221073,950.5134591810597,935.1116207221073,939.5121459960938,5390600,0.0,0.0
2009-12-18 00:00:00+09:00,939.5123358354882,943.9128619986521,928.5110204275785,937.3120727539062,8418600,0.0,0.0
2009-12-21 00:00:00+09:00,932.9115465907424,941.7125989170702,930.7112835091605,937.3120727539062,3566800,0.0,0.0
2009-12-22 00:00:00+09:00,939.5122549772818,943.9127807617188,935.1117291928449,943.9127807617188,7267200,0.0,0.0
2009-12-24 00:00:00+09:00,937.3121601290603,950.513739849188,937.3121601290603,948.3134765625,8844600,0.0,0.0
2009-12-25 00:00:00+09:00,950.5136919413527,972.5163236992544,946.1131655897724,963.7152709960938,21713200,0.0,0.0
2009-12-28 00:00:00+09:00,965.915567665618,976.9168839260465,959.3147779093609,972.516357421875,9305400,0.0,0.0
2009-12-29 00:00:00+09:00,972.5161454050165,976.9166709498355,954.9140432257401,961.5148315429688,11495600,0.0,0.0
2009-12-30 00:00:00+09:00,957.1143253168202,963.7151137672811,954.9140625,954.9140625,5720200,0.0,0.0
2010-01-04 00:00:00+09:00,954.9141886655021,960.1948201235602,952.713925557978,957.5545043945312,3383800,0.0,0.0
2010-01-05 00:00:00+09:00,965.0353198410174,967.6756353535783,956.6743207179078,959.3146362304688,6214800,0.0,0.0
2010-01-06 00:00:00+09:00,959.3148446649694,968.115898285749,956.6745285787356,962.8352661132812,5451800,0.0,0.0
2010-01-07 00:00:00+09:00,960.6347245179891,978.6768792157616,960.1946719643848,966.3554077148438,6889600,0.0,0.0
2010-01-08 00:00:00+09:00,967.2355827681515,976.9167396475416,947.4332164239446,959.3146362304688,7708400,0.0,0.0
2010-01-12 00:00:00+09:00,954.9142465822546,963.7152995461463,947.8734042111412,962.3951416015625,6044200,0.0,0.0
2010-01-13 00:00:00+09:00,946.5530725578776,971.1960163343729,946.1130199904402,960.1947021484375,10563600,0.0,0.0
2010-01-14 00:00:00+09:00,970.75594116726,1043.8046656612605,968.1156258241034,1042.924560546875,48576600,0.0,0.0
2010-01-15 00:00:00+09:00,1044.684770775646,1054.80597959108,1025.322458259164,1042.924560546875,26400600,0.0,0.0
2010-01-18 00:00:00+09:00,1052.605842567693,1065.3673682509968,1026.642738591316,1038.0841064453125,22862400,0.0,0.0
2010-01-19 00:00:00+09:00,1053.4859835658362,1056.1262993141218,1031.9234049548397,1034.563720703125,11961400,0.0,0.0
2010-01-20 00:00:00+09:00,1044.244912934215,1074.1684924030421,1041.1645444594828,1070.6480712890625,33705600,0.0,0.0
2010-01-21 00:00:00+09:00,1077.6888485016561,1093.5307425588467,1061.8469544444656,1087.81005859375,24019200,0.0,0.0
2010-01-22 00:00:00+09:00,1077.2487599460985,1084.2896015143738,1067.127550191703,1071.528076171875,17509200,0.0,0.0
2010-01-25 00:00:00+09:00,1055.2461749936072,1061.8469642450266,1048.6453857421875,1048.6453857421875,11357000,0.0,0.0
2010-01-26 00:00:00+09:00,1055.2463881548713,1061.84717873966,1015.6416446461398,1017.40185546875,14089000,0.0,0.0
2010-01-27 00:00:00+09:00,1055.2460376579247,1061.8468260502805,1012.5609393873582,1016.0813598632812,12000800,0.0,0.0
2010-01-28 00:00:00+09:00,1032.3632703183303,1035.4436381325793,1014.3211159777286,1031.9232177734375,10644400,0.0,0.0
2010-01-29 00:00:00+09:00,1027.5227616569987,1027.5227616569987,1012.5609741210938,1012.5609741210938,12573200,0.0,0.0
2010-02-01 00:00:00+09:00,1012.1209600169188,1038.5241154956211,1005.960223738555,1036.3238525390625,13695400,0.0,0.0
2010-02-02 00:00:00+09:00,1053.0458479360743,1071.9681093072616,1049.5254272158534,1065.807373046875,19213600,0.0,0.0
2010-02-03 00:00:00+09:00,1076.808698791932,1078.128856575494,1049.5254379316543,1066.2474365234375,14237600,0.0,0.0
2010-02-04 00:00:00+09:00,1066.6875623597925,1075.0485622297742,1053.04593099298,1054.3660888671875,11325000,0.0,0.0
2010-02-05 00:00:00+09:00,1016.5214188893636,1031.9232585695056,1004.1999471452501,1013.881103515625,15903400,0.0,0.0
2010-02-08 00:00:00+09:00,1008.1606571348605,1011.2410257948098,985.7179711838006,988.79833984375,9572600,0.0,0.0
2010-02-09 00:00:00+09:00,981.3174558391108,1007.720616085903,981.3174558391108,996.7192993164062,9312400,0.0,0.0
2010-02-10 00:00:00+09:00,1005.5202709087056,1010.8009025283574,981.3173759853013,983.5176391601562,9858000,0.0,0.0
2010-02-12 00:00:00+09:00,990.9986323373922,1000.6797912678641,985.2779475148407,994.9591064453125,6418400,0.0,0.0
2010-02-15 00:00:00+09:00,994.0788138988013,1000.2395502399182,990.9984457282428,992.318603515625,4785800,0.0,0.0
2010-02-16 00:00:00+09:00,1000.2394173009473,1016.961413718649,994.5187343159441,1004.1998901367188,7655200,0.0,0.0
2010-02-17 00:00:00+09:00,1023.1223524605554,1034.563720703125,1017.8417209639847,1034.563720703125,11907000,0.0,0.0
2010-02-18 00:00:00+09:00,1036.7639377584287,1045.1249372564805,1034.5636747326255,1037.64404296875,8076400,0.0,0.0
2010-02-19 00:00:00+09:00,1039.404093121354,1041.6043558078936,1003.7598375994108,1004.1998901367188,10990800,0.0,0.0
2010-02-22 00:00:00+09:00,1024.0025083979424,1041.6046142578125,1020.4820872259685,1041.6046142578125,11231000,0.0,0.0
2010-02-23 00:00:00+09:00,1031.9233996185933,1046.8851887815067,1031.043294373716,1044.244873046875,7608200,0.0,0.0
2010-02-24 00:00:00+09:00,1032.3634385108132,1039.8443329927757,1022.6822809459208,1028.843017578125,9401800,0.0,0.0
2010-02-25 00:00:00+09:00,1028.842956912879,1033.243482819264,1013.0010636498918,1016.521484375,6653400,0.0,0.0
2010-02-26 00:00:00+09:00,1015.6414416698001,1028.4029675833287,1014.3212838166764,1024.00244140625,6027400,0.0,0.0
2010-03-01 00:00:00+09:00,1013.0009983910455,1017.8415765762329,1006.8402625189888,1013.881103515625,7345000,0.0,0.0
2010-03-02 00:00:00+09:00,1007.2803907538843,1019.6018634236565,1007.2803907538843,1016.9615478515625,5209000,0.0,0.0
2010-03-03 00:00:00+09:00,1007.2804255615977,1019.6018986571523,1007.2804255615977,1013.441162109375,5886200,0.0,0.0
2010-03-04 00:00:00+09:00,1022.6823722002669,1033.6836885965693,1012.5611611156687,1015.2014770507812,9158200,0.0,0.0
2010-03-05 00:00:00+09:00,1019.1618517992932,1027.0827988340027,1016.9615887340962,1023.5623779296875,12920400,0.0,0.0
2010-03-08 00:00:00+09:00,1027.5227179414483,1033.2434011676748,1016.9614566007225,1023.1221923828125,16498000,0.0,0.0
2010-03-09 00:00:00+09:00,1020.4819137399086,1020.4819137399086,1002.4397583007812,1002.4397583007812,10397400,0.0,0.0
2010-03-10 00:00:00+09:00,1001.5598742359988,1004.2001902489233,986.5980834960938,986.5980834960938,11640200,0.0,0.0
2010-03-11 00:00:00+09:00,994.5187423719523,998.9192677806777,987.4779017179916,997.1590576171875,10754600,0.0,0.0
2010-03-12 00:00:00+09:00,1012.1211215905976,1013.441279575281,993.6389098050302,1003.320068359375,28029400,0.0,0.0
2010-03-15 00:00:00+09:00,1010.3607045911299,1011.680862306188,1001.9997057290952,1002.4397583007812,5998400,0.0,0.0
2010-03-16 00:00:00+09:00,1005.5203527320036,1009.9208794398023,996.2792466456264,996.7192993164062,5157000,0.0,0.0
2010-03-17 00:00:00+09:00,997.5991843736317,1008.1604461402693,997.1591318000219,1005.080078125,7912800,0.0,0.0
2010-03-18 00:00:00+09:00,998.9193857918799,1002.4398065347588,992.318596898982,994.5188598632812,4884400,0.0,0.0
2010-03-19 00:00:00+09:00,996.7190658119346,997.5991709473093,979.5570156721265,984.837646484375,8879000,0.0,0.0
2010-03-23 00:00:00+09:00,968.1158025287364,978.6770658290499,965.475486703658,973.8364868164062,8980000,0.0,0.0
2010-03-24 00:00:00+09:00,974.7164721579903,977.7968402415596,967.2355782407507,968.9957885742188,15066800,0.0,0.0
2010-03-25 00:00:00+09:00,970.3161425939636,974.2766166453675,948.3135089750529,949.6336669921875,11309600,0.0,0.0
2010-03-26 00:00:00+09:00,961.5148838157876,981.7573024224358,953.1538848260851,980.877197265625,18278800,0.0,0.0
2010-03-29 00:00:00+09:00,986.1815799860044,1022.4285049339436,986.1815799860044,1021.54443359375,18463000,5.0,0.0
2010-03-30 00:00:00+09:00,1021.5445365509773,1035.6896794197057,1019.3343579777385,1021.986572265625,12621000,0.0,0.0
2010-03-31 00:00:00+09:00,1030.3851778442013,1031.7112848941938,1018.0081787109375,1018.0081787109375,9417000,0.0,0.0
2010-04-01 00:00:00+09:00,1031.7113830644357,1038.3419189453125,1019.3343827534655,1038.3419189453125,14756600,0.0,0.0
2010-04-02 00:00:00+09:00,1031.7113493437232,1044.0883492501603,1019.334349437286,1033.4794921875,8916800,0.0,0.0
2010-04-05 00:00:00+09:00,1031.7115072701101,1031.7115072701101,992.3703229740348,993.25439453125,22012200,0.0,0.0
2010-04-06 00:00:00+09:00,1031.711269505312,1031.711269505312,972.9205244992253,998.55859375,19923200,0.0,0.0
2010-04-07 00:00:00+09:00,1000.7687950488584,1004.7471162305897,990.1599385642415,999.4426879882812,18099000,0.0,0.0
2010-04-08 00:00:00+09:00,991.0440178992765,999.4426960170669,986.6236609951761,987.9497680664062,11086600,0.0,0.0
2010-04-09 00:00:00+09:00,997.6747474288109,1014.4721069335938,995.022532770161,1014.4721069335938,38170200,0.0,0.0
2010-04-12 00:00:00+09:00,1006.957449041469,1009.609663569234,993.6963764026438,995.9065551757812,11621800,0.0,0.0
2010-04-13 00:00:00+09:00,991.0440254398671,998.5586322340142,979.9931330955332,990.6019897460938,10560200,0.0,0.0
2010-04-14 00:00:00+09:00,987.9499878922129,991.4862742023416,975.5729858067624,978.667236328125,10561200,0.0,0.0
2010-04-15 00:00:00+09:00,983.9714891588366,991.0440605094841,980.4352034835129,981.3192749023438,7931800,0.0,0.0
2010-04-16 00:00:00+09:00,975.572804797059,977.7829833308085,956.5652694068127,957.4493408203125,15844200,0.0,0.0
2010-04-19 00:00:00+09:00,940.209988617209,969.8263822407882,939.7679528914839,964.9639892578125,15322600,0.0,0.0
2010-04-20 00:00:00+09:00,954.7971977621822,964.0799482959812,937.5578039136984,938.8839111328125,16415600,0.0,0.0
2010-04-21 00:00:00+09:00,952.1449749704377,953.0290464420908,934.4635455373748,943.3042602539062,11688400,0.0,0.0
2010-04-22 00:00:00+09:00,932.695397238695,934.9055759051374,915.4560036404442,926.5068969726562,13828000,0.0,0.0
2010-04-23 00:00:00+09:00,926.5068053038855,940.2099116800402,920.3183056501381,930.0430908203125,13734200,0.0,0.0
2010-04-26 00:00:00+09:00,944.6303530257824,967.6162109375,942.8622101094963,967.6162109375,16927800,0.0,0.0
2010-04-27 00:00:00+09:00,968.9423863717255,990.1601028616174,964.0799930094587,970.2684936523438,20009800,0.0,0.0
2010-04-28 00:00:00+09:00,949.0505866105549,952.144836310729,936.2315521384049,937.9996948242188,21587600,0.0,0.0
2010-04-30 00:00:00+09:00,949.9347045319905,950.3767402251185,927.8329198755924,932.6953125,10544600,0.0,0.0
2010-05-06 00:00:00+09:00,906.1733072955905,918.5503085659692,902.1949854586829,916.7821655273438,16868200,0.0,0.0
2010-05-07 00:00:00+09:00,884.0714164402174,915.455951723845,882.745309315557,915.013916015625,19988400,0.0,0.0
2010-05-10 00:00:00+09:00,941.9782076838718,957.449459335179,938.4419215921445,956.1233520507812,20789200,0.0,0.0
2010-05-11 00:00:00+09:00,978.2251617697498,981.7614479397263,958.3335520636319,964.0800170898438,28507800,0.0,0.0
2010-05-12 00:00:00+09:00,951.7028829086497,985.7396325528514,950.3767757796548,974.2467041015625,17699400,0.0,0.0
2010-05-13 00:00:00+09:00,987.9499875684962,1010.9358485768013,985.73980862539,1009.6097412109375,21535800,0.0,0.0
2010-05-14 00:00:00+09:00,992.3701702380127,1009.609562950388,990.1599916851441,996.79052734375,14814000,0.0,0.0
2010-05-17 00:00:00+09:00,991.9282976242403,1003.4212279888704,974.2468662940399,981.761474609375,27785600,0.0,0.0
2010-05-18 00:00:00+09:00,988.3920796483849,999.885010807087,977.7832201172752,984.4137573242188,18218600,0.0,0.0
2010-05-19 00:00:00+09:00,972.0366994966337,983.529630004552,964.0800552988441,978.667236328125,9571600,0.0,0.0
2010-05-20 00:00:00+09:00,979.1091738614169,987.0658172607423,968.5003159956499,972.4786376953125,9664800,0.0,0.0
2010-05-21 00:00:00+09:00,948.1668069637357,968.9424899135239,945.9566279265242,955.2393798828125,13889200,0.0,0.0
2010-05-24 00:00:00+09:00,948.1666179046277,968.942296711862,945.9564393081134,952.5869750976562,10136000,0.0,0.0
2010-05-25 00:00:00+09:00,946.8405985929528,949.0507773945236,905.2892371234208,909.7095947265625,12202200,0.0,0.0
2010-05-26 00:00:00+09:00,928.2750220272128,949.4927368164062,918.9922718069407,949.4927368164062,14707200,0.0,0.0
2010-05-27 00:00:00+09:00,928.7170577519877,953.0290226146052,928.2750220272128,949.4927368164062,10663800,0.0,0.0
2010-05-28 00:00:00+09:00,965.8480707804362,984.8556071848109,959.659570555756,976.014892578125,15681800,0.0,0.0
2010-05-31 00:00:00+09:00,971.5946252010439,980.4353406259851,962.7539097761027,964.0800170898438,12163400,0.0,0.0
2010-06-01 00:00:00+09:00,965.4061158396566,977.7831173247804,955.239293191162,968.5003662109375,8958400,0.0,0.0
2010-06-02 00:00:00+09:00,968.50040974438,992.8123780401085,964.5220876596245,977.3411254882812,13909600,0.0,0.0
2010-06-03 00:00:00+09:00,994.5803809103704,1015.798095703125,991.928166561276,1015.798095703125,21251400,0.0,0.0
2010-06-04 00:00:00+09:00,1011.8197571641336,1018.8923286427821,991.9281498804351,995.0223999023438,15527400,0.0,0.0
2010-06-07 00:00:00+09:00,976.8989915114182,985.7397063667252,964.0799549712232,971.1525268554688,15336800,0.0,0.0
2010-06-08 00:00:00+09:00,968.9424267078327,998.5588238745411,968.0583551506176,993.25439453125,14448800,0.0,0.0
2010-06-09 00:00:00+09:00,993.6964528205724,1010.9358485768013,992.3703454547087,1009.6097412109375,17487800,0.0,0.0
2010-06-10 00:00:00+09:00,1016.6822980333875,1018.4504411604021,996.7906878544734,1011.3778686523438,11037600,0.0,0.0
2010-06-11 00:00:00+09:00,1024.6388203772399,1030.8273205865933,1016.6821772509281,1026.8489990234375,35039400,0.0,0.0
2010-06-14 00:00:00+09:00,1033.4796544295714,1043.204441597001,1030.3854039672074,1040.9942626953125,12259000,0.0,0.0
2010-06-15 00:00:00+09:00,1043.6460691814182,1052.9288169377967,1035.2473926399327,1047.6243896484375,11157800,0.0,0.0
2010-06-16 00:00:00+09:00,1060.8859930252495,1067.07449465123,1058.6758138731134,1063.5382080078125,12921400,0.0,0.0
2010-06-17 00:00:00+09:00,1062.2116552613463,1074.588653325149,1056.4651918745808,1071.0523681640625,13265000,0.0,0.0
2010-06-18 00:00:00+09:00,1078.1252806930297,1101.9952131068974,1073.2628870531676,1099.7850341796875,25964600,0.0,0.0
2010-06-21 00:00:00+09:00,1104.6472905517971,1113.9300408925685,1084.3136469482026,1094.48046875,24395000,0.0,0.0
2010-06-22 00:00:00+09:00,1083.8714260497752,1108.1833870745456,1083.4293903947794,1093.1541748046875,15993800,0.0,0.0
2010-06-23 00:00:00+09:00,1087.8501085849268,1090.944359198537,1074.1469987246535,1076.357177734375,9938600,0.0,0.0
2010-06-24 00:00:00+09:00,1075.9149406454442,1114.3720482198705,1074.5888334877054,1106.4154052734375,20425600,0.0,0.0
2010-06-25 00:00:00+09:00,1103.3210795454545,1109.0675435014205,1090.0600088778408,1094.038330078125,17831400,0.0,0.0
2010-06-28 00:00:00+09:00,1098.0165425173468,1098.4585781624826,1068.4001542932476,1071.0523681640625,9399200,0.0,0.0
2010-06-29 00:00:00+09:00,1075.4729505482287,1095.364558758122,1063.0959498842951,1071.49462890625,17229400,0.0,0.0
2010-06-30 00:00:00+09:00,1049.8350377527283,1060.443897081598,1044.972643893663,1048.06689453125,14794000,0.0,0.0
2010-07-01 00:00:00+09:00,1016.6820294216342,1024.1966357260549,1000.7687454828607,1003.4209594726562,25404200,0.0,0.0
2010-07-02 00:00:00+09:00,1024.1966590881348,1025.5227661132812,1004.7470893859863,1018.4501953125,15003000,0.0,0.0
2010-07-05 00:00:00+09:00,1032.1534204133172,1038.7839563046234,1018.8923486307051,1024.19677734375,6262800,0.0,0.0
2010-07-06 00:00:00+09:00,1010.0515364109823,1031.7112848941938,1008.7254293609898,1018.0081787109375,10674200,0.0,0.0
2010-07-07 00:00:00+09:00,1010.935871247753,1015.3562292330952,1002.0951552770687,1010.4938354492188,10124800,0.0,0.0
2010-07-08 00:00:00+09:00,1034.8053570324862,1047.6243896484375,1029.0588941356802,1047.6243896484375,10933000,0.0,0.0
2010-07-09 00:00:00+09:00,1067.5162040259834,1087.8498460074306,1051.6029189970245,1085.1976318359375,18001000,0.0,0.0
2010-07-12 00:00:00+09:00,1074.5887602073367,1088.7339022586057,1074.1467245182346,1079.8931884765625,9606600,0.0,0.0
2010-07-13 00:00:00+09:00,1079.8933298391746,1104.647331669299,1079.4512940922082,1101.9951171875,16100600,0.0,0.0
2010-07-14 00:00:00+09:00,1110.393592816235,1112.161735479955,1100.2267724998444,1109.509521484375,19355600,0.0,0.0
2010-07-15 00:00:00+09:00,1111.7195950286316,1132.053233744861,1110.8355237800997,1128.958984375,31005800,0.0,0.0
2010-07-16 00:00:00+09:00,1124.9808402038277,1140.0100537861185,1087.4078062481008,1090.944091796875,26322000,0.0,0.0
2010-07-21 00:00:00+09:00,1110.8358563495865,1120.1186072383018,1092.7123903287616,1095.806640625,14102400,0.0,0.0
2010-07-22 00:00:00+09:00,1091.828208849268,1098.0167088184542,1086.0817445921666,1092.7122802734375,8252400,0.0,0.0
2010-07-23 00:00:00+09:00,1107.741629644494,1115.6982734328421,1105.0894150483778,1112.1619873046875,10739600,0.0,0.0
2010-07-26 00:00:00+09:00,1140.4522200059102,1159.0177212618205,1118.3504327964934,1121.88671875,30991600,0.0,0.0
2010-07-27 00:00:00+09:00,1133.8213651359943,1147.5244693540121,1122.7704746375928,1132.05322265625,18741800,0.0,0.0
2010-07-28 00:00:00+09:00,1144.8727408854168,1162.1121373697918,1137.80016796875,1160.343994140625,22597200,0.0,0.0
2010-07-29 00:00:00+09:00,1153.7131771021495,1157.6914984025018,1143.5463560012495,1147.0826416015625,14725200,0.0,0.0
2010-07-30 00:00:00+09:00,1132.937567528258,1154.5973181364845,1131.6114603481624,1142.662353515625,18331800,0.0,0.0
2010-08-02 00:00:00+09:00,1140.0100704009362,1157.6914984025018,1140.0100704009362,1147.0826416015625,11747600,0.0,0.0
2010-08-03 00:00:00+09:00,1157.691628848805,1160.343843347886,1122.770804610907,1127.191162109375,14584200,0.0,0.0
2010-08-04 00:00:00+09:00,1127.6330841596455,1133.8215840335126,1108.625548832768,1115.6981201171875,14677200,0.0,0.0
2010-08-05 00:00:00+09:00,1129.401340858609,1132.4955911075367,1113.4880538641237,1127.191162109375,8296600,0.0,0.0
2010-08-06 00:00:00+09:00,1111.7198796494815,1124.5389160351017,1090.0601285151577,1108.18359375,18170000,0.0,0.0
2010-08-09 00:00:00+09:00,1096.2486359990548,1116.140244313554,1092.270314336155,1110.8358154296875,9675000,0.0,0.0
2010-08-10 00:00:00+09:00,1111.7196581547803,1128.0749771813119,1106.8572660117575,1116.1400146484375,10620000,0.0,0.0
2010-08-11 00:00:00+09:00,1113.0459722178732,1124.9809369715995,1100.6689717325276,1102.879150390625,9771600,0.0,0.0
2010-08-12 00:00:00+09:00,1082.1033669220733,1088.2918665695036,1067.0741534926,1079.8931884765625,13917200,0.0,0.0
2010-08-13 00:00:00+09:00,1078.567300935465,1097.1328036564853,1076.3571220401054,1086.0819091796875,13821000,0.0,0.0
2010-08-16 00:00:00+09:00,1071.9366933785232,1083.4296228745404,1069.726514629289,1082.103515625,5899800,0.0,0.0
2010-08-17 00:00:00+09:00,1071.0524368128042,1072.820579506676,1059.11747362917,1066.632080078125,9564000,0.0,0.0
2010-08-18 00:00:00+09:00,1073.7048844266528,1077.6832063533056,1059.5597397985537,1069.7265625,8453800,0.0,0.0
2010-08-19 00:00:00+09:00,1073.262835806661,1096.2486955521085,1071.9367285136545,1095.3646240234375,11107200,0.0,0.0
2010-08-20 00:00:00+09:00,1095.364730786826,1124.5390940765478,1085.1979072161653,1121.0028076171875,21624800,0.0,0.0
2010-08-23 00:00:00+09:00,1121.4445546550535,1132.0534113013764,1089.1759490224879,1090.944091796875,16696400,0.0,0.0
2010-08-24 00:00:00+09:00,1078.1249384862354,1083.429366227865,1067.516083002976,1071.0523681640625,13511200,0.0,0.0
2010-08-25 00:00:00+09:00,1063.096171308373,1080.777604511007,1050.277132236463,1055.1395263671875,13053600,0.0,0.0
2010-08-26 00:00:00+09:00,1071.936624897894,1086.5238037109375,1065.7481247953906,1086.5238037109375,13781800,0.0,0.0
2010-08-27 00:00:00+09:00,1084.313778250558,1086.0819213867187,1070.6106689453125,1082.9876708984375,9147200,0.0,0.0
2010-08-30 00:00:00+09:00,1098.4587667074547,1112.161874058735,1094.4804452183735,1100.6689453125,10002200,0.0,0.0
2010-08-31 00:00:00+09:00,1085.1978657998172,1088.292116333666,1064.8642194345255,1065.748291015625,10277600,0.0,0.0
2010-09-01 00:00:00+09:00,1060.8857101690573,1078.567138671875,1052.487031630219,1078.567138671875,9688800,0.0,0.0
2010-09-02 00:00:00+09:00,1092.270156942354,1096.2484780319865,1057.7913741655416,1069.2843017578125,8989000,0.0,0.0
2010-09-03 00:00:00+09:00,1066.632414674818,1079.0094174145177,1059.559841680704,1070.168701171875,9116400,0.0,0.0
2010-09-06 00:00:00+09:00,1073.2627101210296,1084.3136029352906,1072.3786386958889,1078.567138671875,6640200,0.0,0.0
2010-09-07 00:00:00+09:00,1073.2628415541503,1074.1469130875557,1063.0960189199882,1067.0743408203125,7622000,0.0,0.0
2010-09-08 00:00:00+09:00,1063.5382071384388,1075.9152103802826,1050.719168066529,1055.1395263671875,12453200,0.0,0.0
2010-09-09 00:00:00+09:00,1061.3276293754186,1074.1466636327643,1056.9072727349544,1072.820556640625,10638800,0.0,0.0
2010-09-10 00:00:00+09:00,1084.755905601061,1098.9010518843675,1071.9368667818146,1094.9227294921875,23641400,0.0,0.0
2010-09-13 00:00:00+09:00,1096.690931769693,1115.6984731103205,1094.9227883891695,1110.39404296875,12996000,0.0,0.0
2010-09-14 00:00:00+09:00,1117.9084232643838,1127.1911741099955,1114.8141729825131,1124.096923828125,12463200,0.0,0.0
2010-09-16 00:00:00+09:00,1162.5543469536924,1165.206562193891,1145.314947892402,1156.3658447265625,17775600,0.0,0.0
2010-09-17 00:00:00+09:00,1162.5540642511278,1189.5182459695,1160.343885421753,1188.192138671875,31622200,0.0,0.0
2010-09-21 00:00:00+09:00,1193.4964644585039,1203.2212504652027,1183.771678451805,1187.75,19440000,0.0,0.0
2010-09-22 00:00:00+09:00,1187.7499748949733,1197.4747606961232,1171.3946533203125,1171.3946533203125,15796000,0.0,0.0
2010-09-24 00:00:00+09:00,1151.9453003020042,1202.3373817426905,1149.7351212914477,1194.3807373046875,22878000,0.0,0.0
2010-09-27 00:00:00+09:00,1195.2646652193785,1213.3881309272167,1193.0544864745202,1208.9677734375,16911200,0.0,0.0
2010-09-28 00:00:00+09:00,1208.9677879718363,1209.409823726122,1189.5182147832581,1191.7283935546875,11412400,0.0,0.0
2010-09-29 00:00:00+09:00,1206.7576066629626,1215.5983217300907,1199.6850346092604,1205.87353515625,15308200,0.0,0.0
2010-09-30 00:00:00+09:00,1207.1998291015625,1221.3449753964178,1197.9170768455635,1207.1998291015625,17564800,0.0,0.0
2010-10-01 00:00:00+09:00,1215.1563237169298,1237.7001478382697,1213.3881806485895,1227.5333251953125,22163400,0.0,0.0
2010-10-04 00:00:00+09:00,1232.8377184734197,1235.4899329986406,1211.6200022716544,1214.272216796875,12171800,0.0,0.0
2010-10-05 00:00:00+09:00,1210.2937627003353,1215.1561554650189,1192.1702987592419,1203.22119140625,18147000,0.0,0.0
2010-10-06 00:00:00+09:00,1220.4608877789979,1232.837890625,1211.620171460425,1232.837890625,20176000,0.0,0.0
2010-10-07 00:00:00+09:00,1224.4390900349251,1230.627590850986,1208.525802222197,1210.2939453125,17626200,0.0,0.0
2010-10-08 00:00:00+09:00,1211.6199879313301,1223.554953153565,1205.4314874457268,1208.9677734375,15494000,0.0,0.0
2010-10-12 00:00:00+09:00,1206.31573927407,1206.757775089121,1168.3006591796875,1168.3006591796875,19257000,0.0,0.0
2010-10-13 00:00:00+09:00,1186.8661897780312,1186.8661897780312,1168.3006851334587,1170.5108642578125,7135600,0.0,0.0
2010-10-14 00:00:00+09:00,1173.604617852031,1220.9024310761995,1171.8364753015949,1216.0400390625,17611800,0.0,0.0
2010-10-15 00:00:00+09:00,1206.7573474067788,1223.9967380840185,1202.779026481262,1214.7139892578125,10966000,0.0,0.0
2010-10-18 00:00:00+09:00,1212.503821895764,1223.5547134551496,1196.1485023878738,1197.474609375,9678200,0.0,0.0
2010-10-19 00:00:00+09:00,1188.1921487603306,1197.9169356921486,1172.2788610537189,1176.69921875,12018600,0.0,0.0
2010-10-20 00:00:00+09:00,1165.6482051486753,1168.7424552192253,1155.4813834882962,1162.553955078125,11011600,0.0,0.0
2010-10-21 00:00:00+09:00,1167.4163772364532,1184.6557709177184,1156.8075195864437,1173.162841796875,9763600,0.0,0.0
2010-10-22 00:00:00+09:00,1169.626365867821,1180.2352217940597,1153.2710463148696,1177.5830078125,8067000,0.0,0.0
2010-10-25 00:00:00+09:00,1187.7500769432554,1193.4965417740193,1162.99607459535,1163.4381103515625,14060000,0.0,0.0
2010-10-26 00:00:00+09:00,1163.4381103515625,1175.3730757693027,1159.9018243018616,1163.4381103515625,8568000,0.0,0.0
2010-10-27 00:00:00+09:00,1181.5612142841467,1182.0032499049041,1165.6479319368855,1180.235107421875,8094200,0.0,0.0
2010-10-28 00:00:00+09:00,1182.0038540066753,1182.0038540066753,1167.8587069131027,1169.184814453125,8369600,0.0,0.0
2010-10-29 00:00:00+09:00,1182.0036865234374,1182.0036865234374,1144.8726806640625,1144.8726806640625,17143200,0.0,0.0
2010-11-01 00:00:00+09:00,1138.241941086275,1146.640619486523,1112.1618344749777,1115.6981201171875,25055400,0.0,0.0
2010-11-02 00:00:00+09:00,1114.372013001359,1126.749012749093,1108.1835131274918,1115.6981201171875,13544800,0.0,0.0
2010-11-04 00:00:00+09:00,1149.2930385044642,1175.815185546875,1141.3363943917411,1175.815185546875,18674200,0.0,0.0
2010-11-05 00:00:00+09:00,1193.4963993805886,1206.3154347813431,1184.6556853111028,1186.423828125,17721800,0.0,0.0
2010-11-08 00:00:00+09:00,1193.054252751246,1203.2210729858805,1188.6338961274917,1197.474609375,9396000,0.0,0.0
2010-11-09 00:00:00+09:00,1201.4533049709958,1245.6568849920036,1200.1271975703655,1239.4683837890625,46082400,0.0,0.0
2010-11-10 00:00:00+09:00,1249.63523043119,1280.5777370212795,1245.2148723468915,1264.222412109375,33609200,0.0,0.0
2010-11-11 00:00:00+09:00,1272.620643570641,1273.9467505281652,1260.685680952924,1271.736572265625,13770800,0.0,0.0
2010-11-12 00:00:00+09:00,1271.2947172504507,1273.062860111717,1256.2655029296875,1256.2655029296875,15105600,0.0,0.0
2010-11-15 00:00:00+09:00,1261.5703053371608,1270.8530581094385,1240.7946205611108,1250.5194091796875,11403200,0.0,0.0
2010-11-16 00:00:00+09:00,1259.8015406085815,1266.4320750328372,1251.402863671191,1262.01171875,15227200,0.0,0.0
2010-11-17 00:00:00+09:00,1246.5408050310734,1255.3815199603719,1243.0045190593542,1251.4031982421875,9397800,0.0,0.0
2010-11-18 00:00:00+09:00,1257.5916708601671,1285.8819580078125,1257.1496351234853,1285.8819580078125,18540000,0.0,0.0
2010-11-19 00:00:00+09:00,1301.7953804589238,1303.1214878074388,1281.9037702311985,1282.787841796875,14933200,0.0,0.0
2010-11-22 00:00:00+09:00,1295.164863089371,1297.8170778260728,1275.2732525641077,1282.3458251953125,8917000,0.0,0.0
2010-11-24 00:00:00+09:00,1262.4541269406006,1313.2882391948617,1262.012091181868,1309.751953125,25846000,0.0,0.0
2010-11-25 00:00:00+09:00,1309.3099222887977,1317.2665659759004,1296.4908852373544,1304.0054931640625,17490200,0.0,0.0
2010-11-26 00:00:00+09:00,1310.1939938095868,1317.2665659759004,1304.0054931640625,1304.0054931640625,13231600,0.0,0.0
2010-11-29 00:00:00+09:00,1304.8894927054998,1313.2881716897155,1295.1647065132502,1300.027099609375,9820200,0.0,0.0
2010-11-30 00:00:00+09:00,1299.1429840455573,1305.7735198606929,1282.345626647214,1284.11376953125,12906400,0.0,0.0
2010-12-01 00:00:00+09:00,1299.1428680160684,1305.7734032390154,1278.367190984168,1300.9110107421875,15848600,0.0,0.0
2010-12-02 00:00:00+09:00,1319.0348312681085,1337.158299124004,1317.7087238640186,1334.9481201171875,24629200,0.0,0.0
2010-12-03 00:00:00+09:00,1337.1578786856312,1341.5782353093855,1325.6649514638705,1330.52734375,12704000,0.0,0.0
2010-12-06 00:00:00+09:00,1325.222915801495,1334.9477003737543,1317.708309541113,1330.52734375,9210800,0.0,0.0
2010-12-07 00:00:00+09:00,1334.9479287528363,1343.788643512789,1326.1072139928838,1339.3682861328125,13116000,0.0,0.0
2010-12-08 00:00:00+09:00,1332.7377136230468,1363.680214436849,1326.107177734375,1326.107177734375,22642600,0.0,0.0
2010-12-09 00:00:00+09:00,1326.107093856842,1330.527450836365,1310.19380873056,1325.2230224609375,17528600,0.0,0.0
2010-12-10 00:00:00+09:00,1339.3682828336148,1341.5784615181587,1304.8894953547297,1308.42578125,31516000,0.0,0.0
2010-12-13 00:00:00+09:00,1292.5124947212837,1310.1939241976352,1291.6284232474661,1308.42578125,13087600,0.0,0.0
2010-12-14 00:00:00+09:00,1296.0488065092547,1298.2589852379542,1283.671805628539,1288.0921630859375,16874000,0.0,0.0
2010-12-15 00:00:00+09:00,1277.4833170572915,1297.3749258003982,1275.2731383080575,1284.9979248046875,17018000,0.0,0.0
2010-12-16 00:00:00+09:00,1275.2731359170084,1288.092172638531,1273.9470286699543,1276.5992431640625,10921600,0.0,0.0
2010-12-17 00:00:00+09:00,1265.1062529251872,1268.6425387474799,1243.0044665358582,1246.9827880859375,25942600,0.0,0.0
2010-12-20 00:00:00+09:00,1246.5409908146612,1265.548530745523,1240.3524894418224,1252.7294921875,18424000,0.0,0.0
2010-12-21 00:00:00+09:00,1257.1496280114322,1283.229736328125,1255.8235208088884,1283.229736328125,19492200,0.0,0.0
2010-12-22 00:00:00+09:00,1281.9036356964004,1286.7660287973179,1257.5916701918136,1263.338134765625,14686000,0.0,0.0
2010-12-24 00:00:00+09:00,1255.38150800795,1264.2222228530766,1249.1930076163617,1254.4974365234375,7171800,0.0,0.0
2010-12-27 00:00:00+09:00,1254.9396656654071,1261.1281670107103,1252.2874508031343,1258.4759521484375,7000600,0.0,0.0
2010-12-28 00:00:00+09:00,1250.0770957627308,1251.4032030071749,1245.214702533102,1245.65673828125,5889600,0.0,0.0
2010-12-29 00:00:00+09:00,1253.6133769745122,1256.7076271997666,1249.193019509863,1251.4031982421875,5338200,0.0,0.0
2010-12-30 00:00:00+09:00,1249.6350720384205,1251.4032150480257,1239.9102854855923,1242.5625,7367600,0.0,0.0
2011-01-04 00:00:00+09:00,1263.780194629412,1279.6934814453125,1256.7076227112343,1279.6934814453125,16149200,0.0,0.0
2011-01-05 00:00:00+09:00,1277.4833792676895,1284.113915838283,1267.3165565261127,1277.9254150390625,9985600,0.0,0.0
2011-01-06 00:00:00+09:00,1289.8601796548032,1293.8385009765625,1284.555751225791,1293.8385009765625,11661400,0.0,0.0
2011-01-07 00:00:00+09:00,1292.954664802157,1292.954664802157,1281.0196986655217,1282.787841796875,8408400,0.0,0.0
2011-01-11 00:00:00+09:00,1275.272872438788,1275.272872438788,1261.5697670503641,1262.8958740234375,11100600,0.0,0.0
2011-01-12 00:00:00+09:00,1274.8307519702278,1280.1351795096323,1257.1493268388792,1262.01171875,11774600,0.0,0.0
2011-01-13 00:00:00+09:00,1266.4326023702145,1269.9688888689793,1249.193205688735,1252.7294921875,9418000,0.0,0.0
2011-01-14 00:00:00+09:00,1232.3958448196013,1263.338351683795,1232.3958448196013,1252.7294921875,16884600,0.0,0.0
2011-01-17 00:00:00+09:00,1253.1711195680662,1255.381297909456,1238.1419068466148,1245.2144775390625,9128000,0.0,0.0
2011-01-18 00:00:00+09:00,1238.58414980221,1258.9177939460008,1222.2288273387262,1254.4974365234375,15621600,0.0,0.0
2011-01-19 00:00:00+09:00,1258.033945919147,1267.758733976147,1234.6060474181932,1238.142333984375,14944400,0.0,0.0
2011-01-20 00:00:00+09:00,1231.5112830243477,1238.5838532068276,1220.0183564778174,1221.7864990234375,12893600,0.0,0.0
2011-01-21 00:00:00+09:00,1227.0914063946223,1227.0914063946223,1189.0763268017054,1193.938720703125,17653200,0.0,0.0
2011-01-24 00:00:00+09:00,1203.2213489621186,1220.9027795126271,1199.6850628520167,1216.482421875,9044600,0.0,0.0
2011-01-25 00:00:00+09:00,1224.4391855545398,1244.3307968722129,1223.1130781333616,1239.0263671875,15680200,0.0,0.0
2011-01-26 00:00:00+09:00,1231.5116943359376,1239.0263026646205,1224.4391217912946,1237.7001953125,8358000,0.0,0.0
2011-01-27 00:00:00+09:00,1243.8883407427206,1265.9901236272751,1234.1635562735166,1262.8958740234375,17086000,0.0,0.0
2011-01-28 00:00:00+09:00,1259.8019966661118,1274.3891776801404,1256.2657103596807,1265.5484619140625,12957600,0.0,0.0
2011-01-31 00:00:00+09:00,1240.7943712397328,1253.6134082065842,1236.3740136649562,1247.866943359375,9107600,0.0,0.0
2011-02-01 00:00:00+09:00,1248.7509885182865,1253.6133817479151,1238.584166310881,1245.65673828125,6330600,0.0,0.0
2011-02-02 00:00:00+09:00,1257.5914805445177,1281.9034423828125,1254.9392665257947,1281.9034423828125,13662600,0.0,0.0
2011-02-03 00:00:00+09:00,1275.2732824698537,1291.1865712632382,1259.8020294762853,1270.410888671875,8382400,0.0,0.0
2011-02-04 00:00:00+09:00,1299.5851258308655,1323.0130209563881,1296.4908755312683,1315.4984130859375,30475600,0.0,0.0
2011-02-07 00:00:00+09:00,1325.6651556085228,1326.1071913389692,1304.4474405470994,1308.8677978515625,13015600,0.0,0.0
2011-02-08 00:00:00+09:00,1315.4984401663824,1315.4984401663824,1293.3966518571353,1295.164794921875,9570200,0.0,0.0
2011-02-09 00:00:00+09:00,1295.1645615701896,1321.6867027627532,1294.280490197104,1320.360595703125,15510800,0.0,0.0
2011-02-10 00:00:00+09:00,1320.360770479138,1341.5784862417756,1311.520055578039,1324.7811279296875,28864000,0.0,0.0
2011-02-14 00:00:00+09:00,1341.578353357393,1352.6292458891674,1334.9478178383285,1350.4190673828125,13452000,0.0,0.0
2011-02-15 00:00:00+09:00,1361.4701468552214,1407.8839018616495,1354.8396104257317,1396.8330078125,42679400,0.0,0.0
2011-02-16 00:00:00+09:00,1410.0939250946044,1432.1957107543944,1407.8837465286254,1414.5142822265625,29940200,0.0,0.0
2011-02-17 00:00:00+09:00,1432.1956568990008,1441.036370830476,1405.6735151045748,1410.0938720703125,20574800,0.0,0.0
2011-02-18 00:00:00+09:00,1414.5143711419753,1441.0365156008872,1407.8838350272472,1432.19580078125,19916600,0.0,0.0
2011-02-21 00:00:00+09:00,1458.7178012780976,1516.1824419345076,1456.5076227913125,1511.7620849609375,37696600,0.0,0.0
2011-02-22 00:00:00+09:00,1489.6605653806364,1498.5012809021832,1445.4569877729025,1452.0875244140625,31935000,0.0,0.0
2011-02-23 00:00:00+09:00,1427.7754957932693,1471.9790715144231,1427.7754957932693,1436.6162109375,32064400,0.0,0.0
2011-02-24 00:00:00+09:00,1418.9344601284777,1449.8769561437402,1407.883568694455,1429.9853515625,21934400,0.0,0.0
2011-02-25 00:00:00+09:00,1447.6667866439936,1465.3482130457523,1434.4057168426746,1460.9278564453125,25267000,0.0,0.0
2011-02-28 00:00:00+09:00,1452.0872859130495,1489.6603207083645,1438.8262148088209,1483.02978515625,27128000,0.0,0.0
2011-03-01 00:00:00+09:00,1496.2910852502894,1509.5521583839698,1487.4503698278356,1491.8707275390625,17517200,0.0,0.0
2011-03-02 00:00:00+09:00,1463.1385072394635,1474.189402309248,1423.3552849882392,1438.8265380859375,32240600,0.0,0.0
2011-03-03 00:00:00+09:00,1454.2973929933787,1516.1823884399055,1452.0872145845742,1507.3416748046875,32265000,0.0,0.0
2011-03-04 00:00:00+09:00,1536.0740860648777,1553.755514393682,1513.9723006538723,1525.023193359375,26906200,0.0,0.0
2011-03-07 00:00:00+09:00,1516.182527525235,1520.6028847483408,1485.2400269634954,1498.5010986328125,15436600,0.0,0.0
2011-03-08 00:00:00+09:00,1496.290998954605,1516.1826075079157,1487.4502840420223,1505.1317138671875,11600400,0.0,0.0
2011-03-09 00:00:00+09:00,1525.0234285897582,1527.2336074717723,1496.2911031235744,1513.9725341796875,12787800,0.0,0.0
2011-03-10 00:00:00+09:00,1513.9722843994505,1516.182462916822,1478.609428121507,1483.02978515625,12581200,0.0,0.0
2011-03-11 00:00:00+09:00,1458.7180873325892,1480.8198765345983,1449.8773716517858,1454.2977294921875,31793000,0.0,0.0
2011-03-14 00:00:00+09:00,1339.3683662720707,1416.7246250501605,1337.1581874498395,1376.94140625,35092400,0.0,0.0
2011-03-15 00:00:00+09:00,1326.1072240682645,1341.5784750157275,1222.2288248495838,1246.0987548828125,46562000,0.0,0.0
2011-03-16 00:00:00+09:00,1357.0495649857953,1387.9920632102271,1317.708388671875,1337.157958984375,40995800,0.0,0.0
2011-03-17 00:00:00+09:00,1268.2005944253642,1318.5926710250476,1253.1713785973884,1295.6068115234375,44084800,0.0,0.0
2011-03-18 00:00:00+09:00,1341.5782348960738,1343.78841320727,1308.4255602281314,1316.3822021484375,25729800,0.0,0.0
2011-03-22 00:00:00+09:00,1352.629208096591,1361.469921875,1328.317245205966,1337.157958984375,22218800,0.0,0.0
2011-03-23 00:00:00+09:00,1339.3680569975083,1350.4189485568938,1326.106987126246,1330.52734375,20259800,0.0,0.0
2011-03-24 00:00:00+09:00,1330.5275349934896,1339.368249511719,1317.266463216146,1326.107177734375,13526800,0.0,0.0
2011-03-25 00:00:00+09:00,1348.208987896259,1383.5718465951772,1343.7886305588943,1379.1514892578125,21966200,0.0,0.0
2011-03-28 00:00:00+09:00,1368.1007956276126,1372.5211536102545,1345.9990057144041,1354.8397216796875,14799800,0.0,0.0
2011-03-29 00:00:00+09:00,1339.3176513671876,1377.0136779785157,1337.1002380371094,1374.7962646484375,19113400,5.0,0.0
2011-03-30 00:00:00+09:00,1385.883249638642,1450.188232421875,1383.6658364392201,1450.188232421875,29212200,0.0,0.0
2011-03-31 00:00:00+09:00,1474.5797177969691,1481.2319571253765,1456.840412921216,1472.3623046875,18959200,0.0,0.0
2011-04-01 00:00:00+09:00,1467.927636792957,1472.3624634902164,1441.3186766093986,1459.0579833984375,16883000,0.0,0.0
2011-04-04 00:00:00+09:00,1474.5799206149193,1474.5799206149193,1443.5361328125,1443.5361328125,11205600,0.0,0.0
2011-04-05 00:00:00+09:00,1441.3186521916375,1450.1883054358937,1412.4922791478048,1423.579345703125,12625400,0.0,0.0
2011-04-06 00:00:00+09:00,1434.6662875674608,1470.1448974609375,1421.3618088574071,1470.1448974609375,16866000,0.0,0.0
2011-04-07 00:00:00+09:00,1465.710323742658,1523.3630747522027,1456.8406697411895,1510.05859375,28622600,0.0,0.0
2011-04-08 00:00:00+09:00,1507.8408203125,1518.927885167739,1487.8841035730698,1507.8408203125,25472200,0.0,0.0
2011-04-11 00:00:00+09:00,1505.6233021948856,1516.7103662758493,1496.7536509301144,1501.1884765625,7284800,0.0,0.0
2011-04-12 00:00:00+09:00,1476.7971309064383,1490.101609563253,1452.4055867022778,1472.3623046875,13707000,0.0,0.0
2011-04-13 00:00:00+09:00,1465.7099738625918,1507.8408203125,1463.4925608915441,1507.8408203125,16070000,0.0,0.0
2011-04-14 00:00:00+09:00,1479.0148047448606,1516.7108342511012,1476.7973912444934,1510.05859375,15973400,0.0,0.0
2011-04-15 00:00:00+09:00,1525.5802961077009,1538.8847754342214,1485.666858128139,1490.1016845703125,17938400,0.0,0.0
2011-04-18 00:00:00+09:00,1476.797178687119,1483.4494182307546,1434.666328244093,1454.623046875,16625800,0.0,0.0
2011-04-19 00:00:00+09:00,1428.014178623771,1470.145031719814,1425.7967653029266,1465.710205078125,17151600,0.0,0.0
2011-04-20 00:00:00+09:00,1474.5800594679654,1527.7979864262077,1472.3626458447052,1523.3631591796875,30231400,0.0,0.0
2011-04-21 00:00:00+09:00,1534.4499997144553,1536.6674130088404,1503.4062135930646,1516.710693359375,17032800,0.0,0.0
2011-04-22 00:00:00+09:00,1510.0582332835477,1525.5801240808823,1505.623407341452,1507.8408203125,12133600,0.0,0.0
2011-04-25 00:00:00+09:00,1516.7108342511012,1530.015315253304,1510.05859375,1510.05859375,7319400,0.0,0.0
2011-04-26 00:00:00+09:00,1498.971485252152,1501.188898691874,1479.0147642946529,1481.232177734375,9588200,0.0,0.0
2011-04-27 00:00:00+09:00,1496.7540221806814,1514.4933291102302,1492.3191954482943,1498.971435546875,11983000,0.0,0.0
2011-04-28 00:00:00+09:00,1503.4063720703125,1503.4063720703125,1479.0148232609122,1503.4063720703125,12383000,0.0,0.0
2011-05-02 00:00:00+09:00,1505.623731896259,1505.623731896259,1479.0147705078125,1479.0147705078125,10103800,0.0,0.0
2011-05-06 00:00:00+09:00,1430.2316523257489,1454.6231998847925,1412.4923450100807,1443.5361328125,19343000,0.0,0.0
2011-05-09 00:00:00+09:00,1456.8406447655645,1479.0147793890892,1428.0142697549827,1432.4490966796875,18535200,0.0,0.0
2011-05-10 00:00:00+09:00,1432.44921875,1432.44921875,1388.1009457236842,1390.318359375,27551000,0.0,0.0
2011-05-11 00:00:00+09:00,1396.9703794329355,1405.840032635684,1377.0136597267506,1381.448486328125,21899200,0.0,0.0
2011-05-12 00:00:00+09:00,1354.8397089349894,1379.231258523017,1327.7872630282677,1359.2745361328125,33314200,0.0,0.0
2011-05-13 00:00:00+09:00,1352.6223337591382,1357.0571610829386,1330.448197140136,1345.9700927734375,23786800,0.0,0.0
2011-05-16 00:00:00+09:00,1332.6653129014394,1337.10013923389,1306.49983753998,1321.5782470703125,31211800,0.0,0.0
2011-05-17 00:00:00+09:00,1314.9259981413284,1330.4478901935868,1303.3954497596505,1325.1260986328125,22694400,0.0,0.0
2011-05-18 00:00:00+09:00,1341.5349687848773,1381.4484058726919,1330.447902927151,1365.926513671875,25021600,0.0,0.0
2011-05-19 00:00:00+09:00,1374.796364891608,1388.100845842172,1330.4480950563948,1339.3177490234375,20238800,0.0,0.0
2011-05-20 00:00:00+09:00,1348.1871279761904,1368.1438453311011,1343.7523018973213,1350.404541015625,11068600,0.0,0.0
2011-05-23 00:00:00+09:00,1332.6655170456372,1332.6655170456372,1288.7607296288259,1293.195556640625,22544800,0.0,0.0
2011-05-24 00:00:00+09:00,1284.769395246204,1337.100354389819,1275.0127757448522,1332.66552734375,23028000,0.0,0.0
2011-05-25 00:00:00+09:00,1323.7956769741313,1332.6653297511773,1309.1607498920052,1315.3695068359375,16581400,0.0,0.0
2011-05-26 00:00:00+09:00,1330.4481593469618,1359.2745361328125,1317.5871604732745,1359.2745361328125,16788600,0.0,0.0
2011-05-27 00:00:00+09:00,1348.187353196487,1368.1440738852507,1339.3176995570363,1357.0570068359375,11932800,0.0,0.0
2011-05-30 00:00:00+09:00,1345.9700927734375,1359.274574744839,1339.3178517877368,1345.9700927734375,8878400,0.0,0.0
2011-05-31 00:00:00+09:00,1357.0570233319258,1394.7530517578125,1352.622196458292,1394.7530517578125,30167400,0.0,0.0
2011-06-01 00:00:00+09:00,1383.665736607143,1401.405040922619,1377.0134974888392,1396.97021484375,18575800,0.0,0.0
2011-06-02 00:00:00+09:00,1334.8829220399161,1357.0570569575227,1332.6655085481555,1339.3177490234375,25171000,0.0,0.0
2011-06-03 00:00:00+09:00,1352.6221800162123,1368.1440738852507,1350.4047666063495,1357.0570068359375,11857600,0.0,0.0
2011-06-06 00:00:00+09:00,1343.75220291516,1359.2740930478435,1332.665138534672,1341.5347900390625,15008200,0.0,0.0
2011-06-07 00:00:00+09:00,1341.5352273415197,1363.7093633306358,1341.5352273415197,1359.2745361328125,10804800,0.0,0.0
2011-06-08 00:00:00+09:00,1361.4915713922765,1370.3612233231706,1348.187093495935,1363.708984375,11392600,0.0,0.0
2011-06-09 00:00:00+09:00,1357.057044303063,1363.7092847163135,1339.3177365343956,1343.7525634765625,9466200,0.0,0.0
2011-06-10 00:00:00+09:00,1357.056774301998,1363.7090133917136,1345.969709152472,1352.6219482421875,21396600,0.0,0.0
2011-06-13 00:00:00+09:00,1334.882601610329,1341.5348404887857,1318.4737457101355,1322.0216064453125,15158000,0.0,0.0
2011-06-14 00:00:00+09:00,1325.1262268414243,1337.1002590116782,1320.6914001117007,1322.9088134765625,9891600,0.0,0.0
2011-06-15 00:00:00+09:00,1330.447891383495,1348.1871966019417,1322.9086866656553,1324.6826171875,10758400,0.0,0.0
2011-06-16 00:00:00+09:00,1315.3695961628823,1318.4739748456673,1281.6649133212172,1282.995361328125,17889400,0.0,0.0
2011-06-17 00:00:00+09:00,1286.5433874597084,1302.0652828616696,1267.030147525814,1268.360595703125,19288600,0.0,0.0
2011-06-20 00:00:00+09:00,1270.5778108700888,1283.8822905650636,1247.5167127321326,1251.508056640625,14971800,0.0,0.0
2011-06-21 00:00:00+09:00,1258.603975736178,1268.8040784288953,1251.0647693980825,1268.360595703125,11938800,0.0,0.0
2011-06-22 00:00:00+09:00,1285.6562665623037,1327.7871204165358,1285.212783890154,1323.7957763671875,23823800,0.0,0.0
2011-06-23 00:00:00+09:00,1313.1518018145894,1339.3172716920162,1313.1518018145894,1334.8824462890625,15259800,0.0,0.0
2011-06-24 00:00:00+09:00,1339.3175439927184,1343.7523702973301,1312.7085861650485,1324.6826171875,12988400,0.0,0.0
2011-06-27 00:00:00+09:00,1310.4914860642432,1312.2654170098463,1299.847900390625,1299.847900390625,8649400,0.0,0.0
2011-06-28 00:00:00+09:00,1312.7088971403,1316.256759024463,1297.187001397087,1300.73486328125,8203800,0.0,0.0
2011-06-29 00:00:00+09:00,1318.4738603610438,1324.6826171875,1309.6042077518205,1324.6826171875,13852200,0.0,0.0
2011-06-30 00:00:00+09:00,1334.8829095922288,1352.6222173608962,1324.2393249310282,1343.7525634765625,16753200,0.0,0.0
2011-07-01 00:00:00+09:00,1357.056860985694,1370.3613400149654,1350.4046214710581,1365.926513671875,11961000,0.0,0.0
2011-07-04 00:00:00+09:00,1388.1009064217733,1388.1009064217733,1361.491943359375,1361.491943359375,9370600,0.0,0.0
2011-07-05 00:00:00+09:00,1370.3615471450462,1383.6660281852894,1357.057066104803,1379.231201171875,10842800,0.0,0.0
2011-07-06 00:00:00+09:00,1381.4485527714596,1401.4052734375,1372.5788991421084,1401.4052734375,12798600,0.0,0.0
2011-07-07 00:00:00+09:00,1401.4050526224125,1410.2747048541999,1392.535400390625,1392.535400390625,10993600,0.0,0.0
2011-07-08 00:00:00+09:00,1414.70981727919,1414.70981727919,1377.013787665168,1379.231201171875,12302200,0.0,0.0
2011-07-11 00:00:00+09:00,1372.5786363058944,1383.6657012195121,1359.274158409553,1363.708984375,7355000,0.0,0.0
2011-07-12 00:00:00+09:00,1350.4046691091437,1357.0569088584498,1343.7524293598376,1348.187255859375,8588600,0.0,0.0
2011-07-13 00:00:00+09:00,1348.1874681382544,1365.9267769295473,1345.970054539343,1359.2745361328125,6112600,0.0,0.0
2011-07-14 00:00:00+09:00,1354.8394478141488,1374.796166358056,1350.4046214710581,1365.926513671875,7779400,0.0,0.0
2011-07-15 00:00:00+09:00,1359.2745297708418,1368.1441841249746,1359.2745297708418,1361.491943359375,5518800,0.0,0.0
2011-07-19 00:00:00+09:00,1361.491943359375,1374.7964248905741,1350.404875416709,1361.491943359375,7960800,0.0,0.0
2011-07-20 00:00:00+09:00,1383.665736607143,1405.839867001488,1383.665736607143,1396.97021484375,12458200,0.0,0.0
2011-07-21 00:00:00+09:00,1403.6224365234375,1408.0572625472082,1392.5353714640107,1403.6224365234375,11472800,0.0,0.0
2011-07-22 00:00:00+09:00,1412.492444328248,1414.7098578986222,1399.187962906004,1408.0576171875,8015200,0.0,0.0
2011-07-25 00:00:00+09:00,1399.1876395644656,1405.8398787383062,1388.1005742747313,1392.535400390625,7153200,0.0,0.0
2011-07-26 00:00:00+09:00,1401.4050005519034,1421.3617173319146,1396.9701746007897,1412.4920654296875,11549400,0.0,0.0
2011-07-27 00:00:00+09:00,1410.274547300128,1416.926785730789,1396.970070438806,1405.8397216796875,9034000,0.0,0.0
2011-07-28 00:00:00+09:00,1385.8833068456404,1392.5355467184995,1363.7091739361101,1383.6658935546875,9344600,0.0,0.0
2011-07-29 00:00:00+09:00,1368.1436368112152,1372.578462214169,1323.7953827816782,1334.8824462890625,19381200,0.0,0.0
2011-08-01 00:00:00+09:00,1343.752528010188,1354.8395950729782,1310.491326821817,1312.708740234375,19462800,0.0,0.0
2011-08-02 00:00:00+09:00,1297.1867411509586,1308.273807314642,1290.9779840992958,1306.943359375,11233800,0.0,0.0
2011-08-03 00:00:00+09:00,1286.9866725137788,1298.073738955145,1285.656224540815,1294.9693603515625,11705400,0.0,0.0
2011-08-04 00:00:00+09:00,1301.6219872240354,1307.8307462772336,1286.5435723805542,1288.760986328125,11548000,0.0,0.0
2011-08-05 00:00:00+09:00,1241.7515680506217,1256.386497245504,1234.2123621017429,1248.40380859375,15744600,0.0,0.0
2011-08-08 00:00:00+09:00,1231.1079437266962,1245.2993897638914,1211.15122273689,1219.1339111328125,12920000,0.0,0.0
2011-08-09 00:00:00+09:00,1164.5854538810022,1208.9337194514897,1125.5589801789731,1207.603271484375,30885400,0.0,0.0
2011-08-10 00:00:00+09:00,1234.6557852056962,1241.3080254277097,1207.603341636175,1226.2296142578125,19472800,0.0,0.0
2011-08-11 00:00:00+09:00,1192.9679641166742,1220.0203975037066,1190.7505515439668,1215.14208984375,16234600,0.0,0.0
2011-08-12 00:00:00+09:00,1225.7862073633896,1232.88193070558,1193.855452323533,1199.6207275390625,16250600,0.0,0.0
2011-08-15 00:00:00+09:00,1206.2725886279927,1214.6987574456145,1200.5073152264617,1204.05517578125,11195200,0.0,0.0
2011-08-16 00:00:00+09:00,1210.7074086806354,1213.368304084329,1192.968105989344,1206.2725830078125,10418200,0.0,0.0
2011-08-17 00:00:00+09:00,1197.403069134562,1201.394412698344,1175.6724208428607,1200.06396484375,9138600,0.0,0.0
2011-08-18 00:00:00+09:00,1193.8552447794975,1223.568581109448,1185.429074775482,1186.3160400390625,14418400,0.0,0.0
2011-08-19 00:00:00+09:00,1155.2724647375367,1172.124807793209,1148.620224057666,1153.9420166015625,13783200,0.0,0.0
2011-08-22 00:00:00+09:00,1145.959244563764,1161.4811383562298,1138.8635216872083,1140.1939697265625,10036800,0.0,0.0
2011-08-23 00:00:00+09:00,1132.6547340001816,1137.9765260158442,1101.61094724215,1106.9327392578125,21469800,0.0,0.0
2011-08-24 00:00:00+09:00,1122.0113141599581,1123.7852450914363,1090.5240401262204,1093.1849365234375,16398400,0.0,0.0
2011-08-25 00:00:00+09:00,1097.175867468856,1130.8805424598152,1090.9671115494687,1111.3673095703125,15765600,0.0,0.0
2011-08-26 00:00:00+09:00,1102.941397684521,1122.8981177873773,1102.4979150155687,1106.0457763671875,11171400,0.0,0.0
2011-08-29 00:00:00+09:00,1105.602215051651,1148.6200308799744,1105.602215051651,1135.3155517578125,11761000,0.0,0.0
2011-08-30 00:00:00+09:00,1145.9590316094425,1151.2808227779074,1118.906593169746,1127.7762451171875,11399600,0.0,0.0
2011-08-31 00:00:00+09:00,1126.4463052870353,1126.4463052870353,1109.1504761901083,1121.12451171875,10288400,0.0,0.0
2011-09-01 00:00:00+09:00,1133.098112618988,1164.1418965263574,1130.880699482747,1145.0721435546875,14082600,0.0,0.0
2011-09-02 00:00:00+09:00,1146.402597455836,1192.9682735613922,1144.1851843079523,1188.533447265625,27326200,0.0,0.0
2011-09-05 00:00:00+09:00,1184.098832728021,1206.272968172366,1181.8814191835866,1199.6207275390625,14512800,0.0,0.0
2011-09-06 00:00:00+09:00,1191.6379406801907,1201.838042144889,1180.550873870736,1191.1944580078125,14478400,0.0,0.0
2011-09-07 00:00:00+09:00,1202.725161945729,1228.4471602469284,1199.177300111081,1222.681884765625,16688200,0.0,0.0
2011-09-08 00:00:00+09:00,1236.8731267608969,1237.7600920723066,1198.2901357145727,1207.603271484375,10183600,0.0,0.0
2011-09-09 00:00:00+09:00,1202.281498257042,1223.568666060929,1190.3074663673553,1215.342041015625,24087200,0.0,0.0
2011-09-12 00:00:00+09:00,1201.8380042038555,1221.7947238308568,1198.290142936833,1204.9423828125,9450400,0.0,0.0
2011-09-13 00:00:00+09:00,1196.9596172275828,1196.9596172275828,1171.2376247121326,1188.533447265625,13148600,0.0,0.0
2011-09-14 00:00:00+09:00,1191.194277662961,1203.1683080043235,1163.2548735331147,1166.802734375,9372200,0.0,0.0
2011-09-15 00:00:00+09:00,1175.2291699074715,1203.612063067501,1175.2291699074715,1202.72509765625,8965600,0.0,0.0
2011-09-16 00:00:00+09:00,1210.7077449944502,1223.1252603277264,1194.7423681373805,1217.3599853515625,9620000,0.0,0.0
2011-09-20 00:00:00+09:00,1205.3859926273672,1209.8208196789762,1195.629373113827,1203.1685791015625,8422400,0.0,0.0
2011-09-21 00:00:00+09:00,1187.6467027129072,1193.8554606807866,1151.2811203296144,1153.9420166015625,15012600,0.0,0.0
2011-09-22 00:00:00+09:00,1087.419323933741,1090.0802195061726,1007.1489741653858,1012.0272827148438,63355800,0.0,0.0
2011-09-26 00:00:00+09:00,991.6272197982162,1015.1318005894976,955.705124626635,961.0269165039062,50274200,0.0,0.0
2011-09-27 00:00:00+09:00,979.6531675099991,986.305407216948,936.6353507383966,945.948486328125,26961600,0.0,0.0
2011-09-28 00:00:00+09:00,959.2531091540164,997.3926225091923,957.9226610137196,981.8707275390625,24179400,0.0,0.0
2011-09-29 00:00:00+09:00,985.8617755540339,1010.2533174593294,968.565954930279,1001.8271484375,23150400,0.0,0.0
2011-09-30 00:00:00+09:00,1018.2362720962178,1039.0799588508007,1007.1492046735674,1016.4623413085938,23978800,0.0,0.0
2011-10-03 00:00:00+09:00,1011.1406336603939,1053.2714933962436,1000.9405307769775,1050.1671142578125,30571800,0.0,0.0
2011-10-04 00:00:00+09:00,1037.7495329045066,1082.5412862478208,1024.4450517134233,1073.2281494140625,34044600,0.0,0.0
2011-10-05 00:00:00+09:00,1065.2454740571295,1076.3325418553927,1016.0188930328409,1025.7755126953125,30206200,0.0,0.0
2011-10-06 00:00:00+09:00,1020.0101854071241,1040.4103891152665,1010.6970489316678,1022.6710815429688,22128600,0.0,0.0
2011-10-07 00:00:00+09:00,1067.0192274658998,1091.4107725659098,1054.1582309586217,1089.193359375,33131600,0.0,0.0
2011-10-11 00:00:00+09:00,1108.706685933095,1122.0111661642923,1100.2805151200034,1101.16748046875,16090000,0.0,0.0
2011-10-12 00:00:00+09:00,1090.967251021683,1110.037003783444,1082.9845638190852,1103.8282470703125,8096400,0.0,0.0
2011-10-13 00:00:00+09:00,1117.1329009122765,1135.3156912804398,1114.9154874527444,1129.10693359375,11747000,0.0,0.0
2011-10-14 00:00:00+09:00,1129.1066444279977,1136.6458482596065,1086.5323169083244,1098.9498291015625,17925000,0.0,0.0
2011-10-17 00:00:00+09:00,1120.6807575061275,1132.211307444853,1111.8111037071078,1130.880859375,10266200,0.0,0.0
2011-10-18 00:00:00+09:00,1113.1413988517993,1116.689259883996,1078.9932364169033,1097.6195068359375,11918000,0.0,0.0
2011-10-19 00:00:00+09:00,1082.097863162779,1105.6024478954132,1047.5062101600345,1052.8280029296875,14740800,0.0,0.0
2011-10-20 00:00:00+09:00,1045.732503902977,1071.454507815773,1033.3149847726618,1058.593505859375,11206400,0.0,0.0
2011-10-21 00:00:00+09:00,1051.0538365662626,1056.819110775276,1026.6622918358219,1049.723388671875,8291800,0.0,0.0
2011-10-24 00:00:00+09:00,1068.7932826877613,1090.9674171833578,1064.358455788642,1087.4195556640625,8936800,0.0,0.0
2011-10-25 00:00:00+09:00,1079.880593718922,1093.1850774197712,1073.6718346585258,1086.976318359375,8126600,0.0,0.0
2011-10-26 00:00:00+09:00,1072.3411739544185,1093.1848609584954,1055.4888312702712,1076.7760009765625,7429000,0.0,0.0
2011-10-27 00:00:00+09:00,1088.7500062280772,1098.9501081194196,1075.4455255002392,1086.5325927734375,7916400,0.0,0.0
2011-10-28 00:00:00+09:00,1144.1854503222105,1179.6640689368526,1131.3244510744025,1177.4466552734375,25373800,0.0,0.0
2011-10-31 00:00:00+09:00,1170.7942532240147,1180.9943546725574,1147.733154296875,1147.733154296875,11209000,0.0,0.0
2011-11-01 00:00:00+09:00,1136.2026182447796,1157.0463040595746,1134.872170214048,1142.8548583984375,6876200,0.0,0.0
2011-11-02 00:00:00+09:00,1125.1153867805872,1125.558869392641,1102.9412561778954,1113.5848388671875,9638400,0.0,0.0
2011-11-04 00:00:00+09:00,1128.6634103065776,1148.6201307245722,1117.5763434076919,1143.7418212890625,10693800,0.0,0.0
2011-11-07 00:00:00+09:00,1135.31566394081,1147.7331790151625,1129.9938717660875,1138.863525390625,6982600,0.0,0.0
2011-11-08 00:00:00+09:00,1130.8807517338025,1154.8288147116948,1122.898064074505,1125.5589599609375,8711400,0.0,0.0
2011-11-09 00:00:00+09:00,1132.2115597574716,1176.559838635555,1132.2115597574716,1168.5771484375,14944600,0.0,0.0
2011-11-10 00:00:00+09:00,1146.402726002837,1163.698550495723,1140.637451171875,1140.637451171875,13681200,0.0,0.0
2011-11-11 00:00:00+09:00,1149.5073176381402,1171.6814557098635,1145.9594555466645,1151.7247314453125,9292400,0.0,0.0
2011-11-14 00:00:00+09:00,1184.0987283212169,1185.8726590003496,1147.733149398992,1149.507080078125,9101200,0.0,0.0
2011-11-15 00:00:00+09:00,1153.0549304203912,1169.4637890456045,1151.280999758206,1153.4984130859375,7364200,0.0,0.0
2011-11-16 00:00:00+09:00,1173.4554138297935,1197.4034834997892,1168.577103341461,1183.655517578125,21179800,0.0,0.0
2011-11-17 00:00:00+09:00,1182.3247106067229,1194.2987418094167,1175.2289884125341,1180.9942626953125,14262800,0.0,0.0
2011-11-18 00:00:00+09:00,1175.2292753490217,1176.1162408398511,1162.8117584774093,1165.9161376953125,10944200,0.0,0.0
2011-11-21 00:00:00+09:00,1170.7941143329326,1175.2289405235877,1149.950431236854,1153.0548095703125,9642800,0.0,0.0
2011-11-22 00:00:00+09:00,1139.750732421875,1152.6117329044566,1132.6550080176921,1139.750732421875,10085400,0.0,0.0
2011-11-24 00:00:00+09:00,1123.3414681490685,1128.6632595496958,1106.9326113304678,1109.1500244140625,10658000,0.0,0.0
2011-11-25 00:00:00+09:00,1102.0544458174966,1118.9067874436796,1095.845688376271,1101.16748046875,8037800,0.0,0.0
2011-11-28 00:00:00+09:00,1113.14138214001,1116.2457604965757,1097.6194903571811,1103.8282470703125,8178400,0.0,0.0
2011-11-29 00:00:00+09:00,1114.4720096903275,1127.776490506368,1109.1502173639112,1127.3330078125,8280400,0.0,0.0
2011-11-30 00:00:00+09:00,1119.7936748119726,1129.55029296875,1113.141435159624,1129.55029296875,14086000,0.0,0.0
2011-12-01 00:00:00+09:00,1107.8196757562202,1113.1414676333518,1067.462754021306,1072.7845458984375,28025600,0.0,0.0
2011-12-02 00:00:00+09:00,1085.2019533280275,1089.6367794552364,1062.140857466541,1066.57568359375,18879000,0.0,0.0
2011-12-05 00:00:00+09:00,1076.7759834808173,1086.0891200759975,1072.3411565307317,1082.9847412109375,10298200,0.0,0.0
2011-12-06 00:00:00+09:00,1075.00188175924,1078.993225379633,1054.1581984082975,1055.93212890625,8400400,0.0,0.0
2011-12-07 00:00:00+09:00,1070.1238778670204,1082.0979121407086,1064.3586021056149,1078.1065673828125,12425000,0.0,0.0
2011-12-08 00:00:00+09:00,1074.114990234375,1086.5325045723446,1065.6888197907529,1074.114990234375,9341400,0.0,0.0
2011-12-09 00:00:00+09:00,1043.5147605808747,1054.6018277353676,1042.1843125223356,1047.0626220703125,28528200,0.0,0.0
2011-12-12 00:00:00+09:00,1063.4714041228342,1080.3237449721535,1060.8105081992574,1075.001953125,9661800,0.0,0.0
2011-12-13 00:00:00+09:00,1064.3582740294546,1079.8801655257175,1060.366930501844,1065.2452392578125,9427200,0.0,0.0
2011-12-14 00:00:00+09:00,1070.1235201113104,1078.9931721636212,1058.1494898406906,1075.8887939453125,8677600,0.0,0.0
2011-12-15 00:00:00+09:00,1069.6802517961107,1073.2281133277727,1042.6278076171875,1042.6278076171875,10051000,0.0,0.0
2011-12-16 00:00:00+09:00,1050.1669749685138,1059.4801111485556,1042.6277694894325,1056.375732421875,8378200,0.0,0.0
2011-12-19 00:00:00+09:00,1047.949402436756,1055.93208937872,1017.7925851004464,1024.44482421875,8295200,0.0,0.0
2011-12-20 00:00:00+09:00,1023.5579271316528,1035.5319583415985,1020.8970313072205,1021.7839965820312,5625800,0.0,0.0
2011-12-21 00:00:00+09:00,1027.9927535057068,1034.2015104293823,1011.5838959217072,1021.7839965820312,9903800,0.0,0.0
2011-12-22 00:00:00+09:00,1021.3408031825987,1029.7669756795458,1019.5668721306098,1027.1060791015625,6213600,0.0,0.0
2011-12-26 00:00:00+09:00,1032.4274810372967,1046.61892407561,1031.540515847402,1035.975341796875,5407800,0.0,0.0
2011-12-27 00:00:00+09:00,1042.184271386506,1042.184271386506,1017.792724609375,1017.792724609375,6660600,0.0,0.0
2011-12-28 00:00:00+09:00,1024.8882537457512,1030.6535273496866,1018.2360149719796,1021.3403930664062,6223400,0.0,0.0
2011-12-29 00:00:00+09:00,1019.5666800094438,1019.5666800094438,1008.0361303442652,1008.923095703125,4647200,0.0,0.0
2011-12-30 00:00:00+09:00,1009.366527017224,1010.2534923309474,994.7315993407881,1005.3751831054688,6179600,0.0,0.0
2012-01-04 00:00:00+09:00,1027.549646058587,1039.9671644399598,1020.897404068566,1039.523681640625,8730400,0.0,0.0
2012-01-05 00:00:00+09:00,1040.8539236162692,1040.8539236162692,1024.4450632950923,1026.218994140625,4918200,0.0,0.0
2012-01-06 00:00:00+09:00,1015.5754458638197,1023.1146522304944,1007.1492740422423,1013.3580322265625,6285000,0.0,0.0
2012-01-10 00:00:00+09:00,1011.1405135874916,1012.4709616316856,972.5575203058636,985.4185180664062,12624000,0.0,0.0
2012-01-11 00:00:00+09:00,997.836012337076,999.1664603535255,961.4704332207915,970.7835693359375,12715800,0.0,0.0
2012-01-12 00:00:00+09:00,975.6618368093506,977.4357674217312,956.5920827262587,963.6878051757812,7088800,0.0,0.0
2012-01-13 00:00:00+09:00,966.7919443278296,976.5485602797618,959.2527410922456,961.4701538085938,15312000,0.0,0.0
2012-01-16 00:00:00+09:00,953.4878889345302,956.1487853687662,926.4354418531319,941.5138549804688,12491400,0.0,0.0
2012-01-17 00:00:00+09:00,942.4006628150831,953.044246771583,919.7830469075211,932.2005615234375,13362000,0.0,0.0
2012-01-18 00:00:00+09:00,918.009088208302,929.9831197936277,914.9047096491435,920.2265014648438,15010000,0.0,0.0
2012-01-19 00:00:00+09:00,920.2265111501515,926.8787509897911,909.1394447507521,916.6786499023438,14067600,0.0,0.0
2012-01-20 00:00:00+09:00,931.7569974234225,967.6790901370337,926.8786885363888,962.80078125,22396600,0.0,0.0
2012-01-23 00:00:00+09:00,975.6619983722504,997.3926519723597,973.4445847395862,992.9578247070312,17793600,0.0,0.0
2012-01-24 00:00:00+09:00,1003.1579121067152,1004.0448775462437,963.2444673279334,976.992431640625,12018400,0.0,0.0
2012-01-25 00:00:00+09:00,978.7663151817601,986.3055210531194,960.1400418525195,972.1140747070312,9849200,0.0,0.0
2012-01-26 00:00:00+09:00,980.9836741329733,999.6099464266373,980.0967087856559,991.6272583007812,13855200,0.0,0.0
2012-01-27 00:00:00+09:00,1000.496795736407,1000.496795736407,984.9749039585815,988.9662475585938,9409000,0.0,0.0
2012-01-30 00:00:00+09:00,983.644763021281,990.297004430352,961.4706249910448,967.2359008789062,9422200,0.0,0.0
2012-01-31 00:00:00+09:00,960.14013002012,964.1314746714738,935.3050966339183,941.5138549804688,13300600,0.0,0.0
2012-02-01 00:00:00+09:00,944.1745485624124,961.4703716690042,938.8527568373072,948.609375,11171800,0.0,0.0
2012-02-02 00:00:00+09:00,964.5747033362966,992.957591158606,959.6963944918372,988.9662475585938,15046200,0.0,0.0
2012-02-03 00:00:00+09:00,966.792027405552,975.6616790331259,953.0440673828125,953.0440673828125,18912200,0.0,0.0
2012-02-06 00:00:00+09:00,967.6791809679022,970.7835596419513,942.8441515755087,952.1572875976562,10578400,0.0,0.0
2012-02-07 00:00:00+09:00,949.0527722394024,962.357250354908,941.070085370099,957.9224243164062,9319800,0.0,0.0
2012-02-08 00:00:00+09:00,958.3657873595832,981.8703624313362,950.8265840346814,981.4268798828125,17060200,0.0,0.0
2012-02-09 00:00:00+09:00,982.3140808655335,993.4011472409909,971.2270144900759,984.531494140625,15063200,0.0,0.0
2012-02-10 00:00:00+09:00,992.0707820277274,1028.4363627725972,988.9664031836531,1020.4536743164062,33146600,0.0,0.0
2012-02-13 00:00:00+09:00,1048.3930442675537,1069.2367300038375,1031.5407026084306,1056.375732421875,31258600,0.0,0.0
2012-02-14 00:00:00+09:00,1051.941154101398,1060.810809700904,1037.7497051421888,1054.60205078125,15599800,0.0,0.0
2012-02-15 00:00:00+09:00,1049.723484978604,1066.132343848147,1022.2275593053157,1059.03662109375,19785800,0.0,0.0
2012-02-16 00:00:00+09:00,1049.2801257866527,1078.993468317382,1048.8366430623134,1058.1497802734375,18863000,0.0,0.0
2012-02-17 00:00:00+09:00,1068.7931959699877,1079.8802623182241,1065.245334738552,1075.001953125,15383400,0.0,0.0
2012-02-20 00:00:00+09:00,1090.9674297210918,1095.4022566711776,1081.2108104309032,1082.9847412109375,9615600,0.0,0.0
2012-02-21 00:00:00+09:00,1086.5324599803973,1102.941317539285,1079.4367377927701,1090.5238037109375,11428000,0.0,0.0
2012-02-22 00:00:00+09:00,1086.5324635459078,1090.5238072895459,1076.7758455059038,1089.193359375,10926600,0.0,0.0
2012-02-23 00:00:00+09:00,1086.532443455728,1098.5064744652402,1084.3150303058185,1096.7325439453125,10553200,0.0,0.0
2012-02-24 00:00:00+09:00,1090.080490975772,1095.4022834459547,1066.575907565798,1073.671630859375,16759000,0.0,0.0
2012-02-27 00:00:00+09:00,1056.375884246503,1061.2541943752651,1043.9583675551082,1046.17578125,16130600,0.0,0.0
2012-02-28 00:00:00+09:00,1056.3759074812308,1080.7674586615278,1050.1671489989733,1079.8804931640625,18159200,0.0,0.0
2012-02-29 00:00:00+09:00,1090.967456387469,1115.3590052091402,1065.688942154101,1073.671630859375,31804800,0.0,0.0
2012-03-01 00:00:00+09:00,1095.8457055970598,1109.593668718674,1078.106398343364,1094.958740234375,23960200,0.0,0.0
2012-03-02 00:00:00+09:00,1095.401995844635,1102.0542346857967,1081.2105529834898,1088.3062744140625,15374000,0.0,0.0
2012-03-05 00:00:00+09:00,1088.3065461610493,1089.1935115613437,1071.8976862556055,1078.5499267578125,9588000,0.0,0.0
2012-03-06 00:00:00+09:00,1078.1062565233883,1092.7411830825292,1053.7147122581532,1057.2625732421875,15649200,0.0,0.0
2012-03-07 00:00:00+09:00,1043.5146604205013,1047.0625215694022,1031.5406290429603,1039.079833984375,12880600,0.0,0.0
2012-03-08 00:00:00+09:00,1051.9409441378004,1055.0453229780046,1033.3146710965746,1042.6278076171875,13099400,0.0,0.0
2012-03-09 00:00:00+09:00,1063.4712083106576,1074.5582726174825,1047.5058357088294,1056.8189697265625,29413400,0.0,0.0
2012-03-12 00:00:00+09:00,1075.445853250517,1075.445853250517,1058.1500230332922,1058.593505859375,10934400,0.0,0.0
2012-03-13 00:00:00+09:00,1059.0366149723804,1075.0019910774918,1055.9322362852754,1061.2540283203125,12277600,0.0,0.0
2012-03-14 00:00:00+09:00,1083.428015779727,1085.2019462189896,1069.236572265625,1069.236572265625,11404200,0.0,0.0
2012-03-15 00:00:00+09:00,1077.6628013709924,1093.628176206118,1074.11494029652,1092.7412109375,14846600,0.0,0.0
2012-03-16 00:00:00+09:00,1092.7412288816863,1092.7412288816863,1078.5497843507553,1086.0889892578125,10374200,0.0,0.0
2012-03-19 00:00:00+09:00,1084.315094965556,1084.7585776219835,1071.0106152727271,1072.7845458984375,7432800,0.0,0.0
2012-03-21 00:00:00+09:00,1075.445474988242,1078.5498536789298,1060.810546875,1060.810546875,9985400,0.0,0.0
2012-03-22 00:00:00+09:00,1063.0278640666859,1098.5064744652402,1059.9234856568123,1096.7325439453125,15957200,0.0,0.0
2012-03-23 00:00:00+09:00,1083.4280638760295,1106.4891606101896,1081.6541333580171,1097.176025390625,15873000,0.0,0.0
2012-03-26 00:00:00+09:00,1098.0631503091117,1101.611011860999,1082.9847387135908,1083.8717041015625,10729600,0.0,0.0
2012-03-27 00:00:00+09:00,1086.5323169083244,1098.9498291015625,1080.3235608117054,1098.9498291015625,11228000,0.0,0.0
2012-03-28 00:00:00+09:00,1127.3632312826187,1128.7380644915,1115.4480101389813,1119.572509765625,9409800,40.0,0.0
2012-03-29 00:00:00+09:00,1131.0293808355564,1138.820101854278,1122.3221044028678,1127.3631591796875,13040200,0.0,0.0
2012-03-30 00:00:00+09:00,1136.5288052015221,1137.903638433621,1116.8228622081087,1121.4056396484375,11320600,0.0,0.0
2012-04-02 00:00:00+09:00,1136.0706439119374,1136.0706439119374,1122.3223101816598,1123.6971435546875,8455600,0.0,0.0
2012-04-03 00:00:00+09:00,1122.7803200035542,1123.6968753668223,1098.0333251953125,1098.0333251953125,10345200,0.0,0.0
2012-04-04 00:00:00+09:00,1098.4915911795079,1099.8664242097702,1075.1194296650503,1076.4942626953125,14944600,0.0,0.0
2012-04-05 00:00:00+09:00,1067.7870130395625,1085.659842871555,1059.9962923435655,1067.3287353515625,12479000,0.0,0.0
2012-04-06 00:00:00+09:00,1063.6628934380149,1087.0350638668554,1055.4138921101887,1077.8695068359375,11521600,0.0,0.0
2012-04-09 00:00:00+09:00,1068.703711401726,1074.6613221428163,1059.0798786661187,1060.4547119140625,6645800,0.0,0.0
2012-04-10 00:00:00+09:00,1063.6625422381558,1067.3287638400107,1038.915546425635,1040.7486572265625,10185200,0.0,0.0
2012-04-11 00:00:00+09:00,1031.1249414798058,1037.999107756338,1026.083886210349,1034.3328857421875,9612400,0.0,0.0
2012-04-12 00:00:00+09:00,1038.915691917356,1053.1223026140647,1023.7925256918278,1048.997802734375,8468600,0.0,0.0
2012-04-13 00:00:00+09:00,1057.2469182301315,1061.829696375906,1046.2482506802733,1051.289306640625,16132400,0.0,0.0
2012-04-16 00:00:00+09:00,1039.3738509881025,1045.331461245089,1027.9169081862053,1031.5831298828125,6345600,0.0,0.0
2012-04-17 00:00:00+09:00,1036.6241945909146,1068.703634741827,1035.2493614415898,1053.1221923828125,12649600,0.0,0.0
2012-04-18 00:00:00+09:00,1052.663735210793,1073.286228934992,1050.372347019215,1065.0372314453125,9556400,0.0,0.0
2012-04-19 00:00:00+09:00,1058.16326088005,1062.2877603810985,1044.873206932228,1048.5394287109375,7715000,0.0,0.0
2012-04-20 00:00:00+09:00,1043.9567334812689,1056.3302329562446,1041.2070669312743,1053.58056640625,5889400,0.0,0.0
2012-04-23 00:00:00+09:00,1052.2059216729526,1066.4125347268991,1048.0814211089034,1063.20458984375,6206000,0.0,0.0
2012-04-24 00:00:00+09:00,1055.871922451193,1069.161977030657,1052.2057004982375,1056.3302001953125,6808200,0.0,0.0
2012-04-25 00:00:00+09:00,1061.8293200041119,1063.2041529605262,1038.4571597450658,1044.873046875,8979200,0.0,0.0
2012-04-26 00:00:00+09:00,1054.0386634744623,1067.3287161878359,1050.3724420362903,1065.49560546875,7889800,0.0,0.0
2012-04-27 00:00:00+09:00,1095.283659105508,1114.073044052506,1088.8677715626304,1098.0333251953125,27725200,0.0,0.0
2012-05-01 00:00:00+09:00,1102.1576502961452,1106.282148779582,1091.1589876736473,1098.94970703125,14601200,0.0,0.0
2012-05-02 00:00:00+09:00,1099.4081516734564,1108.1154275724957,1092.9922641689009,1100.32470703125,9325200,0.0,0.0
2012-05-07 00:00:00+09:00,1065.0378429295392,1092.0762391140672,1058.621952309482,1086.576904296875,14494200,0.0,0.0
2012-05-08 00:00:00+09:00,1089.3263427428435,1105.36606592164,1078.7859532253485,1097.1170654296875,10999800,0.0,0.0
2012-05-09 00:00:00+09:00,1093.4506972624322,1122.780472880536,1089.7844753101692,1121.4056396484375,22900800,0.0,0.0
2012-05-10 00:00:00+09:00,1117.7396347898875,1117.7396347898875,1106.740966796875,1106.740966796875,11582200,0.0,0.0
2012-05-11 00:00:00+09:00,1102.1578121185303,1105.3657558544262,1084.7432604093808,1085.2015380859375,11828800,0.0,0.0
2012-05-14 00:00:00+09:00,1095.7421685813538,1118.1977797317036,1088.8680019026754,1117.739501953125,11462000,0.0,0.0
2012-05-15 00:00:00+09:00,1113.6148300611903,1115.906218600411,1100.7830542415552,1109.9486083984375,9657400,0.0,0.0
2012-05-16 00:00:00+09:00,1098.9498805585806,1101.2412689667512,1089.7843269258985,1098.0333251953125,10634200,0.0,0.0
2012-05-17 00:00:00+09:00,1093.4505549374608,1097.1167764125234,1083.8267235654212,1095.741943359375,8035400,0.0,0.0
2012-05-18 00:00:00+09:00,1076.9527320812037,1083.82689845619,1048.9977888229257,1053.58056640625,11903200,0.0,0.0
2012-05-21 00:00:00+09:00,1030.6666184252847,1079.2440579775657,1030.6666184252847,1074.2030029296875,10602200,0.0,0.0
2012-05-22 00:00:00+09:00,1072.3695703880073,1072.3695703880073,1057.7046873741542,1066.8702392578125,10099000,0.0,0.0
2012-05-23 00:00:00+09:00,1066.4121557219773,1068.703544109863,1041.6651611328125,1041.6651611328125,8521400,0.0,0.0
2012-05-24 00:00:00+09:00,1037.9991433165328,1050.3726430381869,1031.5832545719713,1046.7064208984375,9180200,0.0,0.0
2012-05-25 00:00:00+09:00,1043.0401201603831,1057.7050076143078,1036.6242318992913,1056.7884521484375,7938000,0.0,0.0
2012-05-28 00:00:00+09:00,1056.3302566205627,1063.2044231495468,1050.8309233973753,1061.82958984375,6340600,0.0,0.0
2012-05-29 00:00:00+09:00,1059.0797239175563,1071.9114990234375,1054.4969470940273,1071.9114990234375,5835800,0.0,0.0
2012-05-30 00:00:00+09:00,1090.7012131410672,1116.3647710973278,1084.7436014726497,1100.7833251953125,18651600,0.0,0.0
2012-05-31 00:00:00+09:00,1081.5352838010206,1122.7802734375,1081.5352838010206,1122.7802734375,17394000,0.0,0.0
2012-06-01 00:00:00+09:00,1122.780647924391,1144.7779830673994,1113.615091614804,1135.6124267578125,20061600,0.0,0.0
2012-06-04 00:00:00+09:00,1117.2810831622176,1131.9459702258725,1105.365862422998,1115.90625,12082000,0.0,0.0
2012-06-05 00:00:00+09:00,1124.6132299566113,1128.7377283549852,1113.6145675609478,1125.52978515625,8415800,0.0,0.0
2012-06-06 00:00:00+09:00,1130.1129902852458,1163.1089900016032,1129.196434737569,1161.27587890625,15499600,0.0,0.0
2012-06-07 00:00:00+09:00,1173.1909763023893,1178.2320312786885,1164.0254218000268,1169.9830322265625,10300800,0.0,0.0
2012-06-08 00:00:00+09:00,1161.7342199260256,1172.2746092981356,1149.3607193587661,1164.48388671875,22647200,0.0,0.0
2012-06-11 00:00:00+09:00,1176.3987201338457,1184.647717781843,1167.6914448387374,1171.357666015625,7206200,0.0,0.0
2012-06-12 00:00:00+09:00,1155.776380599684,1157.6094914333075,1141.1114939306951,1151.193603515625,11224600,0.0,0.0
2012-06-13 00:00:00+09:00,1154.8596707196302,1175.0238871925128,1153.4848377782973,1171.357666015625,8999600,0.0,0.0
2012-06-14 00:00:00+09:00,1170.8994715549065,1181.8981358669685,1163.1087510005295,1176.3988037109375,8531000,0.0,0.0
2012-06-15 00:00:00+09:00,1180.0652113457288,1192.43871064916,1174.5658783219817,1179.60693359375,9485200,0.0,0.0
2012-06-18 00:00:00+09:00,1196.10464594091,1198.3960341515249,1175.9404296875,1175.9404296875,7783400,0.0,0.0
2012-06-19 00:00:00+09:00,1169.5248093737905,1194.730085437881,1164.4837541609725,1184.189697265625,7189200,0.0,0.0
2012-06-20 00:00:00+09:00,1189.2308000171456,1200.687744140625,1187.397688957389,1200.687744140625,8393600,0.0,0.0
2012-06-21 00:00:00+09:00,1209.853265781424,1241.4744306825291,1208.478432524854,1235.97509765625,19347600,0.0,0.0
2012-06-22 00:00:00+09:00,1232.7670789319416,1268.0544637192127,1229.5591348603714,1261.1802978515625,15777200,0.0,0.0
2012-06-25 00:00:00+09:00,1255.6807349791177,1274.0118405992507,1246.515182169051,1265.3045654296875,12412000,0.0,0.0
2012-06-26 00:00:00+09:00,1255.6810651185542,1266.2214536213742,1242.8492878107734,1244.22412109375,11137200,0.0,0.0
2012-06-27 00:00:00+09:00,1250.1817018113939,1294.6346435546875,1247.8903130617396,1294.6346435546875,17555400,0.0,0.0
2012-06-28 00:00:00+09:00,1308.8413685055598,1346.4201472931845,1303.800312814537,1344.5870361328125,23592000,0.0,0.0
2012-06-29 00:00:00+09:00,1343.6703567479046,1372.5418548635655,1328.5471910682727,1353.294189453125,23421400,0.0,0.0
2012-07-02 00:00:00+09:00,1361.0850268009951,1364.7512490954086,1334.9631929532993,1355.585693359375,14756000,0.0,0.0
2012-07-03 00:00:00+09:00,1365.2095366869967,1367.9592034275547,1332.671813590395,1344.5870361328125,12948600,0.0,0.0
2012-07-04 00:00:00+09:00,1345.0452508378964,1370.2505281108383,1336.7962510031155,1365.20947265625,15158400,0.0,0.0
2012-07-05 00:00:00+09:00,1355.1273827185998,1361.0849938025842,1308.841327373798,1310.6744384765625,17376000,0.0,0.0
2012-07-06 00:00:00+09:00,1316.6318929318538,1342.2954453175776,1306.549783066034,1322.1312255859375,16861800,0.0,0.0
2012-07-09 00:00:00+09:00,1312.5073556648033,1350.086127719452,1311.590800248836,1338.998291015625,13296200,0.0,0.0
2012-07-10 00:00:00+09:00,1342.7536340941472,1354.210576364575,1333.1298025869878,1343.3607177734375,10557000,0.0,0.0
2012-07-11 00:00:00+09:00,1351.0025910566098,1363.376088328838,1343.2118705518737,1361.36474609375,16331600,0.0,0.0
2012-07-12 00:00:00+09:00,1374.833155648237,1388.5814872047192,1356.5020469062604,1374.3748779296875,22925800,0.0,0.0
2012-07-13 00:00:00+09:00,1358.3350670786372,1400.0383366819287,1349.6277910076203,1397.7469482421875,23873200,0.0,0.0
2012-07-17 00:00:00+09:00,1395.45564567943,1425.2436972292373,1388.581479937167,1407.927490234375,18022000,0.0,0.0
2012-07-18 00:00:00+09:00,1416.0783004381422,1420.661078109463,1365.6677460536127,1382.6240234375,15575800,0.0,0.0
2012-07-19 00:00:00+09:00,1383.9986649680054,1390.8728305224822,1374.374833191738,1383.9786376953125,6278800,0.0,0.0
2012-07-20 00:00:00+09:00,1377.1242734338964,1393.1639904289668,1359.2514459251038,1366.1256103515625,12197000,0.0,0.0
2012-07-23 00:00:00+09:00,1356.502163585278,1356.502163585278,1326.25583155939,1335.42138671875,11404800,0.0,0.0
2012-07-24 00:00:00+09:00,1329.0051780843012,1330.8382886747622,1295.550909808386,1301.966796875,14883200,0.0,0.0
2012-07-25 00:00:00+09:00,1290.051682854864,1358.7933355824769,1287.7602944306104,1350.0860595703125,20536400,0.0,0.0
2012-07-26 00:00:00+09:00,1345.0453042629363,1377.124749339054,1340.920804181721,1355.585693359375,13668400,0.0,0.0
2012-07-27 00:00:00+09:00,1383.9987100192252,1383.9987100192252,1361.5431018103038,1374.3748779296875,9488400,0.0,0.0
2012-07-30 00:00:00+09:00,1383.9989181411422,1390.8730849531014,1369.3340289422956,1370.7088623046875,6274600,0.0,0.0
2012-07-31 00:00:00+09:00,1359.710167415116,1383.998889650708,1357.877056302996,1379.8743896484375,7411600,0.0,0.0
2012-08-01 00:00:00+09:00,1416.077888920622,1457.3228759765625,1413.7865007508476,1457.3228759765625,25018400,0.0,0.0
2012-08-02 00:00:00+09:00,1450.448988151248,1459.614542578744,1436.700656510004,1445.8662109375,13174200,0.0,0.0
2012-08-03 00:00:00+09:00,1420.6607601147343,1438.99186669686,1416.077983469203,1422.9521484375,9511800,0.0,0.0
2012-08-06 00:00:00+09:00,1443.574931100578,1448.1577086596276,1434.409375982479,1438.7960205078125,5868400,0.0,0.0
2012-08-07 00:00:00+09:00,1438.9921365179537,1457.3232465372907,1436.7007477655366,1445.86865234375,7345200,0.0,0.0
2012-08-08 00:00:00+09:00,1448.1575239132612,1450.4489124004658,1422.9522505540115,1429.826416015625,8958800,0.0,0.0
2012-08-09 00:00:00+09:00,1429.826425670904,1464.19725321107,1427.5350371682262,1460.07275390625,11023600,0.0,0.0
2012-08-10 00:00:00+09:00,1448.157728794643,1452.7405064174109,1438.9921735491073,1443.574951171875,7645800,0.0,0.0
2012-08-13 00:00:00+09:00,1427.5352070557976,1443.574928483391,1425.2438182804271,1439.5294189453125,3461000,0.0,0.0
2012-08-14 00:00:00+09:00,1443.575017172898,1484.820017663552,1443.575017172898,1478.779052734375,14929400,0.0,0.0
2012-08-15 00:00:00+09:00,1484.8197716965287,1487.1111602330975,1466.488663403979,1480.1129150390625,7205000,0.0,0.0
2012-08-16 00:00:00+09:00,1491.6939326289862,1493.9853211583702,1466.488658805762,1479.3204345703125,8510800,0.0,0.0
2012-08-17 00:00:00+09:00,1468.7798423244863,1475.65400695315,1434.4090191811674,1439.4500732421875,9670000,0.0,0.0
2012-08-20 00:00:00+09:00,1425.2437523606472,1464.1973597402791,1425.2437523606472,1440.8251953125,8044000,0.0,0.0
2012-08-21 00:00:00+09:00,1445.8663180368835,1473.362983356127,1445.8663180368835,1458.6602783203125,7389600,0.0,0.0
2012-08-22 00:00:00+09:00,1475.654123849955,1482.5282890231692,1455.031628330313,1467.8634033203125,5717000,0.0,0.0
2012-08-23 00:00:00+09:00,1455.0320826802508,1464.1976391065832,1445.8665262539184,1461.90625,6432400,0.0,0.0
2012-08-24 00:00:00+09:00,1450.4491766099145,1450.4491766099145,1429.8266764685413,1440.3670654296875,7031400,0.0,0.0
2012-08-27 00:00:00+09:00,1461.9060405713121,1461.9060405713121,1445.8663191230376,1450.4490966796875,5145600,0.0,0.0
2012-08-28 00:00:00+09:00,1459.6146587902986,1461.9060475796084,1438.992159686511,1448.15771484375,7888200,0.0,0.0
2012-08-29 00:00:00+09:00,1448.15771484375,1448.15771484375,1434.4093821078916,1448.15771484375,4122200,0.0,0.0
2012-08-30 00:00:00+09:00,1457.3232011171144,1484.8198652891354,1452.740423755111,1471.071533203125,12327200,0.0,0.0
2012-08-31 00:00:00+09:00,1466.4890282131662,1480.2373628526645,1448.1579153605016,1461.90625,7151400,0.0,0.0
2012-09-03 00:00:00+09:00,1461.9060405713121,1468.780206906287,1448.1577079013625,1450.4490966796875,9156000,0.0,0.0
2012-09-04 00:00:00+09:00,1443.575036502579,1445.8664254494086,1395.4558686191597,1416.078369140625,14989800,0.0,0.0
2012-09-05 00:00:00+09:00,1425.24375390625,1441.2834746093752,1409.2040332031252,1432.117919921875,11402400,0.0,0.0
2012-09-06 00:00:00+09:00,1434.4095664978026,1477.9459590911865,1434.4095664978026,1466.489013671875,14363400,0.0,0.0
2012-09-07 00:00:00+09:00,1484.8197220203488,1489.4024989401646,1471.071391260901,1477.945556640625,8469000,0.0,0.0
2012-09-10 00:00:00+09:00,1484.8198912085556,1510.025167139565,1480.2371137665539,1503.1510009765625,11028600,0.0,0.0
2012-09-11 00:00:00+09:00,1493.985466716118,1500.8596329740142,1487.1113004582216,1496.27685546875,7201600,0.0,0.0
2012-09-12 00:00:00+09:00,1510.0252756043408,1512.3166644899316,1498.5683311763867,1507.73388671875,11432800,0.0,0.0
2012-09-13 00:00:00+09:00,1496.27660479531,1505.4421582703196,1487.1110513203007,1498.5679931640625,6377000,0.0,0.0
2012-09-14 00:00:00+09:00,1500.8594970703125,1512.31643979604,1489.4025543445848,1500.8594970703125,18367400,0.0,0.0
2012-09-18 00:00:00+09:00,1487.1112194548873,1523.7734375,1487.1112194548873,1523.7734375,12286200,0.0,0.0
2012-09-19 00:00:00+09:00,1526.0645750066412,1528.355963257402,1482.5281982421875,1482.5281982421875,17179800,0.0,0.0
2012-09-20 00:00:00+09:00,1487.1113242620154,1493.9854906299445,1445.8663260544402,1448.15771484375,16801200,0.0,0.0
2012-09-21 00:00:00+09:00,1455.0316558013092,1464.1972095386402,1434.4091598923142,1441.2833251953125,8216200,0.0,0.0
2012-09-24 00:00:00+09:00,1452.7404715951034,1471.0715816467764,1441.2835278128075,1455.0318603515625,12466400,0.0,0.0
2012-09-25 00:00:00+09:00,1450.448988151248,1461.905931185618,1443.574822330626,1445.8662109375,7570400,0.0,0.0
2012-09-26 00:00:00+09:00,1448.1869478241115,1455.1493850732659,1429.620448493033,1436.5828857421875,9289600,20.0,0.0
2012-09-27 00:00:00+09:00,1429.6207766026928,1443.545654296875,1415.6958989085108,1443.545654296875,10350200,0.0,0.0
2012-09-28 00:00:00+09:00,1452.8285437475276,1478.3574798197685,1445.8661066369166,1466.75341796875,11985400,0.0,0.0
2012-10-01 00:00:00+09:00,1462.1121702332428,1476.0370480449878,1415.6959108607589,1441.224853515625,12386200,0.0,0.0
2012-10-02 00:00:00+09:00,1487.6408928287608,1508.5282064566218,1455.1495160743104,1482.999267578125,19692400,0.0,0.0
2012-10-03 00:00:00+09:00,1487.6408928287608,1494.6033307047144,1464.432766575582,1482.999267578125,9409400,0.0,0.0
2012-10-04 00:00:00+09:00,1480.6783630566094,1482.9991755378894,1450.50780079997,1452.82861328125,8185200,0.0,0.0
2012-10-05 00:00:00+09:00,1438.9038045914447,1445.8662423555968,1394.8083654184811,1415.6956787109375,14889000,0.0,0.0
2012-10-09 00:00:00+09:00,1380.8835714412962,1404.0916986924103,1349.784680924803,1399.4500732421875,29647400,0.0,0.0
2012-10-10 00:00:00+09:00,1372.0641667758796,1394.8081262386731,1349.784369751102,1355.8184814453125,19817600,0.0,0.0
2012-10-11 00:00:00+09:00,1332.6104504983484,1365.101823377096,1327.9688258013846,1337.2520751953125,19443600,0.0,0.0
2012-10-12 00:00:00+09:00,1128.3789155772931,1157.1569874677878,1105.6349555348056,1111.6690673828125,137450200,0.0,0.0
2012-10-15 00:00:00+09:00,1112.1332538476906,1120.0240156654747,1021.1574117132385,1052.720458984375,105829600,0.0,0.0
2012-10-16 00:00:00+09:00,1122.3449592083753,1168.7612106231136,1115.846684010312,1153.44384765625,127319600,0.0,0.0
2012-10-17 00:00:00+09:00,1177.1159348958333,1218.4263916015625,1176.1876100260415,1218.4263916015625,99062400,0.0,0.0
2012-10-18 00:00:00+09:00,1241.6346975473257,1246.2763225848857,1200.3242347130408,1206.822509765625,62433600,0.0,0.0
2012-10-19 00:00:00+09:00,1198.931746729713,1208.6791593047515,1185.0068716225155,1192.4334716796875,29912000,0.0,0.0
2012-10-22 00:00:00+09:00,1181.2934751768369,1203.1091110641892,1175.2593631228885,1202.1807861328125,19156200,0.0,0.0
2012-10-23 00:00:00+09:00,1211.9283408176752,1217.49829106272,1198.9317902459038,1203.1092529296875,15943800,0.0,0.0
2012-10-24 00:00:00+09:00,1194.754414149693,1204.9659903390066,1191.9694388253347,1195.6827392578125,12834400,0.0,0.0
2012-10-25 00:00:00+09:00,1195.2182560832662,1207.2864792514854,1178.044246190031,1186.399169921875,17464000,0.0,0.0
2012-10-26 00:00:00+09:00,1197.539431669933,1211.4643087823742,1190.1128305432978,1206.3585205078125,23749000,0.0,0.0
2012-10-29 00:00:00+09:00,1206.8224657123108,1206.8224657123108,1190.5767786738759,1196.146728515625,10328800,0.0,0.0
2012-10-30 00:00:00+09:00,1196.6111315859562,1198.9319444866271,1160.406450335489,1164.1197509765625,13149800,0.0,0.0
2012-10-31 00:00:00+09:00,1162.2627405273051,1195.2182735055153,1151.58700449211,1172.9384765625,19017600,0.0,0.0
2012-11-01 00:00:00+09:00,1202.180939536681,1233.7439912310804,1192.8976890383283,1215.177490234375,35643400,0.0,0.0
2012-11-02 00:00:00+09:00,1230.0307789003489,1261.1296702914144,1230.0307789003489,1259.7371826171875,25837600,0.0,0.0
2012-11-05 00:00:00+09:00,1239.31378338788,1241.1704332506333,1223.5322595544762,1236.52880859375,28569600,0.0,0.0
2012-11-06 00:00:00+09:00,1241.6351329687354,1256.9525009642377,1239.3143196360836,1250.4542236328125,16146200,0.0,0.0
2012-11-07 00:00:00+09:00,1263.91448481396,1299.654997238005,1259.2728598238243,1286.658447265625,32207000,0.0,0.0
2012-11-08 00:00:00+09:00,1286.6584749190938,1309.8666003685726,1279.6960372842502,1290.8359375,26748800,0.0,0.0
2012-11-09 00:00:00+09:00,1281.0885640063318,1292.2284645629086,1272.733638588899,1278.3035888671875,16312400,0.0,0.0
2012-11-12 00:00:00+09:00,1272.7337750561665,1288.0511399638447,1270.4129621913667,1284.802001953125,9768400,0.0,0.0
2012-11-13 00:00:00+09:00,1285.730024915094,1295.9415991201959,1259.7369269384712,1262.0577392578125,12155600,0.0,0.0
2012-11-14 00:00:00+09:00,1269.4843206724918,1284.801681762873,1264.8426960996492,1275.5184326171875,9287200,0.0,0.0
2012-11-15 00:00:00+09:00,1277.374954195676,1287.122364819989,1260.200945000458,1266.69921875,11963000,0.0,0.0
2012-11-16 00:00:00+09:00,1266.6997290039062,1299.6552734375,1262.522265625,1299.6552734375,18042800,0.0,0.0
2012-11-19 00:00:00+09:00,1313.5800958620766,1336.7882247642333,1311.723445549904,1328.8974609375,18498400,0.0,0.0
2012-11-20 00:00:00+09:00,1343.7503398049153,1357.675213792531,1340.0370400748843,1353.9619140625,20131800,0.0,0.0
2012-11-21 00:00:00+09:00,1369.743334189112,1397.128917624272,1366.9583596024854,1394.80810546875,27818000,0.0,0.0
2012-11-22 00:00:00+09:00,1418.0164260620509,1455.14942576253,1413.374801099491,1452.82861328125,25321400,0.0,0.0
2012-11-26 00:00:00+09:00,1478.3575092371138,1482.9991340698834,1429.620448493033,1436.5828857421875,20023000,0.0,0.0
2012-11-27 00:00:00+09:00,1438.903922856133,1492.282616768538,1434.2622972985325,1487.6409912109375,22850400,0.0,0.0
2012-11-28 00:00:00+09:00,1480.6781460253599,1489.961394589782,1464.4324610376207,1471.3948974609375,14164600,0.0,0.0
2012-11-29 00:00:00+09:00,1466.753493207056,1487.640805610321,1462.1118682285526,1476.0367431640625,14453400,0.0,0.0
2012-11-30 00:00:00+09:00,1478.3573954066799,1478.3573954066799,1434.261962890625,1434.261962890625,14448200,0.0,0.0
2012-12-03 00:00:00+09:00,1408.7333327701203,1434.2622729026925,1385.525205376873,1388.3101806640625,21692800,0.0,0.0
2012-12-04 00:00:00+09:00,1383.6682071222442,1418.0162270239705,1372.9924712068428,1394.80810546875,14431400,0.0,0.0
2012-12-05 00:00:00+09:00,1387.3817611490886,1411.0540494791667,1384.5967860514322,1392.487548828125,11005000,0.0,0.0
2012-12-06 00:00:00+09:00,1401.7708768067996,1434.26225474603,1401.7708768067996,1424.97900390625,14553400,0.0,0.0
2012-12-07 00:00:00+09:00,1406.4121662463601,1413.3746027129264,1388.3098314332883,1394.80810546875,16093400,0.0,0.0
2012-12-10 00:00:00+09:00,1387.845731291941,1404.0914171097397,1379.026644705136,1392.023193359375,10625800,0.0,0.0
2012-12-11 00:00:00+09:00,1388.3101610200945,1399.4500620112287,1385.525185772311,1387.3818359375,11052200,0.0,0.0
2012-12-12 00:00:00+09:00,1404.091611735026,1411.0540494791667,1392.487548828125,1392.487548828125,7872600,0.0,0.0
2012-12-13 00:00:00+09:00,1406.4125114175217,1406.4125114175217,1392.023472521831,1399.4500732421875,9559200,0.0,0.0
2012-12-14 00:00:00+09:00,1397.129218300048,1399.4500309550315,1348.3921525453952,1359.9962158203125,37890200,0.0,0.0
2012-12-17 00:00:00+09:00,1383.6686378277223,1394.8085396418335,1360.460509048324,1386.45361328125,18468800,0.0,0.0
2012-12-18 00:00:00+09:00,1401.770738693091,1459.79105072509,1401.770738693091,1452.82861328125,23443400,0.0,0.0
2012-12-19 00:00:00+09:00,1476.036773926565,1478.3575864641855,1438.903773324639,1445.8662109375,14160800,0.0,0.0
2012-12-20 00:00:00+09:00,1438.9037800916758,1438.9037800916758,1390.1667165724416,1391.5592041015625,14972800,0.0,0.0
2012-12-21 00:00:00+09:00,1408.7332645215486,1420.337327655993,1380.883512998882,1411.0540771484375,13614800,0.0,0.0
2012-12-25 00:00:00+09:00,1415.695804656498,1462.112060546875,1406.4125534784225,1462.112060546875,19723000,0.0,0.0
2012-12-26 00:00:00+09:00,1455.149147409703,1469.0740196337192,1438.9034631483507,1459.790771484375,12335800,0.0,0.0
2012-12-27 00:00:00+09:00,1476.0366558056871,1476.0366558056871,1464.4325940462086,1469.07421875,9411800,0.0,0.0
2012-12-28 00:00:00+09:00,1476.0367143958997,1478.3575268399184,1455.1494023997313,1457.47021484375,7037800,0.0,0.0
2013-01-04 00:00:00+09:00,1480.678499609375,1482.9993123046875,1443.545496484375,1450.5079345703125,12023000,0.0,0.0
2013-01-07 00:00:00+09:00,1427.2997061152248,1434.2621437060309,1392.4875181611949,1422.6580810546875,13892400,0.0,0.0
2013-01-08 00:00:00+09:00,1436.5832275783766,1448.1872924214977,1429.620788672504,1441.224853515625,10749800,0.0,0.0
2013-01-09 00:00:00+09:00,1429.6205781635485,1431.9413907904373,1397.129201387104,1411.0540771484375,11551600,0.0,0.0
2013-01-10 00:00:00+09:00,1406.4124518946596,1429.6205781635485,1406.4124518946596,1411.0540771484375,8860200,0.0,0.0
2013-01-11 00:00:00+09:00,1408.733189462826,1418.0164394757605,1397.1291269466578,1401.770751953125,13647400,0.0,0.0
2013-01-15 00:00:00+09:00,1424.9788414139723,1429.6204663045717,1399.4499045156765,1408.733154296875,11695600,0.0,0.0
2013-01-16 00:00:00+09:00,1401.771155417128,1404.0919685883484,1362.317331506381,1362.781494140625,18513800,0.0,0.0
2013-01-17 00:00:00+09:00,1392.4875803537911,1411.0540814251751,1355.3545782110234,1391.0950927734375,22221200,0.0,0.0
2013-01-18 00:00:00+09:00,1408.733189462826,1411.0540019660596,1387.845876933723,1401.770751953125,14013600,0.0,0.0
2013-01-21 00:00:00+09:00,1397.1292258208653,1399.4500384883418,1372.0644490121188,1377.6343994140625,13314200,0.0,0.0
2013-01-22 00:00:00+09:00,1379.4907966982228,1394.8081574960158,1367.4225730393553,1374.385009765625,15551400,0.0,0.0
2013-01-23 00:00:00+09:00,1372.064283345713,1384.596670236895,1363.2451962741404,1366.95849609375,11523800,0.0,0.0
2013-01-24 00:00:00+09:00,1353.4978623433797,1371.136037504233,1337.7163371994582,1370.671875,14797200,0.0,0.0
2013-01-25 00:00:00+09:00,1392.4877324380166,1406.4126097623969,1388.774431818182,1404.091796875,12510400,0.0,0.0
2013-01-28 00:00:00+09:00,1420.337327655993,1422.6581402828817,1401.770826640882,1411.0540771484375,9290600,0.0,0.0
2013-01-29 00:00:00+09:00,1413.3748309336129,1427.2997061152248,1401.7707682822697,1422.6580810546875,10188200,0.0,0.0
2013-01-30 00:00:00+09:00,1448.1870047982284,1485.3200049212599,1441.2245672751599,1473.7159423828125,24645800,0.0,0.0
2013-01-31 00:00:00+09:00,1485.3201687116564,1513.169921875,1476.0369176572087,1513.169921875,22994800,0.0,0.0
2013-02-01 00:00:00+09:00,1534.0570456362257,1615.2854822432873,1531.736233161738,1599.039794921875,46182000,0.0,0.0
2013-02-04 00:00:00+09:00,1606.002208925018,1612.9646462469473,1566.5483974340855,1603.681396484375,17607200,0.0,0.0
2013-02-05 00:00:00+09:00,1578.1523899778106,1601.3605133598373,1568.869140625,1568.869140625,14262400,0.0,0.0
2013-02-06 00:00:00+09:00,1592.0776742254177,1645.4563717577569,1578.1527966082858,1631.531494140625,25468400,0.0,0.0
2013-02-07 00:00:00+09:00,1612.964622860863,1629.2103097098213,1596.7189360119046,1608.322998046875,13407400,0.0,0.0
2013-02-08 00:00:00+09:00,1585.1150616373939,1617.6064391819377,1568.869372865122,1571.190185546875,15250200,0.0,0.0
2013-02-12 00:00:00+09:00,1615.2853724986776,1677.9473050525057,1612.9645601818693,1645.4559326171875,25939200,0.0,0.0
2013-02-13 00:00:00+09:00,1631.5313576470191,1650.0978595832582,1592.0775410325107,1610.64404296875,13830600,0.0,0.0
2013-02-14 00:00:00+09:00,1615.2853241848807,1631.5310099166252,1582.7939527213919,1606.0020751953125,11530600,0.0,0.0
2013-02-15 00:00:00+09:00,1610.6437810076413,1617.6062181013344,1578.1524079037408,1589.7564697265625,10318600,0.0,0.0
2013-02-18 00:00:00+09:00,1619.9270953634511,1629.210345193614,1589.7565334154212,1601.360595703125,8814000,0.0,0.0
2013-02-19 00:00:00+09:00,1582.7943115234375,1601.3608137113958,1573.5110604294584,1582.7943115234375,7320800,0.0,0.0
2013-02-20 00:00:00+09:00,1603.6812904144422,1603.6812904144422,1575.83154296875,1575.83154296875,6738200,0.0,0.0
2013-02-21 00:00:00+09:00,1571.1899935903866,1575.8316183868133,1531.7361828207609,1536.3778076171875,8900400,0.0,0.0
2013-02-22 00:00:00+09:00,1524.7736657660105,1568.8690990225618,1499.244730722744,1552.6234130859375,14566200,0.0,0.0
2013-02-25 00:00:00+09:00,1601.3607801258993,1617.6064691996403,1580.473465602518,1612.96484375,13949600,0.0,0.0
2013-02-26 00:00:00+09:00,1592.0772937083104,1619.9270422862983,1587.4356689453125,1587.4356689453125,14239800,0.0,0.0
2013-02-27 00:00:00+09:00,1606.0022581174924,1610.6438831409534,1545.6611328125,1545.6611328125,8615400,0.0,0.0
2013-02-28 00:00:00+09:00,1557.2653124502478,1596.7191281159023,1554.9444997640328,1594.3983154296875,12255200,0.0,0.0
2013-03-01 00:00:00+09:00,1573.5107421875,1592.0772406203907,1568.8691175792771,1573.5107421875,6081000,0.0,0.0
2013-03-04 00:00:00+09:00,1594.3984149720025,1631.5314202697493,1589.7567893097842,1622.2481689453125,15046600,0.0,0.0
2013-03-05 00:00:00+09:00,1638.493600376674,1647.7768502371653,1622.2479131208147,1624.5687255859375,11364600,0.0,0.0
2013-03-06 00:00:00+09:00,1640.8144596528243,1740.6093985001671,1631.53120952749,1735.9677734375,29723200,0.0,0.0
2013-03-07 00:00:00+09:00,1740.6093409804046,1810.2337146196207,1691.8722794329533,1698.834716796875,35463200,0.0,0.0
2013-03-08 00:00:00+09:00,1717.4013122154388,1763.8175638969371,1705.7972492950641,1752.2135009765625,42955200,0.0,0.0
2013-03-11 00:00:00+09:00,1752.2133262644463,1784.7046992018004,1729.005202737765,1738.2884521484375,19165400,0.0,0.0
2013-03-12 00:00:00+09:00,1759.1757696702075,1780.06308091959,1740.6092707818677,1761.49658203125,16697200,0.0,0.0
2013-03-13 00:00:00+09:00,1780.0629923179665,1805.5919270187458,1752.213245371662,1754.5340576171875,15486600,0.0,0.0
2013-03-14 00:00:00+09:00,1766.1381188448142,1780.0629923179665,1733.646747407459,1754.5340576171875,8183400,0.0,0.0
2013-03-15 00:00:00+09:00,1768.4591534697602,1770.7799660071219,1747.5718406335031,1759.1759033203125,8366200,0.0,0.0
2013-03-18 00:00:00+09:00,1694.1931623138344,1724.3637254783273,1682.5890995582602,1684.909912109375,14450800,0.0,0.0
2013-03-19 00:00:00+09:00,1719.7220170878452,1731.3260792814206,1698.8347051394098,1701.155517578125,8677600,0.0,0.0
2013-03-21 00:00:00+09:00,1735.967759486607,1793.9880723036729,1726.6845094358766,1787.025634765625,23814800,0.0,0.0
2013-03-22 00:00:00+09:00,1761.4969102575424,1768.459348638007,1745.251220703125,1745.251220703125,13522400,0.0,0.0
2013-03-25 00:00:00+09:00,1763.817560254913,1814.875436999134,1752.2134973584991,1800.9505615234375,25081000,0.0,0.0
2013-03-26 00:00:00+09:00,1856.6502063679245,1886.820772221403,1828.8004532724055,1845.046142578125,34354000,0.0,0.0
2013-03-27 00:00:00+09:00,1894.2784313635698,2004.4654193265496,1889.5896233651451,1999.776611328125,47771000,20.0,0.0
2013-03-28 00:00:00+09:00,2006.8097104673031,2072.453018753617,1999.7764988651982,2025.56494140625,38590600,0.0,0.0
2013-03-29 00:00:00+09:00,2044.3197522141418,2063.0749792986753,2013.842508201775,2034.942138671875,22461000,0.0,0.0
2013-04-01 00:00:00+09:00,2034.9422623200646,2058.3862976002497,1990.398595287713,1995.08740234375,19839000,0.0,0.0
2013-04-02 00:00:00+09:00,1969.29931640625,2039.6314348493304,1957.5772966657366,2002.1209716796875,18224200,0.0,0.0
2013-04-03 00:00:00+09:00,2032.5985348296406,2102.9306640625,2016.1877046753066,2102.9306640625,29432600,0.0,0.0
2013-04-04 00:00:00+09:00,2072.453226545216,2119.34130859375,2041.9759732136683,2119.34130859375,31655600,0.0,0.0
2013-04-05 00:00:00+09:00,2217.8063655073925,2224.8395780829974,2147.474239751344,2180.2958984375,32858800,0.0,0.0
2013-04-08 00:00:00+09:00,2224.8398334919902,2238.9062602580093,2187.32936211594,2231.873046875,19656800,0.0,0.0
2013-04-09 00:00:00+09:00,2264.6943450642525,2274.071961399922,2236.561496057243,2257.6611328125,19327400,0.0,0.0
2013-04-10 00:00:00+09:00,2250.6276824034335,2260.0052977467813,2184.984375,2184.984375,23147400,0.0,0.0
2013-04-11 00:00:00+09:00,2203.739788619819,2238.9058490765183,2199.050980558926,2234.217041015625,17148600,0.0,0.0
2013-04-12 00:00:00+09:00,2250.6278168080594,2250.6278168080594,2196.7065253636997,2210.77294921875,17331200,0.0,0.0
2013-04-15 00:00:00+09:00,2184.9847658334443,2224.839638171608,2184.9847658334443,2196.706787109375,10409600,0.0,0.0
2013-04-16 00:00:00+09:00,1999.7763547427603,2124.02975075843,1985.709932552307,2046.6644287109375,65570600,0.0,0.0
2013-04-17 00:00:00+09:00,2067.7639948152605,2109.963260015572,2037.2867477261466,2070.1083984375,25882800,0.0,0.0
2013-04-18 00:00:00+09:00,2063.075182950949,2067.763990184929,2020.8759178451344,2037.2867431640625,15557200,0.0,0.0
2013-04-19 00:00:00+09:00,2032.5980065204844,2060.7308509013906,2030.2536028220754,2046.6644287109375,9649000,0.0,0.0
2013-04-22 00:00:00+09:00,2077.1416093042185,2088.863627415416,2058.3863803263025,2070.1083984375,11257200,0.0,0.0
2013-04-23 00:00:00+09:00,2046.6644321514761,2100.585717305524,2044.320028449126,2079.486083984375,14247000,0.0,0.0
2013-04-24 00:00:00+09:00,2105.2745081253383,2180.2954260095376,2100.585700757576,2166.22900390625,24835000,0.0,0.0
2013-04-25 00:00:00+09:00,2208.4288284110226,2248.2837011105844,2187.329189923019,2241.25048828125,21659800,0.0,0.0
2013-04-26 00:00:00+09:00,2231.872715212264,2250.627948113208,2203.739865860849,2236.5615234375,16464800,0.0,0.0
2013-04-30 00:00:00+09:00,2269.3825756962437,2283.448996619981,2241.2497338487697,2262.349365234375,14780000,0.0,0.0
2013-05-01 00:00:00+09:00,2271.727683900405,2276.416492329508,2222.4951953948234,2224.839599609375,10577400,0.0,0.0
2013-05-02 00:00:00+09:00,2203.7395559210527,2245.938824013158,2180.2955180921053,2227.18359375,11128200,0.0,0.0
2013-05-07 00:00:00+09:00,2285.793814124903,2297.515833684518,2255.3165632699042,2260.00537109375,17948400,0.0,0.0
2013-05-08 00:00:00+09:00,2292.8270268594065,2353.781528595955,2285.793815120574,2325.648681640625,27209200,0.0,0.0
2013-05-09 00:00:00+09:00,2353.7816141103012,2522.578701974785,2349.0928061140658,2452.24658203125,42705000,0.0,0.0
2013-05-10 00:00:00+09:00,2560.0886497839992,2738.263317717684,2527.2670004277943,2611.66552734375,64717400,0.0,0.0
2013-05-13 00:00:00+09:00,2658.553758190524,2672.620180191532,2588.221648185484,2616.3544921875,21414800,0.0,0.0
2013-05-14 00:00:00+09:00,2611.6663390042486,2672.620849609375,2541.3342113829494,2672.620849609375,19669400,0.0,0.0
2013-05-15 00:00:00+09:00,2742.9524138789848,2832.0397572357383,2719.5083761535234,2794.529296875,29020800,0.0,0.0
2013-05-16 00:00:00+09:00,2771.085502073937,2813.2847736791236,2672.6205349951674,2728.88623046875,21235200,0.0,0.0
2013-05-17 00:00:00+09:00,2681.9984771675986,2752.3306050653505,2635.110391902431,2724.19775390625,14978400,0.0,0.0
2013-05-20 00:00:00+09:00,2775.7742405941613,2860.172781693308,2771.0854327553197,2850.795166015625,20521400,0.0,0.0
2013-05-21 00:00:00+09:00,2817.9735635349894,2850.795219017094,2728.8862129407053,2742.95263671875,17694000,0.0,0.0
2013-05-22 00:00:00+09:00,2742.95245904573,2747.6412666680303,2677.3091523335243,2686.686767578125,14844000,0.0,0.0
2013-05-23 00:00:00+09:00,2733.5747359426396,2813.2844623766446,2485.0679417660363,2494.445556640625,30190000,0.0,0.0
2013-05-24 00:00:00+09:00,2625.7322950487014,2649.1763333973504,2372.536680883291,2527.267333984375,24507600,0.0,0.0
2013-05-27 00:00:00+09:00,2395.980679834834,2466.3127937243107,2381.914257056939,2424.113525390625,14958400,0.0,0.0
2013-05-28 00:00:00+09:00,2377.2255864061003,2485.0681672489804,2377.2255864061003,2442.868896484375,13316400,0.0,0.0
2013-05-29 00:00:00+09:00,2536.6448235762746,2555.400053325452,2456.9350971422696,2494.445556640625,16461200,0.0,0.0
2013-05-30 00:00:00+09:00,2508.512022846574,2531.956060443271,2372.536604785732,2386.60302734375,22910200,0.0,0.0
2013-05-31 00:00:00+09:00,2461.623986131679,2489.7568316874695,2410.0471026127298,2424.113525390625,17018000,0.0,0.0
2013-06-03 00:00:00+09:00,2297.516181759718,2367.848309772771,2285.794160424209,2306.893798828125,17867200,0.0,0.0
2013-06-04 00:00:00+09:00,2306.893518447876,2428.8025255203247,2297.515902519226,2400.669677734375,17946000,0.0,0.0
2013-06-05 00:00:00+09:00,2400.669520547945,2517.8897119809503,2363.1590592893835,2395.980712890625,25633400,0.0,0.0
2013-06-06 00:00:00+09:00,2349.09224207261,2433.49076573989,2320.959400850184,2391.29150390625,20080800,0.0,0.0
2013-06-07 00:00:00+09:00,2344.4041903056795,2405.358699253627,2274.072064596509,2363.159423828125,21389800,0.0,0.0
2013-06-10 00:00:00+09:00,2456.9348409901495,2588.221435546875,2438.1796131963315,2588.221435546875,22126400,0.0,0.0
2013-06-11 00:00:00+09:00,2541.3340172230114,2635.1101802201706,2513.201168323864,2578.844482421875,20496800,0.0,0.0
2013-06-12 00:00:00+09:00,2578.844482421875,2606.977331321023,2503.823552024148,2578.844482421875,12960400,0.0,0.0
2013-06-13 00:00:00+09:00,2461.623667521649,2513.20054436496,2323.303861441861,2335.02587890625,25519800,0.0,0.0
2013-06-14 00:00:00+09:00,2349.0929986862907,2428.802741156684,2335.026573544457,2363.159423828125,32668000,0.0,0.0
2013-06-17 00:00:00+09:00,2353.7812137276787,2475.6902008928573,2349.092406529018,2461.623779296875,13142600,0.0,0.0
2013-06-18 00:00:00+09:00,2475.690288048664,2508.5119395947636,2438.179829138836,2456.93505859375,9968600,0.0,0.0
2013-06-19 00:00:00+09:00,2536.644829942193,2597.599326779991,2522.578407595009,2560.0888671875,19776800,0.0,0.0
2013-06-20 00:00:00+09:00,2536.644829942193,2592.910519330929,2531.956022493132,2560.0888671875,14716200,0.0,0.0
2013-06-21 00:00:00+09:00,2466.3128214225494,2625.73228136241,2452.2463984866795,2606.97705078125,18935000,0.0,0.0
2013-06-24 00:00:00+09:00,2681.9986153738837,2752.3307468959265,2621.0441013881136,2625.73291015625,22952000,0.0,0.0
2013-06-25 00:00:00+09:00,2649.176733533322,2663.2431586671273,2471.0020151717886,2546.02294921875,22290400,0.0,0.0
2013-06-26 00:00:00+09:00,2639.79870064936,2653.8651235657867,2531.9561249567573,2541.333740234375,17049000,0.0,0.0
2013-06-27 00:00:00+09:00,2592.9108178062775,2653.8653216606745,2574.1555858510783,2649.176513671875,19067400,0.0,0.0
2013-06-28 00:00:00+09:00,2719.5081430807427,2724.1969502239854,2686.686493078044,2714.8193359375,16521000,0.0,0.0
2013-07-01 00:00:00+09:00,2714.8198066003542,2738.263846381014,2672.6205349951674,2728.88623046875,12502600,0.0,0.0
2013-07-02 00:00:00+09:00,2733.575554902675,2789.841261007018,2719.509128376589,2766.397216796875,15563400,0.0,0.0
2013-07-03 00:00:00+09:00,2775.773989762931,2780.462797178071,2710.1306859509696,2719.50830078125,10005000,0.0,0.0
2013-07-04 00:00:00+09:00,2728.8859645222196,2752.330002018115,2667.9314670328918,2677.30908203125,10991200,0.0,0.0
2013-07-05 00:00:00+09:00,2714.8197719029017,2757.01904296875,2705.442156110491,2757.01904296875,9877200,0.0,0.0
2013-07-08 00:00:00+09:00,2803.907415685519,2803.907415685519,2625.732696963028,2663.2431640625,18896800,0.0,0.0
2013-07-09 00:00:00+09:00,2686.6871682409624,2714.8200181701873,2602.2886184532886,2691.3759765625,17903800,0.0,0.0
2013-07-10 00:00:00+09:00,2686.68675104777,2757.0188649495444,2663.242713080512,2700.753173828125,17514800,0.0,0.0
2013-07-11 00:00:00+09:00,2681.998046875,2710.130893520542,2639.7987769066867,2681.998046875,10999000,0.0,0.0
2013-07-12 00:00:00+09:00,2696.0643662346733,2714.81959660848,2681.997943454319,2700.753173828125,12154600,0.0,0.0
2013-07-16 00:00:00+09:00,2714.8199940018244,2803.9073513179464,2696.0647608826407,2771.085693359375,29695200,0.0,0.0
2013-07-17 00:00:00+09:00,2803.9072564894154,2916.4386513986897,2761.7079833984376,2907.06103515625,41210400,0.0,0.0
2013-07-18 00:00:00+09:00,2996.1484011627904,3099.302180232558,2986.770784883721,3024.28125,45353800,0.0,0.0
2013-07-19 00:00:00+09:00,3038.3476046121696,3118.057341152921,2907.06097972152,3014.903564453125,42302400,0.0,0.0
2013-07-22 00:00:00+09:00,3066.4806628587253,3103.991129682685,3014.9037709757804,3043.03662109375,22548200,0.0,0.0
2013-07-23 00:00:00+09:00,3028.9704625641493,3221.2116219528957,3014.904036267412,3197.767578125,54196000,0.0,0.0
2013-07-24 00:00:00+09:00,3193.0783474547816,3282.1657022295844,3136.8126497022745,3272.7880859375,55275000,0.0,0.0
2013-07-25 00:00:00+09:00,3272.787838881763,3286.8542622580453,3141.501220703125,3141.501220703125,31173600,0.0,0.0
2013-07-26 00:00:00+09:00,3094.6137410731403,3155.568254154884,3028.970419292801,3057.103271484375,30689200,0.0,0.0
2013-07-29 00:00:00+09:00,2986.7706654866533,3028.9699370555386,2907.0609303009815,2925.816162109375,20177200,0.0,0.0
2013-07-30 00:00:00+09:00,2935.194228205605,2958.63827156188,2850.7956721230157,2953.949462890625,27174400,0.0,0.0
2013-07-31 00:00:00+09:00,2958.6378177740635,3099.302056337014,2916.438546205178,2925.816162109375,40615800,0.0,0.0
2013-08-01 00:00:00+09:00,2963.3267721607945,3141.5014831451463,2902.372265771411,3127.43505859375,32763400,0.0,0.0
2013-08-02 00:00:00+09:00,3183.7002183112545,3239.965907000113,3160.256181357563,3235.277099609375,30576600,0.0,0.0
2013-08-05 00:00:00+09:00,3188.389912412297,3249.3444254437086,3169.634677633401,3174.323486328125,17038000,0.0,0.0
2013-08-06 00:00:00+09:00,3174.3233185502822,3179.0121269971805,3043.036682037124,3118.0576171875,26394800,0.0,0.0
2013-08-07 00:00:00+09:00,3024.2807382288793,3043.0359676132443,2958.6374353836013,2972.703857421875,23597200,0.0,0.0
2013-08-08 00:00:00+09:00,2977.392924353601,3052.413848431802,2869.550345991187,2892.994384765625,29889200,0.0,0.0
2013-08-09 00:00:00+09:00,2921.1273541572764,2986.7706654866533,2892.9945064446865,2925.816162109375,21220200,0.0,0.0
2013-08-12 00:00:00+09:00,2897.68304596202,2897.68304596202,2789.8404730540483,2808.595703125,20177600,0.0,0.0
2013-08-13 00:00:00+09:00,2883.616974020678,2991.4595600409634,2883.616974020678,2986.770751953125,21297000,0.0,0.0
2013-08-14 00:00:00+09:00,3033.6588662790696,3043.0364825581396,2916.4386627906974,3024.28125,22216200,0.0,0.0
2013-08-15 00:00:00+09:00,2977.393049582457,2986.7706654866533,2907.0609303009815,2925.816162109375,17981600,0.0,0.0
2013-08-16 00:00:00+09:00,2860.172730481412,2925.816039049838,2836.728691706974,2892.994384765625,15454800,0.0,0.0
2013-08-19 00:00:00+09:00,2902.3719169520127,2991.4592617372923,2902.3719169520127,2963.326416015625,16474200,0.0,0.0
2013-08-20 00:00:00+09:00,2972.7041531249997,2996.1481921874997,2916.438459375,2930.5048828125,18422200,0.0,0.0
2013-08-21 00:00:00+09:00,2958.6380837359097,2977.393317230274,2892.994766505636,2911.75,18113400,0.0,0.0
2013-08-22 00:00:00+09:00,2888.3056467084007,2925.8161096526655,2846.1063758961027,2902.3720703125,12836400,0.0,0.0
2013-08-23 00:00:00+09:00,2958.63827156188,2982.0823149181547,2935.194228205605,2953.949462890625,12680600,0.0,0.0
2013-08-26 00:00:00+09:00,2958.6380457535884,2977.393279007177,2907.06115430622,2939.8828125,10224200,0.0,0.0
2013-08-27 00:00:00+09:00,2939.88258596567,2944.5713939177685,2907.0609303009815,2925.816162109375,7748400,0.0,0.0
2013-08-28 00:00:00+09:00,2832.0398316227534,2888.3055236417486,2827.351023954504,2869.55029296875,12426200,0.0,0.0
2013-08-29 00:00:00+09:00,2888.3056467084007,2930.5049175206987,2874.2392231043013,2902.3720703125,10920400,0.0,0.0
2013-08-30 00:00:00+09:00,2925.8161096526655,2968.0153804649635,2869.5504152362682,2902.3720703125,15133200,0.0,0.0
2013-09-02 00:00:00+09:00,2907.0613761780755,2982.0823149181547,2897.6837588355656,2953.949462890625,12140200,0.0,0.0
2013-09-03 00:00:00+09:00,3000.837519319938,3061.7920314311245,2996.1487106960008,3033.6591796875,17153800,0.0,0.0
2013-09-04 00:00:00+09:00,3033.6585708291523,3080.546647658042,3014.9033400975964,3066.480224609375,13919800,0.0,0.0
2013-09-05 00:00:00+09:00,3103.9913584703318,3118.0577845661187,3043.036845388588,3057.103271484375,15400400,0.0,0.0
2013-09-06 00:00:00+09:00,2968.015917356485,3014.9040045185147,2953.9494912078762,2991.4599609375,17723400,0.0,0.0
2013-09-09 00:00:00+09:00,3047.725290697674,3047.725290697674,2977.3931686046512,3024.28125,9817600,0.0,0.0
2013-09-10 00:00:00+09:00,3061.7912047586324,3071.1688194745852,3028.969553252797,3038.34716796875,12374600,0.0,0.0
2013-09-11 00:00:00+09:00,3057.102404822035,3164.9449743172913,3047.7247900833177,3103.990478515625,22284200,0.0,0.0
2013-09-12 00:00:00+09:00,3141.5014831451463,3164.9455240641396,3099.3022094909575,3127.43505859375,14950000,0.0,0.0
2013-09-13 00:00:00+09:00,3118.057724668471,3141.501767711091,3057.1032127576586,3099.302490234375,22173800,0.0,0.0
2013-09-17 00:00:00+09:00,3094.613175302182,3094.613175302182,2963.326555743907,2982.081787109375,16456800,0.0,0.0
2013-09-18 00:00:00+09:00,3024.2808161808894,3099.301735652043,2996.147971379207,3047.724853515625,15893000,0.0,0.0
2013-09-19 00:00:00+09:00,3089.9248730173267,3108.680107451423,3052.414404149135,3099.302490234375,13257000,0.0,0.0
2013-09-20 00:00:00+09:00,3099.3021951070646,3118.0574277552164,3071.169346134837,3075.858154296875,10992600,0.0,0.0
2013-09-24 00:00:00+09:00,3089.9244555995474,3127.4349194004526,3057.1027997737556,3108.6796875,11894200,0.0,0.0
2013-09-25 00:00:00+09:00,3122.7459168040423,3127.4347244869314,3066.480224609375,3066.480224609375,12095400,0.0,0.0
2013-09-26 00:00:00+09:00,3104.221944713311,3226.8811704922564,3094.7866196533923,3198.5751953125,22421400,20.0,0.0
2013-09-27 00:00:00+09:00,3226.880442670537,3269.3393958635706,3212.727458272859,3250.46875,20240200,0.0,0.0
2013-09-30 00:00:00+09:00,3236.315620972938,3236.315620972938,3179.7036859121868,3203.2919921875,11571400,0.0,0.0
2013-10-01 00:00:00+09:00,3231.598394985857,3316.516309014682,3226.8807330953664,3283.49267578125,32251800,0.0,0.0
2013-10-02 00:00:00+09:00,3297.646319816126,3429.740879122065,3292.928656983771,3415.587890625,62933000,0.0,0.0
2013-10-03 00:00:00+09:00,3387.2812474062084,3557.117075966966,3363.6929378838813,3552.3994140625,53449200,0.0,0.0
2013-10-04 00:00:00+09:00,3505.223075016657,3524.0937241419147,3415.5874916716816,3429.740478515625,34968400,0.0,0.0
2013-10-07 00:00:00+09:00,3472.199093415775,3557.117006026487,3448.610784357244,3528.81103515625,37393200,0.0,0.0
2013-10-08 00:00:00+09:00,3500.505126953125,3538.246422122431,3443.893184199166,3500.505126953125,24049400,0.0,0.0
2013-10-09 00:00:00+09:00,3358.9757198660714,3373.128707449777,3269.3401318359374,3302.36376953125,35720200,0.0,0.0
2013-10-10 00:00:00+09:00,3325.9521259917565,3387.2817396625264,3297.646150451401,3335.387451171875,20110600,0.0,0.0
2013-10-11 00:00:00+09:00,3373.127849995678,3434.4574472683266,3358.974866009682,3410.869140625,22569800,0.0,0.0
2013-10-15 00:00:00+09:00,3462.7645189485497,3481.63517027797,3406.15256496029,3415.587890625,13122200,0.0,0.0
2013-10-16 00:00:00+09:00,3481.63450036951,3505.2228099926097,3458.0461907464105,3491.06982421875,19341800,0.0,0.0
2013-10-17 00:00:00+09:00,3533.529140357449,3538.2468027611303,3434.458229880137,3443.8935546875,22756800,0.0,0.0
2013-10-18 00:00:00+09:00,3443.893087198446,3476.916719541445,3377.8458225124486,3434.457763671875,18108400,0.0,0.0
2013-10-21 00:00:00+09:00,3467.481431604069,3533.528696967956,3443.893122545538,3528.81103515625,20127000,0.0,0.0
2013-10-22 00:00:00+09:00,3542.9643577115116,3604.293967099328,3542.9643577115116,3594.858642578125,24500800,0.0,0.0
2013-10-23 00:00:00+09:00,3627.882300447163,3731.670870811061,3585.42333984375,3585.42333984375,48859800,0.0,0.0
2013-10-24 00:00:00+09:00,3561.835203821288,3670.3414418184925,3519.3762411267294,3665.623779296875,31967600,0.0,0.0
2013-10-25 00:00:00+09:00,3613.729034258868,3613.729034258868,3491.06982421875,3491.06982421875,32830600,0.0,0.0
2013-10-28 00:00:00+09:00,3528.81103515625,3547.681682403075,3448.610784357244,3528.81103515625,19160800,0.0,0.0
2013-10-29 00:00:00+09:00,3519.3759513865334,3524.0936135197594,3448.6110193881445,3476.9169921875,13167400,0.0,0.0
2013-10-30 00:00:00+09:00,3547.68212890625,3590.141090555394,3500.5055048516456,3547.68212890625,18493200,0.0,0.0
2013-10-31 00:00:00+09:00,3519.3761531464042,3524.0938155500858,3443.8935546875,3443.8935546875,13185200,0.0,0.0
2013-11-01 00:00:00+09:00,3505.223254798738,3609.011830310948,3500.5055922754555,3561.835205078125,38224600,0.0,0.0
2013-11-05 00:00:00+09:00,3599.576328618981,3679.776587579037,3557.117367993069,3637.317626953125,34841400,0.0,0.0
2013-11-06 00:00:00+09:00,3566.5528676014073,3580.7058551712544,3500.5055922754555,3561.835205078125,25915600,0.0,0.0
2013-11-07 00:00:00+09:00,3566.5523296498995,3604.293624143549,3524.0933733445436,3528.81103515625,16123800,0.0,0.0
2013-11-08 00:00:00+09:00,3476.916719541445,3481.6343813047306,3401.4341313288764,3434.457763671875,26764200,0.0,0.0
2013-11-11 00:00:00+09:00,3491.0698031607985,3538.246422122431,3481.634479368472,3500.505126953125,24805800,0.0,0.0
2013-11-12 00:00:00+09:00,3514.6584269742534,3575.988037109375,3467.481803793391,3575.988037109375,19162800,0.0,0.0
2013-11-13 00:00:00+09:00,3561.8350044992094,3571.270329014439,3533.5290309535203,3542.96435546875,9767200,0.0,0.0
2013-11-14 00:00:00+09:00,3585.42333984375,3609.0116512900904,3566.5526906866776,3585.42333984375,20316400,0.0,0.0
2013-11-15 00:00:00+09:00,3637.317959097929,3656.1886099881904,3613.729645485102,3651.470947265625,20005200,0.0,0.0
2013-11-18 00:00:00+09:00,3679.776766861728,3679.776766861728,3646.753129210405,3665.623779296875,14885400,0.0,0.0
2013-11-19 00:00:00+09:00,3670.341621043151,3684.4946092991013,3627.8826562752997,3642.03564453125,13379200,0.0,0.0
2013-11-20 00:00:00+09:00,3670.3412410050128,3679.776565532018,3646.7529296875,3646.7529296875,10670800,0.0,0.0
2013-11-21 00:00:00+09:00,3675.0586476631115,3769.4118863707654,3660.9056618569634,3759.9765625,38921400,0.0,0.0
2013-11-22 00:00:00+09:00,3868.4825956192485,3929.812197744919,3797.717670089628,3844.894287109375,47597600,0.0,0.0
2013-11-25 00:00:00+09:00,3953.4000626409706,4057.1886084382277,3948.682401468368,4052.470947265625,38643600,0.0,0.0
2013-11-26 00:00:00+09:00,4010.013249269006,4052.4722130847954,3976.989610745614,4033.6015625,32663200,0.0,0.0
2013-11-27 00:00:00+09:00,4000.57820021059,4010.013526154483,3906.224940771661,3920.3779296875,32137200,0.0,0.0
2013-11-28 00:00:00+09:00,3995.85966142358,4000.5773233615064,3929.8123942926118,3976.989013671875,19171000,0.0,0.0
2013-11-29 00:00:00+09:00,3934.5306963397165,3943.966021750603,3887.3540692852835,3910.9423828125,18959800,0.0,0.0
2013-12-02 00:00:00+09:00,3901.5064591117525,3934.5300929857335,3892.071135147758,3906.22412109375,11821400,0.0,0.0
2013-12-03 00:00:00+09:00,3962.836405436198,4085.495627509223,3929.81276872423,4076.060302734375,42217000,0.0,0.0
2013-12-04 00:00:00+09:00,3991.1422903262865,4071.3425491153494,3972.2716411994484,4010.012939453125,50968400,0.0,0.0
2013-12-05 00:00:00+09:00,3995.8597818070693,4160.977954609014,3986.424457646958,4085.495361328125,60861200,0.0,0.0
2013-12-06 00:00:00+09:00,4118.51979865546,4156.261102652304,4043.037190661775,4109.08447265625,37951200,0.0,0.0
2013-12-09 00:00:00+09:00,4179.848590019312,4222.307548608673,4170.413265888343,4198.71923828125,31515200,0.0,0.0
2013-12-10 00:00:00+09:00,4198.71923828125,4203.436900346735,4165.695603822858,4198.71923828125,18764800,0.0,0.0
2013-12-11 00:00:00+09:00,4184.566084501759,4288.3546457859065,4170.413098872103,4274.20166015625,40667400,0.0,0.0
2013-12-12 00:00:00+09:00,4231.743052891323,4241.1783774239675,4175.131105695452,4227.025390625,28007600,0.0,0.0
2013-12-13 00:00:00+09:00,4208.154562412219,4236.460534805126,4170.413265888343,4198.71923828125,44763200,0.0,0.0
2013-12-16 00:00:00+09:00,4194.001129787649,4194.001129787649,4057.1889444514936,4066.624267578125,27548400,0.0,0.0
2013-12-17 00:00:00+09:00,4137.390625,4175.131930587229,4099.649319412771,4137.390625,26490000,0.0,0.0
2013-12-18 00:00:00+09:00,4127.954634680326,4227.025545912654,4113.8016473614225,4212.87255859375,30701000,0.0,0.0
2013-12-19 00:00:00+09:00,4288.355157627904,4293.072820067539,4194.001908835211,4212.87255859375,30227800,0.0,0.0
2013-12-20 00:00:00+09:00,4217.590109786645,4241.178421362633,4179.848811265065,4208.15478515625,23085200,0.0,0.0
2013-12-24 00:00:00+09:00,4222.307522413274,4241.178170558137,4137.3896057613865,4156.26025390625,20144600,0.0,0.0
2013-12-25 00:00:00+09:00,4104.3669826111745,4170.4142673888255,4099.649319412771,4137.390625,28811400,0.0,0.0
2013-12-26 00:00:00+09:00,4179.849485555058,4307.226388613733,4160.978833250069,4278.92041015625,25974000,0.0,0.0
2013-12-27 00:00:00+09:00,4307.226577328498,4396.862179704447,4288.35592419672,4349.685546875,37491600,0.0,0.0
2013-12-30 00:00:00+09:00,4373.2726573114805,4387.425643257473,4316.6607135275135,4340.2490234375,19527200,0.0,0.0
2014-01-06 00:00:00+09:00,4269.484439884221,4278.919764613246,4179.8488549584745,4189.2841796875,32600000,0.0,0.0
2014-01-07 00:00:00+09:00,4170.413486634669,4241.178421362633,4156.260499689077,4208.15478515625,22717800,0.0,0.0
2014-01-08 00:00:00+09:00,4255.331208938751,4260.048871032918,4179.848615432077,4241.17822265625,17908000,0.0,0.0
2014-01-09 00:00:00+09:00,4217.590109786645,4227.025434417041,4179.848811265065,4208.15478515625,14123600,0.0,0.0
2014-01-10 00:00:00+09:00,4245.896218039772,4274.202192826704,4198.719593394886,4255.33154296875,22440200,0.0,0.0
2014-01-14 00:00:00+09:00,4144.466209608007,4158.619196095001,4104.366081228191,4123.70849609375,31322800,0.0,0.0
2014-01-15 00:00:00+09:00,4192.586549848651,4194.001848560201,4114.27335447621,4181.26416015625,20495400,0.0,0.0
2014-01-16 00:00:00+09:00,4208.154940593364,4249.670370500563,4182.207796901364,4194.001953125,17688400,0.0,0.0
2014-01-17 00:00:00+09:00,4241.177765359544,4243.064829993742,4146.824533649654,4193.0576171875,14998600,0.0,0.0
2014-01-20 00:00:00+09:00,4185.510757877913,4188.341355775487,4152.958882055824,4169.470703125,8840200,0.0,0.0
2014-01-21 00:00:00+09:00,4156.25960440525,4210.51270934357,4151.070176976367,4186.45263671875,12639600,0.0,0.0
2014-01-22 00:00:00+09:00,4160.034285458769,4185.981426046231,4142.107170143796,4172.77197265625,13699200,0.0,0.0
2014-01-23 00:00:00+09:00,4167.58189372612,4174.65838550854,4012.3708406317246,4028.410888671875,28148400,0.0,0.0
2014-01-24 00:00:00+09:00,3874.1438895292404,3906.6957561119875,3830.7414007522448,3888.296875,44120000,0.0,0.0
2014-01-27 00:00:00+09:00,3725.5380697917467,3868.4832432939497,3721.292173549107,3830.741943359375,32064200,0.0,0.0
2014-01-28 00:00:00+09:00,3868.482536271617,3905.752063145453,3731.6703490132304,3737.33154296875,23893800,0.0,0.0
2014-01-29 00:00:00+09:00,3681.663497095417,3772.714375483348,3660.9057838878052,3688.739990234375,37544800,0.0,0.0
2014-01-30 00:00:00+09:00,3538.246815833673,3677.417857256464,3468.8971782433327,3620.805908203125,51601400,0.0,0.0
2014-01-31 00:00:00+09:00,3672.2288575445427,3705.724264647017,3526.4530717041953,3567.968505859375,26691600,0.0,0.0
2014-02-03 00:00:00+09:00,3497.203054495063,3537.774950176511,3304.722433122611,3332.556640625,48521600,0.0,0.0
2014-02-04 00:00:00+09:00,3167.438436069893,3473.142950006934,3139.6042287824157,3401.90625,97117000,0.0,0.0
2014-02-05 00:00:00+09:00,3543.436125442479,3552.8714499676885,3268.396415532618,3319.34716796875,72282800,0.0,0.0
2014-02-06 00:00:00+09:00,3387.281605843322,3467.953632946276,3363.6932938249142,3443.8935546875,42484800,0.0,0.0
2014-02-07 00:00:00+09:00,3528.3393182931677,3528.3393182931677,3415.587199417373,3479.275634765625,29153000,0.0,0.0
2014-02-10 00:00:00+09:00,3528.3398998300127,3693.9298590278113,3501.9209889608483,3678.361572265625,52636800,0.0,0.0
2014-02-12 00:00:00+09:00,3718.461289248225,3718.93305546102,3639.676331711502,3671.28466796875,37533000,0.0,0.0
2014-02-13 00:00:00+09:00,3679.7764132444045,3687.3246725536237,3540.6053822306735,3541.0771484375,41527400,0.0,0.0
2014-02-14 00:00:00+09:00,3548.1537592382106,3648.6399646254918,3508.525396550269,3537.77490234375,44420600,0.0,0.0
2014-02-17 00:00:00+09:00,3538.2465913887827,3581.177316697633,3451.4416083467113,3544.851318359375,27551400,0.0,0.0
2014-02-18 00:00:00+09:00,3563.2503457695866,3698.1754879501905,3552.39972244737,3687.796630859375,34995600,0.0,0.0
2014-02-19 00:00:00+09:00,3667.5103182375915,3675.058577189457,3599.1042214863114,3616.5595703125,23046600,0.0,0.0
2014-02-20 00:00:00+09:00,3586.838202240047,3634.486585565872,3528.8109631402804,3550.51220703125,21935200,0.0,0.0
2014-02-21 00:00:00+09:00,3604.294083748558,3689.21200718766,3590.6128627500357,3680.72021484375,28417800,0.0,0.0
2014-02-24 00:00:00+09:00,3670.341095292602,3695.8164705041445,3599.576164149428,3667.510498046875,29259400,0.0,0.0
2014-02-25 00:00:00+09:00,3709.4975107608866,3838.761445384883,3698.175122326668,3818.947265625,41729000,0.0,0.0
2014-02-26 00:00:00+09:00,3774.1297715894866,3807.1534070908947,3755.2591227315393,3769.412109375,22941600,0.0,0.0
2014-02-27 00:00:00+09:00,3742.5212769326304,3768.940184219688,3697.7034877849437,3731.670654296875,16614200,0.0,0.0
2014-02-28 00:00:00+09:00,3726.953182310006,3730.727312114877,3577.8750550176055,3617.50341796875,31774200,0.0,0.0
2014-03-03 00:00:00+09:00,3524.093651107595,3538.246637658228,3469.8405359968356,3503.3359375,23488600,0.0,0.0
2014-03-04 00:00:00+09:00,3472.1996044621355,3533.5292170409507,3459.4619156957665,3525.98095703125,17113000,0.0,0.0
2014-03-05 00:00:00+09:00,3632.5997622081245,3679.776382496542,3581.17724609375,3581.17724609375,25702800,0.0,0.0
2014-03-06 00:00:00+09:00,3609.0113565421225,3781.6777822276667,3600.5195651149643,3754.787109375,36159600,0.0,0.0
2014-03-07 00:00:00+09:00,3790.641688108741,3796.774649147374,3694.873142659323,3790.169921875,31464400,0.0,0.0
2014-03-10 00:00:00+09:00,3741.106142287839,3796.774556511037,3738.7473111766863,3761.39208984375,20234600,0.0,0.0
2014-03-11 00:00:00+09:00,3771.7705501743912,3876.9744066708126,3767.524654620724,3858.103759765625,33539200,0.0,0.0
2014-03-12 00:00:00+09:00,3776.9602119719457,3783.564938797777,3708.554112704405,3709.02587890625,29954000,0.0,0.0
2014-03-13 00:00:00+09:00,3736.3879747317965,3832.6282710506457,3719.876159186896,3770.826904296875,26062600,0.0,0.0
2014-03-14 00:00:00+09:00,3684.965834748037,3749.59780496446,3630.712721062718,3646.281005859375,39910200,0.0,0.0
2014-03-17 00:00:00+09:00,3858.5760401715183,3886.8820143016433,3812.8147153278164,3826.024169921875,53174600,0.0,0.0
2014-03-18 00:00:00+09:00,3947.740132192875,3976.5178745523117,3892.0717125467518,3949.627197265625,45176200,0.0,0.0
2014-03-19 00:00:00+09:00,3967.5539088260643,3977.93276566247,3877.9183270571043,3934.5302734375,37805400,0.0,0.0
2014-03-20 00:00:00+09:00,3943.0221568022594,3962.36457226396,3847.725378186077,3874.144287109375,28269400,0.0,0.0
2014-03-24 00:00:00+09:00,3845.366228705934,3964.251309019257,3833.572073912946,3941.134765625,24914600,0.0,0.0
2014-03-25 00:00:00+09:00,3914.244405623831,3922.736197753665,3800.5487443299485,3815.645263671875,28866600,0.0,0.0
2014-03-26 00:00:00+09:00,3848.197210898011,3850.5560420926276,3722.235625105468,3756.674560546875,30362000,0.0,0.0
2014-03-27 00:00:00+09:00,3650.939639785839,3712.5788804575477,3552.3168547111045,3703.570068359375,44867600,20.0,0.0
2014-03-28 00:00:00+09:00,3665.1640546306376,3681.28508669499,3584.558894308877,3648.0947265625,30829400,0.0,0.0
2014-03-31 00:00:00+09:00,3693.612524414062,3717.7940698242187,3657.1031323242187,3698.35400390625,22054000,0.0,0.0
2014-04-01 00:00:00+09:00,3741.027682783019,3826.374321933962,3720.165170990566,3769.4765625,27628600,0.0,0.0
2014-04-02 00:00:00+09:00,3826.3743752106643,3880.4272474255363,3805.986011129616,3824.477783203125,24188200,0.0,0.0
2014-04-03 00:00:00+09:00,3840.598534436425,3869.9957084037164,3814.5203962396345,3859.564453125,19304200,0.0,0.0
2014-04-04 00:00:00+09:00,3797.925490475772,3808.8308945058525,3738.6569903122927,3755.726318359375,23333200,0.0,0.0
2014-04-07 00:00:00+09:00,3613.48172783839,3618.223207601988,3568.4376700842045,3582.662109375,40540200,0.0,0.0
2014-04-08 00:00:00+09:00,3499.212147344161,3515.8073269047363,3414.81380557895,3421.926025390625,43518400,0.0,0.0
2014-04-09 00:00:00+09:00,3404.3829614876913,3513.4370117860435,3393.0034084130807,3440.418212890625,36609200,0.0,0.0
2014-04-10 00:00:00+09:00,3499.2123323753744,3504.902108525578,3349.3815604200063,3401.537841796875,28678400,0.0,0.0
2014-04-11 00:00:00+09:00,3239.379272531703,3289.1648146300386,3214.7235754925273,3271.621337890625,52440000,0.0,0.0
2014-04-14 00:00:00+09:00,3254.0779191728893,3326.148419495529,3200.973339987786,3214.7236328125,31454400,0.0,0.0
2014-04-15 00:00:00+09:00,3281.1038375227417,3364.0797293676087,3272.5691743615557,3322.828857421875,29612600,0.0,0.0
2014-04-16 00:00:00+09:00,3508.6949572696117,3626.2836531348635,3489.7290385816677,3605.421142578125,57230400,0.0,0.0
2014-04-17 00:00:00+09:00,3594.04180791831,3646.198087452745,3548.523600324622,3605.8955078125,31824400,0.0,0.0
2014-04-18 00:00:00+09:00,3617.748723025712,3627.2316816706025,3576.972000852683,3614.4296875,17226600,0.0,0.0
2014-04-21 00:00:00+09:00,3631.973431480267,3693.1385192950133,3622.490472129144,3661.37060546875,20596000,0.0,0.0
2014-04-22 00:00:00+09:00,3693.6126672625696,3718.7425095430467,3660.4223095336374,3661.37060546875,24817000,0.0,0.0
2014-04-23 00:00:00+09:00,3687.448841413667,3745.76904296875,3684.6039535329314,3745.76904296875,20911400,0.0,0.0
2014-04-24 00:00:00+09:00,3764.260941921718,3767.1058298989856,3653.3103108082673,3670.379638671875,24766600,0.0,0.0
2014-04-25 00:00:00+09:00,3603.5244764392614,3706.414583200751,3583.1361142699343,3667.060302734375,22805400,0.0,0.0
2014-04-28 00:00:00+09:00,3579.81787109375,3613.0082354615065,3556.5846160363203,3579.81787109375,19648600,0.0,0.0
2014-04-30 00:00:00+09:00,3649.990690232831,3667.0600153625246,3598.78271484375,3598.78271484375,21314400,0.0,0.0
2014-05-01 00:00:00+09:00,3627.231358944234,3666.111485928996,3616.800105362957,3658.999267578125,19141400,0.0,0.0
2014-05-02 00:00:00+09:00,3646.1981881074944,3707.8374292588564,3632.447895850652,3707.36328125,17552400,0.0,0.0
2014-05-07 00:00:00+09:00,3703.095945949503,3748.1400067517056,3518.17822265625,3518.17822265625,46722800,0.0,0.0
2014-05-08 00:00:00+09:00,3549.946474634796,3551.3689187945265,3381.149767680076,3460.806640625,56881200,0.0,0.0
2014-05-09 00:00:00+09:00,3404.3824295790528,3498.7378757470515,3376.4076993081385,3449.900634765625,34271800,0.0,0.0
2014-05-12 00:00:00+09:00,3413.3916484745932,3442.314678139401,3381.149582618742,3395.3740234375,22483600,0.0,0.0
2014-05-13 00:00:00+09:00,3476.4528399065375,3482.616763381549,3436.150263339154,3451.322998046875,19975200,0.0,0.0
2014-05-14 00:00:00+09:00,3409.5979659312793,3448.4780984867466,3399.1667108554225,3429.986328125,16991600,0.0,0.0
2014-05-15 00:00:00+09:00,3413.865848994755,3421.452217548077,3371.1925258823208,3390.158447265625,17849400,0.0,0.0
2014-05-16 00:00:00+09:00,3319.035532994924,3321.406272661349,3264.982668600435,3269.25,30884400,0.0,0.0
2014-05-19 00:00:00+09:00,3281.1034939749297,3313.8196993339284,3203.8173856630924,3208.084716796875,23698400,0.0,0.0
2014-05-20 00:00:00+09:00,3247.439904548057,3273.518046576111,3206.6631733769177,3222.31005859375,19416000,0.0,0.0
2014-05-21 00:00:00+09:00,3188.645045111635,3246.9652444497365,3168.7308307035028,3235.585693359375,21175400,0.0,0.0
2014-05-22 00:00:00+09:00,3283.001018251847,3334.6831544432757,3255.0262839830925,3320.932861328125,24500400,0.0,0.0
2014-05-23 00:00:00+09:00,3360.76123509236,3360.76123509236,3285.8458463868587,3304.811767578125,18435000,0.0,0.0
2014-05-26 00:00:00+09:00,3342.7437722532227,3376.8824320549575,3323.7778501411476,3374.98583984375,16865600,0.0,0.0
2014-05-27 00:00:00+09:00,3390.15787600937,3438.995115342092,3383.0456566890703,3387.31298828125,17531800,0.0,0.0
2014-05-28 00:00:00+09:00,3394.8995302940766,3430.460628725928,3390.158050503163,3410.072265625,13339800,0.0,0.0
2014-05-29 00:00:00+09:00,3380.674940493676,3437.0985474949025,3377.355904787721,3429.986328125,14329600,0.0,0.0
2014-05-30 00:00:00+09:00,3480.2459594643465,3503.9533570083818,3430.460424621873,3482.61669921875,21575200,0.0,0.0
2014-06-02 00:00:00+09:00,3547.575004895868,3556.1096680993064,3522.919311197046,3546.626708984375,17106800,0.0,0.0
2014-06-03 00:00:00+09:00,3579.343357349575,3626.758158745118,3571.756989126288,3612.0595703125,23637200,0.0,0.0
2014-06-04 00:00:00+09:00,3637.1888896151,3694.560791015625,3614.4297882330734,3694.560791015625,26100800,0.0,0.0
2014-06-05 00:00:00+09:00,3733.9156239755903,3755.252284684022,3656.629497409492,3706.4150390625,29114200,0.0,0.0
2014-06-06 00:00:00+09:00,3708.31149545413,3725.380823396382,3643.8273676722915,3648.56884765625,23580000,0.0,0.0
2014-06-09 00:00:00+09:00,3692.6647514656042,3695.9837875801727,3651.8880220580486,3654.73291015625,11946600,0.0,0.0
2014-06-10 00:00:00+09:00,3633.3963560873217,3647.6207969959237,3575.0761483620518,3584.0849609375,16381200,0.0,0.0
2014-06-11 00:00:00+09:00,3576.497852920438,3627.2316816706025,3567.9631901400367,3614.4296875,14675600,0.0,0.0
2014-06-12 00:00:00+09:00,3575.550260165644,3648.569056089992,3571.282927936299,3627.70654296875,15734200,0.0,0.0
2014-06-13 00:00:00+09:00,3607.7920827542757,3696.4577575440053,3603.9988988060522,3683.65576171875,27388800,0.0,0.0
2014-06-16 00:00:00+09:00,3691.2425203496127,3692.664964480769,3629.6032746661895,3638.137939453125,15544800,0.0,0.0
2014-06-17 00:00:00+09:00,3570.33427135361,3602.576333830641,3544.2561325854226,3548.04931640625,23384000,0.0,0.0
2014-06-18 00:00:00+09:00,3539.0405084797962,3621.5422566678303,3535.247324655059,3608.26611328125,16791800,0.0,0.0
2014-06-19 00:00:00+09:00,3642.8789587135952,3699.3025687730665,3627.7062232354183,3693.61279296875,21972800,0.0,0.0
2014-06-20 00:00:00+09:00,3688.8715012888665,3734.3897100451304,3656.155288745302,3690.2939453125,21951800,0.0,0.0
2014-06-23 00:00:00+09:00,3701.198783959695,3715.897369957998,3603.524309261297,3609.688232421875,20657200,0.0,0.0
2014-06-24 00:00:00+09:00,3610.636806096031,3649.5169397926657,3608.2660662364797,3622.016357421875,17199600,0.0,0.0
2014-06-25 00:00:00+09:00,3601.154340852049,3609.214857480684,3563.6966459307437,3574.60205078125,15725800,0.0,0.0
2014-06-26 00:00:00+09:00,3598.3091398802185,3618.223355702457,3571.7568521172334,3605.8955078125,13907200,0.0,0.0
2014-06-27 00:00:00+09:00,3580.765924725493,3636.715392299329,3560.8517074534498,3584.0849609375,18460400,0.0,0.0
2014-06-30 00:00:00+09:00,3602.5764304834574,3627.232125980317,3550.8942995381167,3576.498291015625,15539000,0.0,0.0
2014-07-01 00:00:00+09:00,3581.240074464181,3612.0596964475217,3561.8000052131506,3588.352294921875,14931800,0.0,0.0
2014-07-02 00:00:00+09:00,3625.3354987768,3626.2837947482294,3597.8349156053305,3615.8525390625,12438000,0.0,0.0
2014-07-03 00:00:00+09:00,3627.706106167938,3641.4563972513088,3613.4816671161752,3622.490478515625,12204400,0.0,0.0
2014-07-04 00:00:00+09:00,3673.698601866354,3673.698601866354,3625.335507210911,3632.921875,10417200,0.0,0.0
2014-07-07 00:00:00+09:00,3626.2840144545576,3639.086010844499,3608.2663899057507,3620.59423828125,8160200,0.0,0.0
2014-07-08 00:00:00+09:00,3608.266122804581,3620.1198222881703,3571.7567283951257,3573.6533203125,12389400,0.0,0.0
2014-07-09 00:00:00+09:00,3537.1441749523387,3590.722900390625,3527.187066685047,3590.722900390625,13061200,0.0,0.0
2014-07-10 00:00:00+09:00,3590.248651780198,3604.947239762922,3548.5236278292396,3549.471923828125,10582800,0.0,0.0
2014-07-11 00:00:00+09:00,3519.6002755068203,3571.7565506389433,3511.5397602591283,3546.626708984375,12069400,0.0,0.0
2014-07-14 00:00:00+09:00,3544.2560659481633,3631.973440155576,3543.7819179794747,3626.7578125,16931800,0.0,0.0
2014-07-15 00:00:00+09:00,3641.4562207488298,3657.57725089277,3615.3780837512795,3647.14599609375,13881400,0.0,0.0
2014-07-16 00:00:00+09:00,3660.4219661945376,3688.396693656387,3648.0941201944006,3676.06884765625,15709200,0.0,0.0
2014-07-17 00:00:00+09:00,3684.604338617736,3692.66485512224,3631.4997592939444,3640.034423828125,13245000,0.0,0.0
2014-07-18 00:00:00+09:00,3575.0757920439883,3643.8272495832957,3570.334312213691,3629.128662109375,15480400,0.0,0.0
2014-07-22 00:00:00+09:00,3637.1890255299527,3672.275974805043,3632.9216938613604,3649.042724609375,11560600,0.0,0.0
2014-07-23 00:00:00+09:00,3628.1804615762,3643.8273454277437,3593.093509909101,3601.628173828125,10977400,0.0,0.0
2014-07-24 00:00:00+09:00,3576.0239589050348,3583.61032635962,3530.031606211613,3536.669677734375,17391800,0.0,0.0
2014-07-25 00:00:00+09:00,3557.532443796902,3572.7051797960357,3536.6699317980933,3558.006591796875,10547800,0.0,0.0
2014-07-28 00:00:00+09:00,3532.402202350807,3571.7564819206214,3532.402202350807,3569.3857421875,9724200,0.0,0.0
2014-07-29 00:00:00+09:00,3582.18796139864,3598.7831405712345,3564.6444862733256,3582.662109375,9223600,0.0,0.0
2014-07-30 00:00:00+09:00,3570.8088177928967,3610.637252355983,3570.8088177928967,3588.352294921875,8151800,0.0,0.0
2014-07-31 00:00:00+09:00,3617.749118230611,3639.0857775124427,3589.774387172209,3590.24853515625,12752200,0.0,0.0
2014-08-01 00:00:00+09:00,3551.3680247028387,3567.963202388366,3534.7728470173115,3545.2041015625,15234400,0.0,0.0
2014-08-04 00:00:00+09:00,3519.600310147132,3521.9710499491975,3408.6496874104446,3412.44287109375,29112600,0.0,0.0
2014-08-05 00:00:00+09:00,3428.0902225481186,3467.9186566690096,3421.4521501946365,3425.719482421875,14342000,0.0,0.0
2014-08-06 00:00:00+09:00,3387.7876175810948,3387.7876175810948,3262.6125397586443,3305.760009765625,30396800,0.0,0.0
2014-08-07 00:00:00+09:00,3258.3448237887906,3338.475830078125,3249.810160397027,3338.475830078125,21168400,0.0,0.0
2014-08-08 00:00:00+09:00,3273.9915620893294,3291.5350360643192,3203.3435182441,3224.68017578125,25838600,0.0,0.0
2014-08-11 00:00:00+09:00,3284.8970020845522,3285.845297985847,3178.687861139555,3241.275390625,21862600,0.0,0.0
2014-08-12 00:00:00+09:00,3242.223679209617,3271.1467041338324,3212.826506335824,3228.473388671875,13761000,0.0,0.0
2014-08-13 00:00:00+09:00,3224.2057833112276,3332.785654543326,3222.3091916739854,3306.70751953125,17536200,0.0,0.0
2014-08-14 00:00:00+09:00,3347.484482399731,3371.191879583865,3321.4063454971833,3345.587890625,16509200,0.0,0.0
2014-08-15 00:00:00+09:00,3345.5880967448657,3355.545204175654,3312.397738642238,3324.7255859375,11676400,0.0,0.0
2014-08-18 00:00:00+09:00,3317.138875701051,3347.010194907621,3308.1300651466886,3339.423828125,8903800,0.0,0.0
2014-08-19 00:00:00+09:00,3375.933797625261,3430.4608182329725,3375.933797625261,3406.75341796875,18411200,0.0,0.0
2014-08-20 00:00:00+09:00,3428.5639783158886,3459.8577444020248,3408.1756155628004,3454.16796875,16678200,0.0,0.0
2014-08-21 00:00:00+09:00,3466.022062249749,3492.100203620985,3461.2805820004332,3485.936279296875,13988800,0.0,0.0
2014-08-22 00:00:00+09:00,3501.5830019395876,3521.4972180643626,3475.979009779163,3488.781005859375,12880400,0.0,0.0
2014-08-25 00:00:00+09:00,3511.0656446183843,3516.7554201397106,3488.78069049319,3507.2724609375,8579800,0.0,0.0
2014-08-26 00:00:00+09:00,3479.7716241144904,3506.3239079338678,3440.891494236116,3442.7880859375,12277200,0.0,0.0
2014-08-27 00:00:00+09:00,3461.280304534816,3491.625775697861,3450.3749008355967,3469.3408203125,9482000,0.0,0.0
2014-08-28 00:00:00+09:00,3490.2035936814173,3501.5831462216092,3430.4609428454087,3443.262939453125,12852800,0.0,0.0
2014-08-29 00:00:00+09:00,3443.262487536013,3561.7994776054156,3439.9434518140697,3558.95458984375,24292200,0.0,0.0
2014-09-01 00:00:00+09:00,3558.9549842852916,3563.696464413569,3515.8075151179637,3530.506103515625,10241600,0.0,0.0
2014-09-02 00:00:00+09:00,3533.350153276671,3595.463528220209,3516.280828864706,3575.54931640625,15791000,0.0,0.0
2014-09-03 00:00:00+09:00,3617.274934412109,3622.0164142055446,3561.799620828911,3573.6533203125,12521400,0.0,0.0
2014-09-04 00:00:00+09:00,3580.7651966029157,3591.196451148104,3533.824551149567,3545.2041015625,9761800,0.0,0.0
2014-09-05 00:00:00+09:00,3571.756383257367,3573.1788270579473,3530.0313651070087,3540.936767578125,8258600,0.0,0.0
2014-09-08 00:00:00+09:00,3603.5248810918656,3639.560129902784,3602.5765850705257,3616.801025390625,18987400,0.0,0.0
2014-09-09 00:00:00+09:00,3687.9233233001514,3790.813444302483,3674.6471786546895,3778.485595703125,47474800,0.0,0.0
2014-09-10 00:00:00+09:00,3745.769162735849,3778.0112264150944,3695.509475235849,3769.4765625,34604200,0.0,0.0
2014-09-11 00:00:00+09:00,3840.598678775405,3885.1685893686013,3821.158611389011,3878.530517578125,36575200,0.0,0.0
2014-09-12 00:00:00+09:00,3916.4622654615587,3988.5327575136357,3896.073902578405,3966.247802734375,60705400,0.0,0.0
2014-09-16 00:00:00+09:00,4139.31202260454,4146.898390572658,4030.2579830628397,4104.69921875,64840200,0.0,0.0
2014-09-17 00:00:00+09:00,4033.576647666926,4107.069580591385,4030.2576119864666,4059.65478515625,41208400,0.0,0.0
2014-09-18 00:00:00+09:00,4077.671904218211,4145.4750533232345,4019.825860925813,4120.34521484375,44536200,0.0,0.0
2014-09-19 00:00:00+09:00,4107.069681309889,4153.536181975829,4087.629614704752,4144.05322265625,38735000,0.0,0.0
2014-09-22 00:00:00+09:00,4053.965533007741,4070.5607135522173,3881.3756553451894,3891.332763671875,56872200,0.0,0.0
2014-09-24 00:00:00+09:00,3749.087866170849,3842.4950129566914,3712.5784737723216,3753.829345703125,74704600,0.0,0.0
2014-09-25 00:00:00+09:00,3824.9515780911433,3836.8052770439485,3769.4762669920156,3774.69189453125,31590200,0.0,0.0
2014-09-26 00:00:00+09:00,3708.4528134271163,3765.161356834701,3706.546643900811,3764.684814453125,24634600,20.0,0.0
2014-09-29 00:00:00+09:00,3817.5806020250757,3829.970702593376,3713.217831853625,3720.365966796875,22425400,0.0,0.0
2014-09-30 00:00:00+09:00,3677.0011663120613,3687.0085567335946,3636.495062224901,3664.134521484375,23557800,0.0,0.0
2014-10-01 00:00:00+09:00,3669.376407342835,3717.9837311803635,3656.509762797607,3662.228271484375,21168600,0.0,0.0
2014-10-02 00:00:00+09:00,3590.7464876523613,3609.8081810174704,3565.013201609465,3571.208251953125,28477800,0.0,0.0
2014-10-03 00:00:00+09:00,3595.0357294012133,3606.949288949865,3485.9075239355616,3544.998779296875,30354200,0.0,0.0
2014-10-06 00:00:00+09:00,3576.451092926995,3578.3572627300205,3514.9771167794156,3539.75732421875,20881600,0.0,0.0
2014-10-07 00:00:00+09:00,3526.89000116136,3594.559016181616,3519.7418657718963,3558.341796875,20929000,0.0,0.0
2014-10-08 00:00:00+09:00,3502.58661832876,3520.2186870196665,3440.6361067120606,3484.00146484375,27685400,0.0,0.0
2014-10-09 00:00:00+09:00,3504.969225387331,3558.341972259306,3437.7767494145755,3446.8310546875,24613600,0.0,0.0
2014-10-10 00:00:00+09:00,3375.349463647117,3405.371631684639,3351.5223461570204,3383.45068359375,29429800,0.0,0.0
2014-10-14 00:00:00+09:00,3264.314997568889,3331.030924526501,3261.9322858918313,3277.181640625,36338400,0.0,0.0
2014-10-15 00:00:00+09:00,3302.4386990202684,3348.6633099589358,3284.8066309302612,3348.186767578125,29920200,0.0,0.0
2014-10-16 00:00:00+09:00,3288.142359910813,3302.9151734118614,3213.8017500345686,3230.957275390625,36551000,0.0,0.0
2014-10-17 00:00:00+09:00,3288.142596145925,3307.204292355467,3242.8710676482638,3253.83154296875,31703800,0.0,0.0
2014-10-20 00:00:00+09:00,3360.1000440668763,3450.166546453579,3330.5544189453126,3445.401123046875,32670200,0.0,0.0
2014-10-21 00:00:00+09:00,3422.050705475061,3431.1050103635203,3336.7496225785235,3362.48291015625,23920400,0.0,0.0
2014-10-22 00:00:00+09:00,3462.080560444248,3478.7595445620113,3409.184353670771,3473.517578125,24952800,0.0,0.0
2014-10-23 00:00:00+09:00,3438.2527223652096,3473.5168528510067,3437.2996377574855,3450.642822265625,17187400,0.0,0.0
2014-10-24 00:00:00+09:00,3521.648480836615,3547.381771494961,3493.532478080274,3516.883056640625,25904400,0.0,0.0
2014-10-27 00:00:00+09:00,3556.435452567378,3558.3416219108417,3514.9762693470425,3536.897216796875,16144400,0.0,0.0
2014-10-28 00:00:00+09:00,3527.8430755689287,3536.420838011214,3496.3912799472146,3534.9912109375,14923200,0.0,0.0
2014-10-29 00:00:00+09:00,3564.536231001964,3601.229986321102,3557.3880968488857,3578.35595703125,20973600,0.0,0.0
2014-10-30 00:00:00+09:00,3611.237884379542,3688.437744140625,3600.277410462845,3688.437744140625,34749800,0.0,0.0
2014-10-31 00:00:00+09:00,3731.3266584341345,3812.338859191964,3697.015608701407,3783.269775390625,46740200,0.0,0.0
2014-11-04 00:00:00+09:00,3979.128242474617,4002.9553576990156,3825.205078125,3825.205078125,44828200,0.0,0.0
2014-11-05 00:00:00+09:00,3669.852654063945,3764.684582145847,3662.7045187813897,3736.092041015625,48982800,0.0,0.0
2014-11-06 00:00:00+09:00,3783.7459490879423,3809.9557761911965,3704.6399254672124,3728.467041015625,28140200,0.0,0.0
2014-11-07 00:00:00+09:00,3742.7636458919105,3769.450017698626,3697.968664644923,3707.49951171875,20143600,0.0,0.0
2014-11-10 00:00:00+09:00,3664.6102455078885,3695.585494657175,3660.321364856449,3679.383056640625,18584200,0.0,0.0
2014-11-11 00:00:00+09:00,3738.474520619098,3767.0670599737373,3712.7412351999224,3759.4423828125,25532400,0.0,0.0
2014-11-12 00:00:00+09:00,3806.143889562498,3859.040092359723,3783.746398287997,3785.176025390625,33150200,0.0,0.0
2014-11-13 00:00:00+09:00,3814.245082054194,3904.788131228394,3809.003116049372,3894.30419921875,32205400,0.0,0.0
2014-11-14 00:00:00+09:00,3907.6475349322272,3907.6475349322272,3832.8303809097442,3880.484619140625,29484000,0.0,0.0
2014-11-17 00:00:00+09:00,3850.462347599296,3876.672177935677,3777.5513650271805,3791.37109375,21942000,0.0,0.0
2014-11-18 00:00:00+09:00,3803.285126311099,3847.1270297844253,3800.902414165809,3819.964111328125,16023600,0.0,0.0
2014-11-19 00:00:00+09:00,3821.8698620874807,3834.259963884772,3743.7169122891833,3758.01318359375,20667600,0.0,0.0
2014-11-20 00:00:00+09:00,3731.3267587575606,3732.7563858681956,3669.3762506300404,3693.203369140625,19711600,0.0,0.0
2014-11-21 00:00:00+09:00,3712.2646484375,3723.701664042442,3665.563501383986,3712.2646484375,19334800,0.0,0.0
2014-11-25 00:00:00+09:00,3740.8577640771387,3789.465087890625,3740.3812216868105,3789.465087890625,18009200,0.0,0.0
2014-11-26 00:00:00+09:00,3764.684263208973,3859.992725568694,3756.5830439083966,3832.353271484375,21118800,0.0,0.0
2014-11-27 00:00:00+09:00,3806.620495306986,3814.721715690088,3774.215613774578,3780.88720703125,13625600,0.0,0.0
2014-11-28 00:00:00+09:00,3804.2376342451516,3822.3462438031265,3788.988278827909,3794.706787109375,11652600,0.0,0.0
2014-12-01 00:00:00+09:00,3789.464881508128,3819.4870504637383,3778.980949491883,3796.136474609375,11604800,0.0,0.0
2014-12-02 00:00:00+09:00,3736.092041015625,3748.9586845242247,3717.506889280981,3736.092041015625,17980400,0.0,0.0
2014-12-03 00:00:00+09:00,3755.1541713830316,3758.013425828247,3717.507321187694,3723.225830078125,13552800,0.0,0.0
2014-12-04 00:00:00+09:00,3737.5211641731344,3747.528552219499,3701.3039502910538,3718.45947265625,13463600,0.0,0.0
2014-12-05 00:00:00+09:00,3697.969008409602,3718.4603315232116,3656.509819784391,3709.882568359375,13685200,0.0,0.0
2014-12-08 00:00:00+09:00,3709.405654887425,3712.741451339662,3629.8230823840595,3672.2353515625,15154400,0.0,0.0
2014-12-09 00:00:00+09:00,3612.19128204781,3618.8628754447323,3564.537043498367,3574.54443359375,21221200,0.0,0.0
2014-12-10 00:00:00+09:00,3526.8898076339,3577.8798372808164,3507.82811430795,3536.420654296875,18324000,0.0,0.0
2014-12-11 00:00:00+09:00,3495.438482372987,3508.78166949043,3470.658277726307,3484.00146484375,15967800,0.0,0.0
2014-12-12 00:00:00+09:00,3487.813331129767,3539.756445365748,3481.141738475604,3495.91455078125,26912600,0.0,0.0
2014-12-15 00:00:00+09:00,3466.846070897712,3490.6731916598956,3445.8782046269903,3463.98681640625,13103000,0.0,0.0
2014-12-16 00:00:00+09:00,3397.746830432139,3405.371507751482,3374.872798474111,3386.309814453125,18548000,0.0,0.0
2014-12-17 00:00:00+09:00,3350.0929780035235,3417.285454518246,3341.5152150441972,3389.64599609375,16292800,0.0,0.0
2014-12-18 00:00:00+09:00,3469.7049114990236,3473.0407080078126,3409.6605743408204,3431.10498046875,15099200,0.0,0.0
2014-12-19 00:00:00+09:00,3486.8607048062613,3524.5075540176454,3476.3767721144836,3512.593994140625,16940200,0.0,0.0
2014-12-22 00:00:00+09:00,3574.0671277254864,3574.0671277254864,3527.8425262069036,3539.279541015625,13184000,0.0,0.0
2014-12-24 00:00:00+09:00,3555.00590197672,3568.8256300138946,3543.568885670092,3550.240478515625,12563000,0.0,0.0
2014-12-25 00:00:00+09:00,3533.561839296504,3538.3272632200324,3501.156956616509,3512.117431640625,7464200,0.0,0.0
2014-12-26 00:00:00+09:00,3512.593787720305,3533.5616518716674,3503.539482745853,3519.265380859375,6100800,0.0,0.0
2014-12-29 00:00:00+09:00,3543.568845327616,3548.8108110751423,3448.7369195314627,3497.34423828125,10693400,0.0,0.0
2014-12-30 00:00:00+09:00,3492.5793976126365,3512.117636840651,3435.3943071891795,3435.870849609375,11743400,0.0,0.0
2015-01-05 00:00:00+09:00,3423.4800045384723,3452.549085868768,3386.7862461379345,3412.51953125,12466800,0.0,0.0
2015-01-06 00:00:00+09:00,3353.428390374485,3367.2481180028576,3333.413612429945,3340.085205078125,17874200,0.0,0.0
2015-01-07 00:00:00+09:00,3335.79649548675,3402.9889677529827,3335.79649548675,3367.248291015625,14975000,0.0,0.0
2015-01-08 00:00:00+09:00,3424.433440264785,3424.433440264785,3377.2557460557377,3403.465576171875,13534400,0.0,0.0
2015-01-09 00:00:00+09:00,3416.808546914583,3441.1122060348957,3413.472750564736,3433.010986328125,16036000,0.0,0.0
2015-01-13 00:00:00+09:00,3364.865522712319,3406.32470703125,3343.897659378607,3406.32470703125,13894200,0.0,0.0
2015-01-14 00:00:00+09:00,3352.9525766657684,3357.2414585858924,3308.6341301578213,3316.7353515625,23688800,0.0,0.0
2015-01-15 00:00:00+09:00,3288.6191733186747,3356.7647379882255,3283.853749215909,3341.515380859375,19269800,0.0,0.0
2015-01-16 00:00:00+09:00,3250.018633401066,3262.8852760846185,3226.191517320413,3257.643310546875,30381600,0.0,0.0
2015-01-19 00:00:00+09:00,3281.4707536663927,3282.4238384046052,3233.3399743866503,3259.5498046875,12452400,0.0,0.0
2015-01-20 00:00:00+09:00,3285.282791450719,3308.1568230709154,3277.181571918566,3298.6259765625,13801600,0.0,0.0
2015-01-21 00:00:00+09:00,3290.0480200138404,3295.2899852832716,3243.3468748861815,3270.986328125,13284400,0.0,0.0
2015-01-22 00:00:00+09:00,3304.8212842876405,3383.4507741084713,3303.8681995625398,3362.48291015625,21861600,0.0,0.0
2015-01-23 00:00:00+09:00,3433.9646621797456,3514.9768731942554,3433.9646621797456,3504.969482421875,30917200,0.0,0.0
2015-01-26 00:00:00+09:00,3433.48748542146,3501.1564962375387,3432.5344007620783,3495.43798828125,12713600,0.0,0.0
2015-01-27 00:00:00+09:00,3549.2875448673067,3557.8653074623135,3508.781443724218,3530.702392578125,13621000,0.0,0.0
2015-01-28 00:00:00+09:00,3515.4529294906124,3568.349130544355,3507.3517095094085,3545.47509765625,13612000,0.0,0.0
2015-01-29 00:00:00+09:00,3488.7664805763534,3494.008446330532,3424.909806843635,3433.964111328125,16352600,0.0,0.0
2015-01-30 00:00:00+09:00,3300.0559405658705,3362.0064491974317,3293.8608897027143,3318.16455078125,29478800,0.0,0.0
2015-02-02 00:00:00+09:00,3321.9765522565804,3367.724615521052,3316.734586674193,3350.569091796875,12466800,0.0,0.0
2015-02-03 00:00:00+09:00,3392.0282454244602,3398.2232956057633,3300.5321196698246,3315.304931640625,15045200,0.0,0.0
2015-02-04 00:00:00+09:00,3340.561723068984,3374.872770723901,3340.0851807404433,3351.045654296875,12756600,0.0,0.0
2015-02-05 00:00:00+09:00,3326.2661100688733,3349.616688778526,3305.298243472451,3331.984619140625,11068600,0.0,0.0
2015-02-06 00:00:00+09:00,3398.22349643761,3472.5641030067122,3340.5618721115757,3383.45068359375,19931600,0.0,0.0
2015-02-09 00:00:00+09:00,3411.566430267197,3420.6207342447187,3363.435656491951,3400.60595703125,9772600,0.0,0.0
2015-02-10 00:00:00+09:00,3383.450799329418,3402.0359516074245,3367.724901248028,3397.7470703125,8454400,0.0,0.0
2015-02-12 00:00:00+09:00,3402.512747348111,3409.184340970362,3331.984471912884,3380.591796875,21399600,0.0,0.0
2015-02-13 00:00:00+09:00,3362.959248681959,3374.3962646899463,3341.038301333316,3363.435791015625,11620800,0.0,0.0
2015-02-16 00:00:00+09:00,3396.317021159634,3423.003390345117,3375.349159656754,3382.020751953125,8876600,0.0,0.0
2015-02-17 00:00:00+09:00,3374.396815024596,3383.451120840931,3350.0931520439076,3364.865966796875,8933000,0.0,0.0
2015-02-18 00:00:00+09:00,3377.255690271612,3378.685317345242,3338.179216925729,3344.374267578125,12782600,0.0,0.0
2015-02-19 00:00:00+09:00,3335.796875,3346.2808080357145,3321.977145089286,3335.796875,12499400,0.0,0.0
2015-02-20 00:00:00+09:00,3345.3273724388714,3391.55198143126,3340.0854064706623,3344.850830078125,13479200,0.0,0.0
2015-02-23 00:00:00+09:00,3366.771710720917,3388.216116521687,3359.1470331028654,3360.57666015625,9705000,0.0,0.0
2015-02-24 00:00:00+09:00,3359.6241505761786,3389.1697814039408,3345.3278775950034,3385.833984375,11519600,0.0,0.0
2015-02-25 00:00:00+09:00,3402.5123168361247,3506.3985472381237,3397.746893423189,3485.9072265625,29103000,0.0,0.0
2015-02-26 00:00:00+09:00,3507.3518713858257,3558.341905385593,3501.633362899871,3543.569091796875,22196800,0.0,0.0
2015-02-27 00:00:00+09:00,3538.8037448063365,3540.23337195883,3495.4383878473577,3510.687744140625,14235800,0.0,0.0
2015-03-02 00:00:00+09:00,3524.9840762341523,3536.8976360429738,3499.2507870470977,3512.117431640625,11322400,0.0,0.0
2015-03-03 00:00:00+09:00,3512.1173816245337,3518.7889750224635,3443.0187357174023,3447.3076171875,16266800,0.0,0.0
2015-03-04 00:00:00+09:00,3407.2777424383603,3408.7073694631595,3357.717338911984,3376.302490234375,15640200,0.0,0.0
2015-03-05 00:00:00+09:00,3401.5593155301126,3406.801281412829,3351.0458261148433,3378.208740234375,13447200,0.0,0.0
2015-03-06 00:00:00+09:00,3363.912715535085,3381.5447838839727,3356.7645797179684,3372.490478515625,10135000,0.0,0.0
2015-03-09 00:00:00+09:00,3345.327334548983,3347.2335039703785,3326.265640335029,3338.17919921875,12666400,0.0,0.0
2015-03-10 00:00:00+09:00,3334.366484073783,3335.3195686769195,3288.141880821652,3306.25048828125,18038200,0.0,0.0
2015-03-11 00:00:00+09:00,3286.7125813731504,3321.500172853539,3265.2681756660613,3296.719970703125,13351000,0.0,0.0
2015-03-12 00:00:00+09:00,3313.875924107143,3371.5375558035716,3303.3919910714285,3335.796875,18912600,0.0,0.0
2015-03-13 00:00:00+09:00,3359.6237645268016,3364.865730684219,3332.460848983819,3347.710205078125,21760000,0.0,0.0
2015-03-16 00:00:00+09:00,3335.796875,3352.475859375,3331.5079933035713,3335.796875,11211000,0.0,0.0
2015-03-17 00:00:00+09:00,3359.623564649748,3367.724784592875,3336.2729895195585,3337.22607421875,9084200,0.0,0.0
2015-03-18 00:00:00+09:00,3333.4136368789477,3343.4210259246174,3309.109977768036,3329.124755859375,12264800,0.0,0.0
2015-03-19 00:00:00+09:00,3330.0777918410927,3386.309786608873,3325.7889108842282,3351.045654296875,18207200,0.0,0.0
2015-03-20 00:00:00+09:00,3352.952303460579,3390.122610406276,3335.3202347812103,3368.20166015625,16173000,0.0,0.0
2015-03-23 00:00:00+09:00,3373.919762803205,3395.364168075259,3350.5691881736343,3364.388916015625,12378400,0.0,0.0
2015-03-24 00:00:00+09:00,3345.8038744981495,3357.240891018297,3326.2656379428977,3343.897705078125,11102400,0.0,0.0
2015-03-25 00:00:00+09:00,3343.898092910758,3351.0462290649066,3329.125278192184,3341.515380859375,9405200,0.0,0.0
2015-03-26 00:00:00+09:00,3336.2733862662376,3349.1400312354117,3310.5400963278894,3317.688232421875,11506800,0.0,0.0
2015-03-27 00:00:00+09:00,3345.4869342914953,3361.7830024528007,3310.4983173569285,3327.273681640625,13177600,20.0,0.0
2015-03-30 00:00:00+09:00,3355.07325203188,3359.8662138204973,3323.91900040587,3328.232666015625,9772200,0.0,0.0
2015-03-31 00:00:00+09:00,3352.1969618832827,3368.0137333648595,3337.8180787182127,3345.48681640625,16498000,0.0,0.0
2015-04-01 00:00:00+09:00,3345.965924586765,3353.1553657655077,3301.3913892785613,3320.563232421875,14610200,0.0,0.0
2015-04-02 00:00:00+09:00,3322.9601528644903,3365.617509507349,3317.68789530189,3352.676513671875,12239400,0.0,0.0
2015-04-03 00:00:00+09:00,3329.1909807828206,3345.487049505339,3317.20857731038,3338.297607421875,9659800,0.0,0.0
2015-04-06 00:00:00+09:00,3321.522007308468,3344.528220346102,3305.705235845094,3343.09033203125,7440400,0.0,0.0
2015-04-07 00:00:00+09:00,3341.652770875573,3412.5886013531385,3336.3805132049433,3398.209716796875,16261000,0.0,0.0
2015-04-08 00:00:00+09:00,3395.813257624594,3430.322580779001,3384.3101499064587,3412.588623046875,13202000,0.0,0.0
2015-04-09 00:00:00+09:00,3424.09177546036,3434.156994845112,3399.647671240248,3409.712890625,11334200,0.0,0.0
2015-04-10 00:00:00+09:00,3430.8021358563524,3477.2938663925447,3427.9263587097835,3456.204833984375,20507000,0.0,0.0
2015-04-13 00:00:00+09:00,3465.311221025857,3541.998606276775,3464.8319248680386,3524.2646484375,18786200,0.0,0.0
2015-04-14 00:00:00+09:00,3546.7917689099786,3604.3073111085187,3546.7917689099786,3595.20068359375,25690200,0.0,0.0
2015-04-15 00:00:00+09:00,3594.2420306210756,3690.5805621792615,3588.969772675105,3654.154052734375,31500200,0.0,0.0
2015-04-16 00:00:00+09:00,3690.5800185351204,3728.4444109330784,3662.780844369531,3683.869873046875,23963400,0.0,0.0
2015-04-17 00:00:00+09:00,3714.544905501268,3738.5097113432116,3671.8875511026085,3673.325439453125,20106000,0.0,0.0
2015-04-20 00:00:00+09:00,3642.6509647402086,3660.3849233843384,3594.7213467831007,3634.5029296875,14075800,0.0,0.0
2015-04-21 00:00:00+09:00,3652.2368918234383,3659.4263345238783,3611.496716520946,3636.8994140625,10168000,0.0,0.0
2015-04-22 00:00:00+09:00,3657.5089572981024,3716.4623843388135,3648.4023303568542,3704.47998046875,14972800,0.0,0.0
2015-04-23 00:00:00+09:00,3738.509794511384,3751.4507899539235,3665.1774870036606,3694.41455078125,14404600,0.0,0.0
2015-04-24 00:00:00+09:00,3694.893924506815,3736.1133923376083,3676.6806712792554,3713.107177734375,10406400,0.0,0.0
2015-04-27 00:00:00+09:00,3724.1311890734837,3735.634296993402,3694.8941231103586,3715.983154296875,8669000,0.0,0.0
2015-04-28 00:00:00+09:00,3738.5095343935386,3748.574752370752,3680.9940030951766,3716.4619140625,11922400,0.0,0.0
2015-04-30 00:00:00+09:00,3679.077069323576,3679.077069323576,3565.483887271767,3597.117431640625,17507000,0.0,0.0
2015-05-01 00:00:00+09:00,3594.241391366561,3630.188598241143,3540.080933008857,3585.134765625,15039800,0.0,0.0
2015-05-07 00:00:00+09:00,3513.2406971243213,3519.4715469282255,3448.0564222527105,3464.831787109375,20941200,0.0,0.0
2015-05-08 00:00:00+09:00,3517.554454215234,3570.2770308556037,3509.40641964354,3524.743896484375,17862400,0.0,0.0
2015-05-11 00:00:00+09:00,3595.2004149730783,3617.727333984375,3532.4126194309542,3546.79150390625,10303400,0.0,0.0
2015-05-12 00:00:00+09:00,3599.51409238555,3603.3484615918196,3504.6134545303785,3522.347412109375,13807000,0.0,0.0
2015-05-13 00:00:00+09:00,3506.5308203391455,3518.9925209035,3450.932463975102,3513.240966796875,12371800,0.0,0.0
2015-05-14 00:00:00+09:00,3477.7730008716426,3517.5545828827157,3467.2284851578643,3479.690185546875,10855800,0.0,0.0
2015-05-15 00:00:00+09:00,3504.1347235759386,3515.637833050131,3464.3531366443553,3472.98046875,9111800,0.0,0.0
2015-05-18 00:00:00+09:00,3482.086708444064,3542.4780264432316,3482.086708444064,3508.447998046875,10557000,0.0,0.0
2015-05-19 00:00:00+09:00,3532.412523776006,3541.998446499957,3476.8141719770892,3484.48291015625,11911000,0.0,0.0
2015-05-20 00:00:00+09:00,3513.240562366324,3521.8678925331174,3460.997285245188,3473.458984375,16021600,0.0,0.0
2015-05-21 00:00:00+09:00,3472.979762078786,3491.193015040281,3456.2043975089873,3458.12158203125,12092600,0.0,0.0
2015-05-22 00:00:00+09:00,3489.2760765565495,3537.684989157128,3474.8971916256846,3523.785400390625,15944000,0.0,0.0
2015-05-25 00:00:00+09:00,3551.584272832886,3576.98696736192,3537.684685260396,3548.70849609375,11993800,0.0,0.0
2015-05-26 00:00:00+09:00,3549.188136176347,3562.608428926237,3537.6850281050124,3550.146728515625,7047800,0.0,0.0
2015-05-27 00:00:00+09:00,3526.181578303852,3553.5014573256435,3523.305801564716,3548.70849609375,8098200,0.0,0.0
2015-05-28 00:00:00+09:00,3552.5428348108194,3562.128757192932,3508.447591853103,3529.53662109375,9674600,0.0,0.0
2015-05-29 00:00:00+09:00,3527.1400577426834,3609.0996921867654,3515.6369511540406,3569.318115234375,19994200,0.0,0.0
2015-06-01 00:00:00+09:00,3522.8266783633476,3544.3950049655723,3495.5067980005297,3534.80908203125,11401800,0.0,0.0
2015-06-02 00:00:00+09:00,3546.791648271681,3575.5494183928026,3519.4717666566153,3545.353759765625,10100000,0.0,0.0
2015-06-03 00:00:00+09:00,3528.098979239345,3578.904371414236,3516.5958715771058,3563.56689453125,8634200,0.0,0.0
2015-06-04 00:00:00+09:00,3590.407514560722,3593.7625876620336,3492.1518023080257,3521.8681640625,17901600,0.0,0.0
2015-06-05 00:00:00+09:00,3494.548337885846,3539.6021773812886,3479.690156775647,3526.181884765625,10962200,0.0,0.0
2015-06-08 00:00:00+09:00,3532.412198706981,3534.8086791674336,3469.1451145510355,3497.423583984375,9951800,0.0,0.0
2015-06-09 00:00:00+09:00,3466.2693429774895,3510.3645835131542,3465.3107507919317,3470.5830078125,9935600,0.0,0.0
2015-06-10 00:00:00+09:00,3455.7254380576487,3493.5898360613314,3448.5359953987213,3454.766845703125,10311400,0.0,0.0
2015-06-11 00:00:00+09:00,3461.47698595921,3486.4003871319987,3461.47698595921,3484.00390625,8281800,0.0,0.0
2015-06-12 00:00:00+09:00,3497.9031054472634,3507.9683240296686,3465.7902652081616,3485.44140625,14421800,0.0,0.0
2015-06-15 00:00:00+09:00,3467.2279483113653,3559.7320945684974,3463.393579554593,3538.64306640625,14228200,0.0,0.0
2015-06-16 00:00:00+09:00,3521.8681907554756,3537.2056679062885,3491.193236453849,3507.010009765625,9385400,0.0,0.0
2015-06-17 00:00:00+09:00,3522.827042596188,3524.744227381275,3468.187276221227,3482.566162109375,8336600,0.0,0.0
2015-06-18 00:00:00+09:00,3480.1692902655395,3481.127882550422,3407.795572756919,3418.340087890625,15563000,0.0,0.0
2015-06-19 00:00:00+09:00,3453.328940552195,3476.814453125,3419.778208305331,3476.814453125,17411400,0.0,0.0
2015-06-22 00:00:00+09:00,3459.5600764731566,3530.016620008977,3457.642891615039,3507.968994140625,11453600,0.0,0.0
2015-06-23 00:00:00+09:00,3544.8743373842594,3594.721137152778,3530.495452835648,3558.77392578125,17800400,0.0,0.0
2015-06-24 00:00:00+09:00,3546.791684332602,3629.7099223582154,3546.3123881590436,3603.3486328125,20556600,0.0,0.0
2015-06-25 00:00:00+09:00,3599.514632128841,3614.852111253758,3570.756858769623,3587.5322265625,9631200,0.0,0.0
2015-06-26 00:00:00+09:00,3580.3420031771184,3586.093556595877,3533.3709835905915,3556.377197265625,7919600,0.0,0.0
2015-06-29 00:00:00+09:00,3458.121604271804,3500.778960166494,3450.932162267081,3472.50048828125,13157000,0.0,0.0
2015-06-30 00:00:00+09:00,3450.9324282147313,3461.9562401381954,3404.4406996679495,3455.24609375,13708800,0.0,0.0
2015-07-01 00:00:00+09:00,3450.9325449605776,3456.6840992021785,3419.7782928185725,3434.636474609375,8360600,0.0,0.0
2015-07-02 00:00:00+09:00,3462.435594392303,3465.311371464057,3418.819642137361,3427.92626953125,11550600,0.0,0.0
2015-07-03 00:00:00+09:00,3422.174091858208,3439.908047236185,3415.9432426713515,3434.156494140625,6555400,0.0,0.0
2015-07-06 00:00:00+09:00,3398.2096467114698,3425.5295268049185,3360.3452514942333,3384.31005859375,14909600,0.0,0.0
2015-07-07 00:00:00+09:00,3412.588593050308,3446.618619750669,3398.2097085290284,3425.05029296875,10181600,0.0,0.0
2015-07-08 00:00:00+09:00,3395.3343733662928,3398.2101506446947,3259.214248855278,3323.43994140625,26348800,0.0,0.0
2015-07-09 00:00:00+09:00,3247.710157835375,3306.66357421875,3163.354049839651,3306.66357421875,24336200,0.0,0.0
2015-07-10 00:00:00+09:00,3301.8713623258436,3352.676757072039,3275.989368775895,3318.646728515625,15428000,0.0,0.0
2015-07-13 00:00:00+09:00,3331.1083808100184,3340.6943042080325,3299.9541297664714,3319.1259765625,8811600,0.0,0.0
2015-07-14 00:00:00+09:00,3333.983780479785,3387.185649317228,3331.108003785869,3359.386474609375,12947400,0.0,0.0
2015-07-15 00:00:00+09:00,3379.0378162169236,3395.813181261972,3359.8659704511538,3362.262451171875,8032200,0.0,0.0
2015-07-16 00:00:00+09:00,3395.333993129046,3395.8132892884378,3357.4695965371216,3368.493408203125,7515400,0.0,0.0
2015-07-17 00:00:00+09:00,3394.3755294374687,3430.8020389315734,3380.475940288403,3389.103271484375,11740800,0.0,0.0
2015-07-21 00:00:00+09:00,3403.0025076818856,3409.7126534716813,3362.7416329431144,3382.8720703125,7679000,0.0,0.0
2015-07-22 00:00:00+09:00,3388.144622711064,3390.0618073893556,3341.1735980929166,3350.759521484375,10299400,0.0,0.0
2015-07-23 00:00:00+09:00,3362.7415917731687,3415.9434613123394,3351.2384848457805,3356.5107421875,8631600,0.0,0.0
2015-07-24 00:00:00+09:00,3344.0490534774726,3345.0076457244204,3302.8295868587165,3332.066650390625,8167600,0.0,0.0
2015-07-27 00:00:00+09:00,3285.5748966005112,3318.6463288201226,3262.568682882521,3312.894775390625,9113200,0.0,0.0
2015-07-28 00:00:00+09:00,3259.693266638858,3284.1373714173583,3225.6632384178083,3263.04833984375,13611200,0.0,0.0
2015-07-29 00:00:00+09:00,3280.7822086636274,3286.533762572168,3243.3971082581106,3268.7998046875,9811000,0.0,0.0
2015-07-30 00:00:00+09:00,3273.592577629283,3329.670225005949,3273.592577629283,3304.746826171875,12533600,0.0,0.0
2015-07-31 00:00:00+09:00,3328.2327695829094,3344.528840171305,3286.0547045305916,3298.037109375,9314400,0.0,0.0
2015-08-03 00:00:00+09:00,3285.5747628378704,3306.184495121171,3275.030248646414,3289.888427734375,5977200,0.0,0.0
2015-08-04 00:00:00+09:00,3289.888541590309,3296.119391100897,3252.024148410584,3269.27880859375,8802600,0.0,0.0
2015-08-05 00:00:00+09:00,3307.143292672729,3390.0615230542335,3296.598777826526,3358.427978515625,19941800,0.0,0.0
2015-08-06 00:00:00+09:00,3379.03742429589,3462.9142397925966,3369.451502524838,3422.174072265625,21025800,0.0,0.0
2015-08-07 00:00:00+09:00,3570.756311365076,3606.2242264041383,3546.79150390625,3546.79150390625,35039400,0.0,0.0
2015-08-10 00:00:00+09:00,3575.5490378651584,3663.2602273999205,3571.235372806072,3646.48486328125,29995000,0.0,0.0
2015-08-11 00:00:00+09:00,3690.5803412957794,3738.5099561178026,3653.6745378828214,3670.92919921875,30540200,0.0,0.0
2015-08-12 00:00:00+09:00,3670.9287824204016,3726.047833207495,3664.697933200991,3684.828369140625,26009200,0.0,0.0
2015-08-13 00:00:00+09:00,3632.5855320329706,3639.295678153628,3551.1051862821323,3590.407470703125,34265600,0.0,0.0
2015-08-14 00:00:00+09:00,3582.7389491400386,3653.195487671622,3569.3186560864033,3639.2958984375,21956600,0.0,0.0
2015-08-17 00:00:00+09:00,3639.774936621653,3649.360859551918,3576.02854913539,3598.076171875,11929000,0.0,0.0
2015-08-18 00:00:00+09:00,3569.797503727739,3608.1411933488744,3530.4952218660746,3565.963134765625,13836400,0.0,0.0
2015-08-19 00:00:00+09:00,3573.152993888289,3641.692347090975,3572.1944015358035,3583.697509765625,11151400,0.0,0.0
2015-08-20 00:00:00+09:00,3690.5801812506134,3725.089502425944,3657.029452330153,3662.781005859375,22919600,0.0,0.0
2015-08-21 00:00:00+09:00,3590.8866221814724,3627.792424358191,3515.6371294315404,3528.578125,21202800,0.0,0.0
2015-08-24 00:00:00+09:00,3458.121473201187,3493.1100896313583,3383.830575301508,3420.257080078125,22318600,0.0,0.0
2015-08-25 00:00:00+09:00,3310.978161709679,3447.5775792092822,3267.8415035519097,3302.350830078125,31941400,0.0,0.0
2015-08-26 00:00:00+09:00,3320.5635797625546,3335.9010558815503,3255.3793062568234,3292.764404296875,24571200,0.0,0.0
2015-08-27 00:00:00+09:00,3379.037670491068,3412.588399134242,3329.6701697732556,3332.066650390625,17440000,0.0,0.0
2015-08-28 00:00:00+09:00,3417.3818325109646,3431.760718201754,3393.4170230263157,3414.9853515625,15284600,0.0,0.0
2015-08-31 00:00:00+09:00,3380.954645702627,3402.0436738300605,3343.5695503858133,3385.268310546875,11398800,0.0,0.0
2015-09-01 00:00:00+09:00,3369.4521225022345,3393.416931339377,3284.61669921875,3284.61669921875,14643600,0.0,0.0
2015-09-02 00:00:00+09:00,3237.6451078027676,3298.0364155130783,3212.242414877002,3231.8935546875,16994200,0.0,0.0
2015-09-03 00:00:00+09:00,3264.007199742033,3279.8239747187567,3178.2131778985936,3209.367431640625,17141400,0.0,0.0
2015-09-04 00:00:00+09:00,3200.259956255351,3201.697844508873,3038.7371757763854,3078.998046875,24608000,0.0,0.0
2015-09-07 00:00:00+09:00,3019.565983289107,3067.495602071474,2947.6715551155567,3031.069091796875,19652600,0.0,0.0
2015-09-08 00:00:00+09:00,3074.2052635364357,3119.25909808156,3004.2280311578393,3006.62451171875,14372000,0.0,0.0
2015-09-09 00:00:00+09:00,3072.2882372567083,3170.5439453125,3064.619499066988,3170.5439453125,17030800,0.0,0.0
2015-09-10 00:00:00+09:00,3081.8741165498664,3141.7861328125,3057.909310044813,3141.7861328125,15269400,0.0,0.0
2015-09-11 00:00:00+09:00,3094.335881722133,3234.2903546872603,3049.76134067502,3121.65576171875,27712400,0.0,0.0
2015-09-14 00:00:00+09:00,3042.571827965043,3043.530420223381,2911.2446885727272,2949.58837890625,26659400,0.0,0.0
2015-09-15 00:00:00+09:00,2912.683016907935,2936.6478269861636,2876.2565055890273,2884.404541015625,18972200,0.0,0.0
2015-09-16 00:00:00+09:00,2918.4341119861774,2961.570763337591,2911.723966220402,2937.60595703125,12003200,0.0,0.0
2015-09-17 00:00:00+09:00,2935.2095608659315,3016.6899046522162,2930.8958956066576,2992.72509765625,11075400,0.0,0.0
2015-09-18 00:00:00+09:00,2962.050356048146,3028.193228076406,2956.77809813285,3005.18701171875,13596200,0.0,0.0
2015-09-24 00:00:00+09:00,2909.327288255182,2920.8303945019898,2796.692706255187,2815.38525390625,23975600,0.0,0.0
2015-09-25 00:00:00+09:00,2789.5036744280183,2854.6879527308033,2765.5388662284645,2830.72314453125,19020400,0.0,0.0
2015-09-28 00:00:00+09:00,2789.3635983113522,2822.5474066360907,2745.599445303364,2775.897705078125,13058600,10.0,0.0
2015-09-29 00:00:00+09:00,2696.5446022908086,2699.9110749528445,2595.5504224297297,2597.47412109375,24790000,0.0,0.0
2015-09-30 00:00:00+09:00,2613.8258202179995,2654.22349618825,2582.5657138124484,2634.024658203125,18379400,0.0,0.0
2015-10-01 00:00:00+09:00,2635.467698664283,2735.980974033049,2617.192557688144,2707.12548828125,16823200,0.0,0.0
2015-10-02 00:00:00+09:00,2664.3232977430557,2708.568377777778,2633.0631868489586,2705.201904296875,11413200,0.0,0.0
2015-10-05 00:00:00+09:00,2789.363395826228,2870.1587493605048,2782.1495249749532,2820.142578125,20553400,0.0,0.0
2015-10-06 00:00:00+09:00,2933.1599675589514,2961.0536022725796,2871.6016012943924,2890.357666015625,19512200,0.0,0.0
2015-10-07 00:00:00+09:00,2923.0609187672967,3003.37535993777,2914.8851972110206,2975.962646484375,21205400,0.0,0.0
2015-10-08 00:00:00+09:00,3020.207128237904,3087.5365865107233,3001.9319895638528,3021.64990234375,22997600,0.0,0.0
2015-10-09 00:00:00+09:00,3049.0627684447313,3098.117090586902,3045.6962953565435,3096.67431640625,21424600,0.0,0.0
2015-10-13 00:00:00+09:00,3062.048250368538,3077.4378442136444,2992.314153257899,3002.41357421875,16618400,0.0,0.0
2015-10-14 00:00:00+09:00,2962.4966192883935,3037.0399595464614,2949.5116503402137,2981.252685546875,13225400,0.0,0.0
2015-10-15 00:00:00+09:00,2968.7485201256386,3043.2918573392258,2948.0687556083208,3023.093017578125,9857400,0.0,0.0
2015-10-16 00:00:00+09:00,3044.2534504750497,3089.4603737522466,3039.444203317901,3077.437255859375,10957800,0.0,0.0
2015-10-19 00:00:00+09:00,3097.636192309732,3120.239654666285,3025.0165579301683,3046.17724609375,10665800,0.0,0.0
2015-10-20 00:00:00+09:00,3079.8415647001907,3105.811496694852,3069.261222035699,3090.90283203125,10555400,0.0,0.0
2015-10-21 00:00:00+09:00,3078.879948525258,3116.8730000612613,3078.879948525258,3112.544677734375,10978400,0.0,0.0
2015-10-22 00:00:00+09:00,3120.2398881020245,3121.2017376359645,3084.6514553462366,3100.52197265625,7898400,0.0,0.0
2015-10-23 00:00:00+09:00,3171.6980802915164,3180.835648680529,3146.209073732691,3169.29345703125,14725000,0.0,0.0
2015-10-26 00:00:00+09:00,3265.479157636657,3267.883781464077,3196.2259914069546,3198.630615234375,9982400,0.0,0.0
2015-10-27 00:00:00+09:00,3194.782854553426,3218.8290900987627,3170.7366190080897,3175.06494140625,7983600,0.0,0.0
2015-10-28 00:00:00+09:00,3223.1575486984925,3287.1205379519843,3223.1575486984925,3260.669677734375,16598600,0.0,0.0
2015-10-29 00:00:00+09:00,3342.4271147432387,3346.2745128609286,3256.3415818599233,3289.525390625,23884000,0.0,0.0
2015-10-30 00:00:00+09:00,3284.7162207361707,3317.4191055107035,3229.409871485122,3268.845703125,15621800,0.0,0.0
2015-11-02 00:00:00+09:00,3234.6998643872294,3284.716038323636,3226.5241436476244,3244.318359375,9242400,0.0,0.0
2015-11-04 00:00:00+09:00,3196.2259275840906,3336.655956301297,3190.9357552694014,3281.349609375,13375200,0.0,0.0
2015-11-05 00:00:00+09:00,3294.3342106777286,3306.3573282349466,3182.759679746746,3297.70068359375,16054800,0.0,0.0
2015-11-06 00:00:00+09:00,3318.3809793679693,3352.5266387208862,3301.067687301702,3334.732421875,10049200,0.0,0.0
2015-11-09 00:00:00+09:00,3335.2130093417327,3341.9459555754433,3275.5783427002943,3326.075439453125,14693000,0.0,0.0
2015-11-10 00:00:00+09:00,3258.265049492637,3306.357522547879,3214.9818237429195,3300.58642578125,13211400,0.0,0.0
2015-11-11 00:00:00+09:00,3291.929339898986,3298.6622852252954,3251.050743274967,3264.99755859375,10821800,0.0,0.0
2015-11-12 00:00:00+09:00,3243.3563373811894,3275.0973691527133,3222.1956495335066,3263.55517578125,9607600,0.0,0.0
2015-11-13 00:00:00+09:00,3207.7678941625027,3221.714711093644,3175.065013082585,3194.302001953125,14870200,0.0,0.0
2015-11-16 00:00:00+09:00,3130.8197579885214,3196.7064410675425,3130.8197579885214,3169.774658203125,9987400,0.0,0.0
2015-11-17 00:00:00+09:00,3198.6303173414076,3209.210661196694,3175.0650060273606,3176.02685546875,9613600,0.0,0.0
2015-11-18 00:00:00+09:00,3202.9588048059422,3235.661687497655,3193.340309896615,3203.920654296875,10733800,0.0,0.0
2015-11-19 00:00:00+09:00,3183.721690826996,3201.515905715304,3160.156379218156,3162.080078125,13058800,0.0,0.0
2015-11-20 00:00:00+09:00,3138.034271042873,3197.6689453125,3133.225023117903,3197.6689453125,11201800,0.0,0.0
2015-11-24 00:00:00+09:00,3190.454761089307,3194.7830837980505,3126.9726946944033,3145.728759765625,11336200,0.0,0.0
2015-11-25 00:00:00+09:00,3147.1713437310264,3173.6222031297434,3137.55284940422,3168.33203125,8194800,0.0,0.0
2015-11-26 00:00:00+09:00,3174.584048819159,3175.5458982507052,3140.438393999259,3142.843017578125,9069200,0.0,0.0
2015-11-27 00:00:00+09:00,3154.3854375528435,3181.7981483228564,3136.1102970395023,3146.209716796875,9232600,0.0,0.0
2015-11-30 00:00:00+09:00,3147.6523294459066,3161.599146490052,3119.2777706319557,3143.804931640625,9010600,0.0,0.0
2015-12-01 00:00:00+09:00,3140.4385773950503,3149.0952227845005,3120.7206628968574,3134.66748046875,10776200,0.0,0.0
2015-12-02 00:00:00+09:00,3130.3387982515023,3192.8590077725803,3121.6821538562763,3176.507568359375,10277600,0.0,0.0
2015-12-03 00:00:00+09:00,3169.7752339083427,3189.9740747252367,3152.9428665609307,3160.15673828125,7231000,0.0,0.0
2015-12-04 00:00:00+09:00,3112.0640394071693,3123.6062333409927,3053.872144990809,3065.895263671875,14493800,0.0,0.0
2015-12-07 00:00:00+09:00,3092.345682732032,3107.735272443918,3062.047427986757,3063.00927734375,7590600,0.0,0.0
2015-12-08 00:00:00+09:00,3076.9560366144515,3101.483194768146,3035.596515021947,3040.40576171875,7605400,0.0,0.0
2015-12-09 00:00:00+09:00,3025.97837953125,3026.940228984375,2985.0997777734374,3005.779541015625,11593800,0.0,0.0
2015-12-10 00:00:00+09:00,2981.2523372563146,3035.1159058597514,2951.4350046365544,2994.2373046875,10377400,0.0,0.0
2015-12-11 00:00:00+09:00,2972.5956355594135,3014.9170100828287,2969.2291625859602,3011.550537109375,17191000,0.0,0.0
2015-12-14 00:00:00+09:00,2945.183307825307,2956.2445775966958,2881.2203130603225,2933.64111328125,14293800,0.0,0.0
2015-12-15 00:00:00+09:00,2920.655579639509,2947.5873617010625,2887.4717767422385,2888.91455078125,10057400,0.0,0.0
2015-12-16 00:00:00+09:00,2927.3890003008482,2974.5196265583613,2913.9231070844157,2950.473388671875,14783000,0.0,0.0
2015-12-17 00:00:00+09:00,3001.93230849046,3044.2536867581885,2990.390114417443,3000.970458984375,13519000,0.0,0.0
2015-12-18 00:00:00+09:00,2988.4659889638524,3087.0555492692256,2926.4267046741297,2936.526123046875,14871200,0.0,0.0
2015-12-21 00:00:00+09:00,2920.65618585528,2962.015716891597,2899.495495557629,2945.183349609375,9621200,0.0,0.0
2015-12-22 00:00:00+09:00,2946.1447173801844,2984.137768746987,2924.0221811412866,2930.755126953125,6656600,0.0,0.0
2015-12-24 00:00:00+09:00,2945.6638541554803,2967.7863908560767,2929.793338696357,2938.930908203125,6764400,0.0,0.0
2015-12-25 00:00:00+09:00,2938.930908203125,2938.930908203125,2938.930908203125,2938.930908203125,0,0.0,0.0
2015-12-28 00:00:00+09:00,2911.999216750349,2966.3437108036587,2900.937948049233,2947.587646484375,5875400,0.0,0.0
2015-12-29 00:00:00+09:00,2934.1216898165267,2948.068506568646,2899.9760350096144,2946.625732421875,6894600,0.0,0.0
2015-12-30 00:00:00+09:00,2951.9162920181166,2991.352123876293,2943.2596460004684,2952.397216796875,7345400,0.0,0.0
2016-01-04 00:00:00+09:00,2909.595087090538,2955.2829438299764,2870.6401776600696,2882.182373046875,12751600,0.0,0.0
2016-01-05 00:00:00+09:00,2861.5023221376855,2907.6710990999068,2851.8838269372227,2870.639892578125,9739400,0.0,0.0
2016-01-06 00:00:00+09:00,2871.1204276179633,2885.5481684602646,2799.9435727959435,2832.16552734375,12891800,0.0,0.0
2016-01-07 00:00:00+09:00,2832.1654578076095,2841.783951466321,2760.0267553672734,2765.7978515625,11946000,0.0,0.0
2016-01-08 00:00:00+09:00,2710.010728469326,2810.043067692329,2683.559869540167,2738.8662109375,18098200,0.0,0.0
2016-01-12 00:00:00+09:00,2671.0558000887527,2722.9956680054947,2657.589908406634,2658.5517578125,14905800,0.0,0.0
2016-01-13 00:00:00+09:00,2693.1785084877897,2753.2941001951067,2688.850185884863,2737.423583984375,11749000,0.0,0.0
2016-01-14 00:00:00+09:00,2659.514081872028,2666.727953703507,2592.184611444888,2654.704833984375,14822600,0.0,0.0
2016-01-15 00:00:00+09:00,2697.506818775488,2745.5992919217792,2644.1241735831045,2668.17041015625,13434200,0.0,0.0
2016-01-18 00:00:00+09:00,2548.9008704036028,2572.9471050300517,2450.311308435161,2458.006103515625,25528000,0.0,0.0
2016-01-19 00:00:00+09:00,2437.3266826059626,2465.701243433459,2387.3105075880026,2426.746337890625,28500400,0.0,0.0
2016-01-20 00:00:00+09:00,2355.088091786052,2382.9817224422886,2250.727439158408,2256.49853515625,29308000,0.0,0.0
2016-01-21 00:00:00+09:00,2256.4991351920116,2368.0736874862455,2183.398566447513,2185.322265625,47453800,0.0,0.0
2016-01-22 00:00:00+09:00,2334.889732390405,2373.8446383272994,2292.0874283362864,2357.97412109375,32084600,0.0,0.0
2016-01-25 00:00:00+09:00,2404.62390377503,2429.6319923742903,2382.9822886410548,2413.761474609375,27640200,0.0,0.0
2016-01-26 00:00:00+09:00,2332.484830957414,2342.5842498131055,2272.3692425306763,2332.00390625,18625000,0.0,0.0
2016-01-27 00:00:00+09:00,2529.183469632239,2544.0921381164753,2481.571915440645,2494.556884765625,31985800,0.0,0.0
2016-01-28 00:00:00+09:00,2476.7620211607054,2485.8995897824634,2448.387465966826,2452.23486328125,17723800,0.0,0.0
2016-01-29 00:00:00+09:00,2467.143767528045,2553.710215511485,2414.7229740269618,2532.068603515625,25791200,0.0,0.0
2016-02-01 00:00:00+09:00,2628.254316880657,2642.682062444503,2581.1236813720925,2623.445068359375,16631000,0.0,0.0
2016-02-02 00:00:00+09:00,2573.9093715786844,2574.871221119633,2515.2365495808144,2525.81689453125,14772200,0.0,0.0
2016-02-03 00:00:00+09:00,2424.341810362352,2436.845854613378,2389.2343015037027,2402.7001953125,20647000,0.0,0.0
2016-02-04 00:00:00+09:00,2404.6236774114172,2482.5334845595476,2397.409806379183,2443.09765625,13641800,0.0,0.0
2016-02-05 00:00:00+09:00,2397.409558536419,2515.2361065487403,2390.6766129357147,2424.822265625,13617800,0.0,0.0
2016-02-08 00:00:00+09:00,2381.5393315138863,2466.663011174217,2349.7982984202035,2454.639892578125,10147200,0.0,0.0
2016-02-09 00:00:00+09:00,2323.346900642443,2355.087926401582,2287.75847782159,2294.010498046875,16167400,0.0,0.0
2016-02-10 00:00:00+09:00,2294.0109631498817,2306.0340814053843,2146.367070972311,2213.696533203125,21585200,0.0,0.0
2016-02-12 00:00:00+09:00,2159.3518854996887,2184.3599696970123,1987.6617689911388,2002.5704345703125,33722800,0.0,0.0
2016-02-15 00:00:00+09:00,2087.213363370028,2135.3058371803977,2043.930136940696,2116.06884765625,19972200,0.0,0.0
2016-02-16 00:00:00+09:00,2405.5849631395527,2452.715576171875,2328.156098872166,2452.715576171875,40967800,0.0,0.0
2016-02-17 00:00:00+09:00,2458.006800659677,2844.670363119153,2458.006800659677,2596.0322265625,154745200,0.0,0.0
2016-02-18 00:00:00+09:00,2717.2244183765574,2726.842911892935,2508.5031090711723,2547.4580078125,61426000,0.0,0.0
2016-02-19 00:00:00+09:00,2507.0606606441474,2541.6872418001763,2429.1508530430824,2446.945068359375,36069400,0.0,0.0
2016-02-22 00:00:00+09:00,2426.7462114358436,2503.213244257544,2380.5774369019873,2450.3115234375,33542000,0.0,0.0
2016-02-23 00:00:00+09:00,2473.396271474228,2544.092217790913,2454.640204084087,2499.3662109375,35997400,0.0,0.0
2016-02-24 00:00:00+09:00,2459.9304632808094,2563.810224780058,2453.1975157762286,2559.0009765625,35195200,0.0,0.0
2016-02-25 00:00:00+09:00,2596.9937476886093,2716.74401494314,2584.9706284863473,2682.117431640625,49375400,0.0,0.0
2016-02-26 00:00:00+09:00,2681.636520814682,2721.5532767737245,2652.78103457923,2685.96484375,28227000,0.0,0.0
2016-02-29 00:00:00+09:00,2693.178113506907,2726.361915262617,2676.826674960615,2680.674072265625,24068200,0.0,0.0
2016-03-01 00:00:00+09:00,2680.6743703508605,2712.4154016467264,2674.9032737516122,2703.27783203125,19413000,0.0,0.0
2016-03-02 00:00:00+09:00,2767.7217839416844,2776.859353688842,2728.2859566118464,2754.73681640625,21204600,0.0,0.0
2016-03-03 00:00:00+09:00,2741.271003844246,2823.9900586970903,2730.209734881366,2817.738037109375,18437000,0.0,0.0
2016-03-04 00:00:00+09:00,2816.2955713615424,2836.975337339778,2785.516384789285,2818.7001953125,13747600,0.0,0.0
2016-03-07 00:00:00+09:00,2777.8210660518766,2792.2488070459135,2750.8892828630082,2767.24072265625,13180400,0.0,0.0
2016-03-08 00:00:00+09:00,2798.981715365162,2872.5631934495036,2772.530857230268,2813.890380859375,25497800,0.0,0.0
2016-03-09 00:00:00+09:00,2808.6008126850725,2842.7464732502503,2752.3326114720326,2760.9892578125,19443600,0.0,0.0
2016-03-10 00:00:00+09:00,2755.69903909453,2772.531406698074,2698.949914031152,2756.660888671875,14614800,0.0,0.0
2016-03-11 00:00:00+09:00,2703.2780761297454,2806.195974776208,2702.7971513697153,2786.958984375,22539800,0.0,0.0
2016-03-14 00:00:00+09:00,2813.4092512138814,2844.1884293468192,2807.6381553139554,2839.860107421875,12870600,0.0,0.0
2016-03-15 00:00:00+09:00,2848.517007351565,2884.1054352671513,2828.7990945875245,2850.921630859375,14363600,0.0,0.0
2016-03-16 00:00:00+09:00,2823.5091720298437,2836.9750648618715,2774.935772885743,2778.30224609375,11247000,0.0,0.0
2016-03-17 00:00:00+09:00,2792.2486616059573,2836.974656357827,2735.4995499853057,2761.469482421875,12907400,0.0,0.0
2016-03-18 00:00:00+09:00,2744.1564001334523,2755.6985931939503,2688.8500583852315,2702.796875,16952000,0.0,0.0
2016-03-22 00:00:00+09:00,2729.729049682617,2735.50014703924,2691.2550673051314,2708.568359375,15441000,0.0,0.0
2016-03-23 00:00:00+09:00,2703.2775258970296,2723.9572863691114,2692.2162586677764,2695.101806640625,9719200,0.0,0.0
2016-03-24 00:00:00+09:00,2691.7353691633357,2704.720335210756,2654.704169694767,2688.368896484375,18087200,0.0,0.0
2016-03-25 00:00:00+09:00,2683.0789322605024,2691.735576960393,2646.5286546387424,2662.399169921875,10234600,0.0,0.0
2016-03-28 00:00:00+09:00,2662.8807084178197,2698.950069647969,2616.7119260432287,2646.04833984375,12447600,0.0,0.0
2016-03-29 00:00:00+09:00,2656.1863432226455,2687.0834580838323,2633.0135070767556,2660.53125,11405400,10.5,0.0
2016-03-30 00:00:00+09:00,2660.5310399474424,2672.117457105624,2620.461347275398,2624.323486328125,11240200,0.0,0.0
2016-03-31 00:00:00+09:00,2633.01331499109,2638.8065236049315,2588.598715618303,2590.52978515625,13609800,0.0,0.0
2016-04-01 00:00:00+09:00,2597.288220417918,2648.461557102732,2586.184571891968,2611.771240234375,27697000,0.0,0.0
2016-04-04 00:00:00+09:00,2585.7017604290927,2632.0474230506743,2558.1840232475283,2630.59912109375,18845000,0.0,0.0
2016-04-05 00:00:00+09:00,2626.2546406675747,2675.496915180092,2614.185455738036,2657.634521484375,23890600,0.0,0.0
2016-04-06 00:00:00+09:00,2644.1169562461737,2675.0140687529756,2624.8062609294225,2661.49658203125,22269200,0.0,0.0
2016-04-07 00:00:00+09:00,2662.4621688766533,2713.63551246703,2662.4621688766533,2705.428466796875,23731600,0.0,0.0
2016-04-08 00:00:00+09:00,2698.6694533274854,2767.2224161848203,2687.0830370699077,2747.428955078125,17766800,0.0,0.0
2016-04-11 00:00:00+09:00,2732.463364714528,2753.2223620082955,2687.083231095594,2740.67041015625,12267000,0.0,0.0
2016-04-12 00:00:00+09:00,2730.532257526677,2808.2578044612233,2717.4975384755417,2771.084716796875,11928400,0.0,0.0
2016-04-13 00:00:00+09:00,2799.085154156654,2840.603147129657,2766.2569736663722,2837.70654296875,13186600,0.0,0.0
2016-04-14 00:00:00+09:00,2861.3624220989523,2884.052490234375,2825.1548665637033,2884.052490234375,14789400,0.0,0.0
2016-04-15 00:00:00+09:00,2848.8104629782965,2908.673621325917,2844.948323730063,2903.845947265625,11668800,0.0,0.0
2016-04-18 00:00:00+09:00,2829.016580874772,2843.01683357876,2775.912174066543,2780.257080078125,12671400,0.0,0.0
2016-04-19 00:00:00+09:00,2843.0165493803925,2902.396925602805,2842.05101480767,2895.63818359375,12073600,0.0,0.0
2016-04-20 00:00:00+09:00,2905.294102323965,2918.328821626515,2878.2591289557126,2897.56982421875,9853200,0.0,0.0
2016-04-21 00:00:00+09:00,2939.5709021990624,3007.641110313706,2752.739905458869,2939.088134765625,30990200,0.0,0.0
2016-04-22 00:00:00+09:00,2939.0876249528246,3038.054931640625,2909.638816621333,3038.054931640625,17704400,0.0,0.0
2016-04-25 00:00:00+09:00,3046.262304346316,3076.676650649615,3016.813492846296,3039.986328125,10658600,0.0,0.0
2016-04-26 00:00:00+09:00,3035.158484293166,3045.7793665350064,2989.7783510780305,3030.330810546875,9024400,0.0,0.0
2016-04-27 00:00:00+09:00,3035.158168135315,3039.0203067300477,2974.8122525926215,2994.605712890625,9074800,0.0,0.0
2016-04-28 00:00:00+09:00,3036.1242711252585,3063.159246349144,2881.1559310026305,2890.811279296875,15053800,0.0,0.0
2016-05-02 00:00:00+09:00,2751.773655668218,2848.327117270612,2751.773655668218,2813.56787109375,13969600,0.0,0.0
2016-05-06 00:00:00+09:00,2836.2578438394926,2840.11998218004,2741.152687203513,2760.46337890625,10723000,0.0,0.0
2016-05-09 00:00:00+09:00,2798.6025990653047,2832.8790842358476,2776.395298813967,2797.154296875,6814200,0.0,0.0
2016-05-10 00:00:00+09:00,2833.3617988046562,2895.156024438835,2810.188964191839,2892.7421875,9488800,0.0,0.0
2016-05-11 00:00:00+09:00,2944.8809422484233,3035.6412073537845,2937.6394317346976,2946.81201171875,14141400,0.0,0.0
2016-05-12 00:00:00+09:00,2921.225346266545,2939.087738897823,2865.70709889906,2927.0185546875,9777600,0.0,0.0
2016-05-13 00:00:00+09:00,2973.8468365932254,2974.812371280431,2815.0163805479056,2818.395751953125,13693800,0.0,0.0
2016-05-16 00:00:00+09:00,2799.5680823104117,2854.6035645286192,2777.360782467977,2810.18896484375,8665000,0.0,0.0
2016-05-17 00:00:00+09:00,2857.0172970008593,2873.9141549587894,2810.6716294591083,2861.844970703125,12358400,0.0,0.0
2016-05-18 00:00:00+09:00,2871.499824673721,2924.6042262732685,2842.5337874376037,2901.431396484375,11019200,0.0,0.0
2016-05-19 00:00:00+09:00,2919.777058912481,2941.5015906008184,2866.672648118769,2893.224853515625,7295200,0.0,0.0
2016-05-20 00:00:00+09:00,2893.7072620738636,2967.5706606553285,2872.465500390305,2947.29443359375,8927400,0.0,0.0
2016-05-23 00:00:00+09:00,2932.328940209081,2968.536492154369,2891.2937146710874,2959.8466796875,8155200,0.0,0.0
2016-05-24 00:00:00+09:00,2942.950285731969,2953.5711693090857,2909.156565259325,2925.087890625,8048000,0.0,0.0
2016-05-25 00:00:00+09:00,2990.260503633077,3010.0539619231895,2973.846416270545,2996.0537109375,8375000,0.0,0.0
2016-05-26 00:00:00+09:00,2986.398822813154,2986.398822813154,2862.8103813905595,2884.534912109375,16382200,0.0,0.0
2016-05-27 00:00:00+09:00,2915.4321747254717,2956.9501689341805,2907.707896733154,2922.19091796875,8469400,0.0,0.0
2016-05-30 00:00:00+09:00,2959.363848209767,2981.08837890625,2940.053154257338,2981.08837890625,6538200,0.0,0.0
2016-05-31 00:00:00+09:00,2966.6053588710383,3007.640583525886,2957.432779242308,3006.675048828125,7694200,0.0,0.0
2016-06-01 00:00:00+09:00,3022.123857865483,3110.4702901321575,3004.7442318458093,3018.26171875,21355800,0.0,0.0
2016-06-02 00:00:00+09:00,2997.019605611654,3002.812813612192,2911.5697876037184,2916.3974609375,12663800,0.0,0.0
2016-06-03 00:00:00+09:00,2945.3636778365735,2971.4331154047054,2893.224802700309,2906.259521484375,9844800,0.0,0.0
2016-06-06 00:00:00+09:00,2872.465733763386,2955.98448535012,2864.741456159989,2941.50146484375,10835200,0.0,0.0
2016-06-07 00:00:00+09:00,2945.363908198314,2959.8469302022395,2898.535470385622,2940.053466796875,8919000,0.0,0.0
2016-06-08 00:00:00+09:00,2950.673642022358,2969.5015661124876,2904.3279827235774,2969.018798828125,8864400,0.0,0.0
2016-06-09 00:00:00+09:00,2954.5362896000574,2987.8472379631953,2902.880181268815,2946.81201171875,11579400,0.0,0.0
2016-06-10 00:00:00+09:00,2915.9148595808665,2939.5704602628966,2883.086679042539,2894.673095703125,18759600,0.0,0.0
2016-06-13 00:00:00+09:00,2844.465010955554,2866.1895400616304,2757.56689453125,2757.56689453125,12743600,0.0,0.0
2016-06-14 00:00:00+09:00,2757.5668870085883,2785.0846238012164,2684.186255561581,2726.18701171875,13386400,0.0,0.0
2016-06-15 00:00:00+09:00,2742.1184863694466,2775.4294327707653,2707.8420052898286,2738.25634765625,9257800,0.0,0.0
2016-06-16 00:00:00+09:00,2763.8431708046414,2807.2922337517884,2693.359135357047,2699.15234375,14098000,0.0,0.0
2016-06-17 00:00:00+09:00,2747.429531743797,2762.395322551047,2692.39404296875,2692.39404296875,14691800,0.0,0.0
2016-06-20 00:00:00+09:00,2746.463407638648,2792.3263051119598,2732.4631547257422,2781.22265625,11371600,0.0,0.0
2016-06-21 00:00:00+09:00,2760.946280286476,2831.4303084245817,2751.773701282202,2820.32666015625,9661200,0.0,0.0
2016-06-22 00:00:00+09:00,2820.3271196815303,2930.3980856670473,2815.499445734797,2893.707763671875,18694800,0.0,0.0
2016-06-23 00:00:00+09:00,2896.604114806205,2937.6393397659594,2888.397069814254,2933.29443359375,12547600,0.0,0.0
2016-06-24 00:00:00+09:00,2961.777981708745,2979.15760800728,2631.0823146393905,2657.634521484375,26726400,0.0,0.0
2016-06-27 00:00:00+09:00,2703.014587002998,2735.84276916342,2658.5999876094857,2730.049560546875,13216200,0.0,0.0
2016-06-28 00:00:00+09:00,2722.325428684749,2761.4295889478212,2657.6345956569503,2736.32568359375,13546200,0.0,0.0
2016-06-29 00:00:00+09:00,2782.1883104813,2821.7752342119034,2756.6016402651785,2803.912841796875,11519600,0.0,0.0
2016-06-30 00:00:00+09:00,2857.9820092524615,2871.499491728656,2718.9450466401795,2794.739501953125,17552000,0.0,0.0
2016-07-01 00:00:00+09:00,2800.0508573014886,2809.7062050852865,2737.7738640959897,2764.808837890625,9177400,0.0,0.0
2016-07-04 00:00:00+09:00,2733.9117274416085,2801.4991619889906,2729.084053545367,2796.188720703125,7913800,0.0,0.0
2016-07-05 00:00:00+09:00,2777.843210316237,2782.188116276064,2743.5667299664888,2765.291259765625,5932600,0.0,0.0
2016-07-06 00:00:00+09:00,2728.118353050744,2736.8081655361298,2678.393314939927,2709.773193359375,10976400,0.0,0.0
2016-07-07 00:00:00+09:00,2708.3250037084654,2715.5665144135683,2662.462102576147,2669.70361328125,7517200,0.0,0.0
2016-07-08 00:00:00+09:00,2662.9444683404913,2692.3932740998766,2605.4951587443134,2606.460693359375,11990000,0.0,0.0
2016-07-11 00:00:00+09:00,2606.460693359375,2606.460693359375,2606.460693359375,2606.460693359375,0,0.0,0.0
2016-07-12 00:00:00+09:00,2800.0506158442045,2861.8448363318007,2797.1540117588484,2821.775146484375,11121400,0.0,0.0
2016-07-13 00:00:00+09:00,2871.0175701810717,2875.362476542536,2815.0165548555287,2833.844482421875,8899400,0.0,0.0
2016-07-14 00:00:00+09:00,2847.8447206555434,2903.8457356743675,2838.672140609357,2893.224853515625,9601400,0.0,0.0
2016-07-15 00:00:00+09:00,2900.948933113191,2925.0873000054626,2863.775848099093,2899.9833984375,9810000,0.0,0.0
2016-07-19 00:00:00+09:00,2606.9434554541026,2611.7711285197583,2572.6669766879468,2600.66748046875,34300200,0.0,0.0
2016-07-20 00:00:00+09:00,2609.3577487950492,2626.254607482899,2588.5987509785487,2611.288818359375,22999400,0.0,0.0
2016-07-21 00:00:00+09:00,2631.08165799698,2637.357632594037,2553.838893725509,2602.598388671875,19357000,0.0,0.0
2016-07-22 00:00:00+09:00,2584.73614130671,2610.8055756792473,2582.80507209393,2603.081298828125,14403600,0.0,0.0
2016-07-25 00:00:00+09:00,2604.047090401679,2604.529857752513,2507.4936202347644,2518.114501953125,15824000,0.0,0.0
2016-07-26 00:00:00+09:00,2635.9097974014567,2635.9097974014567,2590.04689799612,2593.42626953125,25013800,0.0,0.0
2016-07-27 00:00:00+09:00,2622.8746490985077,2635.4265984591852,2604.5294923405945,2617.564208984375,17677600,0.0,0.0
2016-07-28 00:00:00+09:00,2601.6334349994468,2607.4266436132884,2579.90890269754,2590.52978515625,10213600,0.0,0.0
2016-07-29 00:00:00+09:00,2606.9436624638347,2763.843049556566,2601.633221669927,2753.22216796875,33552000,0.0,0.0
2016-08-01 00:00:00+09:00,2753.222587042514,2881.1559529142073,2750.3259825322116,2862.810791015625,30562000,0.0,0.0
2016-08-02 00:00:00+09:00,2848.8100616152924,2966.605292090488,2818.3957193204674,2925.570068359375,38393200,0.0,0.0
2016-08-03 00:00:00+09:00,2896.6038849744164,2914.949042912588,2826.6026244208683,2854.120361328125,24106000,0.0,0.0
2016-08-04 00:00:00+09:00,2848.3271644850865,2854.1203722772593,2787.9812499832838,2820.32666015625,25442600,0.0,0.0
2016-08-05 00:00:00+09:00,2778.3259065651396,2819.8438957857484,2769.1533275512843,2800.533203125,17386200,0.0,0.0
2016-08-08 00:00:00+09:00,2843.4998368326824,2900.466387044271,2828.5340482177735,2896.604248046875,14815000,0.0,0.0
2016-08-09 00:00:00+09:00,2902.8798810014264,2997.985042577558,2883.0864209779675,2993.64013671875,21913400,0.0,0.0
2016-08-10 00:00:00+09:00,2993.64022376386,3095.9868980805727,2993.64022376386,3072.331298828125,37841400,0.0,0.0
2016-08-12 00:00:00+09:00,3129.780752034595,3135.5739602752883,3060.7450204996653,3067.02099609375,37430800,0.0,0.0
2016-08-15 00:00:00+09:00,3067.020950308412,3305.9907866696058,3045.2964197301217,3284.7490234375,54971000,0.0,0.0
2016-08-16 00:00:00+09:00,3275.576646014614,3375.9922602181573,3259.6453226073213,3283.78369140625,58065000,0.0,0.0
2016-08-17 00:00:00+09:00,3280.4042048036426,3385.1647217193736,3216.6789134078986,3266.88671875,51407000,0.0,0.0
2016-08-18 00:00:00+09:00,3142.815633547759,3185.7819302275975,3104.6770106521712,3116.263427734375,34905600,0.0,0.0
2016-08-19 00:00:00+09:00,3108.055947041111,3142.8151934199486,3091.1590911625085,3128.81494140625,13811000,0.0,0.0
2016-08-22 00:00:00+09:00,3153.9187448570315,3193.505663130149,3118.6767322480364,3135.0908203125,12780400,0.0,0.0
2016-08-23 00:00:00+09:00,3156.3331954612227,3156.815962851168,3104.6770847370944,3106.608154296875,11077600,0.0,0.0
2016-08-24 00:00:00+09:00,3186.2646254787273,3241.30010537336,3161.643489736392,3182.88525390625,19613200,0.0,0.0
2016-08-25 00:00:00+09:00,3213.2992537313435,3250.4723370452425,3194.954095732276,3234.541015625,17111200,0.0,0.0
2016-08-26 00:00:00+09:00,3234.5412780706583,3252.403670203287,3178.057497543156,3206.540771484375,17243800,0.0,0.0
2016-08-29 00:00:00+09:00,3282.817829577633,3304.5423593321907,3263.9899037903497,3281.852294921875,11617600,0.0,0.0
2016-08-30 00:00:00+09:00,3263.50736618042,3283.3008280167214,3213.299560546875,3213.299560546875,12912800,0.0,0.0
2016-08-31 00:00:00+09:00,3245.6448495434615,3282.3351676403386,3227.782457838403,3261.576171875,11922800,0.0,0.0
2016-09-01 00:00:00+09:00,3290.059428350433,3324.8186768964683,3278.473012168421,3315.163330078125,12545000,0.0,0.0
2016-09-02 00:00:00+09:00,3310.335698086512,3333.5085307404643,3297.3009797186633,3316.12890625,8954000,0.0,0.0
2016-09-05 00:00:00+09:00,3355.2329051594256,3378.888504059111,3341.715420073891,3349.439697265625,10837800,0.0,0.0
2016-09-06 00:00:00+09:00,3369.71582569223,3374.5434987949407,3303.57670418509,3330.12890625,9939600,0.0,0.0
2016-09-07 00:00:00+09:00,3322.8873498840153,3360.060432252324,3304.5421923516033,3323.3701171875,9261800,0.0,0.0
2016-09-08 00:00:00+09:00,3315.1636069967244,3326.2672567653167,3278.956053403488,3304.542724609375,9273400,0.0,0.0
2016-09-09 00:00:00+09:00,3318.5431196436984,3348.4746985523266,3310.336073813913,3330.6123046875,11975200,0.0,0.0
2016-09-12 00:00:00+09:00,3273.1623351622047,3292.955794711121,3215.7130257397416,3230.196044921875,9510200,0.0,0.0
2016-09-13 00:00:00+09:00,3241.7827460145813,3242.748280711831,3169.3676437208824,3179.988525390625,10931600,0.0,0.0
2016-09-14 00:00:00+09:00,3136.056866251346,3160.6780023626175,3101.7803826454583,3138.470703125,11143800,0.0,0.0
2016-09-15 00:00:00+09:00,3121.0910194342864,3124.953158360114,3036.123963066083,3063.158935546875,12932800,0.0,0.0
2016-09-16 00:00:00+09:00,3111.436042475894,3143.7814598297937,3087.297671316267,3091.642578125,11621800,0.0,0.0
2016-09-20 00:00:00+09:00,3091.6420176984425,3134.1255432383336,3091.6420176984425,3126.884033203125,10020000,0.0,0.0
2016-09-21 00:00:00+09:00,3111.4352951118517,3221.023473853573,3073.779445147736,3216.19580078125,14532600,0.0,0.0
2016-09-23 00:00:00+09:00,3238.8862724911523,3255.3003630060875,3202.1959525165917,3214.26513671875,10208800,0.0,0.0
2016-09-26 00:00:00+09:00,3215.230556040503,3227.7825071601806,3179.0230047337404,3197.3681640625,7852400,0.0,0.0
2016-09-27 00:00:00+09:00,3152.9536041616857,3221.5065687599035,3145.7120938168036,3218.127197265625,9959000,0.0,0.0
2016-09-28 00:00:00+09:00,3193.9088515499398,3196.815047047255,3140.1442348495993,3163.393798828125,8173000,11.0,0.0
2016-09-29 00:00:00+09:00,3176.955724715618,3258.8135563175297,3176.471358848151,3250.094970703125,10061800,0.0,0.0
2016-09-30 00:00:00+09:00,3211.346189609447,3245.2518054876764,3150.316081028634,3159.03466796875,11497600,0.0,0.0
2016-10-03 00:00:00+09:00,3159.5191242233327,3182.7686900615545,3129.004069060667,3137.72265625,8702000,0.0,0.0
2016-10-04 00:00:00+09:00,3126.097445044834,3184.705717565817,3125.1287132676275,3166.7841796875,7192400,0.0,0.0
2016-10-05 00:00:00+09:00,3182.284143397331,3183.252875252246,3148.3785284752894,3180.3466796875,6268600,0.0,0.0
2016-10-06 00:00:00+09:00,3204.5645536253205,3228.298480942074,3192.9397728987474,3209.892578125,7737200,0.0,0.0
2016-10-07 00:00:00+09:00,3197.299559502742,3201.174487010093,3156.6128206755598,3171.143798828125,6704800,0.0,0.0
2016-10-11 00:00:00+09:00,3237.9859908567137,3304.828484011273,3230.720502470349,3284.969482421875,16671000,0.0,0.0
2016-10-12 00:00:00+09:00,3240.892531360453,3246.2205567445462,3175.5031289193143,3186.1591796875,12291200,0.0,0.0
2016-10-13 00:00:00+09:00,3187.612019881826,3212.799046934532,3136.7535998715557,3146.44091796875,11676000,0.0,0.0
2016-10-14 00:00:00+09:00,3152.737431342271,3262.688483257265,3152.2530654748043,3250.094970703125,21240800,0.0,0.0
2016-10-17 00:00:00+09:00,3293.2035998144183,3293.6879656917263,3247.673207347503,3266.5634765625,10825800,0.0,0.0
2016-10-18 00:00:00+09:00,3262.6887793189526,3264.14187705321,3202.143040391567,3213.767822265625,12675200,0.0,0.0
2016-10-19 00:00:00+09:00,3213.767855249552,3228.298832741261,3171.143654607207,3176.4716796875,10287600,0.0,0.0
2016-10-20 00:00:00+09:00,3178.893504723837,3234.111219113372,3174.0498455668603,3228.298828125,11690000,0.0,0.0
2016-10-21 00:00:00+09:00,3234.595728085064,3235.0800940221834,3177.4405475049443,3183.7373046875,8001600,0.0,0.0
2016-10-24 00:00:00+09:00,3189.0653746024295,3201.658889143691,3155.6441244736984,3160.00341796875,6857400,0.0,0.0
2016-10-25 00:00:00+09:00,3156.6126760010548,3182.7684354768962,3155.643944168616,3163.393798828125,8165200,0.0,0.0
2016-10-26 00:00:00+09:00,3163.878166969201,3195.361951545594,3150.315921305524,3189.549560546875,7671200,0.0,0.0
2016-10-27 00:00:00+09:00,3181.3156733119718,3207.471435546875,3160.972302684824,3207.471435546875,7719600,0.0,0.0
2016-10-28 00:00:00+09:00,3206.5022625018787,3237.9860460460814,3200.205505793038,3222.970703125,24029000,0.0,0.0
2016-10-31 00:00:00+09:00,3202.143229006421,3209.8930840456137,3174.534370429297,3197.783935546875,8090400,0.0,0.0
2016-11-01 00:00:00+09:00,3187.1278018487633,3217.6428552707193,3157.0971143541396,3167.268798828125,9533600,0.0,0.0
2016-11-02 00:00:00+09:00,3148.3782625401145,3151.2844578593827,3051.505085231188,3075.239013671875,12447200,0.0,0.0
2016-11-04 00:00:00+09:00,3029.708811800934,3058.7707668301996,3003.553052274595,3020.505859375,10793200,0.0,0.0
2016-11-07 00:00:00+09:00,3075.7235159595234,3091.2232250163274,3052.473952374318,3082.504638671875,8458600,0.0,0.0
2016-11-08 00:00:00+09:00,3122.22264715865,3149.8315039517065,3103.3323767212955,3121.73828125,10464600,0.0,0.0
2016-11-09 00:00:00+09:00,3140.6286267225632,3148.3784814461233,2883.430323084426,2917.3359375,25651400,0.0,0.0
2016-11-10 00:00:00+09:00,3132.394764435121,3202.1434649266407,3092.6767544330055,3184.221923828125,24974800,0.0,0.0
2016-11-11 00:00:00+09:00,3232.6582730073173,3246.7048852214634,3159.519016306073,3171.143798828125,18691400,0.0,0.0
2016-11-14 00:00:00+09:00,3184.2214446441303,3216.1895942252854,3174.04976068649,3184.705810546875,10683200,0.0,0.0
2016-11-15 00:00:00+09:00,3173.0808196760654,3182.7681370922646,3156.6123800685264,3173.565185546875,8508600,0.0,0.0
2016-11-16 00:00:00+09:00,3221.0332319979184,3253.9701131672205,3217.1583048015295,3235.564208984375,11418400,0.0,0.0
2016-11-17 00:00:00+09:00,3226.361009469451,3273.82886398499,3218.126789808592,3261.2353515625,10173200,0.0,0.0
2016-11-18 00:00:00+09:00,3280.1260038053506,3309.1879589483397,3279.641637886301,3281.5791015625,12694400,0.0,0.0
2016-11-21 00:00:00+09:00,3313.0626276626786,3327.593604099796,3302.4065782754597,3319.84375,8860200,0.0,0.0
2016-11-22 00:00:00+09:00,3317.9066579042787,3344.546784354605,3312.094266678753,3339.703125,8958200,0.0,0.0
2016-11-24 00:00:00+09:00,3371.186402072796,3380.873719320132,3342.1244503307894,3351.811767578125,11313000,0.0,0.0
2016-11-25 00:00:00+09:00,3340.1871128216912,3349.3900645536532,3251.5481566664753,3293.68798828125,13180000,0.0,0.0
2016-11-28 00:00:00+09:00,3293.688072357132,3293.688072357132,3222.9706519800525,3246.22021484375,12432800,0.0,0.0
2016-11-29 00:00:00+09:00,3249.610283568879,3303.3748895423687,3225.391992589829,3233.141845703125,28283200,0.0,0.0
2016-11-30 00:00:00+09:00,3248.157525481996,3274.313282472158,3240.407671558985,3251.063720703125,12105800,0.0,0.0
2016-12-01 00:00:00+09:00,3331.469202196456,3372.64031039458,3300.9541455319636,3329.53173828125,17223800,0.0,0.0
2016-12-02 00:00:00+09:00,3342.1245734636173,3353.7493545887082,3308.218961848769,3332.437255859375,10873800,0.0,0.0
2016-12-05 00:00:00+09:00,3321.7814738972684,3349.390331291865,3279.641638926568,3294.656982421875,10982000,0.0,0.0
2016-12-06 00:00:00+09:00,3321.7814084316824,3378.452219861619,3320.8126766123673,3369.249267578125,13836200,0.0,0.0
2016-12-07 00:00:00+09:00,3511.653096101047,3581.886158023068,3465.1539654492267,3578.01123046875,41704200,0.0,0.0
2016-12-08 00:00:00+09:00,3650.6656550851935,3860.3960821320143,3645.8219962619414,3774.178955078125,66077600,0.0,0.0
2016-12-09 00:00:00+09:00,3810.5066987507485,3826.490774136382,3735.914346951128,3790.163330078125,34671600,0.0,0.0
2016-12-12 00:00:00+09:00,3826.49037780997,3837.630792833974,3755.2885948304684,3769.335205078125,16813200,0.0,0.0
2016-12-13 00:00:00+09:00,3796.9442138671875,3805.662799892141,3746.570161278568,3764.49169921875,13393600,0.0,0.0
2016-12-14 00:00:00+09:00,3778.054178053147,3878.3179235476346,3756.7420775615656,3855.068359375,27792000,0.0,0.0
2016-12-15 00:00:00+09:00,3826.490738583875,3907.864212518317,3761.1013398865557,3801.3037109375,21095800,0.0,0.0
2016-12-16 00:00:00+09:00,3820.6784379589135,3839.084343212772,3789.19465265626,3793.069580078125,11251400,0.0,0.0
2016-12-19 00:00:00+09:00,3778.5382773297674,3797.4285468869857,3766.9134960637866,3788.7099609375,8257000,0.0,0.0
2016-12-20 00:00:00+09:00,3774.1791274343013,3888.0051149788424,3769.819834294298,3861.364990234375,16235200,0.0,0.0
2016-12-21 00:00:00+09:00,3880.7395866650477,3887.5207092578225,3799.8504814512357,3833.271728515625,14358600,0.0,0.0
2016-12-22 00:00:00+09:00,3814.381458435753,3833.271728515625,3789.6787975620737,3833.271728515625,8219000,0.0,0.0
2016-12-26 00:00:00+09:00,3811.959507129018,3819.709361273118,3785.3193835086754,3800.819091796875,6894200,0.0,0.0
2016-12-27 00:00:00+09:00,3799.85055090512,3837.1467258470825,3790.647598646714,3810.990966796875,7480800,0.0,0.0
2016-12-28 00:00:00+09:00,3822.13104622429,3827.4590707469697,3796.4596553422866,3806.14697265625,6171000,0.0,0.0
2016-12-29 00:00:00+09:00,3787.74136885511,3792.585027894567,3734.461119421087,3744.1484375,10858200,0.0,0.0
2016-12-30 00:00:00+09:00,3724.773633064029,3784.835002439834,3702.008436607071,3761.10107421875,9367400,0.0,0.0
2017-01-04 00:00:00+09:00,3802.2723155829817,3882.6770549953094,3802.2723155829817,3872.50537109375,15773800,0.0,0.0
2017-01-05 00:00:00+09:00,3889.4579104916324,3971.8001078494876,3874.442568620494,3949.034912109375,23674600,0.0,0.0
2017-01-06 00:00:00+09:00,3914.6449015917397,4060.43902623652,3911.2543405534893,4050.751708984375,27670600,0.0,0.0
2017-01-10 00:00:00+09:00,4117.110385416976,4160.703318909626,4053.1740829610885,4079.814208984375,25450000,0.0,0.0
2017-01-11 00:00:00+09:00,4117.109817585712,4134.062622716948,4058.9859142786195,4114.68798828125,15578600,0.0,0.0
2017-01-12 00:00:00+09:00,4107.423376334519,4125.344917009564,4066.252269378336,4083.205078125,13788200,0.0,0.0
2017-01-13 00:00:00+09:00,4075.454674920004,4120.985069434204,4046.39272097477,4105.9697265625,11793000,0.0,0.0
2017-01-16 00:00:00+09:00,4093.3765259520023,4107.423138098802,4044.45556640625,4044.45556640625,10108800,0.0,0.0
2017-01-17 00:00:00+09:00,4020.2369355065184,4022.174399089895,3945.160221650674,3961.628662109375,12934200,0.0,0.0
2017-01-18 00:00:00+09:00,3918.5199414489052,4007.158896861161,3891.395452361002,3992.1435546875,14591000,0.0,0.0
2017-01-19 00:00:00+09:00,4045.907493947634,4078.3600022793103,4017.8142777799144,4034.28271484375,12516000,0.0,0.0
2017-01-20 00:00:00+09:00,4041.0642124225683,4108.391064337556,4020.720847095738,4092.891357421875,14197400,0.0,0.0
2017-01-23 00:00:00+09:00,4075.9391349847106,4087.563916831369,4044.939716726954,4058.986328125,14299600,0.0,0.0
2017-01-24 00:00:00+09:00,4027.5032152810477,4141.329223169328,4023.1439213619224,4082.236572265625,15775000,0.0,0.0
2017-01-25 00:00:00+09:00,4188.796739650484,4226.092917836548,4172.328297334559,4207.68701171875,21276200,0.0,0.0
2017-01-26 00:00:00+09:00,4248.858110571823,4339.91890911121,4245.46754892408,4337.9814453125,25412000,0.0,0.0
2017-01-27 00:00:00+09:00,4351.0600047452,4391.262384840252,4320.544945154979,4348.15380859375,21926600,0.0,0.0
2017-01-30 00:00:00+09:00,4337.981490208122,4343.309515709717,4278.4044777811905,4288.091796875,12321000,0.0,0.0
2017-01-31 00:00:00+09:00,4215.436505255323,4273.076048415771,4208.171016621653,4214.4677734375,15393000,0.0,0.0
2017-02-01 00:00:00+09:00,4189.765561226754,4269.201578803769,4182.984437775057,4264.84228515625,13309400,0.0,0.0
2017-02-02 00:00:00+09:00,4297.294703312083,4298.263435210935,4191.218560387675,4207.20263671875,11991200,0.0,0.0
2017-02-03 00:00:00+09:00,4223.671142377799,4236.749023208556,4113.235704251407,4132.1259765625,17460200,0.0,0.0
2017-02-06 00:00:00+09:00,4180.561724550915,4217.373529795483,4160.702724353187,4191.2177734375,10724400,0.0,0.0
2017-02-07 00:00:00+09:00,4141.813037030474,4230.452001569894,4141.813037030474,4196.54638671875,10067800,0.0,0.0
2017-02-08 00:00:00+09:00,4213.9832526953305,4213.9832526953305,4138.9065395725975,4206.2333984375,10454800,0.0,0.0
2017-02-09 00:00:00+09:00,4262.419808721662,4347.668204896096,4213.9832199861885,4230.45166015625,22415800,0.0,0.0
2017-02-10 00:00:00+09:00,4310.856438203765,4310.856438203765,4238.685920305747,4258.544921875,15704000,0.0,0.0
2017-02-13 00:00:00+09:00,4276.951084244896,4276.951084244896,4192.187048033928,4194.12451171875,12499000,0.0,0.0
2017-02-14 00:00:00+09:00,4223.186314566399,4234.326730352043,4121.469474784435,4134.06298828125,13478400,0.0,0.0
2017-02-15 00:00:00+09:00,4189.765318064266,4227.545860816753,4138.906895128226,4199.45263671875,13124800,0.0,0.0
2017-02-16 00:00:00+09:00,4238.201298669069,4242.560591433414,4168.452614439543,4193.1552734375,12487600,0.0,0.0
2017-02-17 00:00:00+09:00,4165.546615897952,4175.233933609342,4118.563124997707,4125.82861328125,11511800,0.0,0.0
2017-02-20 00:00:00+09:00,4213.984199443196,4267.264459436156,4192.6720954460125,4257.0927734375,17539800,0.0,0.0
2017-02-21 00:00:00+09:00,4244.014230967115,4257.576476854707,4204.296225153454,4221.7333984375,12760800,0.0,0.0
2017-02-22 00:00:00+09:00,4247.889267792951,4247.889267792951,4214.9523840746015,4227.5458984375,8870600,0.0,0.0
2017-02-23 00:00:00+09:00,4226.576379572509,4227.5451112661995,4158.280795167315,4185.8896484375,10469200,0.0,0.0
2017-02-24 00:00:00+09:00,4153.922093023256,4200.421220930232,4153.922093023256,4165.546875,7840800,0.0,0.0
2017-02-27 00:00:00+09:00,4126.797923353167,4139.391438142742,4065.283447265625,4065.283447265625,15565600,0.0,0.0
2017-02-28 00:00:00+09:00,4083.688824584056,4112.266412136002,4050.267578125,4050.267578125,35053200,0.0,0.0
2017-03-01 00:00:00+09:00,4085.142461046728,4189.765507239055,4071.0958483634986,4157.31298828125,22610600,0.0,0.0
2017-03-02 00:00:00+09:00,4213.983273108754,4218.826932043362,4155.375,4155.375,12120000,0.0,0.0
2017-03-03 00:00:00+09:00,4134.063348851498,4151.984888852377,4065.767750469768,4088.048583984375,12187000,0.0,0.0
2017-03-06 00:00:00+09:00,4077.876646524414,4113.235358389989,4062.8613031294435,4087.56396484375,6851200,0.0,0.0
2017-03-07 00:00:00+09:00,4079.3291260975097,4114.687832604885,4066.251248348206,4106.45361328125,8718200,0.0,0.0
2017-03-08 00:00:00+09:00,4098.220141566793,4106.938728323465,4047.3617188195394,4081.267333984375,12909400,0.0,0.0
2017-03-09 00:00:00+09:00,4086.5952008308755,4088.048298567333,4027.502559548267,4033.79931640625,10698800,0.0,0.0
2017-03-10 00:00:00+09:00,4055.1110200379185,4066.2514349281328,4027.986531609571,4051.720458984375,13306000,0.0,0.0
2017-03-13 00:00:00+09:00,4033.7993560468176,4099.188754829997,4031.861892379168,4074.970458984375,7594200,0.0,0.0
2017-03-14 00:00:00+09:00,4066.2518193310743,4097.735603518867,4051.7208420136317,4085.14208984375,7688600,0.0,0.0
2017-03-15 00:00:00+09:00,4071.5798417922138,4082.235891818317,4040.0960576241796,4058.986328125,6056600,0.0,0.0
2017-03-16 00:00:00+09:00,4040.5802620253653,4148.109489808826,4040.0958961344486,4128.25048828125,12562400,0.0,0.0
2017-03-17 00:00:00+09:00,4112.266562532428,4120.985148884087,4069.642362590985,4084.17333984375,8969400,0.0,0.0
2017-03-21 00:00:00+09:00,4058.986588612483,4061.8927842606545,3977.613110463689,4007.643798828125,13166800,0.0,0.0
2017-03-22 00:00:00+09:00,3899.145535097557,3923.36383034661,3887.03638747303,3900.5986328125,13592200,0.0,0.0
2017-03-23 00:00:00+09:00,3887.03635120143,3940.316600252166,3875.4115695903606,3898.6611328125,9682200,0.0,0.0
2017-03-24 00:00:00+09:00,3894.301982722975,3912.2235216981926,3879.286639257252,3880.25537109375,10563400,0.0,0.0
2017-03-27 00:00:00+09:00,3840.536985969398,3857.4897914314897,3795.9753258976125,3808.08447265625,11939800,0.0,0.0
2017-03-28 00:00:00+09:00,3825.5217941368824,3867.177260621533,3803.2409632264876,3841.990234375,11449400,0.0,0.0
2017-03-29 00:00:00+09:00,3887.6476013320344,3919.7046655109343,3880.847618021359,3902.218994140625,9788000,11.0,0.0
2017-03-30 00:00:00+09:00,3902.219005221137,3912.418980216114,3845.3905731062664,3852.67626953125,9069800,0.0,0.0
2017-03-31 00:00:00+09:00,3871.133035151778,3897.847253085699,3818.676025390625,3818.676025390625,9476200,0.0,0.0
2017-04-03 00:00:00+09:00,3841.9907188778466,3850.7335549005775,3788.562276516713,3828.87646484375,9544400,0.0,0.0
2017-04-04 00:00:00+09:00,3793.9045007297445,3807.990178686621,3751.1617538261194,3764.76171875,11169200,0.0,0.0
2017-04-05 00:00:00+09:00,3798.2758120436165,3876.9613211933693,3762.3330486048408,3866.275634765625,10899600,0.0,0.0
2017-04-06 00:00:00+09:00,3832.2758184812137,3855.1043309613933,3796.818767182211,3838.590087890625,14433600,0.0,0.0
2017-04-07 00:00:00+09:00,3872.5905615466427,3936.218977897152,3837.133505107046,3883.761962890625,17727000,0.0,0.0
2017-04-10 00:00:00+09:00,3915.818592479298,3933.30426220508,3867.247287685459,3889.590087890625,8483400,0.0,0.0
2017-04-11 00:00:00+09:00,3875.5047603914545,3903.1904066306215,3850.2476796118635,3888.13330078125,7105600,0.0,0.0
2017-04-12 00:00:00+09:00,3851.7042604798185,3854.1328255873086,3791.475845814056,3805.5615234375,9322800,0.0,0.0
2017-04-13 00:00:00+09:00,3759.419212984373,3787.590571427925,3672.9622853472647,3774.476318359375,14398000,0.0,0.0
2017-04-14 00:00:00+09:00,3821.5907792314497,3822.562205459012,3721.0481646787157,3740.96240234375,12266200,0.0,0.0
2017-04-17 00:00:00+09:00,3691.9051279044893,3703.5622418460375,3639.9338282484205,3689.4765625,12492400,0.0,0.0
2017-04-18 00:00:00+09:00,3736.590815282912,3778.847854270253,3728.8194058139757,3748.733642578125,10148200,0.0,0.0
2017-04-19 00:00:00+09:00,3719.590704309239,3824.0190147592893,3701.619320650393,3821.104736328125,14121200,0.0,0.0
2017-04-20 00:00:00+09:00,3850.2474888349207,3909.018770044587,3839.0760882744057,3880.847412109375,14034400,0.0,0.0
2017-04-21 00:00:00+09:00,3934.276320713265,3936.2191732173205,3895.419270632146,3929.419189453125,13066400,0.0,0.0
2017-04-24 00:00:00+09:00,3963.4187668216296,4018.3043453327623,3949.3330873807195,3970.21875,13007400,0.0,0.0
2017-04-25 00:00:00+09:00,3982.8466246665967,4055.217862114807,3981.389485657572,4051.81787109375,14520600,0.0,0.0
2017-04-26 00:00:00+09:00,4103.789771167337,4113.018319593443,4028.018531458246,4063.4755859375,12461400,0.0,0.0
2017-04-27 00:00:00+09:00,4067.8474956227474,4077.076045165056,4003.2476488265893,4076.59033203125,11059000,0.0,0.0
2017-04-28 00:00:00+09:00,4091.6468133662047,4116.418179401541,4080.4754129973276,4100.3896484375,9266000,0.0,0.0
2017-05-01 00:00:00+09:00,4094.561040525785,4109.618145182522,4070.76110090707,4107.67529296875,6748000,0.0,0.0
2017-05-02 00:00:00+09:00,4107.675026539278,4120.789278131635,4093.589348903043,4117.875,7719200,0.0,0.0
2017-05-08 00:00:00+09:00,4194.132375765842,4198.503793412848,4140.218224786107,4186.8466796875,15774400,0.0,0.0
2017-05-09 00:00:00+09:00,4177.132337938673,4184.903746939489,4143.132423560102,4165.9609375,9339200,0.0,0.0
2017-05-10 00:00:00+09:00,4181.5032417385055,4231.045968031609,4179.074676724138,4225.703125,12167200,0.0,0.0
2017-05-11 00:00:00+09:00,4279.617491197183,4320.41738556338,4264.0746742957745,4310.703125,18809000,0.0,0.0
2017-05-12 00:00:00+09:00,4313.131881172751,4322.846142166383,4201.90359279566,4204.81787109375,17670000,0.0,0.0
2017-05-15 00:00:00+09:00,4133.903732951829,4145.560846051446,4080.4752979119153,4126.13232421875,12969800,0.0,0.0
2017-05-16 00:00:00+09:00,4168.875291161774,4182.475257158807,4153.818185950774,4173.732421875,8689400,0.0,0.0
2017-05-17 00:00:00+09:00,4152.846657603574,4208.703659430991,4148.475240069255,4188.3037109375,9514000,0.0,0.0
2017-05-18 00:00:00+09:00,4042.589387044741,4079.0178628381277,3990.618094912843,4033.36083984375,18908200,0.0,0.0
2017-05-19 00:00:00+09:00,4065.4178895550817,4085.332122944778,4042.589378108357,4069.789306640625,12141400,0.0,0.0
2017-05-22 00:00:00+09:00,4138.275339136643,4171.789540826834,4130.018216981089,4145.56103515625,10783800,0.0,0.0
2017-05-23 00:00:00+09:00,4164.503347722364,4179.5604510323,4124.189167892535,4132.4462890625,7315600,0.0,0.0
2017-05-24 00:00:00+09:00,4145.561538638925,4177.132891891594,4084.361684641444,4134.39013671875,13924000,0.0,0.0
2017-05-25 00:00:00+09:00,4150.904177153788,4319.932336953638,4147.504185433676,4290.78955078125,29494200,0.0,0.0
2017-05-26 00:00:00+09:00,4294.674456189587,4354.41715672242,4286.903047990194,4321.388671875,22146800,0.0,0.0
2017-05-29 00:00:00+09:00,4290.30409666403,4292.732662324997,4220.847118760378,4241.2470703125,11053200,0.0,0.0
2017-05-30 00:00:00+09:00,4271.360499025613,4371.417385857461,4260.674812082405,4361.703125,22135600,0.0,0.0
2017-05-31 00:00:00+09:00,4361.704085834236,4412.218253420735,4347.13269133813,4372.87548828125,17247000,0.0,0.0
2017-06-01 00:00:00+09:00,4383.560788559482,4390.846485160966,4336.446617203219,4345.189453125,11793400,0.0,0.0
2017-06-02 00:00:00+09:00,4383.561140466491,4418.046773815314,4343.7326625143305,4368.98974609375,17945000,0.0,0.0
2017-06-05 00:00:00+09:00,4400.07457725053,4492.845771008655,4393.274594461976,4436.98876953125,20739400,0.0,0.0
2017-06-06 00:00:00+09:00,4454.475291790197,4472.9323914617735,4335.961283372706,4346.64697265625,17891400,0.0,0.0
2017-06-07 00:00:00+09:00,4334.989930731055,4368.989851756396,4326.247093895967,4354.41845703125,9265400,0.0,0.0
2017-06-08 00:00:00+09:00,4371.903452443476,4385.989131825863,4268.446565945258,4284.47509765625,12321400,0.0,0.0
2017-06-09 00:00:00+09:00,4493.3307901417065,4624.473295096658,4487.016521384617,4602.6162109375,52026200,0.0,0.0
2017-06-12 00:00:00+09:00,4507.417235587343,4526.84575815453,4445.731676436525,4482.16015625,21272600,0.0,0.0
2017-06-13 00:00:00+09:00,4461.760233897368,4482.160182713359,4402.9889527846335,4409.30322265625,18644000,0.0,0.0
2017-06-14 00:00:00+09:00,4439.417746882997,4455.446279229511,4364.132216164521,4365.58935546875,15127400,0.0,0.0
2017-06-15 00:00:00+09:00,4347.132255913401,4375.303615784125,4288.846683767077,4301.9609375,16826600,0.0,0.0
2017-06-16 00:00:00+09:00,4325.760387453716,4447.188648947476,4323.817535269816,4427.2744140625,19191200,0.0,0.0
2017-06-19 00:00:00+09:00,4458.845999155772,4495.760192612835,4450.103163863309,4476.8173828125,13815800,0.0,0.0
2017-06-20 00:00:00+09:00,4560.846010848027,4606.988755366723,4503.046151924606,4504.017578125,24299200,0.0,0.0
2017-06-21 00:00:00+09:00,4517.1320192955645,4536.074830989385,4449.132182445955,4459.81787109375,17265200,0.0,0.0
2017-06-22 00:00:00+09:00,4497.702344805743,4552.587913376267,4485.55951990076,4492.84521484375,14932800,0.0,0.0
2017-06-23 00:00:00+09:00,4478.760797874726,4488.960773664268,4447.675157373264,4484.58935546875,10124400,0.0,0.0
2017-06-26 00:00:00+09:00,4486.045758144983,4514.702828276052,4466.6172360222245,4496.7314453125,7524200,0.0,0.0
2017-06-27 00:00:00+09:00,4517.131464089704,4521.502881635598,4431.160252353804,4491.388671875,13582200,0.0,0.0
2017-06-28 00:00:00+09:00,4485.560595262275,4545.303308117419,4462.246365855389,4465.16064453125,12853200,0.0,0.0
2017-06-29 00:00:00+09:00,4517.131610479491,4525.388732778217,4489.445965124939,4493.8173828125,8840600,0.0,0.0
2017-06-30 00:00:00+09:00,4420.960303598542,4438.445973883046,4400.560354933288,4418.53173828125,12612400,0.0,0.0
2017-07-03 00:00:00+09:00,4434.560090802841,4451.074334295426,4412.217290783462,4425.33154296875,7588800,0.0,0.0
2017-07-04 00:00:00+09:00,4461.2747069117195,4462.7318461736395,4354.90354079156,4365.103515625,11947800,0.0,0.0
2017-07-05 00:00:00+09:00,4322.8465799270125,4353.446505155709,4274.76098313906,4350.5322265625,13788800,0.0,0.0
2017-07-06 00:00:00+09:00,4371.418544710574,4382.589947658167,4338.390049039427,4354.904296875,9630400,0.0,0.0
2017-07-07 00:00:00+09:00,4315.561383522569,4353.447009624399,4308.761399350445,4339.361328125,8659200,0.0,0.0
2017-07-10 00:00:00+09:00,4342.27533484018,4358.303867955362,4297.104014242849,4336.44677734375,10300200,0.0,0.0
2017-07-11 00:00:00+09:00,4359.274425376726,4426.30282322653,4350.531590874578,4422.90283203125,11050800,0.0,0.0
2017-07-12 00:00:00+09:00,4419.989249823817,4429.7035119113425,4388.417898039362,4393.7607421875,7969600,0.0,0.0
2017-07-13 00:00:00+09:00,4443.303156311936,4458.360261454663,4410.2746676117595,4411.24609375,9787800,0.0,0.0
2017-07-14 00:00:00+09:00,4435.531370756576,4436.017083784473,4408.8171542222335,4422.90283203125,7138600,0.0,0.0
2017-07-17 00:00:00+09:00,4422.90283203125,4422.90283203125,4422.90283203125,4422.90283203125,0,0.0,0.0
2017-07-18 00:00:00+09:00,4468.559920038272,4489.93129356889,4425.33145994225,4441.845703125,10733000,0.0,0.0
2017-07-19 00:00:00+09:00,4453.98894775918,4500.131690402268,4453.98894775918,4497.703125,10008400,0.0,0.0
2017-07-20 00:00:00+09:00,4503.53092675897,4517.130890731063,4476.816711813786,4507.90234375,8892200,0.0,0.0
2017-07-21 00:00:00+09:00,4492.845824771825,4498.674381517475,4462.245901857163,4480.21728515625,7746000,0.0,0.0
2017-07-24 00:00:00+09:00,4461.759853827923,4512.759721523538,4456.9027235711965,4495.759765625,8850600,0.0,0.0
2017-07-25 00:00:00+09:00,4469.532081145979,4536.074777855063,4469.046368031313,4530.73193359375,10067800,0.0,0.0
2017-07-26 00:00:00+09:00,4554.045601777492,4583.188385065318,4523.931392380073,4536.07421875,9580800,0.0,0.0
2017-07-27 00:00:00+09:00,4541.417250514781,4580.27429650849,4511.303039869656,4555.5029296875,10393400,0.0,0.0
2017-07-28 00:00:00+09:00,4540.445435848535,4540.931148881896,4433.102855475993,4453.01708984375,13481400,0.0,0.0
2017-07-31 00:00:00+09:00,4453.503533252836,4490.903442955145,4321.87527962523,4351.01806640625,18136000,0.0,0.0
2017-08-01 00:00:00+09:00,4274.275668383183,4317.9898513552835,4229.590059122813,4303.41845703125,19731800,0.0,0.0
2017-08-02 00:00:00+09:00,4330.1328125,4366.075586266124,4306.818580867919,4330.1328125,14816000,0.0,0.0
2017-08-03 00:00:00+09:00,4313.617976835553,4331.589361267815,4283.018051991432,4294.189453125,8428400,0.0,0.0
2017-08-04 00:00:00+09:00,4274.275085456145,4304.875009363387,4256.789414652006,4280.58935546875,7310800,0.0,0.0
2017-08-07 00:00:00+09:00,4288.847203847113,4390.846967472016,4288.361490686994,4382.58984375,11010000,0.0,0.0
2017-08-08 00:00:00+09:00,4375.304120224044,4406.875475443245,4323.332812401666,4341.30419921875,13718400,0.0,0.0
2017-08-09 00:00:00+09:00,4316.046992883936,4317.018419170878,4260.189981384762,4277.18994140625,11225400,0.0,0.0
2017-08-10 00:00:00+09:00,4298.075106939842,4305.846516331981,4250.475224412991,4250.9609375,8333600,0.0,0.0
2017-08-11 00:00:00+09:00,4250.9609375,4250.9609375,4250.9609375,4250.9609375,0,0.0,0.0
2017-08-14 00:00:00+09:00,4201.418512838042,4224.732742735872,4170.818586097142,4207.2470703125,9060800,0.0,0.0
2017-08-15 00:00:00+09:00,4262.131962737063,4278.16049319522,4229.589188776564,4262.61767578125,8798200,0.0,0.0
2017-08-16 00:00:00+09:00,4262.132338501199,4270.389460980347,4233.475266367687,4250.9609375,6110400,0.0,0.0
2017-08-17 00:00:00+09:00,4263.58918555894,4285.931986030085,4240.760672034075,4246.103515625,6618200,0.0,0.0
2017-08-18 00:00:00+09:00,4237.84666093114,4283.503690859796,4225.218120738107,4235.90380859375,10304800,0.0,0.0
2017-08-21 00:00:00+09:00,4252.4183907395445,4256.789808845388,4196.075668486456,4207.2470703125,7272600,0.0,0.0
2017-08-22 00:00:00+09:00,4213.0753595162605,4234.446735561765,4203.846810769337,4217.44677734375,6287200,0.0,0.0
2017-08-23 00:00:00+09:00,4282.04618422548,4292.731871164337,4257.760532091715,4273.7890625,8583800,0.0,0.0
2017-08-24 00:00:00+09:00,4249.503947607155,4281.56101247652,4241.732537941854,4266.50390625,6174400,0.0,0.0
2017-08-25 00:00:00+09:00,4278.161136460102,4298.561087383277,4253.875480599179,4291.275390625,6178800,0.0,0.0
2017-08-28 00:00:00+09:00,4303.4183828284,4331.104031566687,4290.304128162897,4295.64697265625,6912000,0.0,0.0
2017-08-29 00:00:00+09:00,4259.703933509668,4271.846761142249,4227.161155454349,4242.21826171875,9188600,0.0,0.0
2017-08-30 00:00:00+09:00,4269.903079678135,4296.617295282992,4249.017420205247,4295.16015625,7495800,0.0,0.0
2017-08-31 00:00:00+09:00,4322.846538489828,4349.560758671507,4311.189424228733,4333.5322265625,8859000,0.0,0.0
2017-09-01 00:00:00+09:00,4368.989414117056,4397.64648753928,4335.475209606319,4347.13232421875,10790800,0.0,0.0
2017-09-04 00:00:00+09:00,4314.103843150409,4321.875252910644,4250.961138848501,4259.21826171875,10128000,0.0,0.0
2017-09-05 00:00:00+09:00,4263.1036319741515,4268.446475764936,4181.989548968605,4186.8466796875,9933200,0.0,0.0
2017-09-06 00:00:00+09:00,4138.275059829963,4185.874937278711,4122.732242703841,4166.93212890625,9870200,0.0,0.0
2017-09-07 00:00:00+09:00,4189.275757695587,4192.675749614877,4133.904460724307,4138.27587890625,8389200,0.0,0.0
2017-09-08 00:00:00+09:00,4117.389478195619,4127.103739085546,4091.1609737928156,4099.90380859375,14703400,0.0,0.0
2017-09-11 00:00:00+09:00,4124.189167892535,4151.38909645242,4108.160638562603,4132.4462890625,7402400,0.0,0.0
2017-09-12 00:00:00+09:00,4201.418633139193,4214.532887832229,4174.218697479563,4181.50439453125,9074400,0.0,0.0
2017-09-13 00:00:00+09:00,4218.417378041611,4222.788795013675,4188.30317223406,4195.5888671875,6739200,0.0,0.0
2017-09-14 00:00:00+09:00,4177.1330601822065,4193.647307164322,4150.418837122901,4151.8759765625,6846400,0.0,0.0
2017-09-15 00:00:00+09:00,4117.390400789803,4185.875955409521,4115.447548176477,4170.81884765625,8953800,0.0,0.0
2017-09-18 00:00:00+09:00,4170.81884765625,4170.81884765625,4170.81884765625,4170.81884765625,0,0.0,0.0
2017-09-19 00:00:00+09:00,4243.674981925258,4332.5604714173405,4228.617877147911,4324.7890625,15099200,0.0,0.0
2017-09-20 00:00:00+09:00,4429.703646284662,4488.474933696992,4423.38937573623,4484.103515625,24726000,0.0,0.0
2017-09-21 00:00:00+09:00,4492.8453344718555,4503.531020672762,4439.902616476457,4442.81689453125,11795200,0.0,0.0
2017-09-22 00:00:00+09:00,4422.902953133605,4443.30290086385,4376.274501178758,4410.2744140625,11033800,0.0,0.0
2017-09-25 00:00:00+09:00,4491.873601255458,4511.787833267945,4444.273729615857,4449.130859375,9842000,0.0,0.0
2017-09-26 00:00:00+09:00,4371.417649713645,4400.56043404507,4366.074805919551,4388.9033203125,9947000,0.0,0.0
2017-09-27 00:00:00+09:00,4384.521461406596,4405.458099145683,4363.584823667508,4399.12841796875,7086600,11.0,0.0
2017-09-28 00:00:00+09:00,4427.368797622823,4460.964799716298,4416.1701302583315,4438.08056640625,11326600,0.0,0.0
2017-09-29 00:00:00+09:00,4421.526120628045,4434.672382631894,4395.233596620345,4422.98681640625,8754000,0.0,0.0
2017-10-02 00:00:00+09:00,4430.776655353484,4455.12158203125,4415.195902279713,4455.12158203125,6093400,0.0,0.0
2017-10-03 00:00:00+09:00,4468.7547409707995,4473.623726306352,4422.499380283043,4455.12158203125,7972000,0.0,0.0
2017-10-04 00:00:00+09:00,4482.387992063264,4506.2460206979695,4471.6762241048245,4500.89013671875,9712600,0.0,0.0
2017-10-05 00:00:00+09:00,4506.246071086259,4511.601955125368,4458.530013283293,4468.7548828125,6894800,0.0,0.0
2017-10-06 00:00:00+09:00,4479.953961407204,4500.403702346134,4463.8863078123295,4466.32080078125,6749600,0.0,0.0
2017-10-09 00:00:00+09:00,4466.32080078125,4466.32080078125,4466.32080078125,4466.32080078125,0,0.0,0.0
2017-10-10 00:00:00+09:00,4502.837887735151,4607.0341796875,4473.623974103652,4607.0341796875,18562800,0.0,0.0
2017-10-11 00:00:00+09:00,4601.1917732705415,4649.881633305151,4594.375192865697,4625.0498046875,12485000,0.0,0.0
2017-10-12 00:00:00+09:00,4652.80236022453,4839.7713960477,4652.80236022453,4791.08154296875,30367000,0.0,0.0
2017-10-13 00:00:00+09:00,4795.951084888911,4878.723844729634,4748.235023333672,4799.359375,28432000,0.0,0.0
2017-10-16 00:00:00+09:00,4917.675135621181,4922.5441209039745,4848.535544605516,4860.7080078125,14603400,0.0,0.0
2017-10-17 00:00:00+09:00,4873.854178359462,4878.723163552629,4788.646937479052,4812.01806640625,12947200,0.0,0.0
2017-10-18 00:00:00+09:00,4812.018266823531,4834.41559964493,4779.396064670625,4787.67333984375,9413800,0.0,0.0
2017-10-19 00:00:00+09:00,4822.730473534653,4844.154011226276,4803.741428762533,4819.80908203125,9436200,0.0,0.0
2017-10-20 00:00:00+09:00,4801.306314957271,4856.325847823124,4796.437329747903,4855.35205078125,9249200,0.0,0.0
2017-10-23 00:00:00+09:00,4966.365068954309,4971.234054316029,4907.93724461367,4915.24072265625,10635400,0.0,0.0
2017-10-24 00:00:00+09:00,4927.412921348315,4993.144220200294,4903.067995847582,4983.40625,10189000,0.0,0.0
2017-10-25 00:00:00+09:00,5039.39998496855,5039.39998496855,4905.502883918661,4934.716796875,10795000,0.0,0.0
2017-10-26 00:00:00+09:00,4937.151111867614,5005.3169063115465,4910.371692621784,4944.45458984375,6595800,0.0,0.0
2017-10-27 00:00:00+09:00,5015.0555867532785,5015.0555867532785,4961.496740681156,5012.62109375,7422000,0.0,0.0
2017-10-30 00:00:00+09:00,5083.220547698945,5136.779384887344,5046.703158706855,5078.3515625,13378400,0.0,0.0
2017-10-31 00:00:00+09:00,4795.950529996481,4895.764728844124,4786.212559377199,4843.1796875,25096200,0.0,0.0
2017-11-01 00:00:00+09:00,4888.4613578171275,4939.585704686729,4854.865358445675,4932.2822265625,11801600,0.0,0.0
2017-11-02 00:00:00+09:00,4995.579794051481,5000.448780205527,4868.986154046278,4971.23486328125,13863400,0.0,0.0
2017-11-03 00:00:00+09:00,4971.23486328125,4971.23486328125,4971.23486328125,4971.23486328125,0,0.0,0.0
2017-11-06 00:00:00+09:00,4858.273706754336,4895.764894910288,4806.662460721468,4842.2060546875,19996800,0.0,0.0
2017-11-07 00:00:00+09:00,4771.605600770377,4905.502696710363,4764.789021340705,4898.19921875,20755000,0.0,0.0
2017-11-08 00:00:00+09:00,4856.325890060006,4895.764670598894,4848.535513657263,4881.15771484375,9828000,0.0,0.0
2017-11-09 00:00:00+09:00,4868.497949761011,4924.978174000663,4750.668516433461,4822.7294921875,17953400,0.0,0.0
2017-11-10 00:00:00+09:00,4698.083780760964,4762.354384871281,4693.701694117079,4725.35009765625,16929800,0.0,0.0
2017-11-13 00:00:00+09:00,4691.754040078222,4758.45913591578,4650.854565258112,4711.22998046875,13312400,0.0,0.0
2017-11-14 00:00:00+09:00,4686.884832846931,4709.282163234522,4640.142578125,4640.142578125,12056200,0.0,0.0
2017-11-15 00:00:00+09:00,4624.561796331303,4664.000573495216,4533.024881432348,4547.6318359375,16908000,0.0,0.0
2017-11-16 00:00:00+09:00,4601.192299335127,4654.264252840686,4570.030785350212,4647.9345703125,14895400,0.0,0.0
2017-11-17 00:00:00+09:00,4698.571140533156,4702.953227607228,4600.217630648421,4638.6826171875,15779000,0.0,0.0
2017-11-20 00:00:00+09:00,4608.981199031874,4658.157947510875,4597.295635036864,4610.44189453125,7606000,0.0,0.0
2017-11-21 00:00:00+09:00,4674.226285646886,4691.754634218062,4643.064777075907,4644.03857421875,9201000,0.0,0.0
2017-11-22 00:00:00+09:00,4689.320298077764,4718.534213339384,4679.582326323891,4698.08447265625,9511600,0.0,0.0
2017-11-23 00:00:00+09:00,4698.08447265625,4698.08447265625,4698.08447265625,4698.08447265625,0,0.0,0.0
2017-11-24 00:00:00+09:00,4713.1779803122445,4763.8154296875,4708.308994795393,4763.8154296875,9068600,0.0,0.0
2017-11-27 00:00:00+09:00,4795.950738723889,4812.992188049304,4756.025057447203,4760.89404296875,8766600,0.0,0.0
2017-11-28 00:00:00+09:00,4776.474815119919,4776.961713673958,4702.466234906033,4749.20849609375,8718600,0.0,0.0
2017-11-29 00:00:00+09:00,4779.396082758818,4783.291271090326,4735.088315487928,4775.98779296875,7694600,0.0,0.0
2017-11-30 00:00:00+09:00,4680.555431890814,4698.0837784577625,4613.363436717515,4618.232421875,17003600,0.0,0.0
2017-12-01 00:00:00+09:00,4662.540417318667,4679.581866212376,4597.782911522575,4628.45751953125,12937400,0.0,0.0
2017-12-04 00:00:00+09:00,4622.614155961786,4626.996242269313,4570.029120271469,4579.76708984375,10625000,0.0,0.0
2017-12-05 00:00:00+09:00,4513.549589776819,4560.291850900721,4486.77016934125,4546.65869140625,11779800,0.0,0.0
2017-12-06 00:00:00+09:00,4523.774644490936,4546.1719788625405,4462.42542425567,4481.9013671875,12104000,0.0,0.0
2017-12-07 00:00:00+09:00,4506.246274345025,4556.883725726104,4502.35108577725,4545.68505859375,10301000,0.0,0.0
2017-12-08 00:00:00+09:00,4582.201664361543,4600.703806880482,4550.06636419707,4579.2802734375,14533000,0.0,0.0
2017-12-11 00:00:00+09:00,4608.4941281128895,4624.0748795233085,4586.096797960413,4617.25830078125,6120600,0.0,0.0
2017-12-12 00:00:00+09:00,4625.53633900327,4637.708803053278,4589.992743977245,4598.27001953125,6480400,0.0,0.0
2017-12-13 00:00:00+09:00,4589.992887569658,4598.270163382608,4552.988595699997,4559.80517578125,6512000,0.0,0.0
2017-12-14 00:00:00+09:00,4479.466508709016,4483.8485955110145,4402.5365404072745,4455.12158203125,15323800,0.0,0.0
2017-12-15 00:00:00+09:00,4343.135814246025,4386.469792661709,4320.738477087358,4348.49169921875,17734400,0.0,0.0
2017-12-18 00:00:00+09:00,4382.573591028961,4433.2110372534935,4378.191504336453,4421.03857421875,9814800,0.0,0.0
2017-12-19 00:00:00+09:00,4467.293618983254,4468.754314444502,4391.824353485445,4411.30029296875,7640600,0.0,0.0
2017-12-20 00:00:00+09:00,4420.551972773294,4420.551972773294,4374.296610132755,4387.44287109375,6553000,0.0,0.0
2017-12-21 00:00:00+09:00,4378.679204162958,4403.024134687605,4338.753518102537,4375.7578125,7803800,0.0,0.0
2017-12-22 00:00:00+09:00,4396.2078225816995,4424.934842354911,4360.664221845354,4362.61181640625,7924000,0.0,0.0
2017-12-25 00:00:00+09:00,4357.742182811279,4372.349139848635,4339.240037230627,4360.66357421875,5102800,0.0,0.0
2017-12-26 00:00:00+09:00,4347.029862937982,4364.558209159507,4342.1608778764485,4349.46435546875,4564000,0.0,0.0
2017-12-27 00:00:00+09:00,4366.019321587876,4370.401408561701,4341.187495402866,4344.10888671875,5479200,0.0,0.0
2017-12-28 00:00:00+09:00,4343.134920912654,4383.547499212626,4338.265935575308,4348.00390625,6304600,0.0,0.0
2017-12-29 00:00:00+09:00,4377.218645993904,4394.746996522912,4341.6750463100825,4343.1357421875,7169000,0.0,0.0
2018-01-01 00:00:00+09:00,4343.1357421875,4343.1357421875,4343.1357421875,4343.1357421875,0,0.0,0.0
2018-01-02 00:00:00+09:00,4343.1357421875,4343.1357421875,4343.1357421875,4343.1357421875,0,0.0,0.0
2018-01-03 00:00:00+09:00,4343.1357421875,4343.1357421875,4343.1357421875,4343.1357421875,0,0.0,0.0
2018-01-04 00:00:00+09:00,4489.205173450602,4535.460541289844,4465.834040226564,4529.130859375,17888400,0.0,0.0
2018-01-05 00:00:00+09:00,4548.11954452305,4551.527834514663,4468.755077575479,4499.4296875,11306200,0.0,0.0
2018-01-08 00:00:00+09:00,4499.4296875,4499.4296875,4499.4296875,4499.4296875,0,0.0,0.0
2018-01-09 00:00:00+09:00,4567.108417337347,4571.490504304942,4496.995025855836,4503.32470703125,10697600,0.0,0.0
2018-01-10 00:00:00+09:00,4480.440347555654,4490.665216855662,4450.739536731823,4480.92724609375,8062600,0.0,0.0
2018-01-11 00:00:00+09:00,4454.147807445861,4468.754763526247,4429.802880645217,4440.5146484375,7423600,0.0,0.0
2018-01-12 00:00:00+09:00,4416.657174045625,4426.882044584149,4349.9520662466775,4350.43896484375,13338400,0.0,0.0
2018-01-15 00:00:00+09:00,4455.121931605259,4606.060488850902,4445.870858741817,4490.66552734375,19425600,0.0,0.0
2018-01-16 00:00:00+09:00,4503.324190140582,4595.34800589759,4481.900656313554,4578.79345703125,11761000,0.0,0.0
2018-01-17 00:00:00+09:00,4537.893062741261,4548.604827481638,4501.862581341813,4540.814453125,10398400,0.0,0.0
2018-01-18 00:00:00+09:00,4576.359271140828,4576.359271140828,4473.136783058921,4484.33544921875,12980200,0.0,0.0
2018-01-19 00:00:00+09:00,4502.837776635997,4503.811573733021,4452.200327590783,4471.67626953125,7518600,0.0,0.0
2018-01-22 00:00:00+09:00,4482.875112761315,4515.984215364527,4473.137141407429,4514.03662109375,6654000,0.0,0.0
2018-01-23 00:00:00+09:00,4547.14549908766,4614.824396654122,4529.617151516491,4605.08642578125,11878400,0.0,0.0
2018-01-24 00:00:00+09:00,4589.992364967162,4654.2629698441815,4571.003322617134,4580.25439453125,13744800,0.0,0.0
2018-01-25 00:00:00+09:00,4576.846198719158,4577.819995782715,4513.549389587935,4518.9052734375,8477200,0.0,0.0
2018-01-26 00:00:00+09:00,4541.789813179348,4542.276711744225,4465.346738493546,4479.466796875,10641600,0.0,0.0
2018-01-29 00:00:00+09:00,4479.466810914017,4489.20478224209,4440.028027035317,4470.70263671875,6752400,0.0,0.0
2018-01-30 00:00:00+09:00,4450.252839652885,4459.5039122954895,4381.6001426735575,4404.484375,10311200,0.0,0.0
2018-01-31 00:00:00+09:00,4369.427241743806,4409.839818194077,4359.202373003375,4372.3486328125,12802400,0.0,0.0
2018-02-01 00:00:00+09:00,4395.720091577328,4443.436149283862,4370.88826562801,4422.49951171875,9634600,0.0,0.0
2018-02-02 00:00:00+09:00,4372.349139848635,4397.1809668121405,4345.08282004557,4360.66357421875,9361400,0.0,0.0
2018-02-05 00:00:00+09:00,4309.052448619496,4316.35592734597,4260.362590443005,4284.70751953125,11091600,0.0,0.0
2018-02-06 00:00:00+09:00,4065.602931367808,4102.12032296692,3923.9154519632534,4074.85400390625,27654200,0.0,0.0
2018-02-07 00:00:00+09:00,4277.890864869288,4282.27295202884,4197.552600277502,4230.1748046875,19455600,0.0,0.0
2018-02-08 00:00:00+09:00,4231.635837250121,4271.5615234375,4165.904524624559,4271.5615234375,21226400,0.0,0.0
2018-02-09 00:00:00+09:00,4126.951746414836,4288.60205078125,4109.910298665364,4288.60205078125,27629000,0.0,0.0
2018-02-12 00:00:00+09:00,4288.60205078125,4288.60205078125,4288.60205078125,4288.60205078125,0,0.0,0.0
2018-02-13 00:00:00+09:00,4376.730710718555,4447.81789324886,4348.490597110626,4378.19140625,25073800,0.0,0.0
2018-02-14 00:00:00+09:00,4392.312210202991,4395.720500356126,4224.33219551282,4272.53515625,16324400,0.0,0.0
2018-02-15 00:00:00+09:00,4275.943272485493,4320.737941247582,4268.152895309478,4279.3515625,11931600,0.0,0.0
2018-02-16 00:00:00+09:00,4261.336382863957,4302.235863686691,4214.594119066545,4287.62890625,11167200,0.0,0.0
2018-02-19 00:00:00+09:00,4328.528155146579,4385.495286097327,4323.659169595233,4381.60009765625,7500400,0.0,0.0
2018-02-20 00:00:00+09:00,4355.794451982284,4376.731089746116,4315.381872112562,4344.10888671875,6973600,0.0,0.0
2018-02-21 00:00:00+09:00,4345.570193139915,4345.570193139915,4292.011344821104,4320.25146484375,8844200,0.0,0.0
2018-02-22 00:00:00+09:00,4275.943446403134,4307.104956374644,4253.059212517806,4272.53515625,7719800,0.0,0.0
2018-02-23 00:00:00+09:00,4279.837975810758,4344.108580225664,4278.377280255873,4331.44921875,6868200,0.0,0.0
2018-02-26 00:00:00+09:00,4377.218214239469,4420.065289084082,4372.836127039451,4406.43212890625,8856000,0.0,0.0
2018-02-27 00:00:00+09:00,4445.870619131838,4474.110734771926,4421.525691855899,4437.1064453125,9572600,0.0,0.0
2018-02-28 00:00:00+09:00,4406.918075793107,4425.907116225759,4330.9619140625,4330.9619140625,10306400,0.0,0.0
2018-03-01 00:00:00+09:00,4271.560529779328,4311.973105177902,4242.3466198526485,4283.24609375,9368000,0.0,0.0
2018-03-02 00:00:00+09:00,4173.206764292226,4177.588850499043,4102.119588048302,4131.33349609375,15653600,0.0,0.0
2018-03-05 00:00:00+09:00,4075.3410503076384,4101.14667464053,4057.325803131846,4084.105224609375,10020600,0.0,0.0
2018-03-06 00:00:00+09:00,4175.642507974952,4180.511494108318,4120.622964667913,4121.10986328125,8050600,0.0,0.0
2018-03-07 00:00:00+09:00,4075.827545748412,4122.56980406783,4061.220590023594,4082.1572265625,11149000,0.0,0.0
2018-03-08 00:00:00+09:00,4143.019302008626,4150.80967794377,4082.643888511262,4132.79443359375,8304600,0.0,0.0
2018-03-09 00:00:00+09:00,4175.642235112817,4252.085312411407,4172.233945042179,4186.35400390625,16386200,0.0,0.0
2018-03-12 00:00:00+09:00,4241.3733489693395,4257.441001422099,4181.484826190872,4204.85595703125,7381200,0.0,0.0
2018-03-13 00:00:00+09:00,4186.8405832740455,4236.017336258193,4185.866786185251,4234.556640625,6448800,0.0,0.0
2018-03-14 00:00:00+09:00,4193.657271725697,4224.8187793758125,4188.301387598333,4216.54150390625,6613400,0.0,0.0
2018-03-15 00:00:00+09:00,4208.264246945471,4216.541522451438,4151.297115522051,4204.85595703125,6426800,0.0,0.0
2018-03-16 00:00:00+09:00,4242.833906381692,4249.163587444689,4182.945385554867,4188.30126953125,7426200,0.0,0.0
2018-03-19 00:00:00+09:00,4160.0616196672845,4210.212175241457,4151.29744490675,4199.9873046875,7121200,0.0,0.0
2018-03-20 00:00:00+09:00,4160.061190305705,4171.746755447013,4139.124552760862,4164.93017578125,7274800,0.0,0.0
2018-03-21 00:00:00+09:00,4164.93017578125,4164.93017578125,4164.93017578125,4164.93017578125,0,0.0,0.0
2018-03-22 00:00:00+09:00,4143.5064341951,4155.67889728028,4121.596000641777,4140.09814453125,8311800,0.0,0.0
2018-03-23 00:00:00+09:00,3992.5680301153207,4012.043971725639,3925.376031559721,3942.41748046875,16977000,0.0,0.0
2018-03-26 00:00:00+09:00,3869.3831122370048,3934.140625,3854.7761544709156,3934.140625,9905400,0.0,0.0
2018-03-27 00:00:00+09:00,3982.829700776422,4026.6505654548914,3954.589587983631,4018.373291015625,11316400,0.0,0.0
2018-03-28 00:00:00+09:00,3908.5285687676524,3913.8987679003585,3823.5817824866667,3867.519775390625,16677200,11.0,0.0
2018-03-29 00:00:00+09:00,3895.8354601028054,3898.7646596968675,3787.455075122502,3810.888671875,12893000,0.0,0.0
2018-03-30 00:00:00+09:00,3866.0552552574686,3924.151047071541,3856.7794565644654,3881.189453125,11425000,0.0,0.0
2018-04-02 00:00:00+09:00,3864.102706666607,3878.2605055918543,3837.2517087049314,3838.71630859375,7635600,0.0,0.0
2018-04-03 00:00:00+09:00,3792.336833186194,3800.1480316067627,3766.4622384180593,3784.525634765625,10684200,0.0,0.0
2018-04-04 00:00:00+09:00,3798.1958180870965,3802.1014179000395,3710.319822295878,3719.107421875,11995600,0.0,0.0
2018-04-05 00:00:00+09:00,3715.201579525596,3757.674974718596,3707.390380409642,3710.319580078125,12619200,0.0,0.0
2018-04-06 00:00:00+09:00,3739.611574056075,3792.825367994993,3719.5953763359316,3727.894775390625,11081600,0.0,0.0
2018-04-09 00:00:00+09:00,3702.996662297541,3734.241459448107,3683.956864033915,3709.34326171875,8056800,0.0,0.0
2018-04-10 00:00:00+09:00,3718.130770757713,3789.896162472706,3688.350574195709,3765.974365234375,11652800,0.0,0.0
2018-04-11 00:00:00+09:00,3930.497398005512,3975.411788840999,3895.835205078125,3895.835205078125,22722600,0.0,0.0
2018-04-12 00:00:00+09:00,3877.28401317797,3913.4108095737356,3828.464018048557,3899.7412109375,8957000,0.0,0.0
2018-04-13 00:00:00+09:00,3933.4268409565543,3959.3014372790935,3896.3236462298946,3919.26904296875,7949800,0.0,0.0
2018-04-16 00:00:00+09:00,3899.7412102048033,3942.2146059594124,3895.835610595184,3904.135009765625,5677800,0.0,0.0
2018-04-17 00:00:00+09:00,3881.189614251686,3906.576011728552,3868.0082155617747,3890.95361328125,5311400,0.0,0.0
2018-04-18 00:00:00+09:00,3906.0875551809613,4016.908936886508,3898.764556389846,4003.7275390625,11384200,0.0,0.0
2018-04-19 00:00:00+09:00,4017.8854174391695,4049.130212908927,4004.2158194211506,4011.538818359375,7568000,0.0,0.0
2018-04-20 00:00:00+09:00,4003.7276159592757,4044.736409977149,3984.6878187366915,4040.830810546875,7499200,0.0,0.0
2018-04-23 00:00:00+09:00,4052.059579863234,4056.9415793570447,3978.8295874560667,3993.4755859375,6481400,0.0,0.0
2018-04-24 00:00:00+09:00,3993.4754215114067,4011.050618965491,3947.096428229795,4007.14501953125,7987800,0.0,0.0
2018-04-25 00:00:00+09:00,3969.0655049676584,4015.444499183148,3942.702708255696,4012.027099609375,6978800,0.0,0.0
2018-04-26 00:00:00+09:00,3978.8295884090353,4007.1451854799216,3978.341388459537,3987.6171875,6970600,0.0,0.0
2018-04-27 00:00:00+09:00,4149.698811858531,4191.683999837335,4104.296224858197,4150.18701171875,15881600,0.0,0.0
2018-04-30 00:00:00+09:00,4150.18701171875,4150.18701171875,4150.18701171875,4150.18701171875,0,0.0,0.0
2018-05-01 00:00:00+09:00,4125.778144446798,4249.780942777113,4091.6041449069476,4177.52734375,20001800,0.0,0.0
2018-05-02 00:00:00+09:00,4142.864583103284,4159.95158055893,4122.848386083811,4144.8173828125,7240000,0.0,0.0
2018-05-03 00:00:00+09:00,4144.8173828125,4144.8173828125,4144.8173828125,4144.8173828125,0,0.0,0.0
2018-05-04 00:00:00+09:00,4144.8173828125,4144.8173828125,4144.8173828125,4144.8173828125,0,0.0,0.0
2018-05-07 00:00:00+09:00,4164.83366356712,4173.133062498153,4116.9900697294015,4130.65966796875,7153400,0.0,0.0
2018-05-08 00:00:00+09:00,4120.4077910568085,4158.487389125818,4106.249991774742,4144.32958984375,5182200,0.0,0.0
2018-05-09 00:00:00+09:00,4129.683583704705,4185.338380789743,4115.0375844718,4176.55078125,7293800,0.0,0.0
2018-05-10 00:00:00+09:00,4193.63738352549,4194.125583453723,4060.8470030459866,4078.910400390625,10180800,0.0,0.0
2018-05-11 00:00:00+09:00,4139.447100668988,4169.22729563783,4116.9899044629765,4161.904296875,7772600,0.0,0.0
2018-05-14 00:00:00+09:00,4144.81689453125,4222.928873697917,4143.840494791667,4212.1884765625,6891800,0.0,0.0
2018-05-15 00:00:00+09:00,4169.715492989331,4198.0310881881815,4169.715492989331,4188.26708984375,5368600,0.0,0.0
2018-05-16 00:00:00+09:00,4174.1089696015115,4174.1089696015115,4089.1621905710244,4098.43798828125,8464800,0.0,0.0
2018-05-17 00:00:00+09:00,4113.085125148544,4125.7783255347595,4091.604324494949,4108.203125,4916800,0.0,0.0
2018-05-18 00:00:00+09:00,4109.666911145932,4124.312908691,4094.5327136826963,4106.24951171875,5066000,0.0,0.0
2018-05-21 00:00:00+09:00,4109.666992535775,4138.470788278185,4101.855793690375,4106.73779296875,4184400,0.0,0.0
2018-05-22 00:00:00+09:00,4107.226071791502,4139.935467584922,4100.879472607705,4124.80126953125,4784600,0.0,0.0
2018-05-23 00:00:00+09:00,4110.643234391026,4119.430832754333,4032.531248939416,4045.712646484375,7749800,0.0,0.0
2018-05-24 00:00:00+09:00,4005.6805118382745,4013.00351094584,3926.5921214765685,3932.938720703125,10124200,0.0,0.0
2018-05-25 00:00:00+09:00,3859.708578350789,3881.1893748910666,3836.7631820464017,3851.4091796875,11285400,0.0,0.0
2018-05-28 00:00:00+09:00,3856.7793788225695,3906.087570880934,3830.9047829899623,3851.4091796875,8105200,0.0,0.0
2018-05-29 00:00:00+09:00,3807.959396721125,3815.2823955609733,3735.2176082452984,3757.6748046875,12535800,0.0,0.0
2018-05-30 00:00:00+09:00,3686.397772045832,3783.0613608241497,3681.027572669259,3782.0849609375,12472400,0.0,0.0
2018-05-31 00:00:00+09:00,3779.156003344082,3803.0778020992634,3739.611805401843,3790.872802734375,10545400,0.0,0.0
2018-06-01 00:00:00+09:00,3787.943115108562,3827.4873079586446,3767.438718815926,3789.40771484375,12091800,0.0,0.0
2018-06-04 00:00:00+09:00,3843.1100268697533,3846.5274265379553,3799.172031135724,3838.22802734375,8798400,0.0,0.0
2018-06-05 00:00:00+09:00,3887.0479279780293,3937.332521871742,3870.449129993697,3921.221923828125,12483800,0.0,0.0
2018-06-06 00:00:00+09:00,3947.0965091434937,4001.77490234375,3900.7175149111335,4001.77490234375,11180200,0.0,0.0
2018-06-07 00:00:00+09:00,4016.9090969259596,4039.3662941134403,3979.3177016338714,4026.673095703125,10906600,0.0,0.0
2018-06-08 00:00:00+09:00,3997.869565608275,3998.8459655510296,3903.158771161089,3910.969970703125,12995800,0.0,0.0
2018-06-11 00:00:00+09:00,3914.386876513474,3995.9162614445977,3914.386876513474,3975.411865234375,8244000,0.0,0.0
2018-06-12 00:00:00+09:00,4003.2396685745375,4034.972665947384,3977.3650707166776,3982.2470703125,7371400,0.0,0.0
2018-06-13 00:00:00+09:00,4018.8611682963287,4115.524738670803,4012.514570241439,4092.579345703125,11530600,0.0,0.0
2018-06-14 00:00:00+09:00,4040.830564562022,4110.15495022927,4037.9013651676314,4071.587158203125,7442200,0.0,0.0
2018-06-15 00:00:00+09:00,4112.107914995655,4113.084314833003,4063.2879231282004,4063.776123046875,8316000,0.0,0.0
2018-06-18 00:00:00+09:00,4081.35132189423,4098.43831905527,4035.460529518864,4046.200927734375,6028400,0.0,0.0
2018-06-19 00:00:00+09:00,4027.6496745396726,4076.4696705946985,3939.773681640625,3939.773681640625,9571400,0.0,0.0
2018-06-20 00:00:00+09:00,3978.829661557657,4034.9726567820903,3945.143864422997,4032.04345703125,9482000,0.0,0.0
2018-06-21 00:00:00+09:00,4056.941465808898,4241.9692414456695,4038.8780681873664,4218.53564453125,18255800,0.0,0.0
2018-06-22 00:00:00+09:00,4112.596437901929,4127.730636569422,4071.099441555578,4099.4150390625,15993000,0.0,0.0
2018-06-25 00:00:00+09:00,4053.0359783112112,4070.122976533434,3996.4047842032733,4002.26318359375,8743200,0.0,0.0
2018-06-26 00:00:00+09:00,3947.0966054714363,3947.584805422639,3874.354812742278,3904.135009765625,13477600,0.0,0.0
2018-06-27 00:00:00+09:00,3930.498059389513,3940.7502590227487,3871.4258615027748,3876.307861328125,8017200,0.0,0.0
2018-06-28 00:00:00+09:00,3843.110110223795,3862.1499087881657,3801.1249133895412,3828.464111328125,10870400,0.0,0.0
2018-06-29 00:00:00+09:00,3878.748127683618,3900.2289228526647,3852.87353350272,3892.417724609375,11363600,0.0,0.0
2018-07-02 00:00:00+09:00,3886.071368408203,3966.624355316162,3886.071368408203,3905.599365234375,11281800,0.0,0.0
2018-07-03 00:00:00+09:00,3973.947103205212,3974.9235029848696,3913.4103168664597,3965.647705078125,10529800,0.0,0.0
2018-07-04 00:00:00+09:00,3972.9707841158292,4002.750978000207,3962.7185862212073,3979.3173828125,7347600,0.0,0.0
2018-07-05 00:00:00+09:00,3954.907547710725,4016.4207375652554,3954.4193477912445,3997.869140625,8685200,0.0,0.0
2018-07-06 00:00:00+09:00,4010.074052888637,4080.863039700039,4010.074052888637,4048.641845703125,10614600,0.0,0.0
2018-07-09 00:00:00+09:00,4076.9579048966107,4191.196696627638,4076.469704931948,4187.779296875,14137800,0.0,0.0
2018-07-10 00:00:00+09:00,4261.008787947449,4305.923179387774,4255.150389063928,4275.65478515625,16892600,0.0,0.0
2018-07-11 00:00:00+09:00,4259.54418623929,4311.293376352914,4246.362788757518,4302.017578125,13822400,0.0,0.0
2018-07-12 00:00:00+09:00,4403.563138681874,4595.425701154377,4401.122139159323,4577.3623046875,40898000,0.0,0.0
2018-07-13 00:00:00+09:00,4637.899399196089,4759.949383385459,4605.190003433338,4746.27978515625,31999000,0.0,0.0
2018-07-16 00:00:00+09:00,4746.27978515625,4746.27978515625,4746.27978515625,4746.27978515625,0,0.0,0.0
2018-07-17 00:00:00+09:00,4745.303063827571,4837.572845624219,4687.695475192628,4688.671875,26023800,0.0,0.0
2018-07-18 00:00:00+09:00,4750.18538951182,4784.359385119818,4687.207597605651,4711.12939453125,14442200,0.0,0.0
2018-07-19 00:00:00+09:00,4686.719870875179,4798.517667795015,4646.687471978121,4763.85546875,19586000,0.0,0.0
2018-07-20 00:00:00+09:00,4735.539617903203,4827.321210497616,4687.207821802955,4812.18701171875,24690800,0.0,0.0
2018-07-23 00:00:00+09:00,4746.280704733048,4774.108106519695,4655.963698934281,4672.5625,16955800,0.0,0.0
2018-07-24 00:00:00+09:00,4704.7824720258295,4754.578862203959,4660.844480692185,4685.74267578125,11315000,0.0,0.0
2018-07-25 00:00:00+09:00,4685.254640049471,4708.68823624853,4664.750243375294,4672.0732421875,7514400,0.0,0.0
2018-07-26 00:00:00+09:00,4613.977634302143,4632.52923202762,4516.825846213462,4517.80224609375,16746200,0.0,0.0
2018-07-27 00:00:00+09:00,4515.849838297482,4581.7568359375,4501.692038804442,4581.7568359375,8794600,0.0,0.0
2018-07-30 00:00:00+09:00,4508.5267697721265,4546.118167852523,4483.140371068483,4528.54296875,9387200,0.0,0.0
2018-07-31 00:00:00+09:00,4491.439448906587,4569.551439322354,4459.706452800182,4520.7314453125,16632000,0.0,0.0
2018-08-01 00:00:00+09:00,4584.197348403972,4589.079347710046,4536.353755204441,4572.96875,9249200,0.0,0.0
2018-08-02 00:00:00+09:00,4557.834066645236,4566.1334645815,4487.045084247682,4508.52587890625,9128600,0.0,0.0
2018-08-03 00:00:00+09:00,4540.260100736568,4554.417901050693,4488.0226995775565,4507.0625,9162400,0.0,0.0
2018-08-06 00:00:00+09:00,4528.054352437503,4611.048340568434,4516.825754043319,4605.18994140625,9131600,0.0,0.0
2018-08-07 00:00:00+09:00,4847.825189482276,4933.260175198227,4804.863596665112,4906.4091796875,34260400,0.0,0.0
2018-08-08 00:00:00+09:00,4974.757618207651,5174.919602846035,4960.111619331671,5140.74560546875,32617400,0.0,0.0
2018-08-09 00:00:00+09:00,5030.901257103119,5145.628262966218,5016.255256354639,5121.21826171875,13142400,0.0,0.0
2018-08-10 00:00:00+09:00,5099.247975948771,5155.390964673913,4906.409014675457,4940.5830078125,12955400,0.0,0.0
2018-08-13 00:00:00+09:00,4852.707830343843,4957.670826674218,4843.432030668136,4916.173828125,10959600,0.0,0.0
2018-08-14 00:00:00+09:00,4969.876022842867,5111.454023493598,4967.435022831648,5099.2490234375,12524400,0.0,0.0
2018-08-15 00:00:00+09:00,5065.074147212236,5069.956146390272,4955.229165706429,4964.9931640625,8134200,0.0,0.0
2018-08-16 00:00:00+09:00,4854.660558806961,4943.024754416781,4827.321360165248,4874.6767578125,15764800,0.0,0.0
2018-08-17 00:00:00+09:00,4921.05517870509,4955.229173001653,4874.676186445468,4891.76318359375,7170200,0.0,0.0
2018-08-20 00:00:00+09:00,4921.055673452524,4938.142672318679,4867.353677016038,4874.1884765625,7451000,0.0,0.0
2018-08-21 00:00:00+09:00,4881.999112233989,4889.32211090234,4769.713132652607,4794.611328125,13105800,0.0,0.0
2018-08-22 00:00:00+09:00,4652.5453826750945,4889.322351258244,4648.151583258087,4857.58935546875,16940000,0.0,0.0
2018-08-23 00:00:00+09:00,4794.122883552999,4866.864666613019,4788.752684803601,4810.7216796875,8636400,0.0,0.0
2018-08-24 00:00:00+09:00,4817.068751256962,4930.8193359375,4769.713357634591,4930.8193359375,12113800,0.0,0.0
2018-08-27 00:00:00+09:00,4930.819088797604,5018.695072558354,4925.937089699785,4967.43408203125,9497200,0.0,0.0
2018-08-28 00:00:00+09:00,5026.018559935271,5060.192556943088,4994.285562713728,4996.7265625,9456800,0.0,0.0
2018-08-29 00:00:00+09:00,5023.577323445235,5035.782321801516,4916.173337909963,4930.8193359375,9447400,0.0,0.0
2018-08-30 00:00:00+09:00,4908.850252593949,4977.1982421875,4896.6452544522435,4977.1982421875,10379000,0.0,0.0
2018-08-31 00:00:00+09:00,5004.049475216171,5057.751469584345,4996.726475984147,5028.45947265625,8889800,0.0,0.0
2018-09-03 00:00:00+09:00,5004.04931640625,5045.5463107374235,4967.4343214081555,5004.04931640625,5725200,0.0,0.0
2018-09-04 00:00:00+09:00,5026.018395501616,5040.664393740087,4960.111403428502,5001.6083984375,5415200,0.0,0.0
2018-09-05 00:00:00+09:00,4935.702020046796,4943.025020076539,4808.281819529267,4808.77001953125,12889000,0.0,0.0
2018-09-06 00:00:00+09:00,4755.066969444965,4901.526937703024,4743.8383718785135,4884.43994140625,11128400,0.0,0.0
2018-09-07 00:00:00+09:00,4839.037433978873,4903.968021016725,4829.761635830609,4852.70703125,10353600,0.0,0.0
2018-09-10 00:00:00+09:00,4808.769688489773,4886.881683429709,4798.0292891855315,4836.10888671875,8180000,0.0,0.0
2018-09-11 00:00:00+09:00,4843.920380907482,4955.22998046875,4832.69178095174,4955.22998046875,10088600,0.0,0.0
2018-09-12 00:00:00+09:00,5008.930743620474,5150.508708108771,5004.048744845015,5123.65771484375,16632600,0.0,0.0
2018-09-13 00:00:00+09:00,5194.446929737262,5370.198893525364,5177.359933257862,5365.31689453125,17191000,0.0,0.0
2018-09-14 00:00:00+09:00,5416.577637834057,5419.018637220192,5216.415688170969,5343.34765625,19978600,0.0,0.0
2018-09-17 00:00:00+09:00,5343.34765625,5343.34765625,5343.34765625,5343.34765625,0,0.0,0.0
2018-09-18 00:00:00+09:00,5272.559086134454,5282.3230844421105,5167.596104327148,5228.62109375,12863000,0.0,0.0
2018-09-19 00:00:00+09:00,5311.614664452588,5426.341635605746,5301.850666907639,5328.70166015625,12006600,0.0,0.0
2018-09-20 00:00:00+09:00,5421.459720162785,5426.341719010297,5279.881753584918,5311.61474609375,9745000,0.0,0.0
2018-09-21 00:00:00+09:00,5419.018963614758,5492.248949609552,5338.465979020484,5392.16796875,17533200,0.0,0.0
2018-09-24 00:00:00+09:00,5392.16796875,5392.16796875,5392.16796875,5392.16796875,0,0.0,0.0
2018-09-25 00:00:00+09:00,5377.521976008295,5438.546964387871,5323.819986234267,5333.583984375,9782000,0.0,0.0
2018-09-26 00:00:00+09:00,5359.021681187867,5488.65570633755,5349.23798117657,5412.83203125,10772000,11.0,0.0
2018-09-27 00:00:00+09:00,5437.291450890311,5471.534401998032,5361.4677734375,5361.4677734375,8825400,0.0,0.0
2018-09-28 00:00:00+09:00,5503.331923547161,5625.628188514876,5454.413417560075,5610.95263671875,17416600,0.0,0.0
2018-10-01 00:00:00+09:00,5566.925390966605,5625.627591925831,5513.115040087315,5593.83056640625,10872000,0.0,0.0
2018-10-02 00:00:00+09:00,5603.614501298593,5608.506351583445,5464.196768180295,5473.98046875,12701000,0.0,0.0
2018-10-03 00:00:00+09:00,5503.332006074033,5505.777931410066,5363.9142619201575,5407.94091796875,8605600,0.0,0.0
2018-10-04 00:00:00+09:00,5481.317995343889,5584.046846662249,5405.494319370815,5478.8720703125,16606600,0.0,0.0
2018-10-05 00:00:00+09:00,5432.3996717603695,5451.967072649196,5373.697469093891,5417.72412109375,11655600,0.0,0.0
2018-10-08 00:00:00+09:00,5417.72412109375,5417.72412109375,5417.72412109375,5417.72412109375,0,0.0,0.0
2018-10-09 00:00:00+09:00,5273.415079220211,5349.238765424212,5226.942497353242,5234.2802734375,12348200,0.0,0.0
2018-10-10 00:00:00+09:00,5224.496232638889,5229.388083043981,4911.417806712963,4952.99853515625,19954400,0.0,0.0
2018-10-11 00:00:00+09:00,4573.880161391419,4690.7953869072,4543.061503619478,4664.37939453125,38648600,0.0,0.0
2018-10-12 00:00:00+09:00,4598.339285770224,4889.893563889272,4598.339285770224,4880.10986328125,28397000,0.0,0.0
2018-10-15 00:00:00+09:00,4829.234585281321,4858.585686893647,4482.891586255878,4525.45068359375,35136400,0.0,0.0
2018-10-16 00:00:00+09:00,4598.827928485389,4722.59172658206,4595.892818649104,4689.3271484375,26500800,0.0,0.0
2018-10-17 00:00:00+09:00,4923.647469166959,4962.782272697347,4740.692262662395,4789.12158203125,26329000,0.0,0.0
2018-10-18 00:00:00+09:00,4806.731665666622,4820.428845255332,4689.816454177275,4719.65673828125,14308200,0.0,0.0
2018-10-19 00:00:00+09:00,4534.745003955437,4666.824955526954,4506.861458623672,4661.93310546875,20380800,0.0,0.0
2018-10-22 00:00:00+09:00,4526.429115828409,4645.790264024899,4519.5805253581175,4614.482421875,17841000,0.0,0.0
2018-10-23 00:00:00+09:00,4534.256008093621,4581.217770611366,4477.510545051344,4479.46728515625,19471000,0.0,0.0
2018-10-24 00:00:00+09:00,4534.7452694272815,4563.118001425855,4408.046345502614,4502.9482421875,23243800,0.0,0.0
2018-10-25 00:00:00+09:00,4329.287866765802,4396.795406383168,4290.153061190518,4304.82861328125,23315600,0.0,0.0
2018-10-26 00:00:00+09:00,4371.846146415106,4381.629845970695,4167.856010681067,4220.68798828125,24845000,0.0,0.0
2018-10-29 00:00:00+09:00,4249.550301809018,4299.447174237303,4160.029442452386,4161.0078125,16459000,0.0,0.0
2018-10-30 00:00:00+09:00,4109.642865867271,4254.930799584992,4082.248507994569,4177.150390625,27949400,0.0,0.0
2018-10-31 00:00:00+09:00,4214.817605582725,4426.1455078125,4213.35005070613,4426.1455078125,23856000,0.0,0.0
2018-11-01 00:00:00+09:00,4230.471975124097,4238.78812031109,4023.057530460289,4065.12744140625,33398400,0.0,0.0
2018-11-02 00:00:00+09:00,4177.639993416988,4285.260695823514,4137.52682252001,4255.42041015625,29101800,0.0,0.0
2018-11-05 00:00:00+09:00,4206.991169293758,4330.754979274144,4176.661698073268,4278.9013671875,15531800,0.0,0.0
2018-11-06 00:00:00+09:00,4423.210617597485,4451.583346619897,4159.539911682306,4194.76123046875,31119400,0.0,0.0
2018-11-07 00:00:00+09:00,4229.004828089849,4287.707035073167,4163.943215350006,4185.95654296875,23348600,0.0,0.0
2018-11-08 00:00:00+09:00,4290.152450778144,4314.6117007825815,4251.017650771047,4307.27392578125,15128000,0.0,0.0
2018-11-09 00:00:00+09:00,4304.828009391008,4343.96280947638,4271.074244317374,4297.490234375,13822200,0.0,0.0
2018-11-12 00:00:00+09:00,4256.888269990101,4334.17950725262,4256.888269990101,4293.5771484375,9055800,0.0,0.0
2018-11-13 00:00:00+09:00,4204.545676714888,4401.68725992793,4094.968221033197,4373.8037109375,28140400,0.0,0.0
2018-11-14 00:00:00+09:00,4423.700455621378,4584.642338834851,4392.881797133692,4579.75048828125,26683400,0.0,0.0
2018-11-15 00:00:00+09:00,4557.24762683198,4588.555467978099,4404.13271622674,4455.986328125,21019000,0.0,0.0
2018-11-16 00:00:00+09:00,4402.665276712679,4420.7651228502755,4290.641904671878,4305.806640625,17765800,0.0,0.0
2018-11-19 00:00:00+09:00,4369.889774757179,4524.96142578125,4363.530369510135,4524.96142578125,16744000,0.0,0.0
2018-11-20 00:00:00+09:00,4378.205602737526,4402.66485191483,4292.59823061696,4306.29541015625,17544800,0.0,0.0
2018-11-21 00:00:00+09:00,4199.653673648565,4367.444146573604,4199.653673648565,4336.62548828125,15369400,0.0,0.0
2018-11-22 00:00:00+09:00,4329.287897893372,4338.582414284329,4243.191325008713,4298.46923828125,13437400,0.0,0.0
2018-11-23 00:00:00+09:00,4298.46923828125,4298.46923828125,4298.46923828125,4298.46923828125,0,0.0,0.0
2018-11-26 00:00:00+09:00,4309.7198935492615,4363.0410590880665,4302.382118475114,4314.12255859375,10205600,0.0,0.0
2018-11-27 00:00:00+09:00,4377.716422801906,4500.501853813559,4343.962658898305,4473.5966796875,19104000,0.0,0.0
2018-11-28 00:00:00+09:00,4512.7311973385895,4563.117247563617,4480.444990398281,4517.623046875,14273200,0.0,0.0
2018-11-29 00:00:00+09:00,4613.0147068178385,4694.7086045949945,4606.166116585023,4656.06298828125,19194000,0.0,0.0
2018-11-30 00:00:00+09:00,4647.257751810834,4707.427510071121,4589.533918683078,4659.9765625,16573000,0.0,0.0
2018-12-03 00:00:00+09:00,4754.878423887004,4784.229525269022,4711.830141860043,4722.10302734375,14442600,0.0,0.0
2018-12-04 00:00:00+09:00,4745.094692143937,4783.740308708821,4649.214428261442,4649.70361328125,17423000,0.0,0.0
2018-12-05 00:00:00+09:00,4549.420740546492,4706.938318875092,4537.680299925727,4692.751953125,15758200,0.0,0.0
2018-12-06 00:00:00+09:00,4652.149336965461,4673.184291906524,4410.491947642544,4461.3671875,24572400,0.0,0.0
2018-12-07 00:00:00+09:00,4534.745706581084,4556.759035253808,4315.101604935463,4367.93359375,27313400,0.0,0.0
2018-12-10 00:00:00+09:00,4262.2688150928325,4294.555024411796,4208.947651217575,4214.81787109375,19092200,0.0,0.0
2018-12-11 00:00:00+09:00,4270.585186298077,4362.551969233247,4259.823115954599,4318.0361328125,19122000,0.0,0.0
2018-12-12 00:00:00+09:00,4328.797565767038,4434.461513580992,4248.571235019405,4415.38330078125,18748200,0.0,0.0
2018-12-13 00:00:00+09:00,4409.514336033962,4435.441145420449,4295.534211749969,4358.14990234375,15192000,0.0,0.0
2018-12-14 00:00:00+09:00,4258.844571733205,4288.684856465083,4148.288762726577,4156.11572265625,25385800,0.0,0.0
2018-12-17 00:00:00+09:00,4082.738241341298,4230.961304740102,4040.6683289574794,4177.64013671875,16376400,0.0,0.0
2018-12-18 00:00:00+09:00,4052.409069958719,4109.154537379677,4027.460631696057,4040.179443359375,16074600,0.0,0.0
2018-12-19 00:00:00+09:00,3980.4987809972677,4103.284229446366,3927.1776101568225,4003.490478515625,23294000,0.0,0.0
2018-12-20 00:00:00+09:00,3908.5885691343133,3977.5636615308013,3802.435412751066,3814.6650390625,25771000,0.0,0.0
2018-12-21 00:00:00+09:00,3742.754652414996,3803.413595938648,3663.995862839932,3728.0791015625,26316600,0.0,0.0
2018-12-24 00:00:00+09:00,3728.0791015625,3728.0791015625,3728.0791015625,3728.0791015625,0,0.0,0.0
2018-12-25 00:00:00+09:00,3522.1321258696576,3577.899217862594,3434.0788227229164,3445.330078125,20994600,0.0,0.0
2018-12-26 00:00:00+09:00,3480.0623083283476,3553.440062931841,3327.9257637837713,3398.368408203125,26705600,0.0,0.0
2018-12-27 00:00:00+09:00,3630.242180457482,3653.233877328726,3496.6946645883413,3561.26708984375,25887600,0.0,0.0
2018-12-28 00:00:00+09:00,3482.997353054415,3588.661317697639,3482.997353054415,3573.49658203125,19038200,0.0,0.0
2018-12-31 00:00:00+09:00,3573.49658203125,3573.49658203125,3573.49658203125,3573.49658203125,0,0.0,0.0
2019-01-04 00:00:00+09:00,3426.741097264469,3470.278564453125,3359.233563870822,3470.278564453125,20107000,0.0,0.0
2019-01-07 00:00:00+09:00,3632.198688340051,3641.4932035021334,3573.007302307843,3597.466552734375,18351600,0.0,0.0
2019-01-08 00:00:00+09:00,3665.952606876548,3819.556705963716,3629.752914734986,3801.946044921875,26640200,0.0,0.0
2019-01-09 00:00:00+09:00,3858.691114916286,3908.587982781583,3840.1020857115677,3856.734375,18884000,0.0,0.0
2019-01-10 00:00:00+09:00,3799.500230661257,3831.297258470319,3703.1307771476395,3712.42529296875,19266000,0.0,0.0
2019-01-11 00:00:00+09:00,3776.5084084847526,3790.694774267921,3742.7546416213527,3765.746337890625,13645200,0.0,0.0
2019-01-15 00:00:00+09:00,3717.806272498054,3774.551736657235,3655.679772944468,3771.12744140625,16517000,0.0,0.0
2019-01-16 00:00:00+09:00,3786.291936757209,3827.8726621608735,3736.3950662728116,3766.2353515625,13395400,0.0,0.0
2019-01-17 00:00:00+09:00,3805.8596238537643,3810.751474270029,3764.768080357143,3800.9677734375,10532200,0.0,0.0
2019-01-18 00:00:00+09:00,3805.859642389145,3849.8862963499446,3769.1707640884783,3832.275634765625,11928400,0.0,0.0
2019-01-21 00:00:00+09:00,3881.6828647724064,3897.3367843278843,3820.5347415088213,3848.907470703125,9864600,0.0,0.0
2019-01-22 00:00:00+09:00,3870.431942600698,3889.5101586979467,3809.7729991120123,3834.721435546875,10088400,0.0,0.0
2019-01-23 00:00:00+09:00,3794.1191597231955,3965.8231082872544,3792.162419568619,3927.177490234375,18029200,0.0,0.0
2019-01-24 00:00:00+09:00,3892.445378090927,3935.982846816589,3889.021082797897,3925.7099609375,9974800,0.0,0.0
2019-01-25 00:00:00+09:00,3937.9393022549366,4002.511723111788,3929.6231571445846,3997.619873046875,11449200,0.0,0.0
2019-01-28 00:00:00+09:00,4005.9361101276154,4008.382035216227,3943.3204278591656,3950.658203125,8977600,0.0,0.0
2019-01-29 00:00:00+09:00,3913.4803734756097,4011.3173828125,3897.8264519817076,4011.3173828125,13180800,0.0,0.0
2019-01-30 00:00:00+09:00,4028.438741103177,4028.927926135491,3937.9395101251457,3980.98779296875,11817400,0.0,0.0
2019-01-31 00:00:00+09:00,4100.348860631268,4188.402164724996,4027.949477265314,4170.79150390625,21544200,0.0,0.0
2019-02-01 00:00:00+09:00,4158.073022605399,4205.523973569249,4124.319253363074,4133.61376953125,13187200,0.0,0.0
2019-02-04 00:00:00+09:00,4133.613914998854,4162.475834642041,4088.6088877586294,4134.59228515625,11696400,0.0,0.0
2019-02-05 00:00:00+09:00,4184.9776719822175,4184.9776719822175,4104.262147040421,4116.98095703125,8247200,0.0,0.0
2019-02-06 00:00:00+09:00,4199.164462726749,4232.918231124716,4100.838267828324,4139.48388671875,12026800,0.0,0.0
2019-02-07 00:00:00+09:00,4549.420743159945,4873.26123046875,4529.8533421140955,4873.26123046875,85238200,0.0,0.0
2019-02-08 00:00:00+09:00,4873.749881427858,5023.9296679980025,4797.437025711432,4899.1875,63109600,0.0,0.0
2019-02-12 00:00:00+09:00,4891.850462201511,5045.9437517608585,4862.988544474521,5019.03857421875,31206800,0.0,0.0
2019-02-13 00:00:00+09:00,5055.727104757533,5398.156613546143,5033.713779192552,5266.07666015625,50157200,0.0,0.0
2019-02-14 00:00:00+09:00,5197.591221150509,5351.684513824618,5143.780864978598,5285.64453125,29913200,0.0,0.0
2019-02-15 00:00:00+09:00,5248.955764932993,5268.523167598167,5048.389887614956,5053.28173828125,29678800,0.0,0.0
2019-02-18 00:00:00+09:00,5200.036610033886,5263.630660768073,5011.700382859563,5075.29443359375,22392200,0.0,0.0
2019-02-19 00:00:00+09:00,5048.389912649477,5107.092120936099,4864.456326684729,4908.97216796875,23622000,0.0,0.0
2019-02-20 00:00:00+09:00,4926.093823711689,5102.200454946665,4870.815908907377,5087.52490234375,27957200,0.0,0.0
2019-02-21 00:00:00+09:00,5077.740546531341,5099.753872600119,4982.349466899973,5004.36279296875,19316000,0.0,0.0
2019-02-22 00:00:00+09:00,4957.8905568069495,5043.49794185295,4957.8905568069495,5026.37646484375,10421200,0.0,0.0
2019-02-25 00:00:00+09:00,5065.511269436208,5087.524597019465,5006.8090625475215,5026.37646484375,8179400,0.0,0.0
2019-02-26 00:00:00+09:00,5036.15989827671,5097.308027201877,5021.48434733467,5050.83544921875,10001800,0.0,0.0
2019-02-27 00:00:00+09:00,5065.5110094273105,5082.632485557678,5009.254730713245,5041.0517578125,7932200,0.0,0.0
2019-02-28 00:00:00+09:00,5038.605966530886,5092.416321513254,5019.038564719115,5028.822265625,9676000,0.0,0.0
2019-03-01 00:00:00+09:00,5038.605777877698,5124.213157598921,5038.605777877698,5099.75390625,10334200,0.0,0.0
2019-03-04 00:00:00+09:00,5165.794013466042,5337.0087771699355,5151.1184622914225,5222.05029296875,16703200,0.0,0.0
2019-03-05 00:00:00+09:00,5209.8210054542205,5246.5098857743205,5080.186961656533,5129.10546875,11380000,0.0,0.0
2019-03-06 00:00:00+09:00,5116.87583200708,5151.118786905789,5063.065474309109,5138.88916015625,8775000,0.0,0.0
2019-03-07 00:00:00+09:00,5089.970406627065,5151.11853741307,5065.511154312663,5143.78076171875,8696200,0.0,0.0
2019-03-08 00:00:00+09:00,5097.307417328443,5109.537041650249,5028.821521126334,5043.4970703125,14070400,0.0,0.0
2019-03-11 00:00:00+09:00,5038.605490070301,5190.252839771446,5036.1595650751215,5153.56396484375,8860800,0.0,0.0
2019-03-12 00:00:00+09:00,5244.06298828125,5290.535561405011,5165.7933914412315,5244.06298828125,9653000,0.0,0.0
2019-03-13 00:00:00+09:00,5229.388222251267,5231.834147518924,5148.672688418576,5190.25341796875,5521600,0.0,0.0
2019-03-14 00:00:00+09:00,5288.0905318233945,5459.305303899083,5263.631278669724,5332.1171875,22209200,0.0,0.0
2019-03-15 00:00:00+09:00,5332.116235261474,5359.021408925637,5285.643662568828,5302.76513671875,11490400,0.0,0.0
2019-03-18 00:00:00+09:00,5354.129741748536,5432.3993405315205,5337.008267014758,5376.14306640625,11395400,0.0,0.0
2019-03-19 00:00:00+09:00,5366.359366558377,5390.8186161780595,5300.319392585234,5376.14306640625,7141200,0.0,0.0
2019-03-20 00:00:00+09:00,5359.023062943325,5398.157873078922,5337.009732242052,5366.36083984375,7956800,0.0,0.0
2019-03-22 00:00:00+09:00,5420.170559630103,5554.696453483738,5388.373530173789,5513.11572265625,19347800,0.0,0.0
2019-03-25 00:00:00+09:00,5366.359233343779,5393.264407257535,5187.806715552487,5244.06298828125,14402600,0.0,0.0
2019-03-26 00:00:00+09:00,5239.171305070213,5263.630554860457,5170.68540565753,5192.69873046875,8450000,0.0,0.0
2019-03-27 00:00:00+09:00,5198.581375985776,5232.89544447413,5161.816302605395,5196.13037109375,5675000,11.0,0.0
2019-03-28 00:00:00+09:00,5134.855707578199,5208.385860908675,5034.364498026549,5181.4248046875,9511200,0.0,0.0
2019-03-29 00:00:00+09:00,5225.5428742292925,5286.818001741362,5205.93483342543,5267.2099609375,9496200,0.0,0.0
2019-04-01 00:00:00+09:00,5382.407513366308,5416.72158676664,5345.642434723096,5357.8974609375,11663800,0.0,0.0
2019-04-02 00:00:00+09:00,5404.465456419711,5409.367465903992,5259.856176633424,5291.71923828125,10727000,0.0,0.0
2019-04-03 00:00:00+09:00,5274.562308534701,5367.700490562729,5237.797236681531,5350.54345703125,9284800,0.0,0.0
2019-04-04 00:00:00+09:00,5345.6421139564045,5377.505180201903,5323.583068094136,5360.34814453125,6288200,0.0,0.0
2019-04-05 00:00:00+09:00,5382.406196342719,5411.81825206044,5333.386103479854,5352.994140625,10123800,0.0,0.0
2019-04-08 00:00:00+09:00,5372.602332292621,5384.857355860808,5343.190275728976,5348.09228515625,5485000,0.0,0.0
2019-04-09 00:00:00+09:00,5330.935663304355,5352.994707428374,5294.170589764325,5303.974609375,5402600,0.0,0.0
2019-04-10 00:00:00+09:00,5262.307637467552,5406.91692978734,5250.052612694688,5370.15185546875,14252600,0.0,0.0
2019-04-11 00:00:00+09:00,5372.602345537757,5446.132487128147,5348.092298340961,5355.4453125,14050000,0.0,0.0
2019-04-12 00:00:00+09:00,5362.798632386983,5632.409166921977,5333.386574074074,5625.05615234375,26668600,0.0,0.0
2019-04-15 00:00:00+09:00,5681.428758423625,5924.078217907637,5669.173735217362,5796.6259765625,30836400,0.0,0.0
2019-04-16 00:00:00+09:00,5764.763527531316,5926.529851007959,5764.763527531316,5870.15673828125,24100200,0.0,0.0
2019-04-17 00:00:00+09:00,5725.547617154368,5796.626761374178,5666.723497800042,5779.4697265625,22563600,0.0,0.0
2019-04-18 00:00:00+09:00,5767.213988252465,5808.881067640605,5607.898684709579,5654.4677734375,15058800,0.0,0.0
2019-04-19 00:00:00+09:00,5735.351761280586,5735.351761280586,5627.507540128302,5659.37060546875,6353600,0.0,0.0
2019-04-22 00:00:00+09:00,5661.821548741282,5674.076573738557,5593.193408756539,5622.60546875,5745000,0.0,0.0
2019-04-23 00:00:00+09:00,5664.272746139586,5715.743852876467,5602.997619071871,5639.7626953125,7488200,0.0,0.0
2019-04-24 00:00:00+09:00,5666.72329883658,5710.841386803301,5622.60521086986,5661.8212890625,7064200,0.0,0.0
2019-04-25 00:00:00+09:00,5686.331530535175,5786.822734307564,5661.821480834592,5678.978515625,8749600,0.0,0.0
2019-04-26 00:00:00+09:00,5644.664421263116,5671.625475815394,5573.585277443477,5664.2724609375,8860600,0.0,0.0
2019-05-07 00:00:00+09:00,5818.685695936001,5894.666848663051,5578.487213121457,5620.154296875,23909600,0.0,0.0
2019-05-08 00:00:00+09:00,5514.761248773975,5625.056473749455,5470.643158783784,5622.60546875,11294800,0.0,0.0
2019-05-09 00:00:00+09:00,5656.91927928842,5754.959474770022,5588.291142451299,5661.8212890625,13067200,0.0,0.0
2019-05-10 00:00:00+09:00,5735.351044050343,5742.704058209382,5303.974213386728,5355.4453125,25904200,0.0,0.0
2019-05-13 00:00:00+09:00,5147.110733133278,5326.0341062374355,5093.188620690929,5181.4248046875,19070400,0.0,0.0
2019-05-14 00:00:00+09:00,4853.480187212747,5019.658329164582,4848.0879761169645,4899.55908203125,27713000,0.0,0.0
2019-05-15 00:00:00+09:00,4951.030124325921,5088.286405000303,4870.637159930926,5056.42333984375,17159400,0.0,0.0
2019-05-16 00:00:00+09:00,5017.207059601814,5039.266103830645,4904.460833543347,4938.77490234375,11225800,0.0,0.0
2019-05-17 00:00:00+09:00,5049.0703125,5144.65950773665,4980.442172330097,5049.0703125,14162400,0.0,0.0
2019-05-20 00:00:00+09:00,5083.384252315795,5139.757366010714,5053.972192996706,5068.67822265625,7098800,0.0,0.0
2019-05-21 00:00:00+09:00,5247.6015625,5269.660606900981,5105.443276360345,5247.6015625,15496000,0.0,0.0
2019-05-22 00:00:00+09:00,5316.229492416633,5355.445569815741,5191.228245706974,5223.09130859375,12649200,0.0,0.0
2019-05-23 00:00:00+09:00,5076.031190477112,5088.286215079906,4916.715870640795,4946.1279296875,15579600,0.0,0.0
2019-05-24 00:00:00+09:00,4877.990001783329,5051.521150475049,4872.107589963271,5046.619140625,11772800,0.0,0.0
2019-05-27 00:00:00+09:00,5049.070445943323,5159.365674131405,5036.815420589091,5129.95361328125,8008600,0.0,0.0
2019-05-28 00:00:00+09:00,5125.051166307898,5164.267244098872,5105.443127412411,5159.365234375,5932800,0.0,0.0
2019-05-29 00:00:00+09:00,5139.756849190848,5181.4239290364585,5100.540774042039,5147.10986328125,7408400,0.0,0.0
2019-05-30 00:00:00+09:00,5110.345163966398,5144.659232213655,5034.3640128474735,5080.93310546875,7111800,0.0,0.0
2019-05-31 00:00:00+09:00,5029.462068407012,5110.345230325838,4990.2459899009145,5024.56005859375,10319200,0.0,0.0
2019-06-03 00:00:00+09:00,4874.068037613302,4933.872553412239,4697.595695911523,4711.8115234375,24181800,0.0,0.0
2019-06-04 00:00:00+09:00,4656.909268962411,4690.242935308669,4552.986662118197,4557.888671875,24812000,0.0,0.0
2019-06-05 00:00:00+09:00,4681.418938481966,4727.497826462835,4617.692816806295,4695.634765625,16995400,0.0,0.0
2019-06-06 00:00:00+09:00,4738.772806420449,4867.695662331133,4720.6353704178055,4844.166015625,18084800,0.0,0.0
2019-06-07 00:00:00+09:00,4881.911376507613,4914.26463997277,4761.321939955663,4835.34228515625,16341800,0.0,0.0
2019-06-10 00:00:00+09:00,4909.363387324892,4997.599574016703,4891.716149986531,4975.54052734375,12830400,0.0,0.0
2019-06-11 00:00:00+09:00,5000.049971674424,5044.168059659787,4955.931883689062,5002.5009765625,8179200,0.0,0.0
2019-06-12 00:00:00+09:00,4911.813914839044,4943.676979156862,4831.420952560241,4882.40185546875,14333000,0.0,0.0
2019-06-13 00:00:00+09:00,4866.225567159333,4931.42230337694,4854.950943602904,4894.6572265625,9696600,0.0,0.0
2019-06-14 00:00:00+09:00,4877.499397274019,4919.1664775522395,4876.02879444067,4904.46044921875,8787400,0.0,0.0
2019-06-17 00:00:00+09:00,4955.932355556918,5036.815524564524,4941.2263248282625,4995.1484375,9887200,0.0,0.0
2019-06-18 00:00:00+09:00,5009.853952714275,5017.206967321977,4814.263764149403,4829.9501953125,12213400,0.0,0.0
2019-06-19 00:00:00+09:00,4995.147999714177,5029.462068407012,4941.225891768293,5024.56005859375,12869800,0.0,0.0
2019-06-20 00:00:00+09:00,5071.1292111065295,5164.267398647394,5014.756097594954,5154.46337890625,12912000,0.0,0.0
2019-06-21 00:00:00+09:00,5196.130402057927,5215.738441310976,5022.109053687119,5024.56005859375,12748000,0.0,0.0
2019-06-24 00:00:00+09:00,4980.44185544032,5083.384059145288,4977.990850590202,5051.52099609375,6315400,0.0,0.0
2019-06-25 00:00:00+09:00,5059.854254319168,5063.775861956695,4952.990446196558,4999.0693359375,7889600,0.0,2.0
2019-06-26 00:00:00+09:00,4951.030203502648,4978.481460076524,4908.872916621339,4928.48095703125,6838800,0.0,0.0
2019-06-27 00:00:00+09:00,4988.284897135167,5112.795939182369,4973.578868546914,5099.0703125,10229700,0.0,0.0
2019-06-28 00:00:00+09:00,5051.031141093901,5082.404005324298,5033.383904964303,5063.7763671875,8177700,0.0,0.0
2019-07-01 00:00:00+09:00,5174.56202806641,5177.503234221052,5076.5218229116845,5124.5615234375,8181600,0.0,0.0
2019-07-02 00:00:00+09:00,5137.306285917827,5163.777138917785,5103.972619177139,5139.26708984375,6786800,0.0,0.0
2019-07-03 00:00:00+09:00,5170.640164474877,5171.620566478,5034.36428604067,5070.63916015625,7459600,0.0,0.0
2019-07-04 00:00:00+09:00,5116.718212525555,5248.092085006571,5088.286553555783,5245.15087890625,11307200,0.0,0.0
2019-07-05 00:00:00+09:00,5211.8171551453515,5225.542783469662,5088.286500226556,5172.60107421875,9075600,0.0,0.0
2019-07-08 00:00:00+09:00,5163.77737547369,5163.77737547369,5069.658782717762,5085.34521484375,8736100,0.0,0.0
2019-07-09 00:00:00+09:00,5089.265986502411,5160.835321315487,5079.461968034866,5108.8740234375,6810800,0.0,0.0
2019-07-10 00:00:00+09:00,5101.0313119067505,5142.2081935327515,5072.599655545941,5080.44287109375,7529800,0.0,0.0
2019-07-11 00:00:00+09:00,5093.188131383711,5146.129836695496,5077.50170018022,5138.28662109375,6360000,0.0,0.0
2019-07-12 00:00:00+09:00,5168.67946296869,5189.267905442579,5124.561371953214,5151.0322265625,8091200,0.0,0.0
2019-07-16 00:00:00+09:00,5149.071121442159,5161.816346990284,5073.580170118655,5089.2666015625,6478000,0.0,0.0
2019-07-17 00:00:00+09:00,5088.286356290997,5088.286356290997,4883.3823392457525,4969.65771484375,13208800,0.0,0.0
2019-07-18 00:00:00+09:00,4894.166426622195,4923.578484474492,4838.283516702832,4850.04833984375,10709200,0.0,0.0
2019-07-19 00:00:00+09:00,4892.205960886859,5014.7562104080735,4892.205960886859,4991.2265625,9068200,0.0,0.0
2019-07-22 00:00:00+09:00,5017.697050702961,5136.32568359375,5010.83423722994,5136.32568359375,11022100,0.0,0.0
2019-07-23 00:00:00+09:00,5210.836647523653,5362.79895803469,5184.365793434633,5343.19091796875,15440800,0.0,0.0
2019-07-24 00:00:00+09:00,5470.643434945504,5521.624341507721,5354.955993131244,5397.11328125,17399500,0.0,0.0
2019-07-25 00:00:00+09:00,5587.311042300979,5621.6251125730505,5494.1728515625,5494.1728515625,14236200,0.0,0.0
2019-07-26 00:00:00+09:00,5490.250923984996,5554.957452731962,5449.074042055108,5553.97705078125,11165800,0.0,0.0
2019-07-29 00:00:00+09:00,5730.448964030639,5770.645440938297,5604.957523928685,5769.6650390625,21938100,0.0,0.0
2019-07-30 00:00:00+09:00,5630.447934948558,5714.76249570175,5554.956991018376,5568.6826171875,23918200,0.0,0.0
2019-07-31 00:00:00+09:00,5526.525765945662,5584.369480721393,5466.721247279229,5517.7021484375,13256700,0.0,0.0
2019-08-01 00:00:00+09:00,5480.447302677081,5601.036751376416,5460.839262238165,5581.4287109375,11150200,0.0,0.0
2019-08-02 00:00:00+09:00,5411.818345647865,5502.015318075329,5377.50428005046,5440.25,14706000,0.0,0.0
2019-08-05 00:00:00+09:00,5397.113103660031,5413.779937949263,5185.346267985087,5251.033203125,15102300,0.0,0.0
2019-08-06 00:00:00+09:00,4956.912445913462,5147.110431377704,4952.990837965745,5098.09033203125,22062200,0.0,0.0
2019-08-07 00:00:00+09:00,5179.463875563952,5184.365885667647,5042.207592660497,5086.32568359375,12007700,0.0,0.0
2019-08-08 00:00:00+09:00,5180.444139928422,5208.875797774358,4936.32404325125,4948.0888671875,21514100,0.0,0.0
2019-08-09 00:00:00+09:00,5053.972025788728,5054.952427733596,4906.911734058698,4915.7353515625,14456900,0.0,0.0
2019-08-13 00:00:00+09:00,4833.381449901047,4833.381449901047,4756.9101003894275,4799.0673828125,13162500,0.0,0.0
2019-08-14 00:00:00+09:00,4872.5972549229455,4911.813329409247,4831.420376712329,4866.71484375,11866600,0.0,0.0
2019-08-15 00:00:00+09:00,4729.458752461127,4856.910999107053,4719.6547334883635,4854.9501953125,17842200,0.0,0.0
2019-08-16 00:00:00+09:00,4841.225292390431,4844.166498521895,4785.3423758926065,4801.02880859375,9744900,0.0,0.0
2019-08-19 00:00:00+09:00,4828.479746623212,4895.147081195878,4816.714922875094,4882.40185546875,9001600,0.0,0.0
2019-08-20 00:00:00+09:00,4882.401914513495,4931.422014056803,4833.3818149701865,4840.24462890625,10865900,0.0,0.0
2019-08-21 00:00:00+09:00,4760.831435864522,4784.361080522832,4673.575670256627,4702.00732421875,16031800,0.0,0.0
2019-08-22 00:00:00+09:00,4698.086216576659,4722.596265703207,4618.673657406645,4652.00732421875,12127400,0.0,0.0
2019-08-23 00:00:00+09:00,4608.869173912219,4688.28172509003,4588.280734717971,4645.14404296875,10346700,0.0,0.0
2019-08-26 00:00:00+09:00,4460.828231330587,4502.0051073121,4443.180998767082,4448.0830078125,16389600,0.0,0.0
2019-08-27 00:00:00+09:00,4558.869428739307,4591.222695652941,4536.320182102532,4555.92822265625,10606300,0.0,0.0
2019-08-28 00:00:00+09:00,4563.771551073211,4596.124818782217,4519.653458742751,4564.751953125,8818900,0.0,0.0
2019-08-29 00:00:00+09:00,4607.889335554208,4622.595365348529,4565.732050143818,4596.12451171875,11242000,0.0,0.0
2019-08-30 00:00:00+09:00,4653.968034582945,4749.067023282028,4625.536378167755,4729.458984375,13601900,0.0,0.0
2019-09-02 00:00:00+09:00,4683.380791073142,4683.380791073142,4623.576263491928,4660.83154296875,8182500,0.0,0.0
2019-09-03 00:00:00+09:00,4640.2426968581385,4681.41958113197,4632.39948080598,4633.3798828125,6076700,0.0,0.0
2019-09-04 00:00:00+09:00,4609.850164414669,4636.32101818736,4560.83006483561,4610.83056640625,8793400,0.0,0.0
2019-09-05 00:00:00+09:00,4608.86908186832,4748.086144115778,4601.025867093815,4701.02685546875,13727500,0.0,0.0
2019-09-06 00:00:00+09:00,4619.653797296754,4647.105050761166,4511.809587257993,4576.51611328125,18820800,0.0,0.0
2019-09-09 00:00:00+09:00,4511.809908280338,4552.986791406756,4488.280260779528,4538.28076171875,10637700,0.0,0.0
2019-09-10 00:00:00+09:00,4593.183376091196,4734.361264278417,4578.477346071693,4618.673828125,14102100,0.0,0.0
2019-09-11 00:00:00+09:00,4606.909176868686,4652.007670619688,4575.536311650597,4585.34033203125,10471700,0.0,0.0
2019-09-12 00:00:00+09:00,4632.39931790641,4669.65459284407,4524.5551009816045,4595.14404296875,14899800,0.0,0.0
2019-09-13 00:00:00+09:00,4643.183507339259,4754.949326561531,4598.08501888115,4742.2041015625,21458900,0.0,0.0
2019-09-17 00:00:00+09:00,4607.8889800439765,4647.105056469883,4505.92718133662,4598.0849609375,17723100,0.0,0.0
2019-09-18 00:00:00+09:00,4542.202319266926,4553.9671428868705,4467.691769673944,4508.86865234375,15822300,0.0,0.0
2019-09-19 00:00:00+09:00,4492.201976438949,4598.085392732141,4492.201976438949,4525.53564453125,13167700,0.0,0.0
2019-09-20 00:00:00+09:00,4544.162838945752,4614.751776249764,4533.37841796875,4533.37841796875,16525300,0.0,0.0
2019-09-24 00:00:00+09:00,4502.00580430892,4516.711833721951,4446.122892539406,4451.02490234375,15594500,0.0,0.0
2019-09-25 00:00:00+09:00,4355.9262908853,4366.710713392556,4314.749404948504,4349.0634765625,15887900,0.0,0.0
2019-09-26 00:00:00+09:00,4323.572384809165,4415.730163532988,4320.631179105213,4353.96484375,14852300,0.0,0.0
2019-09-27 00:00:00+09:00,4310.612816519292,4333.274323897565,4242.6282943844735,4289.921875,16107200,22.0,0.0
2019-09-30 00:00:00+09:00,4151.982253279776,4204.202248396963,4135.232443525207,4177.599609375,19144400,0.0,0.0
2019-10-01 00:00:00+09:00,4217.011189165701,4323.421751882966,4216.025906177578,4251.49609375,13071100,0.0,0.0
2019-10-02 00:00:00+09:00,4148.041306268601,4179.570361328125,4083.9979131789432,4138.1884765625,17754400,0.0,0.0
2019-10-03 00:00:00+09:00,4014.042851040401,4064.292282901731,4011.0870021073815,4054.439453125,15227800,0.0,0.0
2019-10-04 00:00:00+09:00,4148.040937997763,4148.040937997763,4054.439064099951,4059.365478515625,14382800,0.0,0.0
2019-10-07 00:00:00+09:00,4082.027570858924,4123.4094578915265,4057.395495244279,4095.821533203125,9352700,0.0,0.0
2019-10-08 00:00:00+09:00,4100.7475955265,4160.849854855457,4081.041936730121,4129.32080078125,11561500,0.0,0.0
2019-10-09 00:00:00+09:00,4041.630311908144,4105.673698128044,4030.792200394007,4096.80615234375,9446200,0.0,0.0
2019-10-10 00:00:00+09:00,4064.29205919507,4177.599595390811,4064.29205919507,4128.33544921875,10685300,0.0,0.0
2019-10-11 00:00:00+09:00,4165.776061483021,4165.776061483021,4088.923996015738,4094.835693359375,11844000,0.0,0.0
2019-10-15 00:00:00+09:00,4138.1885476602865,4245.584393301946,4117.497604921985,4195.3349609375,15015800,0.0,0.0
2019-10-16 00:00:00+09:00,4290.907348920036,4295.833763786764,4170.702826171875,4187.45263671875,14118800,0.0,0.0
2019-10-17 00:00:00+09:00,4187.452308734721,4263.3190917400325,4152.96740736867,4231.7900390625,12434200,0.0,0.0
2019-10-18 00:00:00+09:00,4261.348802274148,4265.289934114401,4206.172956510598,4235.7314453125,8696700,0.0,0.0
2019-10-21 00:00:00+09:00,4200.261190706433,4244.598923191019,4125.379686954689,4234.74609375,11728700,0.0,0.0
2019-10-23 00:00:00+09:00,4165.776200309517,4170.702614926723,4085.9682835107774,4128.33544921875,17295000,0.0,0.0
2019-10-24 00:00:00+09:00,4095.8209677837626,4108.629645335167,3997.292678926804,4007.1455078125,19881200,0.0,0.0
2019-10-25 00:00:00+09:00,3941.1317817245454,3982.5136654326534,3899.749898016438,3957.881591796875,21934600,0.0,0.0
2019-10-28 00:00:00+09:00,3991.38098865467,4013.0572122415383,3937.1904296875,3937.1904296875,11629500,0.0,0.0
2019-10-29 00:00:00+09:00,3928.322943800019,4059.3655702172255,3904.6761540705984,4039.659912109375,19248900,0.0,0.0
2019-10-30 00:00:00+09:00,4088.9240891862623,4093.850503751547,3962.807876314975,3980.54296875,18568000,0.0,0.0
2019-10-31 00:00:00+09:00,4036.704137338716,4130.306015065633,4019.954327640215,4128.33544921875,19067000,0.0,0.0
2019-11-01 00:00:00+09:00,4064.2917138019593,4144.099623818434,4050.4977540460254,4130.3056640625,12020600,0.0,0.0
2019-11-05 00:00:00+09:00,4189.4228065323705,4268.245436946902,4161.834885887284,4230.8046875,18826200,0.0,0.0
2019-11-06 00:00:00+09:00,4299.774951827134,4299.774951827134,4197.305521261134,4258.39306640625,13668400,0.0,0.0
2019-11-07 00:00:00+09:00,4144.100005453591,4254.451693663482,4080.056614974636,4163.8056640625,34642200,0.0,0.0
2019-11-08 00:00:00+09:00,4260.363676011452,4341.156881708247,4234.746318107591,4280.0693359375,28948300,0.0,0.0
2019-11-11 00:00:00+09:00,4335.244594840116,4348.053272052144,4229.819328556505,4236.71630859375,15478000,0.0,0.0
2019-11-12 00:00:00+09:00,4204.202140783114,4213.069686896789,4130.305923169162,4211.09912109375,16635300,0.0,0.0
2019-11-13 00:00:00+09:00,4181.540353927987,4240.65732405892,4165.775828559738,4214.0546875,11929300,0.0,0.0
2019-11-14 00:00:00+09:00,4308.642680585509,4308.642680585509,4191.394000276871,4225.87890625,15613400,0.0,0.0
2019-11-15 00:00:00+09:00,4191.393965944102,4243.61396598995,4178.585286687574,4197.3056640625,12107000,0.0,0.0
2019-11-18 00:00:00+09:00,4150.996804520605,4294.848106077692,4150.996804520605,4266.27490234375,14041700,0.0,0.0
2019-11-19 00:00:00+09:00,4271.201238739357,4272.186521608732,4180.555214756883,4209.12841796875,14605100,0.0,0.0
2019-11-20 00:00:00+09:00,4199.275926808723,4253.466488980117,4157.89404296875,4157.89404296875,13221600,0.0,0.0
2019-11-21 00:00:00+09:00,4103.703208732238,4129.320563696712,4044.5862357372953,4090.89453125,14552400,0.0,0.0
2019-11-22 00:00:00+09:00,4041.630522726589,4148.041077688674,4040.645239810273,4092.865234375,11081300,0.0,0.0
2019-11-25 00:00:00+09:00,4126.364957130561,4199.275894768494,4113.55627889687,4185.48193359375,12627500,0.0,0.0
2019-11-26 00:00:00+09:00,4187.452400984772,4226.863717699923,4128.335425912046,4149.0263671875,24907100,0.0,0.0
2019-11-27 00:00:00+09:00,4160.849996438419,4192.379051585478,4132.276790211397,4187.45263671875,11904500,0.0,0.0
2019-11-28 00:00:00+09:00,4187.452407450796,4220.952026710403,4178.584861176195,4205.1875,9661100,0.0,0.0
2019-11-29 00:00:00+09:00,4232.775368122501,4243.6134800986065,4184.496505683488,4190.408203125,9274000,0.0,0.0
2019-12-02 00:00:00+09:00,4200.2608403970435,4209.128386154391,4173.658203125,4173.658203125,8547200,0.0,0.0
2019-12-03 00:00:00+09:00,4109.61521827397,4126.365028561828,4060.3510703685033,4123.4091796875,14192700,0.0,0.0
2019-12-04 00:00:00+09:00,4074.145083472842,4147.0560232979915,4074.145083472842,4138.1884765625,11366300,0.0,0.0
2019-12-05 00:00:00+09:00,4154.938298598346,4217.011125919118,4149.026600758272,4187.45263671875,10949800,0.0,0.0
2019-12-06 00:00:00+09:00,4197.304969663936,4212.084212514866,4170.702332532263,4194.34912109375,10043400,0.0,0.0
2019-12-09 00:00:00+09:00,4235.731086922223,4266.274856099843,4213.069580758182,4244.5986328125,11935000,0.0,0.0
2019-12-10 00:00:00+09:00,4244.598716712748,4253.466262778304,4185.481742942375,4231.7900390625,11371900,0.0,0.0
2019-12-11 00:00:00+09:00,4241.643434694859,4257.407963139718,4213.070226888552,4225.87890625,8582900,0.0,0.0
2019-12-12 00:00:00+09:00,4234.74612236639,4288.93668465819,4202.2317849913115,4270.21630859375,12387600,0.0,0.0
2019-12-13 00:00:00+09:00,4364.8027757698555,4366.77334135711,4300.759394184067,4323.4208984375,18401500,0.0,0.0
2019-12-16 00:00:00+09:00,4335.245052317101,4419.9793874305715,4331.303920451358,4390.4208984375,12199500,0.0,0.0
2019-12-17 00:00:00+09:00,4414.067473474801,4468.258033975049,4397.317663865633,4457.419921875,15019100,0.0,0.0
2019-12-18 00:00:00+09:00,4488.949298028137,4581.565898997111,4483.037600093947,4539.19873046875,19255900,0.0,0.0
2019-12-19 00:00:00+09:00,4587.477829975548,4635.756698890668,4581.566131741043,4633.7861328125,18410600,0.0,0.0
2019-12-20 00:00:00+09:00,4596.344855997773,4653.4912657829545,4586.492026724466,4605.21240234375,16110400,0.0,0.0
2019-12-23 00:00:00+09:00,4626.888849888752,4652.506207234814,4569.742437347536,4594.37451171875,8612700,0.0,0.0
2019-12-24 00:00:00+09:00,4540.183173076923,4634.770322516026,4535.2567590436365,4611.12353515625,11253100,0.0,0.0
2019-12-25 00:00:00+09:00,4602.256516058093,4608.168213573903,4556.933501770217,4576.63916015625,6840900,0.0,0.0
2019-12-26 00:00:00+09:00,4573.683249948482,4645.608902091144,4562.845137981779,4631.81494140625,8905400,0.0,0.0
2019-12-27 00:00:00+09:00,4654.476787703093,4720.49074722386,4653.491504725171,4699.7998046875,11769500,0.0,0.0
2019-12-30 00:00:00+09:00,4689.946502608547,4712.60800881863,4643.638207309681,4686.00537109375,10309300,0.0,0.0
2020-01-06 00:00:00+09:00,4617.035918007223,4632.8004452560735,4492.890265922521,4501.7578125,17288900,0.0,0.0
2020-01-07 00:00:00+09:00,4566.78639944391,4597.330170400277,4542.154326092002,4577.62451171875,15551200,0.0,0.0
2020-01-08 00:00:00+09:00,4532.302058047403,4555.948851393738,4454.46469661572,4515.55224609375,18647700,0.0,0.0
2020-01-09 00:00:00+09:00,4670.2412152126335,4758.9166813242655,4630.829896940797,4726.40234375,18788900,0.0,0.0
2020-01-10 00:00:00+09:00,4778.622525360996,4847.592335005382,4742.167054548963,4806.21044921875,16713200,0.0,0.0
2020-01-14 00:00:00+09:00,4925.4292144019855,4988.487319967444,4887.988464222494,4974.693359375,22720900,0.0,0.0
2020-01-15 00:00:00+09:00,4926.415064364079,4955.973554750263,4896.856573977895,4905.72412109375,10487400,0.0,0.0
2020-01-16 00:00:00+09:00,4919.517071603358,4921.487637223869,4785.518609408675,4800.2978515625,15234400,0.0,0.0
2020-01-17 00:00:00+09:00,4827.886391428498,4859.415445413338,4794.386771569607,4809.166015625,11768300,0.0,0.0
2020-01-20 00:00:00+09:00,4818.033999667656,4823.945697826757,4785.519659792598,4794.38720703125,6761100,0.0,0.0
2020-01-21 00:00:00+09:00,4818.033638822115,4882.0770307491985,4793.401565004006,4803.25439453125,10434800,0.0,0.0
2020-01-22 00:00:00+09:00,4778.621964138321,4813.106864910454,4768.769135346284,4812.12158203125,7155400,0.0,0.0
2020-01-23 00:00:00+09:00,4778.62187659723,4778.62187659723,4695.858116260288,4698.81396484375,9144600,0.0,0.0
2020-01-24 00:00:00+09:00,4680.093795635675,4722.460960522481,4680.093795635675,4701.77001953125,6306000,0.0,0.0
2020-01-27 00:00:00+09:00,4510.624793801229,4587.476854508197,4502.7425311646175,4507.6689453125,10540500,0.0,0.0
2020-01-28 00:00:00+09:00,4459.390072558019,4537.227415848361,4457.419506905099,4521.462890625,9830400,0.0,0.0
2020-01-29 00:00:00+09:00,4582.550667609095,4672.211409546835,4575.653687460039,4622.947265625,12474600,0.0,0.0
2020-01-30 00:00:00+09:00,4603.241550340735,4606.197398938984,4470.228363419502,4482.0517578125,9994600,0.0,0.0
2020-01-31 00:00:00+09:00,4532.301423657162,4574.668589139174,4453.4787902022545,4457.419921875,11165700,0.0,0.0
2020-02-03 00:00:00+09:00,4335.244795715793,4471.21383703597,4333.274229899558,4435.74365234375,12061400,0.0,0.0
2020-02-04 00:00:00+09:00,4433.773139580336,4467.272758857164,4376.626730225745,4450.52294921875,9552100,0.0,0.0
2020-02-05 00:00:00+09:00,4532.301154208542,4574.668317171796,4504.713234139447,4509.6396484375,8749000,0.0,0.0
2020-02-06 00:00:00+09:00,4581.565347876891,4688.961180762607,4572.69780204229,4657.43212890625,11536900,0.0,0.0
2020-02-07 00:00:00+09:00,5031.839821380085,5040.707367570103,4880.106253239781,4989.47265625,33639900,0.0,0.0
2020-02-10 00:00:00+09:00,5024.94317318215,5110.662792018787,4955.9733649227865,5064.3544921875,24210900,0.0,0.0
2020-02-12 00:00:00+09:00,5694.935019792753,5784.59576145385,5558.965982988013,5666.36181640625,57563500,0.0,0.0
2020-02-13 00:00:00+09:00,5626.949879781542,5751.0955083671615,5364.864663878567,5377.67333984375,46678600,0.0,0.0
2020-02-14 00:00:00+09:00,5512.657728916021,5566.848287466581,5374.718125332778,5435.8056640625,28571200,0.0,0.0
2020-02-17 00:00:00+09:00,5369.7918238450475,5497.878601294562,5358.953711907012,5458.46728515625,15564100,0.0,0.0
2020-02-18 00:00:00+09:00,5374.71869013481,5414.130009585844,5169.779828989431,5191.4560546875,18882200,0.0,0.0
2020-02-19 00:00:00+09:00,5269.293174611054,5294.91053110692,5232.837705751554,5272.2490234375,15760000,0.0,0.0
2020-02-20 00:00:00+09:00,5409.203495956032,5492.952548261363,5405.262364082841,5449.60009765625,20071100,0.0,0.0
2020-02-21 00:00:00+09:00,5512.6580551923325,5626.950876354497,5488.025981666005,5580.642578125,20695300,0.0,0.0
2020-02-25 00:00:00+09:00,5263.381151270604,5462.408293269231,5256.4841711023355,5379.64453125,20408300,0.0,0.0
2020-02-26 00:00:00+09:00,5310.675055365593,5335.30712890625,5243.6758153350065,5335.30712890625,16281700,0.0,0.0
2020-02-27 00:00:00+09:00,5301.807140649606,5314.61581800111,5075.192079815298,5161.89697265625,20185700,0.0,0.0
2020-02-28 00:00:00+09:00,4946.120124784934,5027.898604935761,4896.855980115762,4939.22314453125,24729900,0.0,0.0
2020-03-02 00:00:00+09:00,4897.841511543519,5095.883383162962,4860.400759695068,4963.85546875,22682600,0.0,0.0
2020-03-03 00:00:00+09:00,5098.838748572008,5116.573839871388,5013.119140625,5013.119140625,19391000,0.0,0.0
2020-03-04 00:00:00+09:00,4914.591702884759,4994.399627490546,4883.062646250374,4934.29736328125,15184000,0.0,0.0
2020-03-05 00:00:00+09:00,5024.94281010654,5044.648468185389,4959.914138446337,5017.060546875,14482000,0.0,0.0
2020-03-06 00:00:00+09:00,4916.561971190283,4951.046874795826,4699.799719955441,4712.6083984375,21564400,0.0,0.0
2020-03-09 00:00:00+09:00,4298.789501314849,4414.067606209151,4169.717435151144,4220.9521484375,33107500,0.0,0.0
2020-03-10 00:00:00+09:00,4236.716012598279,4399.287673546818,4059.365109745328,4323.4208984375,33668200,0.0,0.0
2020-03-11 00:00:00+09:00,4254.451903892765,4313.568882640695,4152.967757042149,4166.76171875,25563800,0.0,0.0
2020-03-12 00:00:00+09:00,4039.6601025439895,4068.2333081473494,3764.7661589806303,3905.66162109375,36443900,0.0,0.0
2020-03-13 00:00:00+09:00,3698.7519075918653,3936.2050801357227,3530.268536201826,3708.604736328125,60864800,0.0,0.0
2020-03-16 00:00:00+09:00,3837.676936095027,3862.3090088555855,3547.0184775204357,3615.98828125,48466100,0.0,0.0
2020-03-17 00:00:00+09:00,3424.843491584889,3669.193660144455,3397.2555693281633,3589.3857421875,56229400,0.0,0.0
2020-03-18 00:00:00+09:00,3470.1666149202865,3524.3571781856517,3174.5817243819315,3198.228515625,60106200,0.0,0.0
2020-03-19 00:00:00+09:00,3182.463677835411,3197.242920921334,2571.095655514398,2647.455078125,70879800,0.0,0.0
2020-03-23 00:00:00+09:00,2620.852782360468,3140.096923828125,2612.9705183533692,3140.096923828125,49073400,0.0,0.0
2020-03-24 00:00:00+09:00,3793.339211341417,3799.2509088136376,3529.283390915573,3735.20751953125,75331900,0.0,0.0
2020-03-25 00:00:00+09:00,3804.1770005479993,4179.569758177833,3765.7509702394336,4108.62939453125,65578100,0.0,0.0
2020-03-26 00:00:00+09:00,3773.633638364793,3960.837395881584,3653.429120380327,3722.39892578125,50468400,0.0,0.0
2020-03-27 00:00:00+09:00,3860.338447996728,3900.735047375969,3700.722616303142,3829.794677734375,36696500,0.0,0.0
2020-03-30 00:00:00+09:00,3517.663881625711,3659.361328125,3433.438126713546,3659.361328125,36173400,22.0,0.0
2020-03-31 00:00:00+09:00,3703.9515307385163,3819.885808185388,3598.9170571541713,3753.49609375,31377600,0.0,0.0
2020-04-01 00:00:00+09:00,3753.4961033163268,3851.594338329082,3587.0263711734697,3641.525390625,45510900,0.0,0.0
2020-04-02 00:00:00+09:00,3595.9443391771583,3805.022392515924,3563.2449279914745,3733.67822265625,45236000,0.0,0.0
2020-04-03 00:00:00+09:00,3762.4140340430945,3841.685333153826,3668.2793663491007,3698.006103515625,27963700,0.0,0.0
2020-04-06 00:00:00+09:00,3686.115384652795,4013.1094913558654,3642.516170425719,3979.419189453125,34559400,0.0,0.0
2020-04-07 00:00:00+09:00,4140.93445412545,4203.36060167508,4003.200573023886,4091.389892578125,33346200,0.0,0.0
2020-04-08 00:00:00+09:00,4133.006855638628,4143.906657943117,3951.6737809366696,4101.29833984375,31831600,0.0,0.0
2020-04-09 00:00:00+09:00,4111.20764793416,4242.996179429761,4101.2987357916345,4144.89794921875,30410000,0.0,0.0
2020-04-10 00:00:00+09:00,4179.579324641994,4330.194795800265,4138.952783079566,4307.404296875,27097400,0.0,0.0
2020-04-13 00:00:00+09:00,4270.741199311756,4320.285760788691,4161.7431640625,4161.7431640625,22743900,0.0,0.0
2020-04-14 00:00:00+09:00,4013.109500936793,4402.529756212882,3988.3372200668127,4379.7392578125,64398400,0.0,0.0
2020-04-15 00:00:00+09:00,4402.529774563488,4525.400288190738,4241.01450261799,4293.53173828125,66127100,0.0,0.0
2020-04-16 00:00:00+09:00,4231.105830276524,4423.338741534989,4218.224243439617,4389.6484375,47464200,0.0,0.0
2020-04-17 00:00:00+09:00,4528.373059249604,4776.095874307022,4500.628103963173,4691.8701171875,66289500,0.0,0.0
2020-04-20 00:00:00+09:00,4691.870121265005,4867.257874478079,4690.879230003914,4746.369140625,54842700,0.0,0.0
2020-04-21 00:00:00+09:00,4632.417154841607,4743.396988283802,4523.4191041394515,4551.1640625,37316800,0.0,0.0
2020-04-22 00:00:00+09:00,4518.463952193283,4532.336429239491,4260.832235620859,4337.130859375,36411500,0.0,0.0
2020-04-23 00:00:00+09:00,4426.311139858501,4448.110746994585,4314.340430477706,4408.47509765625,24865100,0.0,0.0
2020-04-24 00:00:00+09:00,4358.929872924666,4442.164723873898,4347.039179931919,4354.96630859375,20251800,0.0,0.0
2020-04-27 00:00:00+09:00,4389.647989837966,4565.0357311926655,4384.693533867494,4550.17236328125,19378300,0.0,0.0
2020-04-28 00:00:00+09:00,4540.26383329379,4589.808397166486,4480.810356646557,4568.0087890625,21355800,0.0,0.0
2020-04-30 00:00:00+09:00,4704.751313606195,4731.505375414823,4590.798828125,4590.798828125,25629800,0.0,0.0
2020-05-01 00:00:00+09:00,4525.400314437018,4618.544091436598,4483.782882160611,4566.02685546875,21139600,0.0,0.0
2020-05-07 00:00:00+09:00,4476.846651009802,4497.655367183155,4386.675547591943,4454.05615234375,15944000,0.0,0.0
2020-05-08 00:00:00+09:00,4547.200058074925,4625.48046875,4488.737472887211,4625.48046875,17377800,0.0,0.0
2020-05-11 00:00:00+09:00,4657.189052911553,4701.779160864961,4633.407662003068,4642.32568359375,11934200,0.0,0.0
2020-05-12 00:00:00+09:00,4637.370954241072,4705.742449079241,4605.662434895833,4661.15234375,12076700,0.0,0.0
2020-05-13 00:00:00+09:00,4603.68076262045,4623.498587685541,4499.637181028726,4614.58056640625,18234300,0.0,0.0
2020-05-14 00:00:00+09:00,4519.454933041874,4592.780884597475,4479.81928355236,4488.7373046875,17091200,0.0,0.0
2020-05-15 00:00:00+09:00,4558.0995974188345,4572.962965671288,4460.001366952647,4532.33642578125,16681100,0.0,0.0
2020-05-18 00:00:00+09:00,4571.972452315178,4670.070690888911,4530.355017768746,4578.90869140625,25380600,0.0,0.0
2020-05-19 00:00:00+09:00,4654.216360312013,4740.423902008233,4384.693931100843,4453.0654296875,41866700,0.0,0.0
2020-05-20 00:00:00+09:00,4404.511498222007,4547.199834722337,4344.067133454505,4497.6552734375,27771800,0.0,0.0
2020-05-21 00:00:00+09:00,4520.446452113561,4542.246062360491,4415.411966378349,4439.193359375,18193400,0.0,0.0
2020-05-22 00:00:00+09:00,4463.965222122924,4621.516935844909,4456.0380918727615,4565.0361328125,28275800,0.0,0.0
2020-05-25 00:00:00+09:00,4619.535153282369,4687.906651690023,4535.30939437439,4565.0361328125,19463100,0.0,0.0
2020-05-26 00:00:00+09:00,4607.644279233871,4776.09579051769,4601.698931776795,4761.232421875,25658500,0.0,0.0
2020-05-27 00:00:00+09:00,4719.615242110762,4792.941198003307,4677.997807685262,4690.87939453125,24286400,0.0,0.0
2020-05-28 00:00:00+09:00,4756.277676351771,4830.594515044768,4727.541832057146,4783.03173828125,28688000,0.0,0.0
2020-05-29 00:00:00+09:00,4776.095633601511,4843.476235901283,4759.250483026568,4787.986328125,21512900,0.0,0.0
2020-06-01 00:00:00+09:00,4856.358199836059,4991.119414930469,4843.476613099093,4972.29248046875,27294300,0.0,0.0
2020-06-02 00:00:00+09:00,4983.1919651601675,5172.452188931413,4982.201073936234,5137.77099609375,27313200,0.0,0.0
2020-06-03 00:00:00+09:00,5249.741752137339,5266.586903097387,4964.365077049465,5074.35400390625,33204300,0.0,0.0
2020-06-04 00:00:00+09:00,5173.443302951389,5219.024301215278,5034.71852562651,5127.8623046875,28472400,0.0,0.0
2020-06-05 00:00:00+09:00,5103.089763305196,5189.297299112488,5085.253721414032,5172.4521484375,21335800,0.0,0.0
2020-06-08 00:00:00+09:00,5240.823689931502,5299.286272216614,5200.197149699474,5275.5048828125,22764100,0.0,0.0
2020-06-09 00:00:00+09:00,5275.5050100317285,5373.603243689343,5271.541445035461,5309.1953125,25035500,0.0,0.0
2020-06-10 00:00:00+09:00,5275.505027427637,5333.967611315359,5258.659876137955,5306.22265625,18864100,0.0,0.0
2020-06-11 00:00:00+09:00,5241.8145746067385,5329.013002312861,5115.971389167219,5137.77099609375,24753200,0.0,0.0
2020-06-12 00:00:00+09:00,5038.682047927246,5089.217502095247,4919.775096943712,5024.8095703125,34513100,0.0,0.0
2020-06-15 00:00:00+09:00,5024.809731480154,5109.035491128313,4851.403755733945,4860.32177734375,24198000,0.0,0.0
2020-06-16 00:00:00+09:00,4988.146112886131,5027.781759392974,4870.230064528275,4996.0732421875,26553200,0.0,0.0
2020-06-17 00:00:00+09:00,5013.90960480111,5305.231625317221,5001.028018859921,5246.76904296875,33935400,0.0,0.0
2020-06-18 00:00:00+09:00,5281.450173794413,5399.366228331287,5239.832742781399,5396.3935546875,32340500,0.0,0.0
2020-06-19 00:00:00+09:00,5449.901791617272,5525.209525465074,5420.175054572086,5433.056640625,28569800,0.0,0.0
2020-06-22 00:00:00+09:00,5411.257027547142,5533.1366492992565,5379.548508066917,5461.79248046875,21944800,0.0,0.0
2020-06-23 00:00:00+09:00,5548.990997930689,5627.271406651497,5383.512159242399,5446.92919921875,41890600,0.0,0.0
2020-06-24 00:00:00+09:00,5484.5830031975365,5494.491915579104,5287.395646804346,5346.84912109375,21338800,0.0,0.0
2020-06-25 00:00:00+09:00,5271.541859433193,5390.4488186685285,5268.56918545231,5321.08642578125,17122200,0.0,0.0
2020-06-26 00:00:00+09:00,5433.056029766006,5528.181577615274,5385.493255841372,5482.6005859375,20858500,0.0,0.0
2020-06-29 00:00:00+09:00,5439.0022673312615,5459.810984331436,5312.168182758771,5330.9951171875,17002700,0.0,0.0
2020-06-30 00:00:00+09:00,5422.15653956422,5437.0199072713585,5381.530001164708,5400.35693359375,13309900,0.0,0.0
2020-07-01 00:00:00+09:00,5410.266393442623,5548.9911727616645,5409.275502161772,5500.4375,30304700,0.0,0.0
2020-07-02 00:00:00+09:00,5577.726393986595,5646.097884692773,5543.045203048679,5578.71728515625,23721300,0.0,0.0
2020-07-03 00:00:00+09:00,5645.1074378468165,5725.36962890625,5623.307830398576,5725.36962890625,23892400,0.0,0.0
2020-07-06 00:00:00+09:00,5785.814313686792,5872.021856980293,5752.124009411172,5864.0947265625,23873200,0.0,0.0
2020-07-07 00:00:00+09:00,5945.347365963247,6157.398088682603,5937.420236141963,6133.61669921875,36006400,0.0,0.0
2020-07-08 00:00:00+09:00,6079.1176991447655,6096.953741293845,5941.383818104648,5964.17431640625,28817500,0.0,0.0
2020-07-09 00:00:00+09:00,6134.607173038617,6321.885602323757,6127.670934916945,6233.6962890625,33662000,0.0,0.0
2020-07-10 00:00:00+09:00,6321.8862397404055,6418.993583234851,6209.91552734375,6209.91552734375,30112500,0.0,0.0
2020-07-13 00:00:00+09:00,6386.293928493259,6472.50146484375,6315.9406517014795,6472.50146484375,27271800,0.0,0.0
2020-07-14 00:00:00+09:00,6355.576166873206,6411.066074161154,6315.940518810386,6384.31201171875,28066300,0.0,0.0
2020-07-15 00:00:00+09:00,6472.50150550254,6517.091610791519,6423.947835298984,6437.8203125,23916900,0.0,0.0
2020-07-16 00:00:00+09:00,6420.975385073403,6501.237577386821,6331.795171391828,6344.6767578125,23481400,0.0,0.0
2020-07-17 00:00:00+09:00,6359.539568059479,6459.6195768432135,6336.749071009718,6356.56689453125,22565000,0.0,0.0
2020-07-20 00:00:00+09:00,6420.97499925263,6445.747279342339,6123.70763817612,6214.86962890625,25969200,0.0,0.0
2020-07-21 00:00:00+09:00,6313.959097984994,6428.902483949567,6300.08662036858,6405.12109375,23967000,0.0,0.0
2020-07-22 00:00:00+09:00,6376.384923797438,6447.72909077699,6349.630861180106,6432.86572265625,20289000,0.0,0.0
2020-07-27 00:00:00+09:00,6371.4307497126965,6531.955132520388,6363.503619697502,6439.80224609375,21580600,0.0,0.0
2020-07-28 00:00:00+09:00,6505.2008702354915,6586.453950412081,6492.319284353837,6584.47216796875,20213000,0.0,0.0
2020-07-29 00:00:00+09:00,6638.970966285336,6686.53374335723,6592.399080402438,6677.61572265625,19506200,0.0,0.0
2020-07-30 00:00:00+09:00,6845.076392443914,6885.7029315420905,6753.914402272398,6835.16748046875,21443800,0.0,0.0
2020-07-31 00:00:00+09:00,6934.256904496778,6983.801466546626,6525.01882196503,6534.927734375,32522500,0.0,0.0
2020-08-03 00:00:00+09:00,6688.516184283486,6878.767311303105,6620.14468551081,6868.8583984375,21806200,0.0,0.0
2020-08-04 00:00:00+09:00,7007.582482560674,7012.536938501399,6654.825219581093,6818.322265625,23409900,0.0,0.0
2020-08-05 00:00:00+09:00,6619.153831478462,6662.753048332512,6496.283311253413,6532.9462890625,19566600,0.0,0.0
2020-08-06 00:00:00+09:00,6510.155564706064,6643.925884528792,6454.665654261081,6488.35595703125,17155100,0.0,0.0
2020-08-07 00:00:00+09:00,6440.792847147677,6539.881967873026,6384.312048334228,6461.6015625,15342100,0.0,0.0
2020-08-11 00:00:00+09:00,6492.319306000432,6505.200891925037,6229.733131383504,6303.05908203125,18400100,0.0,0.0
2020-08-12 00:00:00+09:00,6273.332516850119,6383.3214458298,6031.555051345234,6135.5986328125,27137300,0.0,0.0
2020-08-13 00:00:00+09:00,6278.287088393274,6389.266910662852,6246.578567744823,6364.49462890625,18655800,0.0,0.0
2020-08-14 00:00:00+09:00,6365.485270362393,6365.485270362393,6183.161283789124,6268.3779296875,16614900,0.0,0.0
2020-08-17 00:00:00+09:00,6169.288673252866,6197.033627131934,6079.117573145893,6180.1884765625,13131400,0.0,0.0
2020-08-18 00:00:00+09:00,6202.978897168631,6271.350389805154,6120.734927765277,6137.580078125,11173200,0.0,0.0
2020-08-19 00:00:00+09:00,6093.980832537469,6344.6763041849445,6075.153899884101,6338.73095703125,17108100,0.0,0.0
2020-08-20 00:00:00+09:00,6340.713345865834,6340.713345865834,6181.1798486499565,6208.9248046875,12530800,0.0,0.0
2020-08-21 00:00:00+09:00,6236.669474706423,6300.086514169596,6184.152238900982,6201.98828125,9760700,0.0,0.0
2020-08-24 00:00:00+09:00,6230.724395338172,6252.524003591581,6163.343788009451,6211.8974609375,8092100,0.0,0.0
2020-08-25 00:00:00+09:00,6320.895580499649,6427.911840523786,6255.496754929345,6363.50390625,15612200,0.0,0.0
2020-08-26 00:00:00+09:00,6440.793287897684,6598.345000632413,6430.884375147073,6579.51806640625,16441300,0.0,0.0
2020-08-27 00:00:00+09:00,6639.962235082706,6689.506797350148,6541.864001793168,6557.71826171875,12200400,0.0,0.0
2020-08-28 00:00:00+09:00,6539.8818690646,6549.790780987426,6262.432335225496,6338.73095703125,19036500,0.0,0.0
2020-08-31 00:00:00+09:00,6489.346719945912,6648.880209320059,6458.629091557101,6537.900390625,17905300,0.0,0.0
2020-09-01 00:00:00+09:00,6470.519431930942,6558.708747312543,6448.719825881558,6459.61962890625,11447000,0.0,0.0
2020-09-02 00:00:00+09:00,6579.517758271919,6608.2536039029255,6476.465070491756,6521.05517578125,11202000,0.0,0.0
2020-09-03 00:00:00+09:00,6604.289926468306,6610.235273738945,6482.410307420204,6484.39208984375,9652900,0.0,0.0
2020-09-04 00:00:00+09:00,6286.2135992263975,6385.30271649037,6226.760128868014,6276.3046875,14175600,0.0,0.0
2020-09-07 00:00:00+09:00,6120.735460659858,6123.708134511563,5771.941728726513,5827.431640625,30995200,0.0,0.0
2020-09-08 00:00:00+09:00,5789.777982984923,5856.167701427502,5571.781892576454,5791.759765625,34178800,0.0,0.0
2020-09-09 00:00:00+09:00,5494.4919075360285,5637.180245621725,5382.5211977882245,5625.28955078125,38629400,0.0,0.0
2020-09-10 00:00:00+09:00,5633.216457603718,5786.804593211207,5601.507939284752,5747.1689453125,25329600,0.0,0.0
2020-09-11 00:00:00+09:00,5672.85272070979,5826.440872973549,5614.39013371907,5806.623046875,19490700,0.0,0.0
2020-09-14 00:00:00+09:00,6341.704189506656,6434.847969790035,6245.587735384446,6326.8408203125,35465700,0.0,0.0
2020-09-15 00:00:00+09:00,6227.751406161596,6374.403308804701,6181.179518160069,6348.64013671875,20172700,0.0,0.0
2020-09-16 00:00:00+09:00,6350.6221346252005,6712.29744733205,6338.73143941292,6642.93505859375,31271000,0.0,0.0
2020-09-17 00:00:00+09:00,6629.062108164812,6727.160336671287,6556.72705078125,6556.72705078125,19306200,0.0,0.0
2020-09-18 00:00:00+09:00,6513.1282560787095,6538.891428854922,6431.875172707577,6485.38330078125,22004900,0.0,0.0
2020-09-23 00:00:00+09:00,6376.385114889706,6401.157395833333,6293.150250919118,6316.931640625,16134100,0.0,0.0
2020-09-24 00:00:00+09:00,6152.443911027728,6163.343715025361,6015.700915421056,6031.55517578125,18115700,0.0,0.0
2020-09-25 00:00:00+09:00,6084.072126206603,6152.443620784495,6021.64597898331,6107.853515625,12869300,0.0,0.0
2020-09-28 00:00:00+09:00,6168.297829693414,6283.2412109375,6109.835247853749,6283.2412109375,12644000,0.0,0.0
2020-09-29 00:00:00+09:00,6351.850531473318,6498.018663615863,6326.992005598736,6400.5732421875,15984700,22.0,0.0
2020-09-30 00:00:00+09:00,6445.3190124294715,6482.109633142198,6359.805677799892,6432.392578125,14518200,0.0,0.0
2020-10-02 00:00:00+09:00,6502.9907125507825,6646.175829157405,6453.2736581734825,6486.0869140625,21689800,0.0,0.0
2020-10-05 00:00:00+09:00,6581.543565465857,6711.80224609375,6569.6114725839125,6711.80224609375,14338400,0.0,0.0
2020-10-06 00:00:00+09:00,6803.281666165648,6880.840270369232,6729.700426280197,6873.8798828125,19114100,0.0,0.0
2020-10-07 00:00:00+09:00,6811.236278278891,6917.630771968796,6791.349457028442,6915.64208984375,16077400,0.0,0.0
2020-10-08 00:00:00+09:00,6951.438192484121,7077.719504234297,6894.760753352152,7044.90625,20443700,0.0,0.0
2020-10-09 00:00:00+09:00,7036.951580532282,7048.883673080873,6941.494840143543,6957.404296875,16809800,0.0,0.0
2020-10-12 00:00:00+09:00,6949.449599204174,7153.289514476294,6930.557119252123,7141.357421875,19359000,0.0,0.0
2020-10-13 00:00:00+09:00,7253.718413917496,7258.690119478783,6990.218019169294,7018.0595703125,20907300,0.0,0.0
2020-10-14 00:00:00+09:00,7018.05912108012,7208.972602412989,6982.262843330208,7124.45361328125,15926300,0.0,0.0
2020-10-15 00:00:00+09:00,7126.442375017817,7149.312219391391,6916.636411416762,6976.296875,15339400,0.0,0.0
2020-10-16 00:00:00+09:00,7025.019649096606,7044.9064704670145,6957.40445643722,6983.25732421875,12232200,0.0,0.0
2020-10-19 00:00:00+09:00,7046.8952852414495,7258.689936822715,7036.95187436909,7203.0068359375,17742400,0.0,0.0
2020-10-20 00:00:00+09:00,7129.425446838892,7161.244360967043,7080.70273458016,7099.59521484375,13156600,0.0,0.0
2020-10-21 00:00:00+09:00,7144.340531021874,7153.289600580565,7025.019603572657,7048.8837890625,11730700,0.0,0.0
2020-10-22 00:00:00+09:00,7008.11551929758,7104.5665983798535,6946.466375966643,7047.88916015625,11985900,0.0,0.0
2020-10-23 00:00:00+09:00,7047.889386163866,7094.623415671443,7002.149697709643,7041.92333984375,9330100,0.0,0.0
2020-10-26 00:00:00+09:00,7034.963269737678,7044.90668071964,6849.021484375,6849.021484375,11327700,0.0,0.0
2020-10-27 00:00:00+09:00,6764.502278057061,6894.760957819735,6732.68336391656,6871.89111328125,11340000,0.0,0.0
2020-10-28 00:00:00+09:00,6866.919520400855,7014.082000710633,6833.111923572933,6963.37060546875,12797600,0.0,0.0
2020-10-29 00:00:00+09:00,6860.953674714058,6925.585847012089,6829.134759121182,6867.9140625,11047900,0.0,0.0
2020-10-30 00:00:00+09:00,6851.009673331002,6878.851222076034,6754.55859375,6754.55859375,14443100,0.0,0.0
2020-11-02 00:00:00+09:00,6716.774034215273,6809.247755189665,6643.192793870057,6658.10791015625,14611900,0.0,0.0
2020-11-04 00:00:00+09:00,6562.650720877965,6640.209320306522,6430.40336544209,6498.0185546875,21179800,0.0,0.0
2020-11-05 00:00:00+09:00,6640.21003897721,6831.12353515625,6627.2836043400885,6831.12353515625,15803100,0.0,0.0
2020-11-06 00:00:00+09:00,6762.51388514393,6783.395048441684,6663.079774202246,6683.9609375,14652300,0.0,0.0
2020-11-09 00:00:00+09:00,6882.829052617182,7084.680294697691,6832.117656823556,7042.91796875,16360700,0.0,0.0
2020-11-10 00:00:00+09:00,6964.364788062204,7036.951685482041,6703.8474301992255,6709.8134765625,23748600,0.0,0.0
2020-11-11 00:00:00+09:00,6557.679564483694,6667.0570856502145,6487.081346276212,6543.7587890625,21810000,0.0,0.0
2020-11-12 00:00:00+09:00,6664.073946499757,6706.830613121584,6562.651155908445,6641.2041015625,18022200,0.0,0.0
2020-11-13 00:00:00+09:00,6626.288949419717,6683.960731992697,6529.837864771801,6629.27197265625,15828400,0.0,0.0
2020-11-16 00:00:00+09:00,6707.824876840063,6750.58154296875,6640.209683892372,6750.58154296875,13236100,0.0,0.0
2020-11-17 00:00:00+09:00,6750.581313403684,6774.445498338387,6612.367908990205,6662.0849609375,13103200,0.0,0.0
2020-11-18 00:00:00+09:00,6658.107615157592,6674.017071824635,6590.492424322658,6601.43017578125,11401200,0.0,0.0
2020-11-19 00:00:00+09:00,6557.679389349247,6564.639776873954,6497.024583776798,6539.78125,12745000,0.0,0.0
2020-11-20 00:00:00+09:00,6548.730029159412,6727.711414711902,6544.752665036024,6710.8076171875,12652100,0.0,0.0
2020-11-24 00:00:00+09:00,6811.236405278438,6865.925164736878,6766.4910566306235,6796.3212890625,13138000,0.0,0.0
2020-11-25 00:00:00+09:00,6860.953768934225,6956.410517023744,6822.1744650228575,6831.12353515625,17179500,0.0,0.0
2020-11-26 00:00:00+09:00,6888.794878068134,7059.821540745345,6860.953328329983,7048.8837890625,16806200,0.0,0.0
2020-11-27 00:00:00+09:00,7114.510255926724,7247.751957435345,7082.69134213362,7208.97265625,21511400,0.0,0.0
2020-11-30 00:00:00+09:00,7303.435041471676,7370.055892088232,7205.989618181789,7230.84814453125,19121700,0.0,0.0
2020-12-01 00:00:00+09:00,7308.406995799443,7346.1919571382705,7199.029476134418,7258.68994140625,16500500,0.0,0.0
2020-12-02 00:00:00+09:00,7288.519914875516,7304.429371715627,7167.210306469676,7213.9443359375,14637200,0.0,0.0
2020-12-03 00:00:00+09:00,7236.8143149958505,7364.089972088385,7175.165168591654,7339.2314453125,14502100,0.0,0.0
2020-12-04 00:00:00+09:00,7309.401545484138,7362.101624644886,7186.103247070313,7218.91650390625,13626100,0.0,0.0
2020-12-07 00:00:00+09:00,7258.689774761337,7268.633185411694,7079.708383054893,7082.69140625,10179500,0.0,0.0
2020-12-08 00:00:00+09:00,6963.370432429694,7100.58949849785,6963.370432429694,7053.85546875,8045500,0.0,0.0
2020-12-09 00:00:00+09:00,7029.991217587879,7562.958019939661,7011.098737653767,7446.6201171875,31629400,0.0,0.0
2020-12-10 00:00:00+09:00,7407.841099666281,8849.635676111395,7393.920324445431,8258.9970703125,68384400,0.0,0.0
2020-12-11 00:00:00+09:00,8234.138719327077,8394.227637792437,7755.860646147952,7868.22119140625,45612000,0.0,0.0
2020-12-14 00:00:00+09:00,8315.674259415955,8316.668600472922,7970.637912648368,8042.23046875,25308900,0.0,0.0
2020-12-15 00:00:00+09:00,7945.779158491003,8122.771861558379,7905.011176323798,7953.73388671875,16765800,0.0,0.0
2020-12-16 00:00:00+09:00,7954.728362391033,8061.122854238014,7888.107512356009,7984.55859375,13100000,0.0,0.0
2020-12-17 00:00:00+09:00,7954.728667664671,8362.408511882484,7909.983318909057,8302.748046875,22467700,0.0,0.0
2020-12-18 00:00:00+09:00,8352.4642947989,8453.887075521458,8283.854766663051,8306.724609375,21645200,0.0,0.0
2020-12-21 00:00:00+09:00,8372.35140696784,8488.68930656585,8315.673968702144,8440.9609375,14491200,0.0,0.0
2020-12-22 00:00:00+09:00,8392.23867673012,8429.029296521472,8193.370461641727,8240.1044921875,14278600,0.0,0.0
2020-12-23 00:00:00+09:00,8272.917763157895,8326.612181332237,8029.30419921875,8029.30419921875,16096600,0.0,0.0
2020-12-24 00:00:00+09:00,8083.992758534532,8134.7041522227555,7793.645171143132,7897.056640625,17027600,0.0,0.0
2020-12-25 00:00:00+09:00,7656.426408423525,7702.166098655664,7587.816873075313,7648.4716796875,13149600,0.0,0.0
2020-12-28 00:00:00+09:00,7557.986761786676,7908.989172905041,7523.184823007235,7662.392578125,15953100,0.0,0.0
2020-12-29 00:00:00+09:00,7760.831734826001,8010.411333216945,7697.193908941456,8009.4169921875,16022000,0.0,0.0
2020-12-30 00:00:00+09:00,8007.428685244866,8083.992948098939,7883.136050741499,8012.400390625,15488900,0.0,0.0
2021-01-04 00:00:00+09:00,8054.162481805304,8118.7946498691745,7906.005665781972,7962.68310546875,12201400,0.0,0.0
2021-01-05 00:00:00+09:00,7857.283471375273,8031.293166071638,7797.623004622234,7974.61572265625,13213000,0.0,0.0
2021-01-06 00:00:00+09:00,7996.490714598407,8168.511716044008,7985.552963061404,8074.04931640625,13805600,0.0,0.0
2021-01-07 00:00:00+09:00,7934.841632668819,7986.547367618541,7863.24907658459,7947.76806640625,17531400,0.0,0.0
2021-01-08 00:00:00+09:00,7924.898247640014,8086.975840408561,7910.977472800998,7942.79638671875,17066400,0.0,0.0
2021-01-12 00:00:00+09:00,7896.062479737866,8062.117439329381,7843.362402741756,8051.1796875,13345000,0.0,0.0
2021-01-13 00:00:00+09:00,8080.015769754129,8417.097402285097,8070.072358765015,8277.8896484375,19372000,0.0,0.0
2021-01-14 00:00:00+09:00,8402.182199507308,8654.744836036878,8334.56700547577,8520.5087890625,26056100,0.0,0.0
2021-01-15 00:00:00+09:00,8600.056541226117,8721.3661606075,8461.843122422737,8469.7978515625,17035600,0.0,0.0
2021-01-18 00:00:00+09:00,8372.351529882835,8529.457413697739,8302.747657306612,8454.8818359375,10198400,0.0,0.0
2021-01-19 00:00:00+09:00,8565.253372586136,8718.38188656086,8522.496709593193,8708.4384765625,14431100,0.0,0.0
2021-01-20 00:00:00+09:00,8780.031159240569,8836.70859707485,8606.021481679176,8644.80078125,16549400,0.0,0.0
2021-01-21 00:00:00+09:00,8779.037097585513,8987.848717303823,8740.257796780683,8895.375,19181000,0.0,0.0
2021-01-22 00:00:00+09:00,8832.731478382457,8868.527755903764,8738.269079367898,8750.201171875,12853300,0.0,0.0
2021-01-25 00:00:00+09:00,8750.2020753982,8762.134169137378,8587.130127629414,8614.9716796875,10860700,0.0,0.0
2021-01-26 00:00:00+09:00,8542.383609077466,8672.642281268032,8513.547719813907,8615.96484375,8939700,0.0,0.0
2021-01-27 00:00:00+09:00,8695.512689630847,8703.46741822056,8512.55393206743,8545.3671875,8113400,0.0,0.0
2021-01-28 00:00:00+09:00,8253.03132779496,8349.48241680654,8133.710392935274,8238.1162109375,16688800,0.0,0.0
2021-01-29 00:00:00+09:00,8342.521362003577,8362.408182890356,8060.128505411322,8062.1171875,14133300,0.0,0.0
2021-02-01 00:00:00+09:00,8130.726879784671,8421.07447045327,8118.7947870174685,8410.13671875,11180200,0.0,0.0
2021-02-02 00:00:00+09:00,8515.536934597692,8617.954064941407,8414.114145325279,8511.5595703125,11823800,0.0,0.0
2021-02-03 00:00:00+09:00,8537.412246577996,8679.60301658273,8529.457518186122,8662.69921875,11559200,0.0,0.0
2021-02-04 00:00:00+09:00,8662.70005732965,8816.822934841828,8606.022612050978,8726.337890625,12687000,0.0,0.0
2021-02-05 00:00:00+09:00,8837.702544288899,9029.6103515625,8819.804406822968,9029.6103515625,16816500,0.0,0.0
2021-02-08 00:00:00+09:00,9187.711629381918,9584.453722468865,9167.8248076733,9431.3251953125,24769600,0.0,0.0
2021-02-09 00:00:00+09:00,9899.660537794402,10082.619310288794,9682.894166034741,9752.498046875,28363100,0.0,0.0
2021-02-10 00:00:00+09:00,9694.824905020203,9931.478066804286,9590.419098350756,9904.630859375,17708300,0.0,0.0
2021-02-12 00:00:00+09:00,9904.631507592407,9909.603212997283,9695.819880587647,9741.5595703125,12837200,0.0,0.0
2021-02-15 00:00:00+09:00,9839.998665510993,9983.183771395552,9802.21370701368,9948.3818359375,12408000,0.0,0.0
2021-02-16 00:00:00+09:00,10082.618673899351,10440.581467055541,10003.07138653131,10361.0341796875,14316000,0.0,0.0
2021-02-17 00:00:00+09:00,10147.250920718705,10425.666428587518,9993.128050291325,10346.119140625,10469800,0.0,0.0
2021-02-18 00:00:00+09:00,10410.750663004714,10515.156471946022,10201.939045122099,10281.486328125,9582500,0.0,0.0
2021-02-19 00:00:00+09:00,9983.183967391304,10351.090149456522,9973.240557065217,10291.4296875,8365000,0.0,0.0
2021-02-22 00:00:00+09:00,10530.071595107729,10569.84523663788,10380.920439369658,10470.4111328125,9338300,0.0,0.0
2021-02-24 00:00:00+09:00,10261.599981529253,10361.034089877405,9920.540989895093,9925.5126953125,12776600,0.0,0.0
2021-02-25 00:00:00+09:00,10221.82573941751,10400.807123959841,10177.080393281929,10306.3447265625,10565100,0.0,0.0
2021-02-26 00:00:00+09:00,9939.433330833122,10092.561855537835,9839.0048828125,9839.0048828125,14637700,0.0,0.0
2021-03-01 00:00:00+09:00,10231.769761469814,10380.920924173455,10127.363947577263,10375.94921875,11236500,0.0,0.0
2021-03-02 00:00:00+09:00,10564.874314618708,10604.647959097272,10301.373919948217,10321.2607421875,9830000,0.0,0.0
2021-03-03 00:00:00+09:00,10356.06252211085,10540.015625,10306.345467275944,10540.015625,8915700,0.0,0.0
2021-03-04 00:00:00+09:00,10226.798085257307,10241.713201570274,9878.778704621423,9993.1279296875,16723400,0.0,0.0
2021-03-05 00:00:00+09:00,9694.8255784591,10013.014725649551,9605.334880811784,9998.099609375,17646400,0.0,0.0
2021-03-08 00:00:00+09:00,10122.391889816536,10137.307005567738,9707.751671933089,9762.4404296875,16223200,0.0,0.0
2021-03-09 00:00:00+09:00,9601.357148476061,10097.533330858989,9595.391102194902,10072.6748046875,16505600,0.0,0.0
2021-03-10 00:00:00+09:00,10092.561676869751,10167.137255762877,9854.914165463655,10062.7314453125,14756000,0.0,0.0
2021-03-11 00:00:00+09:00,9963.298395362608,10231.7705078125,9932.473819488732,10231.7705078125,11014200,0.0,0.0
2021-03-12 00:00:00+09:00,10316.288702085538,10589.732499008287,10286.458469693964,10574.8173828125,17351500,0.0,0.0
2021-03-15 00:00:00+09:00,10549.959250881448,10554.930956466218,10231.770093456184,10311.3173828125,12041200,0.0,0.0
2021-03-16 00:00:00+09:00,10351.089758231814,10634.47694181453,10346.11805325668,10559.9013671875,11346000,0.0,0.0
2021-03-17 00:00:00+09:00,10425.665470064603,10505.212750713641,10341.146484375,10341.146484375,9771000,0.0,0.0
2021-03-18 00:00:00+09:00,10455.496639363686,10455.496639363686,10137.307488189517,10162.166015625,13941600,0.0,0.0
2021-03-19 00:00:00+09:00,9920.540665908065,10057.759730947186,9834.032994470359,9912.5859375,20715700,0.0,0.0
2021-03-22 00:00:00+09:00,9763.435314317689,9926.507255609888,9758.46360879049,9808.1806640625,14719700,0.0,0.0
2021-03-23 00:00:00+09:00,9884.744205163044,9953.353736413044,9711.72886548913,9719.68359375,12144000,0.0,0.0
2021-03-24 00:00:00+09:00,9654.05735924535,9689.85363743392,9287.1455078125,9287.1455078125,15248700,0.0,0.0
2021-03-25 00:00:00+09:00,9098.22010588843,9285.156212982094,8954.040661587465,9023.64453125,17124400,0.0,0.0
2021-03-26 00:00:00+09:00,9149.926378308346,9315.981334315464,9079.328163478973,9185.72265625,11754500,0.0,0.0
2021-03-29 00:00:00+09:00,9334.87424628304,9335.868587382985,8929.183077505506,9028.6171875,16428700,0.0,0.0
2021-03-30 00:00:00+09:00,9116.33141136918,9289.76697506678,9051.542264010883,9142.2470703125,12463600,22.0,0.0
2021-03-31 00:00:00+09:00,9054.532375401928,9331.630570069667,8965.821082864415,9299.734375,12246400,0.0,0.0
2021-04-01 00:00:00+09:00,9449.248407717496,9583.810489472966,9341.59874231312,9360.537109375,13843700,0.0,0.0
2021-04-02 00:00:00+09:00,9499.08563536132,9791.135172733919,9490.11483045909,9755.251953125,13932100,0.0,0.0
2021-04-05 00:00:00+09:00,9862.901883857763,9977.528838546357,9801.103003938695,9960.583984375,12825600,0.0,0.0
2021-04-06 00:00:00+09:00,10002.44770878928,10042.317953767015,9820.04133801614,9848.947265625,13128200,0.0,0.0
2021-04-07 00:00:00+09:00,9895.79508046875,10102.123604003906,9891.808055859376,9967.5615234375,12509600,0.0,0.0
2021-04-08 00:00:00+09:00,9932.67505810547,9987.496646484375,9892.804812011718,9967.5615234375,9645400,0.0,0.0
2021-04-09 00:00:00+09:00,9967.561440012561,10017.399247212625,9898.785266076475,9917.7236328125,10444800,0.0,0.0
2021-04-12 00:00:00+09:00,9918.720133836772,10107.107040207504,9912.739597126589,9997.4638671875,8810400,0.0,0.0
2021-04-13 00:00:00+09:00,10117.074345287772,10166.912149944363,10052.285199234206,10077.2041015625,8080600,0.0,0.0
2021-04-14 00:00:00+09:00,10137.01020096009,10151.961543439382,9919.717356927711,9927.69140625,7204000,0.0,0.0
2021-04-15 00:00:00+09:00,9925.698009351909,10127.04275708128,9912.740179052495,10117.0751953125,7658200,0.0,0.0
2021-04-16 00:00:00+09:00,10161.928712390718,10166.912493024554,10037.334196544829,10047.3017578125,5848900,0.0,0.0
2021-04-19 00:00:00+09:00,10022.382727581522,10067.23675271739,9937.658457880434,9972.544921875,5395300,0.0,0.0
2021-04-20 00:00:00+09:00,9867.885333007713,9912.739357248656,9770.20323577188,9789.1416015625,9220400,0.0,0.0
2021-04-21 00:00:00+09:00,9668.534589328008,10007.431678026103,9621.687050596214,9889.814453125,15285000,0.0,0.0
2021-04-22 00:00:00+09:00,9997.464372872835,10117.075113126548,9928.68819722695,10067.2373046875,11369400,0.0,0.0
2021-04-23 00:00:00+09:00,9966.564385190217,10022.382727581522,9882.83687160326,9972.544921875,7416800,0.0,0.0
2021-04-26 00:00:00+09:00,10017.398778598299,10166.912193204244,9955.599900561174,10102.123046875,7904400,0.0,0.0
2021-04-27 00:00:00+09:00,10156.945061550672,10186.847745735806,10007.431640625,10007.431640625,6493300,0.0,0.0
2021-04-28 00:00:00+09:00,9948.623092193187,9956.597141360358,9829.012354685605,9858.9150390625,9338600,0.0,0.0
2021-04-30 00:00:00+09:00,9885.827523354514,9992.480431702865,9829.012422645581,9852.9345703125,9480500,0.0,0.0
2021-05-06 00:00:00+09:00,9877.853342489418,10057.269447600223,9809.077168863609,10007.431640625,9662000,0.0,0.0
2021-05-07 00:00:00+09:00,9992.480427246093,10067.237138671875,9926.694521191406,9967.5615234375,6737400,0.0,0.0
2021-05-10 00:00:00+09:00,9982.512566640547,10166.91244929941,9982.512566640547,10137.009765625,6908100,0.0,0.0
2021-05-11 00:00:00+09:00,9937.65855582963,9977.528800787823,9449.248055091764,9477.1572265625,19606400,0.0,0.0
2021-05-12 00:00:00+09:00,9568.859272875818,9580.820346966912,9080.448747489447,9150.2216796875,25808000,0.0,0.0
2021-05-13 00:00:00+09:00,8781.421533370365,8866.14580469119,8352.816396100301,8439.5341796875,26507000,0.0,0.0
2021-05-14 00:00:00+09:00,8439.533815995837,8736.567130885025,8438.537059905606,8500.3359375,19473000,0.0,0.0
2021-05-17 00:00:00+09:00,8649.850144046155,8651.843656409383,8293.011431028348,8403.6513671875,14314800,0.0,0.0
2021-05-18 00:00:00+09:00,8442.524361546995,8668.788001460947,8432.556800317307,8618.9501953125,13914600,0.0,0.0
2021-05-19 00:00:00+09:00,8403.650925024904,8521.268148266861,8303.975312107992,8442.5244140625,14031800,0.0,0.0
2021-05-20 00:00:00+09:00,8480.400806525735,8578.082903262868,8378.731685431985,8472.4267578125,13086000,0.0,0.0
2021-05-21 00:00:00+09:00,8619.9472635582,8670.781827670304,8457.476009631284,8477.4111328125,13408300,0.0,0.0
2021-05-24 00:00:00+09:00,8372.751616055322,8432.556984741432,8258.124659406945,8288.02734375,12176600,0.0,0.0
2021-05-25 00:00:00+09:00,8357.799761466433,8416.608370402213,8299.987908614308,8332.880859375,10693600,0.0,0.0
2021-05-26 00:00:00+09:00,8240.182863393613,8313.942816446852,8181.374252175489,8247.16015625,11547000,0.0,0.0
2021-05-27 00:00:00+09:00,8226.228222909684,8253.140638033707,8065.75048828125,8065.75048828125,34042500,0.0,0.0
2021-05-28 00:00:00+09:00,8223.237699364046,8372.751112079757,8146.487480836649,8360.7900390625,18449400,0.0,0.0
2021-05-31 00:00:00+09:00,8307.962485616521,8372.751635174418,8194.332284853439,8229.21875,11048700,0.0,0.0
2021-06-01 00:00:00+09:00,8253.140659458466,8261.114708404803,8103.627241714654,8135.5234375,10233200,0.0,0.0
2021-06-02 00:00:00+09:00,8073.7245074916755,8173.400118695276,7957.104042383463,8082.6953125,13708700,0.0,0.0
2021-06-03 00:00:00+09:00,8136.520484790468,8294.007957116437,8118.578874019155,8181.37451171875,11106800,0.0,0.0
2021-06-04 00:00:00+09:00,8103.627433692106,8124.559312672122,8034.851259900623,8075.71826171875,9450600,0.0,0.0
2021-06-07 00:00:00+09:00,8173.4002725223845,8212.273761623404,8099.640318843523,8126.552734375,7847000,0.0,0.0
2021-06-08 00:00:00+09:00,8079.705086893238,8082.6953552451605,7970.061913989432,7992.9873046875,9055200,0.0,0.0
2021-06-09 00:00:00+09:00,7961.091470023534,8073.72491638796,7956.1076892109495,8046.8125,7805700,0.0,0.0
2021-06-10 00:00:00+09:00,8064.753710864458,8096.6499064827585,7978.035929027206,7995.9775390625,7940300,0.0,0.0
2021-06-11 00:00:00+09:00,7991.990927368163,8073.724932861328,7921.221239685058,7974.04931640625,10982300,0.0,0.0
2021-06-14 00:00:00+09:00,8057.776848437888,8065.750897768356,7965.078524971197,8029.86767578125,5152900,0.0,0.0
2021-06-15 00:00:00+09:00,8042.825502416027,8053.789820240611,7959.0979844828325,8015.9130859375,7332500,0.0,0.0
2021-06-16 00:00:00+09:00,7979.032994924167,7992.987581048957,7942.153017308653,7983.02001953125,6436500,0.0,0.0
2021-06-17 00:00:00+09:00,7955.110817213519,7983.019989357608,7774.69795442494,7871.38330078125,9856600,0.0,0.0
2021-06-18 00:00:00+09:00,7909.259769925665,7916.237062728372,7775.69445055956,7808.58740234375,10786300,0.0,0.0
2021-06-21 00:00:00+09:00,7546.440565597508,7634.155103937566,7436.797392672435,7534.4794921875,12692800,0.0,0.0
2021-06-22 00:00:00+09:00,7724.859918689951,7724.859918689951,7578.336769264477,7677.015625,9509900,0.0,0.0
2021-06-23 00:00:00+09:00,7744.795036831954,7772.704208135853,7596.278375250492,7663.06103515625,9721700,0.0,0.0
2021-06-24 00:00:00+09:00,7675.022091279652,8003.951609477352,7660.0707495433935,7836.49658203125,15019800,0.0,0.0
2021-06-25 00:00:00+09:00,7971.058854482707,7974.049122903795,7794.63301763846,7905.27294921875,11270600,0.0,0.0
2021-06-28 00:00:00+09:00,7964.081630150828,7966.075142448738,7869.389796000099,7899.29248046875,7786000,0.0,0.0
2021-06-29 00:00:00+09:00,7812.574508381689,7829.519362508059,7709.908627498388,7729.84375,7240800,0.0,0.0
2021-06-30 00:00:00+09:00,7746.7885402431675,7894.308445538585,7709.908563919313,7749.77880859375,8429100,0.0,0.0
2021-07-01 00:00:00+09:00,7748.782283315873,7748.782283315873,7630.16830187587,7700.93798828125,7463400,0.0,0.0
2021-07-02 00:00:00+09:00,7709.9089547981075,7819.552133211526,7676.019245106687,7786.6591796875,7058400,0.0,0.0
2021-07-05 00:00:00+09:00,7612.226417290666,7629.171271172288,7313.199584085586,7367.0244140625,17485800,0.0,0.0
2021-07-06 00:00:00+09:00,7395.930641169206,7519.528403905726,7390.946860413701,7440.78466796875,8758300,0.0,0.0
2021-07-07 00:00:00+09:00,7316.189860914544,7448.758423789426,7271.335835881689,7394.93359375,10178800,0.0,0.0
2021-07-08 00:00:00+09:00,7438.790815350292,7461.716205776804,7356.06005859375,7356.06005859375,8113700,0.0,0.0
2021-07-09 00:00:00+09:00,7230.469221820834,7317.187008186758,7105.874701180139,7303.232421875,15327400,0.0,0.0
2021-07-12 00:00:00+09:00,7435.801010496104,7525.509065582518,7410.882106305434,7515.54150390625,9538000,0.0,0.0
2021-07-13 00:00:00+09:00,7620.200471269749,7707.915009068538,7588.304275706553,7610.23291015625,9010500,0.0,0.0
2021-07-14 00:00:00+09:00,7613.223280527758,7673.028648010301,7586.3108651606135,7601.26220703125,6377400,0.0,0.0
2021-07-15 00:00:00+09:00,7625.184255852635,7627.177768076387,7496.60271742061,7509.560546875,5848100,0.0,0.0
2021-07-16 00:00:00+09:00,7443.774592509358,7507.566983232523,7413.871909357874,7456.732421875,6038400,0.0,0.0
2021-07-19 00:00:00+09:00,7277.316591932546,7364.0343762769,7244.423639250204,7318.18359375,6742500,0.0,0.0
2021-07-20 00:00:00+09:00,7178.637737066729,7281.303619726806,7168.67017564342,7203.556640625,7434000,0.0,0.0
2021-07-21 00:00:00+09:00,7341.108926999767,7372.008367154146,7197.576043702013,7237.4462890625,7053300,0.0,0.0
2021-07-26 00:00:00+09:00,7216.514543167746,7261.368570024451,7054.043290331234,7082.94921875,10941800,0.0,0.0
2021-07-27 00:00:00+09:00,6979.286298558082,7096.903519813417,6917.487419593414,7065.00732421875,11223800,0.0,0.0
2021-07-28 00:00:00+09:00,6877.617317804855,6915.494050859433,6684.246627999907,6723.1201171875,19015900,0.0,0.0
2021-07-29 00:00:00+09:00,6880.607560221354,6998.2247834730015,6829.77299762954,6997.22802734375,13364000,0.0,0.0
2021-07-30 00:00:00+09:00,6943.4033203125,6984.270322341327,6797.876922843992,6814.82177734375,10887400,0.0,0.0
2021-08-02 00:00:00+09:00,6827.779331662058,6965.331674402111,6817.8117705939385,6939.416015625,7319500,0.0,0.0
2021-08-03 00:00:00+09:00,6915.493958199564,7004.205252849285,6848.711298182358,6888.58154296875,7614200,0.0,0.0
2021-08-04 00:00:00+09:00,6788.906117520591,6882.601195342781,6749.035871638808,6814.82177734375,8191300,0.0,0.0
2021-08-05 00:00:00+09:00,6790.8996146027275,6832.763372684823,6733.087758203644,6759.00341796875,6238100,0.0,0.0
2021-08-06 00:00:00+09:00,6790.8995764863375,6825.786041358937,6713.152597627401,6748.0390625,5312900,0.0,0.0
2021-08-10 00:00:00+09:00,6796.880234709527,6886.588288841197,6749.035939172637,6808.84130859375,8389900,0.0,0.0
2021-08-11 00:00:00+09:00,6892.568721711556,6938.419504242102,6624.441319522054,6689.23046875,11394400,0.0,0.0
2021-08-12 00:00:00+09:00,6737.0749247544945,6758.006804236644,6630.422015012117,6632.41552734375,7754300,0.0,0.0
2021-08-13 00:00:00+09:00,6644.376354728872,6658.330940532383,6561.645596036628,6625.43798828125,8453400,0.0,0.0
2021-08-16 00:00:00+09:00,6558.655145080707,6569.619462192544,6441.037925153728,6483.8984375,8919500,0.0,0.0
2021-08-17 00:00:00+09:00,6513.8011280225055,6528.7524695558395,6397.1806640625,6397.1806640625,6713700,0.0,0.0
2021-08-18 00:00:00+09:00,6315.447088617383,6527.756152676016,6290.528184385149,6445.025390625,9929600,0.0,0.0
2021-08-19 00:00:00+09:00,6399.174585871397,6487.885884647495,6361.2978515625,6361.2978515625,8643900,0.0,0.0
2021-08-20 00:00:00+09:00,6305.479518538179,6349.33678992858,6109.118553449336,6132.0439453125,14358400,0.0,0.0
2021-08-23 00:00:00+09:00,6120.082643567203,6199.823134037135,5976.549760721327,6066.2578125,14618800,0.0,0.0
2021-08-24 00:00:00+09:00,6165.933347515273,6288.534350060437,6130.050127258153,6158.9560546875,11902700,0.0,0.0
2021-08-25 00:00:00+09:00,6358.307217163106,6398.177461509637,6131.046824387877,6192.845703125,16965000,0.0,0.0
2021-08-26 00:00:00+09:00,6200.81982004944,6256.6381627472,6150.982014069296,6186.865234375,8932300,0.0,0.0
2021-08-27 00:00:00+09:00,6177.894561426903,6177.894561426903,6116.095680689816,6160.94970703125,8251100,0.0,0.0
2021-08-30 00:00:00+09:00,6213.777951085522,6231.719562108868,6106.128284945445,6132.0439453125,8322500,0.0,0.0
2021-08-31 00:00:00+09:00,6105.131363139687,6239.693442163991,6016.420066597739,6160.94970703125,20562200,0.0,0.0
2021-09-01 00:00:00+09:00,6213.777683752418,6294.514929883946,6126.063144745326,6183.875,16520900,0.0,0.0
2021-09-02 00:00:00+09:00,6245.673901854755,6263.615512169691,6116.095605135777,6139.02099609375,12054600,0.0,0.0
2021-09-03 00:00:00+09:00,6086.1931046812,6256.63840780935,6056.290419921875,6179.88818359375,15908200,0.0,0.0
2021-09-06 00:00:00+09:00,6247.6677023585835,6329.4017086753365,6183.875307184533,6299.4990234375,17849600,0.0,0.0
2021-09-07 00:00:00+09:00,6419.109678250576,6925.461808149845,6369.271870189625,6920.47802734375,35878500,0.0,0.0
2021-09-08 00:00:00+09:00,7206.546641781013,7655.086889194769,7037.09810386915,7241.43310546875,68852100,0.0,0.0
2021-09-09 00:00:00+09:00,6956.361294819079,7185.615213404605,6935.429415296053,7101.8876953125,26200400,0.0,0.0
2021-09-10 00:00:00+09:00,7129.7967424383405,7320.177167128082,7059.027055773568,7155.71240234375,27781600,0.0,0.0
2021-09-13 00:00:00+09:00,7143.7511946881405,7193.589001264729,6975.299408459273,7053.04638671875,16978500,0.0,0.0
2021-09-14 00:00:00+09:00,7088.929843949723,7133.783871365041,6984.270446647316,7018.16015625,14234900,0.0,0.0
2021-09-15 00:00:00+09:00,6917.487347671559,6922.471128181409,6583.574053511621,6612.47998046875,26860900,0.0,0.0
2021-09-16 00:00:00+09:00,6568.623104346196,6697.204649180893,6380.236189820941,6520.77880859375,21112200,0.0,0.0
2021-09-17 00:00:00+09:00,6468.947279992682,6673.2822865255785,6409.141912226955,6639.392578125,23014900,0.0,0.0
2021-09-21 00:00:00+09:00,6240.690307790775,6359.304290641294,6222.748696939436,6308.4697265625,20246100,0.0,0.0
2021-09-22 00:00:00+09:00,6282.554164995906,6570.6166992944645,6280.560652647819,6428.08056640625,22779000,0.0,0.0
2021-09-24 00:00:00+09:00,6627.431564733995,6657.334248888307,6545.697561378876,6605.5029296875,14496200,0.0,0.0
2021-09-27 00:00:00+09:00,6621.451062041204,6738.071530844279,6580.584060152947,6602.5126953125,13187300,0.0,0.0
2021-09-28 00:00:00+09:00,6605.502801533471,6771.961073429667,6599.522264818637,6760.0,14541700,0.0,0.0
2021-09-29 00:00:00+09:00,6692.0,6710.0,6593.0,6683.0,13643100,22.0,0.0
2021-09-30 00:00:00+09:00,6698.0,6709.0,6480.0,6480.0,14513000,0.0,0.0
2021-10-01 00:00:00+09:00,6420.0,6557.0,6353.0,6428.0,13779200,0.0,0.0
2021-10-04 00:00:00+09:00,6451.0,6464.0,6213.0,6266.0,14081200,0.0,0.0
2021-10-05 00:00:00+09:00,6123.0,6198.0,5910.0,6027.0,20197700,0.0,0.0
2021-10-06 00:00:00+09:00,6100.0,6103.0,5888.0,5902.0,17196800,0.0,0.0
2021-10-07 00:00:00+09:00,5961.0,6061.0,5907.0,5949.0,14071600,0.0,0.0
2021-10-08 00:00:00+09:00,6127.0,6296.0,6068.0,6118.0,21749800,0.0,0.0
2021-10-11 00:00:00+09:00,6128.0,6476.0,6101.0,6416.0,22773600,0.0,0.0
2021-10-12 00:00:00+09:00,6320.0,6368.0,6191.0,6261.0,14800800,0.0,0.0
2021-10-13 00:00:00+09:00,6219.0,6280.0,6150.0,6194.0,10976600,0.0,0.0
2021-10-14 00:00:00+09:00,6250.0,6294.0,6197.0,6252.0,10854200,0.0,0.0
2021-10-15 00:00:00+09:00,6305.0,6359.0,6241.0,6290.0,10757400,0.0,0.0
2021-10-18 00:00:00+09:00,6349.0,6378.0,6201.0,6238.0,11557900,0.0,0.0
2021-10-19 00:00:00+09:00,6212.0,6466.0,6211.0,6429.0,14919000,0.0,0.0
2021-10-20 00:00:00+09:00,6598.0,6719.0,6523.0,6712.0,22642700,0.0,0.0
2021-10-21 00:00:00+09:00,6712.0,6756.0,6560.0,6574.0,20359300,0.0,0.0
2021-10-22 00:00:00+09:00,6619.0,6720.0,6542.0,6610.0,15774100,0.0,0.0
2021-10-25 00:00:00+09:00,6500.0,6516.0,6320.0,6387.0,16218700,0.0,0.0
2021-10-26 00:00:00+09:00,6525.0,6605.0,6484.0,6500.0,14469500,0.0,0.0
2021-10-27 00:00:00+09:00,6441.0,6449.0,6254.0,6281.0,16856800,0.0,0.0
2021-10-28 00:00:00+09:00,6230.0,6364.0,6100.0,6112.0,59271700,0.0,0.0
2021-10-29 00:00:00+09:00,6099.0,6224.0,6070.0,6164.0,16610400,0.0,0.0
2021-11-01 00:00:00+09:00,6269.0,6368.0,6256.0,6329.0,13854300,0.0,0.0
2021-11-02 00:00:00+09:00,6358.0,6437.0,6304.0,6316.0,13597000,0.0,0.0
2021-11-04 00:00:00+09:00,6435.0,6439.0,6230.0,6230.0,13358800,0.0,0.0
2021-11-05 00:00:00+09:00,6247.0,6309.0,6110.0,6209.0,15855300,0.0,0.0
2021-11-08 00:00:00+09:00,6222.0,6236.0,6123.0,6161.0,10842200,0.0,0.0
2021-11-09 00:00:00+09:00,6800.0,6930.0,6675.0,6808.0,40706000,0.0,0.0
2021-11-10 00:00:00+09:00,6781.0,6804.0,6461.0,6554.0,29876400,0.0,0.0
2021-11-11 00:00:00+09:00,6515.0,6687.0,6445.0,6675.0,23563500,0.0,0.0
2021-11-12 00:00:00+09:00,6722.0,6902.0,6707.0,6847.0,23242700,0.0,0.0
2021-11-15 00:00:00+09:00,6990.0,7029.0,6896.0,7000.0,20705200,0.0,0.0
2021-11-16 00:00:00+09:00,6960.0,7148.0,6913.0,7113.0,18940200,0.0,0.0
2021-11-17 00:00:00+09:00,7170.0,7217.0,7113.0,7132.0,15818400,0.0,0.0
2021-11-18 00:00:00+09:00,7060.0,7085.0,6871.0,6986.0,17488400,0.0,0.0
2021-11-19 00:00:00+09:00,6826.0,6935.0,6805.0,6856.0,16608900,0.0,0.0
2021-11-22 00:00:00+09:00,6798.0,6871.0,6762.0,6822.0,9988100,0.0,0.0
2021-11-24 00:00:00+09:00,6732.0,6755.0,6596.0,6596.0,16416800,0.0,0.0
2021-11-25 00:00:00+09:00,6643.0,6730.0,6634.0,6683.0,9749300,0.0,0.0
2021-11-26 00:00:00+09:00,6630.0,6634.0,6321.0,6336.0,21737900,0.0,0.0
2021-11-29 00:00:00+09:00,6200.0,6376.0,6172.0,6208.0,18069400,0.0,0.0
2021-11-30 00:00:00+09:00,6300.0,6336.0,6000.0,6030.0,20287700,0.0,0.0
2021-12-01 00:00:00+09:00,6008.0,6050.0,5807.0,5900.0,22539600,0.0,0.0
2021-12-02 00:00:00+09:00,5769.0,5808.0,5539.0,5599.0,28549500,0.0,0.0
2021-12-03 00:00:00+09:00,5570.0,5637.0,5423.0,5559.0,25516400,0.0,0.0
2021-12-06 00:00:00+09:00,5201.0,5287.0,5057.0,5103.0,31211400,0.0,0.0
2021-12-07 00:00:00+09:00,5300.0,5568.0,5265.0,5508.0,31670200,0.0,0.0
2021-12-08 00:00:00+09:00,5620.0,5646.0,5366.0,5493.0,26388800,0.0,0.0
2021-12-09 00:00:00+09:00,5464.0,5610.0,5460.0,5551.0,18621700,0.0,0.0
2021-12-10 00:00:00+09:00,5490.0,5562.0,5440.0,5518.0,17534500,0.0,0.0
2021-12-13 00:00:00+09:00,5569.0,5615.0,5530.0,5571.0,13581100,0.0,0.0
2021-12-14 00:00:00+09:00,5545.0,5604.0,5482.0,5522.0,14194200,0.0,0.0
2021-12-15 00:00:00+09:00,5570.0,5692.0,5556.0,5620.0,15485800,0.0,0.0
2021-12-16 00:00:00+09:00,5625.0,5658.0,5540.0,5643.0,15502700,0.0,0.0
2021-12-17 00:00:00+09:00,5550.0,5578.0,5476.0,5481.0,14780400,0.0,0.0
2021-12-20 00:00:00+09:00,5455.0,5517.0,5334.0,5344.0,15692100,0.0,0.0
2021-12-21 00:00:00+09:00,5401.0,5436.0,5337.0,5403.0,11272500,0.0,0.0
2021-12-22 00:00:00+09:00,5470.0,5524.0,5381.0,5390.0,12493300,0.0,0.0
2021-12-23 00:00:00+09:00,5415.0,5430.0,5340.0,5411.0,10470100,0.0,0.0
2021-12-24 00:00:00+09:00,5419.0,5431.0,5368.0,5379.0,6817600,0.0,0.0
2021-12-27 00:00:00+09:00,5269.0,5317.0,5220.0,5220.0,11660600,0.0,0.0
2021-12-28 00:00:00+09:00,5255.0,5312.0,5235.0,5258.0,12041200,0.0,0.0
2021-12-29 00:00:00+09:00,5259.0,5428.0,5256.0,5356.0,12350400,0.0,0.0
2021-12-30 00:00:00+09:00,5335.0,5454.0,5288.0,5434.0,14264700,0.0,0.0
2022-01-04 00:00:00+09:00,5573.0,5574.0,5420.0,5482.0,14102100,0.0,0.0
2022-01-05 00:00:00+09:00,5440.0,5515.0,5395.0,5420.0,11581500,0.0,0.0
2022-01-06 00:00:00+09:00,5392.0,5415.0,5301.0,5372.0,16115500,0.0,0.0
2022-01-07 00:00:00+09:00,5440.0,5600.0,5418.0,5489.0,20542300,0.0,0.0
2022-01-11 00:00:00+09:00,5425.0,5440.0,5331.0,5360.0,14724200,0.0,0.0
2022-01-12 00:00:00+09:00,5478.0,5748.0,5470.0,5683.0,24234500,0.0,0.0
2022-01-13 00:00:00+09:00,5648.0,5685.0,5558.0,5566.0,15983200,0.0,0.0
2022-01-14 00:00:00+09:00,5470.0,5499.0,5405.0,5497.0,15832200,0.0,0.0
2022-01-17 00:00:00+09:00,5500.0,5578.0,5440.0,5530.0,11305800,0.0,0.0
2022-01-18 00:00:00+09:00,5540.0,5676.0,5498.0,5508.0,13822400,0.0,0.0
2022-01-19 00:00:00+09:00,5442.0,5493.0,5382.0,5412.0,13552100,0.0,0.0
2022-01-20 00:00:00+09:00,5353.0,5532.0,5318.0,5527.0,15818700,0.0,0.0
2022-01-21 00:00:00+09:00,5431.0,5502.0,5388.0,5487.0,14612100,0.0,0.0
2022-01-24 00:00:00+09:00,5392.0,5415.0,5297.0,5355.0,14732900,0.0,0.0
2022-01-25 00:00:00+09:00,5300.0,5313.0,5008.0,5069.0,20702500,0.0,0.0
2022-01-26 00:00:00+09:00,4969.0,5259.0,4944.0,5156.0,21598200,0.0,0.0
2022-01-27 00:00:00+09:00,5121.0,5170.0,4652.0,4692.0,38020800,0.0,0.0
2022-01-28 00:00:00+09:00,4750.0,4875.0,4584.0,4795.0,29637400,0.0,0.0
2022-01-31 00:00:00+09:00,4710.0,5119.0,4693.0,5011.0,23353700,0.0,0.0
2022-02-01 00:00:00+09:00,5133.0,5218.0,5022.0,5067.0,16976100,0.0,0.0
2022-02-02 00:00:00+09:00,5124.0,5219.0,5107.0,5201.0,12797100,0.0,0.0
2022-02-03 00:00:00+09:00,5090.0,5252.0,5086.0,5195.0,14866600,0.0,0.0
2022-02-04 00:00:00+09:00,5150.0,5234.0,5091.0,5214.0,17062400,0.0,0.0
2022-02-07 00:00:00+09:00,5237.0,5494.0,5221.0,5350.0,22464500,0.0,0.0
2022-02-08 00:00:00+09:00,5364.0,5406.0,5263.0,5302.0,18029100,0.0,0.0
2022-02-09 00:00:00+09:00,5350.0,5628.0,5310.0,5612.0,30820900,0.0,0.0
2022-02-10 00:00:00+09:00,5712.0,5739.0,5406.0,5483.0,28162900,0.0,0.0
2022-02-14 00:00:00+09:00,5283.0,5330.0,5237.0,5268.0,13144700,0.0,0.0
2022-02-15 00:00:00+09:00,5230.0,5277.0,5143.0,5158.0,12497200,0.0,0.0
2022-02-16 00:00:00+09:00,5299.0,5309.0,5226.0,5236.0,9212800,0.0,0.0
2022-02-17 00:00:00+09:00,5232.0,5234.0,5085.0,5117.0,12413400,0.0,0.0
2022-02-18 00:00:00+09:00,5002.0,5199.0,4988.0,5184.0,15379300,0.0,0.0
2022-02-21 00:00:00+09:00,5084.0,5194.0,5052.0,5160.0,11310600,0.0,0.0
2022-02-22 00:00:00+09:00,5062.0,5184.0,5031.0,5154.0,15369800,0.0,0.0
2022-02-24 00:00:00+09:00,5099.0,5125.0,4764.0,4802.0,26778800,0.0,0.0
2022-02-25 00:00:00+09:00,4951.0,5108.0,4944.0,5069.0,20091800,0.0,0.0
2022-02-28 00:00:00+09:00,4996.0,5138.0,4961.0,5125.0,17268200,0.0,0.0
2022-03-01 00:00:00+09:00,5191.0,5326.0,5183.0,5232.0,14664200,0.0,0.0
2022-03-02 00:00:00+09:00,5180.0,5298.0,5172.0,5266.0,13100800,0.0,0.0
2022-03-03 00:00:00+09:00,5298.0,5299.0,5195.0,5212.0,12169400,0.0,0.0
2022-03-04 00:00:00+09:00,5113.0,5145.0,4923.0,4963.0,19457600,0.0,0.0
2022-03-07 00:00:00+09:00,4806.0,4845.0,4670.0,4707.0,19067000,0.0,0.0
2022-03-08 00:00:00+09:00,4630.0,4713.0,4459.0,4474.0,24289100,0.0,0.0
2022-03-09 00:00:00+09:00,4487.0,4830.0,4487.0,4636.0,25480600,0.0,0.0
2022-03-10 00:00:00+09:00,4840.0,4843.0,4751.0,4780.0,18739400,0.0,0.0
2022-03-11 00:00:00+09:00,4622.0,4668.0,4424.0,4483.0,25520400,0.0,0.0
2022-03-14 00:00:00+09:00,4398.0,4566.0,4390.0,4450.0,19608700,0.0,0.0
2022-03-15 00:00:00+09:00,4330.0,4388.0,4210.0,4265.0,27602900,0.0,0.0
2022-03-16 00:00:00+09:00,4318.0,4548.0,4231.0,4519.0,39994800,0.0,0.0
2022-03-17 00:00:00+09:00,4869.0,4964.0,4746.0,4785.0,39343700,0.0,0.0
2022-03-18 00:00:00+09:00,4768.0,4972.0,4700.0,4961.0,28334600,0.0,0.0
2022-03-22 00:00:00+09:00,4956.0,5069.0,4908.0,5056.0,21652400,0.0,0.0
2022-03-23 00:00:00+09:00,5256.0,5525.0,5248.0,5421.0,28197000,0.0,0.0
2022-03-24 00:00:00+09:00,5321.0,5524.0,5320.0,5498.0,22906500,0.0,0.0
2022-03-25 00:00:00+09:00,5514.0,5524.0,5342.0,5402.0,15765000,0.0,0.0
2022-03-28 00:00:00+09:00,5393.0,5421.0,5280.0,5402.0,12671800,0.0,0.0
2022-03-29 00:00:00+09:00,5488.0,5555.0,5433.0,5504.0,12102000,0.0,0.0
2022-03-30 00:00:00+09:00,5559.0,5633.0,5531.0,5632.0,15400800,0.0,0.0
2022-03-31 00:00:00+09:00,5595.0,5750.0,5542.0,5559.0,18054000,0.0,0.0
2022-04-01 00:00:00+09:00,5441.0,5609.0,5387.0,5578.0,15398600,0.0,0.0
2022-04-04 00:00:00+09:00,5650.0,5794.0,5640.0,5785.0,16874800,0.0,0.0
2022-04-05 00:00:00+09:00,5899.0,5984.0,5834.0,5936.0,19226700,0.0,0.0
2022-04-06 00:00:00+09:00,5810.0,5847.0,5727.0,5769.0,17778400,0.0,0.0
2022-04-07 00:00:00+09:00,5600.0,5670.0,5591.0,5654.0,13766300,0.0,0.0
2022-04-08 00:00:00+09:00,5702.0,5742.0,5625.0,5683.0,14908000,0.0,0.0
2022-04-11 00:00:00+09:00,5654.0,5729.0,5521.0,5530.0,15335400,0.0,0.0
2022-04-12 00:00:00+09:00,5481.0,5559.0,5427.0,5482.0,16073000,0.0,0.0
2022-04-13 00:00:00+09:00,5499.0,5638.0,5466.0,5592.0,13134000,0.0,0.0
2022-04-14 00:00:00+09:00,5692.0,5774.0,5672.0,5762.0,11920900,0.0,0.0
2022-04-15 00:00:00+09:00,5623.0,5723.0,5585.0,5692.0,10971000,0.0,0.0
2022-04-18 00:00:00+09:00,5616.0,5656.0,5600.0,5653.0,9065700,0.0,0.0
2022-04-19 00:00:00+09:00,5698.0,5719.0,5523.0,5547.0,14090600,0.0,0.0
2022-04-20 00:00:00+09:00,5558.0,5655.0,5518.0,5627.0,11402300,0.0,0.0
2022-04-21 00:00:00+09:00,5574.0,5644.0,5551.0,5579.0,10514700,0.0,0.0
2022-04-22 00:00:00+09:00,5430.0,5472.0,5358.0,5411.0,12424700,0.0,0.0
2022-04-25 00:00:00+09:00,5201.0,5203.0,4964.0,4989.0,25139000,0.0,0.0
2022-04-26 00:00:00+09:00,5093.0,5267.0,5048.0,5195.0,21191400,0.0,0.0
2022-04-27 00:00:00+09:00,4989.0,5189.0,4960.0,5182.0,21451300,0.0,0.0
2022-04-28 00:00:00+09:00,5202.0,5291.0,5167.0,5269.0,14777000,0.0,0.0
2022-05-02 00:00:00+09:00,5357.0,5401.0,5242.0,5290.0,12798000,0.0,0.0
2022-05-06 00:00:00+09:00,5114.0,5213.0,5102.0,5170.0,14614500,0.0,0.0
2022-05-09 00:00:00+09:00,5054.0,5077.0,4980.0,4989.0,13268500,0.0,0.0
2022-05-10 00:00:00+09:00,4864.0,4929.0,4721.0,4900.0,18133000,0.0,0.0
2022-05-11 00:00:00+09:00,4850.0,4923.0,4781.0,4883.0,16471400,0.0,0.0
2022-05-12 00:00:00+09:00,4675.0,4680.0,4491.0,4491.0,23641900,0.0,0.0
2022-05-13 00:00:00+09:00,4526.0,5049.0,4514.0,5040.0,46758100,0.0,0.0
2022-05-16 00:00:00+09:00,5040.0,5200.0,4962.0,5110.0,25957700,0.0,0.0
2022-05-17 00:00:00+09:00,4985.0,5146.0,4983.0,5122.0,16585600,0.0,0.0
2022-05-18 00:00:00+09:00,5178.0,5277.0,5082.0,5137.0,20288800,0.0,0.0
2022-05-19 00:00:00+09:00,4937.0,5080.0,4867.0,5055.0,22694900,0.0,0.0
2022-05-20 00:00:00+09:00,5121.0,5249.0,5080.0,5232.0,18735500,0.0,0.0
2022-05-23 00:00:00+09:00,5321.0,5344.0,5210.0,5276.0,17937700,0.0,0.0
2022-05-24 00:00:00+09:00,5276.0,5299.0,5136.0,5191.0,15994300,0.0,0.0
2022-05-25 00:00:00+09:00,5191.0,5191.0,5077.0,5102.0,14749400,0.0,0.0
2022-05-26 00:00:00+09:00,5136.0,5239.0,5134.0,5164.0,15426100,0.0,0.0
2022-05-27 00:00:00+09:00,5399.0,5484.0,5331.0,5341.0,18373700,0.0,0.0
2022-05-30 00:00:00+09:00,5417.0,5423.0,5315.0,5358.0,15862500,0.0,0.0
2022-05-31 00:00:00+09:00,5382.0,5414.0,5293.0,5379.0,15303000,0.0,0.0
2022-06-01 00:00:00+09:00,5389.0,5410.0,5280.0,5300.0,12798000,0.0,0.0
2022-06-02 00:00:00+09:00,5224.0,5325.0,5217.0,5302.0,10954900,0.0,0.0
2022-06-03 00:00:00+09:00,5400.0,5484.0,5381.0,5418.0,15777900,0.0,0.0
2022-06-06 00:00:00+09:00,5359.0,5411.0,5318.0,5391.0,10332900,0.0,0.0
2022-06-07 00:00:00+09:00,5483.0,5516.0,5418.0,5430.0,13649600,0.0,0.0
2022-06-08 00:00:00+09:00,5480.0,5587.0,5437.0,5563.0,14612800,0.0,0.0
2022-06-09 00:00:00+09:00,5699.0,5849.0,5650.0,5659.0,20843400,0.0,0.0
2022-06-10 00:00:00+09:00,5585.0,5585.0,5470.0,5545.0,16523400,0.0,0.0
2022-06-13 00:00:00+09:00,5322.0,5353.0,5165.0,5165.0,19439100,0.0,0.0
2022-06-14 00:00:00+09:00,4895.0,5046.0,4866.0,5033.0,20473600,0.0,0.0
2022-06-15 00:00:00+09:00,5046.0,5127.0,4975.0,5028.0,18333700,0.0,0.0
2022-06-16 00:00:00+09:00,5126.0,5180.0,4997.0,5000.0,17286800,0.0,0.0
2022-06-17 00:00:00+09:00,4803.0,4860.0,4708.0,4788.0,31301100,0.0,0.0
2022-06-20 00:00:00+09:00,4867.0,4975.0,4826.0,4933.0,18416500,0.0,0.0
2022-06-21 00:00:00+09:00,5025.0,5126.0,4978.0,5075.0,14623600,0.0,0.0
2022-06-22 00:00:00+09:00,5097.0,5123.0,5025.0,5025.0,14855300,0.0,0.0
2022-06-23 00:00:00+09:00,5049.0,5145.0,5030.0,5103.0,14280200,0.0,0.0
2022-06-24 00:00:00+09:00,5145.0,5249.0,5107.0,5224.0,14084400,0.0,0.0
2022-06-27 00:00:00+09:00,5291.0,5427.0,5234.0,5418.0,16304700,0.0,0.0
2022-06-28 00:00:00+09:00,5358.0,5466.0,5348.0,5414.0,12362200,0.0,0.0
2022-06-29 00:00:00+09:00,5340.0,5357.0,5283.0,5325.0,14579000,0.0,0.0
2022-06-30 00:00:00+09:00,5322.0,5350.0,5221.0,5235.0,13088700,0.0,0.0
2022-07-01 00:00:00+09:00,5235.0,5296.0,5115.0,5131.0,13997200,0.0,0.0
2022-07-04 00:00:00+09:00,5225.0,5347.0,5208.0,5283.0,12778400,0.0,0.0
2022-07-05 00:00:00+09:00,5350.0,5440.0,5322.0,5378.0,12938200,0.0,0.0
2022-07-06 00:00:00+09:00,5373.0,5438.0,5338.0,5343.0,11934900,0.0,0.0
2022-07-07 00:00:00+09:00,5363.0,5437.0,5324.0,5388.0,12354800,0.0,0.0
2022-07-08 00:00:00+09:00,5421.0,5525.0,5395.0,5400.0,17038100,0.0,0.0
2022-07-11 00:00:00+09:00,5500.0,5600.0,5428.0,5446.0,14494100,0.0,0.0
2022-07-12 00:00:00+09:00,5310.0,5320.0,5193.0,5213.0,12835400,0.0,0.0
2022-07-13 00:00:00+09:00,5260.0,5354.0,5244.0,5338.0,11493700,0.0,0.0
2022-07-14 00:00:00+09:00,5290.0,5438.0,5273.0,5385.0,10829700,0.0,0.0
2022-07-15 00:00:00+09:00,5361.0,5430.0,5268.0,5296.0,11928700,0.0,0.0
2022-07-19 00:00:00+09:00,5348.0,5376.0,5268.0,5371.0,9919900,0.0,0.0
2022-07-20 00:00:00+09:00,5490.0,5542.0,5451.0,5500.0,11735100,0.0,0.0
2022-07-21 00:00:00+09:00,5500.0,5540.0,5460.0,5507.0,9841600,0.0,0.0
2022-07-22 00:00:00+09:00,5503.0,5522.0,5469.0,5482.0,8460800,0.0,0.0
2022-07-25 00:00:00+09:00,5420.0,5514.0,5417.0,5505.0,7022000,0.0,0.0
2022-07-26 00:00:00+09:00,5497.0,5740.0,5490.0,5681.0,19044800,0.0,0.0
2022-07-27 00:00:00+09:00,5646.0,5700.0,5585.0,5688.0,10978600,0.0,0.0
2022-07-28 00:00:00+09:00,5751.0,5810.0,5641.0,5656.0,12618700,0.0,0.0
2022-07-29 00:00:00+09:00,5672.0,5763.0,5567.0,5605.0,12677200,0.0,0.0
2022-08-01 00:00:00+09:00,5425.0,5539.0,5383.0,5504.0,13385300,0.0,0.0
2022-08-02 00:00:00+09:00,5461.0,5523.0,5407.0,5450.0,11158700,0.0,0.0
2022-08-03 00:00:00+09:00,5548.0,5578.0,5490.0,5496.0,10020900,0.0,0.0
2022-08-04 00:00:00+09:00,5577.0,5640.0,5573.0,5640.0,10800400,0.0,0.0
2022-08-05 00:00:00+09:00,5678.0,5690.0,5587.0,5653.0,10339800,0.0,0.0
2022-08-08 00:00:00+09:00,5607.0,5768.0,5585.0,5695.0,11190400,0.0,0.0
2022-08-09 00:00:00+09:00,5595.0,5595.0,5236.0,5295.0,31366000,0.0,0.0
2022-08-10 00:00:00+09:00,5210.0,5365.0,5188.0,5315.0,16677400,0.0,0.0
2022-08-12 00:00:00+09:00,5509.0,5727.0,5455.0,5610.0,30471900,0.0,0.0
2022-08-15 00:00:00+09:00,5651.0,5929.0,5638.0,5900.0,25059000,0.0,0.0
2022-08-16 00:00:00+09:00,5899.0,5900.0,5741.0,5749.0,21730600,0.0,0.0
2022-08-17 00:00:00+09:00,5783.0,5832.0,5730.0,5802.0,15288300,0.0,0.0
2022-08-18 00:00:00+09:00,5740.0,5844.0,5725.0,5815.0,11182300,0.0,0.0
2022-08-19 00:00:00+09:00,5829.0,5840.0,5744.0,5764.0,11667600,0.0,0.0
2022-08-22 00:00:00+09:00,5696.0,5758.0,5688.0,5739.0,8829600,0.0,0.0
2022-08-23 00:00:00+09:00,5647.0,5673.0,5571.0,5600.0,12583000,0.0,0.0
2022-08-24 00:00:00+09:00,5585.0,5664.0,5574.0,5616.0,9354500,0.0,0.0
2022-08-25 00:00:00+09:00,5646.0,5679.0,5628.0,5638.0,7837600,0.0,0.0
2022-08-26 00:00:00+09:00,5748.0,5814.0,5697.0,5705.0,11878400,0.0,0.0
2022-08-29 00:00:00+09:00,5500.0,5555.0,5474.0,5496.0,14502100,0.0,0.0
2022-08-30 00:00:00+09:00,5552.0,5594.0,5532.0,5588.0,13158200,0.0,0.0
2022-08-31 00:00:00+09:00,5520.0,5614.0,5514.0,5562.0,11743000,0.0,0.0
2022-09-01 00:00:00+09:00,5523.0,5531.0,5427.0,5510.0,13363400,0.0,0.0
2022-09-02 00:00:00+09:00,5530.0,5543.0,5469.0,5493.0,9110600,0.0,0.0
2022-09-05 00:00:00+09:00,5493.0,5523.0,5462.0,5497.0,7366600,0.0,0.0
2022-09-06 00:00:00+09:00,5500.0,5558.0,5475.0,5479.0,8092400,0.0,0.0
2022-09-07 00:00:00+09:00,5462.0,5471.0,5321.0,5368.0,11333700,0.0,0.0
2022-09-08 00:00:00+09:00,5451.0,5504.0,5416.0,5499.0,11345000,0.0,0.0
2022-09-09 00:00:00+09:00,5510.0,5535.0,5428.0,5500.0,13610000,0.0,0.0
2022-09-12 00:00:00+09:00,5556.0,5661.0,5549.0,5637.0,10657900,0.0,0.0
2022-09-13 00:00:00+09:00,5652.0,5698.0,5628.0,5654.0,8269200,0.0,0.0
2022-09-14 00:00:00+09:00,5446.0,5462.0,5401.0,5405.0,15336000,0.0,0.0
2022-09-15 00:00:00+09:00,5432.0,5479.0,5368.0,5438.0,11456300,0.0,0.0
2022-09-16 00:00:00+09:00,5413.0,5474.0,5396.0,5458.0,13271900,0.0,0.0
2022-09-20 00:00:00+09:00,5501.0,5562.0,5486.0,5517.0,10105000,0.0,0.0
2022-09-21 00:00:00+09:00,5466.0,5500.0,5434.0,5453.0,9280900,0.0,0.0
2022-09-22 00:00:00+09:00,5399.0,5409.0,5281.0,5343.0,12256400,0.0,0.0
2022-09-26 00:00:00+09:00,5201.0,5217.0,5049.0,5066.0,13314100,0.0,0.0
2022-09-27 00:00:00+09:00,5111.0,5112.0,5020.0,5030.0,10327300,0.0,0.0
2022-09-28 00:00:00+09:00,5004.0,5057.0,4881.0,4938.0,15146200,0.0,0.0
2022-09-29 00:00:00+09:00,5056.0,5058.0,4960.0,5031.0,12595800,0.0,0.0
2022-09-30 00:00:00+09:00,4931.0,4980.0,4877.0,4900.0,15897600,0.0,0.0
2022-10-03 00:00:00+09:00,4856.0,5004.0,4788.0,4981.0,17928900,0.0,0.0
2022-10-04 00:00:00+09:00,5051.0,5259.0,5031.0,5235.0,18322200,0.0,0.0
2022-10-05 00:00:00+09:00,5280.0,5372.0,5231.0,5355.0,18005500,0.0,0.0
2022-10-06 00:00:00+09:00,5356.0,5532.0,5329.0,5494.0,17782400,0.0,0.0
2022-10-07 00:00:00+09:00,5383.0,5554.0,5347.0,5504.0,16802600,0.0,0.0
2022-10-11 00:00:00+09:00,5390.0,5527.0,5381.0,5451.0,16651800,0.0,0.0
2022-10-12 00:00:00+09:00,5415.0,5581.0,5408.0,5500.0,17451200,0.0,0.0
2022-10-13 00:00:00+09:00,5504.0,5518.0,5453.0,5469.0,12014500,0.0,0.0
2022-10-14 00:00:00+09:00,5555.0,5737.0,5550.0,5650.0,20651600,0.0,0.0
2022-10-17 00:00:00+09:00,5591.0,5627.0,5502.0,5549.0,14195300,0.0,0.0
2022-10-18 00:00:00+09:00,5652.0,5665.0,5430.0,5537.0,21968400,0.0,0.0
2022-10-19 00:00:00+09:00,5566.0,5770.0,5541.0,5743.0,22615800,0.0,0.0
2022-10-20 00:00:00+09:00,5681.0,5813.0,5627.0,5780.0,20584100,0.0,0.0
2022-10-21 00:00:00+09:00,5750.0,5831.0,5698.0,5758.0,18261800,0.0,0.0
2022-10-24 00:00:00+09:00,5834.0,5993.0,5723.0,5733.0,25123300,0.0,0.0
2022-10-25 00:00:00+09:00,5670.0,5993.0,5634.0,5949.0,26358500,0.0,0.0
2022-10-26 00:00:00+09:00,6000.0,6067.0,5943.0,6031.0,23806600,0.0,0.0
2022-10-27 00:00:00+09:00,6001.0,6169.0,5982.0,6087.0,20797300,0.0,0.0
2022-10-28 00:00:00+09:00,6020.0,6135.0,6004.0,6026.0,36559600,0.0,0.0
2022-10-31 00:00:00+09:00,6190.0,6422.0,6162.0,6400.0,29046000,0.0,0.0
2022-11-01 00:00:00+09:00,6440.0,6665.0,6431.0,6574.0,29746900,0.0,0.0
2022-11-02 00:00:00+09:00,6576.0,6724.0,6508.0,6705.0,25708900,0.0,0.0
2022-11-04 00:00:00+09:00,6550.0,6589.0,6402.0,6557.0,29650300,0.0,0.0
2022-11-07 00:00:00+09:00,6605.0,6695.0,6476.0,6601.0,25869400,0.0,0.0
2022-11-08 00:00:00+09:00,6655.0,6997.0,6650.0,6929.0,33680300,0.0,0.0
2022-11-09 00:00:00+09:00,6960.0,7039.0,6868.0,7019.0,29952600,0.0,0.0
2022-11-10 00:00:00+09:00,6850.0,6979.0,6803.0,6833.0,31394200,0.0,0.0
2022-11-11 00:00:00+09:00,7042.0,7180.0,6901.0,6953.0,29186100,0.0,0.0
2022-11-14 00:00:00+09:00,6353.0,6453.0,5956.0,6068.0,40860800,0.0,0.0
2022-11-15 00:00:00+09:00,6068.0,6267.0,6030.0,6147.0,25810600,0.0,0.0
2022-11-16 00:00:00+09:00,6090.0,6400.0,6090.0,6328.0,32497500,0.0,0.0
2022-11-17 00:00:00+09:00,6367.0,6418.0,6258.0,6319.0,16871300,0.0,0.0
2022-11-18 00:00:00+09:00,6355.0,6363.0,6044.0,6075.0,25586100,0.0,0.0
2022-11-21 00:00:00+09:00,6070.0,6164.0,5996.0,6077.0,16610000,0.0,0.0
2022-11-22 00:00:00+09:00,6100.0,6160.0,6029.0,6068.0,13688700,0.0,0.0
2022-11-24 00:00:00+09:00,6110.0,6138.0,6037.0,6064.0,12708200,0.0,0.0
2022-11-25 00:00:00+09:00,6064.0,6130.0,6048.0,6079.0,9876800,0.0,0.0
2022-11-28 00:00:00+09:00,6119.0,6136.0,6006.0,6042.0,10070900,0.0,0.0
2022-11-29 00:00:00+09:00,5982.0,5985.0,5888.0,5959.0,13465900,0.0,0.0
2022-11-30 00:00:00+09:00,5928.0,5979.0,5883.0,5952.0,12695000,0.0,0.0
2022-12-01 00:00:00+09:00,6196.0,6203.0,6035.0,6047.0,15044100,0.0,0.0
2022-12-02 00:00:00+09:00,6029.0,6055.0,5965.0,6055.0,10899000,0.0,0.0
2022-12-05 00:00:00+09:00,6070.0,6075.0,5971.0,6068.0,10821900,0.0,0.0
2022-12-06 00:00:00+09:00,5968.0,6016.0,5894.0,5917.0,12470200,0.0,0.0
2022-12-07 00:00:00+09:00,5862.0,5975.0,5849.0,5967.0,10901400,0.0,0.0
2022-12-08 00:00:00+09:00,5940.0,6133.0,5882.0,6095.0,18019300,0.0,0.0
2022-12-09 00:00:00+09:00,6099.0,6221.0,6099.0,6168.0,15254000,0.0,0.0
2022-12-12 00:00:00+09:00,6113.0,6205.0,6106.0,6205.0,9230100,0.0,0.0
2022-12-13 00:00:00+09:00,6267.0,6302.0,6206.0,6213.0,9798000,0.0,0.0
2022-12-14 00:00:00+09:00,6220.0,6293.0,6213.0,6243.0,10338400,0.0,0.0
2022-12-15 00:00:00+09:00,6232.0,6291.0,6222.0,6291.0,7698700,0.0,0.0
2022-12-16 00:00:00+09:00,6106.0,6113.0,6020.0,6052.0,18042100,0.0,0.0
2022-12-19 00:00:00+09:00,6015.0,6047.0,5998.0,6018.0,8511300,0.0,0.0
2022-12-20 00:00:00+09:00,6038.0,6041.0,5715.0,5726.0,16122200,0.0,0.0
2022-12-21 00:00:00+09:00,5750.0,5828.0,5685.0,5800.0,12087200,0.0,0.0
2022-12-22 00:00:00+09:00,5854.0,5888.0,5733.0,5786.0,9389500,0.0,0.0
2022-12-23 00:00:00+09:00,5700.0,5785.0,5690.0,5757.0,7963100,0.0,0.0
2022-12-26 00:00:00+09:00,5772.0,5824.0,5728.0,5778.0,5392700,0.0,0.0
2022-12-27 00:00:00+09:00,5797.0,5870.0,5785.0,5796.0,6626000,0.0,0.0
2022-12-28 00:00:00+09:00,5770.0,5785.0,5680.0,5711.0,7324500,0.0,0.0
2022-12-29 00:00:00+09:00,5650.0,5656.0,5576.0,5618.0,8281700,0.0,0.0
2022-12-30 00:00:00+09:00,5681.0,5735.0,5624.0,5644.0,9104100,0.0,0.0
2023-01-04 00:00:00+09:00,5555.0,5666.0,5533.0,5640.0,10686100,0.0,0.0
2023-01-05 00:00:00+09:00,5724.0,5784.0,5645.0,5745.0,11519500,0.0,0.0
2023-01-06 00:00:00+09:00,5727.0,5867.0,5717.0,5816.0,10450400,0.0,0.0
2023-01-10 00:00:00+09:00,5916.0,6041.0,5896.0,5953.0,10823000,0.0,0.0
2023-01-11 00:00:00+09:00,6038.0,6083.0,5948.0,5969.0,8738400,0.0,0.0
2023-01-12 00:00:00+09:00,5935.0,6033.0,5931.0,6024.0,7794300,0.0,0.0
2023-01-13 00:00:00+09:00,6024.0,6036.0,5896.0,5924.0,9932600,0.0,0.0
2023-01-16 00:00:00+09:00,5873.0,5900.0,5834.0,5846.0,6838500,0.0,0.0
2023-01-17 00:00:00+09:00,5902.0,5999.0,5853.0,5955.0,7750500,0.0,0.0
2023-01-18 00:00:00+09:00,5951.0,6131.0,5936.0,6099.0,10159900,0.0,0.0
2023-01-19 00:00:00+09:00,5999.0,6009.0,5851.0,5875.0,9958400,0.0,0.0
2023-01-20 00:00:00+09:00,5891.0,5895.0,5817.0,5882.0,6022500,0.0,0.0
2023-01-23 00:00:00+09:00,5982.0,6008.0,5937.0,5984.0,7436200,0.0,0.0
2023-01-24 00:00:00+09:00,6055.0,6222.0,6046.0,6187.0,13148800,0.0,0.0
2023-01-25 00:00:00+09:00,6130.0,6218.0,6125.0,6183.0,7476100,0.0,0.0
2023-01-26 00:00:00+09:00,6218.0,6228.0,6163.0,6198.0,6497100,0.0,0.0
2023-01-27 00:00:00+09:00,6257.0,6280.0,6182.0,6191.0,6181200,0.0,0.0
2023-01-30 00:00:00+09:00,6258.0,6272.0,6145.0,6164.0,7180300,0.0,0.0
2023-01-31 00:00:00+09:00,6163.0,6164.0,6118.0,6144.0,5862300,0.0,0.0
2023-02-01 00:00:00+09:00,6193.0,6268.0,6183.0,6254.0,7798800,0.0,0.0
2023-02-02 00:00:00+09:00,6313.0,6377.0,6297.0,6318.0,8485000,0.0,0.0
2023-02-03 00:00:00+09:00,6377.0,6407.0,6328.0,6328.0,7266800,0.0,0.0
2023-02-06 00:00:00+09:00,6379.0,6379.0,6318.0,6332.0,5791200,0.0,0.0
2023-02-07 00:00:00+09:00,6304.0,6328.0,6254.0,6268.0,5935700,0.0,0.0
2023-02-08 00:00:00+09:00,6016.0,6049.0,5820.0,5948.0,19442400,0.0,0.0
2023-02-09 00:00:00+09:00,5940.0,5975.0,5905.0,5949.0,7976200,0.0,0.0
2023-02-10 00:00:00+09:00,5950.0,5959.0,5858.0,5878.0,10693900,0.0,0.0
2023-02-13 00:00:00+09:00,5865.0,5867.0,5758.0,5812.0,6982000,0.0,0.0
2023-02-14 00:00:00+09:00,5879.0,5898.0,5797.0,5850.0,6173100,0.0,0.0
2023-02-15 00:00:00+09:00,5850.0,5877.0,5713.0,5791.0,8774600,0.0,0.0
2023-02-16 00:00:00+09:00,5840.0,5904.0,5783.0,5893.0,7728900,0.0,0.0
2023-02-17 00:00:00+09:00,5808.0,5841.0,5764.0,5764.0,7409500,0.0,0.0
2023-02-20 00:00:00+09:00,5755.0,5758.0,5710.0,5729.0,4384300,0.0,0.0
2023-02-21 00:00:00+09:00,5710.0,5720.0,5657.0,5700.0,5730900,0.0,0.0
2023-02-22 00:00:00+09:00,5600.0,5644.0,5574.0,5576.0,7462200,0.0,0.0
2023-02-24 00:00:00+09:00,5580.0,5644.0,5572.0,5595.0,6024500,0.0,0.0
2023-02-27 00:00:00+09:00,5530.0,5537.0,5456.0,5469.0,8404800,0.0,0.0
2023-02-28 00:00:00+09:00,5492.0,5547.0,5458.0,5517.0,8272300,0.0,0.0
2023-03-01 00:00:00+09:00,5485.0,5572.0,5484.0,5520.0,7438600,0.0,0.0
2023-03-02 00:00:00+09:00,5490.0,5610.0,5466.0,5583.0,9394900,0.0,0.0
2023-03-03 00:00:00+09:00,5650.0,5653.0,5503.0,5556.0,10973600,0.0,0.0
2023-03-06 00:00:00+09:00,5624.0,5777.0,5602.0,5708.0,11662300,0.0,0.0
2023-03-07 00:00:00+09:00,5735.0,5816.0,5715.0,5727.0,10150000,0.0,0.0
2023-03-08 00:00:00+09:00,5657.0,5709.0,5624.0,5689.0,7601600,0.0,0.0
2023-03-09 00:00:00+09:00,5726.0,5743.0,5657.0,5700.0,6416900,0.0,0.0
2023-03-10 00:00:00+09:00,5600.0,5610.0,5333.0,5343.0,19496300,0.0,0.0
2023-03-13 00:00:00+09:00,5248.0,5284.0,5155.0,5254.0,14731000,0.0,0.0
2023-03-14 00:00:00+09:00,5140.0,5147.0,5001.0,5040.0,14804500,0.0,0.0
2023-03-15 00:00:00+09:00,5113.0,5119.0,4922.0,4969.0,14835800,0.0,0.0
2023-03-16 00:00:00+09:00,4802.0,4950.0,4766.0,4897.0,14468000,0.0,0.0
2023-03-17 00:00:00+09:00,4876.0,4939.0,4852.0,4891.0,11392600,0.0,0.0
2023-03-20 00:00:00+09:00,4900.0,4965.0,4832.0,4851.0,10189600,0.0,0.0
2023-03-22 00:00:00+09:00,5000.0,5015.0,4912.0,4987.0,10272000,0.0,0.0
2023-03-23 00:00:00+09:00,4906.0,4975.0,4900.0,4960.0,8565500,0.0,0.0
2023-03-24 00:00:00+09:00,4950.0,4987.0,4910.0,4972.0,7941800,0.0,0.0
2023-03-27 00:00:00+09:00,4990.0,5004.0,4942.0,4957.0,5869700,0.0,0.0
2023-03-28 00:00:00+09:00,4992.0,4993.0,4831.0,4888.0,9577800,0.0,0.0
2023-03-29 00:00:00+09:00,5088.0,5205.0,5050.0,5190.0,17838400,0.0,0.0
2023-03-30 00:00:00+09:00,5190.0,5218.0,5035.0,5084.0,13158900,0.0,0.0
2023-03-31 00:00:00+09:00,5137.0,5298.0,5111.0,5182.0,17111600,0.0,0.0
2023-04-03 00:00:00+09:00,5260.0,5278.0,5194.0,5218.0,9469300,0.0,0.0
2023-04-04 00:00:00+09:00,5210.0,5254.0,5168.0,5244.0,8109900,0.0,0.0
2023-04-05 00:00:00+09:00,5261.0,5315.0,5193.0,5213.0,10338500,0.0,0.0
2023-04-06 00:00:00+09:00,5189.0,5245.0,5147.0,5228.0,9276900,0.0,0.0
2023-04-07 00:00:00+09:00,5230.0,5257.0,5146.0,5169.0,7031900,0.0,0.0
2023-04-10 00:00:00+09:00,5189.0,5190.0,5084.0,5100.0,7831400,0.0,0.0
2023-04-11 00:00:00+09:00,5139.0,5155.0,5102.0,5102.0,6772200,0.0,0.0
2023-04-12 00:00:00+09:00,5223.0,5311.0,5171.0,5178.0,9752200,0.0,0.0
2023-04-13 00:00:00+09:00,5145.0,5273.0,5121.0,5128.0,10389800,0.0,0.0
2023-04-14 00:00:00+09:00,5228.0,5229.0,5091.0,5120.0,11312800,0.0,0.0
2023-04-17 00:00:00+09:00,5120.0,5178.0,5120.0,5173.0,6198700,0.0,0.0
2023-04-18 00:00:00+09:00,5150.0,5214.0,5148.0,5186.0,6534000,0.0,0.0
2023-04-19 00:00:00+09:00,5190.0,5235.0,5139.0,5179.0,7132800,0.0,0.0
2023-04-20 00:00:00+09:00,5132.0,5141.0,5061.0,5094.0,8067900,0.0,0.0
2023-04-21 00:00:00+09:00,5025.0,5050.0,4975.0,4996.0,9374800,0.0,0.0
2023-04-24 00:00:00+09:00,5035.0,5119.0,5032.0,5054.0,8114700,0.0,0.0
2023-04-25 00:00:00+09:00,5039.0,5065.0,5018.0,5030.0,5705100,0.0,0.0
2023-04-26 00:00:00+09:00,4981.0,5048.0,4969.0,5040.0,8831200,0.0,0.0
2023-04-27 00:00:00+09:00,5053.0,5056.0,4948.0,4948.0,24461600,0.0,0.0
2023-04-28 00:00:00+09:00,5018.0,5103.0,4977.0,5094.0,10587700,0.0,0.0
2023-05-01 00:00:00+09:00,5182.0,5219.0,5135.0,5163.0,10380100,0.0,0.0
2023-05-02 00:00:00+09:00,5187.0,5213.0,5123.0,5170.0,8120100,0.0,0.0
2023-05-08 00:00:00+09:00,5130.0,5138.0,5075.0,5120.0,6944300,0.0,0.0
2023-05-09 00:00:00+09:00,5150.0,5154.0,5123.0,5123.0,5324000,0.0,0.0
2023-05-10 00:00:00+09:00,5120.0,5189.0,5098.0,5182.0,7001600,0.0,0.0
2023-05-11 00:00:00+09:00,5151.0,5171.0,5102.0,5138.0,6409200,0.0,0.0
2023-05-12 00:00:00+09:00,4984.0,5010.0,4854.0,4949.0,22738400,0.0,0.0
2023-05-15 00:00:00+09:00,4940.0,5014.0,4879.0,4950.0,9989400,0.0,0.0
2023-05-16 00:00:00+09:00,5009.0,5047.0,4986.0,4999.0,8285300,0.0,0.0
2023-05-17 00:00:00+09:00,5056.0,5284.0,5041.0,5240.0,16585800,0.0,0.0
2023-05-18 00:00:00+09:00,5300.0,5311.0,5146.0,5200.0,12279500,0.0,0.0
2023-05-19 00:00:00+09:00,5251.0,5269.0,5175.0,5179.0,8635000,0.0,0.0
2023-05-22 00:00:00+09:00,5190.0,5222.0,5171.0,5218.0,5938500,0.0,0.0
2023-05-23 00:00:00+09:00,5220.0,5238.0,5132.0,5180.0,8315500,0.0,0.0
2023-05-24 00:00:00+09:00,5152.0,5156.0,5055.0,5058.0,8616900,0.0,0.0
2023-05-25 00:00:00+09:00,5062.0,5135.0,5045.0,5065.0,7925600,0.0,0.0
2023-05-26 00:00:00+09:00,5070.0,5140.0,5061.0,5122.0,8438700,0.0,0.0
2023-05-29 00:00:00+09:00,5210.0,5595.0,5201.0,5542.0,30582100,0.0,0.0
2023-05-30 00:00:00+09:00,5515.0,5570.0,5276.0,5510.0,31008900,0.0,0.0
2023-05-31 00:00:00+09:00,5490.0,5614.0,5405.0,5475.0,41978000,0.0,0.0
2023-06-01 00:00:00+09:00,5542.0,5815.0,5515.0,5725.0,28574800,0.0,0.0
2023-06-02 00:00:00+09:00,5925.0,6067.0,5888.0,5971.0,31727400,0.0,0.0
2023-06-05 00:00:00+09:00,6180.0,6198.0,5955.0,6022.0,23236300,0.0,0.0
2023-06-06 00:00:00+09:00,5970.0,6108.0,5930.0,6081.0,15223200,0.0,0.0
2023-06-07 00:00:00+09:00,6088.0,6178.0,5983.0,6000.0,22212500,0.0,0.0
2023-06-08 00:00:00+09:00,5975.0,6068.0,5862.0,5912.0,15196400,0.0,0.0
2023-06-09 00:00:00+09:00,6012.0,6016.0,5876.0,5901.0,14798600,0.0,0.0
2023-06-12 00:00:00+09:00,5960.0,6066.0,5941.0,5995.0,11647800,0.0,0.0
2023-06-13 00:00:00+09:00,6180.0,6458.0,6150.0,6310.0,32705300,0.0,0.0
2023-06-14 00:00:00+09:00,6410.0,6680.0,6345.0,6610.0,33517400,0.0,0.0
2023-06-15 00:00:00+09:00,6550.0,6661.0,6471.0,6492.0,19895000,0.0,0.0
2023-06-16 00:00:00+09:00,6520.0,6658.0,6489.0,6639.0,20897700,0.0,0.0
2023-06-19 00:00:00+09:00,6640.0,6699.0,6450.0,6506.0,17752000,0.0,0.0
2023-06-20 00:00:00+09:00,6530.0,6760.0,6511.0,6691.0,25522800,0.0,0.0
2023-06-21 00:00:00+09:00,6685.0,6964.0,6666.0,6937.0,38043800,0.0,0.0
2023-06-22 00:00:00+09:00,6888.0,6935.0,6766.0,6787.0,22975600,0.0,0.0
2023-06-23 00:00:00+09:00,6825.0,6855.0,6528.0,6625.0,22397800,0.0,0.0
2023-06-26 00:00:00+09:00,6555.0,6669.0,6517.0,6622.0,14816700,0.0,0.0
2023-06-27 00:00:00+09:00,6522.0,6593.0,6433.0,6518.0,15701100,0.0,0.0
2023-06-28 00:00:00+09:00,6597.0,6650.0,6488.0,6650.0,14203500,0.0,0.0
2023-06-29 00:00:00+09:00,6610.0,6839.0,6595.0,6737.0,18255400,0.0,0.0
2023-06-30 00:00:00+09:00,6695.0,6813.0,6666.0,6773.0,15002700,0.0,0.0
2023-07-03 00:00:00+09:00,6808.0,6849.0,6710.0,6834.0,12481100,0.0,0.0
2023-07-04 00:00:00+09:00,6812.0,6869.0,6753.0,6852.0,12209200,0.0,0.0
2023-07-05 00:00:00+09:00,6832.0,6970.0,6803.0,6939.0,12060800,0.0,0.0
2023-07-06 00:00:00+09:00,6880.0,6910.0,6788.0,6807.0,13597600,0.0,0.0
2023-07-07 00:00:00+09:00,6720.0,6832.0,6638.0,6724.0,15548700,0.0,0.0
2023-07-10 00:00:00+09:00,6700.0,6868.0,6700.0,6767.0,14450100,0.0,0.0
2023-07-11 00:00:00+09:00,6797.0,6845.0,6739.0,6751.0,9556200,0.0,0.0
2023-07-12 00:00:00+09:00,6801.0,6980.0,6702.0,6895.0,24053300,0.0,0.0
2023-07-13 00:00:00+09:00,7050.0,7123.0,6942.0,7098.0,20815100,0.0,0.0
2023-07-14 00:00:00+09:00,7101.0,7139.0,6948.0,6955.0,16885000,0.0,0.0
2023-07-18 00:00:00+09:00,6921.0,6989.0,6856.0,6897.0,9431000,0.0,0.0
2023-07-19 00:00:00+09:00,7008.0,7083.0,6993.0,7055.0,11486300,0.0,0.0
2023-07-20 00:00:00+09:00,7008.0,7035.0,6955.0,6998.0,10365500,0.0,0.0
2023-07-21 00:00:00+09:00,6900.0,6967.0,6832.0,6946.0,9359000,0.0,0.0
2023-07-24 00:00:00+09:00,6999.0,7030.0,6964.0,7028.0,7273500,0.0,0.0
2023-07-25 00:00:00+09:00,6990.0,7099.0,6944.0,6966.0,9385500,0.0,0.0
2023-07-26 00:00:00+09:00,6980.0,7063.0,6955.0,7029.0,7309800,0.0,0.0
2023-07-27 00:00:00+09:00,6995.0,7133.0,6988.0,7105.0,9040400,0.0,0.0
2023-07-28 00:00:00+09:00,6999.0,7098.0,6928.0,7098.0,15615200,0.0,0.0
2023-07-31 00:00:00+09:00,7170.0,7297.0,7126.0,7242.0,15093700,0.0,0.0
2023-08-01 00:00:00+09:00,7270.0,7282.0,7226.0,7250.0,7441100,0.0,0.0
2023-08-02 00:00:00+09:00,7176.0,7208.0,6964.0,6983.0,13954800,0.0,0.0
2023-08-03 00:00:00+09:00,6930.0,6999.0,6895.0,6929.0,8891500,0.0,0.0
2023-08-04 00:00:00+09:00,6912.0,7009.0,6881.0,6979.0,6380400,0.0,0.0
2023-08-07 00:00:00+09:00,6882.0,6929.0,6761.0,6917.0,8602000,0.0,0.0
2023-08-08 00:00:00+09:00,6964.0,7041.0,6950.0,7022.0,7381000,0.0,0.0
2023-08-09 00:00:00+09:00,7018.0,7095.0,6698.0,6802.0,18462900,0.0,0.0
2023-08-10 00:00:00+09:00,6721.0,6876.0,6695.0,6827.0,11116100,0.0,0.0
2023-08-14 00:00:00+09:00,6800.0,6800.0,6608.0,6631.0,10413700,0.0,0.0
2023-08-15 00:00:00+09:00,6731.0,6765.0,6652.0,6675.0,7364500,0.0,0.0
2023-08-16 00:00:00+09:00,6550.0,6550.0,6466.0,6466.0,9389400,0.0,0.0
2023-08-17 00:00:00+09:00,6420.0,6512.0,6312.0,6479.0,9984300,0.0,0.0
2023-08-18 00:00:00+09:00,6333.0,6569.0,6319.0,6493.0,11343300,0.0,0.0
2023-08-21 00:00:00+09:00,6517.0,6575.0,6451.0,6568.0,9185100,0.0,0.0
2023-08-22 00:00:00+09:00,6713.0,6796.0,6648.0,6660.0,12530300,0.0,0.0
2023-08-23 00:00:00+09:00,6630.0,6642.0,6563.0,6603.0,8072000,0.0,0.0
2023-08-24 00:00:00+09:00,6671.0,6784.0,6632.0,6780.0,9623100,0.0,0.0
2023-08-25 00:00:00+09:00,6585.0,6632.0,6523.0,6573.0,11506200,0.0,0.0
2023-08-28 00:00:00+09:00,6610.0,6635.0,6568.0,6572.0,7073900,0.0,0.0
2023-08-29 00:00:00+09:00,6625.0,6632.0,6587.0,6604.0,5866300,0.0,0.0
2023-08-30 00:00:00+09:00,6654.0,6654.0,6546.0,6573.0,8707300,0.0,0.0
2023-08-31 00:00:00+09:00,6541.0,6569.0,6530.0,6545.0,6534100,0.0,0.0
2023-09-01 00:00:00+09:00,6496.0,6559.0,6489.0,6500.0,7139600,0.0,0.0
2023-09-04 00:00:00+09:00,6496.0,6496.0,6400.0,6415.0,9451100,0.0,0.0
2023-09-05 00:00:00+09:00,6390.0,6483.0,6356.0,6422.0,8550300,0.0,0.0
2023-09-06 00:00:00+09:00,6448.0,6450.0,6351.0,6400.0,9382300,0.0,0.0
2023-09-07 00:00:00+09:00,6400.0,6483.0,6351.0,6351.0,9397900,0.0,0.0
2023-09-08 00:00:00+09:00,6395.0,6403.0,6305.0,6365.0,9705500,0.0,0.0
2023-09-11 00:00:00+09:00,6417.0,6619.0,6415.0,6611.0,14375600,0.0,0.0
2023-09-12 00:00:00+09:00,6737.0,6864.0,6670.0,6741.0,16316400,0.0,0.0
2023-09-13 00:00:00+09:00,6718.0,6766.0,6583.0,6631.0,12339400,0.0,0.0
2023-09-14 00:00:00+09:00,6680.0,6708.0,6482.0,6581.0,14085300,0.0,0.0
2023-09-15 00:00:00+09:00,6766.0,6914.0,6685.0,6718.0,24735000,0.0,0.0
2023-09-19 00:00:00+09:00,6541.0,6552.0,6431.0,6497.0,15358700,0.0,0.0
2023-09-20 00:00:00+09:00,6449.0,6508.0,6408.0,6462.0,8737200,0.0,0.0
2023-09-21 00:00:00+09:00,6405.0,6419.0,6257.0,6257.0,11480400,0.0,0.0
2023-09-22 00:00:00+09:00,6108.0,6239.0,6106.0,6198.0,10388700,0.0,0.0
2023-09-25 00:00:00+09:00,6189.0,6432.0,6186.0,6424.0,10051400,0.0,0.0
2023-09-26 00:00:00+09:00,6432.0,6470.0,6358.0,6370.0,7870900,0.0,0.0
2023-09-27 00:00:00+09:00,6322.0,6419.0,6298.0,6419.0,8329400,0.0,0.0
2023-09-28 00:00:00+09:00,6410.0,6440.0,6266.0,6298.0,9277900,0.0,0.0
2023-09-29 00:00:00+09:00,6321.0,6380.0,6273.0,6335.0,10105500,0.0,0.0
2023-10-02 00:00:00+09:00,6357.0,6425.0,6250.0,6250.0,7793100,0.0,0.0
2023-10-03 00:00:00+09:00,6258.0,6288.0,6163.0,6203.0,8582100,0.0,0.0
2023-10-04 00:00:00+09:00,6079.0,6164.0,5993.0,6074.0,10806300,0.0,0.0
2023-10-05 00:00:00+09:00,6130.0,6132.0,6032.0,6082.0,8556500,0.0,0.0
2023-10-06 00:00:00+09:00,6093.0,6117.0,6026.0,6079.0,5800700,0.0,0.0
2023-10-10 00:00:00+09:00,6120.0,6340.0,6096.0,6290.0,9054800,0.0,0.0
2023-10-11 00:00:00+09:00,6337.0,6458.0,6322.0,6456.0,8753900,0.0,0.0
2023-10-12 00:00:00+09:00,6484.0,6533.0,6437.0,6527.0,8786500,0.0,0.0
2023-10-13 00:00:00+09:00,6453.0,6518.0,6439.0,6508.0,7469200,0.0,0.0
2023-10-16 00:00:00+09:00,6408.0,6428.0,6331.0,6375.0,7258500,0.0,0.0
2023-10-17 00:00:00+09:00,6485.0,6555.0,6482.0,6544.0,7791100,0.0,0.0
2023-10-18 00:00:00+09:00,6518.0,6520.0,6435.0,6450.0,5986900,0.0,0.0
2023-10-19 00:00:00+09:00,6363.0,6429.0,6361.0,6385.0,4648500,0.0,0.0
2023-10-20 00:00:00+09:00,6340.0,6341.0,6208.0,6255.0,7435300,0.0,0.0
2023-10-23 00:00:00+09:00,6220.0,6235.0,6123.0,6130.0,5981000,0.0,0.0
2023-10-24 00:00:00+09:00,6219.0,6289.0,6141.0,6233.0,7762600,0.0,0.0
2023-10-25 00:00:00+09:00,6323.0,6358.0,6282.0,6307.0,5887700,0.0,0.0
2023-10-26 00:00:00+09:00,6130.0,6138.0,6015.0,6044.0,9750200,0.0,0.0
2023-10-27 00:00:00+09:00,6110.0,6157.0,6051.0,6140.0,6877400,0.0,0.0
2023-10-30 00:00:00+09:00,6046.0,6129.0,6010.0,6116.0,5519700,0.0,0.0
2023-10-31 00:00:00+09:00,6105.0,6156.0,6044.0,6124.0,6554500,0.0,0.0
2023-11-01 00:00:00+09:00,6206.0,6263.0,6161.0,6187.0,6121800,0.0,0.0
2023-11-02 00:00:00+09:00,6279.0,6309.0,6226.0,6280.0,6108800,0.0,0.0
2023-11-06 00:00:00+09:00,6432.0,6459.0,6392.0,6409.0,7561000,0.0,0.0
2023-11-07 00:00:00+09:00,6380.0,6435.0,6334.0,6427.0,6212600,0.0,0.0
2023-11-08 00:00:00+09:00,6409.0,6464.0,6220.0,6238.0,8195600,0.0,0.0
2023-11-09 00:00:00+09:00,6152.0,6333.0,6098.0,6305.0,7250900,0.0,0.0
2023-11-10 00:00:00+09:00,6000.0,6016.0,5721.0,5790.0,27804300,0.0,0.0
2023-11-13 00:00:00+09:00,5790.0,5812.0,5724.0,5762.0,8858400,0.0,0.0
2023-11-14 00:00:00+09:00,5768.0,5797.0,5648.0,5726.0,9123700,0.0,0.0
2023-11-15 00:00:00+09:00,5850.0,6034.0,5840.0,6023.0,13343300,0.0,0.0
2023-11-16 00:00:00+09:00,6011.0,6128.0,6008.0,6112.0,8438600,0.0,0.0
2023-11-17 00:00:00+09:00,6081.0,6113.0,6057.0,6073.0,6964300,0.0,0.0
2023-11-20 00:00:00+09:00,6070.0,6254.0,6055.0,6160.0,8862200,0.0,0.0
2023-11-21 00:00:00+09:00,6234.0,6285.0,6158.0,6215.0,7609900,0.0,0.0
2023-11-22 00:00:00+09:00,6162.0,6231.0,6161.0,6198.0,5409700,0.0,0.0
2023-11-24 00:00:00+09:00,6265.0,6344.0,6227.0,6228.0,6863800,0.0,0.0
2023-11-27 00:00:00+09:00,6202.0,6205.0,6079.0,6123.0,7044200,0.0,0.0
2023-11-28 00:00:00+09:00,6160.0,6188.0,6120.0,6140.0,6031400,0.0,0.0
2023-11-29 00:00:00+09:00,6130.0,6183.0,6049.0,6049.0,6323600,0.0,0.0
2023-11-30 00:00:00+09:00,6050.0,6073.0,5991.0,6020.0,9730800,0.0,0.0
2023-12-01 00:00:00+09:00,5999.0,6050.0,5903.0,5920.0,7474700,0.0,0.0
2023-12-04 00:00:00+09:00,5966.0,5970.0,5842.0,5852.0,5928400,0.0,0.0
2023-12-05 00:00:00+09:00,5820.0,5830.0,5740.0,5754.0,8414000,0.0,0.0
2023-12-06 00:00:00+09:00,5788.0,5829.0,5771.0,5789.0,5782700,0.0,0.0
2023-12-07 00:00:00+09:00,5720.0,5775.0,5650.0,5692.0,9492000,0.0,0.0
2023-12-08 00:00:00+09:00,5690.0,5767.0,5639.0,5652.0,10187600,0.0,0.0
2023-12-11 00:00:00+09:00,5770.0,5887.0,5747.0,5764.0,9457600,0.0,0.0
2023-12-12 00:00:00+09:00,5810.0,5833.0,5741.0,5785.0,6612900,0.0,0.0
2023-12-13 00:00:00+09:00,5815.0,5884.0,5782.0,5881.0,7059400,0.0,0.0
2023-12-14 00:00:00+09:00,5955.0,6089.0,5896.0,5932.0,10513400,0.0,0.0
2023-12-15 00:00:00+09:00,5911.0,6133.0,5911.0,6088.0,11171400,0.0,0.0
2023-12-18 00:00:00+09:00,6050.0,6098.0,5997.0,6047.0,7180400,0.0,0.0
2023-12-19 00:00:00+09:00,5999.0,6099.0,5955.0,6099.0,6634900,0.0,0.0
2023-12-20 00:00:00+09:00,6154.0,6226.0,6067.0,6073.0,9136700,0.0,0.0
2023-12-21 00:00:00+09:00,5973.0,6022.0,5946.0,6019.0,5573600,0.0,0.0
2023-12-22 00:00:00+09:00,6003.0,6062.0,5970.0,6024.0,5517900,0.0,0.0
2023-12-25 00:00:00+09:00,6078.0,6121.0,6072.0,6099.0,3847800,0.0,0.0
2023-12-26 00:00:00+09:00,6115.0,6131.0,6066.0,6099.0,4353000,0.0,0.0
2023-12-27 00:00:00+09:00,6251.0,6528.0,6251.0,6357.0,16505700,0.0,0.0
2023-12-28 00:00:00+09:00,6340.0,6363.0,6272.0,6324.0,6941800,0.0,0.0
2023-12-29 00:00:00+09:00,6355.0,6378.0,6265.0,6293.0,7440600,0.0,0.0
2024-01-04 00:00:00+09:00,6040.0,6086.0,6019.0,6050.0,9392500,0.0,0.0
2024-01-05 00:00:00+09:00,6040.0,6119.0,6040.0,6080.0,6167600,0.0,0.0
2024-01-09 00:00:00+09:00,6180.0,6275.0,6138.0,6242.0,8721400,0.0,0.0
2024-01-10 00:00:00+09:00,6208.0,6337.0,6158.0,6310.0,9992000,0.0,0.0
2024-01-11 00:00:00+09:00,6480.0,6503.0,6363.0,6431.0,9821800,0.0,0.0
2024-01-12 00:00:00+09:00,6631.0,6642.0,6438.0,6451.0,12694900,0.0,0.0
2024-01-15 00:00:00+09:00,6473.0,6489.0,6396.0,6419.0,1515100,0.0,0.0
2024-01-16 00:00:00+09:00,6473.0,6489.0,6358.0,6386.0,5530800,0.0,0.0
2024-01-17 00:00:00+09:00,6390.0,6597.0,6390.0,6526.0,9102600,0.0,0.0
2024-01-18 00:00:00+09:00,6495.0,6506.0,6428.0,6478.0,5509500,0.0,0.0
2024-01-19 00:00:00+09:00,6599.0,6627.0,6525.0,6565.0,8053900,0.0,0.0
2024-01-22 00:00:00+09:00,6670.0,6742.0,6638.0,6723.0,8705600,0.0,0.0
2024-01-23 00:00:00+09:00,6719.0,6805.0,6671.0,6702.0,9163400,0.0,0.0
2024-01-24 00:00:00+09:00,6740.0,6753.0,6691.0,6726.0,5370400,0.0,0.0
2024-01-25 00:00:00+09:00,6700.0,6709.0,6635.0,6667.0,5070300,0.0,0.0
2024-01-26 00:00:00+09:00,6625.0,6629.0,6511.0,6520.0,6249900,0.0,0.0
2024-01-29 00:00:00+09:00,6527.0,6579.0,6480.0,6545.0,5165600,0.0,0.0
2024-01-30 00:00:00+09:00,6582.0,6594.0,6501.0,6515.0,3794000,0.0,0.0
2024-01-31 00:00:00+09:00,6415.0,6460.0,6378.0,6460.0,6364400,0.0,0.0
2024-02-01 00:00:00+09:00,6406.0,6426.0,6372.0,6399.0,4510800,0.0,0.0
2024-02-02 00:00:00+09:00,6441.0,6522.0,6434.0,6457.0,5586400,0.0,0.0
2024-02-05 00:00:00+09:00,6525.0,6667.0,6491.0,6659.0,7341700,0.0,0.0
2024-02-06 00:00:00+09:00,6655.0,6695.0,6622.0,6658.0,6324700,0.0,0.0
2024-02-07 00:00:00+09:00,6637.0,6639.0,6546.0,6618.0,6192700,0.0,0.0
2024-02-08 00:00:00+09:00,7250.0,7359.0,7085.0,7350.0,30811900,0.0,0.0
2024-02-09 00:00:00+09:00,8020.0,8477.0,7957.0,7991.0,51708800,0.0,0.0
2024-02-13 00:00:00+09:00,8700.0,8873.0,8425.0,8492.0,37887300,0.0,0.0
2024-02-14 00:00:00+09:00,8192.0,8384.0,8109.0,8207.0,19989800,0.0,0.0
2024-02-15 00:00:00+09:00,8440.0,8598.0,8345.0,8502.0,16859300,0.0,0.0
2024-02-16 00:00:00+09:00,8648.0,8680.0,8272.0,8315.0,16102900,0.0,0.0
2024-02-19 00:00:00+09:00,8354.0,8578.0,8334.0,8548.0,14935700,0.0,0.0
2024-02-20 00:00:00+09:00,8581.0,8763.0,8506.0,8539.0,14862800,0.0,0.0
2024-02-21 00:00:00+09:00,8395.0,8417.0,8290.0,8370.0,10546800,0.0,0.0
2024-02-22 00:00:00+09:00,8770.0,8837.0,8675.0,8800.0,19333300,0.0,0.0
2024-02-26 00:00:00+09:00,9064.0,9095.0,8720.0,8779.0,15683100,0.0,0.0
2024-02-27 00:00:00+09:00,8900.0,9060.0,8856.0,8993.0,14682700,0.0,0.0
2024-02-28 00:00:00+09:00,8900.0,8938.0,8801.0,8920.0,9335600,0.0,0.0
2024-02-29 00:00:00+09:00,8800.0,8840.0,8738.0,8790.0,10544100,0.0,0.0
2024-03-01 00:00:00+09:00,8858.0,9020.0,8824.0,8907.0,12555200,0.0,0.0
2024-03-04 00:00:00+09:00,9050.0,9199.0,8918.0,8934.0,12317400,0.0,0.0
2024-03-05 00:00:00+09:00,8865.0,9054.0,8855.0,9008.0,10072900,0.0,0.0
2024-03-06 00:00:00+09:00,8899.0,8937.0,8842.0,8874.0,8299700,0.0,0.0
2024-03-07 00:00:00+09:00,8950.0,9131.0,8881.0,9014.0,15125100,0.0,0.0
2024-03-08 00:00:00+09:00,9159.0,9290.0,9055.0,9179.0,18130600,0.0,0.0
2024-03-11 00:00:00+09:00,8800.0,8810.0,8534.0,8625.0,14317000,0.0,0.0
2024-03-12 00:00:00+09:00,8500.0,8613.0,8458.0,8568.0,9062400,0.0,0.0
2024-03-13 00:00:00+09:00,8705.0,8718.0,8430.0,8552.0,9845300,0.0,0.0
2024-03-14 00:00:00+09:00,8560.0,8653.0,8547.0,8591.0,6611300,0.0,0.0
2024-03-15 00:00:00+09:00,8500.0,8657.0,8459.0,8637.0,7512300,0.0,0.0
2024-03-18 00:00:00+09:00,8655.0,8815.0,8622.0,8790.0,7157800,0.0,0.0
2024-03-19 00:00:00+09:00,8743.0,8829.0,8681.0,8821.0,7275600,0.0,0.0
2024-03-21 00:00:00+09:00,9085.0,9296.0,8992.0,9263.0,14276200,0.0,0.0
2024-03-22 00:00:00+09:00,9319.0,9386.0,9247.0,9247.0,9684400,0.0,0.0
2024-03-25 00:00:00+09:00,9215.0,9349.0,9181.0,9182.0,7058700,0.0,0.0
2024-03-26 00:00:00+09:00,9235.0,9265.0,8978.0,9074.0,9037600,0.0,0.0
2024-03-27 00:00:00+09:00,8950.0,9103.0,8921.0,9049.0,7756700,0.0,0.0
2024-03-28 00:00:00+09:00,8964.0,9026.0,8930.0,8962.0,6814700,0.0,0.0
2024-03-29 00:00:00+09:00,8965.0,9004.0,8911.0,8942.0,2857900,0.0,0.0
2024-04-01 00:00:00+09:00,9018.0,9029.0,8777.0,8830.0,5793500,0.0,0.0
2024-04-02 00:00:00+09:00,8864.0,8897.0,8770.0,8796.0,5027500,0.0,0.0
2024-04-03 00:00:00+09:00,8646.0,8736.0,8625.0,8687.0,5624500,0.0,0.0
2024-04-04 00:00:00+09:00,8837.0,8903.0,8778.0,8780.0,5886000,0.0,0.0
2024-04-05 00:00:00+09:00,8631.0,8631.0,8451.0,8537.0,7402000,0.0,0.0
2024-04-08 00:00:00+09:00,8660.0,8672.0,8578.0,8600.0,5086300,0.0,0.0
2024-04-09 00:00:00+09:00,8615.0,8625.0,8512.0,8575.0,4580900,0.0,0.0
2024-04-10 00:00:00+09:00,8510.0,8561.0,8488.0,8535.0,3732700,0.0,0.0
2024-04-11 00:00:00+09:00,8432.0,8487.0,8371.0,8447.0,4876600,0.0,0.0
2024-04-12 00:00:00+09:00,8616.0,8645.0,8471.0,8485.0,6259500,0.0,0.0
2024-04-15 00:00:00+09:00,8300.0,8337.0,8274.0,8322.0,5417100,0.0,0.0
2024-04-16 00:00:00+09:00,8060.0,8160.0,8001.0,8108.0,7742100,0.0,0.0
2024-04-17 00:00:00+09:00,8108.0,8133.0,7986.0,8000.0,5768400,0.0,0.0
2024-04-18 00:00:00+09:00,7701.0,7919.0,7698.0,7876.0,9068000,0.0,0.0
2024-04-19 00:00:00+09:00,7700.0,7722.0,7498.0,7648.0,9803500,0.0,0.0
2024-04-22 00:00:00+09:00,7498.0,7615.0,7396.0,7511.0,8291600,0.0,0.0
2024-04-23 00:00:00+09:00,7654.0,7679.0,7486.0,7518.0,5465500,0.0,0.0
2024-04-24 00:00:00+09:00,7615.0,7777.0,7604.0,7755.0,6473600,0.0,0.0
2024-04-25 00:00:00+09:00,7647.0,7719.0,7590.0,7603.0,5587400,0.0,0.0
2024-04-26 00:00:00+09:00,7700.0,7814.0,7680.0,7782.0,6105100,0.0,0.0
2024-04-30 00:00:00+09:00,7904.0,7965.0,7848.0,7915.0,5504100,0.0,0.0
2024-05-01 00:00:00+09:00,7785.0,7835.0,7751.0,7789.0,3910400,0.0,0.0
2024-05-02 00:00:00+09:00,7709.0,7803.0,7677.0,7793.0,3724500,0.0,0.0
2024-05-07 00:00:00+09:00,8015.0,8078.0,7934.0,8078.0,6352200,0.0,0.0
2024-05-08 00:00:00+09:00,8000.0,8013.0,7939.0,7941.0,5030200,0.0,0.0
2024-05-09 00:00:00+09:00,7791.0,7833.0,7721.0,7736.0,5262500,0.0,0.0
2024-05-10 00:00:00+09:00,7920.0,7964.0,7846.0,7877.0,5319300,0.0,0.0
2024-05-13 00:00:00+09:00,8015.0,8127.0,7962.0,8000.0,9032800,0.0,0.0
2024-05-14 00:00:00+09:00,8150.0,8359.0,7935.0,8347.0,18553400,0.0,0.0
2024-05-15 00:00:00+09:00,8340.0,8479.0,8274.0,8359.0,10400800,0.0,0.0
2024-05-16 00:00:00+09:00,8414.0,8585.0,8361.0,8539.0,8722200,0.0,0.0
2024-05-17 00:00:00+09:00,8451.0,8563.0,8428.0,8550.0,5640900,0.0,0.0
2024-05-20 00:00:00+09:00,8430.0,8565.0,8312.0,8312.0,8547500,0.0,0.0
2024-05-21 00:00:00+09:00,8334.0,8385.0,8174.0,8176.0,6206300,0.0,0.0
2024-05-22 00:00:00+09:00,8202.0,8394.0,8200.0,8372.0,7269800,0.0,0.0
2024-05-23 00:00:00+09:00,8458.0,8772.0,8424.0,8730.0,10905500,0.0,0.0
2024-05-24 00:00:00+09:00,8530.0,8564.0,8452.0,8515.0,7201100,0.0,0.0
2024-05-27 00:00:00+09:00,8569.0,8657.0,8558.0,8609.0,5410000,0.0,0.0
2024-05-28 00:00:00+09:00,8595.0,8766.0,8582.0,8722.0,6695300,0.0,0.0
2024-05-29 00:00:00+09:00,8899.0,9066.0,8877.0,8964.0,11015500,0.0,0.0
2024-05-30 00:00:00+09:00,8751.0,8793.0,8661.0,8758.0,8050800,0.0,0.0
2024-05-31 00:00:00+09:00,8801.0,9047.0,8761.0,9042.0,15267000,0.0,0.0
2024-06-03 00:00:00+09:00,9090.0,9185.0,8996.0,9095.0,7827800,0.0,0.0
2024-06-04 00:00:00+09:00,9115.0,9130.0,8967.0,9003.0,7069000,0.0,0.0
2024-06-05 00:00:00+09:00,8940.0,9572.0,8940.0,9420.0,14196400,0.0,0.0
2024-06-06 00:00:00+09:00,9720.0,9929.0,9501.0,9551.0,19778100,0.0,0.0
2024-06-07 00:00:00+09:00,9568.0,9629.0,9416.0,9496.0,8176000,0.0,0.0
2024-06-10 00:00:00+09:00,9537.0,9740.0,9525.0,9724.0,8032100,0.0,0.0
2024-06-11 00:00:00+09:00,9813.0,9858.0,9657.0,9669.0,7524700,0.0,0.0
2024-06-12 00:00:00+09:00,9714.0,9827.0,9652.0,9703.0,6161700,0.0,0.0
2024-06-13 00:00:00+09:00,9930.0,10100.0,9772.0,9772.0,13204500,0.0,0.0
2024-06-14 00:00:00+09:00,9781.0,10220.0,9764.0,10100.0,16475500,0.0,0.0
2024-06-17 00:00:00+09:00,9993.0,10200.0,9825.0,10120.0,10275600,0.0,0.0
2024-06-18 00:00:00+09:00,10285.0,10370.0,9985.0,10125.0,7638300,0.0,0.0
2024-06-19 00:00:00+09:00,10345.0,10550.0,10145.0,10225.0,11577500,0.0,0.0
2024-06-20 00:00:00+09:00,10200.0,10320.0,10115.0,10210.0,6017800,0.0,0.0
2024-06-21 00:00:00+09:00,10160.0,10370.0,9826.0,9889.0,16716800,0.0,0.0
2024-06-24 00:00:00+09:00,9795.0,10045.0,9741.0,9971.0,9843500,0.0,0.0
2024-06-25 00:00:00+09:00,9750.0,9961.0,9642.0,9938.0,10468000,0.0,0.0
2024-06-26 00:00:00+09:00,10165.0,10175.0,9984.0,10095.0,7056600,0.0,0.0
2024-06-27 00:00:00+09:00,10060.0,10165.0,10015.0,10135.0,5010100,0.0,0.0
2024-06-28 00:00:00+09:00,10280.0,10490.0,10230.0,10390.0,9147300,0.0,0.0
2024-07-01 00:00:00+09:00,10460.0,10630.0,10420.0,10505.0,7014400,0.0,0.0
2024-07-02 00:00:00+09:00,10430.0,10570.0,10320.0,10550.0,6251300,0.0,0.0
2024-07-03 00:00:00+09:00,10605.0,10730.0,10485.0,10705.0,7332000,0.0,0.0
2024-07-04 00:00:00+09:00,10915.0,11190.0,10600.0,11190.0,12169200,0.0,0.0
2024-07-05 00:00:00+09:00,11160.0,11315.0,11080.0,11225.0,10489000,0.0,0.0
2024-07-08 00:00:00+09:00,11395.0,11610.0,11265.0,11270.0,12282700,0.0,0.0
2024-07-09 00:00:00+09:00,11415.0,11810.0,11325.0,11730.0,13425200,0.0,0.0
2024-07-10 00:00:00+09:00,11660.0,11880.0,11600.0,11825.0,10635300,0.0,0.0
2024-07-11 00:00:00+09:00,12050.0,12180.0,11810.0,11920.0,10596100,0.0,0.0
2024-07-12 00:00:00+09:00,11785.0,11840.0,11385.0,11395.0,13524000,0.0,0.0
2024-07-16 00:00:00+09:00,11535.0,11645.0,11410.0,11425.0,6061200,0.0,0.0
2024-07-17 00:00:00+09:00,11505.0,11580.0,11255.0,11345.0,6408700,0.0,0.0
2024-07-18 00:00:00+09:00,10650.0,10850.0,10625.0,10650.0,9269400,0.0,0.0
2024-07-19 00:00:00+09:00,10630.0,10700.0,10455.0,10510.0,6305000,0.0,0.0
2024-07-22 00:00:00+09:00,10540.0,10625.0,10440.0,10500.0,4448000,0.0,0.0
2024-07-23 00:00:00+09:00,10605.0,10625.0,10265.0,10380.0,4927200,0.0,0.0
2024-07-24 00:00:00+09:00,10375.0,10495.0,10260.0,10335.0,4511800,0.0,0.0
2024-07-25 00:00:00+09:00,9800.0,9832.0,9363.0,9365.0,16529200,0.0,0.0
2024-07-26 00:00:00+09:00,9302.0,9428.0,9127.0,9174.0,13353500,0.0,0.0
2024-07-29 00:00:00+09:00,9310.0,9544.0,9255.0,9383.0,10658500,0.0,0.0
2024-07-30 00:00:00+09:00,9200.0,9315.0,9133.0,9296.0,7689400,0.0,0.0
2024-07-31 00:00:00+09:00,8991.0,9197.0,8884.0,9162.0,15427000,0.0,0.0
2024-08-01 00:00:00+09:00,8800.0,8805.0,8505.0,8555.0,15878200,0.0,0.0
2024-08-02 00:00:00+09:00,7997.0,8098.0,7776.0,7868.0,17731700,0.0,0.0
