Date,Open,High,Low,Close,Volume,Dividends,Stock Splits,Capital Gains
2001-01-02 00:00:00+09:00,34.60859680175781,34.60859680175781,30.90053285871233,34.60859680175781,1098000,0.0,0.0,0.0
2001-01-03 00:00:00+09:00,34.299594497680665,38.5226676940918,31.51854629516602,35.020606994628906,2407000,0.0,0.0,0.0
2001-01-04 00:00:00+09:00,37.080636540314764,39.140671903665584,36.256622394974436,39.03767013549805,1990000,0.0,0.0,0.0
2001-01-05 00:00:00+09:00,38.11065548194382,38.52266256823511,34.402591705322266,34.402591705322266,1817000,0.0,0.0,0.0
2001-01-08 00:00:00+09:00,33.99058846866383,38.522666931152344,32.96057063628008,38.522666931152344,1343000,0.0,0.0,0.0
2001-01-09 00:00:00+09:00,40.37669839813378,43.054744720458984,40.27369661650589,43.054744720458984,1509000,0.0,0.0,0.0
2001-01-10 00:00:00+09:00,48.204833984375,48.204833984375,37.90465578258547,48.204833984375,1893000,0.0,0.0,0.0
2001-01-11 00:00:00+09:00,48.82284208108451,53.972930908203125,46.35079944406757,53.972930908203125,2351000,0.0,0.0,0.0
2001-01-12 00:00:00+09:00,59.74102488963677,60.35903549194336,56.856975412206026,60.35903549194336,870000,0.0,0.0,0.0
2001-01-15 00:00:00+09:00,61.80105470631221,66.74513908281718,56.65096681411952,60.15302658081055,3178000,0.0,0.0,0.0
2001-01-16 00:00:00+09:00,58.71099984135609,59.74101738243251,52.942901611328125,52.942901611328125,1684000,0.0,0.0,0.0
2001-01-17 00:00:00+09:00,53.35491274626359,59.22601318359375,48.82283521569293,59.22601318359375,2263000,0.0,0.0,0.0
2001-01-18 00:00:00+09:00,60.359033754136824,65.50912195841471,55.62095260620117,55.62095260620117,1563000,0.0,0.0,0.0
2001-01-19 00:00:00+09:00,53.14891333007813,57.680991210937506,51.088877929687506,51.500885009765625,1271000,0.0,0.0,0.0
2001-01-22 00:00:00+09:00,52.11889551040974,55.2089486039123,51.500884891709234,53.251914978027344,806000,0.0,0.0,0.0
2001-01-23 00:00:00+09:00,53.251914978027344,53.251914978027344,53.251914978027344,53.251914978027344,0,0.0,0.0,0.0
2001-01-24 00:00:00+09:00,53.251914978027344,53.251914978027344,53.251914978027344,53.251914978027344,0,0.0,0.0,0.0
2001-01-25 00:00:00+09:00,53.251914978027344,53.251914978027344,53.251914978027344,53.251914978027344,0,0.0,0.0,0.0
2001-01-26 00:00:00+09:00,51.50089031312524,53.560925925650245,48.51383867496398,50.676876068115234,868000,0.0,0.0,0.0
2001-01-29 00:00:00+09:00,50.676873928838546,56.75397872924805,50.676873928838546,56.75397872924805,908000,0.0,0.0,0.0
2001-01-30 00:00:00+09:00,60.56505301551262,63.552104949951165,59.74103868877095,63.55210494995117,698000,0.0,0.0,0.0
2001-01-31 00:00:00+09:00,63.55208479221814,69.42318500803083,56.65096699468391,59.43201446533203,1400000,0.0,0.0,0.0
2001-02-01 00:00:00+09:00,60.77103310694267,66.53913116455078,57.88698407813861,66.53913116455078,458000,0.0,0.0,0.0
2001-02-02 00:00:00+09:00,74.36726424273323,74.47026599376194,66.53913116455078,66.53913116455078,2628000,0.0,0.0,0.0
2001-02-05 00:00:00+09:00,62.213059276185255,64.27309435155563,58.6079978942871,58.60799789428711,893000,0.0,0.0,0.0
2001-02-06 00:00:00+09:00,60.56504170669407,63.24308776855469,56.95997970034323,63.24308776855469,639000,0.0,0.0,0.0
2001-02-07 00:00:00+09:00,59.63801267785086,65.92111936757263,56.65096195650772,58.5049934387207,657000,0.0,0.0,0.0
2001-02-08 00:00:00+09:00,56.03295857197529,65.50912068341229,56.03295857197529,60.97704315185547,1407000,0.0,0.0,0.0
2001-02-09 00:00:00+09:00,60.97704750773816,61.801061663248134,58.299001502330746,59.5350227355957,566000,0.0,0.0,0.0
2001-02-12 00:00:00+09:00,57.4749786028334,60.66803296965748,57.4749786028334,58.60799789428711,561000,0.0,0.0,0.0
2001-02-13 00:00:00+09:00,58.29900302229257,61.595059730266705,58.29900302229257,59.74102783203125,753000,0.0,0.0,0.0
2001-02-14 00:00:00+09:00,59.94703107703393,66.12713737363536,59.94703107703393,63.24308776855469,1007000,0.0,0.0,0.0
2001-02-15 00:00:00+09:00,63.65508989825297,64.89111106132584,60.7710405177496,61.595054626464844,538000,0.0,0.0,0.0
2001-02-16 00:00:00+09:00,61.38905618601832,61.801063274515094,58.092999478044185,59.74102783203125,355000,0.0,0.0,0.0
2001-02-19 00:00:00+09:00,58.092988024259874,60.5650300678454,58.092988024259874,58.71099853515625,211000,0.0,0.0,0.0
2001-02-20 00:00:00+09:00,59.74102700591847,64.89111554091144,59.74102700591847,64.68511199951172,665000,0.0,0.0,0.0
2001-02-21 00:00:00+09:00,69.21719380428917,69.62920091026709,62.316074779159145,62.62508010864258,1120000,0.0,0.0,0.0
2001-02-22 00:00:00+09:00,62.00705459327029,63.86108612595943,57.68098101699562,58.71099853515625,525000,0.0,0.0,0.0
2001-02-23 00:00:00+09:00,59.7410252385407,63.65509240934165,59.7410252385407,62.419071197509766,680000,0.0,0.0,0.0
2001-02-26 00:00:00+09:00,62.93407911677628,69.83519744873047,62.93407911677628,69.83519744873047,1304000,0.0,0.0,0.0
2001-02-27 00:00:00+09:00,69.83518832412797,70.04119182950888,61.49204635620118,61.49204635620117,1108000,0.0,0.0,0.0
2001-02-28 00:00:00+09:00,60.05003314840383,60.359038464776404,56.23896757980873,59.74102783203125,508000,0.0,0.0,0.0
2001-03-01 00:00:00+09:00,59.74102783203126,59.74102783203126,59.74102783203126,59.74102783203125,0,0.0,0.0,0.0
2001-03-02 00:00:00+09:00,61.69805619900043,61.80105796227088,52.736902794471156,53.560916900634766,525000,0.0,0.0,0.0
2001-03-05 00:00:00+09:00,50.470855287510716,58.504991435318544,49.95584656008713,57.26897048950195,495000,0.0,0.0,0.0
2001-03-06 00:00:00+09:00,55.620950615924336,59.226012229919434,54.590933011925735,56.856971740722656,473000,0.0,0.0,0.0
2001-03-07 00:00:00+09:00,57.68099271334135,60.66804412171081,55.41495371388865,56.23896789550781,1470000,0.0,0.0,0.0
2001-03-08 00:00:00+09:00,57.37197223498667,58.1959861988644,55.723944307231214,57.26897048950195,683000,0.0,0.0,0.0
2001-03-09 00:00:00+09:00,56.238963190714514,57.165979067484535,55.00294202168782,55.62095260620117,452000,0.0,0.0,0.0
2001-03-12 00:00:00+09:00,53.354922364397744,54.38494017066025,50.47087250686273,50.676876068115234,431000,0.0,0.0,0.0
2001-03-13 00:00:00+09:00,47.48380804670618,50.47085887827772,45.32077123763713,48.410823822021484,445000,0.0,0.0,0.0
2001-03-14 00:00:00+09:00,48.410823822021484,48.410823822021484,48.410823822021484,48.410823822021484,0,0.0,0.0,0.0
2001-03-15 00:00:00+09:00,45.62978435074311,48.61683569650281,45.62978435074311,47.99882507324219,432000,0.0,0.0,0.0
2001-03-16 00:00:00+09:00,47.58680979951899,49.95585011421366,47.58680979951899,48.410823822021484,227000,0.0,0.0,0.0
2001-03-19 00:00:00+09:00,47.38080721943319,50.47085986417883,46.968800200133764,49.02883529663086,271000,0.0,0.0,0.0
2001-03-20 00:00:00+09:00,51.294875168218844,54.89993667602539,50.26485759455983,54.89993667602539,1227000,0.0,0.0,0.0
2001-03-21 00:00:00+09:00,52.3249022140194,54.89994661431563,50.67687379782981,50.882877349853516,715000,0.0,0.0,0.0
2001-03-22 00:00:00+09:00,51.19187770804974,53.97292539037839,49.64685121786715,50.98587417602539,482000,0.0,0.0,0.0
2001-03-23 00:00:00+09:00,51.706889117205584,52.42790151525427,48.719837753861036,50.058860778808594,257000,0.0,0.0,0.0
2001-03-26 00:00:00+09:00,50.47086310386658,51.5008807182312,49.23484196662903,49.44084548950195,261000,0.0,0.0,0.0
2001-03-27 00:00:00+09:00,48.616843032030424,50.882882325896254,48.616843032030424,48.719844818115234,198000,0.0,0.0,0.0
2001-03-28 00:00:00+09:00,48.82284229112708,50.16186539193858,46.76280675141708,47.38081741333008,171000,0.0,0.0,0.0
2001-03-29 00:00:00+09:00,46.762805632551945,48.30783225036753,46.762805632551945,47.48381805419922,186000,0.0,0.0,0.0
2001-03-30 00:00:00+09:00,46.35079964347508,47.58682096730108,45.32078187362008,47.38081741333008,186000,0.0,0.0,0.0
2001-04-02 00:00:00+09:00,46.35080156828228,50.67687638132196,46.35080156828228,48.925846099853516,312000,0.0,0.0,0.0
2001-04-03 00:00:00+09:00,48.925836071996635,54.590932880333085,47.38080966972306,51.6038818359375,744000,0.0,0.0,0.0
2001-04-04 00:00:00+09:00,50.470870722895086,50.88287783083708,47.071812082373576,47.38081741333008,296000,0.0,0.0,0.0
2001-04-05 00:00:00+09:00,47.38081741333008,47.38081741333008,47.38081741333008,47.38081741333008,0,0.0,0.0,0.0
2001-04-06 00:00:00+09:00,49.74985214007103,52.221894482434806,48.41082920462398,48.6168327331543,682000,0.0,0.0,0.0
2001-04-09 00:00:00+09:00,48.20482567609366,50.88287154698776,47.792818619033035,48.6168327331543,292000,0.0,0.0,0.0
2001-04-10 00:00:00+09:00,49.44084941954643,50.05886003729076,47.174810487817226,47.6898193359375,235000,0.0,0.0,0.0
2001-04-11 00:00:00+09:00,47.99882775251564,49.23484906803106,46.96880998958612,48.101829528808594,210000,0.0,0.0,0.0
2001-04-12 00:00:00+09:00,48.10182930812363,50.676873703633454,48.10182930812363,49.85285949707031,376000,0.0,0.0,0.0
2001-04-13 00:00:00+09:00,50.47086310386658,50.6768666267395,48.719833159446715,49.44084548950195,257000,0.0,0.0,0.0
2001-04-16 00:00:00+09:00,50.47086745617437,53.972927647010955,49.54385152330586,52.53090286254883,910000,0.0,0.0,0.0
2001-04-17 00:00:00+09:00,52.11889391734188,55.31194868302883,50.98587448435618,54.796939849853516,974000,0.0,0.0,0.0
2001-04-18 00:00:00+09:00,56.44496811601452,61.28605114786248,54.796939849853516,54.796939849853516,1742000,0.0,0.0,0.0
2001-04-19 00:00:00+09:00,56.65097073457087,58.505002504065914,53.663919550384406,54.17892837524414,768000,0.0,0.0,0.0
2001-04-20 00:00:00+09:00,55.20894559475744,55.20894559475744,51.80988737716976,52.118892669677734,314000,0.0,0.0,0.0
2001-04-23 00:00:00+09:00,52.53090286254883,54.1789311876484,51.91289224063649,52.53090286254883,409000,0.0,0.0,0.0
2001-04-24 00:00:00+09:00,50.77986477506764,53.56091213597398,50.77986477506764,52.942901611328125,327000,0.0,0.0,0.0
2001-04-25 00:00:00+09:00,53.66392557857601,55.002948673626854,52.9429131427794,53.972930908203125,444000,0.0,0.0,0.0
2001-04-26 00:00:00+09:00,53.66392557857601,55.002948673626854,52.9429131427794,53.972930908203125,444000,0.0,0.0,0.0
2001-04-27 00:00:00+09:00,54.590933878361966,59.12301140788636,54.17892683022339,57.47498321533203,1370000,0.0,0.0,0.0
2001-04-30 00:00:00+09:00,57.47498858315604,60.462039961133684,56.23896732330322,57.680992126464844,854000,0.0,0.0,0.0
2001-05-01 00:00:00+09:00,57.680992126464844,57.680992126464844,57.680992126464844,57.680992126464844,0,0.0,0.0,0.0
2001-05-02 00:00:00+09:00,59.53502953688869,60.56504734894559,57.887001037597656,57.887001037597656,688000,0.0,0.0,0.0
2001-05-03 00:00:00+09:00,57.886993042217405,58.711007178049684,54.79694003284637,55.82695770263672,328000,0.0,0.0,0.0
2001-05-04 00:00:00+09:00,56.238964770552855,58.29900011013355,55.51795240169961,55.82695770263672,310000,0.0,0.0,0.0
2001-05-07 00:00:00+09:00,54.89994264867183,57.57798863153388,54.89994264867183,56.444969177246094,287000,0.0,0.0,0.0
2001-05-08 00:00:00+09:00,56.65098113172195,57.16599005110124,55.82696686071508,56.0329704284668,235000,0.0,0.0,0.0
2001-05-09 00:00:00+09:00,56.444973804460105,58.40200756775343,55.72396136535204,57.062984466552734,490000,0.0,0.0,0.0
2001-05-10 00:00:00+09:00,57.57797709378329,60.77103127966394,57.06296835412512,58.91699981689453,774000,0.0,0.0,0.0
2001-05-11 00:00:00+09:00,60.153019363073994,60.874031581467,57.26897048950195,57.26897048950195,869000,0.0,0.0,0.0
2001-05-14 00:00:00+09:00,56.65097183846899,58.40200187711258,54.79694003284637,55.82695770263672,512000,0.0,0.0,0.0
2001-05-15 00:00:00+09:00,55.41495044966389,57.0629787158249,54.17892925004313,54.796939849853516,258000,0.0,0.0,0.0
2001-05-16 00:00:00+09:00,54.17892249577791,55.82695055648598,53.66391372680663,53.66391372680664,224000,0.0,0.0,0.0
2001-05-17 00:00:00+09:00,54.89994574410575,55.00294751848493,53.76692622593471,54.075931549072266,237000,0.0,0.0,0.0
2001-05-18 00:00:00+09:00,54.384932148663296,54.384932148663296,52.530900370867954,53.457916259765625,219000,0.0,0.0,0.0
2001-05-21 00:00:00+09:00,53.45791216070001,59.32901234019886,52.94290337302468,56.65096664428711,1267000,0.0,0.0,0.0
2001-05-22 00:00:00+09:00,57.68100096733223,58.50501526686555,54.38494376919896,54.487945556640625,443000,0.0,0.0,0.0
2001-05-23 00:00:00+09:00,55.41495577979634,55.82696288596583,53.25191847240652,53.972930908203125,291000,0.0,0.0,0.0
2001-05-24 00:00:00+09:00,53.35491337409386,54.07592571698702,52.736902794471156,53.560916900634766,233000,0.0,0.0,0.0
2001-05-25 00:00:00+09:00,53.76692042717567,54.17892748025748,53.25191161082341,53.560916900634766,198000,0.0,0.0,0.0
2001-05-28 00:00:00+09:00,53.66392205716102,53.97292736651127,53.251914978027344,53.251914978027344,149000,0.0,0.0,0.0
2001-05-29 00:00:00+09:00,53.251906711629616,54.38492600336642,53.251906711629616,53.66391372680664,125000,0.0,0.0,0.0
2001-05-30 00:00:00+09:00,53.76691548060089,55.00293652613195,53.251906711629616,53.66391372680664,244000,0.0,0.0,0.0
2001-05-31 00:00:00+09:00,53.76692410637351,54.1789311876484,52.32489932191138,52.53090286254883,157000,0.0,0.0,0.0
2001-06-01 00:00:00+09:00,52.94290767610073,53.354914739727974,51.80988825112581,52.73690414428711,174000,0.0,0.0,0.0
2001-06-04 00:00:00+09:00,52.015888672175365,53.148908029391066,52.015888672175365,52.324893951416016,107000,0.0,0.0,0.0
2001-06-05 00:00:00+09:00,52.118893548846245,52.94290767610073,51.60388471931219,52.73690414428711,176000,0.0,0.0,0.0
2001-06-06 00:00:00+09:00,52.73690414428711,52.73690414428711,52.73690414428711,52.73690414428711,0,0.0,0.0,0.0
2001-06-07 00:00:00+09:00,51.603883405802975,53.354913381648586,51.603883405802975,51.80988693237305,63000,0.0,0.0,0.0
2001-06-08 00:00:00+09:00,51.60388163318784,52.73690099040354,51.50087987344096,52.324893951416016,133000,0.0,0.0,0.0
2001-06-11 00:00:00+09:00,52.736906403186275,52.839908173505,51.70688869999904,52.53090286254883,121000,0.0,0.0,0.0
2001-06-12 00:00:00+09:00,51.8098851526816,52.73690099040354,51.60388163318784,52.324893951416016,79000,0.0,0.0,0.0
2001-06-13 00:00:00+09:00,52.118893980748446,53.45791694863329,51.70688691370696,53.0459098815918,138000,0.0,0.0,0.0
2001-06-14 00:00:00+09:00,53.56091865023276,55.208946916393764,53.56091865023276,54.796939849853516,198000,0.0,0.0,0.0
2001-06-15 00:00:00+09:00,55.10594601967964,56.23896547055156,53.97292656880772,55.41495132446289,211000,0.0,0.0,0.0
2001-06-18 00:00:00+09:00,55.414950634720576,56.9599771394061,55.20894710076251,55.82695770263672,201000,0.0,0.0,0.0
2001-06-19 00:00:00+09:00,55.208946916393764,55.62095398293402,54.07592748340807,54.796939849853516,113000,0.0,0.0,0.0
2001-06-20 00:00:00+09:00,54.178926135554455,55.51794902483622,53.97292261412649,54.38492965698242,150000,0.0,0.0,0.0
2001-06-21 00:00:00+09:00,54.1789327278208,55.82696109976972,53.86992740808038,55.5179557800293,103000,0.0,0.0,0.0
2001-06-22 00:00:00+09:00,56.54797974843828,60.35904577884304,56.23897439462167,58.40201187133789,999000,0.0,0.0,0.0
2001-06-25 00:00:00+09:00,58.2990007417696,59.123014886529596,57.06297952462961,57.16598129272461,226000,0.0,0.0,0.0
2001-06-26 00:00:00+09:00,58.092996253562895,60.153031581703424,57.47498565512074,58.29899978637695,476000,0.0,0.0,0.0
2001-06-27 00:00:00+09:00,57.886993082717005,62.41907083296531,57.886993082717005,60.35903549194336,809000,0.0,0.0,0.0
2001-06-28 00:00:00+09:00,60.05002482296669,65.8181232622225,58.09299142393347,60.15302658081055,1087000,0.0,0.0,0.0
2001-06-29 00:00:00+09:00,60.77103712787367,62.83107228475074,58.29899493962118,60.15302658081055,432000,0.0,0.0,0.0
2001-07-02 00:00:00+09:00,60.7710425967262,67.3631556919643,60.15303199404762,64.89111328125,966000,0.0,0.0,0.0
2001-07-03 00:00:00+09:00,65.71513037715398,72.61624908447266,64.37610734439065,72.61624908447266,636000,0.0,0.0,0.0
2001-07-04 00:00:00+09:00,74.16126555816302,81.26838684082031,73.13124798096631,81.26838684082031,565000,0.0,0.0,0.0
2001-07-05 00:00:00+09:00,85.69746948242188,89.19952953338623,80.34137763977051,82.40141296386719,2032000,0.0,0.0,0.0
2001-07-06 00:00:00+09:00,84.04944122314453,88.16951187133789,79.31135997772216,82.40141296386719,1427000,0.0,0.0,0.0
2001-07-09 00:00:00+09:00,83.43143932154922,86.52149262975475,72.51325096588968,75.39730072021484,1089000,0.0,0.0,0.0
2001-07-10 00:00:00+09:00,74.26427020791137,83.43142700195312,73.2342525906033,83.43142700195312,890000,0.0,0.0,0.0
2001-07-11 00:00:00+09:00,79.31135335734471,84.04943420726401,78.69334281170306,79.5173568725586,410000,0.0,0.0,0.0
2001-07-12 00:00:00+09:00,78.28134231567383,85.28546241760255,78.28134231567383,82.40141296386719,457000,0.0,0.0,0.0
2001-07-13 00:00:00+09:00,82.71042164393833,84.461451741008,78.89935613855138,79.31136322021484,255000,0.0,0.0,0.0
2001-07-16 00:00:00+09:00,80.34137813189558,81.78340286759627,78.48734632885184,80.95938873291016,229000,0.0,0.0,0.0
2001-07-17 00:00:00+09:00,80.95938873291016,80.95938873291016,80.95938873291016,80.95938873291016,0,0.0,0.0,0.0
2001-07-18 00:00:00+09:00,79.82636025077419,81.37138657820853,77.86932690269069,78.28133392333984,168000,0.0,0.0,0.0
2001-07-19 00:00:00+09:00,78.28135578948938,87.6545181274414,76.83933081441985,87.6545181274414,555000,0.0,0.0,0.0
2001-07-20 00:00:00+09:00,91.77456974192252,93.73160321565601,83.43142703811138,86.93348693847656,922000,0.0,0.0,0.0
2001-07-23 00:00:00+09:00,88.58151325812706,90.22954141176663,84.25543935482318,85.69746398925781,377000,0.0,0.0,0.0
2001-07-24 00:00:00+09:00,85.69746398925781,89.6115308541518,83.22542175879845,85.69746398925781,447000,0.0,0.0,0.0
2001-07-25 00:00:00+09:00,83.63743052541474,88.27250980330102,83.43142700195312,83.43142700195312,426000,0.0,0.0,0.0
2001-07-26 00:00:00+09:00,83.43142789952896,86.00647197050206,80.3413750143612,84.0494384765625,242000,0.0,0.0,0.0
2001-07-27 00:00:00+09:00,83.43143136160715,87.55150204613096,83.43143136160715,86.521484375,294000,0.0,0.0,0.0
2001-07-30 00:00:00+09:00,84.4614490327381,91.36256742931549,84.4614490327381,86.521484375,199000,0.0,0.0,0.0
2001-07-31 00:00:00+09:00,87.55150292218437,89.1995312124843,85.69747109559694,87.13949584960938,164000,0.0,0.0,0.0
2001-08-01 00:00:00+09:00,87.1395033127459,87.55151042060758,84.77046244254123,85.0794677734375,138000,0.0,0.0,0.0
2001-08-02 00:00:00+09:00,84.46146093487168,87.13950725719688,84.46146093487168,86.10948944091797,86000,0.0,0.0,0.0
2001-08-03 00:00:00+09:00,84.97645786830358,89.40553385416668,84.87345610119048,86.521484375,201000,0.0,0.0,0.0
2001-08-06 00:00:00+09:00,85.0794663280606,87.03650005715643,85.0794663280606,85.90348052978516,159000,0.0,0.0,0.0
2001-08-07 00:00:00+09:00,86.00648320461494,96.20365905761719,85.69747787573608,96.20365905761719,235000,0.0,0.0,0.0
2001-08-08 00:00:00+09:00,100.32371563911438,106.91582837104798,97.95467512607574,98.8816909790039,635000,0.0,0.0,0.0
2001-08-09 00:00:00+09:00,98.8816909790039,102.48675262928009,94.76162052154541,98.8816909790039,178000,0.0,0.0,0.0
2001-08-10 00:00:00+09:00,99.91169640632091,105.47379084543567,98.67567541985096,99.29368591308594,440000,0.0,0.0,0.0
2001-08-13 00:00:00+09:00,96.6156526197467,98.88169138055099,93.52559976410447,93.93760681152344,121000,0.0,0.0,0.0
2001-08-14 00:00:00+09:00,93.93760900982356,99.29370075161174,92.28958078158104,97.2336654663086,282000,0.0,0.0,0.0
2001-08-15 00:00:00+09:00,97.2336654663086,97.2336654663086,97.2336654663086,97.2336654663086,0,0.0,0.0,0.0
2001-08-16 00:00:00+09:00,94.86463730951708,100.22072975261685,94.86463730951708,99.19071197509766,82000,0.0,0.0,0.0
2001-08-17 00:00:00+09:00,99.19070929449957,100.73573591902449,98.36669509475296,99.08770751953125,75000,0.0,0.0,0.0
2001-08-20 00:00:00+09:00,99.49971008300781,100.4267260154582,97.43967467756252,99.49971008300781,62000,0.0,0.0,0.0
2001-08-21 00:00:00+09:00,100.11769392765851,105.06177757840707,99.49968347131494,103.41374969482422,110000,0.0,0.0,0.0
2001-08-22 00:00:00+09:00,102.89876424616034,105.47380839646465,100.73572715990471,101.97174835205078,85000,0.0,0.0,0.0
2001-08-23 00:00:00+09:00,102.07475001364946,109.1818718612194,101.97174824774265,105.47380828857422,178000,0.0,0.0,0.0
2001-08-24 00:00:00+09:00,109.18187653784659,109.18187653784659,104.23779156254787,105.06180572509766,61000,0.0,0.0,0.0
2001-08-27 00:00:00+09:00,106.5038232367271,106.5038232367271,102.7957597584658,103.6197738647461,62000,0.0,0.0,0.0
2001-08-28 00:00:00+09:00,103.20776816694912,103.61977522549982,99.91171169854357,102.79576110839844,65000,0.0,0.0,0.0
2001-08-29 00:00:00+09:00,99.91171801531756,103.00177114981192,99.2937073884187,100.11772155761719,54000,0.0,0.0,0.0
2001-08-30 00:00:00+09:00,98.88171001233553,100.42673673127828,92.70160313656456,97.85169219970703,116000,0.0,0.0,0.0
2001-08-31 00:00:00+09:00,96.82166590580209,96.82166590580209,88.16951703762403,93.422607421875,91000,0.0,0.0,0.0
2001-09-03 00:00:00+09:00,91.67158516684732,98.26369915637342,91.67158516684732,93.73162078857422,33000,0.0,0.0,0.0
2001-09-04 00:00:00+09:00,91.98057333628337,95.68863676305402,91.98057333628337,93.93760681152344,35000,0.0,0.0,0.0
2001-09-05 00:00:00+09:00,93.9376148661629,95.89464850920797,92.70159361792392,94.24662017822266,18000,0.0,0.0,0.0
2001-09-06 00:00:00+09:00,93.73161705680515,95.48264726555865,92.49559573297915,94.76163482666016,37000,0.0,0.0,0.0
2001-09-07 00:00:00+09:00,94.76163482666016,95.37964548857316,93.11360639489216,94.76163482666016,26000,0.0,0.0,0.0
2001-09-10 00:00:00+09:00,95.37964093427121,97.23367283148167,93.73161258119525,95.17363739013672,113000,0.0,0.0,0.0
2001-09-11 00:00:00+09:00,96.82167036637016,97.85168813622516,93.83461883379066,94.76163482666016,27000,0.0,0.0,0.0
2001-09-12 00:00:00+09:00,83.43142700195312,86.52147985387731,83.43142700195312,83.43142700195312,136000,0.0,0.0,0.0
2001-09-13 00:00:00+09:00,84.4614532369763,93.422607421875,83.43143551457415,93.422607421875,72000,0.0,0.0,0.0
2001-09-14 00:00:00+09:00,93.42259313475411,95.58563002100531,83.43142275540335,87.34548950195312,54000,0.0,0.0,0.0
2001-09-17 00:00:00+09:00,85.8004712486267,91.67157192230225,80.34137763977051,82.40141296386719,45000,0.0,0.0,0.0
2001-09-18 00:00:00+09:00,83.53442752641132,88.16950673564499,83.53442752641132,87.75749969482422,49000,0.0,0.0,0.0
2001-09-19 00:00:00+09:00,88.58152770996094,91.46557744935502,87.75751349870549,88.58152770996094,35000,0.0,0.0,0.0
2001-09-20 00:00:00+09:00,89.1995310349898,92.70159114490856,88.58152042735708,90.64155578613281,34000,0.0,0.0,0.0
2001-09-21 00:00:00+09:00,88.58151433746809,93.73160238034416,88.58151433746809,93.31959533691406,291000,0.0,0.0,0.0
2001-09-24 00:00:00+09:00,93.31959533691406,93.31959533691406,93.31959533691406,93.31959533691406,0,0.0,0.0,0.0
2001-09-25 00:00:00+09:00,95.37965014857105,96.82167509682158,92.70160381610577,96.40966796875,127000,0.0,0.0,0.0
2001-09-26 00:00:00+09:00,96.82165575027466,100.11771211624145,96.82165575027466,98.8816909790039,86000,0.0,0.0,0.0
2001-09-27 00:00:00+09:00,97.85167336463928,101.97174382209778,97.85167336463928,98.8816909790039,44000,0.0,0.0,0.0
2001-09-28 00:00:00+09:00,98.8816909790039,98.8816909790039,98.8816909790039,98.8816909790039,0,0.0,0.0,0.0
2001-10-01 00:00:00+09:00,98.8816909790039,98.8816909790039,98.8816909790039,98.8816909790039,0,0.0,0.0,0.0
2001-10-02 00:00:00+09:00,98.8816909790039,98.8816909790039,98.8816909790039,98.8816909790039,0,0.0,0.0,0.0
2001-10-03 00:00:00+09:00,98.8816909790039,98.8816909790039,98.8816909790039,98.8816909790039,0,0.0,0.0,0.0
2001-10-04 00:00:00+09:00,115.36198924517674,119.48206028964735,110.62390754403556,111.44792175292969,134000,0.0,0.0,0.0
2001-10-05 00:00:00+09:00,110.62390754403556,112.47793951404734,109.59388978291791,111.44792175292969,46000,0.0,0.0,0.0
2001-10-08 00:00:00+09:00,98.67570151507083,115.36198924517674,98.67570151507083,111.44792175292969,33000,0.0,0.0,0.0
2001-10-09 00:00:00+09:00,112.47793075973924,118.24602977305919,112.47793075973924,114.33196258544922,39000,0.0,0.0,0.0
2001-10-10 00:00:00+09:00,115.36198943150238,117.42202495706492,111.24191838037729,113.5079574584961,58000,0.0,0.0,0.0
2001-10-11 00:00:00+09:00,113.50794707214683,116.18599301032816,113.09594000473432,115.15597534179688,27000,0.0,0.0,0.0
2001-10-12 00:00:00+09:00,111.65392047337123,117.4220196860177,111.65392047337123,115.36198425292969,28000,0.0,0.0,0.0
2001-10-15 00:00:00+09:00,115.56798414382258,122.3661008581651,115.56798414382258,116.39199829101562,67000,0.0,0.0,0.0
2001-10-16 00:00:00+09:00,115.36198060702434,118.04002658540169,115.36198060702434,116.39199829101562,36000,0.0,0.0,0.0
2001-10-17 00:00:00+09:00,116.3920078826233,127.3101962326747,116.3920078826233,121.74810028076172,117000,0.0,0.0,0.0
2001-10-18 00:00:00+09:00,121.74808367560891,129.78222117704505,119.68804841883042,126.07415771484375,59000,0.0,0.0,0.0
2001-10-19 00:00:00+09:00,126.28015435208363,131.63624572753906,126.28015435208363,131.63624572753906,75000,0.0,0.0,0.0
2001-10-22 00:00:00+09:00,135.96234295819255,147.29253820470862,132.87228970914273,144.82049560546875,170000,0.0,0.0,0.0
2001-10-23 00:00:00+09:00,149.35258865356445,150.176602935791,141.11244583129883,144.20249938964844,117000,0.0,0.0,0.0
2001-10-24 00:00:00+09:00,148.1165672302246,148.5285743713379,142.9664779663086,144.20249938964844,58000,0.0,0.0,0.0
2001-10-25 00:00:00+09:00,144.20249938964844,144.20249938964844,144.20249938964844,144.20249938964844,0,0.0,0.0,0.0
2001-10-26 00:00:00+09:00,144.20249938964844,144.20249938964844,144.20249938964844,144.20249938964844,0,0.0,0.0,0.0
2001-10-29 00:00:00+09:00,159.24071936771787,159.24071936771787,138.02235701988482,143.37844848632812,228800,0.0,10.0,0.0
2001-10-30 00:00:00+09:00,142.14242737868736,144.20246255808863,136.9923394301842,143.37844848632812,73500,0.0,0.0,0.0
2001-10-31 00:00:00+09:00,144.6144851074219,159.03473291015627,143.17246032714846,154.50265502929688,166300,0.0,0.0,0.0
2001-11-01 00:00:00+09:00,150.38259226412663,156.5626987955291,149.55857805993963,153.06063842773438,84900,0.0,0.0,0.0
2001-11-02 00:00:00+09:00,153.26663517852487,154.50265642996456,148.11654663085938,148.11654663085938,127100,0.0,0.0,0.0
2001-11-05 00:00:00+09:00,144.20247238673522,151.00058894210989,142.1424370669247,146.6745147705078,132300,0.0,0.0,0.0
2001-11-06 00:00:00+09:00,146.6745327062774,146.6745327062774,129.1642303466797,129.1642303466797,230000,0.0,0.0,0.0
2001-11-07 00:00:00+09:00,113.71394348144531,113.71394348144531,113.71394348144531,113.71394348144531,60500,0.0,0.0,0.0
2001-11-08 00:00:00+09:00,109.38789195447865,113.30195965153156,100.11773161935334,104.03179931640625,2553100,0.0,0.0,0.0
2001-11-09 00:00:00+09:00,104.03179931640625,104.03179931640625,104.03179931640625,104.03179931640625,0,0.0,0.0,0.0
2001-11-12 00:00:00+09:00,91.67155604208669,99.49968891759072,86.10946163054435,95.7916259765625,1745200,0.0,0.0,0.0
2001-11-13 00:00:00+09:00,88.58152820753014,96.20365970445717,88.58152820753014,94.76163482666016,580400,0.0,0.0,0.0
2001-11-14 00:00:00+09:00,94.76162312394482,101.76574309397552,94.76162312394482,97.2336654663086,1048200,0.0,0.0,0.0
2001-11-15 00:00:00+09:00,97.23366319087513,98.26368080942254,91.46556452700966,93.93760681152344,355500,0.0,0.0,0.0
2001-11-16 00:00:00+09:00,93.73162078857422,95.17364572378305,90.84757091815656,93.73162078857422,252700,0.0,0.0,0.0
2001-11-19 00:00:00+09:00,94.96763244104999,96.20365368757125,93.93761473561561,95.99765014648438,312100,0.0,0.0,0.0
2001-11-20 00:00:00+09:00,97.02768249189123,101.97176822396213,95.99766463104314,97.43968963623047,598600,0.0,0.0,0.0
2001-11-21 00:00:00+09:00,98.67570235210917,98.67570235210917,94.34962771871815,94.76163482666016,266000,0.0,0.0,0.0
2001-11-22 00:00:00+09:00,95.17364410196487,95.58565121928939,91.46558004604415,92.49559783935547,253900,0.0,0.0,0.0
2001-11-23 00:00:00+09:00,89.61154644968278,92.49559622047717,87.7575144541721,91.25957489013672,270600,0.0,0.0,0.0
2001-11-26 00:00:00+09:00,90.64155861183448,90.64155861183448,85.69747359664352,88.9935302734375,315900,0.0,0.0,0.0
2001-11-27 00:00:00+09:00,86.93349130311874,92.28958318435356,86.93349130311874,90.02354431152344,250300,0.0,0.0,0.0
2001-11-28 00:00:00+09:00,89.61154215780975,90.02354924819049,79.51736844348176,80.5473861694336,250000,0.0,0.0,0.0
2001-11-29 00:00:00+09:00,77.45730928076566,80.7533649948408,75.191270977339,76.42729187011719,299700,0.0,0.0,0.0
2001-11-30 00:00:00+09:00,76.83932838899544,85.4914779663086,76.83932838899544,85.4914779663086,598100,0.0,0.0,0.0
2001-12-03 00:00:00+09:00,86.10947416459007,94.34961523297189,84.4614459509137,89.61153411865234,405900,0.0,0.0,0.0
2001-12-04 00:00:00+09:00,89.61153366986443,90.43554777257582,84.87345257927389,87.55149841308594,216300,0.0,0.0,0.0
2001-12-05 00:00:00+09:00,86.52149428046688,88.99353697419451,84.46145870236053,86.31549072265625,152500,0.0,0.0,0.0
2001-12-06 00:00:00+09:00,86.52149316036339,86.52149316036339,81.57740783691406,81.57740783691406,208400,0.0,0.0,0.0
2001-12-07 00:00:00+09:00,80.75338745117188,83.63743700299943,80.54738391175562,80.75338745117188,95400,0.0,0.0,0.0
2001-12-10 00:00:00+09:00,80.75338119695216,85.90346928349247,80.75338119695216,83.43142700195312,134700,0.0,0.0,0.0
2001-12-11 00:00:00+09:00,83.43143998695712,83.84344709800382,80.95939732067691,83.63744354248047,59800,0.0,0.0,0.0
2001-12-12 00:00:00+09:00,83.84344502547377,86.31548763064744,82.81342727331807,85.90348052978516,141600,0.0,0.0,0.0
2001-12-13 00:00:00+09:00,81.37140380268235,87.1395033127459,81.37140380268235,85.0794677734375,136300,0.0,0.0,0.0
2001-12-14 00:00:00+09:00,83.63744209103467,86.52149181831173,83.63744209103467,84.46145629882812,98900,0.0,0.0,0.0
2001-12-17 00:00:00+09:00,83.84343404887635,87.55149747118537,82.60741290810667,83.43142700195312,162600,0.0,0.0,0.0
2001-12-18 00:00:00+09:00,83.43143792461149,87.34550538280314,83.43143792461149,85.90348052978516,244600,0.0,0.0,0.0
2001-12-19 00:00:00+09:00,87.96350911458335,92.70159040178572,86.521484375,86.521484375,890500,0.0,0.0,0.0
2001-12-20 00:00:00+09:00,87.55149793385262,88.16950850750334,81.78339924644585,81.9894027709961,272400,0.0,0.0,0.0
2001-12-21 00:00:00+09:00,80.54737654031172,80.54737654031172,72.30723571777344,72.30723571777344,224200,0.0,0.0,0.0
2001-12-24 00:00:00+09:00,70.4532085049537,70.4532085049537,63.65509189482658,63.8610954284668,397900,0.0,0.0,0.0
2001-12-25 00:00:00+09:00,63.8610954284668,63.8610954284668,63.8610954284668,63.8610954284668,0,0.0,0.0,0.0
2001-12-26 00:00:00+09:00,58.2990104675293,70.04121398925781,58.2990104675293,70.04121398925781,307200,0.0,0.0,0.0
2001-12-27 00:00:00+09:00,90.36180461111245,91.73092286279596,86.80209715673529,89.26651000976562,110900,842.1053,0.0,0.0
2001-12-28 00:00:00+09:00,87.62356474905303,94.4691557450728,87.62356474905303,90.36180114746094,129900,0.0,0.0,0.0
2001-12-31 00:00:00+09:00,90.36180114746094,90.36180114746094,90.36180114746094,90.36180114746094,0,0.0,0.0,0.0
2002-01-01 00:00:00+09:00,90.36180114746094,90.36180114746094,90.36180114746094,90.36180114746094,0,0.0,0.0,0.0
2002-01-02 00:00:00+09:00,93.64767719137258,97.2073842191148,91.73091186874214,95.29061889648438,120500,0.0,0.0,0.0
2002-01-03 00:00:00+09:00,95.29061889648438,95.29061889648438,95.29061889648438,95.29061889648438,0,0.0,0.0,0.0
2002-01-04 00:00:00+09:00,93.92150926307814,95.29062747391018,90.08797827274842,92.5523910522461,131600,0.0,0.0,0.0
2002-01-07 00:00:00+09:00,93.37387262755087,94.46916732112918,90.36181222021052,92.82622528076172,173300,0.0,0.0,0.0
2002-01-08 00:00:00+09:00,91.7309105914572,93.1000286599864,88.17120361328125,88.17120361328125,96100,0.0,0.0,0.0
2002-01-09 00:00:00+09:00,90.36180820749766,93.9215158035506,88.44504257885377,91.73092651367188,229900,0.0,0.0,0.0
2002-01-10 00:00:00+09:00,93.10004111447948,93.10004111447948,88.99268635942892,89.26651000976562,78000,0.0,0.0,0.0
2002-01-11 00:00:00+09:00,89.26649609597621,91.73090856488353,86.52826001941253,90.08796691894531,57700,0.0,0.0,0.0
2002-01-14 00:00:00+09:00,90.63562478730172,92.00474298650568,89.26650658809777,90.36180114746094,57900,0.0,0.0,0.0
2002-01-15 00:00:00+09:00,88.99267342439883,90.63561508761849,85.9806137084961,85.9806137084961,40000,0.0,0.0,0.0
2002-01-16 00:00:00+09:00,84.61150405281468,89.8141531693308,83.24238586425781,83.24238586425781,37900,0.0,0.0,0.0
2002-01-17 00:00:00+09:00,83.2423850394584,83.2423850394584,79.40885414948335,81.05179595947266,70200,0.0,0.0,0.0
2002-01-18 00:00:00+09:00,80.77798168675429,81.87327635369333,79.40886335308049,80.50415802001953,41800,0.0,0.0,0.0
2002-01-21 00:00:00+09:00,80.23030695511123,83.24236626059322,79.13501266220868,80.7779541015625,36000,0.0,0.0,0.0
2002-01-22 00:00:00+09:00,80.7779764811198,85.43297851562501,79.95650553385417,82.1470947265625,39800,0.0,0.0,0.0
2002-01-23 00:00:00+09:00,82.42092368716285,82.69474735389761,80.23033435328477,80.50415802001953,48700,0.0,0.0,0.0
2002-01-24 00:00:00+09:00,80.50414443342653,83.24238063864512,79.95649719238281,79.95649719238281,55700,0.0,0.0,0.0
2002-01-25 00:00:00+09:00,79.95650765555246,82.1470969063895,76.67062377929688,76.67062377929688,94300,0.0,0.0,0.0
2002-01-28 00:00:00+09:00,76.67060050317797,82.96854268736759,76.67060050317797,80.7779541015625,98800,0.0,0.0,0.0
2002-01-29 00:00:00+09:00,84.88532835064512,90.36180114746094,84.88532835064512,90.36180114746094,213200,0.0,0.0,0.0
2002-01-30 00:00:00+09:00,91.18328482491629,99.39799516950335,86.25445861816405,95.83828735351562,525900,0.0,0.0,0.0
2002-01-31 00:00:00+09:00,95.83828735351562,95.83828735351562,95.83828735351562,95.83828735351562,0,0.0,0.0,0.0
2002-02-01 00:00:00+09:00,94.46914176822817,95.83825976486915,87.89737538435142,88.44502258300781,134200,0.0,0.0,0.0
2002-02-04 00:00:00+09:00,89.5403316679455,93.9215099758572,86.25444793701172,86.25444793701172,95200,0.0,0.0,0.0
2002-02-05 00:00:00+09:00,83.51621530161782,84.8853335852509,79.95650776417182,80.23033142089844,90700,0.0,0.0,0.0
2002-02-06 00:00:00+09:00,80.77797276867214,82.96856186070393,79.40885458615227,79.68267822265625,71900,0.0,0.0,0.0
2002-02-07 00:00:00+09:00,82.9685710486144,82.9685710486144,76.94445037841797,76.94445037841797,53600,0.0,0.0,0.0
2002-02-08 00:00:00+09:00,76.67062898961508,79.6826894142071,76.39680531465218,78.58739471435547,50400,0.0,0.0,0.0
2002-02-11 00:00:00+09:00,78.58739471435547,78.58739471435547,78.58739471435547,78.58739471435547,0,0.0,0.0,0.0
2002-02-12 00:00:00+09:00,78.58739471435547,78.58739471435547,78.58739471435547,78.58739471435547,0,0.0,0.0,0.0
2002-02-13 00:00:00+09:00,78.58739471435547,78.58739471435547,78.58739471435547,78.58739471435547,0,0.0,0.0,0.0
2002-02-14 00:00:00+09:00,76.94444062974718,86.25444412231445,76.94444062974718,83.79003143310547,108700,0.0,0.0,0.0
2002-02-15 00:00:00+09:00,90.08798055013021,90.08798055013021,80.7779764811198,82.1470947265625,91000,0.0,0.0,0.0
2002-02-18 00:00:00+09:00,82.96856512342181,92.00474548339844,82.96856512342181,92.00474548339844,221000,0.0,0.0,0.0
2002-02-19 00:00:00+09:00,92.0047365480715,97.75503258232598,90.3617948239988,91.18326568603516,254900,0.0,0.0,0.0
2002-02-20 00:00:00+09:00,91.18327856501308,92.00474954307626,87.89739465276035,89.54033660888672,67700,0.0,0.0,0.0
2002-02-21 00:00:00+09:00,91.18326463370488,96.38591336655891,91.18326463370488,95.29061889648438,163700,0.0,0.0,0.0
2002-02-22 00:00:00+09:00,92.5524032156808,97.48122942243303,92.5524032156808,95.83828735351562,71000,0.0,0.0,0.0
2002-02-25 00:00:00+09:00,95.838274758243,97.20739296907504,92.00474376791328,92.5523910522461,72700,0.0,0.0,0.0
2002-02-26 00:00:00+09:00,94.19533072209012,98.5765088952106,93.10003617881,94.46915435791016,122300,0.0,0.0,0.0
2002-02-27 00:00:00+09:00,95.56443834434738,101.31473406134249,95.56443834434738,100.4932632446289,117400,0.0,0.0,0.0
2002-02-28 00:00:00+09:00,98.57649993896484,101.31473604838054,96.93355827331543,98.57649993896484,71200,0.0,0.0,0.0
2002-03-01 00:00:00+09:00,98.57649993896484,98.57649993896484,98.57649993896484,98.57649993896484,0,0.0,0.0,0.0
2002-03-04 00:00:00+09:00,101.31474799510696,104.60063171386719,96.38592241696662,104.60063171386719,136700,0.0,0.0,0.0
2002-03-05 00:00:00+09:00,115.00592591332608,116.92269134521484,112.54151321518337,116.92269134521484,778100,0.0,0.0,0.0
2002-03-06 00:00:00+09:00,116.92268707058953,118.83945243240248,111.72003823138297,115.827392578125,289400,0.0,0.0,0.0
2002-03-07 00:00:00+09:00,118.8394496570934,123.22062752463601,112.26768285577948,120.48239135742188,298700,0.0,0.0,0.0
2002-03-08 00:00:00+09:00,123.22064604714653,123.22064604714653,115.55358362643518,117.19652557373047,117300,0.0,0.0,0.0
2002-03-11 00:00:00+09:00,117.74417830562825,118.56564931706286,110.89858654367312,111.99388122558594,170900,0.0,0.0,0.0
2002-03-12 00:00:00+09:00,109.80327270884572,114.18445067229094,108.43415459526909,110.89856719970703,120000,0.0,0.0,0.0
2002-03-13 00:00:00+09:00,108.43415496826172,112.2676856994629,108.43415496826172,109.52944946289062,93800,0.0,0.0,0.0
2002-03-14 00:00:00+09:00,108.70797859191894,112.2676856994629,108.1603313446045,109.52944946289062,61500,0.0,0.0,0.0
2002-03-15 00:00:00+09:00,109.52946532006357,114.73211492276658,109.52946532006357,111.72005462646484,110800,0.0,0.0,0.0
2002-03-18 00:00:00+09:00,112.26769048169741,112.81533775233983,108.98180685784286,109.25563049316406,139900,0.0,0.0,0.0
2002-03-19 00:00:00+09:00,109.80328639419623,122.12535095214844,109.80328639419623,122.12535095214844,344700,0.0,0.0,0.0
2002-03-20 00:00:00+09:00,121.85153022441821,123.22064854154651,117.19652794618202,122.39917755126953,307400,0.0,0.0,0.0
2002-03-21 00:00:00+09:00,136.9118194580078,136.9118194580078,136.9118194580078,136.9118194580078,306100,0.0,0.0,0.0
2002-03-22 00:00:00+09:00,153.34123883928572,153.34123883928572,133.89976034359057,134.173583984375,1432600,0.0,0.0,0.0
2002-03-25 00:00:00+09:00,131.43535050101903,132.80446873540464,118.29181545091711,125.95887756347656,549600,0.0,0.0,0.0
2002-03-26 00:00:00+09:00,123.49445323635744,127.05416031412385,118.56562805175781,118.56562805175781,179500,0.0,0.0,0.0
2002-03-27 00:00:00+09:00,118.56563435282025,124.86357797895158,118.56563435282025,122.67298889160156,204600,0.0,0.0,0.0
2002-03-28 00:00:00+09:00,128.69711100925286,131.7091710541503,124.5897564025746,125.68505096435547,325300,0.0,0.0,0.0
2002-03-29 00:00:00+09:00,125.68503742218017,132.25680408477783,125.68503742218017,131.43533325195312,200200,0.0,0.0,0.0
2002-04-01 00:00:00+09:00,131.43534974281832,134.72123348638877,126.78034777276017,132.25682067871094,229900,0.0,0.0,0.0
2002-04-02 00:00:00+09:00,132.2568167293773,139.65005493164062,129.51858035816866,139.65005493164062,326800,0.0,0.0,0.0
2002-04-03 00:00:00+09:00,139.6500620425326,144.57888776168082,136.09035457870334,141.01918029785156,214500,0.0,0.0,0.0
2002-04-04 00:00:00+09:00,139.65006103515626,151.6983015950521,139.10241373697917,143.75741577148438,346600,0.0,0.0,0.0
2002-04-05 00:00:00+09:00,143.75741577148438,143.75741577148438,143.75741577148438,143.75741577148438,0,0.0,0.0,0.0
2002-04-08 00:00:00+09:00,146.49565331912734,148.13859522551007,138.55476743827745,141.01918029785156,249400,0.0,0.0,0.0
2002-04-09 00:00:00+09:00,138.28093113850073,148.41240530112356,128.69710422791155,132.80445861816406,582400,0.0,0.0,0.0
2002-04-10 00:00:00+09:00,131.43534175685195,139.3762269879951,128.69710547025088,133.6259307861328,209800,0.0,0.0,0.0
2002-04-11 00:00:00+09:00,146.49564568376366,149.50770568847656,140.74534931112996,149.50770568847656,600500,0.0,0.0,0.0
2002-04-12 00:00:00+09:00,139.92387038447157,150.05534436534327,139.92387038447157,147.31710815429688,383600,0.0,0.0,0.0
2002-04-15 00:00:00+09:00,146.22182861328125,148.68624145507815,141.01917928059896,143.75741577148438,231500,0.0,0.0,0.0
2002-04-16 00:00:00+09:00,143.75740107993656,148.41240263871543,141.5668121110994,147.31710815429688,301000,0.0,0.0,0.0
2002-04-17 00:00:00+09:00,147.86477157444628,147.86477157444628,141.01918029785156,141.01918029785156,265500,0.0,0.0,0.0
2002-04-18 00:00:00+09:00,146.4956436304797,146.4956436304797,141.01917097139636,141.5668182373047,122500,0.0,0.0,0.0
2002-04-19 00:00:00+09:00,140.47152495751016,146.22182130080003,138.55475950974684,142.38829040527344,234700,0.0,0.0,0.0
2002-04-22 00:00:00+09:00,146.22184312741743,146.22184312741743,138.5547801918974,139.37625122070312,133100,0.0,0.0,0.0
2002-04-23 00:00:00+09:00,139.376234058171,144.8527069091797,136.9118212752171,144.8527069091797,143100,0.0,0.0,0.0
2002-04-24 00:00:00+09:00,146.76946324626292,146.76946324626292,138.55475448247955,139.10240173339844,160300,0.0,0.0,0.0
2002-04-25 00:00:00+09:00,139.10241809523248,140.4715363835714,132.80447396887354,136.3641815185547,184800,0.0,0.0,0.0
2002-04-26 00:00:00+09:00,130.06622848510742,138.28093765258788,130.06622848510742,136.9118194580078,112900,0.0,0.0,0.0
2002-04-29 00:00:00+09:00,132.80447739821213,136.91183236929086,132.53065373347357,135.26889038085938,106400,0.0,0.0,0.0
2002-04-30 00:00:00+09:00,134.17358902125682,141.29300394891536,134.17358902125682,141.01918029785156,77100,0.0,0.0,0.0
2002-05-01 00:00:00+09:00,141.01918029785156,141.01918029785156,141.01918029785156,141.01918029785156,0,0.0,0.0,0.0
2002-05-02 00:00:00+09:00,145.12653907140094,157.72242736816406,145.12653907140094,157.72242736816406,283700,0.0,0.0,0.0
2002-05-03 00:00:00+09:00,164.0203343545237,173.87798383159023,156.07945005355342,169.7706298828125,664900,0.0,0.0,0.0
2002-05-06 00:00:00+09:00,164.8418461726262,171.1397904616136,163.1989041841947,163.74655151367188,172900,0.0,0.0,0.0
2002-05-07 00:00:00+09:00,161.0082965229833,169.49682916280045,160.18682562235583,164.84182739257812,122700,0.0,0.0,0.0
2002-05-08 00:00:00+09:00,165.93714194297792,181.818914604187,165.93714194297792,175.2471466064453,225300,0.0,0.0,0.0
2002-05-09 00:00:00+09:00,175.52095596071274,182.0927234225803,171.96124858553446,172.50889587402344,210000,0.0,0.0,0.0
2002-05-10 00:00:00+09:00,175.24712413877953,178.25918408491478,171.13976966677689,173.8780059814453,182700,0.0,0.0,0.0
2002-05-13 00:00:00+09:00,173.604192832362,188.93831712039398,153.06741923231917,153.6150665283203,840900,0.0,0.0,0.0
2002-05-14 00:00:00+09:00,156.0794548178619,156.0794548178619,141.01915654596291,145.1265106201172,399500,0.0,0.0,0.0
2002-05-15 00:00:00+09:00,137.73328860356258,148.9600576547476,137.73328860356258,142.38829040527344,164200,0.0,0.0,0.0
2002-05-16 00:00:00+09:00,144.03125342253213,146.76949017961448,143.7574297468239,146.49566650390625,117800,0.0,0.0,0.0
2002-05-17 00:00:00+09:00,145.12653645373558,148.1385966442848,144.3050654926767,145.40036010742188,80300,0.0,0.0,0.0
2002-05-20 00:00:00+09:00,142.3882705190589,146.49562447633946,142.3882705190589,142.66209411621094,95800,0.0,0.0,0.0
2002-05-21 00:00:00+09:00,142.66211747753528,153.34123951520107,141.29299926757812,141.29299926757812,107400,0.0,0.0,0.0
2002-05-22 00:00:00+09:00,142.38829480800703,144.57888395889947,137.18564557463756,138.5547637939453,74500,0.0,0.0,0.0
2002-05-23 00:00:00+09:00,138.55476223692602,139.6500568000638,128.69711116868623,134.173583984375,95700,0.0,0.0,0.0
2002-05-24 00:00:00+09:00,130.06622361355141,134.99504892943335,128.97092909891097,133.6259307861328,46500,0.0,0.0,0.0
2002-05-27 00:00:00+09:00,131.98300157884543,134.1735908166686,127.32799944847123,128.4232940673828,61600,0.0,0.0,0.0
2002-05-28 00:00:00+09:00,113.08915710449219,130.88769272626456,113.08915710449219,129.2447509765625,69700,0.0,0.0,0.0
2002-05-29 00:00:00+09:00,129.51856797536215,134.1735693613688,129.24474436442057,131.43533325195312,59000,0.0,0.0,0.0
2002-05-30 00:00:00+09:00,132.8044718413446,134.72123741431247,124.58976224291092,126.23270416259766,64100,0.0,0.0,0.0
2002-05-31 00:00:00+09:00,126.50654085599459,130.6138960785918,119.11330145531957,124.58977508544922,56300,0.0,0.0,0.0
2002-06-03 00:00:00+09:00,119.66092397883075,128.69710359279279,119.66092397883075,124.31592559814453,38600,0.0,0.0,0.0
2002-06-04 00:00:00+09:00,120.7562040896029,124.86355797020165,116.37502661696425,121.57767486572266,29700,0.0,0.0,0.0
2002-06-05 00:00:00+09:00,120.75621847749281,126.78033822013418,120.75621847749281,124.31592559814453,28800,0.0,0.0,0.0
2002-06-06 00:00:00+09:00,124.31592559814453,124.31592559814453,124.31592559814453,124.31592559814453,0,0.0,0.0,0.0
2002-06-07 00:00:00+09:00,121.57770205681857,127.05417512244102,120.7562310969752,126.23270416259766,19000,0.0,0.0,0.0
2002-06-10 00:00:00+09:00,126.2327061848468,139.65006541056806,126.2327061848468,136.3641815185547,54500,0.0,0.0,0.0
2002-06-11 00:00:00+09:00,137.18564309692383,138.28093765258788,133.62593579101562,136.9118194580078,58200,0.0,0.0,0.0
2002-06-12 00:00:00+09:00,134.17358902125682,141.01918029785156,134.17358902125682,141.01918029785156,52000,0.0,0.0,0.0
2002-06-13 00:00:00+09:00,141.01918029785156,141.01918029785156,141.01918029785156,141.01918029785156,0,0.0,0.0,0.0
2002-06-14 00:00:00+09:00,141.01917658869928,143.7574130273148,137.4594692184991,138.5547637939453,116400,0.0,0.0,0.0
2002-06-17 00:00:00+09:00,136.9118221922417,143.4835896574693,135.54270397031928,142.11447143554688,114600,0.0,0.0,0.0
2002-06-18 00:00:00+09:00,142.93593170283845,143.75740257469383,139.65004821541686,141.84063720703125,83400,0.0,0.0,0.0
2002-06-19 00:00:00+09:00,141.01915963490805,141.84063046773275,128.69709714253744,131.43533325195312,85200,0.0,0.0,0.0
2002-06-20 00:00:00+09:00,127.32799969297466,142.38830073192867,127.32799969297466,135.54270935058594,67900,0.0,0.0,0.0
2002-06-21 00:00:00+09:00,132.80445199467349,136.91180618007576,131.4353339328727,134.9950408935547,24900,0.0,0.0,0.0
2002-06-24 00:00:00+09:00,131.98299779477327,134.99505791042162,124.58975932909095,125.95887756347656,26800,0.0,0.0,0.0
2002-06-25 00:00:00+09:00,125.13741418552613,132.80447676144456,116.37505695590504,122.39917755126953,54700,0.0,0.0,0.0
2002-06-26 00:00:00+09:00,120.20859664723844,120.20859664723844,108.16035461425781,108.16035461425781,89200,0.0,0.0,0.0
2002-06-27 00:00:00+09:00,112.26768790660404,114.73210056796852,110.07709887428005,112.54151153564453,40400,0.0,0.0,0.0
2002-06-28 00:00:00+09:00,120.2085653985297,125.68503762625315,117.47032928466797,117.47032928466797,89100,0.0,0.0,0.0
2002-07-01 00:00:00+09:00,117.47032928466797,117.47032928466797,117.47032928466797,117.47032928466797,0,0.0,0.0,0.0
2002-07-02 00:00:00+09:00,116.37504623049782,117.74416442144485,110.35092619033087,115.00592803955078,53900,0.0,0.0,0.0
2002-07-03 00:00:00+09:00,115.00592378469614,117.19651280916655,113.63680564440214,113.91062927246094,21500,0.0,0.0,0.0
2002-07-04 00:00:00+09:00,118.017990859603,120.20858001708984,115.00593076805862,120.20858001708984,24000,0.0,0.0,0.0
2002-07-05 00:00:00+09:00,121.85151901088456,134.4474063693131,120.48240081975104,133.35211181640625,79000,0.0,0.0,0.0
2002-07-08 00:00:00+09:00,136.91178991439494,136.91178991439494,127.60178820021609,128.69708251953125,66200,0.0,0.0,0.0
2002-07-09 00:00:00+09:00,128.69709039503527,131.1615027643019,126.23267802576865,127.32797241210938,18200,0.0,0.0,0.0
2002-07-10 00:00:00+09:00,123.494459310155,130.88769745067427,122.39916477081881,128.97093200683594,62500,0.0,0.0,0.0
2002-07-11 00:00:00+09:00,127.60181770489845,131.43534870890826,126.50652313232422,126.50652313232422,18300,0.0,0.0,0.0
2002-07-12 00:00:00+09:00,128.69711227747268,128.69711227747268,121.85152119888372,126.50652313232422,24600,0.0,0.0,0.0
2002-07-15 00:00:00+09:00,120.48238672096443,126.78032966319665,120.48238672096443,120.75621032714844,37800,0.0,0.0,0.0
2002-07-16 00:00:00+09:00,121.03005340233277,122.6729953037219,115.27975674747081,121.85152435302734,36100,0.0,0.0,0.0
2002-07-17 00:00:00+09:00,121.85152435302734,121.85152435302734,121.85152435302734,121.85152435302734,0,0.0,0.0,0.0
2002-07-18 00:00:00+09:00,123.22063529335256,128.14946070508665,121.57769348944119,125.41122436523438,39300,0.0,0.0,0.0
2002-07-19 00:00:00+09:00,125.95887756347656,126.23270121035368,116.64887356965438,125.95887756347656,27900,0.0,0.0,0.0
2002-07-22 00:00:00+09:00,119.11327327381481,123.22062752463601,115.00591902299361,120.48239135742188,32200,0.0,0.0,0.0
2002-07-23 00:00:00+09:00,113.08917299479712,122.67300121469519,113.08917299479712,122.39917755126953,22700,0.0,0.0,0.0
2002-07-24 00:00:00+09:00,117.74415718765788,121.57768788679091,115.82739183809134,118.56562805175781,26600,0.0,0.0,0.0
2002-07-25 00:00:00+09:00,127.32798170579947,127.32798170579947,120.48239129150917,126.78033447265625,91500,0.0,0.0,0.0
2002-07-26 00:00:00+09:00,130.0662004186752,133.35208337662067,125.95884672124335,128.69708251953125,81300,0.0,0.0,0.0
2002-07-29 00:00:00+09:00,128.6971037266618,131.43533997616524,124.04210210250595,129.2447509765625,54200,0.0,0.0,0.0
2002-07-30 00:00:00+09:00,132.80445130666098,135.26886380513508,129.24474436442057,131.43533325195312,37400,0.0,0.0,0.0
2002-07-31 00:00:00+09:00,128.9709413768386,132.53064888830124,128.4232940673828,128.4232940673828,21700,0.0,0.0,0.0
2002-08-01 00:00:00+09:00,126.23267802576865,130.88767916771673,126.23267802576865,127.32797241210938,9500,0.0,0.0,0.0
2002-08-02 00:00:00+09:00,123.22064260418495,125.95887910650018,121.85152435302734,121.85152435302734,10100,0.0,0.0,0.0
2002-08-05 00:00:00+09:00,120.4824008033389,121.85151899428594,115.00592803955078,115.00592803955078,12100,0.0,0.0,0.0
2002-08-06 00:00:00+09:00,117.7441555330123,120.48239170819863,115.00591935782597,119.11327362060547,7000,0.0,0.0,0.0
2002-08-07 00:00:00+09:00,115.27974263971502,123.22062752463601,115.27974263971502,120.48239135742188,6000,0.0,0.0,0.0
2002-08-08 00:00:00+09:00,123.22062683105469,123.22062683105469,118.83944898817273,123.22062683105469,14400,0.0,0.0,0.0
2002-08-09 00:00:00+09:00,123.76826999517255,125.95885884464462,120.48238672096443,120.75621032714844,22400,0.0,0.0,0.0
2002-08-12 00:00:00+09:00,119.38711725358728,123.49447220497217,118.56564626331031,122.39917755126953,7100,0.0,0.0,0.0
2002-08-13 00:00:00+09:00,120.48241190728992,125.95888517580309,118.56564626331031,122.39917755126953,21100,0.0,0.0,0.0
2002-08-14 00:00:00+09:00,119.38709891585775,122.39915875089086,118.01798080902452,118.56562805175781,20100,0.0,0.0,0.0
2002-08-15 00:00:00+09:00,118.56562805175781,118.56562805175781,118.56562805175781,118.56562805175781,0,0.0,0.0,0.0
2002-08-16 00:00:00+09:00,121.57768345546056,121.57768345546056,113.63679872526156,117.47032928466797,15300,0.0,0.0,0.0
2002-08-19 00:00:00+09:00,115.27975368278486,120.48240289887254,115.27975368278486,118.01799011230469,5500,0.0,0.0,0.0
2002-08-20 00:00:00+09:00,118.29180739442324,120.20857279201806,116.37504199682841,118.8394546508789,7900,0.0,0.0,0.0
2002-08-21 00:00:00+09:00,118.56562710032745,118.56562710032745,114.45827281278723,116.37503814697266,21000,0.0,0.0,0.0
2002-08-22 00:00:00+09:00,117.74416442144485,117.74416442144485,112.26769165765671,115.00592803955078,19900,0.0,0.0,0.0
2002-08-23 00:00:00+09:00,115.00592803955078,115.00592803955078,115.00592803955078,115.00592803955078,0,0.0,0.0,0.0
2002-08-26 00:00:00+09:00,107.8864956520442,111.7200259544011,107.8864956520442,109.80326080322266,12700,0.0,0.0,0.0
2002-08-27 00:00:00+09:00,107.61268956986062,110.89857322084872,104.32680591887251,106.51739501953125,32000,0.0,0.0,0.0
2002-08-28 00:00:00+09:00,107.33888179289004,109.52947121723473,107.06505811484695,108.70800018310547,6900,0.0,0.0,0.0
2002-08-29 00:00:00+09:00,108.16034336781873,108.98181433010595,105.42210682686128,105.69593048095703,12800,0.0,0.0,0.0
2002-08-30 00:00:00+09:00,104.32680061340332,112.81533294677735,104.32680061340332,109.52944946289062,14600,0.0,0.0,0.0
2002-09-02 00:00:00+09:00,109.52944946289062,111.72003845214844,107.06503684997558,109.52944946289062,12200,0.0,0.0,0.0
2002-09-03 00:00:00+09:00,107.88650139256526,109.52944303813733,104.05297088623047,104.05297088623047,18700,0.0,0.0,0.0
2002-09-04 00:00:00+09:00,98.85032997639973,103.77915529378255,98.85032997639973,102.6838607788086,16000,0.0,0.0,0.0
2002-09-05 00:00:00+09:00,101.5885784117469,104.32681502661877,98.57651813538781,98.850341796875,22100,0.0,0.0,0.0
2002-09-06 00:00:00+09:00,98.57650344436233,98.57650344436233,90.3617948239988,91.18326568603516,23200,0.0,0.0,0.0
2002-09-09 00:00:00+09:00,91.4570957068241,95.01680302475438,90.36180114746094,90.36180114746094,9100,0.0,0.0,0.0
2002-09-10 00:00:00+09:00,84.88533826753093,91.18328271963806,84.88533826753093,90.63563537597656,17900,0.0,0.0,0.0
2002-09-11 00:00:00+09:00,89.26652033188765,94.74299397188075,89.26652033188765,93.10005187988281,8800,0.0,0.0,0.0
2002-09-12 00:00:00+09:00,95.83826414296325,97.75502942582251,93.3738516364299,97.20738220214844,14500,0.0,0.0,0.0
2002-09-13 00:00:00+09:00,101.314736379704,101.314736379704,95.29061691928918,97.20738220214844,4500,0.0,0.0,0.0
2002-09-16 00:00:00+09:00,99.9456401203954,99.9456401203954,91.18328263038813,94.19534301757812,3500,0.0,0.0,0.0
2002-09-17 00:00:00+09:00,96.38593470982143,96.38593470982143,92.5524032156808,95.83828735351562,14400,0.0,0.0,0.0
2002-09-18 00:00:00+09:00,97.20739218679141,105.42210138567519,93.6476848672751,103.77915954589844,31900,0.0,0.0,0.0
2002-09-19 00:00:00+09:00,102.13619995117188,102.13619995117188,98.85031684282319,102.13619995117188,5800,0.0,0.0,0.0
2002-09-20 00:00:00+09:00,102.13619995117188,102.13619995117188,102.13619995117188,102.13619995117188,0,0.0,0.0,0.0
2002-09-23 00:00:00+09:00,96.65975759340368,101.86240743554157,96.65975759340368,100.7671127319336,7600,0.0,0.0,0.0
2002-09-24 00:00:00+09:00,98.30267632802328,99.9456179936727,93.92149855295817,98.57649993896484,3000,0.0,0.0,0.0
2002-09-25 00:00:00+09:00,94.46916678160699,98.30269818723743,90.63563537597656,90.63563537597656,6900,0.0,0.0,0.0
2002-09-26 00:00:00+09:00,93.10003406273391,96.93356487708178,90.36179776677115,91.45709228515625,2500,0.0,0.0,0.0
2002-09-27 00:00:00+09:00,95.83828869987937,95.83828869987937,91.18328610588523,93.10005187988281,2800,0.0,0.0,0.0
2002-09-30 00:00:00+09:00,91.73091934666489,91.73091934666489,85.7067992701675,90.36180114746094,3300,0.0,0.0,0.0
2002-10-01 00:00:00+09:00,87.62355578785211,98.02885303765956,87.62355578785211,97.20738220214844,14500,0.0,0.0,0.0
2002-10-02 00:00:00+09:00,99.12414716084798,99.12414716084798,93.10002772013347,98.57649993896484,14500,0.0,0.0,0.0
2002-10-03 00:00:00+09:00,98.57649993896484,98.57649993896484,98.57649993896484,98.57649993896484,0,0.0,0.0,0.0
2002-10-04 00:00:00+09:00,98.57651416675465,110.35093113667256,95.83827766212256,101.31475067138672,73700,0.0,0.0,0.0
2002-10-07 00:00:00+09:00,102.13621252109122,104.05297790352458,93.64768011317211,95.56444549560547,34100,0.0,0.0,0.0
2002-10-08 00:00:00+09:00,95.83828735351562,99.94564252580915,87.62357700892856,95.83828735351562,25900,0.0,0.0,0.0
2002-10-09 00:00:00+09:00,99.94562351259597,99.94562351259597,92.5523856089245,95.56444549560547,2600,0.0,0.0,0.0
2002-10-10 00:00:00+09:00,93.64769924388213,95.56446501787971,92.27858083388385,93.10005187988281,35400,0.0,0.0,0.0
2002-10-11 00:00:00+09:00,95.01679527896574,98.30267868918934,94.46914804392847,95.29061889648438,2000,0.0,0.0,0.0
2002-10-14 00:00:00+09:00,98.5765088952106,99.94562707431074,94.46915435791016,94.46915435791016,4500,0.0,0.0,0.0
2002-10-15 00:00:00+09:00,96.93358126930568,101.31476008373758,94.74299186208974,100.7671127319336,19600,0.0,0.0,0.0
2002-10-16 00:00:00+09:00,103.77916352555559,103.77916352555559,100.49327971999709,101.31475067138672,14600,0.0,0.0,0.0
2002-10-17 00:00:00+09:00,104.05299205406038,111.72005462646484,100.49328443115832,111.72005462646484,39100,0.0,0.0,0.0
2002-10-18 00:00:00+09:00,111.72005287728658,117.47034971655869,106.79122701505335,112.2677001953125,53800,0.0,0.0,0.0
2002-10-21 00:00:00+09:00,109.8032918617603,112.81535223702055,107.61270249793465,111.99388122558594,17900,0.0,0.0,0.0
2002-10-22 00:00:00+09:00,115.00593472021231,115.00593472021231,105.42210682686128,105.69593048095703,15900,0.0,0.0,0.0
2002-10-23 00:00:00+09:00,100.76709885370164,116.37504623049782,100.76709885370164,115.00592803955078,97100,0.0,0.0,0.0
2002-10-24 00:00:00+09:00,117.74417704215767,117.74417704215767,110.07711435104044,114.73211669921875,96100,0.0,0.0,0.0
2002-10-25 00:00:00+09:00,111.99388350521225,113.63682556152344,110.0771177728492,113.63682556152344,17900,0.0,0.0,0.0
2002-10-28 00:00:00+09:00,115.00591678219243,119.113270952985,112.2676806683307,117.47032928466797,32400,0.0,0.0,0.0
2002-10-29 00:00:00+09:00,114.18444594803391,117.47032928466797,110.89856261139984,117.47032928466797,36400,0.0,0.0,0.0
2002-10-30 00:00:00+09:00,114.73210440136137,117.19651714506603,111.9938680194673,115.00592803955078,24900,0.0,0.0,0.0
2002-10-31 00:00:00+09:00,115.0059217087766,118.83945243240248,112.54150910073139,115.827392578125,26800,0.0,0.0,0.0
2002-11-01 00:00:00+09:00,113.08917469397934,115.82741136937837,112.26770369135964,114.73211669921875,26900,0.0,0.0,0.0
2002-11-04 00:00:00+09:00,117.47034451028576,125.95887756347656,111.99387157274329,125.95887756347656,34700,0.0,0.0,0.0
2002-11-05 00:00:00+09:00,125.41124499160632,128.69712913985802,123.22065555943853,123.76830291748047,20700,0.0,0.0,0.0
2002-11-06 00:00:00+09:00,123.22061846333165,128.4232667984501,121.85150048040575,127.32797241210938,23700,0.0,0.0,0.0
2002-11-07 00:00:00+09:00,125.4112341061987,138.82859321363043,125.13741045094498,135.54270935058594,45500,0.0,0.0,0.0
2002-11-08 00:00:00+09:00,134.17355411610706,134.17355411610706,127.87561178004488,128.69708251953125,24200,0.0,0.0,0.0
2002-11-11 00:00:00+09:00,134.17358381815725,134.17358381815725,122.67299091945806,125.68505096435547,22600,0.0,0.0,0.0
2002-11-12 00:00:00+09:00,120.48240610186973,125.41123180603712,119.93475880140669,121.85152435302734,10500,0.0,0.0,0.0
2002-11-13 00:00:00+09:00,121.85150875515407,128.14945190429688,120.48239067925347,123.22062683105469,32700,0.0,0.0,0.0
2002-11-14 00:00:00+09:00,123.22063616343907,125.95887252262659,118.56563435282025,122.67298889160156,9100,0.0,0.0,0.0
2002-11-15 00:00:00+09:00,120.75622344017029,125.41122525078909,120.48239980425153,122.67298889160156,28800,0.0,0.0,0.0
2002-11-18 00:00:00+09:00,125.41123026972231,125.95887756347656,120.75622827281123,125.95887756347656,35900,0.0,0.0,0.0
2002-11-19 00:00:00+09:00,125.95885442918346,129.792384781376,125.95885442918346,127.32797241210938,16100,0.0,0.0,0.0
2002-11-20 00:00:00+09:00,130.06623226663342,130.06623226663342,125.95887756347656,125.95887756347656,13400,0.0,0.0,0.0
2002-11-21 00:00:00+09:00,125.95887756347656,128.69711403224778,121.85152286031972,125.95887756347656,13400,0.0,0.0,0.0
2002-11-22 00:00:00+09:00,122.39916727901284,131.16152377325986,122.12534363856763,125.68505096435547,37300,0.0,0.0,0.0
2002-11-25 00:00:00+09:00,123.22064670947714,125.95888330302107,119.38711547851562,119.38711547851562,12500,0.0,0.0,0.0
2002-11-26 00:00:00+09:00,120.75621532571726,120.75621532571726,117.19650829797503,119.11327362060547,12500,0.0,0.0,0.0
2002-11-27 00:00:00+09:00,116.64886896887491,121.85151805434117,115.00592715241189,117.7441635131836,3500,0.0,0.0,0.0
2002-11-28 00:00:00+09:00,118.01798587772271,120.48239857586542,112.2676895820564,116.92269134521484,15000,0.0,0.0,0.0
2002-11-29 00:00:00+09:00,117.47033262365005,118.56562710032745,114.18444919361788,116.37503814697266,2500,0.0,0.0,0.0
2002-12-02 00:00:00+09:00,116.37503814697266,116.37503814697266,116.37503814697266,116.37503814697266,0,0.0,0.0,0.0
2002-12-03 00:00:00+09:00,115.55358021347611,118.29181671142578,113.9106383147063,118.29181671142578,22900,0.0,0.0,0.0
2002-12-04 00:00:00+09:00,117.47035702624953,117.47035702624953,113.63682556152344,113.63682556152344,9700,0.0,0.0,0.0
2002-12-05 00:00:00+09:00,118.29182805440512,118.29182805440512,110.0771177728492,113.63682556152344,18000,0.0,0.0,0.0
2002-12-06 00:00:00+09:00,109.52945122352013,114.18445290051974,102.68386052205013,113.91062927246094,42000,0.0,0.0,0.0
2002-12-09 00:00:00+09:00,110.62473158229913,114.73208547768152,107.33884846599321,109.80326080322266,15500,0.0,0.0,0.0
2002-12-10 00:00:00+09:00,109.52943721019716,113.63679110557955,107.6126720590187,109.80326080322266,10500,0.0,0.0,0.0
2002-12-11 00:00:00+09:00,109.52945932480517,122.39917079546979,107.33887013830908,107.6126937866211,151200,0.0,0.0,0.0
2002-12-12 00:00:00+09:00,107.88651669985288,113.0891659823331,105.42210388183594,105.42210388183594,41200,0.0,0.0,0.0
2002-12-13 00:00:00+09:00,105.69592157667674,106.79121610078738,104.05297979051078,104.87445068359375,17700,0.0,0.0,0.0
2002-12-16 00:00:00+09:00,101.04090936602324,102.68385098173094,96.65973172413605,98.30267333984375,26500,0.0,0.0,0.0
2002-12-17 00:00:00+09:00,99.39798511814426,101.31475067138672,99.39798511814426,101.31475067138672,14300,0.0,0.0,0.0
2002-12-18 00:00:00+09:00,98.57651416675465,105.42210542833483,98.57651416675465,101.31475067138672,20200,0.0,0.0,0.0
2002-12-19 00:00:00+09:00,101.31475067138672,101.31475067138672,101.31475067138672,101.31475067138672,0,0.0,0.0,0.0
2002-12-20 00:00:00+09:00,99.39799656587489,99.39799656587489,92.82622819788317,93.10005187988281,26700,0.0,0.0,0.0
2002-12-23 00:00:00+09:00,90.63560786879206,95.01678528843155,90.3617842800646,90.90943145751953,12700,0.0,0.0,0.0
2002-12-24 00:00:00+09:00,88.99269163608551,92.00475196838379,87.62357330322266,87.62357330322266,8500,0.0,0.0,0.0
2002-12-25 00:00:00+09:00,87.62357330322266,87.62357330322266,87.62357330322266,87.62357330322266,0,0.0,0.0,0.0
2002-12-26 00:00:00+09:00,87.6235601163139,88.99267824313131,82.69473485977124,85.70679473876953,11700,0.0,0.0,0.0
2002-12-27 00:00:00+09:00,119.12593671187614,119.12593671187614,109.76069011503053,115.75444793701172,4400,842.1053,0.0,0.0
2002-12-30 00:00:00+09:00,114.25600674947104,114.25600674947104,108.63685887654623,112.3829574584961,5800,0.0,0.0,0.0
2002-12-31 00:00:00+09:00,112.3829574584961,112.3829574584961,112.3829574584961,112.3829574584961,0,0.0,0.0,0.0
2003-01-01 00:00:00+09:00,112.3829574584961,112.3829574584961,112.3829574584961,112.3829574584961,0,0.0,0.0,0.0
2003-01-02 00:00:00+09:00,112.38298326450456,122.87206170252499,112.00837332028954,119.50057220458984,7800,0.0,0.0,0.0
2003-01-03 00:00:00+09:00,120.6243912238287,128.86580925775488,120.6243912238287,126.99275970458984,10400,0.0,0.0,0.0
2003-01-06 00:00:00+09:00,126.9927532019982,126.9927532019982,118.00211580716646,121.74821472167969,13000,0.0,0.0,0.0
2003-01-07 00:00:00+09:00,123.24665277215499,123.62126265900044,110.88452650625494,118.37672424316406,23100,0.0,0.0,0.0
2003-01-08 00:00:00+09:00,117.62749871483732,117.62749871483732,112.38296055557704,113.50679016113281,13500,0.0,0.0,0.0
2003-01-09 00:00:00+09:00,110.88452308529712,119.12594034163678,110.88452308529712,114.25601196289062,14300,0.0,0.0,0.0
2003-01-10 00:00:00+09:00,114.25602833936168,121.74822691899196,112.75758862343562,117.62751770019531,29400,0.0,0.0,0.0
2003-01-13 00:00:00+09:00,118.3767423719448,119.50057220458984,116.12908270665471,119.50057220458984,10800,0.0,0.0,0.0
2003-01-14 00:00:00+09:00,119.87516033115672,126.99274797581916,119.50055045512187,125.49430847167969,26300,0.0,0.0,0.0
2003-01-15 00:00:00+09:00,123.9958719783986,127.36736094457862,123.9958719783986,126.6181411743164,11300,0.0,0.0,0.0
2003-01-16 00:00:00+09:00,127.36736961522284,127.36736961522284,121.74822095572772,126.99275970458984,5700,0.0,0.0,0.0
2003-01-17 00:00:00+09:00,126.9927532019982,126.9927532019982,118.00211580716646,121.74821472167969,4900,0.0,0.0,0.0
2003-01-20 00:00:00+09:00,115.75443890968465,123.24663560286812,115.75443890968465,120.6243667602539,3200,0.0,0.0,0.0
2003-01-21 00:00:00+09:00,121.37359274887459,123.62125187385374,116.50366464475307,122.87203216552734,5300,0.0,0.0,0.0
2003-01-22 00:00:00+09:00,118.3767357826233,125.4943243265152,114.63063654899598,119.87517547607422,3000,0.0,0.0,0.0
2003-01-23 00:00:00+09:00,121.37361516952515,121.37361516952515,116.50368616580964,119.87517547607422,2900,0.0,0.0,0.0
2003-01-24 00:00:00+09:00,116.50366735133994,118.00210680280412,109.3860799568851,110.13529968261719,6800,0.0,0.0,0.0
2003-01-27 00:00:00+09:00,106.01460202973463,108.63687133789062,97.02396440177128,108.63687133789062,11000,0.0,0.0,0.0
2003-01-28 00:00:00+09:00,109.01146339264926,116.12905034955763,108.63685355281198,113.13217163085938,9400,0.0,0.0,0.0
2003-01-29 00:00:00+09:00,110.88452044988084,115.75444871288236,108.63686125157244,110.5099105834961,8200,0.0,0.0,0.0
2003-01-30 00:00:00+09:00,110.50990816752116,112.7575673166911,110.50990816752116,112.3829574584961,900,0.0,0.0,0.0
2003-01-31 00:00:00+09:00,112.3829574584961,112.3829574584961,112.3829574584961,112.3829574584961,0,0.0,0.0,0.0
2003-02-03 00:00:00+09:00,110.1352975923721,112.38295672691031,108.63685816934664,109.38607788085938,3900,0.0,0.0,0.0
2003-02-04 00:00:00+09:00,109.76070238196331,112.00836181640625,109.76070238196331,112.00836181640625,600,0.0,0.0,0.0
2003-02-05 00:00:00+09:00,112.38296258644979,114.25601196289061,112.00835271116162,114.25601196289062,2500,0.0,0.0,0.0
2003-02-06 00:00:00+09:00,114.25600817414367,114.25600817414367,108.63686023115301,110.13529968261719,3400,0.0,0.0,0.0
2003-02-07 00:00:00+09:00,108.26224517822266,111.25912393748142,108.26224517822266,108.26224517822266,1400,0.0,0.0,0.0
2003-02-10 00:00:00+09:00,110.5099295914378,110.5099295914378,103.766950836706,109.01148986816406,1100,0.0,0.0,0.0
2003-02-11 00:00:00+09:00,112.38297034954202,112.38297034954202,104.89077232623922,108.63687133789062,6100,0.0,0.0,0.0
2003-02-12 00:00:00+09:00,110.13529440275938,110.50990424766673,104.14153688424186,108.26224517822266,3000,0.0,0.0,0.0
2003-02-13 00:00:00+09:00,110.1352975923721,110.1352975923721,109.38607788085936,109.38607788085938,92,0.0,0.0,0.0
2003-02-14 00:00:00+09:00,105.63997457315632,108.63685328445155,101.89387618403731,102.26848602294922,5000,0.0,0.0,0.0
2003-02-17 00:00:00+09:00,102.26849191839045,107.88763982599433,100.77005247636275,107.13842010498047,16700,0.0,0.0,0.0
2003-02-18 00:00:00+09:00,105.63999742780413,106.76382718767438,103.01772798810686,104.89077758789062,6900,0.0,0.0,0.0
2003-02-19 00:00:00+09:00,103.39233790806361,106.01460734776087,103.39233790806361,104.89077758789062,9300,0.0,0.0,0.0
2003-02-20 00:00:00+09:00,103.7669307200114,116.12905604044597,103.7669307200114,112.3829574584961,6700,0.0,0.0,0.0
2003-02-21 00:00:00+09:00,110.88452308529712,115.00523171346696,108.63686383356813,114.25601196289062,5000,0.0,0.0,0.0
2003-02-24 00:00:00+09:00,113.88139689127605,115.75444618225099,112.3829574584961,112.3829574584961,6400,0.0,0.0,0.0
2003-02-25 00:00:00+09:00,107.5130416343952,112.38297034954202,107.5130416343952,108.63687133789062,18400,0.0,0.0,0.0
2003-02-26 00:00:00+09:00,107.13841874632116,110.88451730388483,107.13841874632116,109.38607788085938,7000,0.0,0.0,0.0
2003-02-27 00:00:00+09:00,106.7638144571273,116.12906133933144,105.6399848312628,114.25601196289062,17400,0.0,0.0,0.0
2003-02-28 00:00:00+09:00,119.87516116472632,122.12282043656494,113.88140310649,114.63062286376953,30200,0.0,0.0,0.0
2003-03-03 00:00:00+09:00,119.5005462542683,119.5005462542683,110.13529968261719,110.13529968261719,6100,0.0,0.0,0.0
2003-03-04 00:00:00+09:00,107.88766479492186,112.75759410858153,107.88766479492186,107.88766479492188,9300,0.0,0.0,0.0
2003-03-05 00:00:00+09:00,106.7638158126616,107.51303557275045,101.89388737208407,106.38920593261719,6100,0.0,0.0,0.0
2003-03-06 00:00:00+09:00,103.01772282041351,119.12594857051454,103.01772282041351,108.63687133789062,141700,0.0,0.0,0.0
2003-03-07 00:00:00+09:00,108.63686625162761,108.63686625162761,97.77317962646485,101.14466857910156,26300,0.0,0.0,0.0
2003-03-10 00:00:00+09:00,95.52552277187131,101.14467117021668,93.65247330575619,99.27162170410156,16300,0.0,0.0,0.0
2003-03-11 00:00:00+09:00,88.40792834851169,98.52239472736684,88.40792834851169,96.64934539794922,20200,0.0,0.0,0.0
2003-03-12 00:00:00+09:00,95.1509049115014,99.27161339192075,94.40168518778879,96.27473449707031,14800,0.0,0.0,0.0
2003-03-13 00:00:00+09:00,93.27785595703125,97.398564453125,92.52863623046875,93.6524658203125,12700,0.0,0.0,0.0
2003-03-14 00:00:00+09:00,95.90012770432692,101.51927581200232,95.90012770432692,97.39856719970703,19000,0.0,0.0,0.0
2003-03-17 00:00:00+09:00,98.1477981075164,98.5224080239573,92.90325927734375,92.90325927734375,3200,0.0,0.0,0.0
2003-03-18 00:00:00+09:00,94.02708232833679,96.6493515566171,90.2809834307935,93.27786254882812,17800,0.0,0.0,0.0
2003-03-19 00:00:00+09:00,96.27474009195964,96.27474009195964,88.7825424194336,89.9063720703125,26000,0.0,0.0,0.0
2003-03-20 00:00:00+09:00,91.40480825063344,97.02395629882812,90.2809786409945,97.02395629882812,34300,0.0,0.0,0.0
2003-03-21 00:00:00+09:00,97.023957325862,98.52239682124211,94.02707833510178,97.39856719970703,14600,0.0,0.0,0.0
2003-03-24 00:00:00+09:00,97.77317603858741,99.27161551810599,97.02395629882812,97.02395629882812,7800,0.0,0.0,0.0
2003-03-25 00:00:00+09:00,94.0270767211914,97.02395566051226,93.6524668537763,94.0270767211914,10000,0.0,0.0,0.0
2003-03-26 00:00:00+09:00,93.65246647088102,97.02395526383275,93.65246647088102,96.64934539794922,11800,0.0,0.0,0.0
2003-03-27 00:00:00+09:00,96.64934642894848,97.02395629882812,94.02707733979095,97.02395629882812,2600,0.0,0.0,0.0
2003-03-28 00:00:00+09:00,94.40168059274052,101.51926762155826,94.40168059274052,100.02082824707031,6300,0.0,0.0,0.0
2003-03-31 00:00:00+09:00,97.39857124559806,101.14467013965954,95.52552179856734,98.89701080322266,2700,0.0,0.0,0.0
2003-04-01 00:00:00+09:00,95.1509049115014,96.64934435892661,94.02707532593249,96.27473449707031,6700,0.0,0.0,0.0
2003-04-02 00:00:00+09:00,96.27473553206569,97.02395526383275,94.7762960685316,96.64934539794922,1100,0.0,0.0,0.0
2003-04-03 00:00:00+09:00,97.77319524428424,97.77319524428424,93.65248586617265,95.5255355834961,16200,0.0,0.0,0.0
2003-04-04 00:00:00+09:00,97.39857024566302,101.14466910126545,95.90013070342206,98.52239990234375,12300,0.0,0.0,0.0
2003-04-07 00:00:00+09:00,99.27161336372403,104.89076128997256,98.52239364022422,104.51615142822266,24300,0.0,0.0,0.0
2003-04-08 00:00:00+09:00,101.89390563964842,107.88766479492186,101.51929569244383,107.88766479492188,15700,0.0,0.0,0.0
2003-04-09 00:00:00+09:00,105.63998617252832,108.63686521288373,103.01771701221735,106.38920593261719,12300,0.0,0.0,0.0
2003-04-10 00:00:00+09:00,110.1353244781494,110.1353244781494,104.89078521728514,107.88766479492188,3500,0.0,0.0,0.0
2003-04-11 00:00:00+09:00,107.88766007570877,110.5099295914378,107.88766007570877,109.01148986816406,14500,0.0,0.0,0.0
2003-04-14 00:00:00+09:00,110.88452786959135,121.74821472167969,110.50991797814002,121.74821472167969,25800,0.0,0.0,0.0
2003-04-15 00:00:00+09:00,122.12282109815021,132.61189775688703,122.12282109815021,128.8657989501953,25800,0.0,0.0,0.0
2003-04-16 00:00:00+09:00,127.36736094457862,130.73884991075863,122.12282255274303,126.6181411743164,15500,0.0,0.0,0.0
2003-04-17 00:00:00+09:00,124.3704594741633,126.99272819801614,120.62436129723066,121.37358093261719,10500,0.0,0.0,0.0
2003-04-18 00:00:00+09:00,123.62125603549451,125.11969550259141,120.24976723452647,124.37047576904297,8800,0.0,0.0,0.0
2003-04-21 00:00:00+09:00,124.74508143634331,124.74508143634331,118.37671391556903,122.87203216552734,12900,0.0,0.0,0.0
2003-04-22 00:00:00+09:00,125.49431976594954,125.49431976594954,119.1259513002148,123.99588012695312,3300,0.0,0.0,0.0
2003-04-23 00:00:00+09:00,123.99588443071413,123.99588443071413,116.87829589843749,116.8782958984375,16300,0.0,0.0,0.0
2003-04-24 00:00:00+09:00,118.00213242772979,123.62128159095501,116.12908270665471,119.50057220458984,15900,0.0,0.0,0.0
2003-04-25 00:00:00+09:00,121.37360495290447,121.37360495290447,105.26537960421653,116.12906646728516,16500,0.0,0.0,0.0
2003-04-28 00:00:00+09:00,116.12906646728514,116.12906646728514,109.76069830617597,116.12906646728516,15500,0.0,0.0,0.0
2003-04-29 00:00:00+09:00,112.7575712145472,122.49742786430875,112.7575712145472,122.12281799316406,14900,0.0,0.0,0.0
2003-04-30 00:00:00+09:00,122.12281452525747,123.62125396728516,116.5036666176536,123.62125396728516,18900,0.0,0.0,0.0
2003-05-01 00:00:00+09:00,123.62125396728516,123.62125396728516,123.62125396728516,123.62125396728516,0,0.0,0.0,0.0
2003-05-02 00:00:00+09:00,127.3673618389016,138.23104858398438,126.99275195114012,138.23104858398438,44100,0.0,0.0,0.0
2003-05-05 00:00:00+09:00,138.23104858398438,138.23104858398438,138.23104858398438,138.23104858398438,0,0.0,0.0,0.0
2003-05-06 00:00:00+09:00,137.85644729201857,141.97715631433437,134.11034818082243,138.6056671142578,31100,0.0,0.0,0.0
2003-05-07 00:00:00+09:00,134.85953613281248,143.850171875,132.98648701985675,140.4786834716797,20400,0.0,0.0,0.0
2003-05-08 00:00:00+09:00,140.4786834716797,140.4786834716797,140.4786834716797,140.4786834716797,0,0.0,0.0,0.0
2003-05-09 00:00:00+09:00,140.47870374705695,144.22480251364513,131.86267658390412,136.73260498046875,14400,0.0,0.0,0.0
2003-05-12 00:00:00+09:00,133.7357090724988,141.60251548852813,133.36109924316406,133.36109924316406,29700,0.0,0.0,0.0
2003-05-13 00:00:00+09:00,138.6056480301456,138.6056480301456,131.86267055840878,134.4849395751953,5100,0.0,0.0,0.0
2003-05-14 00:00:00+09:00,132.98651946717828,150.5931854248047,132.98651946717828,150.5931854248047,127000,0.0,0.0,0.0
2003-05-15 00:00:00+09:00,147.2216667489907,149.84393562238242,141.2279093240954,145.34861755371094,62800,0.0,0.0,0.0
2003-05-16 00:00:00+09:00,140.8533172607422,144.97402601039158,137.1072183974246,140.8533172607422,64300,0.0,0.0,0.0
2003-05-19 00:00:00+09:00,142.3517501385838,147.2216784327985,137.85643171315485,141.22792053222656,153500,0.0,0.0,0.0
2003-05-20 00:00:00+09:00,142.35175680606923,142.35175680606923,136.73260851109282,140.8533172607422,24700,0.0,0.0,0.0
2003-05-21 00:00:00+09:00,137.8564386962229,141.97714746159915,135.2341694818926,138.23104858398438,20200,0.0,0.0,0.0
2003-05-22 00:00:00+09:00,138.2310572031382,140.47871666985588,135.60878782530088,138.6056671142578,38100,0.0,0.0,0.0
2003-05-23 00:00:00+09:00,149.84396910056088,149.84396910056088,138.98028134077023,146.09786987304688,29300,0.0,0.0,0.0
2003-05-26 00:00:00+09:00,149.8439438163736,158.08536072627416,131.1134508393269,134.4849395751953,979500,0.0,0.0,0.0
2003-05-27 00:00:00+09:00,134.85955810546875,135.98338775634767,129.98962961832683,134.85955810546875,188800,0.0,0.0,0.0
2003-05-28 00:00:00+09:00,134.8595781085872,137.85645762211135,131.113478716682,133.73574829101562,104400,0.0,0.0,0.0
2003-05-29 00:00:00+09:00,131.48807948088844,137.85644800275483,131.48807948088844,135.9833984375,62700,0.0,0.0,0.0
2003-05-30 00:00:00+09:00,137.85641719518082,137.85641719518082,132.6118795844946,133.36109924316406,25900,0.0,0.0,0.0
2003-06-02 00:00:00+09:00,136.73258989216896,136.73258989216896,130.73883252703277,134.11032104492188,28000,0.0,0.0,0.0
2003-06-03 00:00:00+09:00,131.11346029821848,132.98650973105018,129.61502075195312,129.61502075195312,18700,0.0,0.0,0.0
2003-06-04 00:00:00+09:00,131.11345878413977,137.48182678222656,129.24040937293776,137.48182678222656,40600,0.0,0.0,0.0
2003-06-05 00:00:00+09:00,139.72949552668098,139.72949552668098,132.98651719027276,135.2341766357422,10500,0.0,0.0,0.0
2003-06-06 00:00:00+09:00,135.2341766357422,135.2341766357422,135.2341766357422,135.2341766357422,0,0.0,0.0,0.0
2003-06-09 00:00:00+09:00,136.35801786534927,136.35801786534927,130.36425883830097,133.73574829101562,27600,0.0,0.0,0.0
2003-06-10 00:00:00+09:00,134.11033042133718,134.11033042133718,127.36735291411911,129.2404022216797,26900,0.0,0.0,0.0
2003-06-11 00:00:00+09:00,131.11346029821848,131.11346029821848,126.99275154598875,129.61502075195312,12600,0.0,0.0,0.0
2003-06-12 00:00:00+09:00,131.11348544850068,131.11348544850068,127.36738586425781,127.36738586425781,13800,0.0,0.0,0.0
2003-06-13 00:00:00+09:00,125.4943084716797,126.99274797581916,123.62125909150538,125.49430847167969,13600,0.0,0.0,0.0
2003-06-16 00:00:00+09:00,123.99588069860805,129.98963928222656,123.99588069860805,129.98963928222656,26800,0.0,0.0,0.0
2003-06-17 00:00:00+09:00,129.61502476283482,134.1103435407366,128.1165851702009,131.11346435546875,28300,0.0,0.0,0.0
2003-06-18 00:00:00+09:00,129.98964787625718,133.36113730244253,126.24354851382903,130.3642578125,12600,0.0,0.0,0.0
2003-06-19 00:00:00+09:00,132.61189061945134,132.61189061945134,123.62125396728516,123.62125396728516,31300,0.0,0.0,0.0
2003-06-20 00:00:00+09:00,120.62437850858537,129.98962528720224,118.00210941057264,122.12281799316406,14100,0.0,0.0,0.0
2003-06-23 00:00:00+09:00,119.12596677892348,127.36738586425781,115.7544771531049,127.36738586425781,61900,0.0,0.0,0.0
2003-06-24 00:00:00+09:00,128.11657263714335,140.104088205531,128.11657263714335,129.2404022216797,184500,0.0,0.0,0.0
2003-06-25 00:00:00+09:00,129.2404040371079,132.61189283807593,123.99586590226873,124.37047576904297,44000,0.0,0.0,0.0
2003-06-26 00:00:00+09:00,124.74508143634331,124.74508143634331,118.75132376973222,122.87203216552734,43400,0.0,0.0,0.0
2003-06-27 00:00:00+09:00,120.24978539943696,122.87205486297609,118.00212585926056,119.87517547607422,34900,0.0,0.0,0.0
2003-06-30 00:00:00+09:00,119.87514814725233,123.99585636481413,119.125928471332,120.99897766113281,19700,0.0,0.0,0.0
2003-07-01 00:00:00+09:00,118.00213242772979,122.87206170252499,117.62752248351477,119.50057220458984,24400,0.0,0.0,0.0
2003-07-02 00:00:00+09:00,119.875159773987,123.24664864263038,119.875159773987,122.49742889404297,28000,0.0,0.0,0.0
2003-07-03 00:00:00+09:00,121.74820466475053,123.99586382779208,120.24976522272284,123.62125396728516,22900,0.0,0.0,0.0
2003-07-04 00:00:00+09:00,120.62437508322976,123.99586382779208,120.24976522272284,123.62125396728516,13500,0.0,0.0,0.0
2003-07-07 00:00:00+09:00,125.86892578125,132.98651384626118,120.99899710518973,131.11346435546875,69800,0.0,0.0,0.0
2003-07-08 00:00:00+09:00,134.4849534388951,134.4849534388951,130.36424455915179,131.11346435546875,23600,0.0,0.0,0.0
2003-07-09 00:00:00+09:00,129.61502673409203,132.23729606108233,129.61502673409203,131.86268615722656,14200,0.0,0.0,0.0
2003-07-10 00:00:00+09:00,131.11347768498564,132.9865273661997,129.98964787625718,130.3642578125,16000,0.0,0.0,0.0
2003-07-11 00:00:00+09:00,128.1165851702009,134.85956333705357,125.86892578125,131.11346435546875,24700,0.0,0.0,0.0
2003-07-14 00:00:00+09:00,129.24041811449044,136.73261626605512,128.86580820691222,135.2341766357422,59700,0.0,0.0,0.0
2003-07-15 00:00:00+09:00,134.8595407155639,136.73258989216896,131.86266203299581,134.11032104492188,13200,0.0,0.0,0.0
2003-07-16 00:00:00+09:00,133.36110137427985,134.8595407155639,127.36734400914368,134.11032104492188,8100,0.0,0.0,0.0
2003-07-17 00:00:00+09:00,134.11032104492188,134.11032104492188,134.11032104492188,134.11032104492188,0,0.0,0.0,0.0
2003-07-18 00:00:00+09:00,125.86892578125,132.98651384626118,125.86892578125,131.11346435546875,10000,0.0,0.0,0.0
2003-07-21 00:00:00+09:00,129.24041486467635,131.11346435546875,127.74197527204241,131.11346435546875,6500,0.0,0.0,0.0
2003-07-22 00:00:00+09:00,131.11345202859286,134.85955065798123,128.491182988021,133.5484161376953,8400,0.0,0.0,0.0
2003-07-23 00:00:00+09:00,129.9896321041483,134.85956068441902,129.9896321041483,132.98651123046875,13900,0.0,0.0,0.0
2003-07-24 00:00:00+09:00,132.98649153895883,137.48180956281098,129.98961285639075,134.11032104492188,10900,0.0,0.0,0.0
2003-07-25 00:00:00+09:00,131.113478716682,136.35801786534927,131.113478716682,133.73574829101562,14500,0.0,0.0,0.0
2003-07-28 00:00:00+09:00,135.98339714438228,136.73261696335962,130.73885841154112,132.61190795898438,41500,0.0,0.0,0.0
2003-07-29 00:00:00+09:00,131.30076743432312,134.85956141613786,129.4277179702101,134.67225646972656,34300,0.0,0.0,0.0
2003-07-30 00:00:00+09:00,132.98650621388057,138.60565436376285,132.79920127555116,136.73260498046875,25000,0.0,0.0,0.0
2003-07-31 00:00:00+09:00,135.60877990722656,138.23104913195192,134.8595601287336,135.60877990722656,9100,0.0,0.0,0.0
2003-08-01 00:00:00+09:00,135.60878782530088,143.1009860476932,135.60878782530088,138.6056671142578,95800,0.0,0.0,0.0
2003-08-04 00:00:00+09:00,138.60566189414575,143.85020045230263,137.48183220311213,142.3517608642578,102500,0.0,0.0,0.0
2003-08-05 00:00:00+09:00,146.0978488264413,147.2216784327985,140.47870079465508,141.22792053222656,84300,0.0,0.0,0.0
2003-08-06 00:00:00+09:00,139.5421719998521,142.53905086159386,136.919902995828,139.72947692871094,47800,0.0,0.0,0.0
2003-08-07 00:00:00+09:00,137.10721892069995,139.916793078911,137.10721892069995,138.23104858398438,24600,0.0,0.0,0.0
2003-08-08 00:00:00+09:00,136.73261307615917,145.3486407494514,136.73261307615917,144.03750610351562,61900,0.0,0.0,0.0
2003-08-11 00:00:00+09:00,143.66290537516275,151.7170187143179,141.60255080003003,146.09786987304688,192200,0.0,0.0,0.0
2003-08-12 00:00:00+09:00,146.47244707087881,149.0947159442705,142.35173884126328,145.34861755371094,343000,0.0,0.0,0.0
2003-08-13 00:00:00+09:00,146.47246973138107,146.47246973138107,140.853321276213,142.3517608642578,61600,0.0,0.0,0.0
2003-08-14 00:00:00+09:00,140.85329329427083,142.72634240722655,138.9802441813151,140.4786834716797,51600,0.0,0.0,0.0
2003-08-15 00:00:00+09:00,140.4786834716797,140.4786834716797,140.4786834716797,140.4786834716797,0,0.0,0.0,0.0
2003-08-18 00:00:00+09:00,140.47872063947872,145.16134466079467,138.60567103095235,140.10411071777344,34400,0.0,0.0,0.0
2003-08-19 00:00:00+09:00,139.91678253853885,141.977136766014,134.4849395751953,134.4849395751953,54300,0.0,0.0,0.0
2003-08-20 00:00:00+09:00,132.23728892008464,141.9771458943685,130.73884938557944,134.85955810546875,192000,0.0,0.0,0.0
2003-08-21 00:00:00+09:00,131.8626712522645,134.8595501443614,129.2404022216797,129.2404022216797,20600,0.0,0.0,0.0
2003-08-22 00:00:00+09:00,125.86892799807586,128.4911973313691,120.99899923624554,126.24353790283203,24300,0.0,0.0,0.0
2003-08-25 00:00:00+09:00,116.50367624136118,123.24665428748497,116.50367624136118,121.74821472167969,21600,0.0,0.0,0.0
2003-08-26 00:00:00+09:00,121.74820260303777,123.62125187385374,120.62437304054819,122.87203216552734,9000,0.0,0.0,0.0
2003-08-27 00:00:00+09:00,120.6243896484375,124.93240356445312,119.87516983695652,124.93240356445312,13400,0.0,0.0,0.0
2003-08-28 00:00:00+09:00,123.0593375158727,129.2404001308252,123.0593375158727,128.49118041992188,25200,0.0,0.0,0.0
2003-08-29 00:00:00+09:00,137.10722272600447,137.10722272600447,128.86580496651786,131.11346435546875,48000,0.0,0.0,0.0
2003-09-01 00:00:00+09:00,125.49433607213638,132.61192528219783,125.49433607213638,127.36738586425781,16600,0.0,0.0,0.0
2003-09-02 00:00:00+09:00,126.43085296497595,129.05312250795325,125.8689380629094,128.6785125732422,11300,0.0,0.0,0.0
2003-09-03 00:00:00+09:00,123.99588008240192,129.42772377181228,123.62127017278742,128.30389404296875,32200,0.0,0.0,0.0
2003-09-04 00:00:00+09:00,127.74197952585585,129.05311421307138,123.62127050889276,126.99275970458984,18700,0.0,0.0,0.0
2003-09-05 00:00:00+09:00,126.99275105944751,126.99275105944751,124.74509174866083,126.6181411743164,4800,0.0,0.0,0.0
2003-09-08 00:00:00+09:00,120.2497686374407,126.43083151132784,120.2497686374407,122.12281799316406,12100,0.0,0.0,0.0
2003-09-09 00:00:00+09:00,120.62438504732572,122.12282461313102,114.63062678410456,121.74821472167969,17900,0.0,0.0,0.0
2003-09-10 00:00:00+09:00,121.74821472167969,121.74821472167969,121.74821472167969,121.74821472167969,0,0.0,0.0,0.0
2003-09-11 00:00:00+09:00,121.74821472167969,121.74821472167969,121.74821472167969,121.74821472167969,0,0.0,0.0,0.0
2003-09-12 00:00:00+09:00,121.74821472167969,121.74821472167969,121.74821472167969,121.74821472167969,0,0.0,0.0,0.0
2003-09-15 00:00:00+09:00,122.87203424627131,124.74508354880594,120.62437508322976,123.62125396728516,14700,0.0,0.0,0.0
2003-09-16 00:00:00+09:00,123.62125396728516,123.62125396728516,120.24976522272284,123.62125396728516,9700,0.0,0.0,0.0
2003-09-17 00:00:00+09:00,121.74820914545555,123.9958683912178,119.875159773987,122.49742889404297,13400,0.0,0.0,0.0
2003-09-18 00:00:00+09:00,122.49742889404295,122.49742889404295,118.75133015110586,122.49742889404297,12000,0.0,0.0,0.0
2003-09-19 00:00:00+09:00,120.81168344415771,122.49742786430875,119.12593902400667,122.12281799316406,14300,0.0,0.0,0.0
2003-09-22 00:00:00+09:00,119.12592202645762,121.37358093261719,116.1290434849115,121.37358093261719,17400,0.0,0.0,0.0
2003-09-23 00:00:00+09:00,116.87826312029804,121.37358093261719,112.57025021682551,121.37358093261719,8700,0.0,0.0,0.0
2003-09-24 00:00:00+09:00,119.50055011825914,121.18629455566405,116.12906124344933,121.18629455566406,19000,0.0,0.0,0.0
2003-09-25 00:00:00+09:00,118.37673087952629,120.2497804187593,112.75758226182725,118.00212097167969,48600,0.0,0.0,0.0
2003-09-26 00:00:00+09:00,113.88138973638878,120.6243667602539,113.88138973638878,120.6243667602539,12600,0.0,0.0,0.0
2003-09-29 00:00:00+09:00,114.63063654899598,130.36425333023072,114.63063654899598,119.87517547607422,5900,0.0,0.0,0.0
2003-09-30 00:00:00+09:00,117.25291253929976,124.37050147938504,113.5068130971496,119.50057220458984,23900,0.0,0.0,0.0
2003-10-01 00:00:00+09:00,113.13218364565391,118.93863677978516,112.75757376603255,118.93863677978516,14400,0.0,0.0,0.0
2003-10-02 00:00:00+09:00,121.56091813621282,121.56091813621282,116.12907433659777,119.1259536743164,10700,0.0,0.0,0.0
2003-10-03 00:00:00+09:00,119.12595367431642,119.12595367431642,119.12595367431642,119.1259536743164,0,0.0,0.0,0.0
2003-10-06 00:00:00+09:00,116.31637929520518,120.81169830178315,116.31637929520518,119.1259536743164,12800,0.0,0.0,0.0
2003-10-07 00:00:00+09:00,116.50366610971687,119.68784991014323,113.69409216816422,119.31324005126953,19000,0.0,0.0,0.0
2003-10-08 00:00:00+09:00,119.1259351218327,119.31324005126953,117.25288582746425,119.31324005126953,4900,0.0,0.0,0.0
2003-10-09 00:00:00+09:00,119.12594069349822,119.12594069349822,115.75445180594639,118.56402587890625,12300,0.0,0.0,0.0
2003-10-10 00:00:00+09:00,117.06558637332766,118.56402587890625,115.00523205315709,118.56402587890625,18900,0.0,0.0,0.0
2003-10-13 00:00:00+09:00,116.87829784223227,118.75134748713985,114.25602833936168,117.62751770019531,34000,0.0,0.0,0.0
2003-10-14 00:00:00+09:00,115.19254173771027,118.56403076417983,114.81793184588032,116.12906646728516,10800,0.0,0.0,0.0
2003-10-15 00:00:00+09:00,115.00523838243986,115.37984827945107,111.25913941232781,113.88140869140625,26800,0.0,0.0,0.0
2003-10-16 00:00:00+09:00,112.00835920635022,113.88140869140624,109.760699824283,113.88140869140625,14800,0.0,0.0,0.0
2003-10-17 00:00:00+09:00,110.13529830932617,113.31948210398357,110.13529830932617,112.3829574584961,6700,0.0,0.0,0.0
2003-10-20 00:00:00+09:00,109.3860785929362,114.06870182037355,109.3860785929362,112.3829574584961,5000,0.0,0.0,0.0
2003-10-21 00:00:00+09:00,105.26538412731995,113.69410705566406,105.26538412731995,113.69410705566406,31300,0.0,0.0,0.0
2003-10-22 00:00:00+09:00,110.69721309661865,113.69409196217856,110.69721309661865,112.3829574584961,6700,0.0,0.0,0.0
2003-10-23 00:00:00+09:00,113.88140208760245,119.50055021692494,112.00835271116162,114.25601196289062,69700,0.0,0.0,0.0
2003-10-24 00:00:00+09:00,111.82104555662072,116.50366890488792,109.94799621731384,114.81792449951172,13600,0.0,0.0,0.0
2003-10-27 00:00:00+09:00,116.50366589864096,116.50366589864096,109.76068845113119,112.3829574584961,6800,0.0,0.0,0.0
2003-10-28 00:00:00+09:00,111.0718360619257,112.75758062273064,110.50992120832406,111.63375091552734,5400,0.0,0.0,0.0
2003-10-29 00:00:00+09:00,109.76070104138604,111.8210554977943,108.63687133789062,108.63687133789062,10300,0.0,0.0,0.0
2003-10-30 00:00:00+09:00,110.32259932521305,110.32259932521305,102.83040242706616,108.26224517822266,14500,0.0,0.0,0.0
2003-10-31 00:00:00+09:00,106.76381024447355,109.0114694075151,105.26537080244584,107.13842010498047,5700,0.0,0.0,0.0
2003-11-03 00:00:00+09:00,109.01148151744496,109.01148151744496,103.0177230834961,103.0177230834961,16100,0.0,0.0,0.0
2003-11-04 00:00:00+09:00,104.89076417298325,106.95111846923828,100.02083583638047,106.95111846923828,12800,0.0,0.0,0.0
2003-11-05 00:00:00+09:00,106.76382210471414,108.07495676214045,94.40169533469461,103.0177230834961,15900,0.0,0.0,0.0
2003-11-06 00:00:00+09:00,103.76693498210805,104.8907646028529,101.51927574061834,104.32884979248047,22800,0.0,0.0,0.0
2003-11-07 00:00:00+09:00,104.32884979248048,104.7034596660621,102.26849548778158,104.32884979248047,6200,0.0,0.0,0.0
2003-11-10 00:00:00+09:00,104.14156532287596,111.63376426696776,104.14156532287596,110.8845443725586,36400,0.0,0.0,0.0
2003-11-11 00:00:00+09:00,112.94486556029672,122.87202621485017,112.3829508062654,114.06869506835938,25300,0.0,0.0,0.0
2003-11-12 00:00:00+09:00,118.00211071577228,118.00211071577228,111.0718280229412,114.25601196289062,8300,0.0,0.0,0.0
2003-11-13 00:00:00+09:00,116.12906807347348,116.12906807347348,106.20190580267655,113.88140869140625,11300,0.0,0.0,0.0
2003-11-14 00:00:00+09:00,110.32260827236487,115.75445146404329,109.57338852178854,114.25601196289062,12300,0.0,0.0,0.0
2003-11-17 00:00:00+09:00,112.57026821324294,112.57026821324294,110.3226089477539,110.3226089477539,4200,0.0,0.0,0.0
2003-11-18 00:00:00+09:00,110.32260425859117,112.94487329020454,107.88764015780731,112.757568359375,4000,0.0,0.0,0.0
2003-11-19 00:00:00+09:00,112.38296382683369,113.8814033445248,109.38608479145145,113.31948852539062,6800,0.0,0.0,0.0
2003-11-20 00:00:00+09:00,111.82104267120361,113.31948210398357,110.69721309661865,112.3829574584961,1900,0.0,0.0,0.0
2003-11-21 00:00:00+09:00,107.88763830504442,111.25912700207705,107.88763830504442,110.69721221923828,9700,0.0,0.0,0.0
2003-11-24 00:00:00+09:00,107.13842747083805,108.63686701588475,106.01459781205304,108.4495620727539,25000,0.0,0.0,0.0
2003-11-25 00:00:00+09:00,103.39233790806361,107.51304702758789,103.39233790806361,104.89077758789062,11400,0.0,0.0,0.0
2003-11-26 00:00:00+09:00,104.89076316042399,109.38608158158502,104.89076316042399,106.57650756835938,14100,0.0,0.0,0.0
2003-11-27 00:00:00+09:00,107.88765694754464,107.88765694754464,104.89077758789062,104.89077758789062,17800,0.0,0.0,0.0
2003-11-28 00:00:00+09:00,104.14154020610609,107.3257239893863,104.14154020610609,106.76380920410156,12300,0.0,0.0,0.0
2003-12-01 00:00:00+09:00,106.57650427567332,107.13841906095806,104.89075991981908,106.76380920410156,33800,0.0,0.0,0.0
2003-12-02 00:00:00+09:00,105.63997963353208,107.13841906095806,105.63997963353208,106.76380920410156,10800,0.0,0.0,0.0
2003-12-03 00:00:00+09:00,105.26537115172246,107.13842046047196,104.51615142822266,104.51615142822266,16200,0.0,0.0,0.0
2003-12-04 00:00:00+09:00,103.76692843906355,106.76380723874769,103.57962351408328,104.70345306396484,4000,0.0,0.0,0.0
2003-12-05 00:00:00+09:00,106.38919967541591,106.38919967541591,103.20501588231367,104.14154052734375,8700,0.0,0.0,0.0
2003-12-08 00:00:00+09:00,102.45581310817172,105.63999742780413,102.45581310817172,104.89077758789062,1800,0.0,0.0,0.0
2003-12-09 00:00:00+09:00,105.26537929096288,107.5130386352539,104.51615950953254,107.5130386352539,3800,0.0,0.0,0.0
2003-12-10 00:00:00+09:00,105.82729707915207,112.19566539895945,105.6399921285695,108.63687133789062,14300,0.0,0.0,0.0
2003-12-11 00:00:00+09:00,108.63687133789062,111.2591406460466,106.2019069803172,108.63687133789062,5300,0.0,0.0,0.0
2003-12-12 00:00:00+09:00,107.3257205659543,109.38607471294469,106.01458610877859,108.26224517822266,6800,0.0,0.0,0.0
2003-12-15 00:00:00+09:00,106.57651390846598,108.26225841668425,105.63998918167806,107.5130386352539,6700,0.0,0.0,0.0
2003-12-16 00:00:00+09:00,106.38920366116874,107.70033821333102,106.01459378912236,106.95111846923828,3200,0.0,0.0,0.0
2003-12-17 00:00:00+09:00,106.57651818316916,111.63375191066577,106.01460332455842,107.70034790039062,17600,0.0,0.0,0.0
2003-12-18 00:00:00+09:00,107.88764852596908,107.88764852596908,103.57963478274462,107.5130386352539,11400,0.0,0.0,0.0
2003-12-19 00:00:00+09:00,104.89075991981908,108.26224863152756,104.14154020610609,106.76380920410156,19200,0.0,0.0,0.0
2003-12-22 00:00:00+09:00,108.26225870122354,108.63686859292328,106.20190429687499,106.201904296875,35100,0.0,0.0,0.0
2003-12-23 00:00:00+09:00,106.38921726771763,106.76382718767438,97.77318910871233,104.89077758789062,10200,0.0,0.0,0.0
2003-12-24 00:00:00+09:00,103.57964286804199,105.8273023877825,103.57964286804199,104.89077758789062,7300,0.0,0.0,0.0
2003-12-25 00:00:00+09:00,104.89077758789062,104.89077758789062,104.89077758789062,104.89077758789062,0,0.0,0.0,0.0
2003-12-26 00:00:00+09:00,102.6431043470228,106.38920304581924,102.6431043470228,103.95423889160156,30100,0.0,0.0,0.0
2003-12-29 00:00:00+09:00,151.39532987489207,151.66423809847092,150.58860520415553,150.85751342773438,15200,842.1053,0.0,0.0
2003-12-30 00:00:00+09:00,149.2440414428711,151.12639872233072,147.89950052897134,150.05076599121094,25100,0.0,0.0,0.0
2003-12-31 00:00:00+09:00,150.05076599121094,150.05076599121094,150.05076599121094,150.05076599121094,0,0.0,0.0,0.0
2004-01-01 00:00:00+09:00,150.05076599121094,150.05076599121094,150.05076599121094,150.05076599121094,0,0.0,0.0,0.0
2004-01-02 00:00:00+09:00,151.12639872233072,151.12639872233072,145.21041870117188,145.21041870117188,23200,0.0,0.0,0.0
2004-01-05 00:00:00+09:00,146.01714832642497,147.89950567133286,140.90789267596077,146.2860565185547,27800,0.0,0.0,0.0
2004-01-06 00:00:00+09:00,143.86588574385317,144.9415185344614,136.33645620959544,137.9499053955078,25700,0.0,0.0,0.0
2004-01-07 00:00:00+09:00,135.52973651701524,139.5633596276407,135.52973651701524,139.02554321289062,39100,0.0,0.0,0.0
2004-01-08 00:00:00+09:00,139.83224987983704,141.71460708975792,137.6809844970703,137.6809844970703,11900,0.0,0.0,0.0
2004-01-09 00:00:00+09:00,137.14316802978516,139.29443341064453,134.45408630371094,134.45408630371094,41600,0.0,0.0,0.0
2004-01-12 00:00:00+09:00,134.45411396214712,136.3364715576172,131.76503168290418,136.3364715576172,43400,0.0,0.0,0.0
2004-01-13 00:00:00+09:00,136.33645910965768,139.83226575349505,129.88266222872716,132.8406524658203,47000,0.0,0.0,0.0
2004-01-14 00:00:00+09:00,137.14318621373607,137.94991083852275,134.18519592285156,134.18519592285156,26700,0.0,0.0,0.0
2004-01-15 00:00:00+09:00,134.72299447631838,138.21880072021486,134.45408630371094,134.45408630371094,11300,0.0,0.0,0.0
2004-01-16 00:00:00+09:00,133.37845361328127,150.58857666015626,133.37845361328127,134.45408630371094,55700,0.0,0.0,0.0
2004-01-19 00:00:00+09:00,134.9919026489258,140.10115792846682,133.37845361328127,134.45408630371094,53200,0.0,0.0,0.0
2004-01-20 00:00:00+09:00,133.6473717029278,139.83226013183594,133.6473717029278,139.83226013183594,13500,0.0,0.0,0.0
2004-01-21 00:00:00+09:00,139.83226013183594,139.83226013183594,139.83226013183594,139.83226013183594,0,0.0,0.0,0.0
2004-01-22 00:00:00+09:00,139.83226013183594,139.83226013183594,139.83226013183594,139.83226013183594,0,0.0,0.0,0.0
2004-01-23 00:00:00+09:00,139.83226013183594,139.83226013183594,139.83226013183594,139.83226013183594,0,0.0,0.0,0.0
2004-01-26 00:00:00+09:00,139.29444873605973,140.90789794921875,135.26082570316225,140.90789794921875,32800,0.0,0.0,0.0
2004-01-27 00:00:00+09:00,137.9499003292301,141.714614958098,136.60535939034872,136.874267578125,19700,0.0,0.0,0.0
2004-01-28 00:00:00+09:00,136.0675303541769,139.83224463275099,136.0675303541769,136.6053466796875,16600,0.0,0.0,0.0
2004-01-29 00:00:00+09:00,136.6053466796875,139.2944283072404,136.6053466796875,136.6053466796875,15100,0.0,0.0,0.0
2004-01-30 00:00:00+09:00,136.33644121644124,140.37006373763774,136.33644121644124,139.56333923339844,10900,0.0,0.0,0.0
2004-02-02 00:00:00+09:00,137.412053643384,138.75659428568719,135.26078861569894,138.48768615722656,19900,0.0,0.0,0.0
2004-02-03 00:00:00+09:00,141.98351526260376,141.98351526260376,134.45408642292023,137.6809844970703,7300,0.0,0.0,0.0
2004-02-04 00:00:00+09:00,139.2944463837681,139.83226277907224,135.52973161663925,137.9499053955078,5200,0.0,0.0,0.0
2004-02-05 00:00:00+09:00,136.06754048665366,138.21880594889322,131.2271931966146,133.91627502441406,6800,0.0,0.0,0.0
2004-02-06 00:00:00+09:00,134.4540939797209,136.06754310747758,130.68937934828872,132.03392028808594,10900,0.0,0.0,0.0
2004-02-09 00:00:00+09:00,133.37846387122286,133.37846387122286,128.53811639202527,130.1515655517578,14800,0.0,0.0,0.0
2004-02-10 00:00:00+09:00,129.88265735846906,133.37846387122286,129.61374916518028,130.1515655517578,7700,0.0,0.0,0.0
2004-02-11 00:00:00+09:00,132.30282592773438,132.30282592773438,129.075927734375,130.6893768310547,8100,0.0,0.0,0.0
2004-02-12 00:00:00+09:00,131.49611414727244,133.1095634006132,124.77340892501925,130.9582977294922,14800,0.0,0.0,0.0
2004-02-13 00:00:00+09:00,129.0759377401383,131.7650197763912,126.38685570388543,131.22720336914062,10600,0.0,0.0,0.0
2004-02-16 00:00:00+09:00,126.92466735839844,129.3448411004018,126.38685097128658,126.92466735839844,7000,0.0,0.0,0.0
2004-02-17 00:00:00+09:00,125.04230752491594,128.26920578362345,125.04230752491594,125.58012390136719,12500,0.0,0.0,0.0
2004-02-18 00:00:00+09:00,125.58012390136719,127.73138940717219,125.31121571314156,125.58012390136719,46400,0.0,0.0,0.0
2004-02-19 00:00:00+09:00,125.31122072385881,126.92466991772824,125.31122072385881,126.65576171875,100,0.0,0.0,0.0
2004-02-20 00:00:00+09:00,126.92469305054753,131.49613326635117,125.5801518106053,125.84906005859375,44900,0.0,0.0,0.0
2004-02-23 00:00:00+09:00,126.92468073918269,126.92468073918269,119.6641587477464,122.35324096679688,24400,0.0,0.0,0.0
2004-02-24 00:00:00+09:00,122.3532231648763,131.2271931966146,122.08431498209634,129.075927734375,12200,0.0,0.0,0.0
2004-02-25 00:00:00+09:00,128.26921548901416,132.57174682617188,124.77340877757352,132.57174682617188,10100,0.0,0.0,0.0
2004-02-26 00:00:00+09:00,134.45409374909408,147.8995031240035,132.57173643660678,144.94151306152344,24400,0.0,0.0,0.0
2004-02-27 00:00:00+09:00,141.9835205078125,151.12639872233072,141.9835205078125,150.05076599121094,27400,0.0,0.0,0.0
2004-03-01 00:00:00+09:00,150.05076599121094,150.05076599121094,150.05076599121094,150.05076599121094,0,0.0,0.0,0.0
2004-03-02 00:00:00+09:00,147.89950825671903,151.93313120917503,145.21042628841505,146.01715087890625,19600,0.0,0.0,0.0
2004-03-03 00:00:00+09:00,150.31966141267569,150.5885695726268,140.6389676544354,149.78184509277344,31800,0.0,0.0,0.0
2004-03-04 00:00:00+09:00,148.4373273707148,152.20204219533437,141.9835305285098,144.13479614257812,29200,0.0,0.0,0.0
2004-03-05 00:00:00+09:00,146.28604621167452,146.28604621167452,141.7146072675597,142.52133178710938,11100,0.0,0.0,0.0
2004-03-08 00:00:00+09:00,148.43732761062736,148.43732761062736,140.3700815448324,140.90789794921875,8500,0.0,0.0,0.0
2004-03-09 00:00:00+09:00,144.13478597005206,144.13478597005206,134.7229995727539,143.5969696044922,10100,0.0,0.0,0.0
2004-03-10 00:00:00+09:00,144.67261243306405,146.8238780454516,143.59697962687025,145.7482452392578,10500,0.0,0.0,0.0
2004-03-11 00:00:00+09:00,148.97514688576675,148.97514688576675,139.02554321289062,139.02554321289062,8500,0.0,0.0,0.0
2004-03-12 00:00:00+09:00,145.47931893115327,145.47931893115327,130.95827785484593,139.56333923339844,40100,0.0,0.0,0.0
2004-03-15 00:00:00+09:00,139.29444347034803,147.89950561523438,138.48771889426493,147.89950561523438,12700,0.0,0.0,0.0
2004-03-16 00:00:00+09:00,151.93312593647633,151.93312593647633,139.56334931155968,144.94151306152344,26000,0.0,0.0,0.0
2004-03-17 00:00:00+09:00,143.05916333554396,144.13479614257812,139.56335671268292,144.13479614257812,3400,0.0,0.0,0.0
2004-03-18 00:00:00+09:00,144.13478852749765,147.36168677811327,138.75662477647163,143.32806396484375,17900,0.0,0.0,0.0
2004-03-19 00:00:00+09:00,141.1768160368267,143.05917358398438,139.83227493171404,143.05917358398438,3100,0.0,0.0,0.0
2004-03-22 00:00:00+09:00,139.83225005527711,143.05914813347582,136.6053519770784,142.52133178710938,4600,0.0,0.0,0.0
2004-03-23 00:00:00+09:00,142.52133687337238,142.52133687337238,137.94989776611328,141.9835205078125,200,0.0,0.0,0.0
2004-03-24 00:00:00+09:00,137.14318311851443,141.98353075799142,136.60536671412808,140.90789794921875,3600,0.0,0.0,0.0
2004-03-25 00:00:00+09:00,138.2188109764686,139.83226013183594,137.68099459134615,139.83226013183594,4100,0.0,0.0,0.0
2004-03-26 00:00:00+09:00,142.25242091419608,142.25242091419608,134.45408403988287,139.56333923339844,12900,0.0,0.0,0.0
2004-03-29 00:00:00+09:00,142.52135273054535,142.52135273054535,134.45410634957108,137.1431884765625,9600,0.0,0.0,0.0
2004-03-30 00:00:00+09:00,141.98351274611633,141.98351274611633,136.60534938452102,139.56333923339844,2900,0.0,0.0,0.0
2004-03-31 00:00:00+09:00,139.56333923339844,139.56333923339844,134.99190037604242,139.56333923339844,3600,0.0,0.0,0.0
2004-04-01 00:00:00+09:00,139.56334158325197,139.56334158325197,126.92465747070314,134.45408630371094,13000,0.0,0.0,0.0
2004-04-02 00:00:00+09:00,134.45408648045367,139.29443359375,130.68937205900096,139.29443359375,12000,0.0,0.0,0.0
2004-04-05 00:00:00+09:00,139.29443359375,139.29443359375,139.29443359375,139.29443359375,0,0.0,0.0,0.0
2004-04-06 00:00:00+09:00,135.7986372434176,141.98352567232573,135.7986372434176,139.83226013183594,10400,0.0,0.0,0.0
2004-04-07 00:00:00+09:00,134.99192277496937,138.21882132735905,134.18519813687192,137.1431884765625,15200,0.0,0.0,0.0
2004-04-08 00:00:00+09:00,134.7230145622702,137.1431884765625,134.45410634957108,137.1431884765625,10800,0.0,0.0,0.0
2004-04-09 00:00:00+09:00,134.7230145622702,137.1431884765625,133.3784734987745,137.1431884765625,5300,0.0,0.0,0.0
2004-04-12 00:00:00+09:00,134.18515610185642,139.29441054260846,133.91624797339577,138.48768615722656,12700,0.0,0.0,0.0
2004-04-13 00:00:00+09:00,135.79864501953125,136.60536964340966,131.76502190013923,135.79864501953125,19100,0.0,0.0,0.0
2004-04-14 00:00:00+09:00,132.84063726806642,137.94989254760742,132.30282092285157,134.45408630371094,21200,0.0,0.0,0.0
2004-04-15 00:00:00+09:00,134.45408630371094,134.45408630371094,134.45408630371094,134.45408630371094,0,0.0,0.0,0.0
2004-04-16 00:00:00+09:00,136.87425985717775,136.87425985717775,131.4960964050293,134.45408630371094,6200,0.0,0.0,0.0
2004-04-19 00:00:00+09:00,132.03391774495444,134.45409138997397,129.075927734375,130.6893768310547,15900,0.0,0.0,0.0
2004-04-20 00:00:00+09:00,129.075927734375,130.95828501383463,125.84902954101562,129.075927734375,11400,0.0,0.0,0.0
2004-04-21 00:00:00+09:00,129.07591474817156,129.07591474817156,121.00867007641082,126.38683319091797,25200,0.0,0.0,0.0
2004-04-22 00:00:00+09:00,126.38683838914277,128.53810372342605,124.7733893884303,128.26919555664062,1200,0.0,0.0,0.0
2004-04-23 00:00:00+09:00,126.92467490748355,127.7313995361328,126.92467490748355,127.73139953613281,2600,0.0,0.0,0.0
2004-04-26 00:00:00+09:00,126.92466735839844,128.26920832617807,126.38685097128658,126.92466735839844,5900,0.0,0.0,0.0
2004-04-27 00:00:00+09:00,126.92466227213541,129.075927734375,126.92466227213541,129.075927734375,1500,0.0,0.0,0.0
2004-04-28 00:00:00+09:00,127.46245863032044,129.6137237548828,123.6977446623363,129.6137237548828,12500,0.0,0.0,0.0
2004-04-29 00:00:00+09:00,126.92466735839844,126.92466735839844,123.69776903572729,126.92466735839844,3000,0.0,0.0,0.0
2004-04-30 00:00:00+09:00,124.23561057066306,126.65578480255908,123.69779407468616,125.84906005859375,2200,0.0,0.0,0.0
2004-05-03 00:00:00+09:00,127.4624658138194,127.73137396954476,124.50447610084048,126.38683319091797,2600,0.0,0.0,0.0
2004-05-04 00:00:00+09:00,124.23558555271315,124.23558555271315,118.31960528829823,123.69776916503906,18700,0.0,0.0,0.0
2004-05-05 00:00:00+09:00,123.69776916503906,123.69776916503906,123.69776916503906,123.69776916503906,0,0.0,0.0,0.0
2004-05-06 00:00:00+09:00,125.84902954101562,125.84902954101562,116.70615132649739,121.00868225097656,9000,0.0,0.0,0.0
2004-05-07 00:00:00+09:00,121.00868225097656,123.69776407877603,118.31960042317708,123.4288558959961,19700,0.0,0.0,0.0
2004-05-10 00:00:00+09:00,123.69777429572359,126.38685634563063,118.05070199091882,123.15995788574219,17300,0.0,0.0,0.0
2004-05-11 00:00:00+09:00,125.31122112914221,125.31122112914221,116.43725053416003,120.20196533203125,5000,0.0,0.0,0.0
2004-05-12 00:00:00+09:00,120.20195770263672,123.4288558959961,118.31960042317708,123.4288558959961,8100,0.0,0.0,0.0
2004-05-13 00:00:00+09:00,124.77338717713647,138.218795278121,123.15993820501834,131.76499938964844,150800,0.0,0.0,0.0
2004-05-14 00:00:00+09:00,131.76500688806624,132.3028232427114,122.62212885909837,125.31121063232422,30800,0.0,0.0,0.0
2004-05-17 00:00:00+09:00,125.3112106323242,125.3112106323242,112.94143447548534,125.31121063232422,15700,0.0,0.0,0.0
2004-05-18 00:00:00+09:00,119.3952206636952,123.15993482876668,118.31958804510336,121.5464859008789,5900,0.0,0.0,0.0
2004-05-19 00:00:00+09:00,121.54650865579796,123.15995788574219,121.54650865579796,123.15995788574219,2700,0.0,0.0,0.0
2004-05-20 00:00:00+09:00,121.00867772762012,137.68098443675888,121.00867772762012,136.06753540039062,310100,0.0,0.0,0.0
2004-05-21 00:00:00+09:00,137.14317826445463,145.47933223739207,133.10955537432363,138.21881103515625,73300,0.0,0.0,0.0
2004-05-24 00:00:00+09:00,138.21879230411665,138.21879230411665,124.77338449243214,128.8070068359375,48300,0.0,0.0,0.0
2004-05-25 00:00:00+09:00,124.23557517560609,131.76500397412767,117.24396271983605,119.93304443359375,58700,0.0,0.0,0.0
2004-05-26 00:00:00+09:00,119.93304443359376,119.93304443359376,119.93304443359376,119.93304443359375,0,0.0,0.0,0.0
2004-05-27 00:00:00+09:00,122.0843175883756,122.0843175883756,117.24397019500388,119.12632751464844,39900,0.0,0.0,0.0
2004-05-28 00:00:00+09:00,118.31961291176933,121.27760323456356,115.09271437781197,120.47087860107422,24100,0.0,0.0,0.0
2004-05-31 00:00:00+09:00,121.54649346184839,121.54649346184839,118.5885035767149,119.93304443359375,6000,0.0,0.0,0.0
2004-06-01 00:00:00+09:00,117.78178657204518,120.73977664577234,117.24397019500388,119.12632751464844,21500,0.0,0.0,0.0
2004-06-02 00:00:00+09:00,119.12633807160132,119.12633807160132,112.67254097517146,115.63053131103516,19400,0.0,0.0,0.0
2004-06-03 00:00:00+09:00,114.01708764296312,117.24398634983943,107.5632902292105,111.8658218383789,38900,0.0,0.0,0.0
2004-06-04 00:00:00+09:00,108.90782400135843,111.59690607546605,108.10109937912615,111.05908966064453,25600,0.0,0.0,0.0
2004-06-07 00:00:00+09:00,110.25235748291016,112.67253118375453,109.17672472697933,110.25235748291016,12100,0.0,0.0,0.0
2004-06-08 00:00:00+09:00,110.25236503841225,111.59690607546605,108.37000758653691,111.05908966064453,10600,0.0,0.0,0.0
2004-06-09 00:00:00+09:00,112.13470505379341,121.54649084967535,109.17671523223052,119.39522552490234,29600,0.0,0.0,0.0
2004-06-10 00:00:00+09:00,115.09271212491123,118.85742700750178,113.7481710954146,118.31961059570312,9600,0.0,0.0,0.0
2004-06-11 00:00:00+09:00,120.4708846507353,120.4708846507353,113.7481790340648,114.28599548339844,5700,0.0,0.0,0.0
2004-06-14 00:00:00+09:00,117.78179418390448,119.39524341930043,114.01707930131393,118.31961059570312,8200,0.0,0.0,0.0
2004-06-15 00:00:00+09:00,122.08432547829368,122.08432547829368,109.98345621282404,118.31961059570312,8600,0.0,0.0,0.0
2004-06-16 00:00:00+09:00,118.3196106655374,118.3196106655374,112.40363013226053,117.51288604736328,10100,0.0,0.0,0.0
2004-06-17 00:00:00+09:00,113.74815158067246,120.73976373456722,113.74815158067246,118.85740661621094,3300,0.0,0.0,0.0
2004-06-18 00:00:00+09:00,115.89941685879393,121.81539637362796,107.56326390607325,118.85740661621094,22600,0.0,0.0,0.0
2004-06-21 00:00:00+09:00,115.09271734732168,122.08433101795337,114.28599269301803,116.16835021972656,8400,0.0,0.0,0.0
2004-06-22 00:00:00+09:00,116.43724314371744,121.54649861653645,114.55488586425781,118.58850860595703,2200,0.0,0.0,0.0
2004-06-23 00:00:00+09:00,120.20196533203125,120.20196533203125,114.01707673552853,120.20196533203125,5300,0.0,0.0,0.0
2004-06-24 00:00:00+09:00,122.62211901076297,131.76499630542511,116.70613958480511,126.38683319091797,6700,0.0,0.0,0.0
2004-06-25 00:00:00+09:00,130.6894085223858,130.6894085223858,118.85744561089409,125.84906005859375,12800,0.0,0.0,0.0
2004-06-28 00:00:00+09:00,131.227201525797,131.227201525797,117.24397513370387,120.20196533203125,20400,0.0,0.0,0.0
2004-06-29 00:00:00+09:00,120.73978173172715,120.73978173172715,118.0506997332477,120.20196533203125,6500,0.0,0.0,0.0
2004-06-30 00:00:00+09:00,119.66414663774906,119.66414663774906,114.82379913330078,114.82379913330078,26500,0.0,0.0,0.0
2004-07-01 00:00:00+09:00,114.28596776559812,118.58849831677358,112.94142696835578,117.24395751953125,3400,0.0,0.0,0.0
2004-07-02 00:00:00+09:00,117.24395751953125,117.24395751953125,114.55487592504659,117.24395751953125,1900,0.0,0.0,0.0
2004-07-05 00:00:00+09:00,115.09268487395893,118.05067443847656,115.09268487395893,118.05067443847656,8200,0.0,0.0,0.0
2004-07-06 00:00:00+09:00,118.0506845935839,118.0506845935839,114.55487844388779,117.78177642822266,3500,0.0,0.0,0.0
2004-07-07 00:00:00+09:00,117.78179446781907,118.0507026743666,114.55489598924869,115.09271240234375,9600,0.0,0.0,0.0
2004-07-08 00:00:00+09:00,117.7817970098451,117.7817970098451,112.94144918752271,115.63053131103516,1900,0.0,0.0,0.0
2004-07-09 00:00:00+09:00,116.16834010675863,116.16834010675863,110.25235982354407,114.82379913330078,19200,0.0,0.0,0.0
2004-07-12 00:00:00+09:00,112.94144918752271,116.16834773573764,112.67254097517146,115.63053131103516,1200,0.0,0.0,0.0
2004-07-13 00:00:00+09:00,113.21035249020571,117.24397550054559,111.59690328606976,114.55489349365234,10300,0.0,0.0,0.0
2004-07-14 00:00:00+09:00,112.40362538107664,114.82379913330078,112.13471718638507,114.82379913330078,4700,0.0,0.0,0.0
2004-07-15 00:00:00+09:00,112.67253357576821,114.82379913330078,112.67253357576821,114.82379913330078,3900,0.0,0.0,0.0
2004-07-16 00:00:00+09:00,115.89943952338639,116.16834773573764,112.94144918752271,115.63053131103516,600,0.0,0.0,0.0
2004-07-19 00:00:00+09:00,112.9414291381836,114.55487812587194,110.25234749203636,112.9414291381836,7600,0.0,0.0,0.0
2004-07-20 00:00:00+09:00,112.9414291381836,113.47924546741305,109.4456229981922,112.9414291381836,9700,0.0,0.0,0.0
2004-07-21 00:00:00+09:00,112.94143424843843,115.36160783947639,110.79016883418245,114.0170669555664,8800,0.0,0.0,0.0
2004-07-22 00:00:00+09:00,114.5548833091304,114.5548833091304,112.40361789487443,114.0170669555664,3700,0.0,0.0,0.0
2004-07-23 00:00:00+09:00,112.13470971809244,115.6305160162584,110.52126065740046,114.0170669555664,2200,0.0,0.0,0.0
2004-07-26 00:00:00+09:00,114.01706695556642,114.01706695556642,111.86580154131045,114.0170669555664,600,0.0,0.0,0.0
2004-07-27 00:00:00+09:00,112.40363055026616,113.74817158555643,110.25236489380174,112.67253875732422,4500,0.0,0.0,0.0
2004-07-28 00:00:00+09:00,110.25235493977864,111.32798767089844,108.9078140258789,111.32798767089844,5600,0.0,0.0,0.0
2004-07-29 00:00:00+09:00,112.13471221923828,112.13471221923828,109.17672220865884,111.32798767089844,5500,0.0,0.0,0.0
2004-07-30 00:00:00+09:00,108.63890097378554,113.479248046875,108.63890097378554,113.479248046875,9800,0.0,0.0,0.0
2004-08-02 00:00:00+09:00,110.25234999814869,113.479248046875,110.25234999814869,113.479248046875,22800,0.0,0.0,0.0
2004-08-03 00:00:00+09:00,114.55487812587194,114.55487812587194,111.32798015049526,112.9414291381836,900,0.0,0.0,0.0
2004-08-04 00:00:00+09:00,111.32799508538044,114.55489349365234,111.05908688469111,114.55489349365234,1600,0.0,0.0,0.0
2004-08-05 00:00:00+09:00,115.09270732799236,115.09270732799236,112.13471718638507,114.82379913330078,8200,0.0,0.0,0.0
2004-08-06 00:00:00+09:00,115.09271212491123,123.4288665077903,112.13472186001864,118.31961059570312,28900,0.0,0.0,0.0
2004-08-09 00:00:00+09:00,124.7733994735821,124.7733994735821,114.55488830979736,119.12632751464844,4600,0.0,0.0,0.0
2004-08-10 00:00:00+09:00,126.38683771978229,126.38683771978229,114.82378660924903,117.78177642822266,4700,0.0,0.0,0.0
2004-08-11 00:00:00+09:00,115.09269224394352,120.20194727346437,114.55487592504659,117.24395751953125,2900,0.0,0.0,0.0
2004-08-12 00:00:00+09:00,114.82378660924903,118.31959275894513,114.82378660924903,117.78177642822266,69,0.0,0.0,0.0
2004-08-13 00:00:00+09:00,117.24397777210582,118.31961059570312,112.94144647771662,118.31961059570312,8100,0.0,0.0,0.0
2004-08-16 00:00:00+09:00,114.82380398678289,117.51288604736328,113.21035475043465,117.51288604736328,1000,0.0,0.0,0.0
2004-08-17 00:00:00+09:00,114.28599269301803,116.97507487403021,112.4036351663095,116.16835021972656,2600,0.0,0.0,0.0
2004-08-18 00:00:00+09:00,113.47926069089503,114.82380169434167,111.59690328606976,114.55489349365234,3100,0.0,0.0,0.0
2004-08-19 00:00:00+09:00,114.01706949869791,114.01706949869791,111.05907948811848,111.32798767089844,4900,0.0,0.0,0.0
2004-08-20 00:00:00+09:00,109.17672220865884,112.40362040201822,107.02545674641927,111.32798767089844,19800,0.0,0.0,0.0
2004-08-23 00:00:00+09:00,108.6389184961178,113.74817456400453,108.6389184961178,109.1767349243164,2000,0.0,0.0,0.0
2004-08-24 00:00:00+09:00,107.83218378206578,110.25235748291016,107.29436740410037,110.25235748291016,3400,0.0,0.0,0.0
2004-08-25 00:00:00+09:00,108.1011020679192,109.4456431384157,105.41201992692618,109.1767349243164,6800,0.0,0.0,0.0
2004-08-26 00:00:00+09:00,105.9498190178241,109.1767170589761,105.9498190178241,107.8321762084961,3200,0.0,0.0,0.0
2004-08-27 00:00:00+09:00,108.369997660319,108.63890584309895,104.33637491861978,106.48764038085938,2100,0.0,0.0,0.0
2004-08-30 00:00:00+09:00,105.14310200360357,107.56327570701133,102.18511192166076,105.4120101928711,5300,0.0,0.0,0.0
2004-08-31 00:00:00+09:00,106.4876430310701,106.4876430310701,100.03384648373252,102.18511199951172,16300,0.0,0.0,0.0
2004-09-01 00:00:00+09:00,102.18511195998119,104.33637747492816,102.18511195998119,103.7985610961914,3200,0.0,0.0,0.0
2004-09-02 00:00:00+09:00,104.60528824050705,104.87419643649807,101.10948169262379,103.52965545654297,4800,0.0,0.0,0.0
2004-09-03 00:00:00+09:00,102.18511447658787,103.52965545654297,100.84057349663276,103.52965545654297,1900,0.0,0.0,0.0
2004-09-06 00:00:00+09:00,103.79857911114918,103.79857911114918,100.84058851471747,102.72294616699219,3800,0.0,0.0,0.0
2004-09-07 00:00:00+09:00,100.0338464642318,103.52965292669151,100.0338464642318,102.99183654785156,6500,0.0,0.0,0.0
2004-09-08 00:00:00+09:00,102.99183654785156,103.52965292669151,101.10947922191171,102.99183654785156,2300,0.0,0.0,0.0
2004-09-09 00:00:00+09:00,100.8405736152162,103.52965557828863,100.8405736152162,101.10948181152344,4100,0.0,0.0,0.0
2004-09-10 00:00:00+09:00,100.30275467320492,102.72292837845652,100.30275467320492,102.18511199951172,3700,0.0,0.0,0.0
2004-09-13 00:00:00+09:00,102.45403793095295,103.26076263907069,101.64731322283521,102.72294616699219,3400,0.0,0.0,0.0
2004-09-14 00:00:00+09:00,101.64728558063507,103.26073455810547,100.84056109189987,103.26073455810547,2500,0.0,0.0,0.0
2004-09-15 00:00:00+09:00,102.18511447658787,103.52965545654297,101.10948169262379,103.52965545654297,1500,0.0,0.0,0.0
2004-09-16 00:00:00+09:00,101.3783898886148,103.79856365253399,101.3783898886148,103.52965545654297,200,0.0,0.0,0.0
2004-09-17 00:00:00+09:00,103.52965290682305,103.7985610961914,101.37838739187607,103.7985610961914,2800,0.0,0.0,0.0
2004-09-20 00:00:00+09:00,104.06746932581851,104.3363775152909,102.18511199951172,102.18511199951172,1900,0.0,0.0,0.0
2004-09-21 00:00:00+09:00,101.64729309082031,107.56327311197916,101.64729309082031,107.29436492919922,9600,0.0,0.0,0.0
2004-09-22 00:00:00+09:00,105.94981952205367,119.93304443359376,105.94981952205367,119.93304443359375,22500,0.0,0.0,0.0
2004-09-23 00:00:00+09:00,126.38683268454223,126.38683268454223,116.16832280791967,121.5464859008789,2300,0.0,0.0,0.0
2004-09-24 00:00:00+09:00,121.00866959158297,121.5464859008789,111.32797602425634,121.5464859008789,9500,0.0,0.0,0.0
2004-09-27 00:00:00+09:00,121.5464859008789,121.5464859008789,121.5464859008789,121.5464859008789,0,0.0,0.0,0.0
2004-09-28 00:00:00+09:00,121.5464859008789,121.5464859008789,121.5464859008789,121.5464859008789,0,0.0,0.0,0.0
2004-09-29 00:00:00+09:00,121.5464859008789,121.5464859008789,121.5464859008789,121.5464859008789,0,0.0,0.0,0.0
2004-09-30 00:00:00+09:00,121.54648821386277,123.15993717245387,115.63050869902874,118.85740661621094,14200,0.0,0.0,0.0
2004-10-01 00:00:00+09:00,118.857432732909,118.857432732909,113.4792683558543,113.74817657470703,3000,0.0,0.0,0.0
2004-10-04 00:00:00+09:00,111.86579902251184,114.82378890051095,111.59689085178465,113.479248046875,3500,0.0,0.0,0.0
2004-10-05 00:00:00+09:00,111.59690571722584,117.24397805472401,111.59690571722584,115.09271240234375,3600,0.0,0.0,0.0
2004-10-06 00:00:00+09:00,116.97506469083335,116.97506469083335,112.40362538107664,114.82379913330078,1100,0.0,0.0,0.0
2004-10-07 00:00:00+09:00,115.36162060889129,115.36162060889129,112.1347221303209,115.09271240234375,1300,0.0,0.0,0.0
2004-10-08 00:00:00+09:00,112.13473006395193,115.36162877082825,111.8658218383789,111.8658218383789,2000,0.0,0.0,0.0
2004-10-11 00:00:00+09:00,111.32799503353093,115.36161804199219,111.32799503353093,115.36161804199219,1800,0.0,0.0,0.0
2004-10-12 00:00:00+09:00,118.3196106655374,118.3196106655374,113.47926295649269,117.51288604736328,900,0.0,0.0,0.0
2004-10-13 00:00:00+09:00,118.31960824819711,118.31960824819711,112.40362783578726,115.36161804199219,3700,0.0,0.0,0.0
2004-10-14 00:00:00+09:00,113.47926295649269,117.51288604736328,112.94144654437662,117.51288604736328,1000,0.0,0.0,0.0
2004-10-15 00:00:00+09:00,118.3195952307044,118.3195952307044,112.94143181112692,115.89942169189453,3500,0.0,0.0,0.0
2004-10-18 00:00:00+09:00,117.24398634983943,117.24398634983943,111.8658218383789,111.8658218383789,1900,0.0,0.0,0.0
2004-10-19 00:00:00+09:00,115.3616212146117,115.63052942257117,108.638916015625,108.638916015625,2300,0.0,0.0,0.0
2004-10-20 00:00:00+09:00,121.00868225097656,121.00868225097656,108.10108947753906,111.32798767089844,12200,0.0,0.0,0.0
2004-10-21 00:00:00+09:00,109.44564041617997,117.78179484591357,109.44564041617997,111.05908966064453,1300,0.0,0.0,0.0
2004-10-22 00:00:00+09:00,111.05909196214834,113.21035766601562,111.05909196214834,113.21035766601562,1100,0.0,0.0,0.0
2004-10-25 00:00:00+09:00,109.44563835339669,109.44563835339669,101.64730048546424,104.87419891357422,8600,0.0,0.0,0.0
2004-10-26 00:00:00+09:00,104.87420396731638,107.56328612032449,104.87420396731638,105.14311218261719,3900,0.0,0.0,0.0
2004-10-27 00:00:00+09:00,108.63890834901392,110.25235748291016,107.02545921511766,110.25235748291016,2900,0.0,0.0,0.0
2004-10-28 00:00:00+09:00,112.13472781461829,112.13472781461829,106.75656341103947,109.71455383300781,3400,0.0,0.0,0.0
2004-10-29 00:00:00+09:00,109.71455383300781,109.71455383300781,106.48765519086054,109.71455383300781,2900,0.0,0.0,0.0
2004-11-01 00:00:00+09:00,106.48764298987513,107.29436755798024,103.26074471745467,103.7985610961914,25300,0.0,0.0,0.0
2004-11-02 00:00:00+09:00,102.72292837845652,103.52965294687371,91.42878442061574,102.18511199951172,18600,0.0,0.0,0.0
2004-11-03 00:00:00+09:00,101.9161937435468,103.26073455810547,95.73130599657695,103.26073455810547,31100,0.0,0.0,0.0
2004-11-04 00:00:00+09:00,104.87418081640882,104.87418081640882,98.6892932298001,101.91619110107422,10800,0.0,0.0,0.0
2004-11-05 00:00:00+09:00,101.91619110107422,103.26073188077177,97.88256876198157,101.91619110107422,11300,0.0,0.0,0.0
2004-11-08 00:00:00+09:00,97.88259358393145,102.18512517003833,96.80696068740473,99.22713470458984,17000,0.0,0.0,0.0
2004-11-09 00:00:00+09:00,101.64729562056692,108.6389085468493,95.73131545217413,102.18511199951172,50000,0.0,0.0,0.0
2004-11-10 00:00:00+09:00,103.26073956936997,104.87418862514139,98.15148422609386,100.30274963378906,7700,0.0,0.0,0.0
2004-11-11 00:00:00+09:00,98.42039240205575,100.84056598571287,98.15148422609386,100.30274963378906,11600,0.0,0.0,0.0
2004-11-12 00:00:00+09:00,100.30276760111657,100.30276760111657,97.88259358393145,99.22713470458984,12600,0.0,0.0,0.0
2004-11-15 00:00:00+09:00,100.84057113398676,102.9918366515118,98.42039742677107,98.95821380615234,9000,0.0,0.0,0.0
2004-11-16 00:00:00+09:00,98.95822648045817,99.22713470458984,97.61368535979977,99.22713470458984,1600,0.0,0.0,0.0
2004-11-17 00:00:00+09:00,99.22713470458984,99.49604292872152,96.53805246327305,99.22713470458984,13800,0.0,0.0,0.0
2004-11-18 00:00:00+09:00,98.95822648045817,99.22713470458984,97.88259358393145,99.22713470458984,4300,0.0,0.0,0.0
2004-11-19 00:00:00+09:00,99.22712972980656,99.22712972980656,96.80695583395763,98.15149688720703,7400,0.0,0.0,0.0
2004-11-22 00:00:00+09:00,98.15148927888818,98.15148927888818,94.9245910012261,97.34476470947266,6200,0.0,0.0,0.0
2004-11-23 00:00:00+09:00,95.73132067768513,96.26913708598674,93.84896324862953,96.00022888183594,3600,0.0,0.0,0.0
2004-11-24 00:00:00+09:00,92.23550425694641,97.613667770471,92.23550425694641,96.26912689208984,4900,0.0,0.0,0.0
2004-11-25 00:00:00+09:00,96.26912184821235,98.42038714090982,96.26912184821235,96.80693817138672,4700,0.0,0.0,0.0
2004-11-26 00:00:00+09:00,98.42039489746094,99.49602762858072,96.80694580078125,98.42039489746094,2800,0.0,0.0,0.0
2004-11-29 00:00:00+09:00,96.8069508729549,97.61367546356286,96.8069508729549,97.07585906982422,5800,0.0,0.0,0.0
2004-11-30 00:00:00+09:00,98.42040526833706,98.42040526833706,96.26913957941166,96.53804779052734,700,0.0,0.0,0.0
2004-12-01 00:00:00+09:00,96.000211670405,101.91619110107422,95.7313035144655,101.91619110107422,10000,0.0,0.0,0.0
2004-12-02 00:00:00+09:00,108.63892735985561,108.63892735985561,100.57168027867822,102.72294616699219,4900,0.0,0.0,0.0
2004-12-03 00:00:00+09:00,102.18511398279695,114.82379913330078,99.22712384118967,114.82379913330078,239900,0.0,0.0,0.0
2004-12-06 00:00:00+09:00,114.82378408449505,123.69775334629443,114.82378408449505,117.24395751953125,132800,0.0,0.0,0.0
2004-12-07 00:00:00+09:00,111.86580663582616,117.78178679445159,109.44563293457031,109.44563293457031,26300,0.0,0.0,0.0
2004-12-08 00:00:00+09:00,106.48765732691838,112.94145474067102,104.87420797348022,111.8658218383789,36800,0.0,0.0,0.0
2004-12-09 00:00:00+09:00,110.25236541901401,110.25236541901401,107.02546691894531,107.02546691894531,21600,0.0,0.0,0.0
2004-12-10 00:00:00+09:00,107.025469211522,109.1767349243164,105.94983635512479,109.1767349243164,6800,0.0,0.0,0.0
2004-12-13 00:00:00+09:00,110.2523675022355,111.59690856933594,106.75656072777439,111.59690856933594,6600,0.0,0.0,0.0
2004-12-14 00:00:00+09:00,113.47927044283959,117.24398557601437,109.44564708586663,116.70616912841797,24700,0.0,0.0,0.0
2004-12-15 00:00:00+09:00,121.00867175180977,121.00867175180977,111.86579433056193,117.24395751953125,10200,0.0,0.0,0.0
2004-12-16 00:00:00+09:00,116.97506713867188,118.31960814026581,111.86581133261495,116.97506713867188,21700,0.0,0.0,0.0
2004-12-17 00:00:00+09:00,111.05909214249577,116.16834819747741,109.71455107539533,111.59690856933594,32300,0.0,0.0,0.0
2004-12-20 00:00:00+09:00,118.0507026743666,118.0507026743666,109.44564006484558,115.09271240234375,1400,0.0,0.0,0.0
2004-12-21 00:00:00+09:00,110.25235982354407,117.78178927490806,110.25235982354407,114.82379913330078,4000,0.0,0.0,0.0
2004-12-22 00:00:00+09:00,111.59688815003184,112.67252080689963,110.25234732894712,110.52125549316406,3300,0.0,0.0,0.0
2004-12-23 00:00:00+09:00,108.369997660319,110.5212631225586,108.10108947753906,108.10108947753906,4700,0.0,0.0,0.0
2004-12-24 00:00:00+09:00,108.63890334934864,111.86580146863622,108.36999517274134,110.79016876220703,4600,0.0,0.0,0.0
2004-12-27 00:00:00+09:00,108.36998763702317,110.2523447423809,108.10107947911493,109.98343658447266,6900,0.0,0.0,0.0
2004-12-28 00:00:00+09:00,109.71454314513353,123.15995284429205,109.17672675716719,122.08432006835938,30300,0.0,0.0,0.0
2004-12-29 00:00:00+09:00,177.8390284014994,191.5189536631532,177.8390284014994,179.9765167236328,3100,842.1053,0.0,0.0
2004-12-30 00:00:00+09:00,179.97650509622605,186.81646728515625,179.5490074594179,186.81646728515625,3400,0.0,0.0,0.0
2004-12-31 00:00:00+09:00,186.81646728515625,186.81646728515625,186.81646728515625,186.81646728515625,0,0.0,0.0,0.0
2005-01-03 00:00:00+09:00,187.67145129071164,194.9389106801014,182.1139823458842,193.6564178466797,15600,0.0,0.0,0.0
2005-01-04 00:00:00+09:00,196.64889255099826,196.64889255099826,190.23642866346572,192.37391662597656,2700,0.0,0.0,0.0
2005-01-05 00:00:00+09:00,188.09894070095484,194.5114045884874,188.09894070095484,192.37391662597656,11200,0.0,0.0,0.0
2005-01-06 00:00:00+09:00,189.80894974475254,199.2138977050781,188.09895920651152,199.21389770507812,25600,0.0,0.0,0.0
2005-01-07 00:00:00+09:00,199.21387007256516,203.4888458251953,197.50387977151308,203.4888458251953,11300,0.0,0.0,0.0
2005-01-10 00:00:00+09:00,202.63387736444886,204.34386789073113,179.54900525963825,196.64891052246094,13500,0.0,0.0,0.0
2005-01-11 00:00:00+09:00,206.0538312767734,206.0538312767734,190.66391856730485,203.4888458251953,500,0.0,0.0,0.0
2005-01-12 00:00:00+09:00,200.9239193516919,200.9239193516919,192.37396533672626,200.0689239501953,3500,0.0,0.0,0.0
2005-01-13 00:00:00+09:00,200.06889157502548,200.06889157502548,192.37393420675525,196.64891052246094,5700,0.0,0.0,0.0
2005-01-14 00:00:00+09:00,192.80144158948505,204.34387822566265,192.37394393629327,201.3513946533203,7500,0.0,0.0,0.0
2005-01-17 00:00:00+09:00,206.90882816552127,208.61881848093878,195.7938911153073,206.0538330078125,15600,0.0,0.0,0.0
2005-01-18 00:00:00+09:00,205.19885454021517,208.61883544921875,193.22892135870262,208.61883544921875,23400,0.0,0.0,0.0
2005-01-19 00:00:00+09:00,208.6188652101627,212.03884660705063,201.7789024163869,206.90887451171875,7100,0.0,0.0,0.0
2005-01-20 00:00:00+09:00,203.488862101237,210.32882385253907,197.93139317830406,205.1988525390625,14100,0.0,0.0,0.0
2005-01-21 00:00:00+09:00,202.63388493958755,212.8938284808325,200.06889905427633,211.183837890625,16200,0.0,0.0,0.0
2005-01-24 00:00:00+09:00,217.16879175579737,220.58877272832962,211.18382505386595,215.45880126953125,27500,0.0,0.0,0.0
2005-01-25 00:00:00+09:00,214.6038224762561,219.306296673943,211.18384124157475,218.0238037109375,13900,0.0,0.0,0.0
2005-01-26 00:00:00+09:00,212.8938284808325,212.8938284808325,204.77137317734693,211.183837890625,13700,0.0,0.0,0.0
2005-01-27 00:00:00+09:00,209.47385739057492,217.16881541716748,207.7638667179988,216.74131774902344,17200,0.0,0.0,0.0
2005-01-28 00:00:00+09:00,222.29879819947365,242.3911895751953,215.45883517795139,242.3911895751953,88200,0.0,0.0,0.0
2005-01-31 00:00:00+09:00,243.67364440816075,259.06355879183405,243.67364440816075,256.0710754394531,134600,0.0,0.0,0.0
2005-02-01 00:00:00+09:00,252.22357177734378,256.4985475701801,247.94859598450742,252.22357177734375,16700,0.0,0.0,0.0
2005-02-02 00:00:00+09:00,265.04850605023415,272.743462677499,222.2987470098738,262.4835205078125,44800,0.0,0.0,0.0
2005-02-03 00:00:00+09:00,244.52863452309057,264.62102232481305,244.52863452309057,259.9185485839844,28900,0.0,0.0,0.0
2005-02-04 00:00:00+09:00,248.37614371559837,263.33856201171875,248.37614371559837,263.33856201171875,4100,0.0,0.0,0.0
2005-02-07 00:00:00+09:00,273.5985412597656,277.0185230255127,253.93364610671998,273.5985412597656,26100,0.0,0.0,0.0
2005-02-08 00:00:00+09:00,273.5985412597656,273.5985412597656,273.5985412597656,273.5985412597656,0,0.0,0.0,0.0
2005-02-09 00:00:00+09:00,273.5985412597656,273.5985412597656,273.5985412597656,273.5985412597656,0,0.0,0.0,0.0
2005-02-10 00:00:00+09:00,273.5985412597656,273.5985412597656,273.5985412597656,273.5985412597656,0,0.0,0.0,0.0
2005-02-11 00:00:00+09:00,269.3235640525818,276.5910253047943,260.7736096382141,273.5985412597656,140000,0.0,0.0,0.0
2005-02-14 00:00:00+09:00,279.1559227734077,289.41586480489593,271.88846383443695,280.43841552734375,54700,0.0,0.0,0.0
2005-02-15 00:00:00+09:00,282.1484956741333,283.00349111557006,273.5985412597656,273.5985412597656,34700,0.0,0.0,0.0
2005-02-16 00:00:00+09:00,273.598518905521,280.43848187815905,271.8885281623615,274.8810119628906,61700,0.0,0.0,0.0
2005-02-17 00:00:00+09:00,282.1484024332177,282.1484024332177,266.758489573224,275.3084411621094,36700,0.0,0.0,0.0
2005-02-18 00:00:00+09:00,274.4534912109375,277.01847711010515,264.6210452641282,274.4534912109375,27800,0.0,0.0,0.0
2005-02-21 00:00:00+09:00,286.423440129502,286.423440129502,269.3235332560989,271.8885192871094,18100,0.0,0.0,0.0
2005-02-22 00:00:00+09:00,265.04854435632905,277.87347392195784,256.4985913125765,262.0560607910156,43500,0.0,0.0,0.0
2005-02-23 00:00:00+09:00,261.62860507965087,273.5985412597656,252.22365522384644,273.5985412597656,61900,0.0,0.0,0.0
2005-02-24 00:00:00+09:00,277.8734311190519,282.1484069824219,270.1784745649858,282.1484069824219,35200,0.0,0.0,0.0
2005-02-25 00:00:00+09:00,287.70589064392277,287.70589064392277,273.59846955737083,281.2934265136719,48700,0.0,0.0,0.0
2005-02-28 00:00:00+09:00,283.85844462626693,314.6382759712838,278.3009750778611,284.71343994140625,61700,0.0,0.0,0.0
2005-03-01 00:00:00+09:00,284.71343994140625,284.71343994140625,284.71343994140625,284.71343994140625,0,0.0,0.0,0.0
2005-03-02 00:00:00+09:00,283.0034662732006,299.2483782345021,279.5834848076634,288.9884338378906,147000,0.0,0.0,0.0
2005-03-03 00:00:00+09:00,293.2633310106065,307.7982482910156,285.1408772362603,307.7982482910156,254100,0.0,0.0,0.0
2005-03-04 00:00:00+09:00,316.34821244360694,324.898164131272,295.8283283932108,303.5232849121094,633600,0.0,0.0,0.0
2005-03-07 00:00:00+09:00,320.6232464502728,333.44817630828373,312.92828853546627,323.188232421875,804800,0.0,0.0,0.0
2005-03-08 00:00:00+09:00,327.46321954596533,329.1732102485552,307.370828790534,312.07330322265625,237500,0.0,0.0,0.0
2005-03-09 00:00:00+09:00,311.6457637760189,315.06574472280647,296.6833471338232,305.6607971191406,169400,0.0,0.0,0.0
2005-03-10 00:00:00+09:00,295.4008240546846,303.52327797225195,293.2633361816406,293.2633361816406,134600,0.0,0.0,0.0
2005-03-11 00:00:00+09:00,298.82083771895265,299.24833534086815,289.8433876587266,296.683349609375,94900,0.0,0.0,0.0
2005-03-14 00:00:00+09:00,295.40088218678176,306.0883236551892,286.8509290120558,302.2408447265625,133300,0.0,0.0,0.0
2005-03-15 00:00:00+09:00,304.3783124714872,309.5082840299955,291.55338357521674,292.83587646484375,195500,0.0,0.0,0.0
2005-03-16 00:00:00+09:00,284.7134423720098,292.83589793517524,273.59850318030976,289.8434143066406,76400,0.0,0.0,0.0
2005-03-17 00:00:00+09:00,283.0034249664112,285.14091307038717,268.468505859375,268.468505859375,105200,0.0,0.0,0.0
2005-03-18 00:00:00+09:00,262.0560690149084,277.0184873110288,262.0560690149084,263.33856201171875,60100,0.0,0.0,0.0
2005-03-21 00:00:00+09:00,263.76601460617513,278.72843034558537,255.64356034763813,276.5909423828125,69900,0.0,0.0,0.0
2005-03-22 00:00:00+09:00,266.75849491716866,286.4233839655497,266.75849491716866,283.8583984375,27300,0.0,0.0,0.0
2005-03-23 00:00:00+09:00,276.1634688114096,286.8509095548852,269.7510043653242,278.72845458984375,39400,0.0,0.0,0.0
2005-03-24 00:00:00+09:00,270.6060147030427,277.4459771599917,263.3385545925345,263.76605224609375,23200,0.0,0.0,0.0
2005-03-25 00:00:00+09:00,265.0485557845876,270.17852783203125,260.7735790783846,270.17852783203125,22400,0.0,0.0,0.0
2005-03-28 00:00:00+09:00,262.48358041789675,282.1484740648401,262.48358041789675,278.3009948730469,15600,0.0,0.0,0.0
2005-03-29 00:00:00+09:00,271.46101176558665,285.56843442427066,270.6060164529391,283.0034484863281,30300,0.0,0.0,0.0
2005-03-30 00:00:00+09:00,280.43846088374426,280.43846088374426,270.60601484666176,279.5834655761719,23000,0.0,0.0,0.0
2005-03-31 00:00:00+09:00,274.0259651536208,282.1484196589543,271.88847712590143,277.8734436035156,18200,0.0,0.0,0.0
2005-04-01 00:00:00+09:00,266.3310582470931,280.43848187815905,266.3310582470931,274.8810119628906,23800,0.0,0.0,0.0
2005-04-04 00:00:00+09:00,281.29347724973877,281.29347724973877,270.178537419202,274.8810119628906,12500,0.0,0.0,0.0
2005-04-05 00:00:00+09:00,274.8810119628906,274.8810119628906,274.8810119628906,274.8810119628906,0,0.0,0.0,0.0
2005-04-06 00:00:00+09:00,273.5985412597656,274.4535367012024,271.4610526561737,273.5985412597656,22700,0.0,0.0,0.0
2005-04-07 00:00:00+09:00,279.58350934982303,279.58350934982303,270.17855949401854,273.5985412597656,30300,0.0,0.0,0.0
2005-04-08 00:00:00+09:00,277.8734957634198,277.8734957634198,272.74352353394124,274.8810119628906,17200,0.0,0.0,0.0
2005-04-11 00:00:00+09:00,277.87346399632605,277.87346399632605,272.31599471639953,273.1709899902344,16800,0.0,0.0,0.0
2005-04-12 00:00:00+09:00,273.5985412597656,280.4385047912598,270.17855949401854,273.5985412597656,51100,0.0,0.0,0.0
2005-04-13 00:00:00+09:00,279.58343084927264,279.58343084927264,269.32348843278555,272.74346923828125,90500,0.0,0.0,0.0
2005-04-14 00:00:00+09:00,272.74347560213636,294.1183561352192,266.33101144221155,270.6059875488281,483100,0.0,0.0,0.0
2005-04-15 00:00:00+09:00,273.1709432748648,273.1709432748648,240.2536308614617,250.08607482910156,155500,0.0,0.0,0.0
2005-04-18 00:00:00+09:00,247.94862244888785,247.94862244888785,223.15376020399907,232.13121032714844,100400,0.0,0.0,0.0
2005-04-19 00:00:00+09:00,230.8487135364163,243.2461444485572,230.8487135364163,238.54367065429688,75400,0.0,0.0,0.0
2005-04-20 00:00:00+09:00,246.666150523498,247.9486435071557,241.10868092764795,241.5361785888672,61400,0.0,0.0,0.0
2005-04-21 00:00:00+09:00,238.97119262155178,244.1011645561826,238.97119262155178,241.5361785888672,42800,0.0,0.0,0.0
2005-04-22 00:00:00+09:00,244.52863337065745,253.9335808079904,244.52863337065745,244.9561309814453,19500,0.0,0.0,0.0
2005-04-25 00:00:00+09:00,240.68114552312522,247.0936094358195,240.68114552312522,241.96363830566406,19000,0.0,0.0,0.0
2005-04-26 00:00:00+09:00,241.96363830566406,245.81111665328064,241.96363830566406,241.96363830566406,9500,0.0,0.0,0.0
2005-04-27 00:00:00+09:00,241.96366003787878,254.7885890151515,241.96366003787878,253.93359375,44500,0.0,0.0,0.0
2005-04-28 00:00:00+09:00,247.94864298502603,261.6285681152344,247.94864298502603,256.49859619140625,17600,0.0,0.0,0.0
2005-04-29 00:00:00+09:00,249.23112024396855,258.20857054435163,242.81865574369493,254.78858947753906,38900,0.0,0.0,0.0
2005-05-02 00:00:00+09:00,256.0710764010352,258.20856451790524,251.79610016729504,257.78106689453125,24000,0.0,0.0,0.0
2005-05-03 00:00:00+09:00,260.3460751342773,260.3460751342773,253.07861490885415,256.49859619140625,19000,0.0,0.0,0.0
2005-05-04 00:00:00+09:00,267.6135142025112,267.6135142025112,256.49857591295006,261.2010498046875,39800,0.0,0.0,0.0
2005-05-05 00:00:00+09:00,261.2010498046875,261.2010498046875,261.2010498046875,261.2010498046875,0,0.0,0.0,0.0
2005-05-06 00:00:00+09:00,262.4835194071785,262.4835194071785,257.35354834384606,260.7735290527344,29300,0.0,0.0,0.0
2005-05-09 00:00:00+09:00,261.62852422995644,261.62852422995644,256.926050755235,260.7735290527344,47500,0.0,0.0,0.0
2005-05-10 00:00:00+09:00,260.77356783445276,264.19354905195377,257.35358661695176,262.0560607910156,25700,0.0,0.0,0.0
2005-05-11 00:00:00+09:00,264.19353124514146,264.19353124514146,253.07859303741708,257.78106689453125,20300,0.0,0.0,0.0
2005-05-12 00:00:00+09:00,257.35354942296925,262.4835205078125,253.07857351893324,262.4835205078125,38000,0.0,0.0,0.0
2005-05-13 00:00:00+09:00,257.3535702248185,262.4835417243166,247.09362722582244,259.4910583496094,33300,0.0,0.0,0.0
2005-05-16 00:00:00+09:00,282.14845134914407,286.4234278847372,259.91857336405997,263.76605224609375,221400,0.0,0.0,0.0
2005-05-17 00:00:00+09:00,265.0485493977864,266.7585400390625,251.3686242675781,256.49859619140625,111000,0.0,0.0,0.0
2005-05-18 00:00:00+09:00,256.49859619140625,256.49859619140625,256.49859619140625,256.49859619140625,0,0.0,0.0,0.0
2005-05-19 00:00:00+09:00,254.78856685772612,260.7735331933103,254.36106926232725,255.216064453125,73200,0.0,0.0,0.0
2005-05-20 00:00:00+09:00,252.22359539887555,254.7885811147963,247.94861920567428,253.50608825683594,63600,0.0,0.0,0.0
2005-05-23 00:00:00+09:00,253.50611256917315,256.49859619140625,250.5136289469401,256.49859619140625,21600,0.0,0.0,0.0
2005-05-24 00:00:00+09:00,255.64357781768445,259.06355879183405,252.2235968435348,256.0710754394531,29700,0.0,0.0,0.0
2005-05-25 00:00:00+09:00,253.5060970344671,256.49858047332253,250.94111122973388,255.64358520507812,33600,0.0,0.0,0.0
2005-05-26 00:00:00+09:00,256.4985800109453,256.4985800109453,253.07859894413275,254.78858947753906,59400,0.0,0.0,0.0
2005-05-27 00:00:00+09:00,255.64357781768445,256.0710754394531,251.3686015999974,256.0710754394531,45700,0.0,0.0,0.0
2005-05-30 00:00:00+09:00,283.00340627113115,294.11834367755023,274.025956827485,276.5909423828125,718700,0.0,0.0,0.0
2005-05-31 00:00:00+09:00,278.7284247050065,280.01091745671664,268.0409851074219,268.0409851074219,151500,0.0,0.0,0.0
2005-06-01 00:00:00+09:00,267.6135425687586,275.30850066179,265.04855653774814,271.8885192871094,227400,0.0,0.0,0.0
2005-06-02 00:00:00+09:00,271.0334704301489,275.3084463044415,269.32348008043186,271.4609680175781,116300,0.0,0.0,0.0
2005-06-03 00:00:00+09:00,269.7510136125949,271.46100419017074,266.3310324574431,267.613525390625,114000,0.0,0.0,0.0
2005-06-06 00:00:00+09:00,267.613525390625,267.613525390625,267.613525390625,267.613525390625,0,0.0,0.0,0.0
2005-06-07 00:00:00+09:00,264.19354248046875,269.7510118206728,263.7660448389146,264.19354248046875,77000,0.0,0.0,0.0
2005-06-08 00:00:00+09:00,265.04854769320104,271.0335148991765,265.04854769320104,268.8960266113281,87600,0.0,0.0,0.0
2005-06-09 00:00:00+09:00,270.60602627160415,273.5985099744497,267.18604489692353,271.8885192871094,80500,0.0,0.0,0.0
2005-06-10 00:00:00+09:00,272.74348685182173,280.43844416112074,271.46099396693853,277.0184631347656,138500,0.0,0.0,0.0
2005-06-13 00:00:00+09:00,277.8734489833695,278.7284442110106,273.59847284516377,274.0259704589844,92800,0.0,0.0,0.0
2005-06-14 00:00:00+09:00,279.15593106708826,279.15593106708826,269.323486328125,269.323486328125,68400,0.0,0.0,0.0
2005-06-15 00:00:00+09:00,266.75853832347974,271.4610125567462,266.75853832347974,268.8960266113281,50500,0.0,0.0,0.0
2005-06-16 00:00:00+09:00,267.18600246559356,276.1634521484375,267.18600246559356,276.1634521484375,131200,0.0,0.0,0.0
2005-06-17 00:00:00+09:00,277.01850039184,277.01850039184,270.178537419202,274.8810119628906,73200,0.0,0.0,0.0
2005-06-20 00:00:00+09:00,277.44595237554506,277.44595237554506,271.0334881449855,275.7359619140625,90300,0.0,0.0,0.0
2005-06-21 00:00:00+09:00,275.3085321426392,277.0185230255127,271.8885503768921,273.5985412597656,98900,0.0,0.0,0.0
2005-06-22 00:00:00+09:00,272.31596356127636,284.7133936135166,272.31596356127636,283.8583984375,136700,0.0,0.0,0.0
2005-06-23 00:00:00+09:00,284.7133846894645,299.2483022261639,282.14839924181166,293.2633361816406,138800,0.0,0.0,0.0
2005-06-24 00:00:00+09:00,293.26336134217627,297.53833745503596,291.5533708970324,297.11083984375,60600,0.0,0.0,0.0
2005-06-27 00:00:00+09:00,296.68337771060527,297.5383730354197,290.69841043690434,291.55340576171875,52200,0.0,0.0,0.0
2005-06-28 00:00:00+09:00,291.5533646937779,300.95831194196427,291.5533646937779,299.2483215332031,82200,0.0,0.0,0.0
2005-06-29 00:00:00+09:00,303.523297555106,306.08828316824776,295.8283407156808,299.2483215332031,84200,0.0,0.0,0.0
2005-06-30 00:00:00+09:00,303.5232849121094,309.5082510934749,299.67580665266007,303.5232849121094,235900,0.0,0.0,0.0
2005-07-01 00:00:00+09:00,303.5233075940931,318.9132217819626,303.5233075940931,316.3482360839844,146200,0.0,0.0,0.0
2005-07-04 00:00:00+09:00,316.3482375778518,320.19571614298786,305.23329950079216,305.6607971191406,162700,0.0,0.0,0.0
2005-07-05 00:00:00+09:00,307.7982607559419,312.0732365997744,297.9658163151271,303.5232849121094,261800,0.0,0.0,0.0
2005-07-06 00:00:00+09:00,303.5232913981342,314.21073123609665,303.5232913981342,313.7832336425781,227800,0.0,0.0,0.0
2005-07-07 00:00:00+09:00,309.508279500227,354.82302760385136,309.508279500227,353.113037109375,622600,0.0,0.0,0.0
2005-07-08 00:00:00+09:00,343.28059176613573,360.80799433451875,336.4406297882302,353.113037109375,387600,0.0,0.0,0.0
2005-07-11 00:00:00+09:00,367.64797447971176,367.64797447971176,354.82304513739626,357.3880310058594,354900,0.0,0.0,0.0
2005-07-12 00:00:00+09:00,352.6855608482501,359.09802559094555,347.1280914045807,350.1205749511719,195600,0.0,0.0,0.0
2005-07-13 00:00:00+09:00,341.99809229651163,378.76288721838665,341.99809229651163,367.64794921875,677200,0.0,0.0,0.0
2005-07-14 00:00:00+09:00,384.74791844685876,384.74791844685876,363.3730340886999,369.3580017089844,588900,0.0,0.0,0.0
2005-07-15 00:00:00+09:00,370.21291162549835,370.21291162549835,320.6231913615748,331.7381286621094,659100,0.0,0.0,0.0
2005-07-18 00:00:00+09:00,326.1806908215545,335.1581410276523,316.34824535773305,319.3407287597656,532300,0.0,0.0,0.0
2005-07-19 00:00:00+09:00,316.77576749286953,329.60069735088047,315.49327450706846,323.188232421875,281500,0.0,0.0,0.0
2005-07-20 00:00:00+09:00,323.61572180516214,332.59317247611114,317.20325704019854,321.9057312011719,378200,0.0,0.0,0.0
2005-07-21 00:00:00+09:00,315.92070206536187,327.8906339433458,303.95077018737794,307.7982482910156,605700,0.0,0.0,0.0
2005-07-22 00:00:00+09:00,307.7983242024286,308.6533195474354,303.5233474773949,306.9433288574219,182600,0.0,0.0,0.0
2005-07-25 00:00:00+09:00,309.50828598484844,327.4631865530303,308.65329071969694,324.470703125,426900,0.0,0.0,0.0
2005-07-26 00:00:00+09:00,324.47067997512215,336.01311523115413,318.4857135460685,324.0431823730469,283600,0.0,0.0,0.0
2005-07-27 00:00:00+09:00,329.1731996889468,329.1731996889468,320.6232464502728,323.188232421875,223800,0.0,0.0,0.0
2005-07-28 00:00:00+09:00,324.89817545572913,329.1731514485677,312.92824267578123,320.6231994628906,210700,0.0,0.0,0.0
2005-07-29 00:00:00+09:00,324.043226109469,324.043226109469,316.77576589329357,319.76824951171875,158100,0.0,0.0,0.0
2005-08-01 00:00:00+09:00,316.3482682335185,327.4632073876692,310.7907986564432,319.76824951171875,104400,0.0,0.0,0.0
2005-08-02 00:00:00+09:00,319.76822155476276,319.76822155476276,310.790771484375,310.790771484375,102300,0.0,0.0,0.0
2005-08-03 00:00:00+09:00,308.22581194887067,315.49327214738776,300.9583517503536,302.2408447265625,166400,0.0,0.0,0.0
2005-08-04 00:00:00+09:00,293.26336863405083,305.2333020476855,293.26336863405083,296.683349609375,111900,0.0,0.0,0.0
2005-08-05 00:00:00+09:00,290.69838831546537,294.5458669843465,282.14843571795166,292.83587646484375,193200,0.0,0.0,0.0
2005-08-08 00:00:00+09:00,283.85838244575604,296.68330936348593,283.85838244575604,293.6908264160156,29500,0.0,0.0,0.0
2005-08-09 00:00:00+09:00,285.9959238311391,315.4932612666378,285.9959238311391,311.6457824707031,175300,0.0,0.0,0.0
2005-08-10 00:00:00+09:00,306.94330924790034,318.91324331327803,306.94330924790034,313.35577392578125,112200,0.0,0.0,0.0
2005-08-11 00:00:00+09:00,314.21074398314755,314.21074398314755,306.9432845985033,309.5082702636719,89600,0.0,0.0,0.0
2005-08-12 00:00:00+09:00,308.6532434251573,314.21071179707843,305.2332628885905,307.7982482910156,77200,0.0,0.0,0.0
2005-08-15 00:00:00+09:00,307.7982482910156,307.7982482910156,307.7982482910156,307.7982482910156,0,0.0,0.0,0.0
2005-08-16 00:00:00+09:00,309.5082682178007,310.363263433872,302.66830648923053,306.0882873535156,49500,0.0,0.0,0.0
2005-08-17 00:00:00+09:00,298.39337827564145,303.9508480716061,295.40089453935275,296.2558898925781,73100,0.0,0.0,0.0
2005-08-18 00:00:00+09:00,294.11837943943067,311.21828522079295,294.11837943943067,297.5383605957031,108300,0.0,0.0,0.0
2005-08-19 00:00:00+09:00,290.698427409795,300.5308742192439,290.698427409795,295.8283996582031,53500,0.0,0.0,0.0
2005-08-22 00:00:00+09:00,291.553338596394,298.39329961918327,291.553338596394,293.6908264160156,100700,0.0,0.0,0.0
2005-08-23 00:00:00+09:00,292.408341032423,294.54582890546703,288.9883604355526,293.2633361816406,161400,0.0,0.0,0.0
2005-08-24 00:00:00+09:00,299.2483172500343,303.52329321074905,288.13337975217587,292.4083557128906,128800,0.0,0.0,0.0
2005-08-25 00:00:00+09:00,285.9959500555456,290.69842457065926,285.9959500555456,288.9884338378906,152000,0.0,0.0,0.0
2005-08-26 00:00:00+09:00,285.5684026005058,290.6983739047065,278.7284408615715,281.2934265136719,99300,0.0,0.0,0.0
2005-08-29 00:00:00+09:00,279.15592653355304,280.86591689516746,261.2010277366017,262.4835205078125,171400,0.0,0.0,0.0
2005-08-30 00:00:00+09:00,257.35359391355826,272.74350982865474,257.35359391355826,261.6285705566406,86900,0.0,0.0,0.0
2005-08-31 00:00:00+09:00,262.4835205078125,266.75849641184857,261.6285253270053,262.4835205078125,53700,0.0,0.0,0.0
2005-09-01 00:00:00+09:00,262.48351903708584,284.2858960255083,262.48351903708584,283.8583984375,102500,0.0,0.0,0.0
2005-09-02 00:00:00+09:00,286.4233839655497,287.7058767295745,280.4384177334337,283.8583984375,149200,0.0,0.0,0.0
2005-09-05 00:00:00+09:00,286.4234509446104,286.4234509446104,271.8885295533914,278.3009948730469,63300,0.0,0.0,0.0
2005-09-06 00:00:00+09:00,277.8734815506428,280.4384675341872,275.7359932310225,277.44598388671875,84800,0.0,0.0,0.0
2005-09-07 00:00:00+09:00,280.43842923677886,283.0034148700421,277.0184483924279,277.8734436035156,99900,0.0,0.0,0.0
2005-09-08 00:00:00+09:00,282.1484740648401,282.1484740648401,277.44599949709277,278.3009948730469,63100,0.0,0.0,0.0
2005-09-09 00:00:00+09:00,278.7284642362047,299.24835117383935,278.7284642362047,297.5383605957031,206000,0.0,0.0,0.0
2005-09-12 00:00:00+09:00,297.96586167410516,305.233321714937,296.6833687257231,304.3783264160156,146200,0.0,0.0,0.0
2005-09-13 00:00:00+09:00,306.0882704184089,306.9432655871754,296.2558259775941,303.5232849121094,100600,0.0,0.0,0.0
2005-09-14 00:00:00+09:00,311.21825439453124,311.21825439453124,295.8283407156808,299.2483215332031,95300,0.0,0.0,0.0
2005-09-15 00:00:00+09:00,299.24830339956975,303.9507767387059,283.8583906533062,294.97332763671875,84400,0.0,0.0,0.0
2005-09-16 00:00:00+09:00,291.1259120060848,300.95835837339746,288.13342832907654,300.1033630371094,81400,0.0,0.0,0.0
2005-09-19 00:00:00+09:00,300.1033630371094,300.1033630371094,300.1033630371094,300.1033630371094,0,0.0,0.0,0.0
2005-09-20 00:00:00+09:00,301.81330714634487,301.81330714634487,295.4008431134905,299.2483215332031,60400,0.0,0.0,0.0
2005-09-21 00:00:00+09:00,299.2483400831036,308.6532879142868,295.8283590535824,305.2333068847656,83600,0.0,0.0,0.0
2005-09-22 00:00:00+09:00,305.2333282962922,319.76824869135373,305.2333282962922,318.0582580566406,148900,0.0,0.0,0.0
2005-09-23 00:00:00+09:00,318.05822016568794,326.18067471292994,318.05822016568794,318.4857177734375,148200,0.0,0.0,0.0
2005-09-26 00:00:00+09:00,318.05828181064334,323.1882540979118,316.3482910482205,320.1957702636719,95800,0.0,0.0,0.0
2005-09-27 00:00:00+09:00,320.62319732419246,322.33318770992145,313.78323578127635,317.2032165527344,134300,0.0,0.0,0.0
2005-09-28 00:00:00+09:00,319.76821701462205,324.4706907942488,313.7832503860061,316.3482360839844,159600,0.0,0.0,0.0
2005-09-29 00:00:00+09:00,317.2032313166438,319.76821701462205,310.79076707169816,316.3482360839844,107900,0.0,0.0,0.0
2005-09-30 00:00:00+09:00,312.9282521677541,319.3407163515196,310.79076410649895,311.21826171875,131200,0.0,0.0,0.0
2005-10-03 00:00:00+09:00,311.21826171875,311.21826171875,311.21826171875,311.21826171875,0,0.0,0.0,0.0
2005-10-04 00:00:00+09:00,312.0732495149396,324.0431823730469,312.0732495149396,324.0431823730469,234700,0.0,0.0,0.0
2005-10-05 00:00:00+09:00,324.898193359375,336.01313155324834,324.898193359375,324.898193359375,303300,0.0,0.0,0.0
2005-10-06 00:00:00+09:00,324.898193359375,326.6081838507401,318.05823139391447,324.898193359375,138800,0.0,0.0,0.0
2005-10-07 00:00:00+09:00,325.7531749875445,327.0356678024561,312.92824683842855,315.06573486328125,165900,0.0,0.0,0.0
2005-10-10 00:00:00+09:00,314.6382320291555,322.7606863886038,314.6382320291555,318.9132080078125,95600,0.0,0.0,0.0
2005-10-11 00:00:00+09:00,321.4781946614583,323.1881850585937,316.77572106933593,320.6231994628906,163000,0.0,0.0,0.0
2005-10-12 00:00:00+09:00,321.05071228261795,338.1506170646482,320.6232146630672,333.8756408691406,480300,0.0,0.0,0.0
2005-10-13 00:00:00+09:00,337.72310672469655,337.72310672469655,313.7832409315535,325.753173828125,281700,0.0,0.0,0.0
2005-10-14 00:00:00+09:00,331.7381577964545,331.7381577964545,301.8133239746094,301.8133239746094,165200,0.0,0.0,0.0
2005-10-17 00:00:00+09:00,298.3933558847712,311.64578286532696,294.9733747284988,297.5383605957031,146500,0.0,0.0,0.0
2005-10-18 00:00:00+09:00,299.24832927646924,299.24832927646924,278.72844384036847,286.42340087890625,362700,0.0,0.0,0.0
2005-10-19 00:00:00+09:00,282.1484102521624,291.1258596692767,280.0109222957066,287.27838134765625,164300,0.0,0.0,0.0
2005-10-20 00:00:00+09:00,284.28592202934595,293.26337219869373,284.28592202934595,289.4158935546875,132400,0.0,0.0,0.0
2005-10-21 00:00:00+09:00,287.7059335947701,311.21830558245557,286.42344057725995,306.9433288574219,170700,0.0,0.0,0.0
2005-10-24 00:00:00+09:00,314.6382230122884,343.7080588340759,310.3632471561432,328.3181457519531,532400,0.0,0.0,0.0
2005-10-25 00:00:00+09:00,333.4481407371727,335.58562881882125,312.9282551533467,316.3482360839844,294700,0.0,0.0,0.0
2005-10-26 00:00:00+09:00,317.2032361482319,326.18068622789883,314.6382504111842,324.898193359375,172000,0.0,0.0,0.0
2005-10-27 00:00:00+09:00,331.73816467285155,356.96052513122555,326.6081930541992,341.99810791015625,738800,0.0,0.0,0.0
2005-10-28 00:00:00+09:00,341.5705899556478,359.0979919433594,329.6006568908692,359.0979919433594,323000,0.0,0.0,0.0
2005-10-31 00:00:00+09:00,350.5480395142585,371.49542236328125,347.5555562501124,371.49542236328125,487400,0.0,0.0,0.0
2005-11-01 00:00:00+09:00,361.66302569221045,378.76293234432444,361.2355280259076,363.3730163574219,253000,0.0,0.0,0.0
2005-11-02 00:00:00+09:00,365.510513642255,367.6480020261278,346.27311818739946,348.8381042480469,311600,0.0,0.0,0.0
2005-11-03 00:00:00+09:00,349.6930353647042,371.0679152769722,348.83804016821347,368.5029296875,357800,0.0,0.0,0.0
2005-11-04 00:00:00+09:00,380.04539446623426,398.85529025533924,374.4879252558169,393.2978210449219,514400,0.0,0.0,0.0
2005-11-07 00:00:00+09:00,409.54267294527307,436.0475223425663,405.26769723603223,423.22259521484375,770800,0.0,0.0,0.0
2005-11-08 00:00:00+09:00,423.2226434326172,429.2076101074219,410.39771484375,427.49761962890625,329500,0.0,0.0,0.0
2005-11-09 00:00:00+09:00,427.49761962890625,435.1925767822266,417.2376767578125,427.49761962890625,287700,0.0,0.0,0.0
2005-11-10 00:00:00+09:00,433.48255494785485,452.2924488509176,423.22261281891156,450.58245849609375,333900,0.0,0.0,0.0
2005-11-11 00:00:00+09:00,455.7124681560594,475.37735890200565,444.5975299083506,464.2624206542969,334500,0.0,0.0,0.0
2005-11-14 00:00:00+09:00,453.14755109779736,468.5374679275339,438.6126296474907,449.7275695800781,220600,0.0,0.0,0.0
2005-11-15 00:00:00+09:00,439.46750174706136,465.97235107421875,434.337530909547,465.97235107421875,317100,0.0,0.0,0.0
2005-11-16 00:00:00+09:00,461.6974310473861,471.95737395955024,457.4224548339844,457.4224548339844,142000,0.0,0.0,0.0
2005-11-17 00:00:00+09:00,458.2774516858552,493.33225675884046,457.42245644017265,487.3472900390625,389600,0.0,0.0,0.0
2005-11-18 00:00:00+09:00,512.9971329454352,512.9971329454352,479.6523193039819,489.9122619628906,213900,0.0,0.0,0.0
2005-11-21 00:00:00+09:00,511.2871649870002,554.8919232049551,495.8972503218397,529.2420654296875,606500,0.0,0.0,0.0
2005-11-22 00:00:00+09:00,538.6470451907835,548.9069889087032,522.4021343040773,530.9520874023438,295600,0.0,0.0,0.0
2005-11-23 00:00:00+09:00,537.7920785299161,541.2120599514101,524.1121528439405,525.8221435546875,356400,0.0,0.0,0.0
2005-11-24 00:00:00+09:00,528.3870997993062,537.7920481776109,515.5621701925269,527.5321044921875,326200,0.0,0.0,0.0
2005-11-25 00:00:00+09:00,527.5320601924773,541.2119839575982,522.4020887805569,530.0970458984375,237600,0.0,0.0,0.0
2005-11-28 00:00:00+09:00,532.6619645077958,542.0669109116253,478.79727146768164,500.1721496582031,413100,0.0,0.0,0.0
2005-11-29 00:00:00+09:00,489.05727359030743,504.44718779419827,463.4074165838228,475.3773498535156,429400,0.0,0.0,0.0
2005-11-30 00:00:00+09:00,491.6221983819945,510.4320911896535,475.37729095719817,500.1721496582031,478900,0.0,0.0,0.0
2005-12-01 00:00:00+09:00,495.8972374517502,541.2119850119964,495.8972374517502,505.30218505859375,433700,0.0,0.0,0.0
2005-12-02 00:00:00+09:00,514.7071336614341,524.112081286477,504.4471907977511,507.0121765136719,260400,0.0,0.0,0.0
2005-12-05 00:00:00+09:00,500.172221660614,505.30219316482544,492.4772644042969,492.4772644042969,223100,0.0,0.0,0.0
2005-12-06 00:00:00+09:00,492.47725655691966,501.0272089276995,478.7973327636719,478.7973327636719,225000,0.0,0.0,0.0
2005-12-07 00:00:00+09:00,478.7972781680046,486.4922344242761,442.88748230540426,465.97235107421875,368900,0.0,0.0,0.0
2005-12-08 00:00:00+09:00,449.7274947030204,485.63729466029577,449.7274947030204,478.7973327636719,248200,0.0,0.0,0.0
2005-12-09 00:00:00+09:00,455.7124384099787,513.8521116029966,455.7124384099787,489.0572509765625,328000,0.0,0.0,0.0
2005-12-12 00:00:00+09:00,504.4472391764323,519.8371549479166,497.6072766113281,512.9971923828125,375600,0.0,0.0,0.0
2005-12-13 00:00:00+09:00,520.6921502685547,520.6921502685547,507.8672204589843,512.9971923828125,171400,0.0,0.0,0.0
2005-12-14 00:00:00+09:00,525.8220697218371,530.0970458984375,509.57716025075604,530.0970458984375,254100,0.0,0.0,0.0
2005-12-15 00:00:00+09:00,534.3720311977129,534.3720311977129,507.01218320039,518.9821166992188,148300,0.0,0.0,0.0
2005-12-16 00:00:00+09:00,479.6523328279194,512.9971474095395,479.6523328279194,487.3472900390625,154900,0.0,0.0,0.0
2005-12-19 00:00:00+09:00,478.7972887976695,507.01212903038936,478.7972887976695,504.4471435546875,121500,0.0,0.0,0.0
2005-12-20 00:00:00+09:00,506.1571793094758,530.0970458984375,504.44718883883564,530.0970458984375,157500,0.0,0.0,0.0
2005-12-21 00:00:00+09:00,523.2570929488004,536.9370169474619,514.707140449637,518.9821166992188,82300,0.0,0.0,0.0
2005-12-22 00:00:00+09:00,517.2720522106204,521.5470278487246,470.247320191473,500.1721496582031,181700,0.0,0.0,0.0
2005-12-23 00:00:00+09:00,485.63727020050266,496.7522077226972,478.79730864838285,489.0572509765625,63200,0.0,0.0,0.0
2005-12-26 00:00:00+09:00,483.9273041861398,493.3322517939976,477.9423375265939,478.7973327636719,74900,0.0,0.0,0.0
2005-12-27 00:00:00+09:00,448.8725106927413,483.07232103123584,448.8725106927413,472.8123779296875,70200,0.0,0.0,0.0
2005-12-28 00:00:00+09:00,542.6167772919887,572.8742184049249,542.6167772919887,570.8570556640625,56700,842.1053,0.0,0.0
2005-12-29 00:00:00+09:00,564.8056640625,592.0373657226563,564.8056640625,584.977294921875,60600,0.0,0.0,0.0
2006-01-02 00:00:00+09:00,588.0029189287607,601.1144762976695,586.9943375926907,595.06298828125,32800,0.0,0.0,0.0
2006-01-03 00:00:00+09:00,595.06298828125,598.0887322894598,584.9771749205509,595.06298828125,87900,0.0,0.0,0.0
2006-01-04 00:00:00+09:00,600.10600569301,608.174657870395,592.037353515625,592.037353515625,76100,0.0,0.0,0.0
2006-01-05 00:00:00+09:00,584.9772586757413,599.0973994023971,568.8399549881345,591.0287475585938,111700,0.0,0.0,0.0
2006-01-06 00:00:00+09:00,590.0201660781183,591.0287475585938,578.9257697928887,591.0287475585938,52500,0.0,0.0,0.0
2006-01-09 00:00:00+09:00,591.0287841796875,595.0631103515625,575.9000610351562,584.977294921875,30200,0.0,0.0,0.0
2006-01-10 00:00:00+09:00,584.9771717900816,584.9771717900816,564.8055451766305,579.9342651367188,44000,0.0,0.0,0.0
2006-01-11 00:00:00+09:00,556.7368945312501,579.9342651367188,556.7368945312501,579.9342651367188,86900,0.0,0.0,0.0
2006-01-12 00:00:00+09:00,576.9086062113444,580.9429321289062,566.8227914174398,580.9429321289062,49300,0.0,0.0,0.0
2006-01-13 00:00:00+09:00,574.8914309197072,586.9944084127536,567.83136071543,577.9171752929688,74700,0.0,0.0,0.0
2006-01-16 00:00:00+09:00,584.9772206553213,584.9772206553213,571.8656622613227,576.9085693359375,80400,0.0,0.0,0.0
2006-01-17 00:00:00+09:00,573.8828348055753,584.9772305575284,554.7197875976562,554.7197875976562,67600,0.0,0.0,0.0
2006-01-18 00:00:00+09:00,567.8313432384673,567.8313432384673,514.3765276227679,529.5052490234375,90800,0.0,0.0,0.0
2006-01-19 00:00:00+09:00,517.4022713294396,546.6511326716496,516.3936899038462,524.4623413085938,39600,0.0,0.0,0.0
2006-01-20 00:00:00+09:00,515.3851803839776,529.5053223123058,475.5462085147661,527.4881591796875,80000,0.0,0.0,0.0
2006-01-23 00:00:00+09:00,466.97322264253427,504.2907371949614,448.8187561035157,448.8187561035156,153300,0.0,0.0,0.0
2006-01-24 00:00:00+09:00,449.82731289161643,499.2478024245519,423.60419599658945,496.7263488769531,115500,0.0,0.0,0.0
2006-01-25 00:00:00+09:00,549.6768730319276,549.6768730319276,494.20489501953125,494.20489501953125,73700,0.0,0.0,0.0
2006-01-26 00:00:00+09:00,472.5204528808594,524.46240234375,472.5204528808594,514.3765869140625,125700,0.0,0.0,0.0
2006-01-27 00:00:00+09:00,532.5310865949876,532.5310865949876,509.3337097167968,509.3337097167969,78900,0.0,0.0,0.0
2006-01-31 00:00:00+09:00,501.76931150497927,515.3851621689334,499.24785767832105,500.2564392089844,26300,0.0,0.0,0.0
2006-02-01 00:00:00+09:00,489.1619866689046,496.7263472874959,462.93886985778806,484.11907958984375,19500,0.0,0.0,0.0
2006-02-02 00:00:00+09:00,479.0761306572752,487.6490719427212,470.50318937182925,486.1361999511719,39400,0.0,0.0,0.0
2006-02-03 00:00:00+09:00,486.13620982068653,504.2906740878491,472.5203616203146,474.0332336425781,26000,0.0,0.0,0.0
2006-02-06 00:00:00+09:00,455.878807413614,500.76068115234375,455.878807413614,500.76068115234375,38600,0.0,0.0,0.0
2006-02-07 00:00:00+09:00,500.76067547607425,523.453757446289,492.69202410888676,504.29071044921875,18400,0.0,0.0,0.0
2006-02-08 00:00:00+09:00,518.4108879379853,518.4108879379853,496.2220950690443,503.28216552734375,22600,0.0,0.0,0.0
2006-02-09 00:00:00+09:00,495.21347766113286,533.5395716552734,495.21347766113286,504.29071044921875,130700,0.0,0.0,0.0
2006-02-10 00:00:00+09:00,495.2134567584146,524.4623167298893,495.2134567584146,523.4537353515625,152000,0.0,0.0,0.0
2006-02-13 00:00:00+09:00,514.3766053329558,528.496747440135,507.3165342793662,511.3508605957031,46600,0.0,0.0,0.0
2006-02-14 00:00:00+09:00,506.30791000947204,509.3336544916004,490.1706061047877,503.28216552734375,31100,0.0,0.0,0.0
2006-02-15 00:00:00+09:00,505.2993281413919,507.3164911279843,474.03330184921,495.7178039550781,42900,0.0,0.0,0.0
2006-02-16 00:00:00+09:00,479.0761403834566,482.10188442798375,469.99890824987534,474.0332336425781,100300,0.0,0.0,0.0
2006-02-17 00:00:00+09:00,493.7006055297852,504.29071044921875,475.0418492431641,504.29071044921875,62100,0.0,0.0,0.0
2006-02-20 00:00:00+09:00,522.4452146537573,524.4623776446984,494.2049327805812,518.410888671875,79400,0.0,0.0,0.0
2006-02-21 00:00:00+09:00,499.7521844845007,519.4195257507928,496.2221488726021,509.3337097167969,31700,0.0,0.0,0.0
2006-02-22 00:00:00+09:00,510.3421408051426,524.4622790882888,497.23058382793533,519.4193725585938,34000,0.0,0.0,0.0
2006-02-23 00:00:00+09:00,523.4536977823498,523.4536977823498,507.31639688732554,519.4193725585938,31700,0.0,0.0,0.0
2006-02-24 00:00:00+09:00,523.4536977823498,523.4536977823498,496.72629317496586,519.4193725585938,37300,0.0,0.0,0.0
2006-02-27 00:00:00+09:00,516.3937251984127,519.4194696819972,501.2650027804904,508.3250732421875,21000,0.0,0.0,0.0
2006-02-28 00:00:00+09:00,504.29074726407487,510.34223623124376,501.2650027804904,508.3250732421875,19200,0.0,0.0,0.0
2006-03-02 00:00:00+09:00,505.2993530273438,515.3851684570312,499.7521545410156,514.3765869140625,21200,0.0,0.0,0.0
2006-03-03 00:00:00+09:00,504.29080169979886,514.3766177337949,504.29080169979886,509.3337097167969,28600,0.0,0.0,0.0
2006-03-06 00:00:00+09:00,512.3594301046147,512.3594301046147,498.23928833007807,498.2392883300781,16300,0.0,0.0,0.0
2006-03-07 00:00:00+09:00,499.24789368280085,509.3337097167968,499.24789368280085,509.3337097167969,38600,0.0,0.0,0.0
2006-03-08 00:00:00+09:00,507.31651611328124,523.4538208007813,507.31651611328124,514.3765869140625,20600,0.0,0.0,0.0
2006-03-09 00:00:00+09:00,524.462354255445,532.531005859375,514.3765397505326,532.531005859375,27900,0.0,0.0,0.0
2006-03-10 00:00:00+09:00,532.5310072082182,553.7112177221815,532.5310072082182,547.6597290039062,19000,0.0,0.0,0.0
2006-03-13 00:00:00+09:00,572.8743420387592,572.8743420387592,544.6340575720598,545.6426391601562,81800,0.0,0.0,0.0
2006-03-14 00:00:00+09:00,545.642543607811,564.8055904258304,545.642543607811,561.7798461914062,46000,0.0,0.0,0.0
2006-03-15 00:00:00+09:00,549.6768804376776,573.8828348055753,548.6682990056819,554.7197875976562,35400,0.0,0.0,0.0
2006-03-16 00:00:00+09:00,547.6596562096831,549.6768188476562,496.7262996008636,549.6768188476562,8700,0.0,0.0,0.0
2006-03-17 00:00:00+09:00,536.5652617008313,550.6854001666427,527.4880298299527,549.6768188476562,9200,0.0,0.0,0.0
2006-03-20 00:00:00+09:00,549.6768905177261,549.6768905177261,531.5224244088837,532.531005859375,5000,0.0,0.0,0.0
2006-03-21 00:00:00+09:00,532.5310426850559,544.6340209278981,531.522461164819,541.6082763671875,14100,0.0,0.0,0.0
2006-03-22 00:00:00+09:00,525.4709244487441,547.6597158841997,525.4709244487441,539.591064453125,4900,0.0,0.0,0.0
2006-03-23 00:00:00+09:00,547.6597396645573,547.6597396645573,468.9903847956154,525.470947265625,13300,0.0,0.0,0.0
2006-03-24 00:00:00+09:00,525.4709347758054,525.4709347758054,504.2907243529802,522.4451904296875,37200,0.0,0.0,0.0
2006-03-27 00:00:00+09:00,504.29080169979886,534.5482498017868,500.76076608790027,509.3337097167969,34400,0.0,0.0,0.0
2006-03-28 00:00:00+09:00,524.4623533270994,524.4623533270994,503.2821429042742,522.4451904296875,28800,0.0,0.0,0.0
2006-03-29 00:00:00+09:00,506.30787564791166,524.4623413085938,506.30787564791166,524.4623413085938,8900,0.0,0.0,0.0
2006-03-30 00:00:00+09:00,539.5910769324321,544.6339841934829,524.4623551492798,542.6168212890625,10900,0.0,0.0,0.0
2006-03-31 00:00:00+09:00,546.6511632630512,606.157470703125,525.470952140313,606.157470703125,107400,0.0,0.0,0.0
2006-04-03 00:00:00+09:00,606.1574193876083,606.1574193876083,554.719768158377,589.0115356445312,46900,0.0,0.0,0.0
2006-04-04 00:00:00+09:00,576.90862992881,576.90862992881,556.7369995117188,556.7369995117188,29200,0.0,0.0,0.0
2006-04-05 00:00:00+09:00,556.7369746952266,588.0030004480383,536.5653451772836,550.6854858398438,178300,0.0,0.0,0.0
2006-04-06 00:00:00+09:00,550.6854858398438,559.762719122918,534.5481822254893,550.6854858398438,22500,0.0,0.0,0.0
2006-04-07 00:00:00+09:00,544.634021261464,559.7627440742825,544.634021261464,556.7369995117188,17200,0.0,0.0,0.0
2006-04-10 00:00:00+09:00,556.7370117187501,562.7885009765625,556.7370117187501,559.7627563476562,27500,0.0,0.0,0.0
2006-04-11 00:00:00+09:00,559.7627440742825,559.7627440742825,552.7026734283005,556.7369995117188,191700,0.0,0.0,0.0
2006-04-12 00:00:00+09:00,582.960067693537,582.960067693537,545.6425547096947,554.7197875976562,6800,0.0,0.0,0.0
2006-04-13 00:00:00+09:00,546.6511338719781,551.6940410110185,524.4623424602005,534.5481567382812,42000,0.0,0.0,0.0
2006-04-14 00:00:00+09:00,539.5911496315778,563.7971077458916,534.5482416910958,545.6426391601562,22400,0.0,0.0,0.0
2006-04-17 00:00:00+09:00,554.7197254425888,556.7368880805619,529.5051924679257,549.6768188476562,100100,0.0,0.0,0.0
2006-04-18 00:00:00+09:00,549.6768793176722,553.7112050374349,534.5481578685619,544.6339721679688,158000,0.0,0.0,0.0
2006-04-19 00:00:00+09:00,537.5739869083613,553.7112923315017,526.4795894299524,535.5568237304688,36800,0.0,0.0,0.0
2006-04-20 00:00:00+09:00,541.6082763671875,542.6168578874243,527.4881350838716,541.6082763671875,17400,0.0,0.0,0.0
2006-04-21 00:00:00+09:00,537.5739871413082,554.7198741608246,524.4624264793251,530.513916015625,27000,0.0,0.0,0.0
2006-04-24 00:00:00+09:00,530.5138049998495,530.5138049998495,517.4022470816022,523.4537353515625,32800,0.0,0.0,0.0
2006-04-25 00:00:00+09:00,525.4708981082159,525.4708981082159,516.3936657032755,523.4537353515625,29200,0.0,0.0,0.0
2006-04-26 00:00:00+09:00,537.5739624023438,537.5739624023438,506.3079345703125,514.3765869140625,30800,0.0,0.0,0.0
2006-04-27 00:00:00+09:00,514.3765246582032,514.3765246582032,500.256384765625,504.29071044921875,47500,0.0,0.0,0.0
2006-04-28 00:00:00+09:00,517.4022992635511,517.4022992635511,481.09336598189833,489.1620178222656,41600,0.0,0.0,0.0
2006-05-02 00:00:00+09:00,481.093360419186,501.26498978686675,481.093360419186,495.2135009765625,26900,0.0,0.0,0.0
2006-05-03 00:00:00+09:00,487.14488525390624,529.5053100585938,487.14488525390624,514.3765869140625,30000,0.0,0.0,0.0
2006-05-04 00:00:00+09:00,529.5053417847888,544.6340658357827,504.29080169979886,509.3337097167969,67100,0.0,0.0,0.0
2006-05-08 00:00:00+09:00,504.29072342519686,529.5052595964567,500.76068836122045,512.359375,18700,0.0,0.0,0.0
2006-05-09 00:00:00+09:00,504.29074726407487,514.3765622093564,499.2478397914341,508.3250732421875,31400,0.0,0.0,0.0
2006-05-10 00:00:00+09:00,504.290698168872,519.4194191139381,494.2048842054945,503.7864074707031,37800,0.0,0.0,0.0
2006-05-11 00:00:00+09:00,504.29074726407487,510.34223623124376,494.2049323187934,508.3250732421875,15600,0.0,0.0,0.0
2006-05-12 00:00:00+09:00,507.3164800655118,515.3851318359375,500.2564097663894,515.3851318359375,18300,0.0,0.0,0.0
2006-05-15 00:00:00+09:00,524.4623776446984,534.5481925994042,513.3679811945221,518.410888671875,63000,0.0,0.0,0.0
2006-05-16 00:00:00+09:00,521.4366336269234,533.5396115834477,519.4194706341693,528.4967041015625,68300,0.0,0.0,0.0
2006-05-17 00:00:00+09:00,524.4623674665178,581.9515115926554,524.4623674665178,550.6854858398438,215400,0.0,0.0,0.0
2006-05-18 00:00:00+09:00,530.5138321487992,562.788437906901,530.5138321487992,544.6339721679688,315000,0.0,0.0,0.0
2006-05-19 00:00:00+09:00,548.6682468220339,604.1402203058792,541.6081774695446,595.06298828125,475300,0.0,0.0,0.0
2006-05-22 00:00:00+09:00,596.0716089709052,654.5693303250719,596.0716089709052,614.22607421875,783800,0.0,0.0,0.0
2006-05-23 00:00:00+09:00,629.3548703661153,638.4321040733188,611.200402951708,617.2518920898438,460200,0.0,0.0,0.0
2006-05-24 00:00:00+09:00,626.3291609480574,684.8268925663945,613.2176004129129,671.71533203125,520400,0.0,0.0,0.0
2006-05-25 00:00:00+09:00,671.7151482077206,771.564697265625,655.5778473498775,771.564697265625,755400,0.0,0.0,0.0
2006-05-26 00:00:00+09:00,801.8223045791783,886.5431518554689,801.8223045791783,886.5431518554688,870500,0.0,0.0,0.0
2006-05-29 00:00:00+09:00,956.1353663182521,998.4957939399468,858.3029501443381,917.8092651367188,1274100,0.0,0.0,0.0
2006-05-30 00:00:00+09:00,900.6632819735781,956.1352646259262,882.5088149237188,918.8177490234375,710500,0.0,0.0,0.0
2006-05-31 00:00:00+09:00,918.8177490234375,918.8177490234375,918.8177490234375,918.8177490234375,0,0.0,0.0,0.0
2006-06-01 00:00:00+09:00,917.8091509513307,1053.9676513671875,909.7404990748355,1053.9676513671875,1758000,0.0,0.0,0.0
2006-06-02 00:00:00+09:00,1084.2250325129583,1210.2977107121394,1006.5642627422627,1048.9246826171875,1532500,0.0,0.0,0.0
2006-06-05 00:00:00+09:00,1059.0106201171875,1149.782958984375,985.3841674804688,1028.753173828125,1394300,0.0,0.0,0.0
2006-06-07 00:00:00+09:00,995.4699136668238,1023.7101949055989,877.4658813476562,877.4658813476562,423900,0.0,0.0,0.0
2006-06-08 00:00:00+09:00,806.8651683910473,937.9807582545925,746.3502807617188,746.3502807617188,927900,0.0,0.0,0.0
2006-06-09 00:00:00+09:00,749.3760575869125,794.7622252738722,634.3977661132812,634.3977661132812,904500,0.0,0.0,0.0
2006-06-12 00:00:00+09:00,610.1917953622526,621.2861916415663,554.7198139656842,585.98583984375,1554900,0.0,0.0,0.0
2006-06-13 00:00:00+09:00,577.9172122052013,626.3291252695112,570.8571415499894,592.037353515625,1900000,0.0,0.0,0.0
2006-06-14 00:00:00+09:00,609.183142722801,680.7924194335938,602.1230731879341,680.7924194335938,1552900,0.0,0.0,0.0
2006-06-15 00:00:00+09:00,710.0413523706897,727.1872373000955,636.414905320888,643.4749755859375,1115700,0.0,0.0,0.0
2006-06-16 00:00:00+09:00,670.706675965109,692.8954682526766,639.4406504689912,653.560791015625,763600,0.0,0.0,0.0
2006-06-19 00:00:00+09:00,658.6037475585938,685.83544921875,605.14892578125,605.14892578125,592800,0.0,0.0,0.0
2006-06-20 00:00:00+09:00,600.1058847969824,600.1058847969824,514.3764726831279,549.6768188476562,641500,0.0,0.0,0.0
2006-06-21 00:00:00+09:00,550.6854411799733,578.9257202148438,544.6339528153583,578.9257202148438,318100,0.0,0.0,0.0
2006-06-22 00:00:00+09:00,584.9772714779076,645.4921616307946,580.9429454677152,609.1832275390625,502300,0.0,0.0,0.0
2006-06-23 00:00:00+09:00,613.2175192212302,638.4320553734188,586.9944016229539,635.4063110351562,221300,0.0,0.0,0.0
2006-06-26 00:00:00+09:00,635.406284394404,655.5779124704169,616.2432377221918,619.2689819335938,225600,0.0,0.0,0.0
2006-06-27 00:00:00+09:00,621.286175178079,697.9383656221278,619.2690122716567,685.8353881835938,394900,0.0,0.0,0.0
2006-06-28 00:00:00+09:00,675.7495749494154,720.1271589759442,659.6122716670413,700.964111328125,284600,0.0,0.0,0.0
2006-06-29 00:00:00+09:00,706.0070432465652,715.0842766597353,680.7925059877592,701.9727172851562,279100,0.0,0.0,0.0
2006-06-30 00:00:00+09:00,708.0242672690863,733.2388067017461,707.0156856917798,717.1015014648438,260700,0.0,0.0,0.0
2006-07-03 00:00:00+09:00,717.1014146104991,717.1014146104991,693.9040411420863,700.964111328125,142700,0.0,0.0,0.0
2006-07-04 00:00:00+09:00,701.9727763826885,775.5992313768497,700.964194807426,762.4876708984375,367200,0.0,0.0,0.0
2006-07-05 00:00:00+09:00,748.3674440934353,778.6248879247064,746.3502811713506,751.3931884765625,207100,0.0,0.0,0.0
2006-07-06 00:00:00+09:00,741.3073040506115,765.5132568359376,695.921142578125,695.921142578125,205300,0.0,0.0,0.0
2006-07-07 00:00:00+09:00,697.9383087588028,736.2644008582747,697.9383087588028,716.0927734375,172200,0.0,0.0,0.0
2006-07-10 00:00:00+09:00,710.0412852112677,731.221494003081,706.0069597271128,716.0927734375,107400,0.0,0.0,0.0
2006-07-11 00:00:00+09:00,718.1100798962162,823.0025634765625,716.0929167504404,823.0025634765625,311200,0.0,0.0,0.0
2006-07-12 00:00:00+09:00,841.1570428100155,937.9808750759165,821.9939926740559,856.2857666015625,710300,0.0,0.0,0.0
2006-07-13 00:00:00+09:00,847.2084818916638,905.7062104032311,728.1958618164062,728.1958618164062,987200,0.0,0.0,0.0
2006-07-14 00:00:00+09:00,680.7924914142644,743.3245424775005,642.4663956013131,663.6466064453125,709000,0.0,0.0,0.0
2006-07-18 00:00:00+09:00,663.6465979003906,725.1700667027064,657.5951091657366,706.0070190429688,842800,0.0,0.0,0.0
2006-07-19 00:00:00+09:00,707.0156616210937,711.0499877929688,600.1060180664062,620.2776489257812,1243900,0.0,0.0,0.0
2006-07-20 00:00:00+09:00,645.4920691287879,698.9468811035157,641.457743696733,665.6636962890625,565900,0.0,0.0,0.0
2006-07-21 00:00:00+09:00,655.5778827089252,675.7495098691999,653.5607199928977,665.6636962890625,205300,0.0,0.0,0.0
2006-07-24 00:00:00+09:00,665.6638445172991,676.7582419259207,610.1918574741909,621.2862548828125,238300,0.0,0.0,0.0
2006-07-25 00:00:00+09:00,634.3977286061933,650.5350317185924,619.2690069383191,625.3204956054688,274200,0.0,0.0,0.0
2006-07-26 00:00:00+09:00,631.3719301165956,668.6894403631037,604.140233450225,665.6636962890625,474400,0.0,0.0,0.0
2006-07-27 00:00:00+09:00,665.6637967017389,750.3846435546875,665.6637967017389,750.3846435546875,827100,0.0,0.0,0.0
2006-07-28 00:00:00+09:00,750.3846112060547,811.9080806732178,746.3502853393554,806.8651733398438,739900,0.0,0.0,0.0
2006-07-31 00:00:00+09:00,812.9166865516547,819.9767570303911,786.6935676306337,802.8308715820312,542500,0.0,0.0,0.0
2006-08-01 00:00:00+09:00,806.8651519149578,856.285642469749,803.8394075952767,836.114013671875,532200,0.0,0.0,0.0
2006-08-02 00:00:00+09:00,837.1226067090556,850.234165609318,827.0367921703923,829.053955078125,292400,0.0,0.0,0.0
2006-08-03 00:00:00+09:00,842.1655111601858,846.1998369621508,751.3931806159742,798.7965087890625,454800,0.0,0.0,0.0
2006-08-04 00:00:00+09:00,796.7794189453125,816.9510498046875,789.7193481445313,816.9510498046875,366800,0.0,0.0,0.0
2006-08-07 00:00:00+09:00,830.0624972636792,836.1139857005954,802.830799297556,809.890869140625,355200,0.0,0.0,0.0
2006-08-08 00:00:00+09:00,804.8480142395109,811.9080845398576,688.8611450195312,688.8611450195312,502800,0.0,0.0,0.0
2006-08-09 00:00:00+09:00,585.98583984375,620.2776101616287,585.98583984375,585.98583984375,1465200,0.0,0.0,0.0
2006-08-10 00:00:00+09:00,582.9600442656389,619.2689743583084,567.8313233936932,568.8399047851562,724700,0.0,0.0,0.0
2006-08-11 00:00:00+09:00,570.8571055059202,600.10596780216,569.8485240474291,582.9600830078125,432600,0.0,0.0,0.0
2006-08-14 00:00:00+09:00,580.9429070723685,598.0887914824905,566.822766969915,574.8914184570312,246000,0.0,0.0,0.0
2006-08-16 00:00:00+09:00,584.9771948500993,591.0286830726866,565.8141488119064,570.8570556640625,273900,0.0,0.0,0.0
2006-08-17 00:00:00+09:00,572.87431640625,605.14892578125,568.839990234375,605.14892578125,336100,0.0,0.0,0.0
2006-08-18 00:00:00+09:00,605.14892578125,640.4492797851562,601.114599609375,630.3634643554688,318900,0.0,0.0,0.0
2006-08-21 00:00:00+09:00,630.3633773754008,633.3891215868027,597.0801910499797,619.2689819335938,219800,0.0,0.0,0.0
2006-08-22 00:00:00+09:00,615.2347412109375,623.3033935546875,607.1660888671876,610.1918334960938,157100,0.0,0.0,0.0
2006-08-23 00:00:00+09:00,606.1575073242187,621.28623046875,604.1403442382813,605.14892578125,200600,0.0,0.0,0.0
2006-08-24 00:00:00+09:00,603.1317626953125,613.217578125,575.9000610351562,605.14892578125,208100,0.0,0.0,0.0
2006-08-25 00:00:00+09:00,603.1317626953125,626.3291381835937,600.1060180664062,605.14892578125,158900,0.0,0.0,0.0
2006-08-28 00:00:00+09:00,618.2603590108581,618.2603590108581,595.06298828125,595.06298828125,221300,0.0,0.0,0.0
2006-08-29 00:00:00+09:00,604.1403061548868,605.1488876342773,579.9343506495157,580.9429321289062,177100,0.0,0.0,0.0
2006-08-30 00:00:00+09:00,580.9428495762712,605.1488016419491,579.9342682402013,595.06298828125,174900,0.0,0.0,0.0
2006-08-31 00:00:00+09:00,596.0716918945312,610.1918334960938,595.0631103515625,600.1060180664062,123000,0.0,0.0,0.0
2006-09-01 00:00:00+09:00,603.1317515844986,680.7925289624358,598.0888439625546,662.6380615234375,431800,0.0,0.0,0.0
2006-09-04 00:00:00+09:00,672.7238764777733,672.7238764777733,643.4750122830875,647.5093383789062,174500,0.0,0.0,0.0
2006-09-05 00:00:00+09:00,648.5179321289063,656.5865844726562,630.3634643554688,630.3634643554688,134400,0.0,0.0,0.0
2006-09-06 00:00:00+09:00,636.4149780273438,660.6209359871793,627.3377437924054,636.4149780273438,179900,0.0,0.0,0.0
2006-09-07 00:00:00+09:00,636.4149281078616,636.4149281078616,593.0459234982926,609.1832275390625,273000,0.0,0.0,0.0
2006-09-08 00:00:00+09:00,605.1488057120902,621.2861071977459,605.1488057120902,615.234619140625,132100,0.0,0.0,0.0
2006-09-11 00:00:00+09:00,622.2947239947438,623.3033053950594,600.1059331877999,604.1402587890625,167700,0.0,0.0,0.0
2006-09-12 00:00:00+09:00,601.1145124043503,610.1917449742147,574.8913960914089,589.0115356445312,248600,0.0,0.0,0.0
2006-09-13 00:00:00+09:00,591.0287841796875,597.0802734375001,577.9172241210938,584.977294921875,128300,0.0,0.0,0.0
2006-09-14 00:00:00+09:00,578.9257567507227,591.0287342437691,577.9171752929688,577.9171752929688,126100,0.0,0.0,0.0
2006-09-15 00:00:00+09:00,578.9258413525307,612.2090343222756,578.9258413525307,594.0545654296875,165700,0.0,0.0,0.0
2006-09-18 00:00:00+09:00,600.1058949615996,610.1917083222987,595.06298828125,595.06298828125,117700,0.0,0.0,0.0
2006-09-19 00:00:00+09:00,599.0973994023971,604.1403068047741,591.0287475585938,591.0287475585938,177000,0.0,0.0,0.0
2006-09-20 00:00:00+09:00,591.0287841796875,623.3033935546875,591.0287841796875,610.1918334960938,234300,0.0,0.0,0.0
2006-09-21 00:00:00+09:00,614.2261474207166,637.423522446458,608.1746582835667,612.208984375,243600,0.0,0.0,0.0
2006-09-22 00:00:00+09:00,611.2003633988465,611.2003633988465,577.9171752929688,577.9171752929688,134800,0.0,0.0,0.0
2006-09-25 00:00:00+09:00,574.8915042979195,582.9601569898201,565.8142700195312,565.8142700195312,130100,0.0,0.0,0.0
2006-09-26 00:00:00+09:00,564.8055451766305,579.9342651367188,560.7712198539402,579.9342651367188,144000,0.0,0.0,0.0
2006-09-27 00:00:00+09:00,586.9943814782737,586.9943814782737,559.7626833684568,561.7798461914062,144300,0.0,0.0,0.0
2006-09-28 00:00:00+09:00,556.7369487441589,564.8056001752336,530.5138315931658,539.591064453125,201000,0.0,0.0,0.0
2006-09-29 00:00:00+09:00,542.6168081607458,545.6425524441701,518.4108538933519,534.5481567382812,172600,0.0,0.0,0.0
2006-10-02 00:00:00+09:00,526.4795460420496,531.5224535711881,497.2306823730469,497.2306823730469,137400,0.0,0.0,0.0
2006-10-04 00:00:00+09:00,487.6491940195968,506.307953253025,463.94752688524204,496.2221374511719,147000,0.0,0.0,0.0
2006-10-09 00:00:00+09:00,495.2134946324065,497.23065754333277,422.0913391113281,422.0913391113281,230300,0.0,0.0,0.0
2006-10-10 00:00:00+09:00,421.0828174343131,468.9904433699535,421.0828174343131,442.2630310058594,132400,0.0,0.0,0.0
2006-10-11 00:00:00+09:00,421.5870035992668,457.8959321389166,421.5870035992668,442.7672119140625,118800,0.0,0.0,0.0
2006-10-12 00:00:00+09:00,438.7329501197451,508.32507324218744,438.7329501197451,508.3250732421875,245200,0.0,0.0,0.0
2006-10-13 00:00:00+09:00,524.4624337677908,530.5139233881883,500.25647528620044,509.3337097167969,193900,0.0,0.0,0.0
2006-10-16 00:00:00+09:00,514.3765374064209,514.3765374064209,493.19632704262705,507.31646728515625,72200,0.0,0.0,0.0
2006-10-17 00:00:00+09:00,518.4109067288817,519.4194882594826,484.6234254537503,497.7349853515625,111700,0.0,0.0,0.0
2006-10-18 00:00:00+09:00,498.74352853118165,568.8399395178694,498.74352853118165,547.6597290039062,418900,0.0,0.0,0.0
2006-10-19 00:00:00+09:00,539.591005657791,557.7454693995484,536.5652617008313,549.6768188476562,98400,0.0,0.0,0.0
2006-10-20 00:00:00+09:00,546.6511721862904,576.9086171412512,545.6425906877918,553.7112426757812,187800,0.0,0.0,0.0
2006-10-23 00:00:00+09:00,553.7112038666347,558.7541110056751,531.522412454857,534.5481567382812,71800,0.0,0.0,0.0
2006-10-24 00:00:00+09:00,536.5653808593751,544.634033203125,499.7521545410156,514.3765869140625,125600,0.0,0.0,0.0
2006-10-25 00:00:00+09:00,495.21344678474196,514.3764925870029,490.17053999467333,499.2477722167969,102900,0.0,0.0,0.0
2006-10-26 00:00:00+09:00,499.24785096766584,509.3336661387298,474.03331304000596,476.05047607421875,137300,0.0,0.0,0.0
2006-10-27 00:00:00+09:00,476.05048216477576,490.67491434992246,465.96466686467454,475.0419006347656,229600,0.0,0.0,0.0
2006-10-30 00:00:00+09:00,469.9989288740628,478.0675800135317,448.81871963295697,449.8273010253906,147800,0.0,0.0,0.0
2006-10-31 00:00:00+09:00,451.8445070251938,466.46893861417885,444.78443660292515,455.3745422363281,211600,0.0,0.0,0.0
2006-11-01 00:00:00+09:00,454.8702758789063,516.39375,451.84453125,479.07623291015625,368300,0.0,0.0,0.0
2006-11-02 00:00:00+09:00,482.10190257168426,496.2220419775495,467.9817631658191,471.00750732421875,322000,0.0,0.0,0.0
2006-11-03 00:00:00+09:00,472.0161561708192,486.13629759473264,462.4346316331637,485.1277160644531,388700,0.0,0.0,0.0
2006-11-06 00:00:00+09:00,493.7006094388872,494.2049001533294,480.0847601489486,485.6319580078125,280700,0.0,0.0,0.0
2006-11-07 00:00:00+09:00,485.6320420369063,536.565413008586,482.1020064250077,509.3337097167969,556500,0.0,0.0,0.0
2006-11-08 00:00:00+09:00,510.3422367081104,518.410888671875,505.29932923075756,518.410888671875,230600,0.0,0.0,0.0
2006-11-09 00:00:00+09:00,514.3766177337949,526.47959697459,509.3337097167968,509.3337097167969,193000,0.0,0.0,0.0
2006-11-10 00:00:00+09:00,506.30794575266594,559.7627687106167,504.29078262217723,552.7026977539062,341400,0.0,0.0,0.0
2006-11-13 00:00:00+09:00,555.7284187173924,613.2175654812606,555.7284187173924,592.037353515625,752700,0.0,0.0,0.0
2006-11-14 00:00:00+09:00,600.1059294909966,605.1488364615092,570.8570690620237,578.9257202148438,280800,0.0,0.0,0.0
2006-11-15 00:00:00+09:00,589.0116442395496,626.3291627958224,570.857175752714,621.2862548828125,614600,0.0,0.0,0.0
2006-11-16 00:00:00+09:00,616.2432416832966,663.646567966627,616.2432416832966,649.5264282226562,513400,0.0,0.0,0.0
2006-11-17 00:00:00+09:00,649.5264890667792,663.6466301334483,641.4578370286825,644.4835815429688,262600,0.0,0.0,0.0
2006-11-20 00:00:00+09:00,636.4148768428156,653.5607610049834,600.1059456758721,607.166015625,329800,0.0,0.0,0.0
2006-11-21 00:00:00+09:00,602.123075874047,633.3890982393659,586.994355374699,628.34619140625,353700,0.0,0.0,0.0
2006-11-22 00:00:00+09:00,625.3205315798323,639.440672615506,609.1832275390625,609.1832275390625,181800,0.0,0.0,0.0
2006-11-23 00:00:00+09:00,609.1832135518392,619.2690283457438,577.9171876907349,580.9429321289062,252000,0.0,0.0,0.0
2006-11-24 00:00:00+09:00,571.8656988143921,600.1059802373251,561.7798840204874,580.9429321289062,230100,0.0,0.0,0.0
2006-11-27 00:00:00+09:00,589.0115002648305,598.0887322894598,583.9685935844809,595.06298828125,183700,0.0,0.0,0.0
2006-11-28 00:00:00+09:00,585.9858201768664,635.4063110351562,585.9858201768664,635.4063110351562,255400,0.0,0.0,0.0
2006-11-29 00:00:00+09:00,642.4663937344183,672.7238377093515,637.4234864052627,638.4320678710938,339600,0.0,0.0,0.0
2006-11-30 00:00:00+09:00,630.3634883472755,642.4664673235432,615.2347646269409,641.4578857421875,207500,0.0,0.0,0.0
2006-12-01 00:00:00+09:00,637.423476264313,680.7924786050811,637.423476264313,660.620849609375,392300,0.0,0.0,0.0
2006-12-04 00:00:00+09:00,656.5865361639794,674.7410026016931,654.5693732264557,663.6466064453125,207600,0.0,0.0,0.0
2006-12-05 00:00:00+09:00,661.6295547485352,671.715371131897,632.3806872367859,645.4922485351562,216500,0.0,0.0,0.0
2006-12-06 00:00:00+09:00,646.5006560054675,646.5006560054675,616.2432150067717,628.34619140625,255500,0.0,0.0,0.0
2006-12-07 00:00:00+09:00,625.3204956054688,660.620846163842,624.3119141609437,625.3204956054688,225200,0.0,0.0,0.0
2006-12-08 00:00:00+09:00,605.1488767898203,615.2346914029839,590.0201548700747,603.1317138671875,365500,0.0,0.0,0.0
2006-12-11 00:00:00+09:00,602.1231172260485,613.2175130208334,574.8914184570312,574.8914184570312,231700,0.0,0.0,0.0
2006-12-12 00:00:00+09:00,575.9000072111033,582.9600773520451,494.20490986592057,522.4451904296875,454200,0.0,0.0,0.0
2006-12-13 00:00:00+09:00,522.4452157949472,557.7455682135247,522.4452157949472,543.6254272460938,200000,0.0,0.0,0.0
2006-12-14 00:00:00+09:00,535.5567877827166,566.8228149414062,535.5567877827166,566.8228149414062,231700,0.0,0.0,0.0
2006-12-15 00:00:00+09:00,561.7798846248066,597.0802364414462,561.7798846248066,591.0287475585938,207800,0.0,0.0,0.0
2006-12-18 00:00:00+09:00,591.0286984378344,599.0973496110472,568.8399077114993,589.0115356445312,190600,0.0,0.0,0.0
2006-12-19 00:00:00+09:00,594.0545660621761,601.1146373056995,571.8657707253886,583.96875,168100,0.0,0.0,0.0
2006-12-20 00:00:00+09:00,579.9344122303573,589.0116465087456,562.7885252600686,565.8142700195312,206200,0.0,0.0,0.0
2006-12-21 00:00:00+09:00,559.7627059766352,571.8656834031569,523.4537736970697,542.6168212890625,279000,0.0,0.0,0.0
2006-12-22 00:00:00+09:00,539.5910760128137,545.6425647157611,509.33363249807644,532.531005859375,226400,0.0,0.0,0.0
2006-12-26 00:00:00+09:00,524.4623061671401,533.5395383892637,499.2477722167969,499.2477722167969,201400,0.0,0.0,0.0
2006-12-27 00:00:00+09:00,504.29072652293394,549.676891909998,504.29072652293394,547.6597290039062,58500,0.0,0.0,0.0
2006-12-28 00:00:00+09:00,644.6012202467874,685.1872230030666,626.6956307954878,638.6326904296875,132400,842.1053,0.0,0.0
2007-01-02 00:00:00+09:00,648.1823403494699,649.3760463169642,621.9208090645926,635.0515747070312,125500,0.0,0.0,0.0
2007-01-03 00:00:00+09:00,630.276792019774,655.344618975106,630.276792019774,633.85791015625,127900,0.0,0.0,0.0
2007-01-04 00:00:00+09:00,650.5697819275957,650.5697819275957,619.5334253585728,621.9208374023438,91000,0.0,0.0,0.0
2007-01-05 00:00:00+09:00,615.9522528648376,626.6956061124802,602.8214877843857,611.1774291992188,157700,0.0,0.0,0.0
2007-01-08 00:00:00+09:00,609.9837748986164,657.7320155951813,609.9837748986164,625.501953125,137100,0.0,0.0,0.0
2007-01-09 00:00:00+09:00,626.6955940678434,646.988594256707,625.501888174381,632.6641235351562,114400,0.0,0.0,0.0
2007-01-10 00:00:00+09:00,626.6956956715575,638.6327565414919,611.1775165406427,631.4705200195312,118100,0.0,0.0,0.0
2007-01-11 00:00:00+09:00,631.4705251544201,652.9572348950242,620.7271702841181,624.3082885742188,140500,0.0,0.0,0.0
2007-01-12 00:00:00+09:00,620.727087983631,637.4389711216518,611.1774404761904,626.6956176757812,138900,0.0,0.0,0.0
2007-01-15 00:00:00+09:00,620.7271118164062,631.4704656747672,613.5648759108324,620.7271118164062,111500,0.0,0.0,0.0
2007-01-16 00:00:00+09:00,617.145967163086,629.0830264892578,596.2561133422852,596.8529663085938,252500,0.0,0.0,0.0
2007-01-17 00:00:00+09:00,596.8529408372293,612.3711172989973,575.3662349670891,606.402587890625,141300,0.0,0.0,0.0
2007-01-18 00:00:00+09:00,608.7901248743038,623.114598400758,598.0467697294631,602.8215942382812,105400,0.0,0.0,0.0
2007-01-19 00:00:00+09:00,596.8530077733592,602.8215378510928,587.9002126567589,595.6593017578125,103400,0.0,0.0,0.0
2007-01-22 00:00:00+09:00,590.8844346033176,601.6277879597416,590.8844346033176,600.43408203125,82400,0.0,0.0,0.0
2007-01-23 00:00:00+09:00,596.852952606824,602.8214821328922,577.7536581234057,584.9158935546875,130100,0.0,0.0,0.0
2007-01-24 00:00:00+09:00,579.544240672318,595.6592710514659,537.1676793049292,578.9473876953125,111200,0.0,0.0,0.0
2007-01-25 00:00:00+09:00,579.544193768742,596.8529287010732,578.947340840041,590.8843994140625,107700,0.0,0.0,0.0
2007-01-26 00:00:00+09:00,572.9788115530303,608.7899872750946,572.9788115530303,590.8843994140625,57100,0.0,0.0,0.0
2007-01-29 00:00:00+09:00,599.2403404158775,599.2403404158775,586.7064289131549,590.8843994140625,76900,0.0,0.0,0.0
2007-01-30 00:00:00+09:00,586.7064830235072,672.0564596993582,586.7064830235072,668.475341796875,226700,0.0,0.0,0.0
2007-01-31 00:00:00+09:00,674.4438852683204,695.9305931175767,642.213823494436,646.9886474609375,193500,0.0,0.0,0.0
2007-02-01 00:00:00+09:00,667.2815926193346,688.7682986428551,652.9571219369875,673.2501220703125,163400,0.0,0.0,0.0
2007-02-02 00:00:00+09:00,675.637462147004,683.9934024915783,650.5696411132812,650.5696411132812,130900,0.0,0.0,0.0
2007-02-05 00:00:00+09:00,666.0878160389192,666.0878160389192,641.0199950051964,650.5696411132812,149000,0.0,0.0,0.0
2007-02-06 00:00:00+09:00,670.8626971905048,716.2235201322115,667.2815795898438,698.3179321289062,719700,0.0,0.0,0.0
2007-02-07 00:00:00+09:00,713.836164172651,713.836164172651,680.4123972883128,709.0613403320312,347400,0.0,0.0,0.0
2007-02-08 00:00:00+09:00,712.6423787779727,716.223496259269,699.5116146798861,704.2864379882812,213200,0.0,0.0,0.0
2007-02-09 00:00:00+09:00,704.28652717804,734.1291766347367,704.28652717804,724.5795288085938,262300,0.0,0.0,0.0
2007-02-12 00:00:00+09:00,710.2550727922355,717.4173088203925,695.9306007359215,699.51171875,188400,0.0,0.0,0.0
2007-02-13 00:00:00+09:00,693.5431539674119,704.28650747121,669.6690350700827,689.9620361328125,179200,0.0,0.0,0.0
2007-02-14 00:00:00+09:00,683.9935325221012,704.2865343595806,673.2501786081415,680.4124145507812,135100,0.0,0.0,0.0
2007-02-15 00:00:00+09:00,680.4123711669071,692.3494303101861,675.6375475095955,685.1871948242188,127500,0.0,0.0,0.0
2007-02-16 00:00:00+09:00,681.606119927754,713.836181640625,678.0250019596572,713.836181640625,214500,0.0,0.0,0.0
2007-02-20 00:00:00+09:00,719.8046638087222,740.0976642809416,713.8361342580695,725.773193359375,259500,0.0,0.0,0.0
2007-02-21 00:00:00+09:00,725.7731717469262,736.51652461818,719.8046423740074,728.1605834960938,128700,0.0,0.0,0.0
2007-02-22 00:00:00+09:00,728.1606186555042,750.8410313677248,717.417265265505,737.7102661132812,291200,0.0,0.0,0.0
2007-02-23 00:00:00+09:00,737.7102945695403,746.0662364174153,692.3494673953614,724.5795288085938,223500,0.0,0.0,0.0
2007-02-26 00:00:00+09:00,722.1921242161801,722.1921242161801,680.4124145507812,680.4124145507812,240500,0.0,0.0,0.0
2007-02-27 00:00:00+09:00,683.9934992645209,687.5746170617174,662.5067924813422,667.2816162109375,120800,0.0,0.0,0.0
2007-02-28 00:00:00+09:00,641.0201045445033,668.475341796875,631.470456804548,668.475341796875,158700,0.0,0.0,0.0
2007-03-01 00:00:00+09:00,668.475341796875,668.475341796875,668.475341796875,668.475341796875,0,0.0,0.0,0.0
2007-03-05 00:00:00+09:00,648.1823381370473,652.9571619907272,615.952277124708,638.6326904296875,142400,0.0,0.0,0.0
2007-03-06 00:00:00+09:00,637.4390017592619,649.3760617173006,632.6641777760465,643.4075317382812,94700,0.0,0.0,0.0
2007-03-07 00:00:00+09:00,633.85791015625,651.76350083863,630.276792019774,633.85791015625,99300,0.0,0.0,0.0
2007-03-08 00:00:00+09:00,627.8893257228807,638.6326792048312,620.7270900682471,623.114501953125,124000,0.0,0.0,0.0
2007-03-09 00:00:00+09:00,624.3081522214566,674.443797332931,617.1459172055316,652.9570922851562,171600,0.0,0.0,0.0
2007-03-12 00:00:00+09:00,652.9570922851562,670.8626798249686,644.6011514332438,652.9570922851562,90800,0.0,0.0,0.0
2007-03-13 00:00:00+09:00,646.988594256707,650.5697119370947,632.6641235351562,632.6641235351562,95700,0.0,0.0,0.0
2007-03-14 00:00:00+09:00,631.4704414295015,639.8263829985119,611.1774404761904,626.6956176757812,103100,0.0,0.0,0.0
2007-03-15 00:00:00+09:00,620.727087983631,636.2452651832217,618.3396761067709,626.6956176757812,100200,0.0,0.0,0.0
2007-03-16 00:00:00+09:00,638.6326096209694,638.6326096209694,615.9521991858322,637.4389038085938,86100,0.0,0.0,0.0
2007-03-19 00:00:00+09:00,638.6326307963988,689.9619824305018,627.8892781287958,675.6375122070312,221800,0.0,0.0,0.0
2007-03-20 00:00:00+09:00,666.0879563041356,681.606134497601,649.3760720957881,658.9257202148438,133200,0.0,0.0,0.0
2007-03-21 00:00:00+09:00,666.087886729139,673.2501220703125,644.6011807056184,673.2501220703125,78700,0.0,0.0,0.0
2007-03-22 00:00:00+09:00,668.4753582928631,718.6110101648279,666.0879462989601,706.6739501953125,312600,0.0,0.0,0.0
2007-03-23 00:00:00+09:00,715.0298745291574,725.7732282366071,638.6326926095145,668.475341796875,314600,0.0,0.0,0.0
2007-03-26 00:00:00+09:00,668.4753683338995,675.6376044231913,654.1508961553159,658.9257202148438,108700,0.0,0.0,0.0
2007-03-27 00:00:00+09:00,667.2816045851935,673.2501341432005,651.763427734375,651.763427734375,70900,0.0,0.0,0.0
2007-03-28 00:00:00+09:00,644.6011807056184,673.2501220703125,641.0200630350315,673.2501220703125,86500,0.0,0.0,0.0
2007-03-29 00:00:00+09:00,668.4752752910808,680.4123337784216,657.7319226524742,679.2186279296875,87000,0.0,0.0,0.0
2007-03-30 00:00:00+09:00,679.2186243206522,700.7053294836957,670.862683423913,686.380859375,35400,0.0,0.0,0.0
2007-04-02 00:00:00+09:00,688.7682710597826,704.2864470108696,674.4438009510869,686.380859375,111200,0.0,0.0,0.0
2007-04-03 00:00:00+09:00,688.768330187946,699.5116836917441,685.1872123533467,689.9620361328125,188700,0.0,0.0,0.0
2007-04-04 00:00:00+09:00,691.1557243958582,694.736842138842,682.799782995563,685.1871948242188,81600,0.0,0.0,0.0
2007-04-05 00:00:00+09:00,686.3809690222276,686.3809690222276,657.7320242282564,674.4439086914062,165300,0.0,0.0,0.0
2007-04-06 00:00:00+09:00,674.443947659178,691.1558330879009,656.5383561284033,676.8313598632812,89300,0.0,0.0,0.0
2007-04-09 00:00:00+09:00,680.4124946594238,763.971923828125,668.4754333496094,763.971923828125,684400,0.0,0.0,0.0
2007-04-10 00:00:00+09:00,753.2285015182613,774.7152099609375,743.6788533215163,774.7152099609375,250600,0.0,0.0,0.0
2007-04-11 00:00:00+09:00,775.9088745117188,802.1704056490385,759.1969910606971,775.9088745117188,337000,0.0,0.0,0.0
2007-04-12 00:00:00+09:00,765.1655664518128,787.8459810580288,753.2285061327518,767.552978515625,151700,0.0,0.0,0.0
2007-04-13 00:00:00+09:00,766.3592694416138,766.3592694416138,737.7103247895909,741.2914428710938,240800,0.0,0.0,0.0
2007-04-16 00:00:00+09:00,742.4851612024564,760.3907519066958,731.7418067799128,753.228515625,118900,0.0,0.0,0.0
2007-04-17 00:00:00+09:00,753.2285603490369,753.2285603490369,683.9936055150525,692.3495483398438,251400,0.0,0.0,0.0
2007-04-18 00:00:00+09:00,681.6060272734044,712.6423787779727,680.4123214463056,704.2864379882812,176900,0.0,0.0,0.0
2007-04-19 00:00:00+09:00,705.480244198361,712.6424801800702,692.349478231894,706.6739501953125,110300,0.0,0.0,0.0
2007-04-20 00:00:00+09:00,698.3179866906369,719.8046939734256,692.3494568898622,709.0613403320312,106000,0.0,0.0,0.0
2007-04-23 00:00:00+09:00,709.061320673153,736.5165569955141,705.4802028919754,707.8676147460938,160700,0.0,0.0,0.0
2007-04-24 00:00:00+09:00,709.0613866022945,724.5795650969576,695.9306201837335,700.7054443359375,74900,0.0,0.0,0.0
2007-04-25 00:00:00+09:00,706.6739027460549,718.6109619140625,692.3494317444456,718.6109619140625,148700,0.0,0.0,0.0
2007-04-26 00:00:00+09:00,723.3858272914283,756.809594889052,717.4172973632812,717.4172973632812,133300,0.0,0.0,0.0
2007-04-27 00:00:00+09:00,728.160674266326,744.87255859375,716.2236140324519,744.87255859375,70300,0.0,0.0,0.0
2007-04-30 00:00:00+09:00,744.8725730971535,752.0348093769338,722.1921582111825,723.3858642578125,99300,0.0,0.0,0.0
2007-05-02 00:00:00+09:00,717.4173687609428,732.9355481185006,703.0928955078125,703.0928955078125,92200,0.0,0.0,0.0
2007-05-03 00:00:00+09:00,698.3179673296203,712.6424384543304,695.9305554755019,707.8676147460938,165600,0.0,0.0,0.0
2007-05-04 00:00:00+09:00,705.4802380307183,710.2550619767807,683.9935302734375,683.9935302734375,97600,0.0,0.0,0.0
2007-05-07 00:00:00+09:00,692.3494721790466,695.9305901385935,680.4124123138907,683.9935302734375,102500,0.0,0.0,0.0
2007-05-08 00:00:00+09:00,683.9934829528704,715.0298364550948,682.7997770489386,695.9305419921875,163600,0.0,0.0,0.0
2007-05-09 00:00:00+09:00,695.9305480531699,700.7053717104815,670.8627238522838,685.1871948242188,75400,0.0,0.0,0.0
2007-05-10 00:00:00+09:00,680.4123711669071,692.3494303101861,675.6375475095955,685.1871948242188,88700,0.0,0.0,0.0
2007-05-11 00:00:00+09:00,679.2186243206522,689.9619769021739,670.862683423913,686.380859375,73900,0.0,0.0,0.0
2007-05-14 00:00:00+09:00,682.7996967280677,686.3808140185995,646.9885238227495,650.5696411132812,193000,0.0,0.0,0.0
2007-05-15 00:00:00+09:00,648.1823950466079,668.4753982064465,639.8264525690273,645.7949829101562,104800,0.0,0.0,0.0
2007-05-16 00:00:00+09:00,645.7949155495384,662.5067987615412,633.8578561123935,656.5382690429688,72000,0.0,0.0,0.0
2007-05-17 00:00:00+09:00,669.6690636459663,669.6690636459663,632.6641777760465,643.4075317382812,87300,0.0,0.0,0.0
2007-05-18 00:00:00+09:00,646.9886343819754,646.9886343819754,631.470456804548,635.0515747070312,44300,0.0,0.0,0.0
2007-05-21 00:00:00+09:00,637.4390142055157,657.7320165304104,635.0516021672928,655.3446044921875,90600,0.0,0.0,0.0
2007-05-22 00:00:00+09:00,657.73193359375,681.6060509655739,654.1508159879763,657.73193359375,157500,0.0,0.0,0.0
2007-05-23 00:00:00+09:00,666.0879563041356,666.0879563041356,642.2138360064963,658.9257202148438,75900,0.0,0.0,0.0
2007-05-25 00:00:00+09:00,660.1194381855942,660.1194381855942,639.8264355650605,641.0201416015625,76800,0.0,0.0,0.0
2007-05-28 00:00:00+09:00,644.6012224469866,649.3760463169642,632.6641627720423,635.0515747070312,80200,0.0,0.0,0.0
2007-05-29 00:00:00+09:00,623.114555746822,649.3760887476459,623.114555746822,633.85791015625,114600,0.0,0.0,0.0
2007-05-30 00:00:00+09:00,636.2452548556857,658.9256673177083,626.6956075032552,644.6011962890625,98400,0.0,0.0,0.0
2007-05-31 00:00:00+09:00,641.0201220156541,656.5383000160331,632.66418001545,639.826416015625,52100,0.0,0.0,0.0
2007-06-01 00:00:00+09:00,637.438949092742,639.8263608870968,614.758537046371,629.0830078125,167400,0.0,0.0,0.0
2007-06-04 00:00:00+09:00,636.2452492732339,636.2452492732339,612.3711311016303,618.3396606445312,96600,0.0,0.0,0.0
2007-06-05 00:00:00+09:00,618.3396761067709,629.0830295526414,598.0466751534598,626.6956176757812,138600,0.0,0.0,0.0
2007-06-07 00:00:00+09:00,626.6956061124802,626.6956061124802,609.983723282814,611.1774291992188,90900,0.0,0.0,0.0
2007-06-08 00:00:00+09:00,618.3396890515479,644.6012202467874,594.4655697831483,638.6326904296875,178700,0.0,0.0,0.0
2007-06-11 00:00:00+09:00,637.4389690052379,644.6012046120384,625.5019096605705,630.2767333984375,117100,0.0,0.0,0.0
2007-06-12 00:00:00+09:00,632.6641356945038,632.6641356945038,607.5963114500046,611.1774291992188,139600,0.0,0.0,0.0
2007-06-13 00:00:00+09:00,609.9837055356484,623.1144702340674,598.0466467189037,606.402587890625,86800,0.0,0.0,0.0
2007-06-14 00:00:00+09:00,606.4026879404105,621.9208669625076,602.821569704542,608.7901000976562,63600,0.0,0.0,0.0
2007-06-15 00:00:00+09:00,608.7900805520168,612.3711986729111,596.8530201490361,607.5963745117188,106300,0.0,0.0,0.0
2007-06-18 00:00:00+09:00,606.4025917813123,611.1774153386453,596.8529446666458,599.2403564453125,244300,0.0,0.0,0.0
2007-06-19 00:00:00+09:00,600.4341600406805,620.7271634615385,600.4341600406805,605.208984375,100900,0.0,0.0,0.0
2007-06-20 00:00:00+09:00,608.789959933918,624.308135383214,604.01513671875,604.01513671875,147900,0.0,0.0,0.0
2007-06-21 00:00:00+09:00,612.3711834881757,668.475365990991,600.4341233811937,662.5068359375,229800,0.0,0.0,0.0
2007-06-22 00:00:00+09:00,658.9256357299147,667.2815767627217,642.213753664301,664.8941650390625,123700,0.0,0.0,0.0
2007-06-25 00:00:00+09:00,656.538225855638,670.8626962379428,650.5696965296776,661.3130493164062,158500,0.0,0.0,0.0
2007-06-26 00:00:00+09:00,657.7320165304104,670.8627827406364,627.889366052624,655.3446044921875,111900,0.0,0.0,0.0
2007-06-27 00:00:00+09:00,633.8578776432918,655.3445853600135,620.7271118164062,620.7271118164062,92900,0.0,0.0,0.0
2007-06-28 00:00:00+09:00,611.1774392985612,663.7005004882812,601.6277918095211,663.7005004882812,188600,0.0,0.0,0.0
2007-06-29 00:00:00+09:00,668.4754071540372,692.3495288381099,656.5383463120007,691.1558227539062,293700,0.0,0.0,0.0
2007-07-02 00:00:00+09:00,709.0613403320312,723.3858118538905,698.3179866906369,709.0613403320312,354800,0.0,0.0,0.0
2007-07-03 00:00:00+09:00,709.0612612966763,709.0612612966763,674.4437923108117,704.2864379882812,191000,0.0,0.0,0.0
2007-07-04 00:00:00+09:00,716.2236232383578,730.548095703125,699.5117386961296,730.548095703125,282400,0.0,0.0,0.0
2007-07-05 00:00:00+09:00,732.935434994196,741.2913764354979,710.2550225106622,715.0298461914062,199100,0.0,0.0,0.0
2007-07-06 00:00:00+09:00,716.2235201322115,716.2235201322115,687.5745793269231,698.3179321289062,116000,0.0,0.0,0.0
2007-07-09 00:00:00+09:00,686.3810177507072,700.705491164635,668.4754259832974,692.3495483398438,145200,0.0,0.0,0.0
2007-07-10 00:00:00+09:00,692.3494459142373,693.5431518554688,674.4438567957657,693.5431518554688,57200,0.0,0.0,0.0
2007-07-11 00:00:00+09:00,701.89916015625,722.1921630859375,693.5432177734375,716.2236328125,207500,0.0,0.0,0.0
2007-07-12 00:00:00+09:00,728.1606512339459,734.1291811620931,711.4487674351341,717.4172973632812,134300,0.0,0.0,0.0
2007-07-13 00:00:00+09:00,716.2235904501997,799.7830093360564,716.2235904501997,784.2648315429688,1028700,0.0,0.0,0.0
2007-07-16 00:00:00+09:00,802.1704208485401,821.2697165830292,777.1025951970232,817.6885986328125,356400,0.0,0.0,0.0
2007-07-18 00:00:00+09:00,827.2382580202017,828.4319640202308,792.6207840193563,799.7830200195312,152000,0.0,0.0,0.0
2007-07-19 00:00:00+09:00,791.4271119553198,847.5312963624089,789.0396998528905,839.1753540039062,306800,0.0,0.0,0.0
2007-07-20 00:00:00+09:00,833.2068573298501,848.7250366210938,818.882384137933,848.7250366210938,139900,0.0,0.0,0.0
2007-07-23 00:00:00+09:00,833.2067951448158,855.8872093393022,829.6256771141074,852.3060913085938,66800,0.0,0.0,0.0
2007-07-24 00:00:00+09:00,858.2745796683786,891.6983463314031,834.400460623361,853.499755859375,126800,0.0,0.0,0.0
2007-07-25 00:00:00+09:00,840.3689073350695,859.4682006835938,808.1388498094348,859.4682006835938,112500,0.0,0.0,0.0
2007-07-26 00:00:00+09:00,853.4997623432797,883.3424113762615,836.7878788848099,842.7564086914062,55600,0.0,0.0,0.0
2007-07-27 00:00:00+09:00,836.7878079179404,836.7878079179404,773.5213973335598,823.6570434570312,113100,0.0,0.0,0.0
2007-07-30 00:00:00+09:00,810.5263740197936,823.6571400201142,777.1026060189773,799.7830200195312,69000,0.0,0.0,0.0
2007-07-31 00:00:00+09:00,799.7829982212611,814.1074698311942,797.3955862862723,802.17041015625,64400,0.0,0.0,0.0
2007-08-01 00:00:00+09:00,804.557817570613,810.5263473745493,769.9403447077825,775.9088745117188,30100,0.0,0.0,0.0
2007-08-02 00:00:00+09:00,769.9402979070491,787.8458862304688,716.2235329367898,787.8458862304688,147500,0.0,0.0,0.0
2007-08-03 00:00:00+09:00,793.8145165573073,820.076049435895,775.9089259582704,790.2333984375,71700,0.0,0.0,0.0
2007-08-06 00:00:00+09:00,790.2333460411659,790.2333460411659,766.3592268254207,775.9088745117188,28700,0.0,0.0,0.0
2007-08-07 00:00:00+09:00,775.9089255819515,786.6522799361632,746.0662745980303,760.3907470703125,73400,0.0,0.0,0.0
2007-08-08 00:00:00+09:00,752.0347971156024,772.327799577452,731.7417946537528,741.2914428710938,64000,0.0,0.0,0.0
2007-08-09 00:00:00+09:00,754.4222581011694,763.9719069378931,732.9355482185412,759.1970825195312,35000,0.0,0.0,0.0
2007-08-10 00:00:00+09:00,759.1970041009445,784.264829708051,734.1291784938378,754.4221801757812,121100,0.0,0.0,0.0
2007-08-13 00:00:00+09:00,754.4221801757812,754.4221801757812,754.4221801757812,754.4221801757812,0,0.0,0.0,0.0
2007-08-14 00:00:00+09:00,773.5214376495215,773.5214376495215,717.4172593014853,748.45361328125,102700,0.0,0.0,0.0
2007-08-16 00:00:00+09:00,717.4173687609428,717.4173687609428,657.7320635395665,703.0928955078125,179100,0.0,0.0,0.0
2007-08-17 00:00:00+09:00,673.2502314908517,697.1243531749244,673.2502314908517,691.1558227539062,69400,0.0,0.0,0.0
2007-08-20 00:00:00+09:00,728.1606489775197,731.7417669233107,704.2865293389125,720.9984130859375,67900,0.0,0.0,0.0
2007-08-21 00:00:00+09:00,711.4486966646635,725.7731670673078,697.1242262620193,698.3179321289062,37200,0.0,0.0,0.0
2007-08-22 00:00:00+09:00,737.7102991189813,737.7102991189813,698.3180015932105,717.4172973632812,75000,0.0,0.0,0.0
2007-08-23 00:00:00+09:00,743.6788597044906,743.6788597044906,707.8676786593305,734.1292114257812,48700,0.0,0.0,0.0
2007-08-24 00:00:00+09:00,734.1291654952848,741.2914012562145,709.0613403320312,709.0613403320312,56700,0.0,0.0,0.0
2007-08-27 00:00:00+09:00,740.0976221745433,740.0976221745433,713.8360936457692,726.9668579101562,63800,0.0,0.0,0.0
2007-08-28 00:00:00+09:00,728.1605834960938,735.3228187435963,718.6109364994236,728.1605834960938,54100,0.0,0.0,0.0
2007-08-29 00:00:00+09:00,704.286572265625,724.5795751953125,704.286572265625,716.2236328125,46300,0.0,0.0,0.0
2007-08-30 00:00:00+09:00,726.96687762151,736.51652461818,716.2235247502562,728.1605834960938,83200,0.0,0.0,0.0
2007-08-31 00:00:00+09:00,729.3543994140625,752.034814453125,729.3543994140625,746.0662841796875,99700,0.0,0.0,0.0
2007-09-03 00:00:00+09:00,756.8096195920406,774.7152099609375,743.6788533215163,774.7152099609375,103900,0.0,0.0,0.0
2007-09-04 00:00:00+09:00,775.9088681210878,787.845927630643,763.9718086115327,786.6522216796875,51100,0.0,0.0,0.0
2007-09-05 00:00:00+09:00,779.4899859739544,793.8144573854206,762.7781026605771,786.6522216796875,56900,0.0,0.0,0.0
2007-09-06 00:00:00+09:00,766.3592439703986,786.6522457577767,763.9718319954128,780.6837158203125,46600,0.0,0.0,0.0
2007-09-07 00:00:00+09:00,775.9088809892914,805.7515302581103,775.9088809892914,798.5892944335938,101100,0.0,0.0,0.0
2007-09-10 00:00:00+09:00,796.2018758451022,796.2018758451022,761.5844029822716,775.9088745117188,75400,0.0,0.0,0.0
2007-09-11 00:00:00+09:00,766.3592332232694,798.5892944335938,756.8095854572473,798.5892944335938,71400,0.0,0.0,0.0
2007-09-12 00:00:00+09:00,805.7514847156614,805.7514847156614,769.9403076171875,769.9403076171875,53000,0.0,0.0,0.0
2007-09-13 00:00:00+09:00,769.9402979070491,790.2332980069248,763.9717684659091,787.8458862304688,35000,0.0,0.0,0.0
2007-09-14 00:00:00+09:00,779.489990234375,797.3955795965735,775.9088723619352,779.489990234375,80200,0.0,0.0,0.0
2007-09-17 00:00:00+09:00,779.4899548434472,799.782955199249,758.0032485843628,769.9403076171875,134600,0.0,0.0,0.0
2007-09-18 00:00:00+09:00,778.296234851747,778.296234851747,756.8095289816067,758.0032348632812,58300,0.0,0.0,0.0
2007-09-19 00:00:00+09:00,774.7151707173131,778.296288609689,754.4221693271832,772.3277587890625,104000,0.0,0.0,0.0
2007-09-20 00:00:00+09:00,769.9403905794372,777.1026267708738,754.4222121646578,767.552978515625,42600,0.0,0.0,0.0
2007-09-21 00:00:00+09:00,772.3278026432495,777.1026267708738,746.0662699413151,767.552978515625,97800,0.0,0.0,0.0
2007-09-27 00:00:00+09:00,780.6836331995522,783.071044921875,746.0661632258718,783.071044921875,87800,0.0,0.0,0.0
2007-09-28 00:00:00+09:00,773.521432899567,793.8144334540309,773.521432899567,792.6207275390625,63400,0.0,0.0,0.0
2007-10-01 00:00:00+09:00,787.8459234022556,829.6256314614662,780.6836877349624,793.814453125,239300,0.0,0.0,0.0
2007-10-02 00:00:00+09:00,816.4949389432384,816.4949389432384,792.6208179215063,809.3327026367188,78700,0.0,0.0,0.0
2007-10-04 00:00:00+09:00,802.1703822748902,822.4633830169633,796.2018526448687,815.3011474609375,95600,0.0,0.0,0.0
2007-10-05 00:00:00+09:00,820.0760570964982,820.0760570964982,789.0396997682465,809.3327026367188,92600,0.0,0.0,0.0
2007-10-08 00:00:00+09:00,799.7829937274639,809.3326414137621,763.9718149038462,775.9088745117188,79200,0.0,0.0,0.0
2007-10-09 00:00:00+09:00,763.9718325678914,779.4900104169267,729.3543589046587,747.2599487304688,86100,0.0,0.0,0.0
2007-10-10 00:00:00+09:00,750.8411033303038,754.4222214701939,722.1921582111825,723.3858642578125,105000,0.0,0.0,0.0
2007-10-11 00:00:00+09:00,718.611044921875,731.7418115234375,704.286572265625,716.2236328125,109600,0.0,0.0,0.0
2007-10-12 00:00:00+09:00,722.1920858708039,726.9669095790406,694.7368495484428,707.8676147460938,66100,0.0,0.0,0.0
2007-10-15 00:00:00+09:00,704.286609518117,711.4488462250808,683.9936055150525,692.3495483398438,57600,0.0,0.0,0.0
2007-10-16 00:00:00+09:00,692.3494886315387,703.0928427654765,646.9886600660242,658.9257202148438,121300,0.0,0.0,0.0
2007-10-17 00:00:00+09:00,682.7998265316612,682.7998265316612,660.1194127133018,680.4124145507812,117000,0.0,0.0,0.0
2007-10-18 00:00:00+09:00,672.0565354550746,687.574714781746,630.2768218832672,676.8313598632812,153200,0.0,0.0,0.0
2007-10-19 00:00:00+09:00,673.2501900337838,716.223606418919,650.569775830518,662.5068359375,107500,0.0,0.0,0.0
2007-10-22 00:00:00+09:00,624.3081842237904,644.6011844758065,620.727066532258,629.0830078125,50800,0.0,0.0,0.0
2007-10-23 00:00:00+09:00,626.6957073676878,641.0201806789491,587.3034057617188,587.3034057617188,228300,0.0,0.0,0.0
2007-10-24 00:00:00+09:00,596.8529527380796,606.4025999818888,560.4449226210567,566.4134521484375,143100,0.0,0.0,0.0
2007-10-25 00:00:00+09:00,566.413554452111,574.7694972996659,482.2572729160228,482.8541259765625,325200,0.0,0.0,0.0
2007-10-26 00:00:00+09:00,494.1942626953125,552.6858541737432,487.0320270040761,549.104736328125,178000,0.0,0.0,0.0
2007-10-29 00:00:00+09:00,564.6228893649194,583.722183719758,527.6180065524194,555.0732421875,145400,0.0,0.0,0.0
2007-10-30 00:00:00+09:00,554.4763414717083,564.6228407236126,527.6179610990207,548.5078125,40100,0.0,0.0,0.0
2007-10-31 00:00:00+09:00,537.1676635742188,550.2984286838108,534.7802517361112,537.1676635742188,37900,0.0,0.0,0.0
2007-11-01 00:00:00+09:00,542.5393892461603,542.5393892461603,508.5187674782493,525.2306518554688,66000,0.0,0.0,0.0
2007-11-02 00:00:00+09:00,512.0998878740883,524.6338012136638,503.14709263153424,521.6495361328125,43600,0.0,0.0,0.0
2007-11-05 00:00:00+09:00,513.2935939064288,523.4400951813233,501.35653358302346,521.6495361328125,30900,0.0,0.0,0.0
2007-11-06 00:00:00+09:00,515.0840729409076,561.041748046875,515.0840729409076,561.041748046875,47700,0.0,0.0,0.0
2007-11-07 00:00:00+09:00,549.1047206988135,565.8166035026904,512.6966903046531,540.748779296875,78200,0.0,0.0,0.0
2007-11-08 00:00:00+09:00,525.2306146731322,538.3613800399605,489.41943639996407,519.2620849609375,163200,0.0,0.0,0.0
2007-11-09 00:00:00+09:00,495.3879722631034,519.2620914083132,495.3879722631034,508.51873779296875,47400,0.0,0.0,0.0
2007-11-12 00:00:00+09:00,501.3565218650689,501.3565218650689,481.063519789578,493.0005798339844,51300,0.0,0.0,0.0
2007-11-13 00:00:00+09:00,487.0320304203959,499.56594296797965,465.54532319596666,491.8068542480469,86900,0.0,0.0,0.0
2007-11-14 00:00:00+09:00,495.38794333311046,500.75961982708395,465.5452961443689,488.2257080078125,64700,0.0,0.0,0.0
2007-11-15 00:00:00+09:00,483.4509642066025,495.38802505121,477.4824337842988,489.41949462890625,30500,0.0,0.0,0.0
2007-11-16 00:00:00+09:00,467.33593954888335,513.2936245364491,464.3516742899505,506.7282409667969,205200,0.0,0.0,0.0
2007-11-19 00:00:00+09:00,516.8747035648714,516.8747035648714,477.48240514075883,487.62890625,71800,0.0,0.0,0.0
2007-11-20 00:00:00+09:00,487.62893550221514,489.41949462890625,467.9327851086128,489.41949462890625,22600,0.0,0.0,0.0
2007-11-21 00:00:00+09:00,480.4666411378753,488.8225827228818,465.54531687893507,485.83831787109375,52700,0.0,0.0,0.0
2007-11-22 00:00:00+09:00,472.70755535111005,483.4509088818171,463.7547607421875,463.7547607421875,51800,0.0,0.0,0.0
2007-11-23 00:00:00+09:00,463.75477586594303,472.1107177734375,424.959331295433,472.1107177734375,101400,0.0,0.0,0.0
2007-11-26 00:00:00+09:00,477.4823690198132,482.8540456712861,461.96419202666925,463.15789794921875,33900,0.0,0.0,0.0
2007-11-27 00:00:00+09:00,452.41458205131636,462.56108323188676,423.7656375414705,435.70269775390625,76200,0.0,0.0,0.0
2007-11-28 00:00:00+09:00,441.67123515954177,441.67123515954177,424.9593505859375,424.9593505859375,61700,0.0,0.0,0.0
2007-11-29 00:00:00+09:00,428.5404604798612,437.4932556152344,425.5561954347369,437.4932556152344,67400,0.0,0.0,0.0
2007-11-30 00:00:00+09:00,437.493277979552,481.0635498656465,437.493277979552,478.07928466796875,100900,0.0,0.0,0.0
2007-12-03 00:00:00+09:00,477.48242546530327,513.2936073752011,465.5453648286707,487.0320739746094,157200,0.0,0.0,0.0
2007-12-04 00:00:00+09:00,487.0319708244519,504.93755798711555,476.88547143227584,490.0162353515625,65100,0.0,0.0,0.0
2007-12-05 00:00:00+09:00,499.56596637851897,499.56596637851897,478.0792581471848,487.62890625,58400,0.0,0.0,0.0
2007-12-06 00:00:00+09:00,488.22573637730864,504.34076679563054,488.22573637730864,491.8068542480469,71000,0.0,0.0,0.0
2007-12-07 00:00:00+09:00,500.1628158606282,500.1628158606282,484.0477848006796,493.0005798339844,31600,0.0,0.0,0.0
2007-12-10 00:00:00+09:00,488.22574516296385,497.7753929901123,473.3044204330444,477.4823913574219,22100,0.0,0.0,0.0
2007-12-11 00:00:00+09:00,487.6288579631894,487.6288579631894,455.39879880772764,464.3515930175781,30700,0.0,0.0,0.0
2007-12-12 00:00:00+09:00,458.3831397251309,458.3831397251309,447.6397848878231,455.9957275390625,32000,0.0,0.0,0.0
2007-12-13 00:00:00+09:00,457.7862459320184,476.8855417205772,457.18939293862593,472.1107177734375,28000,0.0,0.0,0.0
2007-12-14 00:00:00+09:00,477.4823913574219,477.4823913574219,454.8019777679443,477.4823913574219,40400,0.0,0.0,0.0
2007-12-17 00:00:00+09:00,469.12642964945206,482.2571948559253,459.5767822265625,459.5767822265625,95800,0.0,0.0,0.0
2007-12-18 00:00:00+09:00,453.60825258725646,459.5767822265625,435.70266366933845,459.5767822265625,36000,0.0,0.0,0.0
2007-12-20 00:00:00+09:00,459.5768358259637,501.35654817377855,447.63977515515944,470.3201904296875,52900,0.0,0.0,0.0
2007-12-21 00:00:00+09:00,470.3201621755615,482.2572221292559,460.7705142126059,466.7390441894531,26000,0.0,0.0,0.0
2007-12-24 00:00:00+09:00,467.33589525724716,476.2886901855469,447.6397464149877,453.6082763671875,36800,0.0,0.0,0.0
2007-12-26 00:00:00+09:00,453.6082721012895,462.5610669453939,444.0586242675781,444.0586242675781,33300,0.0,0.0,0.0
2007-12-27 00:00:00+09:00,583.2532890073714,607.1697598529119,573.9953002929688,573.9953002929688,23700,842.1053,0.0,0.0
2007-12-28 00:00:00+09:00,566.2803392028808,617.1992797851562,566.2803392028808,617.1992797851562,67683,0.0,0.0,0.0
2008-01-02 00:00:00+09:00,611.0272439598731,624.914226777143,591.7397678247761,600.2262573242188,33450,0.0,0.0,0.0
2008-01-03 00:00:00+09:00,584.7962717824169,605.626745843268,584.7962717824169,594.0542602539062,31651,0.0,0.0,0.0
2008-01-04 00:00:00+09:00,594.0542384556361,608.7127196642817,587.110747356804,604.855224609375,16292,0.0,0.0,0.0
2008-01-07 00:00:00+09:00,604.8551995286085,604.8551995286085,586.3392240328349,593.28271484375,6911,0.0,0.0,0.0
2008-01-08 00:00:00+09:00,588.6537453787668,604.855224609375,580.9387552689533,604.855224609375,53883,0.0,0.0,0.0
2008-01-09 00:00:00+09:00,590.9682888633326,603.3122740093031,586.3392944335938,586.3392944335938,34530,0.0,0.0,0.0
2008-01-10 00:00:00+09:00,573.9953401820867,590.9683206713419,571.6808428426427,587.88232421875,27607,0.0,0.0,0.0
2008-01-11 00:00:00+09:00,580.9388133472165,587.1108060521005,570.9093252017798,582.4818115234375,34043,0.0,0.0,0.0
2008-01-14 00:00:00+09:00,580.9387894913957,580.9387894913957,563.9658102499471,570.9093017578125,44173,0.0,0.0,0.0
2008-01-15 00:00:00+09:00,570.9093352973545,583.2533209254053,553.1648559570312,553.1648559570312,19433,0.0,0.0,0.0
2008-01-16 00:00:00+09:00,528.4768571853638,553.9363262176513,493.75939941406244,493.7593994140625,61823,0.0,0.0,0.0
2008-01-17 00:00:00+09:00,487.5874267954305,526.1623814469677,487.5874267954305,500.7029113769531,48909,0.0,0.0,0.0
2008-01-18 00:00:00+09:00,472.1574310772236,508.41788738544176,472.1574310772236,501.4743957519531,50789,0.0,0.0,0.0
2008-01-21 00:00:00+09:00,480.643931814523,516.1328898618233,480.643931814523,496.07391357421875,37027,0.0,0.0,0.0
2008-01-22 00:00:00+09:00,480.6439056140893,490.67339321117305,439.7544561798249,460.5849304199219,64485,0.0,0.0,0.0
2008-01-23 00:00:00+09:00,475.2434116296601,475.2434116296601,424.3244746693394,439.75445556640625,56099,0.0,0.0,0.0
2008-01-24 00:00:00+09:00,441.29745739652907,505.3318786621094,440.52595834513653,505.3318786621094,119310,0.0,0.0,0.0
2008-01-25 00:00:00+09:00,529.2482835557726,564.737235514323,521.533293999566,555.479248046875,133311,0.0,0.0,0.0
2008-01-28 00:00:00+09:00,570.9093418666295,570.9093418666295,534.6488836669922,540.0493774414062,79055,0.0,0.0,0.0
2008-01-29 00:00:00+09:00,542.3637992921939,568.594765403054,540.0493022824122,560.1082763671875,74593,0.0,0.0,0.0
2008-01-30 00:00:00+09:00,570.9092824472546,570.9092824472546,536.963325112553,546.2213134765625,44198,0.0,0.0,0.0
2008-01-31 00:00:00+09:00,536.191818851164,543.9068090504613,526.9338306120072,536.9633178710938,98066,0.0,0.0,0.0
2008-02-01 00:00:00+09:00,536.9633078182444,551.6217889224781,517.6758326810949,524.6193237304688,51670,0.0,0.0,0.0
2008-02-04 00:00:00+09:00,526.1623242473045,536.9633103755483,515.3613381190607,527.705322265625,69144,0.0,0.0,0.0
2008-02-05 00:00:00+09:00,519.990354076784,534.6488358682661,516.9043579101562,516.9043579101562,17124,0.0,0.0,0.0
2008-02-11 00:00:00+09:00,499.15991319089164,509.9609004933221,492.2164213536149,500.7029113769531,17068,0.0,0.0,0.0
2008-02-12 00:00:00+09:00,479.87240391062267,523.0763502434119,479.87240391062267,516.9043579101562,42224,0.0,0.0,0.0
2008-02-13 00:00:00+09:00,530.0198740277972,530.7913731166295,498.3884113856725,518.4473876953125,83306,0.0,0.0,0.0
2008-02-14 00:00:00+09:00,527.7053120321857,527.7053120321857,503.0173442178144,515.361328125,44196,0.0,0.0,0.0
2008-02-15 00:00:00+09:00,513.0468567356919,513.0468567356919,496.84537704930165,509.1893615722656,32718,0.0,0.0,0.0
2008-02-18 00:00:00+09:00,519.9903964886087,539.2778741031713,499.9314197694635,533.8773803710938,90009,0.0,0.0,0.0
2008-02-19 00:00:00+09:00,533.8773146872795,547.7642968612262,528.4768216196337,546.9927978515625,27898,0.0,0.0,0.0
2008-02-20 00:00:00+09:00,553.1648477632705,568.5948295697774,542.3638604987157,563.1943359375,54484,0.0,0.0,0.0
2008-02-21 00:00:00+09:00,568.5947515609416,584.0247312505194,557.0222667937583,580.167236328125,67372,0.0,0.0,0.0
2008-02-22 00:00:00+09:00,584.7962894541695,584.7962894541695,560.1083194508273,577.081298828125,22585,0.0,0.0,0.0
2008-02-25 00:00:00+09:00,575.5382960963893,582.4817876042546,557.7938177985113,570.9093017578125,93362,0.0,0.0,0.0
2008-02-26 00:00:00+09:00,558.56529296875,578.624267578125,558.56529296875,559.3367919921875,10658,0.0,0.0,0.0
2008-02-27 00:00:00+09:00,575.5382511914607,575.5382511914607,553.936279296875,553.936279296875,23587,0.0,0.0,0.0
2008-02-28 00:00:00+09:00,553.1647565233839,570.1377337109913,553.1647565233839,561.6512451171875,32000,0.0,0.0,0.0
2008-02-29 00:00:00+09:00,561.6513606333892,574.766845703125,549.3073746854027,574.766845703125,69795,0.0,0.0,0.0
2008-03-03 00:00:00+09:00,555.47927546727,572.4522533287699,555.47927546727,570.1377563476562,13897,0.0,0.0,0.0
2008-03-04 00:00:00+09:00,562.4228121370883,572.4522998706714,562.4228121370883,570.9093017578125,16527,0.0,0.0,0.0
2008-03-05 00:00:00+09:00,577.0813195633561,577.8528186536814,560.8798386665239,563.1943359375,12039,0.0,0.0,0.0
2008-03-06 00:00:00+09:00,573.2238241117294,573.2238241117294,549.3073523116439,563.1943359375,18757,0.0,0.0,0.0
2008-03-07 00:00:00+09:00,553.9362724502502,566.2802562374424,542.3637876497575,563.9657592773438,18718,0.0,0.0,0.0
2008-03-10 00:00:00+09:00,563.9658039033328,563.9658039033328,540.0493334231642,542.3638305664062,20050,0.0,0.0,0.0
2008-03-11 00:00:00+09:00,533.1058586488026,544.6783447265625,530.0198623614,544.6783447265625,13122,0.0,0.0,0.0
2008-03-12 00:00:00+09:00,546.2213640412526,555.4793532622908,546.2213640412526,553.1648559570312,27364,0.0,0.0,0.0
2008-03-13 00:00:00+09:00,540.0493212338895,553.9363037799037,533.1058299608823,546.2213134765625,22266,0.0,0.0,0.0
2008-03-14 00:00:00+09:00,558.5653257016783,558.5653257016783,530.7913592303241,541.5923461914062,23318,0.0,0.0,0.0
2008-03-17 00:00:00+09:00,540.8207782247791,540.8207782247791,516.9043101435121,532.3342895507812,52291,0.0,0.0,0.0
2008-03-18 00:00:00+09:00,546.9927948895622,546.9927948895622,517.6758326810949,524.6193237304688,18967,0.0,0.0,0.0
2008-03-19 00:00:00+09:00,521.5333840506418,530.7913731166295,518.4473876953125,518.4473876953125,50194,0.0,0.0,0.0
2008-03-20 00:00:00+09:00,525.3908646060665,525.3908646060665,510.7323823336506,519.2188720703125,18761,0.0,0.0,0.0
2008-03-21 00:00:00+09:00,522.3048451279149,522.3048451279149,509.1893615722656,509.1893615722656,27295,0.0,0.0,0.0
2008-03-24 00:00:00+09:00,512.2753713018456,523.0763580461615,499.93138645119865,506.8748779296875,50622,0.0,0.0,0.0
2008-03-25 00:00:00+09:00,509.18937508918384,515.3613675145073,495.3023921322061,506.8748779296875,32692,0.0,0.0,0.0
2008-03-26 00:00:00+09:00,499.15987177592956,514.5898523563292,499.15987177592956,506.1033630371094,30479,0.0,0.0,0.0
2008-03-27 00:00:00+09:00,498.38837274690957,513.8183533273093,493.7593785727897,506.1033630371094,28719,0.0,0.0,0.0
2008-03-28 00:00:00+09:00,499.15989413639176,517.6758716623167,499.15989413639176,516.1328735351562,32428,0.0,0.0,0.0
2008-03-31 00:00:00+09:00,523.8478272198237,540.0493064121894,515.3613381190607,527.705322265625,67037,0.0,0.0,0.0
2008-04-01 00:00:00+09:00,527.7053854299146,536.1918755464775,519.9903944148573,530.7913818359375,46797,0.0,0.0,0.0
2008-04-02 00:00:00+09:00,533.8773782419604,540.0493710540062,529.248383632926,530.7913818359375,65630,0.0,0.0,0.0
2008-04-03 00:00:00+09:00,519.9903536350607,538.5063306190984,519.9903536350607,536.1918334960938,26812,0.0,0.0,0.0
2008-04-04 00:00:00+09:00,541.5923119906721,541.5923119906721,530.0198266917262,536.9633178710938,14662,0.0,0.0,0.0
2008-04-07 00:00:00+09:00,536.9633575216698,538.5063556754676,524.6193722912865,528.4768676757812,27814,0.0,0.0,0.0
2008-04-08 00:00:00+09:00,524.6193577179756,535.4203444945222,524.6193577179756,529.2483520507812,9137,0.0,0.0,0.0
2008-04-10 00:00:00+09:00,533.1058791404546,534.6488773434661,527.7053854299146,530.7913818359375,41010,0.0,0.0,0.0
2008-04-11 00:00:00+09:00,527.705391671317,540.0493774414062,526.9338925606863,540.0493774414062,38124,0.0,0.0,0.0
2008-04-14 00:00:00+09:00,536.9633575216698,546.2213464444571,528.4768676757812,528.4768676757812,7191,0.0,0.0,0.0
2008-04-15 00:00:00+09:00,532.3343311047311,540.0493214105967,525.3908398294519,526.933837890625,17747,0.0,0.0,0.0
2008-04-16 00:00:00+09:00,536.1918755464775,536.9633746479833,526.1623872269031,530.7913818359375,23875,0.0,0.0,0.0
2008-04-17 00:00:00+09:00,540.0493560923893,540.0493560923893,525.3908735698816,531.5628662109375,9839,0.0,0.0,0.0
2008-04-18 00:00:00+09:00,531.562859449288,531.562859449288,522.3048706054688,522.3048706054688,20446,0.0,0.0,0.0
2008-04-21 00:00:00+09:00,522.3048339111693,530.0198240723388,514.58984375,514.58984375,18526,0.0,0.0,0.0
2008-04-22 00:00:00+09:00,518.4473206426056,553.9362741389745,513.8183267082966,547.7642822265625,463498,0.0,0.0,0.0
2008-04-23 00:00:00+09:00,536.9633274721295,555.4793042815134,529.2483371348864,549.3073120117188,107765,0.0,0.0,0.0
2008-04-24 00:00:00+09:00,547.7643498555444,557.0223388671875,535.4203645066872,557.0223388671875,72126,0.0,0.0,0.0
2008-04-25 00:00:00+09:00,564.7372967608563,614.1132352754668,557.0223063679484,594.0542602539062,225370,0.0,0.0,0.0
2008-04-28 00:00:00+09:00,600.2262845212314,624.9142550927987,584.0248038336402,595.5972900390625,107456,0.0,0.0,0.0
2008-04-29 00:00:00+09:00,597.14024664679,611.0272291269479,580.1672680599304,581.7102661132812,52368,0.0,0.0,0.0
2008-04-30 00:00:00+09:00,567.8232525764627,586.339228203956,567.8232525764627,580.167236328125,45561,0.0,0.0,0.0
2008-05-01 00:00:00+09:00,580.167236328125,580.167236328125,580.167236328125,580.167236328125,0,0.0,0.0,0.0
2008-05-02 00:00:00+09:00,583.2533434904075,609.4843139648438,566.280362595184,609.4843139648438,112589,0.0,0.0,0.0
2008-05-05 00:00:00+09:00,609.4843139648438,609.4843139648438,609.4843139648438,609.4843139648438,0,0.0,0.0,0.0
2008-05-06 00:00:00+09:00,609.4842521807899,629.5432275690184,609.4842521807899,628.771728515625,133674,0.0,0.0,0.0
2008-05-07 00:00:00+09:00,637.2582283871936,655.7742059674512,620.2852489386244,621.8282470703125,84906,0.0,0.0,0.0
2008-05-08 00:00:00+09:00,617.1992860991379,631.0862700363684,601.7693039466594,626.457275390625,48878,0.0,0.0,0.0
2008-05-09 00:00:00+09:00,611.0272623697917,639.5727279097946,611.0272623697917,624.9142456054688,23773,0.0,0.0,0.0
2008-05-12 00:00:00+09:00,624.9142456054688,624.9142456054688,624.9142456054688,624.9142456054688,0,0.0,0.0,0.0
2008-05-13 00:00:00+09:00,636.4867316351997,638.8012288411459,616.4277558503328,624.9142456054688,43943,0.0,0.0,0.0
2008-05-14 00:00:00+09:00,631.0861909827407,631.0861909827407,596.3687354885801,604.855224609375,36587,0.0,0.0,0.0
2008-05-15 00:00:00+09:00,611.7987546992482,620.2852443609023,595.5972744360903,615.65625,59562,0.0,0.0,0.0
2008-05-16 00:00:00+09:00,606.3982807406419,643.4302368164062,598.6832898915243,643.4302368164062,110101,0.0,0.0,0.0
2008-05-19 00:00:00+09:00,645.7447022658129,646.5162013127255,636.4867137028622,641.88720703125,48960,0.0,0.0,0.0
2008-05-20 00:00:00+09:00,635.7152347125216,669.6611938476562,634.9437356412685,669.6611938476562,83796,0.0,0.0,0.0
2008-05-21 00:00:00+09:00,655.7741675393316,694.349118571057,655.7741675393316,671.9756469726562,92650,0.0,0.0,0.0
2008-05-22 00:00:00+09:00,660.4032465882694,680.4622237042684,659.6317474684233,664.2607421875,72512,0.0,0.0,0.0
2008-05-23 00:00:00+09:00,661.1746656098038,668.8896558736288,602.5407396047337,639.5726928710938,67936,0.0,0.0,0.0
2008-05-26 00:00:00+09:00,630.3147751226658,655.0027467308975,601.7693079506479,632.6292724609375,76626,0.0,0.0,0.0
2008-05-27 00:00:00+09:00,622.5997860362229,642.6587630336725,622.5997860362229,635.7152709960938,35994,0.0,0.0,0.0
2008-05-28 00:00:00+09:00,626.4572023224094,658.0886620455852,626.4572023224094,649.6021728515625,62609,0.0,0.0,0.0
2008-05-29 00:00:00+09:00,659.631726433249,668.1182164809283,652.688234576057,655.7742309570312,65419,0.0,0.0,0.0
2008-05-30 00:00:00+09:00,656.5456737882885,668.1181592252149,648.0591844678759,661.9461669921875,12821,0.0,0.0,0.0
2008-06-02 00:00:00+09:00,661.1746879940941,661.1746879940941,640.3442135765439,648.0592041015625,42664,0.0,0.0,0.0
2008-06-03 00:00:00+09:00,641.8872356819601,648.0592283327481,617.1992650788077,617.9707641601562,54312,0.0,0.0,0.0
2008-06-04 00:00:00+09:00,624.9142114440007,628.7717065763711,604.0837377292007,620.2852172851562,57552,0.0,0.0,0.0
2008-06-05 00:00:00+09:00,624.9142257027004,638.8012084960938,618.7422333500812,638.8012084960938,29062,0.0,0.0,0.0
2008-06-06 00:00:00+09:00,638.8012084960938,638.8012084960938,638.8012084960938,638.8012084960938,0,0.0,0.0,0.0
2008-06-09 00:00:00+09:00,621.8282312595719,661.1746826171875,621.8282312595719,661.1746826171875,66899,0.0,0.0,0.0
2008-06-10 00:00:00+09:00,663.4892056957228,675.8331909179688,644.9732278623538,675.8331909179688,84588,0.0,0.0,0.0
2008-06-11 00:00:00+09:00,659.6317103137709,686.6341779874341,659.6317103137709,675.8331909179688,101128,0.0,0.0,0.0
2008-06-12 00:00:00+09:00,668.1181422840465,681.2336254466663,661.9461502075195,678.9191284179688,58982,0.0,0.0,0.0
2008-06-13 00:00:00+09:00,678.9191337536647,723.6660766601562,673.5186406442606,723.6660766601562,174195,0.0,0.0,0.0
2008-06-16 00:00:00+09:00,737.5530544981664,785.3859931790098,723.6660723005022,756.0690307617188,301272,0.0,0.0,0.0
2008-06-17 00:00:00+09:00,771.4990586240646,800.816022851779,687.4056612340415,695.8921508789062,676309,0.0,0.0,0.0
2008-06-18 00:00:00+09:00,715.1796810344114,736.0101571810447,693.5777057712361,728.295166015625,124978,0.0,0.0,0.0
2008-06-19 00:00:00+09:00,719.8085525188039,749.1255139290017,714.4080596274517,725.2090454101562,84651,0.0,0.0,0.0
2008-06-20 00:00:00+09:00,719.8085525188039,730.6095383015085,717.4940555653673,725.2090454101562,57266,0.0,0.0,0.0
2008-06-23 00:00:00+09:00,745.2679929001267,745.2679929001267,710.5505398147171,713.6365356445312,31919,0.0,0.0,0.0
2008-06-24 00:00:00+09:00,713.6366292272597,713.6366292272597,685.0911640581693,695.8921508789062,85671,0.0,0.0,0.0
2008-06-25 00:00:00+09:00,686.6341890607562,705.1501671927316,677.3761999947685,691.26318359375,34317,0.0,0.0,0.0
2008-06-26 00:00:00+09:00,701.2926250589305,701.2926250589305,665.0321702979077,671.2041625976562,37913,0.0,0.0,0.0
2008-06-27 00:00:00+09:00,648.8306586305202,662.7176406226123,620.2851956467756,631.086181640625,49052,0.0,0.0,0.0
2008-06-30 00:00:00+09:00,631.0862896496736,634.1722861760779,609.4843139648438,609.4843139648438,50063,0.0,0.0,0.0
2008-07-01 00:00:00+09:00,602.5407025916369,611.0271913605332,581.7102301588914,593.28271484375,122293,0.0,0.0,0.0
2008-07-02 00:00:00+09:00,586.3392603577246,616.4277224023973,543.1353148576818,562.4227905273438,66035,0.0,0.0,0.0
2008-07-03 00:00:00+09:00,536.9633668664384,563.1943359375,516.9043905179794,563.1943359375,50146,0.0,0.0,0.0
2008-07-04 00:00:00+09:00,557.0223388671875,569.3663242160449,533.8773663380799,557.0223388671875,33942,0.0,0.0,0.0
2008-07-07 00:00:00+09:00,561.6513547030362,561.6513547030362,530.0198910453103,543.1353759765625,21414,0.0,0.0,0.0
2008-07-08 00:00:00+09:00,526.1623600006103,547.7643337249756,486.0444087982177,493.7593994140625,39834,0.0,0.0,0.0
2008-07-09 00:00:00+09:00,523.0763378906249,530.791328125,506.10335937499997,520.7618408203125,26632,0.0,0.0,0.0
2008-07-10 00:00:00+09:00,515.3613513853492,522.3048426465291,493.7593785727897,506.1033630371094,50992,0.0,0.0,0.0
2008-07-11 00:00:00+09:00,507.64632249915076,532.3342895507812,506.1033245584239,532.3342895507812,32833,0.0,0.0,0.0
2008-07-14 00:00:00+09:00,515.361335664637,539.2778048347024,513.8183376536649,524.6193237304688,35715,0.0,0.0,0.0
2008-07-15 00:00:00+09:00,518.4473536036037,530.0198391751127,507.64636707019525,513.818359375,7825,0.0,0.0,0.0
2008-07-16 00:00:00+09:00,509.960885526217,519.990373441256,461.3564440917969,501.4743957519531,39392,0.0,0.0,0.0
2008-07-17 00:00:00+09:00,502.24589836957534,509.18939005210405,484.50141962533536,485.2729187011719,71997,0.0,0.0,0.0
2008-07-18 00:00:00+09:00,486.81589978495344,506.1033760046426,476.7864121507151,482.9584045410156,62826,0.0,0.0,0.0
2008-07-21 00:00:00+09:00,472.9288919250295,496.0738621660587,472.9288919250295,489.13037109375,31558,0.0,0.0,0.0
2008-07-22 00:00:00+09:00,479.100883989304,502.2458542303332,478.3293849812697,489.13037109375,62718,0.0,0.0,0.0
2008-07-23 00:00:00+09:00,482.95842586020285,506.1033983455161,482.95842586020285,491.4449157714844,58733,0.0,0.0,0.0
2008-07-24 00:00:00+09:00,492.9878853462838,523.8478468703079,486.04439400337844,513.818359375,56547,0.0,0.0,0.0
2008-07-25 00:00:00+09:00,495.30239326349704,513.0468715268311,495.30239326349704,508.4178771972656,19078,0.0,0.0,0.0
2008-07-28 00:00:00+09:00,509.1893730788935,564.7373046875,492.98789302638323,564.7373046875,47713,0.0,0.0,0.0
2008-07-29 00:00:00+09:00,544.6783316239067,577.0812918621561,536.9633410909902,567.8233032226562,81900,0.0,0.0,0.0
2008-07-30 00:00:00+09:00,586.3393131245766,586.3393131245766,558.5653456607808,569.3663330078125,28500,0.0,0.0,0.0
2008-07-31 00:00:00+09:00,580.1672656249999,586.3392578124999,569.366279296875,578.624267578125,23000,0.0,0.0,0.0
2008-08-01 00:00:00+09:00,592.5112996688742,592.5112996688742,570.9093252017798,582.4818115234375,22300,0.0,0.0,0.0
2008-08-04 00:00:00+09:00,621.056682505506,621.056682505506,565.5087556230261,580.167236328125,17500,0.0,0.0,0.0
2008-08-05 00:00:00+09:00,578.6242471764015,578.6242471764015,545.4497903382878,553.936279296875,52300,0.0,0.0,0.0
2008-08-06 00:00:00+09:00,553.9363614327567,570.9093418666295,527.705391671317,540.0493774414062,50800,0.0,0.0,0.0
2008-08-07 00:00:00+09:00,534.6488836669922,548.5358676583426,523.847896118164,540.0493774414062,27900,0.0,0.0,0.0
2008-08-08 00:00:00+09:00,532.3343163205867,545.4497994763112,524.6193262289839,527.705322265625,25000,0.0,0.0,0.0
2008-08-11 00:00:00+09:00,540.0492819310608,540.0492819310608,527.7052983440652,535.4202880859375,2700,0.0,0.0,0.0
2008-08-12 00:00:00+09:00,524.619333552218,540.0493139508127,510.7323511934828,536.9633178710938,38600,0.0,0.0,0.0
2008-08-13 00:00:00+09:00,536.9633178710938,543.9068090504613,526.1623315920775,536.9633178710938,19000,0.0,0.0,0.0
2008-08-14 00:00:00+09:00,543.9067637125651,555.479248046875,530.0197825113933,555.479248046875,35300,0.0,0.0,0.0
2008-08-15 00:00:00+09:00,555.479248046875,555.479248046875,555.479248046875,555.479248046875,0,0.0,0.0,0.0
2008-08-18 00:00:00+09:00,543.1352998621323,555.4792839499081,480.64388041776766,524.6193237304688,22077,0.0,0.0,0.0
2008-08-19 00:00:00+09:00,496.8453758726729,509.9608593972621,493.75937974924017,507.6463623046875,39949,0.0,0.0,0.0
2008-08-20 00:00:00+09:00,522.304859789112,532.3343474955499,475.243417474288,487.58740234375,17328,0.0,0.0,0.0
2008-08-21 00:00:00+09:00,472.9289122646295,492.9878873362125,470.61441514098533,476.7864074707031,13270,0.0,0.0,0.0
2008-08-22 00:00:00+09:00,476.7864159452355,508.4178771972657,468.29992634103223,508.4178771972656,9666,0.0,0.0,0.0
2008-08-25 00:00:00+09:00,516.1328441513581,516.1328441513581,494.5308716009275,498.38836669921875,2705,0.0,0.0,0.0
2008-08-26 00:00:00+09:00,472.15746459960934,498.3884348551432,462.8994750976562,462.89947509765625,25634,0.0,0.0,0.0
2008-08-27 00:00:00+09:00,478.3293732119278,478.3293732119278,435.12542982504397,438.21142578125,25205,0.0,0.0,0.0
2008-08-28 00:00:00+09:00,432.03946160931963,456.72743084413787,425.867469300615,435.1254577636719,14023,0.0,0.0,0.0
2008-08-29 00:00:00+09:00,435.8969375767658,476.0148858139195,435.8969375767658,449.0124206542969,27106,0.0,0.0,0.0
2008-09-01 00:00:00+09:00,439.7544507878531,439.7544507878531,419.69547583963526,433.58245849609375,21103,0.0,0.0,0.0
2008-09-02 00:00:00+09:00,406.57998535156247,425.09596191406246,368.776533203125,385.74951171875,49486,0.0,0.0,0.0
2008-09-03 00:00:00+09:00,363.37604786913687,413.52348547315785,341.7740747474047,396.5505065917969,38979,0.0,0.0,0.0
2008-09-04 00:00:00+09:00,389.6070079043172,445.1549377441406,389.6070079043172,445.1549377441406,13926,0.0,0.0,0.0
2008-09-05 00:00:00+09:00,432.03945548629105,446.6979370117188,428.9534593756747,446.69793701171875,16603,0.0,0.0,0.0
2008-09-08 00:00:00+09:00,421.2384769124486,459.81342901065824,421.2384769124486,457.4989318847656,5725,0.0,0.0,0.0
2008-09-09 00:00:00+09:00,435.8969288140955,456.7274015184859,432.8109328578895,438.21142578125,10721,0.0,0.0,0.0
2008-09-10 00:00:00+09:00,447.4694792318843,447.4694792318843,418.1525133511746,442.8404846191406,11803,0.0,0.0,0.0
2008-09-11 00:00:00+09:00,427.41048403139473,448.24095888491036,401.179515697338,416.6094970703125,66154,0.0,0.0,0.0
2008-09-12 00:00:00+09:00,411.9805037720177,420.466993550093,405.8085112061448,418.1524963378906,22898,0.0,0.0,0.0
2008-09-15 00:00:00+09:00,418.1524963378906,418.1524963378906,418.1524963378906,418.1524963378906,0,0.0,0.0,0.0
2008-09-16 00:00:00+09:00,393.4644820842337,398.093475991107,362.60452270507807,362.6045227050781,32220,0.0,0.0,0.0
2008-09-17 00:00:00+09:00,353.3465745019131,416.6094983210329,353.3465745019131,376.4915466308594,362494,0.0,0.0,0.0
2008-09-18 00:00:00+09:00,359.5185809406131,364.9190746457296,339.45960432160894,353.3465881347656,69024,0.0,0.0,0.0
2008-09-19 00:00:00+09:00,365.6905250549317,376.49151102701825,347.9460481007894,370.31951904296875,92177,0.0,0.0,0.0
2008-09-22 00:00:00+09:00,363.37605165423764,382.66352785669187,363.37605165423764,381.89202880859375,50269,0.0,0.0,0.0
2008-09-23 00:00:00+09:00,380.3490197535055,411.98047981414186,370.3195324172062,387.2925109863281,222478,0.0,0.0,0.0
2008-09-24 00:00:00+09:00,390.3785083104694,390.3785083104694,377.2630248296829,388.83551025390625,18503,0.0,0.0,0.0
2008-09-25 00:00:00+09:00,388.0640501169058,401.1795349121094,375.7200644273024,401.1795349121094,27769,0.0,0.0,0.0
2008-09-26 00:00:00+09:00,405.80848632812496,405.80848632812496,385.74951171874994,405.0369873046875,31253,0.0,0.0,0.0
2008-09-29 00:00:00+09:00,395.00746761036464,405.8084530528356,387.29247800859974,401.9509582519531,27833,0.0,0.0,0.0
2008-09-30 00:00:00+09:00,385.7495476217831,397.32203405043657,371.0910648121553,393.46453857421875,16497,0.0,0.0,0.0
2008-10-01 00:00:00+09:00,378.03453841299375,411.20899790637895,378.03453841299375,408.8945007324219,33769,0.0,0.0,0.0
2008-10-02 00:00:00+09:00,416.609505177449,416.609505177449,387.2925399982952,406.58001708984375,22380,0.0,0.0,0.0
2008-10-03 00:00:00+09:00,406.58001708984375,406.58001708984375,406.58001708984375,406.58001708984375,0,0.0,0.0,0.0
2008-10-06 00:00:00+09:00,388.0640100121973,395.0075012450199,376.4915246241596,387.2925109863281,34049,0.0,0.0,0.0
2008-10-07 00:00:00+09:00,358.7470879870092,385.7495569752787,357.97558887305865,384.9780578613281,25517,0.0,0.0,0.0
2008-10-08 00:00:00+09:00,382.66347002484315,382.66347002484315,351.8035127647751,368.7764892578125,28292,0.0,0.0,0.0
2008-10-09 00:00:00+09:00,342.54557504849447,367.2335444213589,318.629104718532,338.6880798339844,87488,0.0,0.0,0.0
2008-10-10 00:00:00+09:00,309.37113899230957,331.7446128845215,288.54066329956055,308.5996398925781,88668,0.0,0.0,0.0
2008-10-13 00:00:00+09:00,296.25562289798205,346.4030590656092,270.79615530518674,344.08856201171875,44962,0.0,0.0,0.0
2008-10-14 00:00:00+09:00,351.03203521915736,388.83548516583585,351.03203521915736,377.26300048828125,10948,0.0,0.0,0.0
2008-10-15 00:00:00+09:00,365.69058124089645,396.55054590257544,350.2605989100569,364.1475830078125,35949,0.0,0.0,0.0
2008-10-16 00:00:00+09:00,334.8305786417359,363.37604271948754,313.22860582614,330.97308349609375,57094,0.0,0.0,0.0
2008-10-17 00:00:00+09:00,359.5185241699219,362.6045200855435,310.14258951997556,359.5185241699219,28323,0.0,0.0,0.0
2008-10-20 00:00:00+09:00,332.5160599082325,361.8330211066381,327.8870660348,359.5185241699219,14200,0.0,0.0,0.0
2008-10-21 00:00:00+09:00,364.9190315246582,364.9190315246582,339.4595642089844,339.4595642089844,1792,0.0,0.0,0.0
2008-10-22 00:00:00+09:00,352.57504420964966,352.57504420964966,314.0000940773029,317.0860900878906,22360,0.0,0.0,0.0
2008-10-23 00:00:00+09:00,290.08366639672255,327.11562380907014,270.02468946503427,316.31463623046875,42012,0.0,0.0,0.0
2008-10-24 00:00:00+09:00,288.5406506256785,310.91412353515625,269.253173979577,310.91412353515625,61878,0.0,0.0,0.0
2008-10-27 00:00:00+09:00,281.59716114244964,302.42763607627467,273.110671354595,293.1696472167969,48615,0.0,0.0,0.0
2008-10-28 00:00:00+09:00,263.0811835010734,292.3981482313983,257.6806899981188,272.33917236328125,28862,0.0,0.0,0.0
2008-10-29 00:00:00+09:00,273.110654296875,290.08363281249996,262.30966796875,289.3121337890625,38545,0.0,0.0,0.0
2008-10-30 00:00:00+09:00,300.8846529792337,327.1156227261413,283.14017344456096,314.7716369628906,74879,0.0,0.0,0.0
2008-10-31 00:00:00+09:00,314.7716224231021,317.8576187213678,294.712646484375,294.712646484375,58803,0.0,0.0,0.0
2008-11-03 00:00:00+09:00,308.5996225717905,309.37112162822,285.45465087890625,285.45465087890625,26024,0.0,0.0,0.0
2008-11-04 00:00:00+09:00,300.8846117786525,300.8846117786525,280.8256376600757,299.34161376953125,26029,0.0,0.0,0.0
2008-11-05 00:00:00+09:00,316.31463623046875,320.17213179425494,300.88465397532394,316.31463623046875,33134,0.0,0.0,0.0
2008-11-06 00:00:00+09:00,334.0590980128238,334.0590980128238,288.540652787058,293.1696472167969,27979,0.0,0.0,0.0
2008-11-07 00:00:00+09:00,307.82809663154706,337.1450582155039,291.62661786146566,328.6585693359375,56245,0.0,0.0,0.0
2008-11-10 00:00:00+09:00,330.97307981666944,349.48905630990964,317.85759646729093,326.3440856933594,27276,0.0,0.0,0.0
2008-11-11 00:00:00+09:00,331.7445698110865,331.7445698110865,301.6561088282205,315.5430908203125,25352,0.0,0.0,0.0
2008-11-12 00:00:00+09:00,324.80108011436,325.5725791170069,310.1425990640682,317.0860900878906,67415,0.0,0.0,0.0
2008-11-13 00:00:00+09:00,317.08610889795796,321.71510318843906,297.7986326876199,301.6561279296875,13079,0.0,0.0,0.0
2008-11-14 00:00:00+09:00,303.97061032665016,314.771596480389,300.8846142827248,302.4276123046875,70252,0.0,0.0,0.0
2008-11-17 00:00:00+09:00,286.22615557218853,301.65613700465155,277.7396657843339,293.1696472167969,12864,0.0,0.0,0.0
2008-11-18 00:00:00+09:00,296.25563524590166,296.25563524590166,282.36865234375,282.36865234375,5835,0.0,0.0,0.0
2008-11-19 00:00:00+09:00,277.7396808971058,291.6266649419611,271.56768798828125,271.56768798828125,81970,0.0,0.0,0.0
2008-11-20 00:00:00+09:00,247.6511987686157,283.1401556015014,246.87969970703122,246.87969970703125,7023,0.0,0.0,0.0
2008-11-21 00:00:00+09:00,254.59468758624536,283.9116516113281,246.8796970533288,283.9116516113281,183084,0.0,0.0,0.0
2008-11-24 00:00:00+09:00,290.0836101154705,290.0836101154705,270.796136038644,280.82562255859375,133752,0.0,0.0,0.0
2008-11-25 00:00:00+09:00,290.083637940817,290.083637940817,266.16716779144116,276.1966552734375,27669,0.0,0.0,0.0
2008-11-26 00:00:00+09:00,276.1966552734375,276.96815431051414,257.6806783835981,276.1966552734375,33043,0.0,0.0,0.0
2008-11-27 00:00:00+09:00,276.19666657624424,285.45465540002897,266.1671786838108,270.7961730957031,5907,0.0,0.0,0.0
2008-11-28 00:00:00+09:00,270.7961719589452,283.1401570055068,269.253173828125,269.253173828125,39825,0.0,0.0,0.0
2008-12-01 00:00:00+09:00,263.08119773864746,276.96818178350276,259.9952012842352,271.56768798828125,91960,0.0,0.0,0.0
2008-12-02 00:00:00+09:00,253.05171651868508,274.65369231906067,253.05171651868508,259.9952087402344,124388,0.0,0.0,0.0
2008-12-03 00:00:00+09:00,262.3096788589878,274.6536637464696,261.53817980352017,264.6241760253906,67996,0.0,0.0,0.0
2008-12-04 00:00:00+09:00,272.339160449512,272.339160449512,254.5946825731982,256.9091796875,11189,0.0,0.0,0.0
2008-12-05 00:00:00+09:00,246.87972054380666,260.7667048243958,246.87972054380666,255.3662109375,5794,0.0,0.0,0.0
2008-12-08 00:00:00+09:00,268.4816701223424,269.2531691744181,257.6806833932826,263.0811767578125,72161,0.0,0.0,0.0
2008-12-09 00:00:00+09:00,260.76666509617144,276.19664527937687,260.76666509617144,263.8526611328125,70336,0.0,0.0,0.0
2008-12-10 00:00:00+09:00,266.1671786838108,280.8256609881366,263.8526814778646,270.7961730957031,22652,0.0,0.0,0.0
2008-12-11 00:00:00+09:00,283.14011944781294,287.7691132262513,265.39564329713255,280.82562255859375,55211,0.0,0.0,0.0
2008-12-12 00:00:00+09:00,290.0836498119213,294.7126442238137,263.8526814778646,270.7961730957031,61414,0.0,0.0,0.0
2008-12-15 00:00:00+09:00,278.5111382802328,300.8846092224121,278.5111382802328,296.255615234375,38507,0.0,0.0,0.0
2008-12-16 00:00:00+09:00,337.1450801700741,337.1450801700741,286.9976426161729,297.0271301269531,2000,0.0,0.0,0.0
2008-12-17 00:00:00+09:00,331.74459691991143,331.74459691991143,286.9976512888536,288.5406494140625,7206,0.0,0.0,0.0
2008-12-18 00:00:00+09:00,316.3145836363447,316.3145836363447,285.45462425718915,290.0836181640625,15768,0.0,0.0,0.0
2008-12-19 00:00:00+09:00,308.5996366394353,309.37113573103386,288.540660257872,303.97064208984375,61300,0.0,0.0,0.0
2008-12-22 00:00:00+09:00,297.7986242967196,307.05661261682485,290.8551330566406,290.8551330566406,9664,0.0,0.0,0.0
2008-12-23 00:00:00+09:00,298.5700958251953,298.5700958251953,276.19662611219616,277.7396240234375,8928,0.0,0.0,0.0
2008-12-24 00:00:00+09:00,274.6536451607696,286.99762921293905,270.0246511412061,280.05413818359375,49537,0.0,0.0,0.0
2008-12-25 00:00:00+09:00,280.05413818359375,280.05413818359375,280.05413818359375,280.05413818359375,0,0.0,0.0,0.0
2008-12-26 00:00:00+09:00,268.4816539091222,281.59713700238393,262.3096618652344,262.3096618652344,22008,0.0,0.0,0.0
2008-12-29 00:00:00+09:00,262.3096976143973,274.6536833844866,261.53819850376675,270.0246887207031,16898,0.0,0.0,0.0
2008-12-30 00:00:00+09:00,300.88460773764973,300.88460773764973,256.1376660741018,257.6806640625,25252,0.0,0.0,0.0
2008-12-31 00:00:00+09:00,257.6806640625,257.6806640625,257.6806640625,257.6806640625,0,0.0,0.0,0.0
2009-01-02 00:00:00+09:00,263.08117014567057,268.48166337446736,246.8796904592803,254.5946807861328,48569,0.0,0.0,0.0
2009-01-05 00:00:00+09:00,256.13767824491833,260.76667243006744,246.87968987462008,253.82318115234375,18901,0.0,0.0,0.0
2009-01-06 00:00:00+09:00,268.481682913644,268.481682913644,254.59469931466242,259.22369384765625,8938,0.0,0.0,0.0
2009-01-07 00:00:00+09:00,265.395654004491,265.395654004491,256.9091650683009,257.6806640625,10773,0.0,0.0,0.0
2009-01-08 00:00:00+09:00,251.50868102650585,260.7666692851502,249.19418396184474,249.96568298339844,12647,0.0,0.0,0.0
2009-01-09 00:00:00+09:00,254.59466681422958,256.1376647949219,249.96567287215268,256.1376647949219,14958,0.0,0.0,0.0
2009-01-12 00:00:00+09:00,260.76668281555175,260.76668281555175,246.87969970703122,246.87969970703125,18971,0.0,0.0,0.0
2009-01-13 00:00:00+09:00,250.73715774192686,250.73715774192686,232.99268196326744,239.93617248535156,25281,0.0,0.0,0.0
2009-01-14 00:00:00+09:00,251.50868617750533,251.50868617750533,231.44971120629324,236.85020446777344,97903,0.0,0.0,0.0
2009-01-15 00:00:00+09:00,222.9631959722283,233.76418124423938,203.67572227220856,205.99021911621094,82062,0.0,0.0,0.0
2009-01-16 00:00:00+09:00,212.9337344169617,212.9337344169617,192.8747594356537,197.50375366210938,26231,0.0,0.0,0.0
2009-01-19 00:00:00+09:00,195.18923384419986,206.76171806421172,195.18923384419986,205.99021911621094,20867,0.0,0.0,0.0
2009-01-20 00:00:00+09:00,212.16226146168952,212.16226146168952,199.81827534028213,211.39076232910156,20913,0.0,0.0,0.0
2009-01-21 00:00:00+09:00,212.1622467041016,212.1622467041016,202.9042577570135,212.16224670410156,24958,0.0,0.0,0.0
2009-01-22 00:00:00+09:00,215.2482457842146,221.42023849487308,212.93374851771765,216.01974487304688,11040,0.0,0.0,0.0
2009-01-23 00:00:00+09:00,221.42020985777947,223.73470682493397,200.58973715338908,219.105712890625,26221,0.0,0.0,0.0
2009-01-28 00:00:00+09:00,210.6192420170225,223.73472595214844,209.8477429620151,223.73472595214844,5267,0.0,0.0,0.0
2009-01-29 00:00:00+09:00,223.73471796907336,238.39319949118504,223.73471796907336,232.99270629882812,12879,0.0,0.0,0.0
2009-01-30 00:00:00+09:00,232.9927086923637,236.0787048339844,226.82071640912227,236.07870483398438,2765,0.0,0.0,0.0
2009-02-02 00:00:00+09:00,225.27771890745876,238.39320254248204,225.27771890745876,236.85020446777344,17193,0.0,0.0,0.0
2009-02-03 00:00:00+09:00,236.85022027151928,245.33671024867468,226.82073211669925,237.62171936035156,13471,0.0,0.0,0.0
2009-02-04 00:00:00+09:00,232.2212131206806,240.70770263671878,232.2212131206806,240.70770263671875,3023,0.0,0.0,0.0
2009-02-05 00:00:00+09:00,241.47918180872182,242.25068079213628,231.449695024334,235.30718994140625,3367,0.0,0.0,0.0
2009-02-06 00:00:00+09:00,234.5357162887986,235.30721535553806,222.96323028770655,228.3637237548828,5658,0.0,0.0,0.0
2009-02-09 00:00:00+09:00,232.9926960551655,232.9926960551655,214.4767202097219,220.64871215820312,18469,0.0,0.0,0.0
2009-02-10 00:00:00+09:00,221.42022821234997,222.96322631835938,216.01973484131705,222.96322631835938,10883,0.0,0.0,0.0
2009-02-11 00:00:00+09:00,229.90669529412384,229.90669529412384,208.30472392420617,215.2482147216797,4720,0.0,0.0,0.0
2009-02-12 00:00:00+09:00,216.01971629651612,223.73470616424885,212.93372034942306,218.33421325683594,15169,0.0,0.0,0.0
2009-02-13 00:00:00+09:00,222.19172726535467,223.73472537136408,215.24823578831234,222.96322631835938,5347,0.0,0.0,0.0
2009-02-16 00:00:00+09:00,229.1352267123685,234.53572027124588,219.1057386744534,233.76422119140625,17409,0.0,0.0,0.0
2009-02-17 00:00:00+09:00,232.22120294086002,232.22120294086002,222.19171577065677,227.5922088623047,1601,0.0,0.0,0.0
2009-02-18 00:00:00+09:00,227.59220698108413,227.59220698108413,221.4202149273598,225.2777099609375,4501,0.0,0.0,0.0
2009-02-19 00:00:00+09:00,216.01973540207436,225.27772406216326,212.93373918204472,223.73472595214844,7558,0.0,0.0,0.0
2009-02-20 00:00:00+09:00,216.0197448730469,221.42023849487308,200.58976309640067,216.01974487304688,13262,0.0,0.0,0.0
2009-02-23 00:00:00+09:00,215.2482457842146,219.10574122837613,195.96076856340682,216.01974487304688,4833,0.0,0.0,0.0
2009-02-24 00:00:00+09:00,215.2482293767037,216.79122743675177,203.6757439263433,214.4767303466797,4098,0.0,0.0,0.0
2009-02-25 00:00:00+09:00,222.96322215195244,222.96322215195244,209.07623945736717,217.56272888183594,731,0.0,0.0,0.0
2009-02-26 00:00:00+09:00,217.56274138633097,217.56274138633097,207.53325330823768,213.7052459716797,6506,0.0,0.0,0.0
2009-02-27 00:00:00+09:00,220.64872806008293,220.64872806008293,200.58975278189357,201.3612518310547,696,0.0,0.0,0.0
2009-03-02 00:00:00+09:00,216.01972840672775,218.33422549679983,201.36124683627122,214.4767303466797,6790,0.0,0.0,0.0
2009-03-03 00:00:00+09:00,212.93374578302559,212.93374578302559,185.15977894176137,212.16224670410156,6631,0.0,0.0,0.0
2009-03-04 00:00:00+09:00,193.64625376048107,210.6192321777344,193.64625376048107,210.61923217773438,4746,0.0,0.0,0.0
2009-03-05 00:00:00+09:00,222.1917128025141,222.1917128025141,195.96074670777287,205.21873474121094,8144,0.0,0.0,0.0
2009-03-06 00:00:00+09:00,203.6757471838663,203.6757471838663,188.24576633660368,199.0467529296875,3022,0.0,0.0,0.0
2009-03-09 00:00:00+09:00,192.87475245592762,228.3637069078183,192.87475245592762,207.53323364257812,171902,0.0,0.0,0.0
2009-03-10 00:00:00+09:00,200.58975041608403,204.44724561639333,187.4742667350324,198.27525329589844,31888,0.0,0.0,0.0
2009-03-11 00:00:00+09:00,199.04675468357132,216.01973376511614,198.2752556344102,201.3612518310547,31237,0.0,0.0,0.0
2009-03-12 00:00:00+09:00,202.9042556030724,213.70524259335002,201.36125746160417,209.0762481689453,15537,0.0,0.0,0.0
2009-03-13 00:00:00+09:00,214.4767588594534,214.4767588594534,202.90427187063398,211.39076232910156,14759,0.0,0.0,0.0
2009-03-16 00:00:00+09:00,211.39073119670044,217.56272334842893,206.7617370829041,210.61923217773438,8925,0.0,0.0,0.0
2009-03-17 00:00:00+09:00,220.64873482199278,220.64873482199278,209.84774780273438,209.84774780273438,21152,0.0,0.0,0.0
2009-03-18 00:00:00+09:00,219.87723749334162,219.87723749334162,195.18926696777345,212.16224670410156,24046,0.0,0.0,0.0
2009-03-19 00:00:00+09:00,219.10572452682385,219.10572452682385,209.07623713651148,214.4767303466797,3022,0.0,0.0,0.0
2009-03-20 00:00:00+09:00,209.84773616653553,214.4767303466797,209.07623713651148,214.4767303466797,3696,0.0,0.0,0.0
2009-03-23 00:00:00+09:00,220.6487121582031,220.6487121582031,220.6487121582031,220.64871215820312,120,0.0,0.0,0.0
2009-03-24 00:00:00+09:00,217.56272888183594,219.1057269590121,212.9337346503075,217.56272888183594,9068,0.0,0.0,0.0
2009-03-25 00:00:00+09:00,222.1917225033363,222.1917225033363,210.61923695628752,216.79122924804688,4982,0.0,0.0,0.0
2009-03-26 00:00:00+09:00,219.10571128970287,236.85018790823514,218.33421230628844,235.30718994140625,18272,0.0,0.0,0.0
2009-03-27 00:00:00+09:00,234.53570435378722,236.07870240874635,219.87722283167554,232.99270629882812,12620,0.0,0.0,0.0
2009-03-30 00:00:00+09:00,234.535698041524,234.535698041524,219.1057179072132,225.2777099609375,5306,0.0,0.0,0.0
2009-03-31 00:00:00+09:00,231.44970201466182,231.44970201466182,216.01972188035106,225.2777099609375,3604,0.0,0.0,0.0
2009-04-01 00:00:00+09:00,234.53570125078912,234.53570125078912,223.73471500897648,229.1352081298828,3665,0.0,0.0,0.0
2009-04-02 00:00:00+09:00,236.0786980063228,238.3931950456005,225.277711823027,227.5922088623047,12243,0.0,0.0,0.0
2009-04-03 00:00:00+09:00,238.39319697642486,238.39319697642486,223.73471560894242,229.90670776367188,17655,0.0,0.0,0.0
2009-04-06 00:00:00+09:00,235.30720089906015,235.30720089906015,223.73471560894242,229.90670776367188,14507,0.0,0.0,0.0
2009-04-07 00:00:00+09:00,236.85021523568142,236.85021523568142,224.50623007681855,230.67822265625,23292,0.0,0.0,0.0
2009-04-08 00:00:00+09:00,226.04921275986237,253.0516784479005,226.04921275986237,249.19418334960938,44485,0.0,0.0,0.0
2009-04-09 00:00:00+09:00,259.2236696639151,286.22613525390625,259.2236696639151,286.22613525390625,36439,0.0,0.0,0.0
2009-04-10 00:00:00+09:00,316.31462057223496,324.0296113178992,286.99765573871076,294.712646484375,88778,0.0,0.0,0.0
2009-04-13 00:00:00+09:00,330.20158071853405,330.20158071853405,298.5701208833474,307.0566101074219,22210,0.0,0.0,0.0
2009-04-14 00:00:00+09:00,313.2286169103674,313.2286169103674,273.8821650324641,285.45465087890625,39387,0.0,0.0,0.0
2009-04-15 00:00:00+09:00,277.7396657132985,327.88710535597744,277.7396657132985,314.0001220703125,267349,0.0,0.0,0.0
2009-04-16 00:00:00+09:00,314.00009746940765,317.8575925243144,290.08362812898594,302.4276123046875,71259,0.0,0.0,0.0
2009-04-17 00:00:00+09:00,328.65860823399044,328.65860823399044,286.99765789447054,297.79864501953125,19790,0.0,0.0,0.0
2009-04-20 00:00:00+09:00,299.34158807913036,299.34158807913036,262.3096390384132,287.76910400390625,29575,0.0,0.0,0.0
2009-04-21 00:00:00+09:00,290.8551062689887,290.8551062689887,263.081143866645,277.7396240234375,21430,0.0,0.0,0.0
2009-04-22 00:00:00+09:00,300.11313770435476,300.11313770435476,274.6536684389468,291.62664794921875,24837,0.0,0.0,0.0
2009-04-23 00:00:00+09:00,293.941145155165,293.941145155165,277.7396647135417,291.62664794921875,24499,0.0,0.0,0.0
2009-04-24 00:00:00+09:00,293.1696383971387,301.6561279296875,287.7691450582441,301.6561279296875,28356,0.0,0.0,0.0
2009-04-27 00:00:00+09:00,304.7421332132025,316.31461928459,299.34163971322175,314.0001220703125,44184,0.0,0.0,0.0
2009-04-28 00:00:00+09:00,316.3145931928586,316.3145931928586,293.16962295923474,300.8846130371094,23764,0.0,0.0,0.0
2009-04-29 00:00:00+09:00,294.7126353442822,308.5996181615521,294.7126353442822,300.1131286621094,17526,0.0,0.0,0.0
2009-04-30 00:00:00+09:00,301.6561358416522,312.4571228027344,301.6561358416522,312.4571228027344,36494,0.0,0.0,0.0
2009-05-04 00:00:00+09:00,347.17460074075836,347.17460074075836,310.1426433284108,316.31463623046875,46703,0.0,0.0,0.0
2009-05-06 00:00:00+09:00,322.4866174931149,322.4866174931149,310.14263213452676,321.7151184082031,22204,0.0,0.0,0.0
2009-05-07 00:00:00+09:00,324.0295865642491,361.8330383300781,318.6290934548449,361.8330383300781,79901,0.0,0.0,0.0
2009-05-08 00:00:00+09:00,361.0615708660927,379.5775488592257,351.8035818695262,363.3760681152344,107066,0.0,0.0,0.0
2009-05-11 00:00:00+09:00,375.7200611861711,375.7200611861711,356.43258371254836,374.17706298828125,62732,0.0,0.0,0.0
2009-05-12 00:00:00+09:00,382.66349333780676,389.6069841443395,374.1770045742667,377.26300048828125,83425,0.0,0.0,0.0
2009-05-13 00:00:00+09:00,377.263016369878,382.6635094467474,370.3195252710459,378.0345153808594,62474,0.0,0.0,0.0
2009-05-14 00:00:00+09:00,366.46210352579754,375.7200935096072,350.2606210541307,351.8036193847656,30969,0.0,0.0,0.0
2009-05-15 00:00:00+09:00,362.6045344959606,362.6045344959606,337.91656618985263,339.4595642089844,27834,0.0,0.0,0.0
2009-05-18 00:00:00+09:00,345.63157174667873,345.63157174667873,308.59961763096317,319.4006042480469,63520,0.0,0.0,0.0
2009-05-19 00:00:00+09:00,328.6585987019089,328.6585987019089,310.9141203682377,327.1156005859375,42003,0.0,0.0,0.0
2009-05-20 00:00:00+09:00,327.1155713578345,334.05906225929795,316.31458551111353,328.6585693359375,43585,0.0,0.0,0.0
2009-05-21 00:00:00+09:00,335.60206023740096,335.60206023740096,317.08608450016504,328.6585693359375,34316,0.0,0.0,0.0
2009-05-22 00:00:00+09:00,336.37359162803006,336.37359162803006,320.9436103606892,330.20159912109375,18624,0.0,0.0,0.0
2009-05-25 00:00:00+09:00,329.43011366900276,329.43011366900276,308.59963809742646,327.8871154785156,16108,0.0,0.0,0.0
2009-05-26 00:00:00+09:00,314.7715959028764,339.4595642089844,314.00009689331057,339.4595642089844,18436,0.0,0.0,0.0
2009-05-27 00:00:00+09:00,344.0885731342985,348.7175673917106,327.88709323335615,338.6880798339844,25492,0.0,0.0,0.0
2009-05-28 00:00:00+09:00,344.8600621865996,344.8600621865996,324.0295886317043,326.3440856933594,7987,0.0,0.0,0.0
2009-05-29 00:00:00+09:00,339.4595642089844,344.0885582663796,324.0295840176669,339.4595642089844,24761,0.0,0.0,0.0
2009-06-01 00:00:00+09:00,342.5455954415458,349.4890872410366,336.3736027308873,345.631591796875,13546,0.0,0.0,0.0
2009-06-02 00:00:00+09:00,361.06157357352123,361.06157357352123,335.602103642055,345.631591796875,26441,0.0,0.0,0.0
2009-06-03 00:00:00+09:00,357.97559142380624,357.97559142380624,337.9166143181619,343.3171081542969,5670,0.0,0.0,0.0
2009-06-04 00:00:00+09:00,333.2875841864224,351.0320620481995,324.80109477426817,335.6020812988281,20436,0.0,0.0,0.0
2009-06-05 00:00:00+09:00,334.83056580932913,337.9165618075718,311.68559582250913,315.5430908203125,12190,0.0,0.0,0.0
2009-06-08 00:00:00+09:00,333.2876091452206,333.2876091452206,324.80111909754135,327.8871154785156,5692,0.0,0.0,0.0
2009-06-09 00:00:00+09:00,335.60206023740096,335.60206023740096,321.71507843447404,328.6585693359375,7415,0.0,0.0,0.0
2009-06-10 00:00:00+09:00,337.1450859433129,344.0885774158296,311.6856172107515,324.02960205078125,29986,0.0,0.0,0.0
2009-06-11 00:00:00+09:00,314.00011879038584,338.6880888181312,314.00011879038584,330.20159912109375,42824,0.0,0.0,0.0
2009-06-12 00:00:00+09:00,321.7151173051581,337.14509895048946,320.172119140625,320.172119140625,10320,0.0,0.0,0.0
2009-06-15 00:00:00+09:00,334.8305887858073,338.6880840483166,320.94360584077384,324.02960205078125,24510,0.0,0.0,0.0
2009-06-16 00:00:00+09:00,332.5161175983708,333.28761671112807,311.6856415539253,316.31463623046875,11460,0.0,0.0,0.0
2009-06-17 00:00:00+09:00,315.5431317901611,315.5431317901611,305.5136434936523,308.5996398925781,12910,0.0,0.0,0.0
2009-06-18 00:00:00+09:00,308.59961058963,310.1426086425781,285.45463979540773,310.1426086425781,22185,0.0,0.0,0.0
2009-06-19 00:00:00+09:00,315.5431350181842,315.5431350181842,297.798655542834,313.2286376953125,5109,0.0,0.0,0.0
2009-06-22 00:00:00+09:00,327.11559708152663,327.11559708152663,314.7716122859973,322.4866027832031,2464,0.0,0.0,0.0
2009-06-23 00:00:00+09:00,324.02961008172286,324.02961008172286,293.1696472167969,293.1696472167969,15529,0.0,0.0,0.0
2009-06-24 00:00:00+09:00,308.5996144745431,310.91411158310217,288.5406395336978,295.484130859375,10916,0.0,0.0,0.0
2009-06-25 00:00:00+09:00,282.36865601503763,336.37359022556393,282.36865601503763,307.828125,43400,0.0,0.0,0.0
2009-06-26 00:00:00+09:00,307.056645860859,320.17213073431276,297.0271574282179,314.7716369628906,16656,0.0,0.0,0.0
2009-06-29 00:00:00+09:00,297.79865249633787,314.77163269042967,297.79865249633787,308.5996398925781,1634,0.0,0.0,0.0
2009-06-30 00:00:00+09:00,297.79865249633787,311.6856362915039,297.79865249633787,308.5996398925781,5925,0.0,0.0,0.0
2009-07-01 00:00:00+09:00,327.88708625148183,327.88708625148183,301.6561193513633,310.1426086425781,3042,0.0,0.0,0.0
2009-07-02 00:00:00+09:00,308.59961058963,313.2286047484744,302.4276183778374,310.1426086425781,1822,0.0,0.0,0.0
2009-07-03 00:00:00+09:00,303.1991328767156,313.2286207326884,303.1991328767156,310.91412353515625,1891,0.0,0.0,0.0
2009-07-06 00:00:00+09:00,310.9141052092739,328.6585826777932,305.51361206668105,307.0566101074219,6253,0.0,0.0,0.0
2009-07-07 00:00:00+09:00,307.82810327562237,320.17208736687536,300.88461222429254,318.62908935546875,6998,0.0,0.0,0.0
2009-07-08 00:00:00+09:00,317.8576344559832,317.8576344559832,302.4276522008384,316.31463623046875,7861,0.0,0.0,0.0
2009-07-09 00:00:00+09:00,308.59961763096317,327.115594688821,285.4546463086409,319.4006042480469,11815,0.0,0.0,0.0
2009-07-10 00:00:00+09:00,302.4276078277812,319.4005858181158,302.4276078277812,315.5430908203125,8285,0.0,0.0,0.0
2009-07-13 00:00:00+09:00,312.45713539123534,315.5431317901611,293.1696578979492,308.5996398925781,5984,0.0,0.0,0.0
2009-07-14 00:00:00+09:00,285.45462425718915,310.1425917605136,285.45462425718915,290.0836181640625,17351,0.0,0.0,0.0
2009-07-15 00:00:00+09:00,290.855124229242,328.6585753890108,255.36617007925489,280.05413818359375,32894,0.0,0.0,0.0
2009-07-16 00:00:00+09:00,285.45464371835715,300.11312542281337,266.9386668285178,276.1966552734375,38623,0.0,0.0,0.0
2009-07-17 00:00:00+09:00,271.56764216188526,271.56764216188526,235.30718994140625,235.30718994140625,312471,0.0,0.0,0.0
2009-07-20 00:00:00+09:00,238.39320779148537,251.50869171528876,201.3612531830993,243.793701171875,1107251,0.0,0.0,0.0
2009-07-21 00:00:00+09:00,253.82318319821488,276.1966552734375,243.79369571621856,276.1966552734375,313353,0.0,0.0,0.0
2009-07-22 00:00:00+09:00,292.39812223576314,293.16962123902374,274.6536451607696,280.05413818359375,190398,0.0,0.0,0.0
2009-07-23 00:00:00+09:00,277.7396240234375,283.1401167127821,266.93863864474827,277.7396240234375,38458,0.0,0.0,0.0
2009-07-24 00:00:00+09:00,277.7396240234375,277.7396240234375,245.3366678873698,277.7396240234375,68889,0.0,0.0,0.0
2009-07-27 00:00:00+09:00,277.7396428034856,319.4005892240084,265.3956586788862,300.8846130371094,782011,0.0,0.0,0.0
2009-07-28 00:00:00+09:00,293.1696059677627,299.34159767234723,276.19662878015544,280.82562255859375,200414,0.0,0.0,0.0
2009-07-29 00:00:00+09:00,283.9116584410411,285.4546565847424,266.93867886032666,272.33917236328125,123098,0.0,0.0,0.0
2009-07-30 00:00:00+09:00,270.79615221525495,274.65364726105634,259.2236670778509,263.8526611328125,70925,0.0,0.0,0.0
2009-07-31 00:00:00+09:00,263.8526968522505,288.5406684875488,262.3096986250444,271.56768798828125,52543,0.0,0.0,0.0
2009-08-03 00:00:00+09:00,282.36865465318834,285.45465087890625,270.7961688067462,285.45465087890625,62255,0.0,0.0,0.0
2009-08-04 00:00:00+09:00,291.6266490735506,293.94114628842004,278.511164855957,293.1696472167969,65864,0.0,0.0,0.0
2009-08-05 00:00:00+09:00,293.16964833524213,299.34164093177355,285.4546575895779,294.712646484375,35266,0.0,0.0,0.0
2009-08-06 00:00:00+09:00,294.7126453600432,296.2556435032895,285.45465650056536,293.1696472167969,18825,0.0,0.0,0.0
2009-08-07 00:00:00+09:00,285.45465650056536,300.8846379330284,285.45465650056536,293.1696472167969,30260,0.0,0.0,0.0
2009-08-10 00:00:00+09:00,290.08363523458115,300.88462165289,282.36864493578906,292.39813232421875,51542,0.0,0.0,0.0
2009-08-11 00:00:00+09:00,292.39814814517376,300.1131388614052,286.9976546438117,293.1696472167969,51057,0.0,0.0,0.0
2009-08-12 00:00:00+09:00,293.1696437896892,296.2556400401069,285.4546531636447,288.5406494140625,42832,0.0,0.0,0.0
2009-08-13 00:00:00+09:00,296.2556529471545,296.2556529471545,277.7396746379573,284.68316650390625,43378,0.0,0.0,0.0
2009-08-14 00:00:00+09:00,280.0541551933914,286.2261475943477,280.0541551933914,282.36865234375,22485,0.0,0.0,0.0
2009-08-17 00:00:00+09:00,277.7396344124002,290.0836181640625,271.5676425365691,290.0836181640625,28352,0.0,0.0,0.0
2009-08-18 00:00:00+09:00,293.9411487739627,293.9411487739627,255.3661948666185,275.4251708984375,21424,0.0,0.0,0.0
2009-08-19 00:00:00+09:00,275.42516635140584,285.4546542017371,266.93867663189474,269.253173828125,14342,0.0,0.0,0.0
2009-08-20 00:00:00+09:00,267.7101863871422,284.68316650390625,267.7101863871422,284.68316650390625,23478,0.0,0.0,0.0
2009-08-21 00:00:00+09:00,284.68315633138025,290.85514888057,270.7961730957031,270.7961730957031,21909,0.0,0.0,0.0
2009-08-24 00:00:00+09:00,280.8256470416225,280.8256470416225,265.39566643494,273.11065673828125,15721,0.0,0.0,0.0
2009-08-25 00:00:00+09:00,264.62419494628904,273.1106851632254,262.3096976143973,270.0246887207031,27772,0.0,0.0,0.0
2009-08-26 00:00:00+09:00,277.7396635476361,277.7396635476361,261.538183174024,269.253173828125,44489,0.0,0.0,0.0
2009-08-27 00:00:00+09:00,276.96814296946803,276.96814296946803,254.59467181037454,262.3096618652344,27716,0.0,0.0,0.0
2009-08-28 00:00:00+09:00,265.3956591511331,268.48165518777415,259.99516608701117,263.8526611328125,9120,0.0,0.0,0.0
2009-08-31 00:00:00+09:00,267.71015098708835,267.71015098708835,251.5086721089072,257.6806640625,35027,0.0,0.0,0.0
2009-09-01 00:00:00+09:00,249.96569880558897,262.30968393179086,246.10820345365087,250.73719787597656,58738,0.0,0.0,0.0
2009-09-02 00:00:00+09:00,256.9091875076294,256.9091875076294,246.10820064544677,246.87969970703125,9341,0.0,0.0,0.0
2009-09-03 00:00:00+09:00,246.8797025240385,254.5946932279147,242.25070810171275,250.73719787597656,20405,0.0,0.0,0.0
2009-09-04 00:00:00+09:00,253.0516785369522,287.76913443379016,251.50868049709277,268.4816589355469,98429,0.0,0.0,0.0
2009-09-07 00:00:00+09:00,277.7396533475908,283.9116456442039,262.3096726060579,276.1966552734375,23268,0.0,0.0,0.0
2009-09-08 00:00:00+09:00,271.5676837300145,279.28267474507174,262.30969451194585,265.39569091796875,32614,0.0,0.0,0.0
2009-09-09 00:00:00+09:00,274.65365109498475,274.65365109498475,262.309666776109,268.4816589355469,23090,0.0,0.0,0.0
2009-09-10 00:00:00+09:00,270.0246822199173,277.73967314048633,228.36373124884432,260.7666931152344,113074,0.0,0.0,0.0
2009-09-11 00:00:00+09:00,262.3096567176911,270.79614561149873,256.1376647949219,256.1376647949219,13126,0.0,0.0,0.0
2009-09-14 00:00:00+09:00,256.13770169990005,266.16719001947445,251.50870709086573,265.39569091796875,43243,0.0,0.0,0.0
2009-09-15 00:00:00+09:00,262.3096618652344,266.16715689266425,254.59467181037454,262.3096618652344,16564,0.0,0.0,0.0
2009-09-16 00:00:00+09:00,254.59468223529154,276.1966552734375,254.59468223529154,276.1966552734375,102660,0.0,0.0,0.0
2009-09-17 00:00:00+09:00,271.56769432357595,307.0566543772251,271.56769432357595,304.7421569824219,147124,0.0,0.0,0.0
2009-09-18 00:00:00+09:00,310.9141357018559,350.2605895996094,291.6266583009964,350.2605895996094,275916,0.0,0.0,0.0
2009-09-21 00:00:00+09:00,359.5185090485994,359.5185090485994,298.57009227855787,342.5455322265625,327169,0.0,0.0,0.0
2009-09-22 00:00:00+09:00,339.4595654517817,344.0885595261242,326.3440822411447,341.0025634765625,109914,0.0,0.0,0.0
2009-09-23 00:00:00+09:00,341.0025628537548,391.9214975785236,334.830570765904,378.0345153808594,354003,0.0,0.0,0.0
2009-09-24 00:00:00+09:00,382.66349896072245,432.0394343104931,364.14752320455847,420.4669494628906,372266,0.0,0.0,0.0
2009-09-25 00:00:00+09:00,430.4964435548711,462.8994016719044,395.77898842947826,410.4374694824219,923456,0.0,0.0,0.0
2009-09-28 00:00:00+09:00,415.0664644536283,459.04190771358526,404.2654783897793,449.0124206542969,231875,0.0,0.0,0.0
2009-09-29 00:00:00+09:00,462.8994305928548,469.0714230007595,441.29745716518823,444.3834533691406,181211,0.0,0.0,0.0
2009-09-30 00:00:00+09:00,444.38345614346593,444.38345614346593,391.9215203487512,407.35150146484375,134141,0.0,0.0,0.0
2009-10-01 00:00:00+09:00,416.6094828760901,416.6094828760901,382.6635250121124,398.093505859375,99688,0.0,0.0,0.0
2009-10-05 00:00:00+09:00,416.60947527204246,416.60947527204246,381.8920189993722,388.83551025390625,32440,0.0,0.0,0.0
2009-10-06 00:00:00+09:00,370.3195376188859,398.0935029403023,349.4890636278235,354.8895568847656,73506,0.0,0.0,0.0
2009-10-07 00:00:00+09:00,356.432548828125,391.92150390624994,351.80355468749997,385.74951171875,53970,0.0,0.0,0.0
2009-10-08 00:00:00+09:00,385.7495279023142,427.4104769157641,385.7495279023142,407.35150146484375,104772,0.0,0.0,0.0
2009-10-09 00:00:00+09:00,401.1795295266544,414.29501414579505,393.46453857421875,393.46453857421875,46372,0.0,0.0,0.0
2009-10-12 00:00:00+09:00,398.0935182814029,436.6684716032443,391.1500266834715,394.23602294921875,108240,0.0,0.0,0.0
2009-10-13 00:00:00+09:00,394.2360106475594,405.8084962830063,378.0345307579336,398.093505859375,22635,0.0,0.0,0.0
2009-10-14 00:00:00+09:00,385.7495069964942,401.17948727635394,362.60453657670456,398.864990234375,35545,0.0,0.0,0.0
2009-10-15 00:00:00+09:00,386.52104671702665,396.55053495519303,375.72005938361673,393.46453857421875,19292,0.0,0.0,0.0
2009-10-16 00:00:00+09:00,406.579992890358,406.579992890358,378.0345284938812,395.00750732421875,14124,0.0,0.0,0.0
2009-10-19 00:00:00+09:00,400.40797930920337,400.40797930920337,369.54801943951526,388.0639953613281,40478,0.0,0.0,0.0
2009-10-20 00:00:00+09:00,378.034521484375,390.37850585937497,330.20158203125,385.74951171875,79920,0.0,0.0,0.0
2009-10-21 00:00:00+09:00,364.91906379977706,387.2925370560002,354.8895757883667,381.12054443359375,58701,0.0,0.0,0.0
2009-10-22 00:00:00+09:00,383.43500845772877,384.20650746871013,355.6610440624003,378.0345153808594,11747,0.0,0.0,0.0
2009-10-23 00:00:00+09:00,368.77650518556726,377.2629937986243,364.9190103614505,369.5480041503906,10888,0.0,0.0,0.0
2009-10-26 00:00:00+09:00,405.8085339379932,405.8085339379932,371.86257292416866,384.9780578613281,25049,0.0,0.0,0.0
2009-10-27 00:00:00+09:00,371.09098605231765,379.5774742988363,364.1474956688023,368.7764892578125,22011,0.0,0.0,0.0
2009-10-28 00:00:00+09:00,364.1475113966271,382.6634865523878,345.6315362408664,369.5480041503906,36049,0.0,0.0,0.0
2009-10-29 00:00:00+09:00,381.120502375755,381.120502375755,353.34653863987,367.2335205078125,32488,0.0,0.0,0.0
2009-10-30 00:00:00+09:00,383.4350117663023,383.4350117663023,314.0001001788431,324.80108642578125,103049,0.0,0.0,0.0
2009-11-02 00:00:00+09:00,323.25815026801934,360.2901102032578,317.85765611079705,351.8036193847656,54959,0.0,0.0,0.0
2009-11-03 00:00:00+09:00,357.97554812811114,357.97554812811114,339.45957150079505,348.7175598144531,13847,0.0,0.0,0.0
2009-11-04 00:00:00+09:00,333.2876115157615,359.5185809406131,333.2876115157615,353.3465881347656,16716,0.0,0.0,0.0
2009-11-05 00:00:00+09:00,300.8846130371094,307.8281041071965,300.8846130371094,300.8846130371094,342374,0.0,0.0,0.0
2009-11-06 00:00:00+09:00,266.9386671828078,279.2826517924174,256.13768064939944,256.9091796875,647951,0.0,0.0,0.0
2009-11-09 00:00:00+09:00,257.68068950946514,261.53818486140324,240.7077099609375,250.73719787597656,121220,0.0,0.0,0.0
2009-11-10 00:00:00+09:00,253.82320421006943,253.82320421006943,238.39322219122022,243.022216796875,75861,0.0,0.0,0.0
2009-11-11 00:00:00+09:00,243.02219059156334,254.59467585782826,233.76420237855143,248.4226837158203,80121,0.0,0.0,0.0
2009-11-12 00:00:00+09:00,244.56520531287563,252.28019601675183,244.56520531287563,250.73719787597656,53905,0.0,0.0,0.0
2009-11-13 00:00:00+09:00,247.6511987686157,257.68068656921383,245.3367015838623,246.87969970703125,52612,0.0,0.0,0.0
2009-11-16 00:00:00+09:00,245.33669387867084,249.96568810279672,236.85020446777344,236.85020446777344,35970,0.0,0.0,0.0
2009-11-17 00:00:00+09:00,239.1647106892354,239.1647106892354,228.36372375488284,228.3637237548828,46968,0.0,0.0,0.0
2009-11-18 00:00:00+09:00,232.99271461223734,238.3932079972892,219.8772306771114,223.73472595214844,69181,0.0,0.0,0.0
2009-11-19 00:00:00+09:00,223.7347081324437,229.13520108736478,220.6487121582031,220.64871215820312,34463,0.0,0.0,0.0
2009-11-20 00:00:00+09:00,223.73473315349113,234.53572027124588,222.19173499381188,233.76422119140625,18348,0.0,0.0,0.0
2009-11-23 00:00:00+09:00,234.53570676317403,241.47919808182064,233.76420772776885,236.07870483398438,19761,0.0,0.0,0.0
2009-11-24 00:00:00+09:00,234.53570676317403,239.16470097560511,232.9927086923637,236.07870483398438,22381,0.0,0.0,0.0
2009-11-25 00:00:00+09:00,234.53569095799182,236.85018790823514,227.5922001072618,235.30718994140625,36169,0.0,0.0,0.0
2009-11-26 00:00:00+09:00,235.30721055136786,238.39320675532022,222.1917266845703,222.1917266845703,40130,0.0,0.0,0.0
2009-11-27 00:00:00+09:00,216.79124117764562,222.96323380903766,209.84774946732955,212.16224670410156,29449,0.0,0.0,0.0
2009-11-30 00:00:00+09:00,217.56271491252198,219.105712890625,212.93372097821302,219.105712890625,16411,0.0,0.0,0.0
2009-12-01 00:00:00+09:00,217.56273573272082,228.36372261306866,214.47673948119285,226.8207244873047,11679,0.0,0.0,0.0
2009-12-02 00:00:00+09:00,235.3072193510855,236.0787184309251,225.27773131317036,233.76422119140625,24013,0.0,0.0,0.0
2009-12-03 00:00:00+09:00,233.7642028603778,244.5651891311543,229.90670776367188,229.90670776367188,31577,0.0,0.0,0.0
2009-12-04 00:00:00+09:00,233.76422007614593,233.76422007614593,229.13522561919254,232.22122192382812,5242,0.0,0.0,0.0
2009-12-07 00:00:00+09:00,232.22122192382812,238.39321453309933,231.44972284766925,232.22122192382812,21891,0.0,0.0,0.0
2009-12-08 00:00:00+09:00,228.36372261306866,236.07871324188855,226.8207244873047,226.8207244873047,24890,0.0,0.0,0.0
2009-12-09 00:00:00+09:00,232.2212179274786,232.2212179274786,223.7347282357767,226.8207244873047,8610,0.0,0.0,0.0
2009-12-10 00:00:00+09:00,223.73474277327082,228.3637374513385,217.5627498691806,226.0492401123047,5697,0.0,0.0,0.0
2009-12-11 00:00:00+09:00,237.62169603250794,237.62169603250794,221.42021675756422,227.5922088623047,18151,0.0,0.0,0.0
2009-12-14 00:00:00+09:00,229.13524017333984,234.53573404947915,222.96324717203774,231.44973754882812,27061,0.0,0.0,0.0
2009-12-15 00:00:00+09:00,236.07869928533378,237.62169731987845,222.96321599170415,229.1352081298828,13723,0.0,0.0,0.0
2009-12-16 00:00:00+09:00,236.07873229980467,236.85023142496743,229.13524017333984,231.44973754882812,13229,0.0,0.0,0.0
2009-12-17 00:00:00+09:00,236.85021523568142,236.85021523568142,229.13522451139212,230.67822265625,13241,0.0,0.0,0.0
2009-12-18 00:00:00+09:00,230.67819604091957,235.30718994140625,227.5922001072618,235.30718994140625,11282,0.0,0.0,0.0
2009-12-21 00:00:00+09:00,235.30721378326413,246.87969970703122,229.90672035217284,246.87969970703125,69252,0.0,0.0,0.0
2009-12-22 00:00:00+09:00,239.1647175380162,246.8797084263393,234.53572300502233,237.62171936035156,8300,0.0,0.0,0.0
2009-12-23 00:00:00+09:00,235.30719899323026,240.70769208487818,221.42021675756422,227.5922088623047,23501,0.0,0.0,0.0
2009-12-24 00:00:00+09:00,229.90670842300227,261.53816830670394,229.90670842300227,249.96568298339844,66624,0.0,0.0,0.0
2009-12-28 00:00:00+09:00,253.8232002258301,267.7101838248117,242.25071389334545,259.22369384765625,50153,0.0,0.0,0.0
2009-12-29 00:00:00+09:00,262.3096618652344,265.3956578871783,256.1376698213465,262.3096618652344,45831,0.0,0.0,0.0
2009-12-30 00:00:00+09:00,259.2236741922669,275.4251538292836,254.59468001026218,273.11065673828125,36940,0.0,0.0,0.0
2010-01-04 00:00:00+09:00,275.42517860412596,314.0001335906982,268.481686706543,308.5996398925781,290294,0.0,0.0,0.0
2010-01-05 00:00:00+09:00,324.029621887207,324.029621887207,293.1696578979492,308.5996398925781,65114,0.0,0.0,0.0
2010-01-06 00:00:00+09:00,299.3416262419327,354.8895568847656,299.3416262419327,354.8895568847656,410250,0.0,0.0,0.0
2010-01-07 00:00:00+09:00,370.3195746962675,407.3515321658943,370.3195746962675,384.9780578613281,398936,0.0,0.0,0.0
2010-01-08 00:00:00+09:00,399.6364803124612,399.6364803124612,348.71754652747575,388.0639953613281,143186,0.0,0.0,0.0
2010-01-11 00:00:00+09:00,388.0639953613281,388.0639953613281,362.6045284688354,388.0639953613281,136288,0.0,0.0,0.0
2010-01-12 00:00:00+09:00,399.63650813572843,399.63650813572843,374.9485385211661,383.4350280761719,52784,0.0,0.0,0.0
2010-01-13 00:00:00+09:00,378.0345563035993,382.6635508705821,352.57508618519364,371.091064453125,71082,0.0,0.0,0.0
2010-01-14 00:00:00+09:00,376.49156340892176,376.49156340892176,342.54560277369114,356.4325866699219,35262,0.0,0.0,0.0
2010-01-15 00:00:00+09:00,362.6045248542033,362.6045248542033,325.5725733797315,328.6585693359375,56229,0.0,0.0,0.0
2010-01-18 00:00:00+09:00,328.6585574404546,344.0885366630112,315.54307510128154,332.51605224609375,60000,0.0,0.0,0.0
2010-01-19 00:00:00+09:00,338.68806519941853,339.4595642089844,321.7150869889693,339.4595642089844,15389,0.0,0.0,0.0
2010-01-20 00:00:00+09:00,339.45957841544316,381.1205266755203,327.1155937457907,357.9755554199219,77792,0.0,0.0,0.0
2010-01-21 00:00:00+09:00,344.088627731591,357.2041135419879,337.14513524373376,351.8036193847656,50449,0.0,0.0,0.0
2010-01-22 00:00:00+09:00,351.80359203784496,360.2900821966526,324.0296242453835,356.4325866699219,43104,0.0,0.0,0.0
2010-01-25 00:00:00+09:00,343.3170559619247,357.9755370029957,339.4595609511166,354.1180419921875,37595,0.0,0.0,0.0
2010-01-26 00:00:00+09:00,354.11811688071805,354.11811688071805,322.48665110270184,351.8036193847656,47125,0.0,0.0,0.0
2010-01-27 00:00:00+09:00,357.97558831935976,357.97558831935976,305.51364865186736,316.31463623046875,48621,0.0,0.0,0.0
2010-01-28 00:00:00+09:00,347.1745882102912,347.1745882102912,309.371133049615,321.7151184082031,22996,0.0,0.0,0.0
2010-01-29 00:00:00+09:00,312.4571069396368,329.4300855882097,305.51361567431155,311.68560791015625,30374,0.0,0.0,0.0
2010-02-01 00:00:00+09:00,311.6856203007519,320.9436090225564,302.4276315789474,307.828125,29135,0.0,0.0,0.0
2010-02-02 00:00:00+09:00,341.0026025230708,353.3465881347656,337.91660612014704,353.3465881347656,244905,0.0,0.0,0.0
2010-02-03 00:00:00+09:00,405.8085021972657,405.8085021972657,405.8085021972657,405.8085021972656,22748,0.0,0.0,0.0
2010-02-04 00:00:00+09:00,405.8085021972657,405.8085021972657,405.8085021972657,405.8085021972656,0,0.0,0.0,0.0
2010-02-05 00:00:00+09:00,384.20651568482253,465.98541259765625,367.23353708027213,465.98541259765625,1996624,0.0,0.0,0.0
2010-02-08 00:00:00+09:00,477.5578772267987,509.1893359768775,447.4694164645287,478.3293762207031,937639,0.0,0.0,0.0
2010-02-09 00:00:00+09:00,482.958399800421,507.6463691192924,453.6414362342613,476.7864074707031,491177,0.0,0.0,0.0
2010-02-10 00:00:00+09:00,488.35891949484926,488.35891949484926,419.69550111405687,427.4104919433594,358602,0.0,0.0,0.0
2010-02-11 00:00:00+09:00,424.32449885777066,447.46947152274,412.75201252528603,432.03948974609375,304463,0.0,0.0,0.0
2010-02-12 00:00:00+09:00,418.1524882461086,424.3244806925456,378.0345373442679,407.35150146484375,190244,0.0,0.0,0.0
2010-02-16 00:00:00+09:00,405.8085101092304,416.60949707031256,385.7495343243635,416.6094970703125,111778,0.0,0.0,0.0
2010-02-17 00:00:00+09:00,424.3244900422938,426.6389872607063,408.8945085862104,419.69549560546875,89476,0.0,0.0,0.0
2010-02-18 00:00:00+09:00,431.26798735801066,459.81345342643,427.4104919433594,427.4104919433594,504050,0.0,0.0,0.0
2010-02-19 00:00:00+09:00,413.5234426546005,424.3244280970714,396.55046553071764,401.9509582519531,190787,0.0,0.0,0.0
2010-02-22 00:00:00+09:00,402.7225059828378,415.0664908405493,387.29252491069843,405.8085021972656,103812,0.0,0.0,0.0
2010-02-23 00:00:00+09:00,408.8945007324218,416.60949131227886,401.17951015256483,408.8945007324219,82053,0.0,0.0,0.0
2010-02-24 00:00:00+09:00,407.3515321658943,408.89453039379543,355.661091531207,384.9780578613281,257120,0.0,0.0,0.0
2010-02-25 00:00:00+09:00,384.9780064796915,398.09348966637435,364.9190321941765,378.0345153808594,101745,0.0,0.0,0.0
2010-02-26 00:00:00+09:00,379.57753946771265,393.4645226189704,362.6045600606198,371.862548828125,47290,0.0,0.0,0.0
2010-03-02 00:00:00+09:00,365.69052252248554,381.120502375755,362.60452655183167,367.2335205078125,52151,0.0,0.0,0.0
2010-03-03 00:00:00+09:00,362.604545767016,374.9485303037655,358.7470505992818,372.634033203125,31822,0.0,0.0,0.0
2010-03-04 00:00:00+09:00,364.9190716971479,379.5775544925936,364.9190716971479,371.091064453125,31056,0.0,0.0,0.0
2010-03-05 00:00:00+09:00,370.31956535862787,376.491558114605,359.51857803566793,371.091064453125,47888,0.0,0.0,0.0
2010-03-08 00:00:00+09:00,371.09100885350307,374.94850374803013,358.74702519101646,359.5185241699219,61613,0.0,0.0,0.0
2010-03-09 00:00:00+09:00,361.06157914207495,363.3760764442677,342.5456007245326,353.3465881347656,57286,0.0,0.0,0.0
2010-03-10 00:00:00+09:00,354.88951536986207,354.88951536986207,305.51358279666385,342.5455322265625,121771,0.0,0.0,0.0
2010-03-11 00:00:00+09:00,341.7740826876658,342.54558174565153,321.7151071800376,327.1156005859375,55747,0.0,0.0,0.0
2010-03-12 00:00:00+09:00,311.68560776788314,336.3735766999927,311.68560776788314,330.97308349609375,57526,0.0,0.0,0.0
2010-03-15 00:00:00+09:00,330.97308349609375,330.97308349609375,330.97308349609375,330.97308349609375,0,0.0,0.0,0.0
2010-03-16 00:00:00+09:00,311.6855998646129,339.4595642089844,311.6855998646129,339.4595642089844,47173,0.0,0.0,0.0
2010-03-17 00:00:00+09:00,339.4595654517817,361.06153779871323,339.4595654517817,341.0025634765625,24955,0.0,0.0,0.0
2010-03-18 00:00:00+09:00,342.54553222656256,356.43251326277453,339.4595364407376,342.5455322265625,22823,0.0,0.0,0.0
2010-03-19 00:00:00+09:00,345.63157711581295,354.11806673249583,337.9165865551921,346.403076171875,42237,0.0,0.0,0.0
2010-03-22 00:00:00+09:00,349.48905884059127,353.3465539712821,344.86006468376223,348.7175598144531,25744,0.0,0.0,0.0
2010-03-23 00:00:00+09:00,352.57504866241874,352.57504866241874,339.4595654517817,341.0025634765625,20982,0.0,0.0,0.0
2010-03-24 00:00:00+09:00,329.4301056186903,342.54558991732665,329.4301056186903,337.9165954589844,33336,0.0,0.0,0.0
2010-03-25 00:00:00+09:00,334.83057741258966,337.9165735177748,324.0295910444416,329.4300842285156,53269,0.0,0.0,0.0
2010-03-26 00:00:00+09:00,347.1745680889767,347.1745680889767,327.1155930438358,337.14508056640625,19521,0.0,0.0,0.0
2010-03-29 00:00:00+09:00,337.14509185081306,337.14509185081306,322.4866095964299,331.7445983886719,57592,0.0,0.0,0.0
2010-03-30 00:00:00+09:00,337.91656972563464,337.91656972563464,319.4005933023122,324.80108642578125,42905,0.0,0.0,0.0
2010-03-31 00:00:00+09:00,322.4865943228844,324.8010914113262,309.37111082171447,311.68560791015625,36819,0.0,0.0,0.0
2010-04-01 00:00:00+09:00,308.599635012679,330.2016094635665,308.599635012679,323.25811767578125,30533,0.0,0.0,0.0
2010-04-02 00:00:00+09:00,323.2580932048095,333.287580583479,314.7716038843968,330.97308349609375,21019,0.0,0.0,0.0
2010-04-05 00:00:00+09:00,330.9731091090611,346.40309088570734,330.9731091090611,345.631591796875,60014,0.0,0.0,0.0
2010-04-06 00:00:00+09:00,339.45959908621654,347.17458997453963,339.45959908621654,345.631591796875,32488,0.0,0.0,0.0
2010-04-07 00:00:00+09:00,344.8600769042968,347.17457406472835,339.4595835299566,344.8600769042969,21415,0.0,0.0,0.0
2010-04-08 00:00:00+09:00,345.63157711581295,362.6045563491787,330.97309505063333,346.403076171875,47256,0.0,0.0,0.0
2010-04-09 00:00:00+09:00,346.40308529927853,354.8895751395727,331.7446028478614,337.9165954589844,32482,0.0,0.0,0.0
2010-04-12 00:00:00+09:00,331.74461848561356,339.459609613186,310.91414244116805,316.31463623046875,103407,0.0,0.0,0.0
2010-04-13 00:00:00+09:00,308.5996451028963,327.11562380907014,308.5996451028963,316.31463623046875,26562,0.0,0.0,0.0
2010-04-14 00:00:00+09:00,324.02960772847024,349.4890769071357,322.4866095964299,331.7445983886719,149018,0.0,0.0,0.0
2010-04-15 00:00:00+09:00,341.0025860082323,341.0025860082323,320.9436103606892,330.20159912109375,22152,0.0,0.0,0.0
2010-04-16 00:00:00+09:00,316.31460194265367,331.74458252522214,316.31460194265367,330.97308349609375,9376,0.0,0.0,0.0
2010-04-19 00:00:00+09:00,330.97309587586597,337.9165873977373,322.4866062380233,327.1156005859375,26598,0.0,0.0,0.0
2010-04-20 00:00:00+09:00,345.631591796875,345.631591796875,327.8871127537319,345.631591796875,17525,0.0,0.0,0.0
2010-04-21 00:00:00+09:00,328.65859182949725,395.0075094288793,328.65859182949725,357.9755554199219,333408,0.0,0.0,0.0
2010-04-22 00:00:00+09:00,358.74700927734375,367.2334976688508,353.34651666456654,358.74700927734375,93371,0.0,0.0,0.0
2010-04-23 00:00:00+09:00,340.2310926881555,356.4325732923534,333.28760100064216,337.9165954589844,136855,0.0,0.0,0.0
2010-04-26 00:00:00+09:00,337.91658499581473,347.17457362583707,324.02960205078125,324.02960205078125,51703,0.0,0.0,0.0
2010-04-27 00:00:00+09:00,327.88710193099257,339.45958788149824,317.8576141072211,330.20159912109375,80998,0.0,0.0,0.0
2010-04-28 00:00:00+09:00,337.91655165484167,371.862506615602,329.43006291465156,340.2310485839844,413693,0.0,0.0,0.0
2010-04-29 00:00:00+09:00,341.002581636911,352.57506743906856,339.4595835299566,344.8600769042969,77733,0.0,0.0,0.0
2010-04-30 00:00:00+09:00,341.002548676192,368.0050129378814,341.002548676192,359.5185241699219,74813,0.0,0.0,0.0
2010-05-03 00:00:00+09:00,368.00504296401454,368.00504296401454,351.8035630850957,357.9755554199219,67838,0.0,0.0,0.0
2010-05-04 00:00:00+09:00,361.83304821511973,364.14754532523773,350.2605626645295,354.8895568847656,60446,0.0,0.0,0.0
2010-05-06 00:00:00+09:00,347.1745543046431,347.1745543046431,331.74457411332565,339.4595642089844,73099,0.0,0.0,0.0
2010-05-07 00:00:00+09:00,336.3735880919542,336.3735880919542,301.6561306053993,325.5726013183594,39344,0.0,0.0,0.0
2010-05-10 00:00:00+09:00,325.57261548723494,352.5750835963658,325.57261548723494,345.631591796875,25746,0.0,0.0,0.0
2010-05-11 00:00:00+09:00,345.6315763449367,367.23354986649525,326.3440999864023,365.6905517578125,170031,0.0,0.0,0.0
2010-05-12 00:00:00+09:00,373.40555365558583,395.0075278340081,357.2040730217691,381.12054443359375,369255,0.0,0.0,0.0
2010-05-13 00:00:00+09:00,397.32204368453705,397.32204368453705,357.97558887305865,384.9780578613281,135590,0.0,0.0,0.0
2010-05-14 00:00:00+09:00,398.0935427984876,398.0935427984876,373.4055711520698,384.9780578613281,114388,0.0,0.0,0.0
2010-05-17 00:00:00+09:00,386.52107409745395,387.2925732473491,364.9190979003906,364.9190979003906,70833,0.0,0.0,0.0
2010-05-18 00:00:00+09:00,371.8625976830198,371.8625976830198,351.8036193847656,351.8036193847656,87047,0.0,0.0,0.0
2010-05-19 00:00:00+09:00,348.7175561194997,351.8035521913537,333.2875757602298,344.08856201171875,67403,0.0,0.0,0.0
2010-05-20 00:00:00+09:00,345.63155628551135,385.7495047829368,339.4595642089844,339.4595642089844,62942,0.0,0.0,0.0
2010-05-24 00:00:00+09:00,332.5160731228915,339.4595642089844,323.25808500810103,339.4595642089844,33337,0.0,0.0,0.0
2010-05-25 00:00:00+09:00,337.9165695652817,341.77406465164336,288.5406324598524,305.51361083984375,113825,0.0,0.0,0.0
2010-05-26 00:00:00+09:00,307.05662067119897,320.943603515625,293.1696378267729,320.943603515625,23199,0.0,0.0,0.0
2010-05-27 00:00:00+09:00,322.4866039457775,327.1155982607887,308.59962100074404,324.02960205078125,175626,0.0,0.0,0.0
2010-05-28 00:00:00+09:00,337.91656742700087,359.51853977393245,327.8870802659255,341.0025634765625,85867,0.0,0.0,0.0
2010-05-31 00:00:00+09:00,341.00258503423356,351.0320728293581,339.45958691190674,349.48907470703125,10465,0.0,0.0,0.0
2010-06-01 00:00:00+09:00,356.4326143766705,370.3195993523849,341.0026310703211,351.8036193847656,33265,0.0,0.0,0.0
2010-06-03 00:00:00+09:00,351.8035630850957,373.4055362569875,336.37358224803006,357.9755554199219,79908,0.0,0.0,0.0
2010-06-04 00:00:00+09:00,368.77660102174997,368.77660102174997,344.088627731591,351.8036193847656,23912,0.0,0.0,0.0
2010-06-07 00:00:00+09:00,299.34163658641205,347.17457851516866,299.34163658641205,330.20159912109375,16398,0.0,0.0,0.0
2010-06-08 00:00:00+09:00,334.83059465275255,351.8035741051962,328.6586021245912,331.7445983886719,9590,0.0,0.0,0.0
2010-06-09 00:00:00+09:00,333.2875512072216,341.7740397796277,328.6585574404546,332.51605224609375,6506,0.0,0.0,0.0
2010-06-10 00:00:00+09:00,339.45959908621654,349.4890872410366,329.4301109313965,345.631591796875,11770,0.0,0.0,0.0
2010-06-11 00:00:00+09:00,345.6316260622259,354.88961604603554,339.4596327396862,351.8036193847656,11629,0.0,0.0,0.0
2010-06-14 00:00:00+09:00,352.5750835963658,352.5750835963658,336.3736027308873,345.631591796875,18735,0.0,0.0,0.0
2010-06-15 00:00:00+09:00,344.088627731591,354.11811688071805,337.14513524373376,351.8036193847656,37687,0.0,0.0,0.0
2010-06-16 00:00:00+09:00,353.34658598374693,356.43258236788444,328.6586149106467,350.2605895996094,41236,0.0,0.0,0.0
2010-06-17 00:00:00+09:00,346.40307846237755,354.88956813517524,341.77408409539703,349.48907470703125,22797,0.0,0.0,0.0
2010-06-18 00:00:00+09:00,354.11806907401177,354.11806907401177,339.45958691190674,349.48907470703125,21084,0.0,0.0,0.0
2010-06-21 00:00:00+09:00,351.80356956430956,351.80356956430956,344.0885790036888,346.403076171875,5021,0.0,0.0,0.0
2010-06-22 00:00:00+09:00,346.4030750112512,348.7175721716827,339.4595835299566,344.8600769042969,18689,0.0,0.0,0.0
2010-06-23 00:00:00+09:00,344.8601268969084,353.3466177154006,344.088627731591,351.8036193847656,20555,0.0,0.0,0.0
2010-06-24 00:00:00+09:00,361.8330721242804,368.0050648257607,348.7175876336349,366.4620666503906,35548,0.0,0.0,0.0
2010-06-25 00:00:00+09:00,363.37602806091314,370.3195190429688,354.8895390828451,370.31951904296875,54906,0.0,0.0,0.0
2010-06-28 00:00:00+09:00,370.31954079684317,385.7495216633783,365.6905465368826,378.8060302734375,85218,0.0,0.0,0.0
2010-06-29 00:00:00+09:00,384.2065433575089,384.2065433575089,357.9755745339039,363.3760681152344,29802,0.0,0.0,0.0
2010-06-30 00:00:00+09:00,347.17458199523793,366.46205877275116,347.17458199523793,355.66107177734375,16640,0.0,0.0,0.0
2010-07-01 00:00:00+09:00,355.66108756457567,361.8330804073449,343.3171018790373,356.4325866699219,12932,0.0,0.0,0.0
2010-07-02 00:00:00+09:00,353.3465611688022,363.37604871289483,344.8600717084161,357.9755554199219,21203,0.0,0.0,0.0
2010-07-05 00:00:00+09:00,365.6905321533726,365.6905321533726,350.26055189373665,360.2900390625,8107,0.0,0.0,0.0
2010-07-06 00:00:00+09:00,357.97555303158964,361.0615491784137,353.3465588113536,354.8895568847656,14175,0.0,0.0,0.0
2010-07-07 00:00:00+09:00,370.3195236568574,370.3195236568574,354.1180444968699,357.20404052734375,12024,0.0,0.0,0.0
2010-07-08 00:00:00+09:00,348.71752299647176,363.37600294543853,348.71752299647176,358.74700927734375,23069,0.0,0.0,0.0
2010-07-09 00:00:00+09:00,350.2605494587777,361.8330345730545,350.2605494587777,357.20404052734375,25500,0.0,0.0,0.0
2010-07-12 00:00:00+09:00,357.20408891205096,361.0615844726563,348.7175986787193,361.06158447265625,42709,0.0,0.0,0.0
2010-07-13 00:00:00+09:00,356.4325918423927,369.5480768236063,349.4890997935149,364.1475830078125,44501,0.0,0.0,0.0
2010-07-14 00:00:00+09:00,361.0615935149016,374.9485778808593,354.8896004633648,374.9485778808594,124392,0.0,0.0,0.0
2010-07-15 00:00:00+09:00,378.8060080210368,381.12050501505536,365.6905250549317,370.31951904296875,13432,0.0,0.0,0.0
2010-07-16 00:00:00+09:00,376.49152991253396,376.49152991253396,350.2605626645295,354.8895568847656,45103,0.0,0.0,0.0
2010-07-19 00:00:00+09:00,344.0885880701074,354.1180760631823,333.28760100064216,337.9165954589844,72969,0.0,0.0,0.0
2010-07-20 00:00:00+09:00,339.45959908621654,346.40309088570734,339.45959908621654,345.631591796875,9803,0.0,0.0,0.0
2010-07-21 00:00:00+09:00,342.5455738477903,347.1745680889767,337.14508056640625,337.14508056640625,7261,0.0,0.0,0.0
2010-07-22 00:00:00+09:00,332.51608749076826,341.7740760055924,325.57259610465013,338.6880798339844,11630,0.0,0.0,0.0
2010-07-23 00:00:00+09:00,339.4595364407376,346.4030269588436,334.83054276200033,342.5455322265625,18669,0.0,0.0,0.0
2010-07-26 00:00:00+09:00,346.40308529927853,346.40308529927853,333.28760100064216,337.9165954589844,12948,0.0,0.0,0.0
2010-07-27 00:00:00+09:00,337.91658079108237,345.6315712201025,333.28758653367026,338.6880798339844,15012,0.0,0.0,0.0
2010-07-28 00:00:00+09:00,341.0025622281161,341.774061237682,333.2875721324574,339.4595642089844,15030,0.0,0.0,0.0
2010-07-29 00:00:00+09:00,348.71756459111754,354.8895568847656,324.0295954165251,354.8895568847656,63773,0.0,0.0,0.0
2010-07-30 00:00:00+09:00,343.31706195497816,362.6045373457073,342.545562939349,361.8330383300781,60923,0.0,0.0,0.0
2010-08-02 00:00:00+09:00,381.12051142478475,393.46449560048626,341.7740618647361,378.0345153808594,262827,0.0,0.0,0.0
2010-08-03 00:00:00+09:00,379.5775473810011,388.8355363415133,366.4620630202755,382.6635437011719,116024,0.0,0.0,0.0
2010-08-04 00:00:00+09:00,392.6930182859472,409.6659974653005,373.40554194577294,405.8085021972656,233272,0.0,0.0,0.0
2010-08-05 00:00:00+09:00,416.60947265625,425.86746093749997,394.2360009765625,405.0369873046875,211455,0.0,0.0,0.0
2010-08-06 00:00:00+09:00,405.03702430085764,418.1525088972664,401.1795288313257,414.2950134277344,277514,0.0,0.0,0.0
2010-08-09 00:00:00+09:00,422.7814660556075,433.58245241469234,399.6364952861399,425.8674621582031,427721,0.0,0.0,0.0
2010-08-10 00:00:00+09:00,425.867469300615,455.1844327669617,416.6094808375582,435.1254577636719,213905,0.0,0.0,0.0
2010-08-11 00:00:00+09:00,435.1254514984737,470.6144067625336,424.3244651137598,465.98541259765625,552799,0.0,0.0,0.0
2010-08-12 00:00:00+09:00,462.899424037117,513.8183606811999,396.5505065917969,396.5505065917969,1322125,0.0,0.0,0.0
2010-08-13 00:00:00+09:00,371.86256655230795,380.3490566603482,337.91660612014704,353.3465881347656,783443,0.0,0.0,0.0
2010-08-16 00:00:00+09:00,348.71757564586784,358.74706344099235,330.97309723910905,349.48907470703125,444758,0.0,0.0,0.0
2010-08-17 00:00:00+09:00,349.48905884059127,352.57505494514396,341.0025695530714,348.7175598144531,206615,0.0,0.0,0.0
2010-08-18 00:00:00+09:00,353.3465258891,382.6634865523878,344.0885383112197,369.5480041503906,468941,0.0,0.0,0.0
2010-08-19 00:00:00+09:00,378.03453408895325,421.2384808419765,373.4055397939865,402.7225036621094,987977,0.0,0.0,0.0
2010-08-20 00:00:00+09:00,402.72252701913845,431.2679934936751,387.2925451410105,414.2950134277344,492189,0.0,0.0,0.0
2010-08-23 00:00:00+09:00,415.06646728515625,422.7814573833934,401.17948510832946,415.06646728515625,386313,0.0,0.0,0.0
2010-08-24 00:00:00+09:00,422.009970831379,422.009970831379,398.09350082082557,411.208984375,326766,0.0,0.0,0.0
2010-08-25 00:00:00+09:00,411.2090048965818,411.2090048965818,355.66107177734375,355.66107177734375,407240,0.0,0.0,0.0
2010-08-26 00:00:00+09:00,355.66108756457567,378.8060607249602,342.54560277369114,356.4325866699219,243603,0.0,0.0,0.0
2010-08-27 00:00:00+09:00,351.0320645204166,368.00504346426095,319.400603761434,338.6880798339844,376462,0.0,0.0,0.0
2010-08-30 00:00:00+09:00,340.23109042259955,346.40308299262404,332.51609971006894,334.8305969238281,124874,0.0,0.0,0.0
2010-08-31 00:00:00+09:00,344.0886062380961,345.63160447234765,333.2876185983352,341.77410888671875,103777,0.0,0.0,0.0
2010-09-01 00:00:00+09:00,339.4595364407376,346.4030269588436,334.0590438155441,342.5455322265625,124213,0.0,0.0,0.0
2010-09-02 00:00:00+09:00,345.63158507740826,345.63158507740826,331.7446017484053,336.37359619140625,80067,0.0,0.0,0.0
2010-09-03 00:00:00+09:00,341.7740991928998,344.0885964786305,322.48662181181066,327.8871154785156,98186,0.0,0.0,0.0
2010-09-06 00:00:00+09:00,327.88710417570894,337.9165920681424,324.0296088324653,333.28759765625,87556,0.0,0.0,0.0
2010-09-07 00:00:00+09:00,334.05906225929795,335.60206023740096,324.0295754016285,328.6585693359375,98244,0.0,0.0,0.0
2010-09-08 00:00:00+09:00,330.20158071853405,330.20158071853405,302.4276159851994,307.0566101074219,273848,0.0,0.0,0.0
2010-09-09 00:00:00+09:00,305.51364661907326,316.31463412580814,305.51364661907326,313.2286376953125,120582,0.0,0.0,0.0
2010-09-10 00:00:00+09:00,319.40061442057294,319.40061442057294,308.59962745949076,312.4571228027344,81709,0.0,0.0,0.0
2010-09-13 00:00:00+09:00,313.22862187138315,319.40061442057294,308.59962745949076,312.4571228027344,72002,0.0,0.0,0.0
2010-09-14 00:00:00+09:00,312.4571032500147,318.62909541297796,302.4276159851994,307.0566101074219,114201,0.0,0.0,0.0
2010-09-15 00:00:00+09:00,308.5995947630923,313.2285886845387,303.19910185473816,309.37109375,67456,0.0,0.0,0.0
2010-09-16 00:00:00+09:00,309.3711059262054,313.2286010125671,263.85266390713775,305.51361083984375,56503,0.0,0.0,0.0
2010-09-17 00:00:00+09:00,307.8281215056208,308.59962055701334,302.4276281458731,303.1991271972656,22869,0.0,0.0,0.0
2010-09-20 00:00:00+09:00,305.51364027304095,307.0566384562381,296.25565117385787,303.97064208984375,46788,0.0,0.0,0.0
2010-09-24 00:00:00+09:00,312.45709730984225,318.62908935546875,302.42761023569915,318.62908935546875,88971,0.0,0.0,0.0
2010-09-27 00:00:00+09:00,321.7151048932757,330.2015944707961,318.62910868326827,324.02960205078125,66686,0.0,0.0,0.0
2010-09-28 00:00:00+09:00,322.486630189766,328.65862311205814,313.22864080632775,317.8576354980469,48800,0.0,0.0,0.0
2010-09-29 00:00:00+09:00,324.02961676331296,325.5726149383764,317.8576240630594,323.25811767578125,28828,0.0,0.0,0.0
2010-09-30 00:00:00+09:00,328.65859636579245,328.65859636579245,316.31461152576264,324.02960205078125,52700,0.0,0.0,0.0
2010-10-01 00:00:00+09:00,324.02960435399467,330.2015968178803,324.02960435399467,327.1156005859375,41177,0.0,0.0,0.0
2010-10-04 00:00:00+09:00,325.57259264939375,334.05908203125,325.57259264939375,334.05908203125,73060,0.0,0.0,0.0
2010-10-05 00:00:00+09:00,334.05907114202324,339.4595642089844,330.2015760941939,339.4595642089844,49066,0.0,0.0,0.0
2010-10-06 00:00:00+09:00,336.37357183208377,350.2605541554267,336.37357183208377,344.08856201171875,44329,0.0,0.0,0.0
2010-10-07 00:00:00+09:00,348.7175373241745,350.2605352769363,333.28755779655614,340.2310485839844,26083,0.0,0.0,0.0
2010-10-08 00:00:00+09:00,338.68809228009343,343.3170867076118,331.7446006388159,334.8305969238281,9276,0.0,0.0,0.0
2010-10-11 00:00:00+09:00,331.74458252522214,339.4595728165064,327.1155883504516,330.97308349609375,37953,0.0,0.0,0.0
2010-10-12 00:00:00+09:00,336.37358689081105,336.37358689081105,296.2556361607143,324.02960205078125,28599,0.0,0.0,0.0
2010-10-13 00:00:00+09:00,327.1155982607887,327.88709731329055,317.08611057826454,324.02960205078125,75852,0.0,0.0,0.0
2010-10-14 00:00:00+09:00,324.0296008826443,324.0296008826443,317.8576084848796,322.4866027832031,15379,0.0,0.0,0.0
2010-10-15 00:00:00+09:00,324.029581111713,324.029581111713,313.2285950746559,317.0860900878906,48183,0.0,0.0,0.0
2010-10-18 00:00:00+09:00,317.0861228115587,320.9436182228916,313.2286274002259,320.172119140625,50997,0.0,0.0,0.0
2010-10-19 00:00:00+09:00,322.4865774235255,330.20156731404046,320.172080456371,328.6585693359375,69264,0.0,0.0,0.0
2010-10-20 00:00:00+09:00,330.97307510375975,341.774061237682,328.65857807506217,339.4595642089844,66463,0.0,0.0,0.0
2010-10-21 00:00:00+09:00,339.4595761506454,362.60454725182575,335.6020809671153,354.8895568847656,129168,0.0,0.0,0.0
2010-10-22 00:00:00+09:00,364.14752771557033,364.14752771557033,345.63155173003287,352.5750427246094,80586,0.0,0.0,0.0
2010-10-25 00:00:00+09:00,347.9460524359223,365.69052961114676,347.17455342830385,357.20404052734375,83755,0.0,0.0,0.0
2010-10-26 00:00:00+09:00,361.8330211066381,367.233513958976,354.8895302964894,359.5185241699219,52277,0.0,0.0,0.0
2010-10-27 00:00:00+09:00,356.432557571766,398.093505859375,354.8895594870397,398.093505859375,305578,0.0,0.0,0.0
2010-10-28 00:00:00+09:00,397.3220250674105,397.3220250674105,378.0345481223906,381.12054443359375,169301,0.0,0.0,0.0
2010-10-29 00:00:00+09:00,382.66349059578005,395.00747416338584,376.4914988119771,391.9214782714844,96350,0.0,0.0,0.0
2010-11-01 00:00:00+09:00,386.52098546065685,400.40796697421337,382.66349059578005,391.9214782714844,72884,0.0,0.0,0.0
2010-11-02 00:00:00+09:00,387.29246361385333,391.9214572028635,362.6044978057989,368.7764892578125,145664,0.0,0.0,0.0
2010-11-03 00:00:00+09:00,362.6045290629069,376.49151102701825,362.6045290629069,370.31951904296875,50113,0.0,0.0,0.0
2010-11-04 00:00:00+09:00,363.37606564417547,391.92153152280497,363.37606564417547,381.12054443359375,29165,0.0,0.0,0.0
2010-11-05 00:00:00+09:00,385.7495411332831,387.2925392978163,374.9485539815512,384.20654296875,40198,0.0,0.0,0.0
2010-11-08 00:00:00+09:00,378.80604155989715,384.97803409040466,367.2335555651956,373.4055480957031,39017,0.0,0.0,0.0
2010-11-09 00:00:00+09:00,373.40555843955593,378.03455296566614,365.6905675627056,366.4620666503906,33449,0.0,0.0,0.0
2010-11-10 00:00:00+09:00,360.2900739489104,369.54806300113074,359.5185748612253,366.4620666503906,15598,0.0,0.0,0.0
2010-11-11 00:00:00+09:00,366.46210352579754,381.12058766682946,351.8036193847656,351.8036193847656,202503,0.0,0.0,0.0
2010-11-12 00:00:00+09:00,351.80355744314664,368.7765360917195,299.34162343846685,311.68560791015625,481656,0.0,0.0,0.0
2010-11-15 00:00:00+09:00,305.5136323627673,307.05663050601356,292.39814814517376,293.1696472167969,140456,0.0,0.0,0.0
2010-11-16 00:00:00+09:00,293.1696472167969,296.2556435032895,270.0246750681024,293.1696472167969,134379,0.0,0.0,0.0
2010-11-17 00:00:00+09:00,293.1696428571429,307.828125,285.45465225563913,307.828125,23171,0.0,0.0,0.0
2010-11-18 00:00:00+09:00,307.8281127627533,316.31460208703976,300.88462149742804,311.68560791015625,33773,0.0,0.0,0.0
2010-11-19 00:00:00+09:00,308.5996398925781,311.6856362915039,299.34165069580075,308.5996398925781,41996,0.0,0.0,0.0
2010-11-22 00:00:00+09:00,304.7421411814424,308.5996366394353,285.45466389147765,303.97064208984375,47427,0.0,0.0,0.0
2010-11-23 00:00:00+09:00,294.71261723836267,331.74456914265954,293.1696192423503,296.255615234375,594736,0.0,0.0,0.0
2010-11-24 00:00:00+09:00,265.3957012707674,308.5996526404272,265.3957012707674,304.7421569824219,186506,0.0,0.0,0.0
2010-11-25 00:00:00+09:00,296.25562247304583,296.25562247304583,280.0541431190511,286.22613525390625,51968,0.0,0.0,0.0
2010-11-26 00:00:00+09:00,286.22611253526475,289.3121083577474,271.56763237847224,277.7396240234375,59493,0.0,0.0,0.0
2010-11-29 00:00:00+09:00,282.3686245525261,282.3686245525261,266.9386450687815,267.71014404296875,51830,0.0,0.0,0.0
2010-11-30 00:00:00+09:00,269.2531760758786,276.9681667943852,264.6241816447747,272.33917236328125,16685,0.0,0.0,0.0
2010-12-01 00:00:00+09:00,272.3391577079471,275.4251538292836,265.39566643494,273.11065673828125,25163,0.0,0.0,0.0
2010-12-02 00:00:00+09:00,275.4251803359544,275.4251803359544,256.1377027213918,266.9386901855469,37646,0.0,0.0,0.0
2010-12-03 00:00:00+09:00,263.8526491720326,269.2531419913432,262.30965122365814,267.71014404296875,21358,0.0,0.0,0.0
2010-12-06 00:00:00+09:00,273.11063686227936,274.65363481065384,259.22365532690924,267.71014404296875,78809,0.0,0.0,0.0
2010-12-07 00:00:00+09:00,266.9386571694536,267.7101561786139,257.6806690595304,263.8526611328125,32198,0.0,0.0,0.0
2010-12-08 00:00:00+09:00,270.0246519200942,270.0246519200942,257.6806678323185,262.3096618652344,16335,0.0,0.0,0.0
2010-12-09 00:00:00+09:00,266.9386558981503,266.9386558981503,254.59467181037454,262.3096618652344,23264,0.0,0.0,0.0
2010-12-10 00:00:00+09:00,268.48165518777415,268.48165518777415,246.87968293128657,263.8526611328125,28846,0.0,0.0,0.0
2010-12-13 00:00:00+09:00,263.8526722466768,264.62417128833374,250.73718853850863,258.4521789550781,34538,0.0,0.0,0.0
2010-12-14 00:00:00+09:00,257.68067991342116,259.995177038392,250.73718853850863,258.4521789550781,11868,0.0,0.0,0.0
2010-12-15 00:00:00+09:00,259.223701171875,273.1106851632254,254.59470650809152,270.0246887207031,53794,0.0,0.0,0.0
2010-12-16 00:00:00+09:00,270.0246887207031,271.56768694196427,256.13770472935266,270.0246887207031,75138,0.0,0.0,0.0
2010-12-17 00:00:00+09:00,259.2236753313729,274.6536560058594,259.2236753313729,274.6536560058594,66807,0.0,0.0,0.0
2010-12-20 00:00:00+09:00,273.1106637423156,283.14015139386953,254.59468653944674,282.36865234375,175644,0.0,0.0,0.0
2010-12-21 00:00:00+09:00,276.19664396398207,282.36863600786995,254.59467181037454,262.3096618652344,135381,0.0,0.0,0.0
2010-12-22 00:00:00+09:00,262.30968393179086,266.93867835411663,250.7371978759766,250.73719787597656,82407,0.0,0.0,0.0
2010-12-23 00:00:00+09:00,251.50868465539182,271.5676595052083,249.9656865900213,254.5946807861328,14725,0.0,0.0,0.0
2010-12-24 00:00:00+09:00,254.59468018320194,257.6806763066347,247.65118890547828,253.82318115234375,68680,0.0,0.0,0.0
2010-12-27 00:00:00+09:00,255.36617860561466,255.36617860561466,246.87968928639484,253.0516815185547,21156,0.0,0.0,0.0
2010-12-28 00:00:00+09:00,253.8232126841012,255.3662109375,216.0197554758308,255.3662109375,53847,0.0,0.0,0.0
2010-12-29 00:00:00+09:00,255.3662109375,261.53820395109517,251.50871530400303,255.3662109375,37373,0.0,0.0,0.0
2010-12-30 00:00:00+09:00,255.3661773775253,255.3661773775253,239.16469784602066,251.50868225097656,62857,0.0,0.0,0.0
2011-01-03 00:00:00+09:00,249.19417388180653,265.3956526790757,240.70768498799887,256.1376647949219,51535,0.0,0.0,0.0
2011-01-04 00:00:00+09:00,256.13767104120984,267.7101561786139,256.13767104120984,263.8526611328125,34294,0.0,0.0,0.0
2011-01-05 00:00:00+09:00,263.852676969923,268.48167130272867,259.22368263711735,264.6241760253906,12333,0.0,0.0,0.0
2011-01-06 00:00:00+09:00,267.7101849437465,267.7101849437465,255.36619947083605,260.7666931152344,16170,0.0,0.0,0.0
2011-01-07 00:00:00+09:00,234.5357102614183,243.02219977745645,233.76421121450574,240.70770263671875,654773,0.0,0.0,0.0
2011-01-10 00:00:00+09:00,238.3931745915551,241.47917037914803,235.30717880396213,239.93617248535156,176356,0.0,0.0,0.0
2011-01-11 00:00:00+09:00,240.7077049545095,249.19419455226463,237.621708737144,243.793701171875,240658,0.0,0.0,0.0
2011-01-12 00:00:00+09:00,244.56519787128158,250.73719024658206,240.70770263671878,240.70770263671875,190697,0.0,0.0,0.0
2011-01-13 00:00:00+09:00,242.25070190429688,245.33669810689938,240.7077038029956,242.25070190429688,84638,0.0,0.0,0.0
2011-01-14 00:00:00+09:00,242.25070073054388,244.56519787128158,239.16470454289365,240.70770263671875,89325,0.0,0.0,0.0
2011-01-17 00:00:00+09:00,239.93620001101027,243.79369518803617,236.0787048339844,236.07870483398438,124603,0.0,0.0,0.0
2011-01-18 00:00:00+09:00,238.39320072374846,238.39320072374846,233.76420653493784,234.53570556640625,64008,0.0,0.0,0.0
2011-01-19 00:00:00+09:00,233.76422119140625,236.0787184309251,231.44972395188736,233.76422119140625,90872,0.0,0.0,0.0
2011-01-20 00:00:00+09:00,232.22120727134856,236.85020143622592,231.449708243869,232.99270629882812,67241,0.0,0.0,0.0
2011-01-21 00:00:00+09:00,232.22122080110785,233.76421894596572,228.3637254389632,230.67822265625,69193,0.0,0.0,0.0
2011-01-24 00:00:00+09:00,233.76420532630766,233.76420532630766,226.8207140789916,232.99270629882812,24326,0.0,0.0,0.0
2011-01-25 00:00:00+09:00,232.99269615911666,240.70768609816028,231.44969817130794,239.16468811035156,124417,0.0,0.0,0.0
2011-01-26 00:00:00+09:00,240.70769852198913,274.6536560058594,240.70769852198913,274.6536560058594,1080546,0.0,0.0,0.0
2011-01-27 00:00:00+09:00,286.2261153001052,290.85510907854353,266.9386412232787,280.82562255859375,634209,0.0,0.0,0.0
2011-01-28 00:00:00+09:00,275.42517923754315,278.51117564356605,265.39569091796875,265.39569091796875,228120,0.0,0.0,0.0
2011-01-31 00:00:00+09:00,261.538183174024,270.7961719589452,256.9091887815634,269.253173828125,126458,0.0,0.0,0.0
2011-02-01 00:00:00+09:00,270.02468976107514,273.1106862154874,257.68070394342595,271.56768798828125,113777,0.0,0.0,0.0
2011-02-07 00:00:00+09:00,272.3391839176244,276.1966794405369,260.7666973488868,266.9386901855469,80331,0.0,0.0,0.0
2011-02-08 00:00:00+09:00,266.16715816029335,268.48165518777415,259.2236670778509,263.8526611328125,111090,0.0,0.0,0.0
2011-02-09 00:00:00+09:00,262.3096912993482,266.9386858516896,259.2236949311206,260.7666931152344,42262,0.0,0.0,0.0
2011-02-10 00:00:00+09:00,259.995153012483,268.48164168648094,257.68065610139263,266.1671447753906,43970,0.0,0.0,0.0
2011-02-11 00:00:00+09:00,265.3956876675758,266.1671867596327,256.9091976549499,260.7666931152344,40141,0.0,0.0,0.0
2011-02-14 00:00:00+09:00,263.0811835010734,272.33917236328125,263.0811835010734,272.33917236328125,106757,0.0,0.0,0.0
2011-02-15 00:00:00+09:00,271.56763237847224,277.7396240234375,268.4816365559896,277.7396240234375,129434,0.0,0.0,0.0
2011-02-16 00:00:00+09:00,271.5676336973412,290.0836087221599,271.5676336973412,279.2826232910156,224429,0.0,0.0,0.0
2011-02-17 00:00:00+09:00,278.51115823828655,288.5406459310781,274.6536629718283,283.9116516113281,97765,0.0,0.0,0.0
2011-02-18 00:00:00+09:00,289.3121566138439,289.3121566138439,270.79617859055793,278.51116943359375,81428,0.0,0.0,0.0
2011-02-21 00:00:00+09:00,277.7396240234375,286.99761149088545,273.1106302897135,277.7396240234375,89916,0.0,0.0,0.0
2011-02-22 00:00:00+09:00,280.82561984592013,280.82561984592013,273.1106302897135,277.7396240234375,49879,0.0,0.0,0.0
2011-02-23 00:00:00+09:00,276.9681531070324,282.3686463431026,270.7961608372378,274.6536560058594,69665,0.0,0.0,0.0
2011-02-24 00:00:00+09:00,270.0246751477293,274.6536695788332,262.3096844292227,272.33917236328125,93808,0.0,0.0,0.0
2011-02-25 00:00:00+09:00,272.3391839176244,280.05417496344944,259.99519824430433,266.9386901855469,54577,0.0,0.0,0.0
2011-02-28 00:00:00+09:00,266.9386901855469,273.1106830222069,258.4522000351393,266.9386901855469,29391,0.0,0.0,0.0
2011-03-02 00:00:00+09:00,273.1106579384107,275.42515503958373,262.3096714662702,274.6536560058594,46450,0.0,0.0,0.0
2011-03-03 00:00:00+09:00,274.6536672859957,274.6536672859957,266.93867663189474,269.253173828125,37006,0.0,0.0,0.0
2011-03-04 00:00:00+09:00,274.6536459530101,275.42514495849605,262.3096618652344,262.3096618652344,69949,0.0,0.0,0.0
2011-03-07 00:00:00+09:00,269.2531541969344,269.2531541969344,258.45216806869064,263.8526611328125,33216,0.0,0.0,0.0
2011-03-08 00:00:00+09:00,270.0246409655304,270.0246409655304,259.22365532690924,267.71014404296875,16282,0.0,0.0,0.0
2011-03-09 00:00:00+09:00,267.7101599156171,268.4816589355469,259.9951697163198,268.4816589355469,25830,0.0,0.0,0.0
2011-03-10 00:00:00+09:00,268.4816539091222,269.2531529146082,254.59467181037454,262.3096618652344,22680,0.0,0.0,0.0
2011-03-11 00:00:00+09:00,263.8526598762063,263.8526598762063,242.2506877225988,262.3096618652344,62434,0.0,0.0,0.0
2011-03-14 00:00:00+09:00,253.82317280488854,266.16715689266425,246.8796817555147,262.3096618652344,41556,0.0,0.0,0.0
2011-03-15 00:00:00+09:00,268.4816539091222,271.56764993106617,240.7076897116268,262.3096618652344,122036,0.0,0.0,0.0
2011-03-16 00:00:00+09:00,262.3097061474175,266.167201826056,254.5947147901405,259.9952087402344,50248,0.0,0.0,0.0
2011-03-17 00:00:00+09:00,259.2236846923828,260.76668281555175,243.79370346069334,246.87969970703125,102710,0.0,0.0,0.0
2011-03-18 00:00:00+09:00,258.4521897342227,258.4521897342227,243.7937073313862,252.2801971435547,32851,0.0,0.0,0.0
2011-03-21 00:00:00+09:00,252.28018368807707,257.68067691687384,243.79369432853932,254.5946807861328,79141,0.0,0.0,0.0
2011-03-22 00:00:00+09:00,254.59468018320194,259.99517339920925,248.42268793633644,253.82318115234375,10722,0.0,0.0,0.0
2011-03-23 00:00:00+09:00,291.62666153218703,291.62666153218703,266.16719108096436,266.9386901855469,942840,0.0,0.0,0.0
2011-03-24 00:00:00+09:00,274.6536917506297,306.28515625,273.11069348236776,306.28515625,2412770,0.0,0.0,0.0
2011-03-25 00:00:00+09:00,336.37363607841627,351.8036193847656,325.5726477639717,351.8036193847656,3407762,0.0,0.0,0.0
2011-03-28 00:00:00+09:00,372.634069952346,404.2655334472656,365.6905779656563,404.2655334472656,2107600,0.0,0.0,0.0
2011-03-29 00:00:00+09:00,444.38350037066607,452.0984916965457,401.1795489457402,422.7815246582031,4815342,0.0,0.0,0.0
2011-03-30 00:00:00+09:00,430.4964803059896,476.7864244249132,391.15002780490454,416.6094970703125,5806070,0.0,0.0,0.0
2011-03-31 00:00:00+09:00,415.0665132410386,416.60951143152573,373.40556209788605,393.46453857421875,3243279,0.0,0.0,0.0
2011-04-01 00:00:00+09:00,396.55047210933657,403.4939628661148,378.03449675792785,391.9214782714844,2392621,0.0,0.0,0.0
2011-04-04 00:00:00+09:00,395.7789665705412,406.5799520130121,384.97798112807027,401.9509582519531,1734279,0.0,0.0,0.0
2011-04-05 00:00:00+09:00,405.8084938526154,459.81342649459845,381.1205246448517,395.00750732421875,5059693,0.0,0.0,0.0
2011-04-06 00:00:00+09:00,387.29248312245244,395.00747282608694,375.71999856700063,390.37847900390625,1328839,0.0,0.0,0.0
2011-04-07 00:00:00+09:00,398.09351279518825,407.35150146484375,382.6635316790957,407.35150146484375,1720325,0.0,0.0,0.0
2011-04-08 00:00:00+09:00,408.8945136012801,422.7814970820783,374.17705489928466,384.20654296875,1516665,0.0,0.0,0.0
2011-04-11 00:00:00+09:00,378.0345153808594,381.12051142478475,365.6905312051578,378.0345153808594,858271,0.0,0.0,0.0
2011-04-12 00:00:00+09:00,379.5775003636137,383.43499528600813,361.0615247361203,362.6045227050781,733001,0.0,0.0,0.0
2011-04-13 00:00:00+09:00,361.83305466342983,383.4350280761719,358.7470584616095,383.4350280761719,713348,0.0,0.0,0.0
2011-04-14 00:00:00+09:00,378.03453356810286,405.808499299637,373.40553927951385,381.89202880859375,1031005,0.0,0.0,0.0
2011-04-15 00:00:00+09:00,378.806022886246,395.0075024801588,374.9485277448382,388.83551025390625,620303,0.0,0.0,0.0
2011-04-18 00:00:00+09:00,398.09350347518927,423.55297172069555,388.83551502227783,395.00750732421875,1101776,0.0,0.0,0.0
2011-04-19 00:00:00+09:00,385.7495078145822,385.7495078145822,341.77406392371984,361.8330383300781,814608,0.0,0.0,0.0
2011-04-20 00:00:00+09:00,401.1795204564145,415.06650385682883,375.7200508889882,381.12054443359375,1533084,0.0,0.0,0.0
2011-04-21 00:00:00+09:00,371.86256026418584,383.43504657946136,364.9190684750206,366.4620666503906,512257,0.0,0.0,0.0
2011-04-22 00:00:00+09:00,370.3195376188859,370.3195376188859,343.3170713341754,354.8895568847656,446344,0.0,0.0,0.0
2011-04-25 00:00:00+09:00,359.5185593230815,398.09351204015036,334.05909052981605,365.6905517578125,1693644,0.0,0.0,0.0
2011-04-26 00:00:00+09:00,368.77654200586784,381.8920257173736,354.11806021065547,357.9755554199219,735018,0.0,0.0,0.0
2011-04-27 00:00:00+09:00,350.2605642497676,361.06155081253576,331.74458728502213,337.14508056640625,602494,0.0,0.0,0.0
2011-04-28 00:00:00+09:00,331.7445469761754,352.5750185304934,327.1155532974381,342.5455322265625,319751,0.0,0.0,0.0
2011-04-29 00:00:00+09:00,374.1770611931296,393.46453857421875,366.46207024069395,393.46453857421875,1411059,0.0,0.0,0.0
2011-05-02 00:00:00+09:00,426.6389778599595,430.4964731389826,392.69301940455586,407.35150146484375,2487337,0.0,0.0,0.0
2011-05-03 00:00:00+09:00,402.72248477649896,408.89447688035335,347.94605485479127,360.2900390625,1423558,0.0,0.0,0.0
2011-05-04 00:00:00+09:00,348.71757690936204,374.1770460200013,336.3735918860218,371.862548828125,597429,0.0,0.0,0.0
2011-05-06 00:00:00+09:00,368.00501950047595,374.17701144178375,357.97553259585084,367.2335205078125,227840,0.0,0.0,0.0
2011-05-09 00:00:00+09:00,362.6045200855435,370.31950987459766,354.8895302964894,359.5185241699219,259334,0.0,0.0,0.0
2011-05-11 00:00:00+09:00,359.5185461803875,361.833043258802,342.54556760534774,348.7175598144531,290416,0.0,0.0,0.0
2011-05-12 00:00:00+09:00,345.63155541306696,362.6045335806729,339.45956335211935,357.20404052734375,155795,0.0,0.0,0.0
2011-05-13 00:00:00+09:00,353.34655022728066,359.51854237098865,336.37357183208377,344.08856201171875,171750,0.0,0.0,0.0
2011-05-16 00:00:00+09:00,337.9166192694025,366.46208710722874,336.3736210078984,351.0321044921875,297337,0.0,0.0,0.0
2011-05-17 00:00:00+09:00,345.63156370990043,362.6045422849402,342.54556760534774,348.7175598144531,115976,0.0,0.0,0.0
2011-05-18 00:00:00+09:00,351.0320705082475,357.9755620128062,344.0885790036888,346.403076171875,138442,0.0,0.0,0.0
2011-05-19 00:00:00+09:00,351.03205302548804,351.80355204312644,324.80108642578125,324.80108642578125,226362,0.0,0.0,0.0
2011-05-20 00:00:00+09:00,319.4006132594409,325.5726057861934,300.1131366133394,310.91412353515625,247272,0.0,0.0,0.0
2011-05-23 00:00:00+09:00,303.19911858586977,317.8576001460009,300.88462149742804,311.68560791015625,134759,0.0,0.0,0.0
2011-05-24 00:00:00+09:00,307.82810205612736,318.62908809318446,306.2851040508335,317.0860900878906,90207,0.0,0.0,0.0
2011-05-25 00:00:00+09:00,322.4866291325267,330.97311937285633,312.45714066668256,316.31463623046875,99011,0.0,0.0,0.0
2011-05-26 00:00:00+09:00,320.1721056340414,328.6585951809678,313.2286141865561,322.4866027832031,159982,0.0,0.0,0.0
2011-05-27 00:00:00+09:00,319.40061557029327,326.34410721312577,314.0001220703125,314.0001220703125,105770,0.0,0.0,0.0
2011-05-30 00:00:00+09:00,317.0860836190773,317.0860836190773,303.19910185473816,309.37109375,100974,0.0,0.0,0.0
2011-05-31 00:00:00+09:00,307.056645860859,320.17213073431276,307.056645860859,314.7716369628906,89867,0.0,0.0,0.0
2011-06-01 00:00:00+09:00,320.9436254882812,320.9436254882812,307.8281407928467,308.5996398925781,83254,0.0,0.0,0.0
2011-06-02 00:00:00+09:00,305.51361206668105,307.0566101074219,280.05414439445764,307.0566101074219,194368,0.0,0.0,0.0
2011-06-03 00:00:00+09:00,297.7986255333732,305.5136158321652,290.08363523458115,292.39813232421875,85148,0.0,0.0,0.0
2011-06-07 00:00:00+09:00,290.85510907854353,290.85510907854353,274.6536308540093,280.82562255859375,201097,0.0,0.0,0.0
2011-06-08 00:00:00+09:00,276.19666331301454,289.31214732508505,276.19666331301454,286.9976501464844,73729,0.0,0.0,0.0
2011-06-09 00:00:00+09:00,285.45462425718915,293.169614101978,277.7396344124002,290.0836181640625,82393,0.0,0.0,0.0
2011-06-10 00:00:00+09:00,286.2261318891476,319.4005892240084,286.2261318891476,300.8846130371094,119578,0.0,0.0,0.0
2011-06-13 00:00:00+09:00,293.1696437896892,298.57013722792027,283.9116550384358,288.5406494140625,96236,0.0,0.0,0.0
2011-06-14 00:00:00+09:00,280.8256576702159,289.31214732508505,275.42516425348094,286.9976501464844,87824,0.0,0.0,0.0
2011-06-15 00:00:00+09:00,289.3121262227208,289.3121262227208,280.05413818359375,280.05413818359375,42603,0.0,0.0,0.0
2011-06-16 00:00:00+09:00,276.9681264129133,281.597120169118,270.0246357786063,279.2826232910156,77060,0.0,0.0,0.0
2011-06-17 00:00:00+09:00,279.28267069777394,285.4546634203767,275.42517524614726,281.59716796875,62212,0.0,0.0,0.0
2011-06-20 00:00:00+09:00,283.911665239726,288.5406597816781,275.42517524614726,281.59716796875,48194,0.0,0.0,0.0
2011-06-21 00:00:00+09:00,281.59716352361255,284.6831598362001,273.11067366399686,275.4251708984375,85558,0.0,0.0,0.0
2011-06-22 00:00:00+09:00,276.9681690547313,277.73966813287814,270.7961764295562,275.4251708984375,90734,0.0,0.0,0.0
2011-06-23 00:00:00+09:00,277.7396533475908,278.5111523846674,273.88215816220753,276.1966552734375,59362,0.0,0.0,0.0
2011-06-24 00:00:00+09:00,273.8821749277722,282.36866485511166,273.8821749277722,278.51116943359375,103820,0.0,0.0,0.0
2011-06-27 00:00:00+09:00,280.8256212097505,280.8256212097505,276.9681264129133,279.2826232910156,59752,0.0,0.0,0.0
2011-06-28 00:00:00+09:00,280.82561984592013,283.91161566840276,276.19662611219616,277.7396240234375,125785,0.0,0.0,0.0
2011-06-29 00:00:00+09:00,319.4006042480469,319.4006042480469,319.4006042480469,319.4006042480469,84601,0.0,0.0,0.0
2011-06-30 00:00:00+09:00,347.9460456912257,367.2335205078125,345.6315487132353,367.2335205078125,1551172,0.0,0.0,0.0
2011-07-01 00:00:00+09:00,385.74949191018004,396.55047768366506,356.43253052500637,380.3489990234375,2678983,0.0,0.0,0.0
2011-07-04 00:00:00+09:00,381.12056229157537,384.9780578613281,364.91908089861363,384.9780578613281,1332964,0.0,0.0,0.0
2011-07-05 00:00:00+09:00,384.97805356772943,387.2925508837679,350.26059382715266,356.4325866699219,1282541,0.0,0.0,0.0
2011-07-06 00:00:00+09:00,356.4325370788575,370.3195190429688,348.7175470987956,370.31951904296875,974668,0.0,0.0,0.0
2011-07-07 00:00:00+09:00,371.091018040975,371.091018040975,350.260545094808,370.31951904296875,634017,0.0,0.0,0.0
2011-07-08 00:00:00+09:00,373.40548284682274,388.063962545355,361.83299887429723,368.7764892578125,1265676,0.0,0.0,0.0
2011-07-11 00:00:00+09:00,344.0885774158296,347.17457362583707,321.7151048932757,324.02960205078125,888994,0.0,0.0,0.0
2011-07-12 00:00:00+09:00,314.7716003850842,327.115584713911,303.97061409736074,326.3440856933594,353701,0.0,0.0,0.0
2011-07-13 00:00:00+09:00,326.34407941250186,331.7445724524251,314.7715943269522,318.62908935546875,233806,0.0,0.0,0.0
2011-07-14 00:00:00+09:00,314.7716178537529,331.7445972478278,311.6856216002847,330.20159912109375,189523,0.0,0.0,0.0
2011-07-15 00:00:00+09:00,330.97310267457175,343.3170878559078,320.94361471473627,336.37359619140625,244966,0.0,0.0,0.0
2011-07-18 00:00:00+09:00,336.37357421875,347.17456054687494,326.3440869140625,347.174560546875,269701,0.0,0.0,0.0
2011-07-19 00:00:00+09:00,339.4595703125,354.11805175781245,339.4595703125,347.174560546875,292533,0.0,0.0,0.0
2011-07-20 00:00:00+09:00,347.17452590529984,351.8035195840372,324.0295575116132,342.5455322265625,305988,0.0,0.0,0.0
2011-07-21 00:00:00+09:00,334.8305911657945,341.0025836296801,325.57260246996606,327.1156005859375,210004,0.0,0.0,0.0
2011-07-22 00:00:00+09:00,337.1450906913971,337.1450906913971,322.4866084874233,330.20159912109375,125487,0.0,0.0,0.0
2011-07-25 00:00:00+09:00,330.2016094635665,334.8306039887567,323.25811767578125,323.25811767578125,121547,0.0,0.0,0.0
2011-07-26 00:00:00+09:00,323.258105296009,329.4300977598946,320.17210906406615,327.1156005859375,116547,0.0,0.0,0.0
2011-07-27 00:00:00+09:00,327.11560286762557,331.7445972478278,316.31461598048696,330.20159912109375,105329,0.0,0.0,0.0
2011-07-28 00:00:00+09:00,327.11560399255086,333.2875965207122,320.94361146438956,331.7445983886719,93394,0.0,0.0,0.0
2011-07-29 00:00:00+09:00,335.60208938700583,359.5185601249304,334.8305903309438,346.403076171875,401650,0.0,0.0,0.0
2011-08-01 00:00:00+09:00,346.403076171875,351.0320705082475,335.60208938700583,346.403076171875,152031,0.0,0.0,0.0
2011-08-02 00:00:00+09:00,342.54557504849447,347.9460683488085,325.57259610465013,338.6880798339844,128585,0.0,0.0,0.0
2011-08-03 00:00:00+09:00,327.1156108810241,334.0591026214232,314.77162556475906,320.172119140625,169936,0.0,0.0,0.0
2011-08-04 00:00:00+09:00,320.94358856823976,329.4300776890346,302.4276123046875,302.4276123046875,209778,0.0,0.0,0.0
2011-08-05 00:00:00+09:00,259.99518933549984,288.5406552269345,259.99518933549984,275.4251708984375,293921,0.0,0.0,0.0
2011-08-08 00:00:00+09:00,260.7666600392964,288.5406238304641,234.53569423652695,257.6806640625,311856,0.0,0.0,0.0
2011-08-09 00:00:00+09:00,232.99270676403512,253.82318054757468,223.73471841579533,253.0516815185547,357046,0.0,0.0,0.0
2011-08-10 00:00:00+09:00,273.1106302897135,285.4546135796441,263.081143866645,277.7396240234375,155472,0.0,0.0,0.0
2011-08-11 00:00:00+09:00,242.25067206488717,280.82561984592013,242.25067206488717,277.7396240234375,198847,0.0,0.0,0.0
2011-08-12 00:00:00+09:00,282.36866705907534,299.3416470462329,276.1966743364726,281.59716796875,121157,0.0,0.0,0.0
2011-08-16 00:00:00+09:00,293.941145155165,296.25564236111114,283.9116572627315,291.62664794921875,140096,0.0,0.0,0.0
2011-08-17 00:00:00+09:00,286.22614008518514,292.39813232421875,280.8256468760307,292.39813232421875,217893,0.0,0.0,0.0
2011-08-18 00:00:00+09:00,297.79865767511484,314.7716381643701,280.8256771858596,293.941162109375,497958,0.0,0.0,0.0
2011-08-19 00:00:00+09:00,277.7396240234375,291.62660522460936,270.0246344672309,277.7396240234375,159585,0.0,0.0,0.0
2011-08-22 00:00:00+09:00,271.56768694196427,280.82567626953124,264.62419494628904,270.0246887207031,98183,0.0,0.0,0.0
2011-08-23 00:00:00+09:00,276.1966431672908,284.6831322031573,270.0246511412061,280.05413818359375,90763,0.0,0.0,0.0
2011-08-24 00:00:00+09:00,285.45464371835715,290.083637940817,270.796162013901,276.1966552734375,101504,0.0,0.0,0.0
2011-08-25 00:00:00+09:00,280.8256644454657,280.8256644454657,272.33917458584995,275.4251708984375,54613,0.0,0.0,0.0
2011-08-26 00:00:00+09:00,274.65365719928417,276.96815431051414,262.3096726060579,276.1966552734375,119831,0.0,0.0,0.0
2011-08-29 00:00:00+09:00,276.19662878015544,284.6831173739591,272.3391339647901,280.82562255859375,71512,0.0,0.0,0.0
2011-08-30 00:00:00+09:00,278.5111243316482,291.62660664089475,277.7396253722807,279.2826232910156,100082,0.0,0.0,0.0
2011-08-31 00:00:00+09:00,288.5406552269345,288.5406552269345,274.65367182029064,275.4251708984375,63210,0.0,0.0,0.0
2011-09-01 00:00:00+09:00,280.8256666865045,282.36866485511166,274.65367401207584,278.51116943359375,123296,0.0,0.0,0.0
2011-09-02 00:00:00+09:00,278.51112297905814,282.3686177571615,274.65362820095487,277.7396240234375,39354,0.0,0.0,0.0
2011-09-05 00:00:00+09:00,270.02465697540634,283.9116393341415,268.4816589355469,268.4816589355469,46009,0.0,0.0,0.0
2011-09-06 00:00:00+09:00,265.39569091796875,276.19667833904884,248.42271068484283,265.39569091796875,52113,0.0,0.0,0.0
2011-09-07 00:00:00+09:00,271.5676550152658,271.5676550152658,263.85266481596847,268.4816589355469,27933,0.0,0.0,0.0
2011-09-08 00:00:00+09:00,278.51117564356605,278.51117564356605,263.08119361345155,265.39569091796875,81839,0.0,0.0,0.0
2011-09-09 00:00:00+09:00,264.62417128833374,270.0246645799324,258.4521789550781,258.4521789550781,64419,0.0,0.0,0.0
2011-09-14 00:00:00+09:00,258.45215507175607,286.99761697520375,246.10817154594088,266.1671447753906,748940,0.0,0.0,0.0
2011-09-15 00:00:00+09:00,276.96818178350276,293.1696631691673,263.08119773864746,271.56768798828125,644200,0.0,0.0,0.0
2011-09-16 00:00:00+09:00,280.0541630817878,280.82566215363846,268.481677004028,272.33917236328125,201694,0.0,0.0,0.0
2011-09-19 00:00:00+09:00,271.5676732914306,275.4251686506839,266.93867886032666,272.33917236328125,107214,0.0,0.0,0.0
2011-09-20 00:00:00+09:00,272.33917458584995,276.19666997658436,267.7101801169687,275.4251708984375,67159,0.0,0.0,0.0
2011-09-21 00:00:00+09:00,280.8256644454657,280.8256644454657,267.7101801169687,275.4251708984375,155781,0.0,0.0,0.0
2011-09-22 00:00:00+09:00,276.19664065220235,277.7396386446727,268.4816506898503,276.9681396484375,71852,0.0,0.0,0.0
2011-09-23 00:00:00+09:00,267.7101427161175,275.425132419752,260.76665198284644,266.1671447753906,94759,0.0,0.0,0.0
2011-09-26 00:00:00+09:00,266.1671724744663,273.88216298097257,239.16470570169434,242.25070190429688,166273,0.0,0.0,0.0
2011-09-27 00:00:00+09:00,242.25069276786147,262.3096673282576,242.25069276786147,249.96568298339844,88337,0.0,0.0,0.0
2011-09-28 00:00:00+09:00,251.50868465539182,268.48166337446736,251.50868465539182,254.5946807861328,35338,0.0,0.0,0.0
2011-09-29 00:00:00+09:00,254.5946825731982,264.62417006850603,251.5086864207958,256.9091796875,50670,0.0,0.0,0.0
2011-09-30 00:00:00+09:00,266.1671681447072,266.1671681447072,246.8796921921922,256.9091796875,72044,0.0,0.0,0.0
2011-10-04 00:00:00+09:00,238.39321274977465,250.7371978759766,232.9927192570613,250.73719787597656,63219,0.0,0.0,0.0
2011-10-05 00:00:00+09:00,258.45218134383424,258.45218134383424,235.3072098802073,241.4792022705078,84213,0.0,0.0,0.0
2011-10-06 00:00:00+09:00,249.96569595336913,253.05169219970702,241.47920627593993,246.87969970703125,59855,0.0,0.0,0.0
2011-10-07 00:00:00+09:00,247.6512027005537,256.1376925127222,247.6512027005537,252.2801971435547,36464,0.0,0.0,0.0
2011-10-10 00:00:00+09:00,252.28019714355472,256.1376925127222,248.4227017743872,252.2801971435547,24566,0.0,0.0,0.0
2011-10-11 00:00:00+09:00,262.3096912993482,263.85268948346203,251.50870401055153,260.7666931152344,79518,0.0,0.0,0.0
2011-10-12 00:00:00+09:00,254.59467181037454,265.3956578871783,254.59467181037454,262.3096618652344,62682,0.0,0.0,0.0
2011-10-13 00:00:00+09:00,268.4816637360648,282.3686463431026,266.1671666348918,274.6536560058594,158276,0.0,0.0,0.0
2011-10-14 00:00:00+09:00,268.48167919511553,276.9681690547313,263.85268472623426,275.4251708984375,61746,0.0,0.0,0.0
2011-10-17 00:00:00+09:00,277.7396386446727,283.9116306145543,270.7961476785559,276.9681396484375,67071,0.0,0.0,0.0
2011-10-18 00:00:00+09:00,265.39564580502713,273.1106355086617,258.45215507175607,266.1671447753906,109637,0.0,0.0,0.0
2011-10-19 00:00:00+09:00,263.85269376721686,269.25318749929437,259.2236991397218,266.9386901855469,90400,0.0,0.0,0.0
2011-10-20 00:00:00+09:00,262.3097061474175,269.25319836896676,257.6807113330513,259.9952087402344,96266,0.0,0.0,0.0
2011-10-21 00:00:00+09:00,257.6807113330513,266.167201826056,252.2802173829574,259.9952087402344,48067,0.0,0.0,0.0
2011-10-24 00:00:00+09:00,259.99517322260107,273.11065673828125,258.4521751619328,273.11065673828125,132863,0.0,0.0,0.0
2011-10-25 00:00:00+09:00,314.0001220703125,314.0001220703125,314.0001220703125,314.0001220703125,151582,0.0,0.0,0.0
2011-10-26 00:00:00+09:00,351.8035776680763,354.1180748895768,321.71511378856974,336.37359619140625,1252741,0.0,0.0,0.0
2011-10-27 00:00:00+09:00,327.11559589092553,333.287588266226,314.000112093412,320.943603515625,733279,0.0,0.0,0.0
2011-10-28 00:00:00+09:00,320.94363090701216,331.74461848561356,307.05664687738187,316.31463623046875,716271,0.0,0.0,0.0
2011-10-31 00:00:00+09:00,316.3146008543707,320.9435950132152,302.4276183778374,310.1426086425781,196491,0.0,0.0,0.0
2011-11-01 00:00:00+09:00,303.97064208984375,314.0001302806254,302.4276439066466,303.97064208984375,124130,0.0,0.0,0.0
2011-11-02 00:00:00+09:00,294.71262473788227,327.887082496335,293.1696267026054,324.80108642578125,1008133,0.0,0.0,0.0
2011-11-03 00:00:00+09:00,327.1156062845516,328.65860442740325,309.37112764175754,314.0001220703125,333584,0.0,0.0,0.0
2011-11-04 00:00:00+09:00,319.4006254308364,339.4596019071691,317.85762724034925,327.8871154785156,528918,0.0,0.0,0.0
2011-11-07 00:00:00+09:00,328.65859753938645,333.28759187092714,318.62910982104836,325.5726013183594,224461,0.0,0.0,0.0
2011-11-08 00:00:00+09:00,317.8576001460009,330.20158461769023,308.5996117922339,311.68560791015625,287433,0.0,0.0,0.0
2011-11-09 00:00:00+09:00,316.31460807173727,324.80109755658873,310.142615719118,319.4006042480469,242899,0.0,0.0,0.0
2011-11-10 00:00:00+09:00,308.5996526404272,308.5996526404272,297.7986647980123,304.7421569824219,138209,0.0,0.0,0.0
2011-11-11 00:00:00+09:00,311.68564916683147,314.77164569323577,300.8846613244165,304.7421569824219,87071,0.0,0.0,0.0
2011-11-14 00:00:00+09:00,314.77159182075184,316.31458981987316,305.5136038260238,315.5430908203125,100679,0.0,0.0,0.0
2011-11-15 00:00:00+09:00,308.5996398925781,312.45713539123534,296.255654296875,308.5996398925781,208743,0.0,0.0,0.0
2011-11-16 00:00:00+09:00,308.5996452591864,313.2286399380742,293.16966299622703,293.941162109375,121759,0.0,0.0,0.0
2011-11-17 00:00:00+09:00,293.94113396979,297.7986291662439,285.4546445375913,297.0271301269531,127898,0.0,0.0,0.0
2011-11-18 00:00:00+09:00,293.9411291633424,299.34162235007045,287.76913694993885,290.8551330566406,86333,0.0,0.0,0.0
2011-11-21 00:00:00+09:00,295.4841455589414,305.513633528305,289.31215296241004,294.712646484375,59806,0.0,0.0,0.0
2011-11-22 00:00:00+09:00,294.7126453600432,297.02714257491266,286.9976546438117,293.1696472167969,78676,0.0,0.0,0.0
2011-11-23 00:00:00+09:00,301.6561120448968,315.5430941850711,292.3981239514473,300.8846130371094,310915,0.0,0.0,0.0
2011-11-24 00:00:00+09:00,303.97061777240685,303.97061777240685,286.9976391150643,292.39813232421875,91505,0.0,0.0,0.0
2011-11-25 00:00:00+09:00,286.2261510869508,296.2556388608871,276.9681623725481,286.9976501464844,94793,0.0,0.0,0.0
2011-11-28 00:00:00+09:00,282.36865234375,290.08364284494536,278.51115709315235,282.36865234375,75023,0.0,0.0,0.0
2011-11-29 00:00:00+09:00,296.2556388608871,296.2556388608871,279.28265955114875,286.9976501464844,52451,0.0,0.0,0.0
2011-11-30 00:00:00+09:00,289.3121599826241,289.3121599826241,274.65367721017117,283.1401672363281,118502,0.0,0.0,0.0
2011-12-01 00:00:00+09:00,293.16964262275286,300.1131341585549,285.45465202741724,286.9976501464844,149559,0.0,0.0,0.0
2011-12-02 00:00:00+09:00,292.3981151174992,292.3981151174992,283.91162628823133,290.0836181640625,66535,0.0,0.0,0.0
2011-12-05 00:00:00+09:00,290.08363523458115,301.6561206827692,289.3121362047019,292.39813232421875,67653,0.0,0.0,0.0
2011-12-06 00:00:00+09:00,298.57013722792027,298.57013722792027,283.9116550384358,288.5406494140625,88299,0.0,0.0,0.0
2011-12-07 00:00:00+09:00,290.0836509303043,296.2556435032895,286.9976546438117,293.1696472167969,65491,0.0,0.0,0.0
2011-12-08 00:00:00+09:00,293.16964608651625,296.25564236111114,284.68315633138025,291.62664794921875,77411,0.0,0.0,0.0
2011-12-09 00:00:00+09:00,285.45465540002897,294.7126442238137,277.7396647135417,291.62664794921875,139708,0.0,0.0,0.0
2011-12-12 00:00:00+09:00,288.5406359766143,293.1696301366669,287.76913694993885,290.8551330566406,80531,0.0,0.0,0.0
2011-12-13 00:00:00+09:00,286.9976414613251,297.79862796793407,285.4546433889524,295.484130859375,178769,0.0,0.0,0.0
2011-12-14 00:00:00+09:00,299.3416376158249,333.2875965207122,295.48414228572403,331.7445983886719,928847,0.0,0.0,0.0
2011-12-15 00:00:00+09:00,318.62906488641966,342.54553222656256,314.77157015413854,342.5455322265625,791411,0.0,0.0,0.0
2011-12-16 00:00:00+09:00,339.4595642089844,347.946053314209,328.65857807506217,339.4595642089844,362642,0.0,0.0,0.0
2011-12-19 00:00:00+09:00,339.45956759982636,339.45956759982636,288.5406324598524,305.51361083984375,628885,0.0,0.0,0.0
2011-12-20 00:00:00+09:00,296.25566620879124,351.03210449218756,296.25566620879124,351.0321044921875,1237034,0.0,0.0,0.0
2011-12-21 00:00:00+09:00,353.3465539712821,368.77653449404556,333.28757929168967,348.7175598144531,767829,0.0,0.0,0.0
2011-12-22 00:00:00+09:00,354.11807370515464,354.11807370515464,327.8871052825506,334.8305969238281,409954,0.0,0.0,0.0
2011-12-23 00:00:00+09:00,331.74461095473345,337.916603716682,324.0296200022978,327.8871154785156,283289,0.0,0.0,0.0
2011-12-26 00:00:00+09:00,334.83058757873243,334.83058757873243,314.7716122859973,322.4866027832031,216604,0.0,0.0,0.0
2011-12-27 00:00:00+09:00,331.74460071310654,331.74460071310654,311.685624856035,314.0001220703125,189090,0.0,0.0,0.0
2011-12-28 00:00:00+09:00,316.3145945023517,319.4005905462771,302.4276123046875,302.4276123046875,159557,0.0,0.0,0.0
2011-12-29 00:00:00+09:00,306.285148768749,322.486630189766,298.57015761588383,317.8576354980469,251853,0.0,0.0,0.0
2012-01-02 00:00:00+09:00,317.85759639260755,322.48659051482997,302.4276159851994,307.0566101074219,249190,0.0,0.0,0.0
2012-01-03 00:00:00+09:00,313.2286474300336,313.2286474300336,303.1991587192197,304.7421569824219,216781,0.0,0.0,0.0
2012-01-04 00:00:00+09:00,307.05664687738187,316.31463623046875,303.1991513135957,316.31463623046875,268515,0.0,0.0,0.0
2012-01-05 00:00:00+09:00,316.31463623046875,320.17213179425494,307.8281459901391,316.31463623046875,232075,0.0,0.0,0.0
2012-01-06 00:00:00+09:00,322.48658181635847,322.48658181635847,310.1425978233878,315.5430908203125,115808,0.0,0.0,0.0
2012-01-09 00:00:00+09:00,310.91413719177245,317.85762908935544,304.74214439392085,308.5996398925781,142510,0.0,0.0,0.0
2012-01-10 00:00:00+09:00,307.82815451826195,310.9141510547859,302.4276605793451,306.28515625,125002,0.0,0.0,0.0
2012-01-11 00:00:00+09:00,308.59964408126535,314.7716369628906,306.2851467506558,314.7716369628906,267037,0.0,0.0,0.0
2012-01-12 00:00:00+09:00,320.1720924548504,361.06154040691564,319.4005934368869,344.08856201171875,1540614,0.0,0.0,0.0
2012-01-13 00:00:00+09:00,336.37358270527835,349.4890664346126,333.28758653367026,338.6880798339844,386683,0.0,0.0,0.0
2012-01-16 00:00:00+09:00,346.4030829241374,388.8355318346665,346.4030829241374,355.66107177734375,6010501,0.0,0.0,0.0
2012-01-17 00:00:00+09:00,352.57503335977316,376.49150170584096,334.8305568449487,359.5185241699219,2828435,0.0,0.0,0.0
2012-01-18 00:00:00+09:00,364.91907242426265,368.00506880840015,347.1745932154719,350.2605895996094,692379,0.0,0.0,0.0
2012-01-19 00:00:00+09:00,348.7175725623022,366.4620508121539,334.83058958415745,365.6905517578125,1103421,0.0,0.0,0.0
2012-01-20 00:00:00+09:00,373.40558854923694,377.2630842987125,362.6046004507053,364.9190979003906,829599,0.0,0.0,0.0
2012-01-25 00:00:00+09:00,364.9190260569255,381.12050501505536,347.9460481007894,370.31951904296875,650991,0.0,0.0,0.0
2012-01-26 00:00:00+09:00,371.09098605231765,373.40548284682274,362.6044978057989,368.7764892578125,335094,0.0,0.0,0.0
2012-01-27 00:00:00+09:00,364.14755364912975,373.40554230122626,363.3760545947884,365.6905517578125,337688,0.0,0.0,0.0
2012-01-30 00:00:00+09:00,387.2925639839329,388.8355622468171,370.31958309220676,374.9485778808594,740223,0.0,0.0,0.0
2012-01-31 00:00:00+09:00,374.1770608311136,383.4350499650793,361.8330753191593,371.091064453125,452444,0.0,0.0,0.0
2012-02-01 00:00:00+09:00,367.23355784385166,368.77655598605276,355.66107177734375,355.66107177734375,422337,0.0,0.0,0.0
2012-02-02 00:00:00+09:00,361.8330383300781,370.31952750199895,351.803551126899,361.8330383300781,382293,0.0,0.0,0.0
2012-02-03 00:00:00+09:00,361.8330685400194,384.9780409412999,359.5185712998913,382.6635437011719,714161,0.0,0.0,0.0
2012-02-06 00:00:00+09:00,392.6930154819681,392.6930154819681,380.3490307123974,381.89202880859375,755517,0.0,0.0,0.0
2012-02-07 00:00:00+09:00,376.4915331434572,381.1205274034177,370.31954079684317,378.8060302734375,354070,0.0,0.0,0.0
2012-02-08 00:00:00+09:00,382.6635094467474,382.6635094467474,371.8625232930086,378.0345153808594,271964,0.0,0.0,0.0
2012-02-09 00:00:00+09:00,374.17700062627375,402.72246252972144,373.4055016559103,390.37847900390625,737909,0.0,0.0,0.0
2012-02-10 00:00:00+09:00,389.607035421556,391.92153266168407,380.3490464610438,382.6635437011719,340966,0.0,0.0,0.0
2012-02-13 00:00:00+09:00,385.7495569752787,394.23604722873483,378.03456583577315,384.9780578613281,542358,0.0,0.0,0.0
2012-02-14 00:00:00+09:00,386.52100450165415,386.52100450165415,376.49151735889666,378.0345153808594,273401,0.0,0.0,0.0
2012-02-15 00:00:00+09:00,378.0345153808594,382.6635094467474,376.49151735889666,378.0345153808594,319190,0.0,0.0,0.0
2012-02-16 00:00:00+09:00,378.80605205335115,378.80605205335115,356.4325785104852,366.4620666503906,497151,0.0,0.0,0.0
2012-02-17 00:00:00+09:00,367.2335166119514,370.319512549867,358.74702778268363,362.6045227050781,222652,0.0,0.0,0.0
2012-02-20 00:00:00+09:00,355.66106848499095,374.1770460200013,352.57507222915586,371.862548828125,327451,0.0,0.0,0.0
2012-02-21 00:00:00+09:00,371.86251703898114,372.63401603698736,362.6045290629069,370.31951904296875,171095,0.0,0.0,0.0
2012-02-22 00:00:00+09:00,370.31953610248445,381.8920216056871,365.6905419012034,372.634033203125,313598,0.0,0.0,0.0
2012-02-23 00:00:00+09:00,376.4915246863535,376.4915246863535,364.1475402704075,368.0050354003906,200945,0.0,0.0,0.0
2012-02-24 00:00:00+09:00,376.49150841977416,376.49150841977416,363.3760255444951,367.2335205078125,141021,0.0,0.0,0.0
2012-02-27 00:00:00+09:00,362.60452270507807,368.0050155964303,357.20402981372587,362.6045227050781,174048,0.0,0.0,0.0
2012-02-28 00:00:00+09:00,356.43254522067394,364.1475353769656,356.43254522067394,361.8330383300781,145795,0.0,0.0,0.0
2012-02-29 00:00:00+09:00,361.06155743176424,368.776547975178,357.97556121439874,365.6905517578125,128609,0.0,0.0,0.0
2012-03-02 00:00:00+09:00,367.23353515624996,391.1500048828125,364.14753906249996,385.74951171875,761872,0.0,0.0,0.0
2012-03-05 00:00:00+09:00,398.09345118437216,443.61188843219765,393.46445756594926,422.0099182128906,2690955,0.0,0.0,0.0
2012-03-06 00:00:00+09:00,416.60951920138064,424.3245102977025,398.0935405702081,404.2655334472656,1110285,0.0,0.0,0.0
2012-03-07 00:00:00+09:00,392.69301940455586,418.9239873019132,390.37852223714196,407.35150146484375,934542,0.0,0.0,0.0
2012-03-08 00:00:00+09:00,412.75202149611255,412.75202149611255,391.9215456449068,401.1795349121094,605154,0.0,0.0,0.0
2012-03-09 00:00:00+09:00,405.80848397614756,422.7814623934009,404.2654859382155,421.23846435546875,1785530,0.0,0.0,0.0
2012-03-12 00:00:00+09:00,431.2679851185192,448.24096485484733,423.55299432927916,424.3244934082031,1979065,0.0,0.0,0.0
2012-03-13 00:00:00+09:00,430.49648262472715,437.4399742799647,415.06650116864375,419.69549560546875,842336,0.0,0.0,0.0
2012-03-14 00:00:00+09:00,421.23849709250715,432.8109832763672,419.6954989346591,424.3244934082031,835662,0.0,0.0,0.0
2012-03-15 00:00:00+09:00,422.7814698639775,425.8674659943715,409.66598630980303,411.208984375,568525,0.0,0.0,0.0
2012-03-16 00:00:00+09:00,411.20900134186246,417.38099385731255,406.5800069552749,413.52349853515625,320301,0.0,0.0,0.0
2012-03-19 00:00:00+09:00,413.5235116141183,432.0394897460938,409.6660161699568,432.03948974609375,557469,0.0,0.0,0.0
2012-03-20 00:00:00+09:00,436.66842126333586,439.7544171733241,425.09593660088,430.4964294433594,564433,0.0,0.0,0.0
2012-03-21 00:00:00+09:00,427.4105025766619,445.15498192551246,425.09600527029005,442.8404846191406,704448,0.0,0.0,0.0
2012-03-22 00:00:00+09:00,442.06890735526014,447.46940011527204,434.35391769810025,440.5259094238281,331173,0.0,0.0,0.0
2012-03-23 00:00:00+09:00,440.52600470772626,442.0690029729022,415.0665333323235,422.7815246582031,519254,0.0,0.0,0.0
2012-03-26 00:00:00+09:00,424.3244665132152,428.9534606933594,411.20898300280675,428.9534606933594,491937,0.0,0.0,0.0
2012-03-27 00:00:00+09:00,432.03945062099365,432.03945062099365,417.3809692606385,421.23846435546875,234840,0.0,0.0,0.0
2012-03-28 00:00:00+09:00,423.55298043022594,423.55298043022594,395.0075154467681,405.8085021972656,450588,0.0,0.0,0.0
2012-03-29 00:00:00+09:00,399.6365153753935,415.83799572845004,390.3785266022184,413.52349853515625,643422,0.0,0.0,0.0
2012-03-30 00:00:00+09:00,421.23847056243375,424.32446668377025,406.57998898608537,409.6659851074219,322813,0.0,0.0,0.0
2012-04-02 00:00:00+09:00,405.0370110405816,413.5235007957176,395.77902221679693,395.7790222167969,240224,0.0,0.0,0.0
2012-04-03 00:00:00+09:00,400.40799084338516,428.9534545451294,396.55049574855485,421.23846435546875,532744,0.0,0.0,0.0
2012-04-04 00:00:00+09:00,416.6094762129749,439.75444711369573,411.98048203283076,428.9534606933594,977971,0.0,0.0,0.0
2012-04-05 00:00:00+09:00,428.9534734706153,449.7839479017423,418.15248672854943,445.92645263671875,1317641,0.0,0.0,0.0
2012-04-06 00:00:00+09:00,449.78394906931914,449.78394906931914,435.12546702417836,447.4694519042969,596926,0.0,0.0,0.0
2012-04-09 00:00:00+09:00,447.4694878617285,449.01248609573446,419.6955196496212,432.8110046386719,668171,0.0,0.0,0.0
2012-04-10 00:00:00+09:00,425.8674192964361,438.2114024644487,404.26544875241393,411.9804382324219,507823,0.0,0.0,0.0
2012-04-12 00:00:00+09:00,401.1795178581687,424.3244900422938,401.1795178581687,419.69549560546875,295712,0.0,0.0,0.0
2012-04-13 00:00:00+09:00,424.3245143516391,432.8110046386719,418.9240205326182,432.8110046386719,292700,0.0,0.0,0.0
2012-04-16 00:00:00+09:00,430.4964792870936,497.6168981006727,429.7249802202708,477.55792236328125,3167710,0.0,0.0,0.0
2012-04-17 00:00:00+09:00,469.0714680989583,469.0714680989583,449.0124908447265,462.89947509765625,827246,0.0,0.0,0.0
2012-04-18 00:00:00+09:00,468.29991801734116,477.5579065119179,452.86993719304655,476.7864074707031,764181,0.0,0.0,0.0
2012-04-19 00:00:00+09:00,474.4719018999314,483.7298902296862,465.21391357017666,465.98541259765625,442770,0.0,0.0,0.0
2012-04-20 00:00:00+09:00,465.2138997500704,465.2138997500704,445.92642463605426,449.0124206542969,415618,0.0,0.0,0.0
2012-04-23 00:00:00+09:00,452.09839390956796,457.49888666957986,437.4399135609642,440.5259094238281,326931,0.0,0.0,0.0
2012-04-24 00:00:00+09:00,430.4964882750804,445.92646993368544,422.0099983628476,427.4104919433594,434784,0.0,0.0,0.0
2012-04-25 00:00:00+09:00,424.324460431333,433.5824486589257,421.2384643554688,421.23846435546875,279292,0.0,0.0,0.0
2012-04-26 00:00:00+09:00,421.2384914822049,439.75446912977435,401.9510147659867,416.6094970703125,474203,0.0,0.0,0.0
2012-04-27 00:00:00+09:00,418.9240143409142,422.01001076331505,395.00754206730767,401.1795349121094,383088,0.0,0.0,0.0
2012-04-30 00:00:00+09:00,398.09350347518927,405.0369948148728,389.60701406002045,395.00750732421875,377529,0.0,0.0,0.0
2012-05-02 00:00:00+09:00,391.15002780490454,416.60949707031256,391.15002780490454,416.6094970703125,220946,0.0,0.0,0.0
2012-05-03 00:00:00+09:00,416.6094583002495,425.095947265625,409.6659673285787,425.095947265625,135481,0.0,0.0,0.0
2012-05-04 00:00:00+09:00,418.1524768864997,425.09596820011313,411.2089855728862,412.7519836425781,167771,0.0,0.0,0.0
2012-05-07 00:00:00+09:00,406.57998535156247,412.75197753906247,398.86499511718745,405.0369873046875,161217,0.0,0.0,0.0
2012-05-08 00:00:00+09:00,415.83802009174843,415.83802009174843,401.1795370087369,404.2655334472656,156260,0.0,0.0,0.0
2012-05-09 00:00:00+09:00,401.17948727635394,410.4374754442698,394.23599615041707,398.864990234375,157974,0.0,0.0,0.0
2012-05-10 00:00:00+09:00,398.8650315496065,414.2950134277344,398.8650315496065,414.2950134277344,164471,0.0,0.0,0.0
2012-05-11 00:00:00+09:00,416.60951070945356,427.4104980241431,409.666018864296,414.2950134277344,204291,0.0,0.0,0.0
2012-05-14 00:00:00+09:00,415.06647081319994,415.06647081319994,398.0934924528089,400.4079895019531,211404,0.0,0.0,0.0
2012-05-15 00:00:00+09:00,396.55048432549233,405.03697328965654,374.9485124167106,388.0639953613281,241299,0.0,0.0,0.0
2012-05-16 00:00:00+09:00,385.74952092663995,391.9215132614662,356.4325573362153,357.9755554199219,316391,0.0,0.0,0.0
2012-05-17 00:00:00+09:00,354.88956499703323,371.8625441925435,354.88956499703323,365.6905517578125,139318,0.0,0.0,0.0
2012-05-18 00:00:00+09:00,357.975577218192,362.60457175118586,337.9166009085519,345.631591796875,288560,0.0,0.0,0.0
2012-05-21 00:00:00+09:00,347.1746088384272,355.6610992766999,346.4031097076752,351.0321044921875,96842,0.0,0.0,0.0
2012-05-22 00:00:00+09:00,357.2040336031873,380.3490033830915,357.2040336031873,367.2335205078125,133497,0.0,0.0,0.0
2012-05-23 00:00:00+09:00,362.6045712119655,371.86256026418584,361.0615730365954,366.4620666503906,80098,0.0,0.0,0.0
2012-05-24 00:00:00+09:00,362.604567620062,384.2065418612572,362.604567620062,382.6635437011719,115520,0.0,0.0,0.0
2012-05-25 00:00:00+09:00,384.20650746871013,384.20650746871013,373.4055213149713,378.0345153808594,69077,0.0,0.0,0.0
2012-05-29 00:00:00+09:00,382.66349333780676,382.66349333780676,369.5480107032448,377.26300048828125,74324,0.0,0.0,0.0
2012-05-30 00:00:00+09:00,379.57755668089567,379.57755668089567,370.31956749355675,374.17706298828125,95704,0.0,0.0,0.0
2012-05-31 00:00:00+09:00,369.5480272182816,371.862524257227,360.2900390625,360.2900390625,115415,0.0,0.0,0.0
2012-06-01 00:00:00+09:00,361.8330383300781,374.9485215957739,361.06153931444896,361.8330383300781,60810,0.0,0.0,0.0
2012-06-04 00:00:00+09:00,347.17457970907526,357.9755666333576,326.34410492653075,331.7445983886719,297796,0.0,0.0,0.0
2012-06-05 00:00:00+09:00,338.68803749428145,344.08853011947497,336.37354065491274,342.5455322265625,116571,0.0,0.0,0.0
2012-06-07 00:00:00+09:00,347.1746088384272,354.88960014594784,347.1746088384272,351.0321044921875,74767,0.0,0.0,0.0
2012-06-08 00:00:00+09:00,353.34657001284836,353.34657001284836,346.40307846237755,349.48907470703125,51448,0.0,0.0,0.0
2012-06-11 00:00:00+09:00,354.8895657885579,357.20406295674417,342.5455808915646,346.403076171875,202674,0.0,0.0,0.0
2012-06-12 00:00:00+09:00,341.00258391183655,353.34656884982155,336.37358956009217,347.9460754394531,80839,0.0,0.0,0.0
2012-06-13 00:00:00+09:00,347.94608906337197,357.975577218192,341.00259726388117,345.631591796875,72696,0.0,0.0,0.0
2012-06-14 00:00:00+09:00,347.17453937141266,348.7175373241745,340.2310485839844,340.2310485839844,50252,0.0,0.0,0.0
2012-06-15 00:00:00+09:00,341.0025894938526,344.08858577886485,327.8871052825506,334.8305969238281,103457,0.0,0.0,0.0
2012-06-18 00:00:00+09:00,339.4595364407376,345.63152801238743,338.68803749428145,342.5455322265625,69348,0.0,0.0,0.0
2012-06-19 00:00:00+09:00,342.5455954415458,349.4890872410366,339.45959908621654,345.631591796875,89151,0.0,0.0,0.0
2012-06-20 00:00:00+09:00,352.57503335977316,368.0050129378814,339.4595507183812,359.5185241699219,444965,0.0,0.0,0.0
2012-06-21 00:00:00+09:00,359.5185461803875,360.2900452065257,348.7175598144531,348.7175598144531,156466,0.0,0.0,0.0
2012-06-22 00:00:00+09:00,342.5456080038445,347.17460270659916,337.1451141839641,341.77410888671875,146994,0.0,0.0,0.0
2012-06-25 00:00:00+09:00,339.4595788768864,342.54557504849447,330.97308940496424,338.6880798339844,140265,0.0,0.0,0.0
2012-06-26 00:00:00+09:00,338.6881102211455,363.37608180901947,331.74461821205597,361.06158447265625,285910,0.0,0.0,0.0
2012-06-27 00:00:00+09:00,361.06155227692204,379.57752931676424,355.6610589736348,378.8060302734375,418858,0.0,0.0,0.0
2012-06-28 00:00:00+09:00,381.1205221036586,416.60947760318953,381.1205221036586,411.208984375,829498,0.0,0.0,0.0
2012-06-29 00:00:00+09:00,411.9805312297753,428.95351191714434,370.3195786335059,391.1500549316406,1527691,0.0,0.0,0.0
2012-07-02 00:00:00+09:00,398.0935241452113,398.0935241452113,379.5775462779922,381.12054443359375,296298,0.0,0.0,0.0
2012-07-03 00:00:00+09:00,382.66353689146433,382.66353689146433,370.31955183044937,373.4055480957031,253847,0.0,0.0,0.0
2012-07-04 00:00:00+09:00,380.34906317762477,393.4645481147843,374.9485693799709,384.9780578613281,314058,0.0,0.0,0.0
2012-07-05 00:00:00+09:00,387.2925336243676,387.2925336243676,372.634051276035,376.4915466308594,166946,0.0,0.0,0.0
2012-07-06 00:00:00+09:00,382.66356919528033,389.6070613782592,374.9485778808593,374.9485778808594,249711,0.0,0.0,0.0
2012-07-09 00:00:00+09:00,374.9485385211661,390.37851953026757,371.8625423193458,383.4350280761719,207245,0.0,0.0,0.0
2012-07-10 00:00:00+09:00,383.4350416669962,388.064036133801,374.94855181118743,381.12054443359375,195679,0.0,0.0,0.0
2012-07-11 00:00:00+09:00,376.4915188285783,398.864990234375,374.94852080059235,398.864990234375,346993,0.0,0.0,0.0
2012-07-12 00:00:00+09:00,395.77899902343745,403.4939892578125,384.9780126953125,385.74951171875,262459,0.0,0.0,0.0
2012-07-13 00:00:00+09:00,398.0934994923983,443.6119422638159,388.83551113210996,428.9534606933594,2725847,0.0,0.0,0.0
2012-07-16 00:00:00+09:00,422.0099694231431,437.4399500236237,412.7519810628548,428.9534606933594,817470,0.0,0.0,0.0
2012-07-17 00:00:00+09:00,426.6389574882312,428.18195552616334,413.5234741658082,421.23846435546875,294238,0.0,0.0,0.0
2012-07-18 00:00:00+09:00,415.0665050629646,420.4669986232634,382.6635437011719,382.6635437011719,776454,0.0,0.0,0.0
2012-07-19 00:00:00+09:00,383.4349895687554,393.4644762174351,369.54800805519886,391.9214782714844,531617,0.0,0.0,0.0
2012-07-20 00:00:00+09:00,391.150007338751,400.4079956781297,386.5210131690616,388.83551025390625,144482,0.0,0.0,0.0
2012-07-23 00:00:00+09:00,385.74951299831304,388.8355091022995,368.0050354003906,368.0050354003906,233992,0.0,0.0,0.0
2012-07-24 00:00:00+09:00,366.46205538041363,375.7200441479188,362.6045600606198,371.862548828125,136468,0.0,0.0,0.0
2012-07-25 00:00:00+09:00,367.23355784385166,368.0050569149522,353.34657456404216,355.66107177734375,228140,0.0,0.0,0.0
2012-07-26 00:00:00+09:00,362.6045496710416,362.6045496710416,354.8895592525088,357.9755554199219,76758,0.0,0.0,0.0
2012-07-27 00:00:00+09:00,365.69053832240076,371.0910315043771,360.29004514042435,368.0050354003906,67381,0.0,0.0,0.0
2012-07-30 00:00:00+09:00,368.77659364986624,371.0910910995516,364.14759875049555,364.9190979003906,61669,0.0,0.0,0.0
2012-07-31 00:00:00+09:00,366.4620666503906,369.54806300113074,363.3760702996505,366.4620666503906,62362,0.0,0.0,0.0
2012-08-01 00:00:00+09:00,368.7765848293226,376.49157614374354,364.9190891721121,374.9485778808594,48452,0.0,0.0,0.0
2012-08-02 00:00:00+09:00,370.3195190429688,381.8920040130616,366.46202405293786,370.31951904296875,59428,0.0,0.0,0.0
2012-08-03 00:00:00+09:00,364.14755364912975,368.776547975178,362.604555540447,365.6905517578125,65219,0.0,0.0,0.0
2012-08-06 00:00:00+09:00,366.46202405293786,374.1770140329997,358.74703407287603,370.31951904296875,50563,0.0,0.0,0.0
2012-08-07 00:00:00+09:00,370.31958309220676,377.26307527518566,365.6905883035542,374.9485778808594,80803,0.0,0.0,0.0
2012-08-08 00:00:00+09:00,376.49151102701825,381.12050501505536,370.3195190429688,370.31951904296875,60452,0.0,0.0,0.0
2012-08-09 00:00:00+09:00,367.23356898063935,379.5775544925936,361.0615762246622,371.091064453125,180890,0.0,0.0,0.0
2012-08-10 00:00:00+09:00,378.0345563035993,378.0345563035993,368.0050680751365,371.091064453125,28846,0.0,0.0,0.0
2012-08-13 00:00:00+09:00,378.8059753673346,378.8059753673346,367.2334913948091,368.7764892578125,73738,0.0,0.0,0.0
2012-08-14 00:00:00+09:00,370.31953610248445,374.9485303037655,369.5480370689376,372.634033203125,69518,0.0,0.0,0.0
2012-08-16 00:00:00+09:00,374.94848070982613,376.4914785728295,364.918994600304,368.7764892578125,118212,0.0,0.0,0.0
2012-08-17 00:00:00+09:00,370.31955070020746,373.40554695604254,363.3760591245786,371.862548828125,116318,0.0,0.0,0.0
2012-08-20 00:00:00+09:00,374.94852663436023,376.4915246863535,365.69053832240076,368.0050354003906,97794,0.0,0.0,0.0
2012-08-21 00:00:00+09:00,370.31954608386076,371.09104513820216,364.14755364912975,365.6905517578125,84341,0.0,0.0,0.0
2012-08-22 00:00:00+09:00,364.14754775474813,368.77654200586784,354.8895592525088,357.9755554199219,132442,0.0,0.0,0.0
2012-08-23 00:00:00+09:00,357.9755480624345,370.3195324783805,355.6610509844446,368.0050354003906,114849,0.0,0.0,0.0
2012-08-24 00:00:00+09:00,367.23354986649525,368.776547975178,362.604555540447,365.6905517578125,65362,0.0,0.0,0.0
2012-08-27 00:00:00+09:00,361.0615247361203,367.2335166119514,361.0615247361203,362.6045227050781,48658,0.0,0.0,0.0
2012-08-28 00:00:00+09:00,368.77654200586784,368.77654200586784,354.8895592525088,357.9755554199219,98855,0.0,0.0,0.0
2012-08-29 00:00:00+09:00,358.7470544617752,361.8330506291883,353.3465611688022,357.9755554199219,130831,0.0,0.0,0.0
2012-08-30 00:00:00+09:00,356.43254522067394,367.23353143948225,353.3465491581573,361.8330383300781,92633,0.0,0.0,0.0
2012-08-31 00:00:00+09:00,361.8330237205992,367.2335166119514,357.9755287982048,362.6045227050781,90057,0.0,0.0,0.0
2012-09-03 00:00:00+09:00,361.8330050560736,366.4619987241683,356.4325124432964,358.74700927734375,67024,0.0,0.0,0.0
2012-09-04 00:00:00+09:00,358.7470410365364,363.3760351144272,356.43254399759104,360.2900390625,56769,0.0,0.0,0.0
2012-09-05 00:00:00+09:00,360.2900853605352,363.37608180901947,356.43258979992993,361.06158447265625,140103,0.0,0.0,0.0
2012-09-06 00:00:00+09:00,362.60457441365645,371.09106445312506,358.74707894117074,371.091064453125,154931,0.0,0.0,0.0
2012-09-07 00:00:00+09:00,372.6340626421193,374.9485599256107,367.23356898063935,371.091064453125,66866,0.0,0.0,0.0
2012-09-10 00:00:00+09:00,374.1770460200013,376.4915432118776,368.77655257229,371.862548828125,62642,0.0,0.0,0.0
2012-09-11 00:00:00+09:00,373.40556388933635,378.0345584830058,368.7765692956669,374.17706298828125,101422,0.0,0.0,0.0
2012-09-12 00:00:00+09:00,376.4915246863535,376.4915246863535,368.0050354003906,368.0050354003906,60796,0.0,0.0,0.0
2012-09-13 00:00:00+09:00,364.9190979003906,371.8625902494467,357.9756055513346,364.9190979003906,122070,0.0,0.0,0.0
2012-09-14 00:00:00+09:00,375.7199796413278,376.4914785728295,364.918994600304,368.7764892578125,146734,0.0,0.0,0.0
2012-09-17 00:00:00+09:00,371.86250763875574,377.26300048828125,362.604519896712,377.26300048828125,221516,0.0,0.0,0.0
2012-09-18 00:00:00+09:00,379.5775484751506,390.3785356268825,378.0345503106175,384.20654296875,241997,0.0,0.0,0.0
2012-09-19 00:00:00+09:00,393.4645204449644,405.0370063404045,387.2925279673963,389.6070251464844,329826,0.0,0.0,0.0
2012-09-20 00:00:00+09:00,387.2924963645859,392.6929893417813,382.6635023841327,388.0639953613281,162710,0.0,0.0,0.0
2012-09-21 00:00:00+09:00,388.0640372614707,388.0640372614707,372.6340556606169,382.6635437011719,158815,0.0,0.0,0.0
2012-09-24 00:00:00+09:00,387.2925035126355,387.2925035126355,374.948519336934,378.0345153808594,100630,0.0,0.0,0.0
2012-09-25 00:00:00+09:00,381.12050501505536,381.12050501505536,364.1475270589193,370.31951904296875,145869,0.0,0.0,0.0
2012-09-26 00:00:00+09:00,370.319503115214,376.4914948338009,368.77650518556726,369.5480041503906,86505,0.0,0.0,0.0
2012-09-27 00:00:00+09:00,371.86252553325727,374.9485215957739,361.8330383300781,361.8330383300781,104694,0.0,0.0,0.0
2012-09-28 00:00:00+09:00,366.462021515149,372.6340134564568,361.83302755916816,367.2335205078125,49808,0.0,0.0,0.0
2012-10-02 00:00:00+09:00,370.31959194965646,378.03458344860763,363.3760996006004,364.9190979003906,43566,0.0,0.0,0.0
2012-10-04 00:00:00+09:00,364.1475113966271,370.319503115214,364.1475113966271,369.5480041503906,36461,0.0,0.0,0.0
2012-10-05 00:00:00+09:00,367.233595350076,369.5480927997614,364.9190979003906,364.9190979003906,89958,0.0,0.0,0.0
2012-10-08 00:00:00+09:00,364.9190392964041,374.17702760836363,364.9190392964041,368.0050354003906,110049,0.0,0.0,0.0
2012-10-09 00:00:00+09:00,368.0050413535116,375.72003173828125,365.6905442380807,375.72003173828125,135593,0.0,0.0,0.0
2012-10-10 00:00:00+09:00,375.7200341001304,383.435024533398,371.0910398401699,378.8060302734375,231401,0.0,0.0,0.0
2012-10-11 00:00:00+09:00,381.1205387588375,382.66353689146433,371.8625499630763,373.4055480957031,93176,0.0,0.0,0.0
2012-10-12 00:00:00+09:00,378.03450640510107,378.8060053977646,367.2335205078125,367.2335205078125,139259,0.0,0.0,0.0
2012-10-15 00:00:00+09:00,365.69054339864977,369.54803858217986,350.2605626645295,354.8895568847656,234433,0.0,0.0,0.0
2012-10-16 00:00:00+09:00,354.8895435044884,361.8330345730545,344.0885573978301,357.20404052734375,95430,0.0,0.0,0.0
2012-10-17 00:00:00+09:00,362.60454725182575,362.60454725182575,351.80356073794155,354.8895568847656,81852,0.0,0.0,0.0
2012-10-18 00:00:00+09:00,359.5185739556873,408.1230163574219,353.3465812697528,408.1230163574219,2651978,0.0,0.0,0.0
2012-10-19 00:00:00+09:00,407.35150351949255,407.35150351949255,380.34903643013223,389.6070251464844,1264645,0.0,0.0,0.0
2012-10-22 00:00:00+09:00,375.7200244140625,387.29250976562497,374.17702636718747,385.74951171875,725057,0.0,0.0,0.0
2012-10-23 00:00:00+09:00,390.3785299082271,404.2655131855949,376.4915466308594,376.4915466308594,1012670,0.0,0.0,0.0
2012-10-24 00:00:00+09:00,370.31950968174846,381.12049538079947,368.77651172474117,377.26300048828125,252245,0.0,0.0,0.0
2012-10-25 00:00:00+09:00,374.9485130310059,379.577507019043,363.37602806091314,370.31951904296875,271786,0.0,0.0,0.0
2012-10-26 00:00:00+09:00,371.09100885350307,371.09100885350307,356.4325282543002,359.5185241699219,239178,0.0,0.0,0.0
2012-10-29 00:00:00+09:00,353.34656884982155,359.5185613188141,346.403077322205,347.9460754394531,230858,0.0,0.0,0.0
2012-10-30 00:00:00+09:00,343.31707994762667,354.11806673249583,343.31707994762667,346.403076171875,100866,0.0,0.0,0.0
2012-10-31 00:00:00+09:00,346.4030507294302,368.7765217119547,346.4030507294302,352.5750427246094,121536,0.0,0.0,0.0
2012-11-01 00:00:00+09:00,351.8035559190058,354.1180529974203,345.63156370990043,348.7175598144531,76904,0.0,0.0,0.0
2012-11-02 00:00:00+09:00,356.43258236788444,356.43258236788444,347.1745932154719,350.2605895996094,68420,0.0,0.0,0.0
2012-11-05 00:00:00+09:00,346.4030615234375,354.11805175781245,344.86006347656246,347.174560546875,95817,0.0,0.0,0.0
2012-11-06 00:00:00+09:00,347.17462439286084,351.8036193847656,344.088627731591,351.8036193847656,93562,0.0,0.0,0.0
2012-11-07 00:00:00+09:00,354.88955202355845,355.66105104969665,346.4030627360386,348.7175598144531,69411,0.0,0.0,0.0
2012-11-08 00:00:00+09:00,344.08856201171875,347.1745580835727,341.0025659398648,344.08856201171875,79826,0.0,0.0,0.0
2012-11-09 00:00:00+09:00,341.0025634765625,345.631557550905,332.51607434026795,341.0025634765625,146714,0.0,0.0,0.0
2012-11-12 00:00:00+09:00,339.4595654517817,345.631557550905,336.37356940222,341.0025634765625,55204,0.0,0.0,0.0
2012-11-13 00:00:00+09:00,338.6880945353748,344.0885880701074,331.7446028478614,337.9165954589844,73049,0.0,0.0,0.0
2012-11-14 00:00:00+09:00,337.9165920681424,340.23108927408856,327.88710417570894,333.28759765625,59736,0.0,0.0,0.0
2012-11-15 00:00:00+09:00,333.287588266226,333.287588266226,313.22861304649945,320.943603515625,97515,0.0,0.0,0.0
2012-11-16 00:00:00+09:00,327.8870996439232,327.8870996439232,307.82812413629495,327.1156005859375,224911,0.0,0.0,0.0
2012-11-19 00:00:00+09:00,320.1721123983694,337.91659091683323,320.1721123983694,331.7445983886719,18209,0.0,0.0,0.0
2012-11-20 00:00:00+09:00,330.20159036206223,339.4595788768864,330.20159036206223,338.6880798339844,24490,0.0,0.0,0.0
2012-11-21 00:00:00+09:00,336.37359393084495,342.54558648003473,328.65860324435766,333.28759765625,23894,0.0,0.0,0.0
2012-11-22 00:00:00+09:00,337.14508056640625,337.14508056640625,324.8010959232426,337.14508056640625,35710,0.0,0.0,0.0
2012-11-23 00:00:00+09:00,337.91659320884037,337.91659320884037,324.0296099262853,334.8305969238281,73137,0.0,0.0,0.0
2012-11-26 00:00:00+09:00,338.6880945353748,338.6880945353748,324.02961208395766,337.9165954589844,64295,0.0,0.0,0.0
2012-11-27 00:00:00+09:00,332.5160731228915,344.8600572759455,331.74457411332565,339.4595642089844,55747,0.0,0.0,0.0
2012-11-28 00:00:00+09:00,343.31705925681376,343.31705925681376,334.05907114202324,339.4595642089844,31506,0.0,0.0,0.0
2012-11-29 00:00:00+09:00,337.14506718028673,345.63155628551135,337.14506718028673,339.4595642089844,41567,0.0,0.0,0.0
2012-11-30 00:00:00+09:00,337.9165954589844,341.77409084093625,332.51610192425176,337.9165954589844,30760,0.0,0.0,0.0
2012-12-03 00:00:00+09:00,336.37359393084495,339.45959020543984,325.5726069697628,333.28759765625,42820,0.0,0.0,0.0
2012-12-04 00:00:00+09:00,333.28759765625,334.8305957935475,329.4301023130064,333.28759765625,26078,0.0,0.0,0.0
2012-12-05 00:00:00+09:00,335.60207643888594,336.3735754651822,327.1155871496268,329.4300842285156,36595,0.0,0.0,0.0
2012-12-06 00:00:00+09:00,327.11560286762557,332.5160963111949,324.0296066141574,330.20159912109375,57871,0.0,0.0,0.0
2012-12-07 00:00:00+09:00,327.11560286762557,332.5160963111949,325.57260474089145,330.20159912109375,38506,0.0,0.0,0.0
2012-12-10 00:00:00+09:00,331.7445849271074,336.3735791353926,325.57259264939375,334.05908203125,25120,0.0,0.0,0.0
2012-12-11 00:00:00+09:00,334.0590989699058,337.1450952652398,329.43010452690476,336.37359619140625,48472,0.0,0.0,0.0
2012-12-12 00:00:00+09:00,336.3735815262085,338.68807864680167,331.74458728502213,337.14508056640625,12901,0.0,0.0,0.0
2012-12-13 00:00:00+09:00,334.83058226135955,341.00257456110813,334.059083223891,335.6020812988281,35813,0.0,0.0,0.0
2012-12-14 00:00:00+09:00,331.74458728502213,337.91657960660393,331.74458728502213,337.14508056640625,19873,0.0,0.0,0.0
2012-12-17 00:00:00+09:00,339.4595924867403,339.4595924867403,327.88710637923776,336.37359619140625,44206,0.0,0.0,0.0
2012-12-18 00:00:00+09:00,336.37359619140625,337.9165943390733,332.5161008222388,336.37359619140625,15343,0.0,0.0,0.0
2012-12-20 00:00:00+09:00,331.74459951895255,336.37359393084495,328.65860324435766,333.28759765625,62024,0.0,0.0,0.0
2012-12-21 00:00:00+09:00,333.2875930498231,334.8305911657945,321.7151071800376,327.1156005859375,74389,0.0,0.0,0.0
2012-12-24 00:00:00+09:00,318.62911094809476,327.1156005859375,318.62911094809476,327.1156005859375,57239,0.0,0.0,0.0
2012-12-26 00:00:00+09:00,323.2580896111526,330.20158079611775,320.17209352894594,326.3440856933594,48263,0.0,0.0,0.0
2012-12-27 00:00:00+09:00,330.20159488823055,344.8600769042968,330.20159488823055,344.8600769042969,177255,0.0,0.0,0.0
2012-12-28 00:00:00+09:00,344.86006940758745,357.97555303158964,342.5455722974694,354.8895568847656,268937,0.0,0.0,0.0
2013-01-02 00:00:00+09:00,355.6610992766999,355.6610992766999,347.1746088384272,351.0321044921875,61191,0.0,0.0,0.0
2013-01-03 00:00:00+09:00,349.4891000579765,354.11809476073114,339.4596115353414,341.77410888671875,115244,0.0,0.0,0.0
2013-01-04 00:00:00+09:00,337.14508174818036,341.0025769626904,336.37358270527835,338.6880798339844,41854,0.0,0.0,0.0
2013-01-07 00:00:00+09:00,339.4595642089844,341.774061237682,333.2875721324574,339.4595642089844,39566,0.0,0.0,0.0
2013-01-08 00:00:00+09:00,335.6020982298133,342.54558991732665,334.8305991534229,337.9165954589844,12181,0.0,0.0,0.0
2013-01-09 00:00:00+09:00,337.9165954589844,339.4595936117652,336.37359730620364,337.9165954589844,46096,0.0,0.0,0.0
2013-01-10 00:00:00+09:00,341.0025917645459,341.77409084093625,334.8305991534229,337.9165954589844,34536,0.0,0.0,0.0
2013-01-11 00:00:00+09:00,334.0590989699058,337.9165943390733,331.7446017484053,336.37359619140625,35659,0.0,0.0,0.0
2013-01-14 00:00:00+09:00,334.83058344581303,340.23107672719715,328.65859112423124,337.14508056640625,34808,0.0,0.0,0.0
2013-01-15 00:00:00+09:00,341.002581636911,345.63157595777403,337.9165854230023,344.8600769042969,192750,0.0,0.0,0.0
2013-01-16 00:00:00+09:00,345.63152801238743,348.7175237982123,340.23103538719386,342.5455322265625,48524,0.0,0.0,0.0
2013-01-17 00:00:00+09:00,341.0025343336501,344.8600290659312,334.83054276200033,342.5455322265625,31613,0.0,0.0,0.0
2013-01-18 00:00:00+09:00,342.54558763635873,347.1745820638771,328.65860435380364,334.8305969238281,89629,0.0,0.0,0.0
2013-01-21 00:00:00+09:00,331.74459257579986,337.91658499581473,324.02960205078125,324.02960205078125,108013,0.0,0.0,0.0
2013-01-22 00:00:00+09:00,327.11560286762557,330.20159912109375,320.1721112973222,330.20159912109375,52544,0.0,0.0,0.0
2013-01-23 00:00:00+09:00,330.2015968178803,331.74459493385166,324.80110341198036,327.1156005859375,38266,0.0,0.0,0.0
2013-01-24 00:00:00+09:00,328.65859636579245,328.65859636579245,315.5431124732608,324.02960205078125,81792,0.0,0.0,0.0
2013-01-25 00:00:00+09:00,325.572600155785,325.572600155785,314.77161342075897,324.02960205078125,67725,0.0,0.0,0.0
2013-01-28 00:00:00+09:00,328.65859636579245,328.65859636579245,314.77161342075897,324.02960205078125,116089,0.0,0.0,0.0
2013-01-29 00:00:00+09:00,325.57260246996606,330.97309587586597,319.40061000608046,327.1156005859375,69145,0.0,0.0,0.0
2013-01-30 00:00:00+09:00,332.516064281195,332.516064281195,320.94357944542253,328.6585693359375,73603,0.0,0.0,0.0
2013-01-31 00:00:00+09:00,327.115616383272,330.9731118594899,324.0296200022978,327.8871154785156,36901,0.0,0.0,0.0
2013-02-01 00:00:00+09:00,327.11561311343974,328.65861128850315,317.8576240630594,323.25811767578125,53620,0.0,0.0,0.0
2013-02-04 00:00:00+09:00,322.4866174931149,330.2016083422325,317.8576229836443,321.7151184082031,64922,0.0,0.0,0.0
2013-02-05 00:00:00+09:00,317.8576096307664,324.02960205078125,313.22861531575523,324.02960205078125,56010,0.0,0.0,0.0
2013-02-06 00:00:00+09:00,325.5726149383764,325.5726149383764,318.62912315059106,323.25811767578125,11749,0.0,0.0,0.0
2013-02-07 00:00:00+09:00,323.25811767578125,325.5726149383764,317.0861249755277,323.25811767578125,22786,0.0,0.0,0.0
2013-02-08 00:00:00+09:00,323.25810415258906,325.5726013183594,317.8576107657916,325.5726013183594,49937,0.0,0.0,0.0
2013-02-12 00:00:00+09:00,331.74460763862993,331.74460763862993,320.9436204131862,323.25811767578125,30316,0.0,0.0,0.0
2013-02-13 00:00:00+09:00,323.2580883905044,325.57258544341965,319.4005933023122,324.80108642578125,41620,0.0,0.0,0.0
2013-02-14 00:00:00+09:00,325.57260246996606,328.6585987019089,320.94360812205184,327.1156005859375,50874,0.0,0.0,0.0
2013-02-15 00:00:00+09:00,330.20159912109375,330.97309818446075,326.3441038042585,330.20159912109375,23605,0.0,0.0,0.0
2013-02-18 00:00:00+09:00,328.65861457375917,330.2016127642463,324.0296200022978,327.8871154785156,69737,0.0,0.0,0.0
2013-02-19 00:00:00+09:00,325.5726013183594,331.7445937604136,325.5726013183594,325.5726013183594,27853,0.0,0.0,0.0
2013-02-20 00:00:00+09:00,325.5726013183594,330.2015956499,324.8011022631026,325.5726013183594,54397,0.0,0.0,0.0
2013-02-21 00:00:00+09:00,327.8870984841297,330.9730947051568,325.5726013183594,325.5726013183594,38745,0.0,0.0,0.0
2013-02-22 00:00:00+09:00,328.6585987019089,331.74459493385166,322.4866062380233,327.1156005859375,48085,0.0,0.0,0.0
2013-02-25 00:00:00+09:00,334.8305786417359,334.8305786417359,326.3440893213232,330.97308349609375,33583,0.0,0.0,0.0
2013-02-26 00:00:00+09:00,333.2875793599971,333.2875793599971,325.57258909703415,329.4300842285156,53728,0.0,0.0,0.0
2013-02-27 00:00:00+09:00,344.8600871464978,346.40308529927853,333.28760100064216,337.9165954589844,172484,0.0,0.0,0.0
2013-02-28 00:00:00+09:00,341.0025634765625,341.0025634765625,334.83057137743924,341.0025634765625,56256,0.0,0.0,0.0
2013-03-04 00:00:00+09:00,343.31707288798805,343.31707288798805,334.83058344581303,337.14508056640625,46295,0.0,0.0,0.0
2013-03-05 00:00:00+09:00,339.4595496076035,340.2310485839844,334.83055574931797,340.2310485839844,60107,0.0,0.0,0.0
2013-03-06 00:00:00+09:00,340.2310632185503,345.63155628551135,333.2875721324574,339.4595642089844,46270,0.0,0.0,0.0
2013-03-07 00:00:00+09:00,339.4595496076035,340.2310485839844,334.0590567729371,340.2310485839844,39973,0.0,0.0,0.0
2013-03-08 00:00:00+09:00,343.31705925681376,343.31705925681376,334.83057015158914,339.4595642089844,26513,0.0,0.0,0.0
2013-03-11 00:00:00+09:00,339.4595788768864,342.54557504849447,334.0590855765723,338.6880798339844,47402,0.0,0.0,0.0
2013-03-12 00:00:00+09:00,338.68809341290677,341.0025906344073,335.6020971175728,336.37359619140625,17037,0.0,0.0,0.0
2013-03-13 00:00:00+09:00,337.9165385478252,342.54553222656256,337.145039601369,342.5455322265625,74624,0.0,0.0,0.0
2013-03-14 00:00:00+09:00,344.0885801463328,350.2605726153253,344.0885801463328,347.9460754394531,162982,0.0,0.0,0.0
2013-03-15 00:00:00+09:00,350.26059382715266,368.77657235546025,347.9460965111142,356.4325866699219,244065,0.0,0.0,0.0
2013-03-18 00:00:00+09:00,360.2900501417077,364.14754532523773,351.80356073794155,354.8895568847656,115858,0.0,0.0,0.0
2013-03-19 00:00:00+09:00,354.88958845922957,356.4325866699218,350.26059382715266,356.4325866699219,43163,0.0,0.0,0.0
2013-03-20 00:00:00+09:00,356.4326143766705,357.9756127073054,350.2606210541307,351.8036193847656,49621,0.0,0.0,0.0
2013-03-21 00:00:00+09:00,352.57506862037167,352.57506862037167,345.63157711581295,346.403076171875,49244,0.0,0.0,0.0
2013-03-22 00:00:00+09:00,349.489090503575,350.2605895996094,344.0885968313343,350.2605895996094,15517,0.0,0.0,0.0
2013-03-25 00:00:00+09:00,350.26060536143547,354.88960014594784,346.4031097076752,351.0321044921875,24676,0.0,0.0,0.0
2013-03-26 00:00:00+09:00,353.3465539712821,353.3465539712821,345.63156370990043,348.7175598144531,34652,0.0,0.0,0.0
2013-03-27 00:00:00+09:00,351.0321202194482,351.8036193847656,344.8601268969084,351.8036193847656,39049,0.0,0.0,0.0
2013-03-28 00:00:00+09:00,352.5751185500831,353.3466177154006,348.71762272349577,351.8036193847656,35218,0.0,0.0,0.0
2013-03-29 00:00:00+09:00,356.43254399759104,365.6905321533726,352.575048932682,360.2900390625,232836,0.0,0.0,0.0
2013-04-01 00:00:00+09:00,362.6045200855435,365.6905160011652,353.34653233867857,359.5185241699219,83283,0.0,0.0,0.0
2013-04-02 00:00:00+09:00,361.0615491784137,361.0615491784137,351.80356073794155,354.8895568847656,46230,0.0,0.0,0.0
2013-04-03 00:00:00+09:00,352.57508688771253,354.8895841758157,347.1745932154719,350.2605895996094,41141,0.0,0.0,0.0
2013-04-04 00:00:00+09:00,347.17457406472835,347.17457406472835,316.31461192564143,344.8600769042969,136177,0.0,0.0,0.0
2013-04-05 00:00:00+09:00,344.8600424422699,344.8600424422699,331.7445598437943,340.2310485839844,59635,0.0,0.0,0.0
2013-04-08 00:00:00+09:00,340.2310418573721,340.2310418573721,328.6585574404546,332.51605224609375,54227,0.0,0.0,0.0
2013-04-09 00:00:00+09:00,331.7446006388159,339.4595913513465,327.1156062112975,334.8305969238281,53329,0.0,0.0,0.0
2013-04-10 00:00:00+09:00,337.91657960660393,337.91657960660393,331.74458728502213,337.14508056640625,29972,0.0,0.0,0.0
2013-04-11 00:00:00+09:00,342.54556024724786,344.0885582663796,334.83057015158914,339.4595642089844,29285,0.0,0.0,0.0
2013-04-12 00:00:00+09:00,342.54558763635873,347.1745820638771,334.8305969238281,334.8305969238281,48690,0.0,0.0,0.0
2013-04-15 00:00:00+09:00,342.54556024724786,342.54556024724786,331.74457411332565,339.4595642089844,27894,0.0,0.0,0.0
2013-04-16 00:00:00+09:00,339.4595788768864,339.4595788768864,330.97308940496424,338.6880798339844,11734,0.0,0.0,0.0
2013-04-17 00:00:00+09:00,342.54557504849447,342.54557504849447,331.74458844786625,338.6880798339844,37394,0.0,0.0,0.0
2013-04-18 00:00:00+09:00,337.91658079108237,341.0025769626904,334.0590855765723,338.6880798339844,21344,0.0,0.0,0.0
2013-04-19 00:00:00+09:00,338.68809341290677,338.68809341290677,333.28759989607227,336.37359619140625,14041,0.0,0.0,0.0
2013-04-22 00:00:00+09:00,336.3735791353926,336.3735791353926,333.28758299653583,334.05908203125,18256,0.0,0.0,0.0
2013-04-23 00:00:00+09:00,334.0590967248988,336.37359393084495,330.2016013816551,333.28759765625,28145,0.0,0.0,0.0
2013-04-24 00:00:00+09:00,332.5161008222388,336.37359619140625,331.7446017484053,336.37359619140625,21625,0.0,0.0,0.0
2013-04-25 00:00:00+09:00,334.0590723650488,342.54556150134334,334.0590723650488,341.0025634765625,24253,0.0,0.0,0.0
2013-04-26 00:00:00+09:00,339.45960225512806,351.8035877916781,336.3736058709905,350.2605895996094,133879,0.0,0.0,0.0
2013-04-29 00:00:00+09:00,351.803543725212,354.8895397228016,346.4030507294302,352.5750427246094,72834,0.0,0.0,0.0
2013-04-30 00:00:00+09:00,350.26057376819466,354.11806907401177,347.17457752354096,349.48907470703125,55101,0.0,0.0,0.0
2013-05-02 00:00:00+09:00,353.346552734375,353.346552734375,345.6315625,347.174560546875,50034,0.0,0.0,0.0
2013-05-03 00:00:00+09:00,345.6315707502694,359.5185535036285,344.8600717084161,357.9755554199219,51088,0.0,0.0,0.0
2013-05-06 00:00:00+09:00,354.88958845922957,362.60457951269103,354.88958845922957,356.4325866699219,68222,0.0,0.0,0.0
2013-05-07 00:00:00+09:00,352.575046481633,359.5185375501991,352.575046481633,357.20404052734375,34996,0.0,0.0,0.0
2013-05-08 00:00:00+09:00,354.8895435044884,357.9755395349622,354.1180444968699,357.20404052734375,63121,0.0,0.0,0.0
2013-05-09 00:00:00+09:00,355.6610356178604,368.7765184931394,354.11803763253346,367.2335205078125,180144,0.0,0.0,0.0
2013-05-10 00:00:00+09:00,367.23355777928083,392.69302712112176,367.23355777928083,376.4915466308594,309374,0.0,0.0,0.0
2013-05-13 00:00:00+09:00,376.4915443609569,378.80604155989715,368.7765536978225,373.4055480957031,78849,0.0,0.0,0.0
2013-05-14 00:00:00+09:00,373.4055213149713,379.57751340282204,368.7765272490832,378.0345153808594,90050,0.0,0.0,0.0
2013-05-15 00:00:00+09:00,371.8625384190286,405.0369972406432,371.8625384190286,398.093505859375,592374,0.0,0.0,0.0
2013-05-16 00:00:00+09:00,398.09350467192064,402.72249891229177,387.29251811105456,396.5505065917969,235571,0.0,0.0,0.0
2013-05-20 00:00:00+09:00,396.5505402785081,401.1795349121094,387.2925510113056,401.1795349121094,156998,0.0,0.0,0.0
2013-05-21 00:00:00+09:00,395.00749516441005,403.49398431833293,395.00749516441005,398.864990234375,105159,0.0,0.0,0.0
2013-05-22 00:00:00+09:00,404.26548828125,404.26548828125,384.206513671875,385.74951171875,126276,0.0,0.0,0.0
2013-05-23 00:00:00+09:00,385.7495054906728,388.8355015345982,373.4055213149713,378.0345153808594,142819,0.0,0.0,0.0
2013-05-24 00:00:00+09:00,378.0344994667849,384.20649129481404,371.86250763875574,377.26300048828125,131579,0.0,0.0,0.0
2013-05-27 00:00:00+09:00,377.26301666556054,402.72248404789894,377.26301666556054,397.3219909667969,207532,0.0,0.0,0.0
2013-05-28 00:00:00+09:00,401.17948602472694,401.17948602472694,389.60700085093674,397.3219909667969,110889,0.0,0.0,0.0
2013-05-29 00:00:00+09:00,396.550493192396,399.636489248368,391.1500000944451,398.864990234375,86425,0.0,0.0,0.0
2013-05-30 00:00:00+09:00,411.20902543395533,422.7815120784381,396.5505423509438,404.2655334472656,500476,0.0,0.0,0.0
2013-05-31 00:00:00+09:00,406.57999532536945,410.4374905371851,393.46451160519626,398.093505859375,178143,0.0,0.0,0.0
2013-06-03 00:00:00+09:00,385.7495252275371,393.4645157320879,381.12053092480664,383.4350280761719,143880,0.0,0.0,0.0
2013-06-04 00:00:00+09:00,383.4350347875065,393.4645226189704,362.6045600606198,371.862548828125,225172,0.0,0.0,0.0
2013-06-05 00:00:00+09:00,371.86251446379333,377.2630074124376,361.0615285665047,367.2335205078125,105219,0.0,0.0,0.0
2013-06-07 00:00:00+09:00,363.3760786180372,369.5480714608064,356.4325866699218,356.4325866699219,98345,0.0,0.0,0.0
2013-06-10 00:00:00+09:00,350.2605989100569,364.1475830078125,350.2605989100569,364.1475830078125,76448,0.0,0.0,0.0
2013-06-11 00:00:00+09:00,368.0050568502457,384.20653734050813,361.06156521156186,376.4915466308594,66063,0.0,0.0,0.0
2013-06-12 00:00:00+09:00,368.77650518556726,379.5774906930944,365.6905093262738,369.5480041503906,46786,0.0,0.0,0.0
2013-06-13 00:00:00+09:00,364.1475484502291,381.8920264467445,363.3760494069023,378.8060302734375,134377,0.0,0.0,0.0
2013-06-14 00:00:00+09:00,384.20651870632764,388.0640138740618,372.634033203125,372.634033203125,82826,0.0,0.0,0.0
2013-06-17 00:00:00+09:00,372.63401603698736,372.63401603698736,361.83303006490075,370.31951904296875,73673,0.0,0.0,0.0
2013-06-18 00:00:00+09:00,368.77654039198853,377.26302981523514,362.60454808417285,375.72003173828125,25779,0.0,0.0,0.0
2013-06-19 00:00:00+09:00,374.94852663436023,374.94852663436023,368.0050354003906,368.0050354003906,38937,0.0,0.0,0.0
2013-06-20 00:00:00+09:00,358.7470891920186,368.0050785905224,357.97559007547665,364.1475830078125,53055,0.0,0.0,0.0
2013-06-21 00:00:00+09:00,354.8895782017151,370.3195598626592,353.34658003562066,363.3760681152344,64747,0.0,0.0,0.0
2013-06-24 00:00:00+09:00,368.77651458090924,368.77651458090924,359.51852676716254,362.6045227050781,34562,0.0,0.0,0.0
2013-06-25 00:00:00+09:00,356.43254372437076,361.8330368111037,339.4595654517817,341.0025634765625,82962,0.0,0.0,0.0
2013-06-26 00:00:00+09:00,348.7175561194997,349.4890551374632,339.4595679039378,344.08856201171875,37920,0.0,0.0,0.0
2013-06-27 00:00:00+09:00,351.80353692237367,364.91901965851474,351.80353692237367,362.6045227050781,60506,0.0,0.0,0.0
2013-06-28 00:00:00+09:00,364.1475245371586,368.7765184931394,361.0615285665047,367.2335205078125,17059,0.0,0.0,0.0
2013-07-01 00:00:00+09:00,357.20403607686364,371.091018040975,356.4325370788575,370.31951904296875,62279,0.0,0.0,0.0
2013-07-02 00:00:00+09:00,371.86251703898114,374.9485130310059,362.6045290629069,370.31951904296875,42875,0.0,0.0,0.0
2013-07-03 00:00:00+09:00,364.9190235298221,371.86251446379333,355.6610356178604,367.2335205078125,28392,0.0,0.0,0.0
2013-07-04 00:00:00+09:00,367.23352305094403,371.091018040975,362.6045290629069,370.31951904296875,43208,0.0,0.0,0.0
2013-07-05 00:00:00+09:00,370.31955183044937,374.94854622833,365.69055743256877,373.4055480957031,34248,0.0,0.0,0.0
2013-07-08 00:00:00+09:00,373.40549897450745,379.5774906930944,363.37601243180376,369.5480041503906,45674,0.0,0.0,0.0
2013-07-09 00:00:00+09:00,370.3195190429688,370.3195190429688,364.1475270589193,370.31951904296875,29649,0.0,0.0,0.0
2013-07-10 00:00:00+09:00,370.3195190429688,373.4055150349935,365.6905250549317,370.31951904296875,28212,0.0,0.0,0.0
2013-07-11 00:00:00+09:00,370.31958309220676,375.72007701230143,368.7765848293226,374.9485778808594,52248,0.0,0.0,0.0
2013-07-12 00:00:00+09:00,378.03454249358373,378.03454249358373,369.54805276413595,373.4055480957031,32788,0.0,0.0,0.0
2013-07-15 00:00:00+09:00,374.17704614065957,400.4080143237161,368.77655269120675,392.6930236816406,278850,0.0,0.0,0.0
2013-07-16 00:00:00+09:00,392.6930137251335,405.03699843947953,384.2065242340206,399.6365051269531,325924,0.0,0.0,0.0
2013-07-17 00:00:00+09:00,393.46451043154946,399.63650275204435,391.92151235142575,396.5505065917969,114560,0.0,0.0,0.0
2013-07-18 00:00:00+09:00,393.4645092487335,405.8084938526154,385.7495188713074,395.00750732421875,189615,0.0,0.0,0.0
2013-07-19 00:00:00+09:00,398.0935182814029,398.0935182814029,390.37852761703465,394.23602294921875,66259,0.0,0.0,0.0
2013-07-22 00:00:00+09:00,395.7789954036646,415.06647081319994,395.7789954036646,400.4079895019531,283258,0.0,0.0,0.0
2013-07-23 00:00:00+09:00,401.1794592917766,406.5799520130121,392.69297072983517,401.9509582519531,144637,0.0,0.0,0.0
2013-07-24 00:00:00+09:00,404.2655119719329,404.2655119719329,392.693025942202,395.7790222167969,88362,0.0,0.0,0.0
2013-07-25 00:00:00+09:00,396.5505166837484,399.63651292253246,386.5210289077003,389.6070251464844,131594,0.0,0.0,0.0
2013-07-26 00:00:00+09:00,391.1499913482969,391.9214903450391,378.03450840367947,388.0639953613281,129706,0.0,0.0,0.0
2013-07-29 00:00:00+09:00,385.74951414078004,393.46450442359566,382.6635180276538,388.83551025390625,126715,0.0,0.0,0.0
2013-07-30 00:00:00+09:00,389.6070032726133,402.72248655109735,382.6635121251806,400.4079895019531,162626,0.0,0.0,0.0
2013-07-31 00:00:00+09:00,401.9510073118572,439.7544609745847,399.6365101488331,426.63897705078125,1104233,0.0,0.0,0.0
2013-08-01 00:00:00+09:00,435.8969571992949,435.8969571992949,407.3514927455357,415.8379821777344,595926,0.0,0.0,0.0
2013-08-02 00:00:00+09:00,415.06646521061606,442.8404294254528,410.4374711748099,431.2679443359375,861977,0.0,0.0,0.0
2013-08-05 00:00:00+09:00,438.2114687118394,440.52596590574,426.6389827423366,434.3539733886719,376098,0.0,0.0,0.0
2013-08-06 00:00:00+09:00,435.12542982504397,449.01241162797095,430.49643589073503,438.21142578125,550095,0.0,0.0,0.0
2013-08-07 00:00:00+09:00,435.12547471788196,437.4399719238282,415.06649893301505,416.6094970703125,378194,0.0,0.0,0.0
2013-08-08 00:00:00+09:00,418.15252141561524,436.66850022368675,417.38102229861227,432.8110046386719,315085,0.0,0.0,0.0
2013-08-09 00:00:00+09:00,431.2679553377456,439.7544446198837,422.00996702995855,425.8674621582031,178741,0.0,0.0,0.0
2013-08-12 00:00:00+09:00,438.9829560095523,489.130393866531,438.21145696559876,459.04193115234375,3456251,0.0,0.0,0.0
2013-08-13 00:00:00+09:00,468.2999144909429,479.87240002202054,460.5849241368911,472.15740966796875,912084,0.0,0.0,0.0
2013-08-14 00:00:00+09:00,472.15744848999634,495.30242145519225,458.2704647108788,462.1279602050781,936450,0.0,0.0,0.0
2013-08-16 00:00:00+09:00,442.84044177326933,476.01489995489055,442.84044177326933,465.98541259765625,627018,0.0,0.0,0.0
2013-08-19 00:00:00+09:00,467.52841663671234,475.24340701025545,456.727430113752,473.7004089355469,352592,0.0,0.0,0.0
2013-08-20 00:00:00+09:00,464.442428694831,469.0714230007595,436.6684628592597,444.3834533691406,682099,0.0,0.0,0.0
2013-08-21 00:00:00+09:00,436.66846558541965,436.66846558541965,393.46451846036047,407.35150146484375,1413283,0.0,0.0,0.0
2013-08-22 00:00:00+09:00,395.77896032440526,425.0959203484353,395.77896032440526,411.9804382324219,578177,0.0,0.0,0.0
2013-08-23 00:00:00+09:00,418.15252141561524,438.21149845769276,415.06652494760334,432.8110046386719,308234,0.0,0.0,0.0
2013-08-26 00:00:00+09:00,432.8110046386719,450.5554843297404,427.410510819651,432.8110046386719,620214,0.0,0.0,0.0
2013-08-27 00:00:00+09:00,439.75442820581895,439.75442820581895,422.78145027506804,425.095947265625,274385,0.0,0.0,0.0
2013-08-28 00:00:00+09:00,404.2655119719329,422.0099905508536,404.2655119719329,416.6094970703125,195594,0.0,0.0,0.0
2013-08-29 00:00:00+09:00,415.06649666401876,425.8674835660564,411.98050040629374,413.52349853515625,171542,0.0,0.0,0.0
2013-08-30 00:00:00+09:00,413.523514333828,423.5530025546111,413.523514333828,414.2950134277344,331066,0.0,0.0,0.0
2013-09-02 00:00:00+09:00,415.0664603065449,425.095947265625,412.75196331598795,425.095947265625,227851,0.0,0.0,0.0
2013-09-03 00:00:00+09:00,425.8674858940973,428.9534821686922,411.20900358977144,416.6094970703125,276777,0.0,0.0,0.0
2013-09-04 00:00:00+09:00,411.9804382324219,418.1524298164282,408.1229434924179,411.9804382324219,163669,0.0,0.0,0.0
2013-09-05 00:00:00+09:00,416.6094993142521,427.4104863335105,416.6094993142521,419.69549560546875,331605,0.0,0.0,0.0
2013-09-06 00:00:00+09:00,419.69546134409853,422.7814573833934,411.9804712458614,415.06646728515625,148792,0.0,0.0,0.0
2013-09-09 00:00:00+09:00,421.23849738214034,421.23849738214034,402.72251947523307,403.4940185546875,211588,0.0,0.0,0.0
2013-09-10 00:00:00+09:00,408.1229993580866,409.6659974653005,399.6365097684099,405.8085021972656,214918,0.0,0.0,0.0
2013-09-11 00:00:00+09:00,408.8944752065666,419.69546134409853,406.5799781770954,415.06646728515625,170277,0.0,0.0,0.0
2013-09-12 00:00:00+09:00,415.06649893301505,421.2384914822049,410.4375045211227,416.6094970703125,160945,0.0,0.0,0.0
2013-09-13 00:00:00+09:00,414.29499986436633,421.2384914822049,407.3515082465278,416.6094970703125,143008,0.0,0.0,0.0
2013-09-16 00:00:00+09:00,418.1525029481964,435.8969818555922,416.6095047823359,427.4104919433594,430964,0.0,0.0,0.0
2013-09-17 00:00:00+09:00,429.7250168514948,432.81101338184664,415.83803246491146,422.7815246582031,236124,0.0,0.0,0.0
2013-09-23 00:00:00+09:00,422.78150986891524,422.78150986891524,399.63653670090895,401.1795349121094,434188,0.0,0.0,0.0
2013-09-24 00:00:00+09:00,397.32198332223453,401.17947830594557,385.7494983711015,388.0639953613281,365870,0.0,0.0,0.0
2013-09-25 00:00:00+09:00,390.37851309776306,401.1794996261597,385.7495188713074,395.00750732421875,296984,0.0,0.0,0.0
2013-09-26 00:00:00+09:00,397.32203938410834,401.1795349121094,390.37854743370644,401.1795349121094,161626,0.0,0.0,0.0
2013-09-27 00:00:00+09:00,405.03700080959277,405.03700080959277,395.0075131704981,402.7225036621094,153191,0.0,0.0,0.0
2013-09-30 00:00:00+09:00,395.00751085907336,402.72250130553965,393.46451276978013,399.6365051269531,119103,0.0,0.0,0.0
2013-10-01 00:00:00+09:00,398.0934700552873,401.9509649201641,385.7494864876815,391.9214782714844,251913,0.0,0.0,0.0
2013-10-02 00:00:00+09:00,393.46450442359566,398.093498593285,388.0640112256247,388.83551025390625,106594,0.0,0.0,0.0
2013-10-04 00:00:00+09:00,388.06400252361686,391.14999856754224,374.948519336934,378.0345153808594,182090,0.0,0.0,0.0
2013-10-07 00:00:00+09:00,374.9485035527703,382.66349333780676,373.40550559576303,377.26300048828125,88767,0.0,0.0,0.0
2013-10-08 00:00:00+09:00,378.0345264379529,378.8060254714997,367.23353996829707,372.634033203125,123423,0.0,0.0,0.0
2013-10-10 00:00:00+09:00,370.31955734438264,384.9780398225978,370.31955734438264,381.12054443359375,56418,0.0,0.0,0.0
2013-10-11 00:00:00+09:00,384.2065317286123,391.92152232557237,383.4350326689163,389.6070251464844,89660,0.0,0.0,0.0
2013-10-14 00:00:00+09:00,395.0075024801588,395.0075024801588,384.9780151124985,388.83551025390625,56110,0.0,0.0,0.0
2013-10-15 00:00:00+09:00,391.92154988688316,391.92154988688316,384.2065587473776,384.9780578613281,53425,0.0,0.0,0.0
2013-10-16 00:00:00+09:00,389.6070005455795,389.6070005455795,375.7200183479153,378.0345153808594,83529,0.0,0.0,0.0
2013-10-17 00:00:00+09:00,380.3490124138034,385.7495054906728,371.8625232930086,378.0345153808594,125747,0.0,0.0,0.0
2013-10-18 00:00:00+09:00,378.03454167042486,434.3539733886718,368.7765528948226,434.3539733886719,1489041,0.0,0.0,0.0
2013-10-21 00:00:00+09:00,425.8674406988461,442.84041840785807,425.09594171207283,436.6684265136719,1483547,0.0,0.0,0.0
2013-10-22 00:00:00+09:00,437.4399267921985,443.61191870461045,422.78144600022006,438.21142578125,1103379,0.0,0.0,0.0
2013-10-23 00:00:00+09:00,442.8404571919502,442.8404571919502,426.63897705078125,426.63897705078125,521406,0.0,0.0,0.0
2013-10-24 00:00:00+09:00,420.4669532845111,429.72494124673887,406.5799713411694,425.095947265625,590428,0.0,0.0,0.0
2013-10-25 00:00:00+09:00,424.32447329972143,425.09597234208456,382.6635250121124,398.093505859375,1147080,0.0,0.0,0.0
2013-10-28 00:00:00+09:00,401.1795213163241,403.49401855468756,391.150033283416,403.4940185546875,279204,0.0,0.0,0.0
2013-10-29 00:00:00+09:00,395.77900755173505,401.95099987222994,393.46451043154946,396.5505065917969,216469,0.0,0.0,0.0
2013-10-30 00:00:00+09:00,397.3219710823119,400.40796697421337,389.6069813525583,391.9214782714844,162505,0.0,0.0,0.0
2013-10-31 00:00:00+09:00,391.1500173857718,395.0075126262626,378.03453356810286,381.89202880859375,245857,0.0,0.0,0.0
2013-11-01 00:00:00+09:00,379.57753737043623,389.6070251464844,378.80603831074023,389.6070251464844,174322,0.0,0.0,0.0
2013-11-04 00:00:00+09:00,390.3785083104694,394.2360034518772,383.43501705593536,388.83551025390625,127148,0.0,0.0,0.0
2013-11-05 00:00:00+09:00,388.8355374623494,391.92153379141564,381.12054663968377,384.20654296875,122753,0.0,0.0,0.0
2013-11-06 00:00:00+09:00,381.8920288085937,387.2925221452809,379.5775316642992,381.89202880859375,146978,0.0,0.0,0.0
2013-11-07 00:00:00+09:00,385.74951171874994,386.52101074218746,381.120517578125,385.74951171875,55751,0.0,0.0,0.0
2013-11-08 00:00:00+09:00,379.57751340282204,384.20650746871013,378.0345153808594,378.0345153808594,69816,0.0,0.0,0.0
2013-11-11 00:00:00+09:00,378.8060053977646,381.89200136841845,361.83302755916816,367.2335205078125,146488,0.0,0.0,0.0
2013-11-12 00:00:00+09:00,361.06155561297476,385.7495252275371,361.06155561297476,383.4350280761719,113368,0.0,0.0,0.0
2013-11-13 00:00:00+09:00,387.29252332844726,387.29252332844726,378.0345347229864,383.4350280761719,60639,0.0,0.0,0.0
2013-11-14 00:00:00+09:00,383.4350013808749,388.0639953613281,379.57750639716386,388.0639953613281,79840,0.0,0.0,0.0
2013-11-15 00:00:00+09:00,388.0640383800828,395.7790292027485,382.6635448042169,384.20654296875,178142,0.0,0.0,0.0
2013-11-18 00:00:00+09:00,387.2925639839329,391.9215587725855,374.9485778808593,374.9485778808594,143896,0.0,0.0,0.0
2013-11-19 00:00:00+09:00,371.0910508967628,379.57754062621063,370.31955183044937,373.4055480957031,134682,0.0,0.0,0.0
2013-11-20 00:00:00+09:00,378.0345563035993,378.8060553980964,369.54806626413074,371.091064453125,113209,0.0,0.0,0.0
2013-11-21 00:00:00+09:00,369.5480470295194,371.09104513820216,365.6905517578125,365.6905517578125,95150,0.0,0.0,0.0
2013-11-22 00:00:00+09:00,366.46202405293786,374.1770140329997,364.9190260569255,370.31951904296875,74290,0.0,0.0,0.0
2013-11-25 00:00:00+09:00,371.0910265176281,371.86252553325727,353.3465491581573,361.8330383300781,165677,0.0,0.0,0.0
2013-11-26 00:00:00+09:00,361.8331013008102,368.0050944999711,361.06160215091506,364.9190979003906,155545,0.0,0.0,0.0
2013-11-27 00:00:00+09:00,393.46452967840656,393.46452967840656,374.17705273338663,381.12054443359375,824913,0.0,0.0,0.0
2013-11-28 00:00:00+09:00,376.4915331434572,391.1500149666656,370.31954079684317,378.8060302734375,727446,0.0,0.0,0.0
2013-11-29 00:00:00+09:00,379.57751340282204,381.8920104357661,374.948519336934,378.0345153808594,177487,0.0,0.0,0.0
2013-12-02 00:00:00+09:00,376.49151962703223,377.2630186426614,357.97554325193227,361.8330383300781,412103,0.0,0.0,0.0
2013-12-03 00:00:00+09:00,361.83304821511973,364.14754532523773,347.9460655544115,354.8895568847656,286335,0.0,0.0,0.0
2013-12-04 00:00:00+09:00,355.66104498460925,385.74950649089936,351.80354991970023,360.2900390625,829121,0.0,0.0,0.0
2013-12-05 00:00:00+09:00,354.88954099434915,356.4325389986724,341.7740579576015,354.1180419921875,373107,0.0,0.0,0.0
2013-12-06 00:00:00+09:00,351.8036193847656,354.11811688071805,346.4031252275434,351.8036193847656,140078,0.0,0.0,0.0
2013-12-09 00:00:00+09:00,349.48908160484,352.57507791040155,330.2016046950807,337.9165954589844,400628,0.0,0.0,0.0
2013-12-10 00:00:00+09:00,335.6020726727193,339.4595677609115,324.80108642578125,324.80108642578125,247945,0.0,0.0,0.0
2013-12-11 00:00:00+09:00,325.57259610465013,340.2310779197884,325.57259610465013,338.6880798339844,143801,0.0,0.0,0.0
2013-12-12 00:00:00+09:00,338.68809228009343,341.77408856510567,330.9731015675628,334.8305969238281,94537,0.0,0.0,0.0
2013-12-13 00:00:00+09:00,334.8305491294773,337.14504601286075,330.2015553627103,332.51605224609375,95469,0.0,0.0,0.0
2013-12-16 00:00:00+09:00,335.6021030762884,335.6021030762884,323.25811767578125,323.25811767578125,276175,0.0,0.0,0.0
2013-12-17 00:00:00+09:00,319.4005883611721,327.1155784182052,316.3145923383588,318.62908935546875,137525,0.0,0.0,0.0
2013-12-18 00:00:00+09:00,321.7151071800376,338.688086455723,320.94360812205184,327.1156005859375,113206,0.0,0.0,0.0
2013-12-19 00:00:00+09:00,331.7446006388159,344.08858577886485,325.5726080687914,334.8305969238281,207031,0.0,0.0,0.0
2013-12-20 00:00:00+09:00,334.0590567729371,341.0025475603653,332.5160588201752,340.2310485839844,146639,0.0,0.0,0.0
2013-12-23 00:00:00+09:00,340.23103538719386,344.08853011947497,332.51604592263163,342.5455322265625,159450,0.0,0.0,0.0
2013-12-24 00:00:00+09:00,344.08853011947497,346.4030269588436,339.4595364407376,342.5455322265625,88698,0.0,0.0,0.0
2013-12-26 00:00:00+09:00,342.54557974386535,345.63157595777403,339.4595835299566,344.8600769042969,110939,0.0,0.0,0.0
2013-12-27 00:00:00+09:00,553.3528442382812,553.3528442382812,537.2598084998077,553.3528442382812,117229,842.1053,0.0,0.0
2013-12-30 00:00:00+09:00,552.1148727049713,568.20790711117,549.6390212578638,565.7320556640625,176381,0.0,0.0,0.0
2014-01-02 00:00:00+09:00,554.5907592773438,565.7320914949689,549.6390560695103,554.5907592773438,32507,0.0,0.0,0.0
2014-01-03 00:00:00+09:00,554.5907592773438,555.8286850793021,539.7356496538434,554.5907592773438,91235,0.0,0.0,0.0
2014-01-06 00:00:00+09:00,555.8286886776195,555.8286886776195,539.7356531479779,547.1632080078125,39961,0.0,0.0,0.0
2014-01-07 00:00:00+09:00,548.4011840820312,548.4011840820312,531.0702211539309,548.4011840820312,53900,0.0,0.0,0.0
2014-01-08 00:00:00+09:00,549.6390305781962,549.6390305781962,537.2597731327413,543.4494018554688,75105,0.0,0.0,0.0
2014-01-09 00:00:00+09:00,545.9253037886186,548.4011555064808,537.2598227761008,544.6873779296875,91446,0.0,0.0,0.0
2014-01-10 00:00:00+09:00,548.4011156613424,549.6390414303296,538.4977095094446,542.2114868164062,24944,0.0,0.0,0.0
2014-01-13 00:00:00+09:00,545.9252533445598,547.1631790891053,542.2114761109233,543.4494018554688,63049,0.0,0.0,0.0
2014-01-14 00:00:00+09:00,532.3080982881434,550.8769854377298,531.070172478171,547.1632080078125,46658,0.0,0.0,0.0
2014-01-15 00:00:00+09:00,548.4011840820312,552.1149618523385,537.2598507711097,548.4011840820312,96767,0.0,0.0,0.0
2014-01-16 00:00:00+09:00,548.4011798680227,557.0666612654858,544.6874021262528,555.8287353515625,85530,0.0,0.0,0.0
2014-01-17 00:00:00+09:00,545.9252395972009,578.1113081448816,543.4493881704561,552.1148681640625,100768,0.0,0.0,0.0
2014-01-20 00:00:00+09:00,547.1631898923551,547.1631898923551,532.3080806645085,542.2114868164062,152608,0.0,0.0,0.0
2014-01-21 00:00:00+09:00,542.2115262118252,555.8287106600675,540.9736003528942,544.6873779296875,206969,0.0,0.0,0.0
2014-01-22 00:00:00+09:00,544.687341760706,544.687341760706,527.3563808865017,534.783935546875,126535,0.0,0.0,0.0
2014-01-23 00:00:00+09:00,539.7356642237249,539.7356642237249,512.5012958454636,524.8805541992188,183802,0.0,0.0,0.0
2014-01-24 00:00:00+09:00,524.8805434283088,526.1184692382812,513.739211138557,526.1184692382812,107806,0.0,0.0,0.0
2014-01-27 00:00:00+09:00,514.9770904979067,518.6908675928436,507.54953630803305,517.4529418945312,152996,0.0,0.0,0.0
2014-01-28 00:00:00+09:00,517.4529775605516,519.928829127827,505.0737197241748,506.3116455078125,118220,0.0,0.0,0.0
2014-01-29 00:00:00+09:00,507.549602968473,526.1184908819537,507.549602968473,523.6426391601562,95718,0.0,0.0,0.0
2014-02-03 00:00:00+09:00,519.9288504464286,545.92529296875,519.9288504464286,545.92529296875,173946,0.0,0.0,0.0
2014-02-04 00:00:00+09:00,544.6873671343537,545.92529296875,532.3081087903911,545.92529296875,105550,0.0,0.0,0.0
2014-02-05 00:00:00+09:00,548.4011156613424,554.5907445062785,540.973561047419,542.2114868164062,147414,0.0,0.0,0.0
2014-02-06 00:00:00+09:00,542.2115083746954,545.9252858293166,532.3081018290388,539.7356567382812,137928,0.0,0.0,0.0
2014-02-07 00:00:00+09:00,548.4011446375425,548.4011446375425,538.4977379623724,545.92529296875,100893,0.0,0.0,0.0
2014-02-10 00:00:00+09:00,548.4011757651529,566.970064335079,548.4011757651529,563.2562866210938,173013,0.0,0.0,0.0
2014-02-11 00:00:00+09:00,566.9700102432914,578.1113423223081,562.0183070970618,569.4458618164062,162459,0.0,0.0,0.0
2014-02-12 00:00:00+09:00,584.3009383858666,594.2043441212203,566.9699783489978,573.1596069335938,148040,0.0,0.0,0.0
2014-02-13 00:00:00+09:00,573.1597049393843,578.1114086537634,555.8287419390573,562.0183715820312,141383,0.0,0.0,0.0
2014-02-14 00:00:00+09:00,566.9699600651893,570.6837370961839,559.5424060031999,568.2078857421875,69458,0.0,0.0,0.0
2014-02-17 00:00:00+09:00,571.9217278688949,574.397579504691,557.0666180541184,560.7803955078125,73525,0.0,0.0,0.0
2014-02-18 00:00:00+09:00,569.4459161444025,569.4459161444025,553.3528793837999,563.2562866210938,54384,0.0,0.0,0.0
2014-02-19 00:00:00+09:00,566.9700073494921,597.9181518554688,562.0183042285358,597.9181518554688,273198,0.0,0.0,0.0
2014-02-20 00:00:00+09:00,600.3940359751383,602.8698876698812,585.5389258066813,594.2044067382812,211760,0.0,0.0,0.0
2014-02-21 00:00:00+09:00,595.4422864018654,635.0559104452327,594.2043606505102,606.5836181640625,503491,0.0,0.0,0.0
2014-02-24 00:00:00+09:00,606.5836613659015,616.4870680820795,589.25269961259,601.6319580078125,139972,0.0,0.0,0.0
2014-02-25 00:00:00+09:00,601.631908887886,625.1524979184824,601.631908887886,621.438720703125,244434,0.0,0.0,0.0
2014-02-26 00:00:00+09:00,621.4387305393692,628.8662850876485,599.1560668945312,599.1560668945312,2444260,0.0,0.0,0.0
2014-02-27 00:00:00+09:00,581.8250821544005,586.7767849812466,558.3044937268822,559.5424194335938,1785872,0.0,0.0,0.0
2014-02-28 00:00:00+09:00,564.4942167490256,569.4459204047188,553.3528835237158,555.8287353515625,344959,0.0,0.0,0.0
2014-03-03 00:00:00+09:00,559.5424912953853,564.4941947581763,555.828713698292,558.3045654296875,216352,0.0,0.0,0.0
2014-03-04 00:00:00+09:00,559.5424626176075,575.635498046875,555.8286852108535,575.635498046875,355036,0.0,0.0,0.0
2014-03-05 00:00:00+09:00,570.6838052793253,601.6319509018483,570.6838052793253,595.4423217773438,715684,0.0,0.0,0.0
2014-03-06 00:00:00+09:00,595.4423110138827,600.3940142239773,584.3009787911697,596.6802368164062,434876,0.0,0.0,0.0
2014-03-07 00:00:00+09:00,604.1078025516503,611.5353575010557,592.9664701275419,595.4423217773438,345374,0.0,0.0,0.0
2014-03-10 00:00:00+09:00,599.156051457624,636.2938232421875,591.7284971007114,636.2938232421875,1031386,0.0,0.0,0.0
2014-03-11 00:00:00+09:00,642.4834781222874,690.7625834147135,638.7697007921007,668.4799194335938,2747407,0.0,0.0,0.0
2014-03-12 00:00:00+09:00,677.1453998706959,678.3833256474247,662.2902905499494,668.4799194335938,754552,0.0,0.0,0.0
2014-03-13 00:00:00+09:00,668.4798662378154,690.7625284457425,661.0523121685063,674.6694946289062,856971,0.0,0.0,0.0
2014-03-14 00:00:00+09:00,674.6695483172382,683.3350287543403,656.100661666305,668.4799194335938,927257,0.0,0.0,0.0
2014-03-17 00:00:00+09:00,675.9075259143159,675.9075259143159,636.2938980219018,648.6731567382812,655199,0.0,0.0,0.0
2014-03-18 00:00:00+09:00,651.1489552927542,679.6212480146806,642.4834748991243,675.907470703125,688438,0.0,0.0,0.0
2014-03-19 00:00:00+09:00,679.6212514241537,687.0488060845269,658.5765132197628,668.4799194335938,731040,0.0,0.0,0.0
2014-03-20 00:00:00+09:00,661.0523927961077,693.2384643554688,658.5765411376954,693.2384643554688,1946581,0.0,0.0,0.0
2014-03-21 00:00:00+09:00,698.1900944121896,725.4244597970622,690.7625402163153,722.9486083984375,2539871,0.0,0.0,0.0
2014-03-24 00:00:00+09:00,722.948651333513,731.6141317433325,701.9039131953799,717.9969482421875,805756,0.0,0.0,0.0
2014-03-25 00:00:00+09:00,714.2831960867117,714.2831960867117,666.0040892454955,687.048828125,892475,0.0,0.0,0.0
2014-03-26 00:00:00+09:00,704.3798285826573,716.7590874329677,693.238495617378,710.5694580078125,1126933,0.0,0.0,0.0
2014-03-27 00:00:00+09:00,704.3798001852219,711.8073551959624,690.7626159988644,706.8556518554688,443907,0.0,0.0,0.0
2014-03-28 00:00:00+09:00,706.855583163959,727.9003203159507,695.7142517305516,700.6659545898438,550013,0.0,0.0,0.0
2014-03-31 00:00:00+09:00,698.1901676722936,704.3797968183245,688.286761038644,693.2384643554688,355153,0.0,0.0,0.0
2014-04-01 00:00:00+09:00,694.4763652103048,714.2831777653224,693.2384394256162,703.141845703125,390373,0.0,0.0,0.0
2014-04-02 00:00:00+09:00,705.617690513874,727.9003544248384,705.617690513874,717.9969482421875,619015,0.0,0.0,0.0
2014-04-03 00:00:00+09:00,725.4245544866467,725.4245544866467,695.7143338250776,698.190185546875,548789,0.0,0.0,0.0
2014-04-04 00:00:00+09:00,698.1901847064598,724.1866277540407,690.7626295500081,719.2349243164062,525367,0.0,0.0,0.0
2014-04-07 00:00:00+09:00,710.5694219939295,732.8520867951329,703.1418670601951,721.7107543945312,537657,0.0,0.0,0.0
2014-04-08 00:00:00+09:00,721.7108263363134,736.5659376845737,701.9040112052996,720.472900390625,502778,0.0,0.0,0.0
2014-04-09 00:00:00+09:00,726.6625301190668,736.5659376845737,713.0453447164949,720.472900390625,573586,0.0,0.0,0.0
2014-04-10 00:00:00+09:00,722.9486877120731,753.8968335901585,695.7143193393581,706.8556518554688,2840249,0.0,0.0,0.0
2014-04-11 00:00:00+09:00,710.5694363911947,720.472843170166,699.4281037648519,713.0452880859375,780251,0.0,0.0,0.0
2014-04-14 00:00:00+09:00,715.5211397806803,719.2349173227946,705.617733001709,713.0452880859375,357290,0.0,0.0,0.0
2014-04-15 00:00:00+09:00,716.7590734603557,719.2349251821531,694.4764079641789,698.190185546875,526718,0.0,0.0,0.0
2014-04-16 00:00:00+09:00,693.2384467690678,730.376220703125,689.524669375662,730.376220703125,687263,0.0,0.0,0.0
2014-04-17 00:00:00+09:00,734.0900299880678,750.1830660586326,724.1866231754126,747.7072143554688,850100,0.0,0.0,0.0
2014-04-18 00:00:00+09:00,748.945122273763,753.8968255615234,737.8037898763021,742.7554931640625,551873,0.0,0.0,0.0
2014-04-21 00:00:00+09:00,742.7554616620463,767.5139770507812,736.5658328148626,767.5139770507812,852023,0.0,0.0,0.0
2014-04-22 00:00:00+09:00,777.4173832062752,783.6070120534589,755.1347193564138,767.5139770507812,841618,0.0,0.0,0.0
2014-04-23 00:00:00+09:00,772.4657719678218,772.4657719678218,748.9451795521348,750.18310546875,419358,0.0,0.0,0.0
2014-04-24 00:00:00+09:00,748.9450638382524,751.4209152889573,713.0452178030304,735.327880859375,499644,0.0,0.0,0.0
2014-04-25 00:00:00+09:00,737.8037756930859,765.0381432522266,725.4245177116583,751.4209594726562,426372,0.0,0.0,0.0
2014-04-28 00:00:00+09:00,750.1830660586326,757.610621168124,741.5175850975593,747.7072143554688,183906,0.0,0.0,0.0
2014-04-29 00:00:00+09:00,752.6588711319218,763.8002031059141,751.4209453570338,760.08642578125,285831,0.0,0.0,0.0
2014-04-30 00:00:00+09:00,763.800290551516,769.9899201345916,745.2314018022896,750.18310546875,268053,0.0,0.0,0.0
2014-05-02 00:00:00+09:00,752.6588487322622,752.6588487322622,729.138259709379,741.5175170898438,280039,0.0,0.0,0.0
2014-05-07 00:00:00+09:00,745.2312851613275,745.2312851613275,714.2831420898438,714.2831420898438,221375,0.0,0.0,0.0
2014-05-08 00:00:00+09:00,710.5694185270296,717.9969734245246,684.5729763857968,708.0935668945312,509101,0.0,0.0,0.0
2014-05-09 00:00:00+09:00,714.2832208787718,726.662479472858,700.666036425277,719.2349243164062,268143,0.0,0.0,0.0
2014-05-12 00:00:00+09:00,715.5211397806803,729.138324101766,708.0935846964518,713.0452880859375,151764,0.0,0.0,0.0
2014-05-13 00:00:00+09:00,709.3314391984063,729.1382507641559,709.3314391984063,714.2831420898438,115112,0.0,0.0,0.0
2014-05-14 00:00:00+09:00,714.2832538869121,753.8968832185952,714.2832538869121,750.18310546875,512612,0.0,0.0,0.0
2014-05-15 00:00:00+09:00,743.9933728827805,758.8484818255315,743.9933728827805,755.1347045898438,236388,0.0,0.0,0.0
2014-05-16 00:00:00+09:00,748.9450938072578,761.324351556138,747.7071680323697,760.08642578125,242664,0.0,0.0,0.0
2014-05-19 00:00:00+09:00,772.4656905367525,772.4656905367525,734.0899911671382,745.2313232421875,461509,0.0,0.0,0.0
2014-05-20 00:00:00+09:00,742.7555077795637,742.7555077795637,717.9969908535782,734.0900268554688,179112,0.0,0.0,0.0
2014-05-21 00:00:00+09:00,737.8037606074893,739.0416863803206,711.8073193780307,717.9969482421875,375858,0.0,0.0,0.0
2014-05-22 00:00:00+09:00,721.7107255606816,729.1382801976697,713.0452451508621,717.9969482421875,236178,0.0,0.0,0.0
2014-05-23 00:00:00+09:00,717.9969085376567,725.4244627639084,709.3314286070299,715.5210571289062,271967,0.0,0.0,0.0
2014-05-26 00:00:00+09:00,716.7589693509616,736.5657802483975,716.7589693509616,724.1865234375,240549,0.0,0.0,0.0
2014-05-27 00:00:00+09:00,731.6141111854719,741.5175170898438,722.9486310191465,741.5175170898438,370967,0.0,0.0,0.0
2014-05-28 00:00:00+09:00,750.1830628573592,758.8485437814542,734.0900268554688,734.0900268554688,718583,0.0,0.0,0.0
2014-05-29 00:00:00+09:00,740.2796739230004,745.231377427502,725.4245634094954,739.041748046875,261773,0.0,0.0,0.0
2014-05-30 00:00:00+09:00,742.7554931640625,756.3726772054036,739.0417156982422,742.7554931640625,367488,0.0,0.0,0.0
2014-06-02 00:00:00+09:00,747.7071667901401,747.7071667901401,714.2831709236934,717.9969482421875,308427,0.0,0.0,0.0
2014-06-03 00:00:00+09:00,715.5210631677203,722.9486174566586,688.2866974416132,700.6659545898438,450321,0.0,0.0,0.0
2014-06-05 00:00:00+09:00,701.9039379222972,701.9039379222972,674.6695699605856,687.048828125,309155,0.0,0.0,0.0
2014-06-09 00:00:00+09:00,680.859206394596,690.7626130330628,666.0040964368957,672.1937255859375,288747,0.0,0.0,0.0
2014-06-10 00:00:00+09:00,667.2420080566407,685.8108951083096,667.2420080566407,680.8591918945312,160255,0.0,0.0,0.0
2014-06-11 00:00:00+09:00,675.907502746582,694.476390184675,675.907502746582,693.2384643554688,138606,0.0,0.0,0.0
2014-06-12 00:00:00+09:00,689.5246620715504,703.141845703125,685.8108847174846,703.141845703125,87813,0.0,0.0,0.0
2014-06-13 00:00:00+09:00,695.7142762761817,703.141830827173,684.5729444496948,690.7625732421875,146320,0.0,0.0,0.0
2014-06-16 00:00:00+09:00,685.8108520507812,692.0004806793984,678.3832976964406,685.8108520507812,91851,0.0,0.0,0.0
2014-06-17 00:00:00+09:00,690.7626234678975,714.2832145895643,673.4316615887747,692.0005493164062,851706,0.0,0.0,0.0
2014-06-18 00:00:00+09:00,698.1901421244045,700.6659936922216,677.1454037979597,682.0971069335938,215776,0.0,0.0,0.0
2014-06-19 00:00:00+09:00,682.0971285015725,689.5246834398836,669.7178702710539,679.6212768554688,222785,0.0,0.0,0.0
2014-06-20 00:00:00+09:00,674.6695375001805,677.1453890139427,648.6730966056782,669.7178344726562,376313,0.0,0.0,0.0
2014-06-23 00:00:00+09:00,673.4316741710401,673.4316741710401,648.6731567382812,648.6731567382812,164047,0.0,0.0,0.0
2014-06-24 00:00:00+09:00,644.959371424433,667.2420368479259,636.293890426408,663.5282592773438,219828,0.0,0.0,0.0
2014-06-25 00:00:00+09:00,657.3386015185272,668.4799337476549,656.1006757152909,659.814453125,90520,0.0,0.0,0.0
2014-06-26 00:00:00+09:00,661.0523968062588,669.7178776632696,659.8144709695429,664.7661743164062,96821,0.0,0.0,0.0
2014-06-27 00:00:00+09:00,669.7178776632696,670.9558034999854,659.8144709695429,664.7661743164062,133021,0.0,0.0,0.0
2014-06-30 00:00:00+09:00,670.9557960941058,679.6212768554688,666.0040928018983,679.6212768554688,129842,0.0,0.0,0.0
2014-07-01 00:00:00+09:00,684.5730526221059,684.5730526221059,669.7179411728016,678.3834228515625,117504,0.0,0.0,0.0
2014-07-02 00:00:00+09:00,684.5730156889938,690.7626451256032,678.3833862523844,689.5247192382812,177062,0.0,0.0,0.0
2014-07-03 00:00:00+09:00,689.5246432511855,689.5246432511855,673.4316084894881,677.1453857421875,133741,0.0,0.0,0.0
2014-07-04 00:00:00+09:00,680.8592747597799,684.5730526221059,662.2903854481496,678.3834228515625,360821,0.0,0.0,0.0
2014-07-07 00:00:00+09:00,678.383340287642,689.5246725186435,673.4316370738636,680.8591918945312,186604,0.0,0.0,0.0
2014-07-08 00:00:00+09:00,674.6696449892364,682.0972007138886,670.9558671269103,678.3834228515625,126258,0.0,0.0,0.0
2014-07-09 00:00:00+09:00,678.3833147708237,678.3833147708237,661.0523541744888,669.7178344726562,161867,0.0,0.0,0.0
2014-07-10 00:00:00+09:00,673.4316760076993,687.0488606328549,664.7661948826002,683.3350830078125,295896,0.0,0.0,0.0
2014-07-11 00:00:00+09:00,685.8109785762147,687.0489045303233,670.9558671269103,678.3834228515625,206321,0.0,0.0,0.0
2014-07-14 00:00:00+09:00,684.5729517555576,703.1418383312056,682.0971002121379,696.9522094726562,811801,0.0,0.0,0.0
2014-07-15 00:00:00+09:00,703.1418527287545,711.8073333081581,688.2867431640625,688.2867431640625,690696,0.0,0.0,0.0
2014-07-16 00:00:00+09:00,693.2384428519796,700.6659975968222,678.3833333622943,695.7142944335938,461126,0.0,0.0,0.0
2014-07-17 00:00:00+09:00,700.6660372686724,700.6660372686724,687.0488527987866,698.190185546875,268336,0.0,0.0,0.0
2014-07-18 00:00:00+09:00,695.7142837009465,699.4280610160761,688.2867290706872,696.9522094726562,129501,0.0,0.0,0.0
2014-07-21 00:00:00+09:00,700.6659975968222,701.9039233876293,692.0005170611724,695.7142944335938,340985,0.0,0.0,0.0
2014-07-22 00:00:00+09:00,693.2384643554688,699.4280935014998,687.0488352094378,693.2384643554688,262634,0.0,0.0,0.0
2014-07-23 00:00:00+09:00,695.7143125551429,695.7143125551429,668.4799444480021,679.6212768554688,271556,0.0,0.0,0.0
2014-07-24 00:00:00+09:00,675.9074665960865,678.3833181220795,657.338580151139,662.290283203125,260941,0.0,0.0,0.0
2014-07-25 00:00:00+09:00,656.1006650317474,666.0040712963776,651.1489618994324,661.0523681640625,151796,0.0,0.0,0.0
2014-07-28 00:00:00+09:00,656.1006901382041,664.7661709513501,631.3421735292152,651.1489868164062,332681,0.0,0.0,0.0
2014-07-29 00:00:00+09:00,651.1489905724159,656.1006939227764,635.055954683744,643.721435546875,97490,0.0,0.0,0.0
2014-07-30 00:00:00+09:00,640.0076795894666,646.1973089858832,623.9146431587837,641.24560546875,234423,0.0,0.0,0.0
2014-07-31 00:00:00+09:00,636.2938307686808,643.7213852134513,621.4387218791396,642.4834594726562,192482,0.0,0.0,0.0
2014-08-01 00:00:00+09:00,627.6283297547909,646.1972152504949,620.2007755565094,644.9592895507812,217812,0.0,0.0,0.0
2014-08-04 00:00:00+09:00,646.1972904528602,661.0524005782133,646.1972904528602,657.338623046875,171336,0.0,0.0,0.0
2014-08-05 00:00:00+09:00,662.2903083352481,668.4799373851102,647.435198615579,652.3869018554688,264229,0.0,0.0,0.0
2014-08-06 00:00:00+09:00,644.9592895507812,652.3868437490628,640.0075867519269,644.9592895507812,143936,0.0,0.0,0.0
2014-08-07 00:00:00+09:00,643.7213894826061,669.7178302117113,643.7213894826061,656.1006469726562,253683,0.0,0.0,0.0
2014-08-08 00:00:00+09:00,657.3386418994329,661.0524195372828,638.7697537101834,641.24560546875,154065,0.0,0.0,0.0
2014-08-11 00:00:00+09:00,644.9593325233091,653.6248129986702,640.0076293945312,640.0076293945312,132105,0.0,0.0,0.0
2014-08-12 00:00:00+09:00,641.2456205185146,652.3869536935466,630.1042873434825,632.5801391601562,143044,0.0,0.0,0.0
2014-08-13 00:00:00+09:00,635.0559721502639,648.6731567382812,631.34219453535,648.6731567382812,171394,0.0,0.0,0.0
2014-08-14 00:00:00+09:00,647.4352376609759,667.2420518150401,646.1973117763469,654.86279296875,191473,0.0,0.0,0.0
2014-08-18 00:00:00+09:00,648.673117217433,661.0523751795977,646.197265625,646.197265625,79045,0.0,0.0,0.0
2014-08-19 00:00:00+09:00,647.4352308666433,652.3869343531951,642.4835273800916,648.6731567382812,188548,0.0,0.0,0.0
2014-08-20 00:00:00+09:00,651.1489180493492,662.2902493467716,644.9592895507812,644.9592895507812,191413,0.0,0.0,0.0
2014-08-21 00:00:00+09:00,648.6730924786261,673.4316074587264,648.6730924786261,656.1006469726562,294120,0.0,0.0,0.0
2014-08-22 00:00:00+09:00,666.0041369813861,668.4799887917259,651.1490261193478,653.6248779296875,116123,0.0,0.0,0.0
2014-08-25 00:00:00+09:00,659.8144817067616,666.0041109910652,646.1972972812938,663.5282592773438,213240,0.0,0.0,0.0
2014-08-26 00:00:00+09:00,666.0040529646964,666.0040529646964,649.9110182276312,656.1006469726562,157659,0.0,0.0,0.0
2014-08-27 00:00:00+09:00,656.1006864389979,670.9557963206356,653.6248347920583,658.5765380859375,277776,0.0,0.0,0.0
2014-08-28 00:00:00+09:00,672.193689307097,678.3833181220795,659.814431677132,662.290283203125,274743,0.0,0.0,0.0
2014-08-29 00:00:00+09:00,662.2903482765241,670.9558294689272,654.86279296875,654.86279296875,161617,0.0,0.0,0.0
2014-09-01 00:00:00+09:00,637.5317313881626,638.7696570801784,585.5388523234968,602.8698120117188,932739,0.0,0.0,0.0
2014-09-02 00:00:00+09:00,605.345739364624,609.0595169067383,590.490629196167,594.2044067382812,190702,0.0,0.0,0.0
2014-09-03 00:00:00+09:00,594.2043962149784,601.6319511676656,563.2562505787816,574.3975830078125,984022,0.0,0.0,0.0
2014-09-04 00:00:00+09:00,578.1113496513777,589.2526818716398,573.1596464423723,575.635498046875,169061,0.0,0.0,0.0
2014-09-05 00:00:00+09:00,580.5872261916535,588.0147813241693,575.6355227699763,586.77685546875,108765,0.0,0.0,0.0
2014-09-11 00:00:00+09:00,586.7768125653765,600.393995979341,584.3009610355648,591.728515625,217818,0.0,0.0,0.0
2014-09-12 00:00:00+09:00,596.6802662906483,596.6802662906483,575.6355266081981,579.3493041992188,182359,0.0,0.0,0.0
2014-09-15 00:00:00+09:00,584.3009195431645,584.3009195431645,562.0182573571964,568.2078857421875,207762,0.0,0.0,0.0
2014-09-16 00:00:00+09:00,566.9700174311156,585.5389044648857,563.2562400243615,575.635498046875,87683,0.0,0.0,0.0
2014-09-17 00:00:00+09:00,575.635498046875,580.5872012558804,571.921720640121,575.635498046875,105432,0.0,0.0,0.0
2014-09-18 00:00:00+09:00,579.3493081625405,581.825159906825,569.4459011854032,571.9217529296875,118110,0.0,0.0,0.0
2014-09-19 00:00:00+09:00,579.3493041992188,580.5872300628923,570.6838231535039,579.3493041992188,61259,0.0,0.0,0.0
2014-09-22 00:00:00+09:00,581.825116202555,585.5388935400181,574.3975615276287,576.8734130859375,56076,0.0,0.0,0.0
2014-09-23 00:00:00+09:00,579.3493081625405,579.3493081625405,564.4941976968344,571.9217529296875,134676,0.0,0.0,0.0
2014-09-24 00:00:00+09:00,575.6355305461141,581.825159906825,563.2562718246922,571.9217529296875,164360,0.0,0.0,0.0
2014-09-25 00:00:00+09:00,574.3975649626359,574.3975649626359,563.2562328836192,569.4458618164062,112017,0.0,0.0,0.0
2014-09-26 00:00:00+09:00,569.4458618164062,569.4458618164062,557.0666039508322,569.4458618164062,190768,0.0,0.0,0.0
2014-09-29 00:00:00+09:00,571.9217354910714,571.9217354910714,543.4494412999575,545.92529296875,230889,0.0,0.0,0.0
2014-09-30 00:00:00+09:00,544.6873809070122,559.5424912953853,538.4977515785234,558.3045654296875,199443,0.0,0.0,0.0
2014-10-01 00:00:00+09:00,552.114907673427,563.2562398910522,537.2597980499268,554.5907592773438,134442,0.0,0.0,0.0
2014-10-02 00:00:00+09:00,545.9253037886186,552.1149330832741,540.9736003528942,544.6873779296875,115897,0.0,0.0,0.0
2014-10-06 00:00:00+09:00,544.687341760706,544.687341760706,524.880529333044,534.783935546875,115332,0.0,0.0,0.0
2014-10-07 00:00:00+09:00,527.3563671763774,543.4494018554688,527.3563671763774,543.4494018554688,152386,0.0,0.0,0.0
2014-10-08 00:00:00+09:00,542.2114868164062,542.2114868164062,528.5943033575468,542.2114868164062,83060,0.0,0.0,0.0
2014-10-10 00:00:00+09:00,538.4977494909408,543.4494529345357,523.6426391601562,523.6426391601562,141883,0.0,0.0,0.0
2014-10-13 00:00:00+09:00,512.5012644426047,533.546002354499,501.3599326068958,528.5942993164062,188006,0.0,0.0,0.0
2014-10-14 00:00:00+09:00,513.7391910037479,550.8769638473923,513.7391910037479,549.6390380859375,192264,0.0,0.0,0.0
2014-10-15 00:00:00+09:00,550.876953125,554.5907303370786,543.4493987008427,550.876953125,92929,0.0,0.0,0.0
2014-10-16 00:00:00+09:00,544.6874063117241,550.8770359289027,532.3081470773667,548.4011840820312,84836,0.0,0.0,0.0
2014-10-17 00:00:00+09:00,549.6390596277573,550.8769854377298,532.3080982881434,547.1632080078125,150409,0.0,0.0,0.0
2014-10-20 00:00:00+09:00,542.2114624570838,558.3044967309241,542.2114624570838,552.1148681640625,109443,0.0,0.0,0.0
2014-10-21 00:00:00+09:00,547.1631759129214,552.1148788623595,537.2597700140449,550.876953125,148254,0.0,0.0,0.0
2014-10-22 00:00:00+09:00,554.5907335563782,554.5907335563782,539.7356246218322,543.4494018554688,121083,0.0,0.0,0.0
2014-10-23 00:00:00+09:00,543.449455999559,547.1632336032006,529.832271452873,537.2598266601562,166064,0.0,0.0,0.0
2014-10-24 00:00:00+09:00,542.2114607804305,542.2114607804305,514.9770951704545,531.0701293945312,199415,0.0,0.0,0.0
2014-10-27 00:00:00+09:00,529.8322036849869,532.3080551040756,519.928798008632,531.0701293945312,74473,0.0,0.0,0.0
2014-10-28 00:00:00+09:00,524.8805327079665,532.3080874160981,514.9771264304577,527.3563842773438,59984,0.0,0.0,0.0
2014-10-29 00:00:00+09:00,532.3081193403764,544.6873779296875,523.6426383278587,544.6873779296875,92579,0.0,0.0,0.0
2014-10-30 00:00:00+09:00,547.1631898923551,549.6390414303296,534.7839322024829,542.2114868164062,110607,0.0,0.0,0.0
2014-10-31 00:00:00+09:00,543.4494125853935,545.9252641233679,534.7839322024829,542.2114868164062,70085,0.0,0.0,0.0
2014-11-03 00:00:00+09:00,542.2115192281789,545.925296757139,521.1667798974048,538.4977416992188,97013,0.0,0.0,0.0
2014-11-04 00:00:00+09:00,531.0702012677059,538.4977565301913,516.2150907427351,529.832275390625,186036,0.0,0.0,0.0
2014-11-05 00:00:00+09:00,529.8322036849869,532.3080551040756,514.9770951704545,531.0701293945312,83489,0.0,0.0,0.0
2014-11-06 00:00:00+09:00,524.8805220378366,529.8322250759294,514.9771159616511,528.5942993164062,64257,0.0,0.0,0.0
2014-11-07 00:00:00+09:00,529.8322607983117,538.4977416992188,521.1667798974048,538.4977416992188,62174,0.0,0.0,0.0
2014-11-10 00:00:00+09:00,538.4977515785234,558.3045654296875,531.0701963843369,558.3045654296875,130763,0.0,0.0,0.0
2014-11-11 00:00:00+09:00,559.5424733684633,560.7803991944999,550.8769925862084,553.3528442382812,56808,0.0,0.0,0.0
2014-11-12 00:00:00+09:00,554.5907032952069,571.9216627731822,553.3527776182087,568.2078857421875,171695,0.0,0.0,0.0
2014-11-13 00:00:00+09:00,568.2078857421875,573.1595884501804,562.0182573571964,568.2078857421875,39090,0.0,0.0,0.0
2014-11-14 00:00:00+09:00,571.9216984049478,573.1596241590712,557.0665893554688,557.0665893554688,23952,0.0,0.0,0.0
2014-11-17 00:00:00+09:00,553.3528120930989,563.2562181260851,545.9252575683594,557.0665893554688,57466,0.0,0.0,0.0
2014-11-18 00:00:00+09:00,562.0182708470168,562.0182708470168,549.6390137799018,559.5424194335938,91447,0.0,0.0,0.0
2014-11-19 00:00:00+09:00,557.0666365189985,560.7804140957919,544.6873779296875,544.6873779296875,86913,0.0,0.0,0.0
2014-11-20 00:00:00+09:00,544.6873671343537,548.4011446375425,542.2115154655612,545.92529296875,53924,0.0,0.0,0.0
2014-11-21 00:00:00+09:00,543.4494270597185,559.5424624851771,543.4494270597185,554.5907592773438,79866,0.0,0.0,0.0
2014-11-24 00:00:00+09:00,562.018364921179,562.018364921179,548.4011798680227,555.8287353515625,54801,0.0,0.0,0.0
2014-11-25 00:00:00+09:00,549.6390560695103,555.8286850793021,547.1632044655936,554.5907592773438,71575,0.0,0.0,0.0
2014-11-26 00:00:00+09:00,554.5907241520788,566.9699813876163,552.1148727049713,565.7320556640625,141463,0.0,0.0,0.0
2014-11-27 00:00:00+09:00,558.3045263986219,584.3009677608637,558.3045263986219,576.8734130859375,191660,0.0,0.0,0.0
2014-11-28 00:00:00+09:00,583.0630637859476,583.0630637859476,569.445879706021,574.3975830078125,47819,0.0,0.0,0.0
2014-12-01 00:00:00+09:00,570.6837726508246,576.8734014214409,555.8286636013455,557.0665893554688,219174,0.0,0.0,0.0
2014-12-02 00:00:00+09:00,552.1149112477023,559.5424661075368,544.6873563878677,547.1632080078125,131837,0.0,0.0,0.0
2014-12-03 00:00:00+09:00,548.4011555064808,552.1149330832741,540.9736003528942,544.6873779296875,122068,0.0,0.0,0.0
2014-12-04 00:00:00+09:00,540.9735472261235,550.876953125,540.9735472261235,550.876953125,42449,0.0,0.0,0.0
2014-12-05 00:00:00+09:00,549.6390813654119,553.3528589422052,543.4494520707564,544.6873779296875,71911,0.0,0.0,0.0
2014-12-08 00:00:00+09:00,543.4494305778952,549.6390596277573,540.9735789579504,547.1632080078125,80907,0.0,0.0,0.0
2014-12-09 00:00:00+09:00,547.1632296475497,548.4011555064808,543.4494520707564,544.6873779296875,50458,0.0,0.0,0.0
2014-12-10 00:00:00+09:00,543.4494159839771,545.9252675374349,534.783935546875,534.783935546875,82482,0.0,0.0,0.0
2014-12-11 00:00:00+09:00,533.5460451993075,547.1632296475497,531.0701934814452,544.6873779296875,88370,0.0,0.0,0.0
2014-12-12 00:00:00+09:00,544.6873818674395,544.6873818674395,533.5460490565147,537.2598266601562,63813,0.0,0.0,0.0
2014-12-15 00:00:00+09:00,533.5460383272718,542.2115192281789,529.8322607983117,538.4977416992188,41815,0.0,0.0,0.0
2014-12-16 00:00:00+09:00,545.9252858293166,547.1632116475237,534.783953465453,539.7356567382812,77944,0.0,0.0,0.0
2014-12-17 00:00:00+09:00,544.6873818674395,544.6873818674395,523.6426421134703,537.2598266601562,93850,0.0,0.0,0.0
2014-12-18 00:00:00+09:00,533.54598081362,538.4976836517974,524.8805008468095,531.0701293945312,140068,0.0,0.0,0.0
2014-12-19 00:00:00+09:00,527.356402162064,538.4977346021076,527.356402162064,532.30810546875,40668,0.0,0.0,0.0
2014-12-22 00:00:00+09:00,533.5460276472459,550.8769891021449,533.5460276472459,539.7356567382812,89862,0.0,0.0,0.0
2014-12-23 00:00:00+09:00,537.2597763378681,543.4494050975209,532.3080733301458,536.0218505859375,21812,0.0,0.0,0.0
2014-12-24 00:00:00+09:00,544.6873809070122,573.1596758180606,540.973603309919,558.3045654296875,256241,0.0,0.0,0.0
2014-12-26 00:00:00+09:00,558.3045438720164,568.2079504152007,553.3528406004242,560.7803955078125,59282,0.0,0.0,0.0
2014-12-29 00:00:00+09:00,894.6350515336127,908.4289840462455,880.8411190209799,892.6644897460938,113715,842.1053,0.0,0.0
2014-12-30 00:00:00+09:00,902.5172760345124,902.5172760345124,884.7822203919128,896.6055908203125,54774,0.0,0.0,0.0
2015-01-02 00:00:00+09:00,902.5173181206119,908.429003610485,886.7528234809506,894.6350708007812,50260,0.0,0.0,0.0
2015-01-05 00:00:00+09:00,886.752771448206,963.6046783070504,880.8410863052179,957.6929931640625,319180,0.0,0.0,0.0
2015-01-06 00:00:00+09:00,955.7224831460906,955.7224831460906,932.0757412950533,937.9874267578125,175159,0.0,0.0,0.0
2015-01-07 00:00:00+09:00,955.7224375406901,1020.7509745279947,945.86962890625,945.86962890625,709869,0.0,0.0,0.0
2015-01-08 00:00:00+09:00,957.6930349448293,969.5164057466174,937.9874169418492,955.7224731445312,104270,0.0,0.0,0.0
2015-01-09 00:00:00+09:00,969.5163829889631,969.5163829889631,941.9285184323666,959.66357421875,134586,0.0,0.0,0.0
2015-01-12 00:00:00+09:00,953.7518984742744,963.6047073428102,937.9874042846169,941.9285278320312,86291,0.0,0.0,0.0
2015-01-13 00:00:00+09:00,937.9874169418492,983.3103383487033,937.9874169418492,955.7224731445312,106215,0.0,0.0,0.0
2015-01-14 00:00:00+09:00,955.7224666805229,987.2514552720453,955.7224666805229,967.5458374023438,152277,0.0,0.0,0.0
2015-01-15 00:00:00+09:00,957.6930190429688,985.2808837890625,947.8402102050782,985.2808837890625,159436,0.0,0.0,0.0
2015-01-16 00:00:00+09:00,987.2514552720453,993.1631406329558,963.6047138284035,967.5458374023438,89157,0.0,0.0,0.0
2015-01-19 00:00:00+09:00,967.5458276316431,973.4575129328547,943.8990864267963,947.8402099609375,134282,0.0,0.0,0.0
2015-01-20 00:00:00+09:00,943.899067179362,963.6046844482421,939.9579437255859,945.86962890625,76238,0.0,0.0,0.0
2015-01-21 00:00:00+09:00,953.7519017269736,959.6635870682566,936.016845703125,936.016845703125,62066,0.0,0.0,0.0
2015-01-22 00:00:00+09:00,934.0462839226974,957.693025287829,928.1345985814145,936.016845703125,93491,0.0,0.0,0.0
2015-01-23 00:00:00+09:00,943.8990896057385,945.8696513794456,930.1051571897882,941.9285278320312,96424,0.0,0.0,0.0
2015-01-26 00:00:00+09:00,936.0168982064852,943.8991457703293,908.4290317330309,916.311279296875,122869,0.0,0.0,0.0
2015-01-27 00:00:00+09:00,912.3700878852237,924.1934583545786,884.7822234567287,890.6939086914062,118587,0.0,0.0,0.0
2015-01-28 00:00:00+09:00,894.6350741841047,908.4290070459742,886.752826834465,888.723388671875,165278,0.0,0.0,0.0
2015-01-29 00:00:00+09:00,892.6644673441793,908.4289612487123,884.7822203919128,896.6055908203125,87085,0.0,0.0,0.0
2015-01-30 00:00:00+09:00,894.635029082246,902.5172760345124,886.7527821299794,896.6055908203125,89866,0.0,0.0,0.0
2015-02-02 00:00:00+09:00,896.6055857340494,965.5752461751301,894.6350240071614,945.86962890625,360623,0.0,0.0,0.0
2015-02-03 00:00:00+09:00,932.0757286218184,943.8990993865772,920.2523578570596,924.1934814453125,139048,0.0,0.0,0.0
2015-02-04 00:00:00+09:00,924.1935163409398,941.9285731577169,924.1935163409398,934.0463256835938,39651,0.0,0.0,0.0
2015-02-05 00:00:00+09:00,934.0462839226974,937.9874074835526,892.6644865337171,898.576171875,377503,0.0,0.0,0.0
2015-02-06 00:00:00+09:00,906.4584350585938,912.3701205046281,894.6350641665251,906.4584350585938,74159,0.0,0.0,0.0
2015-02-09 00:00:00+09:00,906.4584522033006,906.4584522033006,863.1060914457514,876.9000244140625,391202,0.0,0.0,0.0
2015-02-10 00:00:00+09:00,869.0177804247826,878.8705897266508,847.3415999606723,870.9883422851562,251837,0.0,0.0,0.0
2015-02-11 00:00:00+09:00,874.9294400823197,888.7233726962302,870.9883164783453,880.8411254882812,94000,0.0,0.0,0.0
2015-02-12 00:00:00+09:00,886.7527858466859,963.6046939533986,874.9294153687301,928.1345825195312,846100,0.0,0.0,0.0
2015-02-13 00:00:00+09:00,930.1051350911458,963.6046844482421,930.1051350911458,945.86962890625,409893,0.0,0.0,0.0
2015-02-16 00:00:00+09:00,967.545788090015,971.4869114630905,932.0756777323362,943.8990478515625,142519,0.0,0.0,0.0
2015-02-17 00:00:00+09:00,934.0463031159729,945.8696740414916,926.1640558322939,937.9874267578125,123398,0.0,0.0,0.0
2015-02-23 00:00:00+09:00,937.9874201731069,957.6930382439705,936.0168583660205,949.810791015625,167753,0.0,0.0,0.0
2015-02-24 00:00:00+09:00,953.751875813802,955.7224375406901,941.9285054524739,945.86962890625,183276,0.0,0.0,0.0
2015-02-25 00:00:00+09:00,953.7519113442333,961.6341585454253,945.8696641430413,955.7224731445312,223203,0.0,0.0,0.0
2015-02-26 00:00:00+09:00,959.6635808105469,1008.927625,949.8107719726563,985.2808837890625,473762,0.0,0.0,0.0
2015-02-27 00:00:00+09:00,989.222013774671,991.1925755550986,969.5163959703947,973.45751953125,348455,0.0,0.0,0.0
2015-03-02 00:00:00+09:00,981.3397697897519,1008.9276348039216,973.4575226428462,1004.9865112304688,385325,0.0,0.0,0.0
2015-03-03 00:00:00+09:00,1024.6921000241312,1034.5449086782094,1008.9276061776061,1020.7509765625,359943,0.0,0.0,0.0
2015-03-04 00:00:00+09:00,1024.692103117415,1030.603788327708,1008.927609223301,1014.8392944335938,226400,0.0,0.0,0.0
2015-03-05 00:00:00+09:00,1016.8099295079023,1032.5744245390326,1016.8099295079023,1028.63330078125,239829,0.0,0.0,0.0
2015-03-06 00:00:00+09:00,1032.5743408203125,1036.515464258558,1024.6920939438214,1032.5743408203125,153649,0.0,0.0,0.0
2015-03-09 00:00:00+09:00,1032.5743925933243,1032.5743925933243,1001.0454035065053,1012.8687744140625,233852,0.0,0.0,0.0
2015-03-10 00:00:00+09:00,1008.9276020916334,1020.7509724286448,975.4280528034346,989.2219848632812,239979,0.0,0.0,0.0
2015-03-11 00:00:00+09:00,977.3986056751468,1014.8392780699609,977.3986056751468,1006.95703125,202731,0.0,0.0,0.0
2015-03-12 00:00:00+09:00,1008.9276129943503,1048.338847876942,1006.9570512502206,1046.3682861328125,411577,0.0,0.0,0.0
2015-03-13 00:00:00+09:00,1048.3389390759442,1050.3095009915005,1022.7216341737123,1030.6038818359375,211068,0.0,0.0,0.0
2015-03-16 00:00:00+09:00,1030.603791475296,1038.4860384464264,995.1336801052094,1008.9276123046875,221775,0.0,0.0,0.0
2015-03-17 00:00:00+09:00,1014.8393006690125,1014.8393006690125,987.2514361848063,1003.0159301757812,137223,0.0,0.0,0.0
2015-03-18 00:00:00+09:00,1004.9865017047507,1028.633242921333,999.0748164006051,1022.7215576171875,249929,0.0,0.0,0.0
2015-03-19 00:00:00+09:00,1022.7215937548345,1024.6921555925123,991.192604351988,995.1337280273438,200518,0.0,0.0,0.0
2015-03-20 00:00:00+09:00,999.0747996914772,1001.0453614265689,967.5458119300105,977.3986206054688,240609,0.0,0.0,0.0
2015-03-23 00:00:00+09:00,973.457516338264,989.2220105299767,967.5458310163717,979.3692016601562,98235,0.0,0.0,0.0
2015-03-24 00:00:00+09:00,983.3103252080845,983.3103252080845,963.6047074684435,979.3692016601562,85984,0.0,0.0,0.0
2015-03-25 00:00:00+09:00,981.3397894138243,981.3397894138243,959.6636093263703,969.5164184570312,130087,0.0,0.0,0.0
2015-03-26 00:00:00+09:00,969.5164218270706,971.4869836600525,955.7224889961976,963.604736328125,111908,0.0,0.0,0.0
2015-03-27 00:00:00+09:00,969.5164057466174,971.4869675469154,943.8991023427433,955.7224731445312,166969,0.0,0.0,0.0
2015-03-30 00:00:00+09:00,949.810746306745,957.6929931640625,945.8696228780864,957.6929931640625,52749,0.0,0.0,0.0
2015-03-31 00:00:00+09:00,965.5752854723158,965.5752854723158,941.9285437872796,949.810791015625,114973,0.0,0.0,0.0
2015-04-01 00:00:00+09:00,949.8107749268601,953.7518984742744,926.1640336423739,941.9285278320312,134540,0.0,0.0,0.0
2015-04-02 00:00:00+09:00,932.0757127241654,959.6635773713923,926.1640274426168,953.7518920898438,141935,0.0,0.0,0.0
2015-04-03 00:00:00+09:00,953.7519173373181,983.3103445275242,953.7519173373181,981.3397827148438,155504,0.0,0.0,0.0
2015-04-06 00:00:00+09:00,983.3103027343749,995.1336731079346,973.4574940897419,983.310302734375,133972,0.0,0.0,0.0
2015-04-07 00:00:00+09:00,991.1925690917969,991.1925690917969,973.4575131835937,985.2808837890625,91869,0.0,0.0,0.0
2015-04-08 00:00:00+09:00,989.2220201360639,999.0748291015625,981.3397729636649,999.0748291015625,140298,0.0,0.0,0.0
2015-04-09 00:00:00+09:00,1001.0453653335571,1034.5449149608612,991.1925566196442,1008.9276123046875,279413,0.0,0.0,0.0
2015-04-10 00:00:00+09:00,1010.8981576754353,1012.8687193863036,989.221978855884,1001.0453491210938,226618,0.0,0.0,0.0
2015-04-13 00:00:00+09:00,1003.0159364855788,1018.7804305757254,991.1925659179689,991.1925659179688,185021,0.0,0.0,0.0
2015-04-14 00:00:00+09:00,995.1336894405055,1004.9864982468471,981.3397571116271,991.1925659179688,150718,0.0,0.0,0.0
2015-04-15 00:00:00+09:00,987.2514583429642,1001.0453908946622,985.2808965498643,999.0748291015625,89512,0.0,0.0,0.0
2015-04-16 00:00:00+09:00,995.1336476159474,1004.9864560081845,983.3102775452629,993.1630859375,125107,0.0,0.0,0.0
2015-04-17 00:00:00+09:00,993.1631985467864,1042.42724609375,969.5164557242439,1042.42724609375,1115485,0.0,0.0,0.0
2015-04-20 00:00:00+09:00,1042.4272200337957,1073.9562096756497,1030.6038489181005,1052.280029296875,839934,0.0,0.0,0.0
2015-04-21 00:00:00+09:00,1060.162224702381,1062.1327864583334,1024.6921130952383,1034.544921875,485491,0.0,0.0,0.0
2015-04-22 00:00:00+09:00,1032.5744029432242,1036.51552661858,961.6341767868194,995.1337280273438,561190,0.0,0.0,0.0
2015-04-23 00:00:00+09:00,1024.692107599432,1083.8089599609375,995.133681418679,1083.8089599609375,1600640,0.0,0.0,0.0
2015-04-24 00:00:00+09:00,1138.9846814260359,1156.7197370191748,1044.397718262628,1058.191650390625,2587356,0.0,0.0,0.0
2015-04-27 00:00:00+09:00,1050.3094606752747,1085.7795737937645,1034.544965955946,1064.1033935546875,517799,0.0,0.0,0.0
2015-04-28 00:00:00+09:00,1071.9856420945298,1073.9562039366153,1018.7804723582203,1026.6627197265625,529535,0.0,0.0,0.0
2015-04-29 00:00:00+09:00,1024.6920805881286,1042.4271358290769,1008.9275870406188,1018.7803955078125,317691,0.0,0.0,0.0
2015-04-30 00:00:00+09:00,1018.7804045189084,1032.5743364949865,985.2808554341475,1001.0453491210938,348508,0.0,0.0,0.0
2015-05-04 00:00:00+09:00,975.4280972768025,989.2220299655654,967.5458500260809,981.3397827148438,363189,0.0,0.0,0.0
2015-05-06 00:00:00+09:00,975.4280485930266,977.398610307356,937.987376020769,957.6929931640625,385679,0.0,0.0,0.0
2015-05-07 00:00:00+09:00,957.6930508291795,969.5164218270706,947.8402416642703,963.604736328125,219099,0.0,0.0,0.0
2015-05-08 00:00:00+09:00,965.5752882134005,983.3103445275242,959.6636027753593,981.3397827148438,173770,0.0,0.0,0.0
2015-05-11 00:00:00+09:00,989.2220299655654,995.1337154036066,979.3692209021634,981.3397827148438,151889,0.0,0.0,0.0
2015-05-12 00:00:00+09:00,983.3103252080845,995.133695851869,967.5458310163717,979.3692016601562,174029,0.0,0.0,0.0
2015-05-13 00:00:00+09:00,979.3691762491051,993.1631083089517,973.4574910805994,989.2219848632812,107586,0.0,0.0,0.0
2015-05-14 00:00:00+09:00,989.2219848632812,995.1336700317869,979.3691762491051,989.2219848632812,170964,0.0,0.0,0.0
2015-05-15 00:00:00+09:00,991.1925944168744,1030.6038307753981,987.251470781022,1012.8687744140625,508252,0.0,0.0,0.0
2015-05-18 00:00:00+09:00,1018.7804371394382,1020.7509989134023,979.3692016601562,979.3692016601562,246452,0.0,0.0,0.0
2015-05-19 00:00:00+09:00,981.3397471832213,991.1925558898802,957.6930062872401,971.4869384765625,284965,0.0,0.0,0.0
2015-05-20 00:00:00+09:00,971.4869161586569,1001.0453415995896,967.5457927665325,975.4280395507812,408088,0.0,0.0,0.0
2015-05-21 00:00:00+09:00,979.3691823405604,989.2219910160188,971.4869354001938,977.3986206054688,227493,0.0,0.0,0.0
2015-05-22 00:00:00+09:00,971.4869161586569,1006.9570266877762,971.4869161586569,975.4280395507812,231983,0.0,0.0,0.0
2015-05-26 00:00:00+09:00,977.3986012468434,991.1925331192788,967.5457927665325,975.4280395507812,281452,0.0,0.0,0.0
2015-05-27 00:00:00+09:00,967.5458308902246,979.3692015324677,941.9285278320312,941.9285278320312,269426,0.0,0.0,0.0
2015-05-28 00:00:00+09:00,945.8696740414916,957.6930449670102,928.1346176532137,937.9874267578125,234527,0.0,0.0,0.0
2015-05-29 00:00:00+09:00,930.1051635742188,943.8990960848533,918.2817928508176,930.1051635742188,305120,0.0,0.0,0.0
2015-06-01 00:00:00+09:00,922.2229354890658,934.0463064568743,900.5467553814168,932.0757446289062,198840,0.0,0.0,0.0
2015-06-02 00:00:00+09:00,928.1346083219471,937.987417327488,906.4584285097573,918.2817993164062,161508,0.0,0.0,0.0
2015-06-03 00:00:00+09:00,912.3700695281333,926.1640014648438,902.5172610019115,926.1640014648438,189039,0.0,0.0,0.0
2015-06-04 00:00:00+09:00,914.3407051719432,926.1640763595115,902.5173339843749,902.517333984375,162223,0.0,0.0,0.0
2015-06-05 00:00:00+09:00,904.4878958489696,912.3701433073485,890.6939627968067,902.517333984375,147217,0.0,0.0,0.0
2015-06-08 00:00:00+09:00,902.5173114279042,924.1934913966967,902.5173114279042,906.4584350585938,77505,0.0,0.0,0.0
2015-06-09 00:00:00+09:00,908.4289461176446,930.1051248753324,906.4583844124003,926.1640014648438,158734,0.0,0.0,0.0
2015-06-10 00:00:00+09:00,932.0757060121832,932.0757060121832,912.3700885489235,928.1345825195312,100057,0.0,0.0,0.0
2015-06-11 00:00:00+09:00,930.1051571897882,947.8402131531528,926.1640336423739,941.9285278320312,174341,0.0,0.0,0.0
2015-06-12 00:00:00+09:00,949.8107749268601,949.8107749268601,930.1051571897882,941.9285278320312,130598,0.0,0.0,0.0
2015-06-15 00:00:00+09:00,926.1640432394389,941.9285375924507,902.5173017099213,924.1934814453125,220016,0.0,0.0,0.0
2015-06-16 00:00:00+09:00,926.1640532120415,930.105176842731,894.6350641665251,906.4584350585938,191488,0.0,0.0,0.0
2015-06-17 00:00:00+09:00,914.3406596658549,922.2229067319399,902.5172890667275,910.3995361328125,70723,0.0,0.0,0.0
2015-06-18 00:00:00+09:00,918.2817928508176,932.0757253614523,910.3995457018837,930.1051635742188,127560,0.0,0.0,0.0
2015-06-19 00:00:00+09:00,932.0757286218184,932.0757286218184,906.4584252981742,924.1934814453125,109506,0.0,0.0,0.0
2015-06-22 00:00:00+09:00,924.1934814453125,930.1051668276918,920.2523578570596,924.1934814453125,92782,0.0,0.0,0.0
2015-06-23 00:00:00+09:00,928.1346017869853,939.9579725103863,924.1934782125182,930.1051635742188,157462,0.0,0.0,0.0
2015-06-24 00:00:00+09:00,939.9579597662303,957.693015610876,930.1051509636492,953.7518920898438,168085,0.0,0.0,0.0
2015-06-25 00:00:00+09:00,957.6930576111218,967.5458668458042,945.869686529503,951.7813720703125,119140,0.0,0.0,0.0
2015-06-26 00:00:00+09:00,947.8402358624114,961.6341686088498,937.9874267578125,937.9874267578125,130470,0.0,0.0,0.0
2015-06-29 00:00:00+09:00,924.1935144949167,937.9874475470797,900.5467721197803,902.517333984375,126296,0.0,0.0,0.0
2015-06-30 00:00:00+09:00,896.6056501815087,985.2809342653943,896.6056501815087,934.0463256835938,337633,0.0,0.0,0.0
2015-07-01 00:00:00+09:00,943.8991155967148,945.8696774246828,930.1051828009381,932.0757446289062,89391,0.0,0.0,0.0
2015-07-02 00:00:00+09:00,937.9873716963098,941.9284951067986,918.2817546438663,926.1640014648438,121244,0.0,0.0,0.0
2015-07-03 00:00:00+09:00,926.1640887516801,928.1346506426411,908.4290317330309,916.311279296875,129298,0.0,0.0,0.0
2015-07-06 00:00:00+09:00,902.5173181206119,916.3112509303156,886.7528234809506,894.6350708007812,172278,0.0,0.0,0.0
2015-07-07 00:00:00+09:00,896.6056069101902,910.3995393241931,892.6644833633322,904.4878540039062,128919,0.0,0.0,0.0
2015-07-08 00:00:00+09:00,908.4289743662912,920.2523449654186,902.5172890667275,910.3995361328125,171292,0.0,0.0,0.0
2015-07-09 00:00:00+09:00,912.3701043379934,912.3701043379934,880.8411158511512,898.576171875,170288,0.0,0.0,0.0
2015-07-10 00:00:00+09:00,918.2817993164062,920.2523611175144,902.517304907541,918.2817993164062,154850,0.0,0.0,0.0
2015-07-13 00:00:00+09:00,918.2818021022433,953.7519146297977,918.2818021022433,949.810791015625,151766,0.0,0.0,0.0
2015-07-14 00:00:00+09:00,953.7518608940973,975.4280395507812,951.7812991980351,975.4280395507812,144985,0.0,0.0,0.0
2015-07-15 00:00:00+09:00,977.3986268335459,979.3691885811942,961.6341328523597,965.5752563476562,135738,0.0,0.0,0.0
2015-07-16 00:00:00+09:00,965.5752907838339,1024.6921453216196,965.5752907838339,1012.8687744140625,363783,0.0,0.0,0.0
2015-07-17 00:00:00+09:00,1014.8393335304107,1016.8098953430912,961.6341645880397,981.3397827148438,336349,0.0,0.0,0.0
2015-07-20 00:00:00+09:00,983.3103120764907,1001.0453678053253,959.6635711047114,965.5752563476562,197629,0.0,0.0,0.0
2015-07-21 00:00:00+09:00,973.4575039427032,1018.7804241667561,963.6046951983438,1003.0159301757812,267222,0.0,0.0,0.0
2015-07-22 00:00:00+09:00,1006.9570384717169,1044.397711135049,1003.0159150334714,1032.5743408203125,571158,0.0,0.0,0.0
2015-07-23 00:00:00+09:00,1042.4271752976726,1042.4271752976726,1006.9570634727992,1022.7215576171875,247229,0.0,0.0,0.0
2015-07-24 00:00:00+09:00,1016.809839774951,1024.6920865949119,999.0747844300391,1006.95703125,155995,0.0,0.0,0.0
2015-07-27 00:00:00+09:00,1022.7215877625999,1022.7215877625999,967.545856630899,969.5164184570312,173331,0.0,0.0,0.0
2015-07-28 00:00:00+09:00,971.4869354001938,983.3103058107438,947.8401945790937,977.3986206054688,148563,0.0,0.0,0.0
2015-07-29 00:00:00+09:00,977.3986206054689,999.0747996914772,977.3986206054689,977.3986206054688,119925,0.0,0.0,0.0
2015-07-30 00:00:00+09:00,969.5163736651022,997.1042379563855,963.6046884598271,977.3986206054688,147152,0.0,0.0,0.0
2015-07-31 00:00:00+09:00,979.3691922515749,997.104248046875,969.5163834764081,997.104248046875,98785,0.0,0.0,0.0
2015-08-03 00:00:00+09:00,989.2220266498254,1014.8393301288049,973.4575322012225,987.25146484375,111916,0.0,0.0,0.0
2015-08-04 00:00:00+09:00,1038.4860481884086,1068.0444746074336,985.2808806341639,991.1925659179688,870817,0.0,0.0,0.0
2015-08-05 00:00:00+09:00,989.221978855884,1012.8687193863036,979.3691703015426,1001.0453491210938,172186,0.0,0.0,0.0
2015-08-06 00:00:00+09:00,1003.0159209851593,1024.6921000241312,993.163112331081,1020.7509765625,211862,0.0,0.0,0.0
2015-08-07 00:00:00+09:00,1028.6333199203812,1038.4861294981627,1006.9571388492622,1030.6038818359375,224852,0.0,0.0,0.0
2015-08-10 00:00:00+09:00,1020.750982761383,1036.5154767036438,1008.9276123046875,1008.9276123046875,108162,0.0,0.0,0.0
2015-08-11 00:00:00+09:00,1020.7509989134023,1028.6332460092588,979.3692016601562,979.3692016601562,164308,0.0,0.0,0.0
2015-08-12 00:00:00+09:00,975.4280650858976,991.192559067084,947.8402006188218,965.5752563476562,203339,0.0,0.0,0.0
2015-08-13 00:00:00+09:00,965.5752383254645,1008.927595964567,965.5752383254645,1001.0453491210938,166461,0.0,0.0,0.0
2015-08-14 00:00:00+09:00,1001.0453491210939,1001.0453491210939,1001.0453491210939,1001.0453491210938,0,0.0,0.0,0.0
2015-08-17 00:00:00+09:00,1014.83925928835,1028.6331909679975,957.692970901239,961.6340942382812,470487,0.0,0.0,0.0
2015-08-18 00:00:00+09:00,963.6047537115555,973.4575630542096,914.3407069982859,934.0463256835938,343267,0.0,0.0,0.0
2015-08-19 00:00:00+09:00,934.0462482858211,937.9873716963098,900.5466992966672,926.1640014648438,249239,0.0,0.0,0.0
2015-08-20 00:00:00+09:00,914.3406628710512,926.1640335116251,904.4878540039062,904.4878540039062,166351,0.0,0.0,0.0
2015-08-21 00:00:00+09:00,867.0471987516984,906.4584350585938,847.3415805982507,906.4584350585938,581210,0.0,0.0,0.0
2015-08-24 00:00:00+09:00,872.9588656290424,908.4289775507642,847.3415625744656,904.4878540039062,228492,0.0,0.0,0.0
2015-08-25 00:00:00+09:00,910.3995261403312,922.2228966096861,874.9294147322663,890.6939086914062,213946,0.0,0.0,0.0
2015-08-26 00:00:00+09:00,888.723337831311,908.428955078125,882.8116526572668,908.428955078125,159249,0.0,0.0,0.0
2015-08-27 00:00:00+09:00,910.3995168028064,934.0462574989832,908.428955078125,908.428955078125,178308,0.0,0.0,0.0
2015-08-28 00:00:00+09:00,926.1640075157429,926.1640075157429,906.4583903345568,914.3406372070312,182284,0.0,0.0,0.0
2015-08-31 00:00:00+09:00,910.3995814427537,920.2523907657273,896.6056483905908,902.517333984375,139114,0.0,0.0,0.0
2015-09-01 00:00:00+09:00,910.3995425575657,916.3112278988486,898.576171875,898.576171875,96405,0.0,0.0,0.0
2015-09-02 00:00:00+09:00,886.7527761066297,908.428955078125,886.7527761066297,908.428955078125,117828,0.0,0.0,0.0
2015-09-03 00:00:00+09:00,914.3406372070312,922.2228840795057,900.5467051802011,914.3406372070312,97612,0.0,0.0,0.0
2015-09-04 00:00:00+09:00,914.340666118421,918.2817896792762,890.6939247532895,898.576171875,73431,0.0,0.0,0.0
2015-09-07 00:00:00+09:00,888.7233469465137,900.5467174158687,865.0766060078039,890.6939086914062,181555,0.0,0.0,0.0
2015-09-08 00:00:00+09:00,904.4878958489696,910.3995814427537,886.7528390676173,902.517333984375,107885,0.0,0.0,0.0
2015-09-09 00:00:00+09:00,912.3700983886719,1022.721557373047,906.4584130859375,985.2808837890625,919417,0.0,0.0,0.0
2015-09-10 00:00:00+09:00,973.4574971352855,1012.8687318371188,955.7224415194604,977.3986206054688,653524,0.0,0.0,0.0
2015-09-11 00:00:00+09:00,965.5752754959406,1012.8687583773744,961.6341519224878,1004.9865112304688,674891,0.0,0.0,0.0
2015-09-14 00:00:00+09:00,1006.9570530482702,1012.868738291215,965.5752563476562,965.5752563476562,344099,0.0,0.0,0.0
2015-09-15 00:00:00+09:00,961.6341613647705,1006.9570829045035,961.6341613647705,987.25146484375,335016,0.0,0.0,0.0
2015-09-16 00:00:00+09:00,989.2220073242188,1020.7509956054688,975.4280749511719,985.2808837890625,458857,0.0,0.0,0.0
2015-09-17 00:00:00+09:00,993.1631310964594,1022.7215576171875,983.3103222562169,1022.7215576171875,422093,0.0,0.0,0.0
2015-09-18 00:00:00+09:00,1016.8098914513222,1030.6038240872897,1003.0159588153546,1024.692138671875,434196,0.0,0.0,0.0
2015-09-21 00:00:00+09:00,1018.7804340810903,1028.633242921333,995.133692864508,1022.7215576171875,278100,0.0,0.0,0.0
2015-09-22 00:00:00+09:00,1032.574409471067,1111.396883476492,1016.8099146699819,1089.720703125,1618014,0.0,0.0,0.0
2015-09-23 00:00:00+09:00,1075.926787211633,1241.4539852441917,1071.985663448953,1129.1319580078125,4917840,0.0,0.0,0.0
2015-09-24 00:00:00+09:00,1140.9552972034016,1152.7786681588773,1081.8384424260232,1113.367431640625,1235538,0.0,0.0,0.0
2015-09-25 00:00:00+09:00,1119.2790028925174,1158.6902353887326,1099.5733866444095,1138.984619140625,1114092,0.0,0.0,0.0
2015-09-30 00:00:00+09:00,1103.5145362647804,1211.895428219357,1087.7500428895692,1166.572509765625,2218266,0.0,0.0,0.0
2015-10-01 00:00:00+09:00,1170.5136657714843,1233.571641031901,1150.8080485026042,1182.3370361328125,1754090,0.0,0.0,0.0
2015-10-02 00:00:00+09:00,1172.4842981638642,1204.0132876943212,1154.7492415529823,1164.60205078125,690978,0.0,0.0,0.0
2015-10-05 00:00:00+09:00,1188.248780132973,1202.0427129040024,1140.955296346586,1150.80810546875,734744,0.0,0.0,0.0
2015-10-06 00:00:00+09:00,1158.6902730197191,1158.6902730197191,1101.5439840442568,1105.485107421875,1469392,0.0,0.0,0.0
2015-10-07 00:00:00+09:00,1113.3674629570926,1140.9553292958524,1105.4852154317327,1129.1319580078125,523022,0.0,0.0,0.0
2015-10-08 00:00:00+09:00,1135.0435526023132,1137.0141143255812,1101.544003306759,1107.4556884765625,483129,0.0,0.0,0.0
2015-10-12 00:00:00+09:00,1115.3378962925503,1137.0140744890487,1103.5145263671875,1103.5145263671875,267199,0.0,0.0,0.0
2015-10-13 00:00:00+09:00,1103.5145263671875,1166.5724993024555,1091.691156441825,1103.5145263671875,763764,0.0,0.0,0.0
2015-10-14 00:00:00+09:00,1103.5144628385879,1123.22007824642,1087.7499705123223,1109.4261474609375,327386,0.0,0.0,0.0
2015-10-15 00:00:00+09:00,1101.544002188723,1121.2496194014013,1056.2210825995626,1070.0150146484375,609851,0.0,0.0,0.0
2015-10-16 00:00:00+09:00,1085.7795475111095,1099.5734800566227,1064.1033677967316,1073.9561767578125,438116,0.0,0.0,0.0
2015-10-19 00:00:00+09:00,1089.7206974735966,1093.6618211534287,1046.3683369954426,1064.1033935546875,447929,0.0,0.0,0.0
2015-10-20 00:00:00+09:00,1062.1328607253088,1119.279155643739,1044.397803681658,1117.30859375,866638,0.0,0.0,0.0
2015-10-21 00:00:00+09:00,1127.161278568097,1452.303955078125,1113.3673468373686,1452.303955078125,15930413,0.0,0.0,0.0
2015-10-22 00:00:00+09:00,1519.3032376564154,1586.3023428189551,1332.0998555846134,1395.1578369140625,17544766,0.0,0.0,0.0
2015-10-23 00:00:00+09:00,1401.069359392058,1424.716099634962,1324.21745360262,1353.77587890625,6444211,0.0,0.0,0.0
2015-10-26 00:00:00+09:00,1363.628752055921,1408.9516730057564,1292.6885279605262,1310.423583984375,5299336,0.0,0.0,0.0
2015-10-27 00:00:00+09:00,1310.4237328731654,1371.5111550071024,1265.1008067737928,1300.5709228515625,4495924,0.0,0.0,0.0
2015-10-28 00:00:00+09:00,1322.246935731321,1424.716146846118,1310.4235652180753,1345.8936767578125,8500404,0.0,0.0,0.0
2015-10-29 00:00:00+09:00,1339.9819084560258,1341.9524700861082,1245.394950212071,1263.1300048828125,2927896,0.0,0.0,0.0
2015-10-30 00:00:00+09:00,1288.7473414986432,1397.1282341323213,1284.806218130146,1316.335205078125,7173520,0.0,0.0,0.0
2015-11-02 00:00:00+09:00,1336.0409864115918,1406.981215778579,1326.1881767772882,1383.33447265625,5907378,0.0,0.0,0.0
2015-11-03 00:00:00+09:00,1383.3343429337685,1391.2165899020522,1304.5118732509327,1320.2763671875,2497084,0.0,0.0,0.0
2015-11-04 00:00:00+09:00,1304.5118732509327,1343.9231080923507,1276.9240088619401,1320.2763671875,1395296,0.0,0.0,0.0
2015-11-05 00:00:00+09:00,1343.92306066615,1375.452047426646,1288.7473338352816,1290.7178955078125,1800305,0.0,0.0,0.0
2015-11-06 00:00:00+09:00,1276.924178799716,1314.3648568818064,1261.1596827651515,1300.5709228515625,1129857,0.0,0.0,0.0
2015-11-09 00:00:00+09:00,1322.2469411739535,1347.8642440580986,1251.3067178024746,1259.18896484375,1320424,0.0,0.0,0.0
2015-11-10 00:00:00+09:00,1229.6305707358376,1249.3361888566042,1144.896412816541,1200.0721435546875,1910101,0.0,0.0,0.0
2015-11-11 00:00:00+09:00,1217.8071318835746,1292.6884765625,1207.9543233731897,1292.6884765625,1173112,0.0,0.0,0.0
2015-11-12 00:00:00+09:00,1300.5706958235983,1320.2763124269861,1261.1594626168226,1265.1005859375,916035,0.0,0.0,0.0
2015-11-13 00:00:00+09:00,1243.4244153670684,1302.5412655429986,1213.865990279103,1290.7178955078125,971677,0.0,0.0,0.0
2015-11-16 00:00:00+09:00,1261.1595262096773,1296.6296378843247,1217.8071674962198,1221.748291015625,985637,0.0,0.0,0.0
2015-11-17 00:00:00+09:00,1241.4539545232599,1249.3362018535663,1200.0721560391512,1213.8660888671875,648626,0.0,0.0,0.0
2015-11-18 00:00:00+09:00,1245.39500625,1367.5698328125,1227.65995078125,1231.60107421875,4214336,0.0,0.0,0.0
2015-11-19 00:00:00+09:00,1261.1595579954956,1330.1292213233742,1251.3067489486557,1312.3941650390625,2368866,0.0,0.0,0.0
2015-11-20 00:00:00+09:00,1338.0114235843387,1399.0988376213263,1324.2174913824383,1357.717041015625,4793051,0.0,0.0,0.0
2015-11-23 00:00:00+09:00,1351.805374985847,1363.6287456125453,1304.5118924790536,1359.6876220703125,1394300,0.0,0.0,0.0
2015-11-24 00:00:00+09:00,1391.2167059206495,1450.333563112745,1371.5110868566176,1406.981201171875,4531978,0.0,0.0,0.0
2015-11-25 00:00:00+09:00,1410.9221104585258,1416.833795278883,1373.4814399295985,1385.3048095703125,1419824,0.0,0.0,0.0
2015-11-26 00:00:00+09:00,1414.8633516615716,1420.7750369749208,1339.9820043591485,1359.6876220703125,1524763,0.0,0.0,0.0
2015-11-27 00:00:00+09:00,1393.187126401522,1472.009594656205,1359.6875773932818,1367.56982421875,5339085,0.0,0.0,0.0
2015-11-30 00:00:00+09:00,1365.5992181553881,1375.4520263671875,1328.1585469505505,1375.4520263671875,1177380,0.0,0.0,0.0
2015-12-01 00:00:00+09:00,1393.18727697424,1458.2158203125,1387.2755912162163,1458.2158203125,3245610,0.0,0.0,0.0
2015-12-02 00:00:00+09:00,1531.1265677225958,1580.390614303117,1479.8919592788538,1529.156005859375,7283836,0.0,0.0,0.0
2015-12-03 00:00:00+09:00,1552.8026710366303,1942.973900561063,1517.332559261682,1671.036376953125,35979880,0.0,0.0,0.0
2015-12-04 00:00:00+09:00,1684.8302784704674,1832.622408160859,1649.3601673447733,1730.1531982421875,13172835,0.0,0.0,0.0
2015-12-07 00:00:00+09:00,1692.7125437182049,1793.2111929960029,1655.2718704578488,1694.68310546875,5899321,0.0,0.0,0.0
2015-12-08 00:00:00+09:00,1635.5663971402753,1663.1542640799908,1558.714482093925,1584.331787109375,4567357,0.0,0.0,0.0
2015-12-09 00:00:00+09:00,1629.6546322631834,1684.8303634643553,1576.449462890625,1576.449462890625,4771714,0.0,0.0,0.0
2015-12-10 00:00:00+09:00,1604.0373588294476,1647.389719878892,1572.5083689753062,1629.6546630859375,2546072,0.0,0.0,0.0
2015-12-11 00:00:00+09:00,1643.4485500919118,1765.6233823529412,1643.4485500919118,1674.9775390625,5734156,0.0,0.0,0.0
2015-12-14 00:00:00+09:00,1635.5662529523984,1722.270969976381,1617.8311971974927,1694.68310546875,2232854,0.0,0.0,0.0
2015-12-15 00:00:00+09:00,1706.5065320885699,1812.9168701171875,1706.5065320885699,1812.9168701171875,6035078,0.0,0.0,0.0
2015-12-16 00:00:00+09:00,1826.7107704564144,1935.0916683799342,1724.2415578741775,1759.711669921875,7561049,0.0,0.0,0.0
2015-12-17 00:00:00+09:00,1797.1523762659544,1805.0346235302786,1686.8009145654132,1775.4761962890625,3071212,0.0,0.0,0.0
2015-12-18 00:00:00+09:00,1789.2700904023811,1889.7687408544973,1769.5644726666721,1846.4163818359375,4290410,0.0,0.0,0.0
2015-12-21 00:00:00+09:00,1879.915831769099,1925.2387501450835,1870.0630234264936,1923.2681884765625,3524581,0.0,0.0,0.0
2015-12-22 00:00:00+09:00,1939.0327853278636,1941.0033471015709,1842.4752584162118,1883.8570556640625,2072640,0.0,0.0,0.0
2015-12-23 00:00:00+09:00,1903.562679893092,1927.2094212582235,1818.828523334704,1872.03369140625,2022271,0.0,0.0,0.0
2015-12-24 00:00:00+09:00,1872.0337049696182,1883.8570757378473,1773.505615234375,1773.505615234375,1871255,0.0,0.0,0.0
2015-12-28 00:00:00+09:00,1734.0943975033967,1846.4164209780486,1716.359341165294,1812.9168701171875,2112579,0.0,0.0,0.0
2015-12-29 00:00:00+09:00,2294.7164218877656,2302.118732926113,2233.0304965682017,2265.107177734375,951385,926.3158,0.0,0.0
2015-12-30 00:00:00+09:00,2270.0419138536095,2334.195272288603,2245.3675452247658,2307.053466796875,931885,0.0,0.0,0.0
2016-01-04 00:00:00+09:00,2299.6512838224085,2361.3372088176448,2225.628173828125,2225.628173828125,1431543,0.0,0.0,0.0
2016-01-05 00:00:00+09:00,2171.344404678771,2247.8349462072274,2144.202599620286,2208.35595703125,1525182,0.0,0.0,0.0
2016-01-06 00:00:00+09:00,2230.562896692055,2235.4977703573027,2025.7656395842666,2065.24462890625,3277976,0.0,0.0,0.0
2016-01-07 00:00:00+09:00,2033.16796875,2121.9956955400485,2028.2330950394417,2033.16796875,1570516,0.0,0.0,0.0
2016-01-08 00:00:00+09:00,1983.8194167322392,2067.7122776388264,1949.2752975354092,2057.842529296875,1124075,0.0,0.0,0.0
2016-01-11 00:00:00+09:00,2060.3097210335227,2065.2445946168364,1971.4819965338736,1976.4168701171875,831968,0.0,0.0,0.0
2016-01-12 00:00:00+09:00,1983.819210205078,2010.9610153198241,1956.6774050903318,1973.949462890625,1001960,0.0,0.0,0.0
2016-01-13 00:00:00+09:00,1993.6890696022726,2055.3749937855114,1993.6890696022726,2035.635498046875,1080549,0.0,0.0,0.0
2016-01-14 00:00:00+09:00,1988.7541207428167,2015.895926360895,1956.677441375997,1991.2215576171875,985246,0.0,0.0,0.0
2016-01-15 00:00:00+09:00,2062.7773194574006,2102.2563112173507,1971.4821510125155,1983.8193359375,1855388,0.0,0.0,0.0
2016-01-18 00:00:00+09:00,1932.003120874547,1981.3518595942032,1912.2636253866845,1956.677490234375,707020,0.0,0.0,0.0
2016-01-19 00:00:00+09:00,1936.9379538721687,1973.9495071308727,1825.9032940960572,1838.240478515625,1667043,0.0,0.0,0.0
2016-01-20 00:00:00+09:00,1855.512605042017,1855.512605042017,1719.8035714285716,1761.75,1923814,0.0,0.0,0.0
2016-01-21 00:00:00+09:00,1791.359264774785,1870.3172488970897,1742.0105246983449,1830.8382568359375,1869253,0.0,0.0,0.0
2016-01-22 00:00:00+09:00,1850.5776827452612,1875.2520518485314,1781.4894492561048,1806.163818359375,829101,0.0,0.0,0.0
2016-01-25 00:00:00+09:00,1833.3056938397594,1840.7080048512255,1781.489516759497,1830.8382568359375,628497,0.0,0.0,0.0
2016-01-26 00:00:00+09:00,1820.9683808652226,1820.9683808652226,1648.247802734375,1648.247802734375,1832095,0.0,0.0,0.0
2016-01-27 00:00:00+09:00,1675.3895825610282,1751.8801231492344,1672.9221457678602,1742.0103759765625,1307984,0.0,0.0,0.0
2016-01-28 00:00:00+09:00,1739.5429391833945,1761.749870321906,1712.4011344585472,1742.0103759765625,483223,0.0,0.0,0.0
2016-01-29 00:00:00+09:00,1724.738389737086,1734.6081373178417,1667.9873411477397,1685.2593994140625,647908,0.0,0.0,0.0
2016-02-01 00:00:00+09:00,1702.5314014713938,1702.5314014713938,1618.6385498046875,1618.6385498046875,878443,0.0,0.0,0.0
2016-02-02 00:00:00+09:00,1618.6385607690868,1672.9221710387817,1618.6385607690868,1648.247802734375,614139,0.0,0.0,0.0
2016-02-03 00:00:00+09:00,1638.3781708688448,1643.313044877486,1554.485312721946,1628.5084228515625,610663,0.0,0.0,0.0
2016-02-04 00:00:00+09:00,1650.7152538634184,1704.9988646033214,1633.443195900722,1687.726806640625,666854,0.0,0.0,0.0
2016-02-05 00:00:00+09:00,1692.6616091402773,1697.596482636313,1648.247747675955,1663.0523681640625,469901,0.0,0.0,0.0
2016-02-11 00:00:00+09:00,1589.0293078476122,1601.3664919147523,1534.7456979521971,1537.213134765625,682112,0.0,0.0,0.0
2016-02-12 00:00:00+09:00,1485.3969013111011,1601.3664268287453,1455.787660753405,1460.7225341796875,1340892,0.0,0.0,0.0
2016-02-15 00:00:00+09:00,1482.9295248702097,1537.213134765625,1480.4620880567818,1537.213134765625,657256,0.0,0.0,0.0
2016-02-16 00:00:00+09:00,1559.4200808147498,1626.040875406519,1559.4200808147498,1576.692138671875,641148,0.0,0.0,0.0
2016-02-17 00:00:00+09:00,1584.0945659945771,1608.7689361814084,1532.278388602231,1556.9527587890625,277813,0.0,0.0,0.0
2016-02-18 00:00:00+09:00,1581.6269826889038,1613.7036609649658,1564.3549251556396,1579.1595458984375,378574,0.0,0.0,0.0
2016-02-19 00:00:00+09:00,1574.2247159768606,1616.171142578125,1571.7572791179628,1616.171142578125,301552,0.0,0.0,0.0
2016-02-22 00:00:00+09:00,1626.0408970529318,1665.5198869662047,1598.8990914875565,1635.91064453125,595651,0.0,0.0,0.0
2016-02-23 00:00:00+09:00,1643.3128411123685,1665.5197713976709,1574.2246135580947,1584.0943603515625,588991,0.0,0.0,0.0
2016-02-24 00:00:00+09:00,1576.6921683284556,1608.7688478093162,1559.420110146454,1574.2247314453125,381503,0.0,0.0,0.0
2016-02-25 00:00:00+09:00,1574.2246135580947,1621.1059108270663,1554.4851199711593,1584.0943603515625,671066,0.0,0.0,0.0
2016-02-26 00:00:00+09:00,1603.8339818728266,1751.8801955841645,1596.4316711872598,1685.2593994140625,3222249,0.0,0.0,0.0
2016-02-29 00:00:00+09:00,1685.2594258806346,1719.8035429557867,1655.6501826733615,1672.9222412109375,711349,0.0,0.0,0.0
2016-03-02 00:00:00+09:00,1700.0640808195096,1717.33613969576,1677.857147978616,1680.3245849609375,500577,0.0,0.0,0.0
2016-03-03 00:00:00+09:00,1687.72682592446,1702.531447204499,1653.1827096043685,1655.650146484375,443750,0.0,0.0,0.0
2016-03-04 00:00:00+09:00,1660.5850270963733,1685.259395998251,1633.4432213043078,1675.3896484375,436921,0.0,0.0,0.0
2016-03-07 00:00:00+09:00,1687.726765648217,1690.1942024401003,1653.1826505618499,1660.5849609375,393002,0.0,0.0,0.0
2016-03-08 00:00:00+09:00,1663.0524836359798,1675.3896682326858,1633.4432406038852,1643.31298828125,352297,0.0,0.0,0.0
2016-03-09 00:00:00+09:00,1672.9221410366454,1672.9221410366454,1640.8454628161785,1650.7152099609375,272996,0.0,0.0,0.0
2016-03-10 00:00:00+09:00,1650.7152249301437,1709.9337083357095,1640.845477695883,1690.1942138671875,738004,0.0,0.0,0.0
2016-03-11 00:00:00+09:00,1742.0103875171646,1966.547137182975,1717.3360194220206,1853.0450439453125,11209219,0.0,0.0,0.0
2016-03-14 00:00:00+09:00,1904.8613360111035,1934.470579576043,1823.4359162075202,1833.3056640625,2296558,0.0,0.0,0.0
2016-03-15 00:00:00+09:00,1845.6428666548295,1850.5777406298425,1774.0871940171423,1791.3592529296875,993462,0.0,0.0,0.0
2016-03-16 00:00:00+09:00,1791.3591381769413,1845.6427484247274,1779.0219540297173,1811.0986328125,907943,0.0,0.0,0.0
2016-03-17 00:00:00+09:00,1835.7729972149411,1993.6889539646133,1833.3055603907274,1882.654296875,4487873,0.0,0.0,0.0
2016-03-18 00:00:00+09:00,1894.9915881561237,1897.4590251198688,1825.903353171265,1833.3056640625,1055439,0.0,0.0,0.0
2016-03-21 00:00:00+09:00,1850.57763671875,1917.1984316406251,1843.175326171875,1850.57763671875,1194109,0.0,0.0,0.0
2016-03-22 00:00:00+09:00,1880.1869969123777,1899.926492942954,1828.3708198321153,1830.8382568359375,783887,0.0,0.0,0.0
2016-03-23 00:00:00+09:00,1830.8382447297909,1838.2405556923102,1779.0220679921554,1791.3592529296875,657267,0.0,0.0,0.0
2016-03-24 00:00:00+09:00,1766.6849124461207,1806.1639049030173,1751.8802902747846,1788.891845703125,548150,0.0,0.0,0.0
2016-03-25 00:00:00+09:00,1813.5660886301578,1818.5009623407161,1779.02197265625,1779.02197265625,400642,0.0,0.0,0.0
2016-03-28 00:00:00+09:00,1788.891712846796,1788.891712846796,1746.9452864765954,1759.282470703125,314797,0.0,0.0,0.0
2016-03-29 00:00:00+09:00,1746.9453159289412,1786.4243061194259,1746.9453159289412,1756.8150634765625,411590,0.0,0.0,0.0
2016-03-30 00:00:00+09:00,1783.9569327731094,1791.359243697479,1754.3476890756303,1761.75,373372,0.0,0.0,0.0
2016-03-31 00:00:00+09:00,1774.0872235317888,1806.1639049030173,1744.4779791891165,1788.891845703125,459900,0.0,0.0,0.0
2016-04-01 00:00:00+09:00,1823.4358936229785,1823.4358936229785,1764.2174072265625,1764.2174072265625,444535,0.0,0.0,0.0
2016-04-04 00:00:00+09:00,1813.5660105166228,1917.1983539747155,1803.696263520614,1816.033447265625,1808833,0.0,0.0,0.0
2016-04-05 00:00:00+09:00,1845.6427735656578,1890.0566371006603,1816.0335312089894,1880.1868896484375,2291333,0.0,0.0,0.0
2016-04-06 00:00:00+09:00,1882.6543265114933,1944.3402480878856,1855.5125210178805,1880.1868896484375,1925558,0.0,0.0,0.0
2016-04-07 00:00:00+09:00,1899.926444605777,1912.2636293110095,1848.1102688438014,1875.2520751953125,925829,0.0,0.0,0.0
2016-04-08 00:00:00+09:00,1875.2520924461642,1932.003142612298,1828.37079013501,1833.3056640625,1196373,0.0,0.0,0.0
2016-04-11 00:00:00+09:00,1857.9800756449436,1894.9916309366756,1840.708016508802,1870.3172607421875,876179,0.0,0.0,0.0
2016-04-12 00:00:00+09:00,1870.3172793574984,1877.7195904895202,1825.9034125653677,1828.370849609375,569813,0.0,0.0,0.0
2016-04-14 00:00:00+09:00,1853.044998500658,1853.044998500658,1811.0985737676206,1816.033447265625,451204,0.0,0.0,0.0
2016-04-15 00:00:00+09:00,1803.6963944868608,1877.7195023317388,1798.7615206305356,1845.642822265625,523020,0.0,0.0,0.0
2016-04-18 00:00:00+09:00,1853.0451032692026,1882.6543459312938,1830.8381712726343,1848.1102294921875,319687,0.0,0.0,0.0
2016-04-19 00:00:00+09:00,1850.5776331188213,1853.0450699629796,1813.5660804564448,1840.7078857421875,490272,0.0,0.0,0.0
2016-04-20 00:00:00+09:00,1860.4473543738557,1897.4589065165717,1848.1101703262837,1853.0450439453125,862128,0.0,0.0,0.0
2016-04-21 00:00:00+09:00,1865.3823274311267,1892.5241337826378,1850.577705784848,1875.2520751953125,569416,0.0,0.0,0.0
2016-04-22 00:00:00+09:00,1877.7195082829248,2035.6354721858254,1850.5777019871139,1956.677490234375,6190639,0.0,0.0,0.0
2016-04-25 00:00:00+09:00,2020.8307914733887,2144.202634664682,1964.0797436053938,2052.907470703125,6241980,0.0,0.0,0.0
2016-04-26 00:00:00+09:00,2023.2982105574583,2065.2446368738933,1971.4820368724502,2003.5587158203125,2282726,0.0,0.0,0.0
2016-04-27 00:00:00+09:00,2006.026212112992,2043.0377658420139,1973.9495322145062,1998.6239013671875,1280467,0.0,0.0,0.0
2016-04-28 00:00:00+09:00,1983.8193062160326,2033.1680451766304,1976.416995371943,1986.2867431640625,973435,0.0,0.0,0.0
2016-04-29 00:00:00+09:00,1993.6891019595776,2013.4285980185832,1932.0031767751848,1941.8729248046875,662397,0.0,0.0,0.0
2016-05-02 00:00:00+09:00,1951.7425586770526,1959.1448692662198,1880.1868896484375,1880.1868896484375,772786,0.0,0.0,0.0
2016-05-03 00:00:00+09:00,1890.05672169695,1971.4821418222755,1890.05672169695,1954.2100830078125,953279,0.0,0.0,0.0
2016-05-04 00:00:00+09:00,1944.3402024489183,1951.7425128643329,1909.7960871769833,1924.6007080078125,454322,0.0,0.0,0.0
2016-05-09 00:00:00+09:00,1944.3403713256514,1944.3403713256514,1853.045201606046,1870.3172607421875,591548,0.0,0.0,0.0
2016-05-10 00:00:00+09:00,1870.3171421962147,1880.1868896484375,1820.9684049351008,1880.1868896484375,576244,0.0,0.0,0.0
2016-05-11 00:00:00+09:00,1927.068103328948,1929.5355400809697,1867.849621280427,1897.4588623046875,504757,0.0,0.0,0.0
2016-05-12 00:00:00+09:00,1882.6544655370349,1954.2101398497136,1867.849843265446,1939.405517578125,631108,0.0,0.0,0.0
2016-05-13 00:00:00+09:00,1969.0147732475452,2035.6355738461464,1954.2101508923006,1978.884521484375,1969653,0.0,0.0,0.0
2016-05-16 00:00:00+09:00,1998.6239485307174,2001.091385504212,1949.275209060823,1954.2100830078125,647064,0.0,0.0,0.0
2016-05-17 00:00:00+09:00,1998.6240179580345,2023.2983885501092,1959.1450250107155,1978.884521484375,1062172,0.0,0.0,0.0
2016-05-18 00:00:00+09:00,1973.949508471867,1976.4169453574568,1912.2635863321211,1929.53564453125,726649,0.0,0.0,0.0
2016-05-19 00:00:00+09:00,1946.807759550429,1959.1449443384545,1912.2636421439574,1914.7310791015625,466869,0.0,0.0,0.0
2016-05-20 00:00:00+09:00,1917.1984377160536,1964.0797379948244,1907.3286902889438,1951.7425537109375,488011,0.0,0.0,0.0
2016-05-23 00:00:00+09:00,1964.0797155761718,1996.1563943481444,1961.6122787475585,1973.949462890625,522583,0.0,0.0,0.0
2016-05-24 00:00:00+09:00,1986.286733466169,2006.0262289540315,1951.7426163624095,1956.677490234375,573364,0.0,0.0,0.0
2016-05-25 00:00:00+09:00,1983.8192316444174,2112.1259481189322,1932.0030576835559,2033.16796875,3373184,0.0,0.0,0.0
2016-05-26 00:00:00+09:00,2065.24473848703,2072.6470493776646,2003.5588143984091,2025.7657470703125,1001776,0.0,0.0,0.0
2016-05-27 00:00:00+09:00,2033.1681061741126,2035.6355431961686,1981.3519287109375,1981.3519287109375,585226,0.0,0.0,0.0
2016-05-30 00:00:00+09:00,1976.4169222787116,1981.3517959922665,1939.4053694270503,1951.7425537109375,402246,0.0,0.0,0.0
2016-05-31 00:00:00+09:00,1956.677587951508,2013.4286403132794,1956.677587951508,1978.884521484375,594408,0.0,0.0,0.0
2016-06-01 00:00:00+09:00,1981.3519019702874,2008.4937088465927,1956.6775320827371,1993.6890869140625,440154,0.0,0.0,0.0
2016-06-02 00:00:00+09:00,2018.3633667443742,2052.9074830456225,1998.6238717150893,2001.09130859375,985159,0.0,0.0,0.0
2016-06-03 00:00:00+09:00,1991.2214880518166,2047.9725341796875,1954.2099362292922,2047.9725341796875,913769,0.0,0.0,0.0
2016-06-07 00:00:00+09:00,2087.4516743607956,2112.1260440340907,2028.2331871448864,2035.635498046875,1107225,0.0,0.0,0.0
2016-06-08 00:00:00+09:00,2023.2982771670615,2047.9726464008063,1998.6239079333168,2018.3634033203125,442156,0.0,0.0,0.0
2016-06-09 00:00:00+09:00,2013.4284334640222,2045.5051119383263,1973.9494445725707,2006.026123046875,497229,0.0,0.0,0.0
2016-06-10 00:00:00+09:00,2047.9727809549236,2240.432873622977,2040.5704696984599,2057.842529296875,7162487,0.0,0.0,0.0
2016-06-13 00:00:00+09:00,2025.7658066895128,2043.0378659426513,1998.623999291724,2020.8309326171875,889574,0.0,0.0,0.0
2016-06-14 00:00:00+09:00,2015.8960143825245,2087.4516868636665,1998.623955507766,2075.114501953125,1186105,0.0,0.0,0.0
2016-06-15 00:00:00+09:00,2072.64709180622,2117.0609580592104,2047.97272166567,2062.77734375,1092702,0.0,0.0,0.0
2016-06-16 00:00:00+09:00,2062.7772577252636,2065.2446946364184,1976.416965834852,1988.754150390625,926143,0.0,0.0,0.0
2016-06-17 00:00:00+09:00,1998.6238611863464,2010.9610455146571,1929.535628947806,1971.4820556640625,713683,0.0,0.0,0.0
2016-06-20 00:00:00+09:00,1971.4821510125155,1998.6239578474813,1966.5472770425217,1983.8193359375,357977,0.0,0.0,0.0
2016-06-21 00:00:00+09:00,1991.221664952202,1991.221664952202,1934.4706137825603,1941.8729248046875,497946,0.0,0.0,0.0
2016-06-22 00:00:00+09:00,1924.600839325876,1971.4821418222755,1922.1334023523812,1954.2100830078125,280251,0.0,0.0,0.0
2016-06-23 00:00:00+09:00,1959.1448729193864,1959.1448729193864,1867.84970881609,1890.056640625,589345,0.0,0.0,0.0
2016-06-24 00:00:00+09:00,1912.2635759626116,1924.6007603236608,1579.1595982142858,1727.205810546875,1231862,0.0,0.0,0.0
2016-06-27 00:00:00+09:00,1640.8454674566772,1759.282433528738,1640.8454674566772,1742.0103759765625,660652,0.0,0.0,0.0
2016-06-28 00:00:00+09:00,1761.7499921138963,1843.1754119174798,1727.205874621467,1833.3056640625,513488,0.0,0.0,0.0
2016-06-29 00:00:00+09:00,1845.6427665730687,1914.7309984768733,1845.6427665730687,1860.4473876953125,477487,0.0,0.0,0.0
2016-06-30 00:00:00+09:00,1899.926444605777,1909.7961923699631,1850.577705784848,1875.2520751953125,296312,0.0,0.0,0.0
2016-07-01 00:00:00+09:00,1890.0567568977779,1902.393941995022,1870.3172607421875,1870.3172607421875,285615,0.0,0.0,0.0
2016-07-04 00:00:00+09:00,1885.1218828588803,1904.8613790144707,1865.38238670329,1870.3172607421875,244323,0.0,0.0,0.0
2016-07-05 00:00:00+09:00,1870.3171421962147,1914.7310057312172,1865.3822684701033,1880.1868896484375,321182,0.0,0.0,0.0
2016-07-06 00:00:00+09:00,1885.1218131162266,1894.991560828877,1823.4358899121614,1845.642822265625,342268,0.0,0.0,0.0
2016-07-07 00:00:00+09:00,1872.784635029142,1890.056693586723,1853.0451395347636,1865.38232421875,245809,0.0,0.0,0.0
2016-07-08 00:00:00+09:00,1894.9915213178294,1976.416938249455,1894.9915213178294,1909.796142578125,1521978,0.0,0.0,0.0
2016-07-11 00:00:00+09:00,1909.796142578125,1949.2751326055798,1880.1869000575339,1909.796142578125,485254,0.0,0.0,0.0
2016-07-12 00:00:00+09:00,1922.1332597732544,1934.470443725586,1887.589144706726,1894.991455078125,306503,0.0,0.0,0.0
2016-07-13 00:00:00+09:00,1904.8612319966185,1922.1332897996965,1890.0566110225514,1892.5240478515625,330897,0.0,0.0,0.0
2016-07-14 00:00:00+09:00,1909.7961923699631,1909.7961923699631,1870.3172013132196,1875.2520751953125,315181,0.0,0.0,0.0
2016-07-15 00:00:00+09:00,1899.926358338596,1912.263542483652,1877.7194268774956,1892.5240478515625,341363,0.0,0.0,0.0
2016-07-18 00:00:00+09:00,1899.926384552883,1902.3938214159386,1875.252015922326,1880.1868896484375,289143,0.0,0.0,0.0
2016-07-19 00:00:00+09:00,1890.0567000623773,1897.4590108981306,1867.8497675551168,1885.121826171875,216795,0.0,0.0,0.0
2016-07-20 00:00:00+09:00,1885.1218828588803,1894.9916309366756,1867.8498237227388,1870.3172607421875,236794,0.0,0.0,0.0
2016-07-21 00:00:00+09:00,1875.2520052083335,1882.6543157552085,1840.7078893229168,1850.57763671875,368472,0.0,0.0,0.0
2016-07-22 00:00:00+09:00,1850.5776559319877,1855.5125296811398,1806.16379218962,1818.5009765625,391115,0.0,0.0,0.0
2016-07-25 00:00:00+09:00,1818.500942687988,2084.9841201782224,1791.3591375732422,1973.949462890625,8777355,0.0,0.0,0.0
2016-07-26 00:00:00+09:00,1983.819179534912,1991.221489906311,1892.5240182876587,1894.991455078125,1916973,0.0,0.0,0.0
2016-07-27 00:00:00+09:00,1902.3938068461482,1909.7961173786234,1830.8381383655537,1840.7078857421875,1174857,0.0,0.0,0.0
2016-07-28 00:00:00+09:00,1825.9032353371822,1872.7845346228667,1818.500924923653,1843.17529296875,452594,0.0,0.0,0.0
2016-07-29 00:00:00+09:00,1843.1754119174798,1860.4474706636945,1823.4359162075202,1833.3056640625,502747,0.0,0.0,0.0
2016-08-01 00:00:00+09:00,1833.3056343652868,1853.0451297554919,1830.8381974415113,1835.7730712890625,272544,0.0,0.0,0.0
2016-08-02 00:00:00+09:00,1855.512506807138,1857.9799436512965,1830.8381383655537,1840.7078857421875,267646,0.0,0.0,0.0
2016-08-03 00:00:00+09:00,1840.7078447199192,1843.175281509088,1781.4893617798682,1813.5660400390625,420074,0.0,0.0,0.0
2016-08-04 00:00:00+09:00,1828.3707085971175,1993.6889777955073,1818.5009611822882,1860.4473876953125,3319292,0.0,0.0,0.0
2016-08-05 00:00:00+09:00,1875.2520751953125,1904.8613184878702,1860.4474535490338,1875.2520751953125,781036,0.0,0.0,0.0
2016-08-08 00:00:00+09:00,1887.589219708309,1904.8612779278621,1845.64279260368,1848.1102294921875,424691,0.0,0.0,0.0
2016-08-09 00:00:00+09:00,1833.3056440403852,1867.8497611555474,1833.3056440403852,1865.38232421875,305608,0.0,0.0,0.0
2016-08-10 00:00:00+09:00,1867.849605322201,1892.523972631609,1853.044984936556,1857.9798583984375,318191,0.0,0.0,0.0
2016-08-11 00:00:00+09:00,1865.3823306098657,1887.5892631171262,1850.577708938359,1885.121826171875,342738,0.0,0.0,0.0
2016-08-12 00:00:00+09:00,1892.5240979158425,1961.612330955795,1882.6543503387063,1949.275146484375,1560578,0.0,0.0,0.0
2016-08-16 00:00:00+09:00,1949.2751361287958,1949.2751361287958,1914.7310197923362,1919.6658935546875,612752,0.0,0.0,0.0
2016-08-17 00:00:00+09:00,1912.263561623166,1917.1984353305807,1825.9032717434102,1860.4473876953125,517340,0.0,0.0,0.0
2016-08-18 00:00:00+09:00,1867.8497053331591,1885.121763374549,1850.5776472917692,1880.1868896484375,292432,0.0,0.0,0.0
2016-08-19 00:00:00+09:00,1870.3172013132196,1907.3287554289166,1867.8497643721732,1875.2520751953125,335664,0.0,0.0,0.0
2016-08-22 00:00:00+09:00,1890.0566635232622,1929.5356538840613,1865.3822945477625,1867.8497314453125,573293,0.0,0.0,0.0
2016-08-23 00:00:00+09:00,1907.328782562862,1907.328782562862,1862.9149169921875,1862.9149169921875,273008,0.0,0.0,0.0
2016-08-24 00:00:00+09:00,1865.3822877117407,1872.7845983772634,1838.240481938157,1848.1102294921875,248776,0.0,0.0,0.0
2016-08-25 00:00:00+09:00,1845.642752133088,1872.7845573115155,1820.9683837890625,1820.9683837890625,388340,0.0,0.0,0.0
2016-08-26 00:00:00+09:00,1835.7729412576425,1843.1752515046492,1806.1637002696161,1816.033447265625,201013,0.0,0.0,0.0
2016-08-29 00:00:00+09:00,1811.0987488297392,1870.3172365298942,1774.0871940171423,1791.3592529296875,335953,0.0,0.0,0.0
2016-08-30 00:00:00+09:00,1779.0220416234718,1843.1754023477579,1776.5546046725376,1803.6964111328125,303491,0.0,0.0,0.0
2016-08-31 00:00:00+09:00,1783.9568534191744,1820.968406394676,1781.4894165541411,1798.761474609375,218522,0.0,0.0,0.0
2016-09-01 00:00:00+09:00,1791.359232612166,1835.773097883542,1786.424358693124,1823.4359130859375,241596,0.0,0.0,0.0
2016-09-02 00:00:00+09:00,1840.7079451366137,1850.5776928317161,1818.5010128226331,1835.7730712890625,211957,0.0,0.0,0.0
2016-09-05 00:00:00+09:00,1838.2405082128382,1860.4474405268188,1830.8381974415113,1835.7730712890625,223435,0.0,0.0,0.0
2016-09-06 00:00:00+09:00,1845.6428156672298,1850.5776895059123,1813.566135715794,1825.9033203125,191840,0.0,0.0,0.0
2016-09-07 00:00:00+09:00,1833.3056513013669,1848.1102729807858,1791.35922320968,1793.82666015625,289666,0.0,0.0,0.0
2016-09-08 00:00:00+09:00,1796.2940306432038,1813.5660886301578,1774.0870989456917,1779.02197265625,245009,0.0,0.0,0.0
2016-09-09 00:00:00+09:00,1779.0220023261177,1793.8266237046985,1746.9453226725261,1776.5545654296875,215760,0.0,0.0,0.0
2016-09-12 00:00:00+09:00,1746.9452159550588,1761.7498364292542,1687.726734058277,1734.6080322265625,210478,0.0,0.0,0.0
2016-09-13 00:00:00+09:00,1737.075546116505,1788.8917200773665,1737.075546116505,1779.02197265625,168628,0.0,0.0,0.0
2016-09-19 00:00:00+09:00,1801.2289677747883,1801.2289677747883,1766.684850584587,1783.9569091796875,147307,0.0,0.0,0.0
2016-09-20 00:00:00+09:00,1783.956824064908,1808.6311923092358,1776.5545135916095,1801.2288818359375,158496,0.0,0.0,0.0
2016-09-21 00:00:00+09:00,1820.9683801302792,1820.9683801302792,1796.294011835831,1811.0986328125,191020,0.0,0.0,0.0
2016-09-22 00:00:00+09:00,1825.9032836747526,1825.9032836747526,1803.696351846276,1808.6312255859375,173679,0.0,0.0,0.0
2016-09-23 00:00:00+09:00,1825.9033500454584,1825.9033500454584,1798.7615434907286,1823.4359130859375,142392,0.0,0.0,0.0
2016-09-26 00:00:00+09:00,1825.9032574578675,1828.3706942922702,1803.696325948245,1820.9683837890625,165305,0.0,0.0,0.0
2016-09-27 00:00:00+09:00,1808.63119961705,1823.4358206234651,1796.2940154450373,1820.9683837890625,167571,0.0,0.0,0.0
2016-09-28 00:00:00+09:00,1838.2404680239065,1838.2404680239065,1801.2289149764454,1808.6312255859375,173744,0.0,0.0,0.0
2016-09-29 00:00:00+09:00,1818.5008707033844,1865.38216859126,1806.1636870486805,1857.9798583984375,451113,0.0,0.0,0.0
2016-09-30 00:00:00+09:00,1857.9799363051004,1857.9799363051004,1816.0335101202575,1820.9683837890625,244408,0.0,0.0,0.0
2016-10-04 00:00:00+09:00,1838.240478515625,1855.5125367030203,1816.0335465604028,1838.240478515625,229869,0.0,0.0,0.0
2016-10-05 00:00:00+09:00,1855.5125764715608,1890.056693586723,1848.110265661169,1865.38232421875,504879,0.0,0.0,0.0
2016-10-06 00:00:00+09:00,1880.186882524971,1880.186882524971,1860.4473876953125,1860.4473876953125,199397,0.0,0.0,0.0
2016-10-07 00:00:00+09:00,1862.914850823233,1919.6658992589078,1848.1102294921875,1848.1102294921875,416309,0.0,0.0,0.0
2016-10-10 00:00:00+09:00,1833.3055752097123,1885.1217489370392,1833.3055752097123,1840.7078857421875,137933,0.0,0.0,0.0
2016-10-11 00:00:00+09:00,1840.7079484092997,1865.3823176909257,1835.7730745529745,1845.642822265625,221179,0.0,0.0,0.0
2016-10-12 00:00:00+09:00,1843.1753367026022,1897.4589476898273,1835.773026113435,1880.1868896484375,506926,0.0,0.0,0.0
2016-10-13 00:00:00+09:00,1899.926444605777,1909.7961923699631,1867.8497643721732,1875.2520751953125,316049,0.0,0.0,0.0
2016-10-14 00:00:00+09:00,1870.3172013132196,1902.3938815468236,1862.9148904900803,1875.2520751953125,301983,0.0,0.0,0.0
2016-10-17 00:00:00+09:00,1890.0567476497977,1959.1449838563176,1880.1869996202947,1941.8729248046875,1649375,0.0,0.0,0.0
2016-10-18 00:00:00+09:00,1941.8729158266128,1954.2101008064517,1907.3287978830645,1912.263671875,578347,0.0,0.0,0.0
2016-10-19 00:00:00+09:00,1924.6007835598718,1936.937968069871,1860.447424107876,1877.719482421875,543654,0.0,0.0,0.0
2016-10-20 00:00:00+09:00,1875.2520620694725,1892.5241205359018,1828.3707605177356,1835.7730712890625,349232,0.0,0.0,0.0
2016-10-21 00:00:00+09:00,1825.903313641991,1843.1753720142801,1806.163818359375,1806.163818359375,332258,0.0,0.0,0.0
2016-10-24 00:00:00+09:00,1820.968413437076,1835.773034684532,1803.696355315044,1818.5009765625,218321,0.0,0.0,0.0
2016-10-25 00:00:00+09:00,1818.5008979553309,1828.3706450270015,1774.0870361328125,1774.0870361328125,384347,0.0,0.0,0.0
2016-10-26 00:00:00+09:00,1764.2173515245752,1791.3591569326456,1685.2593721556432,1779.02197265625,565285,0.0,0.0,0.0
2016-10-27 00:00:00+09:00,1779.0220057029092,1798.761500911818,1756.8150735928866,1786.42431640625,152308,0.0,0.0,0.0
2016-10-28 00:00:00+09:00,1801.2289915966387,1801.2289915966387,1737.0756302521008,1761.75,156987,0.0,0.0,0.0
2016-10-31 00:00:00+09:00,1746.9454538259768,1764.2175133977025,1700.0641492741497,1704.9990234375,201363,0.0,0.0,0.0
2016-11-01 00:00:00+09:00,1687.7267807737664,1727.205769797714,1677.8570335177794,1700.06396484375,208862,0.0,0.0,0.0
2016-11-02 00:00:00+09:00,1682.7919069615807,1700.0639646576672,1613.7036761772342,1618.6385498046875,317841,0.0,0.0,0.0
2016-11-03 00:00:00+09:00,1596.4316868137669,1648.2478621199325,1581.6270652977196,1643.31298828125,217549,0.0,0.0,0.0
2016-11-04 00:00:00+09:00,1623.5733642578125,1643.312858048181,1616.1710540864242,1623.5733642578125,159406,0.0,0.0,0.0
2016-11-07 00:00:00+09:00,1640.8455902505307,1675.3897079400156,1628.508405361429,1670.454833984375,120458,0.0,0.0,0.0
2016-11-08 00:00:00+09:00,1685.2593994140625,1707.4663314707632,1675.3896518333067,1685.2593994140625,112003,0.0,0.0,0.0
2016-11-09 00:00:00+09:00,1687.7267605763561,1695.1290709297612,1497.7341281722927,1569.289794921875,582570,0.0,0.0,0.0
2016-11-10 00:00:00+09:00,1593.964236778846,1635.9106640625,1576.692178485577,1603.833984375,262671,0.0,0.0,0.0
2016-11-11 00:00:00+09:00,1586.561874852036,1601.366495768229,1547.0828857421875,1547.0828857421875,304120,0.0,0.0,0.0
2016-11-14 00:00:00+09:00,1547.0829901843338,1593.9642929171923,1547.0829901843338,1589.0294189453125,168655,0.0,0.0,0.0
2016-11-15 00:00:00+09:00,1608.7689148328318,1626.0409737344114,1566.822486071853,1589.0294189453125,178430,0.0,0.0,0.0
2016-11-16 00:00:00+09:00,1613.703672444162,1623.5734196762364,1584.094430747939,1608.768798828125,159618,0.0,0.0,0.0
2016-11-17 00:00:00+09:00,1618.6384908102204,1633.4431111529968,1586.5618134008714,1623.5733642578125,179335,0.0,0.0,0.0
2016-11-18 00:00:00+09:00,1623.573347525433,1630.9756576205339,1579.1594869548285,1584.0943603515625,130932,0.0,0.0,0.0
2016-11-21 00:00:00+09:00,1569.2898739432367,1584.0944953955313,1529.8108834037841,1532.2783203125,186881,0.0,0.0,0.0
2016-11-22 00:00:00+09:00,1537.2132072029533,1593.964256586048,1529.810896413854,1571.75732421875,177271,0.0,0.0,0.0
2016-11-23 00:00:00+09:00,1564.3550304782007,1601.3665848270539,1527.3434761293472,1529.8109130859375,116069,0.0,0.0,0.0
2016-11-24 00:00:00+09:00,1519.9412410359087,1534.7458635135313,1465.6576252846262,1473.0599365234375,265772,0.0,0.0,0.0
2016-11-25 00:00:00+09:00,1460.7226467534442,1522.4085693359375,1460.7226467534442,1522.4085693359375,149874,0.0,0.0,0.0
2016-11-28 00:00:00+09:00,1505.1366291388408,1519.9412517205342,1482.9296952663005,1512.5389404296875,147060,0.0,0.0,0.0
2016-11-29 00:00:00+09:00,1512.5388808831935,1527.3435028820502,1480.4621998856708,1517.4737548828125,105856,0.0,0.0,0.0
2016-11-30 00:00:00+09:00,1505.1366291388408,1524.8761259144321,1487.8645694601983,1512.5389404296875,91947,0.0,0.0,0.0
2016-12-01 00:00:00+09:00,1515.0063775266365,1564.3551194656147,1480.4622581693516,1512.5389404296875,232436,0.0,0.0,0.0
2016-12-02 00:00:00+09:00,1500.2016304905583,1512.5388149518294,1490.3318829215416,1502.6690673828125,86497,0.0,0.0,0.0
2016-12-05 00:00:00+09:00,1487.8644689941405,1502.6690905761718,1470.5924104817707,1480.462158203125,123025,0.0,0.0,0.0
2016-12-06 00:00:00+09:00,1485.39697265625,1497.7341568145246,1480.4620989929401,1485.39697265625,85236,0.0,0.0,0.0
2016-12-07 00:00:00+09:00,1485.397032063802,1502.6690905761718,1470.5924104817707,1480.462158203125,80415,0.0,0.0,0.0
2016-12-08 00:00:00+09:00,1480.4622581693516,1517.4738146235854,1480.4622581693516,1512.5389404296875,109110,0.0,0.0,0.0
2016-12-09 00:00:00+09:00,1495.2666802039514,1544.6154155242139,1495.2666802039514,1539.6805419921875,121565,0.0,0.0,0.0
2016-12-12 00:00:00+09:00,1554.4851328124998,1556.95256953125,1529.810765625,1542.14794921875,106718,0.0,0.0,0.0
2016-12-13 00:00:00+09:00,1542.1480229576243,1579.1595755086073,1532.2782756106956,1576.692138671875,138132,0.0,0.0,0.0
2016-12-14 00:00:00+09:00,1581.6271376543061,1606.3015079765262,1574.22482655764,1586.56201171875,154997,0.0,0.0,0.0
2016-12-15 00:00:00+09:00,1586.5620228328908,1633.4433267735205,1579.1597116843702,1626.041015625,369196,0.0,0.0,0.0
2016-12-16 00:00:00+09:00,1626.0408602458674,1630.975733873321,1593.964181667421,1618.6385498046875,152026,0.0,0.0,0.0
2016-12-19 00:00:00+09:00,1633.4431706870475,1633.4431706870475,1598.8990552948742,1618.6385498046875,103178,0.0,0.0,0.0
2016-12-20 00:00:00+09:00,1598.89919687986,1623.57356720208,1579.159700622084,1586.56201171875,173871,0.0,0.0,0.0
2016-12-21 00:00:00+09:00,1586.56201171875,1596.431759847638,1581.6271376543061,1586.56201171875,77748,0.0,0.0,0.0
2016-12-22 00:00:00+09:00,1593.964192836491,1593.964192836491,1566.8223876953125,1566.8223876953125,86594,0.0,0.0,0.0
2016-12-23 00:00:00+09:00,1559.4199933678933,1586.5617970499293,1559.4199933678933,1584.0943603515625,100742,0.0,0.0,0.0
2016-12-26 00:00:00+09:00,1579.1595458984375,1608.7687873840332,1576.6921091079712,1579.1595458984375,145117,0.0,0.0,0.0
2016-12-27 00:00:00+09:00,1579.1596739969134,1598.899169921875,1576.6922370062932,1598.899169921875,118885,0.0,0.0,0.0
2016-12-28 00:00:00+09:00,2160.408955484399,2173.744813234303,2140.4051688595437,2163.742919921875,109061,842.1053,0.0,0.0
2016-12-29 00:00:00+09:00,2147.0729356096863,2180.412577466979,2137.071043052498,2177.07861328125,87659,0.0,0.0,0.0
2017-01-02 00:00:00+09:00,2150.4070379083805,2207.084432705966,2150.4070379083805,2200.41650390625,213435,0.0,0.0,0.0
2017-01-03 00:00:00+09:00,2217.0862855302526,2217.0862855302526,2167.076820443104,2193.74853515625,218241,0.0,0.0,0.0
2017-01-04 00:00:00+09:00,2213.75227767122,2253.759848954435,2203.750384850416,2227.088134765625,303445,0.0,0.0,0.0
2017-01-05 00:00:00+09:00,2227.088134765625,2267.0957060488395,2207.0843491240175,2227.088134765625,240048,0.0,0.0,0.0
2017-01-06 00:00:00+09:00,2253.759869266162,2253.759869266162,2207.0843690150878,2230.422119140625,165159,0.0,0.0,0.0
2017-01-09 00:00:00+09:00,2240.424117258308,2263.7618684797485,2193.7486148154267,2207.08447265625,134922,0.0,0.0,0.0
2017-01-10 00:00:00+09:00,2197.082418739249,2217.0862040388474,2167.076740789851,2180.41259765625,142916,0.0,0.0,0.0
2017-01-11 00:00:00+09:00,2180.412577466979,2207.0842909528137,2170.410684909791,2177.07861328125,163025,0.0,0.0,0.0
2017-01-12 00:00:00+09:00,2193.74853515625,2200.4164638345364,2173.7447491213907,2193.74853515625,114597,0.0,0.0,0.0
2017-01-13 00:00:00+09:00,2197.0826188052993,2230.4222640072007,2197.0826188052993,2213.75244140625,162734,0.0,0.0,0.0
2017-01-16 00:00:00+09:00,2220.420376455857,2220.420376455857,2173.744873046875,2173.744873046875,102229,0.0,0.0,0.0
2017-01-17 00:00:00+09:00,2153.7410517486287,2170.410874130584,2117.0674425083266,2127.0693359375,162392,0.0,0.0,0.0
2017-01-18 00:00:00+09:00,2130.403340148926,2160.4090209960937,2120.4014465332034,2133.7373046875,110865,0.0,0.0,0.0
2017-01-19 00:00:00+09:00,2150.4070872722373,2153.7410517486287,2113.7334780319356,2127.0693359375,79954,0.0,0.0,0.0
2017-01-20 00:00:00+09:00,2127.0691747271826,2127.0691747271826,2070.3917829241072,2100.3974609375,91123,0.0,0.0,0.0
2017-01-23 00:00:00+09:00,2100.39765148628,2100.39765148628,2050.38818359375,2050.38818359375,87447,0.0,0.0,0.0
2017-01-24 00:00:00+09:00,2040.3861299165978,2073.725772562294,2013.714415800041,2023.71630859375,92773,0.0,0.0,0.0
2017-01-25 00:00:00+09:00,2023.7163907137783,2050.388105912642,2000.3786399147725,2017.0484619140625,144375,0.0,0.0,0.0
2017-01-26 00:00:00+09:00,2000.3786180840164,2060.3899766265367,2000.3786180840164,2033.71826171875,98396,0.0,0.0,0.0
2017-01-31 00:00:00+09:00,2033.7183040203433,2043.7201973188041,1990.3767663936803,2020.3824462890625,134549,0.0,0.0,0.0
2017-02-01 00:00:00+09:00,2040.3861271329768,2067.0578412131463,2023.7163058328708,2063.723876953125,126038,0.0,0.0,0.0
2017-02-02 00:00:00+09:00,2063.723920649887,2080.3937423029556,2010.380491360068,2030.38427734375,106842,0.0,0.0,0.0
2017-02-03 00:00:00+09:00,2030.384299372995,2047.0541212069277,2010.3805131722759,2013.7144775390625,64384,0.0,0.0,0.0
2017-02-06 00:00:00+09:00,2037.052185861688,2040.386150159334,2013.7144357781663,2027.05029296875,77059,0.0,0.0,0.0
2017-02-07 00:00:00+09:00,2020.3823659903187,2033.718223191575,2007.0465087890625,2007.0465087890625,144582,0.0,0.0,0.0
2017-02-08 00:00:00+09:00,2010.3805529906017,2033.7183040203433,2007.0465885577814,2020.3824462890625,85023,0.0,0.0,0.0
2017-02-09 00:00:00+09:00,2043.720131104695,2097.063560301555,2013.7144521814612,2070.391845703125,347084,0.0,0.0,0.0
2017-02-10 00:00:00+09:00,2070.391869716957,2070.391869716957,2033.71826171875,2033.71826171875,202996,0.0,0.0,0.0
2017-02-13 00:00:00+09:00,2040.3862453125,2097.063641015625,2033.71831640625,2083.727783203125,162825,0.0,0.0,0.0
2017-02-14 00:00:00+09:00,2100.3974609375,2133.737103174603,2090.395568266369,2100.3974609375,160679,0.0,0.0,0.0
2017-02-15 00:00:00+09:00,2113.7334383598663,2133.7372248427673,2100.397580704599,2120.4013671875,98724,0.0,0.0,0.0
2017-02-16 00:00:00+09:00,2143.739013671875,2157.07487067761,2113.7333354089715,2143.739013671875,154712,0.0,0.0,0.0
2017-02-17 00:00:00+09:00,2147.072977923309,2160.4088349290437,2133.737120917574,2143.739013671875,79439,0.0,0.0,0.0
2017-02-20 00:00:00+09:00,2167.0768689809356,2167.0768689809356,2110.3994739460495,2120.4013671875,80122,0.0,0.0,0.0
2017-02-21 00:00:00+09:00,2113.733374969719,2157.07491104954,2100.3975177143893,2150.406982421875,147039,0.0,0.0,0.0
2017-02-22 00:00:00+09:00,2150.4070872722373,2157.0750162250197,2120.401406984718,2127.0693359375,57823,0.0,0.0,0.0
2017-02-23 00:00:00+09:00,2123.735311577264,2163.7428841658466,2090.3956677534447,2117.0673828125,175925,0.0,0.0,0.0
2017-02-24 00:00:00+09:00,2120.4014465332034,2133.7373046875,2073.725942993164,2133.7373046875,187390,0.0,0.0,0.0
2017-02-27 00:00:00+09:00,2110.399498828125,2110.399498828125,2080.3938187500003,2083.727783203125,117316,0.0,0.0,0.0
2017-02-28 00:00:00+09:00,2083.727822919782,2113.7335035698266,2063.724035819752,2090.395751953125,76059,0.0,0.0,0.0
2017-03-02 00:00:00+09:00,2090.3955706253796,2110.3993559902156,2060.389892578125,2060.389892578125,148558,0.0,0.0,0.0
2017-03-03 00:00:00+09:00,2060.3899563192736,2083.7277066335696,2013.7144556906817,2030.38427734375,131581,0.0,0.0,0.0
2017-03-06 00:00:00+09:00,2013.714515037786,2040.38623046875,2007.046586180045,2040.38623046875,79386,0.0,0.0,0.0
2017-03-07 00:00:00+09:00,2033.7181787583436,2063.7238568055977,2020.3823218484529,2060.389892578125,76197,0.0,0.0,0.0
2017-03-08 00:00:00+09:00,2053.7221481199185,2063.7240416984246,2030.3843964367377,2050.38818359375,78088,0.0,0.0,0.0
2017-03-09 00:00:00+09:00,2050.3881237553614,2057.0560526131026,2033.718301611009,2040.38623046875,65933,0.0,0.0,0.0
2017-03-10 00:00:00+09:00,2053.721923828125,2057.0558879901837,2007.046425559304,2053.721923828125,100434,0.0,0.0,0.0
2017-03-13 00:00:00+09:00,2047.0542132363937,2100.39764550314,2040.3862842030503,2090.395751953125,126905,0.0,0.0,0.0
2017-03-14 00:00:00+09:00,2093.7295324900792,2107.0653893849208,2077.0597113715276,2100.3974609375,96247,0.0,0.0,0.0
2017-03-15 00:00:00+09:00,2113.7333984375,2120.4013271391955,2083.7277192798697,2113.7333984375,101568,0.0,0.0,0.0
2017-03-16 00:00:00+09:00,2120.401426789906,2150.407107357688,2113.7334977748437,2130.4033203125,168112,0.0,0.0,0.0
2017-03-17 00:00:00+09:00,2137.0711251665457,2153.7409467357074,2123.735267911216,2150.406982421875,98815,0.0,0.0,0.0
2017-03-20 00:00:00+09:00,2167.076950073242,2167.076950073242,2127.0693756103515,2133.7373046875,103313,0.0,0.0,0.0
2017-03-21 00:00:00+09:00,2123.735271339356,2150.406985893069,2100.397521104858,2110.3994140625,93065,0.0,0.0,0.0
2017-03-22 00:00:00+09:00,2110.399454047736,2140.4051334891733,2100.3975609005906,2117.0673828125,115371,0.0,0.0,0.0
2017-03-23 00:00:00+09:00,2130.403203549592,2147.073025173611,2033.7182381302837,2070.391845703125,151755,0.0,0.0,0.0
2017-03-24 00:00:00+09:00,2063.7239370070088,2090.395651863319,2050.3880795788536,2073.725830078125,44414,0.0,0.0,0.0
2017-03-27 00:00:00+09:00,2073.72588984375,2100.39760546875,2067.0579609375,2083.727783203125,81707,0.0,0.0,0.0
2017-03-28 00:00:00+09:00,2067.0579609375,2097.063641015625,2060.39003203125,2083.727783203125,102485,0.0,0.0,0.0
2017-03-29 00:00:00+09:00,2093.729604981953,2203.7504281736797,2093.729604981953,2193.74853515625,505015,0.0,0.0,0.0
2017-03-30 00:00:00+09:00,2200.4165489783654,2200.4165489783654,2160.4089753605767,2167.076904296875,255879,0.0,0.0,0.0
2017-03-31 00:00:00+09:00,2187.080725244729,2223.7543349668204,2167.076938123588,2213.75244140625,209605,0.0,0.0,0.0
2017-04-03 00:00:00+09:00,2213.7522375891517,2243.7579155082817,2197.0824165229683,2220.420166015625,203490,0.0,0.0,0.0
2017-04-04 00:00:00+09:00,2233.7562141477056,2233.7562141477056,2170.410888671875,2170.410888671875,145692,0.0,0.0,0.0
2017-04-05 00:00:00+09:00,2163.742754713933,2220.4201458235434,2160.4087905310153,2217.086181640625,178987,0.0,0.0,0.0
2017-04-06 00:00:00+09:00,2217.0863259055395,2223.7542547052553,2193.7485751065337,2200.41650390625,131514,0.0,0.0,0.0
2017-04-07 00:00:00+09:00,2200.41650390625,2220.4202903053974,2173.7447887073863,2200.41650390625,127360,0.0,0.0,0.0
2017-04-10 00:00:00+09:00,2203.7504567544293,2203.7504567544293,2093.7296321358267,2117.0673828125,235130,0.0,0.0,0.0
2017-04-11 00:00:00+09:00,2087.061645334663,2653.8355745789004,2087.061645334663,2350.44482421875,8506444,0.0,0.0,0.0
2017-04-12 00:00:00+09:00,2450.4638924783108,2683.8414060476734,2357.1128870505654,2413.790283203125,13042419,0.0,0.0,0.0
2017-04-13 00:00:00+09:00,2393.786298355146,2447.129725616542,2300.435300647703,2340.44287109375,2467674,0.0,0.0,0.0
2017-04-14 00:00:00+09:00,2333.7750960600856,2423.792135479546,2227.08823452591,2243.758056640625,3178292,0.0,0.0,0.0
2017-04-17 00:00:00+09:00,2403.7884008789065,2507.1413002232143,2313.771359514509,2333.775146484375,4472990,0.0,0.0,0.0
2017-04-18 00:00:00+09:00,2340.4430811682414,2353.778939180596,2273.763791106468,2293.767578125,1163310,0.0,0.0,0.0
2017-04-19 00:00:00+09:00,2290.433390004195,2317.1051034249135,2257.093748228297,2297.101318359375,887362,0.0,0.0,0.0
2017-04-20 00:00:00+09:00,2280.4316167378597,2393.7864047043618,2260.427830626124,2317.105224609375,1884599,0.0,0.0,0.0
2017-04-21 00:00:00+09:00,2317.105269160584,2343.7769844890513,2277.0976961678834,2283.765625,516815,0.0,0.0,0.0
2017-04-24 00:00:00+09:00,2273.7637618603662,2297.101513081807,2203.750508196044,2207.08447265625,513238,0.0,0.0,0.0
2017-04-25 00:00:00+09:00,2227.0882687409025,2310.437380594978,2207.0844818959245,2290.43359375,570712,0.0,0.0,0.0
2017-04-26 00:00:00+09:00,2300.4352825369647,2327.106995957683,2270.429604938656,2297.101318359375,448644,0.0,0.0,0.0
2017-04-27 00:00:00+09:00,2303.7693304882528,2307.103294787078,2260.4277946035245,2270.4296875,231813,0.0,0.0,0.0
2017-04-28 00:00:00+09:00,2270.429751804897,2300.4354313441686,2213.7523571196057,2240.424072265625,293277,0.0,0.0,0.0
2017-05-02 00:00:00+09:00,2240.4240522540986,2263.7618027984117,2213.7523373463114,2237.090087890625,273930,0.0,0.0,0.0
2017-05-04 00:00:00+09:00,2220.420281661184,2290.433533785636,2217.0863172743057,2280.431640625,322227,0.0,0.0,0.0
2017-05-08 00:00:00+09:00,2277.0975959329044,2290.43345301011,2247.0919175091913,2267.095703125,324788,0.0,0.0,0.0
2017-05-10 00:00:00+09:00,2283.7656499936247,2283.7656499936247,2233.756183205443,2247.092041015625,199793,0.0,0.0,0.0
2017-05-11 00:00:00+09:00,2260.42781456195,2293.7674578445744,2247.0919572489,2273.763671875,317649,0.0,0.0,0.0
2017-05-12 00:00:00+09:00,2283.7656007964033,2320.439208984375,2243.758028227707,2320.439208984375,543639,0.0,0.0,0.0
2017-05-15 00:00:00+09:00,2313.7711410635156,2313.7711410635156,2257.09375,2257.09375,310950,0.0,0.0,0.0
2017-05-16 00:00:00+09:00,2267.0958621002906,2297.1015426280887,2253.760004087936,2293.767578125,321855,0.0,0.0,0.0
2017-05-17 00:00:00+09:00,2310.43721810567,2310.43721810567,2253.759826030928,2263.76171875,239214,0.0,0.0,0.0
2017-05-18 00:00:00+09:00,2233.75614347912,2260.4278586251394,2197.0825351533435,2240.424072265625,229187,0.0,0.0,0.0
2017-05-19 00:00:00+09:00,2237.0900247012864,2297.101381548713,2237.0900247012864,2267.095703125,222765,0.0,0.0,0.0
2017-05-22 00:00:00+09:00,2260.42787875534,2283.765629715941,2237.090127794739,2243.758056640625,217467,0.0,0.0,0.0
2017-05-23 00:00:00+09:00,2243.7579763552176,2267.095726480755,2230.422119140625,2230.422119140625,185092,0.0,0.0,0.0
2017-05-24 00:00:00+09:00,2233.7560228685716,2260.427736574465,2220.420166015625,2220.420166015625,145318,0.0,0.0,0.0
2017-05-25 00:00:00+09:00,2213.7523373463114,2253.759909707992,2213.7523373463114,2237.090087890625,168963,0.0,0.0,0.0
2017-05-26 00:00:00+09:00,2230.4222138073983,2287.099609375,2227.088249362245,2287.099609375,230012,0.0,0.0,0.0
2017-05-29 00:00:00+09:00,2300.4353458180144,2300.4353458180144,2240.423988970588,2267.095703125,317166,0.0,0.0,0.0
2017-05-30 00:00:00+09:00,2233.75609993585,2283.7655648597874,2230.4221356075877,2273.763671875,218699,0.0,0.0,0.0
2017-05-31 00:00:00+09:00,2277.097598869643,2287.099491690447,2220.420206218422,2227.088134765625,260538,0.0,0.0,0.0
2017-06-01 00:00:00+09:00,2237.090167462384,2257.093954354745,2220.420345052083,2250.426025390625,219718,0.0,0.0,0.0
2017-06-02 00:00:00+09:00,2243.7579504465093,2317.1051642798275,2227.088129120755,2307.103271484375,1108179,0.0,0.0,0.0
2017-06-05 00:00:00+09:00,2320.4391285449783,2350.4448069313357,2273.7636288328667,2307.103271484375,636741,0.0,0.0,0.0
2017-06-07 00:00:00+09:00,2290.4335492652663,2353.7788730440725,2290.4335492652663,2323.773193359375,542213,0.0,0.0,0.0
2017-06-08 00:00:00+09:00,2367.1146254106,2453.797696200284,2347.11083984375,2347.11083984375,2790434,0.0,0.0,0.0
2017-06-09 00:00:00+09:00,2347.110859929078,2363.7806813774378,2300.43535987367,2350.44482421875,599822,0.0,0.0,0.0
2017-06-12 00:00:00+09:00,2377.116518194025,2400.454268022017,2340.4429113214665,2347.11083984375,499069,0.0,0.0,0.0
2017-06-13 00:00:00+09:00,2347.1108765668528,2410.456198519651,2343.7769122535474,2393.786376953125,579643,0.0,0.0,0.0
2017-06-14 00:00:00+09:00,2420.458172150926,2447.1298875465286,2383.784563481973,2407.122314453125,609806,0.0,0.0,0.0
2017-06-15 00:00:00+09:00,2433.7940052651775,2443.7958984375,2380.45057501279,2443.7958984375,721096,0.0,0.0,0.0
2017-06-16 00:00:00+09:00,2443.795972429385,2563.818694131238,2427.1261499707944,2497.139404296875,3219543,0.0,0.0,0.0
2017-06-19 00:00:00+09:00,2503.807232928533,2523.8110190770963,2443.795874482842,2480.469482421875,673131,0.0,0.0,0.0
2017-06-20 00:00:00+09:00,2500.473323338468,2507.1412522007045,2343.7769950759243,2367.11474609375,845986,0.0,0.0,0.0
2017-06-21 00:00:00+09:00,2363.780717916051,2417.1241473753694,2337.1090031863914,2397.120361328125,432577,0.0,0.0,0.0
2017-06-22 00:00:00+09:00,2400.454450823983,2433.794095974316,2367.1148056736497,2377.11669921875,425585,0.0,0.0,0.0
2017-06-23 00:00:00+09:00,2380.4506238462554,2410.4563039787713,2367.1147660095817,2370.44873046875,231502,0.0,0.0,0.0
2017-06-26 00:00:00+09:00,2373.782630750868,2447.1298468695745,2353.7788445366755,2400.454345703125,543940,0.0,0.0,0.0
2017-06-27 00:00:00+09:00,2423.7919740650163,2430.459902466846,2360.4466542476366,2380.450439453125,307907,0.0,0.0,0.0
2017-06-28 00:00:00+09:00,2380.450441539797,2393.786298355146,2340.44287109375,2340.44287109375,371183,0.0,0.0,0.0
2017-06-29 00:00:00+09:00,2340.44289123622,2353.778748166341,2310.437213143448,2343.77685546875,281542,0.0,0.0,0.0
2017-06-30 00:00:00+09:00,2330.4410979707363,2363.7807417185295,2317.1052404716193,2360.44677734375,153633,0.0,0.0,0.0
2017-07-03 00:00:00+09:00,2380.4505594889324,2443.7958825005426,2377.1165951199,2400.454345703125,617762,0.0,0.0,0.0
2017-07-04 00:00:00+09:00,2413.790207340219,2433.793993588895,2337.109026720295,2360.44677734375,387813,0.0,0.0,0.0
2017-07-05 00:00:00+09:00,2377.1166300344858,2453.7978116485015,2370.4487011984843,2447.1298828125,828256,0.0,0.0,0.0
2017-07-06 00:00:00+09:00,2447.129802547089,2453.7977311643835,2420.458088077911,2433.7939453125,317313,0.0,0.0,0.0
2017-07-07 00:00:00+09:00,2433.7939252186216,2453.79771090535,2413.790139531893,2430.4599609375,391398,0.0,0.0,0.0
2017-07-10 00:00:00+09:00,2430.4601199436056,2460.4658004367366,2417.124261946659,2457.1318359375,365324,0.0,0.0,0.0
2017-07-11 00:00:00+09:00,2460.46557421875,2527.144858072917,2450.463681640625,2500.47314453125,946934,0.0,0.0,0.0
2017-07-12 00:00:00+09:00,2507.1412013319673,2523.8110231493342,2437.1279496990264,2440.4619140625,531270,0.0,0.0,0.0
2017-07-13 00:00:00+09:00,2447.1299078006136,2500.4733390333245,2410.456298828125,2410.456298828125,626019,0.0,0.0,0.0
2017-07-14 00:00:00+09:00,2433.7939487127874,2433.7939487127874,2333.7750193136317,2393.786376953125,605527,0.0,0.0,0.0
2017-07-17 00:00:00+09:00,2393.7862922647782,2463.79954036723,2383.7843996787137,2460.465576171875,419486,0.0,0.0,0.0
2017-07-18 00:00:00+09:00,2483.803348252665,2483.803348252665,2410.45613528413,2423.7919921875,497069,0.0,0.0,0.0
2017-07-19 00:00:00+09:00,2447.1298585622903,2500.4732887216865,2400.454357172819,2483.803466796875,563862,0.0,0.0,0.0
2017-07-20 00:00:00+09:00,2507.1413034260513,2510.4752679252883,2453.797871438263,2457.1318359375,395186,0.0,0.0,0.0
2017-07-21 00:00:00+09:00,2467.1335045625847,2467.1335045625847,2417.124041632262,2460.465576171875,283450,0.0,0.0,0.0
2017-07-24 00:00:00+09:00,2483.80343914032,2577.154440879822,2447.129831314087,2560.484619140625,1587821,0.0,0.0,0.0
2017-07-25 00:00:00+09:00,2647.1676116294047,2720.514825049867,2500.4731847884805,2507.14111328125,4205680,0.0,0.0,0.0
2017-07-26 00:00:00+09:00,2513.809047154018,2540.480761182177,2403.788226787861,2427.1259765625,952042,0.0,0.0,0.0
2017-07-27 00:00:00+09:00,2440.461958697628,2463.79970966878,2390.452492330873,2407.122314453125,493046,0.0,0.0,0.0
2017-07-28 00:00:00+09:00,2397.1202831892338,2437.1278539795962,2333.774962771159,2343.77685546875,542540,0.0,0.0,0.0
2017-07-31 00:00:00+09:00,2313.7712564643743,2360.4467573152406,2260.427826920527,2357.11279296875,583371,0.0,0.0,0.0
2017-08-01 00:00:00+09:00,2343.777039969308,2383.78461390904,2330.4411819893976,2333.775146484375,274564,0.0,0.0,0.0
2017-08-02 00:00:00+09:00,2333.774944802989,2340.4428732167116,2280.4315174932062,2300.435302734375,398411,0.0,0.0,0.0
2017-08-03 00:00:00+09:00,2320.439299995377,2347.111016087278,2247.0920807426496,2253.760009765625,589707,0.0,0.0,0.0
2017-08-04 00:00:00+09:00,2253.7599057467055,2283.765584965227,2240.4240483162516,2277.09765625,222988,0.0,0.0,0.0
2017-08-07 00:00:00+09:00,2280.4314974714257,2303.7692467145544,2253.7597840507074,2297.101318359375,253183,0.0,0.0,0.0
2017-08-08 00:00:00+09:00,2297.101522698326,2307.103416120815,2263.7618779566956,2290.43359375,140826,0.0,0.0,0.0
2017-08-09 00:00:00+09:00,2283.7656702112267,2290.433599175347,2243.7580964265044,2250.426025390625,212336,0.0,0.0,0.0
2017-08-10 00:00:00+09:00,2240.4239512950453,2270.4296292141753,2150.406917537655,2220.420166015625,408083,0.0,0.0,0.0
2017-08-11 00:00:00+09:00,2170.410684909791,2213.7522193242726,2147.0729356096863,2177.07861328125,294697,0.0,0.0,0.0
2017-08-14 00:00:00+09:00,2183.746721434809,2233.756188337896,2183.746721434809,2207.08447265625,182862,0.0,0.0,0.0
2017-08-16 00:00:00+09:00,2207.0845183390047,2243.758128160348,2170.410908517662,2173.744873046875,438243,0.0,0.0,0.0
2017-08-17 00:00:00+09:00,2190.4144700241673,2200.4163625813553,2153.7408639811447,2177.07861328125,297508,0.0,0.0,0.0
2017-08-18 00:00:00+09:00,2170.4107450159586,2247.0919234112994,2133.737137957317,2187.08056640625,814849,0.0,0.0,0.0
2017-08-21 00:00:00+09:00,2180.412742109255,2187.080670984207,2150.4070621719716,2163.742919921875,244532,0.0,0.0,0.0
2017-08-22 00:00:00+09:00,2173.744833233173,2177.078797701322,2147.0731174879807,2167.076904296875,193517,0.0,0.0,0.0
2017-08-23 00:00:00+09:00,2170.4108086752562,2190.4145949303274,2157.074951171875,2157.074951171875,209067,0.0,0.0,0.0
2017-08-24 00:00:00+09:00,2153.741046424279,2183.74672663762,2150.40708195613,2167.076904296875,209903,0.0,0.0,0.0
2017-08-25 00:00:00+09:00,2170.4108243075284,2220.4202903053974,2170.4108243075284,2200.41650390625,269172,0.0,0.0,0.0
2017-08-28 00:00:00+09:00,2210.418417141405,2223.754274861715,2200.4165238511723,2203.75048828125,219427,0.0,0.0,0.0
2017-08-29 00:00:00+09:00,2190.4145306843084,2200.416423518483,2147.0729950695504,2187.08056640625,282332,0.0,0.0,0.0
2017-08-30 00:00:00+09:00,2183.7466051563715,2190.414533721734,2147.072998046875,2147.072998046875,250589,0.0,0.0,0.0
2017-08-31 00:00:00+09:00,2153.74098679603,2170.4108086752562,2147.073058044339,2157.074951171875,165157,0.0,0.0,0.0
2017-09-01 00:00:00+09:00,2170.410828766999,2170.410828766999,2140.405149106626,2160.408935546875,145885,0.0,0.0,0.0
2017-09-04 00:00:00+09:00,2080.393838608227,2130.403305882463,2080.393838608227,2087.061767578125,319503,0.0,0.0,0.0
2017-09-05 00:00:00+09:00,2077.0598998030996,2103.731616012449,2050.38818359375,2050.38818359375,344129,0.0,0.0,0.0
2017-09-06 00:00:00+09:00,2067.0578629186175,2097.063541573888,2033.7182199683175,2047.0540771484375,342129,0.0,0.0,0.0
2017-09-07 00:00:00+09:00,2047.0540771484375,2087.061648688798,2043.7201128534075,2047.0540771484375,152264,0.0,0.0,0.0
2017-09-08 00:00:00+09:00,2050.3881261844444,2067.057948348546,2013.714517423422,2020.3824462890625,199659,0.0,0.0,0.0
2017-09-11 00:00:00+09:00,2027.0502913782573,2073.725791508678,2020.3823627881973,2047.0540771484375,441978,0.0,0.0,0.0
2017-09-12 00:00:00+09:00,2053.722155761719,2327.1072479248046,2050.3881912231445,2133.7373046875,3170505,0.0,0.0,0.0
2017-09-13 00:00:00+09:00,2143.7390110627384,2257.093795473521,2107.065404341603,2183.74658203125,1524063,0.0,0.0,0.0
2017-09-14 00:00:00+09:00,2220.4203253952614,2280.4316855410793,2190.4146453223525,2247.092041015625,931828,0.0,0.0,0.0
2017-09-15 00:00:00+09:00,2233.75609993585,2433.793959631598,2190.4145636684384,2273.763671875,2858998,0.0,0.0,0.0
2017-09-18 00:00:00+09:00,2277.097761346038,2297.101548414964,2240.4241517196747,2253.760009765625,447771,0.0,0.0,0.0
2017-09-19 00:00:00+09:00,2273.7635934274117,2287.0994502803587,2197.0824165229683,2220.420166015625,401343,0.0,0.0,0.0
2017-09-20 00:00:00+09:00,2220.420209186833,2230.422102021008,2180.4126378501333,2187.08056640625,418015,0.0,0.0,0.0
2017-09-21 00:00:00+09:00,2197.0824793985444,2213.752300941781,2150.406979077483,2190.41455078125,268112,0.0,0.0,0.0
2017-09-25 00:00:00+09:00,2193.7485796139563,2300.435440628617,2150.4070423267503,2160.408935546875,629278,0.0,0.0,0.0
2017-09-26 00:00:00+09:00,2160.408935546875,2160.408935546875,2160.408935546875,2160.408935546875,0,0.0,0.0,0.0
2017-09-27 00:00:00+09:00,2117.0673871231693,2137.0711734581914,2060.3899925072733,2077.059814453125,497949,0.0,0.0,0.0
2017-09-28 00:00:00+09:00,2073.72588984375,2103.7315699218752,2067.0579609375,2083.727783203125,177442,0.0,0.0,0.0
2017-09-29 00:00:00+09:00,2080.3936982532314,2080.3936982532314,2047.054055653019,2063.723876953125,338624,0.0,0.0,0.0
2017-10-10 00:00:00+09:00,2077.0597574334397,2080.3937217310854,2020.3823643734581,2027.05029296875,264546,0.0,0.0,0.0
2017-10-11 00:00:00+09:00,2027.0504261363637,2093.7297164697966,2027.0504261363637,2090.395751953125,198363,0.0,0.0,0.0
2017-10-12 00:00:00+09:00,2093.729616220358,2113.7334023625904,2063.7239370070088,2073.725830078125,194724,0.0,0.0,0.0
2017-10-13 00:00:00+09:00,2090.395676433357,2090.395676433357,2033.7182816975246,2037.05224609375,244333,0.0,0.0,0.0
2017-10-16 00:00:00+09:00,2047.0541693239797,2053.722098214286,1960.3710937500002,1960.37109375,453073,0.0,0.0,0.0
2017-10-17 00:00:00+09:00,1947.0352116809265,2017.0484641557543,1947.0352116809265,1997.044677734375,286184,0.0,0.0,0.0
2017-10-18 00:00:00+09:00,2013.7144357781663,2050.3880430522718,1993.7106499922904,2027.05029296875,166067,0.0,0.0,0.0
2017-10-19 00:00:00+09:00,2030.384299372995,2043.720156840141,1987.0427626047701,2013.7144775390625,154616,0.0,0.0,0.0
2017-10-20 00:00:00+09:00,2037.052187491889,2037.052187491889,1973.706865785922,2007.0465087890625,134753,0.0,0.0,0.0
2017-10-23 00:00:00+09:00,2000.3786220997076,2023.7163726908707,1973.706907138378,1993.710693359375,203757,0.0,0.0,0.0
2017-10-24 00:00:00+09:00,2007.0465270294542,2030.3842773437502,1990.3767053763856,2030.38427734375,202485,0.0,0.0,0.0
2017-10-25 00:00:00+09:00,2040.3861703355913,2070.3918493111146,2013.7144556906817,2030.38427734375,331796,0.0,0.0,0.0
2017-10-26 00:00:00+09:00,2023.7163907137783,2037.0522483132102,2007.0465687144886,2017.0484619140625,167572,0.0,0.0,0.0
2017-10-27 00:00:00+09:00,2017.0484000758122,2040.386150159334,2013.7144357781663,2027.05029296875,135404,0.0,0.0,0.0
2017-10-30 00:00:00+09:00,2030.3841946445757,2057.055908203125,2010.3804094756636,2057.055908203125,229465,0.0,0.0,0.0
2017-10-31 00:00:00+09:00,2073.7257711338957,2073.7257711338957,2030.3842357243448,2043.7200927734375,345889,0.0,0.0,0.0
2017-11-01 00:00:00+09:00,2047.0540570357105,2057.05594982253,2037.0521642488911,2043.7200927734375,173852,0.0,0.0,0.0
2017-11-02 00:00:00+09:00,2043.720111280872,2087.061647082913,2037.0521826959425,2067.057861328125,375008,0.0,0.0,0.0
2017-11-03 00:00:00+09:00,2070.3917649823998,2083.7276217616745,2050.3879798134876,2057.055908203125,162451,0.0,0.0,0.0
2017-11-06 00:00:00+09:00,2067.0579053534834,2067.0579053534834,2027.0503329918033,2033.71826171875,204796,0.0,0.0,0.0
2017-11-07 00:00:00+09:00,2020.3824462890625,2040.3862328859839,2017.0484818562422,2020.3824462890625,180127,0.0,0.0,0.0
2017-11-08 00:00:00+09:00,2020.3823861648787,2037.0522078329057,2003.7125644968517,2010.3804931640625,173378,0.0,0.0,0.0
2017-11-09 00:00:00+09:00,2013.7144357781663,2040.386150159334,2003.7125428852282,2027.05029296875,171712,0.0,0.0,0.0
2017-11-10 00:00:00+09:00,2033.718301611009,2043.7201948976206,2010.3805506089154,2040.38623046875,189986,0.0,0.0,0.0
2017-11-13 00:00:00+09:00,2040.3860671798905,2063.723816314301,2040.3860671798905,2053.721923828125,244603,0.0,0.0,0.0
2017-11-14 00:00:00+09:00,2067.057948348546,2107.0655215423885,2020.3824462890625,2020.3824462890625,584887,0.0,0.0,0.0
2017-11-15 00:00:00+09:00,2027.0503148320895,2057.055993834538,2003.7125644968517,2010.3804931640625,330772,0.0,0.0,0.0
2017-11-16 00:00:00+09:00,2007.0465687144886,2017.0484619140623,1963.705031516335,2017.0484619140625,234061,0.0,0.0,0.0
2017-11-17 00:00:00+09:00,2030.384281024262,2030.384281024262,1990.376708984375,1990.376708984375,258180,0.0,0.0,0.0
2017-11-20 00:00:00+09:00,1990.3767640356925,2043.7201948976206,1987.042799606822,2040.38623046875,322443,0.0,0.0,0.0
2017-11-21 00:00:00+09:00,2040.3861721665112,2057.055993834538,2000.3786001632461,2010.3804931640625,321026,0.0,0.0,0.0
2017-11-22 00:00:00+09:00,2027.0503776041667,2027.0503776041667,1977.0409110514324,2000.378662109375,401008,0.0,0.0,0.0
2017-11-23 00:00:00+09:00,2007.0465687144886,2017.0484619140623,1993.7107111150567,2017.0484619140625,213059,0.0,0.0,0.0
2017-11-24 00:00:00+09:00,2020.3825028582316,2050.38818359375,2013.7145738058941,2050.38818359375,329222,0.0,0.0,0.0
2017-11-27 00:00:00+09:00,2060.390077172256,2093.729722433943,2037.052325489075,2050.38818359375,387035,0.0,0.0,0.0
2017-11-28 00:00:00+09:00,2070.3918068716225,2080.393699658442,2030.3842357243448,2043.7200927734375,295372,0.0,0.0,0.0
2017-11-29 00:00:00+09:00,2047.0541307824803,2127.069275959646,2040.3862020177166,2117.0673828125,777032,0.0,0.0,0.0
2017-11-30 00:00:00+09:00,2117.067402773683,2147.0730824980346,2093.7296518769654,2120.4013671875,436188,0.0,0.0,0.0
2017-12-01 00:00:00+09:00,2133.737184542587,2140.4051132442823,2087.0616836307177,2113.7333984375,262214,0.0,0.0,0.0
2017-12-04 00:00:00+09:00,2113.7335035698266,2120.4014326031697,2047.0542132363937,2090.395751953125,278333,0.0,0.0,0.0
2017-12-05 00:00:00+09:00,2113.733418430118,2153.7409910187007,2067.057917076772,2117.0673828125,336886,0.0,0.0,0.0
2017-12-06 00:00:00+09:00,2130.4031999777844,2130.4031999777844,2083.7276995087873,2110.3994140625,340421,0.0,0.0,0.0
2017-12-07 00:00:00+09:00,2140.405075762349,2223.754183073967,2067.057861328125,2067.057861328125,786178,0.0,0.0,0.0
2017-12-08 00:00:00+09:00,2070.391869716957,2090.395655897797,2020.3824042648566,2033.71826171875,268952,0.0,0.0,0.0
2017-12-11 00:00:00+09:00,2033.7182013874587,2053.7219869748765,2000.3785587417626,2023.71630859375,178185,0.0,0.0,0.0
2017-12-12 00:00:00+09:00,2033.718218403478,2077.0597542055193,2030.3842541110132,2067.057861328125,169446,0.0,0.0,0.0
2017-12-13 00:00:00+09:00,2080.393657566856,2087.061585956493,2037.052123034213,2057.055908203125,162824,0.0,0.0,0.0
2017-12-14 00:00:00+09:00,2090.395593885142,2090.395593885142,2017.0483800646107,2023.71630859375,289749,0.0,0.0,0.0
2017-12-15 00:00:00+09:00,2020.382384351909,2030.3842773437502,2000.3785983682267,2030.38427734375,242402,0.0,0.0,0.0
2017-12-18 00:00:00+09:00,2033.7183064778646,2033.7183064778646,1990.3767687988282,2000.378662109375,185934,0.0,0.0,0.0
2017-12-19 00:00:00+09:00,1993.710675183085,2010.3804968819402,1953.7031031058323,1970.3729248046875,288342,0.0,0.0,0.0
2017-12-21 00:00:00+09:00,1973.7068777901784,1990.376699393136,1860.3520908900668,1867.02001953125,534478,0.0,0.0,0.0
2017-12-22 00:00:00+09:00,1890.3578303660636,1897.0257592209703,1847.0162928091695,1877.02197265625,158866,0.0,0.0,0.0
2017-12-26 00:00:00+09:00,1877.0219548726254,1893.691776851956,1833.680417726366,1853.6842041015625,217632,0.0,0.0,0.0
2017-12-27 00:00:00+09:00,2785.0,2785.0,2705.0,2740.0,284125,926.3158,0.0,0.0
2017-12-28 00:00:00+09:00,2740.0,2815.0,2715.0,2790.0,146799,0.0,0.0,0.0
2018-01-02 00:00:00+09:00,2805.0,2855.0,2800.0,2835.0,144317,0.0,0.0,0.0
2018-01-03 00:00:00+09:00,2870.0,2875.0,2815.0,2845.0,148190,0.0,0.0,0.0
2018-01-04 00:00:00+09:00,2840.0,2860.0,2790.0,2800.0,226177,0.0,0.0,0.0
2018-01-05 00:00:00+09:00,2800.0,2805.0,2750.0,2775.0,306776,0.0,0.0,0.0
2018-01-08 00:00:00+09:00,2790.0,2790.0,2700.0,2720.0,367108,0.0,0.0,0.0
2018-01-09 00:00:00+09:00,2700.0,2750.0,2620.0,2675.0,382109,0.0,0.0,0.0
2018-01-10 00:00:00+09:00,2700.0,2720.0,2675.0,2705.0,208270,0.0,0.0,0.0
2018-01-11 00:00:00+09:00,2730.0,2760.0,2680.0,2715.0,240979,0.0,0.0,0.0
2018-01-12 00:00:00+09:00,2735.0,2735.0,2645.0,2660.0,260839,0.0,0.0,0.0
2018-01-15 00:00:00+09:00,2660.0,2700.0,2625.0,2680.0,169156,0.0,0.0,0.0
2018-01-16 00:00:00+09:00,2700.0,3190.0,2650.0,2860.0,5755738,0.0,0.0,0.0
2018-01-17 00:00:00+09:00,2880.0,2885.0,2795.0,2880.0,782548,0.0,0.0,0.0
2018-01-18 00:00:00+09:00,2900.0,2920.0,2835.0,2860.0,439429,0.0,0.0,0.0
2018-01-19 00:00:00+09:00,2860.0,3145.0,2860.0,2960.0,2715589,0.0,0.0,0.0
2018-01-22 00:00:00+09:00,3000.0,3005.0,2930.0,2965.0,308403,0.0,0.0,0.0
2018-01-23 00:00:00+09:00,2995.0,3005.0,2945.0,2960.0,266672,0.0,0.0,0.0
2018-01-24 00:00:00+09:00,2965.0,3190.0,2965.0,3150.0,2102109,0.0,0.0,0.0
2018-01-25 00:00:00+09:00,3140.0,3160.0,3095.0,3130.0,382262,0.0,0.0,0.0
2018-01-26 00:00:00+09:00,3140.0,3140.0,3000.0,3105.0,486897,0.0,0.0,0.0
2018-01-29 00:00:00+09:00,3140.0,3160.0,3075.0,3150.0,434578,0.0,0.0,0.0
2018-01-30 00:00:00+09:00,3160.0,3160.0,3090.0,3125.0,325568,0.0,0.0,0.0
2018-01-31 00:00:00+09:00,3080.0,3130.0,3045.0,3060.0,241509,0.0,0.0,0.0
2018-02-01 00:00:00+09:00,3060.0,3120.0,3045.0,3110.0,271434,0.0,0.0,0.0
2018-02-02 00:00:00+09:00,3120.0,3120.0,3045.0,3095.0,200175,0.0,0.0,0.0
2018-02-05 00:00:00+09:00,3030.0,3055.0,2965.0,2965.0,229135,0.0,0.0,0.0
2018-02-06 00:00:00+09:00,2810.0,2890.0,2760.0,2885.0,356427,0.0,0.0,0.0
2018-02-07 00:00:00+09:00,2920.0,2955.0,2835.0,2835.0,228113,0.0,0.0,0.0
2018-02-08 00:00:00+09:00,2835.0,3095.0,2830.0,2940.0,962881,0.0,0.0,0.0
2018-02-09 00:00:00+09:00,2820.0,2890.0,2820.0,2875.0,231248,0.0,0.0,0.0
2018-02-12 00:00:00+09:00,2880.0,2925.0,2835.0,2875.0,117151,0.0,0.0,0.0
2018-02-13 00:00:00+09:00,2860.0,2905.0,2845.0,2850.0,167026,0.0,0.0,0.0
2018-02-14 00:00:00+09:00,2890.0,2895.0,2845.0,2895.0,90573,0.0,0.0,0.0
2018-02-19 00:00:00+09:00,2895.0,2990.0,2885.0,2990.0,252037,0.0,0.0,0.0
2018-02-20 00:00:00+09:00,3000.0,3070.0,2955.0,3045.0,345436,0.0,0.0,0.0
2018-02-21 00:00:00+09:00,3045.0,3125.0,3030.0,3085.0,224484,0.0,0.0,0.0
2018-02-22 00:00:00+09:00,3055.0,3080.0,3000.0,3020.0,132381,0.0,0.0,0.0
2018-02-23 00:00:00+09:00,3020.0,3050.0,2950.0,2950.0,197705,0.0,0.0,0.0
2018-02-26 00:00:00+09:00,2955.0,3020.0,2945.0,2965.0,140512,0.0,0.0,0.0
2018-02-27 00:00:00+09:00,3010.0,3010.0,2925.0,2950.0,67268,0.0,0.0,0.0
2018-02-28 00:00:00+09:00,2980.0,2985.0,2880.0,2885.0,122376,0.0,0.0,0.0
2018-03-02 00:00:00+09:00,2840.0,2885.0,2825.0,2880.0,93044,0.0,0.0,0.0
2018-03-05 00:00:00+09:00,2870.0,2900.0,2765.0,2850.0,188019,0.0,0.0,0.0
2018-03-06 00:00:00+09:00,2900.0,2900.0,2780.0,2880.0,148880,0.0,0.0,0.0
2018-03-07 00:00:00+09:00,2880.0,2910.0,2825.0,2910.0,112839,0.0,0.0,0.0
2018-03-08 00:00:00+09:00,2885.0,2905.0,2835.0,2875.0,106197,0.0,0.0,0.0
2018-03-09 00:00:00+09:00,2860.0,2895.0,2855.0,2890.0,115371,0.0,0.0,0.0
2018-03-12 00:00:00+09:00,2895.0,2965.0,2890.0,2915.0,234880,0.0,0.0,0.0
2018-03-13 00:00:00+09:00,2925.0,2990.0,2905.0,2945.0,205612,0.0,0.0,0.0
2018-03-14 00:00:00+09:00,2945.0,3040.0,2905.0,2955.0,682306,0.0,0.0,0.0
2018-03-15 00:00:00+09:00,2990.0,2995.0,2915.0,2930.0,179942,0.0,0.0,0.0
2018-03-16 00:00:00+09:00,2930.0,2950.0,2890.0,2940.0,171034,0.0,0.0,0.0
2018-03-19 00:00:00+09:00,2940.0,2970.0,2900.0,2910.0,102847,0.0,0.0,0.0
2018-03-20 00:00:00+09:00,2900.0,2930.0,2870.0,2890.0,96788,0.0,0.0,0.0
2018-03-21 00:00:00+09:00,2880.0,2930.0,2865.0,2870.0,154374,0.0,0.0,0.0
2018-03-22 00:00:00+09:00,2870.0,2895.0,2825.0,2875.0,188543,0.0,0.0,0.0
2018-03-23 00:00:00+09:00,2815.0,2830.0,2705.0,2740.0,286195,0.0,0.0,0.0
2018-03-26 00:00:00+09:00,2700.0,2965.0,2635.0,2870.0,723410,0.0,0.0,0.0
2018-03-27 00:00:00+09:00,2880.0,2900.0,2835.0,2860.0,209818,0.0,0.0,0.0
2018-03-28 00:00:00+09:00,2855.0,2885.0,2800.0,2855.0,153794,0.0,0.0,0.0
2018-03-29 00:00:00+09:00,2880.0,2880.0,2815.0,2865.0,190111,0.0,0.0,0.0
2018-03-30 00:00:00+09:00,2870.0,2980.0,2870.0,2955.0,480895,0.0,0.0,0.0
2018-04-02 00:00:00+09:00,2965.0,2975.0,2920.0,2935.0,249183,0.0,0.0,0.0
2018-04-03 00:00:00+09:00,2905.0,2985.0,2900.0,2975.0,233915,0.0,0.0,0.0
2018-04-04 00:00:00+09:00,2975.0,2985.0,2895.0,2930.0,175678,0.0,0.0,0.0
2018-04-05 00:00:00+09:00,2955.0,2955.0,2885.0,2950.0,154598,0.0,0.0,0.0
2018-04-06 00:00:00+09:00,2950.0,2950.0,2875.0,2895.0,85516,0.0,0.0,0.0
2018-04-09 00:00:00+09:00,2870.0,2895.0,2830.0,2850.0,131931,0.0,0.0,0.0
2018-04-10 00:00:00+09:00,2835.0,2845.0,2770.0,2770.0,165615,0.0,0.0,0.0
2018-04-11 00:00:00+09:00,2800.0,2800.0,2755.0,2765.0,125295,0.0,0.0,0.0
2018-04-12 00:00:00+09:00,2770.0,2880.0,2770.0,2860.0,256211,0.0,0.0,0.0
2018-04-13 00:00:00+09:00,2880.0,2910.0,2835.0,2900.0,155787,0.0,0.0,0.0
2018-04-16 00:00:00+09:00,2900.0,2915.0,2850.0,2910.0,233110,0.0,0.0,0.0
2018-04-17 00:00:00+09:00,2880.0,3045.0,2870.0,3045.0,1079727,0.0,0.0,0.0
2018-04-18 00:00:00+09:00,3080.0,3185.0,3065.0,3135.0,1380906,0.0,0.0,0.0
2018-04-19 00:00:00+09:00,3200.0,3300.0,3110.0,3290.0,1575667,0.0,0.0,0.0
2018-04-20 00:00:00+09:00,3290.0,3365.0,3260.0,3330.0,946716,0.0,0.0,0.0
2018-04-23 00:00:00+09:00,3350.0,3380.0,3220.0,3320.0,793112,0.0,0.0,0.0
2018-04-24 00:00:00+09:00,3330.0,3350.0,3000.0,3040.0,954575,0.0,0.0,0.0
2018-04-25 00:00:00+09:00,3035.0,3090.0,2990.0,3035.0,459568,0.0,0.0,0.0
2018-04-26 00:00:00+09:00,3065.0,3165.0,3030.0,3140.0,436494,0.0,0.0,0.0
2018-04-27 00:00:00+09:00,3175.0,3215.0,3025.0,3055.0,380154,0.0,0.0,0.0
2018-04-30 00:00:00+09:00,3060.0,3095.0,2935.0,3070.0,498895,0.0,0.0,0.0
2018-05-02 00:00:00+09:00,3055.0,3065.0,2975.0,2980.0,308451,0.0,0.0,0.0
2018-05-03 00:00:00+09:00,2950.0,3070.0,2950.0,2985.0,250539,0.0,0.0,0.0
2018-05-04 00:00:00+09:00,2985.0,3040.0,2950.0,2990.0,178057,0.0,0.0,0.0
2018-05-08 00:00:00+09:00,2975.0,3015.0,2915.0,2915.0,230950,0.0,0.0,0.0
2018-05-09 00:00:00+09:00,2905.0,2945.0,2800.0,2865.0,298031,0.0,0.0,0.0
2018-05-10 00:00:00+09:00,2865.0,2935.0,2865.0,2910.0,113416,0.0,0.0,0.0
2018-05-11 00:00:00+09:00,2940.0,2945.0,2885.0,2930.0,95689,0.0,0.0,0.0
2018-05-14 00:00:00+09:00,2930.0,2935.0,2845.0,2895.0,257639,0.0,0.0,0.0
2018-05-15 00:00:00+09:00,2895.0,2945.0,2865.0,2945.0,202041,0.0,0.0,0.0
2018-05-16 00:00:00+09:00,2930.0,2940.0,2840.0,2890.0,260326,0.0,0.0,0.0
2018-05-17 00:00:00+09:00,2915.0,2955.0,2885.0,2885.0,186918,0.0,0.0,0.0
2018-05-18 00:00:00+09:00,2870.0,2925.0,2865.0,2885.0,196872,0.0,0.0,0.0
2018-05-21 00:00:00+09:00,2885.0,2955.0,2885.0,2920.0,154812,0.0,0.0,0.0
2018-05-23 00:00:00+09:00,2930.0,2940.0,2880.0,2890.0,190086,0.0,0.0,0.0
2018-05-24 00:00:00+09:00,2890.0,2910.0,2860.0,2880.0,245079,0.0,0.0,0.0
2018-05-25 00:00:00+09:00,2830.0,2860.0,2800.0,2815.0,281226,0.0,0.0,0.0
2018-05-28 00:00:00+09:00,2825.0,2885.0,2805.0,2855.0,115097,0.0,0.0,0.0
2018-05-29 00:00:00+09:00,2845.0,2875.0,2810.0,2840.0,113529,0.0,0.0,0.0
2018-05-30 00:00:00+09:00,2800.0,2840.0,2760.0,2790.0,298827,0.0,0.0,0.0
2018-05-31 00:00:00+09:00,2805.0,2830.0,2780.0,2780.0,160159,0.0,0.0,0.0
2018-06-01 00:00:00+09:00,2790.0,2845.0,2780.0,2840.0,100576,0.0,0.0,0.0
2018-06-04 00:00:00+09:00,2820.0,2865.0,2810.0,2860.0,154659,0.0,0.0,0.0
2018-06-05 00:00:00+09:00,2870.0,2875.0,2805.0,2855.0,115835,0.0,0.0,0.0
2018-06-07 00:00:00+09:00,2870.0,2890.0,2835.0,2880.0,92317,0.0,0.0,0.0
2018-06-08 00:00:00+09:00,2885.0,2995.0,2855.0,2925.0,269472,0.0,0.0,0.0
2018-06-11 00:00:00+09:00,2925.0,2945.0,2890.0,2930.0,204851,0.0,0.0,0.0
2018-06-12 00:00:00+09:00,2930.0,2945.0,2880.0,2895.0,132696,0.0,0.0,0.0
2018-06-14 00:00:00+09:00,2895.0,2935.0,2855.0,2920.0,157396,0.0,0.0,0.0
2018-06-15 00:00:00+09:00,2910.0,2985.0,2860.0,2875.0,247919,0.0,0.0,0.0
2018-06-18 00:00:00+09:00,2870.0,2875.0,2760.0,2800.0,228434,0.0,0.0,0.0
2018-06-19 00:00:00+09:00,2840.0,2840.0,2715.0,2750.0,134671,0.0,0.0,0.0
2018-06-20 00:00:00+09:00,2720.0,2775.0,2700.0,2755.0,89940,0.0,0.0,0.0
2018-06-21 00:00:00+09:00,2770.0,2770.0,2655.0,2675.0,167507,0.0,0.0,0.0
2018-06-22 00:00:00+09:00,2675.0,2720.0,2660.0,2700.0,52899,0.0,0.0,0.0
2018-06-25 00:00:00+09:00,2660.0,2750.0,2655.0,2720.0,82771,0.0,0.0,0.0
2018-06-26 00:00:00+09:00,2680.0,2710.0,2660.0,2690.0,63636,0.0,0.0,0.0
2018-06-27 00:00:00+09:00,2655.0,2700.0,2645.0,2675.0,112573,0.0,0.0,0.0
2018-06-28 00:00:00+09:00,2670.0,2740.0,2635.0,2705.0,118997,0.0,0.0,0.0
2018-06-29 00:00:00+09:00,2735.0,2735.0,2650.0,2705.0,57384,0.0,0.0,0.0
2018-07-02 00:00:00+09:00,2705.0,2750.0,2615.0,2630.0,83874,0.0,0.0,0.0
2018-07-03 00:00:00+09:00,2635.0,2665.0,2565.0,2600.0,102006,0.0,0.0,0.0
2018-07-04 00:00:00+09:00,2600.0,2625.0,2580.0,2610.0,36685,0.0,0.0,0.0
2018-07-05 00:00:00+09:00,2610.0,2630.0,2525.0,2570.0,171465,0.0,0.0,0.0
2018-07-06 00:00:00+09:00,2540.0,2610.0,2525.0,2600.0,140153,0.0,0.0,0.0
2018-07-09 00:00:00+09:00,2600.0,2620.0,2565.0,2585.0,30597,0.0,0.0,0.0
2018-07-10 00:00:00+09:00,2600.0,2650.0,2585.0,2640.0,137423,0.0,0.0,0.0
2018-07-11 00:00:00+09:00,2640.0,2665.0,2590.0,2640.0,123471,0.0,0.0,0.0
2018-07-12 00:00:00+09:00,2635.0,2720.0,2610.0,2710.0,202988,0.0,0.0,0.0
2018-07-13 00:00:00+09:00,2680.0,2720.0,2670.0,2720.0,88349,0.0,0.0,0.0
2018-07-16 00:00:00+09:00,2720.0,2810.0,2715.0,2780.0,178479,0.0,0.0,0.0
2018-07-17 00:00:00+09:00,2780.0,2790.0,2720.0,2750.0,78325,0.0,0.0,0.0
2018-07-18 00:00:00+09:00,2735.0,2775.0,2685.0,2715.0,63198,0.0,0.0,0.0
2018-07-19 00:00:00+09:00,2720.0,2745.0,2670.0,2695.0,57242,0.0,0.0,0.0
2018-07-20 00:00:00+09:00,2695.0,2720.0,2675.0,2710.0,25797,0.0,0.0,0.0
2018-07-23 00:00:00+09:00,2695.0,2715.0,2600.0,2615.0,49784,0.0,0.0,0.0
2018-07-24 00:00:00+09:00,2615.0,2645.0,2595.0,2640.0,38191,0.0,0.0,0.0
2018-07-25 00:00:00+09:00,2620.0,2700.0,2590.0,2590.0,89196,0.0,0.0,0.0
2018-07-26 00:00:00+09:00,2630.0,2630.0,2550.0,2615.0,95798,0.0,0.0,0.0
2018-07-27 00:00:00+09:00,2615.0,2710.0,2615.0,2680.0,73275,0.0,0.0,0.0
2018-07-30 00:00:00+09:00,2685.0,2740.0,2660.0,2700.0,76058,0.0,0.0,0.0
2018-07-31 00:00:00+09:00,2700.0,2720.0,2660.0,2690.0,34817,0.0,0.0,0.0
2018-08-01 00:00:00+09:00,2690.0,2710.0,2675.0,2690.0,51352,0.0,0.0,0.0
2018-08-02 00:00:00+09:00,2715.0,2750.0,2620.0,2750.0,201567,0.0,0.0,0.0
2018-08-03 00:00:00+09:00,2750.0,2820.0,2735.0,2810.0,287836,0.0,0.0,0.0
2018-08-06 00:00:00+09:00,2840.0,2840.0,2710.0,2720.0,258787,0.0,0.0,0.0
2018-08-07 00:00:00+09:00,2710.0,2860.0,2705.0,2855.0,354742,0.0,0.0,0.0
2018-08-08 00:00:00+09:00,2925.0,2935.0,2790.0,2820.0,691594,0.0,0.0,0.0
2018-08-09 00:00:00+09:00,2870.0,2870.0,2745.0,2810.0,323782,0.0,0.0,0.0
2018-08-10 00:00:00+09:00,2810.0,2810.0,2705.0,2705.0,269613,0.0,0.0,0.0
2018-08-13 00:00:00+09:00,2675.0,2700.0,2540.0,2590.0,410923,0.0,0.0,0.0
2018-08-14 00:00:00+09:00,2565.0,2665.0,2565.0,2600.0,145312,0.0,0.0,0.0
2018-08-16 00:00:00+09:00,2560.0,2600.0,2510.0,2550.0,202444,0.0,0.0,0.0
2018-08-17 00:00:00+09:00,2525.0,2570.0,2525.0,2560.0,124826,0.0,0.0,0.0
2018-08-20 00:00:00+09:00,2560.0,2560.0,2495.0,2510.0,166457,0.0,0.0,0.0
2018-08-21 00:00:00+09:00,2525.0,2555.0,2510.0,2550.0,101894,0.0,0.0,0.0
2018-08-22 00:00:00+09:00,2540.0,2570.0,2535.0,2565.0,74749,0.0,0.0,0.0
2018-08-23 00:00:00+09:00,2565.0,2590.0,2535.0,2545.0,79512,0.0,0.0,0.0
2018-08-24 00:00:00+09:00,2530.0,2555.0,2515.0,2545.0,89440,0.0,0.0,0.0
2018-08-27 00:00:00+09:00,2545.0,2570.0,2505.0,2520.0,92799,0.0,0.0,0.0
2018-08-28 00:00:00+09:00,2540.0,2595.0,2500.0,2535.0,146859,0.0,0.0,0.0
2018-08-29 00:00:00+09:00,2555.0,2560.0,2530.0,2535.0,115102,0.0,0.0,0.0
2018-08-30 00:00:00+09:00,2535.0,2555.0,2525.0,2555.0,72131,0.0,0.0,0.0
2018-08-31 00:00:00+09:00,2530.0,2565.0,2500.0,2545.0,150013,0.0,0.0,0.0
2018-09-03 00:00:00+09:00,2530.0,2550.0,2520.0,2530.0,65644,0.0,0.0,0.0
2018-09-04 00:00:00+09:00,2510.0,2545.0,2505.0,2525.0,122466,0.0,0.0,0.0
2018-09-05 00:00:00+09:00,2515.0,2550.0,2515.0,2540.0,104906,0.0,0.0,0.0
2018-09-06 00:00:00+09:00,2540.0,2540.0,2500.0,2510.0,116395,0.0,0.0,0.0
2018-09-07 00:00:00+09:00,2510.0,2565.0,2505.0,2550.0,172545,0.0,0.0,0.0
2018-09-10 00:00:00+09:00,2560.0,2560.0,2510.0,2510.0,68684,0.0,0.0,0.0
2018-09-11 00:00:00+09:00,2515.0,2545.0,2500.0,2545.0,117492,0.0,0.0,0.0
2018-09-12 00:00:00+09:00,2545.0,2560.0,2485.0,2525.0,150386,0.0,0.0,0.0
2018-09-13 00:00:00+09:00,2525.0,2535.0,2505.0,2530.0,48664,0.0,0.0,0.0
2018-09-14 00:00:00+09:00,2510.0,2545.0,2510.0,2520.0,117934,0.0,0.0,0.0
2018-09-17 00:00:00+09:00,2520.0,2540.0,2505.0,2505.0,95714,0.0,0.0,0.0
2018-09-18 00:00:00+09:00,2505.0,2525.0,2500.0,2510.0,64852,0.0,0.0,0.0
2018-09-19 00:00:00+09:00,2505.0,2520.0,2485.0,2490.0,83231,0.0,0.0,0.0
2018-09-20 00:00:00+09:00,2480.0,2500.0,2370.0,2370.0,278335,0.0,0.0,0.0
2018-09-21 00:00:00+09:00,2380.0,2440.0,2360.0,2380.0,113954,0.0,0.0,0.0
2018-09-27 00:00:00+09:00,2380.0,2415.0,2380.0,2410.0,53902,0.0,0.0,0.0
2018-09-28 00:00:00+09:00,2410.0,2430.0,2395.0,2395.0,54505,0.0,0.0,0.0
2018-10-01 00:00:00+09:00,2395.0,2395.0,2320.0,2350.0,102359,0.0,0.0,0.0
2018-10-02 00:00:00+09:00,2365.0,2365.0,2255.0,2280.0,203941,0.0,0.0,0.0
2018-10-04 00:00:00+09:00,2225.0,2260.0,2140.0,2220.0,372024,0.0,0.0,0.0
2018-10-05 00:00:00+09:00,2180.0,2250.0,2180.0,2230.0,133360,0.0,0.0,0.0
2018-10-08 00:00:00+09:00,2160.0,2275.0,2160.0,2270.0,103348,0.0,0.0,0.0
2018-10-10 00:00:00+09:00,2250.0,2270.0,2140.0,2250.0,147792,0.0,0.0,0.0
2018-10-11 00:00:00+09:00,2060.0,2225.0,2060.0,2165.0,228221,0.0,0.0,0.0
2018-10-12 00:00:00+09:00,2025.0,2160.0,2025.0,2150.0,159538,0.0,0.0,0.0
2018-10-15 00:00:00+09:00,2135.0,2175.0,2070.0,2115.0,75726,0.0,0.0,0.0
2018-10-16 00:00:00+09:00,2085.0,2140.0,2070.0,2110.0,160906,0.0,0.0,0.0
2018-10-17 00:00:00+09:00,2120.0,2150.0,2100.0,2110.0,76379,0.0,0.0,0.0
2018-10-18 00:00:00+09:00,2110.0,2185.0,2100.0,2115.0,45106,0.0,0.0,0.0
2018-10-19 00:00:00+09:00,2075.0,2110.0,2075.0,2100.0,53488,0.0,0.0,0.0
2018-10-22 00:00:00+09:00,2070.0,2100.0,2055.0,2095.0,73614,0.0,0.0,0.0
2018-10-23 00:00:00+09:00,2085.0,2095.0,2025.0,2060.0,66795,0.0,0.0,0.0
2018-10-24 00:00:00+09:00,2025.0,2120.0,2010.0,2060.0,128180,0.0,0.0,0.0
2018-10-25 00:00:00+09:00,2000.0,2030.0,1900.0,1980.0,254537,0.0,0.0,0.0
2018-10-26 00:00:00+09:00,1960.0,2010.0,1830.0,1980.0,409230,0.0,0.0,0.0
2018-10-29 00:00:00+09:00,1905.0,1970.0,1760.0,1800.0,163780,0.0,0.0,0.0
2018-10-30 00:00:00+09:00,1570.0,1810.0,1570.0,1770.0,346073,0.0,0.0,0.0
2018-10-31 00:00:00+09:00,1790.0,1875.0,1780.0,1865.0,125200,0.0,0.0,0.0
2018-11-01 00:00:00+09:00,1900.0,1955.0,1870.0,1905.0,72555,0.0,0.0,0.0
2018-11-02 00:00:00+09:00,1925.0,1975.0,1905.0,1975.0,63812,0.0,0.0,0.0
2018-11-05 00:00:00+09:00,1985.0,2015.0,1945.0,2000.0,41257,0.0,0.0,0.0
2018-11-06 00:00:00+09:00,1975.0,2010.0,1910.0,1965.0,39558,0.0,0.0,0.0
2018-11-07 00:00:00+09:00,1985.0,2005.0,1960.0,2000.0,42155,0.0,0.0,0.0
2018-11-08 00:00:00+09:00,2010.0,2050.0,1960.0,2030.0,84594,0.0,0.0,0.0
2018-11-09 00:00:00+09:00,2060.0,2065.0,2000.0,2030.0,107024,0.0,0.0,0.0
2018-11-12 00:00:00+09:00,2055.0,2060.0,2010.0,2030.0,33471,0.0,0.0,0.0
2018-11-13 00:00:00+09:00,2000.0,2065.0,1965.0,2050.0,127775,0.0,0.0,0.0
2018-11-14 00:00:00+09:00,2040.0,2120.0,2010.0,2095.0,138001,0.0,0.0,0.0
2018-11-15 00:00:00+09:00,2115.0,2125.0,2085.0,2110.0,84410,0.0,0.0,0.0
2018-11-16 00:00:00+09:00,2120.0,2225.0,2110.0,2210.0,152690,0.0,0.0,0.0
2018-11-19 00:00:00+09:00,2230.0,2270.0,2220.0,2255.0,132395,0.0,0.0,0.0
2018-11-20 00:00:00+09:00,2240.0,2315.0,2235.0,2300.0,157540,0.0,0.0,0.0
2018-11-21 00:00:00+09:00,2280.0,2385.0,2275.0,2355.0,225982,0.0,0.0,0.0
2018-11-22 00:00:00+09:00,2330.0,2405.0,2330.0,2365.0,202950,0.0,0.0,0.0
2018-11-23 00:00:00+09:00,2390.0,2390.0,2350.0,2365.0,77218,0.0,0.0,0.0
2018-11-26 00:00:00+09:00,2355.0,2380.0,2275.0,2300.0,88711,0.0,0.0,0.0
2018-11-27 00:00:00+09:00,2325.0,2380.0,2280.0,2365.0,58649,0.0,0.0,0.0
2018-11-28 00:00:00+09:00,2370.0,2385.0,2330.0,2365.0,73303,0.0,0.0,0.0
2018-11-29 00:00:00+09:00,2385.0,2390.0,2275.0,2305.0,158581,0.0,0.0,0.0
2018-11-30 00:00:00+09:00,2305.0,2355.0,2225.0,2310.0,73070,0.0,0.0,0.0
2018-12-03 00:00:00+09:00,2350.0,2350.0,2275.0,2285.0,71683,0.0,0.0,0.0
2018-12-04 00:00:00+09:00,2310.0,2320.0,2265.0,2315.0,33240,0.0,0.0,0.0
2018-12-05 00:00:00+09:00,2250.0,2310.0,2245.0,2290.0,50177,0.0,0.0,0.0
2018-12-06 00:00:00+09:00,2285.0,2315.0,2230.0,2280.0,52969,0.0,0.0,0.0
2018-12-07 00:00:00+09:00,2305.0,2310.0,2265.0,2280.0,53087,0.0,0.0,0.0
2018-12-10 00:00:00+09:00,2270.0,2310.0,2235.0,2280.0,73587,0.0,0.0,0.0
2018-12-11 00:00:00+09:00,2280.0,2300.0,2240.0,2280.0,53612,0.0,0.0,0.0
2018-12-12 00:00:00+09:00,2280.0,2370.0,2280.0,2355.0,210935,0.0,0.0,0.0
2018-12-13 00:00:00+09:00,2395.0,2420.0,2355.0,2375.0,84055,0.0,0.0,0.0
2018-12-14 00:00:00+09:00,2390.0,2390.0,2355.0,2355.0,38169,0.0,0.0,0.0
2018-12-17 00:00:00+09:00,2370.0,2370.0,2305.0,2330.0,75448,0.0,0.0,0.0
2018-12-18 00:00:00+09:00,2320.0,2350.0,2280.0,2315.0,100633,0.0,0.0,0.0
2018-12-19 00:00:00+09:00,2335.0,2525.0,2305.0,2435.0,608906,0.0,0.0,0.0
2018-12-20 00:00:00+09:00,2435.0,2495.0,2405.0,2420.0,249874,0.0,0.0,0.0
2018-12-21 00:00:00+09:00,2390.0,2465.0,2390.0,2425.0,185022,0.0,0.0,0.0
2018-12-24 00:00:00+09:00,2405.0,2405.0,2290.0,2290.0,107656,0.0,0.0,0.0
2018-12-26 00:00:00+09:00,2265.0,2285.0,2190.0,2195.0,103312,0.0,0.0,0.0
2018-12-27 00:00:00+09:00,2200.0,2230.0,2160.0,2170.0,83534,0.0,0.0,0.0
2018-12-28 00:00:00+09:00,2150.0,2205.0,2150.0,2180.0,67378,0.0,0.0,0.0
2019-01-02 00:00:00+09:00,2200.0,2205.0,2160.0,2185.0,67832,0.0,0.0,0.0
2019-01-03 00:00:00+09:00,2170.0,2200.0,2080.0,2130.0,103738,0.0,0.0,0.0
2019-01-04 00:00:00+09:00,2150.0,2150.0,2045.0,2070.0,65668,0.0,0.0,0.0
2019-01-07 00:00:00+09:00,2075.0,2110.0,2075.0,2105.0,45039,0.0,0.0,0.0
2019-01-08 00:00:00+09:00,2120.0,2160.0,2105.0,2140.0,62279,0.0,0.0,0.0
2019-01-09 00:00:00+09:00,2165.0,2180.0,2145.0,2160.0,53888,0.0,0.0,0.0
2019-01-10 00:00:00+09:00,2180.0,2180.0,2090.0,2130.0,67462,0.0,0.0,0.0
2019-01-11 00:00:00+09:00,2150.0,2155.0,2070.0,2135.0,54906,0.0,0.0,0.0
2019-01-14 00:00:00+09:00,2160.0,2220.0,2105.0,2200.0,118842,0.0,0.0,0.0
2019-01-15 00:00:00+09:00,2210.0,2210.0,2155.0,2185.0,78037,0.0,0.0,0.0
2019-01-16 00:00:00+09:00,2185.0,2305.0,2180.0,2305.0,147705,0.0,0.0,0.0
2019-01-17 00:00:00+09:00,2305.0,2360.0,2275.0,2360.0,206744,0.0,0.0,0.0
2019-01-18 00:00:00+09:00,2360.0,2550.0,2345.0,2465.0,853440,0.0,0.0,0.0
2019-01-21 00:00:00+09:00,2465.0,2545.0,2430.0,2520.0,454059,0.0,0.0,0.0
2019-01-22 00:00:00+09:00,2515.0,2690.0,2380.0,2575.0,693822,0.0,0.0,0.0
2019-01-23 00:00:00+09:00,2555.0,2575.0,2490.0,2565.0,251450,0.0,0.0,0.0
2019-01-24 00:00:00+09:00,2550.0,2580.0,2510.0,2580.0,147000,0.0,0.0,0.0
2019-01-25 00:00:00+09:00,2590.0,2595.0,2495.0,2595.0,253349,0.0,0.0,0.0
2019-01-28 00:00:00+09:00,2645.0,2645.0,2555.0,2580.0,281888,0.0,0.0,0.0
2019-01-29 00:00:00+09:00,2780.0,2780.0,2620.0,2685.0,865206,0.0,0.0,0.0
2019-01-30 00:00:00+09:00,2645.0,2680.0,2450.0,2555.0,734928,0.0,0.0,0.0
2019-01-31 00:00:00+09:00,2555.0,2600.0,2450.0,2515.0,209069,0.0,0.0,0.0
2019-02-01 00:00:00+09:00,2500.0,2575.0,2495.0,2560.0,106533,0.0,0.0,0.0
2019-02-07 00:00:00+09:00,2560.0,2590.0,2520.0,2580.0,64030,0.0,0.0,0.0
2019-02-08 00:00:00+09:00,2575.0,2610.0,2530.0,2570.0,69304,0.0,0.0,0.0
2019-02-11 00:00:00+09:00,2575.0,2580.0,2495.0,2570.0,112567,0.0,0.0,0.0
2019-02-12 00:00:00+09:00,2575.0,2575.0,2520.0,2540.0,68376,0.0,0.0,0.0
2019-02-13 00:00:00+09:00,2540.0,2585.0,2520.0,2580.0,65226,0.0,0.0,0.0
2019-02-14 00:00:00+09:00,2585.0,2600.0,2525.0,2575.0,56182,0.0,0.0,0.0
2019-02-15 00:00:00+09:00,2580.0,2770.0,2530.0,2715.0,834308,0.0,0.0,0.0
2019-02-18 00:00:00+09:00,2715.0,2785.0,2700.0,2785.0,305020,0.0,0.0,0.0
2019-02-19 00:00:00+09:00,2800.0,2840.0,2775.0,2840.0,417355,0.0,0.0,0.0
2019-02-20 00:00:00+09:00,2855.0,2855.0,2800.0,2820.0,249404,0.0,0.0,0.0
2019-02-21 00:00:00+09:00,2810.0,2850.0,2790.0,2815.0,180643,0.0,0.0,0.0
2019-02-22 00:00:00+09:00,2815.0,2820.0,2745.0,2770.0,213491,0.0,0.0,0.0
2019-02-25 00:00:00+09:00,2775.0,2795.0,2730.0,2760.0,177453,0.0,0.0,0.0
2019-02-26 00:00:00+09:00,2760.0,2840.0,2760.0,2800.0,310838,0.0,0.0,0.0
2019-02-27 00:00:00+09:00,2830.0,2830.0,2750.0,2795.0,132323,0.0,0.0,0.0
2019-02-28 00:00:00+09:00,2790.0,2850.0,2640.0,2795.0,252229,0.0,0.0,0.0
2019-03-04 00:00:00+09:00,2800.0,2835.0,2740.0,2810.0,161456,0.0,0.0,0.0
2019-03-05 00:00:00+09:00,2810.0,2835.0,2760.0,2775.0,73170,0.0,0.0,0.0
2019-03-06 00:00:00+09:00,2790.0,2805.0,2755.0,2805.0,270223,0.0,0.0,0.0
2019-03-07 00:00:00+09:00,2820.0,2820.0,2710.0,2790.0,135556,0.0,0.0,0.0
2019-03-08 00:00:00+09:00,2790.0,2790.0,2710.0,2785.0,89002,0.0,0.0,0.0
2019-03-11 00:00:00+09:00,2785.0,2785.0,2680.0,2695.0,97938,0.0,0.0,0.0
2019-03-12 00:00:00+09:00,2710.0,2735.0,2630.0,2635.0,99844,0.0,0.0,0.0
2019-03-13 00:00:00+09:00,2650.0,2660.0,2585.0,2650.0,99869,0.0,0.0,0.0
2019-03-14 00:00:00+09:00,2675.0,2800.0,2655.0,2800.0,174883,0.0,0.0,0.0
2019-03-15 00:00:00+09:00,2665.0,2710.0,2200.0,2275.0,2710485,0.0,0.0,0.0
2019-03-18 00:00:00+09:00,2275.0,2275.0,2150.0,2260.0,651877,0.0,0.0,0.0
2019-03-19 00:00:00+09:00,2290.0,2290.0,2130.0,2195.0,259537,0.0,0.0,0.0
2019-03-20 00:00:00+09:00,2195.0,2195.0,2195.0,2195.0,0,0.0,0.0,0.0
2019-03-21 00:00:00+09:00,2195.0,2195.0,2195.0,2195.0,0,0.0,0.0,0.0
2019-03-22 00:00:00+09:00,2195.0,2195.0,2195.0,2195.0,0,0.0,0.0,0.0
2019-03-25 00:00:00+09:00,2195.0,2195.0,2195.0,2195.0,0,0.0,0.0,0.0
2019-03-26 00:00:00+09:00,2195.0,2195.0,2195.0,2195.0,0,0.0,0.0,0.0
2019-03-27 00:00:00+09:00,2195.0,2195.0,2195.0,2195.0,0,0.0,0.0,0.0
2019-03-28 00:00:00+09:00,2195.0,2195.0,2195.0,2195.0,0,0.0,0.0,0.0
2019-03-29 00:00:00+09:00,2195.0,2195.0,2195.0,2195.0,0,0.0,0.0,0.0
2019-04-01 00:00:00+09:00,2195.0,2195.0,2195.0,2195.0,0,0.0,0.0,0.0
2019-04-02 00:00:00+09:00,2195.0,2195.0,2195.0,2195.0,0,0.0,0.0,0.0
2019-04-03 00:00:00+09:00,2195.0,2195.0,2195.0,2195.0,0,0.0,0.0,0.0
2019-04-04 00:00:00+09:00,2195.0,2195.0,2195.0,2195.0,0,0.0,0.0,0.0
2019-04-05 00:00:00+09:00,2195.0,2195.0,2195.0,2195.0,0,0.0,0.0,0.0
2019-04-08 00:00:00+09:00,2195.0,2195.0,2195.0,2195.0,0,0.0,0.0,0.0
2019-04-09 00:00:00+09:00,2195.0,2195.0,2195.0,2195.0,0,0.0,0.0,0.0
2019-04-10 00:00:00+09:00,2195.0,2195.0,2195.0,2195.0,0,0.0,0.0,0.0
2019-04-11 00:00:00+09:00,2195.0,2195.0,2195.0,2195.0,0,0.0,0.0,0.0
2019-04-12 00:00:00+09:00,2195.0,2195.0,2195.0,2195.0,0,0.0,0.0,0.0
2019-04-15 00:00:00+09:00,2195.0,2195.0,2195.0,2195.0,0,0.0,0.0,0.0
2019-04-16 00:00:00+09:00,2195.0,2195.0,2195.0,2195.0,0,0.0,0.0,0.0
2019-04-17 00:00:00+09:00,2195.0,2195.0,2195.0,2195.0,0,0.0,0.0,0.0
2019-04-18 00:00:00+09:00,2195.0,2195.0,2195.0,2195.0,0,0.0,0.0,0.0
2019-04-19 00:00:00+09:00,2195.0,2195.0,2195.0,2195.0,0,0.0,0.0,0.0
2019-04-22 00:00:00+09:00,2195.0,2195.0,2195.0,2195.0,0,0.0,0.0,0.0
2019-04-23 00:00:00+09:00,2195.0,2195.0,2195.0,2195.0,0,0.0,0.0,0.0
2019-04-24 00:00:00+09:00,2195.0,2195.0,2195.0,2195.0,0,0.0,0.0,0.0
2019-04-25 00:00:00+09:00,2195.0,2195.0,2195.0,2195.0,0,0.0,0.0,0.0
2019-04-26 00:00:00+09:00,2195.0,2195.0,2195.0,2195.0,0,0.0,0.0,0.0
2019-04-29 00:00:00+09:00,2195.0,2195.0,2195.0,2195.0,0,0.0,0.0,0.0
2019-04-30 00:00:00+09:00,2195.0,2195.0,2195.0,2195.0,0,0.0,0.0,0.0
2019-05-02 00:00:00+09:00,2195.0,2195.0,2195.0,2195.0,0,0.0,0.0,0.0
2019-05-03 00:00:00+09:00,2195.0,2195.0,2195.0,2195.0,0,0.0,0.0,0.0
2019-05-07 00:00:00+09:00,2195.0,2195.0,2195.0,2195.0,0,0.0,0.0,0.0
2019-05-08 00:00:00+09:00,2195.0,2195.0,2195.0,2195.0,0,0.0,0.0,0.0
2019-05-09 00:00:00+09:00,2195.0,2195.0,2195.0,2195.0,0,0.0,0.0,0.0
2019-05-10 00:00:00+09:00,2195.0,2195.0,2195.0,2195.0,0,0.0,0.0,0.0
2019-05-13 00:00:00+09:00,2195.0,2195.0,2195.0,2195.0,0,0.0,0.0,0.0
2019-05-14 00:00:00+09:00,2195.0,2195.0,2195.0,2195.0,0,0.0,0.0,0.0
2019-05-15 00:00:00+09:00,2195.0,2195.0,2195.0,2195.0,0,0.0,0.0,0.0
2019-05-16 00:00:00+09:00,2195.0,2195.0,2195.0,2195.0,0,0.0,0.0,0.0
2019-05-17 00:00:00+09:00,2195.0,2195.0,2195.0,2195.0,0,0.0,0.0,0.0
2019-05-20 00:00:00+09:00,2195.0,2195.0,2195.0,2195.0,0,0.0,0.0,0.0
2019-05-21 00:00:00+09:00,2195.0,2195.0,2195.0,2195.0,0,0.0,0.0,0.0
2019-05-22 00:00:00+09:00,2195.0,2195.0,2195.0,2195.0,0,0.0,0.0,0.0
2019-05-23 00:00:00+09:00,2195.0,2195.0,2195.0,2195.0,0,0.0,0.0,0.0
2019-05-24 00:00:00+09:00,2195.0,2195.0,2195.0,2195.0,0,0.0,0.0,0.0
2019-05-27 00:00:00+09:00,2195.0,2195.0,2195.0,2195.0,0,0.0,0.0,0.0
2019-05-28 00:00:00+09:00,2195.0,2195.0,2195.0,2195.0,0,0.0,0.0,0.0
2019-05-29 00:00:00+09:00,2195.0,2195.0,2195.0,2195.0,0,0.0,0.0,0.0
2019-05-30 00:00:00+09:00,2195.0,2195.0,2195.0,2195.0,0,0.0,0.0,0.0
2019-05-31 00:00:00+09:00,2195.0,2195.0,2195.0,2195.0,0,0.0,0.0,0.0
2019-06-03 00:00:00+09:00,2195.0,2195.0,2195.0,2195.0,0,0.0,0.0,0.0
2019-06-04 00:00:00+09:00,2195.0,2195.0,2195.0,2195.0,0,0.0,0.0,0.0
2019-06-05 00:00:00+09:00,2195.0,2195.0,2195.0,2195.0,0,0.0,0.0,0.0
2019-06-07 00:00:00+09:00,2195.0,2195.0,2195.0,2195.0,0,0.0,0.0,0.0
2019-06-10 00:00:00+09:00,2195.0,2195.0,2195.0,2195.0,0,0.0,0.0,0.0
2019-06-11 00:00:00+09:00,2195.0,2195.0,2195.0,2195.0,0,0.0,0.0,0.0
2019-06-12 00:00:00+09:00,2195.0,2195.0,2195.0,2195.0,0,0.0,0.0,0.0
2019-06-13 00:00:00+09:00,2195.0,2195.0,2195.0,2195.0,0,0.0,0.0,0.0
2019-06-14 00:00:00+09:00,2195.0,2195.0,2195.0,2195.0,0,0.0,0.0,0.0
2019-06-17 00:00:00+09:00,2195.0,2195.0,2195.0,2195.0,0,0.0,0.0,0.0
2019-06-18 00:00:00+09:00,2195.0,2195.0,2195.0,2195.0,0,0.0,0.0,0.0
2019-06-19 00:00:00+09:00,2195.0,2195.0,2195.0,2195.0,0,0.0,0.0,0.0
2019-06-20 00:00:00+09:00,2195.0,2195.0,2195.0,2195.0,0,0.0,0.0,0.0
2019-06-21 00:00:00+09:00,2195.0,2195.0,2195.0,2195.0,0,0.0,0.0,0.0
2019-06-24 00:00:00+09:00,2195.0,2195.0,2195.0,2195.0,0,0.0,0.0,0.0
2019-06-25 00:00:00+09:00,2195.0,2195.0,2195.0,2195.0,0,0.0,0.0,0.0
2019-06-26 00:00:00+09:00,2195.0,2195.0,2195.0,2195.0,0,0.0,0.0,0.0
2019-06-27 00:00:00+09:00,2195.0,2195.0,2195.0,2195.0,0,0.0,0.0,0.0
2019-06-28 00:00:00+09:00,2195.0,2195.0,2195.0,2195.0,0,0.0,0.0,0.0
2019-07-01 00:00:00+09:00,2195.0,2195.0,2195.0,2195.0,0,0.0,0.0,0.0
2019-07-02 00:00:00+09:00,2195.0,2195.0,2195.0,2195.0,0,0.0,0.0,0.0
2019-07-03 00:00:00+09:00,2195.0,2195.0,2195.0,2195.0,0,0.0,0.0,0.0
2019-07-04 00:00:00+09:00,2195.0,2195.0,2195.0,2195.0,0,0.0,0.0,0.0
2019-07-05 00:00:00+09:00,2195.0,2195.0,2195.0,2195.0,0,0.0,0.0,0.0
2019-07-08 00:00:00+09:00,2195.0,2195.0,2195.0,2195.0,0,0.0,0.0,0.0
2019-07-09 00:00:00+09:00,2195.0,2195.0,2195.0,2195.0,0,0.0,0.0,0.0
2019-07-10 00:00:00+09:00,2195.0,2195.0,2195.0,2195.0,0,0.0,0.0,0.0
2019-07-11 00:00:00+09:00,2195.0,2195.0,2195.0,2195.0,0,0.0,0.0,0.0
2019-07-12 00:00:00+09:00,2195.0,2195.0,2195.0,2195.0,0,0.0,0.0,0.0
2019-07-15 00:00:00+09:00,2195.0,2195.0,2195.0,2195.0,0,0.0,0.0,0.0
2019-07-16 00:00:00+09:00,2195.0,2195.0,2195.0,2195.0,0,0.0,0.0,0.0
2019-07-17 00:00:00+09:00,2195.0,2195.0,2195.0,2195.0,0,0.0,0.0,0.0
2019-07-18 00:00:00+09:00,2195.0,2195.0,2195.0,2195.0,0,0.0,0.0,0.0
2019-07-19 00:00:00+09:00,2195.0,2195.0,2195.0,2195.0,0,0.0,0.0,0.0
2019-07-22 00:00:00+09:00,2195.0,2195.0,2195.0,2195.0,0,0.0,0.0,0.0
2019-07-23 00:00:00+09:00,2195.0,2195.0,2195.0,2195.0,0,0.0,0.0,0.0
2019-07-24 00:00:00+09:00,2195.0,2195.0,2195.0,2195.0,0,0.0,0.0,0.0
2019-07-25 00:00:00+09:00,2195.0,2195.0,2195.0,2195.0,0,0.0,0.0,0.0
2019-07-26 00:00:00+09:00,2195.0,2195.0,2195.0,2195.0,0,0.0,0.0,0.0
2019-07-29 00:00:00+09:00,2195.0,2195.0,2195.0,2195.0,0,0.0,0.0,0.0
2019-07-30 00:00:00+09:00,2195.0,2195.0,2195.0,2195.0,0,0.0,0.0,0.0
2019-07-31 00:00:00+09:00,2195.0,2195.0,2195.0,2195.0,0,0.0,0.0,0.0
2019-08-01 00:00:00+09:00,2195.0,2195.0,2195.0,2195.0,0,0.0,0.0,0.0
2019-08-02 00:00:00+09:00,2195.0,2195.0,2195.0,2195.0,0,0.0,0.0,0.0
2019-08-05 00:00:00+09:00,2195.0,2195.0,2195.0,2195.0,0,0.0,0.0,0.0
2019-08-06 00:00:00+09:00,2195.0,2195.0,2195.0,2195.0,0,0.0,0.0,0.0
2019-08-07 00:00:00+09:00,2195.0,2195.0,2195.0,2195.0,0,0.0,0.0,0.0
2019-08-08 00:00:00+09:00,2195.0,2195.0,2195.0,2195.0,0,0.0,0.0,0.0
2019-08-09 00:00:00+09:00,2195.0,2195.0,2195.0,2195.0,0,0.0,0.0,0.0
2019-08-12 00:00:00+09:00,2195.0,2195.0,2195.0,2195.0,0,0.0,0.0,0.0
2019-08-13 00:00:00+09:00,2195.0,2195.0,2195.0,2195.0,0,0.0,0.0,0.0
2019-08-14 00:00:00+09:00,2195.0,2195.0,2195.0,2195.0,0,0.0,0.0,0.0
2019-08-16 00:00:00+09:00,2195.0,2195.0,2195.0,2195.0,0,0.0,0.0,0.0
2019-08-19 00:00:00+09:00,2195.0,2195.0,2195.0,2195.0,0,0.0,0.0,0.0
2019-08-20 00:00:00+09:00,2195.0,2195.0,2195.0,2195.0,0,0.0,0.0,0.0
2019-08-21 00:00:00+09:00,2195.0,2195.0,2195.0,2195.0,0,0.0,0.0,0.0
2019-08-22 00:00:00+09:00,2195.0,2195.0,2195.0,2195.0,0,0.0,0.0,0.0
2019-08-23 00:00:00+09:00,2195.0,2195.0,2195.0,2195.0,0,0.0,0.0,0.0
2019-08-26 00:00:00+09:00,2195.0,2195.0,2195.0,2195.0,0,0.0,0.0,0.0
2019-08-27 00:00:00+09:00,2195.0,2195.0,2195.0,2195.0,0,0.0,0.0,0.0
2019-08-28 00:00:00+09:00,2195.0,2195.0,2195.0,2195.0,0,0.0,0.0,0.0
2019-08-29 00:00:00+09:00,2195.0,2195.0,2195.0,2195.0,0,0.0,0.0,0.0
2019-08-30 00:00:00+09:00,2195.0,2195.0,2195.0,2195.0,0,0.0,0.0,0.0
2019-09-02 00:00:00+09:00,2195.0,2195.0,2195.0,2195.0,0,0.0,0.0,0.0
2019-09-03 00:00:00+09:00,2195.0,2195.0,2195.0,2195.0,0,0.0,0.0,0.0
2019-09-04 00:00:00+09:00,2195.0,2195.0,2195.0,2195.0,0,0.0,0.0,0.0
2019-09-05 00:00:00+09:00,2195.0,2195.0,2195.0,2195.0,0,0.0,0.0,0.0
2019-09-06 00:00:00+09:00,2195.0,2195.0,2195.0,2195.0,0,0.0,0.0,0.0
2019-09-09 00:00:00+09:00,2195.0,2195.0,2195.0,2195.0,0,0.0,0.0,0.0
2019-09-10 00:00:00+09:00,2195.0,2195.0,2195.0,2195.0,0,0.0,0.0,0.0
2019-09-11 00:00:00+09:00,2195.0,2195.0,2195.0,2195.0,0,0.0,0.0,0.0
2019-09-16 00:00:00+09:00,2195.0,2195.0,2195.0,2195.0,0,0.0,0.0,0.0
2019-09-17 00:00:00+09:00,2195.0,2195.0,2195.0,2195.0,0,0.0,0.0,0.0
2019-09-18 00:00:00+09:00,2195.0,2195.0,2195.0,2195.0,0,0.0,0.0,0.0
2019-09-19 00:00:00+09:00,2195.0,2195.0,2195.0,2195.0,0,0.0,0.0,0.0
2019-09-20 00:00:00+09:00,2195.0,2195.0,2195.0,2195.0,0,0.0,0.0,0.0
2019-09-23 00:00:00+09:00,2195.0,2195.0,2195.0,2195.0,0,0.0,0.0,0.0
2019-09-24 00:00:00+09:00,2195.0,2195.0,2195.0,2195.0,0,0.0,0.0,0.0
2019-09-25 00:00:00+09:00,2195.0,2195.0,2195.0,2195.0,0,0.0,0.0,0.0
2019-09-26 00:00:00+09:00,2195.0,2195.0,2195.0,2195.0,0,0.0,0.0,0.0
2019-09-27 00:00:00+09:00,2195.0,2195.0,2195.0,2195.0,0,0.0,0.0,0.0
2019-09-30 00:00:00+09:00,2195.0,2195.0,2195.0,2195.0,0,0.0,0.0,0.0
2019-10-01 00:00:00+09:00,2195.0,2195.0,2195.0,2195.0,0,0.0,0.0,0.0
2019-10-02 00:00:00+09:00,2195.0,2195.0,2195.0,2195.0,0,0.0,0.0,0.0
2019-10-04 00:00:00+09:00,2195.0,2195.0,2195.0,2195.0,0,0.0,0.0,0.0
2019-10-07 00:00:00+09:00,2195.0,2195.0,2195.0,2195.0,0,0.0,0.0,0.0
2019-10-08 00:00:00+09:00,2195.0,2195.0,2195.0,2195.0,0,0.0,0.0,0.0
2019-10-10 00:00:00+09:00,2195.0,2195.0,2195.0,2195.0,0,0.0,0.0,0.0
2019-10-11 00:00:00+09:00,2195.0,2195.0,2195.0,2195.0,0,0.0,0.0,0.0
2019-10-14 00:00:00+09:00,2195.0,2195.0,2195.0,2195.0,0,0.0,0.0,0.0
2019-10-15 00:00:00+09:00,2195.0,2195.0,2195.0,2195.0,0,0.0,0.0,0.0
2019-10-16 00:00:00+09:00,2195.0,2195.0,2195.0,2195.0,0,0.0,0.0,0.0
2019-10-17 00:00:00+09:00,2195.0,2195.0,2195.0,2195.0,0,0.0,0.0,0.0
2019-10-18 00:00:00+09:00,2195.0,2195.0,2195.0,2195.0,0,0.0,0.0,0.0
2019-10-21 00:00:00+09:00,2195.0,2195.0,2195.0,2195.0,0,0.0,0.0,0.0
2019-10-22 00:00:00+09:00,2195.0,2195.0,2195.0,2195.0,0,0.0,0.0,0.0
2019-10-23 00:00:00+09:00,2195.0,2195.0,2195.0,2195.0,0,0.0,0.0,0.0
2019-10-24 00:00:00+09:00,2195.0,2195.0,2195.0,2195.0,0,0.0,0.0,0.0
2019-10-25 00:00:00+09:00,2195.0,2195.0,2195.0,2195.0,0,0.0,0.0,0.0
2019-10-28 00:00:00+09:00,2195.0,2195.0,2195.0,2195.0,0,0.0,0.0,0.0
2019-10-29 00:00:00+09:00,2195.0,2195.0,2195.0,2195.0,0,0.0,0.0,0.0
2019-10-30 00:00:00+09:00,2195.0,2195.0,2195.0,2195.0,0,0.0,0.0,0.0
2019-10-31 00:00:00+09:00,2195.0,2195.0,2195.0,2195.0,0,0.0,0.0,0.0
2019-11-01 00:00:00+09:00,2195.0,2195.0,2195.0,2195.0,0,0.0,0.0,0.0
2019-11-04 00:00:00+09:00,2195.0,2195.0,2195.0,2195.0,0,0.0,0.0,0.0
2019-11-05 00:00:00+09:00,2195.0,2195.0,2195.0,2195.0,0,0.0,0.0,0.0
2019-11-06 00:00:00+09:00,2195.0,2195.0,2195.0,2195.0,0,0.0,0.0,0.0
2019-11-07 00:00:00+09:00,2195.0,2195.0,2195.0,2195.0,0,0.0,0.0,0.0
2019-11-08 00:00:00+09:00,2195.0,2195.0,2195.0,2195.0,0,0.0,0.0,0.0
2019-11-11 00:00:00+09:00,2195.0,2195.0,2195.0,2195.0,0,0.0,0.0,0.0
2019-11-12 00:00:00+09:00,2195.0,2195.0,2195.0,2195.0,0,0.0,0.0,0.0
2019-11-13 00:00:00+09:00,2195.0,2195.0,2195.0,2195.0,0,0.0,0.0,0.0
2019-11-14 00:00:00+09:00,2195.0,2195.0,2195.0,2195.0,0,0.0,0.0,0.0
2019-11-15 00:00:00+09:00,2195.0,2195.0,2195.0,2195.0,0,0.0,0.0,0.0
2019-11-18 00:00:00+09:00,2195.0,2195.0,2195.0,2195.0,0,0.0,0.0,0.0
2019-11-19 00:00:00+09:00,2195.0,2195.0,2195.0,2195.0,0,0.0,0.0,0.0
2019-11-20 00:00:00+09:00,2195.0,2195.0,2195.0,2195.0,0,0.0,0.0,0.0
2019-11-21 00:00:00+09:00,2195.0,2195.0,2195.0,2195.0,0,0.0,0.0,0.0
2019-11-22 00:00:00+09:00,2195.0,2195.0,2195.0,2195.0,0,0.0,0.0,0.0
2019-11-25 00:00:00+09:00,2195.0,2195.0,2195.0,2195.0,0,0.0,0.0,0.0
2019-11-26 00:00:00+09:00,2195.0,2195.0,2195.0,2195.0,0,0.0,0.0,0.0
2019-11-27 00:00:00+09:00,2195.0,2195.0,2195.0,2195.0,0,0.0,0.0,0.0
2019-11-28 00:00:00+09:00,2195.0,2195.0,2195.0,2195.0,0,0.0,0.0,0.0
2019-11-29 00:00:00+09:00,2195.0,2195.0,2195.0,2195.0,0,0.0,0.0,0.0
2019-12-02 00:00:00+09:00,2195.0,2195.0,2195.0,2195.0,0,0.0,0.0,0.0
2019-12-03 00:00:00+09:00,2195.0,2195.0,2195.0,2195.0,0,0.0,0.0,0.0
2019-12-04 00:00:00+09:00,2195.0,2195.0,2195.0,2195.0,0,0.0,0.0,0.0
2019-12-05 00:00:00+09:00,2195.0,2195.0,2195.0,2195.0,0,0.0,0.0,0.0
2019-12-06 00:00:00+09:00,2195.0,2195.0,2195.0,2195.0,0,0.0,0.0,0.0
2019-12-09 00:00:00+09:00,2195.0,2195.0,2195.0,2195.0,0,0.0,0.0,0.0
2019-12-10 00:00:00+09:00,2195.0,2195.0,2195.0,2195.0,0,0.0,0.0,0.0
2019-12-11 00:00:00+09:00,2195.0,2195.0,2195.0,2195.0,0,0.0,0.0,0.0
2019-12-12 00:00:00+09:00,2195.0,2195.0,2195.0,2195.0,0,0.0,0.0,0.0
2019-12-13 00:00:00+09:00,2195.0,2195.0,2195.0,2195.0,0,0.0,0.0,0.0
2019-12-16 00:00:00+09:00,2195.0,2195.0,2195.0,2195.0,0,0.0,0.0,0.0
2019-12-17 00:00:00+09:00,2195.0,2195.0,2195.0,2195.0,0,0.0,0.0,0.0
2019-12-18 00:00:00+09:00,2195.0,2195.0,2195.0,2195.0,0,0.0,0.0,0.0
2019-12-19 00:00:00+09:00,2195.0,2195.0,2195.0,2195.0,0,0.0,0.0,0.0
2019-12-20 00:00:00+09:00,2195.0,2195.0,2195.0,2195.0,0,0.0,0.0,0.0
2019-12-23 00:00:00+09:00,2195.0,2195.0,2195.0,2195.0,0,0.0,0.0,0.0
2019-12-24 00:00:00+09:00,2195.0,2195.0,2195.0,2195.0,0,0.0,0.0,0.0
2019-12-26 00:00:00+09:00,2195.0,2195.0,2195.0,2195.0,0,0.0,0.0,0.0
2019-12-27 00:00:00+09:00,2195.0,2195.0,2195.0,2195.0,0,0.0,0.0,0.0
2019-12-30 00:00:00+09:00,2195.0,2195.0,2195.0,2195.0,0,0.0,0.0,0.0
2020-01-02 00:00:00+09:00,2195.0,2195.0,2195.0,2195.0,0,0.0,0.0,0.0
2020-01-03 00:00:00+09:00,2195.0,2195.0,2195.0,2195.0,0,0.0,0.0,0.0
2020-01-06 00:00:00+09:00,2195.0,2195.0,2195.0,2195.0,0,0.0,0.0,0.0
2020-01-07 00:00:00+09:00,2195.0,2195.0,2195.0,2195.0,0,0.0,0.0,0.0
2020-01-08 00:00:00+09:00,2195.0,2195.0,2195.0,2195.0,0,0.0,0.0,0.0
2020-01-09 00:00:00+09:00,2195.0,2195.0,2195.0,2195.0,0,0.0,0.0,0.0
2020-01-10 00:00:00+09:00,2195.0,2195.0,2195.0,2195.0,0,0.0,0.0,0.0
2020-01-13 00:00:00+09:00,2195.0,2195.0,2195.0,2195.0,0,0.0,0.0,0.0
2020-01-14 00:00:00+09:00,2195.0,2195.0,2195.0,2195.0,0,0.0,0.0,0.0
2020-01-15 00:00:00+09:00,2195.0,2195.0,2195.0,2195.0,0,0.0,0.0,0.0
2020-01-16 00:00:00+09:00,2195.0,2195.0,2195.0,2195.0,0,0.0,0.0,0.0
2020-01-17 00:00:00+09:00,2195.0,2195.0,2195.0,2195.0,0,0.0,0.0,0.0
2020-01-20 00:00:00+09:00,2195.0,2195.0,2195.0,2195.0,0,0.0,0.0,0.0
2020-01-21 00:00:00+09:00,2195.0,2195.0,2195.0,2195.0,0,0.0,0.0,0.0
2020-01-22 00:00:00+09:00,2195.0,2195.0,2195.0,2195.0,0,0.0,0.0,0.0
2020-01-23 00:00:00+09:00,2195.0,2195.0,2195.0,2195.0,0,0.0,0.0,0.0
2020-01-28 00:00:00+09:00,2195.0,2195.0,2195.0,2195.0,0,0.0,0.0,0.0
2020-01-29 00:00:00+09:00,2195.0,2195.0,2195.0,2195.0,0,0.0,0.0,0.0
2020-01-30 00:00:00+09:00,2195.0,2195.0,2195.0,2195.0,0,0.0,0.0,0.0
2020-01-31 00:00:00+09:00,2195.0,2195.0,2195.0,2195.0,0,0.0,0.0,0.0
2020-02-03 00:00:00+09:00,2195.0,2195.0,2195.0,2195.0,0,0.0,0.0,0.0
2020-02-04 00:00:00+09:00,2195.0,2195.0,2195.0,2195.0,0,0.0,0.0,0.0
2020-02-05 00:00:00+09:00,2195.0,2195.0,2195.0,2195.0,0,0.0,0.0,0.0
2020-02-06 00:00:00+09:00,2195.0,2195.0,2195.0,2195.0,0,0.0,0.0,0.0
2020-02-07 00:00:00+09:00,2195.0,2195.0,2195.0,2195.0,0,0.0,0.0,0.0
2020-02-10 00:00:00+09:00,2195.0,2195.0,2195.0,2195.0,0,0.0,0.0,0.0
2020-02-11 00:00:00+09:00,2195.0,2195.0,2195.0,2195.0,0,0.0,0.0,0.0
2020-02-12 00:00:00+09:00,2195.0,2195.0,2195.0,2195.0,0,0.0,0.0,0.0
2020-02-13 00:00:00+09:00,2195.0,2195.0,2195.0,2195.0,0,0.0,0.0,0.0
2020-02-14 00:00:00+09:00,2195.0,2195.0,2195.0,2195.0,0,0.0,0.0,0.0
2020-02-17 00:00:00+09:00,2195.0,2195.0,2195.0,2195.0,0,0.0,0.0,0.0
2020-02-18 00:00:00+09:00,2195.0,2195.0,2195.0,2195.0,0,0.0,0.0,0.0
2020-02-19 00:00:00+09:00,2195.0,2195.0,2195.0,2195.0,0,0.0,0.0,0.0
2020-02-20 00:00:00+09:00,2195.0,2195.0,2195.0,2195.0,0,0.0,0.0,0.0
2020-02-21 00:00:00+09:00,2195.0,2195.0,2195.0,2195.0,0,0.0,0.0,0.0
2020-02-24 00:00:00+09:00,2195.0,2195.0,2195.0,2195.0,0,0.0,0.0,0.0
2020-02-25 00:00:00+09:00,2195.0,2195.0,2195.0,2195.0,0,0.0,0.0,0.0
2020-02-26 00:00:00+09:00,2195.0,2195.0,2195.0,2195.0,0,0.0,0.0,0.0
2020-02-27 00:00:00+09:00,2195.0,2195.0,2195.0,2195.0,0,0.0,0.0,0.0
2020-02-28 00:00:00+09:00,2195.0,2195.0,2195.0,2195.0,0,0.0,0.0,0.0
2020-03-02 00:00:00+09:00,2195.0,2195.0,2195.0,2195.0,0,0.0,0.0,0.0
2020-03-03 00:00:00+09:00,2195.0,2195.0,2195.0,2195.0,0,0.0,0.0,0.0
2020-03-04 00:00:00+09:00,2195.0,2195.0,2195.0,2195.0,0,0.0,0.0,0.0
2020-03-05 00:00:00+09:00,2195.0,2195.0,2195.0,2195.0,0,0.0,0.0,0.0
2020-03-06 00:00:00+09:00,2195.0,2195.0,2195.0,2195.0,0,0.0,0.0,0.0
2020-03-09 00:00:00+09:00,2195.0,2195.0,2195.0,2195.0,0,0.0,0.0,0.0
2020-03-10 00:00:00+09:00,2195.0,2195.0,2195.0,2195.0,0,0.0,0.0,0.0
2020-03-11 00:00:00+09:00,2195.0,2195.0,2195.0,2195.0,0,0.0,0.0,0.0
2020-03-12 00:00:00+09:00,2195.0,2195.0,2195.0,2195.0,0,0.0,0.0,0.0
2020-03-13 00:00:00+09:00,2195.0,2195.0,2195.0,2195.0,0,0.0,0.0,0.0
2020-03-16 00:00:00+09:00,2195.0,2195.0,2195.0,2195.0,0,0.0,0.0,0.0
2020-03-17 00:00:00+09:00,2195.0,2195.0,2195.0,2195.0,0,0.0,0.0,0.0
2020-03-18 00:00:00+09:00,2195.0,2195.0,2195.0,2195.0,0,0.0,0.0,0.0
2020-03-19 00:00:00+09:00,2195.0,2195.0,2195.0,2195.0,0,0.0,0.0,0.0
2020-03-20 00:00:00+09:00,2195.0,2195.0,2195.0,2195.0,0,0.0,0.0,0.0
2020-03-23 00:00:00+09:00,2195.0,2195.0,2195.0,2195.0,0,0.0,0.0,0.0
2020-03-24 00:00:00+09:00,2195.0,2195.0,2195.0,2195.0,0,0.0,0.0,0.0
2020-03-25 00:00:00+09:00,2195.0,2195.0,2195.0,2195.0,0,0.0,0.0,0.0
2020-03-26 00:00:00+09:00,2195.0,2195.0,2195.0,2195.0,0,0.0,0.0,0.0
2020-03-27 00:00:00+09:00,2195.0,2195.0,2195.0,2195.0,0,0.0,0.0,0.0
2020-03-30 00:00:00+09:00,2195.0,2195.0,2195.0,2195.0,0,0.0,0.0,0.0
2020-03-31 00:00:00+09:00,2195.0,2195.0,2195.0,2195.0,0,0.0,0.0,0.0
2020-04-01 00:00:00+09:00,2195.0,2195.0,2195.0,2195.0,0,0.0,0.0,0.0
2020-04-02 00:00:00+09:00,2195.0,2195.0,2195.0,2195.0,0,0.0,0.0,0.0
2020-04-03 00:00:00+09:00,2195.0,2195.0,2195.0,2195.0,0,0.0,0.0,0.0
2020-04-06 00:00:00+09:00,2195.0,2195.0,2195.0,2195.0,0,0.0,0.0,0.0
2020-04-07 00:00:00+09:00,2195.0,2195.0,2195.0,2195.0,0,0.0,0.0,0.0
2020-04-08 00:00:00+09:00,2195.0,2195.0,2195.0,2195.0,0,0.0,0.0,0.0
2020-04-09 00:00:00+09:00,2195.0,2195.0,2195.0,2195.0,0,0.0,0.0,0.0
2020-04-10 00:00:00+09:00,2195.0,2195.0,2195.0,2195.0,0,0.0,0.0,0.0
2020-04-13 00:00:00+09:00,2195.0,2195.0,2195.0,2195.0,0,0.0,0.0,0.0
2020-04-14 00:00:00+09:00,2195.0,2195.0,2195.0,2195.0,0,0.0,0.0,0.0
2020-04-16 00:00:00+09:00,2195.0,2195.0,2195.0,2195.0,0,0.0,0.0,0.0
2020-04-17 00:00:00+09:00,2195.0,2195.0,2195.0,2195.0,0,0.0,0.0,0.0
2020-04-20 00:00:00+09:00,2195.0,2195.0,2195.0,2195.0,0,0.0,0.0,0.0
2020-04-21 00:00:00+09:00,2195.0,2195.0,2195.0,2195.0,0,0.0,0.0,0.0
2020-04-22 00:00:00+09:00,2195.0,2195.0,2195.0,2195.0,0,0.0,0.0,0.0
2020-04-23 00:00:00+09:00,2195.0,2195.0,2195.0,2195.0,0,0.0,0.0,0.0
2020-04-24 00:00:00+09:00,2195.0,2195.0,2195.0,2195.0,0,0.0,0.0,0.0
2020-04-27 00:00:00+09:00,2195.0,2195.0,2195.0,2195.0,0,0.0,0.0,0.0
2020-04-28 00:00:00+09:00,2195.0,2195.0,2195.0,2195.0,0,0.0,0.0,0.0
2020-04-29 00:00:00+09:00,2195.0,2195.0,2195.0,2195.0,0,0.0,0.0,0.0
2020-05-04 00:00:00+09:00,2195.0,2195.0,2195.0,2195.0,0,0.0,0.0,0.0
2020-05-06 00:00:00+09:00,2195.0,2195.0,2195.0,2195.0,0,0.0,0.0,0.0
2020-05-07 00:00:00+09:00,2195.0,2195.0,2195.0,2195.0,0,0.0,0.0,0.0
2020-05-08 00:00:00+09:00,2195.0,2195.0,2195.0,2195.0,0,0.0,0.0,0.0
2020-05-11 00:00:00+09:00,2195.0,2195.0,2195.0,2195.0,0,0.0,0.0,0.0
2020-05-12 00:00:00+09:00,2195.0,2195.0,2195.0,2195.0,0,0.0,0.0,0.0
2020-05-13 00:00:00+09:00,2195.0,2195.0,2195.0,2195.0,0,0.0,0.0,0.0
2020-05-14 00:00:00+09:00,2195.0,2195.0,2195.0,2195.0,0,0.0,0.0,0.0
2020-05-15 00:00:00+09:00,2195.0,2195.0,2195.0,2195.0,0,0.0,0.0,0.0
2020-05-18 00:00:00+09:00,2195.0,2195.0,2195.0,2195.0,0,0.0,0.0,0.0
2020-05-19 00:00:00+09:00,2195.0,2195.0,2195.0,2195.0,0,0.0,0.0,0.0
2020-05-20 00:00:00+09:00,2195.0,2195.0,2195.0,2195.0,0,0.0,0.0,0.0
2020-05-21 00:00:00+09:00,2195.0,2195.0,2195.0,2195.0,0,0.0,0.0,0.0
2020-05-22 00:00:00+09:00,2195.0,2195.0,2195.0,2195.0,0,0.0,0.0,0.0
2020-05-25 00:00:00+09:00,2195.0,2195.0,2195.0,2195.0,0,0.0,0.0,0.0
2020-05-26 00:00:00+09:00,2195.0,2195.0,2195.0,2195.0,0,0.0,0.0,0.0
2020-05-27 00:00:00+09:00,2195.0,2195.0,2195.0,2195.0,0,0.0,0.0,0.0
2020-05-28 00:00:00+09:00,2195.0,2195.0,2195.0,2195.0,0,0.0,0.0,0.0
2020-05-29 00:00:00+09:00,2195.0,2195.0,2195.0,2195.0,0,0.0,0.0,0.0
2020-06-01 00:00:00+09:00,2195.0,2195.0,2195.0,2195.0,0,0.0,0.0,0.0
2020-06-02 00:00:00+09:00,2195.0,2195.0,2195.0,2195.0,0,0.0,0.0,0.0
2020-06-03 00:00:00+09:00,2195.0,2195.0,2195.0,2195.0,0,0.0,0.0,0.0
2020-06-04 00:00:00+09:00,2195.0,2195.0,2195.0,2195.0,0,0.0,0.0,0.0
2020-06-05 00:00:00+09:00,2195.0,2195.0,2195.0,2195.0,0,0.0,0.0,0.0
2020-06-08 00:00:00+09:00,2195.0,2195.0,2195.0,2195.0,0,0.0,0.0,0.0
2020-06-09 00:00:00+09:00,2195.0,2195.0,2195.0,2195.0,0,0.0,0.0,0.0
2020-06-10 00:00:00+09:00,2195.0,2195.0,2195.0,2195.0,0,0.0,0.0,0.0
2020-06-11 00:00:00+09:00,2195.0,2195.0,2195.0,2195.0,0,0.0,0.0,0.0
2020-06-12 00:00:00+09:00,2195.0,2195.0,2195.0,2195.0,0,0.0,0.0,0.0
2020-06-15 00:00:00+09:00,2195.0,2195.0,2195.0,2195.0,0,0.0,0.0,0.0
2020-06-16 00:00:00+09:00,2195.0,2195.0,2195.0,2195.0,0,0.0,0.0,0.0
2020-06-17 00:00:00+09:00,2195.0,2195.0,2195.0,2195.0,0,0.0,0.0,0.0
2020-06-18 00:00:00+09:00,2195.0,2195.0,2195.0,2195.0,0,0.0,0.0,0.0
2020-06-19 00:00:00+09:00,1350.0,1395.0,1135.0,1155.0,6323436,0.0,0.0,0.0
2020-06-22 00:00:00+09:00,1120.0,1500.0,1055.0,1500.0,5519538,0.0,0.0,0.0
2020-06-23 00:00:00+09:00,1765.0,1945.0,1500.0,1540.0,13104355,0.0,0.0,0.0
2020-06-24 00:00:00+09:00,1515.0,1600.0,1395.0,1460.0,1956352,0.0,0.0,0.0
2020-06-25 00:00:00+09:00,1430.0,1455.0,1360.0,1385.0,916846,0.0,0.0,0.0
2020-06-26 00:00:00+09:00,1395.0,1800.0,1355.0,1540.0,7375592,0.0,0.0,0.0
2020-06-29 00:00:00+09:00,1525.0,1615.0,1450.0,1535.0,1006807,0.0,0.0,0.0
2020-06-30 00:00:00+09:00,1535.0,1580.0,1400.0,1420.0,1044780,0.0,0.0,0.0
2020-07-01 00:00:00+09:00,1460.0,1475.0,1375.0,1390.0,423987,0.0,0.0,0.0
2020-07-02 00:00:00+09:00,1400.0,1435.0,1365.0,1410.0,281057,0.0,0.0,0.0
2020-07-03 00:00:00+09:00,1415.0,1435.0,1350.0,1385.0,289931,0.0,0.0,0.0
2020-07-06 00:00:00+09:00,1410.0,1410.0,1300.0,1345.0,549917,0.0,0.0,0.0
2020-07-07 00:00:00+09:00,1370.0,1370.0,1305.0,1325.0,335903,0.0,0.0,0.0
2020-07-08 00:00:00+09:00,1345.0,1360.0,1290.0,1300.0,257882,0.0,0.0,0.0
2020-07-09 00:00:00+09:00,1310.0,1320.0,1270.0,1275.0,256391,0.0,0.0,0.0
2020-07-10 00:00:00+09:00,1255.0,1275.0,1200.0,1265.0,452360,0.0,0.0,0.0
2020-07-13 00:00:00+09:00,1260.0,1310.0,1250.0,1270.0,222779,0.0,0.0,0.0
2020-07-14 00:00:00+09:00,1260.0,1260.0,1210.0,1215.0,278326,0.0,0.0,0.0
2020-07-15 00:00:00+09:00,1220.0,1245.0,1180.0,1185.0,434074,0.0,0.0,0.0
2020-07-16 00:00:00+09:00,1190.0,1195.0,1155.0,1190.0,200084,0.0,0.0,0.0
2020-07-17 00:00:00+09:00,1190.0,1200.0,1155.0,1190.0,188155,0.0,0.0,0.0
2020-07-20 00:00:00+09:00,1180.0,1210.0,1155.0,1180.0,181196,0.0,0.0,0.0
2020-07-21 00:00:00+09:00,1185.0,1185.0,1160.0,1165.0,230673,0.0,0.0,0.0
2020-07-22 00:00:00+09:00,1165.0,1170.0,1130.0,1150.0,311673,0.0,0.0,0.0
2020-07-23 00:00:00+09:00,1155.0,1180.0,1135.0,1135.0,185380,0.0,0.0,0.0
2020-07-24 00:00:00+09:00,1125.0,1150.0,1110.0,1150.0,340959,0.0,0.0,0.0
2020-07-27 00:00:00+09:00,1165.0,1210.0,1150.0,1190.0,316160,0.0,0.0,0.0
2020-07-28 00:00:00+09:00,1200.0,1215.0,1160.0,1175.0,247446,0.0,0.0,0.0
2020-07-29 00:00:00+09:00,1155.0,1175.0,1145.0,1145.0,138757,0.0,0.0,0.0
2020-07-30 00:00:00+09:00,1145.0,1165.0,1130.0,1140.0,104014,0.0,0.0,0.0
2020-07-31 00:00:00+09:00,1135.0,1165.0,1100.0,1140.0,314633,0.0,0.0,0.0
2020-08-03 00:00:00+09:00,1145.0,1180.0,1095.0,1105.0,301037,0.0,0.0,0.0
2020-08-04 00:00:00+09:00,1090.0,1105.0,1065.0,1075.0,367728,0.0,0.0,0.0
2020-08-05 00:00:00+09:00,1080.0,1090.0,1050.0,1055.0,259793,0.0,0.0,0.0
2020-08-06 00:00:00+09:00,1060.0,1290.0,1050.0,1150.0,1585797,0.0,0.0,0.0
2020-08-07 00:00:00+09:00,1170.0,1170.0,1085.0,1095.0,451581,0.0,0.0,0.0
2020-08-10 00:00:00+09:00,1090.0,1145.0,1060.0,1130.0,437073,0.0,0.0,0.0
2020-08-11 00:00:00+09:00,1135.0,1290.0,1110.0,1195.0,1761096,0.0,0.0,0.0
2020-08-12 00:00:00+09:00,1215.0,1215.0,1140.0,1155.0,337017,0.0,0.0,0.0
2020-08-13 00:00:00+09:00,1140.0,1240.0,1125.0,1200.0,600871,0.0,0.0,0.0
2020-08-14 00:00:00+09:00,1200.0,1230.0,1160.0,1195.0,256140,0.0,0.0,0.0
2020-08-18 00:00:00+09:00,1150.0,1150.0,1035.0,1080.0,759121,0.0,0.0,0.0
2020-08-19 00:00:00+09:00,1080.0,1105.0,1040.0,1055.0,306964,0.0,0.0,0.0
2020-08-20 00:00:00+09:00,1040.0,1055.0,970.0,974.0,615953,0.0,0.0,0.0
2020-08-21 00:00:00+09:00,985.0,1030.0,985.0,1010.0,321498,0.0,0.0,0.0
2020-08-24 00:00:00+09:00,1025.0,1025.0,990.0,1020.0,173889,0.0,0.0,0.0
2020-08-25 00:00:00+09:00,1020.0,1040.0,1000.0,1015.0,172812,0.0,0.0,0.0
2020-08-26 00:00:00+09:00,1015.0,1015.0,992.0,998.0,170544,0.0,0.0,0.0
2020-08-27 00:00:00+09:00,1000.0,1000.0,969.0,976.0,294326,0.0,0.0,0.0
2020-08-28 00:00:00+09:00,992.0,1040.0,974.0,985.0,280872,0.0,0.0,0.0
2020-08-31 00:00:00+09:00,997.0,1010.0,980.0,990.0,153677,0.0,0.0,0.0
2020-09-01 00:00:00+09:00,998.0,1005.0,983.0,993.0,144642,0.0,0.0,0.0
2020-09-02 00:00:00+09:00,998.0,1290.0,984.0,1090.0,5117622,0.0,0.0,0.0
2020-09-03 00:00:00+09:00,1080.0,1135.0,1050.0,1115.0,1091632,0.0,0.0,0.0
2020-09-04 00:00:00+09:00,1090.0,1235.0,1060.0,1105.0,2008701,0.0,0.0,0.0
2020-09-07 00:00:00+09:00,1080.0,1230.0,1070.0,1165.0,1028844,0.0,0.0,0.0
2020-09-08 00:00:00+09:00,1165.0,1195.0,1125.0,1130.0,343920,0.0,0.0,0.0
2020-09-09 00:00:00+09:00,1125.0,1165.0,1100.0,1130.0,143250,0.0,0.0,0.0
2020-09-10 00:00:00+09:00,1160.0,1160.0,1125.0,1150.0,186017,0.0,0.0,0.0
2020-09-11 00:00:00+09:00,1150.0,1150.0,1110.0,1135.0,139466,0.0,0.0,0.0
2020-09-14 00:00:00+09:00,1135.0,1160.0,1125.0,1140.0,154197,0.0,0.0,0.0
2020-09-15 00:00:00+09:00,1245.0,1435.0,1230.0,1365.0,6362927,0.0,0.0,0.0
2020-09-16 00:00:00+09:00,1500.0,1700.0,1380.0,1400.0,10751451,0.0,0.0,0.0
2020-09-17 00:00:00+09:00,1465.0,1465.0,1300.0,1365.0,1230207,0.0,0.0,0.0
2020-09-18 00:00:00+09:00,1340.0,1340.0,1235.0,1250.0,862402,0.0,0.0,0.0
2020-09-21 00:00:00+09:00,1220.0,1465.0,1215.0,1345.0,1834942,0.0,0.0,0.0
2020-09-22 00:00:00+09:00,1350.0,1355.0,1240.0,1250.0,590632,0.0,0.0,0.0
2020-09-23 00:00:00+09:00,1255.0,1295.0,1220.0,1265.0,271059,0.0,0.0,0.0
2020-09-24 00:00:00+09:00,1245.0,1260.0,1205.0,1235.0,290524,0.0,0.0,0.0
2020-09-25 00:00:00+09:00,1235.0,1255.0,1210.0,1225.0,192981,0.0,0.0,0.0
2020-09-28 00:00:00+09:00,1270.0,1380.0,1225.0,1320.0,889575,0.0,0.0,0.0
2020-09-29 00:00:00+09:00,1375.0,1375.0,1290.0,1330.0,319795,0.0,0.0,0.0
2020-10-05 00:00:00+09:00,1330.0,1390.0,1300.0,1375.0,426165,0.0,0.0,0.0
2020-10-06 00:00:00+09:00,1380.0,1390.0,1330.0,1365.0,289104,0.0,0.0,0.0
2020-10-07 00:00:00+09:00,1330.0,1370.0,1325.0,1360.0,148620,0.0,0.0,0.0
2020-10-08 00:00:00+09:00,1365.0,1370.0,1320.0,1340.0,259662,0.0,0.0,0.0
2020-10-12 00:00:00+09:00,1330.0,1345.0,1300.0,1330.0,247887,0.0,0.0,0.0
2020-10-13 00:00:00+09:00,1335.0,1345.0,1305.0,1325.0,152271,0.0,0.0,0.0
2020-10-14 00:00:00+09:00,1315.0,1325.0,1290.0,1295.0,215065,0.0,0.0,0.0
2020-10-15 00:00:00+09:00,1295.0,1305.0,1250.0,1305.0,207597,0.0,0.0,0.0
2020-10-16 00:00:00+09:00,1300.0,1310.0,1260.0,1285.0,146081,0.0,0.0,0.0
2020-10-19 00:00:00+09:00,1285.0,1295.0,1225.0,1225.0,159020,0.0,0.0,0.0
2020-10-20 00:00:00+09:00,1190.0,1490.0,1175.0,1400.0,1300769,0.0,0.0,0.0
2020-10-21 00:00:00+09:00,1355.0,1360.0,1270.0,1300.0,471298,0.0,0.0,0.0
2020-10-22 00:00:00+09:00,1300.0,1300.0,1230.0,1260.0,203741,0.0,0.0,0.0
2020-10-23 00:00:00+09:00,1260.0,1260.0,1215.0,1225.0,110457,0.0,0.0,0.0
2020-10-26 00:00:00+09:00,1225.0,1240.0,1195.0,1195.0,132170,0.0,0.0,0.0
2020-10-27 00:00:00+09:00,1230.0,1235.0,1190.0,1210.0,133817,0.0,0.0,0.0
2020-10-28 00:00:00+09:00,1230.0,1230.0,1200.0,1215.0,96772,0.0,0.0,0.0
2020-10-29 00:00:00+09:00,1195.0,1220.0,1165.0,1210.0,114866,0.0,0.0,0.0
2020-10-30 00:00:00+09:00,1230.0,1245.0,1195.0,1205.0,82093,0.0,0.0,0.0
2020-11-02 00:00:00+09:00,1215.0,1345.0,1190.0,1220.0,462896,0.0,0.0,0.0
2020-11-03 00:00:00+09:00,1220.0,1230.0,1205.0,1210.0,99825,0.0,0.0,0.0
2020-11-04 00:00:00+09:00,1220.0,1225.0,1195.0,1210.0,104173,0.0,0.0,0.0
2020-11-05 00:00:00+09:00,1205.0,1245.0,1205.0,1220.0,98651,0.0,0.0,0.0
2020-11-06 00:00:00+09:00,1240.0,1315.0,1215.0,1285.0,352950,0.0,0.0,0.0
2020-11-09 00:00:00+09:00,1330.0,1330.0,1280.0,1310.0,174782,0.0,0.0,0.0
2020-11-10 00:00:00+09:00,1310.0,1360.0,1280.0,1340.0,334816,0.0,0.0,0.0
2020-11-11 00:00:00+09:00,1340.0,1340.0,1280.0,1305.0,154310,0.0,0.0,0.0
2020-11-12 00:00:00+09:00,1295.0,1320.0,1265.0,1270.0,95683,0.0,0.0,0.0
2020-11-13 00:00:00+09:00,1250.0,1325.0,1230.0,1305.0,247336,0.0,0.0,0.0
2020-11-16 00:00:00+09:00,1290.0,1405.0,1255.0,1255.0,1747692,0.0,0.0,0.0
2020-11-17 00:00:00+09:00,1280.0,1290.0,1250.0,1270.0,238362,0.0,0.0,0.0
2020-11-18 00:00:00+09:00,1270.0,1300.0,1260.0,1270.0,111588,0.0,0.0,0.0
2020-11-19 00:00:00+09:00,1260.0,1280.0,1245.0,1255.0,152033,0.0,0.0,0.0
2020-11-20 00:00:00+09:00,1245.0,1275.0,1240.0,1250.0,162129,0.0,0.0,0.0
2020-11-23 00:00:00+09:00,1250.0,1270.0,1245.0,1260.0,132848,0.0,0.0,0.0
2020-11-24 00:00:00+09:00,1280.0,1300.0,1250.0,1280.0,225174,0.0,0.0,0.0
2020-11-25 00:00:00+09:00,1295.0,1295.0,1245.0,1250.0,173413,0.0,0.0,0.0
2020-11-26 00:00:00+09:00,1250.0,1270.0,1220.0,1235.0,154066,0.0,0.0,0.0
2020-11-27 00:00:00+09:00,1270.0,1290.0,1235.0,1265.0,147756,0.0,0.0,0.0
2020-11-30 00:00:00+09:00,1265.0,1285.0,1220.0,1230.0,168888,0.0,0.0,0.0
2020-12-01 00:00:00+09:00,1230.0,1250.0,1215.0,1230.0,79104,0.0,0.0,0.0
2020-12-02 00:00:00+09:00,1260.0,1260.0,1200.0,1210.0,202797,0.0,0.0,0.0
2020-12-03 00:00:00+09:00,1220.0,1230.0,1200.0,1220.0,115500,0.0,0.0,0.0
2020-12-04 00:00:00+09:00,1220.0,1240.0,1200.0,1205.0,172288,0.0,0.0,0.0
2020-12-07 00:00:00+09:00,1205.0,1205.0,1155.0,1170.0,242709,0.0,0.0,0.0
2020-12-08 00:00:00+09:00,1170.0,1175.0,1135.0,1145.0,106923,0.0,0.0,0.0
2020-12-09 00:00:00+09:00,1160.0,1165.0,1120.0,1150.0,142948,0.0,0.0,0.0
2020-12-10 00:00:00+09:00,1150.0,1195.0,1135.0,1190.0,132829,0.0,0.0,0.0
2020-12-11 00:00:00+09:00,1190.0,1205.0,1175.0,1190.0,68434,0.0,0.0,0.0
2020-12-14 00:00:00+09:00,1180.0,1235.0,1165.0,1195.0,197170,0.0,0.0,0.0
2020-12-15 00:00:00+09:00,1190.0,1215.0,1170.0,1190.0,80684,0.0,0.0,0.0
2020-12-16 00:00:00+09:00,1215.0,1215.0,1185.0,1200.0,61171,0.0,0.0,0.0
2020-12-17 00:00:00+09:00,1200.0,1215.0,1150.0,1175.0,151838,0.0,0.0,0.0
2020-12-18 00:00:00+09:00,1195.0,1250.0,1170.0,1220.0,583257,0.0,0.0,0.0
2020-12-21 00:00:00+09:00,1240.0,1500.0,1190.0,1265.0,7043199,0.0,0.0,0.0
2020-12-22 00:00:00+09:00,1255.0,1260.0,1205.0,1210.0,570750,0.0,0.0,0.0
2020-12-23 00:00:00+09:00,1260.0,1490.0,1205.0,1325.0,6337929,0.0,0.0,0.0
2020-12-24 00:00:00+09:00,1330.0,1335.0,1240.0,1240.0,875570,0.0,0.0,0.0
2020-12-28 00:00:00+09:00,1240.0,1300.0,1220.0,1230.0,355563,0.0,0.0,0.0
2020-12-29 00:00:00+09:00,1230.0,1310.0,1220.0,1270.0,338317,0.0,0.0,0.0
2020-12-30 00:00:00+09:00,1270.0,1500.0,1245.0,1290.0,4834763,0.0,0.0,0.0
2021-01-04 00:00:00+09:00,1290.0,1380.0,1250.0,1310.0,1631992,0.0,0.0,0.0
2021-01-05 00:00:00+09:00,1310.0,1400.0,1290.0,1390.0,1840458,0.0,0.0,0.0
2021-01-06 00:00:00+09:00,1380.0,1395.0,1330.0,1370.0,618959,0.0,0.0,0.0
2021-01-07 00:00:00+09:00,1350.0,1375.0,1330.0,1350.0,398511,0.0,0.0,0.0
2021-01-08 00:00:00+09:00,1390.0,1450.0,1340.0,1340.0,1517051,0.0,0.0,0.0
2021-01-11 00:00:00+09:00,1340.0,1355.0,1270.0,1295.0,427030,0.0,0.0,0.0
2021-01-12 00:00:00+09:00,1305.0,1340.0,1270.0,1295.0,205402,0.0,0.0,0.0
2021-01-13 00:00:00+09:00,1280.0,1340.0,1280.0,1320.0,235987,0.0,0.0,0.0
2021-01-14 00:00:00+09:00,1325.0,1335.0,1305.0,1325.0,144061,0.0,0.0,0.0
2021-01-15 00:00:00+09:00,1340.0,1340.0,1275.0,1285.0,278294,0.0,0.0,0.0
2021-01-18 00:00:00+09:00,1270.0,1285.0,1230.0,1255.0,227819,0.0,0.0,0.0
2021-01-19 00:00:00+09:00,1245.0,1320.0,1245.0,1280.0,127497,0.0,0.0,0.0
2021-01-20 00:00:00+09:00,1310.0,1440.0,1295.0,1330.0,1526665,0.0,0.0,0.0
2021-01-21 00:00:00+09:00,1340.0,1350.0,1305.0,1320.0,339040,0.0,0.0,0.0
2021-01-22 00:00:00+09:00,1320.0,1325.0,1290.0,1310.0,208579,0.0,0.0,0.0
2021-01-25 00:00:00+09:00,1325.0,1340.0,1295.0,1295.0,222596,0.0,0.0,0.0
2021-01-26 00:00:00+09:00,1290.0,1300.0,1260.0,1275.0,270712,0.0,0.0,0.0
2021-01-27 00:00:00+09:00,1270.0,1295.0,1250.0,1275.0,194291,0.0,0.0,0.0
2021-01-28 00:00:00+09:00,1260.0,1275.0,1240.0,1245.0,250816,0.0,0.0,0.0
2021-01-29 00:00:00+09:00,1240.0,1255.0,1190.0,1210.0,331688,0.0,0.0,0.0
2021-02-01 00:00:00+09:00,1200.0,1250.0,1200.0,1240.0,161391,0.0,0.0,0.0
2021-02-02 00:00:00+09:00,1250.0,1255.0,1220.0,1245.0,148306,0.0,0.0,0.0
2021-02-03 00:00:00+09:00,1245.0,1310.0,1225.0,1260.0,674560,0.0,0.0,0.0
2021-02-04 00:00:00+09:00,1250.0,1265.0,1220.0,1250.0,144626,0.0,0.0,0.0
2021-02-05 00:00:00+09:00,1260.0,1275.0,1225.0,1260.0,236285,0.0,0.0,0.0
2021-02-08 00:00:00+09:00,1260.0,1260.0,1200.0,1250.0,277721,0.0,0.0,0.0
2021-02-09 00:00:00+09:00,1240.0,1255.0,1225.0,1235.0,140719,0.0,0.0,0.0
2021-02-10 00:00:00+09:00,1235.0,1240.0,1220.0,1225.0,134111,0.0,0.0,0.0
2021-02-15 00:00:00+09:00,1230.0,1235.0,1200.0,1210.0,198644,0.0,0.0,0.0
2021-02-16 00:00:00+09:00,1210.0,1230.0,1200.0,1210.0,183340,0.0,0.0,0.0
2021-02-17 00:00:00+09:00,1220.0,1220.0,1200.0,1210.0,98287,0.0,0.0,0.0
2021-02-18 00:00:00+09:00,1210.0,1220.0,1180.0,1195.0,150310,0.0,0.0,0.0
2021-02-19 00:00:00+09:00,1185.0,1200.0,1170.0,1195.0,68728,0.0,0.0,0.0
2021-02-22 00:00:00+09:00,1195.0,1250.0,1180.0,1185.0,125653,0.0,0.0,0.0
2021-02-23 00:00:00+09:00,1185.0,1190.0,1150.0,1160.0,132950,0.0,0.0,0.0
2021-02-24 00:00:00+09:00,1160.0,1165.0,1100.0,1110.0,185351,0.0,0.0,0.0
2021-02-25 00:00:00+09:00,1115.0,1150.0,1110.0,1130.0,132608,0.0,0.0,0.0
2021-02-26 00:00:00+09:00,1125.0,1135.0,1110.0,1115.0,113510,0.0,0.0,0.0
2021-03-02 00:00:00+09:00,1120.0,1160.0,1120.0,1150.0,108037,0.0,0.0,0.0
2021-03-03 00:00:00+09:00,1160.0,1170.0,1125.0,1170.0,108081,0.0,0.0,0.0
2021-03-04 00:00:00+09:00,1170.0,1190.0,1155.0,1160.0,111469,0.0,0.0,0.0
2021-03-05 00:00:00+09:00,1160.0,1300.0,1160.0,1270.0,914697,0.0,0.0,0.0
2021-03-08 00:00:00+09:00,1275.0,1330.0,1270.0,1300.0,570060,0.0,0.0,0.0
2021-03-09 00:00:00+09:00,1300.0,1315.0,1230.0,1285.0,168433,0.0,0.0,0.0
2021-03-10 00:00:00+09:00,1270.0,1325.0,1250.0,1275.0,140742,0.0,0.0,0.0
2021-03-11 00:00:00+09:00,1250.0,1300.0,1250.0,1265.0,147626,0.0,0.0,0.0
2021-03-12 00:00:00+09:00,1275.0,1320.0,1265.0,1300.0,322554,0.0,0.0,0.0
2021-03-15 00:00:00+09:00,1340.0,1355.0,1300.0,1310.0,334448,0.0,0.0,0.0
2021-03-16 00:00:00+09:00,990.0,1355.0,950.0,1125.0,9216632,0.0,0.0,0.0
2021-03-17 00:00:00+09:00,1125.0,1160.0,1100.0,1115.0,863080,0.0,0.0,0.0
2021-03-18 00:00:00+09:00,1125.0,1220.0,1120.0,1170.0,1266250,0.0,0.0,0.0
2021-03-19 00:00:00+09:00,1170.0,1285.0,1140.0,1240.0,802511,0.0,0.0,0.0
2021-03-22 00:00:00+09:00,1240.0,1265.0,1140.0,1160.0,1098023,0.0,0.0,0.0
2021-03-23 00:00:00+09:00,1160.0,1275.0,1160.0,1180.0,643858,0.0,0.0,0.0
2021-03-24 00:00:00+09:00,1170.0,1230.0,1170.0,1200.0,260901,0.0,0.0,0.0
2021-03-25 00:00:00+09:00,1200.0,1410.0,1180.0,1215.0,2987573,0.0,0.0,0.0
2021-03-26 00:00:00+09:00,1235.0,1235.0,1200.0,1205.0,245592,0.0,0.0,0.0
2021-03-29 00:00:00+09:00,1205.0,1230.0,1195.0,1220.0,139082,0.0,0.0,0.0
2021-03-30 00:00:00+09:00,1230.0,1235.0,1205.0,1210.0,158223,0.0,0.0,0.0
2021-03-31 00:00:00+09:00,1230.0,1240.0,1210.0,1230.0,159509,0.0,0.0,0.0
2021-04-01 00:00:00+09:00,1235.0,1265.0,1220.0,1250.0,151872,0.0,0.0,0.0
2021-04-02 00:00:00+09:00,1245.0,1285.0,1220.0,1285.0,131338,0.0,0.0,0.0
2021-04-05 00:00:00+09:00,1280.0,1320.0,1280.0,1310.0,319998,0.0,0.0,0.0
2021-04-06 00:00:00+09:00,1310.0,1310.0,1285.0,1310.0,116492,0.0,0.0,0.0
2021-04-07 00:00:00+09:00,1315.0,1325.0,1265.0,1265.0,319348,0.0,0.0,0.0
2021-04-08 00:00:00+09:00,1270.0,1300.0,1260.0,1270.0,150793,0.0,0.0,0.0
2021-04-09 00:00:00+09:00,1275.0,1300.0,1260.0,1300.0,191920,0.0,0.0,0.0
2021-04-12 00:00:00+09:00,1310.0,1690.0,1290.0,1445.0,10282245,0.0,0.0,0.0
2021-04-13 00:00:00+09:00,1405.0,1410.0,1300.0,1320.0,2380432,0.0,0.0,0.0
2021-04-14 00:00:00+09:00,1310.0,1315.0,1285.0,1300.0,536893,0.0,0.0,0.0
2021-04-15 00:00:00+09:00,1295.0,1295.0,1235.0,1265.0,775893,0.0,0.0,0.0
2021-04-16 00:00:00+09:00,1265.0,1270.0,1245.0,1265.0,291464,0.0,0.0,0.0
2021-04-19 00:00:00+09:00,1265.0,1270.0,1235.0,1255.0,310561,0.0,0.0,0.0
2021-04-20 00:00:00+09:00,1245.0,1270.0,1235.0,1270.0,215989,0.0,0.0,0.0
2021-04-21 00:00:00+09:00,1265.0,1265.0,1235.0,1250.0,163871,0.0,0.0,0.0
2021-04-22 00:00:00+09:00,1240.0,1250.0,1200.0,1225.0,392729,0.0,0.0,0.0
2021-04-23 00:00:00+09:00,1225.0,1225.0,1180.0,1200.0,286787,0.0,0.0,0.0
2021-04-26 00:00:00+09:00,1200.0,1235.0,1200.0,1225.0,163896,0.0,0.0,0.0
2021-04-27 00:00:00+09:00,1230.0,1230.0,1205.0,1220.0,133708,0.0,0.0,0.0
2021-04-28 00:00:00+09:00,1220.0,1230.0,1185.0,1205.0,139533,0.0,0.0,0.0
2021-04-29 00:00:00+09:00,1200.0,1210.0,1180.0,1185.0,137582,0.0,0.0,0.0
2021-04-30 00:00:00+09:00,1180.0,1185.0,1150.0,1170.0,188780,0.0,0.0,0.0
2021-05-03 00:00:00+09:00,1170.0,1220.0,1140.0,1195.0,210436,0.0,0.0,0.0
2021-05-04 00:00:00+09:00,1195.0,1195.0,1155.0,1185.0,86024,0.0,0.0,0.0
2021-05-06 00:00:00+09:00,1185.0,1195.0,1175.0,1190.0,96676,0.0,0.0,0.0
2021-05-07 00:00:00+09:00,1190.0,1200.0,1170.0,1175.0,83776,0.0,0.0,0.0
2021-05-10 00:00:00+09:00,1175.0,1195.0,1170.0,1195.0,106929,0.0,0.0,0.0
2021-05-11 00:00:00+09:00,1210.0,1210.0,1175.0,1190.0,75841,0.0,0.0,0.0
2021-05-12 00:00:00+09:00,1190.0,1265.0,1175.0,1245.0,381374,0.0,0.0,0.0
2021-05-13 00:00:00+09:00,1215.0,1300.0,1205.0,1270.0,442657,0.0,0.0,0.0
2021-05-14 00:00:00+09:00,1270.0,1420.0,1255.0,1405.0,2589676,0.0,0.0,0.0
2021-05-17 00:00:00+09:00,1500.0,1530.0,1405.0,1490.0,2280938,0.0,0.0,0.0
2021-05-18 00:00:00+09:00,1520.0,1540.0,1315.0,1360.0,1662954,0.0,0.0,0.0
2021-05-20 00:00:00+09:00,1360.0,1385.0,1305.0,1330.0,485373,0.0,0.0,0.0
2021-05-21 00:00:00+09:00,1335.0,1340.0,1295.0,1315.0,302335,0.0,0.0,0.0
2021-05-24 00:00:00+09:00,1310.0,1325.0,1265.0,1295.0,435996,0.0,0.0,0.0
2021-05-25 00:00:00+09:00,1325.0,1330.0,1280.0,1305.0,218128,0.0,0.0,0.0
2021-05-26 00:00:00+09:00,1305.0,1330.0,1290.0,1305.0,91593,0.0,0.0,0.0
2021-05-27 00:00:00+09:00,1320.0,1320.0,1265.0,1285.0,212887,0.0,0.0,0.0
2021-05-28 00:00:00+09:00,1285.0,1350.0,1265.0,1330.0,311163,0.0,0.0,0.0
2021-05-31 00:00:00+09:00,1360.0,1360.0,1310.0,1335.0,181684,0.0,0.0,0.0
2021-06-01 00:00:00+09:00,1365.0,1365.0,1320.0,1335.0,155235,0.0,0.0,0.0
2021-06-02 00:00:00+09:00,1335.0,1390.0,1335.0,1375.0,328698,0.0,0.0,0.0
2021-06-03 00:00:00+09:00,1395.0,1395.0,1355.0,1370.0,109528,0.0,0.0,0.0
2021-06-04 00:00:00+09:00,1380.0,1430.0,1355.0,1430.0,446185,0.0,0.0,0.0
2021-06-07 00:00:00+09:00,1465.0,1470.0,1385.0,1415.0,293122,0.0,0.0,0.0
2021-06-08 00:00:00+09:00,1435.0,1445.0,1375.0,1430.0,329370,0.0,0.0,0.0
2021-06-09 00:00:00+09:00,1440.0,1495.0,1405.0,1450.0,473386,0.0,0.0,0.0
2021-06-10 00:00:00+09:00,1450.0,1550.0,1450.0,1480.0,639136,0.0,0.0,0.0
2021-06-11 00:00:00+09:00,1520.0,1580.0,1495.0,1560.0,840168,0.0,0.0,0.0
2021-06-14 00:00:00+09:00,1575.0,1625.0,1535.0,1545.0,647484,0.0,0.0,0.0
2021-06-15 00:00:00+09:00,1560.0,1560.0,1470.0,1510.0,434296,0.0,0.0,0.0
2021-06-16 00:00:00+09:00,1510.0,1520.0,1450.0,1480.0,327708,0.0,0.0,0.0
2021-06-17 00:00:00+09:00,1465.0,1500.0,1450.0,1485.0,124787,0.0,0.0,0.0
2021-06-18 00:00:00+09:00,1510.0,1540.0,1445.0,1480.0,263759,0.0,0.0,0.0
2021-06-21 00:00:00+09:00,1445.0,1490.0,1420.0,1465.0,271410,0.0,0.0,0.0
2021-06-22 00:00:00+09:00,1490.0,1490.0,1435.0,1460.0,141717,0.0,0.0,0.0
2021-06-23 00:00:00+09:00,1480.0,1480.0,1410.0,1415.0,191943,0.0,0.0,0.0
2021-06-24 00:00:00+09:00,1405.0,1440.0,1370.0,1410.0,201595,0.0,0.0,0.0
2021-06-25 00:00:00+09:00,1430.0,1545.0,1415.0,1500.0,571845,0.0,0.0,0.0
2021-06-28 00:00:00+09:00,1480.0,1520.0,1470.0,1495.0,184264,0.0,0.0,0.0
2021-06-29 00:00:00+09:00,1495.0,1510.0,1465.0,1490.0,154590,0.0,0.0,0.0
2021-06-30 00:00:00+09:00,1500.0,1545.0,1440.0,1460.0,334243,0.0,0.0,0.0
2021-07-01 00:00:00+09:00,1450.0,1525.0,1450.0,1505.0,453786,0.0,0.0,0.0
2021-07-02 00:00:00+09:00,1505.0,1540.0,1475.0,1500.0,187875,0.0,0.0,0.0
2021-07-05 00:00:00+09:00,1470.0,1505.0,1465.0,1485.0,104594,0.0,0.0,0.0
2021-07-06 00:00:00+09:00,1485.0,1485.0,1455.0,1455.0,141080,0.0,0.0,0.0
2021-07-07 00:00:00+09:00,1460.0,1485.0,1435.0,1450.0,107722,0.0,0.0,0.0
2021-07-08 00:00:00+09:00,1460.0,1465.0,1390.0,1420.0,330638,0.0,0.0,0.0
2021-07-09 00:00:00+09:00,1420.0,1430.0,1375.0,1430.0,178362,0.0,0.0,0.0
2021-07-12 00:00:00+09:00,1435.0,1450.0,1400.0,1440.0,124198,0.0,0.0,0.0
2021-07-13 00:00:00+09:00,1430.0,1450.0,1415.0,1420.0,170510,0.0,0.0,0.0
2021-07-14 00:00:00+09:00,1420.0,1430.0,1325.0,1365.0,506333,0.0,0.0,0.0
2021-07-15 00:00:00+09:00,1365.0,1385.0,1345.0,1365.0,179469,0.0,0.0,0.0
2021-07-16 00:00:00+09:00,1375.0,1380.0,1350.0,1365.0,92167,0.0,0.0,0.0
2021-07-19 00:00:00+09:00,1355.0,1365.0,1320.0,1330.0,143686,0.0,0.0,0.0
2021-07-20 00:00:00+09:00,1325.0,1340.0,1270.0,1305.0,157083,0.0,0.0,0.0
2021-07-21 00:00:00+09:00,1325.0,1350.0,1315.0,1340.0,62387,0.0,0.0,0.0
2021-07-22 00:00:00+09:00,1340.0,1360.0,1325.0,1345.0,87793,0.0,0.0,0.0
2021-07-23 00:00:00+09:00,1345.0,1470.0,1335.0,1375.0,235386,0.0,0.0,0.0
2021-07-26 00:00:00+09:00,1375.0,1415.0,1355.0,1380.0,193058,0.0,0.0,0.0
2021-07-27 00:00:00+09:00,1365.0,1415.0,1365.0,1405.0,100620,0.0,0.0,0.0
2021-07-28 00:00:00+09:00,1380.0,1420.0,1360.0,1375.0,100965,0.0,0.0,0.0
2021-07-29 00:00:00+09:00,1375.0,1390.0,1360.0,1370.0,34045,0.0,0.0,0.0
2021-07-30 00:00:00+09:00,1370.0,1385.0,1335.0,1370.0,136828,0.0,0.0,0.0
2021-08-02 00:00:00+09:00,1355.0,1400.0,1355.0,1360.0,26122,0.0,0.0,0.0
2021-08-03 00:00:00+09:00,1380.0,1390.0,1330.0,1340.0,125711,0.0,0.0,0.0
2021-08-04 00:00:00+09:00,1360.0,1380.0,1330.0,1350.0,75917,0.0,0.0,0.0
2021-08-05 00:00:00+09:00,1350.0,1370.0,1350.0,1355.0,58218,0.0,0.0,0.0
2021-08-06 00:00:00+09:00,1355.0,1375.0,1345.0,1350.0,26301,0.0,0.0,0.0
2021-08-09 00:00:00+09:00,1365.0,1365.0,1335.0,1355.0,57670,0.0,0.0,0.0
2021-08-10 00:00:00+09:00,1360.0,1360.0,1300.0,1320.0,174339,0.0,0.0,0.0
2021-08-11 00:00:00+09:00,1305.0,1340.0,1300.0,1320.0,166517,0.0,0.0,0.0
2021-08-12 00:00:00+09:00,1330.0,1335.0,1310.0,1320.0,67028,0.0,0.0,0.0
2021-08-13 00:00:00+09:00,1310.0,1325.0,1240.0,1285.0,257368,0.0,0.0,0.0
2021-08-17 00:00:00+09:00,1285.0,1290.0,1230.0,1260.0,290590,0.0,0.0,0.0
2021-08-18 00:00:00+09:00,1250.0,1375.0,1240.0,1335.0,291015,0.0,0.0,0.0
2021-08-19 00:00:00+09:00,1340.0,1350.0,1270.0,1270.0,141496,0.0,0.0,0.0
2021-08-20 00:00:00+09:00,1270.0,1300.0,1250.0,1260.0,134749,0.0,0.0,0.0
2021-08-23 00:00:00+09:00,1285.0,1285.0,1240.0,1260.0,85422,0.0,0.0,0.0
2021-08-24 00:00:00+09:00,1255.0,1290.0,1255.0,1275.0,77919,0.0,0.0,0.0
2021-08-25 00:00:00+09:00,1265.0,1275.0,1245.0,1270.0,95391,0.0,0.0,0.0
2021-08-26 00:00:00+09:00,1270.0,1270.0,1240.0,1260.0,103174,0.0,0.0,0.0
2021-08-27 00:00:00+09:00,1260.0,1270.0,1230.0,1250.0,87824,0.0,0.0,0.0
2021-08-30 00:00:00+09:00,1270.0,1270.0,1240.0,1265.0,90360,0.0,0.0,0.0
2021-08-31 00:00:00+09:00,1265.0,1265.0,1240.0,1255.0,85644,0.0,0.0,0.0
2021-09-01 00:00:00+09:00,1320.0,1335.0,1265.0,1295.0,180230,0.0,0.0,0.0
2021-09-02 00:00:00+09:00,1290.0,1295.0,1255.0,1280.0,98627,0.0,0.0,0.0
2021-09-03 00:00:00+09:00,1280.0,1310.0,1265.0,1310.0,127196,0.0,0.0,0.0
2021-09-06 00:00:00+09:00,1305.0,1310.0,1270.0,1300.0,118483,0.0,0.0,0.0
2021-09-07 00:00:00+09:00,1300.0,1310.0,1275.0,1290.0,95841,0.0,0.0,0.0
2021-09-08 00:00:00+09:00,1290.0,1295.0,1270.0,1290.0,162087,0.0,0.0,0.0
2021-09-09 00:00:00+09:00,1285.0,1285.0,1255.0,1270.0,73489,0.0,0.0,0.0
2021-09-10 00:00:00+09:00,1270.0,1270.0,1245.0,1265.0,85801,0.0,0.0,0.0
2021-09-13 00:00:00+09:00,1255.0,1265.0,1220.0,1245.0,120176,0.0,0.0,0.0
2021-09-14 00:00:00+09:00,1240.0,1250.0,1230.0,1250.0,41468,0.0,0.0,0.0
2021-09-15 00:00:00+09:00,1255.0,1265.0,1220.0,1250.0,61097,0.0,0.0,0.0
2021-09-16 00:00:00+09:00,1240.0,1245.0,1215.0,1235.0,60130,0.0,0.0,0.0
2021-09-17 00:00:00+09:00,1220.0,1230.0,1200.0,1225.0,94313,0.0,0.0,0.0
2021-09-23 00:00:00+09:00,1220.0,1230.0,1200.0,1205.0,84867,0.0,0.0,0.0
2021-09-24 00:00:00+09:00,1205.0,1225.0,1200.0,1205.0,34130,0.0,0.0,0.0
2021-09-27 00:00:00+09:00,1205.0,1210.0,1170.0,1190.0,126043,0.0,0.0,0.0
2021-09-28 00:00:00+09:00,1190.0,1195.0,1155.0,1155.0,101652,0.0,0.0,0.0
2021-09-29 00:00:00+09:00,1130.0,1190.0,1110.0,1180.0,107490,0.0,0.0,0.0
2021-09-30 00:00:00+09:00,1155.0,1210.0,1155.0,1180.0,94597,0.0,0.0,0.0
2021-10-01 00:00:00+09:00,1190.0,1190.0,1140.0,1175.0,66722,0.0,0.0,0.0
2021-10-05 00:00:00+09:00,1165.0,1165.0,1095.0,1150.0,112122,0.0,0.0,0.0
2021-10-06 00:00:00+09:00,1140.0,1160.0,1025.0,1100.0,217887,0.0,0.0,0.0
2021-10-07 00:00:00+09:00,1100.0,1140.0,1095.0,1130.0,100742,0.0,0.0,0.0
2021-10-08 00:00:00+09:00,1145.0,1145.0,1090.0,1105.0,60382,0.0,0.0,0.0
2021-10-12 00:00:00+09:00,1125.0,1125.0,1065.0,1125.0,23929,0.0,0.0,0.0
2021-10-13 00:00:00+09:00,1125.0,1350.0,1105.0,1195.0,1646433,0.0,0.0,0.0
2021-10-14 00:00:00+09:00,1190.0,1550.0,1175.0,1550.0,7482035,0.0,0.0,0.0
2021-10-15 00:00:00+09:00,2015.0,2015.0,1625.0,1670.0,33641122,0.0,0.0,0.0
2021-10-18 00:00:00+09:00,1605.0,1840.0,1500.0,1720.0,13103731,0.0,0.0,0.0
2021-10-19 00:00:00+09:00,1675.0,1725.0,1600.0,1640.0,3001984,0.0,0.0,0.0
2021-10-20 00:00:00+09:00,1640.0,1805.0,1595.0,1630.0,3674554,0.0,0.0,0.0
2021-10-21 00:00:00+09:00,1630.0,1635.0,1485.0,1515.0,2207401,0.0,0.0,0.0
2021-10-22 00:00:00+09:00,1515.0,1575.0,1430.0,1545.0,1321574,0.0,0.0,0.0
2021-10-25 00:00:00+09:00,1530.0,1605.0,1465.0,1605.0,1047418,0.0,0.0,0.0
2021-10-26 00:00:00+09:00,1615.0,1625.0,1520.0,1570.0,982283,0.0,0.0,0.0
2021-10-27 00:00:00+09:00,1570.0,1580.0,1480.0,1510.0,845914,0.0,0.0,0.0
2021-10-28 00:00:00+09:00,1530.0,1530.0,1455.0,1465.0,511485,0.0,0.0,0.0
2021-10-29 00:00:00+09:00,1465.0,1515.0,1355.0,1465.0,1667882,0.0,0.0,0.0
2021-11-01 00:00:00+09:00,1465.0,1510.0,1420.0,1490.0,625116,0.0,0.0,0.0
2021-11-02 00:00:00+09:00,1465.0,1565.0,1440.0,1510.0,1129358,0.0,0.0,0.0
2021-11-03 00:00:00+09:00,1520.0,1545.0,1450.0,1455.0,533412,0.0,0.0,0.0
2021-11-04 00:00:00+09:00,1480.0,1490.0,1400.0,1450.0,403129,0.0,0.0,0.0
2021-11-05 00:00:00+09:00,1430.0,1460.0,1400.0,1420.0,350748,0.0,0.0,0.0
2021-11-08 00:00:00+09:00,1420.0,1510.0,1395.0,1475.0,481532,0.0,0.0,0.0
2021-11-09 00:00:00+09:00,1495.0,1495.0,1390.0,1440.0,713647,0.0,0.0,0.0
2021-11-10 00:00:00+09:00,1420.0,1510.0,1365.0,1385.0,1010488,0.0,0.0,0.0
2021-11-11 00:00:00+09:00,1400.0,1425.0,1370.0,1385.0,480081,0.0,0.0,0.0
2021-11-12 00:00:00+09:00,1400.0,1420.0,1370.0,1405.0,181897,0.0,0.0,0.0
2021-11-15 00:00:00+09:00,1425.0,1485.0,1420.0,1435.0,444619,0.0,0.0,0.0
2021-11-16 00:00:00+09:00,1450.0,1470.0,1400.0,1405.0,287020,0.0,0.0,0.0
2021-11-17 00:00:00+09:00,1385.0,1425.0,1355.0,1385.0,382773,0.0,0.0,0.0
2021-11-18 00:00:00+09:00,1385.0,1405.0,1335.0,1390.0,373919,0.0,0.0,0.0
2021-11-19 00:00:00+09:00,1385.0,1385.0,1345.0,1375.0,169588,0.0,0.0,0.0
2021-11-22 00:00:00+09:00,1375.0,1375.0,1320.0,1330.0,284004,0.0,0.0,0.0
2021-11-23 00:00:00+09:00,1345.0,1385.0,1335.0,1355.0,175636,0.0,0.0,0.0
2021-11-24 00:00:00+09:00,1365.0,1410.0,1330.0,1380.0,485026,0.0,0.0,0.0
2021-11-25 00:00:00+09:00,1365.0,1375.0,1320.0,1340.0,284113,0.0,0.0,0.0
2021-11-26 00:00:00+09:00,1355.0,1355.0,1280.0,1285.0,174739,0.0,0.0,0.0
2021-11-29 00:00:00+09:00,1250.0,1300.0,1210.0,1300.0,189183,0.0,0.0,0.0
2021-11-30 00:00:00+09:00,1310.0,1320.0,1230.0,1255.0,257615,0.0,0.0,0.0
2021-12-01 00:00:00+09:00,1265.0,1290.0,1190.0,1245.0,141533,0.0,0.0,0.0
2021-12-02 00:00:00+09:00,1240.0,1305.0,1230.0,1290.0,264467,0.0,0.0,0.0
2021-12-03 00:00:00+09:00,1305.0,1315.0,1260.0,1280.0,140326,0.0,0.0,0.0
2021-12-06 00:00:00+09:00,1280.0,1280.0,1225.0,1260.0,262644,0.0,0.0,0.0
2021-12-07 00:00:00+09:00,1260.0,1275.0,1235.0,1250.0,105314,0.0,0.0,0.0
2021-12-08 00:00:00+09:00,1260.0,1275.0,1240.0,1270.0,155086,0.0,0.0,0.0
2021-12-09 00:00:00+09:00,1280.0,1325.0,1270.0,1310.0,195361,0.0,0.0,0.0
2021-12-10 00:00:00+09:00,1300.0,1320.0,1260.0,1310.0,127322,0.0,0.0,0.0
2021-12-13 00:00:00+09:00,1315.0,1385.0,1290.0,1375.0,293462,0.0,0.0,0.0
2021-12-14 00:00:00+09:00,1375.0,1385.0,1325.0,1350.0,348510,0.0,0.0,0.0
2021-12-15 00:00:00+09:00,1350.0,1350.0,1320.0,1320.0,92108,0.0,0.0,0.0
2021-12-16 00:00:00+09:00,1345.0,1350.0,1315.0,1315.0,81970,0.0,0.0,0.0
2021-12-17 00:00:00+09:00,1315.0,1330.0,1300.0,1310.0,190375,0.0,0.0,0.0
2021-12-20 00:00:00+09:00,1295.0,1320.0,1250.0,1310.0,121152,0.0,0.0,0.0
2021-12-21 00:00:00+09:00,1310.0,1325.0,1285.0,1310.0,117672,0.0,0.0,0.0
2021-12-22 00:00:00+09:00,1330.0,1375.0,1320.0,1350.0,241575,0.0,0.0,0.0
2021-12-23 00:00:00+09:00,1360.0,1360.0,1335.0,1345.0,109812,0.0,0.0,0.0
2021-12-24 00:00:00+09:00,1350.0,1415.0,1320.0,1400.0,863322,0.0,0.0,0.0
2021-12-27 00:00:00+09:00,1420.0,1430.0,1380.0,1405.0,271057,0.0,0.0,0.0
2021-12-28 00:00:00+09:00,1400.0,1420.0,1390.0,1410.0,234127,0.0,0.0,0.0
2021-12-29 00:00:00+09:00,1425.0,1450.0,1410.0,1440.0,281003,0.0,0.0,0.0
2021-12-30 00:00:00+09:00,1445.0,1495.0,1440.0,1495.0,576418,0.0,0.0,0.0
2022-01-04 00:00:00+09:00,1600.0,1680.0,1590.0,1650.0,870253,0.0,0.0,0.0
2022-01-05 00:00:00+09:00,1650.0,1685.0,1615.0,1670.0,430194,0.0,0.0,0.0
2022-01-06 00:00:00+09:00,1625.0,1680.0,1530.0,1620.0,531502,0.0,0.0,0.0
2022-01-07 00:00:00+09:00,1630.0,1640.0,1570.0,1625.0,198222,0.0,0.0,0.0
2022-01-10 00:00:00+09:00,1620.0,1720.0,1615.0,1715.0,557500,0.0,0.0,0.0
2022-01-11 00:00:00+09:00,1720.0,1950.0,1720.0,1950.0,3269690,0.0,0.0,0.0
2022-01-12 00:00:00+09:00,1950.0,1960.0,1875.0,1895.0,810447,0.0,0.0,0.0
2022-01-13 00:00:00+09:00,1895.0,1925.0,1810.0,1830.0,696411,0.0,0.0,0.0
2022-01-14 00:00:00+09:00,1835.0,1840.0,1655.0,1715.0,621728,0.0,0.0,0.0
2022-01-17 00:00:00+09:00,1690.0,1760.0,1650.0,1695.0,302572,0.0,0.0,0.0
2022-01-18 00:00:00+09:00,1720.0,1730.0,1675.0,1690.0,108610,0.0,0.0,0.0
2022-01-19 00:00:00+09:00,1690.0,1750.0,1610.0,1650.0,298600,0.0,0.0,0.0
2022-01-20 00:00:00+09:00,1655.0,1715.0,1650.0,1705.0,158620,0.0,0.0,0.0
2022-01-21 00:00:00+09:00,1705.0,1705.0,1630.0,1660.0,176292,0.0,0.0,0.0
2022-01-24 00:00:00+09:00,1640.0,1650.0,1600.0,1640.0,219230,0.0,0.0,0.0
2022-01-25 00:00:00+09:00,1665.0,1680.0,1535.0,1555.0,333290,0.0,0.0,0.0
2022-01-26 00:00:00+09:00,1555.0,1555.0,1555.0,1555.0,0,0.0,0.0,0.0
2022-01-27 00:00:00+09:00,1565.0,1600.0,1505.0,1535.0,203211,0.0,0.0,0.0
2022-01-28 00:00:00+09:00,1545.0,1590.0,1490.0,1570.0,242426,0.0,0.0,0.0
2022-02-03 00:00:00+09:00,1630.0,1675.0,1610.0,1640.0,107818,0.0,0.0,0.0
2022-02-04 00:00:00+09:00,1620.0,1660.0,1605.0,1660.0,81127,0.0,0.0,0.0
2022-02-07 00:00:00+09:00,1660.0,1685.0,1620.0,1655.0,114599,0.0,0.0,0.0
2022-02-08 00:00:00+09:00,1655.0,1655.0,1655.0,1655.0,0,0.0,0.0,0.0
2022-02-09 00:00:00+09:00,1655.0,1655.0,1655.0,1655.0,0,0.0,0.0,0.0
2022-02-10 00:00:00+09:00,1790.0,1885.0,1780.0,1865.0,330286,0.0,0.0,0.0
2022-02-11 00:00:00+09:00,1825.0,1945.0,1825.0,1825.0,331921,0.0,0.0,0.0
2022-02-14 00:00:00+09:00,1825.0,1875.0,1725.0,1830.0,236926,0.0,0.0,0.0
2022-02-15 00:00:00+09:00,1855.0,1855.0,1750.0,1795.0,273428,0.0,0.0,0.0
2022-02-16 00:00:00+09:00,1830.0,1875.0,1810.0,1855.0,304571,0.0,0.0,0.0
2022-02-17 00:00:00+09:00,1865.0,1875.0,1680.0,1770.0,465677,0.0,0.0,0.0
2022-02-18 00:00:00+09:00,1755.0,1770.0,1675.0,1755.0,134165,0.0,0.0,0.0
2022-02-21 00:00:00+09:00,1755.0,1755.0,1755.0,1755.0,0,0.0,0.0,0.0
2022-02-22 00:00:00+09:00,1755.0,1755.0,1755.0,1755.0,0,0.0,0.0,0.0
2022-02-23 00:00:00+09:00,1755.0,1755.0,1755.0,1755.0,0,0.0,0.0,0.0
2022-02-24 00:00:00+09:00,1730.0,1730.0,1605.0,1605.0,206224,0.0,0.0,0.0
2022-02-25 00:00:00+09:00,1690.0,1715.0,1660.0,1685.0,87678,0.0,0.0,0.0
2022-02-28 00:00:00+09:00,1685.0,1685.0,1685.0,1685.0,0,0.0,0.0,0.0
2022-03-02 00:00:00+09:00,1630.0,1930.0,1615.0,1720.0,934441,0.0,0.0,0.0
2022-03-03 00:00:00+09:00,1715.0,1750.0,1685.0,1685.0,180875,0.0,0.0,0.0
2022-03-04 00:00:00+09:00,1685.0,1685.0,1685.0,1685.0,0,0.0,0.0,0.0
2022-03-07 00:00:00+09:00,1660.0,1675.0,1610.0,1630.0,138168,0.0,0.0,0.0
2022-03-08 00:00:00+09:00,1615.0,1640.0,1580.0,1625.0,144023,0.0,0.0,0.0
2022-03-10 00:00:00+09:00,1625.0,1625.0,1625.0,1625.0,0,0.0,0.0,0.0
2022-03-11 00:00:00+09:00,1615.0,1645.0,1580.0,1635.0,92171,0.0,0.0,0.0
2022-03-14 00:00:00+09:00,1630.0,1720.0,1595.0,1710.0,182576,0.0,0.0,0.0
2022-03-15 00:00:00+09:00,1700.0,1770.0,1670.0,1685.0,165973,0.0,0.0,0.0
2022-03-16 00:00:00+09:00,1685.0,1720.0,1665.0,1705.0,113774,0.0,0.0,0.0
2022-03-17 00:00:00+09:00,1720.0,1730.0,1690.0,1710.0,95043,0.0,0.0,0.0
2022-03-18 00:00:00+09:00,1720.0,1770.0,1695.0,1750.0,312965,0.0,0.0,0.0
2022-03-21 00:00:00+09:00,1750.0,1750.0,1750.0,1750.0,0,0.0,0.0,0.0
2022-03-22 00:00:00+09:00,1760.0,1870.0,1760.0,1860.0,628719,0.0,0.0,0.0
2022-03-23 00:00:00+09:00,1850.0,1885.0,1840.0,1860.0,1062404,0.0,0.0,0.0
2022-03-24 00:00:00+09:00,1850.0,1850.0,1765.0,1795.0,871436,0.0,0.0,0.0
2022-03-25 00:00:00+09:00,1795.0,1795.0,1795.0,1795.0,0,0.0,0.0,0.0
2022-03-28 00:00:00+09:00,1720.0,1725.0,1655.0,1685.0,607577,0.0,0.0,0.0
2022-03-29 00:00:00+09:00,1685.0,1710.0,1670.0,1685.0,466219,0.0,0.0,0.0
2022-03-30 00:00:00+09:00,1700.0,1745.0,1685.0,1720.0,239438,0.0,0.0,0.0
2022-03-31 00:00:00+09:00,1730.0,1730.0,1680.0,1705.0,205830,0.0,0.0,0.0
2022-04-01 00:00:00+09:00,1705.0,1705.0,1660.0,1690.0,135607,0.0,0.0,0.0
2022-04-04 00:00:00+09:00,1690.0,1780.0,1670.0,1780.0,209114,0.0,0.0,0.0
2022-04-05 00:00:00+09:00,1770.0,1780.0,1715.0,1780.0,155302,0.0,0.0,0.0
2022-04-06 00:00:00+09:00,1770.0,1770.0,1720.0,1770.0,147676,0.0,0.0,0.0
2022-04-07 00:00:00+09:00,1750.0,1760.0,1715.0,1740.0,148937,0.0,0.0,0.0
2022-04-08 00:00:00+09:00,1730.0,1785.0,1730.0,1785.0,126063,0.0,0.0,0.0
2022-04-11 00:00:00+09:00,1760.0,1780.0,1725.0,1770.0,88152,0.0,0.0,0.0
2022-04-12 00:00:00+09:00,1770.0,1880.0,1695.0,1710.0,895184,0.0,0.0,0.0
2022-04-13 00:00:00+09:00,1710.0,1790.0,1700.0,1745.0,246273,0.0,0.0,0.0
2022-04-14 00:00:00+09:00,1760.0,1760.0,1690.0,1735.0,176373,0.0,0.0,0.0
2022-04-15 00:00:00+09:00,1715.0,1720.0,1680.0,1715.0,109939,0.0,0.0,0.0
2022-04-18 00:00:00+09:00,1715.0,1715.0,1670.0,1700.0,128509,0.0,0.0,0.0
2022-04-19 00:00:00+09:00,1690.0,1695.0,1660.0,1680.0,81564,0.0,0.0,0.0
2022-04-20 00:00:00+09:00,1680.0,1685.0,1620.0,1630.0,176899,0.0,0.0,0.0
2022-04-21 00:00:00+09:00,1630.0,1645.0,1615.0,1635.0,76813,0.0,0.0,0.0
2022-04-22 00:00:00+09:00,1635.0,1635.0,1545.0,1625.0,286731,0.0,0.0,0.0
2022-04-25 00:00:00+09:00,1605.0,1605.0,1555.0,1590.0,69795,0.0,0.0,0.0
2022-04-26 00:00:00+09:00,1585.0,1615.0,1580.0,1605.0,46586,0.0,0.0,0.0
2022-04-27 00:00:00+09:00,1600.0,1600.0,1545.0,1560.0,71903,0.0,0.0,0.0
2022-04-28 00:00:00+09:00,1560.0,1600.0,1510.0,1580.0,91943,0.0,0.0,0.0
2022-04-29 00:00:00+09:00,1570.0,1600.0,1565.0,1590.0,38749,0.0,0.0,0.0
2022-05-02 00:00:00+09:00,1585.0,1600.0,1535.0,1585.0,113273,0.0,0.0,0.0
2022-05-03 00:00:00+09:00,1585.0,1595.0,1555.0,1565.0,81314,0.0,0.0,0.0
2022-05-04 00:00:00+09:00,1565.0,1580.0,1550.0,1565.0,79816,0.0,0.0,0.0
2022-05-06 00:00:00+09:00,1550.0,1560.0,1525.0,1560.0,81205,0.0,0.0,0.0
2022-05-10 00:00:00+09:00,1485.0,1485.0,1390.0,1470.0,164336,0.0,0.0,0.0
2022-05-11 00:00:00+09:00,1470.0,1530.0,1450.0,1530.0,52858,0.0,0.0,0.0
2022-05-12 00:00:00+09:00,1520.0,1520.0,1410.0,1410.0,143609,0.0,0.0,0.0
2022-05-13 00:00:00+09:00,1425.0,1525.0,1420.0,1520.0,132181,0.0,0.0,0.0
2022-05-16 00:00:00+09:00,1535.0,1555.0,1490.0,1515.0,76017,0.0,0.0,0.0
2022-05-17 00:00:00+09:00,1525.0,1565.0,1515.0,1555.0,84360,0.0,0.0,0.0
2022-05-18 00:00:00+09:00,1565.0,1565.0,1525.0,1545.0,77102,0.0,0.0,0.0
2022-05-19 00:00:00+09:00,1535.0,1565.0,1480.0,1555.0,172604,0.0,0.0,0.0
2022-05-20 00:00:00+09:00,1585.0,1605.0,1535.0,1575.0,114581,0.0,0.0,0.0
2022-05-23 00:00:00+09:00,1575.0,1600.0,1515.0,1560.0,60641,0.0,0.0,0.0
2022-05-24 00:00:00+09:00,1555.0,1560.0,1500.0,1520.0,75649,0.0,0.0,0.0
2022-05-25 00:00:00+09:00,1505.0,1520.0,1460.0,1480.0,81531,0.0,0.0,0.0
2022-05-26 00:00:00+09:00,1480.0,1505.0,1460.0,1500.0,45080,0.0,0.0,0.0
2022-05-27 00:00:00+09:00,1515.0,1515.0,1450.0,1465.0,83247,0.0,0.0,0.0
2022-05-30 00:00:00+09:00,1470.0,1480.0,1430.0,1465.0,45940,0.0,0.0,0.0
2022-05-31 00:00:00+09:00,1480.0,1485.0,1465.0,1475.0,50332,0.0,0.0,0.0
2022-06-02 00:00:00+09:00,1485.0,1510.0,1455.0,1500.0,54965,0.0,0.0,0.0
2022-06-03 00:00:00+09:00,1510.0,1510.0,1470.0,1490.0,36452,0.0,0.0,0.0
2022-06-07 00:00:00+09:00,1490.0,1490.0,1440.0,1455.0,91813,0.0,0.0,0.0
2022-06-08 00:00:00+09:00,1450.0,1455.0,1400.0,1435.0,131193,0.0,0.0,0.0
2022-06-09 00:00:00+09:00,1430.0,1525.0,1400.0,1440.0,117464,0.0,0.0,0.0
2022-06-10 00:00:00+09:00,1440.0,1470.0,1395.0,1460.0,110834,0.0,0.0,0.0
2022-06-13 00:00:00+09:00,1435.0,1435.0,1365.0,1365.0,144366,0.0,0.0,0.0
2022-06-14 00:00:00+09:00,1350.0,1355.0,1255.0,1350.0,71474,0.0,0.0,0.0
2022-06-15 00:00:00+09:00,1320.0,1325.0,1270.0,1280.0,90981,0.0,0.0,0.0
2022-06-16 00:00:00+09:00,1280.0,1315.0,1280.0,1280.0,66608,0.0,0.0,0.0
2022-06-17 00:00:00+09:00,1215.0,1285.0,1215.0,1285.0,116679,0.0,0.0,0.0
2022-06-20 00:00:00+09:00,1295.0,1295.0,1190.0,1195.0,91880,0.0,0.0,0.0
2022-06-21 00:00:00+09:00,1205.0,1220.0,1160.0,1220.0,40435,0.0,0.0,0.0
2022-06-22 00:00:00+09:00,1230.0,1250.0,1160.0,1160.0,75203,0.0,0.0,0.0
2022-06-23 00:00:00+09:00,1160.0,1175.0,1085.0,1090.0,106697,0.0,0.0,0.0
2022-06-24 00:00:00+09:00,1080.0,1150.0,1080.0,1130.0,34949,0.0,0.0,0.0
2022-06-27 00:00:00+09:00,1170.0,1205.0,1140.0,1185.0,41256,0.0,0.0,0.0
2022-06-28 00:00:00+09:00,1200.0,1240.0,1190.0,1230.0,32344,0.0,0.0,0.0
2022-06-29 00:00:00+09:00,1215.0,1280.0,1185.0,1235.0,75916,0.0,0.0,0.0
2022-06-30 00:00:00+09:00,1235.0,1250.0,1185.0,1190.0,85097,0.0,0.0,0.0
2022-07-01 00:00:00+09:00,1175.0,1210.0,1170.0,1205.0,172759,0.0,0.0,0.0
2022-07-04 00:00:00+09:00,1195.0,1215.0,1175.0,1195.0,106858,0.0,0.0,0.0
2022-07-05 00:00:00+09:00,1190.0,1225.0,1170.0,1220.0,41720,0.0,0.0,0.0
2022-07-06 00:00:00+09:00,1250.0,1250.0,1200.0,1200.0,50758,0.0,0.0,0.0
2022-07-07 00:00:00+09:00,1210.0,1265.0,1200.0,1255.0,69781,0.0,0.0,0.0
2022-07-08 00:00:00+09:00,1285.0,1335.0,1270.0,1270.0,84440,0.0,0.0,0.0
2022-07-11 00:00:00+09:00,1285.0,1430.0,1255.0,1340.0,528270,0.0,0.0,0.0
2022-07-12 00:00:00+09:00,1400.0,1400.0,1255.0,1270.0,116533,0.0,0.0,0.0
2022-07-13 00:00:00+09:00,1270.0,1280.0,1250.0,1265.0,31940,0.0,0.0,0.0
2022-07-14 00:00:00+09:00,1275.0,1275.0,1230.0,1260.0,26824,0.0,0.0,0.0
2022-07-15 00:00:00+09:00,1255.0,1260.0,1225.0,1260.0,37517,0.0,0.0,0.0
2022-07-18 00:00:00+09:00,1260.0,1285.0,1250.0,1260.0,28141,0.0,0.0,0.0
2022-07-19 00:00:00+09:00,1260.0,1275.0,1240.0,1250.0,29540,0.0,0.0,0.0
2022-07-20 00:00:00+09:00,1260.0,1330.0,1250.0,1275.0,176462,0.0,0.0,0.0
2022-07-21 00:00:00+09:00,1285.0,1285.0,1250.0,1275.0,68143,0.0,0.0,0.0
2022-07-22 00:00:00+09:00,1280.0,1290.0,1250.0,1260.0,39210,0.0,0.0,0.0
2022-07-25 00:00:00+09:00,1275.0,1275.0,1250.0,1260.0,12014,0.0,0.0,0.0
2022-07-26 00:00:00+09:00,1270.0,1310.0,1250.0,1300.0,100799,0.0,0.0,0.0
2022-07-27 00:00:00+09:00,1300.0,1310.0,1285.0,1300.0,20938,0.0,0.0,0.0
2022-07-28 00:00:00+09:00,1300.0,1315.0,1285.0,1310.0,38382,0.0,0.0,0.0
2022-07-29 00:00:00+09:00,1320.0,1325.0,1275.0,1320.0,70425,0.0,0.0,0.0
2022-08-01 00:00:00+09:00,1320.0,1335.0,1300.0,1310.0,30615,0.0,0.0,0.0
2022-08-02 00:00:00+09:00,1310.0,1320.0,1290.0,1310.0,28775,0.0,0.0,0.0
2022-08-03 00:00:00+09:00,1320.0,1320.0,1290.0,1305.0,36026,0.0,0.0,0.0
2022-08-04 00:00:00+09:00,1315.0,1325.0,1295.0,1310.0,23011,0.0,0.0,0.0
2022-08-05 00:00:00+09:00,1320.0,1320.0,1295.0,1305.0,27483,0.0,0.0,0.0
2022-08-08 00:00:00+09:00,1305.0,1370.0,1270.0,1330.0,178368,0.0,0.0,0.0
2022-08-09 00:00:00+09:00,1340.0,1385.0,1305.0,1310.0,160969,0.0,0.0,0.0
2022-08-10 00:00:00+09:00,1310.0,1325.0,1285.0,1285.0,55240,0.0,0.0,0.0
2022-08-11 00:00:00+09:00,1285.0,1315.0,1280.0,1300.0,48023,0.0,0.0,0.0
2022-08-12 00:00:00+09:00,1310.0,1310.0,1285.0,1305.0,40652,0.0,0.0,0.0
2022-08-16 00:00:00+09:00,1305.0,1320.0,1295.0,1305.0,27236,0.0,0.0,0.0
2022-08-17 00:00:00+09:00,1295.0,1305.0,1250.0,1280.0,76066,0.0,0.0,0.0
2022-08-18 00:00:00+09:00,1275.0,1275.0,1250.0,1275.0,25249,0.0,0.0,0.0
2022-08-19 00:00:00+09:00,1270.0,1270.0,1235.0,1240.0,64918,0.0,0.0,0.0
2022-08-22 00:00:00+09:00,1230.0,1235.0,1210.0,1210.0,47268,0.0,0.0,0.0
2022-08-23 00:00:00+09:00,1190.0,1220.0,1190.0,1210.0,29927,0.0,0.0,0.0
2022-08-24 00:00:00+09:00,1180.0,1220.0,1180.0,1200.0,37804,0.0,0.0,0.0
2022-08-25 00:00:00+09:00,1210.0,1215.0,1170.0,1200.0,87447,0.0,0.0,0.0
2022-08-26 00:00:00+09:00,1200.0,1215.0,1190.0,1190.0,26843,0.0,0.0,0.0
2022-08-29 00:00:00+09:00,1185.0,1250.0,1160.0,1190.0,195087,0.0,0.0,0.0
2022-08-30 00:00:00+09:00,1180.0,1265.0,1180.0,1195.0,184979,0.0,0.0,0.0
2022-08-31 00:00:00+09:00,1205.0,1240.0,1190.0,1235.0,66036,0.0,0.0,0.0
2022-09-01 00:00:00+09:00,1235.0,1240.0,1160.0,1195.0,216757,0.0,0.0,0.0
2022-09-02 00:00:00+09:00,1190.0,1190.0,1150.0,1150.0,100449,0.0,0.0,0.0
2022-09-05 00:00:00+09:00,1150.0,1165.0,1125.0,1140.0,48708,0.0,0.0,0.0
2022-09-06 00:00:00+09:00,1140.0,1170.0,1140.0,1160.0,29072,0.0,0.0,0.0
2022-09-07 00:00:00+09:00,1165.0,1170.0,1100.0,1135.0,93301,0.0,0.0,0.0
2022-09-08 00:00:00+09:00,1115.0,1150.0,1115.0,1135.0,27534,0.0,0.0,0.0
2022-09-13 00:00:00+09:00,1140.0,1170.0,1140.0,1165.0,22297,0.0,0.0,0.0
2022-09-14 00:00:00+09:00,1145.0,1155.0,1130.0,1155.0,21321,0.0,0.0,0.0
2022-09-15 00:00:00+09:00,1165.0,1180.0,1135.0,1160.0,77550,0.0,0.0,0.0
2022-09-16 00:00:00+09:00,1155.0,1160.0,1130.0,1150.0,49148,0.0,0.0,0.0
2022-09-19 00:00:00+09:00,1140.0,1150.0,1115.0,1125.0,74761,0.0,0.0,0.0
2022-09-20 00:00:00+09:00,1115.0,1135.0,1115.0,1135.0,29902,0.0,0.0,0.0
2022-09-21 00:00:00+09:00,1125.0,1160.0,1120.0,1150.0,40024,0.0,0.0,0.0
2022-09-22 00:00:00+09:00,1125.0,1145.0,1045.0,1080.0,273669,0.0,0.0,0.0
2022-09-23 00:00:00+09:00,1080.0,1085.0,1040.0,1065.0,65095,0.0,0.0,0.0
2022-09-26 00:00:00+09:00,1050.0,1050.0,947.0,990.0,132793,0.0,0.0,0.0
2022-09-27 00:00:00+09:00,990.0,999.0,940.0,983.0,64414,0.0,0.0,0.0
2022-09-28 00:00:00+09:00,981.0,988.0,930.0,940.0,84246,0.0,0.0,0.0
2022-09-29 00:00:00+09:00,941.0,965.0,864.0,910.0,290842,0.0,0.0,0.0
2022-09-30 00:00:00+09:00,920.0,929.0,894.0,925.0,65408,0.0,0.0,0.0
2022-10-04 00:00:00+09:00,925.0,1010.0,925.0,1010.0,85591,0.0,0.0,0.0
2022-10-05 00:00:00+09:00,1020.0,1040.0,979.0,993.0,75308,0.0,0.0,0.0
2022-10-06 00:00:00+09:00,986.0,1005.0,984.0,1000.0,20275,0.0,0.0,0.0
2022-10-07 00:00:00+09:00,1030.0,1060.0,999.0,1050.0,55876,0.0,0.0,0.0
2022-10-11 00:00:00+09:00,1040.0,1040.0,990.0,996.0,16390,0.0,0.0,0.0
2022-10-12 00:00:00+09:00,983.0,995.0,961.0,971.0,15614,0.0,0.0,0.0
2022-10-13 00:00:00+09:00,961.0,961.0,920.0,953.0,47645,0.0,0.0,0.0
2022-10-14 00:00:00+09:00,944.0,1000.0,910.0,1000.0,94709,0.0,0.0,0.0
2022-10-17 00:00:00+09:00,999.0,1020.0,988.0,1000.0,14704,0.0,0.0,0.0
2022-10-18 00:00:00+09:00,1015.0,1020.0,992.0,998.0,9520,0.0,0.0,0.0
2022-10-19 00:00:00+09:00,1005.0,1025.0,993.0,1015.0,29800,0.0,0.0,0.0
2022-10-20 00:00:00+09:00,1025.0,1025.0,985.0,990.0,30137,0.0,0.0,0.0
2022-10-21 00:00:00+09:00,990.0,999.0,971.0,993.0,19534,0.0,0.0,0.0
2022-10-24 00:00:00+09:00,993.0,1010.0,975.0,980.0,23324,0.0,0.0,0.0
2022-10-25 00:00:00+09:00,980.0,988.0,970.0,973.0,17822,0.0,0.0,0.0
2022-10-26 00:00:00+09:00,974.0,997.0,969.0,972.0,20929,0.0,0.0,0.0
2022-10-27 00:00:00+09:00,961.0,980.0,961.0,975.0,14682,0.0,0.0,0.0
2022-10-28 00:00:00+09:00,989.0,989.0,965.0,965.0,12422,0.0,0.0,0.0
2022-10-31 00:00:00+09:00,965.0,987.0,965.0,968.0,16986,0.0,0.0,0.0
2022-11-01 00:00:00+09:00,978.0,989.0,970.0,986.0,57937,0.0,0.0,0.0
2022-11-02 00:00:00+09:00,978.0,999.0,976.0,986.0,24398,0.0,0.0,0.0
2022-11-03 00:00:00+09:00,986.0,989.0,977.0,987.0,7398,0.0,0.0,0.0
2022-11-04 00:00:00+09:00,980.0,988.0,979.0,985.0,14763,0.0,0.0,0.0
2022-11-07 00:00:00+09:00,993.0,996.0,983.0,995.0,15167,0.0,0.0,0.0
2022-11-08 00:00:00+09:00,995.0,1010.0,992.0,1005.0,26192,0.0,0.0,0.0
2022-11-09 00:00:00+09:00,1015.0,1015.0,1000.0,1010.0,17038,0.0,0.0,0.0
2022-11-10 00:00:00+09:00,1000.0,1030.0,999.0,1015.0,39995,0.0,0.0,0.0
2022-11-11 00:00:00+09:00,1035.0,1070.0,1015.0,1070.0,79388,0.0,0.0,0.0
2022-11-14 00:00:00+09:00,1065.0,1085.0,1050.0,1075.0,49407,0.0,0.0,0.0
2022-11-15 00:00:00+09:00,1075.0,1090.0,1035.0,1070.0,99868,0.0,0.0,0.0
2022-11-16 00:00:00+09:00,1080.0,1080.0,1020.0,1025.0,82948,0.0,0.0,0.0
2022-11-17 00:00:00+09:00,1025.0,1040.0,1015.0,1035.0,29877,0.0,0.0,0.0
2022-11-18 00:00:00+09:00,1035.0,1040.0,1005.0,1005.0,37504,0.0,0.0,0.0
2022-11-21 00:00:00+09:00,1005.0,1010.0,976.0,995.0,43366,0.0,0.0,0.0
2022-11-22 00:00:00+09:00,993.0,1010.0,981.0,1010.0,47421,0.0,0.0,0.0
2022-11-23 00:00:00+09:00,1015.0,1310.0,994.0,1310.0,4150690,0.0,0.0,0.0
2022-11-24 00:00:00+09:00,1275.0,1390.0,1195.0,1245.0,6986598,0.0,0.0,0.0
2022-11-25 00:00:00+09:00,1245.0,1250.0,1185.0,1200.0,678831,0.0,0.0,0.0
2022-11-28 00:00:00+09:00,1195.0,1215.0,1145.0,1175.0,603488,0.0,0.0,0.0
2022-11-29 00:00:00+09:00,1175.0,1190.0,1150.0,1190.0,311863,0.0,0.0,0.0
2022-11-30 00:00:00+09:00,1190.0,1325.0,1120.0,1165.0,2667313,0.0,0.0,0.0
2022-12-01 00:00:00+09:00,1180.0,1180.0,1140.0,1145.0,339184,0.0,0.0,0.0
2022-12-02 00:00:00+09:00,1145.0,1160.0,1120.0,1140.0,198198,0.0,0.0,0.0
2022-12-05 00:00:00+09:00,1130.0,1145.0,1100.0,1135.0,187569,0.0,0.0,0.0
2022-12-06 00:00:00+09:00,1115.0,1125.0,1095.0,1125.0,127109,0.0,0.0,0.0
2022-12-07 00:00:00+09:00,1110.0,1110.0,1075.0,1085.0,155386,0.0,0.0,0.0
2022-12-08 00:00:00+09:00,1075.0,1085.0,1020.0,1065.0,163325,0.0,0.0,0.0
2022-12-09 00:00:00+09:00,1065.0,1085.0,1040.0,1085.0,117754,0.0,0.0,0.0
2022-12-12 00:00:00+09:00,1075.0,1090.0,1040.0,1080.0,92134,0.0,0.0,0.0
2022-12-13 00:00:00+09:00,1085.0,1105.0,1060.0,1080.0,102599,0.0,0.0,0.0
2022-12-14 00:00:00+09:00,1080.0,1110.0,1065.0,1110.0,76557,0.0,0.0,0.0
2022-12-15 00:00:00+09:00,1110.0,1110.0,1070.0,1095.0,50427,0.0,0.0,0.0
2022-12-16 00:00:00+09:00,1070.0,1095.0,1055.0,1095.0,91491,0.0,0.0,0.0
2022-12-19 00:00:00+09:00,1070.0,1095.0,1070.0,1085.0,43676,0.0,0.0,0.0
2022-12-20 00:00:00+09:00,1075.0,1120.0,1050.0,1080.0,109600,0.0,0.0,0.0
2022-12-21 00:00:00+09:00,1070.0,1100.0,1065.0,1080.0,36615,0.0,0.0,0.0
2022-12-22 00:00:00+09:00,1080.0,1100.0,1070.0,1095.0,44831,0.0,0.0,0.0
2022-12-23 00:00:00+09:00,1095.0,1125.0,1080.0,1090.0,78294,0.0,0.0,0.0
2022-12-26 00:00:00+09:00,1090.0,1110.0,1070.0,1100.0,64897,0.0,0.0,0.0
2022-12-27 00:00:00+09:00,1105.0,1125.0,1085.0,1105.0,43106,0.0,0.0,0.0
2022-12-28 00:00:00+09:00,1105.0,1105.0,1065.0,1085.0,38613,0.0,0.0,0.0
2022-12-29 00:00:00+09:00,1075.0,1085.0,1020.0,1045.0,58441,0.0,0.0,0.0
2023-01-02 00:00:00+09:00,1045.0,1060.0,1000.0,1030.0,63128,0.0,0.0,0.0
2023-01-03 00:00:00+09:00,1030.0,1030.0,980.0,1000.0,56238,0.0,0.0,0.0
2023-01-04 00:00:00+09:00,1000.0,1010.0,950.0,997.0,58300,0.0,0.0,0.0
2023-01-05 00:00:00+09:00,1000.0,1015.0,995.0,1010.0,30213,0.0,0.0,0.0
2023-01-06 00:00:00+09:00,1020.0,1060.0,997.0,1050.0,95773,0.0,0.0,0.0
2023-01-09 00:00:00+09:00,1055.0,1080.0,1050.0,1070.0,27619,0.0,0.0,0.0
2023-01-10 00:00:00+09:00,1070.0,1075.0,1040.0,1055.0,24858,0.0,0.0,0.0
2023-01-11 00:00:00+09:00,1055.0,1085.0,1050.0,1080.0,35477,0.0,0.0,0.0
2023-01-12 00:00:00+09:00,1090.0,1090.0,1065.0,1085.0,27508,0.0,0.0,0.0
2023-01-13 00:00:00+09:00,1075.0,1090.0,1065.0,1080.0,28140,0.0,0.0,0.0
2023-01-16 00:00:00+09:00,1095.0,1095.0,1065.0,1075.0,33823,0.0,0.0,0.0
2023-01-17 00:00:00+09:00,1075.0,1260.0,1065.0,1130.0,3455628,0.0,0.0,0.0
2023-01-18 00:00:00+09:00,1120.0,1140.0,1100.0,1140.0,256046,0.0,0.0,0.0
2023-01-19 00:00:00+09:00,1125.0,1130.0,1090.0,1120.0,115781,0.0,0.0,0.0
2023-01-20 00:00:00+09:00,1115.0,1120.0,1080.0,1115.0,101771,0.0,0.0,0.0
2023-01-25 00:00:00+09:00,1105.0,1186.0,1070.0,1108.0,3229,0.0,0.0,0.0
2023-01-26 00:00:00+09:00,1108.0,1108.0,1085.0,1113.0,81228,0.0,0.0,0.0
2023-01-27 00:00:00+09:00,1101.0,1124.0,1085.0,1120.0,30,0.0,0.0,0.0
2023-01-30 00:00:00+09:00,1130.0,1130.0,1095.0,1085.0,91990,0.0,0.0,0.0
2023-01-31 00:00:00+09:00,1100.0,1121.0,1095.0,1097.0,37552,0.0,0.0,0.0
2023-02-01 00:00:00+09:00,1110.0,1117.0,1096.0,1096.0,53623,0.0,0.0,0.0
2023-02-02 00:00:00+09:00,1105.0,1110.0,1099.0,1112.0,44069,0.0,0.0,0.0
2023-02-03 00:00:00+09:00,1115.0,1115.0,1100.0,1112.0,1510,0.0,0.0,0.0
2023-02-06 00:00:00+09:00,1108.0,1119.0,1103.0,1119.0,2012,0.0,0.0,0.0
2023-02-07 00:00:00+09:00,1120.0,1140.0,1118.0,1119.0,77242,0.0,0.0,0.0
2023-02-08 00:00:00+09:00,1130.0,1130.0,1116.0,1117.0,11,0.0,0.0,0.0
2023-02-09 00:00:00+09:00,1125.0,1125.0,1090.0,1104.0,11,0.0,0.0,0.0
2023-02-10 00:00:00+09:00,1116.0,1116.0,1080.0,1082.0,40190,0.0,0.0,0.0
2023-02-13 00:00:00+09:00,1098.0,1109.0,1084.0,1092.0,43188,0.0,0.0,0.0
2023-02-14 00:00:00+09:00,1093.0,1103.0,1078.0,1078.0,37921,0.0,0.0,0.0
2023-02-15 00:00:00+09:00,1084.0,1088.0,1040.0,1066.0,21,0.0,0.0,0.0
2023-02-16 00:00:00+09:00,1064.0,1101.0,1046.0,1090.0,35619,0.0,0.0,0.0
2023-02-17 00:00:00+09:00,1080.0,1090.0,1073.0,1084.0,24621,0.0,0.0,0.0
2023-02-20 00:00:00+09:00,1074.0,1089.0,1062.0,1087.0,16627,0.0,0.0,0.0
2023-02-21 00:00:00+09:00,1081.0,1096.0,1073.0,1085.0,39781,0.0,0.0,0.0
2023-02-22 00:00:00+09:00,1078.0,1078.0,1050.0,1063.0,33586,0.0,0.0,0.0
2023-02-23 00:00:00+09:00,1052.0,1063.0,1041.0,1062.0,1278,0.0,0.0,0.0
2023-02-24 00:00:00+09:00,1055.0,1062.0,1042.0,1049.0,42059,0.0,0.0,0.0
2023-02-27 00:00:00+09:00,1049.0,1049.0,1018.0,1042.0,30389,0.0,0.0,0.0
2023-02-28 00:00:00+09:00,1032.0,1052.0,1015.0,1052.0,41852,0.0,0.0,0.0
2023-03-02 00:00:00+09:00,1052.0,1085.0,1051.0,1061.0,26289,0.0,0.0,0.0
2023-03-03 00:00:00+09:00,1080.0,1080.0,1047.0,1063.0,34877,0.0,0.0,0.0
2023-03-06 00:00:00+09:00,1069.0,1070.0,1050.0,1059.0,40075,0.0,0.0,0.0
2023-03-07 00:00:00+09:00,1059.0,1078.0,1040.0,1075.0,111001,0.0,0.0,0.0
2023-03-08 00:00:00+09:00,1077.0,1182.0,1070.0,1140.0,366322,0.0,0.0,0.0
2023-03-09 00:00:00+09:00,1148.0,1206.0,1093.0,1174.0,997880,0.0,0.0,0.0
2023-03-10 00:00:00+09:00,1191.0,1191.0,1132.0,1169.0,245408,0.0,0.0,0.0
2023-03-13 00:00:00+09:00,1150.0,1168.0,1117.0,1160.0,98431,0.0,0.0,0.0
2023-03-14 00:00:00+09:00,1160.0,1162.0,1098.0,1146.0,145732,0.0,0.0,0.0
2023-03-15 00:00:00+09:00,1152.0,1152.0,1112.0,1130.0,133466,0.0,0.0,0.0
2023-03-16 00:00:00+09:00,1130.0,1132.0,1090.0,1129.0,64842,0.0,0.0,0.0
2023-03-17 00:00:00+09:00,1107.0,1107.0,834.0,1010.0,2263362,0.0,0.0,0.0
2023-03-20 00:00:00+09:00,1021.0,1108.0,1020.0,1080.0,574663,0.0,0.0,0.0
2023-03-21 00:00:00+09:00,1080.0,1105.0,1071.0,1090.0,204990,0.0,0.0,0.0
2023-03-22 00:00:00+09:00,1149.0,1215.0,1112.0,1152.0,928851,0.0,0.0,0.0
2023-03-23 00:00:00+09:00,1175.0,1175.0,1093.0,1127.0,314352,0.0,0.0,0.0
2023-03-24 00:00:00+09:00,1030.0,1236.0,1030.0,1199.0,737625,0.0,0.0,0.0
2023-03-27 00:00:00+09:00,1236.0,1335.0,1204.0,1314.0,739211,0.0,0.0,0.0
2023-03-28 00:00:00+09:00,1319.0,1325.0,1244.0,1286.0,236586,0.0,0.0,0.0
2023-03-29 00:00:00+09:00,1295.0,1316.0,1247.0,1260.0,191509,0.0,0.0,0.0
2023-03-30 00:00:00+09:00,1240.0,1240.0,1190.0,1230.0,294787,0.0,0.0,0.0
2023-03-31 00:00:00+09:00,1219.0,1240.0,1191.0,1238.0,117319,0.0,0.0,0.0
2023-04-03 00:00:00+09:00,1248.0,1248.0,1202.0,1220.0,68477,0.0,0.0,0.0
2023-04-04 00:00:00+09:00,1220.0,1240.0,1195.0,1223.0,48615,0.0,0.0,0.0
2023-04-05 00:00:00+09:00,1240.0,1240.0,1195.0,1230.0,91239,0.0,0.0,0.0
2023-04-06 00:00:00+09:00,1248.0,1248.0,1187.0,1215.0,151398,0.0,0.0,0.0
2023-04-07 00:00:00+09:00,1215.0,1239.0,1173.0,1199.0,48543,0.0,0.0,0.0
2023-04-10 00:00:00+09:00,1201.0,1211.0,1135.0,1200.0,96934,0.0,0.0,0.0
2023-04-11 00:00:00+09:00,1200.0,1200.0,1147.0,1194.0,70042,0.0,0.0,0.0
2023-04-12 00:00:00+09:00,1190.0,1256.0,1161.0,1215.0,150746,0.0,0.0,0.0
2023-04-13 00:00:00+09:00,1210.0,1210.0,1183.0,1205.0,92110,0.0,0.0,0.0
2023-04-14 00:00:00+09:00,1205.0,1250.0,1192.0,1206.0,73430,0.0,0.0,0.0
2023-04-17 00:00:00+09:00,1200.0,1200.0,1150.0,1195.0,99562,0.0,0.0,0.0
2023-04-18 00:00:00+09:00,1213.0,1213.0,1161.0,1192.0,74563,0.0,0.0,0.0
2023-04-19 00:00:00+09:00,1236.0,1236.0,1156.0,1190.0,66721,0.0,0.0,0.0
2023-04-20 00:00:00+09:00,1183.0,1206.0,1174.0,1194.0,78861,0.0,0.0,0.0
2023-04-21 00:00:00+09:00,1235.0,1235.0,1116.0,1141.0,243355,0.0,0.0,0.0
2023-04-24 00:00:00+09:00,1140.0,1140.0,1089.0,1118.0,142676,0.0,0.0,0.0
2023-04-25 00:00:00+09:00,1115.0,1115.0,1060.0,1062.0,158310,0.0,0.0,0.0
2023-04-26 00:00:00+09:00,1062.0,1109.0,1057.0,1100.0,75388,0.0,0.0,0.0
2023-04-27 00:00:00+09:00,1100.0,1169.0,1071.0,1139.0,100531,0.0,0.0,0.0
2023-04-28 00:00:00+09:00,1121.0,1140.0,1068.0,1123.0,99863,0.0,0.0,0.0
2023-05-02 00:00:00+09:00,1123.0,1165.0,1094.0,1129.0,24516,0.0,0.0,0.0
2023-05-03 00:00:00+09:00,1139.0,1139.0,1113.0,1137.0,41300,0.0,0.0,0.0
2023-05-04 00:00:00+09:00,1140.0,1195.0,1070.0,1195.0,156573,0.0,0.0,0.0
2023-05-08 00:00:00+09:00,1528.0,1550.0,1275.0,1300.0,5103855,0.0,0.0,0.0
2023-05-09 00:00:00+09:00,1304.0,1320.0,1233.0,1265.0,509482,0.0,0.0,0.0
2023-05-10 00:00:00+09:00,1300.0,1411.0,1259.0,1358.0,740255,0.0,0.0,0.0
2023-05-11 00:00:00+09:00,1330.0,1417.0,1330.0,1411.0,498612,0.0,0.0,0.0
2023-05-12 00:00:00+09:00,1400.0,1530.0,1380.0,1499.0,1015978,0.0,0.0,0.0
2023-05-15 00:00:00+09:00,1505.0,1560.0,1389.0,1396.0,946317,0.0,0.0,0.0
2023-05-16 00:00:00+09:00,1366.0,1449.0,1304.0,1414.0,863472,0.0,0.0,0.0
2023-05-17 00:00:00+09:00,1442.0,1442.0,1402.0,1420.0,151295,0.0,0.0,0.0
2023-05-18 00:00:00+09:00,1434.0,1434.0,1398.0,1412.0,134656,0.0,0.0,0.0
2023-05-19 00:00:00+09:00,1415.0,1424.0,1340.0,1380.0,181611,0.0,0.0,0.0
2023-05-22 00:00:00+09:00,1390.0,1410.0,1350.0,1379.0,83868,0.0,0.0,0.0
2023-05-23 00:00:00+09:00,1379.0,1439.0,1340.0,1399.0,143930,0.0,0.0,0.0
2023-05-24 00:00:00+09:00,1404.0,1428.0,1390.0,1411.0,94261,0.0,0.0,0.0
2023-05-25 00:00:00+09:00,1418.0,1435.0,1411.0,1425.0,127973,0.0,0.0,0.0
2023-05-26 00:00:00+09:00,1460.0,1460.0,1400.0,1414.0,123460,0.0,0.0,0.0
2023-05-30 00:00:00+09:00,1412.0,1420.0,1315.0,1348.0,299365,0.0,0.0,0.0
2023-05-31 00:00:00+09:00,1348.0,1430.0,1320.0,1396.0,163209,0.0,0.0,0.0
2023-06-01 00:00:00+09:00,1410.0,1429.0,1380.0,1416.0,118802,0.0,0.0,0.0
2023-06-02 00:00:00+09:00,1415.0,1419.0,1390.0,1415.0,44287,0.0,0.0,0.0
2023-06-05 00:00:00+09:00,1420.0,1439.0,1388.0,1420.0,84682,0.0,0.0,0.0
2023-06-07 00:00:00+09:00,1435.0,1435.0,1401.0,1419.0,62044,0.0,0.0,0.0
2023-06-08 00:00:00+09:00,1431.0,1431.0,1375.0,1376.0,66663,0.0,0.0,0.0
2023-06-09 00:00:00+09:00,1407.0,1409.0,1350.0,1350.0,58740,0.0,0.0,0.0
2023-06-12 00:00:00+09:00,1350.0,1390.0,1335.0,1386.0,46316,0.0,0.0,0.0
2023-06-13 00:00:00+09:00,1390.0,1390.0,1360.0,1379.0,25399,0.0,0.0,0.0
2023-06-14 00:00:00+09:00,1380.0,1380.0,1349.0,1351.0,43834,0.0,0.0,0.0
2023-06-15 00:00:00+09:00,1360.0,1374.0,1330.0,1335.0,34563,0.0,0.0,0.0
2023-06-16 00:00:00+09:00,1330.0,1362.0,1305.0,1345.0,48069,0.0,0.0,0.0
2023-06-19 00:00:00+09:00,1320.0,1335.0,1304.0,1318.0,58425,0.0,0.0,0.0
2023-06-20 00:00:00+09:00,1316.0,1335.0,1309.0,1327.0,30746,0.0,0.0,0.0
2023-06-21 00:00:00+09:00,1325.0,1338.0,1260.0,1310.0,64850,0.0,0.0,0.0
2023-06-22 00:00:00+09:00,1295.0,1333.0,1281.0,1309.0,44987,0.0,0.0,0.0
2023-06-23 00:00:00+09:00,1311.0,1329.0,1275.0,1294.0,43917,0.0,0.0,0.0
2023-06-26 00:00:00+09:00,1294.0,1324.0,1265.0,1280.0,35287,0.0,0.0,0.0
2023-06-27 00:00:00+09:00,1250.0,1278.0,1236.0,1237.0,64734,0.0,0.0,0.0
2023-06-28 00:00:00+09:00,1250.0,1251.0,1231.0,1232.0,21687,0.0,0.0,0.0
2023-06-29 00:00:00+09:00,1235.0,1235.0,1130.0,1175.0,86432,0.0,0.0,0.0
2023-06-30 00:00:00+09:00,1176.0,1280.0,1151.0,1224.0,112855,0.0,0.0,0.0
2023-07-03 00:00:00+09:00,1224.0,1240.0,1200.0,1240.0,59101,0.0,0.0,0.0
2023-07-04 00:00:00+09:00,1240.0,1240.0,1205.0,1215.0,45525,0.0,0.0,0.0
2023-07-05 00:00:00+09:00,1215.0,1269.0,1130.0,1131.0,310726,0.0,0.0,0.0
2023-07-06 00:00:00+09:00,1131.0,1159.0,1099.0,1099.0,115056,0.0,0.0,0.0
2023-07-07 00:00:00+09:00,1105.0,1174.0,1096.0,1130.0,104996,0.0,0.0,0.0
2023-07-10 00:00:00+09:00,1131.0,1178.0,1100.0,1117.0,153966,0.0,0.0,0.0
2023-07-11 00:00:00+09:00,1117.0,1170.0,1085.0,1091.0,79207,0.0,0.0,0.0
2023-07-12 00:00:00+09:00,1091.0,1138.0,1062.0,1062.0,79428,0.0,0.0,0.0
2023-07-13 00:00:00+09:00,1052.0,1102.0,1052.0,1052.0,65533,0.0,0.0,0.0
2023-07-14 00:00:00+09:00,1052.0,1085.0,1045.0,1051.0,132457,0.0,0.0,0.0
2023-07-17 00:00:00+09:00,1045.0,1099.0,1044.0,1097.0,173948,0.0,0.0,0.0
2023-07-18 00:00:00+09:00,1120.0,1140.0,1036.0,1046.0,237040,0.0,0.0,0.0
2023-07-19 00:00:00+09:00,1046.0,1046.0,980.0,999.0,389556,0.0,0.0,0.0
2023-07-20 00:00:00+09:00,999.0,1015.0,930.0,958.0,345898,0.0,0.0,0.0
2023-07-21 00:00:00+09:00,958.0,978.0,927.0,930.0,183693,0.0,0.0,0.0
2023-07-24 00:00:00+09:00,931.0,931.0,861.0,868.0,266060,0.0,0.0,0.0
2023-07-25 00:00:00+09:00,868.0,920.0,815.0,815.0,584066,0.0,0.0,0.0
2023-07-26 00:00:00+09:00,820.0,830.0,720.0,773.0,937569,0.0,0.0,0.0
2023-07-27 00:00:00+09:00,796.0,810.0,765.0,795.0,403340,0.0,0.0,0.0
2023-07-28 00:00:00+09:00,817.0,888.0,798.0,822.0,305131,0.0,0.0,0.0
2023-07-31 00:00:00+09:00,840.0,867.0,820.0,863.0,325266,0.0,0.0,0.0
2023-08-01 00:00:00+09:00,875.0,916.0,870.0,890.0,258493,0.0,0.0,0.0
2023-08-02 00:00:00+09:00,905.0,905.0,859.0,875.0,262009,0.0,0.0,0.0
2023-08-03 00:00:00+09:00,864.0,890.0,830.0,844.0,112661,0.0,0.0,0.0
2023-08-04 00:00:00+09:00,830.0,875.0,829.0,850.0,114730,0.0,0.0,0.0
2023-08-07 00:00:00+09:00,870.0,870.0,839.0,846.0,103102,0.0,0.0,0.0
2023-08-08 00:00:00+09:00,859.0,882.0,818.0,830.0,239383,0.0,0.0,0.0
2023-08-09 00:00:00+09:00,830.0,845.0,815.0,821.0,140199,0.0,0.0,0.0
2023-08-10 00:00:00+09:00,804.0,865.0,802.0,826.0,115151,0.0,0.0,0.0
2023-08-11 00:00:00+09:00,827.0,859.0,820.0,837.0,275644,0.0,0.0,0.0
2023-08-14 00:00:00+09:00,837.0,837.0,756.0,797.0,987820,0.0,0.0,0.0
2023-08-16 00:00:00+09:00,661.0,724.0,558.0,593.0,5808095,0.0,0.0,0.0
2023-08-17 00:00:00+09:00,593.0,608.0,508.0,581.0,1299288,0.0,0.0,0.0
2023-08-18 00:00:00+09:00,580.0,600.0,565.0,590.0,160451,0.0,0.0,0.0
2023-08-21 00:00:00+09:00,590.0,606.0,566.0,573.0,264756,0.0,0.0,0.0
2023-08-22 00:00:00+09:00,572.0,590.0,465.0,498.0,2169926,0.0,0.0,0.0
2023-08-23 00:00:00+09:00,498.0,509.0,472.0,491.0,705083,0.0,0.0,0.0
2023-08-24 00:00:00+09:00,491.0,529.0,482.0,522.0,302165,0.0,0.0,0.0
2023-08-25 00:00:00+09:00,523.0,540.0,508.0,521.0,71112,0.0,0.0,0.0
2023-08-28 00:00:00+09:00,537.0,537.0,390.0,407.0,4880505,0.0,0.0,0.0
2023-08-29 00:00:00+09:00,412.0,468.0,389.0,432.0,3566515,0.0,0.0,0.0
2023-08-30 00:00:00+09:00,440.0,561.0,435.0,561.0,9109565,0.0,0.0,0.0
2023-08-31 00:00:00+09:00,612.0,715.0,548.0,548.0,24557930,0.0,0.0,0.0
2023-09-01 00:00:00+09:00,548.0,669.0,506.0,578.0,16932949,0.0,0.0,0.0
2023-09-04 00:00:00+09:00,578.0,596.0,525.0,532.0,2848474,0.0,0.0,0.0
2023-09-05 00:00:00+09:00,537.0,550.0,507.0,517.0,1859307,0.0,0.0,0.0
2023-09-06 00:00:00+09:00,517.0,517.0,517.0,517.0,0,0.0,0.0,0.0
2023-09-07 00:00:00+09:00,517.0,517.0,517.0,517.0,0,0.0,0.0,0.0
2023-09-08 00:00:00+09:00,517.0,517.0,517.0,517.0,0,0.0,0.0,0.0
2023-09-11 00:00:00+09:00,517.0,517.0,517.0,517.0,0,0.0,0.0,0.0
2023-09-12 00:00:00+09:00,517.0,517.0,517.0,517.0,0,0.0,0.0,0.0
2023-09-13 00:00:00+09:00,517.0,517.0,517.0,517.0,0,0.0,0.0,0.0
2023-09-14 00:00:00+09:00,517.0,517.0,517.0,517.0,0,0.0,0.0,0.0
2023-09-15 00:00:00+09:00,517.0,517.0,517.0,517.0,0,0.0,0.0,0.0
2023-09-18 00:00:00+09:00,517.0,517.0,517.0,517.0,0,0.0,0.0,0.0
2023-09-19 00:00:00+09:00,468.0,510.0,410.0,441.0,5711261,0.0,0.0,0.0
2023-09-20 00:00:00+09:00,446.0,490.0,425.0,428.0,1462907,0.0,0.0,0.0
2023-09-21 00:00:00+09:00,426.0,440.0,390.0,390.0,1657448,0.0,0.0,0.0
2023-09-22 00:00:00+09:00,390.0,413.0,360.0,379.0,1478606,0.0,0.0,0.0
2023-09-25 00:00:00+09:00,386.0,386.0,328.0,328.0,1580801,0.0,0.0,0.0
2023-09-26 00:00:00+09:00,328.0,426.0,319.0,426.0,11232713,0.0,0.0,0.0
2023-09-27 00:00:00+09:00,386.0,468.0,362.0,362.0,8120786,0.0,0.0,0.0
2023-10-04 00:00:00+09:00,350.0,370.0,334.0,340.0,1448651,0.0,0.0,0.0
2023-10-05 00:00:00+09:00,340.0,388.0,331.0,335.0,2429653,0.0,0.0,0.0
2023-10-06 00:00:00+09:00,335.0,363.0,335.0,355.0,724342,0.0,0.0,0.0
2023-10-10 00:00:00+09:00,320.0,372.0,320.0,343.0,797156,0.0,0.0,0.0
2023-10-11 00:00:00+09:00,343.0,384.0,335.0,370.0,1351101,0.0,0.0,0.0
2023-10-12 00:00:00+09:00,370.0,395.0,366.0,379.0,838965,0.0,0.0,0.0
2023-10-13 00:00:00+09:00,379.0,389.0,361.0,372.0,311106,0.0,0.0,0.0
2023-10-16 00:00:00+09:00,374.0,384.0,360.0,363.0,512933,0.0,0.0,0.0
2023-10-17 00:00:00+09:00,379.0,379.0,351.0,365.0,350870,0.0,0.0,0.0
2023-10-18 00:00:00+09:00,364.0,367.0,341.0,350.0,407814,0.0,0.0,0.0
2023-10-19 00:00:00+09:00,364.0,365.0,335.0,344.0,371902,0.0,0.0,0.0
2023-10-20 00:00:00+09:00,340.0,343.0,318.0,331.0,362500,0.0,0.0,0.0
2023-10-23 00:00:00+09:00,343.0,351.0,321.0,329.0,402918,0.0,0.0,0.0
2023-10-24 00:00:00+09:00,339.0,342.0,322.0,334.0,237095,0.0,0.0,0.0
2023-10-25 00:00:00+09:00,334.0,337.0,323.0,334.0,116287,0.0,0.0,0.0
2023-10-26 00:00:00+09:00,318.0,399.0,318.0,331.0,1025228,0.0,0.0,0.0
2023-10-27 00:00:00+09:00,346.0,346.0,331.0,338.0,288571,0.0,0.0,0.0
2023-10-30 00:00:00+09:00,338.0,338.0,320.0,324.0,596646,0.0,0.0,0.0
2023-10-31 00:00:00+09:00,320.0,336.0,319.0,325.0,204260,0.0,0.0,0.0
2023-11-01 00:00:00+09:00,320.0,331.0,319.0,323.0,148572,0.0,0.0,0.0
2023-11-02 00:00:00+09:00,323.0,348.0,319.0,326.0,314424,0.0,0.0,0.0
2023-11-03 00:00:00+09:00,326.0,354.0,326.0,348.0,543958,0.0,0.0,0.0
2023-11-06 00:00:00+09:00,359.0,359.0,328.0,331.0,845723,0.0,0.0,0.0
2023-11-07 00:00:00+09:00,332.0,337.0,313.0,317.0,649433,0.0,0.0,0.0
2023-11-08 00:00:00+09:00,313.0,323.0,311.0,318.0,171959,0.0,0.0,0.0
2023-11-09 00:00:00+09:00,321.0,321.0,310.0,316.0,291211,0.0,0.0,0.0
2023-11-10 00:00:00+09:00,316.0,319.0,298.0,300.0,329312,0.0,0.0,0.0
2023-11-13 00:00:00+09:00,295.0,307.0,291.0,300.0,203884,0.0,0.0,0.0
2023-11-14 00:00:00+09:00,302.0,373.0,302.0,333.0,4382267,0.0,0.0,0.0
2023-11-15 00:00:00+09:00,320.0,343.0,317.0,321.0,994345,0.0,0.0,0.0
2023-11-16 00:00:00+09:00,323.0,325.0,312.0,322.0,287619,0.0,0.0,0.0
2023-11-17 00:00:00+09:00,323.0,323.0,309.0,314.0,333641,0.0,0.0,0.0
2023-11-20 00:00:00+09:00,314.0,319.0,295.0,297.0,741190,0.0,0.0,0.0
2023-11-21 00:00:00+09:00,295.0,309.0,295.0,303.0,344360,0.0,0.0,0.0
2023-11-22 00:00:00+09:00,303.0,306.0,298.0,303.0,168338,0.0,0.0,0.0
2023-11-23 00:00:00+09:00,305.0,306.0,294.0,297.0,309307,0.0,0.0,0.0
2023-11-24 00:00:00+09:00,300.0,312.0,294.0,308.0,335353,0.0,0.0,0.0
2023-11-27 00:00:00+09:00,310.0,310.0,295.0,303.0,198018,0.0,0.0,0.0
2023-11-28 00:00:00+09:00,303.0,303.0,290.0,296.0,517901,0.0,0.0,0.0
2023-11-29 00:00:00+09:00,296.0,302.0,295.0,300.0,191600,0.0,0.0,0.0
2023-11-30 00:00:00+09:00,302.0,307.0,294.0,300.0,95430,0.0,0.0,0.0
2023-12-01 00:00:00+09:00,297.0,300.0,294.0,297.0,152525,0.0,0.0,0.0
2023-12-04 00:00:00+09:00,302.0,302.0,288.0,291.0,356907,0.0,0.0,0.0
2023-12-05 00:00:00+09:00,292.0,292.0,277.0,284.0,443724,0.0,0.0,0.0
2023-12-06 00:00:00+09:00,284.0,286.0,275.0,283.0,392194,0.0,0.0,0.0
2023-12-07 00:00:00+09:00,279.0,283.0,276.0,278.0,212379,0.0,0.0,0.0
2023-12-08 00:00:00+09:00,278.0,284.0,275.0,279.0,250936,0.0,0.0,0.0
2023-12-11 00:00:00+09:00,279.0,279.0,268.0,268.0,348636,0.0,0.0,0.0
2023-12-12 00:00:00+09:00,273.0,273.0,265.0,270.0,210512,0.0,0.0,0.0
2023-12-13 00:00:00+09:00,270.0,271.0,265.0,270.0,224253,0.0,0.0,0.0
2023-12-14 00:00:00+09:00,270.0,271.0,259.0,259.0,268733,0.0,0.0,0.0
2023-12-15 00:00:00+09:00,258.0,258.0,241.0,243.0,832444,0.0,0.0,0.0
2023-12-18 00:00:00+09:00,238.0,244.0,231.0,231.0,640216,0.0,0.0,0.0
2023-12-19 00:00:00+09:00,231.0,300.0,228.0,300.0,1927186,0.0,0.0,0.0
2023-12-20 00:00:00+09:00,305.0,316.0,263.0,266.0,4178644,0.0,0.0,0.0
2023-12-21 00:00:00+09:00,277.0,345.0,256.0,345.0,7727180,0.0,0.0,0.0
2023-12-22 00:00:00+09:00,321.0,447.0,313.0,367.0,17018882,0.0,0.0,0.0
2023-12-26 00:00:00+09:00,365.0,366.0,319.0,319.0,3111698,0.0,0.0,0.0
2023-12-27 00:00:00+09:00,315.0,414.0,299.0,342.0,17592004,0.0,0.0,0.0
2023-12-28 00:00:00+09:00,330.0,440.0,323.0,382.0,11633294,0.0,0.0,0.0
2024-01-02 00:00:00+09:00,385.0,461.0,385.0,420.0,4344666,0.0,0.0,0.0
2024-01-03 00:00:00+09:00,421.0,431.0,389.0,420.0,1861462,0.0,0.0,0.0
2024-01-04 00:00:00+09:00,430.0,450.0,394.0,400.0,1667731,0.0,0.0,0.0
2024-01-05 00:00:00+09:00,401.0,408.0,378.0,381.0,1014690,0.0,0.0,0.0
2024-01-08 00:00:00+09:00,380.0,410.0,371.0,380.0,883531,0.0,0.0,0.0
2024-01-09 00:00:00+09:00,381.0,388.0,364.0,381.0,695956,0.0,0.0,0.0
2024-01-10 00:00:00+09:00,381.0,382.0,364.0,368.0,537471,0.0,0.0,0.0
2024-01-11 00:00:00+09:00,368.0,386.0,364.0,366.0,586924,0.0,0.0,0.0
2024-01-12 00:00:00+09:00,375.0,378.0,341.0,350.0,842532,0.0,0.0,0.0
2024-01-15 00:00:00+09:00,350.0,360.0,330.0,331.0,205355,0.0,0.0,0.0
2024-01-16 00:00:00+09:00,332.0,338.0,316.0,320.0,506498,0.0,0.0,0.0
2024-01-17 00:00:00+09:00,326.0,326.0,310.0,320.0,495345,0.0,0.0,0.0
2024-01-18 00:00:00+09:00,320.0,400.0,313.0,338.0,3972213,0.0,0.0,0.0
2024-01-19 00:00:00+09:00,338.0,398.0,329.0,374.0,3063299,0.0,0.0,0.0
2024-01-22 00:00:00+09:00,377.0,410.0,365.0,389.0,1223183,0.0,0.0,0.0
2024-01-23 00:00:00+09:00,383.0,391.0,370.0,372.0,503396,0.0,0.0,0.0
2024-01-24 00:00:00+09:00,372.0,379.0,362.0,364.0,413366,0.0,0.0,0.0
2024-01-25 00:00:00+09:00,364.0,372.0,357.0,364.0,485140,0.0,0.0,0.0
2024-01-26 00:00:00+09:00,379.0,379.0,344.0,349.0,761158,0.0,0.0,0.0
2024-01-29 00:00:00+09:00,343.0,352.0,323.0,350.0,760847,0.0,0.0,0.0
2024-01-30 00:00:00+09:00,350.0,358.0,336.0,338.0,442683,0.0,0.0,0.0
2024-01-31 00:00:00+09:00,339.0,365.0,331.0,339.0,374343,0.0,0.0,0.0
2024-02-01 00:00:00+09:00,339.0,356.0,331.0,333.0,291205,0.0,0.0,0.0
2024-02-02 00:00:00+09:00,332.0,373.0,324.0,333.0,1107668,0.0,0.0,0.0
2024-02-05 00:00:00+09:00,333.0,336.0,323.0,329.0,455594,0.0,0.0,0.0
2024-02-06 00:00:00+09:00,323.0,331.0,310.0,324.0,598246,0.0,0.0,0.0
2024-02-07 00:00:00+09:00,318.0,322.0,305.0,312.0,329983,0.0,0.0,0.0
2024-02-08 00:00:00+09:00,315.0,339.0,305.0,320.0,340158,0.0,0.0,0.0
2024-02-13 00:00:00+09:00,320.0,334.0,315.0,315.0,291526,0.0,0.0,0.0
2024-02-14 00:00:00+09:00,328.0,330.0,310.0,316.0,172239,0.0,0.0,0.0
2024-02-15 00:00:00+09:00,316.0,325.0,314.0,323.0,289823,0.0,0.0,0.0
2024-02-16 00:00:00+09:00,322.0,333.0,314.0,316.0,229164,0.0,0.0,0.0
2024-02-19 00:00:00+09:00,317.0,335.0,314.0,327.0,207063,0.0,0.0,0.0
2024-02-20 00:00:00+09:00,327.0,329.0,315.0,320.0,159046,0.0,0.0,0.0
2024-02-21 00:00:00+09:00,323.0,370.0,312.0,324.0,2656604,0.0,0.0,0.0
2024-02-22 00:00:00+09:00,334.0,421.0,325.0,336.0,18301147,0.0,0.0,0.0
2024-02-23 00:00:00+09:00,348.0,353.0,325.0,336.0,1711947,0.0,0.0,0.0
2024-02-26 00:00:00+09:00,340.0,348.0,330.0,340.0,796879,0.0,0.0,0.0
2024-02-27 00:00:00+09:00,335.0,340.0,312.0,317.0,1414422,0.0,0.0,0.0
2024-02-28 00:00:00+09:00,317.0,328.0,311.0,314.0,515375,0.0,0.0,0.0
2024-02-29 00:00:00+09:00,314.0,319.0,300.0,306.0,785022,0.0,0.0,0.0
2024-03-04 00:00:00+09:00,310.0,310.0,281.0,287.0,879538,0.0,0.0,0.0
2024-03-05 00:00:00+09:00,279.0,293.0,278.0,281.0,414131,0.0,0.0,0.0
2024-03-06 00:00:00+09:00,282.0,282.0,265.0,270.0,836392,0.0,0.0,0.0
2024-03-07 00:00:00+09:00,262.0,297.0,258.0,259.0,929687,0.0,0.0,0.0
2024-03-08 00:00:00+09:00,259.0,300.0,259.0,265.0,2058435,0.0,0.0,0.0
2024-03-11 00:00:00+09:00,272.0,296.0,261.0,268.0,931440,0.0,0.0,0.0
2024-03-12 00:00:00+09:00,271.0,271.0,251.0,253.0,666238,0.0,0.0,0.0
2024-03-13 00:00:00+09:00,256.0,256.0,238.0,247.0,746643,0.0,0.0,0.0
2024-03-14 00:00:00+09:00,251.0,254.0,240.0,243.0,347082,0.0,0.0,0.0
2024-03-15 00:00:00+09:00,241.0,265.0,240.0,244.0,494527,0.0,0.0,0.0
2024-03-18 00:00:00+09:00,244.0,258.0,243.0,246.0,226545,0.0,0.0,0.0
2024-03-19 00:00:00+09:00,247.0,252.0,237.0,240.0,302200,0.0,0.0,0.0
2024-03-20 00:00:00+09:00,240.0,245.0,237.0,244.0,322927,0.0,0.0,0.0
2024-03-21 00:00:00+09:00,244.0,260.0,240.0,257.0,177648,0.0,0.0,0.0
2024-03-22 00:00:00+09:00,257.0,257.0,257.0,257.0,0,0.0,0.0,0.0
2024-03-25 00:00:00+09:00,257.0,257.0,257.0,257.0,0,0.0,0.0,0.0
2024-03-26 00:00:00+09:00,257.0,257.0,257.0,257.0,0,0.0,0.0,0.0
2024-03-27 00:00:00+09:00,257.0,257.0,257.0,257.0,0,0.0,0.0,0.0
2024-03-28 00:00:00+09:00,257.0,257.0,257.0,257.0,0,0.0,0.0,0.0
2024-03-29 00:00:00+09:00,257.0,257.0,257.0,257.0,0,0.0,0.0,0.0
2024-04-01 00:00:00+09:00,257.0,257.0,257.0,257.0,0,0.0,0.0,0.0
2024-04-02 00:00:00+09:00,257.0,257.0,257.0,257.0,0,0.0,0.0,0.0
2024-04-03 00:00:00+09:00,257.0,257.0,257.0,257.0,0,0.0,0.0,0.0
2024-04-04 00:00:00+09:00,257.0,257.0,257.0,257.0,0,0.0,0.0,0.0
2024-04-05 00:00:00+09:00,257.0,257.0,257.0,257.0,0,0.0,0.0,0.0
2024-04-08 00:00:00+09:00,257.0,257.0,257.0,257.0,0,0.0,0.0,0.0
2024-04-09 00:00:00+09:00,257.0,257.0,257.0,257.0,0,0.0,0.0,0.0
2024-04-11 00:00:00+09:00,257.0,257.0,257.0,257.0,0,0.0,0.0,0.0
2024-04-12 00:00:00+09:00,257.0,257.0,257.0,257.0,0,0.0,0.0,0.0
2024-04-15 00:00:00+09:00,257.0,257.0,257.0,257.0,0,0.0,0.0,0.0
2024-04-16 00:00:00+09:00,257.0,257.0,257.0,257.0,0,0.0,0.0,0.0
2024-04-17 00:00:00+09:00,257.0,257.0,257.0,257.0,0,0.0,0.0,0.0
2024-04-18 00:00:00+09:00,257.0,257.0,257.0,257.0,0,0.0,0.0,0.0
2024-04-19 00:00:00+09:00,257.0,257.0,257.0,257.0,0,0.0,0.0,0.0
2024-04-22 00:00:00+09:00,257.0,257.0,257.0,257.0,0,0.0,0.0,0.0
2024-04-23 00:00:00+09:00,257.0,257.0,257.0,257.0,0,0.0,0.0,0.0
2024-04-24 00:00:00+09:00,257.0,257.0,257.0,257.0,0,0.0,0.0,0.0
2024-04-25 00:00:00+09:00,257.0,257.0,257.0,257.0,0,0.0,0.0,0.0
2024-04-26 00:00:00+09:00,257.0,257.0,257.0,257.0,0,0.0,0.0,0.0
2024-04-29 00:00:00+09:00,257.0,257.0,257.0,257.0,0,0.0,0.0,0.0
2024-04-30 00:00:00+09:00,257.0,257.0,257.0,257.0,0,0.0,0.0,0.0
2024-05-02 00:00:00+09:00,257.0,257.0,257.0,257.0,0,0.0,0.0,0.0
2024-05-03 00:00:00+09:00,257.0,257.0,257.0,257.0,0,0.0,0.0,0.0
2024-05-07 00:00:00+09:00,257.0,257.0,257.0,257.0,0,0.0,0.0,0.0
2024-05-08 00:00:00+09:00,257.0,257.0,257.0,257.0,0,0.0,0.0,0.0
2024-05-09 00:00:00+09:00,257.0,257.0,257.0,257.0,0,0.0,0.0,0.0
2024-05-10 00:00:00+09:00,257.0,257.0,257.0,257.0,0,0.0,0.0,0.0
2024-05-13 00:00:00+09:00,257.0,257.0,257.0,257.0,0,0.0,0.0,0.0
2024-05-14 00:00:00+09:00,541.0526123046875,541.0526123046875,541.0526123046875,541.0526123046875,0,0.0,0.0,0.0
2024-05-16 00:00:00+09:00,541.0526123046875,541.0526123046875,541.0526123046875,541.0526123046875,0,0.0,0.0,0.0
2024-05-17 00:00:00+09:00,541.0526123046875,541.0526123046875,541.0526123046875,541.0526123046875,0,0.0,0.0,0.0
2024-05-20 00:00:00+09:00,541.0526123046875,541.0526123046875,541.0526123046875,541.0526123046875,0,0.0,0.5,0.0
2024-05-21 00:00:00+09:00,541.0526123046875,541.0526123046875,541.0526123046875,541.0526123046875,0,0.0,0.0,0.0
2024-05-22 00:00:00+09:00,541.0526123046875,541.0526123046875,541.0526123046875,541.0526123046875,0,0.0,0.95,0.0
2024-05-23 00:00:00+09:00,541.0526123046875,541.0526123046875,541.0526123046875,541.0526123046875,0,0.0,0.0,0.0
2024-05-24 00:00:00+09:00,541.0526123046875,541.0526123046875,541.0526123046875,541.0526123046875,0,0.0,0.0,0.0
2024-05-27 00:00:00+09:00,541.0526123046875,541.0526123046875,541.0526123046875,541.0526123046875,0,0.0,0.0,0.0
2024-05-28 00:00:00+09:00,541.0526123046875,541.0526123046875,541.0526123046875,541.0526123046875,0,0.0,0.0,0.0
2024-05-29 00:00:00+09:00,541.0526123046875,541.0526123046875,541.0526123046875,541.0526123046875,0,0.0,0.0,0.0
2024-05-30 00:00:00+09:00,541.0526123046875,541.0526123046875,541.0526123046875,541.0526123046875,0,0.0,0.0,0.0
2024-05-31 00:00:00+09:00,541.0526123046875,541.0526123046875,541.0526123046875,541.0526123046875,0,0.0,0.0,0.0
2024-06-03 00:00:00+09:00,541.0526123046875,541.0526123046875,541.0526123046875,541.0526123046875,0,0.0,0.0,0.0
2024-06-04 00:00:00+09:00,541.0526123046875,541.0526123046875,541.0526123046875,541.0526123046875,0,0.0,0.0,0.0
2024-06-05 00:00:00+09:00,541.0526123046875,541.0526123046875,541.0526123046875,541.0526123046875,0,0.0,0.0,0.0
2024-06-07 00:00:00+09:00,541.0526123046875,541.0526123046875,541.0526123046875,541.0526123046875,0,0.0,0.0,0.0
2024-06-10 00:00:00+09:00,541.0526123046875,541.0526123046875,541.0526123046875,541.0526123046875,0,0.0,0.0,0.0
2024-06-11 00:00:00+09:00,541.0526123046875,541.0526123046875,541.0526123046875,541.0526123046875,0,0.0,0.0,0.0
2024-06-12 00:00:00+09:00,541.0526123046875,541.0526123046875,541.0526123046875,541.0526123046875,0,0.0,0.0,0.0
2024-06-13 00:00:00+09:00,541.0526123046875,541.0526123046875,541.0526123046875,541.0526123046875,0,0.0,0.0,0.0
2024-06-14 00:00:00+09:00,541.0526123046875,541.0526123046875,541.0526123046875,541.0526123046875,0,0.0,0.0,0.0
2024-06-17 00:00:00+09:00,541.0526123046875,541.0526123046875,541.0526123046875,541.0526123046875,0,0.0,0.0,0.0
2024-06-18 00:00:00+09:00,541.0526123046875,541.0526123046875,541.0526123046875,541.0526123046875,0,0.0,0.0,0.0
2024-06-19 00:00:00+09:00,541.0526123046875,541.0526123046875,541.0526123046875,541.0526123046875,0,0.0,0.0,0.0
2024-06-20 00:00:00+09:00,541.0526123046875,541.0526123046875,541.0526123046875,541.0526123046875,0,0.0,0.0,0.0
2024-06-21 00:00:00+09:00,541.0526123046875,541.0526123046875,541.0526123046875,541.0526123046875,0,0.0,0.0,0.0
2024-06-24 00:00:00+09:00,541.0526123046875,541.0526123046875,541.0526123046875,541.0526123046875,0,0.0,0.0,0.0
2024-06-25 00:00:00+09:00,541.0526123046875,541.0526123046875,541.0526123046875,541.0526123046875,0,0.0,0.0,0.0
2024-06-26 00:00:00+09:00,541.0526123046875,541.0526123046875,541.0526123046875,541.0526123046875,0,0.0,0.0,0.0
2024-06-27 00:00:00+09:00,541.0526123046875,541.0526123046875,541.0526123046875,541.0526123046875,0,0.0,0.0,0.0
2024-06-28 00:00:00+09:00,541.0526123046875,541.0526123046875,541.0526123046875,541.0526123046875,0,0.0,0.0,0.0
2024-07-01 00:00:00+09:00,541.0526123046875,541.0526123046875,541.0526123046875,541.0526123046875,0,0.0,0.0,0.0
2024-07-02 00:00:00+09:00,541.0526123046875,541.0526123046875,541.0526123046875,541.0526123046875,0,0.0,0.0,0.0
2024-07-03 00:00:00+09:00,541.0526123046875,541.0526123046875,541.0526123046875,541.0526123046875,0,0.0,0.0,0.0
2024-07-04 00:00:00+09:00,541.0526123046875,541.0526123046875,541.0526123046875,541.0526123046875,0,0.0,0.0,0.0
2024-07-05 00:00:00+09:00,541.0526123046875,541.0526123046875,541.0526123046875,541.0526123046875,0,0.0,0.0,0.0
2024-07-08 00:00:00+09:00,541.0526123046875,541.0526123046875,541.0526123046875,541.0526123046875,0,0.0,0.0,0.0
2024-07-09 00:00:00+09:00,541.0526123046875,541.0526123046875,541.0526123046875,541.0526123046875,0,0.0,0.0,0.0
2024-07-10 00:00:00+09:00,541.0526123046875,541.0526123046875,541.0526123046875,541.0526123046875,0,0.0,0.0,0.0
2024-07-11 00:00:00+09:00,541.0526123046875,541.0526123046875,541.0526123046875,541.0526123046875,0,0.0,0.0,0.0
2024-07-12 00:00:00+09:00,541.0526123046875,541.0526123046875,541.0526123046875,541.0526123046875,0,0.0,0.0,0.0
2024-07-15 00:00:00+09:00,541.0526123046875,541.0526123046875,541.0526123046875,541.0526123046875,0,0.0,0.0,0.0
2024-07-16 00:00:00+09:00,541.0526123046875,541.0526123046875,541.0526123046875,541.0526123046875,0,0.0,0.0,0.0
2024-07-17 00:00:00+09:00,541.0526123046875,541.0526123046875,541.0526123046875,541.0526123046875,0,0.0,0.0,0.0
2024-07-18 00:00:00+09:00,541.0526123046875,541.0526123046875,541.0526123046875,541.0526123046875,0,0.0,0.0,0.0
2024-07-19 00:00:00+09:00,541.0526123046875,541.0526123046875,541.0526123046875,541.0526123046875,0,0.0,0.0,0.0
2024-07-22 00:00:00+09:00,541.0526123046875,541.0526123046875,541.0526123046875,541.0526123046875,0,0.0,0.0,0.0
2024-07-23 00:00:00+09:00,541.0526123046875,541.0526123046875,541.0526123046875,541.0526123046875,0,0.0,0.0,0.0
2024-07-24 00:00:00+09:00,541.0526123046875,541.0526123046875,541.0526123046875,541.0526123046875,0,0.0,0.0,0.0
2024-07-25 00:00:00+09:00,541.0526123046875,541.0526123046875,541.0526123046875,541.0526123046875,0,0.0,0.0,0.0
2024-07-26 00:00:00+09:00,541.0526123046875,541.0526123046875,541.0526123046875,541.0526123046875,0,0.0,0.0,0.0
2024-07-29 00:00:00+09:00,541.0526123046875,541.0526123046875,541.0526123046875,541.0526123046875,0,0.0,0.0,0.0
2024-07-30 00:00:00+09:00,541.0526123046875,541.0526123046875,541.0526123046875,541.0526123046875,0,0.0,0.0,0.0
2024-07-31 00:00:00+09:00,541.0526123046875,541.0526123046875,541.0526123046875,541.0526123046875,0,0.0,0.0,0.0
2024-08-01 00:00:00+09:00,541.0526123046875,541.0526123046875,541.0526123046875,541.0526123046875,0,0.0,0.0,0.0
2024-08-02 00:00:00+09:00,541.0526123046875,541.0526123046875,541.0526123046875,541.0526123046875,0,0.0,0.0,0.0
2024-08-05 00:00:00+09:00,541.0526123046875,541.0526123046875,541.0526123046875,541.0526123046875,0,0.0,0.0,0.0
2024-08-06 00:00:00+09:00,541.0526123046875,541.0526123046875,541.0526123046875,541.0526123046875,0,0.0,0.0,0.0
2024-08-07 00:00:00+09:00,541.0526123046875,541.0526123046875,541.0526123046875,541.0526123046875,0,0.0,0.0,0.0
2024-08-08 00:00:00+09:00,541.0526123046875,541.0526123046875,541.0526123046875,541.0526123046875,0,0.0,0.0,0.0
2024-08-09 00:00:00+09:00,541.0526123046875,541.0526123046875,541.0526123046875,541.0526123046875,0,0.0,0.0,0.0
2024-08-12 00:00:00+09:00,541.0526123046875,541.0526123046875,541.0526123046875,541.0526123046875,0,0.0,0.0,0.0
2024-08-13 00:00:00+09:00,541.0526123046875,541.0526123046875,541.0526123046875,541.0526123046875,0,0.0,0.0,0.0
2024-08-14 00:00:00+09:00,541.0526123046875,541.0526123046875,541.0526123046875,541.0526123046875,0,0.0,0.0,0.0
2024-08-16 00:00:00+09:00,541.0526123046875,541.0526123046875,541.0526123046875,541.0526123046875,0,0.0,0.0,0.0
2024-08-19 00:00:00+09:00,541.0526123046875,541.0526123046875,541.0526123046875,541.0526123046875,0,0.0,0.0,0.0
2024-08-20 00:00:00+09:00,541.0526123046875,541.0526123046875,541.0526123046875,541.0526123046875,0,0.0,0.0,0.0
2024-08-21 00:00:00+09:00,541.0526123046875,541.0526123046875,541.0526123046875,541.0526123046875,0,0.0,0.0,0.0
2024-08-22 00:00:00+09:00,541.0526123046875,541.0526123046875,541.0526123046875,541.0526123046875,0,0.0,0.0,0.0
2024-08-23 00:00:00+09:00,541.0526123046875,541.0526123046875,541.0526123046875,541.0526123046875,0,0.0,0.0,0.0
2024-08-26 00:00:00+09:00,541.0526123046875,541.0526123046875,541.0526123046875,541.0526123046875,0,0.0,0.0,0.0
2024-08-27 00:00:00+09:00,541.0526123046875,541.0526123046875,541.0526123046875,541.0526123046875,0,0.0,0.0,0.0
2024-08-28 00:00:00+09:00,541.0526123046875,541.0526123046875,541.0526123046875,541.0526123046875,0,0.0,0.0,0.0
2024-08-29 00:00:00+09:00,541.0526123046875,541.0526123046875,541.0526123046875,541.0526123046875,0,0.0,0.0,0.0
2024-08-30 00:00:00+09:00,541.0526123046875,541.0526123046875,541.0526123046875,541.0526123046875,0,0.0,0.0,0.0
2024-09-02 00:00:00+09:00,541.0526123046875,541.0526123046875,541.0526123046875,541.0526123046875,0,0.0,0.0,0.0
2024-09-03 00:00:00+09:00,541.0526123046875,541.0526123046875,541.0526123046875,541.0526123046875,0,0.0,0.0,0.0
2024-09-04 00:00:00+09:00,541.0526123046875,541.0526123046875,541.0526123046875,541.0526123046875,0,0.0,0.0,0.0
2024-09-05 00:00:00+09:00,541.0526123046875,541.0526123046875,541.0526123046875,541.0526123046875,0,0.0,0.0,0.0
2024-09-06 00:00:00+09:00,541.0526123046875,541.0526123046875,541.0526123046875,541.0526123046875,0,0.0,0.0,0.0
2024-09-09 00:00:00+09:00,541.0526123046875,541.0526123046875,541.0526123046875,541.0526123046875,0,0.0,0.0,0.0
2024-09-10 00:00:00+09:00,541.0526123046875,541.0526123046875,541.0526123046875,541.0526123046875,0,0.0,0.0,0.0
2024-09-11 00:00:00+09:00,541.0526123046875,541.0526123046875,541.0526123046875,541.0526123046875,0,0.0,0.0,0.0
2024-09-12 00:00:00+09:00,541.0526123046875,541.0526123046875,541.0526123046875,541.0526123046875,0,0.0,0.0,0.0
2024-09-13 00:00:00+09:00,541.0526123046875,541.0526123046875,541.0526123046875,541.0526123046875,0,0.0,0.0,0.0
2024-09-19 00:00:00+09:00,541.0526123046875,541.0526123046875,541.0526123046875,541.0526123046875,0,0.0,0.0,0.0
2024-09-20 00:00:00+09:00,541.0526123046875,541.0526123046875,541.0526123046875,541.0526123046875,0,0.0,0.0,0.0
2024-09-23 00:00:00+09:00,541.0526123046875,541.0526123046875,541.0526123046875,541.0526123046875,0,0.0,0.0,0.0
2024-09-24 00:00:00+09:00,541.0526123046875,541.0526123046875,541.0526123046875,541.0526123046875,0,0.0,0.0,0.0
2024-09-25 00:00:00+09:00,541.0526123046875,541.0526123046875,541.0526123046875,541.0526123046875,0,0.0,0.0,0.0
2024-09-26 00:00:00+09:00,541.0526123046875,541.0526123046875,541.0526123046875,541.0526123046875,0,0.0,0.0,0.0
2024-09-27 00:00:00+09:00,541.0526123046875,541.0526123046875,541.0526123046875,541.0526123046875,0,0.0,0.0,0.0
2024-09-30 00:00:00+09:00,541.0526123046875,541.0526123046875,541.0526123046875,541.0526123046875,0,0.0,0.0,0.0
2024-10-02 00:00:00+09:00,541.0526123046875,541.0526123046875,541.0526123046875,541.0526123046875,0,0.0,0.0,0.0
2024-10-04 00:00:00+09:00,541.0526123046875,541.0526123046875,541.0526123046875,541.0526123046875,0,0.0,0.0,0.0
2024-10-07 00:00:00+09:00,541.0526123046875,541.0526123046875,541.0526123046875,541.0526123046875,0,0.0,0.0,0.0
2024-10-08 00:00:00+09:00,541.0526123046875,541.0526123046875,541.0526123046875,541.0526123046875,0,0.0,0.0,0.0
2024-10-10 00:00:00+09:00,541.0526123046875,541.0526123046875,541.0526123046875,541.0526123046875,0,0.0,0.0,0.0
2024-10-11 00:00:00+09:00,541.0526123046875,541.0526123046875,541.0526123046875,541.0526123046875,0,0.0,0.0,0.0
2024-10-14 00:00:00+09:00,541.0526123046875,541.0526123046875,541.0526123046875,541.0526123046875,0,0.0,0.0,0.0
2024-10-15 00:00:00+09:00,541.0526123046875,541.0526123046875,541.0526123046875,541.0526123046875,0,0.0,0.0,0.0
2024-10-16 00:00:00+09:00,541.0526123046875,541.0526123046875,541.0526123046875,541.0526123046875,0,0.0,0.0,0.0
2024-10-17 00:00:00+09:00,541.0526123046875,541.0526123046875,541.0526123046875,541.0526123046875,0,0.0,0.0,0.0
2024-10-18 00:00:00+09:00,541.0526123046875,541.0526123046875,541.0526123046875,541.0526123046875,0,0.0,0.0,0.0
2024-10-21 00:00:00+09:00,541.0526123046875,541.0526123046875,541.0526123046875,541.0526123046875,0,0.0,0.0,0.0
2024-10-22 00:00:00+09:00,541.0526123046875,541.0526123046875,541.0526123046875,541.0526123046875,0,0.0,0.0,0.0
2024-10-23 00:00:00+09:00,541.0526123046875,541.0526123046875,541.0526123046875,541.0526123046875,0,0.0,0.0,0.0
2024-10-24 00:00:00+09:00,541.0526123046875,541.0526123046875,541.0526123046875,541.0526123046875,0,0.0,0.0,0.0
2024-10-25 00:00:00+09:00,541.0526123046875,541.0526123046875,541.0526123046875,541.0526123046875,0,0.0,0.0,0.0
2024-10-28 00:00:00+09:00,541.0526123046875,541.0526123046875,541.0526123046875,541.0526123046875,0,0.0,0.0,0.0
2024-10-29 00:00:00+09:00,541.0526123046875,541.0526123046875,541.0526123046875,541.0526123046875,0,0.0,0.0,0.0
2024-10-30 00:00:00+09:00,541.0526123046875,541.0526123046875,541.0526123046875,541.0526123046875,0,0.0,0.0,0.0
2024-10-31 00:00:00+09:00,541.0526123046875,541.0526123046875,541.0526123046875,541.0526123046875,0,0.0,0.0,0.0
2024-11-01 00:00:00+09:00,541.0526123046875,541.0526123046875,541.0526123046875,541.0526123046875,0,0.0,0.0,0.0
2024-11-04 00:00:00+09:00,541.0526123046875,541.0526123046875,541.0526123046875,541.0526123046875,0,0.0,0.0,0.0
2024-11-05 00:00:00+09:00,541.0526123046875,541.0526123046875,541.0526123046875,541.0526123046875,0,0.0,0.0,0.0
2024-11-06 00:00:00+09:00,541.0526123046875,541.0526123046875,541.0526123046875,541.0526123046875,0,0.0,0.0,0.0
2024-11-07 00:00:00+09:00,541.0526123046875,541.0526123046875,541.0526123046875,541.0526123046875,0,0.0,0.0,0.0
2024-11-08 00:00:00+09:00,541.0526123046875,541.0526123046875,541.0526123046875,541.0526123046875,0,0.0,0.0,0.0
2024-11-11 00:00:00+09:00,541.0526123046875,541.0526123046875,541.0526123046875,541.0526123046875,0,0.0,0.0,0.0
2024-11-12 00:00:00+09:00,541.0526123046875,541.0526123046875,541.0526123046875,541.0526123046875,0,0.0,0.0,0.0
2024-11-13 00:00:00+09:00,541.0526123046875,541.0526123046875,541.0526123046875,541.0526123046875,0,0.0,0.0,0.0
2024-11-14 00:00:00+09:00,541.0526123046875,541.0526123046875,541.0526123046875,541.0526123046875,0,0.0,0.0,0.0
2024-11-15 00:00:00+09:00,541.0526123046875,541.0526123046875,541.0526123046875,541.0526123046875,0,0.0,0.0,0.0
2024-11-18 00:00:00+09:00,541.0526123046875,541.0526123046875,541.0526123046875,541.0526123046875,0,0.0,0.0,0.0
2024-11-19 00:00:00+09:00,541.0526123046875,541.0526123046875,541.0526123046875,541.0526123046875,0,0.0,0.0,0.0
2024-11-20 00:00:00+09:00,541.0526123046875,541.0526123046875,541.0526123046875,541.0526123046875,0,0.0,0.0,0.0
2024-11-21 00:00:00+09:00,541.0526123046875,541.0526123046875,541.0526123046875,541.0526123046875,0,0.0,0.0,0.0
2024-11-22 00:00:00+09:00,541.0526123046875,541.0526123046875,541.0526123046875,541.0526123046875,0,0.0,0.0,0.0
2024-11-25 00:00:00+09:00,541.0526123046875,541.0526123046875,541.0526123046875,541.0526123046875,0,0.0,0.0,0.0
2024-11-26 00:00:00+09:00,541.0526123046875,541.0526123046875,541.0526123046875,541.0526123046875,0,0.0,0.0,0.0
2024-11-27 00:00:00+09:00,541.0526123046875,541.0526123046875,541.0526123046875,541.0526123046875,0,0.0,0.0,0.0
2024-11-28 00:00:00+09:00,541.0526123046875,541.0526123046875,541.0526123046875,541.0526123046875,0,0.0,0.0,0.0
2024-11-29 00:00:00+09:00,541.0526123046875,541.0526123046875,541.0526123046875,541.0526123046875,0,0.0,0.0,0.0
2024-12-02 00:00:00+09:00,541.0526123046875,541.0526123046875,541.0526123046875,541.0526123046875,0,0.0,0.0,0.0
2024-12-03 00:00:00+09:00,541.0526123046875,541.0526123046875,541.0526123046875,541.0526123046875,0,0.0,0.0,0.0
2024-12-04 00:00:00+09:00,541.0526123046875,541.0526123046875,541.0526123046875,541.0526123046875,0,0.0,0.0,0.0
2024-12-05 00:00:00+09:00,541.0526123046875,541.0526123046875,541.0526123046875,541.0526123046875,0,0.0,0.0,0.0
2024-12-06 00:00:00+09:00,541.0526123046875,541.0526123046875,541.0526123046875,541.0526123046875,0,0.0,0.0,0.0
2024-12-09 00:00:00+09:00,541.0526123046875,541.0526123046875,541.0526123046875,541.0526123046875,0,0.0,0.0,0.0
2024-12-10 00:00:00+09:00,541.0526123046875,541.0526123046875,541.0526123046875,541.0526123046875,0,0.0,0.0,0.0
2024-12-11 00:00:00+09:00,541.0526123046875,541.0526123046875,541.0526123046875,541.0526123046875,0,0.0,0.0,0.0
2024-12-12 00:00:00+09:00,541.0526123046875,541.0526123046875,541.0526123046875,541.0526123046875,0,0.0,0.0,0.0
2024-12-13 00:00:00+09:00,541.0526123046875,541.0526123046875,541.0526123046875,541.0526123046875,0,0.0,0.0,0.0
2024-12-16 00:00:00+09:00,541.0526123046875,541.0526123046875,541.0526123046875,541.0526123046875,0,0.0,0.0,0.0
2024-12-17 00:00:00+09:00,541.0526123046875,541.0526123046875,541.0526123046875,541.0526123046875,0,0.0,0.0,0.0
2024-12-18 00:00:00+09:00,541.0526123046875,541.0526123046875,541.0526123046875,541.0526123046875,0,0.0,0.0,0.0
2024-12-19 00:00:00+09:00,541.0526123046875,541.0526123046875,541.0526123046875,541.0526123046875,0,0.0,0.0,0.0
2024-12-20 00:00:00+09:00,541.0526123046875,541.0526123046875,541.0526123046875,541.0526123046875,0,0.0,0.0,0.0
2024-12-23 00:00:00+09:00,541.0526123046875,541.0526123046875,541.0526123046875,541.0526123046875,0,0.0,0.0,0.0
2024-12-24 00:00:00+09:00,541.0526123046875,541.0526123046875,541.0526123046875,541.0526123046875,0,0.0,0.0,0.0
2024-12-26 00:00:00+09:00,541.0526123046875,541.0526123046875,541.0526123046875,541.0526123046875,0,0.0,0.0,0.0
2024-12-27 00:00:00+09:00,541.0526123046875,541.0526123046875,541.0526123046875,541.0526123046875,0,0.0,0.0,0.0
2024-12-30 00:00:00+09:00,541.0526123046875,541.0526123046875,541.0526123046875,541.0526123046875,0,0.0,0.0,0.0
2025-01-02 00:00:00+09:00,541.0526123046875,541.0526123046875,541.0526123046875,541.0526123046875,0,0.0,0.0,0.0
2025-01-03 00:00:00+09:00,541.0526123046875,541.0526123046875,541.0526123046875,541.0526123046875,0,0.0,0.0,0.0
2025-01-06 00:00:00+09:00,541.0526123046875,541.0526123046875,541.0526123046875,541.0526123046875,0,0.0,0.0,0.0
2025-01-07 00:00:00+09:00,541.0526123046875,541.0526123046875,541.0526123046875,541.0526123046875,0,0.0,0.0,0.0
2025-01-08 00:00:00+09:00,541.0526123046875,541.0526123046875,541.0526123046875,541.0526123046875,0,0.0,0.0,0.0
2025-01-09 00:00:00+09:00,541.0526123046875,541.0526123046875,541.0526123046875,541.0526123046875,0,0.0,0.0,0.0
2025-01-10 00:00:00+09:00,541.0526123046875,541.0526123046875,541.0526123046875,541.0526123046875,0,0.0,0.0,0.0
2025-01-13 00:00:00+09:00,541.0526123046875,541.0526123046875,541.0526123046875,541.0526123046875,0,0.0,0.0,0.0
2025-01-14 00:00:00+09:00,541.0526123046875,541.0526123046875,541.0526123046875,541.0526123046875,0,0.0,0.0,0.0
2025-01-15 00:00:00+09:00,541.0526123046875,541.0526123046875,541.0526123046875,541.0526123046875,0,0.0,0.0,0.0
2025-01-16 00:00:00+09:00,541.0526123046875,541.0526123046875,541.0526123046875,541.0526123046875,0,0.0,0.0,0.0
2025-01-17 00:00:00+09:00,541.0526123046875,541.0526123046875,541.0526123046875,541.0526123046875,0,0.0,0.0,0.0
2025-01-20 00:00:00+09:00,541.0526123046875,541.0526123046875,541.0526123046875,541.0526123046875,0,0.0,0.0,0.0
2025-01-21 00:00:00+09:00,541.0526123046875,541.0526123046875,541.0526123046875,541.0526123046875,0,0.0,0.0,0.0
2025-01-22 00:00:00+09:00,541.0526123046875,541.0526123046875,541.0526123046875,541.0526123046875,0,0.0,0.0,0.0
2025-01-23 00:00:00+09:00,541.0526123046875,541.0526123046875,541.0526123046875,541.0526123046875,0,0.0,0.0,0.0
2025-01-24 00:00:00+09:00,541.0526123046875,541.0526123046875,541.0526123046875,541.0526123046875,0,0.0,0.0,0.0
2025-01-31 00:00:00+09:00,541.0526123046875,541.0526123046875,541.0526123046875,541.0526123046875,0,0.0,0.0,0.0
2025-02-03 00:00:00+09:00,541.0526123046875,541.0526123046875,541.0526123046875,541.0526123046875,0,0.0,0.0,0.0
2025-02-04 00:00:00+09:00,541.0526123046875,541.0526123046875,541.0526123046875,541.0526123046875,0,0.0,0.0,0.0
2025-02-05 00:00:00+09:00,541.0526123046875,541.0526123046875,541.0526123046875,541.0526123046875,0,0.0,0.0,0.0
2025-02-06 00:00:00+09:00,541.0526123046875,541.0526123046875,541.0526123046875,541.0526123046875,0,0.0,0.0,0.0
2025-02-07 00:00:00+09:00,541.0526123046875,541.0526123046875,541.0526123046875,541.0526123046875,0,0.0,0.0,0.0
2025-02-10 00:00:00+09:00,541.0526123046875,541.0526123046875,541.0526123046875,541.0526123046875,0,0.0,0.0,0.0
2025-02-11 00:00:00+09:00,541.0526123046875,541.0526123046875,541.0526123046875,541.0526123046875,0,0.0,0.0,0.0
2025-02-12 00:00:00+09:00,541.0526123046875,541.0526123046875,541.0526123046875,541.0526123046875,0,0.0,0.0,0.0
2025-02-13 00:00:00+09:00,541.0526123046875,541.0526123046875,541.0526123046875,541.0526123046875,0,0.0,0.0,0.0
2025-02-14 00:00:00+09:00,541.0526123046875,541.0526123046875,541.0526123046875,541.0526123046875,0,0.0,0.0,0.0
2025-02-17 00:00:00+09:00,541.0526123046875,541.0526123046875,541.0526123046875,541.0526123046875,0,0.0,0.0,0.0
2025-02-18 00:00:00+09:00,541.0526123046875,541.0526123046875,541.0526123046875,541.0526123046875,0,0.0,0.0,0.0
2025-02-19 00:00:00+09:00,541.0526123046875,541.0526123046875,541.0526123046875,541.0526123046875,0,0.0,0.0,0.0
2025-02-20 00:00:00+09:00,541.0526123046875,541.0526123046875,541.0526123046875,541.0526123046875,0,0.0,0.0,0.0
2025-02-21 00:00:00+09:00,541.0526123046875,541.0526123046875,541.0526123046875,541.0526123046875,0,0.0,0.0,0.0
2025-02-24 00:00:00+09:00,541.0526123046875,541.0526123046875,541.0526123046875,541.0526123046875,0,0.0,0.0,0.0
2025-02-25 00:00:00+09:00,541.0526123046875,541.0526123046875,541.0526123046875,541.0526123046875,0,0.0,0.0,0.0
2025-02-26 00:00:00+09:00,541.0526123046875,541.0526123046875,541.0526123046875,541.0526123046875,0,0.0,0.0,0.0
2025-02-27 00:00:00+09:00,541.0526123046875,541.0526123046875,541.0526123046875,541.0526123046875,0,0.0,0.0,0.0
2025-02-28 00:00:00+09:00,541.0526123046875,541.0526123046875,541.0526123046875,541.0526123046875,0,0.0,0.0,0.0
2025-03-04 00:00:00+09:00,541.0526123046875,541.0526123046875,541.0526123046875,541.0526123046875,0,0.0,0.0,0.0
2025-03-05 00:00:00+09:00,541.0526123046875,541.0526123046875,541.0526123046875,541.0526123046875,0,0.0,0.0,0.0
2025-03-06 00:00:00+09:00,541.0526123046875,541.0526123046875,541.0526123046875,541.0526123046875,0,0.0,0.0,0.0
2025-03-07 00:00:00+09:00,541.0526123046875,541.0526123046875,541.0526123046875,541.0526123046875,0,0.0,0.0,0.0
2025-03-10 00:00:00+09:00,541.0526123046875,541.0526123046875,541.0526123046875,541.0526123046875,0,0.0,0.0,0.0
2025-03-11 00:00:00+09:00,541.0526123046875,541.0526123046875,541.0526123046875,541.0526123046875,0,0.0,0.0,0.0
2025-03-12 00:00:00+09:00,541.0526123046875,541.0526123046875,541.0526123046875,541.0526123046875,0,0.0,0.0,0.0
2025-03-13 00:00:00+09:00,541.0526123046875,541.0526123046875,541.0526123046875,541.0526123046875,0,0.0,0.0,0.0
2025-03-14 00:00:00+09:00,541.0526123046875,541.0526123046875,541.0526123046875,541.0526123046875,0,0.0,0.0,0.0
2025-03-17 00:00:00+09:00,541.0526123046875,541.0526123046875,541.0526123046875,541.0526123046875,0,0.0,0.0,0.0
2025-03-18 00:00:00+09:00,541.0526123046875,541.0526123046875,541.0526123046875,541.0526123046875,0,0.0,0.0,0.0
2025-03-19 00:00:00+09:00,541.0526123046875,541.0526123046875,541.0526123046875,541.0526123046875,0,0.0,0.0,0.0
2025-03-20 00:00:00+09:00,541.0526123046875,541.0526123046875,541.0526123046875,541.0526123046875,0,0.0,0.0,0.0
2025-03-21 00:00:00+09:00,541.0526123046875,541.0526123046875,541.0526123046875,541.0526123046875,0,0.0,0.0,0.0
2025-03-24 00:00:00+09:00,541.0526123046875,541.0526123046875,541.0526123046875,541.0526123046875,0,0.0,0.0,0.0
2025-03-25 00:00:00+09:00,541.0526123046875,541.0526123046875,541.0526123046875,541.0526123046875,0,0.0,0.0,0.0
2025-03-26 00:00:00+09:00,541.0526123046875,541.0526123046875,541.0526123046875,541.0526123046875,0,0.0,0.0,0.0
2025-03-27 00:00:00+09:00,541.0526123046875,541.0526123046875,541.0526123046875,541.0526123046875,0,0.0,0.0,0.0
2025-03-28 00:00:00+09:00,541.0526123046875,541.0526123046875,541.0526123046875,541.0526123046875,0,0.0,0.0,0.0
2025-03-31 00:00:00+09:00,541.0526123046875,541.0526123046875,541.0526123046875,541.0526123046875,0,0.0,0.0,0.0
2025-04-01 00:00:00+09:00,541.0526123046875,541.0526123046875,541.0526123046875,541.0526123046875,0,0.0,0.0,0.0
2025-04-02 00:00:00+09:00,541.0526123046875,541.0526123046875,541.0526123046875,541.0526123046875,0,0.0,0.0,0.0
2025-04-03 00:00:00+09:00,541.0526123046875,541.0526123046875,541.0526123046875,541.0526123046875,0,0.0,0.0,0.0
2025-04-04 00:00:00+09:00,541.0526123046875,541.0526123046875,541.0526123046875,541.0526123046875,0,0.0,0.0,0.0
2025-04-07 00:00:00+09:00,541.0526123046875,541.0526123046875,541.0526123046875,541.0526123046875,0,0.0,0.0,0.0
2025-04-08 00:00:00+09:00,541.0526123046875,541.0526123046875,541.0526123046875,541.0526123046875,0,0.0,0.0,0.0
2025-04-09 00:00:00+09:00,541.0526123046875,541.0526123046875,541.0526123046875,541.0526123046875,0,0.0,0.0,0.0
2025-04-10 00:00:00+09:00,541.0526123046875,541.0526123046875,541.0526123046875,541.0526123046875,0,0.0,0.0,0.0
2025-04-11 00:00:00+09:00,541.0526123046875,541.0526123046875,541.0526123046875,541.0526123046875,0,0.0,0.0,0.0
2025-04-14 00:00:00+09:00,541.0526123046875,541.0526123046875,541.0526123046875,541.0526123046875,0,0.0,0.0,0.0
2025-04-15 00:00:00+09:00,541.0526123046875,541.0526123046875,541.0526123046875,541.0526123046875,0,0.0,0.0,0.0
2025-04-16 00:00:00+09:00,541.0526123046875,541.0526123046875,541.0526123046875,541.0526123046875,0,0.0,0.0,0.0
2025-04-17 00:00:00+09:00,541.0526123046875,541.0526123046875,541.0526123046875,541.0526123046875,0,0.0,0.0,0.0
2025-04-18 00:00:00+09:00,541.0526123046875,541.0526123046875,541.0526123046875,541.0526123046875,0,0.0,0.0,0.0
2025-04-21 00:00:00+09:00,541.0526123046875,541.0526123046875,541.0526123046875,541.0526123046875,0,0.0,0.0,0.0
2025-04-22 00:00:00+09:00,541.0526123046875,541.0526123046875,541.0526123046875,541.0526123046875,0,0.0,0.0,0.0
2025-04-23 00:00:00+09:00,541.0526123046875,541.0526123046875,541.0526123046875,541.0526123046875,0,0.0,0.0,0.0
2025-04-24 00:00:00+09:00,541.0526123046875,541.0526123046875,541.0526123046875,541.0526123046875,0,0.0,0.0,0.0
2025-04-25 00:00:00+09:00,541.0526123046875,541.0526123046875,541.0526123046875,541.0526123046875,0,0.0,0.0,0.0
2025-04-28 00:00:00+09:00,541.0526123046875,541.0526123046875,541.0526123046875,541.0526123046875,0,0.0,0.0,0.0
2025-04-29 00:00:00+09:00,541.0526123046875,541.0526123046875,541.0526123046875,541.0526123046875,0,0.0,0.0,0.0
2025-04-30 00:00:00+09:00,541.0526123046875,541.0526123046875,541.0526123046875,541.0526123046875,0,0.0,0.0,0.0
2025-05-02 00:00:00+09:00,541.0526123046875,541.0526123046875,541.0526123046875,541.0526123046875,0,0.0,0.0,0.0
2025-05-07 00:00:00+09:00,541.0526123046875,541.0526123046875,541.0526123046875,541.0526123046875,0,0.0,0.0,0.0
2025-05-08 00:00:00+09:00,541.0526123046875,541.0526123046875,541.0526123046875,541.0526123046875,0,0.0,0.0,0.0
2025-05-09 00:00:00+09:00,541.0526123046875,541.0526123046875,541.0526123046875,541.0526123046875,0,0.0,0.0,0.0
2025-05-12 00:00:00+09:00,541.0526123046875,541.0526123046875,541.0526123046875,541.0526123046875,0,0.0,0.0,0.0
2025-05-13 00:00:00+09:00,541.0526123046875,541.0526123046875,541.0526123046875,541.0526123046875,0,0.0,0.0,0.0
2025-05-14 00:00:00+09:00,541.0526123046875,541.0526123046875,541.0526123046875,541.0526123046875,0,0.0,0.0,0.0
2025-05-15 00:00:00+09:00,541.0526123046875,541.0526123046875,541.0526123046875,541.0526123046875,0,0.0,0.0,0.0
2025-05-16 00:00:00+09:00,541.0526123046875,541.0526123046875,541.0526123046875,541.0526123046875,0,0.0,0.0,0.0
2025-05-19 00:00:00+09:00,541.0526123046875,541.0526123046875,541.0526123046875,541.0526123046875,0,0.0,0.0,0.0
2025-05-20 00:00:00+09:00,541.0526123046875,541.0526123046875,541.0526123046875,541.0526123046875,0,0.0,0.0,0.0
2025-05-21 00:00:00+09:00,541.0526123046875,541.0526123046875,541.0526123046875,541.0526123046875,0,0.0,0.0,0.0
2025-05-22 00:00:00+09:00,541.0526123046875,541.0526123046875,541.0526123046875,541.0526123046875,0,0.0,0.0,0.0
2025-05-23 00:00:00+09:00,541.0526123046875,541.0526123046875,541.0526123046875,541.0526123046875,0,0.0,0.0,0.0
2025-05-26 00:00:00+09:00,541.0526123046875,541.0526123046875,541.0526123046875,541.0526123046875,0,0.0,0.0,0.0
2025-05-27 00:00:00+09:00,541.0526123046875,541.0526123046875,541.0526123046875,541.0526123046875,0,0.0,0.0,0.0
2025-05-28 00:00:00+09:00,541.0526123046875,541.0526123046875,541.0526123046875,541.0526123046875,0,0.0,0.0,0.0
2025-05-29 00:00:00+09:00,541.0526123046875,541.0526123046875,541.0526123046875,541.0526123046875,0,0.0,0.0,0.0
2025-05-30 00:00:00+09:00,541.0526123046875,541.0526123046875,541.0526123046875,541.0526123046875,0,0.0,0.0,0.0
2025-06-02 00:00:00+09:00,541.0526123046875,541.0526123046875,541.0526123046875,541.0526123046875,0,0.0,0.0,0.0
2025-06-04 00:00:00+09:00,541.0526123046875,541.0526123046875,541.0526123046875,541.0526123046875,0,0.0,0.0,0.0
2025-06-05 00:00:00+09:00,541.0526123046875,541.0526123046875,541.0526123046875,541.0526123046875,0,0.0,0.0,0.0
2025-06-09 00:00:00+09:00,541.0526123046875,541.0526123046875,541.0526123046875,541.0526123046875,0,0.0,0.0,0.0
2025-06-10 00:00:00+09:00,541.0526123046875,541.0526123046875,541.0526123046875,541.0526123046875,0,0.0,0.0,0.0
2025-06-11 00:00:00+09:00,541.0526123046875,541.0526123046875,541.0526123046875,541.0526123046875,0,0.0,0.0,0.0
2025-06-12 00:00:00+09:00,541.0526123046875,541.0526123046875,541.0526123046875,541.0526123046875,0,0.0,0.0,0.0
2025-06-13 00:00:00+09:00,541.0526123046875,541.0526123046875,541.0526123046875,541.0526123046875,0,0.0,0.0,0.0
2025-06-16 00:00:00+09:00,541.0526123046875,541.0526123046875,541.0526123046875,541.0526123046875,0,0.0,0.0,0.0
2025-06-17 00:00:00+09:00,541.0526123046875,541.0526123046875,541.0526123046875,541.0526123046875,0,0.0,0.0,0.0
2025-06-18 00:00:00+09:00,541.0526123046875,541.0526123046875,541.0526123046875,541.0526123046875,0,0.0,0.0,0.0
2025-06-19 00:00:00+09:00,541.0526123046875,541.0526123046875,541.0526123046875,541.0526123046875,0,0.0,0.0,0.0
2025-06-20 00:00:00+09:00,541.0526123046875,541.0526123046875,541.0526123046875,541.0526123046875,0,0.0,0.0,0.0
2025-06-23 00:00:00+09:00,541.0526123046875,541.0526123046875,541.0526123046875,541.0526123046875,0,0.0,0.0,0.0
2025-06-24 00:00:00+09:00,541.0526123046875,541.0526123046875,541.0526123046875,541.0526123046875,0,0.0,0.0,0.0
2025-06-25 00:00:00+09:00,541.0526123046875,541.0526123046875,541.0526123046875,541.0526123046875,0,0.0,0.0,0.0
2025-06-26 00:00:00+09:00,541.0526123046875,541.0526123046875,541.0526123046875,541.0526123046875,0,0.0,0.0,0.0
2025-06-27 00:00:00+09:00,541.0526123046875,541.0526123046875,541.0526123046875,541.0526123046875,0,0.0,0.0,0.0
2025-06-30 00:00:00+09:00,541.0526123046875,541.0526123046875,541.0526123046875,541.0526123046875,0,0.0,0.0,0.0
2025-07-01 00:00:00+09:00,541.0526123046875,541.0526123046875,541.0526123046875,541.0526123046875,0,0.0,0.0,0.0
2025-07-02 00:00:00+09:00,541.0526123046875,541.0526123046875,541.0526123046875,541.0526123046875,0,0.0,0.0,0.0
2025-07-03 00:00:00+09:00,541.0526123046875,541.0526123046875,541.0526123046875,541.0526123046875,0,0.0,0.0,0.0
2025-07-04 00:00:00+09:00,541.0526123046875,541.0526123046875,541.0526123046875,541.0526123046875,0,0.0,0.0,0.0
2025-07-07 00:00:00+09:00,541.0526123046875,541.0526123046875,541.0526123046875,541.0526123046875,0,0.0,0.0,0.0
2025-07-08 00:00:00+09:00,541.0526123046875,541.0526123046875,541.0526123046875,541.0526123046875,0,0.0,0.0,0.0
2025-07-09 00:00:00+09:00,541.0526123046875,541.0526123046875,541.0526123046875,541.0526123046875,0,0.0,0.0,0.0
2025-07-10 00:00:00+09:00,541.0526123046875,541.0526123046875,541.0526123046875,541.0526123046875,0,0.0,0.0,0.0
2025-07-11 00:00:00+09:00,541.0526123046875,541.0526123046875,541.0526123046875,541.0526123046875,0,0.0,0.0,0.0
2025-07-14 00:00:00+09:00,541.0526123046875,541.0526123046875,541.0526123046875,541.0526123046875,0,0.0,0.0,0.0
2025-07-15 00:00:00+09:00,541.0526123046875,541.0526123046875,541.0526123046875,541.0526123046875,0,0.0,0.0,0.0
2025-07-16 00:00:00+09:00,541.0526123046875,541.0526123046875,541.0526123046875,541.0526123046875,0,0.0,0.0,0.0
2025-07-17 00:00:00+09:00,541.0526123046875,541.0526123046875,541.0526123046875,541.0526123046875,0,0.0,0.0,0.0
2025-07-18 00:00:00+09:00,541.0526123046875,541.0526123046875,541.0526123046875,541.0526123046875,0,0.0,0.0,0.0
2025-07-21 00:00:00+09:00,541.0526123046875,541.0526123046875,541.0526123046875,541.0526123046875,0,0.0,0.0,0.0
2025-07-22 00:00:00+09:00,541.0526123046875,541.0526123046875,541.0526123046875,541.0526123046875,0,0.0,0.0,0.0
2025-07-23 00:00:00+09:00,541.0526123046875,541.0526123046875,541.0526123046875,541.0526123046875,0,0.0,0.0,0.0
2025-07-24 00:00:00+09:00,541.0526123046875,541.0526123046875,541.0526123046875,541.0526123046875,0,0.0,0.0,0.0
2025-07-25 00:00:00+09:00,541.0526123046875,541.0526123046875,541.0526123046875,541.0526123046875,0,0.0,0.0,0.0
2025-07-28 00:00:00+09:00,541.0526123046875,541.0526123046875,541.0526123046875,541.0526123046875,0,0.0,0.0,0.0
2025-07-29 00:00:00+09:00,541.0526123046875,541.0526123046875,541.0526123046875,541.0526123046875,0,0.0,0.0,0.0
2025-07-30 00:00:00+09:00,541.0526123046875,541.0526123046875,541.0526123046875,541.0526123046875,0,0.0,0.0,0.0
2025-07-31 00:00:00+09:00,541.0526123046875,541.0526123046875,541.0526123046875,541.0526123046875,0,0.0,0.0,0.0
2025-08-01 00:00:00+09:00,541.0526123046875,541.0526123046875,541.0526123046875,541.0526123046875,0,0.0,0.0,0.0
2025-08-04 00:00:00+09:00,541.0526123046875,541.0526123046875,541.0526123046875,541.0526123046875,0,0.0,0.0,0.0
2025-08-05 00:00:00+09:00,541.0526123046875,541.0526123046875,541.0526123046875,541.0526123046875,0,0.0,0.0,0.0
2025-08-06 00:00:00+09:00,541.0526123046875,541.0526123046875,541.0526123046875,541.0526123046875,0,0.0,0.0,0.0
2025-08-07 00:00:00+09:00,541.0526123046875,541.0526123046875,541.0526123046875,541.0526123046875,0,0.0,0.0,0.0
2025-08-08 00:00:00+09:00,541.0526123046875,541.0526123046875,541.0526123046875,541.0526123046875,0,0.0,0.0,0.0
2025-08-11 00:00:00+09:00,541.0526123046875,541.0526123046875,541.0526123046875,541.0526123046875,0,0.0,0.0,0.0
2025-08-12 00:00:00+09:00,541.0526123046875,541.0526123046875,541.0526123046875,541.0526123046875,0,0.0,0.0,0.0
2025-08-13 00:00:00+09:00,541.0526123046875,541.0526123046875,541.0526123046875,541.0526123046875,0,0.0,0.0,0.0
2025-08-14 00:00:00+09:00,541.0526123046875,541.0526123046875,541.0526123046875,541.0526123046875,0,0.0,0.0,0.0
2025-08-18 00:00:00+09:00,541.0526123046875,541.0526123046875,541.0526123046875,541.0526123046875,0,0.0,0.0,0.0
2025-08-19 00:00:00+09:00,541.0526123046875,541.0526123046875,541.0526123046875,541.0526123046875,0,0.0,0.0,0.0
2025-08-20 00:00:00+09:00,541.0526123046875,541.0526123046875,541.0526123046875,541.0526123046875,0,0.0,0.0,0.0
2025-08-21 00:00:00+09:00,541.0526123046875,541.0526123046875,541.0526123046875,541.0526123046875,0,0.0,0.0,0.0
2025-08-22 00:00:00+09:00,541.0526123046875,541.0526123046875,541.0526123046875,541.0526123046875,0,0.0,0.0,0.0
2025-08-25 00:00:00+09:00,541.0526123046875,541.0526123046875,541.0526123046875,541.0526123046875,0,0.0,0.0,0.0
2025-08-26 00:00:00+09:00,541.0526123046875,541.0526123046875,541.0526123046875,541.0526123046875,0,0.0,0.0,0.0
2025-08-27 00:00:00+09:00,541.0526123046875,541.0526123046875,541.0526123046875,541.0526123046875,0,0.0,0.0,0.0
2025-08-28 00:00:00+09:00,541.0526123046875,541.0526123046875,541.0526123046875,541.0526123046875,0,0.0,0.0,0.0
2025-08-29 00:00:00+09:00,541.0526123046875,541.0526123046875,541.0526123046875,541.0526123046875,0,0.0,0.0,0.0
2025-09-01 00:00:00+09:00,541.0526123046875,541.0526123046875,541.0526123046875,541.0526123046875,0,0.0,0.0,0.0
2025-09-02 00:00:00+09:00,541.0526123046875,541.0526123046875,541.0526123046875,541.0526123046875,0,0.0,0.0,0.0
2025-09-03 00:00:00+09:00,541.0526123046875,541.0526123046875,541.0526123046875,541.0526123046875,0,0.0,0.0,0.0
2025-09-04 00:00:00+09:00,541.0526123046875,541.0526123046875,541.0526123046875,541.0526123046875,0,0.0,0.0,0.0
2025-09-05 00:00:00+09:00,541.0526123046875,541.0526123046875,541.0526123046875,541.0526123046875,0,0.0,0.0,0.0
2025-09-08 00:00:00+09:00,541.0526123046875,541.0526123046875,541.0526123046875,541.0526123046875,0,0.0,0.0,0.0
2025-09-09 00:00:00+09:00,541.0526123046875,541.0526123046875,541.0526123046875,541.0526123046875,0,0.0,0.0,0.0
2025-09-10 00:00:00+09:00,541.0526123046875,541.0526123046875,541.0526123046875,541.0526123046875,0,0.0,0.0,0.0
2025-09-11 00:00:00+09:00,541.0526123046875,541.0526123046875,541.0526123046875,541.0526123046875,0,0.0,0.0,0.0
2025-09-12 00:00:00+09:00,541.0526123046875,541.0526123046875,541.0526123046875,541.0526123046875,0,0.0,0.0,0.0
2025-09-15 00:00:00+09:00,541.0526123046875,541.0526123046875,541.0526123046875,541.0526123046875,0,0.0,0.0,0.0
2025-09-16 00:00:00+09:00,541.0526123046875,541.0526123046875,541.0526123046875,541.0526123046875,0,0.0,0.0,0.0
2025-09-17 00:00:00+09:00,541.0526123046875,541.0526123046875,541.0526123046875,541.0526123046875,0,0.0,0.0,0.0
2025-09-18 00:00:00+09:00,541.0526123046875,541.0526123046875,541.0526123046875,541.0526123046875,0,0.0,0.0,0.0
2025-09-22 00:00:00+09:00,541.0526123046875,541.0526123046875,541.0526123046875,541.0526123046875,0,0.0,0.0,0.0
2025-09-23 00:00:00+09:00,541.0526123046875,541.0526123046875,541.0526123046875,541.0526123046875,0,0.0,0.0,0.0
2025-09-24 00:00:00+09:00,541.0526123046875,541.0526123046875,541.0526123046875,541.0526123046875,0,0.0,0.0,0.0
2025-09-25 00:00:00+09:00,541.0526123046875,541.0526123046875,541.0526123046875,541.0526123046875,0,0.0,0.0,0.0
2025-09-26 00:00:00+09:00,541.0526123046875,541.0526123046875,541.0526123046875,541.0526123046875,0,0.0,0.0,0.0
2025-09-29 00:00:00+09:00,541.0526123046875,541.0526123046875,541.0526123046875,541.0526123046875,0,0.0,0.0,0.0
2025-09-30 00:00:00+09:00,541.0526123046875,541.0526123046875,541.0526123046875,541.0526123046875,0,0.0,0.0,0.0
2025-10-01 00:00:00+09:00,541.0526123046875,541.0526123046875,541.0526123046875,541.0526123046875,0,0.0,0.0,0.0
2025-10-02 00:00:00+09:00,541.0526123046875,541.0526123046875,541.0526123046875,541.0526123046875,0,0.0,0.0,0.0
2025-10-10 00:00:00+09:00,541.0526123046875,541.0526123046875,541.0526123046875,541.0526123046875,0,0.0,0.0,0.0
2025-10-13 00:00:00+09:00,541.0526123046875,541.0526123046875,541.0526123046875,541.0526123046875,0,0.0,0.0,0.0
2025-10-14 00:00:00+09:00,541.0526123046875,541.0526123046875,541.0526123046875,541.0526123046875,0,0.0,0.0,0.0
2025-10-15 00:00:00+09:00,541.0526123046875,541.0526123046875,541.0526123046875,541.0526123046875,0,0.0,0.0,0.0
2025-10-16 00:00:00+09:00,541.0526123046875,541.0526123046875,541.0526123046875,541.0526123046875,0,0.0,0.0,0.0
2025-10-17 00:00:00+09:00,541.0526123046875,541.0526123046875,541.0526123046875,541.0526123046875,0,0.0,0.0,0.0
2025-10-20 00:00:00+09:00,541.0526123046875,541.0526123046875,541.0526123046875,541.0526123046875,0,0.0,0.0,0.0
2025-10-21 00:00:00+09:00,541.0526123046875,541.0526123046875,541.0526123046875,541.0526123046875,0,0.0,0.0,0.0
2025-10-22 00:00:00+09:00,541.0526123046875,541.0526123046875,541.0526123046875,541.0526123046875,0,0.0,0.0,0.0
2025-10-23 00:00:00+09:00,541.0526123046875,541.0526123046875,541.0526123046875,541.0526123046875,0,0.0,0.0,0.0
2025-10-24 00:00:00+09:00,541.0526123046875,541.0526123046875,541.0526123046875,541.0526123046875,0,0.0,0.0,0.0
2025-10-27 00:00:00+09:00,541.0526123046875,541.0526123046875,541.0526123046875,541.0526123046875,0,0.0,0.0,0.0
2025-10-28 00:00:00+09:00,541.0526123046875,541.0526123046875,541.0526123046875,541.0526123046875,0,0.0,0.0,0.0
2025-10-29 00:00:00+09:00,541.0526123046875,541.0526123046875,541.0526123046875,541.0526123046875,0,0.0,0.0,0.0
2025-10-30 00:00:00+09:00,541.0526123046875,541.0526123046875,541.0526123046875,541.0526123046875,0,0.0,0.0,0.0
2025-10-31 00:00:00+09:00,541.0526123046875,541.0526123046875,541.0526123046875,541.0526123046875,0,0.0,0.0,0.0
2025-11-03 00:00:00+09:00,541.0526123046875,541.0526123046875,541.0526123046875,541.0526123046875,0,0.0,0.0,0.0
2025-11-04 00:00:00+09:00,541.0526123046875,541.0526123046875,541.0526123046875,541.0526123046875,0,0.0,0.0,0.0
2025-11-05 00:00:00+09:00,541.0526123046875,541.0526123046875,541.0526123046875,541.0526123046875,0,0.0,0.0,0.0
2025-11-06 00:00:00+09:00,541.0526123046875,541.0526123046875,541.0526123046875,541.0526123046875,0,0.0,0.0,0.0
2025-11-07 00:00:00+09:00,541.0526123046875,541.0526123046875,541.0526123046875,541.0526123046875,0,0.0,0.0,0.0
2025-11-10 00:00:00+09:00,541.0526123046875,541.0526123046875,541.0526123046875,541.0526123046875,0,0.0,0.0,0.0
2025-11-11 00:00:00+09:00,541.0526123046875,541.0526123046875,541.0526123046875,541.0526123046875,0,0.0,0.0,0.0
2025-11-12 00:00:00+09:00,541.0526123046875,541.0526123046875,541.0526123046875,541.0526123046875,0,0.0,0.0,0.0
2025-11-13 00:00:00+09:00,541.0526123046875,541.0526123046875,541.0526123046875,541.0526123046875,0,0.0,0.0,0.0
2025-11-14 00:00:00+09:00,541.0526123046875,541.0526123046875,541.0526123046875,541.0526123046875,0,0.0,0.0,0.0
2025-11-17 00:00:00+09:00,541.0526123046875,541.0526123046875,541.0526123046875,541.0526123046875,0,0.0,0.0,0.0
2025-11-18 00:00:00+09:00,541.0526123046875,541.0526123046875,541.0526123046875,541.0526123046875,0,0.0,0.0,0.0
2025-11-19 00:00:00+09:00,541.0526123046875,541.0526123046875,541.0526123046875,541.0526123046875,0,0.0,0.0,0.0
2025-11-20 00:00:00+09:00,541.0526123046875,541.0526123046875,541.0526123046875,541.0526123046875,0,0.0,0.0,0.0
2025-11-21 00:00:00+09:00,541.0526123046875,541.0526123046875,541.0526123046875,541.0526123046875,0,0.0,0.0,0.0
2025-11-24 00:00:00+09:00,541.0526123046875,541.0526123046875,541.0526123046875,541.0526123046875,0,0.0,0.0,0.0
2025-11-25 00:00:00+09:00,541.0526123046875,541.0526123046875,541.0526123046875,541.0526123046875,0,0.0,0.0,0.0
2025-11-26 00:00:00+09:00,541.0526123046875,541.0526123046875,541.0526123046875,541.0526123046875,0,0.0,0.0,0.0
2025-11-27 00:00:00+09:00,541.0526123046875,541.0526123046875,541.0526123046875,541.0526123046875,0,0.0,0.0,0.0
2025-11-28 00:00:00+09:00,541.0526123046875,541.0526123046875,541.0526123046875,541.0526123046875,0,0.0,0.0,0.0
2025-12-01 00:00:00+09:00,541.0526123046875,541.0526123046875,541.0526123046875,541.0526123046875,0,0.0,0.0,0.0
2025-12-02 00:00:00+09:00,541.0526123046875,541.0526123046875,541.0526123046875,541.0526123046875,0,0.0,0.0,0.0
2025-12-03 00:00:00+09:00,541.0526123046875,541.0526123046875,541.0526123046875,541.0526123046875,0,0.0,0.0,0.0
2025-12-04 00:00:00+09:00,541.0526123046875,541.0526123046875,541.0526123046875,541.0526123046875,0,0.0,0.0,0.0
2025-12-05 00:00:00+09:00,541.0526123046875,541.0526123046875,541.0526123046875,541.0526123046875,0,0.0,0.0,0.0
2025-12-08 00:00:00+09:00,541.0526123046875,541.0526123046875,541.0526123046875,541.0526123046875,0,0.0,0.0,0.0
2025-12-09 00:00:00+09:00,541.0526123046875,541.0526123046875,541.0526123046875,541.0526123046875,0,0.0,0.0,0.0
2025-12-10 00:00:00+09:00,541.0526123046875,541.0526123046875,541.0526123046875,541.0526123046875,0,0.0,0.0,0.0
2025-12-11 00:00:00+09:00,541.0526123046875,541.0526123046875,541.0526123046875,541.0526123046875,0,0.0,0.0,0.0
2025-12-12 00:00:00+09:00,541.0526123046875,541.0526123046875,541.0526123046875,541.0526123046875,0,0.0,0.0,0.0
2025-12-15 00:00:00+09:00,541.0526123046875,541.0526123046875,541.0526123046875,541.0526123046875,0,0.0,0.0,0.0
2025-12-16 00:00:00+09:00,541.0526123046875,541.0526123046875,541.0526123046875,541.0526123046875,0,0.0,0.0,0.0
2025-12-17 00:00:00+09:00,541.0526123046875,541.0526123046875,541.0526123046875,541.0526123046875,0,0.0,0.0,0.0
2025-12-18 00:00:00+09:00,541.0526123046875,541.0526123046875,541.0526123046875,541.0526123046875,0,0.0,0.0,0.0
2025-12-19 00:00:00+09:00,541.0526123046875,541.0526123046875,541.0526123046875,541.0526123046875,0,0.0,0.0,0.0
2025-12-22 00:00:00+09:00,541.0526123046875,541.0526123046875,541.0526123046875,541.0526123046875,0,0.0,0.0,0.0
2025-12-23 00:00:00+09:00,541.0526123046875,541.0526123046875,541.0526123046875,541.0526123046875,0,0.0,0.0,0.0
2025-12-24 00:00:00+09:00,541.0526123046875,541.0526123046875,541.0526123046875,541.0526123046875,0,0.0,0.0,0.0
2025-12-26 00:00:00+09:00,541.0526123046875,541.0526123046875,541.0526123046875,541.0526123046875,0,0.0,0.0,0.0
2025-12-29 00:00:00+09:00,541.0526123046875,541.0526123046875,541.0526123046875,541.0526123046875,0,0.0,0.0,0.0
2025-12-30 00:00:00+09:00,541.0526123046875,541.0526123046875,541.0526123046875,541.0526123046875,0,0.0,0.0,0.0
2026-01-02 00:00:00+09:00,541.0526123046875,541.0526123046875,541.0526123046875,541.0526123046875,0,0.0,0.0,0.0
2026-01-05 00:00:00+09:00,541.0526123046875,541.0526123046875,541.0526123046875,541.0526123046875,0,0.0,0.0,0.0
2026-01-06 00:00:00+09:00,541.0526123046875,541.0526123046875,541.0526123046875,541.0526123046875,0,0.0,0.0,0.0
2026-01-07 00:00:00+09:00,541.0526123046875,541.0526123046875,541.0526123046875,541.0526123046875,0,0.0,0.0,0.0
2026-01-08 00:00:00+09:00,541.0526123046875,541.0526123046875,541.0526123046875,541.0526123046875,0,0.0,0.0,0.0
2026-01-09 00:00:00+09:00,541.0526123046875,541.0526123046875,541.0526123046875,541.0526123046875,0,0.0,0.0,0.0
2026-01-12 00:00:00+09:00,541.0526123046875,541.0526123046875,541.0526123046875,541.0526123046875,0,0.0,0.0,0.0
2026-01-13 00:00:00+09:00,541.0526123046875,541.0526123046875,541.0526123046875,541.0526123046875,0,0.0,0.0,0.0
2026-01-14 00:00:00+09:00,541.0526123046875,541.0526123046875,541.0526123046875,541.0526123046875,0,0.0,0.0,0.0
2026-01-15 00:00:00+09:00,541.0526123046875,541.0526123046875,541.0526123046875,541.0526123046875,0,0.0,0.0,0.0
2026-01-16 00:00:00+09:00,541.0526123046875,541.0526123046875,541.0526123046875,541.0526123046875,0,0.0,0.0,0.0
2026-01-19 00:00:00+09:00,541.0526123046875,541.0526123046875,541.0526123046875,541.0526123046875,0,0.0,0.0,0.0
2026-01-20 00:00:00+09:00,541.0526123046875,541.0526123046875,541.0526123046875,541.0526123046875,0,0.0,0.0,0.0
2026-01-21 00:00:00+09:00,541.0526123046875,541.0526123046875,541.0526123046875,541.0526123046875,0,0.0,0.0,0.0
2026-01-22 00:00:00+09:00,541.0526123046875,541.0526123046875,541.0526123046875,541.0526123046875,0,0.0,0.0,0.0
2026-01-23 00:00:00+09:00,541.0526123046875,541.0526123046875,541.0526123046875,541.0526123046875,0,0.0,0.0,0.0
2026-01-26 00:00:00+09:00,541.0526123046875,541.0526123046875,541.0526123046875,541.0526123046875,0,0.0,0.0,0.0
2026-01-27 00:00:00+09:00,541.0526123046875,541.0526123046875,541.0526123046875,541.0526123046875,0,0.0,0.0,0.0
2026-01-28 00:00:00+09:00,541.0526123046875,541.0526123046875,541.0526123046875,541.0526123046875,0,0.0,0.0,0.0
2026-01-29 00:00:00+09:00,541.0526123046875,541.0526123046875,541.0526123046875,541.0526123046875,0,0.0,0.0,0.0
2026-01-30 00:00:00+09:00,541.0526123046875,541.0526123046875,541.0526123046875,541.0526123046875,0,0.0,0.0,0.0
2026-02-02 00:00:00+09:00,541.0526123046875,541.0526123046875,541.0526123046875,541.0526123046875,0,0.0,0.0,0.0
2026-02-03 00:00:00+09:00,541.0526123046875,541.0526123046875,541.0526123046875,541.0526123046875,0,0.0,0.0,0.0
2026-02-04 00:00:00+09:00,541.0526123046875,541.0526123046875,541.0526123046875,541.0526123046875,0,0.0,0.0,0.0
2026-02-05 00:00:00+09:00,541.0526123046875,541.0526123046875,541.0526123046875,541.0526123046875,0,0.0,0.0,0.0
2026-02-06 00:00:00+09:00,541.0526123046875,541.0526123046875,541.0526123046875,541.0526123046875,0,0.0,0.0,0.0
2026-02-09 00:00:00+09:00,541.0526123046875,541.0526123046875,541.0526123046875,541.0526123046875,0,0.0,0.0,0.0
2026-02-10 00:00:00+09:00,541.0526123046875,541.0526123046875,541.0526123046875,541.0526123046875,0,0.0,0.0,0.0
2026-02-11 00:00:00+09:00,541.0526123046875,541.0526123046875,541.0526123046875,541.0526123046875,0,0.0,0.0,0.0
2026-02-12 00:00:00+09:00,541.0526123046875,541.0526123046875,541.0526123046875,541.0526123046875,0,0.0,0.0,0.0
2026-02-13 00:00:00+09:00,541.0526123046875,541.0526123046875,541.0526123046875,541.0526123046875,0,0.0,0.0,0.0
2026-02-19 00:00:00+09:00,541.0526123046875,541.0526123046875,541.0526123046875,541.0526123046875,0,0.0,0.0,0.0
2026-02-20 00:00:00+09:00,541.0526123046875,541.0526123046875,541.0526123046875,541.0526123046875,0,0.0,0.0,0.0
2026-02-23 00:00:00+09:00,541.0526123046875,541.0526123046875,541.0526123046875,541.0526123046875,0,0.0,0.0,0.0
2026-02-24 00:00:00+09:00,541.0526123046875,541.0526123046875,541.0526123046875,541.0526123046875,0,0.0,0.0,0.0
2026-02-25 00:00:00+09:00,541.0526123046875,541.0526123046875,541.0526123046875,541.0526123046875,0,0.0,0.0,0.0
2026-02-26 00:00:00+09:00,541.0526123046875,541.0526123046875,541.0526123046875,541.0526123046875,0,0.0,0.0,0.0
2026-02-27 00:00:00+09:00,541.0526123046875,541.0526123046875,541.0526123046875,541.0526123046875,0,0.0,0.0,0.0
2026-03-03 00:00:00+09:00,541.0526123046875,541.0526123046875,541.0526123046875,541.0526123046875,0,0.0,0.0,0.0
2026-03-04 00:00:00+09:00,541.0526123046875,541.0526123046875,541.0526123046875,541.0526123046875,0,0.0,0.0,0.0
2026-03-05 00:00:00+09:00,541.0526123046875,541.0526123046875,541.0526123046875,541.0526123046875,0,0.0,0.0,0.0
2026-03-06 00:00:00+09:00,541.0526123046875,541.0526123046875,541.0526123046875,541.0526123046875,0,0.0,0.0,0.0
2026-03-09 00:00:00+09:00,541.0526123046875,541.0526123046875,541.0526123046875,541.0526123046875,0,0.0,0.0,0.0
2026-03-10 00:00:00+09:00,541.0526123046875,541.0526123046875,541.0526123046875,541.0526123046875,0,0.0,0.0,0.0
2026-03-11 00:00:00+09:00,541.0526123046875,541.0526123046875,541.0526123046875,541.0526123046875,0,0.0,0.0,0.0
2026-03-12 00:00:00+09:00,541.0526123046875,541.0526123046875,541.0526123046875,541.0526123046875,0,0.0,0.0,0.0
2026-03-13 00:00:00+09:00,541.0526123046875,541.0526123046875,541.0526123046875,541.0526123046875,0,0.0,0.0,0.0
2026-03-16 00:00:00+09:00,541.0526123046875,541.0526123046875,541.0526123046875,541.0526123046875,0,0.0,0.0,0.0
2026-03-17 00:00:00+09:00,541.0526123046875,541.0526123046875,541.0526123046875,541.0526123046875,0,0.0,0.0,0.0
2026-03-18 00:00:00+09:00,541.0526123046875,541.0526123046875,541.0526123046875,541.0526123046875,0,0.0,0.0,0.0
2026-03-19 00:00:00+09:00,541.0526123046875,541.0526123046875,541.0526123046875,541.0526123046875,0,0.0,0.0,0.0
2026-03-20 00:00:00+09:00,541.0526123046875,541.0526123046875,541.0526123046875,541.0526123046875,0,0.0,0.0,0.0
2026-03-23 00:00:00+09:00,541.0526123046875,541.0526123046875,541.0526123046875,541.0526123046875,0,0.0,0.0,0.0
2026-03-24 00:00:00+09:00,541.0526123046875,541.0526123046875,541.0526123046875,541.0526123046875,0,0.0,0.0,0.0
2026-03-25 00:00:00+09:00,541.0526123046875,541.0526123046875,541.0526123046875,541.0526123046875,0,0.0,0.0,0.0
2026-03-26 00:00:00+09:00,541.0526123046875,541.0526123046875,541.0526123046875,541.0526123046875,0,0.0,0.0,0.0
2026-03-27 00:00:00+09:00,541.0526123046875,541.0526123046875,541.0526123046875,541.0526123046875,0,0.0,0.0,0.0
2026-03-30 00:00:00+09:00,541.0526123046875,541.0526123046875,541.0526123046875,541.0526123046875,0,0.0,0.0,0.0
2026-03-31 00:00:00+09:00,541.0526123046875,541.0526123046875,541.0526123046875,541.0526123046875,0,0.0,0.0,0.0
2026-04-01 00:00:00+09:00,541.0526123046875,541.0526123046875,541.0526123046875,541.0526123046875,0,0.0,0.0,0.0
2026-04-02 00:00:00+09:00,541.0526123046875,541.0526123046875,541.0526123046875,541.0526123046875,0,0.0,0.0,0.0
2026-04-03 00:00:00+09:00,541.0526123046875,541.0526123046875,541.0526123046875,541.0526123046875,0,0.0,0.0,0.0
2026-04-06 00:00:00+09:00,541.0526123046875,541.0526123046875,541.0526123046875,541.0526123046875,0,0.0,0.0,0.0
2026-04-07 00:00:00+09:00,541.0526123046875,541.0526123046875,541.0526123046875,541.0526123046875,0,0.0,0.0,0.0
2026-04-08 00:00:00+09:00,541.0526123046875,541.0526123046875,541.0526123046875,541.0526123046875,0,0.0,0.0,0.0
2026-04-09 00:00:00+09:00,541.0526123046875,541.0526123046875,541.0526123046875,541.0526123046875,0,0.0,0.0,0.0
2026-04-10 00:00:00+09:00,541.0526123046875,541.0526123046875,541.0526123046875,541.0526123046875,0,0.0,0.0,0.0
2026-04-13 00:00:00+09:00,541.0526123046875,541.0526123046875,541.0526123046875,541.0526123046875,0,0.0,0.0,0.0
2026-04-14 00:00:00+09:00,541.0526123046875,541.0526123046875,541.0526123046875,541.0526123046875,0,0.0,0.0,0.0
2026-04-15 00:00:00+09:00,541.0526123046875,541.0526123046875,541.0526123046875,541.0526123046875,0,0.0,0.0,0.0
2026-04-16 00:00:00+09:00,541.0526123046875,541.0526123046875,541.0526123046875,541.0526123046875,0,0.0,0.0,0.0
2026-04-17 00:00:00+09:00,541.0526123046875,541.0526123046875,541.0526123046875,541.0526123046875,0,0.0,0.0,0.0
2026-04-20 00:00:00+09:00,541.0526123046875,541.0526123046875,541.0526123046875,541.0526123046875,0,0.0,0.0,0.0
2026-04-21 00:00:00+09:00,541.0526123046875,541.0526123046875,541.0526123046875,541.0526123046875,0,0.0,0.0,0.0
2026-04-22 00:00:00+09:00,541.0526123046875,541.0526123046875,541.0526123046875,541.0526123046875,0,0.0,0.0,0.0
2026-04-23 00:00:00+09:00,541.0526123046875,541.0526123046875,541.0526123046875,541.0526123046875,0,0.0,0.0,0.0
2026-04-24 00:00:00+09:00,541.0526123046875,541.0526123046875,541.0526123046875,541.0526123046875,0,0.0,0.0,0.0
2026-04-27 00:00:00+09:00,541.0526123046875,541.0526123046875,541.0526123046875,541.0526123046875,0,0.0,0.0,0.0
2026-04-28 00:00:00+09:00,541.0526123046875,541.0526123046875,541.0526123046875,541.0526123046875,0,0.0,0.0,0.0
2026-04-29 00:00:00+09:00,541.0526123046875,541.0526123046875,541.0526123046875,541.0526123046875,0,0.0,0.0,0.0
2026-04-30 00:00:00+09:00,541.0526123046875,541.0526123046875,541.0526123046875,541.0526123046875,0,0.0,0.0,0.0
2026-05-04 00:00:00+09:00,541.0526123046875,541.0526123046875,541.0526123046875,541.0526123046875,0,0.0,0.0,0.0
2026-05-06 00:00:00+09:00,541.0526123046875,541.0526123046875,541.0526123046875,541.0526123046875,0,0.0,0.0,0.0
2026-05-07 00:00:00+09:00,541.0526123046875,541.0526123046875,541.0526123046875,541.0526123046875,0,0.0,0.0,0.0
2026-05-08 00:00:00+09:00,541.0526123046875,541.0526123046875,541.0526123046875,541.0526123046875,0,0.0,0.0,0.0
2026-05-11 00:00:00+09:00,541.0526123046875,541.0526123046875,541.0526123046875,541.0526123046875,0,0.0,0.0,0.0
2026-05-12 00:00:00+09:00,541.0526123046875,541.0526123046875,541.0526123046875,541.0526123046875,0,0.0,0.0,0.0
2026-05-13 00:00:00+09:00,4328.4208984375,4328.4208984375,4328.4208984375,4328.4208984375,0,0.0,0.0,0.0
2026-05-14 00:00:00+09:00,4328.4208984375,4328.4208984375,4328.4208984375,4328.4208984375,0,0.0,0.0,0.0
2026-05-15 00:00:00+09:00,4328.4208984375,4328.4208984375,4328.4208984375,4328.4208984375,0,0.0,0.0,0.0
2026-05-18 00:00:00+09:00,4328.4208984375,4328.4208984375,4328.4208984375,4328.4208984375,0,0.0,0.0,0.0
2026-05-19 00:00:00+09:00,4328.4208984375,4328.4208984375,4328.4208984375,4328.4208984375,0,0.0,0.0,0.0
2026-05-20 00:00:00+09:00,4328.4208984375,4328.4208984375,4328.4208984375,4328.4208984375,0,0.0,0.125,0.0
2026-05-21 00:00:00+09:00,4328.4208984375,4328.4208984375,4328.4208984375,4328.4208984375,0,0.0,0.0,0.0
2026-05-22 00:00:00+09:00,4328.4208984375,4328.4208984375,4328.4208984375,4328.4208984375,0,0.0,0.0,0.0
2026-05-26 00:00:00+09:00,4328.4208984375,4328.4208984375,4328.4208984375,4328.4208984375,0,0.0,0.0,0.0
2026-05-27 00:00:00+09:00,4328.4208984375,4328.4208984375,4328.4208984375,4328.4208984375,0,0.0,0.0,0.0
2026-05-28 00:00:00+09:00,4328.4208984375,4328.4208984375,4328.4208984375,4328.4208984375,0,0.0,0.0,0.0
2026-05-29 00:00:00+09:00,4328.4208984375,4328.4208984375,4328.4208984375,4328.4208984375,0,0.0,0.0,0.0
2026-06-01 00:00:00+09:00,4328.4208984375,4328.4208984375,4328.4208984375,4328.4208984375,0,0.0,0.0,0.0
2026-06-02 00:00:00+09:00,4328.4208984375,4328.4208984375,4328.4208984375,4328.4208984375,0,0.0,0.0,0.0
2026-06-04 00:00:00+09:00,4328.4208984375,4328.4208984375,4328.4208984375,4328.4208984375,0,0.0,0.0,0.0
2026-06-05 00:00:00+09:00,4328.4208984375,4328.4208984375,4328.4208984375,4328.4208984375,0,0.0,0.0,0.0
2026-06-08 00:00:00+09:00,4328.4208984375,4328.4208984375,4328.4208984375,4328.4208984375,0,0.0,0.0,0.0
2026-06-09 00:00:00+09:00,4328.4208984375,4328.4208984375,4328.4208984375,4328.4208984375,0,0.0,0.0,0.0
2026-06-10 00:00:00+09:00,4328.4208984375,4328.4208984375,4328.4208984375,4328.4208984375,0,0.0,0.0,0.0
2026-06-11 00:00:00+09:00,4328.4208984375,4328.4208984375,4328.4208984375,4328.4208984375,0,0.0,0.0,0.0
2026-06-12 00:00:00+09:00,4328.4208984375,4328.4208984375,4328.4208984375,4328.4208984375,0,0.0,0.0,0.0
2026-06-15 00:00:00+09:00,4328.4208984375,4328.4208984375,4328.4208984375,4328.4208984375,0,0.0,0.0,0.0
2026-06-16 00:00:00+09:00,4328.4208984375,4328.4208984375,4328.4208984375,4328.4208984375,0,0.0,0.0,0.0
2026-06-17 00:00:00+09:00,4328.4208984375,4328.4208984375,4328.4208984375,4328.4208984375,0,0.0,0.0,0.0
2026-06-18 00:00:00+09:00,4328.4208984375,4328.4208984375,4328.4208984375,4328.4208984375,0,0.0,0.0,0.0
2026-06-19 00:00:00+09:00,4328.4208984375,4328.4208984375,4328.4208984375,4328.4208984375,0,0.0,0.0,0.0
2026-06-22 00:00:00+09:00,4328.4208984375,4328.4208984375,4328.4208984375,4328.4208984375,0,0.0,0.0,0.0
2026-06-23 00:00:00+09:00,4328.4208984375,4328.4208984375,4328.4208984375,4328.4208984375,0,0.0,0.0,0.0
2026-06-24 00:00:00+09:00,4328.4208984375,4328.4208984375,4328.4208984375,4328.4208984375,0,0.0,0.0,0.0
2026-06-25 00:00:00+09:00,4328.4208984375,4328.4208984375,4328.4208984375,4328.4208984375,0,0.0,0.0,0.0
2026-06-26 00:00:00+09:00,4328.4208984375,4328.4208984375,4328.4208984375,4328.4208984375,0,0.0,0.0,0.0
2026-06-29 00:00:00+09:00,4328.4208984375,4328.4208984375,4328.4208984375,4328.4208984375,0,0.0,0.0,0.0
2026-06-30 00:00:00+09:00,4328.4208984375,4328.4208984375,4328.4208984375,4328.4208984375,0,0.0,0.0,0.0
2026-07-01 00:00:00+09:00,4328.4208984375,4328.4208984375,4328.4208984375,4328.4208984375,0,0.0,0.0,0.0
2026-07-02 00:00:00+09:00,4328.4208984375,4328.4208984375,4328.4208984375,4328.4208984375,0,0.0,0.0,0.0
2026-07-03 00:00:00+09:00,4328.4208984375,4328.4208984375,4328.4208984375,4328.4208984375,0,0.0,0.0,0.0
2026-07-06 00:00:00+09:00,4328.4208984375,4328.4208984375,4328.4208984375,4328.4208984375,0,0.0,0.0,0.0
2026-07-07 00:00:00+09:00,4328.4208984375,4328.4208984375,4328.4208984375,4328.4208984375,0,0.0,0.0,0.0
2026-07-08 00:00:00+09:00,4328.4208984375,4328.4208984375,4328.4208984375,4328.4208984375,0,0.0,0.0,0.0
2026-07-09 00:00:00+09:00,4328.4208984375,4328.4208984375,4328.4208984375,4328.4208984375,0,0.0,0.0,0.0
2026-07-10 00:00:00+09:00,4328.4208984375,4328.4208984375,4328.4208984375,4328.4208984375,0,0.0,0.0,0.0
2026-07-13 00:00:00+09:00,4328.4208984375,4328.4208984375,4328.4208984375,4328.4208984375,0,0.0,0.0,0.0
2026-07-14 00:00:00+09:00,4328.4208984375,4328.4208984375,4328.4208984375,4328.4208984375,0,0.0,0.0,0.0
2026-07-15 00:00:00+09:00,4328.4208984375,4328.4208984375,4328.4208984375,4328.4208984375,0,0.0,0.0,0.0
2026-07-16 00:00:00+09:00,4328.4208984375,4328.4208984375,4328.4208984375,4328.4208984375,0,0.0,0.0,0.0
2026-07-20 00:00:00+09:00,4328.4208984375,4328.4208984375,4328.4208984375,4328.4208984375,0,0.0,0.0,0.0
2026-07-21 00:00:00+09:00,4328.4208984375,4328.4208984375,4328.4208984375,4328.4208984375,0,0.0,0.0,0.0
2026-07-22 00:00:00+09:00,4328.4208984375,4328.4208984375,4328.4208984375,4328.4208984375,0,0.0,0.0,0.0
2026-07-23 00:00:00+09:00,4328.4208984375,4328.4208984375,4328.4208984375,4328.4208984375,0,0.0,0.0,0.0
2026-07-24 00:00:00+09:00,4328.4208984375,4328.4208984375,4328.4208984375,4328.4208984375,0,0.0,0.0,0.0
2026-07-27 00:00:00+09:00,4328.4208984375,4328.4208984375,4328.4208984375,4328.4208984375,0,0.0,0.0,0.0
2026-07-28 00:00:00+09:00,4328.4208984375,4328.4208984375,4328.4208984375,4328.4208984375,0,0.0,0.0,0.0
2026-07-29 00:00:00+09:00,4328.4208984375,4328.4208984375,4328.4208984375,4328.4208984375,0,0.0,0.0,0.0
2026-07-30 00:00:00+09:00,4328.4208984375,4328.4208984375,4328.4208984375,4328.4208984375,0,0.0,0.0,0.0
2026-07-31 00:00:00+09:00,4328.4208984375,4328.4208984375,4328.4208984375,4328.4208984375,0,0.0,0.0,0.0
2026-08-03 00:00:00+09:00,4328.4208984375,4328.4208984375,4328.4208984375,4328.4208984375,0,0.0,0.0,0.0
2026-08-04 00:00:00+09:00,4328.4208984375,4328.4208984375,4328.4208984375,4328.4208984375,0,0.0,0.0,0.0
2026-08-05 00:00:00+09:00,4328.4208984375,4328.4208984375,4328.4208984375,4328.4208984375,0,0.0,0.0,0.0
2026-08-06 00:00:00+09:00,4328.4208984375,4328.4208984375,4328.4208984375,4328.4208984375,0,0.0,0.0,0.0
2026-08-07 00:00:00+09:00,4328.4208984375,4328.4208984375,4328.4208984375,4328.4208984375,0,0.0,0.0,0.0
2026-08-10 00:00:00+09:00,4328.4208984375,4328.4208984375,4328.4208984375,4328.4208984375,0,0.0,0.0,0.0
2026-08-11 00:00:00+09:00,4328.4208984375,4328.4208984375,4328.4208984375,4328.4208984375,0,0.0,0.0,0.0
2026-08-12 00:00:00+09:00,4328.4208984375,4328.4208984375,4328.4208984375,4328.4208984375,0,0.0,0.0,0.0
2026-08-13 00:00:00+09:00,4328.4208984375,4328.4208984375,4328.4208984375,4328.4208984375,0,0.0,0.0,0.0
2026-08-14 00:00:00+09:00,4328.4208984375,4328.4208984375,4328.4208984375,4328.4208984375,0,0.0,0.0,0.0
2026-08-18 00:00:00+09:00,4328.4208984375,4328.4208984375,4328.4208984375,4328.4208984375,0,0.0,0.0,0.0
2026-08-19 00:00:00+09:00,4328.4208984375,4328.4208984375,4328.4208984375,4328.4208984375,0,0.0,0.0,0.0
2026-08-20 00:00:00+09:00,4328.4208984375,4328.4208984375,4328.4208984375,4328.4208984375,0,0.0,0.0,0.0
2026-08-21 00:00:00+09:00,4328.4208984375,4328.4208984375,4328.4208984375,4328.4208984375,0,0.0,0.0,0.0
2026-08-24 00:00:00+09:00,4328.4208984375,4328.4208984375,4328.4208984375,4328.4208984375,0,0.0,0.0,0.0
2026-08-25 00:00:00+09:00,4328.4208984375,4328.4208984375,4328.4208984375,4328.4208984375,0,0.0,0.0,0.0
2026-08-26 00:00:00+09:00,4328.4208984375,4328.4208984375,4328.4208984375,4328.4208984375,0,0.0,0.0,0.0
2026-08-27 00:00:00+09:00,4328.4208984375,4328.4208984375,4328.4208984375,4328.4208984375,0,0.0,0.0,0.0
2026-08-28 00:00:00+09:00,4328.4208984375,4328.4208984375,4328.4208984375,4328.4208984375,0,0.0,0.0,0.0
