Date,Open,High,Low,Close,Volume,Dividends,Stock Splits
2020-10-28 00:00:00+09:00,20000.0,21200.0,15650.0,15650.0,5511866,0.0,0.0
2020-10-29 00:00:00+09:00,15750.0,16750.0,15650.0,15925.0,1400194,0.0,0.0
2020-10-30 00:00:00+09:00,16125.0,16125.0,14425.0,14425.0,905280,0.0,0.0
2020-11-02 00:00:00+09:00,14450.0,14725.0,14150.0,14225.0,380582,0.0,0.0
2020-11-03 00:00:00+09:00,14150.0,14725.0,14075.0,14250.0,538652,0.0,0.0
2020-11-04 00:00:00+09:00,14400.0,17500.0,14225.0,16300.0,6074296,0.0,0.0
2020-11-05 00:00:00+09:00,16550.0,21175.0,16500.0,21175.0,6201848,0.0,0.0
2020-11-06 00:00:00+09:00,22950.0,24700.0,19050.0,19675.0,10729540,0.0,0.0
2020-11-09 00:00:00+09:00,20200.0,21350.0,18775.0,19925.0,2362718,0.0,0.0
2020-11-10 00:00:00+09:00,19375.0,19400.0,18000.0,18050.0,1019464,0.0,0.0
2020-11-11 00:00:00+09:00,17950.0,18000.0,16500.0,16525.0,726462,0.0,0.0
2020-11-12 00:00:00+09:00,16750.0,18700.0,16750.0,17225.0,1620658,0.0,0.0
2020-11-13 00:00:00+09:00,17250.0,20500.0,16800.0,18600.0,4103694,0.0,0.0
2020-11-16 00:00:00+09:00,18950.0,21675.0,18600.0,18775.0,3921416,0.0,0.0
2020-11-17 00:00:00+09:00,18375.0,18700.0,17550.0,17575.0,852830,0.0,0.0
2020-11-18 00:00:00+09:00,17500.0,18450.0,17075.0,17150.0,723262,0.0,0.0
2020-11-19 00:00:00+09:00,17800.0,19850.0,17700.0,18675.0,2574872,0.0,0.0
2020-11-20 00:00:00+09:00,18425.0,18850.0,18050.0,18175.0,425796,0.0,0.0
2020-11-23 00:00:00+09:00,18275.0,18650.0,17625.0,17625.0,395066,0.0,0.0
2020-11-24 00:00:00+09:00,17800.0,18250.0,17575.0,17650.0,310576,0.0,0.0
2020-11-25 00:00:00+09:00,17850.0,18400.0,17250.0,17375.0,487554,0.0,0.0
2020-11-26 00:00:00+09:00,17625.0,19350.0,17625.0,18325.0,2038548,0.0,0.0
2020-11-27 00:00:00+09:00,18500.0,18925.0,17950.0,18650.0,634850,0.0,0.0
2020-11-30 00:00:00+09:00,18500.0,18575.0,17950.0,18050.0,904622,0.0,0.0
2020-12-01 00:00:00+09:00,17850.0,18625.0,17725.0,18075.0,416044,0.0,0.0
2020-12-02 00:00:00+09:00,18150.0,18275.0,17850.0,18250.0,283438,0.0,0.0
2020-12-03 00:00:00+09:00,18475.0,18500.0,17725.0,17750.0,270554,0.0,0.0
2020-12-04 00:00:00+09:00,17825.0,17825.0,17200.0,17250.0,354752,0.0,0.0
2020-12-07 00:00:00+09:00,17350.0,17575.0,16750.0,17000.0,272168,0.0,0.0
2020-12-08 00:00:00+09:00,17175.0,17175.0,16125.0,16275.0,344060,0.0,0.0
2020-12-09 00:00:00+09:00,16500.0,16600.0,16000.0,16475.0,260158,0.0,0.0
2020-12-10 00:00:00+09:00,16275.0,16500.0,16100.0,16200.0,161364,0.0,0.0
2020-12-11 00:00:00+09:00,16075.0,16525.0,16075.0,16200.0,158792,0.0,0.0
2020-12-14 00:00:00+09:00,16100.0,16125.0,15550.0,15625.0,252264,0.0,0.0
2020-12-15 00:00:00+09:00,15750.0,16625.0,15725.0,16150.0,411906,0.0,0.0
2020-12-16 00:00:00+09:00,16425.0,16575.0,16125.0,16250.0,158980,0.0,0.0
2020-12-17 00:00:00+09:00,16250.0,16475.0,15925.0,15950.0,148574,0.0,0.0
2020-12-18 00:00:00+09:00,15950.0,16000.0,15675.0,15700.0,155676,0.0,0.0
2020-12-21 00:00:00+09:00,15825.0,15900.0,15475.0,15525.0,170036,0.0,0.0
2020-12-22 00:00:00+09:00,15400.0,15600.0,15025.0,15050.0,186546,0.0,0.0
2020-12-23 00:00:00+09:00,15025.0,16425.0,14725.0,15150.0,388458,0.0,0.0
2020-12-24 00:00:00+09:00,15200.0,15375.0,14900.0,15150.0,126416,0.0,0.0
2020-12-28 00:00:00+09:00,15175.0,16125.0,14975.0,15700.0,319300,0.0,0.0
2020-12-29 00:00:00+09:00,15950.0,16250.0,15675.0,16100.0,253168,0.0,0.0
2020-12-30 00:00:00+09:00,16350.0,17050.0,16100.0,16650.0,585398,0.0,0.0
2021-01-04 00:00:00+09:00,17100.0,17925.0,16800.0,17825.0,552572,0.0,0.0
2021-01-05 00:00:00+09:00,17550.0,18200.0,17100.0,17800.0,461872,0.0,0.0
2021-01-06 00:00:00+09:00,18000.0,18425.0,17700.0,17800.0,400628,0.0,0.0
2021-01-07 00:00:00+09:00,18050.0,18875.0,17725.0,18225.0,770582,0.0,0.0
2021-01-08 00:00:00+09:00,18775.0,18800.0,16900.0,17900.0,473806,0.0,0.0
2021-01-11 00:00:00+09:00,18075.0,18100.0,16675.0,16950.0,415276,0.0,0.0
2021-01-12 00:00:00+09:00,16875.0,17500.0,16600.0,16875.0,176818,0.0,0.0
2021-01-13 00:00:00+09:00,16975.0,17150.0,16750.0,16800.0,85952,0.0,0.0
2021-01-14 00:00:00+09:00,16800.0,17175.0,16625.0,16900.0,118526,0.0,0.0
2021-01-15 00:00:00+09:00,16925.0,17175.0,16625.0,16700.0,97724,0.0,0.0
2021-01-18 00:00:00+09:00,16700.0,16700.0,16000.0,16000.0,117658,0.0,0.0
2021-01-19 00:00:00+09:00,16000.0,16675.0,16000.0,16300.0,96812,0.0,0.0
2021-01-20 00:00:00+09:00,16275.0,16825.0,16225.0,16725.0,121360,0.0,0.0
2021-01-21 00:00:00+09:00,16800.0,17500.0,16725.0,17300.0,252142,0.0,0.0
2021-01-22 00:00:00+09:00,17450.0,17700.0,17025.0,17050.0,180564,0.0,0.0
2021-01-25 00:00:00+09:00,17100.0,17150.0,16675.0,17075.0,145060,0.0,0.0
2021-01-26 00:00:00+09:00,17200.0,17325.0,16750.0,16925.0,142386,0.0,0.0
2021-01-27 00:00:00+09:00,16925.0,16950.0,16475.0,16650.0,124210,0.0,0.0
2021-01-28 00:00:00+09:00,16000.0,16500.0,15700.0,15925.0,210674,0.0,0.0
2021-01-29 00:00:00+09:00,16125.0,16125.0,15400.0,15725.0,128478,0.0,0.0
2021-02-01 00:00:00+09:00,15675.0,15950.0,15525.0,15875.0,76744,0.0,0.0
2021-02-02 00:00:00+09:00,16000.0,16300.0,15800.0,16050.0,92192,0.0,0.0
2021-02-03 00:00:00+09:00,16125.0,16275.0,15800.0,16000.0,69910,0.0,0.0
2021-02-04 00:00:00+09:00,16000.0,16100.0,15800.0,15850.0,61956,0.0,0.0
2021-02-05 00:00:00+09:00,15850.0,16075.0,15800.0,15850.0,67214,0.0,0.0
2021-02-08 00:00:00+09:00,15950.0,15950.0,15600.0,15600.0,97104,0.0,0.0
2021-02-09 00:00:00+09:00,15775.0,15875.0,15575.0,15650.0,59266,0.0,0.0
2021-02-10 00:00:00+09:00,15775.0,16225.0,15550.0,16025.0,97138,0.0,0.0
2021-02-15 00:00:00+09:00,16075.0,17500.0,15900.0,17225.0,571488,0.0,0.0
2021-02-16 00:00:00+09:00,17450.0,17450.0,16425.0,16575.0,260724,0.0,0.0
2021-02-17 00:00:00+09:00,16675.0,16850.0,16275.0,16750.0,148868,0.0,0.0
2021-02-18 00:00:00+09:00,16850.0,17200.0,16625.0,16750.0,148872,0.0,0.0
2021-02-19 00:00:00+09:00,17000.0,17350.0,16300.0,16375.0,183142,0.0,0.0
2021-02-22 00:00:00+09:00,16500.0,16675.0,15975.0,16150.0,107886,0.0,0.0
2021-02-23 00:00:00+09:00,15950.0,16125.0,15700.0,16050.0,86526,0.0,0.0
2021-02-24 00:00:00+09:00,15900.0,16150.0,15350.0,15350.0,111158,0.0,0.0
2021-02-25 00:00:00+09:00,15450.0,15700.0,15275.0,15325.0,80528,0.0,0.0
2021-02-26 00:00:00+09:00,14950.0,15250.0,14725.0,14850.0,140532,0.0,0.0
2021-03-02 00:00:00+09:00,15325.0,15325.0,14800.0,14875.0,61580,0.0,0.0
2021-03-03 00:00:00+09:00,14875.0,16075.0,14875.0,15800.0,156082,0.0,0.0
2021-03-04 00:00:00+09:00,15575.0,15850.0,15150.0,15275.0,79788,0.0,0.0
2021-03-05 00:00:00+09:00,14950.0,15100.0,14600.0,14950.0,118942,0.0,0.0
2021-03-08 00:00:00+09:00,14900.0,15250.0,14650.0,14675.0,88046,0.0,0.0
2021-03-09 00:00:00+09:00,14600.0,14850.0,14150.0,14550.0,108536,0.0,0.0
2021-03-10 00:00:00+09:00,14725.0,15000.0,14300.0,14425.0,92362,0.0,0.0
2021-03-11 00:00:00+09:00,14575.0,14600.0,14325.0,14425.0,73888,0.0,0.0
2021-03-12 00:00:00+09:00,14500.0,14600.0,14300.0,14400.0,200992,0.0,0.0
2021-03-15 00:00:00+09:00,14525.0,14750.0,14300.0,14425.0,49764,0.0,0.0
2021-03-16 00:00:00+09:00,14600.0,14650.0,14400.0,14575.0,81782,0.0,0.0
2021-03-17 00:00:00+09:00,14500.0,14750.0,14450.0,14575.0,64856,0.0,0.0
2021-03-18 00:00:00+09:00,14775.0,14925.0,14550.0,14800.0,70736,0.0,0.0
2021-03-19 00:00:00+09:00,14550.0,14650.0,14425.0,14600.0,33584,0.0,0.0
2021-03-22 00:00:00+09:00,14700.0,14825.0,14500.0,14550.0,36034,0.0,0.0
2021-03-23 00:00:00+09:00,14700.0,14700.0,14425.0,14525.0,55496,0.0,0.0
2021-03-24 00:00:00+09:00,14375.0,14500.0,14250.0,14475.0,46666,0.0,0.0
2021-03-25 00:00:00+09:00,14325.0,14525.0,14275.0,14400.0,49702,0.0,0.0
2021-03-26 00:00:00+09:00,14425.0,14675.0,14400.0,14500.0,52092,0.0,0.0
2021-03-29 00:00:00+09:00,14600.0,14625.0,14250.0,14400.0,60604,0.0,0.0
2021-03-30 00:00:00+09:00,14500.0,14500.0,14000.0,14300.0,97260,0.0,0.0
2021-03-31 00:00:00+09:00,14425.0,14425.0,14125.0,14125.0,57042,0.0,0.0
2021-04-01 00:00:00+09:00,14300.0,14525.0,14075.0,14200.0,67156,0.0,0.0
2021-04-02 00:00:00+09:00,14225.0,14850.0,14225.0,14700.0,110754,0.0,0.0
2021-04-05 00:00:00+09:00,14925.0,14925.0,14600.0,14775.0,55858,0.0,0.0
2021-04-06 00:00:00+09:00,14700.0,14850.0,14500.0,14650.0,52866,0.0,0.0
2021-04-07 00:00:00+09:00,14650.0,16000.0,14650.0,15650.0,447676,0.0,0.0
2021-04-08 00:00:00+09:00,15675.0,16000.0,15175.0,15925.0,194368,0.0,0.0
2021-04-09 00:00:00+09:00,16000.0,16225.0,15725.0,15875.0,110496,0.0,0.0
2021-04-12 00:00:00+09:00,15875.0,15900.0,15550.0,15800.0,76412,0.0,0.0
2021-04-13 00:00:00+09:00,15650.0,16500.0,15600.0,16400.0,218208,0.0,0.0
2021-04-14 00:00:00+09:00,16400.0,16500.0,15925.0,16125.0,110730,0.0,0.0
2021-04-15 00:00:00+09:00,16200.0,16400.0,15850.0,16050.0,71226,0.0,0.0
2021-04-16 00:00:00+09:00,16100.0,16150.0,15650.0,15950.0,101964,0.0,0.0
2021-04-19 00:00:00+09:00,15875.0,16100.0,15650.0,15925.0,86314,0.0,0.0
2021-04-20 00:00:00+09:00,15775.0,16150.0,15700.0,15925.0,75136,0.0,0.0
2021-04-21 00:00:00+09:00,16000.0,16075.0,15525.0,15725.0,77482,0.0,0.0
2021-04-22 00:00:00+09:00,15700.0,16900.0,15600.0,16675.0,520536,0.0,0.0
2021-04-23 00:00:00+09:00,16850.0,17275.0,16600.0,16800.0,382672,0.0,0.0
2021-04-26 00:00:00+09:00,16850.0,16925.0,16250.0,16850.0,224760,0.0,0.0
2021-04-27 00:00:00+09:00,16850.0,17425.0,16850.0,16875.0,233398,0.0,0.0
2021-04-28 00:00:00+09:00,16750.0,16850.0,16150.0,16150.0,161538,0.0,0.0
2021-04-29 00:00:00+09:00,16325.0,16550.0,16000.0,16100.0,84198,0.0,0.0
2021-04-30 00:00:00+09:00,16325.0,16325.0,15725.0,16000.0,98592,0.0,0.0
2021-05-03 00:00:00+09:00,16000.0,16150.0,15675.0,15900.0,97488,0.0,0.0
2021-05-04 00:00:00+09:00,15900.0,16350.0,15875.0,16175.0,111222,0.0,0.0
2021-05-06 00:00:00+09:00,16125.0,16150.0,15850.0,16025.0,56040,0.0,0.0
2021-05-07 00:00:00+09:00,16050.0,16150.0,15850.0,16000.0,55118,0.0,0.0
2021-05-10 00:00:00+09:00,15875.0,16175.0,15825.0,16050.0,58242,0.0,0.0
2021-05-11 00:00:00+09:00,16050.0,16050.0,15650.0,15725.0,82120,0.0,0.0
2021-05-12 00:00:00+09:00,15750.0,15950.0,15525.0,15700.0,58820,0.0,0.0
2021-05-13 00:00:00+09:00,15250.0,15650.0,15150.0,15250.0,62134,0.0,0.0
2021-05-14 00:00:00+09:00,15275.0,15575.0,15200.0,15400.0,51222,0.0,0.0
2021-05-17 00:00:00+09:00,15250.0,16050.0,15100.0,15675.0,101990,0.0,0.0
2021-05-18 00:00:00+09:00,15425.0,16150.0,15425.0,15850.0,190428,0.0,0.0
2021-05-20 00:00:00+09:00,15750.0,15850.0,15450.0,15500.0,45724,0.0,0.0
2021-05-21 00:00:00+09:00,15750.0,16000.0,15500.0,15875.0,65394,0.0,0.0
2021-05-24 00:00:00+09:00,15900.0,15925.0,15625.0,15775.0,50400,0.0,0.0
2021-05-25 00:00:00+09:00,15775.0,15950.0,15475.0,15700.0,60898,0.0,0.0
2021-05-26 00:00:00+09:00,15700.0,16350.0,15625.0,15700.0,103964,0.0,0.0
2021-05-27 00:00:00+09:00,15825.0,16150.0,15625.0,15900.0,54056,0.0,0.0
2021-05-28 00:00:00+09:00,15950.0,16375.0,15925.0,16325.0,189332,0.0,0.0
2021-05-31 00:00:00+09:00,16475.0,16725.0,15750.0,15925.0,147642,0.0,0.0
2021-06-01 00:00:00+09:00,15900.0,16000.0,15650.0,15650.0,79134,0.0,0.0
2021-06-02 00:00:00+09:00,15650.0,15825.0,15575.0,15600.0,33700,0.0,0.0
2021-06-03 00:00:00+09:00,15600.0,15700.0,15425.0,15450.0,102576,0.0,0.0
2021-06-04 00:00:00+09:00,15375.0,15675.0,15225.0,15300.0,82748,0.0,0.0
2021-06-07 00:00:00+09:00,15300.0,15600.0,15150.0,15350.0,80946,0.0,0.0
2021-06-08 00:00:00+09:00,15400.0,15400.0,15075.0,15075.0,53398,0.0,0.0
2021-06-09 00:00:00+09:00,15025.0,15175.0,14850.0,14900.0,62220,0.0,0.0
2021-06-10 00:00:00+09:00,15050.0,15250.0,14900.0,15075.0,33894,0.0,0.0
2021-06-11 00:00:00+09:00,15075.0,15300.0,15075.0,15100.0,30888,0.0,0.0
2021-06-14 00:00:00+09:00,15275.0,15275.0,14900.0,15125.0,31928,0.0,0.0
2021-06-15 00:00:00+09:00,15500.0,15500.0,15175.0,15250.0,46190,0.0,0.0
2021-06-16 00:00:00+09:00,15300.0,15300.0,15100.0,15100.0,43874,0.0,0.0
2021-06-17 00:00:00+09:00,15200.0,15325.0,15000.0,15200.0,43470,0.0,0.0
2021-06-18 00:00:00+09:00,15100.0,15275.0,15075.0,15200.0,28868,0.0,0.0
2021-06-21 00:00:00+09:00,15050.0,15200.0,14825.0,14975.0,56484,0.0,0.0
2021-06-22 00:00:00+09:00,15000.0,15700.0,14875.0,15425.0,137044,0.0,0.0
2021-06-23 00:00:00+09:00,15625.0,16550.0,15250.0,16400.0,582070,0.0,0.0
2021-06-24 00:00:00+09:00,16525.0,16800.0,15850.0,16225.0,278376,0.0,0.0
2021-06-25 00:00:00+09:00,16100.0,16100.0,15900.0,15925.0,88140,0.0,0.0
2021-06-28 00:00:00+09:00,15950.0,16425.0,15825.0,16425.0,175676,0.0,0.0
2021-06-29 00:00:00+09:00,16475.0,16975.0,16025.0,16300.0,276546,0.0,0.0
2021-06-30 00:00:00+09:00,16275.0,16400.0,16050.0,16175.0,63178,0.0,0.0
2021-07-01 00:00:00+09:00,16200.0,16225.0,15875.0,15950.0,84138,0.0,0.0
2021-07-02 00:00:00+09:00,15950.0,16150.0,15750.0,15925.0,56448,0.0,0.0
2021-07-05 00:00:00+09:00,15700.0,16650.0,15700.0,16175.0,187442,0.0,0.0
2021-07-06 00:00:00+09:00,16550.0,17575.0,16450.0,17425.0,1082584,0.0,0.0
2021-07-07 00:00:00+09:00,17300.0,18000.0,17075.0,17775.0,542990,0.0,0.0
2021-07-08 00:00:00+09:00,17775.0,18225.0,17425.0,17525.0,437604,0.0,0.0
2021-07-09 00:00:00+09:00,17525.0,17875.0,17075.0,17500.0,302596,0.0,0.0
2021-07-12 00:00:00+09:00,17700.0,19750.0,17650.0,19550.0,1189218,0.0,0.0
2021-07-13 00:00:00+09:00,19400.0,20275.0,19200.0,19800.0,843406,0.0,0.0
2021-07-14 00:00:00+09:00,19775.0,20625.0,19275.0,19900.0,645002,0.0,0.0
2021-07-15 00:00:00+09:00,20000.0,23875.0,19825.0,22250.0,2292876,0.0,0.0
2021-07-16 00:00:00+09:00,22700.0,23425.0,21250.0,22500.0,843446,0.0,0.0
2021-07-19 00:00:00+09:00,22225.0,24075.0,21700.0,22950.0,1114402,0.0,0.0
2021-07-20 00:00:00+09:00,22475.0,27050.0,22475.0,25000.0,2430080,0.0,0.0
2021-07-21 00:00:00+09:00,25150.0,25400.0,23575.0,24750.0,769048,0.0,0.0
2021-07-22 00:00:00+09:00,24350.0,25100.0,22250.0,22750.0,786614,0.0,0.0
2021-07-23 00:00:00+09:00,22525.0,23575.0,22425.0,23250.0,441770,0.0,0.0
2021-07-26 00:00:00+09:00,23300.0,26650.0,23150.0,26150.0,1479580,0.0,0.0
2021-07-27 00:00:00+09:00,25900.0,26300.0,22925.0,23625.0,877164,0.0,0.0
2021-07-28 00:00:00+09:00,24050.0,25350.0,22450.0,23000.0,646268,0.0,0.0
2021-07-29 00:00:00+09:00,23100.0,23750.0,21950.0,22150.0,473076,0.0,0.0
2021-07-30 00:00:00+09:00,22250.0,22575.0,21325.0,22000.0,420282,0.0,0.0
2021-08-02 00:00:00+09:00,22000.0,22850.0,21625.0,22025.0,237918,0.0,0.0
2021-08-03 00:00:00+09:00,21950.0,22200.0,20875.0,21500.0,340930,0.0,0.0
2021-08-04 00:00:00+09:00,21575.0,23150.0,21575.0,22625.0,497890,0.0,0.0
2021-08-05 00:00:00+09:00,22625.0,23100.0,22200.0,22400.0,283598,0.0,0.0
2021-08-06 00:00:00+09:00,22500.0,22500.0,21825.0,21950.0,200530,0.0,0.0
2021-08-09 00:00:00+09:00,22200.0,23300.0,21800.0,22825.0,422482,0.0,0.0
2021-08-10 00:00:00+09:00,23000.0,23125.0,21500.0,21875.0,247120,0.0,0.0
2021-08-11 00:00:00+09:00,21850.0,22750.0,21300.0,21575.0,286962,0.0,0.0
2021-08-12 00:00:00+09:00,21600.0,22475.0,21525.0,22050.0,210742,0.0,0.0
2021-08-13 00:00:00+09:00,22375.0,22400.0,21275.0,21400.0,229778,0.0,0.0
2021-08-17 00:00:00+09:00,21600.0,21600.0,20050.0,21500.0,202874,0.0,0.0
2021-08-18 00:00:00+09:00,21500.0,22250.0,20925.0,21900.0,174562,0.0,0.0
2021-08-19 00:00:00+09:00,21850.0,22450.0,21400.0,21575.0,177664,0.0,0.0
2021-08-20 00:00:00+09:00,21575.0,21925.0,20050.0,20300.0,214998,0.0,0.0
2021-08-23 00:00:00+09:00,20375.0,21125.0,20000.0,20750.0,163568,0.0,0.0
2021-08-24 00:00:00+09:00,20925.0,21675.0,20925.0,21300.0,143024,0.0,0.0
2021-08-25 00:00:00+09:00,21575.0,22150.0,21250.0,21450.0,218388,0.0,0.0
2021-08-26 00:00:00+09:00,21700.0,22075.0,21450.0,21775.0,112652,0.0,0.0
2021-08-27 00:00:00+09:00,21750.0,22475.0,21675.0,21825.0,159620,0.0,0.0
2021-08-30 00:00:00+09:00,21800.0,21800.0,21175.0,21500.0,130520,0.0,0.0
2021-08-31 00:00:00+09:00,21450.0,21700.0,20925.0,21475.0,127566,0.0,0.0
2021-09-01 00:00:00+09:00,21450.0,21850.0,21150.0,21650.0,78664,0.0,0.0
2021-09-02 00:00:00+09:00,21475.0,21650.0,21100.0,21100.0,81996,0.0,0.0
2021-09-03 00:00:00+09:00,21000.0,21525.0,20825.0,20950.0,96812,0.0,0.0
2021-09-06 00:00:00+09:00,20775.0,21025.0,20475.0,21025.0,95480,0.0,0.0
2021-09-07 00:00:00+09:00,21025.0,21150.0,20700.0,21025.0,57060,0.0,0.0
2021-09-08 00:00:00+09:00,21025.0,21100.0,20150.0,20250.0,141978,0.0,0.0
2021-09-09 00:00:00+09:00,20075.0,20175.0,19250.0,19300.0,177410,0.0,0.0
2021-09-10 00:00:00+09:00,19225.0,19650.0,18800.0,19350.0,110514,0.0,0.0
2021-09-13 00:00:00+09:00,19050.0,19550.0,18750.0,18850.0,113278,0.0,0.0
2021-09-14 00:00:00+09:00,19050.0,19425.0,18800.0,18875.0,81568,0.0,0.0
2021-09-15 00:00:00+09:00,18925.0,19925.0,18850.0,19000.0,161452,0.0,0.0
2021-09-16 00:00:00+09:00,19175.0,19175.0,18500.0,18800.0,81580,0.0,0.0
2021-09-17 00:00:00+09:00,18500.0,19100.0,18400.0,18850.0,57304,0.0,0.0
2021-09-23 00:00:00+09:00,18800.0,18800.0,18250.0,18375.0,82516,0.0,0.0
2021-09-24 00:00:00+09:00,18350.0,19025.0,18350.0,18825.0,74454,0.0,0.0
2021-09-27 00:00:00+09:00,18700.0,19600.0,18700.0,19375.0,84696,0.0,0.0
2021-09-28 00:00:00+09:00,19100.0,19375.0,18350.0,18350.0,110400,0.0,0.0
2021-09-29 00:00:00+09:00,17725.0,18050.0,17450.0,17900.0,170920,0.0,0.0
2021-09-30 00:00:00+09:00,17900.0,18225.0,17525.0,17850.0,56090,0.0,0.0
2021-10-01 00:00:00+09:00,17475.0,18750.0,17475.0,17650.0,119190,0.0,0.0
2021-10-05 00:00:00+09:00,17600.0,17600.0,16300.0,16600.0,222708,0.0,0.0
2021-10-06 00:00:00+09:00,16600.0,16900.0,15775.0,15875.0,163010,0.0,0.0
2021-10-07 00:00:00+09:00,16250.0,17300.0,16175.0,17250.0,235764,0.0,0.0
2021-10-08 00:00:00+09:00,17250.0,17250.0,16675.0,17000.0,86208,0.0,0.0
2021-10-12 00:00:00+09:00,16750.0,17175.0,16400.0,16450.0,78146,0.0,0.0
2021-10-13 00:00:00+09:00,16450.0,17250.0,16300.0,16900.0,62462,0.0,0.0
2021-10-14 00:00:00+09:00,16950.0,17800.0,16950.0,17700.0,129920,0.0,0.0
2021-10-15 00:00:00+09:00,17850.0,18600.0,17525.0,18300.0,162902,0.0,0.0
2021-10-18 00:00:00+09:00,18300.0,18700.0,17950.0,18350.0,116600,0.0,0.0
2021-10-19 00:00:00+09:00,18500.0,18600.0,18200.0,18600.0,65700,0.0,0.0
2021-10-20 00:00:00+09:00,18600.0,19150.0,18300.0,18475.0,114658,0.0,0.0
2021-10-21 00:00:00+09:00,18650.0,19225.0,18250.0,18825.0,130542,0.0,0.0
2021-10-22 00:00:00+09:00,19000.0,20500.0,18850.0,19950.0,440468,0.0,0.0
2021-10-25 00:00:00+09:00,20050.0,20650.0,19250.0,19400.0,243026,0.0,0.0
2021-10-26 00:00:00+09:00,19250.0,19675.0,18800.0,19625.0,126558,0.0,0.0
2021-10-27 00:00:00+09:00,19300.0,22350.0,19300.0,21225.0,1095470,0.0,0.0
2021-10-28 00:00:00+09:00,21500.0,21925.0,19800.0,20125.0,476990,0.0,0.0
2021-10-29 00:00:00+09:00,20100.0,20625.0,19575.0,20100.0,174332,0.0,0.0
2021-11-01 00:00:00+09:00,20050.0,20300.0,19150.0,19800.0,188336,0.0,0.0
2021-11-02 00:00:00+09:00,19800.0,20575.0,19675.0,20575.0,173544,0.0,0.0
2021-11-03 00:00:00+09:00,20375.0,20475.0,19850.0,19875.0,119942,0.0,0.0
2021-11-04 00:00:00+09:00,19875.0,20125.0,19250.0,19450.0,137612,0.0,0.0
2021-11-05 00:00:00+09:00,19525.0,19725.0,19050.0,19200.0,109006,0.0,0.0
2021-11-08 00:00:00+09:00,19250.0,20650.0,19075.0,20650.0,140518,0.0,0.0
2021-11-09 00:00:00+09:00,20675.0,21775.0,20300.0,21150.0,422142,0.0,0.0
2021-11-10 00:00:00+09:00,21375.0,21500.0,20000.0,20500.0,203050,0.0,0.0
2021-11-11 00:00:00+09:00,20300.0,20925.0,20025.0,20550.0,138834,0.0,0.0
2021-11-12 00:00:00+09:00,20850.0,20975.0,19925.0,20325.0,153938,0.0,0.0
2021-11-15 00:00:00+09:00,20325.0,20675.0,19800.0,20400.0,142378,0.0,0.0
2021-11-16 00:00:00+09:00,20625.0,25750.0,20475.0,24500.0,3338682,0.0,0.0
2021-11-17 00:00:00+09:00,24600.0,28800.0,24325.0,26850.0,2385716,0.0,0.0
2021-11-18 00:00:00+09:00,27050.0,34350.0,25950.0,31550.0,2937380,0.0,0.0
2021-11-19 00:00:00+09:00,32000.0,34200.0,31050.0,32200.0,1225848,0.0,0.0
2021-11-22 00:00:00+09:00,32000.0,33650.0,28850.0,31500.0,1128696,0.0,0.0
2021-11-23 00:00:00+09:00,30100.0,31000.0,27450.0,27750.0,654006,0.0,0.0
2021-11-24 00:00:00+09:00,27300.0,28100.0,26050.0,28100.0,642104,0.0,0.0
2021-11-25 00:00:00+09:00,27850.0,30850.0,27850.0,28800.0,741398,0.0,0.0
2021-11-26 00:00:00+09:00,28650.0,30300.0,28200.0,29050.0,427224,0.0,0.0
2021-11-29 00:00:00+09:00,27650.0,29900.0,26600.0,28750.0,397616,0.0,0.0
2021-11-30 00:00:00+09:00,29350.0,30150.0,26800.0,27250.0,437902,0.0,0.0
2021-12-01 00:00:00+09:00,27500.0,28650.0,26450.0,28500.0,357326,0.0,0.0
2021-12-02 00:00:00+09:00,27950.0,29100.0,27250.0,28600.0,294524,0.0,0.0
2021-12-03 00:00:00+09:00,28500.0,30200.0,28050.0,30200.0,428804,0.0,0.0
2021-12-06 00:00:00+09:00,29700.0,30100.0,28100.0,28400.0,424356,0.0,0.0
2021-12-07 00:00:00+09:00,29300.0,29450.0,25950.0,26250.0,689650,0.0,0.0
2021-12-08 00:00:00+09:00,26500.0,26800.0,25050.0,25100.0,387894,0.0,0.0
2021-12-09 00:00:00+09:00,25600.0,26300.0,24850.0,25300.0,350476,0.0,0.0
2021-12-10 00:00:00+09:00,24975.0,25600.0,24150.0,24400.0,291678,0.0,0.0
2021-12-13 00:00:00+09:00,24725.0,25250.0,24025.0,24400.0,268820,0.0,0.0
2021-12-14 00:00:00+09:00,24625.0,25250.0,24050.0,24325.0,198268,0.0,0.0
2021-12-15 00:00:00+09:00,24400.0,24575.0,23275.0,23500.0,194236,0.0,0.0
2021-12-16 00:00:00+09:00,24450.0,25050.0,23750.0,24550.0,266236,0.0,0.0
2021-12-17 00:00:00+09:00,24325.0,24450.0,23675.0,23800.0,125708,0.0,0.0
2021-12-20 00:00:00+09:00,23400.0,24100.0,22900.0,23025.0,171848,0.0,0.0
2021-12-21 00:00:00+09:00,23025.0,23850.0,22500.0,23850.0,179444,0.0,0.0
2021-12-22 00:00:00+09:00,24300.0,25400.0,23950.0,24525.0,485862,0.0,0.0
2021-12-23 00:00:00+09:00,24900.0,25150.0,23900.0,24250.0,198882,0.0,0.0
2021-12-24 00:00:00+09:00,23875.0,24200.0,23550.0,23650.0,136974,0.0,0.0
2021-12-27 00:00:00+09:00,23300.0,23950.0,23300.0,23900.0,119338,0.0,0.0
2021-12-28 00:00:00+09:00,24850.0,24850.0,24300.0,24475.0,261720,0.0,0.0
2021-12-29 00:00:00+09:00,24675.0,25650.0,24600.0,25250.0,330428,0.0,0.0
2021-12-30 00:00:00+09:00,25300.0,27200.0,24600.0,26800.0,455134,0.0,0.0
2022-01-04 00:00:00+09:00,26750.0,27950.0,26450.0,26800.0,246600,0.0,0.0
2022-01-05 00:00:00+09:00,26700.0,26700.0,25000.0,25300.0,245552,0.0,0.0
2022-01-06 00:00:00+09:00,24500.0,24675.0,23500.0,23525.0,260334,0.0,0.0
2022-01-07 00:00:00+09:00,23600.0,24675.0,23600.0,24550.0,113526,0.0,0.0
2022-01-10 00:00:00+09:00,24150.0,26750.0,24000.0,26050.0,395564,0.0,0.0
2022-01-11 00:00:00+09:00,26250.0,27250.0,25050.0,27050.0,329202,0.0,0.0
2022-01-12 00:00:00+09:00,26950.0,27250.0,26200.0,26700.0,162888,0.0,0.0
2022-01-13 00:00:00+09:00,27050.0,27050.0,25100.0,25350.0,230428,0.0,0.0
2022-01-14 00:00:00+09:00,24850.0,25600.0,24550.0,24875.0,160380,0.0,0.0
2022-01-17 00:00:00+09:00,24800.0,25200.0,24150.0,25100.0,127020,0.0,0.0
2022-01-18 00:00:00+09:00,25050.0,26500.0,24800.0,25600.0,203864,0.0,0.0
2022-01-19 00:00:00+09:00,25050.0,26950.0,24975.0,26700.0,290404,0.0,0.0
2022-01-20 00:00:00+09:00,26450.0,27250.0,26150.0,26750.0,205762,0.0,0.0
2022-01-21 00:00:00+09:00,26300.0,29250.0,26300.0,28900.0,780682,0.0,0.0
2022-01-24 00:00:00+09:00,28350.0,28500.0,26200.0,26200.0,390840,0.0,0.0
2022-01-25 00:00:00+09:00,26450.0,26600.0,24200.0,24800.0,401018,0.0,0.0
2022-01-26 00:00:00+09:00,24800.0,24800.0,24800.0,24800.0,0,0.0,0.0
2022-01-27 00:00:00+09:00,24500.0,24600.0,22950.0,23425.0,203170,0.0,0.0
2022-01-28 00:00:00+09:00,23550.0,25450.0,23150.0,24925.0,167874,0.0,0.0
2022-02-03 00:00:00+09:00,25250.0,25850.0,24625.0,24700.0,138302,0.0,0.0
2022-02-04 00:00:00+09:00,24200.0,24625.0,23750.0,24350.0,129070,0.0,0.0
2022-02-07 00:00:00+09:00,24525.0,25150.0,24075.0,24950.0,91706,0.0,0.0
2022-02-08 00:00:00+09:00,24950.0,24950.0,24950.0,24950.0,0,0.0,0.0
2022-02-09 00:00:00+09:00,24950.0,24950.0,24950.0,24950.0,0,0.0,0.0
2022-02-10 00:00:00+09:00,24850.0,25600.0,24300.0,24375.0,115544,0.0,0.0
2022-02-11 00:00:00+09:00,24025.0,24350.0,23800.0,23875.0,85012,0.0,0.0
2022-02-14 00:00:00+09:00,23650.0,23700.0,22275.0,22275.0,137314,0.0,0.0
2022-02-15 00:00:00+09:00,22250.0,22575.0,20200.0,20550.0,252042,0.0,0.0
2022-02-16 00:00:00+09:00,21150.0,21575.0,21025.0,21425.0,96902,0.0,0.0
2022-02-17 00:00:00+09:00,21500.0,21850.0,20150.0,20725.0,139552,0.0,0.0
2022-02-18 00:00:00+09:00,20175.0,20925.0,20150.0,20700.0,49930,0.0,0.0
2022-02-21 00:00:00+09:00,20100.0,20650.0,19875.0,20425.0,67990,0.0,0.0
2022-02-22 00:00:00+09:00,19850.0,20100.0,19300.0,19325.0,125518,0.0,0.0
2022-02-23 00:00:00+09:00,19550.0,20225.0,19550.0,19825.0,74108,0.0,0.0
2022-02-24 00:00:00+09:00,19500.0,19825.0,18850.0,18925.0,99402,0.0,0.0
2022-02-25 00:00:00+09:00,19250.0,19975.0,19250.0,19550.0,56080,0.0,0.0
2022-02-28 00:00:00+09:00,19550.0,19550.0,19550.0,19550.0,0,0.0,0.0
2022-03-02 00:00:00+09:00,19550.0,20725.0,19550.0,20500.0,73294,0.0,0.0
2022-03-03 00:00:00+09:00,20825.0,21150.0,20675.0,21125.0,56032,0.0,0.0
2022-03-04 00:00:00+09:00,21125.0,21125.0,21125.0,21125.0,0,0.0,0.0
2022-03-07 00:00:00+09:00,20050.0,20375.0,19850.0,19950.0,47570,0.0,0.0
2022-03-08 00:00:00+09:00,19275.0,20700.0,19275.0,20000.0,62788,0.0,0.0
2022-03-10 00:00:00+09:00,20000.0,20000.0,20000.0,20000.0,0,0.0,0.0
2022-03-11 00:00:00+09:00,20375.0,21300.0,20250.0,21000.0,77444,0.0,0.0
2022-03-14 00:00:00+09:00,21225.0,21750.0,20725.0,21375.0,96398,0.0,0.0
2022-03-15 00:00:00+09:00,21375.0,21375.0,21375.0,21375.0,0,0.0,0.0
2022-03-16 00:00:00+09:00,21375.0,21375.0,21375.0,21375.0,0,0.0,0.0
2022-03-17 00:00:00+09:00,21375.0,21375.0,21375.0,21375.0,0,0.0,0.0
2022-03-18 00:00:00+09:00,24100.0,24575.0,23525.0,23900.0,86340,0.0,0.0
2022-03-21 00:00:00+09:00,23900.0,23900.0,23900.0,23900.0,0,0.0,0.0
2022-03-22 00:00:00+09:00,23625.0,24125.0,23625.0,24000.0,63632,0.0,0.0
2022-03-23 00:00:00+09:00,24100.0,24600.0,23750.0,24000.0,72860,0.0,0.0
2022-03-24 00:00:00+09:00,24000.0,24800.0,23675.0,24500.0,117580,0.0,0.0
2022-03-25 00:00:00+09:00,24750.0,24900.0,24175.0,24400.0,60500,0.0,0.0
2022-03-28 00:00:00+09:00,24400.0,24400.0,24400.0,24400.0,0,0.0,0.0
2022-03-29 00:00:00+09:00,24500.0,25000.0,24325.0,24450.0,58600,0.0,0.0
2022-03-30 00:00:00+09:00,24450.0,24600.0,24025.0,24025.0,56044,0.0,0.0
2022-03-31 00:00:00+09:00,23700.0,24100.0,23425.0,23500.0,67350,0.0,0.0
2022-04-01 00:00:00+09:00,23475.0,23550.0,22900.0,23050.0,76172,0.0,0.0
2022-04-04 00:00:00+09:00,23375.0,23375.0,22900.0,23150.0,45460,0.0,0.0
2022-04-05 00:00:00+09:00,23250.0,27400.0,23200.0,26100.0,757244,0.0,0.0
2022-04-06 00:00:00+09:00,25850.0,26550.0,25700.0,25900.0,172928,0.0,0.0
2022-04-07 00:00:00+09:00,25700.0,25800.0,24575.0,24600.0,198858,0.0,0.0
2022-04-08 00:00:00+09:00,24700.0,24775.0,23950.0,24450.0,93498,0.0,0.0
2022-04-11 00:00:00+09:00,24275.0,24475.0,23675.0,24475.0,82176,0.0,0.0
2022-04-12 00:00:00+09:00,24250.0,25350.0,24250.0,25100.0,130384,0.0,0.0
2022-04-13 00:00:00+09:00,25150.0,25850.0,24950.0,25150.0,84390,0.0,0.0
2022-04-14 00:00:00+09:00,25400.0,25400.0,24875.0,25100.0,50218,0.0,0.0
2022-04-15 00:00:00+09:00,24975.0,25200.0,24525.0,24950.0,43988,0.0,0.0
2022-04-18 00:00:00+09:00,24800.0,24825.0,24100.0,24125.0,84928,0.0,0.0
2022-04-19 00:00:00+09:00,24125.0,25150.0,24125.0,24975.0,76338,0.0,0.0
2022-04-20 00:00:00+09:00,24975.0,25900.0,20625.0,22225.0,579268,0.0,0.0
2022-04-21 00:00:00+09:00,21800.0,23000.0,21700.0,22550.0,186998,0.0,0.0
2022-04-22 00:00:00+09:00,22250.0,22300.0,21000.0,21750.0,162660,0.0,0.0
2022-04-25 00:00:00+09:00,21100.0,21375.0,20300.0,20300.0,135866,0.0,0.0
2022-04-26 00:00:00+09:00,20350.0,21050.0,20350.0,20675.0,51990,0.0,0.0
2022-04-27 00:00:00+09:00,20100.0,20400.0,19525.0,20325.0,70944,0.0,0.0
2022-04-28 00:00:00+09:00,20875.0,20925.0,19500.0,20025.0,69518,0.0,0.0
2022-04-29 00:00:00+09:00,20250.0,20550.0,19825.0,20000.0,54210,0.0,0.0
2022-05-02 00:00:00+09:00,19825.0,20100.0,19575.0,19850.0,57148,0.0,0.0
2022-05-03 00:00:00+09:00,20000.0,20450.0,20000.0,20025.0,46782,0.0,0.0
2022-05-04 00:00:00+09:00,20250.0,20275.0,20050.0,20150.0,28398,0.0,0.0
2022-05-06 00:00:00+09:00,20150.0,20375.0,19000.0,20125.0,48328,0.0,0.0
2022-05-10 00:00:00+09:00,18850.0,19025.0,17750.0,18700.0,81348,0.0,0.0
2022-05-11 00:00:00+09:00,18950.0,19100.0,18250.0,18450.0,32890,0.0,0.0
2022-05-12 00:00:00+09:00,18050.0,18850.0,17550.0,17650.0,59262,0.0,0.0
2022-05-13 00:00:00+09:00,17675.0,18125.0,17675.0,17875.0,39440,0.0,0.0
2022-05-16 00:00:00+09:00,17900.0,18725.0,17900.0,18350.0,40112,0.0,0.0
2022-05-17 00:00:00+09:00,18475.0,18775.0,18000.0,18475.0,29906,0.0,0.0
2022-05-18 00:00:00+09:00,18700.0,19925.0,18625.0,19100.0,80658,0.0,0.0
2022-05-19 00:00:00+09:00,18850.0,18850.0,18100.0,18675.0,47504,0.0,0.0
2022-05-20 00:00:00+09:00,18950.0,19850.0,18700.0,19600.0,65010,0.0,0.0
2022-05-23 00:00:00+09:00,19700.0,19950.0,19100.0,19150.0,41182,0.0,0.0
2022-05-24 00:00:00+09:00,19150.0,21600.0,18775.0,19700.0,324912,0.0,0.0
2022-05-25 00:00:00+09:00,19700.0,19950.0,19450.0,19675.0,39374,0.0,0.0
2022-05-26 00:00:00+09:00,19650.0,20275.0,19550.0,19600.0,44906,0.0,0.0
2022-05-27 00:00:00+09:00,19975.0,20000.0,18850.0,19275.0,34380,0.0,0.0
2022-05-30 00:00:00+09:00,19300.0,19625.0,19300.0,19500.0,28464,0.0,0.0
2022-05-31 00:00:00+09:00,19475.0,19800.0,19250.0,19425.0,29224,0.0,0.0
2022-06-02 00:00:00+09:00,19675.0,19725.0,19325.0,19650.0,30706,0.0,0.0
2022-06-03 00:00:00+09:00,19825.0,20300.0,19650.0,19650.0,57962,0.0,0.0
2022-06-07 00:00:00+09:00,19275.0,19550.0,19000.0,19000.0,37030,0.0,0.0
2022-06-08 00:00:00+09:00,19400.0,19400.0,18075.0,18375.0,67636,0.0,0.0
2022-06-09 00:00:00+09:00,18500.0,18500.0,17975.0,18250.0,28836,0.0,0.0
2022-06-10 00:00:00+09:00,18250.0,18250.0,17625.0,18175.0,47512,0.0,0.0
2022-06-13 00:00:00+09:00,17600.0,17750.0,16425.0,16650.0,63452,0.0,0.0
2022-06-14 00:00:00+09:00,15875.0,16575.0,15700.0,16250.0,97932,0.0,0.0
2022-06-15 00:00:00+09:00,16125.0,16650.0,15500.0,15675.0,56334,0.0,0.0
2022-06-16 00:00:00+09:00,15825.0,16100.0,15000.0,15125.0,59772,0.0,0.0
2022-06-17 00:00:00+09:00,14500.0,15500.0,14400.0,15500.0,93436,0.0,0.0
2022-06-20 00:00:00+09:00,15500.0,15575.0,14250.0,14500.0,65658,0.0,0.0
2022-06-21 00:00:00+09:00,14500.0,14925.0,14250.0,14525.0,31840,0.0,0.0
2022-06-22 00:00:00+09:00,14500.0,14900.0,13250.0,13350.0,102408,0.0,0.0
2022-06-23 00:00:00+09:00,13350.0,13750.0,12625.0,12825.0,79824,0.0,0.0
2022-06-24 00:00:00+09:00,12950.0,13650.0,12650.0,13525.0,53860,0.0,0.0
2022-06-27 00:00:00+09:00,13575.0,14175.0,13525.0,13950.0,39792,0.0,0.0
2022-06-28 00:00:00+09:00,13750.0,14350.0,13575.0,13900.0,25936,0.0,0.0
2022-06-29 00:00:00+09:00,13500.0,14450.0,13425.0,14275.0,39188,0.0,0.0
2022-06-30 00:00:00+09:00,14500.0,14500.0,13900.0,14250.0,27692,0.0,0.0
2022-07-01 00:00:00+09:00,14250.0,14925.0,13625.0,14025.0,50270,0.0,0.0
2022-07-04 00:00:00+09:00,13825.0,14300.0,13500.0,13750.0,21882,0.0,0.0
2022-07-05 00:00:00+09:00,13775.0,14625.0,13775.0,14500.0,55906,0.0,0.0
2022-07-06 00:00:00+09:00,14350.0,15250.0,14350.0,14950.0,67426,0.0,0.0
2022-07-07 00:00:00+09:00,15650.0,15650.0,14975.0,15050.0,32232,0.0,0.0
2022-07-08 00:00:00+09:00,15025.0,15350.0,14825.0,15250.0,27740,0.0,0.0
2022-07-11 00:00:00+09:00,15100.0,15450.0,15025.0,15125.0,24488,0.0,0.0
2022-07-12 00:00:00+09:00,15000.0,15700.0,14275.0,14500.0,78768,0.0,0.0
2022-07-13 00:00:00+09:00,14525.0,14950.0,14350.0,14825.0,23536,0.0,0.0
2022-07-14 00:00:00+09:00,14750.0,15350.0,14550.0,15250.0,58572,0.0,0.0
2022-07-15 00:00:00+09:00,15200.0,15200.0,14275.0,14500.0,59544,0.0,0.0
2022-07-18 00:00:00+09:00,14725.0,14900.0,14425.0,14900.0,31416,0.0,0.0
2022-07-19 00:00:00+09:00,14850.0,15300.0,14700.0,15250.0,32086,0.0,0.0
2022-07-20 00:00:00+09:00,15375.0,15950.0,15375.0,15825.0,64270,0.0,0.0
2022-07-21 00:00:00+09:00,15550.0,16975.0,15550.0,16500.0,132040,0.0,0.0
2022-07-22 00:00:00+09:00,16675.0,16675.0,15900.0,16150.0,41574,0.0,0.0
2022-07-25 00:00:00+09:00,16050.0,16100.0,15550.0,15850.0,25558,0.0,0.0
2022-07-26 00:00:00+09:00,15425.0,15850.0,15275.0,15375.0,38016,0.0,0.0
2022-07-27 00:00:00+09:00,15350.0,15700.0,15325.0,15525.0,21998,0.0,0.0
2022-07-28 00:00:00+09:00,15625.0,15825.0,15250.0,15400.0,31648,0.0,0.0
2022-07-29 00:00:00+09:00,15500.0,15825.0,15250.0,15675.0,33386,0.0,0.0
2022-08-01 00:00:00+09:00,15650.0,15950.0,15475.0,15750.0,25826,0.0,0.0
2022-08-02 00:00:00+09:00,15775.0,15825.0,15475.0,15650.0,20844,0.0,0.0
2022-08-03 00:00:00+09:00,15650.0,16150.0,15400.0,16050.0,34132,0.0,0.0
2022-08-04 00:00:00+09:00,16100.0,16900.0,16100.0,16650.0,47006,0.0,0.0
2022-08-05 00:00:00+09:00,16600.0,16700.0,16250.0,16550.0,26252,0.0,0.0
2022-08-08 00:00:00+09:00,16375.0,16650.0,16225.0,16650.0,23178,0.0,0.0
2022-08-09 00:00:00+09:00,16650.0,16750.0,16250.0,16400.0,28004,0.0,0.0
2022-08-10 00:00:00+09:00,16275.0,16500.0,15675.0,15950.0,43058,0.0,0.0
2022-08-11 00:00:00+09:00,16225.0,16325.0,15775.0,16000.0,44312,0.0,0.0
2022-08-12 00:00:00+09:00,16000.0,16150.0,15250.0,15325.0,55806,0.0,0.0
2022-08-16 00:00:00+09:00,15350.0,15650.0,15075.0,15250.0,36740,0.0,0.0
2022-08-17 00:00:00+09:00,15250.0,15375.0,14825.0,14975.0,35698,0.0,0.0
2022-08-18 00:00:00+09:00,15000.0,15075.0,14500.0,14800.0,30616,0.0,0.0
2022-08-19 00:00:00+09:00,14800.0,15150.0,14500.0,14500.0,20592,0.0,0.0
2022-08-22 00:00:00+09:00,14550.0,14625.0,13800.0,13925.0,35656,0.0,0.0
2022-08-23 00:00:00+09:00,13925.0,14150.0,13350.0,13625.0,38278,0.0,0.0
2022-08-24 00:00:00+09:00,13625.0,13900.0,13500.0,13800.0,29052,0.0,0.0
2022-08-25 00:00:00+09:00,13750.0,14250.0,13750.0,13850.0,17186,0.0,0.0
2022-08-26 00:00:00+09:00,13925.0,14275.0,13875.0,13950.0,14014,0.0,0.0
2022-08-29 00:00:00+09:00,13500.0,13800.0,13350.0,13600.0,30926,0.0,0.0
2022-08-30 00:00:00+09:00,13475.0,13950.0,13475.0,13700.0,7788,0.0,0.0
2022-08-31 00:00:00+09:00,13700.0,14025.0,13525.0,13975.0,10500,0.0,0.0
2022-09-01 00:00:00+09:00,14225.0,14225.0,13000.0,13350.0,30602,0.0,0.0
2022-09-02 00:00:00+09:00,13750.0,13750.0,12975.0,13075.0,28368,0.0,0.0
2022-09-05 00:00:00+09:00,12850.0,13250.0,12500.0,12675.0,53190,0.0,0.0
2022-09-06 00:00:00+09:00,12675.0,13250.0,12675.0,13125.0,25250,0.0,0.0
2022-09-07 00:00:00+09:00,13125.0,13225.0,12800.0,13100.0,17334,0.0,0.0
2022-09-08 00:00:00+09:00,13100.0,13725.0,13050.0,13575.0,35566,0.0,0.0
2022-09-13 00:00:00+09:00,13650.0,13950.0,13575.0,13750.0,20046,0.0,0.0
2022-09-14 00:00:00+09:00,13100.0,13900.0,13075.0,13800.0,22138,0.0,0.0
2022-09-15 00:00:00+09:00,13775.0,13900.0,13425.0,13425.0,15680,0.0,0.0
2022-09-16 00:00:00+09:00,13425.0,13425.0,12975.0,13025.0,22066,0.0,0.0
2022-09-19 00:00:00+09:00,13000.0,13175.0,12025.0,12400.0,52104,0.0,0.0
2022-09-20 00:00:00+09:00,12450.0,12650.0,12350.0,12450.0,12006,0.0,0.0
2022-09-21 00:00:00+09:00,12450.0,12700.0,12350.0,12500.0,18348,0.0,0.0
2022-09-22 00:00:00+09:00,12625.0,12625.0,12000.0,12125.0,22550,0.0,0.0
2022-09-23 00:00:00+09:00,12125.0,12450.0,11275.0,11425.0,50344,0.0,0.0
2022-09-26 00:00:00+09:00,11300.0,11425.0,10450.0,10850.0,68476,0.0,0.0
2022-09-27 00:00:00+09:00,11125.0,11750.0,10775.0,11175.0,35778,0.0,0.0
2022-09-28 00:00:00+09:00,11325.0,11425.0,10300.0,11100.0,28858,0.0,0.0
2022-09-29 00:00:00+09:00,11275.0,11275.0,10475.0,11000.0,30074,0.0,0.0
2022-09-30 00:00:00+09:00,10575.0,10900.0,10450.0,10525.0,23262,0.0,0.0
2022-10-04 00:00:00+09:00,10825.0,10950.0,10525.0,10900.0,27856,0.0,0.0
2022-10-05 00:00:00+09:00,11000.0,11225.0,10575.0,10650.0,15746,0.0,0.0
2022-10-06 00:00:00+09:00,10550.0,11000.0,10550.0,10850.0,14462,0.0,0.0
2022-10-07 00:00:00+09:00,11000.0,11000.0,10525.0,10675.0,17248,0.0,0.0
2022-10-11 00:00:00+09:00,10350.0,10500.0,9625.0,9650.0,42454,0.0,0.0
2022-10-12 00:00:00+09:00,9675.0,9825.0,8850.0,9200.0,70100,0.0,0.0
2022-10-13 00:00:00+09:00,8925.0,9150.0,8200.0,8500.0,57206,0.0,0.0
2022-10-14 00:00:00+09:00,8725.0,9125.0,8725.0,8925.0,26512,0.0,0.0
2022-10-17 00:00:00+09:00,8750.0,11100.0,8650.0,9250.0,470904,0.0,0.0
2022-10-18 00:00:00+09:00,9450.0,9750.0,9350.0,9375.0,85750,0.0,0.0
2022-10-19 00:00:00+09:00,9375.0,9700.0,9325.0,9325.0,41132,0.0,0.0
2022-10-20 00:00:00+09:00,9275.0,9375.0,8950.0,8975.0,24080,0.0,0.0
2022-10-21 00:00:00+09:00,8925.0,9100.0,8750.0,8975.0,12874,0.0,0.0
2022-10-24 00:00:00+09:00,9075.0,9475.0,8950.0,8950.0,14694,0.0,0.0
2022-10-25 00:00:00+09:00,8850.0,9275.0,8650.0,8700.0,29522,0.0,0.0
2022-10-26 00:00:00+09:00,8750.0,8975.0,8625.0,8825.0,22392,0.0,0.0
2022-10-27 00:00:00+09:00,8825.0,9100.0,8675.0,9000.0,39150,0.0,0.0
2022-10-28 00:00:00+09:00,9000.0,9000.0,8750.0,8775.0,17008,0.0,0.0
2022-10-31 00:00:00+09:00,8925.0,8925.0,8575.0,8750.0,12594,0.0,0.0
2022-11-01 00:00:00+09:00,8875.0,8875.0,8325.0,8450.0,50634,0.0,0.0
2022-11-02 00:00:00+09:00,8525.0,8650.0,8425.0,8600.0,26662,0.0,0.0
2022-11-03 00:00:00+09:00,8450.0,8600.0,8300.0,8400.0,21846,0.0,0.0
2022-11-04 00:00:00+09:00,8375.0,8725.0,8275.0,8475.0,28704,0.0,0.0
2022-11-07 00:00:00+09:00,8475.0,8650.0,8475.0,8600.0,19122,0.0,0.0
2022-11-08 00:00:00+09:00,8600.0,8950.0,8600.0,8875.0,34252,0.0,0.0
2022-11-09 00:00:00+09:00,9000.0,9100.0,8700.0,8850.0,34510,0.0,0.0
2022-11-10 00:00:00+09:00,8850.0,9000.0,8600.0,8825.0,33244,0.0,0.0
2022-11-11 00:00:00+09:00,9175.0,9575.0,8950.0,9375.0,93652,0.0,0.0
2022-11-14 00:00:00+09:00,9425.0,9700.0,9250.0,9425.0,56638,0.0,0.0
2022-11-15 00:00:00+09:00,9425.0,9650.0,9275.0,9600.0,31970,0.0,0.0
2022-11-16 00:00:00+09:00,9650.0,9650.0,9225.0,9375.0,25530,0.0,0.0
2022-11-17 00:00:00+09:00,9400.0,9475.0,9250.0,9375.0,17566,0.0,0.0
2022-11-18 00:00:00+09:00,9375.0,9625.0,9375.0,9400.0,30194,0.0,0.0
2022-11-21 00:00:00+09:00,9400.0,9500.0,8850.0,8875.0,30462,0.0,0.0
2022-11-22 00:00:00+09:00,8875.0,8975.0,8700.0,8800.0,12214,0.0,0.0
2022-11-23 00:00:00+09:00,9075.0,10525.0,8825.0,9525.0,391484,0.0,0.0
2022-11-24 00:00:00+09:00,9900.0,10150.0,9625.0,9975.0,125436,0.0,0.0
2022-11-25 00:00:00+09:00,10175.0,10175.0,9675.0,9725.0,51046,0.0,0.0
2022-11-28 00:00:00+09:00,9975.0,10075.0,9550.0,9550.0,44282,0.0,0.0
2022-11-29 00:00:00+09:00,9300.0,9750.0,9275.0,9625.0,21956,0.0,0.0
2022-11-30 00:00:00+09:00,10000.0,10100.0,9725.0,9750.0,80204,0.0,0.0
2022-12-01 00:00:00+09:00,9975.0,10275.0,9850.0,9925.0,78976,0.0,0.0
2022-12-02 00:00:00+09:00,9925.0,10775.0,9800.0,10450.0,164848,0.0,0.0
2022-12-05 00:00:00+09:00,10600.0,10600.0,9775.0,9900.0,89848,0.0,0.0
2022-12-06 00:00:00+09:00,9650.0,9725.0,9425.0,9425.0,47292,0.0,0.0
2022-12-07 00:00:00+09:00,9250.0,9600.0,9125.0,9600.0,28532,0.0,0.0
2022-12-08 00:00:00+09:00,9600.0,9650.0,9250.0,9325.0,20642,0.0,0.0
2022-12-09 00:00:00+09:00,9475.0,10125.0,9350.0,9550.0,192736,0.0,0.0
2022-12-12 00:00:00+09:00,10250.0,11100.0,9875.0,9925.0,184366,0.0,0.0
2022-12-13 00:00:00+09:00,9875.0,10075.0,9525.0,9525.0,50014,0.0,0.0
2022-12-14 00:00:00+09:00,9525.0,10475.0,9475.0,10200.0,148828,0.0,0.0
2022-12-15 00:00:00+09:00,10300.0,10300.0,9925.0,10200.0,57778,0.0,0.0
2022-12-16 00:00:00+09:00,10025.0,10350.0,9800.0,10050.0,50606,0.0,0.0
2022-12-19 00:00:00+09:00,10050.0,11250.0,9950.0,11250.0,360408,0.0,0.0
2022-12-20 00:00:00+09:00,11200.0,11200.0,10100.0,10300.0,194770,0.0,0.0
2022-12-21 00:00:00+09:00,10425.0,10425.0,10050.0,10175.0,65484,0.0,0.0
2022-12-22 00:00:00+09:00,10200.0,10775.0,10200.0,10275.0,125204,0.0,0.0
2022-12-23 00:00:00+09:00,10150.0,10150.0,9400.0,9400.0,122280,0.0,0.0
2022-12-26 00:00:00+09:00,9400.0,9575.0,9125.0,9425.0,34792,0.0,0.0
2022-12-27 00:00:00+09:00,9375.0,9700.0,9300.0,9350.0,55152,0.0,0.0
2022-12-28 00:00:00+09:00,9350.0,9600.0,9300.0,9450.0,17676,0.0,0.0
2022-12-29 00:00:00+09:00,9425.0,9675.0,9300.0,9400.0,33546,0.0,0.0
2023-01-02 00:00:00+09:00,9450.0,9750.0,8750.0,8850.0,116320,0.0,0.0
2023-01-03 00:00:00+09:00,8850.0,9050.0,8450.0,8950.0,52240,0.0,0.0
2023-01-04 00:00:00+09:00,8950.0,9425.0,8800.0,9325.0,53512,0.0,0.0
2023-01-05 00:00:00+09:00,9425.0,9550.0,9200.0,9250.0,31184,0.0,0.0
2023-01-06 00:00:00+09:00,9050.0,9400.0,9050.0,9300.0,29014,0.0,0.0
2023-01-09 00:00:00+09:00,9450.0,9975.0,9425.0,9675.0,89722,0.0,0.0
2023-01-10 00:00:00+09:00,9725.0,10600.0,9500.0,10400.0,202290,0.0,0.0
2023-01-11 00:00:00+09:00,10500.0,10725.0,10250.0,10275.0,96108,0.0,0.0
2023-01-12 00:00:00+09:00,10275.0,10425.0,10000.0,10200.0,49294,0.0,0.0
2023-01-13 00:00:00+09:00,10150.0,12325.0,10150.0,11925.0,1013436,0.0,0.0
2023-01-16 00:00:00+09:00,11925.0,13625.0,11900.0,12875.0,712756,0.0,0.0
2023-01-17 00:00:00+09:00,12825.0,13350.0,12525.0,12950.0,321404,0.0,0.0
2023-01-18 00:00:00+09:00,13050.0,13800.0,12550.0,13100.0,410342,0.0,0.0
2023-01-19 00:00:00+09:00,13000.0,13950.0,12600.0,13950.0,313518,0.0,0.0
2023-01-20 00:00:00+09:00,13875.0,14575.0,13575.0,14025.0,248436,0.0,0.0
2023-01-25 00:00:00+09:00,14450.0,16325.0,14125.0,16325.0,9264,0.0,0.0
2023-01-26 00:00:00+09:00,16425.0,16850.0,14075.0,14825.0,6296,0.0,0.0
2023-01-27 00:00:00+09:00,14675.0,16250.0,14225.0,15975.0,7524,0.0,0.0
2023-01-30 00:00:00+09:00,16950.0,19750.0,16300.0,18650.0,19210,0.0,0.0
2023-01-31 00:00:00+09:00,18325.0,21375.0,17825.0,18650.0,12554,0.0,0.0
2023-02-01 00:00:00+09:00,18800.0,19375.0,16925.0,19250.0,5760,0.0,0.0
2023-02-02 00:00:00+09:00,18000.0,18825.0,17425.0,17475.0,3050,0.0,0.0
2023-02-03 00:00:00+09:00,18825.0,18950.0,18050.0,18200.0,2096,0.0,0.0
2023-02-06 00:00:00+09:00,18500.0,19000.0,17150.0,17500.0,2074,0.0,0.0
2023-02-07 00:00:00+09:00,17850.0,18425.0,17625.0,17875.0,4166,0.0,0.0
2023-02-08 00:00:00+09:00,18450.0,19200.0,17925.0,17875.0,2912,0.0,0.0
2023-02-09 00:00:00+09:00,17525.0,18000.0,17000.0,17225.0,2442,0.0,0.0
2023-02-10 00:00:00+09:00,17225.0,17225.0,14750.0,17225.0,8474,0.0,0.0
2023-02-13 00:00:00+09:00,14750.0,16000.0,14300.0,15650.0,3382,0.0,0.0
2023-02-14 00:00:00+09:00,15650.0,15675.0,14825.0,15075.0,4302,0.0,0.0
2023-02-15 00:00:00+09:00,15350.0,15400.0,13575.0,13700.0,4612,0.0,0.0
2023-02-16 00:00:00+09:00,13850.0,14100.0,13000.0,13800.0,1824,0.0,0.0
2023-02-17 00:00:00+09:00,13550.0,14250.0,13450.0,13650.0,1488,0.0,0.0
2023-02-20 00:00:00+09:00,13525.0,14750.0,13275.0,14025.0,2828,0.0,0.0
2023-02-21 00:00:00+09:00,14175.0,14850.0,13775.0,14225.0,1468,0.0,0.0
2023-02-22 00:00:00+09:00,13650.0,13825.0,13175.0,13225.0,1482,0.0,0.0
2023-02-23 00:00:00+09:00,13550.0,15250.0,13500.0,15025.0,19898,0.0,0.0
2023-02-24 00:00:00+09:00,15950.0,17125.0,15475.0,15875.0,7430,0.0,0.0
2023-02-27 00:00:00+09:00,15950.0,17025.0,15500.0,16300.0,613234,0.0,0.0
2023-02-28 00:00:00+09:00,16500.0,16675.0,15675.0,16450.0,395292,0.0,0.0
2023-03-02 00:00:00+09:00,16350.0,16350.0,15075.0,15325.0,294240,0.0,0.0
2023-03-03 00:00:00+09:00,15675.0,15725.0,14925.0,14925.0,176334,0.0,0.0
2023-03-06 00:00:00+09:00,15050.0,15650.0,14250.0,15425.0,304172,0.0,0.0
2023-03-07 00:00:00+09:00,15400.0,16050.0,14800.0,15000.0,256030,0.0,0.0
2023-03-08 00:00:00+09:00,15000.0,15050.0,13975.0,14250.0,245588,0.0,0.0
2023-03-09 00:00:00+09:00,14300.0,14475.0,13725.0,13775.0,148510,0.0,0.0
2023-03-10 00:00:00+09:00,13500.0,14225.0,13175.0,13925.0,211472,0.0,0.0
2023-03-13 00:00:00+09:00,13600.0,14325.0,13375.0,14300.0,173132,0.0,0.0
2023-03-14 00:00:00+09:00,14300.0,14325.0,12150.0,12225.0,431206,0.0,0.0
2023-03-15 00:00:00+09:00,12800.0,12875.0,12250.0,12275.0,216896,0.0,0.0
2023-03-16 00:00:00+09:00,12475.0,12775.0,11775.0,12400.0,173672,0.0,0.0
2023-03-17 00:00:00+09:00,13000.0,13450.0,12600.0,13025.0,244146,0.0,0.0
2023-03-20 00:00:00+09:00,13500.0,13700.0,12675.0,12875.0,139026,0.0,0.0
2023-03-21 00:00:00+09:00,12750.0,13450.0,12650.0,12975.0,148678,0.0,0.0
2023-03-22 00:00:00+09:00,13175.0,13725.0,12800.0,12950.0,218750,0.0,0.0
2023-03-23 00:00:00+09:00,13200.0,13775.0,13025.0,13200.0,302984,0.0,0.0
2023-03-24 00:00:00+09:00,13700.0,14250.0,13325.0,13550.0,383406,0.0,0.0
2023-03-27 00:00:00+09:00,13325.0,13475.0,12625.0,12800.0,152528,0.0,0.0
2023-03-28 00:00:00+09:00,12800.0,13100.0,12550.0,12975.0,117942,0.0,0.0
2023-03-29 00:00:00+09:00,12725.0,15100.0,12425.0,14300.0,871492,0.0,0.0
2023-03-30 00:00:00+09:00,14075.0,14125.0,13300.0,13525.0,305790,0.0,0.0
2023-03-31 00:00:00+09:00,13850.0,13850.0,12850.0,13200.0,172868,0.0,0.0
2023-04-03 00:00:00+09:00,13400.0,13525.0,12875.0,13250.0,123754,0.0,0.0
2023-04-04 00:00:00+09:00,13250.0,13650.0,13050.0,13225.0,84202,0.0,0.0
2023-04-05 00:00:00+09:00,13125.0,13425.0,13000.0,13100.0,104824,0.0,0.0
2023-04-06 00:00:00+09:00,13075.0,13075.0,12575.0,12800.0,137430,0.0,0.0
2023-04-07 00:00:00+09:00,12725.0,12900.0,12600.0,12850.0,86300,0.0,0.0
2023-04-10 00:00:00+09:00,12725.0,12800.0,12075.0,12750.0,142310,0.0,0.0
2023-04-11 00:00:00+09:00,12750.0,13200.0,12400.0,12825.0,101792,0.0,0.0
2023-04-12 00:00:00+09:00,12875.0,13325.0,12400.0,12925.0,293324,0.0,0.0
2023-04-13 00:00:00+09:00,13840.0,13840.0,12680.0,12830.0,162084,0.0,2.0
2023-04-14 00:00:00+09:00,12890.0,13100.0,12570.0,12760.0,48236,0.0,0.0
2023-04-17 00:00:00+09:00,12790.0,12950.0,12380.0,12460.0,49394,0.0,0.0
2023-04-18 00:00:00+09:00,12560.0,12560.0,12000.0,12150.0,49363,0.0,0.0
2023-04-19 00:00:00+09:00,12160.0,12160.0,12000.0,12030.0,29366,0.0,0.0
2023-04-20 00:00:00+09:00,12050.0,12050.0,11510.0,11700.0,52947,0.0,0.0
2023-04-21 00:00:00+09:00,11540.0,12010.0,11330.0,11560.0,40378,0.0,0.0
2023-04-24 00:00:00+09:00,11560.0,11590.0,11030.0,11150.0,30188,0.0,0.0
2023-04-25 00:00:00+09:00,11150.0,11240.0,10770.0,10940.0,36847,0.0,0.0
2023-04-26 00:00:00+09:00,11100.0,11500.0,10760.0,11060.0,36788,0.0,0.0
2023-04-27 00:00:00+09:00,11330.0,11330.0,10790.0,11250.0,21349,0.0,0.0
2023-04-28 00:00:00+09:00,11400.0,11400.0,11030.0,11150.0,23370,0.0,0.0
2023-05-02 00:00:00+09:00,11150.0,11390.0,11000.0,11250.0,16142,0.0,0.0
2023-05-03 00:00:00+09:00,11250.0,11500.0,11120.0,11120.0,14784,0.0,0.0
2023-05-04 00:00:00+09:00,11120.0,11250.0,11000.0,11180.0,10825,0.0,0.0
2023-05-08 00:00:00+09:00,10890.0,11120.0,10550.0,10870.0,32781,0.0,0.0
2023-05-09 00:00:00+09:00,10870.0,10990.0,10420.0,10650.0,38440,0.0,0.0
2023-05-10 00:00:00+09:00,10200.0,10330.0,9940.0,9970.0,162884,0.0,0.0
2023-05-11 00:00:00+09:00,9970.0,10270.0,9960.0,10200.0,66135,0.0,0.0
2023-05-12 00:00:00+09:00,10240.0,10250.0,9910.0,9970.0,45509,0.0,0.0
2023-05-15 00:00:00+09:00,10000.0,10000.0,9310.0,9470.0,64626,0.0,0.0
2023-05-16 00:00:00+09:00,9470.0,9600.0,8800.0,9250.0,84265,0.0,0.0
2023-05-17 00:00:00+09:00,9200.0,9470.0,9150.0,9300.0,58031,0.0,0.0
2023-05-18 00:00:00+09:00,9240.0,9710.0,9240.0,9700.0,48254,0.0,0.0
2023-05-19 00:00:00+09:00,9820.0,10170.0,9760.0,10040.0,58231,0.0,0.0
2023-05-22 00:00:00+09:00,10040.0,10040.0,9700.0,9790.0,37308,0.0,0.0
2023-05-23 00:00:00+09:00,9790.0,10140.0,9700.0,9910.0,44169,0.0,0.0
2023-05-24 00:00:00+09:00,9910.0,10000.0,9720.0,9730.0,26561,0.0,0.0
2023-05-25 00:00:00+09:00,9870.0,10490.0,9600.0,9760.0,81913,0.0,0.0
2023-05-26 00:00:00+09:00,10050.0,10050.0,9610.0,9620.0,47271,0.0,0.0
2023-05-30 00:00:00+09:00,9680.0,10030.0,9670.0,9990.0,34554,0.0,0.0
2023-05-31 00:00:00+09:00,10010.0,10140.0,9770.0,9940.0,20022,0.0,0.0
2023-06-01 00:00:00+09:00,9950.0,10550.0,9550.0,10480.0,259233,0.0,0.0
2023-06-02 00:00:00+09:00,11010.0,11010.0,10030.0,10100.0,243417,0.0,0.0
2023-06-05 00:00:00+09:00,10120.0,10200.0,9940.0,10130.0,55369,0.0,0.0
2023-06-07 00:00:00+09:00,10500.0,10760.0,10190.0,10370.0,152139,0.0,0.0
2023-06-08 00:00:00+09:00,10370.0,10400.0,9970.0,10070.0,71953,0.0,0.0
2023-06-09 00:00:00+09:00,10100.0,10240.0,9800.0,9800.0,123833,0.0,0.0
2023-06-12 00:00:00+09:00,9900.0,9930.0,9660.0,9770.0,56665,0.0,0.0
2023-06-13 00:00:00+09:00,9790.0,10100.0,9790.0,9950.0,66262,0.0,0.0
2023-06-14 00:00:00+09:00,10090.0,10090.0,9600.0,9700.0,71434,0.0,0.0
2023-06-15 00:00:00+09:00,9800.0,9830.0,9240.0,9590.0,52584,0.0,0.0
2023-06-16 00:00:00+09:00,9590.0,9830.0,9550.0,9560.0,37779,0.0,0.0
2023-06-19 00:00:00+09:00,9530.0,9680.0,9250.0,9470.0,57650,0.0,0.0
2023-06-20 00:00:00+09:00,9310.0,9520.0,9300.0,9380.0,35624,0.0,0.0
2023-06-21 00:00:00+09:00,9550.0,9550.0,9000.0,9060.0,67035,0.0,0.0
2023-06-22 00:00:00+09:00,9190.0,9700.0,9000.0,9340.0,126793,0.0,0.0
2023-06-23 00:00:00+09:00,9490.0,9490.0,9050.0,9070.0,51133,0.0,0.0
2023-06-26 00:00:00+09:00,9070.0,9240.0,8850.0,9040.0,48189,0.0,0.0
2023-06-27 00:00:00+09:00,8930.0,9140.0,8790.0,8830.0,62021,0.0,0.0
2023-06-28 00:00:00+09:00,8900.0,9450.0,8830.0,9120.0,184211,0.0,0.0
2023-06-29 00:00:00+09:00,9400.0,9400.0,8860.0,9030.0,50311,0.0,0.0
2023-06-30 00:00:00+09:00,9170.0,9170.0,8810.0,8880.0,43151,0.0,0.0
2023-07-03 00:00:00+09:00,8880.0,9170.0,8880.0,9030.0,35211,0.0,0.0
2023-07-04 00:00:00+09:00,9100.0,9100.0,8780.0,8800.0,46654,0.0,0.0
2023-07-05 00:00:00+09:00,8860.0,8900.0,8360.0,8570.0,78034,0.0,0.0
2023-07-06 00:00:00+09:00,8470.0,8580.0,8150.0,8330.0,58746,0.0,0.0
2023-07-07 00:00:00+09:00,8330.0,8350.0,8000.0,8150.0,56447,0.0,0.0
2023-07-10 00:00:00+09:00,8150.0,8560.0,8050.0,8400.0,34152,0.0,0.0
2023-07-11 00:00:00+09:00,8250.0,8450.0,8090.0,8250.0,44550,0.0,0.0
2023-07-12 00:00:00+09:00,8250.0,8250.0,7900.0,7910.0,69196,0.0,0.0
2023-07-13 00:00:00+09:00,7940.0,8460.0,7940.0,8340.0,47965,0.0,0.0
2023-07-14 00:00:00+09:00,8350.0,8350.0,8020.0,8330.0,36970,0.0,0.0
2023-07-17 00:00:00+09:00,8480.0,8620.0,7930.0,8500.0,69273,0.0,0.0
2023-07-18 00:00:00+09:00,8550.0,8960.0,8390.0,8890.0,167098,0.0,0.0
2023-07-19 00:00:00+09:00,8890.0,9240.0,8610.0,9100.0,184312,0.0,0.0
2023-07-20 00:00:00+09:00,9200.0,9290.0,8770.0,9000.0,66842,0.0,0.0
2023-07-21 00:00:00+09:00,9000.0,9190.0,8510.0,9040.0,139526,0.0,0.0
2023-07-24 00:00:00+09:00,9190.0,9190.0,8530.0,8770.0,70539,0.0,0.0
2023-07-25 00:00:00+09:00,8690.0,8770.0,8000.0,8150.0,104758,0.0,0.0
2023-07-26 00:00:00+09:00,7980.0,8070.0,7190.0,7520.0,149205,0.0,0.0
2023-07-27 00:00:00+09:00,7510.0,7840.0,7460.0,7800.0,58839,0.0,0.0
2023-07-28 00:00:00+09:00,7840.0,8100.0,7700.0,7950.0,44551,0.0,0.0
2023-07-31 00:00:00+09:00,7950.0,8680.0,7770.0,8580.0,99176,0.0,0.0
2023-08-01 00:00:00+09:00,8590.0,10430.0,8590.0,10400.0,1269291,0.0,0.0
2023-08-02 00:00:00+09:00,10480.0,10760.0,9870.0,10230.0,448302,0.0,0.0
2023-08-03 00:00:00+09:00,10230.0,10320.0,9260.0,9510.0,259702,0.0,0.0
2023-08-04 00:00:00+09:00,9510.0,10150.0,9480.0,9910.0,221839,0.0,0.0
2023-08-07 00:00:00+09:00,9860.0,9930.0,9310.0,9600.0,160918,0.0,0.0
2023-08-08 00:00:00+09:00,9670.0,9750.0,9080.0,9320.0,103786,0.0,0.0
2023-08-09 00:00:00+09:00,9270.0,9320.0,8900.0,9300.0,75165,0.0,0.0
2023-08-10 00:00:00+09:00,9080.0,9090.0,8650.0,8830.0,101086,0.0,0.0
2023-08-11 00:00:00+09:00,8800.0,8930.0,8610.0,8650.0,53967,0.0,0.0
2023-08-14 00:00:00+09:00,8570.0,8780.0,8420.0,8620.0,55255,0.0,0.0
2023-08-16 00:00:00+09:00,8630.0,8660.0,8010.0,8200.0,86637,0.0,0.0
2023-08-17 00:00:00+09:00,7990.0,8290.0,7850.0,8290.0,75925,0.0,0.0
2023-08-18 00:00:00+09:00,7970.0,8490.0,7930.0,8450.0,52017,0.0,0.0
2023-08-21 00:00:00+09:00,8450.0,8570.0,8150.0,8160.0,57208,0.0,0.0
2023-08-22 00:00:00+09:00,8180.0,8390.0,8020.0,8030.0,39847,0.0,0.0
2023-08-23 00:00:00+09:00,8030.0,8150.0,7850.0,8110.0,47461,0.0,0.0
2023-08-24 00:00:00+09:00,8200.0,8560.0,8200.0,8450.0,80078,0.0,0.0
2023-08-25 00:00:00+09:00,8360.0,8400.0,8050.0,8340.0,50754,0.0,0.0
2023-08-28 00:00:00+09:00,8340.0,8490.0,8200.0,8400.0,30050,0.0,0.0
2023-08-29 00:00:00+09:00,8410.0,9600.0,8410.0,9200.0,529307,0.0,0.0
2023-08-30 00:00:00+09:00,9500.0,9990.0,9400.0,9740.0,623895,0.0,0.0
2023-08-31 00:00:00+09:00,9690.0,9690.0,9290.0,9450.0,174458,0.0,0.0
2023-09-01 00:00:00+09:00,9520.0,9840.0,9340.0,9410.0,173654,0.0,0.0
2023-09-04 00:00:00+09:00,9410.0,9880.0,9350.0,9580.0,181075,0.0,0.0
2023-09-05 00:00:00+09:00,9590.0,9950.0,9520.0,9730.0,144177,0.0,0.0
2023-09-06 00:00:00+09:00,9880.0,9880.0,9500.0,9710.0,95672,0.0,0.0
2023-09-07 00:00:00+09:00,9810.0,10130.0,9340.0,9700.0,236360,0.0,0.0
2023-09-08 00:00:00+09:00,9570.0,9680.0,9050.0,9210.0,146963,0.0,0.0
2023-09-11 00:00:00+09:00,9210.0,9650.0,9120.0,9600.0,80790,0.0,0.0
2023-09-12 00:00:00+09:00,9610.0,9680.0,9150.0,9250.0,85374,0.0,0.0
2023-09-13 00:00:00+09:00,9160.0,9340.0,8980.0,9160.0,53179,0.0,0.0
2023-09-14 00:00:00+09:00,9160.0,9300.0,9010.0,9210.0,48286,0.0,0.0
2023-09-15 00:00:00+09:00,9360.0,9360.0,8870.0,9000.0,48829,0.0,0.0
2023-09-18 00:00:00+09:00,9010.0,9150.0,8610.0,8650.0,41755,0.0,0.0
2023-09-19 00:00:00+09:00,8900.0,8900.0,8420.0,8480.0,29441,0.0,0.0
2023-09-20 00:00:00+09:00,8490.0,8600.0,8310.0,8430.0,24324,0.0,0.0
2023-09-21 00:00:00+09:00,8340.0,8620.0,8010.0,8190.0,34668,0.0,0.0
2023-09-22 00:00:00+09:00,8300.0,8320.0,8000.0,8160.0,29882,0.0,0.0
2023-09-25 00:00:00+09:00,8160.0,8300.0,7830.0,7860.0,25784,0.0,0.0
2023-09-26 00:00:00+09:00,7860.0,7980.0,7700.0,7750.0,22944,0.0,0.0
2023-09-27 00:00:00+09:00,7750.0,7980.0,7650.0,7810.0,24300,0.0,0.0
2023-10-04 00:00:00+09:00,7810.0,7810.0,7320.0,7350.0,30487,0.0,0.0
2023-10-05 00:00:00+09:00,7380.0,7580.0,7150.0,7200.0,36120,0.0,0.0
2023-10-06 00:00:00+09:00,7220.0,7450.0,7210.0,7310.0,15333,0.0,0.0
2023-10-10 00:00:00+09:00,7310.0,7750.0,7020.0,7060.0,31739,0.0,0.0
2023-10-11 00:00:00+09:00,7080.0,7370.0,7080.0,7190.0,18132,0.0,0.0
2023-10-12 00:00:00+09:00,7400.0,7400.0,7210.0,7290.0,27809,0.0,0.0
2023-10-13 00:00:00+09:00,7290.0,7380.0,6990.0,7090.0,25757,0.0,0.0
2023-10-16 00:00:00+09:00,6950.0,7340.0,6800.0,6930.0,29529,0.0,0.0
2023-10-17 00:00:00+09:00,6930.0,7150.0,6930.0,6950.0,28194,0.0,0.0
2023-10-18 00:00:00+09:00,7030.0,7110.0,6670.0,6750.0,32358,0.0,0.0
2023-10-19 00:00:00+09:00,6500.0,6680.0,6300.0,6320.0,51122,0.0,0.0
2023-10-20 00:00:00+09:00,6260.0,6300.0,6000.0,6050.0,43545,0.0,0.0
2023-10-23 00:00:00+09:00,5900.0,6440.0,5900.0,6170.0,34222,0.0,0.0
2023-10-24 00:00:00+09:00,6170.0,6640.0,6070.0,6550.0,30082,0.0,0.0
2023-10-25 00:00:00+09:00,6590.0,6970.0,6300.0,6310.0,28598,0.0,0.0
2023-10-26 00:00:00+09:00,6020.0,6170.0,5750.0,5890.0,58376,0.0,0.0
2023-10-27 00:00:00+09:00,5880.0,6160.0,5790.0,5950.0,33923,0.0,0.0
2023-10-30 00:00:00+09:00,5950.0,6080.0,5840.0,6010.0,10617,0.0,0.0
2023-10-31 00:00:00+09:00,6020.0,6210.0,5790.0,5800.0,22309,0.0,0.0
2023-11-01 00:00:00+09:00,5910.0,6000.0,5800.0,5920.0,16259,0.0,0.0
2023-11-02 00:00:00+09:00,5920.0,6290.0,5920.0,6040.0,26858,0.0,0.0
2023-11-03 00:00:00+09:00,6120.0,6980.0,6100.0,6800.0,190486,0.0,0.0
2023-11-06 00:00:00+09:00,6900.0,7050.0,6690.0,6960.0,82467,0.0,0.0
2023-11-07 00:00:00+09:00,6900.0,7050.0,6650.0,6900.0,65910,0.0,0.0
2023-11-08 00:00:00+09:00,6950.0,7200.0,6890.0,6960.0,37819,0.0,0.0
2023-11-09 00:00:00+09:00,7020.0,7150.0,6820.0,6940.0,29036,0.0,0.0
2023-11-10 00:00:00+09:00,6880.0,6880.0,6680.0,6700.0,20945,0.0,0.0
2023-11-13 00:00:00+09:00,6640.0,6830.0,6450.0,6500.0,30441,0.0,0.0
2023-11-14 00:00:00+09:00,6500.0,6870.0,6500.0,6790.0,17761,0.0,0.0
2023-11-15 00:00:00+09:00,6830.0,7060.0,6820.0,7020.0,34880,0.0,0.0
2023-11-16 00:00:00+09:00,7020.0,7200.0,6860.0,7190.0,45854,0.0,0.0
2023-11-17 00:00:00+09:00,7140.0,7140.0,6770.0,6800.0,32493,0.0,0.0
2023-11-20 00:00:00+09:00,6810.0,7120.0,6810.0,7070.0,42309,0.0,0.0
2023-11-21 00:00:00+09:00,7250.0,7430.0,7070.0,7120.0,42508,0.0,0.0
2023-11-22 00:00:00+09:00,7050.0,7170.0,6830.0,7020.0,30639,0.0,0.0
2023-11-23 00:00:00+09:00,7020.0,7340.0,6850.0,7080.0,30440,0.0,0.0
2023-11-24 00:00:00+09:00,7080.0,7190.0,6980.0,7120.0,22736,0.0,0.0
2023-11-27 00:00:00+09:00,7340.0,7390.0,6910.0,7030.0,36320,0.0,0.0
2023-11-28 00:00:00+09:00,7030.0,7370.0,6930.0,7280.0,42341,0.0,0.0
2023-11-29 00:00:00+09:00,7210.0,7240.0,7020.0,7050.0,29015,0.0,0.0
2023-11-30 00:00:00+09:00,7030.0,7730.0,6970.0,7280.0,181316,0.0,0.0
2023-12-01 00:00:00+09:00,7070.0,7280.0,7070.0,7120.0,27088,0.0,0.0
2023-12-04 00:00:00+09:00,7120.0,7200.0,7010.0,7110.0,16767,0.0,0.0
2023-12-05 00:00:00+09:00,7040.0,7300.0,6780.0,6800.0,39650,0.0,0.0
2023-12-06 00:00:00+09:00,6810.0,7040.0,6720.0,6940.0,26735,0.0,0.0
2023-12-07 00:00:00+09:00,6920.0,7080.0,6820.0,6900.0,10867,0.0,0.0
2023-12-08 00:00:00+09:00,7070.0,7180.0,6910.0,7020.0,42340,0.0,0.0
2023-12-11 00:00:00+09:00,7020.0,7100.0,6930.0,7030.0,28404,0.0,0.0
2023-12-12 00:00:00+09:00,7100.0,7210.0,6880.0,7060.0,48439,0.0,0.0
2023-12-13 00:00:00+09:00,7040.0,7120.0,6800.0,6910.0,28149,0.0,0.0
2023-12-14 00:00:00+09:00,6940.0,7030.0,6800.0,6910.0,38443,0.0,0.0
2023-12-15 00:00:00+09:00,6910.0,7700.0,6700.0,6700.0,116278,0.0,0.0
2023-12-18 00:00:00+09:00,6670.0,6900.0,6540.0,6840.0,32160,0.0,0.0
2023-12-19 00:00:00+09:00,6840.0,6920.0,6680.0,6820.0,33650,0.0,0.0
2023-12-20 00:00:00+09:00,6830.0,6990.0,6800.0,6820.0,47925,0.0,0.0
2023-12-21 00:00:00+09:00,6800.0,7230.0,6750.0,7170.0,65929,0.0,0.0
2023-12-22 00:00:00+09:00,7250.0,7250.0,6970.0,7000.0,27345,0.0,0.0
2023-12-26 00:00:00+09:00,7000.0,7050.0,6830.0,6930.0,23973,0.0,0.0
2023-12-27 00:00:00+09:00,6940.0,7080.0,6900.0,6980.0,23105,0.0,0.0
2023-12-28 00:00:00+09:00,6930.0,7090.0,6930.0,7070.0,26660,0.0,0.0
2024-01-02 00:00:00+09:00,7070.0,7160.0,6900.0,7150.0,43159,0.0,0.0
2024-01-03 00:00:00+09:00,7150.0,7190.0,6700.0,7100.0,34186,0.0,0.0
2024-01-04 00:00:00+09:00,7090.0,7100.0,6860.0,6890.0,35413,0.0,0.0
2024-01-05 00:00:00+09:00,6870.0,7300.0,6870.0,7230.0,94322,0.0,0.0
2024-01-08 00:00:00+09:00,7450.0,9390.0,7350.0,9390.0,2341436,0.0,0.0
2024-01-09 00:00:00+09:00,9190.0,10400.0,8740.0,9620.0,2320891,0.0,0.0
2024-01-10 00:00:00+09:00,9810.0,9810.0,9080.0,9500.0,409337,0.0,0.0
2024-01-11 00:00:00+09:00,9360.0,9470.0,9050.0,9200.0,295590,0.0,0.0
2024-01-12 00:00:00+09:00,9210.0,9230.0,8480.0,8720.0,290747,0.0,0.0
2024-01-15 00:00:00+09:00,8720.0,9000.0,8330.0,8780.0,76394,0.0,0.0
2024-01-16 00:00:00+09:00,8670.0,8970.0,8060.0,8230.0,205514,0.0,0.0
2024-01-17 00:00:00+09:00,8300.0,8300.0,7930.0,8070.0,135381,0.0,0.0
2024-01-18 00:00:00+09:00,8070.0,9190.0,7960.0,8960.0,760042,0.0,0.0
2024-01-19 00:00:00+09:00,9160.0,9400.0,8720.0,9250.0,399454,0.0,0.0
2024-01-22 00:00:00+09:00,9550.0,10010.0,9100.0,9550.0,553335,0.0,0.0
2024-01-23 00:00:00+09:00,9650.0,9680.0,9000.0,9040.0,230341,0.0,0.0
2024-01-24 00:00:00+09:00,9040.0,9040.0,8440.0,8700.0,171250,0.0,0.0
2024-01-25 00:00:00+09:00,8730.0,8920.0,8100.0,8200.0,176180,0.0,0.0
2024-01-26 00:00:00+09:00,8250.0,9750.0,8170.0,8880.0,610688,0.0,0.0
2024-01-29 00:00:00+09:00,9040.0,9190.0,8220.0,8260.0,225471,0.0,0.0
2024-01-30 00:00:00+09:00,8400.0,8400.0,7850.0,7940.0,165311,0.0,0.0
2024-01-31 00:00:00+09:00,7940.0,8070.0,7610.0,7630.0,90143,0.0,0.0
2024-02-01 00:00:00+09:00,7560.0,7680.0,7320.0,7570.0,78055,0.0,0.0
2024-02-02 00:00:00+09:00,7570.0,7700.0,7360.0,7510.0,88626,0.0,0.0
2024-02-05 00:00:00+09:00,7510.0,7510.0,7200.0,7250.0,65064,0.0,0.0
2024-02-06 00:00:00+09:00,7250.0,7400.0,7120.0,7270.0,36677,0.0,0.0
2024-02-07 00:00:00+09:00,7240.0,7370.0,7240.0,7350.0,38975,0.0,0.0
2024-02-08 00:00:00+09:00,7350.0,7630.0,7180.0,7180.0,60537,0.0,0.0
2024-02-13 00:00:00+09:00,7180.0,7480.0,7180.0,7450.0,47232,0.0,0.0
2024-02-14 00:00:00+09:00,7230.0,7590.0,7230.0,7550.0,40192,0.0,0.0
2024-02-15 00:00:00+09:00,7620.0,7650.0,7440.0,7460.0,46230,0.0,0.0
2024-02-16 00:00:00+09:00,7570.0,7670.0,7400.0,7490.0,44548,0.0,0.0
2024-02-19 00:00:00+09:00,7490.0,7900.0,7410.0,7850.0,134575,0.0,0.0
2024-02-20 00:00:00+09:00,7940.0,8160.0,7700.0,8050.0,131490,0.0,0.0
2024-02-21 00:00:00+09:00,8050.0,8050.0,7610.0,7630.0,96561,0.0,0.0
2024-02-22 00:00:00+09:00,7670.0,7870.0,7590.0,7690.0,62379,0.0,0.0
2024-02-23 00:00:00+09:00,7900.0,7900.0,7520.0,7590.0,58446,0.0,0.0
2024-02-26 00:00:00+09:00,7600.0,7790.0,7520.0,7560.0,33235,0.0,0.0
2024-02-27 00:00:00+09:00,7500.0,7640.0,7280.0,7310.0,57360,0.0,0.0
2024-02-28 00:00:00+09:00,7280.0,7480.0,7210.0,7250.0,31695,0.0,0.0
2024-02-29 00:00:00+09:00,7380.0,7380.0,7000.0,7100.0,34447,0.0,0.0
2024-03-04 00:00:00+09:00,7250.0,7250.0,6990.0,7110.0,71620,0.0,0.0
2024-03-05 00:00:00+09:00,7170.0,7170.0,6950.0,7000.0,36266,0.0,0.0
2024-03-06 00:00:00+09:00,7010.0,7250.0,6990.0,7020.0,39085,0.0,0.0
2024-03-07 00:00:00+09:00,7020.0,7210.0,6900.0,7110.0,50439,0.0,0.0
2024-03-08 00:00:00+09:00,7140.0,7350.0,7140.0,7250.0,42621,0.0,0.0
2024-03-11 00:00:00+09:00,7250.0,7340.0,7120.0,7120.0,26214,0.0,0.0
2024-03-12 00:00:00+09:00,7120.0,7250.0,7020.0,7110.0,25088,0.0,0.0
2024-03-13 00:00:00+09:00,7100.0,7590.0,7100.0,7480.0,76777,0.0,0.0
2024-03-14 00:00:00+09:00,7480.0,7580.0,7290.0,7360.0,31232,0.0,0.0
2024-03-15 00:00:00+09:00,7330.0,7490.0,7230.0,7250.0,31769,0.0,0.0
2024-03-18 00:00:00+09:00,7250.0,7440.0,7180.0,7270.0,13959,0.0,0.0
2024-03-19 00:00:00+09:00,7270.0,7270.0,7050.0,7080.0,33789,0.0,0.0
2024-03-20 00:00:00+09:00,7150.0,7240.0,7000.0,7010.0,30736,0.0,0.0
2024-03-21 00:00:00+09:00,7010.0,7200.0,6980.0,7050.0,28993,0.0,0.0
2024-03-22 00:00:00+09:00,7190.0,7190.0,6970.0,7010.0,45356,0.0,0.0
2024-03-25 00:00:00+09:00,7080.0,7090.0,6990.0,7030.0,22555,0.0,0.0
2024-03-26 00:00:00+09:00,7030.0,7090.0,6950.0,6970.0,26374,0.0,0.0
2024-03-27 00:00:00+09:00,6950.0,7000.0,6810.0,6850.0,46065,0.0,0.0
2024-03-28 00:00:00+09:00,6850.0,6900.0,6750.0,6790.0,31996,0.0,0.0
2024-03-29 00:00:00+09:00,6900.0,6900.0,6680.0,6680.0,25548,0.0,0.0
2024-04-01 00:00:00+09:00,6680.0,6870.0,6670.0,6800.0,25918,0.0,0.0
2024-04-02 00:00:00+09:00,6990.0,6990.0,6610.0,6640.0,47732,0.0,0.0
2024-04-03 00:00:00+09:00,6640.0,6640.0,6440.0,6470.0,40199,0.0,0.0
2024-04-04 00:00:00+09:00,6470.0,6670.0,6330.0,6340.0,43197,0.0,0.0
2024-04-05 00:00:00+09:00,6470.0,6470.0,6010.0,6230.0,36080,0.0,0.0
2024-04-08 00:00:00+09:00,6230.0,6260.0,6080.0,6210.0,21648,0.0,0.0
2024-04-09 00:00:00+09:00,6150.0,6330.0,6080.0,6270.0,24043,0.0,0.0
2024-04-11 00:00:00+09:00,6190.0,6320.0,6100.0,6210.0,16050,0.0,0.0
2024-04-12 00:00:00+09:00,6210.0,6470.0,6170.0,6430.0,54887,0.0,0.0
2024-04-15 00:00:00+09:00,6430.0,6480.0,6200.0,6240.0,20270,0.0,0.0
2024-04-16 00:00:00+09:00,6220.0,6220.0,6060.0,6140.0,25485,0.0,0.0
2024-04-17 00:00:00+09:00,6140.0,6290.0,6070.0,6120.0,20753,0.0,0.0
2024-04-18 00:00:00+09:00,6060.0,6400.0,6060.0,6280.0,16076,0.0,0.0
2024-04-19 00:00:00+09:00,6280.0,6340.0,6010.0,6050.0,19146,0.0,0.0
2024-04-22 00:00:00+09:00,6050.0,6130.0,5970.0,6130.0,30030,0.0,0.0
2024-04-23 00:00:00+09:00,6130.0,6270.0,6130.0,6150.0,15056,0.0,0.0
2024-04-24 00:00:00+09:00,6170.0,6320.0,6150.0,6320.0,13070,0.0,0.0
2024-04-25 00:00:00+09:00,6320.0,6320.0,6200.0,6250.0,7710,0.0,0.0
2024-04-26 00:00:00+09:00,6250.0,6280.0,6120.0,6250.0,12673,0.0,0.0
2024-04-29 00:00:00+09:00,6400.0,6510.0,6250.0,6460.0,47790,0.0,0.0
2024-04-30 00:00:00+09:00,6590.0,6590.0,6400.0,6420.0,9959,0.0,0.0
2024-05-02 00:00:00+09:00,6420.0,6490.0,6350.0,6420.0,21832,0.0,0.0
2024-05-03 00:00:00+09:00,6670.0,6670.0,6430.0,6430.0,20747,0.0,0.0
2024-05-07 00:00:00+09:00,6480.0,6700.0,6480.0,6560.0,26545,0.0,0.0
2024-05-08 00:00:00+09:00,6600.0,6700.0,6540.0,6610.0,19452,0.0,0.0
2024-05-09 00:00:00+09:00,6650.0,6700.0,6500.0,6510.0,15847,0.0,0.0
2024-05-10 00:00:00+09:00,6510.0,6740.0,6450.0,6480.0,21478,0.0,0.0
2024-05-13 00:00:00+09:00,6400.0,6540.0,6400.0,6480.0,9161,0.0,0.0
2024-05-14 00:00:00+09:00,6540.0,6890.0,6510.0,6710.0,51332,0.0,0.0
2024-05-16 00:00:00+09:00,6900.0,6900.0,6660.0,6750.0,32816,0.0,0.0
2024-05-17 00:00:00+09:00,6750.0,6890.0,6540.0,6630.0,18999,0.0,0.0
2024-05-20 00:00:00+09:00,6630.0,6750.0,6460.0,6610.0,35111,0.0,0.0
2024-05-21 00:00:00+09:00,6650.0,6650.0,6360.0,6500.0,32395,0.0,0.0
2024-05-22 00:00:00+09:00,6600.0,6600.0,6050.0,6360.0,42228,0.0,0.0
2024-05-23 00:00:00+09:00,6300.0,6500.0,6200.0,6470.0,28217,0.0,0.0
2024-05-24 00:00:00+09:00,6470.0,6500.0,6250.0,6280.0,24912,0.0,0.0
2024-05-27 00:00:00+09:00,6280.0,6400.0,6060.0,6170.0,43906,0.0,0.0
2024-05-28 00:00:00+09:00,6170.0,6290.0,6120.0,6210.0,12615,0.0,0.0
2024-05-29 00:00:00+09:00,6210.0,6220.0,6080.0,6130.0,17448,0.0,0.0
2024-05-30 00:00:00+09:00,6050.0,6120.0,5980.0,6040.0,28608,0.0,0.0
2024-05-31 00:00:00+09:00,6040.0,6180.0,6010.0,6130.0,17354,0.0,0.0
2024-06-03 00:00:00+09:00,6100.0,6200.0,5900.0,6080.0,44727,0.0,0.0
2024-06-04 00:00:00+09:00,6080.0,6190.0,5960.0,6120.0,21071,0.0,0.0
2024-06-05 00:00:00+09:00,6060.0,6160.0,6050.0,6120.0,34484,0.0,0.0
2024-06-07 00:00:00+09:00,6180.0,6230.0,6010.0,6080.0,31569,0.0,0.0
2024-06-10 00:00:00+09:00,6080.0,6080.0,5850.0,5950.0,23795,0.0,0.0
2024-06-11 00:00:00+09:00,5990.0,5990.0,5850.0,5910.0,26204,0.0,0.0
2024-06-12 00:00:00+09:00,5830.0,6020.0,5810.0,5820.0,28998,0.0,0.0
2024-06-13 00:00:00+09:00,5910.0,6030.0,5770.0,5950.0,28332,0.0,0.0
2024-06-14 00:00:00+09:00,5950.0,6000.0,5770.0,5790.0,20875,0.0,0.0
2024-06-17 00:00:00+09:00,5870.0,6450.0,5710.0,5730.0,167199,0.0,0.0
2024-06-18 00:00:00+09:00,5880.0,5880.0,5680.0,5770.0,30536,0.0,0.0
2024-06-19 00:00:00+09:00,5760.0,5760.0,5490.0,5600.0,75288,0.0,0.0
2024-06-20 00:00:00+09:00,5500.0,6040.0,5500.0,5700.0,44426,0.0,0.0
2024-06-21 00:00:00+09:00,5710.0,5800.0,5530.0,5530.0,18759,0.0,0.0
2024-06-24 00:00:00+09:00,5530.0,5570.0,5360.0,5380.0,25902,0.0,0.0
2024-06-25 00:00:00+09:00,5470.0,5490.0,5310.0,5410.0,21023,0.0,0.0
2024-06-26 00:00:00+09:00,5410.0,5700.0,5370.0,5410.0,8692,0.0,0.0
2024-06-27 00:00:00+09:00,5330.0,5500.0,5330.0,5430.0,21460,0.0,0.0
2024-06-28 00:00:00+09:00,5340.0,5420.0,5310.0,5320.0,14165,0.0,0.0
2024-07-01 00:00:00+09:00,5320.0,5550.0,5310.0,5490.0,16969,0.0,0.0
2024-07-02 00:00:00+09:00,5490.0,5490.0,5310.0,5350.0,10040,0.0,0.0
2024-07-03 00:00:00+09:00,5350.0,5450.0,5170.0,5350.0,9107,0.0,0.0
2024-07-04 00:00:00+09:00,5200.0,5350.0,5070.0,5190.0,48843,0.0,0.0
2024-07-05 00:00:00+09:00,5150.0,5160.0,4955.0,5050.0,50045,0.0,0.0
2024-07-08 00:00:00+09:00,5050.0,5220.0,4980.0,5220.0,19221,0.0,0.0
2024-07-09 00:00:00+09:00,5220.0,5280.0,5150.0,5200.0,19960,0.0,0.0
2024-07-10 00:00:00+09:00,5200.0,5220.0,5050.0,5210.0,18153,0.0,0.0
2024-07-11 00:00:00+09:00,5280.0,5750.0,5230.0,5400.0,80269,0.0,0.0
2024-07-12 00:00:00+09:00,5580.0,5580.0,5360.0,5420.0,10297,0.0,0.0
2024-07-15 00:00:00+09:00,5420.0,5490.0,5340.0,5390.0,9354,0.0,0.0
2024-07-16 00:00:00+09:00,5320.0,5430.0,5290.0,5290.0,8923,0.0,0.0
2024-07-17 00:00:00+09:00,5310.0,5610.0,5030.0,5070.0,37663,0.0,0.0
2024-07-18 00:00:00+09:00,5070.0,5070.0,4960.0,5030.0,19710,0.0,0.0
2024-07-19 00:00:00+09:00,5030.0,5070.0,4975.0,5060.0,10952,0.0,0.0
2024-07-22 00:00:00+09:00,5060.0,5070.0,4830.0,4855.0,22916,0.0,0.0
2024-07-23 00:00:00+09:00,4810.0,5020.0,4775.0,4795.0,20967,0.0,0.0
2024-07-24 00:00:00+09:00,4750.0,4960.0,4705.0,4760.0,19418,0.0,0.0
2024-07-25 00:00:00+09:00,4660.0,4885.0,4545.0,4770.0,25841,0.0,0.0
2024-07-26 00:00:00+09:00,4770.0,4800.0,4600.0,4770.0,23643,0.0,0.0
2024-07-29 00:00:00+09:00,4725.0,4800.0,4610.0,4715.0,8561,0.0,0.0
2024-07-30 00:00:00+09:00,4715.0,4755.0,4545.0,4580.0,23900,0.0,0.0
2024-07-31 00:00:00+09:00,4540.0,4700.0,4415.0,4540.0,31471,0.0,0.0
2024-08-01 00:00:00+09:00,4540.0,5080.0,4540.0,4960.0,87046,0.0,0.0
2024-08-02 00:00:00+09:00,4930.0,4950.0,4760.0,4815.0,13173,0.0,0.0
2024-08-05 00:00:00+09:00,4780.0,4780.0,3655.0,4045.0,121318,0.0,0.0
2024-08-06 00:00:00+09:00,4000.0,4450.0,4000.0,4255.0,29773,0.0,0.0
2024-08-07 00:00:00+09:00,4215.0,4595.0,4180.0,4390.0,26510,0.0,0.0
2024-08-08 00:00:00+09:00,4220.0,4500.0,4220.0,4355.0,20438,0.0,0.0
2024-08-09 00:00:00+09:00,4355.0,5090.0,4355.0,5040.0,138524,0.0,0.0
2024-08-12 00:00:00+09:00,5040.0,5090.0,4850.0,5030.0,29321,0.0,0.0
2024-08-13 00:00:00+09:00,5110.0,5110.0,4790.0,4910.0,19438,0.0,0.0
2024-08-14 00:00:00+09:00,5100.0,5100.0,4800.0,4915.0,22865,0.0,0.0
2024-08-16 00:00:00+09:00,4915.0,4915.0,4730.0,4805.0,51766,0.0,0.0
2024-08-19 00:00:00+09:00,4760.0,4785.0,4550.0,4625.0,20445,0.0,0.0
2024-08-20 00:00:00+09:00,4610.0,4840.0,4460.0,4575.0,22519,0.0,0.0
2024-08-21 00:00:00+09:00,4575.0,4635.0,4180.0,4400.0,24050,0.0,0.0
2024-08-22 00:00:00+09:00,4400.0,4660.0,4335.0,4460.0,19055,0.0,0.0
2024-08-23 00:00:00+09:00,4305.0,4535.0,4295.0,4360.0,23431,0.0,0.0
2024-08-26 00:00:00+09:00,4360.0,4830.0,4355.0,4600.0,105299,0.0,0.0
2024-08-27 00:00:00+09:00,4605.0,4845.0,4400.0,4600.0,54824,0.0,0.0
2024-08-28 00:00:00+09:00,4600.0,5000.0,4555.0,4645.0,68572,0.0,0.0
2024-08-29 00:00:00+09:00,4615.0,4615.0,4435.0,4435.0,28046,0.0,0.0
2024-08-30 00:00:00+09:00,4435.0,4770.0,4435.0,4525.0,23766,0.0,0.0
2024-09-02 00:00:00+09:00,4525.0,4600.0,4430.0,4470.0,16067,0.0,0.0
2024-09-03 00:00:00+09:00,4440.0,4850.0,4320.0,4500.0,34701,0.0,0.0
2024-09-04 00:00:00+09:00,4490.0,4490.0,4255.0,4295.0,23066,0.0,0.0
2024-09-05 00:00:00+09:00,4450.0,4580.0,4180.0,4230.0,27255,0.0,0.0
2024-09-06 00:00:00+09:00,4230.0,4370.0,4085.0,4200.0,15108,0.0,0.0
2024-09-09 00:00:00+09:00,4155.0,4410.0,4040.0,4350.0,44151,0.0,0.0
2024-09-10 00:00:00+09:00,4350.0,4470.0,4215.0,4240.0,8646,0.0,0.0
2024-09-11 00:00:00+09:00,4240.0,4400.0,4120.0,4190.0,5039,0.0,0.0
2024-09-12 00:00:00+09:00,4200.0,4370.0,4180.0,4320.0,15364,0.0,0.0
2024-09-13 00:00:00+09:00,4320.0,4680.0,4090.0,4510.0,10410,0.0,0.0
2024-09-19 00:00:00+09:00,4510.0,4510.0,4205.0,4425.0,4237,0.0,0.0
2024-09-20 00:00:00+09:00,4425.0,4690.0,4335.0,4570.0,33874,0.0,0.0
2024-09-23 00:00:00+09:00,4570.0,4690.0,4390.0,4620.0,30785,0.0,0.0
2024-09-24 00:00:00+09:00,4700.0,4700.0,4460.0,4545.0,67712,0.0,0.0
2024-09-25 00:00:00+09:00,4545.0,4780.0,4505.0,4570.0,95413,0.0,0.0
2024-09-26 00:00:00+09:00,4560.0,4825.0,4550.0,4755.0,81839,0.0,0.0
2024-09-27 00:00:00+09:00,4845.0,4995.0,4710.0,4890.0,78545,0.0,0.0
2024-09-30 00:00:00+09:00,4900.0,4900.0,4680.0,4680.0,21060,0.0,0.0
2024-10-02 00:00:00+09:00,4565.0,4645.0,4505.0,4585.0,22117,0.0,0.0
2024-10-04 00:00:00+09:00,4580.0,4680.0,4535.0,4585.0,11907,0.0,0.0
2024-10-07 00:00:00+09:00,4585.0,4760.0,4530.0,4685.0,30301,0.0,0.0
2024-10-08 00:00:00+09:00,4840.0,4850.0,4595.0,4680.0,5896,0.0,0.0
2024-10-10 00:00:00+09:00,4680.0,4850.0,4600.0,4650.0,8984,0.0,0.0
2024-10-11 00:00:00+09:00,4650.0,4695.0,4520.0,4530.0,15567,0.0,0.0
2024-10-14 00:00:00+09:00,4530.0,4585.0,4385.0,4455.0,14544,0.0,0.0
2024-10-15 00:00:00+09:00,4455.0,4540.0,4445.0,4495.0,2517,0.0,0.0
2024-10-16 00:00:00+09:00,4510.0,4510.0,4410.0,4460.0,2548,0.0,0.0
2024-10-17 00:00:00+09:00,4400.0,4790.0,4360.0,4360.0,32861,0.0,0.0
2024-10-18 00:00:00+09:00,4350.0,4470.0,4205.0,4220.0,10267,0.0,0.0
2024-10-21 00:00:00+09:00,4220.0,4495.0,4220.0,4390.0,58539,0.0,0.0
2024-10-22 00:00:00+09:00,4280.0,4610.0,4170.0,4200.0,25682,0.0,0.0
2024-10-23 00:00:00+09:00,4200.0,4335.0,4080.0,4275.0,14882,0.0,0.0
2024-10-24 00:00:00+09:00,4125.0,4260.0,4120.0,4120.0,5566,0.0,0.0
2024-10-25 00:00:00+09:00,4120.0,4290.0,4000.0,4015.0,16228,0.0,0.0
2024-10-28 00:00:00+09:00,3920.0,4195.0,3920.0,4035.0,20792,0.0,0.0
2024-10-29 00:00:00+09:00,4245.0,4245.0,3920.0,4135.0,9692,0.0,0.0
2024-10-30 00:00:00+09:00,4135.0,4395.0,4050.0,4190.0,16507,0.0,0.0
2024-10-31 00:00:00+09:00,4175.0,4330.0,4000.0,4250.0,11218,0.0,0.0
2024-11-01 00:00:00+09:00,4235.0,4235.0,4110.0,4190.0,10282,0.0,0.0
2024-11-04 00:00:00+09:00,4190.0,4450.0,4115.0,4295.0,47886,0.0,0.0
2024-11-05 00:00:00+09:00,4285.0,4450.0,4170.0,4250.0,17742,0.0,0.0
2024-11-06 00:00:00+09:00,4180.0,4500.0,4180.0,4270.0,53059,0.0,0.0
2024-11-07 00:00:00+09:00,4400.0,4400.0,4200.0,4255.0,11752,0.0,0.0
2024-11-08 00:00:00+09:00,4345.0,4345.0,4130.0,4215.0,6281,0.0,0.0
2024-11-11 00:00:00+09:00,4215.0,4215.0,3840.0,3975.0,80205,0.0,0.0
2024-11-12 00:00:00+09:00,3975.0,4190.0,3660.0,3660.0,39027,0.0,0.0
2024-11-13 00:00:00+09:00,3900.0,3900.0,3410.0,3415.0,37785,0.0,0.0
2024-11-14 00:00:00+09:00,3415.0,3750.0,3340.0,3380.0,25293,0.0,0.0
2024-11-15 00:00:00+09:00,3430.0,3500.0,3280.0,3280.0,19474,0.0,0.0
2024-11-18 00:00:00+09:00,3250.0,3695.0,3250.0,3450.0,56148,0.0,0.0
2024-11-19 00:00:00+09:00,3450.0,3700.0,3450.0,3635.0,19069,0.0,0.0
2024-11-20 00:00:00+09:00,3850.0,3850.0,3490.0,3585.0,57609,0.0,0.0
2024-11-21 00:00:00+09:00,3585.0,3785.0,3560.0,3585.0,20219,0.0,0.0
2024-11-22 00:00:00+09:00,3700.0,3805.0,3585.0,3640.0,36894,0.0,0.0
2024-11-25 00:00:00+09:00,3740.0,3985.0,3650.0,3890.0,66858,0.0,0.0
2024-11-26 00:00:00+09:00,3890.0,4000.0,3680.0,3865.0,56347,0.0,0.0
2024-11-27 00:00:00+09:00,3990.0,4445.0,3880.0,4420.0,254460,0.0,0.0
2024-11-28 00:00:00+09:00,4400.0,4530.0,4200.0,4230.0,115306,0.0,0.0
2024-11-29 00:00:00+09:00,4230.0,4305.0,4050.0,4155.0,62280,0.0,0.0
2024-12-02 00:00:00+09:00,4080.0,4250.0,3985.0,4110.0,48863,0.0,0.0
2024-12-03 00:00:00+09:00,4155.0,4320.0,3940.0,3965.0,49391,0.0,0.0
2024-12-04 00:00:00+09:00,3890.0,4090.0,3810.0,3960.0,25449,0.0,0.0
2024-12-05 00:00:00+09:00,4000.0,4050.0,3770.0,3795.0,22160,0.0,0.0
2024-12-06 00:00:00+09:00,3795.0,3990.0,3500.0,3700.0,51894,0.0,0.0
2024-12-09 00:00:00+09:00,3520.0,3675.0,3330.0,3330.0,57490,0.0,0.0
2024-12-10 00:00:00+09:00,3350.0,3800.0,3300.0,3685.0,73683,0.0,0.0
2024-12-11 00:00:00+09:00,3565.0,4185.0,3565.0,4160.0,59166,0.0,0.0
2024-12-12 00:00:00+09:00,4160.0,4200.0,3935.0,4035.0,29793,0.0,0.0
2024-12-13 00:00:00+09:00,3950.0,4400.0,3950.0,4140.0,111103,0.0,0.0
2024-12-16 00:00:00+09:00,4300.0,4300.0,4090.0,4145.0,22448,0.0,0.0
2024-12-17 00:00:00+09:00,4150.0,4250.0,3995.0,4220.0,39393,0.0,0.0
2024-12-18 00:00:00+09:00,4180.0,4240.0,4070.0,4145.0,65498,0.0,0.0
2024-12-19 00:00:00+09:00,4100.0,4100.0,3900.0,3990.0,19588,0.0,0.0
2024-12-20 00:00:00+09:00,3990.0,4100.0,3820.0,3870.0,8933,0.0,0.0
2024-12-23 00:00:00+09:00,3870.0,4095.0,3800.0,3925.0,94481,0.0,0.0
2024-12-24 00:00:00+09:00,3925.0,4145.0,3825.0,3845.0,21075,0.0,0.0
2024-12-26 00:00:00+09:00,3825.0,4030.0,3715.0,3865.0,48271,0.0,0.0
2024-12-27 00:00:00+09:00,3865.0,4000.0,3490.0,3640.0,27165,0.0,0.0
2024-12-30 00:00:00+09:00,3510.0,3785.0,3510.0,3740.0,17839,0.0,0.0
2025-01-02 00:00:00+09:00,3740.0,4150.0,3740.0,4000.0,33063,0.0,0.0
2025-01-03 00:00:00+09:00,4000.0,4200.0,3975.0,4005.0,67855,0.0,0.0
2025-01-06 00:00:00+09:00,4090.0,4300.0,4020.0,4210.0,76762,0.0,0.0
2025-01-07 00:00:00+09:00,4210.0,4265.0,4050.0,4175.0,37684,0.0,0.0
2025-01-08 00:00:00+09:00,4170.0,4235.0,3820.0,4130.0,111452,0.0,0.0
2025-01-09 00:00:00+09:00,4130.0,4130.0,3955.0,4095.0,23090,0.0,0.0
2025-01-10 00:00:00+09:00,4020.0,4200.0,3820.0,3965.0,87019,0.0,0.0
2025-01-13 00:00:00+09:00,3975.0,4030.0,3840.0,3865.0,17217,0.0,0.0
2025-01-14 00:00:00+09:00,3830.0,3940.0,3770.0,3840.0,19964,0.0,0.0
2025-01-15 00:00:00+09:00,3840.0,4000.0,3790.0,3870.0,23337,0.0,0.0
2025-01-16 00:00:00+09:00,3875.0,4280.0,3855.0,4110.0,220898,0.0,0.0
2025-01-17 00:00:00+09:00,4035.0,4295.0,4010.0,4070.0,77048,0.0,0.0
2025-01-20 00:00:00+09:00,4050.0,4285.0,4010.0,4235.0,64550,0.0,0.0
2025-01-21 00:00:00+09:00,4260.0,4260.0,4055.0,4215.0,23953,0.0,0.0
2025-01-22 00:00:00+09:00,4260.0,4390.0,4100.0,4100.0,168459,0.0,0.0
2025-01-23 00:00:00+09:00,4090.0,4220.0,4000.0,4020.0,23929,0.0,0.0
2025-01-24 00:00:00+09:00,4020.0,4245.0,4020.0,4080.0,66662,0.0,0.0
2025-01-31 00:00:00+09:00,4085.0,4815.0,4085.0,4755.0,872379,0.0,0.0
2025-02-03 00:00:00+09:00,4780.0,6180.0,4535.0,6180.0,3428812,0.0,0.0
2025-02-04 00:00:00+09:00,6790.0,7170.0,5680.0,6020.0,3422448,0.0,0.0
2025-02-05 00:00:00+09:00,5960.0,7320.0,5930.0,6770.0,3242764,0.0,0.0
2025-02-06 00:00:00+09:00,6620.0,6840.0,6500.0,6810.0,616956,0.0,0.0
2025-02-07 00:00:00+09:00,6780.0,6780.0,6440.0,6460.0,303143,0.0,0.0
2025-02-10 00:00:00+09:00,6150.0,6300.0,6030.0,6110.0,227364,0.0,0.0
2025-02-11 00:00:00+09:00,6290.0,6300.0,5860.0,5880.0,161525,0.0,0.0
2025-02-12 00:00:00+09:00,6090.0,6090.0,5500.0,5550.0,182278,0.0,0.0
2025-02-13 00:00:00+09:00,5500.0,5780.0,5170.0,5410.0,240332,0.0,0.0
2025-02-14 00:00:00+09:00,5420.0,5570.0,5230.0,5330.0,180617,0.0,0.0
2025-02-17 00:00:00+09:00,5360.0,5470.0,5210.0,5380.0,110749,0.0,0.0
2025-02-18 00:00:00+09:00,5500.0,5520.0,5240.0,5340.0,121667,0.0,0.0
2025-02-19 00:00:00+09:00,5360.0,5540.0,5260.0,5400.0,119977,0.0,0.0
2025-02-20 00:00:00+09:00,5400.0,5550.0,4950.0,4950.0,168496,0.0,0.0
2025-02-21 00:00:00+09:00,4950.0,5120.0,4950.0,5120.0,85665,0.0,0.0
2025-02-24 00:00:00+09:00,4950.0,5080.0,4870.0,5020.0,72583,0.0,0.0
2025-02-25 00:00:00+09:00,4995.0,4995.0,4820.0,4925.0,50119,0.0,0.0
2025-02-26 00:00:00+09:00,4925.0,5020.0,4835.0,5020.0,44000,0.0,0.0
2025-02-27 00:00:00+09:00,5020.0,5060.0,4860.0,4910.0,48288,0.0,0.0
2025-02-28 00:00:00+09:00,4820.0,4850.0,4620.0,4660.0,78582,0.0,0.0
2025-03-04 00:00:00+09:00,4610.0,4780.0,4475.0,4640.0,41177,0.0,0.0
2025-03-05 00:00:00+09:00,4765.0,4765.0,4610.0,4680.0,35320,0.0,0.0
2025-03-06 00:00:00+09:00,4710.0,4725.0,4505.0,4645.0,37324,0.0,0.0
2025-03-07 00:00:00+09:00,4650.0,4650.0,4510.0,4540.0,42337,0.0,0.0
2025-03-10 00:00:00+09:00,4565.0,4625.0,4480.0,4500.0,36779,0.0,0.0
2025-03-11 00:00:00+09:00,4260.0,4700.0,4260.0,4525.0,64632,0.0,0.0
2025-03-12 00:00:00+09:00,4630.0,4720.0,4565.0,4705.0,55859,0.0,0.0
2025-03-13 00:00:00+09:00,4705.0,4745.0,4620.0,4630.0,38627,0.0,0.0
2025-03-14 00:00:00+09:00,4620.0,4810.0,4620.0,4695.0,50026,0.0,0.0
2025-03-17 00:00:00+09:00,4695.0,4750.0,4640.0,4680.0,22081,0.0,0.0
2025-03-18 00:00:00+09:00,4700.0,4800.0,4635.0,4655.0,23197,0.0,0.0
2025-03-19 00:00:00+09:00,4655.0,4735.0,4540.0,4585.0,18607,0.0,0.0
2025-03-20 00:00:00+09:00,4585.0,4645.0,4450.0,4465.0,43202,0.0,0.0
2025-03-21 00:00:00+09:00,4465.0,4600.0,4300.0,4420.0,46392,0.0,0.0
2025-03-24 00:00:00+09:00,4420.0,4550.0,4310.0,4420.0,28062,0.0,0.0
2025-03-25 00:00:00+09:00,4520.0,4520.0,4315.0,4375.0,24402,0.0,0.0
2025-03-26 00:00:00+09:00,4375.0,4510.0,4320.0,4505.0,18804,0.0,0.0
2025-03-27 00:00:00+09:00,4485.0,4580.0,4420.0,4455.0,22887,0.0,0.0
2025-03-28 00:00:00+09:00,4470.0,4470.0,4240.0,4285.0,37004,0.0,0.0
2025-03-31 00:00:00+09:00,4270.0,4270.0,4000.0,4120.0,44054,0.0,0.0
2025-04-01 00:00:00+09:00,4090.0,4265.0,4090.0,4160.0,20040,0.0,0.0
2025-04-02 00:00:00+09:00,4220.0,4235.0,4050.0,4110.0,19755,0.0,0.0
2025-04-03 00:00:00+09:00,4010.0,4195.0,4010.0,4190.0,9284,0.0,0.0
2025-04-04 00:00:00+09:00,4190.0,4380.0,4140.0,4320.0,38210,0.0,0.0
2025-04-07 00:00:00+09:00,4320.0,4320.0,4020.0,4055.0,60247,0.0,0.0
2025-04-08 00:00:00+09:00,4060.0,4345.0,4060.0,4200.0,34724,0.0,0.0
2025-04-09 00:00:00+09:00,4200.0,4455.0,4000.0,4135.0,62220,0.0,0.0
2025-04-10 00:00:00+09:00,4270.0,4425.0,4225.0,4415.0,33602,0.0,0.0
2025-04-11 00:00:00+09:00,4415.0,4650.0,4270.0,4580.0,78321,0.0,0.0
2025-04-14 00:00:00+09:00,4660.0,5160.0,4660.0,5000.0,362634,0.0,0.0
2025-04-15 00:00:00+09:00,5100.0,5100.0,4660.0,4875.0,99330,0.0,0.0
2025-04-16 00:00:00+09:00,4800.0,5110.0,4800.0,5050.0,123052,0.0,0.0
2025-04-17 00:00:00+09:00,5020.0,5050.0,4860.0,4990.0,76740,0.0,0.0
2025-04-18 00:00:00+09:00,5000.0,5000.0,4695.0,4855.0,73222,0.0,0.0
2025-04-21 00:00:00+09:00,4855.0,4995.0,4795.0,4795.0,65100,0.0,0.0
2025-04-22 00:00:00+09:00,4830.0,4840.0,4640.0,4710.0,43965,0.0,0.0
2025-04-23 00:00:00+09:00,4710.0,4777.0,4635.0,4685.0,39495,0.0,0.0
2025-04-24 00:00:00+09:00,4755.0,4820.0,4650.0,4800.0,35803,0.0,0.0
2025-04-25 00:00:00+09:00,4800.0,4865.0,4750.0,4780.0,21577,0.0,0.0
2025-04-28 00:00:00+09:00,4760.0,4880.0,4620.0,4640.0,49936,0.0,0.0
2025-04-29 00:00:00+09:00,4575.0,4690.0,4520.0,4620.0,57139,0.0,0.0
2025-04-30 00:00:00+09:00,4620.0,4700.0,4540.0,4555.0,44169,0.0,0.0
2025-05-02 00:00:00+09:00,4555.0,4555.0,4450.0,4450.0,15177,0.0,0.0
2025-05-07 00:00:00+09:00,4450.0,4550.0,4385.0,4545.0,30915,0.0,0.0
2025-05-08 00:00:00+09:00,4545.0,4745.0,4530.0,4595.0,28664,0.0,0.0
2025-05-09 00:00:00+09:00,4600.0,4845.0,4530.0,4845.0,79832,0.0,0.0
2025-05-12 00:00:00+09:00,4900.0,5230.0,4750.0,5230.0,230770,0.0,0.0
2025-05-13 00:00:00+09:00,5230.0,5390.0,5010.0,5180.0,120460,0.0,0.0
2025-05-14 00:00:00+09:00,5130.0,5340.0,5010.0,5250.0,91622,0.0,0.0
2025-05-15 00:00:00+09:00,5250.0,5360.0,5180.0,5280.0,106887,0.0,0.0
2025-05-16 00:00:00+09:00,5240.0,5290.0,4805.0,4840.0,137128,0.0,0.0
2025-05-19 00:00:00+09:00,4755.0,4775.0,4625.0,4685.0,59605,0.0,0.0
2025-05-20 00:00:00+09:00,4640.0,4790.0,4640.0,4770.0,21811,0.0,0.0
2025-05-21 00:00:00+09:00,4735.0,5000.0,4735.0,4870.0,42503,0.0,0.0
2025-05-22 00:00:00+09:00,4835.0,4895.0,4690.0,4710.0,37878,0.0,0.0
2025-05-23 00:00:00+09:00,4750.0,4750.0,4530.0,4590.0,31375,0.0,0.0
2025-05-26 00:00:00+09:00,4590.0,5520.0,4565.0,5150.0,637103,0.0,0.0
2025-05-27 00:00:00+09:00,5080.0,5350.0,5000.0,5100.0,167602,0.0,0.0
2025-05-28 00:00:00+09:00,5110.0,5110.0,4955.0,5030.0,59561,0.0,0.0
2025-05-29 00:00:00+09:00,5040.0,5110.0,4860.0,4970.0,86488,0.0,0.0
2025-05-30 00:00:00+09:00,4970.0,5160.0,4900.0,4970.0,63240,0.0,0.0
2025-06-02 00:00:00+09:00,4995.0,5220.0,4850.0,5180.0,104056,0.0,0.0
2025-06-04 00:00:00+09:00,5330.0,5650.0,5210.0,5540.0,283162,0.0,0.0
2025-06-05 00:00:00+09:00,5540.0,5670.0,5410.0,5590.0,137442,0.0,0.0
2025-06-09 00:00:00+09:00,5720.0,6070.0,5700.0,5720.0,379149,0.0,0.0
2025-06-10 00:00:00+09:00,5820.0,5820.0,5480.0,5600.0,101741,0.0,0.0
2025-06-11 00:00:00+09:00,5610.0,5930.0,5460.0,5910.0,154534,0.0,0.0
2025-06-12 00:00:00+09:00,5900.0,5900.0,5700.0,5820.0,77590,0.0,0.0
2025-06-13 00:00:00+09:00,6200.0,6200.0,5550.0,5630.0,281656,0.0,0.0
2025-06-16 00:00:00+09:00,5630.0,6140.0,5570.0,6010.0,290290,0.0,0.0
2025-06-17 00:00:00+09:00,6170.0,6450.0,5930.0,6110.0,153150,0.0,0.0
2025-06-18 00:00:00+09:00,6110.0,6790.0,5930.0,6620.0,456572,0.0,0.0
2025-06-19 00:00:00+09:00,6720.0,6890.0,6000.0,6220.0,577654,0.0,0.0
2025-06-20 00:00:00+09:00,6270.0,6350.0,5970.0,6280.0,165829,0.0,0.0
2025-06-23 00:00:00+09:00,6200.0,6270.0,5880.0,6010.0,193056,0.0,0.0
2025-06-24 00:00:00+09:00,6200.0,6230.0,5970.0,6120.0,136422,0.0,0.0
2025-06-25 00:00:00+09:00,6170.0,6180.0,5930.0,6090.0,152460,0.0,0.0
2025-06-26 00:00:00+09:00,6100.0,6220.0,5600.0,5780.0,166039,0.0,0.0
2025-06-27 00:00:00+09:00,5790.0,5850.0,5660.0,5800.0,69401,0.0,0.0
2025-06-30 00:00:00+09:00,5770.0,5810.0,5490.0,5500.0,98739,0.0,0.0
2025-07-01 00:00:00+09:00,5520.0,5700.0,5500.0,5660.0,34981,0.0,0.0
2025-07-02 00:00:00+09:00,5660.0,5660.0,5300.0,5390.0,85656,0.0,0.0
2025-07-03 00:00:00+09:00,5390.0,5600.0,5370.0,5420.0,30442,0.0,0.0
2025-07-04 00:00:00+09:00,5520.0,5520.0,5220.0,5300.0,40785,0.0,0.0
2025-07-07 00:00:00+09:00,5410.0,5570.0,5120.0,5320.0,45851,0.0,0.0
2025-07-08 00:00:00+09:00,5330.0,5440.0,5290.0,5290.0,40195,0.0,0.0
2025-07-09 00:00:00+09:00,5290.0,5390.0,5250.0,5350.0,35132,0.0,0.0
2025-07-10 00:00:00+09:00,5380.0,5500.0,5280.0,5500.0,46291,0.0,0.0
2025-07-11 00:00:00+09:00,5500.0,5650.0,5310.0,5330.0,44705,0.0,0.0
2025-07-14 00:00:00+09:00,5330.0,5380.0,5160.0,5230.0,36261,0.0,0.0
2025-07-15 00:00:00+09:00,5230.0,5300.0,5070.0,5250.0,31743,0.0,0.0
2025-07-16 00:00:00+09:00,5260.0,5370.0,5150.0,5330.0,37857,0.0,0.0
2025-07-17 00:00:00+09:00,5310.0,5410.0,5200.0,5280.0,29443,0.0,0.0
2025-07-18 00:00:00+09:00,5280.0,5280.0,5170.0,5240.0,20714,0.0,0.0
2025-07-21 00:00:00+09:00,5240.0,5350.0,5180.0,5210.0,33380,0.0,0.0
2025-07-22 00:00:00+09:00,5210.0,5220.0,5090.0,5090.0,43359,0.0,0.0
2025-07-23 00:00:00+09:00,5090.0,5140.0,4985.0,5100.0,32273,0.0,0.0
2025-07-24 00:00:00+09:00,5190.0,5190.0,4900.0,4900.0,49737,0.0,0.0
2025-07-25 00:00:00+09:00,4920.0,5000.0,4895.0,4950.0,24537,0.0,0.0
2025-07-28 00:00:00+09:00,4965.0,5110.0,4925.0,5090.0,32618,0.0,0.0
2025-07-29 00:00:00+09:00,5100.0,5140.0,5010.0,5050.0,48355,0.0,0.0
2025-07-30 00:00:00+09:00,5100.0,5240.0,5060.0,5060.0,41808,0.0,0.0
2025-07-31 00:00:00+09:00,5100.0,5190.0,4955.0,5190.0,32946,0.0,0.0
2025-08-01 00:00:00+09:00,5150.0,5150.0,4850.0,4850.0,55601,0.0,0.0
2025-08-04 00:00:00+09:00,4850.0,5070.0,4850.0,5010.0,43882,0.0,0.0
2025-08-05 00:00:00+09:00,5090.0,5100.0,4940.0,4975.0,15919,0.0,0.0
2025-08-06 00:00:00+09:00,5040.0,5040.0,4870.0,4975.0,27099,0.0,0.0
2025-08-07 00:00:00+09:00,4975.0,5140.0,4950.0,5020.0,18987,0.0,0.0
2025-08-08 00:00:00+09:00,5080.0,5080.0,4865.0,4865.0,45327,0.0,0.0
2025-08-11 00:00:00+09:00,4930.0,4970.0,4700.0,4845.0,89570,0.0,0.0
2025-08-12 00:00:00+09:00,4845.0,4940.0,4765.0,4765.0,19517,0.0,0.0
2025-08-13 00:00:00+09:00,4780.0,4945.0,4740.0,4800.0,23013,0.0,0.0
2025-08-14 00:00:00+09:00,4835.0,4895.0,4770.0,4820.0,17280,0.0,0.0
2025-08-18 00:00:00+09:00,4800.0,4820.0,4680.0,4800.0,22342,0.0,0.0
2025-08-19 00:00:00+09:00,4795.0,4800.0,4690.0,4695.0,13716,0.0,0.0
2025-08-20 00:00:00+09:00,4680.0,4680.0,4450.0,4490.0,37629,0.0,0.0
2025-08-21 00:00:00+09:00,4490.0,4580.0,4490.0,4510.0,10528,0.0,0.0
2025-08-22 00:00:00+09:00,4720.0,4720.0,4490.0,4510.0,10027,0.0,0.0
2025-08-25 00:00:00+09:00,4640.0,4640.0,4530.0,4605.0,12807,0.0,0.0
2025-08-26 00:00:00+09:00,4690.0,4690.0,4515.0,4555.0,13395,0.0,0.0
2025-08-27 00:00:00+09:00,4515.0,4620.0,4515.0,4550.0,15111,0.0,0.0
2025-08-28 00:00:00+09:00,4600.0,4600.0,4445.0,4470.0,21271,0.0,0.0
2025-08-29 00:00:00+09:00,4380.0,4680.0,4340.0,4475.0,18836,0.0,0.0
2025-09-01 00:00:00+09:00,4475.0,4580.0,4320.0,4325.0,23418,0.0,0.0
2025-09-02 00:00:00+09:00,4395.0,5050.0,4350.0,4750.0,178132,0.0,0.0
2025-09-03 00:00:00+09:00,4750.0,4820.0,4545.0,4545.0,19959,0.0,0.0
2025-09-04 00:00:00+09:00,4510.0,4705.0,4465.0,4690.0,26194,0.0,0.0
2025-09-05 00:00:00+09:00,4700.0,4910.0,4700.0,4865.0,53082,0.0,0.0
2025-09-08 00:00:00+09:00,4895.0,4895.0,4700.0,4755.0,21519,0.0,0.0
2025-09-09 00:00:00+09:00,4755.0,4805.0,4635.0,4760.0,32777,0.0,0.0
2025-09-10 00:00:00+09:00,4760.0,4780.0,4610.0,4675.0,31791,0.0,0.0
2025-09-11 00:00:00+09:00,4675.0,4780.0,4675.0,4700.0,18551,0.0,0.0
2025-09-12 00:00:00+09:00,4700.0,4850.0,4640.0,4805.0,31771,0.0,0.0
2025-09-15 00:00:00+09:00,4830.0,4930.0,4760.0,4795.0,42653,0.0,0.0
2025-09-16 00:00:00+09:00,4795.0,4860.0,4700.0,4710.0,24553,0.0,0.0
2025-09-17 00:00:00+09:00,4700.0,4705.0,4595.0,4645.0,27694,0.0,0.0
2025-09-18 00:00:00+09:00,4645.0,4830.0,4640.0,4725.0,20896,0.0,0.0
2025-09-22 00:00:00+09:00,4775.0,4790.0,4640.0,4685.0,26101,0.0,0.0
2025-09-23 00:00:00+09:00,4685.0,4790.0,4500.0,4625.0,48894,0.0,0.0
2025-09-24 00:00:00+09:00,4610.0,4620.0,4495.0,4505.0,20221,0.0,0.0
2025-09-25 00:00:00+09:00,4510.0,4630.0,4440.0,4595.0,24982,0.0,0.0
2025-09-26 00:00:00+09:00,4595.0,4700.0,4425.0,4545.0,39331,0.0,0.0
2025-09-29 00:00:00+09:00,4535.0,4785.0,4530.0,4635.0,23066,0.0,0.0
2025-09-30 00:00:00+09:00,4640.0,4730.0,4535.0,4565.0,24716,0.0,0.0
2025-10-01 00:00:00+09:00,4565.0,4620.0,4465.0,4495.0,21225,0.0,0.0
2025-10-02 00:00:00+09:00,4495.0,4570.0,4410.0,4425.0,32397,0.0,0.0
2025-10-10 00:00:00+09:00,4395.0,4400.0,4005.0,4230.0,78890,0.0,0.0
2025-10-13 00:00:00+09:00,4180.0,4290.0,4035.0,4200.0,44797,0.0,0.0
2025-10-14 00:00:00+09:00,4205.0,4285.0,4170.0,4170.0,33470,0.0,0.0
2025-10-15 00:00:00+09:00,4190.0,4260.0,4140.0,4245.0,28420,0.0,0.0
2025-10-16 00:00:00+09:00,4260.0,4300.0,4085.0,4090.0,57155,0.0,0.0
2025-10-17 00:00:00+09:00,4090.0,4245.0,3975.0,3995.0,57988,0.0,0.0
2025-10-20 00:00:00+09:00,4035.0,4050.0,3940.0,4040.0,16472,0.0,0.0
2025-10-21 00:00:00+09:00,4035.0,4180.0,3980.0,3995.0,35720,0.0,0.0
2025-10-22 00:00:00+09:00,4000.0,4030.0,3925.0,4025.0,18179,0.0,0.0
2025-10-23 00:00:00+09:00,4025.0,4025.0,3900.0,3940.0,25260,0.0,0.0
2025-10-24 00:00:00+09:00,4000.0,4000.0,3860.0,3900.0,28372,0.0,0.0
2025-10-27 00:00:00+09:00,3920.0,4030.0,3800.0,3970.0,35160,0.0,0.0
2025-10-28 00:00:00+09:00,3970.0,4040.0,3950.0,3965.0,25291,0.0,0.0
2025-10-29 00:00:00+09:00,3965.0,4140.0,3940.0,4060.0,29630,0.0,0.0
2025-10-30 00:00:00+09:00,4065.0,4065.0,3905.0,3905.0,37058,0.0,0.0
2025-10-31 00:00:00+09:00,3905.0,4015.0,3870.0,3935.0,29309,0.0,0.0
2025-11-03 00:00:00+09:00,4000.0,4130.0,4000.0,4100.0,51069,0.0,0.0
2025-11-04 00:00:00+09:00,4100.0,4100.0,3985.0,3995.0,39175,0.0,0.0
2025-11-05 00:00:00+09:00,4140.0,4140.0,3815.0,3885.0,62839,0.0,0.0
2025-11-06 00:00:00+09:00,3885.0,3995.0,3800.0,3870.0,38487,0.0,0.0
2025-11-07 00:00:00+09:00,3865.0,3895.0,3605.0,3860.0,55638,0.0,0.0
2025-11-10 00:00:00+09:00,3860.0,3975.0,3810.0,3920.0,8252,0.0,0.0
2025-11-11 00:00:00+09:00,3930.0,4005.0,3740.0,3745.0,42239,0.0,0.0
2025-11-12 00:00:00+09:00,3745.0,3855.0,3720.0,3760.0,12324,0.0,0.0
2025-11-13 00:00:00+09:00,3750.0,3835.0,3675.0,3780.0,26337,0.0,0.0
2025-11-14 00:00:00+09:00,3780.0,3845.0,3695.0,3740.0,18858,0.0,0.0
2025-11-17 00:00:00+09:00,3800.0,3805.0,3670.0,3740.0,28462,0.0,0.0
2025-11-18 00:00:00+09:00,3735.0,3800.0,3550.0,3560.0,51011,0.0,0.0
2025-11-19 00:00:00+09:00,3560.0,3630.0,3470.0,3495.0,22304,0.0,0.0
2025-11-20 00:00:00+09:00,3540.0,3660.0,3540.0,3595.0,11767,0.0,0.0
2025-11-21 00:00:00+09:00,3595.0,3595.0,3385.0,3440.0,35550,0.0,0.0
2025-11-24 00:00:00+09:00,3440.0,3525.0,3405.0,3420.0,17480,0.0,0.0
2025-11-25 00:00:00+09:00,3500.0,3630.0,3400.0,3415.0,19079,0.0,0.0
2025-11-26 00:00:00+09:00,3585.0,3585.0,3320.0,3495.0,23562,0.0,0.0
2025-11-27 00:00:00+09:00,3510.0,3520.0,3460.0,3470.0,17970,0.0,0.0
2025-11-28 00:00:00+09:00,3470.0,3670.0,3435.0,3670.0,27096,0.0,0.0
2025-12-01 00:00:00+09:00,3670.0,3755.0,3620.0,3625.0,17092,0.0,0.0
2025-12-02 00:00:00+09:00,3625.0,3660.0,3550.0,3615.0,13090,0.0,0.0
2025-12-03 00:00:00+09:00,3730.0,3730.0,3590.0,3600.0,13556,0.0,0.0
2025-12-04 00:00:00+09:00,3575.0,3640.0,3530.0,3605.0,13602,0.0,0.0
2025-12-05 00:00:00+09:00,3710.0,3710.0,3590.0,3645.0,6924,0.0,0.0
2025-12-08 00:00:00+09:00,3750.0,3750.0,3615.0,3640.0,11249,0.0,0.0
2025-12-09 00:00:00+09:00,3645.0,3645.0,3565.0,3580.0,8586,0.0,0.0
2025-12-10 00:00:00+09:00,3580.0,3600.0,3525.0,3530.0,11946,0.0,0.0
2025-12-11 00:00:00+09:00,3500.0,3635.0,3500.0,3530.0,21351,0.0,0.0
2025-12-12 00:00:00+09:00,3530.0,3640.0,3480.0,3610.0,26653,0.0,0.0
2025-12-15 00:00:00+09:00,3450.0,3545.0,3430.0,3455.0,47000,0.0,0.0
2025-12-16 00:00:00+09:00,3455.0,3550.0,3415.0,3475.0,33478,0.0,0.0
2025-12-17 00:00:00+09:00,3465.0,3510.0,3460.0,3490.0,20208,0.0,0.0
2025-12-18 00:00:00+09:00,3495.0,3645.0,3400.0,3435.0,18682,0.0,0.0
2025-12-19 00:00:00+09:00,3630.0,3630.0,3430.0,3510.0,12578,0.0,0.0
2025-12-22 00:00:00+09:00,3510.0,3600.0,3510.0,3530.0,26067,0.0,0.0
2025-12-23 00:00:00+09:00,3555.0,3555.0,3415.0,3430.0,33013,0.0,0.0
2025-12-24 00:00:00+09:00,3430.0,3440.0,3315.0,3330.0,44877,0.0,0.0
2025-12-26 00:00:00+09:00,3330.0,3495.0,3265.0,3300.0,60178,0.0,0.0
2025-12-29 00:00:00+09:00,3300.0,3385.0,3265.0,3380.0,23253,0.0,0.0
2025-12-30 00:00:00+09:00,3390.0,3450.0,3340.0,3360.0,30967,0.0,0.0
2026-01-02 00:00:00+09:00,3360.0,3530.0,3360.0,3530.0,28333,0.0,0.0
2026-01-05 00:00:00+09:00,3600.0,3600.0,3450.0,3460.0,25637,0.0,0.0
2026-01-06 00:00:00+09:00,3460.0,3515.0,3445.0,3475.0,19664,0.0,0.0
2026-01-07 00:00:00+09:00,3500.0,3500.0,3330.0,3360.0,25614,0.0,0.0
2026-01-08 00:00:00+09:00,3355.0,3400.0,3270.0,3275.0,20665,0.0,0.0
2026-01-09 00:00:00+09:00,3250.0,3380.0,3205.0,3280.0,18614,0.0,0.0
2026-01-12 00:00:00+09:00,3375.0,3375.0,3230.0,3235.0,29839,0.0,0.0
2026-01-13 00:00:00+09:00,3270.0,3300.0,3175.0,3185.0,33706,0.0,0.0
2026-01-14 00:00:00+09:00,3220.0,3270.0,3120.0,3180.0,47286,0.0,0.0
2026-01-15 00:00:00+09:00,3190.0,3430.0,2975.0,3160.0,93203,0.0,0.0
2026-01-16 00:00:00+09:00,3170.0,3255.0,3060.0,3105.0,43991,0.0,0.0
2026-01-19 00:00:00+09:00,3105.0,3135.0,3030.0,3030.0,54336,0.0,0.0
2026-01-20 00:00:00+09:00,3040.0,3155.0,3030.0,3135.0,50679,0.0,0.0
2026-01-21 00:00:00+09:00,3135.0,3145.0,3000.0,3035.0,37660,0.0,0.0
2026-01-22 00:00:00+09:00,3035.0,3095.0,3000.0,3025.0,45698,0.0,0.0
2026-01-23 00:00:00+09:00,3030.0,3250.0,3030.0,3155.0,81245,0.0,0.0
2026-01-26 00:00:00+09:00,3200.0,3750.0,3200.0,3750.0,305713,0.0,0.0
2026-01-27 00:00:00+09:00,3755.0,3755.0,3450.0,3500.0,131031,0.0,0.0
2026-01-28 00:00:00+09:00,3500.0,3500.0,3405.0,3420.0,58860,0.0,0.0
2026-01-29 00:00:00+09:00,3420.0,3500.0,3360.0,3480.0,58996,0.0,0.0
2026-01-30 00:00:00+09:00,3480.0,3535.0,3265.0,3300.0,101801,0.0,0.0
2026-02-02 00:00:00+09:00,3300.0,3300.0,3020.0,3070.0,76994,0.0,0.0
2026-02-03 00:00:00+09:00,3090.0,3230.0,3090.0,3170.0,38676,0.0,0.0
2026-02-04 00:00:00+09:00,3300.0,3300.0,3140.0,3185.0,13539,0.0,0.0
2026-02-05 00:00:00+09:00,3185.0,3185.0,3060.0,3065.0,38299,0.0,0.0
2026-02-06 00:00:00+09:00,3060.0,3110.0,2905.0,3005.0,63752,0.0,0.0
2026-02-09 00:00:00+09:00,3020.0,3160.0,3015.0,3060.0,31614,0.0,0.0
2026-02-10 00:00:00+09:00,3095.0,3175.0,3030.0,3060.0,31543,0.0,0.0
2026-02-11 00:00:00+09:00,3060.0,3125.0,3000.0,3025.0,43487,0.0,0.0
2026-02-12 00:00:00+09:00,3050.0,3050.0,2930.0,2965.0,64291,0.0,0.0
2026-02-13 00:00:00+09:00,2965.0,2975.0,2830.0,2835.0,69622,0.0,0.0
2026-02-19 00:00:00+09:00,2850.0,3000.0,2740.0,2795.0,113592,0.0,0.0
2026-02-20 00:00:00+09:00,2795.0,2865.0,2700.0,2765.0,76953,0.0,0.0
2026-02-23 00:00:00+09:00,2740.0,2760.0,2600.0,2695.0,89121,0.0,0.0
2026-02-24 00:00:00+09:00,2695.0,2720.0,2600.0,2720.0,69922,0.0,0.0
2026-02-25 00:00:00+09:00,2720.0,2850.0,2720.0,2725.0,44118,0.0,0.0
2026-02-26 00:00:00+09:00,2725.0,2745.0,2600.0,2610.0,75055,0.0,0.0
2026-02-27 00:00:00+09:00,2630.0,2660.0,2560.0,2585.0,35483,0.0,0.0
2026-03-03 00:00:00+09:00,2585.0,2585.0,2310.0,2495.0,142048,0.0,0.0
2026-03-04 00:00:00+09:00,2490.0,2490.0,2100.0,2100.0,102444,0.0,0.0
2026-03-05 00:00:00+09:00,2115.0,2395.0,2115.0,2335.0,64799,0.0,0.0
2026-03-06 00:00:00+09:00,2335.0,2415.0,2315.0,2400.0,35996,0.0,0.0
2026-03-09 00:00:00+09:00,2380.0,2390.0,2145.0,2270.0,37723,0.0,0.0
2026-03-10 00:00:00+09:00,2270.0,2390.0,2265.0,2355.0,29477,0.0,0.0
2026-03-11 00:00:00+09:00,2360.0,2430.0,2315.0,2395.0,23702,0.0,0.0
2026-03-12 00:00:00+09:00,2375.0,2470.0,2345.0,2405.0,26042,0.0,0.0
2026-03-13 00:00:00+09:00,2430.0,2495.0,2370.0,2485.0,43753,0.0,0.0
2026-03-16 00:00:00+09:00,2570.0,2770.0,2510.0,2655.0,98873,0.0,0.0
2026-03-17 00:00:00+09:00,2650.0,2700.0,2545.0,2550.0,42176,0.0,0.0
2026-03-18 00:00:00+09:00,2570.0,2670.0,2455.0,2480.0,35754,0.0,0.0
2026-03-19 00:00:00+09:00,2470.0,2500.0,2370.0,2500.0,25521,0.0,0.0
2026-03-20 00:00:00+09:00,2450.0,2630.0,2445.0,2630.0,27073,0.0,0.0
2026-03-23 00:00:00+09:00,2630.0,2690.0,2520.0,2690.0,34490,0.0,0.0
2026-03-24 00:00:00+09:00,2700.0,2700.0,2480.0,2510.0,50868,0.0,0.0
2026-03-25 00:00:00+09:00,2510.0,2640.0,2510.0,2640.0,21759,0.0,0.0
2026-03-26 00:00:00+09:00,2640.0,2700.0,2540.0,2540.0,38613,0.0,0.0
2026-03-27 00:00:00+09:00,2540.0,2580.0,2495.0,2545.0,33841,0.0,0.0
2026-03-30 00:00:00+09:00,2545.0,2665.0,2495.0,2620.0,32310,0.0,0.0
2026-03-31 00:00:00+09:00,2620.0,2620.0,2410.0,2470.0,18662,0.0,0.0
2026-04-01 00:00:00+09:00,2480.0,2575.0,2480.0,2550.0,13923,0.0,0.0
2026-04-02 00:00:00+09:00,2570.0,2640.0,2385.0,2390.0,22795,0.0,0.0
2026-04-03 00:00:00+09:00,2400.0,2540.0,2385.0,2515.0,14656,0.0,0.0
2026-04-06 00:00:00+09:00,2550.0,2555.0,2390.0,2405.0,20058,0.0,0.0
2026-04-07 00:00:00+09:00,2405.0,2455.0,2370.0,2395.0,6046,0.0,0.0
2026-04-08 00:00:00+09:00,2435.0,2535.0,2410.0,2500.0,21699,0.0,0.0
2026-04-09 00:00:00+09:00,2500.0,2500.0,2430.0,2495.0,7327,0.0,0.0
2026-04-10 00:00:00+09:00,2495.0,2530.0,2430.0,2485.0,7411,0.0,0.0
2026-04-13 00:00:00+09:00,2465.0,2555.0,2445.0,2545.0,12213,0.0,0.0
2026-04-14 00:00:00+09:00,2595.0,2630.0,2550.0,2565.0,19845,0.0,0.0
2026-04-15 00:00:00+09:00,2575.0,2660.0,2545.0,2650.0,37359,0.0,0.0
2026-04-16 00:00:00+09:00,2665.0,2825.0,2660.0,2810.0,74531,0.0,0.0
2026-04-17 00:00:00+09:00,2800.0,2840.0,2715.0,2735.0,56407,0.0,0.0
2026-04-20 00:00:00+09:00,2740.0,2800.0,2700.0,2700.0,60432,0.0,0.0
2026-04-21 00:00:00+09:00,2700.0,2750.0,2670.0,2700.0,38949,0.0,0.0
2026-04-22 00:00:00+09:00,2700.0,2735.0,2640.0,2665.0,31521,0.0,0.0
2026-04-23 00:00:00+09:00,2665.0,2725.0,2525.0,2530.0,52719,0.0,0.0
2026-04-24 00:00:00+09:00,2530.0,2600.0,2505.0,2595.0,28785,0.0,0.0
2026-04-27 00:00:00+09:00,2625.0,2955.0,2525.0,2590.0,94826,0.0,0.0
2026-04-28 00:00:00+09:00,2595.0,2750.0,2590.0,2640.0,96858,0.0,0.0
2026-04-29 00:00:00+09:00,2700.0,2705.0,2610.0,2690.0,36152,0.0,0.0
2026-04-30 00:00:00+09:00,2715.0,2820.0,2655.0,2770.0,43446,0.0,0.0
2026-05-04 00:00:00+09:00,2770.0,2805.0,2670.0,2710.0,47205,0.0,0.0
2026-05-06 00:00:00+09:00,2690.0,2700.0,2575.0,2645.0,29961,0.0,0.0
2026-05-07 00:00:00+09:00,2660.0,2660.0,2500.0,2500.0,53340,0.0,0.0
2026-05-08 00:00:00+09:00,2500.0,2605.0,2500.0,2545.0,29457,0.0,0.0
2026-05-11 00:00:00+09:00,2545.0,2560.0,2355.0,2355.0,91404,0.0,0.0
2026-05-12 00:00:00+09:00,2370.0,2420.0,2230.0,2230.0,70243,0.0,0.0
2026-05-13 00:00:00+09:00,2230.0,2275.0,2180.0,2215.0,41226,0.0,0.0
2026-05-14 00:00:00+09:00,2215.0,2215.0,2075.0,2125.0,118801,0.0,0.0
2026-05-15 00:00:00+09:00,2125.0,2205.0,2060.0,2060.0,57247,0.0,0.0
2026-05-18 00:00:00+09:00,2100.0,2105.0,1997.0,2015.0,40307,0.0,0.0
2026-05-19 00:00:00+09:00,2015.0,2100.0,1975.0,2075.0,60975,0.0,0.0
2026-05-20 00:00:00+09:00,2075.0,2075.0,1927.0,1930.0,53258,0.0,0.0
2026-05-21 00:00:00+09:00,1932.0,2030.0,1931.0,1984.0,43998,0.0,0.0
2026-05-22 00:00:00+09:00,1985.0,2080.0,1980.0,2020.0,22948,0.0,0.0
2026-05-26 00:00:00+09:00,2070.0,2275.0,2010.0,2035.0,103576,0.0,0.0
2026-05-27 00:00:00+09:00,2035.0,2040.0,1910.0,1935.0,64762,0.0,0.0
2026-05-28 00:00:00+09:00,1935.0,1935.0,1799.0,1873.0,86957,0.0,0.0
2026-05-29 00:00:00+09:00,1882.0,2000.0,1826.0,1878.0,59872,0.0,0.0
2026-06-01 00:00:00+09:00,1920.0,1929.0,1802.0,1837.0,43231,0.0,0.0
2026-06-02 00:00:00+09:00,1837.0,1837.0,1655.0,1682.0,115423,0.0,0.0
2026-06-04 00:00:00+09:00,1685.0,1790.0,1685.0,1788.0,42814,0.0,0.0
2026-06-05 00:00:00+09:00,1789.0,1789.0,1686.0,1729.0,34969,0.0,0.0
2026-06-08 00:00:00+09:00,1705.0,1705.0,1600.0,1600.0,32700,0.0,0.0
2026-06-09 00:00:00+09:00,1600.0,1750.0,1600.0,1709.0,26663,0.0,0.0
2026-06-10 00:00:00+09:00,1709.0,1709.0,1569.0,1597.0,24397,0.0,0.0
2026-06-11 00:00:00+09:00,1597.0,1698.0,1501.0,1695.0,21471,0.0,0.0
2026-06-12 00:00:00+09:00,1702.0,1723.0,1641.0,1682.0,12711,0.0,0.0
2026-06-15 00:00:00+09:00,1682.0,1730.0,1666.0,1710.0,18419,0.0,0.0
2026-06-16 00:00:00+09:00,1710.0,1788.0,1710.0,1740.0,22816,0.0,0.0
2026-06-17 00:00:00+09:00,1770.0,1847.0,1710.0,1812.0,24645,0.0,0.0
2026-06-18 00:00:00+09:00,1812.0,1835.0,1705.0,1725.0,28174,0.0,0.0
2026-06-19 00:00:00+09:00,1725.0,1729.0,1573.0,1656.0,24720,0.0,0.0
2026-06-22 00:00:00+09:00,1656.0,1658.0,1525.0,1525.0,23436,0.0,0.0
2026-06-23 00:00:00+09:00,1525.0,1597.0,1265.0,1312.0,68450,0.0,0.0
2026-06-24 00:00:00+09:00,1316.0,1375.0,1215.0,1270.0,54163,0.0,0.0
2026-06-25 00:00:00+09:00,1265.0,1265.0,1005.0,1026.0,206315,0.0,0.0
2026-06-26 00:00:00+09:00,1025.0,1025.0,930.0,940.0,98075,0.0,0.0
2026-06-29 00:00:00+09:00,901.0,1006.0,901.0,1000.0,69122,0.0,0.0
2026-06-30 00:00:00+09:00,1000.0,1300.0,989.0,1300.0,170822,0.0,0.0
2026-07-01 00:00:00+09:00,1600.0,1690.0,1561.0,1690.0,116037,0.0,0.0
2026-07-02 00:00:00+09:00,1974.0,1979.0,1390.0,1500.0,692805,0.0,0.0
2026-07-03 00:00:00+09:00,1513.0,1950.0,1429.0,1458.0,1513564,0.0,0.0
2026-07-06 00:00:00+09:00,1401.0,1427.0,1300.0,1364.0,151798,0.0,0.0
2026-07-07 00:00:00+09:00,1364.0,1700.0,1360.0,1500.0,276808,0.0,0.0
2026-07-08 00:00:00+09:00,1504.0,1610.0,1373.0,1384.0,93805,0.0,0.0
2026-07-09 00:00:00+09:00,1340.0,1450.0,1315.0,1326.0,47071,0.0,0.0
2026-07-10 00:00:00+09:00,1326.0,1405.0,1296.0,1335.0,36435,0.0,0.0
2026-07-13 00:00:00+09:00,1335.0,1337.0,1242.0,1244.0,37720,0.0,0.0
2026-07-14 00:00:00+09:00,1244.0,1244.0,1162.0,1244.0,51942,0.0,0.0
2026-07-15 00:00:00+09:00,1244.0,1308.0,1190.0,1304.0,59059,0.0,0.0
2026-07-16 00:00:00+09:00,1285.0,1382.0,1285.0,1306.0,33025,0.0,0.0
2026-07-20 00:00:00+09:00,1305.0,1462.0,1305.0,1375.0,79871,0.0,0.0
2026-07-21 00:00:00+09:00,1375.0,1460.0,1334.0,1375.0,42386,0.0,0.0
2026-07-22 00:00:00+09:00,1375.0,1460.0,1375.0,1460.0,26067,0.0,0.0
2026-07-23 00:00:00+09:00,1500.0,1645.0,1425.0,1598.0,87892,0.0,0.0
2026-07-24 00:00:00+09:00,1615.0,1649.0,1455.0,1520.0,37727,0.0,0.0
2026-07-27 00:00:00+09:00,1520.0,1713.0,1520.0,1589.0,80064,0.0,0.0
2026-07-28 00:00:00+09:00,1589.0,1859.0,1538.0,1656.0,120597,0.0,0.0
2026-07-29 00:00:00+09:00,1656.0,1760.0,1410.0,1527.0,99646,0.0,0.0
2026-07-30 00:00:00+09:00,1527.0,1575.0,1462.0,1513.0,36124,0.0,0.0
2026-07-31 00:00:00+09:00,1502.0,1937.0,1501.0,1821.0,172440,0.0,0.0
2026-08-03 00:00:00+09:00,1822.0,2360.0,1822.0,2075.0,491958,0.0,0.0
2026-08-04 00:00:00+09:00,2150.0,2690.0,2100.0,2470.0,540601,0.0,0.0
2026-08-05 00:00:00+09:00,2585.0,2695.0,2290.0,2510.0,212026,0.0,0.0
2026-08-06 00:00:00+09:00,2510.0,2585.0,1984.0,2150.0,183928,0.0,0.0
2026-08-07 00:00:00+09:00,2105.0,2180.0,2025.0,2040.0,61113,0.0,0.0
2026-08-10 00:00:00+09:00,2040.0,2120.0,2025.0,2040.0,43170,0.0,0.0
2026-08-11 00:00:00+09:00,2040.0,2290.0,1999.0,2270.0,65868,0.0,0.0
2026-08-12 00:00:00+09:00,2235.0,2235.0,2050.0,2105.0,54317,0.0,0.0
2026-08-13 00:00:00+09:00,2105.0,2190.0,2040.0,2090.0,27122,0.0,0.0
2026-08-14 00:00:00+09:00,2185.0,2185.0,1997.0,2150.0,47491,0.0,0.0
2026-08-18 00:00:00+09:00,2135.0,2135.0,1999.0,2040.0,34106,0.0,0.0
2026-08-19 00:00:00+09:00,2080.0,2080.0,1939.0,2035.0,24158,0.0,0.0
2026-08-20 00:00:00+09:00,2035.0,2085.0,2010.0,2010.0,11379,0.0,0.0
2026-08-21 00:00:00+09:00,2190.0,2195.0,1921.0,1997.0,30803,0.0,0.0
2026-08-24 00:00:00+09:00,2180.0,2180.0,1946.0,1955.0,25394,0.0,0.0
2026-08-25 00:00:00+09:00,1999.0,2000.0,1813.0,1824.0,31364,0.0,0.0
2026-08-26 00:00:00+09:00,1824.0,1906.0,1761.0,1853.0,30092,0.0,0.0
2026-08-27 00:00:00+09:00,1853.0,1898.0,1804.0,1830.0,18713,0.0,0.0
2026-08-28 00:00:00+09:00,1810.0,1999.0,1780.0,1790.0,17564,0.0,0.0
