Date,Open,High,Low,Close,Volume,Dividends,Stock Splits
2020-08-24 00:00:00+09:00,5529.6058125,5969.4608203125,4985.023421875,5236.369140625,18502892,0.0,0.0
2020-08-25 00:00:00+09:00,5341.0960213082735,5424.877919681737,4943.1320040343235,5110.69580078125,3553948,0.0,0.0
2020-08-26 00:00:00+09:00,5110.695963541666,5194.477864583333,4922.186686197916,5026.9140625,2837412,0.0,0.0
2020-08-27 00:00:00+09:00,5005.968587239583,5005.968587239583,4587.05908203125,4649.8955078125,1436468,0.0,0.0
2020-08-28 00:00:00+09:00,4712.73193359375,4754.622884114583,4566.113606770833,4649.8955078125,1038466,0.0,0.0
2020-08-31 00:00:00+09:00,4608.005047802511,4838.405300192637,4545.168615332477,4587.0595703125,1584596,0.0,0.0
2020-09-01 00:00:00+09:00,4628.95068359375,4691.78711821267,4566.114248974831,4628.95068359375,409702,0.0,0.0
2020-09-02 00:00:00+09:00,4691.786458333333,4712.73193359375,4566.113606770833,4649.8955078125,464100,0.0,0.0
2020-09-03 00:00:00+09:00,4670.841631208147,4754.623543875558,4649.896153041295,4691.787109375,741024,0.0,0.0
2020-09-04 00:00:00+09:00,4503.276694968895,4566.113113968461,4440.4402759693285,4524.22216796875,440374,0.0,0.0
2020-09-07 00:00:00+09:00,4545.168628961268,4587.059584066901,4461.38671875,4461.38671875,354090,0.0,0.0
2020-09-08 00:00:00+09:00,4482.332203311012,4503.277680896577,4356.659337797619,4398.55029296875,477366,0.0,0.0
2020-09-09 00:00:00+09:00,4293.822749211238,4398.550133338341,4293.822749211238,4356.6591796875,263928,0.0,0.0
2020-09-10 00:00:00+09:00,4440.441086989183,4440.441086989183,4314.768226036658,4356.6591796875,287052,0.0,0.0
2020-09-11 00:00:00+09:00,4356.658055719339,4440.43994140625,4314.767112875884,4440.43994140625,207922,0.0,0.0
2020-09-14 00:00:00+09:00,4419.495763644366,4524.223151408451,4398.550286091549,4461.38671875,251172,0.0,0.0
2020-09-15 00:00:00+09:00,4503.276355671433,4503.276355671433,4377.603527141067,4440.43994140625,112818,0.0,0.0
2020-09-16 00:00:00+09:00,4440.44059167654,4482.331540654621,4377.604168209419,4419.4951171875,216898,0.0,0.0
2020-09-17 00:00:00+09:00,4545.168636067708,4545.168636067708,4377.604815383184,4398.55029296875,233186,0.0,0.0
2020-09-18 00:00:00+09:00,4440.441770067402,4440.441770067402,4272.8779296875,4272.8779296875,233514,0.0,0.0
2020-09-21 00:00:00+09:00,4272.876610824743,4272.876610824743,4059.2327802835052,4063.421875,321976,0.0,0.0
2020-09-22 00:00:00+09:00,4038.287596062296,4038.287596062296,3774.3746100125813,3849.7783203125,343672,0.0,0.0
2020-09-23 00:00:00+09:00,3929.3716513356853,3937.749842489919,3803.6987840221773,3895.85888671875,150182,0.0,0.0
2020-09-24 00:00:00+09:00,3782.752814576065,3812.076479805337,3510.4616374471125,3527.218017578125,351942,0.0,0.0
2020-09-25 00:00:00+09:00,3539.78556460426,3573.298327346075,3476.9491344633557,3518.840087890625,102282,0.0,0.0
2020-09-28 00:00:00+09:00,3548.1637509708517,3611.0001810352705,3543.9746556332234,3581.676513671875,78478,0.0,0.0
2020-09-29 00:00:00+09:00,3636.134940648188,3678.0258961856093,3602.622176218251,3669.647705078125,138446,0.0,0.0
2020-10-05 00:00:00+09:00,3791.1317099742846,3816.2662848470422,3661.2697397983698,3678.026123046875,202730,0.0,0.0
2020-10-06 00:00:00+09:00,3690.59288720371,3719.9165537308672,3652.891030240221,3694.781982421875,58168,0.0,0.0
2020-10-07 00:00:00+09:00,3698.9709965391603,3698.9709965391603,3631.945474518066,3673.83642578125,58016,0.0,0.0
2020-10-08 00:00:00+09:00,3686.4039845509574,3778.5640841647314,3678.025793676978,3719.916748046875,104480,0.0,0.0
2020-10-12 00:00:00+09:00,3770.1858588932873,3770.1858588932873,3703.160332512962,3736.673095703125,50308,0.0,0.0
2020-10-13 00:00:00+09:00,3757.618618201998,3841.400527192009,3736.673140954495,3774.375,101004,0.0,0.0
2020-10-14 00:00:00+09:00,3778.5635399189036,3828.8326779222593,3715.727117414709,3745.05078125,66626,0.0,0.0
2020-10-15 00:00:00+09:00,3736.6729201129174,3791.1311577378815,3585.8654928437863,3640.32373046875,73660,0.0,0.0
2020-10-16 00:00:00+09:00,3644.512913419172,3686.4038664469786,3527.218244941314,3535.596435546875,66564,0.0,0.0
2020-10-19 00:00:00+09:00,3560.7310755971516,3594.243838661595,3497.8946448513193,3502.083740234375,45422,0.0,0.0
2020-10-20 00:00:00+09:00,3510.461686871955,3510.461686871955,3401.545214486906,3439.2470703125,69078,0.0,0.0
2020-10-21 00:00:00+09:00,3439.24694022297,3485.3269844890515,3414.1123706232893,3443.43603515625,33762,0.0,0.0
2020-10-22 00:00:00+09:00,3472.7598809552337,3472.7598809552337,3380.599787612634,3414.112548828125,109876,0.0,0.0
2020-10-23 00:00:00+09:00,3476.9489593692624,3476.9489593692624,3380.599771338548,3422.49072265625,54136,0.0,0.0
2020-10-26 00:00:00+09:00,3422.4907422497017,3422.4907422497017,3250.7378408638538,3288.439697265625,108218,0.0,0.0
2020-10-27 00:00:00+09:00,3208.846842028431,3305.1960291911646,3196.2795567463354,3250.73779296875,44916,0.0,0.0
2020-10-28 00:00:00+09:00,3305.195963334064,3309.385058344627,3208.846778091119,3284.25048828125,72696,0.0,0.0
2020-10-29 00:00:00+09:00,3271.6831536668346,3288.4395334551414,3204.657634513609,3246.548583984375,34688,0.0,0.0
2020-10-30 00:00:00+09:00,3292.6289100498543,3292.6289100498543,3225.6033851633433,3229.79248046875,40404,0.0,0.0
2020-11-02 00:00:00+09:00,3229.7921882541023,3301.0068020028957,3221.413998401303,3254.9267578125,35842,0.0,0.0
2020-11-03 00:00:00+09:00,3263.3051427302844,3305.196094498324,3246.5487620230683,3280.0615234375,42438,0.0,0.0
2020-11-04 00:00:00+09:00,3292.6288193524892,3564.920006703522,3288.4397241624733,3460.192626953125,341618,0.0,0.0
2020-11-05 00:00:00+09:00,3464.381843731897,4482.332010632564,3351.276269631823,4067.611572265625,8196688,0.0,0.0
2020-11-06 00:00:00+09:00,4063.4228869451995,4067.611982704937,3757.618896484375,3757.618896484375,1247796,0.0,0.0
2020-11-09 00:00:00+09:00,3820.454655195865,3853.967415329162,3736.6727548626222,3849.7783203125,517490,0.0,0.0
2020-11-10 00:00:00+09:00,3849.7790513440523,3849.7790513440523,3678.026123046875,3678.026123046875,344750,0.0,0.0
2020-11-11 00:00:00+09:00,3644.512943736294,3673.8366110996894,3543.9746556332234,3581.676513671875,262082,0.0,0.0
2020-11-12 00:00:00+09:00,3581.6764304100434,3661.269239974711,3581.6764304100434,3623.5673828125,125062,0.0,0.0
2020-11-13 00:00:00+09:00,3623.5676341337316,3640.324016256893,3497.8947682100184,3560.731201171875,114922,0.0,0.0
2020-11-16 00:00:00+09:00,3602.6217447916665,3665.4581705729165,3573.298079427083,3644.5126953125,138330,0.0,0.0
2020-11-17 00:00:00+09:00,3615.189356604288,3669.6475972020353,3564.920211437137,3602.6220703125,106764,0.0,0.0
2020-11-18 00:00:00+09:00,3577.487126048018,3623.5671709971143,3573.298031052646,3606.810791015625,57036,0.0,0.0
2020-11-19 00:00:00+09:00,3602.6219903600145,3623.567467048154,3560.731036983735,3581.676513671875,52396,0.0,0.0
2020-11-20 00:00:00+09:00,3615.1892763728983,3615.1892763728983,3560.731036983735,3581.676513671875,80686,0.0,0.0
2020-11-23 00:00:00+09:00,3581.6764469080426,3627.756494763,3539.785494312627,3615.189208984375,90864,0.0,0.0
2020-11-24 00:00:00+09:00,3615.1889310308466,3640.3235006556265,3552.3525069688967,3569.10888671875,106632,0.0,0.0
2020-11-25 00:00:00+09:00,3573.2981120556697,3652.890918772033,3560.730826784665,3564.919921875,120576,0.0,0.0
2020-11-26 00:00:00+09:00,3560.7310202742124,3640.3238313156357,3560.7310202742124,3590.0546875,99308,0.0,0.0
2020-11-27 00:00:00+09:00,3590.0544924170094,3598.432682597679,3518.839875881316,3564.919921875,57904,0.0,0.0
2020-11-30 00:00:00+09:00,3564.919987905916,3619.3782250889676,3531.4072265625,3531.4072265625,67452,0.0,0.0
2020-12-01 00:00:00+09:00,3518.839795268174,3594.2435051667776,3518.839795268174,3543.974365234375,35750,0.0,0.0
2020-12-02 00:00:00+09:00,3560.730860783504,3564.9199559138374,3485.3271484375,3485.3271484375,89410,0.0,0.0
2020-12-03 00:00:00+09:00,3485.3272484756094,3506.272724728468,3393.1671529630335,3435.05810546875,67826,0.0,0.0
2020-12-04 00:00:00+09:00,3468.570935479526,3468.570935479526,3380.5999334927264,3401.54541015625,68372,0.0,0.0
2020-12-07 00:00:00+09:00,3393.167041380014,3435.057992508162,3359.654280477495,3368.032470703125,42404,0.0,0.0
2020-12-08 00:00:00+09:00,3380.599526878604,3405.7340958516793,3359.654052734375,3359.654052734375,45932,0.0,0.0
2020-12-09 00:00:00+09:00,3384.7888511543842,3384.7888511543842,3351.2760902518653,3368.032470703125,38932,0.0,0.0
2020-12-10 00:00:00+09:00,3368.032502156825,3414.112548828125,3359.654311852952,3414.112548828125,38140,0.0,0.0
2020-12-11 00:00:00+09:00,3414.1126920061215,3472.7600265927294,3405.7345013508916,3464.3818359375,37914,0.0,0.0
2020-12-14 00:00:00+09:00,3439.2470867077805,3497.894418271616,3414.112516037565,3430.868896484375,38204,0.0,0.0
2020-12-15 00:00:00+09:00,3451.8143555876977,3464.381640862896,3414.112499762104,3439.2470703125,28478,0.0,0.0
2020-12-16 00:00:00+09:00,3443.4361169230624,3527.218017578125,3418.3015467265436,3527.218017578125,269026,0.0,0.0
2020-12-17 00:00:00+09:00,3527.2179338218525,3581.676167954494,3443.43603515625,3443.43603515625,139062,0.0,0.0
2020-12-18 00:00:00+09:00,3443.4363127244424,3489.51636070494,3422.490836369671,3426.679931640625,41748,0.0,0.0
2020-12-21 00:00:00+09:00,3460.192761983989,3460.192761983989,3380.5999502676505,3393.167236328125,44414,0.0,0.0
2020-12-22 00:00:00+09:00,3393.1674093898337,3409.9237916584257,3301.007306912579,3309.385498046875,107896,0.0,0.0
2020-12-23 00:00:00+09:00,3338.7090059720554,3359.654482797476,3263.305289400541,3267.494384765625,75560,0.0,0.0
2020-12-24 00:00:00+09:00,3267.4942051500952,3338.708822441828,3267.4942051500952,3296.81787109375,38070,0.0,0.0
2020-12-28 00:00:00+09:00,3305.1958969292955,3305.1958969292955,3208.8467136221043,3254.9267578125,44898,0.0,0.0
2020-12-29 00:00:00+09:00,3288.7882518040315,3343.813023069736,3259.159528814806,3326.88232421875,58726,40.0,0.0
2020-12-30 00:00:00+09:00,3326.8825236054045,3373.4419482360145,3309.9518237397283,3348.0458984375,49038,0.0,0.0
2021-01-04 00:00:00+09:00,3343.8132781230756,3436.93212890625,3343.8132781230756,3436.93212890625,113070,0.0,0.0
2021-01-05 00:00:00+09:00,3445.397156430801,3508.887276021049,3403.0704100373023,3475.02587890625,113052,0.0,0.0
2021-01-06 00:00:00+09:00,3475.0259135700353,3530.050684430462,3436.9318414358936,3458.09521484375,95676,0.0,0.0
2021-01-07 00:00:00+09:00,3462.3280278149505,3517.352800873134,3445.397328412432,3508.887451171875,99700,0.0,0.0
2021-01-08 00:00:00+09:00,3517.352625299749,3538.515998496498,3466.5605296275503,3475.02587890625,79630,0.0,0.0
2021-01-11 00:00:00+09:00,3475.026073852081,3491.956773359277,3369.2092019321026,3381.9072265625,124098,0.0,0.0
2021-01-12 00:00:00+09:00,3348.045827548107,3403.0706009464957,3318.4171034105134,3381.9072265625,81484,0.0,0.0
2021-01-13 00:00:00+09:00,3386.139839872829,3415.768563471716,3360.7437910737826,3411.535888671875,70760,0.0,0.0
2021-01-14 00:00:00+09:00,3390.372505953764,3487.7240260997523,3386.139831164808,3415.7685546875,94194,0.0,0.0
2021-01-15 00:00:00+09:00,3436.931918641597,3576.61018627112,3386.1398213217703,3538.51611328125,249260,0.0,0.0
2021-01-18 00:00:00+09:00,3563.91226937007,3563.91226937007,3424.23399753015,3487.72412109375,171622,0.0,0.0
2021-01-19 00:00:00+09:00,3487.7241337316173,3627.402406077665,3462.3280842141544,3597.773681640625,310982,0.0,0.0
2021-01-20 00:00:00+09:00,3597.773681640625,3623.169731158088,3555.446932444853,3597.773681640625,149170,0.0,0.0
2021-01-21 00:00:00+09:00,3627.402310631284,3627.402310631284,3517.352765617966,3525.818115234375,100494,0.0,0.0
2021-01-22 00:00:00+09:00,3525.817939749053,3542.7486381392046,3470.7931699810606,3491.95654296875,80440,0.0,0.0
2021-01-25 00:00:00+09:00,3479.258657804099,3551.214128829245,3479.258657804099,3542.748779296875,79820,0.0,0.0
2021-01-26 00:00:00+09:00,3542.7488410673946,3546.981515907379,3487.72406814759,3513.1201171875,40670,0.0,0.0
2021-01-27 00:00:00+09:00,3517.3527220223,3568.1448190912142,3504.6546977550715,3546.9814453125,65310,0.0,0.0
2021-01-28 00:00:00+09:00,3513.1199419527447,3517.3526165816033,3470.7931956641573,3479.258544921875,49602,0.0,0.0
2021-01-29 00:00:00+09:00,3470.7934910686,3487.724191025032,3318.41719146071,3339.58056640625,120502,0.0,0.0
2021-02-01 00:00:00+09:00,3293.0209351363455,3386.139779060509,3288.78826041252,3322.649658203125,65790,0.0,0.0
2021-02-02 00:00:00+09:00,3343.8129452879325,3398.837715273683,3343.8129452879325,3364.976318359375,42534,0.0,0.0
2021-02-03 00:00:00+09:00,3381.9069483698827,3407.3029955416214,3364.97625025539,3398.837646484375,59722,0.0,0.0
2021-02-04 00:00:00+09:00,3398.837562401503,3462.327678760186,3381.906864705854,3441.164306640625,69696,0.0,0.0
2021-02-05 00:00:00+09:00,3441.164867709142,3449.6302179372087,3394.605441454775,3407.303466796875,59006,0.0,0.0
2021-02-08 00:00:00+09:00,3394.6052600984885,3407.3032847621985,3377.674560546875,3377.674560546875,40380,0.0,0.0
2021-02-09 00:00:00+09:00,3373.4415993126363,3420.0010191274905,3373.4415993126363,3398.837646484375,31458,0.0,0.0
2021-02-10 00:00:00+09:00,3403.0706230089504,3487.72412109375,3369.2092237750303,3487.72412109375,96472,0.0,0.0
2021-02-15 00:00:00+09:00,3546.98156975311,3546.98156975311,3470.79342147679,3487.72412109375,121920,0.0,0.0
2021-02-16 00:00:00+09:00,3487.7240769187274,3559.6795493794293,3462.3280278149505,3508.887451171875,86682,0.0,0.0
2021-02-17 00:00:00+09:00,3530.0506492177983,3572.3773956112973,3466.5605296275503,3475.02587890625,81178,0.0,0.0
2021-02-18 00:00:00+09:00,3504.655001974278,3589.3085044374247,3487.7243014816486,3517.35302734375,154466,0.0,0.0
2021-02-19 00:00:00+09:00,3521.585239281401,3585.0753577780606,3466.560469917629,3504.654541015625,104522,0.0,0.0
2021-02-22 00:00:00+09:00,3513.119959389291,3559.679380537824,3462.3278635908914,3470.793212890625,65276,0.0,0.0
2021-02-23 00:00:00+09:00,3453.8624240180798,3458.0950985573177,3390.372305929512,3394.60498046875,81456,0.0,0.0
2021-02-24 00:00:00+09:00,3352.278502424906,3415.768625576893,3348.045827548107,3381.9072265625,46996,0.0,0.0
2021-02-25 00:00:00+09:00,3377.674282311799,3428.466376782653,3377.674282311799,3394.60498046875,16502,0.0,0.0
2021-02-26 00:00:00+09:00,3352.2785913735743,3373.4419663191147,3326.882541438926,3339.58056640625,33666,0.0,0.0
2021-03-02 00:00:00+09:00,3360.7439233367572,3386.139973135272,3343.813223471081,3348.0458984375,27832,0.0,0.0
2021-03-03 00:00:00+09:00,3364.9765270553034,3420.0013004536922,3305.719078780116,3381.9072265625,60190,0.0,0.0
2021-03-04 00:00:00+09:00,3381.907104336684,3381.907104336684,3301.4862845839966,3322.649658203125,59096,0.0,0.0
2021-03-05 00:00:00+09:00,3284.555568515724,3356.511038444548,3284.555568515724,3331.114990234375,24146,0.0,0.0
2021-03-08 00:00:00+09:00,3360.743584154847,3470.793122175031,3356.5109096156093,3394.60498046875,109248,0.0,0.0
2021-03-09 00:00:00+09:00,3360.7439323328717,3394.6053321548657,3293.021132688885,3343.813232421875,91604,0.0,0.0
2021-03-10 00:00:00+09:00,3343.813058214115,3390.372480543678,3305.718985399017,3309.95166015625,29730,0.0,0.0
2021-03-11 00:00:00+09:00,3309.951814901949,3364.9765893184776,3288.788440126361,3352.278564453125,44994,0.0,0.0
2021-03-12 00:00:00+09:00,3407.303366231979,3407.303366231979,3326.882541438926,3339.58056640625,97294,0.0,0.0
2021-03-15 00:00:00+09:00,3339.5804865557448,3398.8379349863917,3335.3478116678416,3377.674560546875,45390,0.0,0.0
2021-03-16 00:00:00+09:00,3377.674481586896,3420.001229476456,3360.743782431072,3415.7685546875,50162,0.0,0.0
2021-03-17 00:00:00+09:00,3398.838035789696,3449.6301359509366,3398.838035789696,3445.3974609375,55132,0.0,0.0
2021-03-18 00:00:00+09:00,3445.3970149055544,3453.8623638365266,3411.5356191816672,3424.233642578125,38820,0.0,0.0
2021-03-19 00:00:00+09:00,3403.0704100373023,3500.421926742349,3403.0704100373023,3475.02587890625,171008,0.0,0.0
2021-03-22 00:00:00+09:00,3487.72412109375,3496.18947090223,3428.46667243439,3487.72412109375,66004,0.0,0.0
2021-03-23 00:00:00+09:00,3470.7932302013296,3496.189278227193,3436.9318328335116,3462.327880859375,66622,0.0,0.0
2021-03-24 00:00:00+09:00,3449.6302975252506,3491.9570496421247,3428.4669214668133,3483.49169921875,48024,0.0,0.0
2021-03-25 00:00:00+09:00,3470.7933950366537,3500.422119140625,3462.3280452926615,3500.422119140625,47168,0.0,0.0
2021-03-26 00:00:00+09:00,3521.58552032767,3530.05087013615,3475.02609638103,3487.72412109375,50704,0.0,0.0
2021-03-29 00:00:00+09:00,3458.0952061883977,3487.7239288852384,3432.6991581625343,3462.327880859375,50884,0.0,0.0
2021-03-30 00:00:00+09:00,3466.5608179429,3470.793492934283,3441.1647679946004,3453.86279296875,20286,0.0,0.0
2021-03-31 00:00:00+09:00,3441.1645682413687,3491.956665189581,3415.7685197672627,3432.69921875,58710,0.0,0.0
2021-04-01 00:00:00+09:00,3420.001194512947,3441.1645682413687,3415.7685197672627,3432.69921875,21276,0.0,0.0
2021-04-02 00:00:00+09:00,3432.6989915090967,3449.6296893710405,3415.7682936471533,3424.233642578125,36410,0.0,0.0
2021-04-05 00:00:00+09:00,3432.6994358971897,3449.6301359509366,3420.0014108568794,3445.3974609375,33706,0.0,0.0
2021-04-06 00:00:00+09:00,3449.630126953125,3462.3281519603147,3432.6994269435395,3449.630126953125,25248,0.0,0.0
2021-04-07 00:00:00+09:00,3453.862566805226,3593.540832374555,3453.862566805226,3563.912109375,177720,0.0,0.0
2021-04-08 00:00:00+09:00,3593.54099369975,3593.54099369975,3475.02609638103,3487.72412109375,119734,0.0,0.0
2021-04-09 00:00:00+09:00,3508.8874160015566,3580.842887741034,3475.026017535921,3525.818115234375,94314,0.0,0.0
2021-04-12 00:00:00+09:00,3559.679625025335,3593.541024549952,3517.352875619564,3589.308349609375,85896,0.0,0.0
2021-04-13 00:00:00+09:00,3589.3081227836883,3593.540797456782,3542.7487013796544,3580.8427734375,54362,0.0,0.0
2021-04-14 00:00:00+09:00,3597.773507088777,3618.9368806598873,3525.8180369470015,3563.912109375,159870,0.0,0.0
2021-04-15 00:00:00+09:00,3597.773602344659,3703.590473001855,3563.912203734357,3635.86767578125,155422,0.0,0.0
2021-04-16 00:00:00+09:00,3635.8675441877217,3644.3328935339096,3555.4467253989365,3580.8427734375,91734,0.0,0.0
2021-04-19 00:00:00+09:00,3606.2389097076853,3631.6349583675983,3525.8180889512932,3538.51611328125,69324,0.0,0.0
2021-04-20 00:00:00+09:00,3538.5158776197604,3589.307971556886,3521.5851796407183,3534.283203125,40794,0.0,0.0
2021-04-21 00:00:00+09:00,3534.283203125,3572.3772735778443,3513.1198306511974,3534.283203125,59260,0.0,0.0
2021-04-22 00:00:00+09:00,3551.2140939102446,3593.540841155897,3530.0507202874182,3559.679443359375,78736,0.0,0.0
2021-04-23 00:00:00+09:00,3555.4466826711223,3610.47145276008,3517.3526110710745,3602.006103515625,56786,0.0,0.0
2021-04-26 00:00:00+09:00,3618.9370652053885,3703.5905638066843,3559.679616184482,3593.541015625,87296,0.0,0.0
2021-04-27 00:00:00+09:00,3593.5409275183715,3661.2637247389766,3517.3527806451903,3635.86767578125,174540,0.0,0.0
2021-04-28 00:00:00+09:00,3627.40234375,3695.1251412995916,3568.144895894108,3627.40234375,270802,0.0,0.0
2021-04-29 00:00:00+09:00,3597.773420306998,3669.728888713138,3555.4466741857395,3606.23876953125,81414,0.0,0.0
2021-04-30 00:00:00+09:00,3606.238847725756,3635.8675706530803,3534.283377759397,3568.144775390625,57384,0.0,0.0
2021-05-03 00:00:00+09:00,3593.5410604612525,3657.031185204384,3534.283610700996,3572.377685546875,95260,0.0,0.0
2021-05-04 00:00:00+09:00,3572.3775381246246,3597.773586973852,3504.6547411933525,3525.818115234375,52560,0.0,0.0
2021-05-06 00:00:00+09:00,3530.0507202874182,3606.2388653295925,3517.3526961137222,3559.679443359375,59468,0.0,0.0
2021-05-07 00:00:00+09:00,3563.912238441155,3627.4023614537646,3551.214213838633,3618.93701171875,102604,0.0,0.0
2021-05-10 00:00:00+09:00,3623.1695473952354,3695.125017378552,3618.9368726903344,3686.65966796875,144514,0.0,0.0
2021-05-11 00:00:00+09:00,3686.659685387299,3690.892360112198,3610.471540339111,3678.1943359375,83934,0.0,0.0
2021-05-12 00:00:00+09:00,3644.3327892810316,3678.1941856971157,3568.1446473448427,3631.634765625,68908,0.0,0.0
2021-05-13 00:00:00+09:00,3546.981419185679,3593.540841155897,3538.5160697365486,3559.679443359375,47460,0.0,0.0
2021-05-14 00:00:00+09:00,3551.2141200682427,3602.006217137157,3546.9814453125,3546.9814453125,36142,0.0,0.0
2021-05-17 00:00:00+09:00,3559.6793103793966,3585.0753577780606,3483.491168183405,3504.654541015625,49006,0.0,0.0
2021-05-18 00:00:00+09:00,3551.2145026057487,3551.2145026057487,3432.6995966785007,3483.49169921875,52940,0.0,0.0
2021-05-20 00:00:00+09:00,3483.4914196526415,3504.654794012621,3462.3280452926615,3500.422119140625,26300,0.0,0.0
2021-05-21 00:00:00+09:00,3508.8876045114303,3525.8183046538256,3436.93212890625,3436.93212890625,48798,0.0,0.0
2021-05-24 00:00:00+09:00,3411.5356700702446,3436.9317172419833,3398.837646484375,3398.837646484375,33202,0.0,0.0
2021-05-25 00:00:00+09:00,3398.837881818933,3424.233930749087,3398.837881818933,3403.070556640625,21742,0.0,0.0
2021-05-26 00:00:00+09:00,3420.0014287638546,3525.8183046538256,3407.3034036570584,3436.93212890625,35508,0.0,0.0
2021-05-27 00:00:00+09:00,3453.8626012731484,3466.5606255425346,3407.303178952064,3428.466552734375,22874,0.0,0.0
2021-05-28 00:00:00+09:00,3441.1645682413687,3453.862592478422,3428.466544004316,3432.69921875,26608,0.0,0.0
2021-05-31 00:00:00+09:00,3445.3976223135633,3521.5857761239367,3445.3976223135633,3483.49169921875,37594,0.0,0.0
2021-06-01 00:00:00+09:00,3483.4914196526415,3500.422119140625,3466.5607201646576,3500.422119140625,18544,0.0,0.0
2021-06-02 00:00:00+09:00,3504.654558158671,3508.8872327458193,3470.793161461486,3496.189208984375,57348,0.0,0.0
2021-06-03 00:00:00+09:00,3500.4219528981703,3534.283350265988,3453.862531517421,3462.327880859375,121772,0.0,0.0
2021-06-04 00:00:00+09:00,3462.3280452926615,3504.654794012621,3462.3280452926615,3500.422119140625,46078,0.0,0.0
2021-06-07 00:00:00+09:00,3508.8871226441447,3551.2138671875,3491.9564248268025,3551.2138671875,74384,0.0,0.0
2021-06-08 00:00:00+09:00,3551.2145026057487,3551.2145026057487,3462.3283231603127,3483.49169921875,58806,0.0,0.0
2021-06-09 00:00:00+09:00,3491.9564581773952,3534.283203125,3479.2584346931135,3534.283203125,55106,0.0,0.0
2021-06-10 00:00:00+09:00,3517.3527568570144,3534.2834560476617,3496.1893828687053,3530.05078125,33026,0.0,0.0
2021-06-11 00:00:00+09:00,3530.050798856295,3542.748823312613,3513.120099581205,3521.58544921875,27776,0.0,0.0
2021-06-14 00:00:00+09:00,3521.5854467044287,4317.328312065525,3504.6547474414265,4109.92724609375,7819260,0.0,0.0
2021-06-15 00:00:00+09:00,4046.437463378906,4211.511795043945,3902.526507568359,4063.3681640625,2262804,0.0,0.0
2021-06-16 00:00:00+09:00,4952.229898699163,5248.517157595694,4423.1455078125,4423.1455078125,10543718,0.0,0.0
2021-06-17 00:00:00+09:00,4401.981279481132,4634.778366376769,4338.491164873231,4486.634765625,1618994,0.0,0.0
2021-06-18 00:00:00+09:00,4380.818739947151,4423.145491057751,4219.977085726869,4317.32861328125,1066754,0.0,0.0
2021-06-21 00:00:00+09:00,4181.8825931050815,4228.442014688235,4025.2736295981094,4050.669677734375,818472,0.0,0.0
2021-06-22 00:00:00+09:00,4042.204449041742,4228.442140934764,4037.9717742259913,4109.92724609375,596182,0.0,0.0
2021-06-23 00:00:00+09:00,4109.926935906661,4126.857633891859,3961.7833285361844,4021.040771484375,433104,0.0,0.0
2021-06-24 00:00:00+09:00,3991.411957441993,4042.204050219622,3940.6198646643643,3944.8525390625,224562,0.0,0.0
2021-06-25 00:00:00+09:00,3949.0855013652913,4029.50632079288,3902.526079591424,3923.689453125,152434,0.0,0.0
2021-06-28 00:00:00+09:00,3919.4568132956397,3936.3875122731583,3843.2686678968043,3906.7587890625,369036,0.0,0.0
2021-06-29 00:00:00+09:00,3906.7586478307667,3957.550742927158,3822.1051560034475,3855.966552734375,276094,0.0,0.0
2021-06-30 00:00:00+09:00,3889.8280900849813,3940.6201870175382,3851.7340173855637,3906.7587890625,167434,0.0,0.0
2021-07-01 00:00:00+09:00,3949.085272645693,4025.27341295397,3915.223876953125,3915.223876953125,341344,0.0,0.0
2021-07-02 00:00:00+09:00,3906.7586739829985,3915.224023222398,3788.2437846314015,3843.2685546875,211214,0.0,0.0
2021-07-05 00:00:00+09:00,3843.2683948270464,3855.966418157973,3775.545603728772,3800.941650390625,155234,0.0,0.0
2021-07-06 00:00:00+09:00,3800.9418598860175,3839.035931978416,3784.0111611782845,3817.87255859375,116438,0.0,0.0
2021-07-07 00:00:00+09:00,3817.872731906765,3894.060879550137,3779.778658085079,3851.734130859375,193138,0.0,0.0
2021-07-08 00:00:00+09:00,3817.872373646997,3847.5010949502444,3712.055511849686,3788.24365234375,209914,0.0,0.0
2021-07-09 00:00:00+09:00,3767.0809261355776,3826.33837890625,3686.6600973753802,3826.33837890625,154536,0.0,0.0
2021-07-12 00:00:00+09:00,3809.4075520833335,3915.2244285300926,3800.9422019675926,3885.595703125,158162,0.0,0.0
2021-07-13 00:00:00+09:00,3898.2934745647444,3927.9221980413495,3855.966726741023,3889.828125,112486,0.0,0.0
2021-07-14 00:00:00+09:00,3889.8283042356093,3894.0609792130144,3597.773730794633,3805.1748046875,190714,0.0,0.0
2021-07-15 00:00:00+09:00,3830.5704056229897,3834.8030801043415,3728.986218070557,3784.010986328125,104200,0.0,0.0
2021-07-16 00:00:00+09:00,3750.14969252675,3784.0110892990006,3728.9863195440935,3733.218994140625,71816,0.0,0.0
2021-07-19 00:00:00+09:00,3733.2190634162257,3750.1497621165263,3661.2635939399493,3699.357666015625,109356,0.0,0.0
2021-07-20 00:00:00+09:00,3673.9619502314813,3712.056025752315,3635.8678747106483,3657.03125,69490,0.0,0.0
2021-07-21 00:00:00+09:00,3657.0311305147056,3695.1252047909006,3593.541006721048,3597.773681640625,106082,0.0,0.0
2021-07-22 00:00:00+09:00,3602.006313583877,3894.060879550137,3602.006313583877,3851.734130859375,466888,0.0,0.0
2021-07-23 00:00:00+09:00,3851.7339273624575,3885.5953245260835,3673.961592253421,3712.0556640625,335564,0.0,0.0
2021-07-26 00:00:00+09:00,3720.5210133534065,3767.0804344533926,3690.892290835234,3712.0556640625,101022,0.0,0.0
2021-07-27 00:00:00+09:00,3682.4267905464385,3834.803071534567,3682.4267905464385,3788.24365234375,218534,0.0,0.0
2021-07-28 00:00:00+09:00,3767.0806016771303,3847.501423510687,3741.68455267706,3750.14990234375,111230,0.0,0.0
2021-07-29 00:00:00+09:00,3750.14967532611,3771.3130482116976,3733.21897701764,3741.684326171875,54630,0.0,0.0
2021-07-30 00:00:00+09:00,3788.243834192202,3788.243834192202,3678.19429264025,3699.357666015625,62954,0.0,0.0
2021-08-02 00:00:00+09:00,3682.4269845945028,3737.4517556286733,3682.4269845945028,3690.892333984375,58706,0.0,0.0
2021-08-03 00:00:00+09:00,3690.8925513392855,3750.1500005580356,3652.7984768415176,3703.590576171875,69574,0.0,0.0
2021-08-04 00:00:00+09:00,3703.590263461743,3800.9417789584513,3690.8922397013025,3737.45166015625,130862,0.0,0.0
2021-08-05 00:00:00+09:00,3775.545637365422,3788.2436608094763,3737.45156703326,3784.010986328125,61416,0.0,0.0
2021-08-06 00:00:00+09:00,3796.709325510546,3822.1053745106165,3733.2192030103697,3750.14990234375,67754,0.0,0.0
2021-08-09 00:00:00+09:00,3750.1501192966116,3805.174895313379,3745.9174442183985,3762.84814453125,103232,0.0,0.0
2021-08-10 00:00:00+09:00,3805.174457637984,3978.7141158839877,3771.3130609070563,3855.966552734375,670718,0.0,0.0
2021-08-11 00:00:00+09:00,3855.9666289934034,3864.4319783435535,3699.357666015625,3699.357666015625,169584,0.0,0.0
2021-08-12 00:00:00+09:00,3716.288592055508,3724.753941923516,3657.031142979452,3707.8232421875,112726,0.0,0.0
2021-08-13 00:00:00+09:00,3699.357834201389,3699.357834201389,3585.0756127786917,3618.93701171875,107374,0.0,0.0
2021-08-17 00:00:00+09:00,3614.7045185353495,3618.9371936156017,3415.768789763498,3420.00146484375,250288,0.0,0.0
2021-08-18 00:00:00+09:00,3415.7688958317513,3500.4224000654995,3403.0708701966887,3483.49169921875,67734,0.0,0.0
2021-08-19 00:00:00+09:00,3441.1647661448433,3513.1202409596804,3259.159741613197,3339.58056640625,136680,0.0,0.0
2021-08-20 00:00:00+09:00,3331.114962360052,3377.6743836890996,3212.600071704294,3225.298095703125,116818,0.0,0.0
2021-08-23 00:00:00+09:00,3225.2981142925128,3386.1397525380708,3144.8772951697333,3335.34765625,74674,0.0,0.0
2021-08-24 00:00:00+09:00,3364.976635682202,3475.026186031557,3352.2786106418916,3445.3974609375,79760,0.0,0.0
2021-08-25 00:00:00+09:00,3445.397287070603,3534.283457867265,3356.5111162739413,3411.535888671875,72964,0.0,0.0
2021-08-26 00:00:00+09:00,3411.5359596501016,3449.630033641232,3331.115136779938,3377.674560546875,57066,0.0,0.0
2021-08-27 00:00:00+09:00,3343.8131614436484,3449.630033641232,3331.115136779938,3377.674560546875,50378,0.0,0.0
2021-08-30 00:00:00+09:00,3377.6744556568287,3432.699227490837,3352.2784071180554,3428.466552734375,41764,0.0,0.0
2021-08-31 00:00:00+09:00,3441.164473262146,3491.9565688084513,3386.139703086983,3479.258544921875,75328,0.0,0.0
2021-09-01 00:00:00+09:00,3508.8872155820686,3508.8872155820686,3462.3277953511847,3504.654541015625,44020,0.0,0.0
2021-09-02 00:00:00+09:00,3504.654541015625,3517.3525647149568,3475.025819050517,3504.654541015625,21334,0.0,0.0
2021-09-03 00:00:00+09:00,3500.421807166916,3576.6099480726048,3475.025760198353,3534.283203125,58514,0.0,0.0
2021-09-06 00:00:00+09:00,3534.283169370158,3563.9118905505065,3508.8871226441447,3551.2138671875,46938,0.0,0.0
2021-09-07 00:00:00+09:00,3580.8428433584427,3580.8428433584427,3513.1200472665573,3546.9814453125,31476,0.0,0.0
2021-09-08 00:00:00+09:00,3546.98156975311,3546.98156975311,3449.6300469555904,3487.72412109375,43438,0.0,0.0
2021-09-09 00:00:00+09:00,3466.5607240984828,3487.724098482478,3381.9072265625,3381.9072265625,71900,0.0,0.0
2021-09-10 00:00:00+09:00,3386.139831164808,3428.466579054368,3369.209132008984,3415.7685546875,33374,0.0,0.0
2021-09-13 00:00:00+09:00,3428.466552734375,3453.8626012731484,3390.3724799262154,3428.466552734375,30780,0.0,0.0
2021-09-14 00:00:00+09:00,3398.8380269243676,3487.7242019746936,3398.8380269243676,3449.630126953125,52260,0.0,0.0
2021-09-15 00:00:00+09:00,3504.6549294758315,3504.6549294758315,3411.536078692657,3436.93212890625,30808,0.0,0.0
2021-09-16 00:00:00+09:00,3411.535678625701,3436.9317258611286,3377.674282311799,3394.60498046875,37970,0.0,0.0
2021-09-17 00:00:00+09:00,3394.6051546826775,3449.629926516686,3343.8130576051312,3428.466552734375,33728,0.0,0.0
2021-09-23 00:00:00+09:00,3428.466677258362,3428.466677258362,3364.976553605429,3369.209228515625,37288,0.0,0.0
2021-09-24 00:00:00+09:00,3322.6496495060037,3420.001167899173,3322.6496495060037,3326.88232421875,32638,0.0,0.0
2021-09-27 00:00:00+09:00,3360.743878695234,3475.0261012705128,3301.4864299524966,3369.209228515625,43474,0.0,0.0
2021-09-28 00:00:00+09:00,3276.0902707616438,3369.2091156670135,3276.0902707616438,3305.718994140625,31130,0.0,0.0
2021-09-29 00:00:00+09:00,3246.461669921875,3267.625044562826,3174.506196142642,3246.461669921875,82874,0.0,0.0
2021-09-30 00:00:00+09:00,3229.530908707808,3309.951730811935,3212.600209317466,3276.09033203125,59682,0.0,0.0
2021-10-01 00:00:00+09:00,3276.090485546359,3301.486535821912,3187.204309581923,3204.135009765625,31928,0.0,0.0
2021-10-05 00:00:00+09:00,3174.5063214262655,3174.5063214262655,3068.68944404539,3072.922119140625,109576,0.0,0.0
2021-10-06 00:00:00+09:00,3072.921936799157,3140.6447343043724,2984.0357650735614,3043.293212890625,68330,0.0,0.0
2021-10-07 00:00:00+09:00,2992.5010122985423,3140.644626768767,2992.5010122985423,3094.085205078125,43780,0.0,0.0
2021-10-08 00:00:00+09:00,3098.3178884845893,3136.4119608839897,3039.0604425299657,3089.8525390625,21106,0.0,0.0
2021-10-12 00:00:00+09:00,3094.0852576104526,3106.7832819234914,3005.199087419181,3068.689208984375,23570,0.0,0.0
2021-10-13 00:00:00+09:00,3022.1299386160713,3111.01611328125,3022.1299386160713,3111.01611328125,25884,0.0,0.0
2021-10-14 00:00:00+09:00,3157.575386859001,3216.832833797374,3127.9466633898146,3182.971435546875,19598,0.0,0.0
2021-10-15 00:00:00+09:00,3191.4365743545286,3216.8326213653077,3153.3425038383607,3166.04052734375,23932,0.0,0.0
2021-10-18 00:00:00+09:00,3288.787907832311,3305.7186049125285,3221.0651195114397,3254.926513671875,48858,0.0,0.0
2021-10-19 00:00:00+09:00,3305.7190828038874,3305.7190828038874,3237.996284692668,3263.392333984375,20578,0.0,0.0
2021-10-20 00:00:00+09:00,3263.392342862216,3288.7883922230117,3208.3675692471593,3259.15966796875,24688,0.0,0.0
2021-10-21 00:00:00+09:00,3356.511181387302,3356.511181387302,3225.2982600468144,3263.392333984375,41564,0.0,0.0
2021-10-22 00:00:00+09:00,3259.1596502590673,3322.6497733160622,3242.228950777202,3267.625,15504,0.0,0.0
2021-10-25 00:00:00+09:00,3267.6249911566138,3271.857666015625,3174.5061442583683,3271.857666015625,38640,0.0,0.0
2021-10-26 00:00:00+09:00,3242.2289245211696,3293.0210225554433,3242.2289245211696,3280.322998046875,26678,0.0,0.0
2021-10-27 00:00:00+09:00,3297.25390625,3373.442058127407,3276.090530728498,3297.25390625,31790,0.0,0.0
2021-10-28 00:00:00+09:00,3293.02099609375,3301.4863456981043,3242.228898467625,3293.02099609375,24128,0.0,0.0
2021-10-29 00:00:00+09:00,3280.323024611399,3301.4863989637306,3242.228950777202,3267.625,36998,0.0,0.0
2021-11-01 00:00:00+09:00,3267.625135454508,3297.2538607759866,3204.135009765625,3204.135009765625,44930,0.0,0.0
2021-11-02 00:00:00+09:00,3293.0208377838135,3293.0208377838135,3233.7633934020996,3250.694091796875,17880,0.0,0.0
2021-11-03 00:00:00+09:00,3254.9269930752844,3284.5557173295456,3229.530943714489,3259.15966796875,14350,0.0,0.0
2021-11-04 00:00:00+09:00,3259.159694706446,3288.7884192037773,3229.5309702091145,3246.461669921875,14210,0.0,0.0
2021-11-05 00:00:00+09:00,3178.7387433039416,3246.4615394329203,3153.3426947555745,3191.436767578125,49024,0.0,0.0
2021-11-08 00:00:00+09:00,3191.4369666862235,3242.229066951787,3132.1795163764,3212.600341796875,42284,0.0,0.0
2021-11-09 00:00:00+09:00,3216.832833797374,3229.5308581413105,3161.8080616403136,3182.971435546875,21764,0.0,0.0
2021-11-10 00:00:00+09:00,3182.971435546875,3225.2981833599983,3115.2486390458776,3182.971435546875,19438,0.0,0.0
2021-11-11 00:00:00+09:00,3182.971225350936,3182.971225350936,3140.6444803329714,3166.04052734375,19932,0.0,0.0
2021-11-12 00:00:00+09:00,3140.6447400458696,3208.367537674891,3094.0853166759175,3157.575439453125,14756,0.0,0.0
2021-11-15 00:00:00+09:00,3212.600141368431,3225.2981656426145,3174.5060685458807,3191.436767578125,28736,0.0,0.0
2021-11-16 00:00:00+09:00,3212.600080332211,3237.9961283980783,3199.9020562992773,3221.0654296875,18620,0.0,0.0
2021-11-17 00:00:00+09:00,3280.3229542267627,3314.184352463942,3221.0655073116986,3301.486328125,61200,0.0,0.0
2021-11-18 00:00:00+09:00,3309.951793844728,3322.649818629299,3246.461669921875,3246.461669921875,54652,0.0,0.0
2021-11-19 00:00:00+09:00,3246.4616788460753,3301.4864530638056,3242.22900390625,3242.22900390625,37004,0.0,0.0
2021-11-22 00:00:00+09:00,3318.4170272435895,3318.4170272435895,3263.392255108173,3301.486328125,41284,0.0,0.0
2021-11-23 00:00:00+09:00,3309.9516776842947,3335.3477263621794,3297.253653345352,3301.486328125,40556,0.0,0.0
2021-11-24 00:00:00+09:00,3301.486109435328,3335.347505429537,3267.6247134411196,3288.7880859375,23672,0.0,0.0
2021-11-25 00:00:00+09:00,3288.788321291573,3314.1843701046355,3271.857622082865,3293.02099609375,24382,0.0,0.0
2021-11-26 00:00:00+09:00,3293.0210941319674,3314.184468772918,3246.461669921875,3246.461669921875,31180,0.0,0.0
2021-11-29 00:00:00+09:00,3242.228994993685,3246.461669921875,3161.8081713580714,3246.461669921875,30076,0.0,0.0
2021-11-30 00:00:00+09:00,3246.4615572665602,3280.3229555170587,3085.6199155766913,3182.971435546875,49374,0.0,0.0
2021-12-01 00:00:00+09:00,3178.73876953125,3187.204119117219,3089.8525988785786,3178.73876953125,29432,0.0,0.0
2021-12-02 00:00:00+09:00,3178.7388973535667,3267.6250715804977,3174.5062223903797,3233.763671875,51424,0.0,0.0
2021-12-03 00:00:00+09:00,3233.7636010362694,3293.021049222798,3225.2982512953367,3267.625,48978,0.0,0.0
2021-12-06 00:00:00+09:00,3267.6250306709326,3424.2340023481665,3267.6250306709326,3369.209228515625,64342,0.0,0.0
2021-12-07 00:00:00+09:00,3369.2092913300066,3381.9073162973305,3301.4864915042776,3339.58056640625,36260,0.0,0.0
2021-12-08 00:00:00+09:00,3339.58034835699,3394.605119622694,3174.506034559876,3326.88232421875,45022,0.0,0.0
2021-12-09 00:00:00+09:00,3326.8823329269503,3352.2783812699045,3280.3229109648687,3322.649658203125,16152,0.0,0.0
2021-12-10 00:00:00+09:00,3322.6498486389855,3348.0458984375,3297.253798840471,3348.0458984375,25650,0.0,0.0
2021-12-13 00:00:00+09:00,3352.2786281942736,3466.560854155442,3352.2786281942736,3436.93212890625,88164,0.0,0.0
2021-12-14 00:00:00+09:00,3403.0707645227412,3424.234139924002,3331.1152881584544,3420.00146484375,26654,0.0,0.0
2021-12-15 00:00:00+09:00,3386.1400642017325,3420.00146484375,3343.813313399211,3420.00146484375,16720,0.0,0.0
2021-12-16 00:00:00+09:00,3386.139892578125,3390.372567443848,3343.8131439208987,3386.139892578125,18432,0.0,0.0
2021-12-17 00:00:00+09:00,3377.6745783360157,3377.6745783360157,3331.115154323865,3369.209228515625,23526,0.0,0.0
2021-12-20 00:00:00+09:00,3356.5110465580683,3360.743721269995,3208.367431640625,3208.367431640625,45420,0.0,0.0
2021-12-21 00:00:00+09:00,3187.2039728164673,3250.694091796875,3111.015830039978,3250.694091796875,53650,0.0,0.0
2021-12-22 00:00:00+09:00,3250.694371727749,3280.323096470059,3204.13494713269,3233.763671875,21964,0.0,0.0
2021-12-23 00:00:00+09:00,3242.22900390625,3326.882502702758,3221.065629207123,3242.22900390625,34840,0.0,0.0
2021-12-24 00:00:00+09:00,3246.4616080981505,3343.813129592619,3246.4616080981505,3276.09033203125,33230,0.0,0.0
2021-12-27 00:00:00+09:00,3276.090062439672,3301.486109435328,3276.090062439672,3288.7880859375,27560,0.0,0.0
2021-12-28 00:00:00+09:00,3293.02099609375,3339.5804189176974,3280.322971687219,3293.02099609375,35144,0.0,0.0
2021-12-29 00:00:00+09:00,3379.3387071467305,3396.602250989115,3327.5480756195775,3357.75927734375,29898,75.0,0.0
2021-12-30 00:00:00+09:00,3366.390901338428,3392.2862159641086,3357.759129796535,3370.706787109375,24736,0.0,0.0
2022-01-04 00:00:00+09:00,3439.761106304094,3521.762939453125,3439.761106304094,3521.762939453125,83312,0.0,0.0
2022-01-05 00:00:00+09:00,3526.078942209629,3530.394828307805,3461.3406507369923,3504.49951171875,40812,0.0,0.0
2022-01-06 00:00:00+09:00,3465.656263546644,3517.4468926407408,3461.3403777888025,3500.183349609375,44364,0.0,0.0
2022-01-07 00:00:00+09:00,3504.4992748877244,3633.9758490830836,3504.4992748877244,3603.7646484375,298846,0.0,0.0
2022-01-10 00:00:00+09:00,3603.7646484375,3625.34407747006,3564.921676178892,3603.7646484375,75090,0.0,0.0
2022-01-11 00:00:00+09:00,3560.605712890625,3599.448684303977,3508.8150843394887,3560.605712890625,65486,0.0,0.0
2022-01-12 00:00:00+09:00,3560.6060000632306,3629.660177034154,3543.3424558204997,3599.448974609375,37484,0.0,0.0
2022-01-13 00:00:00+09:00,3633.9757840636257,3633.9757840636257,3543.3421837484993,3595.1328125,28882,0.0,0.0
2022-01-14 00:00:00+09:00,3582.1852384558047,3595.1328959441994,3551.974037649551,3573.553466796875,21732,0.0,0.0
2022-01-17 00:00:00+09:00,3569.237407836914,3569.237407836914,3400.9178686523437,3452.70849609375,181998,0.0,0.0
2022-01-18 00:00:00+09:00,3452.7087081508134,3504.4993387730756,3375.02276221742,3448.392822265625,41076,0.0,0.0
2022-01-19 00:00:00+09:00,3431.1290857380004,3452.708513950189,3366.390801101434,3422.497314453125,36418,0.0,0.0
2022-01-20 00:00:00+09:00,3422.4973744333524,3500.1833173586997,3422.4973744333524,3495.867431640625,32362,0.0,0.0
2022-01-21 00:00:00+09:00,3517.44677734375,3543.3420910419864,3495.8673492618864,3517.44677734375,28028,0.0,0.0
2022-01-24 00:00:00+09:00,3474.288165118243,3474.288165118243,3198.0714662765445,3353.443359375,41246,0.0,0.0
2022-01-25 00:00:00+09:00,3353.4433996918,3431.129347175008,3280.073338179882,3293.02099609375,55294,0.0,0.0
2022-01-26 00:00:00+09:00,3314.600405844156,3344.811607459923,3258.493888557731,3323.232177734375,33346,0.0,0.0
2022-01-27 00:00:00+09:00,3323.2318194091167,3357.7589032471333,3202.387025976058,3340.495361328125,49750,0.0,0.0
2022-01-28 00:00:00+09:00,3344.8115234375,3353.443295110887,3236.914377520161,3344.8115234375,34586,0.0,0.0
2022-02-03 00:00:00+09:00,3366.3909464003164,3435.44511965981,3344.8115172567245,3409.5498046875,26888,0.0,0.0
2022-02-04 00:00:00+09:00,3409.5499241926764,3491.5517578125,3387.970494292723,3491.5517578125,46570,0.0,0.0
2022-02-07 00:00:00+09:00,3491.551701092961,3491.551701092961,3418.181640625,3418.181640625,27810,0.0,0.0
2022-02-08 00:00:00+09:00,3418.181640625,3418.181640625,3418.181640625,3418.181640625,0,0.0,0.0
2022-02-09 00:00:00+09:00,3418.181640625,3418.181640625,3418.181640625,3418.181640625,0,0.0,0.0
2022-02-10 00:00:00+09:00,3461.340472996967,3582.1852775405023,3431.1292718610835,3513.131103515625,126948,0.0,0.0
2022-02-11 00:00:00+09:00,3469.972443953804,3513.1313051970105,3448.393013332201,3474.288330078125,35238,0.0,0.0
2022-02-14 00:00:00+09:00,3409.549920856194,3469.972324516937,3353.443403171219,3392.286376953125,27256,0.0,0.0
2022-02-15 00:00:00+09:00,3357.7591809475807,3387.9703818044354,3323.2320942540323,3344.8115234375,22158,0.0,0.0
2022-02-16 00:00:00+09:00,3344.811435915389,3474.288007628243,3344.811435915389,3431.129150390625,17724,0.0,0.0
2022-02-17 00:00:00+09:00,3431.129150390625,3465.6562361807196,3366.390864534198,3431.129150390625,24324,0.0,0.0
2022-02-18 00:00:00+09:00,3426.813232421875,3431.129118105026,3370.7067185409123,3426.813232421875,16706,0.0,0.0
2022-02-21 00:00:00+09:00,3426.8134564460443,3457.024658203125,3370.7069388971795,3457.024658203125,20920,0.0,0.0
2022-02-22 00:00:00+09:00,3457.024658203125,3457.024658203125,3457.024658203125,3457.024658203125,0,0.0,0.0
2022-02-23 00:00:00+09:00,3457.024658203125,3457.024658203125,3457.024658203125,3457.024658203125,0,0.0,0.0
2022-02-24 00:00:00+09:00,3370.706903052606,3379.338674891409,3280.073298745174,3353.443359375,23172,0.0,0.0
2022-02-25 00:00:00+09:00,3318.916284024184,3396.602230854399,3318.916284024184,3387.970458984375,20544,0.0,0.0
2022-02-28 00:00:00+09:00,3387.970458984375,3387.970458984375,3387.970458984375,3387.970458984375,0,0.0,0.0
2022-03-02 00:00:00+09:00,3413.865913802737,3465.656547134763,3396.602369358728,3439.76123046875,27304,0.0,0.0
2022-03-03 00:00:00+09:00,3469.972291749602,3469.972291749602,3366.3910293093154,3387.970458984375,44426,0.0,0.0
2022-03-04 00:00:00+09:00,3387.970650990804,3387.970650990804,3310.284699757894,3314.6005859375,59164,0.0,0.0
2022-03-07 00:00:00+09:00,3305.9687278645833,3310.2846139322914,3206.7033483072914,3236.91455078125,66056,0.0,0.0
2022-03-08 00:00:00+09:00,3198.0714616446658,3293.0209517339813,3180.807917992063,3254.177978515625,48738,0.0,0.0
2022-03-10 00:00:00+09:00,3258.4939714818215,3336.1799204707922,3254.178085426879,3301.65283203125,19784,0.0,0.0
2022-03-11 00:00:00+09:00,3301.6527161517593,3387.9704342210866,3267.1256289240287,3318.916259765625,40144,0.0,0.0
2022-03-14 00:00:00+09:00,3323.2321006373354,3353.4433015522204,3267.125584652549,3280.0732421875,24992,0.0,0.0
2022-03-15 00:00:00+09:00,3280.0732421875,3280.0732421875,3280.0732421875,3280.0732421875,0,0.0,0.0
2022-03-16 00:00:00+09:00,3241.2304478144583,3271.441650390625,3223.9669034852204,3271.441650390625,18022,0.0,0.0
2022-03-17 00:00:00+09:00,3271.441650390625,3271.441650390625,3271.441650390625,3271.441650390625,0,0.0,0.0
2022-03-18 00:00:00+09:00,3366.391049264942,3366.391049264942,3305.968645816597,3357.75927734375,19268,0.0,0.0
2022-03-21 00:00:00+09:00,3387.970250942364,3387.970250942364,3310.284308882539,3327.5478515625,51138,0.0,0.0
2022-03-22 00:00:00+09:00,3314.6001945525295,3340.495508572471,3297.3366518725684,3327.5478515625,36802,0.0,0.0
2022-03-23 00:00:00+09:00,3344.8115555281493,3349.12744140625,3297.3368108690397,3349.12744140625,62590,0.0,0.0
2022-03-24 00:00:00+09:00,3349.127569110577,3383.654657451923,3288.7051645132215,3366.39111328125,63874,0.0,0.0
2022-03-25 00:00:00+09:00,3366.39111328125,3387.9705434945913,3336.1799109825724,3366.39111328125,42340,0.0,0.0
2022-03-28 00:00:00+09:00,3383.6545931073265,3418.181680792095,3357.75927734375,3357.75927734375,40090,0.0,0.0
2022-03-29 00:00:00+09:00,3366.3912086925284,3400.918298012452,3357.7594363625476,3379.3388671875,35412,0.0,0.0
2022-03-30 00:00:00+09:00,3383.6546050015904,3396.6022629288923,3370.706947074288,3392.286376953125,19632,0.0,0.0
2022-03-31 00:00:00+09:00,3387.970407440147,3426.8133802643015,3379.338635701446,3413.86572265625,62240,0.0,0.0
2022-04-01 00:00:00+09:00,3418.181779965236,3569.23779296875,3396.6023495361624,3569.23779296875,224840,0.0,0.0
2022-04-04 00:00:00+09:00,3677.1348450741525,3832.5067399364407,3577.869467801024,3819.55908203125,544644,0.0,0.0
2022-04-05 00:00:00+09:00,3819.5589211203837,3819.5589211203837,3728.925319602273,3797.9794921875,123584,0.0,0.0
2022-04-06 00:00:00+09:00,3754.820653122315,3785.031853779621,3690.0823659995167,3767.768310546875,61404,0.0,0.0
2022-04-07 00:00:00+09:00,3698.714195000734,3724.609510251614,3633.975906873533,3677.134765625,78186,0.0,0.0
2022-04-08 00:00:00+09:00,3642.607550854953,3664.1869794737618,3608.080465064859,3659.87109375,33314,0.0,0.0
2022-04-11 00:00:00+09:00,3655.5553362492665,3703.0300808758807,3612.3964774977994,3677.134765625,27710,0.0,0.0
2022-04-12 00:00:00+09:00,3595.1329532058985,3659.871241678994,3560.6058660202475,3646.923583984375,35042,0.0,0.0
2022-04-13 00:00:00+09:00,3625.3441982581967,3711.661917264344,3608.0806544569673,3685.7666015625,33346,0.0,0.0
2022-04-14 00:00:00+09:00,3694.3980312683607,3733.2410012232854,3664.1868324145307,3672.818603515625,27588,0.0,0.0
2022-04-15 00:00:00+09:00,3633.9758814761512,3672.8188540810033,3603.7646805612662,3608.08056640625,23764,0.0,0.0
2022-04-18 00:00:00+09:00,3651.2396285992295,3711.662033800635,3569.23779296875,3569.23779296875,41612,0.0,0.0
2022-04-19 00:00:00+09:00,3569.2378456151882,3672.81911320257,3517.4472118214976,3642.60791015625,44556,0.0,0.0
2022-04-20 00:00:00+09:00,3685.766408092571,3694.3981795400946,3616.7122365123823,3659.87109375,42876,0.0,0.0
2022-04-21 00:00:00+09:00,3659.8714227461446,3659.8714227461446,3608.0807894053974,3638.2919921875,24598,0.0,0.0
2022-04-22 00:00:00+09:00,3638.2916557173294,3638.2916557173294,3539.0262843276514,3560.605712890625,40238,0.0,0.0
2022-04-25 00:00:00+09:00,3478.6040165031864,3521.7628752687347,3431.1292718610835,3513.131103515625,93438,0.0,0.0
2022-04-26 00:00:00+09:00,3491.551578093692,3508.815121125058,3431.1291774839124,3500.183349609375,80502,0.0,0.0
2022-04-27 00:00:00+09:00,3465.656346323472,3482.919889767176,3396.6021725486585,3478.60400390625,45092,0.0,0.0
2022-04-28 00:00:00+09:00,3452.7087012438574,3513.131103515625,3431.1292718610835,3513.131103515625,31164,0.0,0.0
2022-04-29 00:00:00+09:00,3513.1309745129242,3551.973945975598,3482.9197744864005,3495.867431640625,49270,0.0,0.0
2022-05-02 00:00:00+09:00,3495.867680344626,3754.8208418516356,3478.604136244159,3694.3984375,163656,0.0,0.0
2022-05-03 00:00:00+09:00,3698.714450853924,3797.979832848837,3685.7667923328486,3711.662109375,58848,0.0,0.0
2022-05-04 00:00:00+09:00,3763.452634993375,3763.452634993375,3655.5554837607665,3664.187255859375,56624,0.0,0.0
2022-05-06 00:00:00+09:00,3659.871222124413,3750.5048255024944,3599.4488198723593,3677.134765625,52260,0.0,0.0
2022-05-10 00:00:00+09:00,3482.919692412768,3534.710319809241,3396.6019800853146,3517.44677734375,40916,0.0,0.0
2022-05-11 00:00:00+09:00,3487.235824694212,3642.6077178736573,3487.235824694212,3616.71240234375,35076,0.0,0.0
2022-05-12 00:00:00+09:00,3603.764847580849,3603.764847580849,3323.232254655394,3465.656494140625,77570,0.0,0.0
2022-05-13 00:00:00+09:00,3439.7609087262836,3646.9234226771764,3439.7609087262836,3625.343994140625,73488,0.0,0.0
2022-05-16 00:00:00+09:00,3677.1349671930607,3685.7667394165182,3625.3443338523134,3638.2919921875,56016,0.0,0.0
2022-05-17 00:00:00+09:00,3638.291548679444,3776.3998874193517,3638.291548679444,3741.872802734375,151682,0.0,0.0
2022-05-18 00:00:00+09:00,3741.8729316720182,3879.9812751708705,3715.9776172659836,3759.136474609375,259574,0.0,0.0
2022-05-19 00:00:00+09:00,3638.291519111248,3703.029802369455,3612.396205807965,3672.818603515625,84006,0.0,0.0
2022-05-20 00:00:00+09:00,3664.1870438878677,3668.5029296875,3577.8693278952205,3668.5029296875,65940,0.0,0.0
2022-05-23 00:00:00+09:00,3668.50300472404,3901.560842671214,3646.9235752844866,3875.66552734375,218506,0.0,0.0
2022-05-24 00:00:00+09:00,3875.665695560874,3875.665695560874,3724.6096829276553,3733.241455078125,135602,0.0,0.0
2022-05-25 00:00:00+09:00,3733.2413470158813,3776.4002065189547,3590.817110655738,3685.7666015625,173950,0.0,0.0
2022-05-26 00:00:00+09:00,3685.7664787612275,3720.2935652133233,3586.501105211452,3603.7646484375,57230,0.0,0.0
2022-05-27 00:00:00+09:00,3608.0807577753862,3642.607846366538,3582.185441332022,3633.97607421875,46546,0.0,0.0
2022-05-30 00:00:00+09:00,3668.502747778799,3754.8204594912413,3655.5550910219326,3741.872802734375,81492,0.0,0.0
2022-05-31 00:00:00+09:00,3772.084273030507,3815.243131989666,3737.5571858631797,3810.92724609375,101768,0.0,0.0
2022-06-02 00:00:00+09:00,3772.0844935042132,3854.0863303195224,3737.5574043188203,3841.138671875,76060,0.0,0.0
2022-06-03 00:00:00+09:00,3841.13837650844,3923.140207018171,3841.13837650844,3867.03369140625,77344,0.0,0.0
2022-06-07 00:00:00+09:00,3867.0338512763597,3940.4039131867366,3823.8749913290785,3888.61328125,116758,0.0,0.0
2022-06-08 00:00:00+09:00,3884.2975224447514,3931.7722699412984,3871.349864036602,3905.876953125,97752,0.0,0.0
2022-06-09 00:00:00+09:00,3905.876650423617,3905.876650423617,3737.5571041622675,3832.506591796875,68694,0.0,0.0
2022-06-10 00:00:00+09:00,3832.506878396739,3832.506878396739,3733.241497537364,3772.08447265625,46930,0.0,0.0
2022-06-13 00:00:00+09:00,3659.871079799107,3681.4505083356585,3556.289822823661,3625.343994140625,89066,0.0,0.0
2022-06-14 00:00:00+09:00,3547.6583515768084,3586.501326229109,3461.340630127251,3534.710693359375,61568,0.0,0.0
2022-06-15 00:00:00+09:00,3478.604010696508,3513.131097651312,3353.443320485343,3413.86572265625,94328,0.0,0.0
2022-06-16 00:00:00+09:00,3413.8659243376355,3530.3948496942935,3405.2341520889945,3474.288330078125,55320,0.0,0.0
2022-06-17 00:00:00+09:00,3474.288137576756,3474.288137576756,3331.863903365535,3448.392822265625,39764,0.0,0.0
2022-06-20 00:00:00+09:00,3448.392979765316,3448.392979765316,3185.1239287444346,3271.441650390625,135468,0.0,0.0
2022-06-21 00:00:00+09:00,3206.703151376194,3293.020867429389,3206.703151376194,3275.75732421875,28418,0.0,0.0
2022-06-22 00:00:00+09:00,3293.0208597597866,3310.284402930218,3176.491943359375,3176.491943359375,31106,0.0,0.0
2022-06-23 00:00:00+09:00,3176.4920426176886,3193.7555863275675,2947.7500884617953,3025.43603515625,83496,0.0,0.0
2022-06-24 00:00:00+09:00,3025.4361334635414,3236.91455078125,2990.9090449218747,3236.91455078125,67270,0.0,0.0
2022-06-27 00:00:00+09:00,3236.9142743710363,3288.7049027609733,3202.3871887777455,3232.598388671875,61156,0.0,0.0
2022-06-28 00:00:00+09:00,3245.546096904441,3310.284383411844,3176.4919246298787,3206.703125,69878,0.0,0.0
2022-06-29 00:00:00+09:00,3189.439645815856,3219.650846791107,3081.542499475671,3215.3349609375,34892,0.0,0.0
2022-06-30 00:00:00+09:00,3202.3873033766777,3219.650846791107,3094.490157036493,3215.3349609375,72464,0.0,0.0
2022-07-01 00:00:00+09:00,3146.28056521532,3323.231872724001,3141.964679666328,3185.12353515625,66426,0.0,0.0
2022-07-04 00:00:00+09:00,3172.1762584492135,3323.232270756319,3085.8585371308673,3137.649169921875,58890,0.0,0.0
2022-07-05 00:00:00+09:00,3111.753669328587,3228.282586210518,3111.753669328587,3211.01904296875,45618,0.0,0.0
2022-07-06 00:00:00+09:00,3258.4939603415,3353.443453225623,3215.3350999396257,3267.125732421875,80082,0.0,0.0
2022-07-07 00:00:00+09:00,3267.1253081723394,3353.443017767381,3267.1253081723394,3340.495361328125,48596,0.0,0.0
2022-07-08 00:00:00+09:00,3344.811703779411,3375.02290626516,3314.600501293661,3336.179931640625,59700,0.0,0.0
2022-07-11 00:00:00+09:00,3336.179879302391,3383.654625320924,3314.6004492939664,3362.0751953125,26574,0.0,0.0
2022-07-12 00:00:00+09:00,3353.4432882755364,3353.4432882755364,3241.230256750229,3245.546142578125,39974,0.0,0.0
2022-07-13 00:00:00+09:00,3228.282769097222,3318.916376251021,3180.8080224928513,3301.65283203125,26442,0.0,0.0
2022-07-14 00:00:00+09:00,3301.65283203125,3379.3387810202203,3232.5986551521646,3301.65283203125,18604,0.0,0.0
2022-07-15 00:00:00+09:00,3280.0734017565355,3340.495806525735,3219.6509969873364,3301.65283203125,25464,0.0,0.0
2022-07-18 00:00:00+09:00,3301.652916217672,3379.3388671875,3284.3893715577105,3379.3388671875,36956,0.0,0.0
2022-07-19 00:00:00+09:00,3375.022705078125,3400.9180199508473,3336.179732769042,3375.022705078125,27000,0.0,0.0
2022-07-20 00:00:00+09:00,3392.286397324294,3426.813485337773,3349.1275373074454,3362.0751953125,23156,0.0,0.0
2022-07-21 00:00:00+09:00,3362.0747887268853,3396.6018725649024,3340.495361328125,3340.495361328125,25212,0.0,0.0
2022-07-22 00:00:00+09:00,3340.4957417779324,3387.9704874621148,3293.02099609375,3293.02099609375,24266,0.0,0.0
2022-07-25 00:00:00+09:00,3293.021030527815,3400.918180938294,3293.021030527815,3396.602294921875,21430,0.0,0.0
2022-07-26 00:00:00+09:00,3400.918094644202,3582.185302734375,3400.918094644202,3582.185302734375,77704,0.0,0.0
2022-07-27 00:00:00+09:00,3577.8692374596226,3642.6075228177583,3547.658037625826,3590.81689453125,62996,0.0,0.0
2022-07-28 00:00:00+09:00,3590.816991017964,3638.291734889596,3551.974018759356,3603.7646484375,43090,0.0,0.0
2022-07-29 00:00:00+09:00,3608.0806305004476,3625.3441741870524,3586.5012008921913,3616.71240234375,42106,0.0,0.0
2022-08-01 00:00:00+09:00,3616.712370258363,3616.712370258363,3556.289967891278,3612.396484375,32460,0.0,0.0
2022-08-02 00:00:00+09:00,3612.3967071099305,3668.5032270530955,3586.5013902130854,3642.60791015625,64222,0.0,0.0
2022-08-03 00:00:00+09:00,3642.607603870739,3810.9271495472303,3642.607603870739,3797.9794921875,167558,0.0,0.0
2022-08-04 00:00:00+09:00,3797.979413613506,3836.8223848890984,3711.6616996677444,3754.820556640625,80600,0.0,0.0
2022-08-05 00:00:00+09:00,3754.820821149877,3754.820821149877,3672.8189871247646,3724.609619140625,29724,0.0,0.0
2022-08-08 00:00:00+09:00,3720.293534865073,3797.979478748566,3685.7664486946314,3763.452392578125,53130,0.0,0.0
2022-08-09 00:00:00+09:00,3759.1365836699265,3879.9813877373867,3668.502980619331,3806.611328125,263598,0.0,0.0
2022-08-10 00:00:00+09:00,3802.2955062659075,3867.0337952488685,3767.7684188083285,3815.2431640625,88772,0.0,0.0
2022-08-11 00:00:00+09:00,3841.138479655684,3854.0861374522765,3785.031962537118,3815.2431640625,100762,0.0,0.0
2022-08-12 00:00:00+09:00,3815.243196062853,3836.8226259048374,3789.3478802524714,3819.55908203125,44494,0.0,0.0
2022-08-16 00:00:00+09:00,3823.8749359268945,3871.349681181066,3780.7160766049205,3815.2431640625,81464,0.0,0.0
2022-08-17 00:00:00+09:00,3802.295416358437,3815.2430738488742,3677.134727284209,3737.55712890625,106400,0.0,0.0
2022-08-18 00:00:00+09:00,3690.082342222416,3884.2972023393854,3668.5029133205308,3862.7177734375,224290,0.0,0.0
2022-08-19 00:00:00+09:00,3862.7181643293206,4078.512475185707,3832.5069608094263,3949.035888671875,283728,0.0,0.0
2022-08-22 00:00:00+09:00,3849.770444171348,3923.140508690309,3819.559241134129,3841.138671875,132998,0.0,0.0
2022-08-23 00:00:00+09:00,3802.295538157662,3819.55908203125,3759.1366784736933,3819.55908203125,51126,0.0,0.0
2022-08-24 00:00:00+09:00,3797.979414951246,4061.2484425785483,3789.3476435536295,3983.5625,162960,0.0,0.0
2022-08-25 00:00:00+09:00,4022.405804787128,4091.4599816933446,3983.562830277381,4061.248779296875,171814,0.0,0.0
2022-08-26 00:00:00+09:00,4065.564729110054,4151.882451596467,4013.7740956182065,4069.880615234375,198980,0.0,0.0
2022-08-29 00:00:00+09:00,3979.2468064619216,4359.044766297767,3888.6132024101857,4009.4580078125,1046974,0.0,0.0
2022-08-30 00:00:00+09:00,4013.7734700171186,4082.8276372432197,3953.3510736942803,4018.08935546875,195570,0.0,0.0
2022-08-31 00:00:00+09:00,4009.4578924148414,4048.300864461917,3961.9831488017485,4026.721435546875,127244,0.0,0.0
2022-09-01 00:00:00+09:00,4035.353207112892,4074.196179159968,3996.5102350658162,4026.721435546875,126390,0.0,0.0
2022-09-02 00:00:00+09:00,4022.405471289274,4082.8278710725895,3949.035414409534,3983.5625,141102,0.0,0.0
2022-09-05 00:00:00+09:00,3944.719675080673,3979.246761952276,3892.929044773268,3970.614990234375,133732,0.0,0.0
2022-09-06 00:00:00+09:00,3931.7718046791533,4052.6166021885015,3931.7718046791533,4039.6689453125,96840,0.0,0.0
2022-09-07 00:00:00+09:00,4048.300850929054,4048.300850929054,3936.0878209459456,3992.1943359375,128872,0.0,0.0
2022-09-08 00:00:00+09:00,3996.510737556803,4095.776123046875,3996.510737556803,4095.776123046875,241498,0.0,0.0
2022-09-13 00:00:00+09:00,4264.095434201201,4479.889737551464,3974.9310677118488,3996.510498046875,345013,0.0,2.0
2022-09-14 00:00:00+09:00,3996.5103053880775,4039.669163977582,3910.1925882090695,3970.614990234375,119481,0.0,0.0
2022-09-15 00:00:00+09:00,3992.194366455078,4052.6167676771006,3823.8748201937287,3832.506591796875,77827,0.0,0.0
2022-09-16 00:00:00+09:00,3828.190705995302,3832.506591796875,3780.7159621779983,3832.506591796875,44845,0.0,0.0
2022-09-19 00:00:00+09:00,3815.243035333807,3815.243035333807,3750.5047485351565,3797.9794921875,64624,0.0,0.0
2022-09-20 00:00:00+09:00,3789.3476435536295,4009.457814192849,3789.3476435536295,3983.5625,91171,0.0,0.0
2022-09-21 00:00:00+09:00,3961.983334470524,4018.08985227893,3927.456246588428,3953.3515625,63603,0.0,0.0
2022-09-22 00:00:00+09:00,3944.7195977850274,3944.7195977850274,3806.6112530048076,3927.4560546875,61801,0.0,0.0
2022-09-23 00:00:00+09:00,3884.2971331222466,3927.4559901569382,3759.1364477216407,3918.82421875,49792,0.0,0.0
2022-09-26 00:00:00+09:00,3879.981536580023,3879.981536580023,3694.3984375,3694.3984375,66242,0.0,0.0
2022-09-27 00:00:00+09:00,3685.766385484016,3754.820556640625,3547.6580431707976,3754.820556640625,100366,0.0,0.0
2022-09-28 00:00:00+09:00,3564.9217466925184,3621.0282632869526,3474.2881429630474,3547.658203125,163175,0.0,0.0
2022-09-29 00:00:00+09:00,3582.1853131032817,3664.187145571911,3353.443359375,3353.443359375,160345,0.0,0.0
2022-09-30 00:00:00+09:00,3258.4938766199148,3323.2321655593832,3081.5425535187005,3288.705078125,168508,0.0,0.0
2022-10-04 00:00:00+09:00,3288.704890561044,3668.5028306783297,3288.704890561044,3426.813232421875,318110,0.0,0.0
2022-10-05 00:00:00+09:00,3469.97238980211,3612.396629682047,3336.179922036108,3400.918212890625,115298,0.0,0.0
2022-10-06 00:00:00+09:00,3400.918152232695,3551.9741615323705,3400.918152232695,3491.5517578125,48351,0.0,0.0
2022-10-07 00:00:00+09:00,3474.288330078125,3582.185483186141,3426.8135827105975,3474.288330078125,59115,0.0,0.0
2022-10-11 00:00:00+09:00,3400.9179503242926,3448.392693285672,3293.0208072302476,3431.129150390625,96153,0.0,0.0
2022-10-12 00:00:00+09:00,3340.495469970703,3465.6561529541013,3340.495469970703,3452.70849609375,63725,0.0,0.0
2022-10-13 00:00:00+09:00,3435.4452123072238,3435.4452123072238,3288.7050901734983,3323.232177734375,69738,0.0,0.0
2022-10-14 00:00:00+09:00,3353.4434551532454,3422.4976318359377,3353.4434551532454,3366.39111328125,43266,0.0,0.0
2022-10-17 00:00:00+09:00,3366.3909290793413,3603.7646484375,3340.4956142402693,3603.7646484375,96481,0.0,0.0
2022-10-18 00:00:00+09:00,3603.7646805612662,3651.2394248560854,3564.921707956414,3608.08056640625,72507,0.0,0.0
2022-10-19 00:00:00+09:00,3608.080488375832,3629.659917134061,3534.7104305978546,3564.921630859375,59025,0.0,0.0
2022-10-20 00:00:00+09:00,3539.026643757832,3560.606074512453,3400.918286928258,3444.0771484375,64370,0.0,0.0
2022-10-21 00:00:00+09:00,3439.7610060834654,3573.553466796875,3336.17974617631,3573.553466796875,77264,0.0,0.0
2022-10-24 00:00:00+09:00,3577.8692374596226,3625.343980055589,3500.18329502986,3590.81689453125,69417,0.0,0.0
2022-10-25 00:00:00+09:00,3608.0804372934194,3621.0280943650464,3465.656209505521,3590.81689453125,47881,0.0,0.0
2022-10-26 00:00:00+09:00,3590.817054958184,3616.712370258363,3508.8152231742833,3612.396484375,44429,0.0,0.0
2022-10-27 00:00:00+09:00,3573.5535551030584,3672.818931633699,3504.4993801252217,3651.239501953125,54584,0.0,0.0
2022-10-28 00:00:00+09:00,3646.9234226771764,3728.9252511160716,3582.1851370675226,3625.343994140625,62159,0.0,0.0
2022-10-31 00:00:00+09:00,3707.3459280952297,3772.0842155474165,3629.6599831526055,3737.55712890625,64726,0.0,0.0
2022-11-01 00:00:00+09:00,3711.662077002762,3936.088156077348,3659.8714433701657,3905.876953125,101112,0.0,0.0
2022-11-02 00:00:00+09:00,3867.033916036717,3996.510498046875,3832.5068275006747,3996.510498046875,108338,0.0,0.0
2022-11-03 00:00:00+09:00,3884.2974603047383,4069.8805611859643,3828.1909414336696,3996.510498046875,128230,0.0,0.0
2022-11-04 00:00:00+09:00,3953.3515625,3987.8786503820957,3901.5609306768556,3953.3515625,54459,0.0,0.0
2022-11-07 00:00:00+09:00,3949.035587438231,4095.7757076271923,3841.138440240465,3875.66552734375,132505,0.0,0.0
2022-11-08 00:00:00+09:00,3875.6653617153083,3961.983075784691,3875.6653617153083,3918.82421875,67922,0.0,0.0
2022-11-09 00:00:00+09:00,3957.667673339844,3957.667673339844,3858.402290039063,3884.297607421875,67640,0.0,0.0
2022-11-10 00:00:00+09:00,3884.2973593839083,3884.2973593839083,3672.818947595229,3785.031982421875,200886,0.0,0.0
2022-11-11 00:00:00+09:00,3862.717896901309,3875.6655546562856,3737.55720526987,3780.716064453125,108009,0.0,0.0
2022-11-14 00:00:00+09:00,3793.6637662208686,3849.770283810028,3733.241362663312,3819.55908203125,104750,0.0,0.0
2022-11-15 00:00:00+09:00,3819.559313964844,3884.297607421875,3741.8733618164065,3884.297607421875,107451,0.0,0.0
2022-11-16 00:00:00+09:00,3957.6673006176043,4009.45793050573,3849.7701550173424,3966.299072265625,215520,0.0,0.0
2022-11-17 00:00:00+09:00,3966.299104375425,4052.616821554433,3884.297273055367,3970.614990234375,96890,0.0,0.0
2022-11-18 00:00:00+09:00,3970.6152979257054,3983.5629565058975,3892.92934644455,3979.2470703125,90053,0.0,0.0
2022-11-21 00:00:00+09:00,3979.2471044921876,3979.2471044921876,3879.9817211914065,3884.297607421875,58227,0.0,0.0
2022-11-22 00:00:00+09:00,3819.5589602310047,3905.8766768463947,3815.2430744002354,3901.560791015625,46414,0.0,0.0
2022-11-23 00:00:00+09:00,3875.6654699614055,3987.8785013856777,3867.0336983133843,3966.299072265625,78383,0.0,0.0
2022-11-24 00:00:00+09:00,4005.1423874728853,4026.721818439873,3944.71998076532,3979.2470703125,69641,0.0,0.0
2022-11-25 00:00:00+09:00,3979.247017169821,4056.9329676134835,3931.7722696764718,4005.142333984375,86845,0.0,0.0
2022-11-28 00:00:00+09:00,4005.1422701808856,4074.19644725297,3901.561004572759,3996.510498046875,81064,0.0,0.0
2022-11-29 00:00:00+09:00,3936.0880931088013,3996.510498046875,3884.2974603047383,3996.510498046875,73658,0.0,0.0
2022-11-30 00:00:00+09:00,4013.773810245751,4764.737942485279,3996.5102669758767,4031.037353515625,4570078,0.0,0.0
2022-12-01 00:00:00+09:00,4074.19660639413,4134.619013692348,4013.774199095912,4117.35546875,335965,0.0,0.0
2022-12-02 00:00:00+09:00,4121.6709172373585,4147.56623190063,4065.564402133604,4091.459716796875,158810,0.0,0.0
2022-12-05 00:00:00+09:00,4091.4602367212196,4138.934986303428,4039.669600813356,4095.776123046875,143970,0.0,0.0
2022-12-06 00:00:00+09:00,4056.932956861413,4078.512387483016,3871.349853515625,3871.349853515625,219537,0.0,0.0
2022-12-07 00:00:00+09:00,3819.558870130414,3888.613041793789,3802.2953272145705,3823.874755859375,120358,0.0,0.0
2022-12-08 00:00:00+09:00,3802.2955344923685,3823.874964313551,3720.293701171875,3720.293701171875,92649,0.0,0.0
2022-12-09 00:00:00+09:00,3720.2935855856667,3785.0318730378535,3703.030042265084,3737.55712890625,74327,0.0,0.0
2022-12-12 00:00:00+09:00,3741.8729316720182,3819.5588748901228,3724.609388734662,3759.136474609375,51861,0.0,0.0
2022-12-13 00:00:00+09:00,3720.293839164402,3772.08447265625,3720.293839164402,3772.08447265625,60144,0.0,0.0
2022-12-14 00:00:00+09:00,3754.821226058468,4069.8809381300402,3750.505339591734,4013.7744140625,137253,0.0,0.0
2022-12-15 00:00:00+09:00,3992.194267224147,4138.934380830224,3979.246610141258,4048.30078125,94446,0.0,0.0
2022-12-16 00:00:00+09:00,4005.142229055851,4117.355265645778,3953.351596783577,4056.932861328125,111969,0.0,0.0
2022-12-19 00:00:00+09:00,4013.774042314896,4117.355307923022,3966.299295577838,3996.510498046875,94340,0.0,0.0
2022-12-20 00:00:00+09:00,3970.615016877784,4013.7738757568904,3823.8748966888224,3875.66552734375,119567,0.0,0.0
2022-12-21 00:00:00+09:00,3858.4017694585955,4009.4577671443344,3845.454112514103,3944.719482421875,90395,0.0,0.0
2022-12-22 00:00:00+09:00,3944.719524586887,4091.4596381929637,3927.4559818097014,4048.30078125,94976,0.0,0.0
2022-12-23 00:00:00+09:00,4048.30073797781,4048.30073797781,3901.5606259402352,3944.719482421875,87462,0.0,0.0
2022-12-26 00:00:00+09:00,3944.719917629076,4117.355362601902,3841.1386506453805,4069.880615234375,101148,0.0,0.0
2022-12-27 00:00:00+09:00,4069.8807082043345,4229.568498452012,4061.248935758514,4182.09375,179082,0.0,0.0
2022-12-28 00:00:00+09:00,4311.252543604651,4311.252543604651,4106.378972317653,4213.26953125,113094,150.0,0.0
2022-12-29 00:00:00+09:00,4208.815733787772,4208.815733787772,4008.3959369407353,4044.026123046875,107450,0.0,0.0
2023-01-02 00:00:00+09:00,4044.026368302297,4079.656556569278,3794.615050433433,3901.505615234375,119225,0.0,0.0
2023-01-03 00:00:00+09:00,3848.060067313058,3990.580810546875,3754.5308295658656,3990.580810546875,63058,0.0,0.0
2023-01-04 00:00:00+09:00,3986.127483121406,4093.018052501198,3834.6991765000344,4066.29541015625,70247,0.0,0.0
2023-01-05 00:00:00+09:00,4079.656632648662,4106.379274347234,3950.4971977722303,4035.118896484375,58199,0.0,0.0
2023-01-06 00:00:00+09:00,4008.396126266662,4101.925369212884,3963.858391530366,4093.017822265625,37521,0.0,0.0
2023-01-09 00:00:00+09:00,4097.471433746048,4235.5384059701,4070.748793960748,4226.630859375,99785,0.0,0.0
2023-01-10 00:00:00+09:00,4222.1772305433915,4320.160246442078,4142.009308444466,4195.45458984375,126110,0.0,0.0
2023-01-11 00:00:00+09:00,4177.63968430286,4271.168930966356,4177.63968430286,4244.4462890625,49653,0.0,0.0
2023-01-12 00:00:00+09:00,4244.445818092577,4293.437322813477,4142.00903549433,4271.16845703125,71664,0.0,0.0
2023-01-13 00:00:00+09:00,4271.169058393643,4293.437927311233,4128.648297321071,4173.18603515625,91917,0.0,0.0
2023-01-16 00:00:00+09:00,4177.639670093057,4293.437784615892,4173.185896457563,4217.7236328125,72528,0.0,0.0
2023-01-17 00:00:00+09:00,4217.723271045235,4275.622323340472,4133.101579229122,4159.82421875,63287,0.0,0.0
2023-01-18 00:00:00+09:00,4124.194032722163,4195.454404777837,4052.9336606664883,4159.82421875,81939,0.0,0.0
2023-01-19 00:00:00+09:00,4128.64779764702,4195.454396314447,3941.5893213782224,4146.462890625,96238,0.0,0.0
2023-01-20 00:00:00+09:00,4088.563887150948,4226.630859375,4088.563887150948,4226.630859375,64285,0.0,0.0
2023-01-25 00:00:00+09:00,4248.900249813602,4306.799309821544,4235.538928273308,4293.43798828125,823,0.0,0.0
2023-01-26 00:00:00+09:00,4320.160491128721,4360.244454448472,4244.446338191414,4337.9755859375,2140,0.0,0.0
2023-01-27 00:00:00+09:00,4337.9751229892545,4440.411907207686,4324.61380330859,4378.05908203125,119,0.0,0.0
2023-01-30 00:00:00+09:00,4378.059439417828,4444.866043274661,4297.891514789628,4435.95849609375,95008,0.0,0.0
2023-01-31 00:00:00+09:00,4386.966986598739,4418.143401731928,4244.446231704161,4435.95849609375,3633,0.0,0.0
2023-02-01 00:00:00+09:00,4400.327989964303,4453.773269194639,4337.975164195578,4444.86572265625,618,0.0,0.0
2023-02-02 00:00:00+09:00,4444.865859058705,4498.31113992915,4355.790390941295,4400.328125,100,0.0,0.0
2023-02-03 00:00:00+09:00,4395.874303318299,4395.874303318299,4320.16015625,4320.16015625,1068,0.0,0.0
2023-02-06 00:00:00+09:00,4311.2526875,4658.647015625,4275.6224999999995,4453.7734375,7146,0.0,0.0
2023-02-07 00:00:00+09:00,4453.773334301614,4587.3865343306625,4435.958240964408,4551.75634765625,11300,0.0,0.0
2023-02-08 00:00:00+09:00,4516.126192349692,4525.033739080165,4320.160164279291,4333.521484375,7124,0.0,0.0
2023-02-09 00:00:00+09:00,4306.799155999806,4329.068024438275,4199.908587495158,4311.2529296875,125531,0.0,0.0
2023-02-10 00:00:00+09:00,4266.714965042795,4271.1687384927345,4186.547042943869,4195.45458984375,1445,0.0,0.0
2023-02-13 00:00:00+09:00,4191.000697253392,4315.706350306628,4155.370510666754,4266.71484375,923,0.0,0.0
2023-02-14 00:00:00+09:00,4217.723772991429,4288.984153527715,4155.370940022179,4173.18603515625,284,0.0,0.0
2023-02-15 00:00:00+09:00,4186.547173540097,4186.547173540097,4052.9339658739236,4137.5556640625,247,0.0,0.0
2023-02-16 00:00:00+09:00,4128.648492777123,4262.261712608098,4124.194718782757,4248.900390625,2234,0.0,0.0
2023-02-17 00:00:00+09:00,4226.631172826735,4266.715135477357,4177.639662920418,4204.3623046875,100,0.0,0.0
2023-02-20 00:00:00+09:00,4204.361656746032,4231.084294394842,4133.10128968254,4208.8154296875,58239,0.0,0.0
2023-02-21 00:00:00+09:00,4208.8158944936895,4231.084761660323,4133.101746127137,4168.73193359375,142,0.0,0.0
2023-02-22 00:00:00+09:00,4133.101945465686,4159.824587354473,4026.2113779105393,4088.564208984375,4,0.0,0.0
2023-02-23 00:00:00+09:00,4026.211446638828,4066.29541015625,4026.211446638828,4066.29541015625,605,0.0,0.0
2023-02-24 00:00:00+09:00,4061.8413289159166,4106.379062785609,3959.404541015625,3959.404541015625,253,0.0,0.0
2023-02-27 00:00:00+09:00,3950.497404601571,4017.304012345679,3843.6068322109986,3968.3125,97833,0.0,0.0
2023-02-28 00:00:00+09:00,3968.312388224774,4066.29541015625,3919.320877259036,4066.29541015625,69075,0.0,0.0
2023-03-02 00:00:00+09:00,4106.3793035768995,4133.101945465686,4052.934019799326,4088.564208984375,49065,0.0,0.0
2023-03-03 00:00:00+09:00,4133.101714691558,4164.278128487724,4066.295113699777,4115.28662109375,50839,0.0,0.0
2023-03-06 00:00:00+09:00,4119.740540016699,4133.101860687023,4039.572615994752,4084.1103515625,56037,0.0,0.0
2023-03-07 00:00:00+09:00,4084.1104767489246,4097.471797828801,3981.6736818032045,4012.85009765625,55834,0.0,0.0
2023-03-08 00:00:00+09:00,3981.673674789463,4133.101980094655,3914.8670695077603,3999.48876953125,64645,0.0,0.0
2023-03-09 00:00:00+09:00,4012.8500905875903,4017.303864273037,3950.497258991335,3999.48876953125,35164,0.0,0.0
2023-03-10 00:00:00+09:00,3954.9507189114524,3954.9507189114524,3852.51393227298,3879.236572265625,61692,0.0,0.0
2023-03-13 00:00:00+09:00,3816.8835797589722,3879.2364036990252,3763.4383020960695,3870.328857421875,91502,0.0,0.0
2023-03-14 00:00:00+09:00,3839.152676881932,3839.152676881932,3678.8168342279305,3714.447021484375,84198,0.0,0.0
2023-03-15 00:00:00+09:00,3727.808690654158,3861.4219053729453,3705.5398215343603,3758.985107421875,55923,0.0,0.0
2023-03-16 00:00:00+09:00,3785.70770226591,3799.069023568025,3625.3718466405303,3665.455810546875,70760,0.0,0.0
2023-03-17 00:00:00+09:00,3705.539528508772,3807.976318359375,3643.186699904057,3807.976318359375,54325,0.0,0.0
2023-03-20 00:00:00+09:00,3758.984742914244,3874.782851108285,3758.984742914244,3830.2451171875,45441,0.0,0.0
2023-03-21 00:00:00+09:00,3830.2454886052283,3839.153036253147,3732.2624644781176,3758.985107421875,25525,0.0,0.0
2023-03-22 00:00:00+09:00,3745.623504528234,3772.346145464226,3661.0018082309257,3692.17822265625,77907,0.0,0.0
2023-03-23 00:00:00+09:00,3643.1868296682096,3718.9009813850307,3607.556640625,3607.556640625,68176,0.0,0.0
2023-03-24 00:00:00+09:00,3607.5567515710436,3669.909584314247,3607.5567515710436,3665.455810546875,20516,0.0,0.0
2023-03-27 00:00:00+09:00,3647.640420378541,3714.447021484375,3571.9262724585956,3714.447021484375,34051,0.0,0.0
2023-03-28 00:00:00+09:00,3714.447272625448,3816.88406791368,3674.363309251792,3727.80859375,51824,0.0,0.0
2023-03-29 00:00:00+09:00,3727.808357456752,3741.169677734375,3687.7243966238843,3741.169677734375,41937,0.0,0.0
2023-03-30 00:00:00+09:00,3723.3548200418163,3781.253878248208,3705.53972520908,3727.80859375,53577,0.0,0.0
2023-03-31 00:00:00+09:00,3723.3545361446927,3723.3545361446927,3629.825295404216,3661.001708984375,122678,0.0,0.0
2023-04-03 00:00:00+09:00,3661.0018913544804,3732.26226880177,3598.649061088103,3696.632080078125,150813,0.0,0.0
2023-04-04 00:00:00+09:00,3705.539498072361,3754.531005859375,3687.724404331628,3754.531005859375,71189,0.0,0.0
2023-04-05 00:00:00+09:00,3754.5310366981907,3830.245185718202,3732.262169339364,3807.976318359375,65001,0.0,0.0
2023-04-06 00:00:00+09:00,3785.707458052739,3785.707458052739,3652.094253650878,3678.81689453125,73310,0.0,0.0
2023-04-07 00:00:00+09:00,3665.4555740910637,3696.6319884514983,3634.2791597306295,3678.81689453125,58930,0.0,0.0
2023-04-10 00:00:00+09:00,3643.186737287725,3678.8169254274585,3589.741455078125,3589.741455078125,76957,0.0,0.0
2023-04-11 00:00:00+09:00,3580.833952375986,3678.816970973339,3567.472631658165,3669.909423828125,51445,0.0,0.0
2023-04-12 00:00:00+09:00,3669.909347571126,3705.539535411622,3616.4640658103813,3678.81689453125,41976,0.0,0.0
2023-04-13 00:00:00+09:00,3669.9096309426836,3785.7077503656324,3620.9181188791285,3758.985107421875,42198,0.0,0.0
2023-04-14 00:00:00+09:00,3767.8923945985994,3892.5980530486713,3750.0773005343035,3874.782958984375,96933,0.0,0.0
2023-04-17 00:00:00+09:00,3865.8752603421767,3892.597900390625,3799.0686602210562,3892.597900390625,64545,0.0,0.0
2023-04-18 00:00:00+09:00,3892.5982212451618,3892.5982212451618,3790.1614259492367,3883.690673828125,61236,0.0,0.0
2023-04-19 00:00:00+09:00,3874.78263056045,3883.6901768376006,3816.8835797589722,3870.328857421875,96633,0.0,0.0
2023-04-20 00:00:00+09:00,3861.42180499552,3888.1444472446237,3727.80859375,3727.80859375,134291,0.0,0.0
2023-04-21 00:00:00+09:00,3683.2707997001844,3709.993441535978,3558.5651377998156,3620.91796875,183291,0.0,0.0
2023-04-24 00:00:00+09:00,3563.0186551270135,3620.9177082728274,3531.842241894652,3594.195068359375,96094,0.0,0.0
2023-04-25 00:00:00+09:00,3554.1110922138346,3589.741278601943,3500.6658126316715,3567.472412109375,75335,0.0,0.0
2023-04-26 00:00:00+09:00,3540.7501046316966,3620.9180315290178,3514.027462332589,3585.287841796875,60603,0.0,0.0
2023-04-27 00:00:00+09:00,3580.833923039178,3638.732979008717,3536.296187677994,3616.464111328125,70396,0.0,0.0
2023-04-28 00:00:00+09:00,3629.8254167353252,3643.186737287725,3549.657493420925,3589.741455078125,67565,0.0,0.0
2023-05-02 00:00:00+09:00,3585.2876815606587,3625.3716432178585,3563.018813973325,3589.741455078125,62261,0.0,0.0
2023-05-03 00:00:00+09:00,3589.7417503896386,3589.7417503896386,3478.397403293186,3527.388916015625,146745,0.0,0.0
2023-05-04 00:00:00+09:00,3491.75830078125,3496.2120741240833,3424.951700638752,3491.75830078125,94960,0.0,0.0
2023-05-08 00:00:00+09:00,3473.9432986496668,3536.2961270869687,3451.6744313506306,3509.573486328125,49342,0.0,0.0
2023-05-09 00:00:00+09:00,3518.4809326484474,3518.4809326484474,3456.128105993918,3478.39697265625,29794,0.0,0.0
2023-05-10 00:00:00+09:00,3473.943251572646,3473.943251572646,3407.1366505808646,3429.405517578125,50902,0.0,0.0
2023-05-11 00:00:00+09:00,3429.4056239983975,3509.573547676282,3393.7754356971154,3473.943359375,54139,0.0,0.0
2023-05-12 00:00:00+09:00,3473.9434917902545,3473.9434917902545,3402.68311247148,3416.04443359375,40543,0.0,0.0
2023-05-15 00:00:00+09:00,3384.8678513071895,3420.4980392156863,3340.3301164215686,3407.13671875,54387,0.0,0.0
2023-05-16 00:00:00+09:00,3375.960342815216,3407.136757590554,3326.9688338825413,3331.422607421875,59307,0.0,0.0
2023-05-17 00:00:00+09:00,3326.9688919937057,3460.582100507509,3326.9688919937057,3438.313232421875,63286,0.0,0.0
2023-05-18 00:00:00+09:00,3473.9432595710705,3473.9432595710705,3416.044205244886,3442.766845703125,23776,0.0,0.0
2023-05-19 00:00:00+09:00,3442.7669296067506,3469.4895707162464,3398.229194424257,3447.220703125,35720,0.0,0.0
2023-05-22 00:00:00+09:00,3447.2206578908235,3509.573486328125,3411.5904702123653,3509.573486328125,133921,0.0,0.0
2023-05-23 00:00:00+09:00,3500.665855553129,3527.3884956718553,3487.304535493766,3505.11962890625,26227,0.0,0.0
2023-05-24 00:00:00+09:00,3469.489442081282,3522.934722318734,3456.128122021919,3505.11962890625,27928,0.0,0.0
2023-05-25 00:00:00+09:00,3487.3045274384167,3505.11962080975,3473.9432074099172,3491.75830078125,30440,0.0,0.0
2023-05-26 00:00:00+09:00,3491.7586285828024,3509.5737236265923,3438.313343451433,3496.21240234375,36886,0.0,0.0
2023-05-30 00:00:00+09:00,3469.489367041449,3518.480872866168,3451.6742740142786,3514.027099609375,57417,0.0,0.0
2023-05-31 00:00:00+09:00,3514.027167495416,3518.4809408382494,3491.75830078125,3491.75830078125,24385,0.0,0.0
2023-06-01 00:00:00+09:00,3465.0360816416114,3545.2040115510576,3465.0360816416114,3527.388916015625,58012,0.0,0.0
2023-06-02 00:00:00+09:00,3527.3885117827867,3545.2036052766393,3505.1196449154713,3531.84228515625,20642,0.0,0.0
2023-06-05 00:00:00+09:00,3531.842192636546,3536.2959658933382,3496.2120065822046,3514.027099609375,27185,0.0,0.0
2023-06-07 00:00:00+09:00,3514.0270325783217,3558.5647642966783,3491.7581667191434,3536.2958984375,31500,0.0,0.0
2023-06-08 00:00:00+09:00,3536.296066514212,3558.5649334318077,3518.480972980135,3545.20361328125,29892,0.0,0.0
2023-06-09 00:00:00+09:00,3545.2037048339844,3634.2791748046875,3500.665969848633,3563.018798828125,30706,0.0,0.0
2023-06-12 00:00:00+09:00,3563.0188454198474,3563.0188454198474,3496.2122420682254,3500.666015625,61575,0.0,0.0
2023-06-13 00:00:00+09:00,3576.379850359661,3745.623230575934,3576.379850359661,3652.093994140625,316536,0.0,0.0
2023-06-14 00:00:00+09:00,3661.001737599361,3696.6319248266054,3518.4809886903836,3571.92626953125,101244,0.0,0.0
2023-06-15 00:00:00+09:00,3563.018973214286,3620.9180315290178,3540.7501046316966,3585.287841796875,36746,0.0,0.0
2023-06-16 00:00:00+09:00,3585.28795163031,3661.0021071305778,3571.9266300714394,3643.18701171875,60221,0.0,0.0
2023-06-19 00:00:00+09:00,3643.1866600112157,3643.1866600112157,3580.8338320892635,3598.64892578125,22668,0.0,0.0
2023-06-20 00:00:00+09:00,3589.7413789352568,3607.5564726272432,3522.934777590308,3598.64892578125,49011,0.0,0.0
2023-06-21 00:00:00+09:00,3580.8338616850415,3594.195182064463,3509.573486328125,3509.573486328125,25365,0.0,0.0
2023-06-22 00:00:00+09:00,3473.9434846408703,3509.5736742269305,3402.68310546875,3402.68310546875,51144,0.0,0.0
2023-06-23 00:00:00+09:00,3402.68310546875,3741.169906536322,3389.321784373977,3402.68310546875,423617,0.0,0.0
2023-06-26 00:00:00+09:00,3402.6829679425064,3509.5735323804906,3380.4141003512595,3447.220703125,40206,0.0,0.0
2023-06-27 00:00:00+09:00,3465.035972350369,3496.2123885540354,3447.2208773768452,3469.48974609375,29369,0.0,0.0
2023-06-28 00:00:00+09:00,3473.94328319813,3500.6659238381158,3456.1281894381395,3482.850830078125,24054,0.0,0.0
2023-06-29 00:00:00+09:00,3482.8509064503205,3518.4810947516025,3456.128265224359,3473.943359375,17676,0.0,0.0
2023-06-30 00:00:00+09:00,3447.2207255747126,3500.6660081417626,3424.951857838442,3487.3046875,33063,0.0,0.0
2023-07-03 00:00:00+09:00,3514.027448556301,3589.741601440277,3496.2123537600714,3558.565185546875,42382,0.0,0.0
2023-07-04 00:00:00+09:00,3563.018821461681,3612.010330256779,3554.111274408027,3603.102783203125,53378,0.0,0.0
2023-07-05 00:00:00+09:00,3603.102922537449,3612.010469935564,3558.565185546875,3558.565185546875,17544,0.0,0.0
2023-07-06 00:00:00+09:00,3558.564875882056,3558.564875882056,3451.67431640625,3451.67431640625,55255,0.0,0.0
2023-07-07 00:00:00+09:00,3433.859306728717,3496.2121346070594,3429.4055333088354,3456.128173828125,31117,0.0,0.0
2023-07-10 00:00:00+09:00,3465.0357517300527,3549.6574474663903,3442.766884431016,3509.573486328125,26688,0.0,0.0
2023-07-11 00:00:00+09:00,3509.573402259371,3558.5649091437026,3473.943215434403,3505.11962890625,29043,0.0,0.0
2023-07-12 00:00:00+09:00,3487.304393547308,3540.7496716093356,3487.304393547308,3536.2958984375,48246,0.0,0.0
2023-07-13 00:00:00+09:00,3558.5649493210335,3598.6489099516834,3540.7498557074114,3571.92626953125,28045,0.0,0.0
2023-07-14 00:00:00+09:00,3629.825323775522,3629.825323775522,3545.2036291108166,3571.92626953125,18312,0.0,0.0
2023-07-17 00:00:00+09:00,3594.195283018868,3594.195283018868,3500.666037735849,3540.75,27311,0.0,0.0
2023-07-18 00:00:00+09:00,3540.7498075524154,3558.5649009237486,3491.75830078125,3491.75830078125,19924,0.0,0.0
2023-07-19 00:00:00+09:00,3460.582046216475,3527.3886494252874,3460.582046216475,3487.3046875,41021,0.0,0.0
2023-07-20 00:00:00+09:00,3469.4895933109833,3491.758461047254,3465.0358197637293,3487.3046875,9862,0.0,0.0
2023-07-21 00:00:00+09:00,3473.9434213588893,3478.397194976016,3429.4056851876217,3438.313232421875,39667,0.0,0.0
2023-07-24 00:00:00+09:00,3438.3133659111495,3438.3133659111495,3375.9605328505845,3380.414306640625,45908,0.0,0.0
2023-07-25 00:00:00+09:00,3380.4139703409564,3384.8677436879143,3340.330010218336,3362.598876953125,32188,0.0,0.0
2023-07-26 00:00:00+09:00,3362.5988886745545,3362.5988886745545,3095.372486925583,3246.80078125,151910,0.0,0.0
2023-07-27 00:00:00+09:00,3206.7170358211433,3349.23779296875,3206.7170358211433,3349.23779296875,27946,0.0,0.0
2023-07-28 00:00:00+09:00,3335.876395875642,3393.775452145847,3309.153754520163,3358.145263671875,17155,0.0,0.0
2023-07-31 00:00:00+09:00,3393.775452145847,3393.775452145847,3322.5150751979027,3358.145263671875,19913,0.0,0.0
2023-08-01 00:00:00+09:00,3384.8677517933706,3420.4979386543537,3304.6998313561594,3375.960205078125,20221,0.0,0.0
2023-08-02 00:00:00+09:00,3375.960265625,3407.1366796875,3340.330078125,3340.330078125,37259,0.0,0.0
2023-08-03 00:00:00+09:00,3309.153754520163,3402.68299926434,3295.7924338424236,3358.145263671875,25445,0.0,0.0
2023-08-04 00:00:00+09:00,3358.145278448808,3429.405655710321,3344.783957712274,3384.867919921875,38734,0.0,0.0
2023-08-07 00:00:00+09:00,3384.8680106757197,3429.4057476582952,3362.599142184432,3402.68310546875,25017,0.0,0.0
2023-08-08 00:00:00+09:00,3349.2376551797943,3367.052749090325,3228.9857712837115,3251.254638671875,80406,0.0,0.0
2023-08-09 00:00:00+09:00,3233.4396281314125,3286.8849112410226,3220.07830735401,3255.70849609375,18760,0.0,0.0
2023-08-10 00:00:00+09:00,3295.79262768588,3295.79262768588,3233.43979418912,3264.6162109375,19077,0.0,0.0
2023-08-11 00:00:00+09:00,3264.6161411357766,3295.792557217564,3251.2548199578673,3286.885009765625,20655,0.0,0.0
2023-08-14 00:00:00+09:00,3264.615824982419,3264.615824982419,3157.725265910689,3166.6328125,110471,0.0,0.0
2023-08-16 00:00:00+09:00,3113.1875999385843,3166.6328806242254,3113.1875999385843,3144.364013671875,36331,0.0,0.0
2023-08-17 00:00:00+09:00,3082.011260986328,3157.725410461426,3028.5659790039062,3135.45654296875,47398,0.0,0.0
2023-08-18 00:00:00+09:00,3135.456450892857,3153.271544363839,3095.3724905831473,3117.641357421875,14075,0.0,0.0
2023-08-21 00:00:00+09:00,3117.6414336720986,3144.3640745321454,3090.9187928120523,3108.73388671875,39504,0.0,0.0
2023-08-22 00:00:00+09:00,3108.7339482846464,3108.7339482846464,3055.288665506114,3073.103759765625,33684,0.0,0.0
2023-08-23 00:00:00+09:00,3082.011314315025,3126.549050071023,3055.2886728614267,3086.465087890625,21509,0.0,0.0
2023-08-24 00:00:00+09:00,3086.4650952569373,3099.826416015625,3064.1962273257905,3099.826416015625,13878,0.0,0.0
2023-08-25 00:00:00+09:00,3104.2800840415,3220.078193345774,3073.1036699980414,3197.809326171875,28669,0.0,0.0
2023-08-28 00:00:00+09:00,3171.0866855631966,3220.078193345774,3166.6329121284166,3197.809326171875,7840,0.0,0.0
2023-08-29 00:00:00+09:00,3197.8093416835723,3242.3470762474103,3197.8093416835723,3224.531982421875,29460,0.0,0.0
2023-08-30 00:00:00+09:00,3224.5319901457187,3237.893310546875,3211.1706697445625,3237.893310546875,14200,0.0,0.0
2023-08-31 00:00:00+09:00,3220.078100380777,3228.985646993172,3162.17904740021,3179.994140625,24147,0.0,0.0
2023-09-01 00:00:00+09:00,3179.994232432756,3206.7168730414346,3135.456498084958,3197.809326171875,21877,0.0,0.0
2023-09-04 00:00:00+09:00,3179.9942007956356,3193.355520967046,3126.5489201099945,3144.364013671875,31482,0.0,0.0
2023-09-05 00:00:00+09:00,3144.3641812599312,3157.725502143472,3131.0028603763903,3153.271728515625,23369,0.0,0.0
2023-09-06 00:00:00+09:00,3153.271728515625,3157.725502143472,3113.187765865003,3153.271728515625,18651,0.0,0.0
2023-09-07 00:00:00+09:00,3148.8178861599317,3179.9943008743867,3082.0112832003856,3175.54052734375,29136,0.0,0.0
2023-09-08 00:00:00+09:00,3148.8177274816176,3179.994140625,3131.0026342568276,3179.994140625,12900,0.0,0.0
2023-09-11 00:00:00+09:00,3179.9944615739114,3184.448235329617,3126.549176505442,3171.0869140625,9450,0.0,0.0
2023-09-12 00:00:00+09:00,3171.0868445998954,3215.6245811813546,3153.2717499673117,3193.355712890625,12666,0.0,0.0
2023-09-13 00:00:00+09:00,3188.901755608692,3188.901755608692,3148.817794993499,3157.725341796875,10742,0.0,0.0
2023-09-14 00:00:00+09:00,3126.549003547118,3171.086738640382,3126.549003547118,3148.81787109375,7030,0.0,0.0
2023-09-15 00:00:00+09:00,3148.817983330621,3211.1708146837022,3131.002888658312,3206.717041015625,9868,0.0,0.0
2023-09-18 00:00:00+09:00,3179.9943008743867,3206.716942058205,3153.271659690568,3175.54052734375,8616,0.0,0.0
2023-09-19 00:00:00+09:00,3175.540466731861,3237.8932949706355,3162.1791463949808,3211.170654296875,27733,0.0,0.0
2023-09-20 00:00:00+09:00,3211.1708778638517,3224.532199130969,3148.818045283971,3171.0869140625,20549,0.0,0.0
2023-09-21 00:00:00+09:00,3153.2716292573114,3184.4480436708723,3122.09521484375,3122.09521484375,31844,0.0,0.0
2023-09-22 00:00:00+09:00,3144.3640899658203,3184.4480514526367,3104.280128479004,3135.45654296875,15394,0.0,0.0
2023-09-25 00:00:00+09:00,3135.456535306705,3148.8178557696597,3117.6414413560988,3122.09521484375,6454,0.0,0.0
2023-09-26 00:00:00+09:00,3099.826271892781,3131.002685546875,3064.1960848595304,3131.002685546875,23515,0.0,0.0
2023-09-27 00:00:00+09:00,3055.2885897421424,3131.0027384675304,3055.2885897421424,3082.01123046875,22803,0.0,0.0
2023-10-04 00:00:00+09:00,3041.9272693788384,3086.4650039231847,2992.9357613800576,3082.01123046875,36578,0.0,0.0
2023-10-05 00:00:00+09:00,3041.9272381950827,3077.5574254653034,3028.56591796875,3028.56591796875,13619,0.0,0.0
2023-10-06 00:00:00+09:00,3028.566031407828,3086.465087890625,3024.112257832229,3086.465087890625,9930,0.0,0.0
2023-10-10 00:00:00+09:00,3037.4735638703146,3077.557525856873,3037.4735638703146,3059.742431640625,19824,0.0,0.0
2023-10-11 00:00:00+09:00,3037.473585808414,3135.45660470546,3037.473585808414,3099.826416015625,10317,0.0,0.0
2023-10-12 00:00:00+09:00,3131.002908580241,3131.002908580241,3090.9189453125,3090.9189453125,14058,0.0,0.0
2023-10-13 00:00:00+09:00,3117.641418104227,3326.9687704626535,3037.473495924404,3082.01123046875,237508,0.0,0.0
2023-10-16 00:00:00+09:00,3037.473396869297,3064.1960367244524,3033.0196235601047,3050.834716796875,18540,0.0,0.0
2023-10-17 00:00:00+09:00,3037.473404995231,3095.3724581696265,3033.0196316741235,3064.196044921875,10769,0.0,0.0
2023-10-18 00:00:00+09:00,3050.8347330493625,3090.9186930456312,3041.9271863835247,3077.557373046875,12906,0.0,0.0
2023-10-19 00:00:00+09:00,3050.834884532501,3073.103752302811,3024.1122432081283,3059.742431640625,20738,0.0,0.0
2023-10-20 00:00:00+09:00,3028.565971249066,3064.1961591461136,2899.4065401222674,2979.574462890625,53064,0.0,0.0
2023-10-23 00:00:00+09:00,2979.5744236937358,2997.3895174078984,2894.9527285514623,2912.767822265625,17558,0.0,0.0
2023-10-24 00:00:00+09:00,2921.675704074848,2935.0370258922635,2854.8690949877705,2930.583251953125,13045,0.0,0.0
2023-10-25 00:00:00+09:00,2952.851845189145,2966.2131657556115,2872.6839217903444,2877.1376953125,54878,0.0,0.0
2023-10-26 00:00:00+09:00,2877.137855801841,2881.591629572432,2792.5161541606103,2872.68408203125,42576,0.0,0.0
2023-10-27 00:00:00+09:00,2872.6839293022917,2899.406570505104,2837.0537410318757,2890.4990234375,16226,0.0,0.0
2023-10-30 00:00:00+09:00,2894.9527363073153,2926.129150390625,2886.0451894263697,2926.129150390625,20879,0.0,0.0
2023-10-31 00:00:00+09:00,2939.4903944186267,2939.4903944186267,2899.4064344947365,2935.03662109375,11442,0.0,0.0
2023-11-01 00:00:00+09:00,2930.5828477688733,3082.0111408146813,2912.7677544693665,2935.03662109375,13863,0.0,0.0
2023-11-02 00:00:00+09:00,2935.0367961102224,2992.9358527861446,2935.0367961102224,2957.3056640625,8004,0.0,0.0
2023-11-03 00:00:00+09:00,2957.3057000184094,3024.1123046875,2957.3057000184094,3024.1123046875,6467,0.0,0.0
2023-11-06 00:00:00+09:00,3033.0196397176874,3077.557373046875,2992.935679721418,3077.557373046875,10931,0.0,0.0
2023-11-07 00:00:00+09:00,3041.9274765307655,3073.1038928348876,2997.389738953448,3015.204833984375,9612,0.0,0.0
2023-11-08 00:00:00+09:00,3015.20464299749,3037.47351037561,2948.3980408631287,2966.213134765625,14792,0.0,0.0
2023-11-09 00:00:00+09:00,2984.028295651831,3086.465087890625,2966.213201349432,3086.465087890625,41695,0.0,0.0
2023-11-10 00:00:00+09:00,3086.464919712713,3104.280013044388,3041.9271863835247,3077.557373046875,18356,0.0,0.0
2023-11-13 00:00:00+09:00,3077.5575957088527,3077.5575957088527,2988.4821226058466,3037.4736328125,12240,0.0,0.0
2023-11-14 00:00:00+09:00,3033.019949420896,3055.288818359375,2992.9359853316328,3055.288818359375,24325,0.0,0.0
2023-11-15 00:00:00+09:00,3055.288712902182,3055.288712902182,2948.3981456869456,3010.7509765625,24662,0.0,0.0
2023-11-16 00:00:00+09:00,3010.7509693072066,3010.7509693072066,2970.667006698087,2997.3896484375,28275,0.0,0.0
2023-11-17 00:00:00+09:00,2997.38964114972,3006.2971883745336,2921.675489738806,2984.0283203125,26354,0.0,0.0
2023-11-20 00:00:00+09:00,2984.0283203125,3006.2971883745336,2970.6669994752797,2984.0283203125,28073,0.0,0.0
2023-11-21 00:00:00+09:00,2970.6669310619213,3033.0197601996524,2970.6669310619213,3006.297119140625,55646,0.0,0.0
2023-11-22 00:00:00+09:00,2984.0283275677934,3024.112290176913,2984.0283275677934,2997.3896484375,36054,0.0,0.0
2023-11-23 00:00:00+09:00,3028.5659790039062,3037.4735260009766,2979.5744705200195,2992.935791015625,68922,0.0,0.0
2023-11-24 00:00:00+09:00,3010.750808489429,3028.565902030786,2988.481941562732,3001.84326171875,22764,0.0,0.0
2023-11-27 00:00:00+09:00,3001.8432292650114,3001.8432292650114,2948.39794921875,2948.39794921875,25597,0.0,0.0
2023-11-28 00:00:00+09:00,2948.39794106838,2961.75926104301,2903.860207819613,2935.03662109375,9183,0.0,0.0
2023-11-29 00:00:00+09:00,2935.0368581632288,2943.9444055324648,2894.9528950016675,2921.675537109375,16320,0.0,0.0
2023-11-30 00:00:00+09:00,2930.582923831098,2952.8517910334617,2894.9527363073153,2926.129150390625,19975,0.0,0.0
2023-12-01 00:00:00+09:00,2939.4906247009,2939.4906247009,2890.499114289218,2908.314208984375,38489,0.0,0.0
2023-12-04 00:00:00+09:00,2926.1292040562116,2926.1292040562116,2872.6839217903444,2877.1376953125,35767,0.0,0.0
2023-12-05 00:00:00+09:00,2877.137619206935,2908.314033037351,2863.7762989938997,2886.045166015625,44435,0.0,0.0
2023-12-06 00:00:00+09:00,2886.045249903698,2903.860344038906,2863.776382234688,2890.4990234375,36684,0.0,0.0
2023-12-07 00:00:00+09:00,2886.045081868238,2917.221494789654,2881.59130859375,2881.59130859375,21988,0.0,0.0
2023-12-08 00:00:00+09:00,2890.499114289218,2926.129303679532,2881.5915669416395,2908.314208984375,35149,0.0,0.0
2023-12-11 00:00:00+09:00,2912.768017431933,2992.935944517216,2908.314243704973,2975.120849609375,41312,0.0,0.0
2023-12-12 00:00:00+09:00,2943.9442673875046,2997.3895490949935,2943.9442673875046,2966.213134765625,15763,0.0,0.0
2023-12-13 00:00:00+09:00,2957.305495893127,2966.2130425675036,2939.490402544373,2948.39794921875,9241,0.0,0.0
2023-12-14 00:00:00+09:00,2952.8519809745744,3028.566134332897,2948.398207247614,2975.120849609375,17517,0.0,0.0
2023-12-15 00:00:00+09:00,2992.9358675373132,3006.2971883745336,2975.1207730876863,2984.0283203125,29682,0.0,0.0
2023-12-18 00:00:00+09:00,3006.2971883745336,3006.2971883745336,2952.8519050256527,2984.0283203125,16365,0.0,0.0
2023-12-19 00:00:00+09:00,3015.204666160301,3028.5659866898145,2992.935798611111,3006.297119140625,13191,0.0,0.0
2023-12-20 00:00:00+09:00,3001.84343646447,3037.473625621318,3001.84343646447,3024.1123046875,14807,0.0,0.0
2023-12-21 00:00:00+09:00,3006.297202928532,3033.019844732341,3006.297202928532,3010.7509765625,10363,0.0,0.0
2023-12-22 00:00:00+09:00,3010.750983753682,3041.927399265924,3001.84343646447,3024.1123046875,12822,0.0,0.0
2023-12-26 00:00:00+09:00,3037.4736110466197,3046.3811582930903,2966.2132330748514,2997.3896484375,18098,0.0,0.0
2023-12-27 00:00:00+09:00,3052.811325992446,3066.666748046875,3038.955903938018,3066.666748046875,20025,120.0,0.0
2023-12-28 00:00:00+09:00,3066.666673368566,3140.562255859375,3038.9558299345126,3140.562255859375,10624,0.0,0.0
2024-01-02 00:00:00+09:00,3140.5622746394233,3140.5622746394233,3098.9960092397837,3122.08837890625,22194,0.0,0.0
2024-01-03 00:00:00+09:00,3108.2328266155055,3135.943669051899,3080.5219841791113,3131.3251953125,17632,0.0,0.0
2024-01-04 00:00:00+09:00,3098.9958791367076,3131.3251953125,3089.758931657909,3131.3251953125,10697,0.0,0.0
2024-01-05 00:00:00+09:00,3131.3254010169917,3177.510141444971,3131.3254010169917,3168.273193359375,19429,0.0,0.0
2024-01-08 00:00:00+09:00,3168.2731276155387,3182.128549456423,3145.1807578807316,3172.8916015625,24694,0.0,0.0
2024-01-09 00:00:00+09:00,3163.654588211414,3200.6023790226427,3159.0361143600107,3177.510009765625,22337,0.0,0.0
2024-01-10 00:00:00+09:00,3149.799066310976,3219.076171875,3149.799066310976,3219.076171875,15511,0.0,0.0
2024-01-11 00:00:00+09:00,3195.9838033536585,3232.931592987805,3195.9838033536585,3219.076171875,14699,0.0,0.0
2024-01-12 00:00:00+09:00,3168.2731553663093,3219.0763692278683,3168.2731553663093,3205.220947265625,31572,0.0,0.0
2024-01-15 00:00:00+09:00,3168.273136696365,3223.69482421875,3168.273136696365,3223.69482421875,2620,0.0,0.0
2024-01-16 00:00:00+09:00,3223.694843215283,3223.694843215283,3191.3655253033817,3205.220947265625,16471,0.0,0.0
2024-01-17 00:00:00+09:00,3177.510104790419,3251.4056886227545,3085.140625,3085.140625,39759,0.0,0.0
2024-01-18 00:00:00+09:00,3048.1927597313597,3182.1285022044044,3048.1927597313597,3159.0361328125,10585,0.0,0.0
2024-01-19 00:00:00+09:00,3159.036318022629,3251.405801005747,3159.036318022629,3214.4580078125,40011,0.0,0.0
2024-01-22 00:00:00+09:00,3219.0763692278683,3237.5502651775264,3205.220947265625,3205.220947265625,16680,0.0,0.0
2024-01-23 00:00:00+09:00,3219.076303254272,3246.7871466108363,3205.2208815759896,3209.83935546875,16460,0.0,0.0
2024-01-24 00:00:00+09:00,3246.787137915383,3288.3534028389086,3172.891555829115,3279.116455078125,82567,0.0,0.0
2024-01-25 00:00:00+09:00,3246.7872030368476,3353.0121044164316,3237.550255090797,3274.498046875,19338,0.0,0.0
2024-01-26 00:00:00+09:00,3237.5500963384457,3302.208728790283,3232.931622591886,3251.405517578125,7668,0.0,0.0
2024-01-29 00:00:00+09:00,3246.787241022869,3265.2611371311073,3237.55029296875,3237.55029296875,19419,0.0,0.0
2024-01-30 00:00:00+09:00,3232.9317062880004,3237.5501801541263,3223.694758555749,3228.313232421875,13386,0.0,0.0
2024-01-31 00:00:00+09:00,3195.983879121729,3288.3533553969237,3145.180667170372,3265.260986328125,34956,0.0,0.0
2024-02-01 00:00:00+09:00,3232.931846144509,3269.879638671875,3232.931846144509,3269.879638671875,14846,0.0,0.0
2024-02-02 00:00:00+09:00,3269.8795729019744,3320.6827866052536,3246.7872030368476,3274.498046875,16245,0.0,0.0
2024-02-05 00:00:00+09:00,3269.879611158167,3274.4980851852265,3209.8394488063923,3237.55029296875,27205,0.0,0.0
2024-02-06 00:00:00+09:00,3237.550378558279,3242.1688527074352,3195.9841112158765,3214.4580078125,23368,0.0,0.0
2024-02-07 00:00:00+09:00,3191.365358872847,3288.353307550604,3191.365358872847,3251.405517578125,27278,0.0,0.0
2024-02-08 00:00:00+09:00,3232.931799922429,3302.208909920767,3219.0763779227614,3256.024169921875,30611,0.0,0.0
2024-02-13 00:00:00+09:00,3260.642559556558,3329.919667762434,3256.024085676166,3279.116455078125,16284,0.0,0.0
2024-02-14 00:00:00+09:00,3279.116389493231,3316.0641797973803,3269.879441917194,3283.73486328125,66053,0.0,0.0
2024-02-15 00:00:00+09:00,3297.59025979238,3413.0521036226455,3279.1163647795374,3371.48583984375,45658,0.0,0.0
2024-02-16 00:00:00+09:00,3343.775145833333,3491.5663125,3325.30125,3463.85546875,92794,0.0,0.0
2024-02-19 00:00:00+09:00,3505.421820600881,3505.421820600881,3431.5262354498745,3440.76318359375,31110,0.0,0.0
2024-02-20 00:00:00+09:00,3403.815261044177,3477.7108433734943,3403.815261044177,3450.0,27194,0.0,0.0
2024-02-21 00:00:00+09:00,3413.05224609375,3496.184777121744,3399.196824255751,3413.05224609375,17488,0.0,0.0
2024-02-22 00:00:00+09:00,3450.0001512288086,3473.092521718961,3371.4860915622894,3422.289306640625,63270,0.0,0.0
2024-02-23 00:00:00+09:00,3505.421657582876,3505.421657582876,3371.485915725296,3417.670654296875,28497,0.0,0.0
2024-02-26 00:00:00+09:00,3431.5262548366863,3482.329469915022,3357.630669268198,3422.289306640625,16410,0.0,0.0
2024-02-27 00:00:00+09:00,3417.6707581651845,3454.6185501453488,3371.4860181899794,3376.1044921875,25672,0.0,0.0
2024-02-28 00:00:00+09:00,3348.393546439506,3440.7630235826646,3348.393546439506,3417.670654296875,16263,0.0,0.0
2024-02-29 00:00:00+09:00,3445.3815448088408,3445.3815448088408,3399.196805602288,3431.526123046875,6349,0.0,0.0
2024-03-04 00:00:00+09:00,3399.1967588682433,3459.2369190112963,3399.1967588682433,3417.670654296875,15819,0.0,0.0
2024-03-05 00:00:00+09:00,3399.1968519604557,3445.381591796875,3380.722956025888,3445.381591796875,11134,0.0,0.0
2024-03-06 00:00:00+09:00,3417.670654296875,3445.381497439823,3394.5782850110854,3417.670654296875,18008,0.0,0.0
2024-03-07 00:00:00+09:00,3500.803164902554,3500.803164902554,3399.196740591398,3436.14453125,11348,0.0,0.0
2024-03-08 00:00:00+09:00,3431.5260391643337,3505.421620088465,3408.433670125543,3454.618408203125,19562,0.0,0.0
2024-03-11 00:00:00+09:00,3491.5663125,3496.1847864583333,3413.0522552083335,3463.85546875,18952,0.0,0.0
2024-03-12 00:00:00+09:00,3463.855290126419,3468.473763846587,3417.6705529247333,3459.23681640625,48597,0.0,0.0
2024-03-13 00:00:00+09:00,3426.9075835853496,3496.1846910702284,3426.9075835853496,3436.14453125,14638,0.0,0.0
2024-03-14 00:00:00+09:00,3436.144578313253,3454.6184738955826,3417.670682730924,3450.0,14928,0.0,0.0
2024-03-15 00:00:00+09:00,3413.0521905038077,3519.277089531666,3413.0521905038077,3468.473876953125,15545,0.0,0.0
2024-03-18 00:00:00+09:00,3422.288997022932,3463.855260144668,3403.8151023021605,3426.907470703125,21153,0.0,0.0
2024-03-19 00:00:00+09:00,3394.578331681633,3454.6184926501514,3389.9598577609777,3431.526123046875,13322,0.0,0.0
2024-03-20 00:00:00+09:00,3399.1966286219676,3445.3813654238966,3357.6303655002316,3426.907470703125,13209,0.0,0.0
2024-03-21 00:00:00+09:00,3399.196805602288,3454.6184926501514,3385.341383840322,3431.526123046875,26905,0.0,0.0
2024-03-22 00:00:00+09:00,3399.1968519604557,3450.000065780517,3399.1968519604557,3445.381591796875,9362,0.0,0.0
2024-03-25 00:00:00+09:00,3459.2369004116263,3459.2369004116263,3417.670635920699,3436.14453125,7543,0.0,0.0
2024-03-26 00:00:00+09:00,3459.2369378131366,3459.2369378131366,3260.642560875934,3399.19677734375,13596,0.0,0.0
2024-03-27 00:00:00+09:00,3426.9077807386557,3436.1447289347166,3376.10456566032,3422.289306640625,6986,0.0,0.0
2024-03-28 00:00:00+09:00,3394.5783221135375,3463.8554307280992,3357.630530852438,3380.722900390625,22836,0.0,0.0
2024-03-29 00:00:00+09:00,3380.722909919667,3473.0923883327728,3380.722909919667,3431.526123046875,20519,0.0,0.0
2024-04-01 00:00:00+09:00,3468.474019978287,3468.474019978287,3385.3414868762775,3389.9599609375,19478,0.0,0.0
2024-04-02 00:00:00+09:00,3440.7630408918353,3440.7630408918353,3274.497981197733,3279.116455078125,17488,0.0,0.0
2024-04-03 00:00:00+09:00,3145.180621407249,3311.445676283403,3145.180621407249,3251.405517578125,18536,0.0,0.0
2024-04-04 00:00:00+09:00,3191.3655143893498,3510.0402184311224,3191.3655143893498,3394.578369140625,53795,0.0,0.0
2024-04-05 00:00:00+09:00,3362.2489680109798,3449.9999712969807,3348.393546439506,3417.670654296875,7299,0.0,0.0
2024-04-08 00:00:00+09:00,3417.6708446324037,3417.6708446324037,3353.01220703125,3353.01220703125,6809,0.0,0.0
2024-04-09 00:00:00+09:00,3353.0120755709136,3385.3413931039668,3242.168701171875,3242.168701171875,8364,0.0,0.0
2024-04-11 00:00:00+09:00,3274.497999123966,3274.497999123966,3140.562255859375,3140.562255859375,11800,0.0,0.0
2024-04-12 00:00:00+09:00,3182.1285210104547,3223.694786161535,3140.562255859375,3140.562255859375,10829,0.0,0.0
2024-04-15 00:00:00+09:00,3135.94384765625,3223.694853702596,3131.325373653811,3135.94384765625,9811,0.0,0.0
2024-04-16 00:00:00+09:00,3103.614540192018,3140.562332337161,3066.666748046875,3066.666748046875,11075,0.0,0.0
2024-04-17 00:00:00+09:00,3071.285007437011,3126.7066917817388,3066.666533741617,3098.995849609375,3457,0.0,0.0
2024-04-18 00:00:00+09:00,3098.9958791367076,3168.272985227692,3075.9035104397126,3131.3251953125,8220,0.0,0.0
2024-04-19 00:00:00+09:00,3122.0883881459245,3209.8393931381916,3085.140596570233,3172.8916015625,17745,0.0,0.0
2024-04-22 00:00:00+09:00,3177.5100755094613,3214.457867085153,3154.417705774654,3172.8916015625,6054,0.0,0.0
2024-04-23 00:00:00+09:00,3228.313327705035,3228.313327705035,3126.7068996513717,3135.94384765625,3287,0.0,0.0
2024-04-24 00:00:00+09:00,3098.996109250992,3228.3133835565477,3098.996109250992,3200.6025390625,14173,0.0,0.0
2024-04-25 00:00:00+09:00,3353.0120854939955,3353.0120854939955,3140.5622839337702,3172.8916015625,16336,0.0,0.0
2024-04-26 00:00:00+09:00,3214.4578390580737,3320.682738912004,3172.89157389784,3260.642578125,8129,0.0,0.0
2024-04-29 00:00:00+09:00,3219.076454993083,3246.7872996558644,3159.036291557057,3182.128662109375,14710,0.0,0.0
2024-04-30 00:00:00+09:00,3182.1284836170285,3205.220852874046,3177.510009765625,3177.510009765625,13248,0.0,0.0
2024-05-02 00:00:00+09:00,3205.2209002747377,3209.839374194442,3177.5100567565123,3191.365478515625,5734,0.0,0.0
2024-05-03 00:00:00+09:00,3191.3653296493903,3228.3131192835367,3182.1283822408536,3219.076171875,5859,0.0,0.0
2024-05-07 00:00:00+09:00,3177.5102146192526,3256.024275154903,3177.5102146192526,3214.4580078125,9325,0.0,0.0
2024-05-08 00:00:00+09:00,3214.457774376768,3288.3533553969237,3214.457774376768,3265.260986328125,6743,0.0,0.0
2024-05-09 00:00:00+09:00,3279.116539921321,3279.116539921321,3256.024169921875,3256.024169921875,2549,0.0,0.0
2024-05-10 00:00:00+09:00,3292.9720207093255,3454.61861359127,3200.6025390625,3200.6025390625,18416,0.0,0.0
2024-05-13 00:00:00+09:00,3200.6024732782107,3228.3133172026974,3200.6024732782107,3205.220947265625,1895,0.0,0.0
2024-05-14 00:00:00+09:00,3214.4579808826197,3214.4579808826197,3052.811387016396,3182.128662109375,11587,0.0,0.0
2024-05-16 00:00:00+09:00,3168.273212690158,3214.4579533999267,3149.79931640625,3149.79931640625,4703,0.0,0.0
2024-05-17 00:00:00+09:00,3149.7991948628596,3329.9196766805308,3149.7991948628596,3209.83935546875,8341,0.0,0.0
2024-05-20 00:00:00+09:00,3209.839364444508,3228.31326006721,3140.562255859375,3140.562255859375,9365,0.0,0.0
2024-05-21 00:00:00+09:00,3159.0361143600107,3177.510009765625,3108.232901994572,3177.510009765625,5733,0.0,0.0
2024-05-22 00:00:00+09:00,3177.5099885041295,3177.5099885041295,3048.192721530124,3075.903564453125,17690,0.0,0.0
2024-05-23 00:00:00+09:00,3075.903582892749,3094.3774782854985,3043.574265955438,3057.4296875,10540,0.0,0.0
2024-05-24 00:00:00+09:00,3057.429574307528,3071.2849953391333,3029.718732244318,3048.192626953125,6055,0.0,0.0
2024-05-27 00:00:00+09:00,3094.3776230922963,3094.3776230922963,2955.8234011627906,2978.915771484375,55595,0.0,0.0
2024-05-28 00:00:00+09:00,3006.626540200541,3006.626540200541,2900.401639394685,2932.73095703125,71341,0.0,0.0
2024-05-29 00:00:00+09:00,2932.730928651846,2951.204824265401,2872.6907679077926,2900.401611328125,34887,0.0,0.0
2024-05-30 00:00:00+09:00,2877.3092793126257,2900.4016491305442,2840.3614876039564,2863.453857421875,20698,0.0,0.0
2024-05-31 00:00:00+09:00,2849.598435531124,2900.4016491305442,2844.97996156754,2863.453857421875,19040,0.0,0.0
2024-06-03 00:00:00+09:00,2863.4540412999404,3038.956063186066,2863.4540412999404,2918.875732421875,31480,0.0,0.0
2024-06-04 00:00:00+09:00,2955.8233366935483,2978.9157065114664,2854.2169094947076,2863.453857421875,30666,0.0,0.0
2024-06-05 00:00:00+09:00,2881.927705885332,2900.4016014358795,2840.3614408966014,2849.598388671875,22809,0.0,0.0
2024-06-07 00:00:00+09:00,2891.1644853655803,2895.782958984375,2821.8873810836576,2895.782958984375,13131,0.0,0.0
2024-06-10 00:00:00+09:00,2891.164568836666,2900.4015163409367,2858.835252571719,2872.690673828125,7413,0.0,0.0
2024-06-11 00:00:00+09:00,2872.690655888079,2905.019971951128,2863.4537084414933,2891.16455078125,25277,0.0,0.0
2024-06-12 00:00:00+09:00,2891.164682241587,2923.4939997746396,2868.0723125751206,2881.927734375,8927,0.0,0.0
2024-06-13 00:00:00+09:00,2923.4939147269974,2932.730862324871,2872.6907029386925,2905.02001953125,13967,0.0,0.0
2024-06-14 00:00:00+09:00,2905.0200564865136,2914.257004201892,2835.7429486211754,2868.072265625,13957,0.0,0.0
2024-06-17 00:00:00+09:00,2844.9798313153137,2891.164568836666,2844.9798313153137,2872.690673828125,7577,0.0,0.0
2024-06-18 00:00:00+09:00,2868.072397358391,2886.5462936376716,2831.1246047998284,2858.83544921875,12575,0.0,0.0
2024-06-19 00:00:00+09:00,2881.927886074029,2881.927886074029,2835.743144310022,2854.217041015625,17769,0.0,0.0
2024-06-20 00:00:00+09:00,2872.690590890401,2895.782958984375,2854.2166964152216,2895.782958984375,7657,0.0,0.0
2024-06-21 00:00:00+09:00,2872.690673828125,2895.7830425888014,2872.690673828125,2872.690673828125,6724,0.0,0.0
2024-06-24 00:00:00+09:00,2844.980027009289,2900.4017158471324,2844.980027009289,2858.83544921875,8120,0.0,0.0
2024-06-25 00:00:00+09:00,2849.598370194243,2881.927687198068,2844.979896336554,2868.072265625,5031,0.0,0.0
2024-06-26 00:00:00+09:00,2868.0721172716057,2905.019906221965,2854.2166964152216,2895.782958984375,3433,0.0,0.0
2024-06-27 00:00:00+09:00,2886.546095084531,2895.7830425888014,2863.4537263238544,2872.690673828125,6993,0.0,0.0
2024-06-28 00:00:00+09:00,2872.690824434355,2872.690824434355,2844.97998046875,2844.97998046875,4615,0.0,0.0
2024-07-01 00:00:00+09:00,2849.598370194243,2900.4015826288246,2849.598370194243,2868.072265625,6446,0.0,0.0
2024-07-02 00:00:00+09:00,2863.45387644582,2868.072350440087,2831.1245584859475,2844.97998046875,6953,0.0,0.0
2024-07-03 00:00:00+09:00,2821.887656660188,2868.072397358391,2821.887656660188,2858.83544921875,12005,0.0,0.0
2024-07-04 00:00:00+09:00,2826.5060378007747,2858.8353552266008,2826.5060378007747,2831.12451171875,7720,0.0,0.0
2024-07-05 00:00:00+09:00,2831.1244644915473,2946.5863105148565,2798.7951476050207,2817.26904296875,10060,0.0,0.0
2024-07-08 00:00:00+09:00,2817.26904296875,2868.0722552190064,2780.321252241291,2817.26904296875,11745,0.0,0.0
2024-07-09 00:00:00+09:00,2817.269071458418,2909.6385492111526,2780.3212803573238,2849.598388671875,4107,0.0,0.0
2024-07-10 00:00:00+09:00,2831.1247214788123,2937.3496294625197,2831.1247214788123,2918.875732421875,5130,0.0,0.0
2024-07-11 00:00:00+09:00,2895.78315617488,2928.112473707933,2881.927734375,2881.927734375,5557,0.0,0.0
2024-07-12 00:00:00+09:00,2854.2169559778795,2900.401696365871,2854.2169559778795,2877.309326171875,1477,0.0,0.0
2024-07-15 00:00:00+09:00,2877.3092133403784,2895.783108771135,2840.361422478865,2868.072265625,3223,0.0,0.0
2024-07-16 00:00:00+09:00,2840.36133982503,2909.638445674421,2840.36133982503,2891.16455078125,6981,0.0,0.0
2024-07-17 00:00:00+09:00,2858.83554140625,2886.54638671875,2835.7431703125,2886.54638671875,10675,0.0,0.0
2024-07-18 00:00:00+09:00,2863.4537084414933,2891.16455078125,2826.5059186551516,2891.16455078125,3159,0.0,0.0
2024-07-19 00:00:00+09:00,2863.4537084414933,2909.638445674421,2844.9798135483225,2891.16455078125,2986,0.0,0.0
2024-07-22 00:00:00+09:00,2891.164538871951,2891.164538871951,2840.361328125,2840.361328125,4080,0.0,0.0
2024-07-23 00:00:00+09:00,2835.7430136403727,2868.0723313854587,2831.124539676789,2863.453857421875,2666,0.0,0.0
2024-07-24 00:00:00+09:00,2831.124495296735,3094.3775070943107,2831.124495296735,3089.759033203125,68922,0.0,0.0
2024-07-25 00:00:00+09:00,3075.903677020958,3140.5623128742513,3006.626567178144,3085.140625,48965,0.0,0.0
2024-07-26 00:00:00+09:00,3085.140652488426,3135.9438668258103,3075.903704427083,3117.469970703125,22087,0.0,0.0
2024-07-29 00:00:00+09:00,3108.232844593263,3140.5621609560462,3057.429633166033,3112.851318359375,8101,0.0,0.0
2024-07-30 00:00:00+09:00,3108.2328811966263,3112.8513550171265,3034.3373000686233,3075.903564453125,11351,0.0,0.0
2024-07-31 00:00:00+09:00,3075.9037889167444,3131.3254788071363,3038.955995656483,3094.377685546875,21407,0.0,0.0
2024-08-01 00:00:00+09:00,3122.0883417854534,3274.4979797720216,3112.8513940286916,3159.0361328125,41341,0.0,0.0
2024-08-02 00:00:00+09:00,3135.9438941933195,3159.0362645482037,3117.4699979094116,3149.79931640625,15757,0.0,0.0
2024-08-05 00:00:00+09:00,3117.470039829685,3117.470039829685,2808.0322729132567,2821.8876953125,44238,0.0,0.0
2024-08-06 00:00:00+09:00,2821.887656660188,3089.759152709764,2821.887656660188,2858.83544921875,31296,0.0,0.0
2024-08-07 00:00:00+09:00,2886.5462083082934,3066.666691706731,2886.5462083082934,3002.008056640625,5019,0.0,0.0
2024-08-08 00:00:00+09:00,3002.008075536958,3140.5622944078946,2978.9157057251355,2983.5341796875,14720,0.0,0.0
2024-08-09 00:00:00+09:00,2983.5340880431213,3085.1405120941254,2983.5340880431213,3075.903564453125,12396,0.0,0.0
2024-08-12 00:00:00+09:00,3043.574276066818,3108.23291015625,3043.574276066818,3108.23291015625,7276,0.0,0.0
2024-08-13 00:00:00+09:00,3089.7591346318104,3394.5784214564733,3066.6667644178206,3168.273193359375,92148,0.0,0.0
2024-08-14 00:00:00+09:00,3209.839374194442,3209.839374194442,3163.6546349973996,3191.365478515625,14826,0.0,0.0
2024-08-16 00:00:00+09:00,3251.4056770098728,3302.208890713152,3232.931781117771,3274.498046875,21969,0.0,0.0
2024-08-19 00:00:00+09:00,3288.353542789465,3353.0121798667856,3274.49812055861,3320.682861328125,41382,0.0,0.0
2024-08-20 00:00:00+09:00,3371.485810128155,3371.485810128155,3260.6424410280515,3339.156494140625,12066,0.0,0.0
2024-08-21 00:00:00+09:00,3339.1567462640496,3408.433857182391,3311.445901896713,3389.9599609375,25036,0.0,0.0
2024-08-22 00:00:00+09:00,3353.0120101112398,3385.3413270131387,3320.682693209341,3366.867431640625,23651,0.0,0.0
2024-08-23 00:00:00+09:00,3366.8675632817876,3403.8153554714368,3334.5382451158443,3357.630615234375,22607,0.0,0.0
2024-08-26 00:00:00+09:00,3357.63053998322,3357.63053998322,3311.44580078125,3311.44580078125,18488,0.0,0.0
2024-08-27 00:00:00+09:00,3311.4458774017025,3311.4458774017025,3209.8394488063923,3237.55029296875,30057,0.0,0.0
2024-08-28 00:00:00+09:00,3237.5503169171493,3403.8153831211685,3237.5503169171493,3389.9599609375,13688,0.0,0.0
2024-08-29 00:00:00+09:00,3371.4859054837534,3376.104379326882,3334.538114738726,3366.867431640625,18373,0.0,0.0
2024-08-30 00:00:00+09:00,3302.208926949901,3366.8675632817876,3302.208926949901,3357.630615234375,10001,0.0,0.0
2024-09-02 00:00:00+09:00,3357.6304476154382,3422.2890807194494,3357.6304476154382,3403.815185546875,32747,0.0,0.0
2024-09-03 00:00:00+09:00,3403.815336172623,3436.144654155267,3366.867544192459,3376.1044921875,34291,0.0,0.0
2024-09-04 00:00:00+09:00,3246.7870729771007,3297.590284645306,3103.614385548523,3283.73486328125,26364,0.0,0.0
2024-09-05 00:00:00+09:00,3251.4055222602738,3371.48583984375,3251.4055222602738,3371.48583984375,6037,0.0,0.0
2024-09-06 00:00:00+09:00,3348.3937525022725,3389.9600197747145,3205.2210541194167,3334.538330078125,23909,0.0,0.0
2024-09-09 00:00:00+09:00,3265.2611988582557,3376.1045776030905,3075.9037601691634,3353.01220703125,10920,0.0,0.0
2024-09-10 00:00:00+09:00,3329.9196408955977,3371.4859054837534,3329.9196408955977,3366.867431640625,12486,0.0,0.0
2024-09-11 00:00:00+09:00,3366.867656130095,3389.960026885445,3357.6307078279547,3385.341552734375,18722,0.0,0.0
2024-09-12 00:00:00+09:00,3385.3413742982625,3417.6706916517246,3376.1044264829875,3380.722900390625,13438,0.0,0.0
2024-09-13 00:00:00+09:00,3380.7228818147078,3399.19677734375,3334.5381429921026,3399.19677734375,3383,0.0,0.0
2024-09-19 00:00:00+09:00,3399.1968519604557,3445.381591796875,3380.722956025888,3445.381591796875,29430,0.0,0.0
2024-09-20 00:00:00+09:00,3445.3814605876087,3454.618408203125,3371.4858796634776,3454.618408203125,31900,0.0,0.0
2024-09-23 00:00:00+09:00,3426.9075653565756,3468.4738296263995,3380.722827278994,3454.618408203125,25111,0.0,0.0
2024-09-24 00:00:00+09:00,3454.6183426860816,3477.7107112869244,3445.3813952457444,3459.23681640625,18062,0.0,0.0
2024-09-25 00:00:00+09:00,3473.092529296875,3473.092529296875,3454.618632864445,3473.092529296875,15655,0.0,0.0
2024-09-26 00:00:00+09:00,3468.473876953125,3482.329298565455,3449.9999814700195,3468.473876953125,18372,0.0,0.0
2024-09-27 00:00:00+09:00,3468.473876953125,3473.0923508239016,3454.6184553407957,3468.473876953125,15253,0.0,0.0
2024-09-30 00:00:00+09:00,3468.473763846587,3473.092237566756,3454.6183426860816,3459.23681640625,22454,0.0,0.0
2024-10-02 00:00:00+09:00,3413.0523012118197,3496.1848335823374,3413.0523012118197,3477.7109375,23949,0.0,0.0
2024-10-04 00:00:00+09:00,3505.421848053628,3510.0403221617353,3450.000158756337,3473.092529296875,9012,0.0,0.0
2024-10-07 00:00:00+09:00,3510.0403221617353,3510.0403221617353,3440.763210540122,3473.092529296875,18445,0.0,0.0
2024-10-08 00:00:00+09:00,3510.040170473285,3510.040170473285,3436.1445879370053,3500.80322265625,23890,0.0,0.0
2024-10-10 00:00:00+09:00,3533.132341863605,3533.132341863605,3500.8030263171404,3514.658447265625,36546,0.0,0.0
2024-10-11 00:00:00+09:00,3533.1325212613806,3533.1325212613806,3514.6586257253734,3519.277099609375,18505,0.0,0.0
2024-10-14 00:00:00+09:00,3519.2770340145807,3528.5139816104197,3500.8031388229033,3523.8955078125,14258,0.0,0.0
2024-10-15 00:00:00+09:00,3486.947912918894,3533.1326534873565,3486.947912918894,3510.040283203125,16302,0.0,0.0
2024-10-16 00:00:00+09:00,3510.0399736161303,3528.5138682141096,3500.8030263171404,3514.658447265625,20355,0.0,0.0
2024-10-17 00:00:00+09:00,3514.6586725771035,3551.606464141646,3514.6586725771035,3533.132568359375,21799,0.0,0.0
2024-10-18 00:00:00+09:00,3514.6585602166615,3546.987876802097,3510.040086418742,3523.8955078125,15554,0.0,0.0
2024-10-21 00:00:00+09:00,3523.8956017860046,3574.698814917913,3463.855440811931,3551.6064453125,44254,0.0,0.0
2024-10-22 00:00:00+09:00,3551.606320981626,3551.606320981626,3491.566162109375,3491.566162109375,22984,0.0,0.0
2024-10-23 00:00:00+09:00,3454.6186594202895,3579.31746129776,3454.6186594202895,3505.421875,14551,0.0,0.0
2024-10-24 00:00:00+09:00,3505.421734375,3546.9880000000003,3463.85546875,3463.85546875,7457,0.0,0.0
2024-10-25 00:00:00+09:00,3463.855585776085,3523.89574926287,3353.01220703125,3353.01220703125,11602,0.0,0.0
2024-10-28 00:00:00+09:00,3353.0119208423735,3459.23681640625,3353.0119208423735,3459.23681640625,7040,0.0,0.0
2024-10-29 00:00:00+09:00,3477.7109375,3510.0402556440904,3459.2370414176626,3477.7109375,6233,0.0,0.0
2024-10-30 00:00:00+09:00,3450.0000187294963,3556.224918904568,3431.526123046875,3431.526123046875,11181,0.0,0.0
2024-10-31 00:00:00+09:00,3394.578331681633,3473.0923883327728,3394.578331681633,3431.526123046875,9545,0.0,0.0
2024-11-01 00:00:00+09:00,3394.578340970553,3556.2249286358174,3394.578340970553,3482.329345703125,6684,0.0,0.0
2024-11-04 00:00:00+09:00,3482.3291317191606,3537.7508155130995,3459.236763471686,3514.658447265625,9249,0.0,0.0
2024-11-05 00:00:00+09:00,3546.988075657895,3546.988075657895,3500.803335089433,3510.040283203125,5752,0.0,0.0
2024-11-06 00:00:00+09:00,3510.04034914361,3537.75119400527,3436.1447628458495,3505.421875,15091,0.0,0.0
2024-11-07 00:00:00+09:00,3537.75119400527,3537.75119400527,3417.6708662714095,3505.421875,17096,0.0,0.0
2024-11-08 00:00:00+09:00,3459.236882010883,3505.421620088465,3449.999934395367,3454.618408203125,19286,0.0,0.0
2024-11-11 00:00:00+09:00,3459.236882010883,3546.9878843582887,3408.433670125543,3454.618408203125,16275,0.0,0.0
2024-11-12 00:00:00+09:00,3417.670523342739,3482.3291548654397,3371.4857865408103,3426.907470703125,21739,0.0,0.0
2024-11-13 00:00:00+09:00,3426.9076394669996,3450.000009005187,3343.7751091295254,3380.722900390625,17697,0.0,0.0
2024-11-14 00:00:00+09:00,3440.762921525576,3542.3693433692843,3362.2488682827106,3459.23681640625,18198,0.0,0.0
2024-11-15 00:00:00+09:00,3463.8554216867474,3505.421686746988,3380.7228915662654,3450.0,34560,0.0,0.0
2024-11-18 00:00:00+09:00,3385.3413270131387,3477.7108038757074,3353.0120101112398,3366.867431640625,30900,0.0,0.0
2024-11-19 00:00:00+09:00,3366.8676293743542,3385.341525831827,3329.9198364594095,3353.01220703125,12782,0.0,0.0
2024-11-20 00:00:00+09:00,3357.630681145618,3399.196948174931,3329.9198364594095,3353.01220703125,44730,0.0,0.0
2024-11-21 00:00:00+09:00,3353.01211344401,3468.473963080512,3316.0643215603295,3325.30126953125,34536,0.0,0.0
2024-11-22 00:00:00+09:00,3325.30126953125,3385.341431342231,3256.0241597493487,3325.30126953125,20106,0.0,0.0
2024-11-25 00:00:00+09:00,3325.3012134989754,3389.9598482059,3288.3534222378757,3380.722900390625,8553,0.0,0.0
2024-11-26 00:00:00+09:00,3417.6708053048364,3440.7631756109504,3371.486064692609,3389.9599609375,10544,0.0,0.0
2024-11-27 00:00:00+09:00,3399.196796021175,3408.43374383645,3366.8674786677125,3380.722900390625,4409,0.0,0.0
2024-11-28 00:00:00+09:00,3380.7228818147078,3399.19677734375,3353.0120385211444,3399.19677734375,4072,0.0,0.0
2024-11-29 00:00:00+09:00,3399.196814903846,3463.855449969952,3316.0642841045674,3362.2490234375,10714,0.0,0.0
2024-12-02 00:00:00+09:00,3288.353431180265,3353.012066063023,3288.353431180265,3311.44580078125,30212,0.0,0.0
2024-12-03 00:00:00+09:00,3279.1164183550227,3348.393525785058,3279.1164183550227,3316.064208984375,27126,0.0,0.0
2024-12-04 00:00:00+09:00,3297.590452926195,3385.341459376612,3274.498082807664,3357.630615234375,37386,0.0,0.0
2024-12-05 00:00:00+09:00,3339.1566901731107,3482.3293836660105,3325.301268222185,3445.381591796875,23471,0.0,0.0
2024-12-06 00:00:00+09:00,3426.907602011191,3491.566236011402,3371.485915725296,3417.670654296875,31248,0.0,0.0
2024-12-09 00:00:00+09:00,3366.8674688881542,3426.9076295130462,3279.1164648979284,3329.919677734375,37444,0.0,0.0
2024-12-10 00:00:00+09:00,3348.3935385192467,3500.8031754449503,3348.3935385192467,3486.94775390625,13962,0.0,0.0
2024-12-11 00:00:00+09:00,3486.947745979606,3556.224853515625,3486.947745979606,3556.224853515625,31015,0.0,0.0
2024-12-12 00:00:00+09:00,3537.7511082194865,3556.225004345959,3510.0402640297775,3528.51416015625,8029,0.0,0.0
2024-12-13 00:00:00+09:00,3551.6065303143405,3551.6065303143405,3510.0402640297775,3528.51416015625,1657,0.0,0.0
2024-12-16 00:00:00+09:00,3528.514176308047,3787.1487232625636,3510.04028009701,3630.12060546875,83370,0.0,0.0
2024-12-17 00:00:00+09:00,3630.1204741037436,3685.542160731282,3583.935735247462,3639.357421875,15313,0.0,0.0
2024-12-18 00:00:00+09:00,3570.080445942126,3639.357556794819,3486.947912918894,3510.040283203125,34187,0.0,0.0
2024-12-19 00:00:00+09:00,3551.6064356499423,3551.6064356499423,3491.566274839215,3500.80322265625,31274,0.0,0.0
2024-12-20 00:00:00+09:00,3500.803270487883,3500.803270487883,3394.578369140625,3394.578369140625,16005,0.0,0.0
2024-12-23 00:00:00+09:00,3394.578322760348,3514.6586443818023,3394.578322760348,3500.80322265625,19636,0.0,0.0
2024-12-24 00:00:00+09:00,3468.473942708333,3533.1325781250002,3413.0522552083335,3463.85546875,12351,0.0,0.0
2024-12-26 00:00:00+09:00,3463.8554216867474,3528.5140562249,3440.7630522088357,3450.0,23818,0.0,0.0
2024-12-27 00:00:00+09:00,3595.1614424135387,3604.8388621777744,3512.903374417536,3537.096923828125,16576,170.0,0.0
2024-12-30 00:00:00+09:00,3537.096805396765,3585.483902597815,3440.3226109946645,3570.9677734375,7746,0.0,0.0
2025-01-02 00:00:00+09:00,3570.9679349010207,3672.5808436177167,3570.9679349010207,3643.548583984375,8730,0.0,0.0
2025-01-03 00:00:00+09:00,3677.4195091011597,3759.6775770678964,3643.548539938386,3754.8388671875,17137,0.0,0.0
2025-01-06 00:00:00+09:00,3783.8711314527295,3822.580810546875,3720.9679029247427,3822.580810546875,13664,0.0,0.0
2025-01-07 00:00:00+09:00,3958.0647601503315,3958.0647601503315,3774.193781072443,3832.25830078125,30196,0.0,0.0
2025-01-08 00:00:00+09:00,3832.2582841981134,3870.967963836478,3798.387314514544,3846.7744140625,4271,0.0,0.0
2025-01-09 00:00:00+09:00,3870.9679514316504,3987.0969899745996,3808.064722220886,3929.032470703125,29428,0.0,0.0
2025-01-10 00:00:00+09:00,3919.355018074763,4035.4840556473487,3880.6453388839013,3958.064697265625,14285,0.0,0.0
2025-01-13 00:00:00+09:00,3958.0647091526216,3958.0647091526216,3832.2582514044943,3875.806640625,24910,0.0,0.0
2025-01-14 00:00:00+09:00,3837.0969613178836,3924.193739758895,3817.7421216643256,3875.806640625,3822,0.0,0.0
2025-01-15 00:00:00+09:00,3875.8064844257965,3948.3871302015605,3648.387127661736,3720.9677734375,28036,0.0,0.0
2025-01-16 00:00:00+09:00,3720.9678870413973,3861.290473158693,3720.9678870413973,3837.096923828125,11737,0.0,0.0
2025-01-17 00:00:00+09:00,3817.7419665527345,3875.806483154297,3793.54841796875,3870.9677734375,6672,0.0,0.0
2025-01-20 00:00:00+09:00,3967.7419677734374,3972.5806774902344,3832.258095703125,3870.9677734375,4682,0.0,0.0
2025-01-21 00:00:00+09:00,3875.806499103082,3875.806499103082,3817.741982262586,3856.45166015625,10520,0.0,0.0
2025-01-22 00:00:00+09:00,3851.6130698674842,3929.032428055775,3788.7098413394974,3822.580810546875,12542,0.0,0.0
2025-01-23 00:00:00+09:00,3904.8389541209485,3919.3550840619187,3808.0647545144816,3900.000244140625,17400,0.0,0.0
2025-01-24 00:00:00+09:00,3900.00008673816,3953.2258943735446,3861.2904084578804,3895.161376953125,5327,0.0,0.0
2025-01-31 00:00:00+09:00,3895.161496881853,3895.161496881853,3832.2582677396617,3861.29052734375,4694,0.0,0.0
2025-02-03 00:00:00+09:00,3822.5808269883655,3861.290506249007,3774.1937279125636,3808.064697265625,21813,0.0,0.0
2025-02-04 00:00:00+09:00,3817.741982262586,3870.967789366374,3759.677465422091,3856.45166015625,15597,0.0,0.0
2025-02-05 00:00:00+09:00,3856.45166015625,4064.5161788346927,3832.25811147271,3856.45166015625,43313,0.0,0.0
2025-02-06 00:00:00+09:00,3856.4517318942535,4103.225933056872,3851.6130220675354,4083.87109375,146900,0.0,0.0
2025-02-07 00:00:00+09:00,4209.677387996996,4287.09674225901,4122.580614452231,4229.0322265625,70212,0.0,0.0
2025-02-10 00:00:00+09:00,4229.032557676474,4393.548698364118,4175.806747454002,4224.19384765625,65028,0.0,0.0
2025-02-11 00:00:00+09:00,4296.774480950343,4296.774480950343,4229.03254093536,4238.7099609375,17234,0.0,0.0
2025-02-12 00:00:00+09:00,4229.032210973133,4287.096726455601,4209.677372478976,4243.54833984375,17070,0.0,0.0
2025-02-13 00:00:00+09:00,4248.387298549734,4320.967947158214,4229.032458920806,4311.29052734375,21829,0.0,0.0
2025-02-14 00:00:00+09:00,4272.5808808924785,4325.80669028072,4248.387331170551,4282.25830078125,24607,0.0,0.0
2025-02-17 00:00:00+09:00,4296.774480950343,4296.774480950343,4214.5164109321495,4238.7099609375,27069,0.0,0.0
2025-02-18 00:00:00+09:00,4272.580693734539,4272.580693734539,4108.064562831963,4156.45166015625,31410,0.0,0.0
2025-02-19 00:00:00+09:00,4156.451581941862,4238.7096458452515,4151.612872300486,4229.0322265625,22818,0.0,0.0
2025-02-20 00:00:00+09:00,4204.838693962579,4277.419338852612,4204.838693962579,4214.51611328125,14623,0.0,0.0
2025-02-21 00:00:00+09:00,4262.90356690817,4374.193898393854,4190.322915939246,4330.6455078125,28626,0.0,0.0
2025-02-24 00:00:00+09:00,4267.7419509887695,4345.161306108747,4262.90324129377,4335.48388671875,9842,0.0,0.0
2025-02-25 00:00:00+09:00,4306.451850503177,4325.80669028072,4267.742170948093,4282.25830078125,22689,0.0,0.0
2025-02-26 00:00:00+09:00,4272.580831847735,4388.70986917995,4272.580831847735,4325.806640625,24190,0.0,0.0
2025-02-27 00:00:00+09:00,4325.806624294523,4374.193723000279,4316.129204553372,4340.32275390625,26058,0.0,0.0
2025-02-28 00:00:00+09:00,4345.16122602983,4345.16122602983,4170.96768022017,4258.064453125,27117,0.0,0.0
2025-03-04 00:00:00+09:00,4141.935687681686,4345.161504133358,4137.09697776617,4161.29052734375,12719,0.0,0.0
2025-03-05 00:00:00+09:00,4151.612992136102,4151.612992136102,4016.1291182668588,4045.161376953125,21020,0.0,0.0
2025-03-06 00:00:00+09:00,4045.161517624628,4122.580876813616,4035.484097726004,4064.516357421875,30560,0.0,0.0
2025-03-07 00:00:00+09:00,4112.903272564392,4200.000047748108,4093.5484336346767,4156.45166015625,22553,0.0,0.0
2025-03-10 00:00:00+09:00,4170.96768022017,4277.419291548295,4170.96768022017,4258.064453125,23059,0.0,0.0
2025-03-11 00:00:00+09:00,4258.064784200797,4296.774464057167,4243.548654254658,4253.22607421875,24862,0.0,0.0
2025-03-12 00:00:00+09:00,4253.22614677898,4340.32292794169,4229.032596456005,4330.6455078125,17274,0.0,0.0
2025-03-13 00:00:00+09:00,4330.645130136395,4383.87093620511,4330.645130136395,4379.0322265625,7739,0.0,0.0
2025-03-14 00:00:00+09:00,4374.193919836956,4470.96812160326,4350.00036939538,4451.61328125,24672,0.0,0.0
2025-03-17 00:00:00+09:00,4441.93559154754,4548.38720703125,4432.258171958111,4548.38720703125,19312,0.0,0.0
2025-03-18 00:00:00+09:00,4548.3871288217,4558.064548244724,4470.9677734375,4470.9677734375,43616,0.0,0.0
2025-03-19 00:00:00+09:00,4470.96783453738,4577.419449645414,4456.4517052044675,4562.9033203125,41547,0.0,0.0
2025-03-20 00:00:00+09:00,4548.387003065664,4587.0966796875,4475.806359399723,4587.0966796875,31160,0.0,0.0
2025-03-21 00:00:00+09:00,4577.419558097783,4611.29052734375,4533.871169067254,4611.29052734375,11750,0.0,0.0
2025-03-24 00:00:00+09:00,4664.516329633511,4790.322786656821,4596.774391236344,4761.29052734375,32037,0.0,0.0
2025-03-25 00:00:00+09:00,4693.548760501528,4824.193932185591,4693.548760501528,4751.61328125,25891,0.0,0.0
2025-03-26 00:00:00+09:00,4751.613148223007,4751.613148223007,4548.387331292899,4582.25830078125,29591,0.0,0.0
2025-03-27 00:00:00+09:00,4751.613031056301,4751.613031056301,4582.258187790548,4683.87109375,20860,0.0,0.0
2025-03-28 00:00:00+09:00,4683.871301269532,4683.871301269532,4596.774520874023,4645.16162109375,24466,0.0,0.0
2025-03-31 00:00:00+09:00,4591.935728647823,4630.645408130629,4383.871201427743,4432.25830078125,28424,0.0,0.0
2025-04-01 00:00:00+09:00,4432.258183755165,4688.709803557593,4432.258183755165,4683.87109375,41837,0.0,0.0
2025-04-02 00:00:00+09:00,4635.484044048162,4654.838883480514,4567.7421060349325,4640.32275390625,9842,0.0,0.0
2025-04-03 00:00:00+09:00,4611.290450740395,4611.290450740395,4504.838834878602,4533.87109375,12606,0.0,0.0
2025-04-04 00:00:00+09:00,4504.838834878602,4533.87109375,4432.258187700107,4533.87109375,11500,0.0,0.0
2025-04-07 00:00:00+09:00,4475.806743693802,4495.161583666531,4103.22607421875,4103.22607421875,26755,0.0,0.0
2025-04-08 00:00:00+09:00,4103.226001332772,4379.032466044999,4103.226001332772,4311.29052734375,23171,0.0,0.0
2025-04-09 00:00:00+09:00,4267.742192750336,4340.322842286906,4050.000244140625,4050.000244140625,23329,0.0,0.0
2025-04-10 00:00:00+09:00,4262.903317100124,4441.935578998767,4262.903317100124,4412.9033203125,19942,0.0,0.0
2025-04-11 00:00:00+09:00,4369.355055384589,4451.61312397987,4350.000215715111,4446.7744140625,10040,0.0,0.0
2025-04-14 00:00:00+09:00,4461.2906676059665,4543.548738483733,4388.7100168314655,4480.6455078125,20377,0.0,0.0
2025-04-15 00:00:00+09:00,4538.709819785533,4538.709819785533,4456.451752689206,4519.35498046875,20351,0.0,0.0
2025-04-16 00:00:00+09:00,4519.355113538804,4567.742213255494,4383.871234332074,4403.22607421875,15385,0.0,0.0
2025-04-17 00:00:00+09:00,4451.613207791759,4451.613207791759,4345.161587605434,4374.19384765625,7095,0.0,0.0
2025-04-18 00:00:00+09:00,4553.226057666843,4553.226057666843,4219.3550715042375,4282.25830078125,16369,0.0,0.0
2025-04-21 00:00:00+09:00,4403.225907628676,4403.225907628676,3629.032341452206,4112.9033203125,109176,0.0,0.0
2025-04-22 00:00:00+09:00,4083.8711100066885,4190.3227266182375,4069.35498046875,4069.35498046875,11030,0.0,0.0
2025-04-23 00:00:00+09:00,4069.3550508438057,4137.096989859041,4040.322791265847,4079.032470703125,20152,0.0,0.0
2025-04-24 00:00:00+09:00,4050.0000548011617,4132.258120430337,4050.0000548011617,4074.193603515625,9097,0.0,0.0
2025-04-25 00:00:00+09:00,4074.1935180384726,4306.451580824513,4074.1935180384726,4229.0322265625,19952,0.0,0.0
2025-04-28 00:00:00+09:00,4229.032288896276,4354.838741426372,4112.903255791573,4320.9677734375,18686,0.0,0.0
2025-04-29 00:00:00+09:00,4393.548419127939,4393.548419127939,4258.064547172453,4320.9677734375,14915,0.0,0.0
2025-04-30 00:00:00+09:00,4291.935639105903,4369.354996744792,4238.709830729166,4354.8388671875,16414,0.0,0.0
2025-05-02 00:00:00+09:00,4354.839088360191,4354.839088360191,4166.12939453125,4166.12939453125,9785,0.0,0.0
2025-05-07 00:00:00+09:00,4088.7097222831812,4364.516176922401,4088.7097222831812,4306.45166015625,11479,0.0,0.0
2025-05-08 00:00:00+09:00,4427.419322988605,4441.935451916436,4224.193517998964,4379.0322265625,17979,0.0,0.0
2025-05-09 00:00:00+09:00,4403.225998846477,4441.9356779572145,4287.096961514262,4325.806640625,11411,0.0,0.0
2025-05-12 00:00:00+09:00,4325.806682203534,4475.806690199406,4325.806682203534,4432.25830078125,9750,0.0,0.0
2025-05-13 00:00:00+09:00,4470.967930743243,4529.032449324324,4408.064702280406,4475.806640625,6940,0.0,0.0
2025-05-14 00:00:00+09:00,4475.80662431388,4490.32275390625,4422.5808158085265,4490.32275390625,4214,0.0,0.0
2025-05-15 00:00:00+09:00,4480.645450747657,4548.387390607773,4287.097051147326,4388.7099609375,38935,0.0,0.0
2025-05-16 00:00:00+09:00,4335.483902575588,4587.0968076357785,4306.451644299413,4320.9677734375,18635,0.0,0.0
2025-05-19 00:00:00+09:00,4320.967757633754,4398.387112753731,4224.193563733782,4335.48388671875,15440,0.0,0.0
2025-05-20 00:00:00+09:00,4306.451842462132,4441.935720651952,4306.451842462132,4432.25830078125,4167,0.0,0.0
2025-05-21 00:00:00+09:00,4519.354838709678,4538.709677419355,4364.5161290322585,4500.0,12952,0.0,0.0
2025-05-22 00:00:00+09:00,4500.0003480190335,4500.0003480190335,4354.839046470032,4480.6455078125,11202,0.0,0.0
2025-05-23 00:00:00+09:00,4451.613064236111,4480.6453233506945,4335.484027777778,4354.8388671875,11089,0.0,0.0
2025-05-26 00:00:00+09:00,4325.806531258838,4441.935565655048,4151.612979664522,4277.41943359375,15833,0.0,0.0
2025-05-27 00:00:00+09:00,4277.419386023236,4369.35487056446,4233.8709986089725,4320.9677734375,7734,0.0,0.0
2025-05-28 00:00:00+09:00,4320.9678314306075,4688.709774531084,4320.9678314306075,4562.9033203125,37045,0.0,0.0
2025-05-29 00:00:00+09:00,4562.903385346737,4640.322742892387,4437.096929335056,4504.8388671875,61428,0.0,0.0
2025-05-30 00:00:00+09:00,4529.032322303922,4529.032322303922,4417.741998144745,4441.935546875,43371,0.0,0.0
2025-06-02 00:00:00+09:00,4441.935560294992,4596.7742726364295,4422.580721252312,4577.41943359375,54558,0.0,0.0
2025-06-04 00:00:00+09:00,4533.871258026818,4688.709977617916,4533.871258026818,4674.19384765625,21015,0.0,0.0
2025-06-05 00:00:00+09:00,4645.161274636929,4790.322564469334,4611.290307009369,4664.51611328125,26400,0.0,0.0
2025-06-09 00:00:00+09:00,4635.484206967991,4790.3229278688,4403.226125616777,4780.6455078125,46078,0.0,0.0
2025-06-10 00:00:00+09:00,4722.5806143537075,5090.322547438627,4664.516098603457,4829.0322265625,173783,0.0,0.0
2025-06-11 00:00:00+09:00,4761.2906015625,4993.5486796875,4761.2906015625,4838.7099609375,47604,0.0,0.0
2025-06-12 00:00:00+09:00,4790.322701759708,5003.225932949029,4790.322701759708,4983.87109375,72597,0.0,0.0
2025-06-13 00:00:00+09:00,4983.871000649721,5012.903258905933,4766.129063728132,4770.9677734375,26059,0.0,0.0
2025-06-16 00:00:00+09:00,4770.967997272425,5003.22607421875,4756.45186746328,5003.22607421875,25409,0.0,0.0
2025-06-17 00:00:00+09:00,5003.226031759511,5032.258291131423,4858.06473489995,4896.7744140625,17404,0.0,0.0
2025-06-18 00:00:00+09:00,4858.064548206136,4935.483903556034,4577.4193850627535,4770.9677734375,19638,0.0,0.0
2025-06-19 00:00:00+09:00,4780.645491060166,4887.097111306445,4766.129361026583,4795.16162109375,5650,0.0,0.0
2025-06-20 00:00:00+09:00,4795.161321984344,4867.741967624874,4732.2580957625505,4770.9677734375,7332,0.0,0.0
2025-06-23 00:00:00+09:00,4741.935565456527,4756.451694738537,4567.74201407241,4577.41943359375,27835,0.0,0.0
2025-06-24 00:00:00+09:00,4577.419415656887,5032.258131377551,4500.0000597895405,4741.935546875,21025,0.0,0.0
2025-06-25 00:00:00+09:00,4712.903578484195,4848.387459590517,4582.258407417385,4630.6455078125,7295,0.0,0.0
2025-06-26 00:00:00+09:00,4630.64542492525,4717.74220407745,4533.871225867251,4703.22607421875,2356,0.0,0.0
2025-06-27 00:00:00+09:00,4654.838726023126,4654.838726023126,4466.129047941107,4485.48388671875,4955,0.0,0.0
2025-06-30 00:00:00+09:00,4741.935844846186,5622.581073174763,4258.064840270044,4345.16162109375,341717,0.0,0.0
2025-07-01 00:00:00+09:00,4403.226107707066,4437.097077766351,4335.484167588495,4374.19384765625,21187,0.0,0.0
2025-07-02 00:00:00+09:00,4437.096742273826,4437.096742273826,4374.19351691989,4379.0322265625,4833,0.0,0.0
2025-07-03 00:00:00+09:00,4451.613031181016,4451.613031181016,4335.483995584989,4383.87109375,7360,0.0,0.0
2025-07-04 00:00:00+09:00,4446.774387846057,4446.774387846057,4306.451801069631,4325.806640625,4796,0.0,0.0
2025-07-07 00:00:00+09:00,4282.258140689037,4480.645240992145,4282.258140689037,4427.41943359375,10715,0.0,0.0
2025-07-08 00:00:00+09:00,4480.645240992145,4495.161370282616,4374.193626195355,4427.41943359375,1945,0.0,0.0
2025-07-09 00:00:00+09:00,4374.193623645613,4591.935562875759,4374.193623645613,4577.41943359375,23766,0.0,0.0
2025-07-10 00:00:00+09:00,4591.935515175065,4620.9677734375,4553.225837491819,4620.9677734375,4726,0.0,0.0
2025-07-11 00:00:00+09:00,4625.806576058884,4688.709803557593,4625.806576058884,4683.87109375,8442,0.0,0.0
2025-07-14 00:00:00+09:00,4688.710011291504,4732.258401489258,4577.419680786133,4645.16162109375,15543,0.0,0.0
2025-07-15 00:00:00+09:00,4645.161513157895,4645.161513157895,4558.064734786184,4596.7744140625,4780,0.0,0.0
2025-07-16 00:00:00+09:00,4591.9354994740015,4640.32259641261,4567.7419510046975,4635.48388671875,5395,0.0,0.0
2025-07-17 00:00:00+09:00,4611.290601417377,4688.7099609375,4596.774471507353,4688.7099609375,3041,0.0,0.0
2025-07-18 00:00:00+09:00,4688.7099609375,4732.25835066757,4587.097051567338,4688.7099609375,10313,0.0,0.0
2025-07-21 00:00:00+09:00,4635.4841843522845,4683.8712843977155,4577.419664297768,4659.677734375,4788,0.0,0.0
2025-07-22 00:00:00+09:00,4645.16167192429,4645.16167192429,4553.226180500789,4601.61328125,3542,0.0,0.0
2025-07-23 00:00:00+09:00,4601.6131075591875,4635.4840768051545,4558.064718528659,4611.29052734375,8354,0.0,0.0
2025-07-24 00:00:00+09:00,4645.161580490405,5283.871297807836,4480.64544118137,4538.7099609375,477030,0.0,0.0
2025-07-25 00:00:00+09:00,4538.709630216653,4620.967693877296,4499.99995319988,4543.54833984375,20011,0.0,0.0
2025-07-28 00:00:00+09:00,4543.548670917177,4616.12932061234,4509.677701059435,4538.7099609375,11481,0.0,0.0
2025-07-29 00:00:00+09:00,4538.709944332824,4809.67770220344,4480.645424789121,4553.22607421875,13903,0.0,0.0
2025-07-30 00:00:00+09:00,4625.8063719411375,4625.8063719411375,4538.709599247685,4572.58056640625,5091,0.0,0.0
2025-07-31 00:00:00+09:00,4548.387387988483,4674.19384765625,4548.387387988483,4674.19384765625,13352,0.0,0.0
2025-08-01 00:00:00+09:00,4625.806673519737,4669.355062705592,4509.677635690789,4596.7744140625,26892,0.0,0.0
2025-08-04 00:00:00+09:00,4591.935591629925,4867.742049715178,4558.064623093139,4698.38720703125,8512,0.0,0.0
2025-08-05 00:00:00+09:00,4703.225982061392,4824.193728513588,4640.32275390625,4640.32275390625,4372,0.0,0.0
2025-08-06 00:00:00+09:00,4640.32275390625,4645.161463764338,4606.451784899635,4640.32275390625,2041,0.0,0.0
2025-08-07 00:00:00+09:00,4630.645383429276,4688.70990234375,4591.93570415296,4596.7744140625,3545,0.0,0.0
2025-08-08 00:00:00+09:00,4688.70990234375,4688.70990234375,4553.226024876645,4596.7744140625,2690,0.0,0.0
2025-08-11 00:00:00+09:00,4601.6129823971,4625.806531200449,4553.2258847904,4577.41943359375,24839,0.0,0.0
2025-08-12 00:00:00+09:00,4577.419291567145,4606.451549230361,4519.3547762407115,4558.064453125,9711,0.0,0.0
2025-08-13 00:00:00+09:00,4558.064626620678,4596.774304978391,4533.871077647108,4548.38720703125,2408,0.0,0.0
2025-08-14 00:00:00+09:00,4548.387442496827,4867.742305480647,4548.387442496827,4766.12939453125,75136,0.0,0.0
2025-08-18 00:00:00+09:00,4867.741905586674,5225.806419516509,4790.322551223467,5129.0322265625,88370,0.0,0.0
2025-08-19 00:00:00+09:00,5341.935677083333,5341.935677083333,5138.70986328125,5225.806640625,41121,0.0,0.0
2025-08-20 00:00:00+09:00,5225.806419516509,5235.483838811911,5032.25803360849,5129.0322265625,25974,0.0,0.0
2025-08-21 00:00:00+09:00,5119.355121159957,5167.742220603814,4983.87124271716,5138.7099609375,9060,0.0,0.0
2025-08-22 00:00:00+09:00,5138.709787469162,5167.7420461554275,5090.3226896587175,5148.38720703125,8998,0.0,0.0
2025-08-25 00:00:00+09:00,5187.096961805555,5283.871158854166,4925.806629774305,5225.806640625,23506,0.0,0.0
2025-08-26 00:00:00+09:00,5225.806391289893,5467.741872368129,5206.4515528036345,5458.064453125,43610,0.0,0.0
2025-08-27 00:00:00+09:00,5458.064724588222,5496.774403486011,5245.161490650384,5361.29052734375,23087,0.0,0.0
2025-08-28 00:00:00+09:00,5341.935786983945,5341.935786983945,5235.484168040424,5274.19384765625,5994,0.0,0.0
2025-08-29 00:00:00+09:00,5274.193814688355,5380.645432966468,4925.80670032362,5303.22607421875,30386,0.0,0.0
2025-09-01 00:00:00+09:00,5293.54840302247,5322.58066117433,5187.096789798983,5235.48388671875,14991,0.0,0.0
2025-09-02 00:00:00+09:00,5322.580612470519,5351.612870356722,5119.354807267099,5129.0322265625,11264,0.0,0.0
2025-09-03 00:00:00+09:00,5022.5809222722455,5177.419640492584,4983.87124271716,5138.7099609375,21117,0.0,0.0
2025-09-04 00:00:00+09:00,5119.354948344983,5158.064626593339,5080.645270096628,5148.38720703125,6198,0.0,0.0
2025-09-05 00:00:00+09:00,5177.419648616686,5274.19384765625,5138.70996900086,5274.19384765625,8688,0.0,0.0
2025-09-08 00:00:00+09:00,5274.193564254563,5274.193564254563,5187.096789798983,5235.48388671875,8360,0.0,0.0
2025-09-09 00:00:00+09:00,5235.48388671875,5283.870983638517,5196.774209182937,5235.48388671875,7544,0.0,0.0
2025-09-10 00:00:00+09:00,5283.871368863689,5283.871368863689,5177.419747879256,5187.09716796875,3206,0.0,0.0
2025-09-11 00:00:00+09:00,5341.935753592609,5341.935753592609,5032.258318601734,5303.22607421875,23192,0.0,0.0
2025-09-12 00:00:00+09:00,5245.161587944381,5361.290626791858,5206.451908328555,5274.19384765625,7618,0.0,0.0
2025-09-15 00:00:00+09:00,5274.19384765625,5341.935786983945,5225.806748136468,5274.19384765625,11368,0.0,0.0
2025-09-16 00:00:00+09:00,5341.935677083333,5341.935677083333,5109.677604166666,5225.806640625,16866,0.0,0.0
2025-09-17 00:00:00+09:00,5187.097093986742,5187.097093986742,5022.5809548117895,5109.677734375,12597,0.0,0.0
2025-09-18 00:00:00+09:00,5109.6777678571425,5109.6777678571425,4983.8713076636905,5080.6455078125,17551,0.0,0.0
2025-09-22 00:00:00+09:00,4954.839007782101,5032.258367278697,4954.839007782101,4974.19384765625,7205,0.0,0.0
2025-09-23 00:00:00+09:00,4974.19359629253,4983.871015740569,4906.45166015625,4906.45166015625,11033,0.0,0.0
2025-09-24 00:00:00+09:00,5012.903193104959,5012.903193104959,4761.290291520541,4829.0322265625,23180,0.0,0.0
2025-09-25 00:00:00+09:00,4867.741919558732,4867.741919558732,4761.290307003769,4814.51611328125,6574,0.0,0.0
2025-09-26 00:00:00+09:00,4833.871267611428,4833.871267611428,4737.097068059647,4824.19384765625,10927,0.0,0.0
2025-09-29 00:00:00+09:00,4824.193516916645,4867.741903729334,4785.483839749812,4829.0322265625,11095,0.0,0.0
2025-09-30 00:00:00+09:00,4741.935639318983,4809.67757702354,4727.419509810864,4804.8388671875,18320,0.0,0.0
2025-10-01 00:00:00+09:00,4838.7099609375,4848.387380859375,4790.322861328125,4838.7099609375,6913,0.0,0.0
2025-10-02 00:00:00+09:00,4867.742111545139,4867.742111545139,4761.290494791667,4790.32275390625,10696,0.0,0.0
2025-10-10 00:00:00+09:00,4829.032432725694,4838.709852430556,4693.548556857639,4790.32275390625,12096,0.0,0.0
2025-10-13 00:00:00+09:00,4741.935607482483,4877.419481981982,4727.419478071822,4833.87109375,13250,0.0,0.0
2025-10-14 00:00:00+09:00,4838.709836039779,4838.709836039779,4683.8711212865055,4804.8388671875,21200,0.0,0.0
2025-10-15 00:00:00+09:00,4780.645474408953,4838.709994341046,4775.806764414612,4809.677734375,16588,0.0,0.0
2025-10-16 00:00:00+09:00,4708.064562901354,4819.354886587615,4688.709723999396,4756.45166015625,27277,0.0,0.0
2025-10-17 00:00:00+09:00,4756.451708282533,4775.806547380326,4577.419446627952,4712.9033203125,28241,0.0,0.0
2025-10-20 00:00:00+09:00,4683.870937186874,4829.0322265625,4683.870937186874,4829.0322265625,12334,0.0,0.0
2025-10-21 00:00:00+09:00,4829.032354899256,4833.8710646737045,4712.9033203125,4712.9033203125,11302,0.0,0.0
2025-10-22 00:00:00+09:00,4712.9033644343,4819.35498046875,4679.032395696066,4819.35498046875,5903,0.0,0.0
2025-10-23 00:00:00+09:00,4819.354793105014,5003.225759107013,4785.483825683594,4993.54833984375,9209,0.0,0.0
2025-10-24 00:00:00+09:00,4993.548755075049,5032.258435346948,4867.742294191376,4916.12939453125,8789,0.0,0.0
2025-10-27 00:00:00+09:00,4945.161597095976,4945.161597095976,4800.000297768304,4824.19384765625,9688,0.0,0.0
2025-10-28 00:00:00+09:00,4804.838899838526,4814.516319576368,4741.935671542554,4775.806640625,7937,0.0,0.0
2025-10-29 00:00:00+09:00,4775.80659209102,4819.35498046875,4741.935623352786,4819.35498046875,5408,0.0,0.0
2025-10-30 00:00:00+09:00,4819.35512109375,4838.7099609375,4737.097051757813,4838.7099609375,12031,0.0,0.0
2025-10-31 00:00:00+09:00,4775.806731445313,4838.7099609375,4775.806731445313,4838.7099609375,6311,0.0,0.0
2025-11-03 00:00:00+09:00,4838.709875130753,4838.709875130753,4606.451801124477,4625.806640625,20973,0.0,0.0
2025-11-04 00:00:00+09:00,4625.806781005859,4775.806791687012,4587.0971008300785,4645.16162109375,17435,0.0,0.0
2025-11-05 00:00:00+09:00,4727.419417649872,4858.06458067602,4582.258125398596,4741.935546875,26586,0.0,0.0
2025-11-06 00:00:00+09:00,4775.806836420947,4887.09716796875,4693.548765276919,4887.09716796875,6585,0.0,0.0
2025-11-07 00:00:00+09:00,4887.096789790135,4964.516144875919,4790.322595932905,4935.48388671875,12830,0.0,0.0
2025-11-10 00:00:00+09:00,4896.774329144021,5158.064658960006,4896.774329144021,5119.35498046875,27056,0.0,0.0
2025-11-11 00:00:00+09:00,5070.967850534539,5196.774304841694,5070.967850534539,5148.38720703125,12936,0.0,0.0
2025-11-12 00:00:00+09:00,5090.322853073621,5235.484151165075,4800.000256890716,5003.22607421875,49382,0.0,0.0
2025-11-13 00:00:00+09:00,4993.548578708252,4993.548578708252,4925.806640625,4925.806640625,8834,0.0,0.0
2025-11-14 00:00:00+09:00,4925.806608200073,4954.8388671875,4838.709831237793,4954.8388671875,9853,0.0,0.0
2025-11-17 00:00:00+09:00,4916.129440915475,4916.129440915475,4737.09716796875,4737.09716796875,60600,0.0,0.0
2025-11-18 00:00:00+09:00,4698.38719408636,4785.483970083841,4562.9033203125,4562.9033203125,53386,0.0,0.0
2025-11-19 00:00:00+09:00,4562.903583902483,4616.12939453125,4548.387453731001,4616.12939453125,13952,0.0,0.0
2025-11-20 00:00:00+09:00,4596.774254623724,4824.193612484056,4582.258125398596,4741.935546875,20253,0.0,0.0
2025-11-21 00:00:00+09:00,4732.258333936149,4790.322853370949,4698.38736426585,4703.22607421875,5465,0.0,0.0
2025-11-24 00:00:00+09:00,4751.613091280396,4775.806640625,4664.516313639818,4775.806640625,5424,0.0,0.0
2025-11-25 00:00:00+09:00,4717.742122197948,4887.096967610182,4717.742122197948,4775.806640625,10184,0.0,0.0
2025-11-26 00:00:00+09:00,4877.419498305722,4877.419498305722,4766.129172451525,4819.35498046875,11653,0.0,0.0
2025-11-27 00:00:00+09:00,4780.64544140625,5003.226099609375,4780.64544140625,4838.7099609375,2435,0.0,0.0
2025-11-28 00:00:00+09:00,4838.709863089391,4925.806640625,4756.451795416871,4925.806640625,16053,0.0,0.0
2025-12-01 00:00:00+09:00,4887.09716796875,4925.806848507116,4848.387487430384,4887.09716796875,4254,0.0,0.0
2025-12-02 00:00:00+09:00,4887.097060546875,4887.097060546875,4829.032541015625,4838.7099609375,5903,0.0,0.0
2025-12-03 00:00:00+09:00,4858.064562916051,4925.80649905233,4824.19359484791,4906.45166015625,13021,0.0,0.0
2025-12-04 00:00:00+09:00,4858.064594571552,4906.451692127046,4833.871045793806,4877.41943359375,5644,0.0,0.0
2025-12-05 00:00:00+09:00,4824.19370174408,4954.8388671875,4756.4517641067505,4954.8388671875,3812,0.0,0.0
2025-12-08 00:00:00+09:00,4954.838645418326,4954.838645418326,4858.064453125,4858.064453125,1667,0.0,0.0
2025-12-09 00:00:00+09:00,4877.419401812131,4925.80649905233,4833.871014295951,4906.45166015625,2356,0.0,0.0
2025-12-10 00:00:00+09:00,4858.0646427677675,4858.0646427677675,4829.032383946446,4833.87109375,4202,0.0,0.0
2025-12-11 00:00:00+09:00,4829.032541015625,4867.742220703125,4829.032541015625,4838.7099609375,451,0.0,0.0
2025-12-12 00:00:00+09:00,4838.7099775890165,4858.064817499373,4814.516427701072,4824.19384765625,28105,0.0,0.0
2025-12-15 00:00:00+09:00,4780.64544140625,4858.06480078125,4775.806731445313,4838.7099609375,12997,0.0,0.0
2025-12-16 00:00:00+09:00,4838.7100339874505,4916.12939453125,4838.7100339874505,4916.12939453125,4998,0.0,0.0
2025-12-17 00:00:00+09:00,4925.8065444769545,5080.64525707348,4896.774285865106,5012.9033203125,32285,0.0,0.0
2025-12-18 00:00:00+09:00,5012.903225806452,5138.709677419355,4974.193548387097,5100.0,25443,0.0,0.0
2025-12-19 00:00:00+09:00,5070.968054569129,5235.4841937440815,5061.2906346176605,5109.677734375,17525,0.0,0.0
2025-12-22 00:00:00+09:00,5109.677701271186,5148.387380826271,4945.161563162076,5138.7099609375,24374,0.0,0.0
2025-12-23 00:00:00+09:00,5080.6454745205965,5225.806773792613,5080.6454745205965,5109.677734375,2435,0.0,0.0
2025-12-24 00:00:00+09:00,5080.645270096628,5225.806563527961,5051.613011410362,5148.38720703125,6744,0.0,0.0
2025-12-26 00:00:00+09:00,5109.677419354839,5138.709677419355,5090.322580645161,5100.0,3771,0.0,0.0
2025-12-29 00:00:00+09:00,5250.0,5250.0,5130.0,5230.0,2948,170.0,0.0
2025-12-30 00:00:00+09:00,5050.0,5200.0,5050.0,5080.0,2697,0.0,0.0
2026-01-02 00:00:00+09:00,5090.0,5140.0,5070.0,5130.0,1167,0.0,0.0
2026-01-05 00:00:00+09:00,5130.0,5400.0,5060.0,5120.0,4269,0.0,0.0
2026-01-06 00:00:00+09:00,5080.0,5200.0,5070.0,5180.0,6985,0.0,0.0
2026-01-07 00:00:00+09:00,5140.0,5300.0,5090.0,5140.0,4502,0.0,0.0
2026-01-08 00:00:00+09:00,5140.0,5160.0,5090.0,5090.0,5788,0.0,0.0
2026-01-09 00:00:00+09:00,5070.0,5190.0,5070.0,5100.0,10999,0.0,0.0
2026-01-12 00:00:00+09:00,5080.0,5150.0,5080.0,5100.0,3015,0.0,0.0
2026-01-13 00:00:00+09:00,5160.0,5190.0,5100.0,5100.0,2146,0.0,0.0
2026-01-14 00:00:00+09:00,5100.0,5140.0,5060.0,5140.0,4263,0.0,0.0
2026-01-15 00:00:00+09:00,5100.0,5100.0,4975.0,5000.0,34736,0.0,0.0
2026-01-16 00:00:00+09:00,5000.0,5050.0,5000.0,5050.0,9111,0.0,0.0
2026-01-19 00:00:00+09:00,5050.0,5050.0,5000.0,5020.0,5728,0.0,0.0
2026-01-20 00:00:00+09:00,5050.0,5250.0,5020.0,5080.0,25878,0.0,0.0
2026-01-21 00:00:00+09:00,5240.0,5240.0,5020.0,5030.0,5383,0.0,0.0
2026-01-22 00:00:00+09:00,5040.0,5110.0,5000.0,5050.0,18431,0.0,0.0
2026-01-23 00:00:00+09:00,5050.0,5100.0,5040.0,5070.0,4254,0.0,0.0
2026-01-26 00:00:00+09:00,5070.0,5120.0,4980.0,5030.0,13608,0.0,0.0
2026-01-27 00:00:00+09:00,5090.0,5150.0,5000.0,5120.0,7251,0.0,0.0
2026-01-28 00:00:00+09:00,5100.0,5110.0,5020.0,5080.0,10166,0.0,0.0
2026-01-29 00:00:00+09:00,5080.0,5110.0,5010.0,5050.0,5559,0.0,0.0
2026-01-30 00:00:00+09:00,5090.0,5240.0,5020.0,5060.0,10846,0.0,0.0
2026-02-02 00:00:00+09:00,5160.0,5160.0,5000.0,5040.0,22464,0.0,0.0
2026-02-03 00:00:00+09:00,5040.0,5120.0,5010.0,5110.0,8687,0.0,0.0
2026-02-04 00:00:00+09:00,5110.0,5350.0,5110.0,5310.0,19359,0.0,0.0
2026-02-05 00:00:00+09:00,5350.0,5350.0,5190.0,5340.0,20752,0.0,0.0
2026-02-06 00:00:00+09:00,5280.0,5330.0,5190.0,5280.0,5373,0.0,0.0
2026-02-09 00:00:00+09:00,5280.0,5320.0,5240.0,5300.0,11053,0.0,0.0
2026-02-10 00:00:00+09:00,5300.0,5330.0,5240.0,5320.0,4720,0.0,0.0
2026-02-11 00:00:00+09:00,5320.0,5400.0,5240.0,5250.0,5352,0.0,0.0
2026-02-12 00:00:00+09:00,5300.0,5300.0,5150.0,5150.0,2823,0.0,0.0
2026-02-13 00:00:00+09:00,5150.0,5250.0,5090.0,5210.0,6471,0.0,0.0
2026-02-19 00:00:00+09:00,5210.0,5400.0,5180.0,5200.0,10182,0.0,0.0
2026-02-20 00:00:00+09:00,5290.0,5400.0,5180.0,5290.0,12447,0.0,0.0
2026-02-23 00:00:00+09:00,5290.0,5350.0,5220.0,5330.0,9145,0.0,0.0
2026-02-24 00:00:00+09:00,5330.0,5330.0,5240.0,5290.0,4215,0.0,0.0
2026-02-25 00:00:00+09:00,5300.0,5330.0,5190.0,5270.0,4394,0.0,0.0
2026-02-26 00:00:00+09:00,5200.0,5270.0,4990.0,4990.0,15297,0.0,0.0
2026-02-27 00:00:00+09:00,5040.0,5050.0,4990.0,5040.0,24375,0.0,0.0
2026-03-03 00:00:00+09:00,5050.0,5050.0,4900.0,4925.0,35651,0.0,0.0
2026-03-04 00:00:00+09:00,4925.0,4925.0,4380.0,4380.0,45935,0.0,0.0
2026-03-05 00:00:00+09:00,4455.0,4850.0,4455.0,4695.0,14359,0.0,0.0
2026-03-06 00:00:00+09:00,4830.0,4835.0,4655.0,4835.0,856,0.0,0.0
2026-03-09 00:00:00+09:00,4785.0,4785.0,4555.0,4570.0,9855,0.0,0.0
2026-03-10 00:00:00+09:00,4580.0,4765.0,4580.0,4750.0,1472,0.0,0.0
2026-03-11 00:00:00+09:00,4750.0,4980.0,4750.0,4980.0,2698,0.0,0.0
2026-03-12 00:00:00+09:00,4965.0,4965.0,4860.0,4945.0,2020,0.0,0.0
2026-03-13 00:00:00+09:00,4945.0,5070.0,4885.0,5070.0,56489,0.0,0.0
2026-03-16 00:00:00+09:00,5060.0,5070.0,4960.0,5060.0,2445,0.0,0.0
2026-03-17 00:00:00+09:00,5000.0,5030.0,4940.0,4980.0,4026,0.0,0.0
2026-03-18 00:00:00+09:00,4980.0,4985.0,4885.0,4915.0,8014,0.0,0.0
2026-03-19 00:00:00+09:00,5000.0,5170.0,4990.0,5130.0,12037,0.0,0.0
2026-03-20 00:00:00+09:00,5400.0,5400.0,5140.0,5250.0,10780,0.0,0.0
2026-03-23 00:00:00+09:00,5290.0,5290.0,5010.0,5120.0,4721,0.0,0.0
2026-03-24 00:00:00+09:00,5120.0,5200.0,5060.0,5190.0,1012,0.0,0.0
2026-03-25 00:00:00+09:00,5190.0,5300.0,5050.0,5240.0,3877,0.0,0.0
2026-03-26 00:00:00+09:00,5240.0,5280.0,5150.0,5260.0,3336,0.0,0.0
2026-03-27 00:00:00+09:00,5260.0,5260.0,5150.0,5250.0,2296,0.0,0.0
2026-03-30 00:00:00+09:00,5170.0,5180.0,5090.0,5100.0,3243,0.0,0.0
2026-03-31 00:00:00+09:00,5100.0,5100.0,4905.0,5000.0,18866,0.0,0.0
2026-04-01 00:00:00+09:00,5050.0,5130.0,5050.0,5090.0,4243,0.0,0.0
2026-04-02 00:00:00+09:00,5050.0,5120.0,4980.0,4980.0,5522,0.0,0.0
2026-04-03 00:00:00+09:00,4980.0,5050.0,4960.0,5030.0,2401,0.0,0.0
2026-04-06 00:00:00+09:00,5050.0,5090.0,5000.0,5070.0,835,0.0,0.0
2026-04-07 00:00:00+09:00,5070.0,5280.0,4990.0,4990.0,17690,0.0,0.0
2026-04-08 00:00:00+09:00,5130.0,5290.0,5050.0,5180.0,31194,0.0,0.0
2026-04-09 00:00:00+09:00,5180.0,5270.0,5140.0,5180.0,10678,0.0,0.0
2026-04-10 00:00:00+09:00,5230.0,5290.0,5180.0,5260.0,5057,0.0,0.0
2026-04-13 00:00:00+09:00,5260.0,5260.0,5110.0,5190.0,13540,0.0,0.0
2026-04-14 00:00:00+09:00,5190.0,5280.0,5190.0,5260.0,8258,0.0,0.0
2026-04-15 00:00:00+09:00,5270.0,5290.0,5220.0,5280.0,14141,0.0,0.0
2026-04-16 00:00:00+09:00,5290.0,5370.0,5290.0,5330.0,7470,0.0,0.0
2026-04-17 00:00:00+09:00,5350.0,5370.0,5230.0,5280.0,7039,0.0,0.0
2026-04-20 00:00:00+09:00,5320.0,5320.0,5170.0,5180.0,9462,0.0,0.0
2026-04-21 00:00:00+09:00,5180.0,5220.0,5120.0,5220.0,7245,0.0,0.0
2026-04-22 00:00:00+09:00,5190.0,5280.0,5110.0,5260.0,1989,0.0,0.0
2026-04-23 00:00:00+09:00,5220.0,5390.0,5210.0,5340.0,4284,0.0,0.0
2026-04-24 00:00:00+09:00,5340.0,5350.0,5240.0,5320.0,2465,0.0,0.0
2026-04-27 00:00:00+09:00,5430.0,5430.0,5260.0,5310.0,5187,0.0,0.0
2026-04-28 00:00:00+09:00,5310.0,5400.0,5210.0,5230.0,4175,0.0,0.0
2026-04-29 00:00:00+09:00,5280.0,5280.0,5150.0,5200.0,3012,0.0,0.0
2026-04-30 00:00:00+09:00,5210.0,5250.0,5150.0,5220.0,7454,0.0,0.0
2026-05-04 00:00:00+09:00,5230.0,5250.0,5150.0,5190.0,11462,0.0,0.0
2026-05-06 00:00:00+09:00,5190.0,5310.0,5190.0,5270.0,6733,0.0,0.0
2026-05-07 00:00:00+09:00,5280.0,5280.0,5190.0,5200.0,3251,0.0,0.0
2026-05-08 00:00:00+09:00,5190.0,5280.0,5190.0,5280.0,2381,0.0,0.0
2026-05-11 00:00:00+09:00,5280.0,5290.0,5070.0,5280.0,5523,0.0,0.0
2026-05-12 00:00:00+09:00,5240.0,5260.0,5120.0,5160.0,16845,0.0,0.0
2026-05-13 00:00:00+09:00,5160.0,5230.0,5160.0,5200.0,5598,0.0,0.0
2026-05-14 00:00:00+09:00,5200.0,5300.0,5100.0,5280.0,23072,0.0,0.0
2026-05-15 00:00:00+09:00,5300.0,5480.0,5220.0,5340.0,20494,0.0,0.0
2026-05-18 00:00:00+09:00,5330.0,5400.0,5190.0,5350.0,4721,0.0,0.0
2026-05-19 00:00:00+09:00,5320.0,5320.0,5190.0,5300.0,5043,0.0,0.0
2026-05-20 00:00:00+09:00,5270.0,5270.0,4985.0,5240.0,9992,0.0,0.0
2026-05-21 00:00:00+09:00,5200.0,5420.0,5150.0,5320.0,15691,0.0,0.0
2026-05-22 00:00:00+09:00,5320.0,5390.0,5190.0,5230.0,6205,0.0,0.0
2026-05-26 00:00:00+09:00,5190.0,5320.0,5160.0,5210.0,15054,0.0,0.0
2026-05-27 00:00:00+09:00,5220.0,5270.0,5140.0,5220.0,11621,0.0,0.0
2026-05-28 00:00:00+09:00,5200.0,5200.0,5000.0,5190.0,21536,0.0,0.0
2026-05-29 00:00:00+09:00,5150.0,5290.0,4910.0,5140.0,48501,0.0,0.0
2026-06-01 00:00:00+09:00,5140.0,5250.0,5080.0,5210.0,101697,0.0,0.0
2026-06-02 00:00:00+09:00,5250.0,5380.0,5080.0,5080.0,27238,0.0,0.0
2026-06-04 00:00:00+09:00,5080.0,5230.0,5040.0,5040.0,16654,0.0,0.0
2026-06-05 00:00:00+09:00,5140.0,5200.0,5030.0,5100.0,43373,0.0,0.0
2026-06-08 00:00:00+09:00,5070.0,5190.0,4825.0,4990.0,66072,0.0,0.0
2026-06-09 00:00:00+09:00,4990.0,5200.0,4990.0,5130.0,47599,0.0,0.0
2026-06-10 00:00:00+09:00,5190.0,5190.0,5030.0,5030.0,38395,0.0,0.0
2026-06-11 00:00:00+09:00,5040.0,5100.0,4975.0,5080.0,29758,0.0,0.0
2026-06-12 00:00:00+09:00,5080.0,5110.0,5060.0,5080.0,11225,0.0,0.0
2026-06-15 00:00:00+09:00,5130.0,5130.0,4990.0,5050.0,18283,0.0,0.0
2026-06-16 00:00:00+09:00,5000.0,5080.0,4980.0,5080.0,10773,0.0,0.0
2026-06-17 00:00:00+09:00,5070.0,5080.0,5010.0,5040.0,8179,0.0,0.0
2026-06-18 00:00:00+09:00,5000.0,5090.0,4855.0,5020.0,30061,0.0,0.0
2026-06-19 00:00:00+09:00,5000.0,5000.0,4885.0,4985.0,51124,0.0,0.0
2026-06-22 00:00:00+09:00,4950.0,5040.0,4835.0,5020.0,28311,0.0,0.0
2026-06-23 00:00:00+09:00,5000.0,5020.0,4830.0,4900.0,31327,0.0,0.0
2026-06-24 00:00:00+09:00,4860.0,5130.0,4720.0,5100.0,18784,0.0,0.0
2026-06-25 00:00:00+09:00,5050.0,5180.0,5050.0,5130.0,8663,0.0,0.0
2026-06-26 00:00:00+09:00,5130.0,5160.0,5050.0,5160.0,12241,0.0,0.0
2026-06-29 00:00:00+09:00,5160.0,5240.0,5070.0,5240.0,2562,0.0,0.0
2026-06-30 00:00:00+09:00,5240.0,5250.0,5190.0,5220.0,3803,0.0,0.0
2026-07-01 00:00:00+09:00,5220.0,5320.0,5190.0,5300.0,5659,0.0,0.0
2026-07-02 00:00:00+09:00,5300.0,5300.0,5170.0,5280.0,4132,0.0,0.0
2026-07-03 00:00:00+09:00,5250.0,5260.0,5150.0,5200.0,4018,0.0,0.0
2026-07-06 00:00:00+09:00,5210.0,5320.0,5190.0,5290.0,2466,0.0,0.0
2026-07-07 00:00:00+09:00,5330.0,5350.0,5200.0,5350.0,11250,0.0,0.0
2026-07-08 00:00:00+09:00,5300.0,5300.0,5210.0,5290.0,2502,0.0,0.0
2026-07-09 00:00:00+09:00,5300.0,5300.0,5200.0,5200.0,10558,0.0,0.0
2026-07-10 00:00:00+09:00,5310.0,5360.0,5160.0,5290.0,2826,0.0,0.0
2026-07-13 00:00:00+09:00,5290.0,5340.0,5210.0,5230.0,2405,0.0,0.0
2026-07-14 00:00:00+09:00,5190.0,5330.0,5170.0,5230.0,17490,0.0,0.0
2026-07-15 00:00:00+09:00,5230.0,5300.0,5230.0,5290.0,1148,0.0,0.0
2026-07-16 00:00:00+09:00,5290.0,5290.0,5200.0,5290.0,3606,0.0,0.0
2026-07-20 00:00:00+09:00,5250.0,5300.0,5230.0,5270.0,994,0.0,0.0
2026-07-21 00:00:00+09:00,5270.0,5340.0,5210.0,5270.0,519,0.0,0.0
2026-07-22 00:00:00+09:00,5300.0,5340.0,5150.0,5220.0,4876,0.0,0.0
2026-07-23 00:00:00+09:00,5180.0,5250.0,5140.0,5170.0,6353,0.0,0.0
2026-07-24 00:00:00+09:00,5170.0,5240.0,5170.0,5240.0,3511,0.0,0.0
2026-07-27 00:00:00+09:00,5150.0,5250.0,5150.0,5250.0,2781,0.0,0.0
2026-07-28 00:00:00+09:00,5250.0,5250.0,5050.0,5200.0,7076,0.0,0.0
2026-07-29 00:00:00+09:00,5180.0,5250.0,5130.0,5170.0,13103,0.0,0.0
2026-07-30 00:00:00+09:00,5170.0,5300.0,5170.0,5220.0,13016,0.0,0.0
2026-07-31 00:00:00+09:00,5270.0,5400.0,5220.0,5400.0,8034,0.0,0.0
2026-08-03 00:00:00+09:00,5400.0,5450.0,5360.0,5450.0,6098,0.0,0.0
2026-08-04 00:00:00+09:00,5410.0,5640.0,5410.0,5580.0,7360,0.0,0.0
2026-08-05 00:00:00+09:00,5540.0,5630.0,5500.0,5500.0,7137,0.0,0.0
2026-08-06 00:00:00+09:00,5500.0,5520.0,5460.0,5460.0,7664,0.0,0.0
2026-08-07 00:00:00+09:00,5570.0,5590.0,5460.0,5590.0,3559,0.0,0.0
2026-08-10 00:00:00+09:00,5600.0,5740.0,5600.0,5710.0,8753,0.0,0.0
2026-08-11 00:00:00+09:00,5710.0,5720.0,5600.0,5600.0,8789,0.0,0.0
2026-08-12 00:00:00+09:00,5600.0,5620.0,5460.0,5570.0,3403,0.0,0.0
2026-08-13 00:00:00+09:00,5560.0,5630.0,5480.0,5630.0,3212,0.0,0.0
2026-08-14 00:00:00+09:00,5630.0,5630.0,5440.0,5480.0,18598,0.0,0.0
2026-08-18 00:00:00+09:00,5480.0,5550.0,5280.0,5280.0,7802,0.0,0.0
2026-08-19 00:00:00+09:00,5240.0,5290.0,5050.0,5260.0,5998,0.0,0.0
2026-08-20 00:00:00+09:00,5190.0,5290.0,5190.0,5250.0,1336,0.0,0.0
2026-08-21 00:00:00+09:00,5250.0,5270.0,5230.0,5230.0,7999,0.0,0.0
2026-08-24 00:00:00+09:00,5230.0,5350.0,5230.0,5250.0,1755,0.0,0.0
2026-08-25 00:00:00+09:00,5240.0,5340.0,4985.0,5300.0,14562,0.0,0.0
2026-08-26 00:00:00+09:00,5300.0,5300.0,5250.0,5300.0,105,0.0,0.0
2026-08-27 00:00:00+09:00,5290.0,5360.0,5270.0,5360.0,334,0.0,0.0
2026-08-28 00:00:00+09:00,5250.0,5410.0,5250.0,5410.0,951,0.0,0.0
