Date,Open,High,Low,Close,Volume,Dividends,Stock Splits
2018-01-19 00:00:00-05:00,10.844697640320295,11.119030476867543,10.287460522387216,10.621803283691406,68187400,0.0,0.0
2018-01-22 00:00:00-05:00,10.390336620560104,10.441774290781138,9.533048112419097,9.815953254699707,26132900,0.0,0.0
2018-01-23 00:00:00-05:00,9.833097740719507,10.390334848970616,9.815951581044635,10.210304260253906,8272100,0.0,0.0
2018-01-24 00:00:00-05:00,10.210304260253906,10.410909913550908,9.687358653778652,10.210304260253906,10369000,0.0,0.0
2018-01-25 00:00:00-05:00,10.210304762082528,10.236023185284985,9.94454581465128,10.20173168182373,9448600,0.0,0.0
2018-01-26 00:00:00-05:00,10.124576412216355,10.218877842341325,10.073138748237506,10.20173168182373,7910600,0.0,0.0
2018-01-29 00:00:00-05:00,10.193159379203472,10.484636748695209,10.158867875876565,10.356043815612793,9508400,0.0,0.0
2018-01-30 00:00:00-05:00,10.287461751121452,10.630376815795898,10.2103056571762,10.630376815795898,5638800,0.0,0.0
2018-01-31 00:00:00-05:00,10.681814959051486,10.77611640163481,10.630377288277103,10.698960304260254,6624700,0.0,0.0
2018-02-01 00:00:00-05:00,10.698960214756559,10.981866175287923,10.673241788371538,10.930428504943848,6075100,0.0,0.0
2018-02-02 00:00:00-05:00,10.836126848839925,11.101885823901886,10.801835341813414,11.02472972869873,6012400,0.0,0.0
2018-02-05 00:00:00-05:00,10.973291383275516,11.016155965617488,10.681813204438797,10.836125373840332,4006400,0.0,0.0
2018-02-06 00:00:00-05:00,10.458918997856587,10.716105698126418,10.40748214834701,10.544648170471191,4608500,0.0,0.0
2018-02-07 00:00:00-05:00,10.47606536876322,10.750397418493844,10.458919206868055,10.724678993225098,2671200,0.0,0.0
2018-02-08 00:00:00-05:00,10.776114685814399,10.776114685814399,10.518928825614863,10.604657173156738,4065800,0.0,0.0
2018-02-09 00:00:00-05:00,10.62180327970438,10.870416876199128,10.416053447977697,10.836125373840332,4091500,0.0,0.0
2018-02-12 00:00:00-05:00,10.836124188951882,10.947571763825083,10.690385115469528,10.870415687561035,2783100,0.0,0.0
2018-02-13 00:00:00-05:00,11.144749241730779,11.161895402230467,10.364616925621453,10.416053771972656,6081700,0.0,0.0
2018-02-14 00:00:00-05:00,10.44177278281515,10.450345045302319,10.090284676049922,10.23602294921875,5808100,0.0,0.0
2018-02-15 00:00:00-05:00,10.236023929349715,10.269458617759845,9.584485316225,10.02170181274414,5526000,0.0,0.0
2018-02-16 00:00:00-05:00,10.081711809385038,10.201731662484951,9.905967752282509,9.927399635314941,1617300,0.0,0.0
2018-02-20 00:00:00-05:00,9.884535501198842,10.021701521021797,9.790234066964052,9.935973167419434,1824400,0.0,0.0
2018-02-21 00:00:00-05:00,10.00455479689951,10.055991638448864,9.901680296226948,9.987408638000488,2562200,0.0,0.0
2018-02-22 00:00:00-05:00,9.995982169761342,10.287460343643053,9.93597224604707,10.210304260253906,2007200,0.0,0.0
2018-02-23 00:00:00-05:00,10.201730265538181,10.364615497546568,10.038845851103614,10.270313262939453,3210000,0.0,0.0
2018-02-26 00:00:00-05:00,10.31317926169632,10.454631815523022,10.17601324799454,10.416053771972656,1639700,0.0,0.0
2018-02-27 00:00:00-05:00,10.407482446230183,10.613231485305409,9.833099098964677,9.944546699523926,1849200,0.0,0.0
2018-02-28 00:00:00-05:00,9.755940308511434,9.755940308511434,9.044391131858099,9.052964210510254,6566400,0.0,0.0
2018-03-01 00:00:00-05:00,9.1644140913975,9.284434780781057,9.061539565171906,9.155841827392578,2502000,0.0,0.0
2018-03-02 00:00:00-05:00,9.164412246653434,9.567338006444228,9.07011082098916,9.490181922912598,3135000,0.0,0.0
2018-03-05 00:00:00-05:00,9.413027486969145,9.644495778078568,9.190133094787598,9.190133094787598,2845500,0.0,0.0
2018-03-06 00:00:00-05:00,9.267287993055733,9.267287993055733,8.804352288293886,8.87293529510498,4146200,0.0,0.0
2018-03-07 00:00:00-05:00,8.830071734940887,9.044393860460938,8.770060983844935,8.915800094604492,1714600,0.0,0.0
2018-03-08 00:00:00-05:00,9.035818283282333,9.23299500943367,8.967235287466337,9.018672943115234,4982700,0.0,0.0
2018-03-09 00:00:00-05:00,9.130120983425847,9.13869406350317,8.958663469748979,9.027246475219727,1995000,0.0,0.0
2018-03-12 00:00:00-04:00,9.095830388501497,9.23299723070687,9.02724737618581,9.181559562683105,2337500,0.0,0.0
2018-03-13 00:00:00-04:00,9.130120476543311,9.25871421784218,9.027245974048537,9.035819053649902,3052700,0.0,0.0
2018-03-14 00:00:00-04:00,9.147265124563129,9.155838202748171,8.752912521362305,8.752912521362305,5656700,0.0,0.0
2018-03-15 00:00:00-04:00,9.21585098502913,9.21585098502913,7.6298670001108,7.655586242675781,10293500,0.0,0.0
2018-03-16 00:00:00-04:00,7.7413142112822735,8.09280233301565,7.45840909781034,7.484127521514893,17341300,0.0,0.0
2018-03-19 00:00:00-04:00,7.475555380561702,7.887053436840383,7.338389361802141,7.835616588592529,6452500,0.0,0.0
2018-03-20 00:00:00-04:00,7.921344989073397,7.921344989073397,7.621294525629476,7.681304454803467,3126400,0.0,0.0
2018-03-21 00:00:00-04:00,7.715596412696222,7.878480866120576,7.638440317757417,7.689877986907959,3754700,0.0,0.0
2018-03-22 00:00:00-04:00,7.629866563356396,7.664158067239442,7.389826036175069,7.432690620422363,2408100,0.0,0.0
2018-03-23 00:00:00-04:00,7.523070713025299,7.540286372291813,6.9076248493402925,6.972182750701904,4169000,0.035,0.0
2018-03-26 00:00:00-04:00,7.075473623594071,7.101296289343114,6.791421427247495,6.843067169189453,4396900,0.0,0.0
2018-03-27 00:00:00-04:00,6.843067039776115,6.877497533752951,6.464331606030916,6.507369518280029,3582900,0.0,0.0
2018-03-28 00:00:00-04:00,6.567622619149334,6.83445913364434,6.481546390351563,6.541799545288086,3590900,0.0,0.0
2018-03-29 00:00:00-04:00,6.533193625912096,6.843068120648754,6.533193625912096,6.825852870941162,2952700,0.0,0.0
2018-04-02 00:00:00-04:00,6.8602823883573,6.929143787774593,6.6020536797069616,6.739775657653809,2443700,0.0,0.0
2018-04-03 00:00:00-04:00,6.834459653820745,6.834459653820745,6.335217078352073,6.498762130737305,3926500,0.0,0.0
2018-04-04 00:00:00-04:00,6.421293382876569,6.817244480191822,6.412685554026995,6.756990909576416,4205600,0.0,0.0
2018-04-05 00:00:00-04:00,7.032435668572314,7.652185425237166,6.946359017048274,7.583324432373047,10407600,0.0,0.0
2018-04-06 00:00:00-04:00,7.471425982898966,7.660793324860528,7.3164883204868865,7.531679153442383,3687600,0.0,0.0
2018-04-09 00:00:00-04:00,7.540285213879591,8.05674259921455,7.540285213879591,7.850159645080566,4643200,0.0,0.0
2018-04-10 00:00:00-04:00,7.85876700554477,7.987881138970189,7.626360580313848,7.789906024932861,4052700,0.0,0.0
2018-04-11 00:00:00-04:00,7.712439134072584,7.8759837984662004,7.639274221370424,7.764085292816162,1979700,0.0,0.0
2018-04-12 00:00:00-04:00,7.807122810658052,7.962060466197906,7.703831313927432,7.832946300506592,2704300,0.0,0.0
2018-04-13 00:00:00-04:00,7.832945220617474,8.030920356835356,7.617754426874002,7.738260746002197,2198600,0.0,0.0
2018-04-16 00:00:00-04:00,7.789906897691233,7.8071217343290895,7.652184921037448,7.738260746002197,1314100,0.0,0.0
2018-04-17 00:00:00-04:00,7.815731094260873,7.979276589243012,7.7167435067594115,7.962060928344727,2045800,0.0,0.0
2018-04-18 00:00:00-04:00,7.953451372644025,8.289149299350427,7.919020879203963,8.228896141052246,2788800,0.0,0.0
2018-04-19 00:00:00-04:00,8.177250841658243,8.314972829754648,7.936237362489531,8.073959350585938,3010800,0.0,0.0
2018-04-20 00:00:00-04:00,8.065352468215531,8.125605639861238,7.901807793368085,8.005099296569824,1070900,0.0,0.0
2018-04-23 00:00:00-04:00,7.962058865681629,8.030919849659753,7.600538289352638,7.703829765319824,2354200,0.0,0.0
2018-04-24 00:00:00-04:00,7.764084232290581,7.927628874345018,7.7313751397021475,7.738260746002197,1616800,0.0,0.0
2018-04-25 00:00:00-04:00,7.678007183302246,7.919020629791894,7.609146198590919,7.850159645080566,1251100,0.0,0.0
2018-04-26 00:00:00-04:00,7.850160591415921,7.893198917270686,7.523070464162618,7.815730094909668,3967900,0.0,0.0
2018-04-27 00:00:00-04:00,7.807121763246864,7.936236732503833,7.781299097750566,7.841552257537842,1356600,0.0,0.0
2018-04-30 00:00:00-04:00,7.910413196847385,7.936236683070571,7.591930921417672,7.669399738311768,2558300,0.0,0.0
2018-05-01 00:00:00-04:00,7.678007543444255,7.738260702670959,7.454208922191174,7.471424579620361,1698000,0.0,0.0
2018-05-02 00:00:00-04:00,7.4886393547058105,7.54028550568181,7.4369940246175315,7.4886393547058105,1727700,0.0,0.0
2018-05-03 00:00:00-04:00,7.497248506121518,7.531679005884332,7.101297348405227,7.127120018005371,3358800,0.0,0.0
2018-05-04 00:00:00-04:00,7.101296353824505,7.273448828527549,6.894713384180853,6.9549665451049805,4964300,0.0,0.0
2018-05-07 00:00:00-04:00,7.015219322963943,7.290664088335937,7.015219322963943,7.264840602874756,2578200,0.0,0.0
2018-05-08 00:00:00-04:00,7.256234600502487,7.531678583144823,7.178765775162375,7.3767409324646,4159200,0.0,0.0
2018-05-09 00:00:00-04:00,7.7382619504894725,7.850161279160124,6.576231565489443,6.7311692237854,11564900,0.0,0.0
2018-05-10 00:00:00-04:00,6.748384484243937,6.963575311823717,6.748384484243937,6.8172454833984375,4317400,0.0,0.0
2018-05-11 00:00:00-04:00,6.834460090783206,6.8602827578169805,6.300786987054404,6.369647979736328,6672800,0.0,0.0
2018-05-14 00:00:00-04:00,6.412685875794461,6.515977774952844,6.2577486427227225,6.283571720123291,6584800,0.0,0.0
2018-05-15 00:00:00-04:00,6.24053381283667,6.2577490621094976,5.965089414027517,6.137242317199707,7754600,0.0,0.0
2018-05-16 00:00:00-04:00,6.154456540861702,6.206102280073668,6.016734159185944,6.025341987609863,3923900,0.0,0.0
2018-05-17 00:00:00-04:00,6.04255824616589,6.378255812496239,6.04255824616589,6.171672821044922,5713200,0.0,0.0
2018-05-18 00:00:00-04:00,6.197494086064906,6.464331005252022,6.197494086064906,6.257747650146484,3752500,0.0,0.0
2018-05-21 00:00:00-04:00,6.326610200070835,6.713953933000026,6.300787530808579,6.670915603637695,4144800,0.0,0.0
2018-05-22 00:00:00-04:00,6.713953399558302,6.843067556498969,6.559015754519269,6.576231002807617,3737200,0.0,0.0
2018-05-23 00:00:00-04:00,6.515977406544226,6.645091554915376,6.464331665106993,6.602053642272949,1666300,0.0,0.0
2018-05-24 00:00:00-04:00,6.61066055906153,6.670914124722026,6.524584329863561,6.627875804901123,1736000,0.0,0.0
2018-05-25 00:00:00-04:00,6.636484018734661,6.645091436932776,6.421293228011602,6.429900646209717,2114100,0.0,0.0
2018-05-29 00:00:00-04:00,6.38686276482244,6.533192568883719,6.326609195372542,6.421293258666992,3414100,0.0,0.0
2018-05-30 00:00:00-04:00,6.4729390834579315,6.619268889418693,6.429900760371637,6.602053642272949,2222400,0.0,0.0
2018-05-31 00:00:00-04:00,6.627876725345169,6.645091973575525,6.404078498350551,6.472939491271973,3670600,0.0,0.0
2018-06-01 00:00:00-04:00,6.507370009654223,6.619269328750437,6.412685938846358,6.576231002807617,3240500,0.0,0.0
2018-06-04 00:00:00-04:00,6.567623210827475,6.731168265498955,6.5590153819503,6.713953018188477,1267400,0.0,0.0
2018-06-05 00:00:00-04:00,6.748383549150231,6.877497699452175,6.670914730613964,6.851675033569336,1447800,0.0,0.0
2018-06-06 00:00:00-04:00,6.877497699452175,7.032435336524708,6.77420621503307,6.851675033569336,2587300,0.0,0.0
2018-06-07 00:00:00-04:00,6.894713366349379,6.9463586981828485,6.7483835580083,6.886105537414551,1368600,0.0,0.0
2018-06-08 00:00:00-04:00,6.886105650172085,7.1056003662778515,6.817244659341385,7.075473785400391,2004700,0.0,0.0
2018-06-11 00:00:00-04:00,7.075473136552817,7.135726292782297,6.765598295787478,6.860281944274902,3721400,0.0,0.0
2018-06-12 00:00:00-04:00,6.860282555656223,7.157245680456999,6.791421565003515,7.1357269287109375,3254700,0.0,0.0
2018-06-13 00:00:00-04:00,7.118511549112846,7.178764706121173,6.868889861350314,6.92914342880249,3093300,0.0,0.0
2018-06-14 00:00:00-04:00,6.954966104236258,7.036738832369614,6.827573363120085,6.963573932647705,2884200,0.0,0.0
2018-06-15 00:00:00-04:00,6.946358693635307,6.972182180422885,6.825851961733728,6.868890285491943,2760000,0.0,0.0
2018-06-18 00:00:00-04:00,6.886105632372929,7.1529425868179946,6.800029394057043,7.1357269287109375,3408700,0.0,0.0
2018-06-19 00:00:00-04:00,7.058257188870614,7.179624607507635,7.041042353895491,7.109903335571289,2222700,0.0,0.0
2018-06-20 00:00:00-04:00,7.118511752780743,7.591930835770088,7.092688266848882,7.4886393547058105,4370000,0.0,0.0
2018-06-21 00:00:00-04:00,7.523069874179228,7.695222343209745,7.342309576475255,7.4628167152404785,3147700,0.0,0.0
2018-06-22 00:00:00-04:00,7.536278549883803,7.605418652011771,7.3634282945638825,7.544920444488525,2749600,0.035,0.0
2018-06-25 00:00:00-04:00,7.5449197986234955,7.605418000967935,7.372069558100011,7.510349750518799,4656800,0.0,0.0
2018-06-26 00:00:00-04:00,7.518993878444437,7.635668121755353,7.518993878444437,7.579492092132568,1710300,0.0,0.0
2018-06-27 00:00:00-04:00,7.605418110198423,7.804195683601572,7.579490779801268,7.665915489196777,2056600,0.0,0.0
2018-06-28 00:00:00-04:00,7.674558310981671,7.691842923408068,7.251075003847639,7.277002334594727,3688800,0.0,0.0
2018-06-29 00:00:00-04:00,7.354785248982568,7.709128462699249,7.277002431490614,7.475780010223389,3132200,0.0,0.0
2018-07-02 00:00:00-04:00,7.389355283804221,7.475779995344947,6.939943816618471,7.043653964996338,2936300,0.0,0.0
2018-07-03 00:00:00-04:00,7.069582486880874,7.164649921770372,6.94858689539103,6.9572296142578125,1478900,0.0,0.0
2018-07-05 00:00:00-04:00,7.035012648452342,7.035012648452342,6.741166791812591,6.983157157897949,1888800,0.0,0.0
2018-07-06 00:00:00-04:00,6.948586871241463,7.125758486319566,6.922659538946261,7.069582462310791,794100,0.0,0.0
2018-07-09 00:00:00-04:00,7.112794928781806,7.449853570155129,7.104153033527433,7.38071346282959,1872200,0.0,0.0
2018-07-10 00:00:00-04:00,7.423925136230652,7.493065233314234,7.207862126790714,7.449852466583252,2203100,0.0,0.0
2018-07-11 00:00:00-04:00,7.397998589131604,7.579491569245086,7.294287608310992,7.415283203125,1597900,0.0,0.0
2018-07-12 00:00:00-04:00,7.493065366540258,7.812838527291108,7.350463810743056,7.709128379821777,2570900,0.0,0.0
2018-07-13 00:00:00-04:00,7.7004858285176745,7.959761614922698,7.631345728705003,7.743698596954346,2935800,0.0,0.0
2018-07-16 00:00:00-04:00,7.795553879921018,7.942475970016918,7.778268443312687,7.933834075927734,1453200,0.0,0.0
2018-07-17 00:00:00-04:00,7.933833921625911,8.145575570669994,7.90790576721768,8.115326881408691,2589200,0.0,0.0
2018-07-18 00:00:00-04:00,8.132610019277461,8.29681833723721,8.09803997721459,8.167180061340332,2028600,0.0,0.0
2018-07-19 00:00:00-04:00,8.167182158436095,8.180146236619027,7.968404571587964,8.089399337768555,2050900,0.0,0.0
2018-07-20 00:00:00-04:00,8.106685429029087,8.21039559021014,8.04618804106058,8.080758094787598,1512500,0.0,0.0
2018-07-23 00:00:00-04:00,8.123969388708014,8.184467596013338,7.981367825555869,8.089399337768555,1682300,0.0,0.0
2018-07-24 00:00:00-04:00,8.132613009468981,8.23632317378965,7.968405455348369,7.994332790374756,1752400,0.0,0.0
2018-07-25 00:00:00-04:00,8.002975124545044,8.072115230761042,7.756663393123666,7.977046966552734,1345300,0.0,0.0
2018-07-26 00:00:00-04:00,7.951118348364141,8.054828490934963,7.778268110746106,7.864693641662598,1383900,0.0,0.0
2018-07-27 00:00:00-04:00,7.9338334363722876,7.942475329764838,7.665914960045253,7.786910533905029,2238200,0.0,0.0
2018-07-30 00:00:00-04:00,7.778269031098365,7.812839082712422,7.579491440371295,7.588133335113525,1711600,0.0,0.0
2018-07-31 00:00:00-04:00,7.605417585222822,7.9338334363722876,7.58813215000789,7.786910533905029,3398800,0.0,0.0
2018-08-01 00:00:00-04:00,7.804195542577774,7.9079056865073,7.657272632623871,7.735055446624756,1071500,0.0,0.0
2018-08-02 00:00:00-04:00,7.674558194212381,7.700485524564981,7.397997805878052,7.449852466583252,2390200,0.0,0.0
2018-08-03 00:00:00-04:00,7.467138079217997,7.730734396490539,7.467138079217997,7.700485706329346,1804500,0.0,0.0
2018-08-06 00:00:00-04:00,7.709128802630896,7.812838955788236,7.648631419342872,7.760983467102051,1465100,0.0,0.0
2018-08-07 00:00:00-04:00,7.847409621101264,7.994332555628398,7.804196847849442,7.907907009124756,2852400,0.0,0.0
2018-08-08 00:00:00-04:00,7.959760020896765,8.223357113778858,7.899262651729665,8.193107604980469,5827800,0.0,0.0
2018-08-09 00:00:00-04:00,7.717772213767293,8.063472755302683,7.268360685556182,7.320216178894043,6842000,0.0,0.0
2018-08-10 00:00:00-04:00,7.527636903455128,7.907907519332502,7.389356679499719,7.691844463348389,4924900,0.0,0.0
2018-08-13 00:00:00-04:00,7.683202071802458,7.977047116641632,7.683202071802458,7.907907009124756,2992800,0.0,0.0
2018-08-14 00:00:00-04:00,7.9511202953723545,7.959763015423355,7.6572744073595365,7.691844463348389,3111200,0.0,0.0
2018-08-15 00:00:00-04:00,7.665916035319985,7.691843367564215,7.527635831064049,7.544920444488525,1996600,0.0,0.0
2018-08-16 00:00:00-04:00,7.596776109381722,7.644310239777781,7.3850344386770805,7.53627872467041,2375900,0.0,0.0
2018-08-17 00:00:00-04:00,7.54492066510787,7.579491541397765,7.432568614025935,7.5276360511779785,1376800,0.0,0.0
2018-08-20 00:00:00-04:00,7.562205234783324,7.6227026129128035,7.458495090469234,7.510349750518799,1857700,0.0,0.0
2018-08-21 00:00:00-04:00,7.570849816211502,7.968405879370056,7.5276370393913,7.899265766143799,3548900,0.0,0.0
2018-08-22 00:00:00-04:00,7.899263778657965,7.90790567247554,7.61406067730409,7.847408294677734,2491300,0.0,0.0
2018-08-23 00:00:00-04:00,7.847407997840811,7.89062076215394,7.69184237599952,7.769625186920166,3268300,0.0,0.0
2018-08-24 00:00:00-04:00,7.795553251512495,7.890620672549873,7.735055052475149,7.786910533905029,1129200,0.0,0.0
2018-08-27 00:00:00-04:00,7.821481750119796,7.830124469020109,7.735056209546744,7.812839031219482,1856100,0.0,0.0
2018-08-28 00:00:00-04:00,7.821481419861828,8.292498865244914,7.778268651399939,7.959761619567871,4667900,0.0,0.0
2018-08-29 00:00:00-04:00,8.011618229869095,8.072115619669038,7.748021047086278,7.994332790374756,3115000,0.0,0.0
2018-08-30 00:00:00-04:00,7.9943314449585765,8.054828824577037,7.639988237110485,7.717771053314209,3088100,0.0,0.0
2018-08-31 00:00:00-04:00,7.743698164672622,7.81283826062564,7.657272632623871,7.735055446624756,999500,0.0,0.0
2018-09-04 00:00:00-04:00,7.743699619111291,7.994332720069179,7.6313467360315315,7.942477226257324,1721700,0.0,0.0
2018-09-05 00:00:00-04:00,7.631346761905121,7.709129590779065,7.168971972726805,7.579492092132568,8316100,0.0,0.0
2018-09-06 00:00:00-04:00,7.588132960268331,7.8733360780493555,7.484422810549322,7.743698596954346,3998700,0.0,0.0
2018-09-07 00:00:00-04:00,7.717772522317256,7.782591273419651,7.570849580237085,7.605419635772705,1034300,0.0,0.0
2018-09-10 00:00:00-04:00,7.648630772293502,7.683200820421434,7.419603688311597,7.467137813568115,2081500,0.0,0.0
2018-09-11 00:00:00-04:00,7.415283259269748,7.510350697490876,7.328857716003222,7.363428592681885,2682500,0.0,0.0
2018-09-12 00:00:00-04:00,7.3893556055884275,7.467138426312784,7.294287347274201,7.4412102699279785,1540900,0.0,0.0
2018-09-13 00:00:00-04:00,7.449853688058226,7.523315156281116,7.397999018850954,7.42392635345459,1068000,0.0,0.0
2018-09-14 00:00:00-04:00,7.389356090452413,7.475780811427566,7.380713371090373,7.397998809814453,1301900,0.0,0.0
2018-09-17 00:00:00-04:00,7.393659902349547,7.462215717740028,7.263489344080625,7.289523124694824,1658100,0.035,0.0
2018-09-18 00:00:00-04:00,7.280845865093177,7.723423452953514,7.280845865093177,7.454405784606934,6629800,0.0,0.0
2018-09-19 00:00:00-04:00,7.445727363414166,7.4977957515410765,7.246133668725407,7.263489246368408,1707200,0.0,0.0
2018-09-20 00:00:00-04:00,7.324233887774931,7.870948155180226,7.220097955068993,7.74077844619751,9326700,0.0,0.0
2018-09-21 00:00:00-04:00,8.495765708858233,8.539155893489164,8.087899297485768,8.1312894821167,10142800,0.0,0.0
2018-09-24 00:00:00-04:00,8.113931689559843,8.218067607683553,7.992439371282827,8.035829544067383,2853000,0.0,0.0
2018-09-25 00:00:00-04:00,8.070543685514298,8.135628548381563,7.962068638202544,8.009797096252441,1323000,0.0,0.0
2018-09-26 00:00:00-04:00,7.992441782972269,8.200713682064956,7.983763580277,8.139967918395996,1443900,0.0,0.0
2018-09-27 00:00:00-04:00,8.122609844588467,8.3135261266746,8.061864093396931,8.14864444732666,2025300,0.0,0.0
2018-09-28 00:00:00-04:00,8.157321820640602,8.304847925761868,8.07054229430966,8.14864444732666,2296000,0.0,0.0
2018-10-01 00:00:00-04:00,8.209390531542882,8.278814486463423,7.8449143544106255,7.983762264251709,2084200,0.0,0.0
2018-10-02 00:00:00-04:00,7.923017624769195,7.975085184482182,7.489117431699243,7.584575176239014,4000800,0.0,0.0
2018-10-03 00:00:00-04:00,7.671354190754476,7.680032391706624,7.454404132543541,7.645320415496826,1962100,0.0,0.0
2018-10-04 00:00:00-04:00,7.671355156071612,7.697388934605196,7.541184608205897,7.627964973449707,1194300,0.0,0.0
2018-10-05 00:00:00-04:00,7.61928610488426,7.6973882612516755,7.480438194719445,7.541183948516846,1243300,0.0,0.0
2018-10-08 00:00:00-04:00,7.4977946281433105,7.567218583511402,7.419692471454501,7.4977946281433105,1512400,0.0,0.0
2018-10-09 00:00:00-04:00,7.515150924400067,7.60627039181451,7.437048760215948,7.48911714553833,943700,0.0,0.0
2018-10-10 00:00:00-04:00,7.463084431637485,7.4977964176060725,7.055217975807316,7.063896179199219,2213700,0.0,0.0
2018-10-11 00:00:00-04:00,6.994469821434641,7.0986057438194345,6.708095414177399,6.742807388305664,3516900,0.0,0.0
2018-10-12 00:00:00-04:00,6.855622623790869,6.933724371355704,6.43040025100691,6.525858402252197,3163500,0.0,0.0
2018-10-15 00:00:00-04:00,6.482468456464849,6.722849525070477,6.421722696571257,6.699418544769287,1794700,0.0,0.0
2018-10-16 00:00:00-04:00,6.760164495951202,6.959759000973055,6.695079637121924,6.951080799102783,1131500,0.0,0.0
2018-10-17 00:00:00-04:00,6.916367258946987,6.925045459378739,6.6473492525532505,6.742807388305664,1031000,0.0,0.0
2018-10-18 00:00:00-04:00,6.66470577971165,6.768842124334814,6.638672003905413,6.725451946258545,873200,0.0,0.0
2018-10-19 00:00:00-04:00,6.742807388305664,6.9076894723146065,6.708095414177399,6.742807388305664,1430900,0.0,0.0
2018-10-22 00:00:00-04:00,6.7601644938044565,6.777520483740049,6.330603432548972,6.404366493225098,1821800,0.0,0.0
2018-10-23 00:00:00-04:00,6.334943046786066,6.550157256665746,6.248162676277085,6.508502960205078,1264100,0.0,0.0
2018-10-24 00:00:00-04:00,6.473790698353267,6.5171808817366506,6.239484618441798,6.395688533782959,2820300,0.0,0.0
2018-10-25 00:00:00-04:00,6.413044570336547,6.534536919160934,6.326264616747313,6.499824523925781,1478700,0.0,0.0
2018-10-26 00:00:00-04:00,6.430401081706665,6.525859245283542,6.222129176229288,6.439079284667969,2304000,0.0,0.0
2018-10-29 00:00:00-04:00,6.50850223492917,6.551892415348469,6.274196171023697,6.33494234085083,1730800,0.0,0.0
2018-10-30 00:00:00-04:00,6.300230362035162,6.387010309074332,6.269857070221882,6.33494234085083,1201400,0.0,0.0
2018-10-31 00:00:00-04:00,6.413043970751478,6.786198356996448,6.3878779313933,6.716773986816406,2404100,0.0,0.0
2018-11-01 00:00:00-04:00,6.725452737437579,6.734130939593495,6.569248822826188,6.699418544769287,1445400,0.0,0.0
2018-11-02 00:00:00-04:00,6.768841575801549,6.8903334852504745,6.621315478856738,6.742807388305664,932600,0.0,0.0
2018-11-05 00:00:00-05:00,6.760164308517057,6.803554489066488,6.551892434998415,6.682062149047852,1091800,0.0,0.0
2018-11-06 00:00:00-05:00,6.603960805982694,6.621316796500673,6.300230765018328,6.352298736572266,2454200,0.0,0.0
2018-11-07 00:00:00-05:00,6.421723292544854,6.534537448244846,6.360977113214206,6.439079284667969,2939000,0.0,0.0
2018-11-08 00:00:00-05:00,6.334942490596487,7.237454788736337,6.126670198979901,7.0291829109191895,4823100,0.0,0.0
2018-11-09 00:00:00-05:00,7.020504296905074,7.280844542690201,6.786198241218225,6.81223201751709,2385000,0.0,0.0
2018-11-12 00:00:00-05:00,6.7861981412336805,6.977114015210342,6.46511173248291,6.46511173248291,1580000,0.0,0.0
2018-11-13 00:00:00-05:00,6.465111827736724,7.0378598719047085,6.465111827736724,6.81223201751709,2129900,0.0,0.0
2018-11-14 00:00:00-05:00,6.907690280662535,6.942402258852845,6.656028231883073,6.716773986816406,980300,0.0,0.0
2018-11-15 00:00:00-05:00,6.612638196728906,6.899012229955833,6.5258582493570225,6.86430025100708,1061300,0.0,0.0
2018-11-16 00:00:00-05:00,6.846945469564942,7.063895996971188,6.777521499418706,6.994472026824951,1495800,0.0,0.0
2018-11-19 00:00:00-05:00,7.003147233011923,7.011825433491687,6.625654615728445,6.664705276489258,1469600,0.0,0.0
2018-11-20 00:00:00-05:00,6.577927221652887,6.664707182268461,6.352299324052395,6.439079284667969,1521100,0.0,0.0
2018-11-21 00:00:00-05:00,6.473790851476186,6.708096936929636,6.473790851476186,6.603960990905762,948300,0.0,0.0
2018-11-23 00:00:00-05:00,6.5518921041330165,6.74280797855067,6.5275933890766975,6.647349834442139,430100,0.0,0.0
2018-11-26 00:00:00-05:00,6.6994189813236975,6.864301108835224,6.595283031463623,6.595283031463623,1156300,0.0,0.0
2018-11-27 00:00:00-05:00,6.551893218595273,6.643012277607243,6.447756855581966,6.491147041320801,1157600,0.0,0.0
2018-11-28 00:00:00-05:00,6.508501775854386,6.846943752334982,6.456433811303479,6.8209099769592285,1678300,0.0,0.0
2018-11-29 00:00:00-05:00,6.829588006316137,6.985792319306979,6.803554230017273,6.81223201751709,952800,0.0,0.0
2018-11-30 00:00:00-05:00,6.812233116621473,6.933725057816649,6.708097167025607,6.777521133422852,1194900,0.0,0.0
2018-12-03 00:00:00-05:00,6.899012079215247,6.899012079215247,6.586604275502451,6.716773986816406,2147800,0.0,0.0
2018-12-04 00:00:00-05:00,6.708097369475994,6.768843548806642,6.387011308298624,6.439079284667969,1538300,0.0,0.0
2018-12-06 00:00:00-05:00,6.360976951982021,6.673385216078943,6.317587179673785,6.656029224395752,1640500,0.0,0.0
2018-12-07 00:00:00-05:00,6.656028020258979,6.7861981412336805,6.404365979480949,6.46511173248291,1746700,0.0,0.0
2018-12-10 00:00:00-05:00,6.421722917689383,6.499824670784617,6.282874575009972,6.300230979919434,1744500,0.0,0.0
2018-12-11 00:00:00-05:00,6.352298953249412,6.621317022354035,6.265518583899979,6.300230979919434,2251500,0.0,0.0
2018-12-12 00:00:00-05:00,6.413045162723415,6.7428094306230015,6.391350068872218,6.421723365783691,2384600,0.0,0.0
2018-12-13 00:00:00-05:00,6.504555503316265,6.578669104265833,6.242978039286507,6.26913595199585,1745300,0.035,0.0
2018-12-14 00:00:00-05:00,6.190662725374257,6.268264187807174,5.929085673065047,5.946524143218994,2858900,0.0,0.0
2018-12-17 00:00:00-05:00,5.946524438879251,6.007558879569728,5.754700841882467,5.850612640380859,2998000,0.0,0.0
2018-12-18 00:00:00-05:00,5.876769586579251,5.946523879871834,5.60211379775944,5.728542804718018,2353700,0.0,0.0
2018-12-19 00:00:00-05:00,5.7547004159388155,5.990119965180124,5.650069597557326,5.684946537017822,2493900,0.0,0.0
2018-12-20 00:00:00-05:00,5.650069465464329,5.705872733602864,5.4582463029162325,5.571596145629883,2486100,0.0,0.0
2018-12-21 00:00:00-05:00,5.589034657945897,5.589034657945897,5.153072505762513,5.414649963378906,8084500,0.0,0.0
2018-12-24 00:00:00-05:00,5.336176745385495,5.475684919483293,5.222826483857883,5.240265369415283,1034200,0.0,0.0
2018-12-26 00:00:00-05:00,5.283861012040371,5.4931230524735755,5.161791730984437,5.484403610229492,2718200,0.0,0.0
2018-12-27 00:00:00-05:00,5.4146505588349205,5.466965972958211,5.257704316465051,5.371054172515869,2172000,0.0,0.0
2018-12-28 00:00:00-05:00,5.397211786422765,5.449527197628083,5.1966691689194136,5.327457904815674,3024000,0.0,0.0
2018-12-31 00:00:00-05:00,5.362334657955681,5.423369094342922,5.240265369415283,5.240265369415283,2658000,0.0,0.0
2019-01-02 00:00:00-05:00,5.179229882729604,5.623911015815399,5.12604261874669,5.589034080505371,2066600,0.0,0.0
2019-01-03 00:00:00-05:00,5.580315823283278,5.623911790543492,5.449527089970794,5.510561943054199,2306500,0.0,0.0
2019-01-04 00:00:00-05:00,5.571596345096419,5.894208662762247,5.519280935255834,5.815735340118408,4152300,0.0,0.0
2019-01-07 00:00:00-05:00,5.824454492576308,6.024997109164725,5.763420054331525,5.920366287231445,2198500,0.0,0.0
2019-01-08 00:00:00-05:00,6.016276669569852,6.077311093486847,5.82445312529002,6.059872627258301,1751000,0.0,0.0
2019-01-09 00:00:00-05:00,6.059873941175868,6.129628236980189,5.9203661810990695,6.094750881195068,1072800,0.0,0.0
2019-01-10 00:00:00-05:00,6.042435228553985,6.216820337414096,6.024996759244565,6.033716201782227,1222200,0.0,0.0
2019-01-11 00:00:00-05:00,5.998839222916537,6.190662384033203,5.963962284531688,6.190662384033203,1158300,0.0,0.0
2019-01-14 00:00:00-05:00,6.173224263338221,6.234259116840261,5.990120118598026,6.077312469482422,2204600,0.0,0.0
2019-01-15 00:00:00-05:00,6.077312225353913,6.242977893262361,5.981400851116844,6.01627779006958,2309900,0.0,0.0
2019-01-16 00:00:00-05:00,6.051154518754407,6.304012525258283,6.051154518754407,6.225539207458496,2675100,0.0,0.0
2019-01-17 00:00:00-05:00,6.18194389923359,6.391205547886707,6.173224455990074,6.33017110824585,2363200,0.0,0.0
2019-01-18 00:00:00-05:00,6.365047338707516,6.417362745027125,6.216820146252344,6.391204833984375,1447400,0.0,0.0
2019-01-22 00:00:00-05:00,6.365047374187661,6.391204869610328,6.190662269717678,6.225539207458496,1103700,0.0,0.0
2019-01-23 00:00:00-05:00,6.277855025605601,6.417363201480026,6.059873942553102,6.103470325469971,1203400,0.0,0.0
2019-01-24 00:00:00-05:00,6.103470152053646,6.277854847234529,6.016277804463203,6.15578556060791,1354500,0.0,0.0
2019-01-25 00:00:00-05:00,6.216820542343082,6.460959120722666,6.216820542343082,6.26913595199585,2096300,0.0,0.0
2019-01-28 00:00:00-05:00,6.251697470419005,6.253441192674394,6.07731235613668,6.1296281814575195,1816300,0.0,0.0
2019-01-29 00:00:00-05:00,6.173224331842221,6.269136126762349,6.11654919919696,6.208101272583008,951000,0.0,0.0
2019-01-30 00:00:00-05:00,6.277855636801738,6.295294108513066,6.138347863111109,6.216821193695068,1202700,0.0,0.0
2019-01-31 00:00:00-05:00,6.234258895576335,6.3824860947019495,6.208100983356441,6.29529333114624,945700,0.0,0.0
2019-02-01 00:00:00-05:00,6.391204891201048,6.434801271407294,6.242977697418885,6.3737664222717285,1456900,0.0,0.0
2019-02-04 00:00:00-05:00,6.382486990102381,6.635345042049263,6.351097491034868,6.609187126159668,2580700,0.0,0.0
2019-02-05 00:00:00-05:00,6.652783094599529,6.792290861838898,6.5307133824991395,6.600467681884766,1878400,0.0,0.0
2019-02-06 00:00:00-05:00,6.591747531485753,6.696378345692059,6.556870593416985,6.661501407623291,1531700,0.0,0.0
2019-02-07 00:00:00-05:00,6.626625598554303,6.731256430586905,6.5525119885897185,6.61790657043457,1344000,0.0,0.0
2019-02-08 00:00:00-05:00,6.591748004565759,6.68765979902127,6.526353844935049,6.670221328735352,1007100,0.0,0.0
2019-02-11 00:00:00-05:00,6.687660216820652,6.870764374144849,6.65714299585527,6.827167987823486,2024500,0.0,0.0
2019-02-12 00:00:00-05:00,6.879482463492382,7.014630910039713,6.844605525499373,6.984113693237305,1830800,0.0,0.0
2019-02-13 00:00:00-05:00,6.992833307288807,7.053867742391987,6.9143595712292045,6.923079013824463,876900,0.0,0.0
2019-02-14 00:00:00-05:00,6.940517901219724,7.010271783118868,6.748694310231146,6.931798458099365,932000,0.0,0.0
2019-02-15 00:00:00-05:00,6.9753946108754175,7.088744873085964,6.827167408871768,7.018990993499756,1019700,0.0,0.0
2019-02-19 00:00:00-05:00,7.027710434883732,7.053867931840213,6.94051766965301,7.0102715492248535,1358700,0.0,0.0
2019-02-20 00:00:00-05:00,6.992833150161661,7.167217840489377,6.9666748229636575,7.10618257522583,1220300,0.0,0.0
2019-02-21 00:00:00-05:00,7.080025430254729,7.141059867009701,6.984114053706652,7.018990993499756,1185600,0.0,0.0
2019-02-22 00:00:00-05:00,7.036428699094744,7.167217840489377,7.036428699094744,7.10618257522583,755200,0.0,0.0
2019-02-25 00:00:00-05:00,7.23697208368207,7.241331805102864,7.053867941667917,7.141059875488281,1214300,0.0,0.0
2019-02-26 00:00:00-05:00,7.123621812879067,7.215173468011526,6.992833496537887,7.018990993499756,1225700,0.0,0.0
2019-02-27 00:00:00-05:00,7.018990879285023,7.106182811583056,6.949236585067957,7.062587261199951,1016600,0.0,0.0
2019-02-28 00:00:00-05:00,7.0625870096871495,7.09746394767069,6.975394248962402,6.975394248962402,707000,0.0,0.0
2019-03-01 00:00:00-05:00,7.036428798691984,7.167217941937873,6.927438677518882,6.940517425537109,1560100,0.0,0.0
2019-03-04 00:00:00-05:00,6.949235860056901,7.132340395536826,6.940516834043115,6.966674327850342,1157700,0.0,0.0
2019-03-05 00:00:00-05:00,7.062587551835279,7.106183104012402,6.957956314086914,6.957956314086914,2150100,0.0,0.0
2019-03-06 00:00:00-05:00,6.975394522536826,7.002424296052239,6.696378591959625,6.731255531311035,1451700,0.0,0.0
2019-03-07 00:00:00-05:00,6.713817958186109,6.726025262778565,6.530713794256854,6.609187126159668,2343100,0.0,0.0
2019-03-08 00:00:00-05:00,6.504555457568157,6.5830287793783455,6.369407005091266,6.4348015785217285,2941800,0.0,0.0
2019-03-11 00:00:00-04:00,6.469679350505401,6.705098930461738,6.469679350505401,6.61790657043457,4226600,0.0,0.0
2019-03-12 00:00:00-04:00,5.946523879871834,5.9552429066797155,5.711104335336349,5.728542804718018,16575300,0.0,0.0
2019-03-13 00:00:00-04:00,5.737262365062902,5.737262365062902,5.45214296918031,5.562877655029297,7638600,0.0,0.0
2019-03-14 00:00:00-04:00,5.597754158815538,5.597754158815538,5.310019201902462,5.388492107391357,5857600,0.0,0.0
2019-03-15 00:00:00-04:00,5.388492245213546,5.719823592579556,5.374541635452543,5.641350269317627,6260900,0.0,0.0
2019-03-18 00:00:00-04:00,5.615192960545485,5.902927934475681,5.615192960545485,5.885489463806152,6094700,0.0,0.0
2019-03-19 00:00:00-04:00,5.885488564032527,6.059873244067882,5.8244537181372165,5.859330654144287,5086100,0.0,0.0
2019-03-20 00:00:00-04:00,5.8244540041224555,5.911646764187239,5.6587883420716185,5.780858039855957,3519000,0.0,0.0
2019-03-21 00:00:00-04:00,5.754700300907568,5.8244541784342445,5.702384892762561,5.728542804718018,2657000,0.0,0.0
2019-03-22 00:00:00-04:00,5.667507978383997,5.6805867265350445,5.336176642940806,5.414649963378906,3742600,0.0,0.0
2019-03-25 00:00:00-04:00,5.4146505588349205,5.458246945153972,5.305660008803245,5.371054172515869,2049300,0.0,0.0
2019-03-26 00:00:00-04:00,5.423368875290544,5.545438574666405,5.405930406203407,5.449526786804199,2049600,0.0,0.0
2019-03-27 00:00:00-04:00,5.458248140838479,5.53236134859059,5.414651744969196,5.44080924987793,1593700,0.0,0.0
2019-03-28 00:00:00-04:00,5.458246229230717,5.50620191527887,5.414649848629924,5.449526786804199,1785800,0.0,0.0
2019-03-29 00:00:00-04:00,5.51928073766222,5.676227377331113,5.493123241561341,5.571596145629883,2686300,0.0,0.0
2019-04-01 00:00:00-04:00,5.637350631465343,5.733790653033574,5.619816120094367,5.716256141662598,1846100,0.035,0.0
2019-04-02 00:00:00-04:00,5.698721563436358,5.803928630427963,5.68118705227109,5.786394119262695,1444600,0.0,0.0
2019-04-03 00:00:00-04:00,5.821463468456663,5.988041542907589,5.7863944441570725,5.8477654457092285,2409400,0.0,0.0
2019-04-04 00:00:00-04:00,5.856532676549815,5.93543819272803,5.856532676549815,5.900369167327881,1033900,0.0,0.0
2019-04-05 00:00:00-04:00,5.917903576100321,5.9617400661085505,5.812696501747474,5.856532573699951,1724600,0.0,0.0
2019-04-08 00:00:00-04:00,5.821462803445697,5.847764777693674,5.672419258170457,5.795161247253418,2470200,0.0,0.0
2019-04-09 00:00:00-04:00,5.751325762903142,5.83023128131152,5.575980630946493,5.68995475769043,7404600,0.0,0.0
2019-04-10 00:00:00-04:00,5.751325419857483,5.874067004906048,5.663652859108507,5.8477654457092285,3404400,0.0,0.0
2019-04-11 00:00:00-04:00,5.891601857204934,5.909136370367077,5.803929291394221,5.838998317718506,985900,0.0,0.0
2019-04-12 00:00:00-04:00,5.838997396032781,5.970506433018034,5.78639386484982,5.803928375244141,2413900,0.0,0.0
2019-04-15 00:00:00-04:00,5.786394119262695,5.830230606203726,5.73817431807214,5.786394119262695,1156700,0.0,0.0
2019-04-16 00:00:00-04:00,5.847765271269158,5.922287050196723,5.838997806427923,5.8740668296813965,1936800,0.0,0.0
2019-04-17 00:00:00-04:00,5.917903494308408,5.9442054715609745,5.8039289563068674,5.8477654457092285,1741800,0.0,0.0
2019-04-18 00:00:00-04:00,5.847765224376755,5.900368758835145,5.768859713661304,5.830230712890625,1239200,0.0,0.0
2019-04-22 00:00:00-04:00,5.838998317718506,5.860916563685127,5.777627730678892,5.838998317718506,954600,0.0,0.0
2019-04-23 00:00:00-04:00,5.838998317718506,5.891601857204934,5.821463804556363,5.838998317718506,1386900,0.0,0.0
2019-04-24 00:00:00-04:00,5.830231384631456,5.838998432356767,5.689954858524467,5.733791351318359,1880300,0.0,0.0
2019-04-25 00:00:00-04:00,5.698721432033723,5.7250234072030075,5.514608860015869,5.514608860015869,1920100,0.0,0.0
2019-04-26 00:00:00-04:00,5.532143629752967,5.68118718722609,5.492690874179995,5.6461181640625,2697200,0.0,0.0
2019-04-29 00:00:00-04:00,5.672419984554592,5.865300038923897,5.663652937386397,5.856532573699951,2137500,0.0,0.0
2019-04-30 00:00:00-04:00,5.830231486383556,5.847766000195978,5.73379145138734,5.777627944946289,1591400,0.0,0.0
2019-05-01 00:00:00-04:00,5.795161469253561,5.8828340233458665,5.746941250961006,5.8126959800720215,1188800,0.0,0.0
2019-05-02 00:00:00-04:00,5.8214632608589385,5.909135818481445,5.803928749334437,5.909135818481445,2189400,0.0,0.0
2019-05-03 00:00:00-04:00,5.900369275397995,6.049412845106365,5.838998270795793,6.023110866546631,1868400,0.0,0.0
2019-05-06 00:00:00-04:00,5.917903220063016,6.145852285502563,5.865299686051365,6.128317356109619,1515600,0.0,0.0
2019-05-07 00:00:00-04:00,6.03187684224699,6.154618403079181,6.03187684224699,6.093247413635254,2598900,0.0,0.0
2019-05-08 00:00:00-04:00,5.961739709345955,5.961739709345955,5.418169021606445,5.418169021606445,7188900,0.0,0.0
2019-05-09 00:00:00-04:00,5.356798904162087,5.602282084189945,5.163918844655864,5.56721305847168,3721800,0.0,0.0
2019-05-10 00:00:00-04:00,5.567212802400515,5.654885362663566,5.514609266242685,5.584747314453125,2798200,0.0,0.0
2019-05-13 00:00:00-04:00,5.348031149063138,5.356798614045752,5.163918564985629,5.242824077606201,3391100,0.0,0.0
2019-05-14 00:00:00-04:00,5.251590553132311,5.453237627179043,5.225288997157695,5.3480305671691895,2271000,0.0,0.0
2019-05-15 00:00:00-04:00,5.330496890765605,5.44885516532766,5.242824327046914,5.374333381652832,2232900,0.0,0.0
2019-05-16 00:00:00-04:00,5.3831005367284375,5.61981667253417,5.3831005367284375,5.497075080871582,2493300,0.0,0.0
2019-05-17 00:00:00-04:00,5.426936732871162,5.488307734387274,5.286660635755186,5.32172966003418,3461000,0.0,0.0
2019-05-20 00:00:00-04:00,5.269126123615688,5.405018488182854,5.216522169141451,5.32172966003418,2328300,0.0,0.0
2019-05-21 00:00:00-04:00,5.383100251065695,5.606665594700528,5.3436474941824015,5.549678325653076,2761200,0.0,0.0
2019-05-22 00:00:00-04:00,5.488307742106394,5.698721888076299,5.45323829972233,5.549678325653076,2743300,0.0,0.0
2019-05-23 00:00:00-04:00,5.488306971026317,5.571595787590466,5.409401468345563,5.453237533569336,2521600,0.0,0.0
2019-05-24 00:00:00-04:00,5.479539198902797,5.5058411710020225,5.383099191946521,5.42693567276001,1850700,0.0,0.0
2019-05-28 00:00:00-04:00,5.418168767068796,5.593514290315451,5.391867210318007,5.435703277587891,4943100,0.0,0.0
2019-05-29 00:00:00-04:00,5.365565695818039,5.444471208951044,5.304195112764139,5.3567986488342285,2670900,0.0,0.0
2019-05-30 00:00:00-04:00,5.3743332419968715,5.540911317761614,5.339264217420689,5.365565776824951,2258200,0.0,0.0
2019-05-31 00:00:00-04:00,5.295428069740493,5.3217300488995285,5.128849983215332,5.128849983215332,3657200,0.0,0.0
2019-06-03 00:00:00-04:00,5.137617073541588,5.32172966003418,5.11131509630447,5.32172966003418,5567100,0.0,0.0
2019-06-04 00:00:00-04:00,5.3392646534696775,5.435704269902371,5.282277379365386,5.400635242462158,4757500,0.0,0.0
2019-06-05 00:00:00-04:00,5.418169231888128,5.4532382559348545,5.2296733321509095,5.3567986488342285,3407700,0.0,0.0
2019-06-06 00:00:00-04:00,5.339264172173677,5.383100243494546,5.234056681280949,5.32172966003418,1730300,0.0,0.0
2019-06-07 00:00:00-04:00,5.330495914850005,5.497073964446028,5.286659850044114,5.4094014167785645,2962300,0.0,0.0
2019-06-10 00:00:00-04:00,5.440263105577271,5.576930742243492,5.404994010925293,5.404994010925293,4679600,0.035,0.0
2019-06-11 00:00:00-04:00,5.484348914797296,5.51080094432398,5.396176183776262,5.413810729980469,2682300,0.0,0.0
2019-06-12 00:00:00-04:00,5.440262655008555,5.581339021932362,5.343272442528068,5.510800838470459,3491100,0.0,0.0
2019-06-13 00:00:00-04:00,5.519618710010334,5.722415791512711,5.475532132024132,5.713598728179932,2808800,0.0,0.0
2019-06-14 00:00:00-04:00,5.695964336395264,5.757685463170848,5.625426146046469,5.695964336395264,2692700,0.0,0.0
2019-06-17 00:00:00-04:00,5.678329420280662,5.740050543050504,5.559295916461842,5.598973751068115,2370100,0.0,0.0
2019-06-18 00:00:00-04:00,5.625426276004653,5.753276854075632,5.497575697933675,5.519618988037109,2352800,0.0,0.0
2019-06-19 00:00:00-04:00,5.546069566749043,5.563704111458868,5.431444815914821,5.466713905334473,1945200,0.0,0.0
2019-06-20 00:00:00-04:00,5.563705147803192,5.634243339781555,5.46671492361255,5.519618988037109,2098600,0.0,0.0
2019-06-21 00:00:00-04:00,5.4843484500442985,5.554887049324311,5.404993209070438,5.466713905334473,2764400,0.0,0.0
2019-06-24 00:00:00-04:00,5.440262299606643,5.466713906456455,5.378541182889231,5.387358665466309,1409300,0.0,0.0
2019-06-25 00:00:00-04:00,5.396176090671313,5.396176090671313,5.149292448072115,5.17574405670166,2035900,0.0,0.0
2019-06-26 00:00:00-04:00,5.193378162223809,5.3168203934967355,5.193378162223809,5.281550884246826,1811100,0.0,0.0
2019-06-27 00:00:00-04:00,5.263917478103433,5.343273155304246,5.263917478103433,5.290369510650635,1282000,0.0,0.0
2019-06-28 00:00:00-04:00,5.290369057942728,5.396176338195801,5.272734511233883,5.396176338195801,2019000,0.0,0.0
2019-07-01 00:00:00-04:00,5.466713580374214,5.493165606086908,5.40499288777907,5.4490790367126465,894700,0.0,0.0
2019-07-02 00:00:00-04:00,5.404993364112988,5.51080063540703,5.369724273681641,5.369724273681641,1527700,0.0,0.0
2019-07-03 00:00:00-04:00,5.378542183639596,5.519618988037109,5.378542183639596,5.519618988037109,789400,0.0,0.0
2019-07-05 00:00:00-04:00,5.457897165549653,5.528435348555022,5.404993528295626,5.484348773956299,925900,0.0,0.0
2019-07-08 00:00:00-04:00,5.5372532246036625,5.651877569901367,5.510801193879106,5.554887771606445,1495200,0.0,0.0
2019-07-09 00:00:00-04:00,5.537253179124308,5.554887725982252,5.431445477535882,5.475532054901123,1661400,0.0,0.0
2019-07-10 00:00:00-04:00,5.493166601759067,5.528435695474955,5.404993867469347,5.475532054901123,988600,0.0,0.0
2019-07-11 00:00:00-04:00,5.493165606086908,5.493165606086908,5.40499288777907,5.4490790367126465,843700,0.0,0.0
2019-07-12 00:00:00-04:00,5.457897563754662,5.660695064911454,5.422628469678765,5.607791423797607,1560800,0.0,0.0
2019-07-15 00:00:00-04:00,5.5989736753450146,5.643941915320003,5.396176183776262,5.413810729980469,2448600,0.0,0.0
2019-07-16 00:00:00-04:00,5.431445066517915,5.6959636698107134,5.422628003976544,5.687146186828613,2271700,0.0,0.0
2019-07-17 00:00:00-04:00,5.67832955398786,5.687146617196451,5.457897508043179,5.475532054901123,1474800,0.0,0.0
2019-07-18 00:00:00-04:00,5.457897305711359,5.46671436859309,5.3609070913678485,5.413810729980469,1263100,0.0,0.0
2019-07-19 00:00:00-04:00,5.431445795684431,5.590157147143253,5.431445795684431,5.493166923522949,1111800,0.0,0.0
2019-07-22 00:00:00-04:00,5.501983135458527,5.568112995142071,5.308003138689718,5.3168206214904785,1638800,0.0,0.0
2019-07-23 00:00:00-04:00,5.316820775377014,5.391767279149079,5.14488363975223,5.2991862297058105,3629500,0.0,0.0
2019-07-24 00:00:00-04:00,5.263916598006799,5.422627925872803,5.263916598006799,5.422627925872803,1597900,0.0,0.0
2019-07-25 00:00:00-04:00,5.396176080124496,5.54606993020141,5.374132792682467,5.510800838470459,1317700,0.0,0.0
2019-07-26 00:00:00-04:00,5.51961867760088,5.603382670753906,5.493166646876324,5.554887771606445,1067900,0.0,0.0
2019-07-29 00:00:00-04:00,5.572522329721711,5.634243034134148,5.559296104112675,5.607791423797607,880400,0.0,0.0
2019-07-30 00:00:00-04:00,5.53725259417466,5.651876926422119,5.4931660214666795,5.651876926422119,892400,0.0,0.0
2019-07-31 00:00:00-04:00,5.651877390396229,5.713598513166071,5.590156688067139,5.598973751068115,1222100,0.0,0.0
2019-08-01 00:00:00-04:00,5.572521556484842,5.6695113415149825,5.360906600952148,5.360906600952148,1168600,0.0,0.0
2019-08-02 00:00:00-04:00,5.316820739290803,5.352089830393832,5.228647591092499,5.27273416519165,1571300,0.0,0.0
2019-08-05 00:00:00-04:00,5.255099825620367,5.290368918105813,4.8583223249387295,4.946495056152344,3085200,0.0,0.0
2019-08-06 00:00:00-04:00,4.972947136184367,5.030259522010312,4.761332561233911,4.89359188079834,2546200,0.0,0.0
2019-08-07 00:00:00-04:00,4.4262754768095,4.6643420702068745,4.152939789608126,4.593803882598877,7804300,0.0,0.0
2019-08-08 00:00:00-04:00,4.593803860271823,4.699611141169569,4.549717283010715,4.620255470275879,2407000,0.0,0.0
2019-08-09 00:00:00-04:00,4.5585352042323475,4.576169752741454,4.22347836211853,4.355737686157227,2730700,0.0,0.0
2019-08-12 00:00:00-04:00,4.373371322521967,4.373371322521967,4.064766577757217,4.100035667419434,1716200,0.0,0.0
2019-08-13 00:00:00-04:00,4.091218148528353,4.249929471042587,3.958958853246728,3.9942283630371094,3019000,0.0,0.0
2019-08-14 00:00:00-04:00,3.9148730752919407,3.9325076216492616,3.747344674677019,3.835517406463623,3753400,0.0,0.0
2019-08-15 00:00:00-04:00,3.8884210805314545,3.9325076570419113,3.7737967383976234,3.861969470977783,1434600,0.0,0.0
2019-08-16 00:00:00-04:00,3.87960361243032,4.011862907711945,3.8337537121876046,3.9942283630371094,1636900,0.0,0.0
2019-08-19 00:00:00-04:00,4.100036016107696,4.223477840423584,4.020680347398536,4.223477840423584,2704100,0.0,0.0
2019-08-20 00:00:00-04:00,4.188209339874969,4.232295922155239,4.1000365957552365,4.126488208770752,2013500,0.0,0.0
2019-08-21 00:00:00-04:00,4.161757306418645,4.197026824507346,4.086810789247479,4.126488208770752,2046900,0.0,0.0
2019-08-22 00:00:00-04:00,4.100036631607185,4.267565057119999,4.100036631607185,4.205843925476074,2692600,0.0,0.0
2019-08-23 00:00:00-04:00,4.1617564831333205,4.223477602027767,4.029497603337789,4.0559492111206055,1044200,0.0,0.0
2019-08-26 00:00:00-04:00,4.100035667419434,4.117670212250542,4.064766577757217,4.100035667419434,775000,0.0,0.0
2019-08-27 00:00:00-04:00,4.135305874700329,4.152940424297396,4.020681092098973,4.02949857711792,1356300,0.0,0.0
2019-08-28 00:00:00-04:00,4.029497634678706,4.179391060975542,4.011863089206094,4.16175651550293,1004300,0.0,0.0
2019-08-29 00:00:00-04:00,4.18820869925514,4.338102551551632,4.135305060875333,4.144122123718262,1028700,0.0,0.0
2019-08-30 00:00:00-04:00,4.179390811050643,4.311650104406574,4.161756266632566,4.197025775909424,963800,0.0,0.0
2019-09-03 00:00:00-04:00,4.14412279383215,4.214661410185554,4.029498435694592,4.205843925476074,1276400,0.0,0.0
2019-09-04 00:00:00-04:00,4.22347836211853,4.360146428394703,4.2014350713719475,4.355737686157227,1257000,0.0,0.0
2019-09-05 00:00:00-04:00,4.4879972289773615,4.681977272033691,4.470362679608604,4.681977272033691,1962200,0.0,0.0
2019-09-06 00:00:00-04:00,4.699611375642246,4.743697955102919,4.6555252166223555,4.708428859710693,1352400,0.0,0.0
2019-09-09 00:00:00-04:00,4.787782674877799,5.034666688848889,4.717244505297675,5.017032146453857,2644700,0.0,0.0
2019-09-10 00:00:00-04:00,5.02146909365547,5.367471694946289,4.954930359661133,5.367471694946289,2562500,0.035,0.0
2019-09-11 00:00:00-04:00,5.367471654595321,5.420702725999206,5.181162693160247,5.287624835968018,2656400,0.0,0.0
2019-09-12 00:00:00-04:00,5.225521160027526,5.32311165889257,5.056955906730779,5.2964959144592285,1638500,0.0,0.0
2019-09-13 00:00:00-04:00,5.323111357610767,5.331983412934035,5.181161856781535,5.269880294799805,1536300,0.0,0.0
2019-09-16 00:00:00-04:00,5.2432654376938626,5.562652291561175,5.216650113313309,5.367471694946289,4150300,0.0,0.0
2019-09-17 00:00:00-04:00,5.331983965250348,5.367471344133635,5.225521405557563,5.340855598449707,1149600,0.0,0.0
2019-09-18 00:00:00-04:00,5.33198429999742,5.447318077087402,5.2610091147320315,5.447318077087402,858600,0.0,0.0
2019-09-19 00:00:00-04:00,5.438446443331074,5.518292839309838,5.3852153716642475,5.447318077087402,2148000,0.0,0.0
2019-09-20 00:00:00-04:00,5.4650610127391674,5.553779876305185,5.376342572216044,5.411829948425293,3462500,0.0,0.0
2019-09-23 00:00:00-04:00,5.385215875185581,5.598140181761457,5.367472182970926,5.527165412902832,1443400,0.0,0.0
2019-09-24 00:00:00-04:00,5.51829250495341,5.607011375398882,5.4473177470313745,5.509420871734619,1195900,0.0,0.0
2019-09-25 00:00:00-04:00,5.4739336333668644,5.904218643124365,5.4739336333668644,5.8199357986450195,2678000,0.0,0.0
2019-09-26 00:00:00-04:00,5.793320471307863,5.793320471307863,5.37634312352642,5.402958869934082,2073400,0.0,0.0
2019-09-27 00:00:00-04:00,5.411830593918318,5.633626933202208,5.407394565602334,5.465061664581299,1052400,0.0,0.0
2019-09-30 00:00:00-04:00,5.491677821704298,5.589268336731986,5.42070305551797,5.562652587890625,1644600,0.0,0.0
2019-10-01 00:00:00-04:00,5.775576085484591,5.809288796148336,5.60257481228705,5.686857223510742,2369100,0.0,0.0
2019-10-02 00:00:00-04:00,5.624755573500171,5.882039305754,5.607011882415182,5.669114589691162,2234700,0.0,0.0
2019-10-03 00:00:00-04:00,5.624755931604938,5.642499623819594,5.261009606639996,5.527165412902832,3561200,0.0,0.0
2019-10-04 00:00:00-04:00,5.562651735550207,5.660242235624537,5.518292301959264,5.544908046722412,1086000,0.0,0.0
2019-10-07 00:00:00-04:00,5.509421674808105,5.629191490498896,5.460626627384893,5.615883827209473,1078600,0.0,0.0
2019-10-08 00:00:00-04:00,5.580395248750371,5.757832131443984,5.4916768074035645,5.4916768074035645,1509900,0.0,0.0
2019-10-09 00:00:00-04:00,5.527164808790684,5.593703541562298,5.491677428240098,5.553780555725098,455300,0.0,0.0
2019-10-10 00:00:00-04:00,5.553779776635743,5.686857223510742,5.527164033435011,5.686857223510742,834200,0.0,0.0
2019-10-11 00:00:00-04:00,5.766705098679204,5.908654627272944,5.756945920523347,5.837679862976074,988800,0.0,0.0
2019-10-14 00:00:00-04:00,5.8199361471221165,5.89978296813761,5.74452535461703,5.846551895141602,515800,0.0,0.0
2019-10-15 00:00:00-04:00,5.8642947984489915,6.094962750448406,5.850986714705306,5.979628562927246,1008500,0.0,0.0
2019-10-16 00:00:00-04:00,5.997372808792357,6.299015522003174,5.9796286967370404,6.299015522003174,1735900,0.0,0.0
2019-10-17 00:00:00-04:00,6.290144860548224,6.378863319313034,6.201425978740434,6.219170093536377,1233400,0.0,0.0
2019-10-18 00:00:00-04:00,6.254657026736301,6.547428131103516,6.254657026736301,6.547428131103516,1032000,0.0,0.0
2019-10-21 00:00:00-04:00,6.547428430822968,6.662762635714805,6.378863152067893,6.405478477478027,1286600,0.0,0.0
2019-10-22 00:00:00-04:00,6.343375638548998,6.77809627764653,6.299016199723838,6.769224643707275,2379600,0.0,0.0
2019-10-23 00:00:00-04:00,6.786967754364014,6.884558257609902,6.61396646538852,6.786967754364014,2646900,0.0,0.0
2019-10-24 00:00:00-04:00,6.831327560263986,6.875687000451833,6.5917875139441575,6.733737468719482,2266300,0.0,0.0
2019-10-25 00:00:00-04:00,6.760352201871897,6.857942707905841,6.676069780553676,6.831326961517334,1516900,0.0,0.0
2019-10-28 00:00:00-04:00,6.7958387847380095,7.079738213069448,6.7958387847380095,6.893429279327393,2190300,0.0,0.0
2019-10-29 00:00:00-04:00,6.8756862050646355,7.035379409790039,6.831326770008339,7.035379409790039,1128800,0.0,0.0
2019-10-30 00:00:00-04:00,7.061995029449463,7.079738718546857,6.875686082405368,7.061995029449463,1019700,0.0,0.0
2019-10-31 00:00:00-04:00,6.982148329010047,7.02739488499935,6.804711435189343,6.866814136505127,1261400,0.0,0.0
2019-11-01 00:00:00-04:00,6.920046186410776,7.079739403742855,6.883671260654176,7.026508331298828,1233700,0.0,0.0
2019-11-04 00:00:00-05:00,7.035379555517807,7.141842117249553,6.982148486173401,7.097482681274414,1707200,0.0,0.0
2019-11-05 00:00:00-05:00,7.1684572348073585,7.190636529115887,7.106354533874804,7.132969856262207,1704800,0.0,0.0
2019-11-06 00:00:00-05:00,7.159585549217948,7.177329662451852,6.946661266926429,6.98214864730835,1181800,0.0,0.0
2019-11-07 00:00:00-05:00,7.044252193196355,7.0886112097889065,6.813583783960401,6.911174297332764,1311200,0.0,0.0
2019-11-08 00:00:00-05:00,6.911173484023685,7.070866686441467,6.822455038236028,7.0531229972839355,916600,0.0,0.0
2019-11-11 00:00:00-05:00,7.008764154157722,7.0238460576300605,6.840198891593287,6.857942581176758,1045500,0.0,0.0
2019-11-12 00:00:00-05:00,6.786967846771594,6.920045730638278,6.715993088187477,6.8490705490112305,1988100,0.0,0.0
2019-11-13 00:00:00-05:00,6.893429777804179,7.487843574631699,6.7780955870442305,7.4079976081848145,7289400,0.0,0.0
2019-11-14 00:00:00-05:00,7.452356475367301,7.5144600241540385,7.319279013555191,7.3458943367004395,2299100,0.0,0.0
2019-11-15 00:00:00-05:00,7.34589386114801,7.452355992922815,7.2305596735371855,7.443484783172607,1909100,0.0,0.0
2019-11-18 00:00:00-05:00,7.452355967636462,7.452355967636462,7.301534403279118,7.354765892028809,1440400,0.0,0.0
2019-11-19 00:00:00-05:00,7.3725105674162075,7.549947466674086,7.310407018111545,7.51446008682251,1221500,0.0,0.0
2019-11-20 00:00:00-05:00,7.532203402573268,7.585434895738928,7.3991259387879404,7.496716022491455,1172100,0.0,0.0
2019-11-21 00:00:00-05:00,7.452357565487717,7.5943079505603714,7.407998969118879,7.576563835144043,916700,0.0,0.0
2019-11-22 00:00:00-05:00,7.60317741941812,7.762871037216895,7.532202666193287,7.709639549255371,898500,0.0,0.0
2019-11-25 00:00:00-05:00,7.745126584739195,8.135488556368362,7.736255375541165,8.117744445800781,1729600,0.0,0.0
2019-11-26 00:00:00-05:00,8.162105575629383,8.543595571407756,8.073387542576091,8.490364074707031,2385100,0.0,0.0
2019-11-27 00:00:00-05:00,8.437131951966581,8.610132805408051,8.375028408970682,8.410515785217285,1371400,0.0,0.0
2019-11-29 00:00:00-05:00,8.321797057244911,8.375027694027835,8.117744026681793,8.197590827941895,515900,0.0,0.0
2019-12-02 00:00:00-05:00,7.949180534425788,8.135489486251622,7.864897691767806,7.8782057762146,1137800,0.0,0.0
2019-12-03 00:00:00-05:00,7.762872268919129,7.842719090487475,7.656410122189979,7.745128154754639,716000,0.0,0.0
2019-12-04 00:00:00-05:00,7.807231567542611,8.055643238767091,7.807231567542611,8.0378999710083,783900,0.0,0.0
2019-12-05 00:00:00-05:00,8.073387347550378,8.423825134904474,8.073387347550378,8.188720703125,729700,0.0,0.0
2019-12-06 00:00:00-05:00,8.197590807040385,8.241950234970195,7.909255794625189,7.940307140350342,1230600,0.0,0.0
2019-12-09 00:00:00-05:00,7.904821300088075,8.170977073192853,7.904821300088075,8.091130256652832,1084100,0.0,0.0
2019-12-10 00:00:00-05:00,8.170976412999615,8.215335845947266,8.042334142060005,8.215335845947266,1000400,0.0,0.0
2019-12-11 00:00:00-05:00,8.215336253776963,8.250823632679603,8.108874117069039,8.14436149597168,1021600,0.0,0.0
2019-12-12 00:00:00-05:00,8.19740294016763,8.209939695839122,7.844432244338283,8.129895210266113,1740400,0.735,0.0
2019-12-13 00:00:00-05:00,8.139540810473482,8.462615054261967,8.139540810473482,8.178116798400879,1373400,0.0,0.0
2019-12-16 00:00:00-05:00,8.235979625750302,8.293844056160951,7.599475489852742,7.753779411315918,2016100,0.0,0.0
2019-12-17 00:00:00-05:00,7.734490880478971,8.014166931883704,7.70555820915435,7.985234260559082,1099300,0.0,0.0
2019-12-18 00:00:00-05:00,7.937016097672643,8.06238827973919,7.908084338649298,7.956304550170898,819100,0.0,0.0
2019-12-19 00:00:00-05:00,7.956303828546185,8.014168261068695,7.724847937904044,7.763423919677734,969000,0.0,0.0
2019-12-20 00:00:00-05:00,7.763423576370197,7.8598630666777805,7.483747490947555,7.551255226135254,2931500,0.0,0.0
2019-12-23 00:00:00-05:00,7.580187432357904,7.628407177455975,7.223358927350002,7.483747482299805,2004500,0.0,0.0
2019-12-24 00:00:00-05:00,7.512679504521924,7.589831467311772,7.459637645069398,7.493391513824463,594000,0.0,0.0
2019-12-26 00:00:00-05:00,7.493391320318452,7.58018750614663,7.406595134490274,7.503035545349121,745100,0.0,0.0
2019-12-27 00:00:00-05:00,7.474103330119075,7.618763486545384,7.474103330119075,7.503035545349121,880100,0.0,0.0
2019-12-30 00:00:00-05:00,7.503035739104179,7.57054347661431,7.421061663674474,7.493391513824463,1089000,0.0,0.0
2019-12-31 00:00:00-05:00,7.435527177272221,7.724847483414794,7.377663208016097,7.647695064544678,1407800,0.0,0.0
2020-01-02 00:00:00-05:00,7.7248465919305795,7.801998542035042,7.165494033949435,7.300510406494141,2070000,0.0,0.0
2020-01-03 00:00:00-05:00,7.271578684675541,7.435526819612728,7.1654945162111385,7.1847825050354,1630100,0.0,0.0
2020-01-06 00:00:00-05:00,7.184783150646866,7.40659527198847,7.184783150646866,7.290867328643799,1932700,0.0,0.0
2020-01-07 00:00:00-05:00,7.38730634268118,7.5223227192879145,7.165494249526585,7.175138473510742,1657400,0.0,0.0
2020-01-08 00:00:00-05:00,7.126918529890822,7.155850743022974,6.557922630336475,6.567566394805908,3111600,0.0,0.0
2020-01-09 00:00:00-05:00,6.53863413599233,6.6350740725399096,6.287889841106733,6.316822052001953,2938300,0.0,0.0
2020-01-10 00:00:00-05:00,6.29753480444288,6.3457545484499365,6.037146715246549,6.075722694396973,2706700,0.0,0.0
2020-01-13 00:00:00-05:00,6.037146715246549,6.15287465269782,5.805690380482064,6.075722694396973,1754500,0.0,0.0
2020-01-14 00:00:00-05:00,6.046790840011486,6.234849094459589,5.998570633272391,6.172163009643555,1499700,0.0,0.0
2020-01-15 00:00:00-05:00,6.172163009643555,6.258958737967164,6.1046548121812165,6.172163009643555,1733500,0.0,0.0
2020-01-16 00:00:00-05:00,6.162518861701608,6.365042996768692,6.1576972088567565,6.25895881652832,2066700,0.0,0.0
2020-01-17 00:00:00-05:00,6.278247073168341,6.355399034643387,6.037146963627842,6.2686028480529785,1964900,0.0,0.0
2020-01-21 00:00:00-05:00,6.258958116971852,6.307178318926681,6.095010442021672,6.201094150543213,1343600,0.0,0.0
2020-01-22 00:00:00-05:00,6.220382714100333,6.4036188546525405,6.220382714100333,6.287890911102295,1280500,0.0,0.0
2020-01-23 00:00:00-05:00,6.268603675562016,6.432551845270023,6.143231491683889,6.365043640136719,1230300,0.0,0.0
2020-01-24 00:00:00-05:00,6.384330790265547,6.413263005749671,6.138408568167367,6.2686028480529785,1564000,0.0,0.0
2020-01-27 00:00:00-05:00,6.172162944064896,6.249314906138137,6.085366756801515,6.2203826904296875,1132700,0.0,0.0
2020-01-28 00:00:00-05:00,6.268603661371215,6.3264676399850455,6.167341583831507,6.230027675628662,1300500,0.0,0.0
2020-01-29 00:00:00-05:00,6.2300266752116285,6.302356521898691,6.201094460619633,6.278246879577637,970600,0.0,0.0
2020-01-30 00:00:00-05:00,6.2107388446183736,6.312000908492769,6.027502707137945,6.133586883544922,1486900,0.0,0.0
2020-01-31 00:00:00-05:00,6.075723272908307,6.172163229967076,5.950351098800913,5.979282855987549,1116700,0.0,0.0
2020-02-03 00:00:00-05:00,5.979281859512266,6.143229989120446,5.931062118949922,6.027502059936523,842500,0.0,0.0
2020-02-04 00:00:00-05:00,6.1142991583437665,6.215561226608077,6.09501116723923,6.14323091506958,758000,0.0,0.0
2020-02-05 00:00:00-05:00,6.2203826662044595,6.336111068725586,6.201094675761266,6.336111068725586,1337100,0.0,0.0
2020-02-06 00:00:00-05:00,6.355398026620985,6.44219373958286,6.268601853797218,6.316822052001953,818600,0.0,0.0
2020-02-07 00:00:00-05:00,6.326467390515011,6.374687600722758,6.230027429961521,6.3553996086120605,658400,0.0,0.0
2020-02-10 00:00:00-05:00,6.316822749667688,6.432550686306433,6.273424658462674,6.3746867179870605,1001400,0.0,0.0
2020-02-11 00:00:00-05:00,6.413263020961775,6.596499159830621,6.326466834165489,6.586854934692383,1517200,0.0,0.0
2020-02-12 00:00:00-05:00,6.654362852528856,6.847242748600207,6.625430638187181,6.760447025299072,2044000,0.0,0.0
2020-02-13 00:00:00-05:00,6.721870826447568,6.731515051526772,6.567566904076008,6.702582836151123,926800,0.0,0.0
2020-02-14 00:00:00-05:00,6.721870922935474,6.817346545252659,6.65436318585987,6.789379119873047,1302000,0.0,0.0
2020-02-18 00:00:00-05:00,6.750803066456903,6.7893790471905575,6.673651104989596,6.7700910568237305,638400,0.0,0.0
2020-02-19 00:00:00-05:00,6.779734596769574,6.996724581432585,6.673650430542044,6.96297025680542,1315900,0.0,0.0
2020-02-20 00:00:00-05:00,6.962970242360417,7.078698632487602,6.837598547837337,6.895462512969971,916600,0.0,0.0
2020-02-21 00:00:00-05:00,6.847242385392026,6.876174598199008,6.697760588831395,6.7315144538879395,912000,0.0,0.0
2020-02-24 00:00:00-05:00,6.509702674170096,6.741158548517966,6.384330512300694,6.692938804626465,1314400,0.0,0.0
2020-02-25 00:00:00-05:00,6.750803107789592,6.808667079244352,6.606142949221707,6.65436315536499,1590600,0.0,0.0
2020-02-26 00:00:00-05:00,6.712227024013511,6.712227024013511,5.9889267021143135,6.0660786628723145,1617400,0.0,0.0
2020-02-27 00:00:00-05:00,5.940706343360485,6.461482524896011,5.824978405210802,6.210738658905029,1983200,0.0,0.0
2020-02-28 00:00:00-05:00,6.027503038810889,6.1625189781188965,5.849089004045525,6.1625189781188965,1906600,0.0,0.0
2020-03-02 00:00:00-05:00,6.152875718072372,6.365043640136719,5.8153356121299,6.365043640136719,2037400,0.0,0.0
2020-03-03 00:00:00-05:00,6.3746863408719285,6.615786424537231,6.05161219197147,6.095010280609131,1739500,0.0,0.0
2020-03-04 00:00:00-05:00,6.220382449350047,6.528990745544434,6.143230490266938,6.528990745544434,1568300,0.0,0.0
2020-03-05 00:00:00-05:00,6.374687391649897,6.4807711148484675,5.969639110747744,6.046791076660156,2823700,0.0,0.0
2020-03-06 00:00:00-05:00,5.574234522693276,6.0757227130503715,5.4488623601385155,5.709250450134277,3959100,0.0,0.0
2020-03-09 00:00:00-04:00,5.217406241430626,5.294558203173768,4.995594121488109,5.082390308380127,1780900,0.0,0.0
2020-03-10 00:00:00-04:00,5.236694357264891,5.275270339060207,4.725562368545967,5.053458213806152,1862700,0.0,0.0
2020-03-11 00:00:00-04:00,4.918442162345041,4.957018143237005,4.547148231294399,4.580902099609375,3405800,0.0,0.0
2020-03-12 00:00:00-04:00,4.262649856720661,4.658053874969482,3.7900936498447013,4.658053874969482,3137200,0.0,0.0
2020-03-13 00:00:00-04:00,4.9377302055408006,5.014882168148943,4.503750185939016,4.532681941986084,2642800,0.0,0.0
2020-03-16 00:00:00-04:00,4.175853831688627,4.175853831688627,3.717763714653721,3.8865339756011963,4079800,0.0,0.0
2020-03-17 00:00:00-04:00,3.992617267987344,4.310869305744477,3.738980198150963,4.146921634674072,3385900,0.0,0.0
2020-03-18 00:00:00-04:00,3.8600893764244253,4.005936441940983,3.675349528285565,3.7336883544921875,2322700,0.035,0.0
2020-03-19 00:00:00-04:00,3.7045186412146105,4.3267998672980665,3.5878409982556634,3.860089063644409,3567800,0.0,0.0
2020-03-20 00:00:00-04:00,3.9184280903246993,4.064274911214806,3.7434111634393923,3.762857437133789,5599900,0.0,0.0
2020-03-23 00:00:00-04:00,3.7725810237761057,3.889258672684044,3.3107314173041464,3.6170105934143066,3053400,0.0,0.0
2020-03-24 00:00:00-04:00,3.840642426566793,4.287906914091315,3.8309192905731697,4.200398921966553,2830900,0.0,0.0
2020-03-25 00:00:00-04:00,4.297630786895752,4.560155721389414,4.0739984009466506,4.297630786895752,3199700,0.0,0.0
2020-03-26 00:00:00-04:00,4.385139014906913,4.667110208367032,4.270405863837621,4.5309858322143555,3832400,0.0,0.0
2020-03-27 00:00:00-04:00,4.530985849632434,4.637940584553344,4.166367877690707,4.579601764678955,1398000,0.0,0.0
2020-03-30 00:00:00-04:00,4.4726468368372005,4.521262749786748,4.142060205141682,4.219845294952393,2036300,0.0,0.0
2020-03-31 00:00:00-04:00,4.229568098129575,4.419169597732003,4.132336738193342,4.200398921966553,1824600,0.0,0.0
2020-04-01 00:00:00-04:00,4.103167615159375,4.1760914920225645,3.928151145232076,3.976767063140869,1964800,0.0,0.0
2020-04-02 00:00:00-04:00,4.044828650279609,4.044828650279609,3.8843967758858278,3.99621319770813,3623200,0.0,0.0
2020-04-03 00:00:00-04:00,3.9864894184564656,4.1031670489746395,3.9087043314443495,4.054551601409912,2510600,0.0,0.0
2020-04-06 00:00:00-04:00,4.171230045976781,4.268461423717402,4.083721574192332,4.2587385177612305,2615700,0.0,0.0
2020-04-07 00:00:00-04:00,4.346245578545744,4.453200302565077,3.9767664236678613,4.083720684051514,3181400,0.0,0.0
2020-04-08 00:00:00-04:00,4.1615068228041165,4.7351721395632556,4.093444631755924,4.569878578186035,2906400,0.0,0.0
2020-04-09 00:00:00-04:00,4.64766383290168,5.250498752992962,4.608770823688187,5.201882839202881,3663900,0.0,0.0
2020-04-13 00:00:00-04:00,5.23105193161921,5.240774835176149,4.919911135990867,5.007419586181641,3071700,0.0,0.0
2020-04-14 00:00:00-04:00,5.07548218734779,5.561639504526671,5.07548218734779,5.551916599273682,4205000,0.0,0.0
2020-04-15 00:00:00-04:00,5.503300907337855,5.610255651312609,5.056036120136994,5.1727142333984375,3176000,0.0,0.0
2020-04-16 00:00:00-04:00,5.162991146447555,5.300087786345194,5.036590120623007,5.133821964263916,2419700,0.0,0.0
2020-04-17 00:00:00-04:00,5.279668031674906,5.522746678018542,5.2018829390266585,5.221329212188721,1539200,0.0,0.0
2020-04-20 00:00:00-04:00,5.09492855887341,5.269945493129939,5.036589735333152,5.104651927947998,1414600,0.0,0.0
2020-04-21 00:00:00-04:00,4.958804124363872,5.046312582440669,4.861572761853935,4.910188674926758,1325600,0.0,0.0
2020-04-22 00:00:00-04:00,4.958804130554199,5.007420043687711,4.8810190404491465,4.958804130554199,1061100,0.0,0.0
2020-04-23 00:00:00-04:00,4.968527719398784,5.231052641985803,4.881019257324534,5.09492826461792,1478600,0.0,0.0
2020-04-24 00:00:00-04:00,5.143544673919678,5.231053144398617,5.04631329762962,5.143544673919678,858000,0.0,0.0
2020-04-27 00:00:00-04:00,5.231052906456543,5.483854473311645,5.1921603577096045,5.3769001960754395,1801700,0.0,0.0
2020-04-28 00:00:00-04:00,5.493578237577822,5.532470789123069,5.279668740443171,5.50330114364624,3555400,0.0,0.0
2020-04-29 00:00:00-04:00,5.649147987365723,5.824164455179807,5.55386110468733,5.649147987365723,2076300,0.0,0.0
2020-04-30 00:00:00-04:00,5.551916222599984,5.629701313889501,5.401207260499759,5.571362495422363,1724300,0.0,0.0
2020-05-01 00:00:00-04:00,5.396346257723007,5.425515436315475,5.226191015935916,5.338006973266602,1438300,0.0,0.0
2020-05-04 00:00:00-04:00,5.299113773077889,5.386622225343672,5.162989874603309,5.347729682922363,976000,0.0,0.0
2020-05-05 00:00:00-04:00,5.444961447535518,5.53733159044383,5.347730084186542,5.425515174865723,1391100,0.0,0.0
2020-05-06 00:00:00-04:00,5.493577842316256,5.605393804054767,5.3769001960754395,5.3769001960754395,906700,0.0,0.0
2020-05-07 00:00:00-04:00,5.4157927608741625,5.619978874218652,5.410931076357448,5.4741315841674805,1634800,0.0,0.0
2020-05-08 00:00:00-04:00,5.367176473399947,5.6831785270547615,5.211606288663512,5.493577480316162,1835700,0.0,0.0
2020-05-11 00:00:00-04:00,5.503300928185073,5.911673167057676,5.396346647440929,5.882503986358643,2225000,0.0,0.0
2020-05-12 00:00:00-04:00,5.882503448089118,5.906810941902169,5.629701432439002,5.639424800872803,1708600,0.0,0.0
2020-05-13 00:00:00-04:00,5.658871033416485,5.751240714694813,5.362314789218003,5.493577480316162,1705300,0.0,0.0
2020-05-14 00:00:00-04:00,5.435238704291827,5.707486529747046,5.299114327928491,5.688040256500244,1389200,0.0,0.0
2020-05-15 00:00:00-04:00,5.658872134943377,5.853334903717041,5.581086563798099,5.853334903717041,1019300,0.0,0.0
2020-05-18 00:00:00-04:00,5.950566218363561,6.140167763422624,5.872781111765733,6.125583171844482,1590200,0.0,0.0
2020-05-19 00:00:00-04:00,6.106135772749669,6.300598503497608,6.0672427629643595,6.232536315917969,1537800,0.0,0.0
2020-05-20 00:00:00-04:00,6.242259825540357,6.2617060990552345,5.979734901271637,6.028350353240967,1833400,0.0,0.0
2020-05-21 00:00:00-04:00,6.018627136748216,6.271428679355402,6.018627136748216,6.242259502410889,1568400,0.0,0.0
2020-05-22 00:00:00-04:00,6.300598819241466,6.339491367340088,6.234481580200957,6.339491367340088,1790600,0.0,0.0
2020-05-26 00:00:00-04:00,6.339490997759921,6.87426419839334,6.339490997759921,6.728416919708252,2707700,0.0,0.0
2020-05-27 00:00:00-04:00,6.903433558754806,7.01038829444084,6.538815584204703,6.670078277587891,2008800,0.0,0.0
2020-05-28 00:00:00-04:00,6.747863672542706,6.835372138704645,6.567985519370972,6.777032852172852,1359600,0.0,0.0
2020-05-29 00:00:00-04:00,6.728417236116966,6.9228799744180245,6.660355045893726,6.8839874267578125,1927500,0.0,0.0
2020-06-01 00:00:00-04:00,7.389591277611705,7.788240601020721,7.093035475053031,7.729901313781738,4003900,0.0,0.0
2020-06-02 00:00:00-04:00,7.778517647608078,8.011872954491146,7.681286269740133,7.904918670654297,4359800,0.0,0.0
2020-06-03 00:00:00-04:00,7.904917960458355,7.972979687033203,7.686147264001394,7.720178127288818,2165200,0.0,0.0
2020-06-04 00:00:00-04:00,7.652114953411103,7.953532854428537,7.603499506912183,7.895193576812744,2249400,0.0,0.0
2020-06-05 00:00:00-04:00,7.924364692206489,8.3813528757277,7.8951955098924165,8.138274192810059,2777800,0.0,0.0
2020-06-08 00:00:00-04:00,8.225780598300815,8.493166711355954,8.196611423322574,8.293842315673828,3061600,0.0,0.0
2020-06-09 00:00:00-04:00,8.167441119654136,8.439689836974916,8.021594321088335,8.254949569702148,3049600,0.0,0.0
2020-06-10 00:00:00-04:00,8.167443080251788,8.3813525731325,8.12855052947998,8.12855052947998,2300800,0.0,0.0
2020-06-11 00:00:00-04:00,7.856302128938617,7.934087225084821,7.691008567810059,7.691008567810059,1812400,0.0,0.0
2020-06-12 00:00:00-04:00,7.934087071212334,8.13827317645404,7.656977555656763,7.797963619232178,1921800,0.0,0.0
2020-06-15 00:00:00-04:00,7.564607990380378,8.070211577094323,7.48682243088645,8.011872291564941,2550100,0.0,0.0
2020-06-16 00:00:00-04:00,8.216058731079102,8.35218311795184,8.07507358688191,8.216058731079102,2262200,0.0,0.0
2020-06-17 00:00:00-04:00,8.29904842376709,8.435738968305861,8.201412187506802,8.29904842376709,1598400,0.035,0.0
2020-06-18 00:00:00-04:00,8.250231019692674,8.294167236699659,8.04519565070283,8.133068084716797,1561500,0.0,0.0
2020-06-19 00:00:00-04:00,8.269758142016736,8.308812451318484,7.791342154724186,7.801105499267578,3581600,0.0,0.0
2020-06-22 00:00:00-04:00,7.801105314817061,7.967086358207055,7.669297140431177,7.8206329345703125,1786900,0.0,0.0
2020-06-23 00:00:00-04:00,7.908504551093648,8.020785559788823,7.864568342277611,7.996376037597656,1834900,0.0,0.0
2020-06-24 00:00:00-04:00,7.91826809505518,7.928031904753136,7.488670710754648,7.596070289611816,1945700,0.0,0.0
2020-06-25 00:00:00-04:00,7.547252841854856,7.693706741369341,7.400798942340373,7.576543807983398,2308000,0.0,0.0
2020-06-26 00:00:00-04:00,7.596070900150635,7.683942866674653,7.293399293083557,7.439853191375732,2177900,0.0,0.0
2020-06-29 00:00:00-04:00,7.478906985399582,7.635124683380127,7.330500521491121,7.635124683380127,1426700,0.0,0.0
2020-06-30 00:00:00-04:00,7.654652642549045,7.840160392773281,7.615598330337193,7.791342735290527,2175400,0.0,0.0
2020-07-01 00:00:00-04:00,7.810869620782433,7.967086864217567,7.605834255991765,7.722997188568115,1986400,0.0,0.0
2020-07-02 00:00:00-04:00,7.791342529823908,7.830397306569966,7.337335580378652,7.527725696563721,2743300,0.0,0.0
2020-07-06 00:00:00-04:00,7.674178904939186,7.7229965567367564,7.4994108083095865,7.596070289611816,2123400,0.0,0.0
2020-07-07 00:00:00-04:00,7.586307291008824,7.6253616028480256,7.361744765151354,7.420326232910156,1434700,0.0,0.0
2020-07-08 00:00:00-04:00,7.4398527995609545,7.576543345735794,7.391035146410584,7.478907108306885,1546800,0.0,0.0
2020-07-09 00:00:00-04:00,7.4691444249528205,7.5179620824237565,7.210409490220893,7.225054740905762,1419100,0.0,0.0
2020-07-10 00:00:00-04:00,7.244581829633748,7.537489168427761,7.234818018891887,7.420326232910156,859700,0.0,0.0
2020-07-13 00:00:00-04:00,7.469143782567893,7.644888172363765,7.430089473724365,7.430089473724365,1018700,0.0,0.0
2020-07-14 00:00:00-04:00,7.420326178425391,7.703470169962641,7.371508521766899,7.615598201751709,2282700,0.0,0.0
2020-07-15 00:00:00-04:00,7.713234001604509,8.181886207072138,7.703470190907793,8.133068084716797,1725600,0.0,0.0
2020-07-16 00:00:00-04:00,8.113539969732283,8.289283875771748,7.996376124201875,8.084248542785645,1582200,0.0,0.0
2020-07-17 00:00:00-04:00,8.211176764943499,8.211176764943499,7.8596879575797916,7.98661470413208,1307600,0.0,0.0
2020-07-20 00:00:00-04:00,7.986614549266885,8.054959361035854,7.840160184025661,7.859687805175781,910000,0.0,0.0
2020-07-21 00:00:00-04:00,7.928032439236246,8.05300660463666,7.801105697990232,7.830397129058838,1434300,0.0,0.0
2020-07-22 00:00:00-04:00,7.830396532202822,7.952441358968117,7.732760298339333,7.888977527618408,884900,0.0,0.0
2020-07-23 00:00:00-04:00,7.859687428784291,8.020786571045024,7.796224059777927,7.801105499267578,1299400,0.0,0.0
2020-07-24 00:00:00-04:00,7.8303972317651835,7.937796353707479,7.693706678370083,7.771815299987793,1155200,0.0,0.0
2020-07-27 00:00:00-04:00,7.771815382532452,7.840160194391785,7.654652448861498,7.8108696937561035,966400,0.0,0.0
2020-07-28 00:00:00-04:00,7.742524343997507,7.820633431279183,7.703470033138724,7.722997188568115,1256600,0.0,0.0
2020-07-29 00:00:00-04:00,7.801105839920775,8.318576624675714,7.791342494951045,8.240467071533203,4003100,0.0,0.0
2020-07-30 00:00:00-04:00,8.10377638388075,8.469910850642277,8.02566777212854,8.445501327514648,1504000,0.0,0.0
2020-07-31 00:00:00-04:00,8.445501718266545,8.946374168707996,8.357630224325792,8.406447410583496,3787700,0.0,0.0
2020-08-03 00:00:00-04:00,13.561622817555403,16.803132505773526,12.858644285616213,13.161314964294434,187405000,0.0,0.0
2020-08-04 00:00:00-04:00,13.161314303210748,13.493276396928035,12.26306519173739,12.468100547790527,23151900,0.0,0.0
2020-08-05 00:00:00-04:00,12.3704632497885,12.819588232624563,12.06779168110694,12.477862358093262,10549100,0.0,0.0
2020-08-06 00:00:00-04:00,11.521032099880184,11.940865680515703,11.237888132467697,11.735831260681152,10137000,0.0,0.0
2020-08-07 00:00:00-04:00,11.657722778824587,12.214247885815658,11.530796963836556,11.911576271057129,5608800,0.0,0.0
2020-08-10 00:00:00-04:00,11.892049386686477,12.269900289425165,11.599141587438037,11.64795970916748,5345900,0.0,0.0
2020-08-11 00:00:00-04:00,11.550322675328717,11.61866748239622,11.276942515930545,11.345287322998047,3391600,0.0,0.0
2020-08-12 00:00:00-04:00,11.384341366436793,12.097083643612674,11.286706063060356,11.657721519470215,4069600,0.0,0.0
2020-08-13 00:00:00-04:00,11.569851572768426,11.940867078786566,11.477097230699759,11.599142074584961,3165700,0.0,0.0
2020-08-14 00:00:00-04:00,11.560087692885737,11.804177379201304,11.411680746460412,11.511269569396973,2529800,0.0,0.0
2020-08-17 00:00:00-04:00,11.491741715440895,11.599140831342227,11.179306315415646,11.247652053833008,3111000,0.0,0.0
2020-08-18 00:00:00-04:00,11.198834344432242,11.359933489734036,11.032853293984552,11.1109619140625,2432000,0.0,0.0
2020-08-19 00:00:00-04:00,11.081671191609411,11.408751380785638,10.929359106179934,11.228124618530273,2245500,0.0,0.0
2020-08-20 00:00:00-04:00,11.179308552247676,11.52103451932484,11.169544740358992,11.306235313415527,1597100,0.0,0.0
2020-08-21 00:00:00-04:00,11.228125969225612,11.255463895879306,11.07288453586695,11.189071655273438,1357200,0.0,0.0
2020-08-24 00:00:00-04:00,11.198835399949436,11.218362091245261,11.013326711433518,11.10119915008545,1859000,0.0,0.0
2020-08-25 00:00:00-04:00,11.16954217389368,11.218360290991642,10.857107714271745,10.99379825592041,1306500,0.0,0.0
2020-08-26 00:00:00-04:00,10.915690534196587,10.993799155493347,10.774118076141077,10.808290481567383,1474300,0.0,0.0
2020-08-27 00:00:00-04:00,10.759473893998612,10.847345399531008,10.65207383535635,10.749710083007812,2008000,0.0,0.0
2020-08-28 00:00:00-04:00,10.730182088578957,10.783882116036144,10.564201032009676,10.69112777709961,1592000,0.0,0.0
2020-08-31 00:00:00-04:00,10.71065450549803,10.769235502269266,10.334756206891345,10.398219108581543,1972600,0.0,0.0
2020-09-01 00:00:00-04:00,10.515382421844565,10.993797905681387,10.388455693884735,10.837580680847168,2102200,0.0,0.0
2020-09-02 00:00:00-04:00,10.837580120833994,10.857106807365211,10.407981843610532,10.603253364562988,2177900,0.0,0.0
2020-09-03 00:00:00-04:00,10.534911247434701,10.56420175025357,10.007677541053596,10.056495666503906,2297100,0.0,0.0
2020-09-04 00:00:00-04:00,10.202948238344232,10.305466386127062,9.70988698264638,10.046730995178223,1437700,0.0,0.0
2020-09-08 00:00:00-04:00,9.88074964633444,10.324992767488627,9.773350527648525,10.076021194458008,2603800,0.0,0.0
2020-09-09 00:00:00-04:00,10.183422084881562,10.622783337209526,10.147296170428685,10.46656608581543,1586600,0.0,0.0
2020-09-10 00:00:00-04:00,10.544674433644516,10.80340890027485,10.32987525307378,10.681364059448242,3912800,0.0,0.0
2020-09-11 00:00:00-04:00,10.730182088578957,11.081671823021308,10.671601086924053,10.69112777709961,3281000,0.0,0.0
2020-09-14 00:00:00-04:00,10.827817899349377,10.827817899349377,10.476328178978928,10.544673919677734,1462700,0.0,0.0
2020-09-15 00:00:00-04:00,10.622782539509346,10.681363538818957,10.466565299846122,10.544673919677734,958500,0.0,0.0
2020-09-16 00:00:00-04:00,9.265644401804987,9.402334963306066,8.992264209931102,9.138717651367188,32662900,0.0,0.0
2020-09-17 00:00:00-04:00,9.026014439010972,9.26612003026537,8.790809076307443,8.98681354522705,14027900,0.035,0.0
2020-09-18 00:00:00-04:00,8.879012118132877,9.006414333401494,8.536003565761055,8.545804023742676,11486000,0.0,0.0
2020-09-21 00:00:00-04:00,8.428201331832566,8.722207594296282,8.339999079244205,8.545804023742676,6327700,0.0,0.0
2020-09-22 00:00:00-04:00,8.56540230736457,8.624204108976283,8.31549628610491,8.467400550842285,3526200,0.0,0.0
2020-09-23 00:00:00-04:00,8.457601380005265,8.565403608948092,7.996990157025785,8.01659107208252,4481400,0.0,0.0
2020-09-24 00:00:00-04:00,8.036190377780066,8.413499549334864,7.9283881578885484,8.08519172668457,6336400,0.0,0.0
2020-09-25 00:00:00-04:00,8.026391096465371,8.241996502444817,7.996990656666443,8.006791114807129,6622100,0.0,0.0
2020-09-28 00:00:00-04:00,8.11459217845457,8.325297324930485,8.036190393899298,8.251795768737793,4158200,0.0,0.0
2020-09-29 00:00:00-04:00,8.222395488467543,8.320397253700925,8.08519189559319,8.192994117736816,2801700,0.0,0.0
2020-09-30 00:00:00-04:00,8.183195622846961,8.359599196263662,7.830386606767298,8.006791114807129,7079200,0.0,0.0
2020-10-01 00:00:00-04:00,8.055791054062231,8.055791054062231,7.747083686598495,7.9969892501831055,4844900,0.0,0.0
2020-10-02 00:00:00-04:00,7.840185136257244,8.0949913774951,7.800984247960874,8.026389122009277,2593300,0.0,0.0
2020-10-05 00:00:00-04:00,8.065592381517636,8.281197797845186,7.918589240844365,8.036191940307617,3485600,0.0,0.0
2020-10-06 00:00:00-04:00,8.045991002575235,8.300797274503454,7.972489444994446,8.192994117736816,4857600,0.0,0.0
2020-10-07 00:00:00-04:00,8.251795768737793,8.433099545038235,8.134193091904885,8.251795768737793,4368200,0.0,0.0
2020-10-08 00:00:00-04:00,8.300797620753634,8.403699618734478,8.08519223284985,8.241995811462402,3536000,0.0,0.0
2020-10-09 00:00:00-04:00,8.300798308697583,8.33019874846829,8.163594698729073,8.173395156860352,2245900,0.0,0.0
2020-10-12 00:00:00-04:00,8.192993618698914,8.237094737485776,8.099892087591497,8.202794075012207,2011100,0.0,0.0
2020-10-13 00:00:00-04:00,8.13419303023926,8.202794357549305,8.036190332976636,8.104792594909668,2601100,0.0,0.0
2020-10-14 00:00:00-04:00,8.104792623154657,8.142032676236328,7.918587684631348,7.918587684631348,1932300,0.0,0.0
2020-10-15 00:00:00-04:00,7.908788067080347,7.977390336531258,7.7715849301131605,7.957789421081543,2436900,0.0,0.0
2020-10-16 00:00:00-04:00,7.967589913532879,8.006790809980073,7.771584963985357,7.78138542175293,1970100,0.0,0.0
2020-10-19 00:00:00-04:00,7.761784421970376,7.835285980757897,7.448176805366493,7.467777252197266,3336900,0.0,0.0
2020-10-20 00:00:00-04:00,7.536379026621595,7.595180366933375,7.418776345998035,7.4775776863098145,2581500,0.0,0.0
2020-10-21 00:00:00-04:00,7.457977681199992,7.4873781194412175,7.266872963385868,7.320774078369141,2612600,0.0,0.0
2020-10-22 00:00:00-04:00,7.3207738249920045,7.408976071286018,7.18357069422139,7.242372035980225,1751200,0.0,0.0
2020-10-23 00:00:00-04:00,7.291373640127916,7.3452747551111885,7.22277183871249,7.320774078369141,1892400,0.0,0.0
2020-10-26 00:00:00-04:00,7.271772493966295,7.487377400508701,7.1345693716211285,7.232571601867676,2520300,0.0,0.0
2020-10-27 00:00:00-04:00,7.546178862235446,7.565779308605739,7.00716635339663,7.016966342926025,5775700,0.0,0.0
2020-10-28 00:00:00-04:00,6.869963613132811,7.080668306573097,6.860163155743643,6.879763603210449,2996400,0.0,0.0
2020-10-29 00:00:00-04:00,6.869963781731057,6.8797637720492,6.595557043149924,6.654358386993408,3861300,0.0,0.0
2020-10-30 00:00:00-04:00,6.615157093600165,6.624957550640951,6.350550828548619,6.458353519439697,3874200,0.0,0.0
2020-11-02 00:00:00-05:00,6.546555440147395,6.649457904779953,6.458353661399146,6.575956344604492,2244700,0.0,0.0
2020-11-03 00:00:00-05:00,6.664158052473946,6.720019065463871,6.556355367919314,6.595556259155273,2887900,0.0,0.0
2020-11-04 00:00:00-05:00,6.624957616734787,6.987566119254186,6.5975166171337305,6.771960735321045,3542300,0.0,0.0
2020-11-05 00:00:00-05:00,6.928764905377156,7.203171167926067,6.840562658759242,7.065968036651611,6556800,0.0,0.0
2020-11-06 00:00:00-05:00,7.046367589326689,7.306073633209791,6.757260640800441,7.065968036651611,5923100,0.0,0.0
2020-11-09 00:00:00-05:00,7.330573999682683,7.477577582068585,7.173770427703857,7.173770427703857,6544000,0.0,0.0
2020-11-10 00:00:00-05:00,7.183570417296781,7.271772660190623,7.007166398820602,7.173770427703857,3066200,0.0,0.0
2020-11-11 00:00:00-05:00,7.22277159530513,7.438376982595402,7.18357070076354,7.408976078033447,3701800,0.0,0.0
2020-11-12 00:00:00-05:00,7.369775406659659,7.384475625730019,7.056167773518904,7.163970470428467,2983900,0.0,0.0
2020-11-13 00:00:00-05:00,7.183571218646522,7.40897661216651,7.163970769962678,7.389376163482666,2871000,0.0,0.0
2020-11-16 00:00:00-05:00,7.438376959355553,7.477577853774667,7.291373371628112,7.418776512145996,3299500,0.0,0.0
2020-11-17 00:00:00-05:00,7.448176782498169,7.624581270745021,7.320773644833555,7.4775776863098145,3166900,0.0,0.0
2020-11-18 00:00:00-05:00,7.497177990420397,7.698082682823943,7.404075519548043,7.526578426361084,4804900,0.0,0.0
2020-11-19 00:00:00-05:00,7.585379761474436,7.943088024866613,7.477577540001221,7.86958646774292,4823400,0.0,0.0
2020-11-20 00:00:00-05:00,7.918588098931605,7.938189013327153,7.536379147137301,7.604980945587158,4166100,0.0,0.0
2020-11-23 00:00:00-05:00,7.624581162097648,7.972489437801754,7.619680933646948,7.8597869873046875,2675300,0.0,0.0
2020-11-24 00:00:00-05:00,7.928387924509931,8.085191488690311,7.83038522958571,7.9969892501831055,3019300,0.0,0.0
2020-11-25 00:00:00-05:00,7.967589232481311,7.9871892117179994,7.820585649714092,7.849986553192139,2819800,0.0,0.0
2020-11-27 00:00:00-05:00,7.908787227946333,8.041090589325053,7.884287020856788,7.918587684631348,1368400,0.0,0.0
2020-11-30 00:00:00-05:00,7.889188122195785,7.987189896021571,7.595180931472241,7.614781379699707,2903800,0.0,0.0
2020-12-01 00:00:00-05:00,7.673582276725496,7.796085187828551,7.575580041305356,7.604980945587158,2518800,0.0,0.0
2020-12-02 00:00:00-05:00,7.565779065677384,7.967588904334003,7.4187759562760345,7.791184425354004,6447400,0.0,0.0
2020-12-03 00:00:00-05:00,7.840186310595493,7.938189013327153,7.536379147137301,7.604980945587158,5354000,0.0,0.0
2020-12-04 00:00:00-05:00,7.742184066383822,8.300797508611572,7.7127831621354055,8.281196594238281,6286000,0.0,0.0
2020-12-07 00:00:00-05:00,8.389000214744362,8.438000634122469,7.908788067080347,7.957789421081543,3972900,0.0,0.0
2020-12-08 00:00:00-05:00,7.898987573067701,8.33999783562513,7.761783985653467,8.310596466064453,6279600,0.0,0.0
2020-12-09 00:00:00-05:00,8.349798374648163,8.614404160947952,8.192993872644122,8.457600593566895,7342100,0.0,0.0
2020-12-10 00:00:00-05:00,8.359598662815465,9.045614800293777,8.33999868240795,8.516402244567871,9481800,0.0,0.0
2020-12-11 00:00:00-05:00,8.447801090263955,8.516402425078917,8.07539210839699,8.290997505187988,3623700,0.0,0.0
2020-12-14 00:00:00-05:00,8.330197710611166,8.349798624431651,8.173394138539345,8.192994117736816,3711500,0.0,0.0
2020-12-15 00:00:00-05:00,8.2615956900222,8.447799682617188,8.016589895510252,8.447799682617188,3450200,0.0,0.0
2020-12-16 00:00:00-05:00,8.418400078323014,8.487001408465394,8.300797397526205,8.32039737701416,2042200,0.0,0.0
2020-12-17 00:00:00-05:00,8.28119670611554,8.320397600768679,8.055791795515761,8.241995811462402,4061400,0.0,0.0
2020-12-18 00:00:00-05:00,8.237075004555157,8.33548726906085,8.148504154205815,8.296122550964355,6407600,0.035,0.0
2020-12-21 00:00:00-05:00,8.148503552549826,8.178027792838918,7.951679976600089,8.059932708740234,3764900,0.0,0.0
2020-12-22 00:00:00-05:00,8.059933526626546,8.138663903524492,7.8729513451323845,8.000886917114258,3064100,0.0,0.0
2020-12-23 00:00:00-05:00,8.000887961225297,8.128823549902688,7.971364652616379,8.040252685546875,1640500,0.0,0.0
2020-12-24 00:00:00-05:00,8.020568739128947,8.055013689334832,7.946760008602765,7.971363544464111,1399300,0.0,0.0
2020-12-28 00:00:00-05:00,8.00088708218982,8.064854400236072,7.777491850407387,7.872951507568359,3440000,0.0,0.0
2020-12-29 00:00:00-05:00,7.8729515310594085,7.922157665834321,7.626921795713802,7.68596887588501,2960300,0.0,0.0
2020-12-30 00:00:00-05:00,7.715492459887508,7.813904257740264,7.666286326328897,7.804062843322754,2193900,0.0,0.0
2020-12-31 00:00:00-05:00,7.7942217052300355,7.7942217052300355,7.656445191646725,7.725333213806152,2405600,0.0,0.0
2021-01-04 00:00:00-05:00,7.804063111855206,7.892634436867066,7.553113136011781,7.7154927253723145,3221700,0.0,0.0
2021-01-05 00:00:00-05:00,7.7154922822332335,7.936918470355099,7.669238761770679,7.922157287597656,2765500,0.0,0.0
2021-01-06 00:00:00-05:00,8.00088670222615,8.315804447244114,7.931998680135699,8.109139442443848,3363900,0.0,0.0
2021-01-07 00:00:00-05:00,8.148504541573546,8.286281530725446,7.991045661702204,8.26659870147705,2866300,0.0,0.0
2021-01-08 00:00:00-05:00,8.365010585460992,9.240876737573787,8.310883746049345,8.689769744873047,12640900,0.0,0.0
2021-01-11 00:00:00-05:00,8.6602473401564,8.689770647206178,8.246917287343484,8.463423728942871,4486200,0.0,0.0
2021-01-12 00:00:00-05:00,8.512627402298163,8.84230724394715,8.44373938535113,8.807863235473633,3675200,0.0,0.0
2021-01-13 00:00:00-05:00,8.857070294964709,8.876753123891854,8.551993016296525,8.60119915008545,3674200,0.0,0.0
2021-01-14 00:00:00-05:00,8.709453007647891,8.98500604847856,8.601199323424838,8.866911888122559,3304500,0.0,0.0
2021-01-15 00:00:00-05:00,8.74881764808081,8.847228978216648,8.512628390991102,8.64056396484375,3320700,0.0,0.0
2021-01-19 00:00:00-05:00,8.670087951009654,8.758657863942194,8.59135757529919,8.729134559631348,2468300,0.0,0.0
2021-01-20 00:00:00-05:00,8.79802245762767,9.098179019201554,8.77834056787617,9.063735008239746,3303200,0.0,0.0
2021-01-21 00:00:00-05:00,9.073576227020185,9.103099530276236,8.817705096057379,8.985005378723145,3508200,0.0,0.0
2021-01-22 00:00:00-05:00,8.857069969177246,8.916117515257813,8.788181947524006,8.857069969177246,2807900,0.0,0.0
2021-01-25 00:00:00-05:00,8.857069716595841,8.965322453039393,8.620881416066883,8.758657455444336,3620400,0.0,0.0
2021-01-26 00:00:00-05:00,8.807863822931752,10.057695255940674,8.699611083576446,9.811665534973145,9115400,0.0,0.0
2021-01-27 00:00:00-05:00,9.634524393287611,10.48086634454004,9.299923803237197,10.04785442352295,12783300,0.0,0.0
2021-01-28 00:00:00-05:00,10.018330667171018,10.097060103812412,9.270400080548859,9.477065086364746,5859100,0.0,0.0
2021-01-29 00:00:00-05:00,9.388494706319127,9.486906976320443,8.817705792781009,8.88659381866455,4887300,0.0,0.0
2021-02-01 00:00:00-05:00,8.925958571711373,8.975164706892583,8.54215278206166,8.69961166381836,4298900,0.0,0.0
2021-02-02 00:00:00-05:00,8.758657919661259,8.92595820936856,8.50278771645797,8.748817443847656,4395000,0.0,0.0
2021-02-03 00:00:00-05:00,8.73897685822895,9.142465499246542,8.660247413080592,9.103100776672363,2467300,0.0,0.0
2021-02-04 00:00:00-05:00,9.142464827905776,9.309765121193257,8.98500594917143,9.22119426727295,2653600,0.0,0.0
2021-02-05 00:00:00-05:00,9.231035998771993,9.48690715476507,9.12278325055753,9.15230655670166,2597800,0.0,0.0
2021-02-08 00:00:00-05:00,9.25071712216333,9.290081839931004,9.13262296886031,9.231035232543945,1525300,0.0,0.0
2021-02-09 00:00:00-05:00,9.191670207505172,9.398335203509017,9.0440518169145,9.299922943115234,1784600,0.0,0.0
2021-02-10 00:00:00-05:00,9.408177808625483,9.57547717083408,9.162148065014796,9.191671371459961,2783900,0.0,0.0
2021-02-11 00:00:00-05:00,9.201511635050508,9.309764370822926,8.9850052249768,9.112940788269043,2026200,0.0,0.0
2021-02-12 00:00:00-05:00,9.103100013962692,9.221194171790627,9.063735294686714,9.181829452514648,1118200,0.0,0.0
2021-02-16 00:00:00-05:00,9.191670866965877,9.209384662154939,8.994847270585986,9.181829452514648,2896300,0.0,0.0
2021-02-17 00:00:00-05:00,9.093257850580825,9.324526378492491,9.02436983215379,9.260558128356934,5094400,0.0,0.0
2021-02-18 00:00:00-05:00,9.240877151489258,9.57547680153073,9.171988187735435,9.240877151489258,3443200,0.0,0.0
2021-02-19 00:00:00-05:00,9.240877359600805,9.63944527506624,9.191671223962475,9.52627182006836,3304500,0.0,0.0
2021-02-22 00:00:00-05:00,9.565635681152344,9.831347288071884,9.486906246618489,9.565635681152344,3403300,0.0,0.0
2021-02-23 00:00:00-05:00,9.575476139351494,9.80674467409155,9.29008170504731,9.752617835998535,4020400,0.0,0.0
2021-02-24 00:00:00-05:00,9.673888289569998,10.14626582898173,9.565635553166564,10.087218284606934,4873300,0.0,0.0
2021-02-25 00:00:00-05:00,9.9888065357096,10.077377387549195,9.260558769406822,9.329446792602539,4520600,0.0,0.0
2021-02-26 00:00:00-05:00,8.394533242290178,8.561833516184127,7.4793029118440355,7.489144325256348,15340900,0.0,0.0
2021-03-01 00:00:00-05:00,7.587556906842676,7.725333424177835,7.361209536588395,7.617080211639404,7627300,0.0,0.0
2021-03-02 00:00:00-05:00,7.489145199539597,7.558033224410095,7.056132813400785,7.06597375869751,7964500,0.0,0.0
2021-03-03 00:00:00-05:00,7.115179629564903,7.26279755766664,6.9183560382722264,6.957720756530762,7396100,0.0,0.0
2021-03-04 00:00:00-05:00,7.006926406005732,7.0128311606594,6.623120169104079,6.760896682739258,5731700,0.0,0.0
2021-03-05 00:00:00-05:00,6.878990782684103,7.203750409000326,6.770738043176481,7.125020503997803,6352300,0.0,0.0
2021-03-08 00:00:00-05:00,7.4793029118440355,7.58755611305737,7.213590850149063,7.489144325256348,9136200,0.0,0.0
2021-03-09 00:00:00-05:00,7.607238470617575,7.71549167183091,7.4793029118440355,7.489144325256348,3692100,0.0,0.0
2021-03-10 00:00:00-05:00,7.607239247617243,7.868030629243162,7.5777154736291825,7.804062843322754,4480200,0.0,0.0
2021-03-11 00:00:00-05:00,8.502788850512374,8.542153574603814,8.059934531322366,8.433899879455566,5463000,0.0,0.0
2021-03-12 00:00:00-05:00,8.29612275326222,8.315804643525947,8.09929821945134,8.18786907196045,2607800,0.0,0.0
2021-03-15 00:00:00-04:00,8.178027950905468,8.256757382807061,8.05993286452422,8.118980407714844,3140300,0.0,0.0
2021-03-16 00:00:00-04:00,8.138664377951471,8.276440433864144,8.015649506012874,8.197710990905762,2573700,0.0,0.0
2021-03-17 00:00:00-04:00,8.143354449562118,8.15323738774459,7.906169588115965,8.123589515686035,2812400,0.035,0.0
2021-03-18 00:00:00-04:00,8.074176625554179,8.142367586777583,7.807343392440449,7.866639614105225,2667500,0.0,0.0
2021-03-19 00:00:00-04:00,7.8765220944168215,7.906170440917835,7.738164243649214,7.856756687164307,3507500,0.0,0.0
2021-03-22 00:00:00-04:00,7.906170380426544,7.945701194629119,7.795484006410439,7.896287441253662,2489000,0.0,0.0
2021-03-23 00:00:00-04:00,7.817225651754541,7.856756465142481,7.599806178120866,7.688750743865967,4578100,0.0,0.0
2021-03-24 00:00:00-04:00,7.7183991408137445,7.807343712580317,7.599806692621314,7.659102916717529,4136000,0.0,0.0
2021-03-25 00:00:00-04:00,7.619572177266042,7.935818708958959,7.500979727881198,7.916053771972656,3242600,0.0,0.0
2021-03-26 00:00:00-04:00,7.935818403935072,8.158179827040524,7.925936407066253,8.113707542419434,3480800,0.0,0.0
2021-03-29 00:00:00-04:00,8.14335524949817,8.390423073396699,8.103824435373962,8.222416877746582,3689300,0.0,0.0
2021-03-30 00:00:00-04:00,8.202651989809123,8.281713618519031,8.019821384361862,8.192769050598145,3118700,0.0,0.0
2021-03-31 00:00:00-04:00,8.202652702667047,8.489251367269784,8.192769762597186,8.341010093688965,3463300,0.0,0.0
2021-04-01 00:00:00-04:00,8.400306765237062,8.518899218235841,8.291597252277105,8.3607759475708,3022100,0.0,0.0
2021-04-05 00:00:00-04:00,8.459602812976772,9.131626661667395,8.420071998347911,8.78573226928711,7451100,0.0,0.0
2021-04-06 00:00:00-04:00,8.785733018055002,9.003152045798881,8.71655337969191,8.91420841217041,2498800,0.0,0.0
2021-04-07 00:00:00-04:00,8.933973467861245,8.96362134612878,8.746202315514775,8.835145950317383,3015600,0.0,0.0
2021-04-08 00:00:00-04:00,8.805496736816796,9.200805804559977,8.795613798063211,9.101978302001953,4687300,0.0,0.0
2021-04-09 00:00:00-04:00,9.092095879231955,9.388577461242676,9.08419028177157,9.388577461242676,5333600,0.0,0.0
2021-04-12 00:00:00-04:00,9.358929561171205,9.43799119050091,9.161275487846943,9.408343315124512,5134600,0.0,0.0
2021-04-13 00:00:00-04:00,9.32928115202781,9.3885778478674,8.95867939487515,9.141510009765625,7766500,0.0,0.0
2021-04-14 00:00:00-04:00,9.092095201857912,9.289749260976562,9.082212263279756,9.210687637329102,2507900,0.0,0.0
2021-04-15 00:00:00-04:00,9.289750025742595,9.398460474073966,9.235395744065885,9.339163780212402,1917500,0.0,0.0
2021-04-16 00:00:00-04:00,9.408344103486346,9.536818555045768,9.349047405275885,9.507170677185059,1901400,0.0,0.0
2021-04-19 00:00:00-04:00,9.447874621733096,9.581290539118237,9.06244845181521,9.092096328735352,2735900,0.0,0.0
2021-04-20 00:00:00-04:00,9.02291735920957,9.032800298710445,8.588077446060996,8.657257080078125,3252900,0.0,0.0
2021-04-21 00:00:00-04:00,8.64737484817205,8.84502894191817,8.573254680828388,8.805498123168945,1661400,0.0,0.0
2021-04-22 00:00:00-04:00,8.74620145465825,8.98832781207114,8.726435576099338,8.78573226928711,1631700,0.0,0.0
2021-04-23 00:00:00-04:00,8.785732649925267,9.210688689974315,8.686905137826974,9.151392936706543,2877100,0.0,0.0
2021-04-26 00:00:00-04:00,9.21068896088648,9.605998078417796,9.205747490887324,9.576349258422852,3443100,0.0,0.0
2021-04-27 00:00:00-04:00,9.517052819830614,9.72458983244333,9.378694497259149,9.408343315124512,4445500,0.0,0.0
2021-04-28 00:00:00-04:00,9.418226151508874,9.596115304603066,9.368812393150593,9.477522850036621,7000600,0.0,0.0
2021-04-29 00:00:00-04:00,9.507169967254937,9.981540690048758,9.269985077102511,9.34904670715332,6249300,0.0,0.0
2021-04-30 00:00:00-04:00,9.289750412351314,9.536818252493518,9.03280057489507,9.092096328735352,2913100,0.0,0.0
2021-05-03 00:00:00-04:00,9.22057138305237,9.358929707791404,8.99326943079072,9.309515953063965,3442700,0.0,0.0
2021-05-04 00:00:00-04:00,9.200806731387791,9.388577874176152,9.062448402367048,9.121744155883789,5059200,0.0,0.0
2021-05-05 00:00:00-04:00,9.181039927052806,9.216617941072364,8.830204083700758,9.101978302001953,3243200,0.0,0.0
2021-05-06 00:00:00-04:00,8.291596622731225,9.408343315124512,8.143355360871306,9.408343315124512,6349200,0.0,0.0
2021-05-07 00:00:00-04:00,9.329281413399166,9.680118243427096,9.299633535893253,9.576349258422852,2373500,0.0,0.0
2021-05-10 00:00:00-04:00,9.615880414764849,9.655412176151103,9.299633863587344,9.368812561035156,2902800,0.0,0.0
2021-05-11 00:00:00-04:00,9.101978877622301,9.526935846012124,8.9636205537889,9.34904670715332,3947800,0.0,0.0
2021-05-12 00:00:00-04:00,9.339163707159395,9.813534426874341,9.26306714791386,9.388577461242676,9704000,0.0,0.0
2021-05-13 00:00:00-04:00,9.388577797166414,9.596114817750706,9.052565388364325,9.171157836914062,5322000,0.0,0.0
2021-05-14 00:00:00-04:00,9.27986826258412,9.27986826258412,9.111862058648368,9.190923690795898,2821100,0.0,0.0
2021-05-17 00:00:00-04:00,9.072331428527832,9.14151012245261,8.889500811383613,9.072331428527832,4149900,0.0,0.0
2021-05-18 00:00:00-04:00,9.131626694000786,9.398460400557125,9.062448003777574,9.388577461242676,2819100,0.0,0.0
2021-05-19 00:00:00-04:00,9.269984815727897,9.625762140925108,9.190923187906295,9.526935577392578,7691000,0.0,0.0
2021-05-20 00:00:00-04:00,9.566466616867444,10.139663903333735,9.52693580202456,10.00130558013916,9075300,0.0,0.0
2021-05-21 00:00:00-04:00,10.080367088317871,10.169311656264478,9.97165758443255,10.080367088317871,3521900,0.0,0.0
2021-05-24 00:00:00-04:00,10.169311230330933,10.465792796905408,10.11890975043373,10.366965293884277,6151500,0.0,0.0
2021-05-25 00:00:00-04:00,10.376848716872008,10.539913444723295,9.996364037722683,10.050719261169434,3793300,0.0,0.0
2021-05-26 00:00:00-04:00,10.119897842407227,10.258256163109953,10.070484089121328,10.119897842407227,1990100,0.0,0.0
2021-05-27 00:00:00-04:00,10.139663530418627,10.342259066848495,10.139663530418627,10.248373031616211,2297200,0.0,0.0
2021-05-28 00:00:00-04:00,10.258256018039665,10.342259114691052,10.18907732991109,10.218725204467773,1487500,0.0,0.0
2021-06-01 00:00:00-04:00,10.27802078800387,10.347200417506912,10.189077165766687,10.327434539794922,1638500,0.0,0.0
2021-06-02 00:00:00-04:00,10.307670695172183,10.366966449604076,10.198960241232005,10.23849105834961,4034400,0.0,0.0
2021-06-03 00:00:00-04:00,10.208842969608495,10.446027867399694,10.18907803270373,10.376849174499512,4283100,0.0,0.0
2021-06-04 00:00:00-04:00,10.475676801173012,10.974753008972263,10.41143863492902,10.910515785217285,3828200,0.0,0.0
2021-06-07 00:00:00-04:00,10.95992941680777,11.098286802545495,10.82157108858104,10.989577293395996,3380100,0.0,0.0
2021-06-08 00:00:00-04:00,11.05875534667425,11.627012093765266,11.00934253604803,11.414533615112305,4559400,0.0,0.0
2021-06-09 00:00:00-04:00,11.424416614398348,11.543009057005936,11.221820131310313,11.37500286102295,2621900,0.0,0.0
2021-06-10 00:00:00-04:00,11.434298598797223,11.636894139178635,11.3058232171548,11.384885787963867,2314000,0.0,0.0
2021-06-11 00:00:00-04:00,11.384886566216208,11.622071467390125,11.375003626378374,11.493596076965332,1951900,0.0,0.0
2021-06-14 00:00:00-04:00,11.513360118638586,11.602304685282917,11.379944211161032,11.45406436920166,2243200,0.0,0.0
2021-06-15 00:00:00-04:00,11.434298671719528,11.473829486131692,11.261351947721904,11.335472106933594,1308900,0.0,0.0
2021-06-16 00:00:00-04:00,11.340428666106147,11.43955866909893,11.251212797861168,11.389993667602539,1370900,0.035,0.0
2021-06-17 00:00:00-04:00,11.439558598437399,11.622948819229125,11.340428596056936,11.49903678894043,1767300,0.0,0.0
2021-06-18 00:00:00-04:00,11.35034219314077,11.389994006442729,10.775390427575477,10.805129051208496,4168400,0.0,0.0
2021-06-21 00:00:00-04:00,10.854693199129807,11.229403419809481,10.854693199129807,11.1818208694458,1774400,0.0,0.0
2021-06-22 00:00:00-04:00,11.142170066323022,11.271038697394006,10.914172373533152,11.221473693847656,3474400,0.0,0.0
2021-06-23 00:00:00-04:00,11.271038593135017,11.300777216838215,10.527566382938456,10.656435012817383,4806200,0.0,0.0
2021-06-24 00:00:00-04:00,10.755565303035267,10.993476189691407,10.527566660959428,10.854694366455078,4010300,0.0,0.0
2021-06-25 00:00:00-04:00,10.864606779387984,11.033127215060532,10.839824751648862,10.973649024963379,2584200,0.0,0.0
2021-06-28 00:00:00-04:00,11.02321396621229,11.02321396621229,10.84478034225939,10.93399715423584,1639400,0.0,0.0
2021-06-29 00:00:00-04:00,10.953824375248717,11.082693008530917,10.854694366455078,10.854694366455078,1485300,0.0,0.0
2021-06-30 00:00:00-04:00,10.844779981299693,10.844779981299693,10.616782309725263,10.696085929870605,2355700,0.0,0.0
2021-07-01 00:00:00-04:00,10.735738369082341,10.844780616828885,10.686173367243448,10.79521656036377,1653400,0.0,0.0
2021-07-02 00:00:00-04:00,10.854694079795038,10.854694079795038,10.60687000972952,10.656435012817383,1396500,0.0,0.0
2021-07-06 00:00:00-04:00,10.577131074742807,10.62669607637198,10.418523825828471,10.6068696975708,2687200,0.0,0.0
2021-07-07 00:00:00-04:00,10.616783041226704,10.656434854031403,10.314437377732247,10.388784408569336,1514400,0.0,0.0
2021-07-08 00:00:00-04:00,10.121134493725805,10.378871739081402,9.893135870411621,10.259916305541992,2789800,0.0,0.0
2021-07-09 00:00:00-04:00,10.3887846449523,10.636608716964032,10.289655583371895,10.547392845153809,1285100,0.0,0.0
2021-07-12 00:00:00-04:00,10.487914455846086,10.58704446094717,10.359045827364191,10.577131271362305,1392600,0.0,0.0
2021-07-13 00:00:00-04:00,10.4879140260012,10.547392215698908,10.398697214141512,10.448262214660645,1758500,0.0,0.0
2021-07-14 00:00:00-04:00,10.438349352496484,10.55234914087402,10.319393914748163,10.349132537841797,1493600,0.0,0.0
2021-07-15 00:00:00-04:00,10.26982854930663,10.39869717198443,10.131047682864192,10.259916305541992,1896600,0.0,0.0
2021-07-16 00:00:00-04:00,10.349131665488724,10.378871231449322,10.061655812152194,10.091395378112793,1909300,0.0,0.0
2021-07-19 00:00:00-04:00,9.972440719604492,9.992266153067067,9.675051654675661,9.972440719604492,3965600,0.0,0.0
2021-07-20 00:00:00-04:00,10.022004243389393,10.458175100873706,10.00217881098032,10.25000286102295,2585600,0.0,0.0
2021-07-21 00:00:00-04:00,10.220264728020481,10.458175600538482,10.160786537204096,10.418523788452148,1481800,0.0,0.0
2021-07-22 00:00:00-04:00,10.378871739081402,10.378871739081402,10.155829710336414,10.259916305541992,1665800,0.0,0.0
2021-07-23 00:00:00-04:00,10.39869753991371,10.39869753991371,10.195481882255272,10.349132537841797,746900,0.0,0.0
2021-07-26 00:00:00-04:00,10.36895851617693,10.567217571430325,10.319393516020144,10.557304382324219,1100600,0.0,0.0
2021-07-27 00:00:00-04:00,10.448262741329463,10.48791455466876,10.190525481937138,10.3193941116333,1505900,0.0,0.0
2021-07-28 00:00:00-04:00,10.240090289582614,10.468088920963902,10.150873474927929,10.349132537841797,1074500,0.0,0.0
2021-07-29 00:00:00-04:00,10.497827529907227,10.666347969500308,10.478001150955672,10.497827529907227,897300,0.0,0.0
2021-07-30 00:00:00-04:00,10.368958278152155,10.55730413997587,10.329306468011705,10.398696899414062,1565100,0.0,0.0
2021-08-02 00:00:00-04:00,10.4185237100424,10.720868420410083,10.408610520751981,10.527565956115723,1713500,0.0,0.0
2021-08-03 00:00:00-04:00,10.587043444753514,10.616782065279871,10.299567592002184,10.53747844696045,1739000,0.0,0.0
2021-08-04 00:00:00-04:00,10.398697409722097,10.478001033894763,10.259916540106815,10.418523788452148,2652800,0.0,0.0
2021-08-05 00:00:00-04:00,10.289655400599825,10.40861083960763,9.0406218729572,9.119925498962402,7635800,0.0,0.0
2021-08-06 00:00:00-04:00,9.189316996072776,9.328097870636677,9.050535176135071,9.19922924041748,2135900,0.0,0.0
2021-08-09 00:00:00-04:00,9.149664520654472,9.367749974348902,9.025752481455745,9.06044864654541,1867900,0.0,0.0
2021-08-10 00:00:00-04:00,9.080273185503161,9.169489996185304,8.941492320329822,9.100099563598633,3400700,0.0,0.0
2021-08-11 00:00:00-04:00,8.991056697376411,9.040621699019502,8.842362637820916,9.000969886779785,1488200,0.0,0.0
2021-08-12 00:00:00-04:00,8.951404648300366,9.01683018403356,8.82253602558745,8.842362403869629,1816600,0.0,0.0
2021-08-13 00:00:00-04:00,8.882014484786476,8.882014484786476,8.67384223337063,8.703580856323242,1405100,0.0,0.0
2021-08-16 00:00:00-04:00,8.624277369786162,8.683755562018638,8.475583307265664,8.634190559387207,2018700,0.0,0.0
2021-08-17 00:00:00-04:00,8.594537669518461,8.594537669518461,8.287235448005548,8.406190872192383,3440500,0.0,0.0
2021-08-18 00:00:00-04:00,8.366539330889172,8.416104328890771,8.108803042953527,8.118715286254883,1703000,0.0,0.0
2021-08-19 00:00:00-04:00,7.989848000511548,8.326887923363604,7.821327093711769,8.05923843383789,5294700,0.0,0.0
2021-08-20 00:00:00-04:00,8.03941217305725,8.158367608515853,7.979934928014831,8.138542175292969,1229100,0.0,0.0
2021-08-23 00:00:00-04:00,8.17819366404523,8.302105689258036,8.1484550426988,8.237671852111816,1119700,0.0,0.0
2021-08-24 00:00:00-04:00,8.217846284513078,8.346714916884673,8.198020850118736,8.307063102722168,1260000,0.0,0.0
2021-08-25 00:00:00-04:00,8.316976404800258,8.430975253883547,8.227759585387654,8.386366844177246,1195000,0.0,0.0
2021-08-26 00:00:00-04:00,8.386365904217694,8.426017714470841,8.237671852111816,8.237671852111816,1349900,0.0,0.0
2021-08-27 00:00:00-04:00,8.227758841830518,8.426017897400484,8.198020219838458,8.356627464294434,1066000,0.0,0.0
2021-08-30 00:00:00-04:00,8.386366673668258,8.386366673668258,8.232716013011547,8.267411231994629,1133800,0.0,0.0
2021-08-31 00:00:00-04:00,8.307061955544683,8.520190781750948,8.277323335373064,8.485495567321777,1969100,0.0,0.0
2021-09-01 00:00:00-04:00,8.495408489985085,8.69862414393085,8.485496246050822,8.624277114868164,3377400,0.0,0.0
2021-09-02 00:00:00-04:00,8.673841859061415,8.882014101493839,8.60445142670852,8.614363670349121,1647500,0.0,0.0
2021-09-03 00:00:00-04:00,8.663928730159778,8.76305873024348,8.584625108242316,8.65401554107666,1278100,0.0,0.0
2021-09-07 00:00:00-04:00,8.624276996037088,8.713493807832528,8.535060184241647,8.544973373413086,770000,0.0,0.0
2021-09-08 00:00:00-04:00,8.48549626580816,8.515234888427726,8.336801261962808,8.47558307647705,1568500,0.0,0.0
2021-09-09 00:00:00-04:00,8.416104897770294,8.445844465805697,8.277324028433487,8.326888084411621,1117600,0.0,0.0
2021-09-10 00:00:00-04:00,8.35662695994035,8.35662695994035,8.029499301649858,8.039411544799805,1379300,0.0,0.0
2021-09-13 00:00:00-04:00,8.118715403816037,8.43593082839541,8.054281567242533,8.34671401977539,1816100,0.0,0.0
2021-09-14 00:00:00-04:00,8.38636642804704,8.38636642804704,7.920456919440598,7.940283298492432,2371700,0.0,0.0
2021-09-15 00:00:00-04:00,7.97513106513196,7.980109413055495,7.8108489069849805,7.875566005706787,2112900,0.035,0.0
2021-09-16 00:00:00-04:00,7.915391641868739,8.03984748828027,7.825783755290175,7.89547872543335,1500100,0.0,0.0
2021-09-17 00:00:00-04:00,8.233999194852641,8.28378077343929,8.014956640884943,8.26386833190918,5702900,0.0,0.0
2021-09-20 00:00:00-04:00,8.074695251080641,8.204129449743245,7.955217748358879,8.084651947021484,2270900,0.0,0.0
2021-09-21 00:00:00-04:00,8.134434197419402,8.184216725888566,7.87556580899796,7.89547872543335,2602800,0.0,0.0
2021-09-22 00:00:00-04:00,8.01495653136274,8.134434027479017,7.94526108791423,7.9850873947143555,1361000,0.0,0.0
2021-09-23 00:00:00-04:00,8.005000439437765,8.333563815907306,7.9950437432967965,8.16430377960205,1977500,0.0,0.0
2021-09-24 00:00:00-04:00,8.154347142916526,8.293738041338013,8.074695472253623,8.134434700012207,1701700,0.0,0.0
2021-09-27 00:00:00-04:00,8.134434411814752,8.472954474899963,8.084651882033494,8.283781051635742,2474100,0.0,0.0
2021-09-28 00:00:00-04:00,8.233999763102242,8.333563876669466,8.059761377456086,8.134434700012207,1320500,0.0,0.0
2021-09-29 00:00:00-04:00,8.16430377960205,8.214086310784092,8.084652109519908,8.16430377960205,1156900,0.0,0.0
2021-09-30 00:00:00-04:00,8.164303675010837,8.22304685215808,7.995043640873938,8.05478286743164,1450800,0.0,0.0
2021-10-01 00:00:00-04:00,8.044826333135738,8.154347142916526,7.950240092913892,8.134434700012207,1749100,0.0,0.0
2021-10-04 00:00:00-04:00,8.134434477202914,8.189195355354768,8.014956974481153,8.084651947021484,1242600,0.0,0.0
2021-10-05 00:00:00-04:00,8.054783017209493,8.353477256506608,8.005000485739506,8.303694725036621,3696400,0.0,0.0
2021-10-06 00:00:00-04:00,8.204129335644165,8.253911865133244,8.019935210914177,8.144391059875488,1667900,0.0,0.0
2021-10-07 00:00:00-04:00,8.233999137456395,8.46299743583151,8.04980406959241,8.12447738647461,2422200,0.0,0.0
2021-10-08 00:00:00-04:00,8.194172299600778,8.453040682576956,8.174259858345621,8.323606491088867,1561100,0.0,0.0
2021-10-11 00:00:00-04:00,8.363432152165208,8.443083814603145,8.233998912845594,8.2439546585083,939400,0.0,0.0
2021-10-12 00:00:00-04:00,8.214085522474752,8.30369388009811,8.204128827289331,8.2439546585083,926400,0.0,0.0
2021-10-13 00:00:00-04:00,8.293737969639304,8.37836798767737,8.214086299664983,8.333563804626465,1040500,0.0,0.0
2021-10-14 00:00:00-04:00,8.462997994715483,8.60238889175077,8.443084602486383,8.502823829650879,1348100,0.0,0.0
2021-10-15 00:00:00-04:00,8.562562205573677,8.592431341425101,8.403257932146422,8.443083763122559,926700,0.0,0.0
2021-10-18 00:00:00-04:00,8.413214627271133,8.497844636785763,8.333562965318862,8.443083763122559,573700,0.0,0.0
2021-10-19 00:00:00-04:00,8.462997153371981,8.492866289223405,8.343519660443572,8.443083763122559,692600,0.0,0.0
2021-10-20 00:00:00-04:00,8.413214743857836,8.647192334917367,8.413214743857836,8.552605628967285,1555300,0.0,0.0
2021-10-21 00:00:00-04:00,8.58247549952167,8.612344638342517,8.363432932615591,8.502823829650879,1987200,0.0,0.0
2021-10-22 00:00:00-04:00,8.472954301605736,8.502823439054476,8.34352010663085,8.37338924407959,578800,0.0,0.0
2021-10-25 00:00:00-04:00,8.233999633567405,8.373389580273239,8.233999633567405,8.363432884216309,836800,0.0,0.0
2021-10-26 00:00:00-04:00,8.39330269794152,8.408236792015801,8.174260139465332,8.174260139465332,598600,0.0,0.0
2021-10-27 00:00:00-04:00,8.204129277136659,8.293737639673408,8.124477610331276,8.174260139465332,774300,0.0,0.0
2021-10-28 00:00:00-04:00,8.154346360614376,8.383345603942871,8.144390614878747,8.383345603942871,1170900,0.0,0.0
2021-10-29 00:00:00-04:00,8.303694389104148,8.363432664833125,8.233999417579417,8.313651084899902,953900,0.0,0.0
2021-11-01 00:00:00-04:00,8.343519829985912,8.731822402035673,8.313650693527538,8.691995620727539,2184700,0.0,0.0
2021-11-02 00:00:00-04:00,8.662126598399775,8.682039989316218,8.482910827765494,8.632257461547852,1571300,0.0,0.0
2021-11-03 00:00:00-04:00,8.662126706322361,9.289384285164283,8.582475040709681,8.911038398742676,6265400,0.0,0.0
2021-11-04 00:00:00-04:00,8.940907424570788,9.050429175565741,8.62230076608963,8.632257461547852,2333400,0.0,0.0
2021-11-05 00:00:00-04:00,8.701952375977747,9.01060328658212,8.701952375977747,9.000646591186523,1108500,0.0,0.0
2021-11-08 00:00:00-05:00,9.159950320756252,9.159950320756252,8.771648678542382,8.960821151733398,1525300,0.0,0.0
2021-11-09 00:00:00-05:00,9.418818256884038,10.344770034682677,9.090254906605049,10.046075820922852,11752100,0.0,0.0
2021-11-10 00:00:00-05:00,9.966424392394817,9.966424392394817,8.61234417793375,8.911038398742676,4810800,0.0,0.0
2021-11-11 00:00:00-05:00,8.960821043826,8.980734435249873,8.672083514839183,8.851300239562988,1793800,0.0,0.0
2021-11-12 00:00:00-05:00,8.811474019308895,9.110167281368675,8.751734797183305,9.060385704040527,1200000,0.0,0.0
2021-11-15 00:00:00-05:00,9.100211816714856,9.179863482327535,8.871212565936336,8.911038398742676,1843900,0.0,0.0
2021-11-16 00:00:00-05:00,8.935930355779014,9.189819452663853,8.831386948659278,9.130081176757812,1491500,0.0,0.0
2021-11-17 00:00:00-05:00,9.090255285060415,9.279427756921256,8.970777784486813,9.159950256347656,1189400,0.0,0.0
2021-11-18 00:00:00-05:00,9.239602048765972,9.249558744662897,8.911038680349705,8.930952072143555,1471800,0.0,0.0
2021-11-19 00:00:00-05:00,8.901081311994922,9.149992993476603,8.87121217608348,8.9508638381958,983900,0.0,0.0
2021-11-22 00:00:00-05:00,8.901081873435219,9.015581975776204,8.6870186114579,8.821430206298828,1407100,0.0,0.0
2021-11-23 00:00:00-05:00,8.751735234935179,8.940907707003413,8.741778539162437,8.821430206298828,1175000,0.0,0.0
2021-11-24 00:00:00-05:00,8.771648626480662,9.010603627889834,8.741778539162437,8.821430206298828,1014200,0.0,0.0
2021-11-26 00:00:00-05:00,8.45304135769273,8.582475559518288,8.341529398903207,8.472954750061035,1088400,0.0,0.0
2021-11-29 00:00:00-05:00,8.682040333668242,8.721866167557982,8.383346104733807,8.453041076660156,1044200,0.0,0.0
2021-11-30 00:00:00-05:00,8.343519658584492,8.46299715148628,8.14439050374818,8.273824691772461,1866200,0.0,0.0
2021-12-01 00:00:00-05:00,8.453040916722294,8.532692582994704,8.023917398513202,8.034869194030762,1510300,0.0,0.0
2021-12-02 00:00:00-05:00,8.024913878136624,8.343520560308049,7.93032716329593,8.303694725036621,1299400,0.0,0.0
2021-12-03 00:00:00-05:00,8.253911348620449,8.333563011009428,7.955217139900417,8.074694633483887,1246100,0.0,0.0
2021-12-06 00:00:00-05:00,8.164303826825218,8.373389699380917,8.034869624812375,8.303694725036621,1151600,0.0,0.0
2021-12-07 00:00:00-05:00,8.413215131347046,8.587453508378113,8.383345993706019,8.51278018951416,1653200,0.0,0.0
2021-12-08 00:00:00-05:00,8.502823600103865,8.67208363139056,8.443084374552123,8.62230110168457,1193300,0.0,0.0
2021-12-09 00:00:00-05:00,8.482911386944583,8.682040561621562,8.433128855894637,8.502823829650879,1284100,0.0,0.0
2021-12-10 00:00:00-05:00,8.572518237991437,8.632257461215726,8.393302467364052,8.462997436523438,825300,0.0,0.0
2021-12-13 00:00:00-05:00,8.34351993891544,8.383345771220796,8.094608249626278,8.12447738647461,1844900,0.0,0.0
2021-12-14 00:00:00-05:00,8.024913505914387,8.174260143874346,7.875565918431664,8.005000114440918,2428700,0.0,0.0
2021-12-15 00:00:00-05:00,7.940000057220459,8.055000305175781,7.840000152587891,8.039999961853027,2023400,0.035,0.0
2021-12-16 00:00:00-05:00,8.029999732971191,8.210000038146973,7.90500020980835,7.960000038146973,1622900,0.0,0.0
2021-12-17 00:00:00-05:00,7.849999904632568,8.09000015258789,7.771999835968018,8.069999694824219,3452200,0.0,0.0
2021-12-20 00:00:00-05:00,7.949999809265137,8.020000457763672,7.775000095367432,8.010000228881836,1830600,0.0,0.0
2021-12-21 00:00:00-05:00,8.100000381469727,8.40999984741211,8.09000015258789,8.220000267028809,3047900,0.0,0.0
2021-12-22 00:00:00-05:00,8.199999809265137,8.390000343322754,8.135000228881836,8.350000381469727,1204500,0.0,0.0
2021-12-23 00:00:00-05:00,8.380000114440918,8.670000076293945,8.345000267028809,8.5600004196167,1793500,0.0,0.0
2021-12-27 00:00:00-05:00,8.5600004196167,8.760000228881836,8.494999885559082,8.65999984741211,1202400,0.0,0.0
2021-12-28 00:00:00-05:00,8.59000015258789,8.699999809265137,8.508999824523926,8.5600004196167,1070700,0.0,0.0
2021-12-29 00:00:00-05:00,8.539999961853027,8.579999923706055,8.390000343322754,8.4399995803833,1105300,0.0,0.0
2021-12-30 00:00:00-05:00,8.430000305175781,8.550000190734863,8.319999694824219,8.350000381469727,1638500,0.0,0.0
2021-12-31 00:00:00-05:00,8.319999694824219,8.430000305175781,8.279999732971191,8.40999984741211,793300,0.0,0.0
2022-01-03 00:00:00-05:00,8.449999809265137,8.505000114440918,8.279999732971191,8.420000076293945,1412500,0.0,0.0
2022-01-04 00:00:00-05:00,8.460000038146973,8.789999961853027,8.460000038146973,8.640000343322754,1519000,0.0,0.0
2022-01-05 00:00:00-05:00,8.770000457763672,8.970000267028809,8.550000190734863,8.640000343322754,2881500,0.0,0.0
2022-01-06 00:00:00-05:00,8.0,8.40999984741211,7.820000171661377,7.880000114440918,6031900,0.0,0.0
2022-01-07 00:00:00-05:00,7.889999866485596,7.909999847412109,7.659999847412109,7.889999866485596,2955000,0.0,0.0
2022-01-10 00:00:00-05:00,7.809999942779541,7.820000171661377,7.5,7.679999828338623,1817000,0.0,0.0
2022-01-11 00:00:00-05:00,7.619999885559082,7.940000057220459,7.570000171661377,7.929999828338623,1640200,0.0,0.0
2022-01-12 00:00:00-05:00,8.0,8.109999656677246,7.849999904632568,7.860000133514404,1073100,0.0,0.0
2022-01-13 00:00:00-05:00,7.909999847412109,8.0,7.840000152587891,7.940000057220459,1251200,0.0,0.0
2022-01-14 00:00:00-05:00,7.820000171661377,7.940000057220459,7.75,7.920000076293945,884900,0.0,0.0
2022-01-18 00:00:00-05:00,7.800000190734863,8.220000267028809,7.699999809265137,7.820000171661377,5780300,0.0,0.0
2022-01-19 00:00:00-05:00,7.820000171661377,7.880000114440918,7.639999866485596,7.659999847412109,1617400,0.0,0.0
2022-01-20 00:00:00-05:00,7.670000076293945,7.78000020980835,7.380000114440918,7.380000114440918,1948800,0.0,0.0
2022-01-21 00:00:00-05:00,7.389999866485596,7.460000038146973,7.135000228881836,7.179999828338623,2682400,0.0,0.0
2022-01-24 00:00:00-05:00,7.0,7.329999923706055,6.679999828338623,7.300000190734863,5179700,0.0,0.0
2022-01-25 00:00:00-05:00,7.159999847412109,7.385000228881836,7.045000076293945,7.340000152587891,1958600,0.0,0.0
2022-01-26 00:00:00-05:00,7.46999979019165,7.519999980926514,7.230000019073486,7.260000228881836,1853200,0.0,0.0
2022-01-27 00:00:00-05:00,7.28000020980835,7.494999885559082,7.170000076293945,7.210000038146973,2382600,0.0,0.0
2022-01-28 00:00:00-05:00,7.159999847412109,7.380000114440918,7.025000095367432,7.369999885559082,1953100,0.0,0.0
2022-01-31 00:00:00-05:00,7.210000038146973,7.619999885559082,7.199999809265137,7.590000152587891,2664600,0.0,0.0
2022-02-01 00:00:00-05:00,7.630000114440918,7.784999847412109,7.590000152587891,7.75,2722900,0.0,0.0
2022-02-02 00:00:00-05:00,7.71999979019165,7.820000171661377,7.559999942779541,7.619999885559082,1648800,0.0,0.0
2022-02-03 00:00:00-05:00,7.570000171661377,7.659999847412109,7.369999885559082,7.409999847412109,1475000,0.0,0.0
2022-02-04 00:00:00-05:00,7.300000190734863,7.360000133514404,7.045000076293945,7.300000190734863,1985800,0.0,0.0
2022-02-07 00:00:00-05:00,7.300000190734863,7.739999771118164,7.300000190734863,7.599999904632568,3697800,0.0,0.0
2022-02-08 00:00:00-05:00,7.630000114440918,7.755000114440918,7.579999923706055,7.75,1488000,0.0,0.0
2022-02-09 00:00:00-05:00,7.800000190734863,7.909999847412109,7.789999961853027,7.840000152587891,2110500,0.0,0.0
2022-02-10 00:00:00-05:00,7.690000057220459,8.039999961853027,7.659999847412109,7.75,1639900,0.0,0.0
2022-02-11 00:00:00-05:00,7.760000228881836,7.900000095367432,7.440000057220459,7.519999980926514,1860100,0.0,0.0
2022-02-14 00:00:00-05:00,7.610000133514404,7.769999980926514,7.519999980926514,7.539999961853027,1959500,0.0,0.0
2022-02-15 00:00:00-05:00,7.650000095367432,7.869999885559082,7.630000114440918,7.840000152587891,1661100,0.0,0.0
2022-02-16 00:00:00-05:00,7.820000171661377,7.920000076293945,7.755000114440918,7.909999847412109,1798600,0.0,0.0
2022-02-17 00:00:00-05:00,7.880000114440918,7.889999866485596,7.510000228881836,7.619999885559082,2024500,0.0,0.0
2022-02-18 00:00:00-05:00,7.610000133514404,7.65500020980835,7.230000019073486,7.360000133514404,2214400,0.0,0.0
2022-02-22 00:00:00-05:00,7.21999979019165,7.329999923706055,7.125,7.199999809265137,1161600,0.0,0.0
2022-02-23 00:00:00-05:00,7.25,7.304999828338623,6.96999979019165,6.96999979019165,1535900,0.0,0.0
2022-02-24 00:00:00-05:00,6.789999961853027,7.21999979019165,6.679999828338623,7.190000057220459,1625000,0.0,0.0
2022-02-25 00:00:00-05:00,7.21999979019165,7.380000114440918,7.099999904632568,7.320000171661377,1597100,0.0,0.0
2022-02-28 00:00:00-05:00,7.230000019073486,7.360000133514404,7.139999866485596,7.309999942779541,1740800,0.0,0.0
2022-03-01 00:00:00-05:00,7.639999866485596,7.849999904632568,7.289999961853027,7.46999979019165,3667800,0.0,0.0
2022-03-02 00:00:00-05:00,7.5,7.889999866485596,7.480000019073486,7.880000114440918,4584600,0.0,0.0
2022-03-03 00:00:00-05:00,7.880000114440918,8.015000343322754,7.755000114440918,7.809999942779541,2648700,0.0,0.0
2022-03-04 00:00:00-05:00,7.699999809265137,7.75,7.489999771118164,7.590000152587891,3375900,0.0,0.0
2022-03-07 00:00:00-05:00,7.659999847412109,7.800000190734863,7.284999847412109,7.320000171661377,3000300,0.0,0.0
2022-03-08 00:00:00-05:00,7.360000133514404,7.360000133514404,7.0,7.150000095367432,3896200,0.0,0.0
2022-03-09 00:00:00-05:00,7.349999904632568,7.679999828338623,7.349999904632568,7.610000133514404,3788300,0.0,0.0
2022-03-10 00:00:00-05:00,7.46999979019165,7.639999866485596,7.369999885559082,7.519999980926514,3465200,0.0,0.0
2022-03-11 00:00:00-05:00,7.605000019073486,7.710000038146973,7.494999885559082,7.639999866485596,4866300,0.0,0.0
2022-03-14 00:00:00-04:00,7.619999885559082,7.695000171661377,7.269999980926514,7.329999923706055,2407400,0.0,0.0
2022-03-15 00:00:00-04:00,7.389999866485596,7.565999984741211,7.360000133514404,7.460000038146973,2377400,0.0,0.0
2022-03-16 00:00:00-04:00,7.550000190734863,7.949999809265137,7.550000190734863,7.860000133514404,3902800,0.0,0.0
2022-03-17 00:00:00-04:00,7.75,7.920000076293945,7.71999979019165,7.820000171661377,2702600,0.0,0.0
2022-03-18 00:00:00-04:00,7.699999809265137,7.744999885559082,7.480000019073486,7.570000171661377,5077200,0.0,0.0
2022-03-21 00:00:00-04:00,7.570000171661377,7.710000038146973,7.53000020980835,7.570000171661377,2995100,0.0,0.0
2022-03-22 00:00:00-04:00,7.579999923706055,7.775000095367432,7.559999942779541,7.619999885559082,2745500,0.0,0.0
2022-03-23 00:00:00-04:00,7.53000020980835,7.550000190734863,7.369999885559082,7.409999847412109,1648000,0.0,0.0
2022-03-24 00:00:00-04:00,7.440000057220459,7.480000019073486,7.380000114440918,7.46999979019165,1099900,0.0,0.0
2022-03-25 00:00:00-04:00,7.429999828338623,7.480000019073486,7.349999904632568,7.360000133514404,1443400,0.0,0.0
2022-03-28 00:00:00-04:00,7.400000095367432,7.485000133514404,7.340000152587891,7.449999809265137,1778700,0.0,0.0
2022-03-29 00:00:00-04:00,7.630000114440918,7.954999923706055,7.579999923706055,7.849999904632568,2681400,0.0,0.0
2022-03-30 00:00:00-04:00,7.78000020980835,7.835000038146973,7.570000171661377,7.590000152587891,1676800,0.0,0.0
2022-03-31 00:00:00-04:00,7.590000152587891,7.715000152587891,7.570000171661377,7.590000152587891,1391000,0.0,0.0
2022-04-01 00:00:00-04:00,7.679999828338623,7.789999961853027,7.639999866485596,7.739999771118164,1464200,0.0,0.0
2022-04-04 00:00:00-04:00,7.75,7.78000020980835,7.554999828338623,7.730000019073486,1954400,0.0,0.0
2022-04-05 00:00:00-04:00,7.659999847412109,7.769999980926514,7.474999904632568,7.53000020980835,2603100,0.0,0.0
2022-04-06 00:00:00-04:00,7.460000038146973,7.460000038146973,7.239999771118164,7.25,2311200,0.0,0.0
2022-04-07 00:00:00-04:00,7.230000019073486,7.289999961853027,6.960000038146973,7.150000095367432,1787900,0.0,0.0
2022-04-08 00:00:00-04:00,7.110000133514404,7.190000057220459,6.985000133514404,7.099999904632568,1210500,0.0,0.0
2022-04-11 00:00:00-04:00,7.059999942779541,7.235000133514404,7.039999961853027,7.119999885559082,910400,0.0,0.0
2022-04-12 00:00:00-04:00,7.139999866485596,7.25,7.059999942779541,7.099999904632568,1245800,0.0,0.0
2022-04-13 00:00:00-04:00,7.119999885559082,7.184999942779541,7.070000171661377,7.159999847412109,1350900,0.0,0.0
2022-04-14 00:00:00-04:00,7.210000038146973,7.210000038146973,6.989999771118164,6.989999771118164,2011300,0.0,0.0
2022-04-18 00:00:00-04:00,6.989999771118164,7.019999980926514,6.840000152587891,6.880000114440918,1883800,0.0,0.0
2022-04-19 00:00:00-04:00,6.880000114440918,7.389999866485596,6.880000114440918,7.309999942779541,2824800,0.0,0.0
2022-04-20 00:00:00-04:00,7.369999885559082,7.519999980926514,7.309999942779541,7.380000114440918,1448200,0.0,0.0
2022-04-21 00:00:00-04:00,7.460000038146973,7.53000020980835,7.321000099182129,7.389999866485596,1253100,0.0,0.0
2022-04-22 00:00:00-04:00,7.289999961853027,7.320000171661377,7.039999961853027,7.079999923706055,1187800,0.0,0.0
2022-04-25 00:00:00-04:00,7.019999980926514,7.119999885559082,6.820000171661377,7.110000133514404,2641500,0.0,0.0
2022-04-26 00:00:00-04:00,7.010000228881836,7.03000020980835,6.650000095367432,6.760000228881836,1797900,0.0,0.0
2022-04-27 00:00:00-04:00,6.769999980926514,6.945000171661377,6.739999771118164,6.869999885559082,1752400,0.0,0.0
2022-04-28 00:00:00-04:00,6.900000095367432,7.074999809265137,6.789999961853027,7.010000228881836,1323700,0.0,0.0
2022-04-29 00:00:00-04:00,7.0,7.070000171661377,6.820000171661377,6.849999904632568,1380100,0.0,0.0
2022-05-02 00:00:00-04:00,6.840000152587891,6.889999866485596,6.679999828338623,6.860000133514404,1616600,0.0,0.0
2022-05-03 00:00:00-04:00,6.880000114440918,7.045000076293945,6.855000019073486,7.0,1557700,0.0,0.0
2022-05-04 00:00:00-04:00,7.019999980926514,7.260000228881836,6.875,7.25,1784700,0.0,0.0
2022-05-05 00:00:00-04:00,7.099999904632568,7.360000133514404,6.960000038146973,7.039999961853027,1729200,0.0,0.0
2022-05-06 00:00:00-04:00,7.0,7.09499979019165,6.755000114440918,7.0,2317500,0.0,0.0
2022-05-09 00:00:00-04:00,6.900000095367432,6.929999828338623,6.519999980926514,6.599999904632568,2647400,0.0,0.0
2022-05-10 00:00:00-04:00,6.670000076293945,6.815000057220459,6.474999904632568,6.739999771118164,2145500,0.0,0.0
2022-05-11 00:00:00-04:00,6.739999771118164,6.84499979019165,6.494999885559082,6.539999961853027,1719700,0.0,0.0
2022-05-12 00:00:00-04:00,6.489999771118164,6.739999771118164,6.429999828338623,6.679999828338623,2128100,0.0,0.0
2022-05-13 00:00:00-04:00,6.760000228881836,7.125,6.760000228881836,6.989999771118164,2045400,0.0,0.0
2022-05-16 00:00:00-04:00,6.909999847412109,6.974999904632568,6.809999942779541,6.860000133514404,1922900,0.0,0.0
2022-05-17 00:00:00-04:00,7.03000020980835,7.210000038146973,6.989999771118164,7.199999809265137,1410900,0.0,0.0
2022-05-18 00:00:00-04:00,7.090000152587891,7.170000076293945,6.829999923706055,6.889999866485596,1564900,0.0,0.0
2022-05-19 00:00:00-04:00,6.829999923706055,7.079999923706055,6.820000171661377,7.0,1780100,0.0,0.0
2022-05-20 00:00:00-04:00,7.090000152587891,7.105000019073486,6.699999809265137,6.96999979019165,1612400,0.0,0.0
2022-05-23 00:00:00-04:00,7.0,7.045000076293945,6.78000020980835,7.0,1563900,0.0,0.0
2022-05-24 00:00:00-04:00,6.880000114440918,6.940000057220459,6.809999942779541,6.929999828338623,1822000,0.0,0.0
2022-05-25 00:00:00-04:00,6.889999866485596,7.239999771118164,6.840000152587891,7.190000057220459,2574200,0.0,0.0
2022-05-26 00:00:00-04:00,7.199999809265137,7.46999979019165,7.179999828338623,7.349999904632568,1847200,0.0,0.0
2022-05-27 00:00:00-04:00,7.5,7.659999847412109,7.440000057220459,7.559999942779541,2065800,0.0,0.0
2022-05-31 00:00:00-04:00,7.460000038146973,7.480000019073486,7.264999866485596,7.480000019073486,2276100,0.0,0.0
2022-06-01 00:00:00-04:00,7.46999979019165,7.539999961853027,7.28000020980835,7.309999942779541,1745500,0.0,0.0
2022-06-02 00:00:00-04:00,7.329999923706055,7.539999961853027,7.300000190734863,7.539999961853027,1266500,0.0,0.0
2022-06-03 00:00:00-04:00,7.480000019073486,7.510000228881836,7.425000190734863,7.460000038146973,1197600,0.0,0.0
2022-06-06 00:00:00-04:00,7.550000190734863,7.679999828338623,7.46999979019165,7.610000133514404,2410000,0.0,0.0
2022-06-07 00:00:00-04:00,7.5,7.690000057220459,7.5,7.690000057220459,1485200,0.0,0.0
2022-06-08 00:00:00-04:00,7.650000095367432,7.65500020980835,7.360000133514404,7.369999885559082,1514300,0.0,0.0
2022-06-09 00:00:00-04:00,7.320000171661377,7.380000114440918,7.21999979019165,7.230000019073486,1294100,0.0,0.0
2022-06-10 00:00:00-04:00,7.070000171661377,7.070000171661377,6.775000095367432,6.869999885559082,2519400,0.0,0.0
2022-06-13 00:00:00-04:00,6.670000076293945,6.75,6.5,6.599999904632568,2399400,0.0,0.0
2022-06-14 00:00:00-04:00,6.619999885559082,6.650000095367432,6.389999866485596,6.400000095367432,2720000,0.0,0.0
2022-06-15 00:00:00-04:00,6.5,6.559999942779541,6.309999942779541,6.46999979019165,3895900,0.0,0.0
2022-06-16 00:00:00-04:00,6.309999942779541,6.340000152587891,6.050000190734863,6.150000095367432,3322800,0.0,0.0
2022-06-17 00:00:00-04:00,6.170000076293945,6.440000057220459,6.144999980926514,6.300000190734863,10485500,0.0,0.0
2022-06-21 00:00:00-04:00,6.409999847412109,6.550000190734863,6.329999923706055,6.349999904632568,1788300,0.0,0.0
2022-06-22 00:00:00-04:00,6.269999980926514,6.349999904632568,6.139999866485596,6.179999828338623,2748600,0.0,0.0
2022-06-23 00:00:00-04:00,6.159999847412109,6.239999771118164,6.045000076293945,6.150000095367432,2515300,0.0,0.0
2022-06-24 00:00:00-04:00,6.179999828338623,6.630000114440918,6.175000190734863,6.449999809265137,5667500,0.0,0.0
2022-06-27 00:00:00-04:00,6.449999809265137,6.630000114440918,6.400000095367432,6.590000152587891,2162500,0.0,0.0
2022-06-28 00:00:00-04:00,6.650000095367432,6.739999771118164,6.349999904632568,6.369999885559082,3871100,0.0,0.0
2022-06-29 00:00:00-04:00,6.340000152587891,6.340000152587891,6.110000133514404,6.190000057220459,2512500,0.0,0.0
2022-06-30 00:00:00-04:00,6.130000114440918,6.159999847412109,6.039999961853027,6.150000095367432,2158400,0.0,0.0
2022-07-01 00:00:00-04:00,6.119999885559082,6.309999942779541,6.099999904632568,6.289999961853027,1554600,0.0,0.0
2022-07-05 00:00:00-04:00,6.119999885559082,6.360000133514404,6.0,6.360000133514404,1500200,0.0,0.0
2022-07-06 00:00:00-04:00,6.380000114440918,6.429999828338623,6.284999847412109,6.369999885559082,1250600,0.0,0.0
2022-07-07 00:00:00-04:00,6.449999809265137,6.650000095367432,6.409999847412109,6.610000133514404,1200500,0.0,0.0
2022-07-08 00:00:00-04:00,6.650000095367432,6.679999828338623,6.485000133514404,6.650000095367432,1026600,0.0,0.0
2022-07-11 00:00:00-04:00,6.590000152587891,6.670000076293945,6.53000020980835,6.619999885559082,1529100,0.0,0.0
2022-07-12 00:00:00-04:00,6.639999866485596,6.769999980926514,6.635000228881836,6.690000057220459,1834600,0.0,0.0
2022-07-13 00:00:00-04:00,6.579999923706055,6.679999828338623,6.449999809265137,6.659999847412109,1326400,0.0,0.0
2022-07-14 00:00:00-04:00,6.590000152587891,6.65500020980835,6.53000020980835,6.590000152587891,1471200,0.0,0.0
2022-07-15 00:00:00-04:00,6.679999828338623,6.840000152587891,6.614999771118164,6.809999942779541,1301500,0.0,0.0
2022-07-18 00:00:00-04:00,6.900000095367432,7.0,6.829999923706055,6.849999904632568,1204800,0.0,0.0
2022-07-19 00:00:00-04:00,6.989999771118164,7.170000076293945,6.974999904632568,7.110000133514404,1633900,0.0,0.0
2022-07-20 00:00:00-04:00,7.059999942779541,7.25,7.034999847412109,7.21999979019165,915800,0.0,0.0
2022-07-21 00:00:00-04:00,7.159999847412109,7.230000019073486,7.074999809265137,7.21999979019165,1128000,0.0,0.0
2022-07-22 00:00:00-04:00,7.21999979019165,7.269999980926514,7.019999980926514,7.070000171661377,3381700,0.0,0.0
2022-07-25 00:00:00-04:00,7.099999904632568,7.114999771118164,6.965000152587891,7.050000190734863,1418200,0.0,0.0
2022-07-26 00:00:00-04:00,7.010000228881836,7.039999961853027,6.889999866485596,6.900000095367432,1578200,0.0,0.0
2022-07-27 00:00:00-04:00,7.010000228881836,7.179999828338623,6.909999847412109,7.170000076293945,2057500,0.0,0.0
2022-07-28 00:00:00-04:00,7.190000057220459,7.300000190734863,7.105000019073486,7.300000190734863,1187800,0.0,0.0
2022-07-29 00:00:00-04:00,7.320000171661377,7.320000171661377,7.190000057220459,7.300000190734863,1815100,0.0,0.0
2022-08-01 00:00:00-04:00,7.260000228881836,7.320000171661377,7.125,7.25,1839200,0.0,0.0
2022-08-02 00:00:00-04:00,7.239999771118164,7.28000020980835,7.179999828338623,7.199999809265137,1220800,0.0,0.0
2022-08-03 00:00:00-04:00,7.289999961853027,7.349999904632568,7.230000019073486,7.309999942779541,2301000,0.0,0.0
2022-08-04 00:00:00-04:00,7.329999923706055,7.760000228881836,7.269999980926514,7.699999809265137,3347000,0.0,0.0
2022-08-05 00:00:00-04:00,7.639999866485596,8.055000305175781,7.559999942779541,8.020000457763672,4168200,0.0,0.0
2022-08-08 00:00:00-04:00,8.010000228881836,8.350000381469727,8.0,8.0,3313900,0.0,0.0
2022-08-09 00:00:00-04:00,8.010000228881836,8.010000228881836,7.775000095367432,7.849999904632568,2600000,0.0,0.0
2022-08-10 00:00:00-04:00,7.980000019073486,8.0600004196167,7.795000076293945,7.940000057220459,2332800,0.0,0.0
2022-08-11 00:00:00-04:00,8.020000457763672,8.079999923706055,7.940000057220459,8.029999732971191,1344600,0.0,0.0
2022-08-12 00:00:00-04:00,8.079999923706055,8.270000457763672,8.031000137329102,8.25,1729800,0.0,0.0
2022-08-15 00:00:00-04:00,8.15999984741211,8.300000190734863,8.125,8.260000228881836,1229900,0.0,0.0
2022-08-16 00:00:00-04:00,8.210000038146973,8.300000190734863,8.130000114440918,8.210000038146973,1129800,0.0,0.0
2022-08-17 00:00:00-04:00,8.069999694824219,8.15999984741211,7.949999809265137,8.020000457763672,1782000,0.0,0.0
2022-08-18 00:00:00-04:00,8.029999732971191,8.029999732971191,7.889999866485596,7.960000038146973,1505500,0.0,0.0
2022-08-19 00:00:00-04:00,7.909999847412109,7.929999828338623,7.795000076293945,7.869999885559082,1336500,0.0,0.0
2022-08-22 00:00:00-04:00,7.75,7.78000020980835,7.610000133514404,7.630000114440918,1303700,0.0,0.0
2022-08-23 00:00:00-04:00,7.690000057220459,7.849999904632568,7.670000076293945,7.690000057220459,1013900,0.0,0.0
2022-08-24 00:00:00-04:00,7.659999847412109,7.769999980926514,7.630000114440918,7.659999847412109,962800,0.0,0.0
2022-08-25 00:00:00-04:00,7.690000057220459,7.855000019073486,7.679999828338623,7.820000171661377,1180700,0.0,0.0
2022-08-26 00:00:00-04:00,7.829999923706055,7.869999885559082,7.559999942779541,7.559999942779541,974700,0.0,0.0
2022-08-29 00:00:00-04:00,7.46999979019165,7.565000057220459,7.349999904632568,7.460000038146973,1097600,0.0,0.0
2022-08-30 00:00:00-04:00,7.519999980926514,7.574999809265137,7.324999809265137,7.400000095367432,1054200,0.0,0.0
2022-08-31 00:00:00-04:00,7.380000114440918,7.445000171661377,7.25,7.289999961853027,1745900,0.0,0.0
2022-09-01 00:00:00-04:00,7.25,7.269999980926514,7.139999866485596,7.239999771118164,1452100,0.0,0.0
2022-09-02 00:00:00-04:00,7.28000020980835,7.335000038146973,7.159999847412109,7.210000038146973,1376100,0.0,0.0
2022-09-06 00:00:00-04:00,8.09000015258789,8.420000076293945,7.909999847412109,8.390000343322754,14817800,0.0,0.0
2022-09-07 00:00:00-04:00,8.390000343322754,8.539999961853027,8.194999694824219,8.40999984741211,5212800,0.0,0.0
2022-09-08 00:00:00-04:00,8.319999694824219,8.359999656677246,8.15999984741211,8.1899995803833,4263200,0.0,0.0
2022-09-09 00:00:00-04:00,8.289999961853027,8.444999694824219,8.220000267028809,8.390000343322754,3544700,0.0,0.0
2022-09-12 00:00:00-04:00,8.149999618530273,8.720000267028809,8.149999618530273,8.65999984741211,4663300,0.0,0.0
2022-09-13 00:00:00-04:00,8.430000305175781,8.505000114440918,8.279999732971191,8.380000114440918,3473600,0.0,0.0
2022-09-14 00:00:00-04:00,8.359999656677246,8.404999732971191,8.210000038146973,8.260000228881836,2837700,0.0,0.0
2022-09-15 00:00:00-04:00,8.239999771118164,8.380000114440918,8.140000343322754,8.210000038146973,2505800,0.0,0.0
2022-09-16 00:00:00-04:00,8.140000343322754,8.180000305175781,8.020000457763672,8.170000076293945,4620400,0.0,0.0
2022-09-19 00:00:00-04:00,8.140000343322754,8.28499984741211,8.100000381469727,8.1899995803833,1830000,0.0,0.0
2022-09-20 00:00:00-04:00,8.140000343322754,8.274999618530273,8.010000228881836,8.029999732971191,2306500,0.0,0.0
2022-09-21 00:00:00-04:00,8.09000015258789,8.260000228881836,8.039999961853027,8.050000190734863,2071700,0.0,0.0
2022-09-22 00:00:00-04:00,8.109999656677246,8.15999984741211,7.880000114440918,7.980000019073486,3831200,0.0,0.0
2022-09-23 00:00:00-04:00,7.849999904632568,7.875,7.639999866485596,7.699999809265137,2648500,0.0,0.0
2022-09-26 00:00:00-04:00,7.659999847412109,7.789999961853027,7.489999771118164,7.539999961853027,3077600,0.0,0.0
2022-09-27 00:00:00-04:00,7.659999847412109,7.764999866485596,7.454999923706055,7.5,4010800,0.0,0.0
2022-09-28 00:00:00-04:00,7.53000020980835,7.820000171661377,7.46999979019165,7.739999771118164,3440700,0.0,0.0
2022-09-29 00:00:00-04:00,7.639999866485596,7.650000095367432,7.364999771118164,7.489999771118164,3604000,0.0,0.0
2022-09-30 00:00:00-04:00,7.480000019073486,7.579999923706055,7.369999885559082,7.489999771118164,2641800,0.0,0.0
2022-10-03 00:00:00-04:00,7.579999923706055,7.869999885559082,7.46999979019165,7.78000020980835,2530300,0.0,0.0
2022-10-04 00:00:00-04:00,7.920000076293945,8.180000305175781,7.920000076293945,8.170000076293945,2892700,0.0,0.0
2022-10-05 00:00:00-04:00,8.050000190734863,8.46500015258789,7.980000019073486,8.380000114440918,3805800,0.0,0.0
2022-10-06 00:00:00-04:00,8.350000381469727,8.5,8.329999923706055,8.420000076293945,3293900,0.0,0.0
2022-10-07 00:00:00-04:00,8.350000381469727,8.40999984741211,8.194999694824219,8.289999961853027,6684300,0.0,0.0
2022-10-10 00:00:00-04:00,8.300000190734863,8.335000038146973,8.069999694824219,8.100000381469727,6279700,0.0,0.0
2022-10-11 00:00:00-04:00,8.119999885559082,8.239999771118164,7.994999885559082,8.170000076293945,6990200,0.0,0.0
2022-10-12 00:00:00-04:00,8.170000076293945,8.270000457763672,7.989999771118164,8.210000038146973,6140900,0.0,0.0
2022-10-13 00:00:00-04:00,8.050000190734863,8.369999885559082,8.050000190734863,8.3100004196167,5439000,0.0,0.0
2022-10-14 00:00:00-04:00,8.380000114440918,8.380000114440918,8.010000228881836,8.010000228881836,5457800,0.0,0.0
2022-10-17 00:00:00-04:00,8.149999618530273,8.40999984741211,8.140000343322754,8.350000381469727,8108600,0.0,0.0
2022-10-18 00:00:00-04:00,8.529999732971191,8.59000015258789,8.354999542236328,8.579999923706055,13344300,0.0,0.0
2022-10-19 00:00:00-04:00,8.539999961853027,8.744999885559082,8.454999923706055,8.600000381469727,12812200,0.0,0.0
2022-10-20 00:00:00-04:00,8.670000076293945,8.6899995803833,8.414999961853027,8.550000190734863,26378300,0.0,0.0
2022-10-21 00:00:00-04:00,8.579999923706055,8.90999984741211,8.364999771118164,8.800000190734863,4042300,0.0,0.0
2022-10-24 00:00:00-04:00,8.800000190734863,8.859999656677246,8.5,8.529999732971191,2650100,0.0,0.0
2022-10-25 00:00:00-04:00,8.510000228881836,8.65999984741211,8.4399995803833,8.449999809265137,2297000,0.0,0.0
2022-10-26 00:00:00-04:00,8.449999809265137,8.704999923706055,8.420000076293945,8.59000015258789,4195300,0.0,0.0
2022-10-27 00:00:00-04:00,8.600000381469727,8.779999732971191,8.59000015258789,8.699999809265137,10170100,0.0,0.0
2022-10-28 00:00:00-04:00,8.630000114440918,8.744999885559082,8.550000190734863,8.699999809265137,7199000,0.0,0.0
2022-10-31 00:00:00-04:00,8.630000114440918,8.65999984741211,8.4399995803833,8.460000038146973,7441500,0.0,0.0
2022-11-01 00:00:00-04:00,8.569999694824219,8.569999694824219,8.420000076293945,8.449999809265137,6354400,0.0,0.0
2022-11-02 00:00:00-04:00,8.359999656677246,8.524999618530273,8.229999542236328,8.25,5412800,0.0,0.0
2022-11-03 00:00:00-04:00,8.300000190734863,8.449999809265137,8.204999923706055,8.260000228881836,5379900,0.0,0.0
2022-11-04 00:00:00-04:00,8.449999809265137,8.6899995803833,8.359999656677246,8.489999771118164,7415300,0.0,0.0
2022-11-07 00:00:00-05:00,8.479999542236328,8.6899995803833,8.475000381469727,8.65999984741211,14260900,0.0,0.0
2022-11-08 00:00:00-05:00,8.720000267028809,8.975000381469727,8.65999984741211,8.710000038146973,9501900,0.0,0.0
2022-11-09 00:00:00-05:00,8.699999809265137,8.725000381469727,8.550000190734863,8.619999885559082,5153900,0.0,0.0
2022-11-10 00:00:00-05:00,8.880000114440918,9.149999618530273,8.819999694824219,9.100000381469727,7978200,0.0,0.0
2022-11-11 00:00:00-05:00,9.170000076293945,9.239999771118164,8.975000381469727,9.149999618530273,6088300,0.0,0.0
2022-11-14 00:00:00-05:00,9.140000343322754,9.300000190734863,9.100000381469727,9.170000076293945,4502700,0.0,0.0
2022-11-15 00:00:00-05:00,9.279999732971191,9.520000457763672,9.149999618530273,9.25,3954700,0.0,0.0
2022-11-16 00:00:00-05:00,9.149999618530273,9.239999771118164,9.104999542236328,9.220000267028809,2636500,0.0,0.0
2022-11-17 00:00:00-05:00,9.09000015258789,9.104999542236328,8.911999702453613,8.979999542236328,2222100,0.0,0.0
2022-11-18 00:00:00-05:00,9.050000190734863,9.059000015258789,8.770000457763672,8.949999809265137,2309100,0.0,0.0
2022-11-21 00:00:00-05:00,8.899999618530273,9.020000457763672,8.880000114440918,8.960000038146973,1966600,0.0,0.0
2022-11-22 00:00:00-05:00,8.989999771118164,9.069999694824219,8.90999984741211,9.039999961853027,2603700,0.0,0.0
2022-11-23 00:00:00-05:00,9.0,9.07800006866455,8.979999542236328,9.0,2030600,0.0,0.0
2022-11-25 00:00:00-05:00,9.039999961853027,9.039999961853027,8.930000305175781,9.0,1936500,0.0,0.0
2022-11-28 00:00:00-05:00,8.9399995803833,9.114999771118164,8.895000457763672,9.09000015258789,3111200,0.0,0.0
2022-11-29 00:00:00-05:00,9.130000114440918,9.220000267028809,9.100000381469727,9.210000038146973,2603900,0.0,0.0
2022-11-30 00:00:00-05:00,9.270000457763672,9.34000015258789,9.050000190734863,9.34000015258789,3365100,0.0,0.0
2022-12-01 00:00:00-05:00,9.425000190734863,9.699999809265137,9.3149995803833,9.680000305175781,5066100,0.0,0.0
2022-12-02 00:00:00-05:00,9.579999923706055,9.824999809265137,9.510000228881836,9.75,3723000,0.0,0.0
2022-12-05 00:00:00-05:00,9.729999542236328,9.779999732971191,9.420000076293945,9.470000267028809,2215700,0.0,0.0
2022-12-06 00:00:00-05:00,9.5600004196167,9.649999618530273,9.399999618530273,9.600000381469727,3612800,0.0,0.0
2022-12-07 00:00:00-05:00,9.579999923706055,9.725000381469727,9.555000305175781,9.630000114440918,2141400,0.0,0.0
2022-12-08 00:00:00-05:00,9.720000267028809,9.960000038146973,9.720000267028809,9.819999694824219,3128100,0.0,0.0
2022-12-09 00:00:00-05:00,9.779999732971191,9.979999542236328,9.630000114440918,9.640000343322754,2815900,0.0,0.0
2022-12-12 00:00:00-05:00,9.630000114440918,9.8100004196167,9.609999656677246,9.8100004196167,2149900,0.0,0.0
2022-12-13 00:00:00-05:00,10.020000457763672,10.095000267028809,9.800000190734863,9.829999923706055,3428500,0.0,0.0
2022-12-14 00:00:00-05:00,9.789999961853027,10.0649995803833,9.729999542236328,9.859999656677246,8973500,0.0,0.0
2022-12-15 00:00:00-05:00,9.75,9.829999923706055,9.244999885559082,9.300000190734863,7262900,0.0,0.0
2022-12-16 00:00:00-05:00,9.239999771118164,9.260000228881836,9.050000190734863,9.130000114440918,7677900,0.0,0.0
2022-12-19 00:00:00-05:00,9.050000190734863,9.194999694824219,8.960000038146973,9.0,4337200,0.0,0.0
2022-12-20 00:00:00-05:00,8.989999771118164,9.109999656677246,8.944999694824219,9.020000457763672,4557000,0.0,0.0
2022-12-21 00:00:00-05:00,9.100000381469727,9.289999961853027,9.050000190734863,9.15999984741211,2167500,0.0,0.0
2022-12-22 00:00:00-05:00,9.039999961853027,9.079999923706055,8.875,9.0600004196167,2654300,0.0,0.0
2022-12-23 00:00:00-05:00,8.989999771118164,9.170000076293945,8.979999542236328,9.15999984741211,1338100,0.0,0.0
2022-12-27 00:00:00-05:00,9.130000114440918,9.140000343322754,9.010000228881836,9.109999656677246,1774400,0.0,0.0
2022-12-28 00:00:00-05:00,9.149999618530273,9.289999961853027,8.970000267028809,8.970000267028809,2837900,0.0,0.0
2022-12-29 00:00:00-05:00,9.039999961853027,9.229999542236328,9.029999732971191,9.210000038146973,1512900,0.0,0.0
2022-12-30 00:00:00-05:00,9.109999656677246,9.149999618530273,8.9399995803833,9.069999694824219,2551000,0.0,0.0
2023-01-03 00:00:00-05:00,9.15999984741211,9.204999923706055,8.859999656677246,8.949999809265137,1909300,0.0,0.0
2023-01-04 00:00:00-05:00,8.979999542236328,9.119999885559082,8.949999809265137,9.0,2419800,0.0,0.0
2023-01-05 00:00:00-05:00,8.930000305175781,9.119999885559082,8.875,9.079999923706055,2446600,0.0,0.0
2023-01-06 00:00:00-05:00,9.170000076293945,9.34000015258789,9.149999618530273,9.329999923706055,1873900,0.0,0.0
2023-01-09 00:00:00-05:00,9.350000381469727,9.510000228881836,9.350000381469727,9.40999984741211,1867800,0.0,0.0
2023-01-10 00:00:00-05:00,9.390000343322754,9.579999923706055,9.359999656677246,9.579999923706055,1458200,0.0,0.0
2023-01-11 00:00:00-05:00,9.550000190734863,9.720000267028809,9.510000228881836,9.720000267028809,1992700,0.0,0.0
2023-01-12 00:00:00-05:00,9.729999542236328,9.75,9.515000343322754,9.729999542236328,2471400,0.0,0.0
2023-01-13 00:00:00-05:00,9.640000343322754,9.84000015258789,9.600000381469727,9.789999961853027,2823100,0.0,0.0
2023-01-17 00:00:00-05:00,9.779999732971191,9.795000076293945,9.5,9.529999732971191,3360500,0.0,0.0
2023-01-18 00:00:00-05:00,9.600000381469727,9.645000457763672,9.274999618530273,9.319999694824219,2210300,0.0,0.0
2023-01-19 00:00:00-05:00,9.210000038146973,9.210000038146973,8.720000267028809,8.729999542236328,2824800,0.0,0.0
2023-01-20 00:00:00-05:00,8.720000267028809,8.819999694824219,8.5649995803833,8.779999732971191,3590000,0.0,0.0
2023-01-23 00:00:00-05:00,8.75,8.854999542236328,8.619999885559082,8.649999618530273,2422200,0.0,0.0
2023-01-24 00:00:00-05:00,8.649999618530273,8.859999656677246,8.520000457763672,8.680000305175781,2535900,0.0,0.0
2023-01-25 00:00:00-05:00,8.579999923706055,8.609999656677246,8.420000076293945,8.520000457763672,2863500,0.0,0.0
2023-01-26 00:00:00-05:00,8.510000228881836,8.6899995803833,8.475000381469727,8.579999923706055,2151900,0.0,0.0
2023-01-27 00:00:00-05:00,8.539999961853027,8.680000305175781,8.5,8.600000381469727,1680600,0.0,0.0
2023-01-30 00:00:00-05:00,8.510000228881836,8.670000076293945,8.489999771118164,8.609999656677246,1590600,0.0,0.0
2023-01-31 00:00:00-05:00,8.609999656677246,8.800000190734863,8.59000015258789,8.789999961853027,2479600,0.0,0.0
2023-02-01 00:00:00-05:00,8.75,8.829999923706055,8.579999923706055,8.789999961853027,1938300,0.0,0.0
2023-02-02 00:00:00-05:00,8.880000114440918,8.920000076293945,8.779999732971191,8.859999656677246,2389200,0.0,0.0
2023-02-03 00:00:00-05:00,8.739999771118164,8.779999732971191,8.475000381469727,8.479999542236328,2594200,0.0,0.0
2023-02-06 00:00:00-05:00,8.40999984741211,8.479999542236328,8.300000190734863,8.420000076293945,4048800,0.0,0.0
2023-02-07 00:00:00-05:00,8.449999809265137,8.609999656677246,8.345000267028809,8.5600004196167,2322400,0.0,0.0
2023-02-08 00:00:00-05:00,8.5,8.520000457763672,8.34000015258789,8.399999618530273,1446700,0.0,0.0
2023-02-09 00:00:00-05:00,8.470000267028809,8.510000228881836,8.260000228881836,8.270000457763672,1729700,0.0,0.0
2023-02-10 00:00:00-05:00,8.270000457763672,8.350000381469727,8.21500015258789,8.3100004196167,1734900,0.0,0.0
2023-02-13 00:00:00-05:00,8.319999694824219,8.399999618530273,8.300000190734863,8.34000015258789,1733600,0.0,0.0
2023-02-14 00:00:00-05:00,8.350000381469727,8.40999984741211,8.244999885559082,8.300000190734863,1668900,0.0,0.0
2023-02-15 00:00:00-05:00,8.199999809265137,8.369999885559082,8.199999809265137,8.359999656677246,1553600,0.0,0.0
2023-02-16 00:00:00-05:00,8.300000190734863,8.366000175476074,8.239999771118164,8.25,1562200,0.0,0.0
2023-02-17 00:00:00-05:00,8.25,8.425000190734863,8.204999923706055,8.369999885559082,1891600,0.0,0.0
2023-02-21 00:00:00-05:00,8.279999732971191,8.300000190734863,8.003999710083008,8.029999732971191,3709200,0.0,0.0
2023-02-22 00:00:00-05:00,8.029999732971191,8.109999656677246,7.954999923706055,8.0,1789100,0.0,0.0
2023-02-23 00:00:00-05:00,8.050000190734863,8.109999656677246,7.900000095367432,8.0600004196167,2605800,0.0,0.0
2023-02-24 00:00:00-05:00,8.010000228881836,8.010000228881836,7.739999771118164,7.920000076293945,3030900,0.0,0.0
2023-02-27 00:00:00-05:00,8.0,8.010000228881836,7.855000019073486,7.860000133514404,3113200,0.0,0.0
2023-02-28 00:00:00-05:00,7.75,7.78000020980835,7.114999771118164,7.539999961853027,6660700,0.0,0.0
2023-03-01 00:00:00-05:00,7.590000152587891,7.724999904632568,7.534999847412109,7.599999904632568,3723900,0.0,0.0
2023-03-02 00:00:00-05:00,7.510000228881836,7.65500020980835,7.409999847412109,7.579999923706055,2572200,0.0,0.0
2023-03-03 00:00:00-05:00,7.610000133514404,7.760000228881836,7.565000057220459,7.670000076293945,3071500,0.0,0.0
2023-03-06 00:00:00-05:00,7.679999828338623,7.880000114440918,7.675000190734863,7.71999979019165,3883800,0.0,0.0
2023-03-07 00:00:00-05:00,7.71999979019165,7.820000171661377,7.570000171661377,7.619999885559082,2691500,0.0,0.0
2023-03-08 00:00:00-05:00,7.619999885559082,7.800000190734863,7.59499979019165,7.78000020980835,2579200,0.0,0.0
2023-03-09 00:00:00-05:00,7.78000020980835,7.855000019073486,7.59499979019165,7.630000114440918,3229800,0.0,0.0
2023-03-10 00:00:00-05:00,7.590000152587891,7.619999885559082,7.289999961853027,7.340000152587891,2717300,0.0,0.0
2023-03-13 00:00:00-04:00,7.199999809265137,7.300000190734863,7.034999847412109,7.079999923706055,3681100,0.0,0.0
2023-03-14 00:00:00-04:00,7.21999979019165,7.260000228881836,7.039999961853027,7.119999885559082,3454800,0.0,0.0
2023-03-15 00:00:00-04:00,6.960000038146973,6.985000133514404,6.739999771118164,6.940000057220459,4945200,0.0,0.0
2023-03-16 00:00:00-04:00,6.869999885559082,7.070000171661377,6.840000152587891,7.0,3396300,0.0,0.0
2023-03-17 00:00:00-04:00,6.949999809265137,7.019999980926514,6.889999866485596,6.940000057220459,4356300,0.0,0.0
2023-03-20 00:00:00-04:00,6.980000019073486,7.130000114440918,6.965000152587891,7.039999961853027,2853200,0.0,0.0
2023-03-21 00:00:00-04:00,7.170000076293945,7.239999771118164,7.159999847412109,7.170000076293945,2447700,0.0,0.0
2023-03-22 00:00:00-04:00,7.190000057220459,7.224999904632568,7.019999980926514,7.03000020980835,2057400,0.0,0.0
2023-03-23 00:00:00-04:00,7.059999942779541,7.164999961853027,6.90500020980835,6.980000019073486,2592500,0.0,0.0
2023-03-24 00:00:00-04:00,6.940000057220459,7.130000114440918,6.860000133514404,7.110000133514404,1952700,0.0,0.0
2023-03-27 00:00:00-04:00,7.190000057220459,7.230000019073486,7.039999961853027,7.079999923706055,2180700,0.0,0.0
2023-03-28 00:00:00-04:00,7.090000152587891,7.105000019073486,6.929999828338623,7.03000020980835,5881200,0.0,0.0
2023-03-29 00:00:00-04:00,7.110000133514404,7.179999828338623,7.059999942779541,7.179999828338623,2203400,0.0,0.0
2023-03-30 00:00:00-04:00,7.25,7.289999961853027,7.139999866485596,7.159999847412109,1331200,0.0,0.0
2023-03-31 00:00:00-04:00,7.159999847412109,7.239999771118164,7.150000095367432,7.230000019073486,2798000,0.0,0.0
2023-04-03 00:00:00-04:00,7.25,7.309999942779541,7.099999904632568,7.159999847412109,2902600,0.0,0.0
2023-04-04 00:00:00-04:00,7.199999809265137,7.215000152587891,6.909999847412109,6.949999809265137,3056700,0.0,0.0
2023-04-05 00:00:00-04:00,6.929999828338623,6.954999923706055,6.800000190734863,6.909999847412109,5758500,0.0,0.0
2023-04-06 00:00:00-04:00,6.940000057220459,6.949999809265137,6.860000133514404,6.869999885559082,2004700,0.0,0.0
2023-04-10 00:00:00-04:00,6.809999942779541,7.010000228881836,6.789999961853027,6.980000019073486,2606900,0.0,0.0
2023-04-11 00:00:00-04:00,6.989999771118164,7.085000038146973,6.880000114440918,6.920000076293945,1878300,0.0,0.0
2023-04-12 00:00:00-04:00,6.949999809265137,6.974999904632568,6.760000228881836,6.800000190734863,2291400,0.0,0.0
2023-04-13 00:00:00-04:00,6.800000190734863,6.945000171661377,6.75,6.900000095367432,2521900,0.0,0.0
2023-04-14 00:00:00-04:00,6.900000095367432,7.005000114440918,6.860000133514404,6.929999828338623,2425600,0.0,0.0
2023-04-17 00:00:00-04:00,6.909999847412109,6.989999771118164,6.869999885559082,6.96999979019165,1521400,0.0,0.0
2023-04-18 00:00:00-04:00,7.019999980926514,7.085999965667725,6.960000038146973,7.010000228881836,1549600,0.0,0.0
2023-04-19 00:00:00-04:00,6.989999771118164,7.019999980926514,6.880000114440918,6.980000019073486,2206900,0.0,0.0
2023-04-20 00:00:00-04:00,6.920000076293945,7.070000171661377,6.920000076293945,6.980000019073486,1473900,0.0,0.0
2023-04-21 00:00:00-04:00,7.0,7.039999961853027,6.929999828338623,7.019999980926514,1942500,0.0,0.0
2023-04-24 00:00:00-04:00,7.0,7.03000020980835,6.784999847412109,6.820000171661377,2616300,0.0,0.0
2023-04-25 00:00:00-04:00,6.78000020980835,6.829999923706055,6.619999885559082,6.659999847412109,2593400,0.0,0.0
2023-04-26 00:00:00-04:00,6.650000095367432,6.679999828338623,6.539999961853027,6.559999942779541,2523800,0.0,0.0
2023-04-27 00:00:00-04:00,6.599999904632568,6.860000133514404,6.599999904632568,6.800000190734863,2225700,0.0,0.0
2023-04-28 00:00:00-04:00,6.75,6.840000152587891,6.630000114440918,6.699999809265137,3780000,0.0,0.0
2023-05-01 00:00:00-04:00,6.739999771118164,6.804999828338623,6.650000095367432,6.659999847412109,2190000,0.0,0.0
2023-05-02 00:00:00-04:00,6.570000171661377,6.639999866485596,5.519999980926514,5.710000038146973,7497300,0.0,0.0
2023-05-03 00:00:00-04:00,5.659999847412109,5.659999847412109,5.25,5.28000020980835,8241300,0.0,0.0
2023-05-04 00:00:00-04:00,5.25,5.260000228881836,4.889999866485596,5.130000114440918,10256500,0.0,0.0
2023-05-05 00:00:00-04:00,5.440000057220459,5.815000057220459,5.440000057220459,5.760000228881836,8220200,0.0,0.0
2023-05-08 00:00:00-04:00,5.789999961853027,5.989999771118164,5.75,5.940000057220459,6263700,0.0,0.0
2023-05-09 00:00:00-04:00,6.019999980926514,6.199999809265137,6.0,6.050000190734863,4468700,0.0,0.0
2023-05-10 00:00:00-04:00,6.090000152587891,6.210000038146973,6.03000020980835,6.110000133514404,3313200,0.0,0.0
2023-05-11 00:00:00-04:00,6.059999942779541,6.125,5.994999885559082,6.03000020980835,2754000,0.0,0.0
2023-05-12 00:00:00-04:00,6.079999923706055,6.110000133514404,5.900000095367432,6.0,2105300,0.0,0.0
2023-05-15 00:00:00-04:00,6.039999961853027,6.110000133514404,5.960000038146973,6.059999942779541,2829200,0.0,0.0
2023-05-16 00:00:00-04:00,6.0,6.050000190734863,5.880000114440918,5.929999828338623,2601700,0.0,0.0
2023-05-17 00:00:00-04:00,5.929999828338623,6.039999961853027,5.900000095367432,6.0,2870200,0.0,0.0
2023-05-18 00:00:00-04:00,5.949999809265137,6.050000190734863,5.90500020980835,6.050000190734863,2569500,0.0,0.0
2023-05-19 00:00:00-04:00,6.070000171661377,6.099999904632568,5.960000038146973,6.0,1896700,0.0,0.0
2023-05-22 00:00:00-04:00,5.989999771118164,6.139999866485596,5.980000019073486,6.119999885559082,1724700,0.0,0.0
2023-05-23 00:00:00-04:00,6.090000152587891,6.239999771118164,6.079999923706055,6.139999866485596,2536500,0.0,0.0
2023-05-24 00:00:00-04:00,6.099999904632568,6.119999885559082,6.0,6.039999961853027,3264600,0.0,0.0
2023-05-25 00:00:00-04:00,6.010000228881836,6.045000076293945,5.769999980926514,5.840000152587891,2462200,0.0,0.0
2023-05-26 00:00:00-04:00,5.880000114440918,5.909999847412109,5.820000171661377,5.829999923706055,1849100,0.0,0.0
2023-05-30 00:00:00-04:00,5.840000152587891,6.0,5.78000020980835,5.820000171661377,2565400,0.0,0.0
2023-05-31 00:00:00-04:00,5.760000228881836,5.829999923706055,5.650000095367432,5.690000057220459,3992200,0.0,0.0
2023-06-01 00:00:00-04:00,5.730000019073486,5.755000114440918,5.619999885559082,5.650000095367432,3378400,0.0,0.0
2023-06-02 00:00:00-04:00,5.769999980926514,6.079999923706055,5.739999771118164,6.03000020980835,3795800,0.0,0.0
2023-06-05 00:00:00-04:00,6.019999980926514,6.099999904632568,5.920000076293945,5.940000057220459,3274000,0.0,0.0
2023-06-06 00:00:00-04:00,5.889999866485596,6.190000057220459,5.860000133514404,6.179999828338623,3250900,0.0,0.0
2023-06-07 00:00:00-04:00,6.210000038146973,6.369999885559082,6.139999866485596,6.269999980926514,5974300,0.0,0.0
2023-06-08 00:00:00-04:00,6.230000019073486,6.28000020980835,6.150000095367432,6.159999847412109,2080700,0.0,0.0
2023-06-09 00:00:00-04:00,6.170000076293945,6.179999828338623,6.005000114440918,6.090000152587891,2241100,0.0,0.0
2023-06-12 00:00:00-04:00,6.139999866485596,6.309999942779541,6.135000228881836,6.199999809265137,2629400,0.0,0.0
2023-06-13 00:00:00-04:00,6.239999771118164,6.380000114440918,6.21999979019165,6.289999961853027,2804200,0.0,0.0
2023-06-14 00:00:00-04:00,6.269999980926514,6.315000057220459,6.105000019073486,6.119999885559082,2756700,0.0,0.0
2023-06-15 00:00:00-04:00,6.099999904632568,6.210000038146973,6.040999889373779,6.170000076293945,2637200,0.0,0.0
2023-06-16 00:00:00-04:00,6.230000019073486,6.445000171661377,6.119999885559082,6.420000076293945,20547600,0.0,0.0
2023-06-20 00:00:00-04:00,6.360000133514404,6.360000133514404,5.940000057220459,6.019999980926514,4633700,0.0,0.0
2023-06-21 00:00:00-04:00,6.050000190734863,6.159999847412109,5.980000019073486,6.110000133514404,2966800,0.0,0.0
2023-06-22 00:00:00-04:00,6.039999961853027,6.050000190734863,5.889999866485596,5.900000095367432,3236200,0.0,0.0
2023-06-23 00:00:00-04:00,5.809999942779541,5.889999866485596,5.789999961853027,5.860000133514404,4199800,0.0,0.0
2023-06-26 00:00:00-04:00,5.820000171661377,5.985000133514404,5.820000171661377,5.949999809265137,1672500,0.0,0.0
2023-06-27 00:00:00-04:00,5.960000038146973,5.980000019073486,5.864999771118164,5.889999866485596,1978300,0.0,0.0
2023-06-28 00:00:00-04:00,5.889999866485596,5.947999954223633,5.820000171661377,5.880000114440918,1676300,0.0,0.0
2023-06-29 00:00:00-04:00,5.960000038146973,6.099999904632568,5.942999839782715,5.980000019073486,2312900,0.0,0.0
2023-06-30 00:00:00-04:00,6.019999980926514,6.059999942779541,5.9730000495910645,6.03000020980835,1935500,0.0,0.0
2023-07-03 00:00:00-04:00,6.039999961853027,6.184999942779541,5.954999923706055,6.150000095367432,1640200,0.0,0.0
2023-07-05 00:00:00-04:00,6.099999904632568,6.15500020980835,6.03000020980835,6.130000114440918,2640200,0.0,0.0
2023-07-06 00:00:00-04:00,6.03000020980835,6.059999942779541,5.829999923706055,6.03000020980835,2471700,0.0,0.0
2023-07-07 00:00:00-04:00,6.070000171661377,6.295000076293945,6.054999828338623,6.199999809265137,2831800,0.0,0.0
2023-07-10 00:00:00-04:00,6.139999866485596,6.340000152587891,6.099999904632568,6.340000152587891,2226100,0.0,0.0
2023-07-11 00:00:00-04:00,6.269999980926514,6.400000095367432,6.179999828338623,6.320000171661377,3213600,0.0,0.0
2023-07-12 00:00:00-04:00,6.440000057220459,6.460000038146973,6.320000171661377,6.369999885559082,2248700,0.0,0.0
2023-07-13 00:00:00-04:00,6.389999866485596,6.639999866485596,6.340000152587891,6.559999942779541,2589600,0.0,0.0
2023-07-14 00:00:00-04:00,6.53000020980835,6.590000152587891,6.260000228881836,6.420000076293945,3241100,0.0,0.0
2023-07-17 00:00:00-04:00,6.349999904632568,6.510000228881836,6.309999942779541,6.449999809265137,2609800,0.0,0.0
2023-07-18 00:00:00-04:00,6.460000038146973,6.460000038146973,6.079999923706055,6.210000038146973,3663900,0.0,0.0
2023-07-19 00:00:00-04:00,6.25,6.385000228881836,6.239999771118164,6.349999904632568,1802700,0.0,0.0
2023-07-20 00:00:00-04:00,6.340000152587891,6.349999904632568,6.199999809265137,6.28000020980835,1369000,0.0,0.0
2023-07-21 00:00:00-04:00,6.329999923706055,6.329999923706055,6.210000038146973,6.300000190734863,1215500,0.0,0.0
2023-07-24 00:00:00-04:00,6.309999942779541,6.380000114440918,6.255000114440918,6.300000190734863,1249100,0.0,0.0
2023-07-25 00:00:00-04:00,6.300000190734863,6.369999885559082,6.239999771118164,6.329999923706055,1120600,0.0,0.0
2023-07-26 00:00:00-04:00,6.329999923706055,6.559999942779541,6.309999942779541,6.5,1899600,0.0,0.0
2023-07-27 00:00:00-04:00,6.570000171661377,6.579999923706055,6.269999980926514,6.300000190734863,1882000,0.0,0.0
2023-07-28 00:00:00-04:00,6.380000114440918,6.420000076293945,6.329999923706055,6.360000133514404,1058700,0.0,0.0
2023-07-31 00:00:00-04:00,6.389999866485596,6.420000076293945,6.309999942779541,6.380000114440918,1399200,0.0,0.0
2023-08-01 00:00:00-04:00,6.320000171661377,6.440000057220459,6.295000076293945,6.409999847412109,1542400,0.0,0.0
2023-08-02 00:00:00-04:00,6.389999866485596,6.389999866485596,6.230000019073486,6.300000190734863,1806100,0.0,0.0
2023-08-03 00:00:00-04:00,6.230000019073486,6.400000095367432,6.201000213623047,6.329999923706055,2553800,0.0,0.0
2023-08-04 00:00:00-04:00,6.369999885559082,6.400000095367432,6.275000095367432,6.340000152587891,1848400,0.0,0.0
2023-08-07 00:00:00-04:00,6.349999904632568,6.40500020980835,6.139999866485596,6.159999847412109,4034300,0.0,0.0
2023-08-08 00:00:00-04:00,6.269999980926514,6.400000095367432,5.913000106811523,6.309999942779541,4766300,0.0,0.0
2023-08-09 00:00:00-04:00,6.289999961853027,6.519999980926514,6.199999809265137,6.480000019073486,2955300,0.0,0.0
2023-08-10 00:00:00-04:00,6.550000190734863,6.800000190734863,6.510000228881836,6.710000038146973,2856400,0.0,0.0
2023-08-11 00:00:00-04:00,6.659999847412109,6.659999847412109,6.510000228881836,6.550000190734863,2303000,0.0,0.0
2023-08-14 00:00:00-04:00,6.550000190734863,6.574999809265137,6.409999847412109,6.440000057220459,2174500,0.0,0.0
2023-08-15 00:00:00-04:00,6.369999885559082,6.420000076293945,6.199999809265137,6.400000095367432,3278200,0.0,0.0
2023-08-16 00:00:00-04:00,6.369999885559082,6.510000228881836,6.329999923706055,6.429999828338623,1922300,0.0,0.0
2023-08-17 00:00:00-04:00,6.480000019073486,6.489999771118164,6.190000057220459,6.269999980926514,1711100,0.0,0.0
2023-08-18 00:00:00-04:00,6.210000038146973,6.409999847412109,6.190000057220459,6.349999904632568,1966500,0.0,0.0
2023-08-21 00:00:00-04:00,6.340000152587891,6.409999847412109,6.235000133514404,6.28000020980835,1481800,0.0,0.0
2023-08-22 00:00:00-04:00,6.320000171661377,6.429999828338623,6.260000228881836,6.300000190734863,1504400,0.0,0.0
2023-08-23 00:00:00-04:00,6.320000171661377,6.485000133514404,6.309999942779541,6.449999809265137,1729900,0.0,0.0
2023-08-24 00:00:00-04:00,6.400000095367432,6.554999828338623,6.390999794006348,6.440000057220459,1467400,0.0,0.0
2023-08-25 00:00:00-04:00,6.449999809265137,6.510000228881836,6.28000020980835,6.289999961853027,1212000,0.0,0.0
2023-08-28 00:00:00-04:00,6.300000190734863,6.510000228881836,6.289999961853027,6.480000019073486,1970200,0.0,0.0
2023-08-29 00:00:00-04:00,6.420000076293945,6.570000171661377,6.349999904632568,6.460000038146973,2048100,0.0,0.0
2023-08-30 00:00:00-04:00,6.460000038146973,6.539999961853027,6.449999809265137,6.489999771118164,1952400,0.0,0.0
2023-08-31 00:00:00-04:00,6.510000228881836,6.554999828338623,6.400000095367432,6.420000076293945,2107400,0.0,0.0
2023-09-01 00:00:00-04:00,6.480000019073486,6.525000095367432,6.409999847412109,6.429999828338623,1675500,0.0,0.0
2023-09-05 00:00:00-04:00,6.389999866485596,6.389999866485596,5.900000095367432,5.940000057220459,3300200,0.0,0.0
2023-09-06 00:00:00-04:00,5.949999809265137,6.139999866485596,5.940000057220459,6.019999980926514,2440000,0.0,0.0
2023-09-07 00:00:00-04:00,6.010000228881836,6.079999923706055,5.800000190734863,5.820000171661377,3656500,0.0,0.0
2023-09-08 00:00:00-04:00,5.840000152587891,5.925000190734863,5.78000020980835,5.840000152587891,2052100,0.0,0.0
2023-09-11 00:00:00-04:00,5.829999923706055,5.929999828338623,5.78000020980835,5.840000152587891,2511300,0.0,0.0
2023-09-12 00:00:00-04:00,5.849999904632568,5.900000095367432,5.760000228881836,5.880000114440918,1883200,0.0,0.0
2023-09-13 00:00:00-04:00,5.880000114440918,5.885000228881836,5.760000228881836,5.840000152587891,3073300,0.0,0.0
2023-09-14 00:00:00-04:00,5.849999904632568,5.886000156402588,5.802000045776367,5.880000114440918,1750200,0.0,0.0
2023-09-15 00:00:00-04:00,5.889999866485596,6.239999771118164,5.864999771118164,6.099999904632568,6990900,0.0,0.0
2023-09-18 00:00:00-04:00,6.070000171661377,6.099999904632568,6.010000228881836,6.079999923706055,1971900,0.0,0.0
2023-09-19 00:00:00-04:00,6.079999923706055,6.090000152587891,5.925000190734863,5.980000019073486,1771500,0.0,0.0
2023-09-20 00:00:00-04:00,6.019999980926514,6.079999923706055,5.929999828338623,5.940000057220459,1497200,0.0,0.0
2023-09-21 00:00:00-04:00,5.880000114440918,5.929999828338623,5.769999980926514,5.860000133514404,1704900,0.0,0.0
2023-09-22 00:00:00-04:00,5.849999904632568,5.940000057220459,5.829999923706055,5.920000076293945,1361900,0.0,0.0
2023-09-25 00:00:00-04:00,5.849999904632568,5.949999809265137,5.75,5.909999847412109,1953700,0.0,0.0
2023-09-26 00:00:00-04:00,5.849999904632568,6.050000190734863,5.840000152587891,5.849999904632568,2405100,0.0,0.0
2023-09-27 00:00:00-04:00,5.869999885559082,6.03000020980835,5.829999923706055,5.980000019073486,2880300,0.0,0.0
2023-09-28 00:00:00-04:00,5.989999771118164,6.170000076293945,5.960000038146973,6.119999885559082,1928600,0.0,0.0
2023-09-29 00:00:00-04:00,6.139999866485596,6.150000095367432,5.96999979019165,6.0,1515500,0.0,0.0
2023-10-02 00:00:00-04:00,5.989999771118164,6.070000171661377,5.929999828338623,6.019999980926514,2201900,0.0,0.0
2023-10-03 00:00:00-04:00,6.0,6.065000057220459,5.940000057220459,5.989999771118164,3087600,0.0,0.0
2023-10-04 00:00:00-04:00,6.0,6.239999771118164,5.989999771118164,6.21999979019165,2280600,0.0,0.0
2023-10-05 00:00:00-04:00,6.199999809265137,6.448999881744385,6.150000095367432,6.409999847412109,3104400,0.0,0.0
2023-10-06 00:00:00-04:00,6.369999885559082,6.510000228881836,6.320000171661377,6.449999809265137,3062500,0.0,0.0
2023-10-09 00:00:00-04:00,6.389999866485596,6.570000171661377,6.369999885559082,6.5,2750500,0.0,0.0
2023-10-10 00:00:00-04:00,6.539999961853027,6.619999885559082,6.360000133514404,6.420000076293945,2253600,0.0,0.0
2023-10-11 00:00:00-04:00,6.440000057220459,6.510000228881836,6.389999866485596,6.480000019073486,1603000,0.0,0.0
2023-10-12 00:00:00-04:00,6.46999979019165,6.46999979019165,6.25,6.340000152587891,1847600,0.0,0.0
2023-10-13 00:00:00-04:00,6.369999885559082,6.380000114440918,6.239999771118164,6.28000020980835,1396400,0.0,0.0
2023-10-16 00:00:00-04:00,6.349999904632568,6.519999980926514,6.329999923706055,6.5,1661500,0.0,0.0
2023-10-17 00:00:00-04:00,6.449999809265137,6.650000095367432,6.449999809265137,6.510000228881836,1271600,0.0,0.0
2023-10-18 00:00:00-04:00,6.449999809265137,6.4670000076293945,6.289999961853027,6.300000190734863,1175200,0.0,0.0
2023-10-19 00:00:00-04:00,6.329999923706055,6.5,6.260000228881836,6.329999923706055,1484900,0.0,0.0
2023-10-20 00:00:00-04:00,6.320000171661377,6.409999847412109,6.239999771118164,6.25,1293700,0.0,0.0
2023-10-23 00:00:00-04:00,6.199999809265137,6.309999942779541,6.079999923706055,6.090000152587891,1522200,0.0,0.0
2023-10-24 00:00:00-04:00,6.130000114440918,6.210000038146973,6.110000133514404,6.190000057220459,1290700,0.0,0.0
2023-10-25 00:00:00-04:00,6.099999904632568,6.135000228881836,5.840000152587891,5.900000095367432,2141700,0.0,0.0
2023-10-26 00:00:00-04:00,5.949999809265137,6.025000095367432,5.800000190734863,5.840000152587891,2317900,0.0,0.0
2023-10-27 00:00:00-04:00,5.840000152587891,5.885000228881836,5.670000076293945,5.690000057220459,2077600,0.0,0.0
2023-10-30 00:00:00-04:00,5.739999771118164,5.829999923706055,5.619999885559082,5.690000057220459,1985400,0.0,0.0
2023-10-31 00:00:00-04:00,5.684999942779541,5.730000019073486,5.59499979019165,5.659999847412109,2059500,0.0,0.0
2023-11-01 00:00:00-04:00,5.690000057220459,5.71999979019165,5.53000020980835,5.579999923706055,2679800,0.0,0.0
2023-11-02 00:00:00-04:00,5.710000038146973,6.630000114440918,5.664999961853027,6.5,6032500,0.0,0.0
2023-11-03 00:00:00-04:00,6.429999828338623,6.570000171661377,6.059999942779541,6.130000114440918,3494200,0.0,0.0
2023-11-06 00:00:00-05:00,6.179999828338623,6.260000228881836,6.139999866485596,6.230000019073486,2562600,0.0,0.0
2023-11-07 00:00:00-05:00,6.130000114440918,6.210000038146973,6.070000171661377,6.090000152587891,1838700,0.0,0.0
2023-11-08 00:00:00-05:00,6.170000076293945,6.170000076293945,5.820000171661377,5.889999866485596,4363800,0.0,0.0
2023-11-09 00:00:00-05:00,5.909999847412109,5.960000038146973,5.820000171661377,5.849999904632568,2212200,0.0,0.0
2023-11-10 00:00:00-05:00,5.860000133514404,5.889999866485596,5.715000152587891,5.880000114440918,2065600,0.0,0.0
2023-11-13 00:00:00-05:00,5.840000152587891,5.840000152587891,5.659999847412109,5.75,2356300,0.0,0.0
2023-11-14 00:00:00-05:00,6.010000228881836,6.25,6.0,6.139999866485596,2452100,0.0,0.0
2023-11-15 00:00:00-05:00,6.130000114440918,6.269999980926514,6.079999923706055,6.199999809265137,2468900,0.0,0.0
2023-11-16 00:00:00-05:00,6.139999866485596,6.190000057220459,5.940000057220459,5.940000057220459,1819100,0.0,0.0
2023-11-17 00:00:00-05:00,6.110000133514404,6.179999828338623,6.070000171661377,6.150000095367432,2506700,0.0,0.0
2023-11-20 00:00:00-05:00,6.130000114440918,6.179999828338623,6.059999942779541,6.090000152587891,1965600,0.0,0.0
2023-11-21 00:00:00-05:00,6.070000171661377,6.090000152587891,5.929999828338623,5.960000038146973,1449700,0.0,0.0
2023-11-22 00:00:00-05:00,5.96999979019165,6.039999961853027,5.869999885559082,5.940000057220459,1332300,0.0,0.0
2023-11-24 00:00:00-05:00,5.980000019073486,6.019999980926514,5.920000076293945,5.989999771118164,672800,0.0,0.0
2023-11-27 00:00:00-05:00,5.949999809265137,5.949999809265137,5.789999961853027,5.789999961853027,1418300,0.0,0.0
2023-11-28 00:00:00-05:00,5.730000019073486,5.809999942779541,5.630000114440918,5.78000020980835,1779100,0.0,0.0
2023-11-29 00:00:00-05:00,5.820000171661377,5.929999828338623,5.710000038146973,5.829999923706055,2750800,0.0,0.0
2023-11-30 00:00:00-05:00,5.849999904632568,5.934999942779541,5.7870001792907715,5.869999885559082,3251000,0.0,0.0
2023-12-01 00:00:00-05:00,5.889999866485596,6.210000038146973,5.869999885559082,6.179999828338623,2641100,0.0,0.0
2023-12-04 00:00:00-05:00,6.130000114440918,6.369999885559082,6.110000133514404,6.21999979019165,3462100,0.0,0.0
2023-12-05 00:00:00-05:00,6.210000038146973,6.284999847412109,6.119999885559082,6.190000057220459,2789700,0.0,0.0
2023-12-06 00:00:00-05:00,6.269999980926514,6.340000152587891,6.125,6.159999847412109,2425200,0.0,0.0
2023-12-07 00:00:00-05:00,6.150000095367432,6.300000190734863,6.045000076293945,6.269999980926514,2067600,0.0,0.0
2023-12-08 00:00:00-05:00,6.25,6.429999828338623,6.209000110626221,6.420000076293945,2156400,0.0,0.0
2023-12-11 00:00:00-05:00,6.389999866485596,6.505000114440918,6.375,6.440000057220459,1623400,0.0,0.0
2023-12-12 00:00:00-05:00,6.449999809265137,6.53000020980835,6.364999771118164,6.480000019073486,1815100,0.0,0.0
2023-12-13 00:00:00-05:00,6.369999885559082,6.704999923706055,6.235000133514404,6.670000076293945,4500100,0.0,0.0
2023-12-14 00:00:00-05:00,6.699999809265137,6.945000171661377,6.699999809265137,6.820000171661377,4203900,0.0,0.0
2023-12-15 00:00:00-05:00,6.869999885559082,6.889999866485596,6.71999979019165,6.880000114440918,6393000,0.0,0.0
2023-12-18 00:00:00-05:00,6.860000133514404,6.889999866485596,6.619999885559082,6.639999866485596,3003200,0.0,0.0
2023-12-19 00:00:00-05:00,6.699999809265137,6.855000019073486,6.664999961853027,6.760000228881836,1677200,0.0,0.0
2023-12-20 00:00:00-05:00,6.739999771118164,6.789999961853027,6.550000190734863,6.550000190734863,1484800,0.0,0.0
2023-12-21 00:00:00-05:00,6.579999923706055,6.659999847412109,6.460000038146973,6.550000190734863,2785600,0.0,0.0
2023-12-22 00:00:00-05:00,6.559999942779541,6.679999828338623,6.559999942779541,6.659999847412109,1668100,0.0,0.0
2023-12-26 00:00:00-05:00,6.679999828338623,6.760000228881836,6.619999885559082,6.71999979019165,1366400,0.0,0.0
2023-12-27 00:00:00-05:00,6.769999980926514,6.889999866485596,6.71999979019165,6.800000190734863,2138000,0.0,0.0
2023-12-28 00:00:00-05:00,6.739999771118164,6.869999885559082,6.715000152587891,6.840000152587891,1570500,0.0,0.0
2023-12-29 00:00:00-05:00,6.849999904632568,6.929999828338623,6.739999771118164,6.820000171661377,2493900,0.0,0.0
2024-01-02 00:00:00-05:00,6.75,7.039999961853027,6.659999847412109,7.010000228881836,5757600,0.0,0.0
2024-01-03 00:00:00-05:00,6.829999923706055,6.849999904632568,6.420000076293945,6.420000076293945,2988800,0.0,0.0
2024-01-04 00:00:00-05:00,6.409999847412109,6.510000228881836,6.355000019073486,6.400000095367432,2116800,0.0,0.0
2024-01-05 00:00:00-05:00,6.389999866485596,6.670000076293945,6.320000171661377,6.519999980926514,3526800,0.0,0.0
2024-01-08 00:00:00-05:00,6.5,6.735000133514404,6.494999885559082,6.659999847412109,1870400,0.0,0.0
2024-01-09 00:00:00-05:00,6.559999942779541,6.599999904632568,6.510000228881836,6.510000228881836,1287300,0.0,0.0
2024-01-10 00:00:00-05:00,6.480000019073486,6.559999942779541,6.369999885559082,6.519999980926514,1525300,0.0,0.0
2024-01-11 00:00:00-05:00,6.53000020980835,6.53000020980835,6.364999771118164,6.400000095367432,1338400,0.0,0.0
2024-01-12 00:00:00-05:00,6.449999809265137,6.480000019073486,6.284999847412109,6.309999942779541,1476600,0.0,0.0
2024-01-16 00:00:00-05:00,6.230000019073486,6.230000019073486,6.105000019073486,6.150000095367432,2030700,0.0,0.0
2024-01-17 00:00:00-05:00,6.059999942779541,6.159999847412109,6.019999980926514,6.119999885559082,1563700,0.0,0.0
2024-01-18 00:00:00-05:00,6.170000076293945,6.21999979019165,6.090000152587891,6.170000076293945,1302300,0.0,0.0
2024-01-19 00:00:00-05:00,6.179999828338623,6.289999961853027,6.099999904632568,6.269999980926514,1472000,0.0,0.0
2024-01-22 00:00:00-05:00,6.349999904632568,6.400000095367432,6.269999980926514,6.340000152587891,1961200,0.0,0.0
2024-01-23 00:00:00-05:00,6.429999828338623,6.485000133514404,6.260000228881836,6.369999885559082,1747300,0.0,0.0
2024-01-24 00:00:00-05:00,6.449999809265137,6.480000019073486,6.164999961853027,6.179999828338623,1209100,0.0,0.0
2024-01-25 00:00:00-05:00,6.449999809265137,7.019999980926514,6.440000057220459,6.760000228881836,6576300,0.0,0.0
2024-01-26 00:00:00-05:00,6.809999942779541,6.927999973297119,6.590000152587891,6.630000114440918,2871500,0.0,0.0
2024-01-29 00:00:00-05:00,6.610000133514404,6.630000114440918,6.360000133514404,6.590000152587891,3677800,0.0,0.0
2024-01-30 00:00:00-05:00,6.519999980926514,6.619999885559082,6.480000019073486,6.559999942779541,2437200,0.0,0.0
2024-01-31 00:00:00-05:00,6.559999942779541,6.75,6.449999809265137,6.53000020980835,3166000,0.0,0.0
2024-02-01 00:00:00-05:00,6.53000020980835,6.610000133514404,6.449999809265137,6.570000171661377,1406300,0.0,0.0
2024-02-02 00:00:00-05:00,6.5,6.659999847412109,6.360000133514404,6.579999923706055,2480400,0.0,0.0
2024-02-05 00:00:00-05:00,6.480000019073486,6.590000152587891,6.380000114440918,6.550000190734863,1863000,0.0,0.0
2024-02-06 00:00:00-05:00,6.570000171661377,6.619999885559082,6.519999980926514,6.590000152587891,2199500,0.0,0.0
2024-02-07 00:00:00-05:00,6.619999885559082,6.630000114440918,6.380000114440918,6.619999885559082,4434600,0.0,0.0
2024-02-08 00:00:00-05:00,6.630000114440918,6.679999828338623,6.574999809265137,6.639999866485596,1556900,0.0,0.0
2024-02-09 00:00:00-05:00,6.659999847412109,6.860000133514404,6.619999885559082,6.78000020980835,2761900,0.0,0.0
2024-02-12 00:00:00-05:00,6.809999942779541,7.005000114440918,6.809999942779541,6.989999771118164,2647300,0.0,0.0
2024-02-13 00:00:00-05:00,6.769999980926514,6.769999980926514,6.525000095367432,6.630000114440918,2994400,0.0,0.0
2024-02-14 00:00:00-05:00,6.730000019073486,6.849999904632568,6.670000076293945,6.78000020980835,2525600,0.0,0.0
2024-02-15 00:00:00-05:00,6.800000190734863,7.0,6.784999847412109,6.869999885559082,1767800,0.0,0.0
2024-02-16 00:00:00-05:00,6.800000190734863,6.929999828338623,6.800000190734863,6.829999923706055,1869400,0.0,0.0
2024-02-20 00:00:00-05:00,6.809999942779541,6.880000114440918,6.71999979019165,6.739999771118164,2085400,0.0,0.0
2024-02-21 00:00:00-05:00,6.710000038146973,6.739999771118164,6.659999847412109,6.699999809265137,1967200,0.0,0.0
2024-02-22 00:00:00-05:00,6.670000076293945,6.760000228881836,6.599999904632568,6.619999885559082,2973500,0.0,0.0
2024-02-23 00:00:00-05:00,6.630000114440918,6.769999980926514,6.599999904632568,6.739999771118164,2136100,0.0,0.0
2024-02-26 00:00:00-05:00,6.710000038146973,6.800000190734863,6.610000133514404,6.630000114440918,2834100,0.0,0.0
2024-02-27 00:00:00-05:00,6.659999847412109,6.670000076293945,6.494999885559082,6.53000020980835,3613100,0.0,0.0
2024-02-28 00:00:00-05:00,6.820000171661377,7.21999979019165,6.664999961853027,7.190000057220459,13397100,0.0,0.0
2024-02-29 00:00:00-05:00,7.300000190734863,7.599999904632568,7.139999866485596,7.260000228881836,9743400,0.0,0.0
2024-03-01 00:00:00-05:00,7.25,7.400000095367432,7.130000114440918,7.300000190734863,7588000,0.0,0.0
2024-03-04 00:00:00-05:00,7.309999942779541,7.429999828338623,7.150000095367432,7.329999923706055,5180800,0.0,0.0
2024-03-05 00:00:00-05:00,7.289999961853027,7.53000020980835,7.244999885559082,7.420000076293945,6141800,0.0,0.0
2024-03-06 00:00:00-05:00,7.449999809265137,7.550000190734863,7.429999828338623,7.46999979019165,3648300,0.0,0.0
2024-03-07 00:00:00-05:00,7.159999847412109,7.159999847412109,6.550000190734863,6.710000038146973,38118000,0.0,0.0
2024-03-08 00:00:00-05:00,6.679999828338623,6.769999980926514,6.510000228881836,6.510000228881836,10175400,0.0,0.0
2024-03-11 00:00:00-04:00,6.53000020980835,6.5929999351501465,6.494999885559082,6.550000190734863,10042400,0.0,0.0
2024-03-12 00:00:00-04:00,6.559999942779541,6.619999885559082,6.510000228881836,6.599999904632568,9920200,0.0,0.0
2024-03-13 00:00:00-04:00,6.550000190734863,6.664999961853027,6.519999980926514,6.630000114440918,10815500,0.0,0.0
2024-03-14 00:00:00-04:00,6.590000152587891,6.78000020980835,6.550000190734863,6.769999980926514,7815400,0.0,0.0
2024-03-15 00:00:00-04:00,6.699999809265137,6.869999885559082,6.119999885559082,6.260000228881836,47730800,0.0,0.0
2024-03-18 00:00:00-04:00,6.360000133514404,6.559999942779541,6.329999923706055,6.510000228881836,8332300,0.0,0.0
2024-03-19 00:00:00-04:00,6.53000020980835,6.639999866485596,6.519999980926514,6.590000152587891,8063900,0.0,0.0
2024-03-20 00:00:00-04:00,6.570000171661377,6.715000152587891,6.550000190734863,6.699999809265137,4504600,0.0,0.0
2024-03-21 00:00:00-04:00,6.75,6.760000228881836,6.619999885559082,6.639999866485596,4174200,0.0,0.0
2024-03-22 00:00:00-04:00,6.579999923706055,6.59499979019165,6.380000114440918,6.389999866485596,10990300,0.0,0.0
2024-03-25 00:00:00-04:00,6.440000057220459,6.579999923706055,6.409999847412109,6.519999980926514,4666800,0.0,0.0
2024-03-26 00:00:00-04:00,6.599999904632568,6.599999904632568,6.460000038146973,6.480000019073486,5329700,0.0,0.0
2024-03-27 00:00:00-04:00,6.519999980926514,6.739999771118164,6.519999980926514,6.730000019073486,6224600,0.0,0.0
2024-03-28 00:00:00-04:00,6.760000228881836,6.78000020980835,6.679999828338623,6.71999979019165,5910300,0.0,0.0
2024-04-01 00:00:00-04:00,6.730000019073486,6.739999771118164,6.480000019073486,6.489999771118164,9449900,0.0,0.0
2024-04-02 00:00:00-04:00,6.429999828338623,6.429999828338623,6.300000190734863,6.380000114440918,6389300,0.0,0.0
2024-04-03 00:00:00-04:00,6.340000152587891,6.449999809265137,6.324999809265137,6.380000114440918,4994400,0.0,0.0
2024-04-04 00:00:00-04:00,6.420000076293945,6.480000019073486,6.269999980926514,6.28000020980835,3328500,0.0,0.0
2024-04-05 00:00:00-04:00,6.28000020980835,6.429999828338623,6.260000228881836,6.429999828338623,5477300,0.0,0.0
2024-04-08 00:00:00-04:00,6.409999847412109,6.570000171661377,6.409999847412109,6.550000190734863,3736100,0.0,0.0
2024-04-09 00:00:00-04:00,6.53000020980835,6.650000095367432,6.53000020980835,6.650000095367432,3160800,0.0,0.0
2024-04-10 00:00:00-04:00,6.550000190734863,6.559999942779541,6.389999866485596,6.46999979019165,2759900,0.0,0.0
2024-04-11 00:00:00-04:00,6.46999979019165,6.514999866485596,6.349999904632568,6.460000038146973,2747800,0.0,0.0
2024-04-12 00:00:00-04:00,6.46999979019165,6.5,6.340000152587891,6.360000133514404,4127100,0.0,0.0
2024-04-15 00:00:00-04:00,6.360000133514404,6.460000038146973,6.199999809265137,6.230000019073486,2673500,0.0,0.0
2024-04-16 00:00:00-04:00,6.199999809265137,6.244999885559082,6.099999904632568,6.159999847412109,3137500,0.0,0.0
2024-04-17 00:00:00-04:00,6.190000057220459,6.28000020980835,6.170000076293945,6.179999828338623,3348500,0.0,0.0
2024-04-18 00:00:00-04:00,6.190000057220459,6.21999979019165,6.119999885559082,6.179999828338623,2513400,0.0,0.0
2024-04-19 00:00:00-04:00,6.170000076293945,6.235000133514404,6.15500020980835,6.190000057220459,3616200,0.0,0.0
2024-04-22 00:00:00-04:00,6.25,6.300000190734863,6.159999847412109,6.28000020980835,3145600,0.0,0.0
2024-04-23 00:00:00-04:00,6.300000190734863,6.380000114440918,6.224999904632568,6.360000133514404,2542600,0.0,0.0
2024-04-24 00:00:00-04:00,6.360000133514404,6.445000171661377,6.329999923706055,6.380000114440918,6167900,0.0,0.0
2024-04-25 00:00:00-04:00,6.440000057220459,6.659999847412109,6.25,6.329999923706055,7017400,0.0,0.0
2024-04-26 00:00:00-04:00,6.349999904632568,6.480000019073486,6.349999904632568,6.429999828338623,4339300,0.0,0.0
2024-04-29 00:00:00-04:00,6.460000038146973,6.599999904632568,6.440000057220459,6.550000190734863,4826800,0.0,0.0
2024-04-30 00:00:00-04:00,6.510000228881836,6.565000057220459,6.460000038146973,6.5,5818100,0.0,0.0
2024-05-01 00:00:00-04:00,6.510000228881836,6.619999885559082,6.420000076293945,6.5,6332900,0.0,0.0
2024-05-02 00:00:00-04:00,6.599999904632568,6.690000057220459,6.53000020980835,6.650000095367432,4165200,0.0,0.0
2024-05-03 00:00:00-04:00,6.75,6.829999923706055,6.570000171661377,6.679999828338623,4725000,0.0,0.0
2024-05-06 00:00:00-04:00,6.760000228881836,6.920000076293945,6.701000213623047,6.889999866485596,4852800,0.0,0.0
2024-05-07 00:00:00-04:00,6.900000095367432,7.010000228881836,6.885000228881836,6.909999847412109,4265200,0.0,0.0
2024-05-08 00:00:00-04:00,6.860000133514404,7.010000228881836,6.809999942779541,6.980000019073486,4690100,0.0,0.0
2024-05-09 00:00:00-04:00,6.960000038146973,7.03000020980835,6.954999923706055,7.0,3068800,0.0,0.0
2024-05-10 00:00:00-04:00,7.0,7.03000020980835,6.980000019073486,6.980000019073486,3003200,0.0,0.0
2024-05-13 00:00:00-04:00,7.0,7.099999904632568,7.0,7.059999942779541,5017600,0.0,0.0
2024-05-14 00:00:00-04:00,7.079999923706055,7.179999828338623,7.074999809265137,7.150000095367432,4789000,0.0,0.0
2024-05-15 00:00:00-04:00,7.230000019073486,7.260000228881836,7.184999942779541,7.210000038146973,4771500,0.0,0.0
2024-05-16 00:00:00-04:00,7.190000057220459,7.260000228881836,7.150000095367432,7.190000057220459,6172600,0.0,0.0
2024-05-17 00:00:00-04:00,7.210000038146973,7.215000152587891,7.130000114440918,7.179999828338623,2956800,0.0,0.0
2024-05-20 00:00:00-04:00,7.210000038146973,7.355000019073486,7.199999809265137,7.260000228881836,3301500,0.0,0.0
2024-05-21 00:00:00-04:00,7.269999980926514,7.400000095367432,7.260000228881836,7.340000152587891,2748700,0.0,0.0
2024-05-22 00:00:00-04:00,7.320000171661377,7.40500020980835,7.239999771118164,7.289999961853027,3700900,0.0,0.0
2024-05-23 00:00:00-04:00,7.309999942779541,7.340000152587891,7.159999847412109,7.199999809265137,4800200,0.0,0.0
2024-05-24 00:00:00-04:00,7.260000228881836,7.28000020980835,7.074999809265137,7.21999979019165,4310600,0.0,0.0
2024-05-28 00:00:00-04:00,7.230000019073486,7.28000020980835,7.110000133514404,7.139999866485596,3856000,0.0,0.0
2024-05-29 00:00:00-04:00,7.039999961853027,7.109000205993652,6.980000019073486,7.019999980926514,3086000,0.0,0.0
2024-05-30 00:00:00-04:00,7.070000171661377,7.119999885559082,6.989999771118164,7.070000171661377,3300900,0.0,0.0
2024-05-31 00:00:00-04:00,7.099999904632568,7.199999809265137,6.980000019073486,7.110000133514404,6669200,0.0,0.0
2024-06-03 00:00:00-04:00,7.150000095367432,7.28000020980835,7.070000171661377,7.230000019073486,4246100,0.0,0.0
2024-06-04 00:00:00-04:00,7.159999847412109,7.260000228881836,7.159999847412109,7.25,2975100,0.0,0.0
2024-06-05 00:00:00-04:00,7.289999961853027,7.389999866485596,7.224999904632568,7.349999904632568,2641400,0.0,0.0
2024-06-06 00:00:00-04:00,7.340000152587891,7.525000095367432,7.329999923706055,7.409999847412109,3295900,0.0,0.0
2024-06-07 00:00:00-04:00,7.349999904632568,7.440000057220459,7.289999961853027,7.349999904632568,3570600,0.0,0.0
2024-06-10 00:00:00-04:00,7.329999923706055,7.489999771118164,7.309999942779541,7.429999828338623,3866200,0.0,0.0
2024-06-11 00:00:00-04:00,7.389999866485596,7.420000076293945,7.340000152587891,7.380000114440918,3486100,0.0,0.0
2024-06-12 00:00:00-04:00,7.550000190734863,7.605000019073486,7.460000038146973,7.46999979019165,5385100,0.0,0.0
2024-06-13 00:00:00-04:00,7.429999828338623,7.480000019073486,7.320000171661377,7.360000133514404,3922800,0.0,0.0
2024-06-14 00:00:00-04:00,7.300000190734863,7.369999885559082,7.199999809265137,7.289999961853027,3463800,0.0,0.0
2024-06-17 00:00:00-04:00,7.289999961853027,7.364999771118164,7.119999885559082,7.170000076293945,5141300,0.0,0.0
2024-06-18 00:00:00-04:00,7.130000114440918,7.230000019073486,7.039999961853027,7.119999885559082,4867200,0.0,0.0
2024-06-20 00:00:00-04:00,7.110000133514404,7.230000019073486,7.105000019073486,7.179999828338623,3288800,0.0,0.0
2024-06-21 00:00:00-04:00,7.150000095367432,7.809999942779541,7.139999866485596,7.75,63507300,0.0,0.0
2024-06-24 00:00:00-04:00,7.610000133514404,7.840000152587891,7.460000038146973,7.78000020980835,10494400,0.0,0.0
2024-06-25 00:00:00-04:00,7.760000228881836,7.840000152587891,7.639999866485596,7.679999828338623,6788000,0.0,0.0
2024-06-26 00:00:00-04:00,7.659999847412109,7.775000095367432,7.599999904632568,7.670000076293945,8135800,0.0,0.0
2024-06-27 00:00:00-04:00,7.699999809265137,7.715000152587891,7.570000171661377,7.630000114440918,5149200,0.0,0.0
2024-06-28 00:00:00-04:00,7.659999847412109,7.699999809265137,7.570000171661377,7.599999904632568,5775800,0.0,0.0
2024-07-01 00:00:00-04:00,7.599999904632568,7.670000076293945,7.409999847412109,7.420000076293945,5301200,0.0,0.0
2024-07-02 00:00:00-04:00,7.389999866485596,7.449999809265137,7.340000152587891,7.380000114440918,4519300,0.0,0.0
2024-07-03 00:00:00-04:00,7.400000095367432,7.53000020980835,7.369999885559082,7.400000095367432,2670100,0.0,0.0
2024-07-05 00:00:00-04:00,7.380000114440918,7.400000095367432,7.260000228881836,7.360000133514404,4408600,0.0,0.0
2024-07-08 00:00:00-04:00,7.369999885559082,7.449999809265137,7.269999980926514,7.360000133514404,2415100,0.0,0.0
2024-07-09 00:00:00-04:00,7.360000133514404,7.360000133514404,7.15500020980835,7.159999847412109,4619800,0.0,0.0
2024-07-10 00:00:00-04:00,7.210000038146973,7.215000152587891,7.130000114440918,7.210000038146973,3573400,0.0,0.0
2024-07-11 00:00:00-04:00,7.28000020980835,7.409999847412109,7.28000020980835,7.320000171661377,3207000,0.0,0.0
2024-07-12 00:00:00-04:00,7.340000152587891,7.460000038146973,7.309999942779541,7.389999866485596,3208900,0.0,0.0
2024-07-15 00:00:00-04:00,7.409999847412109,7.489999771118164,7.340000152587891,7.449999809265137,3066800,0.0,0.0
2024-07-16 00:00:00-04:00,7.5,7.695000171661377,7.460000038146973,7.690000057220459,4279700,0.0,0.0
2024-07-17 00:00:00-04:00,7.670000076293945,7.800000190734863,7.599999904632568,7.739999771118164,3615700,0.0,0.0
2024-07-18 00:00:00-04:00,7.710000038146973,7.840000152587891,7.650000095367432,7.699999809265137,2665100,0.0,0.0
2024-07-19 00:00:00-04:00,7.730000019073486,7.860000133514404,7.675000190734863,7.71999979019165,2459300,0.0,0.0
2024-07-22 00:00:00-04:00,7.710000038146973,7.920000076293945,7.659999847412109,7.900000095367432,2731200,0.0,0.0
2024-07-23 00:00:00-04:00,7.829999923706055,7.880000114440918,7.741000175476074,7.820000171661377,3562000,0.0,0.0
2024-07-24 00:00:00-04:00,7.789999961853027,7.849999904632568,7.679999828338623,7.690000057220459,2751600,0.0,0.0
2024-07-25 00:00:00-04:00,7.690000057220459,7.789999961853027,7.670000076293945,7.710000038146973,4395200,0.0,0.0
2024-07-26 00:00:00-04:00,7.800000190734863,7.820000171661377,7.679999828338623,7.730000019073486,3625800,0.0,0.0
2024-07-29 00:00:00-04:00,7.730000019073486,7.75,7.659999847412109,7.739999771118164,5141900,0.0,0.0
2024-07-30 00:00:00-04:00,7.78000020980835,7.789999961853027,7.619999885559082,7.730000019073486,8236600,0.0,0.0
2024-07-31 00:00:00-04:00,7.760000228881836,7.880000114440918,7.690000057220459,7.78000020980835,8594500,0.0,0.0
2024-08-01 00:00:00-04:00,7.75,7.75,7.0,7.090000152587891,7635000,0.0,0.0
2024-08-02 00:00:00-04:00,6.869999885559082,6.949999809265137,6.699999809265137,6.929999828338623,5250100,0.0,0.0
2024-08-05 00:00:00-04:00,6.559999942779541,7.010000228881836,6.53000020980835,6.869999885559082,4454300,0.0,0.0
2024-08-06 00:00:00-04:00,6.889999866485596,7.175000190734863,6.869999885559082,7.070000171661377,4257000,0.0,0.0
2024-08-07 00:00:00-04:00,7.170000076293945,7.239999771118164,7.079999923706055,7.090000152587891,3594900,0.0,0.0
2024-08-08 00:00:00-04:00,7.150000095367432,7.269999980926514,7.130000114440918,7.260000228881836,3705400,0.0,0.0
2024-08-09 00:00:00-04:00,7.25,7.269999980926514,7.139999866485596,7.21999979019165,4177300,0.0,0.0
2024-08-12 00:00:00-04:00,7.210000038146973,7.309999942779541,7.139999866485596,7.170000076293945,3310800,0.0,0.0
2024-08-13 00:00:00-04:00,7.21999979019165,7.260000228881836,7.119999885559082,7.190000057220459,3522000,0.0,0.0
2024-08-14 00:00:00-04:00,7.190000057220459,7.239999771118164,7.099999904632568,7.179999828338623,3876400,0.0,0.0
2024-08-15 00:00:00-04:00,7.300000190734863,7.369999885559082,7.21999979019165,7.360000133514404,2948500,0.0,0.0
2024-08-16 00:00:00-04:00,7.369999885559082,7.519999980926514,7.34499979019165,7.480000019073486,3107900,0.0,0.0
2024-08-19 00:00:00-04:00,7.480000019073486,7.599999904632568,7.449999809265137,7.590000152587891,2806400,0.0,0.0
2024-08-20 00:00:00-04:00,7.579999923706055,7.619999885559082,7.349999904632568,7.369999885559082,3546900,0.0,0.0
2024-08-21 00:00:00-04:00,7.389999866485596,7.440000057220459,7.309999942779541,7.409999847412109,2787500,0.0,0.0
2024-08-22 00:00:00-04:00,7.409999847412109,7.440000057220459,7.324999809265137,7.360000133514404,2554100,0.0,0.0
2024-08-23 00:00:00-04:00,7.380000114440918,7.579999923706055,7.380000114440918,7.489999771118164,3590800,0.0,0.0
2024-08-26 00:00:00-04:00,7.539999961853027,7.539999961853027,7.364999771118164,7.409999847412109,2870400,0.0,0.0
2024-08-27 00:00:00-04:00,7.409999847412109,7.46999979019165,7.364999771118164,7.449999809265137,2378600,0.0,0.0
2024-08-28 00:00:00-04:00,7.380000114440918,7.429999828338623,7.300000190734863,7.360000133514404,2299200,0.0,0.0
2024-08-29 00:00:00-04:00,7.420000076293945,7.440000057220459,7.320000171661377,7.360000133514404,2321800,0.0,0.0
2024-08-30 00:00:00-04:00,7.420000076293945,7.420000076293945,7.215000152587891,7.289999961853027,2605800,0.0,0.0
2024-09-03 00:00:00-04:00,7.230000019073486,7.320000171661377,7.110000133514404,7.139999866485596,2640100,0.0,0.0
2024-09-04 00:00:00-04:00,7.099999904632568,7.21999979019165,7.099999904632568,7.170000076293945,4218800,0.0,0.0
2024-09-05 00:00:00-04:00,7.21999979019165,7.260000228881836,7.15500020980835,7.25,3141900,0.0,0.0
2024-09-06 00:00:00-04:00,7.25,7.28000020980835,6.985000133514404,7.010000228881836,2965900,0.0,0.0
2024-09-09 00:00:00-04:00,7.010000228881836,7.110000133514404,7.0,7.059999942779541,3508700,0.0,0.0
2024-09-10 00:00:00-04:00,7.03000020980835,7.085000038146973,6.909999847412109,7.050000190734863,3332400,0.0,0.0
2024-09-11 00:00:00-04:00,7.019999980926514,7.03000020980835,6.869999885559082,6.900000095367432,3789900,0.0,0.0
2024-09-12 00:00:00-04:00,6.900000095367432,6.949999809265137,6.860000133514404,6.920000076293945,4713900,0.0,0.0
2024-09-13 00:00:00-04:00,6.949999809265137,7.034999847412109,6.929999828338623,7.0,4418200,0.0,0.0
