Date,Open,High,Low,Close,Volume,Dividends,Stock Splits,Capital Gains
2021-10-27 00:00:00-04:00,20.020000457763672,20.030000686645508,19.959999084472656,19.959999084472656,44900,0.0,0.0,0.0
2021-10-28 00:00:00-04:00,20.020000457763672,20.049999237060547,20.010000228881836,20.049999237060547,30000,0.0,0.0,0.0
2021-10-29 00:00:00-04:00,20.190000534057617,20.190000534057617,19.989999771118164,20.06999969482422,258200,0.0,0.0,0.0
2021-11-01 00:00:00-04:00,20.09000015258789,20.09000015258789,20.049999237060547,20.08099937438965,11900,0.0,0.0,0.0
2021-11-02 00:00:00-04:00,20.1200008392334,20.139999389648438,20.1200008392334,20.1299991607666,8500,0.0,0.0,0.0
2021-11-03 00:00:00-04:00,20.1200008392334,20.209999084472656,20.118999481201172,20.200000762939453,28100,0.0,0.0,0.0
2021-11-04 00:00:00-04:00,20.204999923706055,20.280000686645508,20.200000762939453,20.239999771118164,148900,0.0,0.0,0.0
2021-11-05 00:00:00-04:00,20.290000915527344,20.290000915527344,20.229999542236328,20.25,20800,0.0,0.0,0.0
2021-11-08 00:00:00-05:00,20.270000457763672,20.280000686645508,20.229999542236328,20.229999542236328,138600,0.0,0.0,0.0
2021-11-09 00:00:00-05:00,20.219999313354492,20.219999313354492,20.17799949645996,20.200000762939453,20800,0.0,0.0,0.0
2021-11-10 00:00:00-05:00,20.18000030517578,20.209999084472656,20.110000610351562,20.149999618530273,18000,0.0,0.0,0.0
2021-11-11 00:00:00-05:00,20.170000076293945,20.170000076293945,20.139999389648438,20.14900016784668,14300,0.0,0.0,0.0
2021-11-12 00:00:00-05:00,20.200000762939453,20.239999771118164,20.167999267578125,20.219999313354492,44300,0.0,0.0,0.0
2021-11-15 00:00:00-05:00,20.270000457763672,20.270000457763672,20.18000030517578,20.219999313354492,258100,0.0,0.0,0.0
2021-11-16 00:00:00-05:00,20.219999313354492,20.290000915527344,20.219999313354492,20.260000228881836,75500,0.0,0.0,0.0
2021-11-17 00:00:00-05:00,20.260000228881836,20.260000228881836,20.200000762939453,20.2189998626709,19400,0.0,0.0,0.0
2021-11-18 00:00:00-05:00,20.23900032043457,20.260000228881836,20.15999984741211,20.23699951171875,97400,0.0,0.0,0.0
2021-11-19 00:00:00-05:00,20.229999542236328,20.25,20.200000762939453,20.200000762939453,282100,0.0,0.0,0.0
2021-11-22 00:00:00-05:00,20.270000457763672,20.290000915527344,20.190000534057617,20.200000762939453,144300,0.0,0.0,0.0
2021-11-23 00:00:00-05:00,20.190000534057617,20.200000762939453,20.1200008392334,20.19499969482422,34900,0.0,0.0,0.0
2021-11-24 00:00:00-05:00,20.170000076293945,20.229999542236328,20.163000106811523,20.218000411987305,145600,0.0,0.0,0.0
2021-11-26 00:00:00-05:00,20.040000915527344,20.049999237060547,19.902999877929688,19.920000076293945,83600,0.0,0.0,0.0
2021-11-29 00:00:00-05:00,20.079999923706055,20.1299991607666,19.996999740600586,20.104999542236328,106700,0.0,0.0,0.0
2021-11-30 00:00:00-05:00,19.969999313354492,20.049999237060547,19.829999923706055,19.829999923706055,47900,0.0,0.0,0.0
2021-12-01 00:00:00-05:00,19.985000610351562,20.09000015258789,19.690000534057617,19.690000534057617,158600,0.0,0.0,0.0
2021-12-02 00:00:00-05:00,19.700000762939453,19.920000076293945,19.700000762939453,19.84000015258789,25400,0.0,0.0,0.0
2021-12-03 00:00:00-05:00,19.792999267578125,19.792999267578125,19.6200008392334,19.704999923706055,79400,0.0,0.0,0.0
2021-12-06 00:00:00-05:00,19.84000015258789,19.950000762939453,19.756000518798828,19.8799991607666,46900,0.0,0.0,0.0
2021-12-07 00:00:00-05:00,20.0,20.170000076293945,20.0,20.110000610351562,86300,0.0,0.0,0.0
2021-12-08 00:00:00-05:00,20.18000030517578,20.209999084472656,20.1299991607666,20.209999084472656,25100,0.0,0.0,0.0
2021-12-09 00:00:00-05:00,20.18000030517578,20.200000762939453,20.100000381469727,20.139999389648438,204100,0.0,0.0,0.0
2021-12-10 00:00:00-05:00,20.209999084472656,20.25,20.136999130249023,20.209999084472656,109900,0.0,0.0,0.0
2021-12-13 00:00:00-05:00,20.209999084472656,20.209999084472656,20.110000610351562,20.110000610351562,26700,0.0,0.0,0.0
2021-12-14 00:00:00-05:00,20.040000915527344,20.09000015258789,19.972000122070312,20.020000457763672,68500,0.0,0.0,0.0
2021-12-15 00:00:00-05:00,20.079999923706055,20.219999313354492,19.979999542236328,20.200000762939453,42200,0.0,0.0,0.0
2021-12-16 00:00:00-05:00,20.25,20.25,20.09000015258789,20.1200008392334,64200,0.0,0.0,0.0
2021-12-17 00:00:00-05:00,20.049999237060547,20.09000015258789,19.950000762939453,19.969999313354492,178200,0.0,0.0,0.0
2021-12-20 00:00:00-05:00,20.200000762939453,20.200000762939453,19.7450008392334,19.8700008392334,184900,0.0,0.0,0.0
2021-12-21 00:00:00-05:00,20.0,20.15999984741211,19.94499969482422,20.049999237060547,71500,0.0,0.0,0.0
2021-12-22 00:00:00-05:00,20.09000015258789,20.209999084472656,20.089000701904297,20.180999755859375,183200,0.0,0.0,0.0
2021-12-23 00:00:00-05:00,20.22800064086914,20.290000915527344,20.21500015258789,20.2549991607666,21000,0.0,0.0,0.0
2021-12-27 00:00:00-05:00,20.253000259399414,20.3700008392334,20.250999450683594,20.3700008392334,37200,0.0,0.0,0.0
2021-12-28 00:00:00-05:00,20.399999618530273,20.402999877929688,20.360000610351562,20.37700080871582,9900,0.0,0.0,0.0
2021-12-29 00:00:00-05:00,20.399999618530273,20.43000030517578,20.3799991607666,20.420000076293945,46200,0.0,0.0,0.0
2021-12-30 00:00:00-05:00,20.43000030517578,20.43000030517578,20.34000015258789,20.34000015258789,68100,0.0,0.0,0.0
2021-12-31 00:00:00-05:00,20.389999389648438,20.399999618530273,20.31999969482422,20.31999969482422,125400,0.0,0.0,0.0
2022-01-03 00:00:00-05:00,20.378000259399414,20.450000762939453,20.378000259399414,20.420000076293945,153100,0.0,0.0,0.0
2022-01-04 00:00:00-05:00,20.424999237060547,20.459999084472656,20.385000228881836,20.429000854492188,107600,0.0,0.0,0.0
2022-01-05 00:00:00-05:00,20.420000076293945,20.440000534057617,20.200000762939453,20.200000762939453,179100,0.0,0.0,0.0
2022-01-06 00:00:00-05:00,20.260000228881836,20.260000228881836,20.15999984741211,20.17799949645996,42300,0.0,0.0,0.0
2022-01-07 00:00:00-05:00,20.216999053955078,20.216999053955078,20.139999389648438,20.18000030517578,159900,0.0,0.0,0.0
2022-01-10 00:00:00-05:00,20.110000610351562,20.190000534057617,19.950000762939453,20.18000030517578,49700,0.0,0.0,0.0
2022-01-11 00:00:00-05:00,20.100000381469727,20.290000915527344,20.100000381469727,20.270000457763672,75100,0.0,0.0,0.0
2022-01-12 00:00:00-05:00,20.329999923706055,20.3700008392334,20.257999420166016,20.299999237060547,71400,0.0,0.0,0.0
2022-01-13 00:00:00-05:00,20.350000381469727,20.350000381469727,20.139999389648438,20.139999389648438,49500,0.0,0.0,0.0
2022-01-14 00:00:00-05:00,20.06999969482422,20.158000946044922,20.04199981689453,20.139999389648438,217500,0.0,0.0,0.0
2022-01-18 00:00:00-05:00,20.059999465942383,20.059999465942383,19.93000030517578,19.93000030517578,90200,0.0,0.0,0.0
2022-01-19 00:00:00-05:00,20.020000457763672,20.030000686645508,19.799999237060547,19.799999237060547,246300,0.0,0.0,0.0
2022-01-20 00:00:00-05:00,19.889999389648438,20.0,19.684999465942383,19.690000534057617,192000,0.0,0.0,0.0
2022-01-21 00:00:00-05:00,19.65999984741211,19.690000534057617,19.40999984741211,19.440000534057617,702200,0.0,0.0,0.0
2022-01-24 00:00:00-05:00,19.299999237060547,19.510000228881836,18.889999389648438,19.489999771118164,140500,0.0,0.0,0.0
2022-01-25 00:00:00-05:00,19.28499984741211,19.451000213623047,19.114999771118164,19.290000915527344,309000,0.0,0.0,0.0
2022-01-26 00:00:00-05:00,19.48699951171875,19.6200008392334,19.200000762939453,19.299999237060547,103800,0.0,0.0,0.0
2022-01-27 00:00:00-05:00,19.5,19.5,19.18000030517578,19.209999084472656,66000,0.0,0.0,0.0
2022-01-28 00:00:00-05:00,19.141000747680664,19.510000228881836,19.110000610351562,19.489999771118164,35700,0.0,0.0,0.0
2022-01-31 00:00:00-05:00,19.559999465942383,19.780000686645508,19.549999237060547,19.739999771118164,26300,0.0,0.0,0.0
2022-02-01 00:00:00-05:00,19.809999465942383,19.889999389648438,19.729999542236328,19.868999481201172,57400,0.0,0.0,0.0
2022-02-02 00:00:00-05:00,19.88599967956543,19.989999771118164,19.8799991607666,19.979999542236328,62400,0.0,0.0,0.0
2022-02-03 00:00:00-05:00,19.84000015258789,19.84000015258789,19.65999984741211,19.670000076293945,38200,0.0,0.0,0.0
2022-02-04 00:00:00-05:00,19.719999313354492,19.84000015258789,19.559999465942383,19.739999771118164,61700,0.0,0.0,0.0
2022-02-07 00:00:00-05:00,19.780000686645508,19.799999237060547,19.670000076293945,19.670000076293945,79900,0.0,0.0,0.0
2022-02-08 00:00:00-05:00,19.65999984741211,19.81999969482422,19.65999984741211,19.780000686645508,43800,0.0,0.0,0.0
2022-02-09 00:00:00-05:00,19.899999618530273,20.0,19.899999618530273,19.979999542236328,186600,0.0,0.0,0.0
2022-02-10 00:00:00-05:00,19.81999969482422,19.959999084472656,19.690000534057617,19.75,56900,0.0,0.0,0.0
2022-02-11 00:00:00-05:00,19.75,19.780000686645508,19.469999313354492,19.511999130249023,139500,0.0,0.0,0.0
2022-02-14 00:00:00-05:00,19.5,19.510000228881836,19.344999313354492,19.43000030517578,80700,0.0,0.0,0.0
2022-02-15 00:00:00-05:00,19.6200008392334,19.670000076293945,19.600000381469727,19.649999618530273,43500,0.0,0.0,0.0
2022-02-16 00:00:00-05:00,19.6200008392334,19.75,19.558000564575195,19.690000534057617,35000,0.0,0.0,0.0
2022-02-17 00:00:00-05:00,19.59000015258789,19.59000015258789,19.3799991607666,19.3799991607666,168100,0.0,0.0,0.0
2022-02-18 00:00:00-05:00,19.399999618530273,19.43000030517578,19.25,19.290000915527344,79200,0.0,0.0,0.0
2022-02-22 00:00:00-05:00,19.360000610351562,19.360000610351562,19.079999923706055,19.200000762939453,45400,0.0,0.0,0.0
2022-02-23 00:00:00-05:00,19.309999465942383,19.309999465942383,18.950000762939453,18.959999084472656,192700,0.0,0.0,0.0
2022-02-24 00:00:00-05:00,18.649999618530273,19.190000534057617,18.6200008392334,19.190000534057617,169400,0.0,0.0,0.0
2022-02-25 00:00:00-05:00,19.209999084472656,19.424999237060547,19.190000534057617,19.40999984741211,65700,0.0,0.0,0.0
2022-02-28 00:00:00-05:00,19.290000915527344,19.420000076293945,19.219999313354492,19.389999389648438,155200,0.0,0.0,0.0
2022-03-01 00:00:00-05:00,19.389999389648438,19.40999984741211,19.1299991607666,19.190000534057617,138900,0.0,0.0,0.0
2022-03-02 00:00:00-05:00,19.270000457763672,19.440000534057617,19.229999542236328,19.40999984741211,27200,0.0,0.0,0.0
2022-03-03 00:00:00-05:00,19.5,19.510000228881836,19.270999908447266,19.350000381469727,75800,0.0,0.0,0.0
2022-03-04 00:00:00-05:00,19.229999542236328,19.260000228881836,19.100000381469727,19.2450008392334,71800,0.0,0.0,0.0
2022-03-07 00:00:00-05:00,19.18000030517578,19.18000030517578,18.860000610351562,18.860000610351562,40500,0.0,0.0,0.0
2022-03-08 00:00:00-05:00,18.850000381469727,19.072999954223633,18.739999771118164,18.739999771118164,113500,0.0,0.0,0.0
2022-03-09 00:00:00-05:00,19.030000686645508,19.149999618530273,19.030000686645508,19.082000732421875,44600,0.0,0.0,0.0
2022-03-10 00:00:00-05:00,18.979999542236328,19.059999465942383,18.889999389648438,19.059999465942383,40900,0.0,0.0,0.0
2022-03-11 00:00:00-05:00,19.149999618530273,19.149999618530273,18.8700008392334,18.8700008392334,392100,0.0,0.0,0.0
2022-03-14 00:00:00-04:00,18.93000030517578,19.009000778198242,18.75,18.799999237060547,139900,0.0,0.0,0.0
2022-03-15 00:00:00-04:00,18.899999618530273,19.059999465942383,18.889999389648438,19.059999465942383,34700,0.0,0.0,0.0
2022-03-16 00:00:00-04:00,19.200000762939453,19.319000244140625,19.048999786376953,19.319000244140625,95900,0.0,0.0,0.0
2022-03-17 00:00:00-04:00,19.31999969482422,19.520000457763672,19.31999969482422,19.520000457763672,42800,0.0,0.0,0.0
2022-03-18 00:00:00-04:00,19.43000030517578,19.670000076293945,19.413999557495117,19.63599967956543,74300,0.0,0.0,0.0
2022-03-21 00:00:00-04:00,19.700000762939453,19.700000762939453,19.558000564575195,19.649999618530273,28200,0.0,0.0,0.0
2022-03-22 00:00:00-04:00,19.683000564575195,19.809999465942383,19.683000564575195,19.795000076293945,65400,0.0,0.0,0.0
2022-03-23 00:00:00-04:00,19.759000778198242,19.760000228881836,19.64699935913086,19.64699935913086,189300,0.0,0.0,0.0
2022-03-24 00:00:00-04:00,19.670000076293945,19.790000915527344,19.66900062561035,19.790000915527344,111000,0.0,0.0,0.0
2022-03-25 00:00:00-04:00,19.81999969482422,19.84000015258789,19.7189998626709,19.819000244140625,70200,0.0,0.0,0.0
2022-03-28 00:00:00-04:00,19.850000381469727,19.91200065612793,19.774999618530273,19.91200065612793,18400,0.0,0.0,0.0
2022-03-29 00:00:00-04:00,19.979999542236328,20.110000610351562,19.950000762939453,20.065000534057617,39300,0.0,0.0,0.0
2022-03-30 00:00:00-04:00,20.079999923706055,20.09000015258789,19.959999084472656,19.989999771118164,42100,0.0,0.0,0.0
2022-03-31 00:00:00-04:00,20.010000228881836,20.010000228881836,19.829999923706055,19.829999923706055,49500,0.0,0.0,0.0
2022-04-01 00:00:00-04:00,19.809999465942383,19.84000015258789,19.733999252319336,19.829999923706055,76800,0.0,0.0,0.0
2022-04-04 00:00:00-04:00,19.8700008392334,19.959999084472656,19.8700008392334,19.959999084472656,47900,0.0,0.0,0.0
2022-04-05 00:00:00-04:00,19.905000686645508,19.920000076293945,19.775999069213867,19.790000915527344,47900,0.0,0.0,0.0
2022-04-06 00:00:00-04:00,19.709999084472656,19.739999771118164,19.542999267578125,19.690000534057617,53800,0.0,0.0,0.0
2022-04-07 00:00:00-04:00,19.65999984741211,19.799999237060547,19.59000015258789,19.75,198000,0.0,0.0,0.0
2022-04-08 00:00:00-04:00,19.8700008392334,19.8700008392334,19.641000747680664,19.700000762939453,232000,0.0,0.0,0.0
2022-04-11 00:00:00-04:00,19.6299991607666,19.639999389648438,19.485000610351562,19.485000610351562,163500,0.0,0.0,0.0
2022-04-12 00:00:00-04:00,19.600000381469727,19.610000610351562,19.399999618530273,19.430999755859375,48000,0.0,0.0,0.0
2022-04-13 00:00:00-04:00,19.475000381469727,19.594999313354492,19.450000762939453,19.594999313354492,24500,0.0,0.0,0.0
2022-04-14 00:00:00-04:00,19.56999969482422,19.56999969482422,19.440000534057617,19.440000534057617,45100,0.0,0.0,0.0
2022-04-18 00:00:00-04:00,19.3799991607666,19.489999771118164,19.360000610351562,19.440000534057617,81500,0.0,0.0,0.0
2022-04-19 00:00:00-04:00,19.440000534057617,19.68000030517578,19.440000534057617,19.670000076293945,212500,0.0,0.0,0.0
2022-04-20 00:00:00-04:00,19.68000030517578,19.68000030517578,19.56999969482422,19.6200008392334,87000,0.0,0.0,0.0
2022-04-21 00:00:00-04:00,19.68899917602539,19.700000762939453,19.399999618530273,19.420000076293945,42800,0.0,0.0,0.0
2022-04-22 00:00:00-04:00,19.399999618530273,19.399999618530273,19.049999237060547,19.049999237060547,81800,0.0,0.0,0.0
2022-04-25 00:00:00-04:00,19.0,19.139999389648438,18.81999969482422,19.139999389648438,68600,0.0,0.0,0.0
2022-04-26 00:00:00-04:00,19.059999465942383,19.059999465942383,18.768999099731445,18.770000457763672,193900,0.0,0.0,0.0
2022-04-27 00:00:00-04:00,18.788999557495117,18.93000030517578,18.676000595092773,18.799999237060547,47500,0.0,0.0,0.0
2022-04-28 00:00:00-04:00,18.90999984741211,19.139999389648438,18.760000228881836,19.049999237060547,37900,0.0,0.0,0.0
2022-04-29 00:00:00-04:00,18.979999542236328,19.0,18.59000015258789,18.600000381469727,48000,0.0,0.0,0.0
2022-05-02 00:00:00-04:00,18.649999618530273,18.709999084472656,18.399999618530273,18.649999618530273,103500,0.0,0.0,0.0
2022-05-03 00:00:00-04:00,18.68000030517578,18.825000762939453,18.67099952697754,18.780000686645508,20100,0.0,0.0,0.0
2022-05-04 00:00:00-04:00,18.799999237060547,19.1560001373291,18.700000762939453,19.1200008392334,59300,0.0,0.0,0.0
2022-05-05 00:00:00-04:00,19.059999465942383,19.059999465942383,18.559999465942383,18.639999389648438,75700,0.0,0.0,0.0
2022-05-06 00:00:00-04:00,18.700000762939453,18.700000762939453,18.450000762939453,18.639999389648438,73700,0.0,0.0,0.0
2022-05-09 00:00:00-04:00,18.450000762939453,18.450000762939453,18.18000030517578,18.219999313354492,119200,0.0,0.0,0.0
2022-05-10 00:00:00-04:00,18.420000076293945,18.420000076293945,18.090999603271484,18.229999542236328,314000,0.0,0.0,0.0
2022-05-11 00:00:00-04:00,18.229999542236328,18.39299964904785,18.0,18.0,88200,0.0,0.0,0.0
2022-05-12 00:00:00-04:00,18.079999923706055,18.11199951171875,17.81999969482422,18.0,109500,0.0,0.0,0.0
2022-05-13 00:00:00-04:00,18.1200008392334,18.360000610351562,18.1200008392334,18.350000381469727,40900,0.0,0.0,0.0
2022-05-16 00:00:00-04:00,18.309999465942383,18.395000457763672,18.235000610351562,18.31999969482422,119000,0.0,0.0,0.0
2022-05-17 00:00:00-04:00,18.43000030517578,18.549999237060547,18.350000381469727,18.514999389648438,55600,0.0,0.0,0.0
2022-05-18 00:00:00-04:00,18.399999618530273,18.40999984741211,17.989999771118164,18.049999237060547,35400,0.0,0.0,0.0
2022-05-19 00:00:00-04:00,17.920000076293945,18.06999969482422,17.920000076293945,17.981000900268555,92200,0.0,0.0,0.0
2022-05-20 00:00:00-04:00,18.040000915527344,18.06999969482422,17.687000274658203,17.979999542236328,67800,0.0,0.0,0.0
2022-05-23 00:00:00-04:00,18.059999465942383,18.229000091552734,18.030000686645508,18.200000762939453,14200,0.0,0.0,0.0
2022-05-24 00:00:00-04:00,18.100000381469727,18.149999618530273,17.889999389648438,18.110000610351562,149200,0.0,0.0,0.0
2022-05-25 00:00:00-04:00,18.100000381469727,18.25,18.075000762939453,18.200000762939453,20900,0.0,0.0,0.0
2022-05-26 00:00:00-04:00,18.270000457763672,18.510000228881836,18.270000457763672,18.479999542236328,50100,0.0,0.0,0.0
2022-05-27 00:00:00-04:00,18.59000015258789,18.770000457763672,18.53700065612793,18.770000457763672,26800,0.0,0.0,0.0
2022-05-31 00:00:00-04:00,18.75,18.799999237060547,18.600000381469727,18.709999084472656,39400,0.0,0.0,0.0
2022-06-01 00:00:00-04:00,18.700000762939453,18.700000762939453,18.518999099731445,18.610000610351562,238600,0.0,0.0,0.0
2022-06-02 00:00:00-04:00,18.56999969482422,18.84000015258789,18.53499984741211,18.84000015258789,38100,0.0,0.0,0.0
2022-06-03 00:00:00-04:00,18.690000534057617,18.700000762939453,18.562000274658203,18.610000610351562,77300,0.0,0.0,0.0
2022-06-06 00:00:00-04:00,18.760000228881836,18.790000915527344,18.638999938964844,18.68000030517578,22800,0.0,0.0,0.0
2022-06-07 00:00:00-04:00,18.600000381469727,18.799999237060547,18.559999465942383,18.799999237060547,23700,0.0,0.0,0.0
2022-06-08 00:00:00-04:00,18.860000610351562,18.860000610351562,18.6299991607666,18.655000686645508,33400,0.0,0.0,0.0
2022-06-09 00:00:00-04:00,18.6200008392334,18.635000228881836,18.3799991607666,18.420000076293945,154400,0.0,0.0,0.0
2022-06-10 00:00:00-04:00,18.18000030517578,18.18000030517578,17.979999542236328,18.010000228881836,90500,0.0,0.0,0.0
2022-06-13 00:00:00-04:00,17.770000457763672,17.780000686645508,17.450000762939453,17.489999771118164,112500,0.0,0.0,0.0
2022-06-14 00:00:00-04:00,17.459999084472656,17.520000457763672,17.344999313354492,17.440000534057617,94200,0.0,0.0,0.0
2022-06-15 00:00:00-04:00,17.600000381469727,17.839000701904297,17.43000030517578,17.6299991607666,44100,0.0,0.0,0.0
2022-06-16 00:00:00-04:00,17.329999923706055,17.329999923706055,17.16900062561035,17.209999084472656,51300,0.0,0.0,0.0
2022-06-17 00:00:00-04:00,17.270000457763672,17.350000381469727,17.110000610351562,17.290000915527344,104800,0.0,0.0,0.0
2022-06-21 00:00:00-04:00,17.510000228881836,17.6299991607666,17.5,17.59000015258789,61900,0.0,0.0,0.0
2022-06-22 00:00:00-04:00,17.3799991607666,17.670000076293945,17.3799991607666,17.600000381469727,53900,0.0,0.0,0.0
2022-06-23 00:00:00-04:00,17.590999603271484,17.729999542236328,17.540000915527344,17.700000762939453,316000,0.0,0.0,0.0
2022-06-24 00:00:00-04:00,17.770000457763672,17.979999542236328,17.770000457763672,17.979999542236328,46600,0.0,0.0,0.0
2022-06-27 00:00:00-04:00,17.969999313354492,18.030000686645508,17.924999237060547,17.940000534057617,46900,0.0,0.0,0.0
2022-06-28 00:00:00-04:00,18.020000457763672,18.07699966430664,17.690000534057617,17.690000534057617,63700,0.0,0.0,0.0
2022-06-29 00:00:00-04:00,17.670000076293945,17.780000686645508,17.670000076293945,17.75,58800,0.0,0.0,0.0
2022-06-30 00:00:00-04:00,17.530000686645508,17.729999542236328,17.5,17.649999618530273,78100,0.0,0.0,0.0
2022-07-01 00:00:00-04:00,17.649999618530273,17.790000915527344,17.540000915527344,17.790000915527344,390200,0.0,0.0,0.0
2022-07-05 00:00:00-04:00,17.6299991607666,17.799999237060547,17.510000228881836,17.75,40700,0.0,0.0,0.0
2022-07-06 00:00:00-04:00,17.829999923706055,18.100000381469727,17.739999771118164,17.790000915527344,38000,0.0,0.0,0.0
2022-07-07 00:00:00-04:00,18.0,18.059999465942383,17.899999618530273,18.020000457763672,145700,0.0,0.0,0.0
2022-07-08 00:00:00-04:00,17.94499969482422,18.079999923706055,17.94499969482422,18.045000076293945,78400,0.0,0.0,0.0
2022-07-11 00:00:00-04:00,17.979999542236328,17.979999542236328,17.889999389648438,17.920000076293945,30100,0.0,0.0,0.0
2022-07-12 00:00:00-04:00,17.90999984741211,17.950000762939453,17.756000518798828,17.770000457763672,22300,0.0,0.0,0.0
2022-07-13 00:00:00-04:00,17.67300033569336,17.850000381469727,17.6299991607666,17.809999465942383,42800,0.0,0.0,0.0
2022-07-14 00:00:00-04:00,17.5,17.75,17.5,17.709999084472656,33200,0.0,0.0,0.0
2022-07-15 00:00:00-04:00,17.90999984741211,18.010000228881836,17.84000015258789,18.0,20000,0.0,0.0,0.0
2022-07-18 00:00:00-04:00,18.1200008392334,18.1200008392334,17.790000915527344,17.864999771118164,81000,0.0,0.0,0.0
2022-07-19 00:00:00-04:00,18.059999465942383,18.190000534057617,18.05500030517578,18.149999618530273,30300,0.0,0.0,0.0
2022-07-20 00:00:00-04:00,18.15999984741211,18.299999237060547,18.15999984741211,18.290000915527344,12500,0.0,0.0,0.0
2022-07-21 00:00:00-04:00,18.190000534057617,18.329999923706055,18.079999923706055,18.31999969482422,96700,0.0,0.0,0.0
2022-07-22 00:00:00-04:00,18.40999984741211,18.40999984741211,18.190000534057617,18.270000457763672,127800,0.0,0.0,0.0
2022-07-25 00:00:00-04:00,18.309999465942383,18.309999465942383,18.18899917602539,18.290000915527344,77100,0.0,0.0,0.0
2022-07-26 00:00:00-04:00,18.239999771118164,18.239999771118164,18.086999893188477,18.15999984741211,25600,0.0,0.0,0.0
2022-07-27 00:00:00-04:00,18.260000228881836,18.479999542236328,18.2549991607666,18.459999084472656,95900,0.0,0.0,0.0
2022-07-28 00:00:00-04:00,18.44499969482422,18.610000610351562,18.351999282836914,18.600000381469727,54200,0.0,0.0,0.0
2022-07-29 00:00:00-04:00,18.638999938964844,18.760000228881836,18.604999542236328,18.739999771118164,45000,0.0,0.0,0.0
2022-08-01 00:00:00-04:00,18.6200008392334,18.770000457763672,18.6200008392334,18.676000595092773,229100,0.0,0.0,0.0
2022-08-02 00:00:00-04:00,18.670000076293945,18.68000030517578,18.565000534057617,18.6299991607666,40000,0.0,0.0,0.0
2022-08-03 00:00:00-04:00,18.690000534057617,18.832000732421875,18.674999237060547,18.799999237060547,24400,0.0,0.0,0.0
2022-08-04 00:00:00-04:00,18.729999542236328,18.809999465942383,18.729999542236328,18.799999237060547,33800,0.0,0.0,0.0
2022-08-05 00:00:00-04:00,18.700000762939453,18.790000915527344,18.690000534057617,18.780000686645508,56500,0.0,0.0,0.0
2022-08-08 00:00:00-04:00,18.836999893188477,18.8799991607666,18.729999542236328,18.780000686645508,44600,0.0,0.0,0.0
2022-08-09 00:00:00-04:00,18.719999313354492,18.760000228881836,18.68600082397461,18.729999542236328,37000,0.0,0.0,0.0
2022-08-10 00:00:00-04:00,18.850000381469727,18.950000762939453,18.850000381469727,18.950000762939453,23500,0.0,0.0,0.0
2022-08-11 00:00:00-04:00,19.030000686645508,19.040000915527344,18.90999984741211,18.950000762939453,41200,0.0,0.0,0.0
2022-08-12 00:00:00-04:00,19.007999420166016,19.1200008392334,18.96500015258789,19.1200008392334,35400,0.0,0.0,0.0
2022-08-15 00:00:00-04:00,19.06999969482422,19.149999618530273,19.06999969482422,19.149999618530273,11500,0.0,0.0,0.0
2022-08-16 00:00:00-04:00,19.040000915527344,19.200000762939453,19.040000915527344,19.145999908447266,151900,0.0,0.0,0.0
2022-08-17 00:00:00-04:00,19.09000015258789,19.139999389648438,19.030000686645508,19.110000610351562,42900,0.0,0.0,0.0
2022-08-18 00:00:00-04:00,19.062999725341797,19.1200008392334,19.040000915527344,19.059999465942383,37200,0.0,0.0,0.0
2022-08-19 00:00:00-04:00,18.99799919128418,19.030000686645508,18.94700050354004,18.950000762939453,18000,0.0,0.0,0.0
2022-08-22 00:00:00-04:00,18.860000610351562,18.8700008392334,18.68000030517578,18.700000762939453,42900,0.0,0.0,0.0
2022-08-23 00:00:00-04:00,18.670000076293945,18.760000228881836,18.670000076293945,18.729999542236328,26000,0.0,0.0,0.0
2022-08-24 00:00:00-04:00,18.6299991607666,18.790000915527344,18.6299991607666,18.770000457763672,78600,0.0,0.0,0.0
2022-08-25 00:00:00-04:00,18.790000915527344,18.90999984741211,18.709999084472656,18.90999984741211,40100,0.0,0.0,0.0
2022-08-26 00:00:00-04:00,18.93000030517578,18.93000030517578,18.479999542236328,18.5,13700,0.0,0.0,0.0
2022-08-29 00:00:00-04:00,18.344999313354492,18.459999084472656,18.329999923706055,18.3700008392334,12800,0.0,0.0,0.0
2022-08-30 00:00:00-04:00,18.405000686645508,18.405000686645508,18.19499969482422,18.270000457763672,34800,0.0,0.0,0.0
2022-08-31 00:00:00-04:00,18.299999237060547,18.31999969482422,18.170000076293945,18.190000534057617,19000,0.0,0.0,0.0
2022-09-01 00:00:00-04:00,18.110000610351562,18.170000076293945,17.979999542236328,18.170000076293945,31500,0.0,0.0,0.0
2022-09-02 00:00:00-04:00,18.360000610351562,18.365999221801758,18.010000228881836,18.100000381469727,14900,0.0,0.0,0.0
2022-09-06 00:00:00-04:00,18.09000015258789,18.1299991607666,18.006999969482422,18.006999969482422,25800,0.0,0.0,0.0
2022-09-07 00:00:00-04:00,18.049999237060547,18.290000915527344,18.049999237060547,18.280000686645508,9800,0.0,0.0,0.0
2022-09-08 00:00:00-04:00,18.209999084472656,18.31999969482422,18.204999923706055,18.31100082397461,18900,0.0,0.0,0.0
2022-09-09 00:00:00-04:00,18.40999984741211,18.531999588012695,18.40999984741211,18.489999771118164,26000,0.0,0.0,0.0
2022-09-12 00:00:00-04:00,18.6200008392334,18.660999298095703,18.59000015258789,18.6299991607666,16400,0.0,0.0,0.0
2022-09-13 00:00:00-04:00,18.350000381469727,18.350000381469727,18.049999237060547,18.049999237060547,37200,0.0,0.0,0.0
2022-09-14 00:00:00-04:00,18.100000381469727,18.200000762939453,18.040000915527344,18.170000076293945,26400,0.0,0.0,0.0
2022-09-15 00:00:00-04:00,18.059999465942383,18.149999618530273,18.010000228881836,18.030000686645508,13900,0.0,0.0,0.0
2022-09-16 00:00:00-04:00,17.844999313354492,17.959999084472656,17.81999969482422,17.959999084472656,11300,0.0,0.0,0.0
2022-09-19 00:00:00-04:00,17.809999465942383,18.040000915527344,17.809999465942383,17.979999542236328,22200,0.0,0.0,0.0
2022-09-20 00:00:00-04:00,17.860000610351562,17.924999237060547,17.80500030517578,17.88800048828125,5400,0.0,0.0,0.0
2022-09-21 00:00:00-04:00,17.989999771118164,18.05500030517578,17.649999618530273,17.649999618530273,144400,0.0,0.0,0.0
2022-09-22 00:00:00-04:00,17.549999237060547,17.549999237060547,17.489999771118164,17.5,52200,0.0,0.0,0.0
2022-09-23 00:00:00-04:00,17.34000015258789,17.34000015258789,17.115999221801758,17.280000686645508,35800,0.0,0.0,0.0
2022-09-26 00:00:00-04:00,17.239999771118164,17.309999465942383,17.09000015258789,17.1299991607666,42200,0.0,0.0,0.0
2022-09-27 00:00:00-04:00,17.334999084472656,17.334999084472656,16.99799919128418,17.1200008392334,61200,0.0,0.0,0.0
2022-09-28 00:00:00-04:00,17.225000381469727,17.459999084472656,17.200000762939453,17.3799991607666,9700,0.0,0.0,0.0
2022-09-29 00:00:00-04:00,17.209999084472656,17.209999084472656,16.989999771118164,17.076000213623047,28300,0.0,0.0,0.0
2022-09-30 00:00:00-04:00,17.030000686645508,17.12700080871582,16.8700008392334,16.8700008392334,20000,0.0,0.0,0.0
2022-10-03 00:00:00-04:00,17.16200065612793,17.31999969482422,17.110000610351562,17.259000778198242,97200,0.0,0.0,0.0
2022-10-04 00:00:00-04:00,17.510000228881836,17.639999389648438,17.510000228881836,17.600000381469727,21700,0.0,0.0,0.0
2022-10-05 00:00:00-04:00,17.43000030517578,17.690000534057617,17.43000030517578,17.6200008392334,19600,0.0,0.0,0.0
2022-10-06 00:00:00-04:00,17.510000228881836,17.6299991607666,17.46500015258789,17.479999542236328,37700,0.0,0.0,0.0
2022-10-07 00:00:00-04:00,17.299999237060547,17.299999237060547,17.020000457763672,17.06999969482422,51700,0.0,0.0,0.0
2022-10-10 00:00:00-04:00,17.110000610351562,17.110000610351562,16.889999389648438,17.0,27600,0.0,0.0,0.0
2022-10-11 00:00:00-04:00,16.889999389648438,17.09000015258789,16.809999465942383,16.920000076293945,201800,0.0,0.0,0.0
2022-10-12 00:00:00-04:00,16.899999618530273,16.979999542236328,16.829999923706055,16.829999923706055,49400,0.0,0.0,0.0
2022-10-13 00:00:00-04:00,16.549999237060547,17.290000915527344,16.549999237060547,17.18000030517578,52300,0.0,0.0,0.0
2022-10-14 00:00:00-04:00,17.280000686645508,17.280000686645508,16.8799991607666,16.899999618530273,27800,0.0,0.0,0.0
2022-10-17 00:00:00-04:00,17.226999282836914,17.299999237060547,17.15999984741211,17.270000457763672,35200,0.0,0.0,0.0
2022-10-18 00:00:00-04:00,17.540000915527344,17.540000915527344,17.291000366210938,17.374000549316406,5300,0.0,0.0,0.0
2022-10-19 00:00:00-04:00,17.309999465942383,17.479999542236328,17.190000534057617,17.309999465942383,26900,0.0,0.0,0.0
2022-10-20 00:00:00-04:00,17.31999969482422,17.420000076293945,17.145000457763672,17.219999313354492,15100,0.0,0.0,0.0
2022-10-21 00:00:00-04:00,17.280000686645508,17.569000244140625,17.280000686645508,17.534000396728516,38300,0.0,0.0,0.0
2022-10-24 00:00:00-04:00,17.65999984741211,17.709999084472656,17.450000762939453,17.700000762939453,57800,0.0,0.0,0.0
2022-10-25 00:00:00-04:00,17.6299991607666,17.920000076293945,17.6299991607666,17.920000076293945,19300,0.0,0.0,0.0
2022-10-26 00:00:00-04:00,17.760000228881836,17.969999313354492,17.760000228881836,17.809999465942383,26000,0.0,0.0,0.0
2022-10-27 00:00:00-04:00,17.780000686645508,17.809999465942383,17.72100067138672,17.75,11200,0.0,0.0,0.0
2022-10-28 00:00:00-04:00,17.760000228881836,18.049999237060547,17.75,18.049999237060547,22200,0.0,0.0,0.0
2022-10-31 00:00:00-04:00,17.93000030517578,18.030000686645508,17.93000030517578,17.951000213623047,37300,0.0,0.0,0.0
2022-11-01 00:00:00-04:00,18.059999465942383,18.059999465942383,17.84000015258789,17.940000534057617,16500,0.0,0.0,0.0
2022-11-02 00:00:00-04:00,17.90999984741211,17.979999542236328,17.579999923706055,17.600000381469727,24700,0.0,0.0,0.0
2022-11-03 00:00:00-04:00,17.450000762939453,17.548999786376953,17.43000030517578,17.469999313354492,8000,0.0,0.0,0.0
2022-11-04 00:00:00-04:00,17.709999084472656,17.722000122070312,17.422000885009766,17.65999984741211,21500,0.0,0.0,0.0
2022-11-07 00:00:00-05:00,17.670000076293945,17.790000915527344,17.618000030517578,17.739999771118164,14000,0.0,0.0,0.0
2022-11-08 00:00:00-05:00,17.850000381469727,17.93000030517578,17.739999771118164,17.850000381469727,16200,0.0,0.0,0.0
2022-11-09 00:00:00-05:00,17.739999771118164,17.7549991607666,17.540000915527344,17.56999969482422,19100,0.0,0.0,0.0
2022-11-10 00:00:00-05:00,18.010000228881836,18.290000915527344,18.010000228881836,18.239999771118164,27100,0.0,0.0,0.0
2022-11-11 00:00:00-05:00,18.329999923706055,18.468000411987305,18.25200080871582,18.420000076293945,105000,0.0,0.0,0.0
2022-11-14 00:00:00-05:00,18.3799991607666,18.479999542236328,18.309999465942383,18.31999969482422,291800,0.0,0.0,0.0
2022-11-15 00:00:00-05:00,18.485000610351562,18.530000686645508,18.297000885009766,18.39299964904785,134400,0.0,0.0,0.0
2022-11-16 00:00:00-05:00,18.3700008392334,18.378000259399414,18.280000686645508,18.290000915527344,41600,0.0,0.0,0.0
2022-11-17 00:00:00-05:00,18.15999984741211,18.270000457763672,18.145000457763672,18.25,32100,0.0,0.0,0.0
2022-11-18 00:00:00-05:00,18.420000076293945,18.420000076293945,18.22599983215332,18.31999969482422,80300,0.0,0.0,0.0
2022-11-21 00:00:00-05:00,18.270000457763672,18.290000915527344,18.246999740600586,18.270000457763672,18900,0.0,0.0,0.0
2022-11-22 00:00:00-05:00,18.3799991607666,18.489999771118164,18.329999923706055,18.440000534057617,22400,0.0,0.0,0.0
2022-11-23 00:00:00-05:00,18.5,18.559999465942383,18.420000076293945,18.5,222200,0.0,0.0,0.0
2022-11-25 00:00:00-05:00,18.520000457763672,18.530000686645508,18.489999771118164,18.510000228881836,2900,0.0,0.0,0.0
2022-11-28 00:00:00-05:00,18.389999389648438,18.450000762939453,18.260000228881836,18.329999923706055,25200,0.0,0.0,0.0
2022-11-29 00:00:00-05:00,18.309999465942383,18.3439998626709,18.219999313354492,18.280000686645508,44300,0.0,0.0,0.0
2022-11-30 00:00:00-05:00,18.309999465942383,18.690000534057617,18.209999084472656,18.6200008392334,26100,0.0,0.0,0.0
2022-12-01 00:00:00-05:00,18.739999771118164,18.739999771118164,18.584999084472656,18.719999313354492,25300,0.0,0.0,0.0
2022-12-02 00:00:00-05:00,18.540000915527344,18.670000076293945,18.540000915527344,18.649999618530273,44000,0.0,0.0,0.0
2022-12-05 00:00:00-05:00,18.559999465942383,18.579999923706055,18.360000610351562,18.389999389648438,61500,0.0,0.0,0.0
2022-12-06 00:00:00-05:00,18.399999618530273,18.399999618530273,18.155000686645508,18.270000457763672,18100,0.0,0.0,0.0
2022-12-07 00:00:00-05:00,18.264999389648438,18.264999389648438,18.19499969482422,18.239999771118164,90500,0.0,0.0,0.0
2022-12-08 00:00:00-05:00,18.329999923706055,18.34000015258789,18.209999084472656,18.34000015258789,17100,0.0,0.0,0.0
2022-12-09 00:00:00-05:00,18.329999923706055,18.34000015258789,18.215999603271484,18.225000381469727,19200,0.0,0.0,0.0
2022-12-12 00:00:00-05:00,18.280000686645508,18.440000534057617,18.253999710083008,18.440000534057617,38100,0.0,0.0,0.0
2022-12-13 00:00:00-05:00,18.829999923706055,18.829999923706055,18.440000534057617,18.559999465942383,74100,0.0,0.0,0.0
2022-12-14 00:00:00-05:00,18.540000915527344,18.639999389648438,18.38800048828125,18.489999771118164,46300,0.0,0.0,0.0
2022-12-15 00:00:00-05:00,18.239999771118164,18.239999771118164,18.03499984741211,18.1200008392334,21200,0.0,0.0,0.0
2022-12-16 00:00:00-05:00,18.040000915527344,18.040000915527344,17.860000610351562,18.0,74600,0.0,0.0,0.0
2022-12-19 00:00:00-05:00,17.899999618530273,17.927000045776367,17.760000228881836,17.8700008392334,80900,0.0,0.0,0.0
2022-12-20 00:00:00-05:00,17.781999588012695,17.899999618530273,17.781999588012695,17.8799991607666,56300,0.0,0.0,0.0
2022-12-21 00:00:00-05:00,17.940000534057617,18.079999923706055,17.940000534057617,18.034000396728516,12100,0.0,0.0,0.0
2022-12-22 00:00:00-05:00,17.959999084472656,17.959999084472656,17.649999618530273,17.809999465942383,63400,0.0,0.0,0.0
2022-12-23 00:00:00-05:00,17.850000381469727,17.959999084472656,17.799999237060547,17.950000762939453,19200,0.0,0.0,0.0
2022-12-27 00:00:00-05:00,17.959999084472656,17.959999084472656,17.850000381469727,17.860000610351562,69000,0.0,0.0,0.0
2022-12-28 00:00:00-05:00,17.920000076293945,17.959999084472656,17.719999313354492,17.739999771118164,59500,0.0,0.0,0.0
2022-12-29 00:00:00-05:00,17.809999465942383,17.989999771118164,17.809999465942383,17.979999542236328,58700,0.0,0.0,0.0
2022-12-30 00:00:00-05:00,17.850000381469727,17.959999084472656,17.809999465942383,17.959999084472656,26300,0.0,0.0,0.0
2023-01-03 00:00:00-05:00,18.020000457763672,18.020000457763672,17.790000915527344,17.899999618530273,31300,0.0,0.0,0.0
2023-01-04 00:00:00-05:00,18.020000457763672,18.049999237060547,17.8700008392334,17.98900032043457,33100,0.0,0.0,0.0
2023-01-05 00:00:00-05:00,17.81999969482422,17.895000457763672,17.81999969482422,17.81999969482422,13100,0.0,0.0,0.0
2023-01-06 00:00:00-05:00,17.899999618530273,18.139999389648438,17.899999618530273,18.100000381469727,13600,0.0,0.0,0.0
2023-01-09 00:00:00-05:00,18.190000534057617,18.274999618530273,18.1200008392334,18.1200008392334,12700,0.0,0.0,0.0
2023-01-10 00:00:00-05:00,18.100000381469727,18.239999771118164,18.100000381469727,18.219999313354492,31900,0.0,0.0,0.0
2023-01-11 00:00:00-05:00,18.290000915527344,18.329999923706055,18.219999313354492,18.325000762939453,32200,0.0,0.0,0.0
2023-01-12 00:00:00-05:00,18.399999618530273,18.459999084472656,18.280000686645508,18.43000030517578,63100,0.0,0.0,0.0
2023-01-13 00:00:00-05:00,18.344999313354492,18.479999542236328,18.344999313354492,18.46500015258789,2600,0.0,0.0,0.0
2023-01-17 00:00:00-05:00,18.530000686645508,18.530000686645508,18.40999984741211,18.479999542236328,18100,0.0,0.0,0.0
2023-01-18 00:00:00-05:00,18.476999282836914,18.510000228881836,18.280000686645508,18.280000686645508,22000,0.0,0.0,0.0
2023-01-19 00:00:00-05:00,18.270000457763672,18.280000686645508,18.15999984741211,18.229999542236328,29100,0.0,0.0,0.0
2023-01-20 00:00:00-05:00,18.260000228881836,18.434999465942383,18.229999542236328,18.434999465942383,20500,0.0,0.0,0.0
2023-01-23 00:00:00-05:00,18.389999389648438,18.604999542236328,18.389999389648438,18.59000015258789,21800,0.0,0.0,0.0
2023-01-24 00:00:00-05:00,18.549999237060547,18.600000381469727,18.190000534057617,18.600000381469727,53200,0.0,0.0,0.0
2023-01-25 00:00:00-05:00,18.43000030517578,18.600000381469727,18.405000686645508,18.600000381469727,11200,0.0,0.0,0.0
2023-01-26 00:00:00-05:00,18.700000762939453,18.709999084472656,18.56999969482422,18.700000762939453,29300,0.0,0.0,0.0
2023-01-27 00:00:00-05:00,18.719999313354492,18.832000732421875,18.719999313354492,18.780000686645508,37300,0.0,0.0,0.0
2023-01-30 00:00:00-05:00,18.68000030517578,18.690000534057617,18.600000381469727,18.6200008392334,7300,0.0,0.0,0.0
2023-01-31 00:00:00-05:00,18.59000015258789,18.759000778198242,18.59000015258789,18.759000778198242,35700,0.0,0.0,0.0
2023-02-01 00:00:00-05:00,18.780000686645508,18.9689998626709,18.690000534057617,18.8700008392334,148900,0.0,0.0,0.0
2023-02-02 00:00:00-05:00,19.06999969482422,19.118999481201172,18.989999771118164,19.09000015258789,18000,0.0,0.0,0.0
2023-02-03 00:00:00-05:00,18.940000534057617,19.049999237060547,18.899999618530273,18.940000534057617,20800,0.0,0.0,0.0
2023-02-06 00:00:00-05:00,18.889999389648438,18.899999618530273,18.809999465942383,18.860000610351562,19400,0.0,0.0,0.0
2023-02-07 00:00:00-05:00,18.84000015258789,19.06999969482422,18.81399917602539,19.05500030517578,63600,0.0,0.0,0.0
2023-02-08 00:00:00-05:00,19.010000228881836,19.010000228881836,18.850000381469727,18.850000381469727,38600,0.0,0.0,0.0
2023-02-09 00:00:00-05:00,19.040000915527344,19.040000915527344,18.764999389648438,18.780000686645508,18500,0.0,0.0,0.0
2023-02-10 00:00:00-05:00,18.829999923706055,18.829999923706055,18.760000228881836,18.80699920654297,4100,0.0,0.0,0.0
2023-02-13 00:00:00-05:00,18.829999923706055,18.959999084472656,18.829999923706055,18.959999084472656,23600,0.0,0.0,0.0
2023-02-14 00:00:00-05:00,18.93000030517578,18.9950008392334,18.860000610351562,18.93000030517578,32100,0.0,0.0,0.0
2023-02-15 00:00:00-05:00,18.93000030517578,19.010000228881836,18.8700008392334,19.010000228881836,52200,0.0,0.0,0.0
2023-02-16 00:00:00-05:00,18.8700008392334,18.979999542236328,18.84000015258789,18.8700008392334,82200,0.0,0.0,0.0
2023-02-17 00:00:00-05:00,18.809999465942383,18.84000015258789,18.690000534057617,18.84000015258789,283000,0.0,0.0,0.0
2023-02-21 00:00:00-05:00,18.670000076293945,18.719999313354492,18.54400062561035,18.59000015258789,22500,0.0,0.0,0.0
2023-02-22 00:00:00-05:00,18.559999465942383,18.6299991607666,18.492000579833984,18.56999969482422,32700,0.0,0.0,0.0
2023-02-23 00:00:00-05:00,18.6299991607666,18.639999389648438,18.469999313354492,18.59000015258789,49600,0.0,0.0,0.0
2023-02-24 00:00:00-05:00,18.489999771118164,18.4950008392334,18.361000061035156,18.459999084472656,23000,0.0,0.0,0.0
2023-02-27 00:00:00-05:00,18.584999084472656,18.614999771118164,18.479999542236328,18.530000686645508,37900,0.0,0.0,0.0
2023-02-28 00:00:00-05:00,18.549999237060547,18.59000015258789,18.461000442504883,18.510000228881836,46900,0.0,0.0,0.0
2023-03-01 00:00:00-05:00,18.479999542236328,18.489999771118164,18.389999389648438,18.424999237060547,49500,0.0,0.0,0.0
2023-03-02 00:00:00-05:00,18.399999618530273,18.540000915527344,18.385000228881836,18.53499984741211,20800,0.0,0.0,0.0
2023-03-03 00:00:00-05:00,18.649999618530273,18.768999099731445,18.600000381469727,18.743999481201172,38400,0.0,0.0,0.0
2023-03-06 00:00:00-05:00,18.770000457763672,18.82900047302246,18.729999542236328,18.780000686645508,24600,0.0,0.0,0.0
2023-03-07 00:00:00-05:00,18.700000762939453,18.74799919128418,18.540000915527344,18.579999923706055,22500,0.0,0.0,0.0
2023-03-08 00:00:00-05:00,18.610000610351562,18.6200008392334,18.500999450683594,18.610000610351562,20500,0.0,0.0,0.0
2023-03-09 00:00:00-05:00,18.649999618530273,18.65999984741211,18.329999923706055,18.360000610351562,91300,0.0,0.0,0.0
2023-03-10 00:00:00-05:00,18.290000915527344,18.360000610351562,18.09000015258789,18.170000076293945,39500,0.0,0.0,0.0
2023-03-13 00:00:00-04:00,18.040000915527344,18.299999237060547,18.0,18.1200008392334,29600,0.0,0.0,0.0
2023-03-14 00:00:00-04:00,18.309999465942383,18.43000030517578,18.209999084472656,18.399999618530273,32400,0.0,0.0,0.0
2023-03-15 00:00:00-04:00,18.219999313354492,18.299999237060547,18.121999740600586,18.299999237060547,25700,0.0,0.0,0.0
2023-03-16 00:00:00-04:00,18.229999542236328,18.5,18.200000762939453,18.5,10000,0.0,0.0,0.0
2023-03-17 00:00:00-04:00,18.40999984741211,18.479999542236328,18.280000686645508,18.368000030517578,10900,0.0,0.0,0.0
2023-03-20 00:00:00-04:00,18.450000762939453,18.489999771118164,18.3799991607666,18.459999084472656,24700,0.0,0.0,0.0
2023-03-21 00:00:00-04:00,18.610000610351562,18.65999984741211,18.538999557495117,18.65999984741211,22200,0.0,0.0,0.0
2023-03-22 00:00:00-04:00,18.6299991607666,18.729999542236328,18.479999542236328,18.479999542236328,58100,0.0,0.0,0.0
2023-03-23 00:00:00-04:00,18.559999465942383,18.65999984741211,18.360000610351562,18.520000457763672,11100,0.0,0.0,0.0
2023-03-24 00:00:00-04:00,18.469999313354492,18.545000076293945,18.39900016784668,18.520000457763672,34100,0.0,0.0,0.0
2023-03-27 00:00:00-04:00,18.6200008392334,18.632999420166016,18.569000244140625,18.600000381469727,13500,0.0,0.0,0.0
2023-03-28 00:00:00-04:00,18.59000015258789,18.600000381469727,18.489999771118164,18.600000381469727,26000,0.0,0.0,0.0
2023-03-29 00:00:00-04:00,18.68000030517578,18.780000686645508,18.670000076293945,18.760000228881836,22600,0.0,0.0,0.0
2023-03-30 00:00:00-04:00,18.829999923706055,18.84000015258789,18.75,18.829999923706055,283600,0.0,0.0,0.0
2023-03-31 00:00:00-04:00,18.770000457763672,18.947999954223633,18.770000457763672,18.947999954223633,14200,0.0,0.0,0.0
2023-04-03 00:00:00-04:00,18.979999542236328,19.038999557495117,18.927000045776367,19.009000778198242,6900,0.0,0.0,0.0
2023-04-04 00:00:00-04:00,19.010000228881836,19.018999099731445,18.902000427246094,18.979999542236328,11200,0.0,0.0,0.0
2023-04-05 00:00:00-04:00,18.8799991607666,18.950000762939453,18.860000610351562,18.940000534057617,13300,0.0,0.0,0.0
2023-04-06 00:00:00-04:00,18.90999984741211,19.0,18.8700008392334,18.959999084472656,34700,0.0,0.0,0.0
2023-04-10 00:00:00-04:00,18.93000030517578,18.989999771118164,18.850000381469727,18.950000762939453,33500,0.0,0.0,0.0
2023-04-11 00:00:00-04:00,18.985000610351562,19.049999237060547,18.941999435424805,19.020000457763672,75300,0.0,0.0,0.0
2023-04-12 00:00:00-04:00,19.059999465942383,19.059999465942383,18.90999984741211,18.969999313354492,60300,0.0,0.0,0.0
2023-04-13 00:00:00-04:00,19.010000228881836,19.100000381469727,18.985000610351562,19.100000381469727,21700,0.0,0.0,0.0
2023-04-14 00:00:00-04:00,19.059999465942383,19.094999313354492,19.0,19.05500030517578,11900,0.0,0.0,0.0
2023-04-17 00:00:00-04:00,19.100000381469727,19.110000610351562,18.989999771118164,19.084999084472656,24400,0.0,0.0,0.0
2023-04-18 00:00:00-04:00,19.139999389648438,19.139999389648438,19.040000915527344,19.139999389648438,25800,0.0,0.0,0.0
2023-04-19 00:00:00-04:00,19.059999465942383,19.1299991607666,19.059999465942383,19.1299991607666,22900,0.0,0.0,0.0
2023-04-20 00:00:00-04:00,18.969999313354492,19.1200008392334,18.969999313354492,19.049999237060547,21200,0.0,0.0,0.0
2023-04-21 00:00:00-04:00,19.010000228881836,19.09000015258789,19.010000228881836,19.09000015258789,165300,0.0,0.0,0.0
2023-04-24 00:00:00-04:00,19.049999237060547,19.084999084472656,19.020000457763672,19.075000762939453,7300,0.0,0.0,0.0
2023-04-25 00:00:00-04:00,18.989999771118164,19.014999389648438,18.860000610351562,18.860000610351562,23900,0.0,0.0,0.0
2023-04-26 00:00:00-04:00,18.93000030517578,18.940000534057617,18.80500030517578,18.84000015258789,12400,0.0,0.0,0.0
2023-04-27 00:00:00-04:00,18.829999923706055,19.1299991607666,18.829999923706055,19.1200008392334,45400,0.0,0.0,0.0
2023-04-28 00:00:00-04:00,19.100000381469727,19.229999542236328,19.06999969482422,19.200000762939453,84500,0.0,0.0,0.0
2023-05-01 00:00:00-04:00,19.200000762939453,19.299999237060547,19.187999725341797,19.229999542236328,180800,0.0,0.0,0.0
2023-05-02 00:00:00-04:00,19.149999618530273,19.149999618530273,18.937000274658203,19.049999237060547,24900,0.0,0.0,0.0
2023-05-03 00:00:00-04:00,19.049999237060547,19.139999389648438,18.889999389648438,18.899999618530273,67300,0.0,0.0,0.0
2023-05-04 00:00:00-04:00,18.90999984741211,18.90999984741211,18.760000228881836,18.81599998474121,16900,0.0,0.0,0.0
2023-05-05 00:00:00-04:00,18.989999771118164,19.1299991607666,18.989999771118164,19.097999572753906,23800,0.0,0.0,0.0
2023-05-08 00:00:00-04:00,19.108999252319336,19.1200008392334,19.051000595092773,19.079999923706055,26000,0.0,0.0,0.0
2023-05-09 00:00:00-04:00,19.040000915527344,19.079999923706055,19.030000686645508,19.049999237060547,38700,0.0,0.0,0.0
2023-05-10 00:00:00-04:00,19.1299991607666,19.18000030517578,18.93000030517578,19.079999923706055,42700,0.0,0.0,0.0
2023-05-11 00:00:00-04:00,19.049999237060547,19.100000381469727,18.979999542236328,19.040000915527344,25300,0.0,0.0,0.0
2023-05-12 00:00:00-04:00,19.118999481201172,19.118999481201172,18.940000534057617,19.09000015258789,142300,0.0,0.0,0.0
2023-05-15 00:00:00-04:00,19.1299991607666,19.1299991607666,18.989999771118164,19.1299991607666,21700,0.0,0.0,0.0
2023-05-16 00:00:00-04:00,19.100000381469727,19.100000381469727,19.010000228881836,19.040000915527344,22700,0.0,0.0,0.0
2023-05-17 00:00:00-04:00,19.020000457763672,19.239999771118164,19.014999389648438,19.18000030517578,19400,0.0,0.0,0.0
2023-05-18 00:00:00-04:00,19.15999984741211,19.363000869750977,19.149999618530273,19.31999969482422,88100,0.0,0.0,0.0
2023-05-19 00:00:00-04:00,19.40999984741211,19.40999984741211,19.270000457763672,19.350000381469727,34500,0.0,0.0,0.0
2023-05-22 00:00:00-04:00,19.31999969482422,19.350000381469727,19.274999618530273,19.34000015258789,16200,0.0,0.0,0.0
2023-05-23 00:00:00-04:00,19.299999237060547,19.34000015258789,19.149999618530273,19.200000762939453,44600,0.0,0.0,0.0
2023-05-24 00:00:00-04:00,19.059999465942383,19.100000381469727,19.024999618530273,19.079999923706055,14800,0.0,0.0,0.0
2023-05-25 00:00:00-04:00,19.170000076293945,19.219999313354492,19.10099983215332,19.15999984741211,41800,0.0,0.0,0.0
2023-05-26 00:00:00-04:00,19.270000457763672,19.40999984741211,19.239999771118164,19.40999984741211,34200,0.0,0.0,0.0
2023-05-30 00:00:00-04:00,19.420000076293945,19.426000595092773,19.31999969482422,19.399999618530273,16900,0.0,0.0,0.0
2023-05-31 00:00:00-04:00,19.30500030517578,19.350000381469727,19.249000549316406,19.30299949645996,13500,0.0,0.0,0.0
2023-06-01 00:00:00-04:00,19.280000686645508,19.489999771118164,19.280000686645508,19.450000762939453,63800,0.0,0.0,0.0
2023-06-02 00:00:00-04:00,19.552000045776367,19.670000076293945,19.541000366210938,19.610000610351562,39800,0.0,0.0,0.0
2023-06-05 00:00:00-04:00,19.690000534057617,19.78499984741211,19.600000381469727,19.639999389648438,10200,0.0,0.0,0.0
2023-06-06 00:00:00-04:00,19.566999435424805,19.679000854492188,19.566999435424805,19.670000076293945,20200,0.0,0.0,0.0
2023-06-07 00:00:00-04:00,19.67799949645996,19.67799949645996,19.551000595092773,19.56999969482422,20300,0.0,0.0,0.0
2023-06-08 00:00:00-04:00,19.56999969482422,19.68000030517578,19.56999969482422,19.674999237060547,18600,0.0,0.0,0.0
2023-06-09 00:00:00-04:00,19.75,19.799999237060547,19.65999984741211,19.69499969482422,49500,0.0,0.0,0.0
2023-06-12 00:00:00-04:00,19.760000228881836,19.850000381469727,19.68000030517578,19.850000381469727,18200,0.0,0.0,0.0
2023-06-13 00:00:00-04:00,19.860000610351562,19.950000762939453,19.860000610351562,19.889999389648438,15700,0.0,0.0,0.0
2023-06-14 00:00:00-04:00,19.989999771118164,19.989999771118164,19.850000381469727,19.959999084472656,7500,0.0,0.0,0.0
2023-06-15 00:00:00-04:00,19.940000534057617,20.1560001373291,19.940000534057617,20.079999923706055,10100,0.0,0.0,0.0
2023-06-16 00:00:00-04:00,20.209999084472656,20.209999084472656,20.041000366210938,20.05900001525879,10800,0.0,0.0,0.0
2023-06-20 00:00:00-04:00,20.040000915527344,20.040000915527344,19.915000915527344,19.989999771118164,9000,0.0,0.0,0.0
2023-06-21 00:00:00-04:00,19.93000030517578,19.989999771118164,19.90999984741211,19.92300033569336,14300,0.0,0.0,0.0
2023-06-22 00:00:00-04:00,19.959999084472656,19.979999542236328,19.889999389648438,19.975000381469727,15100,0.0,0.0,0.0
2023-06-23 00:00:00-04:00,19.860000610351562,19.885000228881836,19.799999237060547,19.799999237060547,10100,0.0,0.0,0.0
2023-06-26 00:00:00-04:00,19.854999542236328,19.854999542236328,19.719999313354492,19.760000228881836,12200,0.0,0.0,0.0
2023-06-27 00:00:00-04:00,19.777999877929688,19.93000030517578,19.760000228881836,19.889999389648438,65500,0.0,0.0,0.0
2023-06-28 00:00:00-04:00,19.844999313354492,19.95599937438965,19.844999313354492,19.888999938964844,39400,0.0,0.0,0.0
2023-06-29 00:00:00-04:00,19.850000381469727,20.030000686645508,19.850000381469727,20.030000686645508,28300,0.0,0.0,0.0
2023-06-30 00:00:00-04:00,20.079999923706055,20.270000457763672,20.079999923706055,20.18000030517578,17100,0.0,0.0,0.0
2023-07-03 00:00:00-04:00,20.229999542236328,20.239999771118164,20.209999084472656,20.23699951171875,5600,0.0,0.0,0.0
2023-07-05 00:00:00-04:00,20.09000015258789,20.25,20.09000015258789,20.229999542236328,19900,0.0,0.0,0.0
2023-07-06 00:00:00-04:00,20.09000015258789,20.09000015258789,19.96500015258789,20.055999755859375,9000,0.0,0.0,0.0
2023-07-07 00:00:00-04:00,20.059999465942383,20.170000076293945,19.969999313354492,19.969999313354492,33800,0.0,0.0,0.0
2023-07-10 00:00:00-04:00,19.989999771118164,20.049999237060547,19.985000610351562,20.010000228881836,17100,0.0,0.0,0.0
2023-07-11 00:00:00-04:00,20.030000686645508,20.200000762939453,20.030000686645508,20.200000762939453,24700,0.0,0.0,0.0
2023-07-12 00:00:00-04:00,20.34000015258789,20.388999938964844,20.260000228881836,20.329999923706055,41800,0.0,0.0,0.0
2023-07-13 00:00:00-04:00,20.43000030517578,20.479999542236328,20.360000610351562,20.479999542236328,20600,0.0,0.0,0.0
2023-07-14 00:00:00-04:00,20.520000457763672,20.530000686645508,20.391000747680664,20.424999237060547,30200,0.0,0.0,0.0
2023-07-17 00:00:00-04:00,20.479999542236328,20.549999237060547,20.441999435424805,20.540000915527344,7000,0.0,0.0,0.0
2023-07-18 00:00:00-04:00,20.479999542236328,20.690000534057617,20.479999542236328,20.670000076293945,22000,0.0,0.0,0.0
2023-07-19 00:00:00-04:00,20.6299991607666,20.729000091552734,20.6200008392334,20.639999389648438,26200,0.0,0.0,0.0
2023-07-20 00:00:00-04:00,20.6200008392334,20.628999710083008,20.5,20.541000366210938,18400,0.0,0.0,0.0
2023-07-21 00:00:00-04:00,20.57200050354004,20.649999618530273,20.540000915527344,20.579999923706055,17500,0.0,0.0,0.0
2023-07-24 00:00:00-04:00,20.600000381469727,20.65999984741211,20.559999465942383,20.614999771118164,19800,0.0,0.0,0.0
2023-07-25 00:00:00-04:00,20.56999969482422,20.729999542236328,20.56999969482422,20.680999755859375,43100,0.0,0.0,0.0
2023-07-26 00:00:00-04:00,20.68000030517578,20.68000030517578,20.600000381469727,20.6299991607666,16300,0.0,0.0,0.0
2023-07-27 00:00:00-04:00,20.799999237060547,20.799999237060547,20.520000457763672,20.538999557495117,11800,0.0,0.0,0.0
2023-07-28 00:00:00-04:00,20.6200008392334,20.770000457763672,20.6200008392334,20.731000900268555,17500,0.0,0.0,0.0
2023-07-31 00:00:00-04:00,20.68000030517578,20.75,20.670000076293945,20.700000762939453,31000,0.0,0.0,0.0
2023-08-01 00:00:00-04:00,20.610000610351562,20.73900032043457,20.610000610351562,20.700000762939453,45000,0.0,0.0,0.0
2023-08-02 00:00:00-04:00,20.540000915527344,20.540000915527344,20.43000030517578,20.464000701904297,28800,0.0,0.0,0.0
2023-08-03 00:00:00-04:00,20.31999969482422,20.5,20.31999969482422,20.434999465942383,15600,0.0,0.0,0.0
2023-08-04 00:00:00-04:00,20.530000686645508,20.589000701904297,20.301000595092773,20.33300018310547,19200,0.0,0.0,0.0
2023-08-07 00:00:00-04:00,20.479999542236328,20.489999771118164,20.40999984741211,20.48200035095215,28600,0.0,0.0,0.0
2023-08-08 00:00:00-04:00,20.329999923706055,20.41900062561035,20.270000457763672,20.41900062561035,15900,0.0,0.0,0.0
2023-08-09 00:00:00-04:00,20.360000610351562,20.440000534057617,20.270000457763672,20.329999923706055,23000,0.0,0.0,0.0
2023-08-10 00:00:00-04:00,20.440000534057617,20.549999237060547,20.263999938964844,20.290000915527344,34800,0.0,0.0,0.0
2023-08-11 00:00:00-04:00,20.170000076293945,20.349000930786133,20.170000076293945,20.270999908447266,16100,0.0,0.0,0.0
2023-08-14 00:00:00-04:00,20.190000534057617,20.3700008392334,20.190000534057617,20.354000091552734,25100,0.0,0.0,0.0
2023-08-15 00:00:00-04:00,20.211999893188477,20.280000686645508,20.174999237060547,20.229999542236328,16000,0.0,0.0,0.0
2023-08-16 00:00:00-04:00,20.184999465942383,20.229999542236328,20.030000686645508,20.107999801635742,21200,0.0,0.0,0.0
2023-08-17 00:00:00-04:00,20.09000015258789,20.100000381469727,19.93899917602539,19.93899917602539,5400,0.0,0.0,0.0
2023-08-18 00:00:00-04:00,19.809999465942383,19.950000762939453,19.809999465942383,19.923999786376953,7600,0.0,0.0,0.0
2023-08-21 00:00:00-04:00,19.93000030517578,20.030000686645508,19.881000518798828,20.024999618530273,6200,0.0,0.0,0.0
2023-08-22 00:00:00-04:00,20.040000915527344,20.079999923706055,19.954999923706055,19.97800064086914,14000,0.0,0.0,0.0
2023-08-23 00:00:00-04:00,19.979999542236328,20.170000076293945,19.979999542236328,20.141000747680664,14800,0.0,0.0,0.0
2023-08-24 00:00:00-04:00,20.1299991607666,20.155000686645508,19.93199920654297,19.93199920654297,749800,0.0,0.0,0.0
2023-08-25 00:00:00-04:00,20.030000686645508,20.06999969482422,19.8799991607666,20.0,10600,0.0,0.0,0.0
2023-08-28 00:00:00-04:00,20.110000610351562,20.149999618530273,20.059999465942383,20.117000579833984,8400,0.0,0.0,0.0
2023-08-29 00:00:00-04:00,20.18000030517578,20.3799991607666,20.18000030517578,20.34600067138672,14500,0.0,0.0,0.0
2023-08-30 00:00:00-04:00,20.34000015258789,20.450000762939453,20.34000015258789,20.4060001373291,25900,0.0,0.0,0.0
2023-08-31 00:00:00-04:00,20.440000534057617,20.479999542236328,20.389999389648438,20.420000076293945,15500,0.0,0.0,0.0
2023-09-01 00:00:00-04:00,20.530000686645508,20.530000686645508,20.347999572753906,20.415000915527344,14100,0.0,0.0,0.0
2023-09-05 00:00:00-04:00,20.3700008392334,20.40999984741211,20.33099937438965,20.368999481201172,8200,0.0,0.0,0.0
2023-09-06 00:00:00-04:00,20.290000915527344,20.290000915527344,20.163999557495117,20.290000915527344,30000,0.0,0.0,0.0
2023-09-07 00:00:00-04:00,20.209999084472656,20.239999771118164,20.15999984741211,20.198999404907227,22500,0.0,0.0,0.0
2023-09-08 00:00:00-04:00,20.25,20.31999969482422,20.18000030517578,20.21299934387207,16700,0.0,0.0,0.0
2023-09-11 00:00:00-04:00,20.280000686645508,20.3799991607666,20.270000457763672,20.360000610351562,23900,0.0,0.0,0.0
2023-09-12 00:00:00-04:00,20.190000534057617,20.31999969482422,20.190000534057617,20.280000686645508,19400,0.0,0.0,0.0
2023-09-13 00:00:00-04:00,20.260000228881836,20.31999969482422,20.209999084472656,20.299999237060547,35600,0.0,0.0,0.0
2023-09-14 00:00:00-04:00,20.309999465942383,20.43000030517578,20.295000076293945,20.38599967956543,66900,0.0,0.0,0.0
2023-09-15 00:00:00-04:00,20.325000762939453,20.325000762939453,20.200000762939453,20.239999771118164,20900,0.0,0.0,0.0
2023-09-18 00:00:00-04:00,20.18000030517578,20.264999389648438,20.170000076293945,20.18000030517578,113400,0.0,0.0,0.0
2023-09-19 00:00:00-04:00,20.143999099731445,20.21500015258789,20.09000015258789,20.184999465942383,17200,0.0,0.0,0.0
2023-09-20 00:00:00-04:00,20.170000076293945,20.2450008392334,20.020000457763672,20.020000457763672,17800,0.0,0.0,0.0
2023-09-21 00:00:00-04:00,19.979999542236328,19.979999542236328,19.798999786376953,19.798999786376953,43000,0.0,0.0,0.0
2023-09-22 00:00:00-04:00,19.8700008392334,19.899999618530273,19.764999389648438,19.764999389648438,32500,0.0,0.0,0.0
2023-09-25 00:00:00-04:00,19.690000534057617,19.829999923706055,19.690000534057617,19.809999465942383,17800,0.0,0.0,0.0
2023-09-26 00:00:00-04:00,19.75,19.760000228881836,19.584999084472656,19.613000869750977,107800,0.0,0.0,0.0
2023-09-27 00:00:00-04:00,19.610000610351562,19.672000885009766,19.5,19.618000030517578,47000,0.0,0.0,0.0
2023-09-28 00:00:00-04:00,19.559999465942383,19.75,19.559999465942383,19.739999771118164,14100,0.0,0.0,0.0
2023-09-29 00:00:00-04:00,19.790000915527344,19.81999969482422,19.631000518798828,19.670000076293945,27000,0.0,0.0,0.0
2023-10-02 00:00:00-04:00,19.6299991607666,19.729999542236328,19.593000411987305,19.65999984741211,29200,0.0,0.0,0.0
2023-10-03 00:00:00-04:00,19.549999237060547,19.615999221801758,19.44499969482422,19.4950008392334,19000,0.0,0.0,0.0
2023-10-04 00:00:00-04:00,19.490999221801758,19.594999313354492,19.469999313354492,19.594999313354492,12400,0.0,0.0,0.0
2023-10-05 00:00:00-04:00,19.610000610351562,19.610000610351562,19.472999572753906,19.565000534057617,7500,0.0,0.0,0.0
2023-10-06 00:00:00-04:00,19.540000915527344,19.809999465942383,19.4950008392334,19.749000549316406,25500,0.0,0.0,0.0
2023-10-09 00:00:00-04:00,19.704999923706055,19.8799991607666,19.639999389648438,19.8799991607666,9900,0.0,0.0,0.0
2023-10-10 00:00:00-04:00,19.809999465942383,19.9950008392334,19.809999465942383,19.950000762939453,19500,0.0,0.0,0.0
2023-10-11 00:00:00-04:00,19.94300079345703,20.018999099731445,19.8700008392334,19.950000762939453,43900,0.0,0.0,0.0
2023-10-12 00:00:00-04:00,19.940000534057617,20.010000228881836,19.809999465942383,19.90999984741211,27100,0.0,0.0,0.0
2023-10-13 00:00:00-04:00,20.010000228881836,20.010000228881836,19.780000686645508,19.850000381469727,11500,0.0,0.0,0.0
2023-10-16 00:00:00-04:00,19.860000610351562,20.040000915527344,19.860000610351562,20.010000228881836,96300,0.0,0.0,0.0
2023-10-17 00:00:00-04:00,19.854999542236328,20.020999908447266,19.850000381469727,20.010000228881836,40000,0.0,0.0,0.0
2023-10-18 00:00:00-04:00,19.940000534057617,19.940000534057617,19.760000228881836,19.799999237060547,23700,0.0,0.0,0.0
2023-10-19 00:00:00-04:00,19.75,19.829999923706055,19.59000015258789,19.639999389648438,70000,0.0,0.0,0.0
2023-10-20 00:00:00-04:00,19.65999984741211,19.65999984741211,19.440000534057617,19.489999771118164,21700,0.0,0.0,0.0
2023-10-23 00:00:00-04:00,19.360000610351562,19.549999237060547,19.360000610351562,19.420000076293945,10400,0.0,0.0,0.0
2023-10-24 00:00:00-04:00,19.469999313354492,19.584999084472656,19.440000534057617,19.579999923706055,52200,0.0,0.0,0.0
2023-10-25 00:00:00-04:00,19.420000076293945,19.479999542236328,19.290000915527344,19.360000610351562,329900,0.0,0.0,0.0
2023-10-26 00:00:00-04:00,19.280000686645508,19.31999969482422,19.110000610351562,19.110000610351562,26100,0.0,0.0,0.0
2023-10-27 00:00:00-04:00,19.170000076293945,19.260000228881836,19.040000915527344,19.1299991607666,50300,0.0,0.0,0.0
2023-10-30 00:00:00-04:00,19.15999984741211,19.290000915527344,19.149999618530273,19.290000915527344,37000,0.0,0.0,0.0
2023-10-31 00:00:00-04:00,19.25,19.389999389648438,19.200000762939453,19.389999389648438,41600,0.0,0.0,0.0
2023-11-01 00:00:00-04:00,19.440000534057617,19.549999237060547,19.3700008392334,19.530000686645508,19200,0.0,0.0,0.0
2023-11-02 00:00:00-04:00,19.6200008392334,19.84000015258789,19.6200008392334,19.829999923706055,120500,0.0,0.0,0.0
2023-11-03 00:00:00-04:00,19.850000381469727,19.989999771118164,19.850000381469727,19.940000534057617,29000,0.0,0.0,0.0
2023-11-06 00:00:00-05:00,19.989999771118164,20.0,19.889999389648438,19.989999771118164,35700,0.0,0.0,0.0
2023-11-07 00:00:00-05:00,19.93000030517578,20.059999465942383,19.90999984741211,19.989999771118164,53200,0.0,0.0,0.0
2023-11-08 00:00:00-05:00,20.0,20.059999465942383,19.959999084472656,20.059999465942383,17100,0.0,0.0,0.0
2023-11-09 00:00:00-05:00,20.110000610351562,20.110000610351562,19.90999984741211,19.910999298095703,80000,0.0,0.0,0.0
2023-11-10 00:00:00-05:00,19.988000869750977,20.18000030517578,19.93000030517578,20.18000030517578,14900,0.0,0.0,0.0
2023-11-13 00:00:00-05:00,20.059999465942383,20.18000030517578,20.059999465942383,20.170000076293945,29100,0.0,0.0,0.0
2023-11-14 00:00:00-05:00,20.31999969482422,20.479999542236328,20.31999969482422,20.389999389648438,57000,0.0,0.0,0.0
2023-11-15 00:00:00-05:00,20.5,20.530000686645508,20.40999984741211,20.40999984741211,31600,0.0,0.0,0.0
2023-11-16 00:00:00-05:00,20.454999923706055,20.5,20.389999389648438,20.440000534057617,49000,0.0,0.0,0.0
2023-11-17 00:00:00-05:00,20.479999542236328,20.530000686645508,20.420000076293945,20.520000457763672,68500,0.0,0.0,0.0
2023-11-20 00:00:00-05:00,20.540000915527344,20.639999389648438,20.510000228881836,20.6200008392334,53600,0.0,0.0,0.0
2023-11-21 00:00:00-05:00,20.549999237060547,20.610000610351562,20.520000457763672,20.610000610351562,82000,0.0,0.0,0.0
2023-11-22 00:00:00-05:00,20.690000534057617,20.690000534057617,20.575000762939453,20.65999984741211,51100,0.0,0.0,0.0
2023-11-24 00:00:00-05:00,20.608999252319336,20.639999389648438,20.600000381469727,20.639999389648438,24100,0.0,0.0,0.0
2023-11-27 00:00:00-05:00,20.649999618530273,20.649999618530273,20.579999923706055,20.6299991607666,32100,0.0,0.0,0.0
2023-11-28 00:00:00-05:00,20.639999389648438,20.68000030517578,20.540000915527344,20.639999389648438,21500,0.0,0.0,0.0
2023-11-29 00:00:00-05:00,20.729999542236328,20.729999542236328,20.600000381469727,20.639999389648438,30800,0.0,0.0,0.0
2023-11-30 00:00:00-05:00,20.59000015258789,20.690000534057617,20.540000915527344,20.690000534057617,30100,0.0,0.0,0.0
2023-12-01 00:00:00-05:00,20.65999984741211,20.790000915527344,20.6299991607666,20.790000915527344,40300,0.0,0.0,0.0
2023-12-04 00:00:00-05:00,20.610000610351562,20.709999084472656,20.559999465942383,20.709999084472656,12100,0.0,0.0,0.0
2023-12-05 00:00:00-05:00,20.600000381469727,20.738000869750977,20.600000381469727,20.660999298095703,40000,0.0,0.0,0.0
2023-12-06 00:00:00-05:00,20.719999313354492,20.719999313354492,20.59000015258789,20.649999618530273,26900,0.0,0.0,0.0
2023-12-07 00:00:00-05:00,20.674999237060547,20.770000457763672,20.674999237060547,20.72800064086914,26300,0.0,0.0,0.0
2023-12-08 00:00:00-05:00,20.690000534057617,20.81999969482422,20.663999557495117,20.81999969482422,27600,0.0,0.0,0.0
2023-12-11 00:00:00-05:00,20.802000045776367,20.889999389648438,20.76099967956543,20.829999923706055,27500,0.0,0.0,0.0
2023-12-12 00:00:00-05:00,20.809999465942383,20.959999084472656,20.809999465942383,20.899999618530273,50000,0.0,0.0,0.0
2023-12-13 00:00:00-05:00,20.950000762939453,21.125,20.891000747680664,21.107999801635742,11200,0.0,0.0,0.0
2023-12-14 00:00:00-05:00,21.139999389648438,21.219999313354492,21.06999969482422,21.18000030517578,19500,0.0,0.0,0.0
2023-12-15 00:00:00-05:00,21.1200008392334,21.187999725341797,21.100000381469727,21.16900062561035,10100,0.0,0.0,0.0
2023-12-18 00:00:00-05:00,21.260000228881836,21.270000457763672,21.18000030517578,21.22100067138672,17300,0.0,0.0,0.0
2023-12-19 00:00:00-05:00,21.280000686645508,21.309999465942383,21.22100067138672,21.270999908447266,30700,0.0,0.0,0.0
2023-12-20 00:00:00-05:00,21.290000915527344,21.34000015258789,21.110000610351562,21.110000610351562,75900,0.0,0.0,0.0
2023-12-21 00:00:00-05:00,21.209999084472656,21.209999084472656,21.070999145507812,21.184999465942383,65700,0.0,0.0,0.0
2023-12-22 00:00:00-05:00,21.219999313354492,21.270000457763672,21.187999725341797,21.190000534057617,16700,0.0,0.0,0.0
2023-12-26 00:00:00-05:00,21.219999313354492,21.334999084472656,21.219999313354492,21.28499984741211,16900,0.0,0.0,0.0
2023-12-27 00:00:00-05:00,21.31999969482422,21.360000610351562,21.25,21.34000015258789,9800,0.0,0.0,0.0
2023-12-28 00:00:00-05:00,21.290000915527344,21.3700008392334,21.290000915527344,21.33300018310547,149600,0.0,0.0,0.0
2023-12-29 00:00:00-05:00,21.40999984741211,21.40999984741211,21.239999771118164,21.280000686645508,20200,0.0,0.0,0.0
2024-01-02 00:00:00-05:00,21.18000030517578,21.280000686645508,21.1200008392334,21.18000030517578,25900,0.0,0.0,0.0
2024-01-03 00:00:00-05:00,21.139999389648438,21.18000030517578,21.079999923706055,21.079999923706055,184500,0.0,0.0,0.0
2024-01-04 00:00:00-05:00,21.110000610351562,21.15999984741211,21.030000686645508,21.049999237060547,14000,0.0,0.0,0.0
2024-01-05 00:00:00-05:00,21.040000915527344,21.18000030517578,21.020000457763672,21.0939998626709,39100,0.0,0.0,0.0
2024-01-08 00:00:00-05:00,21.15999984741211,21.299999237060547,21.1299991607666,21.280000686645508,76100,0.0,0.0,0.0
2024-01-09 00:00:00-05:00,21.170000076293945,21.309999465942383,21.170000076293945,21.290000915527344,33500,0.0,0.0,0.0
2024-01-10 00:00:00-05:00,21.229999542236328,21.3700008392334,21.229999542236328,21.33799934387207,32800,0.0,0.0,0.0
2024-01-11 00:00:00-05:00,21.239999771118164,21.3799991607666,21.219999313354492,21.3799991607666,41500,0.0,0.0,0.0
2024-01-12 00:00:00-05:00,21.450000762939453,21.450000762939453,21.329999923706055,21.329999923706055,62600,0.0,0.0,0.0
2024-01-16 00:00:00-05:00,21.270000457763672,21.3799991607666,21.239999771118164,21.34000015258789,73800,0.0,0.0,0.0
2024-01-17 00:00:00-05:00,21.15999984741211,21.270000457763672,21.15999984741211,21.190000534057617,53700,0.0,0.0,0.0
2024-01-18 00:00:00-05:00,21.350000381469727,21.389999389648438,21.22100067138672,21.389999389648438,30000,0.0,0.0,0.0
2024-01-19 00:00:00-05:00,21.417999267578125,21.56999969482422,21.329999923706055,21.559999465942383,44600,0.0,0.0,0.0
2024-01-22 00:00:00-05:00,21.68000030517578,21.68000030517578,21.520000457763672,21.610000610351562,68800,0.0,0.0,0.0
2024-01-23 00:00:00-05:00,21.6299991607666,21.649999618530273,21.510000228881836,21.649999618530273,45600,0.0,0.0,0.0
2024-01-24 00:00:00-05:00,21.719999313354492,21.75,21.608999252319336,21.670000076293945,84300,0.0,0.0,0.0
2024-01-25 00:00:00-05:00,21.690000534057617,21.690000534057617,21.56999969482422,21.6299991607666,50900,0.0,0.0,0.0
2024-01-26 00:00:00-05:00,21.700000762939453,21.700000762939453,21.59000015258789,21.600000381469727,310100,0.0,0.0,0.0
2024-01-29 00:00:00-05:00,21.719999313354492,21.780000686645508,21.610000610351562,21.780000686645508,110800,0.0,0.0,0.0
2024-01-30 00:00:00-05:00,21.760000228881836,21.780000686645508,21.68000030517578,21.75,149300,0.0,0.0,0.0
2024-01-31 00:00:00-05:00,21.90999984741211,21.90999984741211,21.51099967956543,21.549999237060547,50000,0.0,0.0,0.0
2024-02-01 00:00:00-05:00,21.6200008392334,21.709999084472656,21.510000228881836,21.709999084472656,103900,0.0,0.0,0.0
2024-02-02 00:00:00-05:00,21.75,21.8799991607666,21.65999984741211,21.829999923706055,63400,0.0,0.0,0.0
2024-02-05 00:00:00-05:00,21.729999542236328,21.829999923706055,21.670000076293945,21.760000228881836,40400,0.0,0.0,0.0
2024-02-06 00:00:00-05:00,21.84000015258789,21.84000015258789,21.729999542236328,21.760000228881836,29900,0.0,0.0,0.0
2024-02-07 00:00:00-05:00,21.8799991607666,21.950000762939453,21.84000015258789,21.940000534057617,72100,0.0,0.0,0.0
2024-02-08 00:00:00-05:00,21.850000381469727,21.940000534057617,21.850000381469727,21.860000610351562,46500,0.0,0.0,0.0
2024-02-09 00:00:00-05:00,21.969999313354492,21.989999771118164,21.889999389648438,21.989999771118164,40000,0.0,0.0,0.0
2024-02-12 00:00:00-05:00,22.020000457763672,22.049999237060547,21.959999084472656,21.989999771118164,26100,0.0,0.0,0.0
2024-02-13 00:00:00-05:00,21.850000381469727,21.850000381469727,21.68000030517578,21.809999465942383,83500,0.0,0.0,0.0
2024-02-14 00:00:00-05:00,21.81999969482422,21.926000595092773,21.760000228881836,21.8700008392334,20000,0.0,0.0,0.0
2024-02-15 00:00:00-05:00,21.8700008392334,22.0,21.8700008392334,21.950000762939453,24000,0.0,0.0,0.0
2024-02-16 00:00:00-05:00,21.90999984741211,22.040000915527344,21.889999389648438,21.969999313354492,19500,0.0,0.0,0.0
2024-02-20 00:00:00-05:00,21.90999984741211,21.920000076293945,21.790000915527344,21.81999969482422,64700,0.0,0.0,0.0
2024-02-21 00:00:00-05:00,21.81800079345703,21.899999618530273,21.760000228881836,21.899999618530273,71900,0.0,0.0,0.0
2024-02-22 00:00:00-05:00,22.040000915527344,22.1299991607666,22.040000915527344,22.1299991607666,14800,0.0,0.0,0.0
2024-02-23 00:00:00-05:00,22.110000610351562,22.18000030517578,22.059999465942383,22.139999389648438,27800,0.0,0.0,0.0
2024-02-26 00:00:00-05:00,22.06999969482422,22.139999389648438,22.030000686645508,22.079999923706055,38700,0.0,0.0,0.0
2024-02-27 00:00:00-05:00,22.030000686645508,22.100000381469727,22.010000228881836,22.09000015258789,17800,0.0,0.0,0.0
2024-02-28 00:00:00-05:00,22.0,22.100000381469727,22.0,22.047000885009766,22600,0.0,0.0,0.0
2024-02-29 00:00:00-05:00,22.15999984741211,22.170000076293945,22.0,22.139999389648438,24100,0.0,0.0,0.0
2024-03-01 00:00:00-05:00,22.190000534057617,22.270000457763672,22.15999984741211,22.260000228881836,26700,0.0,0.0,0.0
2024-03-04 00:00:00-05:00,22.18000030517578,22.290000915527344,22.170000076293945,22.229999542236328,31200,0.0,0.0,0.0
2024-03-05 00:00:00-05:00,22.158000946044922,22.18000030517578,22.010000228881836,22.049999237060547,433600,0.0,0.0,0.0
2024-03-06 00:00:00-05:00,22.219999313354492,22.229999542236328,22.079999923706055,22.170000076293945,23700,0.0,0.0,0.0
2024-03-07 00:00:00-05:00,22.290000915527344,22.31999969482422,22.207000732421875,22.259000778198242,36600,0.0,0.0,0.0
2024-03-08 00:00:00-05:00,22.329999923706055,22.329999923706055,22.170000076293945,22.229999542236328,30300,0.0,0.0,0.0
2024-03-11 00:00:00-04:00,22.209999084472656,22.229999542236328,22.100000381469727,22.200000762939453,44400,0.0,0.0,0.0
2024-03-12 00:00:00-04:00,22.309999465942383,22.350000381469727,22.190000534057617,22.34000015258789,36400,0.0,0.0,0.0
2024-03-13 00:00:00-04:00,22.28499984741211,22.329999923706055,22.25,22.309999465942383,32100,0.0,0.0,0.0
2024-03-14 00:00:00-04:00,22.360000610351562,22.360000610351562,22.18000030517578,22.229999542236328,34100,0.0,0.0,0.0
2024-03-15 00:00:00-04:00,22.260000228881836,22.260000228881836,22.110000610351562,22.131000518798828,34400,0.0,0.0,0.0
2024-03-18 00:00:00-04:00,22.25,22.34000015258789,22.209999084472656,22.270000457763672,26800,0.0,0.0,0.0
2024-03-19 00:00:00-04:00,22.190000534057617,22.350000381469727,22.180999755859375,22.290000915527344,36600,0.0,0.0,0.0
2024-03-20 00:00:00-04:00,22.280000686645508,22.450000762939453,22.280000686645508,22.389999389648438,42500,0.0,0.0,0.0
2024-03-21 00:00:00-04:00,22.540000915527344,22.540000915527344,22.399999618530273,22.40999984741211,12700,0.0,0.0,0.0
2024-03-22 00:00:00-04:00,22.475000381469727,22.510000228881836,22.399999618530273,22.440000534057617,26500,0.0,0.0,0.0
2024-03-25 00:00:00-04:00,22.43000030517578,22.469999313354492,22.3700008392334,22.3799991607666,32600,0.0,0.0,0.0
2024-03-26 00:00:00-04:00,22.389999389648438,22.489999771118164,22.34000015258789,22.34000015258789,31100,0.0,0.0,0.0
2024-03-27 00:00:00-04:00,22.3700008392334,22.518999099731445,22.3700008392334,22.440000534057617,58200,0.0,0.0,0.0
2024-03-28 00:00:00-04:00,22.489999771118164,22.540000915527344,22.440000534057617,22.520000457763672,30200,0.0,0.0,0.0
2024-04-01 00:00:00-04:00,22.540000915527344,22.540000915527344,22.399999618530273,22.479999542236328,58600,0.0,0.0,0.0
2024-04-02 00:00:00-04:00,22.43000030517578,22.530000686645508,22.31999969482422,22.420000076293945,87600,0.0,0.0,0.0
2024-04-03 00:00:00-04:00,22.40999984741211,22.4689998626709,22.350000381469727,22.43000030517578,52500,0.0,0.0,0.0
2024-04-04 00:00:00-04:00,22.5,22.540000915527344,22.275999069213867,22.280000686645508,95300,0.0,0.0,0.0
2024-04-05 00:00:00-04:00,22.329999923706055,22.43000030517578,22.299999237060547,22.350000381469727,16200,0.0,0.0,0.0
2024-04-08 00:00:00-04:00,22.43000030517578,22.459999084472656,22.329999923706055,22.391000747680664,16400,0.0,0.0,0.0
2024-04-09 00:00:00-04:00,22.489999771118164,22.489999771118164,22.309999465942383,22.3799991607666,93900,0.0,0.0,0.0
2024-04-10 00:00:00-04:00,22.350000381469727,22.350000381469727,22.229999542236328,22.260000228881836,67600,0.0,0.0,0.0
2024-04-11 00:00:00-04:00,22.3700008392334,22.440000534057617,22.25,22.360000610351562,47400,0.0,0.0,0.0
2024-04-12 00:00:00-04:00,22.329999923706055,22.329999923706055,22.15999984741211,22.229999542236328,25600,0.0,0.0,0.0
2024-04-15 00:00:00-04:00,22.280000686645508,22.29199981689453,22.020000457763672,22.06999969482422,24400,0.0,0.0,0.0
2024-04-16 00:00:00-04:00,22.100000381469727,22.100000381469727,21.979999542236328,22.049999237060547,15300,0.0,0.0,0.0
2024-04-17 00:00:00-04:00,22.040000915527344,22.040000915527344,21.90999984741211,21.920000076293945,22100,0.0,0.0,0.0
2024-04-18 00:00:00-04:00,22.030000686645508,22.049999237060547,21.8700008392334,21.950000762939453,27700,0.0,0.0,0.0
2024-04-19 00:00:00-04:00,21.959999084472656,21.959999084472656,21.756000518798828,21.770000457763672,23900,0.0,0.0,0.0
2024-04-22 00:00:00-04:00,21.850000381469727,22.020000457763672,21.81999969482422,21.90999984741211,42300,0.0,0.0,0.0
2024-04-23 00:00:00-04:00,21.969999313354492,22.149999618530273,21.969999313354492,22.1299991607666,41300,0.0,0.0,0.0
2024-04-24 00:00:00-04:00,22.100000381469727,22.18000030517578,22.010000228881836,22.09000015258789,33600,0.0,0.0,0.0
2024-04-25 00:00:00-04:00,21.93000030517578,22.110000610351562,21.8799991607666,22.020000457763672,36600,0.0,0.0,0.0
2024-04-26 00:00:00-04:00,22.190000534057617,22.260000228881836,22.145999908447266,22.219999313354492,19200,0.0,0.0,0.0
2024-04-29 00:00:00-04:00,22.200000762939453,22.290000915527344,22.18000030517578,22.239999771118164,33000,0.0,0.0,0.0
2024-04-30 00:00:00-04:00,22.209999084472656,22.25,22.05299949645996,22.05299949645996,18600,0.0,0.0,0.0
2024-05-01 00:00:00-04:00,22.030000686645508,22.19300079345703,21.93000030517578,22.020000457763672,22400,0.0,0.0,0.0
2024-05-02 00:00:00-04:00,22.1299991607666,22.149999618530273,21.989999771118164,22.1299991607666,34500,0.0,0.0,0.0
2024-05-03 00:00:00-04:00,22.31999969482422,22.329999923706055,22.200000762939453,22.31999969482422,52800,0.0,0.0,0.0
2024-05-06 00:00:00-04:00,22.399999618530273,22.459999084472656,22.34000015258789,22.459999084472656,76300,0.0,0.0,0.0
2024-05-07 00:00:00-04:00,22.440000534057617,22.510000228881836,22.43000030517578,22.450000762939453,37900,0.0,0.0,0.0
2024-05-08 00:00:00-04:00,22.42300033569336,22.5,22.399999618530273,22.469999313354492,20700,0.0,0.0,0.0
2024-05-09 00:00:00-04:00,22.479999542236328,22.559999465942383,22.459999084472656,22.559999465942383,22900,0.0,0.0,0.0
2024-05-10 00:00:00-04:00,22.600000381469727,22.604999542236328,22.5,22.600000381469727,29100,0.0,0.0,0.0
2024-05-13 00:00:00-04:00,22.6299991607666,22.6299991607666,22.540000915527344,22.56800079345703,22500,0.0,0.0,0.0
2024-05-14 00:00:00-04:00,22.530000686645508,22.648000717163086,22.530000686645508,22.600000381469727,28400,0.0,0.0,0.0
2024-05-15 00:00:00-04:00,22.729999542236328,22.809999465942383,22.670000076293945,22.760000228881836,36600,0.0,0.0,0.0
2024-05-16 00:00:00-04:00,22.81999969482422,22.829999923706055,22.760000228881836,22.760000228881836,33500,0.0,0.0,0.0
2024-05-17 00:00:00-04:00,22.76099967956543,22.81999969482422,22.760000228881836,22.81999969482422,12800,0.0,0.0,0.0
2024-05-20 00:00:00-04:00,22.850000381469727,22.8799991607666,22.760000228881836,22.81399917602539,19400,0.0,0.0,0.0
2024-05-21 00:00:00-04:00,22.780000686645508,22.8700008392334,22.770000457763672,22.834999084472656,17900,0.0,0.0,0.0
2024-05-22 00:00:00-04:00,22.889999389648438,22.889999389648438,22.770000457763672,22.84000015258789,298400,0.0,0.0,0.0
2024-05-23 00:00:00-04:00,22.860000610351562,22.868000030517578,22.700000762939453,22.709999084472656,17800,0.0,0.0,0.0
2024-05-24 00:00:00-04:00,22.850000381469727,22.8799991607666,22.75,22.850000381469727,17100,0.0,0.0,0.0
2024-05-28 00:00:00-04:00,22.809999465942383,22.8700008392334,22.780000686645508,22.8700008392334,16800,0.0,0.0,0.0
2024-05-29 00:00:00-04:00,22.790000915527344,22.81999969482422,22.719999313354492,22.719999313354492,54400,0.0,0.0,0.0
2024-05-30 00:00:00-04:00,22.68000030517578,22.780000686645508,22.649999618530273,22.649999618530273,36300,0.0,0.0,0.0
2024-05-31 00:00:00-04:00,22.6200008392334,22.81999969482422,22.549999237060547,22.81999969482422,22900,0.0,0.0,0.0
2024-06-03 00:00:00-04:00,22.829999923706055,22.84000015258789,22.690000534057617,22.81999969482422,22200,0.0,0.0,0.0
2024-06-04 00:00:00-04:00,22.756000518798828,22.8700008392334,22.729999542236328,22.799999237060547,135300,0.0,0.0,0.0
2024-06-05 00:00:00-04:00,22.81999969482422,22.969999313354492,22.81999969482422,22.93000030517578,101000,0.0,0.0,0.0
2024-06-06 00:00:00-04:00,23.010000228881836,23.010000228881836,22.889999389648438,22.979999542236328,23100,0.0,0.0,0.0
2024-06-07 00:00:00-04:00,22.8799991607666,23.040000915527344,22.8799991607666,22.920000076293945,101500,0.0,0.0,0.0
2024-06-10 00:00:00-04:00,22.899999618530273,23.0,22.899999618530273,22.969999313354492,18600,0.0,0.0,0.0
2024-06-11 00:00:00-04:00,22.920000076293945,23.040000915527344,22.889999389648438,22.979999542236328,37800,0.0,0.0,0.0
2024-06-12 00:00:00-04:00,23.1299991607666,23.170000076293945,22.979999542236328,23.1299991607666,31300,0.0,0.0,0.0
2024-06-13 00:00:00-04:00,23.09000015258789,23.149999618530273,23.059999465942383,23.121000289916992,36700,0.0,0.0,0.0
2024-06-14 00:00:00-04:00,23.094999313354492,23.139999389648438,23.086000442504883,23.139999389648438,21800,0.0,0.0,0.0
2024-06-17 00:00:00-04:00,23.104999542236328,23.239999771118164,23.06999969482422,23.209999084472656,31800,0.0,0.0,0.0
2024-06-18 00:00:00-04:00,23.229999542236328,23.25,23.170000076293945,23.239999771118164,36500,0.0,0.0,0.0
2024-06-20 00:00:00-04:00,23.260000228881836,23.268999099731445,23.177000045776367,23.209999084472656,53500,0.0,0.0,0.0
2024-06-21 00:00:00-04:00,23.184999465942383,23.239999771118164,23.1299991607666,23.219999313354492,29900,0.0,0.0,0.0
2024-06-24 00:00:00-04:00,23.209999084472656,23.260000228881836,23.16699981689453,23.16699981689453,49500,0.0,0.0,0.0
2024-06-25 00:00:00-04:00,23.149999618530273,23.229999542236328,23.149999618530273,23.18000030517578,105600,0.0,0.0,0.0
2024-06-26 00:00:00-04:00,23.229999542236328,23.25,23.149999618530273,23.209999084472656,115900,0.0,0.0,0.0
2024-06-27 00:00:00-04:00,23.190000534057617,23.229999542236328,23.15999984741211,23.229999542236328,23900,0.0,0.0,0.0
2024-06-28 00:00:00-04:00,23.290000915527344,23.309999465942383,23.170000076293945,23.200000762939453,13600,0.0,0.0,0.0
2024-07-01 00:00:00-04:00,23.290000915527344,23.290000915527344,23.149999618530273,23.229999542236328,30300,0.0,0.0,0.0
2024-07-02 00:00:00-04:00,23.209999084472656,23.329999923706055,23.184999465942383,23.31999969482422,49600,0.0,0.0,0.0
2024-07-03 00:00:00-04:00,23.25,23.3799991607666,23.25,23.31999969482422,24900,0.0,0.0,0.0
2024-07-05 00:00:00-04:00,23.399999618530273,23.450000762939453,23.350000381469727,23.440000534057617,34500,0.0,0.0,0.0
2024-07-08 00:00:00-04:00,23.447999954223633,23.469999313354492,23.3799991607666,23.42799949645996,27200,0.0,0.0,0.0
2024-07-09 00:00:00-04:00,23.43000030517578,23.489999771118164,23.420000076293945,23.43000030517578,30100,0.0,0.0,0.0
2024-07-10 00:00:00-04:00,23.420000076293945,23.59000015258789,23.420000076293945,23.530000686645508,53000,0.0,0.0,0.0
2024-07-11 00:00:00-04:00,23.530000686645508,23.54800033569336,23.43000030517578,23.489999771118164,37200,0.0,0.0,0.0
2024-07-12 00:00:00-04:00,23.559999465942383,23.639999389648438,23.53499984741211,23.53499984741211,136400,0.0,0.0,0.0
2024-07-15 00:00:00-04:00,23.600000381469727,23.649999618530273,23.530000686645508,23.540000915527344,31300,0.0,0.0,0.0
2024-07-16 00:00:00-04:00,23.549999237060547,23.649999618530273,23.549999237060547,23.610000610351562,37300,0.0,0.0,0.0
2024-07-17 00:00:00-04:00,23.540000915527344,23.559999465942383,23.440000534057617,23.440000534057617,65900,0.0,0.0,0.0
2024-07-18 00:00:00-04:00,23.520000457763672,23.540000915527344,23.325000762939453,23.371999740600586,54800,0.0,0.0,0.0
2024-07-19 00:00:00-04:00,23.399999618530273,23.399999618530273,23.270000457763672,23.285999298095703,10700,0.0,0.0,0.0
2024-07-22 00:00:00-04:00,23.360000610351562,23.459999084472656,23.350000381469727,23.434999465942383,17600,0.0,0.0,0.0
2024-07-23 00:00:00-04:00,23.469999313354492,23.479999542236328,23.399999618530273,23.440000534057617,26800,0.0,0.0,0.0
2024-07-24 00:00:00-04:00,23.239999771118164,23.239999771118164,22.90999984741211,23.079999923706055,274000,0.0,0.0,0.0
2024-07-25 00:00:00-04:00,23.149999618530273,23.239999771118164,23.0,23.059999465942383,20700,0.0,0.0,0.0
2024-07-26 00:00:00-04:00,23.18000030517578,23.25,23.149999618530273,23.219999313354492,20800,0.0,0.0,0.0
2024-07-29 00:00:00-04:00,23.229000091552734,23.270000457763672,23.15999984741211,23.229999542236328,67400,0.0,0.0,0.0
2024-07-30 00:00:00-04:00,23.280000686645508,23.280000686645508,23.059999465942383,23.15999984741211,28000,0.0,0.0,0.0
2024-07-31 00:00:00-04:00,23.280000686645508,23.43000030517578,23.280000686645508,23.3700008392334,58000,0.0,0.0,0.0
2024-08-01 00:00:00-04:00,23.350000381469727,23.350000381469727,23.06999969482422,23.139999389648438,31900,0.0,0.0,0.0
2024-08-02 00:00:00-04:00,22.985000610351562,22.989999771118164,22.804000854492188,22.93000030517578,18900,0.0,0.0,0.0
2024-08-05 00:00:00-04:00,22.100000381469727,22.639999389648438,22.100000381469727,22.43000030517578,143900,0.0,0.0,0.0
2024-08-06 00:00:00-04:00,22.559999465942383,22.8700008392334,22.514999389648438,22.639999389648438,85600,0.0,0.0,0.0
2024-08-07 00:00:00-04:00,22.799999237060547,22.90999984741211,22.510000228881836,22.510000228881836,64400,0.0,0.0,0.0
2024-08-08 00:00:00-04:00,22.639999389648438,22.909000396728516,22.639999389648438,22.899999618530273,28000,0.0,0.0,0.0
2024-08-09 00:00:00-04:00,22.83099937438965,22.979999542236328,22.83099937438965,22.969999313354492,13000,0.0,0.0,0.0
2024-08-12 00:00:00-04:00,22.969999313354492,23.040000915527344,22.920000076293945,22.94700050354004,47900,0.0,0.0,0.0
2024-08-13 00:00:00-04:00,23.10300064086914,23.209999084472656,23.065000534057617,23.19300079345703,105900,0.0,0.0,0.0
2024-08-14 00:00:00-04:00,23.18000030517578,23.290000915527344,23.17799949645996,23.239999771118164,37400,0.0,0.0,0.0
2024-08-15 00:00:00-04:00,23.389999389648438,23.510000228881836,23.371000289916992,23.450000762939453,24200,0.0,0.0,0.0
2024-08-16 00:00:00-04:00,23.510000228881836,23.559999465942383,23.472000122070312,23.549999237060547,34000,0.0,0.0,0.0
2024-08-19 00:00:00-04:00,23.59000015258789,23.639999389648438,23.524999618530273,23.628999710083008,31200,0.0,0.0,0.0
2024-08-20 00:00:00-04:00,23.61199951171875,23.649999618530273,23.579999923706055,23.6299991607666,16900,0.0,0.0,0.0
2024-08-21 00:00:00-04:00,23.645000457763672,23.709999084472656,23.600000381469727,23.690000534057617,40700,0.0,0.0,0.0
2024-08-22 00:00:00-04:00,23.739999771118164,23.739999771118164,23.530000686645508,23.579999923706055,20800,0.0,0.0,0.0
2024-08-23 00:00:00-04:00,23.65999984741211,23.739999771118164,23.649999618530273,23.739999771118164,10000,0.0,0.0,0.0
2024-08-26 00:00:00-04:00,23.760000228881836,23.760000228881836,23.649999618530273,23.676000595092773,22600,0.0,0.0,0.0
2024-08-27 00:00:00-04:00,23.6200008392334,23.722000122070312,23.6200008392334,23.68000030517578,20000,0.0,0.0,0.0
2024-08-28 00:00:00-04:00,23.729999542236328,23.729999542236328,23.600000381469727,23.649999618530273,19700,0.0,0.0,0.0
2024-08-29 00:00:00-04:00,23.719999313354492,23.780000686645508,23.610000610351562,23.610000610351562,21100,0.0,0.0,0.0
2024-08-30 00:00:00-04:00,23.670000076293945,23.81999969482422,23.600000381469727,23.81999969482422,15900,0.0,0.0,0.0
2024-09-03 00:00:00-04:00,23.68000030517578,23.68000030517578,23.40999984741211,23.45800018310547,18800,0.0,0.0,0.0
2024-09-04 00:00:00-04:00,23.579999923706055,23.579999923706055,23.399999618530273,23.459999084472656,39300,0.0,0.0,0.0
2024-09-05 00:00:00-04:00,23.46500015258789,23.540000915527344,23.350000381469727,23.450000762939453,30200,0.0,0.0,0.0
2024-09-06 00:00:00-04:00,23.5,23.5,23.163999557495117,23.200000762939453,31600,0.0,0.0,0.0
2024-09-09 00:00:00-04:00,23.270000457763672,23.40999984741211,23.239999771118164,23.336000442504883,20300,0.0,0.0,0.0
2024-09-10 00:00:00-04:00,23.405000686645508,23.440000534057617,23.295000076293945,23.440000534057617,22900,0.0,0.0,0.0
2024-09-11 00:00:00-04:00,23.459999084472656,23.610000610351562,23.197999954223633,23.59000015258789,24200,0.0,0.0,0.0
2024-09-12 00:00:00-04:00,23.559999465942383,23.700000762939453,23.530000686645508,23.639999389648438,35800,0.0,0.0,0.0
2024-09-13 00:00:00-04:00,23.739999771118164,23.780000686645508,23.700000762939453,23.746999740600586,16400,0.0,0.0,0.0
