Date,Open,High,Low,Close,Volume,Dividends,Stock Splits
2001-04-09 00:00:00-04:00,6.793234211027448,6.904598277986225,6.6818695068359375,6.6818695068359375,9300,0.0,0.0
2001-04-10 00:00:00-04:00,6.726416110992432,6.726416110992432,6.726416110992432,6.726416110992432,600,0.0,0.0
2001-04-11 00:00:00-04:00,6.726412152390497,7.015959739685059,6.726412152390497,7.015959739685059,450,0.0,0.0
2001-04-12 00:00:00-04:00,7.015959955342035,7.015959955342035,6.860050201416016,6.860050201416016,3600,0.0,0.0
2001-04-16 00:00:00-04:00,7.127324392408333,7.127324392408333,7.015959739685059,7.015959739685059,7800,0.0,0.0
2001-04-17 00:00:00-04:00,7.127327240249916,7.216418743133545,7.015962543029033,7.216418743133545,1500,0.0,0.0
2001-04-18 00:00:00-04:00,7.234235167234969,7.550510239050173,7.1273253915057495,7.238689422607422,11400,0.0,0.0
2001-04-19 00:00:00-04:00,7.572784900665283,7.572784900665283,7.572784900665283,7.572784900665283,750,0.0,0.0
2001-04-20 00:00:00-04:00,7.572782053070433,7.572782053070433,7.465872287750245,7.465872287750244,8700,0.0,0.0
2001-04-23 00:00:00-04:00,7.572784900665283,7.572784900665283,7.572784900665283,7.572784900665283,300,0.0,0.0
2001-04-24 00:00:00-04:00,7.572784900665283,7.572784900665283,7.572784900665283,7.572784900665283,0,0.0,0.0
2001-04-25 00:00:00-04:00,7.572784900665283,7.572784900665283,7.35005613916218,7.572784900665283,1350,0.0,0.0
2001-04-26 00:00:00-04:00,7.57278692040508,7.684151649475098,7.57278692040508,7.684151649475098,2250,0.0,0.0
2001-04-27 00:00:00-04:00,7.684148948886097,7.964787483215332,7.684148948886097,7.964787483215332,1350,0.0,0.0
2001-04-30 00:00:00-04:00,7.684151649475098,7.95142623456369,7.684151649475098,7.684151649475098,5250,0.0,0.0
2001-05-01 00:00:00-04:00,7.684149021893779,7.973696708679199,7.684149021893779,7.973696708679199,3450,0.0,0.0
2001-05-02 00:00:00-04:00,7.906879425048828,7.906879425048828,7.906879425048828,7.906879425048828,1200,0.0,0.0
2001-05-03 00:00:00-04:00,7.853423209112945,7.9959702491760245,7.853423209112945,7.995970249176025,4050,0.0,0.0
2001-05-04 00:00:00-04:00,7.995969613805341,8.909157752990723,7.995969613805341,8.909157752990723,7050,0.0,0.0
2001-05-07 00:00:00-04:00,8.463701811539215,8.909159365618871,8.463701811539215,8.797795295715332,3750,0.0,0.0
2001-05-08 00:00:00-04:00,8.752909605945886,8.865126609802246,8.752909605945886,8.865126609802246,2250,0.1,0.0
2001-05-09 00:00:00-04:00,8.865124733091202,8.977341071082193,8.685577436508538,8.752907752990723,3000,0.0,0.0
2001-05-10 00:00:00-04:00,8.752907752990723,8.752907752990723,8.752907752990723,8.752907752990723,0,0.0,0.0
2001-05-11 00:00:00-04:00,8.865126609802246,8.865126609802246,8.865126609802246,8.865126609802246,150,0.0,0.0
2001-05-14 00:00:00-04:00,8.865126609802246,8.865126609802246,8.865126609802246,8.865126609802246,300,0.0,0.0
2001-05-15 00:00:00-04:00,8.865126609802246,8.865126609802246,8.865126609802246,8.865126609802246,750,0.0,0.0
2001-05-16 00:00:00-04:00,8.708022081354326,8.708022081354326,8.640691757202148,8.640691757202148,3750,0.0,0.0
2001-05-17 00:00:00-04:00,8.550916863290857,8.663133835748765,8.528473854064941,8.528473854064941,12600,0.0,0.0
2001-05-18 00:00:00-04:00,8.528473854064941,8.730464147645398,8.528473854064941,8.528473854064941,2400,0.0,0.0
2001-05-21 00:00:00-04:00,8.528473854064941,8.528473854064941,8.528473854064941,8.528473854064941,0,0.0,0.0
2001-05-22 00:00:00-04:00,8.528473854064941,8.622736162298338,8.528473854064941,8.528473854064941,27450,0.0,0.0
2001-05-23 00:00:00-04:00,8.70801999652227,8.70801999652227,8.474609375,8.474609375,900,0.0,0.0
2001-05-24 00:00:00-04:00,8.708022117614746,8.708022117614746,8.708022117614746,8.708022117614746,900,0.0,0.0
2001-05-25 00:00:00-04:00,8.708022117614746,8.708022117614746,8.708022117614746,8.708022117614746,0,0.0,0.0
2001-05-29 00:00:00-04:00,8.708022117614746,8.708022117614746,8.708022117614746,8.708022117614746,1650,0.0,0.0
2001-05-30 00:00:00-04:00,8.663131713867188,8.663131713867188,8.663131713867188,8.663131713867188,750,0.0,0.0
2001-05-31 00:00:00-04:00,8.663131713867188,8.663131713867188,8.663131713867188,8.663131713867188,300,0.0,0.0
2001-06-01 00:00:00-04:00,8.663131274152821,8.663131274152821,8.146934509277344,8.146934509277344,3750,0.0,0.0
2001-06-04 00:00:00-04:00,8.146934509277344,8.146934509277344,8.146934509277344,8.146934509277344,0,0.0,0.0
2001-06-05 00:00:00-04:00,8.146938786812097,8.416258811950684,8.146938786812097,8.416258811950684,1350,0.0,0.0
2001-06-06 00:00:00-04:00,8.416255060339578,8.483585357666016,8.416255060339578,8.483585357666016,1350,0.0,0.0
2001-06-07 00:00:00-04:00,8.483585357666016,8.483585357666016,8.483585357666016,8.483585357666016,1650,0.0,0.0
2001-06-08 00:00:00-04:00,8.5733594475599,8.577848434448242,8.559893771113694,8.577848434448242,5550,0.0,0.0
2001-06-11 00:00:00-04:00,8.559893608093262,8.559893608093262,8.559893608093262,8.559893608093262,300,0.0,0.0
2001-06-12 00:00:00-04:00,8.559893608093262,8.559893608093262,8.559893608093262,8.559893608093262,0,0.0,0.0
2001-06-13 00:00:00-04:00,8.559893608093262,8.559893608093262,8.559893608093262,8.559893608093262,0,0.0,0.0
2001-06-14 00:00:00-04:00,8.577848434448242,8.577848434448242,8.577848434448242,8.577848434448242,2400,0.0,0.0
2001-06-15 00:00:00-04:00,8.600292205810547,8.600292205810547,8.600292205810547,8.600292205810547,150,0.0,0.0
2001-06-18 00:00:00-04:00,8.577850456696293,8.865125779884304,8.577850456696293,8.708022117614746,3150,0.0,0.0
2001-06-19 00:00:00-04:00,8.730464742236318,8.820238069472907,8.730464742236318,8.752907752990723,3600,0.0,0.0
2001-06-20 00:00:00-04:00,8.752907752990723,8.752907752990723,8.752907752990723,8.752907752990723,0,0.0,0.0
2001-06-21 00:00:00-04:00,8.730464742236318,8.797794416609017,8.730464742236318,8.752907752990723,2550,0.0,0.0
2001-06-22 00:00:00-04:00,8.752907156871315,8.752907156871315,8.528473854064941,8.528473854064941,4500,0.0,0.0
2001-06-25 00:00:00-04:00,8.752907752990723,8.752907752990723,8.752907752990723,8.752907752990723,2250,0.0,0.0
2001-06-26 00:00:00-04:00,8.591315720511211,8.685577392578125,8.591315720511211,8.685577392578125,19350,0.0,0.0
2001-06-27 00:00:00-04:00,8.685577392578125,8.685577392578125,8.685577392578125,8.685577392578125,0,0.0,0.0
2001-06-28 00:00:00-04:00,8.591315763964863,8.752907752990723,8.591315763964863,8.752907752990723,1050,0.0,0.0
2001-06-29 00:00:00-04:00,8.923475756184997,8.977339744567871,8.923475756184997,8.977339744567871,6150,0.0,0.0
2001-07-02 00:00:00-04:00,8.977342971548984,8.977342971548984,8.865126609802246,8.865126609802246,1350,0.0,0.0
2001-07-03 00:00:00-04:00,8.865126609802246,8.865126609802246,8.865126609802246,8.865126609802246,0,0.0,0.0
2001-07-05 00:00:00-04:00,8.865126609802246,8.865126609802246,8.865126609802246,8.865126609802246,0,0.0,0.0
2001-07-06 00:00:00-04:00,8.681089013515848,9.125467300415039,8.681089013515848,9.125467300415039,1650,0.0,0.0
2001-07-09 00:00:00-04:00,8.766373634338379,8.766373634338379,8.766373634338379,8.766373634338379,37500,0.0,0.0
2001-07-10 00:00:00-04:00,9.125467300415039,9.125467300415039,9.125467300415039,9.125467300415039,150,0.0,0.0
2001-07-11 00:00:00-04:00,8.977339744567871,8.977339744567871,8.977339744567871,8.977339744567871,150,0.0,0.0
2001-07-12 00:00:00-04:00,8.977339744567871,8.977339744567871,8.977339744567871,8.977339744567871,600,0.0,0.0
2001-07-13 00:00:00-04:00,8.977340873571793,8.977340873571793,8.775350570678711,8.775350570678711,1200,0.0,0.0
2001-07-16 00:00:00-04:00,8.775350570678711,8.775350570678711,8.775350570678711,8.775350570678711,0,0.0,0.0
2001-07-17 00:00:00-04:00,8.752906459639227,8.977339744567871,8.752906459639227,8.977339744567871,1050,0.0,0.0
2001-07-18 00:00:00-04:00,8.775350763745127,8.887567743845606,8.591315763964863,8.752907752990723,1500,0.0,0.0
2001-07-19 00:00:00-04:00,8.752907752990723,8.752907752990723,8.752907752990723,8.752907752990723,0,0.0,0.0
2001-07-20 00:00:00-04:00,8.752907752990723,8.752907752990723,8.752907752990723,8.752907752990723,0,0.0,0.0
2001-07-23 00:00:00-04:00,8.752907752990723,8.752907752990723,8.752907752990723,8.752907752990723,0,0.0,0.0
2001-07-24 00:00:00-04:00,8.752907752990723,8.752907752990723,8.752907752990723,8.752907752990723,900,0.0,0.0
2001-07-25 00:00:00-04:00,8.752907752990723,8.752907752990723,8.752907752990723,8.752907752990723,0,0.0,0.0
2001-07-26 00:00:00-04:00,8.752906831511421,8.932454109191895,8.752906831511421,8.932454109191895,12750,0.0,0.0
2001-07-27 00:00:00-04:00,8.752907752990723,8.752907752990723,8.752907752990723,8.752907752990723,150,0.0,0.0
2001-07-30 00:00:00-04:00,8.775350570678711,8.775350570678711,8.775350570678711,8.775350570678711,150,0.0,0.0
2001-07-31 00:00:00-04:00,8.775350570678711,8.775350570678711,8.775350570678711,8.775350570678711,0,0.0,0.0
2001-08-01 00:00:00-04:00,8.968362413170725,8.977339744567871,8.968362413170725,8.977339744567871,900,0.0,0.0
2001-08-02 00:00:00-04:00,8.977339744567871,8.977339744567871,8.977339744567871,8.977339744567871,0,0.0,0.0
2001-08-03 00:00:00-04:00,8.972850799560547,8.972850799560547,8.972850799560547,8.972850799560547,300,0.0,0.0
2001-08-06 00:00:00-04:00,8.797792527974462,8.972850799560547,8.797792527974462,8.972850799560547,1200,0.0,0.0
2001-08-07 00:00:00-04:00,8.797791481018066,8.797791481018066,8.797791481018066,8.797791481018066,1500,0.0,0.0
2001-08-08 00:00:00-04:00,8.932454109191895,8.932454109191895,8.932454109191895,8.932454109191895,450,0.0,0.0
2001-08-09 00:00:00-04:00,8.932454109191895,8.932454109191895,8.932454109191895,8.932454109191895,0,0.0,0.0
2001-08-10 00:00:00-04:00,8.932454109191895,8.932454109191895,8.932454109191895,8.932454109191895,1050,0.0,0.0
2001-08-13 00:00:00-04:00,8.972850799560547,8.972850799560547,8.972850799560547,8.972850799560547,900,0.0,0.0
2001-08-14 00:00:00-04:00,8.820236766172515,8.977339744567871,8.820236766172515,8.977339744567871,2550,0.0,0.0
2001-08-15 00:00:00-04:00,9.158243179321289,9.158243179321289,9.158243179321289,9.158243179321289,600,0.1,0.0
2001-08-16 00:00:00-04:00,9.158243179321289,9.158243179321289,9.158243179321289,9.158243179321289,0,0.0,0.0
2001-08-17 00:00:00-04:00,8.954723880949464,9.045175552368164,8.954723880949464,9.045175552368164,1050,0.0,0.0
2001-08-20 00:00:00-04:00,9.045175552368164,9.045175552368164,9.045175552368164,9.045175552368164,600,0.0,0.0
2001-08-21 00:00:00-04:00,9.045175552368164,9.045175552368164,9.045175552368164,9.045175552368164,150,0.0,0.0
2001-08-22 00:00:00-04:00,9.090405464172363,9.090405464172363,9.090405464172363,9.090405464172363,900,0.0,0.0
2001-08-23 00:00:00-04:00,8.977341651916504,8.977341651916504,8.977341651916504,8.977341651916504,750,0.0,0.0
2001-08-24 00:00:00-04:00,9.113018715647407,9.24869628361264,8.977340500720498,9.090405464172363,4050,0.0,0.0
2001-08-27 00:00:00-04:00,9.090405464172363,9.090405464172363,9.090405464172363,9.090405464172363,0,0.0,0.0
2001-08-28 00:00:00-04:00,9.248693163140803,9.248693163140803,8.999951362609863,8.999951362609863,2550,0.0,0.0
2001-08-29 00:00:00-04:00,8.999951362609863,8.999951362609863,8.999951362609863,8.999951362609863,1950,0.0,0.0
2001-08-30 00:00:00-04:00,9.045178233058525,9.158243179321289,9.045178233058525,9.158243179321289,10200,0.0,0.0
2001-08-31 00:00:00-04:00,9.158243179321289,9.158243179321289,9.158243179321289,9.158243179321289,0,0.0,0.0
2001-09-04 00:00:00-04:00,8.959249443225012,9.158243179321289,8.959249443225012,9.158243179321289,1200,0.0,0.0
2001-09-05 00:00:00-04:00,9.090405464172363,9.090405464172363,9.090405464172363,9.090405464172363,300,0.0,0.0
2001-09-06 00:00:00-04:00,9.090405464172363,9.090405464172363,9.090405464172363,9.090405464172363,0,0.0,0.0
2001-09-07 00:00:00-04:00,9.158243179321289,9.158243179321289,9.158243179321289,9.158243179321289,300,0.0,0.0
2001-09-10 00:00:00-04:00,9.158243179321289,9.158243179321289,9.158243179321289,9.158243179321289,0,0.0,0.0
2001-09-17 00:00:00-04:00,9.158243179321289,9.158243179321289,9.158243179321289,9.158243179321289,0,0.0,0.0
2001-09-18 00:00:00-04:00,8.954728126525879,8.954728126525879,8.954728126525879,8.954728126525879,2100,0.0,0.0
2001-09-19 00:00:00-04:00,9.13563060760498,9.13563060760498,9.13563060760498,9.13563060760498,450,0.0,0.0
2001-09-20 00:00:00-04:00,8.95472608108788,8.95472608108788,8.791913032531738,8.791913032531738,3000,0.0,0.0
2001-09-21 00:00:00-04:00,8.791915028201542,8.791915028201542,8.592921257019043,8.592921257019043,3150,0.0,0.0
2001-09-24 00:00:00-04:00,8.638146467144281,8.932115508651878,8.538650228514724,8.592921257019043,5100,0.0,0.0
2001-09-25 00:00:00-04:00,8.538650512695312,8.538650512695312,8.538650512695312,8.538650512695312,1650,0.0,0.0
2001-09-26 00:00:00-04:00,8.592921257019043,8.592921257019043,8.592921257019043,8.592921257019043,150,0.0,0.0
2001-09-27 00:00:00-04:00,8.705985866005316,8.705985866005316,8.538650512695312,8.538650512695312,750,0.0,0.0
2001-09-28 00:00:00-04:00,8.538650512695312,8.538650512695312,8.538650512695312,8.538650512695312,0,0.0,0.0
2001-10-01 00:00:00-04:00,8.592921257019043,8.592921257019043,8.592921257019043,8.592921257019043,300,0.0,0.0
2001-10-02 00:00:00-04:00,8.592921257019043,8.592921257019043,8.592921257019043,8.592921257019043,0,0.0,0.0
2001-10-03 00:00:00-04:00,8.592921257019043,8.592921257019043,8.592921257019043,8.592921257019043,0,0.0,0.0
2001-10-04 00:00:00-04:00,8.547693252563477,8.547693252563477,8.547693252563477,8.547693252563477,450,0.0,0.0
2001-10-05 00:00:00-04:00,8.592921257019043,8.592921257019043,8.592921257019043,8.592921257019043,450,0.0,0.0
2001-10-08 00:00:00-04:00,8.525081390483319,8.525081390483319,8.457242934360984,8.47985553741455,1500,0.0,0.0
2001-10-09 00:00:00-04:00,8.592921494381173,8.592921494381173,8.457243919372559,8.457243919372559,900,0.0,0.0
2001-10-10 00:00:00-04:00,8.457243919372559,8.457243919372559,8.457243919372559,8.457243919372559,0,0.0,0.0
2001-10-11 00:00:00-04:00,8.502466201782227,8.502466201782227,8.502466201782227,8.502466201782227,750,0.0,0.0
2001-10-12 00:00:00-04:00,8.412017181709624,8.592921257019043,8.412017181709624,8.592921257019043,2700,0.0,0.0
2001-10-15 00:00:00-04:00,8.59291804003225,8.59291804003225,8.38940143585205,8.38940143585205,3000,0.0,0.0
2001-10-16 00:00:00-04:00,8.38940143585205,8.38940143585205,8.38940143585205,8.38940143585205,0,0.0,0.0
2001-10-17 00:00:00-04:00,8.705985069274902,8.705985069274902,8.705985069274902,8.705985069274902,150,0.0,0.0
2001-10-18 00:00:00-04:00,8.705982316940124,8.705982316940124,8.38940143585205,8.38940143585205,1050,0.0,0.0
2001-10-19 00:00:00-04:00,8.389404088102022,8.705985069274902,8.389404088102022,8.705985069274902,1050,0.0,0.0
2001-10-22 00:00:00-04:00,8.705985069274902,8.705985069274902,8.705985069274902,8.705985069274902,0,0.0,0.0
2001-10-23 00:00:00-04:00,8.705985069274902,8.705985069274902,8.705985069274902,8.705985069274902,0,0.0,0.0
2001-10-24 00:00:00-04:00,8.38940143585205,8.38940143585205,8.38940143585205,8.38940143585205,600,0.0,0.0
2001-10-25 00:00:00-04:00,8.38940143585205,8.38940143585205,8.38940143585205,8.38940143585205,0,0.0,0.0
2001-10-26 00:00:00-04:00,8.38940143585205,8.38940143585205,8.38940143585205,8.38940143585205,0,0.0,0.0
2001-10-29 00:00:00-05:00,8.638141632080078,8.638141632080078,8.638141632080078,8.638141632080078,6000,0.0,0.0
2001-10-30 00:00:00-05:00,8.412017822265625,8.412017822265625,8.412017822265625,8.412017822265625,300,0.0,0.0
2001-10-31 00:00:00-05:00,8.412017822265625,8.412017822265625,8.412017822265625,8.412017822265625,150,0.0,0.0
2001-11-01 00:00:00-05:00,8.393928197477196,8.592922647829708,8.004985763577162,8.366792678833008,6900,0.0,0.0
2001-11-02 00:00:00-05:00,8.457241137090044,8.52507957879585,8.185885429382324,8.185885429382324,2100,0.0,0.0
2001-11-05 00:00:00-05:00,8.185885429382324,8.185885429382324,8.185885429382324,8.185885429382324,0,0.0,0.0
2001-11-06 00:00:00-05:00,8.185885429382324,8.185885429382324,8.185885429382324,8.185885429382324,0,0.0,0.0
2001-11-07 00:00:00-05:00,8.208499246589351,8.357744216918945,8.208499246589351,8.357744216918945,2550,0.0,0.0
2001-11-08 00:00:00-05:00,8.208498547344945,8.502466201782227,8.208498547344945,8.502466201782227,300,0.0,0.0
2001-11-09 00:00:00-05:00,8.208502760813563,8.208502760813563,7.738153107750231,8.050211906433105,7950,0.0,0.0
2001-11-12 00:00:00-05:00,7.973327610800987,8.050211906433105,7.973327610800987,8.050211906433105,2850,0.0,0.0
2001-11-13 00:00:00-05:00,8.140663356798104,8.366792678833008,8.140663356798104,8.366792678833008,450,0.0,0.0
2001-11-14 00:00:00-05:00,8.050212363568033,8.140664100646973,8.050212363568033,8.140664100646973,450,0.0,0.0
2001-11-15 00:00:00-05:00,8.209070690788227,8.209070690788227,8.154343605041504,8.154343605041504,900,0.1,0.0
2001-11-16 00:00:00-05:00,8.368691444396973,8.368691444396973,8.368691444396973,8.368691444396973,300,0.0,0.0
2001-11-19 00:00:00-05:00,8.368691444396973,8.368691444396973,8.368691444396973,8.368691444396973,0,0.0,0.0
2001-11-20 00:00:00-05:00,8.368691444396973,8.368691444396973,8.368691444396973,8.368691444396973,0,0.0,0.0
2001-11-21 00:00:00-05:00,8.368691444396973,8.368691444396973,8.368691444396973,8.368691444396973,0,0.0,0.0
2001-11-23 00:00:00-05:00,8.368691444396973,8.368691444396973,8.368691444396973,8.368691444396973,0,0.0,0.0
2001-11-26 00:00:00-05:00,8.209068067608976,8.254673957824707,8.104174846311853,8.254673957824707,6000,0.0,0.0
2001-11-27 00:00:00-05:00,8.209068977160971,8.209068977160971,8.122417449951172,8.122417449951172,1050,0.0,0.0
2001-11-28 00:00:00-05:00,8.323086762391453,8.323086762391453,8.117859840393066,8.117859840393066,450,0.0,0.0
2001-11-29 00:00:00-05:00,8.117859840393066,8.117859840393066,8.117859840393066,8.117859840393066,0,0.0,0.0
2001-11-30 00:00:00-05:00,8.117859840393066,8.117859840393066,8.117859840393066,8.117859840393066,0,0.0,0.0
2001-12-03 00:00:00-05:00,7.821419000327349,8.140660285949707,7.821419000327349,8.140660285949707,1050,0.0,0.0
2001-12-04 00:00:00-05:00,7.7986159324646005,7.7986159324646005,7.7986159324646005,7.7986159324646,300,0.0,0.0
2001-12-05 00:00:00-05:00,7.7986159324646005,7.7986159324646005,7.7986159324646005,7.7986159324646,0,0.0,0.0
2001-12-06 00:00:00-05:00,8.140660285949707,8.140660285949707,8.140660285949707,8.140660285949707,300,0.0,0.0
2001-12-07 00:00:00-05:00,8.140660285949707,8.140660285949707,8.140660285949707,8.140660285949707,0,0.0,0.0
2001-12-10 00:00:00-05:00,8.140660285949707,8.140660285949707,8.140660285949707,8.140660285949707,0,0.0,0.0
2001-12-11 00:00:00-05:00,7.844224379327484,8.117859840393066,7.844224379327484,8.117859840393066,300,0.0,0.0
2001-12-12 00:00:00-05:00,7.9810380935668945,7.9810380935668945,7.9810380935668945,7.9810380935668945,450,0.0,0.0
2001-12-13 00:00:00-05:00,7.9810380935668945,7.9810380935668945,7.9810380935668945,7.9810380935668945,450,0.0,0.0
2001-12-14 00:00:00-05:00,7.9810380935668945,7.9810380935668945,7.9810380935668945,7.9810380935668945,0,0.0,0.0
2001-12-17 00:00:00-05:00,7.9810380935668945,7.9810380935668945,7.9810380935668945,7.9810380935668945,0,0.0,0.0
2001-12-18 00:00:00-05:00,7.9810380935668945,7.9810380935668945,7.9810380935668945,7.9810380935668945,900,0.0,0.0
2001-12-19 00:00:00-05:00,7.9810380935668945,7.9810380935668945,7.9810380935668945,7.9810380935668945,0,0.0,0.0
2001-12-20 00:00:00-05:00,7.844225883483887,7.844225883483887,7.844225883483887,7.844225883483887,600,0.0,0.0
2001-12-21 00:00:00-05:00,7.9810380935668945,7.9810380935668945,7.9810380935668945,7.9810380935668945,600,0.0,0.0
2001-12-24 00:00:00-05:00,7.9810380935668945,7.9810380935668945,7.9810380935668945,7.9810380935668945,0,0.0,0.0
2001-12-26 00:00:00-05:00,7.981043640251937,7.981043640251937,7.844225883483887,7.844225883483887,4350,0.0,0.0
2001-12-27 00:00:00-05:00,8.163461685180664,8.163461685180664,8.163461685180664,8.163461685180664,300,0.0,0.0
2001-12-28 00:00:00-05:00,8.209070690788227,8.209070690788227,8.095055602616727,8.154343605041504,750,0.0,0.0
2001-12-31 00:00:00-05:00,8.20907211303711,8.20907211303711,8.20907211303711,8.20907211303711,300,0.0,0.0
2002-01-02 00:00:00-05:00,8.20907211303711,8.20907211303711,8.20907211303711,8.20907211303711,0,0.0,0.0
2002-01-03 00:00:00-05:00,8.20907211303711,8.20907211303711,8.20907211303711,8.20907211303711,0,0.0,0.0
2002-01-04 00:00:00-05:00,8.573920066280786,8.573920066280786,8.437102317810059,8.437102317810059,3300,0.0,0.0
2002-01-07 00:00:00-05:00,8.437102317810059,8.437102317810059,8.437102317810059,8.437102317810059,0,0.0,0.0
2002-01-08 00:00:00-05:00,8.505507947796422,8.596719741821289,8.505507947796422,8.596719741821289,2250,0.0,0.0
2002-01-09 00:00:00-05:00,8.596719741821289,8.596719741821289,8.528311222501745,8.596719741821289,1950,0.0,0.0
2002-01-10 00:00:00-05:00,8.459905602087757,8.573920066280786,8.437102317810059,8.437102317810059,1350,0.0,0.0
2002-01-11 00:00:00-05:00,8.414298057556152,8.414298057556152,8.414298057556152,8.414298057556152,300,0.0,0.0
2002-01-14 00:00:00-05:00,8.332207424360282,8.414298057556152,8.332207424360282,8.414298057556152,750,0.0,0.0
2002-01-15 00:00:00-05:00,8.231874240945883,8.414298532975623,8.231874240945883,8.300283432006836,9150,0.0,0.0
2002-01-16 00:00:00-05:00,8.505507947088173,8.560235023498535,8.505507947088173,8.560235023498535,1200,0.0,0.0
2002-01-17 00:00:00-05:00,8.619524437542267,8.687932968139648,8.619524437542267,8.687932968139648,1500,0.0,0.0
2002-01-18 00:00:00-05:00,8.619522094726562,8.619522094726562,8.619522094726562,8.619522094726562,150,0.0,0.0
2002-01-22 00:00:00-05:00,8.619522094726562,8.619522094726562,8.619522094726562,8.619522094726562,0,0.0,0.0
2002-01-23 00:00:00-05:00,8.619522094726562,8.619522094726562,8.619522094726562,8.619522094726562,300,0.0,0.0
2002-01-24 00:00:00-05:00,8.505507469177246,8.505507469177246,8.505507469177246,8.505507469177246,300,0.0,0.0
2002-01-25 00:00:00-05:00,8.66512729618109,8.779141691232121,8.66512729618109,8.756339073181152,1500,0.0,0.0
2002-01-28 00:00:00-05:00,8.829307589937589,8.938761711120605,8.829307589937589,8.938761711120605,1050,0.0,0.0
2002-01-29 00:00:00-05:00,8.893157447537696,8.938763339672885,8.619522094726562,8.619522094726562,2550,0.0,0.0
2002-01-30 00:00:00-05:00,9.075585595335179,9.102949142456055,9.075585595335179,9.102949142456055,450,0.0,0.0
2002-01-31 00:00:00-05:00,9.102949142456055,9.102949142456055,9.102949142456055,9.102949142456055,0,0.0,0.0
2002-02-01 00:00:00-05:00,9.258003923037194,9.258003923037194,8.893156812027856,9.121186256408691,5550,0.0,0.0
2002-02-04 00:00:00-05:00,8.801947593688965,8.801947593688965,8.801947593688965,8.801947593688965,300,0.0,0.0
2002-02-05 00:00:00-05:00,8.801947593688965,8.801947593688965,8.801947593688965,8.801947593688965,0,0.0,0.0
2002-02-06 00:00:00-05:00,8.801947593688965,8.801947593688965,8.801947593688965,8.801947593688965,0,0.0,0.0
2002-02-07 00:00:00-05:00,8.801947593688965,8.801947593688965,8.801947593688965,8.801947593688965,0,0.0,0.0
2002-02-08 00:00:00-05:00,9.16679573059082,9.16679573059082,9.16679573059082,9.16679573059082,300,0.0,0.0
2002-02-11 00:00:00-05:00,9.007175383292768,9.16679573059082,9.007175383292768,9.16679573059082,1200,0.0,0.0
2002-02-12 00:00:00-05:00,9.00717544555664,9.00717544555664,9.00717544555664,9.00717544555664,1500,0.0,0.0
2002-02-13 00:00:00-05:00,9.00717544555664,9.00717544555664,9.00717544555664,9.00717544555664,0,0.0,0.0
2002-02-14 00:00:00-05:00,9.076106328179828,9.190993309020996,9.076106328179828,9.190993309020996,7050,0.1,0.0
2002-02-15 00:00:00-05:00,9.099084854125977,9.099084854125977,9.099084854125977,9.099084854125977,150,0.0,0.0
2002-02-19 00:00:00-05:00,9.328856468200684,9.328856468200684,9.328856468200684,9.328856468200684,1950,0.0,0.0
2002-02-20 00:00:00-05:00,9.328856468200684,9.328856468200684,9.328856468200684,9.328856468200684,750,0.0,0.0
2002-02-21 00:00:00-05:00,9.420768585485503,9.420768585485503,9.190993309020996,9.190993309020996,1950,0.0,0.0
2002-02-22 00:00:00-05:00,9.190993309020996,9.190993309020996,9.190993309020996,9.190993309020996,0,0.0,0.0
2002-02-25 00:00:00-05:00,9.420767784118652,9.420767784118652,9.420767784118652,9.420767784118652,150,0.0,0.0
2002-02-26 00:00:00-05:00,9.604585077582097,9.604585077582097,9.236945152282715,9.236945152282715,2400,0.0,0.0
2002-02-27 00:00:00-05:00,9.236945152282715,9.236945152282715,9.236945152282715,9.236945152282715,0,0.0,0.0
2002-02-28 00:00:00-05:00,9.236945152282715,9.604585077582097,9.236945152282715,9.236945152282715,4350,0.0,0.0
2002-03-01 00:00:00-05:00,9.535656361850663,9.535656361850663,9.190994075791107,9.259926795959473,2100,0.0,0.0
2002-03-04 00:00:00-05:00,9.259926795959473,9.259926795959473,9.259926795959473,9.259926795959473,0,0.0,0.0
2002-03-05 00:00:00-05:00,9.259926795959473,9.259926795959473,9.259926795959473,9.259926795959473,450,0.0,0.0
2002-03-06 00:00:00-05:00,9.259926795959473,9.259926795959473,9.259926795959473,9.259926795959473,0,0.0,0.0
2002-03-07 00:00:00-05:00,9.581610679626465,9.581610679626465,9.581610679626465,9.581610679626465,150,0.0,0.0
2002-03-08 00:00:00-05:00,9.581609675092674,9.581609675092674,9.420767784118652,9.420767784118652,1200,0.0,0.0
2002-03-11 00:00:00-05:00,9.489701271057129,9.489701271057129,9.489701271057129,9.489701271057129,1200,0.0,0.0
2002-03-12 00:00:00-05:00,9.590802192687988,9.590802192687988,9.590802192687988,9.590802192687988,150,0.0,0.0
2002-03-13 00:00:00-05:00,9.535655975341797,9.535655975341797,9.535655975341797,9.535655975341797,4200,0.0,0.0
2002-03-14 00:00:00-05:00,9.535655975341797,9.535655975341797,9.535655975341797,9.535655975341797,0,0.0,0.0
2002-03-15 00:00:00-05:00,9.535653898893534,9.604586601257324,9.535653898893534,9.604586601257324,4050,0.0,0.0
2002-03-18 00:00:00-05:00,9.604587463740978,9.650542383646561,9.420767784118652,9.420767784118652,1650,0.0,0.0
2002-03-19 00:00:00-05:00,9.420767784118652,9.420767784118652,9.420767784118652,9.420767784118652,0,0.0,0.0
2002-03-20 00:00:00-05:00,9.420767784118652,9.420767784118652,9.420767784118652,9.420767784118652,0,0.0,0.0
2002-03-21 00:00:00-05:00,9.650542383646561,9.650542383646561,9.420767784118652,9.420767784118652,1350,0.0,0.0
2002-03-22 00:00:00-05:00,9.420767784118652,9.420767784118652,9.420767784118652,9.420767784118652,0,0.0,0.0
2002-03-25 00:00:00-05:00,9.420767784118652,9.420767784118652,9.420767784118652,9.420767784118652,450,0.0,0.0
2002-03-26 00:00:00-05:00,9.420767784118652,9.420767784118652,9.420767784118652,9.420767784118652,0,0.0,0.0
2002-03-27 00:00:00-05:00,9.420766737036274,9.420766737036274,9.126654624938965,9.126654624938965,4950,0.0,0.0
2002-03-28 00:00:00-05:00,9.282903322363158,9.581609982641766,9.282903322363158,9.558632850646973,600,0.0,0.0
2002-04-01 00:00:00-05:00,9.282907748881499,9.627570152282715,9.282907748881499,9.627570152282715,4950,0.0,0.0
2002-04-02 00:00:00-05:00,9.627568140016983,9.650545278165866,9.292096138000488,9.292096138000488,3300,0.0,0.0
2002-04-03 00:00:00-05:00,9.292098408288673,9.292098408288673,9.287503242492676,9.287503242492676,300,0.0,0.0
2002-04-04 00:00:00-05:00,9.420767784118652,9.420767784118652,9.420767784118652,9.420767784118652,4200,0.0,0.0
2002-04-05 00:00:00-05:00,9.420767784118652,9.420767784118652,9.420767784118652,9.420767784118652,0,0.0,0.0
2002-04-08 00:00:00-04:00,9.508085125836564,9.508085125836564,9.305883407592773,9.305883407592773,3000,0.0,0.0
2002-04-09 00:00:00-04:00,9.37481614023515,9.37481614023515,9.305883407592773,9.305883407592773,1350,0.0,0.0
2002-04-10 00:00:00-04:00,9.305883407592773,9.305883407592773,9.305883407592773,9.305883407592773,600,0.0,0.0
2002-04-11 00:00:00-04:00,9.512677623929816,9.512677623929816,9.305880155659183,9.420767784118652,10500,0.0,0.0
2002-04-12 00:00:00-04:00,9.512677623929816,9.650542383646561,9.420767784118652,9.420767784118652,4050,0.0,0.0
2002-04-15 00:00:00-04:00,9.351834297180176,9.351834297180176,9.351834297180176,9.351834297180176,1050,0.0,0.0
2002-04-16 00:00:00-04:00,9.351838599674974,9.673523160236394,9.351838599674974,9.443748474121094,6600,0.0,0.0
2002-04-17 00:00:00-04:00,9.374812083915963,9.374812083915963,9.351834297180176,9.351834297180176,3900,0.0,0.0
2002-04-18 00:00:00-04:00,9.443744129341376,9.443744129341376,9.351834297180176,9.351834297180176,2400,0.0,0.0
2002-04-19 00:00:00-04:00,9.351834297180176,9.351834297180176,9.351834297180176,9.351834297180176,8700,0.0,0.0
2002-04-22 00:00:00-04:00,9.604591083097443,9.604591083097443,9.443748474121094,9.443748474121094,2400,0.0,0.0
2002-04-23 00:00:00-04:00,9.443748474121094,9.443748474121094,9.443748474121094,9.443748474121094,0,0.0,0.0
2002-04-24 00:00:00-04:00,9.351838599674974,9.443748474121094,9.351838599674974,9.443748474121094,1350,0.0,0.0
2002-04-25 00:00:00-04:00,9.420771334205202,9.443748474121094,9.420771334205202,9.443748474121094,1650,0.0,0.0
2002-04-26 00:00:00-04:00,9.420771334205202,9.443748474121094,9.420771334205202,9.443748474121094,4650,0.0,0.0
2002-04-29 00:00:00-04:00,9.558632543835397,9.558632543835397,9.190992527199715,9.420767784118652,10800,0.0,0.0
2002-04-30 00:00:00-04:00,9.558630169093533,9.558630169093533,9.236945152282715,9.236945152282715,4050,0.0,0.0
2002-05-01 00:00:00-04:00,9.374813079833984,9.374813079833984,9.374813079833984,9.374813079833984,450,0.0,0.0
2002-05-02 00:00:00-04:00,9.374813079833984,9.374813079833984,9.374813079833984,9.374813079833984,0,0.0,0.0
2002-05-03 00:00:00-04:00,9.558632543835397,9.558632543835397,9.420767784118652,9.420767784118652,3300,0.0,0.0
2002-05-06 00:00:00-04:00,9.613778069688882,9.673519134521484,9.613778069688882,9.673519134521484,3000,0.0,0.0
2002-05-07 00:00:00-04:00,9.443746443895494,9.443746443895494,8.961219378091851,9.076107025146484,1800,0.0,0.0
2002-05-08 00:00:00-04:00,9.076107025146484,9.076107025146484,9.076107025146484,9.076107025146484,0,0.0,0.0
2002-05-09 00:00:00-04:00,9.076107025146484,9.076107025146484,9.076107025146484,9.076107025146484,3000,0.0,0.0
2002-05-10 00:00:00-04:00,9.420767784118652,9.420767784118652,9.420767784118652,9.420767784118652,1350,0.0,0.0
2002-05-13 00:00:00-04:00,9.305879319999187,9.604586601257324,9.305879319999187,9.604586601257324,6900,0.0,0.0
2002-05-14 00:00:00-04:00,9.604587339903253,9.650542259216309,9.604587339903253,9.650542259216309,1800,0.0,0.0
2002-05-15 00:00:00-04:00,9.190992408694717,9.650542259216309,9.190992408694717,9.650542259216309,900,0.0,0.0
2002-05-16 00:00:00-04:00,9.465399742126465,9.465399742126465,9.465399742126465,9.465399742126465,450,0.1,0.0
2002-05-17 00:00:00-04:00,9.465399742126465,9.465399742126465,9.465399742126465,9.465399742126465,0,0.0,0.0
2002-05-20 00:00:00-04:00,9.419114112854004,9.419114112854004,9.419114112854004,9.419114112854004,450,0.0,0.0
2002-05-21 00:00:00-04:00,9.419114112854004,9.419114112854004,9.419114112854004,9.419114112854004,0,0.0,0.0
2002-05-22 00:00:00-04:00,9.419114112854004,9.419114112854004,9.419114112854004,9.419114112854004,0,0.0,0.0
2002-05-23 00:00:00-04:00,9.835685729980469,9.835685729980469,9.835685729980469,9.835685729980469,900,0.0,0.0
2002-05-24 00:00:00-04:00,9.905115766583423,10.06711483001709,9.905115766583423,10.06711483001709,750,0.0,0.0
2002-05-28 00:00:00-04:00,10.11339771164973,10.127283701443455,9.419114112854004,9.419114112854004,1050,0.0,0.0
2002-05-29 00:00:00-04:00,10.182829856872559,10.182829856872559,10.182829856872559,10.182829856872559,750,0.0,0.0
2002-05-30 00:00:00-04:00,10.182829856872559,10.182829856872559,10.182829856872559,10.182829856872559,150,0.0,0.0
2002-05-31 00:00:00-04:00,10.182829856872559,10.182829856872559,10.182829856872559,10.182829856872559,150,0.0,0.0
2002-06-03 00:00:00-04:00,10.178196907043457,10.178196907043457,10.178196907043457,10.178196907043457,150,0.0,0.0
2002-06-04 00:00:00-04:00,9.419114112854004,9.419114112854004,9.419114112854004,9.419114112854004,150,0.0,0.0
2002-06-05 00:00:00-04:00,10.043972969055176,10.043972969055176,10.043972969055176,10.043972969055176,150,0.0,0.0
2002-06-06 00:00:00-04:00,10.043972969055176,10.043972969055176,10.043972969055176,10.043972969055176,0,0.0,0.0
2002-06-07 00:00:00-04:00,10.043972969055176,10.043972969055176,10.043972969055176,10.043972969055176,450,0.0,0.0
2002-06-10 00:00:00-04:00,9.951400838990427,9.951400838990427,9.03494644165039,9.03494644165039,1200,0.0,0.0
2002-06-11 00:00:00-04:00,10.136544227600098,10.136544227600098,9.488545939264538,10.136544227600098,3600,0.0,0.0
2002-06-12 00:00:00-04:00,10.136544056956057,10.136544056956057,10.043972969055176,10.043972969055176,1650,0.0,0.0
2002-06-13 00:00:00-04:00,10.043972969055176,10.043972969055176,10.043972969055176,10.043972969055176,0,0.0,0.0
2002-06-14 00:00:00-04:00,9.511684430073004,10.090253829956055,9.511684430073004,10.090253829956055,9600,0.0,0.0
2002-06-17 00:00:00-04:00,10.090253958203643,10.090253958203643,9.719969749450684,9.719969749450684,2850,0.0,0.0
2002-06-18 00:00:00-04:00,10.090257850884967,10.090257850884967,9.835687690217872,10.043972969055176,2250,0.0,0.0
2002-06-19 00:00:00-04:00,10.090254035017749,10.090254035017749,9.604255676269531,9.604255676269531,300,0.0,0.0
2002-06-20 00:00:00-04:00,9.604255676269531,9.604255676269531,9.604255676269531,9.604255676269531,0,0.0,0.0
2002-06-21 00:00:00-04:00,10.090254035017749,10.090254035017749,9.604255676269531,9.604255676269531,1650,0.0,0.0
2002-06-24 00:00:00-04:00,10.090253829956055,10.090253829956055,10.090253829956055,10.090253829956055,150,0.0,0.0
2002-06-25 00:00:00-04:00,9.627402305603027,10.090257740021972,9.627402305603027,9.627402305603027,4650,0.0,0.0
2002-06-26 00:00:00-04:00,9.627402305603027,9.627402305603027,9.627402305603027,9.627402305603027,0,0.0,0.0
2002-06-27 00:00:00-04:00,10.090253958203643,10.090253958203643,9.719969749450684,9.719969749450684,600,0.0,0.0
2002-06-28 00:00:00-04:00,9.719969749450684,9.719969749450684,9.719969749450684,9.719969749450684,0,0.0,0.0
2002-07-01 00:00:00-04:00,9.719969749450684,9.719969749450684,9.719969749450684,9.719969749450684,0,0.0,0.0
2002-07-02 00:00:00-04:00,9.719969749450684,9.719969749450684,9.719969749450684,9.719969749450684,0,0.0,0.0
2002-07-03 00:00:00-04:00,9.719969749450684,9.719969749450684,9.719969749450684,9.719969749450684,0,0.0,0.0
2002-07-05 00:00:00-04:00,9.719969749450684,9.719969749450684,9.719969749450684,9.719969749450684,0,0.0,0.0
2002-07-08 00:00:00-04:00,9.8588285446167,9.8588285446167,9.8588285446167,9.8588285446167,600,0.0,0.0
2002-07-09 00:00:00-04:00,10.067111526216781,10.067111526216781,9.719969749450684,9.719969749450684,2550,0.0,0.0
2002-07-10 00:00:00-04:00,9.719969749450684,9.719969749450684,9.719969749450684,9.719969749450684,0,0.0,0.0
2002-07-11 00:00:00-04:00,9.719969749450684,9.719969749450684,9.719969749450684,9.719969749450684,0,0.0,0.0
2002-07-12 00:00:00-04:00,9.719969749450684,9.719969749450684,9.719969749450684,9.719969749450684,0,0.0,0.0
2002-07-15 00:00:00-04:00,9.71997194808521,9.71997194808521,9.534829139709473,9.534829139709473,2250,0.0,0.0
2002-07-16 00:00:00-04:00,9.534829139709473,9.534829139709473,9.534829139709473,9.534829139709473,150,0.0,0.0
2002-07-17 00:00:00-04:00,9.534829139709473,9.534829139709473,9.534829139709473,9.534829139709473,0,0.0,0.0
2002-07-18 00:00:00-04:00,9.905113220214844,9.905113220214844,9.905113220214844,9.905113220214844,300,0.0,0.0
2002-07-19 00:00:00-04:00,9.905113220214844,9.905113220214844,9.905113220214844,9.905113220214844,0,0.0,0.0
2002-07-22 00:00:00-04:00,9.534829139709473,9.534829139709473,9.534829139709473,9.534829139709473,750,0.0,0.0
2002-07-23 00:00:00-04:00,9.557971418766485,9.905113220214844,9.557971418766485,9.905113220214844,750,0.0,0.0
2002-07-24 00:00:00-04:00,9.511686674449587,9.511686674449587,9.400601387023926,9.400601387023926,2100,0.0,0.0
2002-07-25 00:00:00-04:00,9.400601387023926,9.400601387023926,9.400601387023926,9.400601387023926,150,0.0,0.0
2002-07-26 00:00:00-04:00,9.34505811725992,9.37282943725586,9.34505811725992,9.37282943725586,5550,0.0,0.0
2002-07-29 00:00:00-04:00,9.372830495186578,9.372830495186578,9.257116317749023,9.257116317749023,1800,0.0,0.0
2002-07-30 00:00:00-04:00,9.257116317749023,9.257116317749023,9.257116317749023,9.257116317749023,0,0.0,0.0
2002-07-31 00:00:00-04:00,9.419114112854004,9.419114112854004,9.419114112854004,9.419114112854004,5400,0.0,0.0
2002-08-01 00:00:00-04:00,9.419114112854004,9.419114112854004,9.419114112854004,9.419114112854004,0,0.0,0.0
2002-08-02 00:00:00-04:00,9.419114112854004,9.419114112854004,9.419114112854004,9.419114112854004,0,0.0,0.0
2002-08-05 00:00:00-04:00,9.28025933892397,9.28025933892397,9.04883098602295,9.04883098602295,3750,0.0,0.0
2002-08-06 00:00:00-04:00,9.442258068305954,9.442258068305954,9.37282943725586,9.37282943725586,1350,0.0,0.0
2002-08-07 00:00:00-04:00,9.048829217840078,9.442257208470064,9.048829217840078,9.419114112854004,3900,0.0,0.0
2002-08-08 00:00:00-04:00,9.419114112854004,9.419114112854004,9.419114112854004,9.419114112854004,0,0.0,0.0
2002-08-09 00:00:00-04:00,9.141402724455697,9.141402724455697,9.04883098602295,9.04883098602295,1500,0.0,0.0
2002-08-12 00:00:00-04:00,9.257116317749023,9.257116317749023,9.257116317749023,9.257116317749023,1500,0.0,0.0
2002-08-13 00:00:00-04:00,9.289516928018212,9.289516928018212,9.141403198242188,9.141403198242188,1500,0.0,0.0
2002-08-14 00:00:00-04:00,9.303401314663775,9.437629699707031,9.257115778807572,9.437629699707031,6000,0.0,0.0
2002-08-15 00:00:00-04:00,9.3257179282905,9.53554672008521,9.3257179282905,9.512232780456543,4200,0.1,0.0
2002-08-16 00:00:00-04:00,9.325719145668206,9.442290860110816,9.325719145668206,9.395662307739258,1650,0.0,0.0
2002-08-19 00:00:00-04:00,9.512234424797095,9.512234424797095,9.442291259765625,9.442291259765625,3300,0.0,0.0
2002-08-20 00:00:00-04:00,9.442291259765625,9.442291259765625,9.442291259765625,9.442291259765625,450,0.0,0.0
2002-08-21 00:00:00-04:00,9.48891830444336,9.48891830444336,9.48891830444336,9.48891830444336,150,0.0,0.0
2002-08-22 00:00:00-04:00,9.404988128020818,9.558862686157227,9.404988128020818,9.558862686157227,5700,0.0,0.0
2002-08-23 00:00:00-04:00,9.558862979142255,9.558862979142255,9.442291259765625,9.442291259765625,2400,0.0,0.0
2002-08-26 00:00:00-04:00,9.6754354322519,9.787343978881836,9.6754354322519,9.787343978881836,450,0.0,0.0
2002-08-27 00:00:00-04:00,9.908580168651568,10.025151252746582,9.908580168651568,10.025151252746582,600,0.0,0.0
2002-08-28 00:00:00-04:00,9.964535103921643,10.076443672180176,9.79200906100923,10.076443672180176,2400,0.0,0.0
2002-08-29 00:00:00-04:00,10.076443672180176,10.076443672180176,10.076443672180176,10.076443672180176,0,0.0,0.0
2002-08-30 00:00:00-04:00,10.076443672180176,10.076443672180176,10.076443672180176,10.076443672180176,0,0.0,0.0
2002-09-03 00:00:00-04:00,10.020489248623491,10.076443531974196,9.815322875976562,9.815322875976562,10800,0.0,0.0
2002-09-04 00:00:00-04:00,9.815322875976562,9.815322875976562,9.815322875976562,9.815322875976562,1500,0.0,0.0
2002-09-05 00:00:00-04:00,9.815322875976562,9.815322875976562,9.815322875976562,9.815322875976562,0,0.0,0.0
2002-09-06 00:00:00-04:00,10.071780341514469,10.071780341514469,9.815322875976562,9.815322875976562,450,0.0,0.0
2002-09-09 00:00:00-04:00,9.819985003280827,10.071779251098633,9.819985003280827,10.071779251098633,3450,0.0,0.0
2002-09-10 00:00:00-04:00,9.815318379980413,9.885261535644531,9.815318379980413,9.885261535644531,900,0.0,0.0
2002-09-11 00:00:00-04:00,9.885264993455813,10.071779251098633,9.885264993455813,10.071779251098633,3600,0.0,0.0
2002-09-12 00:00:00-04:00,10.071777795360763,10.071777795360763,9.885263564676027,9.978521347045898,5550,0.0,0.0
2002-09-13 00:00:00-04:00,10.071779251098633,10.071779251098633,10.071779251098633,10.071779251098633,300,0.0,0.0
2002-09-16 00:00:00-04:00,9.889927329012318,10.234978675842285,9.885264139460304,10.234978675842285,3300,0.0,0.0
2002-09-17 00:00:00-04:00,9.955209732055664,9.955209732055664,9.955209732055664,9.955209732055664,450,0.0,0.0
2002-09-18 00:00:00-04:00,9.955209732055664,9.955209732055664,9.955209732055664,9.955209732055664,0,0.0,0.0
2002-09-19 00:00:00-04:00,10.234976635449732,10.258291244506836,10.234976635449732,10.258291244506836,600,0.0,0.0
2002-09-20 00:00:00-04:00,10.258291244506836,10.258291244506836,10.258291244506836,10.258291244506836,0,0.0,0.0
2002-09-23 00:00:00-04:00,10.253631564773714,10.253631564773714,10.025151252746582,10.025151252746582,900,0.0,0.0
2002-09-24 00:00:00-04:00,10.025151252746582,10.025151252746582,10.025151252746582,10.025151252746582,0,0.0,0.0
2002-09-25 00:00:00-04:00,10.025151252746582,10.025151252746582,10.025151252746582,10.025151252746582,300,0.0,0.0
2002-09-26 00:00:00-04:00,9.83863530759265,9.885263866688419,9.83863530759265,9.861949920654297,1200,0.0,0.0
2002-09-27 00:00:00-04:00,10.160372382867639,10.160372382867639,9.927228927612305,9.927228927612305,600,0.0,0.0
2002-09-30 00:00:00-04:00,9.908574360711295,9.908574360711295,9.79200267791748,9.79200267791748,7650,0.0,0.0
2002-10-01 00:00:00-04:00,10.025151252746582,10.258294754991887,10.025151252746582,10.025151252746582,4650,0.0,0.0
2002-10-02 00:00:00-04:00,10.21166434902033,11.074293017496371,10.21166434902033,10.608007431030273,6600,0.0,0.0
2002-10-03 00:00:00-04:00,10.724578857421875,11.120921952857708,10.724578857421875,10.724578857421875,4200,0.0,0.0
2002-10-04 00:00:00-04:00,10.351551646535373,10.538065910339355,10.328237697073686,10.538065910339355,600,0.0,0.0
2002-10-07 00:00:00-04:00,10.538065910339355,10.538065910339355,10.538065910339355,10.538065910339355,1500,0.0,0.0
2002-10-08 00:00:00-04:00,10.538065910339355,10.538065910339355,10.538065910339355,10.538065910339355,0,0.0,0.0
2002-10-09 00:00:00-04:00,10.701266113778347,10.701266113778347,10.304922306760988,10.496100425720215,2250,0.0,0.0
2002-10-10 00:00:00-04:00,10.701263885389139,10.701263885389139,10.491435050964355,10.491435050964355,9150,0.0,0.0
2002-10-11 00:00:00-04:00,10.491438000043885,10.491438000043885,10.304923057556152,10.304923057556152,7350,0.0,0.0
2002-10-14 00:00:00-04:00,10.304923057556152,10.304923057556152,10.304923057556152,10.304923057556152,0,0.0,0.0
2002-10-15 00:00:00-04:00,10.677955536572263,10.677955536572263,10.304925560975054,10.421497344970703,4350,0.0,0.0
2002-10-16 00:00:00-04:00,10.421500052339741,10.444814682006836,10.421500052339741,10.444814682006836,3900,0.0,0.0
2002-10-17 00:00:00-04:00,10.444809431178868,10.444809431178868,10.304923057556152,10.304923057556152,900,0.0,0.0
2002-10-18 00:00:00-04:00,10.234978675842285,10.234978675842285,10.234978675842285,10.234978675842285,300,0.0,0.0
2002-10-21 00:00:00-04:00,10.169700622558594,10.169700622558594,10.169700622558594,10.169700622558594,150,0.0,0.0
2002-10-22 00:00:00-04:00,10.608009645996773,10.608009645996773,10.258295049612569,10.262957572937012,2250,0.0,0.0
2002-10-23 00:00:00-04:00,10.608012332769308,10.608012332769308,10.421497344970703,10.421497344970703,10800,0.0,0.0
2002-10-24 00:00:00-04:00,10.290931701660156,10.290931701660156,10.290931701660156,10.290931701660156,750,0.0,0.0
2002-10-25 00:00:00-04:00,10.290931701660156,10.290931701660156,10.290931701660156,10.290931701660156,0,0.0,0.0
2002-10-28 00:00:00-05:00,10.290931701660156,10.290931701660156,10.290931701660156,10.290931701660156,0,0.0,0.0
2002-10-29 00:00:00-05:00,10.631321907043457,10.631321907043457,10.631321907043457,10.631321907043457,150,0.0,0.0
2002-10-30 00:00:00-05:00,10.631321907043457,10.631321907043457,10.631321907043457,10.631321907043457,0,0.0,0.0
2002-10-31 00:00:00-05:00,10.631321907043457,10.631321907043457,10.631321907043457,10.631321907043457,0,0.0,0.0
2002-11-01 00:00:00-05:00,10.631321907043457,10.631321907043457,10.631321907043457,10.631321907043457,0,0.0,0.0
2002-11-04 00:00:00-05:00,10.379528045654297,10.384191235430546,10.379528045654297,10.379528045654297,900,0.0,0.0
2002-11-05 00:00:00-05:00,10.374865048572003,10.580031394958496,10.374865048572003,10.580031394958496,5550,0.0,0.0
2002-11-06 00:00:00-05:00,10.454132080078125,10.454132080078125,10.454132080078125,10.454132080078125,150,0.0,0.0
2002-11-07 00:00:00-05:00,10.454132080078125,10.454132080078125,10.454132080078125,10.454132080078125,0,0.0,0.0
2002-11-08 00:00:00-05:00,10.458794593811035,10.458794593811035,10.458794593811035,10.458794593811035,150,0.0,0.0
2002-11-11 00:00:00-05:00,10.458794593811035,10.458794593811035,10.458794593811035,10.458794593811035,0,0.0,0.0
2002-11-12 00:00:00-05:00,10.580031394958496,10.580031394958496,10.580031394958496,10.580031394958496,450,0.0,0.0
2002-11-13 00:00:00-05:00,10.45879584973079,10.45879584973079,10.398179054260254,10.398179054260254,1800,0.0,0.0
2002-11-14 00:00:00-05:00,10.632899284362793,10.632899284362793,10.632899284362793,10.632899284362793,300,0.1,0.0
2002-11-15 00:00:00-05:00,10.632899284362793,10.632899284362793,10.632899284362793,10.632899284362793,0,0.0,0.0
2002-11-18 00:00:00-05:00,10.632899284362793,10.632899284362793,10.632899284362793,10.632899284362793,0,0.0,0.0
2002-11-19 00:00:00-05:00,10.473288536071777,10.473288536071777,10.473288536071777,10.473288536071777,1650,0.0,0.0
2002-11-20 00:00:00-05:00,10.47329017490847,10.562484741210938,10.47329017490847,10.562484741210938,1650,0.0,0.0
2002-11-21 00:00:00-05:00,10.562484741210938,10.562484741210938,10.562484741210938,10.562484741210938,0,0.0,0.0
2002-11-22 00:00:00-05:00,10.609430313110352,10.609430313110352,10.609430313110352,10.609430313110352,150,0.0,0.0
2002-11-25 00:00:00-05:00,10.562484741210938,10.562484741210938,10.562484741210938,10.562484741210938,150,0.0,0.0
2002-11-26 00:00:00-05:00,10.562484741210938,10.562484741210938,10.562484741210938,10.562484741210938,750,0.0,0.0
2002-11-27 00:00:00-05:00,10.562484741210938,10.562484741210938,10.562484741210938,10.562484741210938,1200,0.0,0.0
2002-11-29 00:00:00-05:00,10.56248597576549,10.609430313110352,10.56248597576549,10.609430313110352,450,0.0,0.0
2002-12-02 00:00:00-05:00,10.562484741210938,10.562484741210938,10.562484741210938,10.562484741210938,300,0.0,0.0
2002-12-03 00:00:00-05:00,10.562484741210938,10.562484741210938,10.562484741210938,10.562484741210938,0,0.0,0.0
2002-12-04 00:00:00-05:00,10.562483529258971,10.651678085327148,10.562483529258971,10.651678085327148,3750,0.0,0.0
2002-12-05 00:00:00-05:00,10.651678926741171,10.679845524849057,10.651678926741171,10.656373023986816,4650,0.0,0.0
2002-12-06 00:00:00-05:00,10.661067962646484,10.661067962646484,10.661067962646484,10.661067962646484,750,0.0,0.0
2002-12-09 00:00:00-05:00,10.787817148490284,10.797206014526244,10.656373023986816,10.656373023986816,1200,0.0,0.0
2002-12-10 00:00:00-05:00,10.656373023986816,10.656373023986816,10.656373023986816,10.656373023986816,0,0.0,0.0
2002-12-11 00:00:00-05:00,10.65637670564088,10.773737907409668,10.65637670564088,10.773737907409668,600,0.0,0.0
2002-12-12 00:00:00-05:00,10.773737907409668,10.773737907409668,10.773737907409668,10.773737907409668,0,0.0,0.0
2002-12-13 00:00:00-05:00,10.661067962646484,10.661067962646484,10.661067962646484,10.661067962646484,3000,0.0,0.0
2002-12-16 00:00:00-05:00,10.797205834448885,10.914566993713379,10.797205834448885,10.914566993713379,1200,0.0,0.0
2002-12-17 00:00:00-05:00,10.811286926269531,10.811286926269531,10.811286926269531,10.811286926269531,7500,0.0,0.0
2002-12-18 00:00:00-05:00,10.914563240010748,10.961507553262672,10.914563240010748,10.923952102661133,1350,0.0,0.0
2002-12-19 00:00:00-05:00,10.923952102661133,10.923952102661133,10.923952102661133,10.923952102661133,0,0.0,0.0
2002-12-20 00:00:00-05:00,10.98498546413332,11.02723503112793,10.98498546413332,11.02723503112793,450,0.0,0.0
2002-12-23 00:00:00-05:00,10.975594350361408,10.975594350361408,10.97089958190918,10.97089958190918,3900,0.0,0.0
2002-12-24 00:00:00-05:00,10.97089958190918,10.97089958190918,10.97089958190918,10.97089958190918,0,0.0,0.0
2002-12-26 00:00:00-05:00,11.022540541012502,11.022540541012502,10.938040733337402,10.938040733337402,600,0.0,0.0
2002-12-27 00:00:00-05:00,10.914566993713379,10.914566993713379,10.914566993713379,10.914566993713379,150,0.0,0.0
2002-12-30 00:00:00-05:00,10.914566993713379,10.914566993713379,10.914566993713379,10.914566993713379,0,0.0,0.0
2002-12-31 00:00:00-05:00,10.93803844902687,11.046011410268596,10.93803844902687,11.008455276489258,2850,0.0,0.0
2003-01-02 00:00:00-05:00,11.078871113801478,11.088260650634766,11.078871113801478,11.088260650634766,900,0.0,0.0
2003-01-03 00:00:00-05:00,11.163371361661254,11.3605375289917,11.163371361661254,11.3605375289917,2250,0.0,0.0
2003-01-06 00:00:00-05:00,11.35115281523505,11.360541011679466,11.280735969543457,11.280735969543457,2100,0.0,0.0
2003-01-07 00:00:00-05:00,11.384011958559395,11.496678352355957,11.384011958559395,11.496678352355957,1200,0.0,0.0
2003-01-08 00:00:00-05:00,11.496676722770369,11.50136947631836,11.473203553406249,11.50136947631836,4350,0.0,0.0
2003-01-09 00:00:00-05:00,11.463817693763826,11.928566932678223,11.463817693763826,11.928566932678223,10650,0.0,0.0
2003-01-10 00:00:00-05:00,11.970815113612584,12.322897911071777,11.970815113612584,12.322897911071777,4800,0.0,0.0
2003-01-13 00:00:00-05:00,12.32289699408635,13.144424355751562,12.32289699408635,12.848674774169922,11100,0.0,0.0
2003-01-14 00:00:00-05:00,12.693757160320455,13.144424008942792,12.45903487131068,13.036450386047363,9600,0.0,0.0
2003-01-15 00:00:00-05:00,13.027060985565186,13.379143714904785,13.027060985565186,13.379143714904785,7050,0.0,0.0
2003-01-16 00:00:00-05:00,13.14442409213,13.379145039536109,13.14442409213,13.308728218078613,7200,0.0,0.0
2003-01-17 00:00:00-05:00,13.261787418370272,13.261787418370272,13.031760494797362,13.19137191772461,15450,0.0,0.0
2003-01-21 00:00:00-05:00,13.06931124617622,13.238310804258646,13.041145324707031,13.041145324707031,1050,0.0,0.0
2003-01-22 00:00:00-05:00,12.984812988283705,13.09278392791748,12.9801175484907,13.09278392791748,1350,0.0,0.0
2003-01-23 00:00:00-05:00,12.980120670240904,13.233620756463132,12.980120670240904,13.228926658630371,2400,0.0,0.0
2003-01-24 00:00:00-05:00,13.191368915772957,13.322813034057617,13.135035722222387,13.322813034057617,7950,0.0,0.0
2003-01-27 00:00:00-05:00,13.332201726894645,13.379146728154417,13.294646263122559,13.294646263122559,3750,0.0,0.0
2003-01-28 00:00:00-05:00,13.37914764213655,13.3838417396564,13.327508540149928,13.3744535446167,4800,0.0,0.0
2003-01-29 00:00:00-05:00,13.28525897629243,13.3744535446167,13.28525897629243,13.3744535446167,450,0.0,0.0
2003-01-30 00:00:00-05:00,13.247703553755205,13.271175384521484,13.238314015595039,13.271175384521484,2700,0.0,0.0
2003-01-31 00:00:00-05:00,13.304035565366966,13.496508321112584,13.23361873626709,13.23361873626709,3300,0.0,0.0
2003-02-03 00:00:00-05:00,13.379147798553971,13.379147798553971,13.243009567260742,13.243009567260742,900,0.0,0.0
2003-02-04 00:00:00-05:00,13.379144881997709,13.613865826639994,13.379144881997709,13.519978523254395,4200,0.0,0.0
2003-02-05 00:00:00-05:00,13.613870400267157,13.656121312691988,13.449566221054651,13.52937126159668,2700,0.0,0.0
2003-02-06 00:00:00-05:00,13.52467265271935,13.52467265271935,13.266478538513184,13.266478538513184,3450,0.0,0.0
2003-02-07 00:00:00-05:00,13.243013623878639,13.519985611971698,12.886235237121582,12.886235237121582,6600,0.0,0.0
2003-02-10 00:00:00-05:00,12.77356332433616,13.003591537475586,12.698452399985966,13.003591537475586,3450,0.0,0.0
2003-02-11 00:00:00-05:00,13.050535193649822,13.074008364826211,12.961341978300918,13.003591537475586,3000,0.0,0.0
2003-02-12 00:00:00-05:00,13.272631884994006,13.333990097045898,13.173511033643322,13.333990097045898,750,0.1,0.0
2003-02-13 00:00:00-05:00,13.19710821788882,13.687987327575684,13.168788944453874,13.687987327575684,3450,0.0,0.0
2003-02-14 00:00:00-05:00,13.758791124487136,13.923992555942288,13.721031183126538,13.876791954040527,2100,0.0,0.0
2003-02-18 00:00:00-05:00,13.923998348503728,14.112796783447267,13.8626374054643,14.112796783447266,3150,0.0,0.0
2003-02-19 00:00:00-05:00,14.126952557566932,14.211913108825684,14.126952557566932,14.211913108825684,2850,0.0,0.0
2003-02-20 00:00:00-05:00,14.159987563175928,14.749986144707162,14.03726846319737,14.636706352233887,23250,0.0,0.0
2003-02-21 00:00:00-05:00,14.6319896324486,15.811986923217773,14.6319896324486,15.811986923217773,19200,0.0,0.0
2003-02-24 00:00:00-05:00,16.00079167237701,16.03855161607672,15.221991820768876,15.5759916305542,12600,0.0,0.0
2003-02-25 00:00:00-05:00,15.741187481029705,15.741187481029705,15.542947154812815,15.670387268066406,2250,0.0,0.0
2003-02-26 00:00:00-05:00,15.57599155170035,15.57599155170035,15.17479113912042,15.571271896362305,10050,0.0,0.0
2003-02-27 00:00:00-05:00,15.321109772216946,15.330550432379727,14.490391095578826,14.617831230163574,10050,0.0,0.0
2003-02-28 00:00:00-05:00,14.971826342888063,15.080385123351352,14.764145387980612,14.806626319885254,4350,0.0,0.0
2003-03-03 00:00:00-05:00,14.844386014414468,15.552385330200195,14.721665574845645,15.552385330200195,9450,0.0,0.0
2003-03-04 00:00:00-05:00,15.113429946079965,15.457989056006253,15.113429946079965,15.335269927978516,2400,0.0,0.0
2003-03-05 00:00:00-05:00,15.33055027314713,15.457989056006253,15.29279033369214,15.335269927978516,8100,0.0,0.0
2003-03-06 00:00:00-05:00,15.339998245239256,15.339998245239256,15.292797623220698,15.339998245239258,4800,0.0,0.0
2003-03-07 00:00:00-05:00,15.339989766968658,15.693989510046368,15.339989766968658,15.642067909240723,31950,0.0,0.0
2003-03-10 00:00:00-05:00,15.68926970229961,15.741189956665039,15.585429193568753,15.741189956665039,4350,0.0,0.0
2003-03-11 00:00:00-05:00,15.599592071497995,15.599592071497995,15.42023300476939,15.457991600036621,6000,0.0,0.0
2003-03-12 00:00:00-05:00,15.387190186576325,15.741189956665039,15.387190186576325,15.741189956665039,7050,0.0,0.0
2003-03-13 00:00:00-05:00,15.693993018286664,15.693993018286664,15.594872149794135,15.6467924118042,4950,0.0,0.0
2003-03-14 00:00:00-05:00,15.585430379301485,15.693991901526298,15.339992104505434,15.660951614379883,9300,0.0,0.0
2003-03-17 00:00:00-05:00,15.67039352448968,15.764793395996094,15.547673016330203,15.764793395996094,5250,0.0,0.0
2003-03-18 00:00:00-05:00,15.788393026272127,15.81199265654816,15.665673868514931,15.764793395996094,9750,0.0,0.0
2003-03-19 00:00:00-05:00,15.764793950960478,16.06687355041504,15.387194451642278,16.06687355041504,7050,0.0,0.0
2003-03-20 00:00:00-05:00,16.142393136238216,16.869274183888216,16.04799461364746,16.04799461364746,14550,0.0,0.0
2003-03-21 00:00:00-05:00,16.047987757364172,16.047987757364172,15.81198615010653,15.929986953735352,3300,0.0,0.0
2003-03-24 00:00:00-05:00,16.04799406190361,16.04799406190361,15.906393582081217,16.02439308166504,1950,0.0,0.0
2003-03-25 00:00:00-05:00,15.811990482229684,16.047992154146375,15.292791935540928,16.000791549682617,9300,0.0,0.0
2003-03-26 00:00:00-05:00,16.024392202646734,16.189592303243387,15.292792914634868,16.052711486816406,12750,0.0,0.0
2003-03-27 00:00:00-05:00,16.189590205687885,16.519989013671875,16.095190353349313,16.519989013671875,9150,0.0,0.0
2003-03-28 00:00:00-05:00,16.51998744484202,16.8267879486084,16.425588951870065,16.8267879486084,5700,0.0,0.0
2003-03-31 00:00:00-05:00,16.826783391815297,16.85038300866737,16.5199829711323,16.746543884277344,12150,0.0,0.0
2003-04-01 00:00:00-05:00,16.55302929959088,16.755990670121314,16.283990058026454,16.519989013671875,4800,0.0,0.0
2003-04-02 00:00:00-05:00,16.61439052571073,16.755990982055664,16.609669520204406,16.755990982055664,5100,0.0,0.0
2003-04-03 00:00:00-05:00,16.784303074272067,17.157182675845128,16.55774352147853,17.109983444213867,18750,0.0,0.0
2003-04-04 00:00:00-05:00,17.15718271975473,17.2799031530327,17.15718271975473,17.227981567382812,17100,0.0,0.0
2003-04-07 00:00:00-04:00,17.227981567382812,17.227981567382812,17.199662298411873,17.227981567382812,18750,0.0,0.0
2003-04-08 00:00:00-04:00,17.227990018421224,17.227990018421224,16.944790437783467,16.99199104309082,5250,0.0,0.0
2003-04-09 00:00:00-04:00,16.755983848256434,17.227981567382812,16.755983848256434,17.227981567382812,3300,0.0,0.0
2003-04-10 00:00:00-04:00,17.100542831411392,17.227981567382812,17.100542831411392,17.227981567382812,5550,0.0,0.0
2003-04-11 00:00:00-04:00,16.973105928992084,17.08638572692871,16.973105928992084,17.08638572692871,6900,0.0,0.0
2003-04-14 00:00:00-04:00,16.9919922500855,17.02503254110739,16.784312542865667,16.911752700805664,8100,0.0,0.0
2003-04-15 00:00:00-04:00,17.157182542393382,17.157182542393382,16.83150217498478,16.973102569580078,5550,0.0,0.0
2003-04-16 00:00:00-04:00,16.96838554627105,17.015584784850063,16.73710495594862,17.006145477294922,2250,0.0,0.0
2003-04-17 00:00:00-04:00,17.010865049735422,17.010865049735422,16.331186294555664,16.331186294555664,9600,0.0,0.0
2003-04-21 00:00:00-04:00,16.331190907544116,16.55302955110902,16.23678970336914,16.23678970336914,6300,0.0,0.0
2003-04-22 00:00:00-04:00,16.543594353276315,16.56719398498535,16.387834893433368,16.56719398498535,1050,0.0,0.0
2003-04-23 00:00:00-04:00,16.59078634318616,16.944786065235384,16.59078634318616,16.897586822509766,17100,0.0,0.0
2003-04-24 00:00:00-04:00,16.89759053941957,17.180790109273115,16.89759053941957,17.143030166625977,14400,0.0,0.0
2003-04-25 00:00:00-04:00,17.0344685713609,17.133589425333575,16.963668347209545,16.9825496673584,2400,0.0,0.0
2003-04-28 00:00:00-04:00,16.87398917807907,17.223270665211682,16.87398917807907,17.0108699798584,4500,0.0,0.0
2003-04-29 00:00:00-04:00,17.091108640068192,17.20438845960652,17.010869105495704,17.015588760375977,750,0.0,0.0
2003-04-30 00:00:00-04:00,17.227992147469404,17.227992147469404,16.991993142974067,17.18551254272461,4650,0.0,0.0
2003-05-01 00:00:00-04:00,17.109986897927246,17.180785759665145,16.873985290527344,16.873985290527344,4050,0.0,0.0
2003-05-02 00:00:00-04:00,17.176066675876584,17.18078633006879,16.88814616372358,16.897586822509766,1500,0.0,0.0
2003-05-05 00:00:00-04:00,17.204384592197655,17.227984211695976,16.873984517614527,16.968385696411133,5700,0.0,0.0
2003-05-06 00:00:00-04:00,16.968391295424553,16.968391295424553,16.623830795288086,16.623830795288086,4650,0.0,0.0
2003-05-07 00:00:00-04:00,16.236789300930834,16.637989682323393,16.165989074755444,16.510549545288086,13500,0.0,0.0
2003-05-08 00:00:00-04:00,16.510548289576022,17.086388014723916,16.510548289576022,16.78902816772461,37350,0.0,0.0
2003-05-09 00:00:00-04:00,17.015588359179898,17.015588359179898,16.675748908577702,16.83622932434082,7350,0.0,0.0
2003-05-12 00:00:00-04:00,16.63798519416682,16.850384464995532,16.63798519416682,16.812625885009766,2850,0.0,0.0
2003-05-13 00:00:00-04:00,16.63798841691885,16.84094841966456,16.63798841691885,16.78902816772461,4650,0.0,0.0
2003-05-14 00:00:00-04:00,16.77958860964612,16.803188232759048,16.63798817016482,16.64270782470703,10200,0.0,0.0
2003-05-15 00:00:00-04:00,16.600021932916178,16.600021932916178,16.03087883554943,16.07830810546875,7950,0.11333,0.0
2003-05-16 00:00:00-04:00,16.030879027061655,16.324936976019515,15.888592572548058,16.049850463867188,2700,0.0,0.0
2003-05-19 00:00:00-04:00,16.097280632235044,16.125738467502778,15.841165542602539,15.841165542602539,2100,0.0,0.0
2003-05-20 00:00:00-04:00,15.841162530899524,15.841162530899524,15.082305160623338,15.091790199279785,8250,0.0,0.0
2003-05-21 00:00:00-04:00,15.300474715893397,15.376360446670745,15.091788956255696,15.115504264831543,8550,0.0,0.0
2003-05-22 00:00:00-04:00,15.10602067883122,15.129734634872547,14.702877998352053,14.70287799835205,11550,0.0,0.0
2003-05-23 00:00:00-04:00,14.702874506706245,14.816703097005528,14.456244537447299,14.570073127746582,9900,0.0,0.0
2003-05-27 00:00:00-04:00,14.892589370321367,14.892589370321367,14.423046036089428,14.475217819213867,8850,0.0,0.0
2003-05-28 00:00:00-04:00,14.423043003934913,14.864129772697366,13.280014676459297,14.50367259979248,65400,0.0,0.0
2003-05-29 00:00:00-04:00,14.655448804184918,14.655448804184918,14.427791568359346,14.631734848022461,5100,0.0,0.0
2003-05-30 00:00:00-04:00,14.560590977623388,14.987448954360563,14.2143612624336,14.887847900390625,10800,0.0,0.0
2003-06-02 00:00:00-04:00,14.702877234815505,14.940019496802021,14.702877234815505,14.916305541992188,3150,0.0,0.0
2003-06-03 00:00:00-04:00,14.816704126727386,14.916303810925216,14.51315984122327,14.868874549865723,4950,0.0,0.0
2003-06-04 00:00:00-04:00,14.465728328992741,14.5558429611213,14.133728981018068,14.133728981018066,5700,0.0,0.0
2003-06-05 00:00:00-04:00,14.02939594104191,14.418311227393076,13.981968008797349,14.290253639221191,4500,0.0,0.0
2003-06-06 00:00:00-04:00,14.18116262442386,14.18116262442386,14.000934644076183,14.152706146240234,1650,0.0,0.0
2003-06-09 00:00:00-04:00,14.380364169356056,14.65545071022761,14.380364169356056,14.612765312194824,4950,0.0,0.0
2003-06-10 00:00:00-04:00,14.323439964778766,15.034869106595405,14.323439964778766,14.940011978149414,5100,0.0,0.0
2003-06-11 00:00:00-04:00,15.115501683583082,15.177157133131002,14.935272425292377,14.944757461547852,4950,0.0,0.0
2003-06-12 00:00:00-04:00,14.963731835665357,15.153446167544786,14.963731835665357,15.096531867980957,4650,0.0,0.0
2003-06-13 00:00:00-04:00,15.17715793973006,15.480702184079655,14.987444992045145,15.158187866210938,17700,0.0,0.0
2003-06-16 00:00:00-04:00,15.542363813028814,15.708364220286144,14.968478202819824,14.968478202819824,13650,0.0,0.0
2003-06-17 00:00:00-04:00,15.063329612737492,15.689388185586665,15.058588451220945,15.243558883666992,6450,0.0,0.0
2003-06-18 00:00:00-04:00,15.604019055383072,15.80321979522705,15.06333249604429,15.80321979522705,7650,0.0,0.0
2003-06-19 00:00:00-04:00,15.841158520986298,16.030872815532476,14.94475746154785,14.944757461547852,20100,0.0,0.0
2003-06-20 00:00:00-04:00,14.95898632370068,15.143958099511071,14.52264344767884,15.015900611877441,15150,0.0,0.0
2003-06-23 00:00:00-04:00,14.527393398265113,16.12573951695636,14.527393398265113,15.262537002563477,16650,0.0,0.0
2003-06-24 00:00:00-04:00,15.613509116477228,16.751796805627365,15.366880411165974,16.23008155822754,21300,0.0,0.0
2003-06-25 00:00:00-04:00,16.547848917449183,16.837164297832658,16.00241986169381,16.576305389404297,42450,0.0,0.0
2003-06-26 00:00:00-04:00,16.576307136689515,16.813450760384292,16.144706637148133,16.68065071105957,9900,0.0,0.0
2003-06-27 00:00:00-04:00,16.600013907126094,16.680643491311653,14.228584124361523,15.177155494689941,46050,0.0,0.0
2003-06-30 00:00:00-04:00,15.419043930538464,15.419043930538464,14.019900602545155,14.584300994873047,282300,0.0,0.0
2003-07-01 00:00:00-04:00,14.280760809673794,14.579561233520508,13.991446781270845,14.579561233520508,26700,0.0,0.0
2003-07-02 00:00:00-04:00,14.664932163789342,15.333676235120647,14.664932163789342,15.328933715820312,23550,0.0,0.0
2003-07-03 00:00:00-04:00,15.120245892179566,16.125734569813034,15.120245892179566,16.00716209411621,10800,0.0,0.0
2003-07-07 00:00:00-04:00,15.537619165127428,16.78973514936943,15.537619165127428,16.600019454956055,39900,0.0,0.0
2003-07-08 00:00:00-04:00,16.34865916128796,16.775517382727973,16.31071626857973,16.656946182250977,21750,0.0,0.0
2003-07-09 00:00:00-04:00,16.40556024378894,16.60001707255098,16.173160552978516,16.173160552978516,22050,0.0,0.0
2003-07-10 00:00:00-04:00,16.130477688941596,16.163678040442413,15.338419914245605,15.338419914245605,20850,0.0,0.0
2003-07-11 00:00:00-04:00,15.6467076878888,15.6467076878888,15.504421234130861,15.50442123413086,1800,0.0,0.0
2003-07-14 00:00:00-04:00,15.883849329928081,16.282249450683594,15.770020723997934,16.282249450683594,18150,0.0,0.0
2003-07-15 00:00:00-04:00,16.054591508071038,16.125734722775178,15.98819081249545,16.106761932373047,3150,0.0,0.0
2003-07-16 00:00:00-04:00,16.106771348058384,16.481459074071953,15.936028347121992,16.386600494384766,15600,0.0,0.0
2003-07-17 00:00:00-04:00,16.4103023331154,16.4103023331154,16.19213022161167,16.23481559753418,10200,0.0,0.0
2003-07-18 00:00:00-04:00,16.206359836495366,16.206359836495366,15.950244855948606,16.16841697692871,3150,0.0,0.0
2003-07-21 00:00:00-04:00,15.950248915803812,15.983449265611123,15.566076347199306,15.71784782409668,11100,0.0,0.0
2003-07-22 00:00:00-04:00,15.850646225567225,16.24904627707529,15.641960484301096,16.173160552978516,4950,0.0,0.0
2003-07-23 00:00:00-04:00,16.030877857614236,16.55259301017954,15.893335290043854,16.505165100097656,11250,0.0,0.0
2003-07-24 00:00:00-04:00,16.3391591304364,16.552587366929284,16.206359127760706,16.362873077392578,10650,0.0,0.0
2003-07-25 00:00:00-04:00,16.55259015634885,16.56681906969785,16.22533329098507,16.35813331604004,7650,0.0,0.0
2003-07-28 00:00:00-04:00,16.55259408242658,16.55259408242658,16.41505150594644,16.5478515625,18000,0.0,0.0
2003-07-29 00:00:00-04:00,16.552596007603828,16.76602571245348,16.13048047532703,16.62373924255371,14250,0.0,0.0
2003-07-30 00:00:00-04:00,16.57156744646084,16.62373924255371,16.57156744646084,16.62373924255371,6900,0.0,0.0
2003-07-31 00:00:00-04:00,16.623732463002064,16.637961375578023,16.452989582921937,16.618989944458008,15300,0.0,0.0
2003-08-01 00:00:00-04:00,16.78973463699071,16.78973463699071,16.22533416100728,16.595277786254883,8100,0.0,0.0
2003-08-04 00:00:00-04:00,16.623735130457597,16.623735130457597,15.93601962429795,15.99767780303955,7800,0.0,0.0
2003-08-05 00:00:00-04:00,15.812708047106257,16.50042228619234,14.982705997778629,15.651450157165527,15750,0.0,0.0
2003-08-06 00:00:00-04:00,15.290988084835416,15.641960231584466,14.892586682820271,15.314702033996582,4050,0.0,0.0
2003-08-07 00:00:00-04:00,15.177155358006392,15.684642732741134,14.954242105694386,15.134469985961914,18450,0.0,0.0
2003-08-08 00:00:00-04:00,15.504414978489665,15.504414978489665,14.97795748310834,15.058587074279785,3900,0.0,0.0
2003-08-11 00:00:00-04:00,15.357394987548409,15.461738586425781,15.063336987934385,15.461738586425781,3450,0.0,0.0
2003-08-12 00:00:00-04:00,15.18190595020426,15.694134712219238,15.18190595020426,15.694134712219238,5400,0.0,0.0
2003-08-13 00:00:00-04:00,15.542363227177763,15.694134712219238,15.542363227177763,15.694134712219238,5100,0.0,0.0
2003-08-14 00:00:00-04:00,15.732272724136312,16.209009170532227,15.732272724136312,16.209009170532227,2100,0.11333,0.0
2003-08-15 00:00:00-04:00,16.20900808185177,16.63806894525832,16.20900808185177,16.213773727416992,4950,0.0,0.0
2003-08-18 00:00:00-04:00,16.685737047138236,16.685737047138236,16.27097732963622,16.56655502319336,6300,0.0,0.0
2003-08-19 00:00:00-04:00,16.56655502319336,16.67143602263535,16.337720899786355,16.56655502319336,10050,0.0,0.0
2003-08-20 00:00:00-04:00,16.566560823353505,16.566560823353505,16.209009170532227,16.209009170532227,2850,0.0,0.0
2003-08-21 00:00:00-04:00,16.67620606860476,16.68574008667677,16.1899356842041,16.1899356842041,6300,0.0,0.0
2003-08-22 00:00:00-04:00,16.18040328296087,16.56179132297317,16.18040328296087,16.304353713989258,5700,0.0,0.0
2003-08-25 00:00:00-04:00,16.3138917074538,16.676210403442383,16.185172882364732,16.676210403442383,1800,0.0,0.0
2003-08-26 00:00:00-04:00,16.766785487813408,16.766785487813408,16.18993513166047,16.685739517211914,3600,0.0,0.0
2003-08-27 00:00:00-04:00,16.328189009232993,16.67620659491557,16.328189009232993,16.590394973754883,6450,0.0,0.0
2003-08-28 00:00:00-04:00,16.585629064642227,17.105271333797354,16.189938600407555,16.53795623779297,3300,0.0,0.0
2003-08-29 00:00:00-04:00,17.14816782618831,17.400836944580078,17.105262032564358,17.400836944580078,6600,0.0,0.0
2003-09-02 00:00:00-04:00,17.086199074296392,17.162476675666404,16.49504766367878,17.152942657470703,3450,0.0,0.0
2003-09-03 00:00:00-04:00,16.905032722401604,17.400836944580078,16.6809683757262,17.400836944580078,4650,0.0,0.0
2003-09-04 00:00:00-04:00,17.210150041937865,17.400842672364114,16.814458298666207,17.043291091918945,4800,0.0,0.0
2003-09-05 00:00:00-04:00,17.162477499328773,17.162477499328773,16.814459903412683,17.114803314208984,4200,0.0,0.0
2003-09-08 00:00:00-04:00,17.162475867270107,17.262589873364853,16.685739517211914,16.685739517211914,5700,0.0,0.0
2003-09-09 00:00:00-04:00,16.68574110393553,17.114803314208984,16.68574110393553,17.114803314208984,750,0.0,0.0
2003-09-10 00:00:00-04:00,16.814454729541538,17.58676592481022,16.666667938232422,16.666667938232422,12450,0.0,0.0
2003-09-11 00:00:00-04:00,17.467578701709783,17.467578701709783,16.666664271534255,17.019447326660156,2100,0.0,0.0
2003-09-12 00:00:00-04:00,16.93363749443796,17.40560531616211,16.74294356282725,17.40560531616211,1950,0.0,0.0
2003-09-15 00:00:00-04:00,17.448519047278634,17.634446056166624,17.119572206596864,17.291196823120117,1650,0.0,0.0
2003-09-16 00:00:00-04:00,17.634444907771936,17.758395329657862,17.300729715400067,17.753629684448242,7200,0.0,0.0
2003-09-17 00:00:00-04:00,17.405609708159908,17.934785842895508,17.267356913844143,17.934785842895508,4350,0.0,0.0
2003-09-18 00:00:00-04:00,18.0206033876091,18.516407860690904,17.286429333464895,18.354318618774414,4650,0.0,0.0
2003-09-19 00:00:00-04:00,18.135012417712517,19.35068669272229,18.135012417712517,19.069414138793945,10350,0.0,0.0
2003-09-22 00:00:00-04:00,18.80721255613345,18.94069971593777,18.38291876030183,18.792911529541016,5550,0.0,0.0
2003-09-23 00:00:00-04:00,18.773842107797034,19.06941986566413,18.73570467020747,19.021745681762695,2250,0.0,0.0
2003-09-24 00:00:00-04:00,18.659424367975983,19.021744320637463,18.659424367975983,18.9263973236084,5250,0.0,0.0
2003-09-25 00:00:00-04:00,18.74523963803818,19.016978271791054,17.95862579345703,17.95862579345703,7500,0.0,0.0
2003-09-26 00:00:00-04:00,18.37814768667432,18.37814768667432,17.138635635375977,17.138635635375977,4200,0.0,0.0
2003-09-29 00:00:00-04:00,16.924108505249023,17.27212469279026,16.709576745521336,16.924108505249023,1950,0.0,0.0
2003-09-30 00:00:00-04:00,16.709586679583524,17.157718500331487,16.399707741511328,16.49028778076172,7500,0.0,0.0
2003-10-01 00:00:00-04:00,16.971781331452085,17.639211654663086,16.900270744829335,17.639211654663086,5250,0.0,0.0
2003-10-02 00:00:00-04:00,17.582002094204093,17.78223146395759,17.052825935517337,17.639211654663086,4200,0.0,0.0
2003-10-03 00:00:00-04:00,17.639217463232104,18.249438426928997,17.639217463232104,18.235136032104492,5100,0.0,0.0
2003-10-06 00:00:00-04:00,18.235133252311392,18.57838249206543,18.206528467022938,18.57838249206543,3150,0.0,0.0
2003-10-07 00:00:00-04:00,18.59268424644762,19.307787486695606,18.020602199829707,19.303020477294922,7800,0.0,0.0
2003-10-08 00:00:00-04:00,18.945465616499334,19.0694173873732,17.663047558395093,18.583147048950195,4350,0.0,0.0
2003-10-09 00:00:00-04:00,18.28281137177236,18.831055780212285,18.02537370461579,18.821521759033203,6450,0.0,0.0
2003-10-10 00:00:00-04:00,18.64035439151015,18.664190797297586,17.639210344978093,18.206523895263672,3150,0.0,0.0
2003-10-13 00:00:00-04:00,18.206527093891392,19.059884483303392,18.206527093891392,19.021745681762695,1200,0.0,0.0
2003-10-14 00:00:00-04:00,18.983606880222,19.06941986566413,18.201760084686587,19.021745681762695,10950,0.0,0.0
2003-10-15 00:00:00-04:00,18.378153897720033,19.064652356566416,18.378153897720033,18.678497314453125,4650,0.0,0.0
2003-10-16 00:00:00-04:00,18.974069045050864,19.04557962968316,18.340011892390223,18.84535026550293,2100,0.0,0.0
2003-10-17 00:00:00-04:00,19.059882566862782,19.069417948264757,18.421057023313434,18.71186637878418,4950,0.0,0.0
2003-10-20 00:00:00-04:00,18.98837280725705,18.98837280725705,18.30664142758199,18.811981201171875,3000,0.0,0.0
2003-10-21 00:00:00-04:00,18.95499539839034,18.95499539839034,18.120709068536836,18.33523941040039,5700,0.0,0.0
2003-10-22 00:00:00-04:00,18.373387617254306,18.373387617254306,17.782236099243164,17.782236099243164,7650,0.0,0.0
2003-10-23 00:00:00-04:00,17.78223037346421,17.925251537938948,17.73932456970215,17.73932456970215,900,0.0,0.0
2003-10-24 00:00:00-04:00,18.196990974293108,18.416288375854492,17.71072062882282,18.416288375854492,2400,0.0,0.0
2003-10-27 00:00:00-05:00,18.08733825676243,18.08733825676243,17.75839016914227,17.82990074157715,1500,0.0,0.0
2003-10-28 00:00:00-05:00,18.092114207665258,18.59268709819728,17.83944493930902,18.46396827697754,3450,0.0,0.0
2003-10-29 00:00:00-05:00,18.592676284059007,18.997901916503906,17.949083916247083,18.997901916503906,5400,0.0,0.0
2003-10-30 00:00:00-05:00,18.502098571061186,19.02174062692689,18.17791884411276,18.18268585205078,3750,0.0,0.0
2003-10-31 00:00:00-05:00,18.511641162876334,18.850123409459584,18.068276517090684,18.18745994567871,2250,0.0,0.0
2003-11-03 00:00:00-05:00,18.053966261853006,19.016969945940687,18.053966261853006,18.997901916503906,1350,0.0,0.0
2003-11-04 00:00:00-05:00,18.974073538438486,19.069421916495653,18.306644439697266,18.306644439697266,3450,0.0,0.0
2003-11-05 00:00:00-05:00,18.31617725318642,19.212440490722656,18.31617725318642,19.212440490722656,9150,0.0,0.0
2003-11-06 00:00:00-05:00,19.307783126831055,19.307783126831055,19.26487732401101,19.307783126831055,2250,0.0,0.0
2003-11-07 00:00:00-05:00,19.30778503492288,19.30778503492288,18.902559280395508,18.902559280395508,9600,0.0,0.0
2003-11-10 00:00:00-05:00,19.307787486695606,19.307787486695606,18.902561680711194,19.303020477294922,6750,0.0,0.0
2003-11-11 00:00:00-05:00,19.379300136866163,19.379300136866163,18.716636657714844,18.716636657714844,4200,0.0,0.0
2003-11-12 00:00:00-05:00,19.23627496834274,20.103933334350586,18.988372772904935,20.103933334350586,4200,0.0,0.0
2003-11-13 00:00:00-05:00,20.582596647940168,20.582596647940168,19.74971825828609,20.40070343017578,7800,0.11333,0.0
2003-11-14 00:00:00-05:00,20.520374288284124,21.061265032779662,19.788016302860537,20.012989044189453,12750,0.0,0.0
2003-11-17 00:00:00-05:00,20.34326843516319,20.34326843516319,19.151392293500248,19.744937896728516,12900,0.0,0.0
2003-11-18 00:00:00-05:00,19.347643330684292,19.83109564653737,18.83547182102758,19.098737716674805,6300,0.0,0.0
2003-11-19 00:00:00-05:00,18.787598149160008,20.103925704956055,18.64399813205039,20.103925704956055,8100,0.0,0.0
2003-11-20 00:00:00-05:00,19.744937896728516,20.103936767578123,19.438592485757543,19.744937896728516,2100,0.0,0.0
2003-11-21 00:00:00-05:00,20.10392565607483,20.43899144886841,19.625259846520784,19.76885986328125,5850,0.0,0.0
2003-11-24 00:00:00-05:00,19.816736470048006,20.395921746666527,19.816736470048006,20.319334030151367,10050,0.0,0.0
2003-11-25 00:00:00-05:00,20.10393513263756,20.486866865209578,20.10393513263756,20.439001083374023,9900,0.0,0.0
2003-11-26 00:00:00-05:00,20.438999274574623,20.6974788559219,19.99384014775118,20.553878784179688,3450,0.0,0.0
2003-11-28 00:00:00-05:00,20.472500545288067,20.472500545288067,20.03212918270096,20.151796340942383,4050,0.0,0.0
2003-12-01 00:00:00-05:00,20.15179591614926,20.15179591614926,19.859809535224382,20.008195877075195,9600,0.0,0.0
2003-12-02 00:00:00-05:00,20.008194069840098,20.10392696408527,19.73056799179342,19.864595413208008,4500,0.0,0.0
2003-12-03 00:00:00-05:00,19.86460469048399,20.103936353135232,19.17053985595703,19.17053985595703,3000,0.0,0.0
2003-12-04 00:00:00-05:00,18.99821397080978,19.141814024480176,18.289790417399114,18.744522094726562,11400,0.0,0.0
2003-12-05 00:00:00-05:00,18.332872770466455,18.792390823364258,18.30893988091265,18.792390823364258,5550,0.0,0.0
2003-12-08 00:00:00-05:00,18.313725646257726,19.16096305847168,18.265859868558017,19.16096305847168,4800,0.0,0.0
2003-12-09 00:00:00-05:00,18.241933128545234,19.141822925661778,18.241933128545234,18.907276153564453,5700,0.0,0.0
2003-12-10 00:00:00-05:00,18.79238640436667,19.122665954326163,18.787601470947266,18.787601470947266,2250,0.0,0.0
2003-12-11 00:00:00-05:00,19.146603624789112,19.146603624789112,18.227566201612504,19.13702964782715,7050,0.0,0.0
2003-12-12 00:00:00-05:00,18.706234117669737,19.146607007340577,18.304155773140348,19.093952178955078,8400,0.0,0.0
2003-12-15 00:00:00-05:00,19.14660032942195,19.2183989816564,18.332868576049805,18.332868576049805,11100,0.0,0.0
2003-12-16 00:00:00-05:00,18.500401116592954,18.667934040578963,18.217988708068795,18.658361434936523,5400,0.0,0.0
2003-12-17 00:00:00-05:00,18.442961642843557,18.787601470947266,18.213202670422085,18.787601470947266,2850,0.0,0.0
2003-12-18 00:00:00-05:00,18.543485842829476,18.931203842163086,18.299366544575374,18.931203842163086,1800,0.0,0.0
2003-12-19 00:00:00-05:00,18.92162628898992,18.92162628898992,18.332868576049805,18.332868576049805,4500,0.0,0.0
2003-12-22 00:00:00-05:00,18.332868152275132,18.878546387366615,18.189268112182617,18.189268112182617,3000,0.0,0.0
2003-12-23 00:00:00-05:00,18.19406247647088,18.677513474956875,18.19406247647088,18.605714797973633,2850,0.0,0.0
2003-12-24 00:00:00-05:00,18.213202365179022,18.251495526607496,18.189268112182617,18.189268112182617,3450,0.0,0.0
2003-12-26 00:00:00-05:00,18.533901880996098,18.533901880996098,18.29456901550293,18.29456901550293,1650,0.0,0.0
2003-12-29 00:00:00-05:00,18.519555640247674,18.80675447477048,18.519555640247674,18.66794204711914,2700,0.0,0.0
2003-12-30 00:00:00-05:00,18.667930738439836,18.91683624424402,18.213199183545154,18.883329391479492,5700,0.0,0.0
2003-12-31 00:00:00-05:00,18.246719218264374,18.639223653161075,17.815920231492246,18.232358932495117,4800,0.0,0.0
2004-01-02 00:00:00-05:00,18.308939051679282,18.308939051679282,17.815914154052734,17.815914154052734,600,0.0,0.0
2004-01-05 00:00:00-05:00,17.83505979703388,18.390310723153572,17.83505979703388,17.88292694091797,1350,0.0,0.0
2004-01-06 00:00:00-05:00,18.1078917040768,18.28499856579241,17.882920454780887,17.887706756591797,1950,0.0,0.0
2004-01-07 00:00:00-05:00,17.878138205446273,18.280216438397062,17.858991622924805,17.858991622924805,900,0.0,0.0
2004-01-08 00:00:00-05:00,18.246715011870442,18.380741119384766,18.246715011870442,18.380741119384766,1650,0.0,0.0
2004-01-09 00:00:00-05:00,17.9307986981016,18.069612503051758,17.9307986981016,18.069612503051758,600,0.0,0.0
2004-01-12 00:00:00-05:00,18.30414843479183,18.30414843479183,17.90206888198888,18.165334701538086,1800,0.0,0.0
2004-01-13 00:00:00-05:00,17.99301482631129,18.14140115951683,17.830268216140702,18.026521682739258,1200,0.0,0.0
2004-01-14 00:00:00-05:00,18.16054950990689,18.189268697166142,17.83984393026137,18.012163162231445,4200,0.0,0.0
2004-01-15 00:00:00-05:00,18.012162384580243,18.155762423091325,17.75847053527832,17.75847053527832,1350,0.0,0.0
2004-01-16 00:00:00-05:00,18.02173825909307,18.155764336743335,17.858991622924805,17.858991622924805,2400,0.0,0.0
2004-01-20 00:00:00-05:00,17.892500594958793,18.15576647804661,17.88771429113183,18.08875274658203,3900,0.0,0.0
2004-01-21 00:00:00-05:00,17.897290446351654,18.093544006347656,17.878143857776827,18.093544006347656,3000,0.0,0.0
2004-01-22 00:00:00-05:00,17.878142299910714,18.093542429712,17.873355995552085,18.04567527770996,2400,0.0,0.0
2004-01-23 00:00:00-05:00,17.878135681152344,17.878135681152344,17.878135681152344,17.878135681152344,1800,0.0,0.0
2004-01-26 00:00:00-05:00,17.87813926789938,17.88292694091797,17.83984610058078,17.88292694091797,6000,0.0,0.0
2004-01-27 00:00:00-05:00,17.83984375,17.882924584660852,17.83984375,17.83984375,750,0.0,0.0
2004-01-28 00:00:00-05:00,17.835064233739338,18.07918357849121,17.83027655952975,18.07918357849121,1650,0.0,0.0
2004-01-29 00:00:00-05:00,17.854207896105848,18.079180615565566,17.739328384399414,17.739328384399414,1650,0.0,0.0
2004-01-30 00:00:00-05:00,17.739321688056428,18.31850533190812,17.739321688056428,18.28499984741211,2850,0.0,0.0
2004-02-02 00:00:00-05:00,18.050453508975046,18.050453508975046,17.902067184448242,17.902067184448242,2100,0.0,0.0
2004-02-03 00:00:00-05:00,17.882921975576455,17.902067184448242,17.882921975576455,17.902067184448242,750,0.0,0.0
2004-02-04 00:00:00-05:00,17.902072522686062,17.902072522686062,17.734540939331055,17.734540939331055,4350,0.0,0.0
2004-02-05 00:00:00-05:00,18.466894902893173,18.466894902893173,17.71060562133789,17.71060562133789,2100,0.0,0.0
2004-02-06 00:00:00-05:00,17.878139383850986,18.155765533447266,17.83027223965644,18.155765533447266,3750,0.0,0.0
2004-02-09 00:00:00-05:00,18.26106775337396,18.26106775337396,18.15097594365474,18.17969512939453,750,0.0,0.0
2004-02-10 00:00:00-05:00,18.155759451436495,18.883329391479492,18.155759451436495,18.883329391479492,3300,0.0,0.0
2004-02-11 00:00:00-05:00,19.01736421274223,19.074803967232558,17.78719374083215,17.98823356628418,4050,0.0,0.0
2004-02-12 00:00:00-05:00,18.161377800804402,18.47881753677305,17.709268329652115,17.853559494018555,2400,0.12,0.0
2004-02-13 00:00:00-05:00,17.805466410250443,18.373009779728882,17.805466410250443,17.916088104248047,4050,0.0,0.0
2004-02-17 00:00:00-05:00,17.78141975402832,17.78141975402832,17.78141975402832,17.78141975402832,750,0.0,0.0
2004-02-18 00:00:00-05:00,18.329721471224126,18.329721471224126,17.781416881545738,17.867990493774414,5550,0.0,0.0
2004-02-19 00:00:00-05:00,18.036330427410515,18.036330427410515,17.795846939086914,17.795846939086914,2400,0.0,0.0
2004-02-20 00:00:00-05:00,18.021902881107415,18.219099581926958,17.38702459041823,17.747751235961914,3900,0.0,0.0
2004-02-23 00:00:00-05:00,17.367781501129986,18.069995880126953,17.367781501129986,18.069995880126953,5550,0.0,0.0
2004-02-24 00:00:00-05:00,18.276806214396007,18.276806214396007,17.829506178871203,18.098848342895508,3450,0.0,0.0
2004-02-25 00:00:00-05:00,18.272001266479492,18.272001266479492,18.03632580204283,18.272001266479492,750,0.0,0.0
2004-02-26 00:00:00-05:00,18.272001266479492,18.272001266479492,18.272001266479492,18.272001266479492,0,0.0,0.0
2004-02-27 00:00:00-05:00,17.51688568667424,18.0844290659014,17.51688568667424,17.94013786315918,1350,0.0,0.0
2004-03-01 00:00:00-05:00,17.62269343817996,18.368194580078125,17.62269343817996,18.368194580078125,1800,0.0,0.0
2004-03-02 00:00:00-05:00,17.901658115482384,18.22390723469548,17.48321533203125,17.48321533203125,2250,0.0,0.0
2004-03-03 00:00:00-05:00,17.45916725998742,17.940135581177596,17.33892414764284,17.48321533203125,1350,0.0,0.0
2004-03-04 00:00:00-05:00,17.55535923647409,17.96899404944779,17.55535923647409,17.920896530151367,2550,0.0,0.0
2004-03-05 00:00:00-05:00,17.218678472883393,17.964179544223256,17.218678472883393,17.425495147705078,3000,0.0,0.0
2004-03-08 00:00:00-05:00,17.742938700210303,18.17100156616932,17.555360698637696,17.795846939086914,3900,0.0,0.0
2004-03-09 00:00:00-05:00,17.20425461799786,17.31487768617711,16.90605354309082,16.90605354309082,4350,0.0,0.0
2004-03-10 00:00:00-05:00,17.281202966343855,17.281202966343855,16.59341812133789,16.59341812133789,2700,0.0,0.0
2004-03-11 00:00:00-05:00,16.401033653100075,16.502036644684434,15.641103106745,15.838299751281738,24450,0.0,0.0
2004-03-12 00:00:00-05:00,15.77577743114072,16.117265312627744,15.679583758613589,16.08359718322754,7050,0.0,0.0
2004-03-15 00:00:00-05:00,15.997022136239046,16.030690265526268,15.679583705996187,15.86235237121582,6450,0.0,0.0
2004-03-16 00:00:00-05:00,15.910448519286568,15.934496593321942,15.636295521457118,15.86235237121582,5550,0.0,0.0
2004-03-17 00:00:00-05:00,15.871968526328795,15.99221162950939,15.713249336448047,15.939303398132324,10800,0.0,0.0
2004-03-18 00:00:00-05:00,15.857536157417423,15.857536157417423,15.583384630704899,15.718055725097656,7650,0.0,0.0
2004-03-19 00:00:00-05:00,15.549722018707161,15.549722018707161,15.193804740905762,15.193804740905762,6000,0.0,0.0
2004-03-22 00:00:00-05:00,15.535293490556853,15.535293490556853,14.582975387573244,14.582975387573242,7200,0.0,0.0
2004-03-23 00:00:00-05:00,15.42947497355782,15.42947497355782,14.664735192490292,14.74168872833252,3600,0.0,0.0
2004-03-24 00:00:00-05:00,14.578158360018799,15.328470030980196,14.506012795339867,15.150510787963867,13050,0.0,0.0
2004-03-25 00:00:00-05:00,15.41504934085794,15.583388595696219,15.352523803710938,15.352523803710938,12450,0.0,0.0
2004-03-26 00:00:00-05:00,15.636292118145422,15.703628362063817,15.222660105727169,15.227469444274902,1950,0.0,0.0
2004-03-29 00:00:00-05:00,15.51124748916126,15.780589824356001,15.51124748916126,15.713254928588867,2400,0.0,0.0
2004-03-30 00:00:00-05:00,15.713251496193173,15.713251496193173,15.530482834917667,15.708440780639648,1650,0.0,0.0
2004-03-31 00:00:00-05:00,15.631490254155748,15.679586410522461,15.41986276274039,15.679586410522461,5400,0.0,0.0
2004-04-01 00:00:00-05:00,15.419857643323713,15.7469174527105,15.415048304496363,15.727677345275879,1200,0.0,0.0
2004-04-02 00:00:00-05:00,15.746919033619038,15.746919033619038,15.44871797938374,15.525672912597656,7350,0.0,0.0
2004-04-05 00:00:00-04:00,15.487190740132448,15.742103534931362,15.390995726781625,15.73729419708252,12150,0.0,0.0
2004-04-06 00:00:00-04:00,15.703630193268355,15.857540053243552,15.174564361572266,15.174564361572266,7350,0.0,0.0
2004-04-07 00:00:00-04:00,15.626673441049954,15.790203336235681,15.227469444274902,15.227469444274902,4650,0.0,0.0
2004-04-08 00:00:00-04:00,15.809448692815177,15.809448692815177,15.516056901431547,15.631490707397461,4950,0.0,0.0
2004-04-12 00:00:00-04:00,15.530480541245469,15.703629121904685,15.063940277977851,15.164944648742676,6900,0.0,0.0
2004-04-13 00:00:00-04:00,15.5449017349519,15.564140455989365,15.078361717746983,15.136077880859375,5400,0.0,0.0
2004-04-14 00:00:00-04:00,15.251522450973415,15.251522450973415,14.631073543435612,14.722457885742188,5400,0.0,0.0
2004-04-15 00:00:00-04:00,15.092797689044806,15.102416365730196,14.74650055924621,14.919649124145508,9150,0.0,0.0
2004-04-16 00:00:00-04:00,14.770548015459957,15.390996669977666,14.770548015459957,15.11684513092041,3600,0.0,0.0
2004-04-19 00:00:00-04:00,15.246712364411046,15.419860984274457,15.126470611299403,15.386194229125977,5400,0.0,0.0
2004-04-20 00:00:00-04:00,15.386191926364715,15.477574874457584,15.102418899536133,15.102418899536133,4050,0.0,0.0
2004-04-21 00:00:00-04:00,14.881174127963458,15.246710047687824,14.751312338782547,14.88598346710205,3150,0.0,0.0
2004-04-22 00:00:00-04:00,15.17456954834979,15.35733825757335,14.934085997970875,15.34290885925293,5400,0.0,0.0
2004-04-23 00:00:00-04:00,15.174561246610711,15.174561246610711,14.986983299255373,14.986983299255371,750,0.0,0.0
2004-04-26 00:00:00-04:00,15.304425620327692,15.304425620327692,14.780170521944854,14.789789199829102,1800,0.0,0.0
2004-04-27 00:00:00-04:00,14.866746268259478,14.910034453160877,14.64550013230625,14.765743255615234,8850,0.0,0.0
2004-04-28 00:00:00-04:00,14.669551962060952,14.91484623504806,14.433877746869022,14.631075859069824,5850,0.0,0.0
2004-04-29 00:00:00-04:00,14.885980555973862,14.885980555973862,14.135668754577637,14.135668754577637,1650,0.0,0.0
2004-04-30 00:00:00-04:00,14.198197709398006,14.366536955245307,13.991381000274902,14.102004051208496,5400,0.0,0.0
2004-05-03 00:00:00-04:00,14.140476460229953,14.597396517328079,14.140476460229953,14.405009269714355,3450,0.0,0.0
2004-05-04 00:00:00-04:00,14.380972101160538,14.496404548212517,14.23668223037722,14.3521146774292,17850,0.0,0.0
2004-05-05 00:00:00-04:00,14.496394602621024,14.74168872833252,14.496394602621024,14.74168872833252,1500,0.0,0.0
2004-05-06 00:00:00-04:00,14.496401618070605,14.765745316146386,14.203011218465337,14.308823585510254,17250,0.0,0.0
2004-05-07 00:00:00-04:00,14.30882334808044,14.664742046071703,14.236679116499978,14.241488456726074,12150,0.0,0.0
2004-05-10 00:00:00-04:00,14.429066446290577,14.429066446290577,14.236679077148438,14.236679077148438,3450,0.0,0.0
2004-05-11 00:00:00-04:00,14.241479421211624,14.405009269714355,14.241479421211624,14.405009269714355,3150,0.0,0.0
2004-05-12 00:00:00-04:00,14.198198023623341,14.55892459383303,14.193387308560425,14.54930591583252,5250,0.0,0.0
2004-05-13 00:00:00-04:00,14.418667559447439,14.873484845337718,14.20093655745526,14.646076202392578,4950,0.12,0.0
2004-05-14 00:00:00-04:00,14.418666513722783,14.650913268150557,14.27351298435535,14.631559371948242,5250,0.0,0.0
2004-05-17 00:00:00-04:00,14.273513467561877,14.757359504699709,14.273513467561877,14.757359504699707,6450,0.0,0.0
2004-05-18 00:00:00-04:00,14.476726425633174,14.747680939211929,14.476726425633174,14.738004684448242,1650,0.0,0.0
2004-05-19 00:00:00-04:00,14.757357556754721,14.975089905886337,14.2735115834837,14.302541732788086,6000,0.0,0.0
2004-05-20 00:00:00-04:00,14.273510508962246,14.573495155923158,14.055778176221697,14.104162216186523,14400,0.0,0.0
2004-05-21 00:00:00-04:00,14.109000261330914,14.317054933876445,14.055776715461226,14.27350902557373,4200,0.0,0.0
2004-05-24 00:00:00-04:00,14.302545327899523,14.679947053818875,14.273515171298067,14.510600090026855,9900,0.0,0.0
2004-05-25 00:00:00-04:00,14.752522479885512,14.752522479885512,14.515436209671616,14.660591125488281,6750,0.0,0.0
2004-05-26 00:00:00-04:00,14.6315616137497,14.6315616137497,14.32189922706718,14.510600090026855,2250,0.0,0.0
2004-05-27 00:00:00-04:00,14.39447713328426,14.549309730529783,14.39447713328426,14.549309730529785,1200,0.0,0.0
2004-05-28 00:00:00-04:00,14.375116606379887,14.394469112914901,14.27350902557373,14.27350902557373,4650,0.0,0.0
2004-06-01 00:00:00-04:00,14.355766296386719,14.665428626979262,14.060618349315844,14.355766296386719,19800,0.0,0.0
2004-06-02 00:00:00-04:00,14.355761481125267,14.355761481125267,14.171898841857912,14.17189884185791,1500,0.0,0.0
2004-06-03 00:00:00-04:00,14.563821360101086,14.563821360101086,14.041264780753105,14.050942420959473,4350,0.0,0.0
2004-06-04 00:00:00-04:00,14.084808124224192,14.084808124224192,14.055776596069336,14.055776596069336,750,0.0,0.0
2004-06-07 00:00:00-04:00,14.060622711951842,14.476732289943175,14.060622711951842,14.384800910949707,6900,0.0,0.0
2004-06-08 00:00:00-04:00,14.408988442079044,14.408988442079044,14.055780193036517,14.375120162963867,2550,0.0,0.0
2004-06-09 00:00:00-04:00,14.162224085962976,14.384794548845555,14.0606164932251,14.060616493225098,4350,0.0,0.0
2004-06-10 00:00:00-04:00,14.06061868646798,14.1622262950551,13.78966414070243,13.95901107788086,17850,0.0,0.0
2004-06-14 00:00:00-04:00,13.789661289151772,14.104161690090878,13.591284240956295,13.978362083435059,23700,0.0,0.0
2004-06-15 00:00:00-04:00,14.273512918407675,14.273512918407675,13.789664131285482,14.050942420959473,12450,0.0,0.0
2004-06-16 00:00:00-04:00,14.050943641894396,14.152551259241164,13.804181098937988,13.804181098937988,1650,0.0,0.0
2004-06-17 00:00:00-04:00,13.983205853683295,13.983205853683295,13.547743797302246,13.547743797302246,4200,0.0,0.0
2004-06-18 00:00:00-04:00,13.523545878215653,13.74611634545615,12.846159606200578,12.894543647766113,36150,0.0,0.0
2004-06-21 00:00:00-04:00,12.894548833779842,12.90422647656496,12.613916573214398,12.807456970214844,5250,0.0,0.0
2004-06-22 00:00:00-04:00,13.305817484041365,13.305817484041365,12.16877555847168,12.16877555847168,7500,0.0,0.0
2004-06-23 00:00:00-04:00,12.546176002309489,12.570368027791941,12.207482108355453,12.434890747070312,42600,0.0,0.0
2004-06-24 00:00:00-04:00,12.5606897607226,12.913897982847923,12.45908216252074,12.676813125610352,27450,0.0,0.0
2004-06-25 00:00:00-04:00,12.841319973773796,14.22512542146172,12.357472641172935,12.386504173278809,321750,0.0,0.0
2004-06-28 00:00:00-04:00,13.18484988886838,13.18484988886838,12.415531099294235,12.584877967834473,66900,0.0,0.0
2004-06-29 00:00:00-04:00,12.580046078600088,12.812294262977732,12.497792349647662,12.512308120727539,13800,0.0,0.0
2004-06-30 00:00:00-04:00,12.580044065717763,12.580044065717763,12.270383099462128,12.405858993530273,35700,0.0,0.0
2004-07-01 00:00:00-04:00,12.338119286876662,12.531658228372022,12.178450006217917,12.217156410217285,38400,0.0,0.0
2004-07-02 00:00:00-04:00,12.425212502699425,12.425212502699425,12.163934239530839,12.217156410217285,13800,0.0,0.0
2004-07-06 00:00:00-04:00,12.284896920715955,12.410697937011717,12.16877354458133,12.410697937011719,31350,0.0,0.0
2004-07-07 00:00:00-04:00,12.33812262482647,12.671977043151855,12.328446367283744,12.671977043151855,29100,0.0,0.0
2004-07-08 00:00:00-04:00,12.633267740011275,12.875190734863281,12.628428228046417,12.875190734863281,32250,0.0,0.0
2004-07-09 00:00:00-04:00,12.91873639515138,13.233238220214844,12.91873639515138,13.233238220214844,21900,0.0,0.0
2004-07-12 00:00:00-04:00,13.06389176318016,13.91062641143799,13.06389176318016,13.910626411437988,46050,0.0,0.0
2004-07-13 00:00:00-04:00,13.857402789243912,14.128358733079615,13.857402789243912,14.113842964172363,8700,0.0,0.0
2004-07-14 00:00:00-04:00,14.031583186809367,14.167061805725098,13.87191393494362,14.167061805725098,31500,0.0,0.0
2004-07-15 00:00:00-04:00,14.15255352815168,14.317062377929688,14.007398579271076,14.317062377929688,6450,0.0,0.0
2004-07-16 00:00:00-04:00,14.418670219615263,14.418670219615263,14.0557842264778,14.128361701965332,3150,0.0,0.0
2004-07-19 00:00:00-04:00,14.152548733338321,14.384795465423098,14.128356711487752,14.283187866210938,19800,0.0,0.0
2004-07-20 00:00:00-04:00,14.462212273797443,14.462212273797443,13.484839834264267,13.852563858032227,14850,0.0,0.0
2004-07-21 00:00:00-04:00,13.741280397255979,14.196097704273681,13.741280397255979,14.075136184692383,12150,0.0,0.0
2004-07-22 00:00:00-04:00,14.007396036824634,14.012235549395715,13.89127265251748,13.90578842163086,2250,0.0,0.0
2004-07-23 00:00:00-04:00,13.838051795959474,13.876759594429288,13.838051795959474,13.838051795959473,2100,0.0,0.0
2004-07-26 00:00:00-04:00,13.596125524530315,13.755794825548401,13.562255859375,13.562255859375,2400,0.0,0.0
2004-07-27 00:00:00-04:00,13.789663515519935,13.789663515519935,13.654186248779297,13.654186248779297,1500,0.0,0.0
2004-07-28 00:00:00-04:00,13.726766586303711,13.726766586303711,13.726766586303711,13.726766586303711,300,0.0,0.0
2004-07-29 00:00:00-04:00,13.789665222167969,13.905788608031703,13.789665222167969,13.789665222167969,2700,0.0,0.0
2004-07-30 00:00:00-04:00,14.27351493765919,14.27351493765919,13.600965222216777,13.610641479492188,4350,0.0,0.0
2004-08-02 00:00:00-04:00,13.562258184028195,13.562258184028195,13.547743797302246,13.547743797302246,3000,0.0,0.0
2004-08-03 00:00:00-04:00,13.54289926908484,13.54289926908484,13.538061141967773,13.538061141967773,450,0.0,0.0
2004-08-04 00:00:00-04:00,13.49935786719856,13.838051795959474,13.49935786719856,13.838051795959473,4800,0.0,0.0
2004-08-05 00:00:00-04:00,13.862241448065715,13.862241448065715,13.79934024810791,13.79934024810791,900,0.0,0.0
2004-08-06 00:00:00-04:00,13.838051795959474,13.838051795959474,13.838051795959474,13.838051795959473,1950,0.0,0.0
2004-08-09 00:00:00-04:00,13.823536215503976,13.823536215503976,13.596127550292389,13.649351119995117,900,0.0,0.0
2004-08-10 00:00:00-04:00,13.983203131380757,13.983203131380757,13.68321704864502,13.68321704864502,750,0.0,0.0
2004-08-11 00:00:00-04:00,13.804174445106364,13.978359441298013,13.770304794216496,13.784820556640625,4050,0.0,0.0
2004-08-12 00:00:00-04:00,13.629007605054914,13.711784287941004,13.629007605054914,13.663092613220215,3000,0.12,0.0
2004-08-13 00:00:00-04:00,13.65822696685791,13.667964746873338,13.65822696685791,13.65822696685791,450,0.0,0.0
2004-08-16 00:00:00-04:00,13.867602215879328,13.877339994247805,13.828646923101399,13.86273193359375,2250,0.0,0.0
2004-08-17 00:00:00-04:00,13.89681898818026,13.974726798992961,13.862733972674317,13.86760425567627,7500,0.0,0.0
2004-08-18 00:00:00-04:00,13.61440028331466,14.120800971984863,13.61440028331466,14.120800971984863,6000,0.0,0.0
2004-08-19 00:00:00-04:00,14.120799269816239,14.120799269816239,13.88220701469036,13.974722862243652,3900,0.0,0.0
2004-08-20 00:00:00-04:00,14.120800971984863,14.120800971984863,14.115933475970454,14.120800971984863,2100,0.0,0.0
2004-08-23 00:00:00-04:00,14.111061040163648,14.130537986755371,13.974722414021588,14.130537986755371,3450,0.0,0.0
2004-08-24 00:00:00-04:00,14.120803194800523,14.120803194800523,13.950380904112528,13.99907398223877,1050,0.0,0.0
2004-08-25 00:00:00-04:00,14.003937480799603,14.218185291664005,14.003937480799603,14.2133150100708,4050,0.0,0.0
2004-08-26 00:00:00-04:00,14.218187112907378,14.218187112907378,13.999071778585023,14.120800971984863,1200,0.0,0.0
2004-08-27 00:00:00-04:00,14.120800971984863,14.120800971984863,14.120800971984863,14.120800971984863,150,0.0,0.0
2004-08-30 00:00:00-04:00,14.364264572176877,14.364264572176877,13.969855308532715,13.969855308532715,3750,0.0,0.0
2004-08-31 00:00:00-04:00,13.969855308532715,13.969855308532715,13.969855308532715,13.969855308532715,0,0.0,0.0
2004-09-01 00:00:00-04:00,13.950377351722182,14.364263534545898,13.950377351722182,14.364263534545898,4950,0.0,0.0
2004-09-02 00:00:00-04:00,14.04289456682923,14.120800971984863,14.013678445932213,14.120800971984863,3000,0.0,0.0
2004-09-03 00:00:00-04:00,14.120800971984863,14.427563275896953,14.120800971984863,14.120800971984863,1800,0.0,0.0
2004-09-07 00:00:00-04:00,14.45677799115482,14.45677799115482,14.364263534545898,14.364263534545898,1500,0.0,0.0
2004-09-08 00:00:00-04:00,14.364262884923502,14.364262884923502,14.247399811084522,14.335046768188477,1350,0.0,0.0
2004-09-09 00:00:00-04:00,14.252270654398355,14.461648209381263,14.057502552887968,14.315571784973145,2250,0.0,0.0
2004-09-10 00:00:00-04:00,14.247404036508685,14.276620161908484,14.242535146642565,14.266880989074707,4800,0.0,0.0
2004-09-13 00:00:00-04:00,14.476262729976186,14.476262729976186,13.960122642370182,14.461654663085938,3900,0.0,0.0
2004-09-14 00:00:00-04:00,14.461654663085938,14.461654663085938,14.461654663085938,14.461654663085938,0,0.0,0.0
2004-09-15 00:00:00-04:00,14.242535270773994,14.242535270773994,14.227927207946777,14.227927207946777,450,0.0,0.0
2004-09-16 00:00:00-04:00,14.047761974059927,14.086715869079194,13.979591961225621,14.028285026550293,4050,0.0,0.0
2004-09-17 00:00:00-04:00,14.359393814228422,14.359393814228422,14.125670433044434,14.125670433044434,1050,0.0,0.0
2004-09-20 00:00:00-04:00,14.028285026550293,14.028285026550293,14.028285026550293,14.028285026550293,750,0.0,0.0
2004-09-21 00:00:00-04:00,14.193839806014847,14.58338018833956,14.12080089726013,14.315571784973145,3000,0.0,0.0
2004-09-22 00:00:00-04:00,14.300967658611814,14.3447904586792,14.120804781709545,14.3447904586792,3750,0.0,0.0
2004-09-23 00:00:00-04:00,14.120800752393105,14.242532730102539,13.999071560886268,14.242532730102539,450,0.0,0.0
2004-09-24 00:00:00-04:00,14.242539156943387,14.41296288815801,13.989338702290949,14.208454132080078,17550,0.0,0.0
2004-09-27 00:00:00-04:00,14.023415544114687,14.310699462890625,14.023415544114687,14.310699462890625,1950,0.0,0.0
2004-09-28 00:00:00-04:00,14.42756634017516,14.42756634017516,14.417828559875488,14.417828559875488,1200,0.0,0.0
2004-09-29 00:00:00-04:00,14.417827794863014,14.43243585763903,14.179235472961423,14.427565574645996,1050,0.0,0.0
2004-09-30 00:00:00-04:00,14.154885673677644,14.335048498048558,14.023417311808652,14.150016784667969,6750,0.0,0.0
2004-10-01 00:00:00-04:00,14.12080089726013,14.461648209381263,14.072109220157861,14.315571784973145,6000,0.0,0.0
2004-10-04 00:00:00-04:00,14.486000512501729,14.607732545784557,14.296101215336233,14.461654663085938,6450,0.0,0.0
2004-10-05 00:00:00-04:00,14.607727924537654,14.607727924537654,14.44704341888428,14.447043418884277,450,0.0,0.0
2004-10-06 00:00:00-04:00,14.607724666842044,14.695371627807617,14.597986889568748,14.695371627807617,4050,0.0,0.0
2004-10-07 00:00:00-04:00,14.729460772285567,14.797629411652204,14.534689847991348,14.666159629821777,4050,0.0,0.0
2004-10-08 00:00:00-04:00,14.607734680175781,14.607734680175781,14.364273364240944,14.607734680175781,11850,0.0,0.0
2004-10-11 00:00:00-04:00,14.607724064285252,14.77814769744873,14.607724064285252,14.77814769744873,1200,0.0,0.0
2004-10-12 00:00:00-04:00,14.485999973502741,14.66129398345947,14.485999973502741,14.661293983459473,1650,0.0,0.0
2004-10-13 00:00:00-04:00,14.753806114196777,14.753806114196777,14.753806114196777,14.753806114196777,150,0.0,0.0
2004-10-14 00:00:00-04:00,14.753806114196777,14.753806114196777,14.753806114196777,14.753806114196777,0,0.0,0.0
2004-10-15 00:00:00-04:00,14.412958287633103,14.554165840148924,14.412958287633103,14.554165840148926,450,0.0,0.0
2004-10-18 00:00:00-04:00,14.500604962011996,14.739198684692385,14.500604962011996,14.739198684692383,1800,0.0,0.0
2004-10-19 00:00:00-04:00,14.753801762057439,14.802493432287394,14.61259285356811,14.68563175201416,2100,0.0,0.0
2004-10-20 00:00:00-04:00,14.607729146315314,14.826844526269399,14.607729146315314,14.617466926574707,2550,0.0,0.0
2004-10-21 00:00:00-04:00,14.6174642821347,14.714850425720215,14.6174642821347,14.714850425720215,600,0.0,0.0
2004-10-22 00:00:00-04:00,14.714848671461729,14.714848671461729,14.612593650817871,14.612593650817871,1050,0.0,0.0
2004-10-25 00:00:00-04:00,14.607724210389678,14.607724210389678,14.145146369934082,14.145146369934082,7950,0.0,0.0
2004-10-26 00:00:00-04:00,14.145146369934082,14.145146369934082,14.145146369934082,14.145146369934082,150,0.0,0.0
2004-10-27 00:00:00-04:00,14.145146369934082,14.145146369934082,14.145146369934082,14.145146369934082,450,0.0,0.0
2004-10-28 00:00:00-04:00,14.145146369934082,14.145146369934082,14.145146369934082,14.145146369934082,0,0.0,0.0
2004-10-29 00:00:00-04:00,14.145146369934082,14.145146369934082,14.145146369934082,14.145146369934082,0,0.0,0.0
2004-11-01 00:00:00-05:00,14.145146369934082,14.145146369934082,14.145146369934082,14.145146369934082,2700,0.0,0.0
2004-11-02 00:00:00-05:00,14.145151396789872,14.291229248046875,14.145151396789872,14.291229248046875,450,0.0,0.0
2004-11-03 00:00:00-05:00,14.218192100524902,14.22792988217229,14.218192100524902,14.218192100524902,7200,0.0,0.0
2004-11-04 00:00:00-05:00,14.145146369934082,14.335046951841285,14.145146369934082,14.145146369934082,6150,0.0,0.0
2004-11-05 00:00:00-05:00,14.14515050709513,14.227927207946777,14.14515050709513,14.227927207946777,1650,0.0,0.0
2004-11-08 00:00:00-05:00,14.145148789218633,14.223056590700107,14.145148789218633,14.16949462890625,1800,0.0,0.0
2004-11-09 00:00:00-05:00,14.339921576010045,14.339921576010045,14.145152027714378,14.164628982543945,1350,0.0,0.0
2004-11-10 00:00:00-05:00,14.492895983515659,14.649681732444952,14.448800342073087,14.536993026733398,3900,0.12,0.0
2004-11-11 00:00:00-05:00,14.238126074288086,14.51740047510799,14.238126074288086,14.512502670288086,4350,0.0,0.0
2004-11-12 00:00:00-05:00,14.649681041305163,15.105340653965277,14.341008762219305,14.855463027954102,3900,0.0,0.0
2004-11-15 00:00:00-05:00,15.1053398394447,15.605095064518903,14.889759456462205,15.477705955505371,3600,0.0,0.0
2004-11-16 00:00:00-05:00,15.203331879277826,15.286623954772947,14.96325406083889,15.28662395477295,3150,0.0,0.0
2004-11-17 00:00:00-05:00,15.291524461519455,15.42871198570665,15.188634168822833,15.384614944458008,3600,0.0,0.0
2004-11-18 00:00:00-05:00,15.188641225470604,15.188641225470604,15.07594966888428,15.075949668884277,1350,0.0,0.0
2004-11-19 00:00:00-05:00,15.311122898306904,15.433612823486328,14.948556532604492,15.433612823486328,4500,0.0,0.0
2004-11-22 00:00:00-05:00,14.948556900024414,14.948556900024414,14.948556900024414,14.948556900024414,1500,0.0,0.0
2004-11-23 00:00:00-05:00,15.433612823486328,15.433612823486328,15.433612823486328,15.433612823486328,300,0.0,0.0
2004-11-24 00:00:00-05:00,15.531599998474121,15.531599998474121,15.531599998474121,15.531599998474121,600,0.0,0.0
2004-11-26 00:00:00-05:00,15.188637733459474,15.188637733459474,15.188637733459474,15.188637733459473,750,0.0,0.0
2004-11-29 00:00:00-05:00,15.531603922564717,15.531603922564717,15.384616573059509,15.433612823486328,3000,0.0,0.0
2004-11-30 00:00:00-05:00,15.40911445166515,15.60999584197998,15.311121956836995,15.60999584197998,18000,0.0,0.0
2004-12-01 00:00:00-05:00,15.433619253679758,16.109758819912003,15.433619253679758,15.923576354980469,18750,0.0,0.0
2004-12-02 00:00:00-05:00,15.70308100556965,15.923561921843536,15.458102676967968,15.678582191467285,9600,0.0,0.0
2004-12-03 00:00:00-05:00,15.972562908492597,15.972562908492597,15.683488845825195,15.683488845825195,1050,0.0,0.0
2004-12-06 00:00:00-05:00,15.683490778614619,15.967665672302246,15.683490778614619,15.967665672302246,3900,0.0,0.0
2004-12-07 00:00:00-05:00,15.732484894585358,15.928465668140266,15.732484894585358,15.879470825195312,10350,0.0,0.0
2004-12-08 00:00:00-05:00,16.119546471536015,16.168542709666323,16.095049053358313,16.104848861694336,2400,0.0,0.0
2004-12-09 00:00:00-05:00,16.01175903013791,16.16854476928711,15.943164568372595,16.16854476928711,1200,0.0,0.0
2004-12-10 00:00:00-05:00,16.16854857431578,16.291038513183594,16.090155686292572,16.291038513183594,1650,0.0,0.0
2004-12-13 00:00:00-05:00,16.29103467932873,16.29103467932873,16.16854476928711,16.16854476928711,750,0.0,0.0
2004-12-14 00:00:00-05:00,16.144049181469654,16.168546605550123,16.075454711914062,16.075454711914062,4050,0.0,0.0
2004-12-15 00:00:00-05:00,16.193042190585402,16.193042190585402,16.16854476928711,16.16854476928711,450,0.0,0.0
2004-12-16 00:00:00-05:00,16.16854476928711,16.16854476928711,16.099951709296874,16.16854476928711,1800,0.0,0.0
2004-12-17 00:00:00-05:00,16.24203872680664,16.24203872680664,16.00195950808919,16.24203872680664,2250,0.0,0.0
2004-12-20 00:00:00-05:00,16.34003335797212,17.5012290624838,16.207745009064713,17.359142303466797,27000,0.0,0.0
2004-12-21 00:00:00-05:00,17.589418133264644,17.63841438293457,17.123960069388886,17.63841438293457,6600,0.0,0.0
2004-12-22 00:00:00-05:00,17.20725106154636,18.373345654568997,17.20725106154636,18.13326644897461,73950,0.0,0.0
2004-12-23 00:00:00-05:00,18.128369051328047,18.265555169334355,17.692307669263116,17.863792419433594,30000,0.0,0.0
2004-12-27 00:00:00-05:00,17.937285577632796,17.937285577632796,17.804997265420386,17.80989646911621,1950,0.0,0.0
2004-12-28 00:00:00-05:00,17.834393889370357,17.8588913096245,17.80989646911621,17.80989646911621,4650,0.0,0.0
2004-12-29 00:00:00-05:00,17.83440399169922,17.83440399169922,17.741312059871365,17.83440399169922,2550,0.0,0.0
2004-12-30 00:00:00-05:00,17.82950478522823,17.83440399169922,17.82950478522823,17.83440399169922,1800,0.0,0.0
2004-12-31 00:00:00-05:00,17.883386873094636,17.883386873094636,17.39343291178229,17.78049659729004,7950,0.0,0.0
2005-01-03 00:00:00-05:00,17.589416149350974,17.633513189612763,17.383635568562916,17.545320510864258,1950,0.0,0.0
2005-01-04 00:00:00-05:00,17.442431252186505,17.442431252186505,17.001470635911396,17.148456573486328,12900,0.0,0.0
2005-01-05 00:00:00-05:00,17.099462726887985,17.368938596918042,17.099462726887985,17.202354431152344,3750,0.0,0.0
2005-01-06 00:00:00-05:00,17.099466363668412,17.515928268432617,17.099466363668412,17.515928268432617,11700,0.0,0.0
2005-01-07 00:00:00-05:00,17.51592867226676,17.51592867226676,17.05537110383555,17.060270309448242,6600,0.0,0.0
2005-01-10 00:00:00-05:00,17.035765178279775,17.349336624145508,17.006367154342396,17.349336624145508,2850,0.0,0.0
2005-01-11 00:00:00-05:00,17.14844970540454,17.364031423915964,16.893674369217432,17.099454879760742,11400,0.0,0.0
2005-01-12 00:00:00-05:00,17.070065386720717,17.22195053100586,17.070065386720717,17.22195053100586,2100,0.0,0.0
2005-01-13 00:00:00-05:00,17.221948389509414,17.221948389509414,17.065162658691406,17.065162658691406,750,0.0,0.0
2005-01-14 00:00:00-05:00,16.903484045239285,16.903484045239285,16.295937709354256,16.68300437927246,14700,0.0,0.0
2005-01-18 00:00:00-05:00,16.413521785820194,16.903478622436523,16.29103467932873,16.903478622436523,2400,0.0,0.0
2005-01-19 00:00:00-05:00,16.65850313310295,16.65850313310295,16.491917569097343,16.560510635375977,4500,0.0,0.0
2005-01-20 00:00:00-05:00,16.369425887770973,16.51641321678202,16.369425887770973,16.447818756103516,2550,0.0,0.0
2005-01-21 00:00:00-05:00,16.29103486904523,16.707496643066406,16.29103486904523,16.707496643066406,3150,0.0,0.0
2005-01-24 00:00:00-05:00,16.193043740203933,16.70259884297658,16.193043740203933,16.35472869873047,3000,0.0,0.0
2005-01-25 00:00:00-05:00,16.74179492721714,16.74179492721714,16.6585028475298,16.663400650024414,2400,0.0,0.0
2005-01-26 00:00:00-05:00,16.89858234022081,16.89858234022081,16.658504486083984,16.658504486083984,6300,0.0,0.0
2005-01-27 00:00:00-05:00,16.65850160590344,16.903478622436523,16.65850160590344,16.903478622436523,3000,0.0,0.0
2005-01-28 00:00:00-05:00,16.986774444580078,16.986774444580078,16.986774444580078,16.986774444580078,900,0.0,0.0
2005-01-31 00:00:00-05:00,17.12396240234375,17.12396240234375,17.12396240234375,17.12396240234375,2250,0.0,0.0
2005-02-01 00:00:00-05:00,16.864288547660685,16.864288547660685,16.756497610456986,16.844690322875977,1800,0.0,0.0
2005-02-02 00:00:00-05:00,16.7417945159865,16.82508659362793,16.731994705912427,16.82508659362793,1800,0.0,0.0
2005-02-03 00:00:00-05:00,17.123963285794773,17.123963285794773,16.952479884178263,16.991676330566406,3450,0.0,0.0
2005-02-04 00:00:00-05:00,17.11416244506836,17.11416244506836,17.11416244506836,17.11416244506836,150,0.0,0.0
2005-02-07 00:00:00-05:00,17.14356231689453,17.14356231689453,17.14356231689453,17.14356231689453,300,0.0,0.0
2005-02-08 00:00:00-05:00,17.074962467755036,17.08476227681866,16.962272373285842,17.065162658691406,3750,0.0,0.0
2005-02-09 00:00:00-05:00,16.99657440185547,16.99657440185547,16.99657440185547,16.99657440185547,150,0.0,0.0
2005-02-10 00:00:00-05:00,17.09018325805664,17.09018325805664,17.09018325805664,17.09018325805664,0,0.12667,0.0
2005-02-11 00:00:00-05:00,16.7502498626709,16.7502498626709,16.7502498626709,16.7502498626709,150,0.0,0.0
2005-02-14 00:00:00-05:00,16.85370833726218,16.87834068260194,16.85370833726218,16.8734130859375,5700,0.0,0.0
2005-02-15 00:00:00-05:00,16.873412297654678,16.873412297654678,16.804441452026367,16.804441452026367,3600,0.0,0.0
2005-02-16 00:00:00-05:00,16.8192166899529,16.8192166899529,16.809364318847656,16.809364318847656,300,0.0,0.0
2005-02-17 00:00:00-05:00,16.75517463684082,16.81922070228409,16.75517463684082,16.75517463684082,600,0.0,0.0
2005-02-18 00:00:00-05:00,16.75517463684082,16.75517463684082,16.75517463684082,16.75517463684082,0,0.0,0.0
2005-02-22 00:00:00-05:00,16.7502498626709,16.7502498626709,16.7502498626709,16.7502498626709,7950,0.0,0.0
2005-02-23 00:00:00-05:00,16.75024946873806,16.868486404418945,16.75024946873806,16.868486404418945,3000,0.0,0.0
2005-02-24 00:00:00-05:00,16.7502498626709,16.7502498626709,16.7502498626709,16.7502498626709,4050,0.0,0.0
2005-02-25 00:00:00-05:00,16.7502498626709,16.7502498626709,16.7502498626709,16.7502498626709,0,0.0,0.0
2005-02-28 00:00:00-05:00,16.7502498626709,16.7502498626709,16.7502498626709,16.7502498626709,0,0.0,0.0
2005-03-01 00:00:00-05:00,16.745323181152344,16.745323181152344,16.745323181152344,16.745323181152344,300,0.0,0.0
2005-03-02 00:00:00-05:00,16.484216764293883,16.49899673461914,16.380759791008177,16.49899673461914,3000,0.0,0.0
2005-03-03 00:00:00-05:00,16.607379171574863,16.7502498626709,16.607379171574863,16.7502498626709,900,0.0,0.0
2005-03-04 00:00:00-05:00,16.7502498626709,16.7502498626709,16.7502498626709,16.7502498626709,0,0.0,0.0
2005-03-07 00:00:00-05:00,16.405388946586676,16.430021286010742,16.405388946586676,16.430021286010742,3750,0.0,0.0
2005-03-08 00:00:00-05:00,16.430021286010742,16.430021286010742,16.430021286010742,16.430021286010742,0,0.0,0.0
2005-03-09 00:00:00-05:00,16.40538469682281,16.62215232849121,16.40538469682281,16.62215232849121,3450,0.0,0.0
2005-03-10 00:00:00-05:00,16.410324096679688,16.410324096679688,16.410324096679688,16.410324096679688,300,0.0,0.0
2005-03-11 00:00:00-05:00,16.735474202484866,16.735474202484866,16.454660344205546,16.543338775634766,36450,0.0,0.0
2005-03-14 00:00:00-05:00,16.40539154817335,16.40539154817335,16.07038688659668,16.07038688659668,7200,0.0,0.0
2005-03-15 00:00:00-05:00,16.085166660955938,16.085166660955938,15.91766502227285,15.922591209411621,900,0.0,0.0
2005-03-16 00:00:00-05:00,15.937367100588164,16.223105614430484,15.937367100588164,16.06545639038086,5850,0.0,0.0
2005-03-17 00:00:00-05:00,15.814208984375,15.814208984375,15.814208984375,15.814208984375,150,0.0,0.0
2005-03-18 00:00:00-05:00,16.311782836914062,16.311782836914062,16.311782836914062,16.311782836914062,150,0.0,0.0
2005-03-21 00:00:00-05:00,16.011263168658015,16.41031235588939,16.011263168658015,16.25758934020996,3000,0.0,0.0
2005-03-22 00:00:00-05:00,16.25758934020996,16.25758934020996,16.25758934020996,16.25758934020996,0,0.0,0.0
2005-03-23 00:00:00-05:00,16.030975487031906,16.060535430908203,15.819135330399824,16.060535430908203,34650,0.0,0.0
2005-03-24 00:00:00-05:00,16.060535430908203,16.060535430908203,16.060535430908203,16.060535430908203,0,0.0,0.0
2005-03-28 00:00:00-05:00,16.0605343369842,16.0605343369842,15.824060440063477,15.824060440063477,450,0.0,0.0
2005-03-29 00:00:00-05:00,15.824060440063477,15.824060440063477,15.824060440063477,15.824060440063477,0,0.0,0.0
2005-03-30 00:00:00-05:00,15.888103619794979,15.888103619794979,15.71567440032959,15.71567440032959,750,0.0,0.0
2005-03-31 00:00:00-05:00,15.518610954056387,15.518610954056387,15.321549415588379,15.321549415588379,2100,0.0,0.0
2005-04-01 00:00:00-05:00,15.272287368774414,15.272287368774414,15.272287368774414,15.272287368774414,150,0.0,0.0
2005-04-04 00:00:00-04:00,15.311693809091802,15.311693809091802,15.050587654113771,15.05058765411377,600,0.0,0.0
2005-04-05 00:00:00-04:00,15.025954711029565,15.124486883284286,14.833820780769932,15.119559288024902,3150,0.0,0.0
2005-04-06 00:00:00-04:00,15.1195592880249,15.1195592880249,15.1195592880249,15.119559288024902,150,0.0,0.0
2005-04-07 00:00:00-04:00,15.66640781277101,15.66640781277101,15.365887909483593,15.420080184936523,1650,0.0,0.0
2005-04-08 00:00:00-04:00,15.7403113110839,15.764943661157114,15.56788345107552,15.666414260864258,2100,0.0,0.0
2005-04-11 00:00:00-04:00,15.76493775319848,15.76493775319848,15.498905371213274,15.538317680358887,2100,0.0,0.0
2005-04-12 00:00:00-04:00,15.76493705664889,15.76493705664889,15.277209400147598,15.493978500366211,10350,0.0,0.0
2005-04-13 00:00:00-04:00,15.272288415702464,15.272288415702464,15.193462371826174,15.193462371826172,3900,0.0,0.0
2005-04-14 00:00:00-04:00,15.735379045992882,15.735379045992882,14.952059058315228,15.006251335144043,3300,0.0,0.0
2005-04-15 00:00:00-04:00,14.814119313779655,15.2230224609375,14.814119313779655,15.2230224609375,1200,0.0,0.0
2005-04-18 00:00:00-04:00,14.779638290405273,14.779638290405273,14.779638290405273,14.779638290405273,600,0.0,0.0
2005-04-19 00:00:00-04:00,14.779638290405273,14.779638290405273,14.779638290405273,14.779638290405273,0,0.0,0.0
2005-04-20 00:00:00-04:00,15.025958061218262,15.025958061218262,15.025958061218262,15.025958061218262,150,0.0,0.0
2005-04-21 00:00:00-04:00,15.025958061218262,15.025958061218262,15.025958061218262,15.025958061218262,900,0.0,0.0
2005-04-22 00:00:00-04:00,14.976693056039263,14.981619242797324,14.853529930114746,14.853529930114746,34500,0.0,0.0
2005-04-25 00:00:00-04:00,14.804270645023642,14.804270645023642,14.779638290405273,14.779638290405273,600,0.0,0.0
2005-04-26 00:00:00-04:00,14.779638290405273,14.779638290405273,14.779638290405273,14.779638290405273,450,0.0,0.0
2005-04-27 00:00:00-04:00,14.779633423007803,14.902797974529989,14.779633423007803,14.863384246826172,13650,0.0,0.0
2005-04-28 00:00:00-04:00,15.02103042602539,15.02103042602539,15.02103042602539,15.02103042602539,150,0.0,0.0
2005-04-29 00:00:00-04:00,15.223026238482598,15.223026238482598,15.0259631922387,15.218098640441895,5700,0.0,0.0
2005-05-02 00:00:00-04:00,15.2230224609375,15.2230224609375,14.82397168842421,15.2230224609375,750,0.0,0.0
2005-05-03 00:00:00-04:00,15.2230224609375,15.2230224609375,15.2230224609375,15.2230224609375,0,0.0,0.0
2005-05-04 00:00:00-04:00,15.144196412387315,15.144196412387315,15.025958061218262,15.025958061218262,2550,0.0,0.0
2005-05-05 00:00:00-04:00,15.025958061218262,15.025958061218262,15.025958061218262,15.025958061218262,0,0.0,0.0
2005-05-06 00:00:00-04:00,14.705732751874791,14.705732751874791,14.488965034484863,14.488965034484863,1050,0.0,0.0
2005-05-09 00:00:00-04:00,14.754994599407272,14.779626935100422,14.419988632202148,14.419988632202148,1050,0.0,0.0
2005-05-10 00:00:00-04:00,14.419988632202148,14.419988632202148,14.419988632202148,14.419988632202148,0,0.0,0.0
2005-05-11 00:00:00-04:00,14.419988632202148,14.419988632202148,14.419988632202148,14.419988632202148,0,0.0,0.0
2005-05-12 00:00:00-04:00,14.705729367755271,14.705729367755271,14.681097030639648,14.681097030639648,1350,0.0,0.0
2005-05-13 00:00:00-04:00,14.681097030639648,14.681097030639648,14.681097030639648,14.681097030639648,300,0.0,0.0
2005-05-16 00:00:00-04:00,14.779633981777794,14.779633981777794,14.774707794189453,14.774707794189453,1650,0.0,0.0
2005-05-17 00:00:00-04:00,14.625966903348376,14.675545692443848,14.531765501888366,14.675545692443848,2250,0.12667,0.0
2005-05-18 00:00:00-04:00,14.749916631257719,14.774707448918367,14.432609201115326,14.611095428466797,7200,0.0,0.0
2005-05-19 00:00:00-04:00,14.611095428466795,14.611095428466795,14.611095428466795,14.611095428466797,0,0.0,0.0
2005-05-20 00:00:00-04:00,14.54663821483859,14.54663821483859,14.14008562126923,14.5020170211792,2100,0.0,0.0
2005-05-23 00:00:00-04:00,14.472272723868436,14.576390763290831,14.204544067382812,14.204544067382812,5250,0.0,0.0
2005-05-24 00:00:00-04:00,14.130171532585134,14.427648544311523,14.050844329458098,14.427648544311523,750,0.0,0.0
2005-05-25 00:00:00-04:00,14.858989698849639,14.858989698849639,14.462353706359863,14.462353706359863,6150,0.0,0.0
2005-05-26 00:00:00-04:00,14.849072456359863,14.849072456359863,14.849072456359863,14.849072456359863,150,0.0,0.0
2005-05-27 00:00:00-04:00,14.749916975949468,14.873866811701967,14.749916975949468,14.774707794189453,1350,0.0,0.0
2005-05-31 00:00:00-04:00,14.76479010105518,14.824285507202148,14.630925082603909,14.824285507202148,8400,0.0,0.0
2005-06-01 00:00:00-04:00,14.675545904612902,14.829242706298828,14.675545904612902,14.829242706298828,2400,0.0,0.0
2005-06-02 00:00:00-04:00,14.873866452067459,14.873866452067459,14.725127220153807,14.725127220153809,5400,0.0,0.0
2005-06-03 00:00:00-04:00,14.89865244529251,14.982938652733653,14.89865244529251,14.948232650756836,5550,0.0,0.0
2005-06-06 00:00:00-04:00,14.997814178466797,14.997814178466797,14.873864363119306,14.997814178466797,5400,0.0,0.0
2005-06-07 00:00:00-04:00,14.997812664795587,14.997812664795587,14.551596495240432,14.655713081359863,4800,0.0,0.0
2005-06-08 00:00:00-04:00,14.725125591491942,14.968066215515138,14.725125591491942,14.968066215515137,900,0.0,0.0
2005-06-09 00:00:00-04:00,14.968067600439225,14.992856999149184,14.675548156517968,14.680505752563477,8700,0.0,0.0
2005-06-10 00:00:00-04:00,14.923442327772605,14.977978706359863,14.923442327772605,14.977978706359863,15750,0.0,0.0
2005-06-13 00:00:00-04:00,14.774705142837682,14.928401947021484,14.774705142837682,14.928401947021484,2700,0.0,0.0
2005-06-14 00:00:00-04:00,14.903608485985398,14.91352367401123,14.903608485985398,14.91352367401123,1650,0.0,0.0
2005-06-15 00:00:00-04:00,14.91352367401123,14.91352367401123,14.91352367401123,14.91352367401123,0,0.0,0.0
2005-06-16 00:00:00-04:00,14.873862861957871,14.873862861957871,14.62596609324664,14.655713081359863,1350,0.0,0.0
2005-06-17 00:00:00-04:00,14.625972072211516,14.873868942260742,14.581349444077205,14.873868942260742,2400,0.0,0.0
2005-06-20 00:00:00-04:00,14.625969886779785,14.655716882608477,14.625969886779785,14.625969886779785,900,0.0,0.0
2005-06-21 00:00:00-04:00,14.502022218704223,14.873868942260742,14.26404054258528,14.873868942260742,6300,0.0,0.0
2005-06-22 00:00:00-04:00,14.759833495732602,14.774707702888183,14.625969886779785,14.625969886779785,1350,0.0,0.0
2005-06-23 00:00:00-04:00,14.625966830262861,14.625966830262861,14.5020170211792,14.5020170211792,900,0.0,0.0
2005-06-24 00:00:00-04:00,14.62596673139203,14.62596673139203,13.029504776000975,13.029504776000977,32100,0.0,0.0
2005-06-27 00:00:00-04:00,13.882277781849552,14.328492688226873,13.644294701703698,14.13017463684082,25500,0.0,0.0
2005-06-28 00:00:00-04:00,14.378066862541182,14.427647068665705,14.283866882324219,14.283866882324219,2400,0.0,0.0
2005-06-29 00:00:00-04:00,14.164880650454029,14.378071491832088,14.006224790862595,14.13017463684082,10050,0.0,0.0
2005-06-30 00:00:00-04:00,14.130173607195118,14.130173607195118,14.00622377024894,14.01118278503418,6900,0.0,0.0
2005-07-01 00:00:00-04:00,14.130172345769187,14.36319637298584,14.006222519888233,14.36319637298584,3150,0.0,0.0
2005-07-05 00:00:00-04:00,14.13017338379854,14.769750106663812,14.13017338379854,14.625969886779785,8700,0.0,0.0
2005-07-06 00:00:00-04:00,14.427650434497806,14.625969886779785,14.427650434497806,14.625969886779785,1800,0.0,0.0
2005-07-07 00:00:00-04:00,14.536728234425572,14.873868942260742,14.536728234425572,14.873868942260742,3150,0.0,0.0
2005-07-08 00:00:00-04:00,14.516891509947758,14.868906307902984,14.378067494094138,14.462353706359863,8850,0.0,0.0
2005-07-11 00:00:00-04:00,14.566475312445705,14.596223731360691,14.37807244193796,14.561517715454102,5250,0.0,0.0
2005-07-12 00:00:00-04:00,14.62597592532514,14.62597592532514,14.154968627486054,14.353286743164062,5250,0.0,0.0
2005-07-13 00:00:00-04:00,14.378069877624512,14.536725719403856,14.264038074741682,14.378069877624512,4350,0.0,0.0
2005-07-14 00:00:00-04:00,14.23429125919785,14.412777505445296,13.882277781849552,14.13017463684082,65250,0.0,0.0
2005-07-15 00:00:00-04:00,14.239247802542494,14.467312812805176,14.080591970492245,14.467312812805176,4050,0.0,0.0
2005-07-18 00:00:00-04:00,14.273954675181836,14.273954675181836,14.189669859110674,14.204544067382812,1350,0.0,0.0
2005-07-19 00:00:00-04:00,14.273949411247296,14.621006577702696,14.060758651391433,14.373109817504883,3600,0.0,0.0
2005-07-20 00:00:00-04:00,14.179752349853516,14.179752349853516,14.179752349853516,14.179752349853516,2550,0.0,0.0
2005-07-21 00:00:00-04:00,14.254120941782352,14.511932926055467,14.254120941782352,14.40285873413086,3900,0.0,0.0
2005-07-22 00:00:00-04:00,14.397899930658609,14.397899930658609,14.387983322143555,14.387983322143555,2850,0.0,0.0
2005-07-25 00:00:00-04:00,14.254124536047959,14.50697898864746,14.164880703349677,14.506978988647461,3150,0.0,0.0
2005-07-26 00:00:00-04:00,14.378069877624512,14.378069877624512,14.378069877624512,14.378069877624512,600,0.0,0.0
2005-07-27 00:00:00-04:00,14.392944084429205,14.397903099019059,14.239248675722148,14.378069877624512,3750,0.0,0.0
2005-07-28 00:00:00-04:00,14.278912361377737,14.749916619311936,14.278912361377737,14.725127220153809,5100,0.0,0.0
2005-07-29 00:00:00-04:00,14.630926064521688,14.849077320183616,14.621010872072945,14.625969886779785,9750,0.0,0.0
2005-08-01 00:00:00-04:00,14.462354550300173,14.462354550300173,14.427648544311523,14.427648544311523,300,0.0,0.0
2005-08-02 00:00:00-04:00,14.809416149843877,15.364706735837975,14.809416149843877,15.320085525512695,54000,0.0,0.0
2005-08-03 00:00:00-04:00,15.369661087040596,16.06377410888672,15.369661087040596,16.06377410888672,31200,0.0,0.0
2005-08-04 00:00:00-04:00,16.35629274360854,16.44553513292528,15.964614345317479,16.38603973388672,18600,0.0,0.0
2005-08-05 00:00:00-04:00,16.361253598781477,16.361253598781477,15.93982670776346,16.153018951416016,11400,0.0,0.0
2005-08-08 00:00:00-04:00,15.751424619191095,15.880330628122097,15.746465604630345,15.855541229248047,7950,0.0,0.0
2005-08-09 00:00:00-04:00,15.984447602779255,16.361251831054688,15.934867389817637,16.361251831054688,1500,0.0,0.0
2005-08-10 00:00:00-04:00,16.361249005673702,16.361249005673702,16.138141632080078,16.138141632080078,3150,0.0,0.0
2005-08-11 00:00:00-04:00,15.758888152226561,16.46748924255371,15.758888152226561,16.46748924255371,2700,0.14,0.0
2005-08-12 00:00:00-04:00,16.103214263916016,16.103214263916016,16.103214263916016,16.103214263916016,150,0.0,0.0
2005-08-15 00:00:00-04:00,15.968477740802635,15.968477740802635,15.773863163106656,15.953508377075195,1050,0.0,0.0
2005-08-16 00:00:00-04:00,15.96349121257746,15.96349121257746,15.768875184853846,15.868678092956543,13050,0.0,0.0
2005-08-17 00:00:00-04:00,15.913587369824691,15.963489532470703,15.903607793911448,15.963489532470703,9150,0.0,0.0
2005-08-18 00:00:00-04:00,15.963484697582187,16.188040792244383,15.933543123524384,16.083248138427734,8400,0.0,0.0
2005-08-19 00:00:00-04:00,15.94352996695199,15.968480338249424,15.903610229492186,15.903610229492188,8100,0.0,0.0
2005-08-22 00:00:00-04:00,15.963487935706798,15.968476295471191,15.918575565509814,15.968476295471191,6750,0.0,0.0
2005-08-23 00:00:00-04:00,16.018382971001422,16.08824572588341,15.918580055236816,15.918580055236816,6600,0.0,0.0
2005-08-24 00:00:00-04:00,16.063293428221165,16.09323501586914,15.968480304260549,16.09323501586914,6300,0.0,0.0
2005-08-25 00:00:00-04:00,16.09323501586914,16.09323501586914,16.09323501586914,16.09323501586914,0,0.0,0.0
2005-08-26 00:00:00-04:00,16.093230975760875,16.118181340741565,15.968476295471191,15.968476295471191,1200,0.0,0.0
2005-08-29 00:00:00-04:00,16.133159220071708,16.217992782592773,16.133159220071708,16.217992782592773,1650,0.0,0.0
2005-08-30 00:00:00-04:00,16.217992782592773,16.217992782592773,16.217992782592773,16.217992782592773,0,0.0,0.0
2005-08-31 00:00:00-04:00,16.018385491956074,16.217992782592773,15.90361319153419,16.217992782592773,3150,0.0,0.0
2005-09-01 00:00:00-04:00,15.99842192596113,16.21798976199769,15.903610229492186,15.903610229492188,2100,0.0,0.0
2005-09-02 00:00:00-04:00,15.993431475560572,15.993431475560572,15.918578937071585,15.923568725585938,6150,0.0,0.0
2005-09-06 00:00:00-04:00,15.96847490515124,16.093229574578967,15.90859317779541,15.90859317779541,3750,0.0,0.0
2005-09-07 00:00:00-04:00,15.918576123191013,16.073270961338377,15.918576123191013,16.068281173706055,3900,0.0,0.0
2005-09-08 00:00:00-04:00,16.068281173706055,16.068281173706055,16.068281173706055,16.068281173706055,0,0.0,0.0
2005-09-09 00:00:00-04:00,16.048316630814046,16.05829620361328,16.048316630814046,16.05829620361328,1500,0.0,0.0
2005-09-12 00:00:00-04:00,16.05331388497027,16.05331388497027,15.903610229492186,15.903610229492188,1050,0.0,0.0
2005-09-13 00:00:00-04:00,15.903604818465336,15.90859317779541,15.72395820870485,15.90859317779541,21000,0.0,0.0
2005-09-14 00:00:00-04:00,15.913587369824691,15.968477892734061,15.843726055352192,15.963489532470703,3600,0.0,0.0
2005-09-15 00:00:00-04:00,15.903604257960861,15.943523980431493,15.619164992275662,15.79382038116455,5400,0.0,0.0
2005-09-16 00:00:00-04:00,15.943525930490503,15.968476295471191,15.903606203137274,15.968476295471191,43350,0.0,0.0
2005-09-19 00:00:00-04:00,15.983453750610353,15.983453750610353,15.983453750610353,15.983453750610352,300,0.0,0.0
2005-09-20 00:00:00-04:00,16.158109664916992,16.158109664916992,16.158109664916992,16.158109664916992,150,0.0,0.0
2005-09-21 00:00:00-04:00,15.923569844101666,16.093235514748258,15.918580055236816,15.918580055236816,1200,0.0,0.0
2005-09-22 00:00:00-04:00,15.90360730441573,15.978458404541016,15.90360730441573,15.978458404541016,2100,0.0,0.0
2005-09-23 00:00:00-04:00,15.968471347188975,16.018373489379883,15.903601274956882,16.018373489379883,3900,0.0,0.0
2005-09-26 00:00:00-04:00,15.973467510621825,15.973467510621825,15.968476295471191,15.968476295471191,300,0.0,0.0
2005-09-27 00:00:00-04:00,15.903607793911448,15.963489532470703,15.803803468619426,15.963489532470703,6000,0.0,0.0
2005-09-28 00:00:00-04:00,15.84372452103954,16.113191604614258,15.838733305873006,16.113191604614258,15900,0.0,0.0
2005-09-29 00:00:00-04:00,15.903606760294045,16.09323153956084,15.903606760294045,16.068281173706055,48000,0.0,0.0
2005-09-30 00:00:00-04:00,16.168084064818363,16.168084064818363,15.918576123191013,16.068281173706055,9300,0.0,0.0
2005-10-03 00:00:00-04:00,15.813789839362988,16.217992782592773,15.813789839362988,16.217992782592773,7950,0.0,0.0
2005-10-04 00:00:00-04:00,16.212998545583417,16.212998545583417,15.903610229492186,15.903610229492188,2700,0.0,0.0
2005-10-05 00:00:00-04:00,15.863690591251853,16.217992782592773,15.863690591251853,16.217992782592773,6900,0.0,0.0
2005-10-06 00:00:00-04:00,15.853701266372939,15.863680839538574,15.614174378083238,15.863680839538574,3750,0.0,0.0
2005-10-07 00:00:00-04:00,15.718969572234293,15.93354613455523,15.6940192075997,15.843724250793457,7800,0.0,0.0
2005-10-10 00:00:00-04:00,15.843727746259933,16.173076629638672,15.843727746259933,16.173076629638672,3900,0.0,0.0
2005-10-11 00:00:00-04:00,16.17307734600577,16.17307734600577,16.09323501586914,16.09323501586914,3300,0.0,0.0
2005-10-12 00:00:00-04:00,16.09323501586914,16.09323501586914,16.09323501586914,16.09323501586914,0,0.0,0.0
2005-10-13 00:00:00-04:00,16.02836053058998,16.02836053058998,16.02337074279785,16.02337074279785,600,0.0,0.0
2005-10-14 00:00:00-04:00,15.968480304260549,16.09323501586914,15.968480304260549,16.09323501586914,1950,0.0,0.0
2005-10-17 00:00:00-04:00,15.988440394509093,16.128164455469367,15.918577650182304,16.1231746673584,3000,0.0,0.0
2005-10-18 00:00:00-04:00,15.973468563328343,15.973468563328343,15.7838423505146,15.848713874816895,3450,0.0,0.0
2005-10-19 00:00:00-04:00,15.908592206949038,16.203012466430664,15.903603847923387,16.203012466430664,1350,0.0,0.0
2005-10-20 00:00:00-04:00,16.033350493098535,16.193035125732422,16.033350493098535,16.193035125732422,2250,0.0,0.0
2005-10-21 00:00:00-04:00,16.088236918534587,16.188039779663086,15.988434057406085,16.188039779663086,2100,0.0,0.0
2005-10-24 00:00:00-04:00,16.212993621826172,16.212993621826172,16.212993621826172,16.212993621826172,300,0.0,0.0
2005-10-25 00:00:00-04:00,16.033353302393625,16.033353302393625,15.903610229492186,15.903610229492188,4200,0.0,0.0
2005-10-26 00:00:00-04:00,15.903602734661115,15.943522453308104,15.723956148439216,15.943522453308105,2100,0.0,0.0
2005-10-27 00:00:00-04:00,15.943522453308104,15.943522453308104,15.943522453308104,15.943522453308105,1500,0.0,0.0
2005-10-28 00:00:00-04:00,15.968476295471191,15.968476295471191,15.968476295471191,15.968476295471191,150,0.0,0.0
2005-10-31 00:00:00-05:00,15.903606203137274,15.968476295471191,15.903606203137274,15.968476295471191,1950,0.0,0.0
2005-11-01 00:00:00-05:00,15.968476295471191,15.968476295471191,15.968476295471191,15.968476295471191,750,0.0,0.0
2005-11-02 00:00:00-05:00,15.903606203137274,16.118181340741565,15.903606203137274,15.968476295471191,2550,0.0,0.0
2005-11-03 00:00:00-05:00,15.96847632518299,16.217985686226612,15.96847632518299,16.14313316345215,6450,0.0,0.0
2005-11-04 00:00:00-05:00,16.14313316345215,16.14313316345215,16.14313316345215,16.14313316345215,0,0.0,0.0
2005-11-07 00:00:00-05:00,15.968483312373463,16.217992782592773,15.968483312373463,16.217992782592773,3150,0.0,0.0
2005-11-08 00:00:00-05:00,16.068283449560738,16.068283449560738,16.008401706411917,16.013391494750977,900,0.0,0.0
2005-11-09 00:00:00-05:00,16.08371077666647,16.324816958605705,16.08371077666647,16.133941650390625,1950,0.14,0.0
2005-11-10 00:00:00-05:00,16.008368437045075,16.29970265154992,16.008368437045075,16.209287643432617,3300,0.0,0.0
2005-11-11 00:00:00-05:00,16.073665618896484,16.324818575291882,16.073665618896484,16.073665618896484,13200,0.0,0.0
2005-11-14 00:00:00-05:00,16.324827194213867,16.324827194213867,16.199250649716266,16.324827194213867,2100,0.0,0.0
2005-11-15 00:00:00-05:00,16.324827194213867,16.324827194213867,16.249481554935016,16.324827194213867,2850,0.0,0.0
2005-11-16 00:00:00-05:00,16.254496120338956,16.460439423858933,16.20426524013287,16.289657592773438,29850,0.0,0.0
2005-11-17 00:00:00-05:00,16.41020734095109,16.575966488480763,16.41020734095109,16.57094383239746,6000,0.0,0.0
2005-11-18 00:00:00-05:00,16.36499777657875,16.36499777657875,16.349929809570312,16.349929809570312,1350,0.0,0.0
2005-11-21 00:00:00-05:00,16.57596775837049,16.57596775837049,16.35495506569988,16.35997772216797,900,0.0,0.0
2005-11-22 00:00:00-05:00,16.354957774465202,16.354957774465202,16.32984161376953,16.32984161376953,300,0.0,0.0
2005-11-23 00:00:00-05:00,16.32984161376953,16.32984161376953,16.32984161376953,16.32984161376953,0,0.0,0.0
2005-11-25 00:00:00-05:00,16.57596778869629,16.57596778869629,16.57596778869629,16.57596778869629,300,0.0,0.0
2005-11-28 00:00:00-05:00,16.57596778869629,16.57596778869629,16.57596778869629,16.57596778869629,600,0.0,0.0
2005-11-29 00:00:00-05:00,16.57596778869629,16.57596778869629,16.57596778869629,16.57596778869629,0,0.0,0.0
2005-11-30 00:00:00-05:00,16.61614990234375,16.61614990234375,16.61614990234375,16.61614990234375,300,0.0,0.0
2005-12-01 00:00:00-05:00,16.364999771118164,16.364999771118164,16.364999771118164,16.364999771118164,300,0.0,0.0
2005-12-02 00:00:00-05:00,16.32481771965997,16.57596778869629,16.32481771965997,16.57596778869629,1800,0.0,0.0
2005-12-05 00:00:00-05:00,16.324820393567514,16.32984161376953,16.324820393567514,16.32984161376953,1500,0.0,0.0
2005-12-06 00:00:00-05:00,16.224353630005808,16.224353630005808,16.048547744750977,16.048547744750977,1200,0.0,0.0
2005-12-07 00:00:00-05:00,15.922974586486816,15.922974586486816,15.922974586486816,15.922974586486816,300,0.0,0.0
2005-12-08 00:00:00-05:00,15.94810043491814,16.324827194213867,15.94810043491814,16.324827194213867,1350,0.0,0.0
2005-12-09 00:00:00-05:00,16.324818575291882,16.324818575291882,16.073665618896484,16.073665618896484,750,0.0,0.0
2005-12-12 00:00:00-05:00,16.199242097094185,16.199242097094185,15.948092014894344,16.073665618896484,2400,0.0,0.0
2005-12-13 00:00:00-05:00,15.958135604858398,15.958135604858398,15.958135604858398,15.958135604858398,1500,0.0,0.0
2005-12-14 00:00:00-05:00,16.078689712734793,16.078689712734793,16.073665618896484,16.073665618896484,1950,0.0,0.0
2005-12-15 00:00:00-05:00,16.073669534736407,16.319798457255004,15.872750282287598,15.872750282287598,2700,0.0,0.0
2005-12-16 00:00:00-05:00,16.073669534736407,16.073669534736407,15.872750282287598,15.872750282287598,450,0.0,0.0
2005-12-19 00:00:00-05:00,15.87274493499035,15.87274493499035,15.475926347543034,15.496018409729004,3750,0.0,0.0
2005-12-20 00:00:00-05:00,15.445789399651842,15.445789399651842,14.943486347289008,15.335282325744629,4500,0.0,0.0
2005-12-21 00:00:00-05:00,15.420672708360547,15.420672708360547,15.169521214260666,15.355372428894043,4950,0.0,0.0
2005-12-22 00:00:00-05:00,15.194639354978397,15.892837524414062,15.194639354978397,15.892837524414062,4950,0.0,0.0
2005-12-23 00:00:00-05:00,16.073666783152852,16.29970359802246,16.073666783152852,16.29970359802246,450,0.0,0.0
2005-12-27 00:00:00-05:00,16.098781163323682,16.259517669677734,16.098781163323682,16.259517669677734,600,0.0,0.0
2005-12-28 00:00:00-05:00,16.174128132259504,16.189197540283203,15.777309489255082,16.189197540283203,5850,0.0,0.0
2005-12-29 00:00:00-05:00,16.073660966285306,16.199237408134202,16.073660966285306,16.123891830444336,10200,0.0,0.0
2005-12-30 00:00:00-05:00,15.922975748574043,15.933022499084473,15.571365348468882,15.933022499084473,1650,0.0,0.0
2006-01-03 00:00:00-05:00,15.490991868605848,15.571361541748049,15.490991868605848,15.571361541748047,450,0.0,0.0
2006-01-04 00:00:00-05:00,15.571368481530213,15.978232498562013,15.445791978920768,15.81247329711914,2700,0.0,0.0
2006-01-05 00:00:00-05:00,16.023440597440338,16.023440597440338,15.94307231903076,15.943072319030762,3000,0.0,0.0
2006-01-06 00:00:00-05:00,16.0234375,16.0234375,16.0234375,16.0234375,1800,0.0,0.0
2006-01-09 00:00:00-05:00,15.822516842815398,16.0234375,15.822516842815398,16.0234375,1200,0.0,0.0
2006-01-10 00:00:00-05:00,16.04855038696017,16.07366510696071,15.948091506958008,15.948091506958008,3000,0.0,0.0
2006-01-11 00:00:00-05:00,15.943066805609355,15.943066805609355,15.862698554992676,15.862698554992676,900,0.0,0.0
2006-01-12 00:00:00-05:00,15.852654351335381,16.073665618896484,15.852654351335381,16.073665618896484,2700,0.0,0.0
2006-01-13 00:00:00-05:00,15.76224042946331,16.204265869206562,15.76224042946331,16.103805541992188,3450,0.0,0.0
2006-01-17 00:00:00-05:00,16.224365383776373,16.375056662334078,16.199250649716266,16.324827194213867,2550,0.0,0.0
2006-01-18 00:00:00-05:00,16.324827194213867,16.324827194213867,16.324827194213867,16.324827194213867,0,0.0,0.0
2006-01-19 00:00:00-05:00,16.329848416507645,16.329848416507645,16.209295968500893,16.324827194213867,2700,0.0,0.0
2006-01-20 00:00:00-05:00,16.324819238550322,16.445371627807617,16.324819238550322,16.445371627807617,4350,0.0,0.0
2006-01-23 00:00:00-05:00,16.445371627807617,16.445371627807617,16.445371627807617,16.445371627807617,0,0.0,0.0
2006-01-24 00:00:00-05:00,16.45039157922402,16.475507736206055,16.45039157922402,16.475507736206055,2250,0.0,0.0
2006-01-25 00:00:00-05:00,16.475508981220766,16.57596930544726,16.475508981220766,16.50062370300293,5400,0.0,0.0
2006-01-26 00:00:00-05:00,16.22435155882731,16.46545624939284,16.22435155882731,16.309743881225586,4800,0.0,0.0
2006-01-27 00:00:00-05:00,16.500617933634878,16.520709991455078,16.500617933634878,16.520709991455078,900,0.0,0.0
2006-01-30 00:00:00-05:00,16.550856142755997,16.57597086690397,16.370027542114258,16.370027542114258,1650,0.0,0.0
2006-01-31 00:00:00-05:00,16.365001273074483,16.47048568725586,15.983252055778708,16.47048568725586,7800,0.0,0.0
2006-02-01 00:00:00-05:00,16.174122694603366,16.174122694603366,16.123891830444336,16.123891830444336,1050,0.0,0.0
2006-02-02 00:00:00-05:00,16.073665618896484,16.073665618896484,16.073665618896484,16.073665618896484,750,0.0,0.0
2006-02-03 00:00:00-05:00,16.073665618896484,16.073665618896484,16.073665618896484,16.073665618896484,150,0.0,0.0
2006-02-06 00:00:00-05:00,16.09878158569336,16.09878158569336,16.09878158569336,16.09878158569336,150,0.0,0.0
2006-02-07 00:00:00-05:00,16.073674105218664,16.324827194213867,15.94810043491814,16.324827194213867,7350,0.0,0.0
2006-02-08 00:00:00-05:00,16.324818779619587,16.324818779619587,16.073665820080663,16.17412757873535,3300,0.0,0.0
2006-02-09 00:00:00-05:00,16.305581221619754,16.659501199768748,16.305581221619754,16.431982040405273,3450,0.14,0.0
2006-02-10 00:00:00-05:00,16.558378894970787,16.659500122070312,16.43198097742499,16.659500122070312,2700,0.0,0.0
2006-02-13 00:00:00-05:00,16.43703515828909,16.659500122070312,16.43703515828909,16.659500122070312,5700,0.0,0.0
2006-02-14 00:00:00-05:00,16.43703448787204,16.65949944257959,16.43703448787204,16.558378219604492,6150,0.0,0.0
2006-02-15 00:00:00-05:00,16.558378219604492,16.558378219604492,16.558378219604492,16.558378219604492,0,0.0,0.0
2006-02-16 00:00:00-05:00,16.684780950131625,17.443180084228516,16.684780950131625,17.443180084228516,3150,0.0,0.0
2006-02-17 00:00:00-05:00,17.19038255555908,17.337005897078576,17.19038255555908,17.306669235229492,2700,0.0,0.0
2006-02-21 00:00:00-05:00,16.6999568939209,16.6999568939209,16.6999568939209,16.6999568939209,300,0.0,0.0
2006-02-22 00:00:00-05:00,17.11959621666558,17.18532371520996,17.11959621666558,17.18532371520996,450,0.0,0.0
2006-02-23 00:00:00-05:00,17.190381881811486,17.190381881811486,16.694892734573983,16.780845642089844,3750,0.0,0.0
2006-02-24 00:00:00-05:00,16.780845642089844,16.780845642089844,16.780845642089844,16.780845642089844,0,0.0,0.0
2006-02-27 00:00:00-05:00,16.765681061367,16.82635294972472,16.7353458404541,16.7353458404541,2100,0.0,0.0
2006-02-28 00:00:00-05:00,16.68983397729653,17.089257439729028,16.68983397729653,17.08420181274414,4800,0.0,0.0
2006-03-01 00:00:00-05:00,17.190379022663283,17.240938186645508,17.190379022663283,17.240938186645508,6300,0.0,0.0
2006-03-02 00:00:00-05:00,16.932525634765625,16.932525634765625,16.932525634765625,16.932525634765625,750,0.0,0.0
2006-03-03 00:00:00-05:00,17.17521557901215,17.190383911132812,17.17521557901215,17.190383911132812,1050,0.0,0.0
2006-03-06 00:00:00-05:00,17.190383911132812,17.190383911132812,17.190383911132812,17.190383911132812,0,0.0,0.0
2006-03-07 00:00:00-05:00,17.240938186645508,17.240938186645508,17.240938186645508,17.240938186645508,750,0.0,0.0
2006-03-08 00:00:00-05:00,17.01342241426621,17.165102842115,16.93758220034181,17.003311157226562,5400,0.0,0.0
2006-03-09 00:00:00-05:00,17.190383911132812,17.190383911132812,17.190383911132812,17.190383911132812,300,0.0,0.0
2006-03-10 00:00:00-05:00,17.190383911132812,17.190383911132812,17.190383911132812,17.190383911132812,0,0.0,0.0
2006-03-13 00:00:00-05:00,17.190383911132812,17.190383911132812,17.190383911132812,17.190383911132812,0,0.0,0.0
2006-03-14 00:00:00-05:00,17.190383911132812,17.266222678672598,17.190383911132812,17.190383911132812,2850,0.0,0.0
2006-03-15 00:00:00-05:00,17.291502267852525,17.4179031068157,17.190383911132812,17.190383911132812,5100,0.0,0.0
2006-03-16 00:00:00-05:00,17.190383911132812,17.190383911132812,17.190383911132812,17.190383911132812,0,0.0,0.0
2006-03-17 00:00:00-05:00,17.443181565936467,17.84766075273814,17.443181565936467,17.59486198425293,10800,0.0,0.0
2006-03-20 00:00:00-05:00,17.670698580230262,17.69597816467285,17.569580242459892,17.69597816467285,3600,0.0,0.0
2006-03-21 00:00:00-05:00,17.69598741123071,17.69598741123071,17.645428215927193,17.690933227539062,8700,0.0,0.0
2006-03-22 00:00:00-05:00,17.69598162875765,17.69598162875765,17.544302645878613,17.680814743041992,11100,0.0,0.0
2006-03-23 00:00:00-05:00,17.519023608656955,17.94878387451172,17.519023608656955,17.94878387451172,14400,0.0,0.0
2006-03-24 00:00:00-05:00,17.94878647663097,17.94878647663097,17.695984751974034,17.943729400634766,5700,0.0,0.0
2006-03-27 00:00:00-05:00,17.695976935977885,17.872938354383457,17.49373882794777,17.79709815979004,2250,0.0,0.0
2006-03-28 00:00:00-05:00,17.792040127387327,17.847656363527975,17.695975982513723,17.7263126373291,12900,0.0,0.0
2006-03-29 00:00:00-05:00,17.56452437829904,17.87294082656398,17.433069372916933,17.524076461791992,33300,0.0,0.0
2006-03-30 00:00:00-05:00,17.695984053089422,17.695984053089422,17.428016897155103,17.539249420166016,20850,0.0,0.0
2006-03-31 00:00:00-05:00,17.539248689532375,17.79204750061035,17.4431845048487,17.79204750061035,23850,0.0,0.0
2006-04-03 00:00:00-04:00,17.867889286785818,18.019569743936962,17.837554063274816,17.999345779418945,3150,0.0,0.0
2006-04-04 00:00:00-04:00,17.87294122868445,18.065068113149763,17.81732498060306,17.903276443481445,6450,0.0,0.0
2006-04-05 00:00:00-04:00,17.999343565538382,18.014510452162366,17.79204686982673,17.842607498168945,7350,0.0,0.0
2006-04-06 00:00:00-04:00,17.85271509117631,18.19146671983498,17.7465382360159,17.933610916137695,9750,0.0,0.0
2006-04-07 00:00:00-04:00,17.999345779418945,17.999345779418945,17.999345779418945,17.999345779418945,1500,0.0,0.0
2006-04-10 00:00:00-04:00,17.675755775577027,17.953834099415793,17.604971202814482,17.716203689575195,31950,0.0,0.0
2006-04-11 00:00:00-04:00,17.98417523238253,17.98417523238253,17.701039763955357,17.842607498168945,6450,0.0,0.0
2006-04-12 00:00:00-04:00,17.877997067777585,17.97406123441009,17.746540611354426,17.827436447143555,32400,0.0,0.0
2006-04-13 00:00:00-04:00,17.69597662293341,17.994281768798828,17.69597662293341,17.994281768798828,17850,0.0,0.0
2006-04-17 00:00:00-04:00,17.77182114142839,18.474605560302734,17.77182114142839,18.474605560302734,4050,0.0,0.0
2006-04-18 00:00:00-04:00,18.35831801172617,18.707182418059347,18.075181115914347,18.201581954956055,8700,0.0,0.0
2006-04-19 00:00:00-04:00,18.201580033022598,18.555500030517578,18.161132115967835,18.555500030517578,4950,0.0,0.0
2006-04-20 00:00:00-04:00,18.43415692589424,18.43415692589424,18.151020050048828,18.151020050048828,5700,0.0,0.0
2006-04-21 00:00:00-04:00,18.151020050048828,18.151020050048828,18.151020050048828,18.151020050048828,0,0.0,0.0
2006-04-24 00:00:00-04:00,18.151025799884188,18.611122826431963,18.10046660904227,18.60606575012207,20550,0.0,0.0
2006-04-25 00:00:00-04:00,18.606060352082448,18.76279640197754,18.560556804219907,18.76279640197754,4950,0.0,0.0
2006-04-26 00:00:00-04:00,18.914475645605933,19.12177085876465,18.742571274951956,19.12177085876465,3750,0.0,0.0
2006-04-27 00:00:00-04:00,18.848740225315343,19.1976044748647,18.848740225315343,19.071205139160156,6450,0.0,0.0
2006-04-28 00:00:00-04:00,19.202669173734314,19.233005838693874,19.02570915222168,19.02570915222168,7200,0.0,0.0
2006-05-01 00:00:00-04:00,19.00043495596575,19.278514862060547,19.00043495596575,19.278514862060547,6450,0.0,0.0
2006-05-02 00:00:00-04:00,19.349292600582377,19.47063636779785,19.31390175337672,19.47063636779785,1200,0.0,0.0
2006-05-03 00:00:00-04:00,19.227949167092703,19.415021896362305,19.217837909581824,19.415021896362305,1500,0.0,0.0
2006-05-04 00:00:00-04:00,19.430188603596218,19.430188603596218,19.31895610109145,19.38468360900879,2550,0.0,0.0
2006-05-05 00:00:00-04:00,19.30377719026538,19.404896934155527,19.24816096949307,19.39984130859375,750,0.0,0.0
2006-05-08 00:00:00-04:00,19.27850683181142,19.38468225201938,19.27850683181142,19.288618087768555,1200,0.0,0.0
2006-05-09 00:00:00-04:00,19.217837696587285,19.217837696587285,19.126829147338867,19.126829147338867,1800,0.0,0.0
2006-05-10 00:00:00-04:00,19.187495769619975,19.339176161262053,19.162216186523438,19.162216186523438,11250,0.0,0.0
2006-05-11 00:00:00-04:00,19.324960167605873,20.13355827331543,19.19782420535531,20.13355827331543,13650,0.14667,0.0
2006-05-12 00:00:00-04:00,19.909795293533065,20.769247763195036,19.909795293533065,20.418346405029297,10200,0.0,0.0
2006-05-15 00:00:00-04:00,20.621767359868322,21.1354050864217,20.469201295155646,21.089635848999023,24900,0.0,0.0
2006-05-16 00:00:00-04:00,21.52698624400998,21.821946584493812,21.399848843532396,21.613439559936523,38100,0.0,0.0
2006-05-17 00:00:00-04:00,21.704979280715072,21.81686123970403,21.415105544663643,21.664295196533203,22050,0.0,0.0
2006-05-18 00:00:00-04:00,21.735500889549066,22.681406914506567,21.735500889549066,22.371191024780273,14700,0.0,0.0
2006-05-19 00:00:00-04:00,22.376268727441772,22.630546459428324,20.347148023550595,20.972667694091797,19950,0.0,0.0
2006-05-22 00:00:00-04:00,20.7387310752504,21.1709990959615,20.647192615442734,21.03369140625,2550,0.0,0.0
2006-05-23 00:00:00-04:00,20.723479240364163,20.799760818481445,20.692965445134977,20.799760818481445,3450,0.0,0.0
2006-05-24 00:00:00-04:00,20.65228054416977,21.130319314158825,20.65228054416977,21.109975814819336,3150,0.0,0.0
2006-05-25 00:00:00-04:00,21.44053380718346,21.460875850293036,21.074377031211046,21.104890823364258,5550,0.0,0.0
2006-05-26 00:00:00-04:00,21.786346772126706,21.93382620895906,21.745662689208984,21.745662689208984,3450,0.0,0.0
2006-05-30 00:00:00-04:00,20.53022772269826,21.67446877832833,20.53022772269826,21.486305236816406,6450,0.0,0.0
2006-05-31 00:00:00-04:00,21.918568298649213,22.21352859404642,21.537154700540412,21.867713928222656,11100,0.0,0.0
2006-06-01 00:00:00-04:00,22.091473046380205,22.091473046380205,20.70821449940463,21.09471321105957,21300,0.0,0.0
2006-06-02 00:00:00-04:00,20.97775026039257,21.745662689208984,20.8556980116394,21.745662689208984,8250,0.0,0.0
2006-06-05 00:00:00-04:00,21.842282970151544,21.842282970151544,21.36424437298836,21.65411949157715,13950,0.0,0.0
2006-06-06 00:00:00-04:00,20.626854566553657,21.839748851139003,20.626854566553657,21.824493408203125,14600,0.0,1.5
2006-06-07 00:00:00-04:00,21.855008864475277,22.45001487312837,21.374428151508678,22.114370346069336,22700,0.0,0.0
2006-06-08 00:00:00-04:00,22.221161652160923,22.503408432006836,21.877890193133943,22.503408432006836,5300,0.0,0.0
2006-06-09 00:00:00-04:00,22.50340460433436,22.732252204760297,22.274557003908424,22.518661499023438,28600,0.0,0.0
2006-06-12 00:00:00-04:00,22.854315951431577,22.854315951431577,21.938923634172042,22.16014289855957,12500,0.0,0.0
2006-06-13 00:00:00-04:00,21.78635150967918,21.96942992262026,20.44377502646669,21.321027755737305,10600,0.0,0.0
2006-06-14 00:00:00-04:00,21.511734150007367,22.038084030151367,20.695507576131735,22.038084030151367,6000,0.0,0.0
2006-06-15 00:00:00-04:00,22.495781199709167,22.495781199709167,21.74058220304292,22.12199592590332,11900,0.0,0.0
2006-06-16 00:00:00-04:00,21.725325848048005,22.30507489588638,21.534618981850297,22.03045654296875,8600,0.0,0.0
2006-06-19 00:00:00-04:00,22.30506842426255,22.67885359896215,22.099104719332924,22.480518341064453,38500,0.0,0.0
2006-06-20 00:00:00-04:00,22.396613060973262,22.617832251682497,22.32033002953022,22.503408432006836,27700,0.0,0.0
2006-06-21 00:00:00-04:00,22.33558592539313,22.625459685906765,22.137250634524754,22.61020278930664,29700,0.0,0.0
2006-06-22 00:00:00-04:00,22.57969393496059,22.57969393496059,22.22116408442795,22.4118709564209,25700,0.0,0.0
2006-06-23 00:00:00-04:00,22.526287659403902,22.526287659403902,21.954167261445587,22.289810180664062,20400,0.0,0.0
2006-06-26 00:00:00-04:00,22.503410895167818,22.57969393496059,21.694814165311552,22.4118709564209,14900,0.0,0.0
2006-06-27 00:00:00-04:00,22.083856421255884,22.343217884298337,22.0457141737626,22.31270408630371,12700,0.0,0.0
2006-06-28 00:00:00-04:00,22.31270408630371,22.31270408630371,21.893149548723375,22.31270408630371,29100,0.0,0.0
2006-06-29 00:00:00-04:00,22.312702305650973,22.85430908203125,22.289816958981355,22.85430908203125,73900,0.0,0.0
2006-06-30 00:00:00-04:00,22.85431067385903,22.85431067385903,20.60397047381066,20.69550895690918,856800,0.0,0.0
2006-07-03 00:00:00-04:00,20.832813156832668,21.35916440125738,20.787043926223703,21.008264541625977,22400,0.0,0.0
2006-07-05 00:00:00-04:00,20.741271876583482,21.28287848761414,20.733643430022536,21.000633239746094,16500,0.0,0.0
2006-07-06 00:00:00-04:00,20.726017488658616,21.74057772425823,20.726017488658616,21.710063934326172,32400,0.0,0.0
2006-07-07 00:00:00-04:00,22.068603031442347,22.419503034310225,20.344612455015042,20.512434005737305,20400,0.0,0.0
2006-07-10 00:00:00-04:00,20.596335338246533,21.069288863981544,20.306461629231674,20.7489013671875,16100,0.0,0.0
2006-07-11 00:00:00-04:00,20.665002417932286,20.878594696779114,19.87928936661774,20.59634780883789,9700,0.0,0.0
2006-07-12 00:00:00-04:00,20.51242186342718,20.909092335756377,19.65042781295925,19.658056259155273,7100,0.0,0.0
2006-07-13 00:00:00-04:00,19.635179118695365,20.481918085281116,19.49786993979195,20.169158935546875,20200,0.0,0.0
2006-07-14 00:00:00-04:00,19.63517427655015,20.687876751888627,19.337672098943774,19.60466194152832,5800,0.0,0.0
2006-07-17 00:00:00-04:00,19.406326748536074,19.787740395178023,19.13170845736104,19.45972442626953,7400,0.0,0.0
2006-07-18 00:00:00-04:00,19.780115628490922,20.17678624400883,19.177481256264347,19.734346389770508,11400,0.0,0.0
2006-07-19 00:00:00-04:00,19.825886480999124,20.970127726993535,19.810629581857818,20.779420852661133,13400,0.0,0.0
2006-07-20 00:00:00-04:00,20.91673041030928,21.24474647284345,19.23088085437121,19.68857765197754,7800,0.0,0.0
2006-07-21 00:00:00-04:00,19.52074651830268,20.459023545987478,19.52074651830268,20.207290649414062,11500,0.0,0.0
2006-07-24 00:00:00-04:00,20.550573769926622,21.267630590225917,19.963196231082666,20.61922836303711,16900,0.0,0.0
2006-07-25 00:00:00-04:00,20.550570063849435,21.603271210070087,19.71908810166292,21.27525520324707,19300,0.0,0.0
2006-07-26 00:00:00-04:00,21.069288376427835,22.091475508759466,20.649732534037646,21.999937057495117,18300,0.0,0.0
2006-07-27 00:00:00-04:00,22.10674209427519,22.10674209427519,21.435454489115187,21.87026596069336,12400,0.0,0.0
2006-07-28 00:00:00-04:00,22.091473994494674,22.503401361880943,21.60326507460933,22.21352767944336,8500,0.0,0.0
2006-07-31 00:00:00-04:00,21.588014412109946,22.19827719305706,21.588014412109946,21.87788963317871,15000,0.0,0.0
2006-08-01 00:00:00-04:00,21.67954910336912,22.114360374997325,20.512422962437554,20.710758209228516,15400,0.0,0.0
2006-08-02 00:00:00-04:00,20.901464645154533,22.04570542633063,20.901464645154533,21.732946395874023,8900,0.0,0.0
2006-08-03 00:00:00-04:00,21.45832909029914,22.12198941287549,21.30576451905889,21.725318908691406,9100,0.0,0.0
2006-08-04 00:00:00-04:00,22.03045278564835,22.114364258057073,21.24474156210367,21.91602897644043,9400,0.0,0.0
2006-08-07 00:00:00-04:00,21.694810584668232,21.694810584668232,21.092176270243524,21.36679458618164,8200,0.0,0.0
2006-08-08 00:00:00-04:00,21.740580055930398,22.12199374112216,20.977752685546875,20.977752685546875,8800,0.0,0.0
2006-08-09 00:00:00-04:00,21.290510869203302,21.64903919396858,20.02421760559082,20.02421760559082,13100,0.0,0.0
2006-08-10 00:00:00-04:00,20.123954991976326,21.474247253127714,20.001201283084352,20.952543258666992,10000,0.15,0.0
2006-08-11 00:00:00-04:00,20.776085963463025,21.16736397773507,20.499889373779297,20.499889373779297,4000,0.0,0.0
2006-08-14 00:00:00-04:00,20.783757266232836,21.32847666629964,20.331102416127358,20.492216110229492,4000,0.0,0.0
2006-08-15 00:00:00-04:00,20.71470998172279,22.034313201904297,20.71470998172279,22.034313201904297,8000,0.0,0.0
2006-08-16 00:00:00-04:00,22.218440299473777,22.264474034711967,22.00362205505371,22.00362205505371,8300,0.0,0.0
2006-08-17 00:00:00-04:00,21.865525086741577,21.865525086741577,21.182707403178682,21.20572280883789,5700,0.0,0.0
2006-08-18 00:00:00-04:00,21.36683944867388,21.36683944867388,20.39248054350008,20.9141845703125,7300,0.0,0.0
2006-08-21 00:00:00-04:00,20.906515448979242,21.865529919115904,20.906515448979242,21.51261329650879,1700,0.0,0.0
2006-08-22 00:00:00-04:00,21.68906691204282,21.85785289544165,21.68906691204282,21.84250831604004,900,0.0,0.0
2006-08-23 00:00:00-04:00,21.811824285171873,21.865528858760765,20.00120458508994,20.039566040039062,17300,0.0,0.0
2006-08-24 00:00:00-04:00,20.23137436388423,20.338783539938515,20.100948308672482,20.262062072753906,6000,0.0,0.0
2006-08-25 00:00:00-04:00,20.522903490880328,21.205721120065274,20.522903490880328,20.983230590820312,2600,0.0,0.0
2006-08-28 00:00:00-04:00,21.15201794161807,21.773458762291376,21.15201794161807,21.712081909179688,3200,0.0,0.0
2006-08-29 00:00:00-04:00,21.880869609469368,22.16473700968919,21.412870184414455,22.095687866210938,16400,0.0,0.0
2006-08-30 00:00:00-04:00,22.011295478781115,22.27214747188438,21.74277119607603,21.903884887695312,13100,0.0,0.0
2006-08-31 00:00:00-04:00,22.203098903366346,22.26447575842953,21.773459454584412,21.781131744384766,17400,0.0,0.0
2006-09-01 00:00:00-04:00,22.02663535023266,22.02663535023266,21.558637460172566,21.796472549438477,6400,0.0,0.0
2006-09-05 00:00:00-04:00,22.141727748466618,22.2721537819702,21.45123612207117,22.241464614868164,3600,0.0,0.0
2006-09-06 00:00:00-04:00,22.026633953340248,22.026633953340248,20.799097142500408,20.9602108001709,2700,0.0,0.0
2006-09-07 00:00:00-04:00,20.883495100351247,20.883495100351247,20.03956367771409,20.3541202545166,6200,0.0,0.0
2006-09-08 00:00:00-04:00,20.177659055072024,20.423167930092138,20.024217654441507,20.185331344604492,7300,0.0,0.0
2006-09-11 00:00:00-04:00,20.077923025981622,20.446184158325195,20.077923025981622,20.446184158325195,3100,0.0,0.0
2006-09-12 00:00:00-04:00,20.722377705748887,21.90388236489487,20.668673148061266,21.865522384643555,5500,0.0,0.0
2006-09-13 00:00:00-04:00,21.965265059414694,22.06500337596593,21.758119062231042,22.057331085205078,7700,0.0,0.0
2006-09-14 00:00:00-04:00,21.758119062231042,22.057331085205078,21.71208531766593,22.057331085205078,9600,0.0,0.0
2006-09-15 00:00:00-04:00,22.164738114379542,22.249131841356842,21.834836959838867,21.834836959838867,39800,0.0,0.0
2006-09-18 00:00:00-04:00,21.66605244610766,21.92690447150986,20.99090697428654,21.067626953125,5800,0.0,0.0
2006-09-19 00:00:00-04:00,21.259428478438892,21.328477625685633,20.323431040584843,20.94487190246582,7300,0.0,0.0
2006-09-20 00:00:00-04:00,21.182707225200037,21.903884887695312,21.182707225200037,21.903884887695312,4400,0.0,0.0
2006-09-21 00:00:00-04:00,21.903886223916228,22.272148830570725,21.811821669757382,22.026639938354492,4000,0.0,0.0
2006-09-22 00:00:00-04:00,21.857853213378537,21.988279213510104,20.906511226735198,21.190380096435547,4600,0.0,0.0
2006-09-25 00:00:00-04:00,21.39752773137011,22.118706933061524,21.39752773137011,22.034313201904297,6100,0.0,0.0
2006-09-26 00:00:00-04:00,22.003619347444097,22.072668478465147,21.4742431640625,21.4742431640625,5500,0.0,0.0
2006-09-27 00:00:00-04:00,21.48958980311845,22.18007971626154,21.48958980311845,22.11103057861328,8200,0.0,0.0
2006-09-28 00:00:00-04:00,22.11103713879341,22.402578353881836,21.903889664389517,22.402578353881836,2600,0.0,0.0
2006-09-29 00:00:00-04:00,21.957594231993678,22.38723227122252,21.865528206203294,22.057331085205078,16600,0.0,0.0
2006-10-02 00:00:00-04:00,21.865520321370468,21.949914025967143,21.343816444480673,21.389848709106445,9200,0.0,0.0
2006-10-03 00:00:00-04:00,21.919235677892893,21.919235677892893,21.25176239013672,21.25176239013672,5200,0.0,0.0
2006-10-04 00:00:00-04:00,20.96789430483033,21.926908865906253,20.960222012740914,21.896221160888672,8800,0.0,0.0
2006-10-05 00:00:00-04:00,21.758111596714482,22.249126330216182,21.627685625210674,21.788799285888672,10600,0.0,0.0
2006-10-06 00:00:00-04:00,21.66605516573772,21.9959563841772,21.658382874222852,21.98061180114746,1600,0.0,0.0
2006-10-09 00:00:00-04:00,21.834835633552498,22.387228775356466,21.673721942752746,22.172409057617188,11800,0.0,0.0
2006-10-10 00:00:00-04:00,22.2951627639426,22.402573354482044,21.957590803217517,22.172409057617188,7600,0.0,0.0
2006-10-11 00:00:00-04:00,22.172404227921074,22.44092845076907,22.018962860107422,22.018962860107422,22800,0.0,0.0
2006-10-12 00:00:00-04:00,22.21077493277972,22.786183594630597,22.018972045496096,22.70178985595703,7800,0.0,0.0
2006-10-13 00:00:00-04:00,22.962635927158917,22.962635927158917,22.310505987345312,22.49463653564453,8000,0.0,0.0
2006-10-16 00:00:00-04:00,22.61739493504009,23.016345270937904,22.61739493504009,22.786182403564453,14300,0.0,0.0
2006-10-17 00:00:00-04:00,22.494634599083348,23.208141326904297,22.494634599083348,23.208141326904297,11300,0.0,0.0
2006-10-18 00:00:00-04:00,23.116081244592973,23.9753587459161,23.116081244592973,23.591753005981445,13300,0.0,0.0
2006-10-19 00:00:00-04:00,23.468992311800015,23.890957914993315,23.468992311800015,23.63010597229004,10700,0.0,0.0
2006-10-20 00:00:00-04:00,23.814237960477683,23.814237960477683,23.23115723345503,23.63010597229004,10000,0.0,0.0
2006-10-23 00:00:00-04:00,23.430642747734137,23.507362736346142,22.793855720870624,23.476675033569336,7600,0.0,0.0
2006-10-24 00:00:00-04:00,23.208141399729822,23.208141399729822,22.82453575675908,22.939617156982422,6000,0.0,0.0
2006-10-25 00:00:00-04:00,22.855228470347356,23.054702148021896,22.855228470347356,23.016342163085938,4000,0.0,0.0
2006-10-26 00:00:00-04:00,23.016346325930904,23.15444463802087,22.632740553832054,23.131427764892578,8200,0.0,0.0
2006-10-27 00:00:00-04:00,23.093064859572987,23.231163154240328,22.96263885498047,22.96263885498047,13100,0.0,0.0
2006-10-30 00:00:00-05:00,22.870575722798172,23.15444463802087,22.56369139778707,23.131427764892578,6900,0.0,0.0
2006-10-31 00:00:00-05:00,23.093066011326858,23.093066011326858,22.632738827257064,22.86290168762207,11800,0.0,0.0
2006-11-01 00:00:00-05:00,22.548348427826227,22.563693011008837,21.558646225987843,21.727432250976562,6600,0.0,0.0
2006-11-02 00:00:00-05:00,21.512603574844324,21.919224589890415,21.35916074362814,21.73509407043457,16200,0.0,0.0
2006-11-03 00:00:00-05:00,21.781128754636878,21.781128754636878,21.443556829795405,21.59699821472168,4600,0.0,0.0
2006-11-06 00:00:00-05:00,21.834830771055906,22.847550817722798,21.834830771055906,22.68643569946289,6600,0.0,0.0
2006-11-07 00:00:00-05:00,22.640415933481155,22.89359571907159,21.865531992530997,21.896221160888672,6300,0.0,0.0
2006-11-08 00:00:00-05:00,21.71207948364245,22.60971677470976,21.71207948364245,22.579029083251953,11800,0.0,0.0
2006-11-09 00:00:00-05:00,22.07267611272606,22.66342934318984,22.04965923997843,22.364215850830078,3600,0.0,0.0
2006-11-10 00:00:00-05:00,21.903888639256486,22.364215850830078,21.903888639256486,22.364215850830078,4300,0.0,0.0
2006-11-13 00:00:00-05:00,22.371879831757624,22.594371795654297,22.218436997115827,22.594371795654297,5800,0.0,0.0
2006-11-14 00:00:00-05:00,22.63273875944076,23.78355598449707,22.30283758745692,23.78355598449707,7400,0.0,0.0
2006-11-15 00:00:00-05:00,23.752866714350912,23.990703326715032,23.46132699587007,23.591753005981445,15200,0.0,0.0
2006-11-16 00:00:00-05:00,23.27564833621526,23.86158731435277,23.27564833621526,23.630294799804688,7400,0.15,0.0
2006-11-17 00:00:00-05:00,23.761364836951085,23.76907473601881,23.221685136826526,23.45297622680664,11300,0.0,0.0
2006-11-20 00:00:00-05:00,23.537783379650136,23.537783379650136,23.00581211410099,23.129167556762695,3000,0.0,0.0
2006-11-21 00:00:00-05:00,23.05207311552381,23.11375084509025,22.8670399268245,22.9749755859375,2400,0.0,0.0
2006-11-22 00:00:00-05:00,23.129165899052644,23.129165899052644,22.473839237810267,22.59719467163086,5200,0.0,0.0
2006-11-24 00:00:00-05:00,22.496967336151528,22.566354946564243,22.32735252380371,22.32735252380371,700,0.0,0.0
2006-11-27 00:00:00-05:00,22.327350951958966,22.327350951958966,21.77996147558671,21.895606994628906,12000,0.0,0.0
2006-11-28 00:00:00-05:00,22.0498046875,22.165450220635552,21.664318596706337,22.0498046875,9900,0.0,0.0
2006-11-29 00:00:00-05:00,22.26567559983727,22.28880529429823,21.941867229947427,22.188579559326172,3900,0.0,0.0
2006-11-30 00:00:00-05:00,22.18857816091832,22.504676612732794,21.9727054377593,22.27338409423828,3400,0.0,0.0
2006-12-01 00:00:00-05:00,22.296517248289,22.296517248289,21.147768786703928,21.55638313293457,10600,0.0,0.0
2006-12-04 00:00:00-05:00,21.63348004067565,22.782228469848633,21.63348004067565,22.782228469848633,6100,0.0,0.0
2006-12-05 00:00:00-05:00,22.859328541342617,23.12916914210308,22.712843391699,23.098329544067383,7700,0.0,0.0
2006-12-06 00:00:00-05:00,23.106036606673335,23.113746505235657,22.759099994445606,22.890165328979492,7700,0.0,0.0
2006-12-07 00:00:00-05:00,22.959560411287246,22.959560411287246,22.697429656982422,22.697429656982422,3200,0.0,0.0
2006-12-08 00:00:00-05:00,22.697418159711642,22.697418159711642,22.319642021753836,22.396738052368164,1500,0.0,0.0
2006-12-11 00:00:00-05:00,22.211707783274417,22.211707783274417,22.111482048302356,22.188579559326172,1100,0.0,0.0
2006-12-12 00:00:00-05:00,22.28880587082178,22.358193485486726,22.088352925180025,22.111482620239258,1800,0.0,0.0
2006-12-13 00:00:00-05:00,22.365905042286045,22.365905042286045,21.787675857543945,21.787675857543945,5400,0.0,0.0
2006-12-14 00:00:00-05:00,22.31964557700568,22.936422743240662,21.779964453665503,22.928712844848633,6000,0.0,0.0
2006-12-15 00:00:00-05:00,23.090620323194408,23.129168348904077,22.836199530176977,23.11374855041504,20500,0.0,0.0
2006-12-18 00:00:00-05:00,22.782235026421965,23.075205377271757,22.71284738914245,22.774526596069336,2400,0.0,0.0
2006-12-19 00:00:00-05:00,22.71284375867053,22.751393256837996,22.543230378272668,22.57406997680664,2100,0.0,0.0
2006-12-20 00:00:00-05:00,22.55865127899231,23.11375084509025,22.55865127899231,22.9749755859375,7100,0.0,0.0
2006-12-21 00:00:00-05:00,23.09061777005579,23.09061777005579,22.8824549250092,22.928712844848633,4400,0.0,0.0
2006-12-22 00:00:00-05:00,22.998102215120525,23.129167556762695,22.782229455206107,23.129167556762695,7600,0.0,0.0
2006-12-26 00:00:00-05:00,22.951845769536515,23.823043823242188,22.951845769536515,23.823043823242188,5000,0.0,0.0
2006-12-27 00:00:00-05:00,23.8230367561456,23.83845655052508,23.661133326698668,23.745939254760742,7300,0.0,0.0
2006-12-28 00:00:00-05:00,23.745948387478805,24.05433851162544,23.62259292602539,23.62259292602539,5100,0.0,0.0
2006-12-29 00:00:00-05:00,23.66113731169239,23.80762097143053,23.183133899011235,23.252521514892578,13800,0.0,0.0
2007-01-03 00:00:00-05:00,23.468385427855267,23.71509620456923,23.067479680438964,23.237092971801758,10100,0.0,0.0
2007-01-04 00:00:00-05:00,23.136883168984706,23.48381988569827,23.02123759674685,23.39130401611328,5300,0.0,0.0
2007-01-05 00:00:00-05:00,23.237101427966124,23.237101427966124,22.458419336523985,22.928712844848633,8100,0.0,0.0
2007-01-08 00:00:00-05:00,22.620325988154946,23.160007152684557,22.620325988154946,23.129167556762695,5400,0.0,0.0
2007-01-09 00:00:00-05:00,23.12916774171579,23.25252318536391,23.052070221807494,23.05978012084961,21400,0.0,0.0
2007-01-10 00:00:00-05:00,23.052068787249873,23.190844020346084,22.73597029875864,22.890165328979492,22200,0.0,0.0
2007-01-11 00:00:00-05:00,22.8978759591968,23.082909119066503,22.535518067753227,22.61261558532715,3800,0.0,0.0
2007-01-12 00:00:00-05:00,22.55864836969958,22.882456775791454,22.55864836969958,22.666584014892578,1400,0.0,0.0
2007-01-16 00:00:00-05:00,22.82078352854273,22.882461262247716,21.54867935180664,21.54867935180664,12100,0.0,0.0
2007-01-17 00:00:00-05:00,21.548676175115286,21.672031624340285,21.20173805509939,21.301963806152344,6200,0.0,0.0
2007-01-18 00:00:00-05:00,21.039836516066615,21.240288036623284,20.222604751586914,20.222604751586914,21700,0.0,0.0
2007-01-19 00:00:00-05:00,20.199475594385383,20.870220696675833,20.199475594385383,20.83167266845703,12800,0.0,0.0
2007-01-22 00:00:00-05:00,20.530991017418813,20.530991017418813,19.968181610107422,19.968181610107422,9200,0.0,0.0
2007-01-23 00:00:00-05:00,19.999023869087925,20.777706146240234,19.999023869087925,20.777706146240234,9900,0.0,0.0
2007-01-24 00:00:00-05:00,20.82396077580751,20.993574142456055,20.731443458218294,20.993574142456055,6300,0.0,0.0
2007-01-25 00:00:00-05:00,20.877931554985512,21.27112763702467,20.02215176051716,20.222604751586914,8900,0.0,0.0
2007-01-26 00:00:00-05:00,20.06069944758813,20.823961842368636,20.06069944758813,20.746864318847656,9600,0.0,0.0
2007-01-29 00:00:00-05:00,20.74686348902203,21.37135061058935,20.584960019565386,21.186317443847656,10100,0.0,0.0
2007-01-30 00:00:00-05:00,21.34050989163447,22.026674652073062,21.317380197159913,21.59493064880371,18600,0.0,0.0
2007-01-31 00:00:00-05:00,21.587229522189865,22.16545888439138,21.587229522189865,22.096071243286133,5100,0.0,0.0
2007-02-01 00:00:00-05:00,22.173158772567263,22.273384503062342,21.725994993218738,21.972705841064453,4600,0.0,0.0
2007-02-02 00:00:00-05:00,22.18857801085493,22.21170623318913,21.803091953150442,21.88018798828125,2800,0.0,0.0
2007-02-05 00:00:00-05:00,22.034392014951877,22.211715321124846,21.10922450972326,21.433032989501953,15200,0.0,0.0
2007-02-06 00:00:00-05:00,21.43303311795604,21.471582622037644,21.00899886665094,21.140064239501953,3700,0.0,0.0
2007-02-07 00:00:00-05:00,21.186310608846533,21.76453961981186,21.047535410932866,21.340505599975586,20500,0.0,0.0
2007-02-08 00:00:00-05:00,21.34050878662994,21.58721963286639,21.17860387471687,21.579509735107422,2600,0.0,0.0
2007-02-09 00:00:00-05:00,21.46387038177719,21.749129328323296,20.823963388901124,21.14777183532715,9900,0.0,0.0
2007-02-12 00:00:00-05:00,21.2017399451606,21.371353335337176,20.816253764339496,21.170900344848633,6700,0.0,0.0
2007-02-13 00:00:00-05:00,21.33375477355278,21.682724790044276,21.33375477355278,21.620685577392578,2000,0.16,0.0
2007-02-14 00:00:00-05:00,21.674968034569574,21.760271015118825,20.705604553222656,20.705604553222656,7600,0.0,0.0
2007-02-15 00:00:00-05:00,20.852944313812145,20.852944313812145,20.170513153076172,20.170513153076172,8600,0.0,0.0
2007-02-16 00:00:00-05:00,20.170517613402012,20.519487615817717,20.155007441081818,20.511734008789062,9700,0.0,0.0
2007-02-20 00:00:00-05:00,20.496221108919347,20.68233871459961,20.232554131089497,20.68233871459961,3600,0.0,0.0
2007-02-21 00:00:00-05:00,20.550509098146918,20.550509098146918,20.35663637080591,20.480714797973633,5000,0.0,0.0
2007-02-22 00:00:00-05:00,20.62805459783427,20.697848884855777,20.403161566513592,20.68233871459961,8200,0.0,0.0
2007-02-23 00:00:00-05:00,20.682339347913228,20.767643807803005,20.43418253274074,20.503976821899414,13800,0.0,0.0
2007-02-26 00:00:00-05:00,20.752136171880654,20.86070442199707,20.550508365141976,20.86070442199707,21200,0.0,0.0
2007-02-27 00:00:00-05:00,20.558255572079958,20.744373134859625,19.8215389251709,19.8215389251709,19100,0.0,0.0
2007-02-28 00:00:00-05:00,19.79052304872188,20.55825866537948,19.519101007487908,20.286836624145508,46600,0.0,0.0
2007-03-01 00:00:00-05:00,20.09296765318112,20.271330192340404,19.813790475970837,19.968889236450195,14000,0.0,0.0
2007-03-02 00:00:00-05:00,19.775013904165196,20.1627592748351,18.751366362257635,18.906463623046875,49800,0.0,0.0
2007-03-05 00:00:00-05:00,18.999522386864466,19.247679177297226,18.4799435522217,19.061561584472656,29000,0.0,0.0
2007-03-06 00:00:00-05:00,18.890957697082086,19.681957244873047,18.890957697082086,19.681957244873047,16200,0.0,0.0
2007-03-07 00:00:00-05:00,19.534618316839325,19.775020107915942,19.01503929797587,19.232175827026367,23900,0.0,0.0
2007-03-08 00:00:00-05:00,19.19339942932129,19.47257662161531,19.077076092242606,19.19339942932129,19200,0.0,0.0
2007-03-09 00:00:00-05:00,19.387266184842485,19.395021268812147,18.999520861145637,19.278697967529297,21600,0.0,0.0
2007-03-12 00:00:00-04:00,19.2554274037442,19.75949588966963,19.11583888905979,19.51133918762207,11500,0.0,0.0
2007-03-13 00:00:00-04:00,19.356251544165243,19.356251544165243,18.441173553466797,18.441173553466797,24400,0.0,0.0
2007-03-14 00:00:00-04:00,18.402395980091118,18.557494728802904,18.255053795859336,18.54198455810547,11900,0.0,0.0
2007-03-15 00:00:00-04:00,18.604028427627238,19.11585235595703,18.604028427627238,19.11585235595703,8400,0.0,0.0
2007-03-16 00:00:00-04:00,19.162374952310593,19.162374952310593,18.666061365581257,18.774629592895508,48600,0.0,0.0
2007-03-19 00:00:00-04:00,19.426043581352708,20.123986471472296,19.325230430075038,19.891338348388672,22400,0.0,0.0
2007-03-20 00:00:00-04:00,19.92235940891131,20.123987197875977,19.92235940891131,20.123987197875977,10400,0.0,0.0
2007-03-21 00:00:00-04:00,20.16275931304356,20.651317830195726,20.038680912524555,20.550504684448242,12600,0.0,0.0
2007-03-22 00:00:00-04:00,20.659072875976562,20.860700646220717,20.31010292985227,20.659072875976562,6100,0.0,0.0
2007-03-23 00:00:00-04:00,20.581533011002733,20.690101283805006,20.1705222253299,20.263580322265625,9600,0.0,0.0
2007-03-26 00:00:00-04:00,20.317861371036322,20.73662567138672,20.263575767704957,20.73662567138672,3300,0.0,0.0
2007-03-27 00:00:00-04:00,20.61254261253518,20.61254261253518,20.170513153076172,20.170513153076172,5000,0.0,0.0
2007-03-28 00:00:00-04:00,20.17827212820273,20.52724212073715,20.1472517844407,20.488468170166016,4000,0.0,0.0
2007-03-29 00:00:00-04:00,20.56601477537423,20.56601477537423,19.99990689028731,20.030925750732422,3900,0.0,0.0
2007-03-30 00:00:00-04:00,20.186027785722207,20.5582630466182,19.96888981063382,20.511734008789062,15800,0.0,0.0
2007-04-02 00:00:00-04:00,20.519484113368737,20.798661250954005,20.488465253154367,20.74437713623047,7700,0.0,0.0
2007-04-03 00:00:00-04:00,20.79090845138889,21.29497718811035,20.65907495294192,21.29497718811035,12700,0.0,0.0
2007-04-04 00:00:00-04:00,21.20191903238982,21.21742920370472,20.953762207876768,20.977025985717773,5700,0.0,0.0
2007-04-05 00:00:00-04:00,21.008052493410336,21.008052493410336,20.14725696153008,20.263580322265625,9200,0.0,0.0
2007-04-09 00:00:00-04:00,20.10072402119945,20.10072402119945,19.627674102783203,19.627674102783203,9800,0.0,0.0
2007-04-10 00:00:00-04:00,19.751750202828102,19.906848954946398,19.658692134862182,19.798280715942383,3300,0.0,0.0
2007-04-11 00:00:00-04:00,19.906849820651573,19.906849820651573,19.27094757174895,19.44155502319336,22500,0.0,0.0
2007-04-12 00:00:00-04:00,19.39502593540396,19.565633386392868,19.294211298672632,19.55012321472168,6100,0.0,0.0
2007-04-13 00:00:00-04:00,19.410537659138246,19.58114512376889,19.270949061198852,19.519105911254883,9200,0.0,0.0
2007-04-16 00:00:00-04:00,19.54236551644118,20.364385214200198,19.54236551644118,20.348875045776367,3100,0.0,0.0
2007-04-17 00:00:00-04:00,20.32561243517406,20.39540672302246,20.255819626456926,20.39540672302246,1900,0.0,0.0
2007-04-18 00:00:00-04:00,20.2247963125287,20.2247963125287,20.023168563842773,20.023168563842773,2100,0.0,0.0
2007-04-19 00:00:00-04:00,19.999909480401087,19.999909480401087,19.038299536837645,19.22441864013672,9200,0.0,0.0
2007-04-20 00:00:00-04:00,19.619918552024174,19.619918552024174,19.19339916229248,19.387271881103516,13200,0.0,0.0
2007-04-23 00:00:00-04:00,19.36400193159256,19.36400193159256,18.952992813920797,19.02278709411621,6800,0.0,0.0
2007-04-24 00:00:00-04:00,19.108089447021484,19.340737533205598,19.061560421437083,19.108089447021484,10000,0.0,0.0
2007-04-25 00:00:00-04:00,19.232167463711335,19.534609822003976,19.131354330367806,19.278697967529297,8900,0.0,0.0
2007-04-26 00:00:00-04:00,19.177884281549446,19.3872671214526,19.084826227679887,19.23992347717285,28500,0.0,0.0
2007-04-27 00:00:00-04:00,19.02279071511826,19.379515789236713,19.01503562927246,19.01503562927246,16800,0.0,0.0
2007-04-30 00:00:00-04:00,19.08483164339836,19.41053788262994,18.991772083990117,19.007282257080078,31500,0.0,0.0
2007-05-01 00:00:00-04:00,19.007278362114437,19.410533905029297,18.976258022291198,19.410533905029297,22400,0.0,0.0
2007-05-02 00:00:00-04:00,19.232171579227668,20.123987197875977,19.224417972729828,20.123987197875977,9400,0.0,0.0
2007-05-03 00:00:00-04:00,20.10071792551137,20.5194821119121,20.023168563842773,20.023168563842773,8900,0.0,0.0
2007-05-04 00:00:00-04:00,20.03092981927949,20.03868490574873,18.61178153630174,19.930116653442383,16700,0.0,0.0
2007-05-07 00:00:00-04:00,20.13949516303951,20.472956437400804,19.821544059376713,19.891338348388672,7300,0.0,0.0
2007-05-08 00:00:00-04:00,19.837051694924245,20.317856571212435,19.650934107721717,20.271326065063477,16100,0.0,0.0
2007-05-09 00:00:00-04:00,20.224801409718047,20.53499745543905,19.961134401072336,20.38765525817871,6400,0.0,0.0
2007-05-10 00:00:00-04:00,20.217045195027783,20.341123606389267,19.550122624611305,19.619916915893555,31300,0.0,0.0
2007-05-11 00:00:00-04:00,19.619919449387247,19.968890950860725,19.619919449387247,19.961135864257812,17600,0.0,0.0
2007-05-14 00:00:00-04:00,19.899088279445152,20.061942071334176,19.759499737577674,19.8215389251709,13100,0.0,0.0
2007-05-15 00:00:00-04:00,19.930103656408825,19.930103656408825,19.154613264784054,19.16236686706543,23000,0.0,0.0
2007-05-16 00:00:00-04:00,19.193394784067447,19.658689498901367,19.193394784067447,19.658689498901367,16400,0.0,0.0
2007-05-17 00:00:00-04:00,19.14361170149006,19.72892390590162,19.14361170149006,19.48699378967285,19500,0.16,0.0
2007-05-18 00:00:00-04:00,19.572848039490832,19.736736297607422,19.31531062404463,19.736736297607422,17000,0.0,0.0
2007-05-21 00:00:00-04:00,19.61186445765697,20.01768136319441,19.463586405981783,19.86159896850586,15200,0.0,0.0
2007-05-22 00:00:00-04:00,19.73672845886875,19.877202139071926,19.61186048447827,19.70551109313965,14900,0.0,0.0
2007-05-23 00:00:00-04:00,19.471395959080596,19.830386902595357,19.463591613978977,19.604066848754883,17400,0.0,0.0
2007-05-24 00:00:00-04:00,19.549428934278982,19.666492577373415,19.42456243760257,19.611862182617188,16200,0.0,0.0
2007-05-25 00:00:00-04:00,19.401158063704216,19.783562037044582,19.401158063704216,19.760149002075195,11500,0.0,0.0
2007-05-29 00:00:00-04:00,19.705515085291083,19.93963942158702,19.705515085291083,19.86159896850586,7800,0.0,0.0
2007-05-30 00:00:00-04:00,19.66649656709023,20.485933303833008,19.643083536016363,20.485933303833008,14700,0.0,0.0
2007-05-31 00:00:00-04:00,20.259615334190027,20.72786561761221,20.259615334190027,20.322050094604492,6700,0.0,0.0
2007-06-01 00:00:00-04:00,20.49373506916973,20.930767841213555,20.072309494018555,20.072309494018555,5300,0.0,0.0
2007-06-04 00:00:00-04:00,20.064502397399625,20.197173228197826,19.853791127270924,20.025482177734375,14900,0.0,0.0
2007-06-05 00:00:00-04:00,19.88501380129315,20.033293366044553,19.619672049012312,19.853797912597656,14900,0.0,0.0
2007-06-06 00:00:00-04:00,19.861601751737844,19.861601751737844,19.432371757011765,19.783559799194336,32400,0.0,0.0
2007-06-07 00:00:00-04:00,19.65088731891565,19.900620355804676,19.073379298978203,19.104595184326172,22200,0.0,0.0
2007-06-08 00:00:00-04:00,19.229465563710548,19.51041603088379,19.112403365230566,19.51041603088379,20700,0.0,0.0
2007-06-11 00:00:00-04:00,19.4167593721596,19.479192624602835,19.245068300072244,19.471389770507812,12000,0.0,0.0
2007-06-12 00:00:00-04:00,19.323108691695836,19.455779528588348,18.917291839021566,19.073375701904297,12600,0.0,0.0
2007-06-13 00:00:00-04:00,18.964121613891933,19.64308466892971,18.71438855547276,19.53382682800293,19600,0.0,0.0
2007-06-14 00:00:00-04:00,19.51041385940107,20.58738804948837,19.502609515234134,20.259613037109375,22600,0.0,0.0
2007-06-15 00:00:00-04:00,21.063441902993,21.336587985380223,20.665429295261855,21.086854934692383,50500,0.0,0.0
2007-06-18 00:00:00-04:00,20.915161182011506,21.040027700406547,20.485932711094343,20.727861404418945,7300,0.0,0.0
2007-06-19 00:00:00-04:00,20.72005356102922,21.85165786743164,20.58738272157877,21.85165786743164,15000,0.0,0.0
2007-06-20 00:00:00-04:00,21.851659954648394,22.538425755414384,21.58631825040271,22.00774383544922,27600,0.0,0.0
2007-06-21 00:00:00-04:00,21.875073930682863,22.546231074729718,21.687774158726093,22.460386276245117,19700,0.0,0.0
2007-06-22 00:00:00-04:00,22.600865504879273,22.749145085398798,21.867274924470323,22.085790634155273,733300,0.0,0.0
2007-06-25 00:00:00-04:00,21.734599938701873,21.999941669200098,21.297567113156827,21.453649520874023,32300,0.0,0.0
2007-06-26 00:00:00-04:00,21.45364591184228,21.828245413578315,21.203912910684924,21.48486328125,20300,0.0,0.0
2007-06-27 00:00:00-04:00,21.50828224167896,21.601932893692208,20.805907561422753,21.047836303710938,14700,0.0,0.0
2007-06-28 00:00:00-04:00,20.72786798733417,21.032231525044715,20.41570159220637,20.51715660095215,53900,0.0,0.0
2007-06-29 00:00:00-04:00,20.852722705634566,20.90735309622485,20.03328619761758,20.17376136779785,36500,0.0,0.0
2007-07-02 00:00:00-04:00,20.66543234572436,20.688845380879783,20.322050094604492,20.322050094604492,3500,0.0,0.0
2007-07-03 00:00:00-04:00,20.407882918850436,20.563966751098633,20.345449683656305,20.563966751098633,1000,0.0,0.0
2007-07-05 00:00:00-04:00,20.59519763969802,21.110272577704833,20.59519763969802,20.657630920410156,9700,0.0,0.0
2007-07-06 00:00:00-04:00,20.80590234527496,20.94637754381366,20.298631952738944,20.4625186920166,7000,0.0,0.0
2007-07-09 00:00:00-04:00,20.634212690565207,20.649819889295603,20.056704658802754,20.329849243164062,14000,0.0,0.0
2007-07-10 00:00:00-04:00,20.306440051696516,20.314244396228403,19.643085651751296,19.736736297607422,6800,0.0,0.0
2007-07-11 00:00:00-04:00,19.557240366156442,19.658695361813646,19.15142484910741,19.346529006958008,14000,0.0,0.0
2007-07-12 00:00:00-04:00,19.307500504594802,19.791359301162892,19.307500504594802,19.455780029296875,20700,0.0,0.0
2007-07-13 00:00:00-04:00,19.51041751437717,19.580655136511066,19.3153133392334,19.3153133392334,15100,0.0,0.0
2007-07-16 00:00:00-04:00,19.37774442485544,19.447982039048146,19.213857650756836,19.213857650756836,7100,0.0,0.0
2007-07-17 00:00:00-04:00,19.463590951989012,19.463590951989012,19.22166072764713,19.44017791748047,7300,0.0,0.0
2007-07-18 00:00:00-04:00,19.424567300836433,19.61967143680635,19.36213403686712,19.502609252929688,6600,0.0,0.0
2007-07-19 00:00:00-04:00,19.66648678788948,19.75233154875447,19.362123489379883,19.362123489379883,10200,0.0,0.0
2007-07-20 00:00:00-04:00,19.36213046233754,19.79916471796633,18.99533529029931,19.471389770507812,12100,0.0,0.0
2007-07-23 00:00:00-04:00,19.682101028669692,19.86940078563297,19.53382298473594,19.72112274169922,3000,0.0,0.0
2007-07-24 00:00:00-04:00,19.713318437659577,19.75233866223929,19.471389770507812,19.471389770507812,6000,0.0,0.0
2007-07-25 00:00:00-04:00,19.565035924410545,19.767944336071924,19.47138680427509,19.70551109313965,1700,0.0,0.0
2007-07-26 00:00:00-04:00,19.635273844636036,19.635273844636036,18.761208428633292,18.808032989501953,14800,0.0,0.0
2007-07-27 00:00:00-04:00,18.753404219864734,18.77681575620187,17.9105546756307,17.941770553588867,11100,0.0,0.0
2007-07-30 00:00:00-04:00,17.94177305084157,17.94177305084157,17.5359561612194,17.57497787475586,6500,0.0,0.0
2007-07-31 00:00:00-04:00,17.55937225475006,17.692043126882563,17.42670138261756,17.598392486572266,12200,0.0,0.0
2007-08-01 00:00:00-04:00,17.63741095184263,17.63741095184263,17.176965156391464,17.356460571289062,7800,0.0,0.0
2007-08-02 00:00:00-04:00,17.48133412656013,17.738871583090827,17.07551707732183,17.53596305847168,6200,0.0,0.0
2007-08-03 00:00:00-04:00,17.473530947831208,17.590594653776584,17.020889282226562,17.020889282226562,5800,0.0,0.0
2007-08-06 00:00:00-04:00,17.356462932627803,17.520351173089686,16.014147076799823,16.17803382873535,8600,0.0,0.0
2007-08-07 00:00:00-04:00,16.349733500060672,17.89495849609375,16.271691517846204,17.89495849609375,13600,0.0,0.0
2007-08-08 00:00:00-04:00,17.99640107082288,20.01767958768946,17.99640107082288,19.557233810424805,15800,0.0,0.0
2007-08-09 00:00:00-04:00,19.12020530137074,20.813709259033203,19.12020530137074,20.813709259033203,7900,0.0,0.0
2007-08-10 00:00:00-04:00,20.712256381631313,21.008814021838397,18.690977356072594,18.8548641204834,16500,0.0,0.0
2007-08-13 00:00:00-04:00,19.003144611145732,19.096793770080637,18.136881704101885,18.183706283569336,10000,0.0,0.0
2007-08-14 00:00:00-04:00,18.144683655126617,18.55830493668286,17.965188217074914,18.05103302001953,8400,0.0,0.0
2007-08-15 00:00:00-04:00,18.08225542425612,18.26955525804256,18.05884238683528,18.160297393798828,1100,0.0,0.0
2007-08-16 00:00:00-04:00,19.024692403703025,20.399876747589815,18.953970016371418,20.34486961364746,4200,0.16,0.0
2007-08-17 00:00:00-04:00,20.51774696309371,21.177835441717704,19.84980010986328,19.84980010986328,10800,0.0,0.0
2007-08-20 00:00:00-04:00,19.73979385357906,19.89695691283137,19.45689824855967,19.818374633789062,2300,0.0,0.0
2007-08-21 00:00:00-04:00,19.54333659002858,20.18770850393658,19.54333659002858,20.14055824279785,600,0.0,0.0
2007-08-22 00:00:00-04:00,19.480471753127926,19.511903762817383,19.449038244606285,19.511903762817383,2100,0.0,0.0
2007-08-23 00:00:00-04:00,19.417606018622774,20.046262741088867,19.339025239792758,20.046262741088867,4000,0.0,0.0
2007-08-24 00:00:00-04:00,20.211281431701572,20.211281431701572,20.195566177368164,20.195566177368164,400,0.0,0.0
2007-08-27 00:00:00-04:00,20.061976464174904,20.305580139160156,19.89695355614279,20.305580139160156,2700,0.0,0.0
2007-08-28 00:00:00-04:00,20.39201388375129,20.39201388375129,20.12483516975481,20.156267166137695,6000,0.0,0.0
2007-08-29 00:00:00-04:00,20.227001190185547,20.27414995785527,19.944105586502634,20.227001190185547,5500,0.0,0.0
2007-08-30 00:00:00-04:00,20.195565568049766,20.392020480194873,20.195565568049766,20.32915496826172,1500,0.0,0.0
2007-08-31 00:00:00-04:00,20.431312561035156,20.604192358510492,19.944103678939705,20.431312561035156,5700,0.0,0.0
2007-09-04 00:00:00-04:00,20.745634731107238,20.824216981748112,20.313434600830078,20.313434600830078,2700,0.0,0.0
2007-09-05 00:00:00-04:00,20.289863500750453,20.38416251999131,20.093408584594727,20.093408584594727,9400,0.0,0.0
2007-09-06 00:00:00-04:00,20.305576423119298,20.399873925738888,20.297718048095703,20.297718048095703,7300,0.0,0.0
2007-09-07 00:00:00-04:00,20.34487154456929,20.34487154456929,20.038402341328197,20.14055824279785,900,0.0,0.0
2007-09-10 00:00:00-04:00,20.431314643352245,20.502038544716587,20.1248454033283,20.13270378112793,5000,0.0,0.0
2007-09-11 00:00:00-04:00,20.1327006635383,20.195566177368164,20.054118396542957,20.195566177368164,1200,0.0,0.0
2007-09-12 00:00:00-04:00,20.12483307244694,20.423443751706614,20.022675722477906,20.171981811523438,3700,0.0,0.0
2007-09-13 00:00:00-04:00,19.739794057492844,20.203426361083984,19.739794057492844,20.203426361083984,2100,0.0,0.0
2007-09-14 00:00:00-04:00,19.684778213500977,19.692636588495734,19.684778213500977,19.684778213500977,700,0.0,0.0
2007-09-17 00:00:00-04:00,19.67692036501669,20.179844349175276,19.67692036501669,19.84980010986328,1500,0.0,0.0
2007-09-18 00:00:00-04:00,19.684781597406865,20.43131086309108,19.417602796982955,20.32915496826172,3100,0.0,0.0
2007-09-19 00:00:00-04:00,20.274145126342773,20.274145126342773,20.274145126342773,20.274145126342773,100,0.0,0.0
2007-09-20 00:00:00-04:00,20.046257632238067,20.3212947845459,20.046257632238067,20.3212947845459,1300,0.0,0.0
2007-09-21 00:00:00-04:00,19.48832591791945,19.84194534538988,19.48832591791945,19.74764633178711,1700,0.0,0.0
2007-09-24 00:00:00-04:00,19.488325119018555,19.488325119018555,19.260438218637766,19.488325119018555,800,0.0,0.0
2007-09-25 00:00:00-04:00,19.661205390696704,19.724070894391637,19.65334701538086,19.65334701538086,2600,0.0,0.0
2007-09-26 00:00:00-04:00,19.684788672775323,19.684788672775323,19.645498275756836,19.645498275756836,3100,0.0,0.0
2007-09-27 00:00:00-04:00,19.684788672775323,19.684788672775323,19.645498275756836,19.645498275756836,1200,0.0,0.0
2007-09-28 00:00:00-04:00,19.378311151180945,19.378311151180945,18.726080945319033,18.969684600830078,1400,0.0,0.0
2007-10-01 00:00:00-04:00,18.68678632603975,19.00897216796875,18.68678632603975,19.00897216796875,1200,0.0,0.0
2007-10-02 00:00:00-04:00,19.26043881972372,19.26829719568305,18.938252899550953,19.063983917236328,2900,0.0,0.0
2007-10-03 00:00:00-04:00,19.063983917236328,19.063983917236328,19.063983917236328,19.063983917236328,0,0.0,0.0
2007-10-04 00:00:00-04:00,18.946107864379883,18.946107864379883,18.946107864379883,18.946107864379883,700,0.0,0.0
2007-10-05 00:00:00-04:00,18.859672446041536,19.236865535242664,18.71036628617072,18.867530822753906,3500,0.0,0.0
2007-10-08 00:00:00-04:00,18.804661900266353,18.8753857790296,18.804661900266353,18.83609390258789,800,0.0,0.0
2007-10-09 00:00:00-04:00,18.859670639038086,18.93825289980047,18.820380258072873,18.859670639038086,2100,0.0,0.0
2007-10-10 00:00:00-04:00,18.859671038072147,18.859671038072147,18.710364889347783,18.828237533569336,3700,0.0,0.0
2007-10-11 00:00:00-04:00,18.79680452744084,18.859670034268458,18.7889461517334,18.7889461517334,1800,0.0,0.0
2007-10-12 00:00:00-04:00,18.85967266906801,18.85967266906801,18.63964261501599,18.64750099182129,300,0.0,0.0
2007-10-15 00:00:00-04:00,18.671072420014582,18.843952178955078,18.671072420014582,18.843952178955078,4700,0.0,0.0
2007-10-16 00:00:00-04:00,18.733939621351055,18.859670639038086,18.710364493472753,18.859670639038086,2700,0.0,0.0
2007-10-17 00:00:00-04:00,18.671073813316404,18.985401352497096,18.671073813316404,18.969684600830078,4400,0.0,0.0
2007-10-18 00:00:00-04:00,18.663219857213512,18.663219857213512,18.553205567155217,18.631786346435547,1600,0.0,0.0
2007-10-19 00:00:00-04:00,19.24472894365922,19.24472894365922,18.757521450764425,19.095422744750977,700,0.0,0.0
2007-10-22 00:00:00-04:00,19.425458394878024,19.425458394878024,19.26043701171875,19.26043701171875,700,0.0,0.0
2007-10-23 00:00:00-04:00,18.749660390667337,18.82824116943488,18.553205446083922,18.757518768310547,900,0.0,0.0
2007-10-24 00:00:00-04:00,18.631785251064567,18.631785251064567,18.600353240966797,18.600353240966797,1100,0.0,0.0
2007-10-25 00:00:00-04:00,18.600353240966797,18.600353240966797,18.600353240966797,18.600353240966797,0,0.0,0.0
2007-10-26 00:00:00-04:00,18.600350027585165,18.600350027585165,18.333171243166788,18.466760635375977,10900,0.0,0.0
2007-10-29 00:00:00-04:00,18.466760635375977,18.466760635375977,18.466760635375977,18.466760635375977,100,0.0,0.0
2007-10-30 00:00:00-04:00,18.435330148152623,18.466763656795127,18.41175651550293,18.41175651550293,2000,0.0,0.0
2007-10-31 00:00:00-04:00,18.301739435405885,19.29187082498326,17.90097125446649,18.859670639038086,29600,0.0,0.0
2007-11-01 00:00:00-04:00,18.623928798562773,18.623928798562773,18.474622625395416,18.482481002807617,900,0.0,0.0
2007-11-02 00:00:00-04:00,18.364608008610787,18.364608008610787,17.500205993652344,17.500205993652344,4200,0.0,0.0
2007-11-05 00:00:00-05:00,17.500202287124207,17.696657180786133,17.4844855359116,17.696657180786133,2600,0.0,0.0
2007-11-06 00:00:00-05:00,17.688797902872565,17.735946655273438,17.688797902872565,17.735946655273438,1300,0.0,0.0
2007-11-07 00:00:00-05:00,17.688798606965772,17.74380573676162,17.688798606965772,17.712373733520508,2700,0.0,0.0
2007-11-08 00:00:00-05:00,17.712383684527595,18.003136247891234,17.680950164794922,17.680950164794922,5000,0.0,0.0
2007-11-09 00:00:00-05:00,18.042416523192266,18.042416523192266,17.68094024212588,18.00312614440918,2300,0.0,0.0
2007-11-12 00:00:00-05:00,18.00312614440918,18.00312614440918,18.00312614440918,18.00312614440918,0,0.0,0.0
2007-11-13 00:00:00-05:00,17.74380573676162,17.74380573676162,17.712373733520508,17.712373733520508,400,0.0,0.0
2007-11-14 00:00:00-05:00,18.042420771921105,18.042420771921105,17.885257720947266,17.885257720947266,600,0.0,0.0
2007-11-15 00:00:00-05:00,18.193889617919922,18.193889617919922,18.193889617919922,18.193889617919922,300,0.16,0.0
2007-11-16 00:00:00-05:00,17.837777878395798,18.43922777621386,17.806121826171875,17.806121826171875,2900,0.0,0.0
2007-11-19 00:00:00-05:00,18.20180760779815,18.391739332137643,17.291717529296875,17.291717529296875,5900,0.0,0.0
2007-11-20 00:00:00-05:00,17.410421732109356,18.637064477639896,16.539900343615308,17.339197158813477,8700,0.0,0.0
2007-11-21 00:00:00-05:00,17.41042322517164,17.940649811043226,17.33128463589589,17.34711265563965,6800,0.0,0.0
2007-11-23 00:00:00-05:00,17.291716972878614,18.621240509916433,17.291716972878614,18.201807022094727,5900,0.0,0.0
2007-11-26 00:00:00-05:00,17.726976764188485,18.19389279873793,17.513303017643533,17.655752182006836,7200,0.0,0.0
2007-11-27 00:00:00-05:00,18.051441008401525,18.051441008401525,17.41042137145996,17.41042137145996,4900,0.0,0.0
2007-11-28 00:00:00-05:00,17.57661103274586,17.57661103274586,17.41042137145996,17.41042137145996,5600,0.0,0.0
2007-11-29 00:00:00-05:00,18.557934984751824,18.795349319750205,17.766551855499184,17.924827575683594,12100,0.0,0.0
2007-11-30 00:00:00-05:00,18.241376630430672,18.795345306396484,18.20180808619449,18.795345306396484,7900,0.0,0.0
2007-12-03 00:00:00-05:00,18.67663365209895,18.75577223089519,17.75071575190148,18.257200241088867,3900,0.0,0.0
2007-12-04 00:00:00-05:00,18.76369075123972,18.771604762603108,18.162240982055664,18.162240982055664,1000,0.0,0.0
2007-12-05 00:00:00-05:00,17.77445979008085,18.581670736715232,17.734891247565557,18.00396156311035,2200,0.0,0.0
2007-12-06 00:00:00-05:00,17.877340928563424,18.54210272610324,17.877340928563424,18.122669219970703,400,0.0,0.0
2007-12-07 00:00:00-05:00,17.418336868286133,17.418336868286133,17.418336868286133,17.418336868286133,700,0.0,0.0
2007-12-10 00:00:00-05:00,17.457903916192663,17.85359531099857,17.41042137145996,17.41042137145996,6000,0.0,0.0
2007-12-11 00:00:00-05:00,17.434163398547753,17.434163398547753,17.291714254906765,17.41042137145996,6000,0.0,0.0
2007-12-12 00:00:00-05:00,17.291714254906765,17.41042137145996,17.291714254906765,17.41042137145996,2600,0.0,0.0
2007-12-13 00:00:00-05:00,17.410421243361718,17.410421243361718,16.832712173461914,16.832712173461914,3600,0.0,0.0
2007-12-14 00:00:00-05:00,16.88811357165764,17.070131301879883,16.81688897992836,17.070131301879883,4900,0.0,0.0
2007-12-17 00:00:00-05:00,17.24424185882171,17.695330072865758,17.014739990234375,17.014739990234375,9800,0.0,0.0
2007-12-18 00:00:00-05:00,17.40251350402832,17.40251350402832,17.40251350402832,17.40251350402832,1200,0.0,0.0
2007-12-19 00:00:00-05:00,17.07804876581761,17.36294719033309,17.07804876581761,17.204669952392578,1500,0.0,0.0
2007-12-20 00:00:00-05:00,17.070133611397402,17.109703672958055,16.17587135233574,16.23126792907715,12600,0.0,0.0
2007-12-21 00:00:00-05:00,16.579479803564027,17.378775563166847,15.993854866287304,17.014739990234375,11800,0.0,0.0
2007-12-24 00:00:00-05:00,17.291714254906765,17.798198757236605,17.09386855750381,17.41042137145996,1400,0.0,0.0
2007-12-26 00:00:00-05:00,17.410427598670523,17.410427598670523,16.824804306030273,16.824804306030273,4200,0.0,0.0
2007-12-27 00:00:00-05:00,16.832718060766016,17.695325717551793,16.61904427214347,16.72983741760254,3500,0.0,0.0
2007-12-28 00:00:00-05:00,16.065073067453273,17.323372061965205,15.827658789389695,17.291717529296875,11300,0.0,0.0
2007-12-31 00:00:00-05:00,17.062216846168294,17.40251177346722,17.01473428940013,17.37085723876953,1200,0.0,0.0
2008-01-02 00:00:00-05:00,17.014731290564654,17.7428035736084,17.014731290564654,17.7428035736084,3700,0.0,0.0
2008-01-03 00:00:00-05:00,17.742810441401534,17.742810441401534,17.283808270691242,17.4658260345459,2600,0.0,0.0
2008-01-04 00:00:00-05:00,17.299629406718154,17.600354222481112,16.911851995325637,17.03847312927246,3800,0.0,0.0
2008-01-07 00:00:00-05:00,16.634869199410982,17.109699249267578,16.634869199410982,17.109699249267578,200,0.0,0.0
2008-01-08 00:00:00-05:00,17.68740818150116,17.70323620182532,16.65069700135809,17.07804298400879,6900,0.0,0.0
2008-01-09 00:00:00-05:00,16.231263775910385,17.54495929471272,16.231263775910385,16.880197525024414,5100,0.0,0.0
2008-01-10 00:00:00-05:00,16.816890294170392,17.38668556309089,16.816890294170392,16.824804306030273,1400,0.0,0.0
2008-01-11 00:00:00-05:00,16.619047175176295,17.165102005004883,16.223355575767336,17.165102005004883,1600,0.0,0.0
2008-01-14 00:00:00-05:00,16.571560152327567,17.410425694987392,16.508249573814435,17.24423599243164,2700,0.0,0.0
2008-01-15 00:00:00-05:00,16.43702451961296,16.53990364074707,16.318317376937234,16.53990364074707,1600,0.0,0.0
2008-01-16 00:00:00-05:00,16.223347187042236,17.41042137145996,16.223347187042236,17.41042137145996,5900,0.0,0.0
2008-01-17 00:00:00-05:00,17.37877146856162,17.41042751585055,17.37877146856162,17.40251350402832,1500,0.0,0.0
2008-01-18 00:00:00-05:00,16.66652066569103,17.497473477470304,16.66652066569103,17.355024337768555,1500,0.0,0.0
2008-01-22 00:00:00-05:00,16.571564019517737,17.204669952392578,15.827663416307093,17.204669952392578,5500,0.0,0.0
2008-01-23 00:00:00-05:00,17.41833835551848,18.518360137939453,17.410424345137514,18.518360137939453,8100,0.0,0.0
2008-01-24 00:00:00-05:00,17.52121353149414,17.52121353149414,17.52121353149414,17.52121353149414,300,0.0,0.0
2008-01-25 00:00:00-05:00,17.4895632686363,17.54495983290242,16.816887468026604,16.998905181884766,1100,0.0,0.0
2008-01-28 00:00:00-05:00,17.647840142299977,18.07518768310547,17.647840142299977,18.07518768310547,1400,0.0,0.0
2008-01-29 00:00:00-05:00,16.85646139166525,17.85360439506411,16.85646139166525,17.806121826171875,1700,0.0,0.0
2008-01-30 00:00:00-05:00,17.76654681509113,17.76654681509113,17.655752182006836,17.655752182006836,700,0.0,0.0
2008-01-31 00:00:00-05:00,17.43416854050076,18.162240982055664,17.43416854050076,18.162240982055664,2800,0.0,0.0
2008-02-01 00:00:00-05:00,17.449998785870978,17.806121826171875,17.449998785870978,17.806121826171875,3000,0.0,0.0
2008-02-04 00:00:00-05:00,17.410424668328663,18.17806557621452,17.291717529296875,17.291717529296875,3000,0.0,0.0
2008-02-05 00:00:00-05:00,17.695317371772283,17.695317371772283,17.0938663482666,17.0938663482666,1200,0.0,0.0
2008-02-06 00:00:00-05:00,17.36294174194336,17.36294174194336,17.36294174194336,17.36294174194336,200,0.0,0.0
2008-02-07 00:00:00-05:00,17.67158319317253,17.71906575284872,17.030563354492188,17.030563354492188,800,0.0,0.0
2008-02-08 00:00:00-05:00,17.030563354492188,17.030563354492188,17.030563354492188,17.030563354492188,0,0.0,0.0
2008-02-11 00:00:00-05:00,17.030563354492188,17.030563354492188,17.030563354492188,17.030563354492188,0,0.0,0.0
2008-02-12 00:00:00-05:00,16.698186989979234,17.014739990234375,16.698186989979234,17.014739990234375,300,0.0,0.0
2008-02-13 00:00:00-05:00,17.67949104309082,17.67949104309082,17.67949104309082,17.67949104309082,300,0.0,0.0
2008-02-14 00:00:00-05:00,17.368627548217773,17.368627548217773,17.368627548217773,17.368627548217773,200,0.16,0.0
2008-02-15 00:00:00-05:00,17.520076751708984,17.520076751708984,17.520076751708984,17.520076751708984,200,0.0,0.0
2008-02-19 00:00:00-05:00,17.344718639684462,17.528049398203958,16.778782642096928,17.21718406677246,8100,0.0,0.0
2008-02-20 00:00:00-05:00,17.089649782751287,17.209213256835938,16.962115207683386,17.209213256835938,1600,0.0,0.0
2008-02-21 00:00:00-05:00,16.826609247187953,17.21718406677246,16.826609247187953,17.21718406677246,2900,0.0,0.0
2008-02-22 00:00:00-05:00,17.00993897149353,17.480223250637493,16.818637123756787,17.057764053344727,2800,0.0,0.0
2008-02-25 00:00:00-05:00,16.898345963176716,17.033851623535156,16.659217522368476,17.033851623535156,1300,0.0,0.0
2008-02-26 00:00:00-05:00,17.057759736843344,17.057759736843344,16.619359970092773,16.619359970092773,500,0.0,0.0
2008-02-27 00:00:00-05:00,16.6990750207586,17.049794343377524,16.6990750207586,16.70704460144043,1800,0.0,0.0
2008-02-28 00:00:00-05:00,16.611392138584712,16.64327501791034,16.40414810180664,16.40414810180664,1300,0.0,0.0
2008-02-29 00:00:00-05:00,16.404151395786865,17.129504909996353,16.404151395786865,16.45994758605957,2200,0.0,0.0
2008-03-03 00:00:00-05:00,16.627333483590533,16.75486803500011,16.563566207885742,16.563566207885742,1100,0.0,0.0
2008-03-04 00:00:00-05:00,16.563566207885742,16.563566207885742,16.563566207885742,16.563566207885742,0,0.0,0.0
2008-03-05 00:00:00-05:00,16.32443983750117,17.536019748651295,16.32443983750117,17.320804595947266,1400,0.0,0.0
2008-03-06 00:00:00-05:00,17.320804595947266,17.320804595947266,17.320804595947266,17.320804595947266,0,0.0,0.0
2008-03-07 00:00:00-05:00,16.340383529663086,16.340383529663086,16.340383529663086,16.340383529663086,1400,0.0,0.0
2008-03-10 00:00:00-04:00,17.041814289535804,17.041814289535804,16.738920211791992,16.738920211791992,1500,0.0,0.0
2008-03-11 00:00:00-04:00,16.882404106011286,16.938200287233776,16.85051970512306,16.93022918701172,2500,0.0,0.0
2008-03-12 00:00:00-04:00,16.93022918701172,16.93022918701172,16.93022918701172,16.93022918701172,0,0.0,0.0
2008-03-13 00:00:00-04:00,16.794728028561472,17.408489227294922,16.794728028561472,17.408489227294922,800,0.0,0.0
2008-03-14 00:00:00-04:00,17.456310229337035,17.456310229337035,16.54762605794007,16.77878189086914,600,0.0,0.0
2008-03-17 00:00:00-04:00,16.36429497976447,17.01791000366211,16.300527697441087,17.01791000366211,3200,0.0,0.0
2008-03-18 00:00:00-04:00,16.436032433583353,17.53601837158203,16.436032433583353,17.53601837158203,6000,0.0,0.0
2008-03-19 00:00:00-04:00,17.93456268310547,17.93456268310547,16.93819808959961,16.93819808959961,1700,0.0,0.0
2008-03-20 00:00:00-04:00,17.137475967407227,17.137475967407227,16.428064658053405,17.137475967407227,3300,0.0,0.0
2008-03-24 00:00:00-04:00,16.43603521220059,16.74690055847168,16.428064110971572,16.74690055847168,1100,0.0,0.0
2008-03-25 00:00:00-04:00,16.738928435728255,17.12950325012207,16.738928435728255,17.12950325012207,600,0.0,0.0
2008-03-26 00:00:00-04:00,17.1932639259451,17.536013524448716,17.153409957885742,17.153409957885742,2500,0.0,0.0
2008-03-27 00:00:00-04:00,16.938198027121018,16.938198027121018,16.467913819094417,16.667186737060547,8500,0.0,0.0
2008-03-28 00:00:00-04:00,16.467913073650926,17.368627473471474,16.4599419748533,17.09761619567871,2300,0.0,0.0
2008-03-31 00:00:00-04:00,17.15341236693046,17.15341236693046,17.09761619567871,17.09761619567871,600,0.0,0.0
2008-04-01 00:00:00-04:00,17.09761908633232,17.520076751708984,17.09761908633232,17.520076751708984,1000,0.0,0.0
2008-04-02 00:00:00-04:00,17.53601837158203,17.53601837158203,17.53601837158203,17.53601837158203,1100,0.0,0.0
2008-04-03 00:00:00-04:00,17.528051146432897,17.575876235961914,17.528051146432897,17.575876235961914,700,0.0,0.0
2008-04-04 00:00:00-04:00,17.575876235961914,17.575876235961914,17.575876235961914,17.575876235961914,0,0.0,0.0
2008-04-07 00:00:00-04:00,17.129494834294054,17.496157686648424,16.555589545780443,16.738920211791992,2800,0.0,0.0
2008-04-08 00:00:00-04:00,16.738929441908397,17.288923263549805,16.738929441908397,17.288923263549805,800,0.0,0.0
2008-04-09 00:00:00-04:00,17.336746796962075,17.44833916340181,16.75487014290923,17.320804595947266,800,0.0,0.0
2008-04-10 00:00:00-04:00,17.416454816145386,17.416454816145386,16.858489990234375,16.858489990234375,1200,0.0,0.0
2008-04-11 00:00:00-04:00,16.81862965972392,16.81862965972392,16.738920211791992,16.738920211791992,3000,0.0,0.0
2008-04-14 00:00:00-04:00,16.459942924263565,17.615726470947266,16.459942924263565,17.615726470947266,1100,0.0,0.0
2008-04-15 00:00:00-04:00,17.575876235961914,17.575876235961914,17.575876235961914,17.575876235961914,100,0.0,0.0
2008-04-16 00:00:00-04:00,17.54399160493503,17.93456642463161,17.20921297086196,17.488195419311523,4700,0.0,0.0
2008-04-17 00:00:00-04:00,17.575873477762734,17.870798110961914,17.575873477762734,17.870798110961914,1200,0.0,0.0
2008-04-18 00:00:00-04:00,17.735290648981795,17.735290648981795,17.145442962646484,17.145442962646484,900,0.0,0.0
2008-04-21 00:00:00-04:00,17.815000786105387,17.93456424366344,17.312832135896976,17.53601837158203,1100,0.0,0.0
2008-04-22 00:00:00-04:00,17.53601614613241,18.038183212280273,17.53601614613241,18.038183212280273,1900,0.0,0.0
2008-04-23 00:00:00-04:00,17.567906847516618,18.333114369710287,17.536022440592447,17.934568405151367,2700,0.0,0.0
2008-04-24 00:00:00-04:00,18.333106827125896,18.516437530517578,18.333106827125896,18.516437530517578,200,0.0,0.0
2008-04-25 00:00:00-04:00,18.357019582296562,18.43672752380371,18.3331062876455,18.43672752380371,1400,0.0,0.0
2008-04-28 00:00:00-04:00,18.53237918207643,18.683827007536763,18.412815749484178,18.43672752380371,600,0.0,0.0
2008-04-29 00:00:00-04:00,18.70774452606049,18.70774452606049,18.42079250379691,18.532384872436523,2600,0.0,0.0
2008-04-30 00:00:00-04:00,18.532382608770014,18.532382608770014,17.942534914629622,18.13383674621582,5800,0.0,0.0
2008-05-01 00:00:00-04:00,18.3331141458315,18.3331141458315,17.74326630792722,17.846887588500977,1300,0.0,0.0
2008-05-02 00:00:00-04:00,18.436728990721498,18.436728990721498,17.536016105174376,18.364992141723633,2000,0.0,0.0
2008-05-05 00:00:00-04:00,18.364992464856112,18.524409883690932,18.13383515509786,18.49252700805664,5600,0.0,0.0
2008-05-06 00:00:00-04:00,17.67949923108681,17.934568405151367,17.67949923108681,17.934568405151367,600,0.0,0.0
2008-05-07 00:00:00-04:00,18.28528382618701,18.731654747672703,18.006301430134044,18.33310890197754,7500,0.0,0.0
2008-05-08 00:00:00-04:00,18.33310890197754,18.33310890197754,18.33310890197754,18.33310890197754,300,0.0,0.0
2008-05-09 00:00:00-04:00,18.333108006469946,18.333108006469946,17.990358352661133,17.990358352661133,900,0.0,0.0
2008-05-12 00:00:00-04:00,18.133835979129955,18.33310890197754,17.99833033078033,18.33310890197754,900,0.0,0.0
2008-05-13 00:00:00-04:00,18.333110781267177,18.333110781267177,17.966449295401148,18.06209945678711,3100,0.0,0.0
2008-05-14 00:00:00-04:00,18.317171096801758,18.41282279165745,18.0142768503676,18.317171096801758,4100,0.0,0.0
2008-05-15 00:00:00-04:00,18.838910575961826,18.838910575961826,18.08439201660161,18.72653579711914,7800,0.16,0.0
2008-05-16 00:00:00-04:00,18.34125328063965,18.34125328063965,18.34125328063965,18.34125328063965,300,0.0,0.0
2008-05-19 00:00:00-04:00,18.58205371098731,18.854965209960938,18.180713451436862,18.854965209960938,2400,0.0,0.0
2008-05-20 00:00:00-04:00,18.357306623139973,18.59811019897461,18.357306623139973,18.59811019897461,300,0.0,0.0
2008-05-21 00:00:00-04:00,18.822855741947823,18.822855741947823,18.309139251708984,18.309139251708984,4700,0.0,0.0
2008-05-22 00:00:00-04:00,18.461652755737305,18.53389412813039,18.461652755737305,18.461652755737305,3200,0.0,0.0
2008-05-23 00:00:00-04:00,18.493762616204215,18.862994974444938,18.469681645930848,18.846940994262695,8700,0.0,0.0
2008-05-27 00:00:00-04:00,19.208147923864367,19.208147923864367,18.70245826426446,18.814834594726562,6700,0.0,0.0
2008-05-28 00:00:00-04:00,18.85496033775497,19.184059143066406,18.67034423350537,19.184059143066406,2400,0.0,0.0
2008-05-29 00:00:00-04:00,18.86299529032219,19.200121224835705,18.86299529032219,18.911155700683594,6500,0.0,0.0
2008-05-30 00:00:00-04:00,18.911155064410675,19.248280987581463,18.903128074455207,19.168012619018555,6300,0.0,0.0
2008-06-02 00:00:00-04:00,19.264335285791844,19.264335285791844,18.862994967337848,19.232227325439453,14100,0.0,0.0
2008-06-03 00:00:00-04:00,18.92720819834285,20.067014694213867,18.92720819834285,20.067014694213867,21100,0.0,0.0
2008-06-04 00:00:00-04:00,20.02687881325092,20.861665725708008,19.68172595801703,20.861665725708008,17000,0.0,0.0
2008-06-05 00:00:00-04:00,20.468353427999297,21.230900540654737,20.24360232939762,21.054309844970703,5300,0.0,0.0
2008-06-06 00:00:00-04:00,21.1907680396799,21.246955438062557,20.347954001956452,21.102474212646484,1200,0.0,0.0
2008-06-09 00:00:00-04:00,21.19076830592153,21.19076830592153,20.11517614025125,20.460329055786133,4800,0.0,0.0
2008-06-10 00:00:00-04:00,19.866340727768048,20.77336894392487,19.79409936627867,20.25162696838379,14200,0.0,0.0
2008-06-11 00:00:00-04:00,20.251632056728308,20.251632056728308,20.067015878087936,20.12320327758789,1800,0.0,0.0
2008-06-12 00:00:00-04:00,20.123202639816174,20.123202639816174,19.994773864746094,19.994773864746094,2400,0.0,0.0
2008-06-13 00:00:00-04:00,19.874370625611185,20.805479942251196,19.86634363638254,20.76534652709961,27200,0.0,0.0
2008-06-16 00:00:00-04:00,20.79745223626897,20.869693605845455,20.243602246513117,20.821533203125,4600,0.0,0.0
2008-06-17 00:00:00-04:00,20.669022044397963,20.669022044397963,19.82620816566377,20.243600845336914,5500,0.0,0.0
2008-06-18 00:00:00-04:00,20.25163086196262,20.468354988098145,20.067014694213867,20.067014694213867,2500,0.0,0.0
2008-06-19 00:00:00-04:00,20.339932188241583,20.46033400555792,19.68173415798624,20.08307456970215,5400,0.0,0.0
2008-06-20 00:00:00-04:00,20.323869607571993,20.388083985044908,19.66567185572672,20.091093063354492,5700,0.0,0.0
2008-06-23 00:00:00-04:00,20.267676955160525,20.267676955160525,17.72318042073835,18.517833709716797,11500,0.0,0.0
2008-06-24 00:00:00-04:00,18.67035131780424,18.766672134399414,18.036232896086943,18.766672134399414,4500,0.0,0.0
2008-06-25 00:00:00-04:00,18.862992816501194,19.392761853974662,18.03623130359968,18.060312271118164,10000,0.0,0.0
2008-06-26 00:00:00-04:00,18.413497792810695,18.413497792810695,16.727867823810218,17.25763702392578,7100,0.0,0.0
2008-06-27 00:00:00-04:00,17.33789590531849,18.036226954039055,15.531865113743466,15.684374809265137,835300,0.0,0.0
2008-06-30 00:00:00-04:00,15.756615490064044,16.414814700408254,14.865641292131173,15.026176452636719,48200,0.0,0.0
2008-07-01 00:00:00-04:00,15.026178969709067,15.258957058273669,14.448249539294276,14.544571876525879,30700,0.0,0.0
2008-07-02 00:00:00-04:00,14.472325664128944,15.531863364213255,14.472325664128944,14.90577220916748,21800,0.0,0.0
2008-07-03 00:00:00-04:00,15.716485970439676,15.716485970439676,15.106448535235668,15.523842811584473,11900,0.0,0.0
2008-07-07 00:00:00-04:00,15.724511276184488,16.254280289052044,14.889722812883146,15.010126113891602,16100,0.0,0.0
2008-07-08 00:00:00-04:00,15.066315479314218,15.644244969742202,14.84959134628181,15.242904663085938,19600,0.0,0.0
2008-07-09 00:00:00-04:00,15.05828692997119,15.652270338588371,14.849589808404353,15.082367897033691,15800,0.0,0.0
2008-07-10 00:00:00-04:00,15.034202458965863,15.451596604819672,15.034202458965863,15.363301277160645,11400,0.0,0.0
2008-07-11 00:00:00-04:00,16.3907378540113,16.398764843701304,14.576679520847438,15.563976287841797,17500,0.0,0.0
2008-07-14 00:00:00-04:00,15.41146259022939,16.382705032081628,15.403435603396991,15.732534408569336,10100,0.0,0.0
2008-07-15 00:00:00-04:00,15.467647756716971,16.519158385639688,15.050253687025625,15.852933883666992,17800,0.0,0.0
2008-07-16 00:00:00-04:00,15.860967990452014,17.257631975949383,14.873671272754304,16.310468673706055,10200,0.0,0.0
2008-07-17 00:00:00-04:00,16.607456331289857,18.044253315052437,16.607456331289857,17.32986831665039,11400,0.0,0.0
2008-07-18 00:00:00-04:00,18.453621444024225,18.453621444024225,15.901097633331675,16.95261001586914,10600,0.0,0.0
2008-07-21 00:00:00-04:00,17.289743145470155,17.45830535888672,17.289743145470155,17.45830535888672,3800,0.0,0.0
2008-07-22 00:00:00-04:00,17.442247352423323,17.9318829601094,16.8322099727957,17.594757080078125,13200,0.0,0.0
2008-07-23 00:00:00-04:00,17.9720186468514,17.9720186468514,16.832212101725542,17.2736873626709,6100,0.0,0.0
2008-07-24 00:00:00-04:00,17.642917026272585,18.82285834135534,16.984719261092806,18.020177841186523,8700,0.0,0.0
2008-07-25 00:00:00-04:00,18.164661759643096,19.866345347930498,18.164661759643096,19.82621192932129,12300,0.0,0.0
2008-07-28 00:00:00-04:00,19.76199461254174,19.76199461254174,19.063661902884018,19.12787628173828,5500,0.0,0.0
2008-07-29 00:00:00-04:00,18.790746849553862,19.256301390782358,17.30578789755205,18.83890724182129,24700,0.0,0.0
2008-07-30 00:00:00-04:00,19.224195454102873,19.51315934593126,17.658968121817942,17.859638214111328,19500,0.0,0.0
2008-07-31 00:00:00-04:00,17.58672846995571,18.108470454267813,17.378031370032577,17.843585968017578,11500,0.0,0.0
2008-08-01 00:00:00-04:00,17.85963994439431,17.85963994439431,17.434218756359677,17.843585968017578,7400,0.0,0.0
2008-08-04 00:00:00-04:00,17.394090582293106,17.84359133920789,17.394090582293106,17.546600341796875,6700,0.0,0.0
2008-08-05 00:00:00-04:00,17.85161764025707,17.859644630551625,17.6027870650934,17.83556365966797,8200,0.0,0.0
2008-08-06 00:00:00-04:00,17.634888868094446,18.365327952329682,17.634888868094446,17.843585968017578,14600,0.0,0.0
2008-08-07 00:00:00-04:00,17.699105545534564,18.2529555546645,16.51916568616281,16.647594451904297,13600,0.0,0.0
2008-08-08 00:00:00-04:00,17.145257136115106,18.461652755737305,17.03288081739716,18.461652755737305,25700,0.0,0.0
2008-08-11 00:00:00-04:00,18.50178499725624,19.04760798471224,18.06031133263295,18.943260192871094,18000,0.0,0.0
2008-08-12 00:00:00-04:00,18.838914835323667,18.959318161010742,18.726540031073736,18.959318161010742,15200,0.0,0.0
2008-08-13 00:00:00-04:00,18.82285531450864,19.079712788299535,18.269005429777454,18.91917610168457,19000,0.0,0.0
2008-08-14 00:00:00-04:00,18.676733558776945,19.347511880691812,18.676733558776945,19.299020767211914,5300,0.16,0.0
2008-08-15 00:00:00-04:00,19.395998849612713,19.395998849612713,18.474689397521868,19.080814361572266,14400,0.0,0.0
2008-08-18 00:00:00-04:00,19.38791847229004,19.38791847229004,18.911100007673625,19.38791847229004,7600,0.0,0.0
2008-08-19 00:00:00-04:00,18.628237970718505,19.11313819885254,18.628237970718505,19.11313819885254,3300,0.0,0.0
2008-08-20 00:00:00-04:00,19.105070661576903,19.290950274945672,18.224168357262972,18.232250213623047,5000,0.0,0.0
2008-08-21 00:00:00-04:00,18.18375134519712,18.539345136444126,18.18375134519712,18.361547470092773,2600,0.0,0.0
2008-08-22 00:00:00-04:00,18.22415272151785,18.644399642944336,18.183745015842486,18.644399642944336,5600,0.0,0.0
2008-08-25 00:00:00-04:00,18.490853903707137,18.717141140578097,18.199914932250977,18.199914932250977,6700,0.0,0.0
2008-08-26 00:00:00-04:00,18.709057546800125,18.709057546800125,16.785621607540904,16.98766326904297,9000,0.0,0.0
2008-08-27 00:00:00-04:00,16.939175133229895,17.068483237423663,16.70480756631329,17.003829956054688,4900,0.0,0.0
2008-08-28 00:00:00-04:00,17.34325088888132,18.313051223754883,17.327088731749036,18.313051223754883,5200,0.0,0.0
2008-08-29 00:00:00-04:00,18.466607100084047,18.88685410161902,18.385790131872636,18.51509666442871,9700,0.0,0.0
2008-09-02 00:00:00-04:00,18.886854676738164,19.226284720397626,18.038278796861754,18.272647857666016,3200,0.0,0.0
2008-09-03 00:00:00-04:00,18.216070399039864,19.331339291767513,18.216070399039864,18.68480682373047,3700,0.0,0.0
2008-09-04 00:00:00-04:00,18.46660601233518,18.927260700113926,18.46660601233518,18.700973510742188,8100,0.0,0.0
2008-09-05 00:00:00-04:00,18.482766906456707,19.323259190922997,18.046356294969396,19.056564331054688,1000,0.0,0.0
2008-09-08 00:00:00-04:00,19.38791535677711,19.38791535677711,17.98170574422578,18.8060359954834,14800,0.0,0.0
2008-09-09 00:00:00-04:00,18.959588453832698,18.959588453832698,17.933218002319336,17.933218002319336,4500,0.0,0.0
2008-09-10 00:00:00-04:00,18.951505133183673,18.991912841796875,17.7796630859375,18.991912841796875,17400,0.0,0.0
2008-09-11 00:00:00-04:00,18.515096617797933,18.991915033443373,18.515096617797933,18.919179916381836,7100,0.0,0.0
2008-09-12 00:00:00-04:00,18.127173384690902,19.622281597815075,18.127173384690902,19.428321838378906,4200,0.0,0.0
2008-09-15 00:00:00-04:00,19.581876754760742,20.034451170008516,18.603995888349054,19.581876754760742,8100,0.0,0.0
2008-09-16 00:00:00-04:00,19.678858393923438,20.204166412353516,18.927263156750996,20.204166412353516,26000,0.0,0.0
2008-09-17 00:00:00-04:00,20.0344525746833,20.05869658835517,18.11101502866109,18.18375015258789,5400,0.0,0.0
2008-09-18 00:00:00-04:00,19.783928463058306,20.608259201049805,17.844327905368402,20.608259201049805,34700,0.0,0.0
2008-09-19 00:00:00-04:00,21.64270291017271,21.925559997558594,20.600167217388666,21.925559997558594,120800,0.0,0.0
2008-09-22 00:00:00-04:00,22.022540627691086,22.022540627691086,19.86473566783341,21.15780258178711,29700,0.0,0.0
2008-09-23 00:00:00-04:00,20.988087361817005,21.812417715404223,20.228411820077152,21.012332916259766,21900,0.0,0.0
2008-09-24 00:00:00-04:00,20.01828794184789,21.41641585205135,19.953634672631996,20.81837272644043,19300,0.0,0.0
2008-09-25 00:00:00-04:00,21.36792515628406,21.691191485280058,20.390042776933786,21.004249572753906,19400,0.0,0.0
2008-09-26 00:00:00-04:00,20.915342493181313,21.367916716475317,20.850689252918574,21.085058212280273,22800,0.0,0.0
2008-09-29 00:00:00-04:00,21.400262518042606,21.40834437329228,20.559769611008033,20.608259201049805,39400,0.0,0.0
2008-09-30 00:00:00-04:00,20.058700258228125,21.004255500816555,19.29902301459109,20.769887924194336,21400,0.0,0.0
2008-10-01 00:00:00-04:00,20.268818830514004,20.519350051879883,19.581876893102233,20.519350051879883,2900,0.0,0.0
2008-10-02 00:00:00-04:00,20.503185166189926,20.503185166189926,19.929386138916016,19.929386138916016,1900,0.0,0.0
2008-10-03 00:00:00-04:00,20.42237000520479,20.963841679669542,20.066776275634766,20.066776275634766,12600,0.0,0.0
2008-10-06 00:00:00-04:00,20.600168185442083,20.988087816191054,18.458526823211255,20.131431579589844,30100,0.0,0.0
2008-10-07 00:00:00-04:00,20.204166259784646,20.204166259784646,17.66652347082147,18.894935607910156,13900,0.0,0.0
2008-10-08 00:00:00-04:00,18.022114220597516,19.395998031045405,17.15737622167961,17.715011596679688,25100,0.0,0.0
2008-10-09 00:00:00-04:00,17.94129582475412,17.94129582475412,14.70054817199707,14.70054817199707,19200,0.0,0.0
2008-10-10 00:00:00-04:00,14.635900623890043,16.963420231469364,14.142918403419294,16.373458862304688,30300,0.0,0.0
2008-10-13 00:00:00-04:00,15.355162479817544,19.355587005615234,15.19352857397424,19.355587005615234,36700,0.0,0.0
2008-10-14 00:00:00-04:00,19.396004378567497,20.179925667277132,18.628245255333496,19.420249938964844,9800,0.0,0.0
2008-10-15 00:00:00-04:00,19.38792418187819,19.38792418187819,16.171420217518573,16.72097396850586,11700,0.0,0.0
2008-10-16 00:00:00-04:00,16.333048102634027,18.81412114147336,14.983411207021755,18.078689575195312,34000,0.0,0.0
2008-10-17 00:00:00-04:00,17.81198919097263,20.19607927928777,15.831980783776604,18.644399642944336,33000,0.0,0.0
2008-10-20 00:00:00-04:00,19.28285580820266,19.28285580820266,17.294765146011077,18.54742431640625,5100,0.0,0.0
2008-10-21 00:00:00-04:00,18.143335825210087,19.759668583217042,16.41385872595322,18.434274673461914,8300,0.0,0.0
2008-10-22 00:00:00-04:00,18.426198897724728,18.894935490377826,15.751167733176317,16.413864135742188,26700,0.0,0.0
2008-10-23 00:00:00-04:00,16.438111306501767,17.197788459456177,15.638026433887786,16.38962173461914,10200,0.0,0.0
2008-10-24 00:00:00-04:00,15.290513496515192,17.779666784717403,15.290513496515192,15.799657821655273,13700,0.0,0.0
2008-10-27 00:00:00-04:00,15.807736947636549,15.807736947636549,15.15312248777228,15.16120433807373,11200,0.0,0.0
2008-10-28 00:00:00-04:00,15.70267957967927,16.300722766112425,15.153125964725644,15.953210830688477,20700,0.0,0.0
2008-10-29 00:00:00-04:00,15.799651815886602,16.91492226256978,15.314753230151318,15.823897361755371,11900,0.0,0.0
2008-10-30 00:00:00-04:00,16.163329351104426,18.644400159866123,15.638021455484575,18.40195083618164,6600,0.0,0.0
2008-10-31 00:00:00-04:00,18.030196634893493,19.630367693969,18.030196634893493,19.622285842895508,15600,0.0,0.0
2008-11-03 00:00:00-05:00,19.49297675245907,19.783915645675734,18.822198615875095,18.991912841796875,17800,0.0,0.0
2008-11-04 00:00:00-05:00,18.991915163990168,19.290937485238075,18.434279776503775,18.98383331298828,6600,0.0,0.0
2008-11-05 00:00:00-05:00,18.644406312481276,19.18587808608604,18.022117557160517,18.224159240722656,9800,0.0,0.0
2008-11-06 00:00:00-05:00,17.989787247377553,18.482769326809738,17.803909314346033,18.102930068969727,2300,0.0,0.0
2008-11-07 00:00:00-05:00,18.288811058190973,18.426199453706612,16.793703952318854,17.917055130004883,4800,0.0,0.0
2008-11-10 00:00:00-05:00,18.248397827148438,18.587827787535552,18.086763925457383,18.248397827148438,4900,0.0,0.0
2008-11-11 00:00:00-05:00,18.159508071458415,19.153554441471815,17.973630070955316,17.98979377746582,12500,0.0,0.0
2008-11-12 00:00:00-05:00,17.820071363674714,17.820071363674714,16.171412444609082,16.527006149291992,6200,0.0,0.0
2008-11-13 00:00:00-05:00,16.84468087543019,19.043937085067245,16.592174008974954,18.96248435974121,10500,0.16,0.0
2008-11-14 00:00:00-05:00,18.547061057392977,18.644804907711162,16.795801795355658,16.877254486083984,6600,0.0,0.0
2008-11-17 00:00:00-05:00,16.706207606397427,18.938045953884224,16.698062023854906,18.099069595336914,11600,0.0,0.0
2008-11-18 00:00:00-05:00,17.732527482744015,17.740673065185547,16.69806181683446,17.740673065185547,6500,0.0,0.0
2008-11-19 00:00:00-05:00,17.50445401770388,19.206841730947918,15.818357467651367,15.818357467651367,6300,0.0,0.0
2008-11-20 00:00:00-05:00,15.696177461472175,16.877258873803722,15.166727066040039,15.166727066040039,7200,0.0,0.0
2008-11-21 00:00:00-05:00,15.272624672469163,16.290799650633772,14.710591649511015,16.144182205200195,12300,0.0,0.0
2008-11-24 00:00:00-05:00,16.86096710857384,17.91172218322754,16.494423737409353,17.91172218322754,24000,0.0,0.0
2008-11-25 00:00:00-05:00,17.91172377154462,18.017614778653414,15.948683662148776,16.665477752685547,11700,0.0,0.0
2008-11-26 00:00:00-05:00,16.307083513648593,20.184292279009092,16.307083513648593,19.956220626831055,16500,0.0,0.0
2008-11-28 00:00:00-05:00,20.20057710221384,20.43679428100586,19.149822052691423,20.43679428100586,28100,0.0,0.0
2008-12-01 00:00:00-05:00,19.874757419513642,19.874757419513642,15.842789058045955,15.964969635009766,16100,0.0,0.0
2008-12-02 00:00:00-05:00,16.50256590656988,17.789537899599008,16.2093312702611,17.186779022216797,17200,0.0,0.0
2008-12-03 00:00:00-05:00,16.608459822640434,18.64480856219363,16.608459822640434,17.854705810546875,7900,0.0,0.0
2008-12-04 00:00:00-05:00,17.610350743901563,18.327145067392827,16.665483168882435,16.70621109008789,6100,0.0,0.0
2008-12-05 00:00:00-05:00,16.50256652049384,18.384151881715887,16.144168790962354,18.082773208618164,6500,0.0,0.0
2008-12-08 00:00:00-05:00,18.66109874984471,19.100950800337003,17.504452664074368,18.734407424926758,19400,0.0,0.0
2008-12-09 00:00:00-05:00,18.5226310533672,19.141681360391924,18.343432893548616,18.856592178344727,24400,0.0,0.0
2008-12-10 00:00:00-05:00,19.076517308723695,19.100954055786133,18.213105776126998,19.100954055786133,2400,0.0,0.0
2008-12-11 00:00:00-05:00,18.881031079815525,18.92175744463341,17.137916564941406,17.137916564941406,6000,0.0,0.0
2008-12-12 00:00:00-05:00,16.983148495499766,18.693681716918945,16.69805936632811,18.693681716918945,15100,0.0,0.0
2008-12-15 00:00:00-05:00,18.644807137244694,18.644807137244694,17.634778426052108,18.00132179260254,5800,0.0,0.0
2008-12-16 00:00:00-05:00,18.35972483816274,19.198699700781628,18.123507589021926,19.125391006469727,21800,0.0,0.0
2008-12-17 00:00:00-05:00,18.905461035932884,19.272004432118685,18.840297938123275,19.02764320373535,14100,0.0,0.0
2008-12-18 00:00:00-05:00,19.109098140152224,19.13353488728579,17.919871077982986,18.538921356201172,17100,0.0,0.0
2008-12-19 00:00:00-05:00,19.65483609060959,19.752581507430943,17.87099582771346,19.22313117980957,51200,0.0,0.0
2008-12-22 00:00:00-05:00,19.231279111641893,19.34531415053165,18.514483443621153,19.157970428466797,9500,0.0,0.0
2008-12-23 00:00:00-05:00,19.31273204120482,19.329023205119046,18.652955438787792,18.90546226501465,8700,0.0,0.0
2008-12-24 00:00:00-05:00,18.65295132763276,18.90545809820652,18.65295132763276,18.897314071655273,700,0.0,0.0
2008-12-26 00:00:00-05:00,19.060224210053416,19.060224210053416,18.62037368283622,18.93804359436035,2300,0.0,0.0
2008-12-29 00:00:00-05:00,18.449319341304086,18.791425993022514,18.359721052871002,18.46561050415039,3400,0.0,0.0
2008-12-30 00:00:00-05:00,18.68553713261544,18.775135423881792,18.32713930671748,18.661100387573242,4700,0.0,0.0
2008-12-31 00:00:00-05:00,18.91360807358745,19.67113011495526,18.652955662280444,19.540803909301758,15600,0.0,0.0
2009-01-02 00:00:00-05:00,19.58152664515209,19.8991964932868,19.263855243406866,19.687416076660156,11100,0.0,0.0
2009-01-05 00:00:00-05:00,19.76887530469473,19.825892824770797,19.198696996712272,19.630403518676758,8900,0.0,0.0
2009-01-06 00:00:00-05:00,19.532660984986425,19.703715124188196,19.157973481152943,19.597824096679688,11300,0.0,0.0
2009-01-07 00:00:00-05:00,19.21498292907502,19.459344106759097,18.37600685943486,18.70182228088379,9700,0.0,0.0
2009-01-08 00:00:00-05:00,18.8647333896122,19.31272946215089,18.832152619745546,19.22313117980957,9400,0.0,0.0
2009-01-09 00:00:00-05:00,19.16612003047085,19.16612003047085,16.616609855528697,16.90169906616211,26400,0.0,0.0
2009-01-12 00:00:00-05:00,16.86911558020877,17.83027262572579,16.86911558020877,17.121623992919922,5700,0.0,0.0
2009-01-13 00:00:00-05:00,17.15420087856083,17.480016357270244,16.909839657931457,17.471872329711914,3600,0.0,0.0
2009-01-14 00:00:00-05:00,16.966856770266254,17.553324618039643,16.6247501373291,16.6247501373291,20200,0.0,0.0
2009-01-15 00:00:00-05:00,16.62475288545527,17.080894620236293,16.29079177828922,17.056459426879883,9200,0.0,0.0
2009-01-16 00:00:00-05:00,17.048312627223154,17.048312627223154,16.062718987135238,16.339662551879883,11500,0.0,0.0
2009-01-20 00:00:00-05:00,16.02199312640627,16.02199312640627,13.154813516823758,13.162959098815918,20400,0.0,0.0
2009-01-21 00:00:00-05:00,13.53764237599381,14.449925422668457,13.439896987044973,14.449925422668457,15900,0.0,0.0
2009-01-22 00:00:00-05:00,14.034510238453837,14.759451192997899,14.034510238453837,14.449925422668457,4700,0.0,0.0
2009-01-23 00:00:00-05:00,14.376622417509383,14.67800272769565,13.676119477008443,13.83902645111084,9700,0.0,0.0
2009-01-26 00:00:00-05:00,13.847167859137095,14.107820182025543,13.105937233319176,13.716841697692871,15800,0.0,0.0
2009-01-27 00:00:00-05:00,13.724989211119672,14.197422001333145,13.130375821535761,14.115967750549316,14700,0.0,0.0
2009-01-28 00:00:00-05:00,14.352184220567633,15.52511978149414,13.64353429309865,15.52511978149414,11200,0.0,0.0
2009-01-29 00:00:00-05:00,15.25632663216641,15.492543866498718,14.43364143371582,14.43364143371582,4000,0.0,0.0
2009-01-30 00:00:00-05:00,14.645418281867775,15.134142240690048,13.88789637873485,14.026368141174316,6100,0.0,0.0
2009-02-02 00:00:00-05:00,14.172986058546758,15.052688598632812,14.140405288563933,15.052688598632812,6200,0.0,0.0
2009-02-03 00:00:00-05:00,15.052689803033553,15.91610280401723,14.5802569484019,15.606576919555664,8300,0.0,0.0
2009-02-04 00:00:00-05:00,15.565847251560063,17.919865442014835,15.565847251560063,17.626630783081055,17600,0.0,0.0
2009-02-05 00:00:00-05:00,17.47187125494828,17.667360530148613,17.056455962543577,17.577760696411133,12700,0.0,0.0
2009-02-06 00:00:00-05:00,17.610346026398307,18.115359685170915,17.553326951985085,17.919870376586914,11700,0.0,0.0
2009-02-09 00:00:00-05:00,17.74067091934891,17.919869050554567,17.406709847695623,17.553325653076172,1700,0.0,0.0
2009-02-10 00:00:00-05:00,17.732525136732736,17.732525136732736,14.840909004211426,14.840909004211426,12300,0.0,0.0
2009-02-11 00:00:00-05:00,14.979383767954308,14.979383767954308,13.920482837215886,13.94491958618164,7200,0.0,0.0
2009-02-12 00:00:00-05:00,13.196695486155479,14.356031280942165,13.196695486155479,13.838030815124512,15300,0.16,0.0
2009-02-13 00:00:00-05:00,13.895581616086028,14.191582679748535,13.525581854775304,14.191582679748535,7600,0.0,0.0
2009-02-17 00:00:00-05:00,13.583136728061875,14.569804287223336,13.583136728061875,13.93669319152832,7400,0.0,0.0
2009-02-18 00:00:00-05:00,14.035360939071394,14.561583703868797,13.443360328674316,13.443360328674316,5300,0.0,0.0
2009-02-19 00:00:00-05:00,13.772249034449487,13.969582563765918,13.13913631439209,13.13913631439209,6600,0.0,0.0
2009-02-20 00:00:00-05:00,12.900692357302976,12.900692357302976,11.979801704005757,12.086690902709961,24800,0.0,0.0
2009-02-23 00:00:00-05:00,12.251136630999904,12.251136630999904,9.990020751953125,9.990020751953125,15600,0.0,0.0
2009-02-24 00:00:00-05:00,10.582022509340684,11.182246421403347,9.16779704674425,10.993134498596191,32700,0.0,0.0
2009-02-25 00:00:00-05:00,10.943794693881454,11.091794384772566,9.957125905895895,10.10512638092041,15100,0.0,0.0
2009-02-26 00:00:00-05:00,10.187353817511104,10.253131662998145,9.291129692582953,9.340462684631348,31700,0.0,0.0
2009-02-27 00:00:00-05:00,9.085573069491579,10.623131468308044,9.044461723014768,9.56246280670166,19200,0.0,0.0
2009-03-02 00:00:00-05:00,9.850240813851928,10.664242977267161,9.726907556676084,9.916019439697266,16300,0.0,0.0
2009-03-03 00:00:00-05:00,10.096908610629452,10.475131611203757,9.743352890014648,9.743352890014648,7200,0.0,0.0
2009-03-04 00:00:00-05:00,9.866685252589493,10.83690955335024,9.759796068257064,10.721797943115234,7700,0.0,0.0
2009-03-05 00:00:00-05:00,11.050688280393267,11.182244756034828,9.62001895904541,9.62001895904541,11500,0.0,0.0
2009-03-06 00:00:00-05:00,9.702241524727055,10.138019942880378,9.200684477591686,9.751574516296387,9900,0.0,0.0
2009-03-09 00:00:00-04:00,9.504909058202866,10.746466607322368,9.463797704519765,9.480241775512695,11800,0.0,0.0
2009-03-10 00:00:00-04:00,9.899573001671717,12.152465679802042,9.47201709902424,12.136021614074707,11700,0.0,0.0
2009-03-11 00:00:00-04:00,12.497802430962558,12.497802430962558,10.582020912801871,10.590243339538574,5200,0.0,0.0
2009-03-12 00:00:00-04:00,10.55735669722633,13.796919822692871,10.55735669722633,13.796919822692871,14400,0.0,0.0
2009-03-13 00:00:00-04:00,13.846249389274657,13.846249389274657,12.234690654995175,13.065136909484863,11700,0.0,0.0
2009-03-16 00:00:00-04:00,13.15558188248507,13.977805750140387,13.081581608934686,13.385805130004883,11400,0.0,0.0
2009-03-17 00:00:00-04:00,13.073360748669796,13.928474426269531,12.49780412916787,13.928474426269531,6500,0.0,0.0
2009-03-18 00:00:00-04:00,13.895580898391238,15.392027854919434,13.895580898391238,15.392027854919434,16300,0.0,0.0
2009-03-19 00:00:00-04:00,15.482476832483966,15.54003225775152,14.643808031611186,15.09603214263916,5500,0.0,0.0
2009-03-20 00:00:00-04:00,15.490699170319107,16.181367406060804,14.446474389106339,14.742475509643555,28900,0.0,0.0
2009-03-23 00:00:00-04:00,15.285142445745066,17.21736892683628,15.161809174242995,17.20914649963379,27700,0.0,0.0
2009-03-24 00:00:00-04:00,16.7487010974425,16.806256518022796,15.359142303466797,15.359142303466797,18200,0.0,0.0
2009-03-25 00:00:00-04:00,15.482473017169355,15.762029215236478,14.134026580563702,15.720918655395508,16800,0.0,0.0
2009-03-26 00:00:00-04:00,16.041589180781394,17.636704055858583,15.778477772164063,17.40648078918457,30800,0.0,0.0
2009-03-27 00:00:00-04:00,16.962477311229865,17.25847839865261,13.254249133102832,13.369359970092773,51500,0.0,0.0
2009-03-30 00:00:00-04:00,13.542024526301281,14.018914236048364,13.41869127810705,13.657136917114258,15300,0.0,0.0
2009-03-31 00:00:00-04:00,13.912024446275609,14.306691428289923,13.426912359449489,13.772246360778809,10000,0.0,0.0
2009-04-01 00:00:00-04:00,14.224469473343737,14.972692919650683,14.010692690056546,14.652026176452637,11200,0.0,0.0
2009-04-02 00:00:00-04:00,14.824697577172417,16.40336753808307,14.800030295437004,16.378700256347656,26500,0.0,0.0
2009-04-03 00:00:00-04:00,15.794921720403496,17.08581467142255,15.794921720403496,16.4855899810791,16900,0.0,0.0
2009-04-06 00:00:00-04:00,16.173140131073016,16.44447388748584,15.128915662833526,15.67158317565918,15700,0.0,0.0
2009-04-07 00:00:00-04:00,15.054923018611236,16.38692676717001,14.7835891249766,14.841144561767578,19400,0.0,0.0
2009-04-08 00:00:00-04:00,14.989137202719128,15.77025032043457,14.964471496186707,15.77025032043457,5700,0.0,0.0
2009-04-09 00:00:00-04:00,15.770257003178106,16.428035593900375,14.906920838553779,16.2800350189209,24700,0.0,0.0
2009-04-13 00:00:00-04:00,15.984030967521035,16.222475051879883,15.457806673826553,16.222475051879883,6300,0.0,0.0
2009-04-14 00:00:00-04:00,15.860701260044669,16.214256252607914,15.56470012664795,15.56470012664795,8300,0.0,0.0
2009-04-15 00:00:00-04:00,16.19780995496517,16.2553653717041,15.490696964704041,16.2553653717041,4200,0.0,0.0
2009-04-16 00:00:00-04:00,16.280031379493007,16.43625434796609,15.59758565608007,16.42803192138672,10900,0.0,0.0
2009-04-17 00:00:00-04:00,16.444474418008618,16.444474418008618,15.663361255846294,15.836029052734375,19200,0.0,0.0
2009-04-20 00:00:00-04:00,15.359140417299102,15.729140176278134,14.29847099137093,14.462916374206543,9900,0.0,0.0
2009-04-21 00:00:00-04:00,14.438249817475192,15.507141722761823,14.232693862797086,14.865806579589844,21700,0.0,0.0
2009-04-22 00:00:00-04:00,14.594471811921577,15.44136285347131,14.306693180849932,14.726027488708496,9000,0.0,0.0
2009-04-23 00:00:00-04:00,14.726025466789364,14.726025466789364,12.481355275510472,12.999356269836426,20400,0.0,0.0
2009-04-24 00:00:00-04:00,13.311805415428253,14.553363695913953,13.11447108296307,14.199807167053223,19400,0.0,0.0
2009-04-27 00:00:00-04:00,13.895584336947115,14.742475563660692,13.58313992833235,13.97780704498291,24000,0.0,0.0
2009-04-28 00:00:00-04:00,13.846247321701657,14.660248601697107,13.747579787035273,14.652026176452637,12700,0.0,0.0
2009-04-29 00:00:00-04:00,14.767142999982914,15.992258199190053,14.734254853894802,15.877145767211914,27700,0.0,0.0
2009-04-30 00:00:00-04:00,16.000476106045642,16.36225505584291,15.942920684814453,15.942920684814453,20400,0.0,0.0
2009-05-01 00:00:00-04:00,15.88536346123619,16.173142103008498,15.05491724047264,15.326251029968262,43900,0.0,0.0
2009-05-04 00:00:00-04:00,15.548251674805456,15.663362503051758,14.882250846960197,15.663362503051758,10600,0.0,0.0
2009-05-05 00:00:00-04:00,15.498921597919331,15.786700290856322,14.40536381937293,14.742475509643555,20300,0.0,0.0
2009-05-06 00:00:00-04:00,14.923363290714665,15.48247578687001,14.314917800271381,14.397140502929688,15200,0.0,0.0
2009-05-07 00:00:00-04:00,14.7424723922388,14.890472921211604,14.183359979793718,14.314915657043457,27300,0.0,0.0
2009-05-08 00:00:00-04:00,14.660250078063394,15.17002951668728,14.430026852835281,15.112472534179688,19100,0.0,0.0
2009-05-11 00:00:00-04:00,14.775360786512561,15.449585604574645,14.043582122945272,15.087806701660156,14900,0.0,0.0
2009-05-12 00:00:00-04:00,14.800026694318586,14.849359677518148,14.528692934320102,14.652026176452637,7200,0.0,0.0
2009-05-13 00:00:00-04:00,14.331363750376834,14.964476570512069,14.010696910582402,14.125807762145996,15800,0.0,0.0
2009-05-14 00:00:00-04:00,14.399691592890509,15.05535394599411,13.768926828290683,14.656976699829102,14400,0.16,0.0
2009-05-15 00:00:00-04:00,14.731672345944386,14.731672345944386,14.042811110834727,14.250299453735352,13700,0.0,0.0
2009-05-18 00:00:00-04:00,14.573978050791727,15.735912238269904,13.9432134157584,15.603119850158691,53100,0.0,0.0
2009-05-19 00:00:00-04:00,15.56162212777657,15.56162212777657,15.09684879013646,15.246240615844727,8800,0.0,0.0
2009-05-20 00:00:00-04:00,15.478626666920917,15.686114964287176,15.146645707736917,15.536723136901855,31300,0.0,0.0
2009-05-21 00:00:00-04:00,15.188144094654907,15.727614982544416,15.188144094654907,15.470328330993652,12300,0.0,0.0
2009-05-22 00:00:00-04:00,15.561622136259732,15.561622136259732,15.146645545959473,15.146645545959473,5900,0.0,0.0
2009-05-26 00:00:00-04:00,15.445430860525445,16.175789041566052,15.370734939588194,15.935103416442871,22000,0.0,0.0
2009-05-27 00:00:00-04:00,15.229642713607074,15.769112018697307,14.947458477157989,14.964057922363281,13100,0.0,0.0
2009-05-28 00:00:00-04:00,15.105151735080497,15.36243683258383,14.241999483699713,14.69017505645752,14300,0.0,0.0
2009-05-29 00:00:00-04:00,14.731675135122764,15.354140281677246,14.615482147662693,15.354140281677246,19100,0.0,0.0
2009-06-01 00:00:00-04:00,15.561624965638623,16.59076690673828,15.221344226364154,16.59076690673828,36100,0.0,0.0
2009-06-02 00:00:00-04:00,16.516065500550283,16.748452926152545,15.760808346105213,16.731853485107422,26400,0.0,0.0
2009-06-03 00:00:00-04:00,16.466269709094043,16.582462637084472,15.893601624122802,16.25878143310547,21300,0.0,0.0
2009-06-04 00:00:00-04:00,16.333475996978883,17.01403723301804,16.18408419726106,16.897844314575195,29000,0.0,0.0
2009-06-05 00:00:00-04:00,16.8895493504351,16.8895493504351,16.192388477434587,16.441373825073242,6000,0.0,0.0
2009-06-08 00:00:00-04:00,16.49948092806649,16.58247662507413,16.308591933056793,16.449684143066406,7700,0.0,0.0
2009-06-09 00:00:00-04:00,16.53266697164943,16.59906316097292,16.208985746573667,16.26708221435547,9600,0.0,0.0
2009-06-10 00:00:00-04:00,16.433076305210086,16.433076305210086,14.914261681798276,15.0055570602417,31200,0.0,0.0
2009-06-11 00:00:00-04:00,15.105153787368184,15.594826461314348,14.939162460162136,14.955761909484863,10700,0.0,0.0
2009-06-12 00:00:00-04:00,15.071952185957825,15.453731536865234,14.72337172774251,15.453731536865234,24800,0.0,0.0
2009-06-15 00:00:00-04:00,15.063650379198759,15.918502751654014,15.063650379198759,15.561622619628906,17400,0.0,0.0
2009-06-16 00:00:00-04:00,15.810610334803537,16.16749052069639,15.096851546028184,15.138348579406738,19100,0.0,0.0
2009-06-17 00:00:00-04:00,15.013853554218922,15.013853554218922,14.349891625672688,14.598876953125,12300,0.0,0.0
2009-06-18 00:00:00-04:00,14.524182418020386,15.304338945431208,14.524182418020386,15.01385498046875,21800,0.0,0.0
2009-06-19 00:00:00-04:00,15.296040260633323,15.628021278971058,14.972358965630326,15.503528594970703,45000,0.0,0.0
2009-06-22 00:00:00-04:00,15.370737431344404,15.370737431344404,14.366492988728599,14.70677375793457,12900,0.0,0.0
2009-06-23 00:00:00-04:00,14.914260594204066,15.478629105225266,14.723371710479345,15.121748924255371,12100,0.0,0.0
2009-06-24 00:00:00-04:00,15.370734595573893,15.370734595573893,14.324993308867485,14.490983009338379,18000,0.0,0.0
2009-06-25 00:00:00-04:00,14.515883233928939,15.312639236450195,14.515883233928939,15.312639236450195,8600,0.0,0.0
2009-06-26 00:00:00-04:00,15.130053791503347,17.81080354727497,15.130053791503347,17.429025650024414,156200,0.0,0.0
2009-06-29 00:00:00-04:00,17.01404685257601,17.01404685257601,16.3002863317094,16.43307876586914,24500,0.0,0.0
2009-06-30 00:00:00-04:00,16.499465279896246,16.499465279896246,13.827017135289106,14.889357566833496,23000,0.0,0.0
2009-07-01 00:00:00-04:00,15.138350046327936,16.806556594564487,14.997257902954383,16.540971755981445,24600,0.0,0.0
2009-07-02 00:00:00-04:00,16.134293886185485,16.300283609660536,15.345837554895134,16.084495544433594,27100,0.0,0.0
2009-07-06 00:00:00-04:00,16.026396862238034,16.026396862238034,14.748269676576793,14.947458267211914,23100,0.0,0.0
2009-07-07 00:00:00-04:00,15.005560441069177,16.067901577635517,15.005560441069177,15.20474910736084,11400,0.0,0.0
2009-07-08 00:00:00-04:00,15.511830958067259,16.192392557228356,15.105153943520033,15.744216918945312,17800,0.0,0.0
2009-07-09 00:00:00-04:00,15.92680449724246,16.10939365596114,15.262840897973026,15.312639236450195,8700,0.0,0.0
2009-07-10 00:00:00-04:00,14.947461732386655,15.5616270916422,14.441189624441847,15.022157669067383,12400,0.0,0.0
2009-07-13 00:00:00-04:00,15.071953462019387,16.258787065068912,14.358193038812438,15.636322021484375,27400,0.0,0.0
2009-07-14 00:00:00-04:00,15.578226002325215,16.009802158680845,15.354138200023963,15.802313804626465,15000,0.0,0.0
2009-07-15 00:00:00-04:00,16.19239018336583,17.196632985387552,16.101094807541894,16.657163619995117,46000,0.0,0.0
2009-07-16 00:00:00-04:00,16.565864646363423,16.939344209066128,15.993198094232683,16.79825210571289,12400,0.0,0.0
2009-07-17 00:00:00-04:00,16.839752042723983,17.00574174134448,15.802310490057703,16.499469757080078,28700,0.0,0.0
2009-07-20 00:00:00-04:00,16.582468876103356,16.582468876103356,15.370737648270836,15.802313804626465,10400,0.0,0.0
2009-07-21 00:00:00-04:00,15.984899760761216,15.984899760761216,14.706770997851319,15.296038627624512,19300,0.0,0.0
2009-07-22 00:00:00-04:00,15.138350441825374,15.976603599884475,14.972360704879655,15.75251579284668,4300,0.0,0.0
2009-07-23 00:00:00-04:00,15.661219710122625,16.980844021194628,15.486928691257441,16.789955139160156,33800,0.0,0.0
2009-07-24 00:00:00-04:00,16.532673464029223,17.014046421412168,15.769116195455178,16.864654541015625,17600,0.0,0.0
2009-07-27 00:00:00-04:00,16.175784874174365,16.731853485107422,15.87700126740143,16.731853485107422,5500,0.0,0.0
2009-07-28 00:00:00-04:00,16.599067937854976,16.798256563147977,16.175791515478416,16.773357391357422,18800,0.0,0.0
2009-07-29 00:00:00-04:00,16.18409236776171,16.922750435932063,16.18409236776171,16.532672882080078,7400,0.0,0.0
2009-07-30 00:00:00-04:00,16.84804941249801,16.872948578508304,16.457971976397417,16.615663528442383,17700,0.0,0.0
2009-07-31 00:00:00-04:00,16.45797074429041,16.49946776819083,15.6861140688667,16.21728515625,16800,0.0,0.0
2009-08-03 00:00:00-04:00,16.383274834861666,16.723555496477065,15.976597985199602,16.21728515625,40500,0.0,0.0
2009-08-04 00:00:00-04:00,15.727616764032595,16.08449537816962,15.636321388108257,15.943403244018555,11000,0.0,0.0
2009-08-05 00:00:00-04:00,15.901905328003874,15.901905328003874,14.939159612922996,15.312639236450195,53900,0.0,0.0
2009-08-06 00:00:00-04:00,15.412234026837162,15.785713681368938,15.0055570602417,15.0055570602417,16000,0.0,0.0
2009-08-07 00:00:00-04:00,15.495227793528954,15.669517222400893,15.080251153726904,15.594822883605957,50300,0.0,0.0
2009-08-10 00:00:00-04:00,15.39563330122485,15.478628949009819,15.105150908492933,15.312639236450195,25700,0.0,0.0
2009-08-11 00:00:00-04:00,15.18814107502924,15.993196594001823,15.105147031556111,15.677813529968262,52000,0.0,0.0
2009-08-12 00:00:00-04:00,15.935105103489436,16.02639889640337,15.478629806878146,15.943403244018555,15200,0.0,0.0
2009-08-13 00:00:00-04:00,16.169370500063575,16.169370500063575,15.40776983131462,15.918293952941895,7100,0.16,0.0
2009-08-14 00:00:00-04:00,15.935033388289478,16.068941097745203,15.181800527218755,15.709063529968262,24000,0.0,0.0
2009-08-17 00:00:00-04:00,15.257123351267765,15.374293790722408,14.50389210931427,14.763338088989258,14900,0.0,0.0
2009-08-18 00:00:00-04:00,14.939089856414,15.10647365534954,14.436935266996514,14.821919441223145,13300,0.0,0.0
2009-08-19 00:00:00-04:00,14.520632174235102,14.738232612609863,14.026846871058895,14.738232612609863,25900,0.0,0.0
2009-08-20 00:00:00-04:00,14.646170746604653,15.64211080433943,14.554108591093813,15.265494346618652,11000,0.0,0.0
2009-08-21 00:00:00-04:00,15.717433855927034,16.529249590246216,15.524940115860792,16.395341873168945,38400,0.0,0.0
2009-08-24 00:00:00-04:00,16.403714085038615,16.403714085038615,14.98931178786045,15.148327827453613,15200,0.0,0.0
2009-08-25 00:00:00-04:00,15.223652907218698,15.84297667501252,14.872144650221516,15.483098983764648,6700,0.0,0.0
2009-08-26 00:00:00-04:00,15.717435346223246,15.801126480102539,15.449618290368917,15.801126480102539,8000,0.0,0.0
2009-08-27 00:00:00-04:00,15.181800527218755,15.80112408252794,15.181800527218755,15.709063529968262,4700,0.0,0.0
2009-08-28 00:00:00-04:00,15.868080057159569,15.893188354651553,15.38266414645674,15.633742332458496,7900,0.0,0.0
2009-08-31 00:00:00-04:00,15.457986189673875,15.801124912720947,14.713124317153042,14.738232612609863,17500,0.0,0.0
2009-09-01 00:00:00-04:00,14.721493494723848,15.817863503175795,14.721493494723848,14.771708488464355,9500,0.0,0.0
2009-09-02 00:00:00-04:00,14.813557054923775,14.813557054923775,14.194231822596114,14.286293983459473,11200,0.0,0.0
2009-09-03 00:00:00-04:00,14.428573006023326,14.754972932969617,14.227711389725131,14.654542922973633,6000,0.0,0.0
2009-09-04 00:00:00-04:00,14.579217666679034,15.148326301532439,13.993370166963818,14.997679710388184,33800,0.0,0.0
2009-09-08 00:00:00-04:00,14.922354468055245,15.307340328121782,14.236077061312512,14.621061325073242,17200,0.0,0.0
2009-09-09 00:00:00-04:00,14.989307390845871,14.989307390845871,14.487152715854402,14.64616870880127,10100,0.0,0.0
2009-09-10 00:00:00-04:00,14.579219501977105,14.579219501977105,14.227711277159734,14.378357887268066,20200,0.0,0.0
2009-09-11 00:00:00-04:00,14.654540628952478,14.704755626089817,14.110540303764374,14.428570747375488,42400,0.0,0.0
2009-09-14 00:00:00-04:00,14.277921883417047,14.754968270934164,14.060321468771294,14.219337463378906,14000,0.0,0.0
2009-09-15 00:00:00-04:00,14.219340631602229,14.436941094731727,14.11054119819052,14.403463363647461,6800,0.0,0.0
2009-09-16 00:00:00-04:00,14.42857004888232,14.47878504358873,14.227708473750782,14.39509391784668,6600,0.0,0.0
2009-09-17 00:00:00-04:00,14.17748995542288,14.395090340143584,14.018473982683613,14.19422721862793,6000,0.0,0.0
2009-09-18 00:00:00-04:00,14.27792363944504,14.344877498624038,13.976632071292512,14.3114013671875,25200,0.0,0.0
2009-09-21 00:00:00-04:00,14.13564836047585,14.420202698733325,14.035218356565053,14.303033828735352,8500,0.0,0.0
2009-09-22 00:00:00-04:00,14.436935266996514,14.947459285806593,14.286288730540724,14.821919441223145,14300,0.0,0.0
2009-09-23 00:00:00-04:00,14.813556278824663,14.93909456668468,14.462048115033049,14.587586402893066,3600,0.0,0.0
2009-09-24 00:00:00-04:00,14.838662587718147,14.838662587718147,14.269553995018429,14.369985580444336,11100,0.0,0.0
2009-09-25 00:00:00-04:00,14.353246114243454,14.671278124485607,14.336507251324218,14.562477111816406,15100,0.0,0.0
2009-09-28 00:00:00-04:00,14.721489481122909,14.939089856414,14.721489481122909,14.821919441223145,9300,0.0,0.0
2009-09-29 00:00:00-04:00,14.888882338195225,14.972573481453601,14.713127425478921,14.897250175476074,3900,0.0,0.0
2009-09-30 00:00:00-04:00,14.788450600133032,14.788450600133032,13.926418103993115,14.001741409301758,16500,0.0,0.0
2009-10-01 00:00:00-04:00,14.001738045102773,14.495523329570393,13.884569196688707,13.901308059692383,20000,0.0,0.0
2009-10-02 00:00:00-04:00,13.89293648251984,14.018474743047204,13.533058965050628,13.616751670837402,12700,0.0,0.0
2009-10-05 00:00:00-04:00,13.608384685134165,13.608384685134165,13.281984031716991,13.382414817810059,14500,0.0,0.0
2009-10-06 00:00:00-04:00,13.44936903033069,13.809246621947977,13.415892898902015,13.583276748657227,11500,0.0,0.0
2009-10-07 00:00:00-04:00,13.273616620683223,13.382416855051902,13.248509119876006,13.365678787231445,2900,0.0,0.0
2009-10-08 00:00:00-04:00,13.516323550188586,13.641861842717942,13.39078525765923,13.4158935546875,20400,0.0,0.0
2009-10-09 00:00:00-04:00,13.390785582462152,13.608386039733887,13.390785582462152,13.608386039733887,15300,0.0,0.0
2009-10-12 00:00:00-04:00,13.625122426404637,13.784136826931181,13.474475860595703,13.474475860595703,1800,0.0,0.0
2009-10-13 00:00:00-04:00,13.491213534024313,13.51632022857666,13.432627522022425,13.51632022857666,1700,0.0,0.0
2009-10-14 00:00:00-04:00,13.750662615108572,13.8259859085083,13.40752387686802,13.8259859085083,28500,0.0,0.0
2009-10-15 00:00:00-04:00,13.708812541087642,13.89293681751944,13.558167582605666,13.784135818481445,29800,0.0,0.0
2009-10-16 00:00:00-04:00,13.658597019660567,14.152382220422057,13.566534885052489,13.993366241455078,35800,0.0,0.0
2009-10-19 00:00:00-04:00,13.993369985272457,14.821924629501813,13.616755108607835,14.696386337280273,27500,0.0,0.0
2009-10-20 00:00:00-04:00,14.721498295363954,14.738237164171245,14.060327344233478,14.152389526367188,39500,0.0,0.0
2009-10-21 00:00:00-04:00,14.311399935951593,14.33650663294168,13.533060403143718,13.708813667297363,26900,0.0,0.0
2009-10-22 00:00:00-04:00,14.018478656640065,14.077063088154372,13.407524447553678,13.608386039733887,21100,0.0,0.0
2009-10-23 00:00:00-04:00,13.675338614287629,13.675338614287629,13.382414888031096,13.424262046813965,10200,0.0,0.0
2009-10-26 00:00:00-04:00,13.432629417073304,13.600014853796205,13.164813995361328,13.164813995361328,14300,0.0,0.0
2009-10-27 00:00:00-04:00,13.273612926555744,13.48284470222893,13.148074659304672,13.332198143005371,8000,0.0,0.0
2009-10-28 00:00:00-04:00,13.256878527411464,13.608386730649878,13.256878527411464,13.348939895629883,6500,0.0,0.0
2009-10-29 00:00:00-04:00,13.600013385106102,13.976629778908228,13.46610568871105,13.750659942626953,18800,0.0,0.0
2009-10-30 00:00:00-04:00,13.583275600536506,14.169123015926036,13.1899219107386,13.650229454040527,36200,0.0,0.0
2009-11-02 00:00:00-05:00,13.717185291397024,13.98500074414601,13.315462112273543,13.692078590393066,25800,0.0,0.0
2009-11-03 00:00:00-05:00,13.566538547939128,13.993370019583736,12.97232321835738,13.4158935546875,17100,0.0,0.0
2009-11-04 00:00:00-05:00,13.49121536391666,13.775768050707631,12.82167521697475,12.863521575927734,25200,0.0,0.0
2009-11-05 00:00:00-05:00,13.039275454943294,13.591645150243005,13.039275454943294,13.281983375549316,20600,0.0,0.0
2009-11-06 00:00:00-05:00,13.081118263502788,13.64185643978296,13.05601077457148,13.231764793395996,16600,0.0,0.0
2009-11-09 00:00:00-05:00,13.432630624370017,13.432630624370017,13.005799957192135,13.11460018157959,16300,0.0,0.0
2009-11-10 00:00:00-05:00,12.989056938652872,13.62511917803233,12.989056938652872,13.231764793395996,19700,0.0,0.0
2009-11-11 00:00:00-05:00,13.407526397564986,13.407526397564986,13.030909859760134,13.240140914916992,7100,0.0,0.0
2009-11-12 00:00:00-05:00,13.358503883361218,13.366958826066272,12.78358068034099,12.808944702148438,20900,0.16,0.0
2009-11-13 00:00:00-05:00,13.138680470792817,13.39232311280813,12.589122085016081,12.707488059997559,11700,0.0,0.0
2009-11-16 00:00:00-05:00,12.910405739952434,13.789699044616922,12.555306117607044,12.876585960388184,14900,0.0,0.0
2009-11-17 00:00:00-05:00,12.825853312969262,13.02031213801456,12.259385108947754,12.259385108947754,40300,0.0,0.0
2009-11-18 00:00:00-05:00,12.301660120440838,12.301660120440838,11.430821187584682,12.183293342590332,14700,0.0,0.0
2009-11-19 00:00:00-05:00,11.988834820532064,12.132565623797424,11.82819413156126,11.895832061767578,11700,0.0,0.0
2009-11-20 00:00:00-05:00,11.929654654420672,12.377757086180452,11.88738153991818,12.132569313049316,9800,0.0,0.0
2009-11-23 00:00:00-05:00,12.479211384464504,12.68212519405552,12.411573447934167,12.656761169433594,13800,0.0,0.0
2009-11-24 00:00:00-05:00,12.724397992887376,12.783580980597392,12.284750637590864,12.732852935791016,12300,0.0,0.0
2009-11-25 00:00:00-05:00,12.792036763039144,12.885038722159685,12.589122957880988,12.597577095031738,4200,0.0,0.0
2009-11-27 00:00:00-05:00,12.276296014050207,12.276296014050207,11.887377525294431,12.073381423950195,8200,0.0,0.0
2009-11-30 00:00:00-05:00,12.039560756867894,12.479208032533073,11.667552205873012,12.293203353881836,21000,0.0,0.0
2009-12-01 00:00:00-05:00,12.53839583363964,12.749764611423597,12.53839583363964,12.67367172241211,16900,0.0,0.0
2009-12-02 00:00:00-05:00,12.673668143686402,13.443050148556576,12.631394238805122,13.409231185913086,17800,0.0,0.0
2009-12-03 00:00:00-05:00,13.51914234493367,13.738965994357217,13.18095273528793,13.468414306640625,18000,0.0,0.0
2009-12-04 00:00:00-05:00,13.76433259719285,13.975701332092285,13.42614213756911,13.975701332092285,22200,0.0,0.0
2009-12-07 00:00:00-05:00,13.967247533590962,14.001065695385723,13.68824084516787,13.764333724975586,29100,0.0,0.0
2009-12-08 00:00:00-05:00,13.586783773847431,13.71360470862236,13.189411081521808,13.299322128295898,20900,0.0,0.0
2009-12-09 00:00:00-05:00,13.214770991437911,13.544506447986672,12.876580593522048,13.36695671081543,10600,0.0,0.0
2009-12-10 00:00:00-05:00,13.536054098426408,13.755877778216174,13.164044670119463,13.4430513381958,9600,0.0,0.0
2009-12-11 00:00:00-05:00,13.510689237195033,13.620601883135105,12.885037971264282,13.358504295349121,5600,0.0,0.0
2009-12-14 00:00:00-05:00,13.062586739214476,14.043338277648989,12.978039734970112,13.679783821105957,14400,0.0,0.0
2009-12-15 00:00:00-05:00,13.595236458497823,13.941881041828825,13.020313262939453,13.020313262939453,32000,0.0,0.0
2009-12-16 00:00:00-05:00,13.26550385398315,13.916519256292863,12.76667422642724,12.775128364562988,14800,0.0,0.0
2009-12-17 00:00:00-05:00,12.707489001573162,13.130226500819315,12.267842421637216,12.327025413513184,10900,0.0,0.0
2009-12-18 00:00:00-05:00,12.453846192478071,12.453846192478071,11.583007180166112,12.10720157623291,80400,0.0,0.0
2009-12-21 00:00:00-05:00,12.17483883358053,12.60603124720639,12.022653892418495,12.16638469696045,11600,0.0,0.0
2009-12-22 00:00:00-05:00,11.904288119238272,12.174839865395748,11.819740295410156,11.819740295410156,17000,0.0,0.0
2009-12-23 00:00:00-05:00,11.963467889104937,12.124108549839258,11.769009075519545,12.022651672363281,12800,0.0,0.0
2009-12-24 00:00:00-05:00,11.99729019585681,12.090292964224293,11.95501708984375,11.95501708984375,600,0.0,0.0
2009-12-28 00:00:00-05:00,11.971928091995647,12.124113878247302,11.971928091995647,12.039566040039062,8900,0.0,0.0
2009-12-29 00:00:00-05:00,12.124112750692579,12.141021832976898,12.02265583806305,12.115657806396484,6500,0.0,0.0
2009-12-30 00:00:00-05:00,12.064930650332746,12.335482437461902,11.819742085362039,12.250934600830078,24600,0.0,0.0
2009-12-31 00:00:00-05:00,12.276294992677416,12.41157083728417,12.191747186644378,12.259385108947754,12200,0.0,0.0
2010-01-04 00:00:00-05:00,12.411572376671813,12.470755364450731,12.022653872036633,12.301660537719727,6800,0.0,0.0
2010-01-05 00:00:00-05:00,12.293204377483237,12.293204377483237,11.802829025368412,11.836647987365723,12000,0.0,0.0
2010-01-06 00:00:00-05:00,11.726739199896109,11.980381883796177,11.625282287597656,11.625282287597656,18500,0.0,0.0
2010-01-07 00:00:00-05:00,11.769012382256182,11.78592146343266,11.523824657888671,11.659100532531738,10800,0.0,0.0
2010-01-08 00:00:00-05:00,11.625282059090662,11.692919999293471,11.498461122787358,11.591463088989258,12800,0.0,0.0
2010-01-11 00:00:00-05:00,11.659099467835286,11.659099467835286,11.4223667088281,11.464640617370605,5300,0.0,0.0
2010-01-12 00:00:00-05:00,11.413912876082733,11.616826689254772,11.312455969496714,11.388548851013184,22500,0.0,0.0
2010-01-13 00:00:00-05:00,11.490007867354992,11.490007867354992,11.363186106105028,11.397005081176758,157200,0.0,0.0
2010-01-14 00:00:00-05:00,11.430825594112434,11.6675584347651,11.278639793395996,11.278639793395996,90600,0.0,0.0
2010-01-15 00:00:00-05:00,11.405458812851025,11.413913757296248,11.008086099620163,11.03345012664795,33000,0.0,0.0
2010-01-19 00:00:00-05:00,11.101085842769903,11.6083703131062,11.075721820830019,11.540732383728027,27300,0.0,0.0
2010-01-20 00:00:00-05:00,11.456183672478387,11.667552371947332,11.33781691050504,11.490002632141113,18900,0.0,0.0
2010-01-21 00:00:00-05:00,11.532282122598104,11.583010183524546,11.329367459968362,11.405460357666016,23300,0.0,0.0
2010-01-22 00:00:00-05:00,11.549187326477227,11.692918127982775,11.354728481091911,11.540732383728027,20800,0.0,0.0
2010-01-25 00:00:00-05:00,11.650643215822715,11.650643215822715,11.337817617849018,11.456184387207031,13600,0.0,0.0
2010-01-26 00:00:00-05:00,11.371641111558572,11.65910280434174,11.26172924041748,11.26172924041748,15400,0.0,0.0
2010-01-27 00:00:00-05:00,11.253270616571278,11.456184387207031,11.253270616571278,11.456184387207031,11600,0.0,0.0
2010-01-28 00:00:00-05:00,11.532276674632449,11.532276674632449,11.134903288994616,11.14335823059082,20300,0.0,0.0
2010-01-29 00:00:00-05:00,11.413911605578091,11.413911605578091,11.151814021341268,11.244816780090332,15900,0.0,0.0
2010-02-01 00:00:00-05:00,11.278636759352256,11.337819752017717,11.084177087824905,11.19408893585205,16300,0.0,0.0
2010-02-02 00:00:00-05:00,11.16872462449182,11.329364517447319,11.117995770432945,11.21099853515625,20900,0.0,0.0
2010-02-03 00:00:00-05:00,11.168723807890814,11.363182653898447,10.16260900043988,10.187973022460938,78500,0.0,0.0
2010-02-04 00:00:00-05:00,10.187971736120856,10.196426677829589,9.350951858339187,9.427043914794922,48500,0.0,0.0
2010-02-05 00:00:00-05:00,9.435504668432529,9.435504668432529,8.632303256435215,9.291773796081543,73100,0.0,0.0
2010-02-08 00:00:00-05:00,9.308676241490947,9.722958633218642,9.308676241490947,9.562318801879883,24000,0.0,0.0
2010-02-09 00:00:00-05:00,9.765235347941184,9.925875225673943,9.418590764695987,9.587685585021973,35900,0.0,0.0
2010-02-10 00:00:00-05:00,9.502692814334605,9.86818043831882,9.502692814334605,9.706686019897461,10000,0.06,0.0
2010-02-11 00:00:00-05:00,9.63868471751884,9.953174329021023,9.63868471751884,9.825678825378418,30500,0.0,0.0
2010-02-12 00:00:00-05:00,9.715182496140347,10.13166867920058,9.647184785052826,10.114668846130371,18700,0.0,0.0
2010-02-16 00:00:00-05:00,10.1741641772786,10.624649070918558,9.740678300641989,10.361157417297363,50400,0.0,0.0
2010-02-17 00:00:00-05:00,10.446160440604952,10.446160440604952,10.046673197989058,10.174169540405273,50300,0.0,0.0
2010-02-18 00:00:00-05:00,10.080671521445177,10.157169160684795,10.021173717857378,10.148669242858887,10400,0.0,0.0
2010-02-19 00:00:00-05:00,10.14016951291584,10.335662747325697,9.944675467909251,10.106170654296875,12700,0.0,0.0
2010-02-22 00:00:00-05:00,9.902173873552204,10.463156096989051,9.842676090552924,10.378158569335938,17400,0.0,0.0
2010-02-23 00:00:00-05:00,10.378162715555032,10.378162715555032,10.02967417202499,10.174169540405273,9500,0.0,0.0
2010-02-24 00:00:00-05:00,10.19116818400384,10.19116818400384,9.902177458086003,10.046672821044922,7000,0.0,0.0
2010-02-25 00:00:00-05:00,9.868175385025062,10.046669551138532,9.859676280426537,10.021170616149902,3700,0.0,0.0
2010-02-26 00:00:00-05:00,10.063670960403105,10.089169899392227,9.604686005615642,9.621685028076172,39000,0.0,0.0
2010-03-01 00:00:00-05:00,9.749182211586191,9.978674304099185,9.749182211586191,9.94467544555664,13100,0.0,0.0
2010-03-02 00:00:00-05:00,9.944672181903714,10.242162704467773,9.944672181903714,10.242162704467773,9400,0.0,0.0
2010-03-03 00:00:00-05:00,10.267664705577594,10.837146177394285,10.267664705577594,10.752148628234863,58800,0.0,0.0
2010-03-04 00:00:00-05:00,10.820144348651379,11.01563835144043,10.752146646097765,11.01563835144043,22800,0.0,0.0
2010-03-05 00:00:00-05:00,11.049638281338979,11.262131325210882,10.837145237467075,11.245131492614746,28800,0.0,0.0
2010-03-08 00:00:00-05:00,11.20263447864634,11.355628931952417,10.91364378487296,11.296131134033203,9200,0.0,0.0
2010-03-09 00:00:00-05:00,11.066638192906598,11.534122244283443,10.922142857194856,11.466124534606934,5500,0.0,0.0
2010-03-10 00:00:00-05:00,11.432129122231382,11.729619799594504,11.279134634687587,11.72111988067627,14400,0.0,0.0
2010-03-11 00:00:00-05:00,11.602121723794108,11.746617081547752,11.109137848139357,11.568122863769531,44800,0.0,0.0
2010-03-12 00:00:00-05:00,11.559622883529004,11.568121989945578,11.262132272837999,11.347129821777344,8300,0.0,0.0
2010-03-15 00:00:00-04:00,11.321627959259942,11.321627959259942,10.743647490294231,10.905141830444336,14700,0.0,0.0
2010-03-16 00:00:00-04:00,11.22813294498631,11.22813294498631,10.81164675594468,11.049638748168945,11400,0.0,0.0
2010-03-17 00:00:00-04:00,11.287631373363208,11.287631373363208,11.049639367793203,11.143136024475098,3200,0.0,0.0
2010-03-18 00:00:00-04:00,11.100637803686746,11.313130863545554,11.058139029595646,11.066638946533203,6500,0.0,0.0
2010-03-19 00:00:00-04:00,11.185634276954556,11.823113441467285,10.99864016173042,11.823113441467285,66700,0.0,0.0
2010-03-22 00:00:00-04:00,11.670118214853474,12.001607673131247,11.075137821782867,11.98460865020752,17100,0.0,0.0
2010-03-23 00:00:00-04:00,11.97610794781379,12.528589531437236,11.483124156415343,12.375595092773438,14900,0.0,0.0
2010-03-24 00:00:00-04:00,12.282101580669957,12.282101580669957,11.959111956598335,12.05260944366455,9900,0.0,0.0
2010-03-25 00:00:00-04:00,12.14610452958162,12.38409655435431,11.772117062081684,11.797616004943848,13300,0.0,0.0
2010-03-26 00:00:00-04:00,11.899608835910486,11.899608835910486,11.304628556234267,11.313128471374512,10700,0.0,0.0
2010-03-29 00:00:00-04:00,11.398127006535004,11.559622177537273,11.313130273383448,11.474624633789062,3200,0.0,0.0
2010-03-30 00:00:00-04:00,11.304631747924898,11.729617897767211,11.27913280590145,11.670119285583496,10400,0.0,0.0
2010-03-31 00:00:00-04:00,11.525622112162079,12.231098895180478,11.525622112162079,12.112102508544922,43000,0.0,0.0
2010-04-01 00:00:00-04:00,12.137604377128772,12.231101850143933,11.517124979031045,11.568122863769531,10600,0.0,0.0
2010-04-05 00:00:00-04:00,11.780611408332069,12.171598553459212,11.321626569321637,12.069602012634277,21300,0.0,0.0
2010-04-06 00:00:00-04:00,11.959108312899657,12.129103397372567,11.814612977455663,11.95060920715332,10000,0.0,0.0
2010-04-07 00:00:00-04:00,11.899610598598487,12.248099065004837,11.695617468594278,12.120603561401367,17600,0.0,0.0
2010-04-08 00:00:00-04:00,12.112104994422168,12.231101405480437,12.112104994422168,12.197102546691895,14600,0.0,0.0
2010-04-09 00:00:00-04:00,12.197100820902888,12.197100820902888,12.069604510537973,12.15460205078125,19400,0.0,0.0
2010-04-12 00:00:00-04:00,12.214099063976871,12.24809791578752,12.035604889321819,12.112102508544922,21200,0.0,0.0
2010-04-13 00:00:00-04:00,12.112103684211469,12.282097959765283,12.001607202452329,12.231100082397461,15100,0.0,0.0
2010-04-14 00:00:00-04:00,12.273598557771708,12.503091447335763,12.214100761483255,12.486091613769531,9500,0.0,0.0
2010-04-15 00:00:00-04:00,12.341595739768666,12.511590003967285,12.239598370652903,12.511590003967285,11300,0.0,0.0
2010-04-16 00:00:00-04:00,12.494590309890667,12.52008924715221,12.324596043819374,12.40959358215332,16100,0.0,0.0
2010-04-19 00:00:00-04:00,12.324596405029297,12.375595091643657,12.282097634616767,12.324596405029297,5500,0.0,0.0
2010-04-20 00:00:00-04:00,12.42659341446432,12.460592269897461,12.350095787090591,12.460592269897461,3400,0.0,0.0
2010-04-21 00:00:00-04:00,12.256596626075149,12.435090783177078,12.248096711309227,12.367093086242676,27000,0.0,0.0
2010-04-22 00:00:00-04:00,12.324595723450845,12.46059113277278,12.324595723450845,12.452091217041016,4300,0.0,0.0
2010-04-23 00:00:00-04:00,12.44359518182958,12.562590789045048,12.307598928359816,12.520092010498047,8000,0.0,0.0
2010-04-26 00:00:00-04:00,12.537088577734341,12.579587345201908,12.307595719767429,12.545588493347168,10600,0.0,0.0
2010-04-27 00:00:00-04:00,12.443591501942267,12.537088138618907,12.02710456806359,12.086603164672852,9000,0.0,0.0
2010-04-28 00:00:00-04:00,11.916609667697436,12.248098280061006,11.899609835988233,12.027105331420898,15500,0.0,0.0
2010-04-29 00:00:00-04:00,12.061104676948915,12.367095175441825,11.899610322097251,12.324596405029297,16400,0.0,0.0
2010-04-30 00:00:00-04:00,12.29059719227484,12.571087933979726,11.88261014305171,11.976107597351074,39200,0.0,0.0
2010-05-03 00:00:00-04:00,12.027108256304189,12.027108256304189,11.262133476480104,11.585123062133789,15500,0.0,0.0
2010-05-04 00:00:00-04:00,11.37262843773244,11.37262843773244,10.45465850200486,10.94764232635498,32100,0.0,0.0
2010-05-05 00:00:00-04:00,10.879646493308089,10.947644218030273,10.62465462030149,10.83714771270752,20000,0.0,0.0
2010-05-06 00:00:00-04:00,10.871141966304826,10.888141795576793,10.709647641203519,10.794644355773926,25100,0.0,0.0
2010-05-07 00:00:00-04:00,10.871145430250847,10.998640948029449,10.66715227756639,10.879645347595215,23000,0.0,0.0
2010-05-10 00:00:00-04:00,11.066635900926455,11.100634748723303,10.794644307955199,11.058135986328125,28400,0.0,0.0
2010-05-11 00:00:00-04:00,10.905140478379055,11.21113010048184,10.837142784578434,11.202630996704102,14900,0.0,0.0
2010-05-12 00:00:00-04:00,10.854145628289013,11.874112129211426,10.701150369441814,11.874112129211426,20600,0.0,0.0
2010-05-13 00:00:00-04:00,11.720453830894908,11.76313591003418,11.515580827937937,11.76313591003418,13200,0.06,0.0
2010-05-14 00:00:00-04:00,11.618016190738599,11.737525837796873,11.396070866334474,11.532652854919434,12000,0.0,0.0
2010-05-17 00:00:00-04:00,11.51558406409694,11.711921357675964,11.404610952785868,11.575339317321777,13500,0.0,0.0
2010-05-18 00:00:00-04:00,11.771677428027441,11.788750592484158,11.319249153137207,11.319249153137207,12100,0.0,0.0
2010-05-19 00:00:00-04:00,11.165590979141527,11.643628874405984,10.883890352785123,11.054617881774902,18900,0.0,0.0
2010-05-20 00:00:00-04:00,11.097300334314998,11.097300334314998,10.883890712501248,10.926572799682617,22000,0.0,0.0
2010-05-21 00:00:00-04:00,10.755844563405002,11.029008600997267,10.755844563405002,10.918035507202148,23200,0.0,0.0
2010-05-24 00:00:00-04:00,10.969255682452262,11.054619048913215,10.798527321344038,10.841209411621094,15900,0.0,0.0
2010-05-25 00:00:00-04:00,10.61926418881485,10.670482864766754,10.363173251335036,10.576582908630371,24500,0.0,0.0
2010-05-26 00:00:00-04:00,10.60219066418751,10.73877269945995,10.60219066418751,10.67048168182373,13000,0.0,0.0
2010-05-27 00:00:00-04:00,10.86681930295997,11.182666310538615,10.704628322448682,11.165593147277832,12600,0.0,0.0
2010-05-28 00:00:00-04:00,11.097302024923732,11.41314821563422,10.883892370598275,10.935111045837402,22600,0.0,0.0
2010-06-01 00:00:00-04:00,10.969255682452262,10.986328030107188,10.798527321344038,10.841209411621094,21200,0.0,0.0
2010-06-02 00:00:00-04:00,10.883890132877202,11.524118964222918,10.73023495284445,11.447291374206543,9100,0.0,0.0
2010-06-03 00:00:00-04:00,11.353392448093924,11.669238601948,11.285101431806185,11.387537956237793,13100,0.0,0.0
2010-06-04 00:00:00-04:00,11.19973766739931,11.19973766739931,10.841209411621094,10.841209411621094,18600,0.0,0.0
2010-06-07 00:00:00-04:00,10.866817933063022,10.986327618543138,10.62779937619592,10.764381408691406,24600,0.0,0.0
2010-06-08 00:00:00-04:00,10.926575195123043,10.926575195123043,10.542437954462248,10.704628944396973,37600,0.0,0.0
2010-06-09 00:00:00-04:00,10.832671165466309,10.841207745028044,10.619261560981139,10.832671165466309,8200,0.0,0.0
2010-06-10 00:00:00-04:00,11.011937523505356,11.02901068612923,10.67048241195992,11.003401756286621,20300,0.0,0.0
2010-06-11 00:00:00-04:00,11.097299896899484,11.182664067897477,10.815599272336405,11.148518562316895,11500,0.0,0.0
2010-06-14 00:00:00-04:00,11.259490400523921,11.73752827387921,10.46560722358299,10.952180862426758,21900,0.0,0.0
2010-06-15 00:00:00-04:00,11.09729977950616,11.344854895869883,10.88389016836181,11.268027305603027,20600,0.0,0.0
2010-06-16 00:00:00-04:00,11.268027715471298,11.353391888671338,11.199736702548504,11.344855308532715,6600,0.0,0.0
2010-06-17 00:00:00-04:00,11.430218548146353,11.541191638605214,11.225344712018368,11.464364051818848,14700,0.0,0.0
2010-06-18 00:00:00-04:00,11.54972926695543,11.67777553695125,11.507047176956823,11.643630027770996,37900,0.0,0.0
2010-06-21 00:00:00-04:00,11.746067928098592,11.746067928098592,11.43875749546715,11.481439590454102,11000,0.0,0.0
2010-06-22 00:00:00-04:00,11.558267198611961,11.822895536256453,11.455830659099231,11.481439590454102,12600,0.0,0.0
2010-06-23 00:00:00-04:00,11.524120731939064,11.72045721290367,11.447293130137895,11.600948333740234,11600,0.0,0.0
2010-06-24 00:00:00-04:00,10.969253101605124,11.575336361479133,10.960716522739569,11.07168960571289,43800,0.0,0.0
2010-06-25 00:00:00-04:00,11.250954060824052,11.52411808074681,10.354633602836255,10.465606689453125,1354000,0.0,0.0
2010-06-28 00:00:00-04:00,10.414388773547513,10.49975294292544,10.218052323708553,10.294879913330078,68600,0.0,0.0
2010-06-29 00:00:00-04:00,10.252196844945248,10.260733423882568,10.030250677132761,10.175369262695312,28100,0.0,0.0
2010-06-30 00:00:00-04:00,10.243660507953692,10.243660507953692,10.072932995639729,10.16683292388916,24900,0.0,0.0
2010-07-01 00:00:00-04:00,10.081471125283024,10.329026259734862,9.987570368498904,10.030252456665039,11900,0.0,0.0
2010-07-02 00:00:00-04:00,10.047323466746992,10.107077888932132,9.987568230468906,10.038786888122559,8400,0.0,0.0
2010-07-06 00:00:00-04:00,10.03025380704527,10.107081413269043,10.03025380704527,10.107081413269043,10300,0.0,0.0
2010-07-07 00:00:00-04:00,10.098546417962687,10.098546417962687,9.441244999196607,9.586362838745117,74000,0.0,0.0
2010-07-08 00:00:00-04:00,9.560750362101041,9.740014467007008,9.407095996533824,9.697332382202148,9600,0.0,0.0
2010-07-09 00:00:00-04:00,9.791233940401211,9.791233940401211,9.48392355569514,9.731478691101074,17700,0.0,0.0
2010-07-12 00:00:00-04:00,9.56928577834559,9.84244978533363,9.407094852719679,9.526603698730469,29000,0.0,0.0
2010-07-13 00:00:00-04:00,9.60343434735082,10.166835698807153,9.60343434735082,10.141226768493652,23400,0.0,0.0
2010-07-14 00:00:00-04:00,10.072935675360338,10.28634532604978,9.88513495480753,10.200981140136719,12600,0.0,0.0
2010-07-15 00:00:00-04:00,10.149761458445349,10.226588235068357,9.799769010284006,9.842451095581055,15700,0.0,0.0
2010-07-16 00:00:00-04:00,9.552214079532353,10.15829742315869,9.552214079532353,9.62904167175293,7200,0.0,0.0
2010-07-19 00:00:00-04:00,9.526608284348157,9.748554553905901,9.526608284348157,9.68026351928711,11300,0.0,0.0
2010-07-20 00:00:00-04:00,9.432703953953421,9.740013467649955,9.432703953953421,9.611968040466309,7400,0.0,0.0
2010-07-21 00:00:00-04:00,9.697335077179249,9.7144082414832,9.407098610851587,9.441244125366211,10100,0.0,0.0
2010-07-22 00:00:00-04:00,9.680259191371885,9.927814284709747,9.432704098034023,9.5778226852417,17800,0.0,0.0
2010-07-23 00:00:00-04:00,9.441242548271031,9.560751422062431,9.432705967545033,9.458314895629883,4300,0.0,0.0
2010-07-26 00:00:00-04:00,9.458312876571556,9.688795622413686,9.458312876571556,9.611968040466309,9400,0.0,0.0
2010-07-27 00:00:00-04:00,9.637577530264142,9.791232703201635,9.347340343201335,9.355876922607422,12600,0.0,0.0
2010-07-28 00:00:00-04:00,9.646114937002412,9.646114937002412,9.321732218586476,9.390023231506348,6700,0.0,0.0
2010-07-29 00:00:00-04:00,9.816842469302092,9.816842469302092,9.31319563844822,9.390023231506348,8300,0.0,0.0
2010-07-30 00:00:00-04:00,9.65465493685879,9.996110122402968,9.168080279841616,9.407099723815918,32500,0.0,0.0
2010-08-02 00:00:00-04:00,9.526607278333492,10.038790797980926,9.133933463695328,9.415634155273438,15300,0.0,0.0
2010-08-03 00:00:00-04:00,9.603431279219095,9.808304284460124,9.424167196109952,9.526603698730469,19400,0.0,0.0
2010-08-04 00:00:00-04:00,9.64611517777939,9.842451641301508,9.381486885539674,9.765624046325684,4800,0.0,0.0
2010-08-05 00:00:00-04:00,9.372949003080665,9.893668934869366,9.372949003080665,9.54367733001709,13600,0.0,0.0
2010-08-06 00:00:00-04:00,9.620507890434721,9.774162292480469,9.577825795496862,9.774162292480469,4100,0.0,0.0
2010-08-09 00:00:00-04:00,10.072932303926617,10.072932303926617,9.833913803100586,9.833913803100586,900,0.0,0.0
2010-08-10 00:00:00-04:00,9.509533033993268,9.859524683251577,9.48392329324771,9.654651641845703,3200,0.0,0.0
2010-08-11 00:00:00-04:00,9.509534928528316,9.518070696384273,9.355879709815433,9.415634155273438,5900,0.0,0.0
2010-08-12 00:00:00-04:00,9.32121470267826,9.484293508162907,8.83197992331518,9.072305679321289,28300,0.06,0.0
2010-08-13 00:00:00-04:00,9.269719468259643,9.312634999119473,9.063725902387258,9.11522388458252,8000,0.0,0.0
2010-08-16 00:00:00-04:00,8.977895534997083,9.613042821497244,8.960728993907262,8.986478805541992,25800,0.0,0.0
2010-08-17 00:00:00-04:00,9.10664230173297,9.10664230173297,8.84915070596427,9.055144309997559,5900,0.0,0.0
2010-08-18 00:00:00-04:00,8.934982107074648,9.261139097755102,8.763320748439126,9.046562194824219,5000,0.0,0.0
2010-08-19 00:00:00-04:00,9.33838550795868,9.33838550795868,8.402830221053009,8.780485153198242,6000,0.0,0.0
2010-08-20 00:00:00-04:00,8.934982096094634,8.960731095221838,8.934982096094634,8.943565368652344,2700,0.0,0.0
2010-08-23 00:00:00-04:00,8.883483318809771,9.261138274225658,8.651739891349726,8.763319969177246,10300,0.0,0.0
2010-08-24 00:00:00-04:00,8.668905024634974,8.686070746906479,8.359913838290662,8.394246101379395,10400,0.0,0.0
2010-08-25 00:00:00-04:00,8.43716120231054,8.43716120231054,8.111004310416513,8.342747688293457,4200,0.0,0.0
2010-08-26 00:00:00-04:00,8.385664304069502,8.385664304069502,7.98225956737937,8.059507369995117,14200,0.0,0.0
2010-08-27 00:00:00-04:00,8.308416154045256,8.308416154045256,8.059507032994517,8.068089485168457,4300,0.0,0.0
2010-08-30 00:00:00-04:00,8.136754354065081,8.153920896222262,7.922177488375022,8.059507369995117,22900,0.0,0.0
2010-08-31 00:00:00-04:00,8.11958796052795,8.29124927520752,7.896427842171652,8.29124927520752,12400,0.0,0.0
2010-09-01 00:00:00-04:00,8.540159450525458,8.97789647142466,8.325582575795945,8.917815208435059,31700,0.0,0.0
2010-09-02 00:00:00-04:00,8.668907363324356,8.874900997429513,8.46291291067326,8.591659545898438,7900,0.0,0.0
2010-09-03 00:00:00-04:00,8.617407020098462,8.617407020098462,8.16250428733856,8.505826950073242,5700,0.0,0.0
2010-09-07 00:00:00-04:00,8.540159919459173,8.746153534059463,8.239752769470215,8.239752769470215,10700,0.0,0.0
2010-09-08 00:00:00-04:00,8.36849685480591,8.58307369723683,8.26550006866455,8.26550006866455,2500,0.0,0.0
2010-09-09 00:00:00-04:00,8.26550313231526,8.411415504735103,8.153923034667969,8.153923034667969,10100,0.0,0.0
2010-09-10 00:00:00-04:00,8.411414114970457,8.488661925082031,8.153921687447163,8.239752769470215,2400,0.0,0.0
2010-09-13 00:00:00-04:00,8.445745073182557,8.445745073182557,8.068089353153175,8.282666206359863,7000,0.0,0.0
2010-09-14 00:00:00-04:00,8.3599131841637,8.3599131841637,8.085255100944647,8.13675308227539,12000,0.0,0.0
2010-09-15 00:00:00-04:00,8.145338415535686,8.316999761035927,8.085257149247067,8.239752769470215,18300,0.0,0.0
2010-09-16 00:00:00-04:00,8.239752769470215,8.299834035758835,8.111006146435637,8.239752769470215,8600,0.0,0.0
2010-09-17 00:00:00-04:00,8.325581148356346,8.351330139716335,8.196835373010718,8.342747688293457,6600,0.0,0.0
2010-09-20 00:00:00-04:00,8.34274713572394,8.419994923233194,8.23975035856014,8.325580596923828,7100,0.0,0.0
2010-09-21 00:00:00-04:00,8.38566381621932,8.38566381621932,8.282666206359863,8.282666206359863,3800,0.0,0.0
2010-09-22 00:00:00-04:00,8.214002791237624,8.308417143304348,8.068090445812548,8.102422714233398,7700,0.0,0.0
2010-09-23 00:00:00-04:00,8.093838691711426,8.205418747081232,8.093838691711426,8.093838691711426,11300,0.0,0.0
2010-09-24 00:00:00-04:00,8.153919827913022,8.308415412902832,8.128170836596611,8.308415412902832,4400,0.0,0.0
2010-09-27 00:00:00-04:00,8.119588290940841,8.15392055527385,7.947926969275805,8.068089485168457,13200,0.0,0.0
2010-09-28 00:00:00-04:00,8.068089485168457,8.068089485168457,7.939343698556117,8.068089485168457,8300,0.0,0.0
2010-09-29 00:00:00-04:00,8.025178354196612,8.111008644104004,7.990846074524432,8.111008644104004,4000,0.0,0.0
2010-09-30 00:00:00-04:00,8.15391962174941,8.15391962174941,8.025173849876891,8.13675308227539,12600,0.0,0.0
2010-10-01 00:00:00-04:00,8.153920051379082,8.368496894836426,8.04233999455578,8.368496894836426,7500,0.0,0.0
2010-10-04 00:00:00-04:00,8.291248337869229,8.359912855978427,8.196834830105486,8.325580596923828,8500,0.0,0.0
2010-10-05 00:00:00-04:00,8.368495227160956,8.480075261748567,8.239749474161309,8.428576469421387,16900,0.0,0.0
2010-10-06 00:00:00-04:00,8.437161419259121,8.437161419259121,8.14533678118982,8.368496894836426,6700,0.0,0.0
2010-10-07 00:00:00-04:00,8.325580596923828,8.411411653833138,8.282665068469173,8.325580596923828,6100,0.0,0.0
2010-10-08 00:00:00-04:00,8.41141221095055,8.48007673360764,8.188252103042162,8.342747688293457,31200,0.0,0.0
2010-10-11 00:00:00-04:00,8.359917640686035,8.359917640686035,8.32558536198173,8.359917640686035,1600,0.0,0.0
2010-10-12 00:00:00-04:00,8.28266376659852,8.411410331726074,8.28266376659852,8.411410331726074,3400,0.0,0.0
2010-10-13 00:00:00-04:00,8.47149370793628,8.480076978152358,8.222584601489972,8.437161445617676,6600,0.0,0.0
2010-10-14 00:00:00-04:00,8.35991512469222,8.454329476623753,8.291250587948838,8.385664939880371,3700,0.0,0.0
2010-10-15 00:00:00-04:00,8.411414121365441,8.411414121365441,8.23975277573469,8.27408504486084,4000,0.0,0.0
2010-10-18 00:00:00-04:00,8.35991473659937,8.35991473659937,7.98225980204267,8.188253402709961,4900,0.0,0.0
2010-10-19 00:00:00-04:00,8.15391962174941,8.162502891486419,8.085255100944647,8.13675308227539,31800,0.0,0.0
2010-10-20 00:00:00-04:00,8.437161309352613,8.437161309352613,7.965092096186715,8.093838691711426,16700,0.0,0.0
2010-10-21 00:00:00-04:00,8.050924117977729,8.16250418662623,8.050924117977729,8.128171920776367,3700,0.0,0.0
2010-10-22 00:00:00-04:00,8.068089271557074,8.171086880374872,7.956510029338293,8.042340278625488,3500,0.0,0.0
2010-10-25 00:00:00-04:00,8.050923372909192,8.119587898254395,7.939343314586812,8.119587898254395,5700,0.0,0.0
2010-10-26 00:00:00-04:00,8.025175094604492,8.08525635499102,7.956510563149663,8.025175094604492,5400,0.0,0.0
2010-10-27 00:00:00-04:00,8.033757792936589,8.196836674040883,8.025175340151474,8.188253402709961,11500,0.0,0.0
2010-10-28 00:00:00-04:00,8.196836480978996,8.239752018077,8.15392094388099,8.231168746948242,5900,0.0,0.0
2010-10-29 00:00:00-04:00,8.248336172825804,8.28266844588002,8.033759261600455,8.171089172363281,18000,0.0,0.0
2010-11-01 00:00:00-04:00,8.153918445754549,8.462908744812012,8.153918445754549,8.462908744812012,12800,0.0,0.0
2010-11-02 00:00:00-04:00,8.46291192980729,8.591658550110516,8.222586051205456,8.385664939880371,6100,0.0,0.0
2010-11-03 00:00:00-04:00,8.428579840247549,8.428579840247549,8.033758336324063,8.239752769470215,4200,0.0,0.0
2010-11-04 00:00:00-04:00,8.368496894836426,8.419995697426296,8.050923264745041,8.368496894836426,14700,0.0,0.0
2010-11-05 00:00:00-04:00,8.368498318533604,9.106642490927758,8.368498318533604,8.977896690368652,24800,0.0,0.0
2010-11-08 00:00:00-05:00,8.840567618160051,8.977896690368652,8.668906277899298,8.977896690368652,12800,0.0,0.0
2010-11-09 00:00:00-05:00,8.94356288379095,9.012227408083167,8.72898604074135,8.857731819152832,7700,0.0,0.0
2010-11-10 00:00:00-05:00,8.797297408824306,9.10809550176219,8.633265722365607,9.064929008483887,10500,0.06,0.0
2010-11-11 00:00:00-05:00,8.987228393554688,8.987228393554688,8.987228393554688,8.987228393554688,200,0.0,0.0
2010-11-12 00:00:00-05:00,8.693701771888978,8.978599588015141,8.693701771888978,8.909533500671387,3500,0.0,0.0
2010-11-15 00:00:00-05:00,8.909531741862345,8.969965173857643,8.89226563510122,8.91816520690918,2100,0.0,0.0
2010-11-16 00:00:00-05:00,8.84910040750771,8.918166491163108,8.719601706487003,8.86636734008789,4900,0.0,0.0
2010-11-17 00:00:00-05:00,8.84909936322885,8.84909936322885,8.400169049114194,8.719600677490234,6500,0.0,0.0
2010-11-18 00:00:00-05:00,8.814566673368391,8.840466246871802,8.581468041839903,8.676434516906738,7800,0.0,0.0
2010-11-19 00:00:00-05:00,8.676435432728567,8.780034561009984,8.641902389968095,8.745501518249512,4400,0.0,0.0
2010-11-22 00:00:00-05:00,8.71960040600843,8.71960040600843,8.486501790937291,8.633267402648926,1400,0.0,0.0
2010-11-23 00:00:00-05:00,8.546937440536801,8.59010395757645,8.495138278755492,8.581470489501953,1600,0.0,0.0
2010-11-24 00:00:00-05:00,8.624632515708011,8.624632515708011,8.460600824367814,8.598732948303223,3000,0.0,0.0
2010-11-26 00:00:00-05:00,8.59010124206543,8.59010124206543,8.59010124206543,8.59010124206543,100,0.0,0.0
2010-11-29 00:00:00-05:00,8.512401388142898,8.590100926732983,8.374269241019428,8.564201354980469,4700,0.0,0.0
2010-11-30 00:00:00-05:00,8.564200438307676,8.615999576268363,8.2879361736308,8.426068305969238,6100,0.0,0.0
2010-12-01 00:00:00-05:00,8.503767738902894,8.503767738902894,8.072104418620157,8.210236549377441,15600,0.0,0.0
2010-12-02 00:00:00-05:00,8.201604499585127,8.495135739724544,8.037572771859761,8.244771003723145,10300,0.0,0.0
2010-12-03 00:00:00-05:00,8.357003585148956,8.357003585148956,8.028939306365642,8.244771003723145,17600,0.0,0.0
2010-12-06 00:00:00-05:00,8.296570795809728,8.30520426197586,8.149805164316103,8.2188720703125,3500,0.0,0.0
2010-12-07 00:00:00-05:00,8.227502822875977,8.313835818036967,8.123903722682263,8.227502822875977,11700,0.0,0.0
2010-12-08 00:00:00-05:00,8.184337421435984,8.322470396860417,8.115271345390054,8.236137390136719,13300,0.0,0.0
2010-12-09 00:00:00-05:00,8.175704779429672,8.313836931521534,8.175704779429672,8.236137390136719,13700,0.0,0.0
2010-12-10 00:00:00-05:00,8.305201049479301,8.44333316137655,8.167068937582052,8.339734077453613,11600,0.0,0.0
2010-12-13 00:00:00-05:00,8.477868457308682,8.495135387581168,8.210237624745554,8.28793716430664,11800,0.0,0.0
2010-12-14 00:00:00-05:00,8.26203657066351,8.426069110986225,8.23613699920875,8.417435646057129,3300,0.0,0.0
2010-12-15 00:00:00-05:00,8.331103890317614,8.331103890317614,8.115272174782623,8.158438682556152,2100,0.0,0.0
2010-12-16 00:00:00-05:00,8.210237823531555,8.667800783507774,8.158437854792467,8.59010124206543,32700,0.0,0.0
2010-12-17 00:00:00-05:00,8.538300927104924,8.71959955785906,8.296568870544434,8.296568870544434,19200,0.0,0.0
2010-12-20 00:00:00-05:00,8.400170364887662,8.521036427619624,8.15843906275643,8.331104278564453,10100,0.0,0.0
2010-12-21 00:00:00-05:00,8.331103523203302,8.55556869506836,8.25340480063397,8.55556869506836,17400,0.0,0.0
2010-12-22 00:00:00-05:00,8.63326767144278,8.857732828500108,8.581467703147796,8.719600677490234,21300,0.0,0.0
2010-12-23 00:00:00-05:00,8.710966110229492,8.805931746201916,8.641900043461826,8.710966110229492,8100,0.0,0.0
2010-12-27 00:00:00-05:00,8.641902156541514,8.918166491163108,8.641902156541514,8.86636734008789,11100,0.0,0.0
2010-12-28 00:00:00-05:00,8.918168476437478,9.064934142709884,8.685070598043731,8.805935859680176,16600,0.0,0.0
2010-12-29 00:00:00-05:00,8.590101158788288,8.85773281856929,8.590101158788288,8.7972993850708,11800,0.0,0.0
2010-12-30 00:00:00-05:00,8.754134713057931,9.090831663688807,8.667801697170054,8.935433387756348,17800,0.0,0.0
2010-12-31 00:00:00-05:00,8.995864356744145,9.263495174965085,8.995864356744145,9.09946346282959,10500,0.0,0.0
2011-01-03 00:00:00-05:00,9.246229338733029,9.341194982915761,9.099463728329923,9.263495445251465,8700,0.0,0.0
2011-01-04 00:00:00-05:00,9.280763974247941,9.384363101207066,9.22896399910204,9.237597465515137,14400,0.0,0.0
2011-01-05 00:00:00-05:00,9.280760739282046,9.418892860412598,9.15126208155525,9.418892860412598,14600,0.0,0.0
2011-01-06 00:00:00-05:00,9.341193653137333,9.496592706343879,9.323927549076837,9.444792747497559,6200,0.0,0.0
2011-01-07 00:00:00-05:00,9.59155783836757,9.59155783836757,9.047662003752803,9.401626586914062,5600,0.0,0.0
2011-01-10 00:00:00-05:00,9.384362599888897,9.384362599888897,8.857733526813007,9.272130012512207,2400,0.0,0.0
2011-01-11 00:00:00-05:00,9.203062647701548,9.358461719826327,9.203062647701548,9.315295219421387,7200,0.0,0.0
2011-01-12 00:00:00-05:00,9.237597465515137,9.289397440661036,9.22033135602162,9.237597465515137,3500,0.0,0.0
2011-01-13 00:00:00-05:00,9.185798849014208,9.280764515094464,9.021766270936912,9.13399887084961,3400,0.0,0.0
2011-01-14 00:00:00-05:00,9.013132866834027,9.358464135894982,9.013132866834027,9.28076457977295,9000,0.0,0.0
2011-01-18 00:00:00-05:00,9.315297450730132,9.315297450730132,8.987233121736313,9.056299209594727,6800,0.0,0.0
2011-01-19 00:00:00-05:00,8.926797262789426,8.98722986191241,8.81456470489502,8.81456470489502,6600,0.0,0.0
2011-01-20 00:00:00-05:00,8.693699498180987,8.900898529355127,8.693699498180987,8.736865997314453,9900,0.0,0.0
2011-01-21 00:00:00-05:00,8.745499759700037,8.85773233193696,8.6850671528542,8.754133224487305,5300,0.0,0.0
2011-01-24 00:00:00-05:00,8.788667009158003,8.978598310666216,8.693700535071308,8.88363265991211,5700,0.0,0.0
2011-01-25 00:00:00-05:00,8.952699513940177,8.952699513940177,8.857733854949249,8.944066047668457,300,0.0,0.0
2011-01-26 00:00:00-05:00,8.685069497094592,8.788668632507324,8.685069497094592,8.788668632507324,6600,0.0,0.0
2011-01-27 00:00:00-05:00,8.805932306326866,8.840465341907265,8.512401092227218,8.546934127807617,14800,0.0,0.0
2011-01-28 00:00:00-05:00,8.624633963513851,8.719600432160641,8.546934424923764,8.564201354980469,6300,0.0,0.0
2011-01-31 00:00:00-05:00,8.512402960996049,8.512402960996049,8.22750514907964,8.331104278564453,7500,0.0,0.0
2011-02-01 00:00:00-05:00,8.305202953033191,8.831831956177995,8.305202953033191,8.762765884399414,12700,0.0,0.0
2011-02-02 00:00:00-05:00,8.797299651348313,8.88363265991211,8.780033543635106,8.88363265991211,6300,0.0,0.0
2011-02-03 00:00:00-05:00,8.87499893571006,8.883632400981318,8.719600677490234,8.719600677490234,5700,0.0,0.0
2011-02-04 00:00:00-05:00,8.814563124309934,8.814563124309934,8.5641984856958,8.77139663696289,3300,0.0,0.0
2011-02-07 00:00:00-05:00,8.702333774950882,8.702333774950882,8.616000768625618,8.650534629821777,800,0.0,0.0
2011-02-08 00:00:00-05:00,8.728231608659568,8.728231608659568,8.598732948303223,8.598732948303223,800,0.0,0.0
2011-02-09 00:00:00-05:00,8.598734151646562,8.754133224487305,8.590100686859294,8.754133224487305,1800,0.0,0.0
2011-02-10 00:00:00-05:00,8.598734365971632,8.71960040600843,8.590100900969173,8.633267402648926,3600,0.0,0.0
2011-02-11 00:00:00-05:00,8.572834480152107,8.607367515563965,8.512401050681973,8.607367515563965,6400,0.0,0.0
2011-02-14 00:00:00-05:00,8.564201057264073,8.676433628733498,8.47786805664682,8.546934127807617,11300,0.0,0.0
2011-02-15 00:00:00-05:00,8.538248763231916,8.564306259155273,8.460075447108988,8.564306259155273,2500,0.06,0.0
2011-02-16 00:00:00-05:00,8.572992535327625,8.572992535327625,8.494819217672047,8.555621147155762,4900,0.0,0.0
2011-02-17 00:00:00-05:00,8.555620312043576,8.651165008544922,8.555620312043576,8.651165008544922,800,0.0,0.0
2011-02-18 00:00:00-05:00,8.66853564325077,8.66853564325077,8.451387946836439,8.512189865112305,10500,0.0,0.0
2011-02-22 00:00:00-05:00,8.520878136231461,8.546935634481496,8.416646486525453,8.48613452911377,2000,0.0,0.0
2011-02-23 00:00:00-05:00,8.52956442263438,8.59036636352539,8.425333588989403,8.59036636352539,6100,0.0,0.0
2011-02-24 00:00:00-05:00,8.694594005142916,8.694594005142916,8.486132414385015,8.503503799438477,3600,0.0,0.0
2011-02-25 00:00:00-05:00,8.477448312658392,8.642480237284765,8.477448312658392,8.599050521850586,6800,0.0,0.0
2011-02-28 00:00:00-05:00,8.659851860084542,8.668537139892578,8.555621047212314,8.668537139892578,1500,0.0,0.0
2011-03-01 00:00:00-05:00,8.677223412362816,8.685909520688195,8.347158751174318,8.425332069396973,11200,0.0,0.0
2011-03-02 00:00:00-05:00,8.390588756053633,8.633793999146414,8.390588756053633,8.62510871887207,4300,0.0,0.0
2011-03-03 00:00:00-05:00,8.486133771385203,8.651165683370275,8.477447663293132,8.564306259155273,5600,0.0,0.0
2011-03-04 00:00:00-05:00,8.59904936772652,8.65116518492338,8.52087688446045,8.52087688446045,2600,0.0,0.0
2011-03-07 00:00:00-05:00,8.54693375504675,8.564305140609234,8.460074342176073,8.477446556091309,19200,0.0,0.0
2011-03-08 00:00:00-05:00,8.451390237347338,8.58167938751877,8.425332738654232,8.572993278503418,2800,0.0,0.0
2011-03-09 00:00:00-05:00,8.520875971773531,8.599048446666401,8.47744626682012,8.512189865112305,1900,0.0,0.0
2011-03-10 00:00:00-05:00,8.486134421415812,8.599050521850586,8.468762203900972,8.599050521850586,14100,0.0,0.0
2011-03-11 00:00:00-05:00,8.486134630549767,8.599050733767267,8.486134630549767,8.581679344177246,700,0.0,0.0
2011-03-14 00:00:00-04:00,8.42533107409721,8.572991584773733,8.381901365953624,8.434017181396484,3200,0.0,0.0
2011-03-15 00:00:00-04:00,8.381904166182801,8.434019999036536,8.29504554923066,8.329789161682129,5300,0.0,0.0
2011-03-16 00:00:00-04:00,8.329786342246441,8.399273543629606,8.277670527032678,8.321100234985352,3400,0.0,0.0
2011-03-17 00:00:00-04:00,8.338473067991258,8.381901950812368,8.303729464722661,8.364530563354492,7300,0.0,0.0
2011-03-18 00:00:00-04:00,8.373217741268018,8.59036549653412,8.347159414221963,8.572993278503418,23600,0.0,0.0
2011-03-21 00:00:00-04:00,8.572991698519823,8.651165008544922,8.503504495909246,8.651165008544922,4800,0.0,0.0
2011-03-22 00:00:00-04:00,8.512191251486001,8.729338983267008,8.512191251486001,8.685909271240234,7300,0.0,0.0
2011-03-23 00:00:00-04:00,8.685907699450253,8.772767107785839,8.599048291114666,8.764081001281738,3200,0.0,0.0
2011-03-24 00:00:00-04:00,8.694596061476366,8.694596061476366,8.18212724172948,8.599050521850586,22300,0.0,0.0
2011-03-25 00:00:00-04:00,8.651165344255208,8.651165344255208,8.468761223236012,8.607735633850098,1600,0.0,0.0
2011-03-28 00:00:00-04:00,8.58167938751877,8.62510910424258,8.381903021930421,8.572993278503418,6800,0.0,0.0
2011-03-29 00:00:00-04:00,8.6164207484866,8.816196233630336,8.581677149837573,8.73802375793457,4900,0.0,0.0
2011-03-30 00:00:00-04:00,8.772767107785839,8.80751070544953,8.685907699450253,8.764081001281738,3400,0.0,0.0
2011-03-31 00:00:00-04:00,8.625110016847685,8.71196863113269,8.46876335144043,8.46876335144043,32100,0.0,0.0
2011-04-01 00:00:00-04:00,8.51219307275945,8.581680295528667,8.43401974005582,8.46876335144043,22500,0.0,0.0
2011-04-04 00:00:00-04:00,8.399276128671213,8.590366405463078,8.399276128671213,8.46876335144043,7700,0.0,0.0
2011-04-05 00:00:00-04:00,8.416647520186999,8.538250574209647,8.416647520186999,8.46876335144043,14100,0.0,0.0
2011-04-06 00:00:00-04:00,8.416647520186999,8.555622794078468,8.416647520186999,8.46876335144043,26000,0.0,0.0
2011-04-07 00:00:00-04:00,8.599049863170702,8.599049863170702,8.520877375400632,8.564306259155273,3600,0.0,0.0
2011-04-08 00:00:00-04:00,8.52087918269386,8.52087918269386,8.451391131571608,8.46876335144043,26600,0.0,0.0
2011-04-11 00:00:00-04:00,8.43401974005582,8.546936684144057,8.42533363012141,8.46876335144043,38700,0.0,0.0
2011-04-12 00:00:00-04:00,8.468760650079416,8.720651959357923,8.468760650079416,8.67722225189209,25900,0.0,0.0
2011-04-13 00:00:00-04:00,8.486134630549767,8.703282384719174,8.486134630549767,8.581679344177246,5000,0.0,0.0
2011-04-14 00:00:00-04:00,8.616421741601686,8.703281162411903,8.529562320791467,8.607735633850098,4700,0.0,0.0
2011-04-15 00:00:00-04:00,8.65116512581194,8.868312844001643,8.65116512581194,8.746709823608398,13300,0.0,0.0
2011-04-18 00:00:00-04:00,8.477450155523726,8.555623494628328,8.425334320002957,8.494821548461914,8900,0.0,0.0
2011-04-19 00:00:00-04:00,8.520877041392707,8.668536731405554,8.494818718137946,8.607735633850098,2100,0.0,0.0
2011-04-20 00:00:00-04:00,8.746711431813688,8.84225697553034,8.685910324614335,8.781455039978027,10600,0.0,0.0
2011-04-21 00:00:00-04:00,8.78145461342163,8.850941826374989,8.77276933306715,8.842256546020508,5000,0.0,0.0
2011-04-25 00:00:00-04:00,8.77276961475927,8.850942110577213,8.60773685743118,8.694596290588379,5300,0.0,0.0
2011-04-26 00:00:00-04:00,8.80751418370514,8.80751418370514,8.46876335144043,8.46876335144043,9500,0.0,0.0
2011-04-27 00:00:00-04:00,8.425334623958017,8.468764350399926,8.251616546543518,8.460078239440918,23000,0.0,0.0
2011-04-28 00:00:00-04:00,8.36452985950358,8.460074553364198,8.303728765987985,8.338472366333008,12000,0.0,0.0
2011-04-29 00:00:00-04:00,8.260300359904717,8.425332280456674,8.260300359904717,8.407960891723633,4600,0.0,0.0
2011-05-02 00:00:00-04:00,8.208183325649514,8.416644929799007,8.190811939480113,8.321100234985352,3000,0.0,0.0
2011-05-03 00:00:00-04:00,8.26898769615211,8.399276030229114,8.095268812912071,8.147384643554688,14000,0.0,0.0
2011-05-04 00:00:00-04:00,8.164755035971202,8.182127253511057,8.077896433330698,8.1560697555542,4100,0.0,0.0
2011-05-05 00:00:00-04:00,8.147383141336869,8.286357559622319,8.121325644996565,8.208184242248535,3400,0.0,0.0
2011-05-06 00:00:00-04:00,8.286357750391458,8.286357750391458,8.06921000973303,8.077896118164062,3500,0.0,0.0
2011-05-09 00:00:00-04:00,8.077896181964439,8.19949838754774,8.077896181964439,8.182126998901367,4000,0.0,0.0
2011-05-10 00:00:00-04:00,7.878119122177974,8.103952952811232,7.878119122177974,8.04315185546875,6600,0.0,0.0
2011-05-11 00:00:00-04:00,8.060522561044445,8.08658088200471,7.478566646575928,7.478566646575928,14500,0.0,0.0
2011-05-12 00:00:00-04:00,7.4525103860022766,7.4525103860022766,7.165875434875488,7.165875434875488,22400,0.0,0.0
2011-05-13 00:00:00-04:00,7.148503172761158,7.1919328862468666,6.879240440184963,6.940041542053223,31000,0.0,0.0
2011-05-16 00:00:00-04:00,6.861868972889784,6.9487279899285985,6.592605812981226,6.618663311004639,12000,0.0,0.0
2011-05-17 00:00:00-04:00,6.52299240231514,7.105713123277269,6.444716360776738,6.957858562469482,34000,0.01,0.0
2011-05-18 00:00:00-04:00,7.027436403135191,7.192685992523702,6.99264714685992,7.088317394256592,10100,0.0,0.0
2011-05-19 00:00:00-04:00,7.097015529924881,7.097015529924881,6.975253537143708,7.079621315002441,4600,0.0,0.0
2011-05-20 00:00:00-04:00,7.070924665435971,7.097016405760267,6.983951091766357,6.983951091766357,13900,0.0,0.0
2011-05-23 00:00:00-04:00,6.975253607007517,6.975253607007517,6.827398631479042,6.957858562469482,12900,0.0,0.0
2011-05-24 00:00:00-04:00,6.957858838760187,6.957858838760187,6.870885686219826,6.896977424621582,2400,0.0,0.0
2011-05-25 00:00:00-04:00,6.853490023393754,6.914371013641357,6.827397874201466,6.914371013641357,5600,0.0,0.0
2011-05-26 00:00:00-04:00,6.93176602115759,7.018739165360693,6.93176602115759,6.940463542938232,1800,0.0,0.0
2011-05-27 00:00:00-04:00,7.018740027281741,7.053529289235201,6.9578590262235425,6.966556549072266,5600,0.0,0.0
2011-05-31 00:00:00-04:00,6.992647930315446,7.018739668084891,6.7404255867004395,6.7404255867004395,11300,0.0,0.0
2011-06-01 00:00:00-04:00,6.81000332785837,6.975252916853872,6.6969380378723145,6.6969380378723145,8200,0.0,0.0
2011-06-02 00:00:00-04:00,6.69693780408073,6.783911356246444,6.644753921613681,6.653451442718506,7900,0.0,0.0
2011-06-03 00:00:00-04:00,6.714332826167651,6.8708848974899155,6.6012679482045975,6.670846462249756,4900,0.0,0.0
2011-06-06 00:00:00-04:00,6.6273602032883066,6.662149463038848,6.531689946334665,6.566479206085205,4200,0.0,0.0
2011-06-07 00:00:00-04:00,6.583873509865188,6.583873509865188,6.349045810819569,6.427321434020996,5300,0.0,0.0
2011-06-08 00:00:00-04:00,6.462110692048445,6.462110692048445,6.409926805007271,6.427321434020996,1500,0.0,0.0
2011-06-09 00:00:00-04:00,6.4621116829597876,6.609966259609058,6.331652152712297,6.51429557800293,3200,0.0,0.0
2011-06-10 00:00:00-04:00,6.5142949017387055,6.836096176512239,6.375137862736543,6.566479206085205,7100,0.0,0.0
2011-06-13 00:00:00-04:00,6.601268365779363,6.601268365779363,6.096823692321777,6.096823692321777,15400,0.0,0.0
2011-06-14 00:00:00-04:00,6.218586608699938,6.218586608699938,5.670655108995476,5.792417526245117,49200,0.0,0.0
2011-06-15 00:00:00-04:00,5.835903472876049,5.948968765726561,5.827205951247244,5.870692729949951,7800,0.0,0.0
2011-06-16 00:00:00-04:00,6.375137144611238,6.375137144611238,5.783719380751427,5.809811115264893,14700,0.0,0.0
2011-06-17 00:00:00-04:00,5.940271291581572,5.957665920257568,5.661957232765635,5.957665920257568,8800,0.0,0.0
2011-06-20 00:00:00-04:00,5.696746315549197,6.044638878408461,5.679351687406234,6.001152515411377,6200,0.0,0.0
2011-06-21 00:00:00-04:00,5.940272406919952,5.975061670803934,5.9228777749779615,5.931575298309326,900,0.0,0.0
2011-06-22 00:00:00-04:00,6.018547836874416,6.053337097167969,5.844601120685955,6.053337097167969,3200,0.0,0.0
2011-06-23 00:00:00-04:00,5.91418099912581,6.18379801675691,5.91418099912581,6.149008750915527,5100,0.0,0.0
2011-06-24 00:00:00-04:00,6.192495125856875,6.279468290460333,6.018548796649959,6.149008750915527,2300,0.0,0.0
2011-06-27 00:00:00-04:00,6.096823704740018,6.1577047011443415,6.062034030725239,6.088126182556152,10600,0.0,0.0
2011-06-28 00:00:00-04:00,6.122915719465092,6.122915719465092,5.91418015423639,6.027245044708252,7200,0.0,0.0
2011-06-29 00:00:00-04:00,6.001154322961296,6.0794299658209585,5.922878265380859,5.922878265380859,6800,0.0,0.0
2011-06-30 00:00:00-04:00,5.957665870220213,6.122915048614607,5.94896876331559,6.070731163024902,12000,0.0,0.0
2011-07-01 00:00:00-04:00,6.122915441850247,6.122915441850247,6.027244771431144,6.088126182556152,6000,0.0,0.0
2011-07-05 00:00:00-04:00,6.079428847768807,6.079428847768807,5.922877176119724,6.044639587402344,5600,0.0,0.0
2011-07-06 00:00:00-04:00,6.122916249671229,6.14031088161322,5.931575298309326,5.931575298309326,1900,0.0,0.0
2011-07-07 00:00:00-04:00,6.009850141784097,6.131612964034113,6.001153034320915,6.088126182556152,17900,0.0,0.0
2011-07-08 00:00:00-04:00,6.070732607465478,6.088127240134174,5.975061920427272,6.062035083770752,6200,0.0,0.0
2011-07-11 00:00:00-04:00,6.001153736046516,6.044640107888731,5.940272317802536,5.948969841003418,5800,0.0,0.0
2011-07-12 00:00:00-04:00,5.957665920257568,6.044639063637549,5.940271291581572,5.957665920257568,11100,0.0,0.0
2011-07-13 00:00:00-04:00,5.992455091377345,6.0881257550789405,5.957665834525975,5.97506046295166,8100,0.0,0.0
2011-07-14 00:00:00-04:00,5.9663651697846865,6.070732972065043,5.957667645567599,5.992456912994385,3700,0.0,0.0
2011-07-15 00:00:00-04:00,5.957665834525975,5.97506046295166,5.94896872767346,5.97506046295166,500,0.0,0.0
2011-07-18 00:00:00-04:00,5.922878265380859,5.975062165527559,5.9141811560501285,5.922878265380859,6800,0.0,0.0
2011-07-19 00:00:00-04:00,6.0533374510462705,6.0533374510462705,5.914180401736933,5.983758926391602,7400,0.0,0.0
2011-07-20 00:00:00-04:00,5.940271232111734,6.001152639228549,5.870692718104321,5.879390239715576,12200,0.0,0.0
2011-07-21 00:00:00-04:00,5.931574137189609,5.983758022800464,5.870692729949951,5.870692729949951,16700,0.0,0.0
2011-07-22 00:00:00-04:00,5.9315747202825895,5.9315747202825895,5.844601154327393,5.844601154327393,11800,0.0,0.0
2011-07-25 00:00:00-04:00,5.705443674612991,5.783719712078811,5.69674656751716,5.74893045425415,3400,0.0,0.0
2011-07-26 00:00:00-04:00,5.722839717533273,5.8706943071805515,5.653261184692383,5.653261184692383,4400,0.0,0.0
2011-07-27 00:00:00-04:00,5.7402335372299,5.757628167974932,5.444524814564351,5.522800445556641,36300,0.0,0.0
2011-07-28 00:00:00-04:00,5.514103939143167,5.609774211318289,5.261881558461926,5.314065456390381,25200,0.0,0.0
2011-07-29 00:00:00-04:00,5.314065675504454,5.548893433225494,5.2618817754243095,5.3575520515441895,15500,0.0,0.0
2011-08-01 00:00:00-04:00,5.418433086326186,5.748931511140094,5.418433086326186,5.444525241851807,10200,0.0,0.0
2011-08-02 00:00:00-04:00,5.427130699157715,5.609774560640982,5.427130699157715,5.427130699157715,3000,0.0,0.0
2011-08-03 00:00:00-04:00,5.522801294203387,5.714142676521424,5.522801294203387,5.548893451690674,400,0.0,0.0
2011-08-04 00:00:00-04:00,5.453222350546519,5.705444723504306,5.435827718436352,5.444525241851807,2200,0.0,0.0
2011-08-05 00:00:00-04:00,5.453221102795278,5.627167384096305,5.409734325109698,5.601075649261475,6200,0.0,0.0
2011-08-08 00:00:00-04:00,5.53149805237058,5.53149805237058,5.2183942794799805,5.2183942794799805,11200,0.0,0.0
2011-08-09 00:00:00-04:00,5.331461007129581,5.331461007129581,4.679161548614502,4.679161548614502,19400,0.0,0.0
2011-08-10 00:00:00-04:00,5.540196620170662,5.540196620170662,4.592188358306885,4.592188358306885,7700,0.0,0.0
2011-08-11 00:00:00-04:00,5.167298830224176,5.167298830224176,4.679324608804842,4.705466270446777,6000,0.01,0.0
2011-08-12 00:00:00-04:00,4.66189767610896,4.775177534465824,4.574759483337402,4.574759483337402,2200,0.0,0.0
2011-08-15 00:00:00-04:00,4.670610332135409,5.0453046588196875,4.618327431819525,4.836173057556152,12800,0.0,0.0
2011-08-16 00:00:00-04:00,4.783890513782513,4.862315084666693,4.783890513782513,4.827459812164307,1900,0.0,0.0
2011-08-17 00:00:00-04:00,4.888457202491504,5.001736640930176,4.7838909597292245,5.001736640930176,5700,0.0,0.0
2011-08-18 00:00:00-04:00,4.914597225645255,5.149870486034986,4.705465623302186,5.097587585449219,5400,0.0,0.0
2011-08-19 00:00:00-04:00,4.993023029746122,5.263151624574383,4.844887900048249,5.001736640930176,1100,0.0,0.0
2011-08-22 00:00:00-04:00,4.749035307474953,4.975594997406006,4.749035307474953,4.975594997406006,700,0.0,0.0
2011-08-23 00:00:00-04:00,4.958166491626548,4.958166491626548,4.444050681925689,4.836173057556152,11100,0.0,0.0
2011-08-24 00:00:00-04:00,4.888456344604492,5.298005970566057,4.836173440152437,4.888456344604492,4000,0.0,0.0
2011-08-25 00:00:00-04:00,4.949454393447301,5.071448290504445,4.844888552119222,4.923313140869141,9200,0.0,0.0
2011-08-26 00:00:00-04:00,4.91459906450443,5.036592960357666,4.91459906450443,5.036592960357666,300,0.0,0.0
2011-08-29 00:00:00-04:00,4.84488850430699,5.13244477287529,4.84488850430699,5.036592960357666,2500,0.0,0.0
2011-08-30 00:00:00-04:00,5.06273251743211,5.158584713361534,4.9668803215026855,4.9668803215026855,1300,0.0,0.0
2011-08-31 00:00:00-04:00,5.010449196854724,5.010449196854724,4.714179024426119,4.85360050201416,11400,0.0,0.0
2011-09-01 00:00:00-04:00,4.86231470263515,5.06273271153086,4.86231470263515,4.949452877044678,6200,0.0,0.0
2011-09-02 00:00:00-04:00,4.905884671681152,4.975595220787272,4.7577495470768225,4.844887733459473,800,0.0,0.0
2011-09-06 00:00:00-04:00,4.818746782421911,4.818746782421911,4.696752898456423,4.775177478790283,2000,0.0,0.0
2011-09-07 00:00:00-04:00,4.766462788431935,4.966880809328056,4.618328090819685,4.705466270446777,5900,0.0,0.0
2011-09-08 00:00:00-04:00,4.731607534901296,4.932025556573411,4.2436333115925855,4.679324626922607,6300,0.0,0.0
2011-09-09 00:00:00-04:00,4.417909925394823,4.627041549658255,4.409195899963379,4.409195899963379,2800,0.0,0.0
2011-09-12 00:00:00-04:00,4.566045312392763,4.566045312392763,4.278489077556046,4.391768932342529,10400,0.0,0.0
2011-09-13 00:00:00-04:00,4.391768932342529,4.391768932342529,4.391768932342529,4.391768932342529,0,0.0,0.0
2011-09-14 00:00:00-04:00,4.444051243543567,4.766462710656777,4.444051243543567,4.644469261169434,7000,0.0,0.0
2011-09-15 00:00:00-04:00,4.688038062651213,4.688038062651213,4.365626629606509,4.4701924324035645,4200,0.0,0.0
2011-09-16 00:00:00-04:00,4.426623439140097,4.426623439140097,4.322057629280313,4.374340534210205,18600,0.0,0.0
2011-09-19 00:00:00-04:00,4.313344287641817,4.3481995631191435,3.6946625246577973,3.89508056640625,30300,0.0,0.0
2011-09-20 00:00:00-04:00,3.964791518863914,4.008360405302845,3.4419617652893066,3.4419617652893066,22800,0.0,0.0
2011-09-21 00:00:00-04:00,3.5552415038857683,3.677234970840528,3.450675675067403,3.6510937213897705,30700,0.0,0.0
2011-09-22 00:00:00-04:00,3.6423798049542158,3.8427978573504813,3.4855310569731874,3.6598074436187744,3500,0.0,0.0
2011-09-23 00:00:00-04:00,3.694661440516495,3.8602241582058006,3.54652677095952,3.5813820362091064,1200,0.0,0.0
2011-09-26 00:00:00-04:00,3.6162389842314107,3.6859495471695447,3.529100780558743,3.6423802375793457,12100,0.0,0.0
2011-09-27 00:00:00-04:00,3.6685204091928063,4.025787106192478,3.6598063846281508,3.7382309436798096,5100,0.0,0.0
2011-09-28 00:00:00-04:00,3.7120900802186525,3.9037940696419033,3.703376054763794,3.703376054763794,4900,0.0,0.0
2011-09-29 00:00:00-04:00,3.8166565219495334,3.8166565219495334,3.703376665403583,3.755659580230713,5500,0.0,0.0
2011-09-30 00:00:00-04:00,3.7382310261810674,3.807941562206554,3.7295174169316665,3.7992279529571533,500,0.0,0.0
2011-10-03 00:00:00-04:00,3.703375990108652,3.816655825998504,3.703375990108652,3.712090015411377,7900,0.0,0.0
2011-10-04 00:00:00-04:00,3.712090643059786,3.956077575683594,3.659807313418447,3.9560775756835938,12000,0.0,0.0
2011-10-05 00:00:00-04:00,3.9735061845509603,4.034503140363764,3.781802119222927,3.999647855758667,1600,0.0,0.0
2011-10-06 00:00:00-04:00,3.990932305227061,4.043215212200754,3.964791059494019,3.9647910594940186,2000,0.0,0.0
2011-10-07 00:00:00-04:00,3.9647916550469042,4.078071096085184,3.755659580230713,3.755659580230713,5800,0.0,0.0
2011-10-10 00:00:00-04:00,3.8340840863079175,4.0606433795243095,3.8340840863079175,3.912508249282837,1000,0.0,0.0
2011-10-11 00:00:00-04:00,3.8602253586846937,3.9996468785488215,3.8602253586846937,3.9560775756835938,400,0.0,0.0
2011-10-12 00:00:00-04:00,3.903793805912545,4.104211807250977,3.903793805912545,4.104211807250977,2600,0.0,0.0
2011-10-13 00:00:00-04:00,4.130353336149247,4.2959160804748535,3.9212217110059147,4.2959160804748535,5000,0.0,0.0
2011-10-14 00:00:00-04:00,4.3133439640174585,4.3743408992800905,4.200064534969182,4.365627288818359,1900,0.0,0.0
2011-10-17 00:00:00-04:00,4.269775677217729,4.5137626213400655,4.121640539103897,4.348199844360352,4600,0.0,0.0
2011-10-18 00:00:00-04:00,4.330770385064439,4.478905460910011,4.147780461645952,4.435336589813232,7500,0.0,0.0
2011-10-19 00:00:00-04:00,4.444051846357599,4.444051846357599,4.269775466307366,4.391768932342529,2800,0.0,0.0
2011-10-20 00:00:00-04:00,4.287203016005151,4.435338143750414,4.2697753783591,4.3569135665893555,2500,0.0,0.0
2011-10-21 00:00:00-04:00,4.269775590085418,4.3743414211468545,4.269775590085418,4.313344478607178,4800,0.0,0.0
2011-10-24 00:00:00-04:00,4.400482654571533,4.400482654571533,4.400482654571533,4.400482654571533,200,0.0,0.0
2011-10-25 00:00:00-04:00,4.27848896922337,4.383055210113525,4.1390678687133695,4.383055210113525,5400,0.0,0.0
2011-10-26 00:00:00-04:00,4.356913262849,4.4004825616805405,4.156495236137641,4.365627288818359,3200,0.0,0.0
2011-10-27 00:00:00-04:00,4.444051170673951,4.574758643592397,4.182636640344661,4.409195899963379,23300,0.0,0.0
2011-10-28 00:00:00-04:00,4.487619484433873,4.505047115974087,4.400481326732805,4.435336589813232,2500,0.0,0.0
2011-10-31 00:00:00-04:00,4.4004823841503535,4.539903469974368,4.356913087076544,4.444051265716553,8300,0.0,0.0
2011-11-01 00:00:00-04:00,4.383056216948449,4.452766783216713,4.330772876739502,4.330772876739502,2200,0.0,0.0
2011-11-02 00:00:00-04:00,4.470193586070812,4.557331777556977,4.400483032881881,4.513762474060059,7800,0.0,0.0
2011-11-03 00:00:00-04:00,4.522476186820088,4.644469646426749,4.487620912646755,4.609614372253418,5700,0.0,0.0
2011-11-04 00:00:00-04:00,4.653183775898033,4.653183775898033,4.478906985659525,4.557331562042236,5200,0.0,0.0
2011-11-07 00:00:00-05:00,4.653183822079882,4.653183822079882,4.287203016005151,4.3569135665893555,9900,0.0,0.0
2011-11-08 00:00:00-05:00,4.470193374676808,4.627042111934578,4.470193374676808,4.557331562042236,2200,0.0,0.0
2011-11-09 00:00:00-05:00,4.522410356874984,4.5747934402012875,4.373991828935659,4.426374912261963,2800,0.01,0.0
2011-11-10 00:00:00-05:00,4.557332342475313,4.557332342475313,4.391452789306641,4.391452789306641,1300,0.0,0.0
2011-11-11 00:00:00-05:00,4.6009840524012136,4.627175795740203,4.40891279436196,4.539870262145996,2100,0.0,0.0
2011-11-14 00:00:00-05:00,4.452565540993052,4.522409641039426,4.452565540993052,4.504948616027832,500,0.0,0.0
2011-11-15 00:00:00-05:00,4.443835185147099,4.557331638255503,4.4089131355285645,4.4089131355285645,7000,0.0,0.0
2011-11-16 00:00:00-05:00,4.417642948460538,4.635905942453472,4.417642948460538,4.618444919586182,9000,0.0,0.0
2011-11-17 00:00:00-05:00,4.6184446205530305,4.6184446205530305,4.295415510271714,4.304145812988281,9000,0.0,0.0
2011-11-18 00:00:00-05:00,4.618444612111517,4.662097374525354,4.155727328782102,4.627175331115723,26000,0.0,0.0
2011-11-21 00:00:00-05:00,4.4176424593361165,4.679558189649595,4.321606636047363,4.321606636047363,7400,0.0,0.0
2011-11-22 00:00:00-05:00,4.400182827724155,4.583523813571304,4.400182827724155,4.496218681335449,3100,0.0,0.0
2011-11-23 00:00:00-05:00,4.557331253751923,4.583522996907853,4.487487160407623,4.566061973571777,4600,0.0,0.0
2011-11-25 00:00:00-05:00,4.566061774057744,4.583522796630859,4.4351038966075675,4.583522796630859,500,0.0,0.0
2011-11-28 00:00:00-05:00,4.583522285631167,4.705749430016332,4.557330546539704,4.670827388763428,2000,0.0,0.0
2011-11-29 00:00:00-05:00,4.662096371786902,4.845437268405724,4.662096371786902,4.801784515380859,6200,0.0,0.0
2011-11-30 00:00:00-05:00,4.985126068703209,5.3518079102447995,4.470025346889683,5.107353210449219,16100,0.0,0.0
2011-12-01 00:00:00-05:00,5.151006728363196,5.151006728363196,4.740672067572462,4.976396083831787,4600,0.0,0.0
2011-12-02 00:00:00-05:00,4.880361829917656,5.063702821416426,4.880361829917656,4.897822856903076,7700,0.0,0.0
2011-12-05 00:00:00-05:00,4.897820322253458,5.046239182973792,4.635904636711282,4.801784515380859,26700,0.0,0.0
2011-12-06 00:00:00-05:00,4.810515743508355,4.950203901940807,4.452564213069874,4.478755950927734,10600,0.0,0.0
2011-12-07 00:00:00-05:00,4.539870634408207,5.107354567785151,4.539870634408207,5.072432518005371,25600,0.0,0.0
2011-12-08 00:00:00-05:00,4.8105161358909,5.0724314543155655,4.670827549760828,4.740671634674072,20500,0.0,0.0
2011-12-09 00:00:00-05:00,4.784326142948287,4.9414753913879395,4.6708292553677815,4.9414753913879395,11400,0.0,0.0
2011-12-12 00:00:00-05:00,4.845437477610966,5.177196832970565,4.801784722701363,5.020047664642334,16800,0.0,0.0
2011-12-13 00:00:00-05:00,5.09862301856686,5.107353320728301,4.670827388763428,4.670827388763428,17200,0.0,0.0
2011-12-14 00:00:00-05:00,4.531140978246215,4.7581343342837545,4.41764409207558,4.452566146850586,15500,0.0,0.0
2011-12-15 00:00:00-05:00,4.373991496205253,4.635906892912817,4.373991496205253,4.496218681335449,5400,0.0,0.0
2011-12-16 00:00:00-05:00,4.470025951955591,4.496217694026849,4.3565290968195,4.373990535736084,11200,0.0,0.0
2011-12-19 00:00:00-05:00,4.408913786533693,4.557332311175604,4.365261009913071,4.452566146850586,21200,0.0,0.0
2011-12-20 00:00:00-05:00,4.5398699055542595,4.5835226689225825,4.373990403883281,4.487486839294434,20500,0.0,0.0
2011-12-21 00:00:00-05:00,4.48748716361517,4.504948186963726,4.3477989768267244,4.417643070220947,23000,0.0,0.0
2011-12-22 00:00:00-05:00,4.3739910859100295,4.443835185147099,4.365260365353561,4.4089131355285645,8100,0.0,0.0
2011-12-23 00:00:00-05:00,4.41764409207558,4.548602005633718,4.408913786533693,4.452566146850586,2500,0.0,0.0
2011-12-27 00:00:00-05:00,4.321607356443019,4.4089128919700675,4.321607356443019,4.365260124206543,7400,0.0,0.0
2011-12-28 00:00:00-05:00,4.400181861503725,4.452564929342625,4.365259816277792,4.373990535736084,13000,0.0,0.0
2011-12-29 00:00:00-05:00,4.3827220373005735,4.583524060408724,4.365261009913071,4.452566146850586,15700,0.0,0.0
2011-12-30 00:00:00-05:00,4.478757654888279,4.583523813571304,4.365260774829814,4.496218681335449,16600,0.0,0.0
2012-01-03 00:00:00-05:00,4.566061279714947,4.679558122304317,4.28668453248809,4.435103416442871,13300,0.0,0.0
2012-01-04 00:00:00-05:00,4.539870355129162,4.5835231228203375,4.470026259866198,4.513679027557373,1800,0.0,0.0
2012-01-05 00:00:00-05:00,4.496217460177807,4.627175331115723,4.45256469776397,4.627175331115723,11200,0.0,0.0
2012-01-06 00:00:00-05:00,4.618445075859327,4.627175795740203,4.539870262145996,4.539870262145996,900,0.0,0.0
2012-01-09 00:00:00-05:00,4.574792277087997,4.627175763399857,4.531139926899628,4.566061973571777,3700,0.0,0.0
2012-01-10 00:00:00-05:00,4.592254027380425,4.592254027380425,4.557331562042236,4.557331562042236,2900,0.0,0.0
2012-01-11 00:00:00-05:00,4.583523306969962,4.688289454073539,4.557331562042236,4.557331562042236,1700,0.0,0.0
2012-01-12 00:00:00-05:00,4.627175331115723,4.670827677225964,4.56606154699707,4.627175331115723,3400,0.0,0.0
2012-01-13 00:00:00-05:00,4.627175213348888,4.69701929839054,4.557330712003651,4.679558277130127,5700,0.0,0.0
2012-01-17 00:00:00-05:00,4.635907202736574,4.697021007537842,4.635907202736574,4.697021007537842,200,0.0,0.0
2012-01-18 00:00:00-05:00,4.653366368136975,4.705749430016332,4.583522285631167,4.670827388763428,11100,0.0,0.0
2012-01-19 00:00:00-05:00,4.670827388763428,4.670827388763428,4.670827388763428,4.670827388763428,200,0.0,0.0
2012-01-20 00:00:00-05:00,4.670826672609771,4.889089605127083,4.670826672609771,4.801784515380859,6000,0.0,0.0
2012-01-23 00:00:00-05:00,4.827978542197339,4.889091925877193,4.697020637263261,4.705750942230225,3400,0.0,0.0
2012-01-24 00:00:00-05:00,4.627176011912957,4.793055534362793,4.627176011912957,4.793055534362793,3400,0.0,0.0
2012-01-25 00:00:00-05:00,4.793055459409079,4.845438947715142,4.627175939553264,4.758133411407471,9600,0.0,0.0
2012-01-26 00:00:00-05:00,4.670827677647964,4.836707592010498,4.6533666559415705,4.836707592010498,1300,0.0,0.0
2012-01-27 00:00:00-05:00,4.679558589542382,4.819246768951416,4.679558589542382,4.819246768951416,600,0.0,0.0
2012-01-30 00:00:00-05:00,4.705750412993496,4.793055534362793,4.6970201090083945,4.793055534362793,1900,0.0,0.0
2012-01-31 00:00:00-05:00,4.7406720804797216,4.836707914418289,4.627175639974458,4.766863822937012,7500,0.0,0.0
2012-02-01 00:00:00-05:00,4.77559278030524,4.836706551279349,4.714479425634636,4.801784515380859,4400,0.0,0.0
2012-02-02 00:00:00-05:00,4.784324526891318,4.880360354428279,4.6271753315337785,4.836707592010498,6700,0.0,0.0
2012-02-03 00:00:00-05:00,4.845439489923506,5.151007652282715,4.8279784639688,5.151007652282715,3100,0.0,0.0
2012-02-06 00:00:00-05:00,5.151006807827942,5.151006807827942,4.941474114418507,5.011318206787109,800,0.0,0.0
2012-02-07 00:00:00-05:00,4.845439375312766,5.0113189098070245,4.845439375312766,4.93274450302124,2300,0.0,0.0
2012-02-08 00:00:00-05:00,4.836706893544293,5.002586783952203,4.836706893544293,4.880359649658203,7200,0.0,0.0
2012-02-09 00:00:00-05:00,4.932837549738819,5.029045493341884,4.819137707716686,4.8803606033325195,11200,0.01,0.0
2012-02-10 00:00:00-05:00,4.871613960672303,4.889106273651123,4.871613960672303,4.889106273651123,500,0.0,0.0
2012-02-13 00:00:00-05:00,5.002806641057094,5.501338240495435,4.749167866882241,5.0727763175964355,5700,0.0,0.0
2012-02-14 00:00:00-05:00,5.107760947341265,5.247699466320581,5.055284002724021,5.0727763175964355,8100,0.0,0.0
2012-02-15 00:00:00-05:00,5.1864759320419775,5.1864759320419775,5.029045104980469,5.029045104980469,10900,0.0,0.0
2012-02-16 00:00:00-05:00,5.055285718646869,5.335162851604597,5.055285718646869,5.195224285125732,6500,0.0,0.0
2012-02-17 00:00:00-05:00,5.125252884043154,5.221460400217851,5.029044950818805,5.168983459472656,4400,0.0,0.0
2012-02-21 00:00:00-05:00,5.221461296081543,5.247699979480826,5.0727768136513545,5.221461296081543,6000,0.0,0.0
2012-02-22 00:00:00-05:00,5.168984435720894,5.230207753344817,5.081522851293669,5.151492118835449,3900,0.0,0.0
2012-02-23 00:00:00-05:00,5.177729533484126,5.247698783874512,5.08152160567253,5.247698783874512,1800,0.0,0.0
2012-02-24 00:00:00-05:00,5.116506230867723,5.247698783874512,5.116506230867723,5.247698783874512,1000,0.0,0.0
2012-02-27 00:00:00-05:00,5.14274529870244,5.317668437957764,5.090268356925843,5.317668437957764,4500,0.0,0.0
2012-02-28 00:00:00-05:00,5.256446914020037,5.352654457092285,5.168984904609237,5.352654457092285,3000,0.0,0.0
2012-02-29 00:00:00-05:00,5.343908240069642,5.466354463273029,5.160238696739689,5.396385192871094,10900,0.0,0.0
2012-03-01 00:00:00-05:00,5.42262218689535,5.6150380523491785,5.2914300442355096,5.492591857910156,4800,0.0,0.0
2012-03-02 00:00:00-05:00,5.518831055600104,5.894916067970573,5.501338739142168,5.510085105895996,7700,0.0,0.0
2012-03-05 00:00:00-05:00,5.518830263342664,5.807453651990033,5.501337949395842,5.789961338043213,7200,0.0,0.0
2012-03-06 00:00:00-05:00,5.728738288802931,5.842438117777685,5.431368542908227,5.746230602264404,1900,0.0,0.0
2012-03-07 00:00:00-05:00,5.711246172779538,5.8074536916187185,5.711246172779538,5.754976749420166,1400,0.0,0.0
2012-03-08 00:00:00-05:00,5.737484217946069,5.859930411769559,5.685007277736003,5.763722896575928,4400,0.0,0.0
2012-03-09 00:00:00-05:00,5.7287397926669055,5.859931969542679,5.7287397926669055,5.842439651489258,2200,0.0,0.0
2012-03-12 00:00:00-04:00,5.798708132469839,5.798708132469839,5.510084722473097,5.606292247772217,17700,0.0,0.0
2012-03-13 00:00:00-04:00,5.623784300195348,5.88616943359375,5.536322728079105,5.88616943359375,16200,0.0,0.0
2012-03-14 00:00:00-04:00,5.77246886393179,5.929900102134704,5.6762609313688595,5.746230602264404,2100,0.0,0.0
2012-03-15 00:00:00-04:00,5.89491605758667,5.89491605758667,5.833693158616601,5.89491605758667,3800,0.0,0.0
2012-03-16 00:00:00-04:00,5.746230820696681,5.772469083361465,5.728738506570269,5.737484455108643,3400,0.0,0.0
2012-03-19 00:00:00-04:00,5.728739005564789,5.964885475365415,5.728739005564789,5.9386467933654785,3000,0.0,0.0
2012-03-20 00:00:00-04:00,5.903662204742432,5.903662204742432,5.693754415424337,5.903662204742432,1200,0.0,0.0
2012-03-21 00:00:00-04:00,5.9036629225000326,6.104824786911653,5.9036629225000326,6.078586101531982,5900,0.0,0.0
2012-03-22 00:00:00-04:00,6.0698401511052635,6.078586101531982,5.912409289976508,6.078586101531982,2600,0.0,0.0
2012-03-23 00:00:00-04:00,5.991123718851781,6.052347031932493,5.956139087677002,5.956139087677002,7100,0.0,0.0
2012-03-26 00:00:00-04:00,6.078586148988456,6.139809470652497,6.0436015129089355,6.0436015129089355,1900,0.0,0.0
2012-03-27 00:00:00-04:00,6.069839762044105,6.437178831515465,6.052347445262123,6.428432464599609,4300,0.0,0.0
2012-03-28 00:00:00-04:00,6.358461504700048,6.472161742038128,6.096076405773652,6.236015319824219,16100,0.0,0.0
2012-03-29 00:00:00-04:00,6.122316769410666,6.472163525358365,6.122316769410666,6.174793720245361,3000,0.0,0.0
2012-03-30 00:00:00-04:00,6.227270906433937,6.437179134755734,6.104824683191907,6.201032638549805,4800,0.0,0.0
2012-04-02 00:00:00-04:00,6.1223171949026245,6.244763422026744,6.078586190976273,6.209778785705566,3000,0.0,0.0
2012-04-03 00:00:00-04:00,6.244761357823607,6.402192586279841,6.148553848266602,6.148553848266602,4700,0.0,0.0
2012-04-04 00:00:00-04:00,6.122315082486139,6.236015319824219,6.122315082486139,6.236015319824219,2700,0.0,0.0
2012-04-05 00:00:00-04:00,6.236016156387671,6.279746734042129,6.104823589324951,6.104823589324951,2600,0.0,0.0
2012-04-09 00:00:00-04:00,6.0523469044615,6.27100105322355,6.0523469044615,6.061092853546143,700,0.0,0.0
2012-04-10 00:00:00-04:00,6.244761822450395,6.244761822450395,6.166046619415283,6.166046619415283,200,0.0,0.0
2012-04-11 00:00:00-04:00,6.096077511120956,6.26225471496582,5.982377670216318,6.26225471496582,5600,0.0,0.0
2012-04-12 00:00:00-04:00,6.218524083384158,6.218524083384158,6.061092829975894,6.1310625076293945,2500,0.0,0.0
2012-04-13 00:00:00-04:00,5.964886331457328,6.209778785705566,5.964886331457328,6.209778785705566,10300,0.0,0.0
2012-04-16 00:00:00-04:00,6.2097775724279485,6.2797468313995815,5.9561388001309385,6.253508567810059,3300,0.0,0.0
2012-04-17 00:00:00-04:00,6.279746988408609,6.515893451866949,6.043600524950269,6.297239303588867,5300,0.0,0.0
2012-04-18 00:00:00-04:00,6.314731077170342,6.314731077170342,6.087330999330516,6.166046619415283,2300,0.0,0.0
2012-04-19 00:00:00-04:00,6.183539737536475,6.332224214634487,5.991123844974821,6.288493633270264,4000,0.0,0.0
2012-04-20 00:00:00-04:00,6.2710002762638135,6.367208206573131,6.0086151634382725,6.122315406799316,3500,0.0,0.0
2012-04-23 00:00:00-04:00,6.01736285100311,6.052347484795592,5.676262045951815,5.772469997406006,18100,0.0,0.0
2012-04-24 00:00:00-04:00,5.685007798391011,5.956138889499082,5.685007798391011,5.94739294052124,21700,0.0,0.0
2012-04-25 00:00:00-04:00,5.396384669649096,5.8949158814512295,5.396384669649096,5.868677616119385,3000,0.0,0.0
2012-04-26 00:00:00-04:00,5.93864625563993,6.0261078259708505,5.676261127597506,5.754976749420166,3800,0.0,0.0
2012-04-27 00:00:00-04:00,5.518831966124846,5.728740215301514,5.518831966124846,5.728740215301514,200,0.0,0.0
2012-04-30 00:00:00-04:00,5.562561945229818,5.868677685712888,5.562561945229818,5.597546577453613,8000,0.0,0.0
2012-05-01 00:00:00-04:00,5.588800210872808,5.597546577453613,5.422622999284921,5.597546577453613,1400,0.0,0.0
2012-05-02 00:00:00-04:00,5.571306778659391,5.580053143488034,5.116506233810657,5.50133752822876,7400,0.0,0.0
2012-05-03 00:00:00-04:00,5.405130673120185,5.422622989199549,4.959076404571533,4.959076404571533,6200,0.0,0.0
2012-05-04 00:00:00-04:00,4.950329759793857,5.230207218384028,4.854122235289161,4.967822074890137,6000,0.0,0.0
2012-05-07 00:00:00-04:00,5.151492118835449,5.151492118835449,5.151492118835449,5.151492118835449,200,0.0,0.0
2012-05-08 00:00:00-04:00,4.880360998586187,5.151492118835449,4.854122731782885,5.151492118835449,4200,0.0,0.0
2012-05-09 00:00:00-04:00,4.959074924419505,5.011551856994629,4.959074924419505,5.011551856994629,900,0.0,0.0
2012-05-10 00:00:00-04:00,5.107761458300313,5.763723957210125,5.107761458300313,5.422623157501221,17000,0.0,0.0
2012-05-11 00:00:00-04:00,5.361399998620982,5.597546470128691,5.29143073551495,5.466353893280029,10100,0.0,0.0
2012-05-14 00:00:00-04:00,5.431369152466721,5.431369152466721,5.335161209106445,5.335161209106445,1700,0.0,0.0
2012-05-15 00:00:00-04:00,5.510085105895996,5.510085105895996,5.510085105895996,5.510085105895996,100,0.0,0.0
2012-05-16 00:00:00-04:00,5.510085105895996,5.510085105895996,5.510085105895996,5.510085105895996,0,0.0,0.0
2012-05-17 00:00:00-04:00,5.4488615561754745,5.518830819007631,5.422622874088564,5.483846187591553,4700,0.0,0.0
2012-05-18 00:00:00-04:00,5.685007095736155,6.122315333869705,5.265191170445961,5.431368350982666,2800,0.0,0.0
2012-05-21 00:00:00-04:00,5.431368686998554,5.8162000104099265,5.247699182255634,5.317668437957764,3000,0.0,0.0
2012-05-22 00:00:00-04:00,5.4401154296450125,5.553815695285032,5.256446315137694,5.457607746124268,1200,0.0,0.0
2012-05-23 00:00:00-04:00,5.387637025792756,5.422621649307025,4.994059802732424,5.29142951965332,12000,0.0,0.0
2012-05-24 00:00:00-04:00,5.396383390196128,5.396383390196128,5.177729284707141,5.29142951965332,1600,0.0,0.0
2012-05-25 00:00:00-04:00,5.396385192871094,5.396385192871094,5.396385192871094,5.396385192871094,400,0.0,0.0
2012-05-29 00:00:00-04:00,5.370145320892334,5.370145320892334,5.370145320892334,5.370145320892334,300,0.0,0.0
2012-05-30 00:00:00-04:00,5.212714497287552,5.370145320892334,5.212714497287552,5.370145320892334,400,0.0,0.0
2012-05-31 00:00:00-04:00,5.265191691623935,5.396384259460097,5.029045236338712,5.378891944885254,11900,0.0,0.0
2012-06-01 00:00:00-04:00,5.256446699015186,5.291431334528618,5.072777154044787,5.160238742828369,1100,0.0,0.0
2012-06-04 00:00:00-04:00,4.819139003753662,4.819139003753662,4.819139003753662,4.819139003753662,9900,0.0,0.0
2012-06-05 00:00:00-04:00,4.8278835404172,5.658769130706787,4.8278835404172,5.658769130706787,1700,0.0,0.0
2012-06-06 00:00:00-04:00,5.641277248203696,5.641277248203696,5.343907869610216,5.5275774002075195,1600,0.0,0.0
2012-06-07 00:00:00-04:00,5.606293283464158,5.685008925113969,5.160238953898019,5.352654457092285,1300,0.0,0.0
2012-06-08 00:00:00-04:00,5.448861796409501,5.466354112888756,5.448861796409501,5.457607746124268,900,0.0,0.0
2012-06-11 00:00:00-04:00,5.221460106453303,5.247698783874512,5.125252595691336,5.247698783874512,600,0.0,0.0
2012-06-12 00:00:00-04:00,5.099014824964989,5.483846187591553,5.072776559927782,5.483846187591553,900,0.0,0.0
2012-06-13 00:00:00-04:00,5.483846187591553,5.483846187591553,5.483846187591553,5.483846187591553,0,0.0,0.0
2012-06-14 00:00:00-04:00,5.483846187591553,5.483846187591553,5.483846187591553,5.483846187591553,0,0.0,0.0
2012-06-15 00:00:00-04:00,5.483845492639687,5.492591857910156,5.483845492639687,5.492591857910156,400,0.0,0.0
2012-06-18 00:00:00-04:00,5.492593247506864,5.492593247506864,4.941584607554551,5.125254154205322,1400,0.0,0.0
2012-06-19 00:00:00-04:00,5.501338003214661,5.501338003214661,5.029045104980469,5.029045104980469,3600,0.0,0.0
2012-06-20 00:00:00-04:00,5.029044667879741,5.247698783874512,5.029044667879741,5.247698783874512,1300,0.0,0.0
2012-06-21 00:00:00-04:00,5.160237669389892,5.238952874395814,5.029045104980469,5.029045104980469,1200,0.0,0.0
2012-06-22 00:00:00-04:00,5.029045104980469,5.029045104980469,5.029045104980469,5.029045104980469,400,0.0,0.0
2012-06-25 00:00:00-04:00,4.98531436920166,5.230207196578265,4.98531436920166,4.98531436920166,4500,0.0,0.0
2012-06-26 00:00:00-04:00,4.985314033701696,5.0990142822265625,4.985314033701696,5.0990142822265625,3400,0.0,0.0
2012-06-27 00:00:00-04:00,5.0990142822265625,5.0990142822265625,5.0990142822265625,5.0990142822265625,0,0.0,0.0
2012-06-28 00:00:00-04:00,5.029045104980469,5.029045104980469,4.994060476744578,5.029045104980469,1100,0.0,0.0
2012-06-29 00:00:00-04:00,5.037791509611366,5.238952915002074,4.985314149801121,5.2302069664001465,7400,0.0,0.0
2012-07-02 00:00:00-04:00,5.125252364972003,5.125252364972003,4.469290046516614,4.679197788238525,15500,0.0,0.0
2012-07-03 00:00:00-04:00,4.766660190880412,4.854122182459614,4.766660190880412,4.836629867553711,1500,0.0,0.0
2012-07-05 00:00:00-04:00,4.792898023529366,4.792898023529366,4.679197788238525,4.679197788238525,700,0.0,0.0
2012-07-06 00:00:00-04:00,4.679197788238525,4.679197788238525,4.679197788238525,4.679197788238525,700,0.0,0.0
2012-07-09 00:00:00-04:00,4.679197788238525,4.679197788238525,4.679197788238525,4.679197788238525,0,0.0,0.0
2012-07-10 00:00:00-04:00,4.687945725898462,4.775407314300537,4.687945725898462,4.775407314300537,200,0.0,0.0
2012-07-11 00:00:00-04:00,4.6791993815156525,4.757915019989014,4.6791993815156525,4.757915019989014,200,0.0,0.0
2012-07-12 00:00:00-04:00,4.679197788238525,4.810390335339526,4.591736229187729,4.679197788238525,2700,0.0,0.0
2012-07-13 00:00:00-04:00,4.897852870662916,4.897852870662916,4.679198720927521,4.696691036224365,1100,0.0,0.0
2012-07-16 00:00:00-04:00,4.679197788238525,4.679197788238525,4.679197788238525,4.679197788238525,400,0.0,0.0
2012-07-17 00:00:00-04:00,4.722929954528809,4.722929954528809,4.722929954528809,4.722929954528809,700,0.0,0.0
2012-07-18 00:00:00-04:00,4.72292933660965,4.924091154816809,4.60922908782959,4.60922908782959,1700,0.0,0.0
2012-07-19 00:00:00-04:00,4.6267220070469115,4.722929954528809,4.617976057484765,4.722929954528809,7000,0.0,0.0
2012-07-20 00:00:00-04:00,4.6092301104503335,4.792899655521674,4.591737792684003,4.757915019989014,1200,0.0,0.0
2012-07-23 00:00:00-04:00,4.591737792684003,4.775407337755344,4.591737792684003,4.757915019989014,5600,0.0,0.0
2012-07-24 00:00:00-04:00,4.8628679113960125,4.8628679113960125,4.722929398479475,4.792898654937744,2900,0.0,0.0
2012-07-25 00:00:00-04:00,4.854122424052548,4.854122424052548,4.652960584097855,4.810391426086426,1900,0.0,0.0
2012-07-26 00:00:00-04:00,4.757914167925819,4.792898797193313,4.600483336222089,4.67045259475708,7100,0.0,0.0
2012-07-27 00:00:00-04:00,4.65296195278716,4.679200225645173,4.591738621035415,4.6442155838012695,13600,0.0,0.0
2012-07-30 00:00:00-04:00,4.635467217237933,4.679197788238525,4.635467217237933,4.679197788238525,1600,0.0,0.0
2012-07-31 00:00:00-04:00,4.679198805820877,4.679198805820877,4.6267218589782715,4.6267218589782715,1700,0.0,0.0
2012-08-01 00:00:00-04:00,4.6442149104764106,4.766661139177643,4.63546895980835,4.63546895980835,11300,0.0,0.0
2012-08-02 00:00:00-04:00,4.7054370227242295,4.7054370227242295,4.59173677394417,4.60922908782959,3900,0.0,0.0
2012-08-03 00:00:00-04:00,4.784152452246819,4.784152452246819,4.591736990435203,4.652960300445557,4400,0.0,0.0
2012-08-06 00:00:00-04:00,4.652960300445557,4.652960300445557,4.652960300445557,4.652960300445557,500,0.0,0.0
2012-08-07 00:00:00-04:00,4.661707263288094,4.661707263288094,4.373083799264594,4.416814804077148,8800,0.0,0.0
2012-08-08 00:00:00-04:00,4.355591480749527,4.54800698441527,4.355591480749527,4.416814804077148,9300,0.0,0.0
2012-08-09 00:00:00-04:00,4.548006950829131,4.7229305517378,4.46054535889968,4.63546895980835,5400,0.0,0.0
2012-08-10 00:00:00-04:00,4.530513826313433,4.530513826313433,4.460544565219742,4.478036880493164,3400,0.0,0.0
2012-08-13 00:00:00-04:00,4.451798957124071,4.582991123199463,4.373083323839056,4.582991123199463,3500,0.0,0.0
2012-08-14 00:00:00-04:00,4.54800664914667,4.54800664914667,4.3905757941165025,4.460545063018799,4700,0.0,0.0
2012-08-15 00:00:00-04:00,4.460545063018799,4.521768381833178,4.416814478479734,4.460545063018799,4200,0.0,0.0
2012-08-16 00:00:00-04:00,4.460544033832365,4.530513286590576,4.460544033832365,4.530513286590576,2500,0.0,0.0
2012-08-17 00:00:00-04:00,4.46054535889968,4.63546895980835,4.373083766970229,4.63546895980835,7800,0.0,0.0
2012-08-20 00:00:00-04:00,4.565498114053255,4.6004831590228905,4.548005800093268,4.591736793518066,3400,0.0,0.0
2012-08-21 00:00:00-04:00,4.7141828536987305,4.7141828536987305,4.7141828536987305,4.7141828536987305,100,0.0,0.0
2012-08-22 00:00:00-04:00,4.61797571182251,4.6354680266871915,4.548006035314099,4.61797571182251,11800,0.0,0.0
2012-08-23 00:00:00-04:00,4.6004831590228905,4.626721421438041,4.548005800093268,4.591736793518066,2500,0.0,0.0
2012-08-24 00:00:00-04:00,4.548005800093268,4.591736793518066,4.548005800093268,4.591736793518066,1100,0.0,0.0
2012-08-27 00:00:00-04:00,4.600483024800909,4.880360039995115,4.600483024800909,4.7141828536987305,400,0.0,0.0
2012-08-28 00:00:00-04:00,4.705437257450835,5.099014548030871,4.705437257450835,4.871614456176758,7500,0.0,0.0
2012-08-29 00:00:00-04:00,5.081522047334305,5.5363226314505525,5.029045104980469,5.029045104980469,3100,0.0,0.0
2012-08-30 00:00:00-04:00,4.959075848508687,5.029045104980469,4.819137335565124,5.029045104980469,1200,0.0,0.0
2012-08-31 00:00:00-04:00,5.029045104980469,5.029045104980469,5.029045104980469,5.029045104980469,200,0.0,0.0
2012-09-04 00:00:00-04:00,4.94158411026001,4.94158411026001,4.94158411026001,4.94158411026001,2400,0.0,0.0
2012-09-05 00:00:00-04:00,4.862868479031269,4.94158411026001,4.862868479031269,4.94158411026001,6600,0.0,0.0
2012-09-06 00:00:00-04:00,4.906600604619014,4.941585244965154,4.757915674623011,4.819139003753662,5700,0.0,0.0
2012-09-07 00:00:00-04:00,4.94158411026001,5.168984220293454,4.810391530562012,4.94158411026001,19700,0.0,0.0
2012-09-10 00:00:00-04:00,5.413877010345459,5.413877010345459,5.413877010345459,5.413877010345459,400,0.0,0.0
2012-09-11 00:00:00-04:00,4.722930005985962,5.326415546138864,4.722930005985962,5.107761383056641,12200,0.0,0.0
2012-09-12 00:00:00-04:00,5.247699851522195,5.282684483835032,4.94158411026001,4.94158411026001,12700,0.0,0.0
2012-09-13 00:00:00-04:00,4.94158411026001,4.94158411026001,4.94158411026001,4.94158411026001,0,0.0,0.0
2012-09-14 00:00:00-04:00,4.950329482924881,5.0465374190984145,4.950329482924881,5.029045104980469,13400,0.0,0.0
2012-09-17 00:00:00-04:00,4.9765681626266325,5.029045104980469,4.9765681626266325,5.029045104980469,5900,0.0,0.0
2012-09-18 00:00:00-04:00,5.046537984968356,5.282684460564633,4.950330038006995,4.959076404571533,2100,0.0,0.0
2012-09-19 00:00:00-04:00,5.0290456910421035,5.0290456910421035,4.644214318551176,4.94158411026001,2800,0.0,0.0
2012-09-20 00:00:00-04:00,5.011552180411519,5.2476986007639095,4.897851943969727,4.897851943969727,19200,0.0,0.0
2012-09-21 00:00:00-04:00,5.04653810879863,5.238953590393066,5.020299425510891,5.238953590393066,7100,0.0,0.0
2012-09-24 00:00:00-04:00,5.03779205764517,5.03779205764517,4.924091794103591,4.94158411026001,1500,0.0,0.0
2012-09-25 00:00:00-04:00,4.932837168806936,5.029045104980469,4.932837168806936,5.029045104980469,900,0.0,0.0
2012-09-26 00:00:00-04:00,5.099013918270127,5.273937461295722,4.9240907922941615,5.247698783874512,10400,0.0,0.0
2012-09-27 00:00:00-04:00,5.2302073792688075,5.282684326171875,5.142745801097028,5.282684326171875,1100,0.0,0.0
2012-09-28 00:00:00-04:00,5.221461979825913,5.335162261028851,4.985315466508154,5.265192985534668,3900,0.0,0.0
2012-10-01 00:00:00-04:00,5.256445148698125,5.265191096472108,5.125252595691336,5.247698783874512,6100,0.0,0.0
2012-10-02 00:00:00-04:00,5.247698783874512,5.247698783874512,5.247698783874512,5.247698783874512,0,0.0,0.0
2012-10-03 00:00:00-04:00,5.326414939102442,5.728738586686023,5.326414939102442,5.667515277862549,11000,0.0,0.0
2012-10-04 00:00:00-04:00,5.65002296349151,5.685007592233589,5.641276597781154,5.667515277862549,3700,0.0,0.0
2012-10-05 00:00:00-04:00,5.667516007262763,5.72873932396558,5.300176941145312,5.422623157501221,5500,0.0,0.0
2012-10-08 00:00:00-04:00,5.457607069103268,5.772469143720663,5.317668554628724,5.685007572174072,18000,0.0,0.0
2012-10-09 00:00:00-04:00,5.728740215301514,5.728740215301514,5.728740215301514,5.728740215301514,700,0.0,0.0
2012-10-10 00:00:00-04:00,5.781215563073334,6.104823589324951,5.781215563073334,6.104823589324951,1100,0.0,0.0
2012-10-11 00:00:00-04:00,5.956137783474043,5.956137783474043,5.247698531735679,5.29142951965332,3500,0.0,0.0
2012-10-12 00:00:00-04:00,5.597546000627482,5.947392703863513,5.492592114771574,5.685007572174072,2800,0.0,0.0
2012-10-15 00:00:00-04:00,5.685007609201555,6.069838943562697,5.685007609201555,5.88616943359375,6300,0.0,0.0
2012-10-16 00:00:00-04:00,5.816200454397848,5.833692769658681,5.816200454397848,5.824946403503418,1500,0.0,0.0
2012-10-17 00:00:00-04:00,5.816200256347656,5.851184885678044,5.816200256347656,5.816200256347656,5400,0.0,0.0
2012-10-18 00:00:00-04:00,5.597546577453613,5.597546577453613,5.597546577453613,5.597546577453613,100,0.0,0.0
2012-10-19 00:00:00-04:00,5.597546577453613,5.597546577453613,5.597546577453613,5.597546577453613,0,0.0,0.0
2012-10-22 00:00:00-04:00,5.7724690240963925,5.798707703541454,5.7724690240963925,5.789961338043213,1000,0.0,0.0
2012-10-23 00:00:00-04:00,5.57130789476091,5.702500474125001,5.396384733641931,5.597546577453613,3000,0.0,0.0
2012-10-24 00:00:00-04:00,5.422623047782038,5.615038943783496,5.247699885098637,5.343907833099365,5600,0.0,0.0
2012-10-25 00:00:00-04:00,5.291430884294345,5.396384781904386,5.291430884294345,5.343907833099365,2200,0.0,0.0
2012-10-26 00:00:00-04:00,5.300175467007083,5.300175467007083,5.29142951965332,5.29142951965332,800,0.0,0.0
2012-10-31 00:00:00-04:00,5.265192167678614,5.335161432304289,4.854122529477916,4.94158411026001,5900,0.0,0.0
2012-11-01 00:00:00-04:00,4.862868309020996,4.871614675318281,4.862868309020996,4.862868309020996,500,0.0,0.0
2012-11-02 00:00:00-04:00,4.85412235977341,5.081522461856741,4.85412235977341,4.862868309020996,600,0.0,0.0
2012-11-05 00:00:00-05:00,4.871615143394401,4.871615143394401,4.066967716918511,4.460545063018799,19900,0.0,0.0
2012-11-06 00:00:00-05:00,4.600484017873131,4.600484017873131,4.399322161254159,4.460545063018799,6300,0.0,0.0
2012-11-07 00:00:00-05:00,4.460544799789492,4.609229695957427,4.460544799789492,4.504275798797607,4100,0.0,0.0
2012-11-08 00:00:00-05:00,4.469290595798157,4.7229293567428,4.469290595798157,4.591736793518066,5400,0.0,0.0
2012-11-09 00:00:00-05:00,4.548006534576416,4.548006534576416,4.548006534576416,4.548006534576416,600,0.0,0.0
2012-11-12 00:00:00-05:00,4.548006534576416,4.548006534576416,4.548006534576416,4.548006534576416,1000,0.0,0.0
2012-11-13 00:00:00-05:00,4.57424357793337,4.722928425810965,4.390574109031585,4.53925895690918,2000,0.0,0.0
2012-11-14 00:00:00-05:00,4.565498851361336,4.565498851361336,4.548006534576416,4.548006534576416,8800,0.0,0.0
2012-11-15 00:00:00-05:00,4.495529584221657,4.57424521827866,4.460544950651817,4.548006534576416,6900,0.0,0.0
2012-11-16 00:00:00-05:00,4.548006534576416,4.548006534576416,4.390575683512139,4.548006534576416,10400,0.0,0.0
2012-11-19 00:00:00-05:00,4.548006534576416,4.548006534576416,4.548006534576416,4.548006534576416,300,0.0,0.0
2012-11-20 00:00:00-05:00,4.5567529014937405,4.5567529014937405,4.548006534576416,4.548006534576416,2000,0.0,0.0
2012-11-21 00:00:00-05:00,4.5567529014937405,4.565498851361336,4.373083366727219,4.548006534576416,3800,0.0,0.0
2012-11-23 00:00:00-05:00,4.582990604538664,4.67045259475708,4.582990604538664,4.67045259475708,400,0.0,0.0
2012-11-26 00:00:00-05:00,4.801645059673319,4.827883741862934,4.801645059673319,4.810391426086426,6600,0.0,0.0
2012-11-27 00:00:00-05:00,4.810392635142223,5.055285534615016,4.810392635142223,4.819139003753662,3600,0.0,0.0
2012-11-28 00:00:00-05:00,4.5567528939335356,4.661706794468923,4.548006527030723,4.6004838943481445,3800,0.0,0.0
2012-11-29 00:00:00-05:00,4.6092294597401455,4.696691036224365,4.6092294597401455,4.696691036224365,500,0.0,0.0
2012-11-30 00:00:00-05:00,4.635468535550744,4.679199118988178,4.548006534576416,4.548006534576416,4000,0.0,0.0
2012-12-03 00:00:00-05:00,4.548006534576416,4.775407069830101,4.548006534576416,4.548006534576416,3800,0.0,0.0
2012-12-04 00:00:00-05:00,4.59173753506358,4.679199118988178,4.548006534576416,4.548006534576416,8000,0.0,0.0
2012-12-05 00:00:00-05:00,4.582991168146256,4.652960852335664,4.548006534576416,4.548006534576416,3100,0.0,0.0
2012-12-06 00:00:00-05:00,4.600483552036004,4.661706447601318,4.548006188623311,4.661706447601318,5000,0.0,0.0
2012-12-07 00:00:00-05:00,4.679198720927521,4.696691036224365,4.679198720927521,4.696691036224365,900,0.0,0.0
2012-12-10 00:00:00-05:00,4.679198720927521,4.696691036224365,4.548006147676345,4.696691036224365,2600,0.0,0.0
2012-12-11 00:00:00-05:00,4.6267220070469115,4.8103915353988445,4.6267220070469115,4.722929954528809,3400,0.0,0.0
2012-12-12 00:00:00-05:00,4.64421391428162,4.705437224024576,4.548005975271169,4.67045259475708,15200,0.0,0.0
2012-12-13 00:00:00-05:00,4.565498843786621,4.617976211104042,4.548006527030723,4.6004838943481445,2100,0.0,0.0
2012-12-14 00:00:00-05:00,4.5567529014937405,4.801645336482617,4.478037267436737,4.548006534576416,13900,0.0,0.0
2012-12-17 00:00:00-05:00,4.521766981947092,4.696690100048685,4.521766981947092,4.679197788238525,15500,0.0,0.0
2012-12-18 00:00:00-05:00,4.626722592090521,4.6529612781942395,4.548006950829131,4.63546895980835,12700,0.0,0.0
2012-12-19 00:00:00-05:00,4.565499269215021,4.766661139177643,4.548006950829131,4.63546895980835,6100,0.0,0.0
2012-12-20 00:00:00-05:00,4.63546798573541,4.687944929865851,4.548005995134996,4.652960300445557,6500,0.0,0.0
2012-12-21 00:00:00-05:00,4.626721619855497,4.7054372445759975,4.469290787464175,4.652960300445557,3900,0.0,0.0
2012-12-24 00:00:00-05:00,4.469290595798157,4.757913984662775,4.469290595798157,4.591736793518066,17800,0.0,0.0
2012-12-26 00:00:00-05:00,4.565498114053255,4.679198363318002,4.4605442302933325,4.591736793518066,12500,0.0,0.0
2012-12-27 00:00:00-05:00,4.591737794112882,4.591737794112882,4.556753158569336,4.556753158569336,800,0.0,0.0
2012-12-28 00:00:00-05:00,4.57424521827866,4.679199118988178,4.548006534576416,4.548006534576416,9500,0.0,0.0
2012-12-31 00:00:00-05:00,4.521767405752714,4.722929218948374,4.521767405752714,4.7141828536987305,9600,0.0,0.0
2013-01-02 00:00:00-05:00,4.722929601010601,4.722929601010601,4.61797571182251,4.61797571182251,12600,0.0,0.0
2013-01-03 00:00:00-05:00,4.679199547248191,4.679199547248191,4.63546895980835,4.63546895980835,1800,0.0,0.0
2013-01-04 00:00:00-05:00,4.600483741310758,4.792899219224838,4.565498691913029,4.722929954528809,12900,0.0,0.0
2013-01-07 00:00:00-05:00,4.687945895262306,4.81039212344889,4.687945895262306,4.801645755767822,13800,0.0,0.0
2013-01-08 00:00:00-05:00,4.784152830548811,4.810391513213668,4.740422248840332,4.740422248840332,1300,0.0,0.0
2013-01-09 00:00:00-05:00,4.600483469809623,4.731675624847412,4.600483469809623,4.731675624847412,1700,0.0,0.0
2013-01-10 00:00:00-05:00,4.609229398639239,4.801644864353822,4.609229398639239,4.7491679191589355,8600,0.0,0.0
2013-01-11 00:00:00-05:00,4.705437638354801,4.722929954528809,4.548006375739022,4.722929954528809,4200,0.0,0.0
2013-01-14 00:00:00-05:00,4.617975724631421,4.784152507781982,4.609229358649978,4.784152507781982,15100,0.0,0.0
2013-01-15 00:00:00-05:00,4.670453431157364,4.757915019989014,4.635468795624704,4.757915019989014,1900,0.0,0.0
2013-01-16 00:00:00-05:00,4.64421472317255,4.7841532646158695,4.60923008781172,4.775407314300537,4100,0.0,0.0
2013-01-17 00:00:00-05:00,4.7316754874503575,4.757914167925819,4.6354679654895845,4.67045259475708,6000,0.0,0.0
2013-01-18 00:00:00-05:00,4.635468373658772,4.8103915353988445,4.635468373658772,4.722929954528809,6600,0.0,0.0
2013-01-22 00:00:00-05:00,4.609229265033132,4.722929518184441,4.609229265033132,4.6879448890686035,5400,0.0,0.0
2013-01-23 00:00:00-05:00,4.652960456507102,4.714183351521209,4.6092294597401455,4.696691036224365,2300,0.0,0.0
2013-01-24 00:00:00-05:00,4.609229690872904,4.731675904090955,4.609229690872904,4.722929954528809,7000,0.0,0.0
2013-01-25 00:00:00-05:00,4.7229305517378,4.740422870123691,4.63546895980835,4.63546895980835,8400,0.0,0.0
2013-01-28 00:00:00-05:00,4.801645755767822,4.801645755767822,4.801645755767822,4.801645755767822,700,0.0,0.0
2013-01-29 00:00:00-05:00,4.722930106985825,4.766660690307617,4.635468523292514,4.766660690307617,6800,0.0,0.0
2013-01-30 00:00:00-05:00,4.652960239932167,4.766660075544576,4.548005935986573,4.705437183380127,15800,0.0,0.0
2013-01-31 00:00:00-05:00,4.65296008106797,4.65296008106797,4.59173677394417,4.60922908782959,12700,0.0,0.0
2013-02-01 00:00:00-05:00,4.705437203626523,4.722929518184441,4.574244635917295,4.6879448890686035,4400,0.0,0.0
2013-02-04 00:00:00-05:00,4.644214323220918,4.76666053643897,4.57424505852489,4.722929954528809,18900,0.0,0.0
2013-02-05 00:00:00-05:00,4.722929847203886,4.810391426086426,4.722929847203886,4.810391426086426,7200,0.0,0.0
2013-02-06 00:00:00-05:00,4.7928993553684816,5.160238422506716,4.7928993553684816,5.037792205810547,8100,0.0,0.0
2013-02-07 00:00:00-05:00,4.819137954516061,5.107761383056641,4.74042232235055,5.107761383056641,3900,0.0,0.0
2013-02-08 00:00:00-05:00,5.203968825877741,5.466353983926077,5.0727766639032845,5.177730560302734,30100,0.0,0.0
2013-02-11 00:00:00-05:00,5.221462652305919,5.4663555651254665,5.029047119915429,5.308924674987793,75200,0.0,0.0
2013-02-12 00:00:00-05:00,5.308924674987793,5.387639911531713,5.247701342520448,5.308924674987793,354900,0.0,0.0
2013-02-13 00:00:00-05:00,5.291432353861384,5.396386280619834,5.273940032734976,5.308924674987793,96400,0.0,0.0
2013-02-14 00:00:00-05:00,5.466353314849619,5.466353314849619,5.308922489519827,5.317668437957764,19600,0.0,0.0
2013-02-15 00:00:00-05:00,5.466353719051255,5.466353719051255,5.387638092041016,5.387638092041016,900,0.0,0.0
2013-02-19 00:00:00-05:00,5.466353746317104,5.658769214685601,5.466353746317104,5.588799953460693,4100,0.0,0.0
2013-02-20 00:00:00-05:00,5.588800853383984,5.6587701258755265,5.475100994110107,5.475100994110107,4000,0.0,0.0
2013-02-21 00:00:00-05:00,5.475100364670328,5.597546577453613,5.4401153153968185,5.597546577453613,4000,0.0,0.0
2013-02-22 00:00:00-05:00,5.40513168186456,5.903663408740577,5.40513168186456,5.728740215301514,14700,0.0,0.0
2013-02-25 00:00:00-05:00,5.615037441253662,5.650022064428795,5.597545129666096,5.615037441253662,2400,0.0,0.0
2013-02-26 00:00:00-05:00,5.6237841853989545,5.754976749420166,5.6237841853989545,5.754976749420166,3500,0.0,0.0
2013-02-27 00:00:00-05:00,5.8161999395332105,5.859930515289307,5.711246057258994,5.859930515289307,4400,0.0,0.0
2013-02-28 00:00:00-05:00,5.894916605649519,5.903662973201109,5.8336937009874275,5.842439651489258,6100,0.0,0.0
2013-03-01 00:00:00-05:00,5.8161999395332105,5.929900187188441,5.8161999395332105,5.859930515289307,7100,0.0,0.0
2013-03-04 00:00:00-05:00,5.886169063468625,6.034853935241699,5.8161998101753305,6.034853935241699,1200,0.0,0.0
2013-03-05 00:00:00-05:00,5.99112354294244,5.99112354294244,5.859930971364203,5.877423286437988,3100,0.0,0.0
2013-03-06 00:00:00-05:00,5.859931424732425,5.89491605758667,5.859931424732425,5.89491605758667,700,0.0,0.0
2013-03-07 00:00:00-05:00,5.868675870547784,6.0086143561603835,5.859929506672204,5.9823760986328125,3600,0.0,0.0
2013-03-08 00:00:00-05:00,5.9386469634006,6.017362594604492,5.9386469634006,6.017362594604492,1500,0.0,0.0
2013-03-11 00:00:00-04:00,5.87742320263551,5.9998698234558105,5.87742320263551,5.9998698234558105,1100,0.0,0.0
2013-03-12 00:00:00-04:00,5.94739294052124,6.026108149520559,5.94739294052124,5.94739294052124,2100,0.0,0.0
2013-03-13 00:00:00-04:00,5.947392368625081,6.034853935241699,5.947392368625081,6.034853935241699,500,0.0,0.0
2013-03-14 00:00:00-04:00,5.999869308595052,6.043599883378538,5.999869308595052,6.034853935241699,1200,0.0,0.0
2013-03-15 00:00:00-04:00,6.034856063705857,6.034856063705857,5.98237910522752,6.02610969543457,9400,0.0,0.0
2013-03-18 00:00:00-04:00,5.982376774811197,5.991122722625732,5.982376774811197,5.991122722625732,5600,0.0,0.0
2013-03-19 00:00:00-04:00,6.026108149520559,6.026108149520559,5.94739294052124,5.94739294052124,900,0.0,0.0
2013-03-20 00:00:00-04:00,5.94739339532689,5.964885711669922,5.94739339532689,5.964885711669922,600,0.0,0.0
2013-03-21 00:00:00-04:00,5.96488574034488,5.96488574034488,5.89491605758667,5.89491605758667,2000,0.0,0.0
2013-03-22 00:00:00-04:00,5.842438955298497,5.851185321807861,5.824946639329478,5.851185321807861,2800,0.0,0.0
2013-03-25 00:00:00-04:00,5.641276597781154,5.667515277862549,5.641276597781154,5.667515277862549,800,0.0,0.0
2013-03-26 00:00:00-04:00,5.667515277862549,5.667515277862549,5.667515277862549,5.667515277862549,0,0.0,0.0
2013-03-27 00:00:00-04:00,5.9386467933654785,5.9386467933654785,5.9386467933654785,5.9386467933654785,500,0.0,0.0
2013-03-28 00:00:00-04:00,6.017362422315588,6.017362422315588,5.9299008440653,5.9386467933654785,1100,0.0,0.0
2013-04-01 00:00:00-04:00,6.069838561888346,6.078584510025185,6.017361621918376,6.034853935241699,4000,0.0,0.0
2013-04-02 00:00:00-04:00,6.052347880453695,6.061093830948696,6.0436015129089355,6.0436015129089355,900,0.0,0.0
2013-04-03 00:00:00-04:00,6.0610932641063116,6.113570213317871,5.903662416471634,6.113570213317871,3100,0.0,0.0
2013-04-04 00:00:00-04:00,6.034854589242523,6.122316165337406,5.956138962232284,6.061092853546143,19000,0.0,0.0
2013-04-05 00:00:00-04:00,6.034853942923317,6.034853942923317,5.781215190887451,5.781215190887451,500,0.0,0.0
2013-04-08 00:00:00-04:00,5.781215190887451,5.781215190887451,5.781215190887451,5.781215190887451,0,0.0,0.0
2013-04-09 00:00:00-04:00,6.122315406799316,6.148554084901726,6.096076728696906,6.122315406799316,1300,0.0,0.0
2013-04-10 00:00:00-04:00,5.77246886393179,5.833692169571774,5.737484237008842,5.746230602264404,2800,0.0,0.0
2013-04-11 00:00:00-04:00,5.833693158616601,5.96488574034488,5.728739260053866,5.89491605758667,6800,0.0,0.0
2013-04-12 00:00:00-04:00,5.833692707278368,5.877423286437988,5.833692707278368,5.877423286437988,1300,0.0,0.0
2013-04-15 00:00:00-04:00,5.851185586454388,5.9473935371602895,5.807454586029053,5.807454586029053,7500,0.0,0.0
2013-04-16 00:00:00-04:00,5.807454586029053,5.807454586029053,5.807454586029053,5.807454586029053,0,0.0,0.0
2013-04-17 00:00:00-04:00,5.74623088078152,5.74623088078152,5.247699297391452,5.685007572174072,59400,0.0,0.0
2013-04-18 00:00:00-04:00,5.597546020378391,5.667515277862549,5.553815025925956,5.667515277862549,3500,0.0,0.0
2013-04-19 00:00:00-04:00,5.247699297391452,5.685007572174072,5.22146061740264,5.685007572174072,3500,0.0,0.0
2013-04-22 00:00:00-04:00,5.623784204762135,5.737484455108643,5.623784204762135,5.737484455108643,1100,0.0,0.0
2013-04-23 00:00:00-04:00,5.789961458029981,5.789961458029981,5.597546000627482,5.685007572174072,2200,0.0,0.0
2013-04-24 00:00:00-04:00,5.650022865023062,5.8424383197510865,5.562561294692142,5.754976749420166,37500,0.0,0.0
2013-04-25 00:00:00-04:00,5.746232753631804,6.0873332023620605,5.746232753631804,6.0873332023620605,6600,0.0,0.0
2013-04-26 00:00:00-04:00,6.0348543147162,6.096077206672734,5.88616943359375,5.88616943359375,500,0.0,0.0
2013-04-29 00:00:00-04:00,5.956139087677002,5.956139087677002,5.956139087677002,5.956139087677002,1700,0.0,0.0
2013-04-30 00:00:00-04:00,6.05234615459241,6.192284659006224,6.0348538415406825,6.122315406799316,12700,0.0,0.0
2013-05-01 00:00:00-04:00,5.947392149453791,6.043599660661841,5.938645784589624,5.991122722625732,8700,0.0,0.0
2013-05-02 00:00:00-04:00,5.9998701500380776,6.122316360473633,5.903662204742432,5.903662204742432,1600,0.0,0.0
2013-05-03 00:00:00-04:00,6.043599883378538,6.043599883378538,5.947392368625081,6.034853935241699,3300,0.0,0.0
2013-05-06 00:00:00-04:00,6.122315171174021,6.340969284430236,5.842437756068201,6.148553848266602,14000,0.0,0.0
2013-05-07 00:00:00-04:00,6.34097062135425,6.603355779402587,6.253509041021375,6.472163200378418,10800,0.0,0.0
2013-05-08 00:00:00-04:00,6.271001644264234,6.647086665443012,6.174793692967437,6.612102031707764,3400,0.0,0.0
2013-05-09 00:00:00-04:00,6.340970389511911,6.507147594593359,6.340970389511911,6.445924282073975,10800,0.0,0.0
2013-05-10 00:00:00-04:00,6.47216278544207,6.550877994170295,6.340970214828778,6.4196858406066895,10100,0.0,0.0
2013-05-13 00:00:00-04:00,6.419685758962135,6.533385596134598,6.340970134185317,6.489655017852783,6700,0.0,0.0
2013-05-14 00:00:00-04:00,6.489655408830004,6.559624671936035,6.43717846150048,6.559624671936035,8200,0.0,0.0
2013-05-15 00:00:00-04:00,6.585862617058856,6.6033549308776855,6.472162368711638,6.6033549308776855,5100,0.0,0.0
2013-05-16 00:00:00-04:00,6.559623899253797,6.638339519500732,6.51589290643891,6.638339519500732,1800,0.0,0.0
2013-05-17 00:00:00-04:00,6.760786664514945,6.760786664514945,6.55962482001904,6.655832767486572,11900,0.0,0.0
2013-05-20 00:00:00-04:00,6.647086250818575,6.778278827667236,6.568371038349142,6.778278827667236,10200,0.0,0.0
2013-05-21 00:00:00-04:00,6.725801880337713,6.778278827667236,6.647086250818575,6.778278827667236,1200,0.0,0.0
2013-05-22 00:00:00-04:00,6.752040475479595,6.752040475479595,6.647086575690988,6.682071208953857,11000,0.0,0.0
2013-05-23 00:00:00-04:00,6.585863676005831,6.682071208953857,6.515893992430367,6.682071208953857,6500,0.0,0.0
2013-05-24 00:00:00-04:00,6.524639054352774,6.594608306884766,6.393446497330471,6.594608306884766,8500,0.0,0.0
2013-05-28 00:00:00-04:00,6.647086489128353,6.647086489128353,6.384701743073778,6.5858635902404785,35600,0.0,0.0
2013-05-29 00:00:00-04:00,6.5596249071101616,6.5858635902404785,6.384701743073778,6.5858635902404785,18600,0.0,0.0
2013-05-30 00:00:00-04:00,6.533386201355254,6.769532680511475,6.384701720964071,6.769532680511475,22300,0.0,0.0
2013-05-31 00:00:00-04:00,6.673325655754185,6.673325655754185,6.384702205657959,6.384702205657959,5000,0.0,0.0
2013-06-03 00:00:00-04:00,6.507147594593359,6.559624540874391,6.349716755750265,6.445924282073975,30600,0.0,0.0
2013-06-04 00:00:00-04:00,6.454670648312328,6.559624540874391,6.4109396512199535,6.445924282073975,10500,0.0,0.0
2013-06-05 00:00:00-04:00,6.498400323411659,6.498400323411659,6.384700497494359,6.393446445465088,4700,0.0,0.0
2013-06-06 00:00:00-04:00,6.40219452332895,6.41094047363957,6.349717570315977,6.384702205657959,7100,0.0,0.0
2013-06-07 00:00:00-04:00,6.402193786840828,6.410939736145342,6.367209155523367,6.375955104827881,4400,0.0,0.0
2013-06-10 00:00:00-04:00,6.3759547710104165,6.4284317152391415,6.253508567810059,6.253508567810059,10300,0.0,0.0
2013-06-11 00:00:00-04:00,6.201031768233205,6.489655176748768,6.026108199673989,6.1310625076293945,8100,0.0,0.0
2013-06-12 00:00:00-04:00,6.2972402002532535,6.384702205657959,6.2972402002532535,6.384702205657959,300,0.0,0.0
2013-06-13 00:00:00-04:00,6.384701339093421,6.550878125888591,6.253508765842245,6.26225471496582,4000,0.0,0.0
2013-06-14 00:00:00-04:00,6.22726910481959,6.515892470341761,6.22726910481959,6.349715709686279,3600,0.0,0.0
2013-06-17 00:00:00-04:00,6.402193208795368,6.46341609954834,6.402193208795368,6.46341609954834,3100,0.0,0.0
2013-06-18 00:00:00-04:00,6.559624035509722,6.559624035509722,6.46341609954834,6.46341609954834,900,0.0,0.0
2013-06-19 00:00:00-04:00,6.463416833820275,6.472163200378418,6.061093147239339,6.472163200378418,11000,0.0,0.0
2013-06-20 00:00:00-04:00,6.384701013812532,6.41968564262386,6.288493076056542,6.358462333679199,6900,0.0,0.0
2013-06-21 00:00:00-04:00,6.297239229370756,6.323477910356746,6.183539390563965,6.183539390563965,4400,0.0,0.0
2013-06-24 00:00:00-04:00,6.201031527444235,6.550877816878592,5.956138707790513,6.104823589324951,18100,0.0,0.0
2013-06-25 00:00:00-04:00,6.236016535079491,6.288493481681389,5.973631385020303,6.192285537719727,3300,0.0,0.0
2013-06-26 00:00:00-04:00,6.2010321771076145,6.489655604653999,6.087331912604579,6.402194023132324,11300,0.0,0.0
2013-06-27 00:00:00-04:00,6.262253889507054,6.472162062449836,6.262253889507054,6.393446445465088,1000,0.0,0.0
2013-06-28 00:00:00-04:00,6.314731981411995,6.437178611755371,6.131062869996359,6.437178611755371,8900,0.0,0.0
2013-07-01 00:00:00-04:00,6.410940037275032,6.515893936157227,6.174793556265232,6.515893936157227,7300,0.0,0.0
2013-07-02 00:00:00-04:00,6.507146522593929,6.5333847828870555,6.209776792274296,6.349715709686279,8200,0.0,0.0
2013-07-03 00:00:00-04:00,6.358462529773905,6.4196858406066895,6.227269959160614,6.4196858406066895,12100,0.0,0.0
2013-07-05 00:00:00-04:00,6.410939693450928,6.428432008993166,6.29723943390153,6.410939693450928,7700,0.0,0.0
2013-07-08 00:00:00-04:00,6.419685389525606,6.647085467833916,6.218523573266503,6.638339519500732,14300,0.0,0.0
2013-07-09 00:00:00-04:00,6.638339839386342,6.638339839386342,6.402193384315862,6.5421319007873535,8600,0.0,0.0
2013-07-10 00:00:00-04:00,6.4896543754409315,6.4896543754409315,6.218523315554135,6.393446445465088,13400,0.0,0.0
2013-07-11 00:00:00-04:00,6.419686059746897,6.454670690831374,6.20977785619034,6.410939693450928,8200,0.0,0.0
2013-07-12 00:00:00-04:00,6.279747349042378,6.472163244124989,6.279747349042378,6.437178611755371,2000,0.0,0.0
2013-07-15 00:00:00-04:00,6.236016621545787,6.559624671936035,6.209777939356172,6.559624671936035,3200,0.0,0.0
2013-07-16 00:00:00-04:00,6.533386697336507,6.533386697336507,6.358463520626597,6.384702205657959,700,0.0,0.0
2013-07-17 00:00:00-04:00,6.34097062135425,6.682070993177318,6.34097062135425,6.472163200378418,12000,0.0,0.0
2013-07-18 00:00:00-04:00,6.542132568051645,6.7782790472078664,6.524640251708582,6.769532680511475,14000,0.0,0.0
2013-07-19 00:00:00-04:00,6.480908321799681,7.416747737360701,6.402193118082653,6.83950138092041,13600,0.0,0.0
2013-07-22 00:00:00-04:00,6.673325711900172,6.96194916442473,6.384702259375614,6.699563980102539,10200,0.0,0.0
2013-07-23 00:00:00-04:00,6.664578782453092,6.961948577334895,6.51589388501219,6.769532680511475,10300,0.0,0.0
2013-07-24 00:00:00-04:00,6.58586412280936,6.717056297920702,6.568371804991197,6.699563980102539,6700,0.0,0.0
2013-07-25 00:00:00-04:00,6.865740731476367,7.066902580951203,6.778279148454639,6.900725364685059,10400,0.0,0.0
2013-07-26 00:00:00-04:00,7.040663764014706,7.040663764014706,6.918217140309453,6.953201770782471,3700,0.0,0.0
2013-07-29 00:00:00-04:00,6.988186222552518,7.084394579467601,6.9269633293151855,6.9269633293151855,2500,0.0,0.0
2013-07-30 00:00:00-04:00,7.040663583969778,7.040663583969778,6.9269633293151855,6.9269633293151855,6500,0.0,0.0
2013-07-31 00:00:00-04:00,6.996932588471956,7.066901847628726,6.9269633293151855,6.9269633293151855,6000,0.0,0.0
2013-08-01 00:00:00-04:00,7.031916837829876,7.075647830963135,6.996932210143133,7.075647830963135,9300,0.0,0.0
2013-08-02 00:00:00-04:00,7.040664196014404,7.040664196014404,7.040664196014404,7.040664196014404,600,0.0,0.0
2013-08-05 00:00:00-04:00,7.128125143197394,7.346779298928595,7.128125143197394,7.215587139129639,11600,0.0,0.0
2013-08-06 00:00:00-04:00,7.128125360513681,7.23308009247191,7.014425930074565,7.040664196014404,8700,0.0,0.0
2013-08-07 00:00:00-04:00,7.0669024619542435,7.215587359112393,6.996933196715048,7.040664196014404,5900,0.0,0.0
2013-08-08 00:00:00-04:00,7.040664196014404,7.128125360513681,7.040664196014404,7.040664196014404,1100,0.0,0.0
2013-08-09 00:00:00-04:00,7.040664196014404,7.128125360513681,6.822010033617059,7.040664196014404,9500,0.0,0.0
2013-08-12 00:00:00-04:00,7.16310977475041,7.303049135061883,7.066902246504469,7.215587139129639,17200,0.0,0.0
2013-08-13 00:00:00-04:00,7.163108983130333,7.268063700289879,7.06690146551662,7.075647830963135,4800,0.0,0.0
2013-08-14 00:00:00-04:00,7.07564824988259,7.547941168665762,7.07564824988259,7.5304484367370605,13700,0.0,0.0
2013-08-15 00:00:00-04:00,7.547940521147673,7.609163409447243,7.06690127766725,7.303048133850098,43600,0.0,0.0
2013-08-16 00:00:00-04:00,7.381764888763428,7.521704267241472,7.180603439744175,7.381764888763428,6800,0.0,0.0
2013-08-19 00:00:00-04:00,7.486719616836541,7.539196153828424,7.014426613412007,7.084395885467529,10500,0.0,0.0
2013-08-20 00:00:00-04:00,7.0843952383206075,7.434241566640379,7.0843952383206075,7.17185640335083,4900,0.0,0.0
2013-08-21 00:00:00-04:00,7.2593172949628375,7.268063660361303,7.09313968878925,7.110632419586182,4900,0.0,0.0
2013-08-22 00:00:00-04:00,7.189349043238818,7.346779471883855,7.189349043238818,7.294302940368652,3100,0.0,0.0
2013-08-23 00:00:00-04:00,7.320540030178848,7.43424027566326,7.294301768636075,7.303048133850098,3800,0.0,0.0
2013-08-26 00:00:00-04:00,7.3380328893307025,7.924026023361009,7.303048261960205,7.617909908294678,23300,0.0,0.0
2013-08-27 00:00:00-04:00,7.617908420861968,7.617908420861968,7.303046836005712,7.4517316818237305,7900,0.0,0.0
2013-08-28 00:00:00-04:00,7.434239639964801,7.434239639964801,7.390508651733398,7.390508651733398,23300,0.0,0.0
2013-08-29 00:00:00-04:00,7.408003864460627,7.521704138344617,7.101887678303769,7.320541858673096,30000,0.0,0.0
2013-08-30 00:00:00-04:00,7.268064503508867,7.425494928447733,7.189348873989729,7.215587139129639,6900,0.0,0.0
2013-09-03 00:00:00-04:00,7.320541250248822,7.512957146529635,7.2155873524864065,7.2593183517456055,7700,0.0,0.0
2013-09-04 00:00:00-04:00,7.311794102099532,7.469225348966772,7.2155865812914115,7.338033199310303,15300,0.0,0.0
2013-09-05 00:00:00-04:00,7.311794795858105,7.416748692361397,7.311794795858105,7.329287528991699,4800,0.0,0.0
2013-09-06 00:00:00-04:00,7.3380331196001745,7.52170262758371,7.3380331196001745,7.355525016784668,700,0.0,0.0
2013-09-09 00:00:00-04:00,7.434242259955134,7.434242259955134,7.329288351671239,7.381764888763428,5900,0.0,0.0
2013-09-10 00:00:00-04:00,7.346778593496192,7.827817856735672,7.346778593496192,7.696625709533691,18700,0.0,0.0
2013-09-11 00:00:00-04:00,7.696626011813942,7.871549159653025,7.451733604839225,7.565433025360107,10100,0.0,0.0
2013-09-12 00:00:00-04:00,7.215587726578336,7.827819245649936,7.215587726578336,7.49546480178833,3400,0.0,0.0
2013-09-13 00:00:00-04:00,7.425495103256088,7.4867188354897305,7.215587308996419,7.294302940368652,4600,0.0,0.0
2013-09-16 00:00:00-04:00,7.32054061838539,7.801579900517392,7.171855734197329,7.565433025360107,4200,0.0,0.0
2013-09-17 00:00:00-04:00,7.495463669960774,7.547941030688217,7.259317631935658,7.4692254066467285,3400,0.0,0.0
2013-09-18 00:00:00-04:00,7.451732810642699,7.7403561823409035,7.451732810642699,7.679132461547852,21600,0.0,0.0
2013-09-19 00:00:00-04:00,7.705371556501706,7.7316098173562855,7.679132461547852,7.679132461547852,1700,0.0,0.0
2013-09-20 00:00:00-04:00,7.652895927429199,7.661642294387275,7.591673026921593,7.652895927429199,13000,0.0,0.0
2013-09-23 00:00:00-04:00,7.652895927429199,7.731611561852956,7.574180293005442,7.652895927429199,5300,0.0,0.0
2013-09-24 00:00:00-04:00,7.679134194203964,7.740357928811032,7.582926659963517,7.652895927429199,7000,0.0,0.0
2013-09-25 00:00:00-04:00,7.652895752135678,7.652895752135678,7.626657485961914,7.626657485961914,1400,0.0,0.0
2013-09-26 00:00:00-04:00,7.731611561852956,7.731611561852956,7.652895927429199,7.652895927429199,1200,0.0,0.0
2013-09-27 00:00:00-04:00,7.740358352661133,7.740358352661133,7.635403611615989,7.740358352661133,65400,0.0,0.0
2013-09-30 00:00:00-04:00,7.661641081339875,7.722863972154221,7.521702568564606,7.696625709533691,6300,0.0,0.0
2013-10-01 00:00:00-04:00,7.731610183025807,7.959010678785227,7.731610183025807,7.889041423797607,5400,0.0,0.0
2013-10-02 00:00:00-04:00,7.8977904645553725,7.941521476879757,7.477974748080522,7.915283203125,8600,0.0,0.0
2013-10-03 00:00:00-04:00,7.80157899409832,8.090202363024217,7.6616404920856755,7.749101638793945,17600,0.0,0.0
2013-10-04 00:00:00-04:00,7.8015793318736,7.9415178399449875,7.652894458522924,7.6878790855407715,20600,0.0,0.0
2013-10-07 00:00:00-04:00,7.705372860742323,8.04647281188556,7.705372860742323,8.002741813659668,44800,0.0,0.0
2013-10-08 00:00:00-04:00,7.967757181898838,8.04647281188556,7.9152806513073015,8.002741813659668,6100,0.0,0.0
2013-10-09 00:00:00-04:00,7.959010739996077,8.046471892353589,7.959010739996077,7.967756271362305,3800,0.0,0.0
2013-10-10 00:00:00-04:00,8.046472153148743,8.05521851889777,7.9590109979565185,7.976502895355225,7700,0.0,0.0
2013-10-11 00:00:00-04:00,8.002741158502959,8.046472153148743,7.976502895355225,7.976502895355225,1500,0.0,0.0
2013-10-14 00:00:00-04:00,8.037726741489056,8.090204108113005,8.02898120880127,8.02898120880127,4600,0.0,0.0
2013-10-15 00:00:00-04:00,8.063966825712779,8.230143644447734,8.046474090004075,8.160174369812012,16200,0.0,0.0
2013-10-16 00:00:00-04:00,8.133934239693936,8.256380025246946,8.063964981063828,8.125187873840332,2500,0.0,0.0
2013-10-17 00:00:00-04:00,8.046472193059659,8.081456822129942,7.740356897219503,7.993995666503906,8200,0.0,0.0
2013-10-18 00:00:00-04:00,7.993995306279038,8.063964561266657,7.880295058399327,7.889041423797607,5500,0.0,0.0
2013-10-21 00:00:00-04:00,8.256379862651162,8.26512622833252,7.96775646796109,8.26512622833252,20000,0.0,0.0
2013-10-22 00:00:00-04:00,8.238889180169958,8.238889180169958,7.749103473088962,8.221396446228027,4300,0.0,0.0
2013-10-23 00:00:00-04:00,8.090202733480336,8.221394876599755,8.090202733480336,8.21264934539795,6900,0.0,0.0
2013-10-24 00:00:00-04:00,8.151427134071973,8.256381034851074,7.871550065327703,8.256381034851074,11500,0.0,0.0
2013-10-25 00:00:00-04:00,8.142680548577454,8.151426080270513,7.985249300711497,7.993995666503906,4200,0.0,0.0
2013-10-28 00:00:00-04:00,7.757847299367758,8.1339326149568,7.740355405253881,8.046470642089844,15700,0.0,0.0
2013-10-29 00:00:00-04:00,7.871548320713079,7.871548320713079,7.434240080673463,7.679132461547852,43400,0.0,0.0
2013-10-30 00:00:00-04:00,7.652898393761048,7.897790908813477,7.609167378976753,7.897790908813477,9100,0.0,0.0
2013-10-31 00:00:00-04:00,7.8802960195464715,8.002741813659668,7.442987705486393,8.002741813659668,21000,0.0,0.0
2013-11-01 00:00:00-04:00,7.959009344022208,8.090201466597636,7.8628010089743325,7.932770252227783,6400,0.0,0.0
2013-11-04 00:00:00-05:00,7.609163530740767,7.871548652648926,7.451733124875318,7.871548652648926,4800,0.0,0.0
2013-11-05 00:00:00-05:00,7.679132785369701,7.897786914609949,7.679132785369701,7.871548652648926,5800,0.0,0.0
2013-11-06 00:00:00-05:00,7.95026614098345,8.072711948309806,7.897788770629651,7.959012508392334,13000,0.0,0.0
2013-11-07 00:00:00-05:00,7.696626237505793,7.915280387241188,7.661641606912105,7.827818393707275,7400,0.0,0.0
2013-11-08 00:00:00-05:00,7.792834062567784,7.993996321786065,7.705372899772399,7.801580429077148,6500,0.0,0.0
2013-11-11 00:00:00-05:00,7.862802545360828,7.959010899207753,7.687879403047332,7.880295276641846,4400,0.0,0.0
2013-11-12 00:00:00-05:00,7.959010899207753,7.959010899207753,7.79283328843543,7.880295276641846,3600,0.0,0.0
2013-11-13 00:00:00-05:00,7.924027309652818,8.02898120880127,7.8365653099793855,8.02898120880127,4100,0.0,0.0
2013-11-14 00:00:00-05:00,7.871549047708234,8.002741198196965,7.871549047708234,7.993995666503906,2700,0.0,0.0
2013-11-15 00:00:00-05:00,7.871549008664948,7.976502895355225,7.845310745517215,7.976502895355225,1700,0.0,0.0
2013-11-18 00:00:00-05:00,8.002741000074797,8.16891860961914,7.705372077388953,8.16891860961914,21200,0.0,0.0
2013-11-19 00:00:00-05:00,7.836564322333875,8.151425980097082,7.792833328008594,7.845310688018799,14100,0.0,0.0
2013-11-20 00:00:00-05:00,7.86280328661635,8.002741813659668,7.86280328661635,8.002741813659668,15500,0.0,0.0
2013-11-21 00:00:00-05:00,7.985249103022374,8.16891860961914,7.8628024872580875,8.16891860961914,40800,0.0,0.0
2013-11-22 00:00:00-05:00,8.072710256483154,8.16891860961914,7.96775637187062,8.16891860961914,15800,0.0,0.0
2013-11-25 00:00:00-05:00,8.090203244525279,8.177665234862591,7.801579844151244,8.125187873840332,187400,0.0,0.0
2013-11-26 00:00:00-05:00,8.046472249356622,8.142680605547538,7.871549102781352,8.125187873840332,94600,0.0,0.0
2013-11-27 00:00:00-05:00,8.08145809173584,8.090204458902312,7.932773186303731,8.08145809173584,10400,0.0,0.0
2013-11-29 00:00:00-05:00,8.08145831571869,8.08145831571869,7.827819499557589,7.959012508392334,15700,0.0,0.0
2013-12-02 00:00:00-05:00,7.950265920636676,8.08145809173584,7.731611746071748,8.08145809173584,26800,0.0,0.0
2013-12-03 00:00:00-05:00,7.976502716447165,8.00274097900639,7.862802466558087,7.9502644538879395,26600,0.0,0.0
2013-12-04 00:00:00-05:00,7.889040974905856,7.91527923550841,7.740356107992604,7.749101638793945,18400,0.0,0.0
2013-12-05 00:00:00-05:00,7.810326059617455,7.862802585529924,7.731610436649409,7.79283332824707,10500,0.0,0.0
2013-12-06 00:00:00-05:00,7.792833328247071,7.827817956888498,7.740356802334601,7.79283332824707,111400,0.0,0.0
2013-12-09 00:00:00-05:00,7.705372173693174,7.792833328247071,7.705372173693174,7.79283332824707,35200,0.0,0.0
2013-12-10 00:00:00-05:00,7.749104924938087,7.819074205616112,7.740359390428048,7.7840895652771,50400,0.0,0.0
2013-12-11 00:00:00-05:00,7.7840895652771,7.82782057422577,7.7840895652771,7.7840895652771,13500,0.0,0.0
2013-12-12 00:00:00-05:00,7.749102333920452,7.827817956888498,7.749102333920452,7.79283332824707,4700,0.0,0.0
2013-12-13 00:00:00-05:00,7.8715515831744405,7.897789854903795,7.766597662157403,7.7840895652771,7300,0.0,0.0
2013-12-16 00:00:00-05:00,7.757851293547745,7.862805214564783,7.757851293547745,7.7840895652771,6600,0.0,0.0
2013-12-17 00:00:00-05:00,7.766597662157403,7.792835933886757,7.766597662157403,7.7840895652771,3600,0.0,0.0
2013-12-18 00:00:00-05:00,7.7840869625618785,7.827817956888498,7.7840869625618785,7.79283332824707,3800,0.0,0.0
2013-12-19 00:00:00-05:00,7.74910288867584,7.871549514736413,7.74910288867584,7.775341987609863,9700,0.0,0.0
2013-12-20 00:00:00-05:00,7.871550502502504,7.993997143928365,7.696627324822349,7.959012508392334,37300,0.0,0.0
2013-12-23 00:00:00-05:00,7.915282149927658,7.985251426696777,7.8365665050375055,7.985251426696777,7200,0.0,0.0
2013-12-24 00:00:00-05:00,7.932774052070151,7.985251426696777,7.819073768795439,7.985251426696777,1200,0.0,0.0
2013-12-26 00:00:00-05:00,7.915283648367088,7.932775553820966,7.871552633582792,7.897790908813477,7600,0.0,0.0
2013-12-27 00:00:00-05:00,7.871549047708234,7.993995666503906,7.871549047708234,7.993995666503906,4000,0.0,0.0
2013-12-30 00:00:00-05:00,7.941520104569316,8.125189657313522,7.924028203122008,8.063966751098633,7400,0.0,0.0
2013-12-31 00:00:00-05:00,7.985251109336896,8.063966751098633,7.871550830581003,8.063966751098633,5700,0.0,0.0
2014-01-02 00:00:00-05:00,8.01148726459072,8.168918506573288,7.871548753539247,7.967756271362305,5500,0.0,0.0
2014-01-03 00:00:00-05:00,8.107697977921134,8.125189879847513,8.055220603942871,8.055220603942871,2900,0.0,0.0
2014-01-06 00:00:00-05:00,8.090204705004782,8.221396880094787,8.090204705004782,8.142682075500488,21400,0.0,0.0
2014-01-07 00:00:00-05:00,8.160173545630203,8.273873813954351,8.002742276550691,8.221396446228027,22800,0.0,0.0
2014-01-08 00:00:00-05:00,7.941519079001374,8.151426873858814,7.915280813169052,8.13393497467041,19400,0.0,0.0
2014-01-09 00:00:00-05:00,8.13393471273731,8.177665710449219,8.098950081387661,8.177665710449219,11800,0.0,0.0
2014-01-10 00:00:00-05:00,8.177666525483412,8.291365963127165,8.177666525483412,8.282620429992676,900,0.0,0.0
2014-01-13 00:00:00-05:00,8.098947992629855,8.1339326149568,8.046470642089844,8.046470642089844,6600,0.0,0.0
2014-01-14 00:00:00-05:00,7.959010739996077,8.01148726459072,7.924026112233209,7.967756271362305,13000,0.0,0.0
2014-01-15 00:00:00-05:00,7.993994820308463,8.090202331542969,7.9590101949414365,8.090202331542969,14800,0.0,0.0
2014-01-16 00:00:00-05:00,8.037726609786176,8.142681341314328,7.99399644476545,8.13393497467041,7100,0.0,0.0
2014-01-17 00:00:00-05:00,8.133934142440316,8.133934142440316,7.9590109979565185,7.976502895355225,10100,0.0,0.0
2014-01-21 00:00:00-05:00,7.96775656912668,8.308857328136469,7.959011037433621,7.993995666503906,10900,0.0,0.0
2014-01-22 00:00:00-05:00,7.993995289905192,8.1339337995938,7.985248924524826,8.037725448608398,600,0.0,0.0
2014-01-23 00:00:00-05:00,7.976502090575319,8.090202331542969,7.9590101949414365,8.090202331542969,13600,0.0,0.0
2014-01-24 00:00:00-05:00,8.063964071042514,8.090202331542969,8.002740351075772,8.090202331542969,6400,0.0,0.0
2014-01-27 00:00:00-05:00,8.02023655384593,8.308860046632564,8.02023655384593,8.300113677978516,58700,0.0,0.0
2014-01-28 00:00:00-05:00,8.072711272820598,8.536258697509766,8.072711272820598,8.536258697509766,60800,0.0,0.0
2014-01-29 00:00:00-05:00,8.387572545477184,8.387572545477184,8.098949161113676,8.343841552734375,43900,0.0,0.0
2014-01-30 00:00:00-05:00,8.352589211005718,8.501274108886719,8.343842844283438,8.501274108886719,29300,0.0,0.0
2014-01-31 00:00:00-05:00,8.396320701735915,8.396320701735915,8.03772715203824,8.282620429992676,19500,0.0,0.0
2014-02-03 00:00:00-05:00,8.326349954002682,8.387572845573503,8.221395234025072,8.26512622833252,11800,0.0,0.0
2014-02-04 00:00:00-05:00,8.177665234862591,8.308857386269205,8.055218615210224,8.125187873840332,20900,0.0,0.0
2014-02-05 00:00:00-05:00,8.186408967546337,8.212648059340761,7.932770252227783,7.932770252227783,3100,0.0,0.0
2014-02-06 00:00:00-05:00,7.889041563216639,8.090202966336241,7.889041563216639,7.9502644538879395,14900,0.0,0.0
2014-02-07 00:00:00-05:00,7.967758373790048,8.133936025086944,7.967758373790048,8.063966751098633,4800,0.0,0.0
2014-02-10 00:00:00-05:00,8.028982334003521,8.177667253825776,8.028982334003521,8.055220603942871,4300,0.0,0.0
2014-02-11 00:00:00-05:00,8.116442973202881,8.221396880094787,8.046473701941611,8.142682075500488,35300,0.0,0.0
2014-02-12 00:00:00-05:00,8.160171837308257,8.396318691490468,8.160171837308257,8.352587699890137,19500,0.0,0.0
2014-02-13 00:00:00-05:00,8.352589298514296,8.45754319798292,8.352589298514296,8.431304931640625,52700,0.0,0.0
2014-02-14 00:00:00-05:00,8.440049069489108,8.73741881922104,8.300110559991566,8.343841552734375,67400,0.0,0.0
2014-02-18 00:00:00-05:00,8.440049171447754,8.440049171447754,8.352588019004886,8.440049171447754,11300,0.0,0.0
2014-02-19 00:00:00-05:00,8.42255536580781,8.606224828642217,8.273870522841905,8.579986572265625,22300,0.0,0.0
2014-02-20 00:00:00-05:00,8.483781505468974,8.56249713897705,8.396320339204017,8.56249713897705,4700,0.0,0.0
2014-02-21 00:00:00-05:00,8.518766868274845,8.571244239807129,8.370081955382819,8.571244239807129,11700,0.0,0.0
2014-02-24 00:00:00-05:00,8.623718980180927,8.623718980180927,8.308857318898436,8.466288566589355,34500,0.0,0.0
2014-02-25 00:00:00-05:00,8.273872850481707,8.361334841807686,8.273872850481707,8.326350212097168,2300,0.0,0.0
2014-02-26 00:00:00-05:00,8.387573768648009,8.396320135291926,8.13393497467041,8.13393497467041,9500,0.0,0.0
2014-02-27 00:00:00-05:00,8.17766785322032,8.308860046632564,8.17766785322032,8.300113677978516,1100,0.0,0.0
2014-02-28 00:00:00-05:00,8.317605064829097,8.352589699665517,8.160173791015458,8.282620429992676,4800,0.0,0.0
2014-03-03 00:00:00-05:00,8.133934239693936,8.256380025246946,7.924026463803611,8.125187873840332,16400,0.0,0.0
2014-03-04 00:00:00-05:00,8.090204736535373,8.282620650303537,8.05522010076839,8.273874282836914,10900,0.0,0.0
2014-03-05 00:00:00-05:00,8.186413387774746,8.300113677978516,8.160175115912223,8.300113677978516,4200,0.0,0.0
2014-03-06 00:00:00-05:00,8.30885899690599,8.370081901550293,8.160174084970237,8.370081901550293,5200,0.0,0.0
2014-03-07 00:00:00-05:00,8.265126403638279,8.396319389343262,8.265126403638279,8.396319389343262,2700,0.0,0.0
2014-03-10 00:00:00-04:00,8.34384242161977,8.440049948393066,8.26512679330553,8.413811683654785,61400,0.0,0.0
2014-03-11 00:00:00-04:00,8.335097775132446,8.387575149536133,8.28262123482833,8.387575149536133,8400,0.0,0.0
2014-03-12 00:00:00-04:00,8.308858387051497,8.370081287202156,8.221396386179594,8.361335754394531,37400,0.0,0.0
2014-03-13 00:00:00-04:00,8.343844687149138,8.413813968182284,8.300113677978516,8.300113677978516,1700,0.0,0.0
2014-03-14 00:00:00-04:00,8.335097186904257,8.39632092507111,8.273874282836914,8.273874282836914,8700,0.0,0.0
2014-03-17 00:00:00-04:00,8.361333213285514,8.370078743435267,8.24763298034668,8.24763298034668,9800,0.0,0.0
2014-03-18 00:00:00-04:00,8.23014109022907,8.431303317950874,8.23014109022907,8.352587699890137,12900,0.0,0.0
2014-03-19 00:00:00-04:00,8.352588695572205,8.39631969238555,8.30885769875886,8.317604064941406,7500,0.0,0.0
2014-03-20 00:00:00-04:00,8.352589699665517,8.396320701735915,8.282620429992676,8.282620429992676,6000,0.0,0.0
2014-03-21 00:00:00-04:00,8.352590000551714,8.448797541292693,8.30011262935694,8.370081901550293,5000,0.0,0.0
2014-03-24 00:00:00-04:00,8.308857917785645,8.448796443997708,8.308857917785645,8.308857917785645,23200,0.0,0.0
2014-03-25 00:00:00-04:00,8.387573078292638,8.527511596679688,8.361334814619907,8.527511596679688,22400,0.0,0.0
2014-03-26 00:00:00-04:00,8.440048698577295,8.571241671040232,8.431303167692517,8.492526054382324,9600,0.0,0.0
2014-03-27 00:00:00-04:00,8.52751310067242,8.52751310067242,8.247636014536553,8.273874282836914,2000,0.0,0.0
2014-03-28 00:00:00-04:00,8.352587918102799,8.448795434857532,8.30885692535999,8.343841552734375,10700,0.0,0.0
2014-03-31 00:00:00-04:00,8.317604064941406,8.431304323016349,8.317604064941406,8.317604064941406,2300,0.0,0.0
2014-04-01 00:00:00-04:00,8.387573461355219,8.562496617327817,8.160172941541141,8.378827095031738,17200,0.0,0.0
2014-04-02 00:00:00-04:00,8.545005288945964,8.571243555567753,8.308858387051497,8.361335754394531,8300,0.0,0.0
2014-04-03 00:00:00-04:00,8.396317847562734,8.4487943649292,8.36133322461869,8.4487943649292,15800,0.0,0.0
2014-04-04 00:00:00-04:00,8.42255865454519,8.440050554259896,8.361335754394531,8.361335754394531,27100,0.0,0.0
2014-04-07 00:00:00-04:00,8.335097775132446,8.39632151762001,8.32635224114814,8.387575149536133,8400,0.0,0.0
2014-04-08 00:00:00-04:00,8.37882868314999,8.527513602433201,8.335097677343242,8.457544326782227,15000,0.0,0.0
2014-04-09 00:00:00-04:00,8.352589643348054,8.562497450951273,8.326351375922522,8.483781814575195,6900,0.0,0.0
2014-04-10 00:00:00-04:00,8.440048773159628,8.483779764367046,8.352587624844075,8.42255687713623,72100,0.0,0.0
2014-04-11 00:00:00-04:00,8.30885899690599,8.39632100419744,8.30885899690599,8.370081901550293,800,0.0,0.0
2014-04-14 00:00:00-04:00,8.361335769729633,8.4750352033324,8.256381034851074,8.256381034851074,4000,0.0,0.0
2014-04-15 00:00:00-04:00,8.317605364455037,8.448797541292693,8.317605364455037,8.370081901550293,3500,0.0,0.0
2014-04-16 00:00:00-04:00,8.370081901550293,8.370081901550293,8.370081901550293,8.370081901550293,0,0.0,0.0
2014-04-17 00:00:00-04:00,8.343841552734375,8.343841552734375,8.343841552734375,8.343841552734375,100,0.0,0.0
2014-04-21 00:00:00-04:00,8.405064147013551,8.466287868343647,8.308856633636656,8.42255687713623,7300,0.0,0.0
2014-04-22 00:00:00-04:00,8.343844143216323,8.405067051604316,8.343844143216323,8.387575149536133,2000,0.0,0.0
2014-04-23 00:00:00-04:00,8.422559787772068,8.422559787772068,8.387575149536133,8.387575149536133,5000,0.0,0.0
2014-04-24 00:00:00-04:00,8.352588019004886,8.440049171447754,8.352588019004886,8.440049171447754,11400,0.0,0.0
2014-04-25 00:00:00-04:00,8.396320387923401,8.413812287638109,8.308858387051497,8.361335754394531,29800,0.0,0.0
2014-04-28 00:00:00-04:00,8.221394725089146,8.37882596121062,8.221394725089146,8.352587699890137,12400,0.0,0.0
2014-04-29 00:00:00-04:00,8.352591055803186,8.440052240044809,8.300113677978516,8.300113677978516,118300,0.0,0.0
2014-04-30 00:00:00-04:00,8.203906125082845,8.308860046632564,8.195159756428795,8.300113677978516,4400,0.0,0.0
2014-05-01 00:00:00-04:00,8.221395234025072,8.300110856958609,8.221395234025072,8.26512622833252,4200,0.0,0.0
2014-05-02 00:00:00-04:00,8.273874282836914,8.273874282836914,8.273874282836914,8.273874282836914,1700,0.0,0.0
2014-05-05 00:00:00-04:00,8.177666525483412,8.308858697595118,8.177666525483412,8.282620429992676,15700,0.0,0.0
2014-05-06 00:00:00-04:00,8.15142800195766,8.300112919083459,8.107697830884993,8.160174369812012,4900,0.0,0.0
2014-05-07 00:00:00-04:00,8.282620618023028,8.282620618023028,8.142682075500488,8.142682075500488,8800,0.0,0.0
2014-05-08 00:00:00-04:00,8.107694625854492,8.291363273593056,8.107694625854492,8.107694625854492,1400,0.0,0.0
2014-05-09 00:00:00-04:00,8.116442241382574,8.291365403763773,8.116442241382574,8.13393497467041,2600,0.0,0.0
2014-05-12 00:00:00-04:00,8.107697439869854,8.177666711131124,8.107697439869854,8.142682075500488,3500,0.0,0.0
2014-05-13 00:00:00-04:00,8.265127049570543,8.335096313774995,8.133934887712051,8.203904151916504,26400,0.0,0.0
2014-05-14 00:00:00-04:00,7.854055484741096,8.133933321776567,7.827817224240642,8.090202331542969,22700,0.0,0.0
2014-05-15 00:00:00-04:00,7.941518783569336,7.941518783569336,7.941518783569336,7.941518783569336,600,0.0,0.0
2014-05-16 00:00:00-04:00,7.941518783569336,7.941518783569336,7.941518783569336,7.941518783569336,0,0.0,0.0
2014-05-19 00:00:00-04:00,7.889042253856869,7.941518783569336,7.871549521219779,7.941518783569336,7700,0.0,0.0
2014-05-20 00:00:00-04:00,7.880294951188581,7.880294951188581,7.4954632198929625,7.6878790855407715,21600,0.0,0.0
2014-05-21 00:00:00-04:00,7.775339871957105,7.959009344022208,7.609162293655779,7.932770252227783,112600,0.0,0.0
2014-05-22 00:00:00-04:00,7.95901066248304,8.046471813988765,7.941517931722308,8.037725448608398,6700,0.0,0.0
2014-05-23 00:00:00-04:00,7.906533676778519,8.046472193059659,7.906533676778519,7.993995666503906,5100,0.0,0.0
2014-05-27 00:00:00-04:00,7.985249446845084,8.48378062874482,7.950264817134565,8.326350212097168,36900,0.0,0.0
2014-05-28 00:00:00-04:00,8.361336421877041,9.17472942488101,8.317605417950059,8.571244239807129,27400,0.0,0.0
2014-05-29 00:00:00-04:00,8.676198623507487,8.684944991591362,8.203905590272583,8.387575149536133,27400,0.0,0.0
2014-05-30 00:00:00-04:00,8.413813351479053,8.57999100732725,8.046474235929901,8.055220603942871,67100,0.0,0.0
2014-06-02 00:00:00-04:00,8.107695816564787,8.308857222639967,8.046472090894627,8.26512622833252,11300,0.0,0.0
2014-06-03 00:00:00-04:00,8.098950888576594,8.282620429992676,7.9590123492309095,8.282620429992676,27500,0.0,0.0
2014-06-04 00:00:00-04:00,8.04647134130937,8.300110083745126,8.011486715942345,8.090202331542969,3300,0.0,0.0
2014-06-05 00:00:00-04:00,8.238889614959858,8.238889614959858,8.081458337572247,8.142682075500488,1100,0.0,0.0
2014-06-06 00:00:00-04:00,8.142680164974166,8.142680164974166,7.897786938919791,8.037725448608398,25800,0.0,0.0
2014-06-09 00:00:00-04:00,8.151426620051224,8.151426620051224,7.897787833971071,8.072710990905762,18800,0.0,0.0
2014-06-10 00:00:00-04:00,8.072709168267089,8.116440156152125,7.880294156131674,8.107694625854492,12100,0.0,0.0
2014-06-11 00:00:00-04:00,8.020233080808916,8.090202331542969,7.915279204707838,8.090202331542969,6900,0.0,0.0
2014-06-12 00:00:00-04:00,7.915280042570927,8.055218558852067,7.880295413500643,7.993995666503906,15300,0.0,0.0
2014-06-13 00:00:00-04:00,7.950264313386947,8.203903071241896,7.8715486930010465,7.889041423797607,12000,0.0,0.0
2014-06-16 00:00:00-04:00,7.8890413833558135,8.08145641653573,7.871548652648926,7.871548652648926,12600,0.0,0.0
2014-06-17 00:00:00-04:00,7.871548911001337,8.081456681777532,7.8278179168981294,7.880295276641846,22300,0.0,0.0
2014-06-18 00:00:00-04:00,7.827817661710135,7.932771543676721,7.827817661710135,7.924026012420654,7200,0.0,0.0
2014-06-19 00:00:00-04:00,7.827820136916473,8.002743328839271,7.827820136916473,7.985251426696777,3700,0.0,0.0
2014-06-20 00:00:00-04:00,7.950264225059807,8.21264934539795,7.8278176131421935,8.21264934539795,38300,0.0,0.0
2014-06-23 00:00:00-04:00,8.081456457963906,8.081456457963906,7.827817700108955,7.889041423797607,5400,0.0,0.0
2014-06-24 00:00:00-04:00,7.88029501800237,7.967756169238884,7.827817659981014,7.871548652648926,6500,0.0,0.0
2014-06-25 00:00:00-04:00,7.871548911001337,7.932771802286227,7.871548911001337,7.880295276641846,2600,0.0,0.0
2014-06-26 00:00:00-04:00,7.88029501800237,7.897786914609949,7.871548652648926,7.871548652648926,1500,0.0,0.0
2014-06-27 00:00:00-04:00,7.871550502502504,7.967758041701713,7.871550502502504,7.959012508392334,4500,0.0,0.0
2014-06-30 00:00:00-04:00,7.8278179168981294,7.941518167926735,7.749102294332222,7.880295276641846,5800,0.0,0.0
2014-07-01 00:00:00-04:00,7.871548652648926,7.924026010670281,7.871548652648926,7.871548652648926,1200,0.0,0.0
2014-07-02 00:00:00-04:00,7.871548911001337,7.959010899207753,7.871548911001337,7.880295276641846,900,0.0,0.0
2014-07-03 00:00:00-04:00,7.871548911001337,7.950264533567244,7.871548911001337,7.880295276641846,1900,0.0,0.0
2014-07-07 00:00:00-04:00,7.8453106882588814,7.854056219844733,7.6878794423227905,7.79283332824707,3600,0.0,0.0
2014-07-08 00:00:00-04:00,7.827818393707275,7.862803024300963,7.827818393707275,7.827818393707275,3000,0.0,0.0
2014-07-09 00:00:00-04:00,7.87155003831049,8.063965939461482,7.784088037578369,7.906534671783447,6900,0.0,0.0
2014-07-10 00:00:00-04:00,7.827818393707275,7.827818393707275,7.827818393707275,7.827818393707275,300,0.0,0.0
2014-07-11 00:00:00-04:00,7.845309770269267,7.897786290041393,7.792832416397898,7.8103251457214355,3700,0.0,0.0
2014-07-14 00:00:00-04:00,7.854055962204485,7.889041423797608,7.854055962204485,7.889041423797607,600,0.0,0.0
2014-07-15 00:00:00-04:00,7.827816746019328,7.8365631103515625,7.792832122789602,7.8365631103515625,1100,0.0,0.0
2014-07-16 00:00:00-04:00,7.862802545360828,7.880295276641846,7.836564282538638,7.880295276641846,2800,0.0,0.0
2014-07-17 00:00:00-04:00,7.82781704094573,7.82781704094573,7.652893918206571,7.8103251457214355,13700,0.0,0.0
2014-07-18 00:00:00-04:00,7.784086922794921,7.889041642282355,7.784086922794921,7.880295276641846,23200,0.0,0.0
2014-07-21 00:00:00-04:00,7.889041342733875,7.889041342733875,7.784086627231593,7.854055881500244,3500,0.0,0.0
2014-07-22 00:00:00-04:00,7.784087396940318,7.8715493904742315,7.784087396940318,7.827818393707275,19700,0.0,0.0
2014-07-23 00:00:00-04:00,7.8278186945058215,7.897787958381897,7.78408769605842,7.801580429077148,40100,0.0,0.0
2014-07-24 00:00:00-04:00,7.819072027534006,7.8715493904742315,7.652895240738836,7.827818393707275,8000,0.0,0.0
2014-07-25 00:00:00-04:00,7.8278179168981294,8.020233790492643,7.8278179168981294,7.880295276641846,1200,0.0,0.0
2014-07-28 00:00:00-04:00,7.801582250896143,7.932774442774821,7.757851242236712,7.8190741539001465,1000,0.0,0.0
2014-07-29 00:00:00-04:00,7.77534109602249,8.037725382480282,7.77534109602249,7.854055881500244,3900,0.0,0.0
2014-07-30 00:00:00-04:00,7.836566942835428,7.932774495242809,7.7840895652771,7.7840895652771,12200,0.0,0.0
2014-07-31 00:00:00-04:00,7.757849091109489,7.862802982330322,7.696626196422183,7.862802982330322,3400,0.0,0.0
2014-08-01 00:00:00-04:00,7.749102766346631,7.8365647598805435,7.661641606912105,7.827818393707275,3900,0.0,0.0
2014-08-04 00:00:00-04:00,7.679132387787623,7.819070889800268,7.652894127185069,7.749101638793945,2700,0.0,0.0
2014-08-05 00:00:00-04:00,7.784089100997709,7.784089100997709,7.65289691607623,7.670389652252197,4500,0.0,0.0
2014-08-06 00:00:00-04:00,7.6966251175888365,7.819070889800268,7.652894127185069,7.749101638793945,6700,0.0,0.0
2014-08-07 00:00:00-04:00,7.670389360376088,7.696627629542043,7.530449978592074,7.644150257110596,18800,0.0,0.0
2014-08-08 00:00:00-04:00,7.766594770705524,7.871548652648926,7.644148158055233,7.871548652648926,14700,0.0,0.0
2014-08-11 00:00:00-04:00,7.670389081364042,7.854057792944275,7.670389081364042,7.740358352661133,2000,0.0,0.0
2014-08-12 00:00:00-04:00,7.6791338002443075,7.8278186945058215,7.6791338002443075,7.801580429077148,2300,0.0,0.0
2014-08-13 00:00:00-04:00,7.757849039098349,7.766595405166292,7.696626144821501,7.7316107749938965,5000,0.0,0.0
2014-08-14 00:00:00-04:00,7.7141202845990735,7.810328671106073,7.7141202845990735,7.7840895652771,500,0.0,0.0
2014-08-15 00:00:00-04:00,7.696627922416579,7.85405837750244,7.670389652252197,7.670389652252197,12900,0.0,0.0
2014-08-18 00:00:00-04:00,7.766594885807131,7.766594885807131,7.714117527008057,7.714117527008057,300,0.0,0.0
2014-08-19 00:00:00-04:00,7.696624462121476,7.749100978857529,7.696624462121476,7.722862720489502,1800,0.0,0.0
2014-08-20 00:00:00-04:00,7.679134194203964,7.696626928120115,7.652895927429199,7.652895927429199,14300,0.0,0.0
2014-08-21 00:00:00-04:00,7.652897372530706,7.7840895652771,7.6179127321916935,7.7840895652771,41300,0.0,0.0
2014-08-22 00:00:00-04:00,7.792835933886757,7.819074205616112,7.6966283814793774,7.7840895652771,5600,0.0,0.0
2014-08-25 00:00:00-04:00,7.810326059617455,7.8453106882588814,7.705372173693174,7.79283332824707,8700,0.0,0.0
2014-08-26 00:00:00-04:00,7.827817254700874,7.827817254700874,7.6966251175888365,7.749101638793945,4000,0.0,0.0
2014-08-27 00:00:00-04:00,7.722862720489502,7.801578329692776,7.722862720489502,7.722862720489502,1100,0.0,0.0
2014-08-28 00:00:00-04:00,7.722863778037612,7.871548652648926,7.722863778037612,7.871548652648926,17900,0.0,0.0
2014-08-29 00:00:00-04:00,7.757849091109489,7.862802982330322,7.757849091109489,7.862802982330322,900,0.0,0.0
2014-09-02 00:00:00-04:00,7.7141174126841685,7.871548652648926,7.6966255160765895,7.871548652648926,2700,0.0,0.0
2014-09-03 00:00:00-04:00,7.792833763113587,7.827818393707275,7.792833763113587,7.827818393707275,1400,0.0,0.0
2014-09-04 00:00:00-04:00,7.784085758457367,7.871547733581289,7.784085758457367,7.8365631103515625,5600,0.0,0.0
2014-09-05 00:00:00-04:00,7.7840869625618785,7.792833328247071,7.7840869625618785,7.79283332824707,2900,0.0,0.0
2014-09-08 00:00:00-04:00,7.871547733581289,7.871547733581289,7.784085758457367,7.8365631103515625,13300,0.0,0.0
2014-09-09 00:00:00-04:00,7.871548652648926,7.871548652648926,7.775341136058968,7.871548652648926,1600,0.0,0.0
2014-09-10 00:00:00-04:00,7.871548652648926,7.871548652648926,7.766594770705524,7.871548652648926,2900,0.0,0.0
2014-09-11 00:00:00-04:00,7.78408696232367,7.854056219604383,7.69662580777245,7.845310688018799,5100,0.0,0.0
2014-09-12 00:00:00-04:00,7.854056101005236,8.00274097900639,7.845310569551713,7.9502644538879395,21400,0.0,0.0
2014-09-15 00:00:00-04:00,7.792833385122402,8.046472153148743,7.792833385122402,7.976502895355225,2500,0.0,0.0
2014-09-16 00:00:00-04:00,8.002741099850732,8.002741099850732,7.845310688018799,7.845310688018799,1900,0.0,0.0
2014-09-17 00:00:00-04:00,7.862802287295482,8.011487161906794,7.827817659981014,7.871548652648926,14900,0.0,0.0
2014-09-18 00:00:00-04:00,8.09020349702515,8.09020349702515,7.83656471804996,7.862802982330322,2600,0.0,0.0
2014-09-19 00:00:00-04:00,8.072709412780553,8.072709412780553,7.801578781059667,7.8103251457214355,9000,0.0,0.0
2014-09-22 00:00:00-04:00,8.028978955164662,8.037724485397685,7.827816746019328,7.8365631103515625,5600,0.0,0.0
2014-09-23 00:00:00-04:00,7.950262980090733,7.985247601717458,7.871547372905807,7.932770252227783,4800,0.0,0.0
2014-09-24 00:00:00-04:00,7.862801369249055,7.871547733581289,7.8365631103515625,7.8365631103515625,1700,0.0,0.0
2014-09-25 00:00:00-04:00,7.827818351923378,7.862802982330322,7.827818351923378,7.862802982330322,200,0.0,0.0
2014-09-26 00:00:00-04:00,7.862802287295482,7.871548652648926,7.862802287295482,7.871548652648926,900,0.0,0.0
2014-09-29 00:00:00-04:00,7.82781903794443,7.906534671783447,7.82781903794443,7.906534671783447,7500,0.0,0.0
2014-09-30 00:00:00-04:00,7.897786914609949,7.897786914609949,7.836564025334458,7.871548652648926,22200,0.0,0.0
2014-10-01 00:00:00-04:00,7.87155003831049,7.906534671783447,7.82781903794443,7.906534671783447,30900,0.0,0.0
2014-10-02 00:00:00-04:00,7.959010678785227,7.959010678785227,7.8715486930010465,7.889041423797607,2100,0.0,0.0
2014-10-03 00:00:00-04:00,8.002741059211624,8.081456681777532,7.871548911001337,7.880295276641846,3300,0.0,0.0
2014-10-06 00:00:00-04:00,7.915282149927658,7.985251426696777,7.897789413685592,7.985251426696777,1700,0.0,0.0
2014-10-07 00:00:00-04:00,7.854055962204485,7.889041423797608,7.854055962204485,7.889041423797607,1200,0.0,0.0
2014-10-08 00:00:00-04:00,7.775341136058968,7.871548652648926,7.75784840535208,7.871548652648926,2500,0.0,0.0
2014-10-09 00:00:00-04:00,7.871548832110938,7.959010819440791,7.871548832110938,7.9502644538879395,4200,0.0,0.0
2014-10-10 00:00:00-04:00,7.9502644538879395,7.9502644538879395,7.9502644538879395,7.9502644538879395,0,0.0,0.0
2014-10-13 00:00:00-04:00,7.993993965648933,7.993993965648933,7.8890401007687565,7.932770252227783,700,0.0,0.0
2014-10-14 00:00:00-04:00,7.915279905104545,7.915279905104545,7.871548911001337,7.880295276641846,3300,0.0,0.0
2014-10-15 00:00:00-04:00,7.89778731098611,8.072710456337534,7.880295413500643,7.993995666503906,2900,0.0,0.0
2014-10-16 00:00:00-04:00,7.976503463116534,8.072710990905762,7.8890423016988915,8.072710990905762,1100,0.0,0.0
2014-10-17 00:00:00-04:00,8.081460049038041,8.081460049038041,7.836567547761044,7.915283203125,3100,0.0,0.0
2014-10-20 00:00:00-04:00,7.915280042570927,7.993995666503906,7.871549047708234,7.993995666503906,4100,0.0,0.0
2014-10-21 00:00:00-04:00,7.993997143928365,7.993997143928365,7.871550502502504,7.959012508392334,2400,0.0,0.0
2014-10-22 00:00:00-04:00,8.020233568374566,8.020233568374566,7.889041423797608,7.889041423797607,9200,0.0,0.0
2014-10-23 00:00:00-04:00,7.924026270745054,7.941518167926735,7.854056179720319,7.880295276641846,1700,0.0,0.0
2014-10-24 00:00:00-04:00,8.002741503958099,8.002741503958099,7.801580087643015,7.862802982330322,18900,0.0,0.0
2014-10-27 00:00:00-04:00,7.862802982330322,7.862802982330322,7.862802982330322,7.862802982330322,0,0.0,0.0
2014-10-28 00:00:00-04:00,7.871548652648926,7.932771541924416,7.871548652648926,7.871548652648926,7300,0.0,0.0
2014-10-29 00:00:00-04:00,7.880295276641846,7.959010899207753,7.871548911001337,7.880295276641846,3100,0.0,0.0
2014-10-30 00:00:00-04:00,7.993999308158872,8.081460503627731,7.897790908813477,7.897790908813477,2900,0.0,0.0
2014-10-31 00:00:00-04:00,8.02898120880127,8.02898120880127,7.906534576078354,8.02898120880127,2700,0.0,0.0
2014-11-03 00:00:00-05:00,7.906533304300156,8.037725448608398,7.897786938919791,8.037725448608398,6800,0.0,0.0
2014-11-04 00:00:00-05:00,7.985249261104252,7.985249261104252,7.89778727181268,7.976502895355225,1700,0.0,0.0
2014-11-05 00:00:00-05:00,7.985248899945772,7.985248899945772,7.862802287295482,7.871548652648926,259700,0.0,0.0
2014-11-06 00:00:00-05:00,7.880295276641846,7.985249162029944,7.871548911001337,7.880295276641846,11900,0.0,0.0
2014-11-07 00:00:00-05:00,7.871549008664948,7.976502895355225,7.784087019373376,7.976502895355225,10800,0.0,0.0
2014-11-10 00:00:00-05:00,7.959010678785227,8.133933816254277,7.8715486930010465,7.889041423797607,31200,0.0,0.0
2014-11-11 00:00:00-05:00,7.871552190800616,7.915283203125,7.871552190800616,7.915283203125,900,0.0,0.0
2014-11-12 00:00:00-05:00,7.9939961958597054,8.282619613326796,7.9939961958597054,8.072710990905762,4600,0.0,0.0
2014-11-13 00:00:00-05:00,8.072710982300872,8.265126871773635,8.046472717313488,8.177665710449219,3800,0.0,0.0
2014-11-14 00:00:00-05:00,8.177666234841341,8.256381034851074,8.16891986791822,8.256381034851074,9600,0.0,0.0
2014-11-17 00:00:00-05:00,8.151428173226376,8.265128455423257,8.151428173226376,8.186412811279297,8200,0.0,0.0
2014-11-18 00:00:00-05:00,8.221397449332217,8.221397449332217,8.17766727734074,8.186412811279297,2700,0.0,0.0
2014-11-19 00:00:00-05:00,8.177665710449219,8.256380505411371,8.177665710449219,8.177665710449219,4100,0.0,0.0
2014-11-20 00:00:00-05:00,8.177664718292817,8.221394876599755,8.177664718292817,8.21264934539795,2600,0.0,0.0
2014-11-21 00:00:00-05:00,8.212648573851876,8.256378728050537,8.177663950033413,8.238886833190918,4100,0.0,0.0
2014-11-24 00:00:00-05:00,8.177666279572131,8.230142813198992,8.177666279572131,8.221396446228027,2600,0.0,0.0
2014-11-25 00:00:00-05:00,8.256380505411371,8.256380505411371,8.177665710449219,8.177665710449219,1700,0.0,0.0
2014-11-26 00:00:00-05:00,8.17766727734074,8.24763655344658,8.17766727734074,8.186412811279297,1700,0.0,0.0
2014-11-28 00:00:00-05:00,8.177665073816966,8.26512622833252,8.177665073816966,8.26512622833252,1700,0.0,0.0
2014-12-01 00:00:00-05:00,8.177665710449219,8.186411242712078,8.177665710449219,8.177665710449219,77700,0.0,0.0
2014-12-02 00:00:00-05:00,8.177665073816966,8.26512622833252,8.177665073816966,8.26512622833252,2400,0.0,0.0
2014-12-03 00:00:00-05:00,8.26512622833252,8.26512622833252,8.26512622833252,8.26512622833252,0,0.0,0.0
2014-12-04 00:00:00-05:00,8.177665073816966,8.26512622833252,8.177665073816966,8.26512622833252,3200,0.0,0.0
2014-12-05 00:00:00-05:00,8.265126919819522,8.308857917785645,8.177665757986688,8.308857917785645,4900,0.0,0.0
2014-12-08 00:00:00-05:00,8.308858402290355,8.308858402290355,8.186411767665007,8.256381034851074,2700,0.0,0.0
2014-12-09 00:00:00-05:00,8.300110856958609,8.300110856958609,8.19515697108034,8.26512622833252,1600,0.0,0.0
2014-12-10 00:00:00-05:00,8.116443004835734,8.31760528607052,8.116443004835734,8.273874282836914,13500,0.0,0.0
2014-12-11 00:00:00-05:00,8.308860046632564,8.308860046632564,8.265129037461943,8.300113677978516,3800,0.0,0.0
2014-12-12 00:00:00-05:00,8.24763502109272,8.308857917785645,8.24763502109272,8.308857917785645,1100,0.0,0.0
2014-12-15 00:00:00-05:00,8.361333077131532,8.396317699458475,8.046470642089844,8.046470642089844,7800,0.0,0.0
2014-12-16 00:00:00-05:00,8.046470642089844,8.046470642089844,8.046470642089844,8.046470642089844,0,0.0,0.0
2014-12-17 00:00:00-05:00,8.072709601809825,8.090202331542969,8.063964071042514,8.090202331542969,10700,0.0,0.0
2014-12-18 00:00:00-05:00,8.308857401539157,8.308857401539157,8.291364669799805,8.291364669799805,500,0.0,0.0
2014-12-19 00:00:00-05:00,8.142680824952391,8.22139561745772,8.107696194694675,8.11644172668457,3900,0.0,0.0
2014-12-22 00:00:00-05:00,7.801580343217211,8.405065446031585,7.801580343217211,8.308857917785645,8500,0.0,0.0
2014-12-23 00:00:00-05:00,8.308858447738746,8.308858447738746,8.221396446228027,8.221396446228027,3200,0.0,0.0
2014-12-24 00:00:00-05:00,8.26512622833252,8.26512622833252,8.19515697108034,8.26512622833252,700,0.0,0.0
2014-12-26 00:00:00-05:00,8.186411418815679,8.203904151916504,8.186411418815679,8.203904151916504,500,0.0,0.0
2014-12-29 00:00:00-05:00,8.553751141450066,8.553751141450066,7.932773247528978,8.282620429992676,9400,0.0,0.0
2014-12-30 00:00:00-05:00,8.177663734553429,8.24763298034668,7.880294022882511,8.24763298034668,10500,0.0,0.0
2014-12-31 00:00:00-05:00,8.16891860961914,8.16891860961914,8.16891860961914,8.16891860961914,1000,0.0,0.0
2015-01-02 00:00:00-05:00,8.133934417317791,8.203903677475845,8.133934417317791,8.151426315307617,10900,0.0,0.0
2015-01-05 00:00:00-05:00,8.177667105520717,8.195159007129874,8.142682468202855,8.160174369812012,1000,0.0,0.0
2015-01-06 00:00:00-05:00,8.13393743064724,8.13393743064724,7.915283203125,7.915283203125,11900,0.0,0.0
2015-01-07 00:00:00-05:00,7.897786762040726,8.028979737510078,7.897786762040726,8.011487007141113,1300,0.0,0.0
2015-01-08 00:00:00-05:00,8.116442075407218,8.116442075407218,8.002741813659668,8.002741813659668,13900,0.0,0.0
2015-01-09 00:00:00-05:00,7.967758641018794,8.028982383386591,7.959013107051596,8.020236015319824,2500,0.0,0.0
2015-01-12 00:00:00-05:00,8.037725787399717,8.063964884646797,7.9677565296061985,7.976502895355225,1900,0.0,0.0
2015-01-13 00:00:00-05:00,7.976502895355225,7.976502895355225,7.976502895355225,7.976502895355225,0,0.0,0.0
2015-01-14 00:00:00-05:00,8.028982383386591,8.028982383386591,8.002743279186292,8.020236015319824,700,0.0,0.0
2015-01-15 00:00:00-05:00,8.020235746331052,8.063966751098633,7.959012840116164,8.063966751098633,5900,0.0,0.0
2015-01-16 00:00:00-05:00,7.941519553470203,8.08145809173584,7.941519553470203,8.08145809173584,1000,0.0,0.0
2015-01-20 00:00:00-05:00,8.011486285687567,8.308856002386758,7.9765016621993805,8.107694625854492,18900,0.0,0.0
2015-01-21 00:00:00-05:00,8.107694625854492,8.107694625854492,8.107694625854492,8.107694625854492,0,0.0,0.0
2015-01-22 00:00:00-05:00,8.011489097534783,8.273874282836914,8.011489097534783,8.273874282836914,400,0.0,0.0
2015-01-23 00:00:00-05:00,8.308857401539157,8.308857401539157,8.282619138029485,8.291364669799805,800,0.0,0.0
2015-01-26 00:00:00-05:00,8.081457055149563,8.308857567712925,8.081457055149563,8.151426315307617,4400,0.0,0.0
2015-01-27 00:00:00-05:00,8.098950600732152,8.256381034851074,8.098950600732152,8.256381034851074,17200,0.0,0.0
2015-01-28 00:00:00-05:00,8.107696967655276,8.256381034851074,8.107696967655276,8.256381034851074,1600,0.0,0.0
2015-01-29 00:00:00-05:00,8.18641263927552,8.18641263927552,8.081458727321936,8.160174369812012,14000,0.0,0.0
2015-01-30 00:00:00-05:00,8.090202331542969,8.177664312010165,8.090202331542969,8.090202331542969,10700,0.0,0.0
2015-02-02 00:00:00-05:00,8.142680484768809,8.343841891821745,8.142680484768809,8.230141639709473,12000,0.0,0.0
2015-02-03 00:00:00-05:00,8.30885726302561,8.30885726302561,8.230141639709473,8.230141639709473,2900,0.0,0.0
2015-02-04 00:00:00-05:00,8.18641068531968,8.221395314287312,8.177665153652285,8.195157051086426,4700,0.0,0.0
2015-02-05 00:00:00-05:00,8.195157051086426,8.300110937989317,8.177665153652285,8.195157051086426,23700,0.0,0.0
2015-02-06 00:00:00-05:00,8.247635547140922,8.308858447738746,8.221396446228027,8.221396446228027,114100,0.0,0.0
2015-02-09 00:00:00-05:00,8.195157051086426,8.32635003528955,8.177665153652285,8.195157051086426,3300,0.0,0.0
2015-02-10 00:00:00-05:00,8.317603767408835,8.317603767408835,8.291364669799805,8.291364669799805,600,0.0,0.0
2015-02-11 00:00:00-05:00,8.18641068531968,8.335095566956948,8.177665153652285,8.195157051086426,4500,0.0,0.0
2015-02-12 00:00:00-05:00,8.221394876599755,8.300110496111127,8.195156614795732,8.21264934539795,5200,0.0,0.0
2015-02-13 00:00:00-05:00,8.186412811279297,8.186412811279297,8.186412811279297,8.186412811279297,100,0.0,0.0
2015-02-17 00:00:00-05:00,8.177665710449219,8.177665710449219,8.177665710449219,8.177665710449219,200,0.0,0.0
2015-02-18 00:00:00-05:00,8.186412811279297,8.256382087385136,8.17766727734074,8.186412811279297,2500,0.0,0.0
2015-02-19 00:00:00-05:00,8.186412811279297,8.186412811279297,8.186412811279297,8.186412811279297,200,0.0,0.0
2015-02-20 00:00:00-05:00,8.203903975436603,8.203903975436603,8.177665710449219,8.177665710449219,3000,0.0,0.0
2015-02-23 00:00:00-05:00,8.142679249342677,8.168917508434014,8.09020189706079,8.107694625854492,7000,0.0,0.0
2015-02-24 00:00:00-05:00,8.107694625854492,8.107694625854492,8.107694625854492,8.107694625854492,0,0.0,0.0
2015-02-25 00:00:00-05:00,8.107696708838088,8.212650606266807,8.090203975550253,8.13393497467041,1700,0.0,0.0
2015-02-26 00:00:00-05:00,8.090202331542969,8.090202331542969,8.090202331542969,8.090202331542969,200,0.0,0.0
2015-02-27 00:00:00-05:00,8.11644272630225,8.142681827801667,8.08145809173584,8.08145809173584,7400,0.0,0.0
2015-03-02 00:00:00-05:00,8.133933103125322,8.151424998288997,8.09894847869873,8.09894847869873,3100,0.0,0.0
2015-03-03 00:00:00-05:00,8.151424509070676,8.151424509070676,8.046470642089844,8.046470642089844,3800,0.0,0.0
2015-03-04 00:00:00-05:00,8.090201628523321,8.090201628523321,8.046470642089844,8.046470642089844,1500,0.0,0.0
2015-03-05 00:00:00-05:00,8.1339326149568,8.1339326149568,8.046470642089844,8.046470642089844,5900,0.0,0.0
2015-03-06 00:00:00-05:00,8.04647368018266,8.04647368018266,7.959012508392334,7.959012508392334,4900,0.0,0.0
2015-03-09 00:00:00-04:00,8.00274038221668,8.00274038221668,7.442986374166102,7.749101638793945,19100,0.0,0.0
2015-03-10 00:00:00-04:00,7.775340228224344,7.8365631103515625,7.705370981764893,7.8365631103515625,15200,0.0,0.0
2015-03-11 00:00:00-04:00,7.827816746019328,7.95900970870521,7.827816746019328,7.8365631103515625,17000,0.0,0.0
2015-03-12 00:00:00-04:00,7.932772550138009,8.05521917835062,7.932772550138009,8.002741813659668,21600,0.0,0.0
2015-03-13 00:00:00-04:00,7.9590115644727675,8.107696456392105,7.9590115644727675,8.072710990905762,22000,0.0,0.0
2015-03-16 00:00:00-04:00,7.976502716447165,8.125187594448317,7.810325941439638,7.9502644538879395,23500,0.0,0.0
2015-03-17 00:00:00-04:00,7.889041642282355,8.028980156133152,7.871548911001337,7.880295276641846,18000,0.0,0.0
2015-03-18 00:00:00-04:00,7.827817956648951,7.959010939624792,7.827817956648951,7.845310688018799,14900,0.0,0.0
2015-03-19 00:00:00-04:00,7.801581556592691,8.090205020319365,7.784088821045843,8.063966751098633,113300,0.0,0.0
2015-03-20 00:00:00-04:00,8.011488085963842,8.177665710449219,7.792833931503695,8.177665710449219,210800,0.0,0.0
2015-03-23 00:00:00-04:00,8.186411640474224,8.186411640474224,7.932772842340605,8.02898120880127,8400,0.0,0.0
2015-03-24 00:00:00-04:00,7.993994820308463,8.212648937377192,7.915279204707838,8.090202331542969,5800,0.0,0.0
2015-03-25 00:00:00-04:00,8.03772411710796,8.03772411710796,7.8890401007687565,7.932770252227783,10400,0.0,0.0
2015-03-26 00:00:00-04:00,7.897786762040726,8.212649235887735,7.889041230955536,8.011487007141113,5600,0.0,0.0
2015-03-27 00:00:00-04:00,7.96775704842557,8.037726310775128,7.915280518713102,7.941518783569336,2600,0.0,0.0
2015-03-30 00:00:00-04:00,7.9415183058488035,8.17766517764774,7.9415183058488035,7.993995666503906,11500,0.0,0.0
2015-03-31 00:00:00-04:00,8.116442374375255,8.133935107949721,7.897788209291121,8.02898120880127,10500,0.0,0.0
2015-04-01 00:00:00-04:00,8.090201628523321,8.116439886743732,8.046470642089844,8.046470642089844,1400,0.0,0.0
2015-04-02 00:00:00-04:00,8.046470642089844,8.046470642089844,7.932770411002479,8.046470642089844,3400,0.0,0.0
2015-04-06 00:00:00-04:00,8.011487007141113,8.046471633779749,7.9765023805024775,8.011487007141113,7700,0.0,0.0
2015-04-07 00:00:00-04:00,8.02898120880127,8.02898120880127,8.02898120880127,8.02898120880127,100,0.0,0.0
2015-04-08 00:00:00-04:00,8.046471813988765,8.046471813988765,8.037725448608398,8.037725448608398,1200,0.0,0.0
2015-04-09 00:00:00-04:00,7.967756271362305,7.967756271362305,7.967756271362305,7.967756271362305,200,0.0,0.0
2015-04-10 00:00:00-04:00,7.959010484232807,8.011487007141113,7.959010484232807,8.011487007141113,1700,0.0,0.0
2015-04-13 00:00:00-04:00,8.133936247860484,8.133936247860484,8.046474235929901,8.055220603942871,1400,0.0,0.0
2015-04-14 00:00:00-04:00,7.985251426696777,7.985251426696777,7.941520420191185,7.985251426696777,11800,0.0,0.0
2015-04-15 00:00:00-04:00,7.95026614098345,8.020235412055511,7.95026614098345,7.959012508392334,10700,0.0,0.0
2015-04-16 00:00:00-04:00,7.967756271362305,7.967756271362305,7.959010739996077,7.967756271362305,1700,0.0,0.0
2015-04-17 00:00:00-04:00,7.967756210084195,7.993995306279038,7.880295058399327,7.889041423797607,5000,0.0,0.0
2015-04-20 00:00:00-04:00,8.055216844970909,8.055216844970909,7.932770252227783,7.932770252227783,1800,0.0,0.0
2015-04-21 00:00:00-04:00,7.985251426696777,8.116443612113983,7.985251426696777,7.985251426696777,7600,0.0,0.0
2015-04-22 00:00:00-04:00,8.090205291654819,8.090205291654819,8.020236015319824,8.020236015319824,17000,0.0,0.0
2015-04-23 00:00:00-04:00,8.046472193059659,8.046472193059659,7.976502934919088,7.993995666503906,13700,0.0,0.0
2015-04-24 00:00:00-04:00,7.9590101949414365,8.090202331542969,7.9590101949414365,8.090202331542969,5900,0.0,0.0
2015-04-27 00:00:00-04:00,8.1339337995938,8.177664792396317,8.011487186566612,8.037725448608398,19600,0.0,0.0
2015-04-28 00:00:00-04:00,8.037725268595267,8.081456260418383,7.967756015317995,8.011487007141113,5400,0.0,0.0
2015-04-29 00:00:00-04:00,7.967757181898838,8.090203810111449,7.959011649533192,8.002741813659668,87300,0.0,0.0
2015-04-30 00:00:00-04:00,8.168920885812806,8.177667253825776,8.055220603942871,8.055220603942871,7900,0.0,0.0
2015-05-01 00:00:00-04:00,8.046471813988765,8.098949172171649,8.002740821186247,8.037725448608398,23500,0.0,0.0
2015-05-04 00:00:00-04:00,8.0902037150254,8.448796394884134,8.081457348663136,8.177665710449219,13400,0.0,0.0
2015-05-05 00:00:00-04:00,8.177667253825776,8.177667253825776,8.055220603942871,8.055220603942871,9800,0.0,0.0
2015-05-06 00:00:00-04:00,8.055217006196377,8.230140117831098,8.03772427798331,8.046470642089844,5200,0.0,0.0
2015-05-07 00:00:00-04:00,8.125189879847513,8.125189879847513,8.055220603942871,8.055220603942871,2300,0.0,0.0
2015-05-08 00:00:00-04:00,8.125187873840332,8.125187873840332,8.046472249356622,8.125187873840332,2300,0.0,0.0
2015-05-11 00:00:00-04:00,8.125189879847513,8.125189879847513,8.028982334003521,8.055220603942871,5100,0.0,0.0
2015-05-12 00:00:00-04:00,8.125186738493865,8.256378871568772,8.072709384804357,8.09894847869873,14500,0.0,0.0
2015-05-13 00:00:00-04:00,8.335095662374526,8.396319389343262,8.291364667139533,8.396319389343262,8400,0.0,0.0
2015-05-14 00:00:00-04:00,8.396322064973809,8.396322064973809,8.212652493736893,8.300113677978516,5900,0.0,0.0
2015-05-15 00:00:00-04:00,8.422558645287609,8.693689346313477,8.230142744040586,8.693689346313477,6400,0.0,0.0
2015-05-18 00:00:00-04:00,8.466289090067738,8.527511986133296,8.24763493657714,8.378827095031738,17300,0.0,0.0
2015-05-19 00:00:00-04:00,8.37008154359858,8.483781814575195,8.37008154359858,8.483781814575195,3100,0.0,0.0
2015-05-20 00:00:00-04:00,8.457544426008003,8.457544426008003,8.387575149536133,8.387575149536133,1600,0.0,0.0
2015-05-21 00:00:00-04:00,8.396319389343262,8.396319389343262,8.370080291742651,8.396319389343262,6300,0.0,0.0
2015-05-22 00:00:00-04:00,8.405064921110775,8.405064921110775,8.335095662374526,8.396319389343262,9200,0.0,0.0
2015-05-26 00:00:00-04:00,8.518766813486046,8.518766813486046,8.326351732004087,8.370081901550293,12100,0.0,0.0
2015-05-27 00:00:00-04:00,8.545004446320887,8.545004446320887,8.151426315307617,8.151426315307617,11200,0.0,0.0
2015-05-28 00:00:00-04:00,8.431305527978104,8.431305527978104,8.133935708067954,8.142682075500488,22400,0.0,0.0
2015-05-29 00:00:00-04:00,8.160173240502733,8.23888887209913,8.13393497467041,8.13393497467041,1400,0.0,0.0
2015-06-01 00:00:00-04:00,8.090203975550253,8.230142505455213,8.002741977309936,8.13393497467041,24900,0.0,0.0
2015-06-02 00:00:00-04:00,8.13393497467041,8.13393497467041,8.13393497467041,8.13393497467041,0,0.0,0.0
2015-06-03 00:00:00-04:00,8.063964071042514,8.098948696409542,8.063964071042514,8.090202331542969,4400,0.0,0.0
2015-06-04 00:00:00-04:00,8.090203462516127,8.168919089120834,8.090203462516127,8.11644172668457,60900,0.0,0.0
2015-06-05 00:00:00-04:00,8.265126571589299,8.265126571589299,8.125188051273192,8.151426315307617,2800,0.0,0.0
2015-06-08 00:00:00-04:00,8.151426137301783,8.151426137301783,8.125187873840332,8.125187873840332,600,0.0,0.0
2015-06-09 00:00:00-04:00,8.133934239693936,8.142680605547538,8.125187873840332,8.125187873840332,1300,0.0,0.0
2015-06-10 00:00:00-04:00,8.090202114067273,8.300109860626822,8.046471125009223,8.09894847869873,46200,0.0,0.0
2015-06-11 00:00:00-04:00,8.090202331542969,8.308856448611698,8.090202331542969,8.090202331542969,62300,0.0,0.0
2015-06-12 00:00:00-04:00,8.090202114067273,8.14267946775678,8.046471125009223,8.09894847869873,65000,0.0,0.0
2015-06-15 00:00:00-04:00,8.133934721407458,8.291365145598975,8.055219092261995,8.072710990905762,5700,0.0,0.0
2015-06-16 00:00:00-04:00,8.04647134130937,8.116440592043423,8.04647134130937,8.090202331542969,5000,0.0,0.0
2015-06-17 00:00:00-04:00,8.125189093468721,8.125189093468721,8.072711724569366,8.08145809173584,9200,0.0,0.0
2015-06-18 00:00:00-04:00,8.0902037150254,8.177665710449219,8.020234452326104,8.177665710449219,11300,0.0,0.0
2015-06-19 00:00:00-04:00,8.16891942820939,8.545004844665527,8.133934796499476,8.545004844665527,19000,0.0,0.0
2015-06-22 00:00:00-04:00,8.422557924186988,8.562496446167764,8.142680880225434,8.518765449523926,3400,0.0,0.0
2015-06-23 00:00:00-04:00,8.273872689867048,8.466288566589355,8.273872689867048,8.466288566589355,900,0.0,0.0
2015-06-24 00:00:00-04:00,8.501274548925204,8.571243818126279,8.422558912549126,8.483781814575195,8600,0.0,0.0
2015-06-25 00:00:00-04:00,8.483781814575195,8.527512816350736,8.457543547149664,8.483781814575195,5000,0.0,0.0
2015-06-26 00:00:00-04:00,8.396319389343262,8.396319389343262,8.396319389343262,8.396319389343262,200,0.0,0.0
2015-06-29 00:00:00-04:00,8.273871567926058,8.370079076191754,8.273871567926058,8.335094451904297,7200,0.0,0.0
2015-06-30 00:00:00-04:00,8.352586849036555,8.352586849036555,8.24763298034668,8.24763298034668,700,0.0,0.0
2015-07-01 00:00:00-04:00,8.186410645189468,8.30885726302561,8.186410645189468,8.230141639709473,2400,0.0,0.0
2015-07-02 00:00:00-04:00,8.203905374984226,8.291366551229105,8.160174369812012,8.160174369812012,3400,0.0,0.0
2015-07-06 00:00:00-04:00,8.221396880094787,8.291366151356057,8.133935708067954,8.142682075500488,6000,0.0,0.0
2015-07-07 00:00:00-04:00,8.133934079509519,8.26512622833252,8.133934079509519,8.26512622833252,23100,0.0,0.0
2015-07-08 00:00:00-04:00,8.247635982392394,8.282620618023028,8.142682075500488,8.142682075500488,800,0.0,0.0
2015-07-09 00:00:00-04:00,8.142682075500488,8.142682075500488,8.142682075500488,8.142682075500488,0,0.0,0.0
2015-07-10 00:00:00-04:00,8.14267946775678,8.14267946775678,8.090202114067273,8.09894847869873,1500,0.0,0.0
2015-07-13 00:00:00-04:00,8.090204736535373,8.273874282836914,8.090204736535373,8.273874282836914,6100,0.0,0.0
2015-07-14 00:00:00-04:00,8.221395874061724,8.265126871773635,8.177665710449219,8.177665710449219,21800,0.0,0.0
2015-07-15 00:00:00-04:00,8.221396912136683,8.308858918603898,8.221396912136683,8.273874282836914,1200,0.0,0.0
2015-07-16 00:00:00-04:00,8.151427608833517,8.151427608833517,8.142682075500488,8.142682075500488,500,0.0,0.0
2015-07-17 00:00:00-04:00,8.133934417317791,8.168919047396818,8.133934417317791,8.151426315307617,7300,0.0,0.0
2015-07-20 00:00:00-04:00,8.133934417317791,8.230141941510272,8.133934417317791,8.151426315307617,10000,0.0,0.0
2015-07-21 00:00:00-04:00,8.133934417317791,8.291364835623725,8.133934417317791,8.151426315307617,8400,0.0,0.0
2015-07-22 00:00:00-04:00,8.247635739546444,8.571243818126279,8.247635739546444,8.483781814575195,32300,0.0,0.0
2015-07-23 00:00:00-04:00,8.186411665447721,8.431304931640625,8.177666132733254,8.431304931640625,2500,0.0,0.0
2015-07-24 00:00:00-04:00,8.431304931640625,8.431304931640625,8.431304931640625,8.431304931640625,0,0.0,0.0
2015-07-27 00:00:00-04:00,8.518765230755657,8.588734489949182,8.396319444216669,8.527511596679688,20000,0.0,0.0
2015-07-28 00:00:00-04:00,8.527510755574463,8.614972737989298,8.42255687713623,8.42255687713623,19600,0.0,0.0
2015-07-29 00:00:00-04:00,8.308856192213515,8.413810065075882,8.308856192213515,8.335094451904297,27300,0.0,0.0
2015-07-30 00:00:00-04:00,8.308857480192225,8.343842109902745,8.273872850481707,8.326350212097168,9600,0.0,0.0
2015-07-31 00:00:00-04:00,8.46628917682392,8.46628917682392,8.308857917785645,8.308857917785645,8200,0.0,0.0
2015-08-03 00:00:00-04:00,8.177665073816966,8.597480617330039,8.151425976772893,8.26512622833252,4900,0.0,0.0
2015-08-04 00:00:00-04:00,8.26512622833252,8.571242354385307,8.26512622833252,8.26512622833252,700,0.0,0.0
2015-08-05 00:00:00-04:00,8.475036228645191,8.475036228645191,8.457544326782227,8.457544326782227,500,0.0,0.0
2015-08-06 00:00:00-04:00,8.475033475451916,8.475033475451916,8.2738720818294,8.352587699890137,1200,0.0,0.0
2015-08-07 00:00:00-04:00,8.300111114239755,8.326350212097168,8.300111114239755,8.326350212097168,1600,0.0,0.0
2015-08-10 00:00:00-04:00,8.3088578326427,8.571242983651297,8.27387320144818,8.378827095031738,19500,0.0,0.0
2015-08-11 00:00:00-04:00,8.317604064941406,8.457542587464602,8.30885769875886,8.317604064941406,13800,0.0,0.0
2015-08-12 00:00:00-04:00,8.31760475395858,8.370081287202156,8.308858387051497,8.361335754394531,3200,0.0,0.0
2015-08-13 00:00:00-04:00,8.55415586601442,8.580449143243552,8.484039902837926,8.562920570373535,1300,0.02,0.0
2015-08-14 00:00:00-04:00,8.335041999816895,8.335041999816895,8.335041999816895,8.335041999816895,700,0.0,0.0
2015-08-17 00:00:00-04:00,8.440216935878647,8.571684153495399,8.370100975036621,8.370100975036621,6900,0.0,0.0
2015-08-18 00:00:00-04:00,8.34380675668746,8.492802529769367,8.308747944376318,8.422686576843262,18500,0.0,0.0
2015-08-19 00:00:00-04:00,8.326276779174805,8.326276779174805,8.326276779174805,8.326276779174805,500,0.0,0.0
2015-08-20 00:00:00-04:00,8.326276309978786,8.554153546434353,8.326276309978786,8.352569580078125,4000,0.0,0.0
2015-08-21 00:00:00-04:00,8.308746198554532,8.492800745274307,8.308746198554532,8.475272178649902,1200,0.0,0.0
2015-08-24 00:00:00-04:00,8.107166290283203,8.186046960897354,8.107166290283203,8.107166290283203,2600,0.0,0.0
2015-08-25 00:00:00-04:00,8.343808302125653,8.343808302125653,8.072108307326719,8.107166290283203,181400,0.0,0.0
2015-08-26 00:00:00-04:00,8.1071624202618,8.317510217589435,8.001988521597983,8.072104454040527,47300,0.0,0.0
2015-08-27 00:00:00-04:00,8.115928477488103,8.352569580078125,8.10716377550566,8.352569580078125,11800,0.0,0.0
2015-08-28 00:00:00-04:00,8.326276954957764,8.580447481201501,8.326276954957764,8.413922309875488,5900,0.0,0.0
2015-08-31 00:00:00-04:00,8.501565966989522,8.545388640005298,8.41392145680594,8.484037399291992,11600,0.0,0.0
2015-09-01 00:00:00-04:00,8.203573405064015,8.519096005620957,8.080870914490118,8.291218757629395,17000,0.0,0.0
2015-09-02 00:00:00-04:00,8.37009927524059,8.387627843967309,8.15098673314449,8.238631248474121,4700,0.0,0.0
2015-09-03 00:00:00-04:00,8.203575408610261,8.370101451985269,8.150988852906325,8.3438081741333,4000,0.0,0.0
2015-09-04 00:00:00-04:00,8.326278764999833,8.475275399241372,8.291220782581131,8.3438081741333,1000,0.0,0.0
2015-09-08 00:00:00-04:00,8.308747670706692,8.501566952826536,8.17728047226247,8.2123384475708,7300,0.0,0.0
2015-09-09 00:00:00-04:00,8.492802566520568,8.510331972751995,8.142222800372965,8.405158042907715,2200,0.0,0.0
2015-09-10 00:00:00-04:00,8.256162126642256,8.422687320584258,8.247397422790527,8.247397422790527,4000,0.0,0.0
2015-09-11 00:00:00-04:00,8.264927504729163,8.3438081741333,8.080872888068923,8.3438081741333,2600,0.0,0.0
2015-09-14 00:00:00-04:00,8.29998171603137,8.422684180822552,8.29998171603137,8.396390914916992,1100,0.0,0.0
2015-09-15 00:00:00-04:00,8.484036794483835,8.536623329675614,8.387626753552397,8.457742691040039,1400,0.0,0.0
2015-09-16 00:00:00-04:00,8.405157664513561,8.554154267380596,8.405157664513561,8.501566886901855,1000,0.0,0.0
2015-09-17 00:00:00-04:00,8.150987259148959,8.554154396057129,8.150987259148959,8.554154396057129,2400,0.0,0.0
2015-09-18 00:00:00-04:00,8.107166444006673,8.448982411199896,8.107166444006673,8.194811820983887,15000,0.0,0.0
2015-09-21 00:00:00-04:00,8.229868850935237,8.589213350374425,8.194810871376491,8.247397422790527,44300,0.0,0.0
2015-09-22 00:00:00-04:00,8.221103232304204,8.536625013224151,8.159751983865121,8.229867935180664,4200,0.0,0.0
2015-09-23 00:00:00-04:00,8.264927788226354,8.28245636211284,8.194811820983887,8.194811820983887,8700,0.0,0.0
2015-09-24 00:00:00-04:00,8.212340394870374,8.440217706332522,8.194811820983887,8.194811820983887,3100,0.0,0.0
2015-09-25 00:00:00-04:00,8.28245439818746,8.378864457171414,8.203573744781703,8.2123384475708,8400,0.0,0.0
2015-09-28 00:00:00-04:00,8.212337977460033,8.58044711504932,8.194809408733313,8.238631248474121,13100,0.0,0.0
2015-09-29 00:00:00-04:00,8.308747195077032,8.308747195077032,8.15098673314449,8.238631248474121,7200,0.0,0.0
2015-09-30 00:00:00-04:00,8.212340301766112,8.519098281860352,8.212340301766112,8.519098281860352,14600,0.0,0.0
2015-10-01 00:00:00-04:00,8.597977734502441,8.597977734502441,8.361335754394531,8.361335754394531,2000,0.0,0.0
2015-10-02 00:00:00-04:00,8.326279050601448,8.501568968707616,8.168517706381767,8.194811820983887,13100,0.0,0.0
2015-10-05 00:00:00-04:00,8.29998481005273,8.405158748728967,8.247397422790527,8.247397422790527,1500,0.0,0.0
2015-10-06 00:00:00-04:00,8.282455686771428,8.440217018127441,8.282455686771428,8.440217018127441,1500,0.0,0.0
2015-10-07 00:00:00-04:00,8.466508911865379,8.589212242417073,8.44898034227117,8.501566886901855,27700,0.0,0.0
2015-10-08 00:00:00-04:00,8.405157456104895,8.633034706115723,8.405157456104895,8.633034706115723,16900,0.0,0.0
2015-10-09 00:00:00-04:00,8.63303649437694,8.676858344277244,8.571684399989737,8.580449104309082,37800,0.0,0.0
2015-10-12 00:00:00-04:00,8.633033179173914,8.676855012246033,8.589210510253906,8.589210510253906,4100,0.0,0.0
2015-10-13 00:00:00-04:00,8.589212371620967,8.589212371620967,8.545389693204152,8.554154396057129,1100,0.0,0.0
2015-10-14 00:00:00-04:00,8.545390129089355,8.545390129089355,8.545390129089355,8.545390129089355,200,0.0,0.0
2015-10-15 00:00:00-04:00,8.457745751382888,8.580449104309082,8.413923901482583,8.580449104309082,6100,0.0,0.0
2015-10-16 00:00:00-04:00,8.58044766876799,8.58044766876799,8.326277136968148,8.554154396057129,6800,0.0,0.0
2015-10-19 00:00:00-04:00,8.448980722638188,8.62427060571199,8.343806792793908,8.405158042907715,7300,0.0,0.0
2015-10-20 00:00:00-04:00,8.484039620366959,8.545390877141685,8.247397625638984,8.370100975036621,5300,0.0,0.0
2015-10-21 00:00:00-04:00,8.317512076698462,8.571682597576192,8.317512076698462,8.326276779174805,13700,0.0,0.0
2015-10-22 00:00:00-04:00,8.492800745274307,8.510330147746625,8.413920941692616,8.475272178649902,1100,0.0,0.0
2015-10-23 00:00:00-04:00,8.370101215734069,8.589213808628426,8.361336511414725,8.580449104309082,508700,0.0,0.0
2015-10-26 00:00:00-04:00,8.633033577850796,8.948555304119571,8.633033577850796,8.81708812713623,15800,0.0,0.0
2015-10-27 00:00:00-04:00,8.895967792911506,9.062493772727976,8.641797308423975,8.764500617980957,10400,0.0,0.0
2015-10-28 00:00:00-04:00,8.703149381126423,8.764500617980957,8.703149381126423,8.764500617980957,6200,0.0,0.0
2015-10-29 00:00:00-04:00,8.676858150365316,8.852148889441942,8.624271597320881,8.799561500549316,21900,0.0,0.0
2015-10-30 00:00:00-04:00,8.81708929179368,8.81708929179368,8.68562126159668,8.68562126159668,3700,0.0,0.0
2015-11-02 00:00:00-05:00,8.685619978683462,8.817087989461925,8.685619978683462,8.764500617980957,4500,0.0,0.0
2015-11-03 00:00:00-05:00,8.80832529461476,8.83461856842041,8.764502614373272,8.83461856842041,5700,0.0,0.0
2015-11-04 00:00:00-05:00,8.895967792911506,8.895967792911506,8.746971215537997,8.764500617980957,3400,0.0,0.0
2015-11-05 00:00:00-05:00,8.764500617980957,8.869674525094979,8.755735916759477,8.764500617980957,3700,0.0,0.0
2015-11-06 00:00:00-05:00,8.773265888854121,8.887204504587704,8.773265888854121,8.808323860168457,8700,0.0,0.0
2015-11-09 00:00:00-05:00,8.764503169107732,8.887206514380576,8.764503169107732,8.87844181060791,4400,0.0,0.0
2015-11-10 00:00:00-05:00,8.895969297714842,8.966085247651366,8.82585334777832,8.82585334777832,9200,0.0,0.0
2015-11-11 00:00:00-05:00,8.82585334777832,8.82585334777832,8.82585334777832,8.82585334777832,0,0.0,0.0
2015-11-12 00:00:00-05:00,8.825854648229518,8.948801338819342,8.72925271989578,8.799509048461914,8300,0.02,0.0
2015-11-13 00:00:00-05:00,8.77316064084553,9.02783694809943,8.77316064084553,8.878543853759766,1300,0.0,0.0
2015-11-16 00:00:00-05:00,8.852199044948255,8.966364411774364,8.790725708007812,8.790725708007812,1100,0.0,0.0
2015-11-17 00:00:00-05:00,8.790725465551986,8.790725465551986,8.75559772576753,8.781943321228027,12700,0.0,0.0
2015-11-18 00:00:00-05:00,8.755596871250054,8.79950675107301,8.746814727783203,8.746814727783203,8100,0.0,0.0
2015-11-19 00:00:00-05:00,8.78194417148736,8.817071914672852,8.764379881138884,8.817071914672852,2500,0.0,0.0
2015-11-20 00:00:00-05:00,8.781945147252303,9.08053141626073,8.781945147252303,8.896110534667969,4900,0.0,0.0
2015-11-23 00:00:00-05:00,8.869763374328613,8.95758230785468,8.78194360329114,8.869763374328613,25400,0.0,0.0
2015-11-24 00:00:00-05:00,8.869763374328613,9.071747675198834,8.852199085116556,8.869763374328613,39000,0.0,0.0
2015-11-25 00:00:00-05:00,8.957583533377367,8.966365679184916,8.878545896132467,8.922455787658691,12700,0.0,0.0
2015-11-27 00:00:00-05:00,9.054183133354757,9.08052872648937,8.94001777975636,9.06296443939209,1500,0.0,0.0
2015-11-30 00:00:00-05:00,9.133220421012034,9.431806618191315,9.08931137584796,9.317641258239746,6300,0.0,0.0
2015-12-01 00:00:00-05:00,9.42302629621985,9.43180844195535,9.229824115107956,9.352770805358887,2100,0.0,0.0
2015-12-02 00:00:00-05:00,9.396680696524868,9.396680696524868,9.282515314497923,9.352770805358887,15900,0.0,0.0
2015-12-03 00:00:00-05:00,9.440588338034493,9.440588338034493,9.221039772033691,9.221039772033691,5300,0.0,0.0
2015-12-04 00:00:00-05:00,9.42302442034385,9.484498590742941,9.229822277693414,9.431806564331055,6100,0.0,0.0
2015-12-07 00:00:00-05:00,9.326425205663904,9.379117242565384,9.221041969372457,9.352770805358887,29900,0.0,0.0
2015-12-08 00:00:00-05:00,9.221041231934322,9.37911649248543,9.221041231934322,9.282514572143555,7400,0.0,0.0
2015-12-09 00:00:00-05:00,9.291295490909445,9.49328061245687,9.221040014939385,9.229822158813477,17300,0.0,0.0
2015-12-10 00:00:00-05:00,9.642573286929913,9.642573286929913,9.308860180424853,9.51962661743164,6400,0.0,0.0
2015-12-11 00:00:00-05:00,9.405461068639967,9.625009645557324,9.229822374608354,9.396678924560547,80900,0.0,0.0
2015-12-14 00:00:00-05:00,9.466937733506303,9.598667428518064,9.159570120168826,9.256171226501465,67100,0.0,0.0
2015-12-15 00:00:00-05:00,9.221040541561838,9.300078165919903,9.010274101614584,9.098093032836914,9700,0.0,0.0
2015-12-16 00:00:00-05:00,9.203476294893742,9.221040583725351,9.027837594134583,9.177130699157715,35700,0.0,0.0
2015-12-17 00:00:00-05:00,9.229824512179377,9.229824512179377,9.0893135244126,9.133222579956055,13500,0.0,0.0
2015-12-18 00:00:00-05:00,9.221041107064117,9.308860881183588,9.150785622773114,9.273733139038086,78700,0.0,0.0
2015-12-21 00:00:00-05:00,9.308859582043095,9.554753742744717,9.229821963868314,9.300077438354492,15600,0.0,0.0
2015-12-22 00:00:00-05:00,9.326423349018631,9.502062041206004,9.28251346659395,9.431806564331055,4000,0.0,0.0
2015-12-23 00:00:00-05:00,9.34398568913275,9.660135269165039,9.34398568913275,9.660135269165039,9900,0.0,0.0
2015-12-24 00:00:00-05:00,9.633791511054465,9.660137105019528,9.343987464904785,9.343987464904785,6100,0.0,0.0
2015-12-28 00:00:00-05:00,9.300078006538218,9.572317777426683,9.238604671984959,9.24738597869873,10700,0.0,0.0
2015-12-29 00:00:00-05:00,9.133220421012034,9.37033328495253,9.133220421012034,9.317641258239746,12500,0.0,0.0
2015-12-30 00:00:00-05:00,9.300077198832499,9.502061473400358,9.300077198832499,9.484498023986816,4500,0.0,0.0
2015-12-31 00:00:00-05:00,9.528409613273856,9.660138438798345,9.343988755032703,9.554755210876465,4000,0.0,0.0
2016-01-04 00:00:00-05:00,9.379114814971677,9.528407903787615,9.256167319031698,9.484498023986816,14000,0.0,0.0
2016-01-05 00:00:00-05:00,9.545971908561103,9.818212509155273,9.545971908561103,9.818212509155273,17800,0.0,0.0
2016-01-06 00:00:00-05:00,9.712831200092117,9.879687780773448,9.712831200092117,9.862123489379883,6900,0.0,0.0
2016-01-07 00:00:00-05:00,9.747956212012053,9.86212072401213,9.660136454692159,9.826992988586426,4200,0.0,0.0
2016-01-08 00:00:00-05:00,9.879687275147349,9.879687275147349,9.791867497697009,9.800649642944336,2600,0.0,0.0
2016-01-11 00:00:00-05:00,9.870904435308983,9.870904435308983,9.300078434583776,9.616228103637695,16000,0.0,0.0
2016-01-12 00:00:00-05:00,9.651355844643687,9.651355844643687,9.528409169878422,9.616228103637695,1300,0.0,0.0
2016-01-13 00:00:00-05:00,9.616225395893872,9.756736320352667,9.537187791508007,9.660135269165039,16100,0.0,0.0
2016-01-14 00:00:00-05:00,9.704046834198925,9.704046834198925,9.098092319941845,9.493280410766602,20200,0.0,0.0
2016-01-15 00:00:00-05:00,9.343988317354388,9.396679510091516,9.229822949742067,9.37911605834961,8600,0.0,0.0
2016-01-19 00:00:00-05:00,9.502062596109658,9.633792251076477,9.405461519143108,9.572318077087402,6700,0.0,0.0
2016-01-20 00:00:00-05:00,9.537191844426582,9.537191844426582,9.229824275932048,9.47571849822998,15300,0.0,0.0
2016-01-21 00:00:00-05:00,9.28251460788448,9.607446437759512,9.221041267438553,9.361552238464355,8200,0.0,0.0
2016-01-22 00:00:00-05:00,9.5723175727436,9.5723175727436,9.229822330400244,9.317641258239746,2600,0.0,0.0
2016-01-25 00:00:00-05:00,9.396680119818141,9.668920758329664,9.35277023134706,9.405462265014648,4000,0.0,0.0
2016-01-26 00:00:00-05:00,9.510843276977539,9.6425720741611,9.440587806811472,9.510843276977539,10200,0.0,0.0
2016-01-27 00:00:00-05:00,9.677702891043458,9.677702891043458,9.563537516170491,9.642574310302734,5300,0.0,0.0
2016-01-28 00:00:00-05:00,9.70404715003587,9.879685841945973,9.651355123707164,9.818212509155273,16600,0.0,0.0
2016-01-29 00:00:00-05:00,9.809431652059395,10.0465437078664,9.69526627796289,10.028980255126953,14500,0.0,0.0
2016-02-01 00:00:00-05:00,10.081672196791814,10.099236488342285,9.958725505984583,10.099236488342285,13500,0.0,0.0
2016-02-02 00:00:00-05:00,10.090452981837053,10.090452981837053,10.002634048461914,10.002634048461914,5800,0.0,0.0
2016-02-03 00:00:00-05:00,10.00263322153949,10.090452147654599,9.976286789944757,10.011414527893066,12700,0.0,0.0
2016-02-04 00:00:00-05:00,10.037760959487802,10.037760959487802,9.976286789944757,10.011414527893066,5500,0.0,0.0
2016-02-05 00:00:00-05:00,9.976286420927682,10.064106181305723,9.976286420927682,9.993850708007812,2800,0.0,0.0
2016-02-08 00:00:00-05:00,9.976287981290328,10.020197868347168,9.914814641917612,10.020197868347168,12800,0.0,0.0
2016-02-09 00:00:00-05:00,9.932377425898368,10.046541942421673,9.879685401916504,9.879685401916504,6300,0.0,0.0
2016-02-10 00:00:00-05:00,9.685967165485188,10.082211108850345,9.597912582625938,9.914908409118652,6000,0.03,0.0
2016-02-11 00:00:00-05:00,9.764816749225458,10.012027054701242,9.69418439138115,9.835448265075684,2400,0.03,0.0
2016-02-12 00:00:00-05:00,9.994367027336235,10.05617022451881,9.844274871597602,9.950222969055176,5100,0.0,0.0
2016-02-16 00:00:00-05:00,9.932568333767758,9.976713250316687,9.914910030350486,9.959054946899414,4000,0.0,0.0
2016-02-17 00:00:00-05:00,10.064999594476747,10.064999594476747,9.800131848827908,9.923736572265625,4500,0.0,0.0
2016-02-18 00:00:00-05:00,9.976709636107186,10.091486040757264,9.544091463037315,9.650038719177246,18800,0.0,0.0
2016-02-19 00:00:00-05:00,9.650040160270963,9.70301337525474,9.579408645629883,9.579408645629883,4100,0.0,0.0
2016-02-22 00:00:00-05:00,9.808960283173299,10.064999724743261,9.623552353623047,10.056171417236328,14700,0.0,0.0
2016-02-23 00:00:00-05:00,9.994368017893308,9.994368017893308,9.720671124650885,9.941394805908203,3800,0.0,0.0
2016-02-24 00:00:00-05:00,9.879591860474592,10.056171483684698,9.66769732301532,9.764816284179688,15300,0.0,0.0
2016-02-25 00:00:00-05:00,10.02968332110721,10.064999074836695,9.782473045000826,10.003196716308594,13900,0.0,0.0
2016-02-26 00:00:00-05:00,10.05617482264545,10.05617482264545,9.976714134216309,9.976714134216309,15200,0.0,0.0
2016-02-29 00:00:00-05:00,10.029682779157447,10.06499853097866,9.9325646721476,9.950222969055176,18600,0.0,0.0
2016-03-01 00:00:00-05:00,10.038512229919434,10.047341378639109,9.94139411998489,10.038512229919434,7200,0.0,0.0
2016-03-02 00:00:00-05:00,10.056170495432367,10.06499880213005,9.93256493973122,10.047341346740723,8300,0.0,0.0
2016-03-03 00:00:00-05:00,9.959053678965327,10.038514350238037,9.932567069205806,10.012027740478516,7100,0.0,0.0
2016-03-04 00:00:00-05:00,9.976709912522963,10.056170567327943,9.720670492592456,9.747157096862793,11400,0.0,0.0
2016-03-07 00:00:00-05:00,9.826618819875774,10.020855903625488,9.738329006718434,10.020855903625488,42100,0.0,0.0
2016-03-08 00:00:00-05:00,10.029687365172853,10.065003133141992,9.738332068928882,9.976714134216309,34500,0.0,0.0
2016-03-09 00:00:00-05:00,10.003197362224524,10.064999724743261,9.976710755715644,10.056171417236328,39400,0.0,0.0
2016-03-10 00:00:00-05:00,10.091489526916336,10.691857519109613,10.05617376266967,10.674200057983398,44400,0.0,0.0
2016-03-11 00:00:00-05:00,10.621223111606897,10.815460183310385,10.329867925048669,10.683026313781738,67200,0.0,0.0
2016-03-14 00:00:00-04:00,10.806629342987996,11.115642779521925,10.232748208846557,10.647708892822266,63200,0.0,0.0
2016-03-15 00:00:00-04:00,10.532937318449493,10.683029531520008,10.435818332348417,10.62122631072998,28000,0.0,0.0
2016-03-16 00:00:00-04:00,10.62122365979144,10.797802442274588,10.524105539924221,10.59473705291748,18800,0.0,0.0
2016-03-17 00:00:00-04:00,10.638882049498578,10.638882049498578,10.064999949056096,10.162118911743164,103800,0.0,0.0
2016-03-18 00:00:00-04:00,10.250408924338208,10.630053979978412,10.038514362024944,10.568251609802246,368600,0.0,0.0
2016-03-21 00:00:00-04:00,10.638884614382635,10.64771376620896,10.56825308376054,10.62122631072998,49100,0.0,0.0
2016-03-22 00:00:00-04:00,10.647711420248411,10.647711420248411,10.426987725186823,10.541763305664062,46100,0.0,0.0
2016-03-23 00:00:00-04:00,10.400500275543697,10.594737362956236,10.400500275543697,10.541763305664062,40000,0.0,0.0
2016-03-24 00:00:00-04:00,10.524105572534102,10.594737085746221,10.506447273234047,10.585907936096191,33900,0.0,0.0
2016-03-28 00:00:00-04:00,10.59473705291748,10.727170929281328,10.532934689546892,10.59473705291748,91300,0.0,0.0
2016-03-29 00:00:00-04:00,10.594737085746221,10.62122369270225,10.55942132914016,10.585907936096191,43200,0.0,0.0
2016-03-30 00:00:00-04:00,10.550590927638902,10.68302563069349,10.550590927638902,10.638880729675293,52300,0.0,0.0
2016-03-31 00:00:00-04:00,10.568249558713209,10.665367670426205,10.550591260950492,10.577077865600586,70900,0.0,0.0
2016-04-01 00:00:00-04:00,10.621223817761171,10.727171088826818,10.5329348462035,10.718342781066895,42900,0.0,0.0
2016-04-04 00:00:00-04:00,10.63005453811121,11.000870462626244,10.63005453811121,10.903752326965332,62200,0.0,0.0
2016-04-05 00:00:00-04:00,10.903752635218028,11.018528234246492,10.78897619419535,10.9832124710083,50600,0.0,0.0
2016-04-06 00:00:00-04:00,10.974383175120652,11.036185544733033,10.868435894930512,10.992040634155273,108900,0.0,0.0
2016-04-07 00:00:00-04:00,10.983212160509249,11.036186224866048,10.894923175906833,10.903752326965332,21500,0.0,0.0
2016-04-08 00:00:00-04:00,10.983211267412214,10.983211267412214,10.83311992159333,10.886093139648438,54800,0.0,0.0
2016-04-11 00:00:00-04:00,10.886090993504874,10.947893349716484,10.833117785893194,10.921406745910645,23600,0.0,0.0
2016-04-12 00:00:00-04:00,10.841947456872829,10.90375066285584,10.797802550311838,10.86843490600586,23300,0.0,0.0
2016-04-13 00:00:00-04:00,10.877262565383345,10.894920863752843,10.674197186098187,10.815460205078125,25900,0.0,0.0
2016-04-14 00:00:00-04:00,10.815462146374985,10.85960705822841,10.771317234521561,10.806632995605469,19700,0.0,0.0
2016-04-15 00:00:00-04:00,10.850778899926716,10.877265512663708,10.736002455407437,10.797804832458496,20300,0.0,0.0
2016-04-18 00:00:00-04:00,10.621222464225177,10.78897292019706,10.524104355289952,10.630051612854004,25700,0.0,0.0
2016-04-19 00:00:00-04:00,10.532934689546892,10.63888195903678,10.444644877308292,10.59473705291748,21600,0.0,0.0
2016-04-20 00:00:00-04:00,10.59473705291748,10.59473705291748,10.479960633804922,10.59473705291748,16300,0.0,0.0
2016-04-21 00:00:00-04:00,10.59473705291748,10.67419771553341,10.524105539924221,10.59473705291748,18300,0.0,0.0
2016-04-22 00:00:00-04:00,10.524104668584606,10.524104668584606,10.215091193328224,10.294551849365234,18700,0.0,0.0
2016-04-25 00:00:00-04:00,10.259237451148556,10.55059266711278,10.197435084730111,10.515276908874512,30400,0.0,0.0
2016-04-26 00:00:00-04:00,10.532935208990692,10.568250967228959,10.365184725863356,10.515276908874512,21100,0.0,0.0
2016-04-27 00:00:00-04:00,10.559422706602579,10.585909317013753,10.312212378111916,10.532936096191406,21100,0.0,0.0
2016-04-28 00:00:00-04:00,10.532933850317438,10.532933850317438,10.25040697886116,10.285722732543945,13600,0.0,0.0
2016-04-29 00:00:00-04:00,10.312211567278405,10.374013934043104,10.285724116955736,10.365184783935547,9000,0.0,0.0
2016-05-02 00:00:00-04:00,10.374011489197867,10.488787887564431,10.31220913699814,10.453472137451172,44000,0.0,0.0
2016-05-03 00:00:00-04:00,10.43581485748291,10.43581485748291,10.338696745714,10.43581485748291,19300,0.0,0.0
2016-05-04 00:00:00-04:00,10.409328252817568,10.471130611034694,10.303380992162216,10.43581485748291,14200,0.0,0.0
2016-05-05 00:00:00-04:00,10.488787856279929,10.506445310286942,10.312209106240314,10.462301254272461,19500,0.0,0.0
2016-05-06 00:00:00-04:00,10.435816275353249,10.541763550403209,10.435816275353249,10.506447792053223,20100,0.0,0.0
2016-05-09 00:00:00-04:00,10.462303692514158,10.559421817170868,10.43581624233989,10.515276908874512,64400,0.0,0.0
2016-05-10 00:00:00-04:00,10.497617004280384,10.515274458287397,10.453472106272006,10.462301254272461,107400,0.0,0.0
2016-05-11 00:00:00-04:00,10.462302304142234,10.506446364586479,10.43581485748291,10.43581485748291,10000,0.0,0.0
2016-05-12 00:00:00-04:00,10.488925051291686,10.488925051291686,10.42696458445566,10.44466781616211,18500,0.03,0.0
2016-05-13 00:00:00-04:00,10.44466803229389,10.44466803229389,10.108314220140104,10.311896324157715,6200,0.0,0.0
2016-05-16 00:00:00-04:00,10.285343120814435,10.53318248016969,10.285343120814435,10.400411605834961,21200,0.0,0.0
2016-05-17 00:00:00-04:00,10.40040965909453,10.40040965909453,10.285341195612427,10.329598426818848,19100,0.0,0.0
2016-05-18 00:00:00-04:00,10.28534319578726,10.400411681646554,10.28534319578726,10.356154441833496,70500,0.0,0.0
2016-05-19 00:00:00-04:00,10.33845117226689,10.347301944166714,10.258788316212497,10.311896324157715,13800,0.0,0.0
2016-05-20 00:00:00-04:00,10.34730326761331,10.34730326761331,10.196829996431566,10.249938011169434,19900,0.0,0.0
2016-05-23 00:00:00-04:00,10.241085308051103,10.29419416129406,10.072908820365477,10.152571678161621,18800,0.0,0.0
2016-05-24 00:00:00-04:00,10.117165070148063,10.223381922132779,10.046353835491585,10.081759452819824,14600,0.0,0.0
2016-05-25 00:00:00-04:00,10.055204606721269,10.223381922132779,10.010948218163348,10.081759452819824,17900,0.0,0.0
2016-05-26 00:00:00-04:00,9.736553870966755,10.126015654385371,9.054994694813569,9.940135955810547,18200,0.0,0.0
2016-05-27 00:00:00-04:00,9.842771948338571,9.96669204421955,9.780812322466376,9.92243480682373,7800,0.0,0.0
2016-05-31 00:00:00-04:00,9.87817837130075,10.046355718229547,9.718852641396976,9.75425910949707,8900,0.0,0.0
2016-06-01 00:00:00-04:00,9.763109493700814,9.913583600588954,9.718852254474308,9.745407104492188,10100,0.0,0.0
2016-06-02 00:00:00-04:00,9.8073682312795,9.8073682312795,9.51527158954984,9.594934463500977,26200,0.0,0.0
2016-06-03 00:00:00-04:00,9.603783744643922,9.780811841383235,9.187767084204124,9.701148986816406,34500,0.0,0.0
2016-06-06 00:00:00-04:00,9.683444284616408,9.913581197498864,9.152360075045076,9.780810356140137,48200,0.0,0.0
2016-06-07 00:00:00-04:00,9.736555614779036,10.090611844934529,9.515270259897695,9.842772483825684,20300,0.0,0.0
2016-06-08 00:00:00-04:00,9.807365839628497,9.913582697615427,9.77196022029952,9.887028694152832,16000,0.0,0.0
2016-06-09 00:00:00-04:00,9.842771458957474,9.887028694152832,9.825069071361261,9.887028694152832,13600,0.0,0.0
2016-06-10 00:00:00-04:00,9.895882398369091,9.895882398369091,9.789665517966979,9.869327545166016,11200,0.0,0.0
2016-06-13 00:00:00-04:00,9.869326026450016,10.161422613641468,9.780812395137314,9.878177642822266,59700,0.0,0.0
2016-06-14 00:00:00-04:00,9.798515244022088,9.860475717401778,9.771961237794585,9.842772483825684,21700,0.0,0.0
2016-06-15 00:00:00-04:00,9.88703097190456,9.88703097190456,9.75426007986758,9.825071334838867,13300,0.0,0.0
2016-06-16 00:00:00-04:00,9.79851338415116,9.948987464439686,9.780810998071821,9.913581848144531,108700,0.0,0.0
2016-06-17 00:00:00-04:00,9.91358555367939,9.91358555367939,9.763111417146112,9.8162202835083,25900,0.0,0.0
2016-06-20 00:00:00-04:00,9.948987464439686,10.064055928433058,9.913581848144531,9.913581848144531,59900,0.0,0.0
2016-06-21 00:00:00-04:00,9.895880315297926,9.904731087032479,9.65689175159744,9.701148986816406,49400,0.0,0.0
2016-06-22 00:00:00-04:00,9.763107767856006,10.002096310950657,9.701148150373605,9.913581848144531,77300,0.0,0.0
2016-06-23 00:00:00-04:00,9.887029799252096,10.418114992684078,9.887029799252096,10.055206298828125,129400,0.0,0.0
2016-06-24 00:00:00-04:00,9.92243497261394,10.187977557289123,9.550675522896004,9.648040771484375,1162200,0.0,0.0
2016-06-27 00:00:00-04:00,9.754258390157164,9.993246123251716,9.754258390157164,9.878177642822266,61700,0.0,0.0
2016-06-28 00:00:00-04:00,9.887027961421976,10.205678511767466,9.869324731001205,10.126015663146973,91900,0.0,0.0
2016-06-29 00:00:00-04:00,10.338450500994048,10.488924587296198,10.187976414691898,10.294193267822266,29400,0.0,0.0
2016-06-30 00:00:00-04:00,10.391559989109544,10.435817228599998,10.382708372384126,10.400411605834961,30200,0.0,0.0
2016-07-01 00:00:00-04:00,10.19682868373662,10.77217021943774,10.143719831699078,10.49777603149414,36600,0.0,0.0
2016-07-05 00:00:00-04:00,10.40040861925186,10.577436682241634,10.064054877503091,10.488923072814941,38200,0.0,0.0
2016-07-06 00:00:00-04:00,10.435817228599998,10.515480090855489,10.311897126854054,10.400411605834961,33200,0.0,0.0
2016-07-07 00:00:00-04:00,10.276491193439105,10.418114524354728,10.276491193439105,10.347302436828613,12400,0.0,0.0
2016-07-08 00:00:00-04:00,10.365006058623436,10.409263298436494,10.338452052390256,10.356154441833496,36000,0.0,0.0
2016-07-11 00:00:00-04:00,10.294193198948056,10.471221286314249,10.294193198948056,10.33845043182373,76200,0.0,0.0
2016-07-12 00:00:00-04:00,10.506626507508056,10.506626507508056,10.294192810681006,10.329598426818848,56900,0.0,0.0
2016-07-13 00:00:00-04:00,10.365004966705454,10.444667821149421,10.205679257817524,10.258788108825684,19600,0.0,0.0
2016-07-14 00:00:00-04:00,9.913582378717248,10.356153028161202,9.913582378717248,10.205678939819336,52000,0.0,0.0
2016-07-15 00:00:00-04:00,10.24993545974834,10.35615230692118,10.064055766161754,10.117164611816406,32000,0.0,0.0
2016-07-18 00:00:00-04:00,10.046355035427492,10.117166278541658,9.798514840391306,10.019800186157227,23900,0.0,0.0
2016-07-19 00:00:00-04:00,10.01979765316256,10.09060887837572,9.975541270506627,10.072906494140625,15100,0.0,0.0
2016-07-20 00:00:00-04:00,10.064056222087453,10.117165070148063,9.993244987430977,10.081759452819824,19000,0.0,0.0
2016-07-21 00:00:00-04:00,10.028653548105577,10.117168039472869,9.92243666494688,10.108316421508789,22100,0.0,0.0
2016-07-22 00:00:00-04:00,9.957841300009173,10.409263641535722,9.957841300009173,10.223383903503418,25700,0.0,0.0
2016-07-25 00:00:00-04:00,10.311896697334122,10.559736890502759,10.311896697334122,10.506628036499023,50500,0.0,0.0
2016-07-26 00:00:00-04:00,10.365005934424552,10.577439670017771,10.365005934424552,10.515480041503906,19800,0.0,0.0
2016-07-27 00:00:00-04:00,10.426965562938417,10.559737280786651,10.285343072542938,10.515480041503906,25400,0.0,0.0
2016-07-28 00:00:00-04:00,10.462369813590152,10.524330278115674,10.356152959721928,10.435815811157227,20800,0.0,0.0
2016-07-29 00:00:00-04:00,10.329598852861269,10.506626940851968,10.143719149436908,10.409261703491211,49200,0.0,0.0
2016-08-01 00:00:00-04:00,10.3207484315917,10.391559674981208,10.241085571744351,10.347302436828613,9400,0.0,0.0
2016-08-02 00:00:00-04:00,10.37385806395985,10.480074937007492,10.205680715198579,10.365006446838379,11600,0.0,0.0
2016-08-03 00:00:00-04:00,10.373856473809353,10.444667711653523,10.249936385513784,10.418113708496094,15700,0.0,0.0
2016-08-04 00:00:00-04:00,10.40040965909453,10.426963660163793,10.187975962267481,10.329598426818848,7500,0.0,0.0
2016-08-05 00:00:00-04:00,10.365004188077739,10.444667036537364,10.267638953369577,10.426963806152344,19900,0.0,0.0
2016-08-08 00:00:00-04:00,10.29419473753985,10.42696561187458,10.232235108735194,10.400411605834961,15200,0.0,0.0
2016-08-09 00:00:00-04:00,10.329600435600318,10.409263298436494,10.2941948125772,10.356154441833496,16100,0.0,0.0
2016-08-10 00:00:00-04:00,10.356153743350134,10.365005359543066,10.161422407788555,10.267640113830566,15500,0.0,0.0
2016-08-11 00:00:00-04:00,10.14339736401821,10.445125846909336,10.14339736401821,10.28538703918457,25900,0.03,0.0
2016-08-12 00:00:00-04:00,10.276514703311017,10.383006982798776,10.241017276815096,10.29426383972168,16000,0.0,0.0
2016-08-15 00:00:00-04:00,10.223267473104722,10.303136036151397,10.178895484973047,10.249890327453613,21000,0.0,0.0
2016-08-16 00:00:00-04:00,10.24989043140138,10.427377539402752,10.152271887256658,10.365257263183594,18700,0.0,0.0
2016-08-17 00:00:00-04:00,10.40962838032172,10.498372357270913,10.214392985153955,10.33863353729248,20100,0.0,0.0
2016-08-18 00:00:00-04:00,10.37413390140145,10.498375335106003,10.338636469818082,10.45400333404541,16200,0.0,0.0
2016-08-19 00:00:00-04:00,10.489499329733043,10.489499329733043,10.347509622836382,10.383007049560547,22400,0.0,0.0
2016-08-22 00:00:00-04:00,10.489500765628778,10.489500765628778,10.294265315083019,10.45400333404541,14100,0.0,0.0
2016-08-23 00:00:00-04:00,10.516122312827724,10.5516197371158,10.338634345061998,10.418503761291504,17000,0.0,0.0
2016-08-24 00:00:00-04:00,10.36525766461095,10.533870212160986,10.329760241635928,10.462875366210938,28500,0.0,0.0
2016-08-25 00:00:00-04:00,10.36525712439579,10.480623954633275,10.36525712439579,10.4451265335083,9300,0.0,0.0
2016-08-26 00:00:00-04:00,10.498372873115727,10.542744863770572,10.365257747476521,10.43625259399414,9000,0.0,0.0
2016-08-29 00:00:00-04:00,10.32975984158332,10.462874961003026,10.303136140639147,10.365257263183594,10000,0.0,0.0
2016-08-30 00:00:00-04:00,10.418503133686906,10.533869967254857,10.267638877969226,10.427377700805664,14700,0.0,0.0
2016-08-31 00:00:00-04:00,10.480625453000634,10.542745737269074,10.178896907138958,10.320886611938477,40800,0.0,0.0
2016-09-01 00:00:00-04:00,10.356381547317726,10.427376382642468,10.152270761015197,10.276512145996094,14500,0.0,0.0
2016-09-02 00:00:00-04:00,10.285387853001653,10.50724694958469,10.205518442819715,10.365257263183594,15600,0.0,0.0
2016-09-06 00:00:00-04:00,10.36525742362496,10.507247112223883,10.2942625793255,10.427377700805664,16200,0.0,0.0
2016-09-07 00:00:00-04:00,10.320884653874279,10.551618303561723,10.276512667961272,10.489497184753418,23500,0.0,0.0
2016-09-08 00:00:00-04:00,10.454001602785437,10.542745590209961,10.365258461686302,10.542745590209961,18300,0.0,0.0
2016-09-09 00:00:00-04:00,10.48062384760008,10.48062384760008,10.205518201947084,10.32975959777832,21600,0.0,0.0
2016-09-12 00:00:00-04:00,10.35638259117446,10.35638259117446,10.134523496841375,10.249890327453613,37500,0.0,0.0
2016-09-13 00:00:00-04:00,10.294262477339304,10.400754742733467,10.16114651085263,10.312010765075684,19000,0.0,0.0
2016-09-14 00:00:00-04:00,10.294263043686565,10.55161957746246,10.285388476167485,10.356383323669434,11300,0.0,0.0
2016-09-15 00:00:00-04:00,10.223266442665135,10.418501816645577,10.17001989300898,10.276512145996094,25600,0.0,0.0
2016-09-16 00:00:00-04:00,10.356382671212435,10.3741309588071,10.223267552113931,10.33863353729248,201900,0.0,0.0
2016-09-19 00:00:00-04:00,10.4539997916794,10.551618330199503,10.445126071534588,10.516120910644531,44000,0.0,0.0
2016-09-20 00:00:00-04:00,10.551619917504697,10.569368206789479,10.409629371599594,10.507247924804688,23500,0.0,0.0
2016-09-21 00:00:00-04:00,10.569364799682665,10.640359626586866,10.560490234738367,10.604862213134766,22900,0.0,0.0
2016-09-22 00:00:00-04:00,10.622611343023364,10.649234191531164,10.560490234738367,10.604862213134766,17900,0.0,0.0
2016-09-23 00:00:00-04:00,10.613737942221915,10.631486227732097,10.471748272839712,10.498371124267578,9400,0.0,0.0
2016-09-26 00:00:00-04:00,10.409628566568148,10.507247112223883,10.32976000147523,10.427377700805664,16400,0.0,0.0
2016-09-27 00:00:00-04:00,10.462877903522633,10.498375335106003,10.329762746666386,10.45400333404541,11100,0.0,0.0
2016-09-28 00:00:00-04:00,10.418503375910827,10.471749933536024,10.285388251335815,10.462875366210938,126800,0.0,0.0
2016-09-29 00:00:00-04:00,10.365258606269675,10.409629754275477,10.312012043807156,10.320886611938477,9100,0.0,0.0
2016-09-30 00:00:00-04:00,10.37413390140145,10.551621905643817,10.37413390140145,10.45400333404541,14000,0.0,0.0
2016-10-03 00:00:00-04:00,10.347508756150354,10.427378171171382,10.320885899918459,10.356383323669434,29000,0.0,0.0
2016-10-04 00:00:00-04:00,10.436252081201651,10.445126648161628,10.294262395143171,10.33863353729248,9800,0.0,0.0
2016-10-05 00:00:00-04:00,10.347507748684523,10.560492270453524,10.347507748684523,10.524994850158691,13100,0.0,0.0
2016-10-06 00:00:00-04:00,10.453999220081153,10.516120335649656,10.445125500421533,10.471748352050781,13100,0.0,0.0
2016-10-07 00:00:00-04:00,10.471749933536024,10.49837278918596,10.45400079888585,10.462875366210938,16500,0.0,0.0
2016-10-10 00:00:00-04:00,10.471748272839712,10.516120256102948,10.471748272839712,10.498371124267578,10000,0.0,0.0
2016-10-11 00:00:00-04:00,10.489496558349893,10.507245690185263,10.480622838757396,10.498371124267578,7600,0.0,0.0
2016-10-12 00:00:00-04:00,10.462873786065966,10.489496637695215,10.462873786065966,10.471748352050781,9200,0.0,0.0
2016-10-13 00:00:00-04:00,10.453999566863317,10.622612940867286,10.258764186672183,10.28538703918457,13200,0.0,0.0
2016-10-14 00:00:00-04:00,10.338632910384794,10.409627749109093,10.294261770926035,10.34750747680664,7200,0.0,0.0
2016-10-17 00:00:00-04:00,10.347507990670662,10.454000254045585,10.347507990670662,10.4451265335083,4800,0.0,0.0
2016-10-18 00:00:00-04:00,10.471749933536024,10.471749933536024,10.45400079888585,10.462875366210938,42900,0.0,0.0
2016-10-19 00:00:00-04:00,10.52499621408947,10.560493638984404,10.338634521809729,10.507247924804688,19400,0.0,0.0
2016-10-20 00:00:00-04:00,10.595992163224022,10.924344435475739,10.560494734646195,10.853348731994629,16100,0.0,0.0
2016-10-21 00:00:00-04:00,10.232141788864414,11.199447631835938,10.232141788864414,11.199447631835938,47400,0.0,0.0
2016-10-24 00:00:00-04:00,11.2793161380594,11.510049794135265,11.217195863856384,11.483426094055176,16400,0.0,0.0
2016-10-25 00:00:00-04:00,11.501177637378282,11.581047061703723,11.430182781605767,11.439057350158691,21300,0.0,0.0
2016-10-26 00:00:00-04:00,11.35918576411087,11.439055173236675,11.305939209251909,11.376934051513672,13300,0.0,0.0
2016-10-27 00:00:00-04:00,11.430182781605767,11.536675065264541,11.421308213052843,11.439057350158691,15400,0.0,0.0
2016-10-28 00:00:00-04:00,11.456805468703331,11.527800323408547,11.288192900359801,11.350313186645508,5400,0.0,0.0
2016-10-31 00:00:00-04:00,11.314815217953033,11.41243292692098,11.314815217953033,11.332564353942871,11900,0.0,0.0
2016-11-01 00:00:00-04:00,11.368060596566858,11.368060596566858,10.933216119647687,10.959839820861816,11300,0.0,0.0
2016-11-02 00:00:00-04:00,11.004210553787573,11.110703662027849,10.196643599521463,10.977587699890137,39700,0.0,0.0
2016-11-03 00:00:00-04:00,11.048583296886964,11.208322123848205,10.871096181555208,11.11070442199707,11800,0.0,0.0
2016-11-04 00:00:00-04:00,11.11070473615867,11.368061272247951,11.092955600960966,11.234945297241211,27700,0.0,0.0
2016-11-07 00:00:00-05:00,11.376935511706078,11.643166627520223,11.28819237065162,11.616543769836426,44000,0.0,0.0
2016-11-08 00:00:00-05:00,11.518923511171668,11.882773128566953,11.518923511171668,11.82065200805664,12300,0.0,0.0
2016-11-09 00:00:00-05:00,11.820653683857085,12.194780587003185,10.270695487329755,12.025532722473145,23700,0.05,0.0
2016-11-10 00:00:00-05:00,12.070073914878805,13.130102157809938,11.758300452509115,13.094470977783203,22600,0.0,0.0
2016-11-11 00:00:00-05:00,13.094469465967068,13.263718188689282,12.711434537281376,12.827235221862793,71800,0.0,0.0
2016-11-14 00:00:00-05:00,12.969761732903848,12.969761732903848,12.274952477015107,12.649080276489258,26000,0.0,0.0
2016-11-15 00:00:00-05:00,12.1146123267541,12.497647275142311,11.98990277988684,12.319491386413574,24000,0.0,0.0
2016-11-16 00:00:00-05:00,12.328399133507634,12.426384657865619,12.310583120252945,12.381845474243164,18600,0.0,0.0
2016-11-17 00:00:00-05:00,12.417475538578138,12.417475538578138,12.274950843368536,12.408568382263184,15400,0.0,0.0
2016-11-18 00:00:00-05:00,12.381844364775738,12.435291550236435,12.319490023000085,12.408568382263184,30700,0.0,0.0
2016-11-21 00:00:00-05:00,12.399661084017382,12.666895327542132,12.21259719850148,12.5778169631958,17400,0.0,0.0
2016-11-22 00:00:00-05:00,12.560001373291016,12.693618065756452,11.802837850615647,12.560001373291016,41000,0.0,0.0
2016-11-23 00:00:00-05:00,12.640169642245692,12.675800813384315,12.355120273136711,12.515460968017578,293200,0.0,0.0
2016-11-25 00:00:00-05:00,12.622357633781679,14.858216517284706,12.453108891468897,12.488740921020508,25900,0.0,0.0
2016-11-28 00:00:00-05:00,12.542186468011467,12.987576614885494,12.444200941524324,12.462016105651855,34300,0.0,0.0
2016-11-29 00:00:00-05:00,12.542182345312494,12.542182345312494,12.33730335286239,12.417472839355469,28500,0.0,0.0
2016-11-30 00:00:00-05:00,12.470923153332716,12.470923153332716,11.847377165568924,12.426383972167969,110300,0.0,0.0
2016-12-01 00:00:00-05:00,12.426384927882506,12.470924112472765,12.381845743292246,12.462016105651855,44800,0.0,0.0
2016-12-02 00:00:00-05:00,12.417475579829343,12.827234504675275,12.417475579829343,12.657986640930176,157800,0.0,0.0
2016-12-05 00:00:00-05:00,12.764880364405279,13.343887162145874,12.729249189921461,13.299348831176758,41800,0.0,0.0
2016-12-06 00:00:00-05:00,13.29043959008405,13.913985510361254,13.219177247738891,13.887262344360352,48600,0.0,0.0
2016-12-07 00:00:00-05:00,13.842724834881693,14.492994848975906,13.842724834881693,14.127774238586426,25200,0.0,0.0
2016-12-08 00:00:00-05:00,13.593307376165079,14.475179655935571,13.593307376165079,14.225761413574219,34700,0.0,0.0
2016-12-09 00:00:00-05:00,14.288116076120847,15.054185938493749,14.172313691754892,14.733506202697754,49500,0.0,0.0
2016-12-12 00:00:00-05:00,14.564257190895127,14.902752932828044,14.02978870976505,14.056511878967285,30700,0.0,0.0
2016-12-13 00:00:00-05:00,14.136683466584447,14.54644244458027,14.020881923942767,14.207945823669434,47900,0.0,0.0
2016-12-14 00:00:00-05:00,14.207944987398752,14.207944987398752,13.726923680630554,13.753646850585938,45600,0.0,0.0
2016-12-15 00:00:00-05:00,13.75364432583366,14.118864879247017,13.74473717049312,14.011970520019531,24400,0.0,0.0
2016-12-16 00:00:00-05:00,14.074330069156646,14.10996125011089,13.780372613905532,13.958528518676758,59000,0.0,0.0
2016-12-19 00:00:00-05:00,14.011972276586723,14.092142631300593,13.940709927844217,14.07432746887207,27000,0.0,0.0
2016-12-20 00:00:00-05:00,14.13668194698345,14.412824188140013,14.0654195975587,14.288115501403809,23800,0.0,0.0
2016-12-21 00:00:00-05:00,14.350468726972187,14.350468726972187,13.174638354024244,14.038695335388184,20800,0.0,0.0
2016-12-22 00:00:00-05:00,14.029788041535364,14.243575083999163,13.878355340744958,14.17231273651123,34100,0.0,0.0
2016-12-23 00:00:00-05:00,14.234668308425398,14.252484321594238,14.234668308425398,14.252484321594238,8500,0.0,0.0
2016-12-27 00:00:00-05:00,14.190127776233654,14.314836451038927,13.967432743208088,14.101049423217773,25400,0.0,0.0
2016-12-28 00:00:00-05:00,14.038698624254222,14.038698624254222,13.798187520199257,13.807095527648926,27100,0.0,0.0
2016-12-29 00:00:00-05:00,13.753645873327375,13.887263412638681,13.584398009616757,13.61112117767334,20600,0.0,0.0
2016-12-30 00:00:00-05:00,13.682384747965845,13.762555108812686,13.450782521592417,13.584399223327637,39300,0.0,0.0
2017-01-03 00:00:00-05:00,13.718015677487593,13.931803585725595,13.637846167601879,13.789278030395508,88600,0.0,0.0
2017-01-04 00:00:00-05:00,13.753647118382693,13.896172676453116,13.753647118382693,13.798186302185059,20700,0.0,0.0
2017-01-05 00:00:00-05:00,13.85163471877827,13.85163471877827,13.370613360064779,13.557677268981934,24400,0.0,0.0
2017-01-06 00:00:00-05:00,13.58439770389738,13.58439770389738,13.370610665227643,13.388425827026367,10300,0.0,0.0
2017-01-09 00:00:00-05:00,13.3260715193556,13.620028910630678,13.04102213375896,13.566581726074219,18700,0.0,0.0
2017-01-10 00:00:00-05:00,13.637846273662765,13.896172517341515,13.637846273662765,13.824910163879395,12800,0.0,0.0
2017-01-11 00:00:00-05:00,13.816000298403655,14.279206383098268,13.308255036409303,14.038695335388184,32700,0.0,0.0
2017-01-12 00:00:00-05:00,13.994159006949362,14.136683723711666,13.77146392462968,13.860542297363281,15500,0.0,0.0
2017-01-13 00:00:00-05:00,13.949620245026596,14.163407326674935,13.833818696755158,14.092144966125488,16500,0.0,0.0
2017-01-17 00:00:00-05:00,13.922897075951573,13.931805083401242,13.780372354814267,13.807095527648926,26700,0.0,0.0
2017-01-18 00:00:00-05:00,13.878354636914795,14.04760334075096,13.851631470340612,14.038695335388184,12700,0.0,0.0
2017-01-19 00:00:00-05:00,13.86944988076791,13.97634342162089,13.735833167080273,13.807095527648926,8400,0.0,0.0
2017-01-20 00:00:00-05:00,13.807092938842123,14.234667022084619,13.798184933062691,13.851632118225098,35900,0.0,0.0
2017-01-23 00:00:00-05:00,13.985247852706411,13.985247852706411,13.798183991671838,13.887262344360352,18200,0.0,0.0
2017-01-24 00:00:00-05:00,14.01197296915548,14.163405680096709,13.8605411077285,14.136682510375977,28800,0.0,0.0
2017-01-25 00:00:00-05:00,14.154499218588649,14.36828543637175,14.065420849124257,14.234668731689453,20700,0.0,0.0
2017-01-26 00:00:00-05:00,14.270299489290515,14.288115501403809,14.029788422846327,14.288115501403809,23200,0.0,0.0
2017-01-27 00:00:00-05:00,14.261392591054413,14.341562952763418,14.225761413574219,14.225761413574219,19200,0.0,0.0
2017-01-30 00:00:00-05:00,14.216854360021829,14.252485539890984,14.011974438638441,14.154500007629395,13900,0.0,0.0
2017-01-31 00:00:00-05:00,14.074328703767007,14.377193287739177,14.074328703767007,14.33265495300293,114600,0.0,0.0
2017-02-01 00:00:00-05:00,14.386098533028413,14.876028616226082,14.386098533028413,14.760226249694824,52800,0.0,0.0
2017-02-02 00:00:00-05:00,14.59988673862837,14.769135450087878,14.59988673862837,14.62661075592041,22400,0.0,0.0
2017-02-03 00:00:00-05:00,14.73350852407865,14.95620362245448,14.706784500623195,14.929479598999023,36100,0.0,0.0
2017-02-06 00:00:00-05:00,14.840400431356423,15.294698611789212,14.760230064278362,14.83149242401123,108100,0.0,0.0
2017-02-07 00:00:00-05:00,14.90275074051253,15.0541834262386,14.831488400113686,15.036367416381836,27800,0.0,0.0
2017-02-08 00:00:00-05:00,14.974013861346025,15.063092216244332,14.813673162334732,14.991829872131348,29300,0.0,0.0
2017-02-09 00:00:00-05:00,14.893842191203689,15.205615556188675,14.893842191203689,15.152169227600098,29300,0.0,0.0
2017-02-10 00:00:00-05:00,15.214527288789139,15.570839065066568,15.134356926748145,15.187803268432617,46400,0.0,0.0
2017-02-13 00:00:00-05:00,15.348140563860484,15.410494898400994,15.259062214933389,15.37486457824707,90800,0.0,0.0
2017-02-14 00:00:00-05:00,15.365956061822764,15.499572731250378,15.365956061822764,15.42831039428711,50100,0.0,0.0
2017-02-15 00:00:00-05:00,15.455110549926758,15.517647113392943,15.410443279969464,15.455110549926758,51300,0.05,0.0
2017-02-16 00:00:00-05:00,15.419377525613472,15.544447248308636,15.419377525613472,15.472978591918945,50200,0.0,0.0
2017-02-17 00:00:00-05:00,15.464044796876838,15.517647567129487,15.356842664265889,15.472978591918945,40500,0.0,0.0
2017-02-21 00:00:00-05:00,15.57125173822487,15.57125173822487,15.419380600121425,15.481915473937988,37700,0.0,0.0
2017-02-22 00:00:00-05:00,15.562316927834253,15.562316927834253,15.419379595863695,15.51764965057373,29000,0.0,0.0
2017-02-23 00:00:00-05:00,15.633785472626498,15.66952065731582,15.401511883988073,15.642719268798828,26000,0.0,0.0
2017-02-24 00:00:00-05:00,15.535513601800046,15.60698225887304,15.160302726180024,15.562314987182617,23900,0.0,0.0
2017-02-27 00:00:00-05:00,15.526579658224419,15.526579658224419,15.222839146528617,15.472978591918945,34700,0.0,0.0
2017-02-28 00:00:00-05:00,15.508715854332145,15.553383131592668,15.437247188346866,15.51764965057373,77000,0.0,0.0
2017-03-01 00:00:00-05:00,15.660588982675673,16.008998560858483,15.508717835066927,15.866061210632324,51500,0.0,0.0
2017-03-02 00:00:00-05:00,15.866058062849232,15.866058062849232,15.41044471041545,15.428312301635742,57300,0.0,0.0
2017-03-03 00:00:00-05:00,15.437247317522633,15.499782187789606,15.151370947241958,15.187106132507324,20400,0.0,0.0
2017-03-06 00:00:00-05:00,15.16030302691925,15.356843115729202,14.642154826874584,14.981632232666016,30600,0.0,0.0
2017-03-07 00:00:00-05:00,14.901230331077937,14.981632787852963,14.490284251566992,14.928030014038086,63300,0.0,0.0
2017-03-08 00:00:00-05:00,14.981635686749378,15.187107914289394,14.981635686749378,15.097771644592285,35000,0.0,0.0
2017-03-09 00:00:00-05:00,15.097771468161712,15.097771468161712,14.785095379849535,14.829764366149902,18000,0.0,0.0
2017-03-10 00:00:00-05:00,14.919098348355988,14.919098348355988,14.57068712439976,14.731492042541504,25700,0.0,0.0
2017-03-13 00:00:00-04:00,14.794027504562287,14.838696485812576,14.526020432850169,14.633222579956055,21500,0.0,0.0
2017-03-14 00:00:00-04:00,14.534956385263632,14.901233566113746,14.534956385263632,14.597491264343262,92000,0.0,0.0
2017-03-15 00:00:00-04:00,14.7046914626342,15.142438965598778,14.517086850461464,14.847630500793457,102700,0.0,0.0
2017-03-16 00:00:00-04:00,14.91016399317329,15.142437565782235,14.91016399317329,15.044167518615723,22900,0.0,0.0
2017-03-17 00:00:00-04:00,14.981632153562636,15.160302946872484,14.704689612419463,15.062034606933594,47100,0.0,0.0
2017-03-20 00:00:00-04:00,14.945894177266945,15.178167698681142,14.71362065585275,15.026296615600586,17800,0.0,0.0
2017-03-21 00:00:00-04:00,15.133506502048268,15.133506502048268,14.34734939069773,14.356283187866211,16500,0.0,0.0
2017-03-22 00:00:00-04:00,14.293747998470712,14.293747998470712,13.820267834574025,13.998939514160156,18600,0.0,0.0
2017-03-23 00:00:00-04:00,14.052541163508465,14.266948039704644,13.936405206035037,14.025740623474121,17500,0.0,0.0
2017-03-24 00:00:00-04:00,14.150811540601273,14.374151367057799,13.900671173522635,14.168678283691406,58100,0.0,0.0
2017-03-27 00:00:00-04:00,14.09720727738265,14.534953912386342,13.856000747702847,14.23121166229248,70300,0.0,0.0
2017-03-28 00:00:00-04:00,14.15974345781174,14.499219199208529,13.847067401504413,14.463485717773438,38700,0.0,0.0
2017-03-29 00:00:00-04:00,14.338414635259973,14.838697019574411,14.311614949493194,14.776162147521973,33900,0.0,0.0
2017-03-30 00:00:00-04:00,14.668959233280296,15.026302599314713,14.668959233280296,14.990569114685059,20500,0.0,0.0
2017-03-31 00:00:00-04:00,14.767226804435323,14.990566583488775,14.695758143296109,14.928030014038086,25400,0.0,0.0
2017-04-03 00:00:00-04:00,14.99950350352298,15.231775422647225,14.829764758980513,15.106705665588379,47400,0.0,0.0
2017-04-04 00:00:00-04:00,15.062034199916182,15.276440168462495,15.008431429819227,15.258572578430176,25000,0.0,0.0
2017-04-05 00:00:00-04:00,15.276442336574512,15.294309929142692,14.588555358226285,15.222841262817383,36000,0.0,0.0
2017-04-06 00:00:00-04:00,15.347910847977834,15.472980586797815,15.231773201404371,15.392578125,57600,0.0,0.0
2017-04-07 00:00:00-04:00,15.285372983773332,15.508712733020998,14.624287530473888,15.303238868713379,16300,0.0,0.0
2017-04-10 00:00:00-04:00,15.303244098673373,15.36578068115044,14.811897163987066,15.106705665588379,10900,0.0,0.0
2017-04-11 00:00:00-04:00,15.124572488999654,15.401513381479342,15.088837300835795,15.374711990356445,35600,0.0,0.0
2017-04-12 00:00:00-04:00,15.276444135111106,15.455114969986067,14.874431774734125,14.919100761413574,24400,0.0,0.0
2017-04-13 00:00:00-04:00,14.80296062096932,14.972699334030162,14.713624366519015,14.811894416809082,28300,0.0,0.0
2017-04-17 00:00:00-04:00,14.686827017883923,14.97270171441588,14.633224234323482,14.829764366149902,28000,0.0,0.0
2017-04-18 00:00:00-04:00,14.758294079729174,15.33004341033164,14.758294079729174,15.222841262817383,12400,0.0,0.0
2017-04-19 00:00:00-04:00,15.240704988397857,15.32110743959612,15.106701471049808,15.258572578430176,67900,0.0,0.0
2017-04-20 00:00:00-04:00,15.365779013564204,15.660587483171138,15.151371304806926,15.28537654876709,33300,0.0,0.0
2017-04-21 00:00:00-04:00,15.160304502008263,15.330043221419459,14.856562247881866,14.963766098022461,40300,0.0,0.0
2017-04-24 00:00:00-04:00,15.178171044058155,15.401510821111302,14.847629128229972,15.044167518615723,33900,0.0,0.0
2017-04-25 00:00:00-04:00,15.115637275146538,15.267508402712712,14.928030962766018,15.133504867553711,37600,0.0,0.0
2017-04-26 00:00:00-04:00,15.178171800720742,15.392577792906662,15.151370412717242,15.249640464782715,59800,0.0,0.0
2017-04-27 00:00:00-04:00,15.249641036689486,15.365778685112797,15.044168832798913,15.142438888549805,53400,0.0,0.0
2017-04-28 00:00:00-04:00,15.151369394217665,15.276440825879133,14.73149123407188,14.82082748413086,52100,0.0,0.0
2017-05-01 00:00:00-04:00,15.008433972012563,15.16030510511752,14.785094170619832,14.865496635437012,37300,0.0,0.0
2017-05-02 00:00:00-04:00,14.945898488290899,14.963766080618116,14.651090030681393,14.749360084533691,24800,0.0,0.0
2017-05-03 00:00:00-04:00,14.677893191102864,14.785095350112938,14.517088248640157,14.660025596618652,56100,0.0,0.0
2017-05-04 00:00:00-04:00,14.811893688730239,14.954831007245707,14.660022574814146,14.82082748413086,26000,0.0,0.0
2017-05-05 00:00:00-04:00,14.686826853974841,14.892299076820608,14.686826853974841,14.78509521484375,23900,0.0,0.0
2017-05-08 00:00:00-04:00,14.615358180639461,14.945900155835249,14.615358180639461,14.78509521484375,43200,0.0,0.0
2017-05-09 00:00:00-04:00,14.847630105353606,14.847630105353606,14.651089998086261,14.794027328491211,24900,0.0,0.0
2017-05-10 00:00:00-04:00,14.776160937397357,14.901230671259386,14.633221907908474,14.811894416809082,21500,0.0,0.0
2017-05-11 00:00:00-04:00,14.749172079589172,14.937345891104048,14.525156695324926,14.90150260925293,37000,0.05,0.0
2017-05-12 00:00:00-04:00,14.767092657222632,14.776053477040195,14.39970759021066,14.489314079284668,19200,0.0,0.0
2017-05-15 00:00:00-04:00,14.543075372004667,14.856697187870921,14.45346889474268,14.560997009277344,22000,0.0,0.0
2017-05-16 00:00:00-04:00,14.587879457343522,14.802933977195831,14.471390524235147,14.77605152130127,16600,0.0,0.0
2017-05-17 00:00:00-04:00,14.471390937485644,14.480351756373054,13.996478645612346,14.09504508972168,27100,0.0,0.0
2017-05-18 00:00:00-04:00,14.45347115695439,14.45347115695439,14.068165295342668,14.104007720947266,16600,0.0,0.0
2017-05-19 00:00:00-04:00,14.068164644496242,14.354904890618174,14.005440616227755,14.01440143585205,32800,0.0,0.0
2017-05-22 00:00:00-04:00,14.121929333533421,14.354905526785183,14.050244482463775,14.247377395629883,12700,0.0,0.0
2017-05-23 00:00:00-04:00,14.256339133218113,14.390748023986816,14.068166173411393,14.390748023986816,13200,0.0,0.0
2017-05-24 00:00:00-04:00,14.390746890979358,14.704368750815547,14.112968310713768,14.336983680725098,20500,0.0,0.0
2017-05-25 00:00:00-04:00,14.363866835692647,14.390747587570134,13.969599286839546,14.211535453796387,14900,0.0,0.0
2017-05-26 00:00:00-04:00,14.336982918128907,14.605800664203205,14.09504592120111,14.319061279296875,9400,0.0,0.0
2017-05-30 00:00:00-04:00,14.292181127632288,14.695408642260931,13.960638466513144,14.211535453796387,33300,0.0,0.0
2017-05-31 00:00:00-04:00,14.30114021676067,15.01798951962965,14.202573768754604,14.274258613586426,17900,0.0,0.0
2017-06-01 00:00:00-04:00,14.39074704339751,14.919423458951803,14.229456556375618,14.534116744995117,14700,0.0,0.0
2017-06-02 00:00:00-04:00,14.543076752343422,15.259926929376894,14.543076752343422,14.964226722717285,23700,0.0,0.0
2017-06-05 00:00:00-04:00,14.883579734388894,14.892540553079783,14.525153823158904,14.695405960083008,16600,0.0,0.0
2017-06-06 00:00:00-04:00,14.578918738379206,14.758129984930589,14.435549057497536,14.6237211227417,10600,0.0,0.0
2017-06-07 00:00:00-04:00,14.426588910475951,14.874619611365878,14.381784814926066,14.507234573364258,9700,0.0,0.0
2017-06-08 00:00:00-04:00,14.516198323912482,15.107598831788,14.516198323912482,14.919425010681152,21000,0.0,0.0
2017-06-09 00:00:00-04:00,15.250966273716742,15.331611940863077,15.009029272277736,15.161359786987305,41700,0.0,0.0
2017-06-12 00:00:00-04:00,15.224081710324736,15.331609821355228,14.856696703714356,15.10759449005127,21600,0.0,0.0
2017-06-13 00:00:00-04:00,15.134473894332181,15.367450023327438,14.83877375158843,15.125513076782227,21100,0.0,0.0
2017-06-14 00:00:00-04:00,15.116557000793781,15.412257202856537,15.116557000793781,15.340572357177734,57400,0.0,0.0
2017-06-15 00:00:00-04:00,15.259926787175592,15.41225729882931,15.25096596777225,15.331611633300781,16800,0.0,0.0
2017-06-16 00:00:00-04:00,15.224081898524888,15.394334030968928,15.009027382906746,15.23304271697998,103900,0.0,0.0
2017-06-19 00:00:00-04:00,15.233041583752144,15.555624187732231,14.785010948935904,15.394332885742188,40000,0.0,0.0
2017-06-20 00:00:00-04:00,15.37641248958322,15.48394060261098,14.973184202105834,15.224081993103027,19900,0.0,0.0
2017-06-21 00:00:00-04:00,15.242005605395681,15.242005605395681,14.695407569113087,14.793974876403809,33300,0.0,0.0
2017-06-22 00:00:00-04:00,14.829816650241606,15.089675297004694,14.507235683113631,14.704368591308594,21700,0.0,0.0
2017-06-23 00:00:00-04:00,14.722290161323578,15.215123284032721,14.399707486618473,15.134477615356445,115000,0.0,0.0
2017-06-26 00:00:00-04:00,15.107596674335637,15.474981734063233,14.516196250915527,14.516196250915527,49500,0.0,0.0
2017-06-27 00:00:00-04:00,14.53411455336833,14.92838202786023,14.53411455336833,14.560997009277344,44100,0.0,0.0
2017-06-28 00:00:00-04:00,14.659567310225912,15.143439652066915,13.593253601338615,14.829817771911621,50600,0.0,0.0
2017-06-29 00:00:00-04:00,14.883579728201452,15.23304311149386,14.650603569639376,14.838775634765625,19000,0.0,0.0
2017-06-30 00:00:00-04:00,14.856697761711013,15.466019779705912,14.650604052419052,14.74021053314209,31700,0.0,0.0
2017-07-03 00:00:00-04:00,14.767092479404395,15.170320820831138,14.767092479404395,15.000068664550781,8100,0.0,0.0
2017-07-05 00:00:00-04:00,14.9463018530867,15.188238799631911,14.785010555389892,15.125513076782227,20100,0.0,0.0
2017-07-06 00:00:00-04:00,15.053829286321301,15.143435758915146,14.80293321398011,14.973183631896973,9600,0.0,0.0
2017-07-07 00:00:00-04:00,15.224084950500494,15.268889051757847,15.009030391770317,15.215124130249023,12600,0.0,0.0
2017-07-10 00:00:00-04:00,15.09863567352295,15.206162089708224,15.009029187300838,15.09863567352295,7900,0.0,0.0
2017-07-11 00:00:00-04:00,14.632683508532944,15.026951027732627,14.632683508532944,15.009029388427734,16200,0.0,0.0
2017-07-12 00:00:00-04:00,15.017988201361838,15.286805918609176,15.017988201361838,15.23304271697998,14300,0.0,0.0
2017-07-13 00:00:00-04:00,15.206161897263382,15.206161897263382,15.017989816769816,15.116557121276855,4100,0.0,0.0
2017-07-14 00:00:00-04:00,15.026950142043107,15.349531085010273,15.026950142043107,15.2868070602417,4500,0.0,0.0
2017-07-17 00:00:00-04:00,15.197201366512896,15.197201366512896,15.00902928244503,15.089674949645996,6900,0.0,0.0
2017-07-18 00:00:00-04:00,14.973187915986509,15.09863769715178,14.874622306123124,15.01799201965332,24100,0.0,0.0
2017-07-19 00:00:00-04:00,15.009026904575034,15.009026904575034,14.354902560112198,14.973183631896973,4900,0.0,0.0
2017-07-20 00:00:00-04:00,14.964224522828767,15.13447494074563,14.829813959387346,14.973183631896973,9100,0.0,0.0
2017-07-21 00:00:00-04:00,15.501864639743872,15.501864639743872,14.569961485914973,14.785016059875488,21800,0.0,0.0
2017-07-24 00:00:00-04:00,14.802937151997293,15.080715752744318,14.650606620793743,14.67748737335205,35500,0.0,0.0
2017-07-25 00:00:00-04:00,14.811892817985175,15.23304098282207,14.722286352736576,15.071749687194824,18900,0.0,0.0
2017-07-26 00:00:00-04:00,15.20616340637207,15.528746101062671,15.053832879335033,15.20616340637207,15500,0.0,0.0
2017-07-27 00:00:00-04:00,15.259927093299844,15.3584926905108,14.856698757568168,15.161359786987305,8000,0.0,0.0
2017-07-28 00:00:00-04:00,15.170320328689082,15.242005174939232,15.071753024182042,15.116557121276855,5800,0.0,0.0
2017-07-31 00:00:00-04:00,15.537705958737826,15.537705958737826,15.026951196522484,15.134477615356445,12400,0.0,0.0
2017-08-01 00:00:00-04:00,15.233044509429824,15.385375022888184,15.134477203926894,15.385375022888184,15200,0.0,0.0
2017-08-02 00:00:00-04:00,15.313690377047354,15.367453585708924,15.188242320469827,15.295768737792969,10400,0.0,0.0
2017-08-03 00:00:00-04:00,15.277847818664464,15.31369109886272,14.973186773385963,15.03591251373291,6800,0.0,0.0
2017-08-04 00:00:00-04:00,15.044871990315995,15.35849211853696,15.044871990315995,15.053831100463867,18300,0.0,0.0
2017-08-07 00:00:00-04:00,15.188244235050258,15.188244235050258,14.86566152421394,14.874622344970703,12300,0.0,0.0
2017-08-08 00:00:00-04:00,14.910464032437469,15.233046745730219,14.910464032437469,15.143440246582031,68600,0.0,0.0
2017-08-09 00:00:00-04:00,14.982146652589412,15.098635596816823,14.928383444769908,14.964226722717285,16700,0.0,0.0
2017-08-10 00:00:00-04:00,14.964223902964417,15.036124010951516,14.874348339422097,14.883336067199707,24400,0.05,0.0
2017-08-11 00:00:00-04:00,14.991187264570035,14.991187264570035,14.577760353052469,14.667635917663574,9900,0.0,0.0
2017-08-14 00:00:00-04:00,14.8653656940916,14.8653656940916,14.676626796464648,14.766502380371094,12900,0.0,0.0
2017-08-15 00:00:00-04:00,14.820425731878348,14.874350391750623,14.63168856520837,14.856376647949219,22300,0.0,0.0
2017-08-16 00:00:00-04:00,14.84738771030681,14.991187934416436,14.757512141679824,14.784475326538086,11600,0.0,0.0
2017-08-17 00:00:00-04:00,14.721561367774383,14.820424665622523,14.424973188463866,14.5418119430542,14600,0.0,0.0
2017-08-18 00:00:00-04:00,14.415988171503956,14.649662268380423,14.353074925671432,14.460925102233887,24900,0.0,0.0
2017-08-21 00:00:00-04:00,14.362063270593639,14.703590150412335,14.362063270593639,14.63169002532959,11300,0.0,0.0
2017-08-22 00:00:00-04:00,14.631688617128894,15.12600171521922,14.595737700930453,14.77548885345459,34200,0.0,0.0
2017-08-23 00:00:00-04:00,14.667635967865566,14.95523640421841,14.604723586692609,14.694599151611328,14600,0.0,0.0
2017-08-24 00:00:00-04:00,14.901313330121999,15.143976866848574,14.829413213414199,15.045113563537598,13600,0.0,0.0
2017-08-25 00:00:00-04:00,15.045110667006526,15.179923145599886,15.045110667006526,15.125998497009277,4400,0.0,0.0
2017-08-28 00:00:00-04:00,14.973213493863826,15.278789419390353,14.973213493863826,15.072076797485352,4900,0.0,0.0
2017-08-29 00:00:00-04:00,14.865363627936677,15.009163856506348,14.865363627936677,15.009163856506348,2300,0.0,0.0
2017-08-30 00:00:00-04:00,14.622704211276128,14.9822048837915,14.622704211276128,14.811441421508789,10000,0.0,0.0
2017-08-31 00:00:00-04:00,14.82941276216357,14.964225262609176,14.505861389706954,14.820425033569336,12300,0.0,0.0
2017-09-01 00:00:00-04:00,14.8204252855637,15.036125632791054,14.802449828069594,14.892325401306152,16800,0.0,0.0
2017-09-05 00:00:00-04:00,14.784475979809311,14.784475979809311,14.685612678527832,14.685612678527832,10000,0.0,0.0
2017-09-06 00:00:00-04:00,14.78447506442608,14.80244880644571,14.604723930358887,14.604723930358887,12400,0.0,0.0
2017-09-07 00:00:00-04:00,14.66763696772464,14.802449467175665,14.559787653857393,14.613712310791016,7900,0.0,0.0
2017-09-08 00:00:00-04:00,14.676627612783292,14.820427869338147,14.604727484505865,14.640678405761719,3900,0.0,0.0
2017-09-11 00:00:00-04:00,14.730551461114842,14.820427045021287,14.667639066650587,14.766502380371094,7200,0.0,0.0
2017-09-12 00:00:00-04:00,14.82941276216357,14.946249805420708,14.78447583342635,14.820425033569336,63500,0.0,0.0
2017-09-13 00:00:00-04:00,14.88333877297038,14.982202082263527,14.676626139206622,14.865365028381348,20500,0.0,0.0
2017-09-14 00:00:00-04:00,14.928276110893643,14.964225311153248,14.748524966893756,14.84738826751709,11900,0.0,0.0
2017-09-15 00:00:00-04:00,14.87435225784231,14.937266368859348,14.60472721042055,14.829415321350098,43900,0.0,0.0
2017-09-18 00:00:00-04:00,14.70358803801076,14.919288382270254,14.68561258076398,14.84738826751709,20700,0.0,0.0
2017-09-19 00:00:00-04:00,14.820426096080784,14.901313944993978,14.622701195534125,14.658650398254395,19100,0.0,0.0
2017-09-20 00:00:00-04:00,14.658649640304679,14.757512942583155,14.433961563660134,14.550800323486328,35200,0.0,0.0
2017-09-21 00:00:00-04:00,14.577762051066411,14.631688424654692,14.451937274495112,14.514849662780762,24600,0.0,0.0
2017-09-22 00:00:00-04:00,14.487886757149735,14.838399579632489,14.487886757149735,14.73953628540039,40700,0.0,0.0
2017-09-25 00:00:00-04:00,14.739537591978978,14.901313282614261,14.550800429060478,14.649662017822266,38500,0.0,0.0
2017-09-26 00:00:00-04:00,14.613711658485633,14.694599497392483,14.550799275832274,14.604723930358887,44700,0.0,0.0
2017-09-27 00:00:00-04:00,14.649660719210653,14.874348777568079,14.649660719210653,14.73953628540039,59800,0.0,0.0
2017-09-28 00:00:00-04:00,14.793460503657386,15.027136283173904,14.757511306780733,14.883336067199707,86900,0.0,0.0
2017-09-29 00:00:00-04:00,14.919290740405897,15.1260033887149,14.838402884244248,14.964227676391602,29400,0.0,0.0
2017-10-02 00:00:00-04:00,14.973212455592748,15.278788359930061,14.973212455592748,15.233851432800293,27400,0.0,0.0
2017-10-03 00:00:00-04:00,15.260812903384599,15.278788359930061,15.099037222943211,15.233851432800293,23900,0.0,0.0
2017-10-04 00:00:00-04:00,15.260814666748047,15.278790125370545,15.224865463737135,15.260814666748047,15200,0.0,0.0
2017-10-05 00:00:00-04:00,15.287775642178252,15.413600405857746,15.242837002125691,15.269800186157227,20100,0.0,0.0
2017-10-06 00:00:00-04:00,15.26081311172957,15.41360106598413,15.26081311172957,15.386639595031738,21100,0.0,0.0
2017-10-09 00:00:00-04:00,15.431577080537274,15.458540266698138,15.152964347144215,15.34170150756836,18400,0.0,0.0
2017-10-10 00:00:00-04:00,15.42259106875159,15.42259106875159,14.838402350769243,15.29676628112793,21100,0.0,0.0
2017-10-11 00:00:00-04:00,15.197900519709368,15.359676200150755,15.197900519709368,15.233851432800293,41000,0.0,0.0
2017-10-12 00:00:00-04:00,15.31474094122364,15.32372695624131,15.16195297241211,15.16195297241211,10900,0.0,0.0
2017-10-13 00:00:00-04:00,15.170938533701301,15.368665142858005,15.09903841607178,15.305752754211426,9000,0.0,0.0
2017-10-16 00:00:00-04:00,15.314743237020206,15.395629383943218,15.314743237020206,15.35968017578125,43000,0.0,0.0
2017-10-17 00:00:00-04:00,15.350691815436836,15.39562875235439,15.126003702380538,15.242840766906738,9000,0.0,0.0
2017-10-18 00:00:00-04:00,15.269798042842405,15.269798042842405,15.05409774356797,15.117010116577148,12300,0.0,0.0
2017-10-19 00:00:00-04:00,15.072077493914065,15.75512949346225,15.072077493914065,15.260814666748047,15700,0.0,0.0
2017-10-20 00:00:00-04:00,15.278786586565426,15.458537702689084,15.063086275757252,15.44056224822998,18000,0.0,0.0
2017-10-23 00:00:00-04:00,15.422590365882364,15.422590365882364,15.126002155547477,15.260814666748047,6900,0.0,0.0
2017-10-24 00:00:00-04:00,15.332715194224404,15.611329667570581,15.152965745927721,15.19790267944336,11300,0.0,0.0
2017-10-25 00:00:00-04:00,15.143977513908618,15.16195297241211,15.09903886764989,15.16195297241211,3500,0.0,0.0
2017-10-26 00:00:00-04:00,15.152965243160365,15.260814565713165,15.063089664876982,15.16195297241211,17900,0.0,0.0
2017-10-27 00:00:00-04:00,15.117014326153381,15.233853092192001,15.018151018618251,15.16195297241211,16800,0.0,0.0
2017-10-30 00:00:00-04:00,14.964226178570884,15.009164824292752,14.775489009241205,14.793462753295898,9900,0.0,0.0
2017-10-31 00:00:00-04:00,14.856376857306511,14.856376857306511,14.730550363519338,14.793462753295898,18600,0.0,0.0
2017-11-01 00:00:00-04:00,14.874350391750623,14.910301307821493,14.73953788495292,14.856376647949219,8100,0.0,0.0
2017-11-02 00:00:00-04:00,14.865364764040796,15.188914445933273,14.856377034789052,15.16195297241211,8200,0.0,0.0
2017-11-03 00:00:00-04:00,15.072078034915627,15.458541838000768,15.054102575647912,15.32372760772705,400300,0.0,0.0
2017-11-06 00:00:00-05:00,15.368664343446651,15.548413771053658,15.108025359200681,15.4315767288208,108400,0.0,0.0
2017-11-07 00:00:00-05:00,15.440563285446842,15.539426577379345,15.152962851716438,15.278787612915039,26800,0.0,0.0
2017-11-08 00:00:00-05:00,15.179926623856828,15.323726862537278,15.000177182623295,15.108026504516602,19900,0.0,0.0
2017-11-09 00:00:00-05:00,15.000177027868729,15.23385284187218,14.82941360335966,15.090052604675293,19900,0.0,0.0
2017-11-10 00:00:00-05:00,15.117016971151815,15.63829335932138,14.98220443725586,14.98220443725586,6000,0.0,0.0
2017-11-13 00:00:00-05:00,14.919289920331314,15.341702923774358,14.874351272581544,15.19790267944336,15800,0.0,0.0
2017-11-14 00:00:00-05:00,15.243024759893066,15.504747157496242,15.116676965938204,15.36937427520752,6200,0.07,0.0
2017-11-15 00:00:00-05:00,15.270099874476893,15.522797181257019,15.243024609742017,15.405472755432129,16300,0.0,0.0
2017-11-16 00:00:00-05:00,15.477671385545204,15.576945632606487,15.270099524743916,15.34229850769043,28300,0.0,0.0
2017-11-17 00:00:00-05:00,15.270100024894647,15.504747157496242,15.215951216251076,15.36937427520752,8800,0.0,0.0
2017-11-20 00:00:00-05:00,15.432549252852219,15.486698065287571,15.2159522817511,15.297176361083984,14800,0.0,0.0
2017-11-21 00:00:00-05:00,15.378399561393323,15.522797533873668,15.288150398253203,15.468647003173828,14200,0.0,0.0
2017-11-22 00:00:00-05:00,15.576945767974985,15.62206948719887,15.261074569329137,15.2881498336792,25100,0.0,0.0
2017-11-24 00:00:00-05:00,15.351324566542367,15.910866289423243,15.062528616492928,15.360349655151367,4400,0.0,0.0
2017-11-27 00:00:00-05:00,15.658171745995865,15.667196835211326,15.234001159667969,15.234001159667969,3800,0.0,0.0
2017-11-28 00:00:00-05:00,15.297174286049604,15.387421720746717,15.134726149419636,15.31522274017334,13700,0.0,0.0
2017-11-29 00:00:00-05:00,15.315224069058427,15.703294268822555,15.315224069058427,15.694269180297852,186800,0.0,0.0
2017-11-30 00:00:00-05:00,15.70329572276861,15.928917792697353,15.6671970866871,15.721345901489258,39800,0.0,0.0
2017-12-01 00:00:00-05:00,15.703292250553211,15.91988918322905,15.522795667336382,15.76646614074707,34300,0.0,0.0
2017-12-04 00:00:00-05:00,15.883790104316514,16.181611093462976,15.784515867481241,15.793540954589844,51000,0.0,0.0
2017-12-05 00:00:00-05:00,15.87476740518481,15.965016568487297,15.775493153416114,15.784518241882324,23000,0.0,0.0
2017-12-06 00:00:00-05:00,15.757442993289766,15.847692156688508,15.658170462774807,15.802568435668945,16700,0.0,0.0
2017-12-07 00:00:00-05:00,15.748416715387254,16.31698341339956,15.748416715387254,16.1545352935791,33800,0.0,0.0
2017-12-08 00:00:00-05:00,16.235765001154697,16.33503926921326,16.17259109288466,16.262840270996094,29700,0.0,0.0
2017-12-11 00:00:00-05:00,16.271864157077776,16.687007935772318,16.02819191061284,16.091365814208984,21500,0.0,0.0
2017-12-12 00:00:00-05:00,16.17258567994082,16.190635853793715,15.965013844710478,16.0101375579834,14900,0.0,0.0
2017-12-13 00:00:00-05:00,16.09136351809354,16.109413694076753,14.963253339535779,15.99208927154541,28100,0.0,0.0
2017-12-14 00:00:00-05:00,16.03721472064822,16.03721472064822,15.504746578356569,15.730368614196777,39400,0.0,0.0
2017-12-15 00:00:00-05:00,15.703293341252147,16.118438782068356,15.703293341252147,15.99208927154541,97300,0.0,0.0
2017-12-18 00:00:00-05:00,16.09136351809354,16.253811659223384,15.937940464955306,15.99208927154541,29400,0.0,0.0
2017-12-19 00:00:00-05:00,16.028189419006896,16.028189419006896,14.205162980591403,15.892816543579102,13200,0.0,0.0
2017-12-20 00:00:00-05:00,15.946967813686525,15.946967813686525,15.72134574598941,15.757444381713867,14400,0.0,0.0
2017-12-21 00:00:00-05:00,15.775490780372639,15.883790104316514,15.396445728608107,15.793540954589844,67200,0.0,0.0
2017-12-22 00:00:00-05:00,15.793543319155672,15.8115934960753,15.450598564480808,15.48669719696045,27900,0.0,0.0
2017-12-26 00:00:00-05:00,15.613048118440872,15.829646842120663,15.26107820484114,15.306201934814453,20900,0.0,0.0
2017-12-27 00:00:00-05:00,15.387421001648198,15.576944392646011,15.188874244689941,15.188874244689941,19100,0.0,0.0
2017-12-28 00:00:00-05:00,15.279125332171064,15.432548393325986,15.206926345825195,15.206926345825195,15200,0.0,0.0
2017-12-29 00:00:00-05:00,15.215949275138616,15.450596377806066,15.053501148571968,15.071551322937012,17700,0.0,0.0
2018-01-02 00:00:00-05:00,15.071553940665462,15.649145849791914,14.89105560838361,14.918130874633789,44300,0.0,0.0
2018-01-03 00:00:00-05:00,14.909106845335398,15.161802462855116,14.692509864021444,15.143754005432129,22500,0.0,0.0
2018-01-04 00:00:00-05:00,15.261076428890899,15.703295472335643,15.252051339674505,15.549872398376465,28200,0.0,0.0
2018-01-05 00:00:00-05:00,15.558900294826454,15.98306923636961,15.558900294826454,15.86574649810791,33700,0.0,0.0
2018-01-08 00:00:00-05:00,15.79353979608434,16.064285504044953,15.721340825870897,15.93793773651123,19400,0.0,0.0
2018-01-09 00:00:00-05:00,15.928913012397187,16.16356010126817,15.829640501945082,16.00111198425293,11100,0.0,0.0
2018-01-10 00:00:00-05:00,15.992093763716444,16.60578614865527,15.992093763716444,16.506513595581055,14300,0.0,0.0
2018-01-11 00:00:00-05:00,16.52455917019273,16.94872974409241,16.33503746630031,16.78628158569336,103900,0.0,0.0
2018-01-12 00:00:00-05:00,16.948726383756195,17.237522287492126,16.677978932984235,16.795303344726562,31100,0.0,0.0
2018-01-16 00:00:00-05:00,17.10215354475776,17.4180230647504,16.885554843391688,16.94873046875,18400,0.0,0.0
2018-01-17 00:00:00-05:00,16.903602600097656,17.111174461025904,16.76822972216008,16.903602600097656,17400,0.0,0.0
2018-01-18 00:00:00-05:00,17.002879379642977,17.075078373387033,16.804332577186774,16.840431213378906,25200,0.0,0.0
2018-01-19 00:00:00-05:00,16.786280048113436,17.07507598265447,16.75017969561603,16.867504119873047,20100,0.0,0.0
2018-01-22 00:00:00-05:00,16.84043108797036,16.99385416370393,16.786282273405504,16.912630081176758,5500,0.0,0.0
2018-01-23 00:00:00-05:00,16.930678333760202,16.930678333760202,16.56968340879551,16.61480712890625,8900,0.0,0.0
2018-01-24 00:00:00-05:00,16.524555463275686,16.85847679411698,16.0101375579834,16.0101375579834,20900,0.0,0.0
2018-01-25 00:00:00-05:00,16.046243686241695,16.253815596248437,15.631098144868274,15.712322235107422,32000,0.0,0.0
2018-01-26 00:00:00-05:00,15.640123608670162,15.955994886994876,15.387426241738394,15.829647064208984,18800,0.0,0.0
2018-01-29 00:00:00-05:00,15.8296424827054,15.965015356704196,15.8296424827054,15.91086483001709,24600,0.0,0.0
2018-01-30 00:00:00-05:00,15.883793470246394,16.45236030769834,15.883793470246394,16.416261672973633,51100,0.0,0.0
2018-01-31 00:00:00-05:00,16.479434934148852,16.641883087494406,16.443334579467773,16.443334579467773,12700,0.0,0.0
2018-02-01 00:00:00-05:00,16.452358982332242,16.63285730549438,16.35308645381669,16.61480712890625,11200,0.0,0.0
2018-02-02 00:00:00-05:00,16.58773354669847,16.58773354669847,16.037216875792254,16.163564682006836,29900,0.0,0.0
2018-02-05 00:00:00-05:00,16.109415301356595,16.109415301356595,14.827881941798555,15.667196273803711,26600,0.0,0.0
2018-02-06 00:00:00-05:00,15.315225396123388,15.70329562951382,15.315225396123388,15.513773918151855,34400,0.0,0.0
2018-02-07 00:00:00-05:00,15.79354671652984,15.955994901031744,15.459625257124816,15.477675437927246,32800,0.0,0.0
2018-02-08 00:00:00-05:00,15.486696473583459,15.522796825736483,15.125701558850885,15.34229850769043,24600,0.0,0.0
2018-02-09 00:00:00-05:00,15.477673406005074,15.658171747613432,15.279126607323686,15.549872398376465,37800,0.0,0.0
2018-02-12 00:00:00-05:00,15.576948308052751,15.712321209158738,15.351326232422833,15.522799491882324,26100,0.0,0.0
2018-02-13 00:00:00-05:00,15.450600014364534,15.63109663641977,15.396449478524165,15.513773918151855,32100,0.0,0.0
2018-02-14 00:00:00-05:00,15.450339935523486,15.74031845486183,15.450339935523486,15.595328330993652,18600,0.07,0.0
2018-02-15 00:00:00-05:00,15.59532784798018,15.939676572855275,15.531895642976334,15.885306358337402,15500,0.0,0.0
2018-02-16 00:00:00-05:00,15.758440395748893,16.039356918754333,15.758440395748893,15.87624454498291,8300,0.0,0.0
2018-02-20 00:00:00-05:00,15.849058416256604,15.849058416256604,15.586267605425906,15.667823791503906,23200,0.0,0.0
2018-02-21 00:00:00-05:00,15.65876080823911,16.003107783316164,15.65876080823911,15.749377250671387,7900,0.0,0.0
2018-02-22 00:00:00-05:00,15.803749476866907,15.803749476866907,15.613451141832105,15.69500732421875,18200,0.0,0.0
2018-02-23 00:00:00-05:00,15.73125499922364,15.894367361038295,15.631574838470717,15.749377250671387,12100,0.0,0.0
2018-02-26 00:00:00-05:00,15.794684737251414,15.90342514257223,15.758436783212755,15.867178916931152,10000,0.0,0.0
2018-02-27 00:00:00-05:00,15.849058460037975,15.994046851599833,15.540957695869537,15.577205657958984,30300,0.0,0.0
2018-02-28 00:00:00-05:00,15.640636444879135,15.676882675283705,15.405029897857114,15.4231538772583,46600,0.0,0.0
2018-03-01 00:00:00-05:00,15.332536924765378,15.731255861227263,15.29628896308796,15.586267471313477,14700,0.0,0.0
2018-03-02 00:00:00-05:00,15.44128062975503,15.812813632213862,15.332538462216732,15.731257438659668,26600,0.0,0.0
2018-03-05 00:00:00-05:00,15.722195803483999,15.87624620275403,15.640639608082324,15.713133811950684,59200,0.0,0.0
2018-03-06 00:00:00-05:00,15.785625906108466,15.984984508003121,15.586267304213811,15.939676284790039,39100,0.0,0.0
2018-03-07 00:00:00-05:00,15.803748493537327,16.800544871931592,15.749376556397403,16.438072204589844,26100,0.0,0.0
2018-03-08 00:00:00-05:00,16.43807297494563,17.018028232832858,16.238714381283124,16.66461753845215,33900,0.0,0.0
2018-03-09 00:00:00-05:00,16.67368257764238,16.882103199368345,16.474323947521654,16.791486740112305,26600,0.0,0.0
2018-03-12 00:00:00-04:00,16.854917930257834,17.942330930933718,16.628373339067267,16.74617576599121,13600,0.0,0.0
2018-03-13 00:00:00-04:00,16.764294922687903,16.80960313652533,16.57399835049363,16.619306564331055,21500,0.0,0.0
2018-03-14 00:00:00-04:00,16.646496660782827,16.773361073729234,16.50150653804665,16.691804885864258,36600,0.0,0.0
2018-03-15 00:00:00-04:00,16.76429815271841,16.972718741963735,16.574001543859083,16.818668365478516,13600,0.0,0.0
2018-03-16 00:00:00-04:00,16.809606565024634,17.17207926324451,16.737112371060242,17.16301727294922,43000,0.0,0.0
2018-03-19 00:00:00-04:00,17.16301610779575,17.634227472375994,17.16301610779575,17.480178833007812,26300,0.0,0.0
2018-03-20 00:00:00-04:00,17.425803888980496,17.443927865214302,16.963652865403482,16.999900817871094,21800,0.0,0.0
2018-03-21 00:00:00-04:00,17.00896848159337,17.48018165052316,16.82773211557481,17.090524673461914,17400,0.0,0.0
2018-03-22 00:00:00-04:00,16.972718741963735,17.07239890568885,16.76429815271841,16.818668365478516,26200,0.0,0.0
2018-03-23 00:00:00-04:00,16.80960369455845,16.972716035224185,16.501502990722656,16.501502990722656,30600,0.0,0.0
2018-03-26 00:00:00-04:00,16.637435361294692,17.08146255345237,16.62837337022232,17.008968353271484,26200,0.0,0.0
2018-03-27 00:00:00-04:00,16.845856529468627,17.099587102715894,16.546817727754902,16.637435913085938,20900,0.0,0.0
2018-03-28 00:00:00-04:00,16.70086308424414,16.70086308424414,16.564936711467066,16.60118293762207,45300,0.0,0.0
2018-03-29 00:00:00-04:00,16.71899167868214,17.190203119213848,16.71899167868214,17.090524673461914,67400,0.0,0.0
2018-04-02 00:00:00-04:00,17.090525111342977,17.335191964819202,16.465261533796784,16.637435913085938,20100,0.0,0.0
2018-04-03 00:00:00-04:00,16.737107238504922,16.737107238504922,16.238710023886597,16.429006576538086,21000,0.0,0.0
2018-04-04 00:00:00-04:00,16.311209918627043,16.80054704581689,16.311209918627043,16.691804885864258,17400,0.0,0.0
2018-04-05 00:00:00-04:00,16.79148492135173,16.79148492135173,16.2568395733397,16.610248565673828,10800,0.0,0.0
2018-04-06 00:00:00-04:00,16.51056826438182,16.682742628050867,16.37464186291593,16.5286922454834,23700,0.0,0.0
2018-04-09 00:00:00-04:00,16.592125344042174,17.308007080506393,16.383704735349323,16.492446899414062,33800,0.0,0.0
2018-04-10 00:00:00-04:00,16.65555561145834,17.0905224886173,16.40182680554663,16.927410125732422,15800,0.0,0.0
2018-04-11 00:00:00-04:00,17.35331515547393,18.205123293267906,16.70992935294734,16.755237579345703,8400,0.0,0.0
2018-04-12 00:00:00-04:00,16.845855712890625,17.81546627361655,16.836793721956976,16.845855712890625,5800,0.0,0.0
2018-04-13 00:00:00-04:00,16.900225882802385,17.054276271447257,16.637435060054095,16.936473846435547,11000,0.0,0.0
2018-04-16 00:00:00-04:00,16.972717744748472,17.208324290729976,16.9636557550879,17.126768112182617,11300,0.0,0.0
2018-04-17 00:00:00-04:00,17.126767935969774,17.33518851082517,17.036149768694187,17.13582992553711,13500,0.0,0.0
2018-04-18 00:00:00-04:00,17.126768147030003,17.317066473493636,16.99990374831945,17.036149978637695,8600,0.0,0.0
2018-04-19 00:00:00-04:00,17.03614959359898,17.235509905235823,17.03614959359898,17.1448917388916,9600,0.0,0.0
2018-04-20 00:00:00-04:00,16.99990595932696,17.163018337967948,16.99990595932696,17.108646392822266,13700,0.0,0.0
2018-04-23 00:00:00-04:00,17.172080865330457,17.398625458654614,17.054276708898968,17.090524673461914,8000,0.0,0.0
2018-04-24 00:00:00-04:00,17.19926417178373,17.3170683217866,17.072399759532633,17.217388153076172,19200,0.0,0.0
2018-04-25 00:00:00-04:00,17.262696109119172,17.271758099624293,16.999905298062558,17.054275512695312,9200,0.0,0.0
2018-04-26 00:00:00-04:00,16.99084442011647,17.226451003483188,16.83679402823816,16.918350219726562,17000,0.0,0.0
2018-04-27 00:00:00-04:00,16.963657693148843,17.03615189031793,16.673680904472487,16.691804885864258,17700,0.0,0.0
2018-04-30 00:00:00-04:00,16.673679824959063,16.673679824959063,16.392765045166016,16.392765045166016,13500,0.0,0.0
2018-05-01 00:00:00-04:00,16.356519241007657,16.564941584199328,16.284025038975194,16.555879592895508,18500,0.0,0.0
2018-05-02 00:00:00-04:00,16.836789101866323,16.836789101866323,16.510564431364635,16.619306564331055,22200,0.0,0.0
2018-05-03 00:00:00-04:00,16.56494150760232,16.664619954687215,16.3565191653744,16.383705139160156,11700,0.0,0.0
2018-05-04 00:00:00-04:00,16.374644116289314,16.78242510520116,16.374644116289314,16.77336311340332,16600,0.0,0.0
2018-05-07 00:00:00-04:00,16.755237002934166,16.990843574576047,16.755237002934166,16.8730411529541,26400,0.0,0.0
2018-05-08 00:00:00-04:00,16.873038890576606,16.900223130476284,16.728048788054693,16.882099151611328,9600,0.0,0.0
2018-05-09 00:00:00-04:00,17.008968079674755,17.335191111042263,16.818669727012175,17.190202713012695,25100,0.0,0.0
2018-05-10 00:00:00-04:00,17.21738788499154,17.326130042655006,17.036151531685075,17.054275512695312,9500,0.0,0.0
2018-05-11 00:00:00-04:00,16.96365844682098,17.081462602703372,16.89116424643107,16.918350219726562,6300,0.0,0.0
2018-05-14 00:00:00-04:00,16.727231794577474,16.76363574542473,16.48151206970215,16.48151206970215,17400,0.08,0.0
2018-05-15 00:00:00-04:00,16.508811069491642,16.836439639566848,16.472408859392,16.499710083007812,10200,0.0,0.0
2018-05-16 00:00:00-04:00,16.53611591388539,16.709031205117338,16.53611591388539,16.599821090698242,14600,0.0,0.0
2018-05-17 00:00:00-04:00,16.672627032111034,16.836441333631456,16.618022843549515,16.800037384033203,15800,0.0,0.0
2018-05-18 00:00:00-04:00,16.927448418368538,16.93654940520173,16.790937087542126,16.90924644470215,15900,0.0,0.0
2018-05-21 00:00:00-04:00,16.836441956639472,17.20047278691314,16.836441956639472,17.109464645385742,15900,0.0,0.0
2018-05-22 00:00:00-04:00,17.136767579795162,17.291480899380954,17.118565604353087,17.20957374572754,14600,0.0,0.0
2018-05-23 00:00:00-04:00,17.200471878051758,17.30058100202579,17.01845734045041,17.200471878051758,20300,0.0,0.0
2018-05-24 00:00:00-04:00,17.27327945423231,17.39159056240205,17.10036588973188,17.336984634399414,9000,0.0,0.0
2018-05-25 00:00:00-04:00,17.31878309967122,17.51899961320697,17.164069786900374,17.282379150390625,4200,0.0,0.0
2018-05-29 00:00:00-04:00,17.25507463066606,17.25507463066606,17.00935493854864,17.0639591217041,10300,0.0,0.0
2018-05-30 00:00:00-04:00,17.182266825211585,17.491693393117245,17.082159455008355,17.327880859375,16900,0.0,0.0
2018-05-31 00:00:00-04:00,17.409793391077052,17.473500316552155,17.154972632521567,17.182273864746094,12600,0.0,0.0
2018-06-01 00:00:00-04:00,17.18227092992552,17.382489189833638,17.127666738966912,17.19137191772461,13200,0.0,0.0
2018-06-04 00:00:00-04:00,17.218673950166586,17.336983313486307,16.900146337763868,16.91834831237793,17400,0.0,0.0
2018-06-05 00:00:00-04:00,16.972955185849123,17.209575685762555,16.736334685935695,16.845544815063477,62300,0.0,0.0
2018-06-06 00:00:00-04:00,16.83644459401645,17.1731742496647,16.79094138404277,17.03666114807129,29300,0.0,0.0
2018-06-07 00:00:00-04:00,17.318785532099454,17.409791946411133,16.94565367874609,17.409791946411133,71800,0.0,0.0
2018-06-08 00:00:00-04:00,17.364286395343456,18.110550001316064,17.364286395343456,17.92853546142578,229100,0.0,0.0
2018-06-11 00:00:00-04:00,18.11055017583816,18.156055113126126,17.764721331628955,17.810224533081055,16000,0.0,0.0
2018-06-12 00:00:00-04:00,17.89213373561472,17.91943670111766,17.42799373708115,17.52810287475586,25700,0.0,0.0
2018-06-13 00:00:00-04:00,17.519000859148196,17.828427506696134,17.45529567921232,17.537202835083008,36300,0.0,0.0
2018-06-14 00:00:00-04:00,17.582706039084073,17.582706039084073,17.446194691244916,17.537202835083008,16800,0.0,0.0
2018-06-15 00:00:00-04:00,17.446194315536545,17.846629098299108,17.31878395840861,17.7556209564209,48400,0.0,0.0
2018-06-18 00:00:00-04:00,17.63730876033423,17.964937356497085,17.61000753454454,17.946735382080078,14500,0.0,0.0
2018-06-19 00:00:00-04:00,17.910335540771484,18.046846895304256,17.63731109586989,17.910335540771484,15800,0.0,0.0
2018-06-20 00:00:00-04:00,17.94673582174441,18.128752098701934,17.846628431670048,18.01044273376465,37500,0.0,0.0
2018-06-21 00:00:00-04:00,17.71921503962872,18.101447804444913,17.71921503962872,17.937633514404297,15500,0.0,0.0
2018-06-22 00:00:00-04:00,18.05594887844024,18.274367404892804,17.764724176503485,18.001344680786133,109500,0.0,0.0
2018-06-25 00:00:00-04:00,17.810222480917467,18.074145879269782,17.78292125752631,17.82842445373535,12900,0.0,0.0
2018-06-26 00:00:00-04:00,17.855731155357656,17.92853732605302,17.546304495943346,17.646411895751953,21100,0.0,0.0
2018-06-27 00:00:00-04:00,17.582705683794828,17.582705683794828,17.26417805471589,17.291481018066406,29700,0.0,0.0
2018-06-28 00:00:00-04:00,17.409792458732866,17.42799443646527,17.23687887778344,17.27328109741211,20300,0.0,0.0
2018-06-29 00:00:00-04:00,17.50079838038589,17.610008497021003,17.22777569255198,17.309682846069336,23900,0.0,0.0
2018-07-02 00:00:00-04:00,17.446193594826727,17.87392958739764,17.327884230357615,17.728317260742188,18600,0.0,0.0
2018-07-03 00:00:00-04:00,17.91033708696239,17.974042275521583,17.600910397529553,17.764724731445312,25300,0.0,0.0
2018-07-05 00:00:00-04:00,17.68281429998666,17.9649379697374,17.68281429998666,17.892131805419922,17400,0.0,0.0
2018-07-06 00:00:00-04:00,17.819326105736792,17.928536222978575,17.65551179779208,17.855730056762695,16700,0.0,0.0
2018-07-09 00:00:00-04:00,17.89213268512906,18.019543044990108,17.89213268512906,17.901233673095703,19900,0.0,0.0
2018-07-10 00:00:00-04:00,17.837527642741836,18.055946136019994,17.75562049078304,17.792022705078125,14100,0.0,0.0
2018-07-11 00:00:00-04:00,17.81932259548244,17.901229733319788,17.68281127769872,17.719213485717773,19000,0.0,0.0
2018-07-12 00:00:00-04:00,17.819325351368512,17.819325351368512,17.41889058621533,17.46439552307129,8800,0.0,0.0
2018-07-13 00:00:00-04:00,17.42799480482821,17.582708147151433,16.900149590284773,17.154972076416016,13300,0.0,0.0
2018-07-16 00:00:00-04:00,17.346086762058523,17.45529688940306,17.291482566304296,17.409791946411133,38700,0.0,0.0
2018-07-17 00:00:00-04:00,17.482596268158744,17.728317726787843,17.482596268158744,17.69191551208496,21300,0.0,0.0
2018-07-18 00:00:00-04:00,17.70101630142247,17.837527642741836,17.70101630142247,17.792022705078125,6400,0.0,0.0
2018-07-19 00:00:00-04:00,17.837529028639977,17.837529028639977,17.610009530151807,17.664613723754883,9700,0.0,0.0
2018-07-20 00:00:00-04:00,17.655512505466657,17.673714481709187,17.491698190955884,17.50079917907715,26700,0.0,0.0
2018-07-23 00:00:00-04:00,17.473497071910014,17.610008415192645,17.30058177797287,17.491697311401367,36000,0.0,0.0
2018-07-24 00:00:00-04:00,17.473499748433017,17.509901968827577,17.34608763746162,17.418893814086914,9500,0.0,0.0
2018-07-25 00:00:00-04:00,17.227774962305574,17.364286300436124,17.209572987665275,17.282379150390625,12300,0.0,0.0
2018-07-26 00:00:00-04:00,17.40978785676588,17.40978785676588,17.32788245029257,17.34608268737793,6800,0.0,0.0
2018-07-27 00:00:00-04:00,17.291480482747293,17.37338763442718,16.836441522674995,17.16407012939453,31100,0.0,0.0
2018-07-30 00:00:00-04:00,17.218673805792573,17.619108564765188,16.572517599097957,17.40069007873535,13500,0.0,0.0
2018-07-31 00:00:00-04:00,17.309685627066543,17.710118735445604,17.309685627066543,17.58270835876465,14500,0.0,0.0
2018-08-01 00:00:00-04:00,17.41888968804431,17.682813100692623,17.409788701142393,17.555402755737305,8300,0.0,0.0
2018-08-02 00:00:00-04:00,17.509899286728626,17.710115807820753,17.491697311401367,17.491697311401367,6000,0.0,0.0
2018-08-03 00:00:00-04:00,17.409791273026624,17.664613736417003,17.291481897495814,17.300582885742188,9900,0.0,0.0
2018-08-06 00:00:00-04:00,17.464393775528993,17.47349476198951,17.2914785044505,17.34608268737793,5100,0.0,0.0
2018-08-07 00:00:00-04:00,17.519002957885263,17.519002957885263,17.31878640612474,17.418893814086914,7300,0.0,0.0
2018-08-08 00:00:00-04:00,17.528101343503646,17.528101343503646,17.291480870657498,17.309682846069336,50500,0.0,0.0
2018-08-09 00:00:00-04:00,17.255076653462936,17.44619392066508,17.218674439037123,17.2459774017334,17500,0.0,0.0
2018-08-10 00:00:00-04:00,17.164071533718634,17.418892261272994,17.164071533718634,17.300582885742188,4600,0.0,0.0
2018-08-13 00:00:00-04:00,17.145871087357452,17.20957627493122,17.145871087357452,17.154972076416016,7000,0.0,0.0
2018-08-14 00:00:00-04:00,17.337760968485398,17.383459857325462,17.07271438615048,17.173250198364258,59800,0.08,0.0
2018-08-15 00:00:00-04:00,17.118410932594998,17.47485528013414,16.963038202445706,16.99045753479004,22000,0.0,0.0
2018-08-16 00:00:00-04:00,17.090994014065615,17.55711047956769,17.054434902838736,17.182388305664062,22500,0.0,0.0
2018-08-17 00:00:00-04:00,17.09099248745842,17.730761187673785,15.19910048808066,17.35603904724121,6500,0.0,0.0
2018-08-20 00:00:00-04:00,17.054431665312695,17.34689752667,17.01787430426005,17.282920837402344,7400,0.0,0.0
2018-08-21 00:00:00-04:00,17.328622929901975,17.401741159384578,17.237228629517798,17.246368408203125,24300,0.0,0.0
2018-08-22 00:00:00-04:00,17.30120086669922,17.639363874507108,17.1366883793401,17.30120086669922,53800,0.0,0.0
2018-08-23 00:00:00-04:00,17.27377861045522,17.611943304190667,17.27377861045522,17.420011520385742,12900,0.0,0.0
2018-08-24 00:00:00-04:00,17.42001897352069,17.42001897352069,17.17325192195506,17.246368408203125,18400,0.0,0.0
2018-08-27 00:00:00-04:00,17.31034008940682,17.328617898235656,17.118408279214815,17.200664520263672,54000,0.0,0.0
2018-08-28 00:00:00-04:00,17.191524754719175,17.30120032392923,16.935617998619104,16.963035583496094,14400,0.0,0.0
2018-08-29 00:00:00-04:00,17.145827617768173,17.145827617768173,16.68884927532201,16.963035583496094,6700,0.0,0.0
2018-08-30 00:00:00-04:00,16.981316807006138,17.017875914752608,16.871641227000943,16.95389747619629,8400,0.0,0.0
2018-08-31 00:00:00-04:00,17.027015497310416,17.19152801066592,17.027015497310416,17.173250198364258,24800,0.0,0.0
2018-09-04 00:00:00-04:00,17.17324788632888,17.310341047923487,17.14582855671631,17.237224578857422,17100,0.0,0.0
2018-09-05 00:00:00-04:00,17.228084564208984,17.328618618264002,17.00873516004244,17.228084564208984,27300,0.0,0.0
2018-09-06 00:00:00-04:00,17.10013150397376,17.264644012785997,17.04529458211445,17.154970169067383,4300,0.0,0.0
2018-09-07 00:00:00-04:00,17.14583111477834,17.374320332603368,16.972178821125688,17.109272003173828,3800,0.0,0.0
2018-09-10 00:00:00-04:00,17.072715274781245,17.37432098388672,17.072715274781245,17.37432098388672,10000,0.0,0.0
2018-09-11 00:00:00-04:00,17.346900819716264,17.511413333768466,17.154970715478274,17.182388305664062,5200,0.0,0.0
2018-09-12 00:00:00-04:00,17.127549506589308,17.356038697034577,16.963037010551247,17.01787567138672,8800,0.0,0.0
2018-09-13 00:00:00-04:00,17.218948619188488,17.282925325068266,16.908203125,16.908203125,3600,0.0,0.0
2018-09-14 00:00:00-04:00,16.935619213974725,17.100129964744585,16.771106719970703,16.771106719970703,12100,0.0,0.0
2018-09-17 00:00:00-04:00,16.862502117296334,16.862502117296334,16.515197588803343,16.588314056396484,10400,0.0,0.0
2018-09-18 00:00:00-04:00,16.679710581408006,16.679710581408006,16.29584867912021,16.36896514892578,12400,0.0,0.0
2018-09-19 00:00:00-04:00,16.33240809196185,16.761967142221902,16.33240809196185,16.46036148071289,22500,0.0,0.0
2018-09-20 00:00:00-04:00,16.579176485504995,16.88078217235237,16.496920230616226,16.679712295532227,12600,0.0,0.0
2018-09-21 00:00:00-04:00,16.634015682654127,16.91734182342002,16.634015682654127,16.780248641967773,57100,0.0,0.0
2018-09-24 00:00:00-04:00,16.78024418591447,16.78024418591447,16.478638569518214,16.59745216369629,10300,0.0,0.0
2018-09-25 00:00:00-04:00,16.597459512882043,16.63401863080725,16.460366307131892,16.50606346130371,12000,0.0,0.0
2018-09-26 00:00:00-04:00,16.515201460789193,16.624877059509373,16.29585200658333,16.350688934326172,11500,0.0,0.0
2018-09-27 00:00:00-04:00,16.268430645690884,16.542618736737936,16.12219769442617,16.186174392700195,10400,0.0,0.0
2018-09-28 00:00:00-04:00,16.18617303252808,16.405524184226714,16.18617303252808,16.28670883178711,7900,0.0,0.0
2018-10-01 00:00:00-04:00,16.38724805074581,16.38724805074581,16.0490832192733,16.10392189025879,10600,0.0,0.0
2018-10-02 00:00:00-04:00,16.085642535268196,16.085642535268196,15.811454406600983,15.957687377929688,494900,0.0,0.0
2018-10-03 00:00:00-04:00,16.021662585996236,16.414662527391208,16.021662585996236,16.37810516357422,17100,0.0,0.0
2018-10-04 00:00:00-04:00,16.368967117087273,16.64315347601708,16.241013715351276,16.451223373413086,19900,0.0,0.0
2018-10-05 00:00:00-04:00,16.542619704614225,16.74368958855884,16.149617971383684,16.222734451293945,16500,0.0,0.0
2018-10-08 00:00:00-04:00,16.222736600824014,16.697994654830097,16.222736600824014,16.634017944335938,15200,0.0,0.0
2018-10-09 00:00:00-04:00,16.643152334598728,16.6614318888029,16.432942690953485,16.560897827148438,41100,0.0,0.0
2018-10-10 00:00:00-04:00,16.560899080094664,16.560899080094664,16.28671097599061,16.29585075378418,18000,0.0,0.0
2018-10-11 00:00:00-04:00,16.22273560039729,16.405527684737827,15.857153174950733,15.866292953491211,21200,0.0,0.0
2018-10-12 00:00:00-04:00,16.058221560388667,16.058221560388667,15.683499391701966,15.802314758300781,27600,0.0,0.0
2018-10-15 00:00:00-04:00,15.88457101339596,16.08564265793213,15.811454527174044,15.838873863220215,9300,0.0,0.0
2018-10-16 00:00:00-04:00,15.866292057968472,16.113059091695344,15.637802837056412,15.948548316955566,23500,0.0,0.0
2018-10-17 00:00:00-04:00,15.829730178154586,16.113056274442357,15.811450625301413,16.03080177307129,9800,0.0,0.0
2018-10-18 00:00:00-04:00,16.039943516056756,16.05822307313771,15.436732078261308,15.866292953491211,15500,0.0,0.0
2018-10-19 00:00:00-04:00,15.464149767816599,15.893708854087999,15.199101448059082,15.199101448059082,21900,0.0,0.0
2018-10-22 00:00:00-04:00,15.208239821633198,15.30877562236125,14.870076799022021,14.979750633239746,127300,0.0,0.0
2018-10-23 00:00:00-04:00,14.796962153555723,14.970612703024594,14.687286562576203,14.897496223449707,10700,0.0,0.0
2018-10-24 00:00:00-04:00,14.88835774309839,14.924915110174172,14.330843513509507,14.394820213317871,112700,0.0,0.0
2018-10-25 00:00:00-04:00,14.522773624151725,14.778681279841129,13.93784096810169,14.760401725769043,26100,0.0,0.0
2018-10-26 00:00:00-04:00,14.650729185846165,15.37275420332203,14.321704156334217,14.61417007446289,9700,0.0,0.0
2018-10-29 00:00:00-04:00,14.62330737574344,14.778680086340078,14.595888918466693,14.751260757446289,17800,0.0,0.0
2018-10-30 00:00:00-04:00,14.742122823945321,14.888357519757763,14.467936473669884,14.66900634765625,14100,0.0,0.0
2018-10-31 00:00:00-04:00,14.796960282807657,14.897494339991333,14.394818824370471,14.732983589172363,38500,0.0,0.0
2018-11-01 00:00:00-04:00,14.88835665383665,15.162542988165148,14.879216876927808,15.107706069946289,13200,0.0,0.0
2018-11-02 00:00:00-04:00,15.116848482415323,15.272219487251352,14.979753548114937,15.062009811401367,9300,0.0,0.0
2018-11-05 00:00:00-05:00,15.071147374060631,15.40017237883128,15.00717067718506,15.007170677185059,10600,0.0,0.0
2018-11-06 00:00:00-05:00,15.034590788421074,15.427590767215765,14.9888919002582,15.08028793334961,5500,0.0,0.0
2018-11-07 00:00:00-05:00,15.180824160943041,15.445870746628609,14.69642639252091,15.016311645507812,20900,0.0,0.0
2018-11-08 00:00:00-05:00,14.943193435668945,15.135123519300308,14.63244799654125,14.943193435668945,78200,0.0,0.0
2018-11-09 00:00:00-05:00,14.860941179665904,15.537269157326056,14.860941179665904,15.235663414001465,34800,0.0,0.0
2018-11-12 00:00:00-05:00,15.199101973475766,15.199101973475766,14.824379796421917,15.016311645507812,6700,0.0,0.0
2018-11-13 00:00:00-05:00,15.062006736822122,15.080286290095403,14.76954085738622,14.851797103881836,8200,0.0,0.0
2018-11-14 00:00:00-05:00,14.888356210428396,14.970610713689865,14.696424387527244,14.851797103881836,24300,0.0,0.0
2018-11-15 00:00:00-05:00,14.81503634178582,15.182654739844681,14.81503634178582,15.155082702636719,9900,0.09,0.0
2018-11-16 00:00:00-05:00,15.11832347602956,15.246989491895057,14.851799011230469,14.851799011230469,10000,0.0,0.0
2018-11-19 00:00:00-05:00,14.85179814181737,15.136702197245612,14.723132133483887,14.723132133483887,12000,0.0,0.0
2018-11-20 00:00:00-05:00,14.723132211261861,14.952893943324215,14.704750851990577,14.778274536132812,18600,0.0,0.0
2018-11-21 00:00:00-05:00,14.787464695537519,15.623797230586424,14.704750334669576,14.879369735717773,7100,0.0,0.0
2018-11-23 00:00:00-05:00,14.741513706872992,15.155083776644473,14.71394166771106,15.145893096923828,4100,0.0,0.0
2018-11-26 00:00:00-05:00,15.164273500442505,15.164273500442505,14.704750061035156,14.704750061035156,14500,0.0,0.0
2018-11-27 00:00:00-05:00,14.686369819383598,14.897750196876334,14.585274970557265,14.631227493286133,11500,0.0,0.0
2018-11-28 00:00:00-05:00,14.704751921235403,15.081561048981618,14.704751921235403,14.769084930419922,9900,0.0,0.0
2018-11-29 00:00:00-05:00,14.769082701922652,15.173463809563872,14.704749702445296,14.732321739196777,9900,0.0,0.0
2018-11-30 00:00:00-05:00,14.851797421410083,15.182654858725073,14.65879754180014,14.704750061035156,26100,0.0,0.0
2018-12-03 00:00:00-05:00,14.833417865237111,15.265371072641344,14.704751847513139,14.713942527770996,8000,0.0,0.0
2018-12-04 00:00:00-05:00,14.704751683700401,14.787466052156656,14.015466448526945,14.03384780883789,20800,0.0,0.0
2018-12-06 00:00:00-05:00,13.88679802390051,14.134941101896404,13.66622698332954,14.006274223327637,16800,0.0,0.0
2018-12-07 00:00:00-05:00,14.594464666187056,14.723131545856656,13.804084659143149,13.99708366394043,7800,0.0,0.0
2018-12-10 00:00:00-05:00,14.052226427298566,14.530131214285136,13.813274033805282,14.153321266174316,7500,0.0,0.0
2018-12-11 00:00:00-05:00,13.78570294596432,14.346321216903837,13.78570294596432,13.895988464355469,3800,0.0,0.0
2018-12-12 00:00:00-05:00,14.392275120337368,14.530132688946045,13.960322807717871,14.061418533325195,8400,0.0,0.0
2018-12-13 00:00:00-05:00,14.199274570228113,14.199274570228113,13.271036981688715,13.280227661132812,46200,0.0,0.0
2018-12-14 00:00:00-05:00,13.1975132290453,13.307798752374927,12.802323656231996,12.967751502990723,38000,0.0,0.0
2018-12-17 00:00:00-05:00,13.601893891694989,13.601893891694989,11.947609345487109,12.113038063049316,42600,0.0,0.0
2018-12-18 00:00:00-05:00,11.901656614961219,13.206703221153278,11.901656614961219,13.013703346252441,70800,0.0,0.0
2018-12-19 00:00:00-05:00,12.958560508910624,13.197512015924579,12.86665547634817,12.98613166809082,38800,0.0,0.0
2018-12-20 00:00:00-05:00,12.97694394784824,13.418086977653948,12.64608733284762,13.105610847473145,26300,0.0,0.0
2018-12-21 00:00:00-05:00,13.105609685680056,13.611085682252737,12.930990274778043,13.2434663772583,49100,0.0,0.0
2018-12-24 00:00:00-05:00,13.004512584954837,13.234274297596945,12.91260842578082,12.958560943603516,9800,0.0,0.0
2018-12-26 00:00:00-05:00,13.059657388337572,13.98789503196388,13.059657388337572,13.353752136230469,38800,0.0,0.0
2018-12-27 00:00:00-05:00,13.215895325884357,13.39051386179007,12.756371848112877,12.857466697692871,94400,0.0,0.0
2018-12-28 00:00:00-05:00,12.87584925891174,13.316991418027527,12.87584925891174,13.032087326049805,27900,0.0,0.0
2018-12-31 00:00:00-05:00,13.078037753814124,13.914371219411626,12.91260989785312,13.362942695617676,42600,0.0,0.0
2019-01-02 00:00:00-05:00,13.372132841127693,13.923560466413216,13.31698964036342,13.77651309967041,13700,0.0,0.0
2019-01-03 00:00:00-05:00,13.601895912859309,13.96951436598867,13.436467170715332,13.436467170715332,7400,0.0,0.0
2019-01-04 00:00:00-05:00,13.629467352551831,13.767324056137213,13.48241996833501,13.730562210083008,18900,0.0,0.0
2019-01-07 00:00:00-05:00,13.64784770252483,13.895989925885774,13.30779955613118,13.546751976013184,9200,0.0,0.0
2019-01-08 00:00:00-05:00,13.611084897918964,13.969512625956723,13.445656176380664,13.67541790008545,9100,0.0,0.0
2019-01-09 00:00:00-05:00,13.601895003759457,14.208465849117738,13.427275592840273,13.748942375183105,9100,0.0,0.0
2019-01-10 00:00:00-05:00,13.64784662298498,13.877608344742496,13.418084901227465,13.427274703979492,13800,0.0,0.0
2019-01-11 00:00:00-05:00,13.37213274424683,13.601894472235706,13.105609174838593,13.21589469909668,47000,0.0,0.0
2019-01-14 00:00:00-05:00,13.12399133229296,14.245228953391274,13.078038805536098,13.105610847473145,14500,0.0,0.0
2019-01-15 00:00:00-05:00,12.894227844993724,13.509989342094464,12.894227844993724,13.473227500915527,171200,0.0,0.0
2019-01-16 00:00:00-05:00,13.528370418604755,14.006274343957843,13.280227338471708,13.684608459472656,23400,0.0,0.0
2019-01-17 00:00:00-05:00,13.59270274622271,13.71217894075469,13.537559550103577,13.601893424987793,22900,0.0,0.0
2019-01-18 00:00:00-05:00,13.601893666236991,14.052226416056962,13.436464951416845,13.712179183959961,14500,0.0,0.0
2019-01-22 00:00:00-05:00,13.62027560634897,13.960322874864927,13.500799396902044,13.739751815795898,34100,0.0,0.0
2019-01-23 00:00:00-05:00,13.758133044620374,14.061418467070375,13.58351363383312,13.877609252929688,10400,0.0,0.0
2019-01-24 00:00:00-05:00,13.785703300702602,14.15332170479944,13.555941579024225,13.99708366394043,107200,0.0,0.0
2019-01-25 00:00:00-05:00,14.061418258360138,14.24522746977259,13.785704003005732,14.01546573638916,8800,0.0,0.0
2019-01-28 00:00:00-05:00,13.88679814271138,14.107370061640893,13.831655820332559,13.99708366394043,28100,0.0,0.0
2019-01-29 00:00:00-05:00,14.098180477630414,14.098180477630414,13.804085731506348,13.804085731506348,7600,0.0,0.0
2019-01-30 00:00:00-05:00,13.794893552405775,14.171702624045208,13.758131713135375,14.153321266174316,18500,0.0,0.0
2019-01-31 00:00:00-05:00,14.1533224876333,14.208465689533556,13.62027533397383,13.693799018859863,28200,0.0,0.0
2019-02-01 00:00:00-05:00,13.702989283220376,14.59446503103024,12.866656735639253,14.226845741271973,86600,0.0,0.0
2019-02-04 00:00:00-05:00,13.831655935862916,14.245226863044106,13.748941575132394,14.116559982299805,45500,0.0,0.0
2019-02-05 00:00:00-05:00,14.006275952560769,14.153323331096077,13.831657409667969,13.831657409667969,17000,0.0,0.0
2019-02-06 00:00:00-05:00,13.83165597533379,14.107370219731852,13.72137045286885,14.052227020263672,93300,0.0,0.0
2019-02-07 00:00:00-05:00,14.098179380501355,14.245226742120073,14.04303618165863,14.125750541687012,10500,0.0,0.0
2019-02-08 00:00:00-05:00,14.107371465738186,14.12575194953672,13.969513893127441,13.969513893127441,10700,0.0,0.0
2019-02-11 00:00:00-05:00,13.877609721191776,14.144133309806753,13.831657196988195,13.969513893127441,18600,0.0,0.0
2019-02-12 00:00:00-05:00,14.190084545594193,14.190084545594193,13.923560964716518,14.061418533325195,15700,0.0,0.0
2019-02-13 00:00:00-05:00,14.190082439039253,14.57608217148652,14.125749442455158,14.327939987182617,14400,0.0,0.0
2019-02-14 00:00:00-05:00,14.762681044223099,14.762681044223099,14.161444388565595,14.244691848754883,17100,0.1,0.0
2019-02-15 00:00:00-05:00,14.32794335087398,14.790433459414496,14.32794335087398,14.392692565917969,27500,0.0,0.0
2019-02-19 00:00:00-05:00,14.170694353288361,14.642434399473428,14.170694353288361,14.429689407348633,13100,0.0,0.0
2019-02-20 00:00:00-05:00,14.429687391291015,14.429687391291015,14.31868902241358,14.3279390335083,29600,0.0,0.0
2019-02-21 00:00:00-05:00,14.364940737791144,14.364940737791144,14.337191581726074,14.337191581726074,4400,0.0,0.0
2019-02-22 00:00:00-05:00,14.346441383647791,14.77193225962227,14.337191371052102,14.420439720153809,46800,0.0,0.0
2019-02-25 00:00:00-05:00,14.74418245805356,14.901430028310322,14.438939094543457,14.438939094543457,23100,0.0,0.0
2019-02-26 00:00:00-05:00,14.457436812290863,14.808929301284321,14.457436812290863,14.605433464050293,67200,0.0,0.0
2019-02-27 00:00:00-05:00,14.568436110330113,14.697933637766418,14.568436110330113,14.633184432983398,24100,0.0,0.0
2019-02-28 00:00:00-05:00,14.679434129126872,14.799681648375495,14.522187441042501,14.568436622619629,19700,0.0,0.0
2019-03-01 00:00:00-05:00,14.614685383686373,14.790431210066975,14.614685383686373,14.734932899475098,18100,0.0,0.0
2019-03-04 00:00:00-05:00,14.679433823852628,14.762682172534268,14.485187970972056,14.549936294555664,14500,0.0,0.0
2019-03-05 00:00:00-05:00,14.559186401276822,14.799681436328298,14.383440572357514,14.522187232971191,16100,0.0,0.0
2019-03-06 00:00:00-05:00,14.438937686789254,14.882928551780536,14.244691848754883,14.244691848754883,36800,0.0,0.0
2019-03-07 00:00:00-05:00,14.309441962418912,14.309441962418912,14.041197776794434,14.041197776794434,25200,0.0,0.0
2019-03-08 00:00:00-05:00,14.004197263184448,14.31868971648286,13.939448064512423,14.050445556640625,27600,0.0,0.0
2019-03-11 00:00:00-04:00,14.07819655484041,14.309441566467285,14.004198221690189,14.309441566467285,7100,0.0,0.0
2019-03-12 00:00:00-04:00,14.364940603084387,14.364940603084387,14.15219560503091,14.161445617675781,4000,0.0,0.0
2019-03-13 00:00:00-04:00,14.161445199098956,14.2354435338112,14.059696827272322,14.198444366455078,52200,0.0,0.0
2019-03-14 00:00:00-04:00,14.36494017849276,14.374190190864224,14.161445199098956,14.198444366455078,3500,0.0,0.0
2019-03-15 00:00:00-04:00,14.244694990195907,14.512939217864211,14.20769581679786,14.392692565917969,65700,0.0,0.0
2019-03-18 00:00:00-04:00,14.364940202768699,14.568436064636131,14.337191047737145,14.429689407348633,6100,0.0,0.0
2019-03-19 00:00:00-04:00,14.494436977237081,14.559185296325502,14.337190303339755,14.346440315246582,51400,0.0,0.0
2019-03-20 00:00:00-04:00,14.642432353691943,14.651682364786664,14.170692373416479,14.3279390335083,6000,0.0,0.0
2019-03-21 00:00:00-04:00,14.272442127938882,14.327940435679203,13.920949611107957,13.93019962310791,26900,0.0,0.0
2019-03-22 00:00:00-04:00,13.893200504556921,14.041197168541439,13.37521129848141,13.412210464477539,26200,0.0,0.0
2019-03-25 00:00:00-04:00,13.412209937678039,13.69895412448269,13.412209937678039,13.504708290100098,20900,0.0,0.0
2019-03-26 00:00:00-04:00,13.560207901292168,13.689705430723858,13.384462073326786,13.597207069396973,111600,0.0,0.0
2019-03-27 00:00:00-04:00,13.84695234393542,13.883951512650068,13.726704825080379,13.874701499938965,8200,0.0,0.0
2019-03-28 00:00:00-04:00,13.86545245255893,14.124447533722801,13.71745576739662,13.976449966430664,13200,0.0,0.0
2019-03-29 00:00:00-04:00,13.967199111373871,14.161444957208042,13.754453241112772,13.791452407836914,23900,0.0,0.0
2019-04-01 00:00:00-04:00,13.837701294198144,14.05044627783137,13.772952974332329,14.031947135925293,14400,0.0,0.0
2019-04-02 00:00:00-04:00,13.967198632956864,14.087445259094238,13.809951959232988,14.087445259094238,8100,0.0,0.0
2019-04-03 00:00:00-04:00,14.078197176353218,14.327941341228293,14.059697151184082,14.059697151184082,3200,0.0,0.0
2019-04-04 00:00:00-04:00,14.059696105534051,14.226192791154551,14.022696940077239,14.087445259094238,10600,0.0,0.0
2019-04-05 00:00:00-04:00,14.096695994628444,14.26319268879586,14.013447647544737,14.198444366455078,6300,0.0,0.0
2019-04-08 00:00:00-04:00,14.189193811710588,14.244692119558517,14.013447111889517,14.031947135925293,7200,0.0,0.0
2019-04-09 00:00:00-04:00,13.726703027894374,14.152193853469766,13.726703027894374,13.84695053100586,4600,0.0,0.0
2019-04-10 00:00:00-04:00,13.837701002812421,14.1429443359375,13.791451825826568,14.1429443359375,6100,0.0,0.0
2019-04-11 00:00:00-04:00,14.08744472068336,14.253941399940489,13.957948087598616,14.050445556640625,9200,0.0,0.0
2019-04-12 00:00:00-04:00,14.14294424436201,14.309440927581143,14.059695902752441,14.170693397521973,5300,0.0,0.0
2019-04-15 00:00:00-04:00,14.152195741505007,14.253943235190494,14.00419906627893,14.207694053649902,8100,0.0,0.0
2019-04-16 00:00:00-04:00,14.244691932818114,14.337190287524988,14.087445259094238,14.087445259094238,7500,0.0,0.0
2019-04-17 00:00:00-04:00,14.041196427227181,14.290940563983222,14.041196427227181,14.050445556640625,6200,0.0,0.0
2019-04-18 00:00:00-04:00,13.985697572906087,14.20769256244515,13.985697572906087,14.170693397521973,8500,0.0,0.0
2019-04-22 00:00:00-04:00,14.068946088918393,14.105945254300222,13.985697746276855,13.985697746276855,5500,0.0,0.0
2019-04-23 00:00:00-04:00,13.88395172031934,14.2446934001505,13.88395172031934,13.920950889587402,22800,0.0,0.0
2019-04-24 00:00:00-04:00,13.85620243920383,14.013449137721242,13.85620243920383,13.976449966430664,32900,0.0,0.0
2019-04-25 00:00:00-04:00,13.90245055639795,14.30944229147468,13.846952244788243,14.161445617675781,13200,0.0,0.0
2019-04-26 00:00:00-04:00,14.253942317789285,14.79043067201965,14.253942317789285,14.697933197021484,9300,0.0,0.0
2019-04-29 00:00:00-04:00,14.503687514168293,14.845929145812988,14.475937477443274,14.845929145812988,9800,0.0,0.0
2019-04-30 00:00:00-04:00,14.577684849505852,14.855178140714461,14.429688192293352,14.642433166503906,16800,0.0,0.0
2019-05-01 00:00:00-04:00,14.503687530588923,14.660934210356512,14.33719083856919,14.383440017700195,17100,0.0,0.0
2019-05-02 00:00:00-04:00,14.679431789930007,14.753430115809723,14.38343848641115,14.605433464050293,5100,0.0,0.0
2019-05-03 00:00:00-04:00,14.65168219644705,15.058673858642578,14.65168219644705,15.058673858642578,8800,0.0,0.0
2019-05-06 00:00:00-04:00,15.030926146230183,15.160422791542365,14.744181936226553,14.76268196105957,3600,0.0,0.0
2019-05-07 00:00:00-04:00,14.947676803346985,14.984676850549118,14.549935117220826,14.660933494567871,7400,0.0,0.0
2019-05-08 00:00:00-04:00,14.725683004467955,14.966178037963855,14.540687164136399,14.549936294555664,21400,0.0,0.0
2019-05-09 00:00:00-04:00,14.818181152786616,14.818181152786616,14.577686122746222,14.633184432983398,4400,0.0,0.0
2019-05-10 00:00:00-04:00,14.845931135616997,15.197424590873563,14.845931135616997,14.94767951965332,3100,0.0,0.0
2019-05-13 00:00:00-04:00,14.614684940660004,15.243670773702883,14.522186582971193,14.54068660736084,9100,0.0,0.0
2019-05-14 00:00:00-04:00,14.845928881703964,14.845928881703964,14.374189733457246,14.596184730529785,6300,0.0,0.0
2019-05-15 00:00:00-04:00,14.411188091994859,14.79967975616455,14.411188091994859,14.79967975616455,11200,0.0,0.0
2019-05-16 00:00:00-04:00,14.855530196445107,15.153386041388071,14.436671440871512,15.050997734069824,11400,0.1,0.0
2019-05-17 00:00:00-04:00,14.902069625925147,15.013764342503444,14.66006203953149,14.706602096557617,11200,0.0,0.0
2019-05-20 00:00:00-04:00,14.585598303360788,14.939300606332743,14.520442756130864,14.706602096557617,19100,0.0,0.0
2019-05-21 00:00:00-04:00,14.753142776804653,15.106845094718148,14.753142776804653,15.050997734069824,18900,0.0,0.0
2019-05-22 00:00:00-04:00,14.790373802185059,14.948608573441334,14.529749841777418,14.790373802185059,26200,0.0,0.0
2019-05-23 00:00:00-04:00,14.492518520786673,14.883453588463341,14.44597935037384,14.464594841003418,13600,0.0,0.0
2019-05-24 00:00:00-04:00,14.622830478562758,14.827606201171875,14.539058551691856,14.827606201171875,11800,0.0,0.0
2019-05-28 00:00:00-04:00,14.697293264103783,14.883452596379652,14.585597664738263,14.594905853271484,5300,0.0,0.0
2019-05-29 00:00:00-04:00,14.47390259366045,14.781065725046307,14.380822480286296,14.399438858032227,18000,0.0,0.0
2019-05-30 00:00:00-04:00,14.445979369699028,14.641446016121074,14.287743704585944,14.334282875061035,18600,0.0,0.0
2019-05-31 00:00:00-04:00,14.278434426289975,14.492517434714463,14.19466250554032,14.287742614746094,20300,0.0,0.0
2019-06-03 00:00:00-04:00,13.989885889457641,14.473901005613694,13.989885889457641,14.259817123413086,20100,0.0,0.0
2019-06-04 00:00:00-04:00,14.725219099003269,14.725219099003269,14.334284000120187,14.613523483276367,9900,0.0,0.0
2019-06-05 00:00:00-04:00,14.539056451599684,14.957915137774426,14.334280758569365,14.418052673339844,5700,0.0,0.0
2019-06-06 00:00:00-04:00,14.678677243579342,14.678677243579342,14.380821435037902,14.427361488342285,4400,0.0,0.0
2019-06-07 00:00:00-04:00,14.650754592722716,14.650754592722716,14.501827112837411,14.5576753616333,5400,0.0,0.0
2019-06-10 00:00:00-04:00,14.55767528733221,14.669370896676103,14.352899559696173,14.455286979675293,34100,0.0,0.0
2019-06-11 00:00:00-04:00,14.213279719309446,14.511134666020848,14.213279719309446,14.445979118347168,11800,0.0,0.0
2019-06-12 00:00:00-04:00,14.483209193465385,14.483209193465385,14.259817123413086,14.259817123413086,8500,0.0,0.0
2019-06-13 00:00:00-04:00,14.231895009029849,14.436670725846337,14.231895009029849,14.399438858032227,115900,0.0,0.0
2019-06-14 00:00:00-04:00,14.027120119733388,14.864838526488128,14.027120119733388,14.762450218200684,11900,0.0,0.0
2019-06-17 00:00:00-04:00,14.799682103754249,14.827606672049862,14.445979782121178,14.52975082397461,7600,0.0,0.0
2019-06-18 00:00:00-04:00,14.520443373876716,14.808990141894444,14.455286936197075,14.715910911560059,15600,0.0,0.0
2019-06-19 00:00:00-04:00,14.762450113393866,14.78106649210589,14.66937088286714,14.687986373901367,4100,0.0,0.0
2019-06-20 00:00:00-04:00,14.706600397873402,14.911376092529114,14.660060346222878,14.753140449523926,6400,0.0,0.0
2019-06-21 00:00:00-04:00,14.669368675500078,14.95791540069512,14.622828623400911,14.79967975616455,37900,0.0,0.0
2019-06-24 00:00:00-04:00,14.669369055382928,14.846220192726362,13.868882624045058,14.427361488342285,61100,0.0,0.0
2019-06-25 00:00:00-04:00,14.343590116453264,14.706601480845787,14.185354461795836,14.566981315612793,5400,0.0,0.0
2019-06-26 00:00:00-04:00,14.706602116471183,14.706602116471183,14.324975246160156,14.34359073638916,4400,0.0,0.0
2019-06-27 00:00:00-04:00,14.78106649210589,14.78106649210589,14.324975865794881,14.687986373901367,68700,0.0,0.0
2019-06-28 00:00:00-04:00,14.715909870194201,15.31162063042575,14.715909870194201,15.209232330322266,81700,0.0,0.0
2019-07-01 00:00:00-04:00,15.293005436832587,15.293005436832587,14.99515047750006,15.12546157836914,11800,0.0,0.0
2019-07-02 00:00:00-04:00,15.069612718323047,15.07892090679573,14.957916232006266,14.985840797424316,8600,0.0,0.0
2019-07-03 00:00:00-04:00,15.097535920151834,15.125460486331493,14.697293569365154,15.0789213180542,2300,0.0,0.0
2019-07-05 00:00:00-04:00,15.078920645259535,15.171998977661133,15.06030426863706,15.171998977661133,4500,0.0,0.0
2019-07-08 00:00:00-04:00,14.827606193183161,15.06030559539795,14.827606193183161,15.06030559539795,2600,0.0,0.0
2019-07-09 00:00:00-04:00,15.013763484978652,15.255771057549826,15.00445707192493,15.144076347351074,3500,0.0,0.0
2019-07-10 00:00:00-04:00,15.125461397863317,15.22784970467033,14.883453802454836,14.948609352111816,13200,0.0,0.0
2019-07-11 00:00:00-04:00,15.050997764469487,15.116153314583396,14.920686664241673,15.023073196411133,9700,0.0,0.0
2019-07-12 00:00:00-04:00,14.967224936740704,15.09753602914223,14.892761201746193,14.920685768127441,43400,0.0,0.0
2019-07-15 00:00:00-04:00,15.302312104073874,15.302312104073874,14.911377064998268,14.985840797424316,3900,0.0,0.0
2019-07-16 00:00:00-04:00,14.976533044091717,15.0230722124519,14.725217274093595,14.818297386169434,4800,0.0,0.0
2019-07-17 00:00:00-04:00,14.678677886174704,14.985841008681698,14.520442230619256,14.6693696975708,22000,0.0,0.0
2019-07-18 00:00:00-04:00,14.864838311557607,15.144077776438333,14.576290657389373,14.948609352111816,6600,0.0,0.0
2019-07-19 00:00:00-04:00,14.799682065421052,14.92068675236635,14.641446396200308,14.892762184143066,14000,0.0,0.0
2019-07-22 00:00:00-04:00,14.808990254828814,14.892762184143066,14.725218325514561,14.892762184143066,19700,0.0,0.0
2019-07-23 00:00:00-04:00,14.855528609626802,15.078920691391472,14.818296743945641,15.069612503051758,11900,0.0,0.0
2019-07-24 00:00:00-04:00,14.79968162578939,15.255772241087708,14.79968162578939,15.06030559539795,6800,0.0,0.0
2019-07-25 00:00:00-04:00,15.255770056084227,15.255770056084227,14.920684172129288,15.246461868286133,4000,0.0,0.0
2019-07-26 00:00:00-04:00,15.18130893940509,15.358160987267128,15.060306027934601,15.12546157836914,12200,0.0,0.0
2019-07-29 00:00:00-04:00,15.358160987267128,15.358160987267128,14.957917719905696,15.12546157836914,8100,0.0,0.0
2019-07-30 00:00:00-04:00,15.209232766035742,15.358160238440664,15.199924577090995,15.274388313293457,12500,0.0,0.0
2019-07-31 00:00:00-04:00,15.190617663186993,15.40470070081892,15.172001283734915,15.265081405639648,34500,0.0,0.0
2019-08-01 00:00:00-04:00,15.293006227271613,15.330237211434712,14.846222877502441,14.846222877502441,17600,0.0,0.0
2019-08-02 00:00:00-04:00,14.808990254828814,15.023073285140526,14.678679153831354,14.892762184143066,18500,0.0,0.0
2019-08-05 00:00:00-04:00,14.557674199755136,14.743833534754003,14.269126564748593,14.278434753417969,27600,0.0,0.0
2019-08-06 00:00:00-04:00,14.399438982431684,14.529750077067984,14.1946632638461,14.34359073638916,9300,0.0,0.0
2019-08-07 00:00:00-04:00,14.501826729340248,14.501826729340248,14.148123530127343,14.334282875061035,22600,0.0,0.0
2019-08-08 00:00:00-04:00,14.604213070035854,14.836912455960233,14.473901982031936,14.492517471313477,11700,0.0,0.0
2019-08-09 00:00:00-04:00,14.53905901340648,14.957917773384844,14.380823343775884,14.52975082397461,9500,0.0,0.0
2019-08-12 00:00:00-04:00,14.306357174993884,14.408744578329518,14.259817123413086,14.259817123413086,4600,0.0,0.0
2019-08-13 00:00:00-04:00,14.511133406754636,14.511133406754636,14.315665893018377,14.427361488342285,7000,0.0,0.0
2019-08-14 00:00:00-04:00,14.148122246569907,14.343589762936366,14.073658515351987,14.241202354431152,19500,0.0,0.0
2019-08-15 00:00:00-04:00,14.334894300477023,14.334894300477023,14.194355586701974,14.250571250915527,8200,0.1,0.0
2019-08-16 00:00:00-04:00,14.363003346316221,14.587864242131019,14.353633918944496,14.419219017028809,7100,0.0,0.0
2019-08-19 00:00:00-04:00,14.672187020964314,14.784617466722468,14.38174192613519,14.456695556640625,10800,0.0,0.0
2019-08-20 00:00:00-04:00,14.400479442423894,14.400479442423894,14.241202759137671,14.316156387329102,9700,0.0,0.0
2019-08-21 00:00:00-04:00,14.334894984361602,14.409848611210423,14.203725690617308,14.28804874420166,14200,0.0,0.0
2019-08-22 00:00:00-04:00,14.325525981881642,14.363002796415941,14.110034521688853,14.297418594360352,25600,0.0,0.0
2019-08-23 00:00:00-04:00,14.250571078705105,14.250571078705105,13.960125121894025,14.00697135925293,23800,0.0,0.0
2019-08-26 00:00:00-04:00,14.053818688659096,14.316156387329102,13.969495633564305,14.316156387329102,10700,0.0,0.0
2019-08-27 00:00:00-04:00,14.372371663714073,14.372371663714073,14.072557159115592,14.175618171691895,12000,0.0,0.0
2019-08-28 00:00:00-04:00,14.175618956496074,14.39111042022705,14.175618956496074,14.39111042022705,12700,0.0,0.0
2019-08-29 00:00:00-04:00,14.381741652632417,14.634709927398037,14.381741652632417,14.494172096252441,10500,0.0,0.0
2019-08-30 00:00:00-04:00,14.662817553441359,14.719033222924692,14.297418829111834,14.39111042022705,13500,0.0,0.0
2019-09-03 00:00:00-04:00,14.278679442323577,14.437956124149517,14.156879574249757,14.203725814819336,12400,0.0,0.0
2019-09-04 00:00:00-04:00,14.259942014989868,14.297418830142206,14.100665327212992,14.194356918334961,11200,0.0,0.0
2019-09-05 00:00:00-04:00,14.363002632791744,14.597232944342187,14.363002632791744,14.512909889221191,10800,0.0,0.0
2019-09-06 00:00:00-04:00,14.578495429591397,14.578495429591397,14.437956702255388,14.456695556640625,5400,0.0,0.0
2019-09-09 00:00:00-04:00,14.662816455877675,14.756508933497432,14.569124871775605,14.737770080566406,7700,0.0,0.0
2019-09-10 00:00:00-04:00,14.840833446095509,15.224971033832437,14.840833446095509,15.187493324279785,12100,0.0,0.0
2019-09-11 00:00:00-04:00,15.309293198483058,15.487308734382289,15.18749243659158,15.384246826171875,25200,0.0,0.0
2019-09-12 00:00:00-04:00,15.393616822237815,15.674692489705635,15.356139113489833,15.637216567993164,20300,0.0,0.0
2019-09-13 00:00:00-04:00,15.61847800621943,15.92766196104056,15.487309597215177,15.73090934753418,21200,0.0,0.0
2019-09-16 00:00:00-04:00,15.562262451756009,15.562262451756009,15.38424691483088,15.431092262268066,33600,0.0,0.0
2019-09-17 00:00:00-04:00,15.206231414653303,15.374877525091454,15.206231414653303,15.29992389678955,12900,0.0,0.0
2019-09-18 00:00:00-04:00,15.309293749451182,15.309293749451182,14.887679355148627,14.915786743164062,37000,0.0,0.0
2019-09-19 00:00:00-04:00,15.009478820820233,15.159386077527126,14.784617042242163,14.840832710266113,8800,0.0,0.0
2019-09-20 00:00:00-04:00,14.784617295237553,14.812725576489383,14.372372332239232,14.475433349609375,63800,0.0,0.0
2019-09-23 00:00:00-04:00,14.466064453125,14.541018979028054,14.36300343197469,14.466064453125,25400,0.0,0.0
2019-09-24 00:00:00-04:00,14.475433476678113,14.765879464205751,14.475433476678113,14.58786392211914,178900,0.0,0.0
2019-09-25 00:00:00-04:00,14.47543362253057,14.70966394293889,14.47543362253057,14.634710311889648,19700,0.0,0.0
2019-09-26 00:00:00-04:00,14.625340884629052,14.756510185724107,14.550387253579812,14.634710311889648,11700,0.0,0.0
2019-09-27 00:00:00-04:00,14.550386871303584,14.644079354412472,14.46606381520913,14.494172096252441,61600,0.0,0.0
2019-09-30 00:00:00-04:00,14.522278909080738,14.644078774895153,14.428586429679587,14.437955856323242,19000,0.0,0.0
2019-10-01 00:00:00-04:00,14.512909751653758,14.522279178471218,14.203725814819336,14.203725814819336,26100,0.0,0.0
2019-10-02 00:00:00-04:00,14.222464668454258,14.278679442323577,14.147511040950016,14.203725814819336,16800,0.0,0.0
2019-10-03 00:00:00-04:00,14.110034647469424,14.250572479846404,14.063188405504514,14.213095664978027,20400,0.0,0.0
2019-10-04 00:00:00-04:00,14.391109889889856,14.428586703658409,14.316156262352752,14.400479316711426,17200,0.0,0.0
2019-10-07 00:00:00-04:00,14.409848061799105,14.578494162537757,14.288048199434265,14.363001823425293,28500,0.0,0.0
2019-10-08 00:00:00-04:00,14.33489460396964,14.447325041259408,14.33489460396964,14.344264030456543,14800,0.0,0.0
2019-10-09 00:00:00-04:00,14.372372498942571,14.522279759953443,14.372372498942571,14.456695556640625,20400,0.0,0.0
2019-10-10 00:00:00-04:00,14.531650011972832,14.569126829352761,14.512911156523964,14.541019439697266,22400,0.0,0.0
2019-10-11 00:00:00-04:00,14.522279316127463,14.615971798154733,14.428586834100194,14.512909889221191,19800,0.0,0.0
2019-10-14 00:00:00-04:00,14.28805025224439,14.615973074457123,14.28805025224439,14.541019439697266,21600,0.0,0.0
2019-10-15 00:00:00-04:00,14.512908711005698,14.709662192475552,14.475431899940853,14.615970611572266,12300,0.0,0.0
2019-10-16 00:00:00-04:00,14.512909934440206,14.784617060944589,14.494171974087006,14.775248527526855,23400,0.0,0.0
2019-10-17 00:00:00-04:00,14.709663391113281,14.73777077832287,14.522279320519797,14.709663391113281,10200,0.0,0.0
2019-10-18 00:00:00-04:00,14.606601296331519,14.943892598476111,14.381740428235124,14.859569549560547,315200,0.0,0.0
2019-10-21 00:00:00-04:00,14.981370967022809,14.990740394213454,14.700294405927755,14.850202560424805,32700,0.0,0.0
2019-10-22 00:00:00-04:00,14.494173289199008,14.850203503391109,14.494173289199008,14.719034194946289,47400,0.0,0.0
2019-10-23 00:00:00-04:00,14.5316486000168,14.672186428156834,14.5316486000168,14.662817001342773,14000,0.0,0.0
2019-10-24 00:00:00-04:00,14.57849526121068,14.775248762394398,14.57849526121068,14.672186851501465,44800,0.0,0.0
2019-10-25 00:00:00-04:00,14.709662977521871,15.412354786145885,14.709662977521871,14.89704704284668,40600,0.0,0.0
2019-10-28 00:00:00-04:00,15.000108948913601,15.000108948913601,14.812724883588793,14.89704704284668,14200,0.0,0.0
2019-10-29 00:00:00-04:00,14.812725174154519,14.981370389496131,14.747140079866044,14.793986320495605,15100,0.0,0.0
2019-10-30 00:00:00-04:00,14.719032818022388,14.859570647588068,14.644079189784994,14.709663391113281,30000,0.0,0.0
2019-10-31 00:00:00-04:00,14.71903294459223,14.71903294459223,14.503540591418394,14.625340461730957,36100,0.0,0.0
2019-11-01 00:00:00-04:00,14.79398556525022,15.243708201410485,14.541017308393181,15.168754577636719,48900,0.0,0.0
2019-11-04 00:00:00-05:00,15.309294676183145,15.421724235050693,15.11254026761151,15.374878883361816,39400,0.0,0.0
2019-11-05 00:00:00-05:00,15.44983117230258,15.44983117230258,15.121908377942098,15.234339714050293,32300,0.0,0.0
2019-11-06 00:00:00-05:00,15.140646495288026,15.290553744783125,15.084431723486208,15.196861267089844,24700,0.0,0.0
2019-11-07 00:00:00-05:00,15.178123566846121,15.412353857772542,15.150015288602244,15.224968910217285,26000,0.0,0.0
2019-11-08 00:00:00-05:00,15.121907010358365,15.281183679669743,15.121907010358365,15.224968910217285,29600,0.0,0.0
2019-11-11 00:00:00-05:00,15.150017272724497,15.318663390203909,15.121908990799417,15.27181625366211,20100,0.0,0.0
2019-11-12 00:00:00-05:00,15.224970161951978,15.384246844358431,15.224970161951978,15.318662643432617,24400,0.0,0.0
2019-11-13 00:00:00-05:00,15.224970287121653,15.384246970837577,15.224970287121653,15.234339714050293,24800,0.0,0.0
2019-11-14 00:00:00-05:00,15.15882735992904,15.451433677197286,15.15882735992904,15.366483688354492,25000,0.12,0.0
2019-11-15 00:00:00-05:00,15.47031059155141,15.545821495341604,15.404238775775235,15.47974967956543,12700,0.0,0.0
2019-11-18 00:00:00-05:00,15.394801013675814,15.555261923090306,15.338168281036026,15.489190101623535,57800,0.0,0.0
2019-11-19 00:00:00-05:00,15.526944737873274,15.57413837646106,15.441994748157734,15.47031021118164,43300,0.0,0.0
2019-11-20 00:00:00-05:00,15.55525896675405,15.574137140820147,15.366482627058382,15.413676261901855,27200,0.0,0.0
2019-11-21 00:00:00-05:00,15.517506075324038,15.517506075324038,15.300410651034104,15.309849739074707,13800,0.0,0.0
2019-11-22 00:00:00-05:00,15.432555201605819,15.479748838790659,15.309848864410265,15.385359764099121,7400,0.0,0.0
2019-11-25 00:00:00-05:00,15.338167206649493,15.980010799348495,15.338167206649493,15.951693534851074,14700,0.0,0.0
2019-11-26 00:00:00-05:00,16.027204049674758,16.753997617850317,15.772354076368218,16.35756492614746,28400,0.0,0.0
2019-11-27 00:00:00-05:00,16.480268376239152,16.480268376239152,15.951692089113887,16.03664207458496,10100,0.0,0.0
2019-11-29 00:00:00-05:00,16.159348747797697,16.159348747797697,15.744037899052866,15.800670623779297,8100,0.0,0.0
2019-12-02 00:00:00-05:00,15.970571213759785,15.970571213759785,15.61189487624045,15.668527603149414,10700,0.0,0.0
2019-12-03 00:00:00-05:00,15.357046073826453,15.555261533259282,15.357046073826453,15.526946067810059,7900,0.0,0.0
2019-12-04 00:00:00-05:00,15.564700954514645,15.819550950936971,15.5458227769303,15.659090042114258,8100,0.0,0.0
2019-12-05 00:00:00-05:00,15.706282535513951,15.725160711715764,15.65908889533139,15.677967071533203,5500,0.0,0.0
2019-12-06 00:00:00-05:00,15.857305332448673,16.178227146586128,15.781794423258805,15.87618350982666,15700,0.0,0.0
2019-12-09 00:00:00-05:00,16.01776384730691,16.01776384730691,15.810109328127947,15.83842658996582,6600,0.0,0.0
2019-12-10 00:00:00-05:00,15.828988611822917,15.942254066467285,15.81954952388223,15.942254066467285,3700,0.0,0.0
2019-12-11 00:00:00-05:00,15.961130523671406,16.131030487665257,15.819547820450447,15.970569610595703,4700,0.0,0.0
2019-12-12 00:00:00-05:00,16.16878826727934,16.300933710314425,15.67796825135024,16.10271644592285,7000,0.0,0.0
2019-12-13 00:00:00-05:00,16.310372214067524,16.876703119849875,15.998889495758412,16.72568130493164,31300,0.0,0.0
2019-12-16 00:00:00-05:00,16.725679125110545,16.791752735807833,16.518024606741648,16.66904640197754,14000,0.0,0.0
2019-12-17 00:00:00-05:00,16.555780576388354,16.895578707722812,16.508585141257342,16.706802368164062,13900,0.0,0.0
2019-12-18 00:00:00-05:00,16.829509302962727,16.829509302962727,16.37644386291504,16.37644386291504,13700,0.0,0.0
2019-12-19 00:00:00-05:00,16.52746436599802,16.56521891618121,16.19710350036621,16.19710350036621,6500,0.0,0.0
2019-12-20 00:00:00-05:00,16.19710452726361,16.50858723739091,16.064960892761725,16.272615432739258,46700,0.0,0.0
2019-12-23 00:00:00-05:00,16.159350474103825,16.28205502417328,16.093276854488828,16.187665939331055,16200,0.0,0.0
2019-12-24 00:00:00-05:00,16.017765946679457,16.187665939331055,16.017765946679457,16.187665939331055,3700,0.0,0.0
2019-12-26 00:00:00-05:00,16.42363928506598,16.584100204186466,16.25373927654756,16.470834732055664,9600,0.0,0.0
2019-12-27 00:00:00-05:00,16.461393475763497,16.60297619745088,16.348126218220404,16.36700439453125,6200,0.0,0.0
2019-12-30 00:00:00-05:00,16.584097749664316,16.584097749664316,16.272615046922144,16.31037139892578,4900,0.0,0.0
2019-12-31 00:00:00-05:00,16.102714200073084,16.4897077857488,16.102714200073084,16.385881423950195,9000,0.0,0.0
2020-01-02 00:00:00-05:00,16.574659693625254,16.574659693625254,16.093276977539062,16.093276977539062,10200,0.0,0.0
2020-01-03 00:00:00-05:00,16.027202715590544,16.027202715590544,15.781791850647712,15.93281364440918,12800,0.0,0.0
2020-01-06 00:00:00-05:00,15.838429128521314,15.989450948551854,15.659090042114258,15.659090042114258,9300,0.0,0.0
2020-01-07 00:00:00-05:00,15.61189368261825,15.640209143746882,15.394798278808594,15.394798278808594,10100,0.0,0.0
2020-01-08 00:00:00-05:00,15.47974967956543,15.574138759383661,15.460871503537392,15.47974967956543,7200,0.0,0.0
2020-01-09 00:00:00-05:00,15.508066064691405,15.677966038670789,15.508066064691405,15.602455139160156,10300,0.0,0.0
2020-01-10 00:00:00-05:00,15.54582042558964,15.60245494977657,15.404237715765978,15.574137687683105,25400,0.0,0.0
2020-01-13 00:00:00-05:00,15.508066818148716,15.989449501037598,15.309849572101793,15.989449501037598,17400,0.0,0.0
2020-01-14 00:00:00-05:00,15.857304041281168,15.932814944322624,15.583577692876618,15.696843147277832,14400,0.0,0.0
2020-01-15 00:00:00-05:00,15.630770683288574,15.86674247053765,15.536381608324573,15.630770683288574,6200,0.0,0.0
2020-01-16 00:00:00-05:00,15.753477976018484,15.81011070430195,15.545821638442485,15.677967071533203,9700,0.0,0.0
2020-01-17 00:00:00-05:00,15.791231994479924,15.800671082261863,15.338166582878316,15.47031021118164,21000,0.0,0.0
2020-01-21 00:00:00-05:00,14.743518388131939,15.545821991551888,14.743518388131939,15.441995620727539,11400,0.0,0.0
2020-01-22 00:00:00-05:00,15.272095255579343,15.545821608693938,15.272095255579343,15.43255615234375,12200,0.0,0.0
2020-01-23 00:00:00-05:00,15.272093746500346,15.470309175687929,15.19658284962101,15.394798278808594,30200,0.0,0.0
2020-01-24 00:00:00-05:00,15.3098491622447,15.432555501827357,15.290972787196662,15.366483688354492,11400,0.0,0.0
2020-01-27 00:00:00-05:00,15.272095680236816,15.46087204617692,15.272095680236816,15.272095680236816,10000,0.0,0.0
2020-01-28 00:00:00-05:00,15.290972791044053,15.33816642915886,15.16826645143052,15.31928825378418,10900,0.0,0.0
2020-01-29 00:00:00-05:00,15.177707361013491,15.375924625597376,15.121074628413284,15.243779182434082,8500,0.0,0.0
2020-01-30 00:00:00-05:00,15.102194827731463,15.300410270690918,15.007805749993757,15.300410270690918,18700,0.0,0.0
2020-01-31 00:00:00-05:00,15.168265318168471,15.847865178307089,15.149387144204228,15.338165283203125,33700,0.0,0.0
2020-02-03 00:00:00-05:00,15.319287109238884,15.413676178738331,15.243776213703677,15.338165283203125,23500,0.0,0.0
2020-02-04 00:00:00-05:00,15.460870968450498,15.460870968450498,15.30984916609684,15.31928825378418,13600,0.0,0.0
2020-02-05 00:00:00-05:00,15.394800829470292,15.58357900310692,15.394800829470292,15.460872650146484,22300,0.0,0.0
2020-02-06 00:00:00-05:00,15.517505956162168,15.583577771617046,15.30984962150747,15.4042387008667,19900,0.0,0.0
2020-02-07 00:00:00-05:00,15.413676178738331,15.413676178738331,15.319287109238884,15.338165283203125,8200,0.0,0.0
2020-02-10 00:00:00-05:00,15.338166126914283,15.385359764099121,15.281533402228105,15.385359764099121,10800,0.0,0.0
2020-02-11 00:00:00-05:00,15.40423824264835,15.47974914382518,15.31928825378418,15.31928825378418,10900,0.0,0.0
2020-02-12 00:00:00-05:00,15.40423824264835,15.40423824264835,15.290972791044053,15.31928825378418,13100,0.0,0.0
2020-02-13 00:00:00-05:00,15.309850305376553,15.366484835715044,15.234339398580593,15.347606658935547,11700,0.0,0.0
2020-02-14 00:00:00-05:00,15.338168270315833,15.347607359136218,15.206024627474648,15.243779182434082,9800,0.0,0.0
2020-02-18 00:00:00-05:00,15.262657360074854,15.290974626536013,15.102196450772512,15.243779182434082,13400,0.0,0.0
2020-02-19 00:00:00-05:00,15.338871948707865,15.338871948707865,15.110644340515137,15.110644340515137,10300,0.12,0.0
2020-02-20 00:00:00-05:00,15.129664703279037,15.376912743724356,15.129664703279037,15.300836563110352,14400,0.0,0.0
2020-02-21 00:00:00-05:00,15.395930652054517,15.395930652054517,15.215249061584473,15.215249061584473,16600,0.0,0.0
2020-02-24 00:00:00-05:00,15.072607538096655,15.21525014545042,14.92996402384331,15.025059700012207,17900,0.0,0.0
2020-02-25 00:00:00-05:00,15.11064575979616,15.120154601976836,14.739773707762163,14.834869384765625,15900,0.0,0.0
2020-02-26 00:00:00-05:00,15.053586485857295,15.053586485857295,14.787319889735166,14.844376564025879,28600,0.0,0.0
2020-02-27 00:00:00-05:00,14.673207320350375,15.0345696243471,14.50203546400993,14.739773750305176,31600,0.0,0.0
2020-02-28 00:00:00-05:00,14.47350598820499,14.796830177307129,14.264296058744867,14.796830177307129,39700,0.0,0.0
2020-03-02 00:00:00-05:00,14.815849929367687,14.84437826979123,14.311845016353653,14.739773750305176,24400,0.0,0.0
2020-03-03 00:00:00-05:00,14.625658131246741,14.625658131246741,13.998029258483536,14.112143516540527,24300,0.0,0.0
2020-03-04 00:00:00-05:00,14.264295713108066,14.920452916875258,13.883914856851648,14.397429466247559,42200,0.0,0.0
2020-03-05 00:00:00-05:00,14.197730399323989,14.463997019508152,13.551081986262881,13.788820266723633,25100,0.0,0.0
2020-03-06 00:00:00-05:00,13.570100890269401,14.349882125854492,13.085114601693515,14.349882125854492,25400,0.0,0.0
2020-03-09 00:00:00-04:00,12.990018857538027,13.627157490248855,12.856886007472765,13.313343048095703,27200,0.0,0.0
2020-03-10 00:00:00-04:00,13.54157063369545,13.959990465617757,12.105631372111175,12.476503372192383,21500,0.0,0.0
2020-03-11 00:00:00-04:00,12.267295049144527,12.267295049144527,10.669694402890558,10.717242240905762,17100,0.0,0.0
2020-03-12 00:00:00-04:00,10.536560114207342,10.574598201349264,8.140158810467172,9.471492767333984,44300,0.0,0.0
2020-03-13 00:00:00-04:00,8.872391483333654,11.449474168746825,8.862881735607166,10.669692993164062,29600,0.0,0.0
2020-03-16 00:00:00-04:00,9.67119177786426,10.964487490635605,8.862881390570031,10.108630180358887,37800,0.0,0.0
2020-03-17 00:00:00-04:00,10.964489374677338,14.264297001659871,9.728250119820235,13.665196418762207,37300,0.0,0.0
2020-03-18 00:00:00-04:00,12.248276172916928,12.505033041181955,8.701220598918296,8.76778793334961,28300,0.0,0.0
2020-03-19 00:00:00-04:00,9.062581549983756,9.062581549983756,7.683699924891698,8.691710472106934,53800,0.0,0.0
2020-03-20 00:00:00-04:00,8.501520324881206,9.78530737413856,8.111629698530326,8.701220512390137,55700,0.0,0.0
2020-03-23 00:00:00-04:00,8.910429911982728,8.910429911982728,7.25577183335146,7.407924175262451,48500,0.0,0.0
2020-03-24 00:00:00-04:00,8.140158558054575,8.805825515846772,7.778796287961781,8.65367317199707,32400,0.0,0.0
2020-03-25 00:00:00-04:00,8.492010837679368,9.347868200868554,8.492010837679368,8.710729598999023,16300,0.0,0.0
2020-03-26 00:00:00-04:00,9.034054475037234,10.042065162866665,8.919940211548921,9.99451732635498,39900,0.0,0.0
2020-03-27 00:00:00-04:00,9.005525968605566,10.070593314944944,9.005525968605566,9.309830665588379,55500,0.0,0.0
2020-03-30 00:00:00-04:00,9.54756887549227,10.365388196829226,9.26228277045395,10.051573753356934,24800,0.0,0.0
2020-03-31 00:00:00-04:00,9.842364978367556,10.317841529846191,9.538059368729536,10.317841529846191,48800,0.0,0.0
2020-04-01 00:00:00-04:00,9.328849961796601,10.251273781395515,8.273291479784122,8.625144004821777,49100,0.0,0.0
2020-04-02 00:00:00-04:00,8.225743475492209,9.005525588989258,8.130648715143444,9.005525588989258,23800,0.0,0.0
2020-04-03 00:00:00-04:00,8.615635055404393,8.615635055404393,8.064081450560847,8.168686866760254,19500,0.0,0.0
2020-04-06 00:00:00-04:00,8.577596832991398,9.42394445589445,8.43495333323619,8.61563491821289,55500,0.0,0.0
2020-04-07 00:00:00-04:00,8.53004916736133,9.500020813019749,8.31132949286514,9.461982727050781,46100,0.0,0.0
2020-04-08 00:00:00-04:00,9.22424420564824,9.775796890258789,9.22424420564824,9.775796890258789,20500,0.0,0.0
2020-04-09 00:00:00-04:00,9.785306174297558,10.736259158804218,9.309829682044228,9.728248596191406,22700,0.0,0.0
2020-04-13 00:00:00-04:00,9.481001930537426,10.118140531005706,9.442963845743774,9.452472686767578,23400,0.0,0.0
2020-04-14 00:00:00-04:00,9.709231895292229,10.108632298969253,9.271793401117373,9.338359832763672,11400,0.0,0.0
2020-04-15 00:00:00-04:00,9.043563094136056,9.053072841630492,8.320838608748861,8.406424522399902,27500,0.0,0.0
2020-04-16 00:00:00-04:00,8.225743229602294,8.368386726210682,7.607624131664353,7.788304805755615,66500,0.0,0.0
2020-04-17 00:00:00-04:00,7.940458520896129,8.520539568839027,7.78830526744762,8.368387222290039,66900,0.0,0.0
2020-04-20 00:00:00-04:00,8.064081309914323,8.634653494270303,8.064081309914323,8.453972816467285,50900,0.0,0.0
2020-04-21 00:00:00-04:00,8.054573220143363,8.587106462111766,8.054573220143363,8.415935516357422,30100,0.0,0.0
2020-04-22 00:00:00-04:00,8.43495339739457,8.530049064621364,8.301819644656959,8.425443649291992,16800,0.0,0.0
2020-04-23 00:00:00-04:00,8.311329645522155,8.67269192231436,8.311329645522155,8.530049324035645,23400,0.0,0.0
2020-04-24 00:00:00-04:00,8.492011722378278,9.271792997050563,8.415935544698034,9.129150390625,18700,0.0,0.0
2020-04-27 00:00:00-04:00,9.271793099057193,10.31784191401835,9.16718858032091,9.813836097717285,25100,0.0,0.0
2020-04-28 00:00:00-04:00,10.194218635559082,10.260785069858088,9.243265428317741,10.194218635559082,12900,0.0,0.0
2020-04-29 00:00:00-04:00,10.717241708210183,11.554079625324983,10.717241708210183,11.088112831115723,29900,0.0,0.0
2020-04-30 00:00:00-04:00,10.555580139160156,11.1736993128562,10.156179750744394,10.555580139160156,34300,0.0,0.0
2020-05-01 00:00:00-04:00,10.26078376067518,10.365388273641265,9.309830674766824,9.63315486907959,33600,0.0,0.0
2020-05-04 00:00:00-04:00,9.490510740772912,9.55707806912046,9.40492573043945,9.547568321228027,9500,0.0,0.0
2020-05-05 00:00:00-04:00,9.747269243807406,9.975497769421152,8.672692135418254,8.796316146850586,24500,0.0,0.0
2020-05-06 00:00:00-04:00,8.767787641511424,8.976996665904664,8.672691970860296,8.758277893066406,22500,0.0,0.0
2020-05-07 00:00:00-04:00,8.90092078841312,9.053074047899296,8.663182510771643,8.76778793334961,17500,0.0,0.0
2020-05-08 00:00:00-04:00,9.04356392068893,9.186206518544786,8.986506337406876,9.015034675598145,33600,0.0,0.0
2020-05-11 00:00:00-04:00,8.767787766990352,9.015034881802581,8.710730182403198,8.72974967956543,30600,0.0,0.0
2020-05-12 00:00:00-04:00,8.853374972261333,8.986507844074499,8.577598571777344,8.577598571777344,29100,0.0,0.0
2020-05-13 00:00:00-04:00,8.47299186056114,8.653673454965435,8.320839511736175,8.339859008789062,23700,0.0,0.0
2020-05-14 00:00:00-04:00,8.204878658434207,8.436273364323101,7.713164218809692,8.243444442749023,39600,0.12,0.0
2020-05-15 00:00:00-04:00,8.262727228533043,8.455557077834584,8.137388194279389,8.39770793914795,14400,0.0,0.0
2020-05-18 00:00:00-04:00,8.71587568342217,9.159382670565632,8.71587568342217,8.947270393371582,48300,0.0,0.0
2020-05-19 00:00:00-04:00,8.802647603451025,8.918344940996539,8.253085020239658,8.28200912475586,27200,0.0,0.0
2020-05-20 00:00:00-04:00,8.551970072576628,8.889421349503092,8.484480184983639,8.658025741577148,27800,0.0,0.0
2020-05-21 00:00:00-04:00,8.494122254912465,8.87978008690861,8.243444204374573,8.301292419433594,56600,0.0,0.0
2020-05-22 00:00:00-04:00,8.35914120956768,8.407348666451197,8.01204917507172,8.1373872756958,33000,0.0,0.0
2020-05-26 00:00:00-04:00,8.561613053541624,8.561613053541624,7.886711316239296,8.079540252685547,180100,0.0,0.0
2020-05-27 00:00:00-04:00,8.359142354881053,9.24615637293973,8.16631342040762,9.08225154876709,36400,0.0,0.0
2020-05-28 00:00:00-04:00,9.265436943161307,10.113885003683531,9.12081550126304,9.834282875061035,38900,0.0,0.0
2020-05-29 00:00:00-04:00,9.863208688936357,10.046396861201902,9.506474940211865,9.64145565032959,21000,0.0,0.0
2020-06-01 00:00:00-04:00,9.728228183664273,10.123527689172164,9.651096617686187,9.824642181396484,70200,0.0,0.0
2020-06-02 00:00:00-04:00,9.998188824548242,10.123527851138125,9.72822833930585,10.036754608154297,65000,0.0,0.0
2020-06-03 00:00:00-04:00,10.354922202946382,10.354922202946382,9.80535957525617,9.872849464416504,32800,0.0,0.0
2020-06-04 00:00:00-04:00,9.689662413437084,10.07532024383545,9.689662413437084,10.07532024383545,20100,0.0,0.0
2020-06-05 00:00:00-04:00,10.702014689760745,11.078030820713586,10.19101694749648,11.020182609558105,30300,0.0,0.0
2020-06-08 00:00:00-04:00,11.30942489014563,11.328708239137445,10.865918897102135,11.184086799621582,22000,0.0,0.0
2020-06-09 00:00:00-04:00,11.08767386408898,11.907197952270508,10.644166872746188,11.907197952270508,72400,0.0,0.0
2020-06-10 00:00:00-04:00,11.830066686081642,11.955404802106768,10.711657042985209,10.836996078491211,34500,0.0,0.0
2020-06-11 00:00:00-04:00,10.277790130517513,10.277790130517513,9.159381579505355,9.496832847595215,34300,0.0,0.0
2020-06-12 00:00:00-04:00,9.969265259615254,9.969265259615254,9.255797764309156,9.651097297668457,23700,0.0,0.0
2020-06-15 00:00:00-04:00,9.352210890437458,10.287432255325436,9.352210890437458,9.892132759094238,20400,0.0,0.0
2020-06-16 00:00:00-04:00,10.345281244456716,10.345281244456716,9.882491824746234,10.191018104553223,31900,0.0,0.0
2020-06-17 00:00:00-04:00,9.969263561785265,10.02711177075229,9.805358770577524,9.834282875061035,7700,0.0,0.0
2020-06-18 00:00:00-04:00,9.699303565050203,10.113885480459938,9.651096108984676,9.708944320678711,53800,0.0,0.0
2020-06-19 00:00:00-04:00,9.901774717793662,9.901774717793662,9.48719185891809,9.564323425292969,50800,0.0,0.0
2020-06-22 00:00:00-04:00,9.429342905722057,9.90177490820402,9.41006047349794,9.766794204711914,13000,0.0,0.0
2020-06-23 00:00:00-04:00,9.92105709860949,9.998188664587575,9.622171590833808,9.824642181396484,32300,0.0,0.0
2020-06-24 00:00:00-04:00,9.708945032718606,9.708945032718606,9.332928870688665,9.525757789611816,26800,0.0,0.0
2020-06-25 00:00:00-04:00,9.429342098203959,9.737869262695312,9.371493887004837,9.737869262695312,39600,0.0,0.0
2020-06-26 00:00:00-04:00,9.564323437717695,11.203370604534307,9.342569494491245,10.567034721374512,150500,0.0,0.0
2020-06-29 00:00:00-04:00,10.277790887352568,10.750221961882623,10.277790887352568,10.567034721374512,41700,0.0,0.0
2020-06-30 00:00:00-04:00,10.45133784344571,10.779147475502848,10.45133784344571,10.692374229431152,19700,0.0,0.0
2020-07-01 00:00:00-04:00,10.6056004635338,10.6056004635338,10.017472041569103,10.325998306274414,46800,0.0,0.0
2020-07-02 00:00:00-04:00,10.615243069234028,10.615243069234028,10.0946044921875,10.0946044921875,32900,0.0,0.0
2020-07-06 00:00:00-04:00,10.345280339412252,10.345280339412252,10.036754086596313,10.181376457214355,8600,0.0,0.0
2020-07-07 00:00:00-04:00,10.142810730782609,10.40312952814183,9.390776606232043,9.400418281555176,20400,0.0,0.0
2020-07-08 00:00:00-04:00,9.390776981207702,9.448626115975662,8.84121433857571,9.053326606750488,15900,0.0,0.0
2020-07-09 00:00:00-04:00,9.062967511438034,9.506474486988115,8.937629403102436,9.014760971069336,58000,0.0,0.0
2020-07-10 00:00:00-04:00,9.072608703450925,9.390776634216309,9.06296702809906,9.390776634216309,45500,0.0,0.0
2020-07-13 00:00:00-04:00,9.45826776801675,9.45826776801675,9.159382258178326,9.304003715515137,23200,0.0,0.0
2020-07-14 00:00:00-04:00,9.169023279464765,9.226871490478516,8.812289579944192,9.226871490478516,10800,0.0,0.0
2020-07-15 00:00:00-04:00,9.564323112626798,9.564323112626798,9.23651350650955,9.390776634216309,31400,0.0,0.0
2020-07-16 00:00:00-04:00,9.36185342069118,9.535399915656686,9.217231954540495,9.41006088256836,20100,0.0,0.0
2020-07-17 00:00:00-04:00,9.36185265731776,9.487191680185836,8.985835588713533,9.101532936096191,30700,0.0,0.0
2020-07-20 00:00:00-04:00,8.995477500200566,9.255797228251776,8.918345933255203,9.043684959411621,8400,0.0,0.0
2020-07-21 00:00:00-04:00,9.140098878993362,9.33292871416332,9.120816447164845,9.313645362854004,23100,0.0,0.0
2020-07-22 00:00:00-04:00,9.18830600083979,9.304003346010527,9.034042873945474,9.149740219116211,12700,0.0,0.0
2020-07-23 00:00:00-04:00,9.072609337199324,9.38113561416431,8.96655365936282,8.976195335388184,9800,0.0,0.0
2020-07-24 00:00:00-04:00,9.284720914889121,9.313645021311613,9.120816112693719,9.149740219116211,12500,0.0,0.0
2020-07-27 00:00:00-04:00,9.111174121688583,9.236513137817383,9.082250016268315,9.236513137817383,30200,0.0,0.0
2020-07-28 00:00:00-04:00,9.140098172543292,9.342568748237895,9.140098172543292,9.255796432495117,7500,0.0,0.0
2020-07-29 00:00:00-04:00,9.20759018837493,9.516116470207361,9.178666079323351,9.429343223571777,15200,0.0,0.0
2020-07-30 00:00:00-04:00,9.304003312004287,10.036754081554841,9.17866521147134,9.41970157623291,24800,0.0,0.0
2020-07-31 00:00:00-04:00,9.313644882357478,9.564322919561155,8.870137939412801,8.937628746032715,21400,0.0,0.0
2020-08-03 00:00:00-04:00,9.072609038685938,9.361852873564125,8.995477471982529,9.053326606750488,30000,0.0,0.0
2020-08-04 00:00:00-04:00,8.947270159487685,9.053326755052785,8.870138591520785,9.014760971069336,13200,0.0,0.0
2020-08-05 00:00:00-04:00,9.014760130460783,9.27507891820465,8.927986894719249,9.236513137817383,35300,0.0,0.0
2020-08-06 00:00:00-04:00,9.41006088256836,9.573965701262258,9.169024492663315,9.41006088256836,27500,0.0,0.0
2020-08-07 00:00:00-04:00,9.44862639808463,9.747510998113977,9.304004016587122,9.477550506591797,102500,0.0,0.0
2020-08-10 00:00:00-04:00,9.477550655508928,9.94998175296608,9.477550655508928,9.68966293334961,44100,0.0,0.0
2020-08-11 00:00:00-04:00,9.863208138400632,9.978906408889804,9.535399436950684,9.535399436950684,88700,0.0,0.0
2020-08-12 00:00:00-04:00,9.737870422354547,10.142811626894808,9.708945393829636,9.930699348449707,153300,0.0,0.0
2020-08-13 00:00:00-04:00,10.018494940003693,10.086780388605412,9.774617274632458,9.862412452697754,45600,0.12,0.0
2020-08-14 00:00:00-04:00,9.833147488918518,10.4574746532522,9.774617369639422,10.320902824401855,68000,0.0,0.0
2020-08-17 00:00:00-04:00,10.262373265240917,10.281882995958961,10.145311159654556,10.15506649017334,26800,0.0,0.0
2020-08-18 00:00:00-04:00,10.028249396373877,10.35992317200841,9.959963947385404,9.998984336853027,52900,0.0,0.0
2020-08-19 00:00:00-04:00,10.086780248847488,10.301392851890048,9.911188034510896,10.008739471435547,21900,0.0,0.0
2020-08-20 00:00:00-04:00,9.881923182545346,9.998984351115187,9.725841624452224,9.813637733459473,15900,0.0,0.0
2020-08-21 00:00:00-04:00,9.80388233661232,10.008739612791782,9.35514739499633,9.491718292236328,38000,0.0,0.0
2020-08-24 00:00:00-04:00,9.550249643306325,9.794127316455432,9.550249643306325,9.755106925964355,11200,0.0,0.0
2020-08-25 00:00:00-04:00,9.852657960746246,9.852657960746246,9.56975990878087,9.589269638061523,17400,0.0,0.0
2020-08-26 00:00:00-04:00,9.589270822257044,9.784372790754322,9.228331947957185,9.394168853759766,19900,0.0,0.0
2020-08-27 00:00:00-04:00,9.46245345108992,9.599025281798905,9.286862160543489,9.481964111328125,45900,0.0,0.0
2020-08-28 00:00:00-04:00,9.520984337883784,9.657555235926557,9.374657179570068,9.628290176391602,17500,0.0,0.0
2020-08-31 00:00:00-04:00,9.686820771006378,9.735595557834946,9.48196350324034,9.511228561401367,41100,0.0,0.0
2020-09-01 00:00:00-04:00,9.452697857166172,9.62829007313168,9.452697857166172,9.540493965148926,27300,0.0,0.0
2020-09-02 00:00:00-04:00,9.628290856849032,9.911188933198696,9.608781125886747,9.87216854095459,198000,0.0,0.0
2020-09-03 00:00:00-04:00,9.852658516074303,10.067270201854974,9.638045899974125,9.794127464294434,21700,0.0,0.0
2020-09-04 00:00:00-04:00,9.989229108276959,10.37943393723246,9.67706598936814,10.086780548095703,112500,0.0,0.0
2020-09-08 00:00:00-04:00,9.998985066920104,10.35016859777007,9.901433620968678,10.194087028503418,31700,0.0,0.0
2020-09-09 00:00:00-04:00,10.272127566249347,10.350168349006987,9.950209104794205,10.067270278930664,167300,0.0,0.0
2020-09-10 00:00:00-04:00,10.047760451745484,10.203842015759319,9.998984730411284,10.16482162475586,105100,0.0,0.0
2020-09-11 00:00:00-04:00,10.29163722576139,10.67208577210881,10.194085791645966,10.301392555236816,50100,0.0,0.0
2020-09-14 00:00:00-04:00,10.457475173989986,10.730617914972548,10.408699451948934,10.71110725402832,39300,0.0,0.0
2020-09-15 00:00:00-04:00,10.70135295062646,10.867189848873652,10.662332558704739,10.798903465270996,47600,0.0,0.0
2020-09-16 00:00:00-04:00,10.8184132296896,11.306168553442463,10.8184132296896,10.935474395751953,26100,0.0,0.0
2020-09-17 00:00:00-04:00,10.915963839351027,11.481760876142259,10.828168661714614,11.023270606994629,132000,0.0,0.0
2020-09-18 00:00:00-04:00,11.111066618056416,11.111066618056416,10.242861806232208,10.379433631896973,211500,0.0,0.0
2020-09-21 00:00:00-04:00,10.252617240403493,10.272126969800318,9.667310473387403,9.725841522216797,46600,0.0,0.0
2020-09-22 00:00:00-04:00,9.774617021681275,9.872167527113643,9.638045197692632,9.735595703125,43400,0.0,0.0
2020-09-23 00:00:00-04:00,9.950208515522142,9.950208515522142,9.511228905927828,9.540493965148926,29500,0.0,0.0
2020-09-24 00:00:00-04:00,9.794127183911193,9.803882513981817,9.481964064207085,9.530739784240723,34200,0.0,0.0
2020-09-25 00:00:00-04:00,9.530740007527928,9.86241286482427,9.530740007527928,9.65755558013916,37300,0.0,0.0
2020-09-28 00:00:00-04:00,9.998985160230406,10.418455079288668,9.81363852757649,10.281883239746094,43600,0.0,0.0
2020-09-29 00:00:00-04:00,10.077025111278514,10.476984335722527,10.04776005177076,10.369678497314453,14400,0.0,0.0
2020-09-30 00:00:00-04:00,10.447719843517872,11.02327131689934,10.447719843517872,10.71110725402832,23900,0.0,0.0
2020-10-01 00:00:00-04:00,10.535515619170958,10.769637961074439,10.535515619170958,10.681841850280762,27200,0.0,0.0
2020-10-02 00:00:00-04:00,10.564780426783097,10.964739650553916,10.564780426783097,10.925719261169434,35300,0.0,0.0
2020-10-05 00:00:00-04:00,10.808658338960022,11.120821461138958,10.750128218711215,11.052536010742188,31600,0.0,0.0
2020-10-06 00:00:00-04:00,11.12082085671359,11.374453844858568,10.847678139652544,10.896453857421875,38800,0.0,0.0
2020-10-07 00:00:00-04:00,10.99400583319124,11.618332074295044,10.99400583319124,11.472005844116211,59100,0.0,0.0
2020-10-08 00:00:00-04:00,11.579311714548663,11.725638875430164,11.511026264328986,11.608576774597168,29800,0.0,0.0
2020-10-09 00:00:00-04:00,11.32567842222303,11.67686285505812,11.32567842222303,11.530535697937012,29400,0.0,0.0
2020-10-12 00:00:00-04:00,11.618331955936306,11.706128065276998,11.481761057245869,11.56955623626709,22400,0.0,0.0
2020-10-13 00:00:00-04:00,11.472006380331784,11.852454968707177,11.472006380331784,11.676863670349121,41100,0.0,0.0
2020-10-14 00:00:00-04:00,11.520781263767876,11.998781262224432,11.520781263767876,11.76465892791748,23200,0.0,0.0
2020-10-15 00:00:00-04:00,11.267148062969246,11.52078105230612,11.16959662697216,11.218372344970703,31800,0.0,0.0
2020-10-16 00:00:00-04:00,11.228127724454854,12.047556813444078,11.169596676533004,11.540290832519531,63100,0.0,0.0
2020-10-19 00:00:00-04:00,11.628087102522406,11.82318904780242,10.740372553758743,11.023270606994629,26200,0.0,0.0
2020-10-20 00:00:00-04:00,11.18910767612167,11.53053585336776,11.120821296416874,11.198862075805664,32800,0.0,0.0
2020-10-21 00:00:00-04:00,11.315924377860966,11.540291390041975,11.315924377860966,11.374454498291016,23400,0.0,0.0
2020-10-22 00:00:00-04:00,11.618331619194654,11.676862667165164,11.354944229125977,11.354944229125977,18700,0.0,0.0
2020-10-23 00:00:00-04:00,11.452495073978971,11.979270800013044,10.91596401794143,11.198862075805664,89900,0.0,0.0
2020-10-26 00:00:00-04:00,11.111067079530715,11.111067079530715,10.857434077184672,10.867189407348633,20200,0.0,0.0
2020-10-27 00:00:00-04:00,10.906210598021993,10.906210598021993,10.4964960042642,10.506251335144043,10600,0.0,0.0
2020-10-28 00:00:00-04:00,10.555024700690849,10.701351853130102,10.0575149872918,10.203841209411621,28700,0.0,0.0
2020-10-29 00:00:00-04:00,10.106290161418599,10.23310665959394,9.998984323109987,10.184330940246582,49900,0.0,0.0
2020-10-30 00:00:00-04:00,10.086780427923374,10.652576539364539,10.06726976806428,10.555025100708008,19300,0.0,0.0
2020-11-02 00:00:00-05:00,10.730617718904707,10.857434221766466,10.447719652619089,10.72086238861084,8000,0.0,0.0
2020-11-03 00:00:00-05:00,10.935475015528915,11.462250757824673,10.867189564035606,11.413475036621094,23900,0.0,0.0
2020-11-04 00:00:00-05:00,11.14033233840576,11.179352729438094,10.603801263971533,10.672086715698242,10500,0.0,0.0
2020-11-05 00:00:00-05:00,10.633066117574627,11.345189402944683,10.62331171774615,11.052536010742188,16700,0.0,0.0
2020-11-06 00:00:00-05:00,11.208617603980292,11.208617603980292,10.311147694822234,10.496495246887207,16500,0.0,0.0
2020-11-09 00:00:00-05:00,11.101311843479461,12.779190502806069,11.101311843479461,12.710904121398926,49800,0.0,0.0
2020-11-10 00:00:00-05:00,12.769433866578765,13.101107618487731,12.63286204805172,12.68163776397705,43000,0.0,0.0
2020-11-11 00:00:00-05:00,12.554822083745254,12.554822083745254,12.203638581027153,12.457271575927734,20900,0.0,0.0
2020-11-12 00:00:00-05:00,12.329252664166155,12.329252664166155,12.053517912922455,12.230775833129883,25800,0.12,0.0
2020-11-13 00:00:00-05:00,12.201233738481909,12.604987074430204,12.191385867082023,12.44742488861084,14900,0.0,0.0
2020-11-16 00:00:00-05:00,12.831481067327738,12.989043235778809,12.467118317998487,12.989043235778809,21300,0.0,0.0
2020-11-17 00:00:00-05:00,12.851177396022363,13.432188623131035,12.683767349596318,13.205692291259766,24800,0.0,0.0
2020-11-18 00:00:00-05:00,13.619293256453124,13.619293256453124,13.057977779755742,13.25493049621582,10200,0.0,0.0
2020-11-19 00:00:00-05:00,13.20569306778124,13.373103124051335,12.959501919048122,13.333712577819824,17900,0.0,0.0
2020-11-20 00:00:00-05:00,13.077672687969889,13.077672687969889,12.900415711289488,13.008739471435547,14400,0.0,0.0
2020-11-23 00:00:00-05:00,12.998891515458835,13.333711603533933,12.979196713354517,13.294321060180664,11500,0.0,0.0
2020-11-24 00:00:00-05:00,13.4420352583163,14.249542799488404,13.294320956677732,13.98365592956543,38700,0.0,0.0
2020-11-25 00:00:00-05:00,14.003351970006605,14.003351970006605,13.550360245714996,13.648836135864258,14000,0.0,0.0
2020-11-27 00:00:00-05:00,13.6882269443162,14.032894914361902,13.37310258711647,13.678380012512207,11600,0.0,0.0
2020-11-30 00:00:00-05:00,13.707922666801018,13.845790042452991,13.382950439112841,13.638989448547363,32000,0.0,0.0
2020-12-01 00:00:00-05:00,13.826094590289797,13.924571423411027,13.688227211749009,13.747313499450684,66800,0.0,0.0
2020-12-02 00:00:00-05:00,13.786704329234137,13.973809189050074,13.776856457889956,13.855637550354004,29600,0.0,0.0
2020-12-03 00:00:00-05:00,13.835942038522742,13.973808473704835,13.767007881787041,13.845789909362793,9200,0.0,0.0
2020-12-04 00:00:00-05:00,13.924570398818224,14.072284698486328,13.835941443359516,14.072284698486328,22500,0.0,0.0
2020-12-07 00:00:00-05:00,13.796551210024262,13.904874969598808,13.658683838538323,13.77685546875,59600,0.0,0.0
2020-12-08 00:00:00-05:00,13.727618092574959,14.072286077775848,13.727618092574959,13.973809242248535,12800,0.0,0.0
2020-12-09 00:00:00-05:00,14.131371708621776,14.219999729494042,13.865484828570997,14.082133293151855,31900,0.0,0.0
2020-12-10 00:00:00-05:00,13.954113092127203,14.151065805032164,13.84578933481563,14.111675262451172,24100,0.0,0.0
2020-12-11 00:00:00-05:00,13.924570584567853,13.993503800113235,13.81624588683125,13.98365592956543,7400,0.0,0.0
2020-12-14 00:00:00-05:00,14.052590773296716,14.101828250160752,13.786703890336499,13.91472339630127,24600,0.0,0.0
2020-12-15 00:00:00-05:00,13.924571134110854,14.219999749047291,13.767008016561515,14.1215238571167,53700,0.0,0.0
2020-12-16 00:00:00-05:00,14.151065783528598,14.505580666218815,14.032894155965192,14.072284698486328,35300,0.0,0.0
2020-12-17 00:00:00-05:00,14.239694950182026,14.239694950182026,13.806398976023148,14.023046493530273,20300,0.0,0.0
2020-12-18 00:00:00-05:00,14.249542636717853,14.702534346151529,13.87533201247746,14.554819107055664,116400,0.0,0.0
2020-12-21 00:00:00-05:00,14.4268000314934,14.4268000314934,13.934417765037725,14.013198852539062,14700,0.0,0.0
2020-12-22 00:00:00-05:00,14.062438206394175,14.062438206394175,13.914723892247912,13.973809242248535,16200,0.0,0.0
2020-12-23 00:00:00-05:00,14.131371274576718,14.180608749389648,14.091980731239593,14.180608749389648,10400,0.0,0.0
2020-12-24 00:00:00-05:00,14.062437459296595,14.604058147632628,14.062437459296595,14.367714881896973,10700,0.0,0.0
2020-12-28 00:00:00-05:00,14.269237698052612,14.889639459595502,14.269237698052612,14.584362983703613,18000,0.0,0.0
2020-12-29 00:00:00-05:00,14.584363193383238,14.751772300513117,14.377562603229098,14.535124778747559,19600,0.0,0.0
2020-12-30 00:00:00-05:00,14.57451549410603,14.584363364977962,14.397257574989885,14.407105445861816,61200,0.0,0.0
2020-12-31 00:00:00-05:00,14.338171979228681,14.554819499783628,14.279085694167106,14.377562522888184,26600,0.0,0.0
2021-01-04 00:00:00-05:00,14.338172715234542,14.377563260916038,13.904875773593409,13.944266319274902,74600,0.0,0.0
2021-01-05 00:00:00-05:00,14.0722853108311,14.623753869268343,14.062437439986141,14.328324317932129,46100,0.0,0.0
2021-01-06 00:00:00-05:00,14.584363389598444,15.332783733380229,14.584363389598444,14.929030418395996,34100,0.0,0.0
2021-01-07 00:00:00-05:00,15.066897162787779,15.263849876592305,14.889639250791397,15.07674503326416,18200,0.0,0.0
2021-01-08 00:00:00-05:00,15.057049445507758,15.224459488731055,14.377562341182621,14.50558090209961,19200,0.0,0.0
2021-01-11 00:00:00-05:00,14.505580715262147,15.017658708912853,14.308628001990574,14.594209671020508,13600,0.0,0.0
2021-01-12 00:00:00-05:00,14.544972748654306,14.771468142719911,14.495734333682975,14.732077598571777,15700,0.0,0.0
2021-01-13 00:00:00-05:00,14.613906524049591,14.692687615353524,14.190457453932444,14.426800727844238,14600,0.0,0.0
2021-01-14 00:00:00-05:00,14.407105523499826,14.672991464462214,14.377562849869486,14.564667701721191,14300,0.0,0.0
2021-01-15 00:00:00-05:00,14.426800087757202,14.643448548803118,14.042742519476544,14.091980934143066,17700,0.0,0.0
2021-01-19 00:00:00-05:00,14.160914419260457,14.160914419260457,13.658684270614891,13.678380012512207,29500,0.0,0.0
2021-01-20 00:00:00-05:00,13.914723185992809,14.052590560904516,13.767007940199269,13.963961601257324,21500,0.0,0.0
2021-01-21 00:00:00-05:00,14.003351713117807,14.229847101536274,13.619293212890625,13.619293212890625,22300,0.0,0.0
2021-01-22 00:00:00-05:00,13.570055110951198,14.210152626037598,13.540512437684027,14.210152626037598,35500,0.0,0.0
2021-01-25 00:00:00-05:00,14.032895226173984,14.08213364286669,13.688227248469733,13.826094627380371,26800,0.0,0.0
2021-01-26 00:00:00-05:00,13.845789968109285,14.151066452288886,13.786703681962939,13.963961601257324,29600,0.0,0.0
2021-01-27 00:00:00-05:00,13.599598369100766,13.757160541280808,12.949653000141156,13.540512084960938,43700,0.0,0.0
2021-01-28 00:00:00-05:00,13.796552018839613,13.954114201692178,13.343560273566142,13.461731910705566,14300,0.0,0.0
2021-01-29 00:00:00-05:00,13.550360171591647,13.550360171591647,12.989043750318332,13.04813003540039,19600,0.0,0.0
2021-02-01 00:00:00-05:00,13.048129847546512,13.38294993352028,12.792090847784852,13.136758804321289,24800,0.0,0.0
2021-02-02 00:00:00-05:00,13.23523577766664,13.491274798420854,13.195845231330969,13.412493705749512,23000,0.0,0.0
2021-02-03 00:00:00-05:00,13.402645374635073,13.451883790651836,13.146607301808311,13.432188987731934,17700,0.0,0.0
2021-02-04 00:00:00-05:00,13.481425600923677,14.032894134521484,13.451882928864123,14.032894134521484,14800,0.0,0.0
2021-02-05 00:00:00-05:00,14.219999864113733,14.357867240905762,14.032895010530318,14.357867240905762,24800,0.0,0.0
2021-02-08 00:00:00-05:00,14.367715297412936,14.761620751697484,14.357867426269651,14.7517728805542,18600,0.0,0.0
2021-02-09 00:00:00-05:00,14.594209915173463,14.76161995904113,14.56466724247465,14.584362983703613,33500,0.0,0.0
2021-02-10 00:00:00-05:00,14.702534845283736,14.702534845283736,14.574515342712402,14.574515342712402,24400,0.0,0.0
2021-02-11 00:00:00-05:00,14.673796270312243,14.673796270312243,14.236958359742843,14.375951766967773,25800,0.12,0.0
2021-02-12 00:00:00-05:00,14.316383361816406,14.44544934417211,14.19724575044689,14.316383361816406,15900,0.0,0.0
2021-02-16 00:00:00-05:00,14.534802814408698,14.892215649132101,14.296526644438188,14.832646369934082,63800,0.0,0.0
2021-02-17 00:00:00-05:00,14.713508376137169,14.842574355362071,14.524874066083264,14.534802436828613,18700,0.0,0.0
2021-02-18 00:00:00-05:00,14.45537725915091,14.51494558954575,14.197245302582502,14.217101097106934,26100,0.0,0.0
2021-02-19 00:00:00-05:00,14.246886730779359,14.564587029375286,14.21710161766981,14.375951766967773,17600,0.0,0.0
2021-02-22 00:00:00-05:00,14.296526063478627,14.644011459899776,14.296526063478627,14.614227294921875,23400,0.0,0.0
2021-02-23 00:00:00-05:00,14.644012161962175,15.011353370372468,14.465305269884139,14.66386890411377,19600,0.0,0.0
2021-02-24 00:00:00-05:00,14.673795693378187,15.388622283935547,14.673795693378187,15.388622283935547,17700,0.0,0.0
2021-02-25 00:00:00-05:00,15.368766047033256,15.378694418005258,14.902143973208057,15.28934097290039,60600,0.0,0.0
2021-02-26 00:00:00-05:00,15.170202920498737,15.269484733688143,15.041136942081124,15.190059661865234,29600,0.0,0.0
2021-03-01 00:00:00-05:00,15.497832073044071,15.557401352223014,15.239701054792851,15.31912612915039,16700,0.0,0.0
2021-03-02 00:00:00-05:00,15.32905287690112,15.845316784265439,15.209915270622016,15.527616500854492,31400,0.0,0.0
2021-03-03 00:00:00-05:00,15.51768856918794,16.4807187640422,15.51768856918794,16.11337661743164,32900,0.0,0.0
2021-03-04 00:00:00-05:00,15.398550749891758,15.418406544485437,14.743293432334072,15.219843864440918,544300,0.0,0.0
2021-03-05 00:00:00-05:00,15.388622227913222,15.706322512861442,15.05106520174497,15.58718490600586,306100,0.0,0.0
2021-03-08 00:00:00-05:00,16.13323420741463,16.401294553335276,15.597114462394948,16.282155990600586,145800,0.0,0.0
2021-03-09 00:00:00-05:00,16.282155058050783,16.580000501007003,16.172946766578967,16.540287017822266,146700,0.0,0.0
2021-03-10 00:00:00-05:00,16.957268889265244,17.334537506103516,16.68920856239319,17.334537506103516,78100,0.0,0.0
2021-03-11 00:00:00-05:00,17.364322519848837,17.77137624636227,16.917557204565913,17.731664657592773,74900,0.0,0.0
2021-03-12 00:00:00-05:00,17.7813059770015,17.870659425621064,17.284898770734248,17.801162719726562,71200,0.0,0.0
2021-03-15 00:00:00-04:00,17.721736233164695,17.80116130410552,16.877843670891508,17.21540069580078,55900,0.0,0.0
2021-03-16 00:00:00-04:00,17.215401752797828,17.374251904432615,16.92748466943279,17.04662322998047,48800,0.0,0.0
2021-03-17 00:00:00-04:00,17.056550976874963,17.562886526794614,16.99698264560298,17.54302978515625,71700,0.0,0.0
2021-03-18 00:00:00-04:00,17.582741997733972,17.969940898827833,17.413965368757562,17.53310203552246,60300,0.0,0.0
2021-03-19 00:00:00-04:00,17.443748546035458,17.632383810536336,17.106191501620483,17.50331687927246,160100,0.0,0.0
2021-03-22 00:00:00-04:00,17.443748048692807,17.443748048692807,16.89770090669521,17.116119384765625,55600,0.0,0.0
2021-03-23 00:00:00-04:00,16.967197807100348,17.10619121352689,16.580000807116036,16.778562545776367,59200,0.0,0.0
2021-03-24 00:00:00-04:00,16.967197462130006,17.543029711730707,16.95726909135238,16.99698257446289,59500,0.0,0.0
2021-03-25 00:00:00-04:00,16.957270008222682,17.284898687026697,16.947341636908234,17.225330352783203,55400,0.0,0.0
2021-03-26 00:00:00-04:00,17.46360451992936,17.46360451992936,17.145904231786602,17.394107818603516,60100,0.0,0.0
2021-03-29 00:00:00-04:00,17.245185441536087,17.56288571855704,16.838129831254594,16.94734001159668,41400,0.0,0.0
2021-03-30 00:00:00-04:00,16.987055051996354,17.48346225380905,16.917558346725485,17.165761947631836,52300,0.0,0.0
2021-03-31 00:00:00-04:00,17.135976488255704,17.354394970937218,16.897701263427734,16.897701263427734,90900,0.0,0.0
2021-04-01 00:00:00-04:00,16.877844861631736,17.185616796535516,16.68920959472282,17.165761947631836,38900,0.0,0.0
2021-04-05 00:00:00-04:00,17.255113082853505,17.850802089294096,17.11611967568652,17.84087371826172,114400,0.0,0.0
2021-04-06 00:00:00-04:00,17.84087382019211,17.880587304548516,17.374251740863322,17.413965225219727,40300,0.0,0.0
2021-04-07 00:00:00-04:00,17.453676177863677,17.453676177863677,16.887772301975275,16.93741226196289,55500,0.0,0.0
2021-04-08 00:00:00-04:00,16.89769997676255,16.94733993470572,16.718993098338313,16.887771606445312,44400,0.0,0.0
2021-04-09 00:00:00-04:00,16.887771606445312,16.927483194071247,16.649496399760668,16.887771606445312,55800,0.0,0.0
2021-04-12 00:00:00-04:00,16.987053415974668,17.00690826296613,16.758704685964247,16.887771606445312,94100,0.0,0.0
2021-04-13 00:00:00-04:00,16.83813158639654,16.937413406725096,16.629641467985465,16.828205108642578,39400,0.0,0.0
2021-04-14 00:00:00-04:00,16.709064803830966,17.016836710489635,16.709064803830966,16.94734001159668,41800,0.0,0.0
2021-04-15 00:00:00-04:00,17.00690999859102,17.026766741251954,16.679281319258404,16.73885154724121,41800,0.0,0.0
2021-04-16 00:00:00-04:00,16.768633403046817,16.768633403046817,16.609783261972126,16.669353485107422,30100,0.0,0.0
2021-04-19 00:00:00-04:00,16.58000054489473,16.609783763719015,16.311940213617504,16.570072174072266,27800,0.0,0.0
2021-04-20 00:00:00-04:00,16.3913659956698,16.5105026634072,16.04388057642321,16.13323402404785,33000,0.0,0.0
2021-04-21 00:00:00-04:00,16.073664720651237,16.53035840883649,16.024022867385614,16.36157989501953,34700,0.0,0.0
2021-04-22 00:00:00-04:00,16.45093413907676,16.45093413907676,15.984312057495117,15.984312057495117,27100,0.0,0.0
2021-04-23 00:00:00-04:00,16.113375862526315,16.58992627879508,16.043879163525833,16.490646362304688,36000,0.0,0.0
2021-04-26 00:00:00-04:00,16.570072372516996,16.679280665585782,16.172947003077933,16.232515335083008,38100,0.0,0.0
2021-04-27 00:00:00-04:00,16.192801660310863,16.22258677278363,16.014094772760487,16.083593368530273,36200,0.0,0.0
2021-04-28 00:00:00-04:00,16.004167649661877,16.629639837201445,16.004167649661877,16.550214767456055,96500,0.0,0.0
2021-04-29 00:00:00-04:00,16.67928053991332,16.72892239424613,16.480718803511447,16.629640579223633,56700,0.0,0.0
2021-04-30 00:00:00-04:00,16.41122221617575,16.848059175509157,16.331797142329396,16.718994140625,61400,0.0,0.0
2021-05-03 00:00:00-04:00,16.927483696692523,17.036693879781854,16.470790010397273,16.788490295410156,36400,0.0,0.0
2021-05-04 00:00:00-04:00,16.768633865205192,16.768633865205192,16.381436872369523,16.540287017822266,28800,0.0,0.0
2021-05-05 00:00:00-04:00,16.64949801454393,16.778563053899603,16.27222748047068,16.67928123474121,68100,0.0,0.0
2021-05-06 00:00:00-04:00,16.302011957913415,16.699137325400812,16.302011957913415,16.659425735473633,26000,0.0,0.0
2021-05-07 00:00:00-04:00,16.48071876017441,16.77856231081558,16.341723462051164,16.599855422973633,25300,0.0,0.0
2021-05-10 00:00:00-04:00,16.75870537432486,16.75870537432486,16.4509334564209,16.4509334564209,35500,0.0,0.0
2021-05-11 00:00:00-04:00,16.222586841910207,16.768633984069258,16.222586841910207,16.629640579223633,30800,0.0,0.0
2021-05-12 00:00:00-04:00,16.7189933227268,16.99698201441133,16.53035807145362,16.579999923706055,60700,0.0,0.0
2021-05-13 00:00:00-04:00,16.700000762939453,17.06999969482422,16.68000030517578,16.969999313354492,33800,0.12,0.0
2021-05-14 00:00:00-04:00,16.75,17.15999984741211,16.719999313354492,17.079999923706055,34700,0.0,0.0
2021-05-17 00:00:00-04:00,17.0,17.079999923706055,16.850000381469727,16.950000762939453,17600,0.0,0.0
2021-05-18 00:00:00-04:00,17.010000228881836,17.09000015258789,16.799999237060547,16.81999969482422,29800,0.0,0.0
2021-05-19 00:00:00-04:00,16.68000030517578,16.809999465942383,16.25,16.739999771118164,45800,0.0,0.0
2021-05-20 00:00:00-04:00,16.59000015258789,16.920000076293945,16.43000030517578,16.8700008392334,28700,0.0,0.0
2021-05-21 00:00:00-04:00,17.040000915527344,17.1299991607666,16.899999618530273,17.020000457763672,20300,0.0,0.0
2021-05-24 00:00:00-04:00,17.09000015258789,17.09000015258789,16.90999984741211,16.950000762939453,18600,0.0,0.0
2021-05-25 00:00:00-04:00,17.030000686645508,17.049999237060547,16.719999313354492,16.719999313354492,44100,0.0,0.0
2021-05-26 00:00:00-04:00,16.760000228881836,16.889999389648438,16.719999313354492,16.799999237060547,22900,0.0,0.0
2021-05-27 00:00:00-04:00,17.0,17.09000015258789,16.84000015258789,16.959999084472656,23800,0.0,0.0
2021-05-28 00:00:00-04:00,17.0,17.290000915527344,16.739999771118164,17.190000534057617,36800,0.0,0.0
2021-06-01 00:00:00-04:00,17.3700008392334,17.440000534057617,17.170000076293945,17.3700008392334,34500,0.0,0.0
2021-06-02 00:00:00-04:00,17.260000228881836,17.709999084472656,17.100000381469727,17.450000762939453,80500,0.0,0.0
2021-06-03 00:00:00-04:00,17.270000457763672,17.729999542236328,17.270000457763672,17.649999618530273,37600,0.0,0.0
2021-06-04 00:00:00-04:00,17.639999389648438,17.649999618530273,17.34000015258789,17.479999542236328,25900,0.0,0.0
2021-06-07 00:00:00-04:00,17.6200008392334,17.6200008392334,17.360000610351562,17.399999618530273,54400,0.0,0.0
2021-06-08 00:00:00-04:00,17.600000381469727,17.68000030517578,17.260000228881836,17.469999313354492,30700,0.0,0.0
2021-06-09 00:00:00-04:00,17.229999542236328,17.5,17.18000030517578,17.389999389648438,41300,0.0,0.0
2021-06-10 00:00:00-04:00,17.40999984741211,17.510000228881836,17.31999969482422,17.40999984741211,35400,0.0,0.0
2021-06-11 00:00:00-04:00,17.270000457763672,17.489999771118164,17.149999618530273,17.459999084472656,26900,0.0,0.0
2021-06-14 00:00:00-04:00,17.299999237060547,17.520000457763672,17.18000030517578,17.25,35100,0.0,0.0
2021-06-15 00:00:00-04:00,17.25,17.479999542236328,17.1200008392334,17.360000610351562,40700,0.0,0.0
2021-06-16 00:00:00-04:00,17.25,17.520000457763672,17.1299991607666,17.360000610351562,48200,0.0,0.0
2021-06-17 00:00:00-04:00,17.540000915527344,17.540000915527344,16.780000686645508,16.899999618530273,57700,0.0,0.0
2021-06-18 00:00:00-04:00,16.75,16.809999465942383,16.25,16.360000610351562,85900,0.0,0.0
2021-06-21 00:00:00-04:00,16.540000915527344,16.860000610351562,16.450000762939453,16.559999465942383,70100,0.0,0.0
2021-06-22 00:00:00-04:00,16.65999984741211,16.68000030517578,16.3799991607666,16.510000228881836,49300,0.0,0.0
2021-06-23 00:00:00-04:00,16.450000762939453,16.670000076293945,16.450000762939453,16.520000457763672,67200,0.0,0.0
2021-06-24 00:00:00-04:00,16.530000686645508,16.979999542236328,16.40999984741211,16.950000762939453,96300,0.0,0.0
2021-06-25 00:00:00-04:00,17.049999237060547,17.09000015258789,16.75,16.959999084472656,1839100,0.0,0.0
2021-06-28 00:00:00-04:00,16.959999084472656,17.25,16.799999237060547,16.850000381469727,46300,0.0,0.0
2021-06-29 00:00:00-04:00,16.969999313354492,16.989999771118164,16.799999237060547,16.799999237060547,41300,0.0,0.0
2021-06-30 00:00:00-04:00,16.770000457763672,16.850000381469727,16.75,16.75,36600,0.0,0.0
2021-07-01 00:00:00-04:00,16.760000228881836,16.940000534057617,16.760000228881836,16.860000610351562,61100,0.0,0.0
2021-07-02 00:00:00-04:00,16.889999389648438,16.920000076293945,16.6200008392334,16.75,23100,0.0,0.0
2021-07-06 00:00:00-04:00,16.770000457763672,16.770000457763672,16.450000762939453,16.5,94900,0.0,0.0
2021-07-07 00:00:00-04:00,16.5,16.649999618530273,16.450000762939453,16.610000610351562,57000,0.0,0.0
2021-07-08 00:00:00-04:00,16.510000228881836,16.549999237060547,16.350000381469727,16.520000457763672,57700,0.0,0.0
2021-07-09 00:00:00-04:00,16.610000610351562,16.729999542236328,16.59000015258789,16.6200008392334,19600,0.0,0.0
2021-07-12 00:00:00-04:00,16.6200008392334,16.81999969482422,16.579999923706055,16.709999084472656,15100,0.0,0.0
2021-07-13 00:00:00-04:00,16.760000228881836,17.0,16.700000762939453,16.899999618530273,53100,0.0,0.0
2021-07-14 00:00:00-04:00,16.8700008392334,17.09000015258789,16.8700008392334,17.020000457763672,89900,0.0,0.0
2021-07-15 00:00:00-04:00,16.959999084472656,17.40999984741211,16.959999084472656,17.350000381469727,27200,0.0,0.0
2021-07-16 00:00:00-04:00,17.489999771118164,17.5,17.149999618530273,17.149999618530273,105800,0.0,0.0
2021-07-19 00:00:00-04:00,17.0,17.360000610351562,16.809999465942383,16.8799991607666,59500,0.0,0.0
2021-07-20 00:00:00-04:00,16.84000015258789,17.709999084472656,16.84000015258789,17.1200008392334,56600,0.0,0.0
2021-07-21 00:00:00-04:00,17.329999923706055,17.5,17.309999465942383,17.31999969482422,15700,0.0,0.0
2021-07-22 00:00:00-04:00,17.15999984741211,17.280000686645508,16.959999084472656,17.010000228881836,56400,0.0,0.0
2021-07-23 00:00:00-04:00,17.139999389648438,17.170000076293945,17.0,17.06999969482422,18100,0.0,0.0
2021-07-26 00:00:00-04:00,17.280000686645508,17.34000015258789,17.020000457763672,17.110000610351562,28200,0.0,0.0
2021-07-27 00:00:00-04:00,17.0,17.399999618530273,17.0,17.079999923706055,32300,0.0,0.0
2021-07-28 00:00:00-04:00,17.059999465942383,17.170000076293945,17.020000457763672,17.1200008392334,28800,0.0,0.0
2021-07-29 00:00:00-04:00,17.270000457763672,17.290000915527344,17.0,17.229999542236328,56100,0.0,0.0
2021-07-30 00:00:00-04:00,17.1299991607666,17.59000015258789,17.1299991607666,17.34000015258789,43000,0.0,0.0
2021-08-02 00:00:00-04:00,17.40999984741211,17.40999984741211,17.1200008392334,17.200000762939453,43500,0.0,0.0
2021-08-03 00:00:00-04:00,17.170000076293945,17.469999313354492,17.139999389648438,17.389999389648438,46600,0.0,0.0
2021-08-04 00:00:00-04:00,17.479999542236328,17.479999542236328,17.200000762939453,17.290000915527344,15800,0.0,0.0
2021-08-05 00:00:00-04:00,17.479999542236328,17.6200008392334,17.40999984741211,17.540000915527344,27200,0.0,0.0
2021-08-06 00:00:00-04:00,17.65999984741211,17.90999984741211,17.65999984741211,17.90999984741211,21300,0.0,0.0
2021-08-09 00:00:00-04:00,17.799999237060547,17.969999313354492,17.719999313354492,17.809999465942383,16800,0.0,0.0
2021-08-10 00:00:00-04:00,17.889999389648438,17.950000762939453,17.770000457763672,17.920000076293945,16100,0.0,0.0
2021-08-11 00:00:00-04:00,17.920000076293945,17.950000762939453,17.770000457763672,17.8700008392334,8600,0.0,0.0
2021-08-12 00:00:00-04:00,17.729999542236328,17.809999465942383,17.530000686645508,17.68000030517578,11000,0.0,0.0
2021-08-13 00:00:00-04:00,17.719999313354492,17.780000686645508,17.600000381469727,17.780000686645508,9000,0.0,0.0
2021-08-16 00:00:00-04:00,17.639999389648438,17.899999618530273,17.540000915527344,17.700000762939453,20000,0.0,0.0
2021-08-17 00:00:00-04:00,17.6200008392334,17.760000228881836,17.5,17.690000534057617,21400,0.0,0.0
2021-08-18 00:00:00-04:00,17.610000610351562,17.700000762939453,17.329999923706055,17.440000534057617,26700,0.0,0.0
2021-08-19 00:00:00-04:00,17.479999542236328,17.530000686645508,17.149999618530273,17.309999465942383,22700,0.0,0.0
2021-08-20 00:00:00-04:00,17.399999618530273,17.450000762939453,17.280000686645508,17.290000915527344,33700,0.0,0.0
2021-08-23 00:00:00-04:00,17.549999237060547,17.59000015258789,17.399999618530273,17.420000076293945,5100,0.0,0.0
2021-08-24 00:00:00-04:00,17.469999313354492,17.479999542236328,17.299999237060547,17.389999389648438,5900,0.0,0.0
2021-08-25 00:00:00-04:00,17.489999771118164,17.649999618530273,17.3799991607666,17.520000457763672,13300,0.0,0.0
2021-08-26 00:00:00-04:00,17.549999237060547,17.670000076293945,17.450000762939453,17.6200008392334,56500,0.0,0.0
2021-08-27 00:00:00-04:00,17.719999313354492,18.0,17.709999084472656,17.799999237060547,21600,0.0,0.0
2021-08-30 00:00:00-04:00,17.729999542236328,17.799999237060547,17.610000610351562,17.670000076293945,43900,0.0,0.0
2021-08-31 00:00:00-04:00,17.75,17.809999465942383,17.6299991607666,17.700000762939453,44100,0.0,0.0
2021-09-01 00:00:00-04:00,17.68000030517578,17.799999237060547,17.59000015258789,17.690000534057617,17900,0.0,0.0
2021-09-02 00:00:00-04:00,17.65999984741211,17.75,17.56999969482422,17.68000030517578,7600,0.0,0.0
2021-09-03 00:00:00-04:00,17.799999237060547,17.799999237060547,17.700000762939453,17.700000762939453,52400,0.0,0.0
2021-09-07 00:00:00-04:00,17.700000762939453,17.799999237060547,17.68000030517578,17.729999542236328,20500,0.0,0.0
2021-09-08 00:00:00-04:00,17.6200008392334,17.75,17.530000686645508,17.59000015258789,18000,0.0,0.0
2021-09-09 00:00:00-04:00,17.639999389648438,17.639999389648438,17.450000762939453,17.549999237060547,14500,0.0,0.0
2021-09-10 00:00:00-04:00,17.549999237060547,17.6200008392334,17.40999984741211,17.549999237060547,28100,0.0,0.0
2021-09-13 00:00:00-04:00,17.600000381469727,17.600000381469727,17.440000534057617,17.56999969482422,9100,0.0,0.0
2021-09-14 00:00:00-04:00,17.549999237060547,17.549999237060547,17.219999313354492,17.360000610351562,10800,0.0,0.0
2021-09-15 00:00:00-04:00,17.329999923706055,17.459999084472656,17.200000762939453,17.3799991607666,12900,0.0,0.0
2021-09-16 00:00:00-04:00,17.360000610351562,17.479999542236328,17.280000686645508,17.440000534057617,8300,0.0,0.0
2021-09-17 00:00:00-04:00,17.389999389648438,17.579999923706055,17.010000228881836,17.579999923706055,38800,0.0,0.0
2021-09-20 00:00:00-04:00,17.309999465942383,17.479999542236328,16.920000076293945,17.290000915527344,14400,0.0,0.0
2021-09-21 00:00:00-04:00,17.219999313354492,17.270000457763672,17.149999618530273,17.149999618530273,4300,0.0,0.0
2021-09-22 00:00:00-04:00,17.09000015258789,17.290000915527344,17.0,17.059999465942383,19200,0.0,0.0
2021-09-23 00:00:00-04:00,17.09000015258789,17.3700008392334,17.09000015258789,17.18000030517578,10800,0.0,0.0
2021-09-24 00:00:00-04:00,17.350000381469727,17.530000686645508,17.200000762939453,17.520000457763672,38700,0.0,0.0
2021-09-27 00:00:00-04:00,17.5,17.799999237060547,17.5,17.799999237060547,6500,0.0,0.0
2021-09-28 00:00:00-04:00,17.84000015258789,17.84000015258789,17.6200008392334,17.690000534057617,11000,0.0,0.0
2021-09-29 00:00:00-04:00,17.719999313354492,17.760000228881836,17.68000030517578,17.719999313354492,5300,0.0,0.0
2021-09-30 00:00:00-04:00,17.81999969482422,17.81999969482422,17.56999969482422,17.729999542236328,2900,0.0,0.0
2021-10-01 00:00:00-04:00,17.829999923706055,17.829999923706055,17.5,17.639999389648438,7000,0.0,0.0
2021-10-04 00:00:00-04:00,17.690000534057617,17.850000381469727,17.649999618530273,17.719999313354492,17000,0.0,0.0
2021-10-05 00:00:00-04:00,17.670000076293945,17.90999984741211,17.670000076293945,17.860000610351562,16100,0.0,0.0
2021-10-06 00:00:00-04:00,17.75,17.8700008392334,17.709999084472656,17.829999923706055,6900,0.0,0.0
2021-10-07 00:00:00-04:00,17.81999969482422,17.979999542236328,17.770000457763672,17.90999984741211,23400,0.0,0.0
2021-10-08 00:00:00-04:00,17.899999618530273,18.40999984741211,17.75,18.360000610351562,20800,0.0,0.0
2021-10-11 00:00:00-04:00,18.450000762939453,18.5,18.34000015258789,18.350000381469727,6800,0.0,0.0
2021-10-12 00:00:00-04:00,18.309999465942383,18.43000030517578,18.270000457763672,18.34000015258789,9200,0.0,0.0
2021-10-13 00:00:00-04:00,18.309999465942383,18.309999465942383,17.959999084472656,18.010000228881836,6000,0.0,0.0
2021-10-14 00:00:00-04:00,18.09000015258789,18.110000610351562,17.940000534057617,18.010000228881836,9200,0.0,0.0
2021-10-15 00:00:00-04:00,18.100000381469727,18.190000534057617,17.8700008392334,17.959999084472656,19900,0.0,0.0
2021-10-18 00:00:00-04:00,17.959999084472656,17.989999771118164,17.719999313354492,17.780000686645508,11300,0.0,0.0
2021-10-19 00:00:00-04:00,17.899999618530273,18.149999618530273,17.780000686645508,17.920000076293945,6800,0.0,0.0
2021-10-20 00:00:00-04:00,17.8700008392334,18.1299991607666,17.809999465942383,18.100000381469727,7000,0.0,0.0
2021-10-21 00:00:00-04:00,18.059999465942383,18.059999465942383,17.899999618530273,17.989999771118164,3900,0.0,0.0
2021-10-22 00:00:00-04:00,17.950000762939453,18.149999618530273,17.809999465942383,17.90999984741211,19900,0.0,0.0
2021-10-25 00:00:00-04:00,18.010000228881836,18.079999923706055,17.899999618530273,17.959999084472656,27100,0.0,0.0
2021-10-26 00:00:00-04:00,18.0,18.09000015258789,17.959999084472656,18.06999969482422,24100,0.0,0.0
2021-10-27 00:00:00-04:00,17.969999313354492,18.229999542236328,17.899999618530273,17.90999984741211,19600,0.0,0.0
2021-10-28 00:00:00-04:00,17.920000076293945,18.329999923706055,17.920000076293945,18.219999313354492,32100,0.0,0.0
2021-10-29 00:00:00-04:00,18.219999313354492,18.8799991607666,18.219999313354492,18.479999542236328,67500,0.0,0.0
2021-11-01 00:00:00-04:00,18.489999771118164,18.90999984741211,18.489999771118164,18.90999984741211,36200,0.0,0.0
2021-11-02 00:00:00-04:00,19.030000686645508,19.31999969482422,18.90999984741211,18.979999542236328,19800,0.0,0.0
2021-11-03 00:00:00-04:00,18.969999313354492,18.989999771118164,18.559999465942383,18.799999237060547,26700,0.0,0.0
2021-11-04 00:00:00-04:00,19.18000030517578,19.809999465942383,18.920000076293945,19.579999923706055,35700,0.0,0.0
2021-11-05 00:00:00-04:00,19.75,19.979999542236328,19.520000457763672,19.690000534057617,31000,0.0,0.0
2021-11-08 00:00:00-05:00,21.079999923706055,23.190000534057617,20.299999237060547,20.360000610351562,75100,0.0,0.0
2021-11-09 00:00:00-05:00,20.299999237060547,20.530000686645508,19.940000534057617,20.0,48000,0.0,0.0
2021-11-10 00:00:00-05:00,19.809999465942383,19.989999771118164,19.729999542236328,19.729999542236328,16400,0.0,0.0
2021-11-11 00:00:00-05:00,19.790000915527344,19.799999237060547,19.649999618530273,19.739999771118164,20000,0.0,0.0
2021-11-12 00:00:00-05:00,20.020000457763672,20.09000015258789,19.489999771118164,19.600000381469727,29900,0.0,0.0
2021-11-15 00:00:00-05:00,19.43000030517578,19.6299991607666,19.079999923706055,19.600000381469727,42400,0.0,0.0
2021-11-16 00:00:00-05:00,19.440000534057617,19.860000610351562,19.399999618530273,19.520000457763672,18800,0.0,0.0
2021-11-17 00:00:00-05:00,19.420000076293945,19.979999542236328,19.31999969482422,19.899999618530273,306000,0.0,0.0
2021-11-18 00:00:00-05:00,20.09000015258789,20.469999313354492,19.760000228881836,20.329999923706055,63000,0.0,0.0
2021-11-19 00:00:00-05:00,20.110000610351562,20.3799991607666,19.739999771118164,19.979999542236328,45500,0.0,0.0
2021-11-22 00:00:00-05:00,20.040000915527344,20.389999389648438,19.790000915527344,20.170000076293945,34200,0.0,0.0
2021-11-23 00:00:00-05:00,20.229999542236328,20.34000015258789,20.06999969482422,20.299999237060547,37600,0.0,0.0
2021-11-24 00:00:00-05:00,20.110000610351562,20.299999237060547,20.100000381469727,20.25,43100,0.0,0.0
2021-11-26 00:00:00-05:00,20.079999923706055,20.079999923706055,19.600000381469727,19.799999237060547,15400,0.0,0.0
2021-11-29 00:00:00-05:00,19.90999984741211,20.09000015258789,19.6299991607666,19.829999923706055,25000,0.0,0.0
2021-11-30 00:00:00-05:00,19.780000686645508,19.889999389648438,19.40999984741211,19.600000381469727,38800,0.0,0.0
2021-12-01 00:00:00-05:00,19.770000457763672,19.950000762939453,19.18000030517578,19.520000457763672,36300,0.0,0.0
2021-12-02 00:00:00-05:00,19.649999618530273,20.100000381469727,19.649999618530273,20.010000228881836,82600,0.0,0.0
2021-12-03 00:00:00-05:00,20.100000381469727,20.149999618530273,19.739999771118164,19.899999618530273,20500,0.0,0.0
2021-12-06 00:00:00-05:00,20.0,20.149999618530273,19.8700008392334,19.8799991607666,11100,0.0,0.0
2021-12-07 00:00:00-05:00,19.979999542236328,20.18000030517578,19.809999465942383,20.100000381469727,27800,0.0,0.0
2021-12-08 00:00:00-05:00,20.030000686645508,20.200000762939453,19.809999465942383,20.040000915527344,17600,0.0,0.0
2021-12-09 00:00:00-05:00,20.06999969482422,20.170000076293945,19.850000381469727,19.8700008392334,18400,0.0,0.0
2021-12-10 00:00:00-05:00,19.850000381469727,20.18000030517578,19.600000381469727,20.059999465942383,20600,0.0,0.0
2021-12-13 00:00:00-05:00,20.020000457763672,20.1299991607666,19.84000015258789,19.8700008392334,16200,0.0,0.0
2021-12-14 00:00:00-05:00,19.8799991607666,20.229999542236328,19.6299991607666,19.790000915527344,46200,0.0,0.0
2021-12-15 00:00:00-05:00,19.729999542236328,20.25,19.719999313354492,20.200000762939453,62400,0.0,0.0
2021-12-16 00:00:00-05:00,20.25,20.25,19.709999084472656,19.959999084472656,115400,0.0,0.0
2021-12-17 00:00:00-05:00,19.84000015258789,20.030000686645508,19.5,19.729999542236328,74200,0.0,0.0
2021-12-20 00:00:00-05:00,19.520000457763672,19.6200008392334,19.219999313354492,19.56999969482422,31000,0.0,0.0
2021-12-21 00:00:00-05:00,19.75,19.860000610351562,19.5,19.520000457763672,29900,0.0,0.0
2021-12-22 00:00:00-05:00,19.56999969482422,20.100000381469727,19.459999084472656,19.989999771118164,56300,0.0,0.0
2021-12-23 00:00:00-05:00,20.100000381469727,20.389999389648438,20.040000915527344,20.299999237060547,93100,0.0,0.0
2021-12-27 00:00:00-05:00,20.43000030517578,20.969999313354492,20.280000686645508,20.780000686645508,65500,0.0,0.0
2021-12-28 00:00:00-05:00,20.780000686645508,20.979999542236328,20.65999984741211,20.709999084472656,21800,0.0,0.0
2021-12-29 00:00:00-05:00,20.790000915527344,20.959999084472656,20.600000381469727,20.84000015258789,35900,0.0,0.0
2021-12-30 00:00:00-05:00,20.940000534057617,20.950000762939453,20.6299991607666,20.739999771118164,32500,0.0,0.0
2021-12-31 00:00:00-05:00,20.790000915527344,21.0,20.75,20.850000381469727,10500,0.0,0.0
2022-01-03 00:00:00-05:00,20.760000228881836,20.940000534057617,20.6299991607666,20.8700008392334,23700,0.0,0.0
2022-01-04 00:00:00-05:00,20.8799991607666,21.09000015258789,20.65999984741211,20.709999084472656,33400,0.0,0.0
2022-01-05 00:00:00-05:00,20.93000030517578,20.979999542236328,20.639999389648438,20.719999313354492,42500,0.0,0.0
2022-01-06 00:00:00-05:00,20.780000686645508,21.059999465942383,20.530000686645508,20.959999084472656,49600,0.0,0.0
2022-01-07 00:00:00-05:00,21.049999237060547,21.049999237060547,20.739999771118164,20.829999923706055,46000,0.0,0.0
2022-01-10 00:00:00-05:00,20.899999618530273,20.959999084472656,20.510000228881836,20.739999771118164,25800,0.0,0.0
2022-01-11 00:00:00-05:00,20.75,20.8799991607666,20.700000762939453,20.75,27600,0.0,0.0
2022-01-12 00:00:00-05:00,20.709999084472656,20.899999618530273,20.649999618530273,20.760000228881836,35300,0.0,0.0
2022-01-13 00:00:00-05:00,20.889999389648438,21.09000015258789,20.889999389648438,21.020000457763672,28700,0.0,0.0
2022-01-14 00:00:00-05:00,20.899999618530273,21.09000015258789,20.780000686645508,20.780000686645508,18300,0.0,0.0
2022-01-18 00:00:00-05:00,20.700000762939453,20.8700008392334,20.510000228881836,20.690000534057617,27700,0.0,0.0
2022-01-19 00:00:00-05:00,20.65999984741211,20.790000915527344,20.600000381469727,20.65999984741211,23500,0.0,0.0
2022-01-20 00:00:00-05:00,20.6200008392334,20.780000686645508,20.290000915527344,20.299999237060547,36400,0.0,0.0
2022-01-21 00:00:00-05:00,20.31999969482422,20.459999084472656,20.049999237060547,20.15999984741211,47600,0.0,0.0
2022-01-24 00:00:00-05:00,20.0,20.540000915527344,19.860000610351562,20.209999084472656,34300,0.0,0.0
2022-01-25 00:00:00-05:00,20.0,20.309999465942383,19.760000228881836,20.299999237060547,26900,0.0,0.0
2022-01-26 00:00:00-05:00,20.459999084472656,20.530000686645508,19.90999984741211,19.989999771118164,36400,0.0,0.0
2022-01-27 00:00:00-05:00,20.030000686645508,20.270000457763672,19.75,19.81999969482422,25400,0.0,0.0
2022-01-28 00:00:00-05:00,19.809999465942383,19.979999542236328,19.510000228881836,19.799999237060547,30100,0.0,0.0
2022-01-31 00:00:00-05:00,19.809999465942383,19.809999465942383,19.510000228881836,19.739999771118164,75700,0.0,0.0
2022-02-01 00:00:00-05:00,19.770000457763672,20.139999389648438,19.540000915527344,20.1200008392334,37500,0.0,0.0
2022-02-02 00:00:00-05:00,20.0,20.1200008392334,19.81999969482422,19.959999084472656,20500,0.0,0.0
2022-02-03 00:00:00-05:00,19.850000381469727,20.100000381469727,19.610000610351562,19.68000030517578,15000,0.0,0.0
2022-02-04 00:00:00-05:00,19.65999984741211,19.93000030517578,19.559999465942383,19.770000457763672,19400,0.0,0.0
2022-02-07 00:00:00-05:00,20.030000686645508,20.030000686645508,19.719999313354492,19.719999313354492,12800,0.0,0.0
2022-02-08 00:00:00-05:00,19.950000762939453,20.290000915527344,19.90999984741211,20.190000534057617,17900,0.0,0.0
2022-02-09 00:00:00-05:00,20.170000076293945,20.290000915527344,19.899999618530273,19.899999618530273,19600,0.0,0.0
2022-02-10 00:00:00-05:00,19.860000610351562,20.110000610351562,19.6200008392334,19.780000686645508,14300,0.0,0.0
2022-02-11 00:00:00-05:00,20.010000228881836,20.010000228881836,19.450000762939453,19.530000686645508,19400,0.0,0.0
2022-02-14 00:00:00-05:00,19.540000915527344,19.709999084472656,19.34000015258789,19.649999618530273,19500,0.0,0.0
2022-02-15 00:00:00-05:00,19.8799991607666,20.18000030517578,19.75,20.100000381469727,153300,0.0,0.0
2022-02-16 00:00:00-05:00,20.149999618530273,20.780000686645508,20.110000610351562,20.75,68700,0.0,0.0
2022-02-17 00:00:00-05:00,20.700000762939453,21.100000381469727,20.56999969482422,21.100000381469727,96100,0.0,0.0
2022-02-18 00:00:00-05:00,21.219999313354492,21.25,20.899999618530273,21.059999465942383,32100,0.0,0.0
2022-02-22 00:00:00-05:00,20.90999984741211,21.200000762939453,20.84000015258789,20.950000762939453,46600,0.0,0.0
2022-02-23 00:00:00-05:00,21.040000915527344,21.149999618530273,20.850000381469727,20.860000610351562,310200,0.0,0.0
2022-02-24 00:00:00-05:00,20.600000381469727,20.950000762939453,20.299999237060547,20.889999389648438,71400,0.0,0.0
2022-02-25 00:00:00-05:00,20.940000534057617,21.270000457763672,20.940000534057617,21.040000915527344,43000,0.0,0.0
2022-02-28 00:00:00-05:00,20.81999969482422,21.1200008392334,20.639999389648438,21.079999923706055,38200,0.0,0.0
2022-03-01 00:00:00-05:00,20.829999923706055,20.969999313354492,20.290000915527344,20.489999771118164,56100,0.0,0.0
2022-03-02 00:00:00-05:00,20.510000228881836,21.18000030517578,20.510000228881836,21.059999465942383,48000,0.0,0.0
2022-03-03 00:00:00-05:00,21.110000610351562,21.270000457763672,20.989999771118164,21.139999389648438,41500,0.0,0.0
2022-03-04 00:00:00-05:00,20.959999084472656,21.100000381469727,20.649999618530273,21.049999237060547,51400,0.0,0.0
2022-03-07 00:00:00-05:00,21.110000610351562,21.149999618530273,20.729999542236328,20.850000381469727,49100,0.0,0.0
2022-03-08 00:00:00-05:00,20.989999771118164,21.239999771118164,20.6299991607666,20.81999969482422,113800,0.0,0.0
2022-03-09 00:00:00-05:00,21.18000030517578,21.219999313354492,20.790000915527344,20.829999923706055,42800,0.0,0.0
2022-03-10 00:00:00-05:00,20.860000610351562,21.040000915527344,20.68000030517578,20.760000228881836,53800,0.0,0.0
2022-03-11 00:00:00-05:00,20.799999237060547,20.959999084472656,20.540000915527344,20.760000228881836,72500,0.0,0.0
2022-03-14 00:00:00-04:00,20.899999618530273,21.299999237060547,20.649999618530273,20.68000030517578,66900,0.0,0.0
2022-03-15 00:00:00-04:00,20.690000534057617,20.75,20.280000686645508,20.479999542236328,81400,0.0,0.0
2022-03-16 00:00:00-04:00,20.600000381469727,20.739999771118164,20.399999618530273,20.530000686645508,79400,0.0,0.0
2022-03-17 00:00:00-04:00,20.450000762939453,20.540000915527344,20.030000686645508,20.479999542236328,69600,0.0,0.0
2022-03-18 00:00:00-04:00,20.479999542236328,20.59000015258789,20.200000762939453,20.420000076293945,74200,0.0,0.0
2022-03-21 00:00:00-04:00,20.540000915527344,20.639999389648438,20.350000381469727,20.549999237060547,38400,0.0,0.0
2022-03-22 00:00:00-04:00,20.700000762939453,20.850000381469727,20.690000534057617,20.729999542236328,59900,0.0,0.0
2022-03-23 00:00:00-04:00,21.40999984741211,21.40999984741211,20.43000030517578,20.530000686645508,37200,0.0,0.0
2022-03-24 00:00:00-04:00,20.8799991607666,20.8799991607666,20.25,20.600000381469727,55200,0.0,0.0
2022-03-25 00:00:00-04:00,20.739999771118164,20.950000762939453,20.700000762939453,20.920000076293945,43000,0.0,0.0
2022-03-28 00:00:00-04:00,20.809999465942383,20.950000762939453,20.639999389648438,20.860000610351562,44100,0.0,0.0
2022-03-29 00:00:00-04:00,21.0,21.049999237060547,20.790000915527344,20.889999389648438,36400,0.0,0.0
2022-03-30 00:00:00-04:00,20.950000762939453,21.0,20.530000686645508,20.579999923706055,51500,0.0,0.0
2022-03-31 00:00:00-04:00,20.739999771118164,20.920000076293945,20.3799991607666,20.479999542236328,39600,0.0,0.0
2022-04-01 00:00:00-04:00,20.479999542236328,20.729999542236328,20.329999923706055,20.450000762939453,45500,0.0,0.0
2022-04-04 00:00:00-04:00,20.399999618530273,20.5,20.15999984741211,20.260000228881836,57100,0.0,0.0
2022-04-05 00:00:00-04:00,20.25,20.3799991607666,19.940000534057617,20.079999923706055,52500,0.0,0.0
2022-04-06 00:00:00-04:00,20.06999969482422,20.06999969482422,19.719999313354492,19.8799991607666,57400,0.0,0.0
2022-04-07 00:00:00-04:00,19.850000381469727,20.020000457763672,19.559999465942383,19.65999984741211,56900,0.0,0.0
2022-04-08 00:00:00-04:00,19.59000015258789,19.899999618530273,19.520000457763672,19.610000610351562,65500,0.0,0.0
2022-04-11 00:00:00-04:00,19.610000610351562,19.700000762939453,19.43000030517578,19.530000686645508,67500,0.0,0.0
2022-04-12 00:00:00-04:00,19.540000915527344,19.950000762939453,19.459999084472656,19.520000457763672,65700,0.0,0.0
2022-04-13 00:00:00-04:00,19.510000228881836,19.729999542236328,19.459999084472656,19.700000762939453,63900,0.0,0.0
2022-04-14 00:00:00-04:00,19.780000686645508,19.790000915527344,19.5,19.6299991607666,65900,0.0,0.0
2022-04-18 00:00:00-04:00,19.610000610351562,19.940000534057617,19.610000610351562,19.90999984741211,53300,0.0,0.0
2022-04-19 00:00:00-04:00,19.940000534057617,20.450000762939453,19.940000534057617,20.3799991607666,56700,0.0,0.0
2022-04-20 00:00:00-04:00,20.5,20.979999542236328,20.5,20.940000534057617,75300,0.0,0.0
2022-04-21 00:00:00-04:00,20.940000534057617,21.209999084472656,20.75,20.809999465942383,69300,0.0,0.0
2022-04-22 00:00:00-04:00,20.68000030517578,21.1200008392334,20.40999984741211,20.450000762939453,43600,0.0,0.0
2022-04-25 00:00:00-04:00,20.350000381469727,20.540000915527344,20.059999465942383,20.440000534057617,65300,0.0,0.0
2022-04-26 00:00:00-04:00,20.299999237060547,20.5,20.18000030517578,20.280000686645508,57600,0.0,0.0
2022-04-27 00:00:00-04:00,20.329999923706055,20.440000534057617,20.020000457763672,20.079999923706055,65800,0.0,0.0
2022-04-28 00:00:00-04:00,20.06999969482422,20.31999969482422,19.959999084472656,20.219999313354492,55800,0.0,0.0
2022-04-29 00:00:00-04:00,20.110000610351562,20.329999923706055,20.020000457763672,20.1299991607666,63200,0.0,0.0
2022-05-02 00:00:00-04:00,20.1200008392334,20.18000030517578,19.81999969482422,20.1200008392334,227000,0.0,0.0
2022-05-03 00:00:00-04:00,20.100000381469727,20.229999542236328,19.899999618530273,19.899999618530273,99900,0.0,0.0
2022-05-04 00:00:00-04:00,19.90999984741211,20.229999542236328,19.809999465942383,20.190000534057617,101700,0.0,0.0
2022-05-05 00:00:00-04:00,20.170000076293945,20.170000076293945,19.8799991607666,20.100000381469727,70500,0.0,0.0
2022-05-06 00:00:00-04:00,20.049999237060547,20.170000076293945,19.84000015258789,20.100000381469727,70600,0.0,0.0
2022-05-09 00:00:00-04:00,19.959999084472656,20.229999542236328,19.770000457763672,19.889999389648438,84000,0.0,0.0
2022-05-10 00:00:00-04:00,20.040000915527344,20.040000915527344,19.219999313354492,19.350000381469727,110900,0.0,0.0
2022-05-11 00:00:00-04:00,20.209999084472656,20.209999084472656,19.290000915527344,19.450000762939453,74600,0.0,0.0
2022-05-12 00:00:00-04:00,19.309999465942383,19.440000534057617,19.030000686645508,19.329999923706055,69300,0.0,0.0
2022-05-13 00:00:00-04:00,19.479999542236328,19.780000686645508,19.260000228881836,19.270000457763672,57300,0.0,0.0
2022-05-16 00:00:00-04:00,19.200000762939453,19.440000534057617,19.079999923706055,19.309999465942383,58400,0.0,0.0
2022-05-17 00:00:00-04:00,19.459999084472656,19.700000762939453,19.459999084472656,19.6299991607666,65300,0.0,0.0
2022-05-18 00:00:00-04:00,19.5,19.670000076293945,19.299999237060547,19.440000534057617,48000,0.0,0.0
2022-05-19 00:00:00-04:00,19.440000534057617,19.829999923706055,19.100000381469727,19.15999984741211,62500,0.0,0.0
2022-05-20 00:00:00-04:00,19.290000915527344,19.760000228881836,19.100000381469727,19.18000030517578,48700,0.0,0.0
2022-05-23 00:00:00-04:00,19.3799991607666,19.65999984741211,19.360000610351562,19.479999542236328,147800,0.0,0.0
2022-05-24 00:00:00-04:00,19.420000076293945,19.68000030517578,19.25,19.360000610351562,83900,0.0,0.0
2022-05-25 00:00:00-04:00,19.360000610351562,19.65999984741211,19.350000381469727,19.43000030517578,73600,0.0,0.0
2022-05-26 00:00:00-04:00,19.579999923706055,19.760000228881836,19.5,19.6299991607666,39400,0.0,0.0
2022-05-27 00:00:00-04:00,19.760000228881836,19.93000030517578,19.739999771118164,19.90999984741211,69600,0.0,0.0
2022-05-31 00:00:00-04:00,20.020000457763672,20.389999389648438,19.75,20.229999542236328,65300,0.0,0.0
2022-06-01 00:00:00-04:00,20.149999618530273,20.399999618530273,20.110000610351562,20.309999465942383,83200,0.0,0.0
2022-06-02 00:00:00-04:00,20.260000228881836,20.59000015258789,20.040000915527344,20.5,80100,0.0,0.0
2022-06-03 00:00:00-04:00,20.469999313354492,20.809999465942383,20.260000228881836,20.440000534057617,75100,0.0,0.0
2022-06-06 00:00:00-04:00,20.59000015258789,20.780000686645508,20.329999923706055,20.40999984741211,85500,0.0,0.0
2022-06-07 00:00:00-04:00,20.299999237060547,20.700000762939453,19.979999542236328,20.549999237060547,182300,0.0,0.0
2022-06-08 00:00:00-04:00,20.59000015258789,20.81999969482422,20.31999969482422,20.530000686645508,80800,0.0,0.0
2022-06-09 00:00:00-04:00,20.350000381469727,20.56999969482422,20.09000015258789,20.219999313354492,143600,0.0,0.0
2022-06-10 00:00:00-04:00,20.1200008392334,20.1200008392334,19.700000762939453,19.850000381469727,85400,0.0,0.0
2022-06-13 00:00:00-04:00,19.68000030517578,19.739999771118164,19.299999237060547,19.31999969482422,83600,0.0,0.0
2022-06-14 00:00:00-04:00,19.469999313354492,19.549999237060547,19.200000762939453,19.399999618530273,62800,0.0,0.0
2022-06-15 00:00:00-04:00,19.700000762939453,19.81999969482422,19.469999313354492,19.639999389648438,74200,0.0,0.0
2022-06-16 00:00:00-04:00,19.520000457763672,19.68000030517578,19.200000762939453,19.440000534057617,91500,0.0,0.0
2022-06-17 00:00:00-04:00,19.56999969482422,19.729999542236328,19.31999969482422,19.389999389648438,87200,0.0,0.0
2022-06-21 00:00:00-04:00,19.610000610351562,19.68000030517578,19.469999313354492,19.5,126600,0.0,0.0
2022-06-22 00:00:00-04:00,19.40999984741211,19.799999237060547,19.309999465942383,19.40999984741211,162100,0.0,0.0
2022-06-23 00:00:00-04:00,19.520000457763672,19.520000457763672,19.09000015258789,19.110000610351562,190400,0.0,0.0
2022-06-24 00:00:00-04:00,19.219999313354492,19.440000534057617,17.90999984741211,17.90999984741211,2799100,0.0,0.0
2022-06-27 00:00:00-04:00,18.149999618530273,18.809999465942383,18.059999465942383,18.610000610351562,452900,0.0,0.0
2022-06-28 00:00:00-04:00,18.649999618530273,19.280000686645508,18.520000457763672,18.56999969482422,174900,0.0,0.0
2022-06-29 00:00:00-04:00,18.56999969482422,19.260000228881836,18.43000030517578,18.670000076293945,165900,0.0,0.0
2022-06-30 00:00:00-04:00,18.5,18.600000381469727,18.31999969482422,18.5,142200,0.0,0.0
2022-07-01 00:00:00-04:00,18.510000228881836,18.68000030517578,18.31999969482422,18.59000015258789,65400,0.0,0.0
2022-07-05 00:00:00-04:00,18.40999984741211,18.6200008392334,18.280000686645508,18.610000610351562,86100,0.0,0.0
2022-07-06 00:00:00-04:00,18.530000686645508,18.68000030517578,18.299999237060547,18.530000686645508,63200,0.0,0.0
2022-07-07 00:00:00-04:00,18.719999313354492,19.010000228881836,18.690000534057617,18.700000762939453,81100,0.0,0.0
2022-07-08 00:00:00-04:00,18.760000228881836,18.889999389648438,18.520000457763672,18.829999923706055,70200,0.0,0.0
2022-07-11 00:00:00-04:00,18.649999618530273,18.790000915527344,18.600000381469727,18.68000030517578,41800,0.0,0.0
2022-07-12 00:00:00-04:00,18.6299991607666,18.850000381469727,18.6299991607666,18.690000534057617,22500,0.0,0.0
2022-07-13 00:00:00-04:00,18.540000915527344,18.770000457763672,18.360000610351562,18.549999237060547,66300,0.0,0.0
2022-07-14 00:00:00-04:00,18.530000686645508,18.540000915527344,18.25,18.280000686645508,87100,0.0,0.0
2022-07-15 00:00:00-04:00,18.559999465942383,18.729999542236328,18.360000610351562,18.639999389648438,51500,0.0,0.0
2022-07-18 00:00:00-04:00,18.729999542236328,18.920000076293945,18.639999389648438,18.649999618530273,28600,0.0,0.0
2022-07-19 00:00:00-04:00,18.829999923706055,19.1299991607666,18.829999923706055,19.020000457763672,36000,0.0,0.0
2022-07-20 00:00:00-04:00,18.920000076293945,19.149999618530273,18.8799991607666,19.1200008392334,63700,0.0,0.0
2022-07-21 00:00:00-04:00,19.010000228881836,19.1200008392334,18.920000076293945,19.09000015258789,62100,0.0,0.0
2022-07-22 00:00:00-04:00,18.899999618530273,19.06999969482422,18.729999542236328,18.809999465942383,46500,0.0,0.0
2022-07-25 00:00:00-04:00,18.969999313354492,19.139999389648438,18.81999969482422,19.110000610351562,63500,0.0,0.0
2022-07-26 00:00:00-04:00,19.100000381469727,19.329999923706055,19.100000381469727,19.25,35500,0.0,0.0
2022-07-27 00:00:00-04:00,19.25,19.600000381469727,19.020000457763672,19.450000762939453,50400,0.0,0.0
2022-07-28 00:00:00-04:00,19.59000015258789,19.6200008392334,19.40999984741211,19.6200008392334,43100,0.0,0.0
2022-07-29 00:00:00-04:00,19.610000610351562,19.81999969482422,19.440000534057617,19.600000381469727,50300,0.0,0.0
2022-08-01 00:00:00-04:00,19.479999542236328,19.90999984741211,19.43000030517578,19.81999969482422,156700,0.0,0.0
2022-08-02 00:00:00-04:00,19.709999084472656,19.809999465942383,19.3799991607666,19.3799991607666,41700,0.0,0.0
2022-08-03 00:00:00-04:00,19.440000534057617,19.579999923706055,19.260000228881836,19.420000076293945,38100,0.0,0.0
2022-08-04 00:00:00-04:00,19.510000228881836,19.549999237060547,19.290000915527344,19.520000457763672,52100,0.0,0.0
2022-08-05 00:00:00-04:00,19.520000457763672,19.600000381469727,19.389999389648438,19.549999237060547,36800,0.0,0.0
2022-08-08 00:00:00-04:00,19.559999465942383,19.600000381469727,19.389999389648438,19.450000762939453,40800,0.0,0.0
2022-08-09 00:00:00-04:00,19.520000457763672,19.530000686645508,19.350000381469727,19.520000457763672,31000,0.0,0.0
2022-08-10 00:00:00-04:00,19.68000030517578,19.760000228881836,19.3700008392334,19.610000610351562,49900,0.0,0.0
2022-08-11 00:00:00-04:00,19.770000457763672,19.780000686645508,19.610000610351562,19.729999542236328,30700,0.0,0.0
2022-08-12 00:00:00-04:00,19.809999465942383,20.15999984741211,19.809999465942383,20.020000457763672,39700,0.0,0.0
2022-08-15 00:00:00-04:00,19.969999313354492,20.270000457763672,19.969999313354492,20.270000457763672,39700,0.0,0.0
2022-08-16 00:00:00-04:00,20.270000457763672,20.5,20.170000076293945,20.389999389648438,31900,0.0,0.0
2022-08-17 00:00:00-04:00,20.299999237060547,20.389999389648438,20.15999984741211,20.170000076293945,31800,0.0,0.0
2022-08-18 00:00:00-04:00,20.280000686645508,20.34000015258789,20.059999465942383,20.290000915527344,32900,0.0,0.0
2022-08-19 00:00:00-04:00,20.239999771118164,20.25,20.059999465942383,20.200000762939453,88000,0.0,0.0
2022-08-22 00:00:00-04:00,20.1299991607666,20.1299991607666,19.68000030517578,19.790000915527344,39500,0.0,0.0
2022-08-23 00:00:00-04:00,19.81999969482422,19.920000076293945,19.600000381469727,19.600000381469727,24500,0.0,0.0
2022-08-24 00:00:00-04:00,19.610000610351562,19.649999618530273,19.450000762939453,19.469999313354492,33100,0.0,0.0
2022-08-25 00:00:00-04:00,19.520000457763672,19.65999984741211,19.5,19.649999618530273,28800,0.0,0.0
2022-08-26 00:00:00-04:00,19.56999969482422,19.790000915527344,19.510000228881836,19.549999237060547,51200,0.0,0.0
2022-08-29 00:00:00-04:00,19.549999237060547,19.56999969482422,19.360000610351562,19.360000610351562,22700,0.0,0.0
2022-08-30 00:00:00-04:00,19.3700008392334,19.3700008392334,19.209999084472656,19.270000457763672,42900,0.0,0.0
2022-08-31 00:00:00-04:00,19.290000915527344,19.290000915527344,19.049999237060547,19.049999237060547,67000,0.0,0.0
2022-09-01 00:00:00-04:00,19.100000381469727,19.959999084472656,18.799999237060547,18.889999389648438,58800,0.0,0.0
2022-09-02 00:00:00-04:00,18.93000030517578,19.010000228881836,18.6299991607666,18.690000534057617,47800,0.0,0.0
2022-09-06 00:00:00-04:00,18.700000762939453,18.899999618530273,18.360000610351562,18.450000762939453,60100,0.0,0.0
2022-09-07 00:00:00-04:00,18.389999389648438,18.56999969482422,18.299999237060547,18.549999237060547,39800,0.0,0.0
2022-09-08 00:00:00-04:00,18.389999389648438,18.600000381469727,18.360000610351562,18.5,25900,0.0,0.0
2022-09-09 00:00:00-04:00,18.65999984741211,18.68000030517578,18.469999313354492,18.530000686645508,40800,0.0,0.0
2022-09-12 00:00:00-04:00,18.549999237060547,18.739999771118164,18.549999237060547,18.719999313354492,45800,0.0,0.0
2022-09-13 00:00:00-04:00,18.510000228881836,18.65999984741211,18.309999465942383,18.360000610351562,42100,0.0,0.0
2022-09-14 00:00:00-04:00,18.450000762939453,18.450000762939453,18.270000457763672,18.350000381469727,31600,0.0,0.0
2022-09-15 00:00:00-04:00,18.270000457763672,18.579999923706055,18.270000457763672,18.389999389648438,29600,0.0,0.0
2022-09-16 00:00:00-04:00,18.190000534057617,18.6200008392334,18.1200008392334,18.489999771118164,103300,0.0,0.0
2022-09-19 00:00:00-04:00,18.81999969482422,18.81999969482422,18.469999313354492,18.559999465942383,46400,0.0,0.0
2022-09-20 00:00:00-04:00,19.059999465942383,19.059999465942383,18.40999984741211,18.65999984741211,25700,0.0,0.0
2022-09-21 00:00:00-04:00,18.700000762939453,18.719999313354492,18.420000076293945,18.420000076293945,45200,0.0,0.0
2022-09-22 00:00:00-04:00,18.450000762939453,18.450000762939453,18.15999984741211,18.190000534057617,37400,0.0,0.0
2022-09-23 00:00:00-04:00,18.260000228881836,18.260000228881836,17.860000610351562,18.079999923706055,40500,0.0,0.0
2022-09-26 00:00:00-04:00,18.010000228881836,18.149999618530273,17.809999465942383,17.8799991607666,39400,0.0,0.0
2022-09-27 00:00:00-04:00,17.969999313354492,18.010000228881836,17.610000610351562,17.68000030517578,32800,0.0,0.0
2022-09-28 00:00:00-04:00,17.709999084472656,17.940000534057617,17.639999389648438,17.799999237060547,32200,0.0,0.0
2022-09-29 00:00:00-04:00,17.649999618530273,17.649999618530273,17.350000381469727,17.489999771118164,46100,0.0,0.0
2022-09-30 00:00:00-04:00,17.479999542236328,17.809999465942383,17.290000915527344,17.31999969482422,35700,0.0,0.0
2022-10-03 00:00:00-04:00,17.43000030517578,17.610000610351562,17.360000610351562,17.399999618530273,31000,0.0,0.0
2022-10-04 00:00:00-04:00,17.510000228881836,17.989999771118164,17.450000762939453,17.979999542236328,34600,0.0,0.0
2022-10-05 00:00:00-04:00,17.790000915527344,18.010000228881836,17.610000610351562,17.760000228881836,32000,0.0,0.0
2022-10-06 00:00:00-04:00,17.700000762939453,17.850000381469727,17.520000457763672,17.59000015258789,24000,0.0,0.0
2022-10-07 00:00:00-04:00,17.31999969482422,17.43000030517578,17.190000534057617,17.329999923706055,36900,0.0,0.0
2022-10-10 00:00:00-04:00,17.360000610351562,17.459999084472656,17.280000686645508,17.309999465942383,21500,0.0,0.0
2022-10-11 00:00:00-04:00,17.239999771118164,17.40999984741211,17.110000610351562,17.309999465942383,26200,0.0,0.0
2022-10-12 00:00:00-04:00,17.260000228881836,17.59000015258789,17.149999618530273,17.299999237060547,31100,0.0,0.0
2022-10-13 00:00:00-04:00,17.15999984741211,17.889999389648438,17.040000915527344,17.8799991607666,49900,0.0,0.0
2022-10-14 00:00:00-04:00,18.030000686645508,18.139999389648438,17.770000457763672,17.809999465942383,22300,0.0,0.0
2022-10-17 00:00:00-04:00,18.100000381469727,18.329999923706055,17.940000534057617,18.020000457763672,26800,0.0,0.0
2022-10-18 00:00:00-04:00,18.280000686645508,18.280000686645508,17.799999237060547,17.8700008392334,22600,0.0,0.0
2022-10-19 00:00:00-04:00,17.68000030517578,17.940000534057617,17.610000610351562,17.850000381469727,36600,0.0,0.0
2022-10-20 00:00:00-04:00,17.829999923706055,17.959999084472656,17.510000228881836,17.68000030517578,26600,0.0,0.0
2022-10-21 00:00:00-04:00,17.790000915527344,17.84000015258789,17.579999923706055,17.639999389648438,33700,0.0,0.0
2022-10-24 00:00:00-04:00,17.75,17.93000030517578,17.65999984741211,17.850000381469727,30900,0.0,0.0
2022-10-25 00:00:00-04:00,17.84000015258789,18.34000015258789,17.84000015258789,18.25,49300,0.0,0.0
2022-10-26 00:00:00-04:00,18.3799991607666,18.860000610351562,18.229999542236328,18.540000915527344,33700,0.0,0.0
2022-10-27 00:00:00-04:00,18.709999084472656,18.850000381469727,18.579999923706055,18.6299991607666,42400,0.0,0.0
2022-10-28 00:00:00-04:00,19.020000457763672,19.90999984741211,18.850000381469727,19.760000228881836,57700,0.0,0.0
2022-10-31 00:00:00-04:00,19.760000228881836,20.06999969482422,19.65999984741211,19.940000534057617,33900,0.0,0.0
2022-11-01 00:00:00-04:00,20.100000381469727,20.100000381469727,19.850000381469727,19.969999313354492,25900,0.0,0.0
2022-11-02 00:00:00-04:00,19.940000534057617,20.110000610351562,19.649999618530273,19.739999771118164,62700,0.0,0.0
2022-11-03 00:00:00-04:00,19.600000381469727,19.739999771118164,19.31999969482422,19.6299991607666,34100,0.0,0.0
2022-11-04 00:00:00-04:00,19.799999237060547,19.979999542236328,19.520000457763672,19.979999542236328,27400,0.0,0.0
2022-11-07 00:00:00-05:00,20.190000534057617,20.219999313354492,19.899999618530273,19.959999084472656,19900,0.0,0.0
2022-11-08 00:00:00-05:00,20.040000915527344,20.040000915527344,19.600000381469727,19.780000686645508,39400,0.0,0.0
2022-11-09 00:00:00-05:00,19.690000534057617,19.700000762939453,19.43000030517578,19.43000030517578,23400,0.0,0.0
2022-11-10 00:00:00-05:00,19.889999389648438,20.110000610351562,19.739999771118164,19.959999084472656,57100,0.0,0.0
2022-11-11 00:00:00-05:00,19.90999984741211,20.170000076293945,19.59000015258789,19.780000686645508,33100,0.0,0.0
2022-11-14 00:00:00-05:00,19.6200008392334,19.940000534057617,19.6200008392334,19.709999084472656,29400,0.0,0.0
2022-11-15 00:00:00-05:00,19.809999465942383,20.190000534057617,19.719999313354492,19.84000015258789,18600,0.0,0.0
2022-11-16 00:00:00-05:00,19.799999237060547,19.799999237060547,19.6200008392334,19.700000762939453,20100,0.0,0.0
2022-11-17 00:00:00-05:00,19.549999237060547,20.309999465942383,19.350000381469727,19.770000457763672,23500,0.0,0.0
2022-11-18 00:00:00-05:00,20.040000915527344,20.100000381469727,19.729999542236328,19.81999969482422,76300,0.0,0.0
2022-11-21 00:00:00-05:00,19.790000915527344,19.950000762939453,19.790000915527344,19.850000381469727,26000,0.0,0.0
2022-11-22 00:00:00-05:00,19.860000610351562,19.959999084472656,19.780000686645508,19.8700008392334,30000,0.0,0.0
2022-11-23 00:00:00-05:00,19.93000030517578,19.93000030517578,19.75,19.829999923706055,14100,0.0,0.0
2022-11-25 00:00:00-05:00,19.790000915527344,19.950000762939453,19.770000457763672,19.920000076293945,10600,0.0,0.0
2022-11-28 00:00:00-05:00,19.950000762939453,20.020000457763672,19.540000915527344,19.6299991607666,24500,0.0,0.0
2022-11-29 00:00:00-05:00,19.780000686645508,19.809999465942383,19.6299991607666,19.68000030517578,22000,0.0,0.0
2022-11-30 00:00:00-05:00,19.790000915527344,20.850000381469727,19.459999084472656,19.90999984741211,42800,0.0,0.0
2022-12-01 00:00:00-05:00,19.90999984741211,19.979999542236328,19.760000228881836,19.90999984741211,16300,0.0,0.0
2022-12-02 00:00:00-05:00,19.81999969482422,20.010000228881836,19.729999542236328,19.899999618530273,31600,0.0,0.0
2022-12-05 00:00:00-05:00,20.0,20.09000015258789,19.43000030517578,19.690000534057617,40500,0.0,0.0
2022-12-06 00:00:00-05:00,19.559999465942383,19.670000076293945,19.34000015258789,19.450000762939453,28400,0.0,0.0
2022-12-07 00:00:00-05:00,19.5,19.690000534057617,19.31999969482422,19.40999984741211,19600,0.0,0.0
2022-12-08 00:00:00-05:00,19.459999084472656,19.639999389648438,19.290000915527344,19.5,20600,0.0,0.0
2022-12-09 00:00:00-05:00,19.510000228881836,19.530000686645508,19.350000381469727,19.350000381469727,29600,0.0,0.0
2022-12-12 00:00:00-05:00,19.389999389648438,19.579999923706055,19.149999618530273,19.469999313354492,35300,0.0,0.0
2022-12-13 00:00:00-05:00,19.420000076293945,19.709999084472656,19.1200008392334,19.200000762939453,87300,0.0,0.0
2022-12-14 00:00:00-05:00,19.1299991607666,19.280000686645508,19.0,19.049999237060547,28900,0.0,0.0
2022-12-15 00:00:00-05:00,17.979999542236328,18.030000686645508,17.079999923706055,17.25,457300,0.0,0.0
2022-12-16 00:00:00-05:00,17.15999984741211,17.610000610351562,17.09000015258789,17.34000015258789,249600,0.0,0.0
2022-12-19 00:00:00-05:00,17.270000457763672,17.459999084472656,17.149999618530273,17.200000762939453,79500,0.0,0.0
2022-12-20 00:00:00-05:00,17.25,17.329999923706055,17.110000610351562,17.219999313354492,68600,0.0,0.0
2022-12-21 00:00:00-05:00,17.43000030517578,17.510000228881836,17.219999313354492,17.350000381469727,41300,0.0,0.0
2022-12-22 00:00:00-05:00,17.280000686645508,17.31999969482422,17.040000915527344,17.290000915527344,43000,0.0,0.0
2022-12-23 00:00:00-05:00,17.290000915527344,17.479999542236328,17.209999084472656,17.450000762939453,57800,0.0,0.0
2022-12-27 00:00:00-05:00,17.530000686645508,17.600000381469727,17.290000915527344,17.469999313354492,36700,0.0,0.0
2022-12-28 00:00:00-05:00,17.510000228881836,17.540000915527344,17.31999969482422,17.350000381469727,36000,0.0,0.0
2022-12-29 00:00:00-05:00,17.459999084472656,17.5,17.420000076293945,17.479999542236328,19500,0.0,0.0
2022-12-30 00:00:00-05:00,17.399999618530273,17.549999237060547,17.3700008392334,17.43000030517578,36000,0.0,0.0
2023-01-03 00:00:00-05:00,17.399999618530273,17.540000915527344,17.25,17.399999618530273,53600,0.0,0.0
2023-01-04 00:00:00-05:00,17.5,17.5,17.190000534057617,17.260000228881836,43800,0.0,0.0
2023-01-05 00:00:00-05:00,17.079999923706055,17.350000381469727,16.989999771118164,17.299999237060547,44900,0.0,0.0
2023-01-06 00:00:00-05:00,17.43000030517578,17.6299991607666,17.40999984741211,17.520000457763672,43500,0.0,0.0
2023-01-09 00:00:00-05:00,17.6299991607666,17.6299991607666,17.3799991607666,17.469999313354492,52400,0.0,0.0
2023-01-10 00:00:00-05:00,17.3799991607666,17.700000762939453,17.3799991607666,17.56999969482422,43500,0.0,0.0
2023-01-11 00:00:00-05:00,17.65999984741211,17.65999984741211,17.329999923706055,17.549999237060547,38700,0.0,0.0
2023-01-12 00:00:00-05:00,17.670000076293945,17.860000610351562,17.600000381469727,17.719999313354492,36600,0.0,0.0
2023-01-13 00:00:00-05:00,17.670000076293945,17.809999465942383,17.600000381469727,17.75,31900,0.0,0.0
2023-01-17 00:00:00-05:00,17.770000457763672,17.860000610351562,17.639999389648438,17.770000457763672,34300,0.0,0.0
2023-01-18 00:00:00-05:00,17.81999969482422,17.829999923706055,17.299999237060547,17.350000381469727,82000,0.0,0.0
2023-01-19 00:00:00-05:00,17.309999465942383,17.440000534057617,17.25,17.420000076293945,43800,0.0,0.0
2023-01-20 00:00:00-05:00,17.540000915527344,17.610000610351562,17.389999389648438,17.56999969482422,44600,0.0,0.0
2023-01-23 00:00:00-05:00,17.639999389648438,17.700000762939453,17.469999313354492,17.549999237060547,43400,0.0,0.0
2023-01-24 00:00:00-05:00,17.520000457763672,17.6200008392334,17.3700008392334,17.450000762939453,34600,0.0,0.0
2023-01-25 00:00:00-05:00,17.34000015258789,17.40999984741211,17.229999542236328,17.3700008392334,32200,0.0,0.0
2023-01-26 00:00:00-05:00,17.350000381469727,17.389999389648438,17.229999542236328,17.3799991607666,29500,0.0,0.0
2023-01-27 00:00:00-05:00,17.440000534057617,17.440000534057617,16.989999771118164,17.030000686645508,63000,0.0,0.0
2023-01-30 00:00:00-05:00,17.0,17.43000030517578,16.989999771118164,17.239999771118164,29000,0.0,0.0
2023-01-31 00:00:00-05:00,17.229999542236328,17.540000915527344,17.229999542236328,17.479999542236328,43000,0.0,0.0
2023-02-01 00:00:00-05:00,17.479999542236328,17.690000534057617,17.450000762939453,17.489999771118164,52900,0.0,0.0
2023-02-02 00:00:00-05:00,17.690000534057617,17.93000030517578,17.549999237060547,17.780000686645508,46800,0.0,0.0
2023-02-03 00:00:00-05:00,17.780000686645508,18.149999618530273,17.770000457763672,18.020000457763672,65100,0.0,0.0
2023-02-06 00:00:00-05:00,18.040000915527344,18.06999969482422,17.799999237060547,17.889999389648438,37800,0.0,0.0
2023-02-07 00:00:00-05:00,17.790000915527344,17.959999084472656,17.68000030517578,17.84000015258789,39700,0.0,0.0
2023-02-08 00:00:00-05:00,17.739999771118164,17.940000534057617,17.59000015258789,17.639999389648438,49600,0.0,0.0
2023-02-09 00:00:00-05:00,17.75,17.75,17.3799991607666,17.459999084472656,39500,0.0,0.0
2023-02-10 00:00:00-05:00,17.360000610351562,17.649999618530273,17.329999923706055,17.479999542236328,42500,0.0,0.0
2023-02-13 00:00:00-05:00,17.479999542236328,17.5,17.389999389648438,17.479999542236328,38800,0.0,0.0
2023-02-14 00:00:00-05:00,17.399999618530273,17.5,17.309999465942383,17.3700008392334,39000,0.0,0.0
2023-02-15 00:00:00-05:00,17.270000457763672,17.440000534057617,17.270000457763672,17.440000534057617,31000,0.0,0.0
2023-02-16 00:00:00-05:00,17.200000762939453,17.399999618530273,17.09000015258789,17.209999084472656,40800,0.0,0.0
2023-02-17 00:00:00-05:00,17.309999465942383,17.350000381469727,17.18000030517578,17.350000381469727,52000,0.0,0.0
2023-02-21 00:00:00-05:00,17.25,17.3700008392334,17.200000762939453,17.229999542236328,68200,0.0,0.0
2023-02-22 00:00:00-05:00,17.25,17.290000915527344,17.010000228881836,17.040000915527344,37100,0.0,0.0
2023-02-23 00:00:00-05:00,17.1200008392334,17.149999618530273,17.030000686645508,17.1200008392334,32900,0.0,0.0
2023-02-24 00:00:00-05:00,17.059999465942383,17.1299991607666,16.920000076293945,17.040000915527344,39200,0.0,0.0
2023-02-27 00:00:00-05:00,17.059999465942383,17.229999542236328,16.989999771118164,17.059999465942383,32200,0.0,0.0
2023-02-28 00:00:00-05:00,17.1299991607666,17.18000030517578,17.059999465942383,17.059999465942383,38300,0.0,0.0
2023-03-01 00:00:00-05:00,17.06999969482422,17.139999389648438,16.989999771118164,17.100000381469727,30500,0.0,0.0
2023-03-02 00:00:00-05:00,17.0,17.06999969482422,16.950000762939453,17.040000915527344,42900,0.0,0.0
2023-03-03 00:00:00-05:00,17.010000228881836,17.040000915527344,16.969999313354492,17.0,58500,0.0,0.0
2023-03-06 00:00:00-05:00,17.0,17.040000915527344,16.90999984741211,17.0,54200,0.0,0.0
2023-03-07 00:00:00-05:00,16.950000762939453,17.0,16.770000457763672,16.84000015258789,116900,0.0,0.0
2023-03-08 00:00:00-05:00,17.0,17.0,16.790000915527344,16.889999389648438,117600,0.0,0.0
2023-03-09 00:00:00-05:00,16.8700008392334,16.8799991607666,16.31999969482422,16.3799991607666,91200,0.0,0.0
2023-03-10 00:00:00-05:00,16.1200008392334,16.3700008392334,15.420000076293945,15.760000228881836,117500,0.0,0.0
2023-03-13 00:00:00-04:00,15.390000343322754,16.100000381469727,14.329999923706055,14.520000457763672,207300,0.0,0.0
2023-03-14 00:00:00-04:00,15.140000343322754,15.9399995803833,14.529999732971191,14.609999656677246,220100,0.0,0.0
2023-03-15 00:00:00-04:00,14.369999885559082,14.699999809265137,14.220000267028809,14.609999656677246,140600,0.0,0.0
2023-03-16 00:00:00-04:00,14.420000076293945,15.130000114440918,14.390000343322754,15.010000228881836,173000,0.0,0.0
2023-03-17 00:00:00-04:00,14.890000343322754,15.25,14.079999923706055,14.140000343322754,302100,0.0,0.0
2023-03-20 00:00:00-04:00,14.449999809265137,14.9399995803833,14.239999771118164,14.3100004196167,102700,0.0,0.0
2023-03-21 00:00:00-04:00,14.600000381469727,15.369999885559082,14.529999732971191,14.789999961853027,198800,0.0,0.0
2023-03-22 00:00:00-04:00,14.829999923706055,14.949999809265137,14.289999961853027,14.329999923706055,166800,0.0,0.0
2023-03-23 00:00:00-04:00,14.420000076293945,14.550000190734863,14.0,14.15999984741211,83300,0.0,0.0
2023-03-24 00:00:00-04:00,14.109999656677246,14.539999961853027,14.0,14.520000457763672,79500,0.0,0.0
2023-03-27 00:00:00-04:00,14.739999771118164,14.920000076293945,14.449999809265137,14.489999771118164,73500,0.0,0.0
2023-03-28 00:00:00-04:00,14.420000076293945,14.649999618530273,14.319999694824219,14.449999809265137,41900,0.0,0.0
2023-03-29 00:00:00-04:00,14.520000457763672,14.550000190734863,14.359999656677246,14.5,34400,0.0,0.0
2023-03-30 00:00:00-04:00,14.550000190734863,14.609999656677246,14.020000457763672,14.260000228881836,82400,0.0,0.0
2023-03-31 00:00:00-04:00,14.300000190734863,14.510000228881836,14.220000267028809,14.279999732971191,126200,0.0,0.0
2023-04-03 00:00:00-04:00,14.300000190734863,14.449999809265137,14.069999694824219,14.25,68900,0.0,0.0
2023-04-04 00:00:00-04:00,14.329999923706055,14.329999923706055,13.779999732971191,13.829999923706055,76200,0.0,0.0
2023-04-05 00:00:00-04:00,13.760000228881836,13.90999984741211,13.619999885559082,13.720000267028809,89900,0.0,0.0
2023-04-06 00:00:00-04:00,13.609999656677246,13.9399995803833,13.600000381469727,13.729999542236328,50900,0.0,0.0
2023-04-10 00:00:00-04:00,13.699999809265137,13.789999961853027,13.619999885559082,13.670000076293945,65600,0.0,0.0
2023-04-11 00:00:00-04:00,13.649999618530273,13.729999542236328,13.520000457763672,13.609999656677246,79800,0.0,0.0
2023-04-12 00:00:00-04:00,13.609999656677246,13.640000343322754,13.40999984741211,13.539999961853027,56300,0.0,0.0
2023-04-13 00:00:00-04:00,13.520000457763672,13.739999771118164,13.479999542236328,13.649999618530273,101900,0.0,0.0
2023-04-14 00:00:00-04:00,13.75,13.789999961853027,13.300000190734863,13.380000114440918,100400,0.0,0.0
2023-04-17 00:00:00-04:00,13.279999732971191,13.520000457763672,13.210000038146973,13.520000457763672,53100,0.0,0.0
2023-04-18 00:00:00-04:00,13.520000457763672,13.619999885559082,13.399999618530273,13.600000381469727,76700,0.0,0.0
2023-04-19 00:00:00-04:00,13.649999618530273,13.970000267028809,13.569999694824219,13.9399995803833,57100,0.0,0.0
2023-04-20 00:00:00-04:00,13.90999984741211,14.0,13.579999923706055,13.699999809265137,58700,0.0,0.0
2023-04-21 00:00:00-04:00,13.609999656677246,13.869999885559082,13.539999961853027,13.6899995803833,44100,0.0,0.0
2023-04-24 00:00:00-04:00,13.75,13.779999732971191,13.279999732971191,13.289999961853027,45100,0.0,0.0
2023-04-25 00:00:00-04:00,13.210000038146973,13.399999618530273,12.890000343322754,12.979999542236328,93700,0.0,0.0
2023-04-26 00:00:00-04:00,13.010000228881836,13.199999809265137,12.869999885559082,12.989999771118164,43300,0.0,0.0
2023-04-27 00:00:00-04:00,13.09000015258789,13.1899995803833,12.949999809265137,13.149999618530273,37600,0.0,0.0
2023-04-28 00:00:00-04:00,13.010000228881836,13.569999694824219,13.010000228881836,13.279999732971191,35900,0.0,0.0
2023-05-01 00:00:00-04:00,13.220000267028809,13.270000457763672,12.899999618530273,12.90999984741211,39700,0.0,0.0
2023-05-02 00:00:00-04:00,12.899999618530273,12.920000076293945,11.6899995803833,11.6899995803833,86400,0.0,0.0
2023-05-03 00:00:00-04:00,11.800000190734863,12.1899995803833,11.260000228881836,11.300000190734863,92600,0.0,0.0
2023-05-04 00:00:00-04:00,11.130000114440918,11.279999732971191,10.720000267028809,11.15999984741211,98700,0.0,0.0
2023-05-05 00:00:00-04:00,11.510000228881836,11.6899995803833,11.260000228881836,11.569999694824219,51600,0.0,0.0
2023-05-08 00:00:00-04:00,11.729999542236328,11.729999542236328,11.229999542236328,11.329999923706055,79500,0.0,0.0
2023-05-09 00:00:00-04:00,11.25,11.369999885559082,11.0600004196167,11.25,37700,0.0,0.0
2023-05-10 00:00:00-04:00,11.430000305175781,11.729999542236328,11.029999732971191,11.119999885559082,51100,0.0,0.0
2023-05-11 00:00:00-04:00,10.899999618530273,11.1899995803833,10.75,10.800000190734863,83000,0.0,0.0
2023-05-12 00:00:00-04:00,10.819999694824219,10.880000114440918,10.649999618530273,10.770000457763672,82500,0.0,0.0
2023-05-15 00:00:00-04:00,10.729999542236328,11.0,10.729999542236328,10.899999618530273,43200,0.0,0.0
2023-05-16 00:00:00-04:00,11.050000190734863,11.079999923706055,10.720000267028809,10.75,31000,0.0,0.0
2023-05-17 00:00:00-04:00,10.899999618530273,11.520000457763672,10.899999618530273,11.520000457763672,61000,0.0,0.0
2023-05-18 00:00:00-04:00,11.539999961853027,11.609999656677246,11.390000343322754,11.479999542236328,92600,0.0,0.0
2023-05-19 00:00:00-04:00,11.630000114440918,12.229999542236328,11.210000038146973,11.239999771118164,54000,0.0,0.0
2023-05-22 00:00:00-04:00,11.649999618530273,11.699999809265137,11.380000114440918,11.539999961853027,79400,0.0,0.0
2023-05-23 00:00:00-04:00,11.520000457763672,11.84000015258789,11.449999809265137,11.5,135900,0.0,0.0
2023-05-24 00:00:00-04:00,11.510000228881836,11.75,11.3100004196167,11.420000076293945,80800,0.0,0.0
2023-05-25 00:00:00-04:00,11.359999656677246,11.65999984741211,11.140000343322754,11.1899995803833,52100,0.0,0.0
2023-05-26 00:00:00-04:00,11.220000267028809,11.3100004196167,11.079999923706055,11.1899995803833,62700,0.0,0.0
2023-05-30 00:00:00-04:00,11.279999732971191,11.449999809265137,11.180000305175781,11.399999618530273,37300,0.0,0.0
2023-05-31 00:00:00-04:00,11.399999618530273,11.420000076293945,11.09000015258789,11.260000228881836,84400,0.0,0.0
2023-06-01 00:00:00-04:00,11.289999961853027,11.4399995803833,11.140000343322754,11.270000457763672,46100,0.0,0.0
2023-06-02 00:00:00-04:00,11.399999618530273,11.699999809265137,11.350000381469727,11.630000114440918,106400,0.0,0.0
2023-06-05 00:00:00-04:00,11.65999984741211,11.890000343322754,11.4399995803833,11.489999771118164,83500,0.0,0.0
2023-06-06 00:00:00-04:00,11.5,11.869999885559082,11.479999542236328,11.6899995803833,114700,0.0,0.0
2023-06-07 00:00:00-04:00,11.789999961853027,12.34000015258789,11.779999732971191,12.199999809265137,111800,0.0,0.0
2023-06-08 00:00:00-04:00,12.210000038146973,12.25,12.010000228881836,12.15999984741211,66300,0.0,0.0
2023-06-09 00:00:00-04:00,12.279999732971191,12.279999732971191,12.010000228881836,12.079999923706055,54900,0.0,0.0
2023-06-12 00:00:00-04:00,12.079999923706055,12.380000114440918,12.010000228881836,12.069999694824219,44200,0.0,0.0
2023-06-13 00:00:00-04:00,12.09000015258789,12.630000114440918,12.079999923706055,12.600000381469727,72800,0.0,0.0
2023-06-14 00:00:00-04:00,12.630000114440918,12.770000457763672,12.369999885559082,12.430000305175781,154700,0.0,0.0
2023-06-15 00:00:00-04:00,12.40999984741211,12.600000381469727,12.3100004196167,12.520000457763672,58000,0.0,0.0
2023-06-16 00:00:00-04:00,12.630000114440918,12.970000267028809,12.399999618530273,12.859999656677246,536600,0.0,0.0
2023-06-20 00:00:00-04:00,12.859999656677246,13.199999809265137,12.5,12.520000457763672,119200,0.0,0.0
2023-06-21 00:00:00-04:00,12.520000457763672,12.800000190734863,12.279999732971191,12.319999694824219,98700,0.0,0.0
2023-06-22 00:00:00-04:00,12.300000190734863,12.319999694824219,11.920000076293945,12.0,194300,0.0,0.0
2023-06-23 00:00:00-04:00,11.890000343322754,12.109999656677246,11.890000343322754,12.079999923706055,401100,0.0,0.0
2023-06-26 00:00:00-04:00,12.079999923706055,12.25,11.9399995803833,11.949999809265137,54100,0.0,0.0
2023-06-27 00:00:00-04:00,12.0,12.0,11.8100004196167,11.859999656677246,52600,0.0,0.0
2023-06-28 00:00:00-04:00,11.899999618530273,11.899999618530273,11.609999656677246,11.699999809265137,65100,0.0,0.0
2023-06-29 00:00:00-04:00,11.819999694824219,12.079999923706055,11.729999542236328,11.800000190734863,57800,0.0,0.0
2023-06-30 00:00:00-04:00,11.869999885559082,11.899999618530273,11.479999542236328,11.5600004196167,358100,0.0,0.0
2023-07-03 00:00:00-04:00,11.680000305175781,12.109999656677246,11.680000305175781,11.800000190734863,110100,0.0,0.0
2023-07-05 00:00:00-04:00,11.789999961853027,11.899999618530273,11.600000381469727,11.619999885559082,176200,0.0,0.0
2023-07-06 00:00:00-04:00,11.510000228881836,11.510000228881836,10.970000267028809,11.0,106900,0.0,0.0
2023-07-07 00:00:00-04:00,11.0,11.5600004196167,11.0,11.529999732971191,252100,0.0,0.0
2023-07-10 00:00:00-04:00,11.479999542236328,11.8100004196167,11.399999618530273,11.449999809265137,135000,0.0,0.0
2023-07-11 00:00:00-04:00,11.390000343322754,11.649999618530273,11.390000343322754,11.5,145500,0.0,0.0
2023-07-12 00:00:00-04:00,11.59000015258789,11.949999809265137,11.59000015258789,11.699999809265137,131600,0.0,0.0
2023-07-13 00:00:00-04:00,11.75,11.920000076293945,11.75,11.850000381469727,125800,0.0,0.0
2023-07-14 00:00:00-04:00,11.949999809265137,11.949999809265137,11.569999694824219,11.649999618530273,82500,0.0,0.0
2023-07-17 00:00:00-04:00,11.630000114440918,11.960000038146973,11.630000114440918,11.829999923706055,132100,0.0,0.0
2023-07-18 00:00:00-04:00,11.84000015258789,12.479999542236328,11.84000015258789,12.399999618530273,224400,0.0,0.0
2023-07-19 00:00:00-04:00,12.479999542236328,12.760000228881836,12.430000305175781,12.65999984741211,170900,0.0,0.0
2023-07-20 00:00:00-04:00,12.670000076293945,12.770000457763672,12.619999885559082,12.699999809265137,162000,0.0,0.0
2023-07-21 00:00:00-04:00,12.75,12.770000457763672,12.479999542236328,12.520000457763672,89400,0.0,0.0
2023-07-24 00:00:00-04:00,12.550000190734863,12.880000114440918,12.550000190734863,12.800000190734863,174000,0.0,0.0
2023-07-25 00:00:00-04:00,12.800000190734863,13.020000457763672,12.670000076293945,12.6899995803833,125900,0.0,0.0
2023-07-26 00:00:00-04:00,12.829999923706055,13.34000015258789,12.829999923706055,13.199999809265137,145500,0.0,0.0
2023-07-27 00:00:00-04:00,13.369999885559082,13.369999885559082,13.010000228881836,13.039999961853027,313700,0.0,0.0
2023-07-28 00:00:00-04:00,12.680000305175781,13.140000343322754,11.9399995803833,12.0,131700,0.0,0.0
2023-07-31 00:00:00-04:00,12.069999694824219,12.239999771118164,11.869999885559082,11.899999618530273,155900,0.0,0.0
2023-08-01 00:00:00-04:00,11.850000381469727,12.0,11.779999732971191,11.800000190734863,159100,0.0,0.0
2023-08-02 00:00:00-04:00,11.680000305175781,11.989999771118164,11.5600004196167,11.600000381469727,143600,0.0,0.0
2023-08-03 00:00:00-04:00,11.460000038146973,11.630000114440918,11.3100004196167,11.350000381469727,174600,0.0,0.0
2023-08-04 00:00:00-04:00,11.359999656677246,11.529999732971191,11.260000228881836,11.270000457763672,121400,0.0,0.0
2023-08-07 00:00:00-04:00,11.359999656677246,11.630000114440918,11.140000343322754,11.630000114440918,141900,0.0,0.0
2023-08-08 00:00:00-04:00,11.40999984741211,11.460000038146973,11.199999809265137,11.449999809265137,70700,0.0,0.0
2023-08-09 00:00:00-04:00,11.399999618530273,11.40999984741211,11.25,11.270000457763672,136600,0.0,0.0
2023-08-10 00:00:00-04:00,11.380000114440918,11.729999542236328,11.359999656677246,11.6899995803833,194800,0.0,0.0
2023-08-11 00:00:00-04:00,11.600000381469727,11.789999961853027,11.319999694824219,11.399999618530273,116700,0.0,0.0
2023-08-14 00:00:00-04:00,11.449999809265137,11.449999809265137,11.279999732971191,11.390000343322754,70700,0.0,0.0
2023-08-15 00:00:00-04:00,11.600000381469727,11.630000114440918,11.300000190734863,11.319999694824219,137400,0.0,0.0
2023-08-16 00:00:00-04:00,11.350000381469727,11.449999809265137,11.0600004196167,11.069999694824219,71500,0.0,0.0
2023-08-17 00:00:00-04:00,11.069999694824219,11.1899995803833,11.039999961853027,11.069999694824219,65100,0.0,0.0
2023-08-18 00:00:00-04:00,10.970000267028809,11.130000114440918,10.949999809265137,11.050000190734863,146500,0.0,0.0
2023-08-21 00:00:00-04:00,11.239999771118164,11.239999771118164,11.050000190734863,11.050000190734863,74000,0.0,0.0
2023-08-22 00:00:00-04:00,11.010000228881836,11.130000114440918,10.609999656677246,10.65999984741211,101000,0.0,0.0
2023-08-23 00:00:00-04:00,10.619999885559082,10.800000190734863,10.609999656677246,10.710000038146973,86200,0.0,0.0
2023-08-24 00:00:00-04:00,10.6899995803833,10.9399995803833,10.6899995803833,10.819999694824219,65300,0.0,0.0
2023-08-25 00:00:00-04:00,10.890000343322754,10.949999809265137,10.770000457763672,10.84000015258789,41600,0.0,0.0
2023-08-28 00:00:00-04:00,10.869999885559082,11.050000190734863,10.869999885559082,11.010000228881836,137700,0.0,0.0
2023-08-29 00:00:00-04:00,11.050000190734863,11.279999732971191,11.010000228881836,11.239999771118164,87400,0.0,0.0
2023-08-30 00:00:00-04:00,11.239999771118164,11.239999771118164,11.100000381469727,11.140000343322754,45000,0.0,0.0
2023-08-31 00:00:00-04:00,11.180000305175781,11.229999542236328,11.0600004196167,11.079999923706055,142200,0.0,0.0
2023-09-01 00:00:00-04:00,11.149999618530273,11.510000228881836,11.149999618530273,11.489999771118164,104900,0.0,0.0
2023-09-05 00:00:00-04:00,11.430000305175781,11.5600004196167,11.369999885559082,11.460000038146973,122900,0.0,0.0
2023-09-06 00:00:00-04:00,11.479999542236328,11.479999542236328,11.039999961853027,11.0600004196167,90700,0.0,0.0
2023-09-07 00:00:00-04:00,11.0,11.119999885559082,10.789999961853027,10.829999923706055,239900,0.0,0.0
2023-09-08 00:00:00-04:00,10.899999618530273,10.989999771118164,10.789999961853027,10.890000343322754,87200,0.0,0.0
2023-09-11 00:00:00-04:00,10.899999618530273,11.010000228881836,10.789999961853027,10.90999984741211,83900,0.0,0.0
2023-09-12 00:00:00-04:00,10.880000114440918,11.039999961853027,10.880000114440918,11.0,49400,0.0,0.0
2023-09-13 00:00:00-04:00,11.010000228881836,11.020000457763672,10.8100004196167,11.0,84400,0.0,0.0
2023-09-14 00:00:00-04:00,11.050000190734863,11.329999923706055,11.050000190734863,11.279999732971191,57700,0.0,0.0
2023-09-15 00:00:00-04:00,11.279999732971191,11.40999984741211,11.210000038146973,11.300000190734863,178800,0.0,0.0
2023-09-18 00:00:00-04:00,11.289999961853027,11.289999961853027,10.890000343322754,10.9399995803833,94400,0.0,0.0
2023-09-19 00:00:00-04:00,10.920000076293945,11.0,10.710000038146973,10.75,66800,0.0,0.0
2023-09-20 00:00:00-04:00,10.819999694824219,10.850000381469727,10.75,10.75,48800,0.0,0.0
2023-09-21 00:00:00-04:00,10.710000038146973,10.75,10.529999732971191,10.5600004196167,77100,0.0,0.0
2023-09-22 00:00:00-04:00,10.59000015258789,10.65999984741211,10.40999984741211,10.430000305175781,105000,0.0,0.0
2023-09-25 00:00:00-04:00,10.350000381469727,10.640000343322754,10.350000381469727,10.520000457763672,69000,0.0,0.0
2023-09-26 00:00:00-04:00,10.489999771118164,10.699999809265137,10.4399995803833,10.59000015258789,141200,0.0,0.0
2023-09-27 00:00:00-04:00,10.600000381469727,10.630000114440918,10.270000457763672,10.300000190734863,62500,0.0,0.0
2023-09-28 00:00:00-04:00,10.34000015258789,10.5,10.3100004196167,10.399999618530273,54500,0.0,0.0
2023-09-29 00:00:00-04:00,10.460000038146973,10.640000343322754,10.420000076293945,10.520000457763672,88500,0.0,0.0
2023-10-02 00:00:00-04:00,10.449999809265137,10.579999923706055,10.25,10.279999732971191,90900,0.0,0.0
2023-10-03 00:00:00-04:00,10.260000228881836,10.260000228881836,9.970000267028809,9.989999771118164,80800,0.0,0.0
2023-10-04 00:00:00-04:00,10.069999694824219,10.270000457763672,9.9399995803833,10.239999771118164,74700,0.0,0.0
2023-10-05 00:00:00-04:00,10.399999618530273,10.4399995803833,10.260000228881836,10.40999984741211,76500,0.0,0.0
2023-10-06 00:00:00-04:00,10.420000076293945,10.75,10.279999732971191,10.5,88700,0.0,0.0
2023-10-09 00:00:00-04:00,10.399999618530273,10.619999885559082,10.399999618530273,10.550000190734863,69500,0.0,0.0
2023-10-10 00:00:00-04:00,10.65999984741211,10.819999694824219,10.59000015258789,10.59000015258789,53200,0.0,0.0
2023-10-11 00:00:00-04:00,10.609999656677246,10.720000267028809,10.510000228881836,10.670000076293945,57400,0.0,0.0
2023-10-12 00:00:00-04:00,10.630000114440918,10.729999542236328,10.430000305175781,10.539999961853027,64500,0.0,0.0
2023-10-13 00:00:00-04:00,10.609999656677246,10.65999984741211,10.199999809265137,10.220000267028809,55800,0.0,0.0
2023-10-16 00:00:00-04:00,10.350000381469727,10.529999732971191,10.329999923706055,10.4399995803833,53100,0.0,0.0
2023-10-17 00:00:00-04:00,10.369999885559082,10.8100004196167,10.369999885559082,10.680000305175781,80300,0.0,0.0
2023-10-18 00:00:00-04:00,10.630000114440918,10.760000228881836,10.350000381469727,10.380000114440918,53100,0.0,0.0
2023-10-19 00:00:00-04:00,10.420000076293945,10.529999732971191,10.25,10.289999961853027,47700,0.0,0.0
2023-10-20 00:00:00-04:00,10.319999694824219,10.600000381469727,10.029999732971191,10.039999961853027,91600,0.0,0.0
2023-10-23 00:00:00-04:00,10.039999961853027,10.279999732971191,10.0,10.069999694824219,77000,0.0,0.0
2023-10-24 00:00:00-04:00,10.170000076293945,10.170000076293945,9.720000267028809,9.90999984741211,72500,0.0,0.0
2023-10-25 00:00:00-04:00,9.880000114440918,10.050000190734863,9.65999984741211,9.970000267028809,65600,0.0,0.0
2023-10-26 00:00:00-04:00,10.0600004196167,10.420000076293945,10.0600004196167,10.380000114440918,45400,0.0,0.0
2023-10-27 00:00:00-04:00,10.430000305175781,10.430000305175781,10.050000190734863,10.180000305175781,37900,0.0,0.0
2023-10-30 00:00:00-04:00,10.279999732971191,10.470000267028809,10.279999732971191,10.380000114440918,33900,0.0,0.0
2023-10-31 00:00:00-04:00,10.430000305175781,10.479999542236328,10.229999542236328,10.260000228881836,113200,0.0,0.0
2023-11-01 00:00:00-04:00,10.210000038146973,10.470000267028809,10.109999656677246,10.420000076293945,67400,0.0,0.0
2023-11-02 00:00:00-04:00,10.430000305175781,10.890000343322754,10.430000305175781,10.859999656677246,67900,0.0,0.0
2023-11-03 00:00:00-04:00,11.15999984741211,11.920000076293945,11.15999984741211,11.819999694824219,102500,0.0,0.0
2023-11-06 00:00:00-05:00,11.8100004196167,11.8100004196167,11.470000267028809,11.489999771118164,51300,0.0,0.0
2023-11-07 00:00:00-05:00,11.5,11.550000190734863,11.399999618530273,11.489999771118164,44700,0.0,0.0
2023-11-08 00:00:00-05:00,11.479999542236328,11.479999542236328,11.170000076293945,11.260000228881836,52300,0.0,0.0
2023-11-09 00:00:00-05:00,11.319999694824219,11.350000381469727,11.069999694824219,11.1899995803833,45500,0.0,0.0
2023-11-10 00:00:00-05:00,11.229999542236328,11.260000228881836,11.020000457763672,11.170000076293945,49200,0.0,0.0
2023-11-13 00:00:00-05:00,11.09000015258789,11.25,11.09000015258789,11.1899995803833,31800,0.0,0.0
2023-11-14 00:00:00-05:00,11.649999618530273,12.119999885559082,11.649999618530273,12.109999656677246,86800,0.0,0.0
2023-11-15 00:00:00-05:00,12.079999923706055,12.319999694824219,12.079999923706055,12.140000343322754,59800,0.0,0.0
2023-11-16 00:00:00-05:00,12.079999923706055,12.079999923706055,11.8100004196167,11.920000076293945,41500,0.0,0.0
2023-11-17 00:00:00-05:00,12.050000190734863,12.199999809265137,11.979999542236328,12.029999732971191,57200,0.0,0.0
2023-11-20 00:00:00-05:00,12.100000381469727,12.180000305175781,12.0,12.109999656677246,31400,0.0,0.0
2023-11-21 00:00:00-05:00,12.0600004196167,12.220000267028809,11.869999885559082,11.890000343322754,30600,0.0,0.0
2023-11-22 00:00:00-05:00,12.029999732971191,12.109999656677246,11.899999618530273,11.949999809265137,32100,0.0,0.0
2023-11-24 00:00:00-05:00,11.930000305175781,12.210000038146973,11.930000305175781,11.979999542236328,19200,0.0,0.0
2023-11-27 00:00:00-05:00,11.90999984741211,11.989999771118164,11.8100004196167,11.819999694824219,36900,0.0,0.0
2023-11-28 00:00:00-05:00,11.890000343322754,11.890000343322754,11.6899995803833,11.779999732971191,65600,0.0,0.0
2023-11-29 00:00:00-05:00,11.9399995803833,12.239999771118164,11.9399995803833,12.039999961853027,57100,0.0,0.0
2023-11-30 00:00:00-05:00,12.25,12.25,11.84000015258789,11.9399995803833,97800,0.0,0.0
2023-12-01 00:00:00-05:00,11.989999771118164,12.680000305175781,11.989999771118164,12.630000114440918,73800,0.0,0.0
2023-12-04 00:00:00-05:00,12.630000114440918,12.970000267028809,12.630000114440918,12.930000305175781,33000,0.0,0.0
2023-12-05 00:00:00-05:00,12.930000305175781,13.020000457763672,12.760000228881836,12.890000343322754,73000,0.0,0.0
2023-12-06 00:00:00-05:00,13.0,13.430000305175781,12.539999961853027,12.59000015258789,190600,0.0,0.0
2023-12-07 00:00:00-05:00,12.720000267028809,12.979999542236328,12.720000267028809,12.899999618530273,45700,0.0,0.0
2023-12-08 00:00:00-05:00,12.880000114440918,13.050000190734863,12.869999885559082,12.979999542236328,38100,0.0,0.0
2023-12-11 00:00:00-05:00,13.0600004196167,13.0600004196167,12.90999984741211,12.90999984741211,47300,0.0,0.0
2023-12-12 00:00:00-05:00,12.989999771118164,12.989999771118164,12.800000190734863,12.859999656677246,38000,0.0,0.0
2023-12-13 00:00:00-05:00,12.970000267028809,13.819999694824219,12.880000114440918,13.800000190734863,306400,0.0,0.0
2023-12-14 00:00:00-05:00,14.050000190734863,14.430000305175781,13.880000114440918,13.949999809265137,128100,0.0,0.0
2023-12-15 00:00:00-05:00,14.079999923706055,14.079999923706055,13.760000228881836,13.949999809265137,303100,0.0,0.0
2023-12-18 00:00:00-05:00,14.029999732971191,14.039999961853027,13.779999732971191,13.829999923706055,57500,0.0,0.0
2023-12-19 00:00:00-05:00,13.829999923706055,14.100000381469727,13.829999923706055,13.989999771118164,97600,0.0,0.0
2023-12-20 00:00:00-05:00,13.979999542236328,14.430000305175781,13.890000343322754,13.899999618530273,84900,0.0,0.0
2023-12-21 00:00:00-05:00,14.050000190734863,14.100000381469727,13.890000343322754,13.979999542236328,52800,0.0,0.0
2023-12-22 00:00:00-05:00,14.0600004196167,14.319999694824219,14.0600004196167,14.1899995803833,63400,0.0,0.0
2023-12-26 00:00:00-05:00,14.170000076293945,14.329999923706055,14.170000076293945,14.270000457763672,54600,0.0,0.0
2023-12-27 00:00:00-05:00,14.350000381469727,14.5,14.199999809265137,14.40999984741211,51900,0.0,0.0
2023-12-28 00:00:00-05:00,14.380000114440918,14.510000228881836,14.350000381469727,14.399999618530273,45400,0.0,0.0
2023-12-29 00:00:00-05:00,14.350000381469727,14.4399995803833,14.210000038146973,14.25,86500,0.0,0.0
2024-01-02 00:00:00-05:00,14.199999809265137,14.380000114440918,14.0600004196167,14.100000381469727,61900,0.0,0.0
2024-01-03 00:00:00-05:00,14.039999961853027,14.039999961853027,13.390000343322754,13.430000305175781,89800,0.0,0.0
2024-01-04 00:00:00-05:00,13.4399995803833,13.699999809265137,13.4399995803833,13.5600004196167,67200,0.0,0.0
2024-01-05 00:00:00-05:00,13.449999809265137,13.800000190734863,13.420000076293945,13.640000343322754,206800,0.0,0.0
2024-01-08 00:00:00-05:00,13.640000343322754,13.680000305175781,13.5,13.609999656677246,34700,0.0,0.0
2024-01-09 00:00:00-05:00,13.430000305175781,13.539999961853027,13.3100004196167,13.359999656677246,59500,0.0,0.0
2024-01-10 00:00:00-05:00,13.289999961853027,13.40999984741211,13.149999618530273,13.329999923706055,39700,0.0,0.0
2024-01-11 00:00:00-05:00,13.199999809265137,13.350000381469727,12.970000267028809,13.140000343322754,57700,0.0,0.0
2024-01-12 00:00:00-05:00,13.279999732971191,13.430000305175781,12.9399995803833,12.979999542236328,46000,0.0,0.0
2024-01-16 00:00:00-05:00,12.880000114440918,13.050000190734863,12.649999618530273,12.699999809265137,42700,0.0,0.0
2024-01-17 00:00:00-05:00,12.5,12.880000114440918,12.5,12.869999885559082,53200,0.0,0.0
2024-01-18 00:00:00-05:00,12.930000305175781,13.399999618530273,12.789999961853027,12.979999542236328,29500,0.0,0.0
2024-01-19 00:00:00-05:00,13.119999885559082,13.199999809265137,12.869999885559082,13.109999656677246,43700,0.0,0.0
2024-01-22 00:00:00-05:00,13.289999961853027,13.489999771118164,13.039999961853027,13.479999542236328,50000,0.0,0.0
2024-01-23 00:00:00-05:00,13.630000114440918,13.630000114440918,13.359999656677246,13.380000114440918,52700,0.0,0.0
2024-01-24 00:00:00-05:00,13.619999885559082,13.739999771118164,13.369999885559082,13.550000190734863,28800,0.0,0.0
2024-01-25 00:00:00-05:00,13.859999656677246,13.859999656677246,13.5,13.59000015258789,56900,0.0,0.0
2024-01-26 00:00:00-05:00,13.739999771118164,13.869999885559082,13.680000305175781,13.760000228881836,31500,0.0,0.0
2024-01-29 00:00:00-05:00,13.699999809265137,13.84000015258789,13.5600004196167,13.829999923706055,44700,0.0,0.0
2024-01-30 00:00:00-05:00,13.770000457763672,13.899999618530273,13.5,13.680000305175781,59600,0.0,0.0
2024-01-31 00:00:00-05:00,13.420000076293945,13.649999618530273,12.920000076293945,12.9399995803833,70000,0.0,0.0
2024-02-01 00:00:00-05:00,12.989999771118164,13.319999694824219,11.819999694824219,12.140000343322754,129300,0.0,0.0
2024-02-02 00:00:00-05:00,11.880000114440918,12.029999732971191,11.550000190734863,11.5600004196167,86500,0.0,0.0
2024-02-05 00:00:00-05:00,11.399999618530273,11.399999618530273,10.970000267028809,11.100000381469727,226700,0.0,0.0
2024-02-06 00:00:00-05:00,11.15999984741211,11.34000015258789,11.050000190734863,11.100000381469727,93700,0.0,0.0
2024-02-07 00:00:00-05:00,11.170000076293945,12.279999732971191,10.859999656677246,11.020000457763672,187400,0.0,0.0
2024-02-08 00:00:00-05:00,11.0,11.229999542236328,10.920000076293945,11.050000190734863,124100,0.0,0.0
2024-02-09 00:00:00-05:00,10.949999809265137,11.300000190734863,10.90999984741211,11.260000228881836,74100,0.0,0.0
2024-02-12 00:00:00-05:00,11.210000038146973,11.630000114440918,11.210000038146973,11.5600004196167,111300,0.0,0.0
2024-02-13 00:00:00-05:00,11.3100004196167,11.460000038146973,10.90999984741211,11.039999961853027,214100,0.0,0.0
2024-02-14 00:00:00-05:00,11.09000015258789,11.279999732971191,11.010000228881836,11.239999771118164,62000,0.0,0.0
2024-02-15 00:00:00-05:00,11.380000114440918,11.779999732971191,11.380000114440918,11.720000267028809,106700,0.0,0.0
2024-02-16 00:00:00-05:00,11.630000114440918,11.75,11.40999984741211,11.65999984741211,230500,0.0,0.0
2024-02-20 00:00:00-05:00,11.5,11.75,11.489999771118164,11.59000015258789,73300,0.0,0.0
2024-02-21 00:00:00-05:00,11.510000228881836,11.760000228881836,11.399999618530273,11.4399995803833,59200,0.0,0.0
2024-02-22 00:00:00-05:00,11.420000076293945,11.569999694824219,11.170000076293945,11.3100004196167,105100,0.0,0.0
2024-02-23 00:00:00-05:00,11.350000381469727,11.460000038146973,11.180000305175781,11.350000381469727,41900,0.0,0.0
2024-02-26 00:00:00-05:00,11.329999923706055,11.539999961853027,11.15999984741211,11.210000038146973,94300,0.0,0.0
2024-02-27 00:00:00-05:00,11.359999656677246,11.510000228881836,11.210000038146973,11.25,42700,0.0,0.0
2024-02-28 00:00:00-05:00,11.119999885559082,11.34000015258789,11.119999885559082,11.220000267028809,52300,0.0,0.0
2024-02-29 00:00:00-05:00,11.539999961853027,11.609999656677246,11.25,11.359999656677246,114700,0.0,0.0
2024-03-01 00:00:00-05:00,11.279999732971191,11.5,11.050000190734863,11.199999809265137,98500,0.0,0.0
2024-03-04 00:00:00-05:00,11.25,11.34000015258789,11.079999923706055,11.109999656677246,33200,0.0,0.0
2024-03-05 00:00:00-05:00,11.039999961853027,11.5600004196167,11.039999961853027,11.449999809265137,67200,0.0,0.0
2024-03-06 00:00:00-05:00,11.470000267028809,11.609999656677246,11.170000076293945,11.34000015258789,89000,0.0,0.0
2024-03-07 00:00:00-05:00,11.510000228881836,11.729999542236328,11.260000228881836,11.319999694824219,40300,0.0,0.0
2024-03-08 00:00:00-05:00,11.520000457763672,11.649999618530273,11.300000190734863,11.329999923706055,44300,0.0,0.0
2024-03-11 00:00:00-04:00,11.260000228881836,11.460000038146973,11.260000228881836,11.359999656677246,39800,0.0,0.0
2024-03-12 00:00:00-04:00,11.34000015258789,11.520000457763672,11.180000305175781,11.229999542236328,52000,0.0,0.0
2024-03-13 00:00:00-04:00,11.170000076293945,11.529999732971191,11.149999618530273,11.229999542236328,58900,0.0,0.0
2024-03-14 00:00:00-04:00,11.140000343322754,11.420000076293945,10.84000015258789,10.880000114440918,87500,0.0,0.0
2024-03-15 00:00:00-04:00,10.850000381469727,11.09000015258789,10.739999771118164,10.779999732971191,246400,0.0,0.0
2024-03-18 00:00:00-04:00,10.779999732971191,10.84000015258789,10.5600004196167,10.710000038146973,107400,0.0,0.0
2024-03-19 00:00:00-04:00,10.729999542236328,10.850000381469727,10.680000305175781,10.729999542236328,45500,0.0,0.0
2024-03-20 00:00:00-04:00,10.649999618530273,11.289999961853027,10.649999618530273,11.210000038146973,86600,0.0,0.0
2024-03-21 00:00:00-04:00,11.300000190734863,11.449999809265137,11.220000267028809,11.369999885559082,76300,0.0,0.0
2024-03-22 00:00:00-04:00,11.390000343322754,11.510000228881836,11.109999656677246,11.149999618530273,48600,0.0,0.0
2024-03-25 00:00:00-04:00,11.210000038146973,11.4399995803833,11.069999694824219,11.170000076293945,42000,0.0,0.0
2024-03-26 00:00:00-04:00,11.289999961853027,11.289999961853027,11.0600004196167,11.100000381469727,66800,0.0,0.0
2024-03-27 00:00:00-04:00,11.109999656677246,11.40999984741211,11.109999656677246,11.399999618530273,109800,0.0,0.0
2024-03-28 00:00:00-04:00,11.380000114440918,11.640000343322754,11.260000228881836,11.5,81400,0.0,0.0
2024-04-01 00:00:00-04:00,11.479999542236328,11.899999618530273,11.09000015258789,11.09000015258789,61600,0.0,0.0
2024-04-02 00:00:00-04:00,11.0,11.140000343322754,10.699999809265137,10.920000076293945,167200,0.0,0.0
2024-04-03 00:00:00-04:00,10.930000305175781,11.010000228881836,10.869999885559082,10.899999618530273,45900,0.0,0.0
2024-04-04 00:00:00-04:00,11.069999694824219,11.199999809265137,10.920000076293945,10.949999809265137,64100,0.0,0.0
2024-04-05 00:00:00-04:00,10.920000076293945,11.039999961853027,10.770000457763672,10.899999618530273,76800,0.0,0.0
2024-04-08 00:00:00-04:00,11.039999961853027,11.0600004196167,10.930000305175781,10.960000038146973,40500,0.0,0.0
2024-04-09 00:00:00-04:00,11.0600004196167,11.109999656677246,10.930000305175781,11.010000228881836,39600,0.0,0.0
2024-04-10 00:00:00-04:00,10.800000190734863,10.800000190734863,10.260000228881836,10.399999618530273,115000,0.0,0.0
2024-04-11 00:00:00-04:00,10.489999771118164,10.489999771118164,10.260000228881836,10.34000015258789,64500,0.0,0.0
2024-04-12 00:00:00-04:00,10.270000457763672,10.510000228881836,10.229999542236328,10.359999656677246,36500,0.0,0.0
2024-04-15 00:00:00-04:00,10.380000114440918,10.630000114440918,10.220000267028809,10.3100004196167,36300,0.0,0.0
2024-04-16 00:00:00-04:00,10.3100004196167,10.3100004196167,10.149999618530273,10.170000076293945,68800,0.0,0.0
2024-04-17 00:00:00-04:00,10.289999961853027,10.350000381469727,10.0600004196167,10.079999923706055,60000,0.0,0.0
2024-04-18 00:00:00-04:00,10.09000015258789,10.1899995803833,10.09000015258789,10.15999984741211,87000,0.0,0.0
2024-04-19 00:00:00-04:00,10.119999885559082,10.5,10.119999885559082,10.430000305175781,165000,0.0,0.0
2024-04-22 00:00:00-04:00,10.520000457763672,10.649999618530273,10.510000228881836,10.579999923706055,76500,0.0,0.0
2024-04-23 00:00:00-04:00,10.65999984741211,10.8100004196167,10.640000343322754,10.649999618530273,73700,0.0,0.0
2024-04-24 00:00:00-04:00,10.550000190734863,10.789999961853027,10.550000190734863,10.670000076293945,90400,0.0,0.0
2024-04-25 00:00:00-04:00,10.510000228881836,10.649999618530273,10.420000076293945,10.579999923706055,83800,0.0,0.0
2024-04-26 00:00:00-04:00,10.680000305175781,10.680000305175781,10.479999542236328,10.529999732971191,49800,0.0,0.0
2024-04-29 00:00:00-04:00,10.550000190734863,10.630000114440918,10.40999984741211,10.430000305175781,49500,0.0,0.0
2024-04-30 00:00:00-04:00,10.359999656677246,10.449999809265137,10.3100004196167,10.350000381469727,48700,0.0,0.0
2024-05-01 00:00:00-04:00,10.3100004196167,10.710000038146973,10.3100004196167,10.550000190734863,89200,0.0,0.0
2024-05-02 00:00:00-04:00,10.640000343322754,10.720000267028809,10.59000015258789,10.699999809265137,162600,0.0,0.0
2024-05-03 00:00:00-04:00,10.75,11.289999961853027,10.75,11.210000038146973,78600,0.0,0.0
2024-05-06 00:00:00-04:00,11.210000038146973,11.3100004196167,11.109999656677246,11.149999618530273,61400,0.0,0.0
2024-05-07 00:00:00-04:00,11.289999961853027,11.319999694824219,11.100000381469727,11.100000381469727,79300,0.0,0.0
2024-05-08 00:00:00-04:00,11.010000228881836,11.180000305175781,11.010000228881836,11.15999984741211,50100,0.0,0.0
2024-05-09 00:00:00-04:00,11.15999984741211,11.25,11.15999984741211,11.170000076293945,79000,0.0,0.0
2024-05-10 00:00:00-04:00,11.25,11.279999732971191,11.100000381469727,11.210000038146973,63700,0.0,0.0
2024-05-13 00:00:00-04:00,11.270000457763672,11.350000381469727,11.050000190734863,11.09000015258789,107600,0.0,0.0
2024-05-14 00:00:00-04:00,11.229999542236328,11.319999694824219,11.0600004196167,11.079999923706055,50000,0.0,0.0
2024-05-15 00:00:00-04:00,11.069999694824219,11.199999809265137,11.0600004196167,11.149999618530273,39800,0.0,0.0
2024-05-16 00:00:00-04:00,11.15999984741211,11.399999618530273,11.119999885559082,11.369999885559082,56800,0.0,0.0
2024-05-17 00:00:00-04:00,11.460000038146973,11.800000190734863,11.40999984741211,11.670000076293945,64000,0.0,0.0
2024-05-20 00:00:00-04:00,11.640000343322754,11.84000015258789,11.569999694824219,11.569999694824219,55400,0.0,0.0
2024-05-21 00:00:00-04:00,11.550000190734863,11.640000343322754,11.539999961853027,11.59000015258789,37000,0.0,0.0
2024-05-22 00:00:00-04:00,11.579999923706055,11.640000343322754,11.430000305175781,11.529999732971191,60100,0.0,0.0
2024-05-23 00:00:00-04:00,11.510000228881836,11.529999732971191,11.25,11.270000457763672,143500,0.0,0.0
2024-05-24 00:00:00-04:00,11.229999542236328,11.350000381469727,11.229999542236328,11.289999961853027,57500,0.0,0.0
2024-05-28 00:00:00-04:00,11.270000457763672,11.680000305175781,11.119999885559082,11.170000076293945,78000,0.0,0.0
2024-05-29 00:00:00-04:00,11.109999656677246,11.449999809265137,10.9399995803833,10.960000038146973,77400,0.0,0.0
2024-05-30 00:00:00-04:00,11.15999984741211,11.289999961853027,11.020000457763672,11.1899995803833,43000,0.0,0.0
2024-05-31 00:00:00-04:00,11.329999923706055,11.399999618530273,11.260000228881836,11.3100004196167,55600,0.0,0.0
2024-06-03 00:00:00-04:00,11.430000305175781,11.430000305175781,11.020000457763672,11.029999732971191,60700,0.0,0.0
2024-06-04 00:00:00-04:00,10.960000038146973,11.109999656677246,10.800000190734863,10.899999618530273,86200,0.0,0.0
2024-06-05 00:00:00-04:00,10.960000038146973,11.039999961853027,10.869999885559082,10.880000114440918,51700,0.0,0.0
2024-06-06 00:00:00-04:00,10.84000015258789,10.949999809265137,10.84000015258789,10.920000076293945,32900,0.0,0.0
2024-06-07 00:00:00-04:00,10.850000381469727,10.9399995803833,10.819999694824219,10.829999923706055,37400,0.0,0.0
2024-06-10 00:00:00-04:00,10.760000228881836,10.890000343322754,10.609999656677246,10.680000305175781,43000,0.0,0.0
2024-06-11 00:00:00-04:00,10.609999656677246,10.670000076293945,10.539999961853027,10.59000015258789,152700,0.0,0.0
2024-06-12 00:00:00-04:00,10.960000038146973,11.100000381469727,10.819999694824219,10.890000343322754,133100,0.0,0.0
2024-06-13 00:00:00-04:00,10.880000114440918,10.930000305175781,10.630000114440918,10.670000076293945,31500,0.0,0.0
2024-06-14 00:00:00-04:00,10.539999961853027,10.579999923706055,10.4399995803833,10.489999771118164,45700,0.0,0.0
2024-06-17 00:00:00-04:00,10.479999542236328,10.670000076293945,10.359999656677246,10.649999618530273,61100,0.0,0.0
2024-06-18 00:00:00-04:00,10.699999809265137,10.760000228881836,10.640000343322754,10.670000076293945,63400,0.0,0.0
2024-06-20 00:00:00-04:00,10.59000015258789,10.829999923706055,10.59000015258789,10.619999885559082,54200,0.0,0.0
2024-06-21 00:00:00-04:00,10.550000190734863,10.789999961853027,10.479999542236328,10.5,176200,0.0,0.0
2024-06-24 00:00:00-04:00,10.479999542236328,10.680000305175781,10.470000267028809,10.550000190734863,259800,0.0,0.0
2024-06-25 00:00:00-04:00,10.529999732971191,10.670000076293945,10.390000343322754,10.5,116000,0.0,0.0
2024-06-26 00:00:00-04:00,10.390000343322754,10.859999656677246,10.390000343322754,10.779999732971191,198900,0.0,0.0
2024-06-27 00:00:00-04:00,10.770000457763672,11.0,10.739999771118164,11.0,46900,0.0,0.0
2024-06-28 00:00:00-04:00,11.130000114440918,11.550000190734863,11.09000015258789,11.449999809265137,551700,0.0,0.0
2024-07-01 00:00:00-04:00,11.460000038146973,11.510000228881836,11.270000457763672,11.369999885559082,74100,0.0,0.0
2024-07-02 00:00:00-04:00,11.380000114440918,11.510000228881836,11.329999923706055,11.460000038146973,48800,0.0,0.0
2024-07-03 00:00:00-04:00,11.489999771118164,11.489999771118164,11.289999961853027,11.329999923706055,25500,0.0,0.0
2024-07-05 00:00:00-04:00,11.289999961853027,11.510000228881836,11.029999732971191,11.069999694824219,71100,0.0,0.0
2024-07-08 00:00:00-04:00,11.109999656677246,11.319999694824219,11.109999656677246,11.210000038146973,56800,0.0,0.0
2024-07-09 00:00:00-04:00,11.210000038146973,11.350000381469727,11.149999618530273,11.350000381469727,23300,0.0,0.0
2024-07-10 00:00:00-04:00,11.329999923706055,11.520000457763672,11.329999923706055,11.479999542236328,48300,0.0,0.0
2024-07-11 00:00:00-04:00,11.789999961853027,12.350000381469727,11.739999771118164,12.170000076293945,129400,0.0,0.0
2024-07-12 00:00:00-04:00,12.25,12.539999961853027,12.239999771118164,12.260000228881836,66800,0.0,0.0
2024-07-15 00:00:00-04:00,12.4399995803833,12.989999771118164,12.430000305175781,12.710000038146973,92800,0.0,0.0
2024-07-16 00:00:00-04:00,12.90999984741211,13.569999694824219,12.890000343322754,13.539999961853027,103200,0.0,0.0
2024-07-17 00:00:00-04:00,13.390000343322754,13.890000343322754,13.369999885559082,13.59000015258789,147900,0.0,0.0
2024-07-18 00:00:00-04:00,13.5,13.850000381469727,13.300000190734863,13.3100004196167,166700,0.0,0.0
2024-07-19 00:00:00-04:00,13.329999923706055,13.619999885559082,13.210000038146973,13.3100004196167,69300,0.0,0.0
2024-07-22 00:00:00-04:00,13.3100004196167,13.710000038146973,13.149999618530273,13.630000114440918,105100,0.0,0.0
2024-07-23 00:00:00-04:00,13.539999961853027,13.979999542236328,13.539999961853027,13.880000114440918,159600,0.0,0.0
2024-07-24 00:00:00-04:00,13.779999732971191,14.020000457763672,13.760000228881836,13.770000457763672,184800,0.0,0.0
2024-07-25 00:00:00-04:00,13.920000076293945,14.670000076293945,13.710000038146973,14.4399995803833,164400,0.0,0.0
2024-07-26 00:00:00-04:00,14.850000381469727,14.989999771118164,14.529999732971191,14.640000343322754,144200,0.0,0.0
2024-07-29 00:00:00-04:00,14.65999984741211,14.6899995803833,14.420000076293945,14.529999732971191,81600,0.0,0.0
2024-07-30 00:00:00-04:00,14.270000457763672,14.699999809265137,14.270000457763672,14.619999885559082,160500,0.0,0.0
2024-07-31 00:00:00-04:00,14.640000343322754,14.9399995803833,14.420000076293945,14.520000457763672,147000,0.0,0.0
2024-08-01 00:00:00-04:00,14.470000267028809,14.630000114440918,13.779999732971191,13.8100004196167,135900,0.0,0.0
2024-08-02 00:00:00-04:00,13.210000038146973,13.739999771118164,12.319999694824219,13.430000305175781,79500,0.0,0.0
2024-08-05 00:00:00-04:00,12.90999984741211,13.1899995803833,12.609999656677246,12.920000076293945,107400,0.0,0.0
2024-08-06 00:00:00-04:00,12.90999984741211,13.140000343322754,12.75,12.920000076293945,70800,0.0,0.0
2024-08-07 00:00:00-04:00,13.119999885559082,13.1899995803833,12.779999732971191,12.819999694824219,54000,0.0,0.0
2024-08-08 00:00:00-04:00,13.020000457763672,13.15999984741211,12.800000190734863,12.90999984741211,50300,0.0,0.0
2024-08-09 00:00:00-04:00,12.890000343322754,13.170000076293945,12.729999542236328,12.859999656677246,51500,0.0,0.0
2024-08-12 00:00:00-04:00,12.930000305175781,13.100000381469727,12.569999694824219,12.649999618530273,58100,0.0,0.0
2024-08-13 00:00:00-04:00,12.800000190734863,13.069999694824219,12.569999694824219,12.789999961853027,53600,0.0,0.0
2024-08-14 00:00:00-04:00,12.819999694824219,12.850000381469727,12.670000076293945,12.770000457763672,43100,0.0,0.0
2024-08-15 00:00:00-04:00,13.100000381469727,13.390000343322754,13.079999923706055,13.170000076293945,72600,0.0,0.0
2024-08-16 00:00:00-04:00,13.170000076293945,13.640000343322754,13.170000076293945,13.399999618530273,223800,0.0,0.0
2024-08-19 00:00:00-04:00,13.399999618530273,13.59000015258789,13.34000015258789,13.489999771118164,77500,0.0,0.0
2024-08-20 00:00:00-04:00,13.529999732971191,13.529999732971191,13.300000190734863,13.350000381469727,44600,0.0,0.0
2024-08-21 00:00:00-04:00,13.4399995803833,13.4399995803833,13.25,13.319999694824219,38500,0.0,0.0
2024-08-22 00:00:00-04:00,13.369999885559082,13.449999809265137,13.25,13.34000015258789,64300,0.0,0.0
2024-08-23 00:00:00-04:00,13.479999542236328,14.40999984741211,13.329999923706055,14.119999885559082,91400,0.0,0.0
2024-08-26 00:00:00-04:00,14.239999771118164,14.319999694824219,14.100000381469727,14.210000038146973,99600,0.0,0.0
2024-08-27 00:00:00-04:00,14.140000343322754,14.25,14.0,14.15999984741211,53800,0.0,0.0
2024-08-28 00:00:00-04:00,14.239999771118164,14.380000114440918,14.029999732971191,14.15999984741211,51100,0.0,0.0
2024-08-29 00:00:00-04:00,14.319999694824219,14.350000381469727,14.100000381469727,14.149999618530273,68300,0.0,0.0
2024-08-30 00:00:00-04:00,14.220000267028809,14.479999542236328,14.069999694824219,14.199999809265137,66300,0.0,0.0
2024-09-03 00:00:00-04:00,14.100000381469727,14.279999732971191,14.029999732971191,14.050000190734863,61300,0.0,0.0
2024-09-04 00:00:00-04:00,13.979999542236328,14.100000381469727,13.8100004196167,13.899999618530273,60700,0.0,0.0
2024-09-05 00:00:00-04:00,14.050000190734863,14.069999694824219,13.760000228881836,13.859999656677246,54000,0.0,0.0
2024-09-06 00:00:00-04:00,13.989999771118164,14.0600004196167,13.649999618530273,13.729999542236328,52400,0.0,0.0
2024-09-09 00:00:00-04:00,13.75,13.890000343322754,13.649999618530273,13.729999542236328,54000,0.0,0.0
2024-09-10 00:00:00-04:00,13.739999771118164,13.869999885559082,13.539999961853027,13.84000015258789,70200,0.0,0.0
2024-09-11 00:00:00-04:00,13.699999809265137,13.8100004196167,13.359999656677246,13.779999732971191,75900,0.0,0.0
2024-09-12 00:00:00-04:00,13.869999885559082,13.869999885559082,13.619999885559082,13.640000343322754,77500,0.0,0.0
2024-09-13 00:00:00-04:00,13.800000190734863,14.020000457763672,13.789999961853027,13.9399995803833,86300,0.0,0.0
