Date,Open,High,Low,Close,Volume,Dividends,Stock Splits
1980-03-17 00:00:00-05:00,0.0,1.869857929990594,1.8399401903152468,1.8399401903152466,41109,0.0,0.0
1980-03-18 00:00:00-05:00,0.0,1.8773374935093867,1.847419619560242,1.8474196195602417,9343,0.0,0.0
1980-03-19 00:00:00-05:00,1.847419619560242,1.847419619560242,1.847419619560242,1.8474196195602417,0,0.0,0.0
1980-03-20 00:00:00-05:00,0.0,1.8773374935093867,1.847419619560242,1.8474196195602417,10277,0.0,0.0
1980-03-21 00:00:00-05:00,0.0,1.9222130853658215,1.8922953605651858,1.8922953605651855,8409,0.0,0.0
1980-03-24 00:00:00-05:00,0.0,1.9296931332623402,1.899775266647339,1.8997752666473389,2803,0.0,0.0
1980-03-25 00:00:00-05:00,0.0,1.9147339115975721,1.88481605052948,1.88481605052948,27095,0.0,0.0
1980-03-26 00:00:00-05:00,0.0,1.9147339115975721,1.88481605052948,1.88481605052948,1869,0.0,0.0
1980-03-27 00:00:00-05:00,0.0,1.8922963518091531,1.8623784780502317,1.862378478050232,14015,0.0,0.0
1980-03-28 00:00:00-05:00,0.0,1.884815698109369,1.854897975921631,1.8548979759216309,36438,0.0,0.0
1980-03-31 00:00:00-05:00,0.0,1.884815698109369,1.854897975921631,1.8548979759216309,1869,0.0,0.0
1980-04-01 00:00:00-05:00,0.0,1.8548982378497019,1.82498037815094,1.82498037815094,2803,0.0,0.0
1980-04-02 00:00:00-05:00,0.0,1.839939864156469,1.810021996498108,1.810021996498108,6540,0.0,0.0
1980-04-03 00:00:00-05:00,1.810021996498108,1.810021996498108,1.810021996498108,1.810021996498108,0,0.0,0.0
1980-04-07 00:00:00-05:00,0.0,1.839939864156469,1.810021996498108,1.810021996498108,934,0.0,0.0
1980-04-08 00:00:00-05:00,0.0,1.839939864156469,1.810021996498108,1.810021996498108,44846,0.0,0.0
1980-04-09 00:00:00-05:00,0.0,1.8997745565576973,1.8698568344116213,1.869856834411621,42044,0.0,0.0
1980-04-10 00:00:00-05:00,0.0,1.9222130853658215,1.8922953605651858,1.8922953605651855,35503,0.0,0.0
1980-04-11 00:00:00-05:00,0.0,1.9147339115975721,1.88481605052948,1.88481605052948,59795,0.0,0.0
1980-04-14 00:00:00-05:00,1.88481605052948,1.88481605052948,1.88481605052948,1.88481605052948,0,0.0,0.0
1980-04-15 00:00:00-05:00,0.0,1.9745683625852755,1.9446506500244143,1.944650650024414,1869,0.0,0.0
1980-04-16 00:00:00-05:00,0.0,1.9745683625852755,1.9446506500244143,1.944650650024414,61664,0.0,0.0
1980-04-17 00:00:00-05:00,1.9446506500244143,1.9446506500244143,1.9446506500244143,1.944650650024414,0,0.0,0.0
1980-04-18 00:00:00-05:00,0.0,1.9446518562555997,1.9147341251373293,1.914734125137329,1869,0.0,0.0
1980-04-21 00:00:00-05:00,0.0,1.9446518562555997,1.9147341251373293,1.914734125137329,5606,0.0,0.0
1980-04-22 00:00:00-05:00,1.9147341251373293,1.9147341251373293,1.9147341251373293,1.914734125137329,0,0.0,0.0
1980-04-23 00:00:00-05:00,0.0,1.982049257553739,1.952131390571594,1.9521313905715942,24292,0.0,0.0
1980-04-24 00:00:00-05:00,0.0,1.997007980603035,1.9670902490615845,1.9670902490615845,934,0.0,0.0
1980-04-25 00:00:00-05:00,0.0,2.011966596965776,1.9820488691329956,1.9820488691329956,9343,0.0,0.0
1980-04-28 00:00:00-04:00,0.0,2.034405730504332,2.004487991333008,2.004487991333008,2803,0.0,0.0
1980-04-29 00:00:00-04:00,0.0,2.0643234471579697,2.0344057083129883,2.0344057083129883,74744,0.0,0.0
1980-04-30 00:00:00-04:00,0.0,2.0718011326415597,2.041883945465088,2.041883945465088,3737,0.0,0.0
1980-05-01 00:00:00-04:00,0.0,2.0792808047463156,2.049363613128662,2.049363613128662,934,0.0,0.0
1980-05-02 00:00:00-04:00,2.049363613128662,2.049363613128662,2.049363613128662,2.049363613128662,0,0.0,0.0
1980-05-05 00:00:00-04:00,0.0,2.094240763961777,2.0643234252929688,2.0643234252929688,14015,0.0,0.0
1980-05-06 00:00:00-04:00,0.0,2.1391167773027133,2.109199047088623,2.109199047088623,5606,0.0,0.0
1980-05-07 00:00:00-04:00,2.109199047088623,2.109199047088623,2.109199047088623,2.109199047088623,0,0.0,0.0
1980-05-08 00:00:00-04:00,0.0,2.1465960989408255,2.116678237915039,2.116678237915039,7474,0.0,0.0
1980-05-09 00:00:00-04:00,0.0,2.154075393922917,2.124157667160034,2.124157667160034,15883,0.0,0.0
1980-05-12 00:00:00-04:00,0.0,2.198951619062604,2.1690337657928467,2.1690337657928467,41109,0.0,0.0
1980-05-13 00:00:00-04:00,0.0,2.198951619062604,2.1690337657928467,2.1690337657928467,1869,0.0,0.0
1980-05-14 00:00:00-04:00,0.0,2.198951619062604,2.1690337657928467,2.1690337657928467,7474,0.0,0.0
1980-05-15 00:00:00-04:00,2.1690337657928467,2.1690337657928467,2.1690337657928467,2.1690337657928467,0,0.0,0.0
1980-05-16 00:00:00-04:00,0.0,2.1465960989408255,2.116678237915039,2.116678237915039,55124,0.0,0.0
1980-05-19 00:00:00-04:00,0.0,2.1690342523444954,2.1391165256500244,2.1391165256500244,29898,0.0,0.0
1980-05-20 00:00:00-04:00,0.0,2.2139108257890117,2.183993101119995,2.183993101119995,934,0.0,0.0
1980-05-21 00:00:00-04:00,0.0,2.2288708925385476,2.198953151702881,2.198953151702881,5606,0.0,0.0
1980-05-22 00:00:00-04:00,0.0,2.2288708925385476,2.198953151702881,2.198953151702881,3737,0.0,0.0
1980-05-23 00:00:00-04:00,0.0,2.2513089375054096,2.221391201019287,2.221391201019287,13080,0.0,0.0
1980-05-27 00:00:00-04:00,0.0,2.2737462595439313,2.243828535079956,2.243828535079956,5606,0.0,0.0
1980-05-28 00:00:00-04:00,0.0,2.243828542665086,2.2139108180999756,2.2139108180999756,4672,0.0,0.0
1980-05-29 00:00:00-04:00,2.2139108180999756,2.2139108180999756,2.2139108180999756,2.2139108180999756,0,0.0,0.0
1980-05-30 00:00:00-04:00,0.0,2.2363488726980654,2.2064311504364014,2.2064311504364014,6540,0.0,0.0
1980-06-02 00:00:00-04:00,0.0,2.243828542665086,2.2139108180999756,2.2139108180999756,934,0.0,0.0
1980-06-03 00:00:00-04:00,0.0,2.243828542665086,2.2139108180999756,2.2139108180999756,18686,0.0,0.0
1980-06-04 00:00:00-04:00,0.0,2.2513089375054096,2.221391201019287,2.221391201019287,8409,0.0,0.0
1980-06-05 00:00:00-04:00,2.221391201019287,2.221391201019287,2.221391201019287,2.221391201019287,0,0.0,0.0
1980-06-06 00:00:00-04:00,0.0,2.266267339396411,2.23634934425354,2.23634934425354,2803,0.0,0.0
1980-06-09 00:00:00-04:00,0.0,2.288705840948302,2.2587881088256836,2.2587881088256836,8409,0.0,0.0
1980-06-10 00:00:00-04:00,0.0,2.296185269263543,2.2662675380706787,2.2662675380706787,2803,0.0,0.0
1980-06-11 00:00:00-04:00,2.2662675380706787,2.2662675380706787,2.2662675380706787,2.2662675380706787,0,0.0,0.0
1980-06-12 00:00:00-04:00,2.2662675380706787,2.2662675380706787,2.2662675380706787,2.2662675380706787,0,0.0,0.0
1980-06-13 00:00:00-04:00,2.2662675380706787,2.2662675380706787,2.2662675380706787,2.2662675380706787,0,0.0,0.0
1980-06-16 00:00:00-04:00,0.0,2.3036644845538654,2.2737464904785156,2.2737464904785156,7474,0.0,0.0
1980-06-17 00:00:00-04:00,0.0,2.288705840948302,2.2587881088256836,2.2587881088256836,934,0.0,0.0
1980-06-18 00:00:00-04:00,2.2587881088256836,2.2587881088256836,2.2587881088256836,2.2587881088256836,0,0.0,0.0
1980-06-19 00:00:00-04:00,0.0,2.288705840948302,2.2587881088256836,2.2587881088256836,1869,0.0,0.0
1980-06-20 00:00:00-04:00,0.0,2.288705840948302,2.2587881088256836,2.2587881088256836,1869,0.0,0.0
1980-06-23 00:00:00-04:00,2.2587881088256836,2.2587881088256836,2.2587881088256836,2.2587881088256836,0,0.0,0.0
1980-06-24 00:00:00-04:00,0.0,2.1391167773027133,2.109199047088623,2.109199047088623,1869,0.0,0.0
1980-06-25 00:00:00-04:00,2.109199047088623,2.109199047088623,2.109199047088623,2.109199047088623,0,0.0,0.0
1980-06-26 00:00:00-04:00,0.0,2.1989528634376128,2.167539119720459,2.167539119720459,890,0.0,1.05
1980-06-27 00:00:00-04:00,2.167539119720459,2.167539119720459,2.167539119720459,2.167539119720459,0,0.0,0.0
1980-06-30 00:00:00-04:00,0.0,2.128270926073807,2.0968570709228516,2.0968570709228516,8008,0.0,0.0
1980-07-01 00:00:00-04:00,0.0,2.1047112323908195,2.0732975006103516,2.0732975006103516,890,0.0,0.0
1980-07-02 00:00:00-04:00,0.0,2.1047112323908195,2.0732975006103516,2.0732975006103516,3559,0.0,0.0
1980-07-03 00:00:00-04:00,0.0,2.0968579663120783,2.065444231033325,2.065444231033325,3559,0.0,0.0
1980-07-07 00:00:00-04:00,0.0,2.0654442650503593,2.0497379302978516,2.0497379302978516,890,0.0,0.0
1980-07-08 00:00:00-04:00,0.0,2.0654436403982745,2.041883945465088,2.041883945465088,9788,0.0,0.0
1980-07-09 00:00:00-04:00,0.0,2.0654442650503593,2.0497379302978516,2.0497379302978516,53389,0.0,0.0
1980-07-10 00:00:00-04:00,0.0,2.2225135292225353,2.198953151702881,2.198953151702881,5339,0.0,0.0
1980-07-11 00:00:00-04:00,2.198953151702881,2.198953151702881,2.198953151702881,2.198953151702881,0,0.0,0.0
1980-07-14 00:00:00-04:00,0.0,2.1518320017619756,2.128272294998169,2.128272294998169,7118,0.0,0.0
1980-07-15 00:00:00-04:00,0.0,2.128272629346761,2.112565755844116,2.112565755844116,1780,0.0,0.0
1980-07-16 00:00:00-04:00,2.112565755844116,2.112565755844116,2.112565755844116,2.112565755844116,0,0.0,0.0
1980-07-17 00:00:00-04:00,0.0,2.143979166033286,2.128272294998169,2.128272294998169,4449,0.0,0.0
1980-07-18 00:00:00-04:00,0.0,2.128272629346761,2.112565755844116,2.112565755844116,890,0.0,0.0
1980-07-21 00:00:00-04:00,0.0,2.1204184007233295,2.1047115325927734,2.1047115325927734,2669,0.0,0.0
1980-07-22 00:00:00-04:00,2.1047115325927734,2.1047115325927734,2.1047115325927734,2.1047115325927734,0,0.0,0.0
1980-07-23 00:00:00-04:00,0.0,2.104712099041614,2.0811517238616943,2.0811517238616943,890,0.0,0.0
1980-07-24 00:00:00-04:00,2.0811517238616943,2.0811517238616943,2.0811517238616943,2.0811517238616943,0,0.0,0.0
1980-07-25 00:00:00-04:00,0.0,2.0890043665005855,2.0732975006103516,2.0732975006103516,890,0.0,0.0
1980-07-28 00:00:00-04:00,0.0,2.08115143853829,2.057591199874878,2.057591199874878,3559,0.0,0.0
1980-07-29 00:00:00-04:00,2.057591199874878,2.057591199874878,2.057591199874878,2.057591199874878,0,0.0,0.0
1980-07-30 00:00:00-04:00,0.0,2.08115143853829,2.057591199874878,2.057591199874878,890,0.0,0.0
1980-07-31 00:00:00-04:00,2.057591199874878,2.057591199874878,2.057591199874878,2.057591199874878,0,0.0,0.0
1980-08-01 00:00:00-04:00,0.0,2.0890043665005855,2.0732975006103516,2.0732975006103516,890,0.0,0.0
1980-08-04 00:00:00-04:00,0.0,2.1047121042540025,2.0890052318573,2.0890052318573,2669,0.0,0.0
1980-08-05 00:00:00-04:00,0.0,2.096857732802517,2.0732975006103516,2.0732975006103516,1780,0.0,0.0
1980-08-06 00:00:00-04:00,2.0732975006103516,2.0732975006103516,2.0732975006103516,2.0732975006103516,0,0.0,0.0
1980-08-07 00:00:00-04:00,2.0732975006103516,2.0732975006103516,2.0732975006103516,2.0732975006103516,0,0.0,0.0
1980-08-08 00:00:00-04:00,2.0732975006103516,2.0732975006103516,2.0732975006103516,2.0732975006103516,0,0.0,0.0
1980-08-11 00:00:00-04:00,0.0,2.0811510986727018,2.065444231033325,2.065444231033325,7118,0.0,0.0
1980-08-12 00:00:00-04:00,0.0,2.120417428964486,2.0968570709228516,2.0968570709228516,38262,0.0,0.0
1980-08-13 00:00:00-04:00,0.0,2.1282719014318032,2.1047115325927734,2.1047115325927734,11568,0.0,0.0
1980-08-14 00:00:00-04:00,0.0,2.1439791601336147,2.1204187870025635,2.1204187870025635,3559,0.0,0.0
1980-08-15 00:00:00-04:00,2.1204187870025635,2.1204187870025635,2.1204187870025635,2.1204187870025635,0,0.0,0.0
1980-08-18 00:00:00-04:00,0.0,2.175392489006536,2.167539119720459,2.167539119720459,1780,0.0,0.0
1980-08-19 00:00:00-04:00,0.0,2.1832459915790356,2.167539119720459,2.167539119720459,1780,0.0,0.0
1980-08-20 00:00:00-04:00,0.0,2.1989522806471764,2.175391912460327,2.175391912460327,8008,0.0,0.0
1980-08-21 00:00:00-04:00,0.0,2.1989522806471764,2.175391912460327,2.175391912460327,10678,0.0,0.0
1980-08-22 00:00:00-04:00,2.175391912460327,2.175391912460327,2.175391912460327,2.175391912460327,0,0.0,0.0
1980-08-25 00:00:00-04:00,0.0,2.2146600211796867,2.1910996437072754,2.1910996437072754,1780,0.0,0.0
1980-08-26 00:00:00-04:00,0.0,2.2617792282121454,2.2382192611694336,2.2382192611694336,3559,0.0,0.0
1980-08-27 00:00:00-04:00,0.0,2.2382194569419447,2.222512722015381,2.222512722015381,19576,0.0,0.0
1980-08-28 00:00:00-04:00,0.0,2.246072957691618,2.222512722015381,2.222512722015381,890,0.0,0.0
1980-08-29 00:00:00-04:00,2.222512722015381,2.222512722015381,2.222512722015381,2.222512722015381,0,0.0,0.0
1980-09-02 00:00:00-04:00,0.0,2.253925344501386,2.230365514755249,2.230365514755249,7118,0.0,0.0
1980-09-03 00:00:00-04:00,2.230365514755249,2.230365514755249,2.230365514755249,2.230365514755249,0,0.0,0.0
1980-09-04 00:00:00-04:00,0.0,2.24607237892084,2.230365514755249,2.230365514755249,11568,0.0,0.0
1980-09-05 00:00:00-04:00,0.0,2.238219208663978,2.2146589756011963,2.2146589756011963,3559,0.0,0.0
1980-09-08 00:00:00-04:00,2.2146589756011963,2.2146589756011963,2.2146589756011963,2.2146589756011963,0,0.0,0.0
1980-09-09 00:00:00-04:00,0.0,2.253925925295726,2.222512722015381,2.222512722015381,4449,0.0,0.0
1980-09-10 00:00:00-04:00,0.0,2.238218880194866,2.230365514755249,2.230365514755249,1780,0.0,0.0
1980-09-11 00:00:00-04:00,0.0,2.2617792362004807,2.246072769165039,2.246072769165039,8008,0.0,0.0
1980-09-12 00:00:00-04:00,0.0,2.2696323028408156,2.2617790699005127,2.2617790699005127,12457,0.0,0.0
1980-09-15 00:00:00-04:00,0.0,2.356020113293088,2.3403139114379883,2.3403139114379883,6229,0.0,0.0
1980-09-16 00:00:00-04:00,0.0,2.3638736140798136,2.3403139114379883,2.3403139114379883,5339,0.0,0.0
1980-09-17 00:00:00-04:00,0.0,2.356020113293088,2.3403139114379883,2.3403139114379883,1780,0.0,0.0
1980-09-18 00:00:00-04:00,0.0,2.3324608746329085,2.3246073722839355,2.3246073722839355,1780,0.0,0.0
1980-09-19 00:00:00-04:00,0.0,2.3010465949204546,2.285339593887329,2.285339593887329,1780,0.0,0.0
1980-09-22 00:00:00-04:00,0.0,2.2382194569419447,2.222512722015381,2.222512722015381,3559,0.0,0.0
1980-09-23 00:00:00-04:00,0.0,2.2068065175934035,2.1910996437072754,2.1910996437072754,9788,0.0,0.0
1980-09-24 00:00:00-04:00,0.0,2.2068065175934035,2.1910996437072754,2.1910996437072754,890,0.0,0.0
1980-09-25 00:00:00-04:00,0.0,2.21465920672227,2.20680570602417,2.20680570602417,5339,0.0,0.0
1980-09-26 00:00:00-04:00,2.20680570602417,2.20680570602417,2.20680570602417,2.20680570602417,0,0.0,0.0
1980-09-29 00:00:00-04:00,2.20680570602417,2.20680570602417,2.20680570602417,2.20680570602417,0,0.0,0.0
1980-09-30 00:00:00-04:00,0.0,2.238218880194866,2.230365514755249,2.230365514755249,7118,0.0,0.0
1980-10-01 00:00:00-04:00,0.0,2.2617790699005127,2.2617790699005127,2.2617790699005127,28474,0.0,0.0
1980-10-02 00:00:00-04:00,0.0,2.308899828864243,2.285339593887329,2.285339593887329,23135,0.0,0.0
1980-10-03 00:00:00-04:00,0.0,2.3952877402887447,2.3795807361602788,2.3795807361602783,55168,0.0,0.0
1980-10-06 00:00:00-04:00,0.0,2.4973814054026033,2.4816746711730957,2.4816746711730957,10678,0.0,0.0
1980-10-07 00:00:00-04:00,0.0,2.4738209079009357,2.4581139087677,2.4581139087677,6229,0.0,0.0
1980-10-08 00:00:00-04:00,0.0,2.4738209079009357,2.4581139087677,2.4581139087677,12457,0.0,0.0
1980-10-09 00:00:00-04:00,0.0,2.4659673148474046,2.450261116027832,2.450261116027832,8898,0.0,0.0
1980-10-10 00:00:00-04:00,0.0,2.465967408334318,2.4581139087677,2.4581139087677,8008,0.0,0.0
1980-10-13 00:00:00-04:00,0.0,2.5759158072666692,2.5680623054504395,2.5680623054504395,41821,0.0,0.0
1980-10-14 00:00:00-04:00,0.0,2.6387426409496544,2.6230359077453613,2.6230359077453613,26694,0.0,0.0
1980-10-15 00:00:00-04:00,0.0,2.6623031333287885,2.638743162155152,2.6387431621551514,31143,0.0,0.0
1980-10-16 00:00:00-04:00,0.0,2.67015547870933,2.6544487476348877,2.6544487476348877,890,0.0,0.0
1980-10-17 00:00:00-04:00,0.0,2.654449631889039,2.638743162155152,2.6387431621551514,3559,0.0,0.0
1980-10-20 00:00:00-04:00,0.0,2.591620898137229,2.575913906097412,2.575913906097412,1780,0.0,0.0
1980-10-21 00:00:00-04:00,0.0,2.5759160409306716,2.560209035873413,2.560209035873413,8898,0.0,0.0
1980-10-22 00:00:00-04:00,0.0,2.591620898137229,2.575913906097412,2.575913906097412,4449,0.0,0.0
1980-10-23 00:00:00-04:00,0.0,2.5523544989552582,2.5366480350494385,2.5366480350494385,4449,0.0,0.0
1980-10-24 00:00:00-04:00,2.5366480350494385,2.5366480350494385,2.5366480350494385,2.5366480350494385,0,0.0,0.0
1980-10-27 00:00:00-05:00,0.0,2.4973823979468257,2.4895288944244385,2.4895288944244385,890,0.0,0.0
1980-10-28 00:00:00-05:00,0.0,2.481674424379047,2.473820924758911,2.473820924758911,7118,0.0,0.0
1980-10-29 00:00:00-05:00,2.473820924758911,2.473820924758911,2.473820924758911,2.473820924758911,0,0.0,0.0
1980-10-30 00:00:00-05:00,0.0,2.505235901469213,2.4895288944244385,2.4895288944244385,2669,0.0,0.0
1980-10-31 00:00:00-05:00,0.0,2.4973823979468257,2.4895288944244385,2.4895288944244385,4449,0.0,0.0
1980-11-03 00:00:00-05:00,0.0,2.4973814054026033,2.4816746711730957,2.4816746711730957,4449,0.0,0.0
1980-11-05 00:00:00-05:00,0.0,2.3403143769818815,2.3246073722839355,2.3246073722839355,4449,0.0,0.0
1980-11-06 00:00:00-05:00,2.3246073722839355,2.3246073722839355,2.3246073722839355,2.3246073722839355,0,0.0,0.0
1980-11-07 00:00:00-05:00,0.0,2.3088991162397834,2.2931923866271973,2.2931923866271973,14237,0.0,0.0
1980-11-10 00:00:00-05:00,0.0,2.3560201487744368,2.3481671810150146,2.3481671810150146,73854,0.0,0.0
1980-11-11 00:00:00-05:00,0.0,2.3403139042048355,2.332460403442383,2.332460403442383,6229,0.0,0.0
1980-11-12 00:00:00-05:00,0.0,2.2853395788257265,2.269632577896118,2.269632577896118,3559,0.0,0.0
1980-11-13 00:00:00-05:00,0.0,2.293192801379946,2.2617790699005127,2.2617790699005127,2669,0.0,0.0
1980-11-14 00:00:00-05:00,0.0,2.2539257361099994,2.246072769165039,2.246072769165039,28474,0.0,0.0
1980-11-17 00:00:00-05:00,0.0,2.24607237892084,2.230365514755249,2.230365514755249,1780,0.0,0.0
1980-11-18 00:00:00-05:00,0.0,2.1989527684733483,2.183245897293091,2.183245897293091,1780,0.0,0.0
1980-11-19 00:00:00-05:00,0.0,2.2146600211796867,2.1910996437072754,2.1910996437072754,5339,0.0,0.0
1980-11-20 00:00:00-05:00,0.0,2.230365842071843,2.2146589756011963,2.2146589756011963,5339,0.0,0.0
1980-11-21 00:00:00-05:00,0.0,2.214660025620504,2.198953151702881,2.198953151702881,890,0.0,0.0
1980-11-24 00:00:00-05:00,0.0,2.2146600211796867,2.1910996437072754,2.1910996437072754,1780,0.0,0.0
1980-11-25 00:00:00-05:00,0.0,2.2146600211796867,2.1910996437072754,2.1910996437072754,1780,0.0,0.0
1980-11-26 00:00:00-05:00,2.1910996437072754,2.1910996437072754,2.1910996437072754,2.1910996437072754,0,0.0,0.0
1980-11-28 00:00:00-05:00,0.0,2.206806137420269,2.183245897293091,2.183245897293091,8898,0.0,0.0
1980-12-01 00:00:00-05:00,0.0,2.1832459915790356,2.167539119720459,2.167539119720459,48050,0.0,0.0
1980-12-02 00:00:00-05:00,0.0,2.1989522806471764,2.175391912460327,2.175391912460327,46270,0.0,0.0
1980-12-03 00:00:00-05:00,0.0,2.1910987801560977,2.175391912460327,2.175391912460327,890,0.0,0.0
1980-12-04 00:00:00-05:00,0.0,2.2225127074203703,2.20680570602417,2.20680570602417,6229,0.0,0.0
1980-12-05 00:00:00-05:00,0.0,2.214660025620504,2.198953151702881,2.198953151702881,20466,0.0,0.0
1980-12-08 00:00:00-05:00,0.0,2.2539257361099994,2.246072769165039,2.246072769165039,38262,0.0,0.0
1980-12-09 00:00:00-05:00,0.0,2.230365842071843,2.2146589756011963,2.2146589756011963,2669,0.0,0.0
1980-12-10 00:00:00-05:00,0.0,2.2303660894786628,2.222512722015381,2.222512722015381,6229,0.0,0.0
1980-12-11 00:00:00-05:00,0.0,2.23036607483208,2.20680570602417,2.20680570602417,1780,0.0,0.0
1980-12-12 00:00:00-05:00,2.20680570602417,2.20680570602417,2.20680570602417,2.20680570602417,0,0.0,0.0
1980-12-15 00:00:00-05:00,0.0,2.24607237892084,2.230365514755249,2.230365514755249,1780,0.0,0.0
1980-12-16 00:00:00-05:00,0.0,2.230365842071843,2.2146589756011963,2.2146589756011963,5339,0.0,0.0
1980-12-17 00:00:00-05:00,2.2146589756011963,2.2146589756011963,2.2146589756011963,2.2146589756011963,0,0.0,0.0
1980-12-18 00:00:00-05:00,0.0,2.2225127074203703,2.20680570602417,2.20680570602417,7118,0.0,0.0
1980-12-19 00:00:00-05:00,0.0,2.2068065220184727,2.198953151702881,2.198953151702881,6229,0.0,0.0
1980-12-22 00:00:00-05:00,2.198953151702881,2.198953151702881,2.198953151702881,2.198953151702881,0,0.0,0.0
1980-12-23 00:00:00-05:00,0.0,2.214660025620504,2.198953151702881,2.198953151702881,7118,0.0,0.0
1980-12-24 00:00:00-05:00,0.0,2.238218880194866,2.230365514755249,2.230365514755249,4449,0.0,0.0
1980-12-26 00:00:00-05:00,0.0,2.253925344501386,2.230365514755249,2.230365514755249,3559,0.0,0.0
1980-12-29 00:00:00-05:00,0.0,2.261779300637711,2.2539258003234863,2.2539258003234863,8898,0.0,0.0
1980-12-30 00:00:00-05:00,2.2539258003234863,2.2539258003234863,2.2539258003234863,2.2539258003234863,0,0.0,0.0
1980-12-31 00:00:00-05:00,0.0,2.3088991162397834,2.2931923866271973,2.2931923866271973,3559,0.0,0.0
1981-01-02 00:00:00-05:00,2.2931923866271973,2.2931923866271973,2.2931923866271973,2.2931923866271973,0,0.0,0.0
1981-01-05 00:00:00-05:00,0.0,2.3403143769818815,2.3246073722839355,2.3246073722839355,7118,0.0,0.0
1981-01-06 00:00:00-05:00,0.0,2.34816714565193,2.3403139114379883,2.3403139114379883,12457,0.0,0.0
1981-01-07 00:00:00-05:00,0.0,2.340313889591414,2.316753387451172,2.316753387451172,1780,0.0,0.0
1981-01-08 00:00:00-05:00,0.0,2.3403143769818815,2.3246073722839355,2.3246073722839355,4449,0.0,0.0
1981-01-09 00:00:00-05:00,0.0,2.332460388878,2.316753387451172,2.316753387451172,1780,0.0,0.0
1981-01-12 00:00:00-05:00,0.0,2.324607360913845,2.3089003562927246,2.3089003562927246,1780,0.0,0.0
1981-01-13 00:00:00-05:00,0.0,2.301046346479032,2.2774858474731445,2.2774858474731445,1780,0.0,0.0
1981-01-14 00:00:00-05:00,0.0,2.3010458847198367,2.2931923866271973,2.2931923866271973,21355,0.0,0.0
1981-01-15 00:00:00-05:00,0.0,2.3088991162397834,2.2931923866271973,2.2931923866271973,8898,0.0,0.0
1981-01-16 00:00:00-05:00,0.0,2.3088991162397834,2.2931923866271973,2.2931923866271973,4449,0.0,0.0
1981-01-19 00:00:00-05:00,0.0,2.316752614332423,2.2931923866271973,2.2931923866271973,1780,0.0,0.0
1981-01-20 00:00:00-05:00,0.0,2.316753584486996,2.301046848297119,2.301046848297119,6229,0.0,0.0
1981-01-21 00:00:00-05:00,0.0,2.3481671383945053,2.332460403442383,2.332460403442383,4449,0.0,0.0
1981-01-22 00:00:00-05:00,0.0,2.3403139042048355,2.332460403442383,2.332460403442383,8008,0.0,0.0
1981-01-23 00:00:00-05:00,0.0,2.324607360913845,2.3089003562927246,2.3089003562927246,1780,0.0,0.0
1981-01-26 00:00:00-05:00,0.0,2.3088991162397834,2.2931923866271973,2.2931923866271973,3559,0.0,0.0
1981-01-27 00:00:00-05:00,2.2931923866271973,2.2931923866271973,2.2931923866271973,2.2931923866271973,0,0.0,0.0
1981-01-28 00:00:00-05:00,2.2931923866271973,2.2931923866271973,2.2931923866271973,2.2931923866271973,0,0.0,0.0
1981-01-29 00:00:00-05:00,0.0,2.308899828864243,2.285339593887329,2.285339593887329,890,0.0,0.0
1981-01-30 00:00:00-05:00,0.0,2.3403143769818815,2.3246073722839355,2.3246073722839355,8898,0.0,0.0
1981-02-02 00:00:00-05:00,0.0,2.3717271505844333,2.3481671810150146,2.3481671810150146,9788,0.0,0.0
1981-02-03 00:00:00-05:00,2.3481671810150146,2.3481671810150146,2.3481671810150146,2.3481671810150146,0,0.0,0.0
1981-02-04 00:00:00-05:00,2.3481671810150146,2.3481671810150146,2.3481671810150146,2.3481671810150146,0,0.0,0.0
1981-02-05 00:00:00-05:00,0.0,2.3324608746329085,2.3246073722839355,2.3246073722839355,16017,0.0,0.0
1981-02-06 00:00:00-05:00,2.3246073722839355,2.3246073722839355,2.3246073722839355,2.3246073722839355,0,0.0,0.0
1981-02-09 00:00:00-05:00,0.0,2.316753584486996,2.301046848297119,2.301046848297119,890,0.0,0.0
1981-02-10 00:00:00-05:00,0.0,2.316753584486996,2.301046848297119,2.301046848297119,2669,0.0,0.0
1981-02-11 00:00:00-05:00,0.0,2.3088991162397834,2.2931923866271973,2.2931923866271973,10678,0.0,0.0
1981-02-12 00:00:00-05:00,0.0,2.324607360913845,2.3089003562927246,2.3089003562927246,3559,0.0,0.0
1981-02-13 00:00:00-05:00,2.3089003562927246,2.3089003562927246,2.3089003562927246,2.3089003562927246,0,0.0,0.0
1981-02-17 00:00:00-05:00,0.0,2.2617792362004807,2.246072769165039,2.246072769165039,1780,0.0,0.0
1981-02-18 00:00:00-05:00,0.0,2.253925728149402,2.2382192611694336,2.2382192611694336,1780,0.0,0.0
1981-02-19 00:00:00-05:00,0.0,2.2225127074203703,2.20680570602417,2.20680570602417,8008,0.0,0.0
1981-02-20 00:00:00-05:00,0.0,2.2146600211796867,2.1910996437072754,2.1910996437072754,16906,0.0,0.0
1981-02-23 00:00:00-05:00,0.0,2.1910993608651133,2.167539119720459,2.167539119720459,1780,0.0,0.0
1981-02-24 00:00:00-05:00,2.167539119720459,2.167539119720459,2.167539119720459,2.167539119720459,0,0.0,0.0
1981-02-25 00:00:00-05:00,0.0,2.1832459915790356,2.167539119720459,2.167539119720459,1780,0.0,0.0
1981-02-26 00:00:00-05:00,0.0,2.2068065175934035,2.1910996437072754,2.1910996437072754,3559,0.0,0.0
1981-02-27 00:00:00-05:00,0.0,2.1910987801560977,2.175391912460327,2.175391912460327,1780,0.0,0.0
1981-03-02 00:00:00-05:00,0.0,2.1910987801560977,2.175391912460327,2.175391912460327,7118,0.0,0.0
1981-03-03 00:00:00-05:00,2.175391912460327,2.175391912460327,2.175391912460327,2.175391912460327,0,0.0,0.0
1981-03-04 00:00:00-05:00,0.0,2.308899828864243,2.285339593887329,2.285339593887329,49829,0.0,0.0
1981-03-05 00:00:00-05:00,0.0,2.316753584486996,2.301046848297119,2.301046848297119,18686,0.0,0.0
1981-03-06 00:00:00-05:00,0.0,2.434554082356509,2.41884708404541,2.41884708404541,8008,0.0,0.0
1981-03-09 00:00:00-05:00,0.0,2.395287705864524,2.371727466583252,2.371727466583252,890,0.0,0.0
1981-03-10 00:00:00-05:00,0.0,2.3874342039131586,2.371727466583252,2.371727466583252,3559,0.0,0.0
1981-03-11 00:00:00-05:00,0.0,2.363873649679435,2.3481671810150146,2.3481671810150146,10678,0.0,0.0
1981-03-12 00:00:00-05:00,0.0,2.363873649679435,2.3481671810150146,2.3481671810150146,26694,0.0,0.0
1981-03-13 00:00:00-05:00,0.0,2.3717271505844333,2.3481671810150146,2.3481671810150146,13347,0.0,0.0
1981-03-16 00:00:00-05:00,0.0,2.505235427619833,2.4973819255828857,2.4973819255828857,14237,0.0,0.0
1981-03-17 00:00:00-05:00,0.0,2.4895276574264384,2.473820924758911,2.473820924758911,3559,0.0,0.0
1981-03-18 00:00:00-05:00,0.0,2.505234905803743,2.4816746711730957,2.4816746711730957,5339,0.0,0.0
1981-03-19 00:00:00-05:00,2.4816746711730957,2.4816746711730957,2.4816746711730957,2.4816746711730957,0,0.0,0.0
1981-03-20 00:00:00-05:00,0.0,2.51308892965678,2.4973819255828857,2.4973819255828857,14237,0.0,0.0
1981-03-23 00:00:00-05:00,0.0,2.5837674021173203,2.575913906097412,2.575913906097412,8008,0.0,0.0
1981-03-24 00:00:00-05:00,0.0,2.6230370907077893,2.6073300838470463,2.607330083847046,41821,0.0,0.0
1981-03-25 00:00:00-05:00,0.0,2.615183587277418,2.6073300838470463,2.607330083847046,16017,0.0,0.0
1981-03-26 00:00:00-05:00,0.0,2.505234905803743,2.4816746711730957,2.4816746711730957,6229,0.0,0.0
1981-03-27 00:00:00-05:00,0.0,2.4738208141162894,2.450261116027832,2.450261116027832,1780,0.0,0.0
1981-03-30 00:00:00-05:00,0.0,2.4738208141162894,2.450261116027832,2.450261116027832,2669,0.0,0.0
1981-03-31 00:00:00-05:00,0.0,2.4659677874732804,2.4424080848693848,2.4424080848693848,1780,0.0,0.0
1981-04-01 00:00:00-05:00,0.0,2.520942443648286,2.5130889415740967,2.5130889415740967,34703,0.0,0.0
1981-04-02 00:00:00-05:00,0.0,2.5759160409306716,2.560209035873413,2.560209035873413,30254,0.0,0.0
1981-04-03 00:00:00-05:00,0.0,2.560207730908168,2.5366480350494385,2.5366480350494385,6229,0.0,0.0
1981-04-06 00:00:00-05:00,0.0,2.5445022437446223,2.5287952423095703,2.5287952423095703,11568,0.0,0.0
1981-04-07 00:00:00-05:00,0.0,2.5759160409306716,2.560209035873413,2.560209035873413,9788,0.0,0.0
1981-04-08 00:00:00-05:00,0.0,2.8350787054180517,2.8193717002868652,2.8193717002868652,30254,0.0,0.0
1981-04-09 00:00:00-05:00,0.0,2.7801031511488232,2.756542921066284,2.756542921066284,12457,0.0,0.0
1981-04-10 00:00:00-05:00,0.0,2.6937165108106926,2.678009510040283,2.678009510040283,17796,0.0,0.0
1981-04-13 00:00:00-05:00,0.0,2.8586384297763323,2.8429322242736816,2.8429322242736816,14237,0.0,0.0
1981-04-14 00:00:00-05:00,0.0,2.89005108162092,2.8743443489074707,2.8743443489074707,19576,0.0,0.0
1981-04-15 00:00:00-05:00,0.0,2.7958116433117395,2.780104637145996,2.780104637145996,890,0.0,0.0
1981-04-16 00:00:00-05:00,0.0,2.8586384297763323,2.8429322242736816,2.8429322242736816,1780,0.0,0.0
1981-04-20 00:00:00-05:00,0.0,2.842932207983645,2.8193717002868652,2.8193717002868652,2669,0.0,0.0
1981-04-21 00:00:00-05:00,0.0,2.9214653741945864,2.897904872894287,2.897904872894287,16017,0.0,0.0
1981-04-22 00:00:00-05:00,0.0,3.21204113197634,3.204187631607055,3.2041876316070557,27584,0.0,0.0
1981-04-23 00:00:00-05:00,0.0,3.102093435110162,3.0785329341888428,3.0785329341888428,6229,0.0,0.0
1981-04-24 00:00:00-05:00,0.0,3.06282512574689,3.047118663787842,3.047118663787842,15127,0.0,0.0
1981-04-27 00:00:00-04:00,0.0,2.9921452909823225,2.9842917919158936,2.9842917919158936,13347,0.0,0.0
1981-04-28 00:00:00-04:00,0.0,3.0785334045373856,3.0706799030303955,3.0706799030303955,3559,0.0,0.0
1981-04-29 00:00:00-04:00,0.0,3.0785338489993532,3.062827110290528,3.0628271102905273,8898,0.0,0.0
1981-04-30 00:00:00-04:00,0.0,3.1649209420239357,3.1413612365722656,3.1413612365722656,20466,0.0,0.0
1981-05-01 00:00:00-04:00,0.0,3.3455505288522898,3.3298435211181645,3.329843521118164,2669,0.0,0.0
1981-05-04 00:00:00-04:00,0.0,3.1649209420239357,3.1413612365722656,3.1413612365722656,22245,0.0,0.0
1981-05-05 00:00:00-04:00,0.0,3.133508190019498,3.109947681427002,3.109947681427002,14237,0.0,0.0
1981-05-06 00:00:00-04:00,0.0,3.031413302926333,3.015706300735473,3.0157063007354736,8008,0.0,0.0
1981-05-07 00:00:00-04:00,0.0,2.8821990387772862,2.8664920330047607,2.8664920330047607,7118,0.0,0.0
1981-05-08 00:00:00-04:00,0.0,2.960731404609829,2.9450252056121826,2.9450252056121826,3559,0.0,0.0
1981-05-11 00:00:00-04:00,0.0,2.897904589662043,2.882197856903076,2.882197856903076,7118,0.0,0.0
1981-05-12 00:00:00-04:00,0.0,2.811517220809993,2.7958102226257324,2.7958102226257324,890,0.0,0.0
1981-05-13 00:00:00-04:00,0.0,2.9371711724955922,2.921464443206787,2.921464443206787,42711,0.0,0.0
1981-05-14 00:00:00-04:00,0.0,2.811517220809993,2.7958102226257324,2.7958102226257324,31143,0.0,0.0
1981-05-15 00:00:00-04:00,0.0,2.7565435297301883,2.7329838275909424,2.7329838275909424,2669,0.0,0.0
1981-05-18 00:00:00-04:00,0.0,2.693716757559065,2.685863256454468,2.6858632564544678,4449,0.0,0.0
1981-05-19 00:00:00-04:00,0.0,2.6308901190297327,2.615183115005493,2.615183115005493,890,0.0,0.0
1981-05-20 00:00:00-04:00,0.0,2.7486905622565514,2.7329838275909424,2.7329838275909424,5339,0.0,0.0
1981-05-21 00:00:00-04:00,0.0,2.732983564777465,2.709423065185547,2.709423065185547,4449,0.0,0.0
1981-05-22 00:00:00-04:00,0.0,2.6701551721051753,2.6465954780578613,2.6465954780578613,1780,0.0,0.0
1981-05-26 00:00:00-04:00,0.0,3.0628267970898935,3.03926682472229,3.03926682472229,8898,0.0,0.0
1981-05-27 00:00:00-04:00,0.0,3.0392665374489685,3.015706300735473,3.0157063007354736,3559,0.0,0.0
1981-05-28 00:00:00-04:00,0.0,2.9842924930032577,2.96858549118042,2.96858549118042,890,0.0,0.0
1981-05-29 00:00:00-04:00,0.0,2.9921459939146766,2.96858549118042,2.96858549118042,4449,0.0,0.0
1981-06-01 00:00:00-04:00,0.0,3.188481044476067,3.1649208068847656,3.1649208068847656,26694,0.0,0.0
1981-06-02 00:00:00-04:00,0.0,3.1099461961145494,3.0863859653472905,3.08638596534729,890,0.0,0.0
1981-06-03 00:00:00-04:00,0.0,3.0785321618022894,3.054971933364868,3.054971933364868,890,0.0,0.0
1981-06-04 00:00:00-04:00,0.0,3.054973020401845,3.031413316726684,3.0314133167266846,1780,0.0,0.0
1981-06-05 00:00:00-04:00,0.0,3.007852031518503,2.992145299911499,2.992145299911499,890,0.0,0.0
1981-06-08 00:00:00-04:00,2.992145299911499,2.992145299911499,2.992145299911499,2.992145299911499,0,0.0,0.0
1981-06-09 00:00:00-04:00,2.992145299911499,2.992145299911499,2.992145299911499,2.992145299911499,0,0.0,0.0
1981-06-10 00:00:00-04:00,0.0,3.3219880871304515,3.306281089782715,3.306281089782715,22245,0.0,0.0
1981-06-11 00:00:00-04:00,0.0,3.3219895303756335,3.314136028289795,3.314136028289795,13347,0.0,0.0
1981-06-12 00:00:00-04:00,0.0,3.6125661974399956,3.596859455108642,3.5968594551086426,43601,0.0,0.0
1981-06-15 00:00:00-04:00,0.0,4.013087466454814,3.9973807334899902,3.9973807334899902,145039,0.0,0.0
1981-06-16 00:00:00-04:00,0.0,3.8717266456873176,3.8481669425964355,3.8481669425964355,9788,0.0,0.0
1981-06-17 00:00:00-04:00,0.0,3.856019910387274,3.8481669425964355,3.8481669425964355,32033,0.0,0.0
1981-06-18 00:00:00-04:00,0.0,3.7774851145532002,3.7617781162261963,3.7617781162261963,32923,0.0,0.0
1981-06-19 00:00:00-04:00,0.0,3.769633014745544,3.753926277160645,3.7539262771606445,64956,0.0,0.0
1981-06-22 00:00:00-04:00,0.0,3.7225126815193317,3.7068059444427486,3.706805944442749,2669,0.0,0.0
1981-06-23 00:00:00-04:00,0.0,3.824605216398026,3.816751718521118,3.816751718521118,11568,0.0,0.0
1981-06-24 00:00:00-04:00,0.0,3.706805897477286,3.6832456588745113,3.6832456588745117,30254,0.0,0.0
1981-06-25 00:00:00-04:00,0.0,3.746073233856883,3.730366230010986,3.7303662300109863,5339,0.0,0.0
1981-06-26 00:00:00-04:00,0.0,3.9031405031026405,3.8874337673187256,3.8874337673187256,24915,0.0,0.0
1981-06-29 00:00:00-04:00,0.0,3.8717266456873176,3.8481669425964355,3.8481669425964355,6229,0.0,0.0
1981-06-30 00:00:00-04:00,0.0,3.8324584477022485,3.816751718521118,3.816751718521118,101438,0.0,0.0
1981-07-01 00:00:00-04:00,0.0,3.958115273550108,3.9424088001251225,3.942408800125122,40042,0.0,0.0
1981-07-02 00:00:00-04:00,0.0,4.00523709728653,3.989530086517334,3.989530086517334,49829,0.0,0.0
1981-07-06 00:00:00-04:00,0.0,3.92670225231936,3.9109952449798584,3.9109952449798584,6229,0.0,0.0
1981-07-07 00:00:00-04:00,0.0,3.8167516596475006,3.7931914329528804,3.793191432952881,6229,0.0,0.0
1981-07-08 00:00:00-04:00,0.0,3.9424073261665504,3.926700592041015,3.9267005920410156,10678,0.0,0.0
1981-07-09 00:00:00-04:00,0.0,3.887434471786334,3.871727466583252,3.871727466583252,12457,0.0,0.0
1981-07-10 00:00:00-04:00,0.0,4.00523709728653,3.989530086517334,3.989530086517334,17796,0.0,0.0
1981-07-13 00:00:00-04:00,0.0,4.068060857296812,4.052353858947754,4.052353858947754,3559,0.0,0.0
1981-07-14 00:00:00-04:00,0.0,3.9188482318997218,3.895287990570068,3.8952879905700684,34703,0.0,0.0
1981-07-15 00:00:00-04:00,0.0,3.9188482318997218,3.895287990570068,3.8952879905700684,1780,0.0,0.0
1981-07-16 00:00:00-04:00,0.0,3.9188482318997218,3.895287990570068,3.8952879905700684,7118,0.0,0.0
1981-07-17 00:00:00-04:00,0.0,3.903141226631388,3.895287990570068,3.8952879905700684,890,0.0,0.0
1981-07-20 00:00:00-04:00,0.0,3.887434471786334,3.871727466583252,3.871727466583252,40931,0.0,0.0
1981-07-21 00:00:00-04:00,3.871727466583252,3.871727466583252,3.871727466583252,3.871727466583252,0,0.0,0.0
1981-07-22 00:00:00-04:00,0.0,3.856018216992336,3.832458257675171,3.832458257675171,6229,0.0,0.0
1981-07-23 00:00:00-04:00,0.0,3.87957949917355,3.863872766494751,3.863872766494751,1780,0.0,0.0
1981-07-24 00:00:00-04:00,0.0,3.981674875462136,3.973821640014648,3.9738216400146484,32923,0.0,0.0
1981-07-27 00:00:00-04:00,0.0,3.9659678936004643,3.9659678936004643,3.965967893600464,8008,0.0,0.0
1981-07-28 00:00:00-04:00,0.0,3.903138577312253,3.8795783519744877,3.8795783519744873,5339,0.0,0.0
1981-07-29 00:00:00-04:00,0.0,3.9738201918284615,3.958113193511963,3.958113193511963,10678,0.0,0.0
1981-07-30 00:00:00-04:00,0.0,3.9816734244139824,3.958113193511963,3.958113193511963,890,0.0,0.0
1981-07-31 00:00:00-04:00,0.0,3.973821565337534,3.9502615928649902,3.9502615928649902,4449,0.0,0.0
1981-08-03 00:00:00-04:00,0.0,3.785339101409611,3.76963210105896,3.76963210105896,22245,0.0,0.0
1981-08-04 00:00:00-04:00,3.76963210105896,3.76963210105896,3.76963210105896,3.76963210105896,0,0.0,0.0
1981-08-05 00:00:00-04:00,0.0,4.075914356471342,4.052353858947754,4.052353858947754,8898,0.0,0.0
1981-08-06 00:00:00-04:00,0.0,4.154448444394039,4.146595478057861,4.146595478057861,114786,0.0,0.0
1981-08-07 00:00:00-04:00,0.0,4.397906294587118,4.382199287414551,4.382199287414551,106777,0.0,0.0
1981-08-10 00:00:00-04:00,4.382199287414551,4.382199287414551,4.382199287414551,4.382199287414551,0,0.0,0.0
1981-08-11 00:00:00-04:00,0.0,4.1151823851587395,4.099475383758545,4.099475383758545,32923,0.0,0.0
1981-08-12 00:00:00-04:00,0.0,4.1151823851587395,4.099475383758545,4.099475383758545,47160,0.0,0.0
1981-08-13 00:00:00-04:00,0.0,4.020943841482787,3.989530086517334,3.989530086517334,890,0.0,0.0
1981-08-14 00:00:00-04:00,3.989530086517334,3.989530086517334,3.989530086517334,3.989530086517334,0,0.0,0.0
1981-08-17 00:00:00-04:00,0.0,4.107326951430738,4.083766460418701,4.083766460418701,11568,0.0,0.0
1981-08-18 00:00:00-04:00,0.0,4.05235543186957,4.036649227142334,4.036649227142334,10678,0.0,0.0
1981-08-19 00:00:00-04:00,0.0,4.099475093631843,4.0759148597717285,4.0759148597717285,17796,0.0,0.0
1981-08-20 00:00:00-04:00,0.0,4.083768557153623,4.060208320617676,4.060208320617676,4449,0.0,0.0
1981-08-21 00:00:00-04:00,4.060208320617676,4.060208320617676,4.060208320617676,4.060208320617676,0,0.0,0.0
1981-08-24 00:00:00-04:00,0.0,4.123035619286056,4.099475383758545,4.099475383758545,19576,0.0,0.0
1981-08-25 00:00:00-04:00,0.0,3.973821565337534,3.9502615928649902,3.9502615928649902,21355,0.0,0.0
1981-08-26 00:00:00-04:00,0.0,3.9659680634648056,3.9502615928649902,3.9502615928649902,9788,0.0,0.0
1981-08-27 00:00:00-04:00,0.0,3.8010458430565546,3.7774856090545654,3.7774856090545654,2669,0.0,0.0
1981-08-28 00:00:00-04:00,0.0,3.6989509497600532,3.6753907203674316,3.6753907203674316,1780,0.0,0.0
1981-08-31 00:00:00-04:00,0.0,3.675391659373657,3.6596846580505367,3.659684658050537,30254,0.0,0.0
1981-09-01 00:00:00-04:00,0.0,3.5340304212065217,3.5183234214782715,3.5183234214782715,21355,0.0,0.0
1981-09-02 00:00:00-04:00,0.0,3.4476449415921735,3.4319379329681396,3.4319379329681396,32033,0.0,0.0
1981-09-03 00:00:00-04:00,0.0,3.6125661974399956,3.596859455108642,3.5968594551086426,21355,0.0,0.0
1981-09-04 00:00:00-04:00,0.0,3.6125640340200293,3.5890038013458248,3.589003801345825,8008,0.0,0.0
1981-09-08 00:00:00-04:00,0.0,3.691097451104942,3.6753907203674316,3.6753907203674316,48050,0.0,0.0
1981-09-09 00:00:00-04:00,0.0,3.5968570533477306,3.5811500549316406,3.5811500549316406,44491,0.0,0.0
1981-09-10 00:00:00-04:00,0.0,3.5968570533477306,3.5811500549316406,3.5811500549316406,51609,0.0,0.0
1981-09-11 00:00:00-04:00,0.0,3.471203702035721,3.4476439952850346,3.447643995285034,19576,0.0,0.0
1981-09-14 00:00:00-04:00,3.4476439952850346,3.4476439952850346,3.4476439952850346,3.447643995285034,0,0.0,0.0
1981-09-15 00:00:00-04:00,0.0,3.581150966876426,3.565444231033325,3.565444231033325,2669,0.0,0.0
1981-09-16 00:00:00-04:00,0.0,3.5654453582078918,3.549738883972168,3.549738883972168,2669,0.0,0.0
1981-09-17 00:00:00-04:00,0.0,3.604710800843794,3.5890038013458248,3.589003801345825,1780,0.0,0.0
1981-09-18 00:00:00-04:00,0.0,3.6047105525557757,3.5811500549316406,3.5811500549316406,32033,0.0,0.0
1981-09-21 00:00:00-04:00,3.5811500549316406,3.5811500549316406,3.5811500549316406,3.5811500549316406,0,0.0,0.0
1981-09-22 00:00:00-04:00,0.0,3.486910329795534,3.4712033271789546,3.471203327178955,4449,0.0,0.0
1981-09-23 00:00:00-04:00,0.0,3.4240832116204283,3.4005227088928223,3.4005227088928223,37372,0.0,0.0
1981-09-24 00:00:00-04:00,0.0,3.227748832143493,3.2120420932769775,3.2120420932769775,9788,0.0,0.0
1981-09-25 00:00:00-04:00,0.0,3.125654173158103,3.1020939350128174,3.1020939350128174,47160,0.0,0.0
1981-09-28 00:00:00-04:00,0.0,2.772249918836456,2.756542921066284,2.756542921066284,67626,0.0,0.0
1981-09-29 00:00:00-04:00,0.0,3.023559794894695,3.007852792739868,3.007852792739868,30254,0.0,0.0
1981-09-30 00:00:00-04:00,0.0,2.8664909788730872,2.8507847785949703,2.8507847785949707,10678,0.0,0.0
1981-10-01 00:00:00-04:00,0.0,2.6780089867590475,2.662302255630493,2.662302255630493,21355,0.0,0.0
1981-10-02 00:00:00-04:00,0.0,2.7329840525495794,2.7172770500183105,2.7172770500183105,18686,0.0,0.0
1981-10-05 00:00:00-04:00,0.0,3.031412592730864,3.023559093475342,3.023559093475342,41821,0.0,0.0
1981-10-06 00:00:00-04:00,0.0,2.9528774440602166,2.9371709823608394,2.93717098236084,6229,0.0,0.0
1981-10-07 00:00:00-04:00,0.0,3.133508190019498,3.109947681427002,3.109947681427002,5339,0.0,0.0
1981-10-08 00:00:00-04:00,0.0,3.1020929635739476,3.0863859653472905,3.08638596534729,18686,0.0,0.0
1981-10-09 00:00:00-04:00,0.0,3.1806275430880318,3.1649208068847656,3.1649208068847656,16017,0.0,0.0
1981-10-12 00:00:00-04:00,0.0,3.4083762098020243,3.4005227088928223,3.4005227088928223,12457,0.0,0.0
1981-10-13 00:00:00-04:00,0.0,3.337696267974482,3.314136028289795,3.314136028289795,16906,0.0,0.0
1981-10-14 00:00:00-04:00,0.0,3.196334587437764,3.1806275844573975,3.1806275844573975,10678,0.0,0.0
1981-10-15 00:00:00-04:00,0.0,3.0157055306083684,2.992145299911499,2.992145299911499,13347,0.0,0.0
1981-10-16 00:00:00-04:00,0.0,2.8507852419904816,2.835078239440918,2.835078239440918,28474,0.0,0.0
1981-10-19 00:00:00-04:00,0.0,2.858637943546862,2.835078239440918,2.835078239440918,2669,0.0,0.0
1981-10-20 00:00:00-04:00,0.0,3.0628267970898935,3.03926682472229,3.03926682472229,25805,0.0,0.0
1981-10-21 00:00:00-04:00,0.0,3.023559794894695,3.007852792739868,3.007852792739868,14237,0.0,0.0
1981-10-22 00:00:00-04:00,3.007852792739868,3.007852792739868,3.007852792739868,3.007852792739868,0,0.0,0.0
1981-10-23 00:00:00-04:00,0.0,2.9685868867532643,2.9528801441192623,2.9528801441192627,7118,0.0,0.0
1981-10-26 00:00:00-05:00,0.0,2.8664909788730872,2.8507847785949703,2.8507847785949707,1780,0.0,0.0
1981-10-27 00:00:00-05:00,2.8507847785949703,2.8507847785949703,2.8507847785949703,2.8507847785949707,0,0.0,0.0
1981-10-28 00:00:00-05:00,2.8507847785949703,2.8507847785949703,2.8507847785949703,2.8507847785949707,0,0.0,0.0
1981-10-29 00:00:00-05:00,0.0,3.0549732952521462,3.03926682472229,3.03926682472229,5339,0.0,0.0
1981-10-30 00:00:00-05:00,0.0,3.0706783567264138,3.047118663787842,3.047118663787842,12457,0.0,0.0
1981-11-02 00:00:00-05:00,0.0,3.1649209420239357,3.1413612365722656,3.1413612365722656,2669,0.0,0.0
1981-11-03 00:00:00-05:00,3.1413612365722656,3.1413612365722656,3.1413612365722656,3.1413612365722656,0,0.0,0.0
1981-11-04 00:00:00-05:00,0.0,3.2198943657728547,3.204187631607055,3.2041876316070557,6229,0.0,0.0
1981-11-05 00:00:00-05:00,0.0,3.21989532942381,3.2120420932769775,3.2120420932769775,56948,0.0,0.0
1981-11-06 00:00:00-05:00,0.0,3.3219880871304515,3.306281089782715,3.306281089782715,37372,0.0,0.0
1981-11-09 00:00:00-05:00,0.0,3.2591613740808523,3.2434551715850835,3.243455171585083,9788,0.0,0.0
1981-11-10 00:00:00-05:00,0.0,3.235600691385166,3.21989369392395,3.21989369392395,7118,0.0,0.0
1981-11-11 00:00:00-05:00,3.21989369392395,3.21989369392395,3.21989369392395,3.21989369392395,0,0.0,0.0
1981-11-12 00:00:00-05:00,3.21989369392395,3.21989369392395,3.21989369392395,3.21989369392395,0,0.0,0.0
1981-11-13 00:00:00-05:00,0.0,3.298427534720989,3.2827208042144775,3.2827208042144775,1780,0.0,0.0
1981-11-16 00:00:00-05:00,0.0,3.321989518471673,3.298429012298584,3.298429012298584,890,0.0,0.0
1981-11-17 00:00:00-05:00,3.298429012298584,3.298429012298584,3.298429012298584,3.298429012298584,0,0.0,0.0
1981-11-18 00:00:00-05:00,0.0,3.2591611269875655,3.2356014251708984,3.2356014251708984,5339,0.0,0.0
1981-11-19 00:00:00-05:00,0.0,3.2670139521186177,3.251307487487793,3.251307487487793,5339,0.0,0.0
1981-11-20 00:00:00-05:00,0.0,3.2748684750081605,3.2591614723205566,3.2591614723205566,13347,0.0,0.0
1981-11-23 00:00:00-05:00,0.0,3.298428245598434,3.2748680114746094,3.2748680114746094,2669,0.0,0.0
1981-11-24 00:00:00-05:00,0.0,3.243455636898546,3.2277486324310303,3.2277486324310303,13347,0.0,0.0
1981-11-25 00:00:00-05:00,0.0,3.21989291703452,3.196332693099975,3.1963326930999756,8898,0.0,0.0
1981-11-27 00:00:00-05:00,3.196332693099975,3.196332693099975,3.196332693099975,3.1963326930999756,0,0.0,0.0
1981-11-30 00:00:00-05:00,0.0,3.149213986191841,3.133507251739502,3.133507251739502,890,0.0,0.0
1981-12-01 00:00:00-05:00,0.0,3.1099457257842724,3.0942389965057373,3.0942389965057373,14237,0.0,0.0
1981-12-02 00:00:00-05:00,0.0,3.070678663465582,3.054971933364868,3.054971933364868,890,0.0,0.0
1981-12-03 00:00:00-05:00,3.054971933364868,3.054971933364868,3.054971933364868,3.054971933364868,0,0.0,0.0
1981-12-04 00:00:00-05:00,3.054971933364868,3.054971933364868,3.054971933364868,3.054971933364868,0,0.0,0.0
1981-12-07 00:00:00-05:00,0.0,3.2827229412950936,3.2670159339904785,3.2670159339904785,29364,0.0,0.0
1981-12-08 00:00:00-05:00,0.0,3.251308159621451,3.2356014251708984,3.2356014251708984,17796,0.0,0.0
1981-12-09 00:00:00-05:00,3.2356014251708984,3.2356014251708984,3.2356014251708984,3.2356014251708984,0,0.0,0.0
1981-12-10 00:00:00-05:00,0.0,3.149213986191841,3.133507251739502,3.133507251739502,1780,0.0,0.0
1981-12-11 00:00:00-05:00,0.0,3.1413616980538808,3.1178011894226074,3.1178011894226074,890,0.0,0.0
1981-12-14 00:00:00-05:00,0.0,3.133508190019498,3.109947681427002,3.109947681427002,890,0.0,0.0
1981-12-15 00:00:00-05:00,0.0,3.1492130177895614,3.12565279006958,3.12565279006958,1780,0.0,0.0
1981-12-16 00:00:00-05:00,0.0,3.1256546871553326,3.109947681427002,3.109947681427002,3559,0.0,0.0
1981-12-17 00:00:00-05:00,0.0,3.204186897500067,3.1884799003601074,3.1884799003601074,18686,0.0,0.0
1981-12-18 00:00:00-05:00,0.0,3.172774443747308,3.1413612365722656,3.1413612365722656,1780,0.0,0.0
1981-12-21 00:00:00-05:00,3.1413612365722656,3.1413612365722656,3.1413612365722656,3.1413612365722656,0,0.0,0.0
1981-12-22 00:00:00-05:00,0.0,3.1492130177895614,3.12565279006958,3.12565279006958,2669,0.0,0.0
1981-12-23 00:00:00-05:00,0.0,3.2591611269875655,3.2356014251708984,3.2356014251708984,6229,0.0,0.0
1981-12-24 00:00:00-05:00,3.2356014251708984,3.2356014251708984,3.2356014251708984,3.2356014251708984,0,0.0,1.1
1981-12-28 00:00:00-05:00,3.5591609477996826,3.5591609477996826,3.5591609477996826,3.5591609477996826,0,0.0,0.0
1981-12-29 00:00:00-05:00,3.5591609477996826,3.5591609477996826,3.5591609477996826,3.5591609477996826,0,0.0,0.0
1981-12-30 00:00:00-05:00,0.0,3.144500321010645,3.1185843944549565,3.118584394454956,809,0.0,0.0
1981-12-31 00:00:00-05:00,0.0,3.1445018551545423,3.127224206924439,3.1272242069244385,4045,0.0,0.0
1982-01-04 00:00:00-05:00,3.127224206924439,3.127224206924439,3.127224206924439,3.1272242069244385,0,0.0,0.0
1982-01-05 00:00:00-05:00,0.0,3.196334024789406,3.179056644439697,3.1790566444396973,809,0.0,0.0
1982-01-06 00:00:00-05:00,3.179056644439697,3.179056644439697,3.179056644439697,3.1790566444396973,0,0.0,0.0
1982-01-07 00:00:00-05:00,0.0,3.118586774493153,3.109947681427002,3.109947681427002,809,0.0,0.0
1982-01-08 00:00:00-05:00,0.0,3.092669596740613,3.066753387451172,3.066753387451172,3236,0.0,0.0
1982-01-11 00:00:00-05:00,0.0,3.0667528191971583,3.058114528656006,3.058114528656006,17796,0.0,0.0
1982-01-12 00:00:00-05:00,3.058114528656006,3.058114528656006,3.058114528656006,3.058114528656006,0,0.0,0.0
1982-01-13 00:00:00-05:00,0.0,2.997643909072228,2.9803659915924072,2.9803659915924072,3236,0.0,0.0
1982-01-14 00:00:00-05:00,0.0,2.99764339444408,2.971726655960083,2.971726655960083,3236,0.0,0.0
1982-01-15 00:00:00-05:00,0.0,2.99764339444408,2.971726655960083,2.971726655960083,1618,0.0,0.0
1982-01-18 00:00:00-05:00,0.0,3.014920791580213,2.9890048503875732,2.9890048503875732,3236,0.0,0.0
1982-01-19 00:00:00-05:00,0.0,3.0494761069125875,3.032198190689087,3.032198190689087,8089,0.0,0.0
1982-01-20 00:00:00-05:00,0.0,3.075391642883847,3.058114528656006,3.058114528656006,1618,0.0,0.0
1982-01-21 00:00:00-05:00,0.0,3.0494752944740133,3.023559093475342,3.023559093475342,2427,0.0,0.0
1982-01-22 00:00:00-05:00,0.0,3.0581140152600854,3.0494751930236816,3.0494751930236816,5662,0.0,0.0
1982-01-25 00:00:00-05:00,0.0,3.196334710269152,3.1704185009002686,3.1704185009002686,16178,0.0,0.0
1982-01-26 00:00:00-05:00,0.0,3.196334024789406,3.179056644439697,3.1790566444396973,33166,0.0,0.0
1982-01-27 00:00:00-05:00,0.0,3.4209429864206307,3.403665065765381,3.403665065765381,65522,0.0,0.0
1982-01-28 00:00:00-05:00,0.0,3.3863858717326276,3.3691079616546626,3.369107961654663,54198,0.0,0.0
1982-01-29 00:00:00-05:00,0.0,3.3691085851582487,3.3604702949523926,3.3604702949523926,13752,0.0,0.0
1982-02-01 00:00:00-05:00,0.0,3.2308889469558877,3.204972743988037,3.204972743988037,23459,0.0,0.0
1982-02-02 00:00:00-05:00,0.0,3.1358630310394906,3.127224206924439,3.1272242069244385,809,0.0,0.0
1982-02-03 00:00:00-05:00,0.0,3.161780265467445,3.1445028781890865,3.144502878189087,34784,0.0,0.0
1982-02-04 00:00:00-05:00,0.0,3.1099476164623447,3.09266996383667,3.09266996383667,12943,0.0,0.0
1982-02-05 00:00:00-05:00,3.09266996383667,3.09266996383667,3.09266996383667,3.09266996383667,0,0.0,0.0
1982-02-08 00:00:00-05:00,0.0,3.032198333829417,3.014920949935913,3.014920949935913,25885,0.0,0.0
1982-02-09 00:00:00-05:00,0.0,3.023560638681764,2.9976444244384766,2.9976444244384766,3236,0.0,0.0
1982-02-10 00:00:00-05:00,0.0,3.1185867093480306,3.09266996383667,3.09266996383667,3236,0.0,0.0
1982-02-11 00:00:00-05:00,3.09266996383667,3.09266996383667,3.09266996383667,3.09266996383667,0,0.0,0.0
1982-02-12 00:00:00-05:00,0.0,3.0321985404519944,3.006282329559326,3.006282329559326,809,0.0,0.0
1982-02-16 00:00:00-05:00,0.0,3.023560638681764,2.9976444244384766,2.9976444244384766,5662,0.0,0.0
1982-02-17 00:00:00-05:00,2.9976444244384766,2.9976444244384766,2.9976444244384766,2.9976444244384766,0,0.0,0.0
1982-02-18 00:00:00-05:00,2.9976444244384766,2.9976444244384766,2.9976444244384766,2.9976444244384766,0,0.0,0.0
1982-02-19 00:00:00-05:00,0.0,3.066752304351043,3.0494751930236816,3.0494751930236816,11325,0.0,0.0
1982-02-22 00:00:00-05:00,0.0,3.075391642883847,3.058114528656006,3.058114528656006,24268,0.0,0.0
1982-02-23 00:00:00-05:00,0.0,3.014921545170177,2.9976444244384766,2.9976444244384766,36401,0.0,0.0
1982-02-24 00:00:00-05:00,0.0,2.945811389635442,2.9285342693328857,2.9285342693328857,14561,0.0,0.0
1982-02-25 00:00:00-05:00,0.0,2.9285324976541767,2.911255121231079,2.911255121231079,11325,0.0,0.0
1982-02-26 00:00:00-05:00,0.0,2.8594235068429374,2.8335072994232178,2.8335072994232178,13752,0.0,0.0
1982-03-01 00:00:00-05:00,0.0,2.8075910691164134,2.781674861907959,2.781674861907959,1618,0.0,0.0
1982-03-02 00:00:00-05:00,0.0,2.8248685491822125,2.798952341079712,2.798952341079712,30739,0.0,0.0
1982-03-03 00:00:00-05:00,0.0,2.850785180880233,2.8248684406280518,2.8248684406280518,3236,0.0,0.0
1982-03-04 00:00:00-05:00,0.0,2.7557587208544345,2.7384808063507085,2.738480806350708,4854,0.0,0.0
1982-03-05 00:00:00-05:00,0.0,2.703925714766858,2.678009510040283,2.678009510040283,2427,0.0,0.0
1982-03-08 00:00:00-05:00,0.0,2.7643968068050424,2.7471194267272945,2.747119426727295,3236,0.0,0.0
1982-03-09 00:00:00-05:00,0.0,2.69528742414595,2.678009510040283,2.678009510040283,16178,0.0,0.0
1982-03-10 00:00:00-05:00,0.0,2.7125638517446156,2.6866476535797115,2.686647653579712,20223,0.0,0.0
1982-03-11 00:00:00-05:00,0.0,2.6866477619550486,2.669370651245117,2.669370651245117,41255,0.0,0.0
1982-03-12 00:00:00-05:00,0.0,2.557067535989316,2.5397901535034184,2.539790153503418,16987,0.0,0.0
1982-03-15 00:00:00-05:00,2.548429489135742,2.548429489135742,2.548429489135742,2.548429489135742,0,0.0,5.0
1982-03-16 00:00:00-05:00,0.0,2.5916229365391157,2.4620416164398193,2.4620416164398193,809,0.0,0.0
1982-03-17 00:00:00-05:00,0.0,2.5916229365391157,2.4620416164398193,2.4620416164398193,647,0.0,0.0
1982-03-18 00:00:00-05:00,0.0,2.591621903339428,2.505234479904175,2.505234479904175,20061,0.0,0.0
1982-03-19 00:00:00-05:00,0.0,2.591621903339428,2.505234479904175,2.505234479904175,809,0.0,0.0
1982-03-22 00:00:00-05:00,0.0,2.591621903339428,2.505234479904175,2.505234479904175,1294,0.0,0.0
1982-03-23 00:00:00-05:00,0.0,2.634816952036348,2.548429489135742,2.548429489135742,4854,0.0,0.0
1982-03-24 00:00:00-05:00,0.0,2.6780100171696257,2.591622829437256,2.591622829437256,5015,0.0,0.0
1982-03-25 00:00:00-05:00,0.0,2.591621903339428,2.505234479904175,2.505234479904175,5501,0.0,0.0
1982-03-26 00:00:00-05:00,0.0,2.5484293408879046,2.4620416164398193,2.4620416164398193,2750,0.0,0.0
1982-03-29 00:00:00-05:00,0.0,2.4620421748881527,2.375654697418213,2.375654697418213,28959,0.0,0.0
1982-03-30 00:00:00-05:00,0.0,2.418848569439629,2.375654697418213,2.375654697418213,809,0.0,0.0
1982-03-31 00:00:00-05:00,0.0,2.418848569439629,2.375654697418213,2.375654697418213,1294,0.0,0.0
1982-04-01 00:00:00-05:00,0.0,2.4620421748881527,2.375654697418213,2.375654697418213,971,0.0,0.0
1982-04-02 00:00:00-05:00,0.0,2.4620421748881527,2.375654697418213,2.375654697418213,485,0.0,0.0
1982-04-05 00:00:00-05:00,0.0,2.418848569439629,2.375654697418213,2.375654697418213,4045,0.0,0.0
1982-04-06 00:00:00-05:00,0.0,2.3756532976159943,2.2892658710479736,2.2892658710479736,1132,0.0,0.0
1982-04-07 00:00:00-05:00,0.0,2.3756532976159943,2.2892658710479736,2.2892658710479736,10678,0.0,0.0
1982-04-08 00:00:00-05:00,0.0,2.3756535213622767,2.246072769165039,2.246072769165039,485,0.0,0.0
1982-04-12 00:00:00-05:00,0.0,2.418847144186372,2.2892658710479736,2.2892658710479736,11325,0.0,0.0
1982-04-13 00:00:00-05:00,0.0,2.3756532976159943,2.2892658710479736,2.2892658710479736,7442,0.0,0.0
1982-04-14 00:00:00-05:00,0.0,2.3756532976159943,2.2892658710479736,2.2892658710479736,20223,0.0,0.0
1982-04-15 00:00:00-05:00,0.0,2.332460203869291,2.246072769165039,2.246072769165039,1941,0.0,0.0
1982-04-16 00:00:00-05:00,0.0,2.332460203869291,2.246072769165039,2.246072769165039,162,0.0,0.0
1982-04-19 00:00:00-05:00,0.0,2.3756535213622767,2.246072769165039,2.246072769165039,324,0.0,0.0
1982-04-20 00:00:00-05:00,0.0,2.4188475789654493,2.332460403442383,2.332460403442383,4045,0.0,0.0
1982-04-21 00:00:00-05:00,0.0,2.4620421748881527,2.375654697418213,2.375654697418213,971,0.0,0.0
1982-04-22 00:00:00-05:00,0.0,2.5052354786638618,2.4620416164398193,2.4620416164398193,1941,0.0,0.0
1982-04-23 00:00:00-05:00,0.0,2.548429489135742,2.548429489135742,2.548429489135742,2912,0.0,0.0
1982-04-26 00:00:00-04:00,0.0,2.8075900310692545,2.7643961906433105,2.7643961906433105,10031,0.0,0.0
1982-04-27 00:00:00-04:00,0.0,2.8075900310692545,2.7643961906433105,2.7643961906433105,18282,0.0,0.0
1982-04-28 00:00:00-04:00,0.0,2.8939784043627923,2.807590961456299,2.807590961456299,2427,0.0,0.0
1982-04-29 00:00:00-04:00,0.0,2.8939784043627923,2.807590961456299,2.807590961456299,12619,0.0,0.0
1982-04-30 00:00:00-04:00,0.0,2.8939780955803873,2.8507847785949703,2.8507847785949707,971,0.0,0.0
1982-05-03 00:00:00-04:00,0.0,2.937171945711319,2.8507847785949703,2.8507847785949707,3397,0.0,0.0
1982-05-04 00:00:00-04:00,0.0,2.9803655322443654,2.893978357315063,2.8939783573150635,12457,0.0,0.0
1982-05-05 00:00:00-04:00,0.0,3.0235583877160996,2.9371709823608394,2.93717098236084,5015,0.0,0.0
1982-05-06 00:00:00-04:00,0.0,3.1963351466414025,3.109947681427002,3.109947681427002,7280,0.0,0.0
1982-05-07 00:00:00-04:00,0.0,3.1963351466414025,3.109947681427002,3.109947681427002,15855,0.0,0.0
1982-05-10 00:00:00-04:00,0.0,3.1531408406069144,3.066753387451172,3.066753387451172,10516,0.0,0.0
1982-05-11 00:00:00-04:00,0.0,3.153141280747775,3.109947681427002,3.109947681427002,45947,0.0,0.0
1982-05-12 00:00:00-04:00,0.0,3.153139831895967,3.023559093475342,3.023559093475342,8736,0.0,0.0
1982-05-13 00:00:00-04:00,0.0,3.196333917335528,3.153140068054199,3.153140068054199,5339,0.0,0.0
1982-05-14 00:00:00-04:00,0.0,3.2395277666168574,3.153140068054199,3.153140068054199,647,0.0,0.0
1982-05-17 00:00:00-04:00,0.0,3.2395277666168574,3.153140068054199,3.153140068054199,2427,0.0,0.0
1982-05-18 00:00:00-04:00,0.0,3.196333917335528,3.153140068054199,3.153140068054199,2265,0.0,0.0
1982-05-19 00:00:00-04:00,0.0,3.2395265258375243,3.196332693099975,3.1963326930999756,5339,0.0,0.0
1982-05-20 00:00:00-04:00,0.0,3.2395277666168574,3.153140068054199,3.153140068054199,1941,0.0,0.0
1982-05-21 00:00:00-04:00,0.0,3.23952901253503,3.109947681427002,3.109947681427002,2265,0.0,0.0
1982-05-24 00:00:00-04:00,0.0,3.23952901253503,3.109947681427002,3.109947681427002,485,0.0,0.0
1982-05-25 00:00:00-04:00,0.0,3.153141280747775,3.109947681427002,3.109947681427002,3559,0.0,0.0
1982-05-26 00:00:00-04:00,0.0,3.153141280747775,3.109947681427002,3.109947681427002,6795,0.0,0.0
1982-05-27 00:00:00-04:00,0.0,3.0667524063761515,3.023559093475342,3.023559093475342,5501,0.0,0.0
1982-05-28 00:00:00-04:00,0.0,3.0235583877160996,2.9371709823608394,2.93717098236084,1294,0.0,0.0
1982-06-01 00:00:00-04:00,0.0,3.0667534464089323,2.9803659915924072,2.9803659915924072,809,0.0,0.0
1982-06-02 00:00:00-04:00,0.0,3.0667524063761515,3.023559093475342,3.023559093475342,1618,0.0,0.0
1982-06-03 00:00:00-04:00,0.0,3.0235601188599035,2.9803659915924072,2.9803659915924072,1780,0.0,0.0
1982-06-04 00:00:00-04:00,0.0,3.0235601188599035,2.9803659915924072,2.9803659915924072,971,0.0,0.0
1982-06-07 00:00:00-04:00,0.0,2.937172211352496,2.893978357315063,2.8939783573150635,5824,0.0,0.0
1982-06-08 00:00:00-04:00,0.0,2.937172211352496,2.893978357315063,2.8939783573150635,5339,0.0,0.0
1982-06-09 00:00:00-04:00,0.0,2.8939780955803873,2.8507847785949703,2.8507847785949707,2589,0.0,0.0
1982-06-10 00:00:00-04:00,0.0,2.8939784043627923,2.807590961456299,2.807590961456299,2103,0.0,0.0
1982-06-11 00:00:00-04:00,0.0,2.8939780955803873,2.8507847785949703,2.8507847785949707,324,0.0,0.0
1982-06-14 00:00:00-04:00,0.0,2.8939784043627923,2.807590961456299,2.807590961456299,1780,0.0,0.0
1982-06-15 00:00:00-04:00,0.0,2.8507841380678953,2.7643961906433105,2.7643961906433105,162,0.0,0.0
1982-06-16 00:00:00-04:00,0.0,2.8075908002459276,2.678009510040283,2.678009510040283,485,0.0,0.0
1982-06-17 00:00:00-04:00,0.0,2.7212036288725248,2.678009510040283,2.678009510040283,1456,0.0,0.0
1982-06-18 00:00:00-04:00,2.678009510040283,2.678009510040283,2.678009510040283,2.678009510040283,0,0.0,0.0
1982-06-21 00:00:00-04:00,0.0,2.678009973159457,2.6348166465759277,2.6348166465759277,647,0.0,0.0
1982-06-22 00:00:00-04:00,0.0,2.80759024298741,2.721203088760376,2.721203088760376,162,0.0,0.0
1982-06-23 00:00:00-04:00,0.0,2.5484293408879046,2.4620416164398193,2.4620416164398193,2265,0.0,0.0
1982-06-24 00:00:00-04:00,0.0,2.5484293408879046,2.4620416164398193,2.4620416164398193,324,0.0,0.0
1982-06-25 00:00:00-04:00,0.0,2.5484293408879046,2.4620416164398193,2.4620416164398193,971,0.0,1.1
1982-06-28 00:00:00-04:00,0.0,2.7557582795531235,2.6607320308685307,2.6607320308685303,147,0.0,0.0
1982-06-29 00:00:00-04:00,0.0,2.7557591563870063,2.613219738006592,2.613219738006592,2353,0.0,0.0
1982-06-30 00:00:00-04:00,0.0,2.80327262261392,2.7557594776153564,2.7557594776153564,9119,0.0,0.0
1982-07-01 00:00:00-04:00,2.7557594776153564,2.7557594776153564,2.7557594776153564,2.7557594776153564,0,0.0,0.0
1982-07-02 00:00:00-04:00,0.0,2.7082460169268683,2.613219738006592,2.613219738006592,2059,0.0,0.0
1982-07-06 00:00:00-04:00,0.0,2.6607320246781057,2.5657057762145996,2.5657057762145996,147,0.0,0.0
1982-07-07 00:00:00-04:00,0.0,2.6607320246781057,2.5657057762145996,2.5657057762145996,441,0.0,0.0
1982-07-08 00:00:00-04:00,0.0,2.5657063803536073,2.5181932449340825,2.518193244934082,1765,0.0,0.0
1982-07-09 00:00:00-04:00,0.0,2.613218900446353,2.5657057762145996,2.5657057762145996,147,0.0,0.0
1982-07-12 00:00:00-04:00,0.0,2.7557582795531235,2.6607320308685307,2.6607320308685303,147,0.0,0.0
1982-07-13 00:00:00-04:00,0.0,2.6607320246781057,2.5657057762145996,2.5657057762145996,3824,0.0,0.0
1982-07-14 00:00:00-04:00,0.0,2.6607320246781057,2.5657057762145996,2.5657057762145996,1324,0.0,0.0
1982-07-15 00:00:00-04:00,0.0,2.6607320246781057,2.5657057762145996,2.5657057762145996,147,0.0,0.0
1982-07-16 00:00:00-04:00,2.5657057762145996,2.5657057762145996,2.5657057762145996,2.5657057762145996,0,0.0,0.0
1982-07-19 00:00:00-04:00,0.0,2.6607328774667303,2.613219738006592,2.613219738006592,1765,0.0,0.0
1982-07-20 00:00:00-04:00,2.613219738006592,2.613219738006592,2.613219738006592,2.613219738006592,0,0.0,0.0
1982-07-21 00:00:00-04:00,0.0,2.613218900446353,2.5657057762145996,2.5657057762145996,7795,0.0,0.0
1982-07-22 00:00:00-04:00,0.0,2.6607328774667303,2.613219738006592,2.613219738006592,1324,0.0,0.0
1982-07-23 00:00:00-04:00,2.613219738006592,2.613219738006592,2.613219738006592,2.613219738006592,0,0.0,0.0
1982-07-26 00:00:00-04:00,0.0,2.6132195157731326,2.5181932449340825,2.518193244934082,1324,0.0,0.0
1982-07-27 00:00:00-04:00,0.0,2.565706264963152,2.470679998397827,2.470679998397827,1471,0.0,0.0
1982-07-28 00:00:00-04:00,0.0,2.5181935095222516,2.42316722869873,2.4231672286987305,2059,0.0,0.0
1982-07-29 00:00:00-04:00,0.0,2.470681002607014,2.375654697418213,2.375654697418213,1324,0.0,0.0
1982-07-30 00:00:00-04:00,0.0,2.470681002607014,2.375654697418213,2.375654697418213,294,0.0,0.0
1982-08-02 00:00:00-04:00,2.375654697418213,2.375654697418213,2.375654697418213,2.375654697418213,0,0.0,0.0
1982-08-03 00:00:00-04:00,0.0,2.470681002607014,2.375654697418213,2.375654697418213,441,0.0,0.0
1982-08-04 00:00:00-04:00,2.375654697418213,2.375654697418213,2.375654697418213,2.375654697418213,0,0.0,0.0
1982-08-05 00:00:00-04:00,0.0,2.470681002607014,2.375654697418213,2.375654697418213,294,0.0,0.0
1982-08-06 00:00:00-04:00,2.375654697418213,2.375654697418213,2.375654697418213,2.375654697418213,0,0.0,0.0
1982-08-09 00:00:00-04:00,0.0,2.4231668904268795,2.280627489089966,2.280627489089966,588,0.0,0.0
1982-08-10 00:00:00-04:00,0.0,2.3756538717063638,2.3281407356262207,2.3281407356262207,588,0.0,0.0
1982-08-11 00:00:00-04:00,0.0,2.3756538717063638,2.3281407356262207,2.3281407356262207,882,0.0,0.0
1982-08-12 00:00:00-04:00,2.3281407356262207,2.3281407356262207,2.3281407356262207,2.3281407356262207,0,0.0,0.0
1982-08-13 00:00:00-04:00,0.0,2.423167007786507,2.3281407356262207,2.3281407356262207,1471,0.0,0.0
1982-08-16 00:00:00-04:00,0.0,2.3756538717063638,2.3281407356262207,2.3281407356262207,294,0.0,0.0
1982-08-17 00:00:00-04:00,0.0,2.4231678500126135,2.375654697418213,2.375654697418213,882,0.0,0.0
1982-08-18 00:00:00-04:00,0.0,2.470681002607014,2.375654697418213,2.375654697418213,11031,0.0,0.0
1982-08-19 00:00:00-04:00,0.0,2.5181931316804897,2.470679998397827,2.470679998397827,16473,0.0,0.0
1982-08-20 00:00:00-04:00,0.0,2.5657063803536073,2.5181932449340825,2.518193244934082,3089,0.0,0.0
1982-08-23 00:00:00-04:00,0.0,2.5657063803536073,2.5181932449340825,2.518193244934082,441,0.0,0.0
1982-08-24 00:00:00-04:00,0.0,2.613218900446353,2.5657057762145996,2.5657057762145996,3089,0.0,0.0
1982-08-25 00:00:00-04:00,0.0,2.7557582795531235,2.6607320308685307,2.6607320308685303,147,0.0,0.0
1982-08-26 00:00:00-04:00,0.0,2.708245155210827,2.6607320308685307,2.6607320308685303,4265,0.0,0.0
1982-08-27 00:00:00-04:00,0.0,2.6607328774667303,2.613219738006592,2.613219738006592,1765,0.0,0.0
1982-08-30 00:00:00-04:00,2.613219738006592,2.613219738006592,2.613219738006592,2.613219738006592,0,0.0,0.0
1982-08-31 00:00:00-04:00,0.0,2.5181931316804897,2.470679998397827,2.470679998397827,147,0.0,0.0
1982-09-01 00:00:00-04:00,0.0,2.6607320246781057,2.5657057762145996,2.5657057762145996,1618,0.0,0.0
1982-09-02 00:00:00-04:00,0.0,2.613218900446353,2.5657057762145996,2.5657057762145996,1030,0.0,0.0
1982-09-03 00:00:00-04:00,0.0,2.7082460169268683,2.613219738006592,2.613219738006592,2059,0.0,0.0
1982-09-07 00:00:00-04:00,0.0,2.7082460169268683,2.613219738006592,2.613219738006592,882,0.0,0.0
1982-09-08 00:00:00-04:00,0.0,2.6607320246781057,2.5657057762145996,2.5657057762145996,1471,0.0,0.0
1982-09-09 00:00:00-04:00,0.0,2.613218900446353,2.5657057762145996,2.5657057762145996,882,0.0,0.0
1982-09-10 00:00:00-04:00,0.0,2.565706264963152,2.470679998397827,2.470679998397827,7648,0.0,0.0
1982-09-13 00:00:00-04:00,0.0,2.5181935095222516,2.42316722869873,2.4231672286987305,882,0.0,0.0
1982-09-14 00:00:00-04:00,0.0,2.565706264963152,2.470679998397827,2.470679998397827,1765,0.0,0.0
1982-09-15 00:00:00-04:00,0.0,2.5181935095222516,2.42316722869873,2.4231672286987305,7501,0.0,0.0
1982-09-16 00:00:00-04:00,0.0,2.5181935095222516,2.42316722869873,2.4231672286987305,16914,0.0,0.0
1982-09-17 00:00:00-04:00,0.0,2.5181935095222516,2.42316722869873,2.4231672286987305,2942,0.0,0.0
1982-09-20 00:00:00-04:00,0.0,2.5181935095222516,2.42316722869873,2.4231672286987305,3089,0.0,0.0
1982-09-21 00:00:00-04:00,2.42316722869873,2.42316722869873,2.42316722869873,2.4231672286987305,0,0.0,0.0
1982-09-22 00:00:00-04:00,0.0,2.565706264963152,2.470679998397827,2.470679998397827,5148,0.0,0.0
1982-09-23 00:00:00-04:00,0.0,2.5181931316804897,2.470679998397827,2.470679998397827,1765,0.0,0.0
1982-09-24 00:00:00-04:00,0.0,2.470681002607014,2.375654697418213,2.375654697418213,5148,0.0,0.0
1982-09-27 00:00:00-04:00,0.0,2.423167007786507,2.3281407356262207,2.3281407356262207,147,0.0,0.0
1982-09-28 00:00:00-04:00,0.0,2.470681002607014,2.375654697418213,2.375654697418213,3383,0.0,0.0
1982-09-29 00:00:00-04:00,0.0,2.5181935095222516,2.42316722869873,2.4231672286987305,1030,0.0,0.0
1982-09-30 00:00:00-04:00,0.0,2.5181935095222516,2.42316722869873,2.4231672286987305,147,0.0,0.0
1982-10-01 00:00:00-04:00,0.0,2.5181935095222516,2.42316722869873,2.4231672286987305,7060,0.0,0.0
1982-10-04 00:00:00-04:00,0.0,2.470681002607014,2.375654697418213,2.375654697418213,2353,0.0,0.0
1982-10-05 00:00:00-04:00,0.0,2.470681002607014,2.375654697418213,2.375654697418213,2500,0.0,0.0
1982-10-06 00:00:00-04:00,0.0,2.470680369110491,2.42316722869873,2.4231672286987305,735,0.0,0.0
1982-10-07 00:00:00-04:00,0.0,2.565706264963152,2.470679998397827,2.470679998397827,1324,0.0,0.0
1982-10-08 00:00:00-04:00,0.0,2.6607320246781057,2.5657057762145996,2.5657057762145996,2500,0.0,0.0
1982-10-11 00:00:00-04:00,0.0,2.708245155210827,2.6607320308685307,2.6607320308685303,3824,0.0,0.0
1982-10-12 00:00:00-04:00,0.0,2.6607328774667303,2.613219738006592,2.613219738006592,4854,0.0,0.0
1982-10-13 00:00:00-04:00,0.0,2.7557581612894717,2.708245038986206,2.708245038986206,9560,0.0,0.0
1982-10-14 00:00:00-04:00,0.0,2.708245155210827,2.6607320308685307,2.6607320308685303,2500,0.0,0.0
1982-10-15 00:00:00-04:00,0.0,2.708245155210827,2.6607320308685307,2.6607320308685303,1765,0.0,0.0
1982-10-18 00:00:00-04:00,0.0,2.8982964923685834,2.8032710552215576,2.8032710552215576,2059,0.0,0.0
1982-10-19 00:00:00-04:00,0.0,2.80327262261392,2.7557594776153564,2.7557594776153564,7795,0.0,0.0
1982-10-20 00:00:00-04:00,0.0,2.850785767612484,2.7557594776153564,2.7557594776153564,1765,0.0,0.0
1982-10-21 00:00:00-04:00,0.0,2.7082460169268683,2.613219738006592,2.613219738006592,10295,0.0,0.0
1982-10-22 00:00:00-04:00,0.0,2.7557591563870063,2.613219738006592,2.613219738006592,735,0.0,0.0
1982-10-25 00:00:00-04:00,0.0,2.5657063803536073,2.5181932449340825,2.518193244934082,33975,0.0,0.0
1982-10-26 00:00:00-04:00,0.0,2.613218900446353,2.5657057762145996,2.5657057762145996,5883,0.0,0.0
1982-10-27 00:00:00-04:00,0.0,2.613218900446353,2.5657057762145996,2.5657057762145996,882,0.0,0.0
1982-10-28 00:00:00-04:00,0.0,2.613218900446353,2.5657057762145996,2.5657057762145996,7942,0.0,0.0
1982-10-29 00:00:00-04:00,0.0,2.6132195157731326,2.5181932449340825,2.518193244934082,588,0.0,0.0
1982-11-01 00:00:00-05:00,0.0,2.613218900446353,2.5657057762145996,2.5657057762145996,2353,0.0,0.0
1982-11-02 00:00:00-05:00,0.0,2.613218900446353,2.5657057762145996,2.5657057762145996,3236,0.0,0.0
1982-11-03 00:00:00-05:00,0.0,2.708245155210827,2.6607320308685307,2.6607320308685303,18090,0.0,0.0
1982-11-04 00:00:00-05:00,0.0,2.6607328774667303,2.613219738006592,2.613219738006592,8089,0.0,0.0
1982-11-05 00:00:00-05:00,0.0,2.6607328774667303,2.613219738006592,2.613219738006592,39416,0.0,0.0
1982-11-08 00:00:00-05:00,0.0,2.6607320246781057,2.5657057762145996,2.5657057762145996,882,0.0,0.0
1982-11-09 00:00:00-05:00,0.0,2.6607320246781057,2.5657057762145996,2.5657057762145996,8825,0.0,0.0
1982-11-10 00:00:00-05:00,0.0,2.708245155210827,2.6607320308685307,2.6607320308685303,13531,0.0,0.0
1982-11-11 00:00:00-05:00,0.0,2.7082460169268683,2.613219738006592,2.613219738006592,5148,0.0,0.0
1982-11-12 00:00:00-05:00,0.0,2.708245155210827,2.6607320308685307,2.6607320308685303,588,0.0,0.0
1982-11-15 00:00:00-05:00,0.0,2.80327262261392,2.7557594776153564,2.7557594776153564,2059,0.0,0.0
1982-11-16 00:00:00-05:00,0.0,2.80327262261392,2.7557594776153564,2.7557594776153564,7207,0.0,0.0
1982-11-17 00:00:00-05:00,0.0,2.80327262261392,2.7557594776153564,2.7557594776153564,1765,0.0,0.0
1982-11-18 00:00:00-05:00,0.0,2.850785767612484,2.7557594776153564,2.7557594776153564,8972,0.0,0.0
1982-11-19 00:00:00-05:00,0.0,2.945809957055651,2.89829683303833,2.89829683303833,11472,0.0,0.0
1982-11-22 00:00:00-05:00,0.0,2.9933230810729716,2.89829683303833,2.89829683303833,1618,0.0,0.0
1982-11-23 00:00:00-05:00,0.0,2.945810235906542,2.8507847785949703,2.8507847785949707,0,0.0,0.0
1982-11-24 00:00:00-05:00,0.0,2.993323447832065,2.9458103179931636,2.945810317993164,147,0.0,0.0
1982-11-26 00:00:00-05:00,0.0,3.040836577670966,2.9458103179931636,2.945810317993164,441,0.0,0.0
1982-11-29 00:00:00-05:00,0.0,3.0883495819244713,2.99332332611084,2.99332332611084,7060,0.0,0.0
1982-11-30 00:00:00-05:00,0.0,3.0408364540176556,2.99332332611084,2.99332332611084,6471,0.0,0.0
1982-12-01 00:00:00-05:00,0.0,3.088349944551372,3.040836811065674,3.040836811065674,1324,0.0,0.0
1982-12-02 00:00:00-05:00,0.0,3.0883495819244713,2.99332332611084,2.99332332611084,3824,0.0,0.0
1982-12-03 00:00:00-05:00,0.0,3.0883495819244713,2.99332332611084,2.99332332611084,3971,0.0,0.0
1982-12-06 00:00:00-05:00,0.0,3.1833757149567012,3.135862588882446,3.1358625888824463,7354,0.0,0.0
1982-12-07 00:00:00-05:00,0.0,3.2784022115722156,3.230889081954956,3.230889081954956,8089,0.0,0.0
1982-12-08 00:00:00-05:00,0.0,3.2784033188408963,3.1833770275115967,3.1833770275115967,1030,0.0,0.0
1982-12-09 00:00:00-05:00,0.0,3.1833757149567012,3.135862588882446,3.1358625888824463,4412,0.0,0.0
1982-12-10 00:00:00-05:00,0.0,3.1833753450336304,3.0883491039276123,3.0883491039276123,147,0.0,0.0
1982-12-13 00:00:00-05:00,0.0,3.1833762115227677,3.040836811065674,3.040836811065674,1618,0.0,0.0
1982-12-14 00:00:00-05:00,0.0,3.1833762115227677,3.040836811065674,3.040836811065674,147,0.0,0.0
1982-12-15 00:00:00-05:00,3.040836811065674,3.040836811065674,3.040836811065674,3.040836811065674,0,0.0,0.0
1982-12-16 00:00:00-05:00,0.0,3.088349944551372,3.040836811065674,3.040836811065674,882,0.0,0.0
1982-12-17 00:00:00-05:00,0.0,3.1358630780370698,3.040836811065674,3.040836811065674,2206,0.0,0.0
1982-12-20 00:00:00-05:00,0.0,3.088349944551372,3.040836811065674,3.040836811065674,1912,0.0,0.0
1982-12-21 00:00:00-05:00,0.0,3.1358630780370698,3.040836811065674,3.040836811065674,1177,0.0,0.0
1982-12-22 00:00:00-05:00,0.0,3.135862224480621,3.0883491039276123,3.0883491039276123,441,0.0,0.0
1982-12-23 00:00:00-05:00,0.0,3.373428466160709,3.3259153366088863,3.3259153366088867,7060,0.0,0.0
1982-12-27 00:00:00-05:00,0.0,3.6585074535004374,3.610994577407837,3.610994577407837,3089,0.0,0.0
1982-12-28 00:00:00-05:00,0.0,3.6585062450000865,3.515967130661011,3.5159671306610107,4265,0.0,0.0
1982-12-29 00:00:00-05:00,0.0,3.610993384602227,3.515967130661011,3.5159671306610107,1177,0.0,0.0
1982-12-30 00:00:00-05:00,0.0,3.6585066125305423,3.5634806156158443,3.5634806156158447,12354,0.0,0.0
1982-12-31 00:00:00-05:00,3.5634806156158443,3.5634806156158443,3.5634806156158443,3.5634806156158447,0,0.0,0.0
1983-01-03 00:00:00-05:00,0.0,3.6585074535004374,3.610994577407837,3.610994577407837,735,0.0,0.0
1983-01-04 00:00:00-05:00,0.0,3.6585074535004374,3.610994577407837,3.610994577407837,7060,0.0,0.0
1983-01-05 00:00:00-05:00,0.0,3.610993384602227,3.515967130661011,3.5159671306610107,3971,0.0,0.0
1983-01-06 00:00:00-05:00,0.0,3.563480257631619,3.515967130661011,3.5159671306610107,14266,0.0,0.0
1983-01-07 00:00:00-05:00,0.0,3.563480257631619,3.515967130661011,3.5159671306610107,4265,0.0,0.0
1983-01-10 00:00:00-05:00,0.0,3.563480811790886,3.4684550762176514,3.4684550762176514,10884,0.0,0.0
1983-01-11 00:00:00-05:00,0.0,3.373428466160709,3.3259153366088863,3.3259153366088867,13531,0.0,0.0
1983-01-12 00:00:00-05:00,0.0,3.373428466160709,3.3259153366088863,3.3259153366088867,1177,0.0,0.0
1983-01-13 00:00:00-05:00,0.0,3.373428466160709,3.3259153366088863,3.3259153366088867,4265,0.0,0.0
1983-01-14 00:00:00-05:00,0.0,3.420941473641814,3.278402090072632,3.278402090072632,2353,0.0,0.0
1983-01-17 00:00:00-05:00,0.0,3.4209415957125313,3.3259153366088863,3.3259153366088867,882,0.0,0.0
1983-01-18 00:00:00-05:00,0.0,3.2784022115722156,3.230889081954956,3.230889081954956,2794,0.0,0.0
1983-01-19 00:00:00-05:00,0.0,3.1833753450336304,3.0883491039276123,3.0883491039276123,8089,0.0,0.0
1983-01-20 00:00:00-05:00,0.0,3.2784033188408963,3.1833770275115967,3.1833770275115967,5295,0.0,0.0
1983-01-21 00:00:00-05:00,0.0,3.2308901731762467,3.1833770275115967,3.1833770275115967,8383,0.0,0.0
1983-01-24 00:00:00-05:00,0.0,3.1358630780370698,3.040836811065674,3.040836811065674,1618,0.0,0.0
1983-01-25 00:00:00-05:00,0.0,3.1833753450336304,3.0883491039276123,3.0883491039276123,2059,0.0,0.0
1983-01-26 00:00:00-05:00,0.0,3.2308901731762467,3.1833770275115967,3.1833770275115967,1471,0.0,0.0
1983-01-27 00:00:00-05:00,0.0,3.1833757149567012,3.135862588882446,3.1358625888824463,9119,0.0,0.0
1983-01-28 00:00:00-05:00,0.0,3.1833757149567012,3.135862588882446,3.1358625888824463,882,0.0,0.0
1983-01-31 00:00:00-05:00,0.0,3.1833757149567012,3.135862588882446,3.1358625888824463,3236,0.0,0.0
1983-02-01 00:00:00-05:00,0.0,3.1833757149567012,3.135862588882446,3.1358625888824463,8972,0.0,0.0
1983-02-02 00:00:00-05:00,0.0,3.1358630780370698,3.040836811065674,3.040836811065674,2206,0.0,0.0
1983-02-03 00:00:00-05:00,0.0,3.1358630780370698,3.040836811065674,3.040836811065674,7942,0.0,0.0
1983-02-04 00:00:00-05:00,0.0,3.088349944551372,3.040836811065674,3.040836811065674,1030,0.0,0.0
1983-02-07 00:00:00-05:00,0.0,3.0883491039276123,3.0883491039276123,3.0883491039276123,3383,0.0,0.0
1983-02-08 00:00:00-05:00,0.0,3.135862224480621,3.0883491039276123,3.0883491039276123,4265,0.0,0.0
1983-02-09 00:00:00-05:00,0.0,3.1833753450336304,3.0883491039276123,3.0883491039276123,3677,0.0,0.0
1983-02-10 00:00:00-05:00,0.0,3.1833757149567012,3.135862588882446,3.1358625888824463,3383,0.0,0.0
1983-02-11 00:00:00-05:00,0.0,3.2308888410309566,3.135862588882446,3.1358625888824463,3236,0.0,0.0
1983-02-14 00:00:00-05:00,0.0,3.2784033188408963,3.1833770275115967,3.1833770275115967,8677,0.0,0.0
1983-02-15 00:00:00-05:00,0.0,3.3259152179290257,3.278402090072632,3.278402090072632,18679,0.0,0.0
1983-02-16 00:00:00-05:00,0.0,3.2784022115722156,3.230889081954956,3.230889081954956,26915,0.0,0.0
1983-02-17 00:00:00-05:00,0.0,3.278402090072632,3.278402090072632,3.278402090072632,20444,0.0,0.0
1983-02-18 00:00:00-05:00,0.0,3.2784033188408963,3.1833770275115967,3.1833770275115967,7207,0.0,0.0
1983-02-22 00:00:00-05:00,0.0,3.1833757149567012,3.135862588882446,3.1358625888824463,5295,0.0,0.0
1983-02-23 00:00:00-05:00,0.0,3.2308901731762467,3.1833770275115967,3.1833770275115967,9413,0.0,0.0
1983-02-24 00:00:00-05:00,0.0,3.2308901731762467,3.1833770275115967,3.1833770275115967,2353,0.0,0.0
1983-02-25 00:00:00-05:00,0.0,3.2784033188408963,3.1833770275115967,3.1833770275115967,3824,0.0,0.0
1983-02-28 00:00:00-05:00,0.0,3.1833770275115967,3.1833770275115967,3.1833770275115967,3236,0.0,0.0
1983-03-01 00:00:00-05:00,0.0,3.135862224480621,3.0883491039276123,3.0883491039276123,2647,0.0,0.0
1983-03-02 00:00:00-05:00,0.0,3.1833753450336304,3.0883491039276123,3.0883491039276123,2059,0.0,0.0
1983-03-03 00:00:00-05:00,0.0,3.1833753450336304,3.0883491039276123,3.0883491039276123,882,0.0,0.0
1983-03-04 00:00:00-05:00,0.0,3.1833770275115967,3.1833770275115967,3.1833770275115967,7648,0.0,0.0
1983-03-07 00:00:00-05:00,0.0,3.2784033188408963,3.1833770275115967,3.1833770275115967,4559,0.0,0.0
1983-03-08 00:00:00-05:00,0.0,3.2308888410309566,3.135862588882446,3.1358625888824463,1177,0.0,0.0
1983-03-09 00:00:00-05:00,3.135862588882446,3.135862588882446,3.135862588882446,3.1358625888824463,0,0.0,0.0
1983-03-10 00:00:00-05:00,0.0,3.2308888410309566,3.135862588882446,3.1358625888824463,294,0.0,0.0
1983-03-11 00:00:00-05:00,0.0,3.2308888410309566,3.135862588882446,3.1358625888824463,7354,0.0,0.0
1983-03-14 00:00:00-05:00,0.0,3.2308901731762467,3.1833770275115967,3.1833770275115967,14119,0.0,0.0
1983-03-15 00:00:00-05:00,0.0,3.2308901731762467,3.1833770275115967,3.1833770275115967,1765,0.0,0.0
1983-03-16 00:00:00-05:00,0.0,3.3259152179290257,3.278402090072632,3.278402090072632,17355,0.0,0.0
1983-03-17 00:00:00-05:00,0.0,3.3259153411894746,3.230889081954956,3.230889081954956,6913,0.0,0.0
1983-03-18 00:00:00-05:00,0.0,3.373428466160709,3.3259153366088863,3.3259153366088867,441,0.0,0.0
1983-03-21 00:00:00-05:00,0.0,3.373428466160709,3.3259153366088863,3.3259153366088867,6766,0.0,0.0
1983-03-22 00:00:00-05:00,0.0,3.4684554459426935,3.4209423065185547,3.4209423065185547,5295,0.0,0.0
1983-03-23 00:00:00-05:00,0.0,3.515968052221196,3.4209423065185547,3.4209423065185547,6177,0.0,0.0
1983-03-24 00:00:00-05:00,0.0,3.563480811790886,3.4684550762176514,3.4684550762176514,8236,0.0,0.0
1983-03-25 00:00:00-05:00,0.0,3.5159676774314788,3.4684550762176514,3.4684550762176514,2500,0.0,0.0
1983-03-28 00:00:00-05:00,0.0,3.4684554459426935,3.4209423065185547,3.4209423065185547,3089,0.0,0.0
1983-03-29 00:00:00-05:00,0.0,3.4684554459426935,3.4209423065185547,3.4209423065185547,10001,0.0,0.0
1983-03-30 00:00:00-05:00,0.0,3.515968052221196,3.4209423065185547,3.4209423065185547,3089,0.0,0.0
1983-03-31 00:00:00-05:00,0.0,3.515968052221196,3.4209423065185547,3.4209423065185547,588,0.0,0.0
1983-04-04 00:00:00-05:00,0.0,3.4209415957125313,3.3259153366088863,3.3259153366088867,735,0.0,0.0
1983-04-05 00:00:00-05:00,0.0,3.420941472568043,3.3734283447265625,3.3734283447265625,14413,0.0,0.0
1983-04-06 00:00:00-05:00,0.0,3.420941472568043,3.3734283447265625,3.3734283447265625,147,0.0,0.0
1983-04-07 00:00:00-05:00,0.0,3.373428466160709,3.3259153366088863,3.3259153366088867,3530,0.0,0.0
1983-04-08 00:00:00-05:00,0.0,3.3259152179290257,3.278402090072632,3.278402090072632,1765,0.0,0.0
1983-04-11 00:00:00-05:00,0.0,3.4209415957125313,3.3259153366088863,3.3259153366088867,11766,0.0,0.0
1983-04-12 00:00:00-05:00,0.0,3.420941472568043,3.3734283447265625,3.3734283447265625,4706,0.0,0.0
1983-04-13 00:00:00-05:00,0.0,3.4684554459426935,3.4209423065185547,3.4209423065185547,2500,0.0,0.0
1983-04-14 00:00:00-05:00,0.0,3.610993384602227,3.515967130661011,3.5159671306610107,12796,0.0,0.0
1983-04-15 00:00:00-05:00,0.0,3.563480257631619,3.515967130661011,3.5159671306610107,1765,0.0,0.0
1983-04-18 00:00:00-05:00,0.0,3.563480257631619,3.515967130661011,3.5159671306610107,2942,0.0,0.0
1983-04-19 00:00:00-05:00,0.0,3.4684554459426935,3.4209423065185547,3.4209423065185547,14413,0.0,0.0
1983-04-20 00:00:00-05:00,0.0,3.515968052221196,3.4209423065185547,3.4209423065185547,7501,0.0,0.0
1983-04-21 00:00:00-05:00,0.0,3.5159676774314788,3.4684550762176514,3.4684550762176514,12649,0.0,0.0
1983-04-22 00:00:00-05:00,0.0,3.563480257631619,3.515967130661011,3.5159671306610107,8677,0.0,0.0
1983-04-25 00:00:00-04:00,0.0,3.5159676774314788,3.4684550762176514,3.4684550762176514,1324,0.0,0.0
1983-04-26 00:00:00-04:00,0.0,3.5159676774314788,3.4684550762176514,3.4684550762176514,7501,0.0,0.0
1983-04-27 00:00:00-04:00,0.0,3.5159676774314788,3.4684550762176514,3.4684550762176514,5589,0.0,0.0
1983-04-28 00:00:00-04:00,0.0,3.563480257631619,3.515967130661011,3.5159671306610107,35887,0.0,0.0
1983-04-29 00:00:00-04:00,0.0,3.7060185562712107,3.6585054397583012,3.658505439758301,47064,0.0,0.0
1983-05-02 00:00:00-04:00,0.0,3.75353301185059,3.706019878387451,3.706019878387451,30592,0.0,0.0
1983-05-03 00:00:00-04:00,0.0,3.75353301185059,3.706019878387451,3.706019878387451,23091,0.0,0.0
1983-05-04 00:00:00-04:00,0.0,3.75353301185059,3.706019878387451,3.706019878387451,882,0.0,0.0
1983-05-05 00:00:00-04:00,0.0,3.801046145313728,3.706019878387451,3.706019878387451,1030,0.0,0.0
1983-05-06 00:00:00-04:00,0.0,3.8010455355085333,3.753532409667969,3.7535324096679688,10737,0.0,0.0
1983-05-09 00:00:00-04:00,0.0,3.8960717901991653,3.8485586643218994,3.8485586643218994,48241,0.0,0.0
1983-05-10 00:00:00-04:00,0.0,3.848558783553486,3.8010456562042236,3.8010456562042236,10001,0.0,0.0
1983-05-11 00:00:00-04:00,0.0,3.848558783553486,3.8010456562042236,3.8010456562042236,59419,0.0,0.0
1983-05-12 00:00:00-04:00,0.0,3.8010456562042236,3.8010456562042236,3.8010456562042236,35151,0.0,0.0
1983-05-13 00:00:00-04:00,0.0,3.848558661349098,3.753532409667969,3.7535324096679688,37799,0.0,0.0
1983-05-16 00:00:00-04:00,0.0,3.75353301185059,3.706019878387451,3.706019878387451,6471,0.0,0.0
1983-05-17 00:00:00-04:00,0.0,3.75353301185059,3.706019878387451,3.706019878387451,2647,0.0,0.0
1983-05-18 00:00:00-04:00,0.0,3.8010455355085333,3.753532409667969,3.7535324096679688,79274,0.0,0.0
1983-05-19 00:00:00-04:00,0.0,3.8010455355085333,3.753532409667969,3.7535324096679688,143399,0.0,0.0
1983-05-20 00:00:00-04:00,0.0,3.8010455355085333,3.753532409667969,3.7535324096679688,117955,0.0,0.0
1983-05-23 00:00:00-04:00,0.0,3.801046145313728,3.706019878387451,3.706019878387451,134722,0.0,0.0
1983-05-24 00:00:00-04:00,0.0,3.75353301185059,3.706019878387451,3.706019878387451,37210,0.0,0.0
1983-05-25 00:00:00-04:00,0.0,3.75353301185059,3.706019878387451,3.706019878387451,31033,0.0,0.0
1983-05-26 00:00:00-04:00,0.0,3.75353301185059,3.706019878387451,3.706019878387451,19267,0.0,0.0
1983-05-27 00:00:00-04:00,0.0,3.6585074535004374,3.610994577407837,3.610994577407837,7795,0.0,0.0
1983-05-31 00:00:00-04:00,0.0,3.7060185562712107,3.6585054397583012,3.658505439758301,82216,0.0,0.0
1983-06-01 00:00:00-04:00,0.0,3.6585066125305423,3.5634806156158443,3.5634806156158447,14708,0.0,0.0
1983-06-02 00:00:00-04:00,0.0,3.6585074535004374,3.610994577407837,3.610994577407837,8089,0.0,0.0
1983-06-03 00:00:00-04:00,0.0,3.610993747359581,3.5634806156158443,3.5634806156158447,16325,0.0,0.0
1983-06-06 00:00:00-04:00,0.0,3.610993384602227,3.515967130661011,3.5159671306610107,5589,0.0,0.0
1983-06-07 00:00:00-04:00,0.0,3.563480811790886,3.4684550762176514,3.4684550762176514,3236,0.0,0.0
1983-06-08 00:00:00-04:00,0.0,3.5159676774314788,3.4684550762176514,3.4684550762176514,11913,0.0,0.0
1983-06-09 00:00:00-04:00,0.0,3.5159676774314788,3.4684550762176514,3.4684550762176514,5442,0.0,0.0
1983-06-10 00:00:00-04:00,0.0,3.5159676774314788,3.4684550762176514,3.4684550762176514,3236,0.0,0.0
1983-06-13 00:00:00-04:00,0.0,3.7060185562712107,3.6585054397583012,3.658505439758301,47947,0.0,0.0
1983-06-14 00:00:00-04:00,0.0,3.6585074535004374,3.610994577407837,3.610994577407837,215761,0.0,0.0
1983-06-15 00:00:00-04:00,0.0,3.6585074535004374,3.610994577407837,3.610994577407837,8236,0.0,0.0
1983-06-16 00:00:00-04:00,0.0,3.75353301185059,3.706019878387451,3.706019878387451,29415,0.0,0.0
1983-06-17 00:00:00-04:00,0.0,3.9435857621852515,3.896072626113892,3.8960726261138916,21767,0.0,0.0
1983-06-20 00:00:00-04:00,0.0,3.9435857621852515,3.896072626113892,3.8960726261138916,23826,0.0,0.0
1983-06-21 00:00:00-04:00,0.0,4.2761762101198055,4.181149959564209,4.181149959564209,129133,0.0,0.0
1983-06-22 00:00:00-04:00,0.0,4.2761762101198055,4.181149959564209,4.181149959564209,10295,0.0,0.0
1983-06-23 00:00:00-04:00,0.0,4.133637979131662,4.086125373840332,4.086125373840332,5442,0.0,0.0
1983-06-24 00:00:00-04:00,0.0,4.133637979131662,4.086125373840332,4.086125373840332,1618,0.0,0.0
1983-06-27 00:00:00-04:00,0.0,4.133637979131662,4.086125373840332,4.086125373840332,9413,0.0,0.0
1983-06-28 00:00:00-04:00,0.0,3.8960717901991653,3.8485586643218994,3.8485586643218994,230321,0.0,0.0
1983-06-29 00:00:00-04:00,0.0,3.8960717901991653,3.8485586643218994,3.8485586643218994,41476,0.0,0.0
1983-06-30 00:00:00-04:00,0.0,3.8960717901991653,3.8485586643218994,3.8485586643218994,0,0.0,0.0
1983-07-01 00:00:00-04:00,0.0,3.9435857621852515,3.896072626113892,3.8960726261138916,3824,0.0,0.0
1983-07-05 00:00:00-04:00,0.0,3.848558661349098,3.753532409667969,3.7535324096679688,47064,0.0,0.0
1983-07-06 00:00:00-04:00,0.0,3.848558783553486,3.8010456562042236,3.8010456562042236,42211,0.0,0.0
1983-07-07 00:00:00-04:00,0.0,3.848558783553486,3.8010456562042236,3.8010456562042236,45888,0.0,0.0
1983-07-08 00:00:00-04:00,0.0,3.848558783553486,3.8010456562042236,3.8010456562042236,114867,0.0,0.0
1983-07-11 00:00:00-04:00,0.0,3.8010455355085333,3.753532409667969,3.7535324096679688,15149,0.0,0.0
1983-07-12 00:00:00-04:00,0.0,3.75353301185059,3.706019878387451,3.706019878387451,59125,0.0,0.0
1983-07-13 00:00:00-04:00,0.0,3.801046145313728,3.706019878387451,3.706019878387451,16620,0.0,0.0
1983-07-14 00:00:00-04:00,0.0,3.8010455355085333,3.753532409667969,3.7535324096679688,10295,0.0,0.0
1983-07-15 00:00:00-04:00,0.0,3.848558783553486,3.8010456562042236,3.8010456562042236,24415,0.0,0.0
1983-07-18 00:00:00-04:00,0.0,3.848558783553486,3.8010456562042236,3.8010456562042236,40299,0.0,0.0
1983-07-19 00:00:00-04:00,0.0,3.8010456562042236,3.8010456562042236,3.8010456562042236,60301,0.0,0.0
1983-07-20 00:00:00-04:00,0.0,3.8485586643218994,3.8485586643218994,3.8485586643218994,51035,0.0,0.0
1983-07-21 00:00:00-04:00,0.0,3.8960717901991653,3.8485586643218994,3.8485586643218994,40887,0.0,0.0
1983-07-22 00:00:00-04:00,0.0,3.8960717901991653,3.8485586643218994,3.8485586643218994,88099,0.0,0.0
1983-07-25 00:00:00-04:00,0.0,3.7060185562712107,3.6585054397583012,3.658505439758301,25150,0.0,0.0
1983-07-26 00:00:00-04:00,0.0,3.896071910902748,3.8010456562042236,3.8010456562042236,30004,0.0,0.0
1983-07-27 00:00:00-04:00,0.0,3.848558783553486,3.8010456562042236,3.8010456562042236,16031,0.0,0.0
1983-07-28 00:00:00-04:00,3.8010456562042236,3.8010456562042236,3.8010456562042236,3.8010456562042236,0,0.0,0.0
1983-07-29 00:00:00-04:00,0.0,3.8010455355085333,3.753532409667969,3.7535324096679688,3530,0.0,0.0
1983-08-01 00:00:00-04:00,0.0,3.801046145313728,3.706019878387451,3.706019878387451,11178,0.0,0.0
1983-08-02 00:00:00-04:00,0.0,3.801046145313728,3.706019878387451,3.706019878387451,2059,0.0,0.0
1983-08-03 00:00:00-04:00,0.0,3.801046145313728,3.706019878387451,3.706019878387451,3089,0.0,0.0
1983-08-04 00:00:00-04:00,0.0,3.75353301185059,3.706019878387451,3.706019878387451,17355,0.0,0.0
1983-08-05 00:00:00-04:00,0.0,3.75353167278412,3.6585054397583012,3.658505439758301,54565,0.0,0.0
1983-08-08 00:00:00-04:00,0.0,3.7060185562712107,3.6585054397583012,3.658505439758301,15884,0.0,0.0
1983-08-09 00:00:00-04:00,0.0,3.6585074535004374,3.610994577407837,3.610994577407837,26180,0.0,0.0
1983-08-10 00:00:00-04:00,0.0,3.6585074535004374,3.610994577407837,3.610994577407837,3824,0.0,0.0
1983-08-11 00:00:00-04:00,0.0,3.6585074535004374,3.610994577407837,3.610994577407837,15443,0.0,0.0
1983-08-12 00:00:00-04:00,0.0,3.6585074535004374,3.610994577407837,3.610994577407837,13531,0.0,0.0
1983-08-15 00:00:00-04:00,0.0,3.75353301185059,3.706019878387451,3.706019878387451,23826,0.0,0.0
1983-08-16 00:00:00-04:00,0.0,3.7060185562712107,3.6585054397583012,3.658505439758301,20738,0.0,0.0
1983-08-17 00:00:00-04:00,0.0,3.7060185562712107,3.6585054397583012,3.658505439758301,42358,0.0,0.0
1983-08-18 00:00:00-04:00,0.0,3.7060185562712107,3.6585054397583012,3.658505439758301,23532,0.0,0.0
1983-08-19 00:00:00-04:00,0.0,3.7060185562712107,3.6585054397583012,3.658505439758301,16473,0.0,0.0
1983-08-22 00:00:00-04:00,0.0,3.75353301185059,3.706019878387451,3.706019878387451,15296,0.0,0.0
1983-08-23 00:00:00-04:00,0.0,3.7060185562712107,3.6585054397583012,3.658505439758301,4706,0.0,0.0
1983-08-24 00:00:00-04:00,0.0,3.7060185562712107,3.6585054397583012,3.658505439758301,37357,0.0,0.0
1983-08-25 00:00:00-04:00,0.0,3.75353301185059,3.706019878387451,3.706019878387451,50594,0.0,0.0
1983-08-26 00:00:00-04:00,0.0,3.75353301185059,3.706019878387451,3.706019878387451,103542,0.0,0.0
1983-08-29 00:00:00-04:00,0.0,3.610993747359581,3.5634806156158443,3.5634806156158447,36916,0.0,0.0
1983-08-30 00:00:00-04:00,0.0,3.610993747359581,3.5634806156158443,3.5634806156158447,13825,0.0,0.0
1983-08-31 00:00:00-04:00,0.0,3.610993747359581,3.5634806156158443,3.5634806156158447,57654,0.0,0.0
1983-09-01 00:00:00-04:00,0.0,3.610993747359581,3.5634806156158443,3.5634806156158447,16178,0.0,0.0
1983-09-02 00:00:00-04:00,0.0,3.563480257631619,3.515967130661011,3.5159671306610107,19414,0.0,0.0
1983-09-06 00:00:00-04:00,0.0,3.610993747359581,3.5634806156158443,3.5634806156158447,16325,0.0,0.0
1983-09-07 00:00:00-04:00,0.0,3.75353301185059,3.706019878387451,3.706019878387451,56477,0.0,0.0
1983-09-08 00:00:00-04:00,0.0,3.8010455355085333,3.753532409667969,3.7535324096679688,62066,0.0,0.0
1983-09-09 00:00:00-04:00,0.0,3.75353301185059,3.706019878387451,3.706019878387451,2353,0.0,0.0
1983-09-12 00:00:00-04:00,0.0,3.75353301185059,3.706019878387451,3.706019878387451,110601,0.0,0.0
1983-09-13 00:00:00-04:00,0.0,3.7060185562712107,3.6585054397583012,3.658505439758301,15296,0.0,0.0
1983-09-14 00:00:00-04:00,0.0,3.75353301185059,3.706019878387451,3.706019878387451,89275,0.0,0.0
1983-09-15 00:00:00-04:00,0.0,3.75353301185059,3.706019878387451,3.706019878387451,18532,0.0,0.0
1983-09-16 00:00:00-04:00,0.0,3.7060185562712107,3.6585054397583012,3.658505439758301,38828,0.0,0.0
1983-09-19 00:00:00-04:00,0.0,3.75353301185059,3.706019878387451,3.706019878387451,41476,0.0,0.0
1983-09-20 00:00:00-04:00,0.0,3.8010455355085333,3.753532409667969,3.7535324096679688,11619,0.0,0.0
1983-09-21 00:00:00-04:00,0.0,3.8010456562042236,3.8010456562042236,3.8010456562042236,19708,0.0,0.0
1983-09-22 00:00:00-04:00,0.0,3.8960717901991653,3.8485586643218994,3.8485586643218994,25444,0.0,0.0
1983-09-23 00:00:00-04:00,0.0,3.9910992513435053,3.9435861110687256,3.9435861110687256,13531,0.0,0.0
1983-09-26 00:00:00-04:00,0.0,4.1811515250251565,4.133638381958008,4.133638381958008,210025,0.0,0.0
1983-09-27 00:00:00-04:00,0.0,4.086125023245768,4.038611888885498,4.038611888885498,23679,0.0,0.0
1983-09-28 00:00:00-04:00,0.0,4.133637624460458,4.038611888885498,4.038611888885498,441,0.0,0.0
1983-09-29 00:00:00-04:00,0.0,4.133637979131662,4.086125373840332,4.086125373840332,1912,0.0,0.0
1983-09-30 00:00:00-04:00,0.0,4.133637979131662,4.086125373840332,4.086125373840332,1471,0.0,0.0
1983-10-03 00:00:00-04:00,0.0,4.133637979131662,4.086125373840332,4.086125373840332,172962,0.0,0.0
1983-10-04 00:00:00-04:00,0.0,4.1811515250251565,4.133638381958008,4.133638381958008,76480,0.0,0.0
1983-10-05 00:00:00-04:00,0.0,4.1811515250251565,4.133638381958008,4.133638381958008,10737,0.0,0.0
1983-10-06 00:00:00-04:00,0.0,4.1811515250251565,4.133638381958008,4.133638381958008,7648,0.0,0.0
1983-10-07 00:00:00-04:00,0.0,4.276177538227932,4.228664398193359,4.228664398193359,14266,0.0,0.0
1983-10-10 00:00:00-04:00,0.0,4.323690678262505,4.228664398193359,4.228664398193359,5589,0.0,0.0
1983-10-11 00:00:00-04:00,0.0,4.228663084842007,4.181149959564209,4.181149959564209,7942,0.0,0.0
1983-10-12 00:00:00-04:00,0.0,4.228663084842007,4.181149959564209,4.181149959564209,3089,0.0,0.0
1983-10-13 00:00:00-04:00,0.0,4.181151117568617,4.086125373840332,4.086125373840332,8089,0.0,0.0
1983-10-14 00:00:00-04:00,0.0,3.9435857621852515,3.896072626113892,3.8960726261138916,26915,0.0,0.0
1983-10-17 00:00:00-04:00,0.0,4.181151117568617,4.086125373840332,4.086125373840332,21914,0.0,0.0
1983-10-18 00:00:00-04:00,0.0,4.086125023245768,4.038611888885498,4.038611888885498,3236,0.0,0.0
1983-10-19 00:00:00-04:00,0.0,4.038612499144779,3.9910993576049805,3.9910993576049805,8089,0.0,0.0
1983-10-20 00:00:00-04:00,0.0,4.133637624460458,4.038611888885498,4.038611888885498,7501,0.0,0.0
1983-10-21 00:00:00-04:00,0.0,4.133637979131662,4.086125373840332,4.086125373840332,3383,0.0,0.0
1983-10-24 00:00:00-04:00,0.0,4.086125640684578,3.9910993576049805,3.9910993576049805,441,0.0,0.0
1983-10-25 00:00:00-04:00,0.0,4.086125640684578,3.9910993576049805,3.9910993576049805,3236,0.0,0.0
1983-10-26 00:00:00-04:00,0.0,4.038612499144779,3.9910993576049805,3.9910993576049805,5148,0.0,0.0
1983-10-27 00:00:00-04:00,0.0,4.228663084842007,4.181149959564209,4.181149959564209,38681,0.0,0.0
1983-10-28 00:00:00-04:00,0.0,4.1811515250251565,4.133638381958008,4.133638381958008,4118,0.0,0.0
1983-10-31 00:00:00-05:00,0.0,4.133637979131662,4.086125373840332,4.086125373840332,2059,0.0,0.0
1983-11-01 00:00:00-05:00,0.0,4.1811515250251565,4.133638381958008,4.133638381958008,15296,0.0,0.0
1983-11-02 00:00:00-05:00,0.0,4.228663084842007,4.181149959564209,4.181149959564209,2206,0.0,0.0
1983-11-03 00:00:00-05:00,0.0,4.228663084842007,4.181149959564209,4.181149959564209,7648,0.0,0.0
1983-11-04 00:00:00-05:00,0.0,4.181151117568617,4.086125373840332,4.086125373840332,11031,0.0,0.0
1983-11-07 00:00:00-05:00,0.0,4.086125640684578,3.9910993576049805,3.9910993576049805,4412,0.0,0.0
1983-11-08 00:00:00-05:00,0.0,4.086125023245768,4.038611888885498,4.038611888885498,5589,0.0,0.0
1983-11-09 00:00:00-05:00,4.038611888885498,4.038611888885498,4.038611888885498,4.038611888885498,0,0.0,0.0
1983-11-10 00:00:00-05:00,0.0,4.086125023245768,4.038611888885498,4.038611888885498,2500,0.0,0.0
1983-11-11 00:00:00-05:00,0.0,4.086125023245768,4.038611888885498,4.038611888885498,5589,0.0,0.0
1983-11-14 00:00:00-05:00,0.0,4.133637979131662,4.086125373840332,4.086125373840332,16473,0.0,0.0
1983-11-15 00:00:00-05:00,0.0,4.1811515250251565,4.133638381958008,4.133638381958008,66773,0.0,0.0
1983-11-16 00:00:00-05:00,0.0,4.228663084842007,4.181149959564209,4.181149959564209,59419,0.0,0.0
1983-11-17 00:00:00-05:00,0.0,4.228663084842007,4.181149959564209,4.181149959564209,8089,0.0,0.0
1983-11-18 00:00:00-05:00,0.0,4.228663084842007,4.181149959564209,4.181149959564209,13237,0.0,0.0
1983-11-21 00:00:00-05:00,0.0,4.323689098473797,4.2761759757995605,4.2761759757995605,19855,0.0,0.0
1983-11-22 00:00:00-05:00,0.0,4.371202221148034,4.2761759757995605,4.2761759757995605,8089,0.0,0.0
1983-11-23 00:00:00-05:00,0.0,4.323689098473797,4.2761759757995605,4.2761759757995605,6766,0.0,0.0
1983-11-25 00:00:00-05:00,0.0,4.323689098473797,4.2761759757995605,4.2761759757995605,735,0.0,0.0
1983-11-28 00:00:00-05:00,0.0,4.323689098473797,4.2761759757995605,4.2761759757995605,2942,0.0,0.0
1983-11-29 00:00:00-05:00,0.0,4.323689098473797,4.2761759757995605,4.2761759757995605,8825,0.0,0.0
1983-11-30 00:00:00-05:00,0.0,4.371204515718274,4.323691368103027,4.323691368103027,23238,0.0,0.0
1983-12-01 00:00:00-05:00,0.0,4.371204515718274,4.323691368103027,4.323691368103027,1471,0.0,0.0
1983-12-02 00:00:00-05:00,0.0,4.608768854782298,4.56125545501709,4.56125545501709,13531,0.0,0.0
1983-12-05 00:00:00-05:00,0.0,4.656281721401939,4.56125545501709,4.56125545501709,21032,0.0,0.0
1983-12-06 00:00:00-05:00,0.0,4.703794721444399,4.608768463134766,4.608768463134766,59566,0.0,0.0
1983-12-07 00:00:00-05:00,0.0,4.656281325716821,4.608768463134766,4.608768463134766,44270,0.0,0.0
1983-12-08 00:00:00-05:00,0.0,4.656281721401939,4.56125545501709,4.56125545501709,8383,0.0,0.0
1983-12-09 00:00:00-05:00,0.0,4.656281721401939,4.56125545501709,4.56125545501709,588,0.0,0.0
1983-12-12 00:00:00-05:00,0.0,4.703794868465087,4.656281471252441,4.656281471252441,1030,0.0,0.0
1983-12-13 00:00:00-05:00,0.0,4.656281325716821,4.608768463134766,4.608768463134766,3089,0.0,0.0
1983-12-14 00:00:00-05:00,0.0,4.703794868465087,4.656281471252441,4.656281471252441,41328,0.0,0.0
1983-12-15 00:00:00-05:00,0.0,4.751307732532193,4.656281471252441,4.656281471252441,208407,0.0,0.0
1983-12-16 00:00:00-05:00,0.0,4.7988222755265,4.751309394836426,4.751309394836426,882,0.0,0.0
1983-12-19 00:00:00-05:00,0.0,4.656281325716821,4.608768463134766,4.608768463134766,4412,0.0,0.0
1983-12-20 00:00:00-05:00,0.0,4.751307339506989,4.703794479370117,4.703794479370117,10001,0.0,0.0
1983-12-21 00:00:00-05:00,0.0,4.703794868465087,4.656281471252441,4.656281471252441,1765,0.0,0.0
1983-12-22 00:00:00-05:00,0.0,4.703794868465087,4.656281471252441,4.656281471252441,294,0.0,0.0
1983-12-23 00:00:00-05:00,0.0,4.703794868465087,4.656281471252441,4.656281471252441,4706,0.0,0.0
1983-12-27 00:00:00-05:00,0.0,4.846335156216575,4.751309394836426,4.751309394836426,6324,0.0,0.0
1983-12-28 00:00:00-05:00,0.0,4.893846708019249,4.798820972442627,4.798820972442627,5736,0.0,0.0
1983-12-29 00:00:00-05:00,0.0,4.8938473312363975,4.84633445739746,4.846334457397461,1765,0.0,0.0
1983-12-30 00:00:00-05:00,0.0,4.8938473312363975,4.84633445739746,4.846334457397461,3236,0.0,0.0
1984-01-03 00:00:00-05:00,0.0,4.941360738220982,4.84633445739746,4.846334457397461,1765,0.0,0.0
1984-01-04 00:00:00-05:00,0.0,4.9413599108700526,4.893846511840819,4.89384651184082,12354,0.0,0.0
1984-01-05 00:00:00-05:00,0.0,4.941360738220982,4.84633445739746,4.846334457397461,10884,0.0,0.0
1984-01-06 00:00:00-05:00,0.0,4.8938473312363975,4.84633445739746,4.846334457397461,2500,0.0,0.0
1984-01-09 00:00:00-05:00,0.0,4.7988222755265,4.751309394836426,4.751309394836426,4412,0.0,0.0
1984-01-10 00:00:00-05:00,0.0,4.798820199643862,4.703794479370117,4.703794479370117,47653,0.0,0.0
1984-01-11 00:00:00-05:00,0.0,4.751307339506989,4.703794479370117,4.703794479370117,11619,0.0,0.0
1984-01-12 00:00:00-05:00,0.0,4.751307339506989,4.703794479370117,4.703794479370117,8383,0.0,0.0
1984-01-13 00:00:00-05:00,0.0,4.703794868465087,4.656281471252441,4.656281471252441,2059,0.0,0.0
1984-01-16 00:00:00-05:00,0.0,4.703794721444399,4.608768463134766,4.608768463134766,16914,0.0,0.0
1984-01-17 00:00:00-05:00,0.0,4.656281721401939,4.56125545501709,4.56125545501709,2059,0.0,0.0
1984-01-18 00:00:00-05:00,0.0,4.561254348316661,4.513741493225098,4.513741493225098,2647,0.0,0.0
1984-01-19 00:00:00-05:00,0.0,4.561254348316661,4.513741493225098,4.513741493225098,735,0.0,0.0
1984-01-20 00:00:00-05:00,0.0,4.561254348316661,4.513741493225098,4.513741493225098,1177,0.0,0.0
1984-01-23 00:00:00-05:00,0.0,4.513740913568415,4.4662275314331055,4.4662275314331055,6618,0.0,0.0
1984-01-24 00:00:00-05:00,0.0,4.513740913568415,4.4662275314331055,4.4662275314331055,1765,0.0,0.0
1984-01-25 00:00:00-05:00,0.0,4.418716558279317,4.371203422546387,4.371203422546387,23091,0.0,0.0
1984-01-26 00:00:00-05:00,0.0,4.466229427439449,4.371203422546387,4.371203422546387,147,0.0,0.0
1984-01-27 00:00:00-05:00,0.0,4.561254348316661,4.513741493225098,4.513741493225098,0,0.0,0.0
1984-01-30 00:00:00-05:00,0.0,4.561254348316661,4.513741493225098,4.513741493225098,3236,0.0,0.0
1984-01-31 00:00:00-05:00,0.0,4.561254348316661,4.513741493225098,4.513741493225098,3236,0.0,0.0
1984-02-01 00:00:00-05:00,0.0,4.608767736553661,4.513741493225098,4.513741493225098,2942,0.0,0.0
1984-02-02 00:00:00-05:00,0.0,4.561254348316661,4.513741493225098,4.513741493225098,3677,0.0,0.0
1984-02-03 00:00:00-05:00,0.0,4.513740913568415,4.4662275314331055,4.4662275314331055,77068,0.0,0.0
1984-02-06 00:00:00-05:00,0.0,4.466230262380827,4.418717384338379,4.418717384338379,4854,0.0,0.0
1984-02-07 00:00:00-05:00,0.0,4.466229427439449,4.371203422546387,4.371203422546387,4559,0.0,0.0
1984-02-08 00:00:00-05:00,0.0,4.418716558279317,4.371203422546387,4.371203422546387,9119,0.0,0.0
1984-02-09 00:00:00-05:00,0.0,4.323689098473797,4.2761759757995605,4.2761759757995605,26474,0.0,0.0
1984-02-10 00:00:00-05:00,0.0,4.2761762101198055,4.181149959564209,4.181149959564209,11766,0.0,0.0
1984-02-13 00:00:00-05:00,0.0,4.133637979131662,4.086125373840332,4.086125373840332,3530,0.0,0.0
1984-02-14 00:00:00-05:00,0.0,4.038612499144779,3.9910993576049805,3.9910993576049805,40887,0.0,0.0
1984-02-15 00:00:00-05:00,0.0,4.1811515250251565,4.133638381958008,4.133638381958008,7501,0.0,0.0
1984-02-16 00:00:00-05:00,0.0,4.2761762101198055,4.181149959564209,4.181149959564209,28827,0.0,0.0
1984-02-17 00:00:00-05:00,0.0,4.228664668092305,4.133638381958008,4.133638381958008,294,0.0,0.0
1984-02-21 00:00:00-05:00,0.0,4.323689098473797,4.2761759757995605,4.2761759757995605,62802,0.0,0.0
1984-02-22 00:00:00-05:00,0.0,4.371202221148034,4.2761759757995605,4.2761759757995605,11325,0.0,0.0
1984-02-23 00:00:00-05:00,0.0,4.323690678262505,4.228664398193359,4.228664398193359,10148,0.0,0.0
1984-02-24 00:00:00-05:00,0.0,4.418716558279317,4.371203422546387,4.371203422546387,17502,0.0,0.0
1984-02-27 00:00:00-05:00,0.0,4.371204515718274,4.323691368103027,4.323691368103027,3971,0.0,0.0
1984-02-28 00:00:00-05:00,0.0,4.2761762101198055,4.181149959564209,4.181149959564209,33386,0.0,0.0
1984-02-29 00:00:00-05:00,0.0,4.2761762101198055,4.181149959564209,4.181149959564209,2206,0.0,0.0
1984-03-01 00:00:00-05:00,0.0,4.228664668092305,4.133638381958008,4.133638381958008,2500,0.0,0.0
1984-03-02 00:00:00-05:00,0.0,4.371204515718274,4.323691368103027,4.323691368103027,55301,0.0,0.0
1984-03-05 00:00:00-05:00,0.0,4.418717663333521,4.323691368103027,4.323691368103027,31768,0.0,0.0
1984-03-06 00:00:00-05:00,0.0,4.371204515718274,4.323691368103027,4.323691368103027,13090,0.0,0.0
1984-03-07 00:00:00-05:00,0.0,4.323690678262505,4.228664398193359,4.228664398193359,7795,0.0,0.0
1984-03-08 00:00:00-05:00,0.0,4.323689098473797,4.2761759757995605,4.2761759757995605,12649,0.0,0.0
1984-03-09 00:00:00-05:00,0.0,4.2761762101198055,4.181149959564209,4.181149959564209,1324,0.0,0.0
1984-03-12 00:00:00-05:00,0.0,4.276177538227932,4.228664398193359,4.228664398193359,1030,0.0,0.0
1984-03-13 00:00:00-05:00,0.0,4.323689098473797,4.2761759757995605,4.2761759757995605,10148,0.0,0.0
1984-03-14 00:00:00-05:00,0.0,4.371202221148034,4.2761759757995605,4.2761759757995605,24709,0.0,0.0
1984-03-15 00:00:00-05:00,0.0,4.418716558279317,4.371203422546387,4.371203422546387,9707,0.0,0.0
1984-03-16 00:00:00-05:00,0.0,4.656281325716821,4.608768463134766,4.608768463134766,39711,0.0,0.0
1984-03-19 00:00:00-05:00,0.0,4.51374367356897,4.418717384338379,4.418717384338379,28239,0.0,0.0
1984-03-20 00:00:00-05:00,0.0,4.466230262380827,4.418717384338379,4.418717384338379,18973,0.0,0.0
1984-03-21 00:00:00-05:00,0.0,4.276177538227932,4.228664398193359,4.228664398193359,294,0.0,0.0
1984-03-22 00:00:00-05:00,0.0,4.323689098473797,4.2761759757995605,4.2761759757995605,5148,0.0,0.0
1984-03-23 00:00:00-05:00,0.0,4.371202221148034,4.2761759757995605,4.2761759757995605,3236,0.0,0.0
1984-03-26 00:00:00-05:00,0.0,4.371202221148034,4.2761759757995605,4.2761759757995605,15296,0.0,0.0
1984-03-27 00:00:00-05:00,0.0,4.418717663333521,4.323691368103027,4.323691368103027,735,0.0,0.0
1984-03-28 00:00:00-05:00,0.0,4.466229427439449,4.371203422546387,4.371203422546387,7354,0.0,0.0
1984-03-29 00:00:00-05:00,0.0,4.466230262380827,4.418717384338379,4.418717384338379,5883,0.0,0.0
1984-03-30 00:00:00-05:00,0.0,4.608768854782298,4.56125545501709,4.56125545501709,13825,0.0,0.0
1984-04-02 00:00:00-05:00,0.0,4.703794868465087,4.656281471252441,4.656281471252441,31033,0.0,0.0
1984-04-03 00:00:00-05:00,0.0,4.751307732532193,4.656281471252441,4.656281471252441,25150,0.0,0.0
1984-04-04 00:00:00-05:00,0.0,4.7988222755265,4.751309394836426,4.751309394836426,63978,0.0,0.0
1984-04-05 00:00:00-05:00,0.0,4.751307339506989,4.703794479370117,4.703794479370117,51918,0.0,0.0
1984-04-06 00:00:00-05:00,0.0,4.656281721401939,4.56125545501709,4.56125545501709,13825,0.0,0.0
1984-04-09 00:00:00-05:00,0.0,4.656281721401939,4.56125545501709,4.56125545501709,2059,0.0,0.0
1984-04-10 00:00:00-05:00,0.0,4.608768854782298,4.56125545501709,4.56125545501709,10589,0.0,0.0
1984-04-11 00:00:00-05:00,0.0,4.656281325716821,4.608768463134766,4.608768463134766,7501,0.0,0.0
1984-04-12 00:00:00-05:00,0.0,4.703794868465087,4.656281471252441,4.656281471252441,8972,0.0,0.0
1984-04-13 00:00:00-05:00,0.0,4.656281325716821,4.608768463134766,4.608768463134766,2206,0.0,0.0
1984-04-16 00:00:00-05:00,0.0,4.656281721401939,4.56125545501709,4.56125545501709,294,0.0,0.0
1984-04-17 00:00:00-05:00,0.0,4.608768854782298,4.56125545501709,4.56125545501709,1912,0.0,0.0
1984-04-18 00:00:00-05:00,0.0,4.513740913568415,4.4662275314331055,4.4662275314331055,12354,0.0,0.0
1984-04-19 00:00:00-05:00,0.0,4.51374367356897,4.418717384338379,4.418717384338379,3677,0.0,0.0
1984-04-23 00:00:00-05:00,0.0,4.561253762558356,4.4662275314331055,4.4662275314331055,1912,0.0,0.0
1984-04-24 00:00:00-05:00,0.0,4.561254348316661,4.513741493225098,4.513741493225098,2206,0.0,0.0
1984-04-25 00:00:00-05:00,0.0,4.466230262380827,4.418717384338379,4.418717384338379,52506,0.0,0.0
1984-04-26 00:00:00-05:00,0.0,4.466230262380827,4.418717384338379,4.418717384338379,294,0.0,0.0
1984-04-27 00:00:00-05:00,0.0,4.513740913568415,4.4662275314331055,4.4662275314331055,190611,0.0,0.0
1984-04-30 00:00:00-04:00,0.0,4.608767736553661,4.513741493225098,4.513741493225098,0,0.0,0.0
1984-05-01 00:00:00-04:00,0.0,4.608768854782298,4.56125545501709,4.56125545501709,1618,0.0,0.0
1984-05-02 00:00:00-04:00,0.0,4.703794868465087,4.656281471252441,4.656281471252441,7207,0.0,0.0
1984-05-03 00:00:00-04:00,0.0,4.751307339506989,4.703794479370117,4.703794479370117,54565,0.0,0.0
1984-05-04 00:00:00-04:00,0.0,4.846333840230938,4.798820972442627,4.798820972442627,76480,0.0,0.0
1984-05-07 00:00:00-04:00,0.0,4.7988222755265,4.751309394836426,4.751309394836426,40299,0.0,0.0
1984-05-08 00:00:00-04:00,0.0,4.798820199643862,4.703794479370117,4.703794479370117,75303,0.0,0.0
1984-05-09 00:00:00-04:00,0.0,4.751307732532193,4.656281471252441,4.656281471252441,17943,0.0,0.0
1984-05-10 00:00:00-04:00,0.0,4.656281721401939,4.56125545501709,4.56125545501709,7795,0.0,0.0
1984-05-11 00:00:00-04:00,0.0,4.561253762558356,4.4662275314331055,4.4662275314331055,5736,0.0,0.0
1984-05-14 00:00:00-04:00,0.0,4.371202221148034,4.2761759757995605,4.2761759757995605,5442,0.0,0.0
1984-05-15 00:00:00-04:00,0.0,4.513740913568415,4.4662275314331055,4.4662275314331055,3383,0.0,0.0
1984-05-16 00:00:00-04:00,0.0,4.513740913568415,4.4662275314331055,4.4662275314331055,4706,0.0,0.0
1984-05-17 00:00:00-04:00,0.0,4.371204515718274,4.323691368103027,4.323691368103027,294,0.0,0.0
1984-05-18 00:00:00-04:00,0.0,4.371202221148034,4.2761759757995605,4.2761759757995605,1471,0.0,0.0
1984-05-21 00:00:00-04:00,0.0,4.2761762101198055,4.181149959564209,4.181149959564209,4412,0.0,0.0
1984-05-22 00:00:00-04:00,0.0,4.1811515250251565,4.133638381958008,4.133638381958008,17943,0.0,0.0
1984-05-23 00:00:00-04:00,0.0,4.276177538227932,4.228664398193359,4.228664398193359,7354,0.0,0.0
1984-05-24 00:00:00-04:00,0.0,4.323689098473797,4.2761759757995605,4.2761759757995605,588,0.0,0.0
1984-05-25 00:00:00-04:00,0.0,4.323689098473797,4.2761759757995605,4.2761759757995605,3530,0.0,0.0
1984-05-29 00:00:00-04:00,4.2761759757995605,4.2761759757995605,4.2761759757995605,4.2761759757995605,0,0.0,0.0
1984-05-30 00:00:00-04:00,0.0,4.418717663333521,4.323691368103027,4.323691368103027,11031,0.0,0.0
1984-05-31 00:00:00-04:00,0.0,4.276177538227932,4.228664398193359,4.228664398193359,4706,0.0,0.0
1984-06-01 00:00:00-04:00,0.0,4.323689098473797,4.2761759757995605,4.2761759757995605,32504,0.0,0.0
1984-06-04 00:00:00-04:00,0.0,4.323689098473797,4.2761759757995605,4.2761759757995605,3971,0.0,0.0
1984-06-05 00:00:00-04:00,0.0,4.323689098473797,4.2761759757995605,4.2761759757995605,52947,0.0,0.0
1984-06-06 00:00:00-04:00,0.0,4.371202221148034,4.2761759757995605,4.2761759757995605,7354,0.0,0.0
1984-06-07 00:00:00-04:00,0.0,4.371204515718274,4.323691368103027,4.323691368103027,5442,0.0,0.0
1984-06-08 00:00:00-04:00,0.0,4.418717663333521,4.323691368103027,4.323691368103027,16031,0.0,0.0
1984-06-11 00:00:00-04:00,0.0,4.418717663333521,4.323691368103027,4.323691368103027,8972,0.0,0.0
1984-06-12 00:00:00-04:00,0.0,4.371202221148034,4.2761759757995605,4.2761759757995605,0,0.0,0.0
1984-06-13 00:00:00-04:00,0.0,4.323689098473797,4.2761759757995605,4.2761759757995605,8825,0.0,0.0
1984-06-14 00:00:00-04:00,0.0,4.228663084842007,4.181149959564209,4.181149959564209,4559,0.0,0.0
1984-06-15 00:00:00-04:00,0.0,4.276177538227932,4.228664398193359,4.228664398193359,5295,0.0,0.0
1984-06-18 00:00:00-04:00,0.0,4.323689098473797,4.2761759757995605,4.2761759757995605,16178,0.0,0.0
1984-06-19 00:00:00-04:00,0.0,4.2761762101198055,4.181149959564209,4.181149959564209,3383,0.0,0.0
1984-06-20 00:00:00-04:00,0.0,4.1811515250251565,4.133638381958008,4.133638381958008,13825,0.0,0.0
1984-06-21 00:00:00-04:00,0.0,4.133637979131662,4.086125373840332,4.086125373840332,5883,0.0,0.0
1984-06-22 00:00:00-04:00,0.0,4.133637624460458,4.038611888885498,4.038611888885498,441,0.0,0.0
1984-06-25 00:00:00-04:00,0.0,4.086125023245768,4.038611888885498,4.038611888885498,147,0.0,0.0
1984-06-26 00:00:00-04:00,0.0,4.276177538227932,4.228664398193359,4.228664398193359,8089,0.0,0.0
1984-06-27 00:00:00-04:00,0.0,4.290432424049556,4.240543842315674,4.240543842315674,20170,0.0,1.05
1984-06-28 00:00:00-04:00,0.0,4.340321538929204,4.240543842315674,4.240543842315674,3502,0.0,0.0
1984-06-29 00:00:00-04:00,0.0,4.2904300109476505,4.190652370452881,4.190652370452881,0,0.0,0.0
1984-07-02 00:00:00-04:00,0.0,4.240541457272998,4.190652370452881,4.190652370452881,3642,0.0,0.0
1984-07-03 00:00:00-04:00,0.0,4.190653760345449,4.140765190124512,4.140765190124512,3922,0.0,0.0
1984-07-05 00:00:00-04:00,0.0,4.240542863712029,4.140765190124512,4.140765190124512,5463,0.0,0.0
1984-07-06 00:00:00-04:00,0.0,4.190653760345449,4.140765190124512,4.140765190124512,10926,0.0,0.0
1984-07-09 00:00:00-04:00,0.0,4.190653760345449,4.140765190124512,4.140765190124512,8544,0.0,0.0
1984-07-10 00:00:00-04:00,0.0,4.190653934128549,4.090877056121826,4.090877056121826,3082,0.0,0.0
1984-07-11 00:00:00-04:00,0.0,4.140765361838771,4.090877056121826,4.090877056121826,981,0.0,0.0
1984-07-12 00:00:00-04:00,0.0,4.140765361838771,4.090877056121826,4.090877056121826,560,0.0,0.0
1984-07-13 00:00:00-04:00,0.0,4.090875143203187,4.040986061096191,4.040986061096191,2241,0.0,0.0
1984-07-16 00:00:00-04:00,0.0,4.140765361838771,4.090877056121826,4.090877056121826,0,0.0,0.0
1984-07-17 00:00:00-04:00,0.0,4.190653934128549,4.090877056121826,4.090877056121826,12466,0.0,0.0
1984-07-18 00:00:00-04:00,0.0,4.140765361838771,4.090877056121826,4.090877056121826,69056,0.0,0.0
1984-07-19 00:00:00-04:00,0.0,4.140765361838771,4.090877056121826,4.090877056121826,11206,0.0,0.0
1984-07-20 00:00:00-04:00,0.0,4.090875143203187,4.040986061096191,4.040986061096191,14287,0.0,0.0
1984-07-23 00:00:00-04:00,4.040986061096191,4.040986061096191,4.040986061096191,4.040986061096191,0,0.0,0.0
1984-07-24 00:00:00-04:00,0.0,3.9910984095787922,3.9412093162536626,3.941209316253662,840,0.0,0.0
1984-07-25 00:00:00-04:00,0.0,3.941209264943926,3.891320705413818,3.8913207054138184,1681,0.0,0.0
1984-07-26 00:00:00-04:00,0.0,4.0409869697583884,3.9412093162536626,3.941209316253662,90347,0.0,0.0
1984-07-27 00:00:00-04:00,0.0,4.140765361838771,4.090877056121826,4.090877056121826,73258,0.0,0.0
1984-07-30 00:00:00-04:00,0.0,4.090875143203187,4.040986061096191,4.040986061096191,74379,0.0,0.0
1984-07-31 00:00:00-04:00,0.0,4.190653934128549,4.090877056121826,4.090877056121826,16809,0.0,0.0
1984-08-01 00:00:00-04:00,0.0,4.240542863712029,4.140765190124512,4.140765190124512,30116,0.0,0.0
1984-08-02 00:00:00-04:00,0.0,4.390208409061406,4.340320110321045,4.340320110321045,21011,0.0,0.0
1984-08-03 00:00:00-04:00,0.0,4.63965076247234,4.589762210845947,4.589762210845947,122283,0.0,0.0
1984-08-06 00:00:00-04:00,0.0,4.789318036819164,4.739429473876953,4.739429473876953,146796,0.0,0.0
1984-08-07 00:00:00-04:00,0.0,4.689539847244174,4.589762210845947,4.589762210845947,3502,0.0,0.0
1984-08-08 00:00:00-04:00,0.0,4.689541352987766,4.639652252197266,4.639652252197266,30116,0.0,0.0
1984-08-09 00:00:00-04:00,0.0,4.789318036819164,4.739429473876953,4.739429473876953,26194,0.0,0.0
1984-08-10 00:00:00-04:00,0.0,4.789317500919841,4.689540386199951,4.689540386199951,14568,0.0,0.0
1984-08-13 00:00:00-04:00,0.0,4.789318036819164,4.739429473876953,4.739429473876953,11206,0.0,0.0
1984-08-14 00:00:00-04:00,0.0,4.789317500919841,4.689540386199951,4.689540386199951,5323,0.0,0.0
1984-08-15 00:00:00-04:00,0.0,4.789318036819164,4.739429473876953,4.739429473876953,76620,0.0,0.0
1984-08-16 00:00:00-04:00,0.0,4.789318036819164,4.739429473876953,4.739429473876953,560,0.0,0.0
1984-08-17 00:00:00-04:00,0.0,4.789317500919841,4.689540386199951,4.689540386199951,560,0.0,0.0
1984-08-20 00:00:00-04:00,0.0,4.789317500919841,4.689540386199951,4.689540386199951,5883,0.0,0.0
1984-08-21 00:00:00-04:00,0.0,4.789318036819164,4.739429473876953,4.739429473876953,56729,0.0,0.0
1984-08-22 00:00:00-04:00,0.0,4.739428943559896,4.689540386199951,4.689540386199951,8685,0.0,0.0
1984-08-23 00:00:00-04:00,0.0,4.739429920632653,4.639652252197266,4.639652252197266,1121,0.0,0.0
1984-08-24 00:00:00-04:00,0.0,4.889095253990101,4.839206695556641,4.839206695556641,82923,0.0,0.0
1984-08-27 00:00:00-04:00,0.0,4.789318036819164,4.739429473876953,4.739429473876953,31096,0.0,0.0
1984-08-28 00:00:00-04:00,0.0,4.889095253990101,4.839206695556641,4.839206695556641,38380,0.0,0.0
1984-08-29 00:00:00-04:00,0.0,4.889095253990101,4.839206695556641,4.839206695556641,182094,0.0,0.0
1984-08-30 00:00:00-04:00,0.0,4.83920669949926,4.789317607879639,4.789317607879639,175791,0.0,0.0
1984-08-31 00:00:00-04:00,0.0,4.839207132906939,4.739429473876953,4.739429473876953,40201,0.0,0.0
1984-09-04 00:00:00-04:00,0.0,4.739428943559896,4.689540386199951,4.689540386199951,82503,0.0,0.0
1984-09-05 00:00:00-04:00,0.0,4.63965076247234,4.589762210845947,4.589762210845947,111218,0.0,0.0
1984-09-06 00:00:00-04:00,0.0,4.63965076247234,4.589762210845947,4.589762210845947,12326,0.0,0.0
1984-09-07 00:00:00-04:00,0.0,4.539874509671283,4.489985942840576,4.489985942840576,3082,0.0,0.0
1984-09-10 00:00:00-04:00,0.0,4.440097290020618,4.390208721160889,4.390208721160889,4482,0.0,0.0
1984-09-11 00:00:00-04:00,0.0,4.539872787026004,4.4400954246521,4.4400954246521,8544,0.0,0.0
1984-09-12 00:00:00-04:00,0.0,4.539872787026004,4.4400954246521,4.4400954246521,2521,0.0,0.0
1984-09-13 00:00:00-04:00,0.0,4.689541352987766,4.639652252197266,4.639652252197266,16809,0.0,0.0
1984-09-14 00:00:00-04:00,0.0,4.689539847244174,4.589762210845947,4.589762210845947,9245,0.0,0.0
1984-09-17 00:00:00-04:00,0.0,4.589763609647595,4.489985942840576,4.489985942840576,9805,0.0,0.0
1984-09-18 00:00:00-04:00,0.0,4.539872787026004,4.4400954246521,4.4400954246521,560,0.0,0.0
1984-09-19 00:00:00-04:00,0.0,4.539872787026004,4.4400954246521,4.4400954246521,4342,0.0,0.0
1984-09-20 00:00:00-04:00,0.0,4.440097290020618,4.390208721160889,4.390208721160889,840,0.0,0.0
1984-09-21 00:00:00-04:00,0.0,4.539872787026004,4.4400954246521,4.4400954246521,2801,0.0,0.0
1984-09-24 00:00:00-04:00,0.0,4.489984239125403,4.4400954246521,4.4400954246521,280,0.0,0.0
1984-09-25 00:00:00-04:00,0.0,4.440096974374562,4.340320110321045,4.340320110321045,2661,0.0,0.0
1984-09-26 00:00:00-04:00,0.0,4.489986125453161,4.390208721160889,4.390208721160889,3642,0.0,0.0
1984-09-27 00:00:00-04:00,0.0,4.489984239125403,4.4400954246521,4.4400954246521,280,0.0,0.0
1984-09-28 00:00:00-04:00,0.0,4.489984239125403,4.4400954246521,4.4400954246521,560,0.0,0.0
1984-10-01 00:00:00-04:00,0.0,4.489984239125403,4.4400954246521,4.4400954246521,51267,0.0,0.0
1984-10-02 00:00:00-04:00,0.0,4.440097290020618,4.390208721160889,4.390208721160889,280,0.0,0.0
1984-10-03 00:00:00-04:00,0.0,4.440096974374562,4.340320110321045,4.340320110321045,6443,0.0,0.0
1984-10-04 00:00:00-04:00,0.0,4.440096974374562,4.340320110321045,4.340320110321045,560,0.0,0.0
1984-10-05 00:00:00-04:00,0.0,4.390208409061406,4.340320110321045,4.340320110321045,1401,0.0,0.0
1984-10-08 00:00:00-04:00,0.0,4.390208420093887,4.290431022644043,4.290431022644043,140,0.0,0.0
1984-10-09 00:00:00-04:00,4.290431022644043,4.290431022644043,4.290431022644043,4.290431022644043,0,0.0,0.0
1984-10-10 00:00:00-04:00,0.0,4.340321538929204,4.240543842315674,4.240543842315674,31937,0.0,0.0
1984-10-11 00:00:00-04:00,0.0,4.290432424049556,4.240543842315674,4.240543842315674,21431,0.0,0.0
1984-10-12 00:00:00-04:00,0.0,4.290432424049556,4.240543842315674,4.240543842315674,4482,0.0,0.0
1984-10-15 00:00:00-04:00,0.0,4.390208420093887,4.290431022644043,4.290431022644043,7564,0.0,0.0
1984-10-16 00:00:00-04:00,0.0,4.340321538929204,4.240543842315674,4.240543842315674,14147,0.0,0.0
1984-10-17 00:00:00-04:00,0.0,4.340321538929204,4.240543842315674,4.240543842315674,2942,0.0,0.0
1984-10-18 00:00:00-04:00,0.0,4.3403201212281575,4.290431022644043,4.290431022644043,140,0.0,0.0
1984-10-19 00:00:00-04:00,0.0,4.390208409061406,4.340320110321045,4.340320110321045,30396,0.0,0.0
1984-10-22 00:00:00-04:00,0.0,4.440097290020618,4.390208721160889,4.390208721160889,19750,0.0,0.0
1984-10-23 00:00:00-04:00,0.0,4.440097290020618,4.390208721160889,4.390208721160889,30256,0.0,0.0
1984-10-24 00:00:00-04:00,0.0,4.489984239125403,4.4400954246521,4.4400954246521,7984,0.0,0.0
1984-10-25 00:00:00-04:00,0.0,4.489984239125403,4.4400954246521,4.4400954246521,140,0.0,0.0
1984-10-26 00:00:00-04:00,0.0,4.390208409061406,4.340320110321045,4.340320110321045,2801,0.0,0.0
1984-10-29 00:00:00-05:00,0.0,4.390208409061406,4.340320110321045,4.340320110321045,1121,0.0,0.0
1984-10-30 00:00:00-05:00,0.0,4.390208409061406,4.340320110321045,4.340320110321045,840,0.0,0.0
1984-10-31 00:00:00-05:00,0.0,4.440096974374562,4.340320110321045,4.340320110321045,2521,0.0,0.0
1984-11-01 00:00:00-05:00,0.0,4.440096974374562,4.340320110321045,4.340320110321045,981,0.0,0.0
1984-11-02 00:00:00-05:00,0.0,4.440096974374562,4.340320110321045,4.340320110321045,11626,0.0,0.0
1984-11-05 00:00:00-05:00,0.0,4.390208409061406,4.340320110321045,4.340320110321045,981,0.0,0.0
1984-11-06 00:00:00-05:00,0.0,4.390208420093887,4.290431022644043,4.290431022644043,420,0.0,0.0
1984-11-07 00:00:00-05:00,0.0,4.3403201212281575,4.290431022644043,4.290431022644043,2101,0.0,0.0
1984-11-08 00:00:00-05:00,0.0,4.340321538929204,4.240543842315674,4.240543842315674,4622,0.0,0.0
1984-11-09 00:00:00-05:00,0.0,4.340321538929204,4.240543842315674,4.240543842315674,1821,0.0,0.0
1984-11-12 00:00:00-05:00,0.0,4.290432424049556,4.240543842315674,4.240543842315674,30256,0.0,0.0
1984-11-13 00:00:00-05:00,0.0,4.2904300109476505,4.190652370452881,4.190652370452881,21151,0.0,0.0
1984-11-14 00:00:00-05:00,0.0,4.2904300109476505,4.190652370452881,4.190652370452881,3362,0.0,0.0
1984-11-15 00:00:00-05:00,0.0,4.240542863712029,4.140765190124512,4.140765190124512,3502,0.0,0.0
1984-11-16 00:00:00-05:00,0.0,4.240542863712029,4.140765190124512,4.140765190124512,420,0.0,0.0
1984-11-19 00:00:00-05:00,0.0,4.140765361838771,4.090877056121826,4.090877056121826,4903,0.0,0.0
1984-11-20 00:00:00-05:00,0.0,4.090875143203187,4.040986061096191,4.040986061096191,16949,0.0,0.0
1984-11-21 00:00:00-05:00,0.0,4.090875143203187,4.040986061096191,4.040986061096191,4622,0.0,0.0
1984-11-23 00:00:00-05:00,0.0,4.040987929634864,3.9910993576049805,3.9910993576049805,22832,0.0,0.0
1984-11-26 00:00:00-05:00,0.0,3.941209264943926,3.891320705413818,3.8913207054138184,44403,0.0,0.0
1984-11-27 00:00:00-05:00,0.0,3.941209264943926,3.891320705413818,3.8913207054138184,4622,0.0,0.0
1984-11-28 00:00:00-05:00,0.0,3.941209264943926,3.891320705413818,3.8913207054138184,11626,0.0,0.0
1984-11-29 00:00:00-05:00,0.0,3.941209264943926,3.891320705413818,3.8913207054138184,13587,0.0,0.0
1984-11-30 00:00:00-05:00,0.0,3.941209264943926,3.891320705413818,3.8913207054138184,981,0.0,0.0
1984-12-03 00:00:00-05:00,0.0,3.941209264943926,3.891320705413818,3.8913207054138184,280,0.0,0.0
1984-12-04 00:00:00-05:00,0.0,4.040987929634864,3.9910993576049805,3.9910993576049805,8404,0.0,0.0
1984-12-05 00:00:00-05:00,0.0,4.040987929634864,3.9910993576049805,3.9910993576049805,75779,0.0,0.0
1984-12-06 00:00:00-05:00,0.0,4.040987929634864,3.9910993576049805,3.9910993576049805,14007,0.0,0.0
1984-12-07 00:00:00-05:00,0.0,3.9910984095787922,3.9412093162536626,3.941209316253662,1681,0.0,0.0
1984-12-10 00:00:00-05:00,0.0,3.9910984095787922,3.9412093162536626,3.941209316253662,5603,0.0,0.0
1984-12-11 00:00:00-05:00,0.0,3.941209264943926,3.891320705413818,3.8913207054138184,8404,0.0,0.0
1984-12-12 00:00:00-05:00,0.0,3.941209264943926,3.891320705413818,3.8913207054138184,103654,0.0,0.0
1984-12-13 00:00:00-05:00,0.0,3.9910984095787922,3.9412093162536626,3.941209316253662,20591,0.0,0.0
1984-12-14 00:00:00-05:00,0.0,4.090875143203187,4.040986061096191,4.040986061096191,17089,0.0,0.0
1984-12-17 00:00:00-05:00,0.0,4.140765361838771,4.090877056121826,4.090877056121826,83623,0.0,0.0
1984-12-18 00:00:00-05:00,0.0,4.190653934128549,4.090877056121826,4.090877056121826,7144,0.0,0.0
1984-12-19 00:00:00-05:00,0.0,4.090875143203187,4.040986061096191,4.040986061096191,7564,0.0,0.0
1984-12-20 00:00:00-05:00,0.0,4.090877034810407,3.9910993576049805,3.9910993576049805,1401,0.0,0.0
1984-12-21 00:00:00-05:00,0.0,4.109007516910078,4.008787631988525,4.008787631988525,1401,0.0315,0.0
1984-12-24 00:00:00-05:00,4.008787631988525,4.008787631988525,4.008787631988525,4.008787631988525,0,0.0,0.0
1984-12-26 00:00:00-05:00,0.0,4.05889730669504,4.008787631988525,4.008787631988525,3082,0.0,0.0
1984-12-27 00:00:00-05:00,0.0,3.9586768577371254,3.9085671901702885,3.908567190170288,7704,0.0,0.0
1984-12-28 00:00:00-05:00,0.0,3.9586768577371254,3.9085671901702885,3.908567190170288,420,0.0,0.0
1984-12-31 00:00:00-05:00,0.0,3.9586768577371254,3.9085671901702885,3.908567190170288,1401,0.0,0.0
1985-01-02 00:00:00-05:00,0.0,3.9586779100931615,3.858458280563355,3.8584582805633545,3502,0.0,0.0
1985-01-03 00:00:00-05:00,0.0,3.9586768577371254,3.9085671901702885,3.908567190170288,280,0.0,0.0
1985-01-04 00:00:00-05:00,0.0,3.908568229205406,3.858458280563355,3.8584582805633545,981,0.0,0.0
1985-01-07 00:00:00-05:00,0.0,3.908568229205406,3.858458280563355,3.8584582805633545,1401,0.0,0.0
1985-01-08 00:00:00-05:00,0.0,3.9586768577371254,3.9085671901702885,3.908567190170288,2381,0.0,0.0
1985-01-09 00:00:00-05:00,0.0,4.109007516910078,4.008787631988525,4.008787631988525,25353,0.0,0.0
1985-01-10 00:00:00-05:00,0.0,4.109006259640676,4.058896064758301,4.058896064758301,560,0.0,0.0
1985-01-11 00:00:00-05:00,0.0,3.9586768577371254,3.9085671901702885,3.908567190170288,19470,0.0,0.0
1985-01-14 00:00:00-05:00,0.0,3.9586768577371254,3.9085671901702885,3.908567190170288,10085,0.0,0.0
1985-01-15 00:00:00-05:00,0.0,4.008787060812411,3.9085671901702885,3.908567190170288,3642,0.0,0.0
1985-01-16 00:00:00-05:00,0.0,4.058894973412428,3.958675146102905,3.9586751461029053,1541,0.0,0.0
1985-01-17 00:00:00-05:00,0.0,4.008785327511775,3.958675146102905,3.9586751461029053,2801,0.0,0.0
1985-01-18 00:00:00-05:00,0.0,4.008785327511775,3.958675146102905,3.9586751461029053,25493,0.0,0.0
1985-01-21 00:00:00-05:00,0.0,4.1591167635720865,4.109007358551025,4.109007358551025,34458,0.0,0.0
1985-01-22 00:00:00-05:00,0.0,4.05889730669504,4.008787631988525,4.008787631988525,840,0.0,0.0
1985-01-23 00:00:00-05:00,0.0,4.05889730669504,4.008787631988525,4.008787631988525,7004,0.0,0.0
1985-01-24 00:00:00-05:00,0.0,4.109006259640676,4.058896064758301,4.058896064758301,139232,0.0,0.0
1985-01-25 00:00:00-05:00,0.0,4.209225452382282,4.159115791320801,4.159115791320801,305498,0.0,0.0
1985-01-28 00:00:00-05:00,0.0,4.259337301120806,4.209227085113525,4.209227085113525,355784,0.0,0.0
1985-01-29 00:00:00-05:00,0.0,4.309446142296777,4.259336471557617,4.259336471557617,111918,0.0,0.0
1985-01-30 00:00:00-05:00,0.0,4.309446142296777,4.259336471557617,4.259336471557617,29135,0.0,0.0
1985-01-31 00:00:00-05:00,0.0,4.259337301120806,4.209227085113525,4.209227085113525,29135,0.0,0.0
1985-02-01 00:00:00-05:00,0.0,4.109006259640676,4.058896064758301,4.058896064758301,87265,0.0,0.0
1985-02-04 00:00:00-05:00,0.0,4.05889730669504,4.008787631988525,4.008787631988525,180273,0.0,0.0
1985-02-05 00:00:00-05:00,0.0,4.05889730669504,4.008787631988525,4.008787631988525,260395,0.0,0.0
1985-02-06 00:00:00-05:00,0.0,4.05889730669504,4.008787631988525,4.008787631988525,446692,0.0,0.0
1985-02-07 00:00:00-05:00,0.0,4.05889730669504,4.008787631988525,4.008787631988525,29835,0.0,0.0
1985-02-08 00:00:00-05:00,0.0,4.008785327511775,3.958675146102905,3.9586751461029053,70457,0.0,0.0
1985-02-11 00:00:00-05:00,0.0,4.008785327511775,3.958675146102905,3.9586751461029053,51547,0.0,0.0
1985-02-12 00:00:00-05:00,0.0,4.008785327511775,3.958675146102905,3.9586751461029053,1121,0.0,0.0
1985-02-13 00:00:00-05:00,0.0,4.008785327511775,3.958675146102905,3.9586751461029053,71437,0.0,0.0
1985-02-14 00:00:00-05:00,0.0,4.109006259640676,4.058896064758301,4.058896064758301,76480,0.0,0.0
1985-02-15 00:00:00-05:00,0.0,4.1591167635720865,4.109007358551025,4.109007358551025,131388,0.0,0.0
1985-02-19 00:00:00-05:00,0.0,4.109006259640676,4.058896064758301,4.058896064758301,28435,0.0,0.0
1985-02-20 00:00:00-05:00,0.0,4.109006259640676,4.058896064758301,4.058896064758301,115980,0.0,0.0
1985-02-21 00:00:00-05:00,0.0,4.109006259640676,4.058896064758301,4.058896064758301,11066,0.0,0.0
1985-02-22 00:00:00-05:00,0.0,4.109006259640676,4.058896064758301,4.058896064758301,38660,0.0,0.0
1985-02-25 00:00:00-05:00,0.0,4.05889730669504,4.008787631988525,4.008787631988525,6443,0.0,0.0
1985-02-26 00:00:00-05:00,0.0,4.109006259640676,4.058896064758301,4.058896064758301,67235,0.0,0.0
1985-02-27 00:00:00-05:00,0.0,4.109006259640676,4.058896064758301,4.058896064758301,1681,0.0,0.0
1985-02-28 00:00:00-05:00,0.0,4.05889730669504,4.008787631988525,4.008787631988525,280,0.0,0.0
1985-03-01 00:00:00-05:00,0.0,4.05889730669504,4.008787631988525,4.008787631988525,42022,0.0,0.0
1985-03-04 00:00:00-05:00,0.0,4.109006259640676,4.058896064758301,4.058896064758301,176492,0.0,0.0
1985-03-05 00:00:00-05:00,0.0,4.1591167635720865,4.109007358551025,4.109007358551025,33898,0.0,0.0
1985-03-06 00:00:00-05:00,0.0,4.109006259640676,4.058896064758301,4.058896064758301,28155,0.0,0.0
1985-03-07 00:00:00-05:00,0.0,4.1591156512605085,4.058896064758301,4.058896064758301,63593,0.0,0.0
1985-03-08 00:00:00-05:00,0.0,4.1591167635720865,4.109007358551025,4.109007358551025,22972,0.0,0.0
1985-03-11 00:00:00-05:00,0.0,4.1591167635720865,4.109007358551025,4.109007358551025,35999,0.0,0.0
1985-03-12 00:00:00-05:00,0.0,4.1591167635720865,4.109007358551025,4.109007358551025,19750,0.0,0.0
1985-03-13 00:00:00-05:00,0.0,4.209226436347399,4.109007358551025,4.109007358551025,56729,0.0,0.0
1985-03-14 00:00:00-05:00,0.0,4.1591167635720865,4.109007358551025,4.109007358551025,1541,0.0,0.0
1985-03-15 00:00:00-05:00,0.0,4.1591167635720865,4.109007358551025,4.109007358551025,840,0.0,0.0
1985-03-18 00:00:00-05:00,0.0,4.1591167635720865,4.109007358551025,4.109007358551025,2521,0.0,0.0
1985-03-19 00:00:00-05:00,0.0,4.309446142296777,4.259336471557617,4.259336471557617,95530,0.0,0.0
1985-03-20 00:00:00-05:00,0.0,4.209225452382282,4.159115791320801,4.159115791320801,52807,0.0,0.0
1985-03-21 00:00:00-05:00,0.0,4.209225452382282,4.159115791320801,4.159115791320801,6443,0.0,0.0
1985-03-22 00:00:00-05:00,0.0,4.1591167635720865,4.109007358551025,4.109007358551025,8404,0.0,0.0
1985-03-25 00:00:00-05:00,0.0,4.1591167635720865,4.109007358551025,4.109007358551025,23392,0.0,0.0
1985-03-26 00:00:00-05:00,0.0,4.109006259640676,4.058896064758301,4.058896064758301,35719,0.0,0.0
1985-03-27 00:00:00-05:00,0.0,4.109006259640676,4.058896064758301,4.058896064758301,136151,0.0,0.0
1985-03-28 00:00:00-05:00,0.0,4.109007516910078,4.008787631988525,4.008787631988525,144835,0.0,0.0
1985-03-29 00:00:00-05:00,0.0,4.05889730669504,4.008787631988525,4.008787631988525,41041,0.0,0.0
1985-04-01 00:00:00-05:00,0.0,4.05889730669504,4.008787631988525,4.008787631988525,43703,0.0,0.0
1985-04-02 00:00:00-05:00,0.0,4.008785327511775,3.958675146102905,3.9586751461029053,11206,0.0,0.0
1985-04-03 00:00:00-05:00,0.0,3.9586768577371254,3.9085671901702885,3.908567190170288,214451,0.0,0.0
1985-04-04 00:00:00-05:00,0.0,3.908568229205406,3.858458280563355,3.8584582805633545,10085,0.0,0.0
1985-04-08 00:00:00-05:00,3.858458280563355,3.858458280563355,3.858458280563355,3.8584582805633545,0,0.0,0.0
1985-04-09 00:00:00-05:00,0.0,3.9586768577371254,3.9085671901702885,3.908567190170288,5183,0.0,0.0
1985-04-10 00:00:00-05:00,0.0,3.9586768577371254,3.9085671901702885,3.908567190170288,2101,0.0,0.0
1985-04-11 00:00:00-05:00,0.0,3.9586768577371254,3.9085671901702885,3.908567190170288,431424,0.0,0.0
1985-04-12 00:00:00-05:00,0.0,3.9586768577371254,3.9085671901702885,3.908567190170288,268799,0.0,0.0
1985-04-15 00:00:00-05:00,0.0,3.9586768577371254,3.9085671901702885,3.908567190170288,151839,0.0,0.0
1985-04-16 00:00:00-05:00,0.0,3.858457854214299,3.8083481788635254,3.8083481788635254,86005,0.0,0.0
1985-04-17 00:00:00-05:00,0.0,3.908568229205406,3.858458280563355,3.8584582805633545,14988,0.0,0.0
1985-04-18 00:00:00-05:00,0.0,3.908568229205406,3.858458280563355,3.8584582805633545,119202,0.0,0.0
1985-04-19 00:00:00-05:00,0.0,4.058894973412428,3.958675146102905,3.9586751461029053,25913,0.0,0.0
1985-04-22 00:00:00-05:00,0.0,4.058894973412428,3.958675146102905,3.9586751461029053,2801,0.0,0.0
1985-04-23 00:00:00-05:00,0.0,4.05889730669504,4.008787631988525,4.008787631988525,28435,0.0,0.0
1985-04-24 00:00:00-05:00,0.0,4.109006259640676,4.058896064758301,4.058896064758301,8965,0.0,0.0
1985-04-25 00:00:00-05:00,0.0,4.259337301120806,4.209227085113525,4.209227085113525,34318,0.0,0.0
1985-04-26 00:00:00-05:00,0.0,4.209225452382282,4.159115791320801,4.159115791320801,3782,0.0,0.0
1985-04-29 00:00:00-04:00,0.0,4.209226436347399,4.109007358551025,4.109007358551025,49446,0.0,0.0
1985-04-30 00:00:00-04:00,0.0,4.1591167635720865,4.109007358551025,4.109007358551025,49306,0.0,0.0
1985-05-01 00:00:00-04:00,0.0,4.1591167635720865,4.109007358551025,4.109007358551025,105755,0.0,0.0
1985-05-02 00:00:00-04:00,0.0,4.1591167635720865,4.109007358551025,4.109007358551025,38100,0.0,0.0
1985-05-03 00:00:00-04:00,0.0,4.1591156512605085,4.058896064758301,4.058896064758301,15408,0.0,0.0
1985-05-06 00:00:00-04:00,0.0,4.109006259640676,4.058896064758301,4.058896064758301,14147,0.0,0.0
1985-05-07 00:00:00-04:00,0.0,4.109006259640676,4.058896064758301,4.058896064758301,1401,0.0,0.0
1985-05-08 00:00:00-04:00,0.0,4.109006259640676,4.058896064758301,4.058896064758301,12186,0.0,0.0
1985-05-09 00:00:00-04:00,0.0,4.109006259640676,4.058896064758301,4.058896064758301,700,0.0,0.0
1985-05-10 00:00:00-04:00,0.0,4.109006259640676,4.058896064758301,4.058896064758301,13587,0.0,0.0
1985-05-13 00:00:00-04:00,0.0,4.109006259640676,4.058896064758301,4.058896064758301,420,0.0,0.0
1985-05-14 00:00:00-04:00,0.0,4.109006259640676,4.058896064758301,4.058896064758301,1681,0.0,0.0
1985-05-15 00:00:00-04:00,0.0,4.008785327511775,3.958675146102905,3.9586751461029053,7564,0.0,0.0
1985-05-16 00:00:00-04:00,0.0,4.008785327511775,3.958675146102905,3.9586751461029053,140,0.0,0.0
1985-05-17 00:00:00-04:00,0.0,4.05889730669504,4.008787631988525,4.008787631988525,12887,0.0,0.0
1985-05-20 00:00:00-04:00,0.0,4.109006259640676,4.058896064758301,4.058896064758301,2801,0.0,0.0
1985-05-21 00:00:00-04:00,0.0,4.109006259640676,4.058896064758301,4.058896064758301,44683,0.0,0.0
1985-05-22 00:00:00-04:00,0.0,4.109006259640676,4.058896064758301,4.058896064758301,2241,0.0,0.0
1985-05-23 00:00:00-04:00,0.0,4.109006259640676,4.058896064758301,4.058896064758301,7144,0.0,0.0
1985-05-24 00:00:00-04:00,0.0,4.05889730669504,4.008787631988525,4.008787631988525,70176,0.0,0.0
1985-05-28 00:00:00-04:00,0.0,4.05889730669504,4.008787631988525,4.008787631988525,87685,0.0,0.0
1985-05-29 00:00:00-04:00,0.0,4.008785327511775,3.958675146102905,3.9586751461029053,62192,0.0,0.0
1985-05-30 00:00:00-04:00,0.0,4.008785327511775,3.958675146102905,3.9586751461029053,494456,0.0,0.0
1985-05-31 00:00:00-04:00,0.0,3.908568229205406,3.858458280563355,3.8584582805633545,13447,0.0,0.0
1985-06-03 00:00:00-04:00,0.0,3.858457854214299,3.8083481788635254,3.8083481788635254,7564,0.0,0.0
1985-06-04 00:00:00-04:00,0.0,3.858457854214299,3.8083481788635254,3.8083481788635254,420,0.0,0.0
1985-06-05 00:00:00-04:00,0.0,3.858457854214299,3.8083481788635254,3.8083481788635254,3782,0.0,0.0
1985-06-06 00:00:00-04:00,0.0,3.8083475052323523,3.758237838745117,3.758237838745117,30116,0.0,0.0
1985-06-07 00:00:00-04:00,0.0,3.8083475052323523,3.758237838745117,3.758237838745117,56309,0.0,0.0
1985-06-10 00:00:00-04:00,0.0,3.8083475052323523,3.758237838745117,3.758237838745117,13307,0.0,0.0
1985-06-11 00:00:00-04:00,0.0,3.908568229205406,3.858458280563355,3.8584582805633545,43282,0.0,0.0
1985-06-12 00:00:00-04:00,0.0,3.858457854214299,3.8083481788635254,3.8083481788635254,16108,0.0,0.0
1985-06-13 00:00:00-04:00,0.0,3.908568229205406,3.858458280563355,3.8584582805633545,23392,0.0,0.0
1985-06-14 00:00:00-04:00,0.0,3.9586768577371254,3.9085671901702885,3.908567190170288,8264,0.0,0.0
1985-06-17 00:00:00-04:00,0.0,3.908568229205406,3.858458280563355,3.8584582805633545,840,0.0,0.0
1985-06-18 00:00:00-04:00,0.0,3.9586768577371254,3.9085671901702885,3.908567190170288,15968,0.0,0.0
1985-06-19 00:00:00-04:00,0.0,3.908568229205406,3.858458280563355,3.8584582805633545,11346,0.0,0.0
1985-06-20 00:00:00-04:00,0.0,3.908568229205406,3.858458280563355,3.8584582805633545,1681,0.0,0.0
1985-06-21 00:00:00-04:00,3.858458280563355,3.858458280563355,3.858458280563355,3.8584582805633545,0,0.0,0.0
1985-06-24 00:00:00-04:00,0.0,4.080690537055415,3.9799325466156006,3.9799325466156006,56729,0.0367,0.0
1985-06-25 00:00:00-04:00,0.0,4.030312469330279,3.929554462432861,3.9295544624328613,42302,0.0,0.0
1985-06-26 00:00:00-04:00,0.0,4.178929430270488,4.126031875610352,4.126031875610352,62299,0.0,1.05
1985-06-27 00:00:00-04:00,0.0,4.231827848041741,4.178930282592773,4.178930282592773,7871,0.0,0.0
1985-06-28 00:00:00-04:00,0.0,4.2847270731193055,4.231828689575195,4.231828689575195,4269,0.0,0.0
1985-07-01 00:00:00-04:00,0.0,4.2847270731193055,4.231828689575195,4.231828689575195,5336,0.0,0.0
1985-07-02 00:00:00-04:00,0.0,4.337623707367047,4.284726142883301,4.284726142883301,8271,0.0,0.0
1985-07-03 00:00:00-04:00,0.0,4.390521215050976,4.337623119354248,4.337623119354248,13340,0.0,0.0
1985-07-05 00:00:00-04:00,0.0,4.390521215050976,4.337623119354248,4.337623119354248,1067,0.0,0.0
1985-07-08 00:00:00-04:00,0.0,4.443418604817825,4.390521049499512,4.390521049499512,102987,0.0,0.0
1985-07-09 00:00:00-04:00,0.0,4.443418604817825,4.390521049499512,4.390521049499512,73905,0.0,0.0
1985-07-10 00:00:00-04:00,0.0,4.390521215050976,4.337623119354248,4.337623119354248,42289,0.0,0.0
1985-07-11 00:00:00-04:00,0.0,4.2847270731193055,4.231828689575195,4.231828689575195,29749,0.0,0.0
1985-07-12 00:00:00-04:00,0.0,4.337623707367047,4.284726142883301,4.284726142883301,9738,0.0,0.0
1985-07-15 00:00:00-04:00,0.0,4.390521215050976,4.337623119354248,4.337623119354248,46424,0.0,0.0
1985-07-16 00:00:00-04:00,0.0,4.443418604817825,4.390521049499512,4.390521049499512,88179,0.0,0.0
1985-07-17 00:00:00-04:00,0.0,4.443418604817825,4.390521049499512,4.390521049499512,79908,0.0,0.0
1985-07-18 00:00:00-04:00,0.0,4.443418604817825,4.390521049499512,4.390521049499512,28548,0.0,0.0
1985-07-19 00:00:00-04:00,0.0,4.390521215050976,4.337623119354248,4.337623119354248,26280,0.0,0.0
1985-07-22 00:00:00-04:00,0.0,4.390521215050976,4.337623119354248,4.337623119354248,45624,0.0,0.0
1985-07-23 00:00:00-04:00,0.0,4.443418604817825,4.390521049499512,4.390521049499512,28548,0.0,0.0
1985-07-24 00:00:00-04:00,0.0,4.390521215050976,4.337623119354248,4.337623119354248,94582,0.0,0.0
1985-07-25 00:00:00-04:00,0.0,4.337623707367047,4.284726142883301,4.284726142883301,139005,0.0,0.0
1985-07-26 00:00:00-04:00,0.0,4.2847270731193055,4.231828689575195,4.231828689575195,135003,0.0,0.0
1985-07-29 00:00:00-04:00,0.0,4.178929430270488,4.126031875610352,4.126031875610352,70170,0.0,0.0
1985-07-30 00:00:00-04:00,0.0,4.126032796342461,4.073134422302246,4.073134422302246,25346,0.0,0.0
1985-07-31 00:00:00-04:00,0.0,4.126033891247551,4.020237922668457,4.020237922668457,24146,0.0,0.0
1985-08-01 00:00:00-04:00,0.0,4.178929430270488,4.126031875610352,4.126031875610352,9472,0.0,0.0
1985-08-02 00:00:00-04:00,0.0,4.178929430270488,4.126031875610352,4.126031875610352,11739,0.0,0.0
1985-08-05 00:00:00-04:00,0.0,4.126032796342461,4.073134422302246,4.073134422302246,36819,0.0,0.0
1985-08-06 00:00:00-04:00,0.0,4.231827848041741,4.178930282592773,4.178930282592773,106722,0.0,0.0
1985-08-07 00:00:00-04:00,0.0,4.231826984930623,4.126031875610352,4.126031875610352,47891,0.0,0.0
1985-08-08 00:00:00-04:00,0.0,4.178929430270488,4.126031875610352,4.126031875610352,4936,0.0,0.0
1985-08-09 00:00:00-04:00,0.0,4.17893036280679,4.073134422302246,4.073134422302246,16275,0.0,0.0
1985-08-12 00:00:00-04:00,0.0,4.126032796342461,4.073134422302246,4.073134422302246,1734,0.0,0.0
1985-08-13 00:00:00-04:00,0.0,4.178929430270488,4.126031875610352,4.126031875610352,3335,0.0,0.0
1985-08-14 00:00:00-04:00,0.0,4.231827848041741,4.178930282592773,4.178930282592773,12940,0.0,0.0
1985-08-15 00:00:00-04:00,0.0,4.231827848041741,4.178930282592773,4.178930282592773,1467,0.0,0.0
1985-08-16 00:00:00-04:00,0.0,4.178929430270488,4.126031875610352,4.126031875610352,7337,0.0,0.0
1985-08-19 00:00:00-04:00,0.0,4.231827848041741,4.178930282592773,4.178930282592773,5069,0.0,0.0
1985-08-20 00:00:00-04:00,0.0,4.231827848041741,4.178930282592773,4.178930282592773,1334,0.0,0.0
1985-08-21 00:00:00-04:00,0.0,4.178929430270488,4.126031875610352,4.126031875610352,24546,0.0,0.0
1985-08-22 00:00:00-04:00,0.0,4.178929430270488,4.126031875610352,4.126031875610352,11739,0.0,0.0
1985-08-23 00:00:00-04:00,0.0,4.126032796342461,4.073134422302246,4.073134422302246,6537,0.0,0.0
1985-08-26 00:00:00-04:00,0.0,4.126032796342461,4.073134422302246,4.073134422302246,26280,0.0,0.0
1985-08-27 00:00:00-04:00,0.0,4.178929430270488,4.126031875610352,4.126031875610352,2535,0.0,0.0
1985-08-28 00:00:00-04:00,0.0,4.126032796342461,4.073134422302246,4.073134422302246,4002,0.0,0.0
1985-08-29 00:00:00-04:00,0.0,4.126032796342461,4.073134422302246,4.073134422302246,3468,0.0,0.0
1985-08-30 00:00:00-04:00,0.0,4.126032796342461,4.073134422302246,4.073134422302246,800,0.0,0.0
1985-09-03 00:00:00-04:00,0.0,4.073135503169954,4.020237922668457,4.020237922668457,23612,0.0,0.0
1985-09-04 00:00:00-04:00,0.0,4.020234731560183,3.967336654663086,3.967336654663086,22678,0.0,0.0
1985-09-05 00:00:00-04:00,0.0,4.020234731560183,3.967336654663086,3.967336654663086,29882,0.0,0.0
1985-09-06 00:00:00-04:00,0.0,3.9144398034586882,3.8615419864654537,3.861541986465454,66701,0.0,0.0
1985-09-09 00:00:00-04:00,0.0,4.0202365331046375,3.914440870285034,3.914440870285034,30016,0.0,0.0
1985-09-10 00:00:00-04:00,0.0,4.020234731560183,3.967336654663086,3.967336654663086,15208,0.0,0.0
1985-09-11 00:00:00-04:00,0.0,4.020234731560183,3.967336654663086,3.967336654663086,18143,0.0,0.0
1985-09-12 00:00:00-04:00,0.0,4.073132270073641,3.967336654663086,3.967336654663086,27081,0.0,0.0
1985-09-13 00:00:00-04:00,0.0,4.020234731560183,3.967336654663086,3.967336654663086,10672,0.0,0.0
1985-09-16 00:00:00-04:00,3.967336654663086,3.967336654663086,3.967336654663086,3.967336654663086,0,0.0,0.0
1985-09-17 00:00:00-04:00,0.0,4.020234731560183,3.967336654663086,3.967336654663086,534,0.0,0.0
1985-09-18 00:00:00-04:00,0.0,4.020234731560183,3.967336654663086,3.967336654663086,1067,0.0,0.0
1985-09-19 00:00:00-04:00,0.0,4.020234731560183,3.967336654663086,3.967336654663086,2134,0.0,0.0
1985-09-20 00:00:00-04:00,0.0,4.073135503169954,4.020237922668457,4.020237922668457,28015,0.0,0.0
1985-09-23 00:00:00-04:00,0.0,4.231827848041741,4.178930282592773,4.178930282592773,24813,0.0,0.0
1985-09-24 00:00:00-04:00,0.0,4.231826984930623,4.126031875610352,4.126031875610352,24546,0.0,0.0
1985-09-25 00:00:00-04:00,0.0,4.231827848041741,4.178930282592773,4.178930282592773,31083,0.0,0.0
1985-09-26 00:00:00-04:00,0.0,4.231827848041741,4.178930282592773,4.178930282592773,1734,0.0,0.0
1985-09-30 00:00:00-04:00,0.0,4.126032796342461,4.073134422302246,4.073134422302246,4936,0.0,0.0
1985-10-01 00:00:00-04:00,0.0,4.231827848041741,4.178930282592773,4.178930282592773,20677,0.0,0.0
1985-10-02 00:00:00-04:00,0.0,4.2847270731193055,4.231828689575195,4.231828689575195,44290,0.0,0.0
1985-10-03 00:00:00-04:00,0.0,4.337623707367047,4.284726142883301,4.284726142883301,53628,0.0,0.0
1985-10-04 00:00:00-04:00,0.0,4.2847270731193055,4.231828689575195,4.231828689575195,20677,0.0,0.0
1985-10-07 00:00:00-04:00,0.0,4.2847270731193055,4.231828689575195,4.231828689575195,1067,0.0,0.0
1985-10-08 00:00:00-04:00,0.0,4.2847270731193055,4.231828689575195,4.231828689575195,1201,0.0,0.0
1985-10-09 00:00:00-04:00,0.0,4.443418604817825,4.390521049499512,4.390521049499512,11606,0.0,0.0
1985-10-10 00:00:00-04:00,0.0,4.443418772363874,4.337623119354248,4.337623119354248,20677,0.0,0.0
1985-10-11 00:00:00-04:00,0.0,4.496315843589639,4.443418025970459,4.443418025970459,19477,0.0,0.0
1985-10-14 00:00:00-04:00,0.0,4.443418604817825,4.390521049499512,4.390521049499512,11873,0.0,0.0
1985-10-15 00:00:00-04:00,0.0,4.390521215050976,4.337623119354248,4.337623119354248,23879,0.0,0.0
1985-10-16 00:00:00-04:00,0.0,4.443418604817825,4.390521049499512,4.390521049499512,4135,0.0,0.0
1985-10-17 00:00:00-04:00,0.0,4.496316429328042,4.390521049499512,4.390521049499512,196102,0.0,0.0
1985-10-18 00:00:00-04:00,0.0,4.443418604817825,4.390521049499512,4.390521049499512,10272,0.0,0.0
1985-10-21 00:00:00-04:00,0.0,4.390521215050976,4.337623119354248,4.337623119354248,5870,0.0,0.0
1985-10-22 00:00:00-04:00,0.0,4.337623707367047,4.284726142883301,4.284726142883301,4402,0.0,0.0
1985-10-23 00:00:00-04:00,0.0,4.337623707367047,4.284726142883301,4.284726142883301,7337,0.0,0.0
1985-10-24 00:00:00-04:00,0.0,4.2847270731193055,4.231828689575195,4.231828689575195,6937,0.0,0.0
1985-10-25 00:00:00-04:00,0.0,4.231827848041741,4.178930282592773,4.178930282592773,10806,0.0,0.0
1985-10-28 00:00:00-05:00,0.0,4.443418604817825,4.390521049499512,4.390521049499512,15875,0.0,0.0
1985-10-29 00:00:00-05:00,0.0,4.549213930400689,4.443418025970459,4.443418025970459,20010,0.0,0.0
1985-10-30 00:00:00-05:00,0.0,4.602112668130462,4.549214839935303,4.549214839935303,139672,0.0,0.0
1985-10-31 00:00:00-05:00,0.0,4.655010599447566,4.602112770080566,4.602112770080566,53228,0.0,0.0
1985-11-01 00:00:00-05:00,0.0,4.549215974038751,4.4963178634643555,4.4963178634643555,62566,0.0,0.0
1985-11-04 00:00:00-05:00,0.0,4.496315843589639,4.443418025970459,4.443418025970459,66568,0.0,0.0
1985-11-05 00:00:00-05:00,0.0,4.549215974038751,4.4963178634643555,4.4963178634643555,80442,0.0,0.0
1985-11-06 00:00:00-05:00,0.0,4.602112668130462,4.549214839935303,4.549214839935303,145409,0.0,0.0
1985-11-07 00:00:00-05:00,0.0,4.707908428814566,4.602112770080566,4.602112770080566,97917,0.0,0.0
1985-11-08 00:00:00-05:00,0.0,4.655010599447566,4.602112770080566,4.602112770080566,26547,0.0,0.0
1985-11-11 00:00:00-05:00,0.0,4.602112668130462,4.549214839935303,4.549214839935303,22545,0.0,0.0
1985-11-12 00:00:00-05:00,0.0,4.602112668130462,4.549214839935303,4.549214839935303,12673,0.0,0.0
1985-11-13 00:00:00-05:00,0.0,4.602112668130462,4.549214839935303,4.549214839935303,60565,0.0,0.0
1985-11-14 00:00:00-05:00,0.0,4.655010599447566,4.602112770080566,4.602112770080566,33484,0.0,0.0
1985-11-15 00:00:00-05:00,0.0,4.655010599447566,4.602112770080566,4.602112770080566,3735,0.0,0.0
1985-11-18 00:00:00-05:00,0.0,4.655010599447566,4.602112770080566,4.602112770080566,13340,0.0,0.0
1985-11-19 00:00:00-05:00,0.0,4.655010599447566,4.602112770080566,4.602112770080566,6270,0.0,0.0
1985-11-20 00:00:00-05:00,0.0,4.813704781187048,4.707909107208252,4.707909107208252,50293,0.0,0.0
1985-11-21 00:00:00-05:00,0.0,4.8137049376086285,4.760806560516357,4.760806560516357,81776,0.0,0.0
1985-11-22 00:00:00-05:00,0.0,4.866601842381308,4.813704013824463,4.813704013824463,24946,0.0,0.0
1985-11-25 00:00:00-05:00,0.0,4.866601842381308,4.813704013824463,4.813704013824463,24679,0.0,0.0
1985-11-26 00:00:00-05:00,0.0,4.919499132554302,4.813704013824463,4.813704013824463,13207,0.0,0.0
1985-11-27 00:00:00-05:00,0.0,4.866601842381308,4.813704013824463,4.813704013824463,17609,0.0,0.0
1985-11-29 00:00:00-05:00,0.0,4.866601842381308,4.813704013824463,4.813704013824463,12940,0.0,0.0
1985-12-02 00:00:00-05:00,0.0,4.8137049376086285,4.760806560516357,4.760806560516357,26814,0.0,0.0
1985-12-03 00:00:00-05:00,0.0,4.655010599447566,4.602112770080566,4.602112770080566,42155,0.0,0.0
1985-12-04 00:00:00-05:00,0.0,4.760806405813712,4.707909107208252,4.707909107208252,41488,0.0,0.0
1985-12-05 00:00:00-05:00,0.0,4.866601842381308,4.813704013824463,4.813704013824463,197035,0.0,0.0
1985-12-06 00:00:00-05:00,0.0,4.866602776316944,4.760806560516357,4.760806560516357,99785,0.0,0.0
1985-12-09 00:00:00-05:00,0.0,4.866601842381308,4.813704013824463,4.813704013824463,127133,0.0,0.0
1985-12-10 00:00:00-05:00,0.0,4.866601842381308,4.813704013824463,4.813704013824463,140740,0.0,0.0
1985-12-11 00:00:00-05:00,0.0,4.866601842381308,4.813704013824463,4.813704013824463,280679,0.0,0.0
1985-12-12 00:00:00-05:00,0.0,5.078192121670283,5.025294303894043,5.025294303894043,149277,0.0,0.0
1985-12-13 00:00:00-05:00,0.0,5.289785773406274,5.2368879318237305,5.2368879318237305,358453,0.0,0.0
1985-12-16 00:00:00-05:00,0.0,5.2897847098991,5.18398904800415,5.18398904800415,96850,0.0,0.0
1985-12-17 00:00:00-05:00,0.0,5.1839884660307005,5.1310906410217285,5.1310906410217285,87245,0.0,0.0
1985-12-18 00:00:00-05:00,0.0,5.1839884660307005,5.1310906410217285,5.1310906410217285,30282,0.0,0.0
1985-12-19 00:00:00-05:00,0.0,5.1310905347902676,5.078192710876465,5.078192710876465,20944,0.0,0.0
1985-12-20 00:00:00-05:00,0.0,5.078192121670283,5.025294303894043,5.025294303894043,52160,0.0,0.0
1985-12-23 00:00:00-05:00,0.0,5.111613206313736,5.0583672523498535,5.0583672523498535,74172,0.0582,0.0
1985-12-24 00:00:00-05:00,0.0,5.16485874648139,5.111612796783447,5.111612796783447,7737,0.0,0.0
1985-12-26 00:00:00-05:00,0.0,5.164859160277619,5.0583672523498535,5.0583672523498535,68169,0.0,0.0
1985-12-27 00:00:00-05:00,0.0,5.16485874648139,5.111612796783447,5.111612796783447,55762,0.0,0.0
1985-12-30 00:00:00-05:00,0.0,5.218106213749017,5.164860248565674,5.164860248565674,53228,0.0,0.0
1985-12-31 00:00:00-05:00,0.0,5.218106213749017,5.164860248565674,5.164860248565674,6137,0.0,0.0
1986-01-02 00:00:00-05:00,0.0,5.271351753889248,5.218105792999268,5.218105792999268,58163,0.0,0.0
1986-01-03 00:00:00-05:00,0.0,5.218106213749017,5.164860248565674,5.164860248565674,143408,0.0,0.0
1986-01-06 00:00:00-05:00,0.0,5.218106213749017,5.164860248565674,5.164860248565674,43889,0.0,0.0
1986-01-07 00:00:00-05:00,0.0,5.271352178932361,5.164860248565674,5.164860248565674,83377,0.0,0.0
1986-01-08 00:00:00-05:00,0.0,5.16485874648139,5.111612796783447,5.111612796783447,101920,0.0,0.0
1986-01-09 00:00:00-05:00,0.0,5.218106213749017,5.164860248565674,5.164860248565674,34018,0.0,0.0
1986-01-10 00:00:00-05:00,0.0,5.377842894748723,5.324596405029297,5.324596405029297,28148,0.0,0.0
1986-01-13 00:00:00-05:00,0.0,5.43108927220234,5.377843856811523,5.377843856811523,98985,0.0,0.0
1986-01-14 00:00:00-05:00,0.0,5.377842894748723,5.324596405029297,5.324596405029297,50693,0.0,0.0
1986-01-15 00:00:00-05:00,0.0,5.43108927220234,5.377843856811523,5.377843856811523,17609,0.0,0.0
1986-01-16 00:00:00-05:00,0.0,5.43108927220234,5.377843856811523,5.377843856811523,31483,0.0,0.0
1986-01-17 00:00:00-05:00,0.0,5.3245958491551315,5.271349906921387,5.271349906921387,15475,0.0,0.0
1986-01-20 00:00:00-05:00,0.0,5.324597714779228,5.218105792999268,5.218105792999268,21078,0.0,0.0
1986-01-21 00:00:00-05:00,0.0,5.271352178932361,5.164860248565674,5.164860248565674,40821,0.0,0.0
1986-01-22 00:00:00-05:00,0.0,5.3245958491551315,5.271349906921387,5.271349906921387,78841,0.0,0.0
1986-01-23 00:00:00-05:00,0.0,5.3245958491551315,5.271349906921387,5.271349906921387,8671,0.0,0.0
1986-01-24 00:00:00-05:00,0.0,5.43108927220234,5.377843856811523,5.377843856811523,8938,0.0,0.0
1986-01-27 00:00:00-05:00,0.0,5.43108927220234,5.377843856811523,5.377843856811523,7070,0.0,0.0
1986-01-28 00:00:00-05:00,0.0,5.537580418774181,5.484334468841553,5.484334468841553,123131,0.0,0.0
1986-01-29 00:00:00-05:00,0.0,5.537580418774181,5.484334468841553,5.484334468841553,13207,0.0,0.0
1986-01-30 00:00:00-05:00,0.0,5.484334878316066,5.431088924407959,5.431088924407959,38287,0.0,0.0
1986-01-31 00:00:00-05:00,0.0,5.537580418774181,5.484334468841553,5.484334468841553,20010,0.0,0.0
1986-02-03 00:00:00-05:00,0.0,5.484334878316066,5.431088924407959,5.431088924407959,32550,0.0,0.0
1986-02-04 00:00:00-05:00,0.0,5.537580832224173,5.431088924407959,5.431088924407959,20677,0.0,0.0
1986-02-05 00:00:00-05:00,0.0,5.644073485979992,5.590826988220215,5.590826988220215,103120,0.0,0.0
1986-02-06 00:00:00-05:00,0.0,5.6973188998857225,5.590826988220215,5.590826988220215,12673,0.0,0.0
1986-02-07 00:00:00-05:00,0.0,5.644073485979992,5.590826988220215,5.590826988220215,39621,0.0,0.0
1986-02-10 00:00:00-05:00,0.0,5.750564987817612,5.697319030761719,5.697319030761719,32950,0.0,0.0
1986-02-11 00:00:00-05:00,0.0,5.750564987817612,5.697319030761719,5.697319030761719,53094,0.0,0.0
1986-02-12 00:00:00-05:00,0.0,5.750564987817612,5.697319030761719,5.697319030761719,58831,0.0,0.0
1986-02-13 00:00:00-05:00,0.0,5.910304076480321,5.857057571411133,5.857057571411133,695694,0.0,0.0
1986-02-14 00:00:00-05:00,0.0,5.8038139578717916,5.750567436218262,5.750567436218262,258934,0.0,0.0
1986-02-18 00:00:00-05:00,0.0,5.6973188998857225,5.590826988220215,5.590826988220215,141006,0.0,0.0
1986-02-19 00:00:00-05:00,0.0,5.537580418774181,5.484334468841553,5.484334468841553,413014,0.0,0.0
1986-02-20 00:00:00-05:00,0.0,5.537580832224173,5.431088924407959,5.431088924407959,97651,0.0,0.0
1986-02-21 00:00:00-05:00,0.0,5.537580418774181,5.484334468841553,5.484334468841553,104054,0.0,0.0
1986-02-24 00:00:00-05:00,0.0,5.697317937565991,5.644072532653809,5.644072532653809,156348,0.0,0.0
1986-02-25 00:00:00-05:00,0.0,5.6973188998857225,5.590826988220215,5.590826988220215,198770,0.0,0.0
1986-02-26 00:00:00-05:00,0.0,5.590826440730876,5.537580490112305,5.537580490112305,10539,0.0,0.0
1986-02-27 00:00:00-05:00,0.0,5.537580418774181,5.484334468841553,5.484334468841553,54828,0.0,0.0
1986-02-28 00:00:00-05:00,0.0,5.590826440730876,5.537580490112305,5.537580490112305,211310,0.0,0.0
1986-03-03 00:00:00-05:00,0.0,5.644073485979992,5.590826988220215,5.590826988220215,209976,0.0,0.0
1986-03-04 00:00:00-05:00,0.0,5.697317937565991,5.644072532653809,5.644072532653809,158616,0.0,0.0
1986-03-05 00:00:00-05:00,0.0,5.6440729332764175,5.537580490112305,5.537580490112305,90714,0.0,0.0
1986-03-06 00:00:00-05:00,0.0,5.644073485979992,5.590826988220215,5.590826988220215,367124,0.0,0.0
1986-03-07 00:00:00-05:00,0.0,5.697317937565991,5.644072532653809,5.644072532653809,31616,0.0,0.0
1986-03-10 00:00:00-05:00,0.0,5.6973188998857225,5.590826988220215,5.590826988220215,16275,0.0,0.0
1986-03-11 00:00:00-05:00,0.0,5.697317937565991,5.644072532653809,5.644072532653809,42022,0.0,0.0
1986-03-12 00:00:00-05:00,0.0,5.644073485979992,5.590826988220215,5.590826988220215,192366,0.0,0.0
1986-03-13 00:00:00-05:00,0.0,5.644073485979992,5.590826988220215,5.590826988220215,269740,0.0,0.0
1986-03-14 00:00:00-05:00,0.0,5.697317937565991,5.644072532653809,5.644072532653809,258534,0.0,0.0
1986-03-17 00:00:00-05:00,0.0,5.644073485979992,5.590826988220215,5.590826988220215,128200,0.0,0.0
1986-03-18 00:00:00-05:00,0.0,5.537580418774181,5.484334468841553,5.484334468841553,14274,0.0,0.0
1986-03-19 00:00:00-05:00,0.0,5.644073485979992,5.590826988220215,5.590826988220215,18543,0.0,0.0
1986-03-20 00:00:00-05:00,0.0,5.8038139578717916,5.750567436218262,5.750567436218262,166353,0.0,0.0
1986-03-21 00:00:00-05:00,0.0,5.857058890697392,5.803813457489015,5.803813457489014,88713,0.0,0.0
1986-03-24 00:00:00-05:00,0.0,5.8038139578717916,5.750567436218262,5.750567436218262,9738,0.0,0.0
1986-03-25 00:00:00-05:00,0.0,5.697317937565991,5.644072532653809,5.644072532653809,100319,0.0,0.0
1986-03-26 00:00:00-05:00,0.0,5.963551475997378,5.910305500030518,5.910305500030518,1690076,0.0,0.0
1986-03-27 00:00:00-05:00,0.0,6.283025621279974,6.229780197143555,6.229780197143555,1571481,0.0,0.0
1986-03-31 00:00:00-05:00,0.0,6.22977869861696,6.176532745361328,6.176532745361328,348714,0.0,0.0
1986-04-01 00:00:00-05:00,0.0,6.22977869861696,6.176532745361328,6.176532745361328,1011324,0.0,0.0
1986-04-02 00:00:00-05:00,0.0,6.496009354187068,6.442762851715088,6.442762851715088,402342,0.0,0.0
1986-04-03 00:00:00-05:00,0.0,6.496009354187068,6.442762851715088,6.442762851715088,257867,0.0,0.0
1986-04-04 00:00:00-05:00,0.0,6.975218679185974,6.921972751617432,6.921972751617432,1076291,0.0,0.0
1986-04-07 00:00:00-05:00,0.0,6.655745431123194,6.602499485015869,6.602499485015869,278945,0.0,0.0
1986-04-08 00:00:00-05:00,0.0,7.028469025466228,6.975223064422607,6.975223064422607,638865,0.0,0.0
1986-04-09 00:00:00-05:00,0.0,6.975218679185974,6.921972751617432,6.921972751617432,138739,0.0,0.0
1986-04-10 00:00:00-05:00,0.0,6.815486860853424,6.762240886688232,6.762240886688232,169688,0.0,0.0
1986-04-11 00:00:00-05:00,0.0,6.6025013320968835,6.54925537109375,6.54925537109375,479715,0.0,0.0
1986-04-14 00:00:00-05:00,0.0,6.6025013320968835,6.54925537109375,6.54925537109375,339376,0.0,0.0
1986-04-15 00:00:00-05:00,0.0,6.655747293100018,6.54925537109375,6.54925537109375,433825,0.0,0.0
1986-04-16 00:00:00-05:00,0.0,6.921977462524539,6.868731498718261,6.868731498718262,385400,0.0,0.0
1986-04-17 00:00:00-05:00,0.0,6.868728076867716,6.815482139587403,6.815482139587402,292018,0.0,0.0
1986-04-18 00:00:00-05:00,0.0,7.081714566743686,7.028468608856201,7.028468608856201,300556,0.0,0.0
1986-04-21 00:00:00-05:00,0.0,7.56093026459131,7.507683753967285,7.507683753967285,276677,0.0,0.0
1986-04-22 00:00:00-05:00,0.0,7.933651328457209,7.880405902862549,7.880405902862549,267872,0.0,0.0
1986-04-23 00:00:00-05:00,0.0,7.7206663433627405,7.667420387268067,7.667420387268066,262403,0.0,0.0
1986-04-24 00:00:00-05:00,0.0,7.77390846227636,7.72066307067871,7.720663070678711,131001,0.0,0.0
1986-04-25 00:00:00-05:00,0.0,8.306369222571728,8.25312328338623,8.25312328338623,836834,0.0,0.0
1986-04-28 00:00:00-04:00,0.0,8.253127105748582,8.199880599975586,8.199880599975586,195835,0.0,0.0
1986-04-29 00:00:00-04:00,0.0,8.1466325970621,8.09338665008545,8.09338665008545,155681,0.0,0.0
1986-04-30 00:00:00-04:00,0.0,8.412863185656247,8.359617233276367,8.359617233276367,246261,0.0,0.0
1986-05-01 00:00:00-04:00,0.0,8.04014337171536,7.986897945404054,7.986897945404053,221715,0.0,0.0
1986-05-02 00:00:00-04:00,0.0,7.986898437580112,7.933651924133301,7.933651924133301,74972,0.0,0.0
1986-05-05 00:00:00-04:00,0.0,8.093389520790474,8.040143013000488,8.040143013000488,154880,0.0,0.0
1986-05-06 00:00:00-04:00,0.0,7.880406328828908,7.827160358428955,7.827160358428955,127533,0.0,0.0
1986-05-07 00:00:00-04:00,0.0,7.880406328828908,7.827160358428955,7.827160358428955,106722,0.0,0.0
1986-05-08 00:00:00-04:00,0.0,7.827154937727603,7.72066307067871,7.720663070678711,216112,0.0,0.0
1986-05-09 00:00:00-04:00,0.0,7.880406328828908,7.827160358428955,7.827160358428955,62566,0.0,0.0
1986-05-12 00:00:00-04:00,0.0,7.77390846227636,7.72066307067871,7.720663070678711,270007,0.0,0.0
1986-05-13 00:00:00-04:00,0.0,7.77390846227636,7.72066307067871,7.720663070678711,145676,0.0,0.0
1986-05-14 00:00:00-04:00,0.0,7.827154937727603,7.72066307067871,7.720663070678711,84577,0.0,0.0
1986-05-15 00:00:00-04:00,0.0,7.667417986322668,7.614171504974364,7.614171504974365,340310,0.0,0.0
1986-05-16 00:00:00-04:00,0.0,7.454436653272726,7.401191234588623,7.401191234588623,175824,0.0,0.0
1986-05-19 00:00:00-04:00,0.0,7.507682260288465,7.454436302185059,7.454436302185059,72838,0.0,0.0
1986-05-20 00:00:00-04:00,0.0,7.507682260288465,7.454436302185059,7.454436302185059,68836,0.0,0.0
1986-05-21 00:00:00-04:00,0.0,7.347940286986527,7.294694900512695,7.294694900512695,39754,0.0,0.0
1986-05-22 00:00:00-04:00,0.0,7.401189317880927,7.34794282913208,7.34794282913208,34951,0.0,0.0
1986-05-23 00:00:00-04:00,0.0,7.347940286986527,7.294694900512695,7.294694900512695,15608,0.0,0.0
1986-05-27 00:00:00-04:00,0.0,7.507682260288465,7.454436302185059,7.454436302185059,65767,0.0,0.0
1986-05-28 00:00:00-04:00,0.0,7.454436653272726,7.401191234588623,7.401191234588623,7337,0.0,0.0
1986-05-29 00:00:00-04:00,0.0,7.347940286986527,7.294694900512695,7.294694900512695,21078,0.0,0.0
1986-05-30 00:00:00-04:00,0.0,7.614175691361025,7.507683753967285,7.507683753967285,214911,0.0,0.0
1986-06-02 00:00:00-04:00,0.0,7.614173277781115,7.560927867889404,7.560927867889404,199437,0.0,0.0
1986-06-03 00:00:00-04:00,0.0,7.614175691361025,7.507683753967285,7.507683753967285,180894,0.0,0.0
1986-06-04 00:00:00-04:00,0.0,7.56093026459131,7.507683753967285,7.507683753967285,89246,0.0,0.0
1986-06-05 00:00:00-04:00,0.0,7.614173277781115,7.560927867889404,7.560927867889404,153413,0.0,0.0
1986-06-06 00:00:00-04:00,0.0,7.614173277781115,7.560927867889404,7.560927867889404,13874,0.0,0.0
1986-06-09 00:00:00-04:00,0.0,7.614173277781115,7.560927867889404,7.560927867889404,51360,0.0,0.0
1986-06-10 00:00:00-04:00,0.0,8.466109687218133,8.412863731384277,8.412863731384277,707700,0.0,0.0
1986-06-11 00:00:00-04:00,0.0,8.199882396474868,8.146636962890625,8.146636962890625,271474,0.0,0.0
1986-06-12 00:00:00-04:00,0.0,8.093389520790474,8.040143013000488,8.040143013000488,102587,0.0,0.0
1986-06-13 00:00:00-04:00,0.0,7.986898437580112,7.933651924133301,7.933651924133301,136204,0.0,0.0
1986-06-16 00:00:00-04:00,0.0,7.986898437580112,7.933651924133301,7.933651924133301,225050,0.0,0.0
1986-06-17 00:00:00-04:00,0.0,7.880406328828908,7.827160358428955,7.827160358428955,67368,0.0,0.0
1986-06-18 00:00:00-04:00,0.0,7.827159892642364,7.773913383483887,7.773913383483887,84177,0.0,0.0
1986-06-19 00:00:00-04:00,0.0,7.880405859873702,7.773913383483887,7.773913383483887,105121,0.0,0.0
1986-06-20 00:00:00-04:00,0.0,7.880406328828908,7.827160358428955,7.827160358428955,25080,0.0,0.0
1986-06-23 00:00:00-04:00,0.0,7.922914136143215,7.8693809509277335,7.869380950927734,140873,0.0739,0.0
1986-06-24 00:00:00-04:00,0.0,8.029981317718425,7.976447582244874,7.976447582244873,150478,0.0,0.0
1986-06-25 00:00:00-04:00,0.0,8.190578078868612,8.137044906616211,8.137044906616211,202105,0.0,0.0
1986-06-26 00:00:00-04:00,0.0,8.137046990701576,8.083513259887695,8.083513259887695,117528,0.0,0.0
1986-06-27 00:00:00-04:00,0.0,8.083512340837272,8.029979705810547,8.029979705810547,108189,0.0,0.0
1986-06-30 00:00:00-04:00,0.0,8.083512340837272,8.029979705810547,8.029979705810547,60698,0.0,0.0
1986-07-01 00:00:00-04:00,0.0,8.137046990701576,8.083513259887695,8.083513259887695,121930,0.0,0.0
1986-07-02 00:00:00-04:00,0.0,8.083512340837272,8.029979705810547,8.029979705810547,5603,0.0,0.0
1986-07-03 00:00:00-04:00,0.0,8.08351396349109,7.976447582244874,7.976447582244873,26414,0.0,0.0
1986-07-07 00:00:00-04:00,0.0,7.762312986078629,7.708779811859131,7.708779811859131,136204,0.0,0.0
1986-07-08 00:00:00-04:00,0.0,7.869379687812275,7.815845966339111,7.815845966339111,88846,0.0,0.0
1986-07-09 00:00:00-04:00,0.0,7.655244522429294,7.548178195953369,7.548178195953369,162084,0.0,0.0
1986-07-10 00:00:00-04:00,0.0,7.601711904041497,7.548178195953369,7.548178195953369,24679,0.0,0.0
1986-07-11 00:00:00-04:00,0.0,7.54818020353816,7.494647026062012,7.494647026062012,39487,0.0,0.0
1986-07-14 00:00:00-04:00,0.0,7.441114595361202,7.387580871582031,7.387580871582031,35885,0.0,0.0
1986-07-15 00:00:00-04:00,0.0,7.280514340681374,7.226981163024902,7.226981163024902,159816,0.0,0.0
1986-07-16 00:00:00-04:00,0.0,7.280514340681374,7.226981163024902,7.226981163024902,168888,0.0,0.0
1986-07-17 00:00:00-04:00,0.0,7.2269797544832235,7.173447132110596,7.173447132110596,39754,0.0,0.0
1986-07-18 00:00:00-04:00,0.0,7.0663815543104285,7.012848377227783,7.012848377227783,44823,0.0,0.0
1986-07-21 00:00:00-04:00,0.0,7.173449212984178,7.11991548538208,7.11991548538208,13474,0.0,0.0
1986-07-22 00:00:00-04:00,0.0,7.2269797544832235,7.173447132110596,7.173447132110596,24546,0.0,0.0
1986-07-23 00:00:00-04:00,0.0,7.173449212984178,7.11991548538208,7.11991548538208,29349,0.0,0.0
1986-07-24 00:00:00-04:00,0.0,7.334046521003266,7.280512809753418,7.280512809753418,194501,0.0,0.0
1986-07-25 00:00:00-04:00,0.0,7.280514340681374,7.226981163024902,7.226981163024902,36952,0.0,0.0
1986-07-28 00:00:00-04:00,0.0,7.280514340681374,7.226981163024902,7.226981163024902,45090,0.0,0.0
1986-07-29 00:00:00-04:00,0.0,7.173449212984178,7.11991548538208,7.11991548538208,74439,0.0,0.0
1986-07-30 00:00:00-04:00,0.0,7.0663815543104285,7.012848377227783,7.012848377227783,50159,0.0,0.0
1986-07-31 00:00:00-04:00,0.0,7.0663815543104285,7.012848377227783,7.012848377227783,37086,0.0,0.0
1986-08-01 00:00:00-04:00,0.0,7.0663815543104285,7.012848377227783,7.012848377227783,38287,0.0,0.0
1986-08-04 00:00:00-04:00,0.0,6.905783397415217,6.798717021942139,6.798717021942139,30016,0.0,0.0
1986-08-05 00:00:00-04:00,0.0,6.905778960993389,6.852245807647706,6.852245807647705,74305,0.0,0.0
1986-08-06 00:00:00-04:00,0.0,7.0663815543104285,7.012848377227783,7.012848377227783,37486,0.0,0.0
1986-08-07 00:00:00-04:00,0.0,7.708777577146979,7.6552438735961905,7.655243873596191,103120,0.0,0.0
1986-08-08 00:00:00-04:00,0.0,7.976446187744265,7.922913551330567,7.922913551330566,28548,0.0,0.0
1986-08-11 00:00:00-04:00,0.0,7.762312986078629,7.708779811859131,7.708779811859131,178759,0.0,0.0
1986-08-12 00:00:00-04:00,0.0,7.762312986078629,7.708779811859131,7.708779811859131,22011,0.0,0.0
1986-08-13 00:00:00-04:00,0.0,7.708777577146979,7.6552438735961905,7.655243873596191,45223,0.0,0.0
1986-08-14 00:00:00-04:00,0.0,7.655243887138612,7.601711273193359,7.601711273193359,169288,0.0,0.0
1986-08-15 00:00:00-04:00,0.0,7.655243887138612,7.601711273193359,7.601711273193359,24146,0.0,0.0
1986-08-18 00:00:00-04:00,0.0,7.655244522429294,7.548178195953369,7.548178195953369,65100,0.0,0.0
1986-08-19 00:00:00-04:00,0.0,7.869379687812275,7.815845966339111,7.815845966339111,34685,0.0,0.0
1986-08-20 00:00:00-04:00,0.0,7.976446187744265,7.922913551330567,7.922913551330566,24946,0.0,0.0
1986-08-21 00:00:00-04:00,0.0,8.56531009520174,8.5117769241333,8.5117769241333,378596,0.0,0.0
1986-08-22 00:00:00-04:00,0.0,9.047103468255868,8.993570327758789,8.993570327758789,312162,0.0,0.0
1986-08-25 00:00:00-04:00,0.0,8.832976917775172,8.779443740844727,8.779443740844727,149678,0.0,0.0
1986-08-26 00:00:00-04:00,0.0,8.137046990701576,8.083513259887695,8.083513259887695,800548,0.0,0.0
1986-08-27 00:00:00-04:00,0.0,9.100643325534685,9.047109603881836,9.047109603881836,390869,0.0,0.0
1986-08-28 00:00:00-04:00,0.0,8.779445280434397,8.725912094116211,8.725912094116211,422352,0.0,0.0
1986-08-29 00:00:00-04:00,0.0,8.88650855522974,8.832975387573242,8.832975387573242,100585,0.0,0.0
1986-09-02 00:00:00-04:00,0.0,8.672376404389905,8.565309524536133,8.565309524536133,110991,0.0,0.0
1986-09-03 00:00:00-04:00,0.0,8.725906378067853,8.67237377166748,8.67237377166748,126332,0.0,0.0
1986-09-04 00:00:00-04:00,0.0,9.3147756321926,9.261241912841797,9.261241912841797,100052,0.0,0.0
1986-09-05 00:00:00-04:00,0.0,9.582442495307436,9.47537612915039,9.47537612915039,156348,0.0,0.0
1986-09-08 00:00:00-04:00,0.0,9.689508473793872,9.63597583770752,9.63597583770752,84444,0.0,0.0
1986-09-09 00:00:00-04:00,0.0,10.278372793942838,10.22484016418457,10.22484016418457,248929,0.0,0.0
1986-09-10 00:00:00-04:00,0.0,10.438974554551509,10.385440826416017,10.385440826416016,231720,0.0,0.0
1986-09-11 00:00:00-04:00,0.0,9.689508473793872,9.63597583770752,9.63597583770752,553887,0.0,0.0
1986-09-12 00:00:00-04:00,0.0,9.850108317049072,9.796574592590332,9.796574592590332,777470,0.0,0.0
1986-09-15 00:00:00-04:00,0.0,10.117770211060217,10.064237594604492,10.064237594604492,290417,0.0,0.0
1986-09-16 00:00:00-04:00,0.0,9.421839867313142,9.368306159973145,9.368306159973145,242526,0.0,0.0
1986-09-17 00:00:00-04:00,0.0,9.957175292490021,9.903642654418947,9.903642654418945,147677,0.0,0.0
1986-09-18 00:00:00-04:00,0.0,10.331906513401666,10.22484016418457,10.22484016418457,132735,0.0,0.0
1986-09-19 00:00:00-04:00,0.0,10.546036742628816,10.492504119873047,10.492504119873047,311495,0.0,0.0
1986-09-22 00:00:00-04:00,0.0,10.653103027405518,10.599569320678711,10.599569320678711,51360,0.0,0.0
1986-09-23 00:00:00-04:00,0.0,10.76017013948186,10.706636428833008,10.706636428833008,88579,0.0,0.0
1986-09-24 00:00:00-04:00,0.0,11.027839838648598,10.974306106567383,10.974306106567383,174357,0.0,0.0
1986-09-25 00:00:00-04:00,0.0,10.331904566610497,10.27837085723877,10.27837085723877,201171,0.0,0.0
1986-09-26 00:00:00-04:00,0.0,10.546036742628816,10.492504119873047,10.492504119873047,260402,0.0,0.0
1986-09-29 00:00:00-04:00,0.0,11.563168684644063,11.509634971618652,11.509634971618652,275876,0.0,0.0
1986-09-30 00:00:00-04:00,0.0,11.50963611782577,11.402569770812988,11.402569770812988,229986,0.0,0.0
1986-10-01 00:00:00-04:00,0.0,10.974302315354151,10.920769691467285,10.920769691467285,181027,0.0,0.0
1986-10-02 00:00:00-04:00,0.0,10.278372793942838,10.22484016418457,10.22484016418457,62299,0.0,0.0
1986-10-03 00:00:00-04:00,0.0,10.653103027405518,10.599569320678711,10.599569320678711,138739,0.0,0.0
1986-10-06 00:00:00-04:00,0.0,10.492502225210808,10.43896961212158,10.438969612121582,120196,0.0,0.0
1986-10-07 00:00:00-04:00,0.0,10.653103027405518,10.599569320678711,10.599569320678711,133002,0.0,0.0
1986-10-08 00:00:00-04:00,0.0,10.653103027405518,10.599569320678711,10.599569320678711,93515,0.0,0.0
1986-10-09 00:00:00-04:00,0.0,10.920769876273303,10.813703536987303,10.813703536987305,93649,0.0,0.0
1986-10-10 00:00:00-04:00,0.0,10.920769876273303,10.813703536987303,10.813703536987305,9872,0.0,0.0
1986-10-13 00:00:00-04:00,0.0,10.599570432618599,10.546036720275879,10.546036720275879,16142,0.0,0.0
1986-10-14 00:00:00-04:00,0.0,10.653103027405518,10.599569320678711,10.599569320678711,93515,0.0,0.0
1986-10-15 00:00:00-04:00,0.0,10.22484033043669,10.171306610107424,10.171306610107422,142340,0.0,0.0
1986-10-16 00:00:00-04:00,0.0,10.706636449481888,10.653103828430176,10.653103828430176,142340,0.0,0.0
1986-10-17 00:00:00-04:00,0.0,10.706635644432023,10.599569320678711,10.599569320678711,81509,0.0,0.0
1986-10-20 00:00:00-04:00,0.0,10.278372793942838,10.22484016418457,10.22484016418457,81642,0.0,0.0
1986-10-21 00:00:00-04:00,0.0,10.064240623819313,10.010706901550293,10.010706901550293,71370,0.0,0.0
1986-10-22 00:00:00-04:00,0.0,9.689508473793872,9.63597583770752,9.63597583770752,112192,0.0,0.0
1986-10-23 00:00:00-04:00,0.0,10.117770211060217,10.064237594604492,10.064237594604492,248129,0.0,0.0
1986-10-24 00:00:00-04:00,0.0,9.957175292490021,9.903642654418947,9.903642654418945,37486,0.0,0.0
1986-10-27 00:00:00-05:00,0.0,10.064240623819313,10.010706901550293,10.010706901550293,54161,0.0,0.0
1986-10-28 00:00:00-05:00,0.0,10.22484033043669,10.171306610107424,10.171306610107422,43489,0.0,0.0
1986-10-29 00:00:00-05:00,0.0,10.278372793942838,10.22484016418457,10.22484016418457,52294,0.0,0.0
1986-10-30 00:00:00-05:00,0.0,10.224837607149482,10.117770195007324,10.117770195007324,48425,0.0,0.0
1986-10-31 00:00:00-05:00,0.0,10.117773256387713,10.010706901550293,10.010706901550293,39354,0.0,0.0
1986-11-03 00:00:00-05:00,0.0,10.117770211060217,10.064237594604492,10.064237594604492,8138,0.0,0.0
1986-11-04 00:00:00-05:00,0.0,10.010705975087248,9.957173347473145,9.957173347473145,31883,0.0,0.0
1986-11-05 00:00:00-05:00,0.0,9.79657175039165,9.74303913116455,9.74303913116455,63233,0.0,0.0
1986-11-06 00:00:00-05:00,0.0,9.475372330819177,9.421839714050293,9.421839714050293,47358,0.0,0.0
1986-11-07 00:00:00-05:00,0.0,9.475372330819177,9.421839714050293,9.421839714050293,97384,0.0,0.0
1986-11-10 00:00:00-05:00,0.0,9.582442495307436,9.47537612915039,9.47537612915039,45890,0.0,0.0
1986-11-11 00:00:00-05:00,0.0,9.58244327951099,9.528910636901855,9.528910636901855,32017,0.0,0.0
1986-11-12 00:00:00-05:00,0.0,9.79657175039165,9.74303913116455,9.74303913116455,50426,0.0,0.0
1986-11-13 00:00:00-05:00,0.0,9.63597409237238,9.582440376281738,9.582440376281738,92715,0.0,0.0
1986-11-14 00:00:00-05:00,0.0,9.63597409237238,9.582440376281738,9.582440376281738,38153,0.0,0.0
1986-11-17 00:00:00-05:00,0.0,9.475372330819177,9.421839714050293,9.421839714050293,47758,0.0,0.0
1986-11-18 00:00:00-05:00,0.0,9.528909857079281,9.47537612915039,9.47537612915039,84044,0.0,0.0
1986-11-19 00:00:00-05:00,0.0,9.63597409237238,9.582440376281738,9.582440376281738,12940,0.0,0.0
1986-11-20 00:00:00-05:00,0.0,9.796576728013754,9.689510345458984,9.689510345458984,20544,0.0,0.0
1986-11-21 00:00:00-05:00,0.0,10.064240623819313,10.010706901550293,10.010706901550293,54161,0.0,0.0
1986-11-24 00:00:00-05:00,0.0,10.171303901078403,10.117770195007324,10.117770195007324,54695,0.0,0.0
1986-11-25 00:00:00-05:00,0.0,10.171303917216232,10.064237594604492,10.064237594604492,71771,0.0,0.0
1986-11-26 00:00:00-05:00,0.0,10.171303917216232,10.064237594604492,10.064237594604492,30816,0.0,0.0
1986-11-28 00:00:00-05:00,0.0,10.3854351129515,10.331902503967285,10.331902503967285,54428,0.0,0.0
1986-12-01 00:00:00-05:00,0.0,10.3854351129515,10.331902503967285,10.331902503967285,29482,0.0,0.0
1986-12-02 00:00:00-05:00,0.0,10.706636449481888,10.653103828430176,10.653103828430176,159549,0.0,0.0
1986-12-03 00:00:00-05:00,0.0,10.653103027405518,10.599569320678711,10.599569320678711,87512,0.0,0.0
1986-12-04 00:00:00-05:00,0.0,11.295500907664639,11.24196720123291,11.24196720123291,168888,0.0,0.0
1986-12-05 00:00:00-05:00,0.0,11.295500907664639,11.24196720123291,11.24196720123291,107522,0.0,0.0
1986-12-08 00:00:00-05:00,0.0,11.402570927884621,11.295504570007322,11.295504570007324,52294,0.0,0.0
1986-12-09 00:00:00-05:00,0.0,11.40256801952176,11.349034309387207,11.349034309387207,80042,0.0,0.0
1986-12-10 00:00:00-05:00,0.0,11.723771134133083,11.670238494873047,11.670238494873047,135404,0.0,0.0
1986-12-11 00:00:00-05:00,0.0,11.563168684644063,11.509634971618652,11.509634971618652,87512,0.0,0.0
1986-12-12 00:00:00-05:00,0.0,11.50963611782577,11.402569770812988,11.402569770812988,9472,0.0,0.0
1986-12-15 00:00:00-05:00,0.0,11.295500907664639,11.24196720123291,11.24196720123291,124064,0.0,0.0
1986-12-16 00:00:00-05:00,0.0,11.616701307969045,11.509634971618652,11.509634971618652,103921,0.0,0.0
1986-12-17 00:00:00-05:00,0.0,11.616704980642632,11.563172340393066,11.563172340393066,77907,0.0,0.0
1986-12-18 00:00:00-05:00,0.0,11.67023292214758,11.61669921875,11.61669921875,31216,0.0,0.0
1986-12-19 00:00:00-05:00,0.0,12.098504242566914,12.044970512390137,12.044970512390137,119262,0.0,0.0
1986-12-22 00:00:00-05:00,0.0,12.044965762983468,11.991433143615723,11.991433143615723,55762,0.0,0.0
1986-12-23 00:00:00-05:00,0.0,12.080312486484798,12.026622772216799,12.026622772216797,36419,0.0614,0.0
1986-12-24 00:00:00-05:00,0.0,12.50982335729764,12.402442932128906,12.402442932128906,47491,0.0,0.0
1986-12-26 00:00:00-05:00,0.0,11.919236875152396,11.865547180175781,11.865547180175781,40955,0.0,0.0
1986-12-29 00:00:00-05:00,0.0,11.650783126201619,11.543402671813965,11.543402671813965,58430,0.0,0.0
1986-12-30 00:00:00-05:00,0.0,11.597093445456522,11.543402671813965,11.543402671813965,11606,0.0,0.0
1986-12-31 00:00:00-05:00,0.0,11.543400330064888,11.436019897460938,11.436019897460938,72571,0.0,0.0
1987-01-02 00:00:00-05:00,0.0,11.70448006277743,11.650789260864258,11.650789260864258,61098,0.0,0.0
1987-01-05 00:00:00-05:00,0.0,11.274948638788027,11.16756820678711,11.16756820678711,55896,0.0,0.0
1987-01-06 00:00:00-05:00,0.0,11.167572709693857,11.113883018493652,11.113883018493652,85644,0.0,0.0
1987-01-07 00:00:00-05:00,0.0,10.899124028926673,10.845433235168457,10.845433235168457,127133,0.0,0.0
1987-01-08 00:00:00-05:00,0.0,10.57697361953624,10.523283958435059,10.523283958435059,157815,0.0,0.0
1987-01-09 00:00:00-05:00,0.0,10.57697361953624,10.523283958435059,10.523283958435059,111925,0.0,0.0
1987-01-12 00:00:00-05:00,0.0,10.415907585071862,10.362217903137207,10.362217903137207,53361,0.0,0.0
1987-01-13 00:00:00-05:00,0.0,10.308526715919651,10.254837036132812,10.254837036132812,91381,0.0,0.0
1987-01-14 00:00:00-05:00,0.0,10.523285428883293,10.415904998779297,10.415904998779297,29349,0.0,0.0
1987-01-15 00:00:00-05:00,0.0,10.630668504660084,10.576977729797363,10.576977729797363,40821,0.0,0.0
1987-01-16 00:00:00-05:00,0.0,10.415909375369958,10.308528900146484,10.308528900146484,27614,0.0,0.0
1987-01-19 00:00:00-05:00,0.0,10.362219684207059,10.308528900146484,10.308528900146484,29882,0.0,0.0
1987-01-20 00:00:00-05:00,0.0,10.523285428883293,10.415904998779297,10.415904998779297,71637,0.0,0.0
1987-01-21 00:00:00-05:00,0.0,10.791739326289392,10.738048553466797,10.738048553466797,30816,0.0,0.0
1987-01-22 00:00:00-05:00,0.0,10.684361332665475,10.630670547485352,10.630670547485352,44690,0.0,0.0
1987-01-23 00:00:00-05:00,0.0,10.415909375369958,10.308528900146484,10.308528900146484,114059,0.0,0.0
1987-01-26 00:00:00-05:00,0.0,10.254837856446935,10.201147079467773,10.201147079467773,54562,0.0,0.0
1987-01-27 00:00:00-05:00,0.0,10.469598359904005,10.362217903137207,10.362217903137207,138338,0.0,0.0
1987-01-28 00:00:00-05:00,0.0,10.308526715919651,10.254837036132812,10.254837036132812,50293,0.0,0.0
1987-01-29 00:00:00-05:00,0.0,10.362219684207059,10.308528900146484,10.308528900146484,6137,0.0,0.0
1987-01-30 00:00:00-05:00,0.0,10.415907585071862,10.362217903137207,10.362217903137207,71637,0.0,0.0
1987-02-02 00:00:00-05:00,0.0,10.845432978091116,10.791743278503418,10.791743278503418,71771,0.0,0.0
1987-02-03 00:00:00-05:00,0.0,10.684361332665475,10.630670547485352,10.630670547485352,64967,0.0,0.0
1987-02-04 00:00:00-05:00,0.0,10.738049233802869,10.684359550476076,10.684359550476074,24546,0.0,0.0
1987-02-05 00:00:00-05:00,0.0,10.469595760279903,10.415904998779297,10.415904998779297,37219,0.0,0.0
1987-02-06 00:00:00-05:00,0.0,10.308527540528566,10.201147079467773,10.201147079467773,45757,0.0,0.0
1987-02-09 00:00:00-05:00,0.0,10.308526715919651,10.254837036132812,10.254837036132812,74705,0.0,0.0
1987-02-10 00:00:00-05:00,0.0,10.2011459866817,10.147455215454102,10.147455215454102,82043,0.0,0.0
1987-02-11 00:00:00-05:00,0.0,10.2011459866817,10.147455215454102,10.147455215454102,48292,0.0,0.0
1987-02-12 00:00:00-05:00,0.0,10.2011459866817,10.147455215454102,10.147455215454102,54962,0.0,0.0
1987-02-13 00:00:00-05:00,0.0,9.932697035500476,9.825315475463869,9.825315475463867,36952,0.0,0.0
1987-02-17 00:00:00-05:00,0.0,10.093766761718685,9.9863862991333,9.9863862991333,50960,0.0,0.0
1987-02-18 00:00:00-05:00,0.0,10.147457811879754,10.093768119812012,10.093768119812012,42689,0.0,0.0
1987-02-19 00:00:00-05:00,0.0,10.57697361953624,10.523283958435059,10.523283958435059,69770,0.0,0.0
1987-02-20 00:00:00-05:00,0.0,10.308526715919651,10.254837036132812,10.254837036132812,54028,0.0,0.0
1987-02-23 00:00:00-05:00,0.0,10.254837856446935,10.201147079467773,10.201147079467773,88846,0.0,0.0
1987-02-24 00:00:00-05:00,0.0,10.2011459866817,10.147455215454102,10.147455215454102,60965,0.0,0.0
1987-02-25 00:00:00-05:00,0.0,9.986386025842894,9.932696342468262,9.932696342468262,47891,0.0,0.0
1987-02-26 00:00:00-05:00,0.0,9.879004054667318,9.771623611450195,9.771623611450195,44556,0.0,0.0
1987-02-27 00:00:00-05:00,0.0,9.932697035500476,9.825315475463869,9.825315475463867,12807,0.0,0.0
1987-03-02 00:00:00-05:00,0.0,10.201148596845192,10.093768119812012,10.093768119812012,24012,0.0,0.0
1987-03-03 00:00:00-05:00,0.0,10.147458649038978,10.040078163146973,10.040078163146973,16542,0.0,0.0
1987-03-04 00:00:00-05:00,0.0,10.2011459866817,10.147455215454102,10.147455215454102,54161,0.0,0.0
1987-03-05 00:00:00-05:00,0.0,10.093768952541867,10.040078163146973,10.040078163146973,48825,0.0,0.0
1987-03-06 00:00:00-05:00,0.0,9.82531699960439,9.717936515808105,9.717936515808105,19210,0.0,0.0
1987-03-09 00:00:00-05:00,0.0,9.986386025842894,9.932696342468262,9.932696342468262,32817,0.0,0.0
1987-03-10 00:00:00-05:00,0.0,9.986386025842894,9.932696342468262,9.932696342468262,33617,0.0,0.0
1987-03-11 00:00:00-05:00,0.0,10.093768952541867,10.040078163146973,10.040078163146973,64967,0.0,0.0
1987-03-12 00:00:00-05:00,0.0,10.57697361953624,10.523283958435059,10.523283958435059,70303,0.0,0.0
1987-03-13 00:00:00-05:00,0.0,10.254837856446935,10.201147079467773,10.201147079467773,17743,0.0,0.0
1987-03-16 00:00:00-05:00,0.0,10.093768952541867,10.040078163146973,10.040078163146973,35618,0.0,0.0
1987-03-17 00:00:00-05:00,0.0,10.147458649038978,10.040078163146973,10.040078163146973,33751,0.0,0.0
1987-03-18 00:00:00-05:00,0.0,10.093766761718685,9.9863862991333,9.9863862991333,20811,0.0,0.0
1987-03-19 00:00:00-05:00,0.0,10.04007598397722,9.9863862991333,9.9863862991333,13073,0.0,0.0
1987-03-20 00:00:00-05:00,0.0,10.254836757909299,10.147455215454102,10.147455215454102,115927,0.0,0.0
1987-03-23 00:00:00-05:00,0.0,10.04007598397722,9.9863862991333,9.9863862991333,19077,0.0,0.0
1987-03-24 00:00:00-05:00,0.0,10.040075709217524,9.932696342468262,9.932696342468262,33351,0.0,0.0
1987-03-25 00:00:00-05:00,0.0,9.717934335196242,9.664244651794434,9.664244651794434,27881,0.0,0.0
1987-03-26 00:00:00-05:00,0.0,9.610557302031573,9.556867599487305,9.556867599487305,69369,0.0,0.0
1987-03-27 00:00:00-05:00,0.0,9.288414834615004,9.234724044799805,9.234724044799805,99118,0.0,0.0
1987-03-30 00:00:00-05:00,0.0,9.181033825331312,9.127344131469727,9.127344131469727,153146,0.0,0.0
1987-03-31 00:00:00-05:00,0.0,9.342105624430204,9.234724044799805,9.234724044799805,156481,0.0,0.0
1987-04-01 00:00:00-05:00,0.0,9.288414834615004,9.234724044799805,9.234724044799805,24413,0.0,0.0
1987-04-02 00:00:00-05:00,0.0,9.395795563781244,9.342105865478516,9.342105865478516,48825,0.0,0.0
1987-04-03 00:00:00-05:00,0.0,9.34210286809022,9.288412094116211,9.288412094116211,20544,0.0,0.0
1987-04-06 00:00:00-04:00,0.0,9.28841457182939,9.181034088134766,9.181034088134766,4669,0.0,0.0
1987-04-07 00:00:00-04:00,0.0,9.28841457182939,9.181034088134766,9.181034088134766,26013,0.0,0.0
1987-04-08 00:00:00-04:00,0.0,9.127345258468283,9.019964218139648,9.019964218139648,15608,0.0,0.0
1987-04-09 00:00:00-04:00,0.0,8.912580762545469,8.858890533447266,8.858890533447266,44690,0.0,0.0
1987-04-10 00:00:00-04:00,0.0,8.805203731133359,8.751513481140137,8.751513481140137,14808,0.0,0.0
1987-04-13 00:00:00-04:00,0.0,8.214606404702343,8.10722541809082,8.10722541809082,22678,0.0,0.0
1987-04-14 00:00:00-04:00,0.0,8.64413030654421,8.536749839782715,8.536749839782715,38687,0.0,0.0
1987-04-15 00:00:00-04:00,0.0,8.69782080619908,8.590439796447754,8.590439796447754,64834,0.0,0.0
1987-04-16 00:00:00-04:00,0.0,9.019963001046687,8.966273307800293,8.966273307800293,133002,0.0,0.0
1987-04-20 00:00:00-04:00,0.0,9.556867483940982,9.50317668914795,9.50317668914795,59898,0.0,0.0
1987-04-21 00:00:00-04:00,0.0,9.503173420879198,9.395792961120605,9.395792961120605,59231,0.0,0.0
1987-04-22 00:00:00-04:00,0.0,9.34210286809022,9.288412094116211,9.288412094116211,1868,0.0,0.0
1987-04-23 00:00:00-04:00,0.0,9.127343047841022,9.073652267456055,9.073652267456055,103520,0.0,0.0
1987-04-24 00:00:00-04:00,0.0,9.127343047841022,9.073652267456055,9.073652267456055,11473,0.0,0.0
1987-04-27 00:00:00-04:00,0.0,9.342105624430204,9.234724044799805,9.234724044799805,30416,0.0,0.0
1987-04-28 00:00:00-04:00,0.0,9.825313286610083,9.771623611450195,9.771623611450195,64433,0.0,0.0
1987-04-29 00:00:00-04:00,0.0,9.879006255482173,9.825315475463869,9.825315475463867,75506,0.0,0.0
1987-04-30 00:00:00-04:00,0.0,10.254837856446935,10.201147079467773,10.201147079467773,8004,0.0,0.0
1987-05-01 00:00:00-04:00,0.0,10.093768952541867,10.040078163146973,10.040078163146973,39621,0.0,0.0
1987-05-04 00:00:00-04:00,0.0,10.093766761718685,9.9863862991333,9.9863862991333,14808,0.0,0.0
1987-05-05 00:00:00-04:00,0.0,10.147457811879754,10.093768119812012,10.093768119812012,10939,0.0,0.0
1987-05-06 00:00:00-04:00,0.0,9.879006255482173,9.825315475463869,9.825315475463867,400,0.0,0.0
1987-05-07 00:00:00-04:00,0.0,10.04007598397722,9.9863862991333,9.9863862991333,24279,0.0,0.0
1987-05-08 00:00:00-04:00,0.0,10.093766761718685,9.9863862991333,9.9863862991333,267,0.0,0.0
1987-05-11 00:00:00-04:00,0.0,10.147458649038978,10.040078163146973,10.040078163146973,39621,0.0,0.0
1987-05-12 00:00:00-04:00,0.0,10.04007598397722,9.9863862991333,9.9863862991333,1734,0.0,0.0
1987-05-13 00:00:00-04:00,0.0,10.415907585071862,10.362217903137207,10.362217903137207,61365,0.0,0.0
1987-05-14 00:00:00-04:00,0.0,10.2011459866817,10.147455215454102,10.147455215454102,2001,0.0,0.0
1987-05-15 00:00:00-04:00,0.0,10.04007598397722,9.9863862991333,9.9863862991333,60165,0.0,0.0
1987-05-18 00:00:00-04:00,0.0,10.04007598397722,9.9863862991333,9.9863862991333,5470,0.0,0.0
1987-05-19 00:00:00-04:00,0.0,10.147457811879754,10.093768119812012,10.093768119812012,40154,0.0,0.0
1987-05-20 00:00:00-04:00,0.0,10.684359279522807,10.576977729797363,10.576977729797363,54828,0.0,0.0
1987-05-21 00:00:00-04:00,0.0,10.415907585071862,10.362217903137207,10.362217903137207,19477,0.0,0.0
1987-05-22 00:00:00-04:00,0.0,10.415907585071862,10.362217903137207,10.362217903137207,2801,0.0,0.0
1987-05-26 00:00:00-04:00,0.0,11.113881800568882,11.006500244140625,11.006500244140625,113392,0.0,0.0
1987-05-27 00:00:00-04:00,0.0,10.952808096709424,10.899118423461914,10.899118423461914,73905,0.0,0.0
1987-05-28 00:00:00-04:00,0.0,10.791739326289392,10.738048553466797,10.738048553466797,5736,0.0,0.0
1987-05-29 00:00:00-04:00,0.0,10.899123770576661,10.791743278503418,10.791743278503418,15875,0.0,0.0
1987-06-01 00:00:00-04:00,0.0,10.845429006214541,10.738048553466797,10.738048553466797,18676,0.0,0.0
1987-06-02 00:00:00-04:00,0.0,10.845429006214541,10.738048553466797,10.738048553466797,110991,0.0,0.0
1987-06-03 00:00:00-04:00,0.0,11.113881933335499,11.06019115447998,11.06019115447998,32283,0.0,0.0
1987-06-04 00:00:00-04:00,0.0,11.167571619293449,11.06019115447998,11.06019115447998,24279,0.0,0.0
1987-06-05 00:00:00-04:00,0.0,11.006500929811175,10.952811241149902,10.952811241149902,5603,0.0,0.0
1987-06-08 00:00:00-04:00,0.0,11.221263493791737,11.113883018493652,11.113883018493652,49226,0.0,0.0
1987-06-09 00:00:00-04:00,0.0,11.382334447415463,11.328644752502441,11.328644752502441,40688,0.0,0.0
1987-06-10 00:00:00-04:00,0.0,11.382334447415463,11.328644752502441,11.328644752502441,57897,0.0,0.0
1987-06-11 00:00:00-04:00,0.0,11.70448006277743,11.650789260864258,11.650789260864258,38820,0.0,0.0
1987-06-12 00:00:00-04:00,0.0,12.080312486484798,12.026622772216799,12.026622772216797,46291,0.0,0.0
1987-06-15 00:00:00-04:00,0.0,12.026614047022596,11.972923278808594,11.972923278808594,31750,0.0,0.0
1987-06-16 00:00:00-04:00,0.0,11.972927663026764,11.865547180175781,11.865547180175781,7471,0.0,0.0
1987-06-17 00:00:00-04:00,0.0,11.70448006277743,11.650789260864258,11.650789260864258,53895,0.0,0.0
1987-06-18 00:00:00-04:00,0.0,11.650783126201619,11.543402671813965,11.543402671813965,5470,0.0,0.0
1987-06-19 00:00:00-04:00,0.0,11.811855048364947,11.75816535949707,11.75816535949707,9338,0.0,0.0
1987-06-22 00:00:00-04:00,0.0,11.811855048364947,11.75816535949707,11.75816535949707,400,0.0,0.0
1987-06-23 00:00:00-04:00,0.0,12.293675650990615,12.23975658416748,12.23975658416748,105521,0.0873,0.0
1987-06-24 00:00:00-04:00,0.0,12.131914353786607,12.077995300292969,12.077995300292969,22145,0.0,0.0
1987-06-25 00:00:00-04:00,0.0,12.239759687182111,12.185840606689453,12.185840606689453,123397,0.0,0.0
1987-06-26 00:00:00-04:00,0.0,11.808401343801883,11.754482269287111,11.75448226928711,62566,0.0,0.0
1987-06-29 00:00:00-04:00,0.0,11.215285926627674,11.107446670532227,11.107446670532227,86712,0.0,0.0
1987-06-30 00:00:00-04:00,0.0,11.377043144543919,11.32312297821045,11.32312297821045,20677,0.0,0.0
1987-07-01 00:00:00-04:00,0.0,11.16136684736348,11.107446670532227,11.107446670532227,1067,0.0,0.0
1987-07-02 00:00:00-04:00,0.0,11.430965670155334,11.377046585083008,11.377046585083008,31216,0.0,0.0
1987-07-06 00:00:00-04:00,0.0,11.053524247138476,10.999605178833008,10.999605178833008,27348,0.0,0.0
1987-07-07 00:00:00-04:00,0.0,11.107441307105981,11.053521156311035,11.053521156311035,51760,0.0,0.0
1987-07-08 00:00:00-04:00,0.0,10.568251290737745,10.46041202545166,10.46041202545166,48425,0.0,0.0
1987-07-09 00:00:00-04:00,0.0,10.622167090987142,10.514328956604004,10.514328956604004,1734,0.0,0.0
1987-07-10 00:00:00-04:00,0.0,10.622168778209675,10.568249702453613,10.568249702453613,5470,0.0,0.0
1987-07-13 00:00:00-04:00,0.0,10.514329564108499,10.406490325927734,10.406490325927734,26814,0.0,0.0
1987-07-14 00:00:00-04:00,0.0,10.244728672223943,10.136889457702637,10.136889457702637,18676,0.0,0.0
1987-07-15 00:00:00-04:00,0.0,10.082974934090933,9.975136756896973,9.975136756896973,11606,0.0,0.0
1987-07-16 00:00:00-04:00,0.0,10.352570187893447,10.244730949401855,10.244730949401855,33884,0.0,0.0
1987-07-17 00:00:00-04:00,0.0,10.352568851404381,10.298649787902832,10.298649787902832,111124,0.0,0.0
1987-07-20 00:00:00-04:00,0.0,10.136893903541075,10.029054641723631,10.029054641723633,18143,0.0,0.0
1987-07-21 00:00:00-04:00,0.0,10.029055845493952,9.975136756896973,9.975136756896973,13474,0.0,0.0
1987-07-22 00:00:00-04:00,0.0,9.813372023343359,9.7594518661499,9.759451866149902,3068,0.0,0.0
1987-07-23 00:00:00-04:00,0.0,9.921213763597017,9.813374519348145,9.813374519348145,41888,0.0,0.0
1987-07-24 00:00:00-04:00,0.0,10.190808516179972,10.136889457702637,10.136889457702637,11206,0.0,0.0
1987-07-27 00:00:00-04:00,0.0,10.244728672223943,10.136889457702637,10.136889457702637,1868,0.0,0.0
1987-07-28 00:00:00-04:00,0.0,10.568248023795572,10.514328956604004,10.514328956604004,24946,0.0,0.0
1987-07-29 00:00:00-04:00,0.0,11.269207391551566,11.215287208557129,11.215287208557129,27614,0.0,0.0
1987-07-30 00:00:00-04:00,0.0,11.323126476978818,11.215287208557129,11.215287208557129,11206,0.0,0.0
1987-07-31 00:00:00-04:00,0.0,11.916242990252924,11.862322807312012,11.862322807312012,86845,0.0,0.0
1987-08-03 00:00:00-04:00,0.0,11.430965670155334,11.377046585083008,11.377046585083008,29882,0.0,0.0
1987-08-04 00:00:00-04:00,0.0,11.107441307105981,11.053521156311035,11.053521156311035,8004,0.0,0.0
1987-08-05 00:00:00-04:00,0.0,11.538804297840858,11.484885215759277,11.484885215759277,35218,0.0,0.0
1987-08-06 00:00:00-04:00,0.0,11.592719442116799,11.538799285888674,11.538799285888672,87912,0.0,0.0
1987-08-07 00:00:00-04:00,0.0,11.538804297840858,11.484885215759277,11.484885215759277,6937,0.0,0.0
1987-08-10 00:00:00-04:00,0.0,11.484886563233227,11.4309663772583,11.4309663772583,45090,0.0,0.0
1987-08-11 00:00:00-04:00,0.0,11.377043144543919,11.32312297821045,11.32312297821045,42422,0.0,0.0
1987-08-12 00:00:00-04:00,0.0,11.430965670155334,11.377046585083008,11.377046585083008,13207,0.0,0.0
1987-08-13 00:00:00-04:00,0.0,11.808400764745825,11.7005615234375,11.7005615234375,46291,0.0,0.0
1987-08-14 00:00:00-04:00,0.0,12.347594628199833,12.293674468994142,12.29367446899414,58030,0.0,0.0
1987-08-17 00:00:00-04:00,0.0,12.778956658122205,12.725037574768065,12.725037574768066,76573,0.0,0.0
1987-08-18 00:00:00-04:00,0.0,12.18583450484678,12.077995300292969,12.077995300292969,52827,0.0,0.0
1987-08-19 00:00:00-04:00,0.0,11.808401343801883,11.754482269287111,11.75448226928711,37086,0.0,0.0
1987-08-20 00:00:00-04:00,0.0,12.239759687182111,12.185840606689453,12.185840606689453,73505,0.0,0.0
1987-08-21 00:00:00-04:00,0.0,12.131914353786607,12.077995300292969,12.077995300292969,23479,0.0,0.0
1987-08-24 00:00:00-04:00,0.0,12.131914353786607,12.077995300292969,12.077995300292969,19744,0.0,0.0
1987-08-25 00:00:00-04:00,0.0,12.293675650990615,12.23975658416748,12.23975658416748,8138,0.0,0.0
1987-08-26 00:00:00-04:00,0.0,12.18583450484678,12.077995300292969,12.077995300292969,54161,0.0,0.0
1987-08-27 00:00:00-04:00,0.0,11.862320418316656,11.754482269287111,11.75448226928711,13340,0.0,0.0
1987-08-28 00:00:00-04:00,0.0,11.754484815919572,11.646645545959473,11.646645545959473,6804,0.0,0.0
1987-08-31 00:00:00-04:00,0.0,11.754481692875116,11.7005615234375,11.7005615234375,13740,0.0,0.0
1987-09-01 00:00:00-04:00,0.0,11.754484815919572,11.646645545959473,11.646645545959473,4402,0.0,0.0
1987-09-02 00:00:00-04:00,0.0,11.377043144543919,11.32312297821045,11.32312297821045,67635,0.0,0.0
1987-09-03 00:00:00-04:00,0.0,11.646644981259135,11.592724800109865,11.592724800109863,36152,0.0,0.0
1987-09-04 00:00:00-04:00,0.0,12.07799794906131,11.970157623291016,11.970157623291016,44690,0.0,0.0
1987-09-08 00:00:00-04:00,0.0,12.18583450484678,12.077995300292969,12.077995300292969,49893,0.0,0.0
1987-09-09 00:00:00-04:00,0.0,12.024077786176163,11.970157623291016,11.970157623291016,57496,0.0,0.0
1987-09-10 00:00:00-04:00,0.0,11.970162075626652,11.862322807312012,11.862322807312012,24546,0.0,0.0
1987-09-11 00:00:00-04:00,0.0,12.024081864265606,11.916242599487305,11.916242599487305,17476,0.0,0.0
1987-09-14 00:00:00-04:00,0.0,12.239759687182111,12.185840606689453,12.185840606689453,68969,0.0,0.0
1987-09-15 00:00:00-04:00,0.0,12.185838120550228,12.131917953491211,12.131917953491211,11606,0.0,0.0
1987-09-16 00:00:00-04:00,0.0,12.07799794906131,11.970157623291016,11.970157623291016,400,0.0,0.0
1987-09-17 00:00:00-04:00,0.0,11.916242990252924,11.862322807312012,11.862322807312012,32283,0.0,0.0
1987-09-18 00:00:00-04:00,0.0,12.07799794906131,11.970157623291016,11.970157623291016,12140,0.0,0.0
1987-09-21 00:00:00-04:00,0.0,11.808401343801883,11.754482269287111,11.75448226928711,5069,0.0,0.0
1987-09-22 00:00:00-04:00,0.0,11.862319223196234,11.80840015411377,11.80840015411377,18543,0.0,0.0
1987-09-23 00:00:00-04:00,0.0,11.916239389845549,11.80840015411377,11.80840015411377,6670,0.0,0.0
1987-09-24 00:00:00-04:00,0.0,11.970161683092883,11.916242599487305,11.916242599487305,9338,0.0,0.0
1987-09-25 00:00:00-04:00,0.0,11.970162075626652,11.862322807312012,11.862322807312012,5870,0.0,0.0
1987-09-28 00:00:00-04:00,0.0,12.778956658122205,12.725037574768065,12.725037574768066,22812,0.0,0.0
1987-09-29 00:00:00-04:00,0.0,12.83287467776058,12.77895450592041,12.77895450592041,95116,0.0,0.0
1987-09-30 00:00:00-04:00,0.0,13.04855889794404,12.940719604492186,12.940719604492188,96717,0.0,0.0
1987-10-01 00:00:00-04:00,0.0,13.156390792251392,13.048551559448242,13.048551559448242,117661,0.0,0.0
1987-10-02 00:00:00-04:00,0.0,13.102473887937483,12.994634628295898,12.994634628295898,25480,0.0,0.0
1987-10-05 00:00:00-04:00,0.0,13.102470627066406,13.048551559448242,13.048551559448242,11873,0.0,0.0
1987-10-06 00:00:00-04:00,0.0,13.102470627066406,13.048551559448242,13.048551559448242,114860,0.0,0.0
1987-10-07 00:00:00-04:00,0.0,13.911266560434466,13.857347488403322,13.85734748840332,62166,0.0,0.0
1987-10-08 00:00:00-04:00,0.0,14.234787231996384,14.180868148803711,14.180868148803711,254532,0.0,0.0
1987-10-09 00:00:00-04:00,0.0,14.23477993591303,14.126940727233888,14.126940727233887,16675,0.0,0.0
1987-10-12 00:00:00-04:00,0.0,14.019106146108287,13.965187072753908,13.965187072753906,17609,0.0,0.0
1987-10-13 00:00:00-04:00,0.0,14.180860880356747,14.126940727233888,14.126940727233887,37086,0.0,0.0
1987-10-14 00:00:00-04:00,0.0,13.749511971189706,13.695592880249023,13.695592880249023,72304,0.0,0.0
1987-10-15 00:00:00-04:00,0.0,13.587751777647686,13.533831596374512,13.533831596374512,88446,0.0,0.0
1987-10-16 00:00:00-04:00,0.0,13.318148841074658,13.264229774475098,13.264229774475098,37620,0.0,0.0
1987-10-19 00:00:00-04:00,0.0,11.538799285888674,11.538799285888674,11.538799285888672,118595,0.0,0.0
1987-10-20 00:00:00-04:00,0.0,10.136893903541075,10.029054641723631,10.029054641723633,24012,0.0,0.0
1987-10-21 00:00:00-04:00,0.0,12.07799794906131,11.970157623291016,11.970157623291016,54828,0.0,0.0
1987-10-22 00:00:00-04:00,0.0,11.323130597466248,11.161372184753418,11.161372184753418,68035,0.0,0.0
1987-10-23 00:00:00-04:00,0.0,10.999604825193135,10.891765594482422,10.891765594482422,45490,0.0,0.0
1987-10-26 00:00:00-05:00,0.0,10.190808516179972,10.136889457702637,10.136889457702637,77907,0.0,0.0
1987-10-27 00:00:00-05:00,0.0,11.592724477489554,11.484885215759277,11.484885215759277,51360,0.0,0.0
1987-10-28 00:00:00-05:00,0.0,10.783926237571825,10.730007171630861,10.73000717163086,116060,0.0,0.0
1987-10-29 00:00:00-05:00,0.0,11.107441307105981,11.053521156311035,11.053521156311035,20944,0.0,0.0
1987-10-30 00:00:00-05:00,0.0,11.538804937867162,11.377046585083008,11.377046585083008,28148,0.0,0.0
1987-11-02 00:00:00-05:00,0.0,11.377046659973253,11.215287208557129,11.215287208557129,159950,0.0,0.0
1987-11-03 00:00:00-05:00,0.0,11.215285926627674,11.107446670532227,11.107446670532227,86178,0.0,0.0
1987-11-04 00:00:00-05:00,0.0,11.269207391551566,11.215287208557129,11.215287208557129,55495,0.0,0.0
1987-11-05 00:00:00-05:00,0.0,11.323126476978818,11.215287208557129,11.215287208557129,197169,0.0,0.0
1987-11-06 00:00:00-05:00,0.0,11.377043144543919,11.32312297821045,11.32312297821045,92982,0.0,0.0
1987-11-09 00:00:00-05:00,0.0,11.215280511129343,11.053521156311035,11.053521156311035,73371,0.0,0.0
1987-11-10 00:00:00-05:00,0.0,10.945685758621178,10.891765594482422,10.891765594482422,88046,0.0,0.0
1987-11-11 00:00:00-05:00,0.0,11.430961479518059,11.269203186035158,11.269203186035156,24413,0.0,0.0
1987-11-12 00:00:00-05:00,0.0,11.91624059039839,11.754482269287111,11.75448226928711,15608,0.0,0.0
1987-11-13 00:00:00-05:00,0.0,11.862322988312473,11.646645545959473,11.646645545959473,12406,0.0,0.0
1987-11-16 00:00:00-05:00,0.0,11.808403902116021,11.646645545959473,11.646645545959473,47891,0.0,0.0
1987-11-17 00:00:00-05:00,0.0,11.269207391551566,11.215287208557129,11.215287208557129,92315,0.0,0.0
1987-11-18 00:00:00-05:00,0.0,11.91624059039839,11.754482269287111,11.75448226928711,60298,0.0,0.0
1987-11-19 00:00:00-05:00,0.0,11.754484245990527,11.592724800109865,11.592724800109863,38954,0.0,0.0
1987-11-20 00:00:00-05:00,0.0,12.024078625577328,11.80840015411377,11.80840015411377,54028,0.0,0.0
1987-11-23 00:00:00-05:00,0.0,12.078002441508474,11.862322807312012,11.862322807312012,12140,0.0,0.0
1987-11-24 00:00:00-05:00,0.0,12.131917014379683,11.970157623291016,11.970157623291016,30549,0.0,0.0
1987-11-25 00:00:00-05:00,0.0,11.91624059039839,11.754482269287111,11.75448226928711,18009,0.0,0.0
1987-11-27 00:00:00-05:00,0.0,11.862320418316656,11.754482269287111,11.75448226928711,39220,0.0,0.0
1987-11-30 00:00:00-05:00,0.0,11.377042414212683,11.269203186035158,11.269203186035156,37219,0.0,0.0
1987-12-01 00:00:00-05:00,0.0,11.862320418316656,11.754482269287111,11.75448226928711,21478,0.0,0.0
1987-12-02 00:00:00-05:00,0.0,11.808401343801883,11.754482269287111,11.75448226928711,18143,0.0,0.0
1987-12-03 00:00:00-05:00,0.0,11.754484815919572,11.646645545959473,11.646645545959473,45357,0.0,0.0
1987-12-04 00:00:00-05:00,0.0,11.646644981259135,11.592724800109865,11.592724800109863,19343,0.0,0.0
1987-12-07 00:00:00-05:00,0.0,11.862320418316656,11.754482269287111,11.75448226928711,13607,0.0,0.0
1987-12-08 00:00:00-05:00,0.0,12.07799794906131,11.970157623291016,11.970157623291016,39354,0.0,0.0
1987-12-09 00:00:00-05:00,0.0,12.024082258567564,11.862322807312012,11.862322807312012,23479,0.0,0.0
1987-12-10 00:00:00-05:00,0.0,12.18583450484678,12.077995300292969,12.077995300292969,16809,0.0,0.0
1987-12-11 00:00:00-05:00,0.0,12.29367876767477,12.185840606689453,12.185840606689453,11473,0.0,0.0
1987-12-14 00:00:00-05:00,0.0,12.50935726081872,12.401516914367676,12.401516914367676,16409,0.0,0.0
1987-12-15 00:00:00-05:00,0.0,12.293675650990615,12.23975658416748,12.23975658416748,19077,0.0,0.0
1987-12-16 00:00:00-05:00,0.0,12.50935460257944,12.34759521484375,12.34759521484375,19343,0.0,0.0
1987-12-17 00:00:00-05:00,0.0,12.725037965168307,12.671117782592772,12.671117782592773,23345,0.0,0.0
1987-12-18 00:00:00-05:00,0.0,12.72503629013184,12.617197036743164,12.617197036743164,100452,0.0,0.0
1987-12-21 00:00:00-05:00,0.0,12.617198626719421,12.509359359741211,12.509359359741211,3869,0.0,0.0
1987-12-22 00:00:00-05:00,0.0,12.50935726081872,12.401516914367676,12.401516914367676,6937,0.0,0.0
1987-12-23 00:00:00-05:00,0.0,12.72503629013184,12.617197036743164,12.617197036743164,2134,0.0,0.0
1987-12-24 00:00:00-05:00,0.0,12.984949283285173,12.876741409301756,12.876741409301758,28281,0.0747,0.0
1987-12-28 00:00:00-05:00,0.0,12.714429073236674,12.606221199035646,12.606221199035645,33084,0.0,0.0
1987-12-29 00:00:00-05:00,0.0,12.714429073236674,12.606221199035646,12.606221199035645,1334,0.0,0.0
1987-12-30 00:00:00-05:00,0.0,12.714430349574931,12.660326957702637,12.660326957702637,13874,0.0,0.0
1987-12-31 00:00:00-05:00,0.0,12.443906308185325,12.389802932739258,12.389802932739258,44290,0.0,0.0
1988-01-04 00:00:00-05:00,0.0,12.984950893418965,12.822638511657715,12.822638511657715,36285,0.0,0.0
1988-01-05 00:00:00-05:00,0.0,12.82264188229973,12.768538475036621,12.768538475036621,72838,0.0,0.0
1988-01-06 00:00:00-05:00,0.0,13.201369493506034,13.093161582946776,13.093161582946777,87379,0.0,0.0
1988-01-07 00:00:00-05:00,0.0,12.930844795634076,12.876741409301756,12.876741409301758,53761,0.0,0.0
1988-01-08 00:00:00-05:00,0.0,12.227491526780259,12.119283676147461,12.119283676147461,32150,0.0,0.0
1988-01-11 00:00:00-05:00,0.0,12.552115261714576,12.389802932739258,12.389802932739258,18143,0.0,0.0
1988-01-12 00:00:00-05:00,0.0,12.443913223681305,12.281601905822754,12.281601905822754,14808,0.0,0.0
1988-01-13 00:00:00-05:00,0.0,12.443909825237595,12.335701942443848,12.335701942443848,29349,0.0,0.0
1988-01-14 00:00:00-05:00,0.0,12.552115261714576,12.389802932739258,12.389802932739258,3068,0.0,0.0
1988-01-15 00:00:00-05:00,0.0,12.714429073236674,12.606221199035646,12.606221199035645,7204,0.0,0.0
1988-01-18 00:00:00-05:00,0.0,12.552115261714576,12.389802932739258,12.389802932739258,23212,0.0,0.0
1988-01-19 00:00:00-05:00,0.0,12.498010784949951,12.389802932739258,12.389802932739258,2801,0.0,0.0
1988-01-20 00:00:00-05:00,0.0,12.33570531133588,12.281601905822754,12.281601905822754,22011,0.0,0.0
1988-01-21 00:00:00-05:00,0.0,12.822638234638411,12.660326957702637,12.660326957702637,4936,0.0,0.0
1988-01-22 00:00:00-05:00,0.0,12.606224563294402,12.55212116241455,12.55212116241455,18410,0.0,0.0
1988-01-25 00:00:00-05:00,0.0,12.552115261714576,12.389802932739258,12.389802932739258,2268,0.0,0.0
1988-01-26 00:00:00-05:00,0.0,12.443909825237595,12.335701942443848,12.335701942443848,4002,0.0,0.0
1988-01-27 00:00:00-05:00,0.0,12.281602415939023,12.227499008178711,12.227499008178711,6537,0.0,0.0
1988-01-28 00:00:00-05:00,0.0,12.660322962408769,12.498010635375977,12.498010635375977,5336,0.0,0.0
1988-01-29 00:00:00-05:00,0.0,12.768534842766117,12.660326957702637,12.660326957702637,14941,0.0,0.0
1988-02-01 00:00:00-05:00,0.0,12.71443246637318,12.55212116241455,12.55212116241455,3869,0.0,0.0
1988-02-02 00:00:00-05:00,0.0,12.768534842766117,12.660326957702637,12.660326957702637,16809,0.0,0.0
1988-02-03 00:00:00-05:00,0.0,12.768534842766117,12.660326957702637,12.660326957702637,21211,0.0,0.0
1988-02-04 00:00:00-05:00,0.0,12.76853356099658,12.606221199035646,12.606221199035645,1201,0.0,0.0
1988-02-05 00:00:00-05:00,0.0,12.606222983694327,12.443910598754885,12.443910598754883,16409,0.0,0.0
1988-02-08 00:00:00-05:00,0.0,12.389809818168178,12.281601905822754,12.281601905822754,16542,0.0,0.0
1988-02-09 00:00:00-05:00,0.0,12.389809818168178,12.281601905822754,12.281601905822754,48025,0.0,0.0
1988-02-10 00:00:00-05:00,0.0,12.55211511149309,12.498010635375977,12.498010635375977,21878,0.0,0.0
1988-02-11 00:00:00-05:00,0.0,12.71443246637318,12.55212116241455,12.55212116241455,64033,0.0,0.0
1988-02-12 00:00:00-05:00,0.0,12.768539135097472,12.714434623718262,12.714434623718262,22678,0.0,0.0
1988-02-16 00:00:00-05:00,0.0,12.87674300601777,12.822638511657715,12.822638511657715,4402,0.0,0.0
1988-02-17 00:00:00-05:00,0.0,12.93084639905891,12.822638511657715,12.822638511657715,59898,0.0,0.0
1988-02-18 00:00:00-05:00,0.0,13.201369493506034,13.093161582946776,13.093161582946777,15608,0.0,0.0
1988-02-19 00:00:00-05:00,0.0,13.850612323227075,13.796507835388184,13.796507835388184,34018,0.0,0.0
1988-02-22 00:00:00-05:00,0.0,13.850612323227075,13.796507835388184,13.796507835388184,13607,0.0,0.0
1988-02-23 00:00:00-05:00,0.0,13.958824361717202,13.850616455078127,13.850616455078125,14674,0.0,0.0
1988-02-24 00:00:00-05:00,0.0,14.445759973369992,14.337552070617676,14.337552070617676,17743,0.0,0.0
1988-02-25 00:00:00-05:00,0.0,14.824486111443107,14.716277122497557,14.716277122497559,85911,0.0,0.0
1988-02-26 00:00:00-05:00,0.0,14.932695139991447,14.770383834838867,14.770383834838867,18143,0.0,0.0
1988-02-29 00:00:00-05:00,0.0,14.932685366599786,14.878582000732422,14.878582000732422,36952,0.0,0.0
1988-03-01 00:00:00-05:00,0.0,15.257311631297833,15.094999313354492,15.094999313354492,18943,0.0,0.0
1988-03-02 00:00:00-05:00,0.0,15.798355275028607,15.690147399902342,15.690147399902344,58030,0.0,0.0
1988-03-03 00:00:00-05:00,0.0,15.527838906427515,15.419631004333496,15.419631004333496,11072,0.0,0.0
1988-03-04 00:00:00-05:00,0.0,15.52784222996172,15.473737716674805,15.473737716674805,5870,0.0,0.0
1988-03-07 00:00:00-05:00,0.0,16.28528801527838,16.177080154418945,16.177080154418945,141273,0.0,0.0
1988-03-08 00:00:00-05:00,0.0,16.339392496367417,16.177080154418945,16.177080154418945,44556,0.0,0.0
1988-03-09 00:00:00-05:00,0.0,16.66401880691826,16.555810928344727,16.555810928344727,46157,0.0,0.0
1988-03-10 00:00:00-05:00,0.0,16.393502740192353,16.339399337768555,16.339399337768555,20944,0.0,0.0
1988-03-11 00:00:00-05:00,0.0,16.28528801527838,16.177080154418945,16.177080154418945,42022,0.0,0.0
1988-03-14 00:00:00-05:00,0.0,16.06887613964807,15.906563758850098,15.906563758850098,6003,0.0,0.0
1988-03-15 00:00:00-05:00,0.0,16.231189921244145,16.122982025146484,16.122982025146484,9472,0.0,0.0
1988-03-16 00:00:00-05:00,0.0,16.447607694311337,16.393503189086914,16.393503189086914,42555,0.0,0.0
1988-03-17 00:00:00-05:00,0.0,16.66401927111642,16.609914779663086,16.609914779663086,124064,0.0,0.0
1988-03-18 00:00:00-05:00,0.0,16.60991431697208,16.555810928344727,16.555810928344727,35618,0.0,0.0
1988-03-21 00:00:00-05:00,0.0,16.66401927111642,16.609914779663086,16.609914779663086,15341,0.0,0.0
1988-03-22 00:00:00-05:00,0.0,16.772226973174,16.718122482299805,16.718122482299805,47758,0.0,0.0
1988-03-23 00:00:00-05:00,0.0,16.555815396271022,16.501710891723633,16.501710891723633,267,0.0,0.0
1988-03-24 00:00:00-05:00,0.0,16.33939378246255,16.231185913085938,16.231185913085938,9605,0.0,0.0
1988-03-25 00:00:00-05:00,0.0,16.068874532430137,15.96066665649414,15.96066665649414,1067,0.0,0.0
1988-03-28 00:00:00-05:00,0.0,16.014772746928017,15.906563758850098,15.906563758850098,38020,0.0,0.0
1988-03-29 00:00:00-05:00,0.0,16.66402330404668,16.501710891723633,16.501710891723633,7871,0.0,0.0
1988-03-30 00:00:00-05:00,0.0,16.501710646359065,16.339399337768555,16.339399337768555,4002,0.0,0.0
1988-03-31 00:00:00-05:00,0.0,16.555815603441044,16.393503189086914,16.393503189086914,31883,0.0,0.0
1988-04-04 00:00:00-04:00,0.0,16.50171109821662,16.393503189086914,16.393503189086914,10139,0.0,0.0
1988-04-05 00:00:00-04:00,0.0,16.555815603441044,16.393503189086914,16.393503189086914,800,0.0,0.0
1988-04-06 00:00:00-04:00,0.0,16.60991431697208,16.555810928344727,16.555810928344727,5470,0.0,0.0
1988-04-07 00:00:00-04:00,0.0,16.66401880691826,16.555810928344727,16.555810928344727,8138,0.0,0.0
1988-04-08 00:00:00-04:00,0.0,16.718122019037583,16.664018630981445,16.664018630981445,6537,0.0,0.0
1988-04-11 00:00:00-04:00,0.0,16.60991431697208,16.555810928344727,16.555810928344727,19744,0.0,0.0
1988-04-12 00:00:00-04:00,0.0,16.880432290267443,16.77222442626953,16.77222442626953,20010,0.0,0.0
1988-04-13 00:00:00-04:00,0.0,16.880432290267443,16.77222442626953,16.77222442626953,41221,0.0,0.0
1988-04-14 00:00:00-04:00,0.0,16.82632780760915,16.77222442626953,16.77222442626953,45223,0.0,0.0
1988-04-15 00:00:00-04:00,0.0,17.0968592104694,16.988651275634766,16.988651275634766,48425,0.0,0.0
1988-04-18 00:00:00-04:00,0.0,16.555816865129945,16.447608947753906,16.447608947753906,12406,0.0,0.0
1988-04-19 00:00:00-04:00,0.0,16.609918799499287,16.501710891723633,16.501710891723633,9472,0.0,0.0
1988-04-20 00:00:00-04:00,0.0,16.609918799499287,16.501710891723633,16.501710891723633,1334,0.0,0.0
1988-04-21 00:00:00-04:00,0.0,16.609918799499287,16.501710891723633,16.501710891723633,934,0.0,0.0
1988-04-22 00:00:00-04:00,0.0,16.66401880691826,16.555810928344727,16.555810928344727,400,0.0,0.0
1988-04-25 00:00:00-04:00,0.0,16.880432290267443,16.77222442626953,16.77222442626953,6137,0.0,0.0
1988-04-26 00:00:00-04:00,0.0,16.880432290267443,16.77222442626953,16.77222442626953,14941,0.0,0.0
1988-04-27 00:00:00-04:00,0.0,16.82633036272935,16.718122482299805,16.718122482299805,11606,0.0,0.0
1988-04-28 00:00:00-04:00,0.0,16.93453567160706,16.77222442626953,16.77222442626953,1067,0.0,0.0
1988-04-29 00:00:00-04:00,0.0,16.93453567160706,16.77222442626953,16.77222442626953,133,0.0,0.0
1988-05-02 00:00:00-04:00,0.0,16.82633036272935,16.718122482299805,16.718122482299805,800,0.0,0.0
1988-05-03 00:00:00-04:00,0.0,16.88043485360355,16.718122482299805,16.718122482299805,1334,0.0,0.0
1988-05-04 00:00:00-04:00,0.0,16.82633036272935,16.718122482299805,16.718122482299805,5870,0.0,0.0
1988-05-05 00:00:00-04:00,0.0,16.82633036272935,16.718122482299805,16.718122482299805,133,0.0,0.0
1988-05-06 00:00:00-04:00,0.0,16.718122661250895,16.609914779663086,16.609914779663086,69503,0.0,0.0
1988-05-09 00:00:00-04:00,0.0,16.231190575173432,16.068878173828125,16.068878173828125,20277,0.0,0.0
1988-05-10 00:00:00-04:00,0.0,16.393497166491493,16.231185913085938,16.231185913085938,1334,0.0,0.0
1988-05-11 00:00:00-04:00,0.0,16.014772746928017,15.906563758850098,15.906563758850098,23612,0.0,0.0
1988-05-12 00:00:00-04:00,0.0,16.0688834619296,16.014780044555664,16.014780044555664,82843,0.0,0.0
1988-05-13 00:00:00-04:00,0.0,16.28528929711488,16.231185913085938,16.231185913085938,57096,0.0,0.0
1988-05-16 00:00:00-04:00,0.0,16.501710646359065,16.339399337768555,16.339399337768555,16142,0.0,0.0
1988-05-17 00:00:00-04:00,0.0,16.50171109821662,16.393503189086914,16.393503189086914,8538,0.0,0.0
1988-05-18 00:00:00-04:00,0.0,16.339392496367417,16.177080154418945,16.177080154418945,17209,0.0,0.0
1988-05-19 00:00:00-04:00,0.0,16.231189921244145,16.122982025146484,16.122982025146484,8404,0.0,0.0
1988-05-20 00:00:00-04:00,0.0,16.014772746928017,15.906563758850098,15.906563758850098,2935,0.0,0.0
1988-05-23 00:00:00-04:00,0.0,15.852459129538822,15.744251251220705,15.744251251220703,19477,0.0,0.0
1988-05-24 00:00:00-04:00,0.0,16.06887613964807,15.906563758850098,15.906563758850098,11473,0.0,0.0
1988-05-25 00:00:00-04:00,0.0,16.068874532430137,15.96066665649414,15.96066665649414,2668,0.0,0.0
1988-05-26 00:00:00-04:00,0.0,16.01477114512154,15.96066665649414,15.96066665649414,22945,0.0,0.0
1988-05-27 00:00:00-04:00,0.0,15.636050155216248,15.473737716674805,15.473737716674805,48292,0.0,0.0
1988-05-31 00:00:00-04:00,0.0,15.798355275028607,15.690147399902342,15.690147399902344,5203,0.0,0.0
1988-06-01 00:00:00-04:00,0.0,15.744250786806079,15.690147399902342,15.690147399902344,1201,0.0,0.0
1988-06-02 00:00:00-04:00,0.0,15.636044687034031,15.527836799621582,15.527836799621582,18676,0.0,0.0
1988-06-03 00:00:00-04:00,0.0,15.744249507569616,15.636041641235353,15.636041641235352,6137,0.0,0.0
1988-06-06 00:00:00-04:00,0.0,15.74425303749175,15.581940650939941,15.581940650939941,133,0.0,0.0
1988-06-07 00:00:00-04:00,0.0,15.636044687034031,15.527836799621582,15.527836799621582,3468,0.0,0.0
1988-06-08 00:00:00-04:00,0.0,15.690149642853779,15.581940650939941,15.581940650939941,8138,0.0,0.0
1988-06-09 00:00:00-04:00,0.0,15.690149181399715,15.527836799621582,15.527836799621582,6537,0.0,0.0
1988-06-10 00:00:00-04:00,0.0,15.690146125061835,15.636041641235353,15.636041641235352,13740,0.0,0.0
1988-06-13 00:00:00-04:00,0.0,15.74425303749175,15.581940650939941,15.581940650939941,133,0.0,0.0
1988-06-14 00:00:00-04:00,0.0,15.852458661932344,15.690147399902342,15.690147399902344,20277,0.0,0.0
1988-06-15 00:00:00-04:00,0.0,15.798355275028607,15.690147399902342,15.690147399902344,1201,0.0,0.0
1988-06-16 00:00:00-04:00,0.0,15.636050155216248,15.473737716674805,15.473737716674805,11473,0.0,0.0
1988-06-17 00:00:00-04:00,0.0,15.7983539913961,15.636041641235353,15.636041641235352,1601,0.0,0.0
1988-06-20 00:00:00-04:00,0.0,15.74425303749175,15.581940650939941,15.581940650939941,8004,0.0,0.0
1988-06-21 00:00:00-04:00,0.0,15.852458661932344,15.690147399902342,15.690147399902344,21478,0.0,0.0
1988-06-22 00:00:00-04:00,0.0,15.7983539913961,15.636041641235353,15.636041641235352,6804,0.0,0.0
1988-06-23 00:00:00-04:00,0.0,15.420199701456601,15.25731086730957,15.25731086730957,4536,0.096,0.0
1988-06-24 00:00:00-04:00,0.0,15.148709666986631,14.985819816589355,14.985819816589355,3602,0.0,0.0
1988-06-27 00:00:00-04:00,0.0,15.040121345949258,14.877232551574705,14.877232551574707,11339,0.0,0.0
1988-06-28 00:00:00-04:00,0.0,15.040121345949258,14.877232551574705,14.877232551574707,17476,0.0,0.0
1988-06-29 00:00:00-04:00,0.0,15.094404348901922,14.93151569366455,14.93151569366455,41888,0.0,0.0
1988-06-30 00:00:00-04:00,0.0,15.148709666986631,14.985819816589355,14.985819816589355,28148,0.0,0.0
1988-07-01 00:00:00-04:00,0.0,15.040108498901642,14.93151569366455,14.93151569366455,88713,0.0,0.0
1988-07-05 00:00:00-04:00,0.0,15.094404348901922,14.93151569366455,14.93151569366455,61365,0.0,0.0
1988-07-06 00:00:00-04:00,0.0,15.528786554231097,15.420193672180176,15.420193672180176,138205,0.0,0.0
1988-07-07 00:00:00-04:00,0.0,16.017458836193118,15.908865928649902,15.908865928649902,57363,0.0,0.0
1988-07-08 00:00:00-04:00,0.0,15.908861506482621,15.854565620422365,15.854565620422363,7070,0.0,0.0
1988-07-11 00:00:00-04:00,0.0,16.126043182533635,16.0174503326416,16.0174503326416,39887,0.0,0.0
1988-07-12 00:00:00-04:00,0.0,16.886193474056427,16.723304748535156,16.723304748535156,21478,0.0,0.0
1988-07-13 00:00:00-04:00,0.0,17.157677989824094,17.103382110595703,17.103382110595703,69236,0.0,0.0
1988-07-14 00:00:00-04:00,0.0,17.80923832972575,17.700645446777344,17.700645446777344,72171,0.0,0.0
1988-07-15 00:00:00-04:00,0.0,17.374865073420512,17.320568084716797,17.320568084716797,29882,0.0,0.0
1988-07-18 00:00:00-04:00,0.0,17.26627208599753,17.21197509765625,17.21197509765625,117528,0.0,0.0
1988-07-19 00:00:00-04:00,0.0,17.21198022545179,17.157684326171875,17.157684326171875,105255,0.0,0.0
1988-07-20 00:00:00-04:00,0.0,18.732275691526322,18.62368392944336,18.62368392944336,157949,0.0,0.0
1988-07-21 00:00:00-04:00,0.0,19.166647642497605,19.058055877685547,19.058055877685547,50426,0.0,0.0
1988-07-22 00:00:00-04:00,0.0,18.949461971900558,18.84086799621582,18.84086799621582,98584,0.0,0.0
1988-07-25 00:00:00-04:00,0.0,19.003758775862593,18.949462890625,18.949462890625,83510,0.0,0.0
1988-07-26 00:00:00-04:00,0.0,18.895166089295387,18.84086799621582,18.84086799621582,62432,0.0,0.0
1988-07-27 00:00:00-04:00,0.0,19.220942221314413,19.112350463867188,19.112350463867188,61899,0.0,0.0
1988-07-28 00:00:00-04:00,0.0,19.60101575739842,19.49242401123047,19.49242401123047,111524,0.0,0.0
1988-07-29 00:00:00-04:00,0.0,19.49242628672959,19.32953643798828,19.32953643798828,35618,0.0,0.0
1988-08-01 00:00:00-04:00,0.0,19.49242628672959,19.32953643798828,19.32953643798828,7337,0.0,0.0
1988-08-02 00:00:00-04:00,0.0,19.220946663366377,19.166650772094727,19.166650772094727,7337,0.0,0.0
1988-08-03 00:00:00-04:00,0.0,19.11235275681228,18.949462890625,18.949462890625,119795,0.0,0.0
1988-08-04 00:00:00-04:00,0.0,18.840868685688115,18.732276916503906,18.732276916503906,9071,0.0,0.0
1988-08-05 00:00:00-04:00,0.0,18.460789874608526,18.297901153564453,18.297901153564453,2001,0.0,0.0
1988-08-08 00:00:00-04:00,0.0,18.51508747889291,18.352197647094727,18.352197647094727,20010,0.0,0.0
1988-08-09 00:00:00-04:00,0.0,18.352199925876654,18.18931007385254,18.18931007385254,114593,0.0,0.0
1988-08-10 00:00:00-04:00,0.0,17.700645342022536,17.592052459716797,17.592052459716797,63366,0.0,0.0
1988-08-11 00:00:00-04:00,0.0,18.46079422411889,18.243608474731445,18.243608474731445,80042,0.0,0.0
1988-08-12 00:00:00-04:00,0.0,18.02641423684629,17.972118377685547,17.972118377685547,11873,0.0,0.0
1988-08-15 00:00:00-04:00,0.0,18.080723224520888,17.91783332824707,17.91783332824707,14141,0.0,0.0
1988-08-16 00:00:00-04:00,0.0,17.9178308150187,17.863534927368164,17.863534927368164,43889,0.0,0.0
1988-08-17 00:00:00-04:00,0.0,17.86353209416273,17.75493812561035,17.75493812561035,5203,0.0,0.0
1988-08-18 00:00:00-04:00,0.0,18.18931075926581,18.080718994140625,18.080718994140625,31083,0.0,0.0
1988-08-19 00:00:00-04:00,0.0,18.297904045360053,18.18931007385254,18.18931007385254,26280,0.0,0.0
1988-08-22 00:00:00-04:00,0.0,18.135007060404497,17.972118377685547,17.972118377685547,10005,0.0,0.0
1988-08-23 00:00:00-04:00,0.0,18.080711201243755,17.972118377685547,17.972118377685547,8538,0.0,0.0
1988-08-24 00:00:00-04:00,0.0,17.8635335150844,17.809236526489258,17.809236526489258,38153,0.0,0.0
1988-08-25 00:00:00-04:00,0.0,17.592053668507024,17.42916488647461,17.42916488647461,29482,0.0,0.0
1988-08-26 00:00:00-04:00,0.0,17.374864957442888,17.21197509765625,17.21197509765625,23212,0.0,0.0
1988-08-29 00:00:00-04:00,0.0,17.049089938022593,16.994792938232422,16.994792938232422,58430,0.0,0.0
1988-08-30 00:00:00-04:00,0.0,16.99479092530398,16.886198043823242,16.886198043823242,3602,0.0,0.0
1988-08-31 00:00:00-04:00,0.0,16.397525648787024,16.28893280029297,16.28893280029297,15341,0.0,0.0
1988-09-01 00:00:00-04:00,0.0,16.397524210485827,16.234634399414062,16.234634399414062,15074,0.0,0.0
1988-09-02 00:00:00-04:00,0.0,16.669011962045364,16.5604190826416,16.5604190826416,18943,0.0,0.0
1988-09-06 00:00:00-04:00,0.0,16.506117199022377,16.34322738647461,16.34322738647461,133,0.0,0.0
1988-09-07 00:00:00-04:00,0.0,16.831898090503906,16.669008255004883,16.669008255004883,6270,0.0,0.0
1988-09-08 00:00:00-04:00,16.669008255004883,16.669008255004883,16.669008255004883,16.669008255004883,0,0.0,0.0
1988-09-09 00:00:00-04:00,0.0,16.669011962045364,16.5604190826416,16.5604190826416,18676,0.0,0.0
1988-09-12 00:00:00-04:00,0.0,16.886193474056427,16.723304748535156,16.723304748535156,1334,0.0,0.0
1988-09-13 00:00:00-04:00,0.0,16.99479092530398,16.886198043823242,16.886198043823242,29482,0.0,0.0
1988-09-14 00:00:00-04:00,0.0,17.04908791866301,16.886198043823242,16.886198043823242,14674,0.0,0.0
1988-09-15 00:00:00-04:00,0.0,17.103388343363612,17.049091339111328,17.049091339111328,26947,0.0,0.0
1988-09-16 00:00:00-04:00,0.0,17.374864957442888,17.21197509765625,17.21197509765625,2668,0.0,0.0
1988-09-19 00:00:00-04:00,0.0,17.483457447322454,17.37486457824707,17.37486457824707,44556,0.0,0.0
1988-09-20 00:00:00-04:00,0.0,17.15768424237836,17.049091339111328,17.049091339111328,54695,0.0,0.0
1988-09-21 00:00:00-04:00,0.0,17.103388343363612,17.049091339111328,17.049091339111328,3068,0.0,0.0
1988-09-22 00:00:00-04:00,0.0,16.77760111025855,16.669008255004883,16.669008255004883,5470,0.0,0.0
1988-09-23 00:00:00-04:00,0.0,16.83189760062834,16.723304748535156,16.723304748535156,12140,0.0,0.0
1988-09-26 00:00:00-04:00,16.723304748535156,16.723304748535156,16.723304748535156,16.723304748535156,0,0.0,0.0
1988-09-27 00:00:00-04:00,0.0,16.886193474056427,16.723304748535156,16.723304748535156,16542,0.0,0.0
1988-09-28 00:00:00-04:00,0.0,16.994784536616326,16.83189582824707,16.83189582824707,27348,0.0,0.0
1988-09-29 00:00:00-04:00,0.0,17.103384912022037,16.886198043823242,16.886198043823242,20677,0.0,0.0
1988-09-30 00:00:00-04:00,0.0,16.99479092530398,16.886198043823242,16.886198043823242,2668,0.0,0.0
1988-10-03 00:00:00-04:00,0.0,16.669013275784756,16.50612449645996,16.50612449645996,4802,0.0,0.0
1988-10-04 00:00:00-04:00,0.0,16.72330895436589,16.5604190826416,16.5604190826416,934,0.0,0.0
1988-10-05 00:00:00-04:00,0.0,16.451821520415564,16.28893280029297,16.28893280029297,400,0.0,0.0
1988-10-06 00:00:00-04:00,0.0,16.234645176884683,16.07175636291504,16.07175636291504,2801,0.0,0.0
1988-10-07 00:00:00-04:00,0.0,16.56041836144406,16.39752960205078,16.39752960205078,28682,0.0,0.0
1988-10-10 00:00:00-04:00,0.0,16.61471596623943,16.451826095581055,16.451826095581055,2001,0.0,0.0
1988-10-11 00:00:00-04:00,0.0,16.669011962045364,16.5604190826416,16.5604190826416,13607,0.0,0.0
1988-10-12 00:00:00-04:00,0.0,16.61471738442228,16.50612449645996,16.50612449645996,18810,0.0,0.0
1988-10-13 00:00:00-04:00,0.0,17.103386937812765,16.994792938232422,16.994792938232422,9738,0.0,0.0
1988-10-14 00:00:00-04:00,0.0,16.994786954279004,16.77760124206543,16.77760124206543,400,0.0,0.0
1988-10-17 00:00:00-04:00,0.0,16.831898090503906,16.669008255004883,16.669008255004883,400,0.0,0.0
1988-10-18 00:00:00-04:00,0.0,16.994784536616326,16.83189582824707,16.83189582824707,267,0.0,0.0
1988-10-19 00:00:00-04:00,0.0,17.04908791866301,16.886198043823242,16.886198043823242,400,0.0,0.0
1988-10-20 00:00:00-04:00,0.0,17.04908165690456,16.940488815307617,16.940488815307617,8938,0.0,0.0
1988-10-21 00:00:00-04:00,16.940488815307617,16.940488815307617,16.940488815307617,16.940488815307617,0,0.0,0.0
1988-10-24 00:00:00-04:00,0.0,16.723304612685652,16.61471176147461,16.61471176147461,267,0.0,0.0
1988-10-25 00:00:00-04:00,0.0,17.15768424237836,17.049091339111328,17.049091339111328,55229,0.0,0.0
1988-10-26 00:00:00-04:00,0.0,17.374865073420512,17.320568084716797,17.320568084716797,17209,0.0,0.0
1988-10-27 00:00:00-04:00,0.0,17.103386937812765,16.994792938232422,16.994792938232422,13607,0.0,0.0
1988-10-28 00:00:00-04:00,0.0,16.940488668905537,16.83189582824707,16.83189582824707,5603,0.0,0.0
1988-10-31 00:00:00-05:00,0.0,17.320567969101607,17.21197509765625,17.21197509765625,39487,0.0,0.0
1988-11-01 00:00:00-05:00,0.0,16.994784536616326,16.83189582824707,16.83189582824707,9071,0.0,0.0
1988-11-02 00:00:00-05:00,0.0,16.83189760062834,16.723304748535156,16.723304748535156,43089,0.0,0.0
1988-11-03 00:00:00-05:00,0.0,16.940488668905537,16.83189582824707,16.83189582824707,15608,0.0,0.0
1988-11-04 00:00:00-05:00,0.0,16.397529374261815,16.180343627929688,16.180343627929688,8938,0.0,0.0
1988-11-07 00:00:00-05:00,0.0,15.854561668957514,15.74596881866455,15.74596881866455,73905,0.0,0.0
1988-11-08 00:00:00-05:00,0.0,16.12604463491273,15.963154792785645,15.963154792785645,21344,0.0,0.0
1988-11-09 00:00:00-05:00,0.0,16.071748757695094,15.963154792785645,15.963154792785645,53228,0.0,0.0
1988-11-10 00:00:00-05:00,0.0,16.07175584258351,15.908865928649902,15.908865928649902,10539,0.0,0.0
1988-11-11 00:00:00-05:00,0.0,16.017458836193118,15.908865928649902,15.908865928649902,11473,0.0,0.0
1988-11-14 00:00:00-05:00,0.0,16.180344125270004,16.126047134399414,16.126047134399414,40154,0.0,0.0
1988-11-15 00:00:00-05:00,0.0,16.451821520415564,16.28893280029297,16.28893280029297,12807,0.0,0.0
1988-11-16 00:00:00-05:00,0.0,16.994784536616326,16.83189582824707,16.83189582824707,18276,0.0,0.0
1988-11-17 00:00:00-05:00,0.0,17.86353209416273,17.75493812561035,17.75493812561035,43623,0.0,0.0
1988-11-18 00:00:00-05:00,0.0,17.80923832972575,17.700645446777344,17.700645446777344,9738,0.0,0.0
1988-11-21 00:00:00-05:00,0.0,17.86353532381862,17.700645446777344,17.700645446777344,12140,0.0,0.0
1988-11-22 00:00:00-05:00,0.0,17.646350763904998,17.537757873535156,17.537757873535156,18943,0.0,0.0
1988-11-23 00:00:00-05:00,0.0,17.700645342022536,17.592052459716797,17.592052459716797,3869,0.0,0.0
1988-11-25 00:00:00-05:00,0.0,17.75494264632316,17.646350860595703,17.646350860595703,23479,0.0,0.0
1988-11-28 00:00:00-05:00,0.0,17.700645342022536,17.592052459716797,17.592052459716797,13474,0.0,0.0
1988-11-29 00:00:00-05:00,0.0,18.243607059606294,18.18931007385254,18.18931007385254,27614,0.0,0.0
1988-11-30 00:00:00-05:00,0.0,18.18931075926581,18.080718994140625,18.080718994140625,48959,0.0,0.0
1988-12-01 00:00:00-05:00,0.0,17.86353209416273,17.75493812561035,17.75493812561035,934,0.0,0.0
1988-12-02 00:00:00-05:00,0.0,17.75494264632316,17.646350860595703,17.646350860595703,16275,0.0,0.0
1988-12-05 00:00:00-05:00,0.0,17.75494123055675,17.592052459716797,17.592052459716797,8004,0.0,0.0
1988-12-06 00:00:00-05:00,0.0,17.75494254903744,17.537757873535156,17.537757873535156,2935,0.0,0.0
1988-12-07 00:00:00-05:00,0.0,17.592050316397835,17.37486457824707,17.37486457824707,13740,0.0,0.0
1988-12-08 00:00:00-05:00,0.0,17.48345794559073,17.320568084716797,17.320568084716797,12006,0.0,0.0
1988-12-09 00:00:00-05:00,0.0,17.646351272876558,17.483461380004883,17.483461380004883,22011,0.0,0.0
1988-12-12 00:00:00-05:00,0.0,17.592053668507024,17.42916488647461,17.42916488647461,9872,0.0,0.0
1988-12-13 00:00:00-05:00,0.0,17.700647167008828,17.483461380004883,17.483461380004883,4002,0.0,0.0
1988-12-14 00:00:00-05:00,0.0,18.135011536272895,18.026418685913086,18.026418685913086,36019,0.0,0.0
1988-12-15 00:00:00-05:00,0.0,18.135007060404497,17.972118377685547,17.972118377685547,16809,0.0,0.0
1988-12-16 00:00:00-05:00,0.0,18.13501911978719,17.91783332824707,17.91783332824707,15875,0.0,0.0
1988-12-19 00:00:00-05:00,0.0,18.786562596428777,18.67797088623047,18.67797088623047,56162,0.0,0.0
1988-12-20 00:00:00-05:00,0.0,18.35220134942517,18.243608474731445,18.243608474731445,4802,0.0,0.0
1988-12-21 00:00:00-05:00,0.0,18.406498339390648,18.243608474731445,18.243608474731445,4135,0.0,0.0
1988-12-22 00:00:00-05:00,0.0,18.46079422411889,18.243608474731445,18.243608474731445,8271,0.0,0.0
1988-12-23 00:00:00-05:00,0.0,17.80923822432828,17.592052459716797,17.592052459716797,14274,0.0,1.05
1988-12-27 00:00:00-05:00,0.0,18.699699604743692,18.471654891967773,18.471654891967773,1779,0.0,0.0
1988-12-28 00:00:00-05:00,0.0,18.58567446136129,18.357629776000977,18.357629776000977,1016,0.0,0.0
1988-12-29 00:00:00-05:00,0.0,18.585681357199643,18.414648056030273,18.414648056030273,9529,0.0,0.0
1988-12-30 00:00:00-05:00,0.0,18.699699604743692,18.471654891967773,18.471654891967773,4447,0.0,0.0
1989-01-03 00:00:00-05:00,0.0,18.81371814358133,18.58567237854004,18.58567237854004,254,0.0,0.0
1989-01-04 00:00:00-05:00,0.0,18.756707527654473,18.64268684387207,18.64268684387207,36082,0.0,0.0
1989-01-05 00:00:00-05:00,0.0,18.756705597083986,18.58567237854004,18.58567237854004,3939,0.0,0.0
1989-01-06 00:00:00-05:00,0.0,18.585681357199643,18.414648056030273,18.414648056030273,2287,0.0,0.0
1989-01-09 00:00:00-05:00,0.0,18.642687639614703,18.528663635253906,18.528663635253906,0,0.0,0.0
1989-01-10 00:00:00-05:00,0.0,18.813722309624943,18.69969940185547,18.69969940185547,5844,0.0,0.0
1989-01-11 00:00:00-05:00,0.0,18.927736256495972,18.870723724365234,18.870723724365234,13086,0.0,0.0
1989-01-12 00:00:00-05:00,0.0,18.870731043152006,18.7567081451416,18.7567081451416,40148,0.0,0.0
1989-01-13 00:00:00-05:00,0.0,18.870731043152006,18.7567081451416,18.7567081451416,889,0.0,0.0
1989-01-16 00:00:00-05:00,0.0,18.756707527654473,18.64268684387207,18.64268684387207,1779,0.0,0.0
1989-01-17 00:00:00-05:00,0.0,18.813720080019944,18.64268684387207,18.64268684387207,1143,0.0,0.0
1989-01-18 00:00:00-05:00,0.0,18.64268925547767,18.471654891967773,18.471654891967773,10291,0.0,0.0
1989-01-19 00:00:00-05:00,0.0,18.072570156705762,17.90153694152832,17.90153694152832,15500,0.0,0.0
1989-01-20 00:00:00-05:00,0.0,18.072571281648397,17.95854949951172,17.95854949951172,5336,0.0,0.0
1989-01-23 00:00:00-05:00,0.0,18.300612729452347,18.129579544067383,18.129579544067383,19820,0.0,0.0
1989-01-24 00:00:00-05:00,0.0,18.58567446136129,18.357629776000977,18.357629776000977,1271,0.0,0.0
1989-01-25 00:00:00-05:00,18.357629776000977,18.357629776000977,18.357629776000977,18.357629776000977,0,0.0,0.0
1989-01-26 00:00:00-05:00,0.0,18.300619927362167,18.243608474731445,18.243608474731445,7115,0.0,0.0
1989-01-27 00:00:00-05:00,0.0,18.642687639614703,18.528663635253906,18.528663635253906,1525,0.0,0.0
1989-01-30 00:00:00-05:00,0.0,18.699695261060683,18.58567237854004,18.58567237854004,13467,0.0,0.0
1989-01-31 00:00:00-05:00,0.0,18.528669888397335,18.414648056030273,18.414648056030273,1016,0.0,0.0
1989-02-01 00:00:00-05:00,0.0,18.243612535587268,18.015567779541016,18.015567779541016,508,0.0,0.0
1989-02-02 00:00:00-05:00,0.0,18.300618815079357,18.186595916748047,18.186595916748047,6861,0.0,0.0
1989-02-03 00:00:00-05:00,0.0,18.24360129924509,18.129579544067383,18.129579544067383,1398,0.0,0.0
1989-02-06 00:00:00-05:00,0.0,18.129585261553867,18.072572708129883,18.072572708129883,8131,0.0,0.0
1989-02-07 00:00:00-05:00,0.0,18.24360129924509,18.129579544067383,18.129579544067383,8639,0.0,0.0
1989-02-08 00:00:00-05:00,0.0,18.471652671299708,18.357629776000977,18.357629776000977,65558,0.0,0.0
1989-02-09 00:00:00-05:00,0.0,18.642687639614703,18.528663635253906,18.528663635253906,6607,0.0,0.0
1989-02-10 00:00:00-05:00,0.0,18.699697983939327,18.528663635253906,18.528663635253906,16898,0.0,0.0
1989-02-13 00:00:00-05:00,0.0,18.41464283262361,18.243608474731445,18.243608474731445,1906,0.0,0.0
1989-02-14 00:00:00-05:00,0.0,18.471652671299708,18.357629776000977,18.357629776000977,7369,0.0,0.0
1989-02-15 00:00:00-05:00,0.0,18.471651550588685,18.300617218017578,18.300617218017578,0,0.0,0.0
1989-02-16 00:00:00-05:00,0.0,18.350879706663836,18.236543655395508,18.236543655395508,1525,0.0865,0.0
1989-02-17 00:00:00-05:00,0.0,18.23654740698737,18.065044403076172,18.065044403076172,4955,0.0,0.0
1989-02-21 00:00:00-05:00,0.0,17.893538539117046,17.722034454345703,17.722034454345703,40910,0.0,0.0
1989-02-22 00:00:00-05:00,0.0,18.179372813053373,17.950700759887695,17.950700759887695,6861,0.0,0.0
1989-02-23 00:00:00-05:00,0.0,18.63672250104494,18.465219497680664,18.465219497680664,2541,0.0,0.0
1989-02-24 00:00:00-05:00,0.0,18.63672250104494,18.465219497680664,18.465219497680664,2160,0.0,0.0
1989-02-27 00:00:00-05:00,0.0,18.408050592348097,18.29371452331543,18.29371452331543,5844,0.0,0.0
1989-02-28 00:00:00-05:00,0.0,18.350879706663836,18.236543655395508,18.236543655395508,29222,0.0,0.0
1989-03-01 00:00:00-05:00,0.0,18.179374862260904,18.12220573425293,18.12220573425293,32398,0.0,0.0
1989-03-02 00:00:00-05:00,0.0,18.350879706663836,18.236543655395508,18.236543655395508,25283,0.0,0.0
1989-03-03 00:00:00-05:00,0.0,18.293709793459396,18.12220573425293,18.12220573425293,2922,0.0,0.0
1989-03-06 00:00:00-05:00,0.0,17.664870364463187,17.493366241455078,17.493366241455078,28840,0.0,0.0
1989-03-07 00:00:00-05:00,0.0,17.722036417077444,17.60770034790039,17.60770034790039,12832,0.0,0.0
1989-03-08 00:00:00-05:00,0.0,17.550534282457782,17.493366241455078,17.493366241455078,3176,0.0,0.0
1989-03-09 00:00:00-05:00,0.0,17.436201176037223,17.32186508178711,17.32186508178711,6607,0.0,0.0
1989-03-10 00:00:00-05:00,0.0,17.379030289436482,17.264694213867188,17.264694213867188,4066,0.0,0.0
1989-03-13 00:00:00-05:00,0.0,17.607696423454332,17.436193466186523,17.436193466186523,88554,0.0,0.0
1989-03-14 00:00:00-05:00,0.0,17.779204451665972,17.60770034790039,17.60770034790039,7623,0.0,0.0
1989-03-15 00:00:00-05:00,0.0,18.1793756948689,18.007871627807617,18.007871627807617,20582,0.0,0.0
1989-03-16 00:00:00-05:00,0.0,18.1222065642426,18.007871627807617,18.007871627807617,18803,0.0,0.0
1989-03-17 00:00:00-05:00,0.0,17.664863610924886,17.550527572631836,17.550527572631836,62890,0.0,0.0
1989-03-20 00:00:00-05:00,0.0,17.321861194689408,17.150358200073242,17.150358200073242,7623,0.0,0.0
1989-03-21 00:00:00-05:00,0.0,17.550528401607554,17.436193466186523,17.436193466186523,21980,0.0,0.0
1989-03-22 00:00:00-05:00,0.0,17.436198327221128,17.264694213867188,17.264694213867188,17025,0.0,0.0
1989-03-23 00:00:00-05:00,0.0,17.436201176037223,17.32186508178711,17.32186508178711,5590,0.0,0.0
1989-03-27 00:00:00-05:00,0.0,17.49336811488926,17.32186508178711,17.32186508178711,381,0.0,0.0
1989-03-28 00:00:00-05:00,0.0,17.83636460948851,17.66486167907715,17.66486167907715,19312,0.0,0.0
1989-03-29 00:00:00-05:00,0.0,17.836371377981724,17.60770034790039,17.60770034790039,5082,0.0,0.0
1989-03-30 00:00:00-05:00,0.0,17.607702323460483,17.493366241455078,17.493366241455078,1143,0.0,0.0
1989-03-31 00:00:00-05:00,0.0,17.436201176037223,17.32186508178711,17.32186508178711,1525,0.0,0.0
1989-04-03 00:00:00-04:00,0.0,17.607702323460483,17.493366241455078,17.493366241455078,1779,0.0,0.0
1989-04-04 00:00:00-04:00,0.0,17.779204451665972,17.60770034790039,17.60770034790039,29094,0.0,0.0
1989-04-05 00:00:00-04:00,0.0,17.664863610924886,17.550527572631836,17.550527572631836,5336,0.0,0.0
1989-04-06 00:00:00-04:00,0.0,17.436197392171504,17.2075252532959,17.2075252532959,1652,0.0,0.0
1989-04-07 00:00:00-04:00,0.0,17.20752903454725,17.036026000976562,17.036026000976562,19820,0.0,0.0
1989-04-10 00:00:00-04:00,0.0,17.036023233243235,16.864519119262695,16.864519119262695,13213,0.0,0.0
1989-04-11 00:00:00-04:00,0.0,17.264693160393094,17.150358200073242,17.150358200073242,1398,0.0,0.0
1989-04-12 00:00:00-04:00,0.0,17.379033128912166,17.32186508178711,17.32186508178711,10799,0.0,0.0
1989-04-13 00:00:00-04:00,0.0,17.207525126096783,17.150358200073242,17.150358200073242,14484,0.0,0.0
1989-04-14 00:00:00-04:00,0.0,17.49336811488926,17.32186508178711,17.32186508178711,17406,0.0,0.0
1989-04-17 00:00:00-04:00,0.0,17.321861194689408,17.150358200073242,17.150358200073242,889,0.0,0.0
1989-04-18 00:00:00-04:00,0.0,17.436198327221128,17.264694213867188,17.264694213867188,17152,0.0,0.0
1989-04-19 00:00:00-04:00,0.0,17.264697081828487,17.036026000976562,17.036026000976562,1652,0.0,0.0
1989-04-20 00:00:00-04:00,0.0,16.92168046743087,16.807344436645508,16.807344436645508,35193,0.0,0.0
1989-04-21 00:00:00-04:00,0.0,17.093183527853775,16.97884750366211,16.97884750366211,35193,0.0,0.0
1989-04-24 00:00:00-04:00,0.0,17.264693160393094,17.150358200073242,17.150358200073242,3430,0.0,0.0
1989-04-25 00:00:00-04:00,0.0,17.607702323460483,17.493366241455078,17.493366241455078,22615,0.0,0.0
1989-04-26 00:00:00-04:00,0.0,17.379030289436482,17.264694213867188,17.264694213867188,12197,0.0,0.0
1989-04-27 00:00:00-04:00,0.0,17.379029357452602,17.2075252532959,17.2075252532959,381,0.0,0.0
1989-04-28 00:00:00-04:00,0.0,17.379029357452602,17.2075252532959,17.2075252532959,11435,0.0,0.0
1989-05-01 00:00:00-04:00,0.0,17.436201176037223,17.32186508178711,17.32186508178711,8385,0.0,0.0
1989-05-02 00:00:00-04:00,0.0,17.83636460948851,17.66486167907715,17.66486167907715,7750,0.0,0.0
1989-05-03 00:00:00-04:00,0.0,17.83636940258728,17.722034454345703,17.722034454345703,17533,0.0,0.0
1989-05-04 00:00:00-04:00,0.0,17.83636940258728,17.722034454345703,17.722034454345703,762,0.0,0.0
1989-05-05 00:00:00-04:00,0.0,17.95070545910151,17.722034454345703,17.722034454345703,5590,0.0,0.0
1989-05-08 00:00:00-04:00,0.0,18.179380477865525,18.065044403076172,18.065044403076172,12578,0.0,0.0
1989-05-09 00:00:00-04:00,0.0,18.408047732297998,18.236543655395508,18.236543655395508,10926,0.0,0.0
1989-05-10 00:00:00-04:00,0.0,18.23654740698737,18.065044403076172,18.065044403076172,381,0.0,0.0
1989-05-11 00:00:00-04:00,0.0,17.95070640040904,17.779203414916992,17.779203414916992,21726,0.0,0.0
1989-05-12 00:00:00-04:00,0.0,17.779202482602816,17.722034454345703,17.722034454345703,7750,0.0,0.0
1989-05-15 00:00:00-04:00,0.0,17.55052937979044,17.379026412963867,17.379026412963867,127,0.0,0.0
1989-05-16 00:00:00-04:00,0.0,17.83636460948851,17.66486167907715,17.66486167907715,6607,0.0,0.0
1989-05-17 00:00:00-04:00,0.0,17.607702323460483,17.493366241455078,17.493366241455078,635,0.0,0.0
1989-05-18 00:00:00-04:00,0.0,17.379033128912166,17.32186508178711,17.32186508178711,20074,0.0,0.0
1989-05-19 00:00:00-04:00,0.0,17.72203163007141,17.550527572631836,17.550527572631836,26935,0.0,0.0
1989-05-22 00:00:00-04:00,0.0,17.607702323460483,17.493366241455078,17.493366241455078,5844,0.0,0.0
1989-05-23 00:00:00-04:00,0.0,17.607702323460483,17.493366241455078,17.493366241455078,1525,0.0,0.0
1989-05-24 00:00:00-04:00,0.0,17.49336811488926,17.32186508178711,17.32186508178711,1652,0.0,0.0
1989-05-25 00:00:00-04:00,0.0,17.607696423454332,17.436193466186523,17.436193466186523,5336,0.0,0.0
1989-05-26 00:00:00-04:00,0.0,17.77919770486629,17.66486167907715,17.66486167907715,23377,0.0,0.0
1989-05-30 00:00:00-04:00,0.0,17.37902922898572,17.150358200073242,17.150358200073242,1271,0.0,0.0
1989-05-31 00:00:00-04:00,0.0,17.43619443799692,17.379026412963867,17.379026412963867,12832,0.0,0.0
1989-06-01 00:00:00-04:00,0.0,17.83636940258728,17.722034454345703,17.722034454345703,4320,0.0,0.0
1989-06-02 00:00:00-04:00,0.0,17.83636940258728,17.722034454345703,17.722034454345703,1906,0.0,0.0
1989-06-05 00:00:00-04:00,0.0,17.3218613227337,17.2075252532959,17.2075252532959,18803,0.0,0.0
1989-06-06 00:00:00-04:00,0.0,17.093191271236744,16.864519119262695,16.864519119262695,7496,0.0,0.0
1989-06-07 00:00:00-04:00,0.0,17.20752903454725,17.036026000976562,17.036026000976562,21599,0.0,0.0
1989-06-08 00:00:00-04:00,0.0,17.264693160393094,17.150358200073242,17.150358200073242,8258,0.0,0.0
1989-06-09 00:00:00-04:00,0.0,16.864519181880304,16.75018310546875,16.75018310546875,6480,0.0,0.0
1989-06-12 00:00:00-04:00,0.0,16.46433625366424,16.29283332824707,16.29283332824707,12451,0.0,0.0
1989-06-13 00:00:00-04:00,0.0,16.46433913033105,16.350004196166992,16.350004196166992,6480,0.0,0.0
1989-06-14 00:00:00-04:00,0.0,16.693008442149658,16.464336395263672,16.464336395263672,254,0.0,0.0
1989-06-15 00:00:00-04:00,0.0,16.63584043042816,16.464336395263672,16.464336395263672,16517,0.0,0.0
1989-06-16 00:00:00-04:00,0.0,16.864510387586076,16.635839462280273,16.635839462280273,5336,0.0,0.0
1989-06-19 00:00:00-04:00,0.0,17.207525126096783,17.150358200073242,17.150358200073242,14992,0.0,0.0
1989-06-20 00:00:00-04:00,0.0,17.150362095539034,17.036026000976562,17.036026000976562,37353,0.0,0.0
1989-06-21 00:00:00-04:00,0.0,17.493361354757386,17.379026412963867,17.379026412963867,22869,0.0,0.0
1989-06-22 00:00:00-04:00,0.0,17.779204451665972,17.60770034790039,17.60770034790039,13086,0.0,0.0
1989-06-23 00:00:00-04:00,0.0,17.210384054057567,17.09564781188965,17.09564781188965,1779,0.105692,1.05
1989-06-26 00:00:00-04:00,0.0,16.923549078617686,16.751445770263672,16.751445770263672,2541,0.0,0.0
1989-06-27 00:00:00-04:00,0.0,17.58901100047459,17.468538284301758,17.468538284301758,17908,0.0,1.05
1989-06-28 00:00:00-04:00,0.0,17.22759087606453,17.0468807220459,17.0468807220459,1694,0.0,0.0
1989-06-29 00:00:00-04:00,0.0,17.046883772075628,16.866174697875977,16.866174697875977,5808,0.0,0.0
1989-06-30 00:00:00-04:00,0.0,16.986647414009077,16.866174697875977,16.866174697875977,4840,0.0,0.0
1989-07-03 00:00:00-04:00,0.0,17.167354959269232,17.107118606567383,17.107118606567383,27709,0.0,0.0
1989-07-05 00:00:00-04:00,0.0,18.01067050349996,17.89019775390625,17.89019775390625,9922,0.0,0.0
1989-07-06 00:00:00-04:00,0.0,18.01067050349996,17.89019775390625,17.89019775390625,10164,0.0,0.0
1989-07-07 00:00:00-04:00,0.0,18.07090455785456,17.95043182373047,17.95043182373047,23595,0.0,0.0
1989-07-10 00:00:00-04:00,0.0,18.13113285199217,18.01066017150879,18.01066017150879,1936,0.0,0.0
1989-07-11 00:00:00-04:00,0.0,18.010661271754564,17.829952239990234,17.829952239990234,7018,0.0,0.0
1989-07-12 00:00:00-04:00,0.0,17.8901889531467,17.769716262817383,17.769716262817383,2783,0.0,0.0
1989-07-13 00:00:00-04:00,0.0,17.890195105327667,17.70948600769043,17.70948600769043,363,0.0,0.0
1989-07-14 00:00:00-04:00,0.0,17.769717755017847,17.528772354125977,17.528772354125977,0,0.0,0.0
1989-07-17 00:00:00-04:00,0.0,17.348059783040856,17.16735076904297,17.16735076904297,121,0.0,0.0
1989-07-18 00:00:00-04:00,0.0,17.28782344504156,17.16735076904297,17.16735076904297,484,0.0,0.0
1989-07-19 00:00:00-04:00,0.0,17.40830234203437,17.22759437561035,17.22759437561035,7865,0.0,0.0
1989-07-20 00:00:00-04:00,0.0,17.348059783040856,17.16735076904297,17.16735076904297,15125,0.0,0.0
1989-07-21 00:00:00-04:00,0.0,17.468539438987474,17.287830352783203,17.287830352783203,3751,0.0,0.0
1989-07-24 00:00:00-04:00,0.0,17.28782344504156,17.16735076904297,17.16735076904297,121,0.0,0.0
1989-07-25 00:00:00-04:00,0.0,17.408296121040152,17.16735076904297,17.16735076904297,1210,0.0,0.0
1989-07-26 00:00:00-04:00,17.16735076904297,17.16735076904297,17.16735076904297,17.16735076904297,0,0.0,0.0
1989-07-27 00:00:00-04:00,0.0,17.52877464238817,17.468538284301758,17.468538284301758,5082,0.0,0.0
1989-07-28 00:00:00-04:00,0.0,17.589017166786586,17.408308029174805,17.408308029174805,484,0.0,0.0
1989-07-31 00:00:00-04:00,0.0,18.01066164347602,17.769716262817383,17.769716262817383,38962,0.0,0.0
1989-08-01 00:00:00-04:00,0.0,18.131136315126028,18.070899963378906,18.070899963378906,5203,0.0,0.0
1989-08-02 00:00:00-04:00,0.0,18.13113285199217,18.01066017150879,18.01066017150879,242,0.0,0.0
1989-08-03 00:00:00-04:00,0.0,17.890195105327667,17.70948600769043,17.70948600769043,6897,0.0,0.0
1989-08-04 00:00:00-04:00,0.0,17.709483716647416,17.468538284301758,17.468538284301758,2420,0.0,0.0
1989-08-07 00:00:00-04:00,0.0,17.589017166786586,17.408308029174805,17.408308029174805,1452,0.0,0.0
1989-08-08 00:00:00-04:00,0.0,17.95042492783312,17.829952239990234,17.829952239990234,39930,0.0,0.0
1989-08-09 00:00:00-04:00,0.0,17.82995873944859,17.70948600769043,17.70948600769043,1452,0.0,0.0
1989-08-10 00:00:00-04:00,0.0,18.131140924916604,17.95043182373047,17.95043182373047,1815,0.0,0.0
1989-08-11 00:00:00-04:00,0.0,18.010661271754564,17.829952239990234,17.829952239990234,363,0.0,0.0
1989-08-14 00:00:00-04:00,0.0,18.070897615676007,17.829952239990234,17.829952239990234,1573,0.0,0.0
1989-08-15 00:00:00-04:00,0.0,18.19137266687315,18.070899963378906,18.070899963378906,0,0.0,0.0
1989-08-16 00:00:00-04:00,0.0,18.191370377369104,18.131134033203125,18.131134033203125,8107,0.0,0.0
1989-08-17 00:00:00-04:00,0.0,17.8901889531467,17.769716262817383,17.769716262817383,0,0.0,0.0
1989-08-18 00:00:00-04:00,0.0,18.01067050349996,17.89019775390625,17.89019775390625,7623,0.0,0.0
1989-08-21 00:00:00-04:00,0.0,18.251606721535087,18.131134033203125,18.131134033203125,1331,0.0,0.0
1989-08-22 00:00:00-04:00,0.0,18.43232384925867,18.372087478637695,18.372087478637695,18513,0.0,0.0
1989-08-23 00:00:00-04:00,0.0,18.311843065701066,18.131134033203125,18.131134033203125,363,0.0,0.0
1989-08-24 00:00:00-04:00,0.0,17.95042492783312,17.829952239990234,17.829952239990234,61468,0.0,0.0
1989-08-25 00:00:00-04:00,0.0,17.8901889531467,17.769716262817383,17.769716262817383,605,0.0,0.0
1989-08-28 00:00:00-04:00,0.0,17.528780787582658,17.408308029174805,17.408308029174805,4477,0.0,0.0
1989-08-29 00:00:00-04:00,0.0,17.769722764929025,17.649250030517578,17.649250030517578,7260,0.0,0.0
1989-08-30 00:00:00-04:00,0.0,17.528780787582658,17.408308029174805,17.408308029174805,4840,0.0,0.0
1989-08-31 00:00:00-04:00,0.0,17.348066714851292,17.287830352783203,17.287830352783203,18755,0.0,0.0
1989-09-01 00:00:00-04:00,0.0,17.408303076919385,17.287830352783203,17.287830352783203,3993,0.0,0.0
1989-09-05 00:00:00-04:00,0.0,17.10711936295203,16.98664665222168,16.98664665222168,46585,0.0,0.0
1989-09-06 00:00:00-04:00,0.0,17.10711936295203,16.98664665222168,16.98664665222168,2541,0.0,0.0
1989-09-07 00:00:00-04:00,0.0,16.986642382379927,16.745697021484375,16.745697021484375,2541,0.0,0.0
1989-09-08 00:00:00-04:00,0.0,16.74570663901502,16.564998626708984,16.564998626708984,6050,0.0,0.0
1989-09-11 00:00:00-04:00,0.0,16.74570663901502,16.564998626708984,16.564998626708984,11737,0.0,0.0
1989-09-12 00:00:00-04:00,0.0,16.986653582571705,16.805944442749023,16.805944442749023,19360,0.0,0.0
1989-09-13 00:00:00-04:00,0.0,16.986647414009077,16.866174697875977,16.866174697875977,7623,0.0,0.0
1989-09-14 00:00:00-04:00,0.0,16.86616970193215,16.745697021484375,16.745697021484375,21296,0.0,0.0
1989-09-15 00:00:00-04:00,0.0,16.926415262167886,16.685468673706055,16.685468673706055,89056,0.0,0.0
1989-09-18 00:00:00-04:00,0.0,16.866180822689916,16.805944442749023,16.805944442749023,1573,0.0,0.0
1989-09-19 00:00:00-04:00,0.0,16.92641831478287,16.805944442749023,16.805944442749023,10648,0.0,0.0
1989-09-20 00:00:00-04:00,0.0,16.926407154307366,16.745697021484375,16.745697021484375,968,0.0,0.0
1989-09-21 00:00:00-04:00,0.0,16.92641831478287,16.805944442749023,16.805944442749023,1452,0.0,0.0
1989-09-22 00:00:00-04:00,0.0,16.86616970193215,16.745697021484375,16.745697021484375,24079,0.0,0.0
1989-09-25 00:00:00-04:00,0.0,17.167355718317207,16.98664665222168,16.98664665222168,2057,0.0,0.0
1989-09-26 00:00:00-04:00,0.0,17.528769630500438,17.348060607910156,17.348060607910156,15609,0.0,0.0
1989-09-27 00:00:00-04:00,0.0,17.528780787582658,17.408308029174805,17.408308029174805,2420,0.0,0.0
1989-09-28 00:00:00-04:00,0.0,17.58901100047459,17.468538284301758,17.468538284301758,14036,0.0,0.0
1989-09-29 00:00:00-04:00,0.0,17.769719305079708,17.58901023864746,17.58901023864746,8349,0.0,0.0
1989-10-02 00:00:00-04:00,0.0,17.769719305079708,17.58901023864746,17.58901023864746,968,0.0,0.0
1989-10-03 00:00:00-04:00,0.0,17.40830234203437,17.22759437561035,17.22759437561035,13310,0.0,0.0
1989-10-04 00:00:00-04:00,0.0,17.046886110251602,16.926414489746094,16.926414489746094,5203,0.0,0.0
1989-10-05 00:00:00-04:00,0.0,16.80594068378509,16.625232696533203,16.625232696533203,2541,0.0,0.0
1989-10-06 00:00:00-04:00,0.0,16.685470264195686,16.564998626708984,16.564998626708984,3146,0.0,0.0
1989-10-09 00:00:00-04:00,0.0,17.649246594124875,17.58901023864746,17.58901023864746,9559,0.0,0.0
1989-10-10 00:00:00-04:00,0.0,17.528769630500438,17.348060607910156,17.348060607910156,5445,0.0,0.0
1989-10-11 00:00:00-04:00,0.0,18.914212740049862,18.733501434326172,18.733501434326172,17061,0.0,0.0
1989-10-12 00:00:00-04:00,0.0,18.853968009131986,18.61302375793457,18.61302375793457,18150,0.0,0.0
1989-10-13 00:00:00-04:00,0.0,18.613022570227184,18.492549896240234,18.492549896240234,17666,0.0,0.0
1989-10-16 00:00:00-04:00,0.0,18.49255869103932,18.31184959411621,18.31184959411621,39930,0.0,0.0
1989-10-17 00:00:00-04:00,0.0,18.070897615676007,17.829952239990234,17.829952239990234,1089,0.0,0.0
1989-10-18 00:00:00-04:00,0.0,18.19136919223386,18.01066017150879,18.01066017150879,12221,0.0,0.0
1989-10-19 00:00:00-04:00,0.0,18.311843065701066,18.131134033203125,18.131134033203125,1815,0.0,0.0
1989-10-20 00:00:00-04:00,0.0,18.552795056680356,18.31184959411621,18.31184959411621,12100,0.0,0.0
1989-10-23 00:00:00-04:00,0.0,18.43232232539828,18.31184959411621,18.31184959411621,12342,0.0,0.0
1989-10-24 00:00:00-04:00,0.0,18.251609018620275,18.070899963378906,18.070899963378906,37389,0.0,0.0
1989-10-25 00:00:00-04:00,0.0,18.311845370367397,18.070899963378906,18.070899963378906,3025,0.0,0.0
1989-10-26 00:00:00-04:00,0.0,18.131140924916604,17.95043182373047,17.95043182373047,4114,0.0,0.0
1989-10-27 00:00:00-04:00,0.0,18.07090455785456,17.95043182373047,17.95043182373047,7986,0.0,0.0
1989-10-30 00:00:00-05:00,0.0,18.13113285199217,18.01066017150879,18.01066017150879,6050,0.0,0.0
1989-10-31 00:00:00-05:00,0.0,18.37208827072798,18.251615524291992,18.251615524291992,45012,0.0,0.0
1989-11-01 00:00:00-05:00,0.0,18.251609018620275,18.070899963378906,18.070899963378906,1573,0.0,0.0
1989-11-02 00:00:00-05:00,0.0,18.19137729197865,17.95043182373047,17.95043182373047,1452,0.0,0.0
1989-11-03 00:00:00-05:00,0.0,18.19136919223386,18.01066017150879,18.01066017150879,1573,0.0,0.0
1989-11-06 00:00:00-05:00,0.0,17.709482949602293,17.58901023864746,17.58901023864746,4961,0.0,0.0
1989-11-07 00:00:00-05:00,0.0,17.769722764929025,17.649250030517578,17.649250030517578,24321,0.0,0.0
1989-11-08 00:00:00-05:00,0.0,17.829959132134746,17.649250030517578,17.649250030517578,7381,0.0,0.0
1989-11-09 00:00:00-05:00,0.0,17.769722764929025,17.649250030517578,17.649250030517578,605,0.0,0.0
1989-11-10 00:00:00-05:00,0.0,17.769722764929025,17.649250030517578,17.649250030517578,25652,0.0,0.0
1989-11-13 00:00:00-05:00,0.0,17.649247358561002,17.468538284301758,17.468538284301758,36421,0.0,0.0
1989-11-14 00:00:00-05:00,0.0,17.58901100047459,17.468538284301758,17.468538284301758,847,0.0,0.0
1989-11-15 00:00:00-05:00,0.0,17.40830234203437,17.22759437561035,17.22759437561035,242,0.0,0.0
1989-11-16 00:00:00-05:00,0.0,17.348065982509137,17.22759437561035,17.22759437561035,1694,0.0,0.0
1989-11-17 00:00:00-05:00,0.0,17.167353416624014,17.0468807220459,17.0468807220459,5082,0.0,0.0
1989-11-20 00:00:00-05:00,0.0,17.046886110251602,16.926414489746094,16.926414489746094,39567,0.0,0.0
1989-11-21 00:00:00-05:00,0.0,17.28782766467293,17.107118606567383,17.107118606567383,1089,0.0,0.0
1989-11-22 00:00:00-05:00,0.0,17.28782611120213,17.0468807220459,17.0468807220459,363,0.0,0.0
1989-11-24 00:00:00-05:00,0.0,17.468539438987474,17.287830352783203,17.287830352783203,5808,0.0,0.0
1989-11-27 00:00:00-05:00,0.0,17.528769630500438,17.348060607910156,17.348060607910156,1694,0.0,0.0
1989-11-28 00:00:00-05:00,0.0,17.40830234203437,17.22759437561035,17.22759437561035,27951,0.0,0.0
1989-11-29 00:00:00-05:00,0.0,17.468539438987474,17.287830352783203,17.287830352783203,2662,0.0,0.0
1989-11-30 00:00:00-05:00,0.0,17.769719305079708,17.58901023864746,17.58901023864746,1573,0.0,0.0
1989-12-01 00:00:00-05:00,0.0,17.829955660557125,17.58901023864746,17.58901023864746,10890,0.0,0.0
1989-12-04 00:00:00-05:00,0.0,17.769719305079708,17.58901023864746,17.58901023864746,605,0.0,0.0
1989-12-05 00:00:00-05:00,0.0,17.589008704348945,17.528772354125977,17.528772354125977,7381,0.0,0.0
1989-12-06 00:00:00-05:00,0.0,17.649246594124875,17.58901023864746,17.58901023864746,0,0.0,0.0
1989-12-07 00:00:00-05:00,0.0,17.709483716647416,17.468538284301758,17.468538284301758,5324,0.0,0.0
1989-12-08 00:00:00-05:00,0.0,17.709483716647416,17.468538284301758,17.468538284301758,363,0.0,0.0
1989-12-11 00:00:00-05:00,0.0,17.528769630500438,17.348060607910156,17.348060607910156,1694,0.0,0.0
1989-12-12 00:00:00-05:00,0.0,17.528769630500438,17.348060607910156,17.348060607910156,2904,0.0,0.0
1989-12-13 00:00:00-05:00,0.0,17.649247358561002,17.468538284301758,17.468538284301758,726,0.0,0.0
1989-12-14 00:00:00-05:00,0.0,17.70948140479488,17.528772354125977,17.528772354125977,27588,0.0,0.0
1989-12-15 00:00:00-05:00,0.0,17.468539438987474,17.287830352783203,17.287830352783203,38841,0.0,0.0
1989-12-18 00:00:00-05:00,0.0,17.408303076919385,17.287830352783203,17.287830352783203,726,0.0,0.0
1989-12-19 00:00:00-05:00,0.0,17.348059783040856,17.16735076904297,17.16735076904297,23595,0.0,0.0
1989-12-20 00:00:00-05:00,0.0,17.22759087606453,17.0468807220459,17.0468807220459,0,0.0,0.0
1989-12-21 00:00:00-05:00,0.0,17.272547544698842,17.091365814208984,17.091365814208984,605,0.0761,0.0
1989-12-22 00:00:00-05:00,0.0,17.212159845129936,17.03097915649414,17.03097915649414,121,0.0,0.0
1989-12-26 00:00:00-05:00,0.0,17.634916053225133,17.4537353515625,17.4537353515625,1210,0.0,0.0
1989-12-27 00:00:00-05:00,0.0,17.695312274861465,17.514131546020508,17.514131546020508,3025,0.0,0.0
1989-12-28 00:00:00-05:00,0.0,17.39333501962454,17.212154388427734,17.212154388427734,4719,0.0,0.0
1989-12-29 00:00:00-05:00,0.0,17.332946970887136,17.03097915649414,17.03097915649414,605,0.0,0.0
1990-01-02 00:00:00-05:00,0.0,17.091365472038397,16.910184860229492,16.910184860229492,12947,0.0,0.0
1990-01-03 00:00:00-05:00,0.0,17.09137470884483,16.97058868408203,16.97058868408203,25047,0.0,0.0
1990-01-04 00:00:00-05:00,0.0,17.45372856335681,17.212154388427734,17.212154388427734,5808,0.0,0.0
1990-01-05 00:00:00-05:00,0.0,17.151768278753366,16.97058868408203,16.97058868408203,9075,0.0,0.0
1990-01-08 00:00:00-05:00,0.0,17.212159845129936,17.03097915649414,17.03097915649414,363,0.0,0.0
1990-01-09 00:00:00-05:00,0.0,17.03097193476876,16.910184860229492,16.910184860229492,4719,0.0,0.0
1990-01-10 00:00:00-05:00,0.0,17.03097193476876,16.910184860229492,16.910184860229492,24442,0.0,0.0
1990-01-11 00:00:00-05:00,0.0,17.151768278753366,16.97058868408203,16.97058868408203,4235,0.0,0.0
1990-01-12 00:00:00-05:00,0.0,16.849804426159476,16.72901725769043,16.72901725769043,11858,0.0,0.0
1990-01-15 00:00:00-05:00,0.0,16.789410841924955,16.72901725769043,16.72901725769043,16940,0.0,0.0
1990-01-16 00:00:00-05:00,0.0,16.849798732308976,16.66861915588379,16.66861915588379,17061,0.0,0.0
1990-01-17 00:00:00-05:00,0.0,16.789405168482524,16.66861915588379,16.66861915588379,37994,0.0,0.0
1990-01-18 00:00:00-05:00,0.0,16.48744453268177,16.306264877319336,16.306264877319336,13068,0.0,0.0
1990-01-19 00:00:00-05:00,0.0,16.427048623103747,16.245866775512695,16.245866775512695,1089,0.0,0.0
1990-01-22 00:00:00-05:00,0.0,16.427052057597397,16.306264877319336,16.306264877319336,19844,0.0,0.0
1990-01-23 00:00:00-05:00,0.0,16.608224529535228,16.487436294555664,16.487436294555664,6292,0.0,0.0
1990-01-24 00:00:00-05:00,0.0,16.245858457373696,16.125072479248047,16.125072479248047,28072,0.0,0.0
1990-01-25 00:00:00-05:00,0.0,16.608224529535228,16.487436294555664,16.487436294555664,24805,0.0,0.0
1990-01-26 00:00:00-05:00,0.0,16.668616515686296,16.60822296142578,16.60822296142578,2783,0.0,0.0
1990-01-29 00:00:00-05:00,16.60822296142578,16.60822296142578,16.60822296142578,16.60822296142578,0,0.0,0.0
1990-01-30 00:00:00-05:00,0.0,16.547827256728226,16.366647720336914,16.366647720336914,10164,0.0,0.0
1990-01-31 00:00:00-05:00,0.0,16.910198010394,16.72901725769043,16.72901725769043,35937,0.0,0.0
1990-02-01 00:00:00-05:00,0.0,16.72900895489282,16.60822296142578,16.60822296142578,4235,0.0,0.0
1990-02-02 00:00:00-05:00,0.0,16.729005484818643,16.54782485961914,16.54782485961914,7381,0.0,0.0
1990-02-05 00:00:00-05:00,0.0,16.608224595401666,16.427043914794922,16.427043914794922,3751,0.0,0.0
1990-02-06 00:00:00-05:00,16.427043914794922,16.427043914794922,16.427043914794922,16.427043914794922,0,0.0,0.0
1990-02-07 00:00:00-05:00,0.0,16.427052057597397,16.306264877319336,16.306264877319336,19723,0.0,0.0
1990-02-08 00:00:00-05:00,0.0,16.54782992014532,16.427043914794922,16.427043914794922,9801,0.0,0.0
1990-02-09 00:00:00-05:00,0.0,16.48744108556154,16.245866775512695,16.245866775512695,242,0.0,0.0
1990-02-12 00:00:00-05:00,0.0,16.48744453268177,16.306264877319336,16.306264877319336,1573,0.0,0.0
1990-02-13 00:00:00-05:00,16.306264877319336,16.306264877319336,16.306264877319336,16.306264877319336,0,0.0,0.0
1990-02-14 00:00:00-05:00,0.0,16.547829854518397,16.487436294555664,16.487436294555664,19481,0.0,0.0
1990-02-15 00:00:00-05:00,0.0,16.789410841924955,16.72901725769043,16.72901725769043,363,0.0,0.0
1990-02-16 00:00:00-05:00,0.0,16.789410841924955,16.72901725769043,16.72901725769043,6534,0.0,0.0
1990-02-20 00:00:00-05:00,0.0,16.306256910021183,16.185468673706055,16.185468673706055,17666,0.0,0.0
1990-02-21 00:00:00-05:00,0.0,15.883496757777907,15.702317237854006,15.702317237854004,17787,0.0,0.0
1990-02-22 00:00:00-05:00,0.0,15.702323430651855,15.581536293029787,15.581536293029785,13431,0.0,0.0
1990-02-23 00:00:00-05:00,0.0,15.098381251893846,15.03798770904541,15.03798770904541,9559,0.0,0.0
1990-02-26 00:00:00-05:00,0.0,14.856810059132151,14.736022949218752,14.73602294921875,13431,0.0,0.0
1990-02-27 00:00:00-05:00,0.0,14.917209159515359,14.796422004699707,14.796422004699707,13794,0.0,0.0
1990-02-28 00:00:00-05:00,0.0,15.098381251893846,15.03798770904541,15.03798770904541,64009,0.0,0.0
1990-03-01 00:00:00-05:00,0.0,15.098381251893846,15.03798770904541,15.03798770904541,17061,0.0,0.0
1990-03-02 00:00:00-05:00,0.0,15.098388192552726,14.977601051330566,14.977601051330566,30976,0.0,0.0
1990-03-05 00:00:00-05:00,0.0,15.09838746735202,14.917206764221193,14.917206764221191,847,0.0,0.0
1990-03-06 00:00:00-05:00,0.0,14.977597683828057,14.856810569763185,14.856810569763184,6050,0.0,0.0
1990-03-07 00:00:00-05:00,0.0,14.494448146314182,14.373661041259766,14.373661041259766,3872,0.0,0.0
1990-03-08 00:00:00-05:00,0.0,15.037994621941646,14.977601051330566,14.977601051330566,109989,0.0,0.0
1990-03-09 00:00:00-05:00,0.0,14.917203614088852,14.736022949218752,14.73602294921875,21296,0.0,0.0
1990-03-12 00:00:00-05:00,0.0,14.796420088279323,14.554845809936525,14.554845809936523,847,0.0,0.0
1990-03-13 00:00:00-05:00,0.0,14.494448146314182,14.373661041259766,14.373661041259766,9075,0.0,0.0
1990-03-14 00:00:00-05:00,0.0,14.313270075184242,14.192482948303223,14.192482948303223,0,0.0,0.0
1990-03-15 00:00:00-05:00,0.0,14.373659022679691,14.132084846496584,14.132084846496582,7381,0.0,0.0
1990-03-16 00:00:00-05:00,0.0,14.071695284895517,13.830121040344238,13.830121040344238,1331,0.0,0.0
1990-03-19 00:00:00-05:00,0.0,13.226181711811742,12.98460865020752,12.98460865020752,8107,0.0,0.0
1990-03-20 00:00:00-05:00,0.0,12.924219923903145,12.682646751403809,12.682646751403809,15488,0.0,0.0
1990-03-21 00:00:00-05:00,0.0,12.984612356514544,12.803430557250977,12.803430557250977,19602,0.0,0.0
1990-03-22 00:00:00-05:00,0.0,12.98461339611862,12.74303913116455,12.74303913116455,27225,0.0,0.0
1990-03-23 00:00:00-05:00,0.0,13.769730579459274,13.528156280517578,13.528156280517578,28798,0.0,0.0
1990-03-26 00:00:00-05:00,0.0,14.434054814728002,14.313267707824705,14.313267707824707,15609,0.0,0.0
1990-03-27 00:00:00-05:00,0.0,14.313265478633914,14.132084846496584,14.132084846496582,3630,0.0,0.0
1990-03-28 00:00:00-05:00,0.0,14.252879153890888,14.011304855346678,14.01130485534668,27588,0.0,0.0
1990-03-29 00:00:00-05:00,0.0,14.252879153890888,14.011304855346678,14.01130485534668,3146,0.0,0.0
1990-03-30 00:00:00-05:00,0.0,13.709337004723851,13.528156280517578,13.528156280517578,7381,0.0,0.0
1990-04-02 00:00:00-04:00,0.0,13.52815491743452,13.346975326538086,13.346975326538086,33759,0.0,0.0
1990-04-03 00:00:00-04:00,0.0,14.373659022679691,14.132084846496584,14.132084846496582,39567,0.0,0.0
1990-04-04 00:00:00-04:00,0.0,13.769730579459274,13.528156280517578,13.528156280517578,6413,0.0,0.0
1990-04-05 00:00:00-04:00,0.0,14.917209159515359,14.796422004699707,14.796422004699707,13068,0.0,0.0
1990-04-06 00:00:00-04:00,0.0,14.917203614088852,14.736022949218752,14.73602294921875,16214,0.0,0.0
1990-04-09 00:00:00-04:00,0.0,15.4607539490593,15.339966773986816,15.339966773986816,44044,0.0,0.0
1990-04-10 00:00:00-04:00,0.0,15.279568424341697,15.098387718200684,15.098387718200684,18513,0.0,0.0
1990-04-11 00:00:00-04:00,0.0,15.09838746735202,14.917206764221193,14.917206764221191,1936,0.0,0.0
1990-04-12 00:00:00-04:00,0.0,14.977602736923185,14.796422004699707,14.796422004699707,11253,0.0,0.0
1990-04-16 00:00:00-04:00,0.0,14.192485579254836,14.011304855346678,14.01130485534668,3267,0.0,0.0
1990-04-17 00:00:00-04:00,0.0,14.313272483185155,14.071698188781738,14.071698188781738,1331,0.0,0.0
1990-04-18 00:00:00-04:00,0.0,14.554841698841392,14.373661041259766,14.373661041259766,1694,0.0,0.0
1990-04-19 00:00:00-04:00,0.0,14.675626429043705,14.49444580078125,14.49444580078125,5808,0.0,0.0
1990-04-20 00:00:00-04:00,0.0,14.494452471278509,14.252878189086914,14.252878189086914,1210,0.0,0.0
1990-04-23 00:00:00-04:00,0.0,14.373663638624752,14.192482948303223,14.192482948303223,847,0.0,0.0
1990-04-24 00:00:00-04:00,0.0,14.313265478633914,14.132084846496584,14.132084846496582,2420,0.0,0.0
1990-04-25 00:00:00-04:00,0.0,14.132086452594052,13.95090579986572,13.950905799865723,4356,0.0,0.0
1990-04-26 00:00:00-04:00,0.0,14.192485579254836,14.011304855346678,14.01130485534668,121,0.0,0.0
1990-04-27 00:00:00-04:00,0.0,14.252879153890888,14.011304855346678,14.01130485534668,605,0.0,0.0
1990-04-30 00:00:00-04:00,0.0,14.252879153890888,14.011304855346678,14.01130485534668,484,0.0,0.0
1990-05-01 00:00:00-04:00,0.0,14.313270075184242,14.192482948303223,14.192482948303223,847,0.0,0.0
1990-05-02 00:00:00-04:00,0.0,14.796420088279323,14.554845809936525,14.554845809936523,847,0.0,0.0
1990-05-03 00:00:00-04:00,0.0,14.856806631748332,14.615232467651367,14.615232467651367,3025,0.0,0.0
1990-05-04 00:00:00-04:00,0.0,14.856806631748332,14.615232467651367,14.615232467651367,1089,0.0,0.0
1990-05-07 00:00:00-04:00,0.0,14.97759716904555,14.736022949218752,14.73602294921875,15125,0.0,0.0
1990-05-08 00:00:00-04:00,0.0,14.917209159515359,14.796422004699707,14.796422004699707,12826,0.0,0.0
1990-05-09 00:00:00-04:00,0.0,14.917203614088852,14.736022949218752,14.73602294921875,13310,0.0,0.0
1990-05-10 00:00:00-04:00,0.0,14.917203614088852,14.736022949218752,14.73602294921875,2420,0.0,0.0
1990-05-11 00:00:00-04:00,0.0,15.641923371377155,15.521136283874512,15.521136283874512,12947,0.0,0.0
1990-05-14 00:00:00-04:00,0.0,15.52114920280964,15.400362014770508,15.400362014770508,9196,0.0,0.0
1990-05-15 00:00:00-04:00,0.0,15.581531000710092,15.46074390411377,15.46074390411377,605,0.0,0.0
1990-05-16 00:00:00-04:00,0.0,15.581542796829208,15.400362014770508,15.400362014770508,1936,0.0,0.0
1990-05-17 00:00:00-04:00,0.0,15.581542796829208,15.400362014770508,15.400362014770508,726,0.0,0.0
1990-05-18 00:00:00-04:00,0.0,15.339960789891842,15.158780097961426,15.158780097961426,3872,0.0,0.0
1990-05-21 00:00:00-04:00,0.0,15.33995767379091,15.219170570373535,15.219170570373535,2904,0.0,0.0
1990-05-22 00:00:00-04:00,0.0,15.581542796829208,15.400362014770508,15.400362014770508,3025,0.0,0.0
1990-05-23 00:00:00-04:00,0.0,15.702323430651855,15.581536293029787,15.581536293029785,121,0.0,0.0
1990-05-24 00:00:00-04:00,0.0,15.641924549008253,15.46074390411377,15.46074390411377,2178,0.0,0.0
1990-05-25 00:00:00-04:00,0.0,15.883496757777907,15.702317237854006,15.702317237854004,484,0.0,0.0
1990-05-29 00:00:00-04:00,0.0,15.883501814616773,15.641928672790527,15.641928672790527,726,0.0,0.0
1990-05-30 00:00:00-04:00,0.0,16.064680982937347,15.82310676574707,15.82310676574707,1089,0.0,0.0
1990-05-31 00:00:00-04:00,0.0,16.18547185145444,16.064685821533203,16.064685821533203,4961,0.0,0.0
1990-06-01 00:00:00-04:00,0.0,16.245858457373696,16.125072479248047,16.125072479248047,605,0.0,0.0
1990-06-04 00:00:00-04:00,0.0,16.1250752182154,15.943893432617188,15.943893432617188,847,0.0,0.0
1990-06-05 00:00:00-04:00,0.0,16.185467660009422,15.943893432617188,15.943893432617188,847,0.0,0.0
1990-06-06 00:00:00-04:00,0.0,16.54782992014532,16.427043914794922,16.427043914794922,4114,0.0,0.0
1990-06-07 00:00:00-04:00,0.0,16.54782992014532,16.427043914794922,16.427043914794922,6534,0.0,0.0
1990-06-08 00:00:00-04:00,0.0,16.245858890117916,16.00428581237793,16.00428581237793,363,0.0,0.0
1990-06-11 00:00:00-04:00,0.0,15.64192986184082,15.581536293029787,15.581536293029785,18755,0.0,0.0
1990-06-12 00:00:00-04:00,0.0,15.762716999462889,15.581536293029787,15.581536293029785,242,0.0,0.0
1990-06-13 00:00:00-04:00,0.0,15.943892759288216,15.82310676574707,15.82310676574707,18513,0.0,0.0
1990-06-14 00:00:00-04:00,0.0,16.245858457373696,16.125072479248047,16.125072479248047,3388,0.0,0.0
1990-06-15 00:00:00-04:00,0.0,16.185467660009422,15.943893432617188,15.943893432617188,1452,0.0,0.0
1990-06-18 00:00:00-04:00,0.0,16.1250752182154,15.943893432617188,15.943893432617188,726,0.0,0.0
1990-06-19 00:00:00-04:00,0.0,15.823104327839154,15.702317237854006,15.702317237854004,242,0.0,0.0
1990-06-20 00:00:00-04:00,0.0,16.36665047065169,16.185468673706055,16.185468673706055,2178,0.0,0.0
1990-06-21 00:00:00-04:00,0.0,16.06468166136734,15.943893432617188,15.943893432617188,1573,0.0,0.0
1990-06-22 00:00:00-04:00,0.0,14.665033351558568,14.422636032104492,14.422636032104492,1936,0.092608,1.1
1990-06-25 00:00:00-04:00,0.0,14.119638439171961,13.937840461730957,13.937840461730957,3751,0.0,0.0
1990-06-26 00:00:00-04:00,0.0,15.73158487491298,15.598265647888184,15.598265647888184,13970,0.0,1.1
1990-06-27 00:00:00-04:00,0.0,16.331518341025742,16.198200225830078,16.198200225830078,1210,0.0,0.0
1990-06-28 00:00:00-04:00,0.0,16.331518341025742,16.198200225830078,16.198200225830078,1100,0.0,0.0
1990-06-29 00:00:00-04:00,0.0,16.264851832875202,16.131532669067383,16.131532669067383,110,0.0,0.0
1990-07-02 00:00:00-04:00,0.0,16.264851832875202,16.131532669067383,16.131532669067383,990,0.0,0.0
1990-07-03 00:00:00-04:00,0.0,16.264860402281474,16.198200225830078,16.198200225830078,2860,0.0,0.0
1990-07-05 00:00:00-04:00,0.0,16.331518341025742,16.198200225830078,16.198200225830078,3410,0.0,0.0
1990-07-06 00:00:00-04:00,0.0,16.264851832875202,16.131532669067383,16.131532669067383,6820,0.0,0.0
1990-07-09 00:00:00-04:00,0.0,16.264851832875202,16.131532669067383,16.131532669067383,990,0.0,0.0
1990-07-10 00:00:00-04:00,0.0,16.264851832875202,16.131532669067383,16.131532669067383,2310,0.0,0.0
1990-07-11 00:00:00-04:00,0.0,16.464835392129682,16.26485824584961,16.26485824584961,1870,0.0,0.0
1990-07-12 00:00:00-04:00,0.0,16.59815172781963,16.39817237854004,16.39817237854004,19360,0.0,0.0
1990-07-13 00:00:00-04:00,0.0,16.53149157177536,16.39817237854004,16.39817237854004,440,0.0,0.0
1990-07-16 00:00:00-04:00,0.0,16.86478931261967,16.731470108032227,16.731470108032227,2310,0.0,0.0
1990-07-17 00:00:00-04:00,0.0,16.731465492008866,16.5314884185791,16.5314884185791,6490,0.0,0.0
1990-07-18 00:00:00-04:00,0.0,16.664807586385283,16.5314884185791,16.5314884185791,110,0.0,0.0
1990-07-19 00:00:00-04:00,0.0,16.598148561908697,16.5314884185791,16.5314884185791,13530,0.0,0.0
1990-07-20 00:00:00-04:00,0.0,16.464835392129682,16.26485824584961,16.26485824584961,2200,0.0,0.0
1990-07-23 00:00:00-04:00,0.0,16.19819871674188,15.998220443725588,15.998220443725586,8360,0.0,0.0
1990-07-24 00:00:00-04:00,0.0,15.998215625410218,15.864898681640625,15.864898681640625,12100,0.0,0.0
1990-07-25 00:00:00-04:00,0.0,16.19819474925094,15.931558609008789,15.931558609008789,24530,0.0,0.0
1990-07-26 00:00:00-04:00,0.0,15.79824577150411,15.664926528930662,15.664926528930664,2750,0.0,0.0
1990-07-27 00:00:00-04:00,0.0,15.79824384275566,15.531607627868652,15.531607627868652,3080,0.0,0.0
1990-07-30 00:00:00-04:00,0.0,15.798243928998625,15.598265647888184,15.598265647888184,4730,0.0,0.0
1990-07-31 00:00:00-04:00,0.0,16.19819871674188,15.998220443725588,15.998220443725586,18480,0.0,0.0
1990-08-01 00:00:00-04:00,0.0,15.931564757511682,15.731586456298828,15.731586456298828,1100,0.0,0.0
1990-08-02 00:00:00-04:00,0.0,14.931674089439797,14.865015029907227,14.865015029907227,39600,0.0,0.0
1990-08-03 00:00:00-04:00,0.0,14.465054854280027,14.265076637268066,14.265076637268066,21450,0.0,0.0
1990-08-06 00:00:00-04:00,0.0,13.798464114400481,13.531827926635742,13.531827926635742,2860,0.0,0.0
1990-08-07 00:00:00-04:00,0.0,14.198424631095305,13.99844741821289,13.99844741821289,32230,0.0,0.0
1990-08-08 00:00:00-04:00,0.0,14.331742634700849,14.198423385620117,14.198423385620117,33770,0.0,0.0
1990-08-09 00:00:00-04:00,0.0,14.398402818668059,14.198423385620117,14.198423385620117,3630,0.0,0.0
1990-08-10 00:00:00-04:00,0.0,14.198424631095305,13.99844741821289,13.99844741821289,3960,0.0,0.0
1990-08-13 00:00:00-04:00,0.0,13.731806186312681,13.531827926635742,13.531827926635742,8800,0.0,0.0
1990-08-14 00:00:00-04:00,0.0,13.931780092533458,13.665143966674803,13.665143966674805,4400,0.0,0.0
1990-08-15 00:00:00-04:00,0.0,14.531720182329929,14.39840316772461,14.39840316772461,6930,0.0,0.0
1990-08-16 00:00:00-04:00,0.0,14.265084820909896,13.99844741821289,13.99844741821289,24310,0.0,0.0
1990-08-17 00:00:00-04:00,0.0,13.99844110934612,13.798462867736818,13.798462867736816,1210,0.0,0.0
1990-08-20 00:00:00-04:00,0.0,14.265079811184286,14.131760597229006,14.131760597229004,5830,0.0,0.0
1990-08-21 00:00:00-04:00,0.0,14.065101269118076,13.798462867736818,13.798462867736816,1210,0.0,0.0
1990-08-22 00:00:00-04:00,0.0,14.06510192942262,13.931782722473146,13.931782722473145,5720,0.0,0.0
1990-08-23 00:00:00-04:00,0.0,13.86512615025916,13.598488807678223,13.598488807678223,14850,0.0,0.0
1990-08-24 00:00:00-04:00,0.0,14.598380367913164,14.39840316772461,14.39840316772461,2420,0.0,0.0
1990-08-27 00:00:00-04:00,0.0,15.33162227150207,15.131645202636719,15.131645202636719,10340,0.0,0.0
1990-08-28 00:00:00-04:00,0.0,15.064993327358536,14.865015029907227,14.865015029907227,18150,0.0,0.0
1990-08-29 00:00:00-04:00,0.0,14.99833128772794,14.798354148864746,14.798354148864746,110,0.0,0.0
1990-08-30 00:00:00-04:00,0.0,15.19831319031912,14.998334884643555,14.998334884643555,2200,0.0,0.0
1990-08-31 00:00:00-04:00,0.0,15.131645687181585,14.931666374206543,14.931666374206543,29810,0.0,0.0
1990-09-04 00:00:00-04:00,0.0,14.731693407798053,14.59837532043457,14.59837532043457,4840,0.0,0.0
1990-09-05 00:00:00-04:00,0.0,14.665031605451103,14.465054512023926,14.465054512023926,1870,0.0,0.0
1990-09-06 00:00:00-04:00,0.0,14.531720182329929,14.39840316772461,14.39840316772461,11770,0.0,0.0
1990-09-07 00:00:00-04:00,0.0,14.798353570333123,14.59837532043457,14.59837532043457,3300,0.0,0.0
1990-09-10 00:00:00-04:00,0.0,15.0649855432389,14.931666374206543,14.931666374206543,11660,0.0,0.0
1990-09-11 00:00:00-04:00,0.0,14.931670396967371,14.731693267822264,14.731693267822266,990,0.0,0.0
1990-09-12 00:00:00-04:00,0.0,15.131654128045145,14.998334884643555,14.998334884643555,16060,0.0,0.0
1990-09-13 00:00:00-04:00,0.0,14.99833128772794,14.798354148864746,14.798354148864746,16830,0.0,0.0
1990-09-14 00:00:00-04:00,0.0,14.798350612676586,14.665031433105469,14.665031433105469,3300,0.0,0.0
1990-09-17 00:00:00-04:00,0.0,14.798354780988067,14.531716346740724,14.531716346740723,660,0.0,0.0
1990-09-18 00:00:00-04:00,0.0,14.73169461299952,14.531716346740724,14.531716346740723,770,0.0,0.0
1990-09-19 00:00:00-04:00,0.0,14.665031605451103,14.465054512023926,14.465054512023926,10340,0.0,0.0
1990-09-20 00:00:00-04:00,0.0,14.331742634700849,14.198423385620117,14.198423385620117,16170,0.0,0.0
1990-09-21 00:00:00-04:00,0.0,14.33173876568203,14.065102577209473,14.065102577209473,10010,0.0,0.0
1990-09-24 00:00:00-04:00,0.0,14.33173876568203,14.065102577209473,14.065102577209473,880,0.0,0.0
1990-09-25 00:00:00-04:00,0.0,14.198424631095305,13.99844741821289,13.99844741821289,220,0.0,0.0
1990-09-26 00:00:00-04:00,0.0,13.931782068427447,13.798462867736818,13.798462867736816,17160,0.0,0.0
1990-09-27 00:00:00-04:00,0.0,13.99844110934612,13.798462867736818,13.798462867736816,2200,0.0,0.0
1990-09-28 00:00:00-04:00,0.0,13.86512678033667,13.73180866241455,13.73180866241455,6930,0.0,0.0
1990-10-01 00:00:00-04:00,0.0,15.0649855432389,14.931666374206543,14.931666374206543,9350,0.0,0.0
1990-10-02 00:00:00-04:00,0.0,16.398177398623577,16.198200225830078,16.198200225830078,78320,0.0,0.0
1990-10-03 00:00:00-04:00,0.0,15.464941130310532,15.331623077392576,15.331623077392578,11550,0.0,0.0
1990-10-04 00:00:00-04:00,0.0,15.79824384275566,15.531607627868652,15.531607627868652,3740,0.0,0.0
1990-10-05 00:00:00-04:00,0.0,16.19819871674188,15.998220443725588,15.998220443725586,31790,0.0,0.0
1990-10-08 00:00:00-04:00,0.0,16.19819871674188,15.998220443725588,15.998220443725586,16500,0.0,0.0
1990-10-09 00:00:00-04:00,0.0,15.664923006949193,15.398286819458008,15.398286819458008,15730,0.0,0.0
1990-10-10 00:00:00-04:00,0.0,15.731580187883727,15.464942932128906,15.464942932128906,2200,0.0,0.0
1990-10-11 00:00:00-04:00,0.0,15.264967178648801,15.064990043640137,15.064990043640137,2200,0.0,0.0
1990-10-12 00:00:00-04:00,0.0,15.731580187883727,15.464942932128906,15.464942932128906,990,0.0,0.0
1990-10-15 00:00:00-04:00,0.0,15.931564757511682,15.731586456298828,15.731586456298828,12540,0.0,0.0
1990-10-16 00:00:00-04:00,0.0,16.131535714190402,15.931558609008789,15.931558609008789,2750,0.0,0.0
1990-10-17 00:00:00-04:00,0.0,16.19819077914462,16.06487274169922,16.06487274169922,31680,0.0,0.0
1990-10-18 00:00:00-04:00,0.0,16.264851832875202,16.131532669067383,16.131532669067383,7150,0.0,0.0
1990-10-19 00:00:00-04:00,0.0,16.264851832875202,16.131532669067383,16.131532669067383,20680,0.0,0.0
1990-10-22 00:00:00-04:00,0.0,16.331509736499655,16.131532669067383,16.131532669067383,4070,0.0,0.0
1990-10-23 00:00:00-04:00,0.0,16.064876679129863,15.931558609008789,15.931558609008789,4840,0.0,0.0
1990-10-24 00:00:00-04:00,0.0,15.86490569672527,15.731586456298828,15.731586456298828,9020,0.0,0.0
1990-10-25 00:00:00-04:00,0.0,15.79824384275566,15.531607627868652,15.531607627868652,17050,0.0,0.0
1990-10-26 00:00:00-04:00,0.0,15.598259183228487,15.331623077392576,15.331623077392578,770,0.0,0.0
1990-10-29 00:00:00-05:00,0.0,15.598259183228487,15.331623077392576,15.331623077392578,0,0.0,0.0
1990-10-30 00:00:00-05:00,0.0,15.264967178648801,15.064990043640137,15.064990043640137,3080,0.0,0.0
1990-10-31 00:00:00-05:00,0.0,15.064993946917529,14.998334884643555,14.998334884643555,0,0.0,0.0
1990-11-01 00:00:00-05:00,0.0,14.798350612676586,14.665031433105469,14.665031433105469,12320,0.0,0.0
1990-11-02 00:00:00-05:00,0.0,15.131645687181585,14.931666374206543,14.931666374206543,8800,0.0,0.0
1990-11-05 00:00:00-05:00,0.0,15.331627342505042,15.064990043640137,15.064990043640137,1540,0.0,0.0
1990-11-06 00:00:00-05:00,0.0,15.131645687181585,14.931666374206543,14.931666374206543,8580,0.0,0.0
1990-11-07 00:00:00-05:00,0.0,14.598380367913164,14.39840316772461,14.39840316772461,2530,0.0,0.0
1990-11-08 00:00:00-05:00,0.0,14.465062234454127,14.39840316772461,14.39840316772461,6050,0.0,0.0
1990-11-09 00:00:00-05:00,0.0,14.798354780988067,14.531716346740724,14.531716346740723,12100,0.0,0.0
1990-11-12 00:00:00-05:00,0.0,15.264967178648801,15.064990043640137,15.064990043640137,6050,0.0,0.0
1990-11-13 00:00:00-05:00,0.0,15.131645687181585,14.931666374206543,14.931666374206543,4290,0.0,0.0
1990-11-14 00:00:00-05:00,0.0,14.998334267825964,14.865015029907227,14.865015029907227,6600,0.0,0.0
1990-11-15 00:00:00-05:00,0.0,14.731690636593497,14.465054512023926,14.465054512023926,28710,0.0,0.0
1990-11-16 00:00:00-05:00,0.0,14.665035563864395,14.531716346740724,14.531716346740723,3080,0.0,0.0
1990-11-19 00:00:00-05:00,0.0,14.931670396967371,14.731693267822264,14.731693267822266,1430,0.0,0.0
1990-11-20 00:00:00-05:00,0.0,14.665031605451103,14.465054512023926,14.465054512023926,440,0.0,0.0
1990-11-21 00:00:00-05:00,0.0,14.598372574308712,14.465054512023926,14.465054512023926,440,0.0,0.0
1990-11-23 00:00:00-05:00,0.0,14.865008524182485,14.665031433105469,14.665031433105469,7370,0.0,0.0
1990-11-26 00:00:00-05:00,0.0,14.798353570333123,14.59837532043457,14.59837532043457,1540,0.0,0.0
1990-11-27 00:00:00-05:00,0.0,14.798350612676586,14.665031433105469,14.665031433105469,4290,0.0,0.0
1990-11-28 00:00:00-05:00,0.0,14.398402818668059,14.198423385620117,14.198423385620117,13860,0.0,0.0
1990-11-29 00:00:00-05:00,0.0,13.99844110934612,13.798462867736818,13.798462867736816,24750,0.0,0.0
1990-11-30 00:00:00-05:00,0.0,14.665039434642683,14.39840316772461,14.39840316772461,7040,0.0,0.0
1990-12-03 00:00:00-05:00,0.0,14.06509716364522,13.865118980407715,13.865118980407715,6270,0.0,0.0
1990-12-04 00:00:00-05:00,0.0,13.998437023330748,13.865118980407715,13.865118980407715,20240,0.0,0.0
1990-12-05 00:00:00-05:00,0.0,14.265084820909896,13.99844741821289,13.99844741821289,6710,0.0,0.0
1990-12-06 00:00:00-05:00,0.0,14.798353570333123,14.59837532043457,14.59837532043457,26290,0.0,0.0
1990-12-07 00:00:00-05:00,0.0,14.798353570333123,14.59837532043457,14.59837532043457,2530,0.0,0.0
1990-12-10 00:00:00-05:00,0.0,14.465054854280027,14.265076637268066,14.265076637268066,11550,0.0,0.0
1990-12-11 00:00:00-05:00,0.0,14.73169461299952,14.531716346740724,14.531716346740723,6820,0.0,0.0
1990-12-12 00:00:00-05:00,0.0,14.798353570333123,14.59837532043457,14.59837532043457,15070,0.0,0.0
1990-12-13 00:00:00-05:00,0.0,14.665035563864395,14.531716346740724,14.531716346740723,9460,0.0,0.0
1990-12-14 00:00:00-05:00,0.0,14.131759854617352,13.931782722473146,13.931782722473145,49060,0.0,0.0
1990-12-17 00:00:00-05:00,0.0,13.998437023330748,13.865118980407715,13.865118980407715,6050,0.0,0.0
1990-12-18 00:00:00-05:00,0.0,14.398399025139568,14.131760597229006,14.131760597229004,1320,0.0,0.0
1990-12-19 00:00:00-05:00,0.0,14.398399025139568,14.131760597229006,14.131760597229004,3850,0.0,0.0
1990-12-20 00:00:00-05:00,0.0,14.198424631095305,13.99844741821289,13.99844741821289,5830,0.0,0.0
1990-12-21 00:00:00-05:00,0.0,14.054090382879217,13.92024230957031,13.920242309570312,25410,0.0945,0.0
1990-12-24 00:00:00-05:00,0.0,13.786402838476773,13.65255355834961,13.65255355834961,9240,0.0,0.0
1990-12-26 00:00:00-05:00,0.0,13.719476817017682,13.58562755584717,13.585627555847168,27720,0.0,0.0
1990-12-27 00:00:00-05:00,0.0,13.652549599054714,13.38485336303711,13.38485336303711,770,0.0,0.0
1990-12-28 00:00:00-05:00,0.0,13.719471155528028,13.518696784973145,13.518696784973145,9900,0.0,0.0
1990-12-31 00:00:00-05:00,0.0,13.786400885952087,13.58562755584717,13.585627555847168,14520,0.0,0.0
1991-01-02 00:00:00-05:00,0.0,13.920244066764953,13.719471931457518,13.71947193145752,5940,0.0,0.0
1991-01-03 00:00:00-05:00,0.0,14.054098041146348,13.786401748657225,13.786401748657227,3520,0.0,0.0
1991-01-04 00:00:00-05:00,0.0,14.187938456188121,13.92024230957031,13.920242309570312,2640,0.0,0.0
1991-01-07 00:00:00-05:00,0.0,13.786400885952087,13.58562755584717,13.585627555847168,13860,0.0,0.0
1991-01-08 00:00:00-05:00,0.0,13.58562285838349,13.451773643493654,13.451773643493652,5610,0.0,0.0
1991-01-09 00:00:00-05:00,0.0,13.384854534803694,13.117156028747559,13.117156028747559,13640,0.0,0.0
1991-01-10 00:00:00-05:00,0.0,13.786400885952087,13.58562755584717,13.585627555847168,880,0.0,0.0
1991-01-11 00:00:00-05:00,0.0,14.187944319707457,13.98717212677002,13.98717212677002,2860,0.0,0.0
1991-01-14 00:00:00-05:00,0.0,13.85332579358756,13.65255355834961,13.65255355834961,3300,0.0,0.0
1991-01-15 00:00:00-05:00,0.0,13.719476817017682,13.58562755584717,13.585627555847168,1100,0.0,0.0
1991-01-16 00:00:00-05:00,0.0,13.585625540050312,13.38485336303711,13.38485336303711,3190,0.0,0.0
1991-01-17 00:00:00-05:00,0.0,15.05796041627121,14.85718822479248,14.85718822479248,32890,0.0,0.0
1991-01-18 00:00:00-05:00,0.0,14.790261108386508,14.522564888000488,14.522564888000488,2860,0.0,0.0
1991-01-21 00:00:00-05:00,0.0,14.121015542834831,13.92024230957031,13.920242309570312,5830,0.0,0.0
1991-01-22 00:00:00-05:00,0.0,14.05409726808729,13.853323936462402,13.853323936462402,220,0.0,0.0
1991-01-23 00:00:00-05:00,0.0,14.18794820187012,14.054100036621094,14.054100036621094,13420,0.0,0.0
1991-01-24 00:00:00-05:00,0.0,14.455640882821431,14.321791648864748,14.321791648864746,5280,0.0,0.0
1991-01-25 00:00:00-05:00,0.0,14.18794820187012,14.054100036621094,14.054100036621094,3080,0.0,0.0
1991-01-28 00:00:00-05:00,0.0,14.254872284494631,14.054100036621094,14.054100036621094,4730,0.0,0.0
1991-01-29 00:00:00-05:00,0.0,14.18794820187012,14.054100036621094,14.054100036621094,7150,0.0,0.0
1991-01-30 00:00:00-05:00,0.0,14.18794516944524,14.12102222442627,14.12102222442627,14410,0.0,0.0
1991-01-31 00:00:00-05:00,0.0,14.18794516944524,14.12102222442627,14.12102222442627,1320,0.0,0.0
1991-02-01 00:00:00-05:00,0.0,14.121021378696605,13.98717212677002,13.98717212677002,1100,0.0,0.0
1991-02-04 00:00:00-05:00,0.0,14.18794516944524,14.12102222442627,14.12102222442627,28270,0.0,0.0
1991-02-05 00:00:00-05:00,0.0,14.321793665030903,14.187944412231444,14.187944412231445,35530,0.0,0.0
1991-02-06 00:00:00-05:00,0.0,14.455640882821431,14.321791648864748,14.321791648864746,20900,0.0,0.0
1991-02-07 00:00:00-05:00,0.0,14.321793665030903,14.187944412231444,14.187944412231445,7370,0.0,0.0
1991-02-08 00:00:00-05:00,0.0,14.589493554394519,14.45564651489258,14.455646514892578,32340,0.0,0.0
1991-02-11 00:00:00-05:00,0.0,14.857187334734936,14.656414031982422,14.656414031982422,16390,0.0,0.0
1991-02-12 00:00:00-05:00,0.0,14.522564978345716,14.388715744018555,14.388715744018555,15290,0.0,0.0
1991-02-13 00:00:00-05:00,0.0,14.589493554394519,14.45564651489258,14.455646514892578,40590,0.0,0.0
1991-02-14 00:00:00-05:00,0.0,14.522564978345716,14.388715744018555,14.388715744018555,32890,0.0,0.0
1991-02-15 00:00:00-05:00,0.0,15.191804103937631,14.991029739379883,14.991029739379883,8360,0.0,0.0
1991-02-19 00:00:00-05:00,0.0,14.991035229143348,14.85718822479248,14.85718822479248,13970,0.0,0.0
1991-02-20 00:00:00-05:00,0.0,14.857185445704744,14.723336219787598,14.723336219787598,52470,0.0,0.0
1991-02-21 00:00:00-05:00,0.0,14.857185445704744,14.723336219787598,14.723336219787598,43340,0.0,0.0
1991-02-22 00:00:00-05:00,0.0,14.656418759098358,14.45564651489258,14.455646514892578,49390,0.0,0.0
1991-02-25 00:00:00-05:00,0.0,14.723340152169193,14.589490890502931,14.58949089050293,24420,0.0,0.0
1991-02-26 00:00:00-05:00,0.0,14.723340152169193,14.589490890502931,14.58949089050293,23760,0.0,0.0
1991-02-27 00:00:00-05:00,0.0,14.924111304868422,14.790263175964355,14.790263175964355,22220,0.0,0.0
1991-02-28 00:00:00-05:00,0.0,14.924111304868422,14.790263175964355,14.790263175964355,16940,0.0,0.0
1991-03-01 00:00:00-05:00,0.0,14.790262151616398,14.656414031982422,14.656414031982422,12430,0.0,0.0
1991-03-04 00:00:00-05:00,0.0,14.790262151616398,14.656414031982422,14.656414031982422,5500,0.0,0.0
1991-03-05 00:00:00-05:00,0.0,14.790262151616398,14.656414031982422,14.656414031982422,17930,0.0,0.0
1991-03-06 00:00:00-05:00,0.0,15.191810750984226,15.12488555908203,15.124885559082031,21230,0.0,0.0
1991-03-07 00:00:00-05:00,0.0,15.191814572800752,15.057965278625488,15.057965278625488,25960,0.0,0.0
1991-03-08 00:00:00-05:00,0.0,15.392582839242852,15.258734703063967,15.258734703063965,6710,0.0,0.0
1991-03-11 00:00:00-05:00,0.0,15.057964467938357,14.92411518096924,14.924115180969238,3960,0.0,0.0
1991-03-12 00:00:00-05:00,0.0,15.191810750984226,15.12488555908203,15.124885559082031,8690,0.0,0.0
1991-03-13 00:00:00-05:00,0.0,15.191814572800752,15.057965278625488,15.057965278625488,26950,0.0,0.0
1991-03-14 00:00:00-05:00,0.0,15.325651848089082,15.191804885864258,15.191804885864258,18480,0.0,0.0
1991-03-15 00:00:00-05:00,0.0,15.258738658237393,15.057965278625488,15.057965278625488,27280,0.0,0.0
1991-03-18 00:00:00-05:00,0.0,15.191813754907473,14.92411518096924,14.924115180969238,1980,0.0,0.0
1991-03-19 00:00:00-05:00,0.0,14.723340152169193,14.589490890502931,14.58949089050293,41910,0.0,0.0
1991-03-20 00:00:00-05:00,0.0,14.857187334734936,14.656414031982422,14.656414031982422,3630,0.0,0.0
1991-03-21 00:00:00-05:00,0.0,14.991035369320453,14.790263175964355,14.790263175964355,14520,0.0,0.0
1991-03-22 00:00:00-05:00,0.0,14.522564938149033,14.321791648864748,14.321791648864746,5830,0.0,0.0
1991-03-25 00:00:00-05:00,0.0,14.388721610986417,14.254872322082518,14.25487232208252,8910,0.0,0.0
1991-03-26 00:00:00-05:00,0.0,14.321797528185437,14.254872322082518,14.25487232208252,11660,0.0,0.0
1991-03-27 00:00:00-05:00,0.0,14.321797490421078,14.054100036621094,14.054100036621094,4180,0.0,0.0
1991-03-28 00:00:00-05:00,0.0,13.987173968024067,13.786401748657225,13.786401748657227,2750,0.0,0.0
1991-04-01 00:00:00-05:00,0.0,14.054090382879217,13.92024230957031,13.920242309570312,60170,0.0,0.0
1991-04-02 00:00:00-05:00,0.0,14.522564938149033,14.321791648864748,14.321791648864746,12430,0.0,0.0
1991-04-03 00:00:00-05:00,0.0,14.656412998193499,14.522564888000488,14.522564888000488,28710,0.0,0.0
1991-04-04 00:00:00-05:00,0.0,14.991032425019075,14.723336219787598,14.723336219787598,28380,0.0,0.0
1991-04-05 00:00:00-05:00,0.0,14.723342840500283,14.45564651489258,14.455646514892578,34980,0.0,0.0
1991-04-08 00:00:00-04:00,0.0,14.589493554394519,14.45564651489258,14.455646514892578,27610,0.0,0.0
1991-04-09 00:00:00-04:00,0.0,14.589487910557079,14.388715744018555,14.388715744018555,49720,0.0,0.0
1991-04-10 00:00:00-04:00,0.0,14.388717729779815,14.187944412231444,14.187944412231445,124190,0.0,0.0
1991-04-11 00:00:00-04:00,0.0,14.522564938149033,14.321791648864748,14.321791648864746,2640,0.0,0.0
1991-04-12 00:00:00-04:00,0.0,14.522564978345716,14.388715744018555,14.388715744018555,1980,0.0,0.0
1991-04-15 00:00:00-04:00,0.0,14.723337053290003,14.522564888000488,14.522564888000488,1760,0.0,0.0
1991-04-16 00:00:00-04:00,0.0,14.656418759098358,14.45564651489258,14.455646514892578,770,0.0,0.0
1991-04-17 00:00:00-04:00,0.0,14.723337053290003,14.522564888000488,14.522564888000488,1760,0.0,0.0
1991-04-18 00:00:00-04:00,0.0,14.455646817089335,14.254872322082518,14.25487232208252,2090,0.0,0.0
1991-04-19 00:00:00-04:00,0.0,14.388717729779815,14.187944412231444,14.187944412231445,2090,0.0,0.0
1991-04-22 00:00:00-04:00,0.0,13.987173968024067,13.786401748657225,13.786401748657227,7040,0.0,0.0
1991-04-23 00:00:00-04:00,0.0,14.388717729779815,14.187944412231444,14.187944412231445,1870,0.0,0.0
1991-04-24 00:00:00-04:00,0.0,14.321794429388262,14.12102222442627,14.12102222442627,3190,0.0,0.0
1991-04-25 00:00:00-04:00,0.0,14.05409726808729,13.853323936462402,13.853323936462402,0,0.0,0.0
1991-04-26 00:00:00-04:00,0.0,14.187944319707457,13.98717212677002,13.98717212677002,660,0.0,0.0
1991-04-29 00:00:00-04:00,0.0,14.254872284494631,14.054100036621094,14.054100036621094,1320,0.0,0.0
1991-04-30 00:00:00-04:00,0.0,14.522564938149033,14.321791648864748,14.321791648864746,7480,0.0,0.0
1991-05-01 00:00:00-04:00,0.0,14.522570596294505,14.45564651489258,14.455646514892578,5170,0.0,0.0
1991-05-02 00:00:00-04:00,0.0,14.58948781979552,14.522564888000488,14.522564888000488,7040,0.0,0.0
1991-05-03 00:00:00-04:00,0.0,14.589487910557079,14.388715744018555,14.388715744018555,6270,0.0,0.0
1991-05-06 00:00:00-04:00,0.0,14.589487910557079,14.388715744018555,14.388715744018555,3520,0.0,0.0
1991-05-07 00:00:00-04:00,0.0,14.589487910557079,14.388715744018555,14.388715744018555,35860,0.0,0.0
1991-05-08 00:00:00-04:00,0.0,14.254868476980356,14.187944412231444,14.187944412231445,8690,0.0,0.0
1991-05-09 00:00:00-04:00,0.0,14.254869237765904,14.12102222442627,14.12102222442627,12540,0.0,0.0
1991-05-10 00:00:00-04:00,0.0,14.054090382879217,13.92024230957031,13.920242309570312,7040,0.0,0.0
1991-05-13 00:00:00-04:00,0.0,13.920249129205173,13.853323936462402,13.853323936462402,13310,0.0,0.0
1991-05-14 00:00:00-04:00,0.0,13.98717319864623,13.853323936462402,13.853323936462402,3190,0.0,0.0
1991-05-15 00:00:00-04:00,0.0,14.121015542834831,13.92024230957031,13.920242309570312,1430,0.0,0.0
1991-05-16 00:00:00-04:00,0.0,14.121021378696605,13.98717212677002,13.98717212677002,25630,0.0,0.0
1991-05-17 00:00:00-04:00,0.0,13.98717319864623,13.853323936462402,13.853323936462402,12870,0.0,0.0
1991-05-20 00:00:00-04:00,0.0,13.920249894901787,13.786401748657225,13.786401748657227,5170,0.0,0.0
1991-05-21 00:00:00-04:00,0.0,14.054096191082499,13.98717212677002,13.98717212677002,15180,0.0,0.0
1991-05-22 00:00:00-04:00,0.0,13.987166346224765,13.92024230957031,13.920242309570312,8800,0.0,0.0
1991-05-23 00:00:00-04:00,0.0,13.920249129205173,13.853323936462402,13.853323936462402,14740,0.0,0.0
1991-05-24 00:00:00-04:00,0.0,14.054090382879217,13.92024230957031,13.920242309570312,23100,0.0,0.0
1991-05-28 00:00:00-04:00,0.0,14.054090382879217,13.92024230957031,13.920242309570312,55000,0.0,0.0
1991-05-29 00:00:00-04:00,0.0,14.054090382879217,13.92024230957031,13.920242309570312,8360,0.0,0.0
1991-05-30 00:00:00-04:00,0.0,14.054090382879217,13.92024230957031,13.920242309570312,13860,0.0,0.0
1991-05-31 00:00:00-04:00,0.0,14.054090382879217,13.92024230957031,13.920242309570312,1320,0.0,0.0
1991-06-03 00:00:00-04:00,0.0,14.054090382879217,13.92024230957031,13.920242309570312,2420,0.0,0.0
1991-06-04 00:00:00-04:00,0.0,14.054090382879217,13.92024230957031,13.920242309570312,3740,0.0,0.0
1991-06-05 00:00:00-04:00,0.0,13.920249894901787,13.786401748657225,13.786401748657227,7590,0.0,0.0
1991-06-06 00:00:00-04:00,0.0,13.920249894901787,13.786401748657225,13.786401748657227,17270,0.0,0.0
1991-06-07 00:00:00-04:00,0.0,13.85331889836117,13.719471931457518,13.71947193145752,8800,0.0,0.0
1991-06-10 00:00:00-04:00,0.0,13.518697689287913,13.451773643493654,13.451773643493652,13860,0.0,0.0
1991-06-11 00:00:00-04:00,0.0,13.65254599090932,13.518696784973145,13.518696784973145,40700,0.0,0.0
1991-06-12 00:00:00-04:00,0.0,13.65254599090932,13.518696784973145,13.518696784973145,4070,0.0,0.0
1991-06-13 00:00:00-04:00,0.0,14.054090382879217,13.92024230957031,13.920242309570312,16170,0.0,0.0
1991-06-14 00:00:00-04:00,0.0,14.054096191082499,13.98717212677002,13.98717212677002,18700,0.0,0.0
1991-06-17 00:00:00-04:00,0.0,13.920249894901787,13.786401748657225,13.786401748657227,16060,0.0,0.0
1991-06-18 00:00:00-04:00,0.0,13.85331889836117,13.719471931457518,13.71947193145752,12980,0.0,0.0
1991-06-19 00:00:00-04:00,0.0,13.85331889836117,13.719471931457518,13.71947193145752,3960,0.0,0.0
1991-06-20 00:00:00-04:00,0.0,14.054096191082499,13.98717212677002,13.98717212677002,3190,0.0,0.0
1991-06-21 00:00:00-04:00,0.0,12.969199110714479,12.76760482788086,12.76760482788086,9680,0.096727,1.1
1991-06-24 00:00:00-04:00,0.0,12.566016257721062,12.431619644165039,12.431619644165039,2970,0.0,0.0
1991-06-25 00:00:00-04:00,0.0,14.34003801147143,14.1922025680542,14.1922025680542,21300,0.0,1.1
1991-06-26 00:00:00-04:00,0.0,14.118287782820444,13.970452308654783,13.970452308654785,9500,0.0,0.0
1991-06-27 00:00:00-04:00,0.0,14.266123517021459,14.118288040161133,14.118288040161133,8100,0.0,0.0
1991-06-28 00:00:00-04:00,0.0,14.118285515433865,14.044367790222168,14.044367790222168,4900,0.0,0.0
1991-07-01 00:00:00-04:00,0.0,14.413955733180044,14.1922025680542,14.1922025680542,6700,0.0,0.0
1991-07-02 00:00:00-04:00,0.0,14.340040552801419,14.266122817993164,14.266122817993164,5900,0.0,0.0
1991-07-03 00:00:00-04:00,0.0,13.970454339058168,13.748701095581055,13.748701095581055,13000,0.0,0.0
1991-07-05 00:00:00-04:00,0.0,14.044364614689604,13.896529197692871,13.896529197692871,7900,0.0,0.0
1991-07-08 00:00:00-04:00,0.0,13.970446906191237,13.896529197692871,13.896529197692871,7200,0.0,0.0
1991-07-09 00:00:00-04:00,0.0,14.34003801147143,14.1922025680542,14.1922025680542,21600,0.0,0.0
1991-07-10 00:00:00-04:00,0.0,14.413958287609674,14.266122817993164,14.266122817993164,7600,0.0,0.0
1991-07-11 00:00:00-04:00,0.0,14.413958287609674,14.266122817993164,14.266122817993164,5200,0.0,0.0
1991-07-12 00:00:00-04:00,0.0,14.635712370580556,14.487876892089844,14.487876892089844,16800,0.0,0.0
1991-07-15 00:00:00-04:00,0.0,14.5617946313352,14.487876892089844,14.487876892089844,10600,0.0,0.0
1991-07-16 00:00:00-04:00,0.0,14.487878202780697,14.413960456848143,14.413960456848145,8000,0.0,0.0
1991-07-17 00:00:00-04:00,0.0,14.340040552801419,14.266122817993164,14.266122817993164,29200,0.0,0.0
1991-07-18 00:00:00-04:00,0.0,14.266123517021459,14.118288040161133,14.118288040161133,8700,0.0,0.0
1991-07-19 00:00:00-04:00,0.0,14.266120289762814,14.1922025680542,14.1922025680542,14000,0.0,0.0
1991-07-22 00:00:00-04:00,0.0,14.118287782820444,13.970452308654783,13.970452308654785,29700,0.0,0.0
1991-07-23 00:00:00-04:00,0.0,14.19220324064556,14.044367790222168,14.044367790222168,7200,0.0,0.0
1991-07-24 00:00:00-04:00,0.0,14.266123517021459,14.118288040161133,14.118288040161133,13500,0.0,0.0
1991-07-25 00:00:00-04:00,0.0,14.044364614689604,13.896529197692871,13.896529197692871,1900,0.0,0.0
1991-07-26 00:00:00-04:00,0.0,14.19220324064556,14.044367790222168,14.044367790222168,2900,0.0,0.0
1991-07-29 00:00:00-04:00,0.0,14.118287782820444,13.970452308654783,13.970452308654785,5800,0.0,0.0
1991-07-30 00:00:00-04:00,0.0,14.192205778591296,14.118288040161133,14.118288040161133,15500,0.0,0.0
1991-07-31 00:00:00-04:00,0.0,14.192205778591296,14.118288040161133,14.118288040161133,8700,0.0,0.0
1991-08-01 00:00:00-04:00,0.0,14.192205519903272,13.970452308654783,13.970452308654785,8200,0.0,0.0
1991-08-02 00:00:00-04:00,0.0,14.266123517021459,14.118288040161133,14.118288040161133,15200,0.0,0.0
1991-08-05 00:00:00-04:00,0.0,14.266123517021459,14.118288040161133,14.118288040161133,3000,0.0,0.0
1991-08-06 00:00:00-04:00,0.0,14.413955733180044,14.1922025680542,14.1922025680542,33800,0.0,0.0
1991-08-07 00:00:00-04:00,0.0,14.192205778591296,14.118288040161133,14.118288040161133,74900,0.0,0.0
1991-08-08 00:00:00-04:00,0.0,14.266123517021459,14.118288040161133,14.118288040161133,20500,0.0,0.0
1991-08-09 00:00:00-04:00,0.0,14.118287782820444,13.970452308654783,13.970452308654785,50300,0.0,0.0
1991-08-12 00:00:00-04:00,0.0,13.970446906191237,13.896529197692871,13.896529197692871,23300,0.0,0.0
1991-08-13 00:00:00-04:00,0.0,13.970457831806039,13.822622299194336,13.822622299194336,35700,0.0,0.0
1991-08-14 00:00:00-04:00,0.0,13.896536591232463,13.748701095581055,13.748701095581055,30900,0.0,0.0
1991-08-15 00:00:00-04:00,0.0,13.674784436251947,13.526948928833008,13.526948928833008,35600,0.0,0.0
1991-08-16 00:00:00-04:00,0.0,13.379108146582237,13.231272697448732,13.23127269744873,17900,0.0,0.0
1991-08-19 00:00:00-04:00,0.0,12.861683557199877,12.713848114013672,12.713848114013672,83000,0.0,0.0
1991-08-20 00:00:00-04:00,0.0,13.23127434078583,13.083438873291016,13.083438873291016,10500,0.0,0.0
1991-08-21 00:00:00-04:00,0.0,13.970457831806039,13.822622299194336,13.822622299194336,20500,0.0,0.0
1991-08-22 00:00:00-04:00,0.0,13.674776082510476,13.453022956848145,13.453022956848145,36900,0.0,0.0
1991-08-23 00:00:00-04:00,0.0,13.526945809633036,13.379110336303713,13.379110336303711,32900,0.0,0.0
1991-08-26 00:00:00-04:00,0.0,13.453027460310194,13.305191993713379,13.305191993713379,800,0.0,0.0
1991-08-27 00:00:00-04:00,0.0,13.305192690217094,13.157357215881348,13.157357215881348,5200,0.0,0.0
1991-08-28 00:00:00-04:00,0.0,13.379108146582237,13.231272697448732,13.23127269744873,16300,0.0,0.0
1991-08-29 00:00:00-04:00,0.0,13.379109727011786,13.305191993713379,13.305191993713379,11700,0.0,0.0
1991-08-30 00:00:00-04:00,0.0,13.379108146582237,13.231272697448732,13.23127269744873,3500,0.0,0.0
1991-09-03 00:00:00-04:00,0.0,13.379108146582237,13.231272697448732,13.23127269744873,10500,0.0,0.0
1991-09-04 00:00:00-04:00,0.0,13.674784436251947,13.526948928833008,13.526948928833008,18300,0.0,0.0
1991-09-05 00:00:00-04:00,0.0,13.526945809633036,13.379110336303713,13.379110336303711,21300,0.0,0.0
1991-09-06 00:00:00-04:00,0.0,13.600863546297695,13.379110336303713,13.379110336303711,6200,0.0,0.0
1991-09-09 00:00:00-04:00,0.0,13.600858373956367,13.453022956848145,13.453022956848145,3300,0.0,0.0
1991-09-10 00:00:00-04:00,0.0,13.379108146582237,13.231272697448732,13.23127269744873,3700,0.0,0.0
1991-09-11 00:00:00-04:00,0.0,13.453027460310194,13.305191993713379,13.305191993713379,3900,0.0,0.0
1991-09-12 00:00:00-04:00,0.0,13.526940665402256,13.453022956848145,13.453022956848145,22600,0.0,0.0
1991-09-13 00:00:00-04:00,0.0,13.600866682542478,13.526948928833008,13.526948928833008,4100,0.0,0.0
1991-09-16 00:00:00-04:00,0.0,13.674784436251947,13.526948928833008,13.526948928833008,6500,0.0,0.0
1991-09-17 00:00:00-04:00,13.526948928833008,13.526948928833008,13.526948928833008,13.526948928833008,0,0.0,0.0
1991-09-18 00:00:00-04:00,0.0,13.82261860370636,13.600865364074707,13.600865364074707,3400,0.0,0.0
1991-09-19 00:00:00-04:00,0.0,13.822616314243625,13.674780845642088,13.67478084564209,14900,0.0,0.0
1991-09-20 00:00:00-04:00,0.0,13.822616314243625,13.674780845642088,13.67478084564209,6000,0.0,0.0
1991-09-23 00:00:00-04:00,0.0,13.896536591232463,13.748701095581055,13.748701095581055,1700,0.0,0.0
1991-09-24 00:00:00-04:00,0.0,14.19220324064556,14.044367790222168,14.044367790222168,4300,0.0,0.0
1991-09-25 00:00:00-04:00,0.0,14.266120289762814,14.1922025680542,14.1922025680542,11900,0.0,0.0
1991-09-26 00:00:00-04:00,0.0,14.34003801147143,14.1922025680542,14.1922025680542,2300,0.0,0.0
1991-09-27 00:00:00-04:00,0.0,14.118287782820444,13.970452308654783,13.970452308654785,7800,0.0,0.0
1991-09-30 00:00:00-04:00,0.0,14.19220324064556,14.044367790222168,14.044367790222168,6900,0.0,0.0
1991-10-01 00:00:00-04:00,0.0,14.266123517021459,14.118288040161133,14.118288040161133,2400,0.0,0.0
1991-10-02 00:00:00-04:00,0.0,14.340040552801419,14.266122817993164,14.266122817993164,8100,0.0,0.0
1991-10-03 00:00:00-04:00,0.0,14.487878202780697,14.413960456848143,14.413960456848145,21400,0.0,0.0
1991-10-04 00:00:00-04:00,0.0,14.34003801147143,14.1922025680542,14.1922025680542,3500,0.0,0.0
1991-10-07 00:00:00-04:00,0.0,14.413955733180044,14.1922025680542,14.1922025680542,25100,0.0,0.0
1991-10-08 00:00:00-04:00,0.0,14.192205778591296,14.118288040161133,14.118288040161133,29400,0.0,0.0
1991-10-09 00:00:00-04:00,0.0,14.266120289762814,14.1922025680542,14.1922025680542,67000,0.0,0.0
1991-10-10 00:00:00-04:00,0.0,14.34003801147143,14.1922025680542,14.1922025680542,2000,0.0,0.0
1991-10-11 00:00:00-04:00,0.0,14.487878202780697,14.413960456848143,14.413960456848145,4600,0.0,0.0
1991-10-14 00:00:00-04:00,0.0,14.413958287609674,14.266122817993164,14.266122817993164,4800,0.0,0.0
1991-10-15 00:00:00-04:00,0.0,14.266123517021459,14.118288040161133,14.118288040161133,1700,0.0,0.0
1991-10-16 00:00:00-04:00,0.0,14.487874709453779,14.340039253234863,14.340039253234863,52000,0.0,0.0
1991-10-17 00:00:00-04:00,0.0,14.41395698134432,14.340039253234863,14.340039253234863,33600,0.0,0.0
1991-10-18 00:00:00-04:00,0.0,14.5617946313352,14.487876892089844,14.487876892089844,23500,0.0,0.0
1991-10-21 00:00:00-04:00,0.0,14.413958287609674,14.266122817993164,14.266122817993164,35500,0.0,0.0
1991-10-22 00:00:00-04:00,0.0,14.340040552801419,14.266122817993164,14.266122817993164,38100,0.0,0.0
1991-10-23 00:00:00-04:00,0.0,14.266120289762814,14.1922025680542,14.1922025680542,7800,0.0,0.0
1991-10-24 00:00:00-04:00,0.0,14.266120289762814,14.1922025680542,14.1922025680542,16400,0.0,0.0
1991-10-25 00:00:00-04:00,0.0,14.266123517021459,14.118288040161133,14.118288040161133,7600,0.0,0.0
1991-10-28 00:00:00-05:00,0.0,14.19220324064556,14.044367790222168,14.044367790222168,28300,0.0,0.0
1991-10-29 00:00:00-05:00,0.0,14.266120289762814,14.1922025680542,14.1922025680542,10300,0.0,0.0
1991-10-30 00:00:00-05:00,0.0,14.266120289762814,14.1922025680542,14.1922025680542,4900,0.0,0.0
1991-10-31 00:00:00-05:00,0.0,14.34003801147143,14.1922025680542,14.1922025680542,23400,0.0,0.0
1991-11-01 00:00:00-05:00,0.0,14.635710101442287,14.561792373657227,14.561792373657227,10700,0.0,0.0
1991-11-04 00:00:00-05:00,0.0,14.709625571665137,14.63570785522461,14.63570785522461,3700,0.0,0.0
1991-11-05 00:00:00-05:00,0.0,14.266123517021459,14.118288040161133,14.118288040161133,60000,0.0,0.0
1991-11-06 00:00:00-05:00,0.0,14.34003801147143,14.1922025680542,14.1922025680542,4500,0.0,0.0
1991-11-07 00:00:00-05:00,0.0,14.192205778591296,14.118288040161133,14.118288040161133,28400,0.0,0.0
1991-11-08 00:00:00-05:00,0.0,14.19220324064556,14.044367790222168,14.044367790222168,9700,0.0,0.0
1991-11-11 00:00:00-05:00,0.0,14.266123517021459,14.118288040161133,14.118288040161133,2400,0.0,0.0
1991-11-12 00:00:00-05:00,0.0,14.413955733180044,14.1922025680542,14.1922025680542,5900,0.0,0.0
1991-11-13 00:00:00-05:00,0.0,14.34003801147143,14.1922025680542,14.1922025680542,10100,0.0,0.0
1991-11-14 00:00:00-05:00,0.0,14.266123517021459,14.118288040161133,14.118288040161133,17400,0.0,0.0
1991-11-15 00:00:00-05:00,0.0,13.600858373956367,13.453022956848145,13.453022956848145,49400,0.0,0.0
1991-11-18 00:00:00-05:00,0.0,13.822616314243625,13.674780845642088,13.67478084564209,13900,0.0,0.0
1991-11-19 00:00:00-05:00,0.0,13.526945809633036,13.379110336303713,13.379110336303711,6900,0.0,0.0
1991-11-20 00:00:00-05:00,0.0,13.600858373956367,13.453022956848145,13.453022956848145,2500,0.0,0.0
1991-11-21 00:00:00-05:00,0.0,13.600858373956367,13.453022956848145,13.453022956848145,1200,0.0,0.0
1991-11-22 00:00:00-05:00,0.0,13.526945193608602,13.305191993713379,13.305191993713379,9300,0.0,0.0
1991-11-25 00:00:00-05:00,0.0,13.526945809633036,13.379110336303713,13.379110336303711,3200,0.0,0.0
1991-11-26 00:00:00-05:00,0.0,13.379108146582237,13.231272697448732,13.23127269744873,4600,0.0,0.0
1991-11-27 00:00:00-05:00,0.0,13.305190422015484,13.231272697448732,13.23127269744873,6900,0.0,0.0
1991-11-29 00:00:00-05:00,0.0,13.305192690217094,13.157357215881348,13.157357215881348,5500,0.0,0.0
1991-12-02 00:00:00-05:00,0.0,13.23127495304922,13.157357215881348,13.157357215881348,11000,0.0,0.0
1991-12-03 00:00:00-05:00,0.0,13.453027460310194,13.305191993713379,13.305191993713379,7500,0.0,0.0
1991-12-04 00:00:00-05:00,0.0,13.379108146582237,13.231272697448732,13.23127269744873,29700,0.0,0.0
1991-12-05 00:00:00-05:00,0.0,13.379109727011786,13.305191993713379,13.305191993713379,57000,0.0,0.0
1991-12-06 00:00:00-05:00,0.0,13.453027460310194,13.305191993713379,13.305191993713379,10500,0.0,0.0
1991-12-09 00:00:00-05:00,0.0,13.453027460310194,13.305191993713379,13.305191993713379,10200,0.0,0.0
1991-12-10 00:00:00-05:00,0.0,13.379108146582237,13.231272697448732,13.23127269744873,4200,0.0,0.0
1991-12-11 00:00:00-05:00,0.0,13.379108146582237,13.231272697448732,13.23127269744873,10000,0.0,0.0
1991-12-12 00:00:00-05:00,0.0,13.600858373956367,13.453022956848145,13.453022956848145,8900,0.0,0.0
1991-12-13 00:00:00-05:00,0.0,13.748698579942857,13.674780845642088,13.67478084564209,31900,0.0,0.0
1991-12-16 00:00:00-05:00,0.0,13.748700857162476,13.600865364074707,13.600865364074707,6400,0.0,0.0
1991-12-17 00:00:00-05:00,0.0,13.674784436251947,13.526948928833008,13.526948928833008,6500,0.0,0.0
1991-12-18 00:00:00-05:00,0.0,13.526945809633036,13.379110336303713,13.379110336303711,10400,0.0,0.0
1991-12-19 00:00:00-05:00,0.0,13.305190422015484,13.231272697448732,13.23127269744873,2800,0.0,0.0
1991-12-20 00:00:00-05:00,0.0,13.379110427384965,13.157357215881348,13.157357215881348,20200,0.0,0.0
1991-12-23 00:00:00-05:00,0.0,13.518645117017957,13.370088577270508,13.370088577270508,5400,0.108,0.0
1991-12-24 00:00:00-05:00,0.0,13.592919721708194,13.518641471862793,13.518641471862793,95100,0.0,0.0
1991-12-26 00:00:00-05:00,0.0,14.038596015562986,13.890039443969727,13.890039443969727,50500,0.0,0.0
1991-12-27 00:00:00-05:00,0.0,13.964317729766355,13.890039443969727,13.890039443969727,4100,0.0,0.0
1991-12-30 00:00:00-05:00,0.0,14.261429636101973,14.112873077392576,14.112873077392578,29600,0.0,0.0
1991-12-31 00:00:00-05:00,0.0,14.40998675561076,14.18715190887451,14.187151908874512,46700,0.0,0.0
1992-01-02 00:00:00-05:00,0.0,14.484259402813688,14.335702896118162,14.335702896118164,13700,0.0,0.0
1992-01-03 00:00:00-05:00,0.0,14.7813795690004,14.632822990417482,14.63282299041748,36300,0.0,0.0
1992-01-06 00:00:00-05:00,0.0,14.855659369266395,14.70710277557373,14.70710277557373,34700,0.0,0.0
1992-01-07 00:00:00-05:00,0.0,14.484259402813688,14.335702896118162,14.335702896118164,15200,0.0,0.0
1992-01-08 00:00:00-05:00,0.0,14.038596015562986,13.890039443969727,13.890039443969727,12500,0.0,0.0
1992-01-09 00:00:00-05:00,0.0,13.890040268769134,13.74148368835449,13.741483688354492,7600,0.0,0.0
1992-01-10 00:00:00-05:00,0.0,13.444373993900234,13.295817375183105,13.295817375183105,17200,0.0,0.0
1992-01-13 00:00:00-05:00,0.0,13.147252856663297,12.998696327209474,12.998696327209473,6300,0.0,0.0
1992-01-14 00:00:00-05:00,0.0,13.518645681728973,13.44436740875244,13.444367408752441,31800,0.0,0.0
1992-01-15 00:00:00-05:00,0.0,13.518645117017957,13.370088577270508,13.370088577270508,16900,0.0,0.0
1992-01-16 00:00:00-05:00,0.0,13.221539410677822,13.072982788085938,13.072982788085938,8600,0.0,0.0
1992-01-17 00:00:00-05:00,0.0,13.518645117017957,13.370088577270508,13.370088577270508,30200,0.0,0.0
1992-01-20 00:00:00-05:00,0.0,13.592923386891684,13.370088577270508,13.370088577270508,4700,0.0,0.0
1992-01-21 00:00:00-05:00,0.0,13.89003681099933,13.66720199584961,13.66720199584961,4000,0.0,0.0
1992-01-22 00:00:00-05:00,0.0,14.187151356747275,14.112873077392576,14.112873077392578,5800,0.0,0.0
1992-01-23 00:00:00-05:00,0.0,14.038596015562986,13.890039443969727,13.890039443969727,6600,0.0,0.0
1992-01-24 00:00:00-05:00,0.0,13.96431621428459,13.815759658813477,13.815759658813477,13000,0.0,0.0
1992-01-27 00:00:00-05:00,0.0,13.592923954705507,13.44436740875244,13.444367408752441,11800,0.0,0.0
1992-01-28 00:00:00-05:00,0.0,13.667197971553593,13.518641471862793,13.518641471862793,5900,0.0,0.0
1992-01-29 00:00:00-05:00,0.0,13.667197971553593,13.518641471862793,13.518641471862793,4100,0.0,0.0
1992-01-30 00:00:00-05:00,0.0,13.667197971553593,13.518641471862793,13.518641471862793,4100,0.0,0.0
1992-01-31 00:00:00-05:00,0.0,13.815761978561813,13.74148368835449,13.741483688354492,2200,0.0,0.0
1992-02-03 00:00:00-05:00,0.0,13.815758539282756,13.66720199584961,13.66720199584961,21800,0.0,0.0
1992-02-04 00:00:00-05:00,0.0,13.741480267566182,13.66720199584961,13.66720199584961,2800,0.0,0.0
1992-02-05 00:00:00-05:00,0.0,13.815758539282756,13.66720199584961,13.66720199584961,11300,0.0,0.0
1992-02-06 00:00:00-05:00,0.0,13.815761978561813,13.74148368835449,13.741483688354492,8000,0.0,0.0
1992-02-07 00:00:00-05:00,0.0,13.815761978561813,13.74148368835449,13.741483688354492,6100,0.0,0.0
1992-02-10 00:00:00-05:00,0.0,13.74148259397413,13.592926025390625,13.592926025390625,9500,0.0,0.0
1992-02-11 00:00:00-05:00,0.0,13.667197971553593,13.518641471862793,13.518641471862793,38300,0.0,0.0
1992-02-12 00:00:00-05:00,0.0,13.592923954705507,13.44436740875244,13.444367408752441,2400,0.0,0.0
1992-02-13 00:00:00-05:00,0.0,13.518645117017957,13.370088577270508,13.370088577270508,3200,0.0,0.0
1992-02-14 00:00:00-05:00,0.0,13.14726109938188,13.072982788085938,13.072982788085938,42400,0.0,0.0
1992-02-18 00:00:00-05:00,0.0,13.221539410677822,13.072982788085938,13.072982788085938,7300,0.0,0.0
1992-02-19 00:00:00-05:00,0.0,13.444373993900234,13.295817375183105,13.295817375183105,84800,0.0,0.0
1992-02-20 00:00:00-05:00,0.0,13.444373993900234,13.295817375183105,13.295817375183105,17900,0.0,0.0
1992-02-21 00:00:00-05:00,0.0,13.444373993900234,13.295817375183105,13.295817375183105,3400,0.0,0.0
1992-02-24 00:00:00-05:00,0.0,13.37008840582344,13.221531867980957,13.221531867980957,6300,0.0,0.0
1992-02-25 00:00:00-05:00,0.0,13.37008840582344,13.221531867980957,13.221531867980957,5400,0.0,0.0
1992-02-26 00:00:00-05:00,0.0,13.37008840582344,13.221531867980957,13.221531867980957,7500,0.0,0.0
1992-02-27 00:00:00-05:00,0.0,13.37008840582344,13.221531867980957,13.221531867980957,6000,0.0,0.0
1992-02-28 00:00:00-05:00,0.0,13.444373993900234,13.295817375183105,13.295817375183105,5300,0.0,0.0
1992-03-02 00:00:00-05:00,0.0,13.37009568454167,13.295817375183105,13.295817375183105,11900,0.0,0.0
1992-03-03 00:00:00-05:00,0.0,12.701583687370345,12.553027153015137,12.553027153015137,11900,0.0,0.0
1992-03-04 00:00:00-05:00,0.0,12.478754466165327,12.404476165771484,12.404476165771484,9800,0.0,0.0
1992-03-05 00:00:00-05:00,0.0,12.404477456720864,12.181642532348633,12.181642532348633,7500,0.0,0.0
1992-03-06 00:00:00-05:00,0.0,12.25591741456576,12.10736083984375,12.10736083984375,2400,0.0,0.0
1992-03-09 00:00:00-05:00,0.0,11.958803026931092,11.810246467590332,11.810246467590332,14500,0.0,0.0
1992-03-10 00:00:00-05:00,0.0,12.107358772562156,11.958802223205566,11.958802223205566,8800,0.0,0.0
1992-03-11 00:00:00-05:00,0.0,11.884522256971914,11.735965728759766,11.735965728759766,11000,0.0,0.0
1992-03-12 00:00:00-05:00,0.0,11.587411326746787,11.51313304901123,11.51313304901123,9400,0.0,0.0
1992-03-13 00:00:00-05:00,0.0,11.513133299978154,11.290298461914062,11.290298461914062,18500,0.0,0.0
1992-03-16 00:00:00-05:00,0.0,11.364573282911287,11.216016769409178,11.21601676940918,26400,0.0,0.0
1992-03-17 00:00:00-05:00,0.0,11.5874107658089,11.438854217529297,11.438854217529297,9100,0.0,0.0
1992-03-18 00:00:00-05:00,0.0,11.735968996764749,11.661690711975098,11.661690711975098,42400,0.0,0.0
1992-03-19 00:00:00-05:00,0.0,12.404476055954442,12.255919456481934,12.255919456481934,17300,0.0,0.0
1992-03-20 00:00:00-05:00,0.0,12.330199148596787,12.181642532348633,12.181642532348633,26000,0.0,0.0
1992-03-23 00:00:00-05:00,0.0,12.25591741456576,12.10736083984375,12.10736083984375,22300,0.0,0.0
1992-03-24 00:00:00-05:00,0.0,12.330199148596787,12.181642532348633,12.181642532348633,47000,0.0,0.0
1992-03-25 00:00:00-05:00,0.0,12.478757789336054,12.330201148986815,12.330201148986816,30900,0.0,0.0
1992-03-26 00:00:00-05:00,0.0,12.25591741456576,12.10736083984375,12.10736083984375,11000,0.0,0.0
1992-03-27 00:00:00-05:00,0.0,12.255912003693759,12.033077239990234,12.033077239990234,16900,0.0,0.0
1992-03-30 00:00:00-05:00,0.0,12.330199148596787,12.181642532348633,12.181642532348633,49500,0.0,0.0
1992-03-31 00:00:00-05:00,0.0,12.330197756218189,12.255919456481934,12.255919456481934,29100,0.0,0.0
1992-04-01 00:00:00-05:00,0.0,12.033078968524933,11.884522438049316,11.884522438049316,7900,0.0,0.0
1992-04-02 00:00:00-05:00,0.0,12.03308049788386,11.958802223205566,11.958802223205566,26000,0.0,0.0
1992-04-03 00:00:00-05:00,0.0,12.181639127204754,12.10736083984375,12.10736083984375,14500,0.0,0.0
1992-04-06 00:00:00-04:00,0.0,12.404476055954442,12.255919456481934,12.255919456481934,111500,0.0,0.0
1992-04-07 00:00:00-04:00,0.0,12.181633749125917,12.033077239990234,12.033077239990234,9900,0.0,0.0
1992-04-08 00:00:00-04:00,0.0,12.107358772562156,11.958802223205566,11.958802223205566,12300,0.0,0.0
1992-04-09 00:00:00-04:00,0.0,12.404476055954442,12.255919456481934,12.255919456481934,33200,0.0,0.0
1992-04-10 00:00:00-04:00,0.0,12.627309674308414,12.478753089904785,12.478753089904785,15200,0.0,0.0
1992-04-13 00:00:00-04:00,0.0,12.478754466165327,12.404476165771484,12.404476165771484,15900,0.0,0.0
1992-04-14 00:00:00-04:00,0.0,12.701583687370345,12.553027153015137,12.553027153015137,10400,0.0,0.0
1992-04-15 00:00:00-04:00,0.0,12.850142883699995,12.775864601135254,12.775864601135254,30300,0.0,0.0
1992-04-16 00:00:00-04:00,0.0,12.998700968791985,12.850144386291504,12.850144386291504,27400,0.0,0.0
1992-04-20 00:00:00-04:00,0.0,12.627309674308414,12.478753089904785,12.478753089904785,21500,0.0,0.0
1992-04-21 00:00:00-04:00,0.0,12.701583687370345,12.553027153015137,12.553027153015137,36900,0.0,0.0
1992-04-22 00:00:00-04:00,0.0,12.701587966510228,12.478753089904785,12.478753089904785,27600,0.0,0.0
1992-04-23 00:00:00-04:00,0.0,12.775861954547949,12.553027153015137,12.553027153015137,27500,0.0,0.0
1992-04-24 00:00:00-04:00,0.0,12.850143293191117,12.701586723327635,12.701586723327637,17200,0.0,0.0
1992-04-27 00:00:00-04:00,0.0,13.072976912575205,12.924420356750487,12.924420356750488,12800,0.0,0.0
1992-04-28 00:00:00-04:00,0.0,13.22153034317965,13.147252082824707,13.147252082824707,130100,0.0,0.0
1992-04-29 00:00:00-04:00,0.0,13.22153034317965,13.147252082824707,13.147252082824707,88900,0.0,0.0
1992-04-30 00:00:00-04:00,0.0,13.295810136902197,13.221531867980957,13.221531867980957,31000,0.0,0.0
1992-05-01 00:00:00-04:00,0.0,13.22153034317965,13.147252082824707,13.147252082824707,57100,0.0,0.0
1992-05-04 00:00:00-04:00,0.0,13.295810136902197,13.221531867980957,13.221531867980957,34800,0.0,0.0
1992-05-05 00:00:00-04:00,0.0,13.37008840582344,13.221531867980957,13.221531867980957,63000,0.0,0.0
1992-05-06 00:00:00-04:00,0.0,13.444366847144233,13.370088577270508,13.370088577270508,93500,0.0,0.0
1992-05-07 00:00:00-04:00,0.0,13.592919721708194,13.518641471862793,13.518641471862793,97500,0.0,0.0
1992-05-08 00:00:00-04:00,0.0,13.37009568454167,13.295817375183105,13.295817375183105,59000,0.0,0.0
1992-05-11 00:00:00-04:00,0.0,13.444373993900234,13.295817375183105,13.295817375183105,27200,0.0,0.0
1992-05-12 00:00:00-04:00,0.0,13.518645681728973,13.44436740875244,13.444367408752441,58000,0.0,0.0
1992-05-13 00:00:00-04:00,0.0,13.592923954705507,13.44436740875244,13.444367408752441,51300,0.0,0.0
1992-05-14 00:00:00-04:00,0.0,13.518645117017957,13.370088577270508,13.370088577270508,40700,0.0,0.0
1992-05-15 00:00:00-04:00,0.0,13.444373993900234,13.295817375183105,13.295817375183105,23000,0.0,0.0
1992-05-18 00:00:00-04:00,0.0,13.518645681728973,13.44436740875244,13.444367408752441,20600,0.0,0.0
1992-05-19 00:00:00-04:00,0.0,13.667204309682377,13.592926025390625,13.592926025390625,19700,0.0,0.0
1992-05-20 00:00:00-04:00,0.0,13.667204309682377,13.592926025390625,13.592926025390625,39500,0.0,0.0
1992-05-21 00:00:00-04:00,0.0,13.667204309682377,13.592926025390625,13.592926025390625,55200,0.0,0.0
1992-05-22 00:00:00-04:00,0.0,13.667204309682377,13.592926025390625,13.592926025390625,16200,0.0,0.0
1992-05-26 00:00:00-04:00,0.0,13.74148259397413,13.592926025390625,13.592926025390625,8400,0.0,0.0
1992-05-27 00:00:00-04:00,0.0,13.74148259397413,13.592926025390625,13.592926025390625,17700,0.0,0.0
1992-05-28 00:00:00-04:00,0.0,13.74148259397413,13.592926025390625,13.592926025390625,19500,0.0,0.0
1992-05-29 00:00:00-04:00,0.0,14.038596015562986,13.890039443969727,13.890039443969727,21100,0.0,0.0
1992-06-01 00:00:00-04:00,0.0,14.038593687909716,13.964315414428711,13.964315414428711,30400,0.0,0.0
1992-06-02 00:00:00-04:00,0.0,14.038596015562986,13.890039443969727,13.890039443969727,20400,0.0,0.0
1992-06-03 00:00:00-04:00,0.0,14.038596015562986,13.890039443969727,13.890039443969727,24200,0.0,0.0
1992-06-04 00:00:00-04:00,0.0,14.038596015562986,13.890039443969727,13.890039443969727,10100,0.0,0.0
1992-06-05 00:00:00-04:00,0.0,14.187151356747275,14.112873077392576,14.112873077392578,14200,0.0,0.0
1992-06-08 00:00:00-04:00,0.0,14.187149835011315,14.038593292236326,14.038593292236328,58200,0.0,0.0
1992-06-09 00:00:00-04:00,0.0,14.038596015562986,13.890039443969727,13.890039443969727,29000,0.0,0.0
1992-06-10 00:00:00-04:00,0.0,14.038596015562986,13.890039443969727,13.890039443969727,12300,0.0,0.0
1992-06-11 00:00:00-04:00,0.0,14.112871563623822,14.038593292236326,14.038593292236328,17100,0.0,0.0
1992-06-12 00:00:00-04:00,0.0,14.038593687909716,13.964315414428711,13.964315414428711,19400,0.0,0.0
1992-06-15 00:00:00-04:00,13.815758539282756,13.815758539282756,13.66720199584961,13.66720199584961,8500,0.0,0.0
1992-06-16 00:00:00-04:00,13.815761158173096,13.890039443969727,13.741482872376467,13.890039443969727,17900,0.0,0.0
1992-06-17 00:00:00-04:00,13.74148368835449,13.74148368835449,13.592927107939849,13.741483688354492,13200,0.0,0.0
1992-06-18 00:00:00-04:00,13.518647741098874,13.74148259397413,13.518647741098874,13.592926025390625,15500,0.0,0.0
1992-06-19 00:00:00-04:00,13.518647741098874,13.592926025390625,13.444369456807122,13.592926025390625,16200,0.0,0.0
1992-06-22 00:00:00-04:00,13.444366847144233,13.444366847144233,13.370088577270508,13.370088577270508,51400,0.0,0.0
1992-06-23 00:00:00-04:00,13.523108331232123,13.672534942626955,13.523108331232123,13.672534942626953,13500,0.131,0.0
1992-06-24 00:00:00-04:00,13.672534942626955,13.672534942626955,13.523108331232123,13.672534942626953,16800,0.0,0.0
1992-06-25 00:00:00-04:00,13.672529650771098,13.821956204331439,13.597816373990929,13.74724292755127,12400,0.0,0.0
1992-06-26 00:00:00-04:00,13.747242927551268,13.747242927551268,13.672529650771098,13.74724292755127,7700,0.0,0.0
1992-06-29 00:00:00-04:00,13.747237664300043,13.821950912475588,13.6725244161245,13.821950912475586,9500,0.0,0.0
1992-06-30 00:00:00-04:00,13.821956204331439,13.821956204331439,13.672529650771098,13.74724292755127,10900,0.0,0.0
1992-07-01 00:00:00-04:00,13.747242927551268,13.747242927551268,13.597816373990929,13.74724292755127,3500,0.0,0.0
1992-07-02 00:00:00-04:00,13.89666929650814,14.046095848083496,13.89666929650814,14.046095848083496,12700,0.0,0.0
1992-07-06 00:00:00-04:00,14.046090657002217,14.046090657002217,13.821950912475588,13.821950912475586,16300,0.0,0.0
1992-07-07 00:00:00-04:00,13.821956204331439,13.896669481111608,13.747242927551268,13.74724292755127,32900,0.0,0.0
1992-07-08 00:00:00-04:00,13.74724824832437,13.821961554021785,13.672534942626955,13.672534942626953,14100,0.0,0.0
1992-07-09 00:00:00-04:00,13.747244197417071,13.971384048461916,13.747244197417071,13.971384048461914,16500,0.0,0.0
1992-07-10 00:00:00-04:00,13.971382572295818,14.046095848083496,13.89666929650814,14.046095848083496,6600,0.0,0.0
1992-07-13 00:00:00-04:00,14.270241186022758,14.344954490661621,14.270241186022758,14.344954490661621,12900,0.0,0.0
1992-07-14 00:00:00-04:00,14.344948858963818,14.344948858963818,14.195522308349611,14.19552230834961,122800,0.0,0.0
1992-07-15 00:00:00-04:00,14.195527881383896,14.344954490661621,14.195527881383896,14.344954490661621,32900,0.0,0.0
1992-07-16 00:00:00-04:00,14.344949292886945,14.344949292886945,14.195522737752706,14.270236015319824,9800,0.0,0.0
1992-07-17 00:00:00-04:00,14.270236015319824,14.270236015319824,14.120809460185585,14.270236015319824,7000,0.0,0.0
1992-07-20 00:00:00-04:00,13.747242927551268,13.747242927551268,13.672529650771098,13.74724292755127,29000,0.0,0.0
1992-07-21 00:00:00-04:00,13.747242927551268,13.747242927551268,13.672529650771098,13.74724292755127,5400,0.0,0.0
1992-07-22 00:00:00-04:00,13.2242488861084,13.2242488861084,13.07482234502243,13.224248886108398,60700,0.0,0.0
1992-07-23 00:00:00-04:00,13.2242488861084,13.373675427194371,13.2242488861084,13.224248886108398,11000,0.0,0.0
1992-07-24 00:00:00-04:00,13.2242488861084,13.2242488861084,13.149535615565414,13.224248886108398,19600,0.0,0.0
1992-07-27 00:00:00-04:00,13.14953899383545,13.14953899383545,13.000112414360046,13.14953899383545,85500,0.0,0.0
1992-07-28 00:00:00-04:00,13.149535615565414,13.2242488861084,13.07482234502243,13.224248886108398,74500,0.0,0.0
1992-07-29 00:00:00-04:00,13.074821472167969,13.074821472167969,12.850681675502232,13.074821472167969,87700,0.0,0.0
1992-07-30 00:00:00-04:00,13.074821472167969,13.074821472167969,12.925394941057476,13.074821472167969,31900,0.0,0.0
1992-07-31 00:00:00-04:00,13.149536990047839,13.298963546752928,13.149536990047839,13.29896354675293,75700,0.0,0.0
1992-08-03 00:00:00-04:00,13.298963546752928,13.298963546752928,13.149536990047839,13.29896354675293,25600,0.0,0.0
1992-08-04 00:00:00-04:00,13.373673381067771,13.523099899291992,13.373673381067771,13.523099899291992,22900,0.0,0.0
1992-08-05 00:00:00-04:00,13.523101366890801,13.597814634111192,13.44838809967041,13.44838809967041,21200,0.0,0.0
1992-08-06 00:00:00-04:00,13.44838809967041,13.523101366890801,13.373674832450018,13.44838809967041,40800,0.0,0.0
1992-08-07 00:00:00-04:00,13.373676825105473,13.373676825105473,13.149536990047839,13.29896354675293,43200,0.0,0.0
1992-08-10 00:00:00-04:00,13.074824864836947,13.074824864836947,12.925398294953094,13.00011157989502,43900,0.0,0.0
1992-08-11 00:00:00-04:00,13.000111155427259,13.074824437929715,12.925397872924805,12.925397872924805,11000,0.0,0.0
1992-08-12 00:00:00-04:00,12.925398294953094,13.074824864836947,12.925398294953094,13.00011157989502,21500,0.0,0.0
1992-08-13 00:00:00-04:00,13.000108206612722,13.074821472167969,12.925394941057476,13.074821472167969,6600,0.0,0.0
1992-08-14 00:00:00-04:00,13.07482234502243,13.2242488861084,13.07482234502243,13.224248886108398,45400,0.0,0.0
1992-08-17 00:00:00-04:00,13.2242488861084,13.2242488861084,13.07482234502243,13.224248886108398,9000,0.0,0.0
1992-08-18 00:00:00-04:00,13.074821472167969,13.074821472167969,12.850681675502232,13.074821472167969,35000,0.0,0.0
1992-08-19 00:00:00-04:00,13.074824437929715,13.074824437929715,12.925397872924805,12.925397872924805,16700,0.0,0.0
1992-08-20 00:00:00-04:00,13.000112414360046,13.14953899383545,13.000112414360046,13.14953899383545,7100,0.0,0.0
1992-08-21 00:00:00-04:00,13.373674832450018,13.597814634111192,13.373674832450018,13.44838809967041,56800,0.0,0.0
1992-08-24 00:00:00-04:00,13.44838809967041,13.672527901331582,13.44838809967041,13.44838809967041,28000,0.0,0.0
1992-08-25 00:00:00-04:00,13.523099899291992,13.672526417516213,13.523099899291992,13.523099899291992,25100,0.0,0.0
1992-08-26 00:00:00-04:00,13.523108331232123,13.672534942626955,13.523108331232123,13.672534942626953,16500,0.0,0.0
1992-08-27 00:00:00-04:00,13.747237664300043,13.896664160651131,13.747237664300043,13.821950912475586,67800,0.0,0.0
1992-08-28 00:00:00-04:00,13.971384048461916,14.120810615825144,13.971384048461916,13.971384048461914,17100,0.0,0.0
1992-08-31 00:00:00-04:00,13.971384048461916,14.120810615825144,13.971384048461916,13.971384048461914,9100,0.0,0.0
1992-09-01 00:00:00-04:00,13.896664160651131,13.896664160651131,13.747237664300043,13.821950912475586,15200,0.0,0.0
1992-09-02 00:00:00-04:00,13.821950912475588,13.896664160651131,13.747237664300043,13.821950912475586,39400,0.0,0.0
1992-09-03 00:00:00-04:00,14.046095848083496,14.195522399658852,14.046095848083496,14.046095848083496,33500,0.0,0.0
1992-09-04 00:00:00-04:00,14.120808601379396,14.270235147425739,14.120808601379396,14.120808601379395,5200,0.0,0.0
1992-09-08 00:00:00-04:00,14.120810615825144,14.120810615825144,13.971384048461916,13.971384048461914,10700,0.0,0.0
1992-09-09 00:00:00-04:00,14.046095757735404,14.195522308349611,14.046095757735404,14.19552230834961,6400,0.0,0.0
1992-09-10 00:00:00-04:00,14.195522737752706,14.270236015319824,14.120809460185585,14.270236015319824,14900,0.0,0.0
1992-09-11 00:00:00-04:00,13.821950912475588,13.821950912475588,13.6725244161245,13.821950912475586,2300,0.0,0.0
1992-09-14 00:00:00-04:00,13.821957481098686,13.971384048461916,13.821957481098686,13.971384048461914,15400,0.0,0.0
1992-09-15 00:00:00-04:00,13.971383622897568,14.046096904303436,13.896670341491697,13.8966703414917,6500,0.0,0.0
1992-09-16 00:00:00-04:00,13.821956204331439,13.821956204331439,13.672529650771098,13.74724292755127,24800,0.0,0.0
1992-09-17 00:00:00-04:00,13.821957060085829,13.896670341491697,13.821957060085829,13.8966703414917,47400,0.0,0.0
1992-09-18 00:00:00-04:00,13.896670341491697,13.971383622897568,13.821957060085829,13.8966703414917,17200,0.0,0.0
1992-09-21 00:00:00-04:00,13.896670764780302,13.971384048461916,13.896670764780302,13.971384048461914,16300,0.0,0.0
1992-09-22 00:00:00-04:00,14.046095848083496,14.195522399658852,14.046095848083496,14.046095848083496,16100,0.0,0.0
1992-09-23 00:00:00-04:00,14.046095328356225,14.195521874402568,14.046095328356225,14.120808601379395,6300,0.0,0.0
1992-09-24 00:00:00-04:00,14.120810615825144,14.120810615825144,13.971384048461916,13.971384048461914,3100,0.0,0.0
1992-09-25 00:00:00-04:00,13.8966748597192,13.8966748597192,13.59782163692954,13.672534942626953,207200,0.0,0.0
1992-09-28 00:00:00-04:00,13.896670341491697,14.046096904303436,13.896670341491697,13.8966703414917,17700,0.0,0.0
1992-09-29 00:00:00-04:00,13.896664160651131,14.120803905177763,13.747237664300043,13.821950912475586,58600,0.0,0.0
1992-09-30 00:00:00-04:00,13.821950912475588,13.971377408826674,13.747237664300043,13.821950912475586,74500,0.0,0.0
1992-10-01 00:00:00-04:00,13.971384048461916,14.120810615825144,13.971384048461916,13.971384048461914,33900,0.0,0.0
1992-10-02 00:00:00-04:00,13.971383622897568,14.046096904303436,13.821957060085829,13.8966703414917,51400,0.0,0.0
1992-10-05 00:00:00-04:00,13.896664160651131,13.896664160651131,13.6725244161245,13.821950912475586,26600,0.0,0.0
1992-10-06 00:00:00-04:00,13.821957060085829,13.896670341491697,13.747243778679959,13.8966703414917,12900,0.0,0.0
1992-10-07 00:00:00-04:00,13.896664160651131,13.971377408826674,13.821950912475588,13.821950912475586,7800,0.0,0.0
1992-10-08 00:00:00-04:00,13.89666929650814,14.046095848083496,13.89666929650814,14.046095848083496,5100,0.0,0.0
1992-10-09 00:00:00-04:00,14.04609733214353,14.120810615825144,13.971384048461916,13.971384048461914,18500,0.0,0.0
1992-10-12 00:00:00-04:00,14.120809033042507,14.270235583656714,14.120809033042507,14.19552230834961,13900,0.0,0.0
1992-10-13 00:00:00-04:00,14.195522399658852,14.195522399658852,14.046095848083496,14.046095848083496,6100,0.0,0.0
1992-10-14 00:00:00-04:00,14.04610127210617,14.344954490661621,14.04610127210617,14.344954490661621,181500,0.0,0.0
1992-10-15 00:00:00-04:00,14.344954490661621,14.344954490661621,14.195527881383896,14.344954490661621,78700,0.0,0.0
1992-10-16 00:00:00-04:00,14.344949292886945,14.344949292886945,14.195522737752706,14.270236015319824,19500,0.0,0.0
1992-10-19 00:00:00-04:00,14.046090657002217,14.046090657002217,13.821950912475588,13.821950912475586,29600,0.0,0.0
1992-10-20 00:00:00-04:00,13.821956204331439,13.821956204331439,13.597816373990929,13.74724292755127,20600,0.0,0.0
1992-10-21 00:00:00-04:00,13.597813158404103,13.597813158404103,13.448386640179882,13.523099899291992,13800,0.0,0.0
1992-10-22 00:00:00-04:00,13.523099899291992,13.672526417516213,13.523099899291992,13.523099899291992,8000,0.0,0.0
1992-10-23 00:00:00-04:00,13.523105086861078,13.59781837463379,13.448391799088364,13.597818374633789,2900,0.0,0.0
1992-10-26 00:00:00-05:00,13.597814634111192,13.597814634111192,13.44838809967041,13.44838809967041,16500,0.0,0.0
1992-10-27 00:00:00-05:00,13.523105086861078,13.59781837463379,13.523105086861078,13.597818374633789,25500,0.0,0.0
1992-10-28 00:00:00-05:00,13.59781612630663,13.59781612630663,13.373676300048828,13.373676300048828,13000,0.0,0.0
1992-10-29 00:00:00-05:00,13.373674832450018,13.523101366890801,13.373674832450018,13.44838809967041,17300,0.0,0.0
1992-10-30 00:00:00-05:00,13.448386640179882,13.597813158404103,13.448386640179882,13.523099899291992,11400,0.0,0.0
1992-11-02 00:00:00-05:00,13.523101366890801,13.597814634111192,13.373674832450018,13.44838809967041,31100,0.0,0.0
1992-11-03 00:00:00-05:00,13.44838809967041,13.597814634111192,13.373674832450018,13.44838809967041,13400,0.0,0.0
1992-11-04 00:00:00-05:00,13.523099899291992,13.597813158404103,13.523099899291992,13.523099899291992,14500,0.0,0.0
1992-11-05 00:00:00-05:00,13.448390103458017,13.448390103458017,13.298963546752928,13.29896354675293,9700,0.0,0.0
1992-11-06 00:00:00-05:00,13.298961268833704,13.37367453438895,13.074821472167969,13.074821472167969,26700,0.0,0.0
1992-11-09 00:00:00-05:00,13.074823035750278,13.074823035750278,12.850683212280273,12.850683212280273,79200,0.0,0.0
1992-11-10 00:00:00-05:00,12.925394941057476,13.074821472167969,12.925394941057476,13.074821472167969,11000,0.0,0.0
1992-11-11 00:00:00-05:00,13.07482234502243,13.2242488861084,13.07482234502243,13.224248886108398,22400,0.0,0.0
1992-11-12 00:00:00-05:00,13.22425228357315,13.298965573310852,13.074825704097748,13.14953899383545,13900,0.0,0.0
1992-11-13 00:00:00-05:00,13.149534737723213,13.149534737723213,13.074821472167969,13.074821472167969,9700,0.0,0.0
1992-11-16 00:00:00-05:00,13.074824437929715,13.074824437929715,12.925397872924805,12.925397872924805,6100,0.0,0.0
1992-11-17 00:00:00-05:00,12.925397872924805,13.074824437929715,12.925397872924805,12.925397872924805,8100,0.0,0.0
1992-11-18 00:00:00-05:00,13.224250268400384,13.373676825105473,13.224250268400384,13.29896354675293,8200,0.0,0.0
1992-11-19 00:00:00-05:00,13.44838809967041,13.523101366890801,13.44838809967041,13.44838809967041,7400,0.0,0.0
1992-11-20 00:00:00-05:00,13.523099899291992,13.672526417516213,13.523099899291992,13.523099899291992,3100,0.0,0.0
1992-11-23 00:00:00-05:00,13.523105086861078,13.59781837463379,13.523105086861078,13.597818374633789,14200,0.0,0.0
1992-11-24 00:00:00-05:00,13.597813158404103,13.672526417516213,13.523099899291992,13.523099899291992,4700,0.0,0.0
1992-11-25 00:00:00-05:00,13.59781837463379,13.747244950179216,13.59781837463379,13.597818374633789,9100,0.0,0.0
1992-11-27 00:00:00-05:00,13.597813158404103,13.597813158404103,13.523099899291992,13.523099899291992,5500,0.0,0.0
1992-11-30 00:00:00-05:00,13.523105086861078,13.672531662406504,13.523105086861078,13.597818374633789,18700,0.0,0.0
1992-12-01 00:00:00-05:00,13.597813158404103,13.672526417516213,13.523099899291992,13.523099899291992,15300,0.0,0.0
1992-12-02 00:00:00-05:00,13.597816373990929,13.747242927551268,13.597816373990929,13.74724292755127,145800,0.0,0.0
1992-12-03 00:00:00-05:00,13.747242927551268,13.747242927551268,13.597816373990929,13.74724292755127,12400,0.0,0.0
1992-12-04 00:00:00-05:00,13.747244950179216,13.747244950179216,13.59781837463379,13.597818374633789,9900,0.0,0.0
1992-12-07 00:00:00-05:00,13.67253049727409,13.896670341491697,13.67253049727409,13.8966703414917,20200,0.0,0.0
1992-12-08 00:00:00-05:00,13.896670764780302,14.04609733214353,13.896670764780302,13.971384048461914,16800,0.0,0.0
1992-12-09 00:00:00-05:00,13.971382572295818,14.046095848083496,13.89666929650814,14.046095848083496,7600,0.0,0.0
1992-12-10 00:00:00-05:00,14.046096904303436,14.046096904303436,13.896670341491697,13.8966703414917,15100,0.0,0.0
1992-12-11 00:00:00-05:00,13.896670764780302,13.971384048461916,13.821957481098686,13.971384048461914,4900,0.0,0.0
1992-12-14 00:00:00-05:00,13.896664160651131,13.896664160651131,13.821950912475588,13.821950912475586,23900,0.0,0.0
1992-12-15 00:00:00-05:00,13.821956204331439,13.896669481111608,13.747242927551268,13.74724292755127,14600,0.0,0.0
1992-12-16 00:00:00-05:00,13.821950912475588,13.971377408826674,13.821950912475588,13.821950912475586,10900,0.0,0.0
1992-12-17 00:00:00-05:00,14.120808601379396,14.270235147425739,14.120808601379396,14.120808601379395,12900,0.0,0.0
1992-12-18 00:00:00-05:00,14.195522308349611,14.270235583656714,14.195522308349611,14.19552230834961,14400,0.0,0.0
1992-12-21 00:00:00-05:00,14.270233090059744,14.494372876814609,14.270233090059744,14.419659614562988,49100,0.0,0.0
1992-12-22 00:00:00-05:00,14.56909167585034,14.718518257141112,14.56909167585034,14.718518257141113,47000,0.0,0.0
1992-12-23 00:00:00-05:00,14.789989442091722,14.789989442091722,14.639837265014648,14.639837265014648,15900,0.119,0.0
1992-12-24 00:00:00-05:00,14.639835381994441,14.789987539758487,14.639835381994441,14.714911460876465,3000,0.0,0.0
1992-12-28 00:00:00-05:00,14.414609899071497,14.414609899071497,14.189381619398505,14.339533805847168,10000,0.0,0.0
1992-12-29 00:00:00-05:00,14.264452863246836,14.264452863246836,14.114300727844238,14.114300727844238,10300,0.0,0.0
1992-12-30 00:00:00-05:00,14.114300727844238,14.264452863246836,14.114300727844238,14.114300727844238,17500,0.0,0.0
1992-12-31 00:00:00-05:00,14.114300727844238,14.264452863246836,14.114300727844238,14.114300727844238,6500,0.0,0.0
1993-01-04 00:00:00-05:00,14.114303568467738,14.189379651278736,14.039227485656738,14.039227485656738,2300,0.0,0.0
1993-01-05 00:00:00-05:00,13.964146567679741,13.964146567679741,13.889070510864258,13.889070510864258,3900,0.0,0.0
1993-01-06 00:00:00-05:00,13.889079093933105,13.964155197143555,13.814002990722656,13.814002990722656,32500,0.0,0.0
1993-01-07 00:00:00-05:00,13.889070510864258,14.039222624495222,13.889070510864258,13.889070510864258,125700,0.0,0.0
1993-01-08 00:00:00-05:00,13.814001062414148,13.814001062414148,13.663848876953125,13.663848876953125,16400,0.0,0.0
1993-01-11 00:00:00-05:00,13.663848876953125,13.814001062414148,13.663848876953125,13.663848876953125,2600,0.0,0.0
1993-01-12 00:00:00-05:00,13.663850784301758,13.814002990722656,13.663850784301758,13.814002990722656,4200,0.0,0.0
1993-01-13 00:00:00-05:00,13.513694698527708,13.513694698527708,13.213390371893759,13.288466453552246,26000,0.0,0.0
1993-01-14 00:00:00-05:00,13.363540681380798,13.513692823868222,13.363540681380798,13.438616752624512,11800,0.0,0.0
1993-01-15 00:00:00-05:00,13.438616720478187,13.513692791542312,13.363540649414062,13.363540649414062,8500,0.0,0.0
1993-01-18 00:00:00-05:00,13.438620577918158,13.588772763146293,13.438620577918158,13.513696670532227,3900,0.0,0.0
1993-01-19 00:00:00-05:00,13.513690042232282,13.66384215381264,13.513690042232282,13.588766098022461,10700,0.0,0.0
1993-01-20 00:00:00-05:00,13.588766098022461,13.588766098022461,13.438613986442101,13.588766098022461,10100,0.0,0.0
1993-01-21 00:00:00-05:00,13.513692823868222,13.513692823868222,13.363540681380798,13.438616752624512,8500,0.0,0.0
1993-01-22 00:00:00-05:00,13.363542535210733,13.363542535210733,13.213390371893759,13.288466453552246,16300,0.0,0.0
1993-01-25 00:00:00-05:00,13.213393211364746,13.213393211364746,13.063241015781056,13.213393211364746,7000,0.0,0.0
1993-01-26 00:00:00-05:00,13.213393194827042,13.213393194827042,12.988164901733398,12.988164901733398,13600,0.0,0.0
1993-01-27 00:00:00-05:00,13.063240051269531,13.213392235766882,13.063240051269531,13.063240051269531,10700,0.0,0.0
1993-01-28 00:00:00-05:00,13.363540649414062,13.513692791542312,13.363540649414062,13.363540649414062,16700,0.0,0.0
1993-01-29 00:00:00-05:00,13.513696670532225,13.588772763146293,13.513696670532225,13.513696670532227,10700,0.0,0.0
1993-02-01 00:00:00-05:00,13.513692823868222,13.513692823868222,13.288464610137085,13.438616752624512,27700,0.0,0.0
1993-02-02 00:00:00-05:00,13.43861861686922,13.43861861686922,13.288466453552246,13.288466453552246,3800,0.0,0.0
1993-02-03 00:00:00-05:00,13.663850784301758,13.889079093933105,13.663850784301758,13.814002990722656,62800,0.0,0.0
1993-02-04 00:00:00-05:00,13.814003949608306,13.814003949608306,13.663851732764739,13.738927841186523,47000,0.0,0.0
1993-02-05 00:00:00-05:00,13.738926887512207,13.889079093933105,13.663850784301758,13.814002990722656,30400,0.0,0.0
1993-02-08 00:00:00-05:00,13.813994454048775,13.964146567679741,13.738918397233293,13.889070510864258,40900,0.0,0.0
1993-02-09 00:00:00-05:00,13.96414859244164,14.114300727844238,13.96414859244164,14.114300727844238,12300,0.0,0.0
1993-02-10 00:00:00-05:00,14.114303568467738,14.189379651278736,14.039227485656738,14.039227485656738,12300,0.0,0.0
1993-02-11 00:00:00-05:00,14.11430171179393,14.339529930599152,14.11430171179393,14.189377784729004,39800,0.0,0.0
1993-02-12 00:00:00-05:00,14.0392322591556,14.0392322591556,13.88908004248014,13.964156150817871,96800,0.0,0.0
1993-02-16 00:00:00-05:00,13.663844933670559,13.663844933670559,13.363540649414062,13.363540649414062,30100,0.0,0.0
1993-02-17 00:00:00-05:00,13.43862247467041,13.814002990722656,13.43862247467041,13.814002990722656,332100,0.0,0.0
1993-02-18 00:00:00-05:00,13.738918209602819,13.738918209602819,13.588766098022461,13.588766098022461,221500,0.0,0.0
1993-02-19 00:00:00-05:00,13.738918397233293,13.889070510864258,13.738918397233293,13.889070510864258,11100,0.0,0.0
1993-02-22 00:00:00-05:00,13.88908005803009,13.88908005803009,13.738927841186523,13.738927841186523,13800,0.0,0.0
1993-02-23 00:00:00-05:00,13.738918209602819,13.738918209602819,13.588766098022461,13.588766098022461,45500,0.0,0.0
1993-02-24 00:00:00-05:00,13.588772763146293,13.588772763146293,13.513696670532225,13.513696670532227,22800,0.0,0.0
1993-02-25 00:00:00-05:00,13.513696670532225,13.663848855760362,13.513696670532225,13.513696670532227,22100,0.0,0.0
1993-02-26 00:00:00-05:00,13.663851732764739,13.738927841186523,13.663851732764739,13.738927841186523,9200,0.0,0.0
1993-03-01 00:00:00-05:00,13.738926887512207,13.814002990722656,13.663850784301758,13.814002990722656,12300,0.0,0.0
1993-03-02 00:00:00-05:00,13.814002990722656,13.814002990722656,13.738926887512207,13.814002990722656,17100,0.0,0.0
1993-03-03 00:00:00-05:00,13.814003949608306,13.814003949608306,13.663851732764739,13.738927841186523,7600,0.0,0.0
1993-03-04 00:00:00-05:00,13.738918209602819,13.738918209602819,13.588766098022461,13.588766098022461,4200,0.0,0.0
1993-03-05 00:00:00-05:00,13.588768895111935,13.588768895111935,13.43861675262451,13.438616752624512,12400,0.0,0.0
1993-03-08 00:00:00-05:00,13.814002990722656,13.889079093933105,13.814002990722656,13.814002990722656,16800,0.0,0.0
1993-03-09 00:00:00-05:00,13.814001062414148,13.88907715514466,13.663848876953125,13.663848876953125,12500,0.0,0.0
1993-03-10 00:00:00-05:00,13.88908004248014,13.964156150817871,13.88908004248014,13.964156150817871,52500,0.0,0.0
1993-03-11 00:00:00-05:00,14.039224660142938,14.189376795545538,14.039224660142938,14.114300727844238,20600,0.0,0.0
1993-03-12 00:00:00-05:00,14.039222624495222,14.039222624495222,13.889070510864258,13.889070510864258,6000,0.0,0.0
1993-03-15 00:00:00-05:00,13.889079093933105,13.964155197143555,13.814002990722656,13.814002990722656,3300,0.0,0.0
1993-03-16 00:00:00-05:00,13.88908004248014,14.0392322591556,13.88908004248014,13.964156150817871,8300,0.0,0.0
1993-03-17 00:00:00-05:00,14.339533805847166,14.48968599229583,14.339533805847166,14.339533805847168,58400,0.0,0.0
1993-03-18 00:00:00-05:00,14.639834519007698,15.090290965746396,14.639834519007698,14.940138816833496,59000,0.0,0.0
1993-03-19 00:00:00-05:00,14.940138816833496,14.940138816833496,14.789986667920598,14.940138816833496,35900,0.0,0.0
1993-03-22 00:00:00-05:00,14.940143575523106,14.940143575523106,14.78999137878418,14.78999137878418,24500,0.0,0.0
1993-03-23 00:00:00-05:00,14.789986639311818,14.940138787934274,14.789986639311818,14.865062713623047,27300,0.0,0.0
1993-03-24 00:00:00-05:00,14.865062713623047,14.940138787934274,14.789986639311818,14.865062713623047,10800,0.0,0.0
1993-03-25 00:00:00-05:00,14.865062713623047,15.015214862245502,14.865062713623047,14.865062713623047,6000,0.0,0.0
1993-03-26 00:00:00-05:00,14.940143589973449,15.165371885299681,14.940143589973449,15.015219688415527,19300,0.0,0.0
1993-03-29 00:00:00-05:00,15.540746688842775,15.690898830763961,15.540746688842775,15.540746688842773,20600,0.0,0.0
1993-03-30 00:00:00-05:00,15.540748619116272,15.690900779687443,15.540748619116272,15.615824699401855,26200,0.0,0.0
1993-03-31 00:00:00-05:00,15.615825707313576,15.841053962707521,15.615825707313576,15.84105396270752,104500,0.0,0.0
1993-04-01 00:00:00-05:00,16.066283239320267,16.216435419127,16.066283239320267,16.141359329223633,8300,0.0,0.0
1993-04-02 00:00:00-05:00,16.141359329223633,16.141359329223633,15.916131059513534,16.141359329223633,83700,0.0,0.0
1993-04-05 00:00:00-04:00,16.2915096282959,16.441661790768674,16.2915096282959,16.2915096282959,11500,0.0,0.0
1993-04-06 00:00:00-04:00,16.366580963134766,16.441657022598687,16.366580963134766,16.366580963134766,25000,0.0,0.0
1993-04-07 00:00:00-04:00,17.49272639872664,17.8681067935491,17.49272639872664,17.717954635620117,114500,0.0,0.0
1993-04-08 00:00:00-04:00,18.01825720416613,18.243485419218207,18.01825720416613,18.16840934753418,35100,0.0,0.0
1993-04-12 00:00:00-04:00,18.093326448895443,18.093326448895443,17.943174362182617,17.943174362182617,67900,0.0,0.0
1993-04-13 00:00:00-04:00,18.31855873575016,18.468710856534994,18.31855873575016,18.393634796142578,37800,0.0,0.0
1993-04-14 00:00:00-04:00,18.093333212534585,18.243485355377196,18.01825714111328,18.01825714111328,64200,0.0,0.0
1993-04-15 00:00:00-04:00,18.01825714111328,18.16840928395589,18.01825714111328,18.01825714111328,30100,0.0,0.0
1993-04-16 00:00:00-04:00,17.943174362182617,18.018250405539032,17.943174362182617,17.943174362182617,36100,0.0,0.0
1993-04-19 00:00:00-04:00,18.093334197998047,18.243486349018777,17.793029895956586,18.093334197998047,34000,0.0,0.0
1993-04-20 00:00:00-04:00,17.94318193524196,18.093334085327665,17.79302978515625,17.79302978515625,125400,0.0,0.0
1993-04-21 00:00:00-04:00,17.717954635620117,17.79303071458461,17.717954635620117,17.717954635620117,27900,0.0,0.0
1993-04-22 00:00:00-04:00,17.64287567138672,17.793027804760225,17.64287567138672,17.64287567138672,27000,0.0,0.0
1993-04-23 00:00:00-04:00,17.64287567138672,17.793027804760225,17.64287567138672,17.64287567138672,9700,0.0,0.0
1993-04-26 00:00:00-04:00,17.642877635070544,17.79302978515625,17.642877635070544,17.79302978515625,31600,0.0,0.0
1993-04-27 00:00:00-04:00,18.168410273508414,18.243486349018777,18.093334197998047,18.093334197998047,46900,0.0,0.0
1993-04-28 00:00:00-04:00,18.393634796142578,18.543786916927413,18.393634796142578,18.393634796142578,19000,0.0,0.0
1993-04-29 00:00:00-04:00,18.393634796142578,18.543786916927413,18.393634796142578,18.393634796142578,11900,0.0,0.0
1993-04-30 00:00:00-04:00,18.84409717514581,18.99424934387207,18.84409717514581,18.99424934387207,32300,0.0,0.0
1993-05-03 00:00:00-04:00,18.919173259508938,18.99424934387207,18.919173259508938,18.99424934387207,13600,0.0,0.0
1993-05-04 00:00:00-04:00,18.919173259508938,19.0693254282352,18.919173259508938,18.99424934387207,40500,0.0,0.0
1993-05-05 00:00:00-04:00,18.99424934387207,19.0693254282352,18.99424934387207,18.99424934387207,9600,0.0,0.0
1993-05-06 00:00:00-04:00,18.844100952148438,18.994253150970337,18.844100952148438,18.844100952148438,8200,0.0,0.0
1993-05-07 00:00:00-04:00,18.919177051559387,18.994253150970337,18.844100952148438,18.844100952148438,19100,0.0,0.0
1993-05-10 00:00:00-04:00,18.693944931030273,18.844097099151,18.693944931030273,18.693944931030273,7500,0.0,0.0
1993-05-11 00:00:00-04:00,18.618871673335875,18.618871673335875,18.468719482421875,18.468719482421875,44400,0.0,0.0
1993-05-12 00:00:00-04:00,18.243486349018777,18.243486349018777,18.093334197998047,18.093334197998047,13300,0.0,0.0
1993-05-13 00:00:00-04:00,18.468719482421875,18.543795577878875,18.093339005136876,18.468719482421875,13000,0.0,0.0
1993-05-14 00:00:00-04:00,18.393638555895645,18.393638555895645,18.243486404418945,18.243486404418945,4300,0.0,0.0
1993-05-17 00:00:00-04:00,18.243485482012638,18.393637625897515,18.243485482012638,18.318561553955078,18100,0.0,0.0
1993-05-18 00:00:00-04:00,18.018250405539032,18.018250405539032,17.868098318826206,17.943174362182617,9100,0.0,0.0
1993-05-19 00:00:00-04:00,18.093333212534585,18.16840928395589,18.01825714111328,18.01825714111328,21300,0.0,0.0
1993-05-20 00:00:00-04:00,18.318561553955078,18.393637625897515,18.318561553955078,18.318561553955078,12700,0.0,0.0
1993-05-21 00:00:00-04:00,18.468719482421875,18.618871673335875,18.468719482421875,18.468719482421875,8000,0.0,0.0
1993-05-24 00:00:00-04:00,18.54378890991211,18.54378890991211,18.54378890991211,18.54378890991211,6200,0.0,0.0
1993-05-25 00:00:00-04:00,18.618868846969914,18.844097099151,18.618868846969914,18.693944931030273,20600,0.0,0.0
1993-05-26 00:00:00-04:00,18.919171411850876,19.144399642944336,18.919171411850876,19.144399642944336,12100,0.0,0.0
1993-05-27 00:00:00-04:00,18.618865966796875,18.693942039243638,18.618865966796875,18.618865966796875,9100,0.0,0.0
1993-05-28 00:00:00-04:00,18.393637625897515,18.543789769782393,18.318561553955078,18.318561553955078,5200,0.0,0.0
1993-06-01 00:00:00-04:00,18.243486404418945,18.393638555895645,18.243486404418945,18.243486404418945,3700,0.0,0.0
1993-06-02 00:00:00-04:00,18.243486404418945,18.393638555895645,18.243486404418945,18.243486404418945,76300,0.0,0.0
1993-06-03 00:00:00-04:00,18.84409717514581,19.0693254282352,18.84409717514581,18.99424934387207,53500,0.0,0.0
1993-06-04 00:00:00-04:00,18.844098106263175,18.919174194335938,18.844098106263175,18.919174194335938,22300,0.0,0.0
1993-06-07 00:00:00-04:00,18.844100952148438,18.919177051559387,18.844100952148438,18.844100952148438,4100,0.0,0.0
1993-06-08 00:00:00-04:00,18.618865966796875,18.618865966796875,18.543789894350112,18.618865966796875,5800,0.0,0.0
1993-06-09 00:00:00-04:00,18.543789894350112,18.618865966796875,18.543789894350112,18.618865966796875,1800,0.0,0.0
1993-06-10 00:00:00-04:00,18.618865966796875,18.693942039243638,18.618865966796875,18.618865966796875,5200,0.0,0.0
1993-06-11 00:00:00-04:00,18.693944931030273,18.769021015090637,18.693944931030273,18.693944931030273,7900,0.0,0.0
1993-06-14 00:00:00-04:00,18.61886413574219,18.76901626586914,18.61886413574219,18.76901626586914,15000,0.0,0.0
1993-06-15 00:00:00-04:00,18.018260923754266,18.018260923754266,17.717956575025028,17.86810874938965,118100,0.0,0.0
1993-06-16 00:00:00-04:00,17.868105860199105,17.94318193524196,17.79302978515625,17.79302978515625,24100,0.0,0.0
1993-06-17 00:00:00-04:00,17.86810874938965,17.86810874938965,17.717956575025028,17.86810874938965,107200,0.0,0.0
1993-06-18 00:00:00-04:00,17.192420959472656,17.267497033531487,17.04226881135499,17.192420959472656,50700,0.0,0.0
1993-06-21 00:00:00-04:00,16.441661790768674,16.441661790768674,16.2915096282959,16.2915096282959,18800,0.0,0.0
1993-06-22 00:00:00-04:00,16.741965268109297,16.741965268109297,16.59181311323836,16.666889190673828,29800,0.0,0.0
1993-06-23 00:00:00-04:00,16.681381328223534,16.83234405517578,16.681381328223534,16.83234405517578,10400,0.149,0.0
1993-06-24 00:00:00-04:00,16.832347937689885,16.98331069946289,16.832347937689885,16.98331069946289,800,0.0,0.0
1993-06-25 00:00:00-04:00,17.209747381085393,17.3607100774107,17.209747381085393,17.285228729248047,7900,0.0,0.0
1993-06-28 00:00:00-04:00,17.662641525268555,17.738122899308163,17.662641525268555,17.662641525268555,4100,0.0,0.0
1993-06-29 00:00:00-04:00,17.20974533148274,17.20974533148274,17.13426399230957,17.13426399230957,23600,0.0,0.0
1993-06-30 00:00:00-04:00,17.28523069464642,17.43619340813678,17.28523069464642,17.3607120513916,7200,0.0,0.0
1993-07-01 00:00:00-04:00,17.662639666618187,17.738121032714844,17.587158300521526,17.738121032714844,14400,0.0,0.0
1993-07-02 00:00:00-04:00,17.285226670655913,17.360708009829082,17.13426399230957,17.13426399230957,15300,0.0,0.0
1993-07-06 00:00:00-04:00,17.209747381085393,17.3607100774107,17.209747381085393,17.285228729248047,16200,0.0,0.0
1993-07-07 00:00:00-04:00,17.0587826531364,17.285226670655913,17.0587826531364,17.13426399230957,3700,0.0,0.0
1993-07-08 00:00:00-04:00,17.058792114257812,17.058792114257812,17.058792114257812,17.058792114257812,5800,0.0,0.0
1993-07-09 00:00:00-04:00,17.13426399230957,17.13426399230957,17.0587826531364,17.13426399230957,3500,0.0,0.0
1993-07-12 00:00:00-04:00,17.285228729248047,17.43619142557336,17.285228729248047,17.285228729248047,4200,0.0,0.0
1993-07-13 00:00:00-04:00,17.662641525268555,17.738122899308163,17.662641525268555,17.662641525268555,40400,0.0,0.0
1993-07-14 00:00:00-04:00,17.662639666618187,17.738121032714844,17.662639666618187,17.738121032714844,2000,0.0,0.0
1993-07-15 00:00:00-04:00,17.813600540161133,17.813600540161133,17.813600540161133,17.813600540161133,8400,0.0,0.0
1993-07-16 00:00:00-04:00,18.115522312818708,18.115522312818708,18.040040969848633,18.040040969848633,11800,0.0,0.0
1993-07-19 00:00:00-04:00,17.964570975001855,18.040052365653125,17.889089584350586,17.889089584350586,13800,0.0,0.0
1993-07-20 00:00:00-04:00,17.813600540161133,17.964563256603178,17.813600540161133,17.813600540161133,1800,0.0,0.0
1993-07-21 00:00:00-04:00,17.889091507727358,17.96457290649414,17.889091507727358,17.96457290649414,3100,0.0,0.0
1993-07-22 00:00:00-04:00,18.191013367708067,18.266494750976562,18.040050601171068,18.266494750976562,5100,0.0,0.0
1993-07-23 00:00:00-04:00,18.11552625474099,18.191007614135742,18.11552625474099,18.191007614135742,4900,0.0,0.0
1993-07-26 00:00:00-04:00,18.11552619934082,18.19100755850474,18.11552619934082,18.11552619934082,4500,0.0,0.0
1993-07-27 00:00:00-04:00,18.266494750976562,18.417457517513558,18.266494750976562,18.266494750976562,3600,0.0,0.0
1993-07-28 00:00:00-04:00,18.492937088012695,18.719381215621016,18.492937088012695,18.492937088012695,3600,0.0,0.0
1993-07-29 00:00:00-04:00,18.64389991760254,18.794862669971792,18.64389991760254,18.64389991760254,3300,0.0,0.0
1993-07-30 00:00:00-04:00,18.719375732421874,18.870338439941406,18.719375732421874,18.870338439941406,3600,0.0,0.0
1993-08-02 00:00:00-04:00,18.719375732421874,18.870338439941406,18.719375732421874,18.870338439941406,19500,0.0,0.0
1993-08-03 00:00:00-04:00,18.870338439941406,18.870338439941406,18.719375732421874,18.870338439941406,4300,0.0,0.0
1993-08-04 00:00:00-04:00,19.021301389679195,19.172264099121094,19.021301389679195,19.172264099121094,5100,0.0,0.0
1993-08-05 00:00:00-04:00,19.096786499023438,19.247749238146152,19.096786499023438,19.096786499023438,7800,0.0,0.0
1993-08-06 00:00:00-04:00,19.096786499023438,19.096786499023438,19.096786499023438,19.096786499023438,1800,0.0,0.0
1993-08-09 00:00:00-04:00,19.021303176879883,19.172265900505913,19.021303176879883,19.021303176879883,4800,0.0,0.0
1993-08-10 00:00:00-04:00,19.021305129462082,19.096786499023438,19.021305129462082,19.096786499023438,7600,0.0,0.0
1993-08-11 00:00:00-04:00,19.09678851813078,19.323232650756836,19.09678851813078,19.323232650756836,20700,0.0,0.0
1993-08-12 00:00:00-04:00,18.945819793701173,18.945819793701173,18.79485708618164,18.870338439941406,1400,0.0,0.0
1993-08-13 00:00:00-04:00,19.021305038634523,19.021305038634523,18.945823669433594,18.945823669433594,11600,0.0,0.0
1993-08-16 00:00:00-04:00,19.5496768951416,19.70063965108864,19.5496768951416,19.5496768951416,13300,0.0,0.0
1993-08-17 00:00:00-04:00,19.323234617248062,19.474197387695312,19.323234617248062,19.474197387695312,9200,0.0,0.0
1993-08-18 00:00:00-04:00,19.323232650756836,19.474195405840874,19.323232650756836,19.323232650756836,34000,0.0,0.0
1993-08-19 00:00:00-04:00,19.323232222576532,19.474194974315413,18.492937088012695,18.492937088012695,69900,0.0,0.0
1993-08-20 00:00:00-04:00,18.71938133239746,18.79486270873777,18.71938133239746,18.71938133239746,54700,0.0,0.0
1993-08-23 00:00:00-04:00,19.021303176879883,19.096784538692898,19.021303176879883,19.021303176879883,42000,0.0,0.0
1993-08-24 00:00:00-04:00,18.870338439941406,18.945819793701173,18.870338439941406,18.870338439941406,15000,0.0,0.0
1993-08-25 00:00:00-04:00,18.870342300232664,18.945823669433594,18.870342300232664,18.945823669433594,13500,0.0,0.0
1993-08-26 00:00:00-04:00,18.870342300232664,19.021305038634523,18.870342300232664,18.945823669433594,10000,0.0,0.0
1993-08-27 00:00:00-04:00,19.096784538692898,19.172265900505913,19.021303176879883,19.021303176879883,109500,0.0,0.0
1993-08-30 00:00:00-04:00,19.096786499023438,19.247749238146152,19.096786499023438,19.096786499023438,20200,0.0,0.0
1993-08-31 00:00:00-04:00,19.398714028298855,19.398714028298855,19.323232650756836,19.323232650756836,22600,0.0,0.0
1993-09-01 00:00:00-04:00,19.247745453842043,19.323226808562993,19.172264099121094,19.172264099121094,22100,0.0,0.0
1993-09-02 00:00:00-04:00,19.096782744400144,19.172264099121094,19.096782744400144,19.172264099121094,8300,0.0,0.0
1993-09-03 00:00:00-04:00,19.32323458779183,19.474197358008954,19.32323458779183,19.39871597290039,11900,0.0,0.0
1993-09-07 00:00:00-04:00,19.62516212463379,19.62516212463379,19.47419933905968,19.62516212463379,85300,0.0,0.0
1993-09-08 00:00:00-04:00,19.398714028298855,19.474195405840874,19.323232650756836,19.323232650756836,74300,0.0,0.0
1993-09-09 00:00:00-04:00,19.474197358008954,19.549678743117518,19.39871597290039,19.39871597290039,17100,0.0,0.0
1993-09-10 00:00:00-04:00,19.323234617248062,19.549678772918938,19.323234617248062,19.474197387695312,21800,0.0,0.0
1993-09-13 00:00:00-04:00,19.39871597290039,19.39871597290039,19.39871597290039,19.39871597290039,2000,0.0,0.0
1993-09-14 00:00:00-04:00,19.323234617248062,19.474197387695312,19.323234617248062,19.474197387695312,16400,0.0,0.0
1993-09-15 00:00:00-04:00,19.323232650756836,19.474195405840874,19.323232650756836,19.323232650756836,7300,0.0,0.0
1993-09-16 00:00:00-04:00,19.172264099121094,19.172264099121094,19.172264099121094,19.172264099121094,5400,0.0,0.0
1993-09-17 00:00:00-04:00,19.32322878370098,19.39871014613731,19.24774742126465,19.24774742126465,2100,0.0,0.0
1993-09-20 00:00:00-04:00,19.247745453842043,19.323226808562993,19.172264099121094,19.172264099121094,4200,0.0,0.0
1993-09-21 00:00:00-04:00,18.79486270873777,18.870344085078084,18.643899956057147,18.71938133239746,14700,0.0,0.0
1993-09-22 00:00:00-04:00,18.568416595458984,18.568416595458984,18.568416595458984,18.568416595458984,6300,0.0,0.0
1993-09-23 00:00:00-04:00,18.568416595458984,18.71937933200743,18.568416595458984,18.568416595458984,4800,0.0,0.0
1993-09-24 00:00:00-04:00,19.021301389679195,19.172264099121094,19.021301389679195,19.172264099121094,20200,0.0,0.0
1993-09-27 00:00:00-04:00,18.870338439941406,18.945819793701173,18.870338439941406,18.870338439941406,1900,0.0,0.0
1993-09-28 00:00:00-04:00,19.172264099121094,19.247745453842043,19.096782744400144,19.172264099121094,39100,0.0,0.0
1993-09-29 00:00:00-04:00,19.172266058828317,19.24774742126465,19.172266058828317,19.24774742126465,3700,0.0,0.0
1993-09-30 00:00:00-04:00,19.625158273115122,19.70063965108864,19.5496768951416,19.5496768951416,23200,0.0,0.0
1993-10-01 00:00:00-04:00,19.323232650756836,19.323232650756836,19.247751273214817,19.323232650756836,3000,0.0,0.0
1993-10-04 00:00:00-04:00,19.39871597290039,19.474197358008954,19.39871597290039,19.39871597290039,5600,0.0,0.0
1993-10-05 00:00:00-04:00,19.851594924926758,19.927076274451196,19.851594924926758,19.851594924926758,6200,0.0,0.0
1993-10-06 00:00:00-04:00,20.078044891357422,20.078044891357422,20.078044891357422,20.078044891357422,18500,0.0,0.0
1993-10-07 00:00:00-04:00,20.153522491455078,20.229003849100977,20.153522491455078,20.153522491455078,23600,0.0,0.0
1993-10-08 00:00:00-04:00,20.229003849100977,20.229003849100977,20.153522491455078,20.153522491455078,7600,0.0,0.0
1993-10-11 00:00:00-04:00,20.153526263129443,20.229007634901464,20.078044891357422,20.078044891357422,8400,0.0,0.0
1993-10-12 00:00:00-04:00,20.078044891357422,20.229007634901464,20.078044891357422,20.078044891357422,3300,0.0,0.0
1993-10-13 00:00:00-04:00,20.15352621978184,20.15352621978184,20.0025634765625,20.0025634765625,2600,0.0,0.0
1993-10-14 00:00:00-04:00,20.00255762397563,20.00255762397563,19.851594924926758,19.851594924926758,3900,0.0,0.0
1993-10-15 00:00:00-04:00,20.002559776163277,20.153522491455078,20.002559776163277,20.153522491455078,10200,0.0,0.0
1993-10-18 00:00:00-04:00,20.078044891357422,20.078044891357422,20.0025635195854,20.078044891357422,2600,0.0,0.0
1993-10-19 00:00:00-04:00,20.078044891357422,20.229007634901464,20.078044891357422,20.078044891357422,25100,0.0,0.0
1993-10-20 00:00:00-04:00,20.153522491455078,20.229003849100977,20.153522491455078,20.153522491455078,3700,0.0,0.0
1993-10-21 00:00:00-04:00,20.229003849100977,20.304485206746875,20.153522491455078,20.153522491455078,11700,0.0,0.0
1993-10-22 00:00:00-04:00,20.530929621322688,20.60641098022461,20.530929621322688,20.60641098022461,3800,0.0,0.0
1993-10-25 00:00:00-04:00,20.757373865099918,20.832855224609375,20.757373865099918,20.832855224609375,4200,0.0,0.0
1993-10-26 00:00:00-04:00,20.60641098022461,20.757373698028452,20.60641098022461,20.60641098022461,1700,0.0,0.0
1993-10-27 00:00:00-04:00,20.53092759473737,20.53092759473737,20.455446243286133,20.455446243286133,4300,0.0,0.0
1993-10-28 00:00:00-04:00,20.30448354038365,20.455446243286133,20.30448354038365,20.455446243286133,35400,0.0,0.0
1993-10-29 00:00:00-04:00,20.757383346557617,20.757383346557617,20.757383346557617,20.757383346557617,600,0.0,0.0
1993-11-01 00:00:00-05:00,20.98382000940248,21.059301376342773,20.98382000940248,21.059301376342773,7400,0.0,0.0
1993-11-02 00:00:00-05:00,20.90834049526736,20.983821868896484,20.832859121638236,20.983821868896484,7300,0.0,0.0
1993-11-03 00:00:00-05:00,20.908342361450195,21.059305122182685,20.908342361450195,20.908342361450195,5100,0.0,0.0
1993-11-04 00:00:00-05:00,20.757373698028452,20.757373698028452,20.60641098022461,20.60641098022461,55700,0.0,0.0
1993-11-05 00:00:00-05:00,20.379966735839844,20.455448094120733,20.379966735839844,20.379966735839844,23600,0.0,0.0
1993-11-08 00:00:00-05:00,20.455446243286133,20.53092759473737,20.455446243286133,20.455446243286133,5700,0.0,0.0
1993-11-09 00:00:00-05:00,20.078044891357422,20.153526263129443,20.078044891357422,20.078044891357422,10700,0.0,0.0
1993-11-10 00:00:00-05:00,20.229005863232242,20.37996859355487,20.229005863232242,20.304487228393555,14300,0.0,0.0
1993-11-11 00:00:00-05:00,20.153522491455078,20.229003849100977,20.07804113380918,20.153522491455078,10100,0.0,0.0
1993-11-12 00:00:00-05:00,20.304491148275485,20.530935287475586,20.304491148275485,20.530935287475586,15500,0.0,0.0
1993-11-15 00:00:00-05:00,20.229003849100977,20.304485206746875,20.153522491455078,20.153522491455078,6000,0.0,0.0
1993-11-16 00:00:00-05:00,20.30448354038365,20.455446243286133,20.30448354038365,20.455446243286133,23500,0.0,0.0
1993-11-17 00:00:00-05:00,20.078044891357422,20.229007634901464,20.078044891357422,20.078044891357422,11500,0.0,0.0
1993-11-18 00:00:00-05:00,20.304487228393555,20.37996859355487,20.304487228393555,20.304487228393555,8800,0.0,0.0
1993-11-19 00:00:00-05:00,20.078044891357422,20.153526263129443,20.0025635195854,20.078044891357422,32800,0.0,0.0
1993-11-22 00:00:00-05:00,19.776124910207894,19.776124910207894,19.62516212463379,19.62516212463379,60300,0.0,0.0
1993-11-23 00:00:00-05:00,19.62516027552481,19.776123046875,19.62516027552481,19.776123046875,18000,0.0,0.0
1993-11-24 00:00:00-05:00,19.398716002471687,19.474197387695312,19.247753232024436,19.474197387695312,14800,0.0,0.0
1993-11-26 00:00:00-05:00,18.341978073120117,18.492940855614933,18.341978073120117,18.341978073120117,11300,0.0,0.0
1993-11-29 00:00:00-05:00,16.907827377319336,17.058790121759685,16.907827377319336,16.907827377319336,14300,0.0,0.0
1993-11-30 00:00:00-05:00,18.040040969848633,18.191003655788787,18.040040969848633,18.040040969848633,13600,0.0,0.0
1993-12-01 00:00:00-05:00,19.247745453842043,19.247745453842043,19.096782744400144,19.172264099121094,61800,0.0,0.0
1993-12-02 00:00:00-05:00,19.24774742126465,19.32322878370098,19.24774742126465,19.24774742126465,15000,0.0,0.0
1993-12-03 00:00:00-05:00,19.32322878370098,19.32322878370098,19.172266058828317,19.24774742126465,7700,0.0,0.0
1993-12-06 00:00:00-05:00,18.870338439941406,18.945819793701173,18.870338439941406,18.870338439941406,7200,0.0,0.0
1993-12-07 00:00:00-05:00,19.39871794627263,19.62516212463379,19.39871794627263,19.62516212463379,65900,0.0,0.0
1993-12-08 00:00:00-05:00,19.021305129462082,19.096786499023438,18.945823759900723,19.096786499023438,26900,0.0,0.0
1993-12-09 00:00:00-05:00,19.549680731846735,19.70064351742084,19.549680731846735,19.62516212463379,4400,0.0,0.0
1993-12-10 00:00:00-05:00,19.70063965108864,19.70063965108864,19.5496768951416,19.5496768951416,1700,0.0,0.0
1993-12-13 00:00:00-05:00,19.700634002685547,19.851596715349803,19.700634002685547,19.700634002685547,5700,0.0,0.0
1993-12-14 00:00:00-05:00,19.474197358008954,19.549678743117518,19.39871597290039,19.39871597290039,11200,0.0,0.0
1993-12-15 00:00:00-05:00,19.398716002471687,19.474197387695312,19.323234617248062,19.474197387695312,16400,0.0,0.0
1993-12-16 00:00:00-05:00,19.39871597290039,19.39871597290039,19.32323458779183,19.39871597290039,9500,0.0,0.0
1993-12-17 00:00:00-05:00,19.625152646353417,19.700634002685547,19.625152646353417,19.700634002685547,7800,0.0,0.0
1993-12-20 00:00:00-05:00,19.096786499023438,19.172267868584797,19.096786499023438,19.096786499023438,6000,0.0,0.0
1993-12-21 00:00:00-05:00,19.021303176879883,19.172265900505913,19.021303176879883,19.021303176879883,5700,0.0,0.0
1993-12-22 00:00:00-05:00,19.021303176879883,19.172265900505913,19.021303176879883,19.021303176879883,6700,0.0,0.0
1993-12-23 00:00:00-05:00,19.255399703979492,19.255399703979492,19.103782383475714,19.255399703979492,3300,0.136,0.0
1993-12-27 00:00:00-05:00,18.648938346395685,18.648938346395685,18.49732096146564,18.573129653930664,1000,0.0,0.0
1993-12-28 00:00:00-05:00,18.95216941833496,19.10378677368164,18.95216941833496,18.95216941833496,3500,0.0,0.0
1993-12-29 00:00:00-05:00,19.255402419146368,19.33121109008789,19.255402419146368,19.33121109008789,8700,0.0,0.0
1993-12-30 00:00:00-05:00,19.255405113101006,19.40702247619629,19.255405113101006,19.40702247619629,4700,0.0,0.0
1993-12-31 00:00:00-05:00,19.255405113101006,19.40702247619629,19.255405113101006,19.40702247619629,12200,0.0,0.0
1994-01-03 00:00:00-05:00,19.255405113101006,19.40702247619629,19.255405113101006,19.40702247619629,2500,0.0,0.0
1994-01-04 00:00:00-05:00,19.33120836423138,19.407017024483267,19.255399703979492,19.255399703979492,54600,0.0,0.0
1994-01-05 00:00:00-05:00,19.40702137037938,19.63444740206351,19.40702137037938,19.482830047607422,18600,0.0,0.0
1994-01-06 00:00:00-05:00,19.55864143371582,19.634450121443404,19.55864143371582,19.55864143371582,9300,0.0,0.0
1994-01-07 00:00:00-05:00,19.8618771090652,20.01349449157715,19.8618771090652,20.01349449157715,15700,0.0,0.0
1994-01-10 00:00:00-05:00,20.01349449157715,20.01349449157715,19.937685800321173,20.01349449157715,14400,0.0,0.0
1994-01-11 00:00:00-05:00,19.78606414794922,19.861872822845577,19.78606414794922,19.78606414794922,8400,0.0,0.0
1994-01-12 00:00:00-05:00,19.861875856839692,19.861875856839692,19.71025848388672,19.71025848388672,4700,0.0,0.0
1994-01-13 00:00:00-05:00,19.710255773831516,19.786064449884716,19.63444709777832,19.63444709777832,11600,0.0,0.0
1994-01-14 00:00:00-05:00,20.089296062340896,20.24091339111328,20.089296062340896,20.24091339111328,81600,0.0,0.0
1994-01-17 00:00:00-05:00,20.24091339111328,20.316722055499472,20.24091339111328,20.24091339111328,8200,0.0,0.0
1994-01-18 00:00:00-05:00,20.089300951563324,20.165109634399414,20.013492268727237,20.165109634399414,11100,0.0,0.0
1994-01-19 00:00:00-05:00,20.392528273522633,20.544145584106445,20.316719618230728,20.544145584106445,12400,0.0,0.0
1994-01-20 00:00:00-05:00,20.392532348632812,20.544149689514843,20.392532348632812,20.392532348632812,16400,0.0,0.0
1994-01-21 00:00:00-05:00,20.013491475807047,20.08930015563965,19.937682795974442,20.08930015563965,32300,0.0,0.0
1994-01-24 00:00:00-05:00,19.55864143371582,19.710258809170984,19.55864143371582,19.55864143371582,10400,0.0,0.0
1994-01-25 00:00:00-05:00,19.786068417809226,20.01349449157715,19.786068417809226,20.01349449157715,42800,0.0,0.0
1994-01-26 00:00:00-05:00,20.089300951563324,20.2409183172355,20.089300951563324,20.165109634399414,7400,0.0,0.0
1994-01-27 00:00:00-05:00,20.08930015563965,20.165108835472253,20.013491475807047,20.08930015563965,54200,0.0,0.0
1994-01-28 00:00:00-05:00,20.61996283686118,20.999006271362305,20.61996283686118,20.999006271362305,81600,0.0,0.0
1994-01-31 00:00:00-05:00,21.832894189959994,22.06032017110541,21.832894189959994,21.908702850341797,44300,0.0,0.0
1994-02-01 00:00:00-05:00,21.9087074674409,21.984516143798828,21.832898791082975,21.984516143798828,14200,0.0,0.0
1994-02-02 00:00:00-05:00,22.06032610912712,22.287752151489258,22.06032610912712,22.287752151489258,35800,0.0,0.0
1994-02-03 00:00:00-05:00,22.136137008666992,22.136137008666992,21.984519631895303,22.136137008666992,7200,0.0,0.0
1994-02-04 00:00:00-05:00,21.832895843076034,21.984513175319616,21.529661178588867,21.529661178588867,63500,0.0,0.0
1994-02-07 00:00:00-05:00,21.453855514526367,21.529664191256142,21.378046837796592,21.453855514526367,44400,0.0,0.0
1994-02-08 00:00:00-05:00,21.378041399755514,21.453850057201453,21.30223274230957,21.30223274230957,39300,0.0,0.0
1994-02-09 00:00:00-05:00,21.30223274230957,21.30223274230957,21.150615427417687,21.30223274230957,56000,0.0,0.0
1994-02-10 00:00:00-05:00,21.302235746383666,21.37804441452026,21.22642707824707,21.22642707824707,42500,0.0,0.0
1994-02-11 00:00:00-05:00,21.226424900352534,21.378042221069336,21.226424900352534,21.378042221069336,62800,0.0,0.0
1994-02-14 00:00:00-05:00,21.832894189959994,22.363554812632632,21.832894189959994,21.908702850341797,29900,0.0,0.0
1994-02-15 00:00:00-05:00,22.287752151489258,22.439369513064015,22.287752151489258,22.287752151489258,74600,0.0,0.0
1994-02-16 00:00:00-05:00,22.21194347070188,22.287752151489258,22.1361347899145,22.287752151489258,91400,0.0,0.0
1994-02-17 00:00:00-05:00,22.136133994665567,22.211942672729492,22.060325316601645,22.211942672729492,25000,0.0,0.0
1994-02-18 00:00:00-05:00,21.9087074674409,22.21194217287261,21.832898791082975,21.984516143798828,15000,0.0,0.0
1994-02-22 00:00:00-05:00,21.832901000976562,21.984518369038902,21.832901000976562,21.832901000976562,4500,0.0,0.0
1994-02-23 00:00:00-05:00,21.832901000976562,21.984518369038902,21.832901000976562,21.832901000976562,10700,0.0,0.0
1994-02-24 00:00:00-05:00,22.21194569705284,22.287754385438685,22.060328320281148,22.136137008666992,9400,0.0,0.0
1994-02-25 00:00:00-05:00,22.894212722778317,23.045830025578177,22.894212722778317,22.89421272277832,17400,0.0,0.0
1994-02-28 00:00:00-05:00,23.424874995682398,23.576492309570312,23.424874995682398,23.576492309570312,52800,0.0,0.0
1994-03-01 00:00:00-05:00,23.652300966514268,23.80391828040218,23.576492309570312,23.576492309570312,22800,0.0,0.0
1994-03-02 00:00:00-05:00,23.349072305129955,23.424880981445312,23.349072305129955,23.424880981445312,18300,0.0,0.0
1994-03-03 00:00:00-05:00,23.34906768798828,23.424876349312918,23.273259026663645,23.34906768798828,9500,0.0,0.0
1994-03-04 00:00:00-05:00,23.424880981445312,23.50068965776067,23.424880981445312,23.424880981445312,11900,0.0,0.0
1994-03-07 00:00:00-05:00,23.728110994611466,23.879728317260742,23.728110994611466,23.879728317260742,8900,0.0,0.0
1994-03-08 00:00:00-05:00,23.95553207397461,23.95553207397461,23.728106136563458,23.95553207397461,7500,0.0,0.0
1994-03-09 00:00:00-05:00,23.576492309570312,23.652300966514268,23.500683652626357,23.576492309570312,7800,0.0,0.0
1994-03-10 00:00:00-05:00,23.95553697858538,24.031345639910015,23.803919655936106,23.879728317260742,6100,0.0,0.0
1994-03-11 00:00:00-05:00,23.728116989135742,23.879734350088686,23.728116989135742,23.728116989135742,4000,0.0,0.0
1994-03-14 00:00:00-05:00,23.95553752011473,24.10715484619141,23.95553752011473,24.107154846191406,21900,0.0,0.0
1994-03-15 00:00:00-05:00,23.87972342817089,24.031340719778324,23.87972342817089,23.95553207397461,4500,0.0,0.0
1994-03-16 00:00:00-05:00,24.107149365582043,24.107149365582043,23.95553207397461,23.95553207397461,5600,0.0,0.0
1994-03-17 00:00:00-05:00,23.95554399639835,24.18297004699707,23.95554399639835,24.18297004699707,2000,0.0,0.0
1994-03-18 00:00:00-05:00,23.576492309570312,23.652300966514268,23.500683652626357,23.576492309570312,36100,0.0,0.0
1994-03-21 00:00:00-05:00,23.50068965776067,23.576498334076025,23.424880981445312,23.424880981445312,27600,0.0,0.0
1994-03-22 00:00:00-05:00,23.424876349312918,23.500685010637554,23.273259026663645,23.34906768798828,6100,0.0,0.0
1994-03-23 00:00:00-05:00,23.19745525397385,23.273263931274418,23.121646576673278,23.273263931274414,7900,0.0,0.0
1994-03-24 00:00:00-05:00,23.12163734436035,23.12163734436035,23.04582869732966,23.12163734436035,8500,0.0,0.0
1994-03-25 00:00:00-05:00,22.97002792358398,23.12164526961424,22.97002792358398,22.970027923583984,7600,0.0,0.0
1994-03-28 00:00:00-05:00,23.19744873046875,23.19744873046875,23.0458314185049,23.19744873046875,3600,0.0,0.0
1994-03-29 00:00:00-05:00,23.34906768798828,23.424876349312918,23.273259026663645,23.34906768798828,15700,0.0,0.0
1994-03-30 00:00:00-05:00,23.273263931274418,23.424881285875554,23.273263931274418,23.273263931274414,8600,0.0,0.0
1994-03-31 00:00:00-05:00,23.197458593468916,23.197458593468916,23.045841217041016,23.045841217041016,36300,0.0,0.0
1994-04-04 00:00:00-04:00,23.045836596599113,23.045836596599113,22.97002792358398,22.970027923583984,9200,0.0,0.0
1994-04-05 00:00:00-04:00,23.576492309570312,23.576492309570312,23.04583171096262,23.576492309570312,24400,0.0,0.0
1994-04-06 00:00:00-04:00,23.19744873046875,23.19744873046875,23.0458314185049,23.19744873046875,7300,0.0,0.0
1994-04-07 00:00:00-04:00,23.27326926127149,23.27326926127149,23.121651871947247,23.23536491394043,9500,0.0,0.0
1994-04-08 00:00:00-04:00,23.045841217041016,23.197458593468916,23.045841217041016,23.045841217041016,10700,0.0,0.0
1994-04-11 00:00:00-04:00,23.273259026663645,23.424876349312918,23.273259026663645,23.34906768798828,12600,0.0,0.0
1994-04-12 00:00:00-04:00,23.197450365339005,23.34906768798828,23.197450365339005,23.34906768798828,9100,0.0,0.0
1994-04-13 00:00:00-04:00,23.19744873046875,23.349066042432597,23.19744873046875,23.19744873046875,11500,0.0,0.0
1994-04-14 00:00:00-04:00,23.424876349312918,23.424876349312918,23.273259026663645,23.34906768798828,2100,0.0,0.0
1994-04-15 00:00:00-04:00,23.652307510375977,23.80392486621172,23.652307510375977,23.652307510375977,16500,0.0,0.0
1994-04-18 00:00:00-04:00,23.652307510375977,23.80392486621172,23.576498832458103,23.652307510375977,3300,0.0,0.0
1994-04-19 00:00:00-04:00,23.65230830865927,23.879734350088686,23.65230830865927,23.728116989135742,8600,0.0,0.0
1994-04-20 00:00:00-04:00,23.500683652626357,23.576492309570312,23.500683652626357,23.576492309570312,9500,0.0,0.0
1994-04-21 00:00:00-04:00,23.576492309570312,23.728109623458224,23.576492309570312,23.576492309570312,25800,0.0,0.0
1994-04-22 00:00:00-04:00,23.576492309570312,23.652300966514268,23.576492309570312,23.576492309570312,14300,0.0,0.0
1994-04-25 00:00:00-04:00,23.652300966514268,23.652300966514268,23.576492309570312,23.576492309570312,32800,0.0,0.0
1994-04-26 00:00:00-04:00,23.424883682497086,23.50069236755371,23.424883682497086,23.50069236755371,23700,0.0,0.0
1994-04-28 00:00:00-04:00,23.42488147662236,23.652307510375977,23.42488147662236,23.652307510375977,9300,0.0,0.0
1994-04-29 00:00:00-04:00,23.576492309570312,23.652300966514268,23.576492309570312,23.576492309570312,10100,0.0,0.0
1994-05-02 00:00:00-04:00,23.424880981445312,23.50068965776067,23.424880981445312,23.424880981445312,3100,0.0,0.0
1994-05-03 00:00:00-04:00,23.576501052610336,23.576501052610336,23.50069236755371,23.50069236755371,11000,0.0,0.0
1994-05-04 00:00:00-04:00,23.349072305129955,23.424880981445312,23.349072305129955,23.424880981445312,10500,0.0,0.0
1994-05-05 00:00:00-04:00,23.273257386450673,23.349066042432597,23.19744873046875,23.19744873046875,50000,0.0,0.0
1994-05-06 00:00:00-04:00,23.273257386450673,23.273257386450673,23.19744873046875,23.19744873046875,4000,0.0,0.0
1994-05-09 00:00:00-04:00,23.273257386450673,23.273257386450673,23.19744873046875,23.19744873046875,11900,0.0,0.0
1994-05-10 00:00:00-04:00,23.19744873046875,23.19744873046875,23.121640074486827,23.19744873046875,13600,0.0,0.0
1994-05-11 00:00:00-04:00,23.273263931274418,23.349072608574986,23.273263931274418,23.273263931274414,8400,0.0,0.0
1994-05-12 00:00:00-04:00,23.349072608574986,23.349072608574986,23.273263931274418,23.273263931274414,8100,0.0,0.0
1994-05-13 00:00:00-04:00,23.045841217041016,23.121649905254966,23.045841217041016,23.045841217041016,3300,0.0,0.0
1994-05-16 00:00:00-04:00,22.97002792358398,23.19745394262937,22.97002792358398,22.970027923583984,6000,0.0,0.0
1994-05-17 00:00:00-04:00,22.970022762522976,23.19744873046875,22.970022762522976,23.19744873046875,9700,0.0,0.0
1994-05-18 00:00:00-04:00,23.27327271375141,23.349081419659395,23.197464007843426,23.3396053314209,27400,0.0,0.0
1994-05-19 00:00:00-04:00,23.50069236755371,23.65230973766696,23.50069236755371,23.50069236755371,17400,0.0,0.0
1994-05-20 00:00:00-04:00,23.424874995682398,23.576492309570312,23.424874995682398,23.576492309570312,12600,0.0,0.0
1994-05-23 00:00:00-04:00,23.65230973766696,23.65230973766696,23.50069236755371,23.50069236755371,2300,0.0,0.0
1994-05-24 00:00:00-04:00,24.107161363464165,24.258778730529976,24.107161363464165,24.18297004699707,12000,0.0,0.0
1994-05-25 00:00:00-04:00,24.258778414622274,24.410395779713664,24.258778414622274,24.33458709716797,5700,0.0,0.0
1994-05-26 00:00:00-04:00,24.107161363464165,24.18297004699707,24.107161363464165,24.18297004699707,5900,0.0,0.0
1994-05-27 00:00:00-04:00,24.258784541377313,24.56201934814453,24.258784541377313,24.56201934814453,45400,0.0,0.0
1994-05-31 00:00:00-04:00,24.63782389471136,24.713632583618164,24.562015205804556,24.713632583618164,93600,0.0,0.0
1994-06-01 00:00:00-04:00,25.01687015395567,25.244296246264355,25.01687015395567,25.168487548828125,76500,0.0,0.0
1994-06-02 00:00:00-04:00,25.358001908389006,25.358001908389006,24.86524551853989,25.016862869262695,50700,0.0,0.0
1994-06-03 00:00:00-04:00,24.637813568115234,24.637813568115234,24.486196253849908,24.637813568115234,14300,0.0,0.0
1994-06-06 00:00:00-04:00,24.410398483276367,24.56201586516007,24.410398483276367,24.410398483276367,13800,0.0,0.0
1994-06-07 00:00:00-04:00,24.86524551853989,25.092671544624096,24.713628167817088,25.016862869262695,61500,0.0,0.0
1994-06-08 00:00:00-04:00,24.94104930497368,25.092666625976562,24.94104930497368,25.092666625976562,38000,0.0,0.0
1994-06-09 00:00:00-04:00,25.016860150276347,25.168477484520444,24.941051483154297,24.941051483154297,44500,0.0,0.0
1994-06-10 00:00:00-04:00,24.7136265708179,24.865243911743164,24.7136265708179,24.865243911743164,11200,0.0,0.0
1994-06-13 00:00:00-04:00,25.16847962248111,25.32009696960449,25.16847962248111,25.320096969604492,3800,0.0,0.0
1994-06-14 00:00:00-04:00,25.244285583496094,25.395902914327902,25.244285583496094,25.244285583496094,9700,0.0,0.0
1994-06-15 00:00:00-04:00,25.47171211242676,25.6233294464293,25.47171211242676,25.471712112426758,79900,0.0,0.0
1994-06-16 00:00:00-04:00,25.395904252366424,25.547521591186523,25.395904252366424,25.547521591186523,32700,0.0,0.0
1994-06-17 00:00:00-04:00,25.926572011013533,25.926572011013533,25.85076332092285,25.85076332092285,48400,0.0,0.0
1994-06-20 00:00:00-04:00,25.774949222891028,25.850757897076,25.699140548706055,25.699140548706055,88100,0.0,0.0
1994-06-21 00:00:00-04:00,25.774949222891028,25.850757897076,25.699140548706055,25.699140548706055,21600,0.0,0.0
1994-06-22 00:00:00-04:00,26.08671761111937,26.238826751708984,26.08671761111937,26.238826751708984,9200,0.137,0.0
1994-06-23 00:00:00-04:00,26.390928268432617,26.543037365080643,26.390928268432617,26.390928268432617,41000,0.0,0.0
1994-06-24 00:00:00-04:00,26.3909340391078,26.99937055874141,26.3909340391078,26.847261428833008,12400,0.0,0.0
1994-06-27 00:00:00-04:00,26.695144653320312,26.84725373966402,26.61909011014846,26.695144653320312,62000,0.0,0.0
1994-06-28 00:00:00-04:00,26.695144653320312,26.84725373966402,26.695144653320312,26.695144653320312,5500,0.0,0.0
1994-06-29 00:00:00-04:00,26.92332269928672,26.92332269928672,26.77121353149414,26.77121353149414,10500,0.0,0.0
1994-06-30 00:00:00-04:00,27.075417548000647,27.151472091674805,26.999363004326487,27.151472091674805,31800,0.0,0.0
1994-07-01 00:00:00-04:00,26.695144653320312,26.84725373966402,26.61909011014846,26.695144653320312,22400,0.0,0.0
1994-07-05 00:00:00-04:00,26.999363872291006,26.999363872291006,26.847254780052747,26.923309326171875,10000,0.0,0.0
1994-07-06 00:00:00-04:00,26.92331696628185,27.07542610168457,26.92331696628185,27.07542610168457,8700,0.0,0.0
1994-07-07 00:00:00-04:00,26.847261428833008,26.99937055874141,26.847261428833008,26.847261428833008,9800,0.0,0.0
1994-07-08 00:00:00-04:00,26.999370574951175,27.227534269950763,26.999370574951175,26.999370574951172,6300,0.0,0.0
1994-07-11 00:00:00-04:00,27.303581179023123,27.303581179023123,27.151472091674805,27.151472091674805,16400,0.0,0.0
1994-07-12 00:00:00-04:00,27.227526693955106,27.37963578163083,27.227526693955106,27.30358123779297,3400,0.0,0.0
1994-07-13 00:00:00-04:00,27.227527618408203,27.379636711248473,27.227527618408203,27.227527618408203,17000,0.0,0.0
1994-07-14 00:00:00-04:00,27.227526693955106,27.455690325468694,27.227526693955106,27.30358123779297,13500,0.0,0.0
1994-07-15 00:00:00-04:00,27.455690325468694,27.455690325468694,27.30358123779297,27.30358123779297,6400,0.0,0.0
1994-07-18 00:00:00-04:00,27.22753523708729,27.303589804788654,27.07542610168457,27.07542610168457,11000,0.0,0.0
1994-07-19 00:00:00-04:00,26.999370574951175,27.075425139951037,26.92331600995131,26.999370574951172,13700,0.0,0.0
1994-07-20 00:00:00-04:00,26.92331696628185,27.07542610168457,26.92331696628185,27.07542610168457,9700,0.0,0.0
1994-07-21 00:00:00-04:00,26.999363872291006,27.151472964529265,26.92330932617188,26.923309326171875,5000,0.0,0.0
1994-07-22 00:00:00-04:00,26.77121353149414,26.77121353149414,26.69515894759785,26.77121353149414,23900,0.0,0.0
1994-07-25 00:00:00-04:00,26.390928268432617,26.543037365080643,26.390928268432617,26.390928268432617,4200,0.0,0.0
1994-07-26 00:00:00-04:00,25.934608459472656,26.086717599997424,25.934608459472656,25.934608459472656,8000,0.0,0.0
1994-07-27 00:00:00-04:00,26.010658264160156,26.162767376816063,26.010658264160156,26.010658264160156,5400,0.0,0.0
1994-07-28 00:00:00-04:00,26.010663029735042,26.086717599997424,25.934608459472656,25.934608459472656,1800,0.0,0.0
1994-07-29 00:00:00-04:00,25.934608459472656,25.934608459472656,25.858553889210274,25.934608459472656,3700,0.0,0.0
1994-08-01 00:00:00-04:00,26.010658297427867,26.162767410278324,26.010658297427867,26.16276741027832,2300,0.0,0.0
1994-08-02 00:00:00-04:00,26.086719512939453,26.162774088778928,26.086719512939453,26.086719512939453,33400,0.0,0.0
1994-08-03 00:00:00-04:00,26.010663029735042,26.086717599997424,25.934608459472656,25.934608459472656,53500,0.0,0.0
1994-08-04 00:00:00-04:00,25.934610361260507,26.086719512939453,25.934610361260507,26.086719512939453,4500,0.0,0.0
1994-08-05 00:00:00-04:00,25.782502168767593,25.858556747436523,25.706447590098662,25.858556747436523,4200,0.0,0.0
1994-08-08 00:00:00-04:00,25.78249931894789,25.934608459472656,25.78249931894789,25.934608459472656,2300,0.0,0.0
1994-08-09 00:00:00-04:00,26.010658264160156,26.08671282048811,25.934603707832203,26.010658264160156,7300,0.0,0.0
1994-08-10 00:00:00-04:00,26.162767410278324,26.314876523128778,26.162767410278324,26.16276741027832,4300,0.0,0.0
1994-08-11 00:00:00-04:00,26.238819171784588,26.390928268432617,26.238819171784588,26.390928268432617,1100,0.0,0.0
1994-08-12 00:00:00-04:00,26.238821999875107,26.39093111291786,26.16276744335373,26.314876556396484,19500,0.0,0.0
1994-08-15 00:00:00-04:00,26.162767410278324,26.276849244916164,26.162767410278324,26.16276741027832,21200,0.0,0.0
1994-08-16 00:00:00-04:00,26.16276744335373,26.39093111291786,26.16276744335373,26.314876556396484,33700,0.0,0.0
1994-08-17 00:00:00-04:00,26.162767410278324,26.314876523128778,26.162767410278324,26.16276741027832,3200,0.0,0.0
1994-08-18 00:00:00-04:00,26.390928268432617,26.46698281675663,26.390928268432617,26.390928268432617,12000,0.0,0.0
1994-08-19 00:00:00-04:00,26.3909377997106,26.543046951293945,26.3909377997106,26.543046951293945,2100,0.0,0.0
1994-08-22 00:00:00-04:00,26.61909011014846,26.695144653320312,26.543035566976606,26.695144653320312,29400,0.0,0.0
1994-08-23 00:00:00-04:00,26.771199196492166,26.771199196492166,26.543035566976606,26.695144653320312,13900,0.0,0.0
1994-08-24 00:00:00-04:00,26.695139841352187,26.695139841352187,26.543030782427106,26.61908531188965,6700,0.0,0.0
1994-08-25 00:00:00-04:00,26.46698281675663,26.46698281675663,26.3148737201086,26.390928268432617,8900,0.0,0.0
1994-08-26 00:00:00-04:00,26.314881322003792,26.390935892298604,26.238826751708984,26.238826751708984,2200,0.0,0.0
1994-08-29 00:00:00-04:00,26.086719512939453,26.238828664618403,26.086719512939453,26.086719512939453,37100,0.0,0.0
1994-08-30 00:00:00-04:00,26.086712853853093,26.162767410278324,26.010658297427867,26.16276741027832,4600,0.0,0.0
1994-08-31 00:00:00-04:00,26.162767410278324,26.23882196670355,26.162767410278324,26.16276741027832,16500,0.0,0.0
1994-09-01 00:00:00-04:00,26.238821999875107,26.314876556396484,26.238821999875107,26.314876556396484,6400,0.0,0.0
1994-09-02 00:00:00-04:00,26.390935892298604,26.390935892298604,26.238826751708984,26.238826751708984,46700,0.0,0.0
1994-09-06 00:00:00-04:00,26.238819171784588,26.46698281675663,26.238819171784588,26.390928268432617,51100,0.0,0.0
1994-09-07 00:00:00-04:00,26.162772181414176,26.238826751708984,26.08671761111937,26.238826751708984,71300,0.0,0.0
1994-09-08 00:00:00-04:00,26.086712853853093,26.23882196670355,26.086712853853093,26.16276741027832,10400,0.0,0.0
1994-09-09 00:00:00-04:00,25.934603707832203,26.010658264160156,25.85854915150425,26.010658264160156,10700,0.0,0.0
1994-09-12 00:00:00-04:00,25.858556747436523,26.010665904774385,25.858556747436523,25.858556747436523,3200,0.0,0.0
1994-09-13 00:00:00-04:00,25.934608459472656,25.934608459472656,25.78249931894789,25.934608459472656,12700,0.0,0.0
1994-09-14 00:00:00-04:00,25.0219526348692,25.098007202148438,24.94589806758996,25.098007202148438,10400,0.0,0.0
1994-09-15 00:00:00-04:00,24.945899963378906,24.945899963378906,24.793790817260742,24.793790817260742,6100,0.0,0.0
1994-09-16 00:00:00-04:00,24.71773624420166,24.793790817260742,24.641681671142578,24.641681671142578,6600,0.0,0.0
1994-09-19 00:00:00-04:00,24.185353282103346,24.33746242224236,24.185353282103346,24.26140785217285,33800,0.0,0.0
1994-09-20 00:00:00-04:00,24.56562421923486,24.56562421923486,24.413515090942383,24.413515090942383,24200,0.0,0.0
1994-09-21 00:00:00-04:00,24.869832079585006,25.021941144291947,24.869832079585006,24.945886611938477,31700,0.0,0.0
1994-09-22 00:00:00-04:00,25.250114463760468,25.402223587036133,25.250114463760468,25.402223587036133,24300,0.0,0.0
1994-09-23 00:00:00-04:00,25.326168060302734,25.402222619042384,25.326168060302734,25.326168060302734,18900,0.0,0.0
1994-09-26 00:00:00-04:00,25.250123977661133,25.40223315824945,25.250123977661133,25.250123977661133,9100,0.0,0.0
1994-09-27 00:00:00-04:00,25.021955495945175,25.098010071920694,24.86984634399414,24.86984634399414,12300,0.0,0.0
1994-09-28 00:00:00-04:00,25.098007202148438,25.098007202148438,24.94589806758996,25.098007202148438,28600,0.0,0.0
1994-09-29 00:00:00-04:00,24.945886611938477,25.097995676645418,24.945886611938477,24.945886611938477,15500,0.0,0.0
1994-09-30 00:00:00-04:00,24.945886611938477,25.097995676645418,24.945886611938477,24.945886611938477,18200,0.0,0.0
1994-10-03 00:00:00-04:00,24.94590091996966,25.021955495945175,24.86984634399414,24.86984634399414,8800,0.0,0.0
1994-10-04 00:00:00-04:00,24.945899963378906,24.945899963378906,24.793790817260742,24.793790817260742,55800,0.0,0.0
1994-10-05 00:00:00-04:00,25.098002413485915,25.174056966254053,25.021947860717773,25.021947860717773,65600,0.0,0.0
1994-10-06 00:00:00-04:00,24.793780485308783,25.174053192138672,24.793780485308783,25.174053192138672,68100,0.0,0.0
1994-10-07 00:00:00-04:00,25.0219526348692,25.174061769427677,25.0219526348692,25.098007202148438,23600,0.0,0.0
1994-10-10 00:00:00-04:00,25.021947860717773,25.098002413485915,25.021947860717773,25.021947860717773,4200,0.0,0.0
1994-10-11 00:00:00-04:00,25.021947860717773,25.098002413485915,24.945893307949635,25.021947860717773,11600,0.0,0.0
1994-10-12 00:00:00-04:00,25.09801479707281,25.326178567955292,25.09801479707281,25.250123977661133,2600,0.0,0.0
1994-10-13 00:00:00-04:00,25.40222264759576,25.4782772064209,25.250113529945487,25.4782772064209,15200,0.0,0.0
1994-10-14 00:00:00-04:00,25.402225021111413,25.478279587042884,25.402225021111413,25.44025230407715,3500,0.0,0.0
1994-10-17 00:00:00-04:00,25.61136983122144,25.61136983122144,25.402219817751927,25.55432891845703,14100,0.0,0.0
1994-10-18 00:00:00-04:00,25.630386352539062,25.782495470358285,25.630386352539062,25.630386352539062,3800,0.0,0.0
1994-10-19 00:00:00-04:00,25.858553889210274,25.934608459472656,25.858553889210274,25.934608459472656,3600,0.0,0.0
1994-10-20 00:00:00-04:00,26.16276744335373,26.314876556396484,26.16276744335373,26.314876556396484,9400,0.0,0.0
1994-10-21 00:00:00-04:00,26.314876088504324,26.39093064367341,26.314876088504324,26.352903366088867,7400,0.0,0.0
1994-10-24 00:00:00-04:00,26.086717599997424,26.086717599997424,25.934608459472656,25.934608459472656,3200,0.0,0.0
1994-10-25 00:00:00-04:00,26.086719512939453,26.162774088778928,26.086719512939453,26.086719512939453,4100,0.0,0.0
1994-10-26 00:00:00-04:00,26.08671761111937,26.238826751708984,26.08671761111937,26.238826751708984,5000,0.0,0.0
1994-10-27 00:00:00-04:00,26.314881322003792,26.314881322003792,26.238826751708984,26.238826751708984,2300,0.0,0.0
1994-10-28 00:00:00-04:00,26.162767410278324,26.314876523128778,26.162767410278324,26.16276741027832,7300,0.0,0.0
1994-10-31 00:00:00-05:00,26.543046951293945,26.69515610287729,26.543046951293945,26.543046951293945,6300,0.0,0.0
1994-11-01 00:00:00-05:00,26.543046951293945,26.69515610287729,26.543046951293945,26.543046951293945,5900,0.0,0.0
1994-11-02 00:00:00-05:00,26.543046951293945,26.69515610287729,26.543046951293945,26.543046951293945,3700,0.0,0.0
1994-11-03 00:00:00-05:00,26.390933047765973,26.46698760986328,26.390933047765973,26.46698760986328,2100,0.0,0.0
1994-11-04 00:00:00-05:00,26.162772181414176,26.390935892298604,26.162772181414176,26.238826751708984,3500,0.0,0.0
1994-11-07 00:00:00-05:00,26.086719512939453,26.238828664618403,26.086719512939453,26.086719512939453,3700,0.0,0.0
1994-11-08 00:00:00-05:00,26.162774088778928,26.238828664618403,26.086719512939453,26.086719512939453,22100,0.0,0.0
1994-11-09 00:00:00-05:00,26.08671282048811,26.08671282048811,26.010658264160156,26.010658264160156,8300,0.0,0.0
1994-11-10 00:00:00-05:00,25.934603707832203,26.08671282048811,25.934603707832203,26.010658264160156,12700,0.0,0.0
1994-11-11 00:00:00-05:00,26.162772181414176,26.238826751708984,26.162772181414176,26.238826751708984,15100,0.0,0.0
1994-11-14 00:00:00-05:00,26.162774088778928,26.162774088778928,26.010664937099982,26.086719512939453,8600,0.0,0.0
1994-11-15 00:00:00-05:00,26.162767410278324,26.314876523128778,26.162767410278324,26.16276741027832,5300,0.0,0.0
1994-11-16 00:00:00-05:00,26.086719512939453,26.086719512939453,25.934610361260507,26.086719512939453,9600,0.0,0.0
1994-11-17 00:00:00-05:00,26.010658264160156,26.162767376816063,26.010658264160156,26.010658264160156,9800,0.0,0.0
1994-11-18 00:00:00-05:00,26.08671282048811,26.162767376816063,26.010658264160156,26.010658264160156,4400,0.0,0.0
1994-11-21 00:00:00-05:00,26.086719512939453,26.086719512939453,25.934610361260507,26.086719512939453,7600,0.0,0.0
1994-11-22 00:00:00-05:00,25.858556747436523,25.934611326105454,25.858556747436523,25.858556747436523,25200,0.0,0.0
1994-11-23 00:00:00-05:00,25.63038632407117,25.782495441721444,25.4782772064209,25.4782772064209,23300,0.0,0.0
1994-11-25 00:00:00-05:00,25.554331765246033,25.554331765246033,25.4782772064209,25.4782772064209,1500,0.0,0.0
1994-11-28 00:00:00-05:00,25.63038632407117,25.63038632407117,25.4782772064209,25.4782772064209,4000,0.0,0.0
1994-11-29 00:00:00-05:00,25.55432327541374,25.706432342529297,25.55432327541374,25.706432342529297,22300,0.0,0.0
1994-11-30 00:00:00-05:00,25.858556747436523,25.934611326105454,25.858556747436523,25.858556747436523,15000,0.0,0.0
1994-12-01 00:00:00-05:00,25.858541409644854,25.858541409644854,25.706432342529297,25.706432342529297,25500,0.0,0.0
1994-12-02 00:00:00-05:00,25.63038346880958,25.63038346880958,25.554328918457028,25.55432891845703,1700,0.0,0.0
1994-12-05 00:00:00-05:00,25.554328918457028,25.706438019162132,25.554328918457028,25.55432891845703,36700,0.0,0.0
1994-12-06 00:00:00-05:00,25.4782772064209,25.63038632407117,25.4782772064209,25.4782772064209,13400,0.0,0.0
1994-12-07 00:00:00-05:00,25.47827814867397,25.630387271949633,25.402223587036133,25.402223587036133,9300,0.0,0.0
1994-12-08 00:00:00-05:00,25.40223315824945,25.47828774854361,25.250123977661133,25.250123977661133,33400,0.0,0.0
1994-12-09 00:00:00-05:00,25.0219526348692,25.174061769427677,25.0219526348692,25.098007202148438,4200,0.0,0.0
1994-12-12 00:00:00-05:00,25.098007202148438,25.098007202148438,25.0219526348692,25.098007202148438,1900,0.0,0.0
1994-12-13 00:00:00-05:00,25.09801479707281,25.250123977661133,25.09801479707281,25.250123977661133,21400,0.0,0.0
1994-12-14 00:00:00-05:00,24.945886611938477,25.097995676645418,24.945886611938477,24.945886611938477,4100,0.0,0.0
1994-12-15 00:00:00-05:00,25.250123977661133,25.250123977661133,25.09801479707281,25.250123977661133,3700,0.0,0.0
1994-12-16 00:00:00-05:00,25.021944109406718,25.174053192138672,25.021944109406718,25.174053192138672,4800,0.0,0.0
1994-12-19 00:00:00-05:00,25.098007202148438,25.250116336706913,25.098007202148438,25.098007202148438,2400,0.0,0.0
1994-12-20 00:00:00-05:00,25.02196020677865,25.250123977661133,25.02196020677865,25.250123977661133,9600,0.0,0.0
1994-12-21 00:00:00-05:00,24.945886611938477,25.097995676645418,24.945886611938477,24.945886611938477,5000,0.0,0.0
1994-12-22 00:00:00-05:00,25.28506851196289,25.28506851196289,25.208678576881432,25.28506851196289,7200,0.18,0.0
1994-12-23 00:00:00-05:00,25.20867919921875,25.36145907315341,25.20867919921875,25.20867919921875,800,0.0,0.0
1994-12-27 00:00:00-05:00,25.285065378870694,25.43784523010254,25.285065378870694,25.43784523010254,900,0.0,0.0
1994-12-28 00:00:00-05:00,25.36145907315341,25.36145907315341,25.20867919921875,25.20867919921875,4100,0.0,0.0
1994-12-29 00:00:00-05:00,25.590623248191108,25.66701316833496,25.514233328047254,25.66701316833496,11200,0.0,0.0
1994-12-30 00:00:00-05:00,25.590625762939453,25.743405618240583,25.590625762939453,25.590625762939453,3500,0.0,0.0
1995-01-03 00:00:00-05:00,25.667012471638753,25.743402389709107,25.514232635498047,25.514232635498047,6100,0.0,0.0
1995-01-04 00:00:00-05:00,25.36145844704435,25.43784838212581,25.28506851196289,25.28506851196289,1400,0.0,0.0
1995-01-05 00:00:00-05:00,25.43784523010254,25.514235155718463,25.43784523010254,25.43784523010254,2500,0.0,0.0
1995-01-06 00:00:00-05:00,25.285073596310905,25.437853497194958,25.285073596310905,25.36146354675293,3400,0.0,0.0
1995-01-09 00:00:00-05:00,25.43784523010254,25.43784523010254,25.36145530448662,25.43784523010254,1700,0.0,0.0
1995-01-10 00:00:00-05:00,25.285069136186078,25.285069136186078,25.20867919921875,25.20867919921875,3900,0.0,0.0
1995-01-11 00:00:00-05:00,25.514232635498047,25.667012471638753,25.514232635498047,25.514232635498047,2000,0.0,0.0
1995-01-12 00:00:00-05:00,25.437842717427692,25.5906225535684,25.437842717427692,25.514232635498047,14700,0.0,0.0
1995-01-13 00:00:00-05:00,25.43784523010254,25.66701500695031,25.43784523010254,25.43784523010254,5200,0.0,0.0
1995-01-16 00:00:00-05:00,25.590623248191108,25.66701316833496,25.590623248191108,25.66701316833496,8100,0.0,0.0
1995-01-17 00:00:00-05:00,25.66701500695031,25.66701500695031,25.43784523010254,25.43784523010254,3900,0.0,0.0
1995-01-18 00:00:00-05:00,25.43784838212581,25.51423831720727,25.28506851196289,25.28506851196289,15300,0.0,0.0
1995-01-19 00:00:00-05:00,24.979507446289062,25.05589737731747,24.903117515260657,24.979507446289062,25500,0.0,0.0
1995-01-20 00:00:00-05:00,24.82672616839409,24.82672616839409,24.368386608362197,24.44477653503418,10600,0.0,0.0
1995-01-23 00:00:00-05:00,23.29892548647794,23.528095245361328,23.29892548647794,23.528095245361328,9200,0.0,0.0
1995-01-24 00:00:00-05:00,23.68087577819824,23.83365562192855,23.68087577819824,23.680875778198242,5500,0.0,0.0
1995-01-25 00:00:00-05:00,23.757265700063396,23.83365562192855,23.68087577819824,23.680875778198242,35800,0.0,0.0
1995-01-26 00:00:00-05:00,23.757270152514806,23.757270152514806,23.604490280151367,23.604490280151367,13100,0.0,0.0
1995-01-27 00:00:00-05:00,23.528095245361328,23.680875084616922,23.528095245361328,23.528095245361328,3700,0.0,0.0
1995-01-30 00:00:00-05:00,23.68087841215588,24.21560792468843,23.68087841215588,24.062828063964844,129400,0.0,0.0
1995-01-31 00:00:00-05:00,23.680875084616922,23.680875084616922,23.375315406105738,23.528095245361328,8500,0.0,0.0
1995-02-01 00:00:00-05:00,23.146154403686523,23.222544352213543,23.146154403686523,23.146154403686523,47900,0.0,0.0
1995-02-02 00:00:00-05:00,23.146137981727474,23.298917770385742,23.06974808739834,23.298917770385742,4600,0.0,0.0
1995-02-03 00:00:00-05:00,22.993370056152344,23.146149923635086,22.993370056152344,22.993370056152344,5000,0.0,0.0
1995-02-06 00:00:00-05:00,23.146149923635086,23.146149923635086,22.993370056152344,22.993370056152344,14900,0.0,0.0
1995-02-07 00:00:00-05:00,23.146149923635086,23.146149923635086,22.993370056152344,22.993370056152344,17800,0.0,0.0
1995-02-08 00:00:00-05:00,22.916970031940384,23.06974983215332,22.916970031940384,23.06974983215332,1900,0.0,0.0
1995-02-09 00:00:00-05:00,22.76419448852539,22.840584402916416,22.687804574134365,22.76419448852539,6800,0.0,0.0
1995-02-10 00:00:00-05:00,22.916990937197887,22.993380906988545,22.840600967407227,22.840600967407227,9600,0.0,0.0
1995-02-13 00:00:00-05:00,22.993359196980794,23.069749094645182,22.916969299316406,22.916969299316406,3500,0.0,0.0
1995-02-14 00:00:00-05:00,22.61141716029106,22.687807083129883,22.61141716029106,22.687807083129883,7100,0.0,0.0
1995-02-15 00:00:00-05:00,22.68780195390856,22.68780195390856,22.53502214277113,22.611412048339844,4500,0.0,0.0
1995-02-16 00:00:00-05:00,22.535027160125523,22.535027160125523,22.305857392395435,22.458637237548828,3500,0.0,0.0
1995-02-17 00:00:00-05:00,22.535032272338867,22.76420209205757,22.535032272338867,22.535032272338867,6100,0.0,0.0
1995-02-21 00:00:00-05:00,22.535024745352317,22.76419448852539,22.535024745352317,22.76419448852539,3300,0.0,0.0
1995-02-22 00:00:00-05:00,22.458632237202416,22.68780195390856,22.458632237202416,22.611412048339844,20800,0.0,0.0
1995-02-23 00:00:00-05:00,22.458640385980473,22.458640385980473,22.30586051940918,22.30586051940918,9200,0.0,0.0
1995-02-24 00:00:00-05:00,21.847518920898438,22.000298773492133,21.847518920898438,21.847518920898438,3100,0.0,0.0
1995-02-27 00:00:00-05:00,21.38917470149857,21.465564611146778,21.23639488220215,21.23639488220215,30500,0.0,0.0
1995-02-28 00:00:00-05:00,21.923908233642578,22.00029815780161,21.847518309483544,21.923908233642578,26000,0.0,0.0
1995-03-01 00:00:00-05:00,21.847518309483544,21.923908233642578,21.77112838532451,21.923908233642578,8900,0.0,0.0
1995-03-02 00:00:00-05:00,22.00029815780161,22.153078006119678,21.923908233642578,21.923908233642578,6500,0.0,0.0
1995-03-03 00:00:00-05:00,22.153085708618164,22.153085708618164,22.000305807179416,22.153085708618164,53000,0.0,0.0
1995-03-06 00:00:00-05:00,22.53502723745224,22.687807083129883,22.53502723745224,22.687807083129883,18100,0.0,0.0
1995-03-07 00:00:00-05:00,22.68782102782591,22.840600967407227,22.68782102782591,22.840600967407227,3300,0.0,0.0
1995-03-08 00:00:00-05:00,22.68780195390856,22.840581765045993,22.611412048339844,22.611412048339844,3000,0.0,0.0
1995-03-09 00:00:00-05:00,22.61141716029106,22.687807083129883,22.45863731461342,22.687807083129883,8800,0.0,0.0
1995-03-10 00:00:00-05:00,22.153085708618164,22.30586561005691,22.153085708618164,22.153085708618164,4800,0.0,0.0
1995-03-13 00:00:00-05:00,22.53502723745224,22.687807083129883,22.45863731461342,22.687807083129883,5500,0.0,0.0
1995-03-14 00:00:00-05:00,22.22946477843816,22.22946477843816,22.076684951782227,22.076684951782227,5000,0.0,0.0
1995-03-15 00:00:00-05:00,22.687804574134365,22.76419448852539,22.687804574134365,22.76419448852539,19600,0.0,0.0
1995-03-16 00:00:00-05:00,22.687807083129883,22.840586928807525,22.687807083129883,22.687807083129883,6700,0.0,0.0
1995-03-17 00:00:00-05:00,22.68780195390856,22.764191859477275,22.611412048339844,22.611412048339844,20600,0.0,0.0
1995-03-20 00:00:00-05:00,22.61141465974334,22.76419448852539,22.61141465974334,22.76419448852539,1200,0.0,0.0
1995-03-21 00:00:00-05:00,22.611412048339844,22.764191859477275,22.611412048339844,22.611412048339844,1800,0.0,0.0
1995-03-22 00:00:00-05:00,22.61141708270222,22.61141708270222,22.458637237548828,22.458637237548828,8700,0.0,0.0
1995-03-23 00:00:00-05:00,22.458642332432635,22.687812152151334,22.458642332432635,22.535032272338867,2800,0.0,0.0
1995-03-24 00:00:00-05:00,22.568802730457204,22.799096635870033,22.568802730457204,22.722332000732422,800,0.18,0.0
1995-03-27 00:00:00-05:00,22.72233284559826,22.87586212158203,22.72233284559826,22.87586212158203,16200,0.0,0.0
1995-03-28 00:00:00-05:00,23.413224784951463,23.489989456377533,23.33646011352539,23.33646011352539,8500,0.0,0.0
1995-03-29 00:00:00-05:00,23.413209915161133,23.56673916050645,23.413209915161133,23.413209915161133,6000,0.0,0.0
1995-03-30 00:00:00-05:00,23.720279693603516,23.95057367121132,23.720279693603516,23.720279693603516,600,0.0,0.0
1995-03-31 00:00:00-05:00,24.564684981819966,24.564684981819966,24.41115570068359,24.411155700683594,9900,0.0,0.0
1995-04-03 00:00:00-04:00,24.257625155978733,24.41115442911784,24.10409588283963,24.18086051940918,20200,0.0,0.0
1995-04-04 00:00:00-04:00,24.25762641954722,24.41115570068359,24.25762641954722,24.411155700683594,4600,0.0,0.0
1995-04-05 00:00:00-04:00,24.41115421785456,24.564683489664965,24.41115421785456,24.487918853759766,7000,0.0,0.0
1995-04-06 00:00:00-04:00,24.41116450657354,24.64145851135254,24.41116450657354,24.64145851135254,4400,0.0,0.0
1995-04-07 00:00:00-04:00,24.718223179612203,24.79498784787187,24.64145851135254,24.64145851135254,13900,0.0,0.0
1995-04-10 00:00:00-04:00,25.17880630493164,25.409100265037722,25.17880630493164,25.17880630493164,4500,0.0,0.0
1995-04-11 00:00:00-04:00,24.900534436470124,25.17880630493164,24.900534436470124,25.17880630493164,9200,0.0,0.0
1995-04-12 00:00:00-04:00,25.33233723008489,25.485866546630856,25.33233723008489,25.48586654663086,6400,0.0,0.0
1995-04-13 00:00:00-04:00,25.25556838044227,25.40909767150879,25.17880373490901,25.40909767150879,11200,0.0,0.0
1995-04-17 00:00:00-04:00,25.17880630493164,25.332335611669027,25.17880630493164,25.17880630493164,2100,0.0,0.0
1995-04-18 00:00:00-04:00,25.33233070373535,25.33233070373535,25.33233070373535,25.33233070373535,3300,0.0,0.0
1995-04-19 00:00:00-04:00,25.17880398344921,25.255568629740214,25.102039337158207,25.102039337158203,7000,0.0,0.0
1995-04-20 00:00:00-04:00,25.255566065239183,25.33233070373535,25.178801426743014,25.33233070373535,16800,0.0,0.0
1995-04-21 00:00:00-04:00,25.485866546630856,25.56263120490384,25.485866546630856,25.48586654663086,4600,0.0,0.0
1995-04-24 00:00:00-04:00,25.40909767150879,25.562626962575308,25.40909767150879,25.40909767150879,1100,0.0,0.0
1995-04-25 00:00:00-04:00,25.869688844258807,26.023218154907227,25.869688844258807,26.023218154907227,4400,0.0,0.0
1995-04-26 00:00:00-04:00,25.792925179722793,25.86968983799578,25.409101888357874,25.48586654663086,13200,0.0,0.0
1995-04-27 00:00:00-04:00,24.948509216308594,25.10203850379357,24.948509216308594,24.948509216308594,1300,0.0,0.0
1995-04-28 00:00:00-04:00,25.10204578329016,25.10204578329016,24.87175178527832,24.87175178527832,8700,0.0,0.0
1995-05-01 00:00:00-04:00,25.102042748152844,25.178807404875027,25.025278091430664,25.025278091430664,7000,0.0,0.0
1995-05-02 00:00:00-04:00,25.33233070373535,25.409095342231517,25.33233070373535,25.33233070373535,600,0.0,0.0
1995-05-03 00:00:00-04:00,25.33233070373535,25.409095342231517,25.33233070373535,25.33233070373535,1200,0.0,0.0
1995-05-04 00:00:00-04:00,25.33232836737821,25.40909299879451,25.255563735961914,25.255563735961914,2000,0.0,0.0
1995-05-05 00:00:00-04:00,25.255563735961914,25.40909299879451,25.255563735961914,25.255563735961914,6400,0.0,0.0
1995-05-08 00:00:00-04:00,24.87175178527832,25.10204578329016,24.87175178527832,24.87175178527832,600,0.0,0.0
1995-05-09 00:00:00-04:00,24.564693843092872,24.64145851135254,24.48792917483321,24.64145851135254,9300,0.0,0.0
1995-05-10 00:00:00-04:00,24.104100361848488,24.104100361848488,23.950571060180664,23.950571060180664,17800,0.0,0.0
1995-05-11 00:00:00-04:00,23.10616609924718,23.33646011352539,23.10616609924718,23.33646011352539,15900,0.0,0.0
1995-05-12 00:00:00-04:00,23.106156883239745,23.182921524047853,23.02939224243164,23.02939224243164,40600,0.0,0.0
1995-05-15 00:00:00-04:00,23.643510818481445,23.797040109510544,23.643510818481445,23.643510818481445,2700,0.0,0.0
1995-05-16 00:00:00-04:00,23.25968274721672,23.298065061981102,23.029388858630412,23.10615348815918,27200,0.0,0.0
1995-05-17 00:00:00-04:00,23.413209915161133,23.56673916050645,23.413209915161133,23.413209915161133,14200,0.0,0.0
1995-05-18 00:00:00-04:00,23.413209915161133,23.56673916050645,23.413209915161133,23.413209915161133,27500,0.0,0.0
1995-05-19 00:00:00-04:00,23.489978790283207,23.566743426852756,23.489978790283207,23.489978790283203,7600,0.0,0.0
1995-05-22 00:00:00-04:00,23.02939224243164,23.182921524047853,23.02939224243164,23.02939224243164,9600,0.0,0.0
1995-05-23 00:00:00-04:00,22.722332000732422,22.722332000732422,22.64556736559481,22.722332000732422,3500,0.0,0.0
1995-05-24 00:00:00-04:00,23.02939224243164,23.182921524047853,23.02939224243164,23.02939224243164,6300,0.0,0.0
1995-05-25 00:00:00-04:00,23.25969123840332,23.25969123840332,23.106161923298348,23.25969123840332,33900,0.0,0.0
1995-05-26 00:00:00-04:00,23.950566188544986,24.10409545898438,23.950566188544986,24.104095458984375,16900,0.0,0.0
1995-05-30 00:00:00-04:00,24.487918853759762,24.487918853759762,24.334389581949356,24.487918853759766,9900,0.0,0.0
1995-05-31 00:00:00-04:00,23.87380599975586,23.87380599975586,23.72027670072206,23.87380599975586,9100,0.0,0.0
1995-06-01 00:00:00-04:00,23.950565764698357,24.02733039855957,23.873801130837144,24.02733039855957,7200,0.0,0.0
1995-06-02 00:00:00-04:00,24.48791927695274,24.641448551416396,24.411154639720916,24.56468391418457,2700,0.0,0.0
1995-06-05 00:00:00-04:00,24.48791991874623,24.48791991874623,24.33439064025879,24.33439064025879,3400,0.0,0.0
1995-06-06 00:00:00-04:00,24.02733039855957,24.02733039855957,23.873801130837144,24.02733039855957,3900,0.0,0.0
1995-06-07 00:00:00-04:00,24.257626001015073,24.33439064025879,24.104096722527636,24.33439064025879,12300,0.0,0.0
1995-06-08 00:00:00-04:00,23.72027438994377,23.95056831605973,23.72027438994377,23.797039031982422,8300,0.0,0.0
1995-06-09 00:00:00-04:00,23.720280805705812,23.720280805705812,23.56675148010254,23.56675148010254,3400,0.0,0.0
1995-06-12 00:00:00-04:00,23.643515034400917,23.720279693603516,23.566750375198318,23.720279693603516,11800,0.0,0.0
1995-06-13 00:00:00-04:00,23.720279693603516,23.720279693603516,23.566750375198318,23.720279693603516,1400,0.0,0.0
1995-06-14 00:00:00-04:00,23.566750375198318,23.720279693603516,23.566750375198318,23.720279693603516,17000,0.0,0.0
1995-06-15 00:00:00-04:00,23.720279693603516,23.720279693603516,23.643515034400917,23.720279693603516,6000,0.0,0.0
1995-06-16 00:00:00-04:00,23.643510818481445,23.643510818481445,23.566746172966894,23.643510818481445,15700,0.0,0.0
1995-06-19 00:00:00-04:00,23.873809012008717,23.873809012008717,23.720279693603516,23.720279693603516,4800,0.0,0.0
1995-06-20 00:00:00-04:00,23.87380599975586,23.87380599975586,23.72027670072206,23.87380599975586,15300,0.0,0.0
1995-06-21 00:00:00-04:00,24.180855237984957,24.257619857788086,24.027325998378704,24.257619857788086,41700,0.0,0.0
1995-06-22 00:00:00-04:00,24.257619857788086,24.257619857788086,24.104090618181832,24.257619857788086,6500,0.0,0.0
1995-06-23 00:00:00-04:00,24.33438447759121,24.41114909739434,24.257619857788086,24.257619857788086,9800,0.0,0.0
1995-06-26 00:00:00-04:00,24.48792917483321,24.64145851135254,24.48792917483321,24.64145851135254,7900,0.0,0.0
1995-06-27 00:00:00-04:00,24.487923894609725,24.71821784973145,24.487923894609725,24.718217849731445,13400,0.0,0.0
1995-06-28 00:00:00-04:00,24.33439206636869,24.948509216308594,24.180862778883714,24.948509216308594,228800,0.0,0.0
1995-06-29 00:00:00-04:00,24.41115399986316,24.41115399986316,24.10409545898438,24.104095458984375,39000,0.0,0.0
1995-06-30 00:00:00-04:00,24.25762641954722,24.41115570068359,24.25762641954722,24.411155700683594,11000,0.0,0.0
1995-07-03 00:00:00-04:00,24.48791991874623,24.48791991874623,24.33439064025879,24.33439064025879,3900,0.0,0.0
1995-07-05 00:00:00-04:00,24.564693843092872,24.64145851135254,24.41116450657354,24.64145851135254,14600,0.0,0.0
1995-07-06 00:00:00-04:00,24.718223179612203,24.79498784787187,24.64145851135254,24.64145851135254,19400,0.0,0.0
1995-07-07 00:00:00-04:00,25.33233070373535,25.33233070373535,25.102036788246846,25.33233070373535,12300,0.0,0.0
1995-07-10 00:00:00-04:00,25.639392184928194,25.869686126708984,25.639392184928194,25.869686126708984,66600,0.0,0.0
1995-07-11 00:00:00-04:00,25.869689245784983,26.09998321533203,25.869689245784983,26.09998321533203,124100,0.0,0.0
1995-07-12 00:00:00-04:00,25.946450521519456,26.17674446105957,25.946450521519456,26.17674446105957,41000,0.0,0.0
1995-07-13 00:00:00-04:00,26.17674446105957,26.253509107572942,26.0999798145462,26.17674446105957,54100,0.0,0.0
1995-07-14 00:00:00-04:00,26.25351373655803,26.33027839660645,26.25351373655803,26.330278396606445,25100,0.0,0.0
1995-07-17 00:00:00-04:00,25.869689245784983,26.09998321533203,25.869689245784983,26.09998321533203,148800,0.0,0.0
1995-07-18 00:00:00-04:00,25.946446520941596,25.946446520941596,25.79291725158691,25.792917251586914,80700,0.0,0.0
1995-07-19 00:00:00-04:00,25.792920232532982,25.792920232532982,25.562626301885366,25.63939094543457,19200,0.0,0.0
1995-07-20 00:00:00-04:00,25.869688844258807,26.023218154907227,25.869688844258807,26.023218154907227,20100,0.0,0.0
1995-07-21 00:00:00-04:00,25.94644546508789,25.94644546508789,25.792916201980862,25.94644546508789,32100,0.0,0.0
1995-07-24 00:00:00-04:00,25.869680833534378,25.94644546508789,25.792916201980862,25.94644546508789,27100,0.0,0.0
1995-07-25 00:00:00-04:00,25.639391608108564,25.639391608108564,25.40909767150879,25.40909767150879,29900,0.0,0.0
1995-07-26 00:00:00-04:00,25.40909767150879,25.40909767150879,25.25556838044227,25.40909767150879,12600,0.0,0.0
1995-07-27 00:00:00-04:00,25.562623347554887,25.79291725158691,25.485858712877544,25.792917251586914,82000,0.0,0.0
1995-07-28 00:00:00-04:00,25.409092808628944,25.562622070312504,25.409092808628944,25.5626220703125,107500,0.0,0.0
1995-07-31 00:00:00-04:00,25.639386701154283,25.639386701154283,25.562622070312504,25.5626220703125,9500,0.0,0.0
1995-08-01 00:00:00-04:00,25.332333276031218,25.332333276031218,25.102039337158207,25.102039337158203,10500,0.0,0.0
1995-08-02 00:00:00-04:00,24.87174277269203,25.178801325441317,24.87174277269203,25.140419006347656,106900,0.0,0.0
1995-08-03 00:00:00-04:00,24.871745398285196,25.102039337158207,24.871745398285196,25.102039337158203,31200,0.0,0.0
1995-08-04 00:00:00-04:00,24.718210651409514,24.948504539466125,24.718210651409514,24.79497528076172,7400,0.0,0.0
1995-08-07 00:00:00-04:00,24.87173991011392,24.948504539466125,24.79497528076172,24.79497528076172,4500,0.0,0.0
1995-08-08 00:00:00-04:00,24.948504539466125,24.948504539466125,24.79497528076172,24.79497528076172,9700,0.0,0.0
1995-08-09 00:00:00-04:00,24.79497528076172,24.948504539466125,24.79497528076172,24.79497528076172,2200,0.0,0.0
1995-08-10 00:00:00-04:00,24.334391060115404,24.48792034125178,24.25762641954722,24.411155700683594,11700,0.0,0.0
1995-08-11 00:00:00-04:00,24.10409588283963,24.257625155978733,24.10409588283963,24.18086051940918,145800,0.0,0.0
1995-08-14 00:00:00-04:00,24.257626001015073,24.33439064025879,24.104096722527636,24.33439064025879,103400,0.0,0.0
1995-08-15 00:00:00-04:00,24.027325998378704,24.33438447759121,23.95056137857558,24.257619857788086,65500,0.0,0.0
1995-08-16 00:00:00-04:00,24.718210651409514,24.79497528076172,24.564681392705108,24.79497528076172,47500,0.0,0.0
1995-08-17 00:00:00-04:00,24.64145851135254,24.64145851135254,24.564693843092872,24.64145851135254,6100,0.0,0.0
1995-08-18 00:00:00-04:00,24.71821784973145,24.71821784973145,24.564688546316965,24.718217849731445,6100,0.0,0.0
1995-08-21 00:00:00-04:00,24.334390002489087,24.56468391418457,24.334390002489087,24.56468391418457,11800,0.0,0.0
1995-08-22 00:00:00-04:00,24.564684981819966,24.564684981819966,24.41115570068359,24.411155700683594,25600,0.0,0.0
1995-08-23 00:00:00-04:00,24.48792034125178,24.48792034125178,24.41115570068359,24.411155700683594,8500,0.0,0.0
1995-08-24 00:00:00-04:00,24.257624946044153,24.487918853759762,24.257624946044153,24.487918853759766,11000,0.0,0.0
1995-08-25 00:00:00-04:00,24.25762641954722,24.41115570068359,24.25762641954722,24.411155700683594,3900,0.0,0.0
1995-08-28 00:00:00-04:00,24.487918853759762,24.487918853759762,24.257624946044153,24.487918853759766,8700,0.0,0.0
1995-08-29 00:00:00-04:00,24.564684557989946,24.564684557989946,24.33439064025879,24.33439064025879,40400,0.0,0.0
1995-08-30 00:00:00-04:00,24.33439064025879,24.33439064025879,24.180861361771353,24.33439064025879,4600,0.0,0.0
1995-08-31 00:00:00-04:00,24.41115442911784,24.41115442911784,24.10409588283963,24.18086051940918,21200,0.0,0.0
1995-09-01 00:00:00-04:00,24.180860519409183,24.180860519409183,24.027331246270077,24.18086051940918,5200,0.0,0.0
1995-09-05 00:00:00-04:00,23.720275463995996,23.797040109510544,23.643510818481445,23.643510818481445,21900,0.0,0.0
1995-09-06 00:00:00-04:00,23.25969544209932,23.33646011352539,23.182930770673252,23.33646011352539,9500,0.0,0.0
1995-09-07 00:00:00-04:00,23.18291664123535,23.18291664123535,23.029387391955648,23.18291664123535,6500,0.0,0.0
1995-09-08 00:00:00-04:00,23.259681265875205,23.33644589051506,23.18291664123535,23.18291664123535,11700,0.0,0.0
1995-09-11 00:00:00-04:00,23.182926580850836,23.336455895955808,23.182926580850836,23.25969123840332,37100,0.0,0.0
1995-09-12 00:00:00-04:00,23.182936512108235,23.182936512108235,22.9526424407959,22.9526424407959,92300,0.0,0.0
1995-09-13 00:00:00-04:00,22.722332000732422,22.87586127100764,22.722332000732422,22.722332000732422,10300,0.0,0.0
1995-09-14 00:00:00-04:00,22.875877750358455,22.9526424407959,22.722348369483566,22.9526424407959,23000,0.0,0.0
1995-09-15 00:00:00-04:00,22.645567788018123,22.79909706115723,22.645567788018123,22.799097061157227,4600,0.0,0.0
1995-09-18 00:00:00-04:00,22.415281295776367,22.56881061972004,22.415281295776367,22.415281295776367,28200,0.0,0.0
1995-09-19 00:00:00-04:00,22.261751174926758,22.33851583415064,22.108221856478984,22.261751174926758,30700,0.0,0.0
1995-09-20 00:00:00-04:00,21.954687118530273,21.954687118530273,21.801157837981112,21.954687118530273,7600,0.0,0.0
1995-09-21 00:00:00-04:00,21.954691741201614,22.10822105407715,21.954691741201614,22.10822105407715,27800,0.0,0.0
1995-09-22 00:00:00-04:00,22.261745030492236,22.261745030492236,22.031451116383696,22.184980392456055,9700,0.0,0.0
1995-09-25 00:00:00-04:00,22.261746104170637,22.261746104170637,22.031452178955078,22.031452178955078,5900,0.0,0.0
1995-09-26 00:00:00-04:00,22.26255130110116,22.416617400070717,22.26255130110116,22.339584350585938,19100,0.125,0.0
1995-09-27 00:00:00-04:00,22.64771746619273,22.801783571404926,22.64771746619273,22.724750518798828,11700,0.0,0.0
1995-09-28 00:00:00-04:00,22.647717485655697,22.801783591000294,22.5706844329834,22.5706844329834,9300,0.0,0.0
1995-09-29 00:00:00-04:00,23.495073318481445,23.649139373028863,23.495073318481445,23.495073318481445,7200,0.0,0.0
1995-10-02 00:00:00-04:00,22.80177879333496,22.9558448662629,22.80177879333496,22.80177879333496,21100,0.0,0.0
1995-10-03 00:00:00-04:00,22.878807067871094,23.03287310873218,22.80177404744055,22.878807067871094,25200,0.0,0.0
1995-10-04 00:00:00-04:00,23.109919481938427,23.34101867675781,23.109919481938427,23.341018676757812,4100,0.0,0.0
1995-10-05 00:00:00-04:00,23.41804787701038,23.649147033691406,23.41804787701038,23.649147033691406,17300,0.0,0.0
1995-10-06 00:00:00-04:00,23.649147015173458,23.880246171673527,23.649147015173458,23.803213119506836,24100,0.0,0.0
1995-10-09 00:00:00-04:00,23.572113024723993,23.726179122924805,23.572113024723993,23.726179122924805,20100,0.0,0.0
1995-10-10 00:00:00-04:00,23.418046951293945,23.572113049657723,23.34101390211206,23.418046951293945,13300,0.0,0.0
1995-10-11 00:00:00-04:00,23.418046951293945,23.418046951293945,23.26398085293017,23.418046951293945,2100,0.0,0.0
1995-10-12 00:00:00-04:00,23.34101867675781,23.34101867675781,23.18695254687822,23.341018676757812,2600,0.0,0.0
1995-10-13 00:00:00-04:00,23.109917624844268,23.18695068359375,23.032884566094786,23.18695068359375,13100,0.0,0.0
1995-10-16 00:00:00-04:00,23.341014824783375,23.649147033691406,23.341014824783375,23.649147033691406,84500,0.0,0.0
1995-10-17 00:00:00-04:00,23.418046951293945,23.418046951293945,23.186947803748282,23.418046951293945,126800,0.0,0.0
1995-10-18 00:00:00-04:00,23.263980865478516,23.263980865478516,23.186947816255074,23.263980865478516,78400,0.0,0.0
1995-10-19 00:00:00-04:00,23.26397319793701,23.26397319793701,23.109907150268555,23.109907150268555,56200,0.0,0.0
1995-10-20 00:00:00-04:00,23.34101867675781,23.572117871577195,23.34101867675781,23.341018676757812,18800,0.0,0.0
1995-10-23 00:00:00-04:00,23.649146086250255,23.649146086250255,23.495079987968495,23.572113037109375,23200,0.0,0.0
1995-10-24 00:00:00-04:00,23.495073318481445,23.572106345755156,23.495073318481445,23.495073318481445,16600,0.0,0.0
1995-10-25 00:00:00-04:00,23.032884566094786,23.18695068359375,23.032884566094786,23.18695068359375,33000,0.0,0.0
1995-10-26 00:00:00-04:00,22.95584487915039,23.10991095216482,22.95584487915039,22.95584487915039,6400,0.0,0.0
1995-10-27 00:00:00-04:00,22.647716522216797,22.647716522216797,22.493650423426207,22.647716522216797,2300,0.0,0.0
1995-10-30 00:00:00-05:00,22.878807067871094,22.878807067871094,22.72474102701001,22.878807067871094,5600,0.0,0.0
1995-10-31 00:00:00-05:00,22.72474102701001,22.955840088301635,22.72474102701001,22.878807067871094,5200,0.0,0.0
1995-11-01 00:00:00-05:00,22.724750518798828,22.878816624011023,22.724750518798828,22.724750518798828,2500,0.0,0.0
1995-11-02 00:00:00-05:00,22.95584871979798,22.95584871979798,22.647716522216797,22.647716522216797,35500,0.0,0.0
1995-11-03 00:00:00-05:00,22.801783571404926,22.801783571404926,22.64771746619273,22.724750518798828,7900,0.0,0.0
1995-11-06 00:00:00-05:00,22.878807067871094,23.03287310873218,22.80177404744055,22.878807067871094,83100,0.0,0.0
1995-11-07 00:00:00-05:00,23.032884566094786,23.18695068359375,22.955851507345308,23.18695068359375,22800,0.0,0.0
1995-11-08 00:00:00-05:00,23.263980865478516,23.41804696392539,23.186947816255074,23.263980865478516,4400,0.0,0.0
1995-11-09 00:00:00-05:00,23.418040291207735,23.649139373028863,23.418040291207735,23.495073318481445,11900,0.0,0.0
1995-11-10 00:00:00-05:00,23.880244251999443,24.111343389922016,23.880244251999443,23.957277297973633,18500,0.0,0.0
1995-11-13 00:00:00-05:00,24.034317016601562,24.034317016601562,23.803217814518856,24.034317016601562,12200,0.0,0.0
1995-11-14 00:00:00-05:00,23.649146086250255,23.649146086250255,23.495079987968495,23.572113037109375,9800,0.0,0.0
1995-11-15 00:00:00-05:00,23.418046938827615,23.572113037109375,23.418046938827615,23.572113037109375,5800,0.0,0.0
1995-11-16 00:00:00-05:00,23.572113024723993,23.726179122924805,23.495079975623586,23.726179122924805,23100,0.0,0.0
1995-11-17 00:00:00-05:00,23.726179135391135,23.80321218453202,23.572113037109375,23.572113037109375,7100,0.0,0.0
1995-11-20 00:00:00-05:00,23.649147015173458,23.803213119506836,23.649147015173458,23.803213119506836,3800,0.0,0.0
1995-11-21 00:00:00-05:00,23.880247116088867,23.880247116088867,23.72618100566249,23.880247116088867,11200,0.0,0.0
1995-11-22 00:00:00-05:00,23.880244251999443,24.034310343947826,23.880244251999443,23.957277297973633,6500,0.0,0.0
1995-11-24 00:00:00-05:00,23.95727729187987,24.111343383789062,23.95727729187987,24.111343383789062,2900,0.0,0.0
1995-11-27 00:00:00-05:00,23.95727729187987,24.111343383789062,23.95727729187987,24.111343383789062,14200,0.0,0.0
1995-11-28 00:00:00-05:00,24.034311282406943,24.18837738037109,24.034311282406943,24.188377380371094,6200,0.0,0.0
1995-11-29 00:00:00-05:00,24.111343377733988,24.265409469604492,24.111343377733988,24.265409469604492,15700,0.0,0.0
1995-11-30 00:00:00-05:00,24.265409469604492,24.419475561474997,24.265409469604492,24.265409469604492,5500,0.0,0.0
1995-12-01 00:00:00-05:00,24.419474601745605,24.65057373046875,24.419474601745605,24.65057373046875,7100,0.0,0.0
1995-12-04 00:00:00-05:00,24.72761055275246,24.958709716796875,24.72761055275246,24.958709716796875,11300,0.0,0.0
1995-12-05 00:00:00-05:00,24.727617329564588,24.727617329564588,24.573551177978516,24.573551177978516,13700,0.0,0.0
1995-12-06 00:00:00-05:00,24.727600997349,24.727600997349,24.496501922607422,24.496501922607422,9900,0.0,0.0
1995-12-07 00:00:00-05:00,24.727615356445312,24.881681495737805,24.727615356445312,24.727615356445312,7300,0.0,0.0
1995-12-08 00:00:00-05:00,24.958709716796875,24.958709716796875,24.80464360743393,24.958709716796875,6300,0.0,0.0
1995-12-11 00:00:00-05:00,24.958713578881685,24.958713578881685,24.80464744567871,24.80464744567871,3200,0.0,0.0
1995-12-12 00:00:00-05:00,24.95870304987981,25.03573608398438,24.95870304987981,25.035736083984375,9900,0.0,0.0
1995-12-13 00:00:00-05:00,24.80464744567871,24.958713578881685,24.80464744567871,24.80464744567871,2200,0.0,0.0
1995-12-14 00:00:00-05:00,25.18980785727141,25.574973115027852,25.18980785727141,25.497940063476562,30600,0.0,0.0
1995-12-15 00:00:00-05:00,25.420907011925276,25.574973115027852,25.420907011925276,25.497940063476562,6500,0.0,0.0
1995-12-18 00:00:00-05:00,25.4209041595459,25.574970245361328,25.4209041595459,25.4209041595459,5700,0.0,0.0
1995-12-19 00:00:00-05:00,25.34387397766113,25.420907029264963,25.34387397766113,25.343873977661133,5600,0.0,0.0
1995-12-20 00:00:00-05:00,25.420907011925276,25.497940063476566,25.343873960373987,25.497940063476562,18800,0.0,0.0
1995-12-21 00:00:00-05:00,25.57498168945313,25.652014766830998,25.497948612075255,25.574981689453125,5200,0.0,0.0
1995-12-22 00:00:00-05:00,25.806075113262246,25.96014123334142,25.729042053222656,25.729042053222656,11500,0.0,0.0
1995-12-26 00:00:00-05:00,25.96013641357422,25.96013641357422,25.729037276361392,25.96013641357422,9900,0.0,0.0
1995-12-27 00:00:00-05:00,25.883102416992188,25.883102416992188,25.729036331176758,25.883102416992188,12700,0.0,0.0
1995-12-28 00:00:00-05:00,25.883103367836608,25.96013641357422,25.729037276361392,25.96013641357422,15900,0.0,0.0
1995-12-29 00:00:00-05:00,26.03716278076172,26.19122883271889,26.03716278076172,26.03716278076172,49800,0.0,0.0
1996-01-02 00:00:00-05:00,26.03717419119442,26.191240310668945,26.03717419119442,26.191240310668945,5900,0.0,0.0
1996-01-03 00:00:00-05:00,26.114206314086914,26.19123937106062,26.037173257113206,26.114206314086914,30000,0.0,0.0
1996-01-04 00:00:00-05:00,26.19123365954205,27.03859710146841,26.114200619366926,26.884531021118164,70500,0.0,0.0
1996-01-05 00:00:00-05:00,26.884530072893416,26.961563110351562,26.80749703543527,26.961563110351562,31100,0.0,0.0
1996-01-08 00:00:00-05:00,26.80750274658203,26.80750274658203,26.76898621964729,26.80750274658203,9700,0.0,0.0
1996-01-09 00:00:00-05:00,26.80749798094304,26.884531021118164,26.653431900592793,26.884531021118164,25100,0.0,0.0
1996-01-10 00:00:00-05:00,26.807504687006077,26.807504687006077,26.653438568115234,26.653438568115234,13500,0.0,0.0
1996-01-11 00:00:00-05:00,26.422331350412104,26.653430458433203,26.422331350412104,26.614913940429688,21600,0.0,0.0
1996-01-12 00:00:00-05:00,25.960129754783136,26.03716278076172,25.806063702825963,26.03716278076172,73200,0.0,0.0
1996-01-15 00:00:00-05:00,25.883108071719896,26.191240310668945,25.883108071719896,26.191240310668945,34200,0.0,0.0
1996-01-16 00:00:00-05:00,26.191240310668945,26.345306430143467,26.191240310668945,26.191240310668945,13800,0.0,0.0
1996-01-17 00:00:00-05:00,26.653438568115234,26.653438568115234,26.422339389778976,26.653438568115234,15000,0.0,0.0
1996-01-18 00:00:00-05:00,26.653438568115234,26.653438568115234,26.422339389778976,26.653438568115234,10800,0.0,0.0
1996-01-19 00:00:00-05:00,26.65344243825868,26.65344243825868,26.499376296997067,26.49937629699707,28000,0.0,0.0
1996-01-22 00:00:00-05:00,26.19124120595504,26.422340393066406,26.19124120595504,26.422340393066406,16200,0.0,0.0
1996-01-23 00:00:00-05:00,26.114213870767273,26.26828002929687,26.114213870767273,26.268280029296875,11200,0.0,0.0
1996-01-24 00:00:00-05:00,26.114206314086914,26.19123937106062,26.037173257113206,26.114206314086914,17000,0.0,0.0
1996-01-25 00:00:00-05:00,26.114206314086914,26.19123937106062,26.114206314086914,26.114206314086914,9100,0.0,0.0
1996-01-26 00:00:00-05:00,26.345313108561673,26.345313108561673,26.114213870767273,26.268280029296875,7200,0.0,0.0
1996-01-29 00:00:00-05:00,26.345310155735458,26.52826369848362,26.345310155735458,26.49937629699707,12700,0.0,0.0
1996-01-30 00:00:00-05:00,26.422339389778976,26.653438568115234,26.422339389778976,26.653438568115234,117300,0.0,0.0
1996-01-31 00:00:00-05:00,26.653438568115234,26.653438568115234,26.499372449224396,26.653438568115234,9300,0.0,0.0
1996-02-01 00:00:00-05:00,26.5764045715332,26.807503741720446,26.5764045715332,26.576404571533203,24500,0.0,0.0
1996-02-02 00:00:00-05:00,26.576405508669815,26.730471627560657,26.576405508669815,26.653438568115234,28300,0.0,0.0
1996-02-05 00:00:00-05:00,26.80750176845453,27.03860092163086,26.65343566633697,27.03860092163086,82000,0.0,0.0
1996-02-06 00:00:00-05:00,27.03860092163086,27.115633972689636,27.03860092163086,27.03860092163086,37400,0.0,0.0
1996-02-07 00:00:00-05:00,27.115633972689636,27.115633972689636,26.884534819513306,27.03860092163086,36300,0.0,0.0
1996-02-08 00:00:00-05:00,26.884531021118164,26.884531021118164,26.730464940767916,26.884531021118164,12500,0.0,0.0
1996-02-09 00:00:00-05:00,26.730471627560657,26.730471627560657,26.499372449224396,26.653438568115234,6600,0.0,0.0
1996-02-12 00:00:00-05:00,26.49936959654179,26.730468750000004,26.49936959654179,26.73046875,27700,0.0,0.0
1996-02-13 00:00:00-05:00,26.576405508669815,26.653438568115234,26.499372449224396,26.653438568115234,23800,0.0,0.0
1996-02-14 00:00:00-05:00,26.653436638843054,26.80750274658203,26.653436638843054,26.80750274658203,7800,0.0,0.0
1996-02-15 00:00:00-05:00,26.80750274658203,27.038601908190497,26.80750274658203,26.80750274658203,20900,0.0,0.0
1996-02-16 00:00:00-05:00,27.115638689806232,27.269704818725586,27.038605625346555,27.269704818725586,22200,0.0,0.0
1996-02-20 00:00:00-05:00,27.03860092163086,27.115633972689636,26.884534819513306,27.03860092163086,51700,0.0,0.0
1996-02-21 00:00:00-05:00,26.80750180115274,26.80750180115274,26.653435698847264,26.73046875,26100,0.0,0.0
1996-02-22 00:00:00-05:00,26.653435698847264,26.730468750000004,26.576402647694525,26.73046875,10000,0.0,0.0
1996-02-23 00:00:00-05:00,26.499376296997067,26.499376296997067,26.345310155735458,26.49937629699707,14800,0.0,0.0
1996-02-26 00:00:00-05:00,26.653438568115234,26.807504687006077,26.653438568115234,26.653438568115234,14600,0.0,0.0
1996-02-27 00:00:00-05:00,26.65344243825868,26.65344243825868,26.499376296997067,26.49937629699707,85700,0.0,0.0
1996-02-28 00:00:00-05:00,26.42234328197457,26.4993763527675,26.34531021118164,26.34531021118164,37300,0.0,0.0
1996-02-29 00:00:00-05:00,26.422340393066406,26.499373455436864,26.422340393066406,26.422340393066406,62900,0.0,0.0
1996-03-01 00:00:00-05:00,26.4993763527675,26.4993763527675,26.34531021118164,26.34531021118164,37900,0.0,0.0
1996-03-04 00:00:00-05:00,26.26828002929687,26.345313108561673,26.26828002929687,26.268280029296875,42700,0.0,0.0
1996-03-05 00:00:00-05:00,26.26827714038871,26.34531021118164,26.191244069595783,26.34531021118164,27900,0.0,0.0
1996-03-06 00:00:00-05:00,26.19123937106062,26.26827242803433,26.114206314086914,26.114206314086914,20400,0.0,0.0
1996-03-07 00:00:00-05:00,25.883107199597717,25.883107199597717,25.806074142456055,25.806074142456055,20400,0.0,0.0
1996-03-08 00:00:00-05:00,25.652014766830998,25.80608092158674,25.57498168945313,25.574981689453125,18900,0.0,0.0
1996-03-11 00:00:00-05:00,25.574970245361328,25.574970245361328,25.4209041595459,25.4209041595459,11300,0.0,0.0
1996-03-12 00:00:00-05:00,25.729041085314396,25.806074142456055,25.652008028172734,25.806074142456055,7200,0.0,0.0
1996-03-13 00:00:00-05:00,25.729037276361392,25.96013641357422,25.729037276361392,25.96013641357422,7700,0.0,0.0
1996-03-14 00:00:00-05:00,25.806074142456055,25.960140256739376,25.806074142456055,25.806074142456055,28400,0.0,0.0
1996-03-15 00:00:00-05:00,26.037173257113206,26.26827242803433,26.037173257113206,26.114206314086914,35400,0.0,0.0
1996-03-18 00:00:00-05:00,26.26828002929687,26.26828002929687,26.114213870767273,26.268280029296875,50400,0.0,0.0
1996-03-19 00:00:00-05:00,26.345310155735458,26.499376296997067,26.345310155735458,26.49937629699707,46100,0.0,0.0
1996-03-20 00:00:00-05:00,26.345305401345957,26.5764045715332,26.345305401345957,26.576404571533203,18500,0.0,0.0
1996-03-21 00:00:00-05:00,26.884531021118164,27.03859710146841,26.884531021118164,26.884531021118164,19800,0.0,0.0
1996-03-22 00:00:00-05:00,26.80749703543527,26.961563110351562,26.80749703543527,26.961563110351562,15400,0.0,0.0
1996-03-25 00:00:00-05:00,27.42377471923828,27.57784086934636,27.42377471923828,27.42377471923828,37500,0.0,0.0
1996-03-26 00:00:00-05:00,27.463990486636547,27.618717193603516,27.463990486636547,27.618717193603516,7400,0.19,0.0
1996-03-27 00:00:00-05:00,27.46399938390496,27.61872614099738,27.46399938390496,27.541362762451172,20100,0.0,0.0
1996-03-28 00:00:00-05:00,27.541362762451172,27.541362762451172,27.46399938390496,27.541362762451172,12600,0.0,0.0
1996-03-29 00:00:00-05:00,27.46399938390496,27.541362762451172,27.46399938390496,27.541362762451172,10600,0.0,0.0
1996-04-01 00:00:00-05:00,27.38663482666016,27.38663482666016,27.23190807622705,27.386634826660156,5100,0.0,0.0
1996-04-02 00:00:00-05:00,27.30927848815918,27.30927848815918,27.154551697857997,27.30927848815918,14800,0.0,0.0
1996-04-03 00:00:00-05:00,27.30927848815918,27.30927848815918,27.154551697857997,27.30927848815918,7800,0.0,0.0
1996-04-04 00:00:00-05:00,27.154549224810168,27.23191261291504,27.154549224810168,27.23191261291504,18900,0.0,0.0
1996-04-08 00:00:00-04:00,26.99981629711458,26.99981629711458,26.767726185678068,26.922452926635742,11600,0.0,0.0
1996-04-09 00:00:00-04:00,26.999807979038785,27.077171325683597,26.845081285749163,27.077171325683594,41800,0.0,0.0
1996-04-10 00:00:00-04:00,26.999807979038785,27.077171325683597,26.922444632393976,27.077171325683594,41000,0.0,0.0
1996-04-11 00:00:00-04:00,26.845081285749163,27.077171325683597,26.845081285749163,27.077171325683594,16600,0.0,0.0
1996-04-12 00:00:00-04:00,26.845089556156907,26.922452926635742,26.845089556156907,26.922452926635742,6500,0.0,0.0
1996-04-15 00:00:00-04:00,26.922449718573716,26.999813079833984,26.845086357313445,26.999813079833984,51600,0.0,0.0
1996-04-16 00:00:00-04:00,26.922449718573716,26.999813079833984,26.845086357313445,26.999813079833984,31900,0.0,0.0
1996-04-17 00:00:00-04:00,26.999813079833984,26.999813079833984,26.922449718573716,26.999813079833984,10800,0.0,0.0
1996-04-18 00:00:00-04:00,26.999807979038785,27.077171325683597,26.999807979038785,27.077171325683594,5800,0.0,0.0
1996-04-19 00:00:00-04:00,27.23191509300859,27.30927848815918,27.23191509300859,27.30927848815918,2900,0.0,0.0
1996-04-22 00:00:00-04:00,27.541355058675357,27.77344512939453,27.541355058675357,27.77344512939453,21500,0.0,0.0
1996-04-23 00:00:00-04:00,27.77344512939453,27.77344512939453,27.61871841558175,27.77344512939453,38500,0.0,0.0
1996-04-24 00:00:00-04:00,27.61872614099738,27.696089519543595,27.541362762451172,27.541362762451172,30500,0.0,0.0
1996-04-25 00:00:00-04:00,27.541362762451172,27.61872614099738,27.541362762451172,27.541362762451172,14200,0.0,0.0
1996-04-26 00:00:00-04:00,27.773446429375163,27.85080978990267,27.696083068847656,27.696083068847656,26500,0.0,0.0
1996-04-29 00:00:00-04:00,27.85081339406443,28.1602668762207,27.85081339406443,28.160266876220703,27400,0.0,0.0
1996-04-30 00:00:00-04:00,28.237630246759768,28.237630246759768,28.1602668762207,28.160266876220703,30600,0.0,0.0
1996-05-01 00:00:00-04:00,28.00554084777832,28.16026759279367,28.00554084777832,28.00554084777832,6000,0.0,0.0
1996-05-02 00:00:00-04:00,27.928178067378106,28.08290481567383,27.928178067378106,28.082904815673828,11700,0.0,0.0
1996-05-03 00:00:00-04:00,27.928169250488278,28.08289594993697,27.928169250488278,27.92816925048828,4300,0.0,0.0
1996-05-06 00:00:00-04:00,27.928169250488278,28.08289594993697,27.928169250488278,27.92816925048828,3900,0.0,0.0
1996-05-07 00:00:00-04:00,27.61871979404503,27.7734465155803,27.463993072509766,27.463993072509766,16700,0.0,0.0
1996-05-08 00:00:00-04:00,27.696083068847656,27.773446429375163,27.696083068847656,27.696083068847656,13400,0.0,0.0
1996-05-09 00:00:00-04:00,27.696095657348632,27.850822448730465,27.696095657348632,27.85082244873047,6500,0.0,0.0
1996-05-10 00:00:00-04:00,27.696081772488142,27.77344512939453,27.696081772488142,27.77344512939453,9500,0.0,0.0
1996-05-13 00:00:00-04:00,27.46399938390496,27.541362762451172,27.46399938390496,27.541362762451172,9500,0.0,0.0
1996-05-14 00:00:00-04:00,27.463993072509766,27.61871979404503,27.463993072509766,27.463993072509766,11000,0.0,0.0
1996-05-15 00:00:00-04:00,27.618717193603516,27.618717193603516,27.463990486636547,27.618717193603516,7900,0.0,0.0
1996-05-16 00:00:00-04:00,27.463993072509766,27.61871979404503,27.463993072509766,27.463993072509766,7700,0.0,0.0
1996-05-17 00:00:00-04:00,27.541361577093266,27.541361577093266,27.38663482666016,27.386634826660156,11900,0.0,0.0
1996-05-20 00:00:00-04:00,27.3092663509745,27.463993072509766,27.3092663509745,27.463993072509766,19000,0.0,0.0
1996-05-21 00:00:00-04:00,27.30927848815918,27.464005278460366,27.30927848815918,27.30927848815918,9200,0.0,0.0
1996-05-22 00:00:00-04:00,27.850805900763934,27.928169250488278,27.77344255103959,27.92816925048828,13700,0.0,0.0
1996-05-23 00:00:00-04:00,27.696083068847656,27.696083068847656,27.54135634779264,27.696083068847656,3900,0.0,0.0
1996-05-24 00:00:00-04:00,27.696083068847656,27.696083068847656,27.54135634779264,27.696083068847656,7400,0.0,0.0
1996-05-28 00:00:00-04:00,27.618717193603516,27.77344390057048,27.618717193603516,27.618717193603516,11600,0.0,0.0
1996-05-29 00:00:00-04:00,27.85080913719273,27.85080913719273,27.696082419763883,27.734764099121094,9100,0.0,0.0
1996-05-30 00:00:00-04:00,28.160256682849322,28.314983367919922,28.160256682849322,28.314983367919922,7100,0.0,0.0
1996-05-31 00:00:00-04:00,28.160256682849322,28.314983367919922,28.160256682849322,28.314983367919922,8800,0.0,0.0
1996-06-03 00:00:00-04:00,28.1602668762207,28.314993617298835,28.1602668762207,28.160266876220703,7900,0.0,0.0
1996-06-04 00:00:00-04:00,28.46972582018053,28.62445259094238,28.46972582018053,28.624452590942383,15100,0.0,0.0
1996-06-05 00:00:00-04:00,29.01126360445815,29.01126360445815,28.856536865234375,28.856536865234375,12400,0.0,0.0
1996-06-06 00:00:00-04:00,28.7791748046875,28.7791748046875,28.70181143155662,28.7791748046875,7800,0.0,0.0
1996-06-07 00:00:00-04:00,28.39234671045522,28.39234671045522,28.314983367919922,28.314983367919922,8500,0.0,0.0
1996-06-10 00:00:00-04:00,28.160269374063567,28.314996128866117,28.160269374063567,28.237632751464844,26400,0.0,0.0
1996-06-11 00:00:00-04:00,28.547069549560547,28.547069549560547,28.392342885335285,28.547069549560547,5700,0.0,0.0
1996-06-12 00:00:00-04:00,28.624448058425738,28.7791748046875,28.624448058425738,28.7791748046875,7700,0.0,0.0
1996-06-13 00:00:00-04:00,29.3980770111084,29.3980770111084,29.243350289997302,29.3980770111084,32200,0.0,0.0
1996-06-14 00:00:00-04:00,29.63016692344389,29.86225700378418,29.63016692344389,29.86225700378418,34600,0.0,0.0
1996-06-17 00:00:00-04:00,29.552808761596683,29.552808761596683,29.39808201415377,29.55280876159668,10400,0.0,0.0
1996-06-18 00:00:00-04:00,29.939619673896082,30.016983032226562,29.939619673896082,30.016983032226562,38000,0.0,0.0
1996-06-19 00:00:00-04:00,30.171721833530615,30.24908522284736,30.094358444213867,30.094358444213867,30800,0.0,0.0
1996-06-20 00:00:00-04:00,30.17171478271484,30.17171478271484,30.09435141147711,30.171714782714844,6000,0.0,0.0
1996-06-21 00:00:00-04:00,30.635898000982746,30.713261379773105,30.558534622192386,30.558534622192383,52100,0.0,0.0
1996-06-24 00:00:00-04:00,31.564252853393555,31.641616218230304,31.409526123720056,31.564252853393555,81800,0.0,0.0
1996-06-25 00:00:00-04:00,31.25480198977616,31.409528732299805,31.25480198977616,31.409528732299805,24600,0.0,0.0
1996-06-26 00:00:00-04:00,31.39018788948435,31.409528732299805,31.25480198977616,31.409528732299805,11200,0.0,0.0
1996-06-27 00:00:00-04:00,31.409524828997103,31.64161491394043,31.409524828997103,31.64161491394043,21100,0.0,0.0
1996-06-28 00:00:00-04:00,31.022716522216797,31.022716522216797,30.945353139368375,31.022716522216797,47300,0.0,0.0
1996-07-01 00:00:00-04:00,30.403806686401367,30.403806686401367,30.249079934816628,30.403806686401367,25100,0.0,0.0
1996-07-02 00:00:00-04:00,29.862248097895343,29.939611434936523,29.784884760854165,29.939611434936523,29100,0.0,0.0
1996-07-03 00:00:00-04:00,29.939611434936523,29.939611434936523,29.784884760854165,29.939611434936523,10000,0.0,0.0
1996-07-05 00:00:00-04:00,30.016983032226562,30.171709748887523,30.016983032226562,30.016983032226562,16100,0.0,0.0
1996-07-08 00:00:00-04:00,29.939619673896082,30.016983032226562,29.939619673896082,30.016983032226562,10700,0.0,0.0
1996-07-09 00:00:00-04:00,30.326440811157223,30.326440811157223,30.09435070290857,30.326440811157227,37800,0.0,0.0
1996-07-10 00:00:00-04:00,29.86225700378418,29.86225700378418,29.70753028355732,29.86225700378418,10400,0.0,0.0
1996-07-11 00:00:00-04:00,29.784903314655192,29.784903314655192,29.630176544189453,29.630176544189453,31700,0.0,0.0
1996-07-12 00:00:00-04:00,29.088617947120564,29.320707983932696,29.088617947120564,29.16598129272461,23300,0.0,0.0
1996-07-15 00:00:00-04:00,29.24334463832865,29.320707983932696,29.165981292724606,29.16598129272461,4800,0.0,0.0
1996-07-16 00:00:00-04:00,29.552803732219495,29.552803732219495,29.3980770111084,29.3980770111084,53800,0.0,0.0
1996-07-17 00:00:00-04:00,29.398081542322874,29.398081542322874,29.165991424883483,29.24335479736328,40300,0.0,0.0
1996-07-18 00:00:00-04:00,29.398085226224165,29.630175372746987,29.398085226224165,29.475448608398438,22700,0.0,0.0
1996-07-19 00:00:00-04:00,29.165980668778115,29.165980668778115,29.011253980880085,29.0886173248291,5800,0.0,0.0
1996-07-22 00:00:00-04:00,28.08290481567383,28.08290481567383,27.928178067378106,28.082904815673828,20800,0.0,0.0
1996-07-23 00:00:00-04:00,28.547078474708226,28.547078474708226,28.31498840580816,28.469715118408203,6100,0.0,0.0
1996-07-24 00:00:00-04:00,27.928169250488278,28.08289594993697,27.850805900763934,27.92816925048828,17600,0.0,0.0
1996-07-25 00:00:00-04:00,28.160270545398184,28.39236068725586,28.160270545398184,28.39236068725586,7200,0.0,0.0
1996-07-26 00:00:00-04:00,29.011270523071293,29.011270523071293,28.856543746948244,29.01127052307129,4800,0.0,0.0
1996-07-29 00:00:00-04:00,29.243349684259822,29.39807640216596,29.243349684259822,29.32071304321289,28200,0.0,0.0
1996-07-30 00:00:00-04:00,29.552808761596683,29.552808761596683,29.39808201415377,29.55280876159668,2000,0.0,0.0
1996-07-31 00:00:00-04:00,30.016983032226562,30.016983032226562,29.939619673896082,30.016983032226562,3300,0.0,0.0
1996-08-01 00:00:00-04:00,30.71325423544212,30.867980957031246,30.71325423544212,30.86798095703125,16200,0.0,0.0
1996-08-02 00:00:00-04:00,30.94535329234061,30.94535329234061,30.790626525878906,30.790626525878906,44400,0.0,0.0
1996-08-05 00:00:00-04:00,31.10007667541504,31.25480342504397,31.10007667541504,31.10007667541504,11700,0.0,0.0
1996-08-06 00:00:00-04:00,30.867980957031246,31.022707678620378,30.867980957031246,30.86798095703125,9900,0.0,0.0
1996-08-07 00:00:00-04:00,30.17171478271484,30.17171478271484,30.09435141147711,30.171714782714844,7100,0.0,0.0
1996-08-08 00:00:00-04:00,30.171721833530615,30.326448612164103,30.094358444213867,30.094358444213867,56800,0.0,0.0
1996-08-09 00:00:00-04:00,30.09433810901888,30.09433810901888,29.939611434936523,29.939611434936523,21700,0.0,0.0
1996-08-12 00:00:00-04:00,30.17171478271484,30.3264415251903,30.17171478271484,30.171714782714844,9700,0.0,0.0
1996-08-13 00:00:00-04:00,30.481168267665762,30.481168267665762,30.17171478271484,30.171714782714844,55700,0.0,0.0
1996-08-14 00:00:00-04:00,30.326440811157223,30.326440811157223,30.17171407232479,30.326440811157227,17800,0.0,0.0
1996-08-15 00:00:00-04:00,30.249078750610355,30.249078750610355,30.094352005082936,30.24907875061035,24700,0.0,0.0
1996-08-16 00:00:00-04:00,30.094346390557043,30.249073107218006,29.939619673896082,30.016983032226562,10100,0.0,0.0
1996-08-19 00:00:00-04:00,30.17171478271484,30.3264415251903,30.17171478271484,30.171714782714844,11700,0.0,0.0
1996-08-20 00:00:00-04:00,30.481170062193737,30.558533437986107,30.403806686401367,30.403806686401367,11300,0.0,0.0
1996-08-21 00:00:00-04:00,30.867980957031246,30.945344317825814,30.867980957031246,30.86798095703125,14700,0.0,0.0
1996-08-22 00:00:00-04:00,30.867980957031246,31.022707678620378,30.867980957031246,30.86798095703125,4300,0.0,0.0
1996-08-23 00:00:00-04:00,30.867980957031246,30.945344317825814,30.867980957031246,30.86798095703125,8000,0.0,0.0
1996-08-26 00:00:00-04:00,30.867991075515747,30.98403615474701,30.867991075515747,30.945354461669922,30600,0.0,0.0
1996-08-27 00:00:00-04:00,30.635883331298828,30.790610014790236,30.635883331298828,30.635883331298828,7000,0.0,0.0
1996-08-28 00:00:00-04:00,30.326440811157223,30.48116754998966,30.326440811157223,30.326440811157227,14000,0.0,0.0
1996-08-29 00:00:00-04:00,30.326443310608997,30.403806686401367,30.326443310608997,30.403806686401367,2300,0.0,0.0
1996-08-30 00:00:00-04:00,29.939623587472095,29.939623587472095,29.784896850585934,29.784896850585938,2900,0.0,0.0
1996-09-03 00:00:00-04:00,29.707533482142857,29.784896850585934,29.707533482142857,29.784896850585938,17100,0.0,0.0
1996-09-04 00:00:00-04:00,29.784896850585934,29.862260219029015,29.630170113699776,29.784896850585938,124000,0.0,0.0
1996-09-05 00:00:00-04:00,30.094345740830114,30.094345740830114,29.93961902750965,30.0556640625,19100,0.0,0.0
1996-09-06 00:00:00-04:00,30.094358444213867,30.094358444213867,29.93963166558038,30.094358444213867,4800,0.0,0.0
1996-09-09 00:00:00-04:00,29.939619673896082,30.094346390557043,29.939619673896082,30.016983032226562,43800,0.0,0.0
1996-09-10 00:00:00-04:00,30.249078750610355,30.40380549613777,30.249078750610355,30.24907875061035,5400,0.0,0.0
1996-09-11 00:00:00-04:00,30.326440811157223,30.326440811157223,30.249077441741008,30.326440811157227,5800,0.0,0.0
1996-09-12 00:00:00-04:00,30.249078750610355,30.48116886890148,30.249078750610355,30.24907875061035,4700,0.0,0.0
1996-09-13 00:00:00-04:00,30.403793306061715,30.635883331298828,30.403793306061715,30.635883331298828,8800,0.0,0.0
1996-09-16 00:00:00-04:00,30.48115664780742,30.635883331298828,30.48115664780742,30.635883331298828,8000,0.0,0.0
1996-09-17 00:00:00-04:00,31.10007667541504,31.332166799858435,31.10007667541504,31.10007667541504,10100,0.0,0.0
1996-09-18 00:00:00-04:00,31.177434228967734,31.332160949707028,31.10007086859809,31.33216094970703,7200,0.0,0.0
1996-09-19 00:00:00-04:00,31.409528732299805,31.564255474823447,31.409528732299805,31.409528732299805,11600,0.0,0.0
1996-09-20 00:00:00-04:00,31.25480198977616,31.409528732299805,31.25480198977616,31.409528732299805,22000,0.0,0.0
1996-09-23 00:00:00-04:00,31.177434228967734,31.409524310076677,31.177434228967734,31.33216094970703,7300,0.0,0.0
1996-09-24 00:00:00-04:00,31.100075247252516,31.409528732299805,31.100075247252516,31.409528732299805,109700,0.0,0.0
1996-09-25 00:00:00-04:00,31.52132819902779,31.52132819902779,31.28841198080837,31.366050720214844,12400,0.18,0.0
1996-09-26 00:00:00-04:00,31.521329762601734,31.676607249117012,31.443691019344094,31.598968505859375,39600,0.0,0.0
1996-09-27 00:00:00-04:00,31.754241623924777,31.987157821655277,31.754241623924777,31.987157821655273,17300,0.0,0.0
1996-09-30 00:00:00-04:00,31.75424183636177,31.831880569458008,31.67660310326553,31.831880569458008,9900,0.0,0.0
1996-10-01 00:00:00-04:00,32.14243900400675,32.14243900400675,31.90952277934003,32.06480026245117,6900,0.0,0.0
1996-10-02 00:00:00-04:00,31.909515576724026,31.909515576724026,31.75423812866211,31.75423812866211,11900,0.0,0.0
1996-10-03 00:00:00-04:00,31.44368743896484,31.44368743896484,31.28840997013045,31.443687438964844,4800,0.0,0.0
1996-10-04 00:00:00-04:00,30.744937791031614,30.82257652282715,30.66729905923608,30.82257652282715,338200,0.0,0.0
1996-10-07 00:00:00-04:00,30.58966255187988,30.58966255187988,30.43438507699724,30.589662551879883,152100,0.0,0.0
1996-10-08 00:00:00-04:00,30.046194434165955,30.046194434165955,29.813278198242188,29.813278198242188,192000,0.0,0.0
1996-10-09 00:00:00-04:00,29.813278198242188,29.968555688858032,29.813278198242188,29.813278198242188,37600,0.0,0.0
1996-10-10 00:00:00-04:00,29.968547821044922,29.968547821044922,29.813270371194946,29.968547821044922,3600,0.0,0.0
1996-10-11 00:00:00-04:00,29.968538210373517,30.04617691040039,29.968538210373517,30.04617691040039,20600,0.0,0.0
1996-10-14 00:00:00-04:00,30.27910782366383,30.434385299682617,30.27910782366383,30.434385299682617,85900,0.0,0.0
1996-10-15 00:00:00-04:00,30.51202381443856,30.74494002676252,30.51202381443856,30.589662551879883,35700,0.0,0.0
1996-10-16 00:00:00-04:00,30.744930267333984,30.744930267333984,30.51201412894509,30.744930267333984,7900,0.0,0.0
1996-10-17 00:00:00-04:00,30.82258248630958,30.82258248630958,30.66730499267578,30.66730499267578,3300,0.0,0.0
1996-10-18 00:00:00-04:00,30.822585673332213,31.055501937866207,30.822585673332213,31.05550193786621,7100,0.0,0.0
1996-10-21 00:00:00-04:00,30.43438507699724,30.58966255187988,30.43438507699724,30.589662551879883,11600,0.0,0.0
1996-10-22 00:00:00-04:00,30.20147705078125,30.20147705078125,30.046199533810654,30.20147705078125,17900,0.0,0.0
1996-10-23 00:00:00-04:00,29.81327831776273,29.81327831776273,29.58036208090521,29.735639572143555,45800,0.0,0.0
1996-10-24 00:00:00-04:00,29.968538210373517,30.04617691040039,29.81326081031977,30.04617691040039,11500,0.0,0.0
1996-10-25 00:00:00-04:00,29.58036029775729,29.65799903869629,29.502721556818297,29.65799903869629,8400,0.0,0.0
1996-10-28 00:00:00-05:00,29.50271616510477,29.580354891855045,29.425077438354492,29.425077438354492,8300,0.0,0.0
1996-10-29 00:00:00-05:00,29.813278198242188,29.813278198242188,29.735639452934265,29.813278198242188,8000,0.0,0.0
1996-10-30 00:00:00-05:00,29.658000707626343,29.813278198242188,29.658000707626343,29.813278198242188,13500,0.0,0.0
1996-10-31 00:00:00-05:00,29.502716064453125,29.502716064453125,29.347438611482318,29.502716064453125,8200,0.0,0.0
1996-11-01 00:00:00-05:00,29.73563164626996,29.968547821044922,29.73563164626996,29.968547821044922,27600,0.0,0.0
1996-11-04 00:00:00-05:00,29.96855174473354,29.96855174473354,29.890913009643555,29.890913009643555,7200,0.0,0.0
1996-11-05 00:00:00-05:00,29.890913009643555,29.890913009643555,29.735635539463587,29.890913009643555,14300,0.0,0.0
1996-11-06 00:00:00-05:00,30.356746673583984,30.356746673583984,30.279107935288373,30.356746673583984,4600,0.0,0.0
1996-11-07 00:00:00-05:00,30.97785186767578,30.97785186767578,30.900213141190378,30.97785186767578,11300,0.0,0.0
1996-11-08 00:00:00-05:00,31.443691019344094,31.754245992374653,31.443691019344094,31.598968505859375,126700,0.0,0.0
1996-11-11 00:00:00-05:00,31.59896693843426,31.59896693843426,31.2107732414019,31.366050720214844,19000,0.0,0.0
1996-11-12 00:00:00-05:00,31.598964907799235,31.598964907799235,31.44368743896484,31.443687438964844,6600,0.0,0.0
1996-11-13 00:00:00-05:00,31.443687116398532,31.676603317260742,31.443687116398532,31.676603317260742,5200,0.0,0.0
1996-11-14 00:00:00-05:00,31.59896437016929,31.831880569458008,31.59896437016929,31.831880569458008,29100,0.0,0.0
1996-11-15 00:00:00-05:00,31.987144322786932,32.14242172241211,31.987144322786932,32.14242172241211,33900,0.0,0.0
1996-11-18 00:00:00-05:00,32.06480026245117,32.06480026245117,31.90952277934003,32.06480026245117,8500,0.0,0.0
1996-11-19 00:00:00-05:00,32.220081082350916,32.37535858154297,32.220081082350916,32.37535858154297,11000,0.0,0.0
1996-11-20 00:00:00-05:00,32.996463775634766,32.996463775634766,32.76354756074793,32.996463775634766,13400,0.0,0.0
1996-11-21 00:00:00-05:00,32.918825037339154,33.07410251393038,32.918825037339154,32.996463775634766,20000,0.0,0.0
1996-11-22 00:00:00-05:00,33.22937573697461,33.30701446533203,33.07409828025978,33.30701446533203,6600,0.0,0.0
1996-11-25 00:00:00-05:00,33.69521152064652,33.85048899309189,33.61757278442383,33.61757278442383,81200,0.0,0.0
1996-11-26 00:00:00-05:00,33.695220947265625,33.850498463151645,33.61758218932262,33.695220947265625,6800,0.0,0.0
1996-11-27 00:00:00-05:00,34.316322326660156,34.54923854154699,34.16104485006893,34.316322326660156,36000,0.0,0.0
1996-11-29 00:00:00-05:00,33.928123474121094,34.0834009270919,33.928123474121094,33.928123474121094,5100,0.0,0.0
1996-12-02 00:00:00-05:00,33.22937774658203,33.22937774658203,32.99646154742375,33.22937774658203,7200,0.0,0.0
1996-12-03 00:00:00-05:00,32.763545989990234,32.91882345913711,32.763545989990234,32.763545989990234,7600,0.0,0.0
1996-12-04 00:00:00-05:00,33.38465657575576,33.61757278442383,33.38465657575576,33.61757278442383,11300,0.0,0.0
1996-12-05 00:00:00-05:00,35.40325727400164,35.636173440277965,35.40325727400164,35.48089599609375,26400,0.0,0.0
1996-12-06 00:00:00-05:00,34.85978317260742,35.09269931852685,34.85978317260742,34.85978317260742,15200,0.0,0.0
1996-12-09 00:00:00-05:00,35.55853054683793,35.791446685791016,35.55853054683793,35.791446685791016,38700,0.0,0.0
1996-12-10 00:00:00-05:00,35.946724111759735,35.946724111759735,35.791446685791016,35.791446685791016,9400,0.0,0.0
1996-12-11 00:00:00-05:00,35.40327174322946,35.40327174322946,34.782161712646484,34.782161712646484,58500,0.0,0.0
1996-12-12 00:00:00-05:00,34.70451195175583,34.70451195175583,34.471595764160156,34.471595764160156,4900,0.0,0.0
1996-12-13 00:00:00-05:00,34.3163167040905,34.471594155240226,34.238677978515625,34.238677978515625,39500,0.0,0.0
1996-12-16 00:00:00-05:00,34.39396106495577,34.39396106495577,34.316322326660156,34.316322326660156,9200,0.0,0.0
1996-12-17 00:00:00-05:00,34.316322326660156,34.47159980325138,34.316322326660156,34.316322326660156,65400,0.0,0.0
1996-12-18 00:00:00-05:00,33.92812707158048,34.083404541015625,33.92812707158048,34.083404541015625,7600,0.0,0.0
1996-12-19 00:00:00-05:00,34.161041259765625,34.161041259765625,33.92812506935813,34.161041259765625,30500,0.0,0.0
1996-12-20 00:00:00-05:00,35.015079498291016,35.015079498291016,34.85980198388617,35.015079498291016,40000,0.0,0.0
1996-12-23 00:00:00-05:00,35.01507365809078,35.09271240234375,34.937434913837805,35.09271240234375,9500,0.0,0.0
1996-12-24 00:00:00-05:00,34.471595764160156,34.70451195175583,34.471595764160156,34.471595764160156,1300,0.0,0.0
1996-12-26 00:00:00-05:00,35.403255279407745,35.55853271484375,35.32561656168975,35.55853271484375,3500,0.0,0.0
1996-12-27 00:00:00-05:00,35.71381015027975,35.71381015027975,35.55853271484375,35.55853271484375,5600,0.0,0.0
1996-12-30 00:00:00-05:00,35.71381378173828,35.71381378173828,35.558536330513334,35.71381378173828,9500,0.0,0.0
1996-12-31 00:00:00-05:00,35.71381378173828,35.71381378173828,35.558536330513334,35.71381378173828,1200,0.0,0.0
1997-01-02 00:00:00-05:00,35.71381015027975,35.71381015027975,35.51971335598475,35.55853271484375,45200,0.0,0.0
1997-01-03 00:00:00-05:00,35.713812162370075,35.713812162370075,35.48089599609375,35.48089599609375,9000,0.0,0.0
1997-01-06 00:00:00-05:00,35.86909123296323,35.9467299585757,35.71381378173828,35.71381378173828,14300,0.0,0.0
1997-01-07 00:00:00-05:00,35.48089599609375,35.48089599609375,35.32561855190953,35.48089599609375,4700,0.0,0.0
1997-01-08 00:00:00-05:00,35.09271240234375,35.17035114659672,34.937434913837805,35.09271240234375,3600,0.0,0.0
1997-01-09 00:00:00-05:00,34.16104485006893,34.316322326660156,34.08340611177332,34.316322326660156,24700,0.0,0.0
1997-01-10 00:00:00-05:00,33.2293799905216,33.2293799905216,32.996463775634766,32.996463775634766,153200,0.0,0.0
1997-01-13 00:00:00-05:00,33.22937412888791,33.22937412888791,33.0740966796875,33.0740966796875,27800,0.0,0.0
1997-01-14 00:00:00-05:00,34.39395947988593,34.39395947988593,34.083404541015625,34.083404541015625,37100,0.0,0.0
1997-01-15 00:00:00-05:00,34.083400527365896,34.238677978515625,34.083400527365896,34.238677978515625,12000,0.0,0.0
1997-01-16 00:00:00-05:00,34.39395745017312,34.39395745017312,34.161041259765625,34.161041259765625,68200,0.0,0.0
1997-01-17 00:00:00-05:00,34.238677978515625,34.238677978515625,34.083400527365896,34.238677978515625,105300,0.0,0.0
1997-01-20 00:00:00-05:00,33.46229755490325,33.46229755490325,33.229381330623184,33.38465881347656,7100,0.0,0.0
1997-01-21 00:00:00-05:00,33.61758218932262,33.695220947265625,33.4623046734366,33.695220947265625,20000,0.0,0.0
1997-01-22 00:00:00-05:00,33.85048274906803,34.005760192871094,33.7728440271665,34.005760192871094,54300,0.0,0.0
1997-01-23 00:00:00-05:00,33.77285183022875,33.85049057006836,33.695213090389146,33.85049057006836,30400,0.0,0.0
1997-01-24 00:00:00-05:00,33.695220947265625,33.92813722109465,33.695220947265625,33.695220947265625,292000,0.0,0.0
1997-01-27 00:00:00-05:00,33.30701446533203,33.30701446533203,33.07409828025978,33.30701446533203,10000,0.0,0.0
1997-01-28 00:00:00-05:00,33.151739013529266,33.22937774658203,32.99646154742375,33.22937774658203,240300,0.0,0.0
1997-01-29 00:00:00-05:00,33.15174125222599,33.15174125222599,32.996463775634766,32.996463775634766,25700,0.0,0.0
1997-01-30 00:00:00-05:00,32.37535858154297,32.37535858154297,32.14244233275489,32.37535858154297,35200,0.0,0.0
1997-01-31 00:00:00-05:00,32.14242172241211,32.14242172241211,31.987144322786932,32.14242172241211,17600,0.0,0.0
1997-02-03 00:00:00-05:00,31.521329879760742,31.521329879760742,31.366052392668326,31.521329879760742,17100,0.0,0.0
1997-02-04 00:00:00-05:00,31.28840997013045,31.44368743896484,31.28840997013045,31.443687438964844,18300,0.0,0.0
1997-02-05 00:00:00-05:00,31.05549598807719,31.210773468017578,31.05549598807719,31.210773468017578,55400,0.0,0.0
1997-02-06 00:00:00-05:00,31.21077944755554,31.21077944755554,31.055501937866207,31.05550193786621,9500,0.0,0.0
1997-02-07 00:00:00-05:00,31.443687116398532,31.676603317260742,31.366048382777795,31.676603317260742,8800,0.0,0.0
1997-02-10 00:00:00-05:00,32.996463775634766,32.996463775634766,32.76354756074793,32.996463775634766,39100,0.0,0.0
1997-02-11 00:00:00-05:00,32.918825037339154,32.996463775634766,32.76354756074793,32.996463775634766,24000,0.0,0.0
1997-02-12 00:00:00-05:00,33.772850256869205,33.772850256869205,33.53993404820114,33.61757278442383,17000,0.0,0.0
1997-02-13 00:00:00-05:00,34.08340211816736,34.471595764160156,34.08340211816736,34.471595764160156,44700,0.0,0.0
1997-02-14 00:00:00-05:00,34.47159013253033,34.549228849045036,34.393951416015625,34.393951416015625,24300,0.0,0.0
1997-02-18 00:00:00-05:00,34.00576580629805,34.083404541015625,33.8504883368629,34.083404541015625,38100,0.0,0.0
1997-02-19 00:00:00-05:00,33.07409828025978,33.30701446533203,33.07409828025978,33.30701446533203,35200,0.0,0.0
1997-02-20 00:00:00-05:00,33.61758218932262,33.77285970520863,33.61758218932262,33.695220947265625,22900,0.0,0.0
1997-02-21 00:00:00-05:00,33.617569173295095,33.617569173295095,33.4622917175293,33.4622917175293,9500,0.0,0.0
1997-02-24 00:00:00-05:00,32.6859016418457,32.76354036308525,32.6859016418457,32.6859016418457,33000,0.0,0.0
1997-02-25 00:00:00-05:00,32.763545989990234,32.763545989990234,32.60826852084336,32.763545989990234,11800,0.0,0.0
1997-02-26 00:00:00-05:00,32.22006607055664,32.22006607055664,31.987149930287558,32.22006607055664,3200,0.0,0.0
1997-02-27 00:00:00-05:00,32.68590183303578,32.68590183303578,32.45298566795476,32.53062438964844,14300,0.0,0.0
1997-02-28 00:00:00-05:00,31.909519089078444,31.987157821655277,31.754241623924777,31.987157821655273,17700,0.0,0.0
1997-03-03 00:00:00-05:00,31.909534454345703,32.14245076423144,31.909534454345703,31.909534454345703,5100,0.0,0.0
1997-03-04 00:00:00-05:00,32.53063608073502,32.53063608073502,32.29771983194694,32.37535858154297,40700,0.0,0.0
1997-03-05 00:00:00-05:00,32.29771983194694,32.37535858154297,32.14244233275489,32.37535858154297,54100,0.0,0.0
1997-03-06 00:00:00-05:00,31.67659940463115,31.75423812866211,31.59896068060019,31.75423812866211,37900,0.0,0.0
1997-03-07 00:00:00-05:00,31.521329762601734,31.598968505859375,31.443691019344094,31.598968505859375,4700,0.0,0.0
1997-03-10 00:00:00-05:00,31.676603317260742,31.676603317260742,31.443687116398532,31.676603317260742,29700,0.0,0.0
1997-03-11 00:00:00-05:00,31.598964583640008,31.831880784502218,31.598964583640008,31.676603317260742,6700,0.0,0.0
1997-03-12 00:00:00-05:00,31.831884735632293,31.831884735632293,31.598968505859375,31.598968505859375,13500,0.0,0.0
1997-03-13 00:00:00-05:00,31.443689687928156,31.598967167868544,31.210773468017578,31.210773468017578,26900,0.0,0.0
1997-03-14 00:00:00-05:00,31.133142206272478,31.288419723510742,31.055503447653344,31.288419723510742,3200,0.0,0.0
1997-03-17 00:00:00-05:00,31.288418202400205,31.288418202400205,31.055501937866207,31.05550193786621,3400,0.0,0.0
1997-03-18 00:00:00-05:00,31.75423812866211,31.75423812866211,31.59896068060019,31.75423812866211,7000,0.0,0.0
1997-03-19 00:00:00-05:00,31.676607366853162,31.676607366853162,31.521329879760742,31.521329879760742,6500,0.0,0.0
1997-03-20 00:00:00-05:00,31.754246110399368,31.754246110399368,31.521329879760742,31.521329879760742,2800,0.0,0.0
1997-03-21 00:00:00-05:00,31.52132195656923,31.75423812866211,31.52132195656923,31.75423812866211,6300,0.0,0.0
1997-03-24 00:00:00-05:00,31.133129320646585,31.133129320646585,30.97785186767578,30.97785186767578,14400,0.0,0.0
1997-03-25 00:00:00-05:00,31.24962615966797,31.24962615966797,31.094155382754195,31.24962615966797,15400,0.062,0.0
1997-03-26 00:00:00-05:00,31.171884536743164,31.171884536743164,30.938678418014412,31.171884536743164,18400,0.0,0.0
1997-03-27 00:00:00-05:00,31.17188783168793,31.327358593940737,31.094152450561523,31.094152450561523,4200,0.0,0.0
1997-03-31 00:00:00-05:00,31.366211216048438,31.48281423172148,31.249608200375395,31.405078887939453,90700,0.0,0.0
1997-04-01 00:00:00-05:00,31.405094827591356,31.94924251024764,31.405094827591356,31.793771743774414,48500,0.0,0.0
1997-04-02 00:00:00-05:00,32.18244830381523,32.18244830381523,32.0269775390625,32.0269775390625,31800,0.0,0.0
1997-04-03 00:00:00-05:00,32.02695257347751,32.33789386059865,32.02695257347751,32.26015853881836,51400,0.0,0.0
1997-04-04 00:00:00-05:00,31.793771743774414,31.793771743774414,31.716036360537803,31.793771743774414,20000,0.0,0.0
1997-04-07 00:00:00-04:00,31.949230212343938,32.57111303886158,31.949230212343938,32.493377685546875,24300,0.0,0.0
1997-04-08 00:00:00-04:00,33.97035378542814,34.20355987548828,33.97035378542814,34.20355987548828,43600,0.0,0.0
1997-04-09 00:00:00-04:00,34.0480979656351,34.0480979656351,33.81489181518555,33.81489181518555,54900,0.0,0.0
1997-04-10 00:00:00-04:00,33.58168638002623,33.58168638002623,33.348480224609375,33.348480224609375,13300,0.0,0.0
1997-04-11 00:00:00-04:00,33.58166773596475,33.58166773596475,33.42619705200195,33.42619705200195,10600,0.0,0.0
1997-04-14 00:00:00-04:00,33.11527633666992,33.11527633666992,32.95980555574659,33.11527633666992,5500,0.0,0.0
1997-04-15 00:00:00-04:00,33.2707405090332,33.2707405090332,33.037534383969884,33.2707405090332,9900,0.0,0.0
1997-04-16 00:00:00-04:00,33.270744839470424,33.348480224609375,33.11527406919252,33.348480224609375,15700,0.0,0.0
1997-04-17 00:00:00-04:00,33.270731237074905,33.270731237074905,32.9597898236443,33.03752517700195,17800,0.0,0.0
1997-04-18 00:00:00-04:00,33.11526764563794,33.11526764563794,32.95979690551758,32.95979690551758,2200,0.0,0.0
1997-04-21 00:00:00-04:00,33.27074380557487,33.27074380557487,33.19300842285156,33.19300842285156,3000,0.0,0.0
1997-04-22 00:00:00-04:00,32.80433477482325,33.11527633666992,32.80433477482325,33.11527633666992,8500,0.0,0.0
1997-04-23 00:00:00-04:00,33.737159218028296,33.814894607931585,33.659423828125,33.659423828125,12500,0.0,0.0
1997-04-24 00:00:00-04:00,34.66997146606445,34.825442190127525,34.59223610403292,34.66997146606445,64700,0.0,0.0
1997-04-25 00:00:00-04:00,35.4473173634106,35.4473173634106,35.214111328125,35.214111328125,55200,0.0,0.0
1997-04-28 00:00:00-04:00,35.05863571166992,35.291841714186575,35.05863571166992,35.05863571166992,15400,0.0,0.0
1997-04-29 00:00:00-04:00,35.29185158865792,35.36958694458008,35.05864552089146,35.36958694458008,27900,0.0,0.0
1997-04-30 00:00:00-04:00,35.9914736149115,36.06920897909057,35.91373825073242,35.91373825073242,19300,0.0,0.0
1997-05-01 00:00:00-04:00,35.913746916014574,36.069217681884766,35.913746916014574,36.069217681884766,32700,0.0,0.0
1997-05-02 00:00:00-04:00,37.31297894942859,37.70165581348513,37.31297894942859,37.62392044067383,40100,0.0,0.0
1997-05-05 00:00:00-04:00,37.54619420578348,37.85713577270508,37.46845881405308,37.85713577270508,45000,0.0,0.0
1997-05-06 00:00:00-04:00,39.800513698630134,40.03371983358304,39.64504294199486,39.7227783203125,111300,0.0,0.0
1997-05-07 00:00:00-04:00,39.334092298191706,39.334092298191706,38.94541549682617,38.94541549682617,87200,0.0,0.0
1997-05-08 00:00:00-04:00,39.48956573245083,39.48956573245083,39.178624269990586,39.3340950012207,48200,0.0,0.0
1997-05-09 00:00:00-04:00,39.023150314331055,39.10088567352295,38.71220887756348,38.867679595947266,61700,0.0,0.0
1997-05-12 00:00:00-04:00,39.02315220458742,39.17862293050211,38.86768147867273,39.13975524902344,56500,0.0,0.0
1997-05-13 00:00:00-04:00,38.24579620361328,38.479002278025554,38.16806084547586,38.24579620361328,93200,0.0,0.0
1997-05-14 00:00:00-04:00,38.245801613547584,38.479007720947266,38.245801613547584,38.479007720947266,32600,0.0,0.0
1997-05-15 00:00:00-04:00,37.85710639407542,38.012577056884766,37.77937106267075,38.012577056884766,38800,0.0,0.0
1997-05-16 00:00:00-04:00,38.323531561750706,38.479002278025554,38.24579620361328,38.24579620361328,24100,0.0,0.0
1997-05-19 00:00:00-04:00,38.945424172797686,39.17863030556893,38.945424172797686,39.100894927978516,24700,0.0,0.0
1997-05-20 00:00:00-04:00,38.945424172797686,39.17863030556893,38.945424172797686,39.100894927978516,19600,0.0,0.0
1997-05-21 00:00:00-04:00,37.31298026392016,37.31298026392016,36.613361883971656,36.691097259521484,125600,0.0,0.0
1997-05-22 00:00:00-04:00,35.9137423293655,36.30241919440192,35.83600695635821,35.95261001586914,147400,0.0,0.0
1997-05-23 00:00:00-04:00,36.76882389961405,36.76882389961405,36.53561782836914,36.53561782836914,48900,0.0,0.0
1997-05-27 00:00:00-04:00,37.54619061946869,37.54619061946869,37.312984466552734,37.312984466552734,23400,0.0,0.0
1997-05-28 00:00:00-04:00,37.85710793721307,37.934843271786406,37.701637268066406,37.701637268066406,19800,0.0,0.0
1997-05-29 00:00:00-04:00,37.002044677734375,37.002044677734375,36.84657390177751,37.002044677734375,9100,0.0,0.0
1997-05-30 00:00:00-04:00,36.76882223046344,36.76882223046344,35.447321220066236,35.758262634277344,55100,0.0,0.0
1997-06-02 00:00:00-04:00,36.457882471287505,36.61335318545078,36.457882471287505,36.53561782836914,10700,0.0,0.0
1997-06-03 00:00:00-04:00,36.76882854473806,36.92429927854245,36.61335781093367,36.652225494384766,8400,0.0,0.0
1997-06-04 00:00:00-04:00,36.84657390177751,37.15751545369124,36.84657390177751,37.002044677734375,23800,0.0,0.0
1997-06-05 00:00:00-04:00,36.84656364295133,36.84656364295133,36.61335754394531,36.61335754394531,5700,0.0,0.0
1997-06-06 00:00:00-04:00,36.846561969957854,36.92429733276367,36.6133558815404,36.92429733276367,15200,0.0,0.0
1997-06-09 00:00:00-04:00,36.76882730420464,36.924298032763645,36.61335657564563,36.749393463134766,83600,0.0,0.0
1997-06-10 00:00:00-04:00,37.002035451489824,37.002035451489824,36.768829345703125,36.768829345703125,24700,0.0,0.0
1997-06-11 00:00:00-04:00,36.92429733276367,36.92429733276367,36.69109124434622,36.92429733276367,7500,0.0,0.0
1997-06-12 00:00:00-04:00,36.380151444939294,36.61335754394531,36.380151444939294,36.61335754394531,45300,0.0,0.0
1997-06-13 00:00:00-04:00,36.61335155631922,36.8465576171875,36.61335155631922,36.8465576171875,10900,0.0,0.0
1997-06-16 00:00:00-04:00,37.312973561752855,37.390708923339844,37.157502838578885,37.390708923339844,16800,0.0,0.0
1997-06-17 00:00:00-04:00,37.3907231627526,37.3907231627526,37.07978159798958,37.235252380371094,78200,0.0,0.0
1997-06-18 00:00:00-04:00,36.846568010621155,36.846568010621155,36.613361883971656,36.691097259521484,14600,0.0,0.0
1997-06-19 00:00:00-04:00,36.14695306481986,36.22468844775496,35.913746916014574,36.069217681884766,43500,0.0,0.0
1997-06-20 00:00:00-04:00,36.38015418469524,36.457889556884766,36.14694806812669,36.457889556884766,23300,0.0,0.0
1997-06-23 00:00:00-04:00,36.30241285754788,36.30241285754788,36.146942138671875,36.146942138671875,15000,0.0,0.0
1997-06-24 00:00:00-04:00,36.691093977107556,36.768829345703125,36.45788787132086,36.768829345703125,22100,0.0,0.0
1997-06-25 00:00:00-04:00,37.54618506786252,37.70165581348513,37.390714322239894,37.62392044067383,25000,0.0,0.0
1997-06-26 00:00:00-04:00,37.07975769042969,37.07975769042969,36.84655166721944,37.07975769042969,2800,0.0,0.0
1997-06-27 00:00:00-04:00,36.38014711420587,36.76882389961405,36.146941042960954,36.53561782836914,24600,0.0,0.0
1997-06-30 00:00:00-04:00,36.61335155631922,36.8465576171875,36.61335155631922,36.8465576171875,17100,0.0,0.0
1997-07-01 00:00:00-04:00,36.22468566894531,36.22468566894531,35.99147953802936,36.22468566894531,5400,0.0,0.0
1997-07-02 00:00:00-04:00,36.69108690994198,36.8465576171875,36.53561620269647,36.8465576171875,4000,0.0,0.0
1997-07-03 00:00:00-04:00,36.30241175712423,36.53561782836914,36.30241175712423,36.53561782836914,3800,0.0,0.0
1997-07-07 00:00:00-04:00,35.52506094777112,35.52506094777112,35.29185485839844,35.29185485839844,29400,0.0,0.0
1997-07-08 00:00:00-04:00,35.525054931640625,35.525054931640625,35.29184888176115,35.525054931640625,12000,0.0,0.0
1997-07-09 00:00:00-04:00,35.83600072569202,35.83600072569202,35.6027946472168,35.6027946472168,8400,0.0,0.0
1997-07-10 00:00:00-04:00,35.52505657361901,35.758262634277344,35.52505657361901,35.758262634277344,7800,0.0,0.0
1997-07-11 00:00:00-04:00,36.069217681884766,36.22468844775496,36.069217681884766,36.069217681884766,6400,0.0,0.0
1997-07-14 00:00:00-04:00,36.38014547932072,36.38014547932072,36.30241012573242,36.30241012573242,3800,0.0,0.0
1997-07-15 00:00:00-04:00,36.53562413179938,36.61335950229257,36.302418020319806,36.341285705566406,15100,0.0,0.0
1997-07-16 00:00:00-04:00,37.157501220703125,37.157501220703125,36.9242951460962,37.157501220703125,10500,0.0,0.0
1997-07-17 00:00:00-04:00,37.701637268066406,37.701637268066406,37.46843126434641,37.701637268066406,25300,0.0,0.0
1997-07-18 00:00:00-04:00,37.002022349359606,37.07975769042969,36.92428700828952,37.07975769042969,10100,0.0,0.0
1997-07-21 00:00:00-04:00,36.768829345703125,36.924300082894256,36.768829345703125,36.768829345703125,2200,0.0,0.0
1997-07-22 00:00:00-04:00,37.00204292933146,37.312984466552734,37.00204292933146,37.312984466552734,9200,0.0,0.0
1997-07-23 00:00:00-04:00,37.54619394513411,37.54619394513411,37.235252380371094,37.235252380371094,5100,0.0,0.0
1997-07-24 00:00:00-04:00,37.623917693463866,37.93485916200489,37.623917693463866,37.779388427734375,5500,0.0,0.0
1997-07-25 00:00:00-04:00,37.85712379486963,37.93485916200489,37.779388427734375,37.779388427734375,36400,0.0,0.0
1997-07-28 00:00:00-04:00,38.2458027742347,38.40127351721939,38.09033203125,38.09033203125,48100,0.0,0.0
1997-07-29 00:00:00-04:00,38.40127182006836,38.40127182006836,38.09033034784108,38.40127182006836,22800,0.0,0.0
1997-07-30 00:00:00-04:00,38.168067402742345,38.2458027742347,38.09033203125,38.09033203125,32900,0.0,0.0
1997-07-31 00:00:00-04:00,38.32354250750571,38.47901326818524,38.16807174682617,38.16807174682617,28100,0.0,0.0
1997-08-01 00:00:00-04:00,36.9242951460962,37.157501220703125,36.84655978789389,37.157501220703125,22900,0.0,0.0
1997-08-04 00:00:00-04:00,34.436766974910064,34.90317916870117,34.436766974910064,34.90317916870117,59900,0.0,0.0
1997-08-05 00:00:00-04:00,33.270744839470424,33.348480224609375,33.03753868405358,33.348480224609375,66800,0.0,0.0
1997-08-06 00:00:00-04:00,34.00922253121078,34.43676704303172,33.814884116746725,34.359031677246094,91600,0.0,0.0
1997-08-07 00:00:00-04:00,34.12582504722267,34.35903114093945,34.12582504722267,34.28129577636719,13900,0.0,0.0
1997-08-08 00:00:00-04:00,34.98091782842364,35.136388574327746,34.82544708251953,34.82544708251953,31600,0.0,0.0
1997-08-11 00:00:00-04:00,33.65940695441833,33.9703483581543,33.65940695441833,33.9703483581543,21300,0.0,0.0
1997-08-12 00:00:00-04:00,33.659407471836026,33.659407471836026,33.42620141544917,33.503936767578125,9900,0.0,0.0
1997-08-13 00:00:00-04:00,33.42619705200195,33.42619705200195,33.192991026057754,33.42619705200195,17100,0.0,0.0
1997-08-14 00:00:00-04:00,34.90317755215906,34.90317755215906,34.66997146606445,34.66997146606445,68900,0.0,0.0
1997-08-15 00:00:00-04:00,35.36959297889101,35.36959297889101,35.058651502153516,35.13638687133789,30800,0.0,0.0
1997-08-18 00:00:00-04:00,35.05864876902576,35.29185485839844,35.05864876902576,35.29185485839844,21900,0.0,0.0
1997-08-19 00:00:00-04:00,34.82544708251953,34.82544708251953,34.59224096366338,34.82544708251953,6900,0.0,0.0
1997-08-20 00:00:00-04:00,34.66997146606445,34.66997146606445,34.359030017938316,34.66997146606445,19000,0.0,0.0
1997-08-21 00:00:00-04:00,33.426215609748326,33.426215609748326,33.11527406919252,33.348480224609375,25900,0.0,0.0
1997-08-22 00:00:00-04:00,32.64885764223946,32.726593017578125,32.41565151622346,32.726593017578125,134300,0.0,0.0
1997-08-25 00:00:00-04:00,32.57112708666646,32.8820686340332,32.57112708666646,32.8820686340332,26400,0.0,0.0
1997-08-26 00:00:00-04:00,33.73714720761334,33.970353294301916,33.5816764831543,33.5816764831543,40300,0.0,0.0
1997-08-27 00:00:00-04:00,32.88206811877789,32.88206811877789,32.57112657628353,32.8043327331543,18900,0.0,0.0
1997-08-28 00:00:00-04:00,32.95980402087489,33.19301018139995,32.8820686340332,32.8820686340332,5100,0.0,0.0
1997-08-29 00:00:00-04:00,32.95980350440147,32.95980350440147,32.8043327331543,32.8043327331543,1200,0.0,0.0
1997-09-02 00:00:00-04:00,32.648862473508146,32.8820686340332,32.49339169982477,32.8820686340332,47700,0.0,0.0
1997-09-03 00:00:00-04:00,34.125823434629396,34.20355879552832,33.97035271283154,34.04808807373047,17400,0.0,0.0
1997-09-04 00:00:00-04:00,34.669990042354286,34.74772544603669,34.43678383130706,34.592254638671875,24000,0.0,0.0
1997-09-05 00:00:00-04:00,34.203565266008574,34.436771392822266,34.203565266008574,34.436771392822266,21000,0.0,0.0
1997-09-08 00:00:00-04:00,34.125825579889224,34.359031677246094,34.125825579889224,34.359031677246094,2900,0.0,0.0
1997-09-09 00:00:00-04:00,34.903178093417374,34.903178093417374,34.66997200370635,34.74770736694336,28900,0.0,0.0
1997-09-10 00:00:00-04:00,34.82544708251953,34.98091782842364,34.82544708251953,34.82544708251953,5900,0.0,0.0
1997-09-11 00:00:00-04:00,34.59223614738308,34.59223614738308,34.125823974609375,34.125823974609375,17600,0.0,0.0
1997-09-12 00:00:00-04:00,34.20355933673832,34.359030060996226,33.776014845029096,34.125823974609375,14000,0.0,0.0
1997-09-15 00:00:00-04:00,34.125824512134905,34.43676596554843,34.125824512134905,34.20355987548828,1700,0.0,0.0
1997-09-16 00:00:00-04:00,34.436775012546114,34.98092269897461,34.436775012546114,34.98092269897461,30400,0.0,0.0
1997-09-17 00:00:00-04:00,34.66998009367746,34.82545085642937,34.51450933092554,34.53394317626953,20700,0.0,0.0
1997-09-18 00:00:00-04:00,35.291852131224516,35.447322845458984,35.291852131224516,35.447322845458984,9100,0.0,0.0
1997-09-19 00:00:00-04:00,36.61335318545078,36.61335318545078,36.30241175712423,36.53561782836914,26000,0.0,0.0
1997-09-22 00:00:00-04:00,37.85710793721307,37.85710793721307,37.701637268066406,37.701637268066406,10000,0.0,0.0
1997-09-23 00:00:00-04:00,37.779388427734375,37.93485916200489,37.779388427734375,37.779388427734375,33800,0.0,0.0
1997-09-24 00:00:00-04:00,38.86767605563382,39.17861746407889,38.86767605563382,38.90654373168945,28500,0.0,0.0
1997-09-25 00:00:00-04:00,38.33588300432477,38.33588300432477,38.18004608154297,38.18004608154297,27100,0.147,0.0
1997-09-26 00:00:00-04:00,37.556680518081514,37.790435791015625,37.478762093770136,37.790435791015625,30100,0.0,0.0
1997-09-29 00:00:00-04:00,37.712530377996686,37.712530377996686,37.47877502441406,37.47877502441406,4500,0.0,0.0
1997-09-30 00:00:00-04:00,38.10211123794806,38.18002966583752,37.94627438216913,38.024192810058594,18800,0.0,0.0
1997-10-01 00:00:00-04:00,38.18004281846181,38.25796127319336,37.94628745426714,38.25796127319336,20700,0.0,0.0
1997-10-02 00:00:00-04:00,37.790435791015625,37.790435791015625,37.634598942392884,37.790435791015625,6100,0.0,0.0
1997-10-03 00:00:00-04:00,37.94627263963837,37.94627263963837,37.634598942392884,37.790435791015625,16300,0.0,0.0
1997-10-06 00:00:00-04:00,37.94627438216913,38.024192810058594,37.868355954279664,38.024192810058594,6300,0.0,0.0
1997-10-07 00:00:00-04:00,37.40084282257272,37.40084282257272,37.16708755493164,37.16708755493164,4100,0.0,0.0
1997-10-08 00:00:00-04:00,37.79045049809228,38.024205861998,37.71253204345703,37.71253204345703,2900,0.0,0.0
1997-10-09 00:00:00-04:00,37.63461089428561,37.86836624145508,37.63461089428561,37.86836624145508,8500,0.0,0.0
1997-10-10 00:00:00-04:00,37.71253204345703,37.94628740736276,37.71253204345703,37.71253204345703,4200,0.0,0.0
1997-10-13 00:00:00-04:00,37.71253747959646,37.946292877197266,37.71253747959646,37.946292877197266,2500,0.0,0.0
1997-10-14 00:00:00-04:00,38.024192810058594,38.024192810058594,37.868355954279664,38.024192810058594,10400,0.0,0.0
1997-10-15 00:00:00-04:00,39.115067618233816,39.270904541015625,39.03714915684291,39.270904541015625,19200,0.0,0.0
1997-10-16 00:00:00-04:00,40.51759716130604,40.51759716130604,39.97216796875,39.97216796875,46800,0.0,0.0
1997-10-17 00:00:00-04:00,40.43967652875323,40.51759498063908,39.894247365552324,40.2059211730957,30300,0.0,0.0
1997-10-20 00:00:00-04:00,39.34881056690029,39.660484313964844,39.34881056690029,39.660484313964844,13900,0.0,0.0
1997-10-21 00:00:00-04:00,39.504659383437215,39.7384147644043,39.504659383437215,39.7384147644043,9100,0.0,0.0
1997-10-22 00:00:00-04:00,39.81634310810759,39.81634310810759,39.19299527079866,39.504669189453125,14000,0.0,0.0
1997-10-23 00:00:00-04:00,37.40085593741741,37.47877438728703,36.699589888590836,36.85542678833008,63500,0.0,0.0
1997-10-24 00:00:00-04:00,37.556687663612564,37.71252454188482,37.2060546875,37.2060546875,45400,0.0,0.0
1997-10-27 00:00:00-05:00,37.089185356573246,37.245022269836156,35.60873468057557,35.68665313720703,49000,0.0,0.0
1997-10-28 00:00:00-05:00,35.45289555566457,37.55669375347323,35.374977103893876,37.51773452758789,81700,0.0,0.0
1997-10-29 00:00:00-05:00,37.089178865971945,37.24501575196343,36.69958665099325,36.93334197998047,24700,0.0,0.0
1997-10-30 00:00:00-05:00,35.68665531703404,35.68665531703404,34.907470703125,34.907470703125,38200,0.0,0.0
1997-10-31 00:00:00-05:00,34.90746419270833,35.21913798014323,34.90746419270833,35.06330108642578,17400,0.0,0.0
1997-11-03 00:00:00-05:00,35.14122236342657,35.99832534790039,35.06330391029259,35.99832534790039,44100,0.0,0.0
1997-11-04 00:00:00-05:00,34.2841137054304,34.51786902614924,33.89452150423232,34.12827682495117,28600,0.0,0.0
1997-11-05 00:00:00-05:00,33.582843203877296,33.582843203877296,33.42700634446255,33.50492477416992,47900,0.0,0.0
1997-11-06 00:00:00-05:00,33.66077423095703,33.66077423095703,33.50493731322112,33.66077423095703,7900,0.0,0.0
1997-11-07 00:00:00-05:00,32.725757061723876,32.725757061723876,32.258246246556396,32.6478385925293,27700,0.0,0.0
1997-11-10 00:00:00-05:00,32.72575540745512,33.19326619899019,32.72575540745512,32.959510803222656,22800,0.0,0.0
1997-11-11 00:00:00-05:00,33.27117975181508,33.349098205566406,33.037424390561114,33.349098205566406,7300,0.0,0.0
1997-11-12 00:00:00-05:00,32.881576299092856,32.881576299092856,32.33614730834961,32.33614730834961,18800,0.0,0.0
1997-11-13 00:00:00-05:00,33.193261846795785,33.42701721191406,32.88158802663808,33.42701721191406,30400,0.0,0.0
1997-11-14 00:00:00-05:00,32.25823958547492,33.42701638205009,32.25823958547492,33.31013870239258,49200,0.0,0.0
1997-11-17 00:00:00-05:00,34.12828279692551,34.20620125079977,33.894527435302734,33.894527435302734,16900,0.0,0.0
1997-11-18 00:00:00-05:00,34.28411914456275,34.28411914456275,33.58285307115124,33.81660842895508,19700,0.0,0.0
1997-11-19 00:00:00-05:00,33.03741419592569,33.50492477416992,32.95949576621832,33.50492477416992,19500,0.0,0.0
1997-11-20 00:00:00-05:00,34.050356851983395,34.43994903564453,33.738683105054484,34.43994903564453,10000,0.0,0.0
1997-11-21 00:00:00-05:00,35.53080567239495,35.53080567239495,33.582844835092594,34.24515151977539,138700,0.0,0.0
1997-11-24 00:00:00-05:00,33.89452688155636,34.20620069196148,33.66077152375252,33.81660842895508,34200,0.0,0.0
1997-11-25 00:00:00-05:00,33.73869003676503,34.595793016913795,33.73869003676503,34.362037658691406,49000,0.0,0.0
1997-11-26 00:00:00-05:00,34.90747016537032,35.45289938670423,34.90747016537032,35.37498092651367,66700,0.0,0.0
1997-11-28 00:00:00-05:00,35.84248677837563,35.92040522789384,35.686649879339214,35.76456832885742,10400,0.0,0.0
1997-12-01 00:00:00-05:00,36.07624816894531,36.15416663151323,35.764574318673645,36.07624816894531,14800,0.0,0.0
1997-12-02 00:00:00-05:00,35.84248677837563,35.998323677412046,35.76456832885742,35.76456832885742,8400,0.0,0.0
1997-12-03 00:00:00-05:00,35.45289993286133,35.53081839425223,35.21914454868861,35.45289993286133,21500,0.0,0.0
1997-12-04 00:00:00-05:00,35.14122608729771,35.14122608729771,34.82955224173409,34.907470703125,4500,0.0,0.0
1997-12-05 00:00:00-05:00,35.21914400613255,35.45289938670423,35.21914400613255,35.37498092651367,17300,0.0,0.0
1997-12-08 00:00:00-05:00,34.90745602206292,35.14121130792495,34.82953759344225,34.985374450683594,7600,0.0,0.0
1997-12-09 00:00:00-05:00,35.60871887207031,35.68663729410985,35.45288202799123,35.60871887207031,48900,0.0,0.0
1997-12-10 00:00:00-05:00,36.07622940430756,36.07622940430756,35.60871887207031,35.60871887207031,26800,0.0,0.0
1997-12-11 00:00:00-05:00,35.29706246632311,35.37498092651367,34.98538862556087,35.37498092651367,31100,0.0,0.0
1997-12-12 00:00:00-05:00,35.06330108642578,35.141219533284506,34.82954574584961,35.06330108642578,27500,0.0,0.0
1997-12-15 00:00:00-05:00,35.530816223944115,35.76457159383849,35.374979310681205,35.68665313720703,13200,0.0,0.0
1997-12-16 00:00:00-05:00,34.82954788208008,34.985384785355606,34.67371097880455,34.82954788208008,28000,0.0,0.0
1997-12-17 00:00:00-05:00,35.90091978548387,35.90091978548387,35.49184799194336,35.49184799194336,27700,0.0,0.0
1997-12-18 00:00:00-05:00,35.68665028046065,35.68665028046065,34.51787352455037,34.75162887573242,40000,0.0,0.0
1997-12-19 00:00:00-05:00,34.51787622125299,34.75163159069714,34.28412085180884,34.595794677734375,20400,0.0,0.0
1997-12-22 00:00:00-05:00,33.4270147896034,33.62181091308594,33.19325944142435,33.62181091308594,43300,0.0,0.0
1997-12-23 00:00:00-05:00,33.46597808378714,33.73869268982499,33.427018854353165,33.66077423095703,9700,0.0,0.0
1997-12-24 00:00:00-05:00,33.972442626953125,34.20619796612941,33.972442626953125,33.972442626953125,1800,0.0,0.0
1997-12-26 00:00:00-05:00,35.297045494130344,35.297045494130344,35.063290225957296,35.14120864868164,3500,0.0,0.0
1997-12-29 00:00:00-05:00,35.76457159383849,35.76457159383849,35.45289776731266,35.68665313720703,5400,0.0,0.0
1997-12-30 00:00:00-05:00,35.764569988498444,36.07624380103437,35.764569988498444,35.99832534790039,8800,0.0,0.0
1997-12-31 00:00:00-05:00,35.998323677412046,36.076242126930254,35.76456832885742,35.76456832885742,8500,0.0,0.0
1998-01-02 00:00:00-05:00,35.53080596923828,35.84247970581055,35.53080596923828,35.84247970581055,81700,0.0,0.0
1998-01-05 00:00:00-05:00,34.206202084256205,34.206202084256205,34.01140594482422,34.01140594482422,18100,0.0,0.0
1998-01-06 00:00:00-05:00,33.97243937965934,34.20619469649186,33.97243937965934,34.050357818603516,7200,0.0,0.0
1998-01-07 00:00:00-05:00,34.82956209504202,34.82956209504202,34.47892891958858,34.67372512817383,33600,0.0,0.0
1998-01-08 00:00:00-05:00,34.67371340945816,34.67371340945816,34.28412112395863,34.6347541809082,14000,0.0,0.0
1998-01-09 00:00:00-05:00,34.67371146965459,34.868507601506586,34.206200753209814,34.362037658691406,23200,0.0,0.0
1998-01-12 00:00:00-05:00,34.1282809992832,34.712669372558594,34.1282809992832,34.712669372558594,55000,0.0,0.0
1998-01-13 00:00:00-05:00,34.36204066602273,34.790592193603516,34.36204066602273,34.790592193603516,4500,0.0,0.0
1998-01-14 00:00:00-05:00,35.45289444712411,35.45289444712411,35.06330220045241,35.219139099121094,10900,0.0,0.0
1998-01-15 00:00:00-05:00,35.37497487386067,35.37497487386067,35.06330108642578,35.06330108642578,8000,0.0,0.0
1998-01-16 00:00:00-05:00,36.6995843927911,37.167095021998634,36.621665954589844,36.621665954589844,26100,0.0,0.0
1998-01-20 00:00:00-05:00,36.621665954589844,36.621665954589844,36.30999220178482,36.621665954589844,14000,0.0,0.0
1998-01-21 00:00:00-05:00,36.621676306439255,36.621676306439255,36.23208400530692,36.46583938598633,5100,0.0,0.0
1998-01-22 00:00:00-05:00,35.374961263559776,35.68663493108012,35.29704284667969,35.29704284667969,4200,0.0,0.0
1998-01-23 00:00:00-05:00,36.154161697354596,36.23208014928855,35.76456943768483,35.920406341552734,8700,0.0,0.0
1998-01-26 00:00:00-05:00,35.92040689476641,36.30999916043633,35.92040689476641,35.99832534790039,9800,0.0,0.0
1998-01-27 00:00:00-05:00,35.60872210954365,35.686640538667376,35.29704839304874,35.53080368041992,8200,0.0,0.0
1998-01-28 00:00:00-05:00,35.29705457256279,35.33601379394531,34.82954391597256,35.33601379394531,20600,0.0,0.0
1998-01-29 00:00:00-05:00,35.06330108642578,35.53081176757812,35.06330108642578,35.06330108642578,8400,0.0,0.0
1998-01-30 00:00:00-05:00,35.06330108642578,35.06330108642578,34.59579040527343,35.06330108642578,14300,0.0,0.0
1998-02-02 00:00:00-05:00,35.219142397418295,35.68665313720703,34.98538702752392,35.68665313720703,15300,0.0,0.0
1998-02-03 00:00:00-05:00,35.64768486567308,35.64768486567308,35.21913346291635,35.49184799194336,6900,0.0,0.0
1998-02-04 00:00:00-05:00,35.219135566837885,35.374972449876985,35.14121712531833,35.258094787597656,13900,0.0,0.0
1998-02-05 00:00:00-05:00,35.53080368041992,35.569762894981785,35.18017074936315,35.53080368041992,6000,0.0,0.0
1998-02-06 00:00:00-05:00,34.907470703125,34.9853891645159,34.55683762686593,34.907470703125,7500,0.0,0.0
1998-02-09 00:00:00-05:00,34.868507385253906,34.868507385253906,34.595792802352484,34.868507385253906,7600,0.0,0.0
1998-02-10 00:00:00-05:00,34.595782307580215,34.985374450683594,34.595782307580215,34.985374450683594,19900,0.0,0.0
1998-02-11 00:00:00-05:00,34.985382918380076,35.10226058959961,34.59579068098163,35.10226058959961,14500,0.0,0.0
1998-02-12 00:00:00-05:00,34.28413271100334,34.751643611607925,34.28413271100334,34.67372512817383,6100,0.0,0.0
1998-02-13 00:00:00-05:00,33.115343391756355,33.42701721191406,33.115343391756355,33.42701721191406,72000,0.0,0.0
1998-02-17 00:00:00-05:00,33.27116948504781,33.73868006329204,33.27116948504781,33.50492477416992,6300,0.0,0.0
1998-02-18 00:00:00-05:00,33.42700634446255,33.50492477416992,33.03741419592569,33.50492477416992,11500,0.0,0.0
1998-02-19 00:00:00-05:00,32.92055157059473,32.959510803222656,32.80367387271097,32.959510803222656,30700,0.0,0.0
1998-02-20 00:00:00-05:00,33.07637529373169,33.07637529373169,32.72574234008789,32.72574234008789,20000,0.0,0.0
1998-02-23 00:00:00-05:00,32.56992366521874,32.608882904052734,32.41408670988277,32.608882904052734,10200,0.0,0.0
1998-02-24 00:00:00-05:00,32.21927251815796,32.72574234008789,32.10239486694336,32.72574234008789,47600,0.0,0.0
1998-02-25 00:00:00-05:00,32.56990547180175,32.88157920837402,32.56990547180175,32.72574234008789,8400,0.0,0.0
1998-02-26 00:00:00-05:00,33.34909505581637,33.972442626953125,33.15429893983613,33.972442626953125,29200,0.0,0.0
1998-02-27 00:00:00-05:00,34.12827738976967,34.51786959741545,34.12827738976967,34.20619583129883,39400,0.0,0.0
1998-03-02 00:00:00-05:00,34.82955004717852,34.82955004717852,34.36203930829022,34.595794677734375,9700,0.0,0.0
1998-03-03 00:00:00-05:00,34.206204006888655,34.284122467041016,34.0893263166601,34.284122467041016,9600,0.0,0.0
1998-03-04 00:00:00-05:00,34.517867472376764,34.517867472376764,34.28411216218008,34.43994903564453,14500,0.0,0.0
1998-03-05 00:00:00-05:00,33.816602501770994,34.20619469649186,33.816602501770994,34.050357818603516,15800,0.0,0.0
1998-03-06 00:00:00-05:00,34.245157189325454,34.2841164125215,33.85556495736498,33.972442626953125,16700,0.0,0.0
1998-03-09 00:00:00-05:00,34.050358948240515,34.20619583129883,33.93348128594678,34.20619583129883,6500,0.0,0.0
1998-03-10 00:00:00-05:00,33.66077013778244,33.66077013778244,33.34909634021038,33.62181091308594,19700,0.0,0.0
1998-03-11 00:00:00-05:00,32.25824084648719,32.491996214939995,32.102403934185325,32.41407775878906,34400,0.0,0.0
1998-03-12 00:00:00-05:00,32.18032101650768,32.37511714856887,32.02448411085874,32.21928024291992,18100,0.0,0.0
1998-03-13 00:00:00-05:00,32.41408286895931,33.1932675533093,32.41408286895931,33.1543083190918,33500,0.0,0.0
1998-03-16 00:00:00-05:00,33.037420889321396,33.38805389404297,33.037420889321396,33.38805389404297,5600,0.0,0.0
1998-03-17 00:00:00-05:00,32.959507810774625,33.310140872591376,32.881589352593124,33.076385498046875,10300,0.0,0.0
1998-03-18 00:00:00-05:00,32.10240283910779,32.25823974609375,31.79072902513587,32.25823974609375,24200,0.0,0.0
1998-03-19 00:00:00-05:00,32.29719869574439,32.33615792215663,32.141361790095445,32.21928024291992,18900,0.0,0.0
1998-03-20 00:00:00-05:00,32.10239202660251,32.33614730834961,32.10239202660251,32.33614730834961,15100,0.0,0.0
1998-03-23 00:00:00-05:00,32.06343564987182,32.06343564987182,31.673843479156492,31.946557998657227,36300,0.0,0.0
1998-03-24 00:00:00-05:00,31.94656159629545,32.18031692504883,31.79072471045986,32.18031692504883,25800,0.0,0.0
1998-03-25 00:00:00-05:00,32.02448708802751,32.25824246823209,31.712813247754738,32.1024055480957,81600,0.0,0.0
1998-03-26 00:00:00-05:00,32.54361693622076,33.443260192871094,32.54361693622076,33.443260192871094,66500,0.205,0.0
1998-03-27 00:00:00-05:00,32.934763017988885,33.09122269978455,32.62184365439754,33.01299285888672,19200,0.0,0.0
1998-03-30 00:00:00-05:00,31.917783862482892,32.230703312115075,31.917783862482892,32.15247344970703,23700,0.0,0.0
1998-03-31 00:00:00-05:00,33.16945254068239,33.365027142926984,32.9738779384378,33.01299285888672,29400,0.0,0.0
1998-04-01 00:00:00-05:00,33.01299285888672,33.09122269978455,32.81741825664213,33.01299285888672,9900,0.0,0.0
1998-04-02 00:00:00-05:00,32.07424642397919,32.23070616263275,31.917786685325634,32.11336135864258,50300,0.0,0.0
1998-04-03 00:00:00-05:00,31.44840065285012,31.68309020996094,31.29194094810957,31.683090209960938,46100,0.0,0.0
1998-04-06 00:00:00-04:00,31.526630505220393,31.839549914701486,31.526630505220393,31.683090209960938,11900,0.0,0.0
1998-04-07 00:00:00-04:00,31.60485667385692,31.917776046865402,31.60485667385692,31.83954620361328,33400,0.0,0.0
1998-04-08 00:00:00-04:00,32.38715606040143,33.365029129857994,31.91777698706228,33.091224670410156,54800,0.0,0.0
1998-04-09 00:00:00-04:00,33.16945206772046,33.79529078597934,33.16945206772046,33.59971618652344,57500,0.0,0.0
1998-04-13 00:00:00-04:00,33.87353126189548,33.951761126241664,33.717071533203125,33.717071533203125,21100,0.0,0.0
1998-04-14 00:00:00-04:00,33.7170561232489,33.87351578043335,33.482366637472225,33.56059646606445,28300,0.0,0.0
1998-04-15 00:00:00-04:00,33.56059646606445,33.56059646606445,33.404136808880004,33.56059646606445,101200,0.0,0.0
1998-04-16 00:00:00-04:00,32.30892476816948,32.42626953125,32.2306949261158,32.42626953125,26500,0.0,0.0
1998-04-17 00:00:00-04:00,32.30892574815865,32.62184512586479,32.30892574815865,32.46538543701172,12300,0.0,0.0
1998-04-20 00:00:00-04:00,32.230701629932106,32.54362106323242,32.230701629932106,32.54362106323242,20800,0.0,0.0
1998-04-21 00:00:00-04:00,32.856535016782495,32.93476486206055,32.54361563567028,32.93476486206055,11600,0.0,0.0
1998-04-22 00:00:00-04:00,32.85653784499015,33.24768710504956,32.85653784499015,32.895652770996094,13200,0.0,0.0
1998-04-23 00:00:00-04:00,32.700081141489854,33.16946029663086,32.700081141489854,33.16946029663086,8600,0.0,0.0
1998-04-24 00:00:00-04:00,33.56059631419126,33.75617088478678,33.16944717300022,33.404136657714844,18400,0.0,0.0
1998-04-27 00:00:00-04:00,32.230701629932106,32.58273599239496,32.230701629932106,32.54362106323242,9000,0.0,0.0
1998-04-28 00:00:00-04:00,32.348040670371915,32.54361528143825,32.30892574815865,32.46538543701172,11800,0.0,0.0
1998-04-29 00:00:00-04:00,32.46538372131056,32.7000732421875,32.4262688011644,32.7000732421875,18500,0.0,0.0
1998-04-30 00:00:00-04:00,32.85654067993164,32.85654067993164,32.504506315503804,32.85654067993164,9700,0.0,0.0
1998-05-01 00:00:00-04:00,32.38716506958008,32.700084538851385,32.38716506958008,32.38716506958008,5600,0.0,0.0
1998-05-04 00:00:00-04:00,32.38715388101824,32.7000732421875,32.38715388101824,32.7000732421875,6100,0.0,0.0
1998-05-05 00:00:00-04:00,32.70007225539156,32.70007225539156,32.66095733642578,32.66095733642578,2800,0.0,0.0
1998-05-06 00:00:00-04:00,32.230700565508805,32.54361998847491,32.230700565508805,32.348045349121094,6900,0.0,0.0
1998-05-07 00:00:00-04:00,32.2307013534918,32.2307013534918,31.839552065221273,32.074241638183594,27100,0.0,0.0
1998-05-08 00:00:00-04:00,32.035121800709355,32.2306964148773,31.839547186541413,31.878662109375,16500,0.0,0.0
1998-05-11 00:00:00-04:00,32.38715413170403,33.16945254068239,32.38715413170403,33.01299285888672,44900,0.0,0.0
1998-05-12 00:00:00-04:00,32.85653193125468,32.85653193125468,32.66095733642578,32.66095733642578,24500,0.0,0.0
1998-05-13 00:00:00-04:00,32.15247353283603,32.30893325805664,32.07424367022572,32.30893325805664,11200,0.0,0.0
1998-05-14 00:00:00-04:00,31.996016554652414,32.308936031959526,31.996016554652414,32.11336135864258,3200,0.0,0.0
1998-05-15 00:00:00-04:00,32.152465576621765,32.152465576621765,31.76131636036116,31.83954620361328,30300,0.0,0.0
1998-05-18 00:00:00-04:00,31.604856491088867,31.683086333888593,31.604856491088867,31.604856491088867,3800,0.0,0.0
1998-05-19 00:00:00-04:00,31.91778945922852,31.91778945922852,31.683099830851837,31.917789459228516,8200,0.0,0.0
1998-05-20 00:00:00-04:00,31.2919313041725,31.448390960693363,31.17458656178185,31.44839096069336,21100,0.0,0.0
1998-05-21 00:00:00-04:00,31.95688438415527,31.995999297722168,31.91776947058837,31.956884384155273,8400,0.0,0.0
1998-05-22 00:00:00-04:00,31.839553790726686,31.878668721673527,31.643979135992495,31.761323928833008,7700,0.0,0.0
1998-05-26 00:00:00-04:00,31.643971412488728,31.839546019488044,31.604856491088867,31.604856491088867,20300,0.0,0.0
1998-05-27 00:00:00-04:00,31.761316176688318,31.761316176688318,31.604856491088867,31.604856491088867,5200,0.0,0.0
1998-05-28 00:00:00-04:00,31.4484044812583,31.76132392883301,31.4484044812583,31.761323928833008,6600,0.0,0.0
1998-05-29 00:00:00-04:00,31.29194450378418,31.29194450378418,31.174599711894988,31.29194450378418,6800,0.0,0.0
1998-06-01 00:00:00-04:00,30.35317383609304,30.431403665567505,29.962024688720703,29.962024688720703,41300,0.0,0.0
1998-06-02 00:00:00-04:00,30.274950261616038,30.587869644165043,30.274950261616038,30.58786964416504,24600,0.0,0.0
1998-06-03 00:00:00-04:00,30.587869702553263,30.78344431701972,30.587869702553263,30.666099548339844,10800,0.0,0.0
1998-06-04 00:00:00-04:00,30.74433326721191,30.861678050674552,30.74433326721191,30.744333267211914,7500,0.0,0.0
1998-06-05 00:00:00-04:00,30.666099548339844,30.666099548339844,30.431410010980102,30.666099548339844,6000,0.0,0.0
1998-06-08 00:00:00-04:00,30.43140983581543,30.666099371824288,30.43140983581543,30.43140983581543,7900,0.0,0.0
1998-06-09 00:00:00-04:00,30.90078908569959,30.90078908569959,30.548754779659973,30.666099548339844,4900,0.0,0.0
1998-06-10 00:00:00-04:00,30.35318016519352,30.666099548339844,30.31406524230023,30.666099548339844,13000,0.0,0.0
1998-06-11 00:00:00-04:00,30.587869287466074,30.66609913219105,30.04026037439123,30.11849021911621,37000,0.0,0.0
1998-06-12 00:00:00-04:00,30.3531827149385,30.43141256729659,30.196723010222325,30.235837936401367,14800,0.0,0.0
1998-06-15 00:00:00-04:00,30.274949908566164,30.274949908566164,30.04026037439123,30.11849021911621,12500,0.0,0.0
1998-06-16 00:00:00-04:00,30.196720063841187,30.35317975329114,30.04026037439123,30.11849021911621,9500,0.0,0.0
1998-06-17 00:00:00-04:00,30.509644485101468,32.1524714958377,30.509644485101468,32.074241638183594,25900,0.0,0.0
1998-06-18 00:00:00-04:00,31.487504959106445,31.487504959106445,31.05724091618698,31.487504959106445,10800,0.0,0.0
1998-06-19 00:00:00-04:00,31.68309020996094,32.15246932418258,31.604860357590667,31.683090209960938,16500,0.0,0.0
1998-06-22 00:00:00-04:00,31.05725092358059,31.05725092358059,30.6661016676161,30.979021072387695,19800,0.0,0.0
1998-06-23 00:00:00-04:00,30.74433326721191,30.74433326721191,30.666103411570152,30.744333267211914,4400,0.0,0.0
1998-06-24 00:00:00-04:00,30.50963704297497,30.82255639726189,30.50963704297497,30.705211639404297,7100,0.0,0.0
1998-06-25 00:00:00-04:00,30.666099489802292,30.822559181076794,30.587869644165043,30.58786964416504,11100,0.0,0.0
1998-06-26 00:00:00-04:00,30.353185741718,30.5878753221952,30.353185741718,30.509645462036133,3500,0.0,0.0
1998-06-29 00:00:00-04:00,30.431405173679018,30.744324507084457,30.431405173679018,30.548749923706055,10500,0.0,0.0
1998-06-30 00:00:00-04:00,30.822558704054497,32.54361528143825,30.822558704054497,32.46538543701172,65600,0.0,0.0
1998-07-01 00:00:00-04:00,32.5436164937798,32.817420959472656,32.5436164937798,32.817420959472656,74000,0.0,0.0
1998-07-02 00:00:00-04:00,31.29193039414305,31.68307952406984,31.135470742172338,31.487504959106445,16300,0.0,0.0
1998-07-06 00:00:00-04:00,31.60486394882202,31.60486394882202,31.29194450378418,31.29194450378418,3000,0.0,0.0
1998-07-07 00:00:00-04:00,32.03512081174358,32.07423573336964,31.83954620361328,31.83954620361328,5500,0.0,0.0
1998-07-08 00:00:00-04:00,32.07424642397919,32.11336135864258,31.761326946672078,32.11336135864258,8200,0.0,0.0
1998-07-09 00:00:00-04:00,31.91777976707176,31.91777976707176,31.29194094810957,31.683090209960938,14200,0.0,0.0
1998-07-10 00:00:00-04:00,31.057249183941604,31.213708877563477,30.822559643508797,31.213708877563477,16400,0.0,0.0
1998-07-13 00:00:00-04:00,31.057249183941604,31.213708877563477,31.057249183941604,31.213708877563477,7300,0.0,0.0
1998-07-14 00:00:00-04:00,31.29194496321852,32.15247344970703,31.29194496321852,32.15247344970703,30500,0.0,0.0
1998-07-15 00:00:00-04:00,31.917775862287765,31.917775862287765,31.604856491088867,31.604856491088867,7600,0.0,0.0
1998-07-16 00:00:00-04:00,31.956891955042177,31.956891955042177,31.878662109375,31.878662109375,7200,0.0,0.0
1998-07-17 00:00:00-04:00,32.230703395446334,32.30893325805664,31.91778394500511,32.30893325805664,41500,0.0,0.0
1998-07-20 00:00:00-04:00,32.308924643776635,32.42626940640536,32.15246496027166,32.26980972290039,26500,0.0,0.0
1998-07-21 00:00:00-04:00,31.996019335354077,32.07424921147964,31.60486995472628,31.917789459228516,14300,0.0,0.0
1998-07-22 00:00:00-04:00,31.526628264807222,31.526628264807222,31.057249183941604,31.213708877563477,4900,0.0,0.0
1998-07-23 00:00:00-04:00,31.291940477159287,31.291940477159287,30.97902107238769,30.979021072387695,4900,0.0,0.0
1998-07-24 00:00:00-04:00,31.5266320693433,31.5266320693433,31.135482788085938,31.135482788085938,31700,0.0,0.0
1998-07-27 00:00:00-04:00,30.97901893148617,30.97901893148617,30.666099548339844,30.666099548339844,4600,0.0,0.0
1998-07-28 00:00:00-04:00,31.05724877727275,31.05724877727275,30.666099548339844,30.666099548339844,4100,0.0,0.0
1998-07-29 00:00:00-04:00,30.509638877664035,30.74432840749222,30.470523956026003,30.626983642578125,31700,0.0,0.0
1998-07-30 00:00:00-04:00,30.90079297849543,30.90079297849543,30.626988483749273,30.744333267211914,34100,0.0,0.0
1998-07-31 00:00:00-04:00,31.057247780596466,31.057247780596466,30.626983642578125,30.626983642578125,3300,0.0,0.0
1998-08-03 00:00:00-04:00,30.470523956026003,30.82255825076828,30.39229411274994,30.626983642578125,3400,0.0,0.0
1998-08-04 00:00:00-04:00,30.392298624497048,30.666103116609634,30.274953842163082,30.274953842163086,14700,0.0,0.0
1998-08-05 00:00:00-04:00,30.353183697052394,30.70521804405429,30.274953842163082,30.274953842163086,3300,0.0,0.0
1998-08-06 00:00:00-04:00,30.196720004081726,30.235834926366806,30.040260314941406,30.040260314941406,5200,0.0,0.0
1998-08-07 00:00:00-04:00,29.727340995491325,30.11849021911621,29.727340995491325,30.11849021911621,10600,0.0,0.0
1998-08-10 00:00:00-04:00,29.88381004333496,29.88381004333496,29.41443082799462,29.88381004333496,18500,0.0,0.0
1998-08-11 00:00:00-04:00,29.10150331564027,29.336192858508333,28.984158544206235,29.023273468017578,19300,0.0,0.0
1998-08-12 00:00:00-04:00,29.257957600532695,29.414417266845703,29.17972776737619,29.414417266845703,134500,0.0,0.0
1998-08-13 00:00:00-04:00,29.023265761298102,29.101495588147962,28.945035934448242,28.945035934448242,6800,0.0,0.0
1998-08-14 00:00:00-04:00,28.475666046142578,28.788585453243048,28.39743619436746,28.475666046142578,16900,0.0,0.0
1998-08-17 00:00:00-04:00,27.92805126961579,28.240970611572266,27.849821434126667,28.240970611572266,15600,0.0,0.0
1998-08-18 00:00:00-04:00,28.319206342592345,28.475666046142578,28.006286935491875,28.475666046142578,8100,0.0,0.0
1998-08-19 00:00:00-04:00,29.257964985345,29.257964985345,28.78858586793305,29.101505279541016,3500,0.0,0.0
1998-08-20 00:00:00-04:00,29.29708016646003,29.57088465399704,29.29708016646003,29.49265480041504,16800,0.0,0.0
1998-08-21 00:00:00-04:00,28.397443865166334,28.788593229700307,28.260541587579446,28.63213348388672,8000,0.0,0.0
1998-08-24 00:00:00-04:00,28.162736892700195,28.162736892700195,27.693357944488525,28.162736892700195,2500,0.0,0.0
1998-08-25 00:00:00-04:00,28.00629234313965,28.162752076900205,27.849832609379092,28.00629234313965,16900,0.0,0.0
1998-08-26 00:00:00-04:00,27.53690796774121,27.615137819922293,27.184873632926337,27.263103485107422,7600,0.0,0.0
1998-08-27 00:00:00-04:00,26.754611696515763,26.754611696515763,26.285232543945312,26.285232543945312,10700,0.0,0.0
1998-08-28 00:00:00-04:00,26.12877439871067,26.28523412564906,25.659395217895508,25.659395217895508,19600,0.0,0.0
1998-08-31 00:00:00-04:00,26.285232543945312,26.754611696515763,26.20700268518357,26.285232543945312,12500,0.0,0.0
1998-09-01 00:00:00-04:00,27.263105621769537,28.006289275734563,27.263105621769537,27.654254913330078,20600,0.0,0.0
1998-09-02 00:00:00-04:00,27.06752586364746,27.380445237793673,27.06752586364746,27.06752586364746,10800,0.0,0.0
1998-09-03 00:00:00-04:00,27.69336881420829,28.006288235837765,27.536909103393555,27.536909103393555,13800,0.0,0.0
1998-09-04 00:00:00-04:00,27.49779221678731,27.88894146595925,27.30221759220134,27.458677291870117,27500,0.0,0.0
1998-09-08 00:00:00-04:00,29.844690322875977,30.274954534608135,29.844690322875977,29.844690322875977,122800,0.0,0.0
1998-09-09 00:00:00-04:00,27.849829559110347,28.16274899235878,27.654254913330078,27.654254913330078,4600,0.0,0.0
1998-09-10 00:00:00-04:00,27.849832497180348,28.006292230310574,27.771602630615234,27.771602630615234,3500,0.0,0.0
1998-09-11 00:00:00-04:00,27.536909103393555,27.536909103393555,27.028415043245662,27.536909103393555,8700,0.0,0.0
1998-09-14 00:00:00-04:00,26.285221257858726,26.441680908203125,25.815842306825534,26.441680908203125,42400,0.0,0.0
1998-09-15 00:00:00-04:00,26.285232543945312,26.363462402707054,26.12877282642183,26.285232543945312,10700,0.0,0.0
1998-09-16 00:00:00-04:00,25.659387965402207,26.128767013549805,25.659387965402207,26.128767013549805,11100,0.0,0.0
1998-09-17 00:00:00-04:00,25.698509172628853,25.97231368436158,25.62027931213379,25.62027931213379,3100,0.0,0.0
1998-09-18 00:00:00-04:00,26.519922256469727,26.519922256469727,26.285232678978844,26.519922256469727,2700,0.0,0.0
1998-09-21 00:00:00-04:00,26.12876496832055,26.12876496832055,25.81584562738258,25.972305297851562,12200,0.0,0.0
1998-09-22 00:00:00-04:00,26.128764828768645,26.128764828768645,25.65938581986861,25.815845489501953,8000,0.0,0.0
1998-09-23 00:00:00-04:00,25.776736789591173,26.5981502532959,25.69850693590501,26.5981502532959,62700,0.0,0.0
1998-09-24 00:00:00-04:00,26.12877282642183,26.51992212023054,26.011428038279217,26.285232543945312,10900,0.0,0.0
1998-09-25 00:00:00-04:00,26.522532003066118,26.67947006225586,26.522532003066118,26.67947006225586,2300,0.128,0.0
1998-09-28 00:00:00-04:00,28.091901779174805,28.40577777670748,28.091901779174805,28.091901779174805,41600,0.0,0.0
1998-09-29 00:00:00-04:00,29.34740775118592,29.34740775118592,28.955062727774344,29.19046974182129,20100,0.0,0.0
1998-09-30 00:00:00-04:00,28.641187965371813,28.641187965371813,28.091904908501668,28.170373916625977,7900,0.0,0.0
1998-10-01 00:00:00-04:00,27.77802478757679,27.77802478757679,27.307210808126335,27.542617797851562,3900,0.0,0.0
1998-10-02 00:00:00-04:00,27.93495307534428,27.93495307534428,27.46413925946769,27.77801513671875,4200,0.0,0.0
1998-10-05 00:00:00-04:00,27.30721115647701,27.30721115647701,26.718693674656386,26.836397171020508,6400,0.0,0.0
1998-10-06 00:00:00-04:00,27.46415761384097,28.09190978787162,27.38568859208714,27.621095657348633,41600,0.0,0.0
1998-10-07 00:00:00-04:00,28.209597024161493,31.112949151822065,28.209597024161493,30.68136978149414,94900,0.0,0.0
1998-10-08 00:00:00-04:00,29.97515455574825,29.97515455574825,28.170367763124663,28.445009231567383,35800,0.0,0.0
1998-10-09 00:00:00-04:00,28.327305048624673,29.425870895385742,28.28807055409749,29.425870895385742,14000,0.0,0.0
1998-10-12 00:00:00-04:00,30.60291381566891,31.152196884155273,30.60291381566891,31.152196884155273,16400,0.0,0.0
1998-10-13 00:00:00-04:00,28.601950547405494,29.38664054870606,28.601950547405494,29.386640548706055,16700,0.0,0.0
1998-10-14 00:00:00-04:00,29.2297001943214,29.504341672657304,28.876589722175236,28.994293212890625,6400,0.0,0.0
1998-10-15 00:00:00-04:00,29.347397234022004,30.99524574181468,29.347397234022004,30.44596290588379,40600,0.0,0.0
1998-10-16 00:00:00-04:00,32.172294776035464,32.40770181098207,31.85841872944,31.936887741088867,43000,0.0,0.0
1998-10-19 00:00:00-04:00,33.11390686035156,33.27084480755702,33.11390686035156,33.11390686035156,35700,0.0,0.0
1998-10-20 00:00:00-04:00,33.035440381967796,33.5847232386751,33.035440381967796,33.27084732055664,49400,0.0,0.0
1998-10-21 00:00:00-04:00,33.506263732910156,33.89860874149224,33.34932572947732,33.506263732910156,18000,0.0,0.0
1998-10-22 00:00:00-04:00,31.701480706142267,31.936887741088867,31.387604659546795,31.936887741088867,5000,0.0,0.0
1998-10-23 00:00:00-04:00,30.485194802284237,30.91677413667951,30.485194802284237,30.759836196899414,5500,0.0,0.0
1998-10-26 00:00:00-05:00,30.132099151611328,30.132099151611328,30.053630143404007,30.132099151611328,2200,0.0,0.0
1998-10-27 00:00:00-05:00,30.210564216594054,30.367502212524414,30.0340089711724,30.367502212524414,24100,0.0,0.0
1998-10-28 00:00:00-05:00,29.975161135196686,30.36750617623329,29.975161135196686,30.132099151611328,5000,0.0,0.0
1998-10-29 00:00:00-05:00,31.309133674159195,31.309133674159195,30.99525764735058,31.073726654052734,4300,0.0,0.0
1998-10-30 00:00:00-05:00,30.132086999637565,30.759838812130013,30.132086999637565,30.44596290588379,9300,0.0,0.0
1998-11-02 00:00:00-05:00,32.17228160714203,33.34931630008626,32.17228160714203,33.27084732055664,50900,0.0,0.0
1998-11-03 00:00:00-05:00,32.80003096594065,33.38854826796111,32.80003096594065,33.11390686035156,7900,0.0,0.0
1998-11-04 00:00:00-05:00,33.42780373965993,33.97708689970129,33.349334716796875,33.349334716796875,25200,0.0,0.0
1998-11-05 00:00:00-05:00,32.486161098685315,33.11391300397392,32.32922312236317,32.839271545410156,14900,0.0,0.0
1998-11-06 00:00:00-05:00,31.66223608746248,32.172284500271665,31.66223608746248,32.01534652709961,3900,0.0,0.0
1998-11-09 00:00:00-05:00,31.23065448896534,31.23065448896534,30.681371621068966,30.916778564453125,12800,0.0,0.0
1998-11-10 00:00:00-05:00,30.28903716802597,30.28903716802597,29.818223118782043,30.132099151611328,12400,0.0,0.0
1998-11-11 00:00:00-05:00,30.838319633946274,31.34836817751027,30.75985062724412,31.073726654052734,4500,0.0,0.0
1998-11-12 00:00:00-05:00,30.132094663149353,30.524439645742444,29.93592217185281,30.21056365966797,8000,0.0,0.0
1998-11-13 00:00:00-05:00,31.152196152802485,31.152196152802485,30.681382105153077,30.79908561706543,7100,0.0,0.0
1998-11-16 00:00:00-05:00,32.64310489291892,33.11391890579756,32.6038703918457,32.6038703918457,33900,0.0,0.0
1998-11-17 00:00:00-05:00,32.87852308383355,32.87852308383355,32.407708910795364,32.64311599731445,4800,0.0,0.0
1998-11-18 00:00:00-05:00,32.329225309602506,32.329225309602506,32.133052825927734,32.133052825927734,3100,0.0,0.0
1998-11-19 00:00:00-05:00,31.858417891527907,32.250762939453125,31.77994888194286,32.250762939453125,6100,0.0,0.0
1998-11-20 00:00:00-05:00,32.917733862531556,33.192375265437065,32.721561431884766,32.721561431884766,11000,0.0,0.0
1998-11-23 00:00:00-05:00,32.83927762508392,33.89860916137695,32.83927762508392,33.89860916137695,30900,0.0,0.0
1998-11-24 00:00:00-05:00,33.58473444602796,33.93784497174554,33.31009292602539,33.31009292602539,34700,0.0,0.0
1998-11-25 00:00:00-05:00,32.956971402438185,33.42778527961587,32.956971402438185,33.27084732055664,2000,0.0,0.0
1998-11-27 00:00:00-05:00,32.878517150878906,33.427800253638225,32.878517150878906,32.878517150878906,1900,0.0,0.0
1998-11-30 00:00:00-05:00,32.25074970104076,32.25074970104076,31.6229978820424,31.779935836791992,13400,0.0,0.0
1998-12-01 00:00:00-05:00,31.779939238269296,32.13304967425007,31.701470252495792,32.05458068847656,23500,0.0,0.0
1998-12-02 00:00:00-05:00,31.701466859417195,32.054577257603775,31.701466859417195,31.779935836791992,3100,0.0,0.0
1998-12-03 00:00:00-05:00,31.70148468017578,32.05459527686091,31.544546637204615,31.70148468017578,9500,0.0,0.0
1998-12-04 00:00:00-05:00,31.701480549137766,32.17229461669922,31.701480549137766,32.17229461669922,15100,0.0,0.0
1998-12-07 00:00:00-05:00,31.583780121803283,31.583780121803283,31.230669536590575,31.38760757446289,10900,0.0,0.0
1998-12-08 00:00:00-05:00,32.133044546036714,32.21151351928711,32.01534108616112,32.21151351928711,3900,0.0,0.0
1998-12-09 00:00:00-05:00,33.89861787683824,33.97708689970129,33.349334716796875,33.349334716796875,30600,0.0,0.0
1998-12-10 00:00:00-05:00,34.21248517213044,34.44789218019556,33.89860916137695,33.89860916137695,28500,0.0,0.0
1998-12-11 00:00:00-05:00,32.56463623046875,33.035450248258655,32.56463623046875,32.56463623046875,5800,0.0,0.0
1998-12-14 00:00:00-05:00,32.52540172898625,33.035450248258655,32.52540172898625,32.56463623046875,2300,0.0,0.0
1998-12-15 00:00:00-05:00,32.01535591069799,32.32923194903817,31.74071437715034,32.250762939453125,7200,0.0,0.0
1998-12-16 00:00:00-05:00,31.779951442157383,32.09382750578363,31.7407169342041,31.7407169342041,6400,0.0,0.0
1998-12-17 00:00:00-05:00,31.858408553927553,32.40769146002975,31.858408553927553,32.01534652709961,4100,0.0,0.0
1998-12-18 00:00:00-05:00,33.0354520350552,33.0354520350552,32.4861689845911,32.800045013427734,9400,0.0,0.0
1998-12-21 00:00:00-05:00,32.486177939635056,33.113930170352646,32.486177939635056,32.64311599731445,23700,0.0,0.0
1998-12-22 00:00:00-05:00,31.309118242406136,31.54452514648438,31.073711338327893,31.544525146484375,12900,0.0,0.0
1998-12-23 00:00:00-05:00,31.152201529776693,31.70148468017578,31.152201529776693,31.70148468017578,12300,0.0,0.0
1998-12-24 00:00:00-05:00,31.38759297535832,31.38759297535832,30.99524806316634,31.309123992919922,1400,0.0,0.0
1998-12-28 00:00:00-05:00,31.701480549137766,32.17229461669922,31.701480549137766,32.17229461669922,19000,0.0,0.0
1998-12-29 00:00:00-05:00,33.58474178538603,33.89861787683824,33.349334716796875,33.349334716796875,41200,0.0,0.0
1998-12-30 00:00:00-05:00,33.6631934085739,33.82013137318263,33.427786461660794,33.58472442626953,25100,0.0,0.0
1998-12-31 00:00:00-05:00,33.82013304337212,33.82013304337212,33.388553619384766,33.388553619384766,20100,0.0,0.0
1999-01-04 00:00:00-05:00,33.11392143375767,33.2708594500314,32.9177489134155,33.19239044189453,19300,0.0,0.0
1999-01-05 00:00:00-05:00,32.56463663918632,33.035450662885395,32.56463663918632,32.95698165893555,32000,0.0,0.0
1999-01-06 00:00:00-05:00,32.76080123592926,32.99620819091797,32.329221818449945,32.99620819091797,62100,0.0,0.0
1999-01-07 00:00:00-05:00,33.50626468658447,33.50626468658447,32.95698165893555,32.95698165893555,5600,0.0,0.0
1999-01-08 00:00:00-05:00,32.25075854455639,32.760807037353516,32.0153515478808,32.760807037353516,41800,0.0,0.0
1999-01-11 00:00:00-05:00,32.015360766118114,32.13306429834649,31.70148468017578,31.70148468017578,21700,0.0,0.0
1999-01-12 00:00:00-05:00,31.191422172632972,31.26989115923079,30.75984274634497,31.112953186035156,9900,0.0,0.0
1999-01-13 00:00:00-05:00,29.975166865037643,30.05363588824455,28.837366028537524,29.700525283813477,53800,0.0,0.0
1999-01-14 00:00:00-05:00,30.09285720946297,30.17132619827513,29.661277770996094,29.661277770996094,30100,0.0,0.0
1999-01-15 00:00:00-05:00,29.975149046514453,30.44596290588379,29.81821109339134,30.44596290588379,12300,0.0,0.0
1999-01-19 00:00:00-05:00,31.07371207645961,31.07371207645961,30.445960317339214,30.759836196899414,13600,0.0,0.0
1999-01-20 00:00:00-05:00,31.38759297535832,31.701468905111902,31.309123992919922,31.309123992919922,23400,0.0,0.0
1999-01-21 00:00:00-05:00,32.486176944473414,32.56464597090934,32.32923889160156,32.32923889160156,12000,0.0,0.0
1999-01-22 00:00:00-05:00,30.956023143999506,31.544540694265656,30.956023143999506,31.073726654052734,11100,0.0,0.0
1999-01-25 00:00:00-05:00,31.073719691023044,31.230657669260534,30.916781712785554,30.995250701904297,11000,0.0,0.0
1999-01-26 00:00:00-05:00,31.77994956039801,32.17229461669922,31.623011537877527,32.17229461669922,11200,0.0,0.0
1999-01-27 00:00:00-05:00,32.486176944473414,32.76081853699916,32.32923889160156,32.32923889160156,22900,0.0,0.0
1999-01-28 00:00:00-05:00,31.701490881407793,32.015367028748464,31.701490881407793,31.858428955078125,15700,0.0,0.0
1999-01-29 00:00:00-05:00,32.80004365103586,33.113919666835244,32.72157464708601,32.95698165893555,16700,0.0,0.0
1999-02-01 00:00:00-05:00,33.03544318157694,33.03544318157694,32.32922230596128,32.48616027832031,10700,0.0,0.0
1999-02-02 00:00:00-05:00,32.95698302784605,33.11392104226436,32.800045013427734,32.800045013427734,7100,0.0,0.0
1999-02-03 00:00:00-05:00,32.78043679778393,33.113930170352646,32.64311599731445,32.64311599731445,3200,0.0,0.0
1999-02-04 00:00:00-05:00,32.64311599731445,32.80005405499385,32.329239881955665,32.64311599731445,10200,0.0,0.0
1999-02-05 00:00:00-05:00,32.64310699900942,33.11392104226436,32.56463799180026,32.800045013427734,13200,0.0,0.0
1999-02-08 00:00:00-05:00,33.270857674734934,33.270857674734934,32.80004365103586,32.95698165893555,9500,0.0,0.0
1999-02-09 00:00:00-05:00,32.95696867614233,32.95696867614233,32.48615483791173,32.68232727050781,10100,0.0,0.0
1999-02-10 00:00:00-05:00,32.64309825067935,32.64309825067935,32.17228433360224,32.48616027832031,6000,0.0,0.0
1999-02-11 00:00:00-05:00,32.800035888524626,32.800035888524626,32.32922197624915,32.525394439697266,2600,0.0,0.0
1999-02-12 00:00:00-05:00,32.95698165893555,33.270857674734934,32.80004365103586,32.95698165893555,14700,0.0,0.0
1999-02-16 00:00:00-05:00,32.40770165047994,32.40770165047994,31.936887582918494,32.17229461669922,17700,0.0,0.0
1999-02-17 00:00:00-05:00,31.701473678988908,31.858411667498753,31.42683219909668,31.42683219909668,10000,0.0,0.0
1999-02-18 00:00:00-05:00,31.54452514648438,31.54452514648438,31.387587210432216,31.544525146484375,2200,0.0,0.0
1999-02-19 00:00:00-05:00,31.544541933074107,31.544541933074107,31.152196884155273,31.152196884155273,7100,0.0,0.0
1999-02-22 00:00:00-05:00,32.172284500271665,32.172284500271665,31.701470580755494,32.01534652709961,8900,0.0,0.0
1999-02-23 00:00:00-05:00,31.62301009789369,31.936886128642016,31.46607208251953,31.46607208251953,113200,0.0,0.0
1999-02-24 00:00:00-05:00,32.643114997345265,32.7215840237812,32.093831812293786,32.32923889160156,62800,0.0,0.0
1999-02-25 00:00:00-05:00,31.93688690111295,32.40770095862322,31.858417891527907,32.250762939453125,25800,0.0,0.0
1999-02-26 00:00:00-05:00,32.17229295575447,32.800045013427734,32.17229295575447,32.800045013427734,4600,0.0,0.0
1999-03-01 00:00:00-05:00,31.936893759421935,32.32923889160156,31.77995570655008,32.32923889160156,3700,0.0,0.0
1999-03-02 00:00:00-05:00,31.230669536590575,31.544545612335202,31.230669536590575,31.38760757446289,3100,0.0,0.0
1999-03-03 00:00:00-05:00,30.916794522118025,30.916794522118025,30.602918435599058,30.83832550048828,12200,0.0,0.0
1999-03-04 00:00:00-05:00,30.72060775756836,30.72060775756836,30.36749732357332,30.72060775756836,2700,0.0,0.0
1999-03-05 00:00:00-05:00,32.564646968474754,32.80005405499385,32.564646968474754,32.64311599731445,19600,0.0,0.0
1999-03-08 00:00:00-05:00,32.878517150878906,33.427800253638225,32.878517150878906,32.878517150878906,21500,0.0,0.0
1999-03-09 00:00:00-05:00,33.03544972261165,33.506263732910156,33.03544972261165,33.506263732910156,6800,0.0,0.0
1999-03-10 00:00:00-05:00,33.663202153311836,33.89860916137695,33.584733150623464,33.89860916137695,23000,0.0,0.0
1999-03-11 00:00:00-05:00,34.52636065783801,35.15411266979871,34.21248465185767,34.84023666381836,36100,0.0,0.0
1999-03-12 00:00:00-05:00,35.15411473834325,35.15411473834325,34.60483169555664,34.60483169555664,15600,0.0,0.0
1999-03-15 00:00:00-05:00,35.78186315317623,36.25267714203381,35.62492515689037,35.899566650390625,93700,0.0,0.0
1999-03-16 00:00:00-05:00,36.4096161691766,36.4096161691766,35.781864166259766,35.781864166259766,24700,0.0,0.0
1999-03-17 00:00:00-05:00,36.566563675251416,36.88043975830078,36.40962563372673,36.88043975830078,42300,0.0,0.0
1999-03-18 00:00:00-05:00,35.15410028036105,35.860321044921875,34.84022438500069,35.860321044921875,22300,0.0,0.0
1999-03-19 00:00:00-05:00,36.25266591412233,36.409603861802516,35.860321044921875,35.860321044921875,25900,0.0,0.0
1999-03-22 00:00:00-05:00,35.82109866644207,35.86033316662437,35.70339516589516,35.781864166259766,6900,0.0,0.0
1999-03-23 00:00:00-05:00,34.99716988137241,34.99716988137241,34.0555419921875,34.0555419921875,20200,0.0,0.0
1999-03-24 00:00:00-05:00,32.87850242290857,33.42778527961587,32.80003344337895,33.27084732055664,8900,0.0,0.0
1999-03-25 00:00:00-05:00,33.506255443965166,33.82013137318263,32.87850358553022,33.58472442626953,26700,0.0,0.0
1999-03-26 00:00:00-05:00,34.794504555691496,35.26682814694523,34.637063358606916,35.03066635131836,22900,0.171,0.0
1999-03-29 00:00:00-05:00,34.79450305870601,35.26682662963867,34.79450305870601,35.26682662963867,2700,0.0,0.0
1999-03-30 00:00:00-05:00,35.030665344306556,35.188106536865234,34.79450355546853,35.188106536865234,39600,0.0,0.0
1999-03-31 00:00:00-05:00,35.97532219865957,36.52636652117733,35.97532219865957,36.05404281616211,17100,0.0,0.0
1999-04-01 00:00:00-05:00,38.100778506276015,38.57310220676704,37.82525634765625,37.82525634765625,46900,0.0,0.0
1999-04-05 00:00:00-04:00,38.41565398552157,38.966698202527006,38.41565398552157,38.887977600097656,26000,0.0,0.0
1999-04-06 00:00:00-04:00,39.04541477644111,39.67517953089984,39.04541477644111,39.517738342285156,23700,0.0,0.0
1999-04-07 00:00:00-04:00,39.04540917576556,39.2422106333047,39.04540917576556,39.202850341796875,21300,0.0,0.0
1999-04-08 00:00:00-04:00,39.439022064208984,39.439022064208984,39.439022064208984,39.439022064208984,5000,0.0,0.0
1999-04-09 00:00:00-04:00,37.15612741353396,37.392289240314895,36.91996558675302,37.23484802246094,13800,0.0,0.0
1999-04-12 00:00:00-04:00,35.778515089371865,36.36891962880044,35.66043418148615,36.329559326171875,33700,0.0,0.0
1999-04-13 00:00:00-04:00,36.841242721232966,37.19548543970636,36.29019849249657,36.99868392944336,11400,0.0,0.0
1999-04-14 00:00:00-04:00,38.49438147466691,38.730543324204746,38.25821962512907,38.4156608581543,20600,0.0,0.0
1999-04-15 00:00:00-04:00,37.82524768628572,37.82524768628572,37.39228439331055,37.39228439331055,16800,0.0,0.0
1999-04-16 00:00:00-04:00,38.25822448730469,38.69118793314867,38.25822448730469,38.25822448730469,6900,0.0,0.0
1999-04-19 00:00:00-04:00,38.53373488916559,39.57678287135445,38.53373488916559,38.887977600097656,28400,0.0,0.0
1999-04-20 00:00:00-04:00,39.399657450824144,39.67517953089984,39.36029715367047,39.517738342285156,7000,0.0,0.0
1999-04-21 00:00:00-04:00,37.23484346381856,37.943328857421875,36.91996106666153,37.943328857421875,26600,0.0,0.0
1999-04-22 00:00:00-04:00,37.15612259714227,37.47100499203331,37.15612259714227,37.39228439331055,10600,0.0,0.0
1999-04-23 00:00:00-04:00,37.39229185968383,37.39229185968383,36.84124755859375,36.84124755859375,4700,0.0,0.0
1999-04-26 00:00:00-04:00,36.88060751281866,37.471012115478516,36.88060751281866,37.471012115478516,7400,0.0,0.0
1999-04-27 00:00:00-04:00,37.23485172204247,37.82525634765625,37.23485172204247,37.82525634765625,11700,0.0,0.0
1999-04-28 00:00:00-04:00,37.19548492674615,37.19548492674615,36.60508040409938,37.0774040222168,9100,0.0,0.0
1999-04-29 00:00:00-04:00,36.60508346557617,36.84124529438634,36.60508346557617,36.60508346557617,6800,0.0,0.0
1999-04-30 00:00:00-04:00,36.17212374241591,36.21148405116718,35.739160346151955,36.05404281616211,62700,0.0,0.0
1999-05-03 00:00:00-04:00,36.05404609896259,36.13276672363281,35.896604849622136,36.13276672363281,9400,0.0,0.0
1999-05-04 00:00:00-04:00,35.739160346151955,36.17212374241591,35.50299849364435,36.05404281616211,9800,0.0,0.0
1999-05-05 00:00:00-04:00,35.739160346151955,36.05404281616211,35.739160346151955,36.05404281616211,5200,0.0,0.0
1999-05-06 00:00:00-04:00,36.91996885050198,37.4710131617035,36.91996885050198,37.31357192993164,14300,0.0,0.0
1999-05-07 00:00:00-04:00,36.762526252053,36.762526252053,36.36892318725586,36.36892318725586,19300,0.0,0.0
1999-05-10 00:00:00-04:00,36.36892859764348,36.36892859764348,36.05404609896259,36.13276672363281,5700,0.0,0.0
1999-05-11 00:00:00-04:00,36.21148895799068,36.21148895799068,35.581723932634326,35.8966064453125,23700,0.0,0.0
1999-05-12 00:00:00-04:00,36.21147939939315,36.76252365112305,36.21147939939315,36.76252365112305,8500,0.0,0.0
1999-05-13 00:00:00-04:00,35.896592194813465,35.896592194813465,35.66043040405811,35.73915100097656,10200,0.0,0.0
1999-05-14 00:00:00-04:00,34.79450377027646,35.03066556057245,34.55834197998047,34.55834197998047,8400,0.0,0.0
1999-05-17 00:00:00-04:00,34.00729135366587,34.00729135366587,33.37752669896835,33.7711296081543,18100,0.0,0.0
1999-05-18 00:00:00-04:00,34.951942943288834,34.951942943288834,34.440259093893836,34.87322235107422,8200,0.0,0.0
1999-05-19 00:00:00-04:00,33.45625737927995,33.45625737927995,32.98393374569011,33.37753677368164,19800,0.0,0.0
1999-05-20 00:00:00-04:00,33.37753474155319,33.69241714477539,33.37753474155319,33.69241714477539,10600,0.0,0.0
1999-05-21 00:00:00-04:00,33.849856323666046,34.08601811197069,33.849856323666046,34.00729751586914,7600,0.0,0.0
1999-05-24 00:00:00-04:00,33.84986443751926,34.08602628243218,33.61370259260633,33.928585052490234,12600,0.0,0.0
1999-05-25 00:00:00-04:00,34.322180189684474,34.79450377027646,34.322180189684474,34.55834197998047,8000,0.0,0.0
1999-05-26 00:00:00-04:00,34.24346490737496,34.32218551635742,34.00730308042754,34.32218551635742,4000,0.0,0.0
1999-05-27 00:00:00-04:00,33.92858401291915,34.08602523803711,33.69242217524222,34.08602523803711,6300,0.0,0.0
1999-05-28 00:00:00-04:00,34.046657813919914,34.47962109247844,34.00729751586914,34.00729751586914,24200,0.0,0.0
1999-06-01 00:00:00-04:00,34.951945752776076,35.03066635131836,34.4402618622512,35.03066635131836,7800,0.0,0.0
1999-06-02 00:00:00-04:00,35.837565974185345,36.13276832982114,35.54236361854955,35.8966064453125,6600,0.0,0.0
1999-06-03 00:00:00-04:00,35.54236361854955,35.8966064453125,35.54236361854955,35.8966064453125,4900,0.0,0.0
1999-06-04 00:00:00-04:00,35.739155329352705,35.739155329352705,35.34555229709111,35.66043472290039,4400,0.0,0.0
1999-06-07 00:00:00-04:00,35.975318081900795,36.68380355834961,35.975318081900795,36.68380355834961,20800,0.0,0.0
1999-06-08 00:00:00-04:00,37.15612513765376,37.47100755407455,36.52636030481217,36.99868392944336,19000,0.0,0.0
1999-06-09 00:00:00-04:00,37.86461104243255,38.100772857666016,37.78589043735472,38.100772857666016,10500,0.0,0.0
1999-06-10 00:00:00-04:00,38.21885449934979,38.73053844218351,38.21885449934979,38.573097229003906,7200,0.0,0.0
1999-06-11 00:00:00-04:00,38.84862188736194,38.96670280495271,38.769901275634766,38.769901275634766,30800,0.0,0.0
1999-06-14 00:00:00-04:00,38.17949295043945,38.45501506451479,38.17949295043945,38.17949295043945,4000,0.0,0.0
1999-06-15 00:00:00-04:00,38.57309948841892,39.20286437802576,38.57309948841892,38.809261322021484,15700,0.0,0.0
1999-06-16 00:00:00-04:00,38.966708183288574,39.7539144092136,38.966708183288574,39.675193786621094,75700,0.0,0.0
1999-06-17 00:00:00-04:00,39.20286307541802,39.51774550975873,39.00606155395508,39.00606155395508,10200,0.0,0.0
1999-06-18 00:00:00-04:00,38.0614128112793,38.17949371969071,37.98269220567168,38.0614128112793,8100,0.0,0.0
1999-06-21 00:00:00-04:00,38.02205788952752,38.061418197901766,37.785896039282,37.82525634765625,8300,0.0,0.0
1999-06-22 00:00:00-04:00,38.25822448730469,38.41566574033886,38.25822448730469,38.25822448730469,6000,0.0,0.0
1999-06-23 00:00:00-04:00,38.33693185386816,38.33693185386816,37.943328857421875,37.943328857421875,5200,0.0,0.0
1999-06-24 00:00:00-04:00,38.41565878022977,38.96670306601175,38.41565878022977,38.73054122924805,8400,0.0,0.0
1999-06-25 00:00:00-04:00,38.73053844218351,39.04542086854273,38.573097229003906,38.573097229003906,4100,0.0,0.0
1999-06-28 00:00:00-04:00,38.96670150756836,39.439025162205546,38.96670150756836,38.96670150756836,16400,0.0,0.0
1999-06-29 00:00:00-04:00,39.281590673658584,39.675193786621094,39.281590673658584,39.675193786621094,5700,0.0,0.0
1999-06-30 00:00:00-04:00,39.832623302936554,40.30494689941406,39.832623302936554,40.30494689941406,23200,0.0,0.0
1999-07-01 00:00:00-04:00,40.54110090549175,40.9347038269043,40.462380321209245,40.9347038269043,38800,0.0,0.0
1999-07-02 00:00:00-04:00,41.32832077314269,41.721923828125,41.32832077314269,41.721923828125,18700,0.0,0.0
1999-07-06 00:00:00-04:00,40.38367306908896,41.05279825639355,40.30495245881783,40.619834899902344,139900,0.0,0.0
1999-07-07 00:00:00-04:00,40.77727586094431,40.77727586094431,40.619834641403976,40.65919494628906,8600,0.0,0.0
1999-07-08 00:00:00-04:00,40.77728485226167,40.77728485226167,40.344321403058125,40.46240234375,2900,0.0,0.0
1999-07-09 00:00:00-04:00,41.09215751854149,41.09215751854149,40.38367204408388,40.77727508544922,6200,0.0,0.0
1999-07-12 00:00:00-04:00,41.564483466853105,41.564483466853105,40.77727734058695,41.0134391784668,13400,0.0,0.0
1999-07-13 00:00:00-04:00,40.93471630199536,40.93471630199536,40.77727508544922,40.77727508544922,11000,0.0,0.0
1999-07-14 00:00:00-04:00,41.721916981597445,42.19424057006836,41.721916981597445,42.19424057006836,33600,0.0,0.0
1999-07-15 00:00:00-04:00,42.31231639865602,42.43039728162902,42.036794338385704,42.39103698730469,106500,0.0,0.0
1999-07-16 00:00:00-04:00,41.87935817775442,42.19424057006836,41.800637579675936,42.19424057006836,12300,0.0,0.0
1999-07-19 00:00:00-04:00,42.50912450178148,42.62720540317532,42.115521497135354,42.548484802246094,3700,0.0,0.0
1999-07-20 00:00:00-04:00,42.194254672235466,42.194254672235466,41.80065155029297,41.80065155029297,6500,0.0,0.0
1999-07-21 00:00:00-04:00,41.95809120721139,42.50913555702467,41.95809120721139,42.03681182861328,13300,0.0,0.0
1999-07-22 00:00:00-04:00,41.485759222146235,41.7219210393501,41.249597404942364,41.56447982788086,29100,0.0,0.0
1999-07-23 00:00:00-04:00,40.93471222504011,41.40703582763672,40.77727102417457,41.40703582763672,3000,0.0,0.0
1999-07-26 00:00:00-04:00,41.013438659609506,41.32832110613242,41.013438659609506,41.092159271240234,3600,0.0,0.0
1999-07-27 00:00:00-04:00,41.8400103873995,42.58785629272461,41.8400103873995,42.58785629272461,15500,0.0,0.0
1999-07-28 00:00:00-04:00,42.74528833697824,42.82400894165039,42.35168531361749,42.82400894165039,14000,0.0,0.0
1999-07-29 00:00:00-04:00,43.19794111022667,43.25698157643655,42.58785629272461,42.58785629272461,17300,0.0,0.0
1999-07-30 00:00:00-04:00,43.92610064915249,44.08354187011719,43.611218207223075,44.08354187011719,13700,0.0,0.0
1999-08-02 00:00:00-04:00,43.611228942871094,43.768670202592645,43.414427368219144,43.611228942871094,11200,0.0,0.0
1999-08-03 00:00:00-04:00,43.41442319965798,43.45378351080908,43.060180399298126,43.09954071044922,6900,0.0,0.0
1999-08-04 00:00:00-04:00,42.824008430690945,43.453773260554044,42.824008430690945,42.90272903442383,4600,0.0,0.0
1999-08-05 00:00:00-04:00,42.82400792160314,43.21761093558846,42.82400792160314,42.981449127197266,7300,0.0,0.0
1999-08-06 00:00:00-04:00,42.19425188435949,42.19425188435949,41.56448693086159,41.64320755004883,6700,0.0,0.0
1999-08-09 00:00:00-04:00,41.249597404942364,41.56447982788086,41.210237102075055,41.56447982788086,4800,0.0,0.0
1999-08-10 00:00:00-04:00,41.092166414320964,41.092166414320964,40.34432047383044,40.600162506103516,15100,0.0,0.0
1999-08-11 00:00:00-04:00,40.777274095488764,40.777274095488764,40.34431076049805,40.34431076049805,900,0.0,0.0
1999-08-12 00:00:00-04:00,40.93471734098686,40.974077646122424,40.619834899902344,40.619834899902344,7200,0.0,0.0
1999-08-13 00:00:00-04:00,41.05279312568926,41.40703582763672,40.93471222504011,41.40703582763672,10500,0.0,0.0
1999-08-16 00:00:00-04:00,41.40704842835047,41.80065155029297,41.40704842835047,41.80065155029297,1700,0.0,0.0
1999-08-17 00:00:00-04:00,41.70224367537589,41.95808566111439,41.48576199513562,41.721923828125,64600,0.0,0.0
1999-08-18 00:00:00-04:00,42.11553245001518,42.39105462492182,42.03681182861328,42.03681182861328,4700,0.0,0.0
1999-08-19 00:00:00-04:00,42.272972106933594,42.666575199176926,42.272972106933594,42.272972106933594,3300,0.0,0.0
1999-08-20 00:00:00-04:00,42.824011914768874,43.53249740600586,42.824011914768874,43.53249740600586,7000,0.0,0.0
1999-08-23 00:00:00-04:00,41.4464056132226,42.272972106933594,41.4464056132226,42.272972106933594,30800,0.0,0.0
1999-08-24 00:00:00-04:00,41.28895770780968,41.643200433615476,41.0134355877385,41.56447982788086,12900,0.0,0.0
1999-08-25 00:00:00-04:00,41.56448157747886,42.1942464498649,41.249599141285834,41.879364013671875,32600,0.0,0.0
1999-08-26 00:00:00-04:00,40.30494843594217,40.30494843594217,39.4783821105957,39.4783821105957,20200,0.0,0.0
1999-08-27 00:00:00-04:00,39.911355654398605,40.14751752217611,39.675193786621094,39.675193786621094,12200,0.0,0.0
1999-08-30 00:00:00-04:00,40.54112898134718,40.77729089774337,40.147525787353516,40.147525787353516,3600,0.0,0.0
1999-08-31 00:00:00-04:00,38.966712194024154,39.67519787027914,38.88799156332916,39.63583755493164,33000,0.0,0.0
1999-09-01 00:00:00-04:00,39.75390621278344,40.34431076049805,39.75390621278344,40.34431076049805,74200,0.0,0.0
1999-09-02 00:00:00-04:00,40.34431173994735,40.77727508544922,40.14751021926468,40.77727508544922,14600,0.0,0.0
1999-09-03 00:00:00-04:00,40.30493915264423,40.9347038269043,39.71453477052542,40.9347038269043,18500,0.0,0.0
1999-09-07 00:00:00-04:00,40.777276824717326,41.24960049450169,40.777276824717326,41.092159271240234,7600,0.0,0.0
1999-09-08 00:00:00-04:00,40.088469301151044,40.26559066772461,39.75390671984542,40.26559066772461,14200,0.0,0.0
1999-09-09 00:00:00-04:00,40.06879259096647,40.89535903930664,40.06879259096647,40.89535903930664,24600,0.0,0.0
1999-09-10 00:00:00-04:00,39.2028644881225,39.99007060234183,39.2028644881225,39.95071029663086,36600,0.0,0.0
1999-09-13 00:00:00-04:00,41.249601802880996,41.249601802880996,40.89535903930664,40.89535903930664,11100,0.0,0.0
1999-09-14 00:00:00-04:00,41.564487193819474,41.60384750366211,41.24960471507842,41.60384750366211,12500,0.0,0.0
1999-09-15 00:00:00-04:00,42.11552406802321,42.351685885227084,41.56447982788086,41.56447982788086,11800,0.0,0.0
1999-09-16 00:00:00-04:00,42.666575199176926,42.74529581762559,41.8006483962416,42.272972106933594,9600,0.0,0.0
1999-09-17 00:00:00-04:00,42.35168176622533,42.82400535469625,41.87935817775442,42.19424057006836,4500,0.0,0.0
1999-09-20 00:00:00-04:00,42.19424410427318,42.82400894165039,42.19424410427318,42.82400894165039,2200,0.0,0.0
1999-09-21 00:00:00-04:00,43.45378125403538,43.65058279956996,42.86337661743164,42.86337661743164,32400,0.0,0.0
1999-09-22 00:00:00-04:00,41.40703861641161,41.87936225081935,40.934714982003875,41.56447982788086,14500,0.0,0.0
1999-09-23 00:00:00-04:00,41.95808003066611,41.95808003066611,41.40703582763672,41.40703582763672,1700,0.0,0.0
1999-09-24 00:00:00-04:00,40.383670806884766,40.383670806884766,39.6751853541324,40.383670806884766,5200,0.0,0.0
1999-09-27 00:00:00-04:00,40.10263948384563,40.41840829867906,39.7868706690122,40.3394660949707,34700,0.18,0.0
1999-09-28 00:00:00-04:00,38.99744246082921,39.51056670373486,38.523789313531694,39.15532684326172,65300,0.0,0.0
1999-09-29 00:00:00-04:00,38.8395542089944,38.8395542089944,38.365901108884714,38.44484329223633,205500,0.0,0.0
1999-09-30 00:00:00-04:00,39.6289851125591,39.78686951539798,39.15533190404246,39.39215850830078,245500,0.0,0.0
1999-10-01 00:00:00-04:00,41.128895793807494,41.128895793807494,40.6947135925293,40.6947135925293,180400,0.0,0.0
1999-10-04 00:00:00-04:00,40.85258441542106,40.931526607528156,40.734171127260424,40.89205551147461,98200,0.0,0.0
1999-10-05 00:00:00-04:00,41.049939895688794,41.20782427990299,40.734171127260424,40.89205551147461,106400,0.0,0.0
1999-10-06 00:00:00-04:00,41.64201269086623,41.760425997096185,41.40518607840633,41.72095489501953,81700,0.0,0.0
1999-10-07 00:00:00-04:00,42.11565865171907,42.15512974698779,42.03671646118165,42.03671646118164,50400,0.0,0.0
1999-10-08 00:00:00-04:00,42.707729766591626,42.707729766591626,42.58931646779331,42.66825866699219,68500,0.0,0.0
1999-10-11 00:00:00-04:00,42.66826793326418,43.10245012314939,42.628796825092806,42.865623474121094,43700,0.0,0.0
1999-10-12 00:00:00-04:00,41.997250923185746,41.997250923185746,41.48412661679344,41.523597717285156,86200,0.0,0.0
1999-10-13 00:00:00-04:00,41.04995148091376,41.04995148091376,39.98423158669773,40.536827087402344,101300,0.0,0.0
1999-10-14 00:00:00-04:00,40.73417410002505,40.85258739682745,40.497347506420255,40.615760803222656,53900,0.0,0.0
1999-10-15 00:00:00-04:00,40.33947155143641,40.81312483775465,40.33947155143641,40.536827087402344,39500,0.0,0.0
1999-10-18 00:00:00-04:00,41.08941099174235,41.20782427990299,40.81311331936752,40.89205551147461,34400,0.0,0.0
1999-10-19 00:00:00-04:00,40.73417071311469,41.48412153050731,40.73417071311469,41.286766052246094,54100,0.0,0.0
1999-10-20 00:00:00-04:00,41.68146937944313,41.68146937944313,41.44464284887811,41.641998291015625,29000,0.0,0.0
1999-10-21 00:00:00-04:00,41.64200890155239,41.64200890155239,41.24729791670355,41.3657112121582,10600,0.0,0.0
1999-10-22 00:00:00-04:00,42.5498440943081,42.8656128816499,42.47090189747265,42.78667068481445,31900,0.0,0.0
1999-10-25 00:00:00-04:00,42.86561836684046,43.06297388418319,42.826147263371915,42.984031677246094,27100,0.0,0.0
1999-10-26 00:00:00-04:00,43.33927406082361,43.57610069503576,43.33927406082361,43.45768737792969,13100,0.0,0.0
1999-10-27 00:00:00-04:00,42.86561373641884,42.86561373641884,42.668258240394806,42.70772933959961,16300,0.0,0.0
1999-10-28 00:00:00-04:00,42.78667153800922,42.86561373641884,42.70772933959961,42.70772933959961,17600,0.0,0.0
1999-10-29 00:00:00-04:00,43.023493467355166,43.576088796293675,43.023493467355166,43.49714660644531,21300,0.0,0.0
1999-11-01 00:00:00-05:00,43.49717011643853,43.49717011643853,43.10245895385742,43.10245895385742,20600,0.0,0.0
1999-11-02 00:00:00-05:00,43.10245895385742,43.3787567676642,43.0235167213412,43.10245895385742,18600,0.0,0.0
1999-11-03 00:00:00-05:00,42.944540793678975,43.536607073003594,42.944540793678975,43.41819381713867,20800,0.0,0.0
1999-11-04 00:00:00-05:00,44.04974491710969,44.44445589306945,44.04974491710969,44.28657150268555,87600,0.0,0.0
1999-11-05 00:00:00-05:00,43.97079977308001,44.20762634277344,43.97079977308001,44.20762634277344,17800,0.0,0.0
1999-11-08 00:00:00-05:00,43.93132739863233,44.01026958623095,43.57608755443854,43.97079849243164,15000,0.0,0.0
1999-11-09 00:00:00-05:00,43.891864389613055,43.891864389613055,43.41821117677551,43.57609558105469,29900,0.0,0.0
1999-11-10 00:00:00-05:00,43.73397320338658,44.20762634277344,43.73397320338658,44.20762634277344,17800,0.0,0.0
1999-11-11 00:00:00-05:00,43.102448377696746,43.18139059084271,42.86562173825885,43.02350616455078,30400,0.0,0.0
1999-11-12 00:00:00-05:00,42.07619599441984,42.31302261352539,41.997253788051324,42.31302261352539,20800,0.0,0.0
1999-11-15 00:00:00-05:00,42.23407665737666,42.23407665737666,41.52359686314042,41.6025390625,38300,0.0,0.0
1999-11-16 00:00:00-05:00,41.99725255912509,42.1551369672421,41.957781457095834,42.076194763183594,26600,0.0,0.0
1999-11-17 00:00:00-05:00,42.23407193752522,42.39195631860008,42.03671646118165,42.03671646118164,50500,0.0,0.0
1999-11-18 00:00:00-05:00,43.89186954065196,43.89186954065196,43.41821627222766,43.45768737792969,77200,0.0,0.0
1999-11-19 00:00:00-05:00,44.128681602922,44.24709488092626,44.089210510253906,44.089210510253906,65300,0.0,0.0
1999-11-22 00:00:00-05:00,44.68129053706616,44.76023274649561,44.60234832763672,44.60234832763672,18800,0.0,0.0
1999-11-23 00:00:00-05:00,44.83917738719079,45.15494624203016,44.83917738719079,45.07600402832031,23900,0.0,0.0
1999-11-24 00:00:00-05:00,45.628580798841504,46.10223388671875,45.628580798841504,46.10223388671875,41600,0.0,0.0
1999-11-26 00:00:00-05:00,45.154939844217864,45.31282424926758,45.154939844217864,45.31282424926758,8900,0.0,0.0
1999-11-29 00:00:00-05:00,44.68128930631481,44.83917372082476,44.20763606278497,44.36552047729492,22500,0.0,0.0
1999-11-30 00:00:00-05:00,42.07619714254398,42.944561436292545,42.07619714254398,42.90509033203125,24900,0.0,0.0
1999-12-01 00:00:00-05:00,42.82615236594972,43.02350790680663,42.78668125777833,42.865623474121094,104000,0.0,0.0
1999-12-02 00:00:00-05:00,43.57609472567953,43.65503692626953,43.49715252508953,43.65503692626953,24100,0.0,0.0
1999-12-03 00:00:00-05:00,43.65503057987569,43.970799336330494,43.65503057987569,43.8918571472168,21100,0.0,0.0
1999-12-06 00:00:00-05:00,43.57609859942955,43.57609859942955,43.141916457587406,43.299800872802734,13700,0.0,0.0
1999-12-07 00:00:00-05:00,43.10244283728451,43.260327243281886,43.10244283728451,43.1813850402832,8100,0.0,0.0
1999-12-08 00:00:00-05:00,42.94456832320602,43.02351054438838,42.47091499611184,42.62879943847656,33200,0.0,0.0
1999-12-09 00:00:00-05:00,44.04975344488794,44.128695655362655,43.69451349775175,43.85239791870117,6400,0.0,0.0
1999-12-10 00:00:00-05:00,44.7602284085346,45.35229492187501,44.7602284085346,45.352294921875,44300,0.0,0.0
1999-12-13 00:00:00-05:00,46.5759018928774,46.65484409947549,46.418017479681204,46.4969596862793,29000,0.0,0.0
1999-12-14 00:00:00-05:00,46.49696228365849,46.49696228365849,46.18119343962686,46.260135650634766,7500,0.0,0.0
1999-12-15 00:00:00-05:00,46.57590596346676,47.36532809844077,46.57590596346676,47.167972564697266,38200,0.0,0.0
1999-12-16 00:00:00-05:00,51.470322088562156,51.628206512146704,51.233495453185334,51.430850982666016,57100,0.0,0.0
1999-12-17 00:00:00-05:00,57.78569455254347,58.101463375234964,57.50939683268841,57.74622344970703,55500,0.0,0.0
1999-12-20 00:00:00-05:00,60.62761774771839,60.62761774771839,60.39079111589136,60.548675537109375,22000,0.0,0.0
1999-12-21 00:00:00-05:00,58.101447178967575,58.25933154630172,57.78567844429927,57.82514953613281,19400,0.0,0.0
1999-12-22 00:00:00-05:00,58.10146612008839,59.68031030813427,58.10146612008839,58.89088821411133,30500,0.0,0.0
1999-12-23 00:00:00-05:00,59.04876157633464,59.36453035481772,58.96981938171387,59.20664596557617,7300,0.0,0.0
1999-12-27 00:00:00-05:00,56.83837634174764,56.83837634174764,56.048954448112255,56.364723205566406,26600,0.0,0.0
1999-12-28 00:00:00-05:00,59.83817850157272,61.338080073511875,59.83817850157272,61.101253509521484,29400,0.0,0.0
1999-12-29 00:00:00-05:00,60.627597349476446,60.66706844150084,60.11447315315926,60.31182861328125,31200,0.0,0.0
1999-12-30 00:00:00-05:00,60.62761896306818,60.90391670573841,60.54867675087669,60.78550338745117,10300,0.0,0.0
1999-12-31 00:00:00-05:00,60.94337251832152,61.495967864990234,60.86443032594027,61.495967864990234,10800,0.0,0.0
2000-01-03 00:00:00-05:00,61.57490792882028,61.65385011847262,61.10125479090628,61.33808135986328,21200,0.0,0.0
2000-01-04 00:00:00-05:00,60.15394839391052,60.15394839391052,58.33827803556414,58.49616241455078,18800,0.0,0.0
2000-01-05 00:00:00-05:00,59.36452008319157,59.36452008319157,58.41721391165128,58.73298263549805,21000,0.0,0.0
2000-01-06 00:00:00-05:00,53.3649160784606,53.996453546844755,53.3649160784606,53.52280044555664,54800,0.0,0.0
2000-01-07 00:00:00-05:00,53.12809998490089,54.391175170277435,53.12809998490089,54.312232971191406,59800,0.0,0.0
2000-01-10 00:00:00-05:00,55.25954504180373,56.443678149842384,55.25954504180373,56.24632263183594,20700,0.0,0.0
2000-01-11 00:00:00-05:00,55.53584426551736,55.53584426551736,55.06219100952148,55.062191009521484,39300,0.0,0.0
2000-01-12 00:00:00-05:00,53.996482849121094,54.31225175467151,53.83859839634589,53.996482849121094,27700,0.0,0.0
2000-01-13 00:00:00-05:00,54.31221896266729,54.470103320116905,53.99645024776806,54.19380569458008,13000,0.0,0.0
2000-01-14 00:00:00-05:00,54.864828282395,55.377952575683594,54.864828282395,55.377952575683594,6800,0.0,0.0
2000-01-18 00:00:00-05:00,53.680693317903554,53.680693317903554,53.167569043541235,53.44386672973633,17000,0.0,0.0
2000-01-19 00:00:00-05:00,50.52301735101744,51.03614174598871,50.444075136406475,50.917728424072266,55900,0.0,0.0
2000-01-20 00:00:00-05:00,52.41762115067965,52.812332153320305,52.41762115067965,52.81233215332031,14200,0.0,0.0
2000-01-21 00:00:00-05:00,53.99646502498976,54.233291625976555,53.8385806243319,54.23329162597656,12000,0.0,0.0
2000-01-24 00:00:00-05:00,54.86481815340877,55.575297812949316,54.70693378462198,54.90428924560547,50500,0.0,0.0
2000-01-25 00:00:00-05:00,53.36491467358472,53.44385685505452,52.57549285888672,52.57549285888672,14800,0.0,0.0
2000-01-26 00:00:00-05:00,53.680693289976425,54.3122308580938,53.680693289976425,54.15434646606445,7900,0.0,0.0
2000-01-27 00:00:00-05:00,53.878045826932805,54.39117007290359,53.878045826932805,54.075401306152344,6700,0.0,0.0
2000-01-28 00:00:00-05:00,54.864828364793645,54.943770563879674,54.312232971191406,54.312232971191406,52300,0.0,0.0
2000-01-31 00:00:00-05:00,54.9437734609347,55.10165786743164,54.706946851189294,55.10165786743164,19600,0.0,0.0
2000-02-01 00:00:00-05:00,55.25953255447687,56.36472320556641,55.25953255447687,56.364723205566406,16500,0.0,0.0
2000-02-02 00:00:00-05:00,54.94376373291016,54.94376373291016,54.706937165095894,54.943763732910156,12700,0.0,0.0
2000-02-03 00:00:00-05:00,53.99645786313003,54.70693757185543,53.99645786313003,54.54905319213867,8300,0.0,0.0
2000-02-04 00:00:00-05:00,56.20685267978244,56.8383903503418,56.0489682621426,56.8383903503418,9100,0.0,0.0
2000-02-07 00:00:00-05:00,57.312049647739954,58.41724068777902,57.312049647739954,58.02252960205078,26700,0.0,0.0
2000-02-08 00:00:00-05:00,57.46992111206054,57.706747710049804,57.312036713401035,57.46992111206055,26500,0.0,0.0
2000-02-09 00:00:00-05:00,56.99626666891164,57.430448755724676,56.601555680899786,57.23309326171875,19300,0.0,0.0
2000-02-10 00:00:00-05:00,56.20682709207124,56.91730664801034,56.20682709207124,56.759422302246094,27500,0.0,0.0
2000-02-11 00:00:00-05:00,56.83837890625,56.83837890625,55.73318820529514,55.77265930175781,21200,0.0,0.0
2000-02-14 00:00:00-05:00,54.7858840202094,54.90429731420121,54.31223084424217,54.509586334228516,14400,0.0,0.0
2000-02-15 00:00:00-05:00,53.522812354440674,53.522812354440674,52.81233254442598,53.12810134887695,9700,0.0,0.0
2000-02-16 00:00:00-05:00,52.73338616111062,52.891270550814546,52.02290640744296,52.10184860229492,55600,0.0,0.0
2000-02-17 00:00:00-05:00,54.3122308580938,54.391173054108464,53.680693289976425,54.15434646606445,17800,0.0,0.0
2000-02-18 00:00:00-05:00,53.207049458821615,53.91752934773763,52.89128061930338,53.28599166870117,47200,0.0,0.0
2000-02-22 00:00:00-05:00,51.154539313637684,51.154539313637684,50.83877055244239,50.957183837890625,19400,0.0,0.0
2000-02-23 00:00:00-05:00,51.115075749583966,52.101853273707206,51.115075749583966,52.022911071777344,11500,0.0,0.0
2000-02-24 00:00:00-05:00,52.18079422159893,52.25973642163161,51.707141021402876,51.78608322143555,15100,0.0,0.0
2000-02-25 00:00:00-05:00,51.62820091363506,52.25973853948993,51.39137430393949,51.9439697265625,11200,0.0,0.0
2000-02-28 00:00:00-05:00,51.94396000912315,52.49655532836914,51.74660453796387,52.49655532836914,17600,0.0,0.0
2000-02-29 00:00:00-05:00,51.154542704530165,51.4703114866569,50.95718721570096,51.351898193359375,17400,0.0,0.0
2000-03-01 00:00:00-05:00,51.35189691791985,52.1807899504151,51.15454143399241,51.8255500793457,25800,0.0,0.0
2000-03-02 00:00:00-05:00,51.66768572407384,51.70715683616251,51.31244571527578,51.391387939453125,17000,0.0,0.0
2000-03-03 00:00:00-05:00,51.5097783522966,52.022902581093426,51.3913650687281,51.746604919433594,19100,0.0,0.0
2000-03-06 00:00:00-05:00,51.15455506790516,51.39138171173805,50.8387862094613,50.917728424072266,13200,0.0,0.0
2000-03-07 00:00:00-05:00,52.73338317871094,53.1280941306474,52.73338317871094,52.73338317871094,17500,0.0,0.0
2000-03-08 00:00:00-05:00,52.891272600959326,53.87805007485782,52.891272600959326,53.680694580078125,39600,0.0,0.0
2000-03-09 00:00:00-05:00,54.312237160743315,54.86483259697181,54.312237160743315,54.62800598144531,14900,0.0,0.0
2000-03-10 00:00:00-05:00,56.52262747628348,57.19363632202148,56.44368525913784,56.64104080200195,18100,0.0,0.0
2000-03-13 00:00:00-05:00,56.4831407490503,56.4831407490503,55.89107428417556,55.97001647949219,16600,0.0,0.0
2000-03-14 00:00:00-05:00,56.60156256424754,56.91733139305784,56.246322631835945,56.24632263183594,17700,0.0,0.0
2000-03-15 00:00:00-05:00,56.24631713813459,56.24631713813459,55.73319284143582,56.0489616394043,15200,0.0,0.0
2000-03-16 00:00:00-05:00,57.706760195139296,58.417240142822266,57.39099132950241,58.417240142822266,80200,0.0,0.0
2000-03-17 00:00:00-05:00,58.41724408718293,58.61459964153152,58.06200408935547,58.06200408935547,10400,0.0,0.0
2000-03-20 00:00:00-05:00,58.10146043845773,58.10146043845773,57.23309621994817,57.31203842163086,17700,0.0,0.0
2000-03-21 00:00:00-05:00,58.259362731523964,58.89090053891176,58.10147827967702,58.81195831298828,47300,0.0,0.0
2000-03-22 00:00:00-05:00,57.31203035898816,57.31203035898816,56.680492834371215,56.99626159667969,24600,0.0,0.0
2000-03-23 00:00:00-05:00,56.99628077915737,58.101471819196426,56.99628077915737,58.02252960205078,21600,0.0,0.0
2000-03-24 00:00:00-05:00,59.364535467419216,59.75924647451642,58.73299785606369,59.08823776245117,41900,0.0,0.0
2000-03-27 00:00:00-05:00,61.890694531748885,62.04857895657478,61.65386789451005,61.81175231933594,31700,0.0,0.0
2000-03-28 00:00:00-05:00,62.22026418963542,62.7740364074707,62.18070903121862,62.7740364074707,25300,0.208,0.0
2000-03-29 00:00:00-05:00,63.6838178898738,64.39581088491587,63.6838178898738,64.27714538574219,22100,0.0,0.0
2000-03-30 00:00:00-05:00,63.921142040708524,63.96069720286243,62.81359750039922,62.89270782470703,15400,0.0,0.0
2000-03-31 00:00:00-05:00,65.18691106942984,65.81979370117188,64.47491810872005,65.81979370117188,21300,0.0,0.0
2000-04-03 00:00:00-04:00,66.29446411132812,66.76912614553811,65.85935724663564,66.29446411132812,25300,0.0,0.0
2000-04-04 00:00:00-04:00,66.29443918070157,66.65043557248339,64.94956392285918,65.89888763427734,27500,0.0,0.0
2000-04-05 00:00:00-04:00,65.18690800321275,65.81979060518569,65.02868735271952,65.50334930419922,34500,0.0,0.0
2000-04-06 00:00:00-04:00,62.02250061811685,62.418052280222184,61.62694895601151,62.180721282958984,33600,0.0,0.0
2000-04-07 00:00:00-04:00,62.33892506969218,62.33892506969218,61.62693227067285,62.022483825683594,17000,0.0,0.0
2000-04-10 00:00:00-04:00,64.1980272882125,64.9495753587461,64.07936180339141,64.55402374267578,24000,0.0,0.0
2000-04-11 00:00:00-04:00,64.75178965263086,65.10778605267588,64.55401387482809,64.71223449707031,10800,0.0,0.0
2000-04-12 00:00:00-04:00,65.26601945907058,65.5824607655388,65.26601945907058,65.42424011230469,16100,0.0,0.0
2000-04-13 00:00:00-04:00,66.21532867976597,66.4526596069336,65.8197771344866,66.4526596069336,5600,0.0,0.0
2000-04-14 00:00:00-04:00,67.0855518807071,67.71843444561944,64.11891485768055,64.43535614013672,28000,0.0,0.0
2000-04-17 00:00:00-04:00,64.39579660614575,64.83090333997107,64.15846566042286,64.47490692138672,25500,0.0,0.0
2000-04-18 00:00:00-04:00,66.13623212418466,67.08555603027344,66.13623212418466,67.08555603027344,12100,0.0,0.0
2000-04-19 00:00:00-04:00,66.76908446387421,66.76908446387421,65.74065069843539,65.97798156738281,10600,0.0,0.0
2000-04-20 00:00:00-04:00,67.71846708409927,67.79757744284238,67.24380493164062,67.24380493164062,4800,0.0,0.0
2000-04-24 00:00:00-04:00,67.0855287766555,67.2437493633929,66.53175672307461,67.12508392333984,7100,0.0,0.0
2000-04-25 00:00:00-04:00,67.71844976347995,68.50955314856733,67.71844976347995,68.4304428100586,9400,0.0,0.0
2000-04-26 00:00:00-04:00,64.55399755680517,66.05709308815236,64.3957769745581,64.79132843017578,50400,0.0,0.0
2000-04-27 00:00:00-04:00,64.71225490697456,65.1473617553711,64.63314457090246,65.1473617553711,11500,0.0,0.0
2000-04-28 00:00:00-04:00,64.23757041372905,64.27712556792468,63.24869155883789,63.24869155883789,86200,0.0,0.0
2000-05-01 00:00:00-04:00,65.02868735271952,65.66156995469245,64.87046670222628,65.50334930419922,48300,0.0,0.0
2000-05-02 00:00:00-04:00,64.63311435420339,64.87044525146484,64.51444890557266,64.87044525146484,5100,0.0,0.0
2000-05-03 00:00:00-04:00,64.87046418366609,64.87046418366609,63.68380935103805,64.07936096191406,11800,0.0,0.0
2000-05-04 00:00:00-04:00,63.92113471469997,64.5144620790072,63.76291408421803,64.47490692138672,8900,0.0,0.0
2000-05-05 00:00:00-04:00,64.39579112326814,64.71223235728912,64.3166808147629,64.59356689453125,12900,0.0,0.0
2000-05-08 00:00:00-04:00,64.35625246827826,64.39580763267179,63.92114565994939,64.23758697509766,9000,0.0,0.0
2000-05-09 00:00:00-04:00,64.23757417709712,64.23757417709712,63.52558135986329,63.52558135986328,12700,0.0,0.0
2000-05-10 00:00:00-04:00,64.23758218276441,64.31669250564958,62.892706693716384,62.97181701660156,11600,0.0,0.0
2000-05-11 00:00:00-04:00,62.02249568178208,62.49715763853042,61.626944051158475,62.25982666015625,26200,0.0,0.0
2000-05-12 00:00:00-04:00,62.22024771717476,62.22024771717476,61.191813870609884,61.23136901855469,14900,0.0,0.0
2000-05-15 00:00:00-04:00,60.59852261348518,60.59852261348518,59.88652952794815,60.04475021362305,15300,0.0,0.0
2000-05-16 00:00:00-04:00,59.49097097512059,59.570081308864104,58.93719863891601,58.937198638916016,17500,0.0,0.0
2000-05-17 00:00:00-04:00,58.22519940949536,58.22519940949536,57.513206481933594,57.513206481933594,22900,0.0,0.0
2000-05-18 00:00:00-04:00,62.022483825683594,62.497145691696474,61.78515289267715,62.022483825683594,28700,0.0,0.0
2000-05-19 00:00:00-04:00,61.98294140055365,62.02249656417876,61.5478346006774,61.666500091552734,6800,0.0,0.0
2000-05-22 00:00:00-04:00,59.49095968437712,59.49095968437712,58.1856394253449,58.38341522216797,10700,0.0,0.0
2000-05-23 00:00:00-04:00,59.80740113691851,59.88651145588268,59.016297947276726,59.17451858520508,24300,0.0,0.0
2000-05-24 00:00:00-04:00,59.3327407836914,59.570071746826166,59.174520141601555,59.332740783691406,31500,0.0,0.0
2000-05-25 00:00:00-04:00,59.49095153808593,59.72828246177511,59.33273092229315,59.49095153808594,34900,0.0,0.0
2000-05-26 00:00:00-04:00,59.332747843804,59.45141333949161,59.253637513345595,59.3723030090332,6500,0.0,0.0
2000-05-30 00:00:00-04:00,59.25361784473012,59.728279669921555,58.699845715340125,59.688724517822266,40900,0.0,0.0
2000-05-31 00:00:00-04:00,58.54164384458362,58.54164384458362,57.71098538462669,57.82965087890625,13400,0.0,0.0
2000-06-01 00:00:00-04:00,57.671430680059615,59.25363728307908,57.671430680059615,58.85808563232422,41900,0.0,0.0
2000-06-02 00:00:00-04:00,58.93718114339683,59.33273269469479,58.46251928183927,59.095401763916016,25900,0.0,0.0
2000-06-05 00:00:00-04:00,60.677601971140724,60.756712273580284,60.47982621504183,60.59849166870117,7500,0.0,0.0
2000-06-06 00:00:00-04:00,60.598501544972365,60.598501544972365,60.28206028364092,60.44028091430664,6700,0.0,0.0
2000-06-07 00:00:00-04:00,60.75674171895372,60.75674171895372,60.44030035583417,60.67763137817383,19800,0.0,0.0
2000-06-08 00:00:00-04:00,60.47981646433767,60.47981646433767,60.04470987106905,60.20293045043945,5400,0.0,0.0
2000-06-09 00:00:00-04:00,59.530505020252974,59.609615325927734,59.530505020252974,59.609615325927734,2400,0.0,0.0
2000-06-12 00:00:00-04:00,59.6096142136237,59.76783482202084,59.53050390942513,59.688724517822266,6700,0.0,0.0
2000-06-13 00:00:00-04:00,58.85807465853756,58.85807465853756,57.75053024291992,57.75053024291992,16000,0.0,0.0
2000-06-14 00:00:00-04:00,55.06079406738281,55.06079406738281,54.427911376953126,54.58613204956055,39200,0.0,0.0
2000-06-15 00:00:00-04:00,54.74432723875334,54.74432723875334,53.55767274658383,53.67633819580078,42400,0.0,0.0
2000-06-16 00:00:00-04:00,53.162129568449615,53.162129568449615,52.647912541373834,53.0830192565918,40100,0.0,0.0
2000-06-19 00:00:00-04:00,54.26967118668608,54.625667572021484,54.15100572490761,54.625667572021484,50000,0.0,0.0
2000-06-20 00:00:00-04:00,56.48476477609554,56.48476477609554,56.01010288722079,56.1683235168457,8700,0.0,0.0
2000-06-21 00:00:00-04:00,56.95942687988281,57.03853719499376,56.84076140721639,56.95942687988281,5200,0.0,0.0
2000-06-22 00:00:00-04:00,57.67142199673028,57.67142199673028,56.80120849609374,56.80120849609375,10600,0.0,0.0
2000-06-23 00:00:00-04:00,56.80121531111471,56.80121531111471,56.24744301699521,56.32655334472656,7100,0.0,0.0
2000-06-26 00:00:00-04:00,56.168319897495664,56.168319897495664,55.61454772949219,55.61454772949219,9000,0.0,0.0
2000-06-27 00:00:00-04:00,56.48474939101713,56.64296997754659,56.36608395112004,56.445194244384766,33300,0.0,0.0
2000-06-28 00:00:00-04:00,57.90875175724858,58.22519302368163,57.82964144064032,58.22519302368164,47100,0.0,0.0
2000-06-29 00:00:00-04:00,58.85807730934837,59.174518585205085,58.77896699038419,59.17451858520508,9500,0.0,0.0
2000-06-30 00:00:00-04:00,59.253620237251965,59.411840852037685,58.93717900768053,58.97673416137695,7100,0.0,0.0
2000-07-03 00:00:00-04:00,56.95942372583144,56.95942372583144,56.36609639535403,56.642982482910156,12700,0.0,0.0
2000-07-05 00:00:00-04:00,56.48476216879236,56.48476216879236,55.81232452392578,55.81232452392578,5900,0.0,0.0
2000-07-06 00:00:00-04:00,55.97053036524867,56.247416381189836,55.97053036524867,56.04964065551758,4000,0.0,0.0
2000-07-07 00:00:00-04:00,56.2078791186318,56.40565490722656,56.2078791186318,56.40565490722656,1700,0.0,0.0
2000-07-10 00:00:00-04:00,59.01630629262616,59.09541662277714,58.85808563232421,58.85808563232422,8100,0.0,0.0
2000-07-11 00:00:00-04:00,59.01629949951172,59.490961425781244,59.01629949951172,59.332740783691406,28300,0.0,0.0
2000-07-12 00:00:00-04:00,58.85807083313723,59.17451207417561,58.541629592098865,59.095401763916016,32000,0.0,0.0
2000-07-13 00:00:00-04:00,58.93718222368238,58.93718222368238,57.11764505436064,57.671417236328125,25300,0.0,0.0
2000-07-14 00:00:00-04:00,57.27587550607967,57.55276164457592,57.27587550607967,57.513206481933594,3100,0.0,0.0
2000-07-17 00:00:00-04:00,55.9309914558078,56.32654302197334,55.85188114257469,56.247432708740234,17500,0.0,0.0
2000-07-18 00:00:00-04:00,54.66525317632664,54.66525317632664,54.071925536930905,54.111480712890625,43600,0.0,0.0
2000-07-19 00:00:00-04:00,53.47857352665492,53.557683842522756,53.04346678938184,53.162132263183594,19700,0.0,0.0
2000-07-20 00:00:00-04:00,52.84569224382608,53.122578355882055,52.450140655174685,52.80613708496094,44400,0.0,0.0
2000-07-21 00:00:00-04:00,52.647911071777344,52.647911071777344,52.29191467835436,52.647911071777344,8000,0.0,0.0
2000-07-24 00:00:00-04:00,52.48970145171543,52.64792210416974,52.371035962374705,52.41059112548828,6100,0.0,0.0
2000-07-25 00:00:00-04:00,53.47857596453498,53.79501724243164,53.47857596453498,53.79501724243164,34000,0.0,0.0
2000-07-26 00:00:00-04:00,53.75544849527875,53.79500364501774,53.439007297366885,53.67633819580078,11800,0.0,0.0
2000-07-27 00:00:00-04:00,53.162119822459175,53.162119822459175,52.529237443620374,52.68745803833008,16400,0.0,0.0
2000-07-28 00:00:00-04:00,52.84569791973762,52.92480824596477,52.41059112548828,52.41059112548828,7000,0.0,0.0
2000-07-31 00:00:00-04:00,53.1621342578702,53.55768585205078,52.84569298252573,53.55768585205078,24200,0.0,0.0
2000-08-01 00:00:00-04:00,54.190562642637964,54.309228108278774,54.07189717699715,54.23011779785156,14600,0.0,0.0
2000-08-02 00:00:00-04:00,55.06079368646039,55.29812469372962,54.90257301494757,55.1399040222168,12700,0.0,0.0
2000-08-03 00:00:00-04:00,55.06077575683594,55.06077575683594,54.90255513684503,55.06077575683594,2900,0.0,0.0
2000-08-04 00:00:00-04:00,54.981662193534184,55.06077249884862,54.70477612493365,55.021217346191406,8000,0.0,0.0
2000-08-07 00:00:00-04:00,55.02122060183821,55.2981066868223,55.02122060183821,55.06077575683594,123400,0.0,0.0
2000-08-08 00:00:00-04:00,54.38834550429364,54.58612130612744,54.26968002319337,54.26968002319336,8100,0.0,0.0
2000-08-09 00:00:00-04:00,54.19056970245985,54.30923518356012,53.95323874025929,54.26968002319336,6000,0.0,0.0
2000-08-10 00:00:00-04:00,54.11146716442737,54.15102233048324,53.91369133414803,53.992801666259766,4000,0.0,0.0
2000-08-11 00:00:00-04:00,54.665236696751,55.21900899324486,54.665236696751,54.9816780090332,8900,0.0,0.0
2000-08-14 00:00:00-04:00,54.82346305847168,54.82346305847168,54.50702171325683,54.58613204956055,4100,0.0,0.0
2000-08-15 00:00:00-04:00,54.74435272216797,54.74435272216797,54.54657688140869,54.58613204956055,12600,0.0,0.0
2000-08-16 00:00:00-04:00,53.79501185234318,53.79501185234318,53.55768091770049,53.63679122924805,6500,0.0,0.0
2000-08-17 00:00:00-04:00,53.16213948202775,53.2412498086379,52.924808502197266,52.924808502197266,20500,0.0,0.0
2000-08-18 00:00:00-04:00,52.84569898817274,53.47858161078559,52.76658866034614,53.399471282958984,6100,0.0,0.0
2000-08-21 00:00:00-04:00,52.68747414000214,52.68747414000214,51.97548124621833,52.094146728515625,48000,0.0,0.0
2000-08-22 00:00:00-04:00,52.21281305661858,52.60836467068387,52.01503724958593,52.568809509277344,35900,0.0,0.0
2000-08-23 00:00:00-04:00,52.529250291950746,53.122577667236335,52.529250291950746,53.12257766723633,21800,0.0,0.0
2000-08-24 00:00:00-04:00,53.63679660348331,53.79501724243164,53.39946564506082,53.79501724243164,20700,0.0,0.0
2000-08-25 00:00:00-04:00,54.15102350065351,54.86301650504487,54.15102350065351,54.704795837402344,23000,0.0,0.0
2000-08-28 00:00:00-04:00,55.4563287855979,55.535439097702884,55.4167736295454,55.49588394165039,16500,0.0,0.0
2000-08-29 00:00:00-04:00,55.37722057766384,56.95942687988281,55.298110262552896,56.95942687988281,87200,0.0,0.0
2000-08-30 00:00:00-04:00,56.3265407167632,56.3265407167632,54.90255513684503,55.06077575683594,76100,0.0,0.0
2000-08-31 00:00:00-04:00,55.06077352704155,55.218994140625,54.90255291345809,55.218994140625,23000,0.0,0.0
2000-09-01 00:00:00-04:00,55.37721475420845,55.41676990760431,55.218994140625,55.218994140625,4900,0.0,0.0
2000-09-05 00:00:00-04:00,53.79501724243164,53.834572402168725,53.71590692295748,53.79501724243164,8700,0.0,0.0
2000-09-06 00:00:00-04:00,53.795021363211596,53.795021363211596,53.20169392170559,53.241249084472656,16100,0.0,0.0
2000-09-07 00:00:00-04:00,53.1621342578702,53.71590648972302,53.1621342578702,53.55768585205078,11900,0.0,0.0
2000-09-08 00:00:00-04:00,53.55767130923343,53.55767130923343,52.608347740975226,52.68745803833008,21600,0.0,0.0
2000-09-11 00:00:00-04:00,51.8963710639313,52.05459170741889,51.65904009869991,51.8172607421875,63900,0.0,0.0
2000-09-12 00:00:00-04:00,51.02616902542412,51.10527936499842,50.70972766712691,50.74928283691406,33800,0.0,0.0
2000-09-13 00:00:00-04:00,50.74928700378276,51.02617321502709,50.59106631164314,50.98661804199219,20200,0.0,0.0
2000-09-14 00:00:00-04:00,50.82837699812102,50.82837699812102,50.19549448296932,50.27460479736328,21100,0.0,0.0
2000-09-15 00:00:00-04:00,50.19549729586778,50.19549729586778,49.99772149879974,50.07683181762695,16400,0.0,0.0
2000-09-18 00:00:00-04:00,49.99771993549426,49.99771993549426,49.76038898643337,49.918609619140625,12800,0.0,0.0
2000-09-19 00:00:00-04:00,50.07683025184789,50.07683025184789,49.76038898643337,49.918609619140625,13400,0.0,0.0
2000-09-20 00:00:00-04:00,49.91861286903315,50.076833512041176,49.79994738677713,49.958168029785156,12600,0.0,0.0
2000-09-21 00:00:00-04:00,49.958158904371174,49.958158904371174,49.44394190852254,49.52305221557617,17400,0.0,0.0
2000-09-22 00:00:00-04:00,48.73195322813008,48.77150838497109,48.21773618919689,48.69239807128906,62700,0.0,0.0
2000-09-25 00:00:00-04:00,48.60537106412577,48.66865833948208,48.44082028539167,48.56106948852539,27300,0.0,0.0
2000-09-26 00:00:00-04:00,48.93402037246048,49.08624409407772,48.756425224056215,48.80716323852539,19100,0.168,0.0
2000-09-27 00:00:00-04:00,48.80716243893418,48.94036363716004,48.458316214313655,48.80082321166992,27100,0.0,0.0
2000-09-28 00:00:00-04:00,48.87060250784195,49.31459045410156,48.61689303607689,49.31459045410156,37600,0.0,0.0
2000-09-29 00:00:00-04:00,49.47317417412047,49.79030990600586,49.47317417412047,49.79030990600586,12600,0.0,0.0
2000-10-02 00:00:00-04:00,50.61483989362704,50.81780646881667,50.61483989362704,50.81146240234375,17900,0.0,0.0
2000-10-03 00:00:00-04:00,50.97004653069774,50.97004653069774,50.70999295209213,50.868560791015625,15100,0.0,0.0
2000-10-04 00:00:00-04:00,51.02712446809819,51.02712446809819,50.8051304795327,50.9066162109375,19700,0.0,0.0
2000-10-05 00:00:00-04:00,50.96370246219101,50.96370246219101,50.70999295209213,50.868560791015625,7700,0.0,0.0
2000-10-06 00:00:00-04:00,51.05883034700388,51.53453373533,51.05883034700388,51.43939208984375,54300,0.0,0.0
2000-10-09 00:00:00-04:00,51.56625837551274,51.65505596995354,51.2174072265625,51.2174072265625,5100,0.0,0.0
2000-10-10 00:00:00-04:00,51.05884750341313,51.05884750341313,50.64657012717914,50.82416534423828,18000,0.0,0.0
2000-10-11 00:00:00-04:00,50.74170960787225,51.375980977970656,50.74170960787225,51.065189361572266,23000,0.0,0.0
2000-10-12 00:00:00-04:00,51.3759804879759,51.50283282514313,50.805135292510435,51.34426498413086,29000,0.0,0.0
2000-10-13 00:00:00-04:00,51.05883950948758,51.185691833496094,50.74170386036033,51.185691833496094,11200,0.0,0.0
2000-10-16 00:00:00-04:00,50.424568995229166,50.58313682225819,50.36114283223876,50.545082092285156,8300,0.0,0.0
2000-10-17 00:00:00-04:00,50.23429947339722,50.23429947339722,49.63808757049911,49.94887924194336,21100,0.0,0.0
2000-10-18 00:00:00-04:00,49.91714619088747,50.61484844767624,49.790293874619884,50.10742950439453,37200,0.0,0.0
2000-10-19 00:00:00-04:00,50.10744158227616,50.646571315023586,50.10744158227616,50.58314514160156,13700,0.0,0.0
2000-10-20 00:00:00-04:00,50.741699986487816,50.80512614364981,50.170854893818706,50.424564361572266,23500,0.0,0.0
2000-10-23 00:00:00-04:00,50.361155136636064,50.67829086817772,50.361155136636064,50.63389205932617,11500,0.0,0.0
2000-10-24 00:00:00-04:00,50.80512378432572,51.058833240297346,50.74169763010916,50.93832015991211,13400,0.0,0.0
2000-10-25 00:00:00-04:00,50.93833163105223,50.93833163105223,50.583141216167505,50.6148567199707,17200,0.0,0.0
2000-10-26 00:00:00-04:00,50.55140960314614,50.60849652397871,50.42455730657032,50.43724060058594,14600,0.0,0.0
2000-10-27 00:00:00-04:00,50.741701444147566,51.03346564675872,50.67827528516353,50.99541091918945,7600,0.0,0.0
2000-10-30 00:00:00-05:00,50.96369096231765,51.280826568603516,50.93198030515225,51.280826568603516,8600,0.0,0.0
2000-10-31 00:00:00-05:00,51.05884750341313,51.05884750341313,50.817826114419546,50.82416534423828,8500,0.0,0.0
2000-11-01 00:00:00-05:00,50.82415748845161,50.90027178647215,50.77341946221057,50.830501556396484,3500,0.0,0.0
2000-11-02 00:00:00-05:00,50.86855686840317,50.96369853224192,50.81147477356354,50.900272369384766,11100,0.0,0.0
2000-11-03 00:00:00-05:00,50.995396393972975,51.280816447656704,50.995396393972975,51.090538024902344,27700,0.0,0.0
2000-11-06 00:00:00-05:00,51.24912113310713,51.47111511230469,51.24912113310713,51.47111511230469,12600,0.0,0.0
2000-11-07 00:00:00-05:00,52.07367487060191,52.26395820394873,52.07367487060191,52.25761413574219,20700,0.0,0.0
2000-11-08 00:00:00-05:00,52.64452408396811,52.89823360159168,52.64452408396811,52.746009826660156,11200,0.0,0.0
2000-11-09 00:00:00-05:00,52.70794758236447,52.89823092071525,52.581095249534826,52.7713737487793,22400,0.0,0.0
2000-11-10 00:00:00-05:00,52.771366073012786,52.85382443255389,52.390804290771484,52.390804290771484,13500,0.0,0.0
2000-11-13 00:00:00-05:00,52.07367205911486,52.07367205911486,51.407690106570094,51.55356979370117,25200,0.0,0.0
2000-11-14 00:00:00-05:00,51.21739635520707,51.69944379349958,51.21739635520707,51.642356872558594,20400,0.0,0.0
2000-11-15 00:00:00-05:00,50.29772269768359,50.329433363426446,49.91715599591626,49.980587005615234,25900,0.0,0.0
2000-11-16 00:00:00-05:00,48.20462232579018,48.20462232579018,47.83674378349732,47.969940185546875,46600,0.0,0.0
2000-11-17 00:00:00-05:00,47.57033955127812,47.88747514828664,47.57033955127812,47.5893669128418,25700,0.0,0.0
2000-11-20 00:00:00-05:00,47.253211359289004,47.253211359289004,46.71408172770891,46.745792388916016,33200,0.0,0.0
2000-11-21 00:00:00-05:00,46.73943691897168,46.73943691897168,46.2383621905975,46.301788330078125,35900,0.0,0.0
2000-11-22 00:00:00-05:00,46.61893906755852,46.87264854731198,45.79438446813624,45.838783264160156,28900,0.0,0.0
2000-11-24 00:00:00-05:00,45.66753757886972,45.85147685258849,45.66753757886972,45.69925308227539,36400,0.0,0.0
2000-11-27 00:00:00-05:00,45.6675340651941,45.6675340651941,44.842979431152344,44.842979431152344,21500,0.0,0.0
2000-11-28 00:00:00-05:00,44.96983496951111,45.096687290573115,44.684409988462825,44.71612548828125,9800,0.0,0.0
2000-11-29 00:00:00-05:00,44.71613551184583,44.84298786134303,44.14529026089449,44.177005767822266,20000,0.0,0.0
2000-11-30 00:00:00-05:00,44.71613376015111,45.191837310791016,44.71613376015111,45.191837310791016,37700,0.0,0.0
2000-12-01 00:00:00-05:00,45.25524737002302,45.64849724061469,45.25524737002302,45.540672302246094,12200,0.0,0.0
2000-12-04 00:00:00-05:00,45.540677988024726,45.540677988024726,44.86834716796875,44.86834716796875,23800,0.0,0.0
2000-12-05 00:00:00-05:00,44.77954524199252,44.77954524199252,44.4053275610266,44.50046920776367,31100,0.0,0.0
2000-12-06 00:00:00-05:00,44.39899305239274,44.39899305239274,43.58712652512027,43.828147888183594,34400,0.0,0.0
2000-12-07 00:00:00-05:00,43.66957310470739,43.85985640885731,43.19386968343802,43.542720794677734,42200,0.0,0.0
2000-12-08 00:00:00-05:00,43.54270369579972,43.54270369579972,42.94648742675781,42.94648742675781,26500,0.0,0.0
2000-12-11 00:00:00-05:00,43.9232962297209,44.30385811731947,43.9232962297209,44.177005767822266,36800,0.0,0.0
2000-12-12 00:00:00-05:00,44.36728115346627,44.43071216283463,44.132603839587134,44.27214431762695,41800,0.0,0.0
2000-12-13 00:00:00-05:00,44.39899375772867,44.44973662626587,44.27214142549195,44.360939025878906,14800,0.0,0.0
2000-12-14 00:00:00-05:00,44.33556677663739,44.77955477041081,44.17699894470314,44.62098693847656,72100,0.0,0.0
2000-12-15 00:00:00-05:00,44.39899375772867,44.39899375772867,44.24042592287964,44.360939025878906,43400,0.0,0.0
2000-12-18 00:00:00-05:00,44.39899665815045,44.46242282841221,44.145287137996846,44.27214431762695,29700,0.0,0.0
2000-12-19 00:00:00-05:00,43.76471628784896,43.9359673962906,43.28901284993756,43.701290130615234,21200,0.0,0.0
2000-12-20 00:00:00-05:00,43.19388266826073,43.19388266826073,42.496185075146855,42.50252914428711,21000,0.0,0.0
2000-12-21 00:00:00-05:00,42.55959537335409,42.68645251330351,42.312229999334086,42.432743072509766,22300,0.0,0.0
2000-12-22 00:00:00-05:00,41.86190877433951,41.86190877433951,41.44963143222551,41.54477310180664,16500,0.0,0.0
2000-12-26 00:00:00-05:00,41.227636742315696,41.29106290794416,40.97392724069558,41.069068908691406,15500,0.0,0.0
2000-12-27 00:00:00-05:00,41.00563822836769,41.132490545658264,40.9104965708469,40.97392272949219,20200,0.0,0.0
2000-12-28 00:00:00-05:00,40.84707889770108,40.84707889770108,40.244520587185036,40.2762336730957,29600,0.0,0.0
2000-12-29 00:00:00-05:00,40.2762244981128,40.30793757679918,39.80686270707486,39.92737579345703,23500,0.0,0.0
2001-01-02 00:00:00-05:00,39.92737073038541,40.00982666015625,39.578522069966105,40.00982666015625,21900,0.0,0.0
2001-01-03 00:00:00-05:00,40.11132092656144,41.98876110771013,39.98446617363766,41.54477310180664,129200,0.0,0.0
2001-01-04 00:00:00-05:00,41.22763685212346,41.671624851811515,40.751933349983574,41.037353515625,55600,0.0,0.0
2001-01-05 00:00:00-05:00,41.35448653450441,42.08389949221316,41.22763421103591,41.55745315551758,75500,0.0,0.0
2001-01-08 00:00:00-05:00,41.57648183656612,42.0521852679268,41.57648183656612,41.98875427246094,37700,0.0,0.0
2001-01-09 00:00:00-05:00,41.9951134848013,42.020484924316406,41.671633679867846,42.020484924316406,45700,0.0,0.0
2001-01-10 00:00:00-05:00,39.959101229112,39.959101229112,39.134548830517225,39.41997146606445,84000,0.0,0.0
2001-01-11 00:00:00-05:00,36.91458965266833,37.67571568645022,36.8004206266234,37.39029312133789,95800,0.0,0.0
2001-01-12 00:00:00-05:00,37.32686684596929,37.83428584620027,37.263440680716975,37.61228942871094,44900,0.0,0.0
2001-01-16 00:00:00-05:00,42.52788755788428,42.8133076733981,41.88092819869834,42.7562255859375,76100,0.0,0.0
2001-01-17 00:00:00-05:00,43.32072834810723,43.859857943252365,43.32072834810723,43.701290130615234,70800,0.0,0.0
2001-01-18 00:00:00-05:00,42.49618564389439,42.61669876363757,42.36933329403301,42.57229995727539,64200,0.0,0.0
2001-01-19 00:00:00-05:00,42.572301885071674,42.87674947416803,42.496187568244,42.71818161010742,42000,0.0,0.0
2001-01-22 00:00:00-05:00,42.49617870683518,42.623031035989236,42.17904304484387,42.553260803222656,37800,0.0,0.0
2001-01-23 00:00:00-05:00,41.86189889484093,41.86189889484093,41.544763297152734,41.67161560058594,27900,0.0,0.0
2001-01-24 00:00:00-05:00,41.54477310180664,41.55111717020707,41.41792076843602,41.54477310180664,26400,0.0,0.0
2001-01-25 00:00:00-05:00,42.49618324494494,42.49618324494494,42.13464874523132,42.32493209838867,49000,0.0,0.0
2001-01-26 00:00:00-05:00,41.86190818574287,41.98876051732989,41.830192683292985,41.85556411743164,34100,0.0,0.0
2001-01-29 00:00:00-05:00,42.49617882446857,42.97188231877232,42.49617882446857,42.57863235473633,46800,0.0,0.0
2001-01-30 00:00:00-05:00,43.1304518963607,43.320735237428366,42.889430524900504,43.22559356689453,29600,0.0,0.0
2001-01-31 00:00:00-05:00,43.2255781823112,43.472943534194584,43.07335446709943,43.2002067565918,21000,0.0,0.0
2001-02-01 00:00:00-05:00,44.081860530014445,44.081860530014445,43.72032604009514,43.733009338378906,46600,0.0,0.0
2001-02-02 00:00:00-05:00,43.60615307546731,43.60615307546731,42.78159842712512,43.003597259521484,24400,0.0,0.0
2001-02-05 00:00:00-05:00,42.1790360874098,42.94015961499911,42.1790360874098,42.680110931396484,38300,0.0,0.0
2001-02-06 00:00:00-05:00,42.61035662393193,42.72452567961985,42.362991143125946,42.71818161010742,9100,0.0,0.0
2001-02-07 00:00:00-05:00,41.86825766589127,42.274190986367664,41.86825766589127,42.03950881958008,14400,0.0,0.0
2001-02-08 00:00:00-05:00,42.55960487141221,42.70548940513493,42.43275254225816,42.553260803222656,11800,0.0,0.0
2001-02-09 00:00:00-05:00,42.5913120399701,42.718164344304626,42.46445489653035,42.51519775390625,8800,0.0,0.0
2001-02-12 00:00:00-05:00,42.51520035487087,42.908450264934224,42.17903737262413,42.84502410888672,33100,0.0,0.0
2001-02-13 00:00:00-05:00,43.3207209971548,43.415857797309144,43.27632221071452,43.28266143798828,16400,0.0,0.0
2001-02-14 00:00:00-05:00,43.85985651368482,43.85985651368482,43.06701747634093,43.51100540161133,49900,0.0,0.0
2001-02-15 00:00:00-05:00,43.76471628784896,43.891568602316426,43.701290130615234,43.701290130615234,10000,0.0,0.0
2001-02-16 00:00:00-05:00,44.081851897270056,44.081851897270056,43.63786395768799,43.644203186035156,10200,0.0,0.0
2001-02-20 00:00:00-05:00,43.60614569196233,43.60614569196233,42.78159118323583,43.02261734008789,18500,0.0,0.0
2001-02-21 00:00:00-05:00,42.91480905213546,43.00360666888083,42.71818161010742,42.71818161010742,12500,0.0,0.0
2001-02-22 00:00:00-05:00,43.606146130889904,43.71397107630101,43.33340931425249,43.47929382324219,41500,0.0,0.0
2001-02-23 00:00:00-05:00,43.63786928436119,43.89157394417343,43.63786928436119,43.85986328125,42000,0.0,0.0
2001-02-26 00:00:00-05:00,44.55755833526086,44.55755833526086,44.33556435052203,44.373619079589844,14500,0.0,0.0
2001-02-27 00:00:00-05:00,44.53219292009541,44.84298454072435,44.430712015833684,44.62733459472656,15000,0.0,0.0
2001-02-28 00:00:00-05:00,44.398988403648914,44.398988403648914,44.10088013582464,44.14527893066406,8300,0.0,0.0
2001-03-01 00:00:00-05:00,42.97187893887379,42.97187893887379,42.55960164174978,42.62302780151367,10700,0.0,0.0
2001-03-02 00:00:00-05:00,41.98875427246094,42.0521852679268,41.830186462007376,41.98875427246094,18300,0.0,0.0
2001-03-05 00:00:00-05:00,42.179046630859375,42.3693299798743,42.12196452961884,42.179046630859375,29000,0.0,0.0
2001-03-06 00:00:00-05:00,42.78159842712512,43.09239485683758,42.78159842712512,43.003597259521484,17500,0.0,0.0
2001-03-07 00:00:00-05:00,43.028958719921604,43.067018285020474,42.73085530113133,42.781593322753906,11900,0.0,0.0
2001-03-08 00:00:00-05:00,43.03530803054006,43.03530803054006,42.7752593060598,42.97188186645508,18600,0.0,0.0
2001-03-09 00:00:00-05:00,43.606146130889904,43.63786162735451,43.38415217295372,43.47929382324219,30000,0.0,0.0
2001-03-12 00:00:00-05:00,43.47930541407344,43.47930541407344,42.97188637000271,43.0670280456543,13400,0.0,0.0
2001-03-13 00:00:00-05:00,43.067018285020474,43.067018285020474,42.559599355950276,42.781593322753906,20100,0.0,0.0
2001-03-14 00:00:00-05:00,42.02048990558419,42.02048990558419,41.06908258696719,41.29107666015625,22400,0.0,0.0
2001-03-15 00:00:00-05:00,43.13044738769531,43.51100919094203,43.00359506631503,43.13044738769531,26300,0.0,0.0
2001-03-16 00:00:00-05:00,43.16216914132548,43.25730597659206,42.94017028808594,42.94017028808594,11400,0.0,0.0
2001-03-19 00:00:00-05:00,44.716135452650626,44.906418815751486,44.52585208954976,44.55756759643555,14200,0.0,0.0
2001-03-20 00:00:00-05:00,44.87469551608674,45.0015478433873,44.58927536010742,44.58927536010742,14600,0.0,0.0
2001-03-21 00:00:00-05:00,46.93606650214735,46.93606650214735,46.587215423583984,46.587215423583984,59400,0.0,0.0
2001-03-22 00:00:00-05:00,46.3017934484535,46.3017934484535,45.604096158832014,45.64215087890625,22100,0.0,0.0
2001-03-23 00:00:00-05:00,46.61894607543946,46.68237224513575,46.55551990574317,46.61894607543945,11700,0.0,0.0
2001-03-26 00:00:00-05:00,47.855774539981795,47.976287652848065,47.53863884431828,47.60206985473633,37300,0.0,0.0
2001-03-27 00:00:00-05:00,47.691719432421706,47.95243649401618,47.53910728864468,47.88248825073242,44600,0.191,0.0
2001-03-28 00:00:00-05:00,47.27839649239669,47.27839649239669,46.896863656666994,47.246604919433594,33400,0.0,0.0
2001-03-29 00:00:00-05:00,45.87943453949875,46.08291901269147,45.87943453949875,45.94938278198242,90700,0.0,0.0
2001-03-30 00:00:00-05:00,44.38511102313057,45.05279241794105,44.38511102313057,44.98920440673828,27700,0.0,0.0
2001-04-02 00:00:00-04:00,43.87637195933949,44.00354790849611,43.463042847403244,43.71739959716797,54100,0.0,0.0
2001-04-03 00:00:00-04:00,43.8445936369523,44.04807815043311,43.36767635365788,43.58388137817383,38200,0.0,0.0
2001-04-04 00:00:00-04:00,43.57115398328655,44.04171578817233,43.43126234417607,44.00355911254883,30200,0.0,0.0
2001-04-05 00:00:00-04:00,44.32151359856256,45.11637578541952,44.32151359856256,45.05278778076172,26100,0.0,0.0
2001-04-06 00:00:00-04:00,44.13074031680162,44.25791629940931,44.003559482741174,44.19432830810547,18600,0.0,0.0
2001-04-09 00:00:00-04:00,43.081523451235746,43.335880279541016,43.01793545702267,43.335880279541016,20200,0.0,0.0
2001-04-10 00:00:00-04:00,42.0322954719846,43.32951064935158,42.0195798164745,43.29771423339844,43100,0.0,0.0
2001-04-11 00:00:00-04:00,43.469423829159496,43.469423829159496,41.96872362651917,42.15949249267578,38200,0.0,0.0
2001-04-12 00:00:00-04:00,42.477432132932016,42.50922370573701,42.22943554836838,42.483787536621094,17600,0.0,0.0
2001-04-16 00:00:00-04:00,42.47744112579379,42.47744112579379,41.77795845565237,41.994163513183594,28400,0.0,0.0
2001-04-17 00:00:00-04:00,41.83517837524415,41.905126621047515,41.777945787108315,41.83517837524414,17700,0.0,0.0
2001-04-18 00:00:00-04:00,41.968722132713026,43.93997932320125,41.968722132713026,43.91454315185547,50300,0.0,0.0
2001-04-19 00:00:00-04:00,43.240490698407605,43.240490698407605,42.254859925730585,42.871673583984375,52100,0.0,0.0
2001-04-20 00:00:00-04:00,42.28666086258116,42.57280925866407,42.191276446735884,42.331172943115234,14100,0.0,0.0
2001-04-23 00:00:00-04:00,42.191294303897074,42.223090739787416,41.8097613304878,42.00053024291992,15600,0.0,0.0
2001-04-24 00:00:00-04:00,41.77793976026481,42.19126892089844,41.77793976026481,42.19126892089844,43900,0.0,0.0
2001-04-25 00:00:00-04:00,41.49179783201051,41.58718224559305,41.39641341842797,41.5808219909668,14200,0.0,0.0
2001-04-26 00:00:00-04:00,42.604620812318956,42.668208828315066,42.223087864887624,42.30575180053711,27000,0.0,0.0
2001-04-27 00:00:00-04:00,42.60461147583096,42.82717190877219,42.407487214004945,42.7381477355957,30400,0.0,0.0
2001-04-30 00:00:00-04:00,42.69997192766032,43.304064885211055,42.69997192766032,43.056068420410156,22100,0.0,0.0
2001-05-01 00:00:00-04:00,43.74920711016787,43.74920711016787,43.55843828657987,43.66018295288086,30300,0.0,0.0
2001-05-02 00:00:00-04:00,44.25792255170222,44.353306977859276,44.15618272153389,44.17525863647461,22600,0.0,0.0
2001-05-03 00:00:00-04:00,44.23885058831559,44.23885058831559,43.81280561173898,44.03536605834961,18800,0.0,0.0
2001-05-04 00:00:00-04:00,44.51227058219226,44.53770674755638,44.143453461591214,44.35329818725586,19800,0.0,0.0
2001-05-07 00:00:00-04:00,44.32151401953092,44.41053819718816,44.25792601426916,44.28972244262695,13500,0.0,0.0
2001-05-08 00:00:00-04:00,43.3040797042228,44.06715011596679,43.06880366305006,44.0671501159668,25600,0.0,0.0
2001-05-09 00:00:00-04:00,44.0671538927378,44.0671538927378,43.52664381880009,43.59023666381836,15400,0.0,0.0
2001-05-10 00:00:00-04:00,43.24049353965629,43.33587795157843,43.183265803374645,43.215057373046875,31200,0.0,0.0
2001-05-11 00:00:00-04:00,42.858973551867784,43.399478912353516,42.70000110163938,43.399478912353516,27100,0.0,0.0
2001-05-14 00:00:00-04:00,42.15949341984342,42.216721170076674,41.9178522038704,42.1276969909668,116800,0.0,0.0
2001-05-15 00:00:00-04:00,41.96872120003735,42.35025405883789,41.96872120003735,42.35025405883789,35800,0.0,0.0
2001-05-16 00:00:00-04:00,42.35024808427239,42.76357731110148,42.22307209976474,42.699989318847656,63900,0.0,0.0
2001-05-17 00:00:00-04:00,43.564800302496884,44.09258501305133,43.564800302496884,44.041717529296875,51500,0.0,0.0
2001-05-18 00:00:00-04:00,43.36767706538413,43.38039757662803,43.08152863129276,43.18327331542969,56200,0.0,0.0
2001-05-21 00:00:00-04:00,43.5584386921615,44.19432830810547,43.5266422707832,44.19432830810547,30900,0.0,0.0
2001-05-22 00:00:00-04:00,43.081525524536175,43.685618775811854,43.04972910017294,43.60295486450195,55500,0.0,0.0
2001-05-23 00:00:00-04:00,44.63944940472685,45.097290707577834,44.54406984284355,44.868370056152344,51400,0.0,0.0
2001-05-24 00:00:00-04:00,44.51863987059172,44.900172725573285,43.74921390513375,44.849300384521484,70600,0.0,0.0
2001-05-25 00:00:00-04:00,45.08457404985868,45.307134441738086,45.001905296122985,45.21175003051758,56800,0.0,0.0
2001-05-29 00:00:00-04:00,45.148175077081866,45.46611997199089,45.05279063831834,45.25627517700195,35900,0.0,0.0
2001-05-30 00:00:00-04:00,44.83023159119364,44.86202802226554,44.353314233840514,44.4614143371582,21500,0.0,0.0
2001-05-31 00:00:00-04:00,44.96376690761014,45.37073598906618,44.96376690761014,45.30714797973633,18600,0.0,0.0
2001-06-01 00:00:00-04:00,44.51228032337717,44.51864057897322,44.410535639654604,44.448692321777344,17500,0.0,0.0
2001-06-04 00:00:00-04:00,44.035355591970145,44.505912546026316,44.01627967985949,44.48047637939453,20300,0.0,0.0
2001-06-05 00:00:00-04:00,43.87638191108789,44.321502685546875,43.812793922086975,44.321502685546875,27100,0.0,0.0
2001-06-06 00:00:00-04:00,43.49483926041814,43.8064237318679,43.39945487282493,43.71739959716797,18000,0.0,0.0
2001-06-07 00:00:00-04:00,43.30407465012674,43.65381582112205,43.30407465012674,43.46304702758789,21500,0.0,0.0
2001-06-08 00:00:00-04:00,43.30408466279214,43.329520831241446,43.13239659007566,43.27229309082031,11800,0.0,0.0
2001-06-11 00:00:00-04:00,43.272288899732985,43.30408046862568,42.89711151575941,43.081520080566406,17400,0.0,0.0
2001-06-12 00:00:00-04:00,42.85896427672969,42.85896427672969,42.509223021333284,42.71270751953125,29400,0.0,0.0
2001-06-13 00:00:00-04:00,42.44563930195973,42.59189607389446,42.261230698847946,42.28666687011719,27900,0.0,0.0
2001-06-14 00:00:00-04:00,43.17690653793057,43.17690653793057,42.604604904740505,42.699989318847656,29700,0.0,0.0
2001-06-15 00:00:00-04:00,43.68562644782447,43.68562644782447,43.4312744140625,43.4312744140625,19800,0.0,0.0
2001-06-18 00:00:00-04:00,42.73177437048098,43.03700347877034,42.73177437048098,43.00520706176758,15900,0.0,0.0
2001-06-19 00:00:00-04:00,43.43125977681351,43.685611724853516,43.43125977681351,43.685611724853516,19300,0.0,0.0
2001-06-20 00:00:00-04:00,43.60932455154806,43.87639710873044,43.545736540521915,43.844600677490234,11000,0.0,0.0
2001-06-21 00:00:00-04:00,44.13075000374563,44.32151401953092,44.07987765895469,44.28972244262695,48800,0.0,0.0
2001-06-22 00:00:00-04:00,44.00356015026583,44.308789305188405,43.96540832519531,43.96540832519531,13000,0.0,0.0
2001-06-25 00:00:00-04:00,44.035358562415624,44.38509981287884,44.035358562415624,44.372379302978516,10800,0.0,0.0
2001-06-26 00:00:00-04:00,44.226131439208984,44.34694718557991,44.194335013006715,44.226131439208984,18400,0.0,0.0
2001-06-27 00:00:00-04:00,44.32150661804678,44.44868745878553,44.25791862340392,44.31515121459961,17100,0.0,0.0
2001-06-28 00:00:00-04:00,44.31514730597745,44.51227152741976,44.26427497416891,44.45504379272461,18200,0.0,0.0
2001-06-29 00:00:00-04:00,44.45505519731782,44.89381583023234,44.45505519731782,44.798431396484375,39100,0.0,0.0
2001-07-02 00:00:00-04:00,45.17995939808921,45.42795596153425,45.160878634287236,45.31349563598633,22800,0.0,0.0
2001-07-03 00:00:00-04:00,45.33893642542457,45.33893642542457,45.0972952404911,45.116371154785156,42100,0.0,0.0
2001-07-05 00:00:00-04:00,44.63944878225363,44.63944878225363,44.34694014316722,44.48047637939453,26600,0.0,0.0
2001-07-06 00:00:00-04:00,43.87639017608897,43.908186602305214,43.590241745956746,43.61567306518555,13600,0.0,0.0
2001-07-09 00:00:00-04:00,43.62203444111456,44.302436257117684,43.62203444111456,44.21977233886719,10800,0.0,0.0
2001-07-10 00:00:00-04:00,44.15617611213743,44.25155567256441,43.96540728837803,44.00355911254883,16900,0.0,0.0
2001-07-11 00:00:00-04:00,44.00356224592523,44.283355246974935,44.00356224592523,44.23248291015625,11500,0.0,0.0
2001-07-12 00:00:00-04:00,44.19432708195278,44.70304070117501,44.00355826188129,44.512271881103516,50900,0.0,0.0
2001-07-13 00:00:00-04:00,43.87638473510742,43.90818115738069,43.81279674201379,43.87638473510742,53000,0.0,0.0
2001-07-16 00:00:00-04:00,43.685616228439905,43.81279706702351,43.56480049610164,43.59023666381836,16200,0.0,0.0
2001-07-17 00:00:00-04:00,43.49484865184372,43.5012089061103,43.47577274049649,43.48212814331055,11600,0.0,0.0
2001-07-18 00:00:00-04:00,42.92254653215543,43.0878791809082,42.82716212512681,43.0878791809082,7400,0.0,0.0
2001-07-19 00:00:00-04:00,43.08787323566221,43.36766131250132,43.08151298235056,43.304073333740234,14900,0.0,0.0
2001-07-20 00:00:00-04:00,43.310438027627974,43.602946641081,43.27228620675002,43.52028274536133,25100,0.0,0.0
2001-07-23 00:00:00-04:00,42.85896859504107,42.85896859504107,42.28666687011719,42.28666687011719,16100,0.0,0.0
2001-07-24 00:00:00-04:00,42.41383881560815,42.528299149638,42.191278402620426,42.261226654052734,16600,0.0,0.0
2001-07-25 00:00:00-04:00,42.26758151951361,42.53465398104402,42.254861010991675,42.52193832397461,8500,0.0,0.0
2001-07-26 00:00:00-04:00,42.521931591228004,42.801719665527344,42.521931591228004,42.801719665527344,16400,0.0,0.0
2001-07-27 00:00:00-04:00,42.73177286545417,43.0179260540443,42.636393320709374,42.95433807373047,10700,0.0,0.0
2001-07-30 00:00:00-04:00,41.96871867374573,42.12133083778881,41.80974625452699,42.03230667114258,18600,0.0,0.0
2001-07-31 00:00:00-04:00,42.03867188734634,42.35025650737859,42.03231163142011,42.15949249267578,14200,0.0,0.0
2001-08-01 00:00:00-04:00,42.03229812549657,42.28665491482355,41.968710141027884,42.06409454345703,16700,0.0,0.0
2001-08-02 00:00:00-04:00,42.15949178837707,42.28666779605439,42.15949178837707,42.2548713684082,7100,0.0,0.0
2001-08-03 00:00:00-04:00,42.03230748104397,42.03230748104397,41.968719482421875,41.968719482421875,15200,0.0,0.0
2001-08-06 00:00:00-04:00,41.84153406528906,42.000506451781106,41.55538085873203,41.58717727661133,36000,0.0,0.0
2001-08-07 00:00:00-04:00,41.587181580048004,41.80974197387695,41.587181580048004,41.80974197387695,11100,0.0,0.0
2001-08-08 00:00:00-04:00,41.90513440173519,41.96236214904396,41.52360153198242,41.52360153198242,15700,0.0,0.0
2001-08-09 00:00:00-04:00,41.45999621977321,41.58081678528189,41.45999621977321,41.56174087524414,13600,0.0,0.0
2001-08-10 00:00:00-04:00,41.50451038945827,41.71435511337407,41.434566999605444,41.657127380371094,9800,0.0,0.0
2001-08-13 00:00:00-04:00,41.74616196838373,41.80974997143358,41.339192927120294,41.52360153198242,12300,0.0,0.0
2001-08-14 00:00:00-04:00,41.650786749354864,41.84155565214754,41.650786749354864,41.739810943603516,16400,0.0,0.0
2001-08-15 00:00:00-04:00,41.84153839504654,42.03230236770591,41.752514237514966,41.80974197387695,12500,0.0,0.0
2001-08-16 00:00:00-04:00,41.650766592671125,41.650766592671125,41.142052999049916,41.301025390625,24800,0.0,0.0
2001-08-17 00:00:00-04:00,40.824122529325635,40.824122529325635,40.28997743505285,40.37900161743164,20800,0.0,0.0
2001-08-20 00:00:00-04:00,40.37900733652833,40.37900733652833,39.67952943957234,39.806705474853516,37100,0.0,0.0
2001-08-21 00:00:00-04:00,40.0610476494983,40.315404477880946,40.0610476494983,40.194583892822266,19600,0.0,0.0
2001-08-22 00:00:00-04:00,40.31539801840981,40.37898600245394,40.251807608639574,40.3408317565918,27400,0.0,0.0
2001-08-23 00:00:00-04:00,40.44258232921526,40.49981249695118,40.22002191342372,40.26453399658203,23900,0.0,0.0
2001-08-24 00:00:00-04:00,40.41079269027771,40.83047982370936,40.41079269027771,40.824119567871094,26200,0.0,0.0
2001-08-27 00:00:00-04:00,40.37899038883096,40.37899038883096,40.124633573571394,40.25181198120117,12700,0.0,0.0
2001-08-28 00:00:00-04:00,39.902079153503536,39.902079153503536,39.615928299926686,39.73038864135742,19100,0.0,0.0
2001-08-29 00:00:00-04:00,39.29798020620594,39.29798020620594,39.0118293762207,39.0118293762207,20100,0.0,0.0
2001-08-30 00:00:00-04:00,38.85286394304554,38.85286394304554,38.38866470243498,38.439537048339844,18300,0.0,0.0
2001-08-31 00:00:00-04:00,38.534907081767706,38.85285186767578,38.534907081767706,38.85285186767578,22400,0.0,0.0
2001-09-04 00:00:00-04:00,39.42516583276664,39.48875383962547,39.23439938646316,39.26619338989258,40200,0.0,0.0
2001-09-05 00:00:00-04:00,39.42515123463488,39.42515123463488,38.884646099289185,38.897361755371094,28600,0.0,0.0
2001-09-06 00:00:00-04:00,39.26618620859126,39.323416374588305,39.0118293762207,39.0118293762207,23300,0.0,0.0
2001-09-07 00:00:00-04:00,38.98004256965417,38.98004256965417,38.6811760260693,38.789276123046875,26000,0.0,0.0
2001-09-10 00:00:00-04:00,38.47132190877847,38.534909900320606,38.28055550842567,38.40773391723633,30300,0.0,0.0
2001-09-17 00:00:00-04:00,34.9739367341342,35.221933351950845,34.783170291638854,34.814964294433594,41700,0.0,0.0
2001-09-18 00:00:00-04:00,34.82131319878027,34.83403128178346,34.655982971191406,34.655982971191406,22400,0.0,0.0
2001-09-19 00:00:00-04:00,34.30624791922159,34.31260574855325,33.5876919184147,33.702152252197266,29900,0.0,0.0
2001-09-20 00:00:00-04:00,32.271401489107106,32.271401489107106,31.89622647821453,31.928020477294922,30800,0.0,0.0
2001-09-21 00:00:00-04:00,29.88680648803711,30.045778862973474,29.632449717848544,29.88680648803711,37500,0.0,0.0
2001-09-24 00:00:00-04:00,30.777056412683017,31.953451156616207,30.777056412683017,31.95345115661621,50100,0.0,0.0
2001-09-25 00:00:00-04:00,32.035139264705656,32.34783148714988,32.00323224283274,32.2202033996582,33800,0.178,0.0
2001-09-26 00:00:00-04:00,31.269359331674526,31.269359331674526,30.695023186536506,30.790746688842773,33000,0.0,0.0
2001-09-27 00:00:00-04:00,31.384211594934992,32.25847625732422,31.384211594934992,32.25847625732422,44200,0.0,0.0
2001-09-28 00:00:00-04:00,32.86474116781682,33.343353903270454,32.86474116781682,33.08809280395508,28200,0.0,0.0
2001-10-01 00:00:00-04:00,34.10912558926162,34.39629364013672,34.07721856901986,34.39629364013672,18000,0.0,0.0
2001-10-02 00:00:00-04:00,35.736411508484004,35.89594905986116,35.104641733916516,35.38542938232422,62400,0.0,0.0
2001-10-03 00:00:00-04:00,34.14103663284614,35.54496759807614,34.14103663284614,35.4237174987793,25500,0.0,0.0
2001-10-04 00:00:00-04:00,35.608772147511196,36.170344870674775,35.608772147511196,35.80021667480469,14800,0.0,0.0
2001-10-05 00:00:00-04:00,36.055479458400185,36.183109961052004,35.58324732889326,35.73640441894531,11300,0.0,0.0
2001-10-08 00:00:00-04:00,35.46839071852245,36.1831182898019,35.26418040666412,35.48115158081055,40500,0.0,0.0
2001-10-09 00:00:00-04:00,34.26867225212279,34.26867225212279,33.9815041247618,34.109134674072266,19700,0.0,0.0
2001-10-10 00:00:00-04:00,33.98149465963569,34.51754086995041,33.917680619930195,34.485633850097656,15300,0.0,0.0
2001-10-11 00:00:00-04:00,34.46009958090946,35.16206359863281,34.338851958749686,35.16206359863281,46700,0.0,0.0
2001-10-12 00:00:00-04:00,34.46009988815265,34.46009988815265,33.75175300095588,33.790042877197266,29200,0.0,0.0
2001-10-15 00:00:00-04:00,33.75815125382415,33.783675415271965,33.20934161591844,33.330589294433594,22900,0.0,0.0
2001-10-16 00:00:00-04:00,32.51375570782329,33.119998931884766,32.35421814540448,33.119998931884766,36000,0.0,0.0
2001-10-17 00:00:00-04:00,32.86473632211169,32.86473632211169,32.38612365722656,32.38612365722656,22100,0.0,0.0
2001-10-18 00:00:00-04:00,32.70520308123091,32.749873407764575,31.97771212413957,32.44356155395508,21100,0.0,0.0
2001-10-19 00:00:00-04:00,32.162757085203815,32.162757085203815,31.779865670886647,32.00321960449219,28400,0.0,0.0
2001-10-22 00:00:00-04:00,31.907503136747657,32.21381487473852,31.805399224084034,32.137237548828125,39800,0.0,0.0
2001-10-23 00:00:00-04:00,32.54566013599433,32.73072427787434,32.44355620156913,32.609474182128906,20800,0.0,0.0
2001-10-24 00:00:00-04:00,32.54565566229167,32.64137915268527,32.386118134535344,32.57118225097656,28100,0.0,0.0
2001-10-25 00:00:00-04:00,32.226592564223466,32.226592564223466,31.81179386440915,32.169158935546875,37000,0.0,0.0
2001-10-26 00:00:00-04:00,31.779885713807438,32.1627773696065,31.779885713807438,32.098960876464844,17000,0.0,0.0
2001-10-29 00:00:00-05:00,31.68416414109739,31.875608748894148,31.531006994249825,31.60120391845703,75500,0.0,0.0
2001-10-30 00:00:00-05:00,31.54376296319415,31.54376296319415,31.33317223950526,31.47356605529785,11800,0.0,0.0
2001-10-31 00:00:00-05:00,31.556521618702938,31.601191929096107,31.30126061558538,31.396984100341797,15600,0.0,0.0
2001-11-01 00:00:00-05:00,31.396978700051918,32.08617939496765,31.377832545784177,32.06703567504883,29000,0.0,0.0
2001-11-02 00:00:00-05:00,32.098956460547605,32.44993860431538,31.984089223045427,32.354217529296875,38900,0.0,0.0
2001-11-05 00:00:00-05:00,32.545662444944966,33.05618215328979,32.545662444944966,32.896644592285156,21700,0.0,0.0
2001-11-06 00:00:00-05:00,32.54564676617842,32.83281472451446,32.54564676617842,32.692420959472656,44100,0.0,0.0
2001-11-07 00:00:00-05:00,31.716075089801055,32.00324325416249,31.492720991141905,31.811796188354492,59900,0.0,0.0
2001-11-08 00:00:00-05:00,33.343351131186246,33.98150139207019,33.343351131186246,33.91130447387695,56500,0.0,0.0
2001-11-09 00:00:00-05:00,33.43907405672238,33.56032172779467,32.96046136946596,33.119998931884766,36700,0.0,0.0
2001-11-12 00:00:00-05:00,32.4180270235619,32.46908020387717,31.939414412679536,32.19467544555664,34700,0.0,0.0
2001-11-13 00:00:00-05:00,32.29039740325786,32.44355451410453,31.850074665391965,32.16276931762695,93800,0.0,0.0
2001-11-14 00:00:00-05:00,31.747979994693658,31.856464385986328,31.537389210160264,31.856464385986328,56200,0.0,0.0
2001-11-15 00:00:00-05:00,31.716065094535413,31.716065094535413,31.282122768334464,31.582054138183594,52600,0.0,0.0
2001-11-16 00:00:00-05:00,31.6522628279794,32.00324753939047,31.588448753732415,31.9904842376709,125400,0.0,0.0
2001-11-19 00:00:00-05:00,33.50288735234571,34.05169694418489,33.407163843313306,33.88577651977539,258600,0.0,0.0
2001-11-20 00:00:00-05:00,34.21123546175675,34.900436469314656,34.14741897583008,34.14741897583008,138700,0.0,0.0
2001-11-21 00:00:00-05:00,34.268669081915746,34.51754729115471,34.14741897583008,34.14741897583008,27500,0.0,0.0
2001-11-23 00:00:00-05:00,33.9176809665863,34.421817727851234,33.9176809665863,34.27504348754883,17100,0.0,0.0
2001-11-26 00:00:00-05:00,33.82195152860066,33.943199157714844,33.69432103596252,33.943199157714844,61500,0.0,0.0
2001-11-27 00:00:00-05:00,33.75814628562587,33.75814628562587,33.37525470805698,33.38163757324219,26900,0.0,0.0
2001-11-28 00:00:00-05:00,33.02426409445514,33.11998757281642,32.41164064912065,32.46907424926758,39000,0.0,0.0
2001-11-29 00:00:00-05:00,33.439077273683104,33.6943359375,33.190196607512526,33.6943359375,28600,0.0,0.0
2001-11-30 00:00:00-05:00,32.92855190950218,33.24762703433981,32.92855190950218,33.119998931884766,29200,0.0,0.0
2001-12-03 00:00:00-05:00,32.67329174302762,32.698818336065465,32.341453336585275,32.38612365722656,35000,0.0,0.0
2001-12-04 00:00:00-05:00,31.779878327827316,31.939415872077806,31.684157261886867,31.907508850097656,47100,0.0,0.0
2001-12-05 00:00:00-05:00,32.067044919173874,32.95407323490483,32.067044919173874,32.82644271850586,78800,0.0,0.0
2001-12-06 00:00:00-05:00,32.666899229240244,33.11998760161521,32.60946562904337,32.95406723022461,38400,0.0,0.0
2001-12-07 00:00:00-05:00,32.38611733166461,32.411643919716674,32.067042284062,32.264869689941406,29400,0.0,0.0
2001-12-10 00:00:00-05:00,31.301266066107743,31.42251615915919,31.269359043749382,31.294885635375977,45100,0.0,0.0
2001-12-11 00:00:00-05:00,31.269363602759835,31.269363602759835,30.982195490966507,31.077919006347656,77800,0.0,0.0
2001-12-12 00:00:00-05:00,31.237450538910508,31.390605212702077,31.014096524302474,31.205543518066406,55100,0.0,0.0
2001-12-13 00:00:00-05:00,30.69501340911208,30.70139627221922,30.31212439055,30.375938415527344,44300,0.0,0.0
2001-12-14 00:00:00-05:00,30.31213361847265,30.567394664789163,30.31213361847265,30.503578186035156,34900,0.0,0.0
2001-12-17 00:00:00-05:00,30.216406010286214,30.471667021905823,30.005817744897048,30.254695892333984,60100,0.0,0.0
2001-12-18 00:00:00-05:00,30.280225709473672,30.860942260204414,30.184502211320932,30.535484313964844,84500,0.0,0.0
2001-12-19 00:00:00-05:00,30.407860521254868,30.407860521254868,30.158979877795794,30.216413497924805,39500,0.0,0.0
2001-12-20 00:00:00-05:00,30.34403487866988,30.439758361449154,30.235550536912708,30.35679817199707,54500,0.0,0.0
2001-12-21 00:00:00-05:00,30.663115706070005,31.30126588698447,30.388710933528806,31.109821319580078,60700,0.0,0.0
2001-12-24 00:00:00-05:00,30.8226524103689,31.173634513426112,30.8226524103689,30.8864688873291,19000,0.0,0.0
2001-12-26 00:00:00-05:00,31.046006926498507,31.492710100641155,31.0396240615252,31.116201400756836,64200,0.0,0.0
2001-12-27 00:00:00-05:00,31.524618856707352,31.550143012984574,31.307647705078125,31.307647705078125,29900,0.0,0.0
2001-12-28 00:00:00-05:00,32.13085899221955,32.354213004727754,31.920270709148557,31.964941024780273,54800,0.0,0.0
2001-12-31 00:00:00-05:00,31.958556044959877,32.756243616756805,31.958556044959877,32.52012634277344,41000,0.0,0.0
2002-01-02 00:00:00-05:00,32.2329575365159,32.69880920920391,32.226577107212286,32.673282623291016,28300,0.0,0.0
2002-01-03 00:00:00-05:00,32.29040600334857,32.97960953419357,32.29040600334857,32.864742279052734,29900,0.0,0.0
2002-01-04 00:00:00-05:00,33.88577249364429,34.102743645235044,33.573080278744165,33.930442810058594,62500,0.0,0.0
2002-01-07 00:00:00-05:00,33.79005244697803,33.79005244697803,33.2157163124431,33.56031799316406,141700,0.0,0.0
2002-01-08 00:00:00-05:00,33.11998918151351,33.164659491092046,32.8009141506101,32.9349250793457,44300,0.0,0.0
2002-01-09 00:00:00-05:00,33.566701776329765,33.8538698722783,33.4390736753304,33.50288772583008,62900,0.0,0.0
2002-01-10 00:00:00-05:00,33.630511633658266,33.630511633658266,33.190186495194816,33.3050537109375,69700,0.0,0.0
2002-01-11 00:00:00-05:00,34.20484086516618,34.20484086516618,33.93681901924446,34.019779205322266,44200,0.0,0.0
2002-01-14 00:00:00-05:00,34.01978947286276,34.07722309065853,33.69433149390342,33.802818298339844,49600,0.0,0.0
2002-01-15 00:00:00-05:00,33.34334674880303,33.5922249283412,33.0880857042589,33.26676940917969,47900,0.0,0.0
2002-01-16 00:00:00-05:00,33.815575463278826,33.815575463278826,33.439066800300445,33.662418365478516,34400,0.0,0.0
2002-01-17 00:00:00-05:00,33.183807541609184,33.649656855359815,33.183807541609184,33.59860610961914,47700,0.0,0.0
2002-01-18 00:00:00-05:00,33.6687984549094,33.8857695878946,33.56669453552516,33.873008728027344,38400,0.0,0.0
2002-01-22 00:00:00-05:00,33.11998159344247,33.18379561126309,32.7434730458638,32.76899719238281,47700,0.0,0.0
2002-01-23 00:00:00-05:00,32.70520116224395,33.158287267271994,32.54566359559886,33.113616943359375,42000,0.0,0.0
2002-01-24 00:00:00-05:00,33.68157102199599,33.885778916984926,33.413549072704306,33.41992950439453,58300,0.0,0.0
2002-01-25 00:00:00-05:00,35.09825907456744,35.09825907456744,34.68346049358267,34.78556442260742,185200,0.0,0.0
2002-01-28 00:00:00-05:00,35.06635039400677,35.289701967446156,35.0344433741368,35.09187698364258,83800,0.0,0.0
2002-01-29 00:00:00-05:00,33.50287941112157,33.53478642845276,33.02426684810555,33.03064727783203,85100,0.0,0.0
2002-01-30 00:00:00-05:00,32.724342129795644,33.63051669773399,32.43079361618388,33.49650573730469,255500,0.0,0.0
2002-01-31 00:00:00-05:00,33.24762329169776,33.502884336573445,33.24762329169776,33.413543701171875,64900,0.0,0.0
2002-02-01 00:00:00-05:00,33.43907428197298,33.43907428197298,33.215720232472094,33.24762725830078,42600,0.0,0.0
2002-02-04 00:00:00-05:00,33.119988270573344,33.119988270573344,32.22657723487668,32.48183822631836,45300,0.0,0.0
2002-02-05 00:00:00-05:00,31.779873170668793,31.78625603463887,31.294880185964644,31.396984100341797,77900,0.0,0.0
2002-02-06 00:00:00-05:00,31.23745545398563,31.492714095251937,31.10982491617746,31.154495239257812,34400,0.0,0.0
2002-02-07 00:00:00-05:00,31.747969566007963,32.047900911754084,31.652246070963578,31.716062545776367,51700,0.0,0.0
2002-02-08 00:00:00-05:00,32.3223049120018,32.48184244377999,31.875599336152945,32.418025970458984,67300,0.0,0.0
2002-02-11 00:00:00-05:00,32.32229172264461,33.3752375421084,32.22018784134481,32.96044158935547,71100,0.0,0.0
2002-02-12 00:00:00-05:00,33.50288886636277,33.598612379720976,33.34335130033247,33.57308578491211,53900,0.0,0.0
2002-02-13 00:00:00-05:00,34.530297456519705,34.93871307373047,34.530297456519705,34.93871307373047,80400,0.0,0.0
2002-02-14 00:00:00-05:00,33.694336615950405,34.077228270910815,33.694336615950405,33.70709991455078,119000,0.0,0.0
2002-02-15 00:00:00-05:00,33.98149258540232,34.141030109277445,33.82833549136845,33.84109878540039,27000,0.0,0.0
2002-02-19 00:00:00-05:00,32.800917680348974,32.80729811053995,31.990466722518978,31.99684715270996,71200,0.0,0.0
2002-02-20 00:00:00-05:00,32.29038746414784,32.50735855102539,32.118089114710294,32.50735855102539,37400,0.0,0.0
2002-02-21 00:00:00-05:00,33.183809099591265,33.64965843521356,32.99236453396357,32.99874496459961,43600,0.0,0.0
2002-02-22 00:00:00-05:00,33.37525694506619,33.50926791074011,33.29229673254664,33.40078353881836,18100,0.0,0.0
2002-02-25 00:00:00-05:00,33.470973480424,33.8857695878946,33.43906646205695,33.873008728027344,26100,0.0,0.0
2002-02-26 00:00:00-05:00,32.641385435086775,32.89664406801617,32.354217342984995,32.54566192626953,178700,0.0,0.0
2002-02-27 00:00:00-05:00,32.545655870457466,32.69881296919693,32.41802536056616,32.526512145996094,53700,0.0,0.0
2002-02-28 00:00:00-05:00,32.44992562763062,32.83281707763672,32.424401478442746,32.83281707763672,46800,0.0,0.0
2002-03-01 00:00:00-05:00,32.8328294196252,33.726238270110635,32.73710591255359,33.700714111328125,45500,0.0,0.0
2002-03-04 00:00:00-05:00,35.098249247524365,35.73639923384299,35.098249247524365,35.710872650146484,123100,0.0,0.0
2002-03-05 00:00:00-05:00,35.6725965597434,35.89594815228437,35.308851146548236,35.417335510253906,75800,0.0,0.0
2002-03-06 00:00:00-05:00,36.055490102580954,36.9616623136622,36.02358307608585,36.93613815307617,93600,0.0,0.0
2002-03-07 00:00:00-05:00,37.77849427256887,38.12309598256079,37.77849427256887,38.0911865234375,73600,0.0,0.0
2002-03-08 00:00:00-05:00,36.85317839556087,37.49132867080867,36.73193071962982,36.99357223510742,75300,0.0,0.0
2002-03-11 00:00:00-05:00,37.33178939441422,37.5742871695344,37.20415885833255,37.47218322753906,101800,0.0,0.0
2002-03-12 00:00:00-05:00,36.757440399219774,37.00632095336914,36.24692086702073,37.00632095336914,41400,0.0,0.0
2002-03-13 00:00:00-05:00,37.29988405404129,37.29988405404129,36.56601026418068,36.846797943115234,33300,0.0,0.0
2002-03-14 00:00:00-05:00,37.427498632137315,37.78486107566632,37.427498632137315,37.5870361328125,45500,0.0,0.0
2002-03-15 00:00:00-05:00,37.587045060713166,38.2443389406276,37.52322858467558,38.097564697265625,16500,0.0,0.0
2002-03-18 00:00:00-05:00,37.65085322385163,37.67637981028112,37.20414769873269,37.4275016784668,44900,0.0,0.0
2002-03-19 00:00:00-05:00,38.12947000445567,38.28900753585506,37.77848792224691,38.28262710571289,42400,0.0,0.0
2002-03-20 00:00:00-05:00,37.140341094611735,37.255208322167164,36.84679259501442,37.01271057128906,61400,0.0,0.0
2002-03-21 00:00:00-05:00,37.04461503567197,37.52322763932238,36.999944720745894,37.3764533996582,45900,0.0,0.0
2002-03-22 00:00:00-05:00,36.310752868652344,36.50219747085917,36.22779264843432,36.310752868652344,68500,0.0,0.0
2002-03-25 00:00:00-05:00,36.40646137323752,36.55961846269349,35.90232222861708,35.92784881591797,34700,0.0,0.0
2002-03-26 00:00:00-05:00,35.871480442303756,36.20457305392266,35.871480442303756,35.961158752441406,35100,0.212,0.0
2002-03-27 00:00:00-05:00,35.80102368277753,36.512048169681606,35.80102368277753,36.33909606933594,47700,0.0,0.0
2002-03-28 00:00:00-05:00,37.08854721633873,37.32555451329138,36.94762276993689,37.248687744140625,74300,0.0,0.0
2002-04-01 00:00:00-05:00,35.71134172548539,35.9611605860498,35.487145938709844,35.839454650878906,76700,0.0,0.0
2002-04-02 00:00:00-05:00,35.583237098406556,35.7241615935593,35.39106888727642,35.48074722290039,43100,0.0,0.0
2002-04-03 00:00:00-05:00,35.583229968643124,35.704938351361726,35.13483593681598,35.25013732910156,33300,0.0,0.0
2002-04-04 00:00:00-05:00,35.39106177284672,35.96756873389716,35.39106177284672,35.90351104736328,25900,0.0,0.0
2002-04-05 00:00:00-05:00,36.00600120436248,36.25582007506339,35.980378129533946,36.19176483154297,17900,0.0,0.0
2002-04-08 00:00:00-04:00,35.48714499203727,35.935536553626854,35.39746423616861,35.909915924072266,24500,0.0,0.0
2002-04-09 00:00:00-04:00,35.23092692793764,35.42309513156159,35.23092692793764,35.39106750488281,26700,0.0,0.0
2002-04-10 00:00:00-04:00,35.80743183815179,36.127712972863165,35.69213043417161,36.0316276550293,24400,0.0,0.0
2002-04-11 00:00:00-04:00,35.23092552016395,35.53199057472719,34.84658912827355,35.03875732421875,62500,0.0,0.0
2002-04-12 00:00:00-04:00,34.97470392531296,35.18609067730013,34.84018641598557,35.179683685302734,12300,0.0,0.0
2002-04-15 00:00:00-04:00,35.13483810424805,35.45511922623226,35.04515978106063,35.13483810424805,29300,0.0,0.0
2002-04-16 00:00:00-04:00,35.58323511940036,36.25582504272461,35.58323511940036,36.25582504272461,89200,0.0,0.0
2002-04-17 00:00:00-04:00,35.61525261680332,35.97396828088377,35.55119738272314,35.55760192871094,84400,0.0,0.0
2002-04-18 00:00:00-04:00,36.04444495568123,36.15974637809341,35.80743756230132,36.15333938598633,48000,0.0,0.0
2002-04-19 00:00:00-04:00,36.03162954367624,36.44799601804589,35.967574290796875,36.435184478759766,55200,0.0,0.0
2002-04-22 00:00:00-04:00,36.09567921986313,36.249415223993545,35.83945580438029,35.90351104736328,23700,0.0,0.0
2002-04-23 00:00:00-04:00,36.41596106704763,36.43517959517651,36.25582051276238,36.351905822753906,15300,0.0,0.0
2002-04-24 00:00:00-04:00,35.96756599125518,36.31987468789872,35.96756599125518,35.98678207397461,31600,0.0,0.0
2002-04-25 00:00:00-04:00,35.90351104736328,35.92272957509889,35.58322994534657,35.90351104736328,19100,0.0,0.0
2002-04-26 00:00:00-04:00,35.55119998512799,35.88429260253906,35.461521673430916,35.88429260253906,40700,0.0,0.0
2002-04-29 00:00:00-04:00,35.67930947809259,36.25581390227548,35.67930947809259,35.78179931640625,33100,0.0,0.0
2002-04-30 00:00:00-04:00,35.48715633626652,35.48715633626652,35.045166736335716,35.12203598022461,56400,0.0,0.0
2002-05-01 00:00:00-04:00,35.23092927027765,35.85227553207173,35.15406247242781,35.672916412353516,41800,0.0,0.0
2002-05-02 00:00:00-04:00,35.02593630335487,35.02593630335487,34.10993229232117,34.39818572998047,139900,0.0,0.0
2002-05-03 00:00:00-04:00,34.39819468399943,34.59676742553711,34.36616705893378,34.59676742553711,47900,0.0,0.0
2002-05-06 00:00:00-04:00,34.686446760552954,34.73769046982608,34.24445724487305,34.24445724487305,28000,0.0,0.0
2002-05-07 00:00:00-04:00,34.24445032708802,34.564731386885434,33.95619688456023,34.430213928222656,19100,0.0,0.0
2002-05-08 00:00:00-04:00,34.462248825915374,34.91064289306867,34.462248825915374,34.79534149169922,52800,0.0,0.0
2002-05-09 00:00:00-04:00,34.59036473524286,34.59036473524286,34.20602832671623,34.47506332397461,27300,0.0,0.0
2002-05-10 00:00:00-04:00,35.14764433614517,35.26294571813663,34.686441251730024,35.06437301635742,45800,0.0,0.0
2002-05-13 00:00:00-04:00,35.551200302203455,36.38393063138275,35.551200302203455,36.17254638671875,87000,0.0,0.0
2002-05-14 00:00:00-04:00,36.67218274947798,36.67218274947798,35.94834684245568,36.06364822387695,65200,0.0,0.0
2002-05-15 00:00:00-04:00,35.839455228144544,35.999595776578126,35.71134230068752,35.871482849121094,44400,0.0,0.0
2002-05-16 00:00:00-04:00,36.35190799937368,36.38393562343824,36.15973981143522,36.23660659790039,39700,0.0,0.0
2002-05-17 00:00:00-04:00,36.403155246862255,36.800303173012004,36.403155246862255,36.58251190185547,43400,0.0,0.0
2002-05-20 00:00:00-04:00,36.60813495133587,36.60813495133587,36.089278629507476,36.319881439208984,67800,0.0,0.0
2002-05-21 00:00:00-04:00,36.17254874719703,36.38393300565514,36.06365190095122,36.19176483154297,126500,0.0,0.0
2002-05-22 00:00:00-04:00,35.77540475020886,36.025226108678744,35.77540475020886,35.97397994995117,63300,0.0,0.0
2002-05-23 00:00:00-04:00,35.58323455708896,35.58964154834816,35.013134512579896,35.32701110839844,118900,0.0,0.0
2002-05-24 00:00:00-04:00,35.999605210848884,36.447999352681904,35.980386678385756,36.383941650390625,52900,0.0,0.0
2002-05-28 00:00:00-04:00,36.03162295080621,36.089273645269536,35.68571878402628,35.711341857910156,29400,0.0,0.0
2002-05-29 00:00:00-04:00,35.999600331395804,36.127713275062206,35.7754020690918,35.7754020690918,31200,0.0,0.0
2002-05-30 00:00:00-04:00,36.159742164278995,36.25582504272461,35.74337569369429,36.25582504272461,95500,0.0,0.0
2002-05-31 00:00:00-04:00,35.6793165479935,35.839457104812546,35.423090679662636,35.46792984008789,76900,0.0,0.0
2002-06-03 00:00:00-04:00,35.2309190599184,35.2309190599184,34.9106379775555,34.99391174316406,77200,0.0,0.0
2002-06-04 00:00:00-04:00,34.590356736507815,34.62238435588703,33.05300657079829,33.53342819213867,530300,0.0,0.0
2002-06-05 00:00:00-04:00,34.10993822713657,34.39178472435851,34.013852916682,34.28289031982422,82300,0.0,0.0
2002-06-06 00:00:00-04:00,34.07790749578821,34.14196273454664,33.36047855878078,33.53342819213867,81800,0.0,0.0
2002-06-07 00:00:00-04:00,33.40532933652352,34.04589172116596,33.379706254685445,33.821693420410156,28200,0.0,0.0
2002-06-10 00:00:00-04:00,33.66155072003183,33.73201296890609,33.50141013388178,33.565467834472656,30300,0.0,0.0
2002-06-11 00:00:00-04:00,33.437346586796856,33.655137827706504,33.31563820762478,33.379695892333984,118000,0.0,0.0
2002-06-12 00:00:00-04:00,33.789658557777734,34.10993968154814,33.488593519497215,33.71919631958008,77700,0.0,0.0
2002-06-13 00:00:00-04:00,33.30924681172964,33.34127444495364,32.98896559238609,33.21316146850586,56300,0.0,0.0
2002-06-14 00:00:00-04:00,32.7006902469485,32.7006902469485,32.124185901872075,32.380409240722656,106800,0.0,0.0
2002-06-17 00:00:00-04:00,31.964048837604498,32.50852562934579,31.964048837604498,32.37400817871094,68800,0.0,0.0
2002-06-18 00:00:00-04:00,32.284346494895146,32.9185019134566,32.284346494895146,32.880069732666016,35500,0.0,0.0
2002-06-19 00:00:00-04:00,32.7967840902123,32.7967840902123,32.36120161252078,32.43806838989258,23500,0.0,0.0
2002-06-20 00:00:00-04:00,32.06014045213315,32.15622576803763,31.727047785495657,31.784698486328125,68200,0.0,0.0
2002-06-21 00:00:00-04:00,31.643778869214323,31.797512454146066,31.547693545968528,31.695022583007812,69900,0.0,0.0
2002-06-24 00:00:00-04:00,32.316369075004225,32.316369075004225,31.95765330120634,32.245906829833984,29100,0.0,0.0
2002-06-25 00:00:00-04:00,32.668672684995805,33.149094342128095,32.668672684995805,32.68148422241211,42000,0.0,0.0
2002-06-26 00:00:00-04:00,32.22027713376269,32.27152328101693,31.71423242560566,32.06654357910156,43700,0.0,0.0
2002-06-27 00:00:00-04:00,32.22026932046312,32.412437438964844,32.20745778675631,32.412437438964844,21000,0.0,0.0
2002-06-28 00:00:00-04:00,33.757619022150394,34.0779000329041,33.64872220784804,33.94978713989258,73500,0.0,0.0
2002-07-01 00:00:00-04:00,33.82168002041698,33.949792935298035,33.30923080444336,33.30923080444336,30800,0.0,0.0
2002-07-02 00:00:00-04:00,33.69357085213018,33.75762853846898,32.99535795411799,33.15549850463867,37900,0.0,0.0
2002-07-03 00:00:00-04:00,33.58467288839023,33.90495395545972,33.58467288839023,33.83449172973633,44100,0.0,0.0
2002-07-05 00:00:00-04:00,33.30922898746062,33.43093490600586,33.30922898746062,33.43093490600586,13600,0.0,0.0
2002-07-08 00:00:00-04:00,32.796771993834206,32.90566635131836,32.57257384749346,32.90566635131836,40400,0.0,0.0
2002-07-09 00:00:00-04:00,33.277201674654606,33.405314583714826,32.70710179506464,32.9569206237793,24600,0.0,0.0
2002-07-10 00:00:00-04:00,32.50852858411803,33.161902259724414,32.41885027554374,32.425254821777344,38500,0.0,0.0
2002-07-11 00:00:00-04:00,32.50853486988652,32.662270888276055,32.27152751660579,32.59821319580078,57300,0.0,0.0
2002-07-12 00:00:00-04:00,32.66866263503594,32.777557004248656,32.18824112569718,32.380409240722656,44900,0.0,0.0
2002-07-15 00:00:00-04:00,32.66867186068693,32.81600087193059,32.124194973762485,32.62383270263672,77100,0.0,0.0
2002-07-16 00:00:00-04:00,32.68149267350018,32.988962320347134,32.44448527888824,32.47651290893555,54900,0.0,0.0
2002-07-17 00:00:00-04:00,33.5334344485893,33.5334344485893,32.76476166587128,32.809600830078125,111000,0.0,0.0
2002-07-18 00:00:00-04:00,32.70069967682711,33.142689156747075,32.66867205567877,32.75835037231445,65800,0.0,0.0
2002-07-19 00:00:00-04:00,32.74554134283133,32.828815119034886,31.86797174969728,31.87437629699707,58300,0.0,0.0
2002-07-22 00:00:00-04:00,32.572595799077476,32.79679409651173,32.18825935140667,32.47651290893555,99200,0.0,0.0
2002-07-23 00:00:00-04:00,32.47649766717735,32.47649766717735,31.50284302067181,31.835935592651367,74200,0.0,0.0
2002-07-24 00:00:00-04:00,31.387546110298256,31.83594011486981,30.875096866595374,31.73985481262207,150300,0.0,0.0
2002-07-25 00:00:00-04:00,30.426699404096247,30.779008066380953,30.202503649065196,30.612462997436523,82800,0.0,0.0
2002-07-26 00:00:00-04:00,30.394682501569406,30.42671012878418,30.27297409718142,30.42671012878418,56800,0.0,0.0
2002-07-29 00:00:00-04:00,30.170469346498617,30.45231819152832,30.10641412365557,30.45231819152832,222400,0.0,0.0
2002-07-30 00:00:00-04:00,31.04805389430018,31.547691681120654,31.016023826077426,31.323495864868164,94300,0.0,0.0
2002-07-31 00:00:00-04:00,30.746993570123948,30.81104882930777,30.586852978612885,30.7277774810791,25600,0.0,0.0
2002-08-01 00:00:00-04:00,30.811035760571663,31.381138077121058,30.77900814456451,31.12491226196289,45200,0.0,0.0
2002-08-02 00:00:00-04:00,31.11210782056715,31.227409219322578,30.689336839647595,30.81104278564453,57600,0.0,0.0
2002-08-05 00:00:00-04:00,30.65090866085435,30.746993994507804,30.202516953275676,30.36265754699707,78100,0.0,0.0
2002-08-06 00:00:00-04:00,30.138451636797306,30.58684567466488,30.138451636797306,30.33061981201172,56500,0.0,0.0
2002-08-07 00:00:00-04:00,31.57970726317035,31.919206797167785,31.52205658332552,31.771875381469727,116000,0.0,0.0
2002-08-08 00:00:00-04:00,31.70783771575017,32.20747558872853,31.70783771575017,31.96406364440918,34100,0.0,0.0
2002-08-09 00:00:00-04:00,33.30922929103204,33.30922929103204,32.7711570278195,32.9569206237793,52700,0.0,0.0
2002-08-12 00:00:00-04:00,32.89286969790529,32.89286969790529,32.26511900258576,32.63664627075195,47400,0.0,0.0
2002-08-13 00:00:00-04:00,32.092166571028514,32.662269005210526,32.06013894841291,32.08576202392578,62500,0.0,0.0
2002-08-14 00:00:00-04:00,32.31636182189616,32.8095949838349,31.93202305547014,32.796783447265625,35200,0.0,0.0
2002-08-15 00:00:00-04:00,32.23309449462446,32.5661871813096,32.0921700077631,32.45088577270508,25400,0.0,0.0
2002-08-16 00:00:00-04:00,31.803917260408912,32.169037553974235,31.803917260408912,31.810321807861328,45500,0.0,0.0
2002-08-19 00:00:00-04:00,30.586850296163846,31.195384979248043,30.586850296163846,31.195384979248047,96300,0.0,0.0
2002-08-20 00:00:00-04:00,31.035239910965945,31.26584270011804,30.97118222311762,31.150541305541992,60700,0.0,0.0
2002-08-21 00:00:00-04:00,32.188246261153154,32.188246261153154,31.611739380548105,31.957643508911133,69000,0.0,0.0
2002-08-22 00:00:00-04:00,31.816723801918563,32.25230630025908,31.727045483475088,32.02811050415039,43700,0.0,0.0
2002-08-23 00:00:00-04:00,32.03451853740955,32.27793288792616,32.015302450952056,32.02170944213867,17900,0.0,0.0
2002-08-26 00:00:00-04:00,32.92489893018709,33.085039484432066,32.764758375942115,32.95051956176758,43300,0.0,0.0
2002-08-27 00:00:00-04:00,32.796771412827255,32.95050490814614,32.66865853769495,32.76474380493164,34000,0.0,0.0
2002-08-28 00:00:00-04:00,32.22027897850251,32.431665682702786,32.02811080239831,32.31636428833008,17200,0.0,0.0
2002-08-29 00:00:00-04:00,31.83594346780767,31.99608402605263,31.45801165260753,31.8615665435791,42400,0.0,0.0
2002-08-30 00:00:00-04:00,31.861558066235123,32.34197961314515,31.861558066235123,32.05372619628906,28200,0.0,0.0
2002-09-03 00:00:00-04:00,31.003196269630052,31.163336741180725,30.618857671778635,30.714942932128906,46000,0.0,0.0
2002-09-04 00:00:00-04:00,30.714961666464465,31.003215179783446,30.61887634750775,30.939157485961914,76900,0.0,0.0
2002-09-05 00:00:00-04:00,30.650904728250612,30.875102996826175,30.49717114639142,30.875102996826172,49700,0.0,0.0
2002-09-06 00:00:00-04:00,30.919933145259492,31.547683715820312,30.919933145259492,31.547683715820312,29400,0.0,0.0
2002-09-09 00:00:00-04:00,31.438786983057636,31.96404767519231,31.291455559376878,31.919208526611328,79800,0.0,0.0
2002-09-10 00:00:00-04:00,31.932030355847118,31.932030355847118,31.393957914675884,31.592533111572266,41800,0.0,0.0
2002-09-11 00:00:00-04:00,31.996092016984626,32.04093118900759,31.778300705636692,31.867979049682617,18100,0.0,0.0
2002-09-12 00:00:00-04:00,31.867967734435474,31.867967734435474,31.68861111002715,31.73985481262207,30600,0.0,0.0
2002-09-13 00:00:00-04:00,31.71423807756068,31.71423807756068,31.265846426929915,31.40036392211914,25500,0.0,0.0
2002-09-16 00:00:00-04:00,31.419571423533995,31.707824865567446,31.38754380631929,31.47081756591797,16700,0.0,0.0
2002-09-17 00:00:00-04:00,31.803911991791168,32.22027592665452,31.803911991791168,31.970457077026367,128500,0.0,0.0
2002-09-18 00:00:00-04:00,33.62952228833582,34.07150941587546,33.34126875143981,34.033077239990234,164700,0.0,0.0
2002-09-19 00:00:00-04:00,34.70566148741111,34.78252827008712,34.04588317871094,34.04588317871094,120900,0.0,0.0
2002-09-20 00:00:00-04:00,33.213152542810775,33.411727725117366,33.053011976175135,33.2772102355957,68600,0.0,0.0
2002-09-23 00:00:00-04:00,33.277201792331724,33.277201792331724,32.604612071825215,32.82880783081055,81600,0.0,0.0
2002-09-24 00:00:00-04:00,32.86084152975004,32.94411530287998,32.32276916503906,32.32276916503906,86400,0.0,0.0
2002-09-25 00:00:00-04:00,32.52091468493135,33.067756471951434,32.52091468493135,32.874752044677734,51200,0.218,0.0
2002-09-26 00:00:00-04:00,33.20928175963039,33.96842479376222,33.20928175963039,33.53095245361328,54200,0.0,0.0
2002-09-27 00:00:00-04:00,33.485942405181646,33.711113522508164,33.35727354587426,33.3765754699707,53100,0.0,0.0
2002-09-30 00:00:00-04:00,33.132089644940514,33.132089644940514,32.649583485062735,32.874752044677734,53500,0.0,0.0
2002-10-01 00:00:00-04:00,32.03840446724232,32.36007519975309,31.63309865711593,32.29574203491211,131700,0.0,0.0
2002-10-02 00:00:00-04:00,31.588068335496175,31.6845705472506,31.157030685740306,31.362899780273438,90300,0.0,0.0
2002-10-03 00:00:00-04:00,31.78106889972441,32.006237427604184,31.4079296773489,31.6202335357666,62700,0.0,0.0
2002-10-04 00:00:00-04:00,31.97408765062139,32.16065735986667,31.71674995137589,32.10275650024414,34400,0.0,0.0
2002-10-07 00:00:00-04:00,30.880395974278407,31.37576928753086,30.880395974278407,30.976898193359375,42900,0.0,0.0
2002-10-08 00:00:00-04:00,31.26641022758002,31.330745879515415,30.886838470700837,31.169910430908203,43300,0.0,0.0
2002-10-09 00:00:00-04:00,30.237063988663394,30.237063988663394,29.593722201670555,29.77385711669922,73100,0.0,0.0
2002-10-10 00:00:00-04:00,29.529382132860572,30.23705695220827,29.27204449628673,30.1727237701416,63000,0.0,0.0
2002-10-11 00:00:00-04:00,30.719560623168945,30.835362304572847,30.552292891226298,30.719560623168945,105800,0.0,0.0
2002-10-14 00:00:00-04:00,30.391460806792143,30.655230786696603,30.262791985195264,30.610197067260742,32400,0.0,0.0
2002-10-15 00:00:00-04:00,31.362902927398686,32.25071502050647,31.362902927398686,32.16707992553711,95700,0.0,0.0
2002-10-16 00:00:00-04:00,32.102751017607396,32.1670842043546,31.787512512577067,31.83254623413086,19800,0.0,0.0
2002-10-17 00:00:00-04:00,32.48874939732688,32.71391796594404,32.29574741649025,32.52091598510742,34600,0.0,0.0
2002-10-18 00:00:00-04:00,32.263578624114174,32.327911795279334,32.10274324204811,32.14134216308594,31800,0.0,0.0
2002-10-21 00:00:00-04:00,32.03841925843599,32.63672729345944,32.02555212869683,32.617427825927734,51800,0.0,0.0
2002-10-22 00:00:00-04:00,31.703875481812545,31.703875481812545,31.266402966858983,31.388639450073242,71600,0.0,0.0
2002-10-23 00:00:00-04:00,31.909744887449836,32.48232101796125,31.851844040730867,32.360084533691406,68000,0.0,0.0
2002-10-24 00:00:00-04:00,32.360077123705864,32.681747875341415,31.851836747124956,32.03840637207031,23500,0.0,0.0
2002-10-25 00:00:00-04:00,32.48875458370504,32.78469116517358,32.43728607171726,32.75895690917969,105300,0.0,0.0
2002-10-28 00:00:00-05:00,32.7975643615603,32.80399915382624,31.877585399865783,32.10275650024414,79800,0.0,0.0
2002-10-29 00:00:00-05:00,31.523736109157184,31.523736109157184,30.751725754428804,31.08626365661621,53000,0.0,0.0
2002-10-30 00:00:00-05:00,31.85827623376892,32.0384110959155,31.703873170390825,32.01911163330078,121900,0.0,0.0
2002-10-31 00:00:00-05:00,31.845409722046703,32.167080527319904,30.976899529470458,31.266401290893555,115000,0.0,0.0
2002-11-01 00:00:00-05:00,32.649583485062735,33.247891319643436,32.649583485062735,32.874752044677734,53000,0.0,0.0
2002-11-04 00:00:00-05:00,33.13209139321737,33.35725996471381,33.112791931132925,33.29292678833008,72200,0.0,0.0
2002-11-05 00:00:00-05:00,33.453758430364196,33.67892697659964,33.22858988412875,33.58885955810547,41400,0.0,0.0
2002-11-06 00:00:00-05:00,33.13209139321737,33.57599620023323,33.0355891744884,33.29292678833008,61900,0.0,0.0
2002-11-07 00:00:00-05:00,33.34440002612045,33.801172024084195,33.26076492162659,33.27363204956055,51500,0.0,0.0
2002-11-08 00:00:00-05:00,33.27363220521195,33.64676910042735,33.23503082122951,33.40873336791992,26200,0.0,0.0
2002-11-11 00:00:00-05:00,32.81043419120479,33.13210511464798,32.68176533099665,33.067771911621094,45700,0.0,0.0
2002-11-12 00:00:00-05:00,33.325106944586004,33.58887700179668,33.196438085278615,33.3765754699707,32400,0.0,0.0
2002-11-13 00:00:00-05:00,33.37656494635223,33.473064719790656,33.15782869074345,33.29936218261719,12500,0.0,0.0
2002-11-14 00:00:00-05:00,32.97768831096789,33.42159557182598,32.97768831096789,33.14495849609375,38300,0.0,0.0
2002-11-15 00:00:00-05:00,33.45376216624356,34.64394310780433,33.44089504014275,34.25150680541992,36000,0.0,0.0
2002-11-18 00:00:00-05:00,33.3250844747296,33.453753247280446,33.04201513843989,33.18998336791992,44700,0.0,0.0
2002-11-19 00:00:00-05:00,33.286507561576286,33.36370789447125,32.97126898317752,33.35727310180664,17300,0.0,0.0
2002-11-20 00:00:00-05:00,33.47949744434274,34.01346969604492,33.382995222706306,34.01346969604492,91000,0.0,0.0
2002-11-21 00:00:00-05:00,33.06777123991196,33.73684488192549,33.06777123991196,33.35727310180664,110900,0.0,0.0
2002-11-22 00:00:00-05:00,33.31223405098986,33.479504275401865,32.97769605631977,33.13209915161133,80000,0.0,0.0
2002-11-25 00:00:00-05:00,32.97125756110652,33.8719367980957,32.97125756110652,33.8719367980957,56900,0.0,0.0
2002-11-26 00:00:00-05:00,33.58243331565247,33.60173277907324,33.466631626820806,33.51166534423828,30300,0.0,0.0
2002-11-27 00:00:00-05:00,33.61459318196999,34.09709930419922,33.588858933121024,34.09709930419922,27000,0.0,0.0
2002-11-29 00:00:00-05:00,34.09710524338417,34.341575741726125,33.64676562669746,34.032772064208984,25300,0.0,0.0
2002-12-02 00:00:00-05:00,34.032771113404,34.032771113404,33.5952986356051,33.756134033203125,53900,0.0,0.0
2002-12-03 00:00:00-05:00,33.775434412782175,33.78186674903327,33.460195945102015,33.678932189941406,29400,0.0,0.0
2002-12-04 00:00:00-05:00,33.61459903710987,34.032772064208984,33.45376363501843,34.032772064208984,43600,0.0,0.0
2002-12-05 00:00:00-05:00,33.45377182407352,33.45377182407352,33.03559869461097,33.38943862915039,125600,0.0,0.0
2002-12-06 00:00:00-05:00,33.099933953507076,33.151400018008076,32.87476286562229,32.926231384277344,37300,0.0,0.0
2002-12-09 00:00:00-05:00,33.08704931386682,33.31865261693982,32.61741037337001,32.84257888793945,107900,0.0,0.0
2002-12-10 00:00:00-05:00,33.00341526382483,33.25431803186828,33.00341526382483,33.11921691894531,68600,0.0,0.0
2002-12-11 00:00:00-05:00,32.87475403661942,33.06775847558762,32.69461917801272,32.971256256103516,40200,0.0,0.0
2002-12-12 00:00:00-05:00,33.13209382654092,33.550266866207224,33.00342501017024,33.350830078125,23300,0.0,0.0
2002-12-13 00:00:00-05:00,32.810411565177326,32.95837979342392,32.72677649559353,32.90691375732422,76700,0.0,0.0
2002-12-16 00:00:00-05:00,33.292931670126315,33.49236847280502,33.20929656524122,33.40873336791992,31400,0.0,0.0
2002-12-17 00:00:00-05:00,33.312224344727895,34.00703438986052,33.312224344727895,33.6982307434082,27100,0.0,0.0
2002-12-18 00:00:00-05:00,32.81041557679802,32.99698519554516,32.48874483584902,32.58524703979492,24100,0.0,0.0
2002-12-19 00:00:00-05:00,32.52092117512262,32.69462372184278,32.49518691912992,32.61098861694336,64100,0.0,0.0
2002-12-20 00:00:00-05:00,32.520920565580106,33.157829891616366,32.520920565580106,32.8104248046875,18000,0.0,0.0
2002-12-23 00:00:00-05:00,32.93909362808564,33.003426812707865,32.64958938897825,32.8104248046875,33800,0.0,0.0
2002-12-24 00:00:00-05:00,33.299355649386186,33.61459407073818,33.228590144410084,33.415157318115234,19000,0.0,0.0
2002-12-26 00:00:00-05:00,33.61460341764668,34.29011170362987,33.61460341764668,33.83333969116211,35900,0.0,0.0
2002-12-27 00:00:00-05:00,33.904104449943695,34.00060422211696,33.38943163589224,33.6338996887207,23000,0.0,0.0
2002-12-30 00:00:00-05:00,34.25794172798594,34.57961254233322,34.14857482910156,34.14857482910156,29900,0.0,0.0
2002-12-31 00:00:00-05:00,33.987732427820724,34.20646618057771,33.987732427820724,34.09709930419922,33900,0.0,0.0
2003-01-02 00:00:00-05:00,34.097109812165336,34.88198746486892,34.097109812165336,34.61821746826172,109900,0.0,0.0
2003-01-03 00:00:00-05:00,34.67611360405518,34.89484984863345,34.67611360405518,34.78548049926758,23400,0.0,0.0
2003-01-06 00:00:00-05:00,35.126445098775356,35.621818350818344,34.611772386962215,35.486717224121094,68200,0.0,0.0
2003-01-07 00:00:00-05:00,35.06212356759625,35.287292186827514,34.669684727661284,35.01708984375,53000,0.0,0.0
2003-01-08 00:00:00-05:00,34.03278152229888,34.08424758911133,33.775443825774175,34.08424758911133,45700,0.0,0.0
2003-01-09 00:00:00-05:00,34.22577335492398,34.48310852050781,34.20003910211957,34.48310852050781,17700,0.0,0.0
2003-01-10 00:00:00-05:00,34.032767831237045,34.219335009301375,33.640329106280646,34.161434173583984,28000,0.0,0.0
2003-01-13 00:00:00-05:00,34.000605020200794,34.47024658158463,34.000605020200794,34.21934127807617,52700,0.0,0.0
2003-01-14 00:00:00-05:00,33.77543095398029,34.11640118590096,33.77543095398029,34.00703430175781,29700,0.0,0.0
2003-01-15 00:00:00-05:00,34.03277220083281,34.15500622341775,33.8719367980957,33.8719367980957,20000,0.0,0.0
2003-01-16 00:00:00-05:00,33.93628036909765,34.01348069888786,33.78187725536299,33.90411376953125,47700,0.0,0.0
2003-01-17 00:00:00-05:00,33.55026672523335,33.640334160068306,33.3701294014099,33.51166534423828,43200,0.0,0.0
2003-01-21 00:00:00-05:00,33.45376863805612,33.45376863805612,32.803994596260026,32.89406204223633,75200,0.0,0.0
2003-01-22 00:00:00-05:00,32.76539169874585,32.76539169874585,32.50162171020496,32.61098861694336,28600,0.0,0.0
2003-01-23 00:00:00-05:00,32.8104282860617,33.26076798866197,32.8104282860617,33.13209915161133,27400,0.0,0.0
2003-01-24 00:00:00-05:00,32.810419570730154,32.810419570730154,32.18637747199702,32.572383880615234,51800,0.0,0.0
2003-01-27 00:00:00-05:00,32.29575623977858,32.37939135418001,32.16708739935037,32.179954528808594,21900,0.0,0.0
2003-01-28 00:00:00-05:00,32.167075846759204,32.42441343519452,32.089875551889854,32.34077835083008,47700,0.0,0.0
2003-01-29 00:00:00-05:00,31.813244633163844,31.832544097061586,31.5880735863579,31.74890899658203,59900,0.0,0.0
2003-01-30 00:00:00-05:00,31.26640301204662,31.330738649134897,30.430059363127953,30.687397003173828,132600,0.0,0.0
2003-01-31 00:00:00-05:00,30.655237796954435,31.0669761568981,30.635935874101058,30.751737594604492,71000,0.0,0.0
2003-02-03 00:00:00-05:00,31.46584586631331,31.73605068582002,31.401512670987664,31.459413528442383,31600,0.0,0.0
2003-02-04 00:00:00-05:00,31.774647133546583,31.884016502021975,31.52374425560537,31.845415115356445,55100,0.0,0.0
2003-02-05 00:00:00-05:00,32.167075371432155,32.289309374348484,31.896873116305606,31.97407341003418,96100,0.0,0.0
2003-02-06 00:00:00-05:00,31.909754438155414,31.909754438155414,31.523750313932275,31.768220901489258,45400,0.0,0.0
2003-02-07 00:00:00-05:00,32.00625054523198,32.08988565593035,31.620246495192248,31.845415115356445,25100,0.0,0.0
2003-02-10 00:00:00-05:00,31.684566699688567,31.71673328164955,31.266393771737103,31.6202335357666,40500,0.0,0.0
2003-02-11 00:00:00-05:00,31.813245535706127,31.813245535706127,31.427239067725043,31.433673858642578,24500,0.0,0.0
2003-02-12 00:00:00-05:00,31.272833896307542,31.748905280523054,31.272833896307542,31.440101623535156,34300,0.0,0.0
2003-02-13 00:00:00-05:00,31.395073160632666,31.620244218739906,31.259971998260557,31.330739974975586,34600,0.0,0.0
2003-02-14 00:00:00-05:00,31.52374787686139,31.95478570044896,31.472279355394956,31.858285903930664,24700,0.0,0.0
2003-02-18 00:00:00-05:00,31.858270196661223,31.858270196661223,31.555898917511257,31.63953399658203,35300,0.0,0.0
2003-02-19 00:00:00-05:00,31.74890578608759,31.851840340056004,31.68457261016484,31.755340576171875,17800,0.0,0.0
2003-02-20 00:00:00-05:00,31.890447391245996,32.057717605047,31.845413669258136,31.95478057861328,22300,0.0,0.0
2003-02-21 00:00:00-05:00,31.459399671346944,31.60736791874281,31.137728928098625,31.549467086791992,45200,0.0,0.0
2003-02-24 00:00:00-05:00,31.440098826268926,31.440098826268926,31.202063155339513,31.259963989257812,31700,0.0,0.0
2003-02-25 00:00:00-05:00,30.880409159744822,31.195647749745163,30.6874070933273,31.176345825195312,51400,0.0,0.0
2003-02-26 00:00:00-05:00,30.912560690785604,31.1505963748443,30.848227518062675,31.12486457824707,163900,0.0,0.0
2003-02-27 00:00:00-05:00,30.89326904368856,31.07340393619717,30.867534786429086,31.002635955810547,200900,0.0,0.0
2003-02-28 00:00:00-05:00,30.449362419865757,30.623062511114895,30.410761036169443,30.545862197875977,241700,0.0,0.0
2003-03-03 00:00:00-05:00,31.16989998559573,31.324300590191285,31.041231178997194,31.189199447631836,113600,0.0,0.0
2003-03-04 00:00:00-05:00,31.2792773579671,31.49801366623907,31.086275310469283,31.169910430908203,133800,0.0,0.0
2003-03-05 00:00:00-05:00,31.009058107732894,31.330728829899932,31.009058107732894,31.304994583129883,87500,0.0,0.0
2003-03-06 00:00:00-05:00,30.816062119077817,30.835361580807678,30.35285540433456,30.52655792236328,52200,0.0,0.0
2003-03-07 00:00:00-05:00,30.39788920813193,30.719559993403166,30.33355603273901,30.565156936645508,37600,0.0,0.0
2003-03-10 00:00:00-05:00,30.58445995782019,30.58445995782019,30.11482088885118,30.33355712890625,25200,0.0,0.0
2003-03-11 00:00:00-05:00,29.947555081825957,30.011890723110184,29.606584772557785,29.69021987915039,76100,0.0,0.0
2003-03-12 00:00:00-05:00,29.786719723662543,30.23705939700184,29.78028738659723,30.230627059936523,31700,0.0,0.0
2003-03-13 00:00:00-05:00,30.14056297309902,30.166297234629454,29.767425997524736,30.12126350402832,99200,0.0,0.0
2003-03-14 00:00:00-05:00,29.97972091528228,30.04405655493533,29.690219126381546,29.99258804321289,78800,0.0,0.0
2003-03-17 00:00:00-05:00,29.658041876518883,30.378586116419303,29.658041876518883,30.35285186767578,71200,0.0,0.0
2003-03-18 00:00:00-05:00,30.108390274936024,30.397894523129917,29.851055074216596,30.198457717895508,72100,0.0,0.0
2003-03-19 00:00:00-05:00,30.08909171874834,30.346426927241712,29.921821501781505,30.17915916442871,85900,0.0,0.0
2003-03-20 00:00:00-05:00,30.48152885890312,30.70026512377234,30.32069344220968,30.55872917175293,67100,0.0,0.0
2003-03-21 00:00:00-05:00,30.333565741549016,30.938306127921916,30.333565741549016,30.893272399902344,144100,0.0,0.0
2003-03-24 00:00:00-05:00,31.079833885632528,31.079833885632528,30.81606392520052,30.835363388061523,49100,0.0,0.0
2003-03-25 00:00:00-05:00,30.237052526662946,30.79032664641108,30.237052526662946,30.571590423583984,37900,0.0,0.0
2003-03-26 00:00:00-05:00,31.017848835352066,31.36709126839043,31.01138247939201,31.270078659057617,57700,0.25,0.0
2003-03-27 00:00:00-05:00,31.01138309773738,31.01784945382637,30.810891519114033,30.920839309692383,34600,0.0,0.0
2003-03-28 00:00:00-05:00,30.33230539985447,30.59100161179616,30.33230539985447,30.409914016723633,47600,0.0,0.0
2003-03-31 00:00:00-05:00,29.038809301755823,29.32337580019285,28.71543727152305,29.07114601135254,197200,0.0,0.0
2003-04-01 00:00:00-05:00,29.297512354784423,29.750233797300453,29.297512354784423,29.56267738342285,48900,0.0,0.0
2003-04-02 00:00:00-05:00,29.45919736250722,29.685559309298213,29.297511314999348,29.65968894958496,115100,0.0,0.0
2003-04-03 00:00:00-05:00,28.909459632058677,29.006469759626775,28.780110328168448,28.805980682373047,120200,0.0,0.0
2003-04-04 00:00:00-05:00,28.78011426201389,28.864191691104683,28.560221155483962,28.683101654052734,62900,0.0,0.0
2003-04-07 00:00:00-04:00,29.200506210327145,29.71143233367859,28.974144224438593,29.20050621032715,96300,0.0,0.0
2003-04-08 00:00:00-04:00,28.78011575823952,28.83832283261567,28.553756284072954,28.57962417602539,65000,0.0,0.0
2003-04-09 00:00:00-04:00,28.586088208084444,28.78011093444063,28.456738901469386,28.49554443359375,50000,0.0,0.0
2003-04-10 00:00:00-04:00,28.230386276076572,28.424409049242488,28.191580734590023,28.217451095581055,54900,0.0,0.0
2003-04-11 00:00:00-04:00,27.033906772693985,27.48662820119922,27.033906772693985,27.266735076904297,206400,0.0,0.0
2003-04-14 00:00:00-04:00,26.710540876311402,27.28614294692269,26.626463420911833,27.137392044067383,146300,0.0,0.0
2003-04-15 00:00:00-04:00,27.195592658797075,27.771194592366786,27.195592658797075,27.499563217163086,164600,0.0,0.0
2003-04-16 00:00:00-04:00,27.661247384739042,27.687117742657566,27.350810491116086,27.40901756286621,267600,0.0,0.0
2003-04-17 00:00:00-04:00,28.004016265083504,28.48907429207848,27.926407671561464,28.29505157470703,92300,0.0,0.0
2003-04-21 00:00:00-04:00,28.71543756050339,28.721903915634687,28.424402236938477,28.424402236938477,54700,0.0,0.0
2003-04-22 00:00:00-04:00,28.126908056502128,28.579627050366607,27.93935163496771,28.51495361328125,127200,0.0,0.0
2003-04-23 00:00:00-04:00,28.514945893569276,28.793046038587896,28.456738829097176,28.657230377197266,69200,0.0,0.0
2003-04-24 00:00:00-04:00,28.747776697269895,28.747776697269895,28.19804271365449,28.47614288330078,60400,0.0,0.0
2003-04-25 00:00:00-04:00,27.745325158617625,28.06222841208517,27.58363912032063,27.693584442138672,85700,0.0,0.0
2003-04-28 00:00:00-04:00,27.603041500019582,28.13337152448988,27.596572676695207,27.919944763183594,75900,0.0,0.0
2003-04-29 00:00:00-04:00,28.036362476552256,28.256255622009405,27.842339693415603,28.204517364501953,78700,0.0,0.0
2003-04-30 00:00:00-04:00,28.94179524140092,29.362179846285514,28.715435818544712,29.284568786621094,192400,0.0,0.0
2003-05-01 00:00:00-04:00,28.844797057727973,29.155236517177986,28.780123609504,28.915939331054688,81700,0.0,0.0
2003-05-02 00:00:00-04:00,28.915927226488392,29.362182220681213,28.877124160651015,29.29750633239746,138600,0.0,0.0
2003-05-05 00:00:00-04:00,30.720337618015655,30.720337618015655,29.750221693236213,29.944244384765625,408200,0.0,0.0
2003-05-06 00:00:00-04:00,30.31936681839021,30.720347505560234,30.20295267257743,30.493988037109375,351200,0.0,0.0
2003-05-07 00:00:00-04:00,30.72035218493152,30.972582050234852,30.62333955959937,30.73975372314453,273000,0.0,0.0
2003-05-08 00:00:00-04:00,30.493993046444256,30.51986094199291,30.190022452761983,30.254695892333984,230400,0.0,0.0
2003-05-09 00:00:00-04:00,30.55866812578968,30.58453848986011,30.364645329528866,30.53926658630371,109700,0.0,0.0
2003-05-12 00:00:00-04:00,30.539266547915748,30.843234690393235,30.539266547915748,30.66861343383789,66600,0.0,0.0
2003-05-13 00:00:00-04:00,30.448701435265285,30.513374832972904,30.241741134910544,30.293481826782227,101900,0.0,0.0
2003-05-14 00:00:00-04:00,30.29349386259871,30.31936421881302,30.041264057341557,30.07360076904297,60600,0.0,0.0
2003-05-15 00:00:00-04:00,29.879580977584858,30.12534445158519,29.847244262695312,29.847244262695312,60200,0.0,0.0
2003-05-16 00:00:00-04:00,30.008936659768153,30.008936659768153,29.65322531924861,29.7179012298584,42900,0.0,0.0
2003-05-19 00:00:00-04:00,29.6855537191584,29.814900559100526,29.433321460152467,29.446256637573242,107500,0.0,0.0
2003-05-20 00:00:00-04:00,29.6855473522261,30.00891931699051,29.6855473522261,29.808427810668945,85300,0.0,0.0
2003-05-21 00:00:00-04:00,29.717885533830522,29.717885533830522,29.523862838745117,29.523862838745117,28600,0.0,0.0
2003-05-22 00:00:00-04:00,29.433331321606005,29.698496379741783,29.35572269821188,29.620887756347656,57800,0.0,0.0
2003-05-23 00:00:00-04:00,29.67261837752496,29.873107458605414,29.67261837752496,29.750226974487305,47600,0.0,0.0
2003-05-27 00:00:00-04:00,29.116423323771976,29.595012636102492,29.116423323771976,29.556209564208984,99300,0.0,0.0
2003-05-28 00:00:00-04:00,29.135830310565872,29.39452901820953,29.09055840679829,29.219907760620117,134500,0.0,0.0
2003-05-29 00:00:00-04:00,29.52387034424577,29.97658925882355,29.478598452787992,29.776100158691406,125900,0.0,0.0
2003-05-30 00:00:00-04:00,30.785016949744477,30.875563192537832,30.642734931049198,30.83675765991211,162800,0.0,0.0
2003-06-02 00:00:00-04:00,31.0437077595196,31.49642899110571,31.0437077595196,31.302406311035156,140500,0.0,0.0
2003-06-03 00:00:00-04:00,31.399434106640655,31.541718636844628,31.289488763943858,31.334760665893555,62500,0.0,0.0
2003-06-04 00:00:00-04:00,31.722802282211028,32.29193786480369,31.53524587348466,32.26606750488281,143100,0.0,0.0
2003-06-05 00:00:00-04:00,32.33073753098206,32.68644628030392,32.207854577249385,32.479488372802734,85400,0.0,0.0
2003-06-06 00:00:00-04:00,33.01628124600603,33.27497983708577,32.692909240722656,32.692909240722656,90500,0.0,0.0
2003-06-09 00:00:00-04:00,33.371998765084314,33.494881738485034,33.21031271977454,33.41727066040039,155000,0.0,0.0
2003-06-10 00:00:00-04:00,33.41726147058711,33.753568648402286,33.38492476384446,33.64362335205078,67600,0.0,0.0
2003-06-11 00:00:00-04:00,33.69537214627117,34.3227148155836,33.6177635323473,34.25804138183594,205300,0.0,0.0
2003-06-12 00:00:00-04:00,34.41972603606191,34.41972603606191,34.07694994314097,34.199832916259766,63000,0.0,0.0
2003-06-13 00:00:00-04:00,33.86999626288602,33.86999626288602,33.31379580360068,33.55309295654297,49300,0.0,0.0
2003-06-16 00:00:00-04:00,33.48840366850561,33.824710845947266,33.41079507898295,33.824710845947266,49000,0.0,0.0
2003-06-17 00:00:00-04:00,33.98640098822438,34.400316805628826,33.98640098822438,34.1610221862793,121600,0.0,0.0
2003-06-18 00:00:00-04:00,34.08341740845163,34.27744016122058,34.05108069417899,34.18042755126953,29700,0.0,0.0
2003-06-19 00:00:00-04:00,34.245100530722006,34.400317732866,34.14808792903229,34.186893463134766,53300,0.0,0.0
2003-06-20 00:00:00-04:00,34.309775298916335,34.60081064826291,34.309775298916335,34.44559097290039,48900,0.0,0.0
2003-06-23 00:00:00-04:00,34.76249135440721,34.76249135440721,34.1610192136022,34.32917404174805,71600,0.0,0.0
2003-06-24 00:00:00-04:00,33.501349092990395,33.54662098965543,33.22324888940044,33.242652893066406,95000,0.0,0.0
2003-06-25 00:00:00-04:00,33.37199975946174,33.43667565979273,33.18444581633517,33.242652893066406,146300,0.0,0.0
2003-06-26 00:00:00-04:00,33.37199954764528,33.63069821306061,33.37199954764528,33.56602478027344,53100,0.0,0.0
2003-06-27 00:00:00-04:00,33.56601051575135,33.805305075931045,33.546606520454645,33.65008544921875,37300,0.0,0.0
2003-06-30 00:00:00-04:00,33.72770852166845,33.7859155940476,33.43667315977265,33.501346588134766,60400,0.0,0.0
2003-07-01 00:00:00-04:00,33.68889045122599,33.77943420410156,33.274974742576354,33.77943420410156,70500,0.0,0.0
2003-07-02 00:00:00-04:00,34.26450367264861,34.885377444635516,34.05107939289883,34.76249694824219,89800,0.0,0.0
2003-07-03 00:00:00-04:00,34.988865203810725,35.34457653805123,34.988865203810725,35.12468338012695,61500,0.0,0.0
2003-07-07 00:00:00-04:00,36.05599269748304,36.79328076328213,36.023655977728154,36.6057243347168,156200,0.0,0.0
2003-07-08 00:00:00-04:00,36.65744719963886,37.123103632057585,36.65744719963886,37.11016845703125,105000,0.0,0.0
2003-07-09 00:00:00-04:00,38.01562060075095,38.47481082533094,37.97681753045768,38.12556838989258,143000,0.0,0.0
2003-07-10 00:00:00-04:00,37.640516952871195,37.66638731574576,37.381818258392705,37.45942687988281,79700,0.0,0.0
2003-07-11 00:00:00-04:00,36.07538260563482,36.86441114237516,35.89429505968108,36.2306022644043,225900,0.0,0.0
2003-07-14 00:00:00-04:00,35.829634589427826,36.3470295270852,35.829634589427826,35.9848518371582,178600,0.0,0.0
2003-07-15 00:00:00-04:00,35.57092927159978,35.622669989309685,35.131143039598435,35.16994857788086,162000,0.0,0.0
2003-07-16 00:00:00-04:00,34.76249424220232,34.76249424220232,34.115750163277625,34.5037956237793,103700,0.0,0.0
2003-07-17 00:00:00-04:00,34.083416627068125,34.083416627068125,33.6953686632933,33.772979736328125,77600,0.0,0.0
2003-07-18 00:00:00-04:00,33.63070131135572,34.5361442565918,33.63070131135572,34.5361442565918,121600,0.0,0.0
2003-07-21 00:00:00-04:00,34.01874030169841,34.14808962131723,33.66303152309644,33.79884719848633,67000,0.0,0.0
2003-07-22 00:00:00-04:00,33.79884755163359,34.20629704919355,33.68890223244532,33.95406723022461,63300,0.0,0.0
2003-07-23 00:00:00-04:00,33.792383948073166,34.14809275936307,33.792383948073166,34.051082611083984,134100,0.0,0.0
2003-07-24 00:00:00-04:00,34.051076549750874,34.16749068066987,33.792377932790245,33.80531311035156,79000,0.0,0.0
2003-07-25 00:00:00-04:00,33.96700323320662,34.148090806679114,33.630695977376874,34.141624450683594,72100,0.0,0.0
2003-07-28 00:00:00-04:00,33.98639487481159,33.98639487481159,33.727698769034056,33.87644958496094,66600,0.0,0.0
2003-07-29 00:00:00-04:00,33.4366728715945,33.54661819228914,32.98395147556212,33.14563751220703,85800,0.0,0.0
2003-07-30 00:00:00-04:00,32.98393728703713,33.04861068702163,32.75757791995931,32.867523193359375,56800,0.0,0.0
2003-07-31 00:00:00-04:00,32.91927473392028,33.559549992985914,32.85459884549307,33.17797088623047,137800,0.0,0.0
2003-08-01 00:00:00-04:00,32.725250244140625,32.98394886918347,32.53122750892496,32.725250244140625,131100,0.0,0.0
2003-08-04 00:00:00-04:00,32.39540907336967,32.524758374840474,32.11084258384008,32.38894271850586,138500,0.0,0.0
2003-08-05 00:00:00-04:00,32.608831887730865,32.951607891603494,32.53122329711914,32.53122329711914,84200,0.0,0.0
2003-08-06 00:00:00-04:00,32.91927371204982,33.514277064312935,32.88693453527364,33.27498245239258,215200,0.0,0.0
2003-08-07 00:00:00-04:00,33.56602089492325,33.80531552909683,33.40433486453755,33.747108459472656,211400,0.0,0.0
2003-08-08 00:00:00-04:00,33.24911209782476,33.37199258132271,33.13269796940235,33.27498245239258,58800,0.0,0.0
2003-08-11 00:00:00-04:00,33.630695251756876,33.86998989255865,33.630695251756876,33.792381286621094,35100,0.0,0.0
2003-08-12 00:00:00-04:00,33.66303149149408,33.78591445522648,33.46900874581452,33.76004409790039,42300,0.0,0.0
2003-08-13 00:00:00-04:00,34.406792629997135,34.73016473654385,34.30978001117977,34.471466064453125,60000,0.0,0.0
2003-08-14 00:00:00-04:00,35.247549230199866,36.01717372889336,35.11819993225884,35.978370666503906,549200,0.0,0.0
2003-08-15 00:00:00-04:00,35.764947400367625,36.185332042391956,35.570924668330576,35.84255599975586,98500,0.0,0.0
2003-08-18 00:00:00-04:00,35.60325571097724,35.874889466290306,35.60325571097724,35.75200653076172,131600,0.0,0.0
2003-08-19 00:00:00-04:00,35.603259969070656,35.82962187009282,35.51918255056912,35.76494598388672,96000,0.0,0.0
2003-08-20 00:00:00-04:00,36.07538463167108,36.2176691212729,35.90723225343222,35.99777603149414,42400,0.0,0.0
2003-08-21 00:00:00-04:00,37.3171320703906,37.640504094454414,37.1360420592646,37.22011947631836,81200,0.0,0.0
2003-08-22 00:00:00-04:00,36.34702264922643,36.799744059184384,36.1335958900663,36.172401428222656,60000,0.0,0.0
2003-08-25 00:00:00-04:00,35.726149494115056,36.004247221015895,35.66794241938389,35.86196517944336,48600,0.0,0.0
2003-08-26 00:00:00-04:00,35.89430029722251,36.204737192926295,35.887833941266095,36.10772705078125,35600,0.0,0.0
2003-08-27 00:00:00-04:00,36.010712353413226,36.57337904005415,36.00424353069877,36.54104232788086,89800,0.0,0.0
2003-08-28 00:00:00-04:00,35.590324246093864,35.95250180189609,35.409236701759134,35.89429473876953,82400,0.0,0.0
2003-08-29 00:00:00-04:00,35.95897011511021,36.17886320254854,35.764947383166486,35.82315444946289,47400,0.0,0.0
2003-09-02 00:00:00-04:00,36.76739496510505,37.05843025498505,36.54103555471646,36.929080963134766,157900,0.0,0.0
2003-09-03 00:00:00-04:00,37.47882157076307,38.06088978797427,37.38180896766138,37.84746551513672,347600,0.0,0.0
2003-09-04 00:00:00-04:00,38.125557812376506,38.61061579353363,38.08028593150577,38.51360321044922,460400,0.0,0.0
2003-09-05 00:00:00-04:00,38.578289791334925,38.67529993420125,38.12556838989258,38.12556838989258,98100,0.0,0.0
2003-09-08 00:00:00-04:00,38.3519319424505,38.50068281773094,38.28725850698367,38.48128128051758,156600,0.0,0.0
2003-09-09 00:00:00-04:00,38.70762915132755,39.19268717310926,38.70762915132755,38.82404327392578,333000,0.0,0.0
2003-09-10 00:00:00-04:00,38.84345893367872,39.257374841786635,38.48128128051758,38.48128128051758,279300,0.0,0.0
2003-09-11 00:00:00-04:00,39.289701913389344,39.53546534866534,39.24443002625071,39.41258239746094,236900,0.0,0.0
2003-09-12 00:00:00-04:00,40.42150851766111,41.13292608071871,40.42150851766111,40.90656661987305,234000,0.0,0.0
2003-09-15 00:00:00-04:00,40.77720593655457,40.86128334164027,40.64785665191483,40.744869232177734,254700,0.0,0.0
2003-09-16 00:00:00-04:00,42.74978319722996,43.23484126285874,42.620436353435274,43.20250701904297,338700,0.0,0.0
2003-09-17 00:00:00-04:00,43.49353529535071,43.668154009474655,42.91146469116211,42.91146469116211,243600,0.0,0.0
2003-09-18 00:00:00-04:00,42.620442054844936,43.13783443350195,42.297069967834375,43.131370544433594,154500,0.0,0.0
2003-09-19 00:00:00-04:00,41.90254705980264,41.92194859157392,41.4627609140136,41.68265151977539,203200,0.0,0.0
2003-09-22 00:00:00-04:00,40.42151365722837,40.48618709222657,40.16928380674861,40.324501037597656,173600,0.0,0.0
2003-09-23 00:00:00-04:00,40.32448606817835,40.874219930122266,39.96877737346905,40.803077697753906,112400,0.0,0.0
2003-09-24 00:00:00-04:00,40.64787667818162,40.67374704128177,39.45140075683594,39.45140075683594,89300,0.0,0.0
2003-09-25 00:00:00-04:00,39.209501422982335,39.781713754144086,39.209501422982335,39.33955001831055,180100,0.328,0.0
2003-09-26 00:00:00-04:00,39.4045825026474,39.41108629822859,39.01443910379791,39.209510803222656,111800,0.0,0.0
2003-09-29 00:00:00-04:00,38.88437632567857,39.00792359204475,38.61127654197081,38.94940185546875,172900,0.0,0.0
2003-09-30 00:00:00-04:00,38.59176463293706,38.81935024874726,38.23413292862976,38.7218132019043,186500,0.0,0.0
2003-10-01 00:00:00-04:00,39.07945265914976,40.86111270238157,39.07945265914976,40.73756790161133,300200,0.0,0.0
2003-10-02 00:00:00-04:00,39.56714145737645,39.90526688360774,39.339558228408826,39.645172119140625,348000,0.0,0.0
2003-10-03 00:00:00-04:00,40.29540765250895,40.77008295606099,40.18486546923198,40.477474212646484,175100,0.0,0.0
2003-10-06 00:00:00-04:00,40.86761680164123,41.088698683674735,40.737570678479834,40.99766540527344,69900,0.0,0.0
2003-10-07 00:00:00-04:00,41.16022440029141,41.22524994054287,40.81559771860628,40.965152740478516,179500,0.0,0.0
2003-10-08 00:00:00-04:00,39.76220980853329,40.15235313833691,39.76220980853329,40.02230453491211,391200,0.0,0.0
2003-10-09 00:00:00-04:00,40.18486278785035,41.17322865495012,40.18486278785035,40.72456359863281,221400,0.0,0.0
2003-10-10 00:00:00-04:00,40.84810108925693,40.89361771810582,40.249881121259925,40.77007293701172,154900,0.0,0.0
2003-10-13 00:00:00-04:00,40.900129680697795,41.11470776235076,40.74407086456504,40.965152740478516,68500,0.0,0.0
2003-10-14 00:00:00-04:00,41.03017705195452,41.15372434196593,40.750573421520315,41.10820770263672,70700,0.0,0.0
2003-10-15 00:00:00-04:00,40.54249683117033,40.93914395895583,40.314913633492175,40.321414947509766,152000,0.0,0.0
2003-10-16 00:00:00-04:00,41.030175994849905,41.745439577712986,40.9651529347608,41.582881927490234,258700,0.0,0.0
2003-10-17 00:00:00-04:00,40.3474280182011,40.744075174040525,40.28890626602035,40.43846130371094,153000,0.0,0.0
2003-10-20 00:00:00-04:00,40.44495500309517,40.86760979181536,40.44495500309517,40.83509826660156,89000,0.0,0.0
2003-10-21 00:00:00-04:00,40.509980718874175,40.81559453302659,40.39293723602731,40.588008880615234,105000,0.0,0.0
2003-10-22 00:00:00-04:00,39.599648764272516,39.71669225661781,39.22250807105529,39.27452850341797,243000,0.0,0.0
2003-10-23 00:00:00-04:00,38.526746516944485,39.072948592099735,38.4747260905152,38.754329681396484,144000,0.0,0.0
2003-10-24 00:00:00-04:00,38.42920606219768,38.819351784534504,38.286154863097394,38.65679168701172,99900,0.0,0.0
2003-10-27 00:00:00-05:00,38.708806603913075,39.11845871219453,38.656788666614666,39.00141525268555,107600,0.0,0.0
2003-10-28 00:00:00-05:00,38.42921384081954,39.30704003340927,38.42921384081954,39.27452850341797,80800,0.0,0.0
2003-10-29 00:00:00-05:00,39.176992627755325,39.71669346785911,39.176992627755325,39.34605407714844,213600,0.0,0.0
2003-10-30 00:00:00-05:00,39.0144249047886,39.14447348389863,38.83235838231676,38.94940185546875,164200,0.0,0.0
2003-10-31 00:00:00-05:00,38.4227164595164,38.4227164595164,37.55139397202884,37.726959228515625,259600,0.0,0.0
2003-11-03 00:00:00-05:00,38.29916987503725,38.29916987503725,37.9285329552538,38.110599517822266,265900,0.0,0.0
2003-11-04 00:00:00-05:00,40.24989039189896,40.50998511944659,39.983291869891914,40.17185974121094,293700,0.0,0.0
2003-11-05 00:00:00-05:00,40.96515683279051,41.49185259932452,40.96515683279051,41.22525405883789,351100,0.0,0.0
2003-11-06 00:00:00-05:00,40.509990470898494,40.70506216244629,40.392946959875594,40.575016021728516,213300,0.0,0.0
2003-11-07 00:00:00-05:00,41.0561800559531,41.73243069356788,41.0561800559531,41.19272994995117,179800,0.0,0.0
2003-11-10 00:00:00-05:00,41.68041026891888,41.68041026891888,41.18622863710523,41.19272994995117,177900,0.0,0.0
2003-11-11 00:00:00-05:00,40.47747611999512,40.50998765291297,39.833736854149414,39.98979568481445,224000,0.0,0.0
2003-11-12 00:00:00-05:00,40.477475323563745,41.03017881370516,40.24989211714573,40.9781608581543,202000,0.0,0.0
2003-11-13 00:00:00-05:00,40.31490821211193,40.464463219113306,40.249885158796715,40.34741973876953,165800,0.0,0.0
2003-11-14 00:00:00-05:00,40.47747307832635,41.12771360970508,40.412450017376784,40.44496154785156,204300,0.0,0.0
2003-11-17 00:00:00-05:00,39.66466675895436,39.78171023635284,39.11196337827185,39.59964370727539,275500,0.0,0.0
2003-11-18 00:00:00-05:00,39.274521712341425,39.40456780981999,38.68930435180664,38.68930435180664,203300,0.0,0.0
2003-11-19 00:00:00-05:00,38.49423040486953,38.8323556949679,38.46822019475347,38.767330169677734,113300,0.0,0.0
2003-11-20 00:00:00-05:00,38.396708151065624,38.81936554665211,38.20163646097614,38.21464157104492,132700,0.0,0.0
2003-11-21 00:00:00-05:00,38.27315507328239,38.60477662687988,38.27315507328239,38.377193450927734,64300,0.0,0.0
2003-11-24 00:00:00-05:00,39.02744035659941,39.46960415450529,38.75433802002414,39.170494079589844,143500,0.0,0.0
2003-11-25 00:00:00-05:00,37.648920390402836,38.33167231862873,37.58389486170924,38.07157516479492,337600,0.0,0.0
2003-11-26 00:00:00-05:00,38.62428129282522,38.62428129282522,38.37718924283491,38.47472381591797,165300,0.0,0.0
2003-11-28 00:00:00-05:00,39.07945949165889,39.26152854835388,38.689316119615896,38.734832763671875,73200,0.0,0.0
2003-12-01 00:00:00-05:00,39.72968132101853,39.85972987705754,39.66465828323397,39.75569152832031,252100,0.0,0.0
2003-12-02 00:00:00-05:00,40.509975575184306,41.088689122184476,40.509975575184306,40.62051773071289,263100,0.0,0.0
2003-12-03 00:00:00-05:00,40.705061736255054,41.218752420313656,40.5750155968989,40.672550201416016,145100,0.0,0.0
2003-12-04 00:00:00-05:00,41.25775761812033,41.61538937446302,41.04968086968565,41.57637405395508,120500,0.0,0.0
2003-12-05 00:00:00-05:00,41.61538225224848,41.61538225224848,40.991152113777574,41.01716232299805,104600,0.0,0.0
2003-12-08 00:00:00-05:00,41.257755820513886,41.55686582329765,41.127707238290824,41.45282745361328,84400,0.0,0.0
2003-12-09 00:00:00-05:00,41.79745301062935,42.233112897305,41.42031486042195,41.459327697753906,175800,0.0,0.0
2003-12-10 00:00:00-05:00,41.485337709729464,41.901493656204266,41.361792924656356,41.52435302734375,128000,0.0,0.0
2003-12-11 00:00:00-05:00,42.26563887411546,43.14346268931252,42.26563887411546,43.019920349121094,190900,0.0,0.0
2003-12-12 00:00:00-05:00,42.967893720910595,42.97439255407675,42.59075303773677,42.811832427978516,68700,0.0,0.0
2003-12-15 00:00:00-05:00,43.72867295504308,44.008276564197,42.91587234249582,42.92887496948242,140000,0.0,0.0
2003-12-16 00:00:00-05:00,42.92238397272904,43.338537565454416,42.857360904042345,43.149967193603516,124900,0.0,0.0
2003-12-17 00:00:00-05:00,41.87549065368279,42.39568009527311,41.87549065368279,42.23311996459961,112300,0.0,0.0
2003-12-18 00:00:00-05:00,43.63113844830854,44.30738919292282,43.46207452191959,44.15133285522461,137400,0.0,0.0
2003-12-19 00:00:00-05:00,44.2813796355413,44.60649990446736,44.22286036838658,44.242366790771484,101100,0.0,0.0
2003-12-22 00:00:00-05:00,44.37892093634307,44.951130878227836,44.37892093634307,44.83408737182617,82900,0.0,0.0
2003-12-23 00:00:00-05:00,44.996637170801634,45.354271402798645,44.70403095257931,44.899105072021484,131100,0.0,0.0
2003-12-24 00:00:00-05:00,44.73655545364184,44.801578521728516,44.37892113775198,44.801578521728516,36400,0.0,0.0
2003-12-26 00:00:00-05:00,43.891243633284446,44.021289778191274,43.63114638252834,43.72868347167969,65400,0.0,0.0
2003-12-29 00:00:00-05:00,43.923739028269125,44.281368255615234,43.910731442727624,44.281368255615234,116200,0.0,0.0
2003-12-30 00:00:00-05:00,44.37891683527651,44.78856658935547,44.16433626654589,44.78856658935547,78900,0.0,0.0
2003-12-31 00:00:00-05:00,44.21634121981534,44.756041869447486,44.21634121981534,44.70402145385742,54600,0.0,0.0
2004-01-02 00:00:00-05:00,44.866601650122114,45.191721951934596,44.76906456738995,44.84059143066406,62800,0.0,0.0
2004-01-05 00:00:00-05:00,46.92785924074243,47.005889892578125,45.67939857702137,47.005889892578125,147200,0.0,0.0
2004-01-06 00:00:00-05:00,45.841962204207356,46.34914907739679,45.52984453404505,46.02402877807617,164500,0.0,0.0
2004-01-07 00:00:00-05:00,45.8744668313805,45.8744668313805,45.198216151859434,45.289249420166016,290100,0.0,0.0
2004-01-08 00:00:00-05:00,44.76255463239032,44.899109506049925,44.54797903294255,44.736549377441406,149600,0.0,0.0
2004-01-09 00:00:00-05:00,45.12669017588153,45.27624270772926,44.892603206871804,45.13319396972656,79700,0.0,0.0
2004-01-12 00:00:00-05:00,45.04215607045432,45.23072640581992,44.8015702667688,45.1787109375,102300,0.0,0.0
2004-01-13 00:00:00-05:00,44.996633733061365,44.996633733061365,44.54797123012765,44.55447006225586,78900,0.0,0.0
2004-01-14 00:00:00-05:00,44.85358857346712,45.25023068522486,44.76905413968288,45.19171142578125,55700,0.0,0.0
2004-01-15 00:00:00-05:00,44.866581531871454,44.866581531871454,44.67150745387867,44.70402145385742,44200,0.0,0.0
2004-01-16 00:00:00-05:00,44.57399510065987,44.96413846835139,44.54148108629305,44.83408737182617,106900,0.0,0.0
2004-01-20 00:00:00-05:00,45.43881019495601,45.43881019495601,45.094183479406865,45.341278076171875,125000,0.0,0.0
2004-01-21 00:00:00-05:00,44.57398198355426,45.08116870839397,44.41142188144202,44.78205871582031,91600,0.0,0.0
2004-01-22 00:00:00-05:00,44.93160231714262,45.45179652507078,44.93160231714262,45.3542594909668,156300,0.0,0.0
2004-01-23 00:00:00-05:00,45.28924815496188,45.386785214263,44.71703338623047,44.71703338623047,92400,0.0,0.0
2004-01-26 00:00:00-05:00,44.79507038381623,44.79507038381623,44.541476970204265,44.78856658935547,74900,0.0,0.0
2004-01-27 00:00:00-05:00,43.9887660456235,44.05378909638204,43.566108774281865,43.60512161254883,194200,0.0,0.0
2004-01-28 00:00:00-05:00,44.443933385085614,44.59998970268706,43.95625305175781,43.95625305175781,111900,0.0,0.0
2004-01-29 00:00:00-05:00,43.79369495817959,43.91724223581542,43.097937849016745,43.436065673828125,105300,0.0,0.0
2004-01-30 00:00:00-05:00,42.94838120342272,43.338524458493154,42.78582110039832,43.17596435546875,92000,0.0,0.0
2004-02-02 00:00:00-05:00,44.11881792010667,44.3399022747436,43.858720722097935,44.053794860839844,88600,0.0,0.0
2004-02-03 00:00:00-05:00,43.89123193800279,44.112311317623956,43.7091653992698,43.97576141357422,58400,0.0,0.0
2004-02-04 00:00:00-05:00,42.10307084597769,42.31114759998349,41.95351335359487,42.038047790527344,230200,0.0,0.0
2004-02-05 00:00:00-05:00,43.56611701432966,44.151334503725415,43.54010679691855,43.910743713378906,149200,0.0,0.0
2004-02-06 00:00:00-05:00,43.92375513080815,45.022658386789686,43.9172513356531,44.67152786254883,200600,0.0,0.0
2004-02-09 00:00:00-05:00,43.57911932449983,44.684531232166506,43.36454371407224,43.39705276489258,174500,0.0,0.0
2004-02-10 00:00:00-05:00,43.82620694724675,43.96275684526563,43.56610977728375,43.95625305175781,95700,0.0,0.0
2004-02-11 00:00:00-05:00,43.95625717575175,44.3203952322399,43.76768683386035,44.21635437011719,96400,0.0,0.0
2004-02-12 00:00:00-05:00,43.30601902972655,43.42956631999309,43.240995967827914,43.27350997924805,160000,0.0,0.0
2004-02-13 00:00:00-05:00,44.15133131176117,44.3724107023599,44.02128023410777,44.21635437011719,154700,0.0,0.0
2004-02-17 00:00:00-05:00,44.8665961940844,45.30225615490824,44.8665961940844,45.0811767578125,125900,0.0,0.0
2004-02-18 00:00:00-05:00,45.126698179374685,45.17871861747879,44.73655481547791,44.96413803100586,89900,0.0,0.0
2004-02-19 00:00:00-05:00,45.159205656584795,45.32176579928084,44.76906230630266,44.77556610107422,86000,0.0,0.0
2004-02-20 00:00:00-05:00,44.723534978897504,45.126685822397086,44.38541214569254,44.905601501464844,187100,0.0,0.0
2004-02-23 00:00:00-05:00,45.41929782665131,45.510331099563224,45.13969421386719,45.13969421386719,69800,0.0,0.0
2004-02-24 00:00:00-05:00,44.443938284205004,44.45694587265449,43.949754102894744,44.34640121459961,123300,0.0,0.0
2004-02-25 00:00:00-05:00,43.95624187464986,44.177326149230844,43.722154977300406,43.962745666503906,101400,0.0,0.0
2004-02-26 00:00:00-05:00,44.12532182037273,44.53497155958565,44.12532182037273,44.34640121459961,53000,0.0,0.0
2004-02-27 00:00:00-05:00,44.866596615585884,45.12669382003846,44.782067132538955,44.95112609863281,72100,0.0,0.0
2004-03-01 00:00:00-05:00,45.90696944741399,45.99150387110064,45.54934021800397,45.97199249267578,217500,0.0,0.0
2004-03-02 00:00:00-05:00,45.90698169502978,46.41416852870163,45.90698169502978,46.24510955810547,119400,0.0,0.0
2004-03-03 00:00:00-05:00,45.744414679928525,45.90697479248047,45.48431750765723,45.90697479248047,109700,0.0,0.0
2004-03-04 00:00:00-05:00,45.516844738707725,45.52984736867557,45.20472704911337,45.38029479980469,92000,0.0,0.0
2004-03-05 00:00:00-05:00,45.4843250043952,45.93299257648916,45.4843250043952,45.86796951293945,87700,0.0,0.0
2004-03-08 00:00:00-05:00,45.84195288424115,46.00451300085194,45.523336444747514,45.542842864990234,91800,0.0,0.0
2004-03-09 00:00:00-05:00,46.23210294424017,46.23210294424017,45.51683931856535,45.65989303588867,170100,0.0,0.0
2004-03-10 00:00:00-05:00,45.82244955114284,45.84195597269974,44.918615638769175,44.94462585449219,96100,0.0,0.0
2004-03-11 00:00:00-05:00,45.12669985805086,45.321769066784654,44.69753866914054,44.723548889160156,163200,0.0,0.0
2004-03-12 00:00:00-05:00,44.93162065495074,45.65338805657751,44.93162065495074,45.555850982666016,83400,0.0,0.0
2004-03-15 00:00:00-05:00,45.555843744972066,45.555843744972066,44.93811730991008,45.06166458129883,106000,0.0,0.0
2004-03-16 00:00:00-05:00,45.47781847285118,45.51683131218911,44.86659086487212,45.360774993896484,128500,0.0,0.0
2004-03-17 00:00:00-05:00,45.84195651180733,46.34263952777454,45.84195651180733,46.25811004638672,120100,0.0,0.0
2004-03-18 00:00:00-05:00,46.19957917303765,46.19957917303765,45.77692195041146,45.965492248535156,53100,0.0,0.0
2004-03-19 00:00:00-05:00,45.92647993836525,46.297116786265626,45.6793903600786,45.763919830322266,130800,0.0,0.0
2004-03-22 00:00:00-05:00,44.84708652897139,44.853590322810206,44.378912591399455,44.66501998901367,135200,0.0,0.0
2004-03-23 00:00:00-05:00,45.77692633424857,45.85495200926141,45.20471159247078,45.588356018066406,122400,0.0,0.0
2004-03-24 00:00:00-05:00,45.42580515744701,45.43230895200175,45.211224585615895,45.347774505615234,77700,0.0,0.0
2004-03-25 00:00:00-05:00,46.00451984737774,46.264617064851635,45.71191357830825,46.206092834472656,164600,0.0,0.0
2004-03-26 00:00:00-05:00,47.157216915031334,48.105065836474516,46.96764613329048,47.725929260253906,251000,0.375,0.0
2004-03-29 00:00:00-05:00,48.569170354965,49.601996793570024,48.50379736332726,48.54302215576172,238700,0.0,0.0
2004-03-30 00:00:00-05:00,48.66723106188335,48.830653604048514,48.52342341407656,48.647621154785156,74500,0.0,0.0
2004-03-31 00:00:00-05:00,48.647616619342664,48.961390065441016,48.53649049797314,48.699913024902344,81000,0.0,0.0
2004-04-01 00:00:00-05:00,47.36639904391645,48.078924071879705,47.36639904391645,47.745540618896484,181000,0.0,0.0
2004-04-02 00:00:00-05:00,48.20965203973036,48.54956874785319,48.078915995204746,48.216190338134766,125600,0.0,0.0
2004-04-05 00:00:00-04:00,48.63456154280832,48.96140670776367,48.53650699586943,48.96140670776367,98200,0.0,0.0
2004-04-06 00:00:00-04:00,48.5822634451364,48.5822634451364,48.24234667969273,48.39923095703125,76500,0.0,0.0
2004-04-07 00:00:00-04:00,48.40576318956604,48.45152130585719,47.98086354557062,48.17696762084961,100200,0.0,0.0
2004-04-08 00:00:00-04:00,48.569174967505624,48.6999109886788,48.255401534526655,48.37306594848633,67100,0.0,0.0
2004-04-12 00:00:00-04:00,48.046220756467385,48.6410811216225,48.046220756467385,48.608394622802734,76900,0.0,0.0
2004-04-13 00:00:00-04:00,48.05929920909933,48.11159561975614,47.29448290546931,47.52327346801758,171900,0.0,0.0
2004-04-14 00:00:00-04:00,46.80421520324326,47.065692268855614,46.69308907121758,47.00032424926758,105700,0.0,0.0
2004-04-15 00:00:00-04:00,46.3466361768948,46.72577768983274,46.22243344297295,46.4446907043457,173500,0.0,0.0
2004-04-16 00:00:00-04:00,46.93496463318722,47.83705543444217,46.93496463318722,47.60172653198242,144800,0.0,0.0
2004-04-19 00:00:00-04:00,47.52327646102453,47.63440758748432,47.33371068816016,47.569034576416016,44200,0.0,0.0
2004-04-20 00:00:00-04:00,47.81743594153712,48.50380761345022,47.81743594153712,47.92202377319336,149300,0.0,0.0
2004-04-21 00:00:00-04:00,47.719384391868694,48.451519208089195,47.719384391868694,48.216190338134766,60100,0.0,0.0
2004-04-22 00:00:00-04:00,48.915632489355986,50.03998028481791,48.915632489355986,49.88962936401367,402100,0.0,0.0
2004-04-23 00:00:00-04:00,49.54971912817756,49.680455173202866,49.164039317010165,49.517032623291016,76300,0.0,0.0
2004-04-26 00:00:00-04:00,49.49741999406873,49.49741999406873,48.84372983035891,48.994075775146484,70200,0.0,0.0
2004-04-27 00:00:00-04:00,49.124822263626456,49.124822263626456,48.75221902836347,49.02676773071289,64100,0.0,0.0
2004-04-28 00:00:00-04:00,48.50381063354319,48.50381063354319,48.04622949044314,48.216190338134766,76000,0.0,0.0
2004-04-29 00:00:00-04:00,48.22272738893223,48.28156210461365,47.196433899310236,47.43830108642578,140500,0.0,0.0
2004-04-30 00:00:00-04:00,47.490594019531265,48.026619783951446,47.490594019531265,47.856658935546875,89600,0.0,0.0
2004-05-03 00:00:00-04:00,47.922014500961964,48.81103334069789,47.359840676209565,47.37945556640625,208200,0.0,0.0
2004-05-04 00:00:00-04:00,47.51019745818272,48.30770019141678,47.51019745818272,48.22271728515625,94400,0.0,0.0
2004-05-05 00:00:00-04:00,48.275006731353805,48.68683463368229,48.24885853221715,48.41228103637695,109500,0.0,0.0
2004-05-06 00:00:00-04:00,47.0983752118596,47.24218284917799,46.41853688756421,46.77153015136719,199300,0.0,0.0
2004-05-07 00:00:00-04:00,45.104613780766876,45.68639753055255,45.104613780766876,45.56219482421875,218800,0.0,0.0
2004-05-10 00:00:00-04:00,43.699186053437565,43.71226264945982,42.91475985894643,43.607669830322266,362000,0.0,0.0
2004-05-11 00:00:00-04:00,44.124086372509275,44.97388558643946,44.124086372509275,44.69279861450195,332200,0.0,0.0
2004-05-12 00:00:00-04:00,45.41839715807688,46.2485815152637,45.274584516534176,45.66679763793945,280400,0.0,0.0
2004-05-13 00:00:00-04:00,44.888904377279154,45.23535938176889,44.50976286822004,45.12423324584961,253500,0.0,0.0
2004-05-14 00:00:00-04:00,44.66010764751202,44.66010764751202,44.379020703668424,44.50322341918945,191900,0.0,0.0
2004-05-17 00:00:00-04:00,44.02603212667714,44.4247835309396,43.764555060187945,44.091400146484375,266600,0.0,0.0
2004-05-18 00:00:00-04:00,44.810467094404835,45.300734765077706,44.71895086152675,45.1046257019043,230600,0.0,0.0
2004-05-19 00:00:00-04:00,45.47069668126054,45.954431104824685,45.07194519042969,45.07194519042969,230600,0.0,0.0
2004-05-20 00:00:00-04:00,44.777781616396894,44.89544605955084,44.34634366241213,44.82353973388672,143800,0.0,0.0
2004-05-21 00:00:00-04:00,45.69295228143265,45.73217210292024,45.18307465304959,45.287662506103516,114600,0.0,0.0
2004-05-24 00:00:00-04:00,45.451074412590856,45.790996076583816,45.143839250341045,45.24189376831055,175300,0.0,0.0
2004-05-25 00:00:00-04:00,44.84314748957782,45.64065034518056,44.76470785608281,45.62757873535156,131100,0.0,0.0
2004-05-26 00:00:00-04:00,45.85636757060146,45.93480720111804,45.62103870453106,45.712554931640625,171400,0.0,0.0
2004-05-27 00:00:00-04:00,46.21590173050429,46.95457495360619,46.21590173050429,46.477378845214844,181300,0.0,0.0
2004-05-28 00:00:00-04:00,47.06568123218468,47.55594874501994,47.00031322792512,47.294471740722656,162600,0.0,0.0
2004-06-01 00:00:00-04:00,47.588649472092825,48.26194959310785,47.45790843721676,47.569034576416016,220000,0.0,0.0
2004-06-02 00:00:00-04:00,47.45789775541215,47.83050089323765,47.032998215407076,47.64093017578125,180300,0.0,0.0
2004-06-03 00:00:00-04:00,47.922021589845976,48.34038287193042,47.71284094880376,47.83050537109375,248200,0.0,0.0
2004-06-04 00:00:00-04:00,48.35346473402947,48.93524861114841,48.30770661966935,48.739139556884766,630300,0.0,0.0
2004-06-07 00:00:00-04:00,49.37975689645146,50.262237643800475,49.37975689645146,50.14457321166992,557900,0.0,0.0
2004-06-08 00:00:00-04:00,49.64774497248531,49.909221924998874,49.35358651794383,49.68696975708008,623400,0.0,0.0
2004-06-09 00:00:00-04:00,49.51703540802002,49.8242706170942,48.98100961365465,49.02676773071289,668300,0.0,0.0
2004-06-10 00:00:00-04:00,49.64777649573592,50.03999466716944,49.64777649573592,49.928863525390625,412100,0.0,0.0
2004-06-14 00:00:00-04:00,49.320918573116124,49.340533466417654,48.817579364761976,49.02022171020508,367100,0.0,0.0
2004-06-15 00:00:00-04:00,50.33414411563616,51.43888212137017,50.01383732224227,50.92246627807617,484100,0.0,0.0
2004-06-16 00:00:00-04:00,51.347366240204614,51.5042504888242,51.027054457395025,51.34082794189453,423600,0.0,0.0
2004-06-17 00:00:00-04:00,51.49769553984144,51.49769553984144,51.085872650146484,51.085872650146484,172300,0.0,0.0
2004-06-18 00:00:00-04:00,51.31468465972228,52.02720463881922,51.31468465972228,51.83763885498047,263300,0.0,0.0
2004-06-21 00:00:00-04:00,52.76587232609152,53.14501382886049,52.49785695739818,52.57630157470703,329500,0.0,0.0
2004-06-22 00:00:00-04:00,52.582837875111544,52.73318381849915,51.92260941947955,52.249454498291016,179700,0.0,0.0
2004-06-23 00:00:00-04:00,52.58936425184551,53.07963180541992,52.22983770491327,53.07963180541992,327100,0.0,0.0
2004-06-24 00:00:00-04:00,53.112327039979995,53.26267797553385,52.805091857910156,52.805091857910156,111900,0.0,0.0
2004-06-25 00:00:00-04:00,52.36057698177823,52.55014771275847,52.04027022328184,52.13832473754883,330100,0.0,0.0
2004-06-28 00:00:00-04:00,53.07963410205048,53.20383681691965,52.262521477405244,52.29520797729492,107300,0.0,0.0
2004-06-29 00:00:00-04:00,52.72010755039492,53.56990168784477,52.700497645360954,53.42609405517578,288300,0.0,0.0
2004-06-30 00:00:00-04:00,53.328042622440776,53.51761336081629,52.74625879895659,53.354190826416016,172300,0.0,0.0
2004-07-01 00:00:00-04:00,54.00788682177988,54.21706748900983,53.49800426985015,53.6810417175293,254200,0.0,0.0
2004-07-02 00:00:00-04:00,53.406494530189484,53.517625669458546,53.28229676681752,53.30844497680664,508300,0.0,0.0
2004-07-06 00:00:00-04:00,52.3932820637857,52.51747983779537,51.90955260570755,51.94877243041992,364700,0.0,0.0
2004-07-07 00:00:00-04:00,51.15125618778,51.44541477159157,50.83094939850025,51.37350845336914,216600,0.0,0.0
2004-07-08 00:00:00-04:00,50.91593148845335,50.93554139734263,50.21648314359207,50.379905700683594,275700,0.0,0.0
2004-07-09 00:00:00-04:00,50.987823869044405,51.87030443855677,50.90937926767868,51.64805221557617,184100,0.0,0.0
2004-07-12 00:00:00-04:00,52.19715590808705,52.29521042508607,51.804942827350885,52.157936096191406,155900,0.0,0.0
2004-07-13 00:00:00-04:00,53.70717718737354,54.21051633415503,53.4522334782398,54.18436813354492,237800,0.0,0.0
2004-07-14 00:00:00-04:00,52.40634193910271,52.837779863358044,51.96837070369956,52.05988693237305,483100,0.0,0.0
2004-07-15 00:00:00-04:00,52.71356416383399,52.720102460633974,52.00757772721123,52.04680252075195,171400,0.0,0.0
2004-07-16 00:00:00-04:00,52.04681387368119,52.197159822061366,51.9030012362669,51.916072845458984,152900,0.0,0.0
2004-07-19 00:00:00-04:00,51.80494317128661,52.0729585203793,51.67420713925989,51.687278747558594,155100,0.0,0.0
2004-07-20 00:00:00-04:00,51.393106759353174,51.64150715023232,51.15123967728708,51.484622955322266,148800,0.0,0.0
2004-07-21 00:00:00-04:00,51.8376264323836,51.955290848756036,51.105491731926286,51.112030029296875,440400,0.0,0.0
2004-07-22 00:00:00-04:00,51.26890815796376,51.60229146257965,50.76556904000245,51.1381721496582,240600,0.0,0.0
2004-07-23 00:00:00-04:00,51.020514942987546,51.15125096973153,50.30145183411644,50.471412658691406,357500,0.0,0.0
2004-07-26 00:00:00-04:00,51.31468471040441,51.36698112743404,50.523720105059276,50.81787872314453,151500,0.0,0.0
2004-07-27 00:00:00-04:00,50.64137309018431,51.28198659842096,50.56946677985534,51.183937072753906,427100,0.0,0.0
2004-07-28 00:00:00-04:00,51.41272953106776,51.41272953106776,50.80479751293448,51.380043029785156,205600,0.0,0.0
2004-07-29 00:00:00-04:00,51.3800490107012,51.82455854868455,51.22316475825427,51.595767974853516,156800,0.0,0.0
2004-07-30 00:00:00-04:00,52.255988167235046,52.40633409730435,52.0990989524762,52.29520797729492,136100,0.0,0.0
2004-08-02 00:00:00-04:00,52.13178798582654,52.26252401721931,51.64152038721375,52.16447448730469,145300,0.0,0.0
2004-08-03 00:00:00-04:00,51.96836025769673,52.47823771132017,51.66112512865198,51.902992248535156,215900,0.0,0.0
2004-08-04 00:00:00-04:00,50.90940069835654,51.236245860745925,50.523725800622536,51.14472961425781,383200,0.0,0.0
2004-08-05 00:00:00-04:00,50.530247223579515,50.61522514200467,49.78504090120596,49.82426071166992,381300,0.0,0.0
2004-08-06 00:00:00-04:00,48.98754165127051,49.02022316655748,48.49727403662532,48.52342224121094,309900,0.0,0.0
2004-08-09 00:00:00-04:00,49.74580038694953,49.75233868238108,49.255532962004715,49.2882194519043,156200,0.0,0.0
2004-08-10 00:00:00-04:00,49.42551231081945,49.45166051511625,48.948316310107856,49.10520553588867,190600,0.0,0.0
2004-08-11 00:00:00-04:00,49.81117196788395,50.00728094689281,49.60852968023103,49.87654495239258,221700,0.0,0.0
2004-08-12 00:00:00-04:00,49.889636962192576,49.909246870662365,49.19018863229358,49.24248504638672,129400,0.0,0.0
2004-08-13 00:00:00-04:00,48.889487759995966,49.29477745539819,48.62147239998962,49.22940444946289,243600,0.0,0.0
2004-08-16 00:00:00-04:00,48.53649240789254,49.08558972609706,48.52995411012536,49.02022171020508,225500,0.0,0.0
2004-08-17 00:00:00-04:00,48.726061146114176,49.16403232060893,48.726061146114176,48.81757736206055,339300,0.0,0.0
2004-08-18 00:00:00-04:00,49.48434366505256,49.778507232666016,49.046372449945196,49.778507232666016,247500,0.0,0.0
2004-08-19 00:00:00-04:00,49.28824161693986,49.40590605133091,48.9875447262206,49.21633529663086,273200,0.0,0.0
2004-08-20 00:00:00-04:00,49.222860911639685,50.007286947281635,49.157487919286936,49.84386444091797,226000,0.0,0.0
2004-08-23 00:00:00-04:00,49.81772878490909,49.88309680646159,49.40590576059405,49.56932830810547,146200,0.0,0.0
2004-08-24 00:00:00-04:00,50.46486543186255,50.667512720896724,50.105338928301784,50.340667724609375,119200,0.0,0.0
2004-08-25 00:00:00-04:00,51.30158821564658,51.64804308271154,51.06625944042163,51.50423049926758,185600,0.0,0.0
2004-08-26 00:00:00-04:00,52.34751056649136,52.42595019587789,52.19715963140009,52.275604248046875,223500,0.0,0.0
2004-08-27 00:00:00-04:00,52.28213627602315,52.439020503241245,52.00104933415842,52.28866958618164,103600,0.0,0.0
2004-08-30 00:00:00-04:00,52.22332253979397,52.22332253979397,51.89647735930345,51.96184539794922,123500,0.0,0.0
2004-08-31 00:00:00-04:00,51.5369210458808,51.831084560152846,51.42579493454348,51.765716552734375,124200,0.0,0.0
2004-09-01 00:00:00-04:00,52.164476663974874,52.36058071924688,51.92260950981992,52.13179016113281,101600,0.0,0.0
2004-09-02 00:00:00-04:00,51.96837971109138,52.327911376953125,51.759199011115804,52.327911376953125,178700,0.0,0.0
2004-09-03 00:00:00-04:00,50.33412837474039,50.92245035319559,50.33412837474039,50.49101257324219,609900,0.0,0.0
2004-09-07 00:00:00-04:00,51.2623667493704,51.2623667493704,50.739417760635995,51.085872650146484,241800,0.0,0.0
2004-09-08 00:00:00-04:00,51.11856431670879,51.11856431670879,50.79171926356549,50.8309440612793,159400,0.0,0.0
2004-09-09 00:00:00-04:00,50.660979748369286,50.72634775704434,50.20339870038454,50.4844856262207,179700,0.0,0.0
2004-09-10 00:00:00-04:00,50.26877276677564,50.75250207397483,50.255696171109186,50.458343505859375,154900,0.0,0.0
2004-09-13 00:00:00-04:00,50.98782372237612,51.04665343278671,50.71327509927478,50.759033203125,387500,0.0,0.0
2004-09-14 00:00:00-04:00,51.21663307138059,51.21663307138059,50.88978792735486,50.98130416870117,189000,0.0,0.0
2004-09-15 00:00:00-04:00,50.79172573003815,50.79172573003815,50.334144592285156,50.334144592285156,278200,0.0,0.0
2004-09-16 00:00:00-04:00,50.17072204856352,50.33414459595298,50.10535402705981,50.20994186401367,136200,0.0,0.0
2004-09-17 00:00:00-04:00,50.203411112294546,50.255702539807096,50.007302050525496,50.07920837402344,156700,0.0,0.0
2004-09-20 00:00:00-04:00,50.15111469752138,50.15765299618318,49.843879494804824,50.07920837402344,206800,0.0,0.0
2004-09-21 00:00:00-04:00,49.909241270629785,50.138031822540306,49.48434168150453,50.0922737121582,220000,0.0,0.0
2004-09-22 00:00:00-04:00,50.092267183008246,50.1249536807036,49.53009333601181,49.57585144042969,146400,0.0,0.0
2004-09-23 00:00:00-04:00,49.75890651351188,50.07267505885753,49.48435280225806,49.68046188354492,242700,0.0,0.0
2004-09-24 00:00:00-04:00,49.19018810345154,49.22287460872348,49.02676555161283,49.059452056884766,222800,0.0,0.0
2004-09-27 00:00:00-04:00,48.776662882629964,49.32249975070031,48.67144415884742,48.704322814941406,437200,0.45,0.0
2004-09-28 00:00:00-04:00,48.4018131751686,48.651717057299926,48.20452618212961,48.52018737792969,300200,0.0,0.0
2004-09-29 00:00:00-04:00,48.46757876079537,48.63198710804006,48.36236002757796,48.60568618774414,186100,0.0,0.0
2004-09-30 00:00:00-04:00,50.078777209286244,50.42732205837048,49.84202881795658,50.23003005981445,276600,0.0,0.0
2004-10-01 00:00:00-04:00,50.55884380883737,51.13098655791564,50.308944973383234,50.97972869873047,253200,0.0,0.0
2004-10-04 00:00:00-04:00,50.782442702511986,51.13098753826147,50.71668037795725,50.94027328491211,314200,0.0,0.0
2004-10-05 00:00:00-04:00,51.7228765811949,51.762332986256716,50.650930748457505,50.775882720947266,319000,0.0,0.0
2004-10-06 00:00:00-04:00,50.72325224582999,51.18359854466419,50.72325224582999,51.15071487426758,179800,0.0,0.0
2004-10-07 00:00:00-04:00,50.670650384956446,50.72983497668345,50.177425384521484,50.177425384521484,219700,0.0,0.0
2004-10-08 00:00:00-04:00,51.13756429544812,51.36115719811598,50.87450998492903,50.97972869873047,159800,0.0,0.0
2004-10-11 00:00:00-04:00,51.09811332741141,51.52557604217156,51.09811332741141,51.32828903198242,158700,0.0,0.0
2004-10-12 00:00:00-04:00,50.4733578287726,50.4733578287726,49.98013283370316,50.269493103027344,237400,0.0,0.0
2004-10-13 00:00:00-04:00,49.835454246834225,49.90121657808378,49.460603439633076,49.50663757324219,197800,0.0,0.0
2004-10-14 00:00:00-04:00,49.717073557285055,49.83544774502821,49.08574622843608,49.17781448364258,269600,0.0,0.0
2004-10-15 00:00:00-04:00,49.45402938534278,49.94725443247324,49.361961111266,49.65132141113281,158300,0.0,0.0
2004-10-18 00:00:00-04:00,49.88148858140151,49.940678191905555,49.62501197635399,49.848609924316406,98800,0.0,0.0
2004-10-19 00:00:00-04:00,49.98012836056057,50.16426487279818,49.81572004358504,49.86833190917969,246400,0.0,0.0
2004-10-20 00:00:00-04:00,49.5789750253147,49.87490800898615,49.5789750253147,49.81572341918945,277800,0.0,0.0
2004-10-21 00:00:00-04:00,49.65131769690177,49.94725069610454,49.421147028928026,49.822303771972656,219200,0.0,0.0
2004-10-22 00:00:00-04:00,49.82229468020134,49.9275133874982,49.44086620439558,49.486900329589844,97900,0.0,0.0
2004-10-25 00:00:00-04:00,49.4868997986949,49.684191771607075,49.322491493715845,49.5789680480957,108100,0.0,0.0
2004-10-26 00:00:00-04:00,49.02656523151199,49.55266886872008,48.987103821147,49.46717834472656,240700,0.0,0.0
2004-10-27 00:00:00-04:00,49.684206281586555,50.46021390840987,49.50664245064047,50.453636169433594,238900,0.0,0.0
2004-10-28 00:00:00-04:00,50.30895841010148,50.80218349255345,50.05905950790334,50.43391036987305,185800,0.0,0.0
2004-10-29 00:00:00-04:00,51.012614007188425,51.19675052526177,50.83505522685879,51.02576446533203,172600,0.0,0.0
2004-11-01 00:00:00-05:00,50.30895209592712,50.72983704540746,50.26291796136972,50.60488510131836,287300,0.0,0.0
2004-11-02 00:00:00-05:00,50.17743066135766,50.99947241519809,50.14454698426617,50.696956634521484,286100,0.0,0.0
2004-11-03 00:00:00-05:00,51.13099387399853,51.288824475955735,50.979735993170614,51.09811019897461,364500,0.0,0.0
2004-11-04 00:00:00-05:00,51.144139118269,51.74916556253981,51.006036728471145,51.71628189086914,289000,0.0,0.0
2004-11-05 00:00:00-05:00,51.53213254975929,52.058241061529124,51.48609843128012,51.69654083251953,272700,0.0,0.0
2004-11-08 00:00:00-05:00,50.84821610502442,51.3217129727261,50.67723001005552,51.058658599853516,345700,0.0,0.0
2004-11-09 00:00:00-05:00,51.058640643187914,51.30853944999101,50.90738781868762,51.19674301147461,198800,0.0,0.0
2004-11-10 00:00:00-05:00,50.76929485966784,50.77587259831531,50.57200785634421,50.6180419921875,389000,0.0,0.0
2004-11-11 00:00:00-05:00,50.2234507305288,50.74298157550885,50.17741660590238,50.50623321533203,246300,0.0,0.0
2004-11-12 00:00:00-05:00,50.99945308836774,51.617624841198044,50.854772991744866,51.453216552734375,234600,0.0,0.0
2004-11-15 00:00:00-05:00,52.28184332709837,52.28184332709837,51.801768847407075,52.064823150634766,182400,0.0,0.0
2004-11-16 00:00:00-05:00,52.01879786354766,52.01879786354766,51.578184715739376,51.72944259643555,153000,0.0,0.0
2004-11-17 00:00:00-05:00,51.49268996026155,52.20950785677838,51.49268996026155,51.99906539916992,315900,0.0,0.0
2004-11-18 00:00:00-05:00,50.98630687498179,51.21647751716267,50.78244216581354,51.03234100341797,337100,0.0,0.0
2004-11-19 00:00:00-05:00,51.183606541256054,51.2559466135556,50.703531972117645,50.71010971069336,147100,0.0,0.0
2004-11-22 00:00:00-05:00,49.99987135908363,50.13140106201171,49.71708876946967,50.13140106201172,231500,0.0,0.0
2004-11-23 00:00:00-05:00,49.84861776718534,50.19058495527024,49.71708806611801,49.88149642944336,148500,0.0,0.0
2004-11-24 00:00:00-05:00,49.98013730303848,50.131395189350336,49.947253626822345,50.03932189941406,131800,0.0,0.0
2004-11-26 00:00:00-05:00,50.170837097284846,50.40758544910188,50.170837097284846,50.28921127319336,94500,0.0,0.0
2004-11-29 00:00:00-05:00,50.3089537776489,50.34841017506152,49.960408887585416,50.00644302368164,221900,0.0,0.0
2004-11-30 00:00:00-05:00,49.585562657525024,49.585562657525024,48.993691554737055,49.13179397583008,414400,0.0,0.0
2004-12-01 00:00:00-05:00,48.993679522001656,49.77626473333934,48.97395132631142,49.69076919555664,323800,0.0,0.0
2004-12-02 00:00:00-05:00,49.65133066151404,49.874923649544655,49.65133066151404,49.697364807128906,276100,0.0,0.0
2004-12-03 00:00:00-05:00,49.74996195948386,49.96040442245071,49.684199630558744,49.92094802856445,180600,0.0,0.0
2004-12-06 00:00:00-05:00,49.46717899897258,49.46717899897258,49.098905946321786,49.230430603027344,404500,0.0,0.0
2004-12-07 00:00:00-05:00,49.15807187695122,49.15807187695122,48.80952715337433,48.816104888916016,251000,0.0,0.0
2004-12-08 00:00:00-05:00,49.322504752100095,49.355388428872686,49.10548452702814,49.335655212402344,183700,0.0,0.0
2004-12-09 00:00:00-05:00,48.91477190192088,49.1975544728017,48.50704239321701,49.059452056884766,277900,0.0,0.0
2004-12-10 00:00:00-05:00,48.35577986801286,49.42114771106733,48.28343979745917,49.26988983154297,784900,0.0,0.0
2004-12-13 00:00:00-05:00,49.09233146306361,49.44745408052579,48.94107358221431,49.32250213623047,382500,0.0,0.0
2004-12-14 00:00:00-05:00,49.96040919422993,50.28264814888132,49.7039325747847,50.21030807495117,427400,0.0,0.0
2004-12-15 00:00:00-05:00,50.61802966207065,50.71667564837541,50.35497537103907,50.5128059387207,210300,0.0,0.0
2004-12-16 00:00:00-05:00,50.60488062929733,50.657492497669075,50.37470997685081,50.51939010620117,228700,0.0,0.0
2004-12-17 00:00:00-05:00,50.68380377373494,50.82848391833404,50.67065331392796,50.71010971069336,168700,0.0,0.0
2004-12-20 00:00:00-05:00,50.80217318116073,51.26251449107508,50.80217318116073,51.06522750854492,143700,0.0,0.0
2004-12-21 00:00:00-05:00,51.16387568519417,51.426925006425535,51.117841552244265,51.341434478759766,124900,0.0,0.0
2004-12-22 00:00:00-05:00,51.3085548867668,52.06483428883298,51.3085548867668,51.86096954345703,224400,0.0,0.0
2004-12-23 00:00:00-05:00,51.92013878525421,52.11743075086982,51.88068239906833,52.01220703125,118900,0.0,0.0
2004-12-27 00:00:00-05:00,52.41995216801711,52.82768663913944,52.41995216801711,52.709312438964844,182600,0.0,0.0
2004-12-28 00:00:00-05:00,52.70931091593728,52.91975337490653,52.62381537434903,52.84083557128906,123500,0.0,0.0
2004-12-29 00:00:00-05:00,52.68959277781214,52.68959277781214,52.30816418019567,52.498878479003906,80200,0.0,0.0
2004-12-30 00:00:00-05:00,52.90659822566196,53.20911396605827,52.7948017661882,53.03812789916992,96900,0.0,0.0
2004-12-31 00:00:00-05:00,53.1696463152703,53.84043502807617,53.1696463152703,53.84043502807617,137200,0.0,0.0
2005-01-03 00:00:00-05:00,53.99169673280966,54.103493197528486,53.3800975199997,53.5181999206543,245900,0.0,0.0
2005-01-04 00:00:00-05:00,53.39982398531481,53.92593265227464,52.314733012894315,52.656700134277344,335500,0.0,0.0
2005-01-05 00:00:00-05:00,52.446255385447756,52.71588744528421,52.18320106343128,52.52517318725586,207000,0.0,0.0
2005-01-06 00:00:00-05:00,52.91975959821227,53.090745684152566,52.70931711449523,52.82111358642578,191300,0.0,0.0
2005-01-07 00:00:00-05:00,52.577775202071926,52.709304859654985,52.2160799327412,52.24238586425781,163700,0.0,0.0
2005-01-10 00:00:00-05:00,52.643551640510175,52.84741637332862,52.347613622794334,52.5843620300293,206100,0.0,0.0
2005-01-11 00:00:00-05:00,53.0052527059961,53.4064094940186,52.82111615097164,53.149932861328125,182700,0.0,0.0
2005-01-12 00:00:00-05:00,53.149927945648365,53.38667635659646,52.98551960567577,53.33406448364258,172900,0.0,0.0
2005-01-13 00:00:00-05:00,53.00524061225841,53.19595486283296,52.58435572041929,52.74876403808594,171000,0.0,0.0
2005-01-14 00:00:00-05:00,53.21568604046336,53.761522889868615,53.103889582347286,53.59711456298828,171000,0.0,0.0
2005-01-18 00:00:00-05:00,52.913173791206084,53.222262239579464,52.77507140270083,53.08415985107422,171800,0.0,0.0
2005-01-19 00:00:00-05:00,52.70931464213326,52.906601639107805,52.26212375804221,52.34761428833008,181500,0.0,0.0
2005-01-20 00:00:00-05:00,51.87411071325113,51.95302851217157,51.33485163065398,51.49925994873047,359300,0.0,0.0
2005-01-21 00:00:00-05:00,51.72286050372552,52.01879348439272,51.68997683149852,51.82807922363281,197300,0.0,0.0
2005-01-24 00:00:00-05:00,51.75573926561326,51.89384667537703,51.65709828341621,51.68339920043945,105800,0.0,0.0
2005-01-25 00:00:00-05:00,50.96658074970797,51.26251372776871,50.76928875277154,51.13098907470703,525500,0.0,0.0
2005-01-26 00:00:00-05:00,51.62422308543371,51.920156115291284,51.59133940774075,51.788631439208984,194600,0.0,0.0
2005-01-27 00:00:00-05:00,51.03234743248069,51.17702757360512,50.90082276819175,51.03892517089844,258400,0.0,0.0
2005-01-28 00:00:00-05:00,50.95342918101048,51.150716156303915,50.670646667480476,50.67064666748047,326400,0.0,0.0
2005-01-31 00:00:00-05:00,51.328269437258754,51.4795222522614,51.22962346115025,51.42033767700195,160600,0.0,0.0
2005-02-01 00:00:00-05:00,51.55844250395949,51.79519085101245,51.32827189358662,51.72285079956055,267100,0.0,0.0
2005-02-02 00:00:00-05:00,51.88069829830078,52.018800709617,51.518997922940706,51.76890182495117,280500,0.0,0.0
2005-02-03 00:00:00-05:00,51.17702068274307,51.18359842027514,50.670645274334106,50.9731559753418,299600,0.0,0.0
2005-02-04 00:00:00-05:00,51.459798908733596,51.736003653985506,51.236206024675354,51.70969772338867,255600,0.0,0.0
2005-02-07 00:00:00-05:00,51.12441634908643,51.328286103866496,51.04550355645037,51.11784362792969,384800,0.0,0.0
2005-02-08 00:00:00-05:00,50.81532091863407,51.06522477407183,50.73640813678527,50.88766098022461,220200,0.0,0.0
2005-02-09 00:00:00-05:00,50.99946844216275,51.45323204313852,50.99946844216275,51.15729904174805,190600,0.0,0.0
2005-02-10 00:00:00-05:00,51.45979250395737,51.75572540598877,51.4466420489673,51.69654083251953,159000,0.0,0.0
2005-02-11 00:00:00-05:00,51.74259401548275,52.216090847066305,51.62421980758686,52.018798828125,169400,0.0,0.0
2005-02-14 00:00:00-05:00,52.097703281840026,52.43967034067095,52.097703281840026,52.41336441040039,136400,0.0,0.0
2005-02-15 00:00:00-05:00,52.26213747967994,52.8737368638332,52.17664190960052,52.6435661315918,502400,0.0,0.0
2005-02-16 00:00:00-05:00,52.31473772100283,52.31473772100283,51.99249375025087,52.1240234375,254300,0.0,0.0
2005-02-17 00:00:00-05:00,51.459808027493615,51.591332686440936,51.255943300922034,51.262516021728516,362900,0.0,0.0
2005-02-18 00:00:00-05:00,51.8872643809286,52.15031868415629,51.854380711521316,52.064823150634766,147200,0.0,0.0
2005-02-22 00:00:00-05:00,51.479536224601304,51.70970688643117,51.17702549514717,51.262516021728516,283900,0.0,0.0
2005-02-23 00:00:00-05:00,51.20991168364932,51.216484404778605,50.96658553356767,51.09811019897461,188500,0.0,0.0
2005-02-24 00:00:00-05:00,50.703521728515625,50.789017260693996,50.51938522435211,50.703521728515625,211100,0.0,0.0
2005-02-25 00:00:00-05:00,50.70352436677565,51.117836540044934,50.644339780505014,51.03234100341797,231800,0.0,0.0
2005-02-28 00:00:00-05:00,51.29539499626279,51.41376918540946,50.93369469127476,51.15071487426758,153300,0.0,0.0
2005-03-01 00:00:00-05:00,51.19676096634644,51.45981533896025,51.16388230561024,51.380897521972656,254000,0.0,0.0
2005-03-02 00:00:00-05:00,51.387466648420876,51.7097055667589,51.03892179549591,51.41377258300781,156300,0.0,0.0
2005-03-03 00:00:00-05:00,51.426930803207114,51.637373294319545,51.11126957521085,51.269100189208984,257100,0.0,0.0
2005-03-04 00:00:00-05:00,51.426928671518546,52.02537745986177,51.41377821145745,51.80835723876953,266200,0.0,0.0
2005-03-07 00:00:00-05:00,51.61107614439375,51.84781957401771,51.492701920909205,51.59134292602539,153400,0.0,0.0
2005-03-08 00:00:00-05:00,52.11085295242616,52.11085295242616,51.6242057931178,51.68996810913086,183100,0.0,0.0
2005-03-09 00:00:00-05:00,52.11743212162476,52.28184042484755,51.67024133616504,51.70969772338867,379900,0.0,0.0
2005-03-10 00:00:00-05:00,51.76233141968874,52.16348825016136,51.76233141968874,52.05826950073242,177800,0.0,0.0
2005-03-11 00:00:00-05:00,52.14373796532175,52.268689881112664,51.76888723529222,51.85437774658203,139300,0.0,0.0
2005-03-14 00:00:00-05:00,51.847814102296226,51.847814102296226,51.06523377934119,51.54530334472656,210900,0.0,0.0
2005-03-15 00:00:00-05:00,51.22305240427462,51.26908653014907,50.9665758433536,50.992881774902344,149500,0.0,0.0
2005-03-16 00:00:00-05:00,50.80216247106061,50.8087402076281,50.0064269360546,50.68378829956055,485800,0.0,0.0
2005-03-17 00:00:00-05:00,50.57199044064428,50.57199044064428,50.01300326437812,50.203712463378906,237700,0.0,0.0
2005-03-18 00:00:00-05:00,50.55885284198228,50.55885284198228,50.19715749057158,50.35498809814453,167800,0.0,0.0
2005-03-21 00:00:00-05:00,50.38129523516645,50.38129523516645,50.04590079591198,50.34183883666992,193100,0.0,0.0
2005-03-22 00:00:00-05:00,50.14454826865374,50.84163808821518,50.01302359160832,50.045902252197266,269200,0.0,0.0
2005-03-23 00:00:00-05:00,49.99328231537792,50.07220011929029,49.51979054393575,49.98670959472656,250300,0.0,0.0
2005-03-24 00:00:00-05:00,49.32248455356058,49.4737423804889,49.15807627171537,49.197532653808594,535000,0.0,0.0
2005-03-28 00:00:00-05:00,50.084451306253605,50.084451306253605,49.68732437235502,49.819698333740234,254900,0.48,0.0
2005-03-29 00:00:00-05:00,49.37625291914302,49.462300561311544,48.93279447783108,48.99898147583008,392000,0.0,0.0
2005-03-30 00:00:00-05:00,49.01222814990288,50.17051843656742,49.01222814990288,49.66748809814453,273900,0.0,0.0
2005-03-31 00:00:00-05:00,49.67409622158818,49.67409622158818,49.210777189860785,49.23063278198242,221700,0.0,0.0
2005-04-01 00:00:00-05:00,49.376254745611334,49.74029082268818,49.15783309936523,49.157833099365234,164300,0.0,0.0
2005-04-04 00:00:00-04:00,49.674096394417234,49.674096394417234,48.9327889709204,49.09825897216797,197500,0.0,0.0
2005-04-05 00:00:00-04:00,49.72706065349403,50.038145174504805,49.70720505423725,49.97195816040039,291500,0.0,0.0
2005-04-06 00:00:00-04:00,50.236701773763805,50.501454829898826,50.11756315099027,50.18375015258789,243300,0.0,0.0
2005-04-07 00:00:00-04:00,50.62058830686895,50.83900488496366,50.37569087113366,50.66691970825195,235300,0.0,0.0
2005-04-08 00:00:00-04:00,50.170522598165135,50.35584825144486,49.97195651265381,50.144046783447266,250700,0.0,0.0
2005-04-11 00:00:00-04:00,50.07783855323674,50.09769414342587,49.63437515679233,49.85941696166992,266000,0.0,0.0
2005-04-12 00:00:00-04:00,49.63439043869957,50.03813772933208,49.19755217081121,49.9322395324707,287300,0.0,0.0
2005-04-13 00:00:00-04:00,49.56820269192159,49.70719691370146,49.31006984436689,49.34978103637695,263100,0.0,0.0
2005-04-14 00:00:00-04:00,49.177684230528676,49.37624519345769,48.760696613865164,48.81364822387695,437000,0.0,0.0
2005-04-15 00:00:00-04:00,48.548906048023355,48.548906048023355,48.0326403596605,48.09882736206055,327700,0.0,0.0
2005-04-18 00:00:00-04:00,47.754638671875,47.98629564088234,47.754638671875,47.754638671875,254400,0.0,0.0
2005-04-19 00:00:00-04:00,47.82744993861968,48.15176972282458,47.754642735059285,48.0855827331543,233500,0.0,0.0
2005-04-20 00:00:00-04:00,47.95321870399881,47.95321870399881,47.470048983499396,47.58918762207031,459200,0.0,0.0
2005-04-21 00:00:00-04:00,47.589187823831544,48.184881019211666,47.41709755633391,48.178260803222656,350900,0.0,0.0
2005-04-22 00:00:00-04:00,48.178262270203206,48.284160480525706,47.76127954561302,47.95322036743164,193200,0.0,0.0
2005-04-25 00:00:00-04:00,48.43639208845346,48.760711964827756,48.33048883508917,48.70114517211914,170100,0.0,0.0
2005-04-26 00:00:00-04:00,48.31725111719503,48.40329371908464,48.045877830878474,48.19811248779297,258600,0.0,0.0
2005-04-27 00:00:00-04:00,48.13192747045653,48.40329571823631,47.80098738064288,48.31725311279297,126600,0.0,0.0
2005-04-28 00:00:00-04:00,47.92011207969286,47.986299068459275,47.350894886763385,47.648738861083984,197000,0.0,0.0
2005-04-29 00:00:00-04:00,48.118673517824824,48.231196954548984,47.887016529999094,48.12529373168945,241000,0.0,0.0
2005-05-02 00:00:00-04:00,48.15178645518623,48.19811786902959,47.91350916977888,47.95322036743164,225200,0.0,0.0
2005-05-03 00:00:00-04:00,47.98631481241239,48.38344192504883,47.761277966824984,48.38344192504883,330900,0.0,0.0
2005-05-04 00:00:00-04:00,48.81365785846607,49.475537965021545,48.76732645299697,49.30344772338867,303800,0.0,0.0
2005-05-05 00:00:00-04:00,49.47553594101364,49.47553594101364,48.787180052386745,48.99898147583008,255100,0.0,0.0
2005-05-06 00:00:00-04:00,49.674117788182365,49.8064918262941,48.8269067751313,49.19756317138672,391800,0.0,0.0
2005-05-09 00:00:00-04:00,49.442430305261105,49.442430305261105,48.89307378389757,49.04530334472656,401000,0.0,0.0
2005-05-10 00:00:00-04:00,48.97914316911945,48.97914316911945,48.41654591293689,48.58201599121094,229000,0.0,0.0
2005-05-11 00:00:00-04:00,48.61508750488508,48.72761095084864,48.416526520334834,48.568756103515625,211100,0.0,0.0
2005-05-12 00:00:00-04:00,47.95983478705276,47.96645500244321,47.549467278506036,47.556087493896484,226600,0.0,0.0
2005-05-13 00:00:00-04:00,47.55608721677038,47.78774425663844,47.07953270633053,47.33766555786133,214700,0.0,0.0
2005-05-16 00:00:00-04:00,47.20530135558027,47.71494694916224,46.993499868024074,47.675235748291016,225900,0.0,0.0
2005-05-17 00:00:00-04:00,47.84069261830558,48.112065882038564,47.64874678414565,47.95983123779297,306500,0.0,0.0
2005-05-18 00:00:00-04:00,47.37076776658629,48.08559962552899,47.344291951468556,48.00617218017578,540500,0.0,0.0
2005-05-19 00:00:00-04:00,48.052503958760845,48.217974017193036,47.97308156255047,48.11207580566406,569900,0.0,0.0
2005-05-20 00:00:00-04:00,47.8539350486599,47.946597862163415,47.721555993837306,47.893646240234375,451100,0.0,0.0
2005-05-23 00:00:00-04:00,48.178258871199034,48.59524156637085,48.16501843975198,48.409915924072266,225700,0.0,0.0
2005-05-24 00:00:00-04:00,48.641569429258475,48.760708054867436,48.45624380047667,48.53567123413086,348400,0.0,0.0
2005-05-25 00:00:00-04:00,48.74086005556714,48.74086005556714,48.16502243375051,48.370208740234375,133600,0.0,0.0
2005-05-26 00:00:00-04:00,47.78113153884876,47.94660158290933,47.43695101934558,47.91350555419922,277900,0.0,0.0
2005-05-27 00:00:00-04:00,47.92674598558126,48.019408806275585,47.8208427335049,47.91350555419922,220600,0.0,0.0
2005-05-31 00:00:00-04:00,47.62226684886353,47.688458892645855,47.39723005918429,47.463417053222656,290200,0.0,0.0
2005-06-01 00:00:00-04:00,47.62226916177992,47.97306984173446,47.45679914377548,47.708316802978516,370000,0.0,0.0
2005-06-02 00:00:00-04:00,48.08558253182212,48.08558253182212,47.67521511799479,48.032630920410156,233100,0.0,0.0
2005-06-03 00:00:00-04:00,47.85393658952943,47.91350337880916,47.50313587026243,47.556087493896484,180900,0.0,0.0
2005-06-06 00:00:00-04:00,47.721553802490234,47.80098123173652,47.55608377886874,47.721553802490234,148600,0.0,0.0
2005-06-07 00:00:00-04:00,47.655367188093074,47.98630723801039,47.542848783059846,47.827457427978516,557400,0.0,0.0
2005-06-08 00:00:00-04:00,47.754661118180806,47.92675139736445,47.456811975392306,47.575950622558594,286700,0.0,0.0
2005-06-09 00:00:00-04:00,47.23838424682617,47.45680084059594,47.05967379313483,47.23838424682617,345500,0.0,0.0
2005-06-10 00:00:00-04:00,47.24501231850129,47.317819552895706,47.03321083201184,47.10601806640625,271500,0.0,0.0
2005-06-13 00:00:00-04:00,47.284718988952434,47.410472782181955,47.14572476501787,47.24500274658203,220600,0.0,0.0
2005-06-14 00:00:00-04:00,46.99348878593379,47.489898878742956,46.96039275984868,47.264862060546875,257700,0.0,0.0
2005-06-15 00:00:00-04:00,47.42371939774698,47.47005081176757,47.05968325205274,47.47005081176758,183200,0.0,0.0
2005-06-16 00:00:00-04:00,47.65537663373393,47.721563646887255,47.39062353137521,47.615665435791016,252700,0.0,0.0
2005-06-17 00:00:00-04:00,47.95321501353741,48.23120851530541,47.93335941692787,48.19811248779297,285500,0.0,0.0
2005-06-20 00:00:00-04:00,47.847316753829816,47.853936969272794,47.50975646266502,47.661991119384766,271200,0.0,0.0
2005-06-21 00:00:00-04:00,47.86717442814677,48.10545169698878,47.80098742007844,47.94660186767578,207300,0.0,0.0
2005-06-22 00:00:00-04:00,48.29076773853633,48.376810326944074,47.794357702100214,47.992923736572266,236100,0.0,0.0
2005-06-23 00:00:00-04:00,48.15179040623043,48.15179040623043,47.47005452527681,47.48991012573242,384800,0.0,0.0
2005-06-24 00:00:00-04:00,47.76127934409644,47.767894510513734,47.32443597277764,47.456809997558594,253300,0.0,0.0
2005-06-27 00:00:00-04:00,47.13910303389529,47.324428659848856,46.98025321875575,47.02658462524414,372800,0.0,0.0
2005-06-28 00:00:00-04:00,46.99348290508104,47.44356153489411,46.986862690743564,47.258235931396484,201900,0.0,0.0
2005-06-29 00:00:00-04:00,47.271473416140424,47.556082048402864,47.18543082489613,47.357521057128906,396200,0.0,0.0
2005-06-30 00:00:00-04:00,47.52298484324731,47.827449029739654,47.291322809188244,47.31779861450195,367800,0.0,0.0
2005-07-01 00:00:00-04:00,47.68183147450937,47.95319962399135,47.60902427714375,47.754638671875,252500,0.0,0.0
2005-07-05 00:00:00-04:00,48.07235212173067,48.37681637618033,47.966453926582574,48.25768280029297,204200,0.0,0.0
2005-07-06 00:00:00-04:00,48.668043232131005,49.065170284524754,48.60185623168945,48.60185623168945,440900,0.0,0.0
2005-07-07 00:00:00-04:00,48.568758389364746,48.575378604084534,48.052492735594846,48.4430046081543,192200,0.0,0.0
2005-07-08 00:00:00-04:00,48.47609141524917,48.80703142637135,48.323861837989504,48.70774841308594,255800,0.0,0.0
2005-07-11 00:00:00-04:00,48.707752332199114,48.96589020740897,48.707752332199114,48.87322235107422,275700,0.0,0.0
2005-07-12 00:00:00-04:00,49.26374424101386,49.62116016044658,49.17770163160691,49.37626266479492,286300,0.0,0.0
2005-07-13 00:00:00-04:00,49.09826860754318,49.14460001499514,48.93941878909999,49.032081604003906,364500,0.0,0.0
2005-07-14 00:00:00-04:00,49.36961377466689,49.61451112808105,49.17767306898877,49.442420959472656,401400,0.0,0.0
2005-07-15 00:00:00-04:00,49.376255131388305,49.64100818499049,49.14459810314058,49.6343879699707,330000,0.0,0.0
2005-07-18 00:00:00-04:00,49.67410622181116,49.74691344074357,49.44906434972606,49.47554016113281,253100,0.0,0.0
2005-07-19 00:00:00-04:00,49.34315623513302,49.508626235854805,49.151210428326515,49.32329559326172,252300,0.0,0.0
2005-07-20 00:00:00-04:00,49.35639402755453,49.64100264470727,48.86660421538838,49.54833984375,257500,0.0,0.0
2005-07-21 00:00:00-04:00,50.30286971122364,50.34258088718329,49.77998401220365,50.07121276855469,377700,0.0,0.0
2005-07-22 00:00:00-04:00,50.07122582324933,50.13741281701938,49.83956882018219,49.991798400878906,385100,0.0,0.0
2005-07-25 00:00:00-04:00,49.528480477642326,49.528480477642326,49.071781672183626,49.250492095947266,393100,0.0,0.0
2005-07-26 00:00:00-04:00,49.42920454987378,49.42920454987378,48.99236127343088,49.27696990966797,178100,0.0,0.0
2005-07-27 00:00:00-04:00,49.89913587159136,49.89913587159136,49.58143627986615,49.839569091796875,193500,0.0,0.0
2005-07-28 00:00:00-04:00,49.91899709645288,50.302888775361424,49.76014728266968,50.18375015258789,220300,0.0,0.0
2005-07-29 00:00:00-04:00,50.50144917100365,50.50144917100365,49.991798711346874,50.21022033691406,243000,0.0,0.0
2005-08-01 00:00:00-04:00,50.70001612093675,50.75958795753212,50.28965367886793,50.494834899902344,180700,0.0,0.0
2005-08-02 00:00:00-04:00,50.48821269215344,50.931671142578125,50.43526107276842,50.931671142578125,242600,0.0,0.0
2005-08-03 00:00:00-04:00,50.87873618069708,50.87873618069708,50.32937436616788,50.541175842285156,356200,0.0,0.0
2005-08-04 00:00:00-04:00,50.468354885313055,50.468354885313055,49.99180043122382,50.3889274597168,322900,0.0,0.0
2005-08-05 00:00:00-04:00,49.80647668563583,49.80647668563583,49.502012450736146,49.6939582824707,700100,0.0,0.0
2005-08-08 00:00:00-04:00,49.93884299935219,50.03150579355289,49.548336230898315,49.601287841796875,280500,0.0,0.0
2005-08-09 00:00:00-04:00,50.04474249332406,50.17050129740449,49.93883927941566,50.064598083496094,197700,0.0,0.0
2005-08-10 00:00:00-04:00,51.62665933497596,52.222352568020945,51.62665933497596,51.90464782714844,557700,0.0,0.0
2005-08-11 00:00:00-04:00,52.29514923032805,52.72537231445313,52.29514923032805,52.725372314453125,285800,0.0,0.0
2005-08-12 00:00:00-04:00,52.937184996431824,53.11589044332504,52.61948025226593,52.95042037963867,362700,0.0,0.0
2005-08-15 00:00:00-04:00,52.42090273179373,52.77170343214472,52.30176410991375,52.69227600097656,200200,0.0,0.0
2005-08-16 00:00:00-04:00,52.68566109808078,52.68566109808078,51.99730510778536,52.00392532348633,120700,0.0,0.0
2005-08-17 00:00:00-04:00,52.32162465963766,52.8776015275678,52.32162465963766,52.71213150024414,267600,0.0,0.0
2005-08-18 00:00:00-04:00,52.66580228868835,52.784940915314586,52.599615284950374,52.69889831542969,301800,0.0,0.0
2005-08-19 00:00:00-04:00,52.387807464532436,52.53342188487315,52.35471144182079,52.4208984375,147000,0.0,0.0
2005-08-22 00:00:00-04:00,53.40049179307836,53.658624652863324,53.38063619613258,53.6122932434082,280800,0.0,0.0
2005-08-23 00:00:00-04:00,53.71158420244539,53.77777121861147,53.400499671744576,53.6453971862793,188100,0.0,0.0
2005-08-24 00:00:00-04:00,53.65199890530623,54.20798081118599,53.61228771550924,53.711570739746094,371700,0.0,0.0
2005-08-25 00:00:00-04:00,54.34696823713286,54.81690244009723,54.34696823713286,54.7573356628418,401400,0.0,0.0
2005-08-26 00:00:00-04:00,54.651452912496495,54.83015836095977,54.23447016625177,54.2741813659668,348500,0.0,0.0
2005-08-29 00:00:00-04:00,52.02377807348231,53.98294268490425,52.02377807348231,53.824092864990234,222100,0.0,0.0
2005-08-30 00:00:00-04:00,54.07560367913819,54.14179573080536,53.546102614012725,53.94322967529297,219600,0.0,0.0
2005-08-31 00:00:00-04:00,53.771145572148875,54.34036294323862,53.59244014157193,54.26094055175781,213000,0.0,0.0
2005-09-01 00:00:00-04:00,53.810844145141694,53.98292930333086,53.645374150906626,53.87041091918945,321300,0.0,0.0
2005-09-02 00:00:00-04:00,54.28078231957816,54.446252325997044,54.121927477600465,54.313873291015625,231500,0.0,0.0
2005-09-06 00:00:00-04:00,54.93606003137105,55.531753258527786,54.93606003137105,55.4986572265625,289800,0.0,0.0
2005-09-07 00:00:00-04:00,55.597926895501146,55.597926895501146,55.23389083045432,55.45231246948242,240700,0.0,0.0
2005-09-08 00:00:00-04:00,55.399355021080105,55.56482502418936,55.134607055900304,55.333168029785156,571600,0.0,0.0
2005-09-09 00:00:00-04:00,55.67074432414076,56.392191322127,55.59793709777121,56.359100341796875,347800,0.0,0.0
2005-09-12 00:00:00-04:00,56.39220077659602,56.55105568789626,56.239971132115855,56.33263397216797,369600,0.0,0.0
2005-09-13 00:00:00-04:00,56.85550087739976,56.85550087739976,56.33923521391984,56.498085021972656,381000,0.0,0.0
2005-09-14 00:00:00-04:00,56.51130861563727,56.5708804373227,56.25979605119832,56.2796516418457,460800,0.0,0.0
2005-09-15 00:00:00-04:00,56.895216083029545,57.087161929108376,56.76284207526572,56.92169189453125,207700,0.0,0.0
2005-09-16 00:00:00-04:00,57.272468800227074,57.543841991922484,57.04081183764748,57.41808319091797,215100,0.0,0.0
2005-09-19 00:00:00-04:00,57.418105867103996,57.418105867103996,56.69665889161397,56.73637008666992,245500,0.0,0.0
2005-09-20 00:00:00-04:00,58.24546967633739,58.27194549579618,57.79539084503039,57.927764892578125,633800,0.0,0.0
2005-09-21 00:00:00-04:00,57.51738529102536,57.848325361687486,57.265867605485525,57.510765075683594,646000,0.0,0.0
2005-09-22 00:00:00-04:00,57.15333763559019,57.58356065039823,57.05405462452008,57.55046463012695,296500,0.0,0.0
2005-09-23 00:00:00-04:00,57.55709639530167,57.656379426296965,57.25263213672889,57.34529495239258,246500,0.0,0.0
2005-09-26 00:00:00-04:00,58.90732026027812,59.23826026174036,58.86098886206315,59.19192886352539,338600,0.0,0.0
2005-09-27 00:00:00-04:00,58.521312804377175,59.10185675700059,58.18766790790748,58.92835998535156,548400,0.725,0.0
2005-09-28 00:00:00-04:00,60.65663377719229,61.13708316806372,60.65663377719229,60.91020202636719,448900,0.0,0.0
2005-09-29 00:00:00-04:00,62.39158328613681,62.945434926456535,62.05793845572966,62.69853591918945,452400,0.0,0.0
2005-09-30 00:00:00-04:00,61.58416976847811,62.05794486567038,61.45738309070251,61.63755416870117,512100,0.0,0.0
2005-10-03 00:00:00-04:00,62.01790784329454,62.39158845518426,61.85775464589908,62.037925720214844,356900,0.0,0.0
2005-10-04 00:00:00-04:00,62.12468125988126,62.391598206239756,61.65090609832815,61.81105422973633,355200,0.0,0.0
2005-10-05 00:00:00-04:00,61.49073840714933,61.52409983294629,60.56987548968338,60.72335433959961,504800,0.0,0.0
2005-10-06 00:00:00-04:00,59.65570029243003,60.149493245725395,58.05420399169718,59.43549346923828,542100,0.0,0.0
2005-10-07 00:00:00-04:00,59.86254479147103,60.44308853149415,59.86254479147103,60.44308853149414,165400,0.0,0.0
2005-10-10 00:00:00-04:00,60.56321947586287,60.56321947586287,59.56228484523741,59.815853118896484,390200,0.0,0.0
2005-10-11 00:00:00-04:00,61.557492888187056,61.557492888187056,61.016989701709186,61.303924560546875,353400,0.0,0.0
2005-10-12 00:00:00-04:00,60.79674937549619,61.137068460664196,60.52315822500434,60.81009292602539,412200,0.0,0.0
2005-10-13 00:00:00-04:00,61.28386559997723,61.28386559997723,60.58988899595219,60.890167236328125,341800,0.0,0.0
2005-10-14 00:00:00-04:00,61.13709876078166,61.64423538847417,61.04367858773211,61.46406936645508,230400,0.0,0.0
2005-10-17 00:00:00-04:00,61.490763516631745,61.84442633879345,60.956929575734755,61.29724884033203,264600,0.0,0.0
2005-10-18 00:00:00-04:00,61.15044509772944,61.15044509772944,60.676669886864616,60.936912536621094,259500,0.0,0.0
2005-10-19 00:00:00-04:00,60.16952697854284,60.18954486028711,59.55562151363589,59.92930221557617,769900,0.0,0.0
2005-10-20 00:00:00-04:00,59.08851981027309,59.35543168448941,58.21436662185635,58.401206970214844,733800,0.0,0.0
2005-10-21 00:00:00-04:00,58.708158025132654,58.708158025132654,57.41361420206464,58.24772644042969,561400,0.0,0.0
2005-10-24 00:00:00-04:00,58.52130536916851,59.415476225430595,58.46792606168826,59.33539962768555,344800,0.0,0.0
2005-10-25 00:00:00-04:00,59.47552985777071,59.729103205131565,59.25532812324213,59.4688606262207,201400,0.0,0.0
2005-10-26 00:00:00-04:00,60.22289023827161,60.68332172074195,60.16283661413163,60.356346130371094,291500,0.0,0.0
2005-10-27 00:00:00-04:00,60.87016867139067,60.87684299403127,59.989346450442284,60.23624038696289,274700,0.0,0.0
2005-10-28 00:00:00-04:00,60.4564280405513,60.97024380956866,60.28293134403759,60.890167236328125,246800,0.0,0.0
2005-10-31 00:00:00-05:00,61.53745767449086,62.191398737235914,61.403996678306655,61.931156158447266,233900,0.0,0.0
2005-11-01 00:00:00-05:00,61.764323144077004,62.5116893215486,61.764323144077004,62.23809814453125,279600,0.0,0.0
2005-11-02 00:00:00-05:00,61.20381269488478,62.171380732905455,61.20381269488478,61.991214752197266,339700,0.0,0.0
2005-11-03 00:00:00-05:00,62.15803006519398,62.6117872173258,61.937823265405925,62.1513557434082,223100,0.0,0.0
2005-11-04 00:00:00-05:00,61.23718612585759,61.690943418839204,61.063694433700974,61.55748748779297,421500,0.0,0.0
2005-11-07 00:00:00-05:00,61.02365995383234,61.39067143905999,60.94358842325028,61.29057693481445,394400,0.0,0.0
2005-11-08 00:00:00-05:00,60.87015137012402,61.00360723890449,60.63660105425066,60.796749114990234,406600,0.0,0.0
2005-11-09 00:00:00-05:00,60.843462003876034,60.843462003876034,60.41639709472656,60.41639709472656,248800,0.0,0.0
2005-11-10 00:00:00-05:00,60.62995071130308,60.896867645438796,60.28295716962153,60.65664291381836,356300,0.0,0.0
2005-11-11 00:00:00-05:00,60.58991012910574,61.07702878593013,60.516507850786994,60.73670959472656,261400,0.0,0.0
2005-11-14 00:00:00-05:00,60.11611800914089,60.36969131703099,60.11611800914089,60.24290466308594,326800,0.0,0.0
2005-11-15 00:00:00-05:00,60.08943507528287,60.44309777555212,59.922612662626356,60.12947082519531,252500,0.0,0.0
2005-11-16 00:00:00-05:00,61.22381786678149,61.43735032491057,61.22381786678149,61.39064025878906,263100,0.0,0.0
2005-11-17 00:00:00-05:00,63.27240429000579,63.913001741875476,63.058871806049225,63.766197204589844,407300,0.0,0.0
2005-11-18 00:00:00-05:00,65.72802431322306,65.98159252349325,65.40105384110863,65.83479309082031,533400,0.0,0.0
2005-11-21 00:00:00-05:00,66.261870069835,66.49542044953402,65.89485869386763,66.32859802246094,388000,0.0,0.0
2005-11-22 00:00:00-05:00,66.27520777762487,66.2885513305664,65.57455160931826,66.2885513305664,482400,0.0,0.0
2005-11-23 00:00:00-05:00,66.32861811933955,67.26282501220703,66.32861811933955,67.26282501220703,444700,0.0,0.0
2005-11-25 00:00:00-05:00,65.45445110752027,65.82813684067976,65.44778187535124,65.58123779296875,512700,0.0,0.0
2005-11-28 00:00:00-05:00,66.5421395159017,67.24279074966292,66.4487193514002,67.00257110595703,462800,0.0,0.0
2005-11-29 00:00:00-05:00,66.72896829031085,66.98921085936175,66.50876147310892,66.59551239013672,499800,0.0,0.0
2005-11-30 00:00:00-05:00,64.92728355262688,65.10077519227752,64.56027221679688,64.56027221679688,533000,0.0,0.0
2005-12-01 00:00:00-05:00,65.31431681465271,66.01497306621863,65.27428106005463,65.90153503417969,465600,0.0,0.0
2005-12-02 00:00:00-05:00,65.58121404679935,65.58121404679935,65.13413128454536,65.27426147460938,372400,0.0,0.0
2005-12-05 00:00:00-05:00,65.28093579537864,65.47445036956657,65.03403683706676,65.27426147460938,300500,0.0,0.0
2005-12-06 00:00:00-05:00,64.66705700407817,65.39440044286671,64.61367259819906,65.00070190429688,431200,0.0,0.0
2005-12-07 00:00:00-05:00,64.59365248190487,64.67372399693355,64.23331539122488,64.48020935058594,463400,0.0,0.0
2005-12-08 00:00:00-05:00,64.28670333782088,64.86057303067524,64.09319375650229,64.400146484375,307000,0.0,0.0
2005-12-09 00:00:00-05:00,64.44016496665735,64.97399875346501,64.42682141294449,64.69373321533203,307900,0.0,0.0
2005-12-12 00:00:00-05:00,64.7204376107744,64.99402887810291,64.63369176775224,64.8005142211914,277300,0.0,0.0
2005-12-13 00:00:00-05:00,65.6880040475228,66.00163104185637,65.26093901852036,65.84815216064453,235500,0.0,0.0
2005-12-14 00:00:00-05:00,65.56121800565008,65.72136612033185,65.20755525234513,65.5478744506836,264500,0.0,0.0
2005-12-15 00:00:00-05:00,64.96066540527539,64.9673397292116,64.72711497768313,64.82720947265625,880500,0.0,0.0
2005-12-16 00:00:00-05:00,65.62794787323656,65.71469880160318,65.46779975389217,65.58123779296875,166800,0.0,0.0
2005-12-19 00:00:00-05:00,65.89487220997373,66.05502034732825,65.547883730536,65.56790161132812,182600,0.0,0.0
2005-12-20 00:00:00-05:00,66.06168063290087,66.87577488556592,65.54786980135886,66.70227813720703,691400,0.0,0.0
2005-12-21 00:00:00-05:00,67.0626271967312,68.78423616153621,66.84242033334553,68.6774673461914,1083100,0.0,0.0
2005-12-22 00:00:00-05:00,68.65074906166723,68.75751783645016,68.36381434320735,68.57734680175781,306700,0.0,0.0
2005-12-23 00:00:00-05:00,68.58403904254807,69.18460083007812,68.57736471962643,69.18460083007812,210400,0.0,0.0
2005-12-27 00:00:00-05:00,67.85002795070143,68.19034717861544,67.48301651951795,68.06356048583984,1099100,0.0,0.0
2005-12-28 00:00:00-05:00,68.38385505826328,68.8576301645635,68.37718073535294,68.44390869140625,767300,0.0,0.0
2005-12-29 00:00:00-05:00,69.05782633997552,69.36477906533818,68.92437040408484,69.15792083740234,236500,0.0,0.0
2005-12-30 00:00:00-05:00,69.39813763144424,69.99869945607361,69.23131518521481,69.81185913085938,413200,0.0,0.0
2006-01-03 00:00:00-05:00,70.59927539815271,71.2999267578125,70.07211575173169,71.2999267578125,652800,0.0,0.0
2006-01-04 00:00:00-05:00,70.5325088411538,71.31324154406973,70.13881041996184,71.12639617919922,477600,0.0,0.0
2006-01-05 00:00:00-05:00,70.5925876444901,70.85283025585974,70.48581883417583,70.78610229492188,465300,0.0,0.0
2006-01-06 00:00:00-05:00,70.86617122765705,71.6402298011598,70.81946114760201,71.58684539794922,422600,0.0,0.0
2006-01-09 00:00:00-05:00,71.85377140500242,72.23412641667353,71.73365902810536,72.20075988769531,478700,0.0,0.0
2006-01-10 00:00:00-05:00,69.8985926821423,70.95291157880989,69.80517253595819,70.43242645263672,834500,0.0,0.0
2006-01-11 00:00:00-05:00,70.7327111591393,71.35996513250603,70.53252220435773,71.16645050048828,612500,0.0,0.0
2006-01-12 00:00:00-05:00,71.03298949594192,71.10639177328956,70.17885945882392,70.3656997680664,563600,0.0,0.0
2006-01-13 00:00:00-05:00,69.71176288134141,69.77181651677658,69.28469783707938,69.58497619628906,370300,0.0,0.0
2006-01-17 00:00:00-05:00,68.06354244778423,68.46391520868566,67.6631696868828,68.18365478515625,823900,0.0,0.0
2006-01-18 00:00:00-05:00,66.76234431632803,67.66318449830348,66.68226771021268,67.42963409423828,644400,0.0,0.0
2006-01-19 00:00:00-05:00,68.46390898884441,69.55159424818089,68.3971810499256,69.37809753417969,636800,0.0,0.0
2006-01-20 00:00:00-05:00,69.57164407671749,69.79184586719207,68.33048449687428,68.43724822998047,784800,0.0,0.0
2006-01-23 00:00:00-05:00,68.91769699561435,69.37812863528438,68.75087452802582,69.00444793701172,421700,0.0,0.0
2006-01-24 00:00:00-05:00,69.00443824612958,69.53826701283216,68.97774604414191,69.43150329589844,333300,0.0,0.0
2006-01-25 00:00:00-05:00,67.93009325125753,68.17031794967191,67.67651990792214,67.80330657958984,786100,0.0,0.0
2006-01-26 00:00:00-05:00,68.71083490032163,68.71083490032163,68.16365744104766,68.59739685058594,313100,0.0,0.0
2006-01-27 00:00:00-05:00,68.52399255830889,68.86430669756645,67.97014079141438,68.35717010498047,372400,0.0,0.0
2006-01-30 00:00:00-05:00,68.33046976820333,68.9310315469047,68.16364733473165,68.73084259033203,354500,0.0,0.0
2006-01-31 00:00:00-05:00,68.93103420720455,69.53159091806694,68.73751956598696,69.20462036132812,267300,0.0,0.0
2006-02-01 00:00:00-05:00,69.06448999116078,69.37811699215676,68.75086299016479,69.26467895507812,361000,0.0,0.0
2006-02-02 00:00:00-05:00,68.74417716475706,68.85762027387113,67.82999360700475,68.1302719116211,397100,0.0,0.0
2006-02-03 00:00:00-05:00,68.21702970928698,68.96439093079333,68.21702970928698,68.49061584472656,322600,0.0,0.0
2006-02-06 00:00:00-05:00,68.73085289673814,69.04447993325691,68.49730247305949,68.6707992553711,162500,0.0,0.0
2006-02-07 00:00:00-05:00,70.06540400639409,70.85948021425813,69.54491896262333,69.59162902832031,494900,0.0,0.0
2006-02-08 00:00:00-05:00,68.53066243097727,69.39814123279412,68.05021803735862,69.33141326904297,616600,0.0,0.0
2006-02-09 00:00:00-05:00,68.8642883863779,69.02444156452047,68.25038314321239,68.40386199951172,531400,0.0,0.0
2006-02-10 00:00:00-05:00,68.69746580088375,69.22462522279604,68.39718750191584,68.92434692382812,467900,0.0,0.0
2006-02-13 00:00:00-05:00,69.44484698500153,69.65837951029681,69.29804241929534,69.37144470214844,265200,0.0,0.0
2006-02-14 00:00:00-05:00,70.33232968846242,71.37329990682882,70.19219947376048,71.30657196044922,379800,0.0,0.0
2006-02-15 00:00:00-05:00,70.82612749644358,71.0663521928274,70.5391927252638,70.83280181884766,312700,0.0,0.0
2006-02-16 00:00:00-05:00,71.48676508362581,71.8270843577747,71.02633851497276,71.8003921508789,221300,0.0,0.0
2006-02-17 00:00:00-05:00,72.03391638938254,72.62113454540673,71.87376829729233,72.42761993408203,315200,0.0,0.0
2006-02-21 00:00:00-05:00,72.16737783983768,72.20073926827087,71.80036648996015,72.05393981933594,282400,0.0,0.0
2006-02-22 00:00:00-05:00,70.86618073237042,71.33328668658686,70.58592021445112,71.2198486328125,422000,0.0,0.0
2006-02-23 00:00:00-05:00,72.06730604144525,72.42096885838211,71.78037119338028,71.90715789794922,250700,0.0,0.0
2006-02-24 00:00:00-05:00,71.9738723679291,72.60112635792048,71.89379576569081,72.53439331054688,280600,0.0,0.0
2006-02-27 00:00:00-05:00,72.05395088683521,72.31419348726128,71.9338385257911,72.03392791748047,318200,0.0,0.0
2006-02-28 00:00:00-05:00,71.80707133166464,71.84043786529544,71.19983503850847,71.31327819824219,278500,0.0,0.0
2006-03-01 00:00:00-05:00,71.26654865985442,71.5534834613236,71.09972621925647,71.42669677734375,297100,0.0,0.0
2006-03-02 00:00:00-05:00,71.40668005079685,71.44671580806073,70.93290492277887,71.28656768798828,335900,0.0,0.0
2006-03-03 00:00:00-05:00,70.0721080000138,70.83281801550132,70.06543367608357,70.54588317871094,670100,0.0,0.0
2006-03-06 00:00:00-05:00,70.58592142739579,70.79945398152996,69.90528800203614,70.20556640625,478600,0.0,0.0
2006-03-07 00:00:00-05:00,70.23225861189398,70.71270813145028,70.07211046904777,70.20556640625,363500,0.0,0.0
2006-03-08 00:00:00-05:00,70.22557332825396,70.90621173841016,70.0120408074439,70.69934844970703,240100,0.0,0.0
2006-03-09 00:00:00-05:00,71.17311778314685,71.38665027131782,70.6192661419166,70.73270416259766,169300,0.0,0.0
2006-03-10 00:00:00-05:00,70.56589036671656,71.27321586561692,70.46579588700014,71.18647003173828,167200,0.0,0.0
2006-03-13 00:00:00-05:00,71.26656212945005,71.46007171702274,71.08639100858193,71.33329010009766,261300,0.0,0.0
2006-03-14 00:00:00-05:00,71.48007358748919,72.26747562711353,71.35328691697676,72.09397888183594,268100,0.0,0.0
2006-03-15 00:00:00-05:00,72.40093981837269,72.63449021893825,72.00056697582932,72.3275375366211,200100,0.0,0.0
2006-03-16 00:00:00-05:00,71.86045121415327,72.17407828282481,71.73366450357935,72.02059936523438,316800,0.0,0.0
2006-03-17 00:00:00-05:00,72.32754658859153,72.3542387935706,72.04728607283757,72.20075988769531,266500,0.0,0.0
2006-03-20 00:00:00-05:00,73.3885273006958,73.40187085534944,72.74792467495446,72.8079833984375,286800,0.0,0.0
2006-03-21 00:00:00-05:00,73.00149663130139,73.10159110784076,72.43430138560038,72.80130767822266,364500,0.0,0.0
2006-03-22 00:00:00-05:00,72.33419893689151,72.71455383300781,72.26747099022506,72.71455383300781,362800,0.0,0.0
2006-03-23 00:00:00-05:00,72.07397839624227,72.14738068730095,71.11307937948689,71.5334701538086,235500,0.0,0.0
2006-03-24 00:00:00-05:00,71.60019527490705,72.1940827705359,71.48008291112723,72.18740844726562,156900,0.0,0.0
2006-03-27 00:00:00-05:00,72.74791883828344,72.9547821014429,72.66784733475251,72.90139770507812,202800,0.0,0.0
2006-03-28 00:00:00-05:00,73.03132121291766,73.23325318745941,72.10917272768069,72.3716812133789,205600,0.943,0.0
2006-03-29 00:00:00-05:00,72.97073588955362,73.62363823965914,72.735146902591,73.5428695678711,201800,0.0,0.0
2006-03-30 00:00:00-05:00,73.69768137960644,74.22943073478108,73.48902212536,74.14192962646484,301200,0.0,0.0
2006-03-31 00:00:00-05:00,73.40151834198343,73.48901944711076,73.1322774569127,73.30055236816406,217800,0.0,0.0
2006-04-03 00:00:00-04:00,74.04097403205728,74.49194964140642,73.87269909107533,74.27655792236328,308300,0.0,0.0
2006-04-04 00:00:00-04:00,74.31019592285156,74.49193055299172,74.209229957066,74.31019592285156,198400,0.0,0.0
2006-04-05 00:00:00-04:00,75.18523204649304,76.0804558515254,74.86214707655279,75.81794738769531,338700,0.0,0.0
2006-04-06 00:00:00-04:00,77.40644450559465,77.73626183124452,76.81411877897052,77.37278747558594,408500,0.0,0.0
2006-04-07 00:00:00-04:00,77.73626716226407,77.73626716226407,76.8006591796875,76.8006591796875,411500,0.0,0.0
2006-04-10 00:00:00-04:00,77.64206374524368,77.66225591832784,77.05647018442644,77.35263061523438,166000,0.0,0.0
2006-04-11 00:00:00-04:00,77.7632043035179,77.7632043035179,76.77374696378111,77.07664489746094,187600,0.0,0.0
2006-04-12 00:00:00-04:00,76.5651011610565,76.66606715668931,76.28240048155975,76.41028594970703,229200,0.0,0.0
2006-04-13 00:00:00-04:00,75.72371334061516,76.20834592764997,75.59582275921903,76.14103698730469,148900,0.0,0.0
2006-04-17 00:00:00-04:00,76.17469224692111,76.36315934233109,75.66314016947781,75.83814239501953,193800,0.0,0.0
2006-04-18 00:00:00-04:00,76.42372266438763,77.35933061754587,76.28237237671718,77.27855682373047,155900,0.0,0.0
2006-04-19 00:00:00-04:00,76.25545357778014,76.54488660845169,75.87851944866088,76.45065307617188,350300,0.0,0.0
2006-04-20 00:00:00-04:00,76.7333620866078,77.5949288392587,76.7333620866078,77.0362548828125,168100,0.0,0.0
2006-04-21 00:00:00-04:00,78.98150879529058,79.52672299229042,78.86035579078248,79.09593963623047,360900,0.0,0.0
2006-04-24 00:00:00-04:00,78.36898188739595,78.56418137581576,77.99877507567867,78.35552215576172,366600,0.0,0.0
2006-04-25 00:00:00-04:00,78.71900343280377,78.74592803553041,77.93147806058559,78.06610107421875,262700,0.0,0.0
2006-04-26 00:00:00-04:00,78.072829749651,78.50361313018516,77.9987883746833,78.281494140625,335400,0.0,0.0
2006-04-27 00:00:00-04:00,78.26129678388928,78.85362778323113,77.87090287609203,78.39591979980469,254300,0.0,0.0
2006-04-28 00:00:00-04:00,79.05555587816329,79.21037106512529,78.65169709459435,78.84016418457031,138800,0.0,0.0
2006-05-01 00:00:00-04:00,80.09888463813121,80.09888463813121,78.99500126066856,79.00846099853516,178900,0.0,0.0
2006-05-02 00:00:00-04:00,81.10177368829827,82.05084663984199,80.43540648668112,81.46524810791016,355800,0.0,0.0
2006-05-03 00:00:00-04:00,81.61331841107929,81.70755193491216,81.31042567523679,81.48542785644531,220100,0.0,0.0
2006-05-04 00:00:00-04:00,81.9970006866164,82.4143243261218,81.67391058904079,81.86911010742188,271200,0.0,0.0
2006-05-05 00:00:00-04:00,82.45469757394278,83.46434693199106,82.07103102329812,83.10760498046875,351700,0.0,0.0
2006-05-08 00:00:00-04:00,82.11816131592721,82.17873782242512,81.62006898846435,81.6873779296875,318000,0.0,0.0
2006-05-09 00:00:00-04:00,81.6873797121876,82.13162284222857,81.43160367582118,81.99027252197266,310200,0.0,0.0
2006-05-10 00:00:00-04:00,82.95955688526507,82.99321393205403,81.31046429949288,81.3441162109375,444600,0.0,0.0
2006-05-11 00:00:00-04:00,79.59403922072538,79.63442355926118,78.41611475022837,78.5305404663086,622600,0.0,0.0
2006-05-12 00:00:00-04:00,77.81032391411263,77.81705634897594,74.52559924282782,75.18523406982422,1177300,0.0,0.0
2006-05-15 00:00:00-04:00,75.71698283340274,76.02660807514714,75.29293187662427,75.91891479492188,688900,0.0,0.0
2006-05-16 00:00:00-04:00,75.95930967526152,76.10066001380528,75.62275978291623,75.82469177246094,334000,0.0,0.0
2006-05-17 00:00:00-04:00,76.5314418066529,76.5583664136983,73.20633243437435,73.90635681152344,829500,0.0,0.0
2006-05-18 00:00:00-04:00,74.59291461584424,75.17851325119935,73.95347190297035,74.44483184814453,535000,0.0,0.0
2006-05-19 00:00:00-04:00,73.91306313108781,74.21596102286122,72.76879590085647,73.98037719726562,455400,0.0,0.0
2006-05-22 00:00:00-04:00,72.34474839521584,72.9841909710461,71.34855871213719,72.44570922851562,594700,0.0,0.0
2006-05-23 00:00:00-04:00,72.51975489867326,73.83902959726112,72.45917839509973,72.74861145019531,423000,0.0,0.0
2006-05-24 00:00:00-04:00,73.8726988310712,73.87943126658301,72.52649930795374,73.59672546386719,350700,0.0,0.0
2006-05-25 00:00:00-04:00,72.8630465060496,73.361138873368,72.62746262524654,73.3476791381836,358400,0.0,0.0
2006-05-26 00:00:00-04:00,73.91308632732708,74.4919525577953,73.54288452387944,74.18232727050781,270500,0.0,0.0
2006-05-30 00:00:00-04:00,73.89961560990493,73.89961560990493,72.56014866418326,72.5736083984375,235200,0.0,0.0
2006-05-31 00:00:00-04:00,71.81973493708043,72.61399277744857,71.563958903361,72.2774429321289,401000,0.0,0.0
2006-06-01 00:00:00-04:00,71.77934994734818,73.1793985236509,71.68511640234156,73.12554931640625,435400,0.0,0.0
2006-06-02 00:00:00-04:00,74.12175722366881,74.40445792777787,73.57654285392215,73.73809051513672,273700,0.0,0.0
2006-06-05 00:00:00-04:00,72.96401979791258,72.97075223385049,71.68512914294155,71.75917053222656,242000,0.0,0.0
2006-06-06 00:00:00-04:00,71.75917467209251,71.75917467209251,69.98219149742395,71.08607482910156,570100,0.0,0.0
2006-06-07 00:00:00-04:00,70.33219105970994,71.06587245362566,70.1437239523829,70.24468994140625,397400,0.0,0.0
2006-06-08 00:00:00-04:00,67.80804916343114,68.37345547193806,66.23973107005244,68.31287384033203,979200,0.0,0.0
2006-06-09 00:00:00-04:00,68.65616053672088,68.65616053672088,67.40419484551798,67.68016815185547,435000,0.0,0.0
2006-06-12 00:00:00-04:00,67.85517910728973,68.6225123543899,67.05419395639865,67.10131072998047,322000,0.0,0.0
2006-06-13 00:00:00-04:00,65.2233506243545,65.66086638040372,64.07907825196867,64.2877426147461,647300,0.0,0.0
2006-06-14 00:00:00-04:00,65.20317289731764,66.20609006025153,65.20317289731764,66.07147216796875,1558900,0.0,0.0
2006-06-15 00:00:00-04:00,66.61667931076686,68.14461339728317,66.46859655248868,67.84172058105469,579400,0.0,0.0
2006-06-16 00:00:00-04:00,68.31961449389459,68.31961449389459,67.56574103696269,67.76094055175781,294400,0.0,0.0
2006-06-19 00:00:00-04:00,68.42730279760123,68.55518822021749,67.55900376084965,67.71381378173828,258600,0.0,0.0
2006-06-20 00:00:00-04:00,68.39366070233037,68.39366070233037,67.72056100454961,67.74075317382812,168300,0.0,0.0
2006-06-21 00:00:00-04:00,67.57922424212609,68.62252590178949,67.47152580390978,68.1648178100586,224500,0.0,0.0
2006-06-22 00:00:00-04:00,68.90521401638978,68.90521401638978,67.8349828870236,67.88883209228516,230800,0.0,0.0
2006-06-23 00:00:00-04:00,67.22919618093505,67.41093597571009,66.84552955738496,67.10131072998047,285800,0.0,0.0
2006-06-26 00:00:00-04:00,67.41769719123874,67.68020577545153,67.12826399129321,67.63981628417969,169200,0.0,0.0
2006-06-27 00:00:00-04:00,67.3974518988977,67.40418433187453,66.12529423938645,66.13202667236328,233200,0.0,0.0
2006-06-28 00:00:00-04:00,66.53590730235601,66.63014085375534,66.16570553195675,66.41474914550781,254200,0.0,0.0
2006-06-29 00:00:00-04:00,66.93975292610818,68.81097412109375,66.76475072818153,68.81097412109375,293200,0.0,0.0
2006-06-30 00:00:00-04:00,70.50719640713059,70.64181429840065,69.88121345557241,70.39949798583984,325300,0.0,0.0
2006-07-03 00:00:00-04:00,69.81389365263155,70.80335091915269,69.81389365263155,70.70238494873047,249800,0.0,0.0
2006-07-05 00:00:00-04:00,69.45042480551523,69.46388453949021,68.39365851914606,68.89848327636719,348900,0.0,0.0
2006-07-06 00:00:00-04:00,69.423508097163,69.81390718629305,69.18792421073745,69.5110092163086,282000,0.0,0.0
2006-07-07 00:00:00-04:00,70.33892200994131,70.9110557552023,70.15045490659355,70.25814819335938,236500,0.0,0.0
2006-07-10 00:00:00-04:00,71.35528656238425,71.50336928883465,70.78988025551382,71.0052719116211,244600,0.0,0.0
2006-07-11 00:00:00-04:00,70.67545835729774,71.25432442705157,70.0696676871667,71.15335845947266,227400,0.0,0.0
2006-07-12 00:00:00-04:00,69.59177506754074,69.84082379630094,68.75713290747588,69.01290893554688,752600,0.0,0.0
2006-07-13 00:00:00-04:00,68.66963556130584,68.66963556130584,66.65706870784388,66.70418548583984,750900,0.0,0.0
2006-07-14 00:00:00-04:00,65.96375321042449,66.13876052418459,65.3916196433208,65.93682861328125,346100,0.0,0.0
2006-07-17 00:00:00-04:00,65.29740615822564,65.71472470365003,65.09547418535723,65.39163970947266,202100,0.0,0.0
2006-07-18 00:00:00-04:00,64.7858362797089,65.11565364469155,63.621371716117764,64.50313568115234,418500,0.0,0.0
2006-07-19 00:00:00-04:00,64.73872948890808,66.80514536688308,64.61757133723704,66.3945541381836,302200,0.0,0.0
2006-07-20 00:00:00-04:00,67.05420459703501,67.72730440378376,66.30033096475256,66.52918243408203,677600,0.0,0.0
2006-07-21 00:00:00-04:00,66.52917676108484,66.76476578163322,66.18589958636217,66.4887924194336,309200,0.0,0.0
2006-07-24 00:00:00-04:00,67.30996131051066,67.9224844234007,67.17534344202664,67.68016815185547,203000,0.0,0.0
2006-07-25 00:00:00-04:00,68.65616928392332,69.47735173818985,68.46096975501216,69.06002807617188,261200,0.0,0.0
2006-07-26 00:00:00-04:00,69.32925567595527,69.32925567595527,67.98305653661633,68.49461364746094,293500,0.0,0.0
2006-07-27 00:00:00-04:00,69.5985078857168,70.1369845480982,68.99271714711257,69.39657592773438,212500,0.0,0.0
2006-07-28 00:00:00-04:00,70.08315324242854,71.18030407111289,70.0158391539443,71.07933807373047,308300,0.0,0.0
2006-07-31 00:00:00-04:00,71.41586552480199,71.41586552480199,70.7696905341647,70.82353973388672,157600,0.0,0.0
2006-08-01 00:00:00-04:00,70.05621630975814,70.05621630975814,69.24176630874813,69.66581726074219,205700,0.0,0.0
2006-08-02 00:00:00-04:00,70.97836315774006,71.09952131230636,70.17064555086029,70.74951171875,392900,0.0,0.0
2006-08-03 00:00:00-04:00,71.25433897934568,72.46592056704941,71.01202266180492,72.00148010253906,393600,0.0,0.0
2006-08-04 00:00:00-04:00,74.04095956251552,74.36404964561183,72.25724450962277,72.78899383544922,605200,0.0,0.0
2006-08-07 00:00:00-04:00,71.07931573273082,71.81972425524359,70.8369994693132,71.11970520019531,383100,0.0,0.0
2006-08-08 00:00:00-04:00,72.69475370325866,73.30054434452092,71.78607030903636,72.09569549560547,327500,0.0,0.0
2006-08-09 00:00:00-04:00,73.7044111280988,73.85249387165484,73.16592935795732,73.30055236816406,453000,0.0,0.0
2006-08-10 00:00:00-04:00,73.83906243994984,73.85252731473926,73.20635197916368,73.616943359375,240800,0.0,0.0
2006-08-11 00:00:00-04:00,72.75534649517436,72.8697773507897,72.04186243307441,72.33802795410156,167900,0.0,0.0
2006-08-14 00:00:00-04:00,73.26689306098055,73.55632610477608,72.58706100269943,72.7284164428711,140100,0.0,0.0
2006-08-15 00:00:00-04:00,73.33421876938166,74.14194158430269,73.33421876938166,73.96693420410156,329900,0.0,0.0
2006-08-16 00:00:00-04:00,74.7208016517052,75.31985999405575,74.53906185079153,75.09100341796875,235200,0.0,0.0
2006-08-17 00:00:00-04:00,75.29965776419262,76.36315128107334,75.17176719066093,75.6362075805664,355500,0.0,0.0
2006-08-18 00:00:00-04:00,75.72371207627674,75.72371207627674,74.59963687171563,75.21888732910156,173100,0.0,0.0
2006-08-21 00:00:00-04:00,74.26309872927357,74.3909841933206,74.04097457307185,74.13520812988281,156600,0.0,0.0
2006-08-22 00:00:00-04:00,74.68713141794689,74.68713141794689,74.01403181417807,74.3438491821289,118800,0.0,0.0
2006-08-23 00:00:00-04:00,74.64676776911098,75.097743396116,73.8188527675154,74.18232727050781,231500,0.0,0.0
2006-08-24 00:00:00-04:00,73.87942477371456,73.87942477371456,72.52649293398724,72.90342712402344,228600,0.0,0.0
2006-08-25 00:00:00-04:00,71.68511256555927,72.25724623971819,70.68892282622414,71.42933654785156,514800,0.0,0.0
2006-08-28 00:00:00-04:00,71.2812559805851,72.31109765259293,71.2812559805851,72.11589813232422,179400,0.0,0.0
2006-08-29 00:00:00-04:00,72.92362510136624,72.92362510136624,71.91397546734837,72.7149658203125,292100,0.0,0.0
2006-08-30 00:00:00-04:00,72.29089499913046,72.51301909018595,72.10242794078356,72.39186096191406,177900,0.0,0.0
2006-08-31 00:00:00-04:00,72.86303799768174,73.05823751479427,72.57360493925184,72.92361450195312,154500,0.0,0.0
2006-09-01 00:00:00-04:00,72.89669463997362,73.19958743037597,72.45244640301782,73.01785278320312,357600,0.0,0.0
2006-09-05 00:00:00-04:00,73.47555440629364,73.56305550510037,73.12553974038198,73.46208953857422,131600,0.0,0.0
2006-09-06 00:00:00-04:00,72.69474403359152,72.93032782515058,72.22357645047336,72.25049591064453,191000,0.0,0.0
2006-09-07 00:00:00-04:00,71.88706706870805,71.88706706870805,71.11300120299914,71.45628356933594,249300,0.0,0.0
2006-09-08 00:00:00-04:00,72.00819731811895,72.00819731811895,71.42259881861092,71.59087371826172,202800,0.0,0.0
2006-09-11 00:00:00-04:00,70.68220099459518,70.74277750268162,69.85428610334492,70.44661712646484,920500,0.0,0.0
2006-09-12 00:00:00-04:00,70.91105498525803,71.61781175048169,70.67547110863127,71.40242004394531,338200,0.0,0.0
2006-09-13 00:00:00-04:00,71.1062501646626,71.83319905543279,70.91778307490952,71.5101089477539,349500,0.0,0.0
2006-09-14 00:00:00-04:00,71.9274297183896,72.00820352590871,71.17355625423973,71.78607940673828,280900,0.0,0.0
2006-09-15 00:00:00-04:00,71.71879210378631,72.25053647383596,71.24761912079879,71.45628356933594,287500,0.0,0.0
2006-09-18 00:00:00-04:00,71.55720097182348,71.7052836726553,71.25430827309751,71.61778259277344,224000,0.0,0.0
2006-09-19 00:00:00-04:00,71.7254915838454,71.98800001647324,71.24759148507822,71.59087371826172,320700,0.0,0.0
2006-09-20 00:00:00-04:00,72.2505098095146,72.364940646292,71.72549293437329,72.21685791015625,285000,0.0,0.0
2006-09-21 00:00:00-04:00,73.34094879881732,73.34094879881732,72.43899759072629,72.7149658203125,259300,0.0,0.0
2006-09-22 00:00:00-04:00,72.56014595816121,72.56687325736591,71.7322311104661,72.02839660644531,156900,0.0,0.0
2006-09-25 00:00:00-04:00,72.51975534140247,73.18612769683618,72.09570440777061,73.01785278320312,174500,0.0,0.0
2006-09-26 00:00:00-04:00,72.32455908643614,72.90342522626212,72.1630165999605,72.82938385009766,287400,0.0,0.0
2006-09-27 00:00:00-04:00,73.41287477390478,73.95567075832179,73.41287477390478,73.68427276611328,232200,0.86,0.0
2006-09-28 00:00:00-04:00,73.81999957174479,74.12531918199078,73.5689554372953,74.03711700439453,147200,0.0,0.0
2006-09-29 00:00:00-04:00,74.11173640397752,74.11173640397752,73.62322098660702,73.88783264160156,221100,0.0,0.0
2006-10-02 00:00:00-04:00,74.43063070793526,75.3873076887087,74.41027675966133,74.97342681884766,473200,0.0,0.0
2006-10-03 00:00:00-04:00,74.70880363400794,75.61798102682278,74.60702873182312,75.33301544189453,539200,0.0,0.0
2006-10-04 00:00:00-04:00,75.92332522897905,77.32101836999162,75.78762359905829,77.09711456298828,989600,0.0,0.0
2006-10-05 00:00:00-04:00,78.70513551416609,78.70513551416609,77.89094652771793,78.2776870727539,439000,0.0,0.0
2006-10-06 00:00:00-04:00,77.7145272289676,77.7145272289676,77.13102329745126,77.4906234741211,223100,0.0,0.0
2006-10-09 00:00:00-04:00,77.3684960639949,77.3684960639949,76.6492956972683,76.94104766845703,195900,0.0,0.0
2006-10-10 00:00:00-04:00,77.68739557680877,78.19626498015032,77.34814930791441,78.02664184570312,227800,0.0,0.0
2006-10-11 00:00:00-04:00,78.05378323450155,78.77298367790497,78.03342928632784,78.54907989501953,339800,0.0,0.0
2006-10-12 00:00:00-04:00,78.54905178900027,79.44466142359225,78.54905178900027,79.33610534667969,219300,0.0,0.0
2006-10-13 00:00:00-04:00,78.60335659763626,78.94260285414438,78.28446428828069,78.84082794189453,315100,0.0,0.0
2006-10-16 00:00:00-04:00,78.53551728781498,78.79334260846404,78.39982084041813,78.72549438476562,304600,0.0,0.0
2006-10-17 00:00:00-04:00,77.48382694752141,77.48382694752141,76.94782252801025,77.1649398803711,421000,0.0,0.0
2006-10-18 00:00:00-04:00,77.68737669070623,77.95198830199674,77.16493984126973,77.44990539550781,212800,0.0,0.0
2006-10-19 00:00:00-04:00,77.78915661261671,78.0130603524921,77.51775861063014,77.89771270751953,209500,0.0,0.0
2006-10-20 00:00:00-04:00,78.73904048835823,78.80010231607584,78.08768326712169,78.4337158203125,280700,0.0,0.0
2006-10-23 00:00:00-04:00,78.96295392197204,79.81785590661555,78.77297685349279,79.66858673095703,347400,0.0,0.0
2006-10-24 00:00:00-04:00,79.85179251814657,80.4420777433002,79.6346751019948,80.22496032714844,307400,0.0,0.0
2006-10-25 00:00:00-04:00,80.68633888350267,81.10021978430832,80.40815960881478,80.89667510986328,250100,0.0,0.0
2006-10-26 00:00:00-04:00,81.05951799917564,81.66337604560847,80.82204660616634,81.43268585205078,232600,0.0,0.0
2006-10-27 00:00:00-04:00,81.43266958210275,81.54123086949579,80.60491305992278,80.7609634399414,298000,0.0,0.0
2006-10-30 00:00:00-05:00,80.50992206426878,80.71346670718722,79.92641810355943,80.43528747558594,267800,0.0,0.0
2006-10-31 00:00:00-05:00,80.04855095732945,80.37422447285705,79.85856870070329,80.06211853027344,427400,0.0,0.0
2006-11-01 00:00:00-05:00,80.57097132931374,80.80844263056606,79.62786732113582,79.75678253173828,397500,0.0,0.0
2006-11-02 00:00:00-05:00,79.96710076546454,80.4284757242541,79.749983442298,80.2317123413086,284800,0.0,0.0
2006-11-03 00:00:00-05:00,80.48277300271532,80.48277300271532,79.59394440942583,79.8314208984375,297200,0.0,0.0
2006-11-06 00:00:00-05:00,80.50313537310923,81.61586264810963,80.40136046380702,81.23590850830078,426200,0.0,0.0
2006-11-07 00:00:00-05:00,83.42065738076214,83.45458407903149,82.06367227378601,82.24008178710938,718100,0.0,0.0
2006-11-08 00:00:00-05:00,82.77608703269263,83.82775250411265,82.59967752894427,83.76668548583984,471400,0.0,0.0
2006-11-09 00:00:00-05:00,83.76666655332507,83.76666655332507,82.8778432138618,83.04067993164062,442700,0.0,0.0
2006-11-10 00:00:00-05:00,82.95925012435002,82.95925012435002,82.11113476078982,82.6539306640625,803000,0.0,0.0
2006-11-13 00:00:00-05:00,81.98223754367056,82.20614127696025,81.60906465485444,82.01615905761719,446200,0.0,0.0
2006-11-14 00:00:00-05:00,84.70978418275988,84.82512666076404,83.84131464592677,84.6894302368164,1052000,0.0,0.0
2006-11-15 00:00:00-05:00,84.1466306200861,84.56051142500989,83.79381682689011,84.03128814697266,546800,0.0,0.0
2006-11-16 00:00:00-05:00,83.79380553297275,83.79380553297275,83.10852680753808,83.16959381103516,470900,0.0,0.0
2006-11-17 00:00:00-05:00,83.45455937358497,83.62418246174266,83.11531319726959,83.37313842773438,474400,0.0,0.0
2006-11-20 00:00:00-05:00,80.06212720149534,81.72443200923638,80.06212720149534,80.51671600341797,1160100,0.0,0.0
2006-11-21 00:00:00-05:00,80.1503167751531,80.3063723270552,79.99426639973794,80.21817016601562,448100,0.0,0.0
2006-11-22 00:00:00-05:00,81.24269990438188,81.41910942421754,80.88988604119812,81.20877838134766,389200,0.0,0.0
2006-11-24 00:00:00-05:00,80.70666759354108,80.78130217044313,80.13673647154678,80.47598266601562,499700,0.0,0.0
2006-11-27 00:00:00-05:00,80.51670228499073,82.02974281044125,79.64144635454899,79.68215942382812,1053900,0.0,0.0
2006-11-28 00:00:00-05:00,79.65501910313766,79.79750190439745,79.20043037866782,79.68215942382812,580700,0.0,0.0
2006-11-29 00:00:00-05:00,80.8966699606366,81.24948381311006,80.59134520367193,81.018798828125,574000,0.0,0.0
2006-11-30 00:00:00-05:00,81.89404179692922,81.91440091995888,81.11377957152676,81.4530258178711,760900,0.0,0.0
2006-12-01 00:00:00-05:00,81.64977520871714,81.88725169652996,80.90343458319694,81.4190902709961,671500,0.0,0.0
2006-12-04 00:00:00-05:00,81.41911270985477,82.30115516813999,81.30377020920622,82.21973419189453,477600,0.0,0.0
2006-12-05 00:00:00-05:00,81.75834135575728,82.11115515698276,81.41230875205524,82.09758758544922,391200,0.0,0.0
2006-12-06 00:00:00-05:00,82.09078842310075,82.4503885423168,81.92795170763205,82.3011245727539,472000,0.0,0.0
2006-12-07 00:00:00-05:00,83.04070303423559,83.04070303423559,82.3350701589,82.53861999511719,322900,0.0,0.0
2006-12-08 00:00:00-05:00,82.70144652725305,83.3460123013897,82.70144652725305,82.76929473876953,515800,0.0,0.0
2006-12-11 00:00:00-05:00,83.25104395318225,83.25104395318225,82.82359545816063,83.2306900024414,428000,0.0,0.0
2006-12-12 00:00:00-05:00,83.45457316188747,83.88202155113265,83.10854055545849,83.86845397949219,499000,0.0,0.0
2006-12-13 00:00:00-05:00,84.54014462381376,84.58085768426987,84.01092142625609,84.30267333984375,529700,0.0,0.0
2006-12-14 00:00:00-05:00,84.8997661282101,85.53076437117083,84.66229478440489,85.28650665283203,337300,0.0,0.0
2006-12-15 00:00:00-05:00,85.49005385044482,85.62575027802536,85.04224632175259,85.32721710205078,276100,0.0,0.0
2006-12-18 00:00:00-05:00,85.66644547691597,86.14138805085871,85.32041292933722,85.5578842163086,221500,0.0,0.0
2006-12-19 00:00:00-05:00,85.49006125314042,86.15498622943039,85.0761803837483,85.96500396728516,259200,0.0,0.0
2006-12-20 00:00:00-05:00,86.71134177131684,87.09807710474556,86.61635323740684,86.99630737304688,306400,0.0,0.0
2006-12-21 00:00:00-05:00,88.17689891151647,88.67219558855322,87.95299512116357,88.25153350830078,577200,0.0,0.0
2006-12-22 00:00:00-05:00,89.39139293156367,89.75099315268987,88.74682708348699,89.49995422363281,348600,0.0,0.0
2006-12-26 00:00:00-05:00,89.05212903641693,89.89346335400253,88.95714051289698,89.29638671875,508100,0.0,0.0
2006-12-27 00:00:00-05:00,90.48373666049524,91.10116715948699,90.18519838173125,91.09437561035156,570600,0.0,0.0
2006-12-28 00:00:00-05:00,91.10794835565117,91.48790240027034,90.72121311486784,91.09437561035156,513700,0.0,0.0
2006-12-29 00:00:00-05:00,91.04690300603389,91.65754206638427,90.53803367141752,91.1283187866211,314400,0.0,0.0
2007-01-03 00:00:00-05:00,91.76609162197767,92.64134221042129,91.22329566378565,91.80001831054688,758600,0.0,0.0
2007-01-04 00:00:00-05:00,92.71597266438955,93.61158750855684,92.03069913881647,93.47589111328125,842700,0.0,0.0
2007-01-05 00:00:00-05:00,90.44303128480776,90.82976653631209,89.93416202816364,90.72799682617188,1068400,0.0,0.0
2007-01-08 00:00:00-05:00,91.32509764497986,91.42008618398519,90.78230155653186,90.89764404296875,511600,0.0,0.0
2007-01-09 00:00:00-05:00,89.67634449078207,90.1987865680553,89.045351491443,89.66956329345703,645700,0.0,0.0
2007-01-10 00:00:00-05:00,87.52552160233445,88.10902549380225,86.98951714938006,87.81726837158203,726200,0.0,0.0
2007-01-11 00:00:00-05:00,86.8470355554197,88.49576727661488,86.71812033054137,87.37625885009766,803900,0.0,0.0
2007-01-12 00:00:00-05:00,88.11580381742307,88.80786895751953,88.0615231835947,88.80786895751953,498500,0.0,0.0
2007-01-16 00:00:00-05:00,89.21497094352688,89.89346335524228,88.71288283178735,89.02499389648438,641200,0.0,0.0
2007-01-17 00:00:00-05:00,89.31674452202346,89.48636763227897,88.73324060862558,88.95036315917969,641100,0.0,0.0
2007-01-18 00:00:00-05:00,89.6967035652103,90.20557292396109,89.17426145806022,89.61528778076172,554200,0.0,0.0
2007-01-19 00:00:00-05:00,89.52027002574278,89.90022403310556,89.3845736449661,89.78488159179688,396500,0.0,0.0
2007-01-22 00:00:00-05:00,89.74419419642707,89.74419419642707,88.48897909356457,89.02499389648438,524800,0.0,0.0
2007-01-23 00:00:00-05:00,89.62886052916102,90.06987649888893,89.15390751194808,89.61528778076172,386000,0.0,0.0
2007-01-24 00:00:00-05:00,91.24367354280184,92.00359222481315,90.90442727405691,91.96966552734375,653200,0.0,0.0
2007-01-25 00:00:00-05:00,90.10380591184729,90.63981043059441,89.01821377257035,89.35746002197266,794100,0.0,0.0
2007-01-26 00:00:00-05:00,89.56100482506739,89.6967012466319,88.75359714024445,89.24889373779297,716400,0.0,0.0
2007-01-29 00:00:00-05:00,89.45924010857769,89.90025609161113,89.16748295054528,89.35746002197266,450300,0.0,0.0
2007-01-30 00:00:00-05:00,89.76455547192703,90.20557143437232,89.66277539007343,90.04273986816406,425300,0.0,0.0
2007-01-31 00:00:00-05:00,88.81465885702265,89.74420056707928,88.54326601426023,89.41173553466797,546600,0.0,0.0
2007-02-01 00:00:00-05:00,90.23948920378841,90.62623484123141,89.93416969437008,90.4294662475586,376100,0.0,0.0
2007-02-02 00:00:00-05:00,89.3235397325059,89.3371124822881,88.67219268460585,89.06571960449219,466700,0.0,0.0
2007-02-05 00:00:00-05:00,88.20402506389895,88.80788297521745,88.20402506389895,88.5161361694336,447400,0.0,0.0
2007-02-06 00:00:00-05:00,90.57194653902155,91.18936670251745,89.73739350349992,90.71442413330078,571500,0.0,0.0
2007-02-07 00:00:00-05:00,90.30736806204001,90.44306450973322,89.67636456845234,90.19880676269531,383900,0.0,0.0
2007-02-08 00:00:00-05:00,89.8391914853104,89.8391914853104,89.21497964798631,89.62886047363281,444500,0.0,0.0
2007-02-09 00:00:00-05:00,90.56517316536568,90.7076611412126,89.37103012982763,89.60171508789062,601600,0.0,0.0
2007-02-12 00:00:00-05:00,89.87992133583629,90.0020450422692,89.12001288787289,89.41854095458984,282200,0.0,0.0
2007-02-13 00:00:00-05:00,90.95191053087228,91.50826892903055,90.95191053087228,91.5014877319336,485800,0.0,0.0
2007-02-14 00:00:00-05:00,91.47434224500473,92.99415846064946,91.47434224500473,92.61420440673828,949000,0.0,0.0
2007-02-15 00:00:00-05:00,93.00777827996109,93.02813223222431,92.36321230134631,92.79744720458984,419600,0.0,0.0
2007-02-16 00:00:00-05:00,92.96705508089,93.05525207519531,92.47174804936584,93.05525207519531,399900,0.0,0.0
2007-02-20 00:00:00-05:00,92.61422599911464,93.1909487637419,92.15963726770295,92.72956848144531,348300,0.0,0.0
2007-02-21 00:00:00-05:00,91.84754170998605,92.23428746882911,91.70506405892067,91.99681091308594,319400,0.0,0.0
2007-02-22 00:00:00-05:00,92.17319760846974,92.28174852530275,91.63718280941276,92.03749084472656,270800,0.0,0.0
2007-02-23 00:00:00-05:00,92.13930273157669,92.30892589185095,91.80683761036774,91.93575286865234,410900,0.0,0.0
2007-02-26 00:00:00-05:00,92.88561621216238,93.28593464293859,92.20712373332123,92.97382354736328,341800,0.0,0.0
2007-02-27 00:00:00-05:00,93.6319789422516,93.6319789422516,88.21761088485889,90.21916198730469,1295300,0.0,0.0
2007-02-28 00:00:00-05:00,91.69825386996,91.86109579105694,89.95453359247293,90.64659881591797,1209200,0.0,0.0
2007-03-01 00:00:00-05:00,88.55004479873865,89.3710252081287,86.69097695874629,89.0724868774414,1642800,0.0,0.0
2007-03-02 00:00:00-05:00,88.27188536234696,88.69254743261655,87.16593918705465,87.58660125732422,1116100,0.0,0.0
2007-03-05 00:00:00-05:00,87.05059954444297,87.858007366109,86.69778050619918,86.7859878540039,660400,0.0,0.0
2007-03-06 00:00:00-05:00,89.86630502355308,90.15806210245844,89.14032363027104,90.05628204345703,926800,0.0,0.0
2007-03-07 00:00:00-05:00,90.40233372536544,90.76871507668518,90.04951476829896,90.18521118164062,518300,0.0,0.0
2007-03-08 00:00:00-05:00,91.58291122678342,92.02393754659577,90.91799150120423,91.2165298461914,658300,0.0,0.0
2007-03-09 00:00:00-05:00,91.12153397669512,91.3929268032085,90.1648571808305,90.33448028564453,465900,0.0,0.0
2007-03-12 00:00:00-04:00,90.33447522454838,90.72800204802587,89.69669072970461,90.51087951660156,583900,0.0,0.0
2007-03-13 00:00:00-04:00,90.51088374878242,90.51088374878242,88.5432598923634,88.71288299560547,511100,0.0,0.0
2007-03-14 00:00:00-04:00,88.2040024328601,88.67894499075047,86.72488895423423,88.1904296875,842400,0.0,0.0
2007-03-15 00:00:00-04:00,88.52970104169039,88.92322794534024,88.27866212243802,88.70611572265625,419600,0.0,0.0
2007-03-16 00:00:00-04:00,88.22436149530827,88.97070723886495,87.95974988676943,88.13615417480469,342100,0.0,0.0
2007-03-19 00:00:00-04:00,88.51614474524175,89.30997980536998,88.495780443518,89.25569915771484,314500,0.0,0.0
2007-03-20 00:00:00-04:00,89.18784052849972,89.90025975184507,89.18784052849972,89.59494018554688,327400,0.0,0.0
2007-03-21 00:00:00-04:00,89.54744035293825,90.59910583496094,88.8960933280421,90.59910583496094,707200,0.0,0.0
2007-03-22 00:00:00-04:00,90.07665241739,90.55160540676691,89.58135583606685,90.10379791259766,537600,0.0,0.0
2007-03-23 00:00:00-04:00,90.64660163039795,90.6940907215839,90.15129465404776,90.36162567138672,538200,0.0,0.0
2007-03-26 00:00:00-04:00,90.06986113696723,90.0902150796079,89.18781899497507,90.03593444824219,244800,0.0,0.0
2007-03-27 00:00:00-04:00,89.22176374101906,89.22176374101906,88.55684398991869,89.05892181396484,301000,0.0,0.0
2007-03-28 00:00:00-04:00,89.29967891392994,89.29967891392994,87.9796135839949,88.13692474365234,875300,1.052,0.0
2007-03-29 00:00:00-04:00,88.76618716486327,89.0397727205275,88.05485845816435,88.88246154785156,435800,0.0,0.0
2007-03-30 00:00:00-04:00,87.89069082927277,88.36263473004382,87.48714852791909,87.65814208984375,565700,0.0,0.0
2007-04-02 00:00:00-04:00,86.78265322047348,87.10412196127122,86.26967251961992,86.81001281738281,506400,0.0,0.0
2007-04-03 00:00:00-04:00,85.97558257705236,87.20673862138443,85.71567417583147,86.85107421875,1219800,0.0,0.0
2007-04-04 00:00:00-04:00,87.30930206950893,87.89067905853008,87.0357113634082,87.37085723876953,665000,0.0,0.0
2007-04-05 00:00:00-04:00,86.03028616336717,86.8442172459149,85.91401178537743,86.51590728759766,991700,0.0,0.0
2007-04-09 00:00:00-04:00,86.69373978551307,86.72794058675625,86.11236269254631,86.37911224365234,496300,0.0,0.0
2007-04-10 00:00:00-04:00,86.11236495752392,86.7826568457199,85.90032937719643,86.51590728759766,930700,0.0,0.0
2007-04-11 00:00:00-04:00,85.95505619809764,85.9960982079716,85.06589266491858,85.18216705322266,709900,0.0,0.0
2007-04-12 00:00:00-04:00,84.71021494547585,85.1479580745032,84.31350860407305,85.0864028930664,532400,0.0,0.0
2007-04-13 00:00:00-04:00,82.76087472843982,83.26017816955157,82.63091796603221,83.11653900146484,1274600,0.0,0.0
2007-04-16 00:00:00-04:00,82.86347991382023,84.26562396965946,82.70616354314477,83.94416046142578,1065300,0.0,0.0
2007-04-17 00:00:00-04:00,83.67057096084707,83.9236380927397,83.32858383704894,83.6432113647461,876300,0.0,0.0
2007-04-18 00:00:00-04:00,84.21775807855148,84.942774422865,84.09464248938957,84.58026885986328,624700,0.0,0.0
2007-04-19 00:00:00-04:00,84.42980164663386,85.18901364846536,84.14936963770937,84.9291000366211,805900,0.0,0.0
2007-04-20 00:00:00-04:00,85.50362608025524,86.2559967435051,85.50362608025524,86.13288116455078,932000,0.0,0.0
2007-04-23 00:00:00-04:00,85.49677456920683,85.6130489302268,85.32578102006842,85.4078598022461,640200,0.0,0.0
2007-04-24 00:00:00-04:00,85.35314191686969,85.35314191686969,84.5528933470819,84.73756408691406,562300,0.0,0.0
2007-04-25 00:00:00-04:00,83.78684636653577,84.44346102614986,83.43801803482192,84.0809555053711,982200,0.0,0.0
2007-04-26 00:00:00-04:00,83.37645594614492,83.84155861044486,83.10286522273748,83.68424224853516,799800,0.0,0.0
2007-04-27 00:00:00-04:00,83.68423701808683,84.02622409639393,83.41748751447199,83.4448471069336,411800,0.0,0.0
2007-04-30 00:00:00-04:00,83.44486307743716,83.93048419537918,83.04815673828125,83.04815673828125,310100,0.0,0.0
2007-05-01 00:00:00-04:00,83.2670241648001,83.27386536846215,82.78140307098404,83.1233901977539,336300,0.0,0.0
2007-05-02 00:00:00-04:00,82.733542452077,82.74722486227374,80.7910576689833,82.2957992553711,1196000,0.0,0.0
2007-05-03 00:00:00-04:00,82.26157439941379,82.53516512194969,82.04270286504686,82.35049438476562,626900,0.0,0.0
2007-05-04 00:00:00-04:00,82.43257312268207,82.84979782661736,82.35734075711393,82.71300506591797,498200,0.0,0.0
2007-05-07 00:00:00-04:00,82.84979945267612,83.2396645684614,82.71300668929194,83.1233901977539,584000,0.0,0.0
2007-05-08 00:00:00-04:00,82.51465024446166,82.52833265124102,81.89223641204121,82.42573547363281,506100,0.0,0.0
2007-05-09 00:00:00-04:00,82.06324785862031,82.08376625495318,81.43398746732055,81.57762145996094,1003800,0.0,0.0
2007-05-10 00:00:00-04:00,80.37382764614881,80.77052880479535,79.50517729597426,79.8882064819336,1303600,0.0,0.0
2007-05-11 00:00:00-04:00,81.22879114173796,82.24791141035277,81.16039475387366,82.03588104248047,764200,0.0,0.0
2007-05-14 00:00:00-04:00,83.27386409309673,83.68424759527353,82.96607777104147,83.54745483398438,925300,0.0,0.0
2007-05-15 00:00:00-04:00,83.45169364826342,84.12882664550314,83.10970654807844,83.30805969238281,604600,0.0,0.0
2007-05-16 00:00:00-04:00,83.44484999063685,83.84839225219676,83.3559352257954,83.7936782836914,881700,0.0,0.0
2007-05-17 00:00:00-04:00,82.77456480644666,83.49273988548781,82.73352801963618,83.10287475585938,881500,0.0,0.0
2007-05-18 00:00:00-04:00,83.44485713187123,83.60900948805322,82.9045168570333,83.32858276367188,424300,0.0,0.0
2007-05-21 00:00:00-04:00,82.65829125848921,82.66513246246261,82.23423054171312,82.33682250976562,1001800,0.0,0.0
2007-05-22 00:00:00-04:00,81.81017486720968,81.94013166745484,81.47502888681517,81.60498046875,560500,0.0,0.0
2007-05-23 00:00:00-04:00,82.18635255051873,82.68565085607311,81.56393344668204,82.33682250976562,602000,0.0,0.0
2007-05-24 00:00:00-04:00,83.36279764505295,83.40383965733263,82.00169005586768,82.2957992553711,631700,0.0,0.0
2007-05-25 00:00:00-04:00,82.14530830921285,82.4052218700308,81.97431474269979,82.07691192626953,384300,0.0,0.0
2007-05-29 00:00:00-04:00,82.4599275675393,82.82927426032724,81.8580321524269,82.22737884521484,747000,0.0,0.0
2007-05-30 00:00:00-04:00,81.78281214998398,82.1453177175811,81.56394056851158,82.11112213134766,810300,0.0,0.0
2007-05-31 00:00:00-04:00,82.34365313246862,82.6446034489092,82.02218442505418,82.59672546386719,416400,0.0,0.0
2007-06-01 00:00:00-04:00,83.56796957969891,84.0877914428711,83.45853120079566,84.0877914428711,804300,0.0,0.0
2007-06-04 00:00:00-04:00,84.64179286534637,85.05901747390485,84.21772705482401,84.98377990722656,651000,0.0,0.0
2007-06-05 00:00:00-04:00,85.4557430241119,85.83192572428398,85.33946343765717,85.52413940429688,807100,0.0,0.0
2007-06-06 00:00:00-04:00,85.83193978189794,85.83193978189794,83.99205232753002,84.37507629394531,825900,0.0,0.0
2007-06-07 00:00:00-04:00,85.16848980454877,85.61307420723266,83.9099794161069,84.21776580810547,890100,0.0,0.0
2007-06-08 00:00:00-04:00,83.44487040450812,85.29159905564448,83.10288323071916,85.12060546875,672800,0.0,0.0
2007-06-11 00:00:00-04:00,85.38734633071495,85.42838833583106,84.68285365955214,84.80596923828125,402700,0.0,0.0
2007-06-12 00:00:00-04:00,84.05360189537558,84.54606422973752,83.65005956035165,83.67741394042969,372000,0.0,0.0
2007-06-13 00:00:00-04:00,84.29982977286699,84.75125530118576,84.08095821261504,84.68285369873047,313800,0.0,0.0
2007-06-14 00:00:00-04:00,84.47083218119528,84.82649654695436,84.13568621099593,84.62130737304688,318200,0.0,0.0
2007-06-15 00:00:00-04:00,85.49676390815243,85.87978774060228,85.37364835939236,85.80455017089844,495600,0.0,0.0
2007-06-18 00:00:00-04:00,85.90717685613208,85.90717685613208,85.00433092770105,85.48995208740234,272600,0.0,0.0
2007-06-19 00:00:00-04:00,85.65409905067499,85.82509261602398,85.30527071623638,85.63357543945312,232900,0.0,0.0
2007-06-20 00:00:00-04:00,85.58570371336621,85.7908980941257,84.38874866832565,84.60762023925781,585700,0.0,0.0
2007-06-21 00:00:00-04:00,85.37367770091967,85.49679329199255,84.61446575902197,85.48995208740234,530200,0.0,0.0
2007-06-22 00:00:00-04:00,84.84699193077691,84.94958387444147,83.85522632278251,84.14249420166016,285000,0.0,0.0
2007-06-25 00:00:00-04:00,84.21774823398106,84.89488650437305,83.88260230978194,84.20407104492188,305200,0.0,0.0
2007-06-26 00:00:00-04:00,85.10007260632248,85.16846898579094,84.35454319899068,84.47081756591797,405900,0.0,0.0
2007-06-27 00:00:00-04:00,84.23827400737646,84.82648708159032,83.9304824533949,84.71021270751953,651900,0.0,0.0
2007-06-28 00:00:00-04:00,84.73756570160963,85.5993746799695,84.67601052659566,85.27106475830078,496400,0.0,0.0
2007-06-29 00:00:00-04:00,86.28336220840656,86.51591097429564,85.67462547615575,86.09868621826172,545900,0.0,0.0
2007-07-02 00:00:00-04:00,87.04939081809968,87.68548700857295,86.86472008719853,87.63076782226562,511000,0.0,0.0
2007-07-03 00:00:00-04:00,87.44611944174798,87.77442942519589,86.9126202846665,87.5281982421875,237400,0.0,0.0
2007-07-05 00:00:00-04:00,87.39823225995448,87.39823225995448,86.55694682169208,86.99468994140625,304600,0.0,0.0
2007-07-06 00:00:00-04:00,86.42013966586883,86.72793118877583,86.22178652043341,86.33806610107422,305200,0.0,0.0
2007-07-09 00:00:00-04:00,86.79634561820562,87.06993640047929,86.63902922244748,86.81686401367188,197400,0.0,0.0
2007-07-10 00:00:00-04:00,86.41330086891396,86.52958045279263,85.86612462124695,85.9823989868164,320300,0.0,0.0
2007-07-11 00:00:00-04:00,85.8592992453651,86.05081122826772,85.49679367511224,85.9550552368164,919700,0.0,0.0
2007-07-12 00:00:00-04:00,85.4967720352675,86.42013612958662,85.4488940516601,86.38594055175781,383600,0.0,0.0
2007-07-13 00:00:00-04:00,85.97556655478745,86.41330968490382,85.83877378349223,86.16708374023438,283300,0.0,0.0
2007-07-16 00:00:00-04:00,86.24913906098176,86.44749219019502,85.9960719658165,86.07130432128906,224600,0.0,0.0
2007-07-17 00:00:00-04:00,84.8128081267298,85.13427686342999,84.60761376168006,84.79228973388672,534900,0.0,0.0
2007-07-18 00:00:00-04:00,83.61583707294588,83.90310495405399,82.92502174315959,83.86206817626953,751400,0.0,0.0
2007-07-19 00:00:00-04:00,84.60077135927514,84.83332008493711,84.44345499556157,84.61444854736328,342600,0.0,0.0
2007-07-20 00:00:00-04:00,84.57343082604648,84.65550440969133,83.34227488827118,84.06729125976562,679600,0.0,0.0
2007-07-23 00:00:00-04:00,84.06727710848608,84.53921578993199,83.97835711675863,84.2587890625,289700,0.0,0.0
2007-07-24 00:00:00-04:00,84.66232612857459,84.66232612857459,83.65688321385558,83.77999877929688,418000,0.0,0.0
2007-07-25 00:00:00-04:00,84.39558199344013,84.40926440064531,83.10287108294791,83.6432113647461,557900,0.0,0.0
2007-07-26 00:00:00-04:00,83.6637177156473,83.68423610519251,80.05917624566744,81.52971649169922,1258500,0.0,0.0
2007-07-27 00:00:00-04:00,83.26703153973983,83.26703153973983,81.42030297894206,82.40522766113281,679900,0.0,0.0
2007-07-30 00:00:00-04:00,83.52692120753257,83.8552258620723,82.76086831642587,83.30120849609375,639300,0.0,0.0
2007-07-31 00:00:00-04:00,83.09602309296373,83.69108251836587,82.41889010427093,82.50780487060547,423700,0.0,0.0
2007-08-01 00:00:00-04:00,82.33683229459177,83.21232386638972,80.44906680175038,81.50922393798828,1154000,0.0,0.0
2007-08-02 00:00:00-04:00,80.71579436426462,81.5092016987708,80.4490448517893,81.11249542236328,776800,0.0,0.0
2007-08-03 00:00:00-04:00,83.13022298422408,83.13022298422408,81.32453155517578,81.32453155517578,766400,0.0,0.0
2007-08-06 00:00:00-04:00,83.43802314916486,83.57482113974625,81.2629846728636,82.86348724365234,797000,0.0,0.0
2007-08-07 00:00:00-04:00,83.06867610468728,84.06044196419035,83.02079811273263,83.72529602050781,725500,0.0,0.0
2007-08-08 00:00:00-04:00,83.78000102607335,84.36821927469975,83.6090074705031,84.27930450439453,506600,0.0,0.0
2007-08-09 00:00:00-04:00,82.56253604014786,82.90452318564677,81.73492777423769,81.93328094482422,899400,0.0,0.0
2007-08-10 00:00:00-04:00,81.98118086821101,82.20689369701772,80.16864746851277,81.6186752319336,693200,0.0,0.0
2007-08-13 00:00:00-04:00,82.0221987723085,82.45310593136942,81.66653442382812,81.66653442382812,350400,0.0,0.0
2007-08-14 00:00:00-04:00,81.63917221140065,81.64601341547258,80.57217398180819,80.7021255493164,396000,0.0,0.0
2007-08-15 00:00:00-04:00,80.02498305627078,80.36012896008074,78.73227220898038,78.83486938476562,520800,0.0,0.0
2007-08-16 00:00:00-04:00,78.1167034393035,79.01954929804735,75.23717228968631,77.91151428222656,1393700,0.0,0.0
2007-08-17 00:00:00-04:00,77.68579553191417,78.6501964980387,76.54355980203337,78.32189178466797,1024100,0.0,0.0
2007-08-20 00:00:00-04:00,78.32875809349659,78.32875809349659,77.02236950118504,77.73370361328125,823000,0.0,0.0
2007-08-21 00:00:00-04:00,77.73368397484225,78.64337108995967,77.73368397484225,78.30821990966797,563700,0.0,0.0
2007-08-22 00:00:00-04:00,78.32190324803679,79.09479237476529,78.31506204350005,78.86907958984375,442500,0.0,0.0
2007-08-23 00:00:00-04:00,78.72544560443279,79.10163357930203,78.57497041448511,78.86907958984375,403900,0.0,0.0
2007-08-24 00:00:00-04:00,78.62966897827847,79.85398335353617,78.46551664064819,79.74454498291016,231200,0.0,0.0
2007-08-27 00:00:00-04:00,78.97167333141255,79.3410200855944,78.73228336619557,78.78700256347656,230500,0.0,0.0
2007-08-28 00:00:00-04:00,78.65705949867701,78.77333389945439,77.24807384186451,77.29595184326172,274700,0.0,0.0
2007-08-29 00:00:00-04:00,77.30275475892479,78.64334866113862,77.05652887015803,78.52706909179688,445800,0.0,0.0
2007-08-30 00:00:00-04:00,77.08390209249193,78.13038716260792,76.8581945377389,77.4874496459961,322000,0.0,0.0
2007-08-31 00:00:00-04:00,79.2384057029179,79.61459357971587,78.69122950375844,79.12213134765625,392100,0.0,0.0
2007-09-04 00:00:00-04:00,79.71719057218898,80.14125121239947,79.40255786593713,79.99077606201172,381900,0.0,0.0
2007-09-05 00:00:00-04:00,78.99220341608623,79.06059981365469,78.31507020903032,78.84172821044922,290500,0.0,0.0
2007-09-06 00:00:00-04:00,78.48603288342942,79.40255572995977,78.23296057201158,78.98533630371094,438400,0.0,0.0
2007-09-07 00:00:00-04:00,77.97308083023432,77.97308083023432,77.03603403289324,77.49430084228516,352800,0.0,0.0
2007-09-10 00:00:00-04:00,78.66387750351203,78.66387750351203,76.55723562673256,76.92658233642578,409100,0.0,0.0
2007-09-11 00:00:00-04:00,77.33012623180353,77.75419214098955,77.24121145881861,77.4600830078125,253300,0.0,0.0
2007-09-12 00:00:00-04:00,77.46007949972103,77.73367022815007,77.01549521831247,77.38484191894531,370200,0.0,0.0
2007-09-13 00:00:00-04:00,77.1181007457567,77.35064949820583,76.78979079242362,76.86502838134766,547200,0.0,0.0
2007-09-14 00:00:00-04:00,77.04283904391008,77.63105716322826,76.78293077517034,77.41218566894531,211000,0.0,0.0
2007-09-17 00:00:00-04:00,76.94709539255528,77.30275967075829,76.74190105085158,77.06336975097656,253500,0.0,0.0
2007-09-18 00:00:00-04:00,76.37257216301019,77.82259432638554,76.24261537730777,77.78839874267578,440800,0.0,0.0
2007-09-19 00:00:00-04:00,78.93064289539132,79.56673926462727,78.7459668942817,78.9716796875,409100,0.0,0.0
2007-09-20 00:00:00-04:00,78.97166919346726,79.25210115110588,78.38345089929271,78.86223602294922,609600,0.0,0.0
2007-09-21 00:00:00-04:00,78.38346201457807,78.88276560236687,78.37662080972882,78.69808959960938,443100,0.0,0.0
2007-09-24 00:00:00-04:00,78.6570306050845,79.68299187384648,78.07565359644782,78.41764068603516,431400,0.0,0.0
2007-09-25 00:00:00-04:00,78.6570416530522,79.29313793776144,78.54760326422456,78.86223602294922,291300,0.0,0.0
2007-09-26 00:00:00-04:00,79.6895475609292,79.6895475609292,78.4454762252287,79.40617370605469,364100,1.197,0.0
2007-09-27 00:00:00-04:00,79.48218347377508,80.22171314386988,79.48218347377508,80.09039306640625,281700,0.0,0.0
2007-09-28 00:00:00-04:00,81.27917986466957,81.54872774689444,80.72626343041055,80.76773071289062,290000,0.0,0.0
2007-10-01 00:00:00-04:00,81.3621219682772,82.156944967275,81.21698120250318,82.07400512695312,478300,0.0,0.0
2007-10-02 00:00:00-04:00,81.94267491425904,82.24678235150671,81.21697117498853,81.714599609375,398300,0.0,0.0
2007-10-03 00:00:00-04:00,81.54182979438656,81.54182979438656,79.74483666737477,80.26319885253906,663300,0.0,0.0
2007-10-04 00:00:00-04:00,80.69171510677182,80.85758953289196,80.13188562295832,80.37378692626953,490800,0.0,0.0
2007-10-05 00:00:00-04:00,81.20316853929147,81.92887775989699,81.03729410457282,81.32757568359375,285800,0.0,0.0
2007-10-08 00:00:00-04:00,80.8299227149802,81.11329650878906,80.66404833031615,81.11329650878906,146400,0.0,0.0
2007-10-09 00:00:00-04:00,79.82777113371877,80.13187861589068,79.48219636690614,80.03511810302734,427900,0.0,0.0
2007-10-10 00:00:00-04:00,78.81178671498357,79.19882879707832,78.68737957815983,78.87399291992188,552700,0.0,0.0
2007-10-11 00:00:00-04:00,79.13661233541819,79.53056731254144,78.20356162886861,78.56986999511719,555200,0.0,0.0
2007-10-12 00:00:00-04:00,77.47096342359866,77.92712473359268,77.41567545791587,77.84418487548828,428400,0.0,0.0
2007-10-15 00:00:00-04:00,76.06102401548468,76.06102401548468,74.4229973837202,74.7201919555664,1417900,0.0,0.0
2007-10-16 00:00:00-04:00,75.33531111430423,75.50809852511685,74.23638571260153,75.26619720458984,734200,0.0,0.0
2007-10-17 00:00:00-04:00,74.44371387732579,74.64414787011367,73.48301647010092,73.9737319946289,724500,0.0,0.0
2007-10-18 00:00:00-04:00,75.16943366764029,75.40442200587421,74.73400603506683,75.32148742675781,487400,0.0,0.0
2007-10-19 00:00:00-04:00,74.29857828672914,74.67179968484275,73.43464132990671,73.53831481933594,649100,0.0,0.0
2007-10-22 00:00:00-04:00,73.61433803756117,73.95299983136225,72.854074607924,73.85623931884766,775100,0.0,0.0
2007-10-23 00:00:00-04:00,74.63032616027641,75.32147566796425,74.32621868951703,74.87913513183594,375800,0.0,0.0
2007-10-24 00:00:00-04:00,73.88388178459539,73.91152839705482,72.22512194839503,73.31022644042969,882000,0.0,0.0
2007-10-25 00:00:00-04:00,72.91627816274656,73.14435878177405,72.41173666669056,73.08906555175781,420200,0.0,0.0
2007-10-26 00:00:00-04:00,75.09340095759006,75.98498452523759,74.51974555566098,75.83984375,678600,0.0,0.0
2007-10-29 00:00:00-04:00,77.48478769566788,77.62992848942456,76.64849725180127,77.40184783935547,596800,0.0,0.0
2007-10-30 00:00:00-04:00,77.2705320964426,77.47096085236583,76.85583809273759,76.92495727539062,298800,0.0,0.0
2007-10-31 00:00:00-04:00,78.83942658449227,79.24029457695868,77.40874726997816,79.09515380859375,701100,0.0,0.0
2007-11-01 00:00:00-04:00,79.79320021672811,79.9106996282787,78.78412267369627,79.10205078125,783300,0.0,0.0
2007-11-02 00:00:00-04:00,78.09988403320312,78.36251891306931,77.22903429230766,78.09988403320312,567100,0.0,0.0
2007-11-05 00:00:00-05:00,76.71759970936681,78.05843151779023,76.45496477983187,77.1599349975586,524200,0.0,0.0
2007-11-06 00:00:00-05:00,76.71761116220159,77.49170066862392,76.71761116220159,77.40184783935547,496300,0.0,0.0
2007-11-07 00:00:00-05:00,78.96383341871525,80.17334509033671,76.63465761563677,77.20831298828125,835900,0.0,0.0
2007-11-08 00:00:00-05:00,77.75432068111965,77.75432068111965,74.31239376549239,75.32838439941406,867600,0.0,0.0
2007-11-09 00:00:00-05:00,73.8078488549249,75.14176747645438,73.8078488549249,74.54737854003906,601600,0.0,0.0
2007-11-12 00:00:00-05:00,74.78238593722538,75.65323592512685,74.26402372803096,74.45755004882812,608900,0.0,0.0
2007-11-13 00:00:00-05:00,75.25236281793704,76.93876944568511,75.25236281793704,76.80744934082031,603300,0.0,0.0
2007-11-14 00:00:00-05:00,76.14394189685275,77.50550730466838,76.14394189685275,76.800537109375,484000,0.0,0.0
2007-11-15 00:00:00-05:00,76.82128433005715,77.30508697380759,75.8605867424289,76.35821533203125,486000,0.0,0.0
2007-11-16 00:00:00-05:00,76.21998134700563,76.90421801317665,75.58412494464362,76.16468811035156,418300,0.0,0.0
2007-11-19 00:00:00-05:00,75.85366486861665,76.26835355360674,74.63033245693796,75.19707489013672,531100,0.0,0.0
2007-11-20 00:00:00-05:00,75.33529175485432,76.91802466393814,75.03118430259572,76.07482147216797,655600,0.0,0.0
2007-11-21 00:00:00-05:00,75.32839100562694,75.32839100562694,73.91153753501264,74.69944763183594,473100,0.0,0.0
2007-11-23 00:00:00-05:00,74.71326646229426,75.80528403380941,74.54739204416938,75.61176300048828,164000,0.0,0.0
2007-11-26 00:00:00-05:00,74.92060773676431,76.46878115853869,74.92060773676431,74.95516204833984,421800,0.0,0.0
2007-11-27 00:00:00-05:00,77.40875248273468,77.89255507653066,76.35129447554291,77.48477935791016,1165000,0.0,0.0
2007-11-28 00:00:00-05:00,76.40658620131087,77.89255354142135,76.29599974030678,77.5262451171875,514400,0.0,0.0
2007-11-29 00:00:00-05:00,77.40874510346748,78.12754122648023,77.39492443341344,77.86490631103516,396000,0.0,0.0
2007-11-30 00:00:00-05:00,77.88565204358052,78.61826895037848,77.38111050292044,77.71977233886719,458800,0.0,0.0
2007-12-03 00:00:00-05:00,77.40874282405633,77.96857222317506,76.4480454554948,76.66230010986328,402500,0.0,0.0
2007-12-04 00:00:00-05:00,76.02644227390132,76.70377107975716,76.02644227390132,76.5240707397461,291500,0.0,0.0
2007-12-05 00:00:00-05:00,76.64156858182741,77.99622098582907,76.64156858182741,77.63682556152344,402000,0.0,0.0
2007-12-06 00:00:00-05:00,76.94567494471292,78.48693537368254,76.94567494471292,78.39017486572266,290600,0.0,0.0
2007-12-07 00:00:00-05:00,78.96384199036817,79.17809667950775,78.68738109509107,78.93619537353516,325700,0.0,0.0
2007-12-10 00:00:00-05:00,78.5076711667604,79.61351461327273,78.5076711667604,79.44072723388672,530700,0.0,0.0
2007-12-11 00:00:00-05:00,79.35779369573761,79.35779369573761,76.64848863733624,76.69686889648438,584300,0.0,0.0
2007-12-12 00:00:00-05:00,77.9616766461026,79.47529067776499,77.17376652741453,77.76815032958984,520600,0.0,0.0
2007-12-13 00:00:00-05:00,76.71760158587497,76.80744913087477,75.81219734462574,76.32364654541016,437800,0.0,0.0
2007-12-14 00:00:00-05:00,75.70853108797351,75.70853108797351,73.26877373824517,73.46920776367188,1013800,0.0,0.0
2007-12-17 00:00:00-05:00,73.26184815423635,73.89079674021046,72.59834525654915,72.70201873779297,450000,0.0,0.0
2007-12-18 00:00:00-05:00,73.0890816862017,73.79405206884691,72.43249157223748,73.4623031616211,448500,0.0,0.0
2007-12-19 00:00:00-05:00,72.95775455961414,73.71111041176879,72.598359065733,72.9715805053711,461500,0.0,0.0
2007-12-20 00:00:00-05:00,72.57763153615402,73.26186826329007,72.57763153615402,73.16510772705078,393200,0.0,0.0
2007-12-21 00:00:00-05:00,73.40007905787459,74.27092895495585,73.22038397402565,74.22946166992188,374100,0.0,0.0
2007-12-24 00:00:00-05:00,73.93917016767612,74.30547853093486,73.73182322433445,74.12577819824219,123500,0.0,0.0
2007-12-26 00:00:00-05:00,74.80310242470608,75.26617126053247,74.40223450426615,75.24543762207031,449800,0.0,0.0
2007-12-27 00:00:00-05:00,75.23163102847036,75.41824436872429,74.13961342218188,74.3124008178711,480300,0.0,0.0
2007-12-28 00:00:00-05:00,74.12580014707699,74.416081735267,73.63508452712148,73.67655181884766,336100,0.0,0.0
2007-12-31 00:00:00-05:00,73.60742172594628,73.91843689162377,73.01994570574871,73.37934112548828,369100,0.0,0.0
2008-01-02 00:00:00-05:00,73.67655637277976,74.4022656611641,73.2756882844712,73.57979583740234,373900,0.0,0.0
2008-01-03 00:00:00-05:00,74.29858459389034,74.29858459389034,73.46229418146036,73.88389587402344,346200,0.0,0.0
2008-01-04 00:00:00-05:00,73.09598101317718,73.60743022561398,71.7067688817601,71.83808898925781,560400,0.0,0.0
2008-01-07 00:00:00-05:00,71.87955795520837,72.65364740071736,71.68603691209435,72.20439910888672,581800,0.0,0.0
2008-01-08 00:00:00-05:00,72.61908969576069,72.65364928566466,71.09856265494193,71.21605682373047,453900,0.0,0.0
2008-01-09 00:00:00-05:00,71.5408988595883,73.56596746325104,71.5408988595883,73.427734375,867800,0.0,0.0
2008-01-10 00:00:00-05:00,71.32663233583695,72.52923636435736,71.01561714369875,72.1421890258789,802500,0.0,0.0
2008-01-11 00:00:00-05:00,70.849748335176,72.39100901991088,70.849748335176,71.14002990722656,442600,0.0,0.0
2008-01-14 00:00:00-05:00,71.19530310025283,72.50157507981612,71.19530310025283,71.95556640625,385700,0.0,0.0
2008-01-15 00:00:00-05:00,71.87954716105246,71.87954716105246,69.28773656630297,69.42596435546875,861500,0.0,0.0
2008-01-16 00:00:00-05:00,68.34778835661253,69.29466527388722,67.89854003022516,68.603515625,764100,0.0,0.0
2008-01-17 00:00:00-05:00,69.66095014342872,69.99961188019212,67.95381024535675,68.14733123779297,753200,0.0,0.0
2008-01-18 00:00:00-05:00,68.94216761895083,69.69551809745609,67.73956887829304,68.90760803222656,950400,0.0,0.0
2008-01-22 00:00:00-05:00,63.530468842451846,67.61516543724862,63.03975326790021,66.97930908203125,1348300,0.0,0.0
2008-01-23 00:00:00-05:00,65.65228977716136,68.9214292446841,64.96805324602488,68.59658813476562,1388700,0.0,0.0
2008-01-24 00:00:00-05:00,68.6795326882252,69.26009577921427,68.1058772961389,68.90760803222656,570200,0.0,0.0
2008-01-25 00:00:00-05:00,71.00179490473067,71.8795525045956,69.944331674097,70.49725341796875,688700,0.0,0.0
2008-01-28 00:00:00-05:00,70.49724737110616,70.73914863590639,69.57801729181315,70.6354751586914,629400,0.0,0.0
2008-01-29 00:00:00-05:00,71.69985660886994,71.7551498413086,70.97415270706072,71.7551498413086,462500,0.0,0.0
2008-01-30 00:00:00-05:00,71.97629882643614,73.40006491754494,71.4994040482078,72.37716674804688,637700,0.0,0.0
2008-01-31 00:00:00-05:00,74.51284574184722,75.26620163936663,73.52450148284241,74.8653335571289,1733400,0.0,0.0
2008-02-01 00:00:00-05:00,75.10721938433336,75.88822174072266,74.96899158530027,75.88822174072266,489800,0.0,0.0
2008-02-04 00:00:00-05:00,75.95733694891612,76.30982469749183,75.34912196736546,75.46662139892578,396000,0.0,0.0
2008-02-05 00:00:00-05:00,73.95991613468837,73.95991613468837,72.6467309117698,72.82643127441406,729400,0.0,0.0
2008-02-06 00:00:00-05:00,75.55648233943909,76.46188672726295,74.45755688610053,74.49211120605469,1096400,0.0,0.0
2008-02-07 00:00:00-05:00,76.19923022462339,76.57245157685719,75.14868533441323,76.28907775878906,1123000,0.0,0.0
2008-02-08 00:00:00-05:00,75.36984608904667,76.14393006190856,74.53355065357017,75.07955932617188,407100,0.0,0.0
2008-02-11 00:00:00-05:00,75.32837134989624,76.3858290842823,74.78236269315708,76.22686767578125,535400,0.0,0.0
2008-02-12 00:00:00-05:00,76.89040016054723,78.21740625059418,76.89040016054723,77.51243591308594,774900,0.0,0.0
2008-02-13 00:00:00-05:00,77.2497835923482,77.2497835923482,75.50808903050623,76.17850494384766,632900,0.0,0.0
2008-02-14 00:00:00-05:00,76.37202338139207,76.69686450552621,75.43897256663713,75.69469451904297,361600,0.0,0.0
2008-02-15 00:00:00-05:00,76.78670496403271,77.16683928126659,75.75689373150637,76.71067810058594,315800,0.0,0.0
2008-02-19 00:00:00-05:00,80.81612445350741,81.27228045606874,79.42691225501717,80.17335510253906,933800,0.0,0.0
2008-02-20 00:00:00-05:00,78.41090234017481,78.68045020158553,77.06316303312121,78.27267456054688,471500,0.0,0.0
2008-02-21 00:00:00-05:00,78.09990004191657,78.09990004191657,76.57937312377288,76.5862808227539,479600,0.0,0.0
2008-02-22 00:00:00-05:00,76.58627855606103,76.88347306808122,74.948257527088,76.53099060058594,923000,0.0,0.0
2008-02-25 00:00:00-05:00,76.93183789749303,77.62990026677573,76.36509560136636,77.5054931640625,528100,0.0,0.0
2008-02-26 00:00:00-05:00,76.51023634235658,77.96856199575288,76.15084097510245,77.5054931640625,513000,0.0,0.0
2008-02-27 00:00:00-05:00,77.44331309332514,78.68046620994666,77.44331309332514,78.01005554199219,749200,0.0,0.0
2008-02-28 00:00:00-05:00,77.04243815200044,77.04243815200044,76.22688150415534,76.42040252685547,410900,0.0,0.0
2008-02-29 00:00:00-05:00,76.01954384116341,76.01954384116341,74.74783109461802,75.0242919921875,534000,0.0,0.0
2008-03-03 00:00:00-05:00,74.6441592537462,75.44589534716675,74.29167146970417,75.3906021118164,803800,0.0,0.0
2008-03-04 00:00:00-05:00,73.80095711136126,73.80095711136126,71.99705614388411,72.75041198730469,902100,0.0,0.0
2008-03-05 00:00:00-05:00,72.85408249940346,73.53831913288747,72.33572029490432,72.98539733886719,556700,0.0,0.0
2008-03-06 00:00:00-05:00,72.46011495912202,73.22729136736558,71.90719849311616,72.16292572021484,660100,0.0,0.0
2008-03-07 00:00:00-05:00,72.16982609109755,72.16982609109755,70.9741404658897,71.44412231445312,692700,0.0,0.0
2008-03-10 00:00:00-04:00,70.84974230260008,71.29207759560059,69.45361724971193,69.66787719726562,663200,0.0,0.0
2008-03-11 00:00:00-04:00,72.28041517331388,73.31022644042969,71.97630770931237,73.31022644042969,710900,0.0,0.0
2008-03-12 00:00:00-04:00,73.96683298699851,73.96683298699851,72.50159910842486,72.58453369140625,386000,0.0,0.0
2008-03-13 00:00:00-04:00,71.81042306185311,72.95082061609719,70.78061194166851,72.57068634033203,700400,0.0,0.0
2008-03-14 00:00:00-04:00,71.36118655802312,71.45794706710507,68.5274746355111,69.3084716796875,1261300,0.0,0.0
2008-03-17 00:00:00-04:00,67.98144881014213,69.47432862731306,67.63587414367049,68.56201171875,954200,0.0,0.0
2008-03-18 00:00:00-04:00,69.39142212008308,70.98797603690173,69.30848226831927,70.91194915771484,675600,0.0,0.0
2008-03-19 00:00:00-04:00,70.50416747934489,71.57544612420344,69.62640459286351,69.69551849365234,785000,0.0,0.0
2008-03-20 00:00:00-04:00,70.4212480890334,71.53399961601575,69.05968222849883,71.29901123046875,560700,0.0,0.0
2008-03-24 00:00:00-04:00,72.5706966945596,74.65796584125064,72.51540346964075,73.31022644042969,845700,0.0,0.0
2008-03-25 00:00:00-04:00,73.9184341430664,74.12578109450962,72.41864104985683,73.9184341430664,409000,0.0,0.0
2008-03-26 00:00:00-04:00,73.56742394197883,74.72348453016211,72.9228344627346,73.013916015625,369500,1.449,0.0
2008-03-27 00:00:00-04:00,72.8667750021767,72.8667750021767,71.5986145708638,71.64765930175781,432700,0.0,0.0
2008-03-28 00:00:00-04:00,72.64257920348548,73.31519503415497,72.38333968048221,72.71965026855469,1684000,0.0,0.0
2008-03-31 00:00:00-04:00,70.26740567330332,70.99607419025267,69.92409249792956,70.68778991699219,778100,0.0,0.0
2008-04-01 00:00:00-04:00,70.8979879027368,72.48844338901436,70.83492732333345,72.3623275756836,1421500,0.0,0.0
2008-04-02 00:00:00-04:00,72.28524168171671,72.3693206551887,70.98204699301239,71.40943908691406,1134300,0.0,0.0
2008-04-03 00:00:00-04:00,71.59862102962175,71.59862102962175,69.9170788472498,70.09223937988281,1080600,0.0,0.0
2008-04-04 00:00:00-04:00,69.04127603354584,69.13936550396843,68.34063390454149,68.64891815185547,1236400,0.0,0.0
2008-04-07 00:00:00-04:00,68.66295030804062,68.82410040056934,68.10243428978421,68.29161071777344,1166200,0.0,0.0
2008-04-08 00:00:00-04:00,68.13744593933528,68.13744593933528,67.30368010880576,67.56291961669922,813200,0.0,0.0
2008-04-09 00:00:00-04:00,67.89223641284356,67.89223641284356,66.62407028078674,66.70114135742188,738400,0.0,0.0
2008-04-10 00:00:00-04:00,66.96037420224164,67.42980318885515,66.56801628453192,66.84827423095703,2826700,0.0,0.0
2008-04-11 00:00:00-04:00,67.54188977575511,67.54188977575511,66.56799782473891,67.27564239501953,749400,0.0,0.0
2008-04-14 00:00:00-04:00,67.8641965054725,67.8641965054725,66.94635703429874,67.07947540283203,509100,0.0,0.0
2008-04-15 00:00:00-04:00,66.7501670351194,67.54189598794838,66.73615654585882,67.49285125732422,541600,0.0,0.0
2008-04-16 00:00:00-04:00,68.1864917808845,68.83808917467755,67.56992863173174,68.64891815185547,667600,0.0,0.0
2008-04-17 00:00:00-04:00,68.31259205371119,69.2934918805003,68.31259205371119,69.0622787475586,558500,0.0,0.0
2008-04-18 00:00:00-04:00,70.40751570753253,71.43045242420304,70.33044465702196,71.15019989013672,769900,0.0,0.0
2008-04-21 00:00:00-04:00,71.8158091174353,72.8247353658321,71.46548809735025,72.67059326171875,554000,0.0,0.0
2008-04-22 00:00:00-04:00,71.2483102587216,71.2483102587216,70.1483021686698,70.45658111572266,560200,0.0,0.0
2008-04-23 00:00:00-04:00,69.88905416832021,70.23236732364202,69.39860680357478,70.1903305053711,378600,0.0,0.0
2008-04-24 00:00:00-04:00,69.58776975833182,70.55465388472176,69.28649345623226,70.13426971435547,517300,0.0,0.0
2008-04-25 00:00:00-04:00,70.77182901933647,71.7527285987928,70.77182901933647,71.50749969482422,518700,0.0,0.0
2008-04-28 00:00:00-04:00,71.05912209844922,71.87887209098574,71.05912209844922,71.43746948242188,308800,0.0,0.0
2008-04-29 00:00:00-04:00,70.8769602541666,71.67569185267237,70.8769602541666,71.32537078857422,283800,0.0,0.0
2008-04-30 00:00:00-04:00,70.87695759103583,72.29225228480499,70.87695759103583,71.11517333984375,569600,0.0,0.0
2008-05-01 00:00:00-04:00,70.77886103179,72.40435045418576,70.77886103179,72.21517944335938,506300,0.0,0.0
2008-05-02 00:00:00-04:00,72.38334047309188,73.66551692003725,72.38334047309188,73.525390625,863600,0.0,0.0
2008-05-05 00:00:00-04:00,73.53239128888923,73.80564129895068,72.93684653222901,73.65150451660156,572300,0.0,0.0
2008-05-06 00:00:00-04:00,73.68651252870161,74.19798350372503,73.14001266349572,74.02983093261719,482000,0.0,0.0
2008-05-07 00:00:00-04:00,74.04386626012281,74.67444529516867,73.1820740213142,73.39927673339844,355600,0.0,0.0
2008-05-08 00:00:00-04:00,72.15914195273032,72.15914195273032,69.538741502663,70.45658111572266,853800,0.0,0.0
2008-05-09 00:00:00-04:00,71.4795263229472,71.55659740491042,70.1272864468789,70.98207092285156,683600,0.0,0.0
2008-05-12 00:00:00-04:00,70.79287210647037,71.20624834274432,70.5616589511945,71.1922378540039,420200,0.0,0.0
2008-05-13 00:00:00-04:00,71.11518345890029,71.46550455968305,70.610720218497,71.01008605957031,309900,0.0,0.0
2008-05-14 00:00:00-04:00,70.08524024442575,71.18524831338719,70.08524024442575,70.60371398925781,234200,0.0,0.0
2008-05-15 00:00:00-04:00,71.46548838492126,72.95085144042969,71.46548838492126,72.95085144042969,649500,0.0,0.0
2008-05-16 00:00:00-04:00,71.9489311530713,72.0960653366502,70.97503916737686,71.37440490722656,662200,0.0,0.0
2008-05-19 00:00:00-04:00,73.266143321917,74.26806172695818,73.266143321917,73.71455383300781,592000,0.0,0.0
2008-05-20 00:00:00-04:00,72.82474933770402,72.82474933770402,72.01900976782744,72.31327819824219,511400,0.0,0.0
2008-05-21 00:00:00-04:00,71.059128809263,71.59862628282181,70.19734191894531,70.19734191894531,599000,0.0,0.0
2008-05-22 00:00:00-04:00,70.75784394577073,71.03810185392902,69.72089663470257,70.40052032470703,567900,0.0,0.0
2008-05-23 00:00:00-04:00,70.05021714311356,70.05021714311356,69.01326422208182,69.28651428222656,754900,0.0,0.0
2008-05-27 00:00:00-04:00,71.42345872341699,71.42345872341699,68.73299022933593,69.52471923828125,846000,0.0,0.0
2008-05-28 00:00:00-04:00,68.10241880387727,68.99223737961142,67.75209770849627,68.51580047607422,1063800,0.0,0.0
2008-05-29 00:00:00-04:00,69.20243498848235,69.72791669350785,68.84511127780797,69.5107192993164,488400,0.0,0.0
2008-05-30 00:00:00-04:00,71.24128693415733,71.67568694828644,70.84192116223092,71.50052642822266,409900,0.0,0.0
2008-06-02 00:00:00-04:00,72.18714643966803,73.02091215372351,71.53554914748064,71.82281494140625,424000,0.0,0.0
2008-06-03 00:00:00-04:00,71.53555457927864,72.67059666183141,71.40943879232833,71.6686782836914,469200,0.0,0.0
2008-06-04 00:00:00-04:00,73.29417006082544,73.65149902637523,72.86677795479872,73.30117797851562,850300,0.0,0.0
2008-06-05 00:00:00-04:00,73.8126601272416,74.84260509223412,73.64450748361308,74.78655242919922,944700,0.0,0.0
2008-06-06 00:00:00-04:00,73.98781003649071,73.98781003649071,71.81582043866045,71.91390991210938,619800,0.0,0.0
2008-06-09 00:00:00-04:00,72.55848407136193,72.72664200071038,71.36739480525216,71.87886047363281,357700,0.0,0.0
2008-06-10 00:00:00-04:00,70.19735064417947,71.6406720078188,70.19735064417947,71.1782455444336,536500,0.0,0.0
2008-06-11 00:00:00-04:00,72.17314027824807,72.57250603963017,70.99606140067853,71.08714294433594,574000,0.0,0.0
2008-06-12 00:00:00-04:00,70.70880018541715,71.4234581283253,70.35847913176906,70.63172912597656,435100,0.0,0.0
2008-06-13 00:00:00-04:00,72.50244908719495,72.50244908719495,70.76485427380918,71.96295166015625,421600,0.0,0.0
2008-06-16 00:00:00-04:00,72.20117246375645,72.72665405273438,72.02601193409714,72.72665405273438,518000,0.0,0.0
2008-06-17 00:00:00-04:00,72.51645092404921,73.1470298272663,72.16612990509246,72.35530090332031,435700,0.0,0.0
2008-06-18 00:00:00-04:00,72.24320330340969,73.11900587924825,71.3323664863477,71.78077697753906,793400,0.0,0.0
2008-06-19 00:00:00-04:00,71.76676607879551,71.76676607879551,70.59669512706616,71.57058715820312,621000,0.0,0.0
2008-06-20 00:00:00-04:00,70.33745290839701,70.48458709312364,68.12342687499591,68.45973205566406,873000,0.0,0.0
2008-06-23 00:00:00-04:00,69.37055508124205,69.37055508124205,68.23551329416173,68.55780792236328,515800,0.0,0.0
2008-06-24 00:00:00-04:00,67.82915859908218,67.94827181619983,66.90431125987239,67.14253234863281,858200,0.0,0.0
2008-06-25 00:00:00-04:00,67.60496813334395,68.96421578733447,67.01643121850852,68.06038665771484,765400,0.0,0.0
2008-06-26 00:00:00-04:00,67.59795959252266,67.59795959252266,66.21068572998047,66.21068572998047,981500,0.0,0.0
2008-06-27 00:00:00-04:00,67.25461552675701,67.25461552675701,65.79728441472729,66.091552734375,710500,0.0,0.0
2008-06-30 00:00:00-04:00,65.7902960490833,66.56100131095724,65.72023290627205,65.86035919189453,522100,0.0,0.0
2008-07-01 00:00:00-04:00,65.64316501575625,65.82532812676796,64.41704124818119,65.62214660644531,1298400,0.0,0.0
2008-07-02 00:00:00-04:00,65.18774903604968,66.28074912575076,63.9055725643769,64.0386962890625,1127100,0.0,0.0
2008-07-03 00:00:00-04:00,64.17881800677962,65.01258385161434,63.91958383991353,64.45907592773438,367000,0.0,0.0
2008-07-07 00:00:00-04:00,64.91448472194784,65.75525301423215,64.84442158850322,65.27881622314453,632600,0.0,0.0
2008-07-08 00:00:00-04:00,65.02660426884205,65.42597012988838,64.42405151772289,65.04762268066406,525900,0.0,0.0
2008-07-09 00:00:00-04:00,65.15270754620919,65.58009965592262,64.01767076245713,64.09474182128906,637800,0.0,0.0
2008-07-10 00:00:00-04:00,64.68329185184945,65.32788143440762,64.03870226929128,64.87947082519531,645200,0.0,0.0
2008-07-11 00:00:00-04:00,64.10875844747716,64.62723215567442,62.78454517603616,63.42212677001953,785800,0.0,0.0
2008-07-14 00:00:00-04:00,63.408106199427095,63.42912460587471,62.357143113248746,62.61638259887695,616600,0.0,0.0
2008-07-15 00:00:00-04:00,62.006839972872115,62.35716110266235,60.997913408523836,61.81766891479492,1599000,0.0,0.0
2008-07-16 00:00:00-04:00,61.663501188504526,63.604277090628536,61.418277568449,63.56924819946289,1001900,0.0,0.0
2008-07-17 00:00:00-04:00,62.93169201887297,63.44316325676405,62.35716553896227,63.09284210205078,1178200,0.0,0.0
2008-07-18 00:00:00-04:00,62.322112160204355,62.93167270671815,62.083896413930546,62.560333251953125,495300,0.0,0.0
2008-07-21 00:00:00-04:00,63.01574079482091,63.05076968620463,62.13293041165078,62.54630661010742,473500,0.0,0.0
2008-07-22 00:00:00-04:00,64.0246734509394,65.10366293106983,63.681360317185415,65.06863403320312,840100,0.0,0.0
2008-07-23 00:00:00-04:00,63.856545458539436,65.15974070018123,63.61832961750756,64.40304565429688,900300,0.0,0.0
2008-07-24 00:00:00-04:00,65.9444441230515,66.18265989920738,65.06163347661223,65.2928466796875,896400,0.0,0.0
2008-07-25 00:00:00-04:00,64.81638377028052,65.34186519612813,64.14376818665242,64.33293914794922,592400,0.0,0.0
2008-07-28 00:00:00-04:00,63.61831151297884,63.61831151297884,61.84568232323955,62.03485870361328,560900,0.0,0.0
2008-07-29 00:00:00-04:00,61.66351654830649,63.21193504403815,61.66351654830649,63.085819244384766,517800,0.0,0.0
2008-07-30 00:00:00-04:00,62.567353398415555,62.92467708766515,61.894732152293464,62.39219284057617,503200,0.0,0.0
2008-07-31 00:00:00-04:00,60.080061726277016,61.067969680257285,59.967956421367845,60.29025650024414,930400,0.0,0.0
2008-08-01 00:00:00-04:00,60.25523104026451,60.82274952904494,59.33038352183763,59.61064147949219,623100,0.0,0.0
2008-08-04 00:00:00-04:00,58.223337552684406,58.223337552684406,57.508685206807954,57.90104293823242,803200,0.0,0.0
2008-08-05 00:00:00-04:00,58.503618070439224,60.61955495882204,58.503618070439224,60.33229446411133,949800,0.0,0.0
2008-08-06 00:00:00-04:00,59.72273075501779,60.90681760758596,59.631649206926,60.57050704956055,1008100,0.0,0.0
2008-08-07 00:00:00-04:00,59.12717171201644,60.79469757165323,58.76284026247704,60.185142517089844,953300,0.0,0.0
2008-08-08 00:00:00-04:00,60.83676630675842,63.618316823956285,60.59854516815538,63.296016693115234,1133600,0.0,0.0
2008-08-11 00:00:00-04:00,63.38009077247453,65.2998488432206,63.38009077247453,64.69729614257812,1121900,0.0,0.0
2008-08-12 00:00:00-04:00,63.52021369376741,64.57817938840945,63.52021369376741,64.18582153320312,847300,0.0,0.0
2008-08-13 00:00:00-04:00,64.07370814318196,64.15077919007578,63.0367609866592,63.436126708984375,756400,0.0,0.0
2008-08-14 00:00:00-04:00,62.980725173349214,63.49919889015181,62.36416197892114,62.77753829956055,640900,0.0,0.0
2008-08-15 00:00:00-04:00,63.61127932322909,64.02465548217596,63.190895248485674,63.69535827636719,380100,0.0,0.0
2008-08-18 00:00:00-04:00,64.31193174041593,64.3399580627091,63.225934469821915,63.5832633972168,421900,0.0,0.0
2008-08-19 00:00:00-04:00,62.707471594404495,63.05779266476429,62.013837371825176,62.30109786987305,492800,0.0,0.0
2008-08-20 00:00:00-04:00,61.66350367248136,62.027835159029564,61.180058983844546,61.78961944580078,1234300,0.0,0.0
2008-08-21 00:00:00-04:00,61.61447903397071,62.0138448887706,61.117023695218286,61.8667106628418,602400,0.0,0.0
2008-08-22 00:00:00-04:00,61.06795920174376,62.42019312822661,61.01190655890712,62.25904846191406,613400,0.0,0.0
2008-08-25 00:00:00-04:00,63.211933878917215,63.211933878917215,61.66351541172597,61.782623291015625,570000,0.0,0.0
2008-08-26 00:00:00-04:00,62.11192034875174,62.83358082295177,62.11192034875174,62.630393981933594,447800,0.0,0.0
2008-08-27 00:00:00-04:00,61.348228937488535,61.87371058419971,60.98389734777811,61.65651321411133,619900,0.0,0.0
2008-08-28 00:00:00-04:00,61.93677556052768,62.29410460240387,61.70556233663861,62.14696502685547,658700,0.0,0.0
2008-08-29 00:00:00-04:00,62.93866572409181,63.29598925890859,62.385157959084594,62.7705078125,598400,0.0,0.0
2008-09-02 00:00:00-04:00,62.693459372056786,63.68136198353919,61.96479092437659,62.238040924072266,793600,0.0,0.0
2008-09-03 00:00:00-04:00,62.777534990681964,63.218942962206484,62.41320342805847,63.085819244384766,834700,0.0,0.0
2008-09-04 00:00:00-04:00,62.77754717342476,63.48519737244548,61.54441526478473,61.62849426269531,1051300,0.0,0.0
2008-09-05 00:00:00-04:00,61.656506996546504,62.385175447962716,60.94185438109562,62.23103332519531,943200,0.0,0.0
2008-09-08 00:00:00-04:00,63.1768854343328,63.84950108708194,62.40618033298321,63.52720642089844,703800,0.0,0.0
2008-09-09 00:00:00-04:00,63.68835292426228,64.4450474965443,63.07879251678947,63.113826751708984,743800,0.0,0.0
2008-09-10 00:00:00-04:00,63.835485498419764,64.5991826222769,63.4291119035639,63.96160125732422,1284600,0.0,0.0
2008-09-11 00:00:00-04:00,62.378167392407114,64.43805694580078,62.378167392407114,64.43805694580078,392000,0.0,0.0
2008-09-12 00:00:00-04:00,62.532306316000934,63.98263522346062,61.71255635645306,63.70237731933594,1065600,0.0,0.0
2008-09-15 00:00:00-04:00,60.87879180908203,61.65650496986262,60.353310232634335,60.87879180908203,1068400,0.0,0.0
2008-09-16 00:00:00-04:00,60.801724365272435,62.357150779313386,59.981974340188806,62.0768928527832,855800,0.0,0.0
2008-09-17 00:00:00-04:00,60.75265348936016,60.75265348936016,58.419514872164314,58.783851623535156,952900,0.0,0.0
2008-09-18 00:00:00-04:00,60.37432970574244,61.586442915478955,58.81890335673522,60.70363235473633,980700,0.0,0.0
2008-09-19 00:00:00-04:00,62.020843455961995,64.05270684818316,62.020843455961995,64.003662109375,679000,0.0,0.0
2008-09-22 00:00:00-04:00,64.11577536274646,64.36800700655509,61.67053000168374,62.020851135253906,649000,0.0,0.0
2008-09-23 00:00:00-04:00,62.44122834304041,62.686452018632686,60.78070457607231,61.50236511230469,659000,0.0,0.0
2008-09-24 00:00:00-04:00,62.64441630197162,62.87562414560574,61.30618724877031,61.831668853759766,657200,0.0,0.0
2008-09-25 00:00:00-04:00,62.46921777335114,65.2269876569213,62.46921777335114,64.31010437011719,1083900,1.257,0.0
2008-09-26 00:00:00-04:00,62.58294951441207,64.6370628549049,62.46211517113095,64.50912475585938,516900,0.0,0.0
2008-09-29 00:00:00-04:00,61.786900661159244,61.786900661159244,58.112241025112056,59.39161682128906,1176600,0.0,0.0
2008-09-30 00:00:00-04:00,59.704323092220164,61.253792646521994,59.668782635580335,60.98370361328125,912100,0.0,0.0
2008-10-01 00:00:00-04:00,58.73057935220605,60.550143588352576,58.73057935220605,59.63325500488281,721300,0.0,0.0
2008-10-02 00:00:00-04:00,58.63819704251669,58.63819704251669,55.68140777662141,55.944393157958984,1078700,0.0,0.0
2008-10-03 00:00:00-04:00,55.71694508234073,57.294846435315854,55.42553384855308,55.51082229614258,1773600,0.0,0.0
2008-10-06 00:00:00-04:00,53.485140199227224,53.691262984939975,50.464384772692796,52.156005859375,1382900,0.0,0.0
2008-10-07 00:00:00-04:00,51.88591600876033,51.88591600876033,48.70168206496827,48.71590042114258,1437200,0.0,0.0
2008-10-08 00:00:00-04:00,45.52456230754691,48.47423672932287,44.50105758087509,47.79901123046875,2805300,0.0,0.0
2008-10-09 00:00:00-04:00,47.8771976828825,50.308016075489945,44.067491529721686,44.35179901123047,1866900,0.0,0.0
2008-10-10 00:00:00-04:00,43.88268503088751,44.5508039577408,40.52076015455972,43.53440856933594,2139700,0.0,0.0
2008-10-13 00:00:00-04:00,46.19267983917191,50.08057064411498,45.50323596620135,49.41244888305664,1665200,0.0,0.0
2008-10-14 00:00:00-04:00,52.020968262553744,53.136870729725466,49.05706975109013,50.28669738769531,1396600,0.0,0.0
2008-10-15 00:00:00-04:00,50.286690879705965,50.286690879705965,44.778254776275276,45.28289794921875,1654900,0.0,0.0
2008-10-16 00:00:00-04:00,47.45073953110827,48.19704057516377,44.35890581388875,47.74925994873047,1808600,0.0,0.0
2008-10-17 00:00:00-04:00,47.159323565076335,49.56881989934072,46.043421148979604,47.69239807128906,973400,0.0,0.0
2008-10-20 00:00:00-04:00,50.20140304091339,51.77930450439453,49.17790363916131,51.77930450439453,986100,0.0,0.0
2008-10-21 00:00:00-04:00,51.779303629250414,53.08000675124053,50.40752498958794,51.153831481933594,1128900,0.0,0.0
2008-10-22 00:00:00-04:00,49.55460969132424,50.42174513676841,47.42231154916891,48.29655075073242,1271300,0.0,0.0
2008-10-23 00:00:00-04:00,48.424482166409014,49.39823346898175,46.4840941618292,49.042850494384766,1258500,0.0,0.0
2008-10-24 00:00:00-04:00,46.19267638195309,48.2112544477542,45.57431349192252,46.974517822265625,850600,0.0,0.0
2008-10-27 00:00:00-04:00,46.555168181705504,46.555168181705504,44.06748743917162,44.188316345214844,827200,0.0,0.0
2008-10-28 00:00:00-04:00,47.784807184537414,50.535468514986896,45.63118135116463,50.45018005371094,990200,0.0,0.0
2008-10-29 00:00:00-04:00,50.70604345449808,53.08000469639691,50.46438561922432,50.94059753417969,997600,0.0,0.0
2008-10-30 00:00:00-04:00,55.510824377383095,55.97282336909948,52.57536270398081,53.122650146484375,1995200,0.0,0.0
2008-10-31 00:00:00-04:00,53.70547492694495,54.51574769846032,52.24129876485822,54.08218002319336,1091700,0.0,0.0
2008-11-03 00:00:00-05:00,54.195907100233086,54.96353567602222,53.71258600688965,54.48732376098633,826800,0.0,0.0
2008-11-04 00:00:00-05:00,56.07233104287815,57.31617158140289,55.43974971710272,57.10293960571289,1364200,0.0,0.0
2008-11-05 00:00:00-05:00,58.99356452002262,59.5266388982156,57.074498927613114,57.12425231933594,1891700,0.0,0.0
2008-11-06 00:00:00-05:00,50.94060514845185,50.94060514845185,46.05764550595978,47.68529510498047,2215400,0.0,0.0
2008-11-07 00:00:00-05:00,49.021527152469616,49.753615194120336,47.543132713821606,48.70167922973633,2156000,0.0,0.0
2008-11-10 00:00:00-05:00,49.753617452788504,49.93130894369132,48.11174981211495,49.14946746826172,1284000,0.0,0.0
2008-11-11 00:00:00-05:00,47.37965679021238,48.083313502357235,45.64538628481154,46.56227493286133,1100400,0.0,0.0
2008-11-12 00:00:00-05:00,46.61913442100304,46.61913442100304,44.557914865177615,44.89908218383789,1601500,0.0,0.0
2008-11-13 00:00:00-05:00,45.48901863840644,48.147281646728516,44.00351776504171,48.147281646728516,2047500,0.0,0.0
2008-11-14 00:00:00-05:00,45.52456680657875,47.03849651213548,45.08388991177473,45.26158142089844,1240100,0.0,0.0
2008-11-17 00:00:00-05:00,44.42998316286031,45.865730863024524,43.88980217523916,44.67875289916992,1348200,0.0,0.0
2008-11-18 00:00:00-05:00,44.82800978368973,45.304224396392286,43.555738038924545,44.95594787597656,977900,0.0,0.0
2008-11-19 00:00:00-05:00,44.38733447032132,44.77825520363724,42.290574358990725,42.475372314453125,1561200,0.0,0.0
2008-11-20 00:00:00-05:00,43.29276134313402,44.067496470176906,41.67221556638123,42.4967041015625,2560000,0.0,0.0
2008-11-21 00:00:00-05:00,45.4890263356682,45.53877974131426,42.64596218968894,45.26158142089844,2023700,0.0,0.0
2008-11-24 00:00:00-05:00,45.851516712737315,48.54532053485801,45.50323746432404,47.69239807128906,1759700,0.0,0.0
2008-11-25 00:00:00-05:00,46.597812673712404,47.479166331988424,45.503232489889896,46.71864700317383,1175900,0.0,0.0
2008-11-26 00:00:00-05:00,44.56502924912769,46.619139867315674,44.30915305240037,46.29929733276367,1434500,0.0,0.0
2008-11-28 00:00:00-05:00,44.884879004554755,45.133646047834496,44.13146598420302,44.84933853149414,572500,0.0,0.0
2008-12-01 00:00:00-05:00,43.96086951586108,43.96086951586108,41.508729347494665,41.62245178222656,1318900,0.0,0.0
2008-12-02 00:00:00-05:00,43.285648186194955,44.572132842617634,42.57488222393466,44.031951904296875,2149800,0.0,0.0
2008-12-03 00:00:00-05:00,42.560674338757295,44.230973570046075,42.006274943396434,43.96799087524414,1392200,0.0,0.0
2008-12-04 00:00:00-05:00,41.78593780424316,42.67439538957905,41.18889419844315,41.50873947143555,2191500,0.0,0.0
2008-12-05 00:00:00-05:00,40.79086019457114,41.49451972564292,39.38354384378468,41.34525680541992,1638000,0.0,0.0
2008-12-08 00:00:00-05:00,41.93520244201476,43.33541261152666,41.93520244201476,42.77390670776367,1369900,0.0,0.0
2008-12-09 00:00:00-05:00,42.06313288720691,42.97291251666592,41.93519478789459,42.0915641784668,1378300,0.0,0.0
2008-12-10 00:00:00-05:00,44.51527471219904,45.09810260708156,43.911121993894035,45.062564849853516,1273800,0.0,0.0
2008-12-11 00:00:00-05:00,46.32061561567496,46.90344347720807,45.31132926909315,45.85151290893555,1691000,0.0,0.0
2008-12-12 00:00:00-05:00,44.22385982620621,45.39662205798479,42.518020401892066,44.92041015625,1218600,0.0,0.0
2008-12-15 00:00:00-05:00,47.36544073449061,47.5644543255468,46.05763403742789,46.69731903076172,1372200,0.0,0.0
2008-12-16 00:00:00-05:00,47.62842175010556,49.597240794374954,47.017162677289825,49.568809509277344,2258900,0.0,0.0
2008-12-17 00:00:00-05:00,48.36052333165507,49.03574891899016,48.253907338203554,48.66615295410156,1101700,0.0,0.0
2008-12-18 00:00:00-05:00,47.50048777894916,48.66614345500931,46.27086035021879,46.58359909057617,1713300,0.0,0.0
2008-12-19 00:00:00-05:00,46.839476768068636,47.30147571595421,45.233144217162966,45.75910949707031,1485300,0.0,0.0
2008-12-22 00:00:00-05:00,44.03195030431335,44.920407724854954,42.75257216100481,43.27143096923828,1689800,0.0,0.0
2008-12-23 00:00:00-05:00,43.42780975878941,43.840055418492014,41.89966419553582,42.90895080566406,1151600,0.0,0.0
2008-12-24 00:00:00-05:00,43.513100109216616,43.513100109216616,42.86630308748732,43.41359329223633,589400,0.0,0.0
2008-12-26 00:00:00-05:00,45.140743938724185,45.32554460263983,44.692963345900615,45.24025344848633,480700,0.0,0.0
2008-12-29 00:00:00-05:00,46.256657595320576,46.256657595320576,44.963060840656,45.48902893066406,1084300,0.0,0.0
2008-12-30 00:00:00-05:00,45.49613539721832,45.97234733899188,45.3042282424961,45.90127182006836,853900,0.0,0.0
2008-12-31 00:00:00-05:00,45.91548498854818,46.79683335765922,45.901272053776914,46.51253128051758,515800,0.0,0.0
2009-01-02 00:00:00-05:00,46.377478389226475,47.47916778441625,46.35615627829093,47.17353820800781,677200,0.0,0.0
2009-01-05 00:00:00-05:00,46.68311282372097,47.31569415330306,46.39880532866156,46.64046859741211,1004200,0.0,0.0
2009-01-06 00:00:00-05:00,46.81104192365933,47.543129922325484,46.519625306016,47.20196533203125,1228500,0.0,0.0
2009-01-07 00:00:00-05:00,47.72792872419673,47.84875761930165,46.91054689824527,47.29436111450195,1048000,0.0,0.0
2009-01-08 00:00:00-05:00,48.31787081474819,48.6021728515625,47.78479636165073,48.6021728515625,1008800,0.0,0.0
2009-01-09 00:00:00-05:00,47.84165472580708,47.93405777055196,46.78972414846667,47.28725814819336,799200,0.0,0.0
2009-01-12 00:00:00-05:00,47.393878850012264,47.393878850012264,45.9936689105841,46.64046859741211,918500,0.0,0.0
2009-01-13 00:00:00-05:00,45.481913978052006,45.552986776596875,44.83511707706106,45.24025344848633,923100,0.0,0.0
2009-01-14 00:00:00-05:00,45.28289442336694,45.28289442336694,43.72631809271759,44.1669921875,1249300,0.0,0.0
2009-01-15 00:00:00-05:00,45.31842936697825,45.83728811170301,44.25228059282576,45.432151794433594,1444200,0.0,0.0
2009-01-16 00:00:00-05:00,47.49338057446034,47.82744143868156,46.07184867409013,47.31568908691406,1126800,0.0,0.0
2009-01-20 00:00:00-05:00,48.324984666969044,48.71590818334035,46.65468544947461,46.82526779174805,1186500,0.0,0.0
2009-01-21 00:00:00-05:00,47.2801549747954,48.08332407698776,46.51253176668907,47.99092102050781,1423800,0.0,0.0
2009-01-22 00:00:00-05:00,44.76404319023426,44.82801223988264,43.61970947505618,44.46552276611328,1526200,0.0,0.0
2009-01-23 00:00:00-05:00,44.13857005718168,44.73561364001679,43.3567284967021,44.479740142822266,1802300,0.0,0.0
2009-01-26 00:00:00-05:00,44.415763786571816,44.97726680593622,44.00351824917441,44.486839294433594,1073300,0.0,0.0
2009-01-27 00:00:00-05:00,47.194862440153834,47.36544475801898,46.484096455882586,47.12378692626953,1280500,0.0,0.0
2009-01-28 00:00:00-05:00,47.85587044088729,48.573740111920856,47.74214529138875,48.147281646728516,882900,0.0,0.0
2009-01-29 00:00:00-05:00,48.04778142778282,48.04778142778282,46.15714665169507,46.27086639404297,1240900,0.0,0.0
2009-01-30 00:00:00-05:00,46.235326155579386,46.349045885158546,44.73560689032084,45.140743255615234,1010000,0.0,0.0
2009-02-02 00:00:00-05:00,44.742723469909436,45.716472200973456,44.600569717383365,45.40373611450195,975800,0.0,0.0
2009-02-03 00:00:00-05:00,45.75200314863907,46.79682447143451,45.58852460488241,46.61913299560547,860500,0.0,0.0
2009-02-04 00:00:00-05:00,47.770581143325344,48.75854542746285,47.386766861164034,47.57156753540039,1212800,0.0,0.0
2009-02-05 00:00:00-05:00,47.81321865445999,49.10681234707466,47.27304048670501,48.907798767089844,1460400,0.0,0.0
2009-02-06 00:00:00-05:00,46.8110449813235,49.75361552270647,46.604922209146636,49.31293869018555,1535800,0.0,0.0
2009-02-09 00:00:00-05:00,49.71807534573518,50.819764722082624,49.710971590687414,50.56388854980469,954000,0.0,0.0
2009-02-10 00:00:00-05:00,49.32005637476524,49.54750129661939,47.656866400465766,47.791908264160156,876000,0.0,0.0
2009-02-11 00:00:00-05:00,48.49556913170565,48.6874735758643,47.51470852927503,47.90563201904297,915000,0.0,0.0
2009-02-12 00:00:00-05:00,47.56446599071384,47.948280334472656,46.58361072736242,47.948280334472656,1567000,0.0,0.0
2009-02-13 00:00:00-05:00,47.280145923847364,47.44362446906056,46.22110623683037,46.51962661743164,1514100,0.0,0.0
2009-02-17 00:00:00-05:00,46.02920699178012,46.05763828208174,44.85644202473044,45.09810256958008,1020200,0.0,0.0
2009-02-18 00:00:00-05:00,46.924764143898926,47.37965932636006,46.6191345781892,46.9318733215332,1320000,0.0,0.0
2009-02-19 00:00:00-05:00,47.79189799874181,48.35340371517996,46.725749139793976,46.92476272583008,722000,0.0,0.0
2009-02-20 00:00:00-05:00,45.837300250836954,46.270867967631474,44.977273995984646,46.014991760253906,1335600,0.0,0.0
2009-02-23 00:00:00-05:00,45.439268221508875,46.199787584843115,43.88269173896959,43.99641418457031,896300,0.0,0.0
2009-02-24 00:00:00-05:00,46.057629022355016,47.58577125416188,45.233138037511495,47.37965393066406,1657900,0.0,0.0
2009-02-25 00:00:00-05:00,46.91055076335269,47.59288539645764,45.851511059933785,46.58359909057617,1107900,0.0,0.0
2009-02-26 00:00:00-05:00,45.64539665954784,46.057642270549486,44.230971025163086,44.493953704833984,1821400,0.0,0.0
2009-02-27 00:00:00-05:00,45.602750025958244,45.602750025958244,44.53659829442366,44.87776565551758,1312800,0.0,0.0
2009-03-02 00:00:00-05:00,44.34468749017571,44.55791673436365,42.894724291526565,43.11506271362305,1127900,0.0,0.0
2009-03-03 00:00:00-05:00,44.0674978217584,44.42288086870807,42.51802752014927,43.36383819580078,2037800,0.0,0.0
2009-03-04 00:00:00-05:00,43.75474988483155,43.889794430066395,42.894721083141626,43.32118225097656,1183000,0.0,0.0
2009-03-05 00:00:00-05:00,42.468260356311845,42.859181039077704,41.018297343630174,41.714847564697266,1309100,0.0,0.0
2009-03-06 00:00:00-05:00,42.006260945670036,42.290568372210714,40.48522244979749,41.4021110534668,1568700,0.0,0.0
2009-03-09 00:00:00-04:00,41.473186768926965,41.55137144719786,40.364393764667966,40.99697494506836,1227200,0.0,0.0
2009-03-10 00:00:00-04:00,41.30972747691982,42.972920360193015,41.245758415587865,42.77390670776367,1062300,0.0,0.0
2009-03-11 00:00:00-04:00,42.22660573484049,42.92315605291191,41.9422982652225,42.3758659362793,1325500,0.0,0.0
2009-03-12 00:00:00-04:00,41.50161764625228,42.6459511012872,41.082265685302026,42.48247528076172,895000,0.0,0.0
2009-03-13 00:00:00-04:00,43.4917689752395,43.4917689752395,42.16974654107045,42.92315673828125,714300,0.0,0.0
2009-03-16 00:00:00-04:00,43.349627355814384,44.25940713235778,42.8734126399716,42.97291946411133,1073300,0.0,0.0
2009-03-17 00:00:00-04:00,43.015558186310535,44.35179901123047,42.7738976404352,44.35179901123047,1018500,0.0,0.0
2009-03-18 00:00:00-04:00,43.8755812375006,45.41794474025267,42.91604830114808,44.97016143798828,1034200,0.0,0.0
2009-03-19 00:00:00-04:00,45.04123920937761,45.04123920937761,44.031952823353016,44.20964431762695,766700,0.0,0.0
2009-03-20 00:00:00-04:00,43.71210482158862,44.174103761969285,42.94447631351431,43.07241439819336,647900,0.0,0.0
2009-03-23 00:00:00-04:00,44.82089759918848,46.469871520996094,44.58634355613209,46.469871520996094,1039100,0.0,0.0
2009-03-24 00:00:00-04:00,45.8301890818009,46.0292026725232,45.01280718615119,45.19760513305664,981800,0.0,0.0
2009-03-25 00:00:00-04:00,46.34905274231355,47.52181779094961,45.780443164866796,46.88923645019531,1532900,0.0,0.0
2009-03-26 00:00:00-04:00,47.90688415011061,48.34527091077172,46.994163714940356,48.2015380859375,1521300,0.726,0.0
2009-03-27 00:00:00-04:00,47.44691264701408,48.12246878141546,46.85041667024802,47.137882232666016,633200,0.0,0.0
2009-03-30 00:00:00-04:00,46.57013752641009,46.67793437916364,45.27652046282193,45.65741729736328,999500,0.0,0.0
2009-03-31 00:00:00-04:00,46.77854869494639,46.77854869494639,45.377134770680364,45.492122650146484,1180600,0.0,0.0
2009-04-01 00:00:00-04:00,47.55472819563146,49.142999446695434,47.36068833874687,48.798038482666016,2482900,0.0,0.0
2009-04-02 00:00:00-04:00,50.300046665115275,52.27640232379535,49.99101628825407,51.55054473876953,2072500,0.0,0.0
2009-04-03 00:00:00-04:00,52.980725051163894,54.14497511175445,52.92322973178634,53.97968292236328,1854200,0.0,0.0
2009-04-06 00:00:00-04:00,53.31130417577487,53.44785416103069,52.34109415967057,52.94477844238281,1202200,0.0,0.0
2009-04-07 00:00:00-04:00,52.92322444366155,53.059774442775215,52.11830650197006,52.628570556640625,849500,0.0,0.0
2009-04-08 00:00:00-04:00,54.331821251002616,54.77021337790151,53.835939299322774,54.38931655883789,1302900,0.0,0.0
2009-04-09 00:00:00-04:00,56.2363279428517,57.00531009923363,56.20039199375527,56.91188430786133,943400,0.0,0.0
2009-04-13 00:00:00-04:00,55.71168852437253,56.73939408476534,55.524836955614276,56.56691360473633,781800,0.0,0.0
2009-04-14 00:00:00-04:00,55.151113947628026,55.194238172964404,54.23121089192107,54.51149368286133,875300,0.0,0.0
2009-04-15 00:00:00-04:00,54.52586359928204,55.4673259112561,54.511487031572514,55.41701889038086,551400,0.0,0.0
2009-04-16 00:00:00-04:00,54.50430290522968,55.45295905647471,54.1809013867994,55.11518096923828,1032000,0.0,0.0
2009-04-17 00:00:00-04:00,56.466300394154686,56.466300394154686,55.007390869949916,55.438594818115234,828800,0.0,0.0
2009-04-20 00:00:00-04:00,56.049462812098106,56.049462812098106,54.18809715752218,54.468379974365234,915100,0.0,0.0
2009-04-21 00:00:00-04:00,53.75689857912221,55.000203406306255,53.75689857912221,54.95708465576172,528000,0.0,0.0
2009-04-22 00:00:00-04:00,54.71272737691357,57.22090714809888,54.71272737691357,56.26506805419922,1221800,0.0,0.0
2009-04-23 00:00:00-04:00,57.47243248215091,57.49399185180664,56.29380608783322,57.49399185180664,1218100,0.0,0.0
2009-04-24 00:00:00-04:00,57.50117537401162,58.85947038037731,56.73219351600007,58.15516662597656,1865500,0.0,0.0
2009-04-27 00:00:00-04:00,56.12852168109826,57.48681712017303,56.078214645690146,56.48067092895508,711900,0.0,0.0
2009-04-28 00:00:00-04:00,54.99300315335366,55.891346814584345,54.82052270565265,55.287662506103516,892300,0.0,0.0
2009-04-29 00:00:00-04:00,55.26609888006382,56.94779545253177,54.99299891892331,56.29380416870117,1034200,0.0,0.0
2009-04-30 00:00:00-04:00,57.33587562502548,58.004243419518744,56.50939849460099,56.89030075073242,1408500,0.0,0.0
2009-05-01 00:00:00-04:00,56.95499440106312,57.06279674890645,56.4591068908169,56.897499084472656,875600,0.0,0.0
2009-05-04 00:00:00-04:00,57.48680937581725,58.737307772738745,57.47243828894621,58.636688232421875,936100,0.0,0.0
2009-05-05 00:00:00-04:00,57.93239019440079,59.25474951701391,57.93239019440079,59.10382843017578,780600,0.0,0.0
2009-05-06 00:00:00-04:00,60.203404826704386,60.32558374887804,59.32662589621823,60.03811264038086,1034000,0.0,0.0
2009-05-07 00:00:00-04:00,58.93135836219791,59.894380366981636,57.20653702083948,57.66648864746094,1260600,0.0,0.0
2009-05-08 00:00:00-04:00,56.71783033241883,57.29277253221314,55.71168422430636,56.897499084472656,1282300,0.0,0.0
2009-05-11 00:00:00-04:00,55.48169223775779,55.66136093733998,54.82770102246649,55.18703842163086,906600,0.0,0.0
2009-05-12 00:00:00-04:00,55.41702774048858,55.75480585590299,54.69116448075048,55.37390899658203,708800,0.0,0.0
2009-05-13 00:00:00-04:00,54.33902127838618,54.43963534731433,52.30516955937827,52.85136413574219,1634300,0.0,0.0
2009-05-14 00:00:00-04:00,52.686050226071586,53.354418039746534,52.10392536621251,52.836971282958984,712400,0.0,0.0
2009-05-15 00:00:00-04:00,53.462225473055454,54.1449644361197,52.93040758130896,53.46941375732422,565500,0.0,0.0
2009-05-18 00:00:00-04:00,53.97249781490064,55.12956514099562,53.97249781490064,54.95708465576172,806500,0.0,0.0
2009-05-19 00:00:00-04:00,55.862603524119535,55.862603524119535,55.03612627572282,55.2086067199707,539400,0.0,0.0
2009-05-20 00:00:00-04:00,55.84823686329127,56.121331405387686,54.67679851857522,54.8133430480957,949800,0.0,0.0
2009-05-21 00:00:00-04:00,54.45400711539494,55.000201698574934,54.065927406432294,54.49713134765625,840900,0.0,0.0
2009-05-22 00:00:00-04:00,54.63368567548041,54.89959747038274,54.087496477439274,54.130615234375,494700,0.0,0.0
2009-05-26 00:00:00-04:00,54.94270381048066,56.27943980395683,54.25996472569733,55.905731201171875,807700,0.0,0.0
2009-05-27 00:00:00-04:00,56.61720869800801,56.61720869800801,55.01456671453383,55.2661018371582,482100,0.0,0.0
2009-05-28 00:00:00-04:00,56.55971150058636,57.41493637200783,56.34411232398762,57.141841888427734,905000,0.0,0.0
2009-05-29 00:00:00-04:00,57.04123719855197,57.709605173435804,56.545349689847946,57.601802825927734,721600,0.0,0.0
2009-06-01 00:00:00-04:00,58.198292309739266,59.111006965230054,58.018623595559234,58.73011016845703,1046700,0.0,0.0
2009-06-02 00:00:00-04:00,58.13361227475898,58.852287175406815,57.94675526533533,58.20547866821289,783100,0.0,0.0
2009-06-03 00:00:00-04:00,57.314329414030816,57.386195815117674,56.21475757654259,56.73220443725586,614800,0.0,0.0
2009-06-04 00:00:00-04:00,56.94061758134008,57.50836595558747,56.73938399353124,57.23527145385742,450800,0.0,0.0
2009-06-05 00:00:00-04:00,58.061752196704504,58.16236625509468,57.0843537868671,57.35026550292969,763700,0.0,0.0
2009-06-08 00:00:00-04:00,57.52275760876569,57.752733429226744,56.53098791110037,57.386207580566406,540300,0.0,0.0
2009-06-09 00:00:00-04:00,56.55253274539621,57.56586155893081,56.55253274539621,57.14902877807617,541800,0.0,0.0
2009-06-10 00:00:00-04:00,57.49398137883351,57.558659476019095,56.214741170443,56.804054260253906,467000,0.0,0.0
2009-06-11 00:00:00-04:00,56.9549828589467,57.52992494222709,56.63876416483708,56.83280944824219,418500,0.0,0.0
2009-06-12 00:00:00-04:00,56.523783405414434,56.66032791137695,56.05664361203656,56.66032791137695,232500,0.0,0.0
2009-06-15 00:00:00-04:00,56.09975328184831,56.09975328184831,54.66240367804545,55.10079574584961,732900,0.0,0.0
2009-06-16 00:00:00-04:00,54.98582565343165,55.41702955578685,54.34620534360949,54.41807174682617,543800,0.0,0.0
2009-06-17 00:00:00-04:00,55.33797217006201,55.46014559788093,54.25995972519067,55.1439323425293,516300,0.0,0.0
2009-06-18 00:00:00-04:00,54.971452434645634,55.15112119516956,54.41088677909985,54.8133430480957,342800,0.0,0.0
2009-06-19 00:00:00-04:00,55.19425878586204,55.273313498272074,54.770237557203025,55.057708740234375,600400,0.0,0.0
2009-06-22 00:00:00-04:00,55.287674638402116,55.287674638402116,53.41912050961866,53.66346740722656,814300,0.0,0.0
2009-06-23 00:00:00-04:00,54.18090330195175,54.360572036998164,53.756887719108455,54.0084228515625,602300,0.0,0.0
2009-06-24 00:00:00-04:00,54.52587384490508,55.55357930708398,54.27433321020938,54.662418365478516,564200,0.0,0.0
2009-06-25 00:00:00-04:00,54.65523848049759,55.97040962443026,54.439633777266465,55.819488525390625,611500,0.0,0.0
2009-06-26 00:00:00-04:00,54.83490147301663,55.43858580569853,54.705539761291256,54.863643646240234,595300,0.0,0.0
2009-06-29 00:00:00-04:00,53.79281794908307,54.475562429208566,53.79281794908307,54.252769470214844,542300,0.0,0.0
2009-06-30 00:00:00-04:00,55.086431059616416,55.086431059616416,53.83593829434154,54.28151321411133,694500,0.0,0.0
2009-07-01 00:00:00-04:00,53.9221808883172,54.763029268049245,53.9221808883172,54.11622619628906,532400,0.0,0.0
2009-07-02 00:00:00-04:00,53.591590378738346,53.90062082411881,52.916034176498556,53.24662399291992,594000,0.0,0.0
2009-07-06 00:00:00-04:00,54.123403673220686,54.597731727770906,54.09465601993999,54.33900833129883,404100,0.0,0.0
2009-07-07 00:00:00-04:00,54.45400280915908,54.45400280915908,53.34005983934271,53.50535202026367,387800,0.0,0.0
2009-07-08 00:00:00-04:00,53.196305618393296,53.196305618393296,52.39139336161065,52.93758773803711,720800,0.0,0.0
2009-07-09 00:00:00-04:00,52.937608207819686,53.2825691703856,52.506398780028825,52.930419921875,302600,0.0,0.0
2009-07-10 00:00:00-04:00,52.63575780617551,53.174764080152485,52.47764842185341,53.00947189331055,202800,0.0,0.0
2009-07-13 00:00:00-04:00,53.1675666123829,53.74250318953993,52.66449093893492,53.605953216552734,299500,0.0,0.0
2009-07-14 00:00:00-04:00,53.80719461445092,54.33901253363676,53.75688758808273,54.224021911621094,403500,0.0,0.0
2009-07-15 00:00:00-04:00,53.80000216915769,54.46837002953487,53.677828755005386,54.33900833129883,1275400,0.0,0.0
2009-07-16 00:00:00-04:00,54.19526932807814,54.50429422850756,53.84311472809623,54.23838806152344,494600,0.0,0.0
2009-07-17 00:00:00-04:00,53.907809801790094,54.216840251143076,53.69220512250019,54.11622619628906,182000,0.0,0.0
2009-07-20 00:00:00-04:00,54.25996820835033,54.899588586996366,54.123418189407126,54.698360443115234,274000,0.0,0.0
2009-07-21 00:00:00-04:00,55.58231204012367,55.76916904233923,55.086430106282506,55.711673736572266,397000,0.0,0.0
2009-07-22 00:00:00-04:00,54.82052696719101,56.03508944616781,54.82052696719101,55.632633209228516,299700,0.0,0.0
2009-07-23 00:00:00-04:00,55.67575493329326,57.41494717377578,55.589511956595885,56.94780731201172,842300,0.0,0.0
2009-07-24 00:00:00-04:00,56.52378813624573,57.666478719802356,56.52378813624573,57.53711700439453,372100,0.0,0.0
2009-07-27 00:00:00-04:00,57.6018136079591,57.6018136079591,56.77533609976895,57.40776824951172,329900,0.0,0.0
2009-07-28 00:00:00-04:00,56.79688974843066,57.774288279584006,56.78251865961471,57.745540618896484,284500,0.0,0.0
2009-07-29 00:00:00-04:00,57.78148200248683,59.50630342464658,57.78148200248683,59.3769416809082,788600,0.0,0.0
2009-07-30 00:00:00-04:00,60.21059571475825,61.173623147390735,59.685965990900854,60.63461685180664,1228400,0.0,0.0
2009-07-31 00:00:00-04:00,60.72803025764569,60.857391961540365,59.959048318675784,60.49805450439453,664400,0.0,0.0
2009-08-03 00:00:00-04:00,61.806045203395676,63.006231044319186,61.669495209415324,62.66127014160156,672600,0.0,0.0
2009-08-04 00:00:00-04:00,61.70543803625683,62.388177116243796,60.85021300260671,62.28038024902344,893000,0.0,0.0
2009-08-05 00:00:00-04:00,60.304028779035065,60.735232731742244,59.98780998829045,60.5124397277832,625600,0.0,0.0
2009-08-06 00:00:00-04:00,62.39537547892301,62.524737223535325,61.554526880471016,61.82762145996094,495200,0.0,0.0
2009-08-07 00:00:00-04:00,61.81323596619795,62.416920311682965,61.30297739330802,61.31734848022461,1081900,0.0,0.0
2009-08-10 00:00:00-04:00,62.19412578381823,62.19412578381823,60.3686909009885,60.929256439208984,490800,0.0,0.0
2009-08-11 00:00:00-04:00,61.26704017490628,61.31734720264853,60.57711287313197,61.202362060546875,450400,0.0,0.0
2009-08-12 00:00:00-04:00,61.13768499196043,61.475463135609964,60.6202380896084,61.123313903808594,661400,0.0,0.0
2009-08-13 00:00:00-04:00,61.80605588635906,61.84917463588802,61.08738081791302,61.72700119018555,305600,0.0,0.0
2009-08-14 00:00:00-04:00,61.94258433621127,62.100693673506356,61.16641421661014,61.626365661621094,383100,0.0,0.0
2009-08-17 00:00:00-04:00,60.22495427823551,60.483677661397785,59.915923875183566,60.16027069091797,403100,0.0,0.0
2009-08-18 00:00:00-04:00,60.95801027078421,61.82760631987998,60.79271261640178,61.7054328918457,501100,0.0,0.0
2009-08-19 00:00:00-04:00,60.77114750458399,62.431290244279744,60.77114750458399,62.25880432128906,317000,0.0,0.0
2009-08-20 00:00:00-04:00,62.87688569054792,62.92000992689611,62.21570588580772,62.83376693725586,375300,0.0,0.0
2009-08-21 00:00:00-04:00,61.453877223217006,62.43845808656347,61.453877223217006,62.05037307739258,380300,0.0,0.0
2009-08-24 00:00:00-04:00,61.9497671365947,62.24442644392713,61.50419225845806,61.626365661621094,328600,0.0,0.0
2009-08-25 00:00:00-04:00,61.89229416033374,62.63252854723472,61.85635821642283,62.23725509643555,347700,0.0,0.0
2009-08-26 00:00:00-04:00,62.14381473034075,62.654073212372744,62.14381473034075,62.46003341674805,504000,0.0,0.0
2009-08-27 00:00:00-04:00,62.345033042540685,62.63250403214284,61.58323958069008,62.36659240722656,277000,0.0,0.0
2009-08-28 00:00:00-04:00,62.63252109591042,62.63252109591042,61.70542978046715,61.99290084838867,231700,0.0,0.0
2009-08-31 00:00:00-04:00,61.30298505444481,61.51858428346687,60.97238970044426,61.22393035888672,330300,0.0,0.0
2009-09-01 00:00:00-04:00,61.47546256951544,62.0216571261969,60.56993049873795,60.80709457397461,487100,0.0,0.0
2009-09-02 00:00:00-04:00,60.41899462315654,60.7064656607331,60.0668454807286,60.5052375793457,372800,0.0,0.0
2009-09-03 00:00:00-04:00,60.153111239540465,60.29684956744552,59.20446020759334,59.63566970825195,766300,0.0,0.0
2009-09-04 00:00:00-04:00,59.326611633974274,60.49086139306947,59.326611633974274,60.29682159423828,340700,0.0,0.0
2009-09-08 00:00:00-04:00,60.16026799420571,60.42617964916231,59.77218293685839,60.239322662353516,319200,0.0,0.0
2009-09-09 00:00:00-04:00,59.721873873322096,60.124335483665654,59.55658174235089,59.83686447143555,347200,0.0,0.0
2009-09-10 00:00:00-04:00,60.735210788319826,61.53294027998628,60.54835379920373,61.41794967651367,321400,0.0,0.0
2009-09-11 00:00:00-04:00,60.25372663639333,61.00114950856566,60.12437036305372,60.339969635009766,321500,0.0,0.0
2009-09-14 00:00:00-04:00,59.62127785266102,59.88000129352127,59.290688007796284,59.72908020019531,365600,0.0,0.0
2009-09-15 00:00:00-04:00,58.938536739948574,59.65002343603871,58.938536739948574,59.448795318603516,371900,0.0,0.0
2009-09-16 00:00:00-04:00,59.47754086767128,59.49191195424086,58.751677627175006,59.26193618774414,830200,0.0,0.0
2009-09-17 00:00:00-04:00,59.190082199967904,59.70034086752984,59.01041342337331,59.3697509765625,332000,0.0,0.0
2009-09-18 00:00:00-04:00,60.922079754426385,60.922079754426385,59.88719144184659,60.06686019897461,220600,0.0,0.0
2009-09-21 00:00:00-04:00,59.45598612278637,59.714704082554086,59.25475251377006,59.42723846435547,323000,0.0,0.0
2009-09-22 00:00:00-04:00,59.89437017556858,60.10997486269782,59.50629051162389,59.57096862792969,697100,0.0,0.0
2009-09-23 00:00:00-04:00,59.650015055820525,59.650015055820525,58.97445891386401,59.16131591796875,1207000,0.0,0.0
2009-09-24 00:00:00-04:00,60.32557500525144,60.32557500525144,58.66543219875365,59.096641540527344,749900,0.0,0.0
2009-09-25 00:00:00-04:00,59.014116556405455,59.56416382335467,58.34827306162718,58.6956672668457,695100,1.152089,0.0
2009-09-28 00:00:00-04:00,58.51788093359262,59.17391211112442,58.38667469808626,58.77300262451172,410200,0.0,0.0
2009-09-29 00:00:00-04:00,58.11699137730073,58.16072494620379,57.504693606472095,57.81813049316406,502600,0.0,0.0
2009-09-30 00:00:00-04:00,57.55572558605164,58.0295263698381,57.05276723205271,57.271446228027344,883900,0.0,0.0
2009-10-01 00:00:00-04:00,57.125654894165834,57.125654894165834,55.96666529697014,56.010398864746094,698000,0.0,0.0
2009-10-02 00:00:00-04:00,54.82226185545141,55.21588068211797,54.66918879417621,54.80768585205078,567900,0.0,0.0
2009-10-05 00:00:00-04:00,54.66918286612989,54.80767990898655,54.042309124365985,54.72020721435547,844800,0.0,0.0
2009-10-06 00:00:00-04:00,56.119755080263786,56.46234962663533,55.52932949427628,56.3238525390625,905300,0.0,0.0
2009-10-07 00:00:00-04:00,56.112463419466884,56.783070867501905,55.930232771985324,56.43318557739258,533700,0.0,0.0
2009-10-08 00:00:00-04:00,57.41721542227755,57.942040443925606,57.25685716453986,57.446372985839844,586400,0.0,0.0
2009-10-09 00:00:00-04:00,57.08920673953352,57.33704326732001,56.6882971627776,57.07463073730469,462000,0.0,0.0
2009-10-12 00:00:00-04:00,57.242277723645444,57.891018243549304,57.242277723645444,57.53384780883789,382700,0.0,0.0
2009-10-13 00:00:00-04:00,58.25547701058462,58.58349542809955,58.02951284564783,58.26276779174805,425000,0.0,0.0
2009-10-14 00:00:00-04:00,58.3721155293668,58.67826164673978,58.31380039427556,58.58350372314453,338700,0.0,0.0
2009-10-15 00:00:00-04:00,58.36483163120926,58.85320843241761,58.36483163120926,58.7365837097168,494500,0.0,0.0
2009-10-16 00:00:00-04:00,57.774389038422164,57.89101372665752,57.30058838210689,57.68691635131836,386800,0.0,0.0
2009-10-19 00:00:00-04:00,58.24090147962867,58.751144940455255,57.91288305946589,58.539756774902344,307000,0.0,0.0
2009-10-20 00:00:00-04:00,58.299232869770925,58.299232869770925,56.88512122495487,57.424522399902344,363100,0.0,0.0
2009-10-21 00:00:00-04:00,57.380776638713364,58.160723444355085,57.380776638713364,57.490116119384766,303400,0.0,0.0
2009-10-22 00:00:00-04:00,57.7889802933206,58.36482978931021,57.27144593746008,58.23362350463867,362200,0.0,0.0
2009-10-23 00:00:00-04:00,57.220416007305985,57.541143685541606,56.32383888916429,56.608123779296875,550500,0.0,0.0
2009-10-26 00:00:00-04:00,57.87645097020917,58.08054839225282,56.69559444965105,57.03818893432617,369800,0.0,0.0
2009-10-27 00:00:00-04:00,57.686930713865735,58.05139199235174,57.2787358615575,57.69422149658203,579200,0.0,0.0
2009-10-28 00:00:00-04:00,57.06005705551471,57.424518335185844,56.578971058192465,56.65915298461914,462200,0.0,0.0
2009-10-29 00:00:00-04:00,57.6650452885506,58.605355750467375,57.6650452885506,58.372100830078125,680700,0.0,0.0
2009-10-30 00:00:00-04:00,58.46687337510882,58.63452799796356,56.819506959017666,57.504695892333984,745500,0.0,0.0
2009-11-02 00:00:00-05:00,58.32110786608319,58.32110786608319,57.14025106813069,57.672367095947266,632100,0.0,0.0
2009-11-03 00:00:00-05:00,57.1183567508439,57.70149686513877,56.885101817373204,57.63589096069336,352600,0.0,0.0
2009-11-04 00:00:00-05:00,58.01494301845689,58.59079249964387,57.78168802517437,57.92018508911133,802300,0.0,0.0
2009-11-05 00:00:00-05:00,58.685559350803054,58.845923210599956,58.31380727229552,58.7365837097168,444100,0.0,0.0
2009-11-06 00:00:00-05:00,56.77577538815548,57.081921515904,56.40402334089652,56.97258758544922,579800,0.0,0.0
2009-11-09 00:00:00-05:00,56.63729261620369,57.78170105398447,56.63729261620369,57.672367095947266,317700,0.0,0.0
2009-11-10 00:00:00-05:00,55.536597531341144,55.97394984409777,55.48557318754014,55.68967056274414,659900,0.0,0.0
2009-11-11 00:00:00-05:00,55.83546762357896,56.49149904734407,55.76257647899125,55.97396469116211,640700,0.0,0.0
2009-11-12 00:00:00-05:00,56.73204120574336,57.21312717828236,56.50607144234643,56.651859283447266,504300,0.0,0.0
2009-11-13 00:00:00-05:00,56.83409151228252,57.293310711880736,56.63727931157067,57.03818893432617,333600,0.0,0.0
2009-11-16 00:00:00-05:00,57.584886007138145,58.80947621049896,57.37349778356083,58.459590911865234,356600,0.0,0.0
2009-11-17 00:00:00-05:00,58.32836860934943,58.539756774902344,57.90559783948025,58.539756774902344,203000,0.0,0.0
2009-11-18 00:00:00-05:00,58.12427381085496,58.17529815920759,57.51198163062337,57.8691520690918,239000,0.0,0.0
2009-11-19 00:00:00-05:00,57.35160946359392,57.35160946359392,56.12701971998125,56.49877166748047,443700,0.0,0.0
2009-11-20 00:00:00-05:00,56.6008272293584,56.6008272293584,56.05413541238695,56.105159759521484,295400,0.0,0.0
2009-11-23 00:00:00-05:00,56.593522861137856,57.03087509746911,56.170746622815635,56.476898193359375,449600,0.0,0.0
2009-11-24 00:00:00-05:00,55.76986255419844,56.119742243180696,55.24503745948767,55.4345588684082,367800,0.0,0.0
2009-11-25 00:00:00-05:00,56.506054516196635,56.75389099121094,56.14159336447359,56.75389099121094,321500,0.0,0.0
2009-11-27 00:00:00-05:00,55.3325028038639,56.34570450870695,55.3325028038639,56.1416015625,185600,0.0,0.0
2009-11-30 00:00:00-05:00,57.6285984800603,57.65775604103862,56.92883370028911,57.24956130981445,491800,0.0,0.0
2009-12-01 00:00:00-05:00,58.36482787449935,59.45821169047816,58.18988802108929,59.3707389831543,635500,0.0,0.0
2009-12-02 00:00:00-05:00,59.20307464225271,60.03404568316763,59.20307464225271,59.757057189941406,460600,0.0,0.0
2009-12-03 00:00:00-05:00,62.07503702376774,62.3884683309689,61.52834519936919,61.6595458984375,689800,0.0,0.0
2009-12-04 00:00:00-05:00,61.81991234582487,62.468652893398776,61.06183231648564,61.44816589355469,742900,0.0,0.0
2009-12-07 00:00:00-05:00,61.185757231829015,61.19304245283365,60.23815574490966,60.427677154541016,596300,0.0,0.0
2009-12-08 00:00:00-05:00,61.17118991040806,61.229505059447675,60.50058238016854,60.93793487548828,572500,0.0,0.0
2009-12-09 00:00:00-05:00,60.87959929900857,61.30237564583008,60.71195025332072,61.24406051635742,565300,0.0,0.0
2009-12-10 00:00:00-05:00,61.03995276251626,61.22947412051151,60.73380672661032,60.806697845458984,243500,0.0,0.0
2009-12-11 00:00:00-05:00,61.22947544427611,61.58664582722164,61.09826920301751,61.4773063659668,399500,0.0,0.0
2009-12-14 00:00:00-05:00,60.988944768458765,61.061835906842525,60.55888315912841,60.85773849487305,352200,0.0,0.0
2009-12-15 00:00:00-05:00,60.456818950180654,60.79941333009385,59.8955456499547,60.6390495300293,327400,0.0,0.0
2009-12-16 00:00:00-05:00,61.41171433126446,61.59394493758869,61.14930181325863,61.324241638183594,277000,0.0,0.0
2009-12-17 00:00:00-05:00,60.51514359477591,60.77027091915246,60.362070536892375,60.58074951171875,186000,0.0,0.0
2009-12-18 00:00:00-05:00,60.3256131738472,60.63175921564905,60.13609181220206,60.442237854003906,259600,0.0,0.0
2009-12-21 00:00:00-05:00,60.33290911701675,60.42038181360931,59.90284753821989,60.034053802490234,245700,0.0,0.0
2009-12-22 00:00:00-05:00,60.43496579063473,60.9014757352858,60.21628682103826,60.7994270324707,340500,0.0,0.0
2009-12-23 00:00:00-05:00,60.95249093372944,61.32423734048784,60.7265212160827,61.04724884033203,202300,0.0,0.0
2009-12-24 00:00:00-05:00,61.615812920636586,61.92924979206852,61.59394613724967,61.89280700683594,156400,0.0,0.0
2009-12-28 00:00:00-05:00,61.47731918221999,61.87822876998718,61.353403695541836,61.63039779663086,131100,0.0,0.0
2009-12-29 00:00:00-05:00,61.6668515713691,62.0094460871873,61.6668515713691,62.00215530395508,151500,0.0,0.0
2009-12-30 00:00:00-05:00,61.15659879832027,61.6158179707948,61.15659879832027,61.528350830078125,106700,0.0,0.0
2009-12-31 00:00:00-05:00,62.07504527107547,62.07504527107547,61.34612274169922,61.34612274169922,223400,0.0,0.0
2010-01-04 00:00:00-05:00,61.776181688538855,62.082327802917845,61.747024121278386,62.016727447509766,258800,0.0,0.0
2010-01-05 00:00:00-05:00,60.624502785603866,61.15661883129648,60.50787803936661,61.06185531616211,466000,0.0,0.0
2010-01-06 00:00:00-05:00,61.48461115190586,62.00943623648972,61.37527166574468,61.84178161621094,390000,0.0,0.0
2010-01-07 00:00:00-05:00,60.58074850069635,61.112858803329644,60.58074850069635,61.076416015625,377700,0.0,0.0
2010-01-08 00:00:00-05:00,61.59394254468235,62.607144231583526,61.59394254468235,62.512386322021484,351900,0.0,0.0
2010-01-11 00:00:00-05:00,62.782090273626096,63.05179358929038,62.21353163741656,62.83311462402344,326900,0.0,0.0
2010-01-12 00:00:00-05:00,65.18753918521327,65.28958788998203,64.54608938934713,65.23856353759766,906700,0.0,0.0
2010-01-13 00:00:00-05:00,64.8668006890214,65.28957700183678,64.58252140725435,65.01258850097656,293400,0.0,0.0
2010-01-14 00:00:00-05:00,65.25313104933647,66.543326816538,65.25313104933647,66.28091430664062,558800,0.0,0.0
2010-01-15 00:00:00-05:00,66.97340690755357,66.97340690755357,65.97478649845961,66.43400573730469,596400,0.0,0.0
2010-01-19 00:00:00-05:00,66.30279640937468,67.0390097634374,66.30279640937468,66.9005126953125,275600,0.0,0.0
2010-01-20 00:00:00-05:00,66.12784298515378,66.13513376651693,64.7866228374084,65.143798828125,415000,0.0,0.0
2010-01-21 00:00:00-05:00,66.45586394092567,66.69640970406353,65.34061338977045,65.90917205810547,553800,0.0,0.0
2010-01-22 00:00:00-05:00,65.44266982926521,65.44266982926521,64.15247928030061,64.26910400390625,528600,0.0,0.0
2010-01-25 00:00:00-05:00,64.42216116922908,64.50234307994428,63.59848084061646,63.93378448486328,331800,0.0,0.0
2010-01-26 00:00:00-05:00,63.23403073543566,63.66409236729699,62.93516982279629,63.255897521972656,299800,0.0,0.0
2010-01-27 00:00:00-05:00,59.35615108753982,60.238146521711265,57.439087182975776,58.14613723754883,3481200,0.0,0.0
2010-01-28 00:00:00-05:00,56.97258588401834,58.095121652239484,55.85732977554752,56.61540985107422,4039700,0.0,0.0
2010-01-29 00:00:00-05:00,56.78304916732626,56.78304916732626,55.76984759943232,56.127017974853516,2530400,0.0,0.0
2010-02-01 00:00:00-05:00,57.577562993027236,58.74383740021658,57.417199219307136,58.270042419433594,2984200,0.0,0.0
2010-02-02 00:00:00-05:00,58.67097280621428,58.889651789424775,55.87920374648731,56.98716354370117,3520900,0.0,0.0
2010-02-03 00:00:00-05:00,55.17942606090754,55.57304484284139,52.40952414686326,53.56850814819336,18582700,0.0,0.0
2010-02-04 00:00:00-05:00,52.80314733288542,53.44459712662816,51.753497160181574,52.32205581665039,11087400,0.0,0.0
2010-02-05 00:00:00-05:00,53.27693784839009,54.530685320355005,52.54073019667321,54.457794189453125,7523700,0.0,0.0
2010-02-08 00:00:00-05:00,53.88923492661275,54.0860415337755,52.781275291177266,53.10199737548828,3695200,0.0,0.0
2010-02-09 00:00:00-05:00,54.66918315671012,55.062801942786855,54.04960019318145,54.37761306762695,4545800,0.0,0.0
2010-02-10 00:00:00-05:00,55.26689612402926,55.485575068438735,54.669179978711476,55.17213821411133,3013000,0.0,0.0
2010-02-11 00:00:00-05:00,55.361668711286164,55.39811706542969,54.63274611831998,55.39811706542969,2186600,0.0,0.0
2010-02-12 00:00:00-05:00,55.58764075621182,56.185357084289876,55.28877981155366,56.163490295410156,2364900,0.0,0.0
2010-02-16 00:00:00-05:00,55.93751347053199,56.112458882059094,55.252330073048995,55.40540313720703,1977600,0.0,0.0
2010-02-17 00:00:00-05:00,54.66189857464703,54.66189857464703,53.029113676329914,54.04960632324219,4396900,0.0,0.0
2010-02-18 00:00:00-05:00,53.13845512935634,53.940268823951314,52.83959421377547,53.532073974609375,3126600,0.0,0.0
2010-02-19 00:00:00-05:00,53.53935231519266,53.74345527487018,53.13115751831165,53.466461181640625,1994100,0.0,0.0
2010-02-22 00:00:00-05:00,53.34255091429948,53.54664833269658,53.007247218184595,53.16032028198242,1529100,0.0,0.0
2010-02-23 00:00:00-05:00,52.98537871272237,53.05097906883375,51.92843774283875,52.1544075012207,3823700,0.0,0.0
2010-02-24 00:00:00-05:00,52.78855698793273,54.3630319850931,52.70837508189754,54.18080139160156,5973500,0.0,0.0
2010-02-25 00:00:00-05:00,53.532066943089426,54.013152872159935,53.07284223666189,53.86737060546875,2399500,0.0,0.0
2010-02-26 00:00:00-05:00,54.450505533466504,54.63273614845299,54.01315316974635,54.54526901245117,1691300,0.0,0.0
2010-03-01 00:00:00-05:00,54.12249964826461,54.19539079143559,53.22592245967198,53.6778564453125,2749200,0.0,0.0
2010-03-02 00:00:00-05:00,54.09333731432499,54.63273839976633,53.83821555507823,54.24641036987305,1820400,0.0,0.0
2010-03-03 00:00:00-05:00,56.07599931909903,56.41130294896187,55.587622655683795,56.083290100097656,2881100,0.0,0.0
2010-03-04 00:00:00-05:00,55.79172937772586,55.87920208064988,54.559848560756784,54.97533416748047,3482600,0.0,0.0
2010-03-05 00:00:00-05:00,55.25231902582095,56.22907235265143,54.989906522234996,56.083290100097656,2295200,0.0,0.0
2010-03-08 00:00:00-05:00,56.571671968444164,56.819502932834794,56.50606605589331,56.812217712402344,1191700,0.0,0.0
2010-03-09 00:00:00-05:00,56.003108676110934,56.250939619838334,55.638647480344865,55.886478424072266,2457300,0.0,0.0
2010-03-10 00:00:00-05:00,55.82816769520459,55.82816769520459,55.339790989109176,55.660518646240234,1489000,0.0,0.0
2010-03-11 00:00:00-05:00,55.44183484189356,56.20720557089201,55.398101278374725,56.083290100097656,1042100,0.0,0.0
2010-03-12 00:00:00-05:00,56.45503936457574,56.46962092730965,55.959371895120874,56.11973571777344,839100,0.0,0.0
2010-03-15 00:00:00-04:00,56.389440483072306,57.001732664144804,56.13431874095876,56.92155075073242,1412600,0.0,0.0
2010-03-16 00:00:00-04:00,57.242284055744,57.94933978314769,56.90698036711453,57.8983154296875,1434400,0.0,0.0
2010-03-17 00:00:00-04:00,57.94934445416158,57.94934445416158,57.37349495513017,57.80356216430664,1174100,0.0,0.0
2010-03-18 00:00:00-04:00,57.570294021288746,57.68691871430131,57.03817821844097,57.446372985839844,943100,0.0,0.0
2010-03-19 00:00:00-04:00,57.99308395385742,58.02224152705493,57.22042772845799,57.99308395385742,1202600,0.0,0.0
2010-03-22 00:00:00-04:00,57.61403522120731,58.59078870442182,57.475538166241506,58.45229721069336,1248900,0.0,0.0
2010-03-23 00:00:00-04:00,58.9989748834547,60.02675247192383,58.86776864224204,60.02675247192383,2021600,0.0,0.0
2010-03-24 00:00:00-04:00,59.67688807380892,60.10694968659818,59.10832384287301,59.46549987792969,1172400,0.0,0.0
2010-03-25 00:00:00-04:00,58.88236857708643,59.3051450329868,58.45959212118606,58.55435562133789,1107600,0.0,0.0
2010-03-26 00:00:00-04:00,59.41541987571696,59.73896536471981,59.121283022828486,59.3786506652832,774000,1.4015209999999998,0.0
2010-03-29 00:00:00-04:00,59.93538903904995,60.08374169309428,59.609006409003236,60.06890869140625,601100,0.0,0.0
2010-03-30 00:00:00-04:00,60.195003977035384,60.580724240853804,60.11340832635044,60.26918029785156,707700,0.0,0.0
2010-03-31 00:00:00-04:00,59.883453529903285,59.942791184537064,59.54223230448705,59.653499603271484,839400,0.0,0.0
2010-04-01 00:00:00-04:00,59.28260267959629,60.194987589184514,59.15650240261005,59.705413818359375,1513000,0.0,0.0
2010-04-05 00:00:00-04:00,60.08372551418372,60.565879998933205,59.00073558526502,60.276588439941406,2937700,0.0,0.0
2010-04-06 00:00:00-04:00,60.01696793919685,60.37301647320717,59.74992870904441,59.96503829956055,1190600,0.0,0.0
2010-04-07 00:00:00-04:00,59.72767922210427,59.735098551577885,59.030415052420366,59.282615661621094,1010100,0.0,0.0
2010-04-08 00:00:00-04:00,58.85979206385142,59.0823266269837,58.44440024924612,58.95622634887695,760800,0.0,0.0
2010-04-09 00:00:00-04:00,58.95623873555488,59.49031161256056,58.74112345514179,59.282615661621094,579500,0.0,0.0
2010-04-12 00:00:00-04:00,59.26036023346303,59.46064250374532,58.94881632334606,59.00815963745117,865900,0.0,0.0
2010-04-13 00:00:00-04:00,58.585343570269856,58.67435287475689,58.05867877537078,58.62242889404297,1595600,0.0,0.0
2010-04-14 00:00:00-04:00,59.178771770663424,59.60900236118406,58.84497549208501,59.58675003051758,1949600,0.0,0.0
2010-04-15 00:00:00-04:00,59.193605874823156,59.519982798296404,59.022995254026775,59.3864631652832,1064300,0.0,0.0
2010-04-16 00:00:00-04:00,59.32712429557316,59.497729253593306,58.755954787408186,58.87464141845703,1422700,0.0,0.0
2010-04-19 00:00:00-04:00,58.474078890482204,58.86721842762041,58.11060534997091,58.644683837890625,939100,0.0,0.0
2010-04-20 00:00:00-04:00,58.86722082589962,58.92656414015053,58.3553946442429,58.422157287597656,817700,0.0,0.0
2010-04-21 00:00:00-04:00,58.2589574890604,58.377638440928195,57.732298385452125,57.92515563964844,1067600,0.0,0.0
2010-04-22 00:00:00-04:00,57.39849993196864,57.405919260427176,56.671564203136,57.26498031616211,979900,0.0,0.0
2010-04-23 00:00:00-04:00,56.6418879535661,57.71745846193266,56.49353535216691,57.59135818481445,913300,0.0,0.0
2010-04-26 00:00:00-04:00,58.570503690460825,58.82270991958377,58.355388443626026,58.46665573120117,1188000,0.0,0.0
2010-04-27 00:00:00-04:00,58.23670736475691,58.466655608450594,56.99793986597877,57.10920715332031,966500,0.0,0.0
2010-04-28 00:00:00-04:00,57.47268471486828,57.57653268121995,56.738323962294636,56.99794387817383,853900,0.0,0.0
2010-04-29 00:00:00-04:00,57.45784791955172,58.11802672388073,57.38367160679484,57.94000244140625,518400,0.0,0.0
2010-04-30 00:00:00-04:00,58.30345705541626,58.30345705541626,57.12403867113986,57.18337631225586,611000,0.0,0.0
2010-05-03 00:00:00-04:00,57.361424467605104,57.806488043695104,57.28724814813851,57.62846374511719,514500,0.0,0.0
2010-05-04 00:00:00-04:00,57.057274794381925,57.057274794381925,56.01137602926626,56.44160079956055,727600,0.0,0.0
2010-05-05 00:00:00-04:00,55.78883950182803,56.730895948915354,55.55889130008798,56.20423126220703,848100,0.0,0.0
2010-05-06 00:00:00-04:00,56.10040615863406,56.53063674803751,53.77865389671366,55.72951889038086,1448400,0.0,0.0
2010-05-07 00:00:00-04:00,55.72950742182148,56.28583820971412,54.67618915497421,55.551483154296875,1281000,0.0,0.0
2010-05-10 00:00:00-04:00,56.76056846298379,57.56168608662501,56.745735466674404,56.93117904663086,939900,0.0,0.0
2010-05-11 00:00:00-04:00,56.92377664999454,58.073529451417635,56.74575234488646,57.457855224609375,1083300,0.0,0.0
2010-05-12 00:00:00-04:00,57.77680332601805,58.27379077934046,57.69520769525895,58.110599517822266,994600,0.0,0.0
2010-05-13 00:00:00-04:00,57.31691719547928,57.539451824999496,56.88669225598594,56.95344924926758,1084300,0.0,0.0
2010-05-14 00:00:00-04:00,56.5380472286854,56.58255188293694,55.70725784048854,55.9891357421875,972700,0.0,0.0
2010-05-17 00:00:00-04:00,56.88667749867746,57.302069329445864,56.22649877079656,57.027610778808594,859300,0.0,0.0
2010-05-18 00:00:00-04:00,57.26497542305643,57.26497542305643,55.84077008234015,56.055885314941406,540800,0.0,0.0
2010-05-19 00:00:00-04:00,56.24876305689512,56.47129201671581,55.63308884873936,56.15974807739258,1335600,0.0,0.0
2010-05-20 00:00:00-04:00,55.21769422842693,55.588581469274956,54.5723483920069,54.89131164550781,1626900,0.0,0.0
2010-05-21 00:00:00-04:00,54.275631787681185,56.167158781779314,54.17920315249614,56.07072448730469,1142800,0.0,0.0
2010-05-24 00:00:00-04:00,55.32153126279332,56.06330559779686,55.15092067565533,55.26218795776367,1099100,0.0,0.0
2010-05-25 00:00:00-04:00,54.26080091414887,55.06933232978405,54.00118099441692,54.958065032958984,1043500,0.0,0.0
2010-05-26 00:00:00-04:00,53.88248453241608,54.24595235368979,53.26681050709313,53.41516876220703,1467000,0.0,0.0
2010-05-27 00:00:00-04:00,53.9789222706714,54.75036834969257,53.815736651417645,54.69844436645508,952500,0.0,0.0
2010-05-28 00:00:00-04:00,54.00116757627165,54.438811666604536,53.519013182694714,53.65994644165039,840700,0.0,0.0
2010-06-01 00:00:00-04:00,53.35582312786925,54.01600177122422,53.051692962646484,53.051692962646484,1022600,0.0,0.0
2010-06-02 00:00:00-04:00,52.69565714904227,53.44485092163086,52.13190698734165,53.44485092163086,1415000,0.0,0.0
2010-06-03 00:00:00-04:00,53.83056240107353,54.3052975151151,53.63769949246634,53.941829681396484,721600,0.0,0.0
2010-06-04 00:00:00-04:00,52.814326748189934,53.17038089453698,52.614050181630674,52.740150451660156,825900,0.0,0.0
2010-06-07 00:00:00-04:00,52.169004897491206,52.53247283847262,51.471735017032834,51.53107833862305,849700,0.0,0.0
2010-06-08 00:00:00-04:00,51.47172630272497,52.2728440306894,51.39754999294078,52.20608139038086,600100,0.0,0.0
2010-06-09 00:00:00-04:00,51.7906908871521,52.398945698206596,51.36787968506897,51.538490295410156,886200,0.0,0.0
2010-06-10 00:00:00-04:00,52.16156482256362,52.80691045479614,52.16156482256362,52.7178955078125,788900,0.0,0.0
2010-06-11 00:00:00-04:00,52.39152767408972,52.680819258546855,52.06515076248858,52.525047302246094,376500,0.0,0.0
2010-06-14 00:00:00-04:00,52.903358901019836,53.214902843315976,52.6066479591371,52.680824279785156,522800,0.0,0.0
2010-06-15 00:00:00-04:00,53.54869592322984,54.23112701524659,53.407756975793276,54.179203033447266,621500,0.0,0.0
2010-06-16 00:00:00-04:00,54.11243985802744,54.1495308414977,53.71188666485415,53.9863395690918,307000,0.0,0.0
2010-06-17 00:00:00-04:00,54.15695224865706,54.15695224865706,53.40775849626117,53.6377067565918,525100,0.0,0.0
2010-06-18 00:00:00-04:00,53.140710045197444,53.42258223997546,52.977518794798534,52.99977111816406,1035200,0.0,0.0
2010-06-21 00:00:00-04:00,53.593200867538386,53.83056845123755,53.170389682221426,53.30390930175781,568300,0.0,0.0
2010-06-22 00:00:00-04:00,53.33357818762224,53.704465371598346,52.754995086105794,52.86625671386719,367300,0.0,0.0
2010-06-23 00:00:00-04:00,52.93303225143578,53.02946090542844,52.30993868765589,52.554725646972656,493500,0.0,0.0
2010-06-24 00:00:00-04:00,52.53988642280431,52.599229737904814,52.050312562160165,52.2431755065918,409100,0.0,0.0
2010-06-25 00:00:00-04:00,52.05774069071839,52.13191701748708,51.686853397583974,51.92422103881836,446600,0.0,0.0
2010-06-28 00:00:00-04:00,51.59042114715512,51.77586478081234,51.434643514707346,51.516239166259766,508300,0.0,0.0
2010-06-29 00:00:00-04:00,51.19727952376008,51.31596617418404,50.47776292790596,50.79672622680664,1016800,0.0,0.0
2010-06-30 00:00:00-04:00,51.18986222047474,51.812950113117324,50.692868981201535,50.86347961425781,1090300,0.0,0.0
2010-07-01 00:00:00-04:00,50.76704642993952,51.264033965554255,50.589016482828804,50.959903717041016,807100,0.0,0.0
2010-07-02 00:00:00-04:00,51.16017346883861,51.35303636801783,50.45548450076743,50.633514404296875,710300,0.0,0.0
2010-07-06 00:00:00-04:00,52.07256483856953,52.53988637040744,51.49398166514164,51.94646453857422,827100,0.0,0.0
2010-07-07 00:00:00-04:00,52.0058025433477,52.76240992535301,51.94645923436587,52.66598129272461,631000,0.0,0.0
2010-07-08 00:00:00-04:00,52.636314656482675,52.82175827026367,52.19867044441872,52.82175827026367,371600,0.0,0.0
2010-07-09 00:00:00-04:00,52.25799343732961,52.75498648387778,52.16156482256362,52.7178955078125,309000,0.0,0.0
2010-07-12 00:00:00-04:00,52.51761895120979,53.02202566554031,52.406351682302336,52.7178955078125,398700,0.0,0.0
2010-07-13 00:00:00-04:00,52.76240816834316,53.51160185624436,52.717903517733525,53.20005798339844,964400,0.0,0.0
2010-07-14 00:00:00-04:00,54.17920066829583,54.401729583740234,53.66737454198186,54.401729583740234,858900,0.0,0.0
2010-07-15 00:00:00-04:00,53.77863644176006,53.77863644176006,53.23713871577666,53.70446014404297,683700,0.0,0.0
2010-07-16 00:00:00-04:00,53.32615587932005,53.40775150797813,51.924202854978745,52.480533599853516,491200,0.0,0.0
2010-07-19 00:00:00-04:00,52.57697159764532,53.036873799404134,52.3692756546865,52.82917785644531,465700,0.0,0.0
2010-07-20 00:00:00-04:00,51.99838857029671,52.079984213728025,51.53107269733644,52.06515121459961,987600,0.0,0.0
2010-07-21 00:00:00-04:00,51.77585804752953,51.924210671446296,51.11567925030718,51.308536529541016,884300,0.0,0.0
2010-07-22 00:00:00-04:00,52.26542190835881,52.65856142256256,52.109649968351064,52.47311782836914,486300,0.0,0.0
2010-07-23 00:00:00-04:00,52.67340991428276,53.20006914101319,52.4063706360405,52.895938873291016,1010800,0.0,0.0
2010-07-26 00:00:00-04:00,52.59922764800707,53.32616342159025,52.33960206958043,52.5918083190918,664900,0.0,0.0
2010-07-27 00:00:00-04:00,52.26542466835285,52.26542466835285,51.753598510378275,51.850032806396484,798100,0.0,0.0
2010-07-28 00:00:00-04:00,51.90195579300032,51.99838442787813,50.95989913362891,51.761016845703125,863800,0.0,0.0
2010-07-29 00:00:00-04:00,52.25059335781748,52.40636531108255,51.78327183873239,51.90195846557617,826200,0.0,0.0
2010-07-30 00:00:00-04:00,51.92419610812904,52.1912352837139,51.8426004900732,52.09480667114258,897400,0.0,0.0
2010-08-02 00:00:00-04:00,53.00719701804511,53.444846849223296,52.925601382728665,53.43742752075195,1470900,0.0,0.0
2010-08-03 00:00:00-04:00,53.934411518837756,54.097602778932036,53.444843397844004,53.97891616821289,1090900,0.0,0.0
2010-08-04 00:00:00-04:00,54.70585691407072,55.388287940396545,54.34980274508519,55.076744079589844,1936300,0.0,0.0
2010-08-05 00:00:00-04:00,53.63029522761651,53.71930454005085,53.34841731346786,53.585784912109375,1235200,0.0,0.0
2010-08-06 00:00:00-04:00,53.88248724759293,53.88248724759293,53.25939952258303,53.79347229003906,896400,0.0,0.0
2010-08-09 00:00:00-04:00,53.44484565258122,53.57094593732343,53.11104379031797,53.459678649902344,784000,0.0,0.0
2010-08-10 00:00:00-04:00,53.17039374366884,53.593204961282446,52.78467351292785,53.31133270263672,726700,0.0,0.0
2010-08-11 00:00:00-04:00,52.66598156553822,52.66598156553822,51.74618290871297,51.790687561035156,850800,0.0,0.0
2010-08-12 00:00:00-04:00,51.92420938973437,52.235753287843245,51.79810909658883,52.03547668457031,655400,0.0,0.0
2010-08-13 00:00:00-04:00,52.05772994053083,52.16157790842005,51.62749941110987,51.827781677246094,397300,0.0,0.0
2010-08-16 00:00:00-04:00,51.9167922523465,52.30993180597687,51.812944281926775,52.28026580810547,484300,0.0,0.0
2010-08-17 00:00:00-04:00,52.562128739524546,52.61405271552492,52.295089531725814,52.40635681152344,409900,0.0,0.0
2010-08-18 00:00:00-04:00,52.49538087917088,52.614067520161655,52.34702823722294,52.39153289794922,431900,0.0,0.0
2010-08-19 00:00:00-04:00,52.94044803411267,53.3558399426044,52.46571280746775,52.85885238647461,728000,0.0,0.0
2010-08-20 00:00:00-04:00,52.176412862281225,52.44345212094348,51.91679293282903,52.2431755065918,374700,0.0,0.0
2010-08-23 00:00:00-04:00,52.317346235895336,52.43603285342644,51.85003041276781,51.894535064697266,336100,0.0,0.0
2010-08-24 00:00:00-04:00,51.73134664508083,51.91679025072208,51.33078777778098,51.746185302734375,592100,0.0,0.0
2010-08-25 00:00:00-04:00,51.100836055269816,51.301118304993885,50.70027721511101,51.22693634033203,719400,0.0,0.0
2010-08-26 00:00:00-04:00,51.21952215864945,51.47914205449944,50.77445301229029,50.974735260009766,551000,0.0,0.0
2010-08-27 00:00:00-04:00,51.33820703961929,51.52365064501856,50.818967208217224,51.4494743347168,418400,0.0,0.0
2010-08-30 00:00:00-04:00,50.989562632208575,51.041486605650476,50.626094818115234,50.626094818115234,443100,0.0,0.0
2010-08-31 00:00:00-04:00,50.50000182157127,50.774454723883295,50.18845793604922,50.32197189331055,525600,0.0,0.0
2010-09-01 00:00:00-04:00,50.6260973558601,51.100832468065704,50.440653775802,51.05632781982422,634700,0.0,0.0
2010-09-02 00:00:00-04:00,50.314555957383135,50.60384750366211,50.1142737119351,50.60384750366211,605200,0.0,0.0
2010-09-03 00:00:00-04:00,51.486554672241944,51.87969412890194,51.271439455349224,51.709083557128906,609700,0.0,0.0
2010-09-07 00:00:00-04:00,51.64976144866283,51.783281098091784,51.30854582440902,51.360469818115234,343100,0.0,0.0
2010-09-08 00:00:00-04:00,51.20468740197029,51.36045935134409,51.071167779751356,51.27145004272461,673300,0.0,0.0
2010-09-09 00:00:00-04:00,52.33219309516908,52.502798060498534,52.13191081151588,52.44345474243164,1654600,0.0,0.0
2010-09-10 00:00:00-04:00,52.398945796009876,52.51763242243219,52.24317384329795,52.3692741394043,856700,0.0,0.0
2010-09-13 00:00:00-04:00,52.295099961999554,52.295099961999554,51.90196039968654,52.13932800292969,972200,0.0,0.0
2010-09-14 00:00:00-04:00,51.49398950245549,52.020648770201525,51.308545859194595,51.7758674621582,996700,0.0,0.0
2010-09-15 00:00:00-04:00,52.3692756546865,52.82917785644531,52.23575602574297,52.82917785644531,669700,0.0,0.0
2010-09-16 00:00:00-04:00,53.08879095499326,53.281653874052196,52.78466640887078,53.20747756958008,396800,0.0,0.0
2010-09-17 00:00:00-04:00,53.333580196910894,53.378084849692115,52.91818268689124,53.044288635253906,254500,0.0,0.0
2010-09-20 00:00:00-04:00,53.3335753034084,53.63769983499169,52.94784948373081,53.5412712097168,961900,0.0,0.0
2010-09-21 00:00:00-04:00,53.637699921974836,53.637699921974836,52.93301657310159,53.13329315185547,833400,0.0,0.0
2010-09-22 00:00:00-04:00,53.355835413649494,53.355835413649494,52.7030759472429,53.0739631652832,499500,0.0,0.0
2010-09-23 00:00:00-04:00,52.59922169899837,52.95527021660534,52.443444105845025,52.64372634887695,342000,0.0,0.0
2010-09-24 00:00:00-04:00,53.80830302494985,54.19402313232422,53.674783437918684,54.19402313232422,655600,0.0,0.0
2010-09-27 00:00:00-04:00,54.73699372743387,54.74446837205388,54.071385182774954,54.14617156982422,424500,0.596,0.0
2010-09-28 00:00:00-04:00,54.43784526919139,54.77438688111478,54.056427258065234,54.70708084106445,352800,0.0,0.0
2010-09-29 00:00:00-04:00,54.594902038574226,54.86413762838204,54.37801749646036,54.59490203857422,492100,0.0,0.0
2010-09-30 00:00:00-04:00,54.09382351530047,54.46028082616208,53.435689578920226,53.53291702270508,719700,0.0,0.0
2010-10-01 00:00:00-04:00,53.6600603072797,53.839548806840554,53.495526805250364,53.69745635986328,535400,0.0,0.0
2010-10-04 00:00:00-04:00,52.897222203609324,53.29359519760778,52.740163370293246,52.94209289550781,369300,0.0,0.0
2010-10-05 00:00:00-04:00,53.360905588503286,53.891896407349776,53.316034892944366,53.86946105957031,401900,0.0,0.0
2010-10-06 00:00:00-04:00,53.33848229285531,53.45814511583247,53.18142911707587,53.24126052856445,473400,0.0,0.0
2010-10-07 00:00:00-04:00,53.682501358995694,53.682501358995694,53.05428869088165,53.211341857910156,278500,0.0,0.0
2010-10-08 00:00:00-04:00,52.83738304899225,53.211320642112035,52.7326809793855,53.1514892578125,345600,0.0,0.0
2010-10-11 00:00:00-04:00,53.10663233355368,53.256205127225115,52.91966348854622,53.001930236816406,194300,0.0,0.0
2010-10-12 00:00:00-04:00,52.33631701652392,52.568156538139256,52.08951679335131,52.388668060302734,478900,0.0,0.0
2010-10-13 00:00:00-04:00,52.388668985465856,52.89722443651341,52.298921892044774,52.57563781738281,483100,0.0,0.0
2010-10-14 00:00:00-04:00,53.58526998480639,54.161131493911945,53.30855405112205,54.123741149902344,1073500,0.0,0.0
2010-10-15 00:00:00-04:00,53.547873974898046,53.86198025282625,53.14402060077487,53.480567932128906,995200,0.0,0.0
2010-10-18 00:00:00-04:00,53.854511100529514,54.3406312692886,53.8470307486246,54.280799865722656,352200,0.0,0.0
2010-10-19 00:00:00-04:00,53.54787735780838,53.847028658187824,53.12158860916452,53.36090850830078,533400,0.0,0.0
2010-10-20 00:00:00-04:00,53.166451233890164,53.68248700603913,53.166451233890164,53.61518096923828,612300,0.0,0.0
2010-10-21 00:00:00-04:00,53.44317289616255,53.82459092993215,53.27116475748739,53.562835693359375,440200,0.0,0.0
2010-10-22 00:00:00-04:00,53.60022624247528,53.94424822697352,53.44317309993279,53.62266159057617,418200,0.0,0.0
2010-10-25 00:00:00-04:00,53.62266019458013,53.8320700850213,53.173936126735505,53.368385314941406,450900,0.0,0.0
2010-10-26 00:00:00-04:00,53.06175593078318,53.19637372742201,52.78504569190739,53.001930236816406,362900,0.0,0.0
2010-10-27 00:00:00-04:00,53.129066836529056,53.38334172289125,52.568160310432894,53.03184509277344,1345900,0.0,0.0
2010-10-28 00:00:00-04:00,53.069239347988116,53.24125320590008,52.7401723358974,53.19637680053711,534300,0.0,0.0
2010-10-29 00:00:00-04:00,53.031838872398005,53.121580254311965,52.82242900098241,52.96452713012695,237100,0.0,0.0
2010-11-01 00:00:00-04:00,52.42606058340911,52.42606058340911,51.85019907788677,52.07455825805664,695700,0.0,0.0
2010-11-02 00:00:00-04:00,52.61303011773061,52.91218140109484,52.500847673239505,52.52328872680664,534900,0.0,0.0
2010-11-03 00:00:00-04:00,52.52329001412452,52.882266998291016,52.16430732412174,52.882266998291016,438400,0.0,0.0
2010-11-04 00:00:00-04:00,53.809627307588585,54.46028089390956,53.56283278697489,54.392974853515625,1879800,0.0,0.0
2010-11-05 00:00:00-04:00,55.21562637373286,55.282932401698886,54.10876858744546,54.325653076171875,1018000,0.0,0.0
2010-11-08 00:00:00-05:00,55.04362478093784,55.20815827135617,54.67716745599272,55.1483268737793,900900,0.0,0.0
2010-11-09 00:00:00-05:00,55.350254651401045,55.612009875168575,54.42288513600189,54.66968536376953,880900,0.0,0.0
2010-11-10 00:00:00-05:00,55.5147796178062,56.32248051208444,55.34276580810547,56.090641021728516,1307400,0.0,0.0
2010-11-11 00:00:00-05:00,56.285106389522646,56.35241243933742,55.978474724801885,56.277626037597656,683200,0.0,0.0
2010-11-12 00:00:00-05:00,56.49450413399284,57.13767738588456,56.300054947044266,56.472068786621094,1116400,0.0,0.0
2010-11-15 00:00:00-05:00,57.04045011539175,57.11524221464296,56.584251403808594,56.584251403808594,619600,0.0,0.0
2010-11-16 00:00:00-05:00,56.56180231653535,56.58424336662485,55.90367415979167,56.038291931152344,835000,0.0,0.0
2010-11-17 00:00:00-05:00,56.71886089680805,56.973141469804006,56.52441742398059,56.726341247558594,665900,0.0,0.0
2010-11-18 00:00:00-05:00,57.85563091698948,57.96781334782926,57.45925793974636,57.803279876708984,989100,0.0,0.0
2010-11-19 00:00:00-05:00,58.36419294310608,58.6857795715332,57.9304238711186,58.6857795715332,957700,0.0,0.0
2010-11-22 00:00:00-05:00,58.60351282664468,58.83535235905629,58.17722410578418,58.6857795715332,647000,0.0,0.0
2010-11-23 00:00:00-05:00,57.893038318994684,58.603517677290256,57.646238063901315,57.90799331665039,627100,0.0,0.0
2010-11-24 00:00:00-05:00,58.68576706827068,59.05970466324543,58.521233613548205,59.029788970947266,654000,0.0,0.0
2010-11-26 00:00:00-05:00,58.401582274228865,58.67829820276728,58.3791469270731,58.603511810302734,313700,0.0,0.0
2010-11-29 00:00:00-05:00,58.15478673828401,58.618465787001746,57.60883524169931,58.521244049072266,540100,0.0,0.0
2010-11-30 00:00:00-05:00,57.548996657956906,58.32678758174618,57.25732577476533,58.1024284362793,552400,0.0,0.0
2010-12-01 00:00:00-05:00,59.12702037396361,59.68792685827772,59.09710467676656,59.51591873168945,1169100,0.0,0.0
2010-12-02 00:00:00-05:00,58.603504609910544,59.43364658769338,58.5885439097542,59.09709930419922,584700,0.0,0.0
2010-12-03 00:00:00-05:00,58.708215072092706,59.269121585520345,58.64838367459309,59.11954879760742,654900,0.0,0.0
2010-12-06 00:00:00-05:00,59.08214941466521,59.30651428971345,58.94005128007895,59.186851501464844,286200,0.0,0.0
2010-12-07 00:00:00-05:00,59.313985939073966,59.411213376074635,58.74560484110537,58.83534622192383,519800,0.0,0.0
2010-12-08 00:00:00-05:00,58.685778553764536,58.925098433152684,58.16226239484072,58.603511810302734,363700,0.0,0.0
2010-12-09 00:00:00-05:00,58.610998997353065,58.610998997353065,58.0426120778243,58.31184768676758,353700,0.0,0.0
2010-12-10 00:00:00-05:00,57.70606306513117,57.9528575870122,57.466737482494636,57.78084945678711,393600,0.0,0.0
2010-12-13 00:00:00-05:00,58.21462430680385,58.50630099178271,57.967829736186445,58.319332122802734,407400,0.0,0.0
2010-12-14 00:00:00-05:00,58.40906365775121,58.69325994231075,58.229575171496194,58.364192962646484,331800,0.0,0.0
2010-12-15 00:00:00-05:00,58.40157642773792,58.83534544877874,58.29687434760192,58.43897247314453,326400,0.0,0.0
2010-12-16 00:00:00-05:00,58.334278449309544,58.655865084378924,58.08747820954638,58.55864334106445,191300,0.0,0.0
2010-12-17 00:00:00-05:00,57.9154730930945,58.14731264239263,57.773374940512284,57.94538879394531,284900,0.0,0.0
2010-12-20 00:00:00-05:00,57.900503833217996,58.06503731066444,57.67614466874748,57.7584114074707,302900,0.0,0.0
2010-12-21 00:00:00-05:00,57.9603482743691,58.4315077610788,57.80329511213254,58.341766357421875,379700,0.0,0.0
2010-12-22 00:00:00-05:00,57.99772636056105,58.25200119992389,57.99772636056105,58.1024284362793,194600,0.0,0.0
2010-12-23 00:00:00-05:00,58.334269045879715,58.37166509042273,57.922935379247726,58.079994201660156,199300,0.0,0.0
2010-12-27 00:00:00-05:00,57.89302606114465,58.33426972151927,57.89302606114465,58.259483337402344,229500,0.0,0.0
2010-12-28 00:00:00-05:00,58.74560892839987,58.74560892839987,58.38662626264288,58.521244049072266,245800,0.0,0.0
2010-12-29 00:00:00-05:00,59.03728336837494,59.171901162831496,58.89518522260519,59.15694046020508,293400,0.0,0.0
2010-12-30 00:00:00-05:00,59.01483372945061,59.14944578547374,58.3791352559999,58.59601974487305,251800,0.0,0.0
2010-12-31 00:00:00-05:00,58.51376425824809,58.977449017239714,58.4389778663684,58.80543518066406,258800,0.0,0.0
2011-01-03 00:00:00-05:00,59.097108293540295,59.643059815586305,59.097108293540295,59.40373992919922,397100,0.0,0.0
2011-01-04 00:00:00-05:00,59.32894593257325,59.725318908691406,59.16441246191995,59.725318908691406,431400,0.0,0.0
2011-01-05 00:00:00-05:00,59.538355294483026,60.114216786242466,58.85778600747685,59.97959899902344,521100,0.0,0.0
2011-01-06 00:00:00-05:00,60.63025957491619,61.24351718606329,60.488161420411515,60.98176193237305,1073100,0.0,0.0
2011-01-07 00:00:00-05:00,61.78945877569834,62.0362532860089,61.43795647497535,61.669795989990234,686200,0.0,0.0
2011-01-10 00:00:00-05:00,61.46788604360229,61.901649475097656,61.36318393539614,61.901649475097656,416200,0.0,0.0
2011-01-11 00:00:00-05:00,62.29053926296656,62.357845306396484,61.97643298195456,62.357845306396484,388300,0.0,0.0
2011-01-12 00:00:00-05:00,62.9486784856189,63.3001808780807,62.63457214990983,63.15060806274414,591400,0.0,0.0
2011-01-13 00:00:00-05:00,63.77132163925837,64.07795323816762,63.56939782731568,63.86106872558594,903800,0.0,0.0
2011-01-14 00:00:00-05:00,63.95082712635544,64.39207087406947,63.890995724884775,64.28736877441406,537400,0.0,0.0
2011-01-18 00:00:00-05:00,63.80123173203976,63.93584949679201,63.47217052273924,63.704010009765625,399800,0.0,0.0
2011-01-19 00:00:00-05:00,63.58435201268245,63.59183236290673,62.60463724921248,62.8215217590332,574200,0.0,0.0
2011-01-20 00:00:00-05:00,62.42515080133916,62.53733323498574,61.7146658588012,62.3428840637207,774300,0.0,0.0
2011-01-21 00:00:00-05:00,61.19115002134296,61.57256797961335,61.04157726029011,61.333248138427734,607700,0.0,0.0
2011-01-24 00:00:00-05:00,61.63989068151934,62.57473495552626,61.452921826717954,62.44759750366211,390900,0.0,0.0
2011-01-25 00:00:00-05:00,62.38775661758196,62.806570668644866,62.2755741805859,62.71682357788086,306000,0.0,0.0
2011-01-26 00:00:00-05:00,61.60996579841789,61.961468105994534,61.36317128329529,61.542659759521484,886900,0.0,0.0
2011-01-27 00:00:00-05:00,62.088598518035326,62.67942062904964,62.07364352413914,62.47001647949219,476800,0.0,0.0
2011-01-28 00:00:00-05:00,61.62492461747784,61.73710705138096,60.69008051134448,60.84713363647461,828100,0.0,0.0
2011-01-31 00:00:00-05:00,61.47535080925536,61.72963139248402,60.966795348634065,61.46039581298828,648500,0.0,0.0
2011-02-01 00:00:00-05:00,61.78197953640897,62.35784101193923,61.580050008353325,62.29053497314453,578600,0.0,0.0
2011-02-02 00:00:00-05:00,63.57688876831363,63.65167516646016,63.24034141789957,63.56940841674805,950900,0.0,0.0
2011-02-03 00:00:00-05:00,63.15060106939719,63.38244061924592,62.649520211251755,63.3300895690918,385400,0.0,0.0
2011-02-04 00:00:00-05:00,63.38242721557617,63.38242721557617,62.84395612452789,63.38242721557617,464300,0.0,0.0
2011-02-07 00:00:00-05:00,63.36747660687697,63.74888890123772,63.345035555000706,63.666622161865234,327900,0.0,0.0
2011-02-08 00:00:00-05:00,64.99784125991302,66.79273731025643,64.99784125991302,66.23931121826172,2933200,0.0,0.0
2011-02-09 00:00:00-05:00,66.62820538339321,67.03205871582031,65.9850378974932,67.03205871582031,1299900,0.0,0.0
2011-02-10 00:00:00-05:00,67.55558586460188,68.04170601298583,66.22436857315779,66.4262924194336,2106500,0.0,0.0
2011-02-11 00:00:00-05:00,66.49357612425361,67.45832995664833,66.48609577581753,67.34615325927734,891900,0.0,0.0
2011-02-14 00:00:00-05:00,69.26075889031448,69.52999455935236,69.06630963915647,69.41033172607422,1060600,0.0,0.0
2011-02-15 00:00:00-05:00,69.62718999760756,69.92634126181993,69.29812874222615,69.52996826171875,676500,0.0,0.0
2011-02-16 00:00:00-05:00,69.69450156016613,70.10582955477675,69.59727411869565,70.06095886230469,446800,0.0,0.0
2011-02-17 00:00:00-05:00,69.9936256993054,70.03850208388079,69.71691557262162,69.88892364501953,796200,0.0,0.0
2011-02-18 00:00:00-05:00,69.84407873370397,69.91886512780836,69.55988815377279,69.70198059082031,373500,0.0,0.0
2011-02-22 00:00:00-05:00,68.20621847123371,68.72973455402756,67.57052566897386,67.8248062133789,1023900,0.0,0.0
2011-02-23 00:00:00-05:00,67.66776595990385,67.91456049546521,66.6282139466687,67.43592071533203,998000,0.0,0.0
2011-02-24 00:00:00-05:00,66.62074500759917,67.8173445604273,66.18697588662499,67.38357543945312,1040300,0.0,0.0
2011-02-25 00:00:00-05:00,68.4455475043334,68.67739273596945,68.10152553817211,68.61756134033203,558900,0.0,0.0
2011-02-28 00:00:00-05:00,69.85903065093589,69.94877203024133,69.45517732655517,69.77676391601562,763400,0.0,0.0
2011-03-01 00:00:00-05:00,70.09086546372791,70.22548322951086,69.21585283905631,69.43273162841797,993100,0.0,0.0
2011-03-02 00:00:00-05:00,68.73722208577233,68.92419091219756,68.13891955887729,68.4530258178711,643000,0.0,0.0
2011-03-03 00:00:00-05:00,68.65495384945935,68.95409940055173,68.43058898030442,68.94662475585938,541400,0.0,0.0
2011-03-04 00:00:00-05:00,68.51286386581776,68.69235235898421,67.45835684356273,68.04917907714844,440400,0.0,0.0
2011-03-07 00:00:00-05:00,67.54808379521222,67.74253293321456,66.46366710241325,66.57584381103516,578000,0.0,0.0
2011-03-08 00:00:00-05:00,67.06198777123805,67.55558828892693,66.64317936047416,67.30130767822266,426600,0.0,0.0
2011-03-09 00:00:00-05:00,67.04704184953384,67.30879714169518,66.83015726293233,66.96477508544922,454800,0.0,0.0
2011-03-10 00:00:00-05:00,65.86538955913463,66.17949587351596,65.32691833114562,65.45405578613281,587900,0.0,0.0
2011-03-11 00:00:00-05:00,63.79377149444566,64.38458801700924,63.38991810898868,64.05552673339844,1792900,0.0,0.0
2011-03-14 00:00:00-04:00,60.26379402593363,61.3033402534154,60.00203880783315,61.12385177612305,3626600,0.0,0.0
2011-03-15 00:00:00-04:00,57.96034078712405,61.37065062563434,57.85563869249163,60.86957550048828,5117600,0.0,0.0
2011-03-16 00:00:00-04:00,61.40804738231728,61.90912251322493,59.15694091016345,60.136661529541016,2980100,0.0,0.0
2011-03-17 00:00:00-04:00,61.520225919133,61.84181253757121,60.757389891286124,61.37064743041992,1528000,0.0,0.0
2011-03-18 00:00:00-04:00,59.75523414265854,61.011664801962105,59.67296740796687,60.9967041015625,1465800,0.0,0.0
2011-03-21 00:00:00-04:00,62.447571780076665,63.03091345383132,61.64734563939169,62.63454055786133,1708500,0.0,0.0
2011-03-22 00:00:00-04:00,62.05870299212072,62.2456718414867,61.71467528815125,62.07365798950195,1217500,0.0,0.0
2011-03-23 00:00:00-04:00,61.22107296971056,61.864246188960095,60.54050370284866,61.430477142333984,937200,0.0,0.0
2011-03-24 00:00:00-04:00,60.039424372564866,61.16871760175212,59.97959298294963,60.719993591308594,1509300,0.0,0.0
2011-03-25 00:00:00-04:00,60.57043039745326,60.64521680042109,60.218928027084,60.39842224121094,1007000,0.0,0.0
2011-03-28 00:00:00-04:00,61.03021810209911,61.3170675927065,60.76601917056976,60.80376434326172,711000,0.747,0.0
2011-03-29 00:00:00-04:00,60.064013399748816,60.44144216454782,59.95078361848794,60.16969299316406,1137200,0.0,0.0
2011-03-30 00:00:00-04:00,60.78112303540635,61.5359805313007,60.58486423302989,61.11326217651367,846200,0.0,0.0
2011-03-31 00:00:00-04:00,60.93964659209136,60.969835823128726,60.53956729202746,60.57731246948242,532800,0.0,0.0
2011-04-01 00:00:00-04:00,60.78866181278515,61.14344569071889,60.237619169313035,60.77356719970703,744300,0.0,0.0
2011-04-04 00:00:00-04:00,60.54711740843561,60.54711740843561,59.9432348836019,59.99607467651367,961600,0.0,0.0
2011-04-05 00:00:00-04:00,58.50900346255244,59.1279863507149,58.290094107590605,58.59958267211914,2072100,0.0,0.0
2011-04-06 00:00:00-04:00,58.22969856532291,58.780746993664245,58.06362901817608,58.38821792602539,1959300,0.0,0.0
2011-04-07 00:00:00-04:00,58.77320552484413,58.77320552484413,57.331424932674004,58.28254699707031,1641600,0.0,0.0
2011-04-08 00:00:00-04:00,59.301614430855324,59.362004424317696,58.6373417800895,58.78831100463867,1188400,0.0,0.0
2011-04-11 00:00:00-04:00,58.13157237772685,58.20705696901084,57.565429304439185,57.7465934753418,1058500,0.0,0.0
2011-04-12 00:00:00-04:00,57.85982953441514,58.54674687664244,57.844729159052996,58.27499771118164,1038800,0.0,0.0
2011-04-13 00:00:00-04:00,59.13553199814514,59.1732771756465,58.57693907757927,58.86378860473633,723100,0.0,0.0
2011-04-14 00:00:00-04:00,58.705276203404594,58.94683041814733,58.365592568615575,58.78831100463867,713600,0.0,0.0
2011-04-15 00:00:00-04:00,58.68262419040871,58.94682318048402,58.47881518638091,58.607139587402344,513600,0.0,0.0
2011-04-18 00:00:00-04:00,58.10893894307741,58.39578274970883,58.003253583680284,58.312747955322266,825400,0.0,0.0
2011-04-19 00:00:00-04:00,57.595637171577984,57.67867196828911,57.25594779618527,57.45976257324219,939400,0.0,0.0
2011-04-20 00:00:00-04:00,58.3353842271756,58.4486139992386,58.06363507786658,58.320289611816406,525200,0.0,0.0
2011-04-21 00:00:00-04:00,58.81848829194944,59.11288222255719,58.629773938528835,58.727909088134766,476700,0.0,0.0
2011-04-25 00:00:00-04:00,59.85265676383059,60.033820966105644,59.55071258730138,60.01872634887695,936300,0.0,0.0
2011-04-26 00:00:00-04:00,59.460123296196876,59.47522367143706,59.02985474754351,59.37709426879883,776700,0.0,0.0
2011-04-27 00:00:00-04:00,58.94681482069665,59.20346934544703,58.6146814627503,59.0977897644043,714300,0.0,0.0
2011-04-28 00:00:00-04:00,59.55070591180251,60.13194939430873,59.36954172983555,60.01116943359375,503900,0.0,0.0
2011-04-29 00:00:00-04:00,60.08665515401035,60.53202406860006,60.07156053819124,60.14704513549805,558000,0.0,0.0
2011-05-02 00:00:00-04:00,60.96982658888394,60.96982658888394,60.38103876803717,60.509368896484375,692200,0.0,0.0
2011-05-03 00:00:00-04:00,60.63771043850343,60.66790543262435,59.78471769212969,60.15460205078125,640200,0.0,0.0
2011-05-04 00:00:00-04:00,60.2300842275083,60.539572826330385,60.041369841192925,60.20743942260742,455500,0.0,0.0
2011-05-05 00:00:00-04:00,60.048924534160776,60.50938813204349,59.81491476138183,60.05646896362305,687700,0.0,0.0
2011-05-06 00:00:00-04:00,60.335757782958574,60.381047388226435,59.39218594584181,59.709224700927734,598900,0.0,0.0
2011-05-09 00:00:00-04:00,59.6790389251245,59.928143310768824,59.34690550337175,59.90549850463867,484600,0.0,0.0
2011-05-10 00:00:00-04:00,60.86415630710187,61.18120082441347,60.76602690835394,61.15855026245117,714700,0.0,0.0
2011-05-11 00:00:00-04:00,61.143446995328794,61.611460638200356,60.73582332426737,61.49068069458008,966000,0.0,0.0
2011-05-12 00:00:00-04:00,62.53994662336134,63.181574386554075,62.23800245271004,63.12873458862305,1659800,0.0,0.0
2011-05-13 00:00:00-04:00,63.332542995684214,63.40802759099526,62.78149450761321,62.94001388549805,1070000,0.0,0.0
2011-05-16 00:00:00-04:00,62.57015005021631,62.64563466327726,61.91342182246178,62.056846618652344,552500,0.0,0.0
2011-05-17 00:00:00-04:00,61.30198003917824,61.56617902595568,61.04533124033901,61.422760009765625,665600,0.0,0.0
2011-05-18 00:00:00-04:00,61.30952656040347,61.505791121317074,61.15100717781751,61.43785095214844,392800,0.0,0.0
2011-05-19 00:00:00-04:00,61.15855016412386,61.271779937331274,60.554667638860124,60.916996002197266,678900,0.0,0.0
2011-05-20 00:00:00-04:00,60.63015906425834,60.63015906425834,60.16214530319793,60.3584098815918,532700,0.0,0.0
2011-05-23 00:00:00-04:00,59.8526445956774,60.27536290141518,59.762059633402885,60.041358947753906,496500,0.0,0.0
2011-05-24 00:00:00-04:00,60.313111252704026,60.630149998708625,60.15459187970172,60.30556106567383,927200,0.0,0.0
2011-05-25 00:00:00-04:00,60.962287626311465,62.01153899271442,60.8490578600518,61.72468948364258,686000,0.0,0.0
2011-05-26 00:00:00-04:00,61.905877392530456,62.18517103676663,61.679417794240806,62.056846618652344,558500,0.0,0.0
2011-05-27 00:00:00-04:00,61.958699406472604,62.132313390749765,61.845469639841106,62.094573974609375,291900,0.0,0.0
2011-05-31 00:00:00-04:00,62.947562535361975,63.007952513778065,62.53238863263303,62.87207794189453,652700,0.0,0.0
2011-06-01 00:00:00-04:00,62.43427008248479,62.53994968351786,61.41521349589075,61.52089309692383,711200,0.0,0.0
2011-06-02 00:00:00-04:00,61.24157953945789,61.392554476771586,60.84150603401034,61.07551574707031,409900,0.0,0.0
2011-06-03 00:00:00-04:00,60.6376926455857,61.14344569071889,60.49426790537302,60.77356719970703,650200,0.0,0.0
2011-06-06 00:00:00-04:00,60.501817202169555,60.652786367149965,60.184778500248,60.32819747924805,445100,0.0,0.0
2011-06-07 00:00:00-04:00,61.671856056745916,61.82283101370358,61.46049687611093,61.573726654052734,759600,0.0,0.0
2011-06-08 00:00:00-04:00,61.85301948076724,62.22289800786325,61.57372015918568,61.7095947265625,743600,0.0,0.0
2011-06-09 00:00:00-04:00,61.581279970762324,62.00399835351159,61.452955570157165,61.837928771972656,308700,0.0,0.0
2011-06-10 00:00:00-04:00,61.377464134071374,61.385014321947196,60.85661635275855,60.89435577392578,1000000,0.0,0.0
2011-06-13 00:00:00-04:00,60.547120850462235,60.58486603001876,59.93568810356611,60.177242279052734,836200,0.0,0.0
2011-06-14 00:00:00-04:00,60.44899589934082,60.88681467438284,60.41880090529245,60.72074508666992,464200,0.0,0.0
2011-06-15 00:00:00-04:00,60.32066362128753,60.637702378758135,59.84509972597612,59.99607467651367,550600,0.0,0.0
2011-06-16 00:00:00-04:00,59.814913241987725,60.19989222172343,59.6563938407098,59.98853302001953,580200,0.0,0.0
2011-06-17 00:00:00-04:00,60.09421095323272,60.313120337238736,59.913046750957655,60.01872634887695,375000,0.0,0.0
2011-06-20 00:00:00-04:00,59.8979407468099,60.53956846220789,59.830006337004455,60.48672866821289,460600,0.0,0.0
2011-06-21 00:00:00-04:00,60.615061760676234,61.06042493752147,60.47918717536472,60.96229553222656,403200,0.0,0.0
2011-06-22 00:00:00-04:00,60.78112142616946,61.45294987810534,60.78112142616946,60.916996002197266,403900,0.0,0.0
2011-06-23 00:00:00-04:00,60.365963436793464,61.07553142656781,60.27537845115,61.007591247558594,568800,0.0,0.0
2011-06-24 00:00:00-04:00,61.513338740283324,61.64921332656252,61.271784560132076,61.362369537353516,334300,0.0,0.0
2011-06-27 00:00:00-04:00,60.13947437200242,60.44141841702856,59.98850522904117,60.19231414794922,623200,0.0,0.0
2011-06-28 00:00:00-04:00,60.25272150367289,60.577310437941335,60.207431899530185,60.4489860534668,241800,0.0,0.0
2011-06-29 00:00:00-04:00,61.264232130942645,61.64166084808515,60.818863249979785,61.54352569580078,431100,0.0,0.0
2011-06-30 00:00:00-04:00,61.69450336822266,62.38142066908476,61.664308378422454,62.21535110473633,532700,0.0,0.0
2011-07-01 00:00:00-04:00,62.23044938714451,63.03059643308194,62.23044938714451,62.99285125732422,624600,0.0,0.0
2011-07-05 00:00:00-04:00,63.02304813438913,63.219312687820235,62.826789340063435,63.106082916259766,293100,0.0,0.0
2011-07-06 00:00:00-04:00,63.581650062302586,63.672229276907025,63.234410542633185,63.611839294433594,331000,0.0,0.0
2011-07-07 00:00:00-04:00,63.785456583751085,64.08740072531775,63.55899703779971,63.891136169433594,421200,0.0,0.0
2011-07-08 00:00:00-04:00,63.657140211491075,63.89869440334167,63.17403182778989,63.70998001098633,473600,0.0,0.0
2011-07-11 00:00:00-04:00,63.166465902736284,63.34763006171383,62.91736158470168,63.18156051635742,504100,0.0,0.0
2011-07-12 00:00:00-04:00,63.090979017404806,63.596732062302706,63.06078403215805,63.136268615722656,460400,0.0,0.0
2011-07-13 00:00:00-04:00,63.75526374157652,64.34405166995955,63.68732933096572,63.92133331298828,477500,0.0,0.0
2011-07-14 00:00:00-04:00,63.9515238855002,64.27611281834953,63.34009119582566,63.619384765625,423000,0.0,0.0
2011-07-15 00:00:00-04:00,63.5061513269619,63.823195813570244,62.985303634379164,63.29479217529297,466700,0.0,0.0
2011-07-18 00:00:00-04:00,63.0230447055447,63.11362966968577,62.61542100556754,62.9249153137207,834100,0.0,0.0
2011-07-19 00:00:00-04:00,63.20422585818216,63.943983039838876,63.20422585818216,63.58919906616211,443400,0.0,0.0
2011-07-20 00:00:00-04:00,63.66468325343625,63.709978622806815,63.18157488026153,63.65713882446289,246700,0.0,0.0
2011-07-21 00:00:00-04:00,63.65713261205406,64.53276429331406,63.63448780913177,64.51766967773438,612800,0.0,0.0
2011-07-22 00:00:00-04:00,64.32894476862975,64.46481932300816,63.951516090812504,64.17042541503906,204600,0.0,0.0
2011-07-25 00:00:00-04:00,63.40802371469455,63.83074202987888,63.40802371469455,63.50615310668945,228100,0.0,0.0
2011-07-26 00:00:00-04:00,63.57410930966351,63.72507852914652,63.25707049328524,63.483524322509766,344200,0.0,0.0
2011-07-27 00:00:00-04:00,62.826779287907904,62.947553468238134,61.93604739144251,62.02662658691406,416900,0.0,0.0
2011-07-28 00:00:00-04:00,61.88322587588764,62.222909477390886,61.36992249996985,61.46805191040039,493100,0.0,0.0
2011-07-29 00:00:00-04:00,61.27178561260231,61.9889037366017,61.166106016914995,61.837928771972656,366700,0.0,0.0
2011-08-01 00:00:00-04:00,61.966243630747464,62.05682859557623,61.26423174996886,61.72468948364258,481400,0.0,0.0
2011-08-02 00:00:00-04:00,61.44540432669669,62.32858625795849,61.1736551541383,61.362369537353516,709100,0.0,0.0
2011-08-03 00:00:00-04:00,61.19630833000207,61.44541273210776,60.26028647376135,61.3397331237793,604700,0.0,0.0
2011-08-04 00:00:00-04:00,59.37708538397768,59.66392912045648,58.41841326837677,58.43351364135742,1154000,0.0,0.0
2011-08-05 00:00:00-04:00,58.87889225487873,59.18083644390451,56.99929846083047,58.44862365722656,1221000,0.0,0.0
2011-08-08 00:00:00-04:00,57.550332487034964,58.35048532958505,55.18763065512277,55.648094177246094,1192400,0.0,0.0
2011-08-09 00:00:00-04:00,57.6333690850814,58.33538679180869,55.73867514385302,58.28254699707031,1288000,0.0,0.0
2011-08-10 00:00:00-04:00,56.938902810591586,56.938902810591586,55.30840780741274,55.4291877746582,739100,0.0,0.0
2011-08-11 00:00:00-04:00,55.5197542290128,57.32386263438425,55.112130614199046,56.719974517822266,579600,0.0,0.0
2011-08-12 00:00:00-04:00,56.20669708449781,56.64451588153487,55.934947883516635,56.161407470703125,642800,0.0,0.0
2011-08-15 00:00:00-04:00,57.03703840113835,57.52014680430864,56.81058457664965,57.45976257324219,316600,0.0,0.0
2011-08-16 00:00:00-04:00,56.78792789552248,57.37671577882415,56.41049917452343,56.93134689331055,252800,0.0,0.0
2011-08-17 00:00:00-04:00,56.65961223006998,56.84078220899447,56.14630880799736,56.37276840209961,224900,0.0,0.0
2011-08-18 00:00:00-04:00,54.704527054185405,54.704527054185405,53.51940094222339,54.02515411376953,875800,0.0,0.0
2011-08-19 00:00:00-04:00,54.13084276440793,54.68189139690218,53.08914125424493,53.36843490600586,1552700,0.0,0.0
2011-08-22 00:00:00-04:00,54.017598412942455,54.09308876681128,52.87776778607266,53.24764633178711,935900,0.0,0.0
2011-08-23 00:00:00-04:00,54.070447026211305,55.01401901245117,53.67792361394231,55.01401901245117,442200,0.0,0.0
2011-08-24 00:00:00-04:00,53.813783890018875,54.49315669114597,53.72319893016699,54.41012191772461,692300,0.0,0.0
2011-08-25 00:00:00-04:00,54.681882313729055,54.93853111424051,53.549595998071645,53.7986946105957,461400,0.0,0.0
2011-08-26 00:00:00-04:00,53.7911354268024,54.553537190328534,53.28537663428452,54.08552932739258,415400,0.0,0.0
2011-08-29 00:00:00-04:00,53.859077407241315,54.62148503723511,53.753397825947744,54.42522048950195,727200,0.0,0.0
2011-08-30 00:00:00-04:00,53.51938844929891,53.828876974902506,53.187249365047045,53.549583435058594,779900,0.0,0.0
2011-08-31 00:00:00-04:00,54.07043875154628,54.500707281061295,53.813789974936306,54.22895812988281,729700,0.0,0.0
2011-09-01 00:00:00-04:00,54.04779067601129,54.478059179472005,53.64016697392664,53.723201751708984,472500,0.0,0.0
2011-09-02 00:00:00-04:00,52.92305558778304,53.00609036692504,52.10780817026447,52.34181213378906,763800,0.0,0.0
2011-09-06 00:00:00-04:00,51.209529699112515,51.69264379431502,51.05101031624689,51.53411865234375,956900,0.0,0.0
2011-09-07 00:00:00-04:00,52.62111560731506,52.83247478575134,52.29652665211486,52.7267951965332,722200,0.0,0.0
2011-09-08 00:00:00-04:00,52.53808545065675,52.94570922745837,52.138011862066136,52.364471435546875,492000,0.0,0.0
2011-09-09 00:00:00-04:00,51.63980004529042,51.8058638438327,50.998166616360564,51.17933654785156,496500,0.0,0.0
2011-09-12 00:00:00-04:00,50.749067540321754,51.511469397876986,50.613192972591236,51.4586296081543,536700,0.0,0.0
2011-09-13 00:00:00-04:00,51.81342280922212,52.19085159178295,51.60206361244504,52.12291717529297,426000,0.0,0.0
2011-09-14 00:00:00-04:00,52.42484548681095,53.006088924993286,51.76812321759581,52.51543045043945,393200,0.0,0.0
2011-09-15 00:00:00-04:00,53.232541628574815,53.776039881243435,52.95324807475146,53.753395080566406,422600,0.0,0.0
2011-09-16 00:00:00-04:00,53.964765161344374,54.01006053097665,53.15706780535995,53.45146179199219,280300,0.0,0.0
2011-09-19 00:00:00-04:00,52.73434490249238,53.60243217094718,52.39466133440841,53.47410202026367,476700,0.0,0.0
2011-09-20 00:00:00-04:00,53.40616214429424,53.86662562845755,53.07402303857513,53.164608001708984,618600,0.0,0.0
2011-09-21 00:00:00-04:00,52.92306057722697,53.07402977584253,51.48127996629348,51.55677032470703,414000,0.0,0.0
2011-09-22 00:00:00-04:00,50.877395804204625,51.345403760579984,50.077242951343294,50.55280685424805,571200,0.0,0.0
2011-09-23 00:00:00-04:00,50.71887999523982,51.254828157966884,50.45467524874809,51.21708297729492,353700,0.0,0.0
2011-09-26 00:00:00-04:00,51.60959883917746,51.934187728446666,51.00571065850304,51.911537170410156,571100,0.0,0.0
2011-09-27 00:00:00-04:00,53.06905161398289,53.16792286587081,52.06516607141318,52.32374572753906,613600,0.512,0.0
2011-09-28 00:00:00-04:00,53.00061308501247,53.593817448049386,52.48345952195134,52.58232498168945,471400,0.0,0.0
2011-09-29 00:00:00-04:00,53.62424204728828,53.928451067188355,52.536698717701,53.39608383178711,375500,0.0,0.0
2011-09-30 00:00:00-04:00,52.45303891047995,52.75724791772699,51.90546385789611,51.91307067871094,591300,0.0,0.0
2011-10-03 00:00:00-04:00,51.88264094717942,52.544289195246876,50.71904704663002,50.93199157714844,547400,0.0,0.0
2011-10-04 00:00:00-04:00,50.28556871583039,51.114532470703125,49.66194274353451,51.114532470703125,812200,0.0,0.0
2011-10-05 00:00:00-04:00,49.867271114882016,50.93199974043,49.6923490497467,50.71905517578125,565200,0.0,0.0
2011-10-06 00:00:00-04:00,50.536521051252926,51.19817513908586,50.399627302125545,51.106910705566406,424100,0.0,0.0
2011-10-07 00:00:00-04:00,51.06889660625558,51.10691910807894,50.255140797737184,50.29316329956055,582600,0.0,0.0
2011-10-10 00:00:00-04:00,51.106917809190826,51.78377982887255,51.030867005172375,51.715335845947266,341300,0.0,0.0
2011-10-11 00:00:00-04:00,51.099304579810905,51.49477214758933,50.97001186134022,51.1905632019043,363400,0.0,0.0
2011-10-12 00:00:00-04:00,51.525204120052905,51.95870007022538,51.21338829156353,51.563232421875,500900,0.0,0.0
2011-10-13 00:00:00-04:00,51.35788804736986,51.57843942931146,51.06889268601749,51.48717498779297,508000,0.0,0.0
2011-10-14 00:00:00-04:00,51.21338872396356,51.433940111324574,51.008050978381526,51.30465316772461,421800,0.0,0.0
2011-10-17 00:00:00-04:00,51.35027893107354,51.67730257901518,51.10691290020794,51.198177337646484,320600,0.0,0.0
2011-10-18 00:00:00-04:00,51.07650804543488,52.26291697199255,50.93961426142399,51.80660629272461,374400,0.0,0.0
2011-10-19 00:00:00-04:00,51.54041403132383,51.61647063802549,50.98523793715015,51.2133903503418,348100,0.0,0.0
2011-10-20 00:00:00-04:00,50.96242404875941,51.08410417717899,50.315983498125,50.795108795166016,664800,0.0,0.0
2011-10-21 00:00:00-04:00,51.106912070298854,51.53280696912559,50.97001831751594,51.41872787475586,437400,0.0,0.0
2011-10-24 00:00:00-04:00,51.23620781411654,51.913069797542505,51.23620781411654,51.7381477355957,369500,0.0,0.0
2011-10-25 00:00:00-04:00,50.80271602478467,51.09171140912071,50.308377081277186,50.43766403198242,518400,0.0,0.0
2011-10-26 00:00:00-04:00,51.09170999322335,51.09170999322335,50.5365280992504,50.871158599853516,633300,0.0,0.0
2011-10-27 00:00:00-04:00,51.96630435672574,53.0538475895316,51.94348969766681,52.673587799072266,766900,0.0,0.0
2011-10-28 00:00:00-04:00,52.63556494838426,53.09187558371582,52.422620372049835,52.97780227661133,577700,0.0,0.0
2011-10-31 00:00:00-04:00,51.10692121461114,51.22860715099253,50.72666136687652,50.73426818847656,702300,0.0,0.0
2011-11-01 00:00:00-04:00,49.66953418759124,50.179086739276286,49.54024724562372,49.63151168823242,861500,0.0,0.0
2011-11-02 00:00:00-04:00,49.33490084167487,49.890076813744386,49.20560812010106,49.31208038330078,825400,0.0,0.0
2011-11-03 00:00:00-04:00,49.631511736072376,49.80642799836076,49.061122024402586,49.730377197265625,684800,0.0,0.0
2011-11-04 00:00:00-04:00,49.57828171798045,49.73038333895523,49.2816794954662,49.570674896240234,363100,0.0,0.0
2011-11-07 00:00:00-05:00,49.66953157283738,49.80642532839184,49.33490690549615,49.798824310302734,331800,0.0,0.0
2011-11-08 00:00:00-05:00,48.31581387466393,49.28167710821159,48.31581387466393,49.137176513671875,765600,0.0,0.0
2011-11-09 00:00:00-05:00,48.84057085043825,49.1067515565723,48.52115110192527,48.68086242675781,798800,0.0,0.0
2011-11-10 00:00:00-05:00,49.22843037799079,49.22843037799079,48.71127687970084,49.015480041503906,383000,0.0,0.0
2011-11-11 00:00:00-05:00,48.521153592906586,48.82535971536969,48.42228522505875,48.764522552490234,629800,0.0,0.0
2011-11-14 00:00:00-05:00,48.84817468478359,49.09914173390676,48.71128092966919,48.90901184082031,503500,0.0,0.0
2011-11-15 00:00:00-05:00,48.67325291604498,48.84056815131251,48.36904392485892,48.627620697021484,376500,0.0,0.0
2011-11-16 00:00:00-05:00,49.02309432594588,49.02309432594588,48.25497078128551,48.32341766357422,553000,0.0,0.0
2011-11-17 00:00:00-05:00,49.08393709253157,49.26646017713803,48.58199425813563,48.92422866821289,740000,0.0,0.0
2011-11-18 00:00:00-05:00,48.69607678690367,48.80254908361475,48.23976611495543,48.3386344909668,519400,0.0,0.0
2011-11-21 00:00:00-05:00,46.96970519378419,47.10659900043363,46.391711377716696,46.53620910644531,749300,0.0,0.0
2011-11-22 00:00:00-05:00,46.70350818486222,47.38797698041206,46.70350818486222,47.10658264160156,516100,0.0,0.0
2011-11-23 00:00:00-05:00,46.733932006387775,46.733932006387775,45.91256941057599,45.92778015136719,645900,0.0,0.0
2011-11-25 00:00:00-05:00,47.266291840021026,47.85188934852404,47.10658052745923,47.235870361328125,386000,0.0,0.0
2011-11-28 00:00:00-05:00,48.76452113972668,48.985072530400586,48.59720589147032,48.80254364013672,620500,0.0,0.0
2011-11-29 00:00:00-05:00,49.03830986299063,49.23604079545227,48.74170185968919,48.9698600769043,507600,0.0,0.0
2011-11-30 00:00:00-05:00,49.897696269094126,50.48329386498697,49.7912239789318,50.1258544921875,830900,0.0,0.0
2011-12-01 00:00:00-05:00,49.867263230561676,50.34638842526874,49.81402709781645,49.98134231567383,449900,0.0,0.0
2011-12-02 00:00:00-05:00,50.71145642563503,50.8483502107392,50.27796040652269,50.36161804199219,461200,0.0,0.0
2011-12-05 00:00:00-05:00,51.738158547832036,51.85223767274158,51.39592697540872,51.75337219238281,905700,0.0,0.0
2011-12-06 00:00:00-05:00,51.15255032328259,51.37310170529511,50.825526660616326,51.03847122192383,593900,0.0,0.0
2011-12-07 00:00:00-05:00,51.79898610966453,52.217274175777774,51.38830486356341,52.057559967041016,671400,0.0,0.0
2011-12-08 00:00:00-05:00,51.73814151230816,51.8446137798848,50.95480734272144,51.053672790527344,412900,0.0,0.0
2011-12-09 00:00:00-05:00,50.55934659061938,52.202065942874086,50.55173976981933,51.867435455322266,736400,0.0,0.0
2011-12-12 00:00:00-05:00,51.06128685074489,51.06128685074489,50.308374051175306,50.56694793701172,443700,0.0,0.0
2011-12-13 00:00:00-05:00,50.65821819797059,50.95482041981197,49.63151775295775,49.92051315307617,577300,0.0,0.0
2011-12-14 00:00:00-05:00,49.66953345676038,49.90529847945447,49.35772343646756,49.60108947753906,549300,0.0,0.0
2011-12-15 00:00:00-05:00,49.83684811723347,50.011770177045484,49.59348207899765,49.71516799926758,323100,0.0,0.0
2011-12-16 00:00:00-05:00,48.74169815424977,48.88619873432109,48.292994377423746,48.445098876953125,602100,0.0,0.0
2011-12-19 00:00:00-05:00,48.63522677803536,48.89380354626679,48.11807324157249,48.148494720458984,354600,0.0,0.0
2011-12-20 00:00:00-05:00,49.114359666282105,49.114359666282105,48.62762466048202,49.0459098815918,374700,0.0,0.0
2011-12-21 00:00:00-05:00,48.77973043489911,48.95465250937848,48.55157511756603,48.86338806152344,308000,0.0,0.0
2011-12-22 00:00:00-05:00,48.93183426664016,49.220835463479595,48.718889680950966,49.05352020263672,404000,0.0,0.0
2011-12-23 00:00:00-05:00,49.38053267164489,49.43376880595917,49.09913836038172,49.3957405090332,281000,0.0,0.0
2011-12-27 00:00:00-05:00,49.20561826440786,49.20561826440786,48.87099356920906,48.947044372558594,245100,0.0,0.0
2011-12-28 00:00:00-05:00,49.28927721357125,49.395749501583204,48.711286450736225,48.86338806152344,386100,0.0,0.0
2011-12-29 00:00:00-05:00,49.12195913654738,49.66193316910199,49.083936637188565,49.63151168823242,351000,0.0,0.0
2011-12-30 00:00:00-05:00,50.0878255432616,50.51371469843248,49.973746433182384,50.29316329956055,373100,0.0,0.0
2012-01-03 00:00:00-05:00,51.25142101146977,51.639287674734824,51.190578044231195,51.54802322387695,377100,0.0,0.0
2012-01-04 00:00:00-05:00,51.89025679369403,52.23248830551899,51.76857086805581,52.0423583984375,501600,0.0,0.0
2012-01-05 00:00:00-05:00,52.095590878348744,52.346563730607585,51.99672542244551,52.18685531616211,343700,0.0,0.0
2012-01-06 00:00:00-05:00,52.1108000234074,52.17164298347516,51.88264762660934,52.10319900512695,212000,0.0,0.0
2012-01-09 00:00:00-05:00,52.095598674434484,52.255307112780265,51.882654089973435,52.03475570678711,301700,0.0,0.0
2012-01-10 00:00:00-05:00,52.10319248650322,52.40740144647845,52.0499563536803,52.22487258911133,352800,0.0,0.0
2012-01-11 00:00:00-05:00,51.867437101851145,52.23248908188752,51.60886320948301,52.17164611816406,257900,0.0,0.0
2012-01-12 00:00:00-05:00,51.76856409700595,51.95108715928594,51.62406352978654,51.821800231933594,512900,0.0,0.0
2012-01-13 00:00:00-05:00,51.768570094750146,52.05756546036753,51.71533395365473,51.91307067871094,223200,0.0,0.0
2012-01-17 00:00:00-05:00,51.66210261419131,51.73054660097358,51.418736546235344,51.441551208496094,456700,0.0,0.0
2012-01-18 00:00:00-05:00,51.3959195708088,51.73815109392688,51.16015453268094,51.60125732421875,906500,0.0,0.0
2012-01-19 00:00:00-05:00,52.16404025256577,52.696407491440375,52.14122559132769,52.5443000793457,934300,0.0,0.0
2012-01-20 00:00:00-05:00,53.51777116896725,54.316313339625765,53.46453502425668,54.30110549926758,704100,0.0,0.0
2012-01-23 00:00:00-05:00,54.17182777865527,54.44560956788539,53.99690567205528,54.110984802246094,641900,0.0,0.0
2012-01-24 00:00:00-05:00,54.7650224596531,55.061624663510024,54.377155807569224,55.00838851928711,636300,0.0,0.0
2012-01-25 00:00:00-05:00,55.67764378011181,56.575057213708405,55.426670899002396,56.445770263671875,1152600,0.0,0.0
2012-01-26 00:00:00-05:00,56.86405518500684,56.94771281585141,56.57505978901047,56.7271614074707,837900,0.0,0.0
2012-01-27 00:00:00-05:00,56.19478584017621,56.438151850030145,55.822132906841226,55.951419830322266,427000,0.0,0.0
2012-01-30 00:00:00-05:00,55.464691635556356,55.7689006194284,55.11485333490982,55.601585388183594,263100,0.0,0.0
2012-01-31 00:00:00-05:00,56.080715084672924,56.278451810273125,55.6624327755737,55.88298416137695,313200,0.0,0.0
2012-02-01 00:00:00-05:00,56.970524982688154,57.38120045317507,56.970524982688154,57.191070556640625,500500,0.0,0.0
2012-02-02 00:00:00-05:00,57.90596885069842,58.08849195202592,57.731052570931794,57.97441864013672,516300,0.0,0.0
2012-02-03 00:00:00-05:00,58.14932219621686,58.38508139227431,58.00482162970242,58.15692901611328,501200,0.0,0.0
2012-02-06 00:00:00-05:00,59.00111012983462,59.381369918035716,58.864216373990075,59.0999755859375,662900,0.0,0.0
2012-02-07 00:00:00-05:00,60.446109806142765,60.84157750692357,60.08105778808703,60.54497528076172,1041100,0.0,0.0
2012-02-08 00:00:00-05:00,61.64771484865217,61.716164627551215,61.328298019933655,61.640113830566406,1049400,0.0,0.0
2012-02-09 00:00:00-05:00,61.86067212013692,61.98235806217523,61.30549596592607,61.510833740234375,701400,0.0,0.0
2012-02-10 00:00:00-05:00,60.03542221701145,60.111473020523555,59.442217826390866,59.61713409423828,707800,0.0,0.0
2012-02-13 00:00:00-05:00,59.928953759262356,60.20274131123611,59.91374011620562,60.012611389160156,377800,0.0,0.0
2012-02-14 00:00:00-05:00,60.74269872550613,60.8415641784668,60.51454053891539,60.8415641784668,573700,0.0,0.0
2012-02-15 00:00:00-05:00,63.04707761261485,63.191572394742906,62.651604161212056,62.78849792480469,954300,0.0,0.0
2012-02-16 00:00:00-05:00,63.13073010548898,63.67069829514674,63.001437370936976,63.617462158203125,1599600,0.0,0.0
2012-02-17 00:00:00-05:00,63.69351378828174,63.73154208758434,63.214388549509714,63.39691162109375,305600,0.0,0.0
2012-02-21 00:00:00-05:00,63.25240749384894,63.495773509726604,63.016648297865316,63.290435791015625,383900,0.0,0.0
2012-02-22 00:00:00-05:00,63.868463386194286,64.15745885769513,63.83043507049134,64.11943054199219,498900,0.0,0.0
2012-02-23 00:00:00-05:00,63.792377633406986,63.96729968255931,63.39691002123745,63.9368782043457,360700,0.0,0.0
2012-02-24 00:00:00-05:00,64.04336152479232,64.56812196046981,64.04336152479232,64.2943344116211,567600,0.0,0.0
2012-02-27 00:00:00-05:00,63.11552362358616,63.76957098153457,62.94820837355688,63.57944107055664,387800,0.0,0.0
2012-02-28 00:00:00-05:00,64.0661748752878,64.49967085170655,63.95970258650456,64.37799072265625,368500,0.0,0.0
2012-02-29 00:00:00-05:00,63.60224538314396,63.830403560116906,62.87975415990207,62.90256881713867,505400,0.0,0.0
2012-03-01 00:00:00-05:00,62.796089919945636,63.41210880952276,62.75046061028892,63.17634963989258,546000,0.0,0.0
2012-03-02 00:00:00-05:00,61.913891955733106,62.05077988817193,61.472789276864646,62.03557205200195,836600,0.0,0.0
2012-03-05 00:00:00-05:00,61.891094492038675,61.94433064186661,61.51844144324316,61.78462219238281,524300,0.0,0.0
2012-03-06 00:00:00-05:00,61.07734574408651,61.084952567038805,60.613428183195495,60.955665588378906,611700,0.0,0.0
2012-03-07 00:00:00-05:00,61.16858970952023,61.45758505947514,61.04690379229464,61.38914108276367,339000,0.0,0.0
2012-03-08 00:00:00-05:00,62.49950942957176,62.78090380853375,62.408244976374796,62.75808334350586,452400,0.0,0.0
2012-03-09 00:00:00-05:00,63.465363458534505,63.83802227048897,63.38170583154918,63.73915100097656,503000,0.0,0.0
2012-03-12 00:00:00-04:00,63.26002720870263,63.26002720870263,62.82653122323449,62.95581817626953,271400,0.0,0.0
2012-03-13 00:00:00-04:00,63.19918939413607,63.87605150027165,63.1915825720713,63.860843658447266,308000,0.0,0.0
2012-03-14 00:00:00-04:00,63.92927731069607,64.03574959316224,63.35888759649699,63.533809661865234,344700,0.0,0.0
2012-03-15 00:00:00-04:00,64.72020978953574,64.97118262290525,64.48445059580871,64.9027328491211,591300,0.0,0.0
2012-03-16 00:00:00-04:00,65.22976807469311,65.29061103947677,64.90274439186159,64.94837951660156,368200,0.0,0.0
2012-03-19 00:00:00-04:00,64.79626156698914,64.86471134181505,64.48445157721464,64.8266830444336,316100,0.0,0.0
2012-03-20 00:00:00-04:00,64.21065993677888,64.53768354531321,63.959687115793734,64.38558197021484,303800,0.0,0.0
2012-03-21 00:00:00-04:00,63.93688714892002,64.05857307879793,63.72394257393815,63.85322952270508,283500,0.0,0.0
2012-03-22 00:00:00-04:00,63.86083214922811,64.43122185287994,63.853225328534265,64.2106704711914,516900,0.0,0.0
2012-03-23 00:00:00-04:00,63.39691708490553,63.70112609863281,63.100314892155126,63.70112609863281,437500,0.0,0.0
2012-03-26 00:00:00-04:00,64.02815354791697,64.33235677727494,63.731551337679676,64.14983367919922,559000,0.0,0.0
2012-03-27 00:00:00-04:00,65.84462627762274,65.95198951341318,65.49186052418878,65.67591094970703,487600,0.7,0.0
2012-03-28 00:00:00-04:00,66.7955852909346,66.82626134847341,66.11305910056038,66.48883056640625,731500,0.0,0.0
2012-03-29 00:00:00-04:00,65.7986383932145,66.08238168059398,65.5225597319169,65.9980239868164,376000,0.0,0.0
2012-03-30 00:00:00-04:00,66.81093147676334,66.83393705900397,66.36613738391063,66.58086395263672,270400,0.0,0.0
2012-04-02 00:00:00-04:00,65.69125851571633,66.70354473432783,65.6682470907081,66.48114776611328,554800,0.0,0.0
2012-04-03 00:00:00-04:00,66.45816597905544,66.54251783084482,65.75262829772603,66.12073516845703,437400,0.0,0.0
2012-04-04 00:00:00-04:00,64.24185719187217,64.30320930374586,63.62835362571359,64.11148834228516,627000,0.0,0.0
2012-04-05 00:00:00-04:00,63.88142946834538,64.36456420586111,63.820077353812046,64.31088256835938,329800,0.0,0.0
2012-04-09 00:00:00-04:00,62.585375521927304,62.90746525266344,62.424330656559235,62.65439224243164,440400,0.0,0.0
2012-04-10 00:00:00-04:00,62.853786322233404,63.206552116362666,61.87984661353504,62.07156753540039,745300,0.0,0.0
2012-04-11 00:00:00-04:00,63.206547346662276,63.33691615948683,62.70040719357843,63.275569915771484,479700,0.0,0.0
2012-04-12 00:00:00-04:00,63.01483787668785,63.73571049161863,62.899804141198636,63.65902328491211,331200,0.0,0.0
2012-04-13 00:00:00-04:00,62.79244404142735,62.80778499405593,62.17127002972979,62.43967819213867,448200,0.0,0.0
2012-04-16 00:00:00-04:00,62.7310984723138,62.769439152588,62.14826513406959,62.301639556884766,267700,0.0,0.0
2012-04-17 00:00:00-04:00,62.201940238291265,62.85379024312496,62.071571407496236,62.455013275146484,339000,0.0,0.0
2012-04-18 00:00:00-04:00,62.3553227867505,62.76177028339229,62.278635573379105,62.53937911987305,396300,0.0,0.0
2012-04-19 00:00:00-04:00,63.23723756158143,63.45196408983679,62.623734030974546,62.723426818847656,413500,0.0,0.0
2012-04-20 00:00:00-04:00,62.132913360475676,62.25561755804554,61.73413642008995,61.76481246948242,620900,0.0,0.0
2012-04-23 00:00:00-04:00,60.90592281438092,60.99795099606497,60.51481620665937,60.91359329223633,634500,0.0,0.0
2012-04-24 00:00:00-04:00,61.94887840290913,62.17894590544306,61.711146274254475,61.91053771972656,354900,0.0,0.0
2012-04-25 00:00:00-04:00,62.10990481446833,62.42432991755366,62.02554714538972,62.393653869628906,330800,0.0,0.0
2012-04-26 00:00:00-04:00,62.0715747069319,62.89214011328651,62.0715747069319,62.75410079956055,199900,0.0,0.0
2012-04-27 00:00:00-04:00,62.94581623771805,63.260235515955664,62.784771360934144,63.10686111450195,292600,0.0,0.0
2012-04-30 00:00:00-04:00,62.922802053433756,62.922802053433756,62.40132096863892,62.71574020385742,357000,0.0,0.0
2012-05-01 00:00:00-04:00,60.99794817036745,61.78016720043497,60.99794817036745,61.46574783325195,545600,0.0,0.0
2012-05-02 00:00:00-04:00,61.043966252647,61.419737780702256,60.84457477106514,61.235687255859375,317400,0.0,0.0
2012-05-03 00:00:00-04:00,61.204987730002905,61.22032868086085,60.721853093429665,60.75252914428711,389500,0.0,0.0
2012-05-04 00:00:00-04:00,60.40743880284838,60.45345581282339,60.11602504368432,60.30007553100586,595400,0.0,0.0
2012-05-07 00:00:00-04:00,60.00099477287045,60.46879442052484,59.86295543666325,60.34609603881836,252000,0.0,0.0
2012-05-08 00:00:00-04:00,59.89363357516705,60.039343393685726,59.356817166193046,59.94731521606445,437700,0.0,0.0
2012-05-09 00:00:00-04:00,60.721869808805785,62.10992784977048,60.4841376627913,61.77250289916992,790900,0.0,0.0
2012-05-10 00:00:00-04:00,61.55008986668702,61.64211216982524,61.10529589865716,61.14364242553711,477600,0.0,0.0
2012-05-11 00:00:00-04:00,62.14826425245525,62.57771731093302,61.84918003660693,61.89519119262695,448900,0.0,0.0
2012-05-14 00:00:00-04:00,61.34303298849061,61.50407788298228,61.03627830099549,61.120635986328125,385700,0.0,0.0
2012-05-15 00:00:00-04:00,60.522468917645114,60.53780987033552,59.93197095796554,60.04700469970703,429900,0.0,0.0
2012-05-16 00:00:00-04:00,59.35680067899462,59.586862282854845,58.75863231775623,58.83531951904297,563100,0.0,0.0
2012-05-17 00:00:00-04:00,59.44882982389913,59.67889730510297,59.15741608511881,59.211097717285156,881500,0.0,0.0
2012-05-18 00:00:00-04:00,58.935012884425326,59.057717088396736,58.183470113105095,58.32917404174805,365900,0.0,0.0
2012-05-21 00:00:00-04:00,58.10677850784639,58.88900320050604,58.08377293174322,58.81998062133789,566800,0.0,0.0
2012-05-22 00:00:00-04:00,59.37212819768639,59.76324048042363,58.93500477022395,59.218753814697266,282000,0.0,0.0
2012-05-23 00:00:00-04:00,59.18809769019179,59.26478490749869,58.49023055572185,59.24177932739258,241000,0.0,0.0
2012-05-24 00:00:00-04:00,59.2417805253372,59.42583102076742,58.8506681030457,59.203433990478516,358800,0.0,0.0
2012-05-25 00:00:00-04:00,59.06537697109734,59.15740511668767,58.75095771266523,58.89666748046875,199600,0.0,0.0
2012-05-29 00:00:00-04:00,59.11907199906043,59.5485309250074,58.81998777164449,59.088401794433594,435100,0.0,0.0
2012-05-30 00:00:00-04:00,58.712618713939364,58.9580212827732,58.4978921975671,58.54390335083008,489300,0.0,0.0
2012-05-31 00:00:00-04:00,58.965694427490234,59.234102585104175,58.612928584503486,58.965694427490234,294800,0.0,0.0
2012-06-01 00:00:00-04:00,58.168134801736194,58.40587275726551,57.32456379565093,57.370574951171875,574900,0.0,0.0
2012-06-04 00:00:00-04:00,57.30923027713595,57.324565379113515,56.672715304171696,57.22487258911133,584400,0.0,0.0
2012-06-05 00:00:00-04:00,57.17884369794206,57.68498972089712,57.08682140348331,57.52394485473633,247500,0.0,0.0
2012-06-06 00:00:00-04:00,58.298499666452805,58.96569063029313,58.28316456594484,58.950355529785156,397300,0.0,0.0
2012-06-07 00:00:00-04:00,59.44882352369201,59.54852215204883,58.80464400596401,58.919677734375,225500,0.0,0.0
2012-06-08 00:00:00-04:00,58.298489632541866,58.73561305751761,58.022416914903495,58.67426681518555,271200,0.0,0.0
2012-06-11 00:00:00-04:00,58.881339819748916,58.91968635178051,57.95341108300569,57.968746185302734,282200,0.0,0.0
2012-06-12 00:00:00-04:00,58.43654996120681,58.72029910625088,58.091454551738394,58.6589469909668,140900,0.0,0.0
2012-06-13 00:00:00-04:00,58.605267637666294,58.81999419867244,58.244831259894575,58.390541076660156,259600,0.0,0.0
2012-06-14 00:00:00-04:00,58.15280081003059,58.40587387194379,57.884392646270754,58.306175231933594,223300,0.0,0.0
2012-06-15 00:00:00-04:00,58.290839293900135,58.7279628259982,58.21415208404871,58.66661071777344,179000,0.0,0.0
2012-06-18 00:00:00-04:00,58.68961405939068,59.188089680720076,58.66660848239774,58.93501663208008,407800,0.0,0.0
2012-06-19 00:00:00-04:00,58.8353255867719,59.241773061281435,58.7126213713718,58.965694427490234,215000,0.0,0.0
2012-06-20 00:00:00-04:00,59.1957648615464,59.38748581953731,58.85066362664719,59.341468811035156,271200,0.0,0.0
2012-06-21 00:00:00-04:00,59.67888436072189,59.79391807637294,58.43653076323465,58.482547760009766,299800,0.0,0.0
2012-06-22 00:00:00-04:00,59.04237139741426,59.05004187226129,58.58224237117863,58.89666748046875,188700,0.0,0.0
2012-06-25 00:00:00-04:00,58.6589351445674,58.712616771884825,58.11444839581681,58.35218048095703,396000,0.0,0.0
2012-06-26 00:00:00-04:00,58.62059644306588,58.6589371205221,58.16813198255592,58.51323318481445,515200,0.0,0.0
2012-06-27 00:00:00-04:00,58.474896336050236,58.589930089178345,58.35986258292212,58.497901916503906,415100,0.0,0.0
2012-06-28 00:00:00-04:00,59.52552448666476,59.90129592194097,59.23410488918344,59.84761428833008,341500,0.0,0.0
2012-06-29 00:00:00-04:00,61.557760287782415,61.7341461368371,61.204994440532154,61.71881103515625,797000,0.0,0.0
2012-07-02 00:00:00-04:00,61.611429726017285,61.61910020076913,61.04393746239694,61.488731384277344,270700,0.0,0.0
2012-07-03 00:00:00-04:00,61.84151560813575,62.20962244487237,61.75715791327652,62.02556610107422,174700,0.0,0.0
2012-07-05 00:00:00-04:00,61.79549200917764,61.94886641394462,61.55775407567277,61.826168060302734,235200,0.0,0.0
2012-07-06 00:00:00-04:00,61.41205769074548,61.642119326158536,61.12830857112423,61.45806884765625,162300,0.0,0.0
2012-07-09 00:00:00-04:00,60.737203066352606,60.852236822522116,60.40744275245862,60.844566345214844,158600,0.0,0.0
2012-07-10 00:00:00-04:00,60.18503816379893,60.18503816379893,59.2877797462032,59.502506256103516,284000,0.0,0.0
2012-07-11 00:00:00-04:00,59.43349699646835,59.60988285225532,59.04238460379936,59.326133728027344,179900,0.0,0.0
2012-07-12 00:00:00-04:00,58.344514487848144,58.436536789172,57.84603890252968,58.21414566040039,397100,0.0,0.0
2012-07-13 00:00:00-04:00,58.06845242923647,58.80466030390789,58.06845242923647,58.7049674987793,166400,0.0,0.0
2012-07-16 00:00:00-04:00,58.436545150108046,58.628266106441544,58.30617630400749,58.459556579589844,159000,0.0,0.0
2012-07-17 00:00:00-04:00,58.22948956781265,58.336852836168624,57.83071254975607,58.19114303588867,184500,0.0,0.0
2012-07-18 00:00:00-04:00,58.20647405474804,58.79697192992406,58.19113310425301,58.651268005371094,240300,0.0,0.0
2012-07-19 00:00:00-04:00,58.80464052025939,59.11139516088602,58.76629399610926,58.85832214355469,148000,0.0,0.0
2012-07-20 00:00:00-04:00,57.823047801890134,57.984092720379266,57.60065076658803,57.61598587036133,252700,0.0,0.0
2012-07-23 00:00:00-04:00,56.98712368229028,57.09448692809109,56.56534117403228,56.925777435302734,208200,0.0,0.0
2012-07-24 00:00:00-04:00,56.34295742256,56.37363347867779,55.645090310313996,55.967185974121094,338600,0.0,0.0
2012-07-25 00:00:00-04:00,55.591409534555375,55.82914751043006,55.24631413689728,55.60675048828125,226400,0.0,0.0
2012-07-26 00:00:00-04:00,56.64203835643847,56.9411225725894,56.49632856108218,56.83375930786133,211800,0.0,0.0
2012-07-27 00:00:00-04:00,57.75401210488901,58.4748846867446,57.53928559561932,58.35218048095703,283800,0.0,0.0
2012-07-30 00:00:00-04:00,57.81536069990095,57.98407604719297,57.646645352608935,57.876712799072266,187500,0.0,0.0
2012-07-31 00:00:00-04:00,59.08071419356644,59.10371976579817,58.6435907685907,58.67426681518555,1462000,0.0,0.0
2012-08-01 00:00:00-04:00,59.1114164047838,59.29546691496196,58.666622308564705,58.827667236328125,1176600,0.0,0.0
2012-08-02 00:00:00-04:00,58.896675278505306,59.195759477700705,58.451881292214125,59.073055267333984,1199500,0.0,0.0
2012-08-03 00:00:00-04:00,61.45804657911283,62.36296939257904,61.24332012352036,62.163578033447266,1725400,0.0,0.0
2012-08-06 00:00:00-04:00,61.58844581993453,62.20195529704565,61.19733923286468,61.92587661743164,1414600,0.0,0.0
2012-08-07 00:00:00-04:00,62.86146266140225,62.88446823803486,62.600719140895556,62.64673614501953,322300,0.0,0.0
2012-08-08 00:00:00-04:00,61.7034607910413,62.2326124076643,61.64210869183842,62.07156753540039,461100,0.0,0.0
2012-08-09 00:00:00-04:00,62.35532189057696,62.738763802782415,62.31698120987197,62.54704284667969,206700,0.0,0.0
2012-08-10 00:00:00-04:00,61.79549363123942,62.53937180068807,61.7341415273788,62.49335479736328,257900,0.0,0.0
2012-08-13 00:00:00-04:00,62.15593369312412,62.4243418502006,62.04857043029352,62.10991668701172,264300,0.0,0.0
2012-08-14 00:00:00-04:00,61.73414678408755,61.83383957320598,61.46573862041552,61.61144256591797,295600,0.0,0.0
2012-08-15 00:00:00-04:00,61.44272872315631,61.7034663921496,61.38137661838421,61.51174545288086,191400,0.0,0.0
2012-08-16 00:00:00-04:00,62.74644757037574,63.23725285389359,62.5930731133491,63.12221908569336,332100,0.0,0.0
2012-08-17 00:00:00-04:00,63.329260899254166,63.329260899254166,63.17588064014357,63.321590423583984,189700,0.0,0.0
2012-08-20 00:00:00-04:00,62.884477960512484,62.90748354070195,62.57772323931366,62.631404876708984,185300,0.0,0.0
2012-08-21 00:00:00-04:00,63.29859404765033,63.45196847819471,62.69275510053893,62.80778884887695,355000,0.0,0.0
2012-08-22 00:00:00-04:00,63.060848421284376,63.413614216683236,62.90746817272515,63.23722839355469,513600,0.0,0.0
2012-08-23 00:00:00-04:00,63.29858390787689,63.37527111086459,62.76176178524592,62.930477142333984,275900,0.0,0.0
2012-08-24 00:00:00-04:00,62.761775288140385,63.29092704905948,62.6927585458604,63.252586364746094,150200,0.0,0.0
2012-08-27 00:00:00-04:00,62.88447063276755,62.88447063276755,62.52403431617401,62.570045471191406,136500,0.0,0.0
2012-08-28 00:00:00-04:00,61.96421690506459,62.209619500989504,61.88752384001479,62.033233642578125,215300,0.0,0.0
2012-08-29 00:00:00-04:00,62.04089702309661,62.19427143393464,61.87218166065954,62.117584228515625,211200,0.0,0.0
2012-08-30 00:00:00-04:00,61.82616470455178,61.83382932877316,61.366029813508675,61.52708053588867,177100,0.0,0.0
2012-08-31 00:00:00-04:00,61.02094912056697,61.27402220112137,60.59149602691799,61.059295654296875,300000,0.0,0.0
2012-09-04 00:00:00-04:00,60.35375477532859,60.62216879515813,60.12369313800804,60.376766204833984,378900,0.0,0.0
2012-09-05 00:00:00-04:00,59.88596292905121,60.26174026513512,59.82461666166978,60.15437698364258,467800,0.0,0.0
2012-09-06 00:00:00-04:00,60.86757397217608,61.63445783088676,60.86757397217608,61.59611129760742,351700,0.0,0.0
2012-09-07 00:00:00-04:00,61.971884273932396,62.6850865141043,61.90286753336398,62.631404876708984,420500,0.0,0.0
2012-09-10 00:00:00-04:00,63.03017802451975,63.06851870195451,62.600719140895556,62.64673614501953,251700,0.0,0.0
2012-09-11 00:00:00-04:00,62.263287134011605,62.516354298843304,62.20193503611261,62.3476448059082,339500,0.0,0.0
2012-09-12 00:00:00-04:00,63.09920103123674,63.2065643001081,62.72342959018696,62.93815612792969,268000,0.0,0.0
2012-09-13 00:00:00-04:00,62.416670660423016,63.68203007315546,62.28630182145625,63.605342864990234,377900,0.0,0.0
2012-09-14 00:00:00-04:00,63.78171245974669,64.21883591096491,63.689690165295275,63.78938293457031,349700,0.0,0.0
2012-09-17 00:00:00-04:00,63.46730257206109,63.490308149070295,62.42434017467875,62.432010650634766,412000,0.0,0.0
2012-09-18 00:00:00-04:00,62.31697982540567,62.54704145710222,62.224951662211566,62.43967819213867,395100,0.0,0.0
2012-09-19 00:00:00-04:00,63.014832423905354,63.41361522564606,62.9381452238347,63.02250289916992,314800,0.0,0.0
2012-09-20 00:00:00-04:00,62.79243057364394,62.922805239587476,62.4933464209849,62.83844757080078,227800,0.0,0.0
2012-09-21 00:00:00-04:00,62.94581245284233,62.99949407520914,62.50101852416992,62.50101852416992,121300,0.0,0.0
2012-09-24 00:00:00-04:00,61.61144951554825,61.772500282776775,61.38905833403418,61.734153747558594,341100,0.0,0.0
2012-09-25 00:00:00-04:00,62.86255402891709,62.994031873905236,62.19742317698483,62.243831634521484,549500,0.679,0.0
2012-09-26 00:00:00-04:00,61.470423825759084,61.51682638237079,60.74341896881415,60.84395980834961,576400,0.0,0.0
2012-09-27 00:00:00-04:00,61.87259662188474,62.12782249910136,61.60964091854443,62.065948486328125,484400,0.0,0.0
2012-09-28 00:00:00-04:00,60.480450744725054,60.75114803027662,60.37217419075628,60.720211029052734,646300,0.0,0.0
2012-10-01 00:00:00-04:00,59.64516762526637,60.016399790837674,59.459545641851825,59.60649490356445,578400,0.0,0.0
2012-10-02 00:00:00-04:00,59.55236023291445,59.66837250440312,59.219794868315866,59.43634796142578,394500,0.0,0.0
2012-10-03 00:00:00-04:00,59.513683147658945,59.78438039483864,59.34353851599039,59.6219596862793,246400,0.0,0.0
2012-10-04 00:00:00-04:00,60.88262977561822,61.15332117794942,60.85942849836555,61.083717346191406,305900,0.0,0.0
2012-10-05 00:00:00-04:00,60.29483756741017,60.4804536831419,60.00867471765839,60.09375,312500,0.0,0.0
2012-10-08 00:00:00-04:00,59.87719306278708,59.98546961511092,59.68384123354742,59.8153190612793,145500,0.0,0.0
2012-10-09 00:00:00-04:00,59.11925023733903,59.1501872344512,58.61653436036685,58.82535171508789,294400,0.0,0.0
2012-10-10 00:00:00-04:00,58.191158968186855,58.2220959658,57.440953002797656,57.618839263916016,550800,0.0,0.0
2012-10-11 00:00:00-04:00,57.8431276361285,58.17569298218257,57.8431276361285,57.889530181884766,369600,0.0,0.0
2012-10-12 00:00:00-04:00,58.1370163957833,58.26076437707939,57.634300547867824,57.75031280517578,197600,0.0,0.0
2012-10-15 00:00:00-04:00,58.97230128560455,59.04190510400045,58.647471665165924,58.94136428833008,341100,0.0,0.0
2012-10-16 00:00:00-04:00,59.36674806371149,59.84625682997595,59.35901233826636,59.79985427856445,318700,0.0,0.0
2012-10-17 00:00:00-04:00,60.27936830017997,60.333506576457054,60.05507946970933,60.31803512573242,278900,0.0,0.0
2012-10-18 00:00:00-04:00,60.85942458424539,60.89809141030301,60.495922195651815,60.720211029052734,840400,0.0,0.0
2012-10-19 00:00:00-04:00,60.65833719421124,60.712475471345215,59.98547069214927,60.19429397583008,310500,0.0,0.0
2012-10-22 00:00:00-04:00,61.02957096239804,61.207451331470104,60.57325760137338,61.07597351074219,484500,0.0,0.0
2012-10-23 00:00:00-04:00,60.186565599471564,60.20976687812918,59.83079889191718,60.07828903198242,282600,0.0,0.0
2012-10-24 00:00:00-04:00,60.15561011397522,60.248421100723604,59.71476825302038,59.83851623535156,198200,0.0,0.0
2012-10-25 00:00:00-04:00,60.75888815884661,60.94451019766844,60.341247422443466,60.67381286621094,526400,0.0,0.0
2012-10-26 00:00:00-04:00,59.784385110088245,60.031875203687235,59.444084018653655,59.830787658691406,195100,0.0,0.0
2012-10-31 00:00:00-04:00,59.521423671399745,60.132416131811354,59.521423671399745,59.915863037109375,290700,0.0,0.0
2012-11-01 00:00:00-04:00,60.016407892255074,60.41858300997932,59.83852750992409,60.364444732666016,186200,0.0,0.0
2012-11-02 00:00:00-04:00,60.681538759526084,60.71247576098304,60.09374753310331,60.17109298706055,157200,0.0,0.0
2012-11-05 00:00:00-05:00,62.112335124341556,62.97081765446588,61.555480953382094,62.91667938232422,681000,0.0,0.0
2012-11-06 00:00:00-05:00,62.77747335467822,62.98629664410082,62.59959296804545,62.83161163330078,324900,0.0,0.0
2012-11-07 00:00:00-05:00,62.24383514140922,62.25930069437257,61.470427679367326,61.62510681152344,279800,0.0,0.0
2012-11-08 00:00:00-05:00,61.122375614776495,61.25385343454867,60.526854613048336,60.596458435058594,223400,0.0,0.0
2012-11-09 00:00:00-05:00,60.78980323285569,61.13784000460483,60.67379097560598,60.82847595214844,172600,0.0,0.0
2012-11-12 00:00:00-05:00,60.163359731293106,60.34124012118562,60.08602017479071,60.09375,157700,0.0,0.0
2012-11-13 00:00:00-05:00,59.94680405860503,60.44952000539564,59.807590502580396,60.2252311706543,182100,0.0,0.0
2012-11-14 00:00:00-05:00,59.5291641155843,59.823056781602666,58.91043588113223,59.0960578918457,381000,0.0,0.0
2012-11-15 00:00:00-05:00,61.45494503111305,62.120075799359014,61.3776054791232,62.073673248291016,739400,0.0,0.0
2012-11-16 00:00:00-05:00,63.50447749371455,63.63595532605547,62.924421985661354,63.48900604248047,522300,0.0,0.0
2012-11-19 00:00:00-05:00,64.16186479478873,64.44029187702505,64.08452524986286,64.43255615234375,361900,0.0,0.0
2012-11-20 00:00:00-05:00,63.852494402285565,64.23146816602801,63.76741914108857,64.09225463867188,229000,0.0,0.0
2012-11-21 00:00:00-05:00,64.9816749126604,65.29877471923828,64.84246137085555,65.29877471923828,285200,0.0,0.0
2012-11-23 00:00:00-05:00,66.07993267557556,66.27328453298243,65.83244253411998,66.21141052246094,352900,0.0,0.0
2012-11-26 00:00:00-05:00,66.96160917837582,67.16269083911827,66.69091778843041,67.07762145996094,438500,0.0,0.0
2012-11-27 00:00:00-05:00,66.2964776799514,66.35835168288354,65.83243445921977,65.92523956298828,249500,0.0,0.0
2012-11-28 00:00:00-05:00,65.31424015319774,65.917502767044,64.81153015926948,65.82469177246094,302200,0.0,0.0
2012-11-29 00:00:00-05:00,66.20366719071218,67.01574725878393,66.16500036405098,66.907470703125,300600,0.0,0.0
2012-11-30 00:00:00-05:00,66.46661360573836,66.68316666769914,66.39700389260616,66.57489013671875,273300,0.0,0.0
2012-12-03 00:00:00-05:00,66.21913929193481,66.5671702384508,66.14179383659366,66.25007629394531,334500,0.0,0.0
2012-12-04 00:00:00-05:00,66.12633437464343,66.48983680594992,66.09539736978434,66.14179992675781,244900,0.0,0.0
2012-12-05 00:00:00-05:00,65.78602572024046,66.16499956107727,65.70095044173665,65.94844055175781,252500,0.0,0.0
2012-12-06 00:00:00-05:00,66.09539128389281,66.25007629394531,65.95617772516044,66.25007629394531,170300,0.0,0.0
2012-12-07 00:00:00-05:00,66.30421324147132,66.66770973138168,66.15726396002839,66.59037017822266,252400,0.0,0.0
2012-12-10 00:00:00-05:00,66.20367410672657,66.5517109868137,66.1727371017879,66.45116424560547,250300,0.0,0.0
2012-12-11 00:00:00-05:00,66.35836017769039,66.79920217891389,66.30422189335174,66.55171203613281,272900,0.0,0.0
2012-12-12 00:00:00-05:00,66.69863898276395,67.2864301396079,66.69863898276395,67.11627960205078,328700,0.0,0.0
2012-12-13 00:00:00-05:00,66.45115642268334,66.51303042527658,65.7396230947501,66.42021942138672,359600,0.0,0.0
2012-12-14 00:00:00-05:00,66.26554811660388,66.51303825548278,66.25781239021163,66.45116424560547,168000,0.0,0.0
2012-12-17 00:00:00-05:00,66.4047685504298,66.96935272216797,66.4047685504298,66.96935272216797,168100,0.0,0.0
2012-12-18 00:00:00-05:00,68.07531009349616,69.08847770083003,67.82781998572757,69.02660369873047,612500,0.0,0.0
2012-12-19 00:00:00-05:00,70.65849310882292,70.69716583500993,70.07843761979512,70.18671417236328,561500,0.0,0.0
2012-12-20 00:00:00-05:00,71.40096978019807,71.68713263780882,71.01426608643602,71.6407241821289,754700,0.0,0.0
2012-12-21 00:00:00-05:00,69.95469645432138,70.38780860755872,69.74587905413722,70.20218658447266,531400,0.0,0.0
2012-12-24 00:00:00-05:00,70.30273398104177,70.67396622943296,70.23312424657455,70.519287109375,163600,0.0,0.0
2012-12-26 00:00:00-05:00,70.01656388810578,70.35686499784896,69.72267123009186,69.88508605957031,586400,0.0,0.0
2012-12-27 00:00:00-05:00,70.93693494819,71.62526713274268,70.61983504936218,71.57112884521484,684600,0.0,0.0
2012-12-28 00:00:00-05:00,71.37776163697401,71.50150373874769,71.0529319816099,71.20761108398438,509000,0.0,0.0
2012-12-31 00:00:00-05:00,71.18441702216744,72.20531454292843,71.18441702216744,72.1202392578125,521400,0.0,0.0
2013-01-02 00:00:00-05:00,73.30354250478152,74.23936462402344,73.30354250478152,74.23936462402344,535700,0.0,0.0
2013-01-03 00:00:00-05:00,73.75984954833984,74.34763479388228,73.56649774110456,73.75984954833984,539800,0.0,0.0
2013-01-04 00:00:00-05:00,74.85035633166454,75.44588324732446,74.55646368667442,75.28346252441406,743800,0.0,0.0
2013-01-07 00:00:00-05:00,73.74439239281382,74.12336035627182,73.00192201719753,73.88360595703125,325500,0.0,0.0
2013-01-08 00:00:00-05:00,72.67708568203837,72.916840059334,72.08155875048342,72.64614868164062,501000,0.0,0.0
2013-01-09 00:00:00-05:00,73.54330587072606,73.9841537475586,73.4814377640151,73.9841537475586,379000,0.0,0.0
2013-01-10 00:00:00-05:00,74.46365379578862,75.10558327004217,74.28577342138979,74.9122314453125,452000,0.0,0.0
2013-01-11 00:00:00-05:00,74.23937282797137,74.62607651835656,74.23937282797137,74.33218383789062,495100,0.0,0.0
2013-01-14 00:00:00-05:00,74.69568652866508,75.04371749105367,74.57193851497931,74.86583709716797,602800,0.0,0.0
2013-01-15 00:00:00-05:00,73.9222786752942,74.68795032806183,73.70572555335022,74.57967376708984,1054800,0.0,0.0
2013-01-16 00:00:00-05:00,72.9555199521781,73.85266944933113,72.8549732158503,73.19527435302734,700400,0.0,0.0
2013-01-17 00:00:00-05:00,74.21617087462884,75.15199308876117,73.93000802212359,74.8503646850586,744600,0.0,0.0
2013-01-18 00:00:00-05:00,74.22389945175007,74.25483645179503,73.82946007696363,74.16202545166016,517600,0.0,0.0
2013-01-22 00:00:00-05:00,72.98644983781385,73.43502159232962,72.81629928581879,73.34221649169922,558400,0.0,0.0
2013-01-23 00:00:00-05:00,72.85495752181396,73.15658586456202,72.80855497696928,73.04830932617188,422400,0.0,0.0
2013-01-24 00:00:00-05:00,73.4659346974434,74.35535399318174,73.4659346974434,74.04598999023438,521900,0.0,0.0
2013-01-25 00:00:00-05:00,74.59512371886919,74.61833089190722,74.18521883796271,74.32443237304688,372900,0.0,0.0
2013-01-28 00:00:00-05:00,73.62838040449634,73.62838040449634,73.09473332335675,73.30355072021484,416500,0.0,0.0
2013-01-29 00:00:00-05:00,73.68250308367199,74.123344962033,73.61289926633388,73.93772888183594,370400,0.0,0.0
2013-01-30 00:00:00-05:00,74.33990393966317,74.48684729869765,73.89906206130216,73.93772888183594,256800,0.0,0.0
2013-01-31 00:00:00-05:00,73.93772990664412,73.97640262834273,73.55876201663906,73.75984954833984,329700,0.0,0.0
2013-02-01 00:00:00-05:00,75.2061153824128,76.00272386391511,75.16744856232388,75.89444732666016,535000,0.0,0.0
2013-02-04 00:00:00-05:00,76.13421636316603,76.27342991294064,75.50775243886561,75.66243743896484,650500,0.0,0.0
2013-02-05 00:00:00-05:00,76.96175365085978,77.08549573698754,75.94858618633417,76.45903778076172,714500,0.0,0.0
2013-02-06 00:00:00-05:00,78.69417624880494,79.50625610351562,78.46988747083124,79.50625610351562,1104900,0.0,0.0
2013-02-07 00:00:00-05:00,79.90842521878102,80.12497827320303,79.19689206835783,79.50625610351562,682000,0.0,0.0
2013-02-08 00:00:00-05:00,80.89840669045847,81.13043125301607,80.46530046768937,80.78239440917969,779500,0.0,0.0
2013-02-11 00:00:00-05:00,81.26964503851245,81.98117837809573,81.26964503851245,81.92704010009766,700100,0.0,0.0
2013-02-12 00:00:00-05:00,81.28508838647558,81.37789936653417,80.94479326085033,81.0762710571289,455300,0.0,0.0
2013-02-13 00:00:00-05:00,80.95254554093864,81.14589737756111,80.44982958559432,80.5967788696289,855600,0.0,0.0
2013-02-14 00:00:00-05:00,79.66095733143639,80.04766100780259,79.33612765943994,79.38253021240234,535300,0.0,0.0
2013-02-15 00:00:00-05:00,79.63001247977186,79.73828902643072,79.21237184238946,79.3515853881836,478700,0.0,0.0
2013-02-19 00:00:00-05:00,78.70965554402765,79.4211947193684,78.57817772382363,79.28971099853516,753100,0.0,0.0
2013-02-20 00:00:00-05:00,80.27194144867192,80.42662054278115,79.30518235891621,79.3438491821289,602100,0.0,0.0
2013-02-21 00:00:00-05:00,78.70194191062056,78.81795420551441,77.59596904714276,78.19149017333984,608600,0.0,0.0
2013-02-22 00:00:00-05:00,78.91074307024623,79.15049743652344,78.46990116093986,79.15049743652344,694400,0.0,0.0
2013-02-25 00:00:00-05:00,78.98808391373564,79.25878118406075,76.83027687993884,76.89215087890625,697300,0.0,0.0
2013-02-26 00:00:00-05:00,79.08090181439752,79.490806767232,78.50084629986648,79.24331665039062,845700,0.0,0.0
2013-02-27 00:00:00-05:00,77.71971896526891,78.73288681498384,77.58050537755554,78.5859375,434600,0.0,0.0
2013-02-28 00:00:00-05:00,79.57587420644244,79.7228234771777,78.94168047574233,79.3515853881836,538800,0.0,0.0
2013-03-01 00:00:00-05:00,79.14275368394347,79.62999805564921,78.88752791278077,79.42118072509766,925800,0.0,0.0
2013-03-04 00:00:00-05:00,78.89526367465356,79.2432945259513,78.485358836263,79.22782897949219,244900,0.0,0.0
2013-03-05 00:00:00-05:00,79.45214052464769,80.27968616210985,79.30519123835025,79.89298248291016,2210200,0.0,0.0
2013-03-06 00:00:00-05:00,80.6122497506845,80.91387814163151,80.2178103545885,80.78239440917969,606300,0.0,0.0
2013-03-07 00:00:00-05:00,79.81562158434342,80.30287190226804,79.73828204359262,79.86203002929688,399000,0.0,0.0
2013-03-08 00:00:00-05:00,79.98577969579658,80.43435733554972,79.66095005347712,80.1946029663086,420600,0.0,0.0
2013-03-11 00:00:00-04:00,80.35702524621897,80.58131408691406,80.22554741221387,80.58131408691406,174300,0.0,0.0
2013-03-12 00:00:00-04:00,79.61454771464572,80.0012513567015,79.30518362087523,79.47533416748047,398500,0.0,0.0
2013-03-13 00:00:00-04:00,79.39798578188282,79.85429319641776,79.29743906973682,79.62226867675781,180500,0.0,0.0
2013-03-14 00:00:00-04:00,79.7150804329948,80.15592230409433,79.69187916093092,80.07858276367188,196600,0.0,0.0
2013-03-15 00:00:00-04:00,80.54261803627502,80.58902057586833,80.05537366866089,80.38020324707031,285600,0.0,0.0
2013-03-18 00:00:00-04:00,79.99351573737175,80.14046500974848,79.42892582294748,79.56040954589844,481500,0.0,0.0
2013-03-19 00:00:00-04:00,80.19459525109401,80.4343495972693,79.35157832641109,79.7769546508789,242400,0.0,0.0
2013-03-20 00:00:00-04:00,79.97032071333695,80.92934416968266,79.97032071333695,80.65091705322266,308800,0.0,0.0
2013-03-21 00:00:00-04:00,80.66638109274491,80.66638109274491,79.85430109424664,80.07085418701172,342100,0.0,0.0
2013-03-22 00:00:00-04:00,80.18685851086633,80.47302129830341,80.1327202430408,80.4266128540039,175500,0.0,0.0
2013-03-25 00:00:00-04:00,80.64317370366685,80.65864515346851,79.27424542768034,79.90070343017578,295500,0.0,0.0
2013-03-26 00:00:00-04:00,81.30458209394327,81.39854177715847,80.7486674089861,81.11666870117188,277800,1.263,0.0
2013-03-27 00:00:00-04:00,80.34935478195177,80.80347833129284,80.20058677215462,80.72518157958984,657700,0.0,0.0
2013-03-28 00:00:00-04:00,80.3650131225586,80.39633301850934,80.02050024075963,80.3650131225586,327200,0.0,0.0
2013-04-01 00:00:00-04:00,79.76995247109257,79.77778393902763,78.98697294005987,79.25318908691406,334900,0.0,0.0
2013-04-02 00:00:00-04:00,78.15700389046835,78.57981348558714,78.06304421144456,78.2587890625,498800,0.0,0.0
2013-04-03 00:00:00-04:00,80.24756645402088,80.32586320848075,78.81471852379266,78.98696899414062,559800,0.0,0.0
2013-04-04 00:00:00-04:00,82.40076182155576,82.90969969693398,82.07191186158568,82.70612335205078,1709400,0.0,0.0
2013-04-05 00:00:00-04:00,82.43208547228808,83.55957792770826,82.1815322570458,83.38732147216797,1578300,0.0,0.0
2013-04-08 00:00:00-04:00,84.17028666971206,85.14117946658007,83.91190203044319,85.11769104003906,1075600,0.0,0.0
2013-04-09 00:00:00-04:00,83.89624504472079,84.52262498903683,83.65351736533462,84.18594360351562,686500,0.0,0.0
2013-04-10 00:00:00-04:00,85.07072305623684,85.3291077224443,84.8671467155589,85.1725082397461,592600,0.0,0.0
2013-04-11 00:00:00-04:00,88.0852073325702,88.97780362231408,87.55278095152471,88.69593048095703,2010500,0.0,0.0
2013-04-12 00:00:00-04:00,88.68026464052133,88.96213775366436,87.69370874452072,88.55498504638672,580800,0.0,0.0
2013-04-15 00:00:00-04:00,87.9207648554283,88.47667955882608,86.91072062858136,86.98118591308594,567700,0.0,0.0
2013-04-16 00:00:00-04:00,88.06954440566804,88.34358605963838,87.74851991554561,88.09303283691406,327500,0.0,0.0
2013-04-17 00:00:00-04:00,88.27310351954513,88.41404006268337,87.17693106998769,87.427490234375,646800,0.0,0.0
2013-04-18 00:00:00-04:00,87.16129471944214,87.16129471944214,86.4331234033191,86.55840301513672,312200,0.0,0.0
2013-04-19 00:00:00-04:00,87.45098735938147,88.00690211991667,87.0908174852457,87.89728546142578,372300,0.0,0.0
2013-04-22 00:00:00-04:00,87.34919373490875,88.23396441965477,87.12996042410221,87.87379455566406,773600,0.0,0.0
2013-04-23 00:00:00-04:00,87.86595658775659,88.60978469063268,87.79548532954789,88.42970275878906,705100,0.0,0.0
2013-04-24 00:00:00-04:00,88.82118477706099,89.48671607030234,88.61760846105655,89.01692962646484,622200,0.0,0.0
2013-04-25 00:00:00-04:00,90.26188885794488,91.05269993993714,89.71380551814454,90.70035552978516,544900,0.0,0.0
2013-04-26 00:00:00-04:00,90.31668113527247,90.76297919652637,90.11310479939861,90.41847229003906,387700,0.0,0.0
2013-04-29 00:00:00-04:00,90.79429122605819,91.4676539932825,90.66118616068239,91.24842071533203,172900,0.0,0.0
2013-04-30 00:00:00-04:00,90.75515483662586,91.13098164360893,90.68468357677942,91.06051635742188,334700,0.0,0.0
2013-05-01 00:00:00-04:00,89.47107096129888,89.84690377543657,89.00911589203248,89.04043579101562,632000,0.0,0.0
2013-05-02 00:00:00-04:00,88.54714570473341,89.83906302948515,88.35140083654858,89.55718994140625,461000,0.0,0.0
2013-05-03 00:00:00-04:00,90.0034841549318,90.3636599538172,89.92518740573634,89.97999572753906,437600,0.0,0.0
2013-05-06 00:00:00-04:00,90.04265078981446,90.23839568283579,89.91737119092397,90.0661392211914,241700,0.0,0.0
2013-05-07 00:00:00-04:00,91.23278211500897,92.05491310025575,90.7943154421629,90.88827514648438,560500,0.0,0.0
2013-05-08 00:00:00-04:00,92.18801694233339,93.76180761968111,91.26410077026611,93.72265625,946500,0.0,0.0
2013-05-09 00:00:00-04:00,91.97660298269622,92.92400746252484,91.73388124883999,92.5011978149414,1061800,0.0,0.0
2013-05-10 00:00:00-04:00,93.80876656020747,95.03804406519477,93.63651012438035,94.95974731445312,1370800,0.0,0.0
2013-05-13 00:00:00-04:00,96.52570593636364,97.75498343768881,96.36911243534685,97.73932647705078,1251400,0.0,0.0
2013-05-14 00:00:00-04:00,96.28299310165737,97.38699112510693,95.91499176928761,97.2069091796875,1332800,0.0,0.0
2013-05-15 00:00:00-04:00,98.35005794181812,99.12520599365234,98.16997002388712,99.12520599365234,807900,0.0,0.0
2013-05-16 00:00:00-04:00,98.65542765981073,98.84334108749027,97.7784883745392,97.9664077758789,571900,0.0,0.0
2013-05-17 00:00:00-04:00,98.90598522481585,99.80641298132221,98.87466532321923,99.68896484375,605600,0.0,0.0
2013-05-20 00:00:00-04:00,100.3388263799833,100.98870085199098,100.29968695962671,100.73031616210938,667600,0.0,0.0
2013-05-21 00:00:00-04:00,101.54461917439944,101.77167798578927,101.0983150987205,101.56810760498047,513100,0.0,0.0
2013-05-22 00:00:00-04:00,101.78733074070777,102.5624847143063,99.83771353991419,100.0960922241211,917700,0.0,0.0
2013-05-23 00:00:00-04:00,95.89932856842418,97.85677725269946,93.87140862521215,97.6062240600586,1491500,0.0,0.0
2013-05-24 00:00:00-04:00,94.74052943555013,95.33559559058008,93.59737996250585,94.37252807617188,1252400,0.0,0.0
2013-05-28 00:00:00-04:00,96.13420999864516,97.41829573972352,96.1107215723762,96.44740295410156,658700,0.0,0.0
2013-05-29 00:00:00-04:00,94.19244256998908,94.27073933051938,92.94750197501564,93.62086486816406,930500,0.0,0.0
2013-05-30 00:00:00-04:00,94.20810946422353,94.86581546406642,94.12198122646242,94.3177261352539,558700,0.0,0.0
2013-05-31 00:00:00-04:00,92.72826543734244,93.54256486064392,91.99226277185348,92.03924560546875,657000,0.0,0.0
2013-06-03 00:00:00-04:00,90.49676113571616,91.09965264963687,88.97777917723451,90.99003601074219,1238900,0.0,0.0
2013-06-04 00:00:00-04:00,92.63431446314384,93.08844406432577,91.67907839640263,92.59516906738281,618800,0.0,0.0
2013-06-05 00:00:00-04:00,90.24621080410694,90.84127087006819,89.68246465853609,89.94084930419922,514700,0.0,0.0
2013-06-06 00:00:00-04:00,88.8838324511156,89.6511550088593,87.91293951927754,89.635498046875,695700,0.0,0.0
2013-06-07 00:00:00-04:00,89.62766456999911,92.03141140273645,88.93863878494116,91.65557861328125,1392700,0.0,0.0
2013-06-10 00:00:00-04:00,95.27294172347476,95.3903898381826,94.27856042942139,94.85796356201172,857200,0.0,0.0
2013-06-11 00:00:00-04:00,94.2237397515289,94.95191084501707,93.3859520180454,93.89488983154297,861800,0.0,0.0
2013-06-12 00:00:00-04:00,94.70920594330921,94.99891052822043,92.68129176991049,93.27635192871094,595500,0.0,0.0
2013-06-13 00:00:00-04:00,93.30766789138885,95.01456348259374,93.18239427459034,94.97541809082031,449600,0.0,0.0
2013-06-14 00:00:00-04:00,92.93183509626608,93.37813315469334,91.4441729102888,91.9061279296875,591500,0.0,0.0
2013-06-17 00:00:00-04:00,93.99669484278328,94.6543947797647,93.59737361038185,94.25507354736328,586200,0.0,0.0
2013-06-18 00:00:00-04:00,95.86801269591261,96.25950244919724,95.44520304552606,95.75056457519531,721300,0.0,0.0
2013-06-19 00:00:00-04:00,96.07157935370702,96.44741213074566,94.51345186847581,94.5682601928711,616500,0.0,0.0
2013-06-20 00:00:00-04:00,93.15107232979611,93.28417741148792,91.27192032983913,91.65557861328125,747000,0.0,0.0
2013-06-21 00:00:00-04:00,93.47208304751324,93.76961905674357,92.07838060530493,93.60519409179688,765500,0.0,0.0
2013-06-24 00:00:00-04:00,91.88264353985315,92.13319674202366,90.26187620657464,91.2406005859375,653500,0.0,0.0
2013-06-25 00:00:00-04:00,91.96094409061682,92.227160239093,91.31890111020464,91.8356704711914,320200,0.0,0.0
2013-06-26 00:00:00-04:00,92.25847092643914,92.46987275158969,91.54595675263774,92.43855285644531,544900,0.0,0.0
2013-06-27 00:00:00-04:00,94.50563156190627,95.55482729037053,94.29422970674693,95.31993103027344,641700,0.0,0.0
2013-06-28 00:00:00-04:00,94.98324373810604,95.2651168434317,94.23941558295535,94.47431182861328,466100,0.0,0.0
2013-07-01 00:00:00-04:00,95.8288685787594,96.64316804401692,94.94410381993787,96.3221435546875,604100,0.0,0.0
2013-07-02 00:00:00-04:00,97.63754043432056,98.13864683218739,96.99549748869995,97.45745849609375,620300,0.0,0.0
2013-07-03 00:00:00-04:00,96.70580749129434,97.49661254882812,96.40044593964069,97.49661254882812,170300,0.0,0.0
2013-07-05 00:00:00-04:00,98.59277728665047,98.63976011877722,97.3634997095953,98.0838394165039,335600,0.0,0.0
2013-07-08 00:00:00-04:00,97.77846548469371,98.02901865416558,97.37131882442395,97.79412841796875,324400,0.0,0.0
2013-07-09 00:00:00-04:00,99.1721722355661,99.1721722355661,98.24825631799597,98.81199645996094,454700,0.0,0.0
2013-07-10 00:00:00-04:00,99.22700211450802,99.44623543518505,98.85900076608876,99.25831604003906,290900,0.0,0.0
2013-07-11 00:00:00-04:00,100.63635467303676,101.33320595356345,100.4327843030727,101.23141479492188,346000,0.0,0.0
2013-07-12 00:00:00-04:00,101.17660776424785,101.54460906982422,101.05916562302924,101.54460906982422,297400,0.0,0.0
2013-07-15 00:00:00-04:00,101.77951025242167,101.77951025242167,101.16094975238688,101.50546264648438,241700,0.0,0.0
2013-07-16 00:00:00-04:00,101.30190027833561,101.36454007742147,100.28402445100059,100.93389892578125,636000,0.0,0.0
2013-07-17 00:00:00-04:00,102.42154178426553,102.96179952604922,101.56027154217256,102.44503021240234,634200,0.0,0.0
2013-07-18 00:00:00-04:00,101.81082162766508,102.67210384135224,101.61507675612879,102.4137191772461,480000,0.0,0.0
2013-07-19 00:00:00-04:00,101.78733314503704,102.21013681051153,101.6150767023907,102.06920623779297,359300,0.0,0.0
2013-07-22 00:00:00-04:00,101.78734342614963,102.39806653092093,101.78734342614963,102.0222396850586,301500,0.0,0.0
2013-07-23 00:00:00-04:00,102.06138063492169,102.06138063492169,101.04350491509511,101.38018035888672,315500,0.0,0.0
2013-07-24 00:00:00-04:00,101.28622153038924,101.30970995796474,100.2761833026876,100.55804443359375,300100,0.0,0.0
2013-07-25 00:00:00-04:00,99.34442543914331,99.97081135691491,98.89030192110067,99.86902618408203,302200,0.0,0.0
2013-07-26 00:00:00-04:00,97.52792233844983,97.52792233844983,96.24383646622991,97.47311401367188,616800,0.0,0.0
2013-07-29 00:00:00-04:00,94.59958789429653,95.00673462716155,94.04367313708669,94.15328979492188,650900,0.0,0.0
2013-07-30 00:00:00-04:00,96.31429135226071,96.57266999734075,95.79752211478389,95.98543548583984,437900,0.0,0.0
2013-07-31 00:00:00-04:00,95.68792743066312,95.88367231272576,94.9284363324745,95.44520568847656,363700,0.0,0.0
2013-08-01 00:00:00-04:00,98.85116948092255,99.336618958792,98.57712782956882,98.84333801269531,622900,0.0,0.0
2013-08-02 00:00:00-04:00,101.64639465878338,105.655245490481,101.04349715645893,105.17762756347656,1166200,0.0,0.0
2013-08-05 00:00:00-04:00,101.13745349127264,101.76383943682484,100.34664855274536,101.4036636352539,792600,0.0,0.0
2013-08-06 00:00:00-04:00,101.53677389366193,101.81082149237609,101.08265630594177,101.55243682861328,494600,0.0,0.0
2013-08-07 00:00:00-04:00,100.6206973825754,101.04351302886896,99.82989234036526,99.87686920166016,593400,0.0,0.0
2013-08-08 00:00:00-04:00,100.21353026631087,100.5971884940699,99.5479989807856,100.2448501586914,381700,0.0,0.0
2013-08-09 00:00:00-04:00,100.61288352180554,100.79296549336509,99.67331034530739,99.88471221923828,318700,0.0,0.0
2013-08-12 00:00:00-04:00,100.61286966768851,100.61286966768851,100.00997805762317,100.47193908691406,294400,0.0,0.0
2013-08-13 00:00:00-04:00,100.79294318089755,102.21797154186373,100.5815473274238,101.94392395019531,296300,0.0,0.0
2013-08-14 00:00:00-04:00,101.57592314249449,101.76384251604176,101.03566539744982,101.21575927734375,136700,0.0,0.0
2013-08-15 00:00:00-04:00,100.96520256918186,100.97304001034445,99.43839495733225,99.79073333740234,335400,0.0,0.0
2013-08-16 00:00:00-04:00,100.69115947661658,101.48196439987967,100.52672853949719,100.91039276123047,282600,0.0,0.0
2013-08-19 00:00:00-04:00,100.91040009818825,101.1061449699198,100.13524610509656,100.37796783447266,196100,0.0,0.0
2013-08-20 00:00:00-04:00,98.88248919706702,99.58717199471455,98.60844754622073,99.25831604003906,299900,0.0,0.0
2013-08-21 00:00:00-04:00,97.24606634861063,97.48096262391556,95.94632328659517,96.1968765258789,437300,0.0,0.0
2013-08-22 00:00:00-04:00,97.33217483050935,97.95856078842017,97.21473269035288,97.69234466552734,184600,0.0,0.0
2013-08-23 00:00:00-04:00,99.93950296212253,99.93950296212253,98.67890548847276,99.44622802734375,204300,0.0,0.0
2013-08-26 00:00:00-04:00,98.86682307305033,98.94512580533322,97.85678473159038,98.02120971679688,182900,0.0,0.0
2013-08-27 00:00:00-04:00,97.58272833128164,97.85677592228181,96.87022012619525,97.12077331542969,330000,0.0,0.0
2013-08-28 00:00:00-04:00,96.94069445983943,97.59840037651314,96.52571626146259,97.01899719238281,173700,0.0,0.0
2013-08-29 00:00:00-04:00,96.90154123505984,97.85677714774715,96.79975008044472,97.00332641601562,239500,0.0,0.0
2013-08-30 00:00:00-04:00,94.89710641805613,95.14765960170386,94.44298287958522,94.57608795166016,396500,0.0,0.0
2013-09-03 00:00:00-04:00,97.08945222421703,98.07600800815219,96.87021893304458,97.32434844970703,575200,0.0,0.0
2013-09-04 00:00:00-04:00,97.25388169080966,99.03124847753195,97.08945671482529,98.53013610839844,410500,0.0,0.0
2013-09-05 00:00:00-04:00,97.69234847785812,98.64758441280246,97.56707486558282,98.37354278564453,315300,0.0,0.0
2013-09-06 00:00:00-04:00,98.62408852914827,99.02340971205743,97.35565969890334,98.30307006835938,307100,0.0,0.0
2013-09-09 00:00:00-04:00,98.35788330164134,99.3444331341078,98.30307497761542,99.28179931640625,258300,0.0,0.0
2013-09-10 00:00:00-04:00,99.43838610930278,99.96298088580758,99.31310653503716,99.73591613769531,395400,0.0,0.0
2013-09-11 00:00:00-04:00,98.98427299509792,100.02563722730716,98.89031927250814,99.87686920166016,265600,0.0,0.0
2013-09-12 00:00:00-04:00,98.70239545607883,99.07039678282102,98.27176030830405,98.58495330810547,328200,0.0,0.0
2013-09-13 00:00:00-04:00,98.74154156982274,99.36009606877766,98.52230827371908,99.28179931640625,219300,0.0,0.0
2013-09-16 00:00:00-04:00,100.22136435909981,100.58936563714128,99.82204318785705,100.02561950683594,163700,0.0,0.0
2013-09-17 00:00:00-04:00,98.96077465427668,99.64979443679447,98.73370989132371,99.2661361694336,286600,0.0,0.0
2013-09-18 00:00:00-04:00,99.82205001112163,102.70341467234572,99.68894493616202,102.51549530029297,594200,0.0,0.0
2013-09-19 00:00:00-04:00,102.22579703547882,102.46069326443481,101.60724851496923,101.94392395019531,629500,0.0,0.0
2013-09-20 00:00:00-04:00,102.10052524151749,102.34325892992175,101.1922780728321,101.35669708251953,408000,0.0,0.0
2013-09-23 00:00:00-04:00,101.32538318603467,101.74818687266584,100.87907912212232,101.61508178710938,296300,0.0,0.0
2013-09-24 00:00:00-04:00,102.27278405093529,102.84436771921337,101.73252625486626,102.2258071899414,221600,0.0,0.0
2013-09-25 00:00:00-04:00,102.87210411239744,103.03012337018521,102.31903068209193,102.59557342529297,260900,1.178,0.0
2013-09-26 00:00:00-04:00,103.40146747990809,104.56292762424333,103.31455508624711,104.27848815917969,247500,0.0,0.0
2013-09-27 00:00:00-04:00,102.64298680625241,103.33827401141028,102.6034789743906,102.91951751708984,179600,0.0,0.0
2013-09-30 00:00:00-04:00,100.73090306073712,101.32349029955786,99.98820537564087,101.15756225585938,358500,0.0,0.0
2013-10-01 00:00:00-04:00,101.15756430228018,101.5052138819419,100.13042713299006,100.59658813476562,305700,0.0,0.0
2013-10-02 00:00:00-04:00,100.40697768217841,101.07856862167513,99.65637107964193,100.86524200439453,225000,0.0,0.0
2013-10-03 00:00:00-04:00,101.52892926061223,101.52892926061223,100.26475702795754,100.93634796142578,177000,0.0,0.0
2013-10-04 00:00:00-04:00,100.7151085913436,101.35509440205404,100.35955623024482,101.14176177978516,155400,0.0,0.0
2013-10-07 00:00:00-04:00,99.12699596118921,99.82228916079052,98.96897669747707,99.03218078613281,289600,0.0,0.0
2013-10-08 00:00:00-04:00,99.15069817091502,99.20600551597616,97.57838419442125,97.7206039428711,291200,0.0,0.0
2013-10-09 00:00:00-04:00,100.8731500805885,101.23660529286633,99.53787082350037,101.20499420166016,565200,0.0,0.0
2013-10-10 00:00:00-04:00,102.76148479774182,103.50418853759766,102.50074760889268,103.50418853759766,364200,0.0,0.0
2013-10-11 00:00:00-04:00,103.29877935898905,104.01776885986328,102.63507912234692,104.01776885986328,568300,0.0,0.0
2013-10-14 00:00:00-04:00,102.7140898549534,103.64641196055634,102.63507419416457,103.30667114257812,317100,0.0,0.0
2013-10-15 00:00:00-04:00,102.99851841953246,103.03011744683471,102.31902479962316,102.40593719482422,439300,0.0,0.0
2013-10-16 00:00:00-04:00,102.31902492897528,103.06172866052388,101.76595152976756,102.9037094116211,187900,0.0,0.0
2013-10-17 00:00:00-04:00,102.27952839335383,102.80100282278485,102.08200129639636,102.79310607910156,317700,0.0,0.0
2013-10-18 00:00:00-04:00,101.92399433898002,102.63508715146367,101.68695938278591,102.33485412597656,357700,0.0,0.0
2013-10-21 00:00:00-04:00,102.21633436303723,103.50421509584567,102.05831507182066,102.2242431640625,561200,0.0,0.0
2013-10-22 00:00:00-04:00,104.71307662372467,104.71307662372467,102.37436225795058,103.27508544921875,344300,0.0,0.0
2013-10-23 00:00:00-04:00,102.12941011071037,102.42175842449069,101.5684398834763,102.12151336669922,327400,0.0,0.0
2013-10-24 00:00:00-04:00,102.39805171635516,102.71409024852713,101.97929523598356,102.5718765258789,164200,0.0,0.0
2013-10-25 00:00:00-04:00,101.77386341248022,102.24002448572324,101.52893173183043,101.6790542602539,308200,0.0,0.0
2013-10-28 00:00:00-04:00,101.92398829838524,101.92398829838524,101.30770468246423,101.42621612548828,282800,0.0,0.0
2013-10-29 00:00:00-04:00,101.5289369422096,101.92399117155671,101.42621898462788,101.88448333740234,302200,0.0,0.0
2013-10-30 00:00:00-04:00,102.74568822546165,103.09333784094336,102.42175295294196,102.87210845947266,478700,0.0,0.0
2013-10-31 00:00:00-04:00,102.98271946342199,103.03012403545476,102.12150425523562,102.25582122802734,373900,0.0,0.0
2013-11-01 00:00:00-04:00,102.32692512764916,102.83259397487346,101.89237519251452,102.52445220947266,202400,0.0,0.0
2013-11-04 00:00:00-05:00,102.71407386934531,102.71407386934531,102.08989364820584,102.42173767089844,201500,0.0,0.0
2013-11-05 00:00:00-05:00,101.75804824917135,102.08199556345198,101.2523793916026,101.60002899169922,498500,0.0,0.0
2013-11-06 00:00:00-05:00,102.99062490976081,102.99062490976081,101.9634816768038,102.08199310302734,362700,0.0,0.0
2013-11-07 00:00:00-05:00,100.90474275338661,101.33140201153788,99.34822824532978,99.49044799804688,499100,0.0,0.0
2013-11-08 00:00:00-05:00,99.79858183511989,100.84152459588701,99.79858183511989,100.63610076904297,459500,0.0,0.0
2013-11-11 00:00:00-05:00,100.2410559992803,100.38327575399296,99.8934063704163,100.0830307006836,315100,0.0,0.0
2013-11-12 00:00:00-05:00,99.86971171893923,100.61240958096171,99.86180894639294,100.580810546875,641700,0.0,0.0
2013-11-13 00:00:00-05:00,99.80649360575899,100.92844609555809,99.5378596411798,100.86524200439453,332900,0.0,0.0
2013-11-14 00:00:00-05:00,100.34376777291887,101.08647160509561,100.17784573067595,100.7230224609375,307100,0.0,0.0
2013-11-15 00:00:00-05:00,100.88104519749795,101.38672014158058,100.79413278742508,101.11808013916016,311600,0.0,0.0
2013-11-18 00:00:00-05:00,100.82573289245536,101.60794454466443,100.54919615947429,100.85733795166016,846300,0.0,0.0
2013-11-19 00:00:00-05:00,99.79859348157842,100.16204263461866,99.38773975189565,99.7432861328125,731300,0.0,0.0
2013-11-20 00:00:00-05:00,99.7274718732227,100.13832554216617,99.40352457259294,99.59315490722656,285800,0.0,0.0
2013-11-21 00:00:00-05:00,98.85045972672428,99.39563643692188,98.85045972672428,99.24551391601562,635300,0.0,0.0
2013-11-22 00:00:00-05:00,99.33241535653043,100.1541287029293,99.11118599943225,99.79857635498047,385000,0.0,0.0
2013-11-25 00:00:00-05:00,99.94870860043554,99.94870860043554,99.12699517395153,99.23760986328125,263100,0.0,0.0
2013-11-26 00:00:00-05:00,98.9294813614808,99.0400960656587,98.57393495920174,98.708251953125,291600,0.0,0.0
2013-11-27 00:00:00-05:00,98.76354421664044,99.3008181383009,98.69243735826767,98.9294662475586,246200,0.0,0.0
2013-11-29 00:00:00-05:00,98.80306243896484,99.15070605210431,98.67664219560578,98.80306243896484,184500,0.0,0.0
2013-12-02 00:00:00-05:00,98.62133110483913,99.1981128941983,98.00504751196554,98.05245208740234,521200,0.0,0.0
2013-12-03 00:00:00-05:00,97.61788626185076,98.03664271088661,96.81197239219281,97.66529083251953,489400,0.0,0.0
2013-12-04 00:00:00-05:00,96.75666914354399,97.6494894211814,96.48013242286412,97.2702407836914,389400,0.0,0.0
2013-12-05 00:00:00-05:00,96.63025077122882,96.72505991248651,95.80853738805592,96.0771713256836,460100,0.0,0.0
2013-12-06 00:00:00-05:00,96.61444092390998,97.29393453687038,96.61444092390998,96.97789001464844,283800,0.0,0.0
2013-12-09 00:00:00-05:00,96.90678835996015,97.12801772896789,96.60654333512261,96.73296356201172,326000,0.0,0.0
2013-12-10 00:00:00-05:00,95.9033697390099,96.3458346081372,95.84016563889139,96.15620422363281,362600,0.0,0.0
2013-12-11 00:00:00-05:00,95.86386150078297,96.25101296076143,94.97103507742246,95.08164978027344,414500,0.0,0.0
2013-12-12 00:00:00-05:00,95.32658750348565,95.59522148810971,95.01844568439374,95.08164978027344,324800,0.0,0.0
2013-12-13 00:00:00-05:00,94.8129998430861,94.8129998430861,93.95968139776676,94.19671630859375,595100,0.0,0.0
2013-12-16 00:00:00-05:00,93.67525551341338,94.13351985923916,93.55674406884555,93.74636840820312,661700,0.0,0.0
2013-12-17 00:00:00-05:00,93.61992274428803,94.10979201834263,93.31968378615308,93.73053741455078,343200,0.0,0.0
2013-12-18 00:00:00-05:00,94.8209167392989,95.67422928368411,94.17302805164671,95.63472747802734,680600,0.0,0.0
2013-12-19 00:00:00-05:00,93.96760229688745,94.19673448074418,93.52514347457064,93.79377746582031,691900,0.0,0.0
2013-12-20 00:00:00-05:00,93.60414140509737,93.88067813444344,93.39871153699087,93.82537078857422,340700,0.0,0.0
2013-12-23 00:00:00-05:00,93.98340209760094,94.3784563410176,93.84908510157113,94.23623657226562,395000,0.0,0.0
2013-12-24 00:00:00-05:00,93.4303051018078,93.72264733860837,93.4303051018078,93.7147445678711,289100,0.0,0.0
2013-12-26 00:00:00-05:00,95.13695476012896,96.36161915586791,95.13695476012896,96.1482925415039,434900,0.0,0.0
2013-12-27 00:00:00-05:00,96.76457559349531,96.77247836525757,95.95866165910769,96.29840850830078,292900,0.0,0.0
2013-12-30 00:00:00-05:00,97.0806156567747,97.0806156567747,95.85594529646811,95.8875503540039,288600,0.0,0.0
2013-12-31 00:00:00-05:00,95.99816539716595,96.33000946044922,95.77693602164375,96.33000946044922,230000,0.0,0.0
2014-01-02 00:00:00-05:00,96.07718188247044,96.07718188247044,94.8920192621405,95.31077575683594,239400,0.0,0.0
2014-01-03 00:00:00-05:00,95.60311670035878,95.8322488604445,94.71029637565131,95.2159652709961,530500,0.0,0.0
2014-01-06 00:00:00-05:00,95.50828756176736,95.58730321290506,94.81299443930965,94.94731140136719,441100,0.0,0.0
2014-01-07 00:00:00-05:00,95.121152917419,95.27917219138868,94.80510834143074,95.17646026611328,306200,0.0,0.0
2014-01-08 00:00:00-05:00,94.95522573859061,94.95522573859061,94.53646925996257,94.69448852539062,349400,0.0,0.0
2014-01-09 00:00:00-05:00,95.07373809814453,95.20805506935312,94.48905358573965,95.07373809814453,338500,0.0,0.0
2014-01-10 00:00:00-05:00,95.20016084963969,95.51620541996849,94.81300941571253,95.45299530029297,242000,0.0,0.0
2014-01-13 00:00:00-05:00,95.20806150953256,95.20806150953256,94.18091818576211,94.33894348144531,421600,0.0,0.0
2014-01-14 00:00:00-05:00,94.22041525978548,94.61546941181813,93.7621509966961,94.38633728027344,473300,0.0,0.0
2014-01-15 00:00:00-05:00,94.37844341912206,94.84461049711376,94.10980946384267,94.39424896240234,426400,0.0,0.0
2014-01-16 00:00:00-05:00,94.49696047067452,94.6786880493164,93.94388701924008,94.6786880493164,244600,0.0,0.0
2014-01-17 00:00:00-05:00,94.32312061866511,94.79719039061948,93.98337383038987,94.17300415039062,407800,0.0,0.0
2014-01-21 00:00:00-05:00,95.20806532651699,95.23967038692071,94.5206688258462,95.17646026611328,550000,0.0,0.0
2014-01-22 00:00:00-05:00,95.83224797781207,96.18779434443496,95.39768594922971,96.1482925415039,371400,0.0,0.0
2014-01-23 00:00:00-05:00,95.12904062674717,95.16064568214652,94.07029236903662,94.30732727050781,435900,0.0,0.0
2014-01-24 00:00:00-05:00,94.01501382367373,94.05452166203523,93.0036758533373,93.13799285888672,591900,0.0,0.0
2014-01-27 00:00:00-05:00,93.13797582063428,93.43822086993663,91.77109166729535,92.46638488769531,673000,0.0,0.0
2014-01-28 00:00:00-05:00,92.86143766812894,93.44611618607927,92.67181334328939,93.09847259521484,564400,0.0,0.0
2014-01-29 00:00:00-05:00,93.43821166780482,93.48561623805823,92.37946338377677,92.60069274902344,542300,0.0,0.0
2014-01-30 00:00:00-05:00,92.7903288051514,93.09847058688665,92.20564427176534,92.56909942626953,329900,0.0,0.0
2014-01-31 00:00:00-05:00,90.79925814567272,91.25752247583289,89.76421804483589,90.67284393310547,566300,0.0,0.0
2014-02-03 00:00:00-05:00,90.0486499519808,90.19086969663655,88.55534564711964,89.084716796875,553800,0.0,0.0
2014-02-04 00:00:00-05:00,88.37361126563268,89.0136030813052,87.50449334993365,88.87928009033203,561200,0.0,0.0
2014-02-05 00:00:00-05:00,90.69653001915799,91.53404286545529,90.15925614861594,91.38392639160156,709900,0.0,0.0
2014-02-06 00:00:00-05:00,90.53062422994883,91.79479649661299,90.42000953336877,91.6209716796875,439300,0.0,0.0
2014-02-07 00:00:00-05:00,91.57356288953893,92.96415533290346,91.42344036763892,92.742919921875,610900,0.0,0.0
2014-02-10 00:00:00-05:00,92.83773808531272,92.84564085725874,92.12663931138994,92.47428894042969,385000,0.0,0.0
2014-02-11 00:00:00-05:00,93.0668745746862,93.31970903627604,92.52169781798818,93.16168975830078,366100,0.0,0.0
2014-02-12 00:00:00-05:00,92.87722746421464,93.55672104340081,92.64019257731803,92.88512420654297,466700,0.0,0.0
2014-02-13 00:00:00-05:00,90.846662307716,91.96071196591286,90.75184713397755,91.77108764648438,419000,0.0,0.0
2014-02-14 00:00:00-05:00,90.9414806749588,91.47085188556831,90.8624710361893,90.99678802490234,621700,0.0,0.0
2014-02-18 00:00:00-05:00,92.06341886475622,92.5295859084992,91.45503811023019,91.87379455566406,387500,0.0,0.0
2014-02-19 00:00:00-05:00,91.58146209295552,91.98441301280506,90.94147022792984,91.03628540039062,279900,0.0,0.0
2014-02-20 00:00:00-05:00,91.18640957901698,91.47084304548862,90.75184756570891,91.12319946289062,242300,0.0,0.0
2014-02-21 00:00:00-05:00,91.9607114424595,92.49798536782232,91.86589626926073,91.92120361328125,315800,0.0,0.0
2014-02-24 00:00:00-05:00,91.69207135436184,92.07922273658286,91.54194884719435,91.78688049316406,328600,0.0,0.0
2014-02-25 00:00:00-05:00,91.85008573979907,92.37945683023464,91.60515410680154,92.02391052246094,298600,0.0,0.0
2014-02-26 00:00:00-05:00,91.65256854738257,91.66836806203224,91.15480245726575,91.32072448730469,231300,0.0,0.0
2014-02-27 00:00:00-05:00,91.05998471885233,91.66836547851562,90.75974572458382,91.66836547851562,227800,0.0,0.0
2014-02-28 00:00:00-05:00,90.99677699089285,91.58935825188286,90.75184533199244,91.09949493408203,307800,0.0,0.0
2014-03-03 00:00:00-05:00,89.94593382997634,90.0565545474366,89.40076315446065,89.75630950927734,456300,0.0,0.0
2014-03-04 00:00:00-05:00,90.72814234782925,91.08368869046777,90.59382537643675,91.02838134765625,286500,0.0,0.0
2014-03-05 00:00:00-05:00,89.42446078547916,89.8669195200913,89.14792407634656,89.4876708984375,621900,0.0,0.0
2014-03-06 00:00:00-05:00,90.70444733700674,90.82295877535928,90.4990174637811,90.58592987060547,392200,0.0,0.0
2014-03-07 00:00:00-05:00,90.70443507207096,90.83875203607417,89.91432677363149,90.04074096679688,309000,0.0,0.0
2014-03-10 00:00:00-04:00,89.76419777419235,89.91432026901096,89.28223126476706,89.55086517333984,235500,0.0,0.0
2014-03-11 00:00:00-04:00,89.44817980645436,89.62200463558813,88.81609664275345,88.85559844970703,224100,0.0,0.0
2014-03-12 00:00:00-04:00,87.92327373881227,88.20771328371967,87.3622974219253,87.93907928466797,483900,0.0,0.0
2014-03-13 00:00:00-04:00,88.08918817926356,88.31832034994727,86.65909383360042,87.07785034179688,396100,0.0,0.0
2014-03-14 00:00:00-04:00,86.1771216126385,86.46156111447856,85.7188573010019,85.93218994140625,753200,0.0,0.0
2014-03-17 00:00:00-04:00,86.9672279929741,87.55190649857227,86.85661330348388,87.44129180908203,438500,0.0,0.0
2014-03-18 00:00:00-04:00,86.47736571584778,87.12525439079887,86.39045330583797,86.7776107788086,319000,0.0,0.0
2014-03-19 00:00:00-04:00,86.2877292249912,86.7064856716621,85.45811910273231,85.86897277832031,513300,0.0,0.0
2014-03-20 00:00:00-04:00,84.18604665277412,85.11837474190202,83.99641630959509,85.0235595703125,668100,0.0,0.0
2014-03-21 00:00:00-04:00,85.05517562896951,85.67145925389383,84.8102379110272,84.83394622802734,413200,0.0,0.0
2014-03-24 00:00:00-04:00,85.5687259514842,85.67934062432475,84.69170531107146,85.28428649902344,362500,0.0,0.0
2014-03-25 00:00:00-04:00,86.0586014061386,86.36674318530329,85.56873807928626,85.69515228271484,349300,0.0,0.0
2014-03-26 00:00:00-04:00,89.26443654156655,90.10124106368916,88.70924745026501,88.93453979492188,858400,1.956,0.0
2014-03-27 00:00:00-04:00,90.0368892129527,90.11734990475907,89.56216069540777,89.77941131591797,559000,0.0,0.0
2014-03-28 00:00:00-04:00,91.25988614611792,91.50127430331155,90.57596121907712,90.78516387939453,539400,0.0,0.0
2014-03-31 00:00:00-04:00,91.00241305323172,91.31621399068635,90.55987626031795,90.84149169921875,481000,0.0,0.0
2014-04-01 00:00:00-04:00,90.88173315019775,91.19553413662018,90.76908695705929,91.09898376464844,539200,0.0,0.0
2014-04-02 00:00:00-04:00,91.21162234538771,91.33231643903655,90.68057078883544,91.27599334716797,351100,0.0,0.0
2014-04-03 00:00:00-04:00,90.86564163791545,91.39668708933714,90.5518406578124,90.80931854248047,453200,0.0,0.0
2014-04-04 00:00:00-04:00,90.29435281934148,90.60010585531786,89.33685416374185,89.52191925048828,598400,0.0,0.0
2014-04-07 00:00:00-04:00,89.72308238605238,89.92423717187249,89.18398289459927,89.62652587890625,401800,0.0,0.0
2014-04-08 00:00:00-04:00,87.78394317626953,87.97705004272441,87.40577121450944,87.78394317626953,611900,0.0,0.0
2014-04-09 00:00:00-04:00,86.0137899858074,86.76208605497783,85.82872487676222,86.68162536621094,1117600,0.0,0.0
2014-04-10 00:00:00-04:00,84.54132788822412,84.71029716116782,83.18151965613308,83.18956756591797,1535400,0.0,0.0
2014-04-11 00:00:00-04:00,83.92176970957944,85.13674006008394,83.72061494626669,84.39649200439453,912300,0.0,0.0
2014-04-14 00:00:00-04:00,86.23907653288441,86.65747576940765,85.87700038856153,86.35172271728516,497400,0.0,0.0
2014-04-15 00:00:00-04:00,85.79654041848592,86.07011413013386,85.02410674715308,85.98160552978516,488000,0.0,0.0
2014-04-16 00:00:00-04:00,86.8988665984872,87.30117616607279,86.65747840243311,87.27703857421875,372700,0.0,0.0
2014-04-17 00:00:00-04:00,87.33335285553821,87.39772385315803,86.64942788740726,86.91494750976562,393100,0.0,0.0
2014-04-21 00:00:00-04:00,87.623013396158,87.64715098480234,87.25288937984759,87.41381072998047,377000,0.0,0.0
2014-04-22 00:00:00-04:00,87.26092347519318,87.40575513307651,87.06781664426724,87.23678588867188,343900,0.0,0.0
2014-04-23 00:00:00-04:00,87.12416768505048,87.29313698367963,86.99543180270527,87.01956939697266,276800,0.0,0.0
2014-04-24 00:00:00-04:00,86.36781638728297,86.36781638728297,85.75631025479599,86.12643432617188,459600,0.0,0.0
2014-04-25 00:00:00-04:00,85.94136917803031,86.2712659751008,85.57124510683995,85.68389129638672,436500,0.0,0.0
2014-04-28 00:00:00-04:00,86.4160842223388,86.46435939927464,85.57123179342564,86.15055847167969,392800,0.0,0.0
2014-04-29 00:00:00-04:00,86.74598911665814,86.89082081007588,86.4000026345356,86.4965591430664,296500,0.0,0.0
2014-04-30 00:00:00-04:00,86.89884739986262,87.30115687856568,86.63332167061728,87.23678588867188,467700,0.0,0.0
2014-05-01 00:00:00-04:00,88.52418954160596,88.62879395206387,88.0011920443424,88.29085540771484,340900,0.0,0.0
2014-05-02 00:00:00-04:00,88.50004977695859,88.65292936463732,88.24257192014808,88.45177459716797,420500,0.0,0.0
2014-05-05 00:00:00-04:00,88.33109321126088,88.45178731684999,88.03338804139925,88.05752563476562,274800,0.0,0.0
2014-05-06 00:00:00-04:00,88.10578547486472,88.16210856249475,87.4781836016283,87.70347595214844,429400,0.0,0.0
2014-05-07 00:00:00-04:00,87.70347776678389,87.81612394437468,87.36553923401155,87.72761535644531,319000,0.0,0.0
2014-05-08 00:00:00-04:00,87.3011848946879,87.3896934995066,86.52070327333604,87.01956939697266,366500,0.0,0.0
2014-05-09 00:00:00-04:00,87.67129735570629,88.0092359080911,87.32531089338185,87.59888458251953,371700,0.0,0.0
2014-05-12 00:00:00-04:00,87.5988766272948,87.9609527378602,87.38162604995071,87.87244415283203,346200,0.0,0.0
2014-05-13 00:00:00-04:00,88.67707395490429,89.7472188756224,88.58051744894433,89.61847686767578,564200,0.0,0.0
2014-05-14 00:00:00-04:00,89.36904356463968,89.66675484283523,88.83799814857554,88.85408782958984,699500,0.0,0.0
2014-05-15 00:00:00-04:00,88.7816662645886,89.0391502631743,87.70347964491474,88.10578918457031,257900,0.0,0.0
2014-05-16 00:00:00-04:00,88.00120615568814,88.20236096035518,87.67130932943061,88.1943130493164,237400,0.0,0.0
2014-05-19 00:00:00-04:00,86.98736941422564,87.53451063533528,86.74598123421157,87.38967895507812,358900,0.0,0.0
2014-05-20 00:00:00-04:00,87.03564082224287,87.1241494084946,86.60114580030421,86.63333129882812,333200,0.0,0.0
2014-05-21 00:00:00-04:00,86.73792416206909,87.07586264346872,86.56894878261394,86.9471206665039,307000,0.0,0.0
2014-05-22 00:00:00-04:00,87.62301786908533,88.42763693833541,87.59888027920884,88.09774017333984,547100,0.0,0.0
2014-05-23 00:00:00-04:00,88.113838922296,88.290856105618,88.00923451101123,88.21843719482422,175600,0.0,0.0
2014-05-27 00:00:00-04:00,88.4517793370599,88.64488620532677,88.12993046411067,88.59661102294922,296400,0.0,0.0
2014-05-28 00:00:00-04:00,88.95063991357243,89.15179467942062,88.10578744150752,88.43568420410156,259100,0.0,0.0
2014-05-29 00:00:00-04:00,89.54606410243811,89.88400266520108,89.36904691086984,89.70698547363281,348500,0.0,0.0
2014-05-30 00:00:00-04:00,91.20355910463174,91.23574460011166,90.84148302330493,91.01045227050781,449700,0.0,0.0
2014-06-02 00:00:00-04:00,91.82312259825245,91.87944568276866,91.13919153644116,91.68633270263672,660400,0.0,0.0
2014-06-03 00:00:00-04:00,91.8553137050187,92.55532834979412,91.8553137050187,92.4668197631836,593400,0.0,0.0
2014-06-04 00:00:00-04:00,92.13692292702832,92.25761700414832,91.23574744178886,92.11278533935547,558100,0.0,0.0
2014-06-05 00:00:00-04:00,91.88748540364655,92.37026170445397,91.58173240005677,92.20128631591797,318500,0.0,0.0
2014-06-06 00:00:00-04:00,92.22544646100994,92.90132358045877,92.14497963737928,92.65189361572266,370900,0.0,0.0
2014-06-09 00:00:00-04:00,92.53120131967906,92.78063128926902,92.39441753885596,92.5875244140625,220200,0.0,0.0
2014-06-10 00:00:00-04:00,91.4691067836404,91.82314118010423,91.22771857900469,91.62198638916016,348900,0.0,0.0
2014-06-11 00:00:00-04:00,91.77485656738281,92.10475335931338,91.5495641917994,91.77485656738281,207000,0.0,0.0
2014-06-12 00:00:00-04:00,92.35419029631801,92.76454780495959,91.81509690852367,91.935791015625,292400,0.0,0.0
2014-06-13 00:00:00-04:00,91.82313499941976,92.01624186687593,91.72657849631335,91.91968536376953,185200,0.0,0.0
2014-06-16 00:00:00-04:00,91.94380994813402,92.25761700414832,91.64610484849456,92.11278533935547,225200,0.0,0.0
2014-06-17 00:00:00-04:00,92.63579009412958,92.72429868175965,92.13693020613057,92.2978515625,222000,0.0,0.0
2014-06-18 00:00:00-04:00,92.40244320354765,93.51282135463634,92.24152185871881,93.37603759765625,360700,0.0,0.0
2014-06-19 00:00:00-04:00,94.54274171476911,95.00137434392028,94.164569765709,94.743896484375,660300,0.0,0.0
2014-06-20 00:00:00-04:00,95.11401477395596,95.28298403355959,94.71975316821414,95.12206268310547,513600,0.0,0.0
2014-06-23 00:00:00-04:00,94.22089497551524,94.37377456825737,93.89904610915328,94.31745147705078,233800,0.0,0.0
2014-06-24 00:00:00-04:00,94.34964495907768,94.45424324052229,93.7381326751347,93.77836608886719,219600,0.0,0.0
2014-06-25 00:00:00-04:00,94.06802335482743,94.55883536561812,93.84272484685363,94.51860809326172,208600,0.0,0.0
2014-06-26 00:00:00-04:00,94.94505999466558,94.94505999466558,94.37378113304344,94.66344451904297,195600,0.0,0.0
2014-06-27 00:00:00-04:00,95.51633525678447,95.70140035593776,95.32322838631427,95.62093353271484,353200,0.0,0.0
2014-06-30 00:00:00-04:00,96.35312870837913,96.45772697218136,96.10369877382826,96.28071594238281,505000,0.0,0.0
2014-07-01 00:00:00-04:00,97.70490631307798,98.38883138160753,97.64053530600864,98.37274169921875,501000,0.0,0.0
2014-07-02 00:00:00-04:00,98.43708720551246,98.44513511450242,97.86580844234298,98.06696319580078,223500,0.0,0.0
2014-07-03 00:00:00-04:00,97.64052986533659,98.0830728408327,97.39914781041244,97.9462890625,195900,0.0,0.0
2014-07-07 00:00:00-04:00,97.56006841392978,98.00261138594927,97.24626744786386,97.48765563964844,328700,0.0,0.0
2014-07-08 00:00:00-04:00,97.31063290199562,97.31063290199562,96.25657773931445,96.7956771850586,343400,0.0,0.0
2014-07-09 00:00:00-04:00,96.39336470435103,96.78762632024,95.74966700845557,96.58647155761719,292300,0.0,0.0
2014-07-10 00:00:00-04:00,94.52665027732247,95.25885043292547,93.8266294821527,94.98528289794922,466700,0.0,0.0
2014-07-11 00:00:00-04:00,95.27495426930098,95.58875523935956,95.04161398460876,95.36345672607422,347300,0.0,0.0
2014-07-14 00:00:00-04:00,96.0473832099903,96.14393357221407,95.6611633448257,95.74967193603516,166800,0.0,0.0
2014-07-15 00:00:00-04:00,95.74968246203925,95.8220952416676,95.21058908450428,95.51634216308594,187700,0.0,0.0
2014-07-16 00:00:00-04:00,96.07152373664199,96.1680741018165,95.83818345620912,95.87036895751953,181200,0.0,0.0
2014-07-17 00:00:00-04:00,95.91058078072352,96.13587925360501,95.10596179384243,95.25079345703125,244700,0.0,0.0
2014-07-18 00:00:00-04:00,95.62093102089177,95.74162511379896,95.22666938023441,95.6692123413086,208000,0.0,0.0
2014-07-21 00:00:00-04:00,95.50024232697128,95.74967228195916,94.96919077779593,95.47610473632812,143900,0.0,0.0
2014-07-22 00:00:00-04:00,95.52437669793686,96.08760758981485,95.52437669793686,95.89450073242188,117700,0.0,0.0
2014-07-23 00:00:00-04:00,96.06347947549442,96.27268217258,95.7899119120999,96.09566497802734,171200,0.0,0.0
2014-07-24 00:00:00-04:00,96.24046971613018,96.54622269642587,96.04736289377264,96.05540466308594,152600,0.0,0.0
2014-07-25 00:00:00-04:00,96.48991680359175,96.55428780209466,96.00714659233253,96.25657653808594,140200,0.0,0.0
2014-07-28 00:00:00-04:00,96.52211474041535,97.16581253087695,96.35314545163953,97.02098083496094,172800,0.0,0.0
2014-07-29 00:00:00-04:00,97.02902260674283,97.72904349346302,96.95660982816337,97.02098083496094,399200,0.0,0.0
2014-07-30 00:00:00-04:00,96.9726852641495,96.9726852641495,96.18416203237157,96.58647155761719,293100,0.0,0.0
2014-07-31 00:00:00-04:00,95.99910103565904,96.32094989730543,94.89677681837244,94.93700408935547,290900,0.0,0.0
2014-08-01 00:00:00-04:00,94.71170694690696,95.00941820318417,94.37376842167734,94.61515045166016,206900,0.0,0.0
2014-08-04 00:00:00-04:00,94.88873112370247,95.21057999286192,94.63930116601328,95.04161071777344,131300,0.0,0.0
2014-08-05 00:00:00-04:00,95.75772928735502,96.40946885165191,95.35541970173824,95.77381896972656,360300,0.0,0.0
2014-08-06 00:00:00-04:00,93.44040218852044,93.94731608693611,92.8771713444539,93.82662200927734,429300,0.0,0.0
2014-08-07 00:00:00-04:00,94.51054401767962,95.00940999187209,93.68178745606168,93.88294219970703,260400,0.0,0.0
2014-08-08 00:00:00-04:00,93.85076014262378,94.67147496446971,93.45649854948533,94.64733123779297,254400,0.0,0.0
2014-08-11 00:00:00-04:00,93.92319669709345,94.30136254352001,93.73813159032557,93.94733428955078,264800,0.0,0.0
2014-08-12 00:00:00-04:00,94.19675809597656,94.58297796627805,94.0036512302041,94.33354187011719,242500,0.0,0.0
2014-08-13 00:00:00-04:00,94.82435428314227,95.21057413010276,94.75998328552282,94.88872528076172,217800,0.0,0.0
2014-08-14 00:00:00-04:00,94.51861063744823,94.7760885147351,94.3415934457966,94.73585510253906,181500,0.0,0.0
2014-08-15 00:00:00-04:00,94.34158902489824,94.44618729744684,93.54501783855049,94.05192565917969,220300,0.0,0.0
2014-08-18 00:00:00-04:00,94.14847348752056,94.51859750100733,94.14847348752056,94.30939483642578,156900,0.0,0.0
2014-08-19 00:00:00-04:00,94.22088328624108,94.30939186697893,93.98754304054634,94.10018920898438,221900,0.0,0.0
2014-08-20 00:00:00-04:00,93.03004890422169,93.23924541962732,92.69210426634397,93.09441375732422,319900,0.0,0.0
2014-08-21 00:00:00-04:00,93.1346606270258,93.53697017617061,93.10247512644342,93.15879821777344,263900,0.0,0.0
2014-08-22 00:00:00-04:00,92.35416979908278,92.35416979908278,91.67829277133228,91.79898071289062,477000,0.0,0.0
2014-08-25 00:00:00-04:00,92.34613077475959,92.65188995947392,92.25762832202054,92.42659759521484,238900,0.0,0.0
2014-08-26 00:00:00-04:00,92.6357930669036,93.09442569990635,92.46682379566643,92.59556579589844,251000,0.0,0.0
2014-08-27 00:00:00-04:00,92.61164418514443,92.68406308613459,92.33807667614,92.45877075195312,268800,0.0,0.0
2014-08-28 00:00:00-04:00,92.20936222552194,92.45075044922724,91.7507295114879,92.07257843017578,281300,0.0,0.0
2014-08-29 00:00:00-04:00,92.12889388928342,92.17716907451747,91.66221330283078,91.98406219482422,170300,0.0,0.0
2014-09-02 00:00:00-04:00,93.28754569061698,93.50479015884183,93.11857640671835,93.49674224853516,294000,0.0,0.0
2014-09-03 00:00:00-04:00,93.43237665242802,93.62548352698114,93.2151260471435,93.30363464355469,244300,0.0,0.0
2014-09-04 00:00:00-04:00,93.4886837667876,93.94731635218116,93.25534351965672,93.37603759765625,382700,0.0,0.0
2014-09-05 00:00:00-04:00,93.40822425190348,93.67375001649198,93.27144048423897,93.64961242675781,162200,0.0,0.0
2014-09-08 00:00:00-04:00,93.4645603500055,93.58524830754789,92.94155669188042,93.36800384521484,219100,0.0,0.0
2014-09-09 00:00:00-04:00,92.85304617677293,92.8932734488695,92.50705971520811,92.54728698730469,323400,0.0,0.0
2014-09-10 00:00:00-04:00,93.39213349160154,93.8105326992532,93.15879322894259,93.73007202148438,359500,0.0,0.0
2014-09-11 00:00:00-04:00,93.54502106835177,93.7220382578201,93.33581837727496,93.63352966308594,189600,0.0,0.0
2014-09-12 00:00:00-04:00,94.44620262003836,94.46229844227658,94.00366572860814,94.22895812988281,233400,0.0,0.0
2014-09-15 00:00:00-04:00,94.1243562264507,94.36573830193817,93.89101592301606,94.2691879272461,176700,0.0,0.0
2014-09-16 00:00:00-04:00,94.33353501396881,94.82435312198349,94.15651784206106,94.61515045166016,320900,0.0,0.0
2014-09-17 00:00:00-04:00,94.45424360882883,94.89678660658366,94.0438861144341,94.42205810546875,262800,0.0,0.0
2014-09-18 00:00:00-04:00,95.60484680722479,96.15198807277075,95.54047580215892,96.09566497802734,356500,0.0,0.0
2014-09-19 00:00:00-04:00,95.99105937395831,96.07152005477236,95.39563683067013,95.55656433105469,262100,0.0,0.0
2014-09-22 00:00:00-04:00,95.83818162962977,96.4014125449354,95.67726026490148,95.75772094726562,409700,0.0,0.0
2014-09-23 00:00:00-04:00,95.73358436789852,95.74967404903872,94.96114462052313,95.14620971679688,314500,0.0,0.0
2014-09-24 00:00:00-04:00,94.99334027213817,95.67727149943283,94.96920267847032,95.62899017333984,272900,0.0,0.0
2014-09-25 00:00:00-04:00,96.79439968938536,97.1278399470199,95.7859569719852,95.8591537475586,437800,1.263,0.0
2014-09-26 00:00:00-04:00,96.16004428211284,96.6154749709497,96.05432251392043,96.49348449707031,271300,0.0,0.0
2014-09-29 00:00:00-04:00,96.02177440667991,96.08683680858988,95.21664734829355,95.57447814941406,365700,0.0,0.0
2014-09-30 00:00:00-04:00,95.88353534166454,96.05431951789147,95.18412993157727,95.58262634277344,481100,0.0,0.0
2014-10-01 00:00:00-04:00,95.91605902158555,95.95671837195812,94.71242932515315,94.86695098876953,676800,0.0,0.0
2014-10-02 00:00:00-04:00,93.54132857125157,93.67145338056122,92.41903001207163,93.1021728515625,507300,0.0,0.0
2014-10-03 00:00:00-04:00,94.0943619270508,94.59045198513282,93.9154495921483,94.46846771240234,281500,0.0,0.0
2014-10-06 00:00:00-04:00,94.83441748051946,95.33050745773122,94.67176767359763,94.90760803222656,339200,0.0,0.0
2014-10-07 00:00:00-04:00,95.1515967679877,95.26545288312951,94.17568543685987,94.19194793701172,398400,0.0,0.0
2014-10-08 00:00:00-04:00,93.99677132717596,94.6229799898718,92.89886947691053,94.54978942871094,446000,0.0,0.0
2014-10-09 00:00:00-04:00,94.50911077337803,94.58230752908932,92.9069847510227,93.13469696044922,371200,0.0,0.0
2014-10-10 00:00:00-04:00,93.53320879882502,94.13502058403526,92.58982246093971,92.68741607666016,448400,0.0,0.0
2014-10-13 00:00:00-04:00,92.8500495310541,93.25668021783775,91.56509507169169,91.63015747070312,425700,0.0,0.0
2014-10-14 00:00:00-04:00,91.03648853252534,91.11781343643857,90.48347049934588,90.7762451171875,759400,0.0,0.0
2014-10-15 00:00:00-04:00,89.27984088759345,89.76779651610484,88.15754232154804,89.50755310058594,632600,0.0,0.0
2014-10-16 00:00:00-04:00,88.63737273515291,90.14190533010807,88.33646993897773,89.60515594482422,441700,0.0,0.0
2014-10-17 00:00:00-04:00,88.63737503031457,89.77594244681686,88.59671567543182,89.2879867553711,469100,0.0,0.0
2014-10-20 00:00:00-04:00,91.3536724298521,92.30518696494585,91.32927557582815,92.15066528320312,408900,0.0,0.0
2014-10-21 00:00:00-04:00,91.37806224782732,92.2807830053643,91.19100937355783,92.18318939208984,665400,0.0,0.0
2014-10-22 00:00:00-04:00,91.98801352730288,92.24012261986302,91.247942545707,91.30487060546875,413600,0.0,0.0
2014-10-23 00:00:00-04:00,92.10187742232091,92.83381411297346,91.84163395505486,92.23200225830078,408300,0.0,0.0
2014-10-24 00:00:00-04:00,93.04524675009549,93.24042776346108,92.60608481650348,93.12657165527344,312500,0.0,0.0
2014-10-27 00:00:00-04:00,92.97205689660638,93.40308451028254,92.59795734125171,92.98831939697266,198500,0.0,0.0
2014-10-28 00:00:00-04:00,93.24043433469392,93.60639953613281,92.80127237015144,93.60639953613281,389900,0.0,0.0
2014-10-29 00:00:00-04:00,94.33833667732844,94.86695790826933,93.74465303541481,94.1838150024414,245800,0.0,0.0
2014-10-30 00:00:00-04:00,93.36242445442795,94.58231672758846,93.35429010195952,94.22447967529297,194900,0.0,0.0
2014-10-31 00:00:00-04:00,96.81879496969947,98.76248967740541,96.37149861240582,98.68929290771484,1280500,0.0,0.0
2014-11-03 00:00:00-05:00,98.64863015391643,99.24230762076046,98.25012752034351,99.21791076660156,856900,0.0,0.0
2014-11-04 00:00:00-05:00,97.18475661688625,97.36367515319965,96.21697337302376,97.10343170166016,569600,0.0,0.0
2014-11-05 00:00:00-05:00,98.42903140115352,99.01458063255266,97.92481327776501,98.7055435180664,394100,0.0,0.0
2014-11-06 00:00:00-05:00,97.2010173307282,97.57512310233719,96.79438655738151,97.45313262939453,435500,0.0,0.0
2014-11-07 00:00:00-05:00,96.31456171004325,96.5097427368164,95.7046155722708,96.5097427368164,570800,0.0,0.0
2014-11-10 00:00:00-05:00,95.81035062484125,96.20071893722522,95.5582415050958,95.94047546386719,429800,0.0,0.0
2014-11-11 00:00:00-05:00,96.37148094655721,97.12781433635081,96.31455289376383,96.8919677734375,526100,0.0,0.0
2014-11-12 00:00:00-05:00,96.56668001944139,96.72933606120102,96.05432744845905,96.60734558105469,252800,0.0,0.0
2014-11-13 00:00:00-05:00,97.30675433757068,97.8923036983081,97.30675433757068,97.44500732421875,269800,0.0,0.0
2014-11-14 00:00:00-05:00,97.2498262722042,97.49380103604894,96.96518594537177,97.44500732421875,214200,0.0,0.0
2014-11-17 00:00:00-05:00,96.37150394999223,96.89199090111036,96.02993555170107,96.44469451904297,324100,0.0,0.0
2014-11-18 00:00:00-05:00,97.33112870788811,97.9085435816939,97.24166945373726,97.64830017089844,332300,0.0,0.0
2014-11-19 00:00:00-05:00,97.64831010683746,98.01427530764337,97.15222008504713,97.87602233886719,389700,0.0,0.0
2014-11-20 00:00:00-05:00,97.38807483332208,97.61578708444027,97.192893790177,97.36367797851562,163000,0.0,0.0
2014-11-21 00:00:00-05:00,98.08746960500187,98.97392165807676,98.08746960500187,98.64048767089844,920500,0.0,0.0
2014-11-24 00:00:00-05:00,98.80313678117268,99.00645215387513,98.6486213171099,98.77873992919922,661000,0.0,0.0
2014-11-25 00:00:00-05:00,99.01459130345462,99.20977233339173,99.00645695083843,99.06338500976562,190200,0.0,0.0
2014-11-26 00:00:00-05:00,99.2097846057808,99.21791895940322,98.73809757547555,98.97393798828125,291800,0.0,0.0
2014-11-28 00:00:00-05:00,99.95797427802248,100.29954262004014,99.57574037899148,100.13688659667969,234400,0.0,0.0
2014-12-01 00:00:00-05:00,101.38118211965687,102.12124686224175,101.29172285779488,101.60889434814453,485800,0.0,0.0
2014-12-02 00:00:00-05:00,102.92637492491355,103.30860882812503,102.73119389943918,102.93450927734375,496400,0.0,0.0
2014-12-03 00:00:00-05:00,103.69083388368801,104.00800534978038,103.38179676933179,103.86161804199219,471300,0.0,0.0
2014-12-04 00:00:00-05:00,104.75621956771465,104.75621956771465,104.17881080931815,104.58544158935547,505100,0.0,0.0
2014-12-05 00:00:00-05:00,104.79688191584611,105.15471897681404,104.47971041351293,104.93513488769531,423500,0.0,0.0
2014-12-08 00:00:00-05:00,104.94325930053886,105.06525597210104,104.3007881707668,104.43904113769531,359500,0.0,0.0
2014-12-09 00:00:00-05:00,103.97548603938195,104.43904486628053,103.13782765083657,104.39025115966797,472100,0.0,0.0
2014-12-10 00:00:00-05:00,103.20288454293619,103.21101889516758,101.75528008038714,102.05618286132812,508800,0.0,0.0
2014-12-11 00:00:00-05:00,102.91826475637511,103.55260785350244,102.365246583678,102.54415893554688,251900,0.0,0.0
2014-12-12 00:00:00-05:00,102.19444737620714,102.5278813788226,101.2673235188073,101.2835922241211,350100,0.0,0.0
2014-12-15 00:00:00-05:00,100.47032496400799,100.68990283568553,98.45343374386528,98.85193634033203,597000,0.0,0.0
2014-12-16 00:00:00-05:00,99.51068151336108,100.42153666253787,99.01459148265775,99.16911315917969,543500,0.0,0.0
2014-12-17 00:00:00-05:00,99.21788787749776,100.54350168676213,99.21788787749776,100.21006774902344,338000,0.0,0.0
2014-12-18 00:00:00-05:00,100.95015324779567,101.48690884522007,100.69804415459564,101.44624328613281,306700,0.0,0.0
2014-12-19 00:00:00-05:00,103.0565041759702,103.65831598312883,102.89384814383735,103.29235076904297,396700,0.0,0.0
2014-12-22 00:00:00-05:00,102.71492626805689,103.19474755768918,102.41401729010082,102.9914321899414,598000,0.0,0.0
2014-12-23 00:00:00-05:00,103.07276632867476,103.53632516047452,102.92637900259625,103.08903503417969,188200,0.0,0.0
2014-12-24 00:00:00-05:00,103.44686589427691,103.55259386597945,103.08903503417969,103.08903503417969,80000,0.0,0.0
2014-12-26 00:00:00-05:00,103.28421744571456,104.33331939113546,103.28421744571456,104.1788101196289,160100,0.0,0.0
2014-12-29 00:00:00-05:00,103.34927457142858,103.77216782816568,103.17035604579995,103.58512115478516,203600,0.0,0.0
2014-12-30 00:00:00-05:00,102.43841783608715,102.52787709749808,101.92606532457326,102.39775848388672,169100,0.0,0.0
2014-12-31 00:00:00-05:00,102.14564496687606,102.64173498703148,101.98299514587455,102.04805755615234,151100,0.0,0.0
2015-01-02 00:00:00-05:00,102.65800636269374,102.99144036582932,101.5682326786147,102.20257568359375,250000,0.0,0.0
2015-01-05 00:00:00-05:00,101.2022589182971,101.34051187853262,100.07182597577355,100.33206939697266,240600,0.0,0.0
2015-01-06 00:00:00-05:00,100.35646725286026,100.61671067666457,98.57542263716324,99.29922485351562,285600,0.0,0.0
2015-01-07 00:00:00-05:00,102.0805845084087,102.51974647914122,101.70648494919799,101.79594421386719,385700,0.0,0.0
2015-01-08 00:00:00-05:00,102.83691567214665,103.8534925617673,102.83691567214665,103.75590515136719,498800,0.0,0.0
2015-01-09 00:00:00-05:00,103.91041844905662,103.91041844905662,102.45468583365503,102.5360107421875,150300,0.0,0.0
2015-01-12 00:00:00-05:00,102.87757088772217,103.88601332353699,101.9341846507366,102.50347137451172,306700,0.0,0.0
2015-01-13 00:00:00-05:00,103.32489215713004,103.99176644285576,102.17005593161501,102.80440521240234,252900,0.0,0.0
2015-01-14 00:00:00-05:00,101.99925623057247,102.45468689150363,101.35677889855468,102.3245620727539,363800,0.0,0.0
2015-01-15 00:00:00-05:00,103.99174385152534,104.39836837185766,102.98329518608533,103.10528564453125,310400,0.0,0.0
2015-01-16 00:00:00-05:00,104.35772403357588,104.91073590977331,104.1381399489041,104.81314849853516,441600,0.0,0.0
2015-01-20 00:00:00-05:00,105.31736898127858,105.55320936674377,104.71555097686365,105.04086303710938,436700,0.0,0.0
2015-01-21 00:00:00-05:00,104.39025062618069,104.76435639060875,104.1056041265472,104.63423156738281,606700,0.0,0.0
2015-01-22 00:00:00-05:00,104.88633570731831,105.91104072075174,104.06493986236912,105.61013793945312,235500,0.0,0.0
2015-01-23 00:00:00-05:00,105.72399280344406,105.89478317502537,105.31736206189235,105.4474868774414,292900,0.0,0.0
2015-01-26 00:00:00-05:00,106.52097455750709,107.60261370721297,106.52097455750709,107.23664855957031,350600,0.0,0.0
2015-01-27 00:00:00-05:00,106.64298053054806,107.1309299669098,106.43966516305102,106.61858367919922,301000,0.0,0.0
2015-01-28 00:00:00-05:00,107.53756337535782,107.69208504399872,106.29327428809295,106.49658966064453,304100,0.0,0.0
2015-01-29 00:00:00-05:00,106.92763512056057,107.49691577692941,106.48847930261535,107.47251892089844,411800,0.0,0.0
2015-01-30 00:00:00-05:00,105.30922889342428,105.70771905913875,104.65861725608484,104.78874206542969,273900,0.0,0.0
2015-02-02 00:00:00-05:00,105.80531463023006,106.6429728915644,105.48814317602952,106.61043548583984,280200,0.0,0.0
2015-02-03 00:00:00-05:00,105.35802591884057,106.67550552921809,105.25229795673883,106.61858367919922,458000,0.0,0.0
2015-02-04 00:00:00-05:00,107.51317187544343,109.17223234730886,107.51317187544343,107.90353393554688,471300,0.0,0.0
2015-02-05 00:00:00-05:00,106.52099712615609,107.28546498862192,106.3583472937858,107.13908386230469,448000,0.0,0.0
2015-02-06 00:00:00-05:00,105.53694027201334,106.12248950005824,105.2116282512191,105.3742904663086,384900,0.0,0.0
2015-02-09 00:00:00-05:00,105.29297212793342,105.52068436541232,104.87821321167964,105.04086303710938,186000,0.0,0.0
2015-02-10 00:00:00-05:00,105.48815036812546,106.58604590318816,105.48815036812546,106.41526794433594,229100,0.0,0.0
2015-02-11 00:00:00-05:00,106.37460930486861,106.74057450701547,106.32581559916717,106.55352783203125,449200,0.0,0.0
2015-02-12 00:00:00-05:00,106.85443840689015,107.34240031822051,106.69991672132264,107.20414733886719,327600,0.0,0.0
2015-02-13 00:00:00-05:00,107.34239267680061,107.99299196641081,107.34239267680061,107.7490234375,301000,0.0,0.0
2015-02-17 00:00:00-05:00,107.35051834017926,107.91167076245918,107.35051834017926,107.41558074951172,365400,0.0,0.0
2015-02-18 00:00:00-05:00,108.70052413708311,109.26980464795784,108.69238358089491,109.1071548461914,258400,0.0,0.0
2015-02-19 00:00:00-05:00,109.3836700331953,110.18880337293737,109.28608262573039,110.01801300048828,218600,0.0,0.0
2015-02-20 00:00:00-05:00,110.55477090010355,111.40869796165065,110.48970849062145,111.33549499511719,239800,0.0,0.0
2015-02-23 00:00:00-05:00,111.33550368651304,111.57948463877081,110.9370134602325,111.40056610107422,199800,0.0,0.0
2015-02-24 00:00:00-05:00,111.90479382353672,112.79937407954559,111.61201917026068,112.50659942626953,335000,0.0,0.0
2015-02-25 00:00:00-05:00,111.25416671448033,111.53067262394062,110.92072654810399,111.31108856201172,236800,0.0,0.0
2015-02-26 00:00:00-05:00,111.31923568652954,111.79092883546734,111.11592031592112,111.2541732788086,258000,0.0,0.0
2015-02-27 00:00:00-05:00,110.07494548750134,110.44091066898362,110.07494548750134,110.09120178222656,219900,0.0,0.0
2015-03-02 00:00:00-05:00,109.99362270023188,110.60356885198918,109.99362270023188,110.49784088134766,254500,0.0,0.0
2015-03-03 00:00:00-05:00,110.09119610632764,110.47342997221386,109.84722760417444,110.11559295654297,208000,0.0,0.0
2015-03-04 00:00:00-05:00,110.11561123312514,110.2701329163922,109.3023496659399,110.21321105957031,205500,0.0,0.0
2015-03-05 00:00:00-05:00,109.75778286187366,110.1318762208924,109.50566136067337,109.70897674560547,232900,0.0,0.0
2015-03-06 00:00:00-05:00,110.05055271074048,110.58729587240803,109.54632213972717,109.70084381103516,184700,0.0,0.0
2015-03-09 00:00:00-04:00,110.19691927200057,110.31890351777312,109.74149487527087,110.10746002197266,174100,0.0,0.0
2015-03-10 00:00:00-04:00,109.09902314305117,109.28608221917705,108.65173925424389,108.72492980957031,220900,0.0,0.0
2015-03-11 00:00:00-04:00,109.13970061397151,109.34301600722011,108.83879780296736,108.97705078125,222700,0.0,0.0
2015-03-12 00:00:00-04:00,110.74181846293051,111.96171072942154,110.74181846293051,111.84785461425781,313200,0.0,0.0
2015-03-13 00:00:00-04:00,110.4897198117481,110.91261931202047,110.16442014039215,110.74182891845703,393200,0.0,0.0
2015-03-16 00:00:00-04:00,111.70959686524532,112.34393982391934,111.54694705188524,111.8397216796875,271000,0.0,0.0
2015-03-17 00:00:00-04:00,111.49000815166114,111.71772036276458,111.09151798692253,111.38429260253906,816400,0.0,0.0
2015-03-18 00:00:00-04:00,113.12467623478139,114.0680501154702,112.6285862382239,113.92166900634766,457900,0.0,0.0
2015-03-19 00:00:00-04:00,113.97046750515022,114.33643270274136,113.57196489790586,113.93794250488281,310600,0.0,0.0
2015-03-20 00:00:00-04:00,116.00361794281966,116.70302331761422,115.91415868292552,116.36958312988281,406900,0.0,0.0
2015-03-23 00:00:00-04:00,118.19128702156465,118.57352089259415,117.88224370216595,118.18315887451172,480700,0.0,0.0
2015-03-24 00:00:00-04:00,118.10998633876794,118.10998633876794,117.43497767794737,117.53257751464844,303700,0.0,0.0
2015-03-25 00:00:00-04:00,118.12624545981785,118.12624545981785,116.93074993470248,116.95514678955078,328600,0.0,0.0
2015-03-26 00:00:00-04:00,116.29638974130856,116.83314528759782,116.06054937608853,116.38584899902344,324400,0.0,0.0
2015-03-27 00:00:00-04:00,117.41031886902,117.55054325946918,116.89891078781267,117.45980834960938,238100,2.012,0.0
2015-03-30 00:00:00-04:00,116.85767777291403,117.90525137325022,116.61847439587436,117.58355712890625,484100,0.0,0.0
2015-03-31 00:00:00-04:00,116.206033750471,116.25552323142814,115.24095111279262,115.38941955566406,555100,0.0,0.0
2015-04-01 00:00:00-04:00,114.10264805694109,114.37485280131004,113.64072943122599,114.22637176513672,358900,0.0,0.0
2015-04-02 00:00:00-04:00,115.33993324030423,116.22252504305214,115.17496410380669,115.49665832519531,249000,0.0,0.0
2015-04-06 00:00:00-04:00,115.48017827525558,116.47826249691013,115.48017827525558,116.00808715820312,157800,0.0,0.0
2015-04-07 00:00:00-04:00,115.5626567350956,116.00807469402498,115.19146041859202,115.24920654296875,260800,0.0,0.0
2015-04-08 00:00:00-04:00,115.3646815180049,115.78535471692025,115.10072082244636,115.43067169189453,142100,0.0,0.0
2015-04-09 00:00:00-04:00,114.73779634587095,115.57914276276914,114.65530548005474,115.40592956542969,276700,0.0,0.0
2015-04-10 00:00:00-04:00,114.4161034054518,115.33169664650816,114.37485797207574,115.19145965576172,320300,0.0,0.0
2015-04-13 00:00:00-04:00,113.55823369018891,113.83043842286503,113.17054930604458,113.46749877929688,320200,0.0,0.0
2015-04-14 00:00:00-04:00,114.39960741467283,114.63881079993847,113.93768874909803,114.37486267089844,171600,0.0,0.0
2015-04-15 00:00:00-04:00,114.84502193292217,114.96875823441017,114.39134733347804,114.72129821777344,177600,0.0,0.0
2015-04-16 00:00:00-04:00,114.80377071537409,115.06773140951229,114.4820764858548,114.63880157470703,186500,0.0,0.0
2015-04-17 00:00:00-04:00,114.64706613435413,114.68005493023144,113.8304518400714,114.18513488769531,253900,0.0,0.0
2015-04-20 00:00:00-04:00,114.44084330805137,114.93575072861509,114.35835244478811,114.43258666992188,151600,0.0,0.0
2015-04-21 00:00:00-04:00,116.61022115691975,117.04739507643129,116.53598692598526,116.57723236083984,365800,0.0,0.0
2015-04-22 00:00:00-04:00,116.69270880261216,117.03914779040791,116.44524878666111,116.84943389892578,163600,0.0,0.0
2015-04-23 00:00:00-04:00,116.43699329028117,116.5359722523976,115.9915627880812,116.32975769042969,393000,0.0,0.0
2015-04-24 00:00:00-04:00,116.51947381091543,116.6926995842987,116.28851450396323,116.47824096679688,277500,0.0,0.0
2015-04-27 00:00:00-04:00,116.27204193865113,116.51124532912489,115.93384698458482,116.02458190917969,273000,0.0,0.0
2015-04-28 00:00:00-04:00,117.27835366877967,117.82276319821368,116.79994690376866,117.17937469482422,421900,0.0,0.0
2015-04-29 00:00:00-04:00,116.57722067476763,117.51755859802763,115.53790378685026,116.13179016113281,282900,0.0,0.0
2015-04-30 00:00:00-04:00,115.48014859263414,115.74410925943066,114.41608704716187,114.67179107666016,246800,0.0,0.0
2015-05-01 00:00:00-04:00,114.44907485691616,115.44715881347656,114.42433011790813,115.44715881347656,247100,0.0,0.0
2015-05-04 00:00:00-04:00,115.30693256902352,115.83484136085926,115.13371937985623,115.52964782714844,172000,0.0,0.0
2015-05-05 00:00:00-04:00,115.03474910547526,115.31519791906433,113.37677579444117,113.45926666259766,266100,0.0,0.0
2015-05-06 00:00:00-04:00,113.26955359766717,113.8222071766064,112.59316371558846,113.1375732421875,322500,0.0,0.0
2015-05-07 00:00:00-04:00,112.89010232865564,113.87992972655856,112.8736016392281,113.76445007324219,208500,0.0,0.0
2015-05-08 00:00:00-04:00,115.06772671520734,117.41032114159148,114.96049111429615,117.22885131835938,319400,0.0,0.0
2015-05-11 00:00:00-04:00,113.73145797766743,114.12738640806215,113.35201764988317,113.37676239013672,756700,0.0,0.0
2015-05-12 00:00:00-04:00,113.42625912684187,113.87168965257703,113.00558592928195,113.54999542236328,579400,0.0,0.0
2015-05-13 00:00:00-04:00,113.29430197256976,113.78096538936867,112.60966801620556,112.69214630126953,359700,0.0,0.0
2015-05-14 00:00:00-04:00,113.60772999641556,113.82220120941109,112.97259816835329,113.78919982910156,150400,0.0,0.0
2015-05-15 00:00:00-04:00,114.36660361380503,114.97700331545896,114.36660361380503,114.96050262451172,177700,0.0,0.0
2015-05-18 00:00:00-04:00,114.97698282897517,115.05947368267383,114.77901233190066,115.00997161865234,141300,0.0,0.0
2015-05-19 00:00:00-04:00,115.35644423154706,115.67813848166398,114.88626893488569,115.09248352050781,223700,0.0,0.0
2015-05-20 00:00:00-04:00,114.82026114662683,115.19144482654865,114.46557815519905,114.66353607177734,121000,0.0,0.0
2015-05-21 00:00:00-04:00,114.47383239062464,115.1089767976075,114.47383239062464,115.01824188232422,141900,0.0,0.0
2015-05-22 00:00:00-04:00,113.81394658790907,114.37485678606102,113.75621305085257,114.01191711425781,202800,0.0,0.0
2015-05-26 00:00:00-04:00,114.21812933687194,114.21812933687194,113.12106629203556,113.5829849243164,293200,0.0,0.0
2015-05-27 00:00:00-04:00,114.42434599781419,114.65530531816668,114.08615106931983,114.46559143066406,247000,0.0,0.0
2015-05-28 00:00:00-04:00,114.53159308524715,115.44718640639101,114.50684834032491,115.26571655273438,220000,0.0,0.0
2015-05-29 00:00:00-04:00,114.44084252067526,114.44084252067526,113.4262577721399,113.73970794677734,310600,0.0,0.0
2015-06-01 00:00:00-04:00,113.66547851886486,113.8139469743763,112.84886425453475,113.20355987548828,280100,0.0,0.0
2015-06-02 00:00:00-04:00,112.79112619223734,113.12930852278119,112.56841093156619,112.6509017944336,275900,0.0,0.0
2015-06-03 00:00:00-04:00,113.42625617804775,113.73146229666168,113.00558299142425,113.36852264404297,240300,0.0,0.0
2015-06-04 00:00:00-04:00,112.94783641103794,113.44275640556369,112.70038900011338,112.8818588256836,231000,0.0,0.0
2015-06-05 00:00:00-04:00,112.17248370606008,112.17248370606008,111.57032809048984,111.77654266357422,167200,0.0,0.0
2015-06-08 00:00:00-04:00,110.18456007351537,110.44850815311622,109.39269066203819,109.82986450195312,304900,0.0,0.0
2015-06-09 00:00:00-04:00,109.29373044282896,109.49170097622272,108.81531109354867,109.1287612915039,236300,0.0,0.0
2015-06-10 00:00:00-04:00,110.39902254468332,111.0176662175319,110.30828763587868,110.72897338867188,166200,0.0,0.0
2015-06-11 00:00:00-04:00,111.55384319697754,111.7765458801535,111.27338180389458,111.50434112548828,152600,0.0,0.0
2015-06-12 00:00:00-04:00,111.72703890737569,112.07347783554127,111.43008945661418,111.76004028320312,191400,0.0,0.0
2015-06-15 00:00:00-04:00,111.52083860676377,112.04050335856479,111.49609386490074,111.77654266357422,292700,0.0,0.0
2015-06-16 00:00:00-04:00,111.9332674919777,112.32095189537961,111.77654240298476,112.23021697998047,179200,0.0,0.0
2015-06-17 00:00:00-04:00,110.78671570649752,111.4301041703807,110.32479707461613,111.2486343383789,344900,0.0,0.0
2015-06-18 00:00:00-04:00,110.11858330626245,111.2321470483894,110.11858330626245,110.92694091796875,246300,0.0,0.0
2015-06-19 00:00:00-04:00,110.92694364901547,111.0424233106738,110.4815256930017,110.54751586914062,179800,0.0,0.0
2015-06-22 00:00:00-04:00,111.48786764502927,112.46945118372486,111.48786764502927,111.75181579589844,263100,0.0,0.0
2015-06-23 00:00:00-04:00,112.96432981725145,113.21178979855951,112.83234948237548,113.08806610107422,270500,0.0,0.0
2015-06-24 00:00:00-04:00,112.18897032955489,112.18897032955489,111.62807273960827,111.68580627441406,149000,0.0,0.0
2015-06-25 00:00:00-04:00,111.6445753825676,111.77654314429175,111.2321462346251,111.2486343383789,180800,0.0,0.0
2015-06-26 00:00:00-04:00,111.63632185854934,112.08175239910261,111.479596764145,111.73531341552734,138900,0.0,0.0
2015-06-29 00:00:00-04:00,110.61350330295959,110.63824804510583,109.211234120866,109.25247955322266,191100,0.0,0.0
2015-06-30 00:00:00-04:00,110.7124676828525,110.92692628197337,110.15981420384563,110.32478332519531,216300,0.0,0.0
2015-07-01 00:00:00-04:00,110.30005166014543,110.39903062741975,109.82163234108842,110.2010726928711,157100,0.0,0.0
2015-07-02 00:00:00-04:00,109.4752018505027,109.64841505665186,109.23598587927242,109.49994659423828,276800,0.0,0.0
2015-07-06 00:00:00-04:00,109.08750813206228,109.7886427084673,108.98852916554432,109.48343658447266,132000,0.0,0.0
2015-07-07 00:00:00-04:00,109.09574874567335,109.32670805116227,107.85021730633395,109.19474029541016,288600,0.0,0.0
2015-07-08 00:00:00-04:00,107.32231643113518,107.34706117380786,105.53237538855551,105.67259979248047,717300,0.0,0.0
2015-07-09 00:00:00-04:00,107.36356674919715,107.66876031360545,106.34898190809876,106.43147277832031,186900,0.0,0.0
2015-07-10 00:00:00-04:00,107.69350489133276,108.77406732333446,107.1655960472121,108.4853744506836,401900,0.0,0.0
2015-07-13 00:00:00-04:00,109.72265282680334,110.21756024704631,109.72265282680334,110.069091796875,214900,0.0,0.0
2015-07-14 00:00:00-04:00,109.81338344643125,110.28354610658852,109.64840172646494,110.07733154296875,195300,0.0,0.0
2015-07-15 00:00:00-04:00,110.58875628642699,111.04241827400371,110.35778438724763,110.52276611328125,294100,0.0,0.0
2015-07-16 00:00:00-04:00,112.37871228465322,112.50243600938778,111.90029290511248,111.99102783203125,441200,0.0,0.0
2015-07-17 00:00:00-04:00,111.1083996972409,111.76004473927563,111.1083996972409,111.6528091430664,186100,0.0,0.0
2015-07-20 00:00:00-04:00,112.00749935829941,112.27146004711508,111.6940617732538,111.80128479003906,353700,0.0,0.0
2015-07-21 00:00:00-04:00,111.2816329822658,111.38061194770982,110.65473263755125,110.99292755126953,200500,0.0,0.0
2015-07-22 00:00:00-04:00,110.36604102535246,110.88569318607492,110.36604102535246,110.52276611328125,196400,0.0,0.0
2015-07-23 00:00:00-04:00,110.27530078662954,110.4650146588028,109.77213675373166,109.91236114501953,196100,0.0,0.0
2015-07-24 00:00:00-04:00,110.21756808094025,110.44028335836568,109.14526230102862,109.33497619628906,130200,0.0,0.0
2015-07-27 00:00:00-04:00,108.46887309338938,108.77406665545314,108.22966970972797,108.70807647705078,187700,0.0,0.0
2015-07-28 00:00:00-04:00,108.12242558850822,108.81530352770184,107.53677066773403,108.74931335449219,383500,0.0,0.0
2015-07-29 00:00:00-04:00,108.64207714552357,109.57415833638932,108.55134224166899,109.35145568847656,212500,0.0,0.0
2015-07-30 00:00:00-04:00,108.88128865528046,109.23597166021527,108.2626449697391,109.10400390625,270100,0.0,0.0
2015-07-31 00:00:00-04:00,110.12682702314557,110.2918087520986,109.74739925376669,110.0855941772461,226200,0.0,0.0
2015-08-03 00:00:00-04:00,109.2442499770559,110.02786295031241,108.88131026236687,109.8546371459961,315100,0.0,0.0
2015-08-04 00:00:00-04:00,108.3616246027237,108.37812529194827,105.89530648301812,107.10784912109375,515200,0.0,0.0
2015-08-05 00:00:00-04:00,106.12626033973112,106.39020842208642,105.72207528567192,105.83755493164062,476500,0.0,0.0
2015-08-06 00:00:00-04:00,106.37373630191672,106.77790883036243,106.11801964582456,106.25,278800,0.0,0.0
2015-08-07 00:00:00-04:00,107.11608865710241,107.23156830413028,106.83563988379724,107.19032287597656,163900,0.0,0.0
2015-08-10 00:00:00-04:00,107.64399768179074,108.41110978474767,107.28931468872574,108.13066101074219,300900,0.0,0.0
2015-08-11 00:00:00-04:00,106.94287923450479,106.94287923450479,106.15102227284117,106.41497039794922,236100,0.0,0.0
2015-08-12 00:00:00-04:00,104.99622526463764,105.32616987941734,103.95690193069115,105.10345458984375,768000,0.0,0.0
2015-08-13 00:00:00-04:00,104.88073680772554,105.70558883582291,104.64152713937777,105.40864562988281,188700,0.0,0.0
2015-08-14 00:00:00-04:00,105.40864185047067,105.77983185763358,105.23542236439573,105.73858642578125,130600,0.0,0.0
2015-08-17 00:00:00-04:00,105.16942482170683,105.57360359422846,104.83948026951475,105.47462463378906,155700,0.0,0.0
2015-08-18 00:00:00-04:00,105.26015973088887,105.63960005646955,105.11993534148714,105.47462463378906,185400,0.0,0.0
2015-08-19 00:00:00-04:00,104.25383279330869,104.76524716933288,103.65993385164677,103.96513366699219,286500,0.0,0.0
2015-08-20 00:00:00-04:00,102.72785483756036,102.72785483756036,101.0038976946114,101.0451431274414,536700,0.0,0.0
2015-08-21 00:00:00-04:00,100.71520072453437,101.01215022646412,98.08390693405919,98.19938659667969,504600,0.0,0.0
2015-08-24 00:00:00-04:00,90.92413073932208,95.72480566483661,89.9672921162641,93.63790893554688,1009000,0.0,0.0
2015-08-25 00:00:00-04:00,97.09407278755116,97.09407278755116,93.51419067382812,93.51419067382812,576800,0.0,0.0
2015-08-26 00:00:00-04:00,96.34346202048721,97.29204413003251,94.90820389749037,97.20130920410156,395600,0.0,0.0
2015-08-27 00:00:00-04:00,97.885929822919,98.88400757884739,97.5972306857776,98.62830352783203,399600,0.0,0.0
2015-08-28 00:00:00-04:00,99.82434047353951,100.31101010289606,99.25519257278076,99.61812591552734,285800,0.0,0.0
2015-08-31 00:00:00-04:00,98.26535691828029,98.37259251389197,97.48999447529145,97.64671325683594,243000,0.0,0.0
2015-09-01 00:00:00-04:00,95.33712170809234,95.62582084804998,94.09983428555732,94.31429290771484,426000,0.0,0.0
2015-09-02 00:00:00-04:00,96.7146289809699,97.07756862166352,95.85677565316524,97.01982879638672,266100,0.0,0.0
2015-09-03 00:00:00-04:00,99.13970464539048,99.34591918618334,98.43857017216006,98.66128540039062,352100,0.0,0.0
2015-09-04 00:00:00-04:00,96.24446778940616,96.42593762437541,95.55158353708444,96.09599304199219,262200,0.0,0.0
2015-09-08 00:00:00-04:00,99.1479678177025,100.08830580161886,99.09022798687147,100.00582122802734,398400,0.0,0.0
2015-09-09 00:00:00-04:00,101.6720407983752,101.79577080806743,99.3459405302064,99.49441528320312,1331300,0.0,0.0
2015-09-10 00:00:00-04:00,98.12515098657786,98.12515098657786,96.8383739425817,97.28379821777344,2073300,0.0,0.0
2015-09-11 00:00:00-04:00,96.08774017686427,96.59090423583984,95.59282646285352,96.59090423583984,531200,0.0,0.0
2015-09-14 00:00:00-04:00,96.28571734950552,96.55791582045792,95.68356798885682,95.9722671508789,351200,0.0,0.0
2015-09-15 00:00:00-04:00,98.20763082150751,99.09022898346956,97.90243726683245,98.95000457763672,442200,0.0,0.0
2015-09-16 00:00:00-04:00,100.47598060842634,100.90491041914201,100.25327165171669,100.63270568847656,439600,0.0,0.0
2015-09-17 00:00:00-04:00,99.83260173553428,101.30909888754988,99.70062767642176,100.00582122802734,243300,0.0,0.0
2015-09-18 00:00:00-04:00,98.46334104128714,99.07373444292631,97.91893152318788,98.0096664428711,250300,0.0,0.0
2015-09-21 00:00:00-04:00,98.6447990650682,98.99948837856343,97.90243164473941,98.51282501220703,173800,0.0,0.0
2015-09-22 00:00:00-04:00,97.06933150072186,97.23430065450933,95.69181955777006,96.98684692382812,372700,0.0,0.0
2015-09-23 00:00:00-04:00,96.76411698526084,97.11880627602605,96.18671874130298,96.92909240722656,231300,0.0,0.0
2015-09-24 00:00:00-04:00,96.93736138722123,97.11883125146656,95.68357932369881,96.96211242675781,535800,0.0,0.0
2015-09-25 00:00:00-04:00,98.38909778270953,98.97474642508644,97.46526050714908,97.75395965576172,292400,0.0,0.0
2015-09-28 00:00:00-04:00,98.32101035931207,98.3293756209687,95.95415177648897,96.36396026611328,311700,1.628,0.0
2015-09-29 00:00:00-04:00,95.32688522393535,95.74505894922211,94.64108056969803,95.55269622802734,345800,0.0,0.0
2015-09-30 00:00:00-04:00,97.2170355674782,98.1872017697338,97.09994742318189,98.08683776855469,235100,0.0,0.0
2015-10-01 00:00:00-04:00,99.09880391394668,99.41662001696893,98.04501075995286,98.97335052490234,278000,0.0,0.0
2015-10-02 00:00:00-04:00,99.78460325278301,101.04748957545362,99.17407324239609,100.97222137451172,557000,0.0,0.0
2015-10-05 00:00:00-04:00,101.85875409568453,102.79546551282064,101.83366469375827,102.30201721191406,338300,0.0,0.0
2015-10-06 00:00:00-04:00,101.13113403320312,101.41549548960418,100.67114675550769,101.13113403320312,350100,0.0,0.0
2015-10-07 00:00:00-04:00,102.48601155975967,103.029638648036,102.19329124478759,102.62818908691406,240700,0.0,0.0
2015-10-08 00:00:00-04:00,102.68673164769841,103.46453497657389,102.12638042711723,103.27217864990234,254200,0.0,0.0
2015-10-09 00:00:00-04:00,103.69035738710069,104.2005234500662,102.31038284866575,102.53619384765625,398800,0.0,0.0
2015-10-12 00:00:00-04:00,102.66163722182704,103.23871893524311,102.52781858301941,102.96272277832031,314500,0.0,0.0
2015-10-13 00:00:00-04:00,101.60784090454224,101.99255993173117,101.08094435485779,101.25657653808594,341400,0.0,0.0
2015-10-14 00:00:00-04:00,101.19803854976304,101.45730420996884,100.27805765729372,100.40351104736328,187400,0.0,0.0
2015-10-15 00:00:00-04:00,101.81694245024761,102.49438826145992,101.40713396354143,102.40238952636719,263300,0.0,0.0
2015-10-16 00:00:00-04:00,103.40599883036319,103.8325378190632,103.0547344306454,103.67362976074219,265200,0.0,0.0
2015-10-19 00:00:00-04:00,103.16346092754992,103.34745839505521,102.72019778173713,103.33073425292969,164700,0.0,0.0
2015-10-20 00:00:00-04:00,102.60309863971288,102.78709608748358,102.16820080202017,102.21001434326172,244100,0.0,0.0
2015-10-21 00:00:00-04:00,103.74053820814082,104.4179775991081,103.37254328918345,103.4561767578125,162900,0.0,0.0
2015-10-22 00:00:00-04:00,104.31762794093125,105.02852204970459,104.08344527776433,104.73580169677734,271200,0.0,0.0
2015-10-23 00:00:00-04:00,104.87796793751836,105.34632045171801,104.54342769273673,105.16232299804688,215200,0.0,0.0
2015-10-26 00:00:00-04:00,105.09543132974805,105.24596775618562,104.54343890950977,104.8194351196289,218500,0.0,0.0
2015-10-27 00:00:00-04:00,104.45143155125272,104.71069721648416,104.14198070052599,104.40125274658203,206000,0.0,0.0
2015-10-28 00:00:00-04:00,104.81941802219269,105.75612299830482,104.48487779608517,105.68085479736328,193100,0.0,0.0
2015-10-29 00:00:00-04:00,103.14673913191378,103.21364846358782,102.41911450681506,103.07146453857422,267800,0.0,0.0
2015-10-30 00:00:00-04:00,103.05473229632811,103.33908736235585,102.52782932683915,102.55292510986328,196600,0.0,0.0
2015-11-02 00:00:00-05:00,103.02127145340924,103.29726762269792,102.7536405446268,103.12163543701172,573400,0.0,0.0
2015-11-03 00:00:00-05:00,103.16346000807377,103.3056375477607,102.75365153098949,103.19691467285156,569600,0.0,0.0
2015-11-04 00:00:00-05:00,103.2721931181083,103.61509227843464,102.92928757695687,103.33909606933594,302200,0.0,0.0
2015-11-05 00:00:00-05:00,104.25070600527738,104.70233437269087,104.2088860824185,104.42633819580078,319600,0.0,0.0
2015-11-06 00:00:00-05:00,103.01291223757396,103.02964275956819,102.27692879044172,102.80382537841797,277500,0.0,0.0
2015-11-09 00:00:00-05:00,102.8038167639176,102.86236082434256,101.79183721610093,102.21837615966797,189000,0.0,0.0
2015-11-10 00:00:00-05:00,103.03799130267106,103.48126075950431,102.93763370407207,103.36416625976562,202700,0.0,0.0
2015-11-11 00:00:00-05:00,103.74052677971707,103.74052677971707,103.0630874633789,103.0630874633789,146800,0.0,0.0
2015-11-12 00:00:00-05:00,102.77873822085344,102.77873822085344,101.62458103020339,101.80857849121094,282000,0.0,0.0
2015-11-13 00:00:00-05:00,102.1514832655729,102.44420361476907,101.36531457273888,101.42385864257812,289500,0.0,0.0
2015-11-16 00:00:00-05:00,101.19803848793204,102.10965411895319,101.18967322704597,102.06784057617188,183900,0.0,0.0
2015-11-17 00:00:00-05:00,102.6951073303422,103.43945607341911,102.49438572275935,102.9961929321289,225000,0.0,0.0
2015-11-18 00:00:00-05:00,103.38090075456257,104.5016031874962,103.18853804847926,104.46815490722656,217500,0.0,0.0
2015-11-19 00:00:00-05:00,103.58997713024196,104.10014949391359,103.50634367637294,103.61506652832031,213000,0.0,0.0
2015-11-20 00:00:00-05:00,103.73216926022242,103.82416798669199,103.16345276060353,103.43108367919922,158700,0.0,0.0
2015-11-23 00:00:00-05:00,103.37254305435293,103.61508457940343,102.58638079403627,102.97109985351562,175700,0.0,0.0
2015-11-24 00:00:00-05:00,103.54816847270946,103.86598456512397,103.07145071491193,103.72380065917969,242600,0.0,0.0
2015-11-25 00:00:00-05:00,103.72380097347802,103.72380097347802,103.38090186004213,103.5899887084961,110500,0.0,0.0
2015-11-27 00:00:00-05:00,104.10852399021994,104.32596971340682,103.92452654688942,104.01652526855469,63900,0.0,0.0
2015-11-30 00:00:00-05:00,104.37617338111095,104.40962166689141,103.87435976285086,104.05835723876953,189700,0.0,0.0
2015-12-01 00:00:00-05:00,105.17068106100935,105.69757760342313,105.0034141404785,105.31285858154297,201100,0.0,0.0
2015-12-02 00:00:00-05:00,106.05721448386373,106.25794245922738,104.93651200179332,105.16232299804688,252600,0.0,0.0
2015-12-03 00:00:00-05:00,105.90666236495768,105.92339288517665,104.1503342105743,104.30924224853516,601400,0.0,0.0
2015-12-04 00:00:00-05:00,104.19216422717382,105.296142578125,104.19216422717382,105.296142578125,279900,0.0,0.0
2015-12-07 00:00:00-05:00,104.95323169643133,105.04523041936947,104.13361483130416,104.66887664794922,161000,0.0,0.0
2015-12-08 00:00:00-05:00,102.95436709719174,102.95436709719174,102.00093153986218,102.46928405761719,516000,0.0,0.0
2015-12-09 00:00:00-05:00,103.79071053032612,104.31761347334526,102.91254959333465,103.62344360351562,340900,0.0,0.0
2015-12-10 00:00:00-05:00,104.54343000328292,104.87797025545835,104.2088897511075,104.45143127441406,255600,0.0,0.0
2015-12-11 00:00:00-05:00,103.74053452103541,103.89107731154701,102.79546423554973,103.43108367919922,463000,0.0,0.0
2015-12-14 00:00:00-05:00,103.36417606293166,103.60671758392198,101.75839052481425,102.45256042480469,414400,0.0,0.0
2015-12-15 00:00:00-05:00,102.5111073359054,102.84564759417408,102.13475353336857,102.17656707763672,245200,0.0,0.0
2015-12-16 00:00:00-05:00,104.5936093095858,106.12412666357409,104.41797711203668,105.93177032470703,493100,0.0,0.0
2015-12-17 00:00:00-05:00,105.67249432929175,105.90667058393981,104.30088508278938,104.37615966796875,352800,0.0,0.0
2015-12-18 00:00:00-05:00,104.40125909899808,104.54343664143244,103.6652692213144,104.03326416015625,359000,0.0,0.0
2015-12-21 00:00:00-05:00,104.3343430014154,104.86960485183846,103.41436209480231,104.2507095336914,274100,0.0,0.0
2015-12-22 00:00:00-05:00,104.94486233448158,105.37976012425743,104.37614591349868,105.02849578857422,332800,0.0,0.0
2015-12-23 00:00:00-05:00,105.93175957380713,106.45029085275803,105.57212995413602,106.34156799316406,298400,0.0,0.0
2015-12-24 00:00:00-05:00,104.87796399665038,105.47176987793348,104.87796399665038,105.18740844726562,102300,0.0,0.0
2015-12-28 00:00:00-05:00,104.06671928462349,104.41798370189014,103.89945233758937,104.10017395019531,283800,0.0,0.0
2015-12-29 00:00:00-05:00,103.78234715820662,104.61033568921049,103.78234715820662,104.34270477294922,160400,0.0,0.0
2015-12-30 00:00:00-05:00,104.04162351749056,104.06671291992872,102.96273454687754,103.05473327636719,334100,0.0,0.0
2015-12-31 00:00:00-05:00,103.1634557287186,103.98307902971301,102.57801507145444,102.90419006347656,221000,0.0,0.0
2016-01-04 00:00:00-05:00,101.63293484540912,102.2518365253762,100.50386711374391,101.58275604248047,413500,0.0,0.0
2016-01-05 00:00:00-05:00,101.64967240572658,101.64967240572658,100.49551519267675,101.31513214111328,306400,0.0,0.0
2016-01-06 00:00:00-05:00,99.16571347180626,99.358076186236,98.48827410252981,99.00680541992188,277600,0.0,0.0
2016-01-07 00:00:00-05:00,97.08322390722336,97.55157648743422,96.5646861356861,96.65668487548828,407500,0.0,0.0
2016-01-08 00:00:00-05:00,97.28392051674898,97.58500606399198,94.4403383376893,94.55742645263672,635800,0.0,0.0
2016-01-11 00:00:00-05:00,95.56105463379515,96.0795859322245,94.89197416900501,96.02104187011719,511500,0.0,0.0
2016-01-12 00:00:00-05:00,97.55993492816368,97.61847899659669,95.73669716447499,96.87413024902344,341200,0.0,0.0
2016-01-13 00:00:00-05:00,98.01992761074281,98.15374627785712,95.79524650698207,96.17160034179688,345800,0.0,0.0
2016-01-14 00:00:00-05:00,96.48941950950709,97.54321283234177,95.51925328500162,97.25885772705078,354100,0.0,0.0
2016-01-15 00:00:00-05:00,95.39378064926227,95.48577937203771,93.57890835600863,94.17271423339844,637000,0.0,0.0
2016-01-19 00:00:00-05:00,97.02466670781865,97.0999349133869,95.2348837260741,96.1966781616211,485500,0.0,0.0
2016-01-20 00:00:00-05:00,93.92182366708086,94.03054654135451,91.11169565042107,93.2611083984375,1000200,0.0,0.0
2016-01-21 00:00:00-05:00,92.29929474545223,93.7127238193667,91.55494610886181,92.9181900024414,285300,0.0,0.0
2016-01-22 00:00:00-05:00,96.2719584875361,97.04976189556793,96.02941695376005,96.9744873046875,595500,0.0,0.0
2016-01-25 00:00:00-05:00,95.65305140426716,95.83704246654489,94.68288538821186,94.85015869140625,248600,0.0,0.0
2016-01-26 00:00:00-05:00,94.75816865669425,95.6614190534521,94.65780466557686,95.6363296508789,267500,0.0,0.0
2016-01-27 00:00:00-05:00,97.01630257125548,97.92791821365512,96.01268820043438,96.44758605957031,320900,0.0,0.0
2016-01-28 00:00:00-05:00,97.58502889995572,97.58502889995572,96.1214207397889,97.1166763305664,313700,0.0,0.0
2016-01-29 00:00:00-05:00,99.31626365669898,100.38678741455078,98.69736830559559,100.38678741455078,746000,0.0,0.0
2016-02-01 00:00:00-05:00,100.36168018782504,101.00566482813446,99.65915148930569,100.69622039794922,416700,0.0,0.0
2016-02-02 00:00:00-05:00,100.48714567585594,100.48714567585594,99.10717113078142,99.52534484863281,353400,0.0,0.0
2016-02-03 00:00:00-05:00,97.41776275120418,97.64357377592802,94.83344557478004,96.17160034179688,622600,0.0,0.0
2016-02-04 00:00:00-05:00,96.17159178753512,96.17159178753512,94.28145113885894,95.58615112304688,560900,0.0,0.0
2016-02-05 00:00:00-05:00,93.87163572790186,94.10581199228771,91.16187178442686,92.32439422607422,851100,0.0,0.0
2016-02-08 00:00:00-05:00,91.78076417299957,91.83930823722325,90.30043204572956,91.27059173583984,687700,0.0,0.0
2016-02-09 00:00:00-05:00,88.64446028605094,89.96589072654245,88.30156116564392,89.35535430908203,498800,0.0,0.0
2016-02-10 00:00:00-05:00,90.84406960555134,91.55496371892954,89.18809871411108,89.29682159423828,414100,0.0,0.0
2016-02-11 00:00:00-05:00,88.05902453429744,88.46883300169456,87.12231308513643,87.88339233398438,545900,0.0,0.0
2016-02-12 00:00:00-05:00,86.28595855714259,88.12592664069952,85.75906199938052,88.03392791748047,668300,0.0,0.0
2016-02-16 00:00:00-05:00,90.36733977164137,90.81896175576102,89.86552622337629,90.50115203857422,476700,0.0,0.0
2016-02-17 00:00:00-05:00,90.06624613239889,90.70186550987268,89.99097155456788,90.43423461914062,696500,0.0,0.0
2016-02-18 00:00:00-05:00,90.81060092419881,91.12004537404414,89.67316796600576,89.86552429199219,224700,0.0,0.0
2016-02-19 00:00:00-05:00,88.38518781474816,88.52736533222551,87.64920444707968,88.07573699951172,723200,0.0,0.0
2016-02-22 00:00:00-05:00,88.71135891611573,89.40552871481063,88.70299365638515,89.22989654541016,297400,0.0,0.0
2016-02-23 00:00:00-05:00,89.1128253740573,89.21318298660917,88.25974738241753,88.33502197265625,161700,0.0,0.0
2016-02-24 00:00:00-05:00,87.8750290025733,88.0004824000733,86.01833658588296,87.47357940673828,628600,0.0,0.0
2016-02-25 00:00:00-05:00,87.47356678706869,88.30991414197705,87.36484392802723,88.2931900024414,849000,0.0,0.0
2016-02-26 00:00:00-05:00,87.81647510940859,88.7197318133603,87.50702428097398,87.93356323242188,492600,0.0,0.0
2016-02-29 00:00:00-05:00,87.90010620961986,88.05064898956682,87.06375885009766,87.06375885009766,423600,0.0,0.0
2016-03-01 00:00:00-05:00,88.06737388938132,89.19644147651213,87.72446843106661,88.99571990966797,344700,0.0,0.0
2016-03-02 00:00:00-05:00,89.36372393997925,89.74008412174749,89.08772774951416,89.4808120727539,275700,0.0,0.0
2016-03-03 00:00:00-05:00,90.06624746972565,90.80223083496094,90.02442755021816,90.80223083496094,289300,0.0,0.0
2016-03-04 00:00:00-05:00,91.63022319902791,92.24075963588837,91.1618706759511,91.62186431884766,204700,0.0,0.0
2016-03-07 00:00:00-05:00,89.68152769659653,90.78550592549605,89.54770905996686,90.250244140625,745300,0.0,0.0
2016-03-08 00:00:00-05:00,89.08771413396887,89.23825690750333,88.33500664712035,88.50227355957031,459500,0.0,0.0
2016-03-09 00:00:00-05:00,89.372080364556,89.4139002853369,88.4855541952524,88.86190795898438,201900,0.0,0.0
2016-03-10 00:00:00-05:00,90.96114760653069,91.14514506071359,88.78664558063839,89.55608367919922,644900,0.0,0.0
2016-03-11 00:00:00-05:00,90.8775110760688,91.39604237765538,90.77714709149193,91.37931823730469,216700,0.0,0.0
2016-03-14 00:00:00-04:00,91.37095530036007,91.57167689379409,91.002960395044,91.12004852294922,251500,0.0,0.0
2016-03-15 00:00:00-04:00,89.832080049804,89.84043892986669,89.02918090607287,89.67317199707031,404400,0.0,0.0
2016-03-16 00:00:00-04:00,89.045904478089,90.13315221805807,88.73645365766046,89.9407958984375,343000,0.0,0.0
2016-03-17 00:00:00-04:00,89.39717333857384,90.7269690265152,89.02081955979617,90.26697540283203,354700,0.0,0.0
2016-03-18 00:00:00-04:00,88.88700165257688,89.43062874486691,88.48555846931534,89.15463256835938,615500,0.0,0.0
2016-03-21 00:00:00-04:00,88.99571700792424,89.84878842481484,88.99571700792424,89.60624694824219,442100,0.0,0.0
2016-03-22 00:00:00-04:00,90.41751548526047,91.42949504626125,90.12479517932208,90.82732391357422,318600,0.0,0.0
2016-03-23 00:00:00-04:00,90.72698056579566,91.15351320110653,90.40916442871094,90.40916442871094,291100,0.0,0.0
2016-03-24 00:00:00-04:00,88.97900763020994,88.97900763020994,88.44374575501908,88.92046356201172,399800,0.0,0.0
2016-03-28 00:00:00-04:00,92.49679728989088,92.99977214397057,92.1472670998241,92.65877532958984,450500,2.01508,0.0
2016-03-29 00:00:00-04:00,93.80974254331416,94.1745566182903,93.23645760238708,94.11375427246094,345900,2.01508,0.0
2016-03-30 00:00:00-04:00,93.80974799811703,93.89660755050126,93.33201051956523,93.4623031616211,323500,0.0,0.0
2016-03-31 00:00:00-04:00,92.42865735703263,92.7326690845648,92.17676003223208,92.35047912597656,384500,0.0,0.0
2016-04-01 00:00:00-04:00,89.87495051981203,90.36136931053451,89.47539128072441,89.93575286865234,531800,0.0,0.0
2016-04-04 00:00:00-04:00,88.30277107688676,88.48517812404937,87.65131449689503,88.05955505371094,993600,0.0,0.0
2016-04-05 00:00:00-04:00,85.32342521552968,86.47866961056542,85.21918979840926,85.76641082763672,1156400,0.0,0.0
2016-04-06 00:00:00-04:00,85.90539751759471,86.5307968110565,85.45371730477979,86.43524932861328,492300,0.0,0.0
2016-04-07 00:00:00-04:00,86.17466381146146,86.20940895287391,84.94992905472348,85.35816955566406,547600,0.0,0.0
2016-04-08 00:00:00-04:00,87.46888921039783,87.81633399899178,87.20831058917099,87.43415069580078,517100,0.0,0.0
2016-04-11 00:00:00-04:00,85.58401378007201,86.0704325293389,85.38423749103386,85.49715423583984,990300,0.0,0.0
2016-04-12 00:00:00-04:00,87.9292494309225,88.57201792429413,87.74683579747939,88.23326110839844,523400,0.0,0.0
2016-04-13 00:00:00-04:00,90.12683763191968,90.60456842518387,89.89230957946204,90.56114196777344,628900,0.0,0.0
2016-04-14 00:00:00-04:00,91.20391170749355,91.542668563679,91.02150467931357,91.1691665649414,406500,0.0,0.0
2016-04-15 00:00:00-04:00,90.77828927871064,90.77828927871064,89.89230476987596,90.05734252929688,399300,0.0,0.0
2016-04-18 00:00:00-04:00,88.59809522009873,89.93575353140197,88.59809522009873,89.77940368652344,303000,0.0,0.0
2016-04-19 00:00:00-04:00,91.2907736651754,91.5339830425153,90.72617668094574,90.94332885742188,252000,0.0,0.0
2016-04-20 00:00:00-04:00,90.96069928854011,91.4905510975281,90.47428056302645,91.07361602783203,261300,0.0,0.0
2016-04-21 00:00:00-04:00,91.6729572564579,91.95091175798552,91.4210599539863,91.58609771728516,310500,0.0,0.0
2016-04-22 00:00:00-04:00,92.90638433149957,93.43623616052786,92.65448701712887,93.33200073242188,473700,0.0,0.0
2016-04-25 00:00:00-04:00,93.39280766106371,93.7315711623021,92.68054876809632,93.23645782470703,307000,0.0,0.0
2016-04-26 00:00:00-04:00,93.24514289412274,93.31463318079734,92.73266694055407,93.21908569335938,252500,0.0,0.0
2016-04-27 00:00:00-04:00,91.8553582992956,92.62841941345458,91.64689409345527,92.3938980102539,271100,0.0,0.0
2016-04-28 00:00:00-04:00,90.00523069066995,90.90858448182428,89.30165317790126,89.43194580078125,740300,0.0,0.0
2016-04-29 00:00:00-04:00,89.19742890431841,89.25823124781792,88.0942921518809,88.3375015258789,496300,0.0,0.0
2016-05-02 00:00:00-04:00,89.04975885523596,89.2321725095493,88.56334011562252,89.00633239746094,336900,0.0,0.0
2016-05-03 00:00:00-04:00,88.31144103520298,88.52859320060494,87.38203003236087,88.12034606933594,315000,0.0,0.0
2016-05-04 00:00:00-04:00,88.32012949922347,88.32012949922347,87.37334260645837,87.39940643310547,350500,0.0,0.0
2016-05-05 00:00:00-04:00,87.95531557193748,88.12034671251595,87.44283301183002,87.96399688720703,377200,0.0,0.0
2016-05-06 00:00:00-04:00,88.23327032437133,88.6675746595451,87.903194788386,88.56333923339844,283100,0.0,0.0
2016-05-09 00:00:00-04:00,89.86626106319055,90.02261090428395,88.88473555502352,89.12794494628906,360200,0.0,0.0
2016-05-10 00:00:00-04:00,90.46560300053955,91.04756927490234,90.29187727366784,91.04756927490234,483400,0.0,0.0
2016-05-11 00:00:00-04:00,88.00742697976479,88.36355970245735,85.1410158221914,85.5058364868164,1241800,0.0,0.0
2016-05-12 00:00:00-04:00,85.50584976647546,88.58940693559427,85.50584976647546,88.05955505371094,1043200,0.0,0.0
2016-05-13 00:00:00-04:00,87.06933041455781,87.59049428631366,86.59159962668086,86.67845916748047,371600,0.0,0.0
2016-05-16 00:00:00-04:00,87.00852319321953,87.83370535192896,86.96509673873449,87.5731201171875,322200,0.0,0.0
2016-05-17 00:00:00-04:00,87.73816899684365,88.04218072460957,87.29517669240839,87.3907241821289,305800,0.0,0.0
2016-05-18 00:00:00-04:00,87.382028290456,88.67625331490392,87.32122595043384,88.18983459472656,374300,0.0,0.0
2016-05-19 00:00:00-04:00,86.48736484338222,86.74795009467309,86.19204107708028,86.52210998535156,402600,0.0,0.0
2016-05-20 00:00:00-04:00,87.40809344073325,87.79897134239684,87.20831714546937,87.3907241821289,340800,0.0,0.0
2016-05-23 00:00:00-04:00,87.13881164624937,87.13881164624937,86.39180774444462,86.46998596191406,447900,0.0,0.0
2016-05-24 00:00:00-04:00,86.80005961045745,87.82501804653094,86.33969810244237,87.4167709350586,852500,0.0,0.0
2016-05-25 00:00:00-04:00,88.29407569778628,89.2582318851329,88.11166866598536,89.13662719726562,772000,0.0,0.0
2016-05-26 00:00:00-04:00,89.13662943825439,89.24954618641043,88.65889199036606,88.83261108398438,371000,0.0,0.0
2016-05-27 00:00:00-04:00,88.42436676169756,88.48516910455403,87.06065139166651,87.37334442138672,417600,0.0,0.0
2016-05-31 00:00:00-04:00,89.77070154611143,90.31792923012262,89.1453022655032,89.82282257080078,673300,0.0,0.0
2016-06-01 00:00:00-04:00,90.54376447662018,90.57850961810695,89.31034177515154,89.75333404541016,540200,0.0,0.0
2016-06-02 00:00:00-04:00,89.81414101415325,90.32661696683378,89.6491032403267,90.178955078125,301000,0.0,0.0
2016-06-03 00:00:00-04:00,90.06603875115586,90.39610767338407,89.26691370598684,89.9010009765625,449900,0.0,0.0
2016-06-06 00:00:00-04:00,91.742448656992,91.93353699471834,91.29076844465449,91.67295837402344,559800,0.0,0.0
2016-06-07 00:00:00-04:00,91.74245523501172,91.89880506942234,91.56004819935909,91.62953186035156,349500,0.0,0.0
2016-06-08 00:00:00-04:00,91.69033830634626,91.8988091795232,91.45581685772085,91.76851654052734,217900,0.0,0.0
2016-06-09 00:00:00-04:00,90.76960754394531,90.95201457248284,90.46559582971612,90.76960754394531,283300,0.0,0.0
2016-06-10 00:00:00-04:00,90.03129691416737,90.12684440539272,89.24954772548669,89.64041900634766,316700,0.0,0.0
2016-06-13 00:00:00-04:00,88.82392596014299,89.20610927511017,88.1550935617733,88.32881927490234,310000,0.0,0.0
2016-06-14 00:00:00-04:00,87.87712941682912,88.20720492212048,87.06064184895985,87.79895782470703,375800,0.0,0.0
2016-06-15 00:00:00-04:00,89.15400386478534,89.67516780280901,88.8326162333072,89.01502990722656,414900,0.0,0.0
2016-06-16 00:00:00-04:00,87.73815330086543,88.70230934141013,87.36465135158274,88.58938598632812,305900,0.0,0.0
2016-06-17 00:00:00-04:00,89.69253152383588,89.95311014402442,89.0150178336043,89.67515563964844,395100,0.0,0.0
2016-06-20 00:00:00-04:00,92.68923418708108,92.98456459302817,91.7511351944847,91.8988037109375,567900,0.0,0.0
2016-06-21 00:00:00-04:00,93.20171420768474,93.51441386328861,92.94112895236209,93.04536437988281,568100,0.0,0.0
2016-06-22 00:00:00-04:00,92.94982060907297,93.41887011122235,92.43733802031477,92.50682830810547,881200,0.0,0.0
2016-06-23 00:00:00-04:00,95.269010955668,95.54696549931491,94.7912734773878,95.50353240966797,576900,0.0,0.0
2016-06-24 00:00:00-04:00,90.44822188664584,91.36026367587125,89.51012952359392,90.3005599975586,783700,0.0,0.0
2016-06-27 00:00:00-04:00,87.8858187641757,87.8858187641757,86.25283697535683,87.08670043945312,691200,0.0,0.0
2016-06-28 00:00:00-04:00,85.95752192618718,86.80876142518365,85.46241519903424,86.73058319091797,967700,0.0,0.0
2016-06-29 00:00:00-04:00,87.39072187244919,88.43304966208675,87.26042924200488,88.18115234375,484100,0.0,0.0
2016-06-30 00:00:00-04:00,86.73925611823616,86.8521728515625,85.82721442912455,86.8521728515625,1270000,0.0,0.0
2016-07-01 00:00:00-04:00,86.49606521949846,87.0432863735229,86.31365816815699,86.54817962646484,515100,0.0,0.0
2016-07-05 00:00:00-04:00,86.53948424866189,86.58291733537547,85.9054035951789,86.14861297607422,500700,0.0,0.0
2016-07-06 00:00:00-04:00,86.30497044229558,86.7305868964989,85.54059708803831,86.66978454589844,423500,0.0,0.0
2016-07-07 00:00:00-04:00,87.2691156204661,87.59049659258248,86.90430156332722,87.37334442138672,423300,0.0,0.0
2016-07-08 00:00:00-04:00,87.9118781930148,88.73706036342763,87.79896145740285,88.65888214111328,372800,0.0,0.0
2016-07-11 00:00:00-04:00,91.13442357951251,91.96828713962618,91.06493329276343,91.7771987915039,679300,0.0,0.0
2016-07-12 00:00:00-04:00,92.72397195986282,93.18433347696151,92.51550774262074,92.54156494140625,456300,0.0,0.0
2016-07-13 00:00:00-04:00,93.89660511484706,94.2353619992296,93.16697694139509,93.68814086914062,537200,0.0,0.0
2016-07-14 00:00:00-04:00,94.14849979079648,94.16587567650741,93.65339307937383,93.79237365722656,296800,0.0,0.0
2016-07-15 00:00:00-04:00,94.62622333310567,94.79994240292562,94.27877856650802,94.52198791503906,351300,0.0,0.0
2016-07-18 00:00:00-04:00,94.400392150415,94.83469649291287,94.28747540707056,94.6870346069336,233900,0.0,0.0
2016-07-19 00:00:00-04:00,94.40037799039422,94.41774724562708,93.92264063452365,94.296142578125,220500,0.0,0.0
2016-07-20 00:00:00-04:00,94.59148951797911,95.02579387148045,94.43513968564031,94.93893432617188,192500,0.0,0.0
2016-07-21 00:00:00-04:00,94.81733270784625,95.09528723800983,94.39170965622175,94.55674743652344,292700,0.0,0.0
2016-07-22 00:00:00-04:00,95.21688279390256,95.4427162719557,95.11264736998396,95.26899719238281,205900,0.0,0.0
2016-07-25 00:00:00-04:00,95.46009215608785,95.66855637696695,95.21688279390256,95.26899719238281,204600,0.0,0.0
2016-07-26 00:00:00-04:00,94.88682422509146,95.3471858325072,94.83470981729626,95.19952392578125,198100,0.0,0.0
2016-07-27 00:00:00-04:00,96.77171095918999,96.81513742362935,95.60777170469026,96.04207611083984,384800,0.0,0.0
2016-07-28 00:00:00-04:00,96.60665911486598,96.69351865807218,95.46009591445241,96.20709991455078,600000,0.0,0.0
2016-07-29 00:00:00-04:00,97.6489806134202,97.97036819228855,96.311322527721,96.93672180175781,756500,0.0,0.0
2016-08-01 00:00:00-04:00,97.3884023399134,97.45788599408124,96.39818902822383,96.61534118652344,445100,0.0,0.0
2016-08-02 00:00:00-04:00,95.8422702245883,96.24183601431858,94.74782815449919,95.52088928222656,534100,0.0,0.0
2016-08-03 00:00:00-04:00,95.37322852889649,95.61643788065858,94.99972655955963,95.60774993896484,358000,0.0,0.0
2016-08-04 00:00:00-04:00,97.51869876441201,97.70111242861856,96.68483518258226,97.5534439086914,907300,0.0,0.0
2016-08-05 00:00:00-04:00,100.61962626707569,100.95838974893194,100.24613089671597,100.72386169433594,602900,0.0,0.0
2016-08-08 00:00:00-04:00,102.60875304701348,102.94750994188648,101.87912485096678,101.98336029052734,667900,0.0,0.0
2016-08-09 00:00:00-04:00,102.00071522486449,102.0615175659957,101.35794667191205,101.99202728271484,342100,0.0,0.0
2016-08-10 00:00:00-04:00,101.63590703968786,101.93123082022633,101.54035955140577,101.58378601074219,191300,0.0,0.0
2016-08-11 00:00:00-04:00,101.82700053103613,102.44371191107003,101.74013435971318,102.2960433959961,264700,0.0,0.0
2016-08-12 00:00:00-04:00,102.12232056057773,102.6521723768078,102.03546101939997,102.31341552734375,239900,0.0,0.0
2016-08-15 00:00:00-04:00,102.0615369252178,102.40029383677027,102.0615369252178,102.13102722167969,120000,0.0,0.0
2016-08-16 00:00:00-04:00,101.62720538814285,102.24391669398128,101.4534863203137,101.87041473388672,221500,0.0,0.0
2016-08-17 00:00:00-04:00,102.95618077581322,103.55552285650835,102.94749283388717,103.53814697265625,537100,0.0,0.0
2016-08-18 00:00:00-04:00,102.71297479413336,103.50341186143831,102.71297479413336,103.31231689453125,775200,0.0,0.0
2016-08-19 00:00:00-04:00,103.77268435695925,104.10275328332183,103.71188201191985,103.9029769897461,356800,0.0,0.0
2016-08-22 00:00:00-04:00,104.50231123286353,104.89318912649414,104.40676374510663,104.7368392944336,332200,0.0,0.0
2016-08-23 00:00:00-04:00,104.46756669917734,104.58049007279928,104.059326171875,104.059326171875,169900,0.0,0.0
2016-08-24 00:00:00-04:00,105.6054322338158,105.77046335688291,104.86711626979421,105.01477813720703,368500,0.0,0.0
2016-08-25 00:00:00-04:00,104.8931867176982,105.0669058040168,104.41544928988453,104.48493957519531,354300,0.0,0.0
2016-08-26 00:00:00-04:00,102.73034445698518,103.63369826877349,102.46976583223129,103.03436279296875,405500,0.0,0.0
2016-08-29 00:00:00-04:00,104.25041157443465,104.61523225903102,104.24173025898494,104.52836608886719,205400,0.0,0.0
2016-08-30 00:00:00-04:00,105.30143068432847,105.45778050808306,105.04953337789283,105.31011199951172,169500,0.0,0.0
2016-08-31 00:00:00-04:00,105.26667586012081,105.4230256694941,104.26777466840025,104.7802505493164,395300,0.0,0.0
2016-09-01 00:00:00-04:00,105.61414056323642,105.97027335134119,104.72816250517742,105.11903381347656,341000,0.0,0.0
2016-09-02 00:00:00-04:00,105.55331618443498,106.04842283087055,105.55331618443498,106.03974151611328,339000,0.0,0.0
2016-09-06 00:00:00-04:00,104.67604374432032,104.88450799161228,104.30254171165278,104.81501770019531,291900,0.0,0.0
2016-09-07 00:00:00-04:00,105.42304408710186,105.79654610658079,104.74552371014848,104.87581634521484,268700,0.0,0.0
2016-09-08 00:00:00-04:00,104.91055339509603,105.3361697849787,104.79763665446215,105.11033630371094,163700,0.0,0.0
2016-09-09 00:00:00-04:00,104.23303948227623,104.3633321070207,103.05173117132044,103.06910705566406,370600,0.0,0.0
2016-09-12 00:00:00-04:00,103.0690967245446,104.65864538083287,103.0690967245446,104.53704071044922,245200,0.0,0.0
2016-09-13 00:00:00-04:00,103.65974809861014,104.07668314631488,102.80851537385966,103.19938659667969,349800,0.0,0.0
2016-09-14 00:00:00-04:00,102.36552644489068,102.36552644489068,101.8964769861347,102.01808166503906,291800,0.0,0.0
2016-09-15 00:00:00-04:00,101.64459227169908,102.81721937725867,101.47087317374297,102.64349365234375,224500,0.0,0.0
2016-09-16 00:00:00-04:00,99.77708964613352,100.06372549756975,99.35146658659212,99.56861877441406,600200,0.0,0.0
2016-09-19 00:00:00-04:00,100.10715549955229,100.78466924435519,99.86394611700342,99.9508056640625,221200,0.0,0.0
2016-09-20 00:00:00-04:00,101.49692182938855,101.6359023976179,101.03656029430579,101.15816497802734,195400,0.0,0.0
2016-09-21 00:00:00-04:00,103.91165225404647,104.40675892823637,102.50451045737948,103.75530242919922,402200,0.0,0.0
2016-09-22 00:00:00-04:00,104.95398230843885,105.24930606157261,104.51967799362478,104.92792510986328,508300,0.0,0.0
2016-09-23 00:00:00-04:00,102.16574771903919,102.40026912931276,101.8530480873692,102.20049285888672,402200,0.0,0.0
2016-09-26 00:00:00-04:00,101.50560134368072,101.90516050372752,101.19290171808625,101.71406555175781,317100,0.0,0.0
2016-09-27 00:00:00-04:00,103.01698255029055,103.01698255029055,102.31341167817425,102.77377319335938,325900,0.0,0.0
2016-09-28 00:00:00-04:00,103.48056428752564,103.83329018571088,102.7133926912362,103.72747039794922,188000,1.77152,0.0
2016-09-29 00:00:00-04:00,102.7574823737561,103.03966175541717,102.07849054927661,102.28130340576172,400300,0.0,0.0
2016-09-30 00:00:00-04:00,101.63758772660401,102.80157854991856,101.40831487010176,102.34303283691406,375900,0.0,0.0
2016-10-03 00:00:00-04:00,100.95859750281126,101.99913534966483,100.82632443128901,101.6375961303711,609500,0.0,0.0
2016-10-04 00:00:00-04:00,101.9021308016916,102.50176286734717,101.50531833328628,101.6993179321289,165600,0.0,0.0
2016-10-05 00:00:00-04:00,102.66930668043828,103.33066526335074,102.66930668043828,103.2336654663086,202300,0.0,0.0
2016-10-06 00:00:00-04:00,102.48412388609137,102.86330306423477,102.4488506221144,102.6781234741211,133600,0.0,0.0
2016-10-07 00:00:00-04:00,102.25484939281667,102.36948245313647,101.6023108389345,102.19312286376953,228900,0.0,0.0
2016-10-10 00:00:00-04:00,102.40475819381557,103.02203022690642,102.34303166327521,102.66048431396484,165200,0.0,0.0
2016-10-11 00:00:00-04:00,102.11376315626943,102.11376315626943,101.42594461068713,101.69049072265625,224600,0.0,0.0
2016-10-12 00:00:00-04:00,101.40831531773695,101.71694797534042,101.09086266200556,101.54058837890625,157700,0.0,0.0
2016-10-13 00:00:00-04:00,100.99385568120854,101.58466768769019,100.60585652342984,101.13494873046875,231700,0.0,0.0
2016-10-14 00:00:00-04:00,101.69048283618149,102.14020850057626,101.45239673602342,101.48766326904297,156800,0.0,0.0
2016-10-17 00:00:00-04:00,101.56703799326762,102.14903002272192,101.47885819822147,101.78749084472656,163900,0.0,0.0
2016-10-18 00:00:00-04:00,101.86685355826467,101.86685355826467,101.25840824564632,101.45240783691406,188100,0.0,0.0
2016-10-19 00:00:00-04:00,101.52294266379016,101.74339551075828,101.31130981445312,101.31130981445312,112600,0.0,0.0
2016-10-20 00:00:00-04:00,102.18430137377143,102.57230053793715,101.96384852643855,102.41357421875,161400,0.0,0.0
2016-10-21 00:00:00-04:00,101.28486126419952,101.72576697866053,101.06440840696901,101.64640045166016,174700,0.0,0.0
2016-10-24 00:00:00-04:00,101.52295821603872,101.8668641717768,101.43477840928065,101.80513763427734,141300,0.0,0.0
2016-10-25 00:00:00-04:00,101.78748760861546,102.06966698040414,101.61994129397357,101.6287612915039,159900,0.0,0.0
2016-10-26 00:00:00-04:00,101.3465880293392,102.02557987099597,101.1878617026589,101.8492202758789,211200,0.0,0.0
2016-10-27 00:00:00-04:00,101.75221809240136,101.84921788574562,101.24076585980205,101.27603912353516,216100,0.0,0.0
2016-10-28 00:00:00-04:00,101.26721406777945,101.53176016872114,100.88804163888284,101.24076080322266,140500,0.0,0.0
2016-10-31 00:00:00-04:00,101.8580452317202,102.1049513679768,101.7610454313783,101.99031829833984,135000,0.0,0.0
2016-11-01 00:00:00-04:00,102.07849173582011,102.07849173582011,100.68522807931039,101.17022705078125,307300,0.0,0.0
2016-11-02 00:00:00-04:00,100.64995302529712,101.1173119925737,99.7593216242927,99.97977447509766,227400,0.0,0.0
2016-11-03 00:00:00-04:00,100.34132696829228,100.68523289991451,99.59178857187686,99.79460144042969,320400,0.0,0.0
2016-11-04 00:00:00-04:00,97.46661161516754,98.05742363033693,97.21088550538818,97.4930648803711,321400,0.0,0.0
2016-11-07 00:00:00-05:00,98.42779882322402,99.24788376043016,98.31315902626436,99.1861572265625,354400,0.0,0.0
2016-11-08 00:00:00-05:00,99.64469028719935,101.7610390370667,99.30960437014785,100.35895538330078,228700,0.0,0.0
2016-11-09 00:00:00-05:00,97.30788546361379,99.45068740871798,97.30788546361379,98.59532928466797,567900,0.0,0.0
2016-11-10 00:00:00-05:00,97.81934066576717,98.23379310780093,96.94634924750306,97.75761413574219,371900,0.0,0.0
2016-11-11 00:00:00-05:00,98.27787483107231,98.80696703702878,98.2073350342734,98.71878051757812,158600,0.0,0.0
2016-11-14 00:00:00-05:00,98.61297143533162,99.14205693493783,98.33079205369583,98.56887817382812,226700,0.0,0.0
2016-11-15 00:00:00-05:00,98.74525017691842,99.1949691772461,98.59533711578834,99.1949691772461,142000,0.0,0.0
2016-11-16 00:00:00-05:00,99.32723708892607,99.53886994443603,99.08915096743826,99.26551055908203,228700,0.0,0.0
2016-11-17 00:00:00-05:00,99.64469038529857,99.8563232421875,99.08033161513664,99.8563232421875,201200,0.0,0.0
2016-11-18 00:00:00-05:00,100.57940084501594,100.90567346783547,100.4559477937192,100.561767578125,235500,0.0,0.0
2016-11-21 00:00:00-05:00,100.72050829956966,101.1173207744061,100.64114176798977,100.97623443603516,218400,0.0,0.0
2016-11-22 00:00:00-05:00,100.2707777409495,100.41187080022556,99.86514528706184,100.33250427246094,153200,0.0,0.0
2016-11-23 00:00:00-05:00,100.05032969116655,101.2848671084288,99.97096988727435,100.97623443603516,269400,0.0,0.0
2016-11-25 00:00:00-05:00,103.78919385339256,104.1860129999877,103.53347448065668,103.87738037109375,191800,0.0,0.0
2016-11-28 00:00:00-05:00,104.02728892884518,104.02728892884518,103.5334767119724,103.74510955810547,174700,0.0,0.0
2016-11-29 00:00:00-05:00,104.18601765567338,104.5563768268961,104.00083807006202,104.31829071044922,190800,0.0,0.0
2016-11-30 00:00:00-05:00,104.60928269867277,104.76800901786635,104.27419679268051,104.52110290527344,231600,0.0,0.0
2016-12-01 00:00:00-05:00,103.78038945882199,104.67983415818652,103.61284313408565,103.8509292602539,260300,0.0,0.0
2016-12-02 00:00:00-05:00,103.1454943951755,103.42767381198745,102.90740151767571,103.02204132080078,190700,0.0,0.0
2016-12-05 00:00:00-05:00,103.47175662207816,104.12430196618389,103.4364900829747,103.66575622558594,156900,0.0,0.0
2016-12-06 00:00:00-05:00,103.55992932540728,103.98319501501115,103.3482897529185,103.94792175292969,133400,0.0,0.0
2016-12-07 00:00:00-05:00,105.49109613359212,107.37817200521496,105.49109613359212,107.10481262207031,304600,0.0,0.0
2016-12-08 00:00:00-05:00,108.50688950728684,108.62152256102956,108.05716383421097,108.29524993896484,431000,0.0,0.0
2016-12-09 00:00:00-05:00,108.29525449238419,108.59507386293664,108.11889490572061,108.4451675415039,291800,0.0,0.0
2016-12-12 00:00:00-05:00,107.40463588599064,107.97780793878898,107.04308996696412,107.4575424194336,247500,0.0,0.0
2016-12-13 00:00:00-05:00,107.77499773721381,108.62153593164513,107.73090447313079,108.5245361328125,201900,0.0,0.0
2016-12-14 00:00:00-05:00,107.53690209513815,107.97780781381881,106.68155065215504,106.75209045410156,161200,0.0,0.0
2016-12-15 00:00:00-05:00,107.51044123485575,107.76616734095077,107.3164416559087,107.5633544921875,211100,0.0,0.0
2016-12-16 00:00:00-05:00,106.58453992050437,107.09598538865843,106.44344687571244,106.69917297363281,203800,0.0,0.0
2016-12-19 00:00:00-05:00,106.98136426793278,107.78381591239506,106.91081773766824,107.43990325927734,171900,0.0,0.0
2016-12-20 00:00:00-05:00,107.01663390024657,107.63389919988876,106.9196341063475,107.28999328613281,257800,0.0,0.0
2016-12-21 00:00:00-05:00,107.00781358038292,107.08718010591937,106.69918093149042,106.79618072509766,87400,0.0,0.0
2016-12-22 00:00:00-05:00,106.4346195584296,106.61098585228989,106.23180673009804,106.39935302734375,104700,0.0,0.0
2016-12-23 00:00:00-05:00,106.50517264879393,106.79617200585736,106.50517264879393,106.61099243164062,101900,0.0,0.0
2016-12-27 00:00:00-05:00,105.34119888573797,105.78210462696123,104.97083967775548,105.27947235107422,234500,0.0,0.0
2016-12-28 00:00:00-05:00,104.90027407508947,105.12954690259947,104.40646188754775,104.4240951538086,105600,0.0,0.0
2016-12-29 00:00:00-05:00,103.42765957535384,103.72747222108435,102.97793387907103,103.20720672607422,181700,0.0,0.0
2016-12-30 00:00:00-05:00,103.8509140331751,103.97437380487519,103.01319598769797,103.34828186035156,153400,0.0,0.0
2017-01-03 00:00:00-05:00,104.20364943442742,104.64455512558877,103.90383679372744,104.53874206542969,204000,0.0,0.0
2017-01-04 00:00:00-05:00,106.05544296183461,106.954894262726,105.94080991386022,106.86671447753906,250600,0.0,0.0
2017-01-05 00:00:00-05:00,106.86672659742933,107.04308618780439,106.09954825115489,106.20536804199219,525900,0.0,0.0
2017-01-06 00:00:00-05:00,105.67627309769496,106.02018572714964,105.29710066090892,105.93199920654297,171600,0.0,0.0
2017-01-09 00:00:00-05:00,105.35883810823162,105.78210384918873,105.35001810971946,105.58810424804688,135800,0.0,0.0
2017-01-10 00:00:00-05:00,105.0149094375246,105.87026751527118,104.75037007166748,105.60572814941406,214400,0.0,0.0
2017-01-11 00:00:00-05:00,105.01491479623752,105.73800659179688,105.01491479623752,105.73800659179688,192000,0.0,0.0
2017-01-12 00:00:00-05:00,105.49990844726562,105.76445454101199,104.3711910056295,105.49990844726562,218700,0.0,0.0
2017-01-13 00:00:00-05:00,105.65864604792178,105.7291925774838,105.39409992590785,105.64982604980469,112900,0.0,0.0
2017-01-17 00:00:00-05:00,104.80329093043046,104.90029072948145,104.20365886706416,104.41529846191406,190600,0.0,0.0
2017-01-18 00:00:00-05:00,104.67982731582406,104.9267334239151,104.51228100203933,104.75037384033203,138500,0.0,0.0
2017-01-19 00:00:00-05:00,105.42936855988201,105.77327446678221,104.84737653577669,105.20891571044922,106800,0.0,0.0
2017-01-20 00:00:00-05:00,105.04138708652508,105.27947322858752,104.63575460854122,104.86502075195312,122600,0.0,0.0
2017-01-23 00:00:00-05:00,104.45056509544023,104.45056509544023,103.83329976244973,104.30947875976562,140500,0.0,0.0
2017-01-24 00:00:00-05:00,103.09257902159194,103.98320373501075,102.89857942771857,103.73629760742188,304200,0.0,0.0
2017-01-25 00:00:00-05:00,104.60047190977137,105.19128394001626,104.51228538659332,104.98846435546875,233200,0.0,0.0
2017-01-26 00:00:00-05:00,105.31474306945174,105.80855533481322,104.90029060630012,104.91793060302734,182400,0.0,0.0
2017-01-27 00:00:00-05:00,103.25129400835814,103.25129400835814,102.73102850957372,102.89857482910156,196700,0.0,0.0
2017-01-30 00:00:00-05:00,102.60757089057307,102.80157046715352,101.89330583833308,102.35184478759766,159200,0.0,0.0
2017-01-31 00:00:00-05:00,102.47530407580642,102.61639713197263,101.4700395975274,102.06967163085938,324600,0.0,0.0
2017-02-01 00:00:00-05:00,102.14904169113568,102.42240783299843,101.44359652249686,101.6375961303711,323500,0.0,0.0
2017-02-02 00:00:00-05:00,101.14376466041877,101.19667791912644,100.50004610737784,100.99385833740234,248300,0.0,0.0
2017-02-03 00:00:00-05:00,101.14377894494874,101.81395758583632,101.13496567365864,101.51414489746094,187500,0.0,0.0
2017-02-06 00:00:00-05:00,100.70286432112184,100.94977717696258,99.42424041703318,99.91805267333984,437900,0.0,0.0
2017-02-07 00:00:00-05:00,100.08560225814958,100.10323552743982,99.40661038362927,99.67996978759766,344400,0.0,0.0
2017-02-08 00:00:00-05:00,99.94450088194162,100.00623413854296,99.53005517505267,99.88277435302734,251400,0.0,0.0
2017-02-09 00:00:00-05:00,98.59532961537506,98.75405593508877,97.98688432954503,98.69232940673828,445300,0.0,0.0
2017-02-10 00:00:00-05:00,99.24787108324114,99.77695655276642,99.20377782424454,99.54768371582031,376900,0.0,0.0
2017-02-13 00:00:00-05:00,100.58822963644859,100.96740882077822,100.42950330980624,100.6411361694336,414100,0.0,0.0
2017-02-14 00:00:00-05:00,100.82630870263802,100.95858175352599,100.31486322165763,100.94094848632812,234200,0.0,0.0
2017-02-15 00:00:00-05:00,100.27959409211918,100.27959409211918,99.92686818444427,100.1825942993164,189000,0.0,0.0
2017-02-16 00:00:00-05:00,99.82105030538584,100.1825962177901,99.72405051072553,99.95332336425781,196100,0.0,0.0
2017-02-17 00:00:00-05:00,99.19496425569199,100.26195526123047,99.06269119781642,100.26195526123047,240400,0.0,0.0
2017-02-21 00:00:00-05:00,100.59704655731765,101.04676552930827,100.36777370858371,100.79104614257812,268800,0.0,0.0
2017-02-22 00:00:00-05:00,100.71167274702907,100.92330558574459,100.5882196971378,100.87921905517578,187100,0.0,0.0
2017-02-23 00:00:00-05:00,101.12612707991525,101.31130665827709,100.86158098072019,101.04676055908203,181600,0.0,0.0
2017-02-24 00:00:00-05:00,100.43832448544417,100.55295755081812,100.0767785653082,100.32368469238281,179600,0.0,0.0
2017-02-27 00:00:00-05:00,100.27076212012393,100.76457429528621,100.23548886080002,100.73812103271484,180600,0.0,0.0
2017-02-28 00:00:00-05:00,100.17377472327398,100.21786798480166,99.63586922553458,99.77696228027344,196000,0.0,0.0
2017-03-01 00:00:00-05:00,101.24959316341594,101.39068622852906,100.9762337593688,101.17904663085938,240400,0.0,0.0
2017-03-02 00:00:00-05:00,100.1649612868594,100.4295074179806,99.78578881470663,99.98860168457031,252700,0.0,0.0
2017-03-03 00:00:00-05:00,99.88276962879041,100.12086246311783,99.70641004814449,99.94449615478516,123800,0.0,0.0
2017-03-06 00:00:00-05:00,99.76813571921276,99.76813571921276,99.42422983051948,99.56532287597656,162000,0.0,0.0
2017-03-07 00:00:00-05:00,99.3713252029569,99.68877783362046,99.20377889019368,99.33605194091797,171600,0.0,0.0
2017-03-08 00:00:00-05:00,99.24786820423328,99.28313473718343,98.55123644395314,98.58650970458984,178400,0.0,0.0
2017-03-09 00:00:00-05:00,98.85988102146392,99.12442714439129,98.65706143019462,98.93042755126953,150500,0.0,0.0
2017-03-10 00:00:00-05:00,99.503598749558,99.62705853950035,99.11560629433669,99.34487915039062,286900,0.0,0.0
2017-03-13 00:00:00-04:00,99.97096036980824,100.36777280686722,99.93568710665168,99.9974136352539,233500,0.0,0.0
2017-03-14 00:00:00-04:00,99.1861443690984,99.29195742619068,98.77169195498902,98.84223175048828,130600,0.0,0.0
2017-03-15 00:00:00-04:00,99.31841773817578,100.08559609496804,99.23905793972514,99.8563232421875,170500,0.0,0.0
2017-03-16 00:00:00-04:00,100.27077568570675,100.49122854054148,99.79459671194127,99.8563232421875,109400,0.0,0.0
2017-03-17 00:00:00-04:00,99.32723060483644,99.41541039490194,98.82459840100766,98.94805145263672,480500,0.0,0.0
2017-03-20 00:00:00-04:00,98.99215891658294,99.29197159136518,98.70997951126941,98.76288604736328,186600,0.0,0.0
2017-03-21 00:00:00-04:00,99.37131771007118,99.52122401666814,97.98687423594656,98.22496032714844,383100,0.0,0.0
2017-03-22 00:00:00-04:00,97.78406192465518,97.88106171321655,97.10507013241237,97.73115539550781,279300,0.0,0.0
2017-03-23 00:00:00-04:00,97.4842402386995,97.96041241219108,97.28142068298656,97.44896697998047,159900,0.0,0.0
2017-03-24 00:00:00-04:00,97.97806399838926,98.4277896906619,97.81051768157089,98.19851684570312,161700,0.0,0.0
2017-03-27 00:00:00-04:00,97.90752348522808,98.72760839670559,97.66943735569022,98.52479553222656,211700,0.0,0.0
2017-03-28 00:00:00-04:00,98.67469447977481,99.28313975537331,98.57769469004275,99.12442016601562,205400,0.0,0.0
2017-03-29 00:00:00-04:00,98.9597293005157,99.03152509580435,98.8251010571995,98.95075225830078,390400,1.9665,0.0
2017-03-30 00:00:00-04:00,98.72637910008912,98.99563560026208,98.62765217319085,98.78022766113281,202800,0.0,0.0
2017-03-31 00:00:00-04:00,97.76604255684258,97.76604255684258,97.29933904272325,97.4878158569336,310000,0.0,0.0
2017-04-03 00:00:00-04:00,97.48779748774791,97.64934999055579,96.85056451763795,97.39804077148438,258500,0.0,0.0
2017-04-04 00:00:00-04:00,96.9852020234879,97.2454814794833,96.81467929868052,96.9403305053711,336400,0.0,0.0
2017-04-05 00:00:00-04:00,96.06076374294356,96.06076374294356,95.1901755045519,95.26197814941406,533500,0.0,0.0
2017-04-06 00:00:00-04:00,94.8491288307156,95.03760564903469,94.54397099571506,94.68757629394531,392200,0.0,0.0
2017-04-07 00:00:00-04:00,94.92092138068436,95.22607233574075,94.79527018184034,95.05554962158203,233700,0.0,0.0
2017-04-10 00:00:00-04:00,95.2350594841132,95.567141600571,94.97478001675073,95.1183853149414,379500,0.0,0.0
2017-04-11 00:00:00-04:00,95.82740605121793,95.84536013569995,95.190173001645,95.49533081054688,419400,0.0,0.0
2017-04-12 00:00:00-04:00,95.12734816554152,95.12734816554152,94.59781907617355,94.63372039794922,311400,0.0,0.0
2017-04-13 00:00:00-04:00,94.35548753749411,94.37344162224821,93.49387635117765,93.50285339355469,346200,0.0,0.0
2017-04-17 00:00:00-04:00,95.07350423860315,95.32480665579935,94.86707334020495,95.24403381347656,361900,0.0,0.0
2017-04-18 00:00:00-04:00,94.7952727243687,94.83117404606945,94.31061515262404,94.52601623535156,199700,0.0,0.0
2017-04-19 00:00:00-04:00,94.23881076250699,94.3375376834849,93.79005452078076,93.89775848388672,214000,0.0,0.0
2017-04-20 00:00:00-04:00,94.83117106782694,95.27992730377734,94.81321698380195,95.13632202148438,234600,0.0,0.0
2017-04-21 00:00:00-04:00,95.89920095147846,96.24923024837085,95.54917165458608,95.65687561035156,226100,0.0,0.0
2017-04-24 00:00:00-04:00,96.20436316859652,96.26718876715213,95.76457713123047,96.02485656738281,257500,0.0,0.0
2017-04-25 00:00:00-04:00,97.47882587999817,97.77500662623412,97.42497732521943,97.57755279541016,309900,0.0,0.0
2017-04-26 00:00:00-04:00,98.65457718988496,99.02256061970213,98.54688006699394,98.6456069946289,410000,0.0,0.0
2017-04-27 00:00:00-04:00,98.54687533584665,98.63662521643947,98.00836235733581,98.19684600830078,213800,0.0,0.0
2017-04-28 00:00:00-04:00,97.24547600597033,97.46087708424777,96.99417360673385,97.05699920654297,227000,0.0,0.0
2017-05-01 00:00:00-04:00,97.19163025743624,97.3083044183178,97.0121236474527,97.20060729980469,108900,0.0,0.0
2017-05-02 00:00:00-04:00,98.29557580597144,98.43918110710527,97.89169787961838,98.04427337646484,268000,0.0,0.0
2017-05-03 00:00:00-04:00,97.35318995117254,97.86477184421064,97.21856169564093,97.71219635009766,368600,0.0,0.0
2017-05-04 00:00:00-04:00,98.07119322525108,98.07119322525108,97.32626301359616,97.97247314453125,152400,0.0,0.0
2017-05-05 00:00:00-04:00,98.04426838608568,98.67253127535167,97.94554145845069,98.6456069946289,219900,0.0,0.0
2017-05-08 00:00:00-04:00,98.7263744264972,99.04050243017704,98.7173973842558,98.89690399169922,170700,0.0,0.0
2017-05-09 00:00:00-04:00,97.86475900203523,97.94553183626837,97.25445025819276,97.34420013427734,235200,0.0,0.0
2017-05-10 00:00:00-04:00,95.39660644623615,95.45045500617219,94.8581003044443,94.9657974243164,441900,0.0,0.0
2017-05-11 00:00:00-04:00,95.80047839466908,95.96203091192729,95.41454776163432,95.89022827148438,283500,0.0,0.0
2017-05-12 00:00:00-04:00,95.28889963276977,95.70175455739482,95.28889963276977,95.54917907714844,277000,0.0,0.0
2017-05-15 00:00:00-04:00,95.6030230482206,95.6389243678754,95.2260694630601,95.50430297851562,300000,0.0,0.0
2017-05-16 00:00:00-04:00,96.12358101662143,96.35693616846565,95.71970315735103,95.96202850341797,276800,0.0,0.0
2017-05-17 00:00:00-04:00,95.8812592537677,96.34796272742096,94.88501985969496,94.94784545898438,259000,0.0,0.0
2017-05-18 00:00:00-04:00,95.03759929191095,96.03383872744239,94.99272092734655,95.82740783691406,211400,0.0,0.0
2017-05-19 00:00:00-04:00,96.12358307845598,96.751845908824,96.12358307845598,96.53643798828125,177800,0.0,0.0
2017-05-22 00:00:00-04:00,96.34796910155401,96.8954522947862,96.21334085203382,96.48259735107422,330700,0.0,0.0
2017-05-23 00:00:00-04:00,96.93134067406066,97.31727128582865,96.93134067406066,97.00314331054688,229800,0.0,0.0
2017-05-24 00:00:00-04:00,96.48259745197275,96.61722570163373,95.98896281904153,96.321044921875,151900,0.0,0.0
2017-05-25 00:00:00-04:00,96.26719926178096,96.51850168339934,96.13257100806327,96.3031005859375,179800,0.0,0.0
2017-05-26 00:00:00-04:00,95.83638483238063,96.12358856201172,95.67483230649582,96.12358856201172,157100,0.0,0.0
2017-05-30 00:00:00-04:00,96.21332260568494,97.03006214306717,96.168451096006,96.8236312866211,193800,0.0,0.0
2017-05-31 00:00:00-04:00,96.36591817298192,96.67106913170558,95.80945796607324,96.51849365234375,185500,0.0,0.0
2017-06-01 00:00:00-04:00,96.7877402346483,97.30829910395546,96.6979903582966,97.29035186767578,170500,0.0,0.0
2017-06-02 00:00:00-04:00,97.86476892319746,98.38532784372765,97.71219343363846,98.16094970703125,274300,0.0,0.0
2017-06-05 00:00:00-04:00,96.86851785410948,97.13777432490832,96.48258723128528,96.7159423828125,181800,0.0,0.0
2017-06-06 00:00:00-04:00,96.51849876664419,96.95827799118638,96.50952172400697,96.7518539428711,205500,0.0,0.0
2017-06-07 00:00:00-04:00,96.82364950112516,96.91340623231996,96.39284732028986,96.509521484375,127100,0.0,0.0
2017-06-08 00:00:00-04:00,95.58508340115499,95.7197116486802,94.69654792345193,94.93887329101562,433400,0.0,0.0
2017-06-09 00:00:00-04:00,94.87604508108188,95.37864988738768,94.5529400348919,94.90296936035156,275300,0.0,0.0
2017-06-12 00:00:00-04:00,95.3427599027459,95.71073648255327,95.23505593311882,95.54020690917969,388600,0.0,0.0
2017-06-13 00:00:00-04:00,95.97101592023046,96.40182495117188,95.76458502369083,96.40182495117188,952800,0.0,0.0
2017-06-14 00:00:00-04:00,96.15051807699986,96.18641940109316,95.4594364187669,95.76458740234375,149300,0.0,0.0
2017-06-15 00:00:00-04:00,94.67859383846077,95.18120550605644,94.50807111590747,94.93887329101562,350700,0.0,0.0
2017-06-16 00:00:00-04:00,94.22984358492371,94.22984358492371,93.87083718446443,94.1490707397461,299200,0.0,0.0
2017-06-19 00:00:00-04:00,93.87980883273235,93.97853575837226,93.67338478637775,93.96955871582031,232700,0.0,0.0
2017-06-20 00:00:00-04:00,93.79005731599193,93.83493568049279,93.00024877210689,93.17974853515625,301200,0.0,0.0
2017-06-21 00:00:00-04:00,94.1311139599384,94.1311139599384,93.7451832887971,93.84391021728516,211300,0.0,0.0
2017-06-22 00:00:00-04:00,94.57986194735132,94.81321710764382,94.52601339015949,94.6785888671875,229300,0.0,0.0
2017-06-23 00:00:00-04:00,94.38242020566044,94.4901173260353,94.25676215276123,94.45421600341797,106400,0.0,0.0
2017-06-26 00:00:00-04:00,94.4631963484722,94.73245285377708,94.21189392884223,94.22087097167969,157400,0.0,0.0
2017-06-27 00:00:00-04:00,94.22085828450273,94.26572979769318,93.77210206773947,93.8259506225586,218900,0.0,0.0
2017-06-28 00:00:00-04:00,94.22984032644244,94.55294539093502,94.03238647064394,94.51704406738281,193300,0.0,0.0
2017-06-29 00:00:00-04:00,94.34651938093855,94.34651938093855,93.19769759355273,93.64645385742188,182700,0.0,0.0
2017-06-30 00:00:00-04:00,94.26573668583933,94.49909185290126,93.93366144355419,94.25675964355469,169400,0.0,0.0
2017-07-03 00:00:00-04:00,94.95682973399522,95.44148048115757,94.82220148312688,95.16325378417969,165700,0.0,0.0
2017-07-05 00:00:00-04:00,97.06598352417765,97.63141396484124,97.02110515774582,97.40703582763672,493200,0.0,0.0
2017-07-06 00:00:00-04:00,96.99418150138331,97.02110578242484,96.29412280439414,96.4377212524414,276700,0.0,0.0
2017-07-07 00:00:00-04:00,97.06597621155487,97.47883113121084,96.97622633292997,97.35317993164062,244200,0.0,0.0
2017-07-10 00:00:00-04:00,97.11983002527973,97.36216224290627,97.05700442209455,97.1288070678711,120700,0.0,0.0
2017-07-11 00:00:00-04:00,97.02110034723472,97.34420539658721,96.54541981554273,97.11982727050781,482500,0.0,0.0
2017-07-12 00:00:00-04:00,98.38530970983564,98.61865799880663,98.06220470474776,98.60968780517578,313700,0.0,0.0
2017-07-13 00:00:00-04:00,98.27761272736416,98.63661907485897,98.23273436612361,98.582763671875,199700,0.0,0.0
2017-07-14 00:00:00-04:00,98.7712547607458,99.33668517865003,98.7712547607458,98.90587615966797,293500,0.0,0.0
2017-07-17 00:00:00-04:00,98.73535638090772,99.1212870467653,98.73535638090772,99.0225601196289,234200,0.0,0.0
2017-07-18 00:00:00-04:00,98.9058791635304,98.9058791635304,98.42122841773724,98.72637939453125,183300,0.0,0.0
2017-07-19 00:00:00-04:00,98.35839587563272,98.59175105309818,98.33147159505542,98.45712280273438,148400,0.0,0.0
2017-07-20 00:00:00-04:00,98.66354335261269,98.78021750537097,98.28658976910758,98.582763671875,151900,0.0,0.0
2017-07-21 00:00:00-04:00,98.25069910459725,98.27762338527081,97.87374548021268,98.10709381103516,177000,0.0,0.0
2017-07-24 00:00:00-04:00,98.09811908540559,98.23274048255634,97.918612476743,98.19684600830078,127000,0.0,0.0
2017-07-25 00:00:00-04:00,98.58276865180822,99.22000854572703,98.50199581446681,98.84304809570312,198900,0.0,0.0
2017-07-26 00:00:00-04:00,99.04948101266984,99.5251615467073,99.02255673300388,99.4174575805664,157100,0.0,0.0
2017-07-27 00:00:00-04:00,99.86622095736024,100.50346090979524,99.8213494372091,100.22522735595703,224600,0.0,0.0
2017-07-28 00:00:00-04:00,100.36882247176344,100.75475311279297,100.35086838754245,100.75475311279297,187300,0.0,0.0
2017-07-31 00:00:00-04:00,101.41891962793652,101.41891962793652,100.93426202217653,101.27531433105469,141000,0.0,0.0
2017-08-01 00:00:00-04:00,102.42413787899511,102.65748621911985,101.9484504607157,102.46900939941406,371600,0.0,0.0
2017-08-02 00:00:00-04:00,102.11897792854668,102.4869613647461,101.85869846458361,102.4869613647461,178400,0.0,0.0
2017-08-03 00:00:00-04:00,101.19453720343208,101.31121136660147,100.77270522104537,101.17658996582031,253000,0.0,0.0
2017-08-04 00:00:00-04:00,102.10101297454455,102.13691429239404,101.40992458902534,101.9933090209961,150400,0.0,0.0
2017-08-07 00:00:00-04:00,102.29846882470486,102.46002133448852,102.24461342312607,102.43309020996094,140900,0.0,0.0
2017-08-08 00:00:00-04:00,102.54978682207386,102.75621087588227,102.34335592078804,102.51388549804688,143000,0.0,0.0
2017-08-09 00:00:00-04:00,101.5176287747504,101.67918128170446,101.28427363193316,101.50865173339844,112000,0.0,0.0
2017-08-10 00:00:00-04:00,101.9574236751638,102.11897620705618,100.70988178623595,100.86245727539062,280800,0.0,0.0
2017-08-11 00:00:00-04:00,100.93427088449774,101.12274771759586,100.42268895252337,100.62911987304688,355300,0.0,0.0
2017-08-14 00:00:00-04:00,101.29326344338529,101.7599669403811,101.2124837559862,101.44583892822266,211100,0.0,0.0
2017-08-15 00:00:00-04:00,101.77791575378677,102.00229387191793,101.67021179199219,101.67021179199219,184500,0.0,0.0
2017-08-16 00:00:00-04:00,100.8445051639247,101.05990624687918,100.69192968214347,100.87142944335938,162500,0.0,0.0
2017-08-17 00:00:00-04:00,100.73679136560816,100.73679136560816,99.88415731184425,100.02775573730469,126000,0.0,0.0
2017-08-18 00:00:00-04:00,100.52139333921716,100.67396881071268,100.0905843548737,100.27906799316406,120100,0.0,0.0
2017-08-21 00:00:00-04:00,100.88040644214927,101.32018565017245,100.84450512042618,101.16761016845703,167500,0.0,0.0
2017-08-22 00:00:00-04:00,101.09580757621238,101.41891262440687,101.02400493272984,101.30223846435547,188000,0.0,0.0
2017-08-23 00:00:00-04:00,101.35608914400838,101.49071739148589,101.13171101403825,101.28428649902344,142900,0.0,0.0
2017-08-24 00:00:00-04:00,100.72783385408134,101.13171175198379,100.61115284326011,100.71885681152344,153200,0.0,0.0
2017-08-25 00:00:00-04:00,101.0150417135419,101.40994258501205,100.90733774088054,101.27531433105469,154400,0.0,0.0
2017-08-28 00:00:00-04:00,100.95220128772357,100.95220128772357,100.56627066835706,100.76371765136719,71200,0.0,0.0
2017-08-29 00:00:00-04:00,100.09956607922017,100.61114792035424,100.05469456358055,100.59320068359375,116900,0.0,0.0
2017-08-30 00:00:00-04:00,100.61114006713963,100.79961685205883,100.07263398915958,100.78166961669922,172800,0.0,0.0
2017-08-31 00:00:00-04:00,100.75476033027428,101.4996905393643,100.71885900673736,101.40097045898438,291300,0.0,0.0
2017-09-01 00:00:00-04:00,101.1855594760122,102.19077596239633,101.08683255112281,101.44583892822266,288200,0.0,0.0
2017-09-05 00:00:00-04:00,101.74201714807637,102.3164245980215,101.58944166707028,101.97537231445312,228800,0.0,0.0
2017-09-06 00:00:00-04:00,102.28052835894147,102.34335396291746,101.8407491311095,102.07410430908203,182700,0.0,0.0
2017-09-07 00:00:00-04:00,102.78311956987811,102.98955043985849,102.28949184619032,102.56771850585938,264600,0.0,0.0
2017-09-08 00:00:00-04:00,103.21393599776181,103.36651147714666,102.93570931800392,103.18701171875,220900,0.0,0.0
2017-09-11 00:00:00-04:00,104.05760689220719,104.4973861229513,103.94092587870965,104.31788635253906,185500,0.0,0.0
2017-09-12 00:00:00-04:00,104.44353961969959,104.80253916759924,104.3986612524734,104.59611511230469,179700,0.0,0.0
2017-09-13 00:00:00-04:00,104.42558037428803,104.7397083869183,104.33583049174754,104.658935546875,112000,0.0,0.0
2017-09-14 00:00:00-04:00,104.56918003473027,105.33206426646933,104.53327871415144,105.09870910644531,222200,0.0,0.0
2017-09-15 00:00:00-04:00,105.11666066977949,105.71799236823229,105.11666066977949,105.62824249267578,169500,0.0,0.0
2017-09-18 00:00:00-04:00,105.74491353645386,105.83466340937105,105.35000587864663,105.53848266601562,112900,0.0,0.0
2017-09-19 00:00:00-04:00,107.53097008130196,107.9079305341487,107.52199988651478,107.7553482055664,275600,0.0,0.0
2017-09-20 00:00:00-04:00,107.70149489099322,108.06050124345852,107.54891941662537,108.03357696533203,193700,0.0,0.0
2017-09-21 00:00:00-04:00,107.9348604795713,107.9348604795713,107.52200553094887,107.74638366699219,110600,0.0,0.0
2017-09-22 00:00:00-04:00,107.93485438625306,108.36565654854859,107.93485438625306,108.26692962646484,146100,0.0,0.0
2017-09-25 00:00:00-04:00,108.42848485958629,108.79646827791093,108.21308377305415,108.57209014892578,141100,0.0,0.0
2017-09-26 00:00:00-04:00,109.17341404668696,109.31701932570786,108.70671058482219,108.89518737792969,179700,0.0,0.0
2017-09-27 00:00:00-04:00,109.1734160815191,109.3170213632166,108.30282789178901,109.03878784179688,200300,0.0,0.0
2017-09-28 00:00:00-04:00,109.11846163127574,109.31888069125887,108.80872813879799,108.95448303222656,174400,1.79746,0.0
2017-09-29 00:00:00-04:00,108.7449617085051,108.97270938213833,108.54454264365867,108.56275939941406,122200,0.0,0.0
2017-10-02 00:00:00-04:00,108.25302833674414,108.81783813187452,108.24391648350758,108.69029998779297,115400,0.0,0.0
2017-10-03 00:00:00-04:00,108.881596667577,109.64683240832292,108.87249176552909,109.62860870361328,159900,0.0,0.0
2017-10-04 00:00:00-04:00,110.06589517210116,110.51227866526816,109.52841399976033,110.20254516601562,153800,0.0,0.0
2017-10-05 00:00:00-04:00,109.98391911332679,110.13878587670638,109.77438817734239,110.08412170410156,108000,0.0,0.0
2017-10-06 00:00:00-04:00,110.76735481749769,111.0406548050069,110.50317363329484,111.0224380493164,126600,0.0,0.0
2017-10-09 00:00:00-04:00,110.93133816147667,111.25019047730191,110.77647140541212,110.84024047851562,151300,0.0,0.0
2017-10-10 00:00:00-04:00,112.83531700311256,113.1268337706603,112.7988765383806,113.03573608398438,472400,0.0,0.0
2017-10-11 00:00:00-04:00,112.50735449936697,112.81708800961432,112.31604728121873,112.56201171875,193800,0.0,0.0
2017-10-12 00:00:00-04:00,112.48913320189163,112.6713285593517,112.11562368369891,112.22494506835938,151000,0.0,0.0
2017-10-13 00:00:00-04:00,112.43448123699277,112.56201939111808,112.07919538617107,112.39804077148438,333800,0.0,0.0
2017-10-16 00:00:00-04:00,112.32515669398019,112.50735205483669,112.06096855552303,112.4344711303711,101300,0.0,0.0
2017-10-17 00:00:00-04:00,112.34337088613026,112.66221623550642,112.21583274637979,112.33425903320312,107300,0.0,0.0
2017-10-18 00:00:00-04:00,112.87174221389724,113.25435661641282,112.81707804903284,113.19969940185547,127500,0.0,0.0
2017-10-19 00:00:00-04:00,112.1976238850141,112.34337879056675,111.84233109893114,112.11563110351562,121000,0.0,0.0
2017-10-20 00:00:00-04:00,112.42536114587291,112.70776602752791,112.37980883256402,112.69865417480469,111500,0.0,0.0
2017-10-23 00:00:00-04:00,112.21584047497336,112.31605001315147,111.69657602728128,111.84233093261719,154400,0.0,0.0
2017-10-24 00:00:00-04:00,112.86263510730626,112.97195649132505,112.5984469753247,112.85352325439453,133300,0.0,0.0
2017-10-25 00:00:00-04:00,112.27049269612559,112.27049269612559,111.15908292241217,111.45059967041016,176500,0.0,0.0
2017-10-26 00:00:00-04:00,112.58023794953219,113.04483822531982,112.5437974856906,112.82620239257812,123100,0.0,0.0
2017-10-27 00:00:00-04:00,112.85352623248028,113.18148344288373,112.6622190181295,113.17237854003906,101800,0.0,0.0
2017-10-30 00:00:00-04:00,113.19060759519446,113.36369807235619,113.026628972175,113.31814575195312,113500,0.0,0.0
2017-10-31 00:00:00-04:00,112.94463572124697,113.0903906264134,112.66222386384258,112.96285247802734,110400,0.0,0.0
2017-11-01 00:00:00-04:00,113.22703034464276,113.80095196025428,113.12682081568256,113.35456848144531,194200,0.0,0.0
2017-11-02 00:00:00-04:00,113.9193897928731,114.32022097458574,113.81918025986808,114.15624237060547,153100,0.0,0.0
2017-11-03 00:00:00-04:00,114.33844250747391,114.447756941178,113.89205206882447,114.43865203857422,115300,0.0,0.0
2017-11-06 00:00:00-05:00,114.33843947544472,114.55707528736242,114.18356578129199,114.44775390625,103400,0.0,0.0
2017-11-07 00:00:00-05:00,115.46808080621858,116.15132388791218,114.41132817038462,116.11488342285156,335100,0.0,0.0
2017-11-08 00:00:00-05:00,115.80513997338792,116.70701881786638,115.74137090257243,116.58859252929688,179300,0.0,0.0
2017-11-09 00:00:00-05:00,114.2564519939961,114.51152827809887,113.53676850653044,114.29289245605469,303900,0.0,0.0
2017-11-10 00:00:00-05:00,113.69165259182753,113.78275028014068,113.3363667421906,113.40924072265625,123200,0.0,0.0
2017-11-13 00:00:00-05:00,113.73720258766562,114.56620757074782,113.69165721681031,114.48421478271484,156400,0.0,0.0
2017-11-14 00:00:00-05:00,114.19268853569803,114.27468131693682,113.61876686825775,113.75541687011719,164400,0.0,0.0
2017-11-15 00:00:00-05:00,112.00630479971663,112.78975736483974,111.58724990795666,112.65311431884766,106500,0.0,0.0
2017-11-16 00:00:00-05:00,112.94464090666722,113.5823316778746,112.81709580211762,113.2999267578125,140300,0.0,0.0
2017-11-17 00:00:00-05:00,112.34337627824277,112.64400488650121,112.12474044964921,112.31604766845703,212600,0.0,0.0
2017-11-20 00:00:00-05:00,112.82620499067558,113.45479084337896,112.82620499067558,113.22704315185547,108000,0.0,0.0
2017-11-21 00:00:00-05:00,114.05603533555114,114.71194976583747,113.92849719080743,114.58441162109375,163500,0.0,0.0
2017-11-22 00:00:00-05:00,115.05813850540405,115.34965527752703,114.60264311456763,114.85771942138672,115200,0.0,0.0
2017-11-24 00:00:00-05:00,115.04902677191984,115.14923631403339,114.65730045737818,114.83039093017578,57700,0.0,0.0
2017-11-27 00:00:00-05:00,114.9761407999337,115.14923126514188,114.66640728356936,114.76661682128906,104800,0.0,0.0
2017-11-28 00:00:00-05:00,115.24944262060257,115.65938568115234,115.07635215266436,115.65938568115234,101000,0.0,0.0
2017-11-29 00:00:00-05:00,115.33142640934139,115.78692177979717,114.84860242870751,115.28588104248047,128200,0.0,0.0
2017-11-30 00:00:00-05:00,115.14923051562928,115.59561403055204,114.96702819809406,115.09456634521484,110600,0.0,0.0
2017-12-01 00:00:00-05:00,114.23824084041142,114.41132435579355,112.67133564658704,113.29080963134766,201300,0.0,0.0
2017-12-04 00:00:00-05:00,113.60054052487997,113.83740005925242,112.69866165402985,112.88996887207031,243400,0.0,0.0
2017-12-05 00:00:00-05:00,112.99929053049893,113.72807894139437,112.17028563337269,112.67133331298828,190200,0.0,0.0
2017-12-06 00:00:00-05:00,112.05185711261574,112.30693339887168,111.71478804845894,112.02452850341797,95700,0.0,0.0
2017-12-07 00:00:00-05:00,112.40715026855469,112.58024073851328,111.91521441996815,112.40715026855469,113600,0.0,0.0
2017-12-08 00:00:00-05:00,113.11771880917252,113.41834742222095,112.98106880775887,113.37279510498047,125100,0.0,0.0
2017-12-11 00:00:00-05:00,113.13593025316887,113.13593025316887,112.70776353862628,112.8990707397461,89600,0.0,0.0
2017-12-12 00:00:00-05:00,112.88996131784964,113.43655432571875,112.78064688646012,113.19058990478516,110100,0.0,0.0
2017-12-13 00:00:00-05:00,113.62788083684568,114.11070482880278,113.59144037231768,113.80096435546875,83200,0.0,0.0
2017-12-14 00:00:00-05:00,114.42954522887618,114.55708337402343,113.79185450313986,113.87384033203125,339500,0.0,0.0
2017-12-15 00:00:00-05:00,113.17238042270164,113.56410671107186,113.11771625318669,113.2725830078125,127500,0.0,0.0
2017-12-18 00:00:00-05:00,115.57738456933008,116.09664895418778,115.4589513383738,115.9873275756836,160600,0.0,0.0
2017-12-19 00:00:00-05:00,116.16042852600481,116.33351203640598,115.51362594955044,115.7049331665039,90900,0.0,0.0
2017-12-20 00:00:00-05:00,116.6068139467224,116.61591884984043,115.99645182304387,116.26974487304688,103900,0.0,0.0
2017-12-21 00:00:00-05:00,116.82544393230891,117.00763927902345,116.66145838983608,116.86187744140625,180800,0.0,0.0
2017-12-22 00:00:00-05:00,116.71612904955202,116.91654812421058,116.36995507079219,116.8983383178711,75800,0.0,0.0
2017-12-26 00:00:00-05:00,116.60680928511239,116.75257113286635,116.4428306815429,116.58859252929688,48400,0.0,0.0
2017-12-27 00:00:00-05:00,116.57947738560118,116.88010597537745,116.48837970848005,116.81632995605469,77800,0.0,0.0
2017-12-28 00:00:00-05:00,116.7070289720834,116.99853879233956,116.16954079961026,116.85279083251953,102300,0.0,0.0
2017-12-29 00:00:00-05:00,117.00765490108195,117.00765490108195,115.79603552777301,115.85069274902344,122100,0.0,0.0
2018-01-02 00:00:00-05:00,116.08755916823938,116.99854302771078,115.85069961161034,116.94388580322266,83500,0.0,0.0
2018-01-03 00:00:00-05:00,117.22627829756942,118.647435486621,117.11696386018666,118.54722595214844,162200,0.0,0.0
2018-01-04 00:00:00-05:00,119.62218252247024,120.39653015136719,119.61307762000143,120.39653015136719,161800,0.0,0.0
2018-01-05 00:00:00-05:00,121.26197030598266,121.95431822047499,121.2346416975563,121.9452133178711,135300,0.0,0.0
2018-01-08 00:00:00-05:00,122.05454045857154,122.79244076413487,121.72658322269716,122.77423095703125,131200,0.0,0.0
2018-01-09 00:00:00-05:00,121.90879262635916,121.91789752992051,121.24375934974587,121.81768798828125,148000,0.0,0.0
2018-01-10 00:00:00-05:00,124.55975335211727,125.06990591524045,123.97671986560296,124.25912475585938,389500,0.0,0.0
2018-01-11 00:00:00-05:00,124.52332055869594,124.72373962402344,123.55767264427159,124.72373962402344,180000,0.0,0.0
2018-01-12 00:00:00-05:00,124.52332241044247,124.98792266845702,124.29557473287582,124.98792266845703,101200,0.0,0.0
2018-01-16 00:00:00-05:00,126.80989909780192,127.08319908024794,125.34320355597663,125.68938446044922,257800,0.0,0.0
2018-01-17 00:00:00-05:00,128.10350596675084,128.44058197338256,127.21984388824951,128.19461059570312,394400,0.0,0.0
2018-01-18 00:00:00-05:00,126.87367526092602,126.91010877167328,126.09022272402164,126.29064178466797,173300,0.0,0.0
2018-01-19 00:00:00-05:00,127.43848734441632,127.8211017669722,126.95566338971852,127.40205383300781,170600,0.0,0.0
2018-01-22 00:00:00-05:00,126.60037662495358,126.99209594726562,126.33618154192084,126.99209594726562,249800,0.0,0.0
2018-01-23 00:00:00-05:00,127.20163428364326,127.20163428364326,126.58215338714265,126.88278198242188,164800,0.0,0.0
2018-01-24 00:00:00-05:00,127.09231622934433,127.21985438002673,126.17222056375097,126.65504455566406,236800,0.0,0.0
2018-01-25 00:00:00-05:00,127.02857183346588,127.02857183346588,125.45256148708317,125.8807144165039,270900,0.0,0.0
2018-01-26 00:00:00-05:00,126.94657050948659,127.30185635697974,126.53661353878087,127.13787078857422,319300,0.0,0.0
2018-01-29 00:00:00-05:00,127.49316440887584,127.95777863050392,127.04678779671329,127.11054992675781,249200,0.0,0.0
2018-01-30 00:00:00-05:00,127.52049265563814,127.78468778102423,126.85547324105346,127.19253540039062,217200,0.0,0.0
2018-01-31 00:00:00-05:00,126.12665328032817,126.19042929841015,124.94236264987245,125.64382934570312,224600,0.0,0.0
2018-02-01 00:00:00-05:00,125.9353810965366,126.85547685803512,125.91715738722075,126.4455337524414,169600,0.0,0.0
2018-02-02 00:00:00-05:00,126.53658343015061,126.6185831451501,124.43219745721618,124.45952606201172,253200,0.0,0.0
2018-02-05 00:00:00-05:00,123.43923209761,123.99493694573451,119.6221790802351,120.1869888305664,313800,0.0,0.0
2018-02-06 00:00:00-05:00,122.3916141881264,127.06498733534309,121.38951879170091,126.40907287597656,513200,0.0,0.0
2018-02-07 00:00:00-05:00,125.11547437942141,126.42730336855881,124.66909777937924,124.69642639160156,217800,0.0,0.0
2018-02-08 00:00:00-05:00,125.89891649392038,125.98090232372537,122.44626773284945,122.4644775390625,387700,0.0,0.0
2018-02-09 00:00:00-05:00,124.95149028199008,125.38876193468515,121.18909416649713,124.41400909423828,433000,0.0,0.0
2018-02-12 00:00:00-05:00,125.4980821158137,126.75525381303551,124.61441996640646,126.40907287597656,255100,0.0,0.0
2018-02-13 00:00:00-05:00,122.16386015496212,123.24792742675051,121.89056016098067,123.02017974853516,300100,0.0,0.0
2018-02-14 00:00:00-05:00,120.92491029655552,123.51212054357978,120.39653402346777,123.41191101074219,262600,0.0,0.0
2018-02-15 00:00:00-05:00,122.98374664860458,123.28437525293054,122.19118917395487,123.23882293701172,218500,0.0,0.0
2018-02-16 00:00:00-05:00,123.83096342484663,124.58708739984779,123.80363481495874,124.07693481445312,158500,0.0,0.0
2018-02-20 00:00:00-05:00,123.62144546029194,124.43222669449551,123.34814544750752,123.75810241699219,128800,0.0,0.0
2018-02-21 00:00:00-05:00,123.73077393241381,124.3593458916604,122.80155944824219,122.80155944824219,144300,0.0,0.0
2018-02-22 00:00:00-05:00,123.54854598597888,124.0678173223901,122.93818392605597,123.1932601928711,148000,0.0,0.0
2018-02-23 00:00:00-05:00,123.95851788360264,124.87861353583297,123.64877046448753,124.83306121826172,101800,0.0,0.0
2018-02-26 00:00:00-05:00,125.14278866154964,126.22686982428529,124.86038376717953,126.10843658447266,125600,0.0,0.0
2018-02-27 00:00:00-05:00,125.4707548935496,125.67117397505258,123.91296846077712,123.92207336425781,150800,0.0,0.0
2018-02-28 00:00:00-05:00,124.04958698741403,124.09513929704225,122.59201038360352,122.61933898925781,135600,0.0,0.0
2018-03-01 00:00:00-05:00,121.599054140025,121.671935075724,117.97331446785748,118.78409576416016,444200,0.0,0.0
2018-03-02 00:00:00-05:00,117.67266533966347,119.093808586898,117.15340787653457,118.96627044677734,214200,0.0,0.0
2018-03-05 00:00:00-05:00,117.7910984120061,119.72239421701583,117.48136491509221,119.3215560913086,161200,0.0,0.0
2018-03-06 00:00:00-05:00,119.95926968884834,120.10503156249486,119.10294995756409,119.6495361328125,194900,0.0,0.0
2018-03-07 00:00:00-05:00,117.95506888973233,118.42878793363897,116.98031609429042,118.26481628417969,284100,0.0,0.0
2018-03-08 00:00:00-05:00,117.70000449830519,118.25570942305926,117.27183772510374,118.02796173095703,233800,0.0,0.0
2018-03-09 00:00:00-05:00,117.17163060108916,118.54723558615113,116.47928260704124,118.15550231933594,473000,0.0,0.0
2018-03-12 00:00:00-04:00,118.4652406221243,119.33979792932817,118.4652406221243,118.73854064941406,144000,0.0,0.0
2018-03-13 00:00:00-04:00,119.03005974671731,119.49466004457253,118.12817386199289,118.42880249023438,174200,0.0,0.0
2018-03-14 00:00:00-04:00,119.5311074604531,119.5311074604531,118.31036923954693,118.42880249023438,116100,0.0,0.0
2018-03-15 00:00:00-04:00,118.93896253978907,119.33980073582494,118.36503385904525,118.78409576416016,102400,0.0,0.0
2018-03-16 00:00:00-04:00,118.5016761436477,118.80230475342618,118.33769058348878,118.34680938720703,91400,0.0,0.0
2018-03-19 00:00:00-04:00,117.66357408863875,117.83666456330235,115.92357833891651,116.4610595703125,179500,0.0,0.0
2018-03-20 00:00:00-04:00,117.10786133097139,117.87309020939166,117.08053272107176,117.74555206298828,69100,0.0,0.0
2018-03-21 00:00:00-04:00,117.78198545728479,118.610990358379,117.39937101846024,117.77288055419922,110500,0.0,0.0
2018-03-22 00:00:00-04:00,116.88921386490281,117.19894736509116,115.6502659635346,115.71403503417969,177300,0.0,0.0
2018-03-23 00:00:00-04:00,115.19477943099669,115.44075082966975,113.38190975509693,113.41835021972656,223200,0.0,0.0
2018-03-26 00:00:00-04:00,115.03079453032633,116.14220431472783,114.10158705911795,115.97822570800781,158700,0.0,0.0
2018-03-27 00:00:00-04:00,117.95507841579465,118.52900703648179,116.19687294062048,116.64324951171875,347600,0.0,0.0
2018-03-28 00:00:00-04:00,118.82949209508456,120.24754816192262,118.7646068728381,119.90460968017578,348300,2.18881,0.0
2018-03-29 00:00:00-04:00,120.48851184139193,121.36900198406549,119.63582560852248,120.83143615722656,165000,0.0,0.0
2018-04-02 00:00:00-04:00,119.51534118978756,119.51534118978756,116.64215480676567,117.32801055908203,260000,0.0,0.0
2018-04-03 00:00:00-04:00,117.80997116860206,119.07046705346913,117.63387029505513,118.9592514038086,233100,0.0,0.0
2018-04-04 00:00:00-04:00,116.75336438593102,118.56068916201554,116.56799320941764,118.41239929199219,396400,0.0,0.0
2018-04-05 00:00:00-04:00,118.02312809017893,118.53289000705034,117.64312953766468,118.07874298095703,437300,0.0,0.0
2018-04-06 00:00:00-04:00,116.89239163049996,117.25385658766494,115.34457235081763,116.197265625,420600,0.0,0.0
2018-04-09 00:00:00-04:00,117.0128844372564,117.91191525501587,116.53093348990677,116.93873596191406,233200,0.0,0.0
2018-04-10 00:00:00-04:00,118.61630321290889,119.12605803454932,118.41239845577779,118.87580871582031,303400,0.0,0.0
2018-04-11 00:00:00-04:00,118.64411198643515,119.1260700192666,118.3753361299264,118.45874786376953,155000,0.0,0.0
2018-04-12 00:00:00-04:00,119.17241306372593,119.58022261380829,118.91290046683274,119.21875762939453,134500,0.0,0.0
2018-04-13 00:00:00-04:00,119.42266202065964,119.51533700932319,118.83875160833853,119.12606811523438,89000,0.0,0.0
2018-04-16 00:00:00-04:00,119.70997973487545,119.87680320157779,119.29290692574367,119.39485931396484,137300,0.0,0.0
2018-04-17 00:00:00-04:00,119.54313946874495,119.9416857565243,119.1075260144254,119.87680053710938,174100,0.0,0.0
2018-04-18 00:00:00-04:00,119.99729225670292,120.1455892059827,119.58021946143204,119.6265640258789,199600,0.0,0.0
2018-04-19 00:00:00-04:00,119.36702833888508,119.36702833888508,118.63483518810325,119.0889892578125,148000,0.0,0.0
2018-04-20 00:00:00-04:00,119.5153363433751,119.87680132461315,119.37631678996651,119.77484893798828,214600,0.0,0.0
2018-04-23 00:00:00-04:00,119.89533987187,119.90460312780917,119.32070687138014,119.6265640258789,117600,0.0,0.0
2018-04-24 00:00:00-04:00,120.9519301890666,121.08168648334454,119.63582659214036,119.9972915649414,145600,0.0,0.0
2018-04-25 00:00:00-04:00,121.16510290752062,121.66560159225068,120.98900204224063,121.50804138183594,181500,0.0,0.0
2018-04-26 00:00:00-04:00,121.78607138503624,122.2216848163481,121.5172955502826,121.980712890625,105800,0.0,0.0
2018-04-27 00:00:00-04:00,121.77682333021487,122.01779528601716,121.3319465878196,121.42462158203125,116900,0.0,0.0
2018-04-30 00:00:00-04:00,121.6563173936746,122.19388321571206,121.23924460796238,121.39680480957031,170600,0.0,0.0
2018-05-01 00:00:00-04:00,121.12803013800213,121.41534663443333,120.6275314764201,121.38754272460938,127000,0.0,0.0
2018-05-02 00:00:00-04:00,121.41534571509081,121.41534571509081,120.5812001419372,120.65533447265625,127100,0.0,0.0
2018-05-03 00:00:00-04:00,120.42363175204635,120.97973825656256,119.65437135820434,120.59046936035156,109500,0.0,0.0
2018-05-04 00:00:00-04:00,120.39583435374861,121.71195220947266,120.062173261465,121.71195220947266,109800,0.0,0.0
2018-05-07 00:00:00-04:00,121.786078619233,122.28657729626279,121.5543699352981,121.88803100585938,114300,0.0,0.0
2018-05-08 00:00:00-04:00,121.07242715510321,121.39681083013349,120.90558954711906,121.32266235351562,133800,0.0,0.0
2018-05-09 00:00:00-04:00,125.25243649893436,126.3182907104492,125.08561304699278,126.31829071044922,364800,0.0,0.0
2018-05-10 00:00:00-04:00,128.22758127362755,128.53342426710552,128.0422030271414,128.2646484375,198400,0.0,0.0
2018-05-11 00:00:00-04:00,127.88465273894951,128.05149034523728,127.53246515656548,127.96807861328125,140600,0.0,0.0
2018-05-14 00:00:00-04:00,127.94026984722302,128.32027551021875,127.90320267778826,128.032958984375,98800,0.0,0.0
2018-05-15 00:00:00-04:00,126.45733800788786,126.47587866311308,125.98464322509011,126.25343322753906,148700,0.0,0.0
2018-05-16 00:00:00-04:00,126.91146771609651,127.58806722445362,126.83733338595128,127.30075073242188,100900,0.0,0.0
2018-05-17 00:00:00-04:00,126.9763512212223,127.03195903926914,126.47586671642594,126.67049407958984,73100,0.0,0.0
2018-05-18 00:00:00-04:00,126.51292087155461,126.51292087155461,125.74364646880395,126.0865707397461,168600,0.0,0.0
2018-05-21 00:00:00-04:00,126.50368745201682,126.57783593340022,126.0773372196564,126.46660614013672,81800,0.0,0.0
2018-05-22 00:00:00-04:00,126.5129602746537,126.5129602746537,125.73442237482651,125.8085708618164,120400,0.0,0.0
2018-05-23 00:00:00-04:00,124.75195039711525,125.02072622480217,124.0382837518869,124.96511840820312,106300,0.0,0.0
2018-05-24 00:00:00-04:00,122.71292631631789,123.10220939173652,122.14755650210547,122.75000762939453,261800,0.0,0.0
2018-05-25 00:00:00-04:00,120.30314196370927,120.69241082468902,120.12704111513816,120.4514389038086,204900,0.0,0.0
2018-05-29 00:00:00-04:00,118.10655464948071,118.47728997054288,117.11484173157254,117.42996215820312,276400,0.0,0.0
2018-05-30 00:00:00-04:00,117.37434458095662,118.3289831803077,117.32800001797962,117.92118072509766,287700,0.0,0.0
2018-05-31 00:00:00-04:00,118.4772764889504,118.77385622662645,117.79141374811422,118.6070327758789,369800,0.0,0.0
2018-06-01 00:00:00-04:00,121.68412658169494,122.22169242705117,121.34120225404774,121.70266723632812,225800,0.0,0.0
2018-06-04 00:00:00-04:00,125.35439887324956,125.39146604028944,124.36267891082873,124.45536804199219,180500,0.0,0.0
2018-06-05 00:00:00-04:00,123.85293374758054,123.96414939343859,123.6026844020238,123.69537353515625,94700,0.0,0.0
2018-06-06 00:00:00-04:00,126.07732835805513,126.21634791189227,125.47489143492649,126.20708465576172,141500,0.0,0.0
2018-06-07 00:00:00-04:00,126.75392266651195,127.3656370311425,126.43880222741504,126.46660614013672,233500,0.0,0.0
2018-06-08 00:00:00-04:00,126.41100225350075,126.4295429100185,125.85489569698599,126.24417877197266,107100,0.0,0.0
2018-06-11 00:00:00-04:00,126.49439416070604,127.49537732005815,126.48513090508818,127.11537170410156,95200,0.0,0.0
2018-06-12 00:00:00-04:00,124.8446317311901,125.10414431677637,124.55731523588925,124.70561218261719,225000,0.0,0.0
2018-06-13 00:00:00-04:00,125.9012176650093,125.98462939079909,125.39145577011395,125.502685546875,112400,0.0,0.0
2018-06-14 00:00:00-04:00,125.49341338201658,125.85487835121963,125.41927905091747,125.5304946899414,76800,0.0,0.0
2018-06-15 00:00:00-04:00,126.27197465142572,126.40173095403972,125.31733596597074,125.87342834472656,150400,0.0,0.0
2018-06-18 00:00:00-04:00,125.6973191553488,126.55928279181464,125.66951524537009,126.53147888183594,135400,0.0,0.0
2018-06-19 00:00:00-04:00,125.8641539410386,126.22561890504831,125.61390461445494,126.18853759765625,158100,0.0,0.0
2018-06-20 00:00:00-04:00,125.30805474816059,125.40074387964987,124.43682782471448,124.53878021240234,117600,0.0,0.0
2018-06-21 00:00:00-04:00,123.81584505762534,123.81584505762534,122.51828212536583,122.95389556884766,155600,0.0,0.0
2018-06-22 00:00:00-04:00,122.24023422688327,122.27730139412114,121.15583926988303,121.41535186767578,209600,0.0,0.0
2018-06-25 00:00:00-04:00,120.34948657984484,120.46996546915237,118.84800480981417,119.16313934326172,205700,0.0,0.0
2018-06-26 00:00:00-04:00,119.81192495758029,120.27534230498384,119.21875131859873,119.75631713867188,167400,0.0,0.0
2018-06-27 00:00:00-04:00,119.22801537278295,119.22801537278295,117.80068908467842,117.8099594116211,323500,0.0,0.0
2018-06-28 00:00:00-04:00,118.76459805804706,119.92314143466386,118.69044958485856,119.64508819580078,173400,0.0,0.0
2018-06-29 00:00:00-04:00,119.92314782268491,120.39582845426807,119.357778059085,119.38558197021484,176600,0.0,0.0
2018-07-02 00:00:00-04:00,118.18996353773309,118.69045514843445,117.70801258179176,118.5699691772461,101500,0.0,0.0
2018-07-03 00:00:00-04:00,118.94069954054747,118.95924019453605,117.93971636079323,118.07874298095703,96500,0.0,0.0
2018-07-05 00:00:00-04:00,118.98704580668834,119.83973205148394,118.98704580668834,119.6265640258789,120800,0.0,0.0
2018-07-06 00:00:00-04:00,119.96021069651759,120.43290545355828,119.64509028674075,120.08070373535156,84300,0.0,0.0
2018-07-09 00:00:00-04:00,120.70168512157781,121.2392509718322,120.70168512157781,121.13729858398438,69500,0.0,0.0
2018-07-10 00:00:00-04:00,119.72850192269644,119.96948800017428,119.57094171793231,119.81192779541016,120100,0.0,0.0
2018-07-11 00:00:00-04:00,119.26507791307357,119.32069987257256,118.43093237145898,118.69044494628906,75300,0.0,0.0
2018-07-12 00:00:00-04:00,119.6172923495133,119.88608235073757,119.394861057329,119.72850799560547,79700,0.0,0.0
2018-07-13 00:00:00-04:00,119.67289020151551,120.18265210759189,119.63582303669858,120.03435516357422,74900,0.0,0.0
2018-07-16 00:00:00-04:00,120.2197334147838,120.2197334147838,119.93240278235895,120.03435516357422,100500,0.0,0.0
2018-07-17 00:00:00-04:00,121.22070604359905,122.2772970520574,121.13729431349388,121.8324203491211,135600,0.0,0.0
2018-07-18 00:00:00-04:00,122.90755617207857,123.22267659139278,122.31438250062644,122.42559814453125,182200,0.0,0.0
2018-07-19 00:00:00-04:00,122.08266849778936,122.36072173781861,121.84169656569748,122.12901306152344,107700,0.0,0.0
2018-07-20 00:00:00-04:00,122.4348831032917,122.59244332267792,122.09194460944941,122.15682983398438,123000,0.0,0.0
2018-07-23 00:00:00-04:00,121.82314313165163,122.17534480823203,121.64704229336144,122.0919189453125,126800,0.0,0.0
2018-07-24 00:00:00-04:00,123.05585397844675,123.43584547854724,122.5368287801257,122.87975311279297,118200,0.0,0.0
2018-07-25 00:00:00-04:00,121.9529014900912,122.6665681102433,120.31240024618921,122.53681182861328,270700,0.0,0.0
2018-07-26 00:00:00-04:00,123.44512620424679,123.81585445807474,123.25976207733282,123.57488250732422,135600,0.0,0.0
2018-07-27 00:00:00-04:00,124.55732242027484,124.90024675478452,124.15879026312858,124.62220764160156,168100,0.0,0.0
2018-07-30 00:00:00-04:00,124.96512931111934,125.6509921078881,124.93732540039399,125.1041488647461,149900,0.0,0.0
2018-07-31 00:00:00-04:00,122.32362682303024,122.61094328689613,122.02704710439805,122.1938705444336,198700,0.0,0.0
2018-08-01 00:00:00-04:00,122.80560163769704,123.43584246530868,121.85096299786574,121.99925994873047,131800,0.0,0.0
2018-08-02 00:00:00-04:00,120.99828305062833,121.50804500681087,120.44217652708804,121.46170043945312,119300,0.0,0.0
2018-08-03 00:00:00-04:00,120.8592378162571,122.00851792213463,120.27534157886873,121.69339752197266,157700,0.0,0.0
2018-08-06 00:00:00-04:00,119.06119542818918,119.27436345584755,118.69973044982252,119.05191802978516,198200,0.0,0.0
2018-08-07 00:00:00-04:00,119.3392296755124,119.6914313835155,119.07045383787191,119.1167984008789,270900,0.0,0.0
2018-08-08 00:00:00-04:00,118.40313428611222,118.40313428611222,117.75435281712913,117.79141998291016,208400,0.0,0.0
2018-08-09 00:00:00-04:00,117.24459501932192,117.24459501932192,116.24361179954222,116.27141571044922,191100,0.0,0.0
2018-08-10 00:00:00-04:00,115.90068258030325,115.90068258030325,115.04798927839832,115.14067840576172,233000,0.0,0.0
2018-08-13 00:00:00-04:00,114.98310595872974,115.22408495089492,114.44554722862061,114.46408081054688,229200,0.0,0.0
2018-08-14 00:00:00-04:00,114.85336096311826,114.85336096311826,114.23238337532334,114.4177474975586,131000,0.0,0.0
2018-08-15 00:00:00-04:00,113.59285861243832,113.59285861243832,112.53626761973133,112.93480682373047,191500,0.0,0.0
2018-08-16 00:00:00-04:00,113.07383999613684,114.11189746631922,112.99969151872638,113.77823638916016,132900,0.0,0.0
2018-08-17 00:00:00-04:00,113.6577336592661,114.51042693444087,113.48163987940859,114.26017761230469,135100,0.0,0.0
2018-08-20 00:00:00-04:00,113.7782349002108,114.51969845104826,113.7782349002108,114.25091552734375,126400,0.0,0.0
2018-08-21 00:00:00-04:00,113.95431405687482,113.95431405687482,113.53724130504538,113.60211944580078,182600,0.0,0.0
2018-08-22 00:00:00-04:00,115.40945336983714,115.63189878839285,114.53823356298376,114.6865234375,262900,0.0,0.0
2018-08-23 00:00:00-04:00,114.2231057471039,114.2231057471039,113.129440524968,113.31481170654297,184300,0.0,0.0
2018-08-24 00:00:00-04:00,114.01920174475866,114.12115412750917,113.50944690219366,113.85237121582031,93200,0.0,0.0
2018-08-27 00:00:00-04:00,116.41971081339487,117.7172808475415,116.05824583497235,117.21678924560547,370500,0.0,0.0
2018-08-28 00:00:00-04:00,117.46703931883266,117.79143008113412,116.79045388191652,116.84606170654297,169100,0.0,0.0
2018-08-29 00:00:00-04:00,117.56898266798994,118.42166891221864,117.4670302832248,118.15289306640625,249000,0.0,0.0
2018-08-30 00:00:00-04:00,116.46604931220948,116.86458143636959,115.69677483053135,116.0953140258789,165200,0.0,0.0
2018-08-31 00:00:00-04:00,115.48361419070235,115.6597150647582,114.74215059646549,115.00166320800781,152600,0.0,0.0
2018-09-04 00:00:00-04:00,113.2313968738964,113.46310555559195,112.74944592729229,113.0831069946289,244500,0.0,0.0
2018-09-05 00:00:00-04:00,111.6928588458557,112.38798491547185,111.50748765124523,111.6557846069336,290800,0.0,0.0
2018-09-06 00:00:00-04:00,111.68358726138068,111.68358726138068,110.58992197464578,111.39627075195312,136600,0.0,0.0
2018-09-07 00:00:00-04:00,110.81235254178793,111.00698697686002,110.31186096395079,110.57138061523438,190300,0.0,0.0
2018-09-10 00:00:00-04:00,110.80309068474895,110.90504306695746,110.4323553922805,110.46015930175781,104500,0.0,0.0
2018-09-11 00:00:00-04:00,111.28504560549281,111.3035791887464,110.77528367617161,111.1460189819336,172200,0.0,0.0
2018-09-12 00:00:00-04:00,111.03479688763849,111.5167478072907,110.88649994547633,111.13674926757812,110500,0.0,0.0
2018-09-13 00:00:00-04:00,112.84212398566929,113.45383827783145,112.70309736734266,113.03675842285156,149900,0.0,0.0
2018-09-14 00:00:00-04:00,113.7318827009903,113.84310540818524,113.12943874492902,113.33334350585938,131400,0.0,0.0
2018-09-17 00:00:00-04:00,113.69480868586788,114.01919941016494,113.45383675992575,113.51871490478516,147300,0.0,0.0
2018-09-18 00:00:00-04:00,115.27970473531538,116.1323980873767,115.17775234616879,115.88214874267578,266900,0.0,0.0
2018-09-19 00:00:00-04:00,115.83580427780657,116.45678183165406,115.83580427780657,116.15092468261719,130900,0.0,0.0
2018-09-20 00:00:00-04:00,116.24360446104248,116.67921789425291,115.56701910105869,115.80799102783203,136000,0.0,0.0
2018-09-21 00:00:00-04:00,115.52994759801099,115.80799376729306,115.21482012073282,115.5948257446289,113600,0.0,0.0
2018-09-24 00:00:00-04:00,115.24262590437841,115.53921980366877,114.66799290247276,114.92750549316406,117900,0.0,0.0
2018-09-25 00:00:00-04:00,116.15092782922981,116.41971074889031,115.64116590035856,115.74311828613281,169900,0.0,0.0
2018-09-26 00:00:00-04:00,115.80799947607262,116.13239729634108,115.21482580027178,115.98410034179688,271000,0.0,0.0
2018-09-27 00:00:00-04:00,117.31753436139253,117.83455443578269,116.92271029509597,117.13892364501953,151200,1.75848,0.0
2018-09-28 00:00:00-04:00,117.04491889376553,117.4961361456751,116.73470255059713,116.8945083618164,167300,0.0,0.0
2018-10-01 00:00:00-04:00,117.12952332620657,117.54314513082468,116.95091977855077,117.33633422851562,147200,0.0,0.0
2018-10-02 00:00:00-04:00,118.00375774553031,118.46437743623666,117.91915720257084,118.17296600341797,177100,0.0,0.0
2018-10-03 00:00:00-04:00,115.59725318192704,115.94506499629661,115.08022592817619,115.34343719482422,192000,0.0,0.0
2018-10-04 00:00:00-04:00,115.34342648222639,115.5972424457559,114.25297888282215,114.85460662841797,139500,0.0,0.0
2018-10-05 00:00:00-04:00,115.49383857741054,115.49383857741054,114.09317463549301,114.21537780761719,272500,0.0,0.0
2018-10-08 00:00:00-04:00,114.29998508327687,114.57259879589512,113.16253232012629,114.42219543457031,180000,0.0,0.0
2018-10-09 00:00:00-04:00,112.52329927598089,112.97452369338056,112.03447939810263,112.73011016845703,182500,0.0,0.0
2018-10-10 00:00:00-04:00,112.54210250743613,112.71131076495291,110.71841430664062,110.71841430664062,454400,0.0,0.0
2018-10-11 00:00:00-04:00,110.72782243945241,111.38585060135645,108.8289288774395,109.75017547607422,292400,0.0,0.0
2018-10-12 00:00:00-04:00,110.26720733936718,110.39881297725397,108.8853409695865,109.75958251953125,318500,0.0,0.0
2018-10-15 00:00:00-04:00,108.44351783886731,109.05454810667241,108.0580962090934,108.69732666015625,326900,0.0,0.0
2018-10-16 00:00:00-04:00,110.18259110268474,111.15083558030598,109.91937984725008,110.96282958984375,275600,0.0,0.0
2018-10-17 00:00:00-04:00,110.93462848958256,110.98162640082442,109.9287813878067,110.67141723632812,224500,0.0,0.0
2018-10-18 00:00:00-04:00,110.84062498088781,111.29184222095378,109.53395682777628,109.67496490478516,230000,0.0,0.0
2018-10-19 00:00:00-04:00,109.81597705450156,110.3518020294323,109.07334118188368,109.34595489501953,193400,0.0,0.0
2018-10-22 00:00:00-04:00,111.62085755554249,111.63026000664168,109.42115734827243,110.07918548583984,238700,0.0,0.0
2018-10-23 00:00:00-04:00,108.8383192836891,111.46104353353812,108.64091085696519,110.89701843261719,311600,0.0,0.0
2018-10-24 00:00:00-04:00,109.6843683599835,109.72197099232804,107.54106852012552,107.70087432861328,432000,0.0,0.0
2018-10-25 00:00:00-04:00,108.62211580095732,110.25779078546712,108.27429684704605,109.66556549072266,334700,0.0,0.0
2018-10-26 00:00:00-04:00,109.04513622533992,111.10383548876209,108.80072270495948,110.26719665527344,207700,0.0,0.0
2018-10-29 00:00:00-04:00,108.8571341396326,110.94402648669232,107.29665714000978,108.3965072631836,431700,0.0,0.0
2018-10-30 00:00:00-04:00,108.29309741883101,109.42115485000822,108.10509143295246,109.27074432373047,313100,0.0,0.0
2018-10-31 00:00:00-04:00,110.1919942255914,110.6620163765813,109.86298015429222,110.03218841552734,238400,0.0,0.0
2018-11-01 00:00:00-04:00,109.89118780462603,110.74662444814389,109.32716261949774,110.64321899414062,275500,0.0,0.0
2018-11-02 00:00:00-04:00,109.9851828117524,110.30479443036971,107.68207715157587,108.53751373291016,397500,0.0,0.0
2018-11-05 00:00:00-05:00,108.18970320820283,109.00754439282404,108.18970320820283,108.49052429199219,241900,0.0,0.0
2018-11-06 00:00:00-05:00,110.23899215600011,110.80302447485771,109.74076982338225,110.53041076660156,252200,0.0,0.0
2018-11-07 00:00:00-05:00,111.12263756386271,112.3164978596604,110.98162948228446,112.15668487548828,256900,0.0,0.0
2018-11-08 00:00:00-05:00,110.74662478668577,111.07564605332162,109.90998587226127,110.25780487060547,274400,0.0,0.0
2018-11-09 00:00:00-05:00,110.31419798902859,110.50221115360476,109.70316775510157,110.2107925415039,133900,0.0,0.0
2018-11-12 00:00:00-05:00,110.18258693070852,110.26719464359108,108.47170666319559,108.64091491699219,297000,0.0,0.0
2018-11-13 00:00:00-05:00,108.57511278393828,109.14854036027761,107.9170846661564,108.20849609375,250100,0.0,0.0
2018-11-14 00:00:00-05:00,109.94758838836636,110.59622129712614,109.40236093381377,109.87238311767578,247000,0.0,0.0
2018-11-15 00:00:00-05:00,109.36475103180139,110.26719987618688,108.96993414486327,109.98518371582031,184800,0.0,0.0
2018-11-16 00:00:00-05:00,108.87593607682105,110.22019978107238,108.85713834553124,109.94758605957031,120400,0.0,0.0
2018-11-19 00:00:00-05:00,111.24484879117908,111.35765669899689,109.8535871212735,110.1167984008789,228600,0.0,0.0
2018-11-20 00:00:00-05:00,110.86883514468286,111.2072516911882,109.9569909594862,110.25780487060547,284900,0.0,0.0
2018-11-21 00:00:00-05:00,112.0720882082155,112.88992220012811,111.79947448692157,112.10028839111328,228700,0.0,0.0
2018-11-23 00:00:00-05:00,112.35408887722807,112.76771065430684,112.1660828905388,112.53269958496094,134000,0.0,0.0
2018-11-26 00:00:00-05:00,113.32234252866134,114.03677102839838,113.31294007756857,113.9991683959961,149400,0.0,0.0
2018-11-27 00:00:00-05:00,114.57259773769346,114.82641371729021,113.43514498504848,113.745361328125,323900,0.0,0.0
2018-11-28 00:00:00-05:00,113.37874425509656,114.29058837890625,112.41989504722642,114.29058837890625,281100,0.0,0.0
2018-11-29 00:00:00-05:00,114.23418600971613,114.98622435688026,114.10258037475778,114.47859954833984,125600,0.0,0.0
2018-11-30 00:00:00-05:00,113.5573561874328,114.2905896060481,113.5573561874328,114.19658660888672,194700,0.0,0.0
2018-12-03 00:00:00-05:00,115.8698701958623,116.3962927441318,115.73826455879494,116.1048812866211,261000,0.0,0.0
2018-12-04 00:00:00-05:00,114.93920639473546,115.48443377675241,113.10612299033004,113.6325454711914,273500,0.0,0.0
2018-12-06 00:00:00-05:00,113.05912266152063,114.53499189765664,112.25069117706134,114.52559661865234,354600,0.0,0.0
2018-12-07 00:00:00-05:00,114.35638956573457,114.71360381481561,112.24128990855812,112.77711486816406,206100,0.0,0.0
2018-12-10 00:00:00-05:00,113.79236265863658,113.99916637523012,112.39169152136292,113.68895721435547,344200,0.0,0.0
2018-12-11 00:00:00-05:00,113.44454366246595,113.88636562027698,112.74891290547022,113.19073486328125,322000,0.0,0.0
2018-12-12 00:00:00-05:00,115.01442025574526,115.53144749665852,114.54439809926738,114.58200073242188,145400,0.0,0.0
2018-12-13 00:00:00-05:00,114.25298701882487,114.25298701882487,113.15313689045878,113.5385513305664,217400,0.0,0.0
2018-12-14 00:00:00-05:00,113.11553586116187,113.7641615714125,112.71131651270119,112.89932250976562,132000,0.0,0.0
2018-12-17 00:00:00-05:00,112.80532606391282,113.2847507078359,111.9780895880198,112.38230895996094,189100,0.0,0.0
2018-12-18 00:00:00-05:00,113.6325541170917,113.99917082586737,112.6549071697003,112.8147201538086,181700,0.0,0.0
2018-12-19 00:00:00-05:00,113.2847276723599,114.68539151135575,111.74305577006305,112.22247314453125,207900,0.0,0.0
2018-12-20 00:00:00-05:00,111.86527860849115,112.36350097074497,110.34240416653384,111.34825134277344,176900,0.0,0.0
2018-12-21 00:00:00-05:00,108.68792603757736,109.24254873963392,107.07104867190154,107.12744903564453,379700,0.0,0.0
2018-12-24 00:00:00-05:00,106.64802588013086,106.76083378112186,104.88074512975265,105.10635375976562,335800,0.0,0.0
2018-12-26 00:00:00-05:00,105.79258763594108,107.06164602158161,104.45772643539975,106.90184020996094,390600,0.0,0.0
2018-12-27 00:00:00-05:00,106.61042875352977,108.55632019042969,106.33781504270229,108.55632019042969,230400,0.0,0.0
2018-12-28 00:00:00-05:00,109.00753946026259,110.22019750453082,108.83833119427239,109.36475372314453,179300,0.0,0.0
2018-12-31 00:00:00-05:00,109.45877025036437,109.7689794460542,108.47172077943726,109.12035369873047,184700,0.0,0.0
2019-01-02 00:00:00-05:00,107.80428769433594,109.54336832921132,107.80428769433594,109.30835723876953,169900,0.0,0.0
2019-01-03 00:00:00-05:00,108.90412752865744,109.30834685268864,107.4376607586692,107.77607727050781,309500,0.0,0.0
2019-01-04 00:00:00-05:00,110.86882590206974,112.96512065330751,110.46460657032898,112.55150604248047,307500,0.0,0.0
2019-01-07 00:00:00-05:00,113.47275045708246,114.85461677266184,113.10613374135352,114.00857543945312,156100,0.0,0.0
2019-01-08 00:00:00-05:00,115.77586533272385,116.0766792371804,114.64780781203491,114.97682189941406,150400,0.0,0.0
2019-01-09 00:00:00-05:00,115.48443675118578,115.90746097446063,115.05201724905956,115.55023956298828,139800,0.0,0.0
2019-01-10 00:00:00-05:00,116.29287441362271,117.11071550081475,115.87925264465636,117.02610778808594,202900,0.0,0.0
2019-01-11 00:00:00-05:00,117.51494210425838,117.9943595422247,117.3927317529592,117.57134246826172,135500,0.0,0.0
2019-01-14 00:00:00-05:00,117.07311043733654,118.53957715579351,117.02610535657846,117.87214660644531,156600,0.0,0.0
2019-01-15 00:00:00-05:00,118.58659046244468,119.0472101635581,117.93795759722553,118.70879364013672,172300,0.0,0.0
2019-01-16 00:00:00-05:00,118.50198856523961,118.7934071909228,118.06956902451368,118.1259765625,171400,0.0,0.0
2019-01-17 00:00:00-05:00,117.0261166497006,117.77815498259203,116.58429466702457,117.43033599853516,138700,0.0,0.0
2019-01-18 00:00:00-05:00,117.40213704384456,118.24817838420238,117.38333931271178,117.83455657958984,158600,0.0,0.0
2019-01-22 00:00:00-05:00,116.56549517394495,116.89450925012278,115.6818512219511,116.1894760131836,159800,0.0,0.0
2019-01-23 00:00:00-05:00,115.69125293476029,115.88866137920685,114.60080526467895,115.12722778320312,130600,0.0,0.0
2019-01-24 00:00:00-05:00,115.28703412169467,115.69125346368631,114.97681777673084,115.46564483642578,90400,0.0,0.0
2019-01-25 00:00:00-05:00,116.32108197142766,116.55609305106961,116.05787070974371,116.30228424072266,80000,0.0,0.0
2019-01-28 00:00:00-05:00,114.92981630702404,115.22122774038151,114.55379715858197,115.13662719726562,132000,0.0,0.0
2019-01-29 00:00:00-05:00,115.1366322336128,115.4656463134032,114.86401851836675,114.93921661376953,85300,0.0,0.0
2019-01-30 00:00:00-05:00,114.77940388208631,116.0860648430537,114.39398946097964,115.66304779052734,132300,0.0,0.0
2019-01-31 00:00:00-05:00,115.34342586057558,115.98265623332202,114.99561408038382,115.78524780273438,108500,0.0,0.0
2019-02-01 00:00:00-05:00,115.08962124292442,115.29643213160033,114.35638785359619,114.6854019165039,152700,0.0,0.0
2019-02-04 00:00:00-05:00,115.09903643852579,115.56905862957241,114.62901424747918,115.53145599365234,104000,0.0,0.0
2019-02-05 00:00:00-05:00,116.11426628238966,116.30227944152628,115.82285485068877,116.06726837158203,120300,0.0,0.0
2019-02-06 00:00:00-05:00,114.4222016627466,114.69481539020364,113.35055165658825,113.79237365722656,271200,0.0,0.0
2019-02-07 00:00:00-05:00,112.09088059735896,112.25069357944524,110.34239762133502,111.02863311767578,310700,0.0,0.0
2019-02-08 00:00:00-05:00,110.24839588745934,110.28599852061778,109.42115947388064,110.27659606933594,206100,0.0,0.0
2019-02-11 00:00:00-05:00,110.8218209531178,110.8218209531178,109.98518210742564,110.12619018554688,167500,0.0,0.0
2019-02-12 00:00:00-05:00,111.90287235126122,112.64550819574822,111.90287235126122,112.59850311279297,207600,0.0,0.0
2019-02-13 00:00:00-05:00,112.76770533183921,112.86170832074704,112.2036802264239,112.45748901367188,111200,0.0,0.0
2019-02-14 00:00:00-05:00,111.9404825733797,112.3352994778871,111.5174583140053,112.10028839111328,235600,0.0,0.0
2019-02-15 00:00:00-05:00,113.13432949290419,113.96157306274007,113.00272386533372,113.88636779785156,164900,0.0,0.0
2019-02-19 00:00:00-05:00,113.29414185633655,114.46919729331799,113.29414185633655,114.20598602294922,104100,0.0,0.0
2019-02-20 00:00:00-05:00,114.97681513465999,115.96386451069282,114.95801740447396,115.42803955078125,173000,0.0,0.0
2019-02-21 00:00:00-05:00,114.44099230888101,114.6666081071334,113.82996207289308,113.9709701538086,173100,0.0,0.0
2019-02-22 00:00:00-05:00,114.62899746644108,114.70419555530316,114.16837062283055,114.51618957519531,105000,0.0,0.0
2019-02-25 00:00:00-05:00,115.35284029812914,115.57844893196379,115.06142884726067,115.07083129882812,119400,0.0,0.0
2019-02-26 00:00:00-05:00,115.39043513674434,116.23647642142785,115.39043513674434,115.84165954589844,102400,0.0,0.0
2019-02-27 00:00:00-05:00,115.34342792124599,115.39983545382765,114.77000034845085,114.98621368408203,132900,0.0,0.0
2019-02-28 00:00:00-05:00,114.02738014782814,114.15898578032836,113.31294444856327,113.78296661376953,124800,0.0,0.0
2019-03-01 00:00:00-05:00,113.18133887224094,113.36934486962915,112.45750072116134,113.12493133544922,211500,0.0,0.0
2019-03-04 00:00:00-05:00,111.88407062280909,111.89347307406058,110.88762594921889,111.3200454711914,240300,0.0,0.0
2019-03-05 00:00:00-05:00,111.39525585341188,111.39525585341188,110.85002840728713,111.16964721679688,149800,0.0,0.0
2019-03-06 00:00:00-05:00,111.0286286485447,111.21663463264828,110.81241531205386,110.90642547607422,153000,0.0,0.0
2019-03-07 00:00:00-05:00,111.15083684847811,111.16964175092018,109.80657320262625,110.2107925415039,138500,0.0,0.0
2019-03-08 00:00:00-05:00,109.80656949669164,110.671415680616,109.80656949669164,110.6526107788086,100200,0.0,0.0
2019-03-11 00:00:00-04:00,111.3952548085264,112.20369351844708,111.3952548085264,111.98748016357422,134700,0.0,0.0
2019-03-12 00:00:00-04:00,112.03448058320967,112.0532783136478,111.47045543447038,111.63966369628906,79000,0.0,0.0
2019-03-13 00:00:00-04:00,111.53625935730052,112.48570612316051,111.451651639566,112.15668487548828,61500,0.0,0.0
2019-03-14 00:00:00-04:00,110.83123217049628,111.0286406266927,110.40820790267306,110.64321899414062,139800,0.0,0.0
2019-03-15 00:00:00-04:00,111.86526683064808,112.05327281367688,111.63025576587782,111.83706665039062,150900,0.0,0.0
2019-03-18 00:00:00-04:00,111.80887108202272,112.42929658918388,111.68666073324138,112.34469604492188,106300,0.0,0.0
2019-03-19 00:00:00-04:00,112.74891448282335,113.26593453934933,112.4668983269228,112.55150604248047,85700,0.0,0.0
2019-03-20 00:00:00-04:00,113.10613217042895,113.20953761927211,111.82767132288538,112.49510192871094,140500,0.0,0.0
2019-03-21 00:00:00-04:00,112.44809709822128,113.2659310153441,112.10968059045717,113.21893310546875,127200,0.0,0.0
2019-03-22 00:00:00-04:00,113.84876961900311,113.89577470438938,112.64551402159276,113.01213073730469,179400,0.0,0.0
2019-03-25 00:00:00-04:00,112.70192024048356,113.44455616195275,112.26009823399194,113.26594543457031,136400,0.0,0.0
2019-03-26 00:00:00-04:00,114.6948083031632,114.9486171112675,114.23418142731742,114.46919250488281,138300,0.0,0.0
2019-03-27 00:00:00-04:00,113.8581672860587,114.0837759081006,113.30353742407674,113.7735595703125,143300,0.0,0.0
2019-03-28 00:00:00-04:00,112.20368211320488,112.34469018492193,111.63025454766571,111.93106842041016,155500,0.0,0.0
2019-03-29 00:00:00-04:00,111.16023647309669,111.21663683505093,110.77481487449276,110.94402313232422,250700,0.0,0.0
2019-04-01 00:00:00-04:00,112.29768040669869,112.99331111358049,112.29768040669869,112.69249725341797,140500,0.0,0.0
2019-04-02 00:00:00-04:00,113.2753432326386,113.50095186661034,112.9087265129461,113.41635131835938,88400,0.0,0.0
2019-04-03 00:00:00-04:00,113.69835695632177,114.30938719506712,113.58555622865546,113.81116485595703,117900,0.0,0.0
2019-04-04 00:00:00-04:00,114.40339105556966,115.0520239324223,114.35639314267695,114.76061248779297,155600,0.0,0.0
2019-04-05 00:00:00-04:00,114.68540651990095,115.37164202605523,114.5725986201037,115.19303131103516,132100,0.0,0.0
2019-04-08 00:00:00-04:00,114.43160092092288,115.14602945710996,114.43160092092288,114.91101837158203,84600,0.0,0.0
2019-04-09 00:00:00-04:00,115.05202237343153,115.43744398256167,114.63840058255407,114.74180603027344,104100,0.0,0.0
2019-04-10 00:00:00-04:00,115.09902014130641,115.10841541997901,114.72300100731691,114.85460662841797,65400,0.0,0.0
2019-04-11 00:00:00-04:00,114.3939968629315,114.52560249543173,113.74536397991675,113.78296661376953,96800,0.0,0.0
2019-04-12 00:00:00-04:00,114.53500216262869,115.43745106572933,114.53500216262869,115.06143188476562,117100,0.0,0.0
2019-04-15 00:00:00-04:00,114.83581438518713,115.09902563996371,114.31878715475544,114.6572036743164,138500,0.0,0.0
2019-04-16 00:00:00-04:00,114.64780211938331,114.89221564585867,114.22478505260995,114.45039367675781,114100,0.0,0.0
2019-04-17 00:00:00-04:00,116.41507787801915,117.16711615585415,116.37748241889909,116.64069366455078,181700,0.0,0.0
2019-04-18 00:00:00-04:00,117.49613946590907,117.90976126848848,117.4585368318592,117.65595245361328,189800,0.0,0.0
2019-04-22 00:00:00-04:00,117.32692729591005,117.32692729591005,116.54669597422854,116.71590423583984,160500,0.0,0.0
2019-04-23 00:00:00-04:00,117.39272729283095,117.48673745855673,117.02611059680027,117.44913482666016,117200,0.0,0.0
2019-04-24 00:00:00-04:00,115.39043110736678,115.83225305016045,115.29642811723308,115.51263427734375,169900,0.0,0.0
2019-04-25 00:00:00-04:00,116.10487578468606,116.10487578468606,115.4562429098988,115.80406188964844,87900,0.0,0.0
2019-04-26 00:00:00-04:00,116.36808828527504,116.4056909190512,116.05787193559846,116.20828247070312,126400,0.0,0.0
2019-04-29 00:00:00-04:00,116.35868641419917,116.56549731501507,116.2082830503134,116.38688659667969,97800,0.0,0.0
2019-04-30 00:00:00-04:00,116.76290361965165,116.76290361965165,116.05787038271247,116.1894760131836,155500,0.0,0.0
2019-05-01 00:00:00-04:00,116.51848401035443,116.51848401035443,115.42803639020323,115.55023956298828,94500,0.0,0.0
2019-05-02 00:00:00-04:00,115.5502523744782,115.766465735498,115.0050249179669,115.24003601074219,84000,0.0,0.0
2019-05-03 00:00:00-04:00,115.2588413321607,116.33989379723857,115.2588413321607,116.23648834228516,112400,0.0,0.0
2019-05-06 00:00:00-04:00,114.32819048288547,115.64424676686416,114.05557677492737,115.60665130615234,137400,0.0,0.0
2019-05-07 00:00:00-04:00,115.62544817243302,115.95446224096895,114.59140088333349,115.15542602539062,158400,0.0,0.0
2019-05-08 00:00:00-04:00,115.20242892973602,115.2964319229726,114.41278800821769,114.45979309082031,140900,0.0,0.0
2019-05-09 00:00:00-04:00,111.94046805426707,112.20367928979915,110.69020751352136,112.16607666015625,273300,0.0,0.0
2019-05-10 00:00:00-04:00,111.79006552192403,112.3728955650738,110.67141769099698,112.11907958984375,143000,0.0,0.0
2019-05-13 00:00:00-04:00,110.92523367681521,111.89347821308928,110.72782522328092,111.16964721679688,208600,0.0,0.0
2019-05-14 00:00:00-04:00,111.74306243943305,112.56089634584876,111.61145681835538,111.93106842041016,136800,0.0,0.0
2019-05-15 00:00:00-04:00,111.72427162608996,113.64196299613634,111.35765489657793,113.40695190429688,274300,0.0,0.0
2019-05-16 00:00:00-04:00,112.00628570741213,113.07793569237252,111.8652776205554,112.71131896972656,160900,0.0,0.0
2019-05-17 00:00:00-04:00,111.28244174074888,111.94987233364435,111.11323347973531,111.3012466430664,334100,0.0,0.0
2019-05-20 00:00:00-04:00,111.03803556885,111.6678635301143,110.81241977248192,111.02863311767578,156300,0.0,0.0
2019-05-21 00:00:00-04:00,110.78422101320115,111.29184580359305,110.41760430435737,111.16024017333984,124300,0.0,0.0
2019-05-22 00:00:00-04:00,110.71842265416697,110.90643582778777,110.23899802639546,110.28600311279297,107600,0.0,0.0
2019-05-23 00:00:00-04:00,110.34239423908816,110.79361864602443,110.03218507953618,110.427001953125,116500,0.0,0.0
2019-05-24 00:00:00-04:00,111.7148672927971,111.75246992749445,110.96283611475789,111.4422607421875,121200,0.0,0.0
2019-05-28 00:00:00-04:00,112.68311684512567,113.42575272927027,112.22248995786605,112.24129486083984,145300,0.0,0.0
2019-05-29 00:00:00-04:00,112.6925181559399,112.6925181559399,111.77127867605418,112.38230895996094,125700,0.0,0.0
2019-05-30 00:00:00-04:00,112.59851268338261,112.73011832048101,112.22249350368604,112.5703125,125900,0.0,0.0
2019-05-31 00:00:00-04:00,110.45520550115803,110.66201639514331,110.07918634590926,110.53041076660156,181300,0.0,0.0
2019-06-03 00:00:00-04:00,110.53041187760958,111.17903757566536,110.39880624774499,111.04743194580078,102000,0.0,0.0
2019-06-04 00:00:00-04:00,111.6114682917143,112.58910809965614,111.4046573881988,112.3729019165039,228500,0.0,0.0
2019-06-05 00:00:00-04:00,113.27534200274206,113.74536416872854,112.8429224706708,113.01213073730469,136100,0.0,0.0
2019-06-06 00:00:00-04:00,113.79236319709422,114.16837517229351,113.61375248849647,114.02737426757812,116600,0.0,0.0
2019-06-07 00:00:00-04:00,114.63840304155892,115.50324927485089,114.5726002254141,115.0520248413086,120300,0.0,0.0
2019-06-10 00:00:00-04:00,116.05786701856194,116.49968898175183,115.96386402408869,116.08606719970703,118700,0.0,0.0
2019-06-11 00:00:00-04:00,117.03551221048022,117.74054541656746,116.92270431559756,117.49613189697266,153500,0.0,0.0
2019-06-12 00:00:00-04:00,117.59954034664857,118.44558164997069,117.59954034664857,118.14476776123047,233100,0.0,0.0
2019-06-13 00:00:00-04:00,116.98850195881153,117.30812072753906,116.74409562198448,117.30812072753906,119800,0.0,0.0
2019-06-14 00:00:00-04:00,116.98851401223688,117.17652718143844,116.80991046645671,116.93211364746094,154300,0.0,0.0
2019-06-17 00:00:00-04:00,116.8381039155277,117.0073121720732,116.38687950741682,116.72529602050781,85300,0.0,0.0
2019-06-18 00:00:00-04:00,117.32693332284946,117.9661637693321,117.22352787033248,117.85336303710938,120700,0.0,0.0
2019-06-19 00:00:00-04:00,117.6935470724884,117.76875234004933,117.24232981106094,117.70294952392578,75400,0.0,0.0
2019-06-20 00:00:00-04:00,118.36098907175015,118.43618717001969,117.74995880200578,118.25758361816406,83100,0.0,0.0
2019-06-21 00:00:00-04:00,117.43972900424204,117.71234269868947,117.24232057142875,117.3457260131836,88700,0.0,0.0
2019-06-24 00:00:00-04:00,117.56192951484971,117.69353513374683,117.24231791809049,117.30812072753906,157000,0.0,0.0
2019-06-25 00:00:00-04:00,117.29873107526622,117.29873107526622,116.0390751078216,116.49969482421875,109300,0.0,0.0
2019-06-26 00:00:00-04:00,116.49028132375511,116.61249166587957,115.76645040949973,115.89805603027344,96200,0.0,0.0
2019-06-27 00:00:00-04:00,116.49028297661846,117.03551036868478,116.06726592841062,116.2552719116211,56000,0.0,0.0
2019-06-28 00:00:00-04:00,116.65009430465142,116.96971309761014,116.4150832285228,116.55609130859375,83700,0.0,0.0
2019-07-01 00:00:00-04:00,119.03780268530299,119.19761566103602,117.80634699328368,118.2481689453125,179200,0.0,0.0
2019-07-02 00:00:00-04:00,118.72759959629396,119.61123637354238,118.72759959629396,119.38562774658203,173200,0.0,0.0
2019-07-03 00:00:00-04:00,119.26342508204749,119.78984760454779,118.66179729291316,119.22582244873047,72100,0.0,0.0
2019-07-05 00:00:00-04:00,118.58659027946788,119.0472099798706,118.39857711565229,118.98140716552734,75300,0.0,0.0
2019-07-08 00:00:00-04:00,118.70879784557566,119.79925272011313,118.62419729770765,119.263427734375,170900,0.0,0.0
2019-07-09 00:00:00-04:00,119.25402334302089,119.2916259765625,118.83100626662349,119.2916259765625,85500,0.0,0.0
2019-07-10 00:00:00-04:00,119.02840752032759,120.02485214706928,119.02840752032759,119.74283599853516,131500,0.0,0.0
2019-07-11 00:00:00-04:00,119.46083585877722,119.46083585877722,118.79340524130815,119.15061950683594,74900,0.0,0.0
2019-07-12 00:00:00-04:00,119.76165098704583,120.44788651456028,119.3856318146531,120.05306243896484,118900,0.0,0.0
2019-07-15 00:00:00-04:00,120.41968100978214,120.78629771437092,119.60183988387006,119.97785186767578,115900,0.0,0.0
2019-07-16 00:00:00-04:00,120.6828874630451,121.56653136814364,120.58887729886719,120.89909362792969,221400,0.0,0.0
2019-07-17 00:00:00-04:00,121.73573923677982,121.86734486760261,121.40671798775388,121.60413360595703,176000,0.0,0.0
2019-07-18 00:00:00-04:00,121.51952778714767,122.35616662049199,121.51952778714767,122.02714538574219,226400,0.0,0.0
2019-07-19 00:00:00-04:00,123.43721234644474,123.70983322076798,122.23395681327214,122.36556243896484,411600,0.0,0.0
2019-07-22 00:00:00-04:00,123.39021314368075,123.69103421327812,123.01420115062213,123.27741241455078,263300,0.0,0.0
2019-07-23 00:00:00-04:00,123.80382499678424,124.07644586219847,123.6816289980226,123.850830078125,104500,0.0,0.0
2019-07-24 00:00:00-04:00,124.3490459330772,125.1762894211631,124.31145047631702,125.02587890625,158400,0.0,0.0
2019-07-25 00:00:00-04:00,125.09169453134373,125.09169453134373,124.29265118574828,124.55586242675781,114900,0.0,0.0
2019-07-26 00:00:00-04:00,123.82263507707246,124.31146212437535,123.50302346088647,124.0388412475586,88700,0.0,0.0
2019-07-29 00:00:00-04:00,123.76624323338642,124.2080652277927,123.71923814684433,123.83203887939453,134500,0.0,0.0
2019-07-30 00:00:00-04:00,123.23982044680082,123.56882736407029,122.86379409914336,123.26802062988281,89700,0.0,0.0
2019-07-31 00:00:00-04:00,121.69813520901867,122.1023473524011,120.68288569530455,121.31271362304688,203200,0.0,0.0
2019-08-01 00:00:00-04:00,122.39376869152191,123.52181901683852,121.3973239984266,121.84854125976562,122800,0.0,0.0
2019-08-02 00:00:00-04:00,120.32567262033588,121.44432765300813,120.32567262033588,121.21871185302734,101100,0.0,0.0
2019-08-05 00:00:00-04:00,121.6605339502194,122.04595556325835,120.04365657526682,120.6076889038086,294700,0.0,0.0
2019-08-06 00:00:00-04:00,119.81804688393942,120.08125814320677,118.10716652673275,119.43263244628906,188900,0.0,0.0
2019-08-07 00:00:00-04:00,119.7146448073291,120.76749704601639,119.40442845504144,120.53248596191406,290600,0.0,0.0
2019-08-08 00:00:00-04:00,120.78628795310716,121.82032799697652,120.36325657559055,121.5947265625,106400,0.0,0.0
2019-08-09 00:00:00-04:00,121.48192117079152,121.7263418695114,120.47608122617098,121.24691009521484,128400,0.0,0.0
2019-08-12 00:00:00-04:00,120.964894816914,121.12471497213556,120.16586576049535,120.54187774658203,126700,0.0,0.0
2019-08-13 00:00:00-04:00,120.60768507732453,122.14935713663017,120.51367491090421,121.66053009033203,146400,0.0,0.0
2019-08-14 00:00:00-04:00,120.52309231869918,120.52309231869918,118.5395909962191,118.89681243896484,184000,0.0,0.0
2019-08-15 00:00:00-04:00,119.38563587971963,119.9778612553242,119.23522533685339,119.72405242919922,139400,0.0,0.0
2019-08-16 00:00:00-04:00,120.16586385000817,121.25631867383562,119.23521483492372,121.06829833984375,116700,0.0,0.0
2019-08-19 00:00:00-04:00,121.89554026882247,122.17755642207844,121.73573446222949,121.86734008789062,73900,0.0,0.0
2019-08-20 00:00:00-04:00,121.71693186083245,121.92374275419986,121.21870952970302,121.29391479492188,73800,0.0,0.0
2019-08-21 00:00:00-04:00,122.03654855492829,122.36555542834175,121.96134329542151,122.09294891357422,83700,0.0,0.0
2019-08-22 00:00:00-04:00,122.05535021653976,122.4501671069186,121.70753841062128,121.87673950195312,53100,0.0,0.0
2019-08-23 00:00:00-04:00,121.23751295150062,122.00834180868995,120.0624575916884,120.16586303710938,111100,0.0,0.0
2019-08-26 00:00:00-04:00,123.07998863399719,123.51241530688746,122.337359976567,122.9389877319336,179900,0.0,0.0
2019-08-27 00:00:00-04:00,123.16462142201189,123.39963252223649,122.52538377055258,122.63819885253906,99100,0.0,0.0
2019-08-28 00:00:00-04:00,122.37495759246134,122.74158863216225,122.01775051962599,122.47836303710938,100500,0.0,0.0
2019-08-29 00:00:00-04:00,122.66638597080991,122.78858197603189,122.27156908576059,122.67578125,92100,0.0,0.0
2019-08-30 00:00:00-04:00,123.16460558705941,123.41840721503513,122.51597273880228,122.79798889160156,50600,0.0,0.0
2019-09-03 00:00:00-04:00,123.52182046462978,123.95424717210429,123.31500956243828,123.681640625,97900,0.0,0.0
2019-09-04 00:00:00-04:00,123.44663712318102,124.43367226507199,123.44663712318102,124.17987060546875,107600,0.0,0.0
2019-09-05 00:00:00-04:00,122.75098795532496,123.74743263079647,122.75098795532496,123.30561065673828,155100,0.0,0.0
2019-09-06 00:00:00-04:00,124.0952332159017,124.3208489941506,123.90722723932923,124.13284301757812,331300,0.0,0.0
2019-09-09 00:00:00-04:00,124.92248923141177,125.24210085797462,124.80027887963385,124.8660888671875,188700,0.0,0.0
2019-09-10 00:00:00-04:00,125.5711234101769,125.84372995473409,125.32671704802432,125.60871887207031,133300,0.0,0.0
2019-09-11 00:00:00-04:00,127.50758942354653,127.80841044015386,127.20678275087477,127.42298889160156,193500,0.0,0.0
2019-09-12 00:00:00-04:00,127.19738051012659,128.1280294473315,127.19738051012659,127.64859771728516,117300,0.0,0.0
2019-09-13 00:00:00-04:00,128.57926191083033,128.9646835274793,128.43826099934319,128.46646118164062,195000,0.0,0.0
2019-09-16 00:00:00-04:00,128.0340334344234,128.09984342187212,127.41360074106979,127.78962707519531,141000,0.0,0.0
2019-09-17 00:00:00-04:00,128.78605688642776,129.62269566032666,128.69204672776826,129.55690002441406,145900,0.0,0.0
2019-09-18 00:00:00-04:00,129.30309097818844,129.37829624034603,128.38185161864774,128.83306884765625,83500,0.0,0.0
2019-09-19 00:00:00-04:00,128.61685305716708,128.91765973934554,128.25022205261408,128.363037109375,72800,0.0,0.0
2019-09-20 00:00:00-04:00,128.851883572038,129.47230193024507,128.33485632025028,128.37245178222656,97800,0.0,0.0
2019-09-23 00:00:00-04:00,127.14100253951374,128.4758638393583,127.14100253951374,128.19384765625,105500,0.0,0.0
2019-09-24 00:00:00-04:00,129.44410007190223,130.05513748662702,128.8424722805033,129.17149353027344,237300,0.0,0.0
2019-09-25 00:00:00-04:00,128.1750466320694,128.72025970591176,127.44181322221219,128.42884826660156,165900,0.0,0.0
2019-09-26 00:00:00-04:00,129.63210054222392,130.11153230539458,128.59806044004554,130.0269317626953,180900,0.0,0.0
2019-09-27 00:00:00-04:00,130.36982884926977,130.63656901227222,129.46480200738787,129.82681274414062,114200,1.82993,0.0
2019-09-30 00:00:00-04:00,127.22607580180268,128.3025575859741,126.80690857840969,128.12156677246094,172600,0.0,0.0
2019-10-01 00:00:00-04:00,128.25492928148816,128.25492928148816,126.6830522864037,126.9783706665039,302000,0.0,0.0
2019-10-02 00:00:00-04:00,125.95905349542741,126.2067366121474,124.7777653634801,125.24456787109375,136100,0.0,0.0
2019-10-03 00:00:00-04:00,124.4062424949649,125.00641511478328,123.59650078340265,124.98735809326172,149400,0.0,0.0
2019-10-04 00:00:00-04:00,125.13025743286586,125.71137300089516,124.89209555312021,125.5780029296875,118400,0.0,0.0
2019-10-07 00:00:00-04:00,124.98734780617316,125.62561988025334,124.77776419543076,124.93971252441406,183900,0.0,0.0
2019-10-08 00:00:00-04:00,125.62561863333991,125.91141578481076,124.96828954583108,125.20645141601562,152500,0.0,0.0
2019-10-09 00:00:00-04:00,126.59733397781012,127.10223602295005,126.4258643939882,126.7116470336914,137000,0.0,0.0
2019-10-10 00:00:00-04:00,126.18769966839295,126.70212294454957,126.03527257314363,126.36869049072266,91200,0.0,0.0
2019-10-11 00:00:00-04:00,128.79794041747232,129.76964494761577,128.66457034755047,129.03610229492188,148300,0.0,0.0
2019-10-14 00:00:00-04:00,128.87416589727712,129.1409060618229,128.63600399777206,128.6741180419922,56000,0.0,0.0
2019-10-15 00:00:00-04:00,130.3221772162058,130.85565747529677,129.92206702188756,130.38885498046875,169400,0.0,0.0
2019-10-16 00:00:00-04:00,130.684183100081,130.92234498606558,130.12212453785676,130.28407287597656,171600,0.0,0.0
2019-10-17 00:00:00-04:00,129.73154078687662,129.8935036677746,129.18853922378696,129.51243591308594,115300,0.0,0.0
2019-10-18 00:00:00-04:00,129.48383367921423,129.5409901977749,128.9694104759222,129.3409423828125,113400,0.0,0.0
2019-10-21 00:00:00-04:00,129.9601546985261,130.22689480379833,129.76010688769472,129.86489868164062,95700,0.0,0.0
2019-10-22 00:00:00-04:00,130.1316402428012,130.50317214617598,129.84584311645625,129.8934783935547,80700,0.0,0.0
2019-10-23 00:00:00-04:00,130.2745498479677,130.81756591796875,130.1411797750943,130.81756591796875,112700,0.0,0.0
2019-10-24 00:00:00-04:00,131.3700839754434,131.62730286969187,131.15097912135994,131.60824584960938,137500,0.0,0.0
2019-10-25 00:00:00-04:00,131.67492966132582,131.8845132599776,131.19860594370743,131.73208618164062,147900,0.0,0.0
2019-10-28 00:00:00-04:00,131.41772889476331,131.8083178857378,131.14146749642052,131.7892608642578,117400,0.0,0.0
2019-10-29 00:00:00-04:00,131.65589241225845,132.17033024483354,131.65589241225845,132.1131591796875,149700,0.0,0.0
2019-10-30 00:00:00-04:00,130.91283078709768,132.50375052672044,130.91283078709768,132.43707275390625,136400,0.0,0.0
2019-10-31 00:00:00-04:00,132.13219488806232,132.2846219647012,131.70350645423085,131.9893035888672,166500,0.0,0.0
2019-11-01 00:00:00-04:00,133.00864733376184,133.45639284871098,132.84669899332783,133.20870971679688,115800,0.0,0.0
2019-11-04 00:00:00-05:00,133.39922702091783,133.9708213300985,133.39922702091783,133.9041290283203,137900,0.0,0.0
2019-11-05 00:00:00-05:00,134.2089926352764,134.26614916296205,133.76124712007436,134.07562255859375,80500,0.0,0.0
2019-11-06 00:00:00-05:00,133.97082693371502,134.18041055343107,133.55165969428293,133.72312927246094,98900,0.0,0.0
2019-11-07 00:00:00-05:00,135.9428030052481,136.70492395545494,135.885646477826,136.09523010253906,179800,0.0,0.0
2019-11-08 00:00:00-05:00,137.18124818564763,137.7337855129674,137.1145558792694,137.5527801513672,191900,0.0,0.0
2019-11-11 00:00:00-05:00,138.08626348285273,138.52448776455194,137.51468365797152,138.19105529785156,210200,0.0,0.0
2019-11-12 00:00:00-05:00,137.9147828435617,138.40062783621167,136.87638601951988,137.69566345214844,119600,0.0,0.0
2019-11-13 00:00:00-05:00,137.64804391285557,137.85762752789432,137.20981966243437,137.7147216796875,113800,0.0,0.0
2019-11-14 00:00:00-05:00,136.70492860918577,137.05740356445312,136.11429175738675,137.05740356445312,98800,0.0,0.0
2019-11-15 00:00:00-05:00,137.1907636461719,137.56229559623296,137.10502885836874,137.43846130371094,114500,0.0,0.0
2019-11-18 00:00:00-05:00,136.51438900135025,136.95259870894637,136.48581073938735,136.80018615722656,128400,0.0,0.0
2019-11-19 00:00:00-05:00,136.76206490515935,136.76206490515935,136.0380580798664,136.085693359375,133300,0.0,0.0
2019-11-20 00:00:00-05:00,135.03777667552023,135.15208971846144,133.84696735739394,134.67576599121094,93300,0.0,0.0
2019-11-21 00:00:00-05:00,135.37121751200223,135.6379576529399,135.1425768756639,135.40931701660156,61300,0.0,0.0
2019-11-22 00:00:00-05:00,136.32386934891565,136.32386934891565,135.60938369097846,135.78085327148438,69900,0.0,0.0
2019-11-25 00:00:00-05:00,134.08512697798778,135.94278657593978,134.08512697798778,135.7903594970703,115700,0.0,0.0
2019-11-26 00:00:00-05:00,135.25689673084824,135.27595375223046,134.5900463449531,135.24737548828125,86400,0.0,0.0
2019-11-27 00:00:00-05:00,134.79010854385965,135.1425834895816,134.3328272488035,134.95205688476562,179900,0.0,0.0
2019-11-29 00:00:00-05:00,133.51355342167093,133.92319944267896,133.43735440665642,133.5707244873047,107800,0.0,0.0
2019-12-02 00:00:00-05:00,134.65671431855063,134.65671431855063,133.08483740414897,133.6278533935547,117800,0.0,0.0
2019-12-03 00:00:00-05:00,133.85650219125773,134.12324234270423,133.3230218883647,134.0660858154297,109300,0.0,0.0
2019-12-04 00:00:00-05:00,137.20030052357183,137.20030052357183,135.98091285533442,136.59060668945312,175400,0.0,0.0
2019-12-05 00:00:00-05:00,136.32386929753486,136.35244756094176,135.8284885047357,136.066650390625,91500,0.0,0.0
2019-12-06 00:00:00-05:00,135.60938075137497,136.08570451300784,135.59032373076033,136.00949096679688,93900,0.0,0.0
2019-12-09 00:00:00-05:00,136.35243061840364,136.35243061840364,135.1425643182691,135.171142578125,99300,0.0,0.0
2019-12-10 00:00:00-05:00,134.609093819288,134.95204749860295,134.32329666381767,134.49476623535156,147000,0.0,0.0
2019-12-11 00:00:00-05:00,134.63767903808133,135.1140028097283,134.3042465834293,134.9139404296875,139400,0.0,0.0
2019-12-12 00:00:00-05:00,134.18041180603052,135.08542406166313,133.58976044665886,134.8948974609375,150000,0.0,0.0
2019-12-13 00:00:00-05:00,135.8570608131816,136.1142797088169,135.06636164233774,135.3712158203125,89100,0.0,0.0
2019-12-16 00:00:00-05:00,135.45695659525236,135.895166325155,135.4474208166145,135.78085327148438,75900,0.0,0.0
2019-12-17 00:00:00-05:00,135.63795901417313,136.09522575519136,135.55220968953105,136.00949096679688,70600,0.0,0.0
2019-12-18 00:00:00-05:00,135.67605445823185,135.79036750600298,135.40931432260106,135.64747619628906,69700,0.0,0.0
2019-12-19 00:00:00-05:00,136.20953784016436,136.22859486064382,135.71417159767842,135.9999542236328,92700,0.0,0.0
2019-12-20 00:00:00-05:00,133.90413893767573,135.52363688520632,133.90413893767573,135.24737548828125,129300,0.0,0.0
2019-12-23 00:00:00-05:00,135.3902512899611,135.3902512899611,134.99014110428357,135.2378387451172,85900,0.0,0.0
2019-12-24 00:00:00-05:00,134.79961335907342,134.97108292163722,134.50429497716038,134.64718627929688,66700,0.0,0.0
2019-12-26 00:00:00-05:00,134.66625296115473,134.8282012939453,134.17087218445872,134.8282012939453,73700,0.0,0.0
2019-12-27 00:00:00-05:00,135.27594949997442,135.27594949997442,134.5519426089392,134.5900421142578,133000,0.0,0.0
2019-12-30 00:00:00-05:00,134.76152316580396,134.76152316580396,133.7898186354168,133.95176696777344,91800,0.0,0.0
2019-12-31 00:00:00-05:00,133.9232001035142,134.06609142768224,133.4945115947615,133.8850860595703,89700,0.0,0.0
2020-01-02 00:00:00-05:00,135.27595225020465,135.6093847075741,134.82820673830764,135.5045928955078,118100,0.0,0.0
2020-01-03 00:00:00-05:00,134.5423954907014,134.72340083226635,133.65644033830017,134.0851287841797,174900,0.0,0.0
2020-01-06 00:00:00-05:00,132.85623628173434,134.21851532711355,132.85623628173434,134.1042022705078,150200,0.0,0.0
2020-01-07 00:00:00-05:00,135.39977907792752,135.68556166780033,134.6662365126808,134.8091278076172,123500,0.0,0.0
2020-01-08 00:00:00-05:00,134.23756139394305,134.8758334683182,133.94224299764605,134.47572326660156,117700,0.0,0.0
2020-01-09 00:00:00-05:00,134.47572066755959,134.47572066755959,133.4754379144771,133.8564910888672,116200,0.0,0.0
2020-01-10 00:00:00-05:00,133.37065273832098,133.5230798301499,132.8657507158543,133.11343383789062,172000,0.0,0.0
2020-01-13 00:00:00-05:00,133.52307584636463,133.98986381382326,133.10390862446513,133.9041290283203,114100,0.0,0.0
2020-01-14 00:00:00-05:00,133.77076455625962,134.0470404805434,133.3897113583656,133.72312927246094,109400,0.0,0.0
2020-01-15 00:00:00-05:00,132.9991176848815,133.19918005527137,132.68474226641013,132.76095581054688,138200,0.0,0.0
2020-01-16 00:00:00-05:00,132.8371610675168,133.46591186523438,132.7704687694651,133.46591186523438,104000,0.0,0.0
2020-01-17 00:00:00-05:00,133.0657987524053,133.42780946197507,132.86575091329917,133.40875244140625,91100,0.0,0.0
2020-01-21 00:00:00-05:00,135.03778213969412,136.19049200223213,134.7043497026281,135.63795471191406,166200,0.0,0.0
2020-01-22 00:00:00-05:00,135.20925593770684,135.495053101805,134.53288433679697,134.85678100585938,170800,0.0,0.0
2020-01-23 00:00:00-05:00,135.70462058271093,136.32385012066393,135.371202711117,136.28573608398438,169400,0.0,0.0
2020-01-24 00:00:00-05:00,136.69539737678184,136.9526017401408,135.50458798114687,135.9999542236328,204900,0.0,0.0
2020-01-27 00:00:00-05:00,134.7424580714162,134.83771409496353,134.01843670397443,134.3804473876953,186800,0.0,0.0
2020-01-28 00:00:00-05:00,134.96157844032888,135.83801245351353,134.96157844032888,135.8284912109375,234500,0.0,0.0
2020-01-29 00:00:00-05:00,135.828485305336,135.828485305336,134.84725952148438,134.84725952148438,116900,0.0,0.0
2020-01-30 00:00:00-05:00,133.84698353926245,134.50431268813756,133.1134408404636,134.39952087402344,111400,0.0,0.0
2020-01-31 00:00:00-05:00,133.41828912780653,133.9422481751582,131.9512037952218,132.2655792236328,281600,0.0,0.0
2020-02-03 00:00:00-05:00,132.1131562282691,133.25634492567545,131.98932193050697,132.341796875,160600,0.0,0.0
2020-02-04 00:00:00-05:00,134.0756174439346,134.92347315684086,133.87555506841846,134.27566528320312,208100,0.0,0.0
2020-02-05 00:00:00-05:00,135.46648307721028,135.46648307721028,134.7615331706449,135.00921630859375,104100,0.0,0.0
2020-02-06 00:00:00-05:00,137.1812366439194,137.55276857838012,136.28574569002762,137.03834533691406,204600,0.0,0.0
2020-02-07 00:00:00-05:00,136.21908316650726,136.38103151131534,135.52363996461264,135.599853515625,98000,0.0,0.0
2020-02-10 00:00:00-05:00,134.25660966366723,135.1806789323063,134.04704058004336,134.5900421142578,135800,0.0,0.0
2020-02-11 00:00:00-05:00,135.2664242558659,135.59984216034462,134.99014833955067,135.3807373046875,151200,0.0,0.0
2020-02-12 00:00:00-05:00,135.27594594212394,135.9046967852022,135.22831065954273,135.68557739257812,99100,0.0,0.0
2020-02-13 00:00:00-05:00,134.32329328126673,134.76151751345208,134.1137096749494,134.41856384277344,135900,0.0,0.0
2020-02-14 00:00:00-05:00,133.94225283595958,134.3137848031467,133.1420178375004,133.5135498046875,139200,0.0,0.0
2020-02-18 00:00:00-05:00,132.47514463501085,133.37063551354396,132.0178779548275,132.77999877929688,275800,0.0,0.0
2020-02-19 00:00:00-05:00,131.11287941240562,132.11314765334063,131.00808760648658,131.31292724609375,315200,0.0,0.0
2020-02-20 00:00:00-05:00,132.06552989298828,132.80859379312162,131.6939979429216,132.52279663085938,241000,0.0,0.0
2020-02-21 00:00:00-05:00,132.70379811418522,133.18964310048688,132.07504728279693,132.4561004638672,150600,0.0,0.0
2020-02-24 00:00:00-05:00,128.7217248093671,128.90273015912743,127.66428550898831,128.12156677246094,398800,0.0,0.0
2020-02-25 00:00:00-05:00,129.80774956983194,129.80774956983194,126.98792096995373,127.683349609375,317700,0.0,0.0
2020-02-26 00:00:00-05:00,128.7979399736387,129.82680102502508,128.24540267551006,128.73126220703125,316800,0.0,0.0
2020-02-27 00:00:00-05:00,126.85454055397179,127.39754205285254,125.01592337860215,125.17787170410156,304700,0.0,0.0
2020-02-28 00:00:00-05:00,122.74863043451685,124.60629006517236,121.9388742829828,124.55865478515625,367900,0.0,0.0
2020-03-02 00:00:00-05:00,124.79681637357321,126.68305426082628,123.97753898234264,126.42584991455078,264200,0.0,0.0
2020-03-03 00:00:00-05:00,126.17815486397227,127.64524011236925,123.86322848248763,124.74918365478516,289000,0.0,0.0
2020-03-04 00:00:00-05:00,123.36784763824971,125.73994507685256,122.89152390219469,125.60657501220703,244600,0.0,0.0
2020-03-05 00:00:00-05:00,123.36785894264857,123.68223438160123,122.70100855831632,123.08206176757812,401900,0.0,0.0
2020-03-06 00:00:00-05:00,121.38633706222848,121.82455401968032,120.22410600336246,121.09101867675781,292200,0.0,0.0
2020-03-09 00:00:00-04:00,116.79458820654808,119.73827291623304,116.45163450700956,116.97559356689453,435200,0.0,0.0
2020-03-10 00:00:00-04:00,120.3098495092864,120.98622833884846,117.40427182697022,120.97669982910156,462100,0.0,0.0
2020-03-11 00:00:00-04:00,119.23337087750245,120.25270346554082,116.80411671712527,116.97559356689453,565500,0.0,0.0
2020-03-12 00:00:00-04:00,113.1554771981103,113.1554771981103,106.20115429820542,106.88705444335938,536300,0.0,0.0
2020-03-13 00:00:00-04:00,111.63123137091996,111.71696615493975,106.3059282081685,110.7262191772461,448700,0.0,0.0
2020-03-16 00:00:00-04:00,104.79123023248488,107.18237761195539,102.89546364789919,103.36225891113281,409400,0.0,0.0
2020-03-17 00:00:00-04:00,110.13558629422303,114.04143988274308,108.31602594442667,113.26026916503906,743300,0.0,0.0
2020-03-18 00:00:00-04:00,110.38327253348731,113.63179684948744,106.73463072888067,110.57379913330078,579800,0.0,0.0
2020-03-19 00:00:00-04:00,112.52673132028326,114.7082950838534,111.4216566726237,112.63152313232422,481000,0.0,0.0
2020-03-20 00:00:00-04:00,114.31770866600566,116.08010522098174,110.9453353881836,110.9453353881836,317000,0.0,0.0
2020-03-23 00:00:00-04:00,108.3350810548852,108.99241019325497,103.46705147019885,105.83914184570312,487900,0.0,0.0
2020-03-24 00:00:00-04:00,108.63038858146275,111.43117443658281,107.19188888336984,110.84053039550781,407400,0.0,0.0
2020-03-25 00:00:00-04:00,115.88004842179413,117.3661762870916,112.85062889537107,115.54662322998047,486900,0.0,0.0
2020-03-26 00:00:00-04:00,116.24204595817852,120.56706652523071,116.24204595817852,120.35748291015625,377300,0.0,0.0
2020-03-27 00:00:00-04:00,119.17620905770711,123.1296979103889,119.09047426546329,121.21487426757812,329700,0.0,0.0
2020-03-30 00:00:00-04:00,120.63806394706558,121.48162164294153,119.26122877240715,121.41374969482422,274400,2.22511,0.0
2020-03-31 00:00:00-04:00,116.54634070049127,118.44677011853841,115.91610432747765,116.30393981933594,356600,0.0,0.0
2020-04-01 00:00:00-04:00,114.41321156721075,115.70278598145853,112.95880633542417,113.16242218017578,398100,0.0,0.0
2020-04-02 00:00:00-04:00,112.38674674473893,114.52956962081072,112.20251971006938,114.23868560791016,292600,0.0,0.0
2020-04-03 00:00:00-04:00,111.32017512900917,112.17343094080444,110.51540984854901,111.50440216064453,337100,0.0,0.0
2020-04-06 00:00:00-04:00,116.35242279546591,119.0770063287303,115.77066216098615,118.68917083740234,328200,0.0,0.0
2020-04-07 00:00:00-04:00,121.75310694678666,121.85006581390277,118.19466400146484,118.19466400146484,239600,0.0,0.0
2020-04-08 00:00:00-04:00,119.42606458872463,120.15326723363079,118.04922935643273,119.78482055664062,238900,0.0,0.0
2020-04-09 00:00:00-04:00,120.43444603716289,121.04529355974219,119.34848748842339,119.65876770019531,216300,0.0,0.0
2020-04-13 00:00:00-04:00,118.04922319980173,118.09770633259541,116.52694603842248,117.5741195678711,154300,0.0,0.0
2020-04-14 00:00:00-04:00,120.97742518617112,121.44283812008878,119.93994973924832,120.85137939453125,297800,0.0,0.0
2020-04-15 00:00:00-04:00,120.28900896709816,120.28900896709816,118.90247565323926,119.25153350830078,302200,0.0,0.0
2020-04-16 00:00:00-04:00,118.2916237227512,118.38858259056744,116.8469166190731,118.12679290771484,195400,0.0,0.0
2020-04-17 00:00:00-04:00,121.16164824685107,121.16164824685107,119.76541688834787,120.8222885131836,180900,0.0,0.0
2020-04-20 00:00:00-04:00,118.9509535577556,119.42605718501073,117.94256506496802,118.01043701171875,176700,0.0,0.0
2020-04-21 00:00:00-04:00,117.75834185183427,118.27223791957105,116.74996072388554,117.0020523071289,221700,0.0,0.0
2020-04-22 00:00:00-04:00,118.42737023013677,118.42737023013677,117.42867981436854,117.73895263671875,181700,0.0,0.0
2020-04-23 00:00:00-04:00,118.6503748669439,119.52301203944586,117.9716480247359,117.9813461303711,156100,0.0,0.0
2020-04-24 00:00:00-04:00,119.0188293877859,119.05761441540712,117.9910520470304,118.83460235595703,114100,0.0,0.0
2020-04-27 00:00:00-04:00,119.98843266739733,120.63806523452278,119.50363091924623,120.42475128173828,160300,0.0,0.0
2020-04-28 00:00:00-04:00,122.39304900177595,123.07176847027698,121.65614829491243,121.675537109375,195700,0.0,0.0
2020-04-29 00:00:00-04:00,123.77958537333502,124.87522725901128,123.27538741476421,123.97350311279297,171100,0.0,0.0
2020-04-30 00:00:00-04:00,121.10348339476396,121.2683142208528,119.23214827022981,119.83329772949219,265300,0.0,0.0
2020-05-01 00:00:00-04:00,117.94256794031294,118.51463784614776,117.33172040466438,117.4383773803711,183200,0.0,0.0
2020-05-04 00:00:00-04:00,116.5948169577362,117.26384571745471,116.17788717084437,117.03113555908203,189500,0.0,0.0
2020-05-05 00:00:00-04:00,118.80551948098251,119.1448792373668,118.07831683266427,118.25284576416016,124900,0.0,0.0
2020-05-06 00:00:00-04:00,119.69755328786489,119.69755328786489,117.73895740449584,117.8843994140625,131400,0.0,0.0
2020-05-07 00:00:00-04:00,117.75833807520115,118.48554067524765,117.54503152641024,117.82621002197266,146700,0.0,0.0
2020-05-08 00:00:00-04:00,118.27223367029731,119.7945108112906,118.2528374584446,119.35818481445312,216200,0.0,0.0
2020-05-11 00:00:00-04:00,119.47453812250004,120.10478184360021,119.22243915456252,119.86238098144531,179100,0.0,0.0
2020-05-12 00:00:00-04:00,117.84560951048263,118.67946910685292,116.40090237618472,116.51725006103516,355200,0.0,0.0
2020-05-13 00:00:00-04:00,116.18758268206003,116.18758268206003,113.45330126088707,114.18050384521484,340500,0.0,0.0
2020-05-14 00:00:00-04:00,112.47399840953703,113.50177568298002,111.68862199473529,113.3951187133789,255300,0.0,0.0
2020-05-15 00:00:00-04:00,112.66792342912855,113.78296893053952,112.58066266516417,113.33695220947266,179100,0.0,0.0
2020-05-18 00:00:00-04:00,114.85922988644458,116.11001929093058,114.51017203414673,115.83853149414062,236300,0.0,0.0
2020-05-19 00:00:00-04:00,115.66400131827979,116.04214608793545,114.62652587890625,114.62652587890625,220600,0.0,0.0
2020-05-20 00:00:00-04:00,116.19727577730995,116.6723868016882,115.64460209776702,116.17788696289062,162600,0.0,0.0
2020-05-21 00:00:00-04:00,115.25676399570584,115.50885556483328,113.9477934289483,114.3647232055664,132300,0.0,0.0
2020-05-22 00:00:00-04:00,114.40351733420769,114.47138928475606,113.5599670056048,113.98658752441406,131800,0.0,0.0
2020-05-26 00:00:00-04:00,119.309716528744,120.57989477736562,118.98004748405184,120.33749389648438,378700,0.0,0.0
2020-05-27 00:00:00-04:00,122.56757834786085,123.11055392454873,121.04529379645571,122.95541381835938,330200,0.0,0.0
2020-05-28 00:00:00-04:00,125.26307803609647,125.38913122498934,124.21590448484673,124.45830535888672,341700,0.0,0.0
2020-05-29 00:00:00-04:00,122.11186133050526,122.412436033967,120.91924582751756,122.17973327636719,269100,0.0,0.0
2020-06-01 00:00:00-04:00,121.10348038091782,122.98450616782995,120.95803837431687,122.60636138916016,233500,0.0,0.0
2020-06-02 00:00:00-04:00,122.54818410999863,123.25599791028687,122.1215562085927,122.63545227050781,237900,0.0,0.0
2020-06-03 00:00:00-04:00,124.1577238792541,125.32124505227259,123.70200907728426,124.81704711914062,237000,0.0,0.0
2020-06-04 00:00:00-04:00,123.63413768818558,125.15641480518323,123.63413768818558,124.2643814086914,196900,0.0,0.0
2020-06-05 00:00:00-04:00,126.16480627195455,127.98766563816304,126.16480627195455,127.11502838134766,238900,0.0,0.0
2020-06-08 00:00:00-04:00,127.8519187463718,128.11371583528475,126.81443589455313,128.0555419921875,189500,0.0,0.0
2020-06-09 00:00:00-04:00,126.04845901299153,127.10532331084474,125.68000493686901,126.62052154541016,195800,0.0,0.0
2020-06-10 00:00:00-04:00,127.16349200493471,127.80343386018265,126.46537630738698,127.02774810791016,158400,0.0,0.0
2020-06-11 00:00:00-04:00,123.50809236099919,124.00259222207663,120.06600434121314,120.65746307373047,266800,0.0,0.0
2020-06-12 00:00:00-04:00,124.25468644317839,124.45830969425405,122.64514843018,123.93472290039062,241600,0.0,0.0
2020-06-15 00:00:00-04:00,122.33486558003517,124.32255561265008,121.44283218092947,123.52748107910156,188000,0.0,0.0
2020-06-16 00:00:00-04:00,126.72716893996835,127.27985001234737,124.65221813265654,125.66061401367188,169000,0.0,0.0
2020-06-17 00:00:00-04:00,125.73817247569336,126.03876198296771,124.92370910140318,124.9625015258789,157300,0.0,0.0
2020-06-18 00:00:00-04:00,124.96250268996003,125.19519805908203,124.5746524164648,125.19519805908203,114200,0.0,0.0
2020-06-19 00:00:00-04:00,125.07885136507892,125.16611212919072,123.62444611664777,123.90563201904297,138800,0.0,0.0
2020-06-22 00:00:00-04:00,124.04138064046494,124.42922353431277,123.31417798855824,124.23530578613281,124600,0.0,0.0
2020-06-23 00:00:00-04:00,126.21328069057661,126.34902458326127,125.04975949685458,125.16610717773438,244800,0.0,0.0
2020-06-24 00:00:00-04:00,125.4666856864883,125.4860818988811,123.13964322850657,123.91532897949219,433600,0.0,0.0
2020-06-25 00:00:00-04:00,122.6063617517492,123.91533241754095,122.17974123460927,123.88623809814453,192000,0.0,0.0
2020-06-26 00:00:00-04:00,124.02198616404785,124.02198616404785,122.07308107459293,122.32518005371094,229700,0.0,0.0
2020-06-29 00:00:00-04:00,122.62575019665891,123.13963884445907,122.10216344300761,123.0329818725586,242500,0.0,0.0
2020-06-30 00:00:00-04:00,121.69493161675445,122.28639031565827,121.07438599782047,121.811279296875,222100,0.0,0.0
2020-07-01 00:00:00-04:00,120.96772631028979,121.23921408779252,120.25991254966874,120.36656951904297,255100,0.0,0.0
2020-07-02 00:00:00-04:00,123.33355605487611,123.65352696922413,122.30577876362311,122.54817962646484,326500,0.0,0.0
2020-07-06 00:00:00-04:00,123.29478344084497,123.5274862073403,122.49001076808445,123.12025451660156,285700,0.0,0.0
2020-07-07 00:00:00-04:00,122.17973823808866,122.59666803602548,121.16165161132812,121.16165161132812,184200,0.0,0.0
2020-07-08 00:00:00-04:00,121.67553934133078,121.67553934133078,120.88046477900768,121.59797668457031,179700,0.0,0.0
2020-07-09 00:00:00-04:00,121.26830044209949,121.26830044209949,119.16426277877041,120.06599426269531,168200,0.0,0.0
2020-07-10 00:00:00-04:00,120.18234887556392,121.24891862588967,119.81390221476163,121.17134857177734,198700,0.0,0.0
2020-07-13 00:00:00-04:00,122.80997880117292,122.80997880117292,121.02590457345391,121.24891662597656,218200,0.0,0.0
2020-07-14 00:00:00-04:00,121.34587620559992,122.78088520399483,121.34587620559992,122.58696746826172,191900,0.0,0.0
2020-07-15 00:00:00-04:00,123.93471360810112,124.25467712689888,123.0717671229594,123.45960998535156,201500,0.0,0.0
2020-07-16 00:00:00-04:00,123.39174042063662,123.39174042063662,122.24760802311665,122.6451416015625,212400,0.0,0.0
2020-07-17 00:00:00-04:00,123.21721115346381,123.4596120217713,122.69362439022113,123.19781494140625,137000,0.0,0.0
2020-07-20 00:00:00-04:00,123.31417394159205,123.76019066575874,123.06207495924124,123.4111328125,145600,0.0,0.0
2020-07-21 00:00:00-04:00,123.36264954734509,123.46929912059396,122.33486486547791,122.43182373046875,153000,0.0,0.0
2020-07-22 00:00:00-04:00,121.93734027070029,122.54818782282116,121.67554317872865,122.4221420288086,104800,0.0,0.0
2020-07-23 00:00:00-04:00,122.14095873868082,123.09116606234132,121.87916164109932,122.0343017578125,138800,0.0,0.0
2020-07-24 00:00:00-04:00,121.55919284438582,122.31548238696956,121.24892002185179,121.404052734375,124000,0.0,0.0
2020-07-27 00:00:00-04:00,122.98450036123687,124.15772706760065,122.77119381211266,123.69231414794922,149600,0.0,0.0
2020-07-28 00:00:00-04:00,122.17004063354989,122.18942944859718,121.41375108941641,121.64645385742188,161800,0.0,0.0
2020-07-29 00:00:00-04:00,119.6296792633244,120.42475385135798,119.30971572480789,120.22113800048828,224800,0.0,0.0
2020-07-30 00:00:00-04:00,118.29162367110943,118.93156551389464,117.52563603996687,118.73764038085938,186100,0.0,0.0
2020-07-31 00:00:00-04:00,116.35241282965774,116.56572677011006,115.05314777052041,115.71247100830078,271900,0.0,0.0
2020-08-03 00:00:00-04:00,115.98397105214389,117.44806698215974,115.8773140774424,117.26384735107422,240700,0.0,0.0
2020-08-04 00:00:00-04:00,119.19335426851039,119.79451108000752,118.50493669594243,119.17396545410156,162400,0.0,0.0
2020-08-05 00:00:00-04:00,121.85007092511707,122.00521103700038,120.7738104407616,121.02590942382812,172600,0.0,0.0
2020-08-06 00:00:00-04:00,124.67162160754324,125.56365506504068,123.7214069089132,124.43891143798828,248000,0.0,0.0
2020-08-07 00:00:00-04:00,126.04844406971937,126.04844406971937,125.28246388093041,126.0096664428711,214900,0.0,0.0
2020-08-10 00:00:00-04:00,126.0484465649087,126.66899217158313,126.0096689372928,126.60112762451172,174000,0.0,0.0
2020-08-11 00:00:00-04:00,130.89646783276137,131.06129864648716,129.5002364753493,129.68446350097656,287700,0.0,0.0
2020-08-12 00:00:00-04:00,132.70963177115271,132.74842419793507,132.02122154301316,132.29270935058594,251600,0.0,0.0
2020-08-13 00:00:00-04:00,132.10847225592377,132.1957330170787,131.16795571021024,131.5170135498047,158100,0.0,0.0
2020-08-14 00:00:00-04:00,129.60689761300088,130.40197958178797,129.53903306162712,130.1401824951172,110700,0.0,0.0
2020-08-17 00:00:00-04:00,130.84798283692214,131.4394415342084,130.4795435858898,131.4103546142578,158800,0.0,0.0
2020-08-18 00:00:00-04:00,132.07937791903566,132.42843573902985,131.74001080696735,131.94363403320312,121200,0.0,0.0
2020-08-19 00:00:00-04:00,132.08908258828737,132.35087967969747,131.03221830867216,131.10009765625,111900,0.0,0.0
2020-08-20 00:00:00-04:00,129.66507178720988,130.16926974931613,129.53903339291477,130.01412963867188,118000,0.0,0.0
2020-08-21 00:00:00-04:00,129.17058045319425,129.83960924056763,129.06392347556988,129.7620391845703,122600,0.0,0.0
2020-08-24 00:00:00-04:00,130.55710035150892,131.33278608076452,130.28561256551566,130.66375732421875,154300,0.0,0.0
2020-08-25 00:00:00-04:00,130.8964638074388,131.09038153556608,130.06260426101466,130.69284057617188,126800,0.0,0.0
2020-08-26 00:00:00-04:00,130.31469915888042,130.9643464969217,129.9171729842999,130.78981018066406,138300,0.0,0.0
2020-08-27 00:00:00-04:00,130.09168755286453,130.1498613901831,129.12208414429136,129.50022888183594,165000,0.0,0.0
2020-08-28 00:00:00-04:00,129.95596118033384,130.20805277434414,129.50995183747133,129.84930419921875,100300,0.0,0.0
2020-08-31 00:00:00-04:00,129.07360024834128,129.07360024834128,127.7743352393629,128.40457153320312,183300,0.0,0.0
2020-09-01 00:00:00-04:00,127.79374743229761,128.43368930898237,127.1053224204139,128.27854919433594,143900,0.0,0.0
2020-09-02 00:00:00-04:00,127.68707917732611,128.58880327350153,127.5707314991033,128.49185180664062,123000,0.0,0.0
2020-09-03 00:00:00-04:00,127.61920552139323,127.93917644573726,125.65091163722612,125.99996948242188,173300,0.0,0.0
2020-09-04 00:00:00-04:00,128.95727000471732,129.68447265511983,126.95018358801791,129.12210083007812,203000,0.0,0.0
2020-09-08 00:00:00-04:00,127.01805369563743,128.08462342328536,126.63021822829714,127.24105834960938,227300,0.0,0.0
2020-09-09 00:00:00-04:00,126.35874274811063,127.47378092153744,126.35874274811063,127.14411926269531,179900,0.0,0.0
2020-09-10 00:00:00-04:00,126.49447927628346,127.35742580055206,126.09693828999757,126.22297668457031,133700,0.0,0.0
2020-09-11 00:00:00-04:00,127.14411645710193,127.59983130278856,126.5720391264687,127.34772491455078,155800,0.0,0.0
2020-09-14 00:00:00-04:00,129.82989580957152,130.26622919728678,129.3741810052719,129.703857421875,193000,0.0,0.0
2020-09-15 00:00:00-04:00,130.39228177498896,130.6831658001299,129.83961544269968,129.95596313476562,100900,0.0,0.0
2020-09-16 00:00:00-04:00,130.46016112534483,130.6637695864602,129.93656692109593,129.95596313476562,125800,0.0,0.0
2020-09-17 00:00:00-04:00,129.73294790528405,131.3037008002866,129.5002377451087,130.89646911621094,132400,0.0,0.0
2020-09-18 00:00:00-04:00,130.3922704024053,131.19704305728138,130.1692657470703,130.1692657470703,128000,0.0,0.0
2020-09-21 00:00:00-04:00,128.2785425456797,128.2785425456797,126.25207483618516,127.23136901855469,306300,0.0,0.0
2020-09-22 00:00:00-04:00,127.41559341231216,128.27853989437932,127.18288325721359,128.2300567626953,144600,0.0,0.0
2020-09-23 00:00:00-04:00,130.43105670144797,131.05160230082998,129.14148237250308,129.23843383789062,199100,0.0,0.0
2020-09-24 00:00:00-04:00,127.38650170196065,128.6566798114547,126.93078691222209,127.84221649169922,199500,0.0,0.0
2020-09-25 00:00:00-04:00,128.56942832400165,129.0736114849765,127.98766031367673,128.9281768798828,189300,0.0,0.0
2020-09-28 00:00:00-04:00,130.93524638773752,132.16664694013394,130.93524638773752,131.87576293945312,219000,0.0,0.0
2020-09-29 00:00:00-04:00,132.9337624674056,133.60300049169103,132.06767559601636,132.12672424316406,136500,2.01499,0.0
2020-09-30 00:00:00-04:00,130.55202243607175,131.15237537261828,130.0304060341905,130.34535217285156,155900,0.0,0.0
2020-10-01 00:00:00-04:00,130.5323591136978,130.72919295602975,129.93200613323654,130.33551025390625,130800,0.0,0.0
2020-10-02 00:00:00-04:00,128.90843780354498,130.04025860444386,128.81002839746156,129.64657592773438,98800,0.0,0.0
2020-10-05 00:00:00-04:00,129.40053775585525,130.08946371017078,129.17417958889288,130.0107421875,236200,0.0,0.0
2020-10-06 00:00:00-04:00,129.8434226504178,130.53236364870452,129.08561158023855,129.18402099609375,256600,0.0,0.0
2020-10-07 00:00:00-04:00,130.58155631118612,130.58155631118612,129.92215467977124,130.33551025390625,115900,0.0,0.0
2020-10-08 00:00:00-04:00,130.82760214962437,131.03428744507593,130.37488581476407,130.8472900390625,99300,0.0,0.0
2020-10-09 00:00:00-04:00,130.1288435447669,130.26662873992444,129.88279748073845,129.99105834960938,107800,0.0,0.0
2020-10-12 00:00:00-04:00,129.91231846180295,130.12884019396938,129.53832364852283,129.71548461914062,144400,0.0,0.0
2020-10-13 00:00:00-04:00,130.73902987772405,131.02445171500634,130.32567430205341,130.55203247070312,104600,0.0,0.0
2020-10-14 00:00:00-04:00,129.5580136754865,129.88279627909446,129.23323107187855,129.4497528076172,105100,0.0,0.0
2020-10-15 00:00:00-04:00,128.5738272847652,129.1446559406078,128.31794479109487,129.09544372558594,123000,0.0,0.0
2020-10-16 00:00:00-04:00,128.58365845710225,129.62690631349707,128.52460980847704,128.57382202148438,144400,0.0,0.0
2020-10-19 00:00:00-04:00,129.7056242513526,129.7056242513526,128.55413058258435,128.81002807617188,106800,0.0,0.0
2020-10-20 00:00:00-04:00,128.8100385745627,129.6957983865892,128.59351683963004,129.2332305908203,138300,0.0,0.0
2020-10-21 00:00:00-04:00,130.89650130887037,131.6740002352785,130.7587161187173,131.03428649902344,162900,0.0,0.0
2020-10-22 00:00:00-04:00,131.28033590352464,131.44764542316062,130.5520341555859,131.3098602294922,70800,0.0,0.0
2020-10-23 00:00:00-04:00,131.7035412598204,131.7035412598204,130.69966913733742,131.1720733642578,59900,0.0,0.0
2020-10-26 00:00:00-04:00,131.01458975858625,131.25079936180188,130.26661520792436,130.74887084960938,142000,0.0,0.0
2020-10-27 00:00:00-04:00,130.93586491438012,130.93586491438012,130.16820240721398,130.36505126953125,144800,0.0,0.0
2020-10-28 00:00:00-04:00,129.05608076424994,129.13481730345092,127.23533396169292,128.01284790039062,229500,0.0,0.0
2020-10-29 00:00:00-04:00,129.8434118765943,130.25678244825073,128.34746273305794,129.27259826660156,140600,0.0,0.0
2020-10-30 00:00:00-04:00,128.81002740263528,129.43990466304723,128.47539337565203,129.21353149414062,116000,0.0,0.0
2020-11-02 00:00:00-05:00,130.95554472681022,131.53620978943556,130.56187706137646,131.13270568847656,146200,0.0,0.0
2020-11-03 00:00:00-05:00,132.33341157171304,134.6560868393392,132.33341157171304,133.72109985351562,147600,0.0,0.0
2020-11-04 00:00:00-05:00,132.5991394433675,132.77630041697336,131.89052558386382,132.0381622314453,185100,0.0,0.0
2020-11-05 00:00:00-05:00,133.71126068472353,135.22689768464815,133.40616599767407,134.90213012695312,155900,0.0,0.0
2020-11-06 00:00:00-05:00,134.5379829519713,136.014259315784,133.95731785306197,135.0300750732422,165100,0.0,0.0
2020-11-09 00:00:00-05:00,138.0810532461476,139.46875664251291,137.43148803710938,137.43148803710938,245600,0.0,0.0
2020-11-10 00:00:00-05:00,137.49053598045631,139.24238273461737,137.43148732856815,137.72674560546875,217800,0.0,0.0
2020-11-11 00:00:00-05:00,140.45293568161986,141.05328865240514,139.87225558252902,140.2265625,176000,0.0,0.0
2020-11-12 00:00:00-05:00,139.0947591699852,139.0947591699852,137.39212465523582,137.48069763183594,99500,0.0,0.0
2020-11-13 00:00:00-05:00,138.07119072137277,139.6065306425697,137.92356910272818,139.38015747070312,136200,0.0,0.0
2020-11-16 00:00:00-05:00,141.12216623204569,142.362232868506,141.10247834393914,141.83078002929688,130200,0.0,0.0
2020-11-17 00:00:00-05:00,140.56118892746636,141.2107390597419,139.8131993547574,140.48245239257812,150100,0.0,0.0
2020-11-18 00:00:00-05:00,139.6065409170982,140.89581987300926,139.03571225389717,139.58685302734375,228600,0.0,0.0
2020-11-19 00:00:00-05:00,138.47471667364374,138.84871148262317,137.91373947763404,138.6912384033203,140000,0.0,0.0
2020-11-20 00:00:00-05:00,140.0494201141196,140.7777068392902,139.82306194419846,139.88211059570312,113000,0.0,0.0
2020-11-23 00:00:00-05:00,141.47647256213781,141.68315784277988,140.95485616034887,140.9942169189453,238000,0.0,0.0
2020-11-24 00:00:00-05:00,141.62409686551757,142.2441377017484,140.91548305767054,141.56504821777344,188300,0.0,0.0
2020-11-25 00:00:00-05:00,138.7404542031163,139.30143141362277,137.81531861012894,139.0750732421875,231400,0.0,0.0
2020-11-27 00:00:00-05:00,137.88421917017132,138.92745207039687,137.82515550061717,137.94326782226562,77300,0.0,0.0
2020-11-30 00:00:00-05:00,133.77032038348622,136.30951753018707,132.3235683462095,132.3334197998047,355200,0.0,0.0
2020-12-01 00:00:00-05:00,133.45537882345172,134.3017778063194,133.04200825865664,133.98683166503906,289200,0.0,0.0
2020-12-02 00:00:00-05:00,133.89826323400987,134.54782840932936,133.62269285977598,134.1836700439453,197900,0.0,0.0
2020-12-03 00:00:00-05:00,135.59105553262037,135.97488675320255,134.58718348745992,134.68560791015625,171500,0.0,0.0
2020-12-04 00:00:00-05:00,135.71899226696803,136.65397925091514,135.5713706471126,136.09298706054688,137800,0.0,0.0
2020-12-07 00:00:00-05:00,136.40793702112825,136.62445874794426,135.5221622248466,135.9650421142578,150100,0.0,0.0
2020-12-08 00:00:00-05:00,136.13235978823602,136.7819099185094,135.91583807232539,136.54571533203125,130700,0.0,0.0
2020-12-09 00:00:00-05:00,138.71091937496797,140.2462442779543,137.4610012737076,138.65187072753906,190300,0.0,0.0
2020-12-10 00:00:00-05:00,140.50212601190873,140.92533301200586,139.65572702917308,140.80723571777344,319900,0.0,0.0
2020-12-11 00:00:00-05:00,147.25363738449994,149.34011813134745,146.6828087379305,148.61181640625,708800,0.0,0.0
2020-12-14 00:00:00-05:00,151.56437181092255,152.45013161322333,151.04275536907394,151.15101623535156,494700,0.0,0.0
2020-12-15 00:00:00-05:00,151.04274553118697,151.04274553118697,149.49756917836316,150.43255615234375,285300,0.0,0.0
2020-12-16 00:00:00-05:00,151.72184659912796,153.02096199161426,150.58018927234986,152.6371307373047,266100,0.0,0.0
2020-12-17 00:00:00-05:00,153.650832798724,153.82799376414897,152.0958199575896,152.19424438476562,222100,0.0,0.0
2020-12-18 00:00:00-05:00,151.31832480589625,151.63327096671836,150.42271355570034,151.3380126953125,327300,0.0,0.0
2020-12-21 00:00:00-05:00,148.02130156372596,149.36964416503906,147.0272809018836,149.36964416503906,257100,0.0,0.0
2020-12-22 00:00:00-05:00,149.05469030113153,149.349948557125,147.8441479707629,148.3854522705078,181800,0.0,0.0
2020-12-23 00:00:00-05:00,148.2575071210603,148.95628450995878,147.82446367075244,148.769287109375,317900,0.0,0.0
2020-12-24 00:00:00-05:00,147.80477288029456,148.7397598648585,147.80477288029456,148.09019470214844,150200,0.0,0.0
2020-12-28 00:00:00-05:00,150.67860025659994,150.99353137737054,149.82234982920133,150.18650817871094,215600,0.0,0.0
2020-12-29 00:00:00-05:00,152.54854422551244,152.74537805327947,150.48175149031243,150.914794921875,265100,0.0,0.0
2020-12-30 00:00:00-05:00,152.06629440214064,152.75523535187835,151.60372662958375,151.65293884277344,193500,0.0,0.0
2020-12-31 00:00:00-05:00,151.96789312728535,152.3910851449582,151.53484965597187,152.1253662109375,160000,0.0,0.0
2021-01-04 00:00:00-05:00,153.3457336489119,153.3457336489119,149.61568223954757,150.86558532714844,315600,0.0,0.0
2021-01-05 00:00:00-05:00,149.50742162599445,150.97384643554688,149.3499485538069,150.97384643554688,231800,0.0,0.0
2021-01-06 00:00:00-05:00,150.29478336502714,151.73168395967448,150.06841017504664,151.101806640625,296100,0.0,0.0
2021-01-07 00:00:00-05:00,149.26138096503234,150.28492593624566,149.11374432298533,150.25540161132812,345000,0.0,0.0
2021-01-08 00:00:00-05:00,151.17069427867034,151.62341058637384,149.7042544614164,150.43255615234375,418100,0.0,0.0
2021-01-11 00:00:00-05:00,150.77702236724173,151.7710580595154,149.41885832969126,150.96401977539062,335500,0.0,0.0
2021-01-12 00:00:00-05:00,149.67474293259096,149.67474293259096,148.26735164234,149.34996032714844,618700,0.0,0.0
2021-01-13 00:00:00-05:00,148.49372243016273,148.6118197329727,147.65715982203298,148.26734924316406,387500,0.0,0.0
2021-01-14 00:00:00-05:00,149.0842268454874,149.861740817252,148.83818078156744,148.94644165039062,314900,0.0,0.0
2021-01-15 00:00:00-05:00,146.30882069798147,146.79106132477358,145.05890261101914,146.06277465820312,390600,0.0,0.0
2021-01-19 00:00:00-05:00,146.1021473340494,146.3875691732501,145.11796309465876,145.78721618652344,368800,0.0,0.0
2021-01-20 00:00:00-05:00,146.37771043580707,147.6669893224597,145.81673325634816,147.60794067382812,256000,0.0,0.0
2021-01-21 00:00:00-05:00,148.83818078156744,150.2947842925447,148.021306047258,148.94644165039062,469100,0.0,0.0
2021-01-22 00:00:00-05:00,145.8560924316498,146.23992366104395,145.2754273698026,145.61004638671875,393400,0.0,0.0
2021-01-25 00:00:00-05:00,145.61004796452403,145.61004796452403,142.9527536539662,144.39950561523438,369500,0.0,0.0
2021-01-26 00:00:00-05:00,143.69089150193713,144.19282003172034,143.24801162066268,143.67120361328125,285800,0.0,0.0
2021-01-27 00:00:00-05:00,142.4016138096583,142.60828408116842,139.99036553146638,140.384033203125,407500,0.0,0.0
2021-01-28 00:00:00-05:00,140.561195639088,141.71268935907614,140.09862786044414,141.03359985351562,275100,0.0,0.0
2021-01-29 00:00:00-05:00,139.94114738202535,139.94114738202535,137.825142438606,138.2975616455078,342600,0.0,0.0
2021-02-01 00:00:00-05:00,137.94325449884124,138.50423165701423,137.0870040737964,138.18930053710938,362900,0.0,0.0
2021-02-02 00:00:00-05:00,140.40372896644803,141.10249137545082,139.47859336695936,140.8564453125,447900,0.0,0.0
2021-02-03 00:00:00-05:00,144.980175054431,146.21040532950755,144.52745872298007,145.72816467285156,462000,0.0,0.0
2021-02-04 00:00:00-05:00,145.86595248609297,146.525354123297,145.1671750696011,145.678955078125,250800,0.0,0.0
2021-02-05 00:00:00-05:00,147.5981062005972,148.7889606770575,146.8993288084287,148.47402954101562,329800,0.0,0.0
2021-02-08 00:00:00-05:00,149.88139898398177,150.55065202125854,149.77313812578075,150.5112762451172,309400,0.0,0.0
2021-02-09 00:00:00-05:00,151.0033693892349,151.96788068453768,150.44239222366278,151.56436157226562,326800,0.0,0.0
2021-02-10 00:00:00-05:00,153.53272970635803,160.78616219523192,153.14889848279049,159.00479125976562,1415500,0.0,0.0
2021-02-11 00:00:00-05:00,160.0185053335393,160.0185053335393,155.74714951347372,156.42623901367188,466600,0.0,0.0
2021-02-12 00:00:00-05:00,157.13484653678677,158.7587443932556,157.13484653678677,157.95172119140625,418000,0.0,0.0
2021-02-16 00:00:00-05:00,156.19003237704612,156.74117313627596,153.70004750715893,154.00514221191406,468500,0.0,0.0
2021-02-17 00:00:00-05:00,153.7394206713472,154.3102342926577,152.9126945291014,154.05435180664062,279400,0.0,0.0
2021-02-18 00:00:00-05:00,150.71796134410968,151.3576750397783,149.8813988028891,151.02305603027344,490500,0.0,0.0
2021-02-19 00:00:00-05:00,151.27896355842068,151.77105567002934,150.727807778753,151.12149047851562,231800,0.0,0.0
2021-02-22 00:00:00-05:00,151.121482506426,151.48562584421978,149.7239427852767,150.02903747558594,291300,0.0,0.0
2021-02-23 00:00:00-05:00,149.10391072793908,150.76718447812678,147.47016130323144,150.314453125,304000,0.0,0.0
2021-02-24 00:00:00-05:00,148.60197886169698,150.501447173344,148.34608135663336,150.03887939453125,419300,0.0,0.0
2021-02-25 00:00:00-05:00,149.86172644646038,149.86172644646038,146.13166006534615,146.89932250976562,446200,0.0,0.0
2021-02-26 00:00:00-05:00,147.745728365184,147.95241365635835,144.47824460667047,145.59036254882812,592900,0.0,0.0
2021-03-01 00:00:00-05:00,146.85013937876803,147.59811400670284,146.10214973337327,146.9780731201172,347900,0.0,0.0
2021-03-02 00:00:00-05:00,147.17489573801555,147.80477301281033,146.40723327865496,146.85012817382812,337100,0.0,0.0
2021-03-03 00:00:00-05:00,147.62762895768108,147.81462635715425,146.32849861447318,146.47613525390625,377900,0.0,0.0
2021-03-04 00:00:00-05:00,146.28913360826883,146.91901087284052,143.24800814420195,144.52745056152344,353400,0.0,0.0
2021-03-05 00:00:00-05:00,145.70846800962985,146.61391563546894,143.64167526497073,146.17103576660156,313600,0.0,0.0
2021-03-08 00:00:00-05:00,146.2202541592732,148.02129803430515,145.6494255197848,145.8856201171875,474500,0.0,0.0
2021-03-09 00:00:00-05:00,148.47402673316307,150.03887598294762,148.17876847420436,149.1432647705078,349700,0.0,0.0
2021-03-10 00:00:00-05:00,148.6807184519819,149.76331209172105,147.8736801770775,149.4779052734375,472100,0.0,0.0
2021-03-11 00:00:00-05:00,147.77524830870354,148.89721767084157,146.6434425110714,147.98193359375,498400,0.0,0.0
2021-03-12 00:00:00-05:00,147.4012716311597,148.3264071806494,147.2044377949289,148.1492462158203,295500,0.0,0.0
2021-03-15 00:00:00-04:00,150.58019017900784,151.22975538789197,149.85188842806565,150.4817657470703,394000,0.0,0.0
2021-03-16 00:00:00-04:00,149.59600306018464,150.2554046926311,149.28105689799312,149.69442749023438,284800,0.0,0.0
2021-03-17 00:00:00-04:00,150.33414436618074,151.75137209065878,149.66490628376604,151.21006774902344,319100,0.0,0.0
2021-03-18 00:00:00-04:00,154.9401128475462,157.02659358294363,154.51692084596635,155.2156982421875,824300,0.0,0.0
2021-03-19 00:00:00-04:00,156.19987868133668,156.35733673774084,154.62517797762422,156.07192993164062,425100,0.0,0.0
2021-03-22 00:00:00-04:00,152.74538751948418,152.74538751948418,151.75136686630947,152.03677368164062,451100,0.0,0.0
2021-03-23 00:00:00-04:00,150.62940333528545,150.66876409783026,148.71024704020184,148.94644165039062,386900,0.0,0.0
2021-03-24 00:00:00-04:00,148.60197923655537,148.9858104776598,148.02129913953337,148.2870330810547,344200,0.0,0.0
2021-03-25 00:00:00-04:00,147.62762556810125,148.86769221658818,146.76153869251496,148.6807098388672,273800,0.0,0.0
2021-03-26 00:00:00-04:00,150.58017734301066,150.98369645511337,149.68456614808767,150.94432067871094,312200,0.0,0.0
2021-03-29 00:00:00-04:00,151.56437445956402,152.84381698771466,151.10180666079063,152.45013427734375,317200,0.0,0.0
2021-03-30 00:00:00-04:00,153.6300048828125,154.63999938964844,153.3800048828125,153.8699951171875,476000,2.44987,0.0
2021-03-31 00:00:00-04:00,156.22000122070312,156.47000122070312,155.80999755859375,156.05999755859375,289200,0.0,0.0
2021-04-01 00:00:00-04:00,153.60000610351562,154.22999572753906,153.0399932861328,154.16000366210938,274500,0.0,0.0
2021-04-05 00:00:00-04:00,154.16000366210938,155.83999633789062,153.77999877929688,155.3800048828125,300600,0.0,0.0
2021-04-06 00:00:00-04:00,153.10000610351562,154.2899932861328,153.0399932861328,153.64999389648438,400300,0.0,0.0
2021-04-07 00:00:00-04:00,154.83999633789062,155.74000549316406,154.5500030517578,154.6999969482422,216500,0.0,0.0
2021-04-08 00:00:00-04:00,154.35000610351562,154.6999969482422,152.88999938964844,153.3800048828125,233700,0.0,0.0
2021-04-09 00:00:00-04:00,154.05999755859375,154.4499969482422,153.50999450683594,154.27999877929688,181400,0.0,0.0
2021-04-12 00:00:00-04:00,154.91000366210938,154.91000366210938,153.89999389648438,154.08999633789062,246300,0.0,0.0
2021-04-13 00:00:00-04:00,155.0,155.7899932861328,154.32000732421875,155.77000427246094,220300,0.0,0.0
2021-04-14 00:00:00-04:00,156.25,156.8800048828125,155.8699951171875,156.22000122070312,172900,0.0,0.0
2021-04-15 00:00:00-04:00,156.97999572753906,157.42999267578125,156.5,157.30999755859375,179000,0.0,0.0
2021-04-16 00:00:00-04:00,157.8000030517578,157.89999389648438,157.10000610351562,157.57000732421875,162700,0.0,0.0
2021-04-19 00:00:00-04:00,157.9600067138672,157.97999572753906,155.92999267578125,156.41000366210938,242300,0.0,0.0
2021-04-20 00:00:00-04:00,154.74000549316406,154.80999755859375,152.89999389648438,154.10000610351562,317900,0.0,0.0
2021-04-21 00:00:00-04:00,153.5,155.5800018310547,153.5,155.13999938964844,322400,0.0,0.0
2021-04-22 00:00:00-04:00,155.5,155.5800018310547,154.41000366210938,154.77999877929688,227400,0.0,0.0
2021-04-23 00:00:00-04:00,153.99000549316406,155.58999633789062,153.9199981689453,154.99000549316406,233700,0.0,0.0
2021-04-26 00:00:00-04:00,154.30999755859375,154.30999755859375,153.49000549316406,153.5399932861328,249600,0.0,0.0
2021-04-27 00:00:00-04:00,152.58999633789062,153.1699981689453,152.27000427246094,152.80999755859375,490100,0.0,0.0
2021-04-28 00:00:00-04:00,153.1999969482422,153.80999755859375,152.8300018310547,153.25999450683594,236100,0.0,0.0
2021-04-29 00:00:00-04:00,153.5,153.77000427246094,151.69000244140625,152.42999267578125,377600,0.0,0.0
2021-04-30 00:00:00-04:00,150.08999633789062,151.60000610351562,149.89999389648438,150.77000427246094,394000,0.0,0.0
2021-05-03 00:00:00-04:00,151.47999572753906,152.75999450683594,151.33999633789062,152.22999572753906,230900,0.0,0.0
2021-05-04 00:00:00-04:00,151.50999450683594,151.6300048828125,150.25,150.58999633789062,266700,0.0,0.0
2021-05-05 00:00:00-04:00,152.08999633789062,152.2899932861328,151.11000061035156,151.4199981689453,250800,0.0,0.0
2021-05-06 00:00:00-04:00,153.24000549316406,153.3000030517578,151.8699951171875,152.9600067138672,194200,0.0,0.0
2021-05-07 00:00:00-04:00,153.33999633789062,153.72000122070312,153.0399932861328,153.64999389648438,162500,0.0,0.0
2021-05-10 00:00:00-04:00,155.3300018310547,155.72000122070312,154.7100067138672,155.05999755859375,264100,0.0,0.0
2021-05-11 00:00:00-04:00,152.64999389648438,152.64999389648438,151.16000366210938,152.24000549316406,431200,0.0,0.0
2021-05-12 00:00:00-04:00,155.5,155.6699981689453,153.14999389648438,153.52000427246094,627500,0.0,0.0
2021-05-13 00:00:00-04:00,153.86000061035156,155.38999938964844,153.1199951171875,155.22999572753906,342600,0.0,0.0
2021-05-14 00:00:00-04:00,156.0,156.5,155.66000366210938,155.85000610351562,315500,0.0,0.0
2021-05-17 00:00:00-04:00,157.6999969482422,159.0,157.42999267578125,158.67999267578125,436100,0.0,0.0
2021-05-18 00:00:00-04:00,160.4600067138672,161.91000366210938,160.32000732421875,160.66000366210938,322500,0.0,0.0
2021-05-19 00:00:00-04:00,158.6300048828125,159.5500030517578,158.1199951171875,159.2899932861328,250200,0.0,0.0
2021-05-20 00:00:00-04:00,159.32000732421875,160.5800018310547,159.2100067138672,160.22000122070312,209300,0.0,0.0
2021-05-21 00:00:00-04:00,161.0,161.30999755859375,160.38999938964844,161.16000366210938,211200,0.0,0.0
2021-05-24 00:00:00-04:00,162.17999267578125,162.97999572753906,162.13999938964844,162.77999877929688,236400,0.0,0.0
2021-05-25 00:00:00-04:00,163.0,163.8000030517578,161.6300048828125,162.24000549316406,199500,0.0,0.0
2021-05-26 00:00:00-04:00,162.8300018310547,164.4199981689453,162.77999877929688,164.02000427246094,231900,0.0,0.0
2021-05-27 00:00:00-04:00,165.0,166.47000122070312,164.91000366210938,165.5500030517578,248600,0.0,0.0
2021-05-28 00:00:00-04:00,166.2899932861328,166.77999877929688,165.7100067138672,165.97999572753906,160000,0.0,0.0
2021-06-01 00:00:00-04:00,171.47000122070312,172.75,171.02999877929688,172.33999633789062,596500,0.0,0.0
2021-06-02 00:00:00-04:00,175.75,176.83999633789062,175.49000549316406,176.6300048828125,630300,0.0,0.0
2021-06-03 00:00:00-04:00,177.3000030517578,180.1199951171875,177.02999877929688,179.6699981689453,478800,0.0,0.0
2021-06-04 00:00:00-04:00,181.67999267578125,182.66000366210938,181.00999450683594,182.41000366210938,386900,0.0,0.0
2021-06-07 00:00:00-04:00,182.02999877929688,182.25,180.11000061035156,180.8000030517578,384400,0.0,0.0
2021-06-08 00:00:00-04:00,180.91000366210938,181.0,179.38999938964844,179.61000061035156,307100,0.0,0.0
2021-06-09 00:00:00-04:00,180.02999877929688,180.8000030517578,179.8699951171875,180.5399932861328,207400,0.0,0.0
2021-06-10 00:00:00-04:00,180.58999633789062,180.75999450683594,179.82000732421875,180.17999267578125,194400,0.0,0.0
2021-06-11 00:00:00-04:00,180.74000549316406,181.47000122070312,180.50999450683594,181.47000122070312,164500,0.0,0.0
2021-06-14 00:00:00-04:00,181.0,181.0,179.47999572753906,180.58999633789062,189900,0.0,0.0
2021-06-15 00:00:00-04:00,182.5,182.77999877929688,181.67999267578125,182.4499969482422,180900,0.0,0.0
2021-06-16 00:00:00-04:00,183.92999267578125,184.8800048828125,183.10000610351562,183.83999633789062,326000,0.0,0.0
2021-06-17 00:00:00-04:00,185.0,185.3800048828125,184.0,185.1999969482422,277400,0.0,0.0
2021-06-18 00:00:00-04:00,177.88999938964844,178.3800048828125,176.30999755859375,177.02999877929688,735000,0.0,0.0
2021-06-21 00:00:00-04:00,177.0,179.41000366210938,176.5,178.8800048828125,284400,0.0,0.0
2021-06-22 00:00:00-04:00,180.05999755859375,180.05999755859375,178.8300018310547,179.38999938964844,237900,0.0,0.0
2021-06-23 00:00:00-04:00,176.3699951171875,178.25,176.13999938964844,177.7100067138672,611500,0.0,0.0
2021-06-24 00:00:00-04:00,178.3800048828125,178.3800048828125,177.5500030517578,177.6699981689453,164800,0.0,0.0
2021-06-25 00:00:00-04:00,177.99000549316406,178.8000030517578,177.7899932861328,178.10000610351562,156100,0.0,0.0
2021-06-28 00:00:00-04:00,177.64999389648438,177.8000030517578,176.75999450683594,177.07000732421875,209100,0.0,0.0
2021-06-29 00:00:00-04:00,176.39999389648438,177.3699951171875,176.39999389648438,176.72999572753906,166900,0.0,0.0
2021-06-30 00:00:00-04:00,175.47999572753906,176.25,174.6199951171875,174.83999633789062,313200,0.0,0.0
2021-07-01 00:00:00-04:00,174.7100067138672,175.5800018310547,174.35000610351562,175.47999572753906,181500,0.0,0.0
2021-07-02 00:00:00-04:00,176.38999938964844,176.83999633789062,175.83999633789062,176.02999877929688,210300,0.0,0.0
2021-07-06 00:00:00-04:00,176.07000732421875,176.47000122070312,173.39999389648438,174.92999267578125,288100,0.0,0.0
2021-07-07 00:00:00-04:00,175.77000427246094,175.8699951171875,174.57000732421875,175.64999389648438,128300,0.0,0.0
2021-07-08 00:00:00-04:00,173.1699981689453,174.6300048828125,173.0500030517578,174.22999572753906,189500,0.0,0.0
2021-07-09 00:00:00-04:00,177.66000366210938,178.72999572753906,177.64999389648438,177.7899932861328,320700,0.0,0.0
2021-07-12 00:00:00-04:00,177.7899932861328,179.41000366210938,177.0399932861328,178.89999389648438,176000,0.0,0.0
2021-07-13 00:00:00-04:00,178.99000549316406,179.4600067138672,178.33999633789062,179.17999267578125,281900,0.0,0.0
2021-07-14 00:00:00-04:00,180.3699951171875,180.99000549316406,179.55999755859375,180.0,230700,0.0,0.0
2021-07-15 00:00:00-04:00,178.7100067138672,179.3300018310547,178.25999450683594,178.92999267578125,177800,0.0,0.0
2021-07-16 00:00:00-04:00,179.27999877929688,179.27999877929688,177.3800048828125,178.1300048828125,195700,0.0,0.0
2021-07-19 00:00:00-04:00,176.67999267578125,176.99000549316406,174.02999877929688,176.3000030517578,261100,0.0,0.0
2021-07-20 00:00:00-04:00,176.13999938964844,178.3699951171875,175.7899932861328,178.1199951171875,152000,0.0,0.0
2021-07-21 00:00:00-04:00,178.17999267578125,179.92999267578125,178.17999267578125,179.67999267578125,183200,0.0,0.0
2021-07-22 00:00:00-04:00,179.99000549316406,180.19000244140625,177.94000244140625,177.99000549316406,321200,0.0,0.0
2021-07-23 00:00:00-04:00,179.13999938964844,180.44000244140625,178.66000366210938,179.85000610351562,195900,0.0,0.0
2021-07-26 00:00:00-04:00,179.22999572753906,179.77999877929688,178.83999633789062,179.5,155700,0.0,0.0
2021-07-27 00:00:00-04:00,179.05999755859375,179.05999755859375,177.7100067138672,178.44000244140625,152700,0.0,0.0
2021-07-28 00:00:00-04:00,178.44000244140625,180.24000549316406,178.2899932861328,179.8699951171875,143600,0.0,0.0
2021-07-29 00:00:00-04:00,180.83999633789062,181.86000061035156,180.49000549316406,181.4199981689453,157400,0.0,0.0
2021-07-30 00:00:00-04:00,180.61000061035156,181.0800018310547,179.57000732421875,179.83999633789062,147200,0.0,0.0
2021-08-02 00:00:00-04:00,182.0,182.75,181.13999938964844,181.8800048828125,167500,0.0,0.0
2021-08-03 00:00:00-04:00,183.52000427246094,185.99000549316406,183.05999755859375,185.9499969482422,246900,0.0,0.0
2021-08-04 00:00:00-04:00,182.6999969482422,183.75,181.22000122070312,182.17999267578125,194600,0.0,0.0
2021-08-05 00:00:00-04:00,182.52000427246094,183.47999572753906,182.08999633789062,182.86000061035156,128800,0.0,0.0
2021-08-06 00:00:00-04:00,181.13999938964844,181.50999450683594,180.0399932861328,180.72000122070312,183400,0.0,0.0
2021-08-09 00:00:00-04:00,181.1199951171875,181.41000366210938,180.25,180.57000732421875,163300,0.0,0.0
2021-08-10 00:00:00-04:00,179.5500030517578,180.1199951171875,178.24000549316406,179.89999389648438,220400,0.0,0.0
2021-08-11 00:00:00-04:00,181.13999938964844,181.47000122070312,180.39999389648438,181.3800048828125,133400,0.0,0.0
2021-08-12 00:00:00-04:00,181.00999450683594,181.11000061035156,180.1999969482422,180.94000244140625,105600,0.0,0.0
2021-08-13 00:00:00-04:00,181.22999572753906,181.3699951171875,180.8000030517578,181.33999633789062,93100,0.0,0.0
2021-08-16 00:00:00-04:00,179.57000732421875,180.69000244140625,177.80999755859375,180.60000610351562,129800,0.0,0.0
2021-08-17 00:00:00-04:00,179.5500030517578,179.5500030517578,177.55999755859375,178.1699981689453,213900,0.0,0.0
2021-08-18 00:00:00-04:00,177.5,177.97999572753906,175.52999877929688,175.72999572753906,227300,0.0,0.0
2021-08-19 00:00:00-04:00,170.14999389648438,171.41000366210938,167.75,168.5500030517578,650600,0.0,0.0
2021-08-20 00:00:00-04:00,165.67999267578125,165.75,163.91000366210938,164.66000366210938,448000,0.0,0.0
2021-08-23 00:00:00-04:00,166.8699951171875,168.97000122070312,166.27999877929688,168.74000549316406,329900,0.0,0.0
2021-08-24 00:00:00-04:00,169.8000030517578,171.5800018310547,169.5800018310547,171.02000427246094,308100,0.0,0.0
2021-08-25 00:00:00-04:00,172.39999389648438,174.11000061035156,172.0800018310547,173.75,263300,0.0,0.0
2021-08-26 00:00:00-04:00,173.52000427246094,173.77999877929688,171.08999633789062,171.58999633789062,175200,0.0,0.0
2021-08-27 00:00:00-04:00,172.0399932861328,173.9499969482422,171.9499969482422,173.8800048828125,140300,0.0,0.0
2021-08-30 00:00:00-04:00,173.72999572753906,173.72999572753906,172.47999572753906,172.86000061035156,134400,0.0,0.0
2021-08-31 00:00:00-04:00,173.61000061035156,175.00999450683594,173.61000061035156,174.22999572753906,184400,0.0,0.0
2021-09-01 00:00:00-04:00,175.0500030517578,176.97000122070312,175.02000427246094,176.2100067138672,204100,0.0,0.0
2021-09-02 00:00:00-04:00,176.30999755859375,176.86000061035156,175.47000122070312,176.24000549316406,198800,0.0,0.0
2021-09-03 00:00:00-04:00,177.42999267578125,179.27999877929688,176.8300018310547,179.27000427246094,279400,0.0,0.0
2021-09-07 00:00:00-04:00,181.0,181.74000549316406,180.66000366210938,181.63999938964844,224300,0.0,0.0
2021-09-08 00:00:00-04:00,181.5,181.5,179.17999267578125,180.0,219900,0.0,0.0
2021-09-09 00:00:00-04:00,179.5399932861328,180.94000244140625,179.5399932861328,180.07000732421875,173300,0.0,0.0
2021-09-10 00:00:00-04:00,180.02999877929688,180.39999389648438,176.1199951171875,176.3000030517578,278200,0.0,0.0
2021-09-13 00:00:00-04:00,177.47000122070312,178.57000732421875,177.27999877929688,178.4600067138672,173700,0.0,0.0
2021-09-14 00:00:00-04:00,180.22000122070312,180.8800048828125,178.66000366210938,179.38999938964844,175800,0.0,0.0
2021-09-15 00:00:00-04:00,179.92999267578125,181.88999938964844,179.83999633789062,181.7100067138672,257900,0.0,0.0
2021-09-16 00:00:00-04:00,181.07000732421875,182.30999755859375,180.50999450683594,181.94000244140625,161600,0.0,0.0
2021-09-17 00:00:00-04:00,181.50999450683594,181.75,180.55999755859375,180.9499969482422,155100,0.0,0.0
2021-09-20 00:00:00-04:00,178.6699981689453,178.6699981689453,175.0500030517578,176.7100067138672,363500,0.0,0.0
2021-09-21 00:00:00-04:00,180.39999389648438,182.4199981689453,180.30999755859375,181.89999389648438,295400,0.0,0.0
2021-09-22 00:00:00-04:00,181.6999969482422,182.88999938964844,180.75,181.58999633789062,248400,0.0,0.0
2021-09-23 00:00:00-04:00,181.9199981689453,182.99000549316406,181.52999877929688,182.7899932861328,206200,0.0,0.0
2021-09-24 00:00:00-04:00,182.67999267578125,183.22999572753906,182.0,182.57000732421875,128700,0.0,0.0
2021-09-27 00:00:00-04:00,185.0800018310547,186.86000061035156,185.00999450683594,186.52000427246094,221600,0.0,0.0
2021-09-28 00:00:00-04:00,186.08999633789062,186.39999389648438,184.14999389648438,184.85000610351562,197600,0.0,0.0
2021-09-29 00:00:00-04:00,185.1300048828125,187.4499969482422,183.77999877929688,185.4499969482422,238600,0.0,0.0
2021-09-30 00:00:00-04:00,180.67999267578125,181.5399932861328,177.75,177.75,403400,0.0,0.0
2021-10-01 00:00:00-04:00,178.11000061035156,178.25999450683594,176.4199981689453,177.6199951171875,241800,0.0,0.0
2021-10-04 00:00:00-04:00,175.16000366210938,175.5399932861328,171.1699981689453,171.80999755859375,381700,0.0,0.0
2021-10-05 00:00:00-04:00,171.89999389648438,172.94000244140625,171.10000610351562,172.13999938964844,184900,0.0,0.0
2021-10-06 00:00:00-04:00,166.5399932861328,167.47000122070312,165.3300018310547,166.97000122070312,462600,0.0,0.0
2021-10-07 00:00:00-04:00,169.10000610351562,170.0,168.5500030517578,169.47000122070312,212800,0.0,0.0
2021-10-08 00:00:00-04:00,171.41000366210938,172.4600067138672,171.17999267578125,171.97000122070312,153400,0.0,0.0
2021-10-11 00:00:00-04:00,175.3800048828125,176.85000610351562,174.8699951171875,175.14999389648438,209100,0.0,0.0
2021-10-12 00:00:00-04:00,176.8699951171875,177.57000732421875,175.69000244140625,177.1300048828125,250700,0.0,0.0
2021-10-13 00:00:00-04:00,175.9499969482422,176.49000549316406,174.66000366210938,175.77000427246094,325600,0.0,0.0
2021-10-14 00:00:00-04:00,174.60000610351562,175.58999633789062,174.47999572753906,175.50999450683594,157800,0.0,0.0
2021-10-15 00:00:00-04:00,175.50999450683594,176.4499969482422,174.7899932861328,176.27000427246094,203800,0.0,0.0
2021-10-18 00:00:00-04:00,178.0,179.0,177.77999877929688,178.5500030517578,207300,0.0,0.0
2021-10-19 00:00:00-04:00,178.80999755859375,178.85000610351562,178.08999633789062,178.6699981689453,197800,0.0,0.0
2021-10-20 00:00:00-04:00,178.6699981689453,178.6699981689453,177.02000427246094,177.75,161000,0.0,0.0
2021-10-21 00:00:00-04:00,174.0,175.1999969482422,173.8000030517578,174.02000427246094,218700,0.0,0.0
2021-10-22 00:00:00-04:00,175.0,175.33999633789062,172.77999877929688,173.39999389648438,206700,0.0,0.0
2021-10-25 00:00:00-04:00,172.80999755859375,172.80999755859375,171.8800048828125,172.22999572753906,247100,0.0,0.0
2021-10-26 00:00:00-04:00,173.6300048828125,174.7899932861328,172.80999755859375,173.1999969482422,145400,0.0,0.0
2021-10-27 00:00:00-04:00,174.80999755859375,175.2899932861328,174.00999450683594,174.08999633789062,205500,0.0,0.0
2021-10-28 00:00:00-04:00,175.2899932861328,176.47999572753906,175.2899932861328,176.47999572753906,181400,0.0,0.0
2021-10-29 00:00:00-04:00,176.1999969482422,176.69000244140625,175.6199951171875,176.57000732421875,164800,0.0,0.0
2021-11-01 00:00:00-04:00,178.1300048828125,179.97999572753906,178.1300048828125,179.97999572753906,219100,0.0,0.0
2021-11-02 00:00:00-04:00,180.0,180.0,177.74000549316406,179.61000061035156,166500,0.0,0.0
2021-11-03 00:00:00-04:00,179.89999389648438,181.36000061035156,179.19000244140625,181.07000732421875,163000,0.0,0.0
2021-11-04 00:00:00-04:00,182.0,182.83999633789062,180.60000610351562,181.47999572753906,171300,0.0,0.0
2021-11-05 00:00:00-04:00,180.91000366210938,181.17999267578125,178.5,179.27999877929688,176500,0.0,0.0
2021-11-08 00:00:00-05:00,179.52000427246094,180.55999755859375,179.14999389648438,180.47999572753906,204300,0.0,0.0
2021-11-09 00:00:00-05:00,178.25,178.5,175.63999938964844,176.32000732421875,222500,0.0,0.0
2021-11-10 00:00:00-05:00,177.4499969482422,179.2899932861328,176.72000122070312,177.36000061035156,203000,0.0,0.0
2021-11-11 00:00:00-05:00,178.47000122070312,179.3300018310547,178.19000244140625,179.02999877929688,122500,0.0,0.0
2021-11-12 00:00:00-05:00,181.89999389648438,184.75,181.5,184.39999389648438,291100,0.0,0.0
2021-11-15 00:00:00-05:00,185.02000427246094,185.4600067138672,184.33999633789062,184.38999938964844,177100,0.0,0.0
2021-11-16 00:00:00-05:00,187.0,188.17999267578125,186.89999389648438,187.42999267578125,228700,0.0,0.0
2021-11-17 00:00:00-05:00,186.0,186.5399932861328,184.72999572753906,186.2100067138672,204200,0.0,0.0
2021-11-18 00:00:00-05:00,186.14999389648438,186.14999389648438,183.86000061035156,184.64999389648438,271700,0.0,0.0
2021-11-19 00:00:00-05:00,185.36000061035156,186.3000030517578,185.25999450683594,185.9600067138672,197400,0.0,0.0
2021-11-22 00:00:00-05:00,186.1199951171875,186.44000244140625,184.55999755859375,185.08999633789062,264200,0.0,0.0
2021-11-23 00:00:00-05:00,185.08999633789062,185.5800018310547,184.17999267578125,185.05999755859375,182700,0.0,0.0
2021-11-24 00:00:00-05:00,184.89999389648438,185.1199951171875,183.50999450683594,184.80999755859375,255500,0.0,0.0
2021-11-26 00:00:00-05:00,180.74000549316406,181.14999389648438,178.7899932861328,179.8300018310547,171400,0.0,0.0
2021-11-29 00:00:00-05:00,178.7100067138672,179.02999877929688,177.02000427246094,177.47000122070312,222000,0.0,0.0
2021-11-30 00:00:00-05:00,178.02999877929688,178.3300018310547,175.6699981689453,177.85000610351562,331300,0.0,0.0
2021-12-01 00:00:00-05:00,180.8000030517578,182.77999877929688,178.25,178.2899932861328,246700,0.0,0.0
2021-12-02 00:00:00-05:00,179.66000366210938,183.6199951171875,179.4199981689453,183.16000366210938,238100,0.0,0.0
2021-12-03 00:00:00-05:00,183.67999267578125,184.39999389648438,181.4499969482422,182.4600067138672,194000,0.0,0.0
2021-12-06 00:00:00-05:00,183.25,185.00999450683594,182.38999938964844,184.58999633789062,189600,0.0,0.0
2021-12-07 00:00:00-05:00,186.52000427246094,187.89999389648438,185.89999389648438,187.44000244140625,245100,0.0,0.0
2021-12-08 00:00:00-05:00,183.4499969482422,183.5,181.80999755859375,182.47999572753906,265500,0.0,0.0
2021-12-09 00:00:00-05:00,181.0,181.22000122070312,180.0,180.77000427246094,186600,0.0,0.0
2021-12-10 00:00:00-05:00,182.0399932861328,182.35000610351562,180.58999633789062,182.35000610351562,125500,0.0,0.0
2021-12-13 00:00:00-05:00,177.1699981689453,177.52000427246094,175.6699981689453,176.1199951171875,583700,0.0,0.0
2021-12-14 00:00:00-05:00,181.0,182.41000366210938,179.22000122070312,180.77999877929688,440500,0.0,0.0
2021-12-15 00:00:00-05:00,185.50999450683594,187.0,184.3699951171875,186.75,479100,0.0,0.0
2021-12-16 00:00:00-05:00,187.8699951171875,188.9499969482422,187.13999938964844,187.33999633789062,384300,0.0,0.0
2021-12-17 00:00:00-05:00,185.58999633789062,185.74000549316406,183.89999389648438,184.0399932861328,382600,0.0,0.0
2021-12-20 00:00:00-05:00,181.55999755859375,182.19000244140625,180.11000061035156,181.9499969482422,251500,0.0,0.0
2021-12-21 00:00:00-05:00,182.8000030517578,183.72999572753906,182.08999633789062,182.82000732421875,180100,0.0,0.0
2021-12-22 00:00:00-05:00,180.05999755859375,181.5500030517578,180.05999755859375,181.36000061035156,165900,0.0,0.0
2021-12-23 00:00:00-05:00,183.0800018310547,184.30999755859375,182.91000366210938,183.77999877929688,167800,0.0,0.0
2021-12-27 00:00:00-05:00,184.00999450683594,186.27999877929688,184.00999450683594,185.89999389648438,196900,0.0,0.0
2021-12-28 00:00:00-05:00,185.91000366210938,186.3699951171875,184.63999938964844,184.75,113600,0.0,0.0
2021-12-29 00:00:00-05:00,184.25999450683594,184.60000610351562,182.85000610351562,183.67999267578125,117800,0.0,0.0
2021-12-30 00:00:00-05:00,184.27000427246094,184.72999572753906,183.7100067138672,184.0800018310547,123200,0.0,0.0
2021-12-31 00:00:00-05:00,184.4499969482422,186.14999389648438,184.33999633789062,185.3000030517578,189900,0.0,0.0
2022-01-03 00:00:00-05:00,186.80999755859375,187.4600067138672,185.16000366210938,186.2899932861328,352900,0.0,0.0
2022-01-04 00:00:00-05:00,193.0800018310547,201.42999267578125,192.32000732421875,199.19000244140625,1057300,0.0,0.0
2022-01-05 00:00:00-05:00,199.8000030517578,201.33999633789062,196.85000610351562,196.9499969482422,555700,0.0,0.0
2022-01-06 00:00:00-05:00,200.6300048828125,200.8000030517578,196.17999267578125,199.75,422800,0.0,0.0
2022-01-07 00:00:00-05:00,200.67999267578125,201.99000549316406,198.72000122070312,200.44000244140625,371000,0.0,0.0
2022-01-10 00:00:00-05:00,200.97999572753906,201.13999938964844,197.6699981689453,200.35000610351562,380000,0.0,0.0
2022-01-11 00:00:00-05:00,201.3000030517578,201.97000122070312,199.5500030517578,201.89999389648438,255500,0.0,0.0
2022-01-12 00:00:00-05:00,205.0,207.66000366210938,204.64999389648438,206.61000061035156,511400,0.0,0.0
2022-01-13 00:00:00-05:00,211.0,213.74000549316406,210.3699951171875,211.3699951171875,547000,0.0,0.0
2022-01-14 00:00:00-05:00,210.64999389648438,211.24000549316406,209.16000366210938,210.69000244140625,267700,0.0,0.0
2022-01-18 00:00:00-05:00,209.10000610351562,209.49000549316406,207.19000244140625,207.47000122070312,379600,0.0,0.0
2022-01-19 00:00:00-05:00,206.61000061035156,206.6999969482422,202.10000610351562,202.4199981689453,562200,0.0,0.0
2022-01-20 00:00:00-05:00,203.57000732421875,204.80999755859375,201.22999572753906,201.47000122070312,283000,0.0,0.0
2022-01-21 00:00:00-05:00,199.17999267578125,200.9499969482422,198.55999755859375,199.77000427246094,363700,0.0,0.0
2022-01-24 00:00:00-05:00,195.39999389648438,197.91000366210938,192.94000244140625,197.6999969482422,546500,0.0,0.0
2022-01-25 00:00:00-05:00,195.0,198.77000427246094,192.67999267578125,197.00999450683594,433100,0.0,0.0
2022-01-26 00:00:00-05:00,198.47999572753906,198.52000427246094,192.8300018310547,194.1699981689453,537200,0.0,0.0
2022-01-27 00:00:00-05:00,192.47000122070312,193.5399932861328,189.2899932861328,189.9600067138672,336900,0.0,0.0
2022-01-28 00:00:00-05:00,192.0,193.36000061035156,188.1999969482422,193.1300048828125,274700,0.0,0.0
2022-01-31 00:00:00-05:00,196.0,198.72000122070312,194.9199981689453,198.4499969482422,418800,0.0,0.0
2022-02-01 00:00:00-05:00,195.25,196.72999572753906,194.6999969482422,196.42999267578125,333800,0.0,0.0
2022-02-02 00:00:00-05:00,198.94000244140625,199.92999267578125,197.8699951171875,199.66000366210938,243600,0.0,0.0
2022-02-03 00:00:00-05:00,199.97999572753906,201.4600067138672,199.24000549316406,199.52999877929688,299100,0.0,0.0
2022-02-04 00:00:00-05:00,198.05999755859375,198.24000549316406,194.77000427246094,196.8800048828125,267500,0.0,0.0
2022-02-07 00:00:00-05:00,198.14999389648438,198.41000366210938,196.52999877929688,197.24000549316406,178000,0.0,0.0
2022-02-08 00:00:00-05:00,200.0,200.72999572753906,198.00999450683594,200.32000732421875,288500,0.0,0.0
2022-02-09 00:00:00-05:00,202.1199951171875,203.9499969482422,200.38999938964844,201.3699951171875,342500,0.0,0.0
2022-02-10 00:00:00-05:00,195.0,197.3000030517578,194.25,194.41000366210938,420900,0.0,0.0
2022-02-11 00:00:00-05:00,194.4499969482422,196.1999969482422,191.91000366210938,192.7100067138672,230000,0.0,0.0
2022-02-14 00:00:00-05:00,190.0,190.5,187.8300018310547,188.97000122070312,259600,0.0,0.0
2022-02-15 00:00:00-05:00,189.24000549316406,190.05999755859375,188.44000244140625,189.39999389648438,227300,0.0,0.0
2022-02-16 00:00:00-05:00,190.11000061035156,190.89999389648438,189.2100067138672,190.3000030517578,207000,0.0,0.0
2022-02-17 00:00:00-05:00,188.0,188.52999877929688,186.1300048828125,186.5399932861328,192200,0.0,0.0
2022-02-18 00:00:00-05:00,188.8699951171875,189.2899932861328,187.50999450683594,188.97000122070312,183000,0.0,0.0
2022-02-22 00:00:00-05:00,187.0399932861328,187.47000122070312,184.39999389648438,185.63999938964844,202300,0.0,0.0
2022-02-23 00:00:00-05:00,187.72999572753906,188.58999633789062,183.6699981689453,183.83999633789062,242200,0.0,0.0
2022-02-24 00:00:00-05:00,177.02000427246094,182.5500030517578,176.67999267578125,182.22999572753906,363100,0.0,0.0
2022-02-25 00:00:00-05:00,183.89999389648438,185.72999572753906,183.25999450683594,185.3800048828125,228200,0.0,0.0
2022-02-28 00:00:00-05:00,184.47000122070312,184.8800048828125,181.64999389648438,182.9499969482422,322000,0.0,0.0
2022-03-01 00:00:00-05:00,183.8300018310547,185.10000610351562,180.85000610351562,181.7100067138672,305600,0.0,0.0
2022-03-02 00:00:00-05:00,177.07000732421875,179.75999450683594,177.07000732421875,179.14999389648438,342100,0.0,0.0
2022-03-03 00:00:00-05:00,178.22000122070312,178.47999572753906,174.82000732421875,176.08999633789062,289500,0.0,0.0
2022-03-04 00:00:00-05:00,170.83999633789062,171.0800018310547,169.08999633789062,170.75,335200,0.0,0.0
2022-03-07 00:00:00-05:00,163.75999450683594,164.6199951171875,160.0,160.1699981689453,569800,0.0,0.0
2022-03-08 00:00:00-05:00,159.00999450683594,159.99000549316406,155.0500030517578,156.33999633789062,739600,0.0,0.0
2022-03-09 00:00:00-05:00,164.2100067138672,165.6300048828125,162.8000030517578,164.0500030517578,438800,0.0,0.0
2022-03-10 00:00:00-05:00,165.3800048828125,165.3800048828125,162.52000427246094,164.42999267578125,392700,0.0,0.0
2022-03-11 00:00:00-05:00,160.74000549316406,161.6199951171875,158.1699981689453,158.27000427246094,355800,0.0,0.0
2022-03-14 00:00:00-04:00,162.5,163.35000610351562,160.61000061035156,161.08999633789062,389500,0.0,0.0
2022-03-15 00:00:00-04:00,165.1999969482422,166.32000732421875,164.25999450683594,165.92999267578125,388200,0.0,0.0
2022-03-16 00:00:00-04:00,169.8800048828125,171.99000549316406,168.77000427246094,171.88999938964844,384300,0.0,0.0
2022-03-17 00:00:00-04:00,170.0500030517578,172.13999938964844,168.52000427246094,171.74000549316406,300300,0.0,0.0
2022-03-18 00:00:00-04:00,170.97000122070312,171.74000549316406,169.88999938964844,171.6999969482422,179000,0.0,0.0
2022-03-21 00:00:00-04:00,171.89999389648438,172.9600067138672,171.22000122070312,171.8000030517578,233400,0.0,0.0
2022-03-22 00:00:00-04:00,171.8000030517578,173.69000244140625,171.36000061035156,172.82000732421875,229100,0.0,0.0
2022-03-23 00:00:00-04:00,176.97999572753906,178.61000061035156,175.77999877929688,175.77999877929688,419500,0.0,0.0
2022-03-24 00:00:00-04:00,180.0800018310547,180.52999877929688,178.75999450683594,180.27000427246094,299900,0.0,0.0
2022-03-25 00:00:00-04:00,179.8699951171875,180.39999389648438,177.6199951171875,178.42999267578125,231900,0.0,0.0
2022-03-28 00:00:00-04:00,178.27000427246094,179.1999969482422,177.1300048828125,177.85000610351562,240100,0.0,0.0
2022-03-29 00:00:00-04:00,183.74000549316406,186.0,183.74000549316406,184.80999755859375,393600,0.0,0.0
2022-03-30 00:00:00-04:00,182.25,182.7100067138672,180.10000610351562,180.6199951171875,179500,0.0,0.0
2022-03-31 00:00:00-04:00,181.82000732421875,182.33999633789062,180.24000549316406,180.25,230300,0.0,0.0
2022-04-01 00:00:00-04:00,180.30999755859375,180.94000244140625,178.72999572753906,180.3699951171875,148500,0.0,0.0
2022-04-04 00:00:00-04:00,181.0,183.1300048828125,180.41000366210938,182.5800018310547,261100,0.0,0.0
2022-04-05 00:00:00-04:00,181.5,181.6699981689453,177.5,177.66000366210938,242400,0.0,0.0
2022-04-06 00:00:00-04:00,176.3000030517578,177.69000244140625,175.50999450683594,176.52000427246094,227800,0.0,0.0
2022-04-07 00:00:00-04:00,174.50999450683594,175.5500030517578,172.77000427246094,174.49000549316406,257500,0.0,0.0
2022-04-08 00:00:00-04:00,170.0,172.02999877929688,169.5800018310547,170.77999877929688,366400,0.0,0.0
2022-04-11 00:00:00-04:00,169.74000549316406,171.4600067138672,168.8000030517578,169.63999938964844,313400,0.0,0.0
2022-04-12 00:00:00-04:00,166.9199981689453,168.1199951171875,165.1300048828125,165.72999572753906,452300,0.0,0.0
2022-04-13 00:00:00-04:00,166.80999755859375,168.83999633789062,166.80999755859375,168.44000244140625,264400,0.0,0.0
2022-04-14 00:00:00-04:00,169.3000030517578,170.5,167.11000061035156,167.25999450683594,196300,0.0,0.0
2022-04-18 00:00:00-04:00,169.47999572753906,170.88999938964844,169.3000030517578,170.27000427246094,281400,0.0,0.0
2022-04-19 00:00:00-04:00,170.0,171.64999389648438,169.7100067138672,171.4499969482422,195400,0.0,0.0
2022-04-20 00:00:00-04:00,175.69000244140625,176.8800048828125,174.97000122070312,175.4499969482422,253600,0.0,0.0
2022-04-21 00:00:00-04:00,177.08999633789062,177.42999267578125,173.52000427246094,173.6699981689453,189500,0.0,0.0
2022-04-22 00:00:00-04:00,172.47000122070312,172.5800018310547,169.35000610351562,169.52999877929688,185600,0.0,0.0
2022-04-25 00:00:00-04:00,169.97999572753906,172.25,169.47999572753906,172.16000366210938,185800,0.0,0.0
2022-04-26 00:00:00-04:00,169.55999755859375,170.6300048828125,166.82000732421875,166.82000732421875,293200,0.0,0.0
2022-04-27 00:00:00-04:00,167.5,169.89999389648438,167.5,168.0399932861328,204300,0.0,0.0
2022-04-28 00:00:00-04:00,170.64999389648438,173.82000732421875,169.17999267578125,172.97000122070312,298200,0.0,0.0
2022-04-29 00:00:00-04:00,172.88999938964844,174.72000122070312,170.77000427246094,171.0,139200,0.0,0.0
2022-05-02 00:00:00-04:00,170.3699951171875,171.0,168.33999633789062,170.69000244140625,178500,0.0,0.0
2022-05-03 00:00:00-04:00,170.6999969482422,172.74000549316406,170.6999969482422,172.05999755859375,163600,0.0,0.0
2022-05-04 00:00:00-04:00,172.02000427246094,175.13999938964844,170.6999969482422,174.85000610351562,204700,0.0,0.0
2022-05-05 00:00:00-04:00,173.47999572753906,173.8300018310547,168.89999389648438,169.92999267578125,331700,0.0,0.0
2022-05-06 00:00:00-04:00,173.0800018310547,174.30999755859375,171.4600067138672,173.3000030517578,293400,0.0,0.0
2022-05-09 00:00:00-04:00,170.49000549316406,171.39999389648438,168.25,168.47000122070312,366300,0.0,0.0
2022-05-10 00:00:00-04:00,168.85000610351562,169.6999969482422,165.2100067138672,166.4499969482422,317400,0.0,0.0
2022-05-11 00:00:00-04:00,161.4499969482422,162.27000427246094,157.0500030517578,157.05999755859375,464200,0.0,0.0
2022-05-12 00:00:00-04:00,157.1999969482422,159.6999969482422,156.9600067138672,158.5399932861328,517100,0.0,0.0
2022-05-13 00:00:00-04:00,159.9499969482422,162.1300048828125,159.6300048828125,161.3300018310547,246200,0.0,0.0
2022-05-16 00:00:00-04:00,159.42999267578125,160.02000427246094,157.9499969482422,159.2100067138672,201500,0.0,0.0
2022-05-17 00:00:00-04:00,159.1300048828125,160.22000122070312,158.9199981689453,159.97999572753906,273500,0.0,0.0
2022-05-18 00:00:00-04:00,158.44000244140625,158.75999450683594,155.27000427246094,155.47999572753906,341900,0.0,0.0
2022-05-19 00:00:00-04:00,155.25999450683594,157.1199951171875,155.25,155.88999938964844,492700,0.0,0.0
2022-05-20 00:00:00-04:00,159.19000244140625,160.02999877929688,156.17999267578125,158.66000366210938,422600,0.0,0.0
2022-05-23 00:00:00-04:00,160.57000732421875,162.27000427246094,160.27999877929688,161.35000610351562,250000,0.0,0.0
2022-05-24 00:00:00-04:00,160.44000244140625,161.1300048828125,159.67999267578125,160.60000610351562,221600,0.0,0.0
2022-05-25 00:00:00-04:00,159.64999389648438,161.8800048828125,159.64999389648438,161.02999877929688,256000,0.0,0.0
2022-05-26 00:00:00-04:00,164.0,166.10000610351562,163.6999969482422,165.52999877929688,233300,0.0,0.0
2022-05-27 00:00:00-04:00,165.4199981689453,166.8699951171875,165.24000549316406,166.8300018310547,229400,0.0,0.0
2022-05-31 00:00:00-04:00,167.2100067138672,167.2100067138672,165.5,166.3699951171875,253400,0.0,0.0
2022-06-01 00:00:00-04:00,169.6699981689453,169.8699951171875,167.47000122070312,168.6999969482422,194100,0.0,0.0
2022-06-02 00:00:00-04:00,169.16000366210938,170.3699951171875,168.1699981689453,170.24000549316406,148300,0.0,0.0
2022-06-03 00:00:00-04:00,166.1199951171875,166.1199951171875,164.11000061035156,164.80999755859375,261800,0.0,0.0
2022-06-06 00:00:00-04:00,167.27999877929688,167.41000366210938,165.32000732421875,165.5800018310547,157600,0.0,0.0
2022-06-07 00:00:00-04:00,164.80999755859375,166.4199981689453,164.67999267578125,166.25,192000,0.0,0.0
2022-06-08 00:00:00-04:00,166.4499969482422,166.67999267578125,164.99000549316406,165.35000610351562,179600,0.0,0.0
2022-06-09 00:00:00-04:00,166.02999877929688,166.99000549316406,164.50999450683594,164.50999450683594,126900,0.0,0.0
2022-06-10 00:00:00-04:00,162.5,162.9600067138672,161.2899932861328,161.3000030517578,241400,0.0,0.0
2022-06-13 00:00:00-04:00,157.60000610351562,157.74000549316406,155.13999938964844,155.5,339400,0.0,0.0
2022-06-14 00:00:00-04:00,155.5,156.17999267578125,154.1300048828125,155.16000366210938,265900,0.0,0.0
2022-06-15 00:00:00-04:00,155.08999633789062,157.42999267578125,154.30999755859375,156.75,211000,0.0,0.0
2022-06-16 00:00:00-04:00,156.44000244140625,156.6999969482422,153.52000427246094,154.4600067138672,461500,0.0,0.0
2022-06-17 00:00:00-04:00,154.14999389648438,154.44000244140625,152.38999938964844,153.9499969482422,397900,0.0,0.0
2022-06-21 00:00:00-04:00,157.32000732421875,159.6300048828125,157.32000732421875,159.08999633789062,319700,0.0,0.0
2022-06-22 00:00:00-04:00,156.92999267578125,160.0,156.92999267578125,159.13999938964844,166700,0.0,0.0
2022-06-23 00:00:00-04:00,157.85000610351562,158.61000061035156,156.27999877929688,157.52000427246094,176300,0.0,0.0
2022-06-24 00:00:00-04:00,157.8800048828125,159.0800018310547,157.3000030517578,159.0800018310547,178800,0.0,0.0
2022-06-27 00:00:00-04:00,157.69000244140625,157.94000244140625,156.35000610351562,156.52999877929688,208000,0.0,0.0
2022-06-28 00:00:00-04:00,159.25999450683594,160.82000732421875,157.02000427246094,157.11000061035156,225700,0.0,0.0
2022-06-29 00:00:00-04:00,156.39999389648438,156.42999267578125,155.22000122070312,155.6699981689453,108300,0.0,0.0
2022-06-30 00:00:00-04:00,153.66000366210938,154.6300048828125,152.39999389648438,154.1699981689453,147300,0.0,0.0
2022-07-01 00:00:00-04:00,152.88999938964844,155.58999633789062,152.82000732421875,155.47000122070312,178300,0.0,0.0
2022-07-05 00:00:00-04:00,153.14999389648438,154.7100067138672,152.60000610351562,154.6699981689453,208500,0.0,0.0
2022-07-06 00:00:00-04:00,153.61000061035156,153.61000061035156,152.13999938964844,152.8300018310547,223500,0.0,0.0
2022-07-07 00:00:00-04:00,155.11000061035156,157.1699981689453,155.02000427246094,157.14999389648438,241700,0.0,0.0
2022-07-08 00:00:00-04:00,156.4199981689453,157.3300018310547,156.1999969482422,156.75999450683594,159100,0.0,0.0
2022-07-11 00:00:00-04:00,156.60000610351562,156.6199951171875,155.02999877929688,155.1699981689453,159700,0.0,0.0
2022-07-12 00:00:00-04:00,154.66000366210938,156.4499969482422,154.52999877929688,155.42999267578125,179400,0.0,0.0
2022-07-13 00:00:00-04:00,154.0500030517578,155.97000122070312,153.91000366210938,155.44000244140625,120400,0.0,0.0
2022-07-14 00:00:00-04:00,154.4199981689453,154.4199981689453,152.17999267578125,153.13999938964844,248600,0.0,0.0
2022-07-15 00:00:00-04:00,155.69000244140625,156.85000610351562,154.92999267578125,156.6999969482422,204300,0.0,0.0
2022-07-18 00:00:00-04:00,157.0,158.1300048828125,156.3800048828125,156.75,228000,0.0,0.0
2022-07-19 00:00:00-04:00,159.1699981689453,160.5399932861328,158.75,160.4199981689453,321300,0.0,0.0
2022-07-20 00:00:00-04:00,159.60000610351562,159.67999267578125,157.39999389648438,157.89999389648438,255100,0.0,0.0
2022-07-21 00:00:00-04:00,158.52999877929688,159.4199981689453,158.08999633789062,159.17999267578125,199200,0.0,0.0
2022-07-22 00:00:00-04:00,160.58999633789062,161.1699981689453,159.72000122070312,160.3000030517578,133400,0.0,0.0
2022-07-25 00:00:00-04:00,160.0500030517578,160.0500030517578,158.8800048828125,159.4199981689453,111700,0.0,0.0
2022-07-26 00:00:00-04:00,158.80999755859375,159.07000732421875,157.92999267578125,158.05999755859375,154500,0.0,0.0
2022-07-27 00:00:00-04:00,158.92999267578125,160.39999389648438,158.0,160.0500030517578,129300,0.0,0.0
2022-07-28 00:00:00-04:00,158.6999969482422,159.8000030517578,157.6999969482422,159.50999450683594,176700,0.0,0.0
2022-07-29 00:00:00-04:00,159.9499969482422,162.77999877929688,159.33999633789062,162.58999633789062,293700,0.0,0.0
2022-08-01 00:00:00-04:00,165.5800018310547,167.0399932861328,165.5800018310547,166.77000427246094,248600,0.0,0.0
2022-08-02 00:00:00-04:00,164.3000030517578,165.1999969482422,163.52000427246094,163.66000366210938,215900,0.0,0.0
2022-08-03 00:00:00-04:00,162.83999633789062,163.8800048828125,161.25,163.1300048828125,190900,0.0,0.0
2022-08-04 00:00:00-04:00,157.25,158.19000244140625,156.6300048828125,156.66000366210938,398500,0.0,0.0
2022-08-05 00:00:00-04:00,157.61000061035156,158.02000427246094,156.25,157.30999755859375,233100,0.0,0.0
2022-08-08 00:00:00-04:00,157.0,157.2899932861328,156.0399932861328,156.1999969482422,259900,0.0,0.0
2022-08-09 00:00:00-04:00,155.0,156.0,152.4600067138672,152.94000244140625,289200,0.0,0.0
2022-08-10 00:00:00-04:00,156.0,158.35000610351562,155.1699981689453,157.88999938964844,243100,0.0,0.0
2022-08-11 00:00:00-04:00,158.8800048828125,159.72999572753906,158.27999877929688,158.60000610351562,124600,0.0,0.0
2022-08-12 00:00:00-04:00,160.0500030517578,161.61000061035156,159.24000549316406,161.30999755859375,203700,0.0,0.0
2022-08-15 00:00:00-04:00,160.89999389648438,160.89999389648438,159.4199981689453,160.4600067138672,142200,0.0,0.0
2022-08-16 00:00:00-04:00,159.3000030517578,159.92999267578125,158.5800018310547,159.4199981689453,191500,0.0,0.0
2022-08-17 00:00:00-04:00,160.0800018310547,161.67999267578125,159.80999755859375,160.77000427246094,148100,0.0,0.0
2022-08-18 00:00:00-04:00,159.47999572753906,159.77000427246094,158.77999877929688,159.1300048828125,163400,0.0,0.0
2022-08-19 00:00:00-04:00,157.6699981689453,157.97000122070312,156.1199951171875,156.4600067138672,184200,0.0,0.0
2022-08-22 00:00:00-04:00,155.60000610351562,155.9499969482422,153.9499969482422,154.32000732421875,206000,0.0,0.0
2022-08-23 00:00:00-04:00,153.74000549316406,155.27999877929688,153.47999572753906,153.47999572753906,185600,0.0,0.0
2022-08-24 00:00:00-04:00,153.39999389648438,155.14999389648438,153.2100067138672,154.5,220600,0.0,0.0
2022-08-25 00:00:00-04:00,155.0,156.0,154.52999877929688,156.0,112900,0.0,0.0
2022-08-26 00:00:00-04:00,155.14999389648438,155.5,151.72999572753906,151.77000427246094,207300,0.0,0.0
2022-08-29 00:00:00-04:00,151.22000122070312,152.47999572753906,151.1999969482422,151.77000427246094,173800,0.0,0.0
2022-08-30 00:00:00-04:00,152.64999389648438,152.77000427246094,149.5500030517578,150.1699981689453,290800,0.0,0.0
2022-08-31 00:00:00-04:00,150.5500030517578,151.0399932861328,149.32000732421875,149.3699951171875,293400,0.0,0.0
2022-09-01 00:00:00-04:00,147.61000061035156,147.8699951171875,145.61000061035156,146.8000030517578,268600,0.0,0.0
2022-09-02 00:00:00-04:00,147.5500030517578,147.8699951171875,145.0800018310547,145.55999755859375,189700,0.0,0.0
2022-09-06 00:00:00-04:00,145.0,145.3300018310547,143.27999877929688,143.94000244140625,232300,0.0,0.0
2022-09-07 00:00:00-04:00,141.99000549316406,143.50999450683594,140.9600067138672,143.33999633789062,311200,0.0,0.0
2022-09-08 00:00:00-04:00,142.61000061035156,144.25999450683594,142.47000122070312,144.1300048828125,264500,0.0,0.0
2022-09-09 00:00:00-04:00,146.02999877929688,146.02999877929688,145.1999969482422,145.58999633789062,159300,0.0,0.0
2022-09-12 00:00:00-04:00,144.66000366210938,145.88999938964844,144.66000366210938,145.0399932861328,228600,0.0,0.0
2022-09-13 00:00:00-04:00,142.49000549316406,142.9499969482422,140.1999969482422,140.22999572753906,265700,0.0,0.0
2022-09-14 00:00:00-04:00,141.5399932861328,142.7100067138672,140.82000732421875,141.47000122070312,199500,0.0,0.0
2022-09-15 00:00:00-04:00,141.16000366210938,142.36000061035156,140.24000549316406,140.4499969482422,239900,0.0,0.0
2022-09-16 00:00:00-04:00,140.32000732421875,141.25999450683594,140.19000244140625,140.74000549316406,212500,0.0,0.0
2022-09-19 00:00:00-04:00,140.1199951171875,141.67999267578125,140.0,141.4499969482422,238500,0.0,0.0
2022-09-20 00:00:00-04:00,141.60000610351562,142.14999389648438,140.1999969482422,140.72999572753906,276900,0.0,0.0
2022-09-21 00:00:00-04:00,139.5,140.0,137.57000732421875,137.5800018310547,238100,0.0,0.0
2022-09-22 00:00:00-04:00,140.72000122070312,141.5,138.1199951171875,139.0500030517578,388300,0.0,0.0
2022-09-23 00:00:00-04:00,137.60000610351562,137.61000061035156,135.83999633789062,137.27999877929688,475700,0.0,0.0
2022-09-26 00:00:00-04:00,136.1300048828125,137.41000366210938,135.10000610351562,135.6199951171875,265800,0.0,0.0
2022-09-27 00:00:00-04:00,136.88999938964844,137.22999572753906,134.83999633789062,135.74000549316406,303400,0.0,0.0
2022-09-28 00:00:00-04:00,134.75999450683594,137.44000244140625,134.35000610351562,136.88999938964844,213000,0.0,0.0
2022-09-29 00:00:00-04:00,135.11000061035156,135.14999389648438,132.5399932861328,133.75999450683594,421100,0.0,0.0
2022-09-30 00:00:00-04:00,134.2100067138672,134.42999267578125,130.07000732421875,130.2899932861328,424900,0.0,0.0
2022-10-03 00:00:00-04:00,134.14999389648438,136.1999969482422,133.8000030517578,135.58999633789062,368800,0.0,0.0
2022-10-04 00:00:00-04:00,138.35000610351562,140.17999267578125,138.27000427246094,139.85000610351562,325400,0.0,0.0
2022-10-05 00:00:00-04:00,137.5399932861328,138.52000427246094,136.3699951171875,138.08999633789062,193100,0.0,0.0
2022-10-06 00:00:00-04:00,136.35000610351562,137.1199951171875,136.00999450683594,136.1699981689453,246200,0.0,0.0
2022-10-07 00:00:00-04:00,136.3300018310547,136.83999633789062,135.2100067138672,135.85000610351562,292300,0.0,0.0
2022-10-10 00:00:00-04:00,135.75999450683594,135.75999450683594,134.25999450683594,134.86000061035156,294200,0.0,0.0
2022-10-11 00:00:00-04:00,134.1199951171875,136.85000610351562,134.1199951171875,135.05999755859375,282400,0.0,0.0
2022-10-12 00:00:00-04:00,135.5500030517578,136.30999755859375,135.0,135.0,214900,0.0,0.0
2022-10-13 00:00:00-04:00,133.27000427246094,136.8000030517578,132.5,136.3800048828125,294000,0.0,0.0
2022-10-14 00:00:00-04:00,136.39999389648438,136.39999389648438,134.0399932861328,134.11000061035156,303500,0.0,0.0
2022-10-17 00:00:00-04:00,135.85000610351562,136.8000030517578,135.85000610351562,136.16000366210938,206500,0.0,0.0
2022-10-18 00:00:00-04:00,135.25999450683594,135.30999755859375,133.22000122070312,134.25999450683594,350600,0.0,0.0
2022-10-19 00:00:00-04:00,133.5800018310547,133.88999938964844,132.08999633789062,132.97000122070312,176100,0.0,0.0
2022-10-20 00:00:00-04:00,133.63999938964844,134.8000030517578,132.8000030517578,133.24000549316406,172000,0.0,0.0
2022-10-21 00:00:00-04:00,131.69000244140625,133.9199981689453,131.33999633789062,133.75999450683594,313600,0.0,0.0
2022-10-24 00:00:00-04:00,133.6300048828125,135.10000610351562,133.13999938964844,134.74000549316406,188300,0.0,0.0
2022-10-25 00:00:00-04:00,135.8800048828125,137.91000366210938,135.77999877929688,137.07000732421875,193100,0.0,0.0
2022-10-26 00:00:00-04:00,136.88999938964844,138.88999938964844,136.8300018310547,137.92999267578125,185600,0.0,0.0
2022-10-27 00:00:00-04:00,137.0500030517578,137.75,136.38999938964844,136.47000122070312,194400,0.0,0.0
2022-10-28 00:00:00-04:00,137.67999267578125,139.7899932861328,137.5500030517578,139.52000427246094,207800,0.0,0.0
2022-10-31 00:00:00-04:00,138.5800018310547,139.32000732421875,137.57000732421875,138.80999755859375,216800,0.0,0.0
2022-11-01 00:00:00-04:00,138.0,138.0,134.47000122070312,135.16000366210938,251000,0.0,0.0
2022-11-02 00:00:00-04:00,136.64999389648438,138.1999969482422,135.25,135.38999938964844,215900,0.0,0.0
2022-11-03 00:00:00-04:00,135.19000244140625,136.27999877929688,134.22999572753906,135.25,212200,0.0,0.0
2022-11-04 00:00:00-04:00,136.0,137.67999267578125,135.60000610351562,137.35000610351562,210000,0.0,0.0
2022-11-07 00:00:00-05:00,136.8300018310547,137.52999877929688,135.89999389648438,137.25999450683594,216500,0.0,0.0
2022-11-08 00:00:00-05:00,137.36000061035156,138.64999389648438,136.64999389648438,137.5,183800,0.0,0.0
2022-11-09 00:00:00-05:00,136.0,136.10000610351562,134.10000610351562,134.52999877929688,194900,0.0,0.0
2022-11-10 00:00:00-05:00,137.58999633789062,140.57000732421875,137.55999755859375,140.52000427246094,211300,0.0,0.0
2022-11-11 00:00:00-05:00,142.1699981689453,143.4600067138672,141.50999450683594,143.25999450683594,144300,0.0,0.0
2022-11-14 00:00:00-05:00,142.27999877929688,143.39999389648438,141.69000244140625,142.1199951171875,191500,0.0,0.0
2022-11-15 00:00:00-05:00,144.67999267578125,144.97000122070312,142.92999267578125,143.75,183400,0.0,0.0
2022-11-16 00:00:00-05:00,143.14999389648438,143.24000549316406,141.82000732421875,142.1199951171875,122200,0.0,0.0
2022-11-17 00:00:00-05:00,141.2100067138672,142.9600067138672,141.10000610351562,142.92999267578125,129800,0.0,0.0
2022-11-18 00:00:00-05:00,143.0800018310547,143.50999450683594,142.6300048828125,143.19000244140625,130300,0.0,0.0
2022-11-21 00:00:00-05:00,142.77999877929688,142.92999267578125,141.9499969482422,142.16000366210938,161000,0.0,0.0
2022-11-22 00:00:00-05:00,144.6300048828125,145.5,144.3000030517578,145.3300018310547,179900,0.0,0.0
2022-11-23 00:00:00-05:00,146.05999755859375,146.7100067138672,145.25,146.7100067138672,198900,0.0,0.0
2022-11-25 00:00:00-05:00,147.0,148.64999389648438,146.94000244140625,148.27000427246094,95600,0.0,0.0
2022-11-28 00:00:00-05:00,146.83999633789062,147.6999969482422,146.32000732421875,146.50999450683594,140700,0.0,0.0
2022-11-29 00:00:00-05:00,145.25999450683594,146.17999267578125,144.8699951171875,145.39999389648438,170200,0.0,0.0
2022-11-30 00:00:00-05:00,145.44000244140625,147.8699951171875,144.85000610351562,147.69000244140625,171400,0.0,0.0
2022-12-01 00:00:00-05:00,147.22000122070312,148.24000549316406,146.5800018310547,147.66000366210938,199500,0.0,0.0
2022-12-02 00:00:00-05:00,145.55999755859375,146.61000061035156,144.99000549316406,146.52999877929688,164900,0.0,0.0
2022-12-05 00:00:00-05:00,144.75999450683594,144.8000030517578,142.64999389648438,143.19000244140625,223400,0.0,0.0
2022-12-06 00:00:00-05:00,142.8800048828125,142.8800048828125,140.1999969482422,141.08999633789062,242600,0.0,0.0
2022-12-07 00:00:00-05:00,141.75,143.02999877929688,141.35000610351562,141.86000061035156,208200,0.0,0.0
2022-12-08 00:00:00-05:00,142.0,142.3800048828125,141.6199951171875,142.27999877929688,141000,0.0,0.0
2022-12-09 00:00:00-05:00,142.49000549316406,144.2100067138672,142.49000549316406,143.33999633789062,127900,0.0,0.0
2022-12-12 00:00:00-05:00,143.6199951171875,144.2100067138672,142.75,144.1199951171875,130800,0.0,0.0
2022-12-13 00:00:00-05:00,146.83999633789062,147.33999633789062,144.3300018310547,144.5,167100,0.0,0.0
2022-12-14 00:00:00-05:00,146.00999450683594,146.3699951171875,143.8000030517578,144.64999389648438,170400,0.0,0.0
2022-12-15 00:00:00-05:00,143.22000122070312,143.82000732421875,141.05999755859375,141.66000366210938,151300,0.0,0.0
2022-12-16 00:00:00-05:00,140.27999877929688,141.50999450683594,140.0399932861328,140.42999267578125,170200,0.0,0.0
2022-12-19 00:00:00-05:00,140.0,140.8000030517578,138.86000061035156,139.61000061035156,191500,0.0,0.0
2022-12-20 00:00:00-05:00,138.88999938964844,140.24000549316406,138.77000427246094,138.8300018310547,178300,0.0,0.0
2022-12-21 00:00:00-05:00,137.11000061035156,137.80999755859375,136.69000244140625,137.4600067138672,238600,0.0,0.0
2022-12-22 00:00:00-05:00,138.27999877929688,138.42999267578125,135.8800048828125,137.0,211600,0.0,0.0
2022-12-23 00:00:00-05:00,137.0399932861328,137.75999450683594,136.19000244140625,137.13999938964844,149400,0.0,0.0
2022-12-27 00:00:00-05:00,136.1199951171875,136.97000122070312,135.83999633789062,136.16000366210938,137600,0.0,0.0
2022-12-28 00:00:00-05:00,136.0,136.77000427246094,133.89999389648438,134.1300048828125,236900,0.0,0.0
2022-12-29 00:00:00-05:00,135.94000244140625,137.49000549316406,135.91000366210938,137.41000366210938,249400,0.0,0.0
2022-12-30 00:00:00-05:00,136.8800048828125,137.39999389648438,136.0,136.5800018310547,168700,0.0,0.0
2023-01-03 00:00:00-05:00,137.9600067138672,138.47000122070312,137.02000427246094,138.27999877929688,309800,0.0,0.0
2023-01-04 00:00:00-05:00,138.2100067138672,138.39999389648438,136.64999389648438,137.19000244140625,467100,0.0,0.0
2023-01-05 00:00:00-05:00,135.72000122070312,136.24000549316406,134.6699981689453,135.52000427246094,178400,0.0,0.0
2023-01-06 00:00:00-05:00,136.13999938964844,139.5399932861328,135.91000366210938,138.97000122070312,164900,0.0,0.0
2023-01-09 00:00:00-05:00,139.30999755859375,141.66000366210938,139.24000549316406,139.94000244140625,229900,0.0,0.0
2023-01-10 00:00:00-05:00,139.0,139.35000610351562,138.1699981689453,139.13999938964844,231100,0.0,0.0
2023-01-11 00:00:00-05:00,139.6699981689453,139.6699981689453,138.6300048828125,138.85000610351562,251000,0.0,0.0
2023-01-12 00:00:00-05:00,142.25999450683594,142.74000549316406,140.7100067138672,142.36000061035156,242800,0.0,0.0
2023-01-13 00:00:00-05:00,140.4199981689453,140.97999572753906,139.52000427246094,140.3000030517578,291500,0.0,0.0
2023-01-17 00:00:00-05:00,144.64999389648438,145.72000122070312,144.27000427246094,144.77000427246094,383700,0.0,0.0
2023-01-18 00:00:00-05:00,148.0,148.10000610351562,145.07000732421875,145.50999450683594,305300,0.0,0.0
2023-01-19 00:00:00-05:00,144.8800048828125,145.10000610351562,143.6199951171875,144.17999267578125,244900,0.0,0.0
2023-01-20 00:00:00-05:00,144.9199981689453,146.32000732421875,144.5,146.11000061035156,269500,0.0,0.0
2023-01-23 00:00:00-05:00,145.77000427246094,146.58999633789062,145.1199951171875,146.02999877929688,231300,0.0,0.0
2023-01-24 00:00:00-05:00,150.39999389648438,150.39999389648438,145.0,146.00999450683594,143600,0.0,0.0
2023-01-25 00:00:00-05:00,145.97999572753906,146.47000122070312,145.2100067138672,146.14999389648438,245000,0.0,0.0
2023-01-26 00:00:00-05:00,145.52000427246094,146.19000244140625,144.41000366210938,145.47000122070312,137100,0.0,0.0
2023-01-27 00:00:00-05:00,146.0,147.72999572753906,145.74000549316406,147.16000366210938,171800,0.0,0.0
2023-01-30 00:00:00-05:00,146.0,146.2899932861328,145.08999633789062,145.17999267578125,182400,0.0,0.0
2023-01-31 00:00:00-05:00,146.3000030517578,147.11000061035156,145.8800048828125,147.11000061035156,145700,0.0,0.0
2023-02-01 00:00:00-05:00,146.5800018310547,149.00999450683594,146.5800018310547,148.5800018310547,213100,0.0,0.0
2023-02-02 00:00:00-05:00,147.0,147.36000061035156,144.61000061035156,146.6199951171875,299400,0.0,0.0
2023-02-03 00:00:00-05:00,145.6199951171875,146.41000366210938,144.4499969482422,144.7100067138672,248100,0.0,0.0
2023-02-06 00:00:00-05:00,144.0,144.39999389648438,142.97000122070312,143.7899932861328,172100,0.0,0.0
2023-02-07 00:00:00-05:00,143.52000427246094,144.97000122070312,143.05999755859375,144.63999938964844,166900,0.0,0.0
2023-02-08 00:00:00-05:00,144.0,144.63999938964844,143.30999755859375,143.8300018310547,192400,0.0,0.0
2023-02-09 00:00:00-05:00,146.36000061035156,147.49000549316406,144.69000244140625,144.8300018310547,334000,0.0,0.0
2023-02-10 00:00:00-05:00,143.6699981689453,143.97999572753906,142.50999450683594,143.4199981689453,230100,0.0,0.0
2023-02-13 00:00:00-05:00,142.9499969482422,143.91000366210938,142.55999755859375,143.86000061035156,197500,0.0,0.0
2023-02-14 00:00:00-05:00,142.8000030517578,143.1199951171875,141.5500030517578,142.64999389648438,230400,0.0,0.0
2023-02-15 00:00:00-05:00,140.41000366210938,140.97999572753906,140.05999755859375,140.97000122070312,387800,0.0,0.0
2023-02-16 00:00:00-05:00,141.39999389648438,143.66000366210938,141.32000732421875,142.6999969482422,303200,0.0,0.0
2023-02-17 00:00:00-05:00,142.0800018310547,143.0500030517578,141.82000732421875,142.85000610351562,145800,0.0,0.0
2023-02-21 00:00:00-05:00,140.16000366210938,140.5800018310547,138.72999572753906,139.17999267578125,324000,0.0,0.0
2023-02-22 00:00:00-05:00,138.6999969482422,139.27999877929688,138.2899932861328,138.64999389648438,178200,0.0,0.0
2023-02-23 00:00:00-05:00,139.02999877929688,139.49000549316406,138.14999389648438,138.9499969482422,198100,0.0,0.0
2023-02-24 00:00:00-05:00,137.1999969482422,137.1999969482422,135.47999572753906,136.0500030517578,218700,0.0,0.0
2023-02-27 00:00:00-05:00,137.0,137.13999938964844,135.9600067138672,136.25,192100,0.0,0.0
2023-02-28 00:00:00-05:00,136.11000061035156,136.58999633789062,135.8800048828125,135.9199981689453,212200,0.0,0.0
2023-03-01 00:00:00-05:00,136.66000366210938,137.49000549316406,136.5,136.52999877929688,190900,0.0,0.0
2023-03-02 00:00:00-05:00,136.1199951171875,137.33999633789062,136.0800018310547,137.27000427246094,145100,0.0,0.0
2023-03-03 00:00:00-05:00,138.57000732421875,139.9199981689453,138.39999389648438,139.8300018310547,244700,0.0,0.0
2023-03-06 00:00:00-05:00,140.11000061035156,140.63999938964844,139.9600067138672,140.1300048828125,175500,0.0,0.0
2023-03-07 00:00:00-05:00,141.27999877929688,141.38999938964844,138.75,139.0800018310547,152600,0.0,0.0
2023-03-08 00:00:00-05:00,139.49000549316406,139.85000610351562,138.97999572753906,139.7100067138672,138800,0.0,0.0
2023-03-09 00:00:00-05:00,140.17999267578125,140.67999267578125,138.25999450683594,138.52000427246094,166000,0.0,0.0
2023-03-10 00:00:00-05:00,139.1999969482422,139.33999633789062,137.4499969482422,137.97000122070312,343600,0.0,0.0
2023-03-13 00:00:00-04:00,136.41000366210938,137.75999450683594,136.3300018310547,137.1199951171875,247400,0.0,0.0
2023-03-14 00:00:00-04:00,136.41000366210938,136.75999450683594,135.55999755859375,136.6699981689453,221600,0.0,0.0
2023-03-15 00:00:00-04:00,135.0,135.0,132.35000610351562,133.5800018310547,287800,0.0,0.0
2023-03-16 00:00:00-04:00,134.02999877929688,136.02999877929688,133.77000427246094,135.89999389648438,190000,0.0,0.0
2023-03-17 00:00:00-04:00,135.55999755859375,135.55999755859375,133.27000427246094,133.47999572753906,192500,0.0,0.0
2023-03-20 00:00:00-04:00,133.64999389648438,135.80999755859375,133.5500030517578,135.1300048828125,277100,0.0,0.0
2023-03-21 00:00:00-04:00,135.1999969482422,136.1699981689453,135.0,135.77999877929688,224500,0.0,0.0
2023-03-22 00:00:00-04:00,136.07000732421875,137.75999450683594,135.49000549316406,135.57000732421875,301600,0.0,0.0
2023-03-23 00:00:00-04:00,136.6199951171875,137.10000610351562,135.17999267578125,135.8699951171875,129600,0.0,0.0
2023-03-24 00:00:00-04:00,136.00999450683594,136.66000366210938,135.1999969482422,136.64999389648438,155900,0.0,0.0
2023-03-27 00:00:00-04:00,136.69000244140625,137.30999755859375,136.42999267578125,136.9600067138672,137300,0.0,0.0
2023-03-28 00:00:00-04:00,137.41000366210938,138.5,137.11000061035156,137.92999267578125,210700,0.0,0.0
2023-03-29 00:00:00-04:00,139.60000610351562,140.5399932861328,139.30999755859375,139.6699981689453,214300,0.0,0.0
2023-03-30 00:00:00-04:00,140.0,140.36000061035156,139.2899932861328,139.6199951171875,193500,0.0,0.0
2023-03-31 00:00:00-04:00,140.99000549316406,141.75999450683594,140.89999389648438,141.69000244140625,235000,0.0,0.0
2023-04-03 00:00:00-04:00,142.0,142.6300048828125,141.63999938964844,142.33999633789062,232900,0.0,0.0
2023-04-04 00:00:00-04:00,143.0399932861328,143.0500030517578,141.6699981689453,142.13999938964844,349200,0.0,0.0
2023-04-05 00:00:00-04:00,140.5500030517578,141.19000244140625,140.1699981689453,140.4199981689453,220500,0.0,0.0
2023-04-06 00:00:00-04:00,139.19000244140625,139.3699951171875,138.2100067138672,138.8699951171875,224000,0.0,0.0
2023-04-10 00:00:00-04:00,138.52999877929688,138.64999389648438,136.88999938964844,138.00999450683594,347600,0.0,0.0
2023-04-11 00:00:00-04:00,137.5399932861328,138.0399932861328,137.22999572753906,137.58999633789062,275900,0.0,0.0
2023-04-12 00:00:00-04:00,137.57000732421875,137.8000030517578,136.30999755859375,136.44000244140625,283200,0.0,0.0
2023-04-13 00:00:00-04:00,137.0500030517578,137.49000549316406,136.3000030517578,137.22999572753906,281600,0.0,0.0
2023-04-14 00:00:00-04:00,136.47999572753906,137.1199951171875,135.6199951171875,135.9600067138672,279100,0.0,0.0
2023-04-17 00:00:00-04:00,136.7100067138672,137.7899932861328,136.66000366210938,137.75,322200,0.0,0.0
2023-04-18 00:00:00-04:00,137.08999633789062,137.33999633789062,136.55999755859375,137.0399932861328,199200,0.0,0.0
2023-04-19 00:00:00-04:00,135.89999389648438,135.89999389648438,134.7899932861328,135.25999450683594,209500,0.0,0.0
2023-04-20 00:00:00-04:00,134.0,134.41000366210938,133.02000427246094,133.8000030517578,513200,0.0,0.0
2023-04-21 00:00:00-04:00,134.4199981689453,134.7899932861328,133.38999938964844,134.6699981689453,165800,0.0,0.0
2023-04-24 00:00:00-04:00,134.0500030517578,134.97000122070312,133.88999938964844,134.83999633789062,222300,0.0,0.0
2023-04-25 00:00:00-04:00,134.75,134.94000244140625,133.4600067138672,133.50999450683594,257100,0.0,0.0
2023-04-26 00:00:00-04:00,134.49000549316406,134.99000549316406,133.8800048828125,134.02000427246094,324000,0.0,0.0
2023-04-27 00:00:00-04:00,135.75999450683594,137.83999633789062,135.75999450683594,137.52000427246094,323600,0.0,0.0
2023-04-28 00:00:00-04:00,136.6199951171875,137.33999633789062,136.2899932861328,137.3300018310547,300000,0.0,0.0
2023-05-01 00:00:00-04:00,137.3300018310547,137.58999633789062,136.5500030517578,136.69000244140625,147400,0.0,0.0
2023-05-02 00:00:00-04:00,135.3000030517578,135.4199981689453,134.25,135.16000366210938,221700,0.0,0.0
2023-05-03 00:00:00-04:00,135.91000366210938,136.42999267578125,135.30999755859375,135.57000732421875,265900,0.0,0.0
2023-05-04 00:00:00-04:00,135.1999969482422,135.77000427246094,134.8800048828125,134.91000366210938,241800,0.0,0.0
2023-05-05 00:00:00-04:00,136.2100067138672,137.92999267578125,135.72999572753906,137.5399932861328,223900,0.0,0.0
2023-05-08 00:00:00-04:00,137.85000610351562,138.1999969482422,137.2899932861328,137.80999755859375,187600,0.0,0.0
2023-05-09 00:00:00-04:00,141.44000244140625,141.75999450683594,140.5800018310547,140.85000610351562,401300,0.0,0.0
2023-05-10 00:00:00-04:00,143.94000244140625,144.22999572753906,143.02000427246094,143.58999633789062,506600,0.0,0.0
2023-05-11 00:00:00-04:00,141.91000366210938,142.67999267578125,141.25,142.6699981689453,272400,0.0,0.0
2023-05-12 00:00:00-04:00,144.1999969482422,144.85000610351562,142.77999877929688,143.27000427246094,293100,0.0,0.0
2023-05-15 00:00:00-04:00,141.88999938964844,142.41000366210938,141.27999877929688,142.39999389648438,246200,0.0,0.0
2023-05-16 00:00:00-04:00,141.58999633789062,141.72000122070312,141.0,141.1300048828125,165800,0.0,0.0
2023-05-17 00:00:00-04:00,141.1300048828125,142.17999267578125,141.1300048828125,142.02000427246094,164600,0.0,0.0
2023-05-18 00:00:00-04:00,142.75999450683594,142.75999450683594,141.63999938964844,142.50999450683594,188900,0.0,0.0
2023-05-19 00:00:00-04:00,142.07000732421875,142.44000244140625,141.7100067138672,142.22000122070312,178400,0.0,0.0
2023-05-22 00:00:00-04:00,141.66000366210938,141.7100067138672,140.8300018310547,141.19000244140625,194400,0.0,0.0
2023-05-23 00:00:00-04:00,138.5500030517578,140.32000732421875,138.50999450683594,139.5500030517578,230000,0.0,0.0
2023-05-24 00:00:00-04:00,140.3800048828125,140.3800048828125,139.13999938964844,139.3300018310547,223500,0.0,0.0
2023-05-25 00:00:00-04:00,139.11000061035156,139.97999572753906,138.80999755859375,139.60000610351562,197500,0.0,0.0
2023-05-26 00:00:00-04:00,139.16000366210938,140.44000244140625,139.0800018310547,140.0800018310547,171700,0.0,0.0
2023-05-30 00:00:00-04:00,139.55999755859375,139.55999755859375,137.3699951171875,137.72999572753906,231800,0.0,0.0
2023-05-31 00:00:00-04:00,136.4600067138672,136.57000732421875,135.14999389648438,136.1300048828125,256900,0.0,0.0
2023-06-01 00:00:00-04:00,139.64999389648438,140.86000061035156,139.22000122070312,140.64999389648438,300100,0.0,0.0
2023-06-02 00:00:00-04:00,145.0,146.38999938964844,145.0,146.0,353400,0.0,0.0
2023-06-05 00:00:00-04:00,145.82000732421875,146.4499969482422,145.4600067138672,145.72999572753906,299100,0.0,0.0
2023-06-06 00:00:00-04:00,147.0,148.7899932861328,146.1300048828125,148.47999572753906,435200,0.0,0.0
2023-06-07 00:00:00-04:00,145.22999572753906,146.02999877929688,145.19000244140625,145.30999755859375,417900,0.0,0.0
2023-06-08 00:00:00-04:00,145.07000732421875,147.0,145.02999877929688,146.86000061035156,264100,0.0,0.0
2023-06-09 00:00:00-04:00,148.0,149.13999938964844,147.91000366210938,148.63999938964844,366600,0.0,0.0
2023-06-12 00:00:00-04:00,149.10000610351562,149.8800048828125,148.74000549316406,149.58999633789062,289800,0.0,0.0
2023-06-13 00:00:00-04:00,157.88999938964844,159.10000610351562,157.2899932861328,158.0800018310547,858200,0.0,0.0
2023-06-14 00:00:00-04:00,165.88999938964844,166.47999572753906,164.14999389648438,165.57000732421875,952800,0.0,0.0
2023-06-15 00:00:00-04:00,164.13999938964844,169.07000732421875,164.0,168.17999267578125,569400,0.0,0.0
2023-06-16 00:00:00-04:00,166.00999450683594,166.14999389648438,164.22999572753906,164.35000610351562,420600,0.0,0.0
2023-06-20 00:00:00-04:00,158.6999969482422,159.0,156.82000732421875,157.14999389648438,781100,0.0,0.0
2023-06-21 00:00:00-04:00,157.0,157.33999633789062,156.14999389648438,156.5,238600,0.0,0.0
2023-06-22 00:00:00-04:00,157.00999450683594,157.7899932861328,156.72999572753906,157.11000061035156,199500,0.0,0.0
2023-06-23 00:00:00-04:00,154.0,154.02000427246094,152.77999877929688,153.3800048828125,338600,0.0,0.0
2023-06-26 00:00:00-04:00,155.3800048828125,155.6199951171875,153.91000366210938,154.5500030517578,305400,0.0,0.0
2023-06-27 00:00:00-04:00,155.33999633789062,157.2100067138672,155.2100067138672,157.17999267578125,283000,0.0,0.0
2023-06-28 00:00:00-04:00,159.1199951171875,160.60000610351562,158.89999389648438,160.11000061035156,555200,0.0,0.0
2023-06-29 00:00:00-04:00,160.07000732421875,160.6199951171875,159.30999755859375,160.39999389648438,347700,0.0,0.0
2023-06-30 00:00:00-04:00,160.13999938964844,161.2100067138672,160.0,160.75,311100,0.0,0.0
2023-07-03 00:00:00-04:00,160.8800048828125,161.57000732421875,160.4199981689453,160.47000122070312,110200,0.0,0.0
2023-07-05 00:00:00-04:00,162.30999755859375,162.30999755859375,161.35000610351562,161.89999389648438,357400,0.0,0.0
2023-07-06 00:00:00-04:00,161.1199951171875,161.1999969482422,159.85000610351562,160.8300018310547,268300,0.0,0.0
2023-07-07 00:00:00-04:00,161.0399932861328,162.97000122070312,161.0399932861328,161.77000427246094,289700,0.0,0.0
2023-07-10 00:00:00-04:00,160.0,160.39999389648438,159.52999877929688,160.24000549316406,266400,0.0,0.0
2023-07-11 00:00:00-04:00,158.0399932861328,158.5500030517578,157.5,158.4199981689453,364800,0.0,0.0
2023-07-12 00:00:00-04:00,159.47000122070312,160.30999755859375,159.1199951171875,159.27000427246094,248200,0.0,0.0
2023-07-13 00:00:00-04:00,160.69000244140625,160.89999389648438,160.14999389648438,160.35000610351562,286400,0.0,0.0
2023-07-14 00:00:00-04:00,159.97000122070312,160.0,159.0800018310547,159.14999389648438,255200,0.0,0.0
2023-07-17 00:00:00-04:00,159.39999389648438,159.58999633789062,158.1699981689453,159.4499969482422,241300,0.0,0.0
2023-07-18 00:00:00-04:00,161.94000244140625,163.52999877929688,161.8699951171875,163.19000244140625,435500,0.0,0.0
2023-07-19 00:00:00-04:00,164.9499969482422,164.97999572753906,163.67999267578125,163.97000122070312,216700,0.0,0.0
2023-07-20 00:00:00-04:00,163.0800018310547,163.63999938964844,162.39999389648438,163.27999877929688,217800,0.0,0.0
2023-07-21 00:00:00-04:00,163.5800018310547,163.67999267578125,162.60000610351562,162.80999755859375,214400,0.0,0.0
2023-07-24 00:00:00-04:00,164.5800018310547,164.9199981689453,164.25,164.52999877929688,212100,0.0,0.0
2023-07-25 00:00:00-04:00,165.0,165.8000030517578,164.74000549316406,165.55999755859375,233300,0.0,0.0
2023-07-26 00:00:00-04:00,165.16000366210938,166.02000427246094,164.8800048828125,165.6999969482422,162300,0.0,0.0
2023-07-27 00:00:00-04:00,165.8699951171875,166.72999572753906,165.3800048828125,165.42999267578125,182200,0.0,0.0
2023-07-28 00:00:00-04:00,167.10000610351562,167.8000030517578,166.69000244140625,167.14999389648438,292200,0.0,0.0
2023-07-31 00:00:00-04:00,168.0,168.57000732421875,167.80999755859375,168.24000549316406,201300,0.0,0.0
2023-08-01 00:00:00-04:00,171.1199951171875,172.36000061035156,170.5500030517578,171.83999633789062,526000,0.0,0.0
2023-08-02 00:00:00-04:00,173.9600067138672,175.3699951171875,173.19000244140625,173.85000610351562,420200,0.0,0.0
2023-08-03 00:00:00-04:00,168.42999267578125,168.6999969482422,166.74000549316406,168.57000732421875,421600,0.0,0.0
2023-08-04 00:00:00-04:00,171.69000244140625,172.41000366210938,170.64999389648438,170.7899932861328,207200,0.0,0.0
2023-08-07 00:00:00-04:00,172.3300018310547,173.38999938964844,171.8000030517578,173.38999938964844,230600,0.0,0.0
2023-08-08 00:00:00-04:00,169.3800048828125,170.35000610351562,168.38999938964844,170.2899932861328,431700,0.0,0.0
2023-08-09 00:00:00-04:00,167.9199981689453,168.36000061035156,166.41000366210938,167.22999572753906,320100,0.0,0.0
2023-08-10 00:00:00-04:00,169.5500030517578,169.72000122070312,167.2100067138672,167.66000366210938,192500,0.0,0.0
2023-08-11 00:00:00-04:00,167.3699951171875,167.63999938964844,166.64999389648438,167.27999877929688,146700,0.0,0.0
2023-08-14 00:00:00-04:00,165.58999633789062,167.10000610351562,165.19000244140625,166.6999969482422,232500,0.0,0.0
2023-08-15 00:00:00-04:00,165.92999267578125,165.92999267578125,164.8800048828125,165.38999938964844,197400,0.0,0.0
2023-08-16 00:00:00-04:00,162.74000549316406,163.9199981689453,162.0,162.24000549316406,330700,0.0,0.0
2023-08-17 00:00:00-04:00,163.55999755859375,164.00999450683594,162.1699981689453,162.27999877929688,240600,0.0,0.0
2023-08-18 00:00:00-04:00,160.83999633789062,162.1999969482422,160.3800048828125,161.8699951171875,273900,0.0,0.0
2023-08-21 00:00:00-04:00,162.16000366210938,163.2100067138672,162.0,162.7899932861328,197000,0.0,0.0
2023-08-22 00:00:00-04:00,165.83999633789062,166.44000244140625,164.89999389648438,164.99000549316406,157700,0.0,0.0
2023-08-23 00:00:00-04:00,165.42999267578125,166.0800018310547,165.11000061035156,165.91000366210938,189700,0.0,0.0
2023-08-24 00:00:00-04:00,164.52000427246094,165.02999877929688,162.77999877929688,162.77999877929688,243400,0.0,0.0
2023-08-25 00:00:00-04:00,164.27000427246094,165.11000061035156,163.44000244140625,164.4600067138672,112000,0.0,0.0
2023-08-28 00:00:00-04:00,166.33999633789062,167.36000061035156,166.22000122070312,167.25,174800,0.0,0.0
2023-08-29 00:00:00-04:00,165.55999755859375,167.58999633789062,165.4499969482422,167.38999938964844,165000,0.0,0.0
2023-08-30 00:00:00-04:00,168.08999633789062,168.77999877929688,167.60000610351562,168.0500030517578,180200,0.0,0.0
2023-08-31 00:00:00-04:00,171.9499969482422,172.5,171.6300048828125,172.1300048828125,558600,0.0,0.0
2023-09-01 00:00:00-04:00,173.91000366210938,173.91000366210938,171.9199981689453,172.5399932861328,169900,0.0,0.0
2023-09-05 00:00:00-04:00,175.0500030517578,175.83999633789062,174.6300048828125,175.3699951171875,311600,0.0,0.0
2023-09-06 00:00:00-04:00,179.7100067138672,179.8800048828125,178.1300048828125,178.8300018310547,375600,0.0,0.0
2023-09-07 00:00:00-04:00,178.35000610351562,179.19000244140625,177.8000030517578,178.8699951171875,260700,0.0,0.0
2023-09-08 00:00:00-04:00,176.4199981689453,177.52999877929688,176.4199981689453,177.1300048828125,158900,0.0,0.0
2023-09-11 00:00:00-04:00,177.92999267578125,179.1199951171875,177.72000122070312,178.6699981689453,235900,0.0,0.0
2023-09-12 00:00:00-04:00,180.22999572753906,181.86000061035156,180.0,181.27999877929688,266900,0.0,0.0
2023-09-13 00:00:00-04:00,183.75999450683594,184.35000610351562,183.3800048828125,183.97999572753906,264300,0.0,0.0
2023-09-14 00:00:00-04:00,186.5,188.0500030517578,186.25,187.97999572753906,360500,0.0,0.0
2023-09-15 00:00:00-04:00,190.6699981689453,190.86000061035156,188.9499969482422,189.1999969482422,393600,0.0,0.0
2023-09-18 00:00:00-04:00,188.66000366210938,189.0500030517578,187.75,188.9600067138672,211200,0.0,0.0
2023-09-19 00:00:00-04:00,194.4600067138672,195.64999389648438,194.11000061035156,195.0399932861328,468300,0.0,0.0
2023-09-20 00:00:00-04:00,190.14999389648438,192.52000427246094,188.50999450683594,188.75,477800,0.0,0.0
2023-09-21 00:00:00-04:00,187.19000244140625,187.32000732421875,185.85000610351562,186.3000030517578,328100,0.0,0.0
2023-09-22 00:00:00-04:00,188.44000244140625,189.14999389648438,186.9499969482422,187.10000610351562,396400,0.0,0.0
2023-09-25 00:00:00-04:00,185.0,185.27000427246094,183.77000427246094,184.83999633789062,348500,0.0,0.0
2023-09-26 00:00:00-04:00,181.2100067138672,182.6999969482422,180.11000061035156,180.5,451900,0.0,0.0
2023-09-27 00:00:00-04:00,183.25999450683594,184.4199981689453,181.1699981689453,182.38999938964844,398600,0.0,0.0
2023-09-28 00:00:00-04:00,180.52999877929688,182.8699951171875,179.8300018310547,182.4199981689453,278100,0.0,0.0
2023-09-29 00:00:00-04:00,180.52999877929688,181.14999389648438,179.25999450683594,179.75,222200,0.0,0.0
2023-10-02 00:00:00-04:00,179.3000030517578,179.60000610351562,177.58999633789062,178.4600067138672,236100,0.0,0.0
2023-10-03 00:00:00-04:00,173.32000732421875,174.42999267578125,172.82000732421875,173.64999389648438,447400,0.0,0.0
2023-10-04 00:00:00-04:00,167.1699981689453,170.19000244140625,166.9199981689453,169.4499969482422,861700,0.0,0.0
2023-10-05 00:00:00-04:00,173.82000732421875,174.36000061035156,172.16000366210938,173.0399932861328,485900,0.0,0.0
2023-10-06 00:00:00-04:00,172.64999389648438,173.6999969482422,169.91000366210938,173.17999267578125,366200,0.0,0.0
2023-10-09 00:00:00-04:00,172.5,174.1699981689453,171.97000122070312,174.1199951171875,138200,0.0,0.0
2023-10-10 00:00:00-04:00,176.5,177.50999450683594,176.0,177.14999389648438,240400,0.0,0.0
2023-10-11 00:00:00-04:00,178.3800048828125,178.57000732421875,177.0,178.02999877929688,146700,0.0,0.0
2023-10-12 00:00:00-04:00,182.5800018310547,182.9600067138672,180.47999572753906,181.60000610351562,344000,0.0,0.0
2023-10-13 00:00:00-04:00,179.1300048828125,179.47000122070312,177.07000732421875,177.67999267578125,273400,0.0,0.0
2023-10-16 00:00:00-04:00,178.19000244140625,179.6199951171875,178.19000244140625,179.10000610351562,197700,0.0,0.0
2023-10-17 00:00:00-04:00,177.80999755859375,179.67999267578125,177.6300048828125,178.22000122070312,561400,0.0,0.0
2023-10-18 00:00:00-04:00,177.14999389648438,177.75,175.64999389648438,175.97999572753906,252100,0.0,0.0
2023-10-19 00:00:00-04:00,176.6199951171875,176.8800048828125,174.44000244140625,174.6999969482422,313000,0.0,0.0
2023-10-20 00:00:00-04:00,174.52999877929688,174.8000030517578,173.22999572753906,173.47999572753906,196600,0.0,0.0
2023-10-23 00:00:00-04:00,173.0500030517578,175.0500030517578,172.47999572753906,173.80999755859375,182000,0.0,0.0
2023-10-24 00:00:00-04:00,173.22000122070312,174.5,173.2100067138672,174.1199951171875,185200,0.0,0.0
2023-10-25 00:00:00-04:00,176.24000549316406,176.8800048828125,175.0399932861328,175.17999267578125,237900,0.0,0.0
2023-10-26 00:00:00-04:00,172.9600067138672,173.55999755859375,171.3699951171875,171.61000061035156,214900,0.0,0.0
2023-10-27 00:00:00-04:00,175.35000610351562,175.49000549316406,172.27000427246094,172.80999755859375,283200,0.0,0.0
2023-10-30 00:00:00-04:00,172.27000427246094,172.92999267578125,170.49000549316406,171.39999389648438,251900,0.0,0.0
2023-10-31 00:00:00-04:00,174.0399932861328,175.22000122070312,173.60000610351562,175.17999267578125,334400,0.0,0.0
2023-11-01 00:00:00-04:00,180.89999389648438,186.35000610351562,180.6300048828125,185.77999877929688,711100,0.0,0.0
2023-11-02 00:00:00-04:00,184.9600067138672,186.72000122070312,183.3699951171875,186.5500030517578,418900,0.0,0.0
2023-11-03 00:00:00-04:00,187.5500030517578,189.8699951171875,187.5500030517578,189.58999633789062,310600,0.0,0.0
2023-11-06 00:00:00-05:00,190.22999572753906,190.55999755859375,189.0399932861328,189.64999389648438,223600,0.0,0.0
2023-11-07 00:00:00-05:00,188.52000427246094,189.6199951171875,187.55999755859375,189.57000732421875,254100,0.0,0.0
2023-11-08 00:00:00-05:00,184.67999267578125,184.82000732421875,182.82000732421875,183.4199981689453,393900,0.0,0.0
2023-11-09 00:00:00-05:00,186.47000122070312,186.94000244140625,183.8800048828125,184.22000122070312,225000,0.0,0.0
2023-11-10 00:00:00-05:00,185.69000244140625,187.10000610351562,184.1300048828125,187.0,209100,0.0,0.0
2023-11-13 00:00:00-05:00,185.50999450683594,188.0,185.17999267578125,187.74000549316406,246500,0.0,0.0
2023-11-14 00:00:00-05:00,190.38999938964844,192.11000061035156,189.5800018310547,192.0800018310547,453400,0.0,0.0
2023-11-15 00:00:00-05:00,189.0,190.4600067138672,188.83999633789062,189.11000061035156,296400,0.0,0.0
2023-11-16 00:00:00-05:00,190.25999450683594,190.82000732421875,189.52999877929688,190.39999389648438,171700,0.0,0.0
2023-11-17 00:00:00-05:00,191.9199981689453,193.42999267578125,191.83999633789062,193.36000061035156,255500,0.0,0.0
2023-11-20 00:00:00-05:00,186.77000427246094,188.52999877929688,185.82000732421875,187.67999267578125,514000,0.0,0.0
2023-11-21 00:00:00-05:00,185.25,185.38999938964844,181.50999450683594,183.2100067138672,586600,0.0,0.0
2023-11-22 00:00:00-05:00,184.17999267578125,184.58999633789062,183.39999389648438,184.22999572753906,184500,0.0,0.0
2023-11-24 00:00:00-05:00,187.44000244140625,188.5,187.1699981689453,188.3000030517578,214000,0.0,0.0
2023-11-27 00:00:00-05:00,186.10000610351562,186.9600067138672,186.10000610351562,186.61000061035156,245400,0.0,0.0
2023-11-28 00:00:00-05:00,185.80999755859375,187.32000732421875,185.80999755859375,187.16000366210938,228400,0.0,0.0
2023-11-29 00:00:00-05:00,190.61000061035156,191.24000549316406,189.3800048828125,189.50999450683594,318700,0.0,0.0
2023-11-30 00:00:00-05:00,189.52999877929688,190.0,189.1300048828125,189.77999877929688,189400,0.0,0.0
2023-12-01 00:00:00-05:00,190.77000427246094,192.80999755859375,190.3699951171875,192.74000549316406,237500,0.0,0.0
2023-12-04 00:00:00-05:00,188.33999633789062,189.11000061035156,187.0500030517578,187.3699951171875,331200,0.0,0.0
2023-12-05 00:00:00-05:00,187.6999969482422,188.97999572753906,187.5,187.99000549316406,199600,0.0,0.0
2023-12-06 00:00:00-05:00,191.58999633789062,192.89999389648438,189.80999755859375,189.88999938964844,326700,0.0,0.0
2023-12-07 00:00:00-05:00,190.42999267578125,190.75999450683594,187.91000366210938,190.24000549316406,281400,0.0,0.0
2023-12-08 00:00:00-05:00,186.17999267578125,187.58999633789062,185.60000610351562,187.27999877929688,471100,0.0,0.0
2023-12-11 00:00:00-05:00,186.80999755859375,187.7100067138672,186.27999877929688,187.0800018310547,284600,0.0,0.0
2023-12-12 00:00:00-05:00,184.75999450683594,185.2100067138672,184.0500030517578,184.8000030517578,274300,0.0,0.0
2023-12-13 00:00:00-05:00,184.00999450683594,186.2899932861328,183.02999877929688,185.47999572753906,349500,0.0,0.0
2023-12-14 00:00:00-05:00,181.8800048828125,184.77000427246094,181.61000061035156,183.4199981689453,521500,0.0,0.0
2023-12-15 00:00:00-05:00,182.80999755859375,183.0399932861328,180.58999633789062,180.6199951171875,375300,0.0,0.0
2023-12-18 00:00:00-05:00,183.8699951171875,184.19000244140625,182.8800048828125,183.27999877929688,294900,0.0,0.0
2023-12-19 00:00:00-05:00,184.8000030517578,185.10000610351562,183.89999389648438,183.9499969482422,201000,0.0,0.0
2023-12-20 00:00:00-05:00,180.4499969482422,182.5399932861328,179.8800048828125,179.94000244140625,429400,0.0,0.0
2023-12-21 00:00:00-05:00,178.77999877929688,181.24000549316406,178.5800018310547,180.86000061035156,347200,0.0,0.0
2023-12-22 00:00:00-05:00,178.05999755859375,179.24000549316406,178.0,178.52999877929688,322800,0.0,0.0
2023-12-26 00:00:00-05:00,178.52999877929688,180.3699951171875,178.52999877929688,179.85000610351562,198500,0.0,0.0
2023-12-27 00:00:00-05:00,180.3800048828125,181.11000061035156,180.0800018310547,180.72000122070312,195500,0.0,0.0
2023-12-28 00:00:00-05:00,181.02000427246094,181.69000244140625,180.9499969482422,181.11000061035156,243000,0.0,0.0
2023-12-29 00:00:00-05:00,183.1300048828125,183.8800048828125,182.36000061035156,183.3800048828125,223200,0.0,0.0
2024-01-02 00:00:00-05:00,182.14999389648438,182.89999389648438,181.16000366210938,181.3699951171875,243700,0.0,0.0
2024-01-03 00:00:00-05:00,180.83999633789062,182.47000122070312,180.07000732421875,181.5500030517578,273500,0.0,0.0
2024-01-04 00:00:00-05:00,183.08999633789062,184.1999969482422,182.72999572753906,182.97000122070312,273100,0.0,0.0
2024-01-05 00:00:00-05:00,186.0,188.7100067138672,185.63999938964844,187.07000732421875,336100,0.0,0.0
2024-01-08 00:00:00-05:00,187.5,188.16000366210938,186.42999267578125,187.88999938964844,359400,0.0,0.0
2024-01-09 00:00:00-05:00,186.52999877929688,186.66000366210938,185.2899932861328,185.99000549316406,254700,0.0,0.0
2024-01-10 00:00:00-05:00,190.0,192.80999755859375,189.57000732421875,192.72000122070312,458100,0.0,0.0
2024-01-11 00:00:00-05:00,195.30999755859375,196.47999572753906,193.77999877929688,194.9499969482422,361800,0.0,0.0
2024-01-12 00:00:00-05:00,195.05999755859375,195.97999572753906,194.8000030517578,195.67999267578125,208000,0.0,0.0
2024-01-16 00:00:00-05:00,195.2899932861328,196.5,194.5,195.60000610351562,273600,0.0,0.0
2024-01-17 00:00:00-05:00,193.25999450683594,194.38999938964844,193.02999877929688,194.13999938964844,231900,0.0,0.0
2024-01-18 00:00:00-05:00,199.42999267578125,200.27000427246094,198.2899932861328,200.0800018310547,413100,0.0,0.0
2024-01-19 00:00:00-05:00,200.10000610351562,200.6999969482422,198.85000610351562,200.6699981689453,286400,0.0,0.0
2024-01-22 00:00:00-05:00,201.24000549316406,201.9499969482422,200.39999389648438,201.4199981689453,369600,0.0,0.0
2024-01-23 00:00:00-05:00,200.67999267578125,202.0,200.67999267578125,201.39999389648438,229000,0.0,0.0
2024-01-24 00:00:00-05:00,200.8699951171875,201.67999267578125,200.36000061035156,200.72000122070312,314500,0.0,0.0
2024-01-25 00:00:00-05:00,200.7100067138672,200.72999572753906,198.64999389648438,199.55999755859375,194700,0.0,0.0
2024-01-26 00:00:00-05:00,197.24000549316406,198.2100067138672,197.07000732421875,198.05999755859375,194200,0.0,0.0
2024-01-29 00:00:00-05:00,199.67999267578125,201.85000610351562,199.0800018310547,201.66000366210938,281100,0.0,0.0
2024-01-30 00:00:00-05:00,202.00999450683594,202.41000366210938,201.50999450683594,201.85000610351562,144300,0.0,0.0
2024-01-31 00:00:00-05:00,202.27999877929688,202.35000610351562,199.2899932861328,199.6999969482422,298000,0.0,0.0
2024-02-01 00:00:00-05:00,200.6300048828125,202.35000610351562,199.80999755859375,202.17999267578125,168600,0.0,0.0
2024-02-02 00:00:00-05:00,200.89999389648438,202.63999938964844,200.5399932861328,202.5399932861328,241200,0.0,0.0
2024-02-05 00:00:00-05:00,202.2899932861328,203.17999267578125,201.41000366210938,203.02999877929688,329700,0.0,0.0
2024-02-06 00:00:00-05:00,211.8699951171875,221.77000427246094,211.82000732421875,218.86000061035156,1137700,0.0,0.0
2024-02-07 00:00:00-05:00,222.33999633789062,224.02000427246094,220.86000061035156,223.0500030517578,492700,0.0,0.0
2024-02-08 00:00:00-05:00,225.32000732421875,226.39999389648438,223.8300018310547,226.30999755859375,323000,0.0,0.0
2024-02-09 00:00:00-05:00,223.82000732421875,225.13999938964844,223.75,224.4600067138672,239100,0.0,0.0
2024-02-12 00:00:00-05:00,223.82000732421875,226.8699951171875,223.55999755859375,225.86000061035156,246300,0.0,0.0
2024-02-13 00:00:00-05:00,227.58999633789062,232.55999755859375,227.3000030517578,231.0,733400,0.0,0.0
2024-02-14 00:00:00-05:00,226.0,227.16000366210938,224.47999572753906,227.02999877929688,342400,0.0,0.0
2024-02-15 00:00:00-05:00,226.13999938964844,228.63999938964844,226.13999938964844,228.5399932861328,239000,0.0,0.0
2024-02-16 00:00:00-05:00,227.8300018310547,228.5399932861328,226.6300048828125,227.36000061035156,241900,0.0,0.0
2024-02-20 00:00:00-05:00,227.77999877929688,228.4600067138672,225.5800018310547,226.77000427246094,298500,0.0,0.0
2024-02-21 00:00:00-05:00,227.22000122070312,227.66000366210938,225.8000030517578,227.08999633789062,430600,0.0,0.0
2024-02-22 00:00:00-05:00,234.1699981689453,235.14999389648438,233.00999450683594,234.4499969482422,461300,0.0,0.0
2024-02-23 00:00:00-05:00,235.0,235.75999450683594,234.33999633789062,235.0,279000,0.0,0.0
2024-02-26 00:00:00-05:00,237.58999633789062,238.77999877929688,236.5399932861328,238.1300048828125,332900,0.0,0.0
2024-02-27 00:00:00-05:00,238.19000244140625,238.83999633789062,236.58999633789062,238.0399932861328,301000,0.0,0.0
2024-02-28 00:00:00-05:00,237.92999267578125,238.19000244140625,237.0,237.2899932861328,168700,0.0,0.0
2024-02-29 00:00:00-05:00,240.9199981689453,241.66000366210938,239.64999389648438,240.5500030517578,257100,0.0,0.0
2024-03-01 00:00:00-05:00,244.66000366210938,246.5399932861328,244.55999755859375,246.0399932861328,337500,0.0,0.0
2024-03-04 00:00:00-05:00,244.19000244140625,244.7899932861328,243.24000549316406,243.83999633789062,281500,0.0,0.0
2024-03-05 00:00:00-05:00,247.7100067138672,249.99000549316406,246.80999755859375,248.19000244140625,314100,0.0,0.0
2024-03-06 00:00:00-05:00,252.14999389648438,253.42999267578125,250.92999267578125,252.39999389648438,331300,0.0,0.0
2024-03-07 00:00:00-05:00,246.92999267578125,248.0500030517578,245.6999969482422,247.94000244140625,359800,0.0,0.0
2024-03-08 00:00:00-05:00,245.0,245.8000030517578,242.5800018310547,242.82000732421875,379500,0.0,0.0
2024-03-11 00:00:00-04:00,237.41000366210938,237.41000366210938,235.1699981689453,235.4600067138672,379800,0.0,0.0
2024-03-12 00:00:00-04:00,236.80999755859375,238.44000244140625,235.4499969482422,237.9499969482422,242900,0.0,0.0
2024-03-13 00:00:00-04:00,233.41000366210938,233.5399932861328,231.3699951171875,232.8300018310547,298300,0.0,0.0
2024-03-14 00:00:00-04:00,233.36000061035156,233.36000061035156,230.36000061035156,230.97000122070312,224900,0.0,0.0
2024-03-15 00:00:00-04:00,234.91000366210938,235.1199951171875,233.5399932861328,234.6199951171875,179100,0.0,0.0
2024-03-18 00:00:00-04:00,237.5800018310547,238.8300018310547,237.27999877929688,238.66000366210938,194100,0.0,0.0
2024-03-19 00:00:00-04:00,242.67999267578125,245.08999633789062,242.41000366210938,244.32000732421875,347400,0.0,0.0
2024-03-20 00:00:00-04:00,244.67999267578125,246.8000030517578,244.30999755859375,246.72000122070312,214900,0.0,0.0
2024-03-21 00:00:00-04:00,251.4499969482422,251.7899932861328,250.25999450683594,251.47999572753906,245500,0.0,0.0
2024-03-22 00:00:00-04:00,255.0,255.22999572753906,253.58999633789062,254.77000427246094,285400,0.0,0.0
2024-03-25 00:00:00-04:00,252.11000061035156,253.4199981689453,251.0399932861328,252.41000366210938,196900,0.0,0.0
2024-03-26 00:00:00-04:00,253.88999938964844,254.7899932861328,253.38999938964844,253.72000122070312,214900,0.0,0.0
2024-03-27 00:00:00-04:00,253.6999969482422,254.1999969482422,250.3300018310547,252.14999389648438,242600,0.0,0.0
2024-03-28 00:00:00-04:00,251.13999938964844,252.85000610351562,251.13999938964844,251.67999267578125,124800,0.0,0.0
2024-04-01 00:00:00-04:00,242.85000610351562,242.86000061035156,240.22000122070312,242.14999389648438,527900,0.0,0.0
2024-04-02 00:00:00-04:00,239.0,240.24000549316406,237.9600067138672,239.88999938964844,296400,0.0,0.0
2024-04-03 00:00:00-04:00,239.5,242.4499969482422,239.5,241.77999877929688,307400,0.0,0.0
2024-04-04 00:00:00-04:00,243.1999969482422,243.6699981689453,239.02000427246094,239.16000366210938,196300,0.0,0.0
2024-04-05 00:00:00-04:00,239.0,241.8300018310547,238.5800018310547,240.74000549316406,191100,0.0,0.0
2024-04-08 00:00:00-04:00,243.39999389648438,245.83999633789062,243.3300018310547,244.2100067138672,218900,0.0,0.0
2024-04-09 00:00:00-04:00,247.86000061035156,248.47000122070312,245.67999267578125,246.92999267578125,232400,0.0,0.0
2024-04-10 00:00:00-04:00,246.0,246.1199951171875,243.86000061035156,244.7899932861328,214600,0.0,0.0
2024-04-11 00:00:00-04:00,246.5,247.14999389648438,244.47000122070312,246.99000549316406,172500,0.0,0.0
2024-04-12 00:00:00-04:00,245.00999450683594,245.27000427246094,242.6300048828125,242.97000122070312,207400,0.0,0.0
2024-04-15 00:00:00-04:00,245.7100067138672,246.07000732421875,241.3300018310547,241.6699981689453,158400,0.0,0.0
2024-04-16 00:00:00-04:00,236.2899932861328,237.3699951171875,234.63999938964844,236.52000427246094,306100,0.0,0.0
2024-04-17 00:00:00-04:00,234.58999633789062,235.2899932861328,233.00999450683594,233.97000122070312,306800,0.0,0.0
2024-04-18 00:00:00-04:00,233.72999572753906,234.11000061035156,231.6999969482422,231.83999633789062,220200,0.0,0.0
2024-04-19 00:00:00-04:00,229.5,229.7899932861328,227.3800048828125,228.72000122070312,425700,0.0,0.0
2024-04-22 00:00:00-04:00,228.17999267578125,231.14999389648438,227.8800048828125,230.3000030517578,448100,0.0,0.0
2024-04-23 00:00:00-04:00,228.10000610351562,230.63999938964844,227.82000732421875,230.41000366210938,362000,0.0,0.0
2024-04-24 00:00:00-04:00,232.85000610351562,233.99000549316406,231.8300018310547,232.8800048828125,273400,0.0,0.0
2024-04-25 00:00:00-04:00,223.0,225.49000549316406,222.38999938964844,225.36000061035156,319100,0.0,0.0
2024-04-26 00:00:00-04:00,225.0,226.97999572753906,224.57000732421875,226.7100067138672,242100,0.0,0.0
2024-04-29 00:00:00-04:00,228.0,228.4499969482422,227.17999267578125,227.94000244140625,228200,0.0,0.0
2024-04-30 00:00:00-04:00,229.94000244140625,229.94000244140625,227.0,227.30999755859375,334200,0.0,0.0
2024-05-01 00:00:00-04:00,228.30999755859375,228.83999633789062,226.55999755859375,226.8300018310547,264600,0.0,0.0
2024-05-02 00:00:00-04:00,230.3000030517578,231.41000366210938,229.3699951171875,230.8000030517578,228100,0.0,0.0
2024-05-03 00:00:00-04:00,232.05999755859375,233.35000610351562,231.36000061035156,232.8699951171875,165200,0.0,0.0
2024-05-06 00:00:00-04:00,233.6199951171875,235.67999267578125,233.57000732421875,235.60000610351562,208200,0.0,0.0
2024-05-07 00:00:00-04:00,233.27999877929688,233.27999877929688,230.91000366210938,231.25999450683594,248900,0.0,0.0
2024-05-08 00:00:00-04:00,231.1199951171875,232.42999267578125,227.0,231.77999877929688,371600,0.0,0.0
2024-05-09 00:00:00-04:00,227.50999450683594,228.02999877929688,226.72999572753906,227.24000549316406,329000,0.0,0.0
2024-05-10 00:00:00-04:00,220.92999267578125,221.05999755859375,218.13999938964844,218.77999877929688,563900,0.0,0.0
2024-05-13 00:00:00-04:00,217.10000610351562,217.1300048828125,215.3000030517578,215.63999938964844,466000,0.0,0.0
2024-05-14 00:00:00-04:00,216.5,217.61000061035156,216.2100067138672,217.1199951171875,268500,0.0,0.0
2024-05-15 00:00:00-04:00,218.89999389648438,219.94000244140625,218.3000030517578,219.5500030517578,280900,0.0,0.0
2024-05-16 00:00:00-04:00,216.83999633789062,217.0399932861328,215.60000610351562,215.6300048828125,296800,0.0,0.0
2024-05-17 00:00:00-04:00,219.92999267578125,220.4199981689453,219.08999633789062,219.75999450683594,265700,0.0,0.0
2024-05-20 00:00:00-04:00,220.30999755859375,221.08999633789062,219.89999389648438,220.5,175500,0.0,0.0
2024-05-21 00:00:00-04:00,219.8000030517578,220.44000244140625,219.19000244140625,219.36000061035156,145600,0.0,0.0
2024-05-22 00:00:00-04:00,217.47000122070312,217.61000061035156,216.27999877929688,216.6300048828125,166500,0.0,0.0
2024-05-23 00:00:00-04:00,218.08999633789062,218.08999633789062,214.30999755859375,214.72000122070312,260700,0.0,0.0
2024-05-24 00:00:00-04:00,216.10000610351562,217.02000427246094,215.9499969482422,216.83999633789062,134400,0.0,0.0
2024-05-28 00:00:00-04:00,219.0,219.52999877929688,217.41000366210938,218.72000122070312,262200,0.0,0.0
2024-05-29 00:00:00-04:00,215.3699951171875,215.3699951171875,213.74000549316406,213.9499969482422,191300,0.0,0.0
2024-05-30 00:00:00-04:00,213.52000427246094,214.91000366210938,213.2899932861328,214.1699981689453,278900,0.0,0.0
2024-05-31 00:00:00-04:00,216.88999938964844,217.50999450683594,215.5399932861328,217.50999450683594,254000,0.0,0.0
2024-06-03 00:00:00-04:00,212.2899932861328,213.5399932861328,211.17999267578125,212.1699981689453,351400,0.0,0.0
2024-06-04 00:00:00-04:00,211.0,211.33999633789062,210.0399932861328,210.3800048828125,224100,0.0,0.0
2024-06-05 00:00:00-04:00,208.0,208.57000732421875,206.2899932861328,208.3300018310547,338400,0.0,0.0
2024-06-06 00:00:00-04:00,209.58999633789062,210.94000244140625,209.27999877929688,210.0399932861328,245800,0.0,0.0
2024-06-07 00:00:00-04:00,206.5,207.6999969482422,206.1999969482422,206.36000061035156,537500,0.0,0.0
2024-06-10 00:00:00-04:00,207.5,208.61000061035156,207.27999877929688,208.02000427246094,268900,0.0,0.0
2024-06-11 00:00:00-04:00,206.5,207.0,204.5,205.30999755859375,250200,0.0,0.0
2024-06-12 00:00:00-04:00,207.52000427246094,207.52000427246094,205.5800018310547,205.64999389648438,245000,0.0,0.0
2024-06-13 00:00:00-04:00,200.25,200.3800048828125,198.17999267578125,199.35000610351562,528000,0.0,0.0
2024-06-14 00:00:00-04:00,196.5,197.7899932861328,195.4199981689453,197.1300048828125,483100,0.0,0.0
2024-06-17 00:00:00-04:00,193.1999969482422,195.6699981689453,193.1999969482422,195.1999969482422,453500,0.0,0.0
2024-06-18 00:00:00-04:00,193.88999938964844,194.72999572753906,193.4499969482422,194.13999938964844,347600,0.0,0.0
2024-06-20 00:00:00-04:00,194.0,194.74000549316406,193.30999755859375,194.5399932861328,234500,0.0,0.0
2024-06-21 00:00:00-04:00,193.6999969482422,194.1999969482422,193.3800048828125,193.5800018310547,284400,0.0,0.0
2024-06-24 00:00:00-04:00,197.5,199.42999267578125,197.27000427246094,198.97999572753906,375500,0.0,0.0
2024-06-25 00:00:00-04:00,205.5,206.61000061035156,205.1300048828125,206.22000122070312,517900,0.0,0.0
2024-06-26 00:00:00-04:00,203.5500030517578,204.22000122070312,202.3800048828125,203.17999267578125,306100,0.0,0.0
2024-06-27 00:00:00-04:00,203.39999389648438,204.94000244140625,203.33999633789062,203.8800048828125,284100,0.0,0.0
2024-06-28 00:00:00-04:00,205.07000732421875,206.27000427246094,204.41000366210938,204.97000122070312,273900,0.0,0.0
2024-07-01 00:00:00-04:00,204.8000030517578,205.1300048828125,203.2100067138672,203.7100067138672,267500,0.0,0.0
2024-07-02 00:00:00-04:00,205.0,206.2100067138672,204.75,206.2100067138672,259300,0.0,0.0
2024-07-03 00:00:00-04:00,205.8699951171875,206.30999755859375,205.1699981689453,206.25,212300,0.0,0.0
2024-07-05 00:00:00-04:00,206.2899932861328,206.5500030517578,205.08999633789062,206.4499969482422,190500,0.0,0.0
2024-07-08 00:00:00-04:00,204.72000122070312,205.6699981689453,204.3000030517578,204.94000244140625,200500,0.0,0.0
2024-07-09 00:00:00-04:00,203.0,203.19000244140625,201.6699981689453,201.6699981689453,230600,0.0,0.0
2024-07-10 00:00:00-04:00,204.6300048828125,206.17999267578125,203.77999877929688,205.8800048828125,209100,0.0,0.0
2024-07-11 00:00:00-04:00,205.30999755859375,205.64999389648438,203.72999572753906,203.72999572753906,246300,0.0,0.0
2024-07-12 00:00:00-04:00,206.52999877929688,208.86000061035156,206.02999877929688,207.58999633789062,218200,0.0,0.0
2024-07-15 00:00:00-04:00,208.17999267578125,208.2100067138672,206.75999450683594,206.91000366210938,207800,0.0,0.0
2024-07-16 00:00:00-04:00,206.22999572753906,206.80999755859375,205.67999267578125,206.60000610351562,206000,0.0,0.0
2024-07-17 00:00:00-04:00,204.72999572753906,205.14999389648438,203.30999755859375,204.38999938964844,266300,0.0,0.0
2024-07-18 00:00:00-04:00,201.92999267578125,202.22000122070312,199.5399932861328,199.85000610351562,292900,0.0,0.0
2024-07-19 00:00:00-04:00,199.27999877929688,199.27999877929688,197.02999877929688,197.14999389648438,236400,0.0,0.0
2024-07-22 00:00:00-04:00,198.6999969482422,200.14999389648438,198.1199951171875,200.13999938964844,315500,0.0,0.0
2024-07-23 00:00:00-04:00,200.17999267578125,201.3300018310547,200.02999877929688,200.7899932861328,283800,0.0,0.0
2024-07-24 00:00:00-04:00,199.7899932861328,199.7899932861328,197.0800018310547,197.1999969482422,211400,0.0,0.0
2024-07-25 00:00:00-04:00,197.42999267578125,197.42999267578125,193.72999572753906,195.25,212100,0.0,0.0
2024-07-26 00:00:00-04:00,190.74000549316406,192.83999633789062,190.50999450683594,192.52000427246094,317100,0.0,0.0
2024-07-29 00:00:00-04:00,193.0,193.1999969482422,191.80999755859375,192.47999572753906,205900,0.0,0.0
2024-07-30 00:00:00-04:00,194.9600067138672,195.47999572753906,192.27000427246094,193.11000061035156,284200,0.0,0.0
2024-07-31 00:00:00-04:00,194.17999267578125,194.88999938964844,192.89999389648438,193.5500030517578,372300,0.0,0.0
2024-08-01 00:00:00-04:00,181.57000732421875,184.67999267578125,178.57000732421875,179.07000732421875,820900,0.0,0.0
2024-08-02 00:00:00-04:00,173.72000122070312,173.88999938964844,171.5,173.02000427246094,674200,0.0,0.0
2024-08-05 00:00:00-04:00,160.88999938964844,170.9499969482422,159.0399932861328,168.35000610351562,1023900,0.0,0.0
2024-08-06 00:00:00-04:00,169.91000366210938,170.5,167.58999633789062,169.60000610351562,489800,0.0,0.0
2024-08-07 00:00:00-04:00,171.61000061035156,172.60000610351562,167.05999755859375,167.17999267578125,444600,0.0,0.0
2024-08-08 00:00:00-04:00,169.1699981689453,170.10000610351562,167.60000610351562,169.3699951171875,254900,0.0,0.0
2024-08-09 00:00:00-04:00,167.49000549316406,169.47999572753906,166.75,168.58999633789062,274400,0.0,0.0
2024-08-12 00:00:00-04:00,169.0,169.57000732421875,167.55999755859375,167.97000122070312,296500,0.0,0.0
2024-08-13 00:00:00-04:00,171.0500030517578,172.66000366210938,170.77000427246094,172.38999938964844,429100,0.0,0.0
2024-08-14 00:00:00-04:00,176.99000549316406,178.00999450683594,175.94000244140625,177.00999450683594,350400,0.0,0.0
2024-08-15 00:00:00-04:00,181.92999267578125,182.32000732421875,180.77000427246094,181.7899932861328,693500,0.0,0.0
2024-08-16 00:00:00-04:00,182.24000549316406,183.25999450683594,182.0,182.6699981689453,337300,0.0,0.0
2024-08-19 00:00:00-04:00,183.52000427246094,183.8000030517578,182.72000122070312,183.6999969482422,242700,0.0,0.0
2024-08-20 00:00:00-04:00,182.86000061035156,183.6300048828125,181.11000061035156,181.33999633789062,180400,0.0,0.0
2024-08-21 00:00:00-04:00,184.16000366210938,184.3800048828125,182.8000030517578,183.6199951171875,298400,0.0,0.0
2024-08-22 00:00:00-04:00,183.3699951171875,183.7100067138672,181.30999755859375,181.5,179800,0.0,0.0
2024-08-23 00:00:00-04:00,184.08999633789062,186.0,183.5,185.08999633789062,241700,0.0,0.0
2024-08-26 00:00:00-04:00,180.72999572753906,181.8300018310547,180.38999938964844,180.57000732421875,337400,0.0,0.0
2024-08-27 00:00:00-04:00,185.36000061035156,186.35000610351562,185.25,185.75,657300,0.0,0.0
2024-08-28 00:00:00-04:00,189.60000610351562,190.22999572753906,187.13999938964844,187.6699981689453,366200,0.0,0.0
2024-08-29 00:00:00-04:00,188.11000061035156,189.14999389648438,187.35000610351562,187.77000427246094,215500,0.0,0.0
2024-08-30 00:00:00-04:00,190.0,190.64999389648438,188.39999389648438,189.8000030517578,240700,0.0,0.0
2024-09-03 00:00:00-04:00,187.8000030517578,189.6999969482422,185.60000610351562,186.14999389648438,329700,0.0,0.0
2024-09-04 00:00:00-04:00,183.9199981689453,185.94000244140625,183.6199951171875,184.7100067138672,218100,0.0,0.0
2024-09-05 00:00:00-04:00,182.7899932861328,183.41000366210938,181.77000427246094,182.8000030517578,224600,0.0,0.0
2024-09-06 00:00:00-04:00,181.19000244140625,181.5500030517578,176.88999938964844,177.17999267578125,288600,0.0,0.0
2024-09-09 00:00:00-04:00,175.60000610351562,177.08999633789062,174.5800018310547,176.0800018310547,408300,0.0,0.0
2024-09-10 00:00:00-04:00,174.72999572753906,175.7899932861328,171.60000610351562,174.17999267578125,479200,0.0,0.0
2024-09-11 00:00:00-04:00,172.38999938964844,174.85000610351562,170.50999450683594,174.69000244140625,415200,0.0,0.0
2024-09-12 00:00:00-04:00,175.55999755859375,177.1999969482422,174.30999755859375,176.17999267578125,267800,0.0,0.0
2024-09-13 00:00:00-04:00,174.99000549316406,176.17999267578125,174.86000061035156,175.38999938964844,217700,0.0,0.0
