Date,Open,High,Low,Close,Volume,Dividends,Stock Splits
2017-04-05 00:00:00+09:00,15850.0,15850.0,15850.0,15850.0,122,0.0,0.0
2017-04-06 00:00:00+09:00,13500.0,13500.0,13500.0,13500.0,125,0.0,0.0
2017-04-07 00:00:00+09:00,13000.0,14500.0,12900.0,14500.0,1287,0.0,0.0
2017-04-10 00:00:00+09:00,13000.0,13000.0,13000.0,13000.0,500,0.0,0.0
2017-04-11 00:00:00+09:00,14500.0,14950.0,14000.0,14900.0,1741,0.0,0.0
2017-04-12 00:00:00+09:00,14900.0,14900.0,14900.0,14900.0,0,0.0,0.0
2017-04-13 00:00:00+09:00,14800.0,14800.0,14800.0,14800.0,0,0.0,0.0
2017-04-14 00:00:00+09:00,14900.0,14900.0,13300.0,14500.0,1541,0.0,0.0
2017-04-17 00:00:00+09:00,14000.0,14000.0,14000.0,14000.0,0,0.0,0.0
2017-04-18 00:00:00+09:00,13900.0,13900.0,13900.0,13900.0,0,0.0,0.0
2017-04-19 00:00:00+09:00,13700.0,13700.0,13700.0,13700.0,0,0.0,0.0
2017-04-20 00:00:00+09:00,14850.0,14850.0,14850.0,14850.0,1,0.0,0.0
2017-04-21 00:00:00+09:00,13300.0,15000.0,13300.0,15000.0,602,0.0,0.0
2017-04-24 00:00:00+09:00,15050.0,15050.0,15050.0,15050.0,2,0.0,0.0
2017-04-25 00:00:00+09:00,15050.0,15100.0,13600.0,13600.0,702,0.0,0.0
2017-04-26 00:00:00+09:00,13300.0,14900.0,13300.0,14700.0,13,0.0,0.0
2017-04-27 00:00:00+09:00,14900.0,14900.0,13600.0,13600.0,217,0.0,0.0
2017-04-28 00:00:00+09:00,15000.0,15000.0,15000.0,15000.0,1,0.0,0.0
2017-05-02 00:00:00+09:00,13800.0,13800.0,13800.0,13800.0,1,0.0,0.0
2017-05-04 00:00:00+09:00,13800.0,13800.0,13800.0,13800.0,0,0.0,0.0
2017-05-08 00:00:00+09:00,13800.0,15000.0,13800.0,15000.0,601,0.0,0.0
2017-05-10 00:00:00+09:00,14900.0,14900.0,14900.0,14900.0,0,0.0,0.0
2017-05-11 00:00:00+09:00,13800.0,13800.0,13800.0,13800.0,1,0.0,0.0
2017-05-12 00:00:00+09:00,15000.0,15000.0,13800.0,14950.0,4,0.0,0.0
2017-05-15 00:00:00+09:00,14900.0,14900.0,14900.0,14900.0,0,0.0,0.0
2017-05-16 00:00:00+09:00,13900.0,15000.0,13800.0,15000.0,214,0.0,0.0
2017-05-17 00:00:00+09:00,13500.0,13500.0,13500.0,13500.0,1,0.0,0.0
2017-05-18 00:00:00+09:00,13000.0,14500.0,13000.0,14500.0,2,0.0,0.0
2017-05-19 00:00:00+09:00,13500.0,13500.0,13500.0,13500.0,1,0.0,0.0
2017-05-22 00:00:00+09:00,13300.0,13300.0,13300.0,13300.0,1,0.0,0.0
2017-05-23 00:00:00+09:00,12000.0,14000.0,12000.0,14000.0,2,0.0,0.0
2017-05-24 00:00:00+09:00,12100.0,15000.0,12100.0,14900.0,19,0.0,0.0
2017-05-25 00:00:00+09:00,13500.0,15700.0,13500.0,14900.0,103,0.0,0.0
2017-05-26 00:00:00+09:00,14900.0,14900.0,14900.0,14900.0,0,0.0,0.0
2017-05-29 00:00:00+09:00,13800.0,13800.0,13500.0,13800.0,251,0.0,0.0
2017-05-30 00:00:00+09:00,13300.0,15000.0,13300.0,15000.0,73,0.0,0.0
2017-05-31 00:00:00+09:00,13500.0,13500.0,13500.0,13500.0,1,0.0,0.0
2017-06-01 00:00:00+09:00,12000.0,14500.0,12000.0,13000.0,113,0.0,0.0
2017-06-02 00:00:00+09:00,14950.0,14950.0,11200.0,14000.0,3,0.0,0.0
2017-06-05 00:00:00+09:00,12000.0,14300.0,12000.0,13500.0,3,0.0,0.0
2017-06-07 00:00:00+09:00,12000.0,12000.0,12000.0,12000.0,1,0.0,0.0
2017-06-08 00:00:00+09:00,13800.0,13800.0,13800.0,13800.0,1,0.0,0.0
2017-06-09 00:00:00+09:00,12000.0,14700.0,12000.0,14000.0,501,0.0,0.0
2017-06-12 00:00:00+09:00,13800.0,13800.0,13800.0,13800.0,100,0.0,0.0
2017-06-13 00:00:00+09:00,13500.0,13500.0,13500.0,13500.0,300,0.0,0.0
2017-06-14 00:00:00+09:00,13500.0,14100.0,13100.0,13700.0,900,0.0,0.0
2017-06-15 00:00:00+09:00,13500.0,13500.0,13500.0,13500.0,100,0.0,0.0
2017-06-16 00:00:00+09:00,13300.0,14100.0,13100.0,14100.0,2240,0.0,0.0
2017-06-19 00:00:00+09:00,13500.0,13500.0,13300.0,13300.0,570,0.0,0.0
2017-06-20 00:00:00+09:00,13100.0,13100.0,13100.0,13100.0,30,0.0,0.0
2017-06-21 00:00:00+09:00,13100.0,13100.0,13100.0,13100.0,0,0.0,0.0
2017-06-22 00:00:00+09:00,13100.0,13100.0,13100.0,13100.0,0,0.0,0.0
2017-06-23 00:00:00+09:00,13500.0,13500.0,13500.0,13500.0,100,0.0,0.0
2017-06-26 00:00:00+09:00,13500.0,13500.0,13500.0,13500.0,0,0.0,0.0
2017-06-27 00:00:00+09:00,14000.0,14000.0,14000.0,14000.0,200,0.0,0.0
2017-06-28 00:00:00+09:00,13900.0,13900.0,13900.0,13900.0,0,0.0,0.0
2017-06-29 00:00:00+09:00,13300.0,14000.0,13000.0,14000.0,2800,0.0,0.0
2017-06-30 00:00:00+09:00,13300.0,14300.0,13300.0,13500.0,488,0.0,0.0
2017-07-03 00:00:00+09:00,13300.0,13900.0,13050.0,13900.0,2001,0.0,0.0
2017-07-04 00:00:00+09:00,13500.0,13500.0,13500.0,13500.0,0,0.0,0.0
2017-07-05 00:00:00+09:00,13900.0,13900.0,13900.0,13900.0,1,0.0,0.0
2017-07-06 00:00:00+09:00,13800.0,13800.0,13800.0,13800.0,700,0.0,0.0
2017-07-07 00:00:00+09:00,13100.0,13100.0,13100.0,13100.0,100,0.0,0.0
2017-07-10 00:00:00+09:00,13500.0,13500.0,13500.0,13500.0,500,0.0,0.0
2017-07-11 00:00:00+09:00,13100.0,13500.0,12900.0,13500.0,1300,0.0,0.0
2017-07-12 00:00:00+09:00,13500.0,13500.0,13500.0,13500.0,0,0.0,0.0
2017-07-13 00:00:00+09:00,13500.0,13500.0,13500.0,13500.0,0,0.0,0.0
2017-07-14 00:00:00+09:00,13300.0,13500.0,13300.0,13500.0,1252,0.0,0.0
2017-07-17 00:00:00+09:00,13000.0,13000.0,12000.0,13000.0,8,0.0,0.0
2017-07-18 00:00:00+09:00,13000.0,13000.0,13000.0,13000.0,380,0.0,0.0
2017-07-19 00:00:00+09:00,13000.0,13000.0,13000.0,13000.0,3,0.0,0.0
2017-07-20 00:00:00+09:00,13000.0,13000.0,13000.0,13000.0,1,0.0,0.0
2017-07-21 00:00:00+09:00,13000.0,13000.0,13000.0,13000.0,409,0.0,0.0
2017-07-24 00:00:00+09:00,13000.0,13000.0,13000.0,13000.0,0,0.0,0.0
2017-07-25 00:00:00+09:00,13000.0,13000.0,13000.0,13000.0,269,0.0,0.0
2017-07-26 00:00:00+09:00,13000.0,13000.0,13000.0,13000.0,0,0.0,0.0
2017-07-27 00:00:00+09:00,13000.0,13000.0,13000.0,13000.0,0,0.0,0.0
2017-07-28 00:00:00+09:00,13000.0,13000.0,13000.0,13000.0,193,0.0,0.0
2017-07-31 00:00:00+09:00,13000.0,13000.0,13000.0,13000.0,0,0.0,0.0
2017-08-01 00:00:00+09:00,13000.0,13000.0,13000.0,13000.0,0,0.0,0.0
2017-08-02 00:00:00+09:00,13000.0,13000.0,13000.0,13000.0,0,0.0,0.0
2017-08-03 00:00:00+09:00,13000.0,13000.0,13000.0,13000.0,0,0.0,0.0
2017-08-04 00:00:00+09:00,13000.0,13000.0,13000.0,13000.0,0,0.0,0.0
2017-08-07 00:00:00+09:00,13000.0,13000.0,13000.0,13000.0,0,0.0,0.0
2017-08-08 00:00:00+09:00,13000.0,13000.0,13000.0,13000.0,0,0.0,0.0
2017-08-09 00:00:00+09:00,13000.0,13000.0,13000.0,13000.0,0,0.0,0.0
2017-08-10 00:00:00+09:00,13000.0,13000.0,13000.0,13000.0,0,0.0,0.0
2017-08-11 00:00:00+09:00,13000.0,13000.0,13000.0,13000.0,0,0.0,0.0
2017-08-14 00:00:00+09:00,12000.0,13000.0,12000.0,13000.0,1001,0.0,0.0
2017-08-16 00:00:00+09:00,13000.0,13000.0,13000.0,13000.0,0,0.0,0.0
2017-08-17 00:00:00+09:00,13000.0,13000.0,13000.0,13000.0,0,0.0,0.0
2017-08-18 00:00:00+09:00,12000.0,12000.0,12000.0,12000.0,1,0.0,0.0
2017-08-21 00:00:00+09:00,13000.0,13000.0,13000.0,13000.0,1,0.0,0.0
2017-08-22 00:00:00+09:00,13000.0,13000.0,13000.0,13000.0,115,0.0,0.0
2017-08-23 00:00:00+09:00,12000.0,13000.0,12000.0,12050.0,12,0.0,0.0
2017-08-24 00:00:00+09:00,13000.0,13850.0,12800.0,13000.0,3002,0.0,0.0
2017-08-25 00:00:00+09:00,13500.0,14950.0,13000.0,13050.0,503,0.0,0.0
2017-08-28 00:00:00+09:00,13000.0,13500.0,13000.0,13150.0,2555,0.0,0.0
2017-08-29 00:00:00+09:00,12900.0,13400.0,12800.0,13400.0,1601,0.0,0.0
2017-08-30 00:00:00+09:00,12950.0,12950.0,12900.0,12900.0,661,0.0,0.0
2017-08-31 00:00:00+09:00,12900.0,12900.0,12900.0,12900.0,500,0.0,0.0
2017-09-01 00:00:00+09:00,12900.0,13300.0,12900.0,13300.0,501,0.0,0.0
2017-09-04 00:00:00+09:00,12800.0,13200.0,12000.0,12700.0,378,0.0,0.0
2017-09-05 00:00:00+09:00,12700.0,12700.0,12700.0,12700.0,0,0.0,0.0
2017-09-06 00:00:00+09:00,13200.0,13200.0,12500.0,12500.0,36,0.0,0.0
2017-09-07 00:00:00+09:00,13200.0,13200.0,13200.0,13200.0,100,0.0,0.0
2017-09-08 00:00:00+09:00,13200.0,13200.0,13200.0,13200.0,0,0.0,0.0
2017-09-11 00:00:00+09:00,13200.0,13300.0,12500.0,13300.0,1002,0.0,0.0
2017-09-12 00:00:00+09:00,13300.0,13300.0,13200.0,13200.0,700,0.0,0.0
2017-09-13 00:00:00+09:00,13200.0,13400.0,13200.0,13400.0,1001,0.0,0.0
2017-09-14 00:00:00+09:00,13500.0,14000.0,13500.0,14000.0,625,0.0,0.0
2017-09-15 00:00:00+09:00,14000.0,14000.0,12900.0,13050.0,1481,0.0,0.0
2017-09-18 00:00:00+09:00,12900.0,13050.0,12900.0,13050.0,11,0.0,0.0
2017-09-19 00:00:00+09:00,13000.0,13450.0,12900.0,13450.0,105,0.0,0.0
2017-09-20 00:00:00+09:00,12900.0,13000.0,12900.0,13000.0,200,0.0,0.0
2017-09-21 00:00:00+09:00,12800.0,13450.0,12500.0,12550.0,963,0.0,0.0
2017-09-25 00:00:00+09:00,12900.0,14750.0,12900.0,13500.0,6907,0.0,0.0
2017-09-26 00:00:00+09:00,12900.0,13500.0,12900.0,13000.0,2002,0.0,0.0
2017-09-27 00:00:00+09:00,13400.0,13900.0,13400.0,13900.0,370,0.0,0.0
2017-09-28 00:00:00+09:00,13900.0,13900.0,13900.0,13900.0,0,0.0,0.0
2017-09-29 00:00:00+09:00,13900.0,13900.0,13900.0,13900.0,100,0.0,0.0
2017-10-10 00:00:00+09:00,13050.0,13050.0,13050.0,13050.0,1,0.0,0.0
2017-10-11 00:00:00+09:00,14100.0,14100.0,14100.0,14100.0,1,0.0,0.0
2017-10-12 00:00:00+09:00,13000.0,13000.0,13000.0,13000.0,1,0.0,0.0
2017-10-13 00:00:00+09:00,13000.0,13000.0,12800.0,12800.0,301,0.0,0.0
2017-10-16 00:00:00+09:00,12500.0,12500.0,12500.0,12500.0,200,0.0,0.0
2017-10-17 00:00:00+09:00,12000.0,13100.0,12000.0,13100.0,3,0.0,0.0
2017-10-18 00:00:00+09:00,12000.0,13200.0,12000.0,13200.0,153,0.0,0.0
2017-10-19 00:00:00+09:00,12200.0,12200.0,12200.0,12200.0,1,0.0,0.0
2017-10-20 00:00:00+09:00,12500.0,12500.0,12500.0,12500.0,0,0.0,0.0
2017-10-23 00:00:00+09:00,13200.0,13200.0,13200.0,13200.0,1,0.0,0.0
2017-10-24 00:00:00+09:00,13200.0,13200.0,13200.0,13200.0,0,0.0,0.0
2017-10-25 00:00:00+09:00,13000.0,13000.0,13000.0,13000.0,15,0.0,0.0
2017-10-26 00:00:00+09:00,13000.0,13000.0,13000.0,13000.0,0,0.0,0.0
2017-10-27 00:00:00+09:00,13100.0,13100.0,13100.0,13100.0,300,0.0,0.0
2017-10-30 00:00:00+09:00,13100.0,13100.0,13100.0,13100.0,0,0.0,0.0
2017-10-31 00:00:00+09:00,13100.0,13100.0,13100.0,13100.0,500,0.0,0.0
2017-11-01 00:00:00+09:00,13000.0,13200.0,12900.0,13000.0,596,0.0,0.0
2017-11-02 00:00:00+09:00,12900.0,13300.0,12900.0,13300.0,119,0.0,0.0
2017-11-03 00:00:00+09:00,13000.0,13500.0,13000.0,13500.0,121,0.0,0.0
2017-11-06 00:00:00+09:00,13450.0,13450.0,13450.0,13450.0,0,0.0,0.0
2017-11-07 00:00:00+09:00,13500.0,13500.0,13500.0,13500.0,100,0.0,0.0
2017-11-08 00:00:00+09:00,13600.0,13600.0,13600.0,13600.0,30,0.0,0.0
2017-11-09 00:00:00+09:00,13600.0,13600.0,13600.0,13600.0,0,0.0,0.0
2017-11-10 00:00:00+09:00,13000.0,13000.0,12900.0,12900.0,246,0.0,0.0
2017-11-13 00:00:00+09:00,12800.0,12800.0,12500.0,12500.0,1100,0.0,0.0
2017-11-14 00:00:00+09:00,13000.0,13100.0,13000.0,13100.0,107,0.0,0.0
2017-11-15 00:00:00+09:00,13100.0,13100.0,13100.0,13100.0,0,0.0,0.0
2017-11-16 00:00:00+09:00,13100.0,13100.0,13100.0,13100.0,0,0.0,0.0
2017-11-17 00:00:00+09:00,13100.0,13100.0,13100.0,13100.0,13,0.0,0.0
2017-11-20 00:00:00+09:00,12600.0,13100.0,12600.0,13100.0,486,0.0,0.0
2017-11-21 00:00:00+09:00,13000.0,13000.0,13000.0,13000.0,201,0.0,0.0
2017-11-22 00:00:00+09:00,12600.0,12600.0,12500.0,12500.0,200,0.0,0.0
2017-11-23 00:00:00+09:00,10650.0,13000.0,10650.0,13000.0,202,0.0,0.0
2017-11-24 00:00:00+09:00,12600.0,12900.0,12500.0,12900.0,201,0.0,0.0
2017-11-27 00:00:00+09:00,12000.0,12850.0,12000.0,12850.0,132,0.0,0.0
2017-11-28 00:00:00+09:00,11200.0,12500.0,11200.0,12500.0,169,0.0,0.0
2017-11-29 00:00:00+09:00,12800.0,12800.0,12800.0,12800.0,1,0.0,0.0
2017-11-30 00:00:00+09:00,12800.0,12800.0,12800.0,12800.0,0,0.0,0.0
2017-12-01 00:00:00+09:00,13500.0,13500.0,13500.0,13500.0,1,0.0,0.0
2017-12-04 00:00:00+09:00,12900.0,12900.0,11500.0,12500.0,1544,0.0,0.0
2017-12-05 00:00:00+09:00,12450.0,12450.0,12450.0,12450.0,0,0.0,0.0
2017-12-06 00:00:00+09:00,11950.0,11950.0,11950.0,11950.0,200,0.0,0.0
2017-12-07 00:00:00+09:00,13500.0,13500.0,11950.0,11950.0,85,0.0,0.0
2017-12-08 00:00:00+09:00,12000.0,12000.0,11000.0,11800.0,3850,0.0,0.0
2017-12-11 00:00:00+09:00,11500.0,11800.0,11400.0,11800.0,1577,0.0,0.0
2017-12-12 00:00:00+09:00,11800.0,12450.0,11800.0,12450.0,21,0.0,0.0
2017-12-13 00:00:00+09:00,12000.0,14000.0,12000.0,14000.0,455,0.0,0.0
2017-12-14 00:00:00+09:00,13900.0,13900.0,13900.0,13900.0,100,0.0,0.0
2017-12-15 00:00:00+09:00,13900.0,13900.0,12500.0,12500.0,1065,0.0,0.0
2017-12-18 00:00:00+09:00,12500.0,12500.0,12500.0,12500.0,0,0.0,0.0
2017-12-19 00:00:00+09:00,12550.0,12550.0,12550.0,12550.0,0,0.0,0.0
2017-12-21 00:00:00+09:00,12550.0,12550.0,12550.0,12550.0,0,0.0,0.0
2017-12-22 00:00:00+09:00,13500.0,13500.0,13500.0,13500.0,2,0.0,0.0
2017-12-26 00:00:00+09:00,13800.0,13900.0,12550.0,12550.0,752,0.0,0.0
2017-12-27 00:00:00+09:00,13900.0,14400.0,13900.0,14400.0,301,0.0,0.0
2017-12-28 00:00:00+09:00,14500.0,14900.0,14500.0,14900.0,31,0.0,0.0
2018-01-02 00:00:00+09:00,14900.0,15100.0,14900.0,14900.0,1148,0.0,0.0
2018-01-03 00:00:00+09:00,15100.0,15100.0,15100.0,15100.0,1,0.0,0.0
2018-01-04 00:00:00+09:00,15200.0,15200.0,15200.0,15200.0,1,0.0,0.0
2018-01-05 00:00:00+09:00,15800.0,15800.0,15800.0,15800.0,1,0.0,0.0
2018-01-08 00:00:00+09:00,14100.0,16200.0,14100.0,16200.0,1548,0.0,0.0
2018-01-09 00:00:00+09:00,16300.0,16300.0,16300.0,16300.0,21,0.0,0.0
2018-01-10 00:00:00+09:00,16300.0,16300.0,16300.0,16300.0,0,0.0,0.0
2018-01-11 00:00:00+09:00,16300.0,18000.0,16300.0,16300.0,1504,0.0,0.0
2018-01-12 00:00:00+09:00,15000.0,16850.0,15000.0,16850.0,2004,0.0,0.0
2018-01-15 00:00:00+09:00,16500.0,18850.0,16500.0,18850.0,1104,0.0,0.0
2018-01-16 00:00:00+09:00,18950.0,21650.0,18950.0,21650.0,9356,0.0,0.0
2018-01-17 00:00:00+09:00,24800.0,24850.0,24500.0,24850.0,10823,0.0,0.0
2018-01-18 00:00:00+09:00,28300.0,28300.0,21400.0,21550.0,2440,0.0,0.0
2018-01-19 00:00:00+09:00,22000.0,24000.0,19200.0,19850.0,619,0.0,0.0
2018-01-22 00:00:00+09:00,22500.0,22500.0,19850.0,21900.0,58,0.0,0.0
2018-01-23 00:00:00+09:00,21950.0,21950.0,20000.0,21000.0,411,0.0,0.0
2018-01-24 00:00:00+09:00,21000.0,21000.0,19500.0,19500.0,836,0.0,0.0
2018-01-25 00:00:00+09:00,19500.0,21000.0,18500.0,21000.0,662,0.0,0.0
2018-01-26 00:00:00+09:00,20900.0,20900.0,20900.0,20900.0,10,0.0,0.0
2018-01-29 00:00:00+09:00,19700.0,23000.0,19700.0,23000.0,132,0.0,0.0
2018-01-30 00:00:00+09:00,22900.0,22900.0,22500.0,22500.0,152,0.0,0.0
2018-01-31 00:00:00+09:00,22400.0,22400.0,20000.0,22350.0,1525,0.0,0.0
2018-02-01 00:00:00+09:00,20000.0,21500.0,20000.0,21450.0,1854,0.0,0.0
2018-02-02 00:00:00+09:00,21450.0,21450.0,18250.0,20300.0,6,0.0,0.0
2018-02-05 00:00:00+09:00,19350.0,19350.0,19000.0,19000.0,2105,0.0,0.0
2018-02-07 00:00:00+09:00,19450.0,20000.0,18000.0,19350.0,384,0.0,0.0
2018-02-08 00:00:00+09:00,19300.0,19300.0,19300.0,19300.0,0,0.0,0.0
2018-02-09 00:00:00+09:00,19400.0,19500.0,19300.0,19300.0,19,0.0,0.0
2018-02-12 00:00:00+09:00,19800.0,19800.0,19000.0,19000.0,81,0.0,0.0
2018-02-13 00:00:00+09:00,19450.0,19450.0,19000.0,19000.0,38,0.0,0.0
2018-02-14 00:00:00+09:00,19000.0,19000.0,19000.0,19000.0,65,0.0,0.0
2018-02-19 00:00:00+09:00,19000.0,19500.0,17500.0,19000.0,11372,0.0,0.0
2018-02-20 00:00:00+09:00,19200.0,19200.0,17600.0,18450.0,13539,0.0,0.0
2018-02-21 00:00:00+09:00,18400.0,19500.0,18400.0,19500.0,3116,0.0,0.0
2018-02-22 00:00:00+09:00,20500.0,20500.0,19000.0,20450.0,581,0.0,0.0
2018-02-23 00:00:00+09:00,20450.0,20450.0,20450.0,20450.0,211,0.0,0.0
2018-02-26 00:00:00+09:00,20000.0,20000.0,19800.0,19800.0,431,0.0,0.0
2018-02-27 00:00:00+09:00,20000.0,21300.0,19500.0,20000.0,1561,0.0,0.0
2018-02-28 00:00:00+09:00,20500.0,20500.0,19500.0,20500.0,3,0.0,0.0
2018-03-07 00:00:00+09:00,19600.0,19950.0,19500.0,19950.0,191,0.0,0.0
2018-03-08 00:00:00+09:00,19700.0,19950.0,19500.0,19950.0,259,0.0,0.0
2018-03-09 00:00:00+09:00,19800.0,19800.0,19500.0,19700.0,1366,0.0,0.0
2018-03-12 00:00:00+09:00,19800.0,19800.0,19700.0,19700.0,813,0.0,0.0
2018-03-13 00:00:00+09:00,19900.0,21400.0,19500.0,19800.0,946,0.0,0.0
2018-03-14 00:00:00+09:00,22000.0,22000.0,20000.0,20300.0,1449,0.0,0.0
2018-03-15 00:00:00+09:00,23300.0,23300.0,19000.0,23000.0,380,0.0,0.0
2018-03-16 00:00:00+09:00,26000.0,26000.0,20100.0,23950.0,1459,0.0,0.0
2018-03-19 00:00:00+09:00,23800.0,23800.0,20500.0,22500.0,841,0.0,0.0
2018-03-20 00:00:00+09:00,22500.0,22500.0,22500.0,22500.0,0,0.0,0.0
2018-03-21 00:00:00+09:00,20500.0,22400.0,20500.0,22400.0,301,0.0,0.0
2018-03-22 00:00:00+09:00,22400.0,22400.0,22400.0,22400.0,0,0.0,0.0
2018-03-23 00:00:00+09:00,20500.0,22200.0,19500.0,22200.0,7414,0.0,0.0
2018-03-26 00:00:00+09:00,21000.0,24000.0,19700.0,24000.0,1291,0.0,0.0
2018-03-27 00:00:00+09:00,21300.0,21900.0,20950.0,21850.0,8157,0.0,0.0
2018-03-28 00:00:00+09:00,19900.0,21800.0,19900.0,21000.0,2874,0.0,0.0
2018-03-29 00:00:00+09:00,21000.0,21000.0,20050.0,20800.0,338,0.0,0.0
2018-03-30 00:00:00+09:00,20650.0,20700.0,19900.0,19900.0,1853,0.0,0.0
2018-04-02 00:00:00+09:00,20300.0,21500.0,20300.0,21000.0,1748,0.0,0.0
2018-04-03 00:00:00+09:00,20500.0,20500.0,20000.0,20500.0,2177,0.0,0.0
2018-04-04 00:00:00+09:00,20400.0,20400.0,20100.0,20100.0,1172,0.0,0.0
2018-04-05 00:00:00+09:00,20300.0,21000.0,20300.0,20900.0,6,0.0,0.0
2018-04-06 00:00:00+09:00,20000.0,20600.0,20000.0,20500.0,2273,0.0,0.0
2018-04-09 00:00:00+09:00,20500.0,20700.0,20500.0,20500.0,2215,0.0,0.0
2018-04-10 00:00:00+09:00,20500.0,20800.0,20300.0,20500.0,1595,0.0,0.0
2018-04-11 00:00:00+09:00,20500.0,20500.0,20500.0,20500.0,48,0.0,0.0
2018-04-12 00:00:00+09:00,20500.0,20700.0,20000.0,20500.0,2711,0.0,0.0
2018-04-13 00:00:00+09:00,20500.0,20500.0,20500.0,20500.0,0,0.0,0.0
2018-04-16 00:00:00+09:00,20000.0,20000.0,20000.0,20000.0,6353,0.0,0.0
2018-04-17 00:00:00+09:00,20000.0,20000.0,19900.0,20000.0,885,0.0,0.0
2018-04-18 00:00:00+09:00,21500.0,21500.0,20000.0,20000.0,1285,0.0,0.0
2018-04-19 00:00:00+09:00,19900.0,19900.0,19900.0,19900.0,16,0.0,0.0
2018-04-20 00:00:00+09:00,20800.0,20800.0,20700.0,20700.0,33,0.0,0.0
2018-04-23 00:00:00+09:00,20450.0,20450.0,20450.0,20450.0,0,0.0,0.0
2018-04-24 00:00:00+09:00,17500.0,20000.0,17500.0,20000.0,18428,0.0,0.0
2018-04-25 00:00:00+09:00,17500.0,18100.0,17200.0,17400.0,7784,0.0,0.0
2018-04-26 00:00:00+09:00,18000.0,18500.0,18000.0,18500.0,61,0.0,0.0
2018-04-27 00:00:00+09:00,19450.0,19450.0,19450.0,19450.0,7,0.0,0.0
2018-04-30 00:00:00+09:00,17500.0,18000.0,17000.0,17900.0,5737,0.0,0.0
2018-05-02 00:00:00+09:00,17800.0,17800.0,17800.0,17800.0,0,0.0,0.0
2018-05-03 00:00:00+09:00,19950.0,19950.0,16500.0,17600.0,3440,0.0,0.0
2018-05-04 00:00:00+09:00,18000.0,18000.0,16800.0,16800.0,3740,0.0,0.0
2018-05-08 00:00:00+09:00,16500.0,17100.0,16500.0,17100.0,1420,0.0,0.0
2018-05-09 00:00:00+09:00,17100.0,17400.0,17100.0,17400.0,98,0.0,0.0
2018-05-10 00:00:00+09:00,17700.0,17700.0,16000.0,16000.0,16,0.0,0.0
2018-05-11 00:00:00+09:00,16100.0,17800.0,16000.0,16000.0,612,0.0,0.0
2018-05-14 00:00:00+09:00,15800.0,16300.0,15000.0,16300.0,3003,0.0,0.0
2018-05-15 00:00:00+09:00,16300.0,16350.0,15600.0,15600.0,397,0.0,0.0
2018-05-16 00:00:00+09:00,16500.0,17000.0,16500.0,17000.0,11,0.0,0.0
2018-05-17 00:00:00+09:00,17000.0,17000.0,16900.0,16900.0,7,0.0,0.0
2018-05-18 00:00:00+09:00,17900.0,18000.0,15300.0,16100.0,1024,0.0,0.0
2018-05-21 00:00:00+09:00,16600.0,16600.0,16600.0,16600.0,0,0.0,0.0
2018-05-23 00:00:00+09:00,16000.0,17100.0,16000.0,16500.0,247,0.0,0.0
2018-05-24 00:00:00+09:00,16450.0,16500.0,16450.0,16500.0,42,0.0,0.0
2018-05-25 00:00:00+09:00,16500.0,16500.0,16000.0,16000.0,1081,0.0,0.0
2018-05-28 00:00:00+09:00,16800.0,16800.0,15400.0,15400.0,3,0.0,0.0
2018-05-29 00:00:00+09:00,15000.0,15900.0,14500.0,14500.0,603,0.0,0.0
2018-05-30 00:00:00+09:00,14100.0,15300.0,14100.0,15300.0,2,0.0,0.0
2018-05-31 00:00:00+09:00,15300.0,15300.0,15200.0,15300.0,1099,0.0,0.0
2018-06-01 00:00:00+09:00,16000.0,16000.0,15000.0,15000.0,1503,0.0,0.0
2018-06-04 00:00:00+09:00,16000.0,16000.0,15000.0,15500.0,5,0.0,0.0
2018-06-05 00:00:00+09:00,14500.0,15500.0,14500.0,15500.0,89,0.0,0.0
2018-06-07 00:00:00+09:00,15550.0,15550.0,14500.0,14500.0,803,0.0,0.0
2018-06-08 00:00:00+09:00,14900.0,16000.0,14900.0,16000.0,266,0.0,0.0
2018-06-11 00:00:00+09:00,16000.0,16000.0,16000.0,16000.0,9,0.0,0.0
2018-06-12 00:00:00+09:00,16000.0,16000.0,16000.0,16000.0,10,0.0,0.0
2018-06-14 00:00:00+09:00,16000.0,16000.0,16000.0,16000.0,298,0.0,0.0
2018-06-15 00:00:00+09:00,16000.0,16000.0,15500.0,15500.0,61,0.0,0.0
2018-06-18 00:00:00+09:00,15500.0,16000.0,15450.0,15450.0,186,0.0,0.0
2018-06-19 00:00:00+09:00,15000.0,15000.0,15000.0,15000.0,800,0.0,0.0
2018-06-20 00:00:00+09:00,14500.0,16500.0,14500.0,14500.0,50,0.0,0.0
2018-06-21 00:00:00+09:00,14500.0,15500.0,14500.0,15500.0,101,0.0,0.0
2018-06-22 00:00:00+09:00,15500.0,17000.0,15500.0,16000.0,8517,0.0,0.0
2018-06-25 00:00:00+09:00,16000.0,16500.0,16000.0,16500.0,1257,0.0,0.0
2018-06-26 00:00:00+09:00,15500.0,16500.0,15500.0,16100.0,2330,0.0,0.0
2018-06-27 00:00:00+09:00,16500.0,16500.0,16000.0,16000.0,6154,0.0,0.0
2018-06-28 00:00:00+09:00,16000.0,17000.0,15000.0,16950.0,1495,0.0,0.0
2018-06-29 00:00:00+09:00,17000.0,17000.0,16950.0,16950.0,211,0.0,0.0
2018-07-02 00:00:00+09:00,16000.0,16950.0,16000.0,16950.0,504,0.0,0.0
2018-07-03 00:00:00+09:00,16900.0,16900.0,16900.0,16900.0,0,0.0,0.0
2018-07-04 00:00:00+09:00,16900.0,16900.0,16900.0,16900.0,33,0.0,0.0
2018-07-05 00:00:00+09:00,16900.0,16900.0,16500.0,16850.0,311,0.0,0.0
2018-07-06 00:00:00+09:00,16850.0,16850.0,16850.0,16850.0,1200,0.0,0.0
2018-07-09 00:00:00+09:00,16850.0,17000.0,16500.0,17000.0,4025,0.0,0.0
2018-07-10 00:00:00+09:00,17500.0,18500.0,16350.0,16350.0,1469,0.0,0.0
2018-07-11 00:00:00+09:00,17500.0,17500.0,16850.0,16850.0,508,0.0,0.0
2018-07-12 00:00:00+09:00,17000.0,17000.0,16500.0,16500.0,975,0.0,0.0
2018-07-13 00:00:00+09:00,17900.0,17900.0,16600.0,16900.0,2956,0.0,0.0
2018-07-16 00:00:00+09:00,17900.0,17900.0,16500.0,16500.0,301,0.0,0.0
2018-07-17 00:00:00+09:00,16000.0,17800.0,16000.0,17800.0,51,0.0,0.0
2018-07-18 00:00:00+09:00,17600.0,17600.0,16850.0,17000.0,3296,0.0,0.0
2018-07-19 00:00:00+09:00,18500.0,18500.0,16900.0,16900.0,936,0.0,0.0
2018-07-20 00:00:00+09:00,17500.0,17700.0,17200.0,17700.0,780,0.0,0.0
2018-07-23 00:00:00+09:00,19950.0,19950.0,18000.0,18000.0,693,0.0,0.0
2018-07-24 00:00:00+09:00,18500.0,18500.0,18000.0,18000.0,837,0.0,0.0
2018-07-25 00:00:00+09:00,18550.0,18550.0,17200.0,17200.0,600,0.0,0.0
2018-07-26 00:00:00+09:00,18500.0,18500.0,17300.0,18000.0,740,0.0,0.0
2018-07-27 00:00:00+09:00,18050.0,18050.0,18050.0,18050.0,4,0.0,0.0
2018-07-30 00:00:00+09:00,19000.0,19000.0,19000.0,19000.0,1,0.0,0.0
2018-07-31 00:00:00+09:00,18950.0,18950.0,18950.0,18950.0,0,0.0,0.0
2018-08-01 00:00:00+09:00,19000.0,19000.0,18000.0,18750.0,193,0.0,0.0
2018-08-02 00:00:00+09:00,17150.0,18800.0,17150.0,18650.0,160,0.0,0.0
2018-08-03 00:00:00+09:00,18750.0,18750.0,18100.0,18700.0,25,0.0,0.0
2018-08-06 00:00:00+09:00,19500.0,19500.0,18500.0,18500.0,6,0.0,0.0
2018-08-07 00:00:00+09:00,18500.0,18500.0,18500.0,18500.0,8,0.0,0.0
2018-08-08 00:00:00+09:00,18500.0,18900.0,18500.0,18700.0,37,0.0,0.0
2018-08-09 00:00:00+09:00,18650.0,18650.0,18600.0,18650.0,7,0.0,0.0
2018-08-10 00:00:00+09:00,18900.0,18900.0,18300.0,18600.0,408,0.0,0.0
2018-08-13 00:00:00+09:00,18500.0,18500.0,17500.0,18450.0,3108,0.0,0.0
2018-08-14 00:00:00+09:00,18450.0,18450.0,16550.0,16550.0,554,0.0,0.0
2018-08-16 00:00:00+09:00,16550.0,17650.0,16550.0,17650.0,121,0.0,0.0
2018-08-17 00:00:00+09:00,17650.0,17650.0,17650.0,17650.0,2368,0.0,0.0
2018-08-20 00:00:00+09:00,17650.0,17650.0,17650.0,17650.0,0,0.0,0.0
2018-08-21 00:00:00+09:00,17650.0,17650.0,17650.0,17650.0,6,0.0,0.0
2018-08-22 00:00:00+09:00,17700.0,17700.0,17400.0,17700.0,2161,0.0,0.0
2018-08-23 00:00:00+09:00,17700.0,17900.0,17700.0,17900.0,603,0.0,0.0
2018-08-24 00:00:00+09:00,17900.0,18500.0,17900.0,18500.0,442,0.0,0.0
2018-08-27 00:00:00+09:00,18300.0,18300.0,18300.0,18300.0,0,0.0,0.0
2018-08-28 00:00:00+09:00,18300.0,18300.0,18000.0,18100.0,1605,0.0,0.0
2018-08-29 00:00:00+09:00,18100.0,18500.0,18100.0,18500.0,507,0.0,0.0
2018-08-30 00:00:00+09:00,18500.0,18650.0,18500.0,18650.0,1055,0.0,0.0
2018-08-31 00:00:00+09:00,18300.0,18700.0,18300.0,18700.0,503,0.0,0.0
2018-09-03 00:00:00+09:00,18700.0,18700.0,18500.0,18500.0,270,0.0,0.0
2018-09-04 00:00:00+09:00,18450.0,18700.0,18450.0,18700.0,2,0.0,0.0
2018-09-05 00:00:00+09:00,19000.0,19100.0,18950.0,19100.0,1475,0.0,0.0
2018-09-06 00:00:00+09:00,19500.0,20000.0,19500.0,20000.0,886,0.0,0.0
2018-09-07 00:00:00+09:00,19950.0,19950.0,19950.0,19950.0,15,0.0,0.0
2018-09-10 00:00:00+09:00,19600.0,19600.0,19600.0,19600.0,0,0.0,0.0
2018-09-11 00:00:00+09:00,19600.0,19900.0,19300.0,19300.0,941,0.0,0.0
2018-09-12 00:00:00+09:00,19300.0,19300.0,19000.0,19000.0,667,0.0,0.0
2018-09-13 00:00:00+09:00,20400.0,20400.0,19200.0,19600.0,799,0.0,0.0
2018-09-14 00:00:00+09:00,20000.0,20000.0,20000.0,20000.0,1,0.0,0.0
2018-09-17 00:00:00+09:00,19200.0,19600.0,19200.0,19600.0,616,0.0,0.0
2018-09-18 00:00:00+09:00,19600.0,19600.0,19600.0,19600.0,10,0.0,0.0
2018-09-19 00:00:00+09:00,19600.0,19600.0,19300.0,19300.0,430,0.0,0.0
2018-09-20 00:00:00+09:00,19300.0,19800.0,19300.0,19400.0,52,0.0,0.0
2018-09-21 00:00:00+09:00,19200.0,19800.0,19200.0,19200.0,402,0.0,0.0
2018-09-27 00:00:00+09:00,19500.0,19950.0,19200.0,19400.0,496,0.0,0.0
2018-09-28 00:00:00+09:00,20000.0,20000.0,19000.0,19100.0,464,0.0,0.0
2018-10-01 00:00:00+09:00,19100.0,20100.0,19000.0,20100.0,5346,0.0,0.0
2018-10-02 00:00:00+09:00,20200.0,22000.0,20200.0,20750.0,2807,0.0,0.0
2018-10-04 00:00:00+09:00,20600.0,20600.0,20550.0,20600.0,237,0.0,0.0
2018-10-05 00:00:00+09:00,22400.0,22400.0,20650.0,22000.0,2029,0.0,0.0
2018-10-08 00:00:00+09:00,22000.0,22500.0,21600.0,22100.0,10572,0.0,0.0
2018-10-10 00:00:00+09:00,22000.0,22300.0,22000.0,22100.0,5252,0.0,0.0
2018-10-11 00:00:00+09:00,21950.0,22200.0,19050.0,22000.0,2178,0.0,0.0
2018-10-12 00:00:00+09:00,21800.0,22000.0,21800.0,22000.0,2115,0.0,0.0
2018-10-15 00:00:00+09:00,22000.0,22000.0,22000.0,22000.0,294,0.0,0.0
2018-10-16 00:00:00+09:00,20500.0,21950.0,20000.0,20000.0,2296,0.0,0.0
2018-10-17 00:00:00+09:00,22400.0,22400.0,19900.0,19900.0,535,0.0,0.0
2018-10-18 00:00:00+09:00,19950.0,20100.0,19500.0,19550.0,1328,0.0,0.0
2018-10-19 00:00:00+09:00,20000.0,20000.0,19600.0,19650.0,577,0.0,0.0
2018-10-22 00:00:00+09:00,19700.0,21900.0,19300.0,21900.0,609,0.0,0.0
2018-10-23 00:00:00+09:00,19350.0,21900.0,19350.0,21500.0,5372,0.0,0.0
2018-10-24 00:00:00+09:00,21000.0,21000.0,19600.0,20500.0,8740,0.0,0.0
2018-10-25 00:00:00+09:00,19550.0,20400.0,19200.0,20350.0,4372,0.0,0.0
2018-10-26 00:00:00+09:00,20300.0,20300.0,20300.0,20300.0,20,0.0,0.0
2018-10-29 00:00:00+09:00,20250.0,20250.0,20250.0,20250.0,21,0.0,0.0
2018-10-30 00:00:00+09:00,20000.0,20000.0,20000.0,20000.0,0,0.0,0.0
2018-10-31 00:00:00+09:00,19400.0,20000.0,19400.0,20000.0,252,0.0,0.0
2018-11-01 00:00:00+09:00,19950.0,21000.0,19300.0,21000.0,546,0.0,0.0
2018-11-02 00:00:00+09:00,20000.0,20900.0,20000.0,20900.0,1337,0.0,0.0
2018-11-05 00:00:00+09:00,20900.0,20900.0,20900.0,20900.0,1,0.0,0.0
2018-11-06 00:00:00+09:00,20000.0,20850.0,20000.0,20000.0,250,0.0,0.0
2018-11-07 00:00:00+09:00,20000.0,20000.0,20000.0,20000.0,1,0.0,0.0
2018-11-08 00:00:00+09:00,20500.0,22950.0,20100.0,21450.0,5414,0.0,0.0
2018-11-09 00:00:00+09:00,20550.0,21350.0,20200.0,21350.0,691,0.0,0.0
2018-11-12 00:00:00+09:00,21500.0,21950.0,21250.0,21950.0,1222,0.0,0.0
2018-11-13 00:00:00+09:00,21900.0,22000.0,20650.0,21000.0,2821,0.0,0.0
2018-11-14 00:00:00+09:00,22700.0,22700.0,21000.0,21950.0,3576,0.0,0.0
2018-11-15 00:00:00+09:00,21950.0,21950.0,21900.0,21950.0,1072,0.0,0.0
2018-11-16 00:00:00+09:00,21150.0,21650.0,21150.0,21650.0,301,0.0,0.0
2018-11-19 00:00:00+09:00,21650.0,21650.0,21100.0,21100.0,570,0.0,0.0
2018-11-20 00:00:00+09:00,21600.0,21600.0,21400.0,21400.0,50,0.0,0.0
2018-11-21 00:00:00+09:00,21400.0,21400.0,20900.0,20900.0,174,0.0,0.0
2018-11-22 00:00:00+09:00,20900.0,20900.0,20300.0,20800.0,341,0.0,0.0
2018-11-23 00:00:00+09:00,20000.0,20650.0,19800.0,19800.0,1429,0.0,0.0
2018-11-26 00:00:00+09:00,20700.0,21500.0,20700.0,21500.0,1684,0.0,0.0
2018-11-27 00:00:00+09:00,21900.0,22000.0,21800.0,22000.0,5391,0.0,0.0
2018-11-28 00:00:00+09:00,20550.0,21200.0,20150.0,20900.0,996,0.0,0.0
2018-11-29 00:00:00+09:00,20100.0,21900.0,20100.0,21700.0,1981,0.0,0.0
2018-11-30 00:00:00+09:00,21500.0,21500.0,21500.0,21500.0,0,0.0,0.0
2018-12-03 00:00:00+09:00,21900.0,21900.0,21850.0,21850.0,580,0.0,0.0
2018-12-04 00:00:00+09:00,21850.0,21850.0,21500.0,21500.0,91,0.0,0.0
2018-12-05 00:00:00+09:00,21400.0,21500.0,21400.0,21500.0,50,0.0,0.0
2018-12-06 00:00:00+09:00,21000.0,21750.0,21000.0,21750.0,1237,0.0,0.0
2018-12-07 00:00:00+09:00,21650.0,21650.0,21650.0,21650.0,6,0.0,0.0
2018-12-10 00:00:00+09:00,21000.0,21500.0,21000.0,21500.0,1192,0.0,0.0
2018-12-11 00:00:00+09:00,21850.0,21850.0,21500.0,21500.0,70,0.0,0.0
2018-12-12 00:00:00+09:00,21500.0,21500.0,21500.0,21500.0,0,0.0,0.0
2018-12-13 00:00:00+09:00,21400.0,21400.0,21400.0,21400.0,1,0.0,0.0
2018-12-14 00:00:00+09:00,21100.0,21900.0,21100.0,21900.0,694,0.0,0.0
2018-12-17 00:00:00+09:00,21800.0,21800.0,21800.0,21800.0,0,0.0,0.0
2018-12-18 00:00:00+09:00,20100.0,21750.0,20050.0,21700.0,3475,0.0,0.0
2018-12-19 00:00:00+09:00,21450.0,21500.0,20350.0,20350.0,55,0.0,0.0
2018-12-20 00:00:00+09:00,22500.0,22500.0,21250.0,21250.0,362,0.0,0.0
2018-12-21 00:00:00+09:00,20350.0,21700.0,20200.0,21250.0,1242,0.0,0.0
2018-12-24 00:00:00+09:00,18100.0,22500.0,18100.0,20000.0,12,0.0,0.0
2018-12-26 00:00:00+09:00,21500.0,21500.0,20050.0,20050.0,275,0.0,0.0
2018-12-27 00:00:00+09:00,19550.0,20700.0,19550.0,20700.0,1046,0.0,0.0
2018-12-28 00:00:00+09:00,18500.0,21750.0,18500.0,21000.0,4377,0.0,0.0
2019-01-02 00:00:00+09:00,21000.0,21000.0,20200.0,20900.0,6005,0.0,0.0
2019-01-03 00:00:00+09:00,20900.0,20900.0,20050.0,20650.0,2951,0.0,0.0
2019-01-04 00:00:00+09:00,21500.0,21500.0,20750.0,21500.0,3334,0.0,0.0
2019-01-07 00:00:00+09:00,22850.0,24000.0,21100.0,23900.0,3154,0.0,0.0
2019-01-08 00:00:00+09:00,22200.0,24000.0,21900.0,23900.0,5426,0.0,0.0
2019-01-09 00:00:00+09:00,22000.0,22500.0,20550.0,21900.0,11857,0.0,0.0
2019-01-10 00:00:00+09:00,20700.0,22100.0,20650.0,21600.0,3671,0.0,0.0
2019-01-11 00:00:00+09:00,21650.0,24000.0,21650.0,23200.0,6645,0.0,0.0
2019-01-14 00:00:00+09:00,23900.0,24000.0,23250.0,23800.0,392,0.0,0.0
2019-01-15 00:00:00+09:00,23300.0,24900.0,23100.0,24900.0,1128,0.0,0.0
2019-01-16 00:00:00+09:00,24000.0,25400.0,24000.0,24100.0,316,0.0,0.0
2019-01-17 00:00:00+09:00,25000.0,25000.0,24650.0,24650.0,70,0.0,0.0
2019-01-18 00:00:00+09:00,25350.0,25350.0,23300.0,24750.0,2232,0.0,0.0
2019-01-21 00:00:00+09:00,24800.0,24800.0,23700.0,23750.0,2138,0.0,0.0
2019-01-22 00:00:00+09:00,24950.0,24950.0,24050.0,24300.0,1702,0.0,0.0
2019-01-23 00:00:00+09:00,25000.0,25000.0,24200.0,24300.0,358,0.0,0.0
2019-01-24 00:00:00+09:00,24100.0,24850.0,24000.0,24850.0,1324,0.0,0.0
2019-01-25 00:00:00+09:00,24850.0,24850.0,24000.0,24800.0,1799,0.0,0.0
2019-01-28 00:00:00+09:00,25000.0,25000.0,23500.0,24350.0,1382,0.0,0.0
2019-01-29 00:00:00+09:00,24350.0,24750.0,24150.0,24150.0,42,0.0,0.0
2019-01-30 00:00:00+09:00,24150.0,24150.0,23700.0,24150.0,381,0.0,0.0
2019-01-31 00:00:00+09:00,24750.0,24750.0,22250.0,24200.0,2629,0.0,0.0
2019-02-01 00:00:00+09:00,25950.0,25950.0,24100.0,24100.0,179,0.0,0.0
2019-02-07 00:00:00+09:00,24950.0,24950.0,23800.0,23850.0,906,0.0,0.0
2019-02-08 00:00:00+09:00,24000.0,24750.0,23350.0,24000.0,2502,0.0,0.0
2019-02-11 00:00:00+09:00,24000.0,24800.0,23200.0,24100.0,1273,0.0,0.0
2019-02-12 00:00:00+09:00,23750.0,24150.0,23750.0,24150.0,119,0.0,0.0
2019-02-13 00:00:00+09:00,23050.0,24800.0,23050.0,24550.0,2391,0.0,0.0
2019-02-14 00:00:00+09:00,24000.0,24450.0,23800.0,24450.0,1685,0.0,0.0
2019-02-15 00:00:00+09:00,23500.0,24950.0,23500.0,24950.0,2040,0.0,0.0
2019-02-18 00:00:00+09:00,23200.0,24950.0,23200.0,24950.0,1685,0.0,0.0
2019-02-19 00:00:00+09:00,24900.0,24900.0,23700.0,24900.0,518,0.0,0.0
2019-02-20 00:00:00+09:00,24000.0,24800.0,23950.0,24700.0,1080,0.0,0.0
2019-02-21 00:00:00+09:00,24000.0,24850.0,24000.0,24700.0,1078,0.0,0.0
2019-02-22 00:00:00+09:00,24700.0,25100.0,24700.0,25100.0,1255,0.0,0.0
2019-02-25 00:00:00+09:00,24500.0,25100.0,24000.0,25050.0,2804,0.0,0.0
2019-02-26 00:00:00+09:00,24400.0,25150.0,24400.0,25000.0,1302,0.0,0.0
2019-02-27 00:00:00+09:00,24500.0,25550.0,24500.0,24700.0,980,0.0,0.0
2019-02-28 00:00:00+09:00,24300.0,25450.0,24300.0,24900.0,818,0.0,0.0
2019-03-04 00:00:00+09:00,25000.0,25950.0,24700.0,25950.0,4451,0.0,0.0
2019-03-05 00:00:00+09:00,25000.0,25700.0,25000.0,25500.0,1043,0.0,0.0
2019-03-06 00:00:00+09:00,25000.0,25650.0,25000.0,25000.0,520,0.0,0.0
2019-03-07 00:00:00+09:00,24800.0,25500.0,24800.0,25500.0,421,0.0,0.0
2019-03-08 00:00:00+09:00,25000.0,25650.0,25000.0,25650.0,229,0.0,0.0
2019-03-11 00:00:00+09:00,25050.0,25500.0,25050.0,25500.0,3640,0.0,0.0
2019-03-12 00:00:00+09:00,25200.0,25500.0,25200.0,25450.0,1253,0.0,0.0
2019-03-13 00:00:00+09:00,25150.0,25950.0,25150.0,25700.0,744,0.0,0.0
2019-03-14 00:00:00+09:00,25100.0,26500.0,25100.0,25550.0,700,0.0,0.0
2019-03-15 00:00:00+09:00,25400.0,27900.0,25400.0,27200.0,6744,0.0,0.0
2019-03-18 00:00:00+09:00,27500.0,28850.0,26800.0,28000.0,1823,0.0,0.0
2019-03-19 00:00:00+09:00,27300.0,28150.0,27300.0,27900.0,1469,0.0,0.0
2019-03-20 00:00:00+09:00,27900.0,29750.0,27450.0,27600.0,1559,0.0,0.0
2019-03-21 00:00:00+09:00,29000.0,29000.0,27600.0,29000.0,1557,0.0,0.0
2019-03-22 00:00:00+09:00,29000.0,30350.0,29000.0,30350.0,4683,0.0,0.0
2019-03-25 00:00:00+09:00,30350.0,30950.0,29500.0,29550.0,11001,0.0,0.0
2019-03-26 00:00:00+09:00,30050.0,30050.0,29500.0,30000.0,3642,0.0,0.0
2019-03-27 00:00:00+09:00,29950.0,30000.0,28000.0,28500.0,6673,0.0,0.0
2019-03-28 00:00:00+09:00,28500.0,29450.0,28500.0,29450.0,720,0.0,0.0
2019-03-29 00:00:00+09:00,29450.0,29750.0,28700.0,28700.0,1022,0.0,0.0
2019-04-01 00:00:00+09:00,28700.0,29750.0,27650.0,29100.0,13164,0.0,0.0
2019-04-02 00:00:00+09:00,32300.0,32300.0,28500.0,29100.0,2134,0.0,0.0
2019-04-03 00:00:00+09:00,29500.0,29750.0,28400.0,29100.0,4909,0.0,0.0
2019-04-04 00:00:00+09:00,28450.0,29200.0,27750.0,28400.0,11099,0.0,0.0
2019-04-05 00:00:00+09:00,28400.0,28400.0,26000.0,27950.0,2441,0.0,0.0
2019-04-08 00:00:00+09:00,27950.0,28450.0,25750.0,26950.0,3599,0.0,0.0
2019-04-09 00:00:00+09:00,27550.0,27550.0,26000.0,26350.0,2619,0.0,0.0
2019-04-10 00:00:00+09:00,26000.0,27500.0,26000.0,26700.0,2763,0.0,0.0
2019-04-11 00:00:00+09:00,27300.0,27300.0,26000.0,26500.0,3813,0.0,0.0
2019-04-12 00:00:00+09:00,26500.0,26800.0,25700.0,26300.0,1386,0.0,0.0
2019-04-15 00:00:00+09:00,26300.0,26450.0,25950.0,26350.0,787,0.0,0.0
2019-04-16 00:00:00+09:00,26350.0,26350.0,25300.0,25700.0,763,0.0,0.0
2019-04-17 00:00:00+09:00,25500.0,25700.0,23550.0,24850.0,5348,0.0,0.0
2019-04-18 00:00:00+09:00,24900.0,25300.0,24900.0,25000.0,903,0.0,0.0
2019-04-19 00:00:00+09:00,25000.0,25600.0,25000.0,25600.0,218,0.0,0.0
2019-04-22 00:00:00+09:00,25700.0,25700.0,25000.0,25600.0,433,0.0,0.0
2019-04-23 00:00:00+09:00,25800.0,25900.0,25600.0,25600.0,527,0.0,0.0
2019-04-24 00:00:00+09:00,28150.0,28150.0,26000.0,26750.0,530,0.0,0.0
2019-04-25 00:00:00+09:00,26650.0,27300.0,26400.0,27050.0,1302,0.0,0.0
2019-04-26 00:00:00+09:00,27050.0,27050.0,25100.0,26000.0,1086,0.0,0.0
2019-04-29 00:00:00+09:00,26300.0,26300.0,25100.0,25600.0,264,0.0,0.0
2019-04-30 00:00:00+09:00,26000.0,26900.0,24800.0,25500.0,797,0.0,0.0
2019-05-02 00:00:00+09:00,24950.0,25500.0,24850.0,24850.0,1176,0.0,0.0
2019-05-03 00:00:00+09:00,25900.0,27100.0,25000.0,26550.0,4916,0.0,0.0
2019-05-07 00:00:00+09:00,25600.0,26450.0,25600.0,26350.0,94,0.0,0.0
2019-05-08 00:00:00+09:00,26300.0,26300.0,25600.0,26200.0,1249,0.0,0.0
2019-05-09 00:00:00+09:00,25500.0,26950.0,25500.0,26450.0,478,0.0,0.0
2019-05-10 00:00:00+09:00,26400.0,26950.0,22500.0,26750.0,933,0.0,0.0
2019-05-13 00:00:00+09:00,26900.0,28000.0,26000.0,27700.0,5604,0.0,0.0
2019-05-14 00:00:00+09:00,27500.0,27500.0,25250.0,27150.0,6129,0.0,0.0
2019-05-15 00:00:00+09:00,26050.0,27100.0,26000.0,26550.0,1658,0.0,0.0
2019-05-16 00:00:00+09:00,26500.0,26500.0,26300.0,26300.0,200,0.0,0.0
2019-05-17 00:00:00+09:00,26500.0,27400.0,26100.0,26200.0,1266,0.0,0.0
2019-05-20 00:00:00+09:00,26600.0,26600.0,25050.0,26400.0,570,0.0,0.0
2019-05-21 00:00:00+09:00,26450.0,27350.0,24900.0,26350.0,3974,0.0,0.0
2019-05-22 00:00:00+09:00,26200.0,26400.0,25350.0,26400.0,8326,0.0,0.0
2019-05-23 00:00:00+09:00,26400.0,26400.0,24200.0,26200.0,3040,0.0,0.0
2019-05-24 00:00:00+09:00,23100.0,23100.0,22300.0,22300.0,3436,0.0,0.0
2019-05-27 00:00:00+09:00,19000.0,19000.0,19000.0,19000.0,370,0.0,0.0
2019-05-28 00:00:00+09:00,16150.0,17100.0,16150.0,16150.0,20556,0.0,0.0
2019-05-29 00:00:00+09:00,16500.0,16950.0,16000.0,16400.0,1802,0.0,0.0
2019-05-30 00:00:00+09:00,15800.0,15800.0,14500.0,15000.0,8139,0.0,0.0
2019-05-31 00:00:00+09:00,15500.0,16550.0,14350.0,16400.0,2998,0.0,0.0
2019-06-03 00:00:00+09:00,16300.0,17050.0,16000.0,16000.0,9870,0.0,0.0
2019-06-04 00:00:00+09:00,16000.0,16000.0,15000.0,15450.0,12786,0.0,0.0
2019-06-05 00:00:00+09:00,15000.0,16400.0,15000.0,16400.0,15256,0.0,0.0
2019-06-07 00:00:00+09:00,16450.0,17800.0,16200.0,16200.0,9347,0.0,0.0
2019-06-10 00:00:00+09:00,16750.0,17000.0,16250.0,16250.0,7537,0.0,0.0
2019-06-11 00:00:00+09:00,16450.0,16950.0,16400.0,16950.0,1749,0.0,0.0
2019-06-12 00:00:00+09:00,16950.0,17700.0,16950.0,17450.0,2290,0.0,0.0
2019-06-13 00:00:00+09:00,17450.0,17750.0,16500.0,17550.0,2511,0.0,0.0
2019-06-14 00:00:00+09:00,18000.0,18900.0,17800.0,18250.0,1681,0.0,0.0
2019-06-17 00:00:00+09:00,18300.0,18500.0,17500.0,18400.0,2195,0.0,0.0
2019-06-18 00:00:00+09:00,18400.0,18900.0,17000.0,17600.0,5522,0.0,0.0
2019-06-19 00:00:00+09:00,17600.0,17800.0,17000.0,17000.0,3293,0.0,0.0
2019-06-20 00:00:00+09:00,17400.0,17400.0,16050.0,16800.0,457,0.0,0.0
2019-06-21 00:00:00+09:00,16400.0,16800.0,16350.0,16500.0,1538,0.0,0.0
2019-06-24 00:00:00+09:00,16100.0,16500.0,15150.0,15800.0,5453,0.0,0.0
2019-06-25 00:00:00+09:00,15950.0,16900.0,15550.0,16200.0,4675,0.0,0.0
2019-06-26 00:00:00+09:00,16200.0,16800.0,16000.0,16800.0,1401,0.0,0.0
2019-06-27 00:00:00+09:00,16500.0,16900.0,16350.0,16350.0,2942,0.0,0.0
2019-06-28 00:00:00+09:00,16800.0,16800.0,16100.0,16750.0,2837,0.0,0.0
2019-07-01 00:00:00+09:00,16300.0,16950.0,16300.0,16800.0,179,0.0,0.0
2019-07-02 00:00:00+09:00,16750.0,17000.0,16400.0,17000.0,726,0.0,0.0
2019-07-03 00:00:00+09:00,16550.0,17400.0,16550.0,17300.0,788,0.0,0.0
2019-07-04 00:00:00+09:00,16800.0,17500.0,16800.0,17200.0,743,0.0,0.0
2019-07-05 00:00:00+09:00,16700.0,16700.0,16100.0,16400.0,2296,0.0,0.0
2019-07-08 00:00:00+09:00,15200.0,16250.0,15200.0,16250.0,3349,0.0,0.0
2019-07-09 00:00:00+09:00,15350.0,16250.0,14500.0,16250.0,8598,0.0,0.0
2019-07-10 00:00:00+09:00,15300.0,16250.0,15150.0,16200.0,2403,0.0,0.0
2019-07-11 00:00:00+09:00,16450.0,16450.0,15400.0,16000.0,327,0.0,0.0
2019-07-12 00:00:00+09:00,16150.0,17900.0,16000.0,16800.0,1317,0.0,0.0
2019-07-15 00:00:00+09:00,16750.0,17600.0,16050.0,16050.0,479,0.0,0.0
2019-07-16 00:00:00+09:00,16450.0,16650.0,16150.0,16450.0,2032,0.0,0.0
2019-07-17 00:00:00+09:00,16000.0,17000.0,15550.0,16800.0,583,0.0,0.0
2019-07-18 00:00:00+09:00,15900.0,17150.0,15900.0,17150.0,1066,0.0,0.0
2019-07-19 00:00:00+09:00,16150.0,17900.0,16050.0,17800.0,3048,0.0,0.0
2019-07-22 00:00:00+09:00,16550.0,17450.0,16550.0,17450.0,2624,0.0,0.0
2019-07-23 00:00:00+09:00,17150.0,17150.0,17150.0,17150.0,110,0.0,0.0
2019-07-24 00:00:00+09:00,17050.0,17050.0,16650.0,16650.0,193,0.0,0.0
2019-07-25 00:00:00+09:00,16850.0,17400.0,16600.0,17400.0,1676,0.0,0.0
2019-07-26 00:00:00+09:00,17300.0,17300.0,16700.0,17000.0,2260,0.0,0.0
2019-07-29 00:00:00+09:00,17300.0,17300.0,16150.0,17250.0,697,0.0,0.0
2019-07-30 00:00:00+09:00,16900.0,16900.0,16900.0,16900.0,1,0.0,0.0
2019-07-31 00:00:00+09:00,16900.0,18800.0,16350.0,17000.0,3733,0.0,0.0
2019-08-01 00:00:00+09:00,17000.0,18600.0,16550.0,17000.0,1454,0.0,0.0
2019-08-02 00:00:00+09:00,16700.0,16850.0,16350.0,16850.0,2669,0.0,0.0
2019-08-05 00:00:00+09:00,16500.0,16700.0,15000.0,16200.0,12638,0.0,0.0
2019-08-06 00:00:00+09:00,15850.0,16200.0,15150.0,16200.0,2613,0.0,0.0
2019-08-07 00:00:00+09:00,16000.0,16000.0,15400.0,15950.0,356,0.0,0.0
2019-08-08 00:00:00+09:00,15950.0,15950.0,15800.0,15800.0,192,0.0,0.0
2019-08-09 00:00:00+09:00,15100.0,15700.0,15100.0,15150.0,1831,0.0,0.0
2019-08-12 00:00:00+09:00,15500.0,15750.0,14500.0,15750.0,3734,0.0,0.0
2019-08-13 00:00:00+09:00,15650.0,15650.0,14750.0,15500.0,608,0.0,0.0
2019-08-14 00:00:00+09:00,15050.0,15300.0,15050.0,15300.0,101,0.0,0.0
2019-08-16 00:00:00+09:00,14900.0,15100.0,14700.0,15100.0,292,0.0,0.0
2019-08-19 00:00:00+09:00,15100.0,15600.0,15100.0,15300.0,550,0.0,0.0
2019-08-20 00:00:00+09:00,16350.0,16350.0,15650.0,15650.0,2,0.0,0.0
2019-08-21 00:00:00+09:00,14700.0,15600.0,14700.0,15600.0,144,0.0,0.0
2019-08-22 00:00:00+09:00,16950.0,16950.0,15300.0,16000.0,114,0.0,0.0
2019-08-23 00:00:00+09:00,15100.0,15950.0,15100.0,15950.0,466,0.0,0.0
2019-08-26 00:00:00+09:00,16850.0,16850.0,16000.0,16000.0,2,0.0,0.0
2019-08-27 00:00:00+09:00,16950.0,16950.0,15450.0,16000.0,392,0.0,0.0
2019-08-28 00:00:00+09:00,16850.0,16850.0,15500.0,16400.0,130,0.0,0.0
2019-08-29 00:00:00+09:00,16900.0,16900.0,16350.0,16350.0,4,0.0,0.0
2019-08-30 00:00:00+09:00,15450.0,16200.0,15300.0,16150.0,2089,0.0,0.0
2019-09-02 00:00:00+09:00,15450.0,15800.0,14850.0,14850.0,4549,0.0,0.0
2019-09-03 00:00:00+09:00,15550.0,15550.0,15000.0,15000.0,714,0.0,0.0
2019-09-04 00:00:00+09:00,15450.0,15450.0,15000.0,15000.0,501,0.0,0.0
2019-09-05 00:00:00+09:00,15500.0,15500.0,15400.0,15450.0,401,0.0,0.0
2019-09-06 00:00:00+09:00,15050.0,15200.0,15050.0,15200.0,101,0.0,0.0
2019-09-09 00:00:00+09:00,15200.0,15200.0,15200.0,15200.0,10,0.0,0.0
2019-09-10 00:00:00+09:00,15100.0,15100.0,14900.0,14950.0,85,0.0,0.0
2019-09-11 00:00:00+09:00,15300.0,15300.0,14350.0,14700.0,1726,0.0,0.0
2019-09-16 00:00:00+09:00,14700.0,14700.0,14400.0,14700.0,353,0.0,0.0
2019-09-17 00:00:00+09:00,14650.0,14650.0,14550.0,14600.0,985,0.0,0.0
2019-09-18 00:00:00+09:00,15400.0,15400.0,14050.0,15350.0,1664,0.0,0.0
2019-09-19 00:00:00+09:00,14700.0,15250.0,14700.0,15250.0,554,0.0,0.0
2019-09-20 00:00:00+09:00,15050.0,15050.0,15050.0,15050.0,0,0.0,0.0
2019-09-23 00:00:00+09:00,15100.0,15100.0,15100.0,15100.0,1,0.0,0.0
2019-09-24 00:00:00+09:00,14950.0,14950.0,14950.0,14950.0,0,0.0,0.0
2019-09-25 00:00:00+09:00,16800.0,16800.0,14600.0,14950.0,642,0.0,0.0
2019-09-26 00:00:00+09:00,14600.0,14800.0,14500.0,14800.0,1132,0.0,0.0
2019-09-27 00:00:00+09:00,14300.0,14750.0,14300.0,14650.0,455,0.0,0.0
2019-09-30 00:00:00+09:00,14600.0,14600.0,14600.0,14600.0,0,0.0,0.0
2019-10-01 00:00:00+09:00,15950.0,15950.0,15100.0,15500.0,12,0.0,0.0
2019-10-02 00:00:00+09:00,14500.0,15100.0,14500.0,14900.0,31,0.0,0.0
2019-10-04 00:00:00+09:00,14900.0,14900.0,14900.0,14900.0,1,0.0,0.0
2019-10-07 00:00:00+09:00,14500.0,15300.0,14500.0,15300.0,600,0.0,0.0
2019-10-08 00:00:00+09:00,15150.0,15300.0,14400.0,15300.0,1193,0.0,0.0
2019-10-10 00:00:00+09:00,14550.0,15100.0,14400.0,14500.0,1005,0.0,0.0
2019-10-11 00:00:00+09:00,14750.0,14750.0,14750.0,14750.0,1,0.0,0.0
2019-10-14 00:00:00+09:00,14600.0,14600.0,14500.0,14500.0,30,0.0,0.0
2019-10-15 00:00:00+09:00,14850.0,14850.0,14500.0,14500.0,13,0.0,0.0
2019-10-16 00:00:00+09:00,14850.0,14850.0,12350.0,14400.0,2371,0.0,0.0
2019-10-17 00:00:00+09:00,15000.0,15000.0,14800.0,14800.0,4,0.0,0.0
2019-10-18 00:00:00+09:00,15000.0,15000.0,13800.0,14700.0,28,0.0,0.0
2019-10-21 00:00:00+09:00,14500.0,14700.0,13800.0,14700.0,214,0.0,0.0
2019-10-22 00:00:00+09:00,15000.0,15000.0,15000.0,15000.0,3,0.0,0.0
2019-10-23 00:00:00+09:00,16700.0,16700.0,14000.0,15600.0,334,0.0,0.0
2019-10-24 00:00:00+09:00,15000.0,15500.0,14150.0,15500.0,4326,0.0,0.0
2019-10-25 00:00:00+09:00,16300.0,16300.0,14000.0,14700.0,4076,0.0,0.0
2019-10-28 00:00:00+09:00,14600.0,14600.0,14150.0,14550.0,667,0.0,0.0
2019-10-29 00:00:00+09:00,14500.0,14500.0,13950.0,14300.0,204,0.0,0.0
2019-10-30 00:00:00+09:00,14300.0,14300.0,14300.0,14300.0,1003,0.0,0.0
2019-10-31 00:00:00+09:00,14300.0,14750.0,13300.0,14250.0,2287,0.0,0.0
2019-11-01 00:00:00+09:00,14250.0,14250.0,13600.0,14250.0,550,0.0,0.0
2019-11-04 00:00:00+09:00,14200.0,14600.0,14100.0,14600.0,1837,0.0,0.0
2019-11-05 00:00:00+09:00,14500.0,14500.0,14250.0,14250.0,1204,0.0,0.0
2019-11-06 00:00:00+09:00,14250.0,14300.0,13950.0,14250.0,561,0.0,0.0
2019-11-07 00:00:00+09:00,14250.0,14250.0,13500.0,13500.0,503,0.0,0.0
2019-11-08 00:00:00+09:00,13950.0,13950.0,13450.0,13450.0,803,0.0,0.0
2019-11-11 00:00:00+09:00,14850.0,14850.0,13450.0,13550.0,92,0.0,0.0
2019-11-12 00:00:00+09:00,14850.0,14850.0,13350.0,13450.0,352,0.0,0.0
2019-11-13 00:00:00+09:00,14300.0,14300.0,13900.0,13900.0,853,0.0,0.0
2019-11-14 00:00:00+09:00,15700.0,15700.0,13450.0,13450.0,1202,0.0,0.0
2019-11-15 00:00:00+09:00,13600.0,14850.0,13550.0,14850.0,282,0.0,0.0
2019-11-18 00:00:00+09:00,14800.0,15700.0,13500.0,15700.0,3155,0.0,0.0
2019-11-19 00:00:00+09:00,15000.0,15600.0,14850.0,15600.0,1855,0.0,0.0
2019-11-20 00:00:00+09:00,15500.0,15500.0,14950.0,15500.0,416,0.0,0.0
2019-11-21 00:00:00+09:00,15000.0,16000.0,13750.0,15500.0,1313,0.0,0.0
2019-11-22 00:00:00+09:00,15000.0,15000.0,13800.0,14950.0,5512,0.0,0.0
2019-11-25 00:00:00+09:00,15000.0,15000.0,13800.0,14700.0,3009,0.0,0.0
2019-11-26 00:00:00+09:00,14500.0,14500.0,13200.0,13500.0,4143,0.0,0.0
2019-11-27 00:00:00+09:00,13900.0,13900.0,13500.0,13500.0,401,0.0,0.0
2019-11-28 00:00:00+09:00,14800.0,14800.0,13500.0,13800.0,742,0.0,0.0
2019-11-29 00:00:00+09:00,14800.0,14800.0,12400.0,14500.0,2542,0.0,0.0
2019-12-02 00:00:00+09:00,14450.0,14450.0,13500.0,14150.0,4167,0.0,0.0
2019-12-03 00:00:00+09:00,15000.0,15000.0,13700.0,14900.0,1000,0.0,0.0
2019-12-04 00:00:00+09:00,15000.0,15000.0,14000.0,14400.0,2380,0.0,0.0
2019-12-05 00:00:00+09:00,14300.0,16400.0,14000.0,16400.0,4143,0.0,0.0
2019-12-06 00:00:00+09:00,18000.0,18000.0,15000.0,16900.0,14652,0.0,0.0
2019-12-09 00:00:00+09:00,16500.0,16500.0,15500.0,16200.0,4238,0.0,0.0
2019-12-10 00:00:00+09:00,15900.0,15950.0,15400.0,15950.0,1524,0.0,0.0
2019-12-11 00:00:00+09:00,16750.0,16950.0,15650.0,16500.0,6748,0.0,0.0
2019-12-12 00:00:00+09:00,15900.0,17500.0,15900.0,17150.0,6423,0.0,0.0
2019-12-13 00:00:00+09:00,16200.0,17100.0,16200.0,17100.0,3851,0.0,0.0
2019-12-16 00:00:00+09:00,17100.0,17100.0,16050.0,16950.0,1807,0.0,0.0
2019-12-17 00:00:00+09:00,16900.0,17100.0,15550.0,17000.0,1985,0.0,0.0
2019-12-18 00:00:00+09:00,16950.0,16950.0,16150.0,16400.0,3355,0.0,0.0
2019-12-19 00:00:00+09:00,16350.0,16350.0,15600.0,16250.0,1661,0.0,0.0
2019-12-20 00:00:00+09:00,16200.0,16200.0,15450.0,15700.0,679,0.0,0.0
2019-12-23 00:00:00+09:00,15950.0,15950.0,14150.0,15250.0,730,0.0,0.0
2019-12-24 00:00:00+09:00,14800.0,15900.0,14800.0,15900.0,1611,0.0,0.0
2019-12-26 00:00:00+09:00,15900.0,16300.0,15450.0,16200.0,2049,0.0,0.0
2019-12-27 00:00:00+09:00,16200.0,16200.0,15950.0,15950.0,8,0.0,0.0
2019-12-30 00:00:00+09:00,16800.0,16800.0,15800.0,16500.0,221,0.0,0.0
2020-01-02 00:00:00+09:00,16450.0,16450.0,15900.0,16450.0,381,0.0,0.0
2020-01-03 00:00:00+09:00,16450.0,16450.0,15200.0,15200.0,792,0.0,0.0
2020-01-06 00:00:00+09:00,15600.0,15900.0,15000.0,15850.0,1536,0.0,0.0
2020-01-07 00:00:00+09:00,15850.0,15850.0,15150.0,15850.0,314,0.0,0.0
2020-01-08 00:00:00+09:00,15500.0,15500.0,15050.0,15400.0,1269,0.0,0.0
2020-01-09 00:00:00+09:00,15400.0,15400.0,14550.0,15300.0,2434,0.0,0.0
2020-01-10 00:00:00+09:00,15000.0,15300.0,14650.0,15100.0,1462,0.0,0.0
2020-01-13 00:00:00+09:00,15000.0,15000.0,15000.0,15000.0,518,0.0,0.0
2020-01-14 00:00:00+09:00,16500.0,16500.0,14400.0,14400.0,724,0.0,0.0
2020-01-15 00:00:00+09:00,14400.0,14850.0,14300.0,14300.0,1236,0.0,0.0
2020-01-16 00:00:00+09:00,15500.0,15500.0,13850.0,14250.0,369,0.0,0.0
2020-01-17 00:00:00+09:00,14000.0,14400.0,14000.0,14250.0,772,0.0,0.0
2020-01-20 00:00:00+09:00,14300.0,14950.0,14200.0,14200.0,430,0.0,0.0
2020-01-21 00:00:00+09:00,13700.0,14500.0,13450.0,13450.0,248,0.0,0.0
2020-01-22 00:00:00+09:00,13650.0,14350.0,13650.0,14200.0,296,0.0,0.0
2020-01-23 00:00:00+09:00,16000.0,16000.0,13750.0,14250.0,1106,0.0,0.0
2020-01-28 00:00:00+09:00,14000.0,14500.0,13750.0,14300.0,1078,0.0,0.0
2020-01-29 00:00:00+09:00,14500.0,14500.0,13500.0,14200.0,2442,0.0,0.0
2020-01-30 00:00:00+09:00,14200.0,14450.0,14200.0,14450.0,162,0.0,0.0
2020-01-31 00:00:00+09:00,14450.0,14450.0,14000.0,14450.0,218,0.0,0.0
2020-02-03 00:00:00+09:00,13800.0,14400.0,13700.0,14400.0,121,0.0,0.0
2020-02-04 00:00:00+09:00,13700.0,15000.0,13400.0,15000.0,2417,0.0,0.0
2020-02-05 00:00:00+09:00,14550.0,15200.0,14500.0,15200.0,593,0.0,0.0
2020-02-06 00:00:00+09:00,16850.0,16850.0,16700.0,16700.0,21,0.0,0.0
2020-02-07 00:00:00+09:00,15000.0,16400.0,15000.0,16400.0,927,0.0,0.0
2020-02-10 00:00:00+09:00,18350.0,18350.0,15450.0,15900.0,1066,0.0,0.0
2020-02-11 00:00:00+09:00,15500.0,16450.0,15500.0,16000.0,3342,0.0,0.0
2020-02-12 00:00:00+09:00,15350.0,16500.0,15300.0,16500.0,5604,0.0,0.0
2020-02-13 00:00:00+09:00,16450.0,16500.0,15900.0,16400.0,8888,0.0,0.0
2020-02-14 00:00:00+09:00,16950.0,16950.0,16200.0,16450.0,1120,0.0,0.0
2020-02-17 00:00:00+09:00,16950.0,16950.0,15800.0,16450.0,3,0.0,0.0
2020-02-18 00:00:00+09:00,16400.0,16600.0,16400.0,16600.0,2257,0.0,0.0
2020-02-19 00:00:00+09:00,17000.0,17000.0,16100.0,16700.0,862,0.0,0.0
2020-02-20 00:00:00+09:00,17000.0,17000.0,16000.0,16650.0,2159,0.0,0.0
2020-02-21 00:00:00+09:00,17000.0,17000.0,16250.0,16750.0,518,0.0,0.0
2020-02-24 00:00:00+09:00,16100.0,16900.0,16050.0,16700.0,2944,0.0,0.0
2020-02-25 00:00:00+09:00,16150.0,16650.0,16150.0,16650.0,260,0.0,0.0
2020-02-26 00:00:00+09:00,16150.0,16500.0,15950.0,16500.0,852,0.0,0.0
2020-02-27 00:00:00+09:00,16350.0,16450.0,15850.0,16450.0,382,0.0,0.0
2020-02-28 00:00:00+09:00,16100.0,16400.0,16000.0,16400.0,452,0.0,0.0
2020-03-02 00:00:00+09:00,16400.0,16400.0,16100.0,16400.0,426,0.0,0.0
2020-03-03 00:00:00+09:00,16400.0,16400.0,16400.0,16400.0,1371,0.0,0.0
2020-03-04 00:00:00+09:00,16100.0,16400.0,16050.0,16400.0,600,0.0,0.0
2020-03-05 00:00:00+09:00,16400.0,16650.0,16300.0,16550.0,1414,0.0,0.0
2020-03-06 00:00:00+09:00,16200.0,16550.0,16050.0,16550.0,2319,0.0,0.0
2020-03-09 00:00:00+09:00,16500.0,16550.0,15150.0,16450.0,5147,0.0,0.0
2020-03-10 00:00:00+09:00,16300.0,16550.0,15800.0,16450.0,7354,0.0,0.0
2020-03-11 00:00:00+09:00,16000.0,16350.0,15350.0,16200.0,8863,0.0,0.0
2020-03-12 00:00:00+09:00,16200.0,16200.0,15050.0,15650.0,8373,0.0,0.0
2020-03-13 00:00:00+09:00,15050.0,15050.0,13550.0,14850.0,5081,0.0,0.0
2020-03-16 00:00:00+09:00,14800.0,16250.0,14800.0,15500.0,9104,0.0,0.0
2020-03-17 00:00:00+09:00,17700.0,17750.0,14600.0,15950.0,9202,0.0,0.0
2020-03-18 00:00:00+09:00,18100.0,18100.0,15100.0,15100.0,7884,0.0,0.0
2020-03-19 00:00:00+09:00,15300.0,15500.0,12850.0,15450.0,3378,0.0,0.0
2020-03-20 00:00:00+09:00,13900.0,15400.0,13900.0,15400.0,2944,0.0,0.0
2020-03-23 00:00:00+09:00,14000.0,15000.0,13100.0,14900.0,4454,0.0,0.0
2020-03-24 00:00:00+09:00,14000.0,14900.0,13750.0,14750.0,2620,0.0,0.0
2020-03-25 00:00:00+09:00,14750.0,14800.0,14050.0,14800.0,3258,0.0,0.0
2020-03-26 00:00:00+09:00,14050.0,15650.0,13900.0,14850.0,8933,0.0,0.0
2020-03-27 00:00:00+09:00,17050.0,17050.0,17050.0,17050.0,11612,0.0,0.0
2020-03-30 00:00:00+09:00,19500.0,19600.0,19000.0,19600.0,28491,0.0,0.0
2020-03-31 00:00:00+09:00,22350.0,22350.0,18800.0,19600.0,26753,0.0,0.0
2020-04-01 00:00:00+09:00,19600.0,19600.0,17250.0,18350.0,8996,0.0,0.0
2020-04-02 00:00:00+09:00,20000.0,20000.0,17700.0,18400.0,6341,0.0,0.0
2020-04-03 00:00:00+09:00,17650.0,18950.0,17650.0,18500.0,1890,0.0,0.0
2020-04-06 00:00:00+09:00,18500.0,19000.0,17700.0,19000.0,5521,0.0,0.0
2020-04-07 00:00:00+09:00,19000.0,19000.0,17200.0,18700.0,7841,0.0,0.0
2020-04-08 00:00:00+09:00,17700.0,18250.0,17250.0,18200.0,5138,0.0,0.0
2020-04-09 00:00:00+09:00,17350.0,17600.0,16300.0,16750.0,6777,0.0,0.0
2020-04-10 00:00:00+09:00,15900.0,16750.0,15600.0,16500.0,3761,0.0,0.0
2020-04-13 00:00:00+09:00,16500.0,16500.0,15800.0,16450.0,4061,0.0,0.0
2020-04-14 00:00:00+09:00,16000.0,16400.0,15600.0,16000.0,10553,0.0,0.0
2020-04-16 00:00:00+09:00,15900.0,16850.0,15600.0,16500.0,3727,0.0,0.0
2020-04-17 00:00:00+09:00,15700.0,17700.0,15700.0,17450.0,6220,0.0,0.0
2020-04-20 00:00:00+09:00,16550.0,17350.0,16550.0,17200.0,3539,0.0,0.0
2020-04-21 00:00:00+09:00,17050.0,17800.0,16700.0,17600.0,5219,0.0,0.0
2020-04-22 00:00:00+09:00,17100.0,18700.0,17050.0,17350.0,2219,0.0,0.0
2020-04-23 00:00:00+09:00,18300.0,19900.0,17350.0,18800.0,19891,0.0,0.0
2020-04-24 00:00:00+09:00,18800.0,21550.0,18800.0,20500.0,9306,0.0,0.0
2020-04-27 00:00:00+09:00,20000.0,22450.0,19200.0,20000.0,9945,0.0,0.0
2020-04-28 00:00:00+09:00,21450.0,21450.0,18700.0,18850.0,6179,0.0,0.0
2020-04-29 00:00:00+09:00,19000.0,19400.0,18500.0,18650.0,11405,0.0,0.0
2020-05-04 00:00:00+09:00,19000.0,20500.0,19000.0,20050.0,19164,0.0,0.0
2020-05-06 00:00:00+09:00,19950.0,20100.0,19800.0,20100.0,9006,0.0,0.0
2020-05-07 00:00:00+09:00,20000.0,20000.0,19850.0,19900.0,3494,0.0,0.0
2020-05-08 00:00:00+09:00,20950.0,20950.0,19500.0,19950.0,1309,0.0,0.0
2020-05-11 00:00:00+09:00,19600.0,19900.0,19500.0,19850.0,3055,0.0,0.0
2020-05-12 00:00:00+09:00,19350.0,19850.0,19200.0,19750.0,7046,0.0,0.0
2020-05-13 00:00:00+09:00,19750.0,19750.0,19100.0,19100.0,1408,0.0,0.0
2020-05-14 00:00:00+09:00,19500.0,19500.0,18900.0,19250.0,5106,0.0,0.0
2020-05-15 00:00:00+09:00,18800.0,19700.0,18800.0,19700.0,6398,0.0,0.0
2020-05-18 00:00:00+09:00,20000.0,20100.0,19850.0,20000.0,4006,0.0,0.0
2020-05-19 00:00:00+09:00,19750.0,19850.0,19300.0,19850.0,892,0.0,0.0
2020-05-20 00:00:00+09:00,20000.0,20100.0,19600.0,20000.0,5199,0.0,0.0
2020-05-21 00:00:00+09:00,19700.0,19900.0,19650.0,19700.0,3033,0.0,0.0
2020-05-22 00:00:00+09:00,19950.0,19950.0,19500.0,19500.0,5157,0.0,0.0
2020-05-25 00:00:00+09:00,20000.0,20100.0,19600.0,19950.0,4024,0.0,0.0
2020-05-26 00:00:00+09:00,19750.0,20800.0,19750.0,20800.0,1894,0.0,0.0
2020-05-27 00:00:00+09:00,20800.0,21800.0,20500.0,21500.0,5921,0.0,0.0
2020-05-28 00:00:00+09:00,22500.0,23600.0,22300.0,22800.0,10992,0.0,0.0
2020-05-29 00:00:00+09:00,22800.0,23500.0,22800.0,23300.0,5090,0.0,0.0
2020-06-01 00:00:00+09:00,25000.0,25000.0,22700.0,22950.0,4720,0.0,0.0
2020-06-02 00:00:00+09:00,23300.0,23300.0,21550.0,22900.0,4448,0.0,0.0
2020-06-03 00:00:00+09:00,22900.0,22950.0,22000.0,22600.0,10479,0.0,0.0
2020-06-04 00:00:00+09:00,22500.0,22500.0,22100.0,22400.0,2574,0.0,0.0
2020-06-05 00:00:00+09:00,22500.0,23050.0,22500.0,22950.0,7159,0.0,0.0
2020-06-08 00:00:00+09:00,23000.0,23700.0,23000.0,23600.0,10389,0.0,0.0
2020-06-09 00:00:00+09:00,23600.0,24000.0,23400.0,24000.0,5515,0.0,0.0
2020-06-10 00:00:00+09:00,26950.0,26950.0,25000.0,25950.0,15297,0.0,0.0
2020-06-11 00:00:00+09:00,26200.0,27200.0,24300.0,25500.0,33657,0.0,0.0
2020-06-12 00:00:00+09:00,23900.0,24100.0,22000.0,24100.0,26251,0.0,0.0
2020-06-15 00:00:00+09:00,23000.0,23000.0,21200.0,21800.0,33098,0.0,0.0
2020-06-16 00:00:00+09:00,21900.0,22300.0,21600.0,21800.0,21219,0.0,0.0
2020-06-17 00:00:00+09:00,21950.0,21950.0,20600.0,21850.0,7073,0.0,0.0
2020-06-18 00:00:00+09:00,21850.0,21900.0,20850.0,21050.0,10345,0.0,0.0
2020-06-22 00:00:00+09:00,20450.0,22350.0,20450.0,21450.0,31436,0.0,0.0
2020-06-23 00:00:00+09:00,22000.0,22450.0,21800.0,22050.0,21320,0.0,0.0
2020-06-24 00:00:00+09:00,22250.0,22900.0,21800.0,22650.0,45026,0.0,0.0
2020-06-25 00:00:00+09:00,25100.0,27500.0,20600.0,21650.0,3182552,0.0,0.0
2020-06-26 00:00:00+09:00,21900.0,22350.0,19650.0,20000.0,711543,0.0,0.0
2020-06-29 00:00:00+09:00,20350.0,20400.0,18250.0,18250.0,364891,0.0,0.0
2020-06-30 00:00:00+09:00,18550.0,18950.0,17450.0,17700.0,320854,0.0,0.0
2020-07-01 00:00:00+09:00,18000.0,18650.0,17500.0,18400.0,251332,0.0,0.0
2020-07-02 00:00:00+09:00,18250.0,18650.0,17450.0,17650.0,199222,0.0,0.0
2020-07-03 00:00:00+09:00,18500.0,18500.0,17700.0,17800.0,196148,0.0,0.0
2020-07-06 00:00:00+09:00,18000.0,18000.0,16750.0,17050.0,184477,0.0,0.0
2020-07-07 00:00:00+09:00,17200.0,17200.0,16050.0,16150.0,187433,0.0,0.0
2020-07-08 00:00:00+09:00,16200.0,16750.0,15850.0,16150.0,99974,0.0,0.0
2020-07-09 00:00:00+09:00,16450.0,16450.0,15950.0,16200.0,88405,0.0,0.0
2020-07-10 00:00:00+09:00,16200.0,18000.0,15900.0,17300.0,418158,0.0,0.0
2020-07-13 00:00:00+09:00,17300.0,17650.0,16500.0,17100.0,123592,0.0,0.0
2020-07-14 00:00:00+09:00,17000.0,18000.0,16850.0,17100.0,86823,0.0,0.0
2020-07-15 00:00:00+09:00,17450.0,17450.0,16150.0,16400.0,131629,0.0,0.0
2020-07-16 00:00:00+09:00,16400.0,16650.0,15950.0,16150.0,82971,0.0,0.0
2020-07-17 00:00:00+09:00,16000.0,16200.0,15650.0,15700.0,70343,0.0,0.0
2020-07-20 00:00:00+09:00,16200.0,16850.0,16050.0,16300.0,102853,0.0,0.0
2020-07-21 00:00:00+09:00,16300.0,16550.0,15800.0,16100.0,87119,0.0,0.0
2020-07-22 00:00:00+09:00,16100.0,16150.0,15700.0,15850.0,83964,0.0,0.0
2020-07-23 00:00:00+09:00,15850.0,17400.0,15250.0,16850.0,480869,0.0,0.0
2020-07-24 00:00:00+09:00,17350.0,17550.0,16300.0,16450.0,277049,0.0,0.0
2020-07-27 00:00:00+09:00,16650.0,16850.0,15800.0,15950.0,209004,0.0,0.0
2020-07-28 00:00:00+09:00,16000.0,16250.0,15650.0,15850.0,81130,0.0,0.0
2020-07-29 00:00:00+09:00,15800.0,16250.0,15600.0,16200.0,161393,0.0,0.0
2020-07-30 00:00:00+09:00,16200.0,17450.0,16000.0,16500.0,258741,0.0,0.0
2020-07-31 00:00:00+09:00,16500.0,16650.0,16050.0,16300.0,66693,0.0,0.0
2020-08-03 00:00:00+09:00,16500.0,18000.0,16500.0,17450.0,635177,0.0,0.0
2020-08-04 00:00:00+09:00,18650.0,18650.0,16800.0,17700.0,530100,0.0,0.0
2020-08-05 00:00:00+09:00,17400.0,17450.0,16700.0,17050.0,340665,0.0,0.0
2020-08-06 00:00:00+09:00,17550.0,19300.0,17500.0,17600.0,707543,0.0,0.0
2020-08-07 00:00:00+09:00,17600.0,18650.0,17000.0,17800.0,309115,0.0,0.0
2020-08-10 00:00:00+09:00,17900.0,17900.0,17200.0,17350.0,124435,0.0,0.0
2020-08-11 00:00:00+09:00,17050.0,17900.0,17000.0,17450.0,161036,0.0,0.0
2020-08-12 00:00:00+09:00,17350.0,17800.0,16800.0,17000.0,119026,0.0,0.0
2020-08-13 00:00:00+09:00,17100.0,17350.0,16550.0,16550.0,106307,0.0,0.0
2020-08-14 00:00:00+09:00,16600.0,16600.0,16000.0,16200.0,100712,0.0,0.0
2020-08-18 00:00:00+09:00,16350.0,19100.0,15500.0,16450.0,1274145,0.0,0.0
2020-08-19 00:00:00+09:00,16900.0,21350.0,16500.0,20600.0,5085350,0.0,0.0
2020-08-20 00:00:00+09:00,23700.0,26750.0,22250.0,26750.0,4945589,0.0,0.0
2020-08-21 00:00:00+09:00,25000.0,26700.0,20750.0,21800.0,4250854,0.0,0.0
2020-08-24 00:00:00+09:00,23800.0,24450.0,20350.0,21550.0,1689013,0.0,0.0
2020-08-25 00:00:00+09:00,22650.0,26850.0,21600.0,24400.0,3806401,0.0,0.0
2020-08-26 00:00:00+09:00,23950.0,24350.0,22050.0,22250.0,1066644,0.0,0.0
2020-08-27 00:00:00+09:00,21900.0,22800.0,20750.0,22300.0,1030986,0.0,0.0
2020-08-28 00:00:00+09:00,22050.0,22400.0,21000.0,21100.0,420058,0.0,0.0
2020-08-31 00:00:00+09:00,21100.0,22650.0,20550.0,22050.0,602834,0.0,0.0
2020-09-01 00:00:00+09:00,21500.0,21800.0,21200.0,21550.0,285691,0.0,0.0
2020-09-02 00:00:00+09:00,21350.0,22050.0,21000.0,21150.0,254648,0.0,0.0
2020-09-03 00:00:00+09:00,21350.0,21350.0,20800.0,21000.0,227488,0.0,0.0
2020-09-04 00:00:00+09:00,20100.0,22500.0,20000.0,20450.0,805140,0.0,0.0
2020-09-07 00:00:00+09:00,20500.0,21250.0,20350.0,21050.0,222083,0.0,0.0
2020-09-08 00:00:00+09:00,21300.0,22400.0,21050.0,21800.0,742764,0.0,0.0
2020-09-09 00:00:00+09:00,21250.0,21400.0,20750.0,21000.0,283737,0.0,0.0
2020-09-10 00:00:00+09:00,21050.0,21450.0,20500.0,20800.0,255027,0.0,0.0
2020-09-11 00:00:00+09:00,20800.0,20850.0,20400.0,20650.0,133175,0.0,0.0
2020-09-14 00:00:00+09:00,20700.0,21250.0,20250.0,20950.0,186704,0.0,0.0
2020-09-15 00:00:00+09:00,20950.0,21400.0,20750.0,21000.0,147340,0.0,0.0
2020-09-16 00:00:00+09:00,21000.0,21350.0,20600.0,20650.0,126698,0.0,0.0
2020-09-17 00:00:00+09:00,20600.0,20650.0,20050.0,20650.0,167468,0.0,0.0
2020-09-18 00:00:00+09:00,20550.0,21000.0,20150.0,20400.0,96075,0.0,0.0
2020-09-21 00:00:00+09:00,20250.0,20550.0,19600.0,19650.0,120774,0.0,0.0
2020-09-22 00:00:00+09:00,19700.0,20500.0,18400.0,19400.0,201344,0.0,0.0
2020-09-23 00:00:00+09:00,19350.0,19600.0,18600.0,19150.0,92451,0.0,0.0
2020-09-24 00:00:00+09:00,18600.0,18750.0,17400.0,17750.0,183224,0.0,0.0
2020-09-25 00:00:00+09:00,17950.0,18250.0,17450.0,17750.0,98831,0.0,0.0
2020-09-28 00:00:00+09:00,17950.0,18900.0,17800.0,18700.0,67121,0.0,0.0
2020-09-29 00:00:00+09:00,19250.0,19650.0,18500.0,18850.0,89217,0.0,0.0
2020-10-05 00:00:00+09:00,18800.0,19400.0,18700.0,19350.0,48301,0.0,0.0
2020-10-06 00:00:00+09:00,19450.0,19500.0,19000.0,19100.0,44737,0.0,0.0
2020-10-07 00:00:00+09:00,19000.0,19200.0,18850.0,19200.0,39004,0.0,0.0
2020-10-08 00:00:00+09:00,19300.0,20800.0,19200.0,20400.0,293115,0.0,0.0
2020-10-12 00:00:00+09:00,20200.0,20350.0,19750.0,19800.0,105761,0.0,0.0
2020-10-13 00:00:00+09:00,20300.0,20300.0,19100.0,19300.0,59855,0.0,0.0
2020-10-14 00:00:00+09:00,19300.0,19500.0,18800.0,18800.0,52501,0.0,0.0
2020-10-15 00:00:00+09:00,18900.0,21600.0,18900.0,19550.0,457490,0.0,0.0
2020-10-16 00:00:00+09:00,19550.0,19950.0,18300.0,18500.0,114071,0.0,0.0
2020-10-19 00:00:00+09:00,18600.0,18650.0,17900.0,18000.0,61354,0.0,0.0
2020-10-20 00:00:00+09:00,17900.0,18100.0,17050.0,17750.0,104684,0.0,0.0
2020-10-21 00:00:00+09:00,18100.0,18100.0,17500.0,17750.0,37372,0.0,0.0
2020-10-22 00:00:00+09:00,17800.0,18250.0,17700.0,17800.0,41444,0.0,0.0
2020-10-23 00:00:00+09:00,18500.0,18850.0,18000.0,18000.0,73400,0.0,0.0
2020-10-26 00:00:00+09:00,17800.0,18050.0,17000.0,17100.0,74381,0.0,0.0
2020-10-27 00:00:00+09:00,16700.0,18350.0,16700.0,17400.0,72827,0.0,0.0
2020-10-28 00:00:00+09:00,17700.0,17850.0,17050.0,17550.0,26322,0.0,0.0
2020-10-29 00:00:00+09:00,17150.0,18100.0,17000.0,17650.0,51982,0.0,0.0
2020-10-30 00:00:00+09:00,17850.0,18200.0,17450.0,17600.0,33165,0.0,0.0
2020-11-02 00:00:00+09:00,17650.0,18450.0,17200.0,17700.0,32680,0.0,0.0
2020-11-03 00:00:00+09:00,17900.0,18350.0,17750.0,17900.0,41847,0.0,0.0
2020-11-04 00:00:00+09:00,17900.0,18150.0,17650.0,17950.0,59027,0.0,0.0
2020-11-05 00:00:00+09:00,18050.0,18450.0,17800.0,18050.0,59493,0.0,0.0
2020-11-06 00:00:00+09:00,18400.0,20050.0,18200.0,18800.0,255042,0.0,0.0
2020-11-09 00:00:00+09:00,19100.0,19500.0,18750.0,18900.0,66386,0.0,0.0
2020-11-10 00:00:00+09:00,18400.0,21000.0,17750.0,18900.0,616176,0.0,0.0
2020-11-11 00:00:00+09:00,18750.0,19000.0,18300.0,18450.0,91588,0.0,0.0
2020-11-12 00:00:00+09:00,18250.0,18550.0,18250.0,18350.0,41208,0.0,0.0
2020-11-13 00:00:00+09:00,18350.0,18350.0,17750.0,18150.0,68103,0.0,0.0
2020-11-16 00:00:00+09:00,18150.0,18650.0,17600.0,18000.0,79731,0.0,0.0
2020-11-17 00:00:00+09:00,18200.0,18200.0,17350.0,17650.0,72777,0.0,0.0
2020-11-18 00:00:00+09:00,17500.0,18000.0,17450.0,17550.0,50773,0.0,0.0
2020-11-19 00:00:00+09:00,17850.0,17900.0,17400.0,17800.0,59250,0.0,0.0
2020-11-20 00:00:00+09:00,17800.0,18400.0,17750.0,18350.0,99316,0.0,0.0
2020-11-23 00:00:00+09:00,19200.0,20050.0,18950.0,19300.0,364823,0.0,0.0
2020-11-24 00:00:00+09:00,19800.0,20250.0,19100.0,19400.0,346814,0.0,0.0
2020-11-25 00:00:00+09:00,19500.0,19500.0,18300.0,18750.0,177121,0.0,0.0
2020-11-26 00:00:00+09:00,18950.0,19500.0,18500.0,19450.0,104908,0.0,0.0
2020-11-27 00:00:00+09:00,19200.0,19400.0,18750.0,19100.0,100670,0.0,0.0
2020-11-30 00:00:00+09:00,19300.0,19950.0,19050.0,19100.0,137634,0.0,0.0
2020-12-01 00:00:00+09:00,19400.0,19700.0,19150.0,19500.0,100871,0.0,0.0
2020-12-02 00:00:00+09:00,19500.0,19650.0,19150.0,19400.0,73876,0.0,0.0
2020-12-03 00:00:00+09:00,19900.0,21000.0,19450.0,20050.0,616943,0.0,0.0
2020-12-04 00:00:00+09:00,20050.0,20650.0,19650.0,20000.0,157366,0.0,0.0
2020-12-07 00:00:00+09:00,20100.0,20550.0,19700.0,20150.0,165645,0.0,0.0
2020-12-08 00:00:00+09:00,20150.0,20300.0,19250.0,19550.0,157810,0.0,0.0
2020-12-09 00:00:00+09:00,19800.0,19850.0,19200.0,19450.0,138513,0.0,0.0
2020-12-10 00:00:00+09:00,19550.0,19700.0,18000.0,18150.0,360844,0.0,0.0
2020-12-11 00:00:00+09:00,18000.0,18200.0,17500.0,17750.0,160853,0.0,0.0
2020-12-14 00:00:00+09:00,17800.0,18700.0,17500.0,18050.0,205791,0.0,0.0
2020-12-15 00:00:00+09:00,18150.0,18200.0,17200.0,17550.0,158585,0.0,0.0
2020-12-16 00:00:00+09:00,17600.0,17800.0,17450.0,17550.0,80554,0.0,0.0
2020-12-17 00:00:00+09:00,17500.0,17700.0,17300.0,17600.0,78569,0.0,0.0
2020-12-18 00:00:00+09:00,17800.0,17850.0,17500.0,17550.0,83314,0.0,0.0
2020-12-21 00:00:00+09:00,17450.0,17700.0,17300.0,17400.0,63056,0.0,0.0
2020-12-22 00:00:00+09:00,17400.0,17550.0,16900.0,16950.0,92179,0.0,0.0
2020-12-23 00:00:00+09:00,17150.0,17300.0,16250.0,16350.0,77620,0.0,0.0
2020-12-24 00:00:00+09:00,16500.0,16500.0,15800.0,15950.0,82260,0.0,0.0
2020-12-28 00:00:00+09:00,15900.0,16200.0,15000.0,15100.0,121782,0.0,0.0
2020-12-29 00:00:00+09:00,15150.0,15850.0,15150.0,15800.0,60072,0.0,0.0
2020-12-30 00:00:00+09:00,15850.0,16500.0,15400.0,16500.0,95886,0.0,0.0
2021-01-04 00:00:00+09:00,16500.0,16850.0,15250.0,16300.0,101907,0.0,0.0
2021-01-05 00:00:00+09:00,16200.0,16700.0,16000.0,16600.0,54020,0.0,0.0
2021-01-06 00:00:00+09:00,16600.0,16650.0,16150.0,16300.0,58797,0.0,0.0
2021-01-07 00:00:00+09:00,16300.0,17500.0,16150.0,17200.0,244690,0.0,0.0
2021-01-08 00:00:00+09:00,17400.0,17550.0,16550.0,16750.0,96857,0.0,0.0
2021-01-11 00:00:00+09:00,16750.0,17100.0,15550.0,16300.0,135773,0.0,0.0
2021-01-12 00:00:00+09:00,16100.0,16450.0,15900.0,16200.0,36945,0.0,0.0
2021-01-13 00:00:00+09:00,16150.0,16350.0,16000.0,16100.0,32032,0.0,0.0
2021-01-14 00:00:00+09:00,16050.0,16350.0,16050.0,16200.0,26483,0.0,0.0
2021-01-15 00:00:00+09:00,16250.0,16400.0,15750.0,15900.0,45619,0.0,0.0
2021-01-18 00:00:00+09:00,15900.0,15950.0,15200.0,15500.0,52416,0.0,0.0
2021-01-19 00:00:00+09:00,15300.0,15600.0,15250.0,15550.0,39121,0.0,0.0
2021-01-20 00:00:00+09:00,15500.0,15950.0,15400.0,15900.0,44628,0.0,0.0
2021-01-21 00:00:00+09:00,16050.0,16100.0,15650.0,15750.0,29541,0.0,0.0
2021-01-22 00:00:00+09:00,15750.0,15800.0,15450.0,15750.0,30533,0.0,0.0
2021-01-25 00:00:00+09:00,15750.0,15850.0,15600.0,15750.0,31493,0.0,0.0
2021-01-26 00:00:00+09:00,15850.0,15850.0,15450.0,15450.0,38437,0.0,0.0
2021-01-27 00:00:00+09:00,15500.0,20050.0,15150.0,18050.0,3104119,0.0,0.0
2021-01-28 00:00:00+09:00,17550.0,22600.0,16950.0,21000.0,3995017,0.0,0.0
2021-01-29 00:00:00+09:00,20450.0,20700.0,17600.0,17750.0,886692,0.0,0.0
2021-02-01 00:00:00+09:00,17700.0,18450.0,17050.0,17450.0,331333,0.0,0.0
2021-02-02 00:00:00+09:00,17550.0,18100.0,17150.0,17600.0,199510,0.0,0.0
2021-02-03 00:00:00+09:00,17500.0,19300.0,17500.0,18750.0,435598,0.0,0.0
2021-02-04 00:00:00+09:00,18800.0,19450.0,18200.0,18600.0,195068,0.0,0.0
2021-02-05 00:00:00+09:00,19000.0,19550.0,18600.0,18650.0,158727,0.0,0.0
2021-02-08 00:00:00+09:00,18700.0,20400.0,18450.0,19900.0,340910,0.0,0.0
2021-02-09 00:00:00+09:00,19800.0,20700.0,19500.0,19900.0,188560,0.0,0.0
2021-02-10 00:00:00+09:00,19900.0,21400.0,19300.0,20700.0,227970,0.0,0.0
2021-02-15 00:00:00+09:00,20750.0,21100.0,20250.0,20850.0,177007,0.0,0.0
2021-02-16 00:00:00+09:00,20850.0,21150.0,19850.0,20050.0,178868,0.0,0.0
2021-02-17 00:00:00+09:00,20050.0,21950.0,19700.0,21700.0,326673,0.0,0.0
2021-02-18 00:00:00+09:00,21600.0,24300.0,20850.0,21800.0,566032,0.0,0.0
2021-02-19 00:00:00+09:00,21600.0,21700.0,20300.0,21050.0,201493,0.0,0.0
2021-02-22 00:00:00+09:00,21200.0,21700.0,19900.0,20000.0,106066,0.0,0.0
2021-02-23 00:00:00+09:00,20000.0,20000.0,18900.0,19250.0,134731,0.0,0.0
2021-02-24 00:00:00+09:00,19600.0,20700.0,18550.0,18800.0,119717,0.0,0.0
2021-02-25 00:00:00+09:00,19600.0,22550.0,19600.0,22100.0,767411,0.0,0.0
2021-02-26 00:00:00+09:00,21400.0,21850.0,20550.0,21550.0,205055,0.0,0.0
2021-03-02 00:00:00+09:00,21850.0,23600.0,21400.0,21650.0,238422,0.0,0.0
2021-03-03 00:00:00+09:00,21550.0,22800.0,21250.0,22700.0,132215,0.0,0.0
2021-03-04 00:00:00+09:00,22300.0,22300.0,20800.0,21300.0,175641,0.0,0.0
2021-03-05 00:00:00+09:00,20750.0,21000.0,20000.0,20800.0,136900,0.0,0.0
2021-03-08 00:00:00+09:00,20700.0,20900.0,19350.0,19400.0,161945,0.0,0.0
2021-03-09 00:00:00+09:00,19500.0,19600.0,18200.0,18950.0,139703,0.0,0.0
2021-03-10 00:00:00+09:00,19300.0,19950.0,18750.0,18800.0,88743,0.0,0.0
2021-03-11 00:00:00+09:00,18650.0,19650.0,18650.0,19050.0,78089,0.0,0.0
2021-03-12 00:00:00+09:00,19000.0,19550.0,18800.0,19100.0,48467,0.0,0.0
2021-03-15 00:00:00+09:00,19000.0,19750.0,19000.0,19500.0,48705,0.0,0.0
2021-03-16 00:00:00+09:00,19500.0,19900.0,19250.0,19400.0,52461,0.0,0.0
2021-03-17 00:00:00+09:00,19750.0,19750.0,18900.0,19300.0,40470,0.0,0.0
2021-03-18 00:00:00+09:00,19400.0,19800.0,18750.0,19600.0,78681,0.0,0.0
2021-03-19 00:00:00+09:00,19250.0,19950.0,19100.0,19850.0,53204,0.0,0.0
2021-03-22 00:00:00+09:00,19950.0,21350.0,19650.0,20500.0,169861,0.0,0.0
2021-03-23 00:00:00+09:00,20550.0,21350.0,19900.0,20850.0,127103,0.0,0.0
2021-03-24 00:00:00+09:00,21100.0,21250.0,20450.0,20500.0,80141,0.0,0.0
2021-03-25 00:00:00+09:00,20400.0,20650.0,19600.0,20100.0,60556,0.0,0.0
2021-03-26 00:00:00+09:00,20250.0,20250.0,19400.0,19900.0,65759,0.0,0.0
2021-03-29 00:00:00+09:00,19900.0,19950.0,18950.0,19250.0,72529,0.0,0.0
2021-03-30 00:00:00+09:00,19300.0,19500.0,18950.0,19150.0,31365,0.0,0.0
2021-03-31 00:00:00+09:00,19000.0,20400.0,18600.0,19500.0,122512,0.0,0.0
2021-04-01 00:00:00+09:00,19500.0,19750.0,18950.0,19400.0,59118,0.0,0.0
2021-04-02 00:00:00+09:00,19400.0,19400.0,18950.0,18950.0,47430,0.0,0.0
2021-04-05 00:00:00+09:00,18950.0,19050.0,18350.0,18700.0,99983,0.0,0.0
2021-04-06 00:00:00+09:00,18700.0,19450.0,18650.0,19450.0,62319,0.0,0.0
2021-04-07 00:00:00+09:00,19550.0,19700.0,19150.0,19200.0,38348,0.0,0.0
2021-04-08 00:00:00+09:00,19200.0,20200.0,19050.0,19950.0,118023,0.0,0.0
2021-04-09 00:00:00+09:00,19950.0,20100.0,19350.0,19700.0,63168,0.0,0.0
2021-04-12 00:00:00+09:00,19900.0,21300.0,19200.0,19900.0,154842,0.0,0.0
2021-04-13 00:00:00+09:00,19750.0,20600.0,19650.0,20100.0,78616,0.0,0.0
2021-04-14 00:00:00+09:00,20100.0,20800.0,19950.0,20250.0,96580,0.0,0.0
2021-04-15 00:00:00+09:00,20300.0,20350.0,18550.0,19400.0,391622,0.0,0.0
2021-04-16 00:00:00+09:00,19650.0,19650.0,19200.0,19350.0,64114,0.0,0.0
2021-04-19 00:00:00+09:00,19350.0,20450.0,19350.0,20150.0,103745,0.0,0.0
2021-04-20 00:00:00+09:00,20500.0,22100.0,20500.0,21400.0,375105,0.0,0.0
2021-04-21 00:00:00+09:00,21550.0,22500.0,21050.0,22100.0,191556,0.0,0.0
2021-04-22 00:00:00+09:00,22100.0,22350.0,20900.0,21100.0,119267,0.0,0.0
2021-04-23 00:00:00+09:00,21050.0,22500.0,20400.0,21750.0,130187,0.0,0.0
2021-04-26 00:00:00+09:00,21800.0,22900.0,21300.0,21900.0,164185,0.0,0.0
2021-04-27 00:00:00+09:00,22100.0,22100.0,21200.0,21300.0,62480,0.0,0.0
2021-04-28 00:00:00+09:00,21650.0,21650.0,20600.0,20950.0,65348,0.0,0.0
2021-04-29 00:00:00+09:00,20900.0,21100.0,20400.0,20650.0,53217,0.0,0.0
2021-04-30 00:00:00+09:00,20650.0,21050.0,20150.0,20400.0,54453,0.0,0.0
2021-05-03 00:00:00+09:00,20150.0,20850.0,19850.0,20000.0,52104,0.0,0.0
2021-05-04 00:00:00+09:00,19750.0,20600.0,19350.0,20100.0,53612,0.0,0.0
2021-05-06 00:00:00+09:00,20200.0,20450.0,19750.0,20000.0,21821,0.0,0.0
2021-05-07 00:00:00+09:00,20050.0,21400.0,19950.0,21200.0,87767,0.0,0.0
2021-05-10 00:00:00+09:00,22000.0,22450.0,21650.0,21750.0,192623,0.0,0.0
2021-05-11 00:00:00+09:00,21450.0,24200.0,21200.0,23700.0,508618,0.0,0.0
2021-05-12 00:00:00+09:00,23550.0,24100.0,22450.0,23350.0,220544,0.0,0.0
2021-05-13 00:00:00+09:00,22650.0,23650.0,21950.0,22300.0,120638,0.0,0.0
2021-05-14 00:00:00+09:00,22500.0,22650.0,21700.0,22450.0,75327,0.0,0.0
2021-05-17 00:00:00+09:00,22500.0,22600.0,21450.0,21700.0,89390,0.0,0.0
2021-05-18 00:00:00+09:00,21800.0,22100.0,21250.0,21950.0,62618,0.0,0.0
2021-05-20 00:00:00+09:00,21750.0,23650.0,21050.0,22600.0,257905,0.0,0.0
2021-05-21 00:00:00+09:00,22300.0,22550.0,21100.0,22200.0,97007,0.0,0.0
2021-05-24 00:00:00+09:00,22200.0,23550.0,21800.0,22850.0,163187,0.0,0.0
2021-05-25 00:00:00+09:00,23100.0,26950.0,23000.0,26800.0,732872,0.0,0.0
2021-05-26 00:00:00+09:00,26450.0,26750.0,24500.0,24550.0,296480,0.0,0.0
2021-05-27 00:00:00+09:00,24500.0,26150.0,24300.0,25900.0,200984,0.0,0.0
2021-05-28 00:00:00+09:00,25400.0,25800.0,24700.0,24750.0,124205,0.0,0.0
2021-05-31 00:00:00+09:00,24600.0,24600.0,23450.0,23650.0,133040,0.0,0.0
2021-06-01 00:00:00+09:00,23650.0,24300.0,23500.0,23700.0,96145,0.0,0.0
2021-06-02 00:00:00+09:00,23700.0,24100.0,23200.0,24000.0,54073,0.0,0.0
2021-06-03 00:00:00+09:00,23750.0,24200.0,23300.0,23500.0,66352,0.0,0.0
2021-06-04 00:00:00+09:00,23200.0,23550.0,22000.0,22550.0,158324,0.0,0.0
2021-06-07 00:00:00+09:00,22650.0,23900.0,22100.0,23750.0,105398,0.0,0.0
2021-06-08 00:00:00+09:00,23900.0,24200.0,22900.0,23200.0,63063,0.0,0.0
2021-06-09 00:00:00+09:00,23200.0,23700.0,22550.0,23050.0,53811,0.0,0.0
2021-06-10 00:00:00+09:00,22950.0,23400.0,22550.0,23150.0,50510,0.0,0.0
2021-06-11 00:00:00+09:00,23000.0,23500.0,22900.0,22900.0,38436,0.0,0.0
2021-06-14 00:00:00+09:00,22900.0,23500.0,22750.0,22900.0,32016,0.0,0.0
2021-06-15 00:00:00+09:00,22900.0,23300.0,22250.0,22450.0,51838,0.0,0.0
2021-06-16 00:00:00+09:00,22300.0,22650.0,22000.0,22600.0,65110,0.0,0.0
2021-06-17 00:00:00+09:00,22600.0,23500.0,22350.0,22550.0,58872,0.0,0.0
2021-06-18 00:00:00+09:00,22550.0,22800.0,22150.0,22700.0,27557,0.0,0.0
2021-06-21 00:00:00+09:00,22650.0,22800.0,22100.0,22350.0,42859,0.0,0.0
2021-06-22 00:00:00+09:00,22250.0,22650.0,22000.0,22300.0,49905,0.0,0.0
2021-06-23 00:00:00+09:00,23450.0,24700.0,22800.0,23500.0,265172,0.0,0.0
2021-06-24 00:00:00+09:00,23500.0,24200.0,22850.0,23550.0,67373,0.0,0.0
2021-06-25 00:00:00+09:00,23800.0,23800.0,21700.0,22550.0,322583,0.0,0.0
2021-06-28 00:00:00+09:00,22100.0,23300.0,22100.0,22800.0,103793,0.0,0.0
2021-06-29 00:00:00+09:00,22550.0,22700.0,22300.0,22500.0,50569,0.0,0.0
2021-06-30 00:00:00+09:00,22350.0,23200.0,22350.0,23000.0,95973,0.0,0.0
2021-07-01 00:00:00+09:00,23000.0,23200.0,22450.0,22700.0,50125,0.0,0.0
2021-07-02 00:00:00+09:00,22700.0,22900.0,22300.0,22500.0,65145,0.0,0.0
2021-07-05 00:00:00+09:00,22300.0,22400.0,21750.0,22300.0,75369,0.0,0.0
2021-07-06 00:00:00+09:00,22150.0,22300.0,22000.0,22200.0,30427,0.0,0.0
2021-07-07 00:00:00+09:00,22100.0,22600.0,22100.0,22150.0,43760,0.0,0.0
2021-07-08 00:00:00+09:00,22150.0,22400.0,21700.0,21900.0,78622,0.0,0.0
2021-07-09 00:00:00+09:00,21900.0,21900.0,21000.0,21350.0,99398,0.0,0.0
2021-07-12 00:00:00+09:00,21250.0,22050.0,21250.0,21700.0,37576,0.0,0.0
2021-07-13 00:00:00+09:00,21600.0,21650.0,21200.0,21350.0,33526,0.0,0.0
2021-07-14 00:00:00+09:00,21650.0,21900.0,21000.0,21500.0,50915,0.0,0.0
2021-07-15 00:00:00+09:00,21400.0,21500.0,21100.0,21150.0,36957,0.0,0.0
2021-07-16 00:00:00+09:00,21050.0,21200.0,20650.0,21000.0,55268,0.0,0.0
2021-07-19 00:00:00+09:00,20850.0,20900.0,20400.0,20550.0,36329,0.0,0.0
2021-07-20 00:00:00+09:00,20050.0,20900.0,20050.0,20800.0,41102,0.0,0.0
2021-07-21 00:00:00+09:00,20800.0,20900.0,20200.0,20450.0,32083,0.0,0.0
2021-07-22 00:00:00+09:00,20700.0,21850.0,20700.0,21350.0,188535,0.0,0.0
2021-07-23 00:00:00+09:00,21400.0,21600.0,21050.0,21300.0,25810,0.0,0.0
2021-07-26 00:00:00+09:00,21100.0,21500.0,20800.0,20900.0,27546,0.0,0.0
2021-07-27 00:00:00+09:00,20850.0,21250.0,20850.0,21100.0,18902,0.0,0.0
2021-07-28 00:00:00+09:00,21100.0,21100.0,20750.0,20750.0,15737,0.0,0.0
2021-07-29 00:00:00+09:00,20750.0,21200.0,20750.0,21100.0,18919,0.0,0.0
2021-07-30 00:00:00+09:00,21300.0,21700.0,21050.0,21150.0,48826,0.0,0.0
2021-08-02 00:00:00+09:00,21000.0,21500.0,20950.0,21200.0,22880,0.0,0.0
2021-08-03 00:00:00+09:00,21100.0,21500.0,20750.0,21150.0,21630,0.0,0.0
2021-08-04 00:00:00+09:00,21000.0,21700.0,20900.0,21500.0,32563,0.0,0.0
2021-08-05 00:00:00+09:00,21300.0,21600.0,21200.0,21350.0,15602,0.0,0.0
2021-08-06 00:00:00+09:00,21350.0,21800.0,21150.0,21350.0,28805,0.0,0.0
2021-08-09 00:00:00+09:00,21350.0,21700.0,20850.0,21350.0,44784,0.0,0.0
2021-08-10 00:00:00+09:00,21150.0,21400.0,20750.0,20950.0,32560,0.0,0.0
2021-08-11 00:00:00+09:00,20850.0,21000.0,20500.0,20800.0,26791,0.0,0.0
2021-08-12 00:00:00+09:00,20800.0,20800.0,20200.0,20500.0,55421,0.0,0.0
2021-08-13 00:00:00+09:00,20350.0,20350.0,19600.0,20100.0,68552,0.0,0.0
2021-08-17 00:00:00+09:00,20100.0,20250.0,19450.0,19800.0,45012,0.0,0.0
2021-08-18 00:00:00+09:00,19450.0,20300.0,19350.0,20150.0,35929,0.0,0.0
2021-08-19 00:00:00+09:00,19950.0,20050.0,19000.0,19450.0,56698,0.0,0.0
2021-08-20 00:00:00+09:00,19300.0,19450.0,18200.0,18500.0,70100,0.0,0.0
2021-08-23 00:00:00+09:00,18600.0,19050.0,18500.0,18850.0,22624,0.0,0.0
2021-08-24 00:00:00+09:00,18900.0,19500.0,18900.0,19450.0,20434,0.0,0.0
2021-08-25 00:00:00+09:00,19450.0,19500.0,19050.0,19250.0,16081,0.0,0.0
2021-08-26 00:00:00+09:00,19600.0,19600.0,19000.0,19250.0,12454,0.0,0.0
2021-08-27 00:00:00+09:00,19050.0,19400.0,18950.0,19400.0,13567,0.0,0.0
2021-08-30 00:00:00+09:00,19400.0,19800.0,19150.0,19650.0,18094,0.0,0.0
2021-08-31 00:00:00+09:00,19500.0,19650.0,19250.0,19500.0,15868,0.0,0.0
2021-09-01 00:00:00+09:00,19500.0,21100.0,19500.0,20550.0,54211,0.0,0.0
2021-09-02 00:00:00+09:00,20650.0,22500.0,20550.0,21200.0,290940,0.0,0.0
2021-09-03 00:00:00+09:00,21200.0,21500.0,20700.0,20850.0,35057,0.0,0.0
2021-09-06 00:00:00+09:00,20850.0,23500.0,20550.0,22500.0,552710,0.0,0.0
2021-09-07 00:00:00+09:00,22250.0,22650.0,21750.0,22100.0,89776,0.0,0.0
2021-09-08 00:00:00+09:00,21850.0,22700.0,21500.0,21900.0,84632,0.0,0.0
2021-09-09 00:00:00+09:00,21650.0,21800.0,21000.0,21300.0,60418,0.0,0.0
2021-09-10 00:00:00+09:00,21100.0,21250.0,20450.0,20950.0,36792,0.0,0.0
2021-09-13 00:00:00+09:00,20800.0,20850.0,20150.0,20400.0,48228,0.0,0.0
2021-09-14 00:00:00+09:00,20300.0,20650.0,20150.0,20300.0,25768,0.0,0.0
2021-09-15 00:00:00+09:00,20300.0,20300.0,19850.0,20150.0,27668,0.0,0.0
2021-09-16 00:00:00+09:00,20550.0,20550.0,19800.0,20000.0,20330,0.0,0.0
2021-09-17 00:00:00+09:00,20050.0,20250.0,19700.0,20050.0,14774,0.0,0.0
2021-09-23 00:00:00+09:00,19800.0,19850.0,19450.0,19600.0,30602,0.0,0.0
2021-09-24 00:00:00+09:00,19500.0,20050.0,19250.0,20050.0,26839,0.0,0.0
2021-09-27 00:00:00+09:00,20000.0,20000.0,19450.0,19750.0,19329,0.0,0.0
2021-09-28 00:00:00+09:00,19850.0,19850.0,19100.0,19250.0,30232,0.0,0.0
2021-09-29 00:00:00+09:00,18700.0,19300.0,18500.0,19150.0,50748,0.0,0.0
2021-09-30 00:00:00+09:00,19000.0,19250.0,18800.0,19050.0,20247,0.0,0.0
2021-10-01 00:00:00+09:00,18800.0,19100.0,18650.0,19000.0,16103,0.0,0.0
2021-10-05 00:00:00+09:00,19050.0,19250.0,17800.0,18650.0,46285,0.0,0.0
2021-10-06 00:00:00+09:00,18700.0,19000.0,18000.0,18350.0,24331,0.0,0.0
2021-10-07 00:00:00+09:00,18350.0,19100.0,18250.0,18700.0,33163,0.0,0.0
2021-10-08 00:00:00+09:00,18750.0,18900.0,18250.0,18450.0,20513,0.0,0.0
2021-10-12 00:00:00+09:00,18450.0,18500.0,17650.0,17900.0,44805,0.0,0.0
2021-10-13 00:00:00+09:00,17750.0,18050.0,17600.0,18000.0,18786,0.0,0.0
2021-10-14 00:00:00+09:00,18050.0,18450.0,17800.0,18450.0,25467,0.0,0.0
2021-10-15 00:00:00+09:00,18450.0,18700.0,18100.0,18600.0,17938,0.0,0.0
2021-10-18 00:00:00+09:00,18700.0,18700.0,18400.0,18500.0,9178,0.0,0.0
2021-10-19 00:00:00+09:00,18500.0,18800.0,18300.0,18550.0,20550,0.0,0.0
2021-10-20 00:00:00+09:00,18550.0,19300.0,18450.0,19200.0,30685,0.0,0.0
2021-10-21 00:00:00+09:00,19050.0,19250.0,18800.0,18800.0,14217,0.0,0.0
2021-10-22 00:00:00+09:00,18800.0,19050.0,18600.0,19050.0,25387,0.0,0.0
2021-10-25 00:00:00+09:00,19050.0,19450.0,18800.0,19050.0,14486,0.0,0.0
2021-10-26 00:00:00+09:00,19100.0,19400.0,18900.0,19100.0,15276,0.0,0.0
2021-10-27 00:00:00+09:00,19100.0,19100.0,18800.0,19050.0,16347,0.0,0.0
2021-10-28 00:00:00+09:00,19050.0,19050.0,18500.0,18700.0,25143,0.0,0.0
2021-10-29 00:00:00+09:00,18650.0,18750.0,18000.0,18200.0,35294,0.0,0.0
2021-11-01 00:00:00+09:00,18200.0,18500.0,18050.0,18350.0,8627,0.0,0.0
2021-11-02 00:00:00+09:00,18500.0,19000.0,18500.0,18850.0,13148,0.0,0.0
2021-11-03 00:00:00+09:00,18850.0,18950.0,18250.0,18250.0,14554,0.0,0.0
2021-11-04 00:00:00+09:00,18250.0,18600.0,18000.0,18400.0,16032,0.0,0.0
2021-11-05 00:00:00+09:00,18400.0,18400.0,17850.0,18000.0,13438,0.0,0.0
2021-11-08 00:00:00+09:00,18000.0,18000.0,17300.0,17900.0,33400,0.0,0.0
2021-11-09 00:00:00+09:00,17900.0,18100.0,17550.0,17700.0,17983,0.0,0.0
2021-11-10 00:00:00+09:00,17700.0,17700.0,17000.0,17050.0,23175,0.0,0.0
2021-11-11 00:00:00+09:00,17050.0,17200.0,16300.0,16300.0,37302,0.0,0.0
2021-11-12 00:00:00+09:00,16400.0,17000.0,16400.0,16850.0,12987,0.0,0.0
2021-11-15 00:00:00+09:00,17000.0,17600.0,16650.0,17300.0,20762,0.0,0.0
2021-11-16 00:00:00+09:00,17450.0,17500.0,16400.0,16900.0,28176,0.0,0.0
2021-11-17 00:00:00+09:00,16850.0,17100.0,16400.0,16700.0,27208,0.0,0.0
2021-11-18 00:00:00+09:00,16550.0,16700.0,16200.0,16350.0,31486,0.0,0.0
2021-11-19 00:00:00+09:00,16250.0,16600.0,16050.0,16500.0,14015,0.0,0.0
2021-11-22 00:00:00+09:00,16450.0,17200.0,16200.0,17100.0,26035,0.0,0.0
2021-11-23 00:00:00+09:00,17100.0,17200.0,16500.0,16500.0,17567,0.0,0.0
2021-11-24 00:00:00+09:00,16500.0,17000.0,16450.0,16700.0,11023,0.0,0.0
2021-11-25 00:00:00+09:00,17000.0,17600.0,16650.0,16650.0,32287,0.0,0.0
2021-11-26 00:00:00+09:00,16850.0,16900.0,16300.0,16900.0,15468,0.0,0.0
2021-11-29 00:00:00+09:00,17000.0,17050.0,16300.0,16400.0,26854,0.0,0.0
2021-11-30 00:00:00+09:00,16300.0,16500.0,15400.0,15650.0,51676,0.0,0.0
2021-12-01 00:00:00+09:00,15550.0,15800.0,15050.0,15700.0,17322,0.0,0.0
2021-12-02 00:00:00+09:00,15500.0,16100.0,15450.0,16000.0,9150,0.0,0.0
2021-12-03 00:00:00+09:00,16050.0,16300.0,15800.0,16250.0,8772,0.0,0.0
2021-12-06 00:00:00+09:00,16300.0,17800.0,15850.0,16750.0,66838,0.0,0.0
2021-12-07 00:00:00+09:00,17000.0,17200.0,16400.0,16900.0,22480,0.0,0.0
2021-12-08 00:00:00+09:00,16900.0,17150.0,16350.0,16850.0,27099,0.0,0.0
2021-12-09 00:00:00+09:00,16950.0,17350.0,16750.0,17200.0,17160,0.0,0.0
2021-12-10 00:00:00+09:00,17500.0,18200.0,17500.0,18000.0,53088,0.0,0.0
2021-12-13 00:00:00+09:00,18000.0,18050.0,17450.0,17850.0,22216,0.0,0.0
2021-12-14 00:00:00+09:00,17850.0,17950.0,17400.0,17650.0,16026,0.0,0.0
2021-12-15 00:00:00+09:00,17600.0,17650.0,17100.0,17400.0,20711,0.0,0.0
2021-12-16 00:00:00+09:00,17400.0,17800.0,17150.0,17450.0,14471,0.0,0.0
2021-12-17 00:00:00+09:00,17450.0,17650.0,17000.0,17150.0,15051,0.0,0.0
2021-12-20 00:00:00+09:00,17150.0,17150.0,16700.0,16850.0,9502,0.0,0.0
2021-12-21 00:00:00+09:00,16950.0,17050.0,16600.0,16850.0,6580,0.0,0.0
2021-12-22 00:00:00+09:00,16950.0,16950.0,16400.0,16600.0,11189,0.0,0.0
2021-12-23 00:00:00+09:00,16650.0,16650.0,16200.0,16500.0,11682,0.0,0.0
2021-12-24 00:00:00+09:00,16500.0,16700.0,16250.0,16400.0,19494,0.0,0.0
2021-12-27 00:00:00+09:00,16250.0,16600.0,16200.0,16550.0,7471,0.0,0.0
2021-12-28 00:00:00+09:00,16500.0,16500.0,16000.0,16050.0,25434,0.0,0.0
2021-12-29 00:00:00+09:00,16300.0,17200.0,16100.0,17000.0,14694,0.0,0.0
2021-12-30 00:00:00+09:00,17000.0,18000.0,16550.0,17900.0,26001,0.0,0.0
2022-01-04 00:00:00+09:00,17700.0,17700.0,16950.0,17450.0,47319,0.0,0.0
2022-01-05 00:00:00+09:00,17450.0,17550.0,16850.0,16900.0,22674,0.0,0.0
2022-01-06 00:00:00+09:00,16800.0,17150.0,16350.0,16550.0,48616,0.0,0.0
2022-01-07 00:00:00+09:00,16600.0,16850.0,16400.0,16850.0,9420,0.0,0.0
2022-01-10 00:00:00+09:00,16850.0,16850.0,15800.0,16100.0,22297,0.0,0.0
2022-01-11 00:00:00+09:00,16200.0,16350.0,15500.0,15500.0,38062,0.0,0.0
2022-01-12 00:00:00+09:00,15800.0,16050.0,15550.0,15950.0,15274,0.0,0.0
2022-01-13 00:00:00+09:00,16100.0,16100.0,15550.0,15800.0,27218,0.0,0.0
2022-01-14 00:00:00+09:00,15700.0,15950.0,15650.0,15950.0,11808,0.0,0.0
2022-01-17 00:00:00+09:00,15650.0,15850.0,15550.0,15750.0,7621,0.0,0.0
2022-01-18 00:00:00+09:00,15750.0,15900.0,15200.0,15450.0,27244,0.0,0.0
2022-01-19 00:00:00+09:00,15000.0,15550.0,14850.0,15450.0,25768,0.0,0.0
2022-01-20 00:00:00+09:00,15450.0,15750.0,15250.0,15700.0,7194,0.0,0.0
2022-01-21 00:00:00+09:00,15650.0,16000.0,15350.0,15700.0,20268,0.0,0.0
2022-01-24 00:00:00+09:00,15650.0,15700.0,15000.0,15200.0,22225,0.0,0.0
2022-01-25 00:00:00+09:00,15200.0,16700.0,13750.0,14200.0,149951,0.0,0.0
2022-01-26 00:00:00+09:00,14000.0,15800.0,13800.0,15000.0,126223,0.0,0.0
2022-01-27 00:00:00+09:00,15150.0,15150.0,14150.0,14600.0,45631,0.0,0.0
2022-01-28 00:00:00+09:00,14550.0,15150.0,14250.0,14600.0,33681,0.0,0.0
2022-02-03 00:00:00+09:00,15000.0,15500.0,14600.0,15350.0,34672,0.0,0.0
2022-02-04 00:00:00+09:00,15300.0,15300.0,14800.0,15150.0,11097,0.0,0.0
2022-02-07 00:00:00+09:00,15150.0,15300.0,14500.0,15050.0,40942,0.0,0.0
2022-02-08 00:00:00+09:00,14950.0,15200.0,14350.0,14450.0,23129,0.0,0.0
2022-02-09 00:00:00+09:00,14750.0,14800.0,14400.0,14600.0,16801,0.0,0.0
2022-02-10 00:00:00+09:00,14700.0,14800.0,14300.0,14500.0,12200,0.0,0.0
2022-02-11 00:00:00+09:00,14550.0,14550.0,13850.0,14000.0,22716,0.0,0.0
2022-02-14 00:00:00+09:00,13700.0,13800.0,13000.0,13200.0,37692,0.0,0.0
2022-02-15 00:00:00+09:00,13200.0,13200.0,12650.0,12650.0,19737,0.0,0.0
2022-02-16 00:00:00+09:00,12850.0,13150.0,12850.0,12950.0,23444,0.0,0.0
2022-02-17 00:00:00+09:00,13150.0,13400.0,12800.0,12950.0,25639,0.0,0.0
2022-02-18 00:00:00+09:00,13000.0,13150.0,12800.0,13100.0,16963,0.0,0.0
2022-02-21 00:00:00+09:00,13100.0,13150.0,12750.0,13050.0,7354,0.0,0.0
2022-02-22 00:00:00+09:00,12900.0,13100.0,12100.0,12550.0,37988,0.0,0.0
2022-02-23 00:00:00+09:00,12600.0,12600.0,12050.0,12400.0,37329,0.0,0.0
2022-02-24 00:00:00+09:00,12300.0,12350.0,11650.0,12000.0,41314,0.0,0.0
2022-02-25 00:00:00+09:00,12050.0,12500.0,12050.0,12350.0,22165,0.0,0.0
2022-02-28 00:00:00+09:00,12400.0,12950.0,12000.0,12750.0,19867,0.0,0.0
2022-03-02 00:00:00+09:00,12700.0,13550.0,12500.0,12900.0,34442,0.0,0.0
2022-03-03 00:00:00+09:00,12900.0,14150.0,12900.0,13350.0,46963,0.0,0.0
2022-03-04 00:00:00+09:00,13350.0,14400.0,13250.0,13850.0,40239,0.0,0.0
2022-03-07 00:00:00+09:00,13850.0,14350.0,13350.0,13700.0,23663,0.0,0.0
2022-03-08 00:00:00+09:00,13250.0,13500.0,12900.0,13100.0,20036,0.0,0.0
2022-03-10 00:00:00+09:00,13150.0,13600.0,12950.0,13500.0,11347,0.0,0.0
2022-03-11 00:00:00+09:00,13550.0,13550.0,13200.0,13500.0,9909,0.0,0.0
2022-03-14 00:00:00+09:00,13550.0,13550.0,12300.0,13400.0,21864,0.0,0.0
2022-03-15 00:00:00+09:00,13550.0,13550.0,12850.0,13100.0,11285,0.0,0.0
2022-03-16 00:00:00+09:00,13350.0,13900.0,13250.0,13650.0,20191,0.0,0.0
2022-03-17 00:00:00+09:00,13800.0,14150.0,13600.0,13750.0,13020,0.0,0.0
2022-03-18 00:00:00+09:00,14000.0,14250.0,13700.0,13800.0,4338,0.0,0.0
2022-03-21 00:00:00+09:00,13900.0,13950.0,13400.0,13800.0,4941,0.0,0.0
2022-03-22 00:00:00+09:00,13750.0,13900.0,13700.0,13900.0,6124,0.0,0.0
2022-03-23 00:00:00+09:00,13900.0,13950.0,13300.0,13600.0,25178,0.0,0.0
2022-03-24 00:00:00+09:00,13650.0,14150.0,13550.0,13750.0,8621,0.0,0.0
2022-03-25 00:00:00+09:00,13750.0,13850.0,13600.0,13800.0,6260,0.0,0.0
2022-03-28 00:00:00+09:00,13700.0,14000.0,13700.0,13700.0,17097,0.0,0.0
2022-03-29 00:00:00+09:00,13950.0,15000.0,13850.0,14400.0,85848,0.0,0.0
2022-03-30 00:00:00+09:00,14250.0,14400.0,13950.0,14300.0,13396,0.0,0.0
2022-03-31 00:00:00+09:00,14150.0,14550.0,14050.0,14250.0,11269,0.0,0.0
2022-04-01 00:00:00+09:00,14250.0,14400.0,14100.0,14250.0,4260,0.0,0.0
2022-04-04 00:00:00+09:00,14300.0,14500.0,14100.0,14500.0,9771,0.0,0.0
2022-04-05 00:00:00+09:00,14600.0,14600.0,14150.0,14550.0,18483,0.0,0.0
2022-04-06 00:00:00+09:00,14600.0,15050.0,14400.0,14900.0,19194,0.0,0.0
2022-04-07 00:00:00+09:00,14750.0,14950.0,14300.0,14400.0,20539,0.0,0.0
2022-04-08 00:00:00+09:00,14300.0,14550.0,14150.0,14500.0,10010,0.0,0.0
2022-04-11 00:00:00+09:00,14350.0,14500.0,14150.0,14300.0,6008,0.0,0.0
2022-04-12 00:00:00+09:00,14350.0,14500.0,13750.0,13750.0,17528,0.0,0.0
2022-04-13 00:00:00+09:00,13950.0,14250.0,13850.0,14000.0,6827,0.0,0.0
2022-04-14 00:00:00+09:00,14000.0,14100.0,13850.0,13900.0,2774,0.0,0.0
2022-04-15 00:00:00+09:00,13800.0,13950.0,13600.0,13900.0,4102,0.0,0.0
2022-04-18 00:00:00+09:00,13700.0,14100.0,13700.0,13950.0,3662,0.0,0.0
2022-04-19 00:00:00+09:00,14100.0,14100.0,13850.0,14000.0,5235,0.0,0.0
2022-04-20 00:00:00+09:00,14350.0,14400.0,14000.0,14350.0,10042,0.0,0.0
2022-04-21 00:00:00+09:00,14500.0,15250.0,14200.0,14900.0,41656,0.0,0.0
2022-04-22 00:00:00+09:00,14800.0,14800.0,14500.0,14800.0,8111,0.0,0.0
2022-04-25 00:00:00+09:00,14700.0,14700.0,14300.0,14400.0,3836,0.0,0.0
2022-04-26 00:00:00+09:00,14400.0,14750.0,14400.0,14550.0,4233,0.0,0.0
2022-04-27 00:00:00+09:00,14300.0,14800.0,14250.0,14800.0,15406,0.0,0.0
2022-04-28 00:00:00+09:00,14850.0,15100.0,14700.0,14950.0,8419,0.0,0.0
2022-04-29 00:00:00+09:00,14850.0,15100.0,14700.0,14800.0,11945,0.0,0.0
2022-05-03 00:00:00+09:00,14850.0,14900.0,14700.0,14800.0,2826,0.0,0.0
2022-05-04 00:00:00+09:00,14700.0,14800.0,14150.0,14300.0,10484,0.0,0.0
2022-05-06 00:00:00+09:00,14300.0,14500.0,14150.0,14350.0,10657,0.0,0.0
2022-05-10 00:00:00+09:00,13600.0,13700.0,12950.0,13500.0,17301,0.0,0.0
2022-05-11 00:00:00+09:00,13250.0,13650.0,13200.0,13350.0,8394,0.0,0.0
2022-05-12 00:00:00+09:00,13350.0,13400.0,12900.0,13100.0,8396,0.0,0.0
2022-05-13 00:00:00+09:00,13000.0,13550.0,12900.0,13550.0,9350,0.0,0.0
2022-05-16 00:00:00+09:00,13600.0,13700.0,13500.0,13600.0,2280,0.0,0.0
2022-05-17 00:00:00+09:00,13300.0,13550.0,12900.0,13050.0,31027,0.0,0.0
2022-05-18 00:00:00+09:00,13350.0,13350.0,12750.0,13250.0,17428,0.0,0.0
2022-05-19 00:00:00+09:00,13150.0,13450.0,12550.0,13350.0,15657,0.0,0.0
2022-05-20 00:00:00+09:00,13250.0,13350.0,13100.0,13100.0,2944,0.0,0.0
2022-05-23 00:00:00+09:00,13300.0,13300.0,12900.0,12900.0,6411,0.0,0.0
2022-05-24 00:00:00+09:00,13100.0,13100.0,12500.0,12500.0,12689,0.0,0.0
2022-05-25 00:00:00+09:00,12700.0,12750.0,12550.0,12650.0,4876,0.0,0.0
2022-05-26 00:00:00+09:00,12700.0,12950.0,12600.0,12650.0,6895,0.0,0.0
2022-05-27 00:00:00+09:00,12750.0,12950.0,12500.0,12650.0,6592,0.0,0.0
2022-05-30 00:00:00+09:00,13250.0,13250.0,12400.0,12450.0,8352,0.0,0.0
2022-05-31 00:00:00+09:00,12450.0,12550.0,11700.0,12350.0,24592,0.0,0.0
2022-06-02 00:00:00+09:00,12600.0,12650.0,12300.0,12650.0,4275,0.0,0.0
2022-06-03 00:00:00+09:00,12550.0,12900.0,12300.0,12300.0,5286,0.0,0.0
2022-06-07 00:00:00+09:00,12300.0,12600.0,11950.0,12000.0,6398,0.0,0.0
2022-06-08 00:00:00+09:00,12100.0,12500.0,11950.0,12500.0,8050,0.0,0.0
2022-06-09 00:00:00+09:00,12300.0,12300.0,11950.0,12050.0,5501,0.0,0.0
2022-06-10 00:00:00+09:00,11950.0,12100.0,11650.0,12000.0,21673,0.0,0.0
2022-06-13 00:00:00+09:00,11800.0,11800.0,11200.0,11250.0,18205,0.0,0.0
2022-06-14 00:00:00+09:00,11150.0,11150.0,10350.0,10350.0,20388,0.0,0.0
2022-06-15 00:00:00+09:00,10400.0,10550.0,10100.0,10200.0,10523,0.0,0.0
2022-06-16 00:00:00+09:00,10450.0,10600.0,9840.0,9870.0,33865,0.0,0.0
2022-06-17 00:00:00+09:00,9370.0,9780.0,9300.0,9780.0,23645,0.0,0.0
2022-06-20 00:00:00+09:00,9670.0,9840.0,9150.0,9430.0,21539,0.0,0.0
2022-06-21 00:00:00+09:00,9330.0,9700.0,9330.0,9610.0,2972,0.0,0.0
2022-06-22 00:00:00+09:00,9630.0,9700.0,8960.0,9130.0,21617,0.0,0.0
2022-06-23 00:00:00+09:00,9210.0,9210.0,8530.0,8680.0,30457,0.0,0.0
2022-06-24 00:00:00+09:00,8700.0,8990.0,8520.0,8930.0,8845,0.0,0.0
2022-06-27 00:00:00+09:00,8930.0,9370.0,8930.0,9350.0,12313,0.0,0.0
2022-06-28 00:00:00+09:00,9280.0,9450.0,9050.0,9220.0,4184,0.0,0.0
2022-06-29 00:00:00+09:00,8840.0,9180.0,8840.0,8920.0,4954,0.0,0.0
2022-06-30 00:00:00+09:00,8840.0,8980.0,8840.0,8910.0,7394,0.0,0.0
2022-07-01 00:00:00+09:00,8820.0,8960.0,8690.0,8690.0,3522,0.0,0.0
2022-07-04 00:00:00+09:00,8660.0,8770.0,8350.0,8500.0,7189,0.0,0.0
2022-07-05 00:00:00+09:00,8400.0,9000.0,8320.0,8960.0,15391,0.0,0.0
2022-07-06 00:00:00+09:00,9010.0,9480.0,8960.0,9180.0,17542,0.0,0.0
2022-07-07 00:00:00+09:00,9300.0,9360.0,9060.0,9270.0,5100,0.0,0.0
2022-07-08 00:00:00+09:00,9320.0,9400.0,9000.0,9280.0,7072,0.0,0.0
2022-07-11 00:00:00+09:00,9290.0,9320.0,9090.0,9290.0,7766,0.0,0.0
2022-07-12 00:00:00+09:00,9290.0,9350.0,8900.0,9350.0,12523,0.0,0.0
2022-07-13 00:00:00+09:00,9340.0,10300.0,9310.0,9890.0,167518,0.0,0.0
2022-07-14 00:00:00+09:00,9920.0,9940.0,9570.0,9670.0,22634,0.0,0.0
2022-07-15 00:00:00+09:00,9560.0,9650.0,9200.0,9260.0,26666,0.0,0.0
2022-07-18 00:00:00+09:00,9270.0,9460.0,9230.0,9250.0,21755,0.0,0.0
2022-07-19 00:00:00+09:00,9300.0,9510.0,9200.0,9310.0,12073,0.0,0.0
2022-07-20 00:00:00+09:00,9400.0,9670.0,9400.0,9470.0,10895,0.0,0.0
2022-07-21 00:00:00+09:00,9570.0,9720.0,9300.0,9570.0,14908,0.0,0.0
2022-07-22 00:00:00+09:00,9600.0,9600.0,9390.0,9570.0,5484,0.0,0.0
2022-07-25 00:00:00+09:00,9570.0,9610.0,9300.0,9320.0,6184,0.0,0.0
2022-07-26 00:00:00+09:00,9320.0,9500.0,9310.0,9330.0,2539,0.0,0.0
2022-07-27 00:00:00+09:00,9590.0,10300.0,9500.0,9820.0,121222,0.0,0.0
2022-07-28 00:00:00+09:00,9890.0,9990.0,9750.0,9800.0,20307,0.0,0.0
2022-07-29 00:00:00+09:00,9860.0,9860.0,9620.0,9700.0,10170,0.0,0.0
2022-08-01 00:00:00+09:00,9710.0,9900.0,9500.0,9690.0,11839,0.0,0.0
2022-08-02 00:00:00+09:00,9840.0,9840.0,9500.0,9620.0,6375,0.0,0.0
2022-08-03 00:00:00+09:00,9620.0,9740.0,9520.0,9660.0,6773,0.0,0.0
2022-08-04 00:00:00+09:00,9670.0,10400.0,9670.0,9800.0,62507,0.0,0.0
2022-08-05 00:00:00+09:00,9770.0,9870.0,9720.0,9850.0,12350,0.0,0.0
2022-08-08 00:00:00+09:00,9850.0,9920.0,9730.0,9750.0,10139,0.0,0.0
2022-08-09 00:00:00+09:00,9790.0,9820.0,9670.0,9770.0,9518,0.0,0.0
2022-08-10 00:00:00+09:00,9750.0,9760.0,9650.0,9650.0,8250,0.0,0.0
2022-08-11 00:00:00+09:00,9740.0,9830.0,9650.0,9690.0,7080,0.0,0.0
2022-08-12 00:00:00+09:00,9690.0,9740.0,9640.0,9670.0,4603,0.0,0.0
2022-08-16 00:00:00+09:00,9750.0,9750.0,9620.0,9650.0,3741,0.0,0.0
2022-08-17 00:00:00+09:00,9610.0,9720.0,9010.0,9200.0,31327,0.0,0.0
2022-08-18 00:00:00+09:00,9060.0,9190.0,8900.0,8900.0,13957,0.0,0.0
2022-08-19 00:00:00+09:00,9000.0,9000.0,8890.0,8920.0,8407,0.0,0.0
2022-08-22 00:00:00+09:00,8900.0,8900.0,8640.0,8710.0,10483,0.0,0.0
2022-08-23 00:00:00+09:00,8710.0,8750.0,8580.0,8640.0,5183,0.0,0.0
2022-08-24 00:00:00+09:00,8650.0,8750.0,8580.0,8670.0,7184,0.0,0.0
2022-08-25 00:00:00+09:00,9220.0,9220.0,8620.0,8810.0,5835,0.0,0.0
2022-08-26 00:00:00+09:00,8970.0,8970.0,8780.0,8800.0,6520,0.0,0.0
2022-08-29 00:00:00+09:00,8370.0,8700.0,8370.0,8530.0,4710,0.0,0.0
2022-08-30 00:00:00+09:00,8530.0,8700.0,8470.0,8580.0,3955,0.0,0.0
2022-08-31 00:00:00+09:00,8580.0,8620.0,8520.0,8560.0,1987,0.0,0.0
2022-09-01 00:00:00+09:00,8620.0,8620.0,8400.0,8460.0,4342,0.0,0.0
2022-09-02 00:00:00+09:00,8690.0,8690.0,8200.0,8200.0,22800,0.0,0.0
2022-09-05 00:00:00+09:00,8140.0,8270.0,8110.0,8120.0,6533,0.0,0.0
2022-09-06 00:00:00+09:00,8120.0,8230.0,8020.0,8110.0,13777,0.0,0.0
2022-09-07 00:00:00+09:00,8110.0,8350.0,8000.0,8040.0,9779,0.0,0.0
2022-09-08 00:00:00+09:00,8390.0,8390.0,8060.0,8130.0,16312,0.0,0.0
2022-09-13 00:00:00+09:00,8290.0,8380.0,8180.0,8310.0,11642,0.0,0.0
2022-09-14 00:00:00+09:00,8230.0,8230.0,7850.0,8150.0,4603,0.0,0.0
2022-09-15 00:00:00+09:00,8170.0,8180.0,8050.0,8080.0,4041,0.0,0.0
2022-09-16 00:00:00+09:00,8080.0,8300.0,7990.0,8040.0,8396,0.0,0.0
2022-09-19 00:00:00+09:00,8040.0,8110.0,7900.0,7990.0,4186,0.0,0.0
2022-09-20 00:00:00+09:00,8000.0,8150.0,7860.0,7930.0,2390,0.0,0.0
2022-09-21 00:00:00+09:00,7930.0,7930.0,7400.0,7400.0,27567,0.0,0.0
2022-09-22 00:00:00+09:00,7300.0,7300.0,6820.0,7030.0,52656,0.0,0.0
2022-09-23 00:00:00+09:00,6830.0,6930.0,6490.0,6700.0,71728,0.0,0.0
2022-09-26 00:00:00+09:00,6360.0,6640.0,6140.0,6250.0,36425,0.0,0.0
2022-09-27 00:00:00+09:00,6030.0,6320.0,6030.0,6220.0,12098,0.0,0.0
2022-09-28 00:00:00+09:00,5920.0,6340.0,5650.0,5720.0,74514,0.0,0.0
2022-09-29 00:00:00+09:00,5870.0,5970.0,5460.0,5850.0,25261,0.0,0.0
2022-09-30 00:00:00+09:00,5610.0,7500.0,5610.0,6660.0,402731,0.0,0.0
2022-10-04 00:00:00+09:00,6660.0,6700.0,6220.0,6230.0,66289,0.0,0.0
2022-10-05 00:00:00+09:00,6390.0,6400.0,5750.0,5860.0,50406,0.0,0.0
2022-10-06 00:00:00+09:00,5860.0,6290.0,5860.0,6010.0,43437,0.0,0.0
2022-10-07 00:00:00+09:00,6040.0,6040.0,5530.0,5930.0,12158,0.0,0.0
2022-10-11 00:00:00+09:00,5910.0,6120.0,5510.0,5640.0,38538,0.0,0.0
2022-10-12 00:00:00+09:00,6270.0,6660.0,5750.0,5790.0,225303,0.0,0.0
2022-10-13 00:00:00+09:00,5800.0,5970.0,5460.0,5660.0,25768,0.0,0.0
2022-10-14 00:00:00+09:00,5660.0,5850.0,5630.0,5760.0,20827,0.0,0.0
2022-10-17 00:00:00+09:00,5560.0,5850.0,5510.0,5760.0,11961,0.0,0.0
2022-10-18 00:00:00+09:00,5770.0,5930.0,5770.0,5910.0,6251,0.0,0.0
2022-10-19 00:00:00+09:00,5850.0,6210.0,5830.0,5830.0,14290,0.0,0.0
2022-10-20 00:00:00+09:00,5990.0,6300.0,5830.0,6030.0,32352,0.0,0.0
2022-10-21 00:00:00+09:00,6030.0,6030.0,5770.0,5840.0,10287,0.0,0.0
2022-10-24 00:00:00+09:00,5900.0,6050.0,5750.0,5860.0,16951,0.0,0.0
2022-10-25 00:00:00+09:00,5860.0,6000.0,5820.0,5990.0,10524,0.0,0.0
2022-10-26 00:00:00+09:00,5970.0,6130.0,5830.0,6100.0,8343,0.0,0.0
2022-10-27 00:00:00+09:00,6080.0,6500.0,5970.0,6430.0,43059,0.0,0.0
2022-10-28 00:00:00+09:00,6320.0,6380.0,6100.0,6100.0,10879,0.0,0.0
2022-10-31 00:00:00+09:00,6110.0,6240.0,6050.0,6170.0,5962,0.0,0.0
2022-11-01 00:00:00+09:00,6080.0,6170.0,5980.0,6150.0,9499,0.0,0.0
2022-11-02 00:00:00+09:00,6060.0,6060.0,5900.0,6040.0,11328,0.0,0.0
2022-11-03 00:00:00+09:00,5890.0,5940.0,5670.0,5870.0,31762,0.0,0.0
2022-11-04 00:00:00+09:00,5810.0,5810.0,5690.0,5710.0,10736,0.0,0.0
2022-11-07 00:00:00+09:00,5720.0,5770.0,5510.0,5730.0,9509,0.0,0.0
2022-11-08 00:00:00+09:00,5740.0,5910.0,5730.0,5840.0,7429,0.0,0.0
2022-11-09 00:00:00+09:00,5870.0,5920.0,5690.0,5690.0,14738,0.0,0.0
2022-11-10 00:00:00+09:00,5690.0,5820.0,5560.0,5780.0,17728,0.0,0.0
2022-11-11 00:00:00+09:00,5820.0,5910.0,5690.0,5810.0,18663,0.0,0.0
2022-11-14 00:00:00+09:00,5820.0,6130.0,5790.0,6030.0,18394,0.0,0.0
2022-11-15 00:00:00+09:00,6020.0,6020.0,5770.0,5960.0,24868,0.0,0.0
2022-11-16 00:00:00+09:00,5960.0,5960.0,5720.0,5900.0,27115,0.0,0.0
2022-11-17 00:00:00+09:00,5900.0,5920.0,5550.0,5660.0,96204,0.0,0.0
2022-11-18 00:00:00+09:00,5730.0,5730.0,5610.0,5700.0,13483,0.0,0.0
2022-11-21 00:00:00+09:00,5700.0,5720.0,5530.0,5540.0,13884,0.0,0.0
2022-11-22 00:00:00+09:00,5510.0,5640.0,5510.0,5520.0,7542,0.0,0.0
2022-11-23 00:00:00+09:00,5520.0,5610.0,5500.0,5540.0,3378,0.0,0.0
2022-11-24 00:00:00+09:00,5590.0,5700.0,5540.0,5690.0,8713,0.0,0.0
2022-11-25 00:00:00+09:00,5690.0,6550.0,5320.0,5800.0,234570,0.0,0.0
2022-11-28 00:00:00+09:00,5900.0,5900.0,5700.0,5700.0,25377,0.0,0.0
2022-11-29 00:00:00+09:00,5690.0,5820.0,5620.0,5800.0,11861,0.0,0.0
2022-11-30 00:00:00+09:00,5810.0,5910.0,5740.0,5760.0,21649,0.0,0.0
2022-12-01 00:00:00+09:00,5760.0,5910.0,5760.0,5820.0,14346,0.0,0.0
2022-12-02 00:00:00+09:00,5820.0,5890.0,5750.0,5780.0,14628,0.0,0.0
2022-12-05 00:00:00+09:00,5650.0,5920.0,5650.0,5870.0,31506,0.0,0.0
2022-12-06 00:00:00+09:00,5870.0,5900.0,5730.0,5800.0,17123,0.0,0.0
2022-12-07 00:00:00+09:00,5780.0,5810.0,5700.0,5710.0,10674,0.0,0.0
2022-12-08 00:00:00+09:00,5710.0,5730.0,5570.0,5650.0,14539,0.0,0.0
2022-12-09 00:00:00+09:00,5610.0,5710.0,5590.0,5640.0,19546,0.0,0.0
2022-12-12 00:00:00+09:00,5680.0,5720.0,5620.0,5700.0,20147,0.0,0.0
2022-12-13 00:00:00+09:00,5680.0,5880.0,5640.0,5840.0,18943,0.0,0.0
2022-12-14 00:00:00+09:00,5840.0,5900.0,5780.0,5840.0,12516,0.0,0.0
2022-12-15 00:00:00+09:00,5880.0,6030.0,5520.0,5800.0,88432,0.0,0.0
2022-12-16 00:00:00+09:00,6000.0,7400.0,5910.0,6160.0,2591786,0.0,0.0
2022-12-19 00:00:00+09:00,6180.0,6330.0,6040.0,6330.0,169347,0.0,0.0
2022-12-20 00:00:00+09:00,6330.0,6400.0,6050.0,6120.0,130928,0.0,0.0
2022-12-21 00:00:00+09:00,6140.0,6220.0,5980.0,6060.0,57538,0.0,0.0
2022-12-22 00:00:00+09:00,6060.0,7870.0,5940.0,7160.0,3466559,0.0,0.0
2022-12-23 00:00:00+09:00,7140.0,8310.0,6770.0,7600.0,3957057,0.0,0.0
2022-12-26 00:00:00+09:00,7520.0,7900.0,7100.0,7100.0,788697,0.0,0.0
2022-12-27 00:00:00+09:00,7180.0,7390.0,6990.0,7260.0,296274,0.0,0.0
2022-12-28 00:00:00+09:00,7190.0,7330.0,7000.0,7000.0,167540,0.0,0.0
2022-12-29 00:00:00+09:00,7000.0,7000.0,6660.0,6920.0,157913,0.0,0.0
2023-01-02 00:00:00+09:00,6810.0,7270.0,6730.0,7100.0,173706,0.0,0.0
2023-01-03 00:00:00+09:00,7160.0,7170.0,6540.0,6780.0,128322,0.0,0.0
2023-01-04 00:00:00+09:00,6850.0,7050.0,6720.0,7000.0,93237,0.0,0.0
2023-01-05 00:00:00+09:00,7100.0,7100.0,6790.0,6790.0,65129,0.0,0.0
2023-01-06 00:00:00+09:00,6800.0,7060.0,6650.0,6990.0,67559,0.0,0.0
2023-01-09 00:00:00+09:00,7030.0,7090.0,6960.0,7090.0,64663,0.0,0.0
2023-01-10 00:00:00+09:00,7090.0,7160.0,6850.0,7080.0,105088,0.0,0.0
2023-01-11 00:00:00+09:00,7150.0,7180.0,6970.0,7180.0,56900,0.0,0.0
2023-01-12 00:00:00+09:00,7190.0,7200.0,6950.0,7010.0,46958,0.0,0.0
2023-01-13 00:00:00+09:00,7060.0,7180.0,6900.0,7100.0,62073,0.0,0.0
2023-01-16 00:00:00+09:00,7110.0,7190.0,7030.0,7120.0,73185,0.0,0.0
2023-01-17 00:00:00+09:00,5470.0,6400.0,5400.0,5790.0,854869,0.0,0.0
2023-01-18 00:00:00+09:00,5790.0,5880.0,5510.0,5520.0,188889,0.0,0.0
2023-01-19 00:00:00+09:00,5520.0,5690.0,5430.0,5530.0,79658,0.0,0.0
2023-01-20 00:00:00+09:00,5590.0,5590.0,5420.0,5480.0,38731,0.0,0.0
2023-01-25 00:00:00+09:00,5530.0,5530.0,5380.0,5430.0,132948,0.0,0.0
2023-01-26 00:00:00+09:00,5380.0,5500.0,5360.0,5440.0,26075,0.0,0.0
2023-01-27 00:00:00+09:00,5440.0,5460.0,5250.0,5290.0,102187,0.0,0.0
2023-01-30 00:00:00+09:00,5340.0,5340.0,5100.0,5260.0,98091,0.0,0.0
2023-01-31 00:00:00+09:00,5260.0,5260.0,5110.0,5210.0,33447,0.0,0.0
2023-02-01 00:00:00+09:00,5210.0,5300.0,5180.0,5240.0,28284,0.0,0.0
2023-02-02 00:00:00+09:00,5290.0,5370.0,5220.0,5370.0,29490,0.0,0.0
2023-02-03 00:00:00+09:00,5400.0,5410.0,5330.0,5370.0,22897,0.0,0.0
2023-02-06 00:00:00+09:00,5390.0,5400.0,5300.0,5380.0,18645,0.0,0.0
2023-02-07 00:00:00+09:00,5380.0,5400.0,5270.0,5300.0,25531,0.0,0.0
2023-02-08 00:00:00+09:00,5360.0,5370.0,5200.0,5310.0,76459,0.0,0.0
2023-02-09 00:00:00+09:00,5360.0,5360.0,5200.0,5260.0,29212,0.0,0.0
2023-02-10 00:00:00+09:00,5280.0,5280.0,5110.0,5180.0,33797,0.0,0.0
2023-02-13 00:00:00+09:00,5190.0,5200.0,5060.0,5070.0,38607,0.0,0.0
2023-02-14 00:00:00+09:00,5070.0,5300.0,5040.0,5220.0,50153,0.0,0.0
2023-02-15 00:00:00+09:00,5300.0,5300.0,5130.0,5180.0,30805,0.0,0.0
2023-02-16 00:00:00+09:00,5180.0,5210.0,5050.0,5140.0,21888,0.0,0.0
2023-02-17 00:00:00+09:00,5130.0,5130.0,5050.0,5070.0,24620,0.0,0.0
2023-02-20 00:00:00+09:00,5070.0,5160.0,5030.0,5150.0,15363,0.0,0.0
2023-02-21 00:00:00+09:00,5150.0,5200.0,5100.0,5190.0,7666,0.0,0.0
2023-02-22 00:00:00+09:00,5080.0,5240.0,5040.0,5230.0,36520,0.0,0.0
2023-02-23 00:00:00+09:00,5200.0,5200.0,5030.0,5090.0,39973,0.0,0.0
2023-02-24 00:00:00+09:00,5090.0,5100.0,5020.0,5070.0,32074,0.0,0.0
2023-02-27 00:00:00+09:00,5070.0,5070.0,4845.0,4910.0,90173,0.0,0.0
2023-02-28 00:00:00+09:00,4910.0,5080.0,4860.0,5040.0,37902,0.0,0.0
2023-03-02 00:00:00+09:00,5030.0,5080.0,4950.0,5020.0,37414,0.0,0.0
2023-03-03 00:00:00+09:00,4980.0,5060.0,4970.0,5020.0,43474,0.0,0.0
2023-03-06 00:00:00+09:00,5020.0,5110.0,4730.0,4815.0,126002,0.0,0.0
2023-03-07 00:00:00+09:00,4200.0,4200.0,3935.0,3990.0,93976,0.0,0.0
2023-03-08 00:00:00+09:00,3990.0,4005.0,3840.0,3875.0,96006,0.0,0.0
2023-03-09 00:00:00+09:00,3910.0,4300.0,3895.0,4135.0,211060,0.0,0.0
2023-03-10 00:00:00+09:00,4140.0,4160.0,3930.0,3970.0,36853,0.0,0.0
2023-03-13 00:00:00+09:00,3940.0,4020.0,3720.0,3730.0,73356,0.0,0.0
2023-03-14 00:00:00+09:00,3740.0,3750.0,3375.0,3460.0,82360,0.0,0.0
2023-03-15 00:00:00+09:00,3470.0,3580.0,3415.0,3515.0,35876,0.0,0.0
2023-03-16 00:00:00+09:00,3515.0,3620.0,3300.0,3540.0,43797,0.0,0.0
2023-03-17 00:00:00+09:00,3620.0,3850.0,3575.0,3730.0,65923,0.0,0.0
2023-03-20 00:00:00+09:00,3815.0,3815.0,3730.0,3760.0,25828,0.0,0.0
2023-03-21 00:00:00+09:00,3760.0,3800.0,3550.0,3590.0,42371,0.0,0.0
2023-03-22 00:00:00+09:00,3590.0,3750.0,3470.0,3740.0,56213,0.0,0.0
2023-03-23 00:00:00+09:00,3740.0,3740.0,3525.0,3575.0,64999,0.0,0.0
2023-03-24 00:00:00+09:00,3575.0,3600.0,3425.0,3495.0,48521,0.0,0.0
2023-03-27 00:00:00+09:00,3475.0,3500.0,3265.0,3480.0,66912,0.0,0.0
2023-03-28 00:00:00+09:00,3500.0,3575.0,3335.0,3370.0,62173,0.0,0.0
2023-03-29 00:00:00+09:00,3390.0,3390.0,3210.0,3280.0,96790,0.0,0.0
2023-03-30 00:00:00+09:00,3375.0,3980.0,3280.0,3835.0,472196,0.0,0.0
2023-03-31 00:00:00+09:00,3800.0,3830.0,3535.0,3575.0,131205,0.0,0.0
2023-04-03 00:00:00+09:00,3580.0,3620.0,3305.0,3455.0,122854,0.0,0.0
2023-04-04 00:00:00+09:00,3460.0,4490.0,3460.0,4490.0,755895,0.0,0.0
2023-04-05 00:00:00+09:00,5170.0,5830.0,5150.0,5830.0,547545,0.0,0.0
2023-04-06 00:00:00+09:00,7080.0,7570.0,6180.0,6210.0,5913772,0.0,0.0
2023-04-07 00:00:00+09:00,6030.0,6210.0,5280.0,5350.0,1053180,0.0,0.0
2023-04-10 00:00:00+09:00,5390.0,5470.0,5100.0,5470.0,682219,0.0,0.0
2023-04-11 00:00:00+09:00,5160.0,5400.0,4930.0,5160.0,461499,0.0,0.0
2023-04-12 00:00:00+09:00,5160.0,5190.0,4870.0,5120.0,229976,0.0,0.0
2023-04-13 00:00:00+09:00,5090.0,5450.0,4880.0,5100.0,588441,0.0,0.0
2023-04-14 00:00:00+09:00,5190.0,5550.0,5090.0,5300.0,500214,0.0,0.0
2023-04-17 00:00:00+09:00,5320.0,5480.0,4930.0,5080.0,245033,0.0,0.0
2023-04-18 00:00:00+09:00,5100.0,5350.0,4995.0,5050.0,310248,0.0,0.0
2023-04-19 00:00:00+09:00,5010.0,5180.0,4760.0,4760.0,205609,0.0,0.0
2023-04-20 00:00:00+09:00,4870.0,4895.0,4520.0,4520.0,217647,0.0,0.0
2023-04-21 00:00:00+09:00,4645.0,5410.0,4150.0,4150.0,1375199,0.0,0.0
2023-04-24 00:00:00+09:00,4010.0,4250.0,3990.0,4190.0,125310,0.0,0.0
2023-04-25 00:00:00+09:00,4190.0,4190.0,3940.0,4090.0,145606,0.0,0.0
2023-04-26 00:00:00+09:00,4090.0,5020.0,3920.0,4240.0,1247174,0.0,0.0
2023-04-27 00:00:00+09:00,4240.0,5070.0,4145.0,4590.0,1316537,0.0,0.0
2023-04-28 00:00:00+09:00,4580.0,4580.0,4210.0,4265.0,211742,0.0,0.0
2023-05-02 00:00:00+09:00,4305.0,4520.0,4120.0,4300.0,189587,0.0,0.0
2023-05-03 00:00:00+09:00,3935.0,3950.0,3800.0,3810.0,1214935,0.0,0.0
2023-05-04 00:00:00+09:00,3750.0,3870.0,3715.0,3840.0,227932,0.0,0.0
2023-05-08 00:00:00+09:00,3900.0,3965.0,3775.0,3790.0,404847,0.0,0.0
2023-05-09 00:00:00+09:00,3810.0,3835.0,3700.0,3700.0,136278,0.0,0.0
2023-05-10 00:00:00+09:00,3650.0,3670.0,3435.0,3435.0,424459,0.0,0.0
2023-05-11 00:00:00+09:00,3450.0,3475.0,3300.0,3310.0,217477,0.0,0.0
2023-05-12 00:00:00+09:00,3310.0,3925.0,3250.0,3535.0,1610720,0.0,0.0
2023-05-15 00:00:00+09:00,3480.0,3500.0,3345.0,3415.0,228586,0.0,0.0
2023-05-16 00:00:00+09:00,3375.0,3490.0,3300.0,3310.0,136389,0.0,0.0
2023-05-17 00:00:00+09:00,3310.0,3530.0,3260.0,3485.0,164675,0.0,0.0
2023-05-18 00:00:00+09:00,3510.0,3620.0,3405.0,3475.0,185771,0.0,0.0
2023-05-19 00:00:00+09:00,3515.0,3685.0,3435.0,3685.0,179393,0.0,0.0
2023-05-22 00:00:00+09:00,3685.0,3820.0,3625.0,3715.0,263800,0.0,0.0
2023-05-23 00:00:00+09:00,3765.0,3770.0,3635.0,3680.0,124173,0.0,0.0
2023-05-24 00:00:00+09:00,3640.0,3800.0,3635.0,3700.0,135054,0.0,0.0
2023-05-25 00:00:00+09:00,3695.0,3755.0,3640.0,3710.0,84648,0.0,0.0
2023-05-26 00:00:00+09:00,3695.0,3750.0,3515.0,3590.0,175717,0.0,0.0
2023-05-30 00:00:00+09:00,3580.0,3645.0,3535.0,3605.0,146379,0.0,0.0
2023-05-31 00:00:00+09:00,3600.0,3655.0,3435.0,3440.0,181558,0.0,0.0
2023-06-01 00:00:00+09:00,3445.0,3700.0,3400.0,3430.0,416161,0.0,0.0
2023-06-02 00:00:00+09:00,3470.0,3535.0,3415.0,3430.0,146111,0.0,0.0
2023-06-05 00:00:00+09:00,3470.0,3570.0,3400.0,3430.0,239515,0.0,0.0
2023-06-07 00:00:00+09:00,3405.0,3985.0,3260.0,3550.0,1665765,0.0,0.0
2023-06-08 00:00:00+09:00,3540.0,3540.0,3360.0,3405.0,259955,0.0,0.0
2023-06-09 00:00:00+09:00,3405.0,3500.0,3385.0,3400.0,135151,0.0,0.0
2023-06-12 00:00:00+09:00,3375.0,3415.0,3315.0,3325.0,95217,0.0,0.0
2023-06-13 00:00:00+09:00,3325.0,3360.0,3305.0,3305.0,72680,0.0,0.0
2023-06-14 00:00:00+09:00,3305.0,3365.0,3295.0,3300.0,80235,0.0,0.0
2023-06-15 00:00:00+09:00,3315.0,3370.0,3265.0,3305.0,75304,0.0,0.0
2023-06-16 00:00:00+09:00,3305.0,3345.0,3245.0,3260.0,118089,0.0,0.0
2023-06-19 00:00:00+09:00,3260.0,3280.0,3150.0,3160.0,106318,0.0,0.0
2023-06-20 00:00:00+09:00,3165.0,3180.0,3040.0,3070.0,174999,0.0,0.0
2023-06-21 00:00:00+09:00,3060.0,3060.0,2990.0,3000.0,86195,0.0,0.0
2023-06-22 00:00:00+09:00,2960.0,3095.0,2950.0,3020.0,86086,0.0,0.0
2023-06-23 00:00:00+09:00,3025.0,3100.0,3005.0,3070.0,54224,0.0,0.0
2023-06-26 00:00:00+09:00,3090.0,3090.0,3005.0,3030.0,51702,0.0,0.0
2023-06-27 00:00:00+09:00,3050.0,3145.0,3030.0,3095.0,99353,0.0,0.0
2023-06-28 00:00:00+09:00,3055.0,3170.0,3055.0,3130.0,94413,0.0,0.0
2023-06-29 00:00:00+09:00,3135.0,3175.0,3060.0,3065.0,75922,0.0,0.0
2023-06-30 00:00:00+09:00,3070.0,3100.0,3005.0,3035.0,72896,0.0,0.0
2023-07-03 00:00:00+09:00,3035.0,3190.0,3035.0,3040.0,119270,0.0,0.0
2023-07-04 00:00:00+09:00,3070.0,3120.0,3000.0,3100.0,73830,0.0,0.0
2023-07-05 00:00:00+09:00,3100.0,3330.0,3100.0,3175.0,253965,0.0,0.0
2023-07-06 00:00:00+09:00,3245.0,3250.0,3065.0,3145.0,67091,0.0,0.0
2023-07-07 00:00:00+09:00,3070.0,3140.0,3020.0,3115.0,41649,0.0,0.0
2023-07-10 00:00:00+09:00,3095.0,3105.0,3005.0,3060.0,41065,0.0,0.0
2023-07-12 00:00:00+09:00,3130.0,3180.0,3065.0,3130.0,39495,0.0,0.0
2023-07-13 00:00:00+09:00,3130.0,3265.0,3130.0,3190.0,79669,0.0,0.0
2023-07-14 00:00:00+09:00,3190.0,3230.0,3155.0,3170.0,43013,0.0,0.0
2023-07-17 00:00:00+09:00,3155.0,3170.0,3050.0,3125.0,57920,0.0,0.0
2023-07-18 00:00:00+09:00,3115.0,3130.0,3080.0,3115.0,27457,0.0,0.0
2023-07-19 00:00:00+09:00,3115.0,3415.0,3055.0,3310.0,407625,0.0,0.0
2023-07-20 00:00:00+09:00,3280.0,3300.0,3200.0,3250.0,69594,0.0,0.0
2023-07-21 00:00:00+09:00,3250.0,3400.0,3130.0,3300.0,217731,0.0,0.0
2023-07-24 00:00:00+09:00,3260.0,3260.0,3050.0,3115.0,108057,0.0,0.0
2023-07-25 00:00:00+09:00,3100.0,3100.0,2960.0,3000.0,154686,0.0,0.0
2023-07-26 00:00:00+09:00,2990.0,2990.0,2700.0,2745.0,163710,0.0,0.0
2023-07-27 00:00:00+09:00,2745.0,2950.0,2745.0,2920.0,135308,0.0,0.0
2023-07-28 00:00:00+09:00,2930.0,3085.0,2900.0,3040.0,49240,0.0,0.0
2023-07-31 00:00:00+09:00,3040.0,3950.0,2920.0,3950.0,2017850,0.0,0.0
2023-08-01 00:00:00+09:00,4420.0,4555.0,4010.0,4190.0,8047171,0.0,0.0
2023-08-02 00:00:00+09:00,4250.0,4370.0,3620.0,4050.0,3676220,0.0,0.0
2023-08-03 00:00:00+09:00,4015.0,4290.0,3700.0,4155.0,1971047,0.0,0.0
2023-08-04 00:00:00+09:00,4195.0,4270.0,4025.0,4145.0,857958,0.0,0.0
2023-08-07 00:00:00+09:00,4145.0,4445.0,4010.0,4405.0,1159011,0.0,0.0
2023-08-08 00:00:00+09:00,4475.0,4495.0,4020.0,4195.0,876119,0.0,0.0
2023-08-09 00:00:00+09:00,4155.0,4460.0,4035.0,4350.0,1447056,0.0,0.0
2023-08-10 00:00:00+09:00,4360.0,5010.0,4185.0,4500.0,3864407,0.0,0.0
2023-08-11 00:00:00+09:00,4410.0,4430.0,4045.0,4170.0,912427,0.0,0.0
2023-08-14 00:00:00+09:00,4175.0,4195.0,3885.0,3940.0,525406,0.0,0.0
2023-08-16 00:00:00+09:00,3905.0,3960.0,3725.0,3860.0,474150,0.0,0.0
2023-08-17 00:00:00+09:00,3800.0,3800.0,3430.0,3570.0,748781,0.0,0.0
2023-08-18 00:00:00+09:00,3500.0,4600.0,3500.0,4350.0,6773100,0.0,0.0
2023-08-21 00:00:00+09:00,4590.0,4980.0,4140.0,4535.0,7285713,0.0,0.0
2023-08-22 00:00:00+09:00,4345.0,4585.0,4100.0,4475.0,1530124,0.0,0.0
2023-08-23 00:00:00+09:00,4400.0,4565.0,4200.0,4235.0,698045,0.0,0.0
2023-08-24 00:00:00+09:00,4235.0,5430.0,4160.0,4630.0,7483356,0.0,0.0
2023-08-25 00:00:00+09:00,4765.0,5240.0,4645.0,4765.0,3274557,0.0,0.0
2023-08-28 00:00:00+09:00,4810.0,4910.0,4480.0,4560.0,686469,0.0,0.0
2023-08-29 00:00:00+09:00,4560.0,5140.0,4525.0,4910.0,1982563,0.0,0.0
2023-08-30 00:00:00+09:00,4910.0,4945.0,4740.0,4850.0,544005,0.0,0.0
2023-08-31 00:00:00+09:00,4850.0,4940.0,4560.0,4850.0,757709,0.0,0.0
2023-09-01 00:00:00+09:00,4800.0,4985.0,4670.0,4780.0,467892,0.0,0.0
2023-09-04 00:00:00+09:00,4780.0,4830.0,4520.0,4630.0,306645,0.0,0.0
2023-09-05 00:00:00+09:00,4675.0,4700.0,4310.0,4440.0,400688,0.0,0.0
2023-09-06 00:00:00+09:00,4445.0,5770.0,4445.0,5770.0,4393760,0.0,0.0
2023-09-07 00:00:00+09:00,6500.0,6780.0,5800.0,6140.0,8759966,0.0,0.0
2023-09-08 00:00:00+09:00,6210.0,7770.0,5900.0,7000.0,11603410,0.0,0.0
2023-09-11 00:00:00+09:00,7150.0,7420.0,6930.0,7120.0,2724919,0.0,0.0
2023-09-12 00:00:00+09:00,7120.0,7900.0,6800.0,7200.0,3728039,0.0,0.0
2023-09-13 00:00:00+09:00,7060.0,7270.0,6510.0,7170.0,1250539,0.0,0.0
2023-09-14 00:00:00+09:00,7060.0,8520.0,7050.0,8100.0,4979038,0.0,0.0
2023-09-15 00:00:00+09:00,8060.0,8400.0,7550.0,7710.0,1994743,0.0,0.0
2023-09-18 00:00:00+09:00,7710.0,8910.0,7490.0,8600.0,3524586,0.0,0.0
2023-09-19 00:00:00+09:00,8590.0,8730.0,8060.0,8250.0,1018994,0.0,0.0
2023-09-20 00:00:00+09:00,8230.0,8450.0,6950.0,7650.0,1910553,0.0,0.0
2023-09-21 00:00:00+09:00,7530.0,7550.0,6910.0,6950.0,1096182,0.0,0.0
2023-09-22 00:00:00+09:00,6800.0,7080.0,6640.0,6780.0,760131,0.0,0.0
2023-09-25 00:00:00+09:00,7020.0,7660.0,6960.0,7150.0,1251364,0.0,0.0
2023-09-26 00:00:00+09:00,6900.0,6990.0,6290.0,6390.0,714947,0.0,0.0
2023-09-27 00:00:00+09:00,6200.0,6430.0,6120.0,6330.0,366919,0.0,0.0
2023-10-04 00:00:00+09:00,6200.0,6200.0,5870.0,5900.0,424887,0.0,0.0
2023-10-05 00:00:00+09:00,5950.0,6990.0,5510.0,5750.0,1840445,0.0,0.0
2023-10-06 00:00:00+09:00,5860.0,6120.0,5700.0,5800.0,419814,0.0,0.0
2023-10-10 00:00:00+09:00,5810.0,5830.0,5270.0,5270.0,450605,0.0,0.0
2023-10-11 00:00:00+09:00,5460.0,5880.0,5460.0,5570.0,454013,0.0,0.0
2023-10-12 00:00:00+09:00,5650.0,5980.0,5580.0,5780.0,326314,0.0,0.0
2023-10-13 00:00:00+09:00,5970.0,6080.0,5540.0,5570.0,363434,0.0,0.0
2023-10-16 00:00:00+09:00,5400.0,5450.0,5090.0,5190.0,345287,0.0,0.0
2023-10-17 00:00:00+09:00,5250.0,5380.0,5160.0,5330.0,222906,0.0,0.0
2023-10-18 00:00:00+09:00,5380.0,5400.0,5120.0,5180.0,189146,0.0,0.0
2023-10-19 00:00:00+09:00,5170.0,5170.0,4920.0,5000.0,281166,0.0,0.0
2023-10-20 00:00:00+09:00,4900.0,5020.0,4660.0,4730.0,245269,0.0,0.0
2023-10-23 00:00:00+09:00,4690.0,4890.0,4655.0,4840.0,152171,0.0,0.0
2023-10-24 00:00:00+09:00,4815.0,5030.0,4520.0,5030.0,220246,0.0,0.0
2023-10-25 00:00:00+09:00,5030.0,5030.0,4720.0,4770.0,181790,0.0,0.0
2023-10-26 00:00:00+09:00,4570.0,4800.0,4520.0,4620.0,146649,0.0,0.0
2023-10-27 00:00:00+09:00,4620.0,4770.0,4505.0,4680.0,117236,0.0,0.0
2023-10-30 00:00:00+09:00,4710.0,4755.0,4450.0,4670.0,111608,0.0,0.0
2023-10-31 00:00:00+09:00,4690.0,4780.0,4440.0,4440.0,139379,0.0,0.0
2023-11-01 00:00:00+09:00,4535.0,4600.0,4390.0,4490.0,84479,0.0,0.0
2023-11-02 00:00:00+09:00,4600.0,4850.0,4515.0,4820.0,215108,0.0,0.0
2023-11-03 00:00:00+09:00,4775.0,4945.0,4650.0,4915.0,182334,0.0,0.0
2023-11-06 00:00:00+09:00,4855.0,4995.0,4720.0,4920.0,174763,0.0,0.0
2023-11-07 00:00:00+09:00,4900.0,4925.0,4600.0,4650.0,184293,0.0,0.0
2023-11-08 00:00:00+09:00,4650.0,6040.0,4645.0,6040.0,2415473,0.0,0.0
2023-11-09 00:00:00+09:00,5560.0,5880.0,5100.0,5600.0,2891539,0.0,0.0
2023-11-10 00:00:00+09:00,6220.0,7270.0,5690.0,6800.0,12134910,0.0,0.0
2023-11-13 00:00:00+09:00,6760.0,8500.0,6720.0,7450.0,9753885,0.0,0.0
2023-11-14 00:00:00+09:00,7260.0,7600.0,6950.0,7260.0,1594800,0.0,0.0
2023-11-15 00:00:00+09:00,7200.0,7210.0,6830.0,7000.0,739018,0.0,0.0
2023-11-16 00:00:00+09:00,6880.0,6910.0,6570.0,6630.0,790993,0.0,0.0
2023-11-17 00:00:00+09:00,6660.0,6980.0,6020.0,6170.0,2511822,0.0,0.0
2023-11-20 00:00:00+09:00,6120.0,6370.0,6000.0,6170.0,478940,0.0,0.0
2023-11-21 00:00:00+09:00,6170.0,6790.0,5860.0,6340.0,1640279,0.0,0.0
2023-11-22 00:00:00+09:00,6340.0,6450.0,5940.0,5980.0,536761,0.0,0.0
2023-11-23 00:00:00+09:00,6020.0,6360.0,6020.0,6110.0,576869,0.0,0.0
2023-11-24 00:00:00+09:00,6120.0,6320.0,5930.0,6020.0,568905,0.0,0.0
2023-11-27 00:00:00+09:00,6110.0,6110.0,5750.0,5750.0,316644,0.0,0.0
2023-11-28 00:00:00+09:00,5710.0,5910.0,5580.0,5750.0,250693,0.0,0.0
2023-11-29 00:00:00+09:00,5750.0,5750.0,5500.0,5550.0,263441,0.0,0.0
2023-11-30 00:00:00+09:00,5550.0,5740.0,5460.0,5550.0,148251,0.0,0.0
2023-12-01 00:00:00+09:00,5550.0,5730.0,5360.0,5520.0,208446,0.0,0.0
2023-12-04 00:00:00+09:00,5620.0,5720.0,5420.0,5550.0,239935,0.0,0.0
2023-12-05 00:00:00+09:00,5620.0,6380.0,5620.0,6090.0,1667966,0.0,0.0
2023-12-06 00:00:00+09:00,5980.0,6300.0,5790.0,6300.0,506044,0.0,0.0
2023-12-07 00:00:00+09:00,6250.0,6370.0,5890.0,5950.0,466141,0.0,0.0
2023-12-08 00:00:00+09:00,5990.0,6110.0,5710.0,5780.0,261443,0.0,0.0
2023-12-11 00:00:00+09:00,5890.0,5930.0,5550.0,5680.0,187636,0.0,0.0
2023-12-12 00:00:00+09:00,5820.0,5820.0,5500.0,5530.0,171924,0.0,0.0
2023-12-13 00:00:00+09:00,5500.0,5520.0,5220.0,5250.0,246493,0.0,0.0
2023-12-14 00:00:00+09:00,5330.0,5460.0,5200.0,5290.0,109173,0.0,0.0
2023-12-15 00:00:00+09:00,5300.0,5500.0,5210.0,5440.0,178177,0.0,0.0
2023-12-18 00:00:00+09:00,5580.0,5580.0,5370.0,5400.0,164506,0.0,0.0
2023-12-19 00:00:00+09:00,5470.0,5510.0,5310.0,5420.0,111108,0.0,0.0
2023-12-20 00:00:00+09:00,5400.0,5670.0,5370.0,5510.0,136167,0.0,0.0
2023-12-21 00:00:00+09:00,5510.0,5620.0,5330.0,5360.0,189375,0.0,0.0
2023-12-22 00:00:00+09:00,5400.0,5790.0,5260.0,5750.0,350032,0.0,0.0
2023-12-26 00:00:00+09:00,5850.0,6200.0,5830.0,6060.0,743440,0.0,0.0
2023-12-27 00:00:00+09:00,6060.0,6230.0,5940.0,6030.0,522064,0.0,0.0
2023-12-28 00:00:00+09:00,5930.0,6250.0,5920.0,6220.0,315344,0.0,0.0
2024-01-02 00:00:00+09:00,6200.0,6290.0,6100.0,6270.0,259246,0.0,0.0
2024-01-03 00:00:00+09:00,6260.0,6260.0,5910.0,6070.0,287264,0.0,0.0
2024-01-04 00:00:00+09:00,6070.0,6070.0,5890.0,5950.0,169152,0.0,0.0
2024-01-05 00:00:00+09:00,6040.0,6120.0,5850.0,5890.0,193180,0.0,0.0
2024-01-08 00:00:00+09:00,5980.0,6170.0,5920.0,6050.0,213465,0.0,0.0
2024-01-09 00:00:00+09:00,6070.0,6230.0,6060.0,6210.0,321646,0.0,0.0
2024-01-10 00:00:00+09:00,6210.0,6210.0,6000.0,6050.0,163333,0.0,0.0
2024-01-11 00:00:00+09:00,6020.0,6190.0,6000.0,6040.0,130266,0.0,0.0
2024-01-12 00:00:00+09:00,6030.0,6050.0,5790.0,5800.0,183176,0.0,0.0
2024-01-15 00:00:00+09:00,5690.0,5910.0,5660.0,5880.0,132434,0.0,0.0
2024-01-16 00:00:00+09:00,6060.0,6060.0,5670.0,5780.0,122967,0.0,0.0
2024-01-17 00:00:00+09:00,5770.0,6340.0,5710.0,6100.0,1249398,0.0,0.0
2024-01-18 00:00:00+09:00,6200.0,6200.0,4755.0,5260.0,1306528,0.0,0.0
2024-01-19 00:00:00+09:00,5300.0,5370.0,5050.0,5060.0,320425,0.0,0.0
2024-01-22 00:00:00+09:00,5060.0,5130.0,4805.0,4845.0,282788,0.0,0.0
2024-01-23 00:00:00+09:00,5000.0,5130.0,4860.0,4925.0,163932,0.0,0.0
2024-01-24 00:00:00+09:00,4930.0,5340.0,4875.0,5310.0,216182,0.0,0.0
2024-01-25 00:00:00+09:00,5300.0,5380.0,5150.0,5210.0,125627,0.0,0.0
2024-01-26 00:00:00+09:00,5380.0,5450.0,5260.0,5310.0,168360,0.0,0.0
2024-01-29 00:00:00+09:00,5320.0,5450.0,5080.0,5210.0,170354,0.0,0.0
2024-01-30 00:00:00+09:00,5200.0,5220.0,4975.0,4995.0,141194,0.0,0.0
2024-01-31 00:00:00+09:00,5000.0,5000.0,4850.0,4865.0,116230,0.0,0.0
2024-02-01 00:00:00+09:00,4860.0,4920.0,4675.0,4750.0,159119,0.0,0.0
2024-02-02 00:00:00+09:00,4805.0,4920.0,4765.0,4820.0,67362,0.0,0.0
2024-02-05 00:00:00+09:00,4830.0,4900.0,4500.0,4645.0,132896,0.0,0.0
2024-02-06 00:00:00+09:00,4645.0,4840.0,4530.0,4600.0,138380,0.0,0.0
2024-02-07 00:00:00+09:00,4610.0,4760.0,4515.0,4525.0,93891,0.0,0.0
2024-02-08 00:00:00+09:00,4480.0,4600.0,4480.0,4500.0,104131,0.0,0.0
2024-02-13 00:00:00+09:00,4500.0,4640.0,4450.0,4585.0,96897,0.0,0.0
2024-02-14 00:00:00+09:00,4870.0,4870.0,4515.0,4620.0,111481,0.0,0.0
2024-02-15 00:00:00+09:00,4645.0,4645.0,4495.0,4540.0,116212,0.0,0.0
2024-02-16 00:00:00+09:00,4540.0,4540.0,4370.0,4425.0,167920,0.0,0.0
2024-02-19 00:00:00+09:00,4450.0,4580.0,4400.0,4455.0,95313,0.0,0.0
2024-02-20 00:00:00+09:00,4455.0,4860.0,4410.0,4825.0,357540,0.0,0.0
2024-02-21 00:00:00+09:00,4840.0,4840.0,4655.0,4715.0,203747,0.0,0.0
2024-02-22 00:00:00+09:00,4720.0,4820.0,4665.0,4800.0,97520,0.0,0.0
2024-02-23 00:00:00+09:00,4740.0,4750.0,4585.0,4585.0,111214,0.0,0.0
2024-02-26 00:00:00+09:00,4620.0,4750.0,4550.0,4735.0,106030,0.0,0.0
2024-02-27 00:00:00+09:00,4735.0,4750.0,4485.0,4490.0,111067,0.0,0.0
2024-02-28 00:00:00+09:00,4570.0,4570.0,4455.0,4460.0,87273,0.0,0.0
2024-02-29 00:00:00+09:00,4460.0,4545.0,4300.0,4300.0,144437,0.0,0.0
2024-03-04 00:00:00+09:00,4300.0,4385.0,4180.0,4195.0,109313,0.0,0.0
2024-03-05 00:00:00+09:00,4150.0,4245.0,4125.0,4130.0,91861,0.0,0.0
2024-03-06 00:00:00+09:00,4120.0,4245.0,4005.0,4045.0,203871,0.0,0.0
2024-03-07 00:00:00+09:00,4055.0,4195.0,3950.0,3990.0,151497,0.0,0.0
2024-03-08 00:00:00+09:00,3985.0,4130.0,3970.0,4130.0,130174,0.0,0.0
2024-03-11 00:00:00+09:00,4105.0,4250.0,4065.0,4185.0,106971,0.0,0.0
2024-03-12 00:00:00+09:00,4220.0,4220.0,4060.0,4120.0,55831,0.0,0.0
2024-03-13 00:00:00+09:00,4120.0,4590.0,4055.0,4275.0,1012787,0.0,0.0
2024-03-14 00:00:00+09:00,4275.0,4305.0,4085.0,4135.0,158079,0.0,0.0
2024-03-15 00:00:00+09:00,4135.0,4200.0,3970.0,3970.0,217517,0.0,0.0
2024-03-18 00:00:00+09:00,3975.0,4065.0,3820.0,3820.0,304185,0.0,0.0
2024-03-19 00:00:00+09:00,3825.0,3840.0,3680.0,3740.0,225040,0.0,0.0
2024-03-20 00:00:00+09:00,3740.0,3910.0,3650.0,3735.0,144587,0.0,0.0
2024-03-21 00:00:00+09:00,3740.0,4090.0,3740.0,3795.0,363789,0.0,0.0
2024-03-22 00:00:00+09:00,3755.0,3785.0,3665.0,3765.0,205782,0.0,0.0
2024-03-25 00:00:00+09:00,3700.0,3840.0,3700.0,3775.0,86912,0.0,0.0
2024-03-26 00:00:00+09:00,3780.0,3805.0,3600.0,3620.0,148710,0.0,0.0
2024-03-27 00:00:00+09:00,3620.0,3665.0,3525.0,3590.0,116608,0.0,0.0
2024-03-28 00:00:00+09:00,3585.0,3585.0,3475.0,3505.0,126148,0.0,0.0
2024-03-29 00:00:00+09:00,3525.0,3635.0,3450.0,3455.0,135918,0.0,0.0
2024-04-01 00:00:00+09:00,3455.0,3570.0,3450.0,3530.0,77531,0.0,0.0
2024-04-02 00:00:00+09:00,3670.0,3670.0,3365.0,3410.0,264940,0.0,0.0
2024-04-03 00:00:00+09:00,3530.0,4010.0,3225.0,3330.0,2399965,0.0,0.0
2024-04-04 00:00:00+09:00,3365.0,3460.0,3270.0,3360.0,224154,0.0,0.0
2024-04-05 00:00:00+09:00,3330.0,3335.0,3240.0,3275.0,138693,0.0,0.0
2024-04-08 00:00:00+09:00,3325.0,3355.0,3190.0,3200.0,89635,0.0,0.0
2024-04-09 00:00:00+09:00,3240.0,3280.0,3160.0,3195.0,103110,0.0,0.0
2024-04-11 00:00:00+09:00,3170.0,3200.0,3015.0,3170.0,127653,0.0,0.0
2024-04-12 00:00:00+09:00,3200.0,3210.0,3070.0,3100.0,62236,0.0,0.0
2024-04-15 00:00:00+09:00,3090.0,3250.0,2935.0,3140.0,88858,0.0,0.0
2024-04-16 00:00:00+09:00,3135.0,3140.0,3000.0,3045.0,56098,0.0,0.0
2024-04-17 00:00:00+09:00,2985.0,3130.0,2985.0,3035.0,46078,0.0,0.0
2024-04-18 00:00:00+09:00,3040.0,3110.0,3030.0,3080.0,63105,0.0,0.0
2024-04-19 00:00:00+09:00,3115.0,3115.0,2935.0,2960.0,89475,0.0,0.0
2024-04-22 00:00:00+09:00,2960.0,3095.0,2820.0,2965.0,60281,0.0,0.0
2024-04-23 00:00:00+09:00,2945.0,3040.0,2915.0,2915.0,45102,0.0,0.0
2024-04-24 00:00:00+09:00,2920.0,3085.0,2910.0,3030.0,90597,0.0,0.0
2024-04-25 00:00:00+09:00,3030.0,3090.0,2995.0,3010.0,62659,0.0,0.0
2024-04-26 00:00:00+09:00,3010.0,3050.0,2950.0,3005.0,68253,0.0,0.0
2024-04-29 00:00:00+09:00,2995.0,3100.0,2995.0,3095.0,52756,0.0,0.0
2024-04-30 00:00:00+09:00,3100.0,3180.0,3060.0,3150.0,48949,0.0,0.0
2024-05-02 00:00:00+09:00,3140.0,3170.0,3105.0,3130.0,33278,0.0,0.0
2024-05-03 00:00:00+09:00,3130.0,3170.0,3090.0,3130.0,31566,0.0,0.0
2024-05-07 00:00:00+09:00,3130.0,3155.0,3095.0,3105.0,43572,0.0,0.0
2024-05-08 00:00:00+09:00,3145.0,3275.0,3120.0,3260.0,107545,0.0,0.0
2024-05-09 00:00:00+09:00,3265.0,3265.0,3150.0,3170.0,90924,0.0,0.0
2024-05-10 00:00:00+09:00,3170.0,3215.0,3120.0,3165.0,37271,0.0,0.0
2024-05-13 00:00:00+09:00,3165.0,3210.0,3070.0,3100.0,69456,0.0,0.0
2024-05-14 00:00:00+09:00,3100.0,3225.0,3100.0,3200.0,53156,0.0,0.0
2024-05-16 00:00:00+09:00,3200.0,3220.0,3150.0,3170.0,41890,0.0,0.0
2024-05-17 00:00:00+09:00,3055.0,3200.0,3055.0,3165.0,25288,0.0,0.0
2024-05-20 00:00:00+09:00,3165.0,3165.0,3015.0,3075.0,44250,0.0,0.0
2024-05-21 00:00:00+09:00,3075.0,3160.0,3045.0,3070.0,34908,0.0,0.0
2024-05-22 00:00:00+09:00,3070.0,3150.0,3040.0,3115.0,30629,0.0,0.0
2024-05-23 00:00:00+09:00,3100.0,3115.0,3070.0,3100.0,39485,0.0,0.0
2024-05-24 00:00:00+09:00,3050.0,3450.0,3050.0,3240.0,635691,0.0,0.0
2024-05-27 00:00:00+09:00,3240.0,3240.0,3100.0,3115.0,169294,0.0,0.0
2024-05-28 00:00:00+09:00,3150.0,3150.0,3005.0,3060.0,84150,0.0,0.0
2024-05-29 00:00:00+09:00,3055.0,3075.0,3010.0,3060.0,45122,0.0,0.0
2024-05-30 00:00:00+09:00,3000.0,3090.0,3000.0,3010.0,40148,0.0,0.0
2024-05-31 00:00:00+09:00,3010.0,3110.0,2920.0,3080.0,52141,0.0,0.0
2024-06-03 00:00:00+09:00,3050.0,3100.0,3010.0,3080.0,52773,0.0,0.0
2024-06-04 00:00:00+09:00,3040.0,3065.0,3000.0,3005.0,45213,0.0,0.0
2024-06-05 00:00:00+09:00,3005.0,3035.0,2935.0,2980.0,76035,0.0,0.0
2024-06-07 00:00:00+09:00,2980.0,3030.0,2910.0,2945.0,67583,0.0,0.0
2024-06-10 00:00:00+09:00,2925.0,2950.0,2895.0,2945.0,41427,0.0,0.0
2024-06-11 00:00:00+09:00,2985.0,2985.0,2885.0,2895.0,37718,0.0,0.0
2024-06-12 00:00:00+09:00,2870.0,2955.0,2865.0,2890.0,67772,0.0,0.0
2024-06-13 00:00:00+09:00,2920.0,2920.0,2850.0,2850.0,57381,0.0,0.0
2024-06-14 00:00:00+09:00,2905.0,2910.0,2775.0,2780.0,87127,0.0,0.0
