Date,Open,High,Low,Close,Volume,Dividends,Stock Splits
2016-05-02 00:00:00+09:00,18550.0,18600.0,16000.0,16650.0,5122459,0.0,0.0
2016-05-03 00:00:00+09:00,16850.0,17400.0,16200.0,17200.0,1976041,0.0,0.0
2016-05-04 00:00:00+09:00,17100.0,18350.0,16800.0,17950.0,2573463,0.0,0.0
2016-05-09 00:00:00+09:00,17950.0,18150.0,17350.0,17900.0,993070,0.0,0.0
2016-05-10 00:00:00+09:00,18000.0,18150.0,17600.0,17850.0,751901,0.0,0.0
2016-05-11 00:00:00+09:00,17950.0,18350.0,17700.0,18150.0,758616,0.0,0.0
2016-05-12 00:00:00+09:00,18100.0,19300.0,17850.0,19050.0,1272459,0.0,0.0
2016-05-13 00:00:00+09:00,18950.0,19700.0,18800.0,19550.0,1172011,0.0,0.0
2016-05-16 00:00:00+09:00,19600.0,20500.0,19550.0,20300.0,1101800,0.0,0.0
2016-05-17 00:00:00+09:00,20400.0,20450.0,19300.0,19850.0,1125669,0.0,0.0
2016-05-18 00:00:00+09:00,19900.0,20300.0,19200.0,19850.0,795655,0.0,0.0
2016-05-19 00:00:00+09:00,19950.0,20050.0,19050.0,19200.0,802805,0.0,0.0
2016-05-20 00:00:00+09:00,19250.0,20500.0,18900.0,20350.0,835098,0.0,0.0
2016-05-23 00:00:00+09:00,20350.0,20950.0,20050.0,20750.0,641128,0.0,0.0
2016-05-24 00:00:00+09:00,20900.0,22000.0,20750.0,22000.0,1349570,0.0,0.0
2016-05-25 00:00:00+09:00,22200.0,23900.0,21750.0,23400.0,1686597,0.0,0.0
2016-05-26 00:00:00+09:00,23550.0,24250.0,22200.0,23550.0,974135,0.0,0.0
2016-05-27 00:00:00+09:00,23400.0,23500.0,22800.0,22800.0,412141,0.0,0.0
2016-05-30 00:00:00+09:00,22500.0,23800.0,22500.0,23150.0,459889,0.0,0.0
2016-05-31 00:00:00+09:00,23150.0,23200.0,22200.0,22200.0,801439,0.0,0.0
2016-06-01 00:00:00+09:00,22200.0,23100.0,22200.0,22750.0,440436,0.0,0.0
2016-06-02 00:00:00+09:00,22950.0,24150.0,22950.0,24100.0,709166,0.0,0.0
2016-06-03 00:00:00+09:00,24250.0,24800.0,23750.0,24650.0,607445,0.0,0.0
2016-06-07 00:00:00+09:00,24650.0,25000.0,23600.0,23850.0,474284,0.0,0.0
2016-06-08 00:00:00+09:00,23550.0,24550.0,22300.0,24450.0,1276986,0.0,0.0
2016-06-09 00:00:00+09:00,24350.0,24450.0,23500.0,23800.0,507564,0.0,0.0
2016-06-10 00:00:00+09:00,23900.0,24000.0,23000.0,23300.0,321622,0.0,0.0
2016-06-13 00:00:00+09:00,23100.0,23800.0,22550.0,23200.0,236670,0.0,0.0
2016-06-14 00:00:00+09:00,23200.0,23600.0,22750.0,23550.0,296455,0.0,0.0
2016-06-15 00:00:00+09:00,23750.0,24650.0,23600.0,24000.0,723485,0.0,0.0
2016-06-16 00:00:00+09:00,24250.0,24350.0,23050.0,23450.0,238292,0.0,0.0
2016-06-17 00:00:00+09:00,23800.0,23900.0,22500.0,22550.0,456555,0.0,0.0
2016-06-20 00:00:00+09:00,22950.0,23100.0,22450.0,22600.0,276049,0.0,0.0
2016-06-21 00:00:00+09:00,22850.0,23000.0,22500.0,22900.0,189819,0.0,0.0
2016-06-22 00:00:00+09:00,22450.0,23000.0,22100.0,22600.0,318896,0.0,0.0
2016-06-23 00:00:00+09:00,22850.0,23150.0,22250.0,22550.0,280762,0.0,0.0
2016-06-24 00:00:00+09:00,22750.0,22950.0,21050.0,22300.0,496061,0.0,0.0
2016-06-27 00:00:00+09:00,21700.0,22100.0,21650.0,22000.0,296461,0.0,0.0
2016-06-28 00:00:00+09:00,21700.0,22350.0,21450.0,22300.0,293645,0.0,0.0
2016-06-29 00:00:00+09:00,22600.0,23200.0,22350.0,22850.0,335566,0.0,0.0
2016-06-30 00:00:00+09:00,23000.0,23150.0,22750.0,22850.0,284481,0.0,0.0
2016-07-01 00:00:00+09:00,22850.0,23650.0,22700.0,22900.0,332154,0.0,0.0
2016-07-04 00:00:00+09:00,23100.0,23300.0,22750.0,23300.0,287497,0.0,0.0
2016-07-05 00:00:00+09:00,23300.0,23450.0,22550.0,22650.0,182562,0.0,0.0
2016-07-06 00:00:00+09:00,22800.0,23300.0,22150.0,22450.0,296408,0.0,0.0
2016-07-07 00:00:00+09:00,22700.0,22950.0,22300.0,22400.0,183406,0.0,0.0
2016-07-08 00:00:00+09:00,22450.0,22550.0,21950.0,22350.0,219190,0.0,0.0
2016-07-11 00:00:00+09:00,22450.0,23900.0,22450.0,23900.0,591389,0.0,0.0
2016-07-12 00:00:00+09:00,23950.0,23950.0,23200.0,23650.0,420605,0.0,0.0
2016-07-13 00:00:00+09:00,23700.0,24000.0,23350.0,23600.0,225651,0.0,0.0
2016-07-14 00:00:00+09:00,23600.0,23750.0,23150.0,23300.0,248573,0.0,0.0
2016-07-15 00:00:00+09:00,23400.0,23500.0,22600.0,22600.0,310659,0.0,0.0
2016-07-18 00:00:00+09:00,22650.0,23000.0,22250.0,22500.0,241235,0.0,0.0
2016-07-19 00:00:00+09:00,22300.0,22600.0,22050.0,22150.0,253034,0.0,0.0
2016-07-20 00:00:00+09:00,22050.0,22500.0,21700.0,22350.0,277271,0.0,0.0
2016-07-21 00:00:00+09:00,22550.0,24950.0,22550.0,24150.0,1596941,0.0,0.0
2016-07-22 00:00:00+09:00,24150.0,24450.0,23550.0,23750.0,407960,0.0,0.0
2016-07-25 00:00:00+09:00,24200.0,25250.0,24000.0,25100.0,884529,0.0,0.0
2016-07-26 00:00:00+09:00,25150.0,25200.0,24300.0,24450.0,456428,0.0,0.0
2016-07-27 00:00:00+09:00,24600.0,25400.0,24200.0,24550.0,405305,0.0,0.0
2016-07-28 00:00:00+09:00,24650.0,24650.0,23700.0,24200.0,361629,0.0,0.0
2016-07-29 00:00:00+09:00,24000.0,24850.0,23750.0,24850.0,336600,0.0,0.0
2016-08-01 00:00:00+09:00,25300.0,25400.0,24700.0,25000.0,285329,0.0,0.0
2016-08-02 00:00:00+09:00,25000.0,26200.0,24850.0,26000.0,980295,0.0,0.0
2016-08-03 00:00:00+09:00,25750.0,26350.0,25600.0,25850.0,357994,0.0,0.0
2016-08-04 00:00:00+09:00,26100.0,26450.0,25050.0,25350.0,435345,0.0,0.0
2016-08-05 00:00:00+09:00,25400.0,25900.0,25150.0,25500.0,227574,0.0,0.0
2016-08-08 00:00:00+09:00,25700.0,25900.0,24400.0,24450.0,350913,0.0,0.0
2016-08-09 00:00:00+09:00,24500.0,24550.0,23550.0,23800.0,597347,0.0,0.0
2016-08-10 00:00:00+09:00,23800.0,24150.0,23150.0,23850.0,480682,0.0,0.0
2016-08-11 00:00:00+09:00,23700.0,23950.0,23450.0,23600.0,230507,0.0,0.0
2016-08-12 00:00:00+09:00,23600.0,23900.0,23300.0,23500.0,182141,0.0,0.0
2016-08-16 00:00:00+09:00,23350.0,23500.0,22500.0,22850.0,381950,0.0,0.0
2016-08-17 00:00:00+09:00,22750.0,24250.0,22650.0,24050.0,689771,0.0,0.0
2016-08-18 00:00:00+09:00,24250.0,24550.0,23750.0,24500.0,374514,0.0,0.0
2016-08-19 00:00:00+09:00,24500.0,24900.0,24300.0,24300.0,210376,0.0,0.0
2016-08-22 00:00:00+09:00,24350.0,25550.0,24250.0,25300.0,439779,0.0,0.0
2016-08-23 00:00:00+09:00,25450.0,25500.0,24900.0,25250.0,192394,0.0,0.0
2016-08-24 00:00:00+09:00,25400.0,25900.0,25300.0,25600.0,422978,0.0,0.0
2016-08-25 00:00:00+09:00,25600.0,25600.0,24750.0,25000.0,379339,0.0,0.0
2016-08-26 00:00:00+09:00,24850.0,24850.0,24250.0,24550.0,261684,0.0,0.0
2016-08-29 00:00:00+09:00,24450.0,24450.0,23100.0,23700.0,606433,0.0,0.0
2016-08-30 00:00:00+09:00,23800.0,24550.0,23800.0,24000.0,274839,0.0,0.0
2016-08-31 00:00:00+09:00,23650.0,23700.0,22850.0,23300.0,464812,0.0,0.0
2016-09-01 00:00:00+09:00,22900.0,23650.0,22850.0,23500.0,284590,0.0,0.0
2016-09-02 00:00:00+09:00,23500.0,23550.0,22750.0,23000.0,378763,0.0,0.0
2016-09-05 00:00:00+09:00,23100.0,23750.0,22850.0,23650.0,310451,0.0,0.0
2016-09-06 00:00:00+09:00,23800.0,24000.0,23500.0,23900.0,312963,0.0,0.0
2016-09-07 00:00:00+09:00,23700.0,23900.0,22700.0,23000.0,710628,0.0,0.0
2016-09-08 00:00:00+09:00,22800.0,23200.0,22450.0,22550.0,531792,0.0,0.0
2016-09-09 00:00:00+09:00,22500.0,22800.0,22100.0,22600.0,258784,0.0,0.0
2016-09-12 00:00:00+09:00,23050.0,24100.0,22900.0,23050.0,1159504,0.0,0.0
2016-09-13 00:00:00+09:00,23600.0,23950.0,22450.0,23150.0,394590,0.0,0.0
2016-09-19 00:00:00+09:00,22950.0,23650.0,22700.0,23350.0,279125,0.0,0.0
2016-09-20 00:00:00+09:00,23350.0,23800.0,23150.0,23700.0,197396,0.0,0.0
2016-09-21 00:00:00+09:00,23850.0,24000.0,23500.0,23900.0,187260,0.0,0.0
2016-09-22 00:00:00+09:00,24500.0,25000.0,24000.0,24700.0,548992,0.0,0.0
2016-09-23 00:00:00+09:00,24950.0,25150.0,24550.0,25000.0,314669,0.0,0.0
2016-09-26 00:00:00+09:00,25200.0,25200.0,24550.0,24650.0,180602,0.0,0.0
2016-09-27 00:00:00+09:00,24300.0,24950.0,24050.0,24900.0,212593,0.0,0.0
2016-09-28 00:00:00+09:00,25000.0,25450.0,24400.0,24550.0,412591,0.0,0.0
2016-09-29 00:00:00+09:00,24800.0,24900.0,24450.0,24800.0,194539,0.0,0.0
2016-09-30 00:00:00+09:00,24550.0,25500.0,24500.0,25500.0,455632,0.0,0.0
2016-10-04 00:00:00+09:00,25750.0,25750.0,25150.0,25450.0,246668,0.0,0.0
2016-10-05 00:00:00+09:00,25350.0,25500.0,24600.0,24900.0,251861,0.0,0.0
2016-10-06 00:00:00+09:00,24900.0,25000.0,24250.0,24800.0,219918,0.0,0.0
2016-10-07 00:00:00+09:00,24650.0,24700.0,24350.0,24650.0,148854,0.0,0.0
2016-10-10 00:00:00+09:00,24500.0,24600.0,23650.0,23650.0,342628,0.0,0.0
2016-10-11 00:00:00+09:00,23400.0,24100.0,23100.0,23400.0,195490,0.0,0.0
2016-10-12 00:00:00+09:00,23100.0,23700.0,23100.0,23300.0,164599,0.0,0.0
2016-10-13 00:00:00+09:00,23450.0,23550.0,22800.0,22850.0,159378,0.0,0.0
2016-10-14 00:00:00+09:00,23050.0,23650.0,22800.0,23600.0,199926,0.0,0.0
2016-10-17 00:00:00+09:00,23600.0,23750.0,22650.0,22900.0,279725,0.0,0.0
2016-10-18 00:00:00+09:00,22800.0,23150.0,22650.0,22950.0,178991,0.0,0.0
2016-10-19 00:00:00+09:00,22950.0,23000.0,22300.0,22350.0,313419,0.0,0.0
2016-10-20 00:00:00+09:00,22400.0,22850.0,22400.0,22600.0,126973,0.0,0.0
2016-10-21 00:00:00+09:00,22500.0,22850.0,22150.0,22500.0,184899,0.0,0.0
2016-10-24 00:00:00+09:00,22400.0,22650.0,21850.0,22000.0,217953,0.0,0.0
2016-10-25 00:00:00+09:00,22000.0,22050.0,20950.0,21000.0,453092,0.0,0.0
2016-10-26 00:00:00+09:00,21000.0,21450.0,20100.0,21000.0,526457,0.0,0.0
2016-10-27 00:00:00+09:00,21200.0,23300.0,21200.0,22750.0,600478,0.0,0.0
2016-10-28 00:00:00+09:00,22800.0,23800.0,22650.0,23200.0,671340,0.0,0.0
2016-10-31 00:00:00+09:00,23450.0,23600.0,23000.0,23300.0,315281,0.0,0.0
2016-11-01 00:00:00+09:00,23200.0,23700.0,22900.0,23700.0,204359,0.0,0.0
2016-11-02 00:00:00+09:00,23500.0,23600.0,23250.0,23400.0,257968,0.0,0.0
2016-11-03 00:00:00+09:00,23400.0,23900.0,23100.0,23600.0,212436,0.0,0.0
2016-11-04 00:00:00+09:00,23350.0,23900.0,23350.0,23550.0,171275,0.0,0.0
2016-11-07 00:00:00+09:00,23850.0,23850.0,22100.0,23800.0,798252,0.0,0.0
2016-11-08 00:00:00+09:00,24050.0,24100.0,23250.0,23400.0,355714,0.0,0.0
2016-11-09 00:00:00+09:00,23500.0,23650.0,22200.0,23150.0,589614,0.0,0.0
2016-11-10 00:00:00+09:00,23300.0,23700.0,22900.0,23400.0,270001,0.0,0.0
2016-11-11 00:00:00+09:00,22900.0,23100.0,22350.0,22350.0,326257,0.0,0.0
2016-11-14 00:00:00+09:00,22350.0,22900.0,22100.0,22600.0,227108,0.0,0.0
2016-11-15 00:00:00+09:00,22250.0,22800.0,22200.0,22700.0,142082,0.0,0.0
2016-11-16 00:00:00+09:00,22900.0,23350.0,22550.0,22950.0,376293,0.0,0.0
2016-11-17 00:00:00+09:00,23200.0,23250.0,22950.0,23050.0,128854,0.0,0.0
2016-11-18 00:00:00+09:00,23250.0,23350.0,22850.0,23050.0,173505,0.0,0.0
2016-11-21 00:00:00+09:00,23150.0,23200.0,22200.0,23050.0,132032,0.0,0.0
2016-11-22 00:00:00+09:00,23200.0,23250.0,22600.0,22600.0,117301,0.0,0.0
2016-11-23 00:00:00+09:00,22700.0,22700.0,21900.0,21900.0,246446,0.0,0.0
2016-11-24 00:00:00+09:00,21600.0,22300.0,21300.0,21950.0,293747,0.0,0.0
2016-11-25 00:00:00+09:00,21500.0,22250.0,21500.0,22100.0,131811,0.0,0.0
2016-11-28 00:00:00+09:00,22300.0,22300.0,21500.0,21600.0,167828,0.0,0.0
2016-11-29 00:00:00+09:00,21600.0,21800.0,21250.0,21350.0,218860,0.0,0.0
2016-11-30 00:00:00+09:00,21350.0,21600.0,21250.0,21250.0,151200,0.0,0.0
2016-12-01 00:00:00+09:00,21300.0,21400.0,20600.0,21250.0,317894,0.0,0.0
2016-12-02 00:00:00+09:00,20900.0,21600.0,20800.0,21150.0,178056,0.0,0.0
2016-12-05 00:00:00+09:00,21050.0,21250.0,20550.0,20700.0,225909,0.0,0.0
2016-12-06 00:00:00+09:00,20800.0,21200.0,20650.0,20800.0,228495,0.0,0.0
2016-12-07 00:00:00+09:00,20850.0,21100.0,20650.0,20700.0,190631,0.0,0.0
2016-12-08 00:00:00+09:00,21050.0,22100.0,20900.0,21750.0,572241,0.0,0.0
2016-12-09 00:00:00+09:00,21750.0,22250.0,21500.0,22000.0,249639,0.0,0.0
2016-12-12 00:00:00+09:00,22050.0,22450.0,22050.0,22300.0,223441,0.0,0.0
2016-12-13 00:00:00+09:00,22400.0,23900.0,22350.0,23700.0,542232,0.0,0.0
2016-12-14 00:00:00+09:00,23950.0,24400.0,23700.0,24350.0,445825,0.0,0.0
2016-12-15 00:00:00+09:00,24100.0,24900.0,24050.0,24100.0,380025,0.0,0.0
2016-12-16 00:00:00+09:00,24350.0,24950.0,24050.0,24950.0,316922,0.0,0.0
2016-12-19 00:00:00+09:00,24850.0,24950.0,24350.0,24750.0,152799,0.0,0.0
2016-12-20 00:00:00+09:00,24750.0,24800.0,24150.0,24150.0,276112,0.0,0.0
2016-12-21 00:00:00+09:00,24350.0,25200.0,24300.0,25000.0,417341,0.0,0.0
2016-12-22 00:00:00+09:00,25100.0,25850.0,24850.0,25600.0,463520,0.0,0.0
2016-12-23 00:00:00+09:00,25600.0,25800.0,24950.0,25500.0,245771,0.0,0.0
2016-12-26 00:00:00+09:00,25650.0,25700.0,24800.0,24850.0,222903,0.0,0.0
2016-12-27 00:00:00+09:00,24950.0,25600.0,24850.0,25250.0,331805,0.0,0.0
2016-12-28 00:00:00+09:00,25400.0,25600.0,25100.0,25450.0,165382,0.0,0.0
2016-12-29 00:00:00+09:00,25250.0,26350.0,25000.0,26200.0,402895,0.0,0.0
2017-01-02 00:00:00+09:00,26300.0,26450.0,25800.0,26000.0,244813,0.0,0.0
2017-01-03 00:00:00+09:00,26000.0,26250.0,25450.0,26250.0,345277,0.0,0.0
2017-01-04 00:00:00+09:00,26250.0,26350.0,25100.0,25450.0,414368,0.0,0.0
2017-01-05 00:00:00+09:00,25400.0,25400.0,24650.0,24750.0,370804,0.0,0.0
2017-01-06 00:00:00+09:00,25000.0,25350.0,24700.0,25000.0,256300,0.0,0.0
2017-01-09 00:00:00+09:00,25250.0,25700.0,24950.0,25600.0,198399,0.0,0.0
2017-01-10 00:00:00+09:00,25550.0,26150.0,25250.0,25800.0,365591,0.0,0.0
2017-01-11 00:00:00+09:00,26000.0,26250.0,25700.0,26200.0,265832,0.0,0.0
2017-01-12 00:00:00+09:00,26350.0,26350.0,25150.0,25400.0,280027,0.0,0.0
2017-01-13 00:00:00+09:00,25200.0,25500.0,24700.0,25450.0,251024,0.0,0.0
2017-01-16 00:00:00+09:00,25300.0,25350.0,23850.0,23950.0,540689,0.0,0.0
2017-01-17 00:00:00+09:00,23850.0,24450.0,23850.0,24100.0,260294,0.0,0.0
2017-01-18 00:00:00+09:00,24050.0,24550.0,23750.0,24200.0,286333,0.0,0.0
2017-01-19 00:00:00+09:00,24550.0,24550.0,23650.0,23850.0,218912,0.0,0.0
2017-01-20 00:00:00+09:00,23800.0,23950.0,22900.0,23050.0,468279,0.0,0.0
2017-01-23 00:00:00+09:00,23050.0,23650.0,22950.0,23250.0,244959,0.0,0.0
2017-01-24 00:00:00+09:00,23200.0,23400.0,22600.0,23000.0,327354,0.0,0.0
2017-01-25 00:00:00+09:00,23000.0,23150.0,22450.0,22850.0,234222,0.0,0.0
2017-01-26 00:00:00+09:00,23050.0,23950.0,22950.0,23950.0,416210,0.0,0.0
2017-01-31 00:00:00+09:00,23950.0,24000.0,23400.0,23800.0,258331,0.0,0.0
2017-02-01 00:00:00+09:00,24000.0,24100.0,23500.0,23650.0,274057,0.0,0.0
2017-02-02 00:00:00+09:00,23700.0,23700.0,23050.0,23050.0,220356,0.0,0.0
2017-02-03 00:00:00+09:00,23300.0,23450.0,22500.0,23350.0,298897,0.0,0.0
2017-02-06 00:00:00+09:00,23300.0,23300.0,22700.0,23050.0,268829,0.0,0.0
2017-02-07 00:00:00+09:00,22900.0,23200.0,22100.0,22350.0,344783,0.0,0.0
2017-02-08 00:00:00+09:00,22350.0,22500.0,22000.0,22100.0,324216,0.0,0.0
2017-02-09 00:00:00+09:00,22250.0,22600.0,22150.0,22350.0,195129,0.0,0.0
2017-02-10 00:00:00+09:00,22450.0,22750.0,22400.0,22700.0,171564,0.0,0.0
2017-02-13 00:00:00+09:00,22700.0,23400.0,22350.0,23400.0,260949,0.0,0.0
2017-02-14 00:00:00+09:00,23200.0,23400.0,22900.0,22950.0,168790,0.0,0.0
2017-02-15 00:00:00+09:00,22900.0,23200.0,22550.0,22600.0,167369,0.0,0.0
2017-02-16 00:00:00+09:00,22600.0,23250.0,22600.0,22850.0,163514,0.0,0.0
2017-02-17 00:00:00+09:00,22700.0,23200.0,22650.0,22900.0,98335,0.0,0.0
2017-02-20 00:00:00+09:00,22850.0,23800.0,22850.0,23800.0,257362,0.0,0.0
2017-02-21 00:00:00+09:00,23900.0,23900.0,23300.0,23750.0,142270,0.0,0.0
2017-02-22 00:00:00+09:00,23800.0,24050.0,23500.0,23900.0,176800,0.0,0.0
2017-02-23 00:00:00+09:00,23850.0,23850.0,22700.0,22750.0,292194,0.0,0.0
2017-02-24 00:00:00+09:00,22750.0,22950.0,22200.0,22500.0,270572,0.0,0.0
2017-02-27 00:00:00+09:00,22450.0,22650.0,22050.0,22500.0,145132,0.0,0.0
2017-02-28 00:00:00+09:00,22600.0,22650.0,22250.0,22400.0,85100,0.0,0.0
2017-03-02 00:00:00+09:00,22550.0,22600.0,22100.0,22200.0,159093,0.0,0.0
2017-03-03 00:00:00+09:00,22250.0,22650.0,22250.0,22600.0,283567,0.0,0.0
2017-03-06 00:00:00+09:00,22450.0,23400.0,22350.0,23400.0,260532,0.0,0.0
2017-03-07 00:00:00+09:00,23450.0,23600.0,23050.0,23550.0,159523,0.0,0.0
2017-03-08 00:00:00+09:00,23600.0,23650.0,23350.0,23500.0,102025,0.0,0.0
2017-03-09 00:00:00+09:00,23650.0,24300.0,23500.0,24000.0,279592,0.0,0.0
2017-03-10 00:00:00+09:00,24000.0,24200.0,23500.0,24000.0,153180,0.0,0.0
2017-03-13 00:00:00+09:00,24000.0,24100.0,23850.0,24050.0,120948,0.0,0.0
2017-03-14 00:00:00+09:00,24250.0,24900.0,24250.0,24750.0,404111,0.0,0.0
2017-03-15 00:00:00+09:00,24900.0,25700.0,24800.0,25050.0,620897,0.0,0.0
2017-03-16 00:00:00+09:00,25150.0,25500.0,24650.0,25050.0,257440,0.0,0.0
2017-03-17 00:00:00+09:00,25100.0,25450.0,24700.0,25450.0,244738,0.0,0.0
2017-03-20 00:00:00+09:00,25450.0,25500.0,25000.0,25100.0,70327,0.0,0.0
2017-03-21 00:00:00+09:00,25100.0,25250.0,24650.0,25200.0,191557,0.0,0.0
2017-03-22 00:00:00+09:00,24950.0,25050.0,24100.0,24300.0,278152,0.0,0.0
2017-03-23 00:00:00+09:00,24400.0,24950.0,24150.0,24400.0,150976,0.0,0.0
2017-03-24 00:00:00+09:00,24250.0,24850.0,24250.0,24750.0,168061,0.0,0.0
2017-03-27 00:00:00+09:00,24600.0,24900.0,24250.0,24500.0,75002,0.0,0.0
2017-03-28 00:00:00+09:00,24550.0,24650.0,24250.0,24600.0,105512,0.0,0.0
2017-03-29 00:00:00+09:00,24550.0,25600.0,24550.0,25400.0,303745,0.0,0.0
2017-03-30 00:00:00+09:00,25400.0,25400.0,24850.0,25200.0,121707,0.0,0.0
2017-03-31 00:00:00+09:00,25200.0,25250.0,24750.0,24900.0,92356,0.0,0.0
2017-04-03 00:00:00+09:00,25000.0,25600.0,24750.0,25500.0,167139,0.0,0.0
2017-04-04 00:00:00+09:00,25700.0,25950.0,25350.0,25600.0,230737,0.0,0.0
2017-04-05 00:00:00+09:00,25700.0,25850.0,25450.0,25750.0,140806,0.0,0.0
2017-04-06 00:00:00+09:00,25750.0,25750.0,25050.0,25300.0,148931,0.0,0.0
2017-04-07 00:00:00+09:00,25450.0,26150.0,25250.0,25900.0,280455,0.0,0.0
2017-04-10 00:00:00+09:00,26050.0,26200.0,25300.0,25300.0,201149,0.0,0.0
2017-04-11 00:00:00+09:00,25400.0,25600.0,24700.0,25100.0,180861,0.0,0.0
2017-04-12 00:00:00+09:00,25100.0,25300.0,24950.0,25200.0,64915,0.0,0.0
2017-04-13 00:00:00+09:00,25450.0,25600.0,25350.0,25600.0,106828,0.0,0.0
2017-04-14 00:00:00+09:00,25400.0,25700.0,25250.0,25400.0,89375,0.0,0.0
2017-04-17 00:00:00+09:00,25600.0,26400.0,25600.0,26200.0,229881,0.0,0.0
2017-04-18 00:00:00+09:00,26250.0,26900.0,26050.0,26600.0,324900,0.0,0.0
2017-04-19 00:00:00+09:00,26500.0,27000.0,26200.0,26200.0,350470,0.0,0.0
2017-04-20 00:00:00+09:00,26450.0,26800.0,25750.0,26400.0,288838,0.0,0.0
2017-04-21 00:00:00+09:00,26200.0,26300.0,25800.0,26050.0,151999,0.0,0.0
2017-04-24 00:00:00+09:00,26050.0,26350.0,25450.0,25700.0,155870,0.0,0.0
2017-04-25 00:00:00+09:00,25600.0,26100.0,25600.0,26000.0,111943,0.0,0.0
2017-04-26 00:00:00+09:00,26000.0,26050.0,25800.0,25900.0,135100,0.0,0.0
2017-04-27 00:00:00+09:00,25850.0,26050.0,25450.0,25900.0,230874,0.0,0.0
2017-04-28 00:00:00+09:00,25750.0,26200.0,25650.0,25900.0,323872,0.0,0.0
2017-05-02 00:00:00+09:00,26050.0,27050.0,26050.0,26750.0,343836,0.0,0.0
2017-05-04 00:00:00+09:00,26850.0,27100.0,26650.0,26900.0,200807,0.0,0.0
2017-05-08 00:00:00+09:00,26900.0,27300.0,26500.0,27250.0,265340,0.0,0.0
2017-05-10 00:00:00+09:00,27400.0,27750.0,27050.0,27050.0,231540,0.0,0.0
2017-05-11 00:00:00+09:00,27100.0,28300.0,27050.0,27850.0,436962,0.0,0.0
2017-05-12 00:00:00+09:00,28200.0,28300.0,27550.0,27850.0,226130,0.0,0.0
2017-05-15 00:00:00+09:00,27900.0,29400.0,27750.0,29200.0,498019,0.0,0.0
2017-05-16 00:00:00+09:00,29550.0,29650.0,28250.0,28500.0,433303,0.0,0.0
2017-05-17 00:00:00+09:00,28750.0,28850.0,28000.0,28450.0,250860,0.0,0.0
2017-05-18 00:00:00+09:00,27700.0,28250.0,27600.0,28200.0,286341,0.0,0.0
2017-05-19 00:00:00+09:00,28400.0,28600.0,28100.0,28200.0,153147,0.0,0.0
2017-05-22 00:00:00+09:00,28150.0,29500.0,28150.0,29100.0,259312,0.0,0.0
2017-05-23 00:00:00+09:00,29100.0,29300.0,28750.0,28800.0,146041,0.0,0.0
2017-05-24 00:00:00+09:00,28900.0,29300.0,28800.0,28950.0,171762,0.0,0.0
2017-05-25 00:00:00+09:00,28950.0,29000.0,28100.0,28300.0,333195,0.0,0.0
2017-05-26 00:00:00+09:00,28500.0,28800.0,28250.0,28300.0,199260,0.0,0.0
2017-05-29 00:00:00+09:00,28700.0,29500.0,28550.0,28900.0,449287,0.0,0.0
2017-05-30 00:00:00+09:00,29250.0,29400.0,28700.0,29050.0,138539,0.0,0.0
2017-05-31 00:00:00+09:00,28800.0,29400.0,28650.0,29300.0,214800,0.0,0.0
2017-06-01 00:00:00+09:00,29400.0,30750.0,29050.0,30750.0,561342,0.0,0.0
2017-06-02 00:00:00+09:00,31000.0,31250.0,30250.0,31250.0,330318,0.0,0.0
2017-06-05 00:00:00+09:00,31550.0,31600.0,30900.0,31550.0,213269,0.0,0.0
2017-06-07 00:00:00+09:00,31500.0,31500.0,30550.0,31250.0,337417,0.0,0.0
2017-06-08 00:00:00+09:00,31350.0,31700.0,31000.0,31400.0,219889,0.0,0.0
2017-06-09 00:00:00+09:00,31400.0,31500.0,30600.0,30850.0,236049,0.0,0.0
2017-06-12 00:00:00+09:00,30350.0,30350.0,29000.0,29000.0,558414,0.0,0.0
2017-06-13 00:00:00+09:00,28800.0,29600.0,28750.0,29300.0,362091,0.0,0.0
2017-06-14 00:00:00+09:00,29600.0,30950.0,29600.0,30100.0,498369,0.0,0.0
2017-06-15 00:00:00+09:00,30200.0,30200.0,29150.0,29550.0,217822,0.0,0.0
2017-06-16 00:00:00+09:00,29650.0,30050.0,29600.0,29700.0,160133,0.0,0.0
2017-06-19 00:00:00+09:00,29700.0,30300.0,29300.0,30300.0,196815,0.0,0.0
2017-06-20 00:00:00+09:00,30550.0,30550.0,29500.0,29700.0,180892,0.0,0.0
2017-06-21 00:00:00+09:00,29600.0,29600.0,28800.0,29500.0,174587,0.0,0.0
2017-06-22 00:00:00+09:00,29500.0,29950.0,29050.0,29300.0,183900,0.0,0.0
2017-06-23 00:00:00+09:00,29300.0,30350.0,29250.0,30200.0,317600,0.0,0.0
2017-06-26 00:00:00+09:00,30250.0,31250.0,30000.0,30900.0,361108,0.0,0.0
2017-06-27 00:00:00+09:00,31000.0,31550.0,30350.0,31100.0,304950,0.0,0.0
2017-06-28 00:00:00+09:00,30750.0,31250.0,30300.0,30400.0,259320,0.0,0.0
2017-06-29 00:00:00+09:00,30750.0,30800.0,29300.0,29750.0,343809,0.0,0.0
2017-06-30 00:00:00+09:00,29500.0,29650.0,29150.0,29650.0,231020,0.0,0.0
2017-07-03 00:00:00+09:00,29950.0,29950.0,28300.0,28800.0,324892,0.0,0.0
2017-07-04 00:00:00+09:00,28800.0,29400.0,27750.0,28000.0,505947,0.0,0.0
2017-07-05 00:00:00+09:00,28000.0,29100.0,27800.0,29100.0,271287,0.0,0.0
2017-07-06 00:00:00+09:00,29450.0,29450.0,28750.0,29250.0,191276,0.0,0.0
2017-07-07 00:00:00+09:00,29350.0,30400.0,28800.0,30400.0,361684,0.0,0.0
2017-07-10 00:00:00+09:00,30700.0,30700.0,29900.0,29950.0,190815,0.0,0.0
2017-07-11 00:00:00+09:00,30500.0,30650.0,30000.0,30200.0,135698,0.0,0.0
2017-07-12 00:00:00+09:00,30350.0,30600.0,29700.0,29750.0,194743,0.0,0.0
2017-07-13 00:00:00+09:00,29950.0,31050.0,29950.0,30750.0,371814,0.0,0.0
2017-07-14 00:00:00+09:00,31000.0,32550.0,30900.0,32550.0,912534,0.0,0.0
2017-07-17 00:00:00+09:00,33100.0,33100.0,32300.0,32750.0,353107,0.0,0.0
2017-07-18 00:00:00+09:00,32700.0,33900.0,32250.0,33500.0,482810,0.0,0.0
2017-07-19 00:00:00+09:00,33800.0,35100.0,33600.0,35000.0,527248,0.0,0.0
2017-07-20 00:00:00+09:00,35350.0,35700.0,34100.0,35650.0,403409,0.0,0.0
2017-07-21 00:00:00+09:00,35600.0,35750.0,34650.0,35600.0,254414,0.0,0.0
2017-07-24 00:00:00+09:00,36000.0,36200.0,35200.0,35400.0,210821,0.0,0.0
2017-07-25 00:00:00+09:00,35400.0,35650.0,34300.0,34600.0,266293,0.0,0.0
2017-07-26 00:00:00+09:00,34650.0,34700.0,33150.0,34100.0,426934,0.0,0.0
2017-07-27 00:00:00+09:00,33900.0,34400.0,33550.0,34150.0,256517,0.0,0.0
2017-07-28 00:00:00+09:00,33650.0,34050.0,32150.0,32400.0,387140,0.0,0.0
2017-07-31 00:00:00+09:00,31800.0,33200.0,31350.0,32700.0,285833,0.0,0.0
2017-08-01 00:00:00+09:00,32500.0,33200.0,32000.0,32000.0,149139,0.0,0.0
2017-08-02 00:00:00+09:00,32350.0,33750.0,32350.0,33200.0,296835,0.0,0.0
2017-08-03 00:00:00+09:00,33100.0,33100.0,30900.0,31100.0,456081,0.0,0.0
2017-08-04 00:00:00+09:00,31000.0,32050.0,30400.0,30900.0,548076,0.0,0.0
2017-08-07 00:00:00+09:00,31300.0,31550.0,30750.0,30850.0,233304,0.0,0.0
2017-08-08 00:00:00+09:00,31300.0,32300.0,31250.0,32200.0,326056,0.0,0.0
2017-08-09 00:00:00+09:00,31700.0,31800.0,30950.0,30950.0,299666,0.0,0.0
2017-08-10 00:00:00+09:00,30700.0,31500.0,30100.0,30500.0,262661,0.0,0.0
2017-08-11 00:00:00+09:00,29650.0,30550.0,29400.0,29550.0,353797,0.0,0.0
2017-08-14 00:00:00+09:00,29950.0,30100.0,29600.0,29800.0,186754,0.0,0.0
2017-08-16 00:00:00+09:00,30550.0,30650.0,30000.0,30650.0,240758,0.0,0.0
2017-08-17 00:00:00+09:00,30700.0,31450.0,30350.0,31150.0,175420,0.0,0.0
2017-08-18 00:00:00+09:00,30600.0,31600.0,30200.0,31450.0,281796,0.0,0.0
2017-08-21 00:00:00+09:00,31400.0,31500.0,30950.0,31050.0,177769,0.0,0.0
2017-08-22 00:00:00+09:00,31300.0,31400.0,30600.0,31300.0,161965,0.0,0.0
2017-08-23 00:00:00+09:00,31550.0,32050.0,31400.0,31950.0,248894,0.0,0.0
2017-08-24 00:00:00+09:00,32050.0,32050.0,30650.0,30650.0,404230,0.0,0.0
2017-08-25 00:00:00+09:00,30700.0,31000.0,30300.0,30500.0,212332,0.0,0.0
2017-08-28 00:00:00+09:00,30500.0,30900.0,29950.0,30150.0,162225,0.0,0.0
2017-08-29 00:00:00+09:00,29950.0,30650.0,29950.0,30300.0,244177,0.0,0.0
2017-08-30 00:00:00+09:00,30600.0,30600.0,30300.0,30550.0,175324,0.0,0.0
2017-08-31 00:00:00+09:00,30800.0,30800.0,30200.0,30400.0,156443,0.0,0.0
2017-09-01 00:00:00+09:00,30650.0,30950.0,30400.0,30600.0,143883,0.0,0.0
2017-09-04 00:00:00+09:00,29350.0,30000.0,29350.0,29500.0,203930,0.0,0.0
2017-09-05 00:00:00+09:00,29500.0,29900.0,28850.0,29750.0,215943,0.0,0.0
2017-09-06 00:00:00+09:00,29750.0,30150.0,29300.0,29700.0,220780,0.0,0.0
2017-09-07 00:00:00+09:00,29700.0,30900.0,29650.0,30500.0,307196,0.0,0.0
2017-09-08 00:00:00+09:00,30550.0,32600.0,30550.0,32600.0,973456,0.0,0.0
2017-09-11 00:00:00+09:00,32550.0,33400.0,32350.0,33050.0,484232,0.0,0.0
2017-09-12 00:00:00+09:00,33200.0,33900.0,32650.0,33350.0,391890,0.0,0.0
2017-09-13 00:00:00+09:00,33500.0,34950.0,33450.0,34350.0,536323,0.0,0.0
2017-09-14 00:00:00+09:00,34350.0,34600.0,33800.0,34400.0,336749,0.0,0.0
2017-09-15 00:00:00+09:00,34000.0,34650.0,33850.0,34550.0,185328,0.0,0.0
2017-09-18 00:00:00+09:00,34750.0,34800.0,34400.0,34800.0,220462,0.0,0.0
2017-09-19 00:00:00+09:00,34800.0,34900.0,33700.0,34400.0,319686,0.0,0.0
2017-09-20 00:00:00+09:00,34100.0,34800.0,34000.0,34350.0,270237,0.0,0.0
2017-09-21 00:00:00+09:00,34550.0,34550.0,33100.0,33900.0,263537,0.0,0.0
2017-09-25 00:00:00+09:00,33200.0,34400.0,33200.0,33950.0,197837,0.0,0.0
2017-09-26 00:00:00+09:00,33650.0,34250.0,33200.0,33400.0,182338,0.0,0.0
2017-09-27 00:00:00+09:00,33800.0,35700.0,33600.0,34850.0,565963,0.0,0.0
2017-09-28 00:00:00+09:00,35400.0,35400.0,34600.0,34750.0,233987,0.0,0.0
2017-09-29 00:00:00+09:00,34950.0,35250.0,33950.0,34100.0,187187,0.0,0.0
2017-10-10 00:00:00+09:00,34400.0,35500.0,34200.0,35400.0,256292,0.0,0.0
2017-10-11 00:00:00+09:00,35750.0,37000.0,35600.0,36900.0,436676,0.0,0.0
2017-10-12 00:00:00+09:00,36900.0,36950.0,36200.0,36450.0,199220,0.0,0.0
2017-10-13 00:00:00+09:00,36700.0,36700.0,34350.0,34950.0,425226,0.0,0.0
2017-10-16 00:00:00+09:00,34550.0,34600.0,31400.0,31500.0,792514,0.0,0.0
2017-10-17 00:00:00+09:00,32200.0,33850.0,32100.0,33050.0,626891,0.0,0.0
2017-10-18 00:00:00+09:00,33250.0,33300.0,32500.0,32900.0,157648,0.0,0.0
2017-10-19 00:00:00+09:00,32650.0,35000.0,32650.0,34600.0,315963,0.0,0.0
2017-10-20 00:00:00+09:00,34900.0,35900.0,34800.0,35300.0,199682,0.0,0.0
2017-10-23 00:00:00+09:00,35300.0,35300.0,34400.0,34850.0,158645,0.0,0.0
2017-10-24 00:00:00+09:00,34900.0,35550.0,34600.0,34900.0,128688,0.0,0.0
2017-10-25 00:00:00+09:00,35000.0,35500.0,33950.0,35350.0,207494,0.0,0.0
2017-10-26 00:00:00+09:00,35650.0,36350.0,33750.0,33850.0,272932,0.0,0.0
2017-10-27 00:00:00+09:00,33900.0,34450.0,33850.0,34350.0,105563,0.0,0.0
2017-10-30 00:00:00+09:00,34500.0,35500.0,34500.0,35250.0,204939,0.0,0.0
2017-10-31 00:00:00+09:00,35500.0,36350.0,35350.0,36250.0,226601,0.0,0.0
2017-11-01 00:00:00+09:00,36750.0,36750.0,35350.0,36000.0,231458,0.0,0.0
2017-11-02 00:00:00+09:00,35800.0,37250.0,35650.0,36750.0,289583,0.0,0.0
2017-11-03 00:00:00+09:00,36750.0,37300.0,36150.0,37250.0,191313,0.0,0.0
2017-11-06 00:00:00+09:00,37300.0,38050.0,36350.0,36500.0,394356,0.0,0.0
2017-11-07 00:00:00+09:00,36850.0,36900.0,35750.0,36850.0,245109,0.0,0.0
2017-11-08 00:00:00+09:00,37200.0,37200.0,36450.0,36900.0,92659,0.0,0.0
2017-11-09 00:00:00+09:00,37000.0,37100.0,36000.0,36200.0,148461,0.0,0.0
2017-11-10 00:00:00+09:00,36050.0,36900.0,36050.0,36750.0,195544,0.0,0.0
2017-11-13 00:00:00+09:00,37600.0,37600.0,36750.0,37500.0,286880,0.0,0.0
2017-11-14 00:00:00+09:00,37900.0,39850.0,37900.0,38900.0,906878,0.0,0.0
2017-11-15 00:00:00+09:00,39450.0,40400.0,38650.0,40150.0,468129,0.0,0.0
2017-11-16 00:00:00+09:00,39750.0,40000.0,38550.0,39300.0,478123,0.0,0.0
2017-11-17 00:00:00+09:00,38850.0,39000.0,37500.0,38100.0,474340,0.0,0.0
2017-11-20 00:00:00+09:00,38100.0,38450.0,37250.0,38100.0,216632,0.0,0.0
2017-11-21 00:00:00+09:00,38250.0,39300.0,37450.0,38350.0,313728,0.0,0.0
2017-11-22 00:00:00+09:00,38500.0,39300.0,38050.0,39050.0,293617,0.0,0.0
2017-11-23 00:00:00+09:00,38950.0,39150.0,38200.0,38700.0,210431,0.0,0.0
2017-11-24 00:00:00+09:00,38850.0,38950.0,38000.0,38750.0,203534,0.0,0.0
2017-11-27 00:00:00+09:00,39000.0,39250.0,37350.0,37600.0,264639,0.0,0.0
2017-11-28 00:00:00+09:00,37500.0,37600.0,35950.0,36200.0,415108,0.0,0.0
2017-11-29 00:00:00+09:00,36300.0,37250.0,35950.0,35950.0,334253,0.0,0.0
2017-11-30 00:00:00+09:00,35500.0,35500.0,34300.0,34600.0,416701,0.0,0.0
2017-12-01 00:00:00+09:00,34600.0,35750.0,34400.0,35050.0,275488,0.0,0.0
2017-12-04 00:00:00+09:00,35300.0,35400.0,34000.0,35200.0,199767,0.0,0.0
2017-12-05 00:00:00+09:00,34800.0,35800.0,34300.0,35250.0,162811,0.0,0.0
2017-12-06 00:00:00+09:00,34900.0,35600.0,33700.0,33700.0,253063,0.0,0.0
2017-12-07 00:00:00+09:00,34400.0,34600.0,33100.0,34200.0,241503,0.0,0.0
2017-12-08 00:00:00+09:00,34050.0,34600.0,33800.0,34050.0,110245,0.0,0.0
2017-12-11 00:00:00+09:00,34300.0,35400.0,33550.0,35400.0,222720,0.0,0.0
2017-12-12 00:00:00+09:00,35600.0,35650.0,34350.0,34350.0,143646,0.0,0.0
2017-12-13 00:00:00+09:00,34350.0,35250.0,34250.0,34700.0,148241,0.0,0.0
2017-12-14 00:00:00+09:00,34950.0,35500.0,34200.0,35500.0,303245,0.0,0.0
2017-12-15 00:00:00+09:00,35550.0,35550.0,33850.0,34500.0,328939,0.0,0.0
2017-12-18 00:00:00+09:00,34350.0,34450.0,32500.0,32500.0,322946,0.0,0.0
2017-12-19 00:00:00+09:00,32900.0,34000.0,32900.0,33550.0,323049,0.0,0.0
2017-12-21 00:00:00+09:00,34100.0,34100.0,31700.0,32000.0,326292,0.0,0.0
2017-12-22 00:00:00+09:00,32100.0,32650.0,31100.0,32650.0,318646,0.0,0.0
2017-12-26 00:00:00+09:00,32500.0,33650.0,32450.0,33550.0,229577,0.0,0.0
2017-12-27 00:00:00+09:00,33600.0,33700.0,32500.0,33700.0,144168,0.0,0.0
2017-12-28 00:00:00+09:00,33700.0,33700.0,32950.0,33400.0,118576,0.0,0.0
2018-01-02 00:00:00+09:00,33400.0,33400.0,32350.0,32550.0,223769,0.0,0.0
2018-01-03 00:00:00+09:00,32900.0,33850.0,32800.0,33400.0,268338,0.0,0.0
2018-01-04 00:00:00+09:00,33700.0,33900.0,32500.0,32600.0,221027,0.0,0.0
2018-01-05 00:00:00+09:00,32700.0,33200.0,32600.0,33000.0,220661,0.0,0.0
2018-01-08 00:00:00+09:00,33000.0,33100.0,31300.0,31650.0,505503,0.0,0.0
2018-01-09 00:00:00+09:00,31300.0,32450.0,31200.0,31250.0,415720,0.0,0.0
2018-01-10 00:00:00+09:00,31650.0,31650.0,30150.0,30150.0,517398,0.0,0.0
2018-01-11 00:00:00+09:00,30450.0,32150.0,30400.0,32150.0,513513,0.0,0.0
2018-01-12 00:00:00+09:00,32700.0,32700.0,31050.0,32100.0,380860,0.0,0.0
2018-01-15 00:00:00+09:00,32100.0,33700.0,32000.0,33000.0,403448,0.0,0.0
2018-01-16 00:00:00+09:00,33000.0,33700.0,32450.0,33650.0,302689,0.0,0.0
2018-01-17 00:00:00+09:00,33600.0,34150.0,33150.0,34000.0,336181,0.0,0.0
2018-01-18 00:00:00+09:00,34500.0,35900.0,34400.0,35450.0,625657,0.0,0.0
2018-01-19 00:00:00+09:00,35800.0,35850.0,33750.0,34200.0,432278,0.0,0.0
2018-01-22 00:00:00+09:00,34200.0,34200.0,32400.0,32950.0,294272,0.0,0.0
2018-01-23 00:00:00+09:00,32950.0,35000.0,32950.0,35000.0,297598,0.0,0.0
2018-01-24 00:00:00+09:00,35000.0,35150.0,34200.0,34600.0,217855,0.0,0.0
2018-01-25 00:00:00+09:00,34300.0,35600.0,34100.0,35600.0,262146,0.0,0.0
2018-01-26 00:00:00+09:00,35850.0,36400.0,34850.0,35350.0,326964,0.0,0.0
2018-01-29 00:00:00+09:00,35500.0,35900.0,34300.0,34650.0,165215,0.0,0.0
2018-01-30 00:00:00+09:00,34300.0,34350.0,33200.0,33350.0,349713,0.0,0.0
2018-01-31 00:00:00+09:00,33000.0,33650.0,32900.0,32950.0,241080,0.0,0.0
2018-02-01 00:00:00+09:00,33250.0,34300.0,33250.0,34200.0,276712,0.0,0.0
2018-02-02 00:00:00+09:00,34050.0,34050.0,32300.0,32700.0,375922,0.0,0.0
2018-02-05 00:00:00+09:00,31500.0,32800.0,31400.0,32000.0,245449,0.0,0.0
2018-02-07 00:00:00+09:00,35000.0,35200.0,33500.0,33500.0,683478,0.0,0.0
2018-02-08 00:00:00+09:00,33800.0,35400.0,33500.0,34700.0,695039,0.0,0.0
2018-02-09 00:00:00+09:00,33350.0,34400.0,33250.0,33550.0,401348,0.0,0.0
2018-02-12 00:00:00+09:00,33750.0,35800.0,33750.0,34900.0,341045,0.0,0.0
2018-02-13 00:00:00+09:00,35250.0,35500.0,34350.0,34350.0,250171,0.0,0.0
2018-02-14 00:00:00+09:00,34350.0,36600.0,34350.0,36600.0,417271,0.0,0.0
2018-02-19 00:00:00+09:00,37500.0,37500.0,36400.0,37300.0,407427,0.0,0.0
2018-02-20 00:00:00+09:00,36900.0,36900.0,35450.0,35500.0,438034,0.0,0.0
2018-02-21 00:00:00+09:00,35450.0,37600.0,35450.0,36650.0,549843,0.0,0.0
2018-02-22 00:00:00+09:00,36300.0,36950.0,36050.0,36550.0,235959,0.0,0.0
2018-02-23 00:00:00+09:00,36550.0,37400.0,35800.0,37250.0,249988,0.0,0.0
2018-02-26 00:00:00+09:00,36150.0,37850.0,36150.0,37200.0,173598,0.0,0.0
2018-02-27 00:00:00+09:00,37500.0,37800.0,35900.0,36000.0,231076,0.0,0.0
2018-02-28 00:00:00+09:00,36050.0,36200.0,35100.0,35600.0,188473,0.0,0.0
2018-03-07 00:00:00+09:00,36750.0,36950.0,35450.0,35550.0,179757,0.0,0.0
2018-03-08 00:00:00+09:00,36250.0,36250.0,35200.0,35700.0,144509,0.0,0.0
2018-03-09 00:00:00+09:00,35700.0,36800.0,35600.0,36100.0,153445,0.0,0.0
2018-03-12 00:00:00+09:00,36200.0,36850.0,36150.0,36500.0,167741,0.0,0.0
2018-03-13 00:00:00+09:00,36500.0,37250.0,36050.0,37000.0,215987,0.0,0.0
2018-03-14 00:00:00+09:00,36650.0,36950.0,36050.0,36150.0,189776,0.0,0.0
2018-03-15 00:00:00+09:00,36050.0,36100.0,34800.0,35250.0,365936,0.0,0.0
2018-03-16 00:00:00+09:00,35300.0,35650.0,34500.0,35350.0,181471,0.0,0.0
2018-03-19 00:00:00+09:00,35250.0,36200.0,35200.0,35400.0,106867,0.0,0.0
2018-03-20 00:00:00+09:00,35400.0,35600.0,34900.0,35600.0,135839,0.0,0.0
2018-03-21 00:00:00+09:00,35300.0,35900.0,35100.0,35150.0,110273,0.0,0.0
2018-03-22 00:00:00+09:00,35200.0,36250.0,34300.0,34300.0,254164,0.0,0.0
2018-03-23 00:00:00+09:00,33350.0,34200.0,32200.0,32300.0,344765,0.0,0.0
2018-03-26 00:00:00+09:00,32300.0,33550.0,31700.0,33450.0,174790,0.0,0.0
2018-03-27 00:00:00+09:00,33550.0,33700.0,32550.0,32550.0,192051,0.0,0.0
2018-03-28 00:00:00+09:00,32000.0,32500.0,31200.0,31600.0,221548,0.0,0.0
2018-03-29 00:00:00+09:00,31700.0,32850.0,31400.0,32850.0,169156,0.0,0.0
2018-03-30 00:00:00+09:00,32700.0,33300.0,32150.0,33300.0,165509,0.0,0.0
2018-04-02 00:00:00+09:00,33150.0,33200.0,32000.0,32100.0,267512,0.0,0.0
2018-04-03 00:00:00+09:00,31500.0,31750.0,31250.0,31600.0,218886,0.0,0.0
2018-04-04 00:00:00+09:00,31800.0,32000.0,30800.0,30800.0,259977,0.0,0.0
2018-04-05 00:00:00+09:00,31150.0,32900.0,31150.0,32850.0,303970,0.0,0.0
2018-04-06 00:00:00+09:00,32500.0,33000.0,32150.0,33000.0,141509,0.0,0.0
2018-04-09 00:00:00+09:00,32900.0,33150.0,32400.0,33100.0,112768,0.0,0.0
2018-04-10 00:00:00+09:00,32900.0,33300.0,32650.0,33150.0,88518,0.0,0.0
2018-04-11 00:00:00+09:00,33500.0,34050.0,33150.0,33250.0,185137,0.0,0.0
2018-04-12 00:00:00+09:00,33300.0,34300.0,32850.0,34000.0,258682,0.0,0.0
2018-04-13 00:00:00+09:00,34450.0,34700.0,33750.0,34600.0,152853,0.0,0.0
2018-04-16 00:00:00+09:00,34600.0,34850.0,33800.0,34750.0,157348,0.0,0.0
2018-04-17 00:00:00+09:00,34800.0,34850.0,34000.0,34050.0,109381,0.0,0.0
2018-04-18 00:00:00+09:00,34600.0,34600.0,34000.0,34000.0,123224,0.0,0.0
2018-04-19 00:00:00+09:00,34000.0,34650.0,33850.0,34050.0,225420,0.0,0.0
2018-04-20 00:00:00+09:00,33500.0,34000.0,33300.0,33750.0,126227,0.0,0.0
2018-04-23 00:00:00+09:00,34000.0,34450.0,33700.0,33700.0,119346,0.0,0.0
2018-04-24 00:00:00+09:00,33900.0,34100.0,32350.0,32650.0,229088,0.0,0.0
2018-04-25 00:00:00+09:00,32700.0,32850.0,31800.0,32650.0,124371,0.0,0.0
2018-04-26 00:00:00+09:00,32700.0,33850.0,32550.0,33500.0,269670,0.0,0.0
2018-04-27 00:00:00+09:00,33550.0,34850.0,33550.0,34850.0,241581,0.0,0.0
2018-04-30 00:00:00+09:00,34850.0,34850.0,33800.0,34200.0,193900,0.0,0.0
2018-05-02 00:00:00+09:00,33900.0,34450.0,33150.0,33150.0,131153,0.0,0.0
2018-05-03 00:00:00+09:00,32850.0,33100.0,32050.0,32350.0,199822,0.0,0.0
2018-05-04 00:00:00+09:00,31900.0,32700.0,31800.0,32100.0,197289,0.0,0.0
2018-05-08 00:00:00+09:00,32500.0,33150.0,31700.0,31750.0,239474,0.0,0.0
2018-05-09 00:00:00+09:00,32100.0,32950.0,31300.0,32700.0,186563,0.0,0.0
2018-05-10 00:00:00+09:00,32700.0,33300.0,32050.0,32300.0,95131,0.0,0.0
2018-05-11 00:00:00+09:00,32600.0,32900.0,32250.0,32650.0,135195,0.0,0.0
2018-05-14 00:00:00+09:00,32550.0,32900.0,31950.0,32000.0,109238,0.0,0.0
2018-05-15 00:00:00+09:00,32050.0,32300.0,31650.0,32050.0,134414,0.0,0.0
2018-05-16 00:00:00+09:00,31950.0,32400.0,31300.0,31550.0,110642,0.0,0.0
2018-05-17 00:00:00+09:00,31500.0,32350.0,31200.0,32000.0,134702,0.0,0.0
2018-05-18 00:00:00+09:00,31650.0,32250.0,31300.0,32000.0,214431,0.0,0.0
2018-05-21 00:00:00+09:00,31700.0,31700.0,30500.0,30700.0,306061,0.0,0.0
2018-05-23 00:00:00+09:00,31050.0,32850.0,30850.0,32650.0,346159,0.0,0.0
2018-05-24 00:00:00+09:00,33000.0,33550.0,32700.0,32850.0,284461,0.0,0.0
2018-05-25 00:00:00+09:00,32850.0,34200.0,32600.0,34150.0,304831,0.0,0.0
2018-05-28 00:00:00+09:00,33900.0,34400.0,33700.0,34300.0,178399,0.0,0.0
2018-05-29 00:00:00+09:00,34050.0,34300.0,33850.0,34000.0,161880,0.0,0.0
2018-05-30 00:00:00+09:00,33900.0,34150.0,33200.0,34000.0,142960,0.0,0.0
2018-05-31 00:00:00+09:00,34300.0,34300.0,33550.0,34100.0,117283,0.0,0.0
2018-06-01 00:00:00+09:00,34100.0,34200.0,33000.0,33200.0,176478,0.0,0.0
2018-06-04 00:00:00+09:00,32800.0,33150.0,32200.0,32250.0,128080,0.0,0.0
2018-06-05 00:00:00+09:00,32200.0,34500.0,32200.0,33800.0,226617,0.0,0.0
2018-06-07 00:00:00+09:00,33550.0,34700.0,33550.0,34050.0,204285,0.0,0.0
2018-06-08 00:00:00+09:00,33900.0,33900.0,32500.0,32750.0,164824,0.0,0.0
2018-06-11 00:00:00+09:00,32450.0,34100.0,32450.0,34100.0,160516,0.0,0.0
2018-06-12 00:00:00+09:00,33800.0,34800.0,33800.0,34400.0,242386,0.0,0.0
2018-06-14 00:00:00+09:00,34400.0,35000.0,33350.0,33700.0,325794,0.0,0.0
2018-06-15 00:00:00+09:00,33400.0,33450.0,30950.0,31200.0,517260,0.0,0.0
2018-06-18 00:00:00+09:00,30750.0,30950.0,29100.0,29600.0,420456,0.0,0.0
2018-06-19 00:00:00+09:00,30000.0,30100.0,28650.0,28900.0,264064,0.0,0.0
2018-06-20 00:00:00+09:00,28800.0,30550.0,28800.0,30550.0,290979,0.0,0.0
2018-06-21 00:00:00+09:00,30500.0,30550.0,29500.0,29650.0,149010,0.0,0.0
2018-06-22 00:00:00+09:00,29600.0,29600.0,28200.0,29150.0,269044,0.0,0.0
2018-06-25 00:00:00+09:00,29050.0,29150.0,28100.0,29100.0,135714,0.0,0.0
2018-06-26 00:00:00+09:00,28450.0,30700.0,28300.0,30700.0,244344,0.0,0.0
2018-06-27 00:00:00+09:00,31000.0,31100.0,29150.0,29350.0,207581,0.0,0.0
2018-06-28 00:00:00+09:00,28850.0,29450.0,27600.0,27750.0,279853,0.0,0.0
2018-06-29 00:00:00+09:00,28200.0,28450.0,27250.0,28100.0,168432,0.0,0.0
2018-07-02 00:00:00+09:00,28200.0,28550.0,26950.0,27000.0,209632,0.0,0.0
2018-07-03 00:00:00+09:00,27800.0,28250.0,27550.0,27850.0,182695,0.0,0.0
2018-07-04 00:00:00+09:00,28200.0,28250.0,27500.0,28250.0,92304,0.0,0.0
2018-07-05 00:00:00+09:00,28300.0,28400.0,27700.0,28300.0,114914,0.0,0.0
2018-07-06 00:00:00+09:00,28450.0,28950.0,28000.0,28950.0,124041,0.0,0.0
2018-07-09 00:00:00+09:00,29000.0,29500.0,28800.0,29000.0,73242,0.0,0.0
2018-07-10 00:00:00+09:00,29500.0,29500.0,28000.0,28450.0,167976,0.0,0.0
2018-07-11 00:00:00+09:00,28200.0,29400.0,28200.0,28300.0,224089,0.0,0.0
2018-07-12 00:00:00+09:00,28500.0,28650.0,27950.0,28150.0,169467,0.0,0.0
2018-07-13 00:00:00+09:00,28300.0,28750.0,28300.0,28600.0,81883,0.0,0.0
2018-07-16 00:00:00+09:00,28850.0,28850.0,28150.0,28300.0,77861,0.0,0.0
2018-07-17 00:00:00+09:00,28300.0,29300.0,28050.0,28900.0,151809,0.0,0.0
2018-07-18 00:00:00+09:00,29050.0,29600.0,28700.0,28800.0,139811,0.0,0.0
2018-07-19 00:00:00+09:00,28900.0,29750.0,28900.0,29100.0,244141,0.0,0.0
2018-07-20 00:00:00+09:00,28850.0,29200.0,28000.0,28200.0,150100,0.0,0.0
2018-07-23 00:00:00+09:00,28400.0,28400.0,26700.0,26700.0,239092,0.0,0.0
2018-07-24 00:00:00+09:00,26600.0,27200.0,25650.0,25800.0,230068,0.0,0.0
2018-07-25 00:00:00+09:00,25800.0,26200.0,24000.0,24550.0,527197,0.0,0.0
2018-07-26 00:00:00+09:00,24950.0,25900.0,24450.0,25750.0,298617,0.0,0.0
2018-07-27 00:00:00+09:00,26000.0,29350.0,25900.0,28700.0,747545,0.0,0.0
2018-07-30 00:00:00+09:00,28750.0,29450.0,28350.0,28900.0,207854,0.0,0.0
2018-07-31 00:00:00+09:00,28700.0,29400.0,28450.0,29400.0,145292,0.0,0.0
2018-08-01 00:00:00+09:00,29400.0,29400.0,28400.0,28800.0,242000,0.0,0.0
2018-08-02 00:00:00+09:00,28500.0,28700.0,27550.0,27550.0,225658,0.0,0.0
2018-08-03 00:00:00+09:00,27750.0,29600.0,27750.0,28700.0,473044,0.0,0.0
2018-08-06 00:00:00+09:00,29100.0,29100.0,27650.0,27800.0,174958,0.0,0.0
2018-08-07 00:00:00+09:00,27800.0,28550.0,27700.0,27950.0,131625,0.0,0.0
2018-08-08 00:00:00+09:00,27950.0,29600.0,27850.0,28500.0,378910,0.0,0.0
2018-08-09 00:00:00+09:00,29150.0,29550.0,28050.0,28100.0,278346,0.0,0.0
2018-08-10 00:00:00+09:00,28150.0,28300.0,26500.0,27100.0,387736,0.0,0.0
2018-08-13 00:00:00+09:00,26650.0,26650.0,25200.0,25300.0,305097,0.0,0.0
2018-08-14 00:00:00+09:00,25050.0,26400.0,25050.0,25900.0,173704,0.0,0.0
2018-08-16 00:00:00+09:00,25300.0,26300.0,24700.0,26200.0,223164,0.0,0.0
2018-08-17 00:00:00+09:00,26300.0,26350.0,25050.0,25250.0,269013,0.0,0.0
2018-08-20 00:00:00+09:00,25400.0,25550.0,24250.0,24550.0,244398,0.0,0.0
2018-08-21 00:00:00+09:00,24550.0,25800.0,24500.0,25450.0,216978,0.0,0.0
2018-08-22 00:00:00+09:00,25650.0,25800.0,25200.0,25350.0,128535,0.0,0.0
2018-08-23 00:00:00+09:00,25500.0,25500.0,24600.0,25000.0,261993,0.0,0.0
2018-08-24 00:00:00+09:00,25000.0,25000.0,24450.0,24650.0,248310,0.0,0.0
2018-08-27 00:00:00+09:00,24750.0,25450.0,24500.0,25350.0,261822,0.0,0.0
2018-08-28 00:00:00+09:00,25900.0,25900.0,25100.0,25100.0,177414,0.0,0.0
2018-08-29 00:00:00+09:00,25300.0,27400.0,25100.0,26350.0,911028,0.0,0.0
2018-08-30 00:00:00+09:00,26750.0,27050.0,25750.0,25850.0,257374,0.0,0.0
2018-08-31 00:00:00+09:00,25850.0,27250.0,25400.0,26700.0,422415,0.0,0.0
2018-09-03 00:00:00+09:00,26700.0,26800.0,26250.0,26700.0,191717,0.0,0.0
2018-09-04 00:00:00+09:00,26800.0,27200.0,26700.0,27000.0,200311,0.0,0.0
2018-09-05 00:00:00+09:00,27300.0,27500.0,26750.0,26800.0,261344,0.0,0.0
2018-09-06 00:00:00+09:00,26750.0,26800.0,26150.0,26300.0,147918,0.0,0.0
2018-09-07 00:00:00+09:00,25700.0,25750.0,24500.0,24900.0,533640,0.0,0.0
2018-09-10 00:00:00+09:00,24900.0,25000.0,24500.0,24600.0,256341,0.0,0.0
2018-09-11 00:00:00+09:00,24900.0,25000.0,24550.0,24850.0,226939,0.0,0.0
2018-09-12 00:00:00+09:00,25000.0,25000.0,24050.0,24200.0,314665,0.0,0.0
2018-09-13 00:00:00+09:00,24050.0,24050.0,23400.0,23450.0,438295,0.0,0.0
2018-09-14 00:00:00+09:00,23950.0,24250.0,23500.0,24250.0,291630,0.0,0.0
2018-09-17 00:00:00+09:00,24250.0,24350.0,23950.0,24100.0,148578,0.0,0.0
2018-09-18 00:00:00+09:00,23900.0,24350.0,23650.0,24100.0,134474,0.0,0.0
2018-09-19 00:00:00+09:00,24450.0,24450.0,23900.0,24000.0,183024,0.0,0.0
2018-09-20 00:00:00+09:00,24150.0,24200.0,22950.0,23150.0,488517,0.0,0.0
2018-09-21 00:00:00+09:00,23200.0,23300.0,22050.0,22200.0,551518,0.0,0.0
2018-09-27 00:00:00+09:00,22400.0,23250.0,22350.0,22950.0,354198,0.0,0.0
2018-09-28 00:00:00+09:00,23000.0,23200.0,22300.0,22400.0,200646,0.0,0.0
2018-10-01 00:00:00+09:00,22350.0,22500.0,21800.0,21800.0,279675,0.0,0.0
2018-10-02 00:00:00+09:00,22000.0,22200.0,21500.0,21550.0,253164,0.0,0.0
2018-10-04 00:00:00+09:00,21700.0,21900.0,20950.0,21000.0,196251,0.0,0.0
2018-10-05 00:00:00+09:00,20750.0,21250.0,20550.0,20700.0,187936,0.0,0.0
2018-10-08 00:00:00+09:00,20400.0,21150.0,19850.0,19850.0,296538,0.0,0.0
2018-10-10 00:00:00+09:00,19850.0,20050.0,19400.0,19800.0,303276,0.0,0.0
2018-10-11 00:00:00+09:00,19250.0,19850.0,18550.0,18600.0,434475,0.0,0.0
2018-10-12 00:00:00+09:00,18400.0,19350.0,18400.0,19050.0,245224,0.0,0.0
2018-10-15 00:00:00+09:00,19150.0,19200.0,18400.0,18500.0,213629,0.0,0.0
2018-10-16 00:00:00+09:00,18600.0,19450.0,18600.0,19100.0,267911,0.0,0.0
2018-10-17 00:00:00+09:00,19650.0,20200.0,19350.0,19800.0,295229,0.0,0.0
2018-10-18 00:00:00+09:00,19900.0,19900.0,18600.0,18800.0,269951,0.0,0.0
2018-10-19 00:00:00+09:00,18550.0,19550.0,18450.0,19550.0,231372,0.0,0.0
2018-10-22 00:00:00+09:00,19550.0,19550.0,18800.0,19350.0,148644,0.0,0.0
2018-10-23 00:00:00+09:00,19400.0,19600.0,18350.0,18550.0,202861,0.0,0.0
2018-10-24 00:00:00+09:00,18900.0,19200.0,18400.0,18550.0,247470,0.0,0.0
2018-10-25 00:00:00+09:00,18000.0,18550.0,17850.0,18350.0,193633,0.0,0.0
2018-10-26 00:00:00+09:00,18550.0,18550.0,17650.0,18050.0,217933,0.0,0.0
2018-10-29 00:00:00+09:00,18050.0,18900.0,17650.0,17750.0,328455,0.0,0.0
2018-10-30 00:00:00+09:00,17900.0,20050.0,17900.0,19600.0,1134925,0.0,0.0
2018-10-31 00:00:00+09:00,19600.0,19600.0,18850.0,19000.0,491361,0.0,0.0
2018-11-01 00:00:00+09:00,19000.0,19050.0,17800.0,17900.0,600104,0.0,0.0
2018-11-02 00:00:00+09:00,18250.0,19100.0,18100.0,19100.0,624541,0.0,0.0
2018-11-05 00:00:00+09:00,18950.0,19100.0,18450.0,18900.0,335534,0.0,0.0
2018-11-06 00:00:00+09:00,19050.0,19500.0,18900.0,19450.0,425267,0.0,0.0
2018-11-07 00:00:00+09:00,19650.0,19650.0,18300.0,18450.0,459617,0.0,0.0
2018-11-08 00:00:00+09:00,18800.0,19250.0,18600.0,18750.0,354452,0.0,0.0
2018-11-09 00:00:00+09:00,18800.0,19800.0,18800.0,19550.0,465318,0.0,0.0
2018-11-12 00:00:00+09:00,19450.0,20300.0,19300.0,20000.0,604692,0.0,0.0
2018-11-13 00:00:00+09:00,19700.0,20050.0,19100.0,19850.0,372010,0.0,0.0
2018-11-14 00:00:00+09:00,20200.0,20450.0,19450.0,19500.0,313224,0.0,0.0
2018-11-15 00:00:00+09:00,19400.0,20050.0,19350.0,20050.0,241347,0.0,0.0
2018-11-16 00:00:00+09:00,20100.0,20300.0,19400.0,19700.0,293051,0.0,0.0
2018-11-19 00:00:00+09:00,19550.0,19700.0,19250.0,19600.0,357355,0.0,0.0
2018-11-20 00:00:00+09:00,19300.0,19950.0,19200.0,19400.0,465740,0.0,0.0
2018-11-21 00:00:00+09:00,19250.0,20900.0,19200.0,20850.0,851462,0.0,0.0
2018-11-22 00:00:00+09:00,20900.0,20900.0,20050.0,20100.0,503613,0.0,0.0
2018-11-23 00:00:00+09:00,20200.0,20250.0,19800.0,20000.0,378815,0.0,0.0
2018-11-26 00:00:00+09:00,19800.0,20500.0,19800.0,20200.0,456247,0.0,0.0
2018-11-27 00:00:00+09:00,20300.0,21400.0,20000.0,21400.0,605224,0.0,0.0
2018-11-28 00:00:00+09:00,21450.0,22650.0,21300.0,21900.0,977429,0.0,0.0
2018-11-29 00:00:00+09:00,22300.0,22650.0,22100.0,22150.0,394752,0.0,0.0
2018-11-30 00:00:00+09:00,22150.0,22300.0,21550.0,21850.0,294747,0.0,0.0
2018-12-03 00:00:00+09:00,22100.0,22500.0,22100.0,22450.0,218155,0.0,0.0
2018-12-04 00:00:00+09:00,22450.0,22550.0,21500.0,21500.0,279834,0.0,0.0
2018-12-05 00:00:00+09:00,21150.0,22400.0,20750.0,22200.0,370418,0.0,0.0
2018-12-06 00:00:00+09:00,21850.0,22050.0,20200.0,20250.0,607658,0.0,0.0
2018-12-07 00:00:00+09:00,20600.0,20850.0,20150.0,20500.0,276828,0.0,0.0
2018-12-10 00:00:00+09:00,20000.0,20100.0,19250.0,19350.0,431457,0.0,0.0
2018-12-11 00:00:00+09:00,19550.0,19750.0,19400.0,19400.0,189352,0.0,0.0
2018-12-12 00:00:00+09:00,19600.0,20450.0,19600.0,20400.0,283629,0.0,0.0
2018-12-13 00:00:00+09:00,20450.0,21200.0,20150.0,20800.0,423499,0.0,0.0
2018-12-14 00:00:00+09:00,21000.0,21000.0,19600.0,19850.0,404258,0.0,0.0
2018-12-17 00:00:00+09:00,19700.0,20200.0,19600.0,19950.0,148389,0.0,0.0
2018-12-18 00:00:00+09:00,19550.0,19950.0,19550.0,19900.0,106354,0.0,0.0
2018-12-19 00:00:00+09:00,19950.0,20550.0,19750.0,20350.0,196720,0.0,0.0
2018-12-20 00:00:00+09:00,19950.0,20200.0,19600.0,19800.0,174938,0.0,0.0
2018-12-21 00:00:00+09:00,19650.0,20200.0,19650.0,20200.0,125599,0.0,0.0
2018-12-24 00:00:00+09:00,20200.0,20350.0,19700.0,20300.0,143749,0.0,0.0
2018-12-26 00:00:00+09:00,19800.0,20200.0,19300.0,19600.0,249942,0.0,0.0
2018-12-27 00:00:00+09:00,20000.0,20150.0,19600.0,19700.0,135592,0.0,0.0
2018-12-28 00:00:00+09:00,19900.0,20200.0,19650.0,20100.0,162328,0.0,0.0
2019-01-02 00:00:00+09:00,20050.0,20050.0,19350.0,19450.0,186707,0.0,0.0
2019-01-03 00:00:00+09:00,19400.0,19700.0,18000.0,18050.0,310373,0.0,0.0
2019-01-04 00:00:00+09:00,17850.0,18000.0,16100.0,16800.0,987860,0.0,0.0
2019-01-07 00:00:00+09:00,17050.0,17300.0,16800.0,16900.0,374403,0.0,0.0
2019-01-08 00:00:00+09:00,16950.0,17550.0,16800.0,17200.0,373712,0.0,0.0
2019-01-09 00:00:00+09:00,17300.0,18650.0,17200.0,18400.0,472270,0.0,0.0
2019-01-10 00:00:00+09:00,18450.0,18900.0,18000.0,18400.0,262387,0.0,0.0
2019-01-11 00:00:00+09:00,18550.0,19300.0,18400.0,18600.0,292214,0.0,0.0
2019-01-14 00:00:00+09:00,18600.0,18750.0,17450.0,17550.0,450134,0.0,0.0
2019-01-15 00:00:00+09:00,17700.0,18050.0,17550.0,17800.0,371344,0.0,0.0
2019-01-16 00:00:00+09:00,17950.0,18100.0,17700.0,17850.0,244543,0.0,0.0
2019-01-17 00:00:00+09:00,18000.0,18450.0,17850.0,17900.0,271127,0.0,0.0
2019-01-18 00:00:00+09:00,18050.0,18500.0,17950.0,18500.0,241172,0.0,0.0
2019-01-21 00:00:00+09:00,18700.0,20250.0,18650.0,20100.0,922902,0.0,0.0
2019-01-22 00:00:00+09:00,20000.0,20000.0,19450.0,19850.0,385538,0.0,0.0
2019-01-23 00:00:00+09:00,19400.0,19700.0,19050.0,19250.0,348279,0.0,0.0
2019-01-24 00:00:00+09:00,19250.0,19900.0,19150.0,19650.0,338134,0.0,0.0
2019-01-25 00:00:00+09:00,19900.0,20450.0,19850.0,20100.0,550078,0.0,0.0
2019-01-28 00:00:00+09:00,20250.0,21550.0,19700.0,21300.0,817282,0.0,0.0
2019-01-29 00:00:00+09:00,21000.0,22150.0,20700.0,21700.0,920034,0.0,0.0
2019-01-30 00:00:00+09:00,21600.0,23200.0,21350.0,22800.0,756071,0.0,0.0
2019-01-31 00:00:00+09:00,22800.0,23300.0,22200.0,22900.0,459695,0.0,0.0
2019-02-01 00:00:00+09:00,22700.0,24000.0,22600.0,23050.0,642770,0.0,0.0
2019-02-07 00:00:00+09:00,23350.0,24950.0,23150.0,24750.0,602834,0.0,0.0
2019-02-08 00:00:00+09:00,24750.0,24750.0,23750.0,24100.0,347950,0.0,0.0
2019-02-11 00:00:00+09:00,23750.0,23900.0,22850.0,23400.0,582038,0.0,0.0
2019-02-12 00:00:00+09:00,23450.0,24600.0,23300.0,24050.0,450402,0.0,0.0
2019-02-13 00:00:00+09:00,24200.0,25000.0,24000.0,24100.0,404972,0.0,0.0
2019-02-14 00:00:00+09:00,24150.0,25200.0,23550.0,25150.0,513549,0.0,0.0
2019-02-15 00:00:00+09:00,25150.0,25150.0,22900.0,23250.0,866034,0.0,0.0
2019-02-18 00:00:00+09:00,23200.0,24100.0,23000.0,23350.0,515969,0.0,0.0
2019-02-19 00:00:00+09:00,23450.0,24000.0,23250.0,23650.0,507573,0.0,0.0
2019-02-20 00:00:00+09:00,23350.0,24250.0,22700.0,23900.0,777642,0.0,0.0
2019-02-21 00:00:00+09:00,24200.0,24650.0,23500.0,24050.0,541349,0.0,0.0
2019-02-22 00:00:00+09:00,24000.0,24450.0,23650.0,23850.0,359641,0.0,0.0
2019-02-25 00:00:00+09:00,24000.0,25450.0,24000.0,24900.0,944799,0.0,0.0
2019-02-26 00:00:00+09:00,24950.0,25150.0,24100.0,24250.0,363340,0.0,0.0
2019-02-27 00:00:00+09:00,24300.0,24400.0,23900.0,24050.0,169181,0.0,0.0
2019-02-28 00:00:00+09:00,24250.0,24250.0,23050.0,23050.0,476721,0.0,0.0
2019-03-04 00:00:00+09:00,23250.0,23500.0,22850.0,23050.0,259700,0.0,0.0
2019-03-05 00:00:00+09:00,22700.0,22850.0,21800.0,22100.0,540476,0.0,0.0
2019-03-06 00:00:00+09:00,22250.0,22900.0,21900.0,22350.0,455726,0.0,0.0
2019-03-07 00:00:00+09:00,22200.0,22600.0,21500.0,21750.0,411463,0.0,0.0
2019-03-08 00:00:00+09:00,21450.0,22250.0,21450.0,21900.0,311964,0.0,0.0
2019-03-11 00:00:00+09:00,22050.0,23400.0,21900.0,23400.0,438187,0.0,0.0
2019-03-12 00:00:00+09:00,23350.0,24000.0,23200.0,23700.0,506462,0.0,0.0
2019-03-13 00:00:00+09:00,24000.0,24950.0,23800.0,24850.0,618928,0.0,0.0
2019-03-14 00:00:00+09:00,24750.0,27050.0,24600.0,26050.0,1562262,0.0,0.0
2019-03-15 00:00:00+09:00,25900.0,26200.0,25450.0,26050.0,466469,0.0,0.0
2019-03-18 00:00:00+09:00,26250.0,26300.0,25550.0,25900.0,306452,0.0,0.0
2019-03-19 00:00:00+09:00,25900.0,25900.0,24500.0,24600.0,554114,0.0,0.0
2019-03-20 00:00:00+09:00,24700.0,25450.0,24450.0,25200.0,354649,0.0,0.0
2019-03-21 00:00:00+09:00,25600.0,26950.0,25400.0,25700.0,926452,0.0,0.0
2019-03-22 00:00:00+09:00,26400.0,26750.0,25600.0,25950.0,388584,0.0,0.0
2019-03-25 00:00:00+09:00,25450.0,25600.0,23850.0,23900.0,664206,0.0,0.0
2019-03-26 00:00:00+09:00,23950.0,24400.0,23350.0,24050.0,409983,0.0,0.0
2019-03-27 00:00:00+09:00,24150.0,24200.0,23350.0,23750.0,217056,0.0,0.0
2019-03-28 00:00:00+09:00,23650.0,24100.0,22900.0,22900.0,402938,0.0,0.0
2019-03-29 00:00:00+09:00,23250.0,23600.0,22900.0,23400.0,423136,0.0,0.0
2019-04-01 00:00:00+09:00,23500.0,24750.0,23500.0,24500.0,395494,0.0,0.0
2019-04-02 00:00:00+09:00,24900.0,24900.0,24300.0,24350.0,266135,0.0,0.0
2019-04-03 00:00:00+09:00,24350.0,25300.0,24250.0,25300.0,377759,0.0,0.0
2019-04-04 00:00:00+09:00,25300.0,26500.0,25050.0,25800.0,736280,0.0,0.0
2019-04-05 00:00:00+09:00,25800.0,25950.0,25100.0,25900.0,275089,0.0,0.0
2019-04-08 00:00:00+09:00,26150.0,26150.0,25050.0,25100.0,206950,0.0,0.0
2019-04-09 00:00:00+09:00,25100.0,25550.0,24900.0,25400.0,279251,0.0,0.0
2019-04-10 00:00:00+09:00,25150.0,25200.0,24650.0,24900.0,394274,0.0,0.0
2019-04-11 00:00:00+09:00,25000.0,25350.0,25000.0,25200.0,226318,0.0,0.0
2019-04-12 00:00:00+09:00,25050.0,25400.0,24800.0,25050.0,205623,0.0,0.0
2019-04-15 00:00:00+09:00,25050.0,25700.0,25000.0,25400.0,237872,0.0,0.0
2019-04-16 00:00:00+09:00,25550.0,25550.0,25000.0,25000.0,173452,0.0,0.0
2019-04-17 00:00:00+09:00,25200.0,27150.0,25200.0,26850.0,1139047,0.0,0.0
2019-04-18 00:00:00+09:00,27150.0,28200.0,26650.0,27050.0,1237318,0.0,0.0
2019-04-19 00:00:00+09:00,27100.0,27950.0,26650.0,27600.0,486277,0.0,0.0
2019-04-22 00:00:00+09:00,27450.0,27650.0,26650.0,27000.0,281262,0.0,0.0
2019-04-23 00:00:00+09:00,27150.0,27850.0,27050.0,27100.0,303791,0.0,0.0
2019-04-24 00:00:00+09:00,27350.0,27550.0,26450.0,26700.0,269871,0.0,0.0
2019-04-25 00:00:00+09:00,27250.0,28200.0,27100.0,27300.0,545681,0.0,0.0
2019-04-26 00:00:00+09:00,27000.0,27400.0,26200.0,26250.0,417145,0.0,0.0
2019-04-29 00:00:00+09:00,26450.0,27450.0,26400.0,27450.0,261589,0.0,0.0
2019-04-30 00:00:00+09:00,27600.0,28050.0,26850.0,27950.0,427744,0.0,0.0
2019-05-02 00:00:00+09:00,28250.0,28300.0,27400.0,27550.0,395464,0.0,0.0
2019-05-03 00:00:00+09:00,27550.0,28000.0,27400.0,27500.0,321815,0.0,0.0
2019-05-07 00:00:00+09:00,27400.0,27850.0,27000.0,27250.0,329175,0.0,0.0
2019-05-08 00:00:00+09:00,26700.0,26850.0,25750.0,26000.0,821494,0.0,0.0
2019-05-09 00:00:00+09:00,26050.0,26400.0,25350.0,25550.0,401985,0.0,0.0
2019-05-10 00:00:00+09:00,25500.0,25750.0,24700.0,25400.0,354953,0.0,0.0
2019-05-13 00:00:00+09:00,25250.0,25400.0,24000.0,24250.0,383616,0.0,0.0
2019-05-14 00:00:00+09:00,23700.0,25000.0,23550.0,24500.0,442881,0.0,0.0
2019-05-15 00:00:00+09:00,24850.0,25000.0,24300.0,24650.0,335342,0.0,0.0
2019-05-16 00:00:00+09:00,25000.0,25150.0,23650.0,24100.0,323365,0.0,0.0
2019-05-17 00:00:00+09:00,24200.0,25100.0,24000.0,24200.0,243527,0.0,0.0
2019-05-20 00:00:00+09:00,24200.0,24550.0,23050.0,23050.0,325940,0.0,0.0
2019-05-21 00:00:00+09:00,22950.0,24000.0,22950.0,23400.0,248707,0.0,0.0
2019-05-22 00:00:00+09:00,23650.0,23750.0,22900.0,23050.0,259163,0.0,0.0
2019-05-23 00:00:00+09:00,23200.0,23300.0,21700.0,21800.0,683773,0.0,0.0
2019-05-24 00:00:00+09:00,21600.0,21950.0,21350.0,21450.0,268664,0.0,0.0
2019-05-27 00:00:00+09:00,21500.0,21800.0,20850.0,21750.0,273500,0.0,0.0
2019-05-28 00:00:00+09:00,21750.0,22400.0,21600.0,22250.0,315556,0.0,0.0
2019-05-29 00:00:00+09:00,22250.0,22250.0,21550.0,21900.0,291061,0.0,0.0
2019-05-30 00:00:00+09:00,22050.0,22500.0,21800.0,22200.0,333494,0.0,0.0
2019-05-31 00:00:00+09:00,22350.0,22500.0,22100.0,22100.0,259416,0.0,0.0
2019-06-03 00:00:00+09:00,21800.0,22900.0,21650.0,22900.0,259079,0.0,0.0
2019-06-04 00:00:00+09:00,22900.0,23200.0,22450.0,22900.0,284275,0.0,0.0
2019-06-05 00:00:00+09:00,23600.0,24350.0,23450.0,23500.0,588155,0.0,0.0
2019-06-07 00:00:00+09:00,23500.0,23650.0,22800.0,22950.0,443326,0.0,0.0
2019-06-10 00:00:00+09:00,23050.0,23500.0,22900.0,23400.0,283976,0.0,0.0
2019-06-11 00:00:00+09:00,23650.0,24500.0,23650.0,24400.0,383605,0.0,0.0
2019-06-12 00:00:00+09:00,24400.0,24600.0,23800.0,23850.0,227345,0.0,0.0
2019-06-13 00:00:00+09:00,23650.0,23750.0,22650.0,23000.0,708058,0.0,0.0
2019-06-14 00:00:00+09:00,23000.0,23250.0,22750.0,22900.0,304793,0.0,0.0
2019-06-17 00:00:00+09:00,22900.0,22900.0,22400.0,22500.0,315269,0.0,0.0
2019-06-18 00:00:00+09:00,22650.0,23050.0,22600.0,22900.0,230667,0.0,0.0
2019-06-19 00:00:00+09:00,23650.0,23950.0,23000.0,23200.0,488134,0.0,0.0
2019-06-20 00:00:00+09:00,23400.0,23950.0,23050.0,23900.0,254842,0.0,0.0
2019-06-21 00:00:00+09:00,24000.0,24150.0,23150.0,23650.0,343327,0.0,0.0
2019-06-24 00:00:00+09:00,23850.0,24250.0,23400.0,23550.0,326957,0.0,0.0
2019-06-25 00:00:00+09:00,23450.0,23600.0,23050.0,23100.0,190270,0.0,0.0
2019-06-26 00:00:00+09:00,23150.0,23650.0,23000.0,23300.0,220623,0.0,0.0
2019-06-27 00:00:00+09:00,23600.0,24450.0,23350.0,24300.0,586823,0.0,0.0
2019-06-28 00:00:00+09:00,24550.0,24600.0,23550.0,23950.0,362520,0.0,0.0
2019-07-01 00:00:00+09:00,24150.0,24350.0,23700.0,24300.0,247725,0.0,0.0
2019-07-02 00:00:00+09:00,24300.0,24300.0,23700.0,24150.0,161183,0.0,0.0
2019-07-03 00:00:00+09:00,24300.0,24550.0,23850.0,24250.0,242796,0.0,0.0
2019-07-04 00:00:00+09:00,24600.0,25500.0,24000.0,24850.0,644771,0.0,0.0
2019-07-05 00:00:00+09:00,24850.0,24950.0,23950.0,24450.0,207450,0.0,0.0
2019-07-08 00:00:00+09:00,24200.0,24200.0,22550.0,22550.0,424897,0.0,0.0
2019-07-09 00:00:00+09:00,22600.0,23350.0,22500.0,22800.0,272551,0.0,0.0
2019-07-10 00:00:00+09:00,23100.0,23800.0,23100.0,23700.0,252210,0.0,0.0
2019-07-11 00:00:00+09:00,24100.0,24700.0,23750.0,24300.0,325656,0.0,0.0
2019-07-12 00:00:00+09:00,24650.0,24700.0,24150.0,24650.0,255999,0.0,0.0
2019-07-15 00:00:00+09:00,24700.0,24700.0,23850.0,24400.0,259070,0.0,0.0
2019-07-16 00:00:00+09:00,24650.0,24850.0,24300.0,24500.0,214900,0.0,0.0
2019-07-17 00:00:00+09:00,24500.0,24500.0,23450.0,23700.0,254121,0.0,0.0
2019-07-18 00:00:00+09:00,24950.0,25600.0,24600.0,24700.0,982642,0.0,0.0
2019-07-19 00:00:00+09:00,24850.0,24900.0,24100.0,24850.0,254201,0.0,0.0
2019-07-22 00:00:00+09:00,25100.0,26100.0,24600.0,26050.0,610990,0.0,0.0
2019-07-23 00:00:00+09:00,26250.0,26450.0,25300.0,25500.0,409730,0.0,0.0
2019-07-24 00:00:00+09:00,25450.0,26100.0,25200.0,25350.0,406610,0.0,0.0
2019-07-25 00:00:00+09:00,25400.0,25600.0,24250.0,25000.0,313871,0.0,0.0
2019-07-26 00:00:00+09:00,24800.0,24950.0,23800.0,24400.0,371548,0.0,0.0
2019-07-29 00:00:00+09:00,24250.0,24300.0,23100.0,23200.0,274075,0.0,0.0
2019-07-30 00:00:00+09:00,23600.0,24150.0,23400.0,24050.0,185774,0.0,0.0
2019-07-31 00:00:00+09:00,24100.0,25200.0,23550.0,24850.0,419225,0.0,0.0
2019-08-01 00:00:00+09:00,24500.0,24650.0,23650.0,23650.0,268968,0.0,0.0
2019-08-02 00:00:00+09:00,23400.0,24450.0,23000.0,23900.0,321943,0.0,0.0
2019-08-05 00:00:00+09:00,24950.0,24950.0,23100.0,23150.0,420252,0.0,0.0
2019-08-06 00:00:00+09:00,23150.0,23300.0,21050.0,21750.0,607979,0.0,0.0
2019-08-07 00:00:00+09:00,21800.0,23000.0,21800.0,22950.0,408678,0.0,0.0
2019-08-08 00:00:00+09:00,23250.0,23750.0,23050.0,23350.0,197857,0.0,0.0
2019-08-09 00:00:00+09:00,23400.0,23700.0,23100.0,23400.0,226942,0.0,0.0
2019-08-12 00:00:00+09:00,23400.0,23600.0,23050.0,23450.0,164435,0.0,0.0
2019-08-13 00:00:00+09:00,23100.0,23450.0,23050.0,23050.0,198539,0.0,0.0
2019-08-14 00:00:00+09:00,23650.0,24600.0,23450.0,23850.0,348332,0.0,0.0
2019-08-16 00:00:00+09:00,23850.0,24400.0,23450.0,24400.0,258928,0.0,0.0
2019-08-19 00:00:00+09:00,24800.0,24800.0,23750.0,23900.0,247208,0.0,0.0
2019-08-20 00:00:00+09:00,24200.0,24450.0,23750.0,24350.0,162465,0.0,0.0
2019-08-21 00:00:00+09:00,24200.0,24550.0,24150.0,24500.0,167562,0.0,0.0
2019-08-22 00:00:00+09:00,24850.0,24850.0,23850.0,24100.0,222581,0.0,0.0
2019-08-23 00:00:00+09:00,23850.0,24350.0,23750.0,24250.0,126657,0.0,0.0
2019-08-26 00:00:00+09:00,23300.0,23600.0,22500.0,22650.0,379908,0.0,0.0
2019-08-27 00:00:00+09:00,23400.0,24050.0,23200.0,23200.0,418970,0.0,0.0
2019-08-28 00:00:00+09:00,23200.0,23500.0,22950.0,23500.0,238442,0.0,0.0
2019-08-29 00:00:00+09:00,23450.0,23700.0,22300.0,22600.0,431983,0.0,0.0
2019-08-30 00:00:00+09:00,23200.0,23650.0,22950.0,23500.0,261707,0.0,0.0
2019-09-02 00:00:00+09:00,23650.0,24200.0,23300.0,24200.0,206076,0.0,0.0
2019-09-03 00:00:00+09:00,24000.0,24300.0,23850.0,23900.0,122782,0.0,0.0
2019-09-04 00:00:00+09:00,24700.0,25750.0,24300.0,25700.0,642610,0.0,0.0
2019-09-05 00:00:00+09:00,26100.0,27400.0,26000.0,26850.0,847967,0.0,0.0
2019-09-06 00:00:00+09:00,27150.0,27650.0,26850.0,27350.0,441671,0.0,0.0
2019-09-09 00:00:00+09:00,27800.0,27950.0,26950.0,27050.0,287753,0.0,0.0
2019-09-10 00:00:00+09:00,27100.0,27850.0,27050.0,27400.0,212960,0.0,0.0
2019-09-11 00:00:00+09:00,27400.0,27500.0,26150.0,26600.0,419268,0.0,0.0
2019-09-16 00:00:00+09:00,27000.0,27000.0,26350.0,26750.0,248516,0.0,0.0
2019-09-17 00:00:00+09:00,26700.0,26750.0,26200.0,26350.0,170501,0.0,0.0
2019-09-18 00:00:00+09:00,26300.0,27400.0,26300.0,27250.0,276284,0.0,0.0
2019-09-19 00:00:00+09:00,27150.0,28200.0,27000.0,27700.0,366875,0.0,0.0
2019-09-20 00:00:00+09:00,28050.0,28200.0,27650.0,28200.0,274242,0.0,0.0
2019-09-23 00:00:00+09:00,27950.0,28550.0,27850.0,28050.0,178517,0.0,0.0
2019-09-24 00:00:00+09:00,28400.0,29400.0,27550.0,27600.0,543400,0.0,0.0
2019-09-25 00:00:00+09:00,27500.0,29100.0,27400.0,28550.0,506421,0.0,0.0
2019-09-26 00:00:00+09:00,28950.0,29250.0,28200.0,28550.0,227556,0.0,0.0
2019-09-27 00:00:00+09:00,28550.0,28750.0,27950.0,28500.0,274587,0.0,0.0
2019-09-30 00:00:00+09:00,28200.0,28900.0,28050.0,28900.0,237429,0.0,0.0
2019-10-01 00:00:00+09:00,29250.0,29350.0,28550.0,29250.0,240182,0.0,0.0
2019-10-02 00:00:00+09:00,28850.0,29250.0,28600.0,28800.0,203026,0.0,0.0
2019-10-04 00:00:00+09:00,28500.0,29150.0,28450.0,28750.0,175379,0.0,0.0
2019-10-07 00:00:00+09:00,29100.0,29500.0,28700.0,29200.0,340470,0.0,0.0
2019-10-08 00:00:00+09:00,29250.0,29850.0,28800.0,29850.0,365548,0.0,0.0
2019-10-10 00:00:00+09:00,29500.0,29650.0,28750.0,29150.0,585360,0.0,0.0
2019-10-11 00:00:00+09:00,29600.0,29700.0,29050.0,29200.0,159865,0.0,0.0
2019-10-14 00:00:00+09:00,29450.0,30350.0,29200.0,29750.0,326398,0.0,0.0
2019-10-15 00:00:00+09:00,29900.0,31250.0,29700.0,31100.0,595994,0.0,0.0
2019-10-16 00:00:00+09:00,31500.0,31550.0,30750.0,31250.0,277338,0.0,0.0
2019-10-17 00:00:00+09:00,31250.0,31650.0,31050.0,31400.0,326515,0.0,0.0
2019-10-18 00:00:00+09:00,31500.0,31650.0,30550.0,30950.0,327090,0.0,0.0
2019-10-21 00:00:00+09:00,30950.0,31850.0,30600.0,31550.0,293025,0.0,0.0
2019-10-22 00:00:00+09:00,31750.0,32250.0,31250.0,32200.0,397543,0.0,0.0
2019-10-23 00:00:00+09:00,32100.0,32600.0,31550.0,32400.0,329470,0.0,0.0
2019-10-24 00:00:00+09:00,32100.0,32300.0,30900.0,32000.0,571843,0.0,0.0
2019-10-25 00:00:00+09:00,32500.0,33300.0,31950.0,32800.0,432084,0.0,0.0
2019-10-28 00:00:00+09:00,33250.0,34250.0,33100.0,33700.0,573050,0.0,0.0
2019-10-29 00:00:00+09:00,34000.0,34600.0,32900.0,33100.0,509563,0.0,0.0
2019-10-30 00:00:00+09:00,33300.0,33700.0,32150.0,32950.0,520576,0.0,0.0
2019-10-31 00:00:00+09:00,33500.0,35000.0,33100.0,33150.0,611407,0.0,0.0
2019-11-01 00:00:00+09:00,33050.0,33550.0,32300.0,32550.0,270149,0.0,0.0
2019-11-04 00:00:00+09:00,32950.0,34200.0,32850.0,33950.0,402127,0.0,0.0
2019-11-05 00:00:00+09:00,34100.0,34100.0,33000.0,33150.0,253800,0.0,0.0
2019-11-06 00:00:00+09:00,31450.0,32700.0,30250.0,32200.0,1108955,0.0,0.0
2019-11-07 00:00:00+09:00,32150.0,32800.0,31500.0,32450.0,257853,0.0,0.0
2019-11-08 00:00:00+09:00,32500.0,33000.0,30850.0,30900.0,418841,0.0,0.0
2019-11-11 00:00:00+09:00,31100.0,31650.0,30850.0,31450.0,214291,0.0,0.0
2019-11-12 00:00:00+09:00,31650.0,31800.0,31000.0,31600.0,187000,0.0,0.0
2019-11-13 00:00:00+09:00,31600.0,31750.0,30900.0,31100.0,202647,0.0,0.0
2019-11-14 00:00:00+09:00,31600.0,32600.0,31500.0,32600.0,277515,0.0,0.0
2019-11-15 00:00:00+09:00,32350.0,33650.0,32250.0,32900.0,372309,0.0,0.0
2019-11-18 00:00:00+09:00,33250.0,33300.0,32300.0,32550.0,157458,0.0,0.0
2019-11-19 00:00:00+09:00,32600.0,32850.0,31650.0,32600.0,181129,0.0,0.0
2019-11-20 00:00:00+09:00,32600.0,32600.0,30700.0,30800.0,451020,0.0,0.0
2019-11-21 00:00:00+09:00,31050.0,31350.0,30300.0,30700.0,305037,0.0,0.0
2019-11-22 00:00:00+09:00,31000.0,31450.0,30550.0,30850.0,265760,0.0,0.0
2019-11-25 00:00:00+09:00,31150.0,31200.0,30400.0,31000.0,173703,0.0,0.0
2019-11-26 00:00:00+09:00,31350.0,31500.0,30700.0,30700.0,251423,0.0,0.0
2019-11-27 00:00:00+09:00,30900.0,30950.0,30050.0,30250.0,196475,0.0,0.0
2019-11-28 00:00:00+09:00,30300.0,31300.0,30150.0,30300.0,224109,0.0,0.0
2019-11-29 00:00:00+09:00,30600.0,30650.0,30150.0,30500.0,161610,0.0,0.0
2019-12-02 00:00:00+09:00,30700.0,31100.0,30600.0,30700.0,185255,0.0,0.0
2019-12-03 00:00:00+09:00,30700.0,30900.0,30400.0,30650.0,188594,0.0,0.0
2019-12-04 00:00:00+09:00,30400.0,30700.0,29800.0,30500.0,224484,0.0,0.0
2019-12-05 00:00:00+09:00,30600.0,31100.0,30300.0,30350.0,179836,0.0,0.0
2019-12-06 00:00:00+09:00,30650.0,31000.0,30400.0,30700.0,116487,0.0,0.0
2019-12-09 00:00:00+09:00,30750.0,32150.0,30750.0,31750.0,363435,0.0,0.0
2019-12-10 00:00:00+09:00,31300.0,31850.0,31150.0,31400.0,240519,0.0,0.0
2019-12-11 00:00:00+09:00,31350.0,31700.0,31150.0,31450.0,127693,0.0,0.0
2019-12-12 00:00:00+09:00,31900.0,33750.0,31800.0,33600.0,824323,0.0,0.0
2019-12-13 00:00:00+09:00,34250.0,35250.0,33900.0,34700.0,742120,0.0,0.0
2019-12-16 00:00:00+09:00,34800.0,35300.0,34400.0,35000.0,285901,0.0,0.0
2019-12-17 00:00:00+09:00,35250.0,35700.0,34600.0,35700.0,415487,0.0,0.0
2019-12-18 00:00:00+09:00,35750.0,35950.0,34800.0,35000.0,343391,0.0,0.0
2019-12-19 00:00:00+09:00,35350.0,35600.0,34200.0,34650.0,417827,0.0,0.0
2019-12-20 00:00:00+09:00,34950.0,34950.0,33500.0,33900.0,575061,0.0,0.0
2019-12-23 00:00:00+09:00,33950.0,34000.0,33100.0,33350.0,305063,0.0,0.0
2019-12-24 00:00:00+09:00,33650.0,33900.0,33050.0,33200.0,327709,0.0,0.0
2019-12-26 00:00:00+09:00,33250.0,35550.0,33250.0,35550.0,625953,0.0,0.0
2019-12-27 00:00:00+09:00,36000.0,37100.0,35400.0,36250.0,679051,0.0,0.0
2019-12-30 00:00:00+09:00,36150.0,36200.0,35300.0,35850.0,350192,0.0,0.0
2020-01-02 00:00:00+09:00,36550.0,36650.0,35550.0,35600.0,444322,0.0,0.0
2020-01-03 00:00:00+09:00,36200.0,36550.0,34700.0,34800.0,631354,0.0,0.0
2020-01-06 00:00:00+09:00,34200.0,35250.0,34100.0,34800.0,374485,0.0,0.0
2020-01-07 00:00:00+09:00,35150.0,35550.0,34850.0,34950.0,227877,0.0,0.0
2020-01-08 00:00:00+09:00,34950.0,36050.0,34900.0,35100.0,676789,0.0,0.0
2020-01-09 00:00:00+09:00,36050.0,36150.0,35350.0,35900.0,445422,0.0,0.0
2020-01-10 00:00:00+09:00,36250.0,36250.0,34950.0,35700.0,362040,0.0,0.0
2020-01-13 00:00:00+09:00,35700.0,35700.0,34800.0,35450.0,455740,0.0,0.0
2020-01-14 00:00:00+09:00,35750.0,36850.0,35650.0,35850.0,518699,0.0,0.0
2020-01-15 00:00:00+09:00,35850.0,36400.0,35250.0,36250.0,281342,0.0,0.0
2020-01-16 00:00:00+09:00,36550.0,37900.0,36200.0,37900.0,789552,0.0,0.0
2020-01-17 00:00:00+09:00,38200.0,38550.0,37400.0,37500.0,393679,0.0,0.0
2020-01-20 00:00:00+09:00,37700.0,38350.0,37050.0,37450.0,329999,0.0,0.0
2020-01-21 00:00:00+09:00,37450.0,37650.0,36500.0,36950.0,323654,0.0,0.0
2020-01-22 00:00:00+09:00,36700.0,38150.0,36600.0,38150.0,315106,0.0,0.0
2020-01-23 00:00:00+09:00,38050.0,38050.0,37250.0,37300.0,246079,0.0,0.0
2020-01-28 00:00:00+09:00,35100.0,36300.0,35100.0,35900.0,414896,0.0,0.0
2020-01-29 00:00:00+09:00,36500.0,36650.0,35750.0,35850.0,219050,0.0,0.0
2020-01-30 00:00:00+09:00,35600.0,36150.0,34400.0,34850.0,434806,0.0,0.0
2020-01-31 00:00:00+09:00,35000.0,35600.0,34100.0,34350.0,309514,0.0,0.0
2020-02-03 00:00:00+09:00,33950.0,35400.0,33300.0,34850.0,341467,0.0,0.0
2020-02-04 00:00:00+09:00,35100.0,35400.0,34800.0,35400.0,240710,0.0,0.0
2020-02-05 00:00:00+09:00,36100.0,37050.0,35250.0,35850.0,416070,0.0,0.0
2020-02-06 00:00:00+09:00,36300.0,36650.0,35350.0,36050.0,314559,0.0,0.0
2020-02-07 00:00:00+09:00,35900.0,35950.0,34550.0,34900.0,378102,0.0,0.0
2020-02-10 00:00:00+09:00,34500.0,34700.0,33950.0,34700.0,303785,0.0,0.0
2020-02-11 00:00:00+09:00,34950.0,35050.0,34550.0,34850.0,306560,0.0,0.0
2020-02-12 00:00:00+09:00,34700.0,36000.0,34600.0,35850.0,390408,0.0,0.0
2020-02-13 00:00:00+09:00,36150.0,36400.0,35250.0,35550.0,385108,0.0,0.0
2020-02-14 00:00:00+09:00,35750.0,36950.0,35650.0,36800.0,512198,0.0,0.0
2020-02-17 00:00:00+09:00,36750.0,36750.0,36050.0,36650.0,228162,0.0,0.0
2020-02-18 00:00:00+09:00,36650.0,36650.0,35100.0,35300.0,453446,0.0,0.0
2020-02-19 00:00:00+09:00,35450.0,35850.0,34750.0,35700.0,289488,0.0,0.0
2020-02-20 00:00:00+09:00,35900.0,36450.0,35300.0,35650.0,296689,0.0,0.0
2020-02-21 00:00:00+09:00,35900.0,36250.0,34750.0,34800.0,357736,0.0,0.0
2020-02-24 00:00:00+09:00,33650.0,34100.0,32950.0,33350.0,360836,0.0,0.0
2020-02-25 00:00:00+09:00,33650.0,35550.0,33300.0,35400.0,476053,0.0,0.0
2020-02-26 00:00:00+09:00,34400.0,34850.0,33250.0,34400.0,495277,0.0,0.0
2020-02-27 00:00:00+09:00,34100.0,34650.0,32700.0,32900.0,470327,0.0,0.0
2020-02-28 00:00:00+09:00,31400.0,32200.0,30450.0,31150.0,694136,0.0,0.0
2020-03-02 00:00:00+09:00,31350.0,33550.0,31350.0,33550.0,595406,0.0,0.0
2020-03-03 00:00:00+09:00,34700.0,34750.0,32600.0,32700.0,578594,0.0,0.0
2020-03-04 00:00:00+09:00,32400.0,33950.0,32100.0,33800.0,522311,0.0,0.0
2020-03-05 00:00:00+09:00,34300.0,34300.0,33650.0,34000.0,301805,0.0,0.0
2020-03-06 00:00:00+09:00,33750.0,33750.0,32650.0,33000.0,299709,0.0,0.0
2020-03-09 00:00:00+09:00,31900.0,32400.0,31050.0,31300.0,291093,0.0,0.0
2020-03-10 00:00:00+09:00,31000.0,32300.0,30900.0,31950.0,343843,0.0,0.0
2020-03-11 00:00:00+09:00,32500.0,32500.0,30650.0,30650.0,365641,0.0,0.0
2020-03-12 00:00:00+09:00,30000.0,30450.0,27300.0,28300.0,1235217,0.0,0.0
2020-03-13 00:00:00+09:00,26900.0,27600.0,24000.0,26500.0,994212,0.0,0.0
2020-03-16 00:00:00+09:00,27500.0,28350.0,25850.0,25850.0,684274,0.0,0.0
2020-03-17 00:00:00+09:00,24800.0,26950.0,24500.0,26400.0,694473,0.0,0.0
2020-03-18 00:00:00+09:00,26750.0,27000.0,24300.0,24300.0,558810,0.0,0.0
2020-03-19 00:00:00+09:00,25500.0,25950.0,19800.0,20200.0,1152199,0.0,0.0
2020-03-20 00:00:00+09:00,21100.0,22000.0,20200.0,21650.0,1147435,0.0,0.0
2020-03-23 00:00:00+09:00,19950.0,20450.0,19300.0,19650.0,1106007,0.0,0.0
2020-03-24 00:00:00+09:00,21000.0,23500.0,20250.0,23200.0,1064002,0.0,0.0
2020-03-25 00:00:00+09:00,24100.0,25100.0,23250.0,24350.0,1020875,0.0,0.0
2020-03-26 00:00:00+09:00,24800.0,25650.0,24000.0,24550.0,866324,0.0,0.0
2020-03-27 00:00:00+09:00,26050.0,26100.0,24050.0,24900.0,726275,0.0,0.0
2020-03-30 00:00:00+09:00,24000.0,25100.0,23500.0,25100.0,509835,0.0,0.0
2020-03-31 00:00:00+09:00,25600.0,25850.0,24350.0,24950.0,544362,0.0,0.0
2020-04-01 00:00:00+09:00,24500.0,25700.0,23700.0,23700.0,564684,0.0,0.0
2020-04-02 00:00:00+09:00,23900.0,24500.0,23500.0,24500.0,342159,0.0,0.0
2020-04-03 00:00:00+09:00,24600.0,25000.0,23950.0,24250.0,355193,0.0,0.0
2020-04-06 00:00:00+09:00,24850.0,26750.0,24550.0,26650.0,999446,0.0,0.0
2020-04-07 00:00:00+09:00,27700.0,28450.0,27100.0,28200.0,968978,0.0,0.0
2020-04-08 00:00:00+09:00,28200.0,28500.0,27500.0,27750.0,475623,0.0,0.0
2020-04-09 00:00:00+09:00,28300.0,28400.0,27500.0,27650.0,382221,0.0,0.0
2020-04-10 00:00:00+09:00,27650.0,27750.0,26700.0,27200.0,434465,0.0,0.0
2020-04-13 00:00:00+09:00,26950.0,26950.0,25900.0,25900.0,440273,0.0,0.0
2020-04-14 00:00:00+09:00,26300.0,27100.0,26100.0,26850.0,384804,0.0,0.0
2020-04-16 00:00:00+09:00,26600.0,27350.0,26350.0,27350.0,531150,0.0,0.0
2020-04-17 00:00:00+09:00,28050.0,28950.0,27800.0,28400.0,825280,0.0,0.0
2020-04-20 00:00:00+09:00,28600.0,28800.0,28050.0,28550.0,505406,0.0,0.0
2020-04-21 00:00:00+09:00,28250.0,28700.0,27400.0,28700.0,568565,0.0,0.0
2020-04-22 00:00:00+09:00,28100.0,28650.0,27600.0,28600.0,340501,0.0,0.0
2020-04-23 00:00:00+09:00,29150.0,29150.0,27700.0,28350.0,414603,0.0,0.0
2020-04-24 00:00:00+09:00,28100.0,28150.0,27300.0,27400.0,290189,0.0,0.0
2020-04-27 00:00:00+09:00,27950.0,27950.0,27400.0,27650.0,187579,0.0,0.0
2020-04-28 00:00:00+09:00,27650.0,27900.0,27000.0,27300.0,310407,0.0,0.0
2020-04-29 00:00:00+09:00,27500.0,28400.0,27400.0,27850.0,457493,0.0,0.0
2020-05-04 00:00:00+09:00,27350.0,28650.0,27250.0,28100.0,348182,0.0,0.0
2020-05-06 00:00:00+09:00,28700.0,30750.0,28350.0,30750.0,1056035,0.0,0.0
2020-05-07 00:00:00+09:00,31050.0,31500.0,30300.0,31500.0,818667,0.0,0.0
2020-05-08 00:00:00+09:00,32300.0,33350.0,31750.0,32300.0,954956,0.0,0.0
2020-05-11 00:00:00+09:00,32600.0,32950.0,31650.0,32050.0,571489,0.0,0.0
2020-05-12 00:00:00+09:00,32250.0,33500.0,31950.0,33150.0,604406,0.0,0.0
2020-05-13 00:00:00+09:00,32600.0,33100.0,32200.0,32650.0,371995,0.0,0.0
2020-05-14 00:00:00+09:00,32200.0,32500.0,31600.0,32250.0,361022,0.0,0.0
2020-05-15 00:00:00+09:00,32400.0,33200.0,32200.0,32700.0,514978,0.0,0.0
2020-05-18 00:00:00+09:00,32950.0,33000.0,31750.0,32800.0,371369,0.0,0.0
2020-05-19 00:00:00+09:00,33700.0,34300.0,32900.0,34200.0,589601,0.0,0.0
2020-05-20 00:00:00+09:00,34350.0,35400.0,33850.0,34950.0,584727,0.0,0.0
2020-05-21 00:00:00+09:00,35350.0,35800.0,34300.0,34300.0,687438,0.0,0.0
2020-05-22 00:00:00+09:00,35200.0,35750.0,34100.0,34300.0,718063,0.0,0.0
2020-05-25 00:00:00+09:00,35000.0,35500.0,34550.0,35050.0,494425,0.0,0.0
2020-05-26 00:00:00+09:00,35550.0,35550.0,34400.0,34700.0,448410,0.0,0.0
2020-05-27 00:00:00+09:00,34500.0,34500.0,33000.0,33000.0,687965,0.0,0.0
2020-05-28 00:00:00+09:00,33450.0,33550.0,31400.0,32250.0,612775,0.0,0.0
2020-05-29 00:00:00+09:00,32000.0,33300.0,32000.0,32500.0,439121,0.0,0.0
2020-06-01 00:00:00+09:00,32950.0,34500.0,32750.0,34400.0,539618,0.0,0.0
2020-06-02 00:00:00+09:00,34700.0,34900.0,33750.0,34200.0,370889,0.0,0.0
2020-06-03 00:00:00+09:00,34500.0,34700.0,33600.0,34200.0,488264,0.0,0.0
2020-06-04 00:00:00+09:00,34550.0,34800.0,33750.0,34000.0,377768,0.0,0.0
2020-06-05 00:00:00+09:00,34550.0,34550.0,33800.0,34300.0,270534,0.0,0.0
2020-06-08 00:00:00+09:00,34700.0,34700.0,33700.0,34100.0,311484,0.0,0.0
2020-06-09 00:00:00+09:00,34150.0,34450.0,33700.0,33850.0,249129,0.0,0.0
2020-06-10 00:00:00+09:00,34100.0,35200.0,33950.0,35000.0,745579,0.0,0.0
2020-06-11 00:00:00+09:00,34850.0,34850.0,33800.0,34350.0,502055,0.0,0.0
2020-06-12 00:00:00+09:00,31850.0,33350.0,31850.0,33000.0,498337,0.0,0.0
2020-06-15 00:00:00+09:00,33000.0,33100.0,30300.0,30300.0,479997,0.0,0.0
2020-06-16 00:00:00+09:00,31850.0,33950.0,31600.0,33700.0,537797,0.0,0.0
2020-06-17 00:00:00+09:00,33500.0,34250.0,33050.0,33800.0,390818,0.0,0.0
2020-06-18 00:00:00+09:00,33350.0,34050.0,33150.0,33450.0,225994,0.0,0.0
2020-06-19 00:00:00+09:00,33600.0,33650.0,32600.0,33100.0,261976,0.0,0.0
2020-06-22 00:00:00+09:00,32550.0,34200.0,32550.0,33750.0,363982,0.0,0.0
2020-06-23 00:00:00+09:00,33950.0,34750.0,33400.0,33750.0,438322,0.0,0.0
2020-06-24 00:00:00+09:00,33950.0,35450.0,33850.0,35150.0,1080128,0.0,0.0
2020-06-25 00:00:00+09:00,34550.0,35000.0,34200.0,34550.0,571175,0.0,0.0
2020-06-26 00:00:00+09:00,35000.0,36950.0,34550.0,36250.0,1603923,0.0,0.0
2020-06-29 00:00:00+09:00,35750.0,36050.0,34500.0,34800.0,697622,0.0,0.0
2020-06-30 00:00:00+09:00,35450.0,36200.0,35000.0,35650.0,728749,0.0,0.0
2020-07-01 00:00:00+09:00,36100.0,36650.0,34600.0,34650.0,542288,0.0,0.0
2020-07-02 00:00:00+09:00,34800.0,34800.0,33700.0,34250.0,453397,0.0,0.0
2020-07-03 00:00:00+09:00,34650.0,34850.0,34300.0,34650.0,251502,0.0,0.0
2020-07-06 00:00:00+09:00,34600.0,35450.0,34400.0,35050.0,273825,0.0,0.0
2020-07-07 00:00:00+09:00,35500.0,36400.0,34700.0,34800.0,461210,0.0,0.0
2020-07-08 00:00:00+09:00,34650.0,35050.0,34100.0,34300.0,381530,0.0,0.0
2020-07-09 00:00:00+09:00,34600.0,35000.0,34300.0,34500.0,366421,0.0,0.0
2020-07-10 00:00:00+09:00,34800.0,35900.0,34300.0,34800.0,663803,0.0,0.0
2020-07-13 00:00:00+09:00,35050.0,35150.0,34100.0,34750.0,353935,0.0,0.0
2020-07-14 00:00:00+09:00,34400.0,34650.0,33550.0,33650.0,519681,0.0,0.0
2020-07-15 00:00:00+09:00,33900.0,34100.0,33450.0,33700.0,344605,0.0,0.0
2020-07-16 00:00:00+09:00,33850.0,34000.0,32800.0,33050.0,433526,0.0,0.0
2020-07-17 00:00:00+09:00,32900.0,33700.0,32900.0,33300.0,211698,0.0,0.0
2020-07-20 00:00:00+09:00,33600.0,33750.0,33150.0,33300.0,160858,0.0,0.0
2020-07-21 00:00:00+09:00,33700.0,34150.0,33500.0,33800.0,277291,0.0,0.0
2020-07-22 00:00:00+09:00,33800.0,33800.0,33350.0,33550.0,180872,0.0,0.0
2020-07-23 00:00:00+09:00,33550.0,34600.0,33400.0,34450.0,524993,0.0,0.0
2020-07-24 00:00:00+09:00,34600.0,34750.0,33600.0,33850.0,366907,0.0,0.0
2020-07-27 00:00:00+09:00,34200.0,34750.0,33900.0,34650.0,455041,0.0,0.0
2020-07-28 00:00:00+09:00,35300.0,37900.0,35100.0,37700.0,3080838,0.0,0.0
2020-07-29 00:00:00+09:00,37650.0,38300.0,36950.0,38200.0,1389095,0.0,0.0
2020-07-30 00:00:00+09:00,38800.0,40000.0,38400.0,38400.0,1364349,0.0,0.0
2020-07-31 00:00:00+09:00,38800.0,38950.0,37650.0,38250.0,624848,0.0,0.0
2020-08-03 00:00:00+09:00,38700.0,38800.0,37200.0,38000.0,567417,0.0,0.0
2020-08-04 00:00:00+09:00,38100.0,39600.0,37650.0,38150.0,772169,0.0,0.0
2020-08-05 00:00:00+09:00,38800.0,38800.0,38200.0,38550.0,426116,0.0,0.0
2020-08-06 00:00:00+09:00,39200.0,39400.0,37000.0,37700.0,1202327,0.0,0.0
2020-08-07 00:00:00+09:00,37950.0,37950.0,36200.0,36700.0,858825,0.0,0.0
2020-08-10 00:00:00+09:00,36700.0,36800.0,36100.0,36300.0,513233,0.0,0.0
2020-08-11 00:00:00+09:00,37200.0,38300.0,36900.0,37250.0,815677,0.0,0.0
2020-08-12 00:00:00+09:00,36850.0,36900.0,35750.0,36400.0,537899,0.0,0.0
2020-08-13 00:00:00+09:00,37750.0,38300.0,37000.0,37000.0,847194,0.0,0.0
2020-08-14 00:00:00+09:00,37500.0,37700.0,36400.0,36700.0,466670,0.0,0.0
2020-08-18 00:00:00+09:00,37100.0,37100.0,34200.0,34650.0,532283,0.0,0.0
2020-08-19 00:00:00+09:00,34850.0,35700.0,34650.0,35600.0,365368,0.0,0.0
2020-08-20 00:00:00+09:00,35250.0,35350.0,33000.0,33250.0,638268,0.0,0.0
2020-08-21 00:00:00+09:00,33700.0,34200.0,32750.0,33550.0,343868,0.0,0.0
2020-08-24 00:00:00+09:00,32700.0,33150.0,32100.0,32950.0,809172,0.0,0.0
2020-08-25 00:00:00+09:00,33150.0,33200.0,32350.0,33050.0,673355,0.0,0.0
2020-08-26 00:00:00+09:00,33150.0,33200.0,32350.0,32600.0,368308,0.0,0.0
2020-08-27 00:00:00+09:00,32900.0,32900.0,31900.0,31950.0,436620,0.0,0.0
2020-08-28 00:00:00+09:00,31950.0,32600.0,31700.0,32200.0,354133,0.0,0.0
2020-08-31 00:00:00+09:00,32850.0,32900.0,31900.0,32000.0,292453,0.0,0.0
2020-09-01 00:00:00+09:00,32900.0,34350.0,32750.0,33800.0,949590,0.0,0.0
2020-09-02 00:00:00+09:00,34050.0,34150.0,33300.0,33800.0,484519,0.0,0.0
2020-09-03 00:00:00+09:00,34750.0,35150.0,33750.0,34000.0,810229,0.0,0.0
2020-09-04 00:00:00+09:00,32100.0,33200.0,32000.0,33100.0,466812,0.0,0.0
2020-09-07 00:00:00+09:00,33500.0,33800.0,32900.0,33450.0,359372,0.0,0.0
2020-09-08 00:00:00+09:00,34050.0,34300.0,33450.0,33900.0,363372,0.0,0.0
2020-09-09 00:00:00+09:00,33100.0,34200.0,32850.0,33950.0,331485,0.0,0.0
2020-09-10 00:00:00+09:00,34550.0,34550.0,33800.0,34100.0,417572,0.0,0.0
2020-09-11 00:00:00+09:00,33950.0,34100.0,33150.0,33900.0,322811,0.0,0.0
2020-09-14 00:00:00+09:00,33950.0,34600.0,33850.0,34300.0,323847,0.0,0.0
2020-09-15 00:00:00+09:00,34900.0,35500.0,34300.0,35200.0,646538,0.0,0.0
2020-09-16 00:00:00+09:00,35500.0,35550.0,33950.0,34000.0,513925,0.0,0.0
2020-09-17 00:00:00+09:00,33900.0,34250.0,33200.0,33300.0,336580,0.0,0.0
2020-09-18 00:00:00+09:00,33450.0,33750.0,33100.0,33350.0,277906,0.0,0.0
2020-09-21 00:00:00+09:00,33550.0,34600.0,33300.0,33600.0,466566,0.0,0.0
2020-09-22 00:00:00+09:00,33550.0,33600.0,32350.0,32600.0,360747,0.0,0.0
2020-09-23 00:00:00+09:00,33000.0,33450.0,32000.0,33300.0,307264,0.0,0.0
2020-09-24 00:00:00+09:00,32700.0,33150.0,32150.0,32300.0,310224,0.0,0.0
2020-09-25 00:00:00+09:00,32600.0,32800.0,32000.0,32300.0,134871,0.0,0.0
2020-09-28 00:00:00+09:00,32900.0,33500.0,32500.0,33450.0,193053,0.0,0.0
2020-09-29 00:00:00+09:00,34100.0,34100.0,33100.0,33350.0,284919,0.0,0.0
2020-10-05 00:00:00+09:00,33100.0,33850.0,33050.0,33800.0,156202,0.0,0.0
2020-10-06 00:00:00+09:00,34250.0,34250.0,33150.0,33550.0,312668,0.0,0.0
2020-10-07 00:00:00+09:00,33050.0,33350.0,32850.0,33350.0,212568,0.0,0.0
2020-10-08 00:00:00+09:00,33700.0,33700.0,32950.0,33000.0,251519,0.0,0.0
2020-10-12 00:00:00+09:00,33150.0,33450.0,33000.0,33200.0,205589,0.0,0.0
2020-10-13 00:00:00+09:00,33400.0,33650.0,33050.0,33200.0,271009,0.0,0.0
2020-10-14 00:00:00+09:00,33150.0,33300.0,32250.0,32300.0,294125,0.0,0.0
2020-10-15 00:00:00+09:00,32050.0,32300.0,31000.0,31450.0,423507,0.0,0.0
2020-10-16 00:00:00+09:00,31350.0,31700.0,30250.0,30600.0,468322,0.0,0.0
2020-10-19 00:00:00+09:00,31050.0,31400.0,30700.0,30850.0,433465,0.0,0.0
2020-10-20 00:00:00+09:00,30450.0,31150.0,30200.0,31150.0,211923,0.0,0.0
2020-10-21 00:00:00+09:00,31000.0,31900.0,30850.0,31850.0,215478,0.0,0.0
2020-10-22 00:00:00+09:00,31650.0,32200.0,31400.0,31900.0,181054,0.0,0.0
2020-10-23 00:00:00+09:00,32000.0,32100.0,30950.0,31350.0,171125,0.0,0.0
2020-10-26 00:00:00+09:00,31350.0,31350.0,29850.0,29950.0,365411,0.0,0.0
2020-10-27 00:00:00+09:00,29450.0,30250.0,29300.0,29950.0,297904,0.0,0.0
2020-10-28 00:00:00+09:00,29600.0,30750.0,29550.0,30750.0,204600,0.0,0.0
2020-10-29 00:00:00+09:00,30500.0,33000.0,30250.0,32800.0,754256,0.0,0.0
2020-10-30 00:00:00+09:00,32900.0,33350.0,31650.0,32050.0,610896,0.0,0.0
2020-11-02 00:00:00+09:00,32150.0,32600.0,31550.0,31950.0,205917,0.0,0.0
2020-11-03 00:00:00+09:00,32050.0,33100.0,32050.0,32850.0,394190,0.0,0.0
2020-11-04 00:00:00+09:00,33350.0,35050.0,32550.0,34800.0,1251993,0.0,0.0
2020-11-05 00:00:00+09:00,35400.0,35750.0,34250.0,35100.0,1181611,0.0,0.0
2020-11-06 00:00:00+09:00,35200.0,36100.0,34250.0,34400.0,994633,0.0,0.0
2020-11-09 00:00:00+09:00,34600.0,34750.0,33900.0,34050.0,521878,0.0,0.0
2020-11-10 00:00:00+09:00,34150.0,34150.0,33350.0,33750.0,474160,0.0,0.0
2020-11-11 00:00:00+09:00,33500.0,34300.0,33500.0,34000.0,400643,0.0,0.0
2020-11-12 00:00:00+09:00,34100.0,34650.0,33300.0,33300.0,423909,0.0,0.0
2020-11-13 00:00:00+09:00,33400.0,34450.0,32900.0,34400.0,527426,0.0,0.0
2020-11-16 00:00:00+09:00,35100.0,36950.0,34900.0,36650.0,2031222,0.0,0.0
2020-11-17 00:00:00+09:00,36500.0,36800.0,35700.0,36500.0,868258,0.0,0.0
2020-11-18 00:00:00+09:00,36600.0,37050.0,36400.0,36550.0,481452,0.0,0.0
2020-11-19 00:00:00+09:00,36550.0,39300.0,36100.0,38850.0,2151119,0.0,0.0
2020-11-20 00:00:00+09:00,38750.0,39350.0,38050.0,38900.0,834266,0.0,0.0
2020-11-23 00:00:00+09:00,38550.0,39550.0,38000.0,39200.0,594945,0.0,0.0
2020-11-24 00:00:00+09:00,39750.0,39750.0,38300.0,38700.0,668621,0.0,0.0
2020-11-25 00:00:00+09:00,38950.0,39200.0,36750.0,37500.0,1016448,0.0,0.0
2020-11-26 00:00:00+09:00,37700.0,38050.0,36950.0,37850.0,431237,0.0,0.0
2020-11-27 00:00:00+09:00,37900.0,40150.0,37550.0,38850.0,1114640,0.0,0.0
2020-11-30 00:00:00+09:00,39200.0,39850.0,38600.0,39850.0,730583,0.0,0.0
2020-12-01 00:00:00+09:00,40000.0,41300.0,38750.0,39100.0,1075996,0.0,0.0
2020-12-02 00:00:00+09:00,39200.0,41750.0,39150.0,41300.0,1583857,0.0,0.0
2020-12-03 00:00:00+09:00,42250.0,43200.0,41500.0,41750.0,1189998,0.0,0.0
2020-12-04 00:00:00+09:00,42050.0,44700.0,41650.0,44100.0,1467901,0.0,0.0
2020-12-07 00:00:00+09:00,44100.0,44150.0,41550.0,43350.0,1058864,0.0,0.0
2020-12-08 00:00:00+09:00,43150.0,44400.0,42350.0,43300.0,648273,0.0,0.0
2020-12-09 00:00:00+09:00,43500.0,44200.0,42550.0,44000.0,710514,0.0,0.0
2020-12-10 00:00:00+09:00,43300.0,43400.0,42800.0,43250.0,652942,0.0,0.0
2020-12-11 00:00:00+09:00,43150.0,43450.0,42750.0,43350.0,395424,0.0,0.0
2020-12-14 00:00:00+09:00,43150.0,43550.0,42500.0,42800.0,333346,0.0,0.0
2020-12-15 00:00:00+09:00,43050.0,45350.0,43000.0,44200.0,932642,0.0,0.0
2020-12-16 00:00:00+09:00,44300.0,44600.0,43000.0,44200.0,642227,0.0,0.0
2020-12-17 00:00:00+09:00,43950.0,45750.0,43750.0,45250.0,634680,0.0,0.0
2020-12-18 00:00:00+09:00,45400.0,45450.0,43700.0,43750.0,685144,0.0,0.0
2020-12-21 00:00:00+09:00,43750.0,43750.0,42350.0,42700.0,564270,0.0,0.0
2020-12-22 00:00:00+09:00,42450.0,42850.0,41850.0,41900.0,465230,0.0,0.0
2020-12-23 00:00:00+09:00,41950.0,43200.0,40850.0,42600.0,578701,0.0,0.0
2020-12-24 00:00:00+09:00,42800.0,43750.0,42250.0,43100.0,478564,0.0,0.0
2020-12-28 00:00:00+09:00,43800.0,44200.0,42850.0,44000.0,562095,0.0,0.0
2020-12-29 00:00:00+09:00,44000.0,44450.0,42700.0,43350.0,632342,0.0,0.0
2020-12-30 00:00:00+09:00,43200.0,44500.0,42800.0,44250.0,578541,0.0,0.0
2021-01-04 00:00:00+09:00,44300.0,44500.0,43300.0,44300.0,701197,0.0,0.0
2021-01-05 00:00:00+09:00,45200.0,48000.0,44500.0,45400.0,1654106,0.0,0.0
2021-01-06 00:00:00+09:00,46050.0,46400.0,44500.0,45650.0,890513,0.0,0.0
2021-01-07 00:00:00+09:00,46000.0,46300.0,45200.0,45750.0,541401,0.0,0.0
2021-01-08 00:00:00+09:00,45850.0,46100.0,44700.0,45250.0,756099,0.0,0.0
2021-01-11 00:00:00+09:00,45300.0,45800.0,43000.0,44550.0,1223491,0.0,0.0
2021-01-12 00:00:00+09:00,44350.0,45300.0,43450.0,44550.0,537748,0.0,0.0
2021-01-13 00:00:00+09:00,45100.0,45200.0,44100.0,44300.0,332264,0.0,0.0
2021-01-14 00:00:00+09:00,44400.0,44500.0,43800.0,44300.0,429244,0.0,0.0
2021-01-15 00:00:00+09:00,45300.0,47050.0,45150.0,46250.0,2219162,0.0,0.0
2021-01-18 00:00:00+09:00,45450.0,47650.0,44500.0,45300.0,1467044,0.0,0.0
2021-01-19 00:00:00+09:00,45500.0,46050.0,44700.0,45450.0,680542,0.0,0.0
2021-01-20 00:00:00+09:00,46200.0,50800.0,45600.0,49550.0,2702663,0.0,0.0
2021-01-21 00:00:00+09:00,49000.0,50200.0,48200.0,49450.0,1344139,0.0,0.0
2021-01-22 00:00:00+09:00,51600.0,55200.0,49600.0,49600.0,2989580,0.0,0.0
2021-01-25 00:00:00+09:00,51600.0,53700.0,51300.0,52800.0,1641215,0.0,0.0
2021-01-26 00:00:00+09:00,53300.0,54000.0,52200.0,53700.0,903472,0.0,0.0
2021-01-27 00:00:00+09:00,54200.0,54400.0,51500.0,52000.0,707860,0.0,0.0
2021-01-28 00:00:00+09:00,50500.0,51800.0,49800.0,50000.0,1057928,0.0,0.0
2021-01-29 00:00:00+09:00,51100.0,51400.0,47650.0,47900.0,991185,0.0,0.0
2021-02-01 00:00:00+09:00,47500.0,48900.0,46350.0,48600.0,521158,0.0,0.0
2021-02-02 00:00:00+09:00,49600.0,50600.0,48300.0,49100.0,651405,0.0,0.0
2021-02-03 00:00:00+09:00,49400.0,49550.0,48300.0,48950.0,488909,0.0,0.0
2021-02-04 00:00:00+09:00,49050.0,49050.0,47900.0,48200.0,393606,0.0,0.0
2021-02-05 00:00:00+09:00,48350.0,48800.0,47500.0,47800.0,419018,0.0,0.0
2021-02-08 00:00:00+09:00,47750.0,47800.0,46500.0,47550.0,418224,0.0,0.0
2021-02-09 00:00:00+09:00,48200.0,49300.0,47100.0,47200.0,759046,0.0,0.0
2021-02-10 00:00:00+09:00,47300.0,47550.0,46400.0,47400.0,387510,0.0,0.0
2021-02-15 00:00:00+09:00,49000.0,51900.0,48750.0,50900.0,1709287,0.0,0.0
2021-02-16 00:00:00+09:00,51800.0,53400.0,51700.0,53300.0,1216314,0.0,0.0
2021-02-17 00:00:00+09:00,53400.0,53500.0,51000.0,53300.0,843248,0.0,0.0
2021-02-18 00:00:00+09:00,52500.0,53200.0,49700.0,49800.0,854525,0.0,0.0
2021-02-19 00:00:00+09:00,50200.0,51000.0,48800.0,50300.0,655814,0.0,0.0
2021-02-22 00:00:00+09:00,50800.0,51100.0,49500.0,49650.0,494944,0.0,0.0
2021-02-23 00:00:00+09:00,48700.0,49000.0,47750.0,48300.0,634874,0.0,0.0
2021-02-24 00:00:00+09:00,48450.0,49450.0,46000.0,46000.0,838521,0.0,0.0
2021-02-25 00:00:00+09:00,47450.0,50300.0,47300.0,50100.0,1051516,0.0,0.0
2021-02-26 00:00:00+09:00,48100.0,49750.0,47900.0,49750.0,825143,0.0,0.0
2021-03-02 00:00:00+09:00,51800.0,52500.0,49850.0,50500.0,857468,0.0,0.0
2021-03-03 00:00:00+09:00,50900.0,51900.0,50500.0,51000.0,449317,0.0,0.0
2021-03-04 00:00:00+09:00,50000.0,50300.0,49450.0,49950.0,411976,0.0,0.0
2021-03-05 00:00:00+09:00,48900.0,49650.0,48100.0,49550.0,458140,0.0,0.0
2021-03-08 00:00:00+09:00,50900.0,50900.0,49150.0,49200.0,502686,0.0,0.0
2021-03-09 00:00:00+09:00,49200.0,49450.0,47100.0,47900.0,835517,0.0,0.0
2021-03-10 00:00:00+09:00,49400.0,49400.0,47700.0,47750.0,440074,0.0,0.0
2021-03-11 00:00:00+09:00,48100.0,48900.0,48000.0,48050.0,464829,0.0,0.0
2021-03-12 00:00:00+09:00,48850.0,49300.0,48450.0,48600.0,326512,0.0,0.0
2021-03-15 00:00:00+09:00,48500.0,48800.0,47850.0,48250.0,207654,0.0,0.0
2021-03-16 00:00:00+09:00,48600.0,51000.0,48500.0,51000.0,685636,0.0,0.0
2021-03-17 00:00:00+09:00,50400.0,51400.0,49800.0,51300.0,434900,0.0,0.0
2021-03-18 00:00:00+09:00,51700.0,52000.0,50700.0,50900.0,543018,0.0,0.0
2021-03-19 00:00:00+09:00,49500.0,50700.0,49400.0,50200.0,310537,0.0,0.0
2021-03-22 00:00:00+09:00,50400.0,50600.0,49550.0,50400.0,268652,0.0,0.0
2021-03-23 00:00:00+09:00,51700.0,52400.0,50600.0,50700.0,733570,0.0,0.0
2021-03-24 00:00:00+09:00,50500.0,52700.0,49650.0,52400.0,986362,0.0,0.0
2021-03-25 00:00:00+09:00,52500.0,53000.0,51400.0,52000.0,609129,0.0,0.0
2021-03-26 00:00:00+09:00,52800.0,53800.0,52000.0,52600.0,672898,0.0,0.0
2021-03-29 00:00:00+09:00,53100.0,53600.0,51600.0,51700.0,434130,0.0,0.0
2021-03-30 00:00:00+09:00,52200.0,52200.0,51000.0,51000.0,346370,0.0,0.0
2021-03-31 00:00:00+09:00,51300.0,52200.0,50600.0,51700.0,290814,0.0,0.0
2021-04-01 00:00:00+09:00,52800.0,54400.0,52000.0,54000.0,798770,0.0,0.0
2021-04-02 00:00:00+09:00,55100.0,58300.0,55000.0,56600.0,2094887,0.0,0.0
2021-04-05 00:00:00+09:00,57400.0,59300.0,56700.0,58300.0,1354682,0.0,0.0
2021-04-06 00:00:00+09:00,58700.0,59300.0,56100.0,56700.0,882334,0.0,0.0
2021-04-07 00:00:00+09:00,56300.0,57400.0,55500.0,56000.0,505388,0.0,0.0
2021-04-08 00:00:00+09:00,55700.0,56600.0,54400.0,55200.0,953487,0.0,0.0
2021-04-09 00:00:00+09:00,55600.0,56500.0,54900.0,55300.0,574525,0.0,0.0
2021-04-12 00:00:00+09:00,56000.0,57800.0,54400.0,57800.0,986768,0.0,0.0
2021-04-13 00:00:00+09:00,57300.0,57400.0,56400.0,56900.0,587932,0.0,0.0
2021-04-14 00:00:00+09:00,56500.0,57000.0,55300.0,56400.0,618696,0.0,0.0
2021-04-15 00:00:00+09:00,56300.0,56900.0,55600.0,56300.0,415087,0.0,0.0
2021-04-16 00:00:00+09:00,56800.0,56800.0,55300.0,55900.0,546076,0.0,0.0
2021-04-19 00:00:00+09:00,56300.0,58400.0,55900.0,57200.0,1126100,0.0,0.0
2021-04-20 00:00:00+09:00,56600.0,56700.0,55000.0,56100.0,962481,0.0,0.0
2021-04-21 00:00:00+09:00,55600.0,56300.0,55300.0,56300.0,379161,0.0,0.0
2021-04-22 00:00:00+09:00,56600.0,57100.0,56000.0,56400.0,418697,0.0,0.0
2021-04-23 00:00:00+09:00,55700.0,56800.0,55400.0,56500.0,307960,0.0,0.0
2021-04-26 00:00:00+09:00,56800.0,56800.0,55600.0,55900.0,402776,0.0,0.0
2021-04-27 00:00:00+09:00,56300.0,56400.0,53300.0,53600.0,968947,0.0,0.0
2021-04-28 00:00:00+09:00,53800.0,53900.0,51600.0,52100.0,729104,0.0,0.0
2021-04-29 00:00:00+09:00,52100.0,52500.0,49850.0,50400.0,966748,0.0,0.0
2021-04-30 00:00:00+09:00,50800.0,51100.0,49400.0,50800.0,542679,0.0,0.0
2021-05-03 00:00:00+09:00,50300.0,51300.0,49500.0,49550.0,582219,0.0,0.0
2021-05-04 00:00:00+09:00,49300.0,50200.0,48500.0,49750.0,498361,0.0,0.0
2021-05-06 00:00:00+09:00,50100.0,50900.0,49450.0,50800.0,470131,0.0,0.0
2021-05-07 00:00:00+09:00,51200.0,51500.0,50300.0,50500.0,345793,0.0,0.0
2021-05-10 00:00:00+09:00,50800.0,52400.0,50700.0,52200.0,488078,0.0,0.0
2021-05-11 00:00:00+09:00,51100.0,51300.0,49800.0,49950.0,746068,0.0,0.0
2021-05-12 00:00:00+09:00,50100.0,50700.0,49150.0,50300.0,418872,0.0,0.0
2021-05-13 00:00:00+09:00,48800.0,49800.0,47900.0,47900.0,664318,0.0,0.0
2021-05-14 00:00:00+09:00,48900.0,51000.0,48800.0,51000.0,959398,0.0,0.0
2021-05-17 00:00:00+09:00,51900.0,52000.0,49900.0,50400.0,405799,0.0,0.0
2021-05-18 00:00:00+09:00,50400.0,51100.0,49750.0,51100.0,305842,0.0,0.0
2021-05-20 00:00:00+09:00,51200.0,51900.0,50300.0,51200.0,366878,0.0,0.0
2021-05-21 00:00:00+09:00,52000.0,52400.0,51100.0,51800.0,588685,0.0,0.0
2021-05-24 00:00:00+09:00,52100.0,52100.0,49800.0,49950.0,401659,0.0,0.0
2021-05-25 00:00:00+09:00,50400.0,50600.0,49800.0,50100.0,302246,0.0,0.0
2021-05-26 00:00:00+09:00,50100.0,50400.0,49050.0,49100.0,421288,0.0,0.0
2021-05-27 00:00:00+09:00,49300.0,50500.0,48500.0,50200.0,428326,0.0,0.0
2021-05-28 00:00:00+09:00,50300.0,50700.0,49900.0,50300.0,214156,0.0,0.0
2021-05-31 00:00:00+09:00,50400.0,50500.0,49600.0,50400.0,229292,0.0,0.0
2021-06-01 00:00:00+09:00,50400.0,50600.0,49900.0,50400.0,203088,0.0,0.0
2021-06-02 00:00:00+09:00,50500.0,50700.0,49900.0,50400.0,285962,0.0,0.0
2021-06-03 00:00:00+09:00,50600.0,52000.0,50200.0,51900.0,863937,0.0,0.0
2021-06-04 00:00:00+09:00,51500.0,51500.0,50300.0,50600.0,439156,0.0,0.0
2021-06-07 00:00:00+09:00,51400.0,51500.0,50100.0,50400.0,450042,0.0,0.0
2021-06-08 00:00:00+09:00,50400.0,50600.0,49800.0,49800.0,324750,0.0,0.0
2021-06-09 00:00:00+09:00,49850.0,49850.0,48500.0,48550.0,644375,0.0,0.0
2021-06-10 00:00:00+09:00,48650.0,49200.0,48250.0,48700.0,381568,0.0,0.0
2021-06-11 00:00:00+09:00,49150.0,49300.0,48800.0,49150.0,204099,0.0,0.0
2021-06-14 00:00:00+09:00,49200.0,49400.0,48750.0,49150.0,152986,0.0,0.0
2021-06-15 00:00:00+09:00,49400.0,49450.0,48800.0,48850.0,206733,0.0,0.0
2021-06-16 00:00:00+09:00,48850.0,49500.0,48850.0,48950.0,180952,0.0,0.0
2021-06-17 00:00:00+09:00,49000.0,50000.0,48600.0,49500.0,291376,0.0,0.0
2021-06-18 00:00:00+09:00,49900.0,50000.0,49500.0,49500.0,237955,0.0,0.0
2021-06-21 00:00:00+09:00,49050.0,49050.0,48450.0,48500.0,302919,0.0,0.0
2021-06-22 00:00:00+09:00,48900.0,48950.0,48500.0,48500.0,172245,0.0,0.0
2021-06-23 00:00:00+09:00,48650.0,48800.0,48400.0,48400.0,220521,0.0,0.0
2021-06-24 00:00:00+09:00,48800.0,49250.0,48450.0,48450.0,280959,0.0,0.0
2021-06-25 00:00:00+09:00,48950.0,50200.0,48700.0,48950.0,409185,0.0,0.0
2021-06-28 00:00:00+09:00,49150.0,49200.0,48600.0,49000.0,208244,0.0,0.0
2021-06-29 00:00:00+09:00,49700.0,49900.0,48950.0,49050.0,241629,0.0,0.0
2021-06-30 00:00:00+09:00,49300.0,49750.0,49150.0,49600.0,237125,0.0,0.0
2021-07-01 00:00:00+09:00,49750.0,49800.0,48800.0,49100.0,185396,0.0,0.0
2021-07-02 00:00:00+09:00,49100.0,49100.0,48850.0,48900.0,191415,0.0,0.0
2021-07-05 00:00:00+09:00,48900.0,49000.0,48550.0,48750.0,268523,0.0,0.0
2021-07-06 00:00:00+09:00,48900.0,49700.0,48800.0,49100.0,247646,0.0,0.0
2021-07-07 00:00:00+09:00,49300.0,49450.0,48400.0,48650.0,375577,0.0,0.0
2021-07-08 00:00:00+09:00,48700.0,49100.0,47600.0,47900.0,408841,0.0,0.0
2021-07-09 00:00:00+09:00,47400.0,47600.0,46500.0,47000.0,451633,0.0,0.0
2021-07-12 00:00:00+09:00,47050.0,47350.0,46900.0,46900.0,228033,0.0,0.0
2021-07-13 00:00:00+09:00,47050.0,47850.0,47000.0,47400.0,247701,0.0,0.0
2021-07-14 00:00:00+09:00,47100.0,47200.0,46550.0,46600.0,332330,0.0,0.0
2021-07-15 00:00:00+09:00,46650.0,48550.0,46600.0,48400.0,485039,0.0,0.0
2021-07-16 00:00:00+09:00,48000.0,48300.0,47600.0,47600.0,223790,0.0,0.0
2021-07-19 00:00:00+09:00,47250.0,47250.0,46700.0,46900.0,195810,0.0,0.0
2021-07-20 00:00:00+09:00,46200.0,47250.0,46200.0,46650.0,239767,0.0,0.0
2021-07-21 00:00:00+09:00,47200.0,47200.0,46500.0,47050.0,249974,0.0,0.0
2021-07-22 00:00:00+09:00,47650.0,49300.0,47400.0,48700.0,935314,0.0,0.0
2021-07-23 00:00:00+09:00,48750.0,49200.0,48000.0,48200.0,248091,0.0,0.0
2021-07-26 00:00:00+09:00,48500.0,48500.0,47250.0,47450.0,214620,0.0,0.0
2021-07-27 00:00:00+09:00,47650.0,48300.0,47450.0,47800.0,171156,0.0,0.0
2021-07-28 00:00:00+09:00,47100.0,47800.0,46600.0,46850.0,384595,0.0,0.0
2021-07-29 00:00:00+09:00,47000.0,47100.0,46550.0,46800.0,171206,0.0,0.0
2021-07-30 00:00:00+09:00,46650.0,46750.0,46150.0,46350.0,242701,0.0,0.0
2021-08-02 00:00:00+09:00,46300.0,46950.0,46300.0,46550.0,153068,0.0,0.0
2021-08-03 00:00:00+09:00,46700.0,48450.0,46600.0,48400.0,630772,0.0,0.0
2021-08-04 00:00:00+09:00,48900.0,49250.0,47850.0,48500.0,375264,0.0,0.0
2021-08-05 00:00:00+09:00,48950.0,49400.0,48500.0,48750.0,386449,0.0,0.0
2021-08-06 00:00:00+09:00,48700.0,49950.0,48350.0,48800.0,602815,0.0,0.0
2021-08-09 00:00:00+09:00,49100.0,50800.0,48500.0,50500.0,1138942,0.0,0.0
2021-08-10 00:00:00+09:00,51200.0,51300.0,49050.0,49350.0,737808,0.0,0.0
2021-08-11 00:00:00+09:00,48650.0,49150.0,47250.0,47400.0,669583,0.0,0.0
2021-08-12 00:00:00+09:00,46600.0,46750.0,44850.0,45000.0,1345114,0.0,0.0
2021-08-13 00:00:00+09:00,44650.0,44700.0,42850.0,43600.0,730990,0.0,0.0
2021-08-17 00:00:00+09:00,43950.0,44700.0,43050.0,43100.0,529912,0.0,0.0
2021-08-18 00:00:00+09:00,42950.0,43850.0,42100.0,43600.0,402107,0.0,0.0
2021-08-19 00:00:00+09:00,42850.0,43300.0,41500.0,41500.0,544365,0.0,0.0
2021-08-20 00:00:00+09:00,41900.0,42200.0,40200.0,40350.0,515343,0.0,0.0
2021-08-23 00:00:00+09:00,40850.0,41200.0,40400.0,41050.0,326628,0.0,0.0
2021-08-24 00:00:00+09:00,41950.0,44850.0,41600.0,44800.0,690600,0.0,0.0
2021-08-25 00:00:00+09:00,47400.0,48650.0,44600.0,45000.0,2429204,0.0,0.0
2021-08-26 00:00:00+09:00,46050.0,46900.0,45700.0,45900.0,855408,0.0,0.0
2021-08-27 00:00:00+09:00,45350.0,45750.0,44500.0,45150.0,394244,0.0,0.0
2021-08-30 00:00:00+09:00,45750.0,46200.0,45250.0,45300.0,272722,0.0,0.0
2021-08-31 00:00:00+09:00,44950.0,45600.0,44350.0,45300.0,418968,0.0,0.0
2021-09-01 00:00:00+09:00,45500.0,45850.0,45000.0,45300.0,287356,0.0,0.0
2021-09-02 00:00:00+09:00,45700.0,45950.0,44700.0,44800.0,286237,0.0,0.0
2021-09-03 00:00:00+09:00,45300.0,45300.0,44700.0,44750.0,227320,0.0,0.0
2021-09-06 00:00:00+09:00,45200.0,45500.0,44500.0,45250.0,309699,0.0,0.0
2021-09-07 00:00:00+09:00,44850.0,45000.0,43750.0,43950.0,323430,0.0,0.0
2021-09-08 00:00:00+09:00,43750.0,44100.0,42950.0,43900.0,334767,0.0,0.0
2021-09-09 00:00:00+09:00,43500.0,43650.0,42400.0,42600.0,448122,0.0,0.0
2021-09-10 00:00:00+09:00,42450.0,43800.0,42100.0,43550.0,327699,0.0,0.0
2021-09-13 00:00:00+09:00,43400.0,43400.0,42400.0,42500.0,338156,0.0,0.0
2021-09-14 00:00:00+09:00,42600.0,43550.0,42400.0,43300.0,292543,0.0,0.0
2021-09-15 00:00:00+09:00,43300.0,43700.0,42800.0,43400.0,189214,0.0,0.0
2021-09-16 00:00:00+09:00,43700.0,45000.0,43400.0,43950.0,589847,0.0,0.0
2021-09-17 00:00:00+09:00,44100.0,45600.0,43250.0,45400.0,668039,0.0,0.0
2021-09-23 00:00:00+09:00,44800.0,45450.0,44150.0,44200.0,351579,0.0,0.0
2021-09-24 00:00:00+09:00,44450.0,44550.0,43100.0,43300.0,365808,0.0,0.0
2021-09-27 00:00:00+09:00,42850.0,43600.0,42300.0,43100.0,259560,0.0,0.0
2021-09-28 00:00:00+09:00,42800.0,43650.0,42000.0,42050.0,259803,0.0,0.0
2021-09-29 00:00:00+09:00,40500.0,41450.0,39900.0,40450.0,660255,0.0,0.0
2021-09-30 00:00:00+09:00,40300.0,40350.0,39750.0,40050.0,465127,0.0,0.0
2021-10-01 00:00:00+09:00,40050.0,40150.0,39000.0,39050.0,290805,0.0,0.0
2021-10-05 00:00:00+09:00,37850.0,38650.0,37600.0,38400.0,393386,0.0,0.0
2021-10-06 00:00:00+09:00,38800.0,39400.0,37200.0,37250.0,340916,0.0,0.0
2021-10-07 00:00:00+09:00,37900.0,39900.0,37800.0,39550.0,523074,0.0,0.0
2021-10-08 00:00:00+09:00,40000.0,40250.0,38650.0,38650.0,311570,0.0,0.0
2021-10-12 00:00:00+09:00,38250.0,38500.0,37500.0,38100.0,274209,0.0,0.0
2021-10-13 00:00:00+09:00,37800.0,38500.0,37750.0,38300.0,290542,0.0,0.0
2021-10-14 00:00:00+09:00,38400.0,38950.0,38150.0,38750.0,375153,0.0,0.0
2021-10-15 00:00:00+09:00,39800.0,40500.0,39100.0,39350.0,384501,0.0,0.0
2021-10-18 00:00:00+09:00,39850.0,40200.0,39300.0,39900.0,277557,0.0,0.0
2021-10-19 00:00:00+09:00,40300.0,40400.0,39550.0,39650.0,168535,0.0,0.0
2021-10-20 00:00:00+09:00,39700.0,40150.0,39250.0,39300.0,203796,0.0,0.0
2021-10-21 00:00:00+09:00,39300.0,39350.0,38650.0,38750.0,621298,0.0,0.0
2021-10-22 00:00:00+09:00,38250.0,39200.0,38150.0,38800.0,126513,0.0,0.0
2021-10-25 00:00:00+09:00,38600.0,39350.0,38200.0,39250.0,199257,0.0,0.0
2021-10-26 00:00:00+09:00,39700.0,40000.0,39300.0,39900.0,264362,0.0,0.0
2021-10-27 00:00:00+09:00,40000.0,40000.0,39250.0,39400.0,204270,0.0,0.0
2021-10-28 00:00:00+09:00,39550.0,41950.0,38950.0,41300.0,870835,0.0,0.0
2021-10-29 00:00:00+09:00,41950.0,42000.0,40050.0,40450.0,401761,0.0,0.0
2021-11-01 00:00:00+09:00,40700.0,41750.0,40500.0,40700.0,318796,0.0,0.0
2021-11-02 00:00:00+09:00,41000.0,41650.0,40800.0,41300.0,256537,0.0,0.0
2021-11-03 00:00:00+09:00,41500.0,41550.0,40100.0,40100.0,212397,0.0,0.0
2021-11-04 00:00:00+09:00,40600.0,41050.0,40000.0,40200.0,161290,0.0,0.0
2021-11-05 00:00:00+09:00,40750.0,41100.0,39350.0,39550.0,339805,0.0,0.0
2021-11-08 00:00:00+09:00,38950.0,39000.0,36500.0,36950.0,977638,0.0,0.0
2021-11-09 00:00:00+09:00,37050.0,37550.0,35950.0,36100.0,645142,0.0,0.0
2021-11-10 00:00:00+09:00,36100.0,36250.0,34800.0,35000.0,614000,0.0,0.0
2021-11-11 00:00:00+09:00,34950.0,35750.0,34400.0,35750.0,293989,0.0,0.0
2021-11-12 00:00:00+09:00,36100.0,36350.0,35700.0,35850.0,554584,0.0,0.0
2021-11-15 00:00:00+09:00,36750.0,38700.0,36750.0,38050.0,1157628,0.0,0.0
2021-11-16 00:00:00+09:00,38150.0,38650.0,37500.0,38100.0,462792,0.0,0.0
2021-11-17 00:00:00+09:00,38600.0,38600.0,37600.0,38250.0,338091,0.0,0.0
2021-11-18 00:00:00+09:00,38350.0,38400.0,37600.0,37650.0,265508,0.0,0.0
2021-11-19 00:00:00+09:00,38200.0,38650.0,37350.0,38650.0,363203,0.0,0.0
2021-11-22 00:00:00+09:00,39550.0,43700.0,39400.0,43700.0,3039738,0.0,0.0
2021-11-23 00:00:00+09:00,44000.0,44300.0,42600.0,43400.0,1232034,0.0,0.0
2021-11-24 00:00:00+09:00,43100.0,43350.0,40800.0,42200.0,1275986,0.0,0.0
2021-11-25 00:00:00+09:00,42150.0,42700.0,40550.0,40550.0,623058,0.0,0.0
2021-11-26 00:00:00+09:00,40800.0,41450.0,39100.0,39650.0,653934,0.0,0.0
2021-11-29 00:00:00+09:00,38050.0,39900.0,38000.0,38600.0,525986,0.0,0.0
2021-11-30 00:00:00+09:00,39800.0,40350.0,38650.0,39000.0,656667,0.0,0.0
2021-12-01 00:00:00+09:00,39000.0,40200.0,38250.0,39950.0,501626,0.0,0.0
2021-12-02 00:00:00+09:00,39400.0,43200.0,39350.0,42550.0,1862713,0.0,0.0
2021-12-03 00:00:00+09:00,42500.0,43150.0,42000.0,42800.0,586005,0.0,0.0
2021-12-06 00:00:00+09:00,42450.0,43900.0,42150.0,42800.0,731481,0.0,0.0
2021-12-07 00:00:00+09:00,43350.0,43350.0,42450.0,43200.0,545419,0.0,0.0
2021-12-08 00:00:00+09:00,44300.0,45600.0,42200.0,42200.0,1185378,0.0,0.0
2021-12-09 00:00:00+09:00,42200.0,42650.0,42050.0,42550.0,356205,0.0,0.0
2021-12-10 00:00:00+09:00,42150.0,42650.0,41800.0,41900.0,299917,0.0,0.0
2021-12-13 00:00:00+09:00,42250.0,42500.0,41500.0,41500.0,252161,0.0,0.0
2021-12-14 00:00:00+09:00,41050.0,41700.0,40200.0,41300.0,246780,0.0,0.0
2021-12-15 00:00:00+09:00,41050.0,41500.0,40250.0,41350.0,273640,0.0,0.0
2021-12-16 00:00:00+09:00,42350.0,42500.0,41600.0,41650.0,232482,0.0,0.0
2021-12-17 00:00:00+09:00,40850.0,41350.0,40200.0,40600.0,409973,0.0,0.0
2021-12-20 00:00:00+09:00,40450.0,41200.0,40200.0,40650.0,224082,0.0,0.0
2021-12-21 00:00:00+09:00,41350.0,42300.0,41050.0,42250.0,457911,0.0,0.0
2021-12-22 00:00:00+09:00,43000.0,43250.0,41450.0,41500.0,372147,0.0,0.0
2021-12-23 00:00:00+09:00,42000.0,43150.0,41650.0,42400.0,415195,0.0,0.0
2021-12-24 00:00:00+09:00,42900.0,43050.0,42500.0,42700.0,262364,0.0,0.0
2021-12-27 00:00:00+09:00,42900.0,42950.0,42400.0,42750.0,221132,0.0,0.0
2021-12-28 00:00:00+09:00,42950.0,43350.0,42650.0,43200.0,393373,0.0,0.0
2021-12-29 00:00:00+09:00,43150.0,43150.0,41600.0,41900.0,407554,0.0,0.0
2021-12-30 00:00:00+09:00,42000.0,42500.0,41750.0,42300.0,229562,0.0,0.0
2022-01-04 00:00:00+09:00,43300.0,43550.0,42350.0,42750.0,270175,0.0,0.0
2022-01-05 00:00:00+09:00,42450.0,42600.0,40800.0,40900.0,463537,0.0,0.0
2022-01-06 00:00:00+09:00,40150.0,40800.0,39750.0,39800.0,463111,0.0,0.0
2022-01-07 00:00:00+09:00,40050.0,40600.0,40000.0,40400.0,201487,0.0,0.0
2022-01-10 00:00:00+09:00,39950.0,40200.0,39300.0,39450.0,220563,0.0,0.0
2022-01-11 00:00:00+09:00,39450.0,39950.0,38700.0,39000.0,253837,0.0,0.0
2022-01-12 00:00:00+09:00,39400.0,39950.0,39050.0,39900.0,219611,0.0,0.0
2022-01-13 00:00:00+09:00,39950.0,40300.0,39400.0,39400.0,198177,0.0,0.0
2022-01-14 00:00:00+09:00,38900.0,40150.0,38550.0,39650.0,267521,0.0,0.0
2022-01-17 00:00:00+09:00,40200.0,41150.0,40050.0,40600.0,442667,0.0,0.0
2022-01-18 00:00:00+09:00,40650.0,41050.0,39600.0,39850.0,275739,0.0,0.0
2022-01-19 00:00:00+09:00,39300.0,39650.0,38400.0,38750.0,329104,0.0,0.0
2022-01-20 00:00:00+09:00,38650.0,40900.0,38650.0,40800.0,509733,0.0,0.0
2022-01-21 00:00:00+09:00,39900.0,40000.0,38550.0,38900.0,528987,0.0,0.0
2022-01-24 00:00:00+09:00,38500.0,39450.0,38450.0,39100.0,237905,0.0,0.0
2022-01-25 00:00:00+09:00,39500.0,40000.0,39050.0,39350.0,464871,0.0,0.0
2022-01-26 00:00:00+09:00,39450.0,39700.0,37800.0,38150.0,366142,0.0,0.0
2022-01-27 00:00:00+09:00,38000.0,38500.0,36400.0,36500.0,321871,0.0,0.0
2022-01-28 00:00:00+09:00,36500.0,38300.0,36150.0,38200.0,314619,0.0,0.0
2022-02-03 00:00:00+09:00,38850.0,39200.0,37750.0,38150.0,234735,0.0,0.0
2022-02-04 00:00:00+09:00,38150.0,38900.0,37950.0,38450.0,231446,0.0,0.0
2022-02-07 00:00:00+09:00,38350.0,38400.0,37200.0,37600.0,226656,0.0,0.0
2022-02-08 00:00:00+09:00,37300.0,37850.0,36800.0,36800.0,249873,0.0,0.0
2022-02-09 00:00:00+09:00,37200.0,37600.0,36850.0,37200.0,296205,0.0,0.0
2022-02-10 00:00:00+09:00,37900.0,38450.0,37600.0,37850.0,327725,0.0,0.0
2022-02-11 00:00:00+09:00,37100.0,38000.0,36850.0,37250.0,246195,0.0,0.0
2022-02-14 00:00:00+09:00,36600.0,36600.0,35450.0,35850.0,272136,0.0,0.0
2022-02-15 00:00:00+09:00,35800.0,36200.0,35400.0,35750.0,167944,0.0,0.0
2022-02-16 00:00:00+09:00,36700.0,37500.0,36550.0,37500.0,236793,0.0,0.0
2022-02-17 00:00:00+09:00,37550.0,38250.0,36950.0,37450.0,281759,0.0,0.0
2022-02-18 00:00:00+09:00,36800.0,38300.0,36800.0,37900.0,394087,0.0,0.0
2022-02-21 00:00:00+09:00,37150.0,38150.0,36750.0,38050.0,243515,0.0,0.0
2022-02-22 00:00:00+09:00,37050.0,38300.0,37050.0,37650.0,177983,0.0,0.0
2022-02-23 00:00:00+09:00,37750.0,38100.0,37500.0,38000.0,628540,0.0,0.0
2022-02-24 00:00:00+09:00,37500.0,38300.0,36300.0,36350.0,551798,0.0,0.0
2022-02-25 00:00:00+09:00,37050.0,37500.0,34850.0,36000.0,732504,0.0,0.0
2022-02-28 00:00:00+09:00,35600.0,35950.0,35100.0,35850.0,340860,0.0,0.0
2022-03-02 00:00:00+09:00,35600.0,36050.0,35500.0,35800.0,274622,0.0,0.0
2022-03-03 00:00:00+09:00,36450.0,37800.0,36400.0,37500.0,474875,0.0,0.0
2022-03-04 00:00:00+09:00,37250.0,37350.0,36750.0,36950.0,159856,0.0,0.0
2022-03-07 00:00:00+09:00,36300.0,36700.0,35900.0,36200.0,215715,0.0,0.0
2022-03-08 00:00:00+09:00,35500.0,35900.0,35200.0,35650.0,176240,0.0,0.0
2022-03-10 00:00:00+09:00,36450.0,37300.0,36250.0,36600.0,269391,0.0,0.0
2022-03-11 00:00:00+09:00,36200.0,36600.0,35650.0,35850.0,137136,0.0,0.0
2022-03-14 00:00:00+09:00,35800.0,35850.0,34900.0,35100.0,175814,0.0,0.0
2022-03-15 00:00:00+09:00,34900.0,35100.0,34600.0,34800.0,148935,0.0,0.0
2022-03-16 00:00:00+09:00,35200.0,35650.0,34950.0,35450.0,185136,0.0,0.0
2022-03-17 00:00:00+09:00,36300.0,37250.0,36250.0,36850.0,423266,0.0,0.0
2022-03-18 00:00:00+09:00,37400.0,38200.0,37050.0,37500.0,459955,0.0,0.0
2022-03-21 00:00:00+09:00,37550.0,38300.0,37300.0,37850.0,261263,0.0,0.0
2022-03-22 00:00:00+09:00,37700.0,38300.0,37300.0,38000.0,217084,0.0,0.0
2022-03-23 00:00:00+09:00,38350.0,38600.0,37550.0,37700.0,232898,0.0,0.0
2022-03-24 00:00:00+09:00,37500.0,38050.0,37350.0,37900.0,217928,0.0,0.0
2022-03-25 00:00:00+09:00,38450.0,38850.0,37900.0,38500.0,280530,0.0,0.0
2022-03-28 00:00:00+09:00,38550.0,38750.0,38050.0,38150.0,212586,0.0,0.0
2022-03-29 00:00:00+09:00,38350.0,38650.0,38100.0,38300.0,141375,0.0,0.0
2022-03-30 00:00:00+09:00,38600.0,39200.0,38150.0,38250.0,180554,0.0,0.0
2022-03-31 00:00:00+09:00,38100.0,38250.0,37900.0,38100.0,148995,0.0,0.0
2022-04-01 00:00:00+09:00,37750.0,37800.0,37100.0,37100.0,262451,0.0,0.0
2022-04-04 00:00:00+09:00,37000.0,37350.0,36700.0,37150.0,158413,0.0,0.0
2022-04-05 00:00:00+09:00,37400.0,38500.0,37350.0,38150.0,277657,0.0,0.0
2022-04-06 00:00:00+09:00,37500.0,38050.0,37250.0,37300.0,188955,0.0,0.0
2022-04-07 00:00:00+09:00,37100.0,37450.0,36500.0,37350.0,161684,0.0,0.0
2022-04-08 00:00:00+09:00,37500.0,37700.0,36800.0,37150.0,135228,0.0,0.0
2022-04-11 00:00:00+09:00,37000.0,37000.0,36050.0,36100.0,182366,0.0,0.0
2022-04-12 00:00:00+09:00,35800.0,36650.0,35600.0,36450.0,124706,0.0,0.0
2022-04-13 00:00:00+09:00,36050.0,37900.0,36050.0,37900.0,205121,0.0,0.0
2022-04-14 00:00:00+09:00,37650.0,38100.0,37400.0,38000.0,154507,0.0,0.0
2022-04-15 00:00:00+09:00,37250.0,37450.0,36550.0,36700.0,248832,0.0,0.0
2022-04-18 00:00:00+09:00,36450.0,37350.0,36250.0,37100.0,130158,0.0,0.0
2022-04-19 00:00:00+09:00,37400.0,41100.0,37400.0,41100.0,2042882,0.0,0.0
2022-04-20 00:00:00+09:00,41200.0,41250.0,40500.0,40900.0,577178,0.0,0.0
2022-04-21 00:00:00+09:00,40900.0,41250.0,40500.0,40850.0,362962,0.0,0.0
2022-04-22 00:00:00+09:00,40500.0,40500.0,39350.0,39700.0,417040,0.0,0.0
2022-04-25 00:00:00+09:00,39050.0,39450.0,38700.0,38750.0,316501,0.0,0.0
2022-04-26 00:00:00+09:00,39150.0,39850.0,38900.0,39500.0,292064,0.0,0.0
2022-04-27 00:00:00+09:00,38300.0,39350.0,38300.0,38850.0,321028,0.0,0.0
2022-04-28 00:00:00+09:00,39400.0,39550.0,38650.0,39000.0,213019,0.0,0.0
2022-04-29 00:00:00+09:00,39600.0,40200.0,39050.0,40100.0,346724,0.0,0.0
2022-05-03 00:00:00+09:00,40200.0,41050.0,39650.0,40900.0,442381,0.0,0.0
2022-05-04 00:00:00+09:00,41200.0,41250.0,39900.0,40100.0,231558,0.0,0.0
2022-05-06 00:00:00+09:00,39200.0,39500.0,38200.0,38200.0,479089,0.0,0.0
2022-05-10 00:00:00+09:00,37300.0,38950.0,37100.0,38350.0,377124,0.0,0.0
2022-05-11 00:00:00+09:00,38250.0,40500.0,38000.0,40200.0,530095,0.0,0.0
2022-05-12 00:00:00+09:00,39450.0,40450.0,39100.0,39250.0,430362,0.0,0.0
2022-05-13 00:00:00+09:00,39500.0,41150.0,39500.0,40550.0,437307,0.0,0.0
2022-05-16 00:00:00+09:00,40950.0,41100.0,39900.0,40600.0,318807,0.0,0.0
2022-05-17 00:00:00+09:00,40250.0,41000.0,40100.0,40850.0,261291,0.0,0.0
2022-05-18 00:00:00+09:00,41450.0,41600.0,40450.0,41150.0,349528,0.0,0.0
2022-05-19 00:00:00+09:00,40050.0,41800.0,39900.0,41400.0,407804,0.0,0.0
2022-05-20 00:00:00+09:00,41900.0,41900.0,40600.0,41050.0,436739,0.0,0.0
2022-05-23 00:00:00+09:00,40950.0,41650.0,40400.0,41200.0,246499,0.0,0.0
2022-05-24 00:00:00+09:00,40700.0,41000.0,39600.0,39650.0,480625,0.0,0.0
2022-05-25 00:00:00+09:00,39650.0,39900.0,38750.0,38900.0,434159,0.0,0.0
2022-05-26 00:00:00+09:00,39150.0,39200.0,38100.0,38450.0,315669,0.0,0.0
2022-05-27 00:00:00+09:00,38950.0,39050.0,38300.0,38600.0,206987,0.0,0.0
2022-05-30 00:00:00+09:00,39350.0,39650.0,38900.0,39300.0,260882,0.0,0.0
2022-05-31 00:00:00+09:00,39250.0,39350.0,38650.0,38850.0,268162,0.0,0.0
2022-06-02 00:00:00+09:00,38850.0,39000.0,38300.0,38600.0,192449,0.0,0.0
2022-06-03 00:00:00+09:00,39250.0,40500.0,39000.0,39350.0,436895,0.0,0.0
2022-06-07 00:00:00+09:00,39050.0,39100.0,37600.0,37900.0,411243,0.0,0.0
2022-06-08 00:00:00+09:00,37950.0,38250.0,37600.0,38200.0,173713,0.0,0.0
2022-06-09 00:00:00+09:00,38150.0,38200.0,37450.0,38200.0,225919,0.0,0.0
2022-06-10 00:00:00+09:00,37600.0,37950.0,37550.0,37700.0,134242,0.0,0.0
2022-06-13 00:00:00+09:00,36650.0,36950.0,35500.0,35550.0,310554,0.0,0.0
2022-06-14 00:00:00+09:00,34550.0,36650.0,34550.0,36600.0,370582,0.0,0.0
2022-06-15 00:00:00+09:00,36200.0,36450.0,34850.0,35350.0,235684,0.0,0.0
2022-06-16 00:00:00+09:00,35950.0,36300.0,34750.0,35050.0,222703,0.0,0.0
2022-06-17 00:00:00+09:00,34400.0,34800.0,34050.0,34500.0,211390,0.0,0.0
2022-06-20 00:00:00+09:00,34700.0,34850.0,32500.0,33000.0,328474,0.0,0.0
2022-06-21 00:00:00+09:00,32800.0,33400.0,32550.0,33000.0,228933,0.0,0.0
2022-06-22 00:00:00+09:00,33200.0,33400.0,30950.0,30950.0,429869,0.0,0.0
2022-06-23 00:00:00+09:00,30800.0,32050.0,30150.0,30400.0,408962,0.0,0.0
2022-06-24 00:00:00+09:00,30600.0,31700.0,30600.0,31650.0,231007,0.0,0.0
2022-06-27 00:00:00+09:00,32000.0,32800.0,31050.0,32500.0,219116,0.0,0.0
2022-06-28 00:00:00+09:00,32200.0,32550.0,31050.0,31450.0,325646,0.0,0.0
2022-06-29 00:00:00+09:00,30900.0,31300.0,30350.0,31050.0,337317,0.0,0.0
2022-06-30 00:00:00+09:00,30500.0,30700.0,29750.0,29800.0,343385,0.0,0.0
2022-07-01 00:00:00+09:00,29800.0,30250.0,28500.0,28700.0,449431,0.0,0.0
2022-07-04 00:00:00+09:00,28600.0,28950.0,28100.0,28500.0,237459,0.0,0.0
2022-07-05 00:00:00+09:00,28700.0,29500.0,28650.0,29400.0,247524,0.0,0.0
2022-07-06 00:00:00+09:00,29300.0,29350.0,28250.0,28350.0,381317,0.0,0.0
2022-07-07 00:00:00+09:00,28550.0,29000.0,28150.0,28750.0,451899,0.0,0.0
2022-07-08 00:00:00+09:00,29300.0,29450.0,28650.0,28700.0,392436,0.0,0.0
2022-07-11 00:00:00+09:00,28800.0,28850.0,28350.0,28600.0,247261,0.0,0.0
2022-07-12 00:00:00+09:00,28300.0,28500.0,27550.0,27750.0,368813,0.0,0.0
2022-07-13 00:00:00+09:00,27600.0,28000.0,27400.0,27850.0,252867,0.0,0.0
2022-07-14 00:00:00+09:00,27600.0,28450.0,27450.0,28100.0,300898,0.0,0.0
2022-07-15 00:00:00+09:00,28500.0,29000.0,27800.0,28450.0,536895,0.0,0.0
2022-07-18 00:00:00+09:00,29050.0,29650.0,28800.0,29200.0,351953,0.0,0.0
2022-07-19 00:00:00+09:00,28800.0,30150.0,28550.0,29850.0,488463,0.0,0.0
2022-07-20 00:00:00+09:00,30850.0,31200.0,30600.0,30950.0,473644,0.0,0.0
2022-07-21 00:00:00+09:00,30950.0,31900.0,30800.0,31850.0,344646,0.0,0.0
2022-07-22 00:00:00+09:00,31850.0,32200.0,31250.0,31300.0,306958,0.0,0.0
2022-07-25 00:00:00+09:00,30900.0,31500.0,30750.0,31200.0,170792,0.0,0.0
2022-07-26 00:00:00+09:00,30950.0,31700.0,30900.0,31650.0,151540,0.0,0.0
2022-07-27 00:00:00+09:00,31550.0,32100.0,31400.0,32050.0,213964,0.0,0.0
2022-07-28 00:00:00+09:00,32650.0,32650.0,30850.0,31100.0,395572,0.0,0.0
2022-07-29 00:00:00+09:00,31400.0,31950.0,31250.0,31500.0,204535,0.0,0.0
2022-08-01 00:00:00+09:00,31550.0,31550.0,30700.0,30750.0,276728,0.0,0.0
2022-08-02 00:00:00+09:00,30750.0,30950.0,30300.0,30600.0,219687,0.0,0.0
2022-08-03 00:00:00+09:00,30800.0,30800.0,30100.0,30450.0,176247,0.0,0.0
2022-08-04 00:00:00+09:00,30800.0,31050.0,30150.0,30500.0,409647,0.0,0.0
2022-08-05 00:00:00+09:00,30600.0,31150.0,30350.0,31000.0,318980,0.0,0.0
2022-08-08 00:00:00+09:00,30900.0,31650.0,30050.0,30600.0,689534,0.0,0.0
2022-08-09 00:00:00+09:00,30600.0,30600.0,29550.0,29650.0,452199,0.0,0.0
2022-08-10 00:00:00+09:00,29000.0,29200.0,28450.0,28500.0,533146,0.0,0.0
2022-08-11 00:00:00+09:00,29000.0,29800.0,28700.0,29000.0,488301,0.0,0.0
2022-08-12 00:00:00+09:00,28700.0,29600.0,28650.0,29350.0,374991,0.0,0.0
2022-08-16 00:00:00+09:00,29500.0,30200.0,29200.0,29450.0,395307,0.0,0.0
2022-08-17 00:00:00+09:00,29450.0,29550.0,29000.0,29100.0,206299,0.0,0.0
2022-08-18 00:00:00+09:00,28850.0,29400.0,28750.0,29200.0,140065,0.0,0.0
2022-08-19 00:00:00+09:00,29350.0,29400.0,28800.0,28950.0,469423,0.0,0.0
2022-08-22 00:00:00+09:00,28500.0,29050.0,28300.0,28400.0,245689,0.0,0.0
2022-08-23 00:00:00+09:00,28100.0,28150.0,27400.0,27500.0,499251,0.0,0.0
2022-08-24 00:00:00+09:00,27550.0,27900.0,27400.0,27650.0,263509,0.0,0.0
2022-08-25 00:00:00+09:00,27650.0,28250.0,27600.0,28200.0,197213,0.0,0.0
2022-08-26 00:00:00+09:00,28800.0,28800.0,28300.0,28350.0,234679,0.0,0.0
2022-08-29 00:00:00+09:00,27200.0,27400.0,26850.0,27150.0,349007,0.0,0.0
2022-08-30 00:00:00+09:00,27200.0,27850.0,26900.0,27650.0,254047,0.0,0.0
2022-08-31 00:00:00+09:00,27300.0,28200.0,27100.0,28000.0,273109,0.0,0.0
2022-09-01 00:00:00+09:00,27450.0,27700.0,27100.0,27100.0,243257,0.0,0.0
2022-09-02 00:00:00+09:00,27200.0,27300.0,26400.0,26650.0,322498,0.0,0.0
2022-09-05 00:00:00+09:00,26350.0,26650.0,26100.0,26400.0,225717,0.0,0.0
2022-09-06 00:00:00+09:00,26200.0,26900.0,26200.0,26550.0,180510,0.0,0.0
2022-09-07 00:00:00+09:00,26350.0,26350.0,25800.0,25900.0,218916,0.0,0.0
2022-09-08 00:00:00+09:00,26200.0,26550.0,26000.0,26000.0,278189,0.0,0.0
2022-09-13 00:00:00+09:00,26350.0,27150.0,26350.0,27100.0,255790,0.0,0.0
2022-09-14 00:00:00+09:00,26000.0,26450.0,25800.0,26250.0,234812,0.0,0.0
2022-09-15 00:00:00+09:00,26450.0,26750.0,26000.0,26050.0,148325,0.0,0.0
2022-09-16 00:00:00+09:00,26050.0,26300.0,25750.0,26250.0,147964,0.0,0.0
2022-09-19 00:00:00+09:00,26450.0,26650.0,26050.0,26200.0,146537,0.0,0.0
2022-09-20 00:00:00+09:00,26300.0,27100.0,25950.0,26150.0,207976,0.0,0.0
2022-09-21 00:00:00+09:00,25800.0,26000.0,25300.0,25550.0,258745,0.0,0.0
2022-09-22 00:00:00+09:00,25250.0,25400.0,24700.0,25200.0,174901,0.0,0.0
2022-09-23 00:00:00+09:00,24900.0,25200.0,24300.0,24500.0,226843,0.0,0.0
2022-09-26 00:00:00+09:00,23700.0,24450.0,23600.0,23700.0,260883,0.0,0.0
2022-09-27 00:00:00+09:00,23550.0,24500.0,22850.0,23500.0,316935,0.0,0.0
2022-09-28 00:00:00+09:00,23300.0,23500.0,22600.0,22900.0,264455,0.0,0.0
2022-09-29 00:00:00+09:00,23200.0,23450.0,22250.0,22250.0,217653,0.0,0.0
2022-09-30 00:00:00+09:00,21600.0,22650.0,21600.0,22250.0,249391,0.0,0.0
2022-10-04 00:00:00+09:00,22900.0,23750.0,22900.0,23400.0,259558,0.0,0.0
2022-10-05 00:00:00+09:00,23900.0,24150.0,22850.0,23000.0,248664,0.0,0.0
2022-10-06 00:00:00+09:00,23150.0,24200.0,23150.0,23950.0,267189,0.0,0.0
2022-10-07 00:00:00+09:00,23600.0,24400.0,23500.0,24000.0,221929,0.0,0.0
2022-10-11 00:00:00+09:00,23100.0,23400.0,22750.0,23100.0,284370,0.0,0.0
2022-10-12 00:00:00+09:00,23100.0,24400.0,23100.0,24350.0,271869,0.0,0.0
2022-10-13 00:00:00+09:00,24300.0,24750.0,23850.0,24550.0,394645,0.0,0.0
2022-10-14 00:00:00+09:00,25200.0,26500.0,25000.0,26050.0,645652,0.0,0.0
2022-10-17 00:00:00+09:00,25750.0,26300.0,25200.0,25350.0,269637,0.0,0.0
2022-10-18 00:00:00+09:00,25800.0,26200.0,25000.0,25350.0,295492,0.0,0.0
2022-10-19 00:00:00+09:00,25350.0,25600.0,24900.0,25050.0,257076,0.0,0.0
2022-10-20 00:00:00+09:00,25050.0,25450.0,24700.0,25000.0,239896,0.0,0.0
2022-10-21 00:00:00+09:00,24950.0,25800.0,24550.0,25500.0,304032,0.0,0.0
2022-10-24 00:00:00+09:00,26050.0,27000.0,26000.0,26650.0,387351,0.0,0.0
2022-10-25 00:00:00+09:00,26450.0,27950.0,26400.0,27000.0,385171,0.0,0.0
2022-10-26 00:00:00+09:00,27100.0,27600.0,26800.0,26900.0,229150,0.0,0.0
2022-10-27 00:00:00+09:00,27700.0,28000.0,27050.0,27350.0,391006,0.0,0.0
2022-10-28 00:00:00+09:00,27200.0,27500.0,26050.0,26100.0,307149,0.0,0.0
2022-10-31 00:00:00+09:00,26700.0,27650.0,26550.0,27500.0,272745,0.0,0.0
2022-11-01 00:00:00+09:00,27250.0,27950.0,27050.0,27700.0,214672,0.0,0.0
2022-11-02 00:00:00+09:00,27350.0,27500.0,26450.0,26550.0,289793,0.0,0.0
2022-11-03 00:00:00+09:00,25900.0,27500.0,25700.0,27000.0,292992,0.0,0.0
2022-11-04 00:00:00+09:00,26650.0,26750.0,25900.0,26300.0,215366,0.0,0.0
2022-11-07 00:00:00+09:00,26700.0,27900.0,26550.0,27900.0,349698,0.0,0.0
2022-11-08 00:00:00+09:00,28150.0,29500.0,28000.0,29050.0,581410,0.0,0.0
2022-11-09 00:00:00+09:00,29200.0,29500.0,28650.0,28800.0,336112,0.0,0.0
2022-11-10 00:00:00+09:00,28500.0,28650.0,27600.0,27900.0,275839,0.0,0.0
2022-11-11 00:00:00+09:00,29500.0,30050.0,28750.0,29150.0,529269,0.0,0.0
2022-11-14 00:00:00+09:00,29200.0,29250.0,28250.0,28500.0,253809,0.0,0.0
2022-11-15 00:00:00+09:00,28500.0,29800.0,28450.0,29800.0,304082,0.0,0.0
2022-11-16 00:00:00+09:00,30000.0,30000.0,29150.0,29800.0,229801,0.0,0.0
2022-11-17 00:00:00+09:00,29250.0,29500.0,28650.0,28900.0,177531,0.0,0.0
2022-11-18 00:00:00+09:00,29350.0,29900.0,28950.0,29000.0,207870,0.0,0.0
2022-11-21 00:00:00+09:00,29050.0,29100.0,28100.0,28550.0,173162,0.0,0.0
2022-11-22 00:00:00+09:00,28500.0,28650.0,27450.0,27800.0,174779,0.0,0.0
2022-11-23 00:00:00+09:00,28550.0,29000.0,28150.0,28700.0,184947,0.0,0.0
2022-11-24 00:00:00+09:00,28750.0,29100.0,28300.0,29000.0,101344,0.0,0.0
2022-11-25 00:00:00+09:00,29150.0,29150.0,28450.0,28650.0,80778,0.0,0.0
2022-11-28 00:00:00+09:00,28100.0,28400.0,27600.0,27900.0,175632,0.0,0.0
2022-11-29 00:00:00+09:00,27850.0,28250.0,27600.0,28050.0,103920,0.0,0.0
2022-11-30 00:00:00+09:00,28050.0,28300.0,27550.0,28300.0,110289,0.0,0.0
2022-12-01 00:00:00+09:00,29000.0,29350.0,28600.0,28850.0,176827,0.0,0.0
2022-12-02 00:00:00+09:00,28700.0,28750.0,28000.0,28000.0,113422,0.0,0.0
2022-12-05 00:00:00+09:00,28100.0,28650.0,28100.0,28500.0,96387,0.0,0.0
2022-12-06 00:00:00+09:00,28250.0,28250.0,27650.0,27950.0,117153,0.0,0.0
2022-12-07 00:00:00+09:00,27550.0,28150.0,27250.0,27850.0,119364,0.0,0.0
2022-12-08 00:00:00+09:00,27600.0,28000.0,27550.0,27600.0,222370,0.0,0.0
2022-12-09 00:00:00+09:00,28000.0,28550.0,27800.0,28400.0,135790,0.0,0.0
2022-12-12 00:00:00+09:00,27850.0,27950.0,27350.0,27500.0,139989,0.0,0.0
2022-12-13 00:00:00+09:00,27550.0,28350.0,27300.0,28100.0,150565,0.0,0.0
2022-12-14 00:00:00+09:00,28100.0,28850.0,28100.0,28850.0,154908,0.0,0.0
2022-12-15 00:00:00+09:00,28450.0,28750.0,28100.0,28500.0,91455,0.0,0.0
2022-12-16 00:00:00+09:00,27900.0,28000.0,27500.0,27500.0,136497,0.0,0.0
2022-12-19 00:00:00+09:00,27500.0,27750.0,27000.0,27550.0,89635,0.0,0.0
2022-12-20 00:00:00+09:00,27200.0,27550.0,27000.0,27100.0,111382,0.0,0.0
2022-12-21 00:00:00+09:00,27200.0,27650.0,26850.0,27150.0,150833,0.0,0.0
2022-12-22 00:00:00+09:00,27300.0,27600.0,27000.0,27450.0,146019,0.0,0.0
2022-12-23 00:00:00+09:00,27000.0,27000.0,25650.0,25650.0,277963,0.0,0.0
2022-12-26 00:00:00+09:00,25600.0,26200.0,24800.0,26100.0,263122,0.0,0.0
2022-12-27 00:00:00+09:00,26150.0,26850.0,26100.0,26800.0,179376,0.0,0.0
2022-12-28 00:00:00+09:00,26350.0,26500.0,25250.0,25250.0,235441,0.0,0.0
2022-12-29 00:00:00+09:00,25000.0,25400.0,24500.0,24750.0,141765,0.0,0.0
2023-01-02 00:00:00+09:00,24900.0,25350.0,24300.0,24650.0,106599,0.0,0.0
2023-01-03 00:00:00+09:00,24650.0,25500.0,24350.0,25350.0,108208,0.0,0.0
2023-01-04 00:00:00+09:00,25000.0,28100.0,25000.0,27800.0,483717,0.0,0.0
2023-01-05 00:00:00+09:00,27800.0,28300.0,27250.0,27400.0,251576,0.0,0.0
2023-01-06 00:00:00+09:00,27100.0,29300.0,27100.0,29150.0,507921,0.0,0.0
2023-01-09 00:00:00+09:00,29400.0,30150.0,28800.0,29150.0,267006,0.0,0.0
2023-01-10 00:00:00+09:00,29150.0,29450.0,28600.0,28700.0,178952,0.0,0.0
2023-01-11 00:00:00+09:00,28950.0,29450.0,28500.0,28700.0,236571,0.0,0.0
2023-01-12 00:00:00+09:00,29000.0,29000.0,28100.0,28750.0,164368,0.0,0.0
2023-01-13 00:00:00+09:00,28850.0,29050.0,28350.0,28500.0,118639,0.0,0.0
2023-01-16 00:00:00+09:00,28700.0,29350.0,28500.0,28900.0,132687,0.0,0.0
2023-01-17 00:00:00+09:00,28950.0,29650.0,28650.0,28900.0,231736,0.0,0.0
2023-01-18 00:00:00+09:00,28900.0,29150.0,28100.0,28950.0,184296,0.0,0.0
2023-01-19 00:00:00+09:00,28400.0,29150.0,28100.0,28900.0,104100,0.0,0.0
2023-01-20 00:00:00+09:00,28900.0,29800.0,28600.0,28850.0,157405,0.0,0.0
2023-01-25 00:00:00+09:00,29750.0,31300.0,29500.0,31000.0,1884495,0.0,0.0
2023-01-26 00:00:00+09:00,31000.0,31050.0,30300.0,30750.0,220580,0.0,0.0
2023-01-27 00:00:00+09:00,30650.0,30850.0,30200.0,30300.0,165347,0.0,0.0
2023-01-30 00:00:00+09:00,30400.0,30650.0,29700.0,30400.0,330177,0.0,0.0
2023-01-31 00:00:00+09:00,30200.0,30950.0,29900.0,30850.0,418482,0.0,0.0
2023-02-01 00:00:00+09:00,31000.0,31250.0,30800.0,30900.0,257537,0.0,0.0
2023-02-02 00:00:00+09:00,31850.0,32250.0,31000.0,31150.0,423222,0.0,0.0
2023-02-03 00:00:00+09:00,31100.0,31450.0,30950.0,31300.0,212104,0.0,0.0
2023-02-06 00:00:00+09:00,30900.0,31500.0,30750.0,31200.0,264681,0.0,0.0
2023-02-07 00:00:00+09:00,31300.0,32300.0,31250.0,32200.0,322702,0.0,0.0
2023-02-08 00:00:00+09:00,32300.0,32550.0,32200.0,32500.0,198139,0.0,0.0
2023-02-09 00:00:00+09:00,32200.0,32250.0,31600.0,32150.0,222268,0.0,0.0
2023-02-10 00:00:00+09:00,32200.0,32250.0,31600.0,31800.0,180006,0.0,0.0
2023-02-13 00:00:00+09:00,31750.0,31800.0,31050.0,31450.0,176489,0.0,0.0
2023-02-14 00:00:00+09:00,31800.0,32200.0,31750.0,32000.0,140261,0.0,0.0
2023-02-15 00:00:00+09:00,32100.0,32300.0,31500.0,31800.0,238128,0.0,0.0
2023-02-16 00:00:00+09:00,31950.0,32500.0,31950.0,32300.0,178120,0.0,0.0
2023-02-17 00:00:00+09:00,31950.0,32050.0,31500.0,31850.0,162069,0.0,0.0
2023-02-20 00:00:00+09:00,31800.0,32300.0,31000.0,32200.0,134918,0.0,0.0
2023-02-21 00:00:00+09:00,32150.0,32150.0,31700.0,32000.0,160386,0.0,0.0
2023-02-22 00:00:00+09:00,31600.0,31700.0,30950.0,31400.0,208577,0.0,0.0
2023-02-23 00:00:00+09:00,31450.0,31700.0,31200.0,31350.0,164469,0.0,0.0
2023-02-24 00:00:00+09:00,31700.0,31700.0,30500.0,30800.0,188572,0.0,0.0
2023-02-27 00:00:00+09:00,30300.0,30800.0,29650.0,30200.0,159436,0.0,0.0
2023-02-28 00:00:00+09:00,30200.0,31350.0,30200.0,31050.0,190027,0.0,0.0
2023-03-02 00:00:00+09:00,31100.0,31650.0,30700.0,31000.0,251841,0.0,0.0
2023-03-03 00:00:00+09:00,31100.0,31150.0,30100.0,30350.0,228290,0.0,0.0
2023-03-06 00:00:00+09:00,30350.0,31450.0,30250.0,31400.0,219645,0.0,0.0
2023-03-07 00:00:00+09:00,31400.0,31450.0,30650.0,30650.0,120186,0.0,0.0
2023-03-08 00:00:00+09:00,30400.0,30600.0,29950.0,30450.0,167518,0.0,0.0
2023-03-09 00:00:00+09:00,30900.0,31250.0,30100.0,30600.0,156800,0.0,0.0
2023-03-10 00:00:00+09:00,30000.0,30150.0,29500.0,29950.0,198636,0.0,0.0
2023-03-13 00:00:00+09:00,29800.0,31150.0,29550.0,30800.0,253979,0.0,0.0
2023-03-14 00:00:00+09:00,30250.0,30700.0,29050.0,29050.0,273435,0.0,0.0
2023-03-15 00:00:00+09:00,29600.0,30000.0,29100.0,29200.0,249657,0.0,0.0
2023-03-16 00:00:00+09:00,29250.0,31550.0,28850.0,31150.0,477909,0.0,0.0
2023-03-17 00:00:00+09:00,32300.0,34550.0,32000.0,34250.0,1232570,0.0,0.0
2023-03-20 00:00:00+09:00,34200.0,34250.0,32550.0,32700.0,522665,0.0,0.0
2023-03-21 00:00:00+09:00,33000.0,33100.0,32100.0,32300.0,267717,0.0,0.0
2023-03-22 00:00:00+09:00,32600.0,33900.0,32300.0,33800.0,430903,0.0,0.0
2023-03-23 00:00:00+09:00,33300.0,34000.0,33050.0,33400.0,330316,0.0,0.0
2023-03-24 00:00:00+09:00,34050.0,35350.0,33400.0,33650.0,836064,0.0,0.0
2023-03-27 00:00:00+09:00,34250.0,34450.0,32950.0,33500.0,309865,0.0,0.0
2023-03-28 00:00:00+09:00,33300.0,34400.0,33000.0,34200.0,355685,0.0,0.0
2023-03-29 00:00:00+09:00,34700.0,35100.0,33350.0,34300.0,368695,0.0,0.0
2023-03-30 00:00:00+09:00,35200.0,36400.0,34700.0,35200.0,699567,0.0,0.0
2023-03-31 00:00:00+09:00,35950.0,36100.0,34650.0,35050.0,438828,0.0,0.0
2023-04-03 00:00:00+09:00,35050.0,35050.0,33450.0,34300.0,479435,0.0,0.0
2023-04-04 00:00:00+09:00,33700.0,33950.0,32700.0,33100.0,567289,0.0,0.0
2023-04-05 00:00:00+09:00,33500.0,35150.0,33450.0,34250.0,567429,0.0,0.0
2023-04-06 00:00:00+09:00,33550.0,33550.0,32850.0,33050.0,399596,0.0,0.0
2023-04-07 00:00:00+09:00,33550.0,34500.0,33550.0,34250.0,493860,0.0,0.0
2023-04-10 00:00:00+09:00,34150.0,34500.0,33500.0,34050.0,322860,0.0,0.0
2023-04-11 00:00:00+09:00,34400.0,35000.0,33850.0,34100.0,470811,0.0,0.0
2023-04-12 00:00:00+09:00,34150.0,34150.0,32800.0,33050.0,441706,0.0,0.0
2023-04-13 00:00:00+09:00,32800.0,32900.0,32250.0,32700.0,338737,0.0,0.0
2023-04-14 00:00:00+09:00,33050.0,33100.0,32000.0,32500.0,471638,0.0,0.0
2023-04-17 00:00:00+09:00,32250.0,32350.0,31150.0,31700.0,524727,0.0,0.0
2023-04-18 00:00:00+09:00,31600.0,31650.0,30600.0,30950.0,401633,0.0,0.0
2023-04-19 00:00:00+09:00,31000.0,31400.0,30500.0,31000.0,340181,0.0,0.0
2023-04-20 00:00:00+09:00,30900.0,30900.0,30150.0,30200.0,340090,0.0,0.0
2023-04-21 00:00:00+09:00,30250.0,31400.0,30250.0,30550.0,462830,0.0,0.0
2023-04-24 00:00:00+09:00,30550.0,30800.0,29700.0,30100.0,304229,0.0,0.0
2023-04-25 00:00:00+09:00,30100.0,30450.0,29400.0,29950.0,308027,0.0,0.0
2023-04-26 00:00:00+09:00,29950.0,31150.0,29750.0,30200.0,306060,0.0,0.0
2023-04-27 00:00:00+09:00,30450.0,31050.0,29800.0,30900.0,319663,0.0,0.0
2023-04-28 00:00:00+09:00,31000.0,31050.0,30150.0,30450.0,310361,0.0,0.0
2023-05-02 00:00:00+09:00,30550.0,30700.0,29900.0,30600.0,219943,0.0,0.0
2023-05-03 00:00:00+09:00,30200.0,30700.0,30000.0,30500.0,217909,0.0,0.0
2023-05-04 00:00:00+09:00,30250.0,30400.0,29700.0,29850.0,177936,0.0,0.0
2023-05-08 00:00:00+09:00,30150.0,30450.0,29950.0,30450.0,188299,0.0,0.0
2023-05-09 00:00:00+09:00,30100.0,30150.0,27900.0,28550.0,930967,0.0,0.0
2023-05-10 00:00:00+09:00,28650.0,28850.0,28300.0,28600.0,217323,0.0,0.0
2023-05-11 00:00:00+09:00,28950.0,29200.0,28550.0,28700.0,210642,0.0,0.0
2023-05-12 00:00:00+09:00,28400.0,29050.0,28250.0,28700.0,149623,0.0,0.0
2023-05-15 00:00:00+09:00,28550.0,28700.0,28150.0,28500.0,167035,0.0,0.0
2023-05-16 00:00:00+09:00,29550.0,29800.0,29100.0,29500.0,397243,0.0,0.0
2023-05-17 00:00:00+09:00,29600.0,30500.0,29150.0,30100.0,259664,0.0,0.0
2023-05-18 00:00:00+09:00,30350.0,30550.0,30000.0,30350.0,219588,0.0,0.0
2023-05-19 00:00:00+09:00,31200.0,33600.0,30850.0,33350.0,1233670,0.0,0.0
2023-05-22 00:00:00+09:00,32850.0,33750.0,32500.0,32600.0,483664,0.0,0.0
2023-05-23 00:00:00+09:00,32600.0,32750.0,32150.0,32700.0,255514,0.0,0.0
2023-05-24 00:00:00+09:00,32200.0,32250.0,31600.0,32050.0,266985,0.0,0.0
2023-05-25 00:00:00+09:00,32900.0,33350.0,31750.0,31900.0,605892,0.0,0.0
2023-05-26 00:00:00+09:00,32450.0,32800.0,31700.0,32050.0,534677,0.0,0.0
2023-05-30 00:00:00+09:00,32850.0,33700.0,32650.0,33100.0,494151,0.0,0.0
2023-05-31 00:00:00+09:00,33150.0,33150.0,32050.0,32250.0,350891,0.0,0.0
2023-06-01 00:00:00+09:00,32000.0,32600.0,31350.0,32600.0,171599,0.0,0.0
2023-06-02 00:00:00+09:00,32900.0,32950.0,32350.0,32600.0,199219,0.0,0.0
2023-06-05 00:00:00+09:00,32650.0,32650.0,31850.0,32000.0,177680,0.0,0.0
2023-06-07 00:00:00+09:00,31850.0,32050.0,31450.0,31600.0,260869,0.0,0.0
2023-06-08 00:00:00+09:00,31400.0,32150.0,30850.0,32000.0,349386,0.0,0.0
2023-06-09 00:00:00+09:00,32050.0,32750.0,31550.0,32150.0,278539,0.0,0.0
2023-06-12 00:00:00+09:00,32300.0,32450.0,31650.0,32100.0,197282,0.0,0.0
2023-06-13 00:00:00+09:00,32400.0,33000.0,32150.0,32500.0,343701,0.0,0.0
2023-06-14 00:00:00+09:00,32600.0,32650.0,31350.0,31700.0,256282,0.0,0.0
2023-06-15 00:00:00+09:00,32000.0,32800.0,31850.0,32750.0,446711,0.0,0.0
2023-06-16 00:00:00+09:00,32850.0,32900.0,31800.0,32100.0,345071,0.0,0.0
2023-06-19 00:00:00+09:00,32150.0,32150.0,31350.0,31700.0,233001,0.0,0.0
2023-06-20 00:00:00+09:00,31700.0,31900.0,31000.0,31900.0,240286,0.0,0.0
2023-06-21 00:00:00+09:00,31400.0,32200.0,31400.0,31550.0,289839,0.0,0.0
2023-06-22 00:00:00+09:00,31150.0,32100.0,31150.0,31400.0,164663,0.0,0.0
2023-06-23 00:00:00+09:00,31500.0,32400.0,31300.0,31600.0,245396,0.0,0.0
2023-06-26 00:00:00+09:00,31750.0,33050.0,31250.0,32950.0,512726,0.0,0.0
2023-06-27 00:00:00+09:00,32900.0,33000.0,32300.0,32800.0,221546,0.0,0.0
2023-06-28 00:00:00+09:00,33200.0,33250.0,32300.0,32850.0,225148,0.0,0.0
2023-06-29 00:00:00+09:00,32800.0,33600.0,32700.0,33350.0,415002,0.0,0.0
2023-06-30 00:00:00+09:00,33350.0,33400.0,32100.0,32800.0,327500,0.0,0.0
2023-07-03 00:00:00+09:00,33050.0,34200.0,33050.0,33300.0,366155,0.0,0.0
2023-07-04 00:00:00+09:00,33350.0,33500.0,32600.0,33200.0,175318,0.0,0.0
2023-07-05 00:00:00+09:00,33150.0,33500.0,32650.0,32800.0,189523,0.0,0.0
2023-07-06 00:00:00+09:00,32600.0,32600.0,31350.0,31450.0,306810,0.0,0.0
2023-07-07 00:00:00+09:00,31200.0,31550.0,30200.0,30500.0,314014,0.0,0.0
2023-07-10 00:00:00+09:00,30500.0,31000.0,30000.0,30600.0,240995,0.0,0.0
2023-07-12 00:00:00+09:00,31050.0,32100.0,31050.0,31950.0,164958,0.0,0.0
2023-07-13 00:00:00+09:00,32500.0,32600.0,31850.0,31950.0,233314,0.0,0.0
2023-07-14 00:00:00+09:00,32300.0,32900.0,31900.0,32300.0,519177,0.0,0.0
2023-07-17 00:00:00+09:00,32300.0,34000.0,31700.0,33450.0,582839,0.0,0.0
2023-07-18 00:00:00+09:00,34300.0,34900.0,33200.0,33900.0,566459,0.0,0.0
2023-07-19 00:00:00+09:00,34500.0,34500.0,32900.0,33450.0,450233,0.0,0.0
2023-07-20 00:00:00+09:00,33750.0,34700.0,32850.0,34500.0,459169,0.0,0.0
2023-07-21 00:00:00+09:00,33600.0,33950.0,32900.0,33750.0,414851,0.0,0.0
2023-07-24 00:00:00+09:00,33450.0,33450.0,32700.0,33050.0,382330,0.0,0.0
2023-07-25 00:00:00+09:00,33050.0,33750.0,32800.0,33450.0,317594,0.0,0.0
2023-07-26 00:00:00+09:00,33300.0,33550.0,32150.0,32750.0,603298,0.0,0.0
2023-07-27 00:00:00+09:00,33050.0,34500.0,32800.0,34450.0,605276,0.0,0.0
2023-07-28 00:00:00+09:00,35150.0,37700.0,34600.0,37700.0,2896634,0.0,0.0
2023-07-31 00:00:00+09:00,38050.0,38350.0,37000.0,37750.0,702682,0.0,0.0
2023-08-01 00:00:00+09:00,37400.0,37650.0,36000.0,36450.0,797958,0.0,0.0
2023-08-02 00:00:00+09:00,35800.0,36200.0,34800.0,35200.0,565244,0.0,0.0
2023-08-03 00:00:00+09:00,35000.0,35300.0,34000.0,35200.0,493675,0.0,0.0
2023-08-04 00:00:00+09:00,34850.0,35650.0,34500.0,35350.0,386744,0.0,0.0
2023-08-07 00:00:00+09:00,35000.0,35550.0,34100.0,34550.0,311101,0.0,0.0
2023-08-08 00:00:00+09:00,34900.0,35150.0,33600.0,33950.0,245673,0.0,0.0
2023-08-09 00:00:00+09:00,33900.0,34650.0,33200.0,34350.0,235717,0.0,0.0
2023-08-10 00:00:00+09:00,32550.0,32600.0,30400.0,30650.0,1225910,0.0,0.0
2023-08-11 00:00:00+09:00,30700.0,30850.0,30350.0,30800.0,303130,0.0,0.0
2023-08-14 00:00:00+09:00,30800.0,31350.0,30450.0,31150.0,373041,0.0,0.0
2023-08-16 00:00:00+09:00,31300.0,31700.0,30900.0,31700.0,366473,0.0,0.0
2023-08-17 00:00:00+09:00,31400.0,32000.0,31350.0,31500.0,354420,0.0,0.0
2023-08-18 00:00:00+09:00,31250.0,32550.0,30850.0,31950.0,348191,0.0,0.0
2023-08-21 00:00:00+09:00,32400.0,32450.0,31250.0,31700.0,208957,0.0,0.0
2023-08-22 00:00:00+09:00,32000.0,32300.0,30700.0,31100.0,246252,0.0,0.0
2023-08-23 00:00:00+09:00,30800.0,31500.0,30650.0,30900.0,160685,0.0,0.0
2023-08-24 00:00:00+09:00,31450.0,31950.0,31000.0,31500.0,222211,0.0,0.0
2023-08-25 00:00:00+09:00,30800.0,30800.0,30200.0,30800.0,240758,0.0,0.0
2023-08-28 00:00:00+09:00,30950.0,30950.0,30100.0,30200.0,242243,0.0,0.0
2023-08-29 00:00:00+09:00,30250.0,30700.0,30150.0,30350.0,223303,0.0,0.0
2023-08-30 00:00:00+09:00,30800.0,31100.0,30500.0,30750.0,178388,0.0,0.0
2023-08-31 00:00:00+09:00,30650.0,31050.0,30500.0,30850.0,175735,0.0,0.0
2023-09-01 00:00:00+09:00,30750.0,32200.0,30650.0,32200.0,407355,0.0,0.0
2023-09-04 00:00:00+09:00,32450.0,32600.0,31750.0,32450.0,234182,0.0,0.0
2023-09-05 00:00:00+09:00,32300.0,32600.0,31700.0,32000.0,186597,0.0,0.0
2023-09-06 00:00:00+09:00,31800.0,32450.0,31600.0,32000.0,139532,0.0,0.0
2023-09-07 00:00:00+09:00,31700.0,32400.0,31550.0,32150.0,185732,0.0,0.0
2023-09-08 00:00:00+09:00,32350.0,32650.0,31550.0,32500.0,236703,0.0,0.0
2023-09-11 00:00:00+09:00,32500.0,32750.0,31850.0,32500.0,244614,0.0,0.0
2023-09-12 00:00:00+09:00,32550.0,32550.0,31900.0,32100.0,193388,0.0,0.0
2023-09-13 00:00:00+09:00,32200.0,32900.0,31550.0,31900.0,321290,0.0,0.0
2023-09-14 00:00:00+09:00,32200.0,34200.0,32200.0,34200.0,843042,0.0,0.0
2023-09-15 00:00:00+09:00,34200.0,34650.0,33550.0,34600.0,289803,0.0,0.0
2023-09-18 00:00:00+09:00,33550.0,34350.0,33550.0,34250.0,240140,0.0,0.0
2023-09-19 00:00:00+09:00,34450.0,34800.0,33350.0,33550.0,227749,0.0,0.0
2023-09-20 00:00:00+09:00,33550.0,33850.0,33000.0,33250.0,140888,0.0,0.0
2023-09-21 00:00:00+09:00,32650.0,33250.0,32400.0,32700.0,142069,0.0,0.0
2023-09-22 00:00:00+09:00,32200.0,33650.0,32000.0,33500.0,187763,0.0,0.0
2023-09-25 00:00:00+09:00,33500.0,33500.0,32750.0,33000.0,111579,0.0,0.0
2023-09-26 00:00:00+09:00,33300.0,33500.0,32050.0,32400.0,135861,0.0,0.0
2023-09-27 00:00:00+09:00,32200.0,32750.0,30750.0,32000.0,242820,0.0,0.0
2023-10-04 00:00:00+09:00,31350.0,32250.0,31000.0,32200.0,231435,0.0,0.0
2023-10-05 00:00:00+09:00,33000.0,33850.0,32300.0,32950.0,243221,0.0,0.0
2023-10-06 00:00:00+09:00,33250.0,33550.0,32700.0,32900.0,105730,0.0,0.0
2023-10-10 00:00:00+09:00,33200.0,33950.0,32700.0,32800.0,217821,0.0,0.0
2023-10-11 00:00:00+09:00,33550.0,34000.0,33150.0,33350.0,172955,0.0,0.0
2023-10-12 00:00:00+09:00,33650.0,33800.0,32150.0,33300.0,255894,0.0,0.0
2023-10-13 00:00:00+09:00,33000.0,33850.0,32950.0,33300.0,282005,0.0,0.0
2023-10-16 00:00:00+09:00,33000.0,33100.0,31400.0,32150.0,261921,0.0,0.0
2023-10-17 00:00:00+09:00,32200.0,33550.0,31850.0,33550.0,194639,0.0,0.0
2023-10-18 00:00:00+09:00,33050.0,33250.0,32400.0,33050.0,173230,0.0,0.0
2023-10-19 00:00:00+09:00,32150.0,32650.0,31650.0,31750.0,169621,0.0,0.0
2023-10-20 00:00:00+09:00,31250.0,32850.0,31100.0,32100.0,234851,0.0,0.0
2023-10-23 00:00:00+09:00,32000.0,32300.0,31350.0,31900.0,168062,0.0,0.0
2023-10-24 00:00:00+09:00,32200.0,33150.0,31400.0,33150.0,204782,0.0,0.0
2023-10-25 00:00:00+09:00,33150.0,33500.0,32700.0,33250.0,139676,0.0,0.0
2023-10-26 00:00:00+09:00,32400.0,32650.0,31900.0,32150.0,188518,0.0,0.0
2023-10-27 00:00:00+09:00,33000.0,33000.0,31350.0,31750.0,180819,0.0,0.0
2023-10-30 00:00:00+09:00,31850.0,32150.0,31100.0,31250.0,141838,0.0,0.0
2023-10-31 00:00:00+09:00,31350.0,31450.0,30000.0,30000.0,225322,0.0,0.0
2023-11-01 00:00:00+09:00,30200.0,30950.0,30100.0,30350.0,117959,0.0,0.0
2023-11-02 00:00:00+09:00,31450.0,34550.0,31450.0,33850.0,765756,0.0,0.0
2023-11-03 00:00:00+09:00,33850.0,34300.0,33350.0,34200.0,241641,0.0,0.0
2023-11-06 00:00:00+09:00,35000.0,35200.0,33750.0,35200.0,442157,0.0,0.0
2023-11-07 00:00:00+09:00,35300.0,36100.0,34850.0,35350.0,460534,0.0,0.0
2023-11-08 00:00:00+09:00,35800.0,36100.0,34200.0,34850.0,251216,0.0,0.0
2023-11-09 00:00:00+09:00,34600.0,35700.0,34450.0,35250.0,229914,0.0,0.0
2023-11-10 00:00:00+09:00,34650.0,36550.0,34500.0,35650.0,229292,0.0,0.0
2023-11-13 00:00:00+09:00,36500.0,36800.0,35650.0,35950.0,370163,0.0,0.0
2023-11-14 00:00:00+09:00,36150.0,36150.0,35000.0,35600.0,140926,0.0,0.0
2023-11-15 00:00:00+09:00,36300.0,36350.0,35350.0,35500.0,276829,0.0,0.0
2023-11-16 00:00:00+09:00,35500.0,35900.0,34600.0,34900.0,287807,0.0,0.0
2023-11-17 00:00:00+09:00,34900.0,35550.0,34600.0,35500.0,194918,0.0,0.0
2023-11-20 00:00:00+09:00,35500.0,35500.0,34400.0,34750.0,194897,0.0,0.0
2023-11-21 00:00:00+09:00,35000.0,35400.0,34750.0,35000.0,164793,0.0,0.0
2023-11-22 00:00:00+09:00,34400.0,35150.0,34350.0,34850.0,111893,0.0,0.0
2023-11-23 00:00:00+09:00,35150.0,35250.0,34500.0,34850.0,145298,0.0,0.0
2023-11-24 00:00:00+09:00,34800.0,35100.0,34650.0,34950.0,55792,0.0,0.0
2023-11-27 00:00:00+09:00,34700.0,35400.0,34600.0,34700.0,134727,0.0,0.0
2023-11-28 00:00:00+09:00,35000.0,35350.0,34100.0,34200.0,205267,0.0,0.0
2023-11-29 00:00:00+09:00,34250.0,34600.0,34050.0,34200.0,115633,0.0,0.0
2023-11-30 00:00:00+09:00,34250.0,34500.0,33650.0,34000.0,186573,0.0,0.0
2023-12-01 00:00:00+09:00,33500.0,33600.0,33000.0,33300.0,967997,0.0,0.0
2023-12-04 00:00:00+09:00,33750.0,33850.0,33100.0,33250.0,155792,0.0,0.0
2023-12-05 00:00:00+09:00,32800.0,33100.0,31950.0,32300.0,223464,0.0,0.0
2023-12-06 00:00:00+09:00,32350.0,32550.0,31900.0,32500.0,137024,0.0,0.0
2023-12-07 00:00:00+09:00,32500.0,32500.0,31850.0,32250.0,119883,0.0,0.0
2023-12-08 00:00:00+09:00,32600.0,32900.0,32300.0,32450.0,133827,0.0,0.0
2023-12-11 00:00:00+09:00,32550.0,32650.0,32150.0,32600.0,91808,0.0,0.0
2023-12-12 00:00:00+09:00,33000.0,33250.0,32650.0,33050.0,135917,0.0,0.0
2023-12-13 00:00:00+09:00,33050.0,33850.0,32750.0,33450.0,253972,0.0,0.0
2023-12-14 00:00:00+09:00,34000.0,34100.0,33050.0,33850.0,241477,0.0,0.0
2023-12-15 00:00:00+09:00,34050.0,34050.0,33200.0,33200.0,131325,0.0,0.0
2023-12-18 00:00:00+09:00,33550.0,34200.0,33450.0,33950.0,157370,0.0,0.0
2023-12-19 00:00:00+09:00,33850.0,34150.0,33800.0,34050.0,101442,0.0,0.0
2023-12-20 00:00:00+09:00,34200.0,34700.0,33650.0,34000.0,138505,0.0,0.0
2023-12-21 00:00:00+09:00,33550.0,33850.0,33150.0,33500.0,128687,0.0,0.0
2023-12-22 00:00:00+09:00,33900.0,34300.0,33600.0,33950.0,144691,0.0,0.0
2023-12-26 00:00:00+09:00,33900.0,34150.0,33550.0,34050.0,128015,0.0,0.0
2023-12-27 00:00:00+09:00,33950.0,34400.0,33550.0,34050.0,187585,0.0,0.0
2023-12-28 00:00:00+09:00,34050.0,34150.0,33550.0,33950.0,209180,0.0,0.0
2024-01-02 00:00:00+09:00,33650.0,34900.0,33650.0,34850.0,330531,0.0,0.0
2024-01-03 00:00:00+09:00,34350.0,34400.0,33250.0,33900.0,325728,0.0,0.0
2024-01-04 00:00:00+09:00,33650.0,34150.0,33350.0,33900.0,169918,0.0,0.0
2024-01-05 00:00:00+09:00,33900.0,34100.0,33250.0,33350.0,193165,0.0,0.0
2024-01-08 00:00:00+09:00,33250.0,33400.0,33050.0,33150.0,116465,0.0,0.0
2024-01-09 00:00:00+09:00,33550.0,33750.0,32850.0,33150.0,191277,0.0,0.0
2024-01-10 00:00:00+09:00,33350.0,33350.0,32200.0,32900.0,215389,0.0,0.0
2024-01-11 00:00:00+09:00,32850.0,33100.0,32500.0,33100.0,194068,0.0,0.0
2024-01-12 00:00:00+09:00,33100.0,33200.0,32250.0,32500.0,135981,0.0,0.0
2024-01-15 00:00:00+09:00,32550.0,32750.0,32050.0,32400.0,103242,0.0,0.0
2024-01-16 00:00:00+09:00,31850.0,32600.0,31850.0,32400.0,111677,0.0,0.0
2024-01-17 00:00:00+09:00,32650.0,32650.0,31800.0,31800.0,112917,0.0,0.0
2024-01-18 00:00:00+09:00,32100.0,32450.0,31750.0,32350.0,78521,0.0,0.0
2024-01-19 00:00:00+09:00,32750.0,34300.0,32500.0,33950.0,441514,0.0,0.0
2024-01-22 00:00:00+09:00,34700.0,34900.0,33600.0,33750.0,382232,0.0,0.0
2024-01-23 00:00:00+09:00,34050.0,34050.0,32650.0,32800.0,221074,0.0,0.0
2024-01-24 00:00:00+09:00,32800.0,32800.0,32200.0,32800.0,118576,0.0,0.0
2024-01-25 00:00:00+09:00,32750.0,33150.0,32150.0,32350.0,200247,0.0,0.0
2024-01-26 00:00:00+09:00,31950.0,32100.0,31500.0,31700.0,254411,0.0,0.0
2024-01-29 00:00:00+09:00,31600.0,31850.0,30850.0,30900.0,206469,0.0,0.0
2024-01-30 00:00:00+09:00,31150.0,31200.0,30150.0,30700.0,234315,0.0,0.0
2024-01-31 00:00:00+09:00,30400.0,30500.0,30050.0,30350.0,171432,0.0,0.0
2024-02-01 00:00:00+09:00,30300.0,30800.0,30150.0,30700.0,199579,0.0,0.0
2024-02-02 00:00:00+09:00,30950.0,31400.0,30750.0,31000.0,170438,0.0,0.0
2024-02-05 00:00:00+09:00,30950.0,31400.0,30500.0,31350.0,141480,0.0,0.0
2024-02-06 00:00:00+09:00,31350.0,31450.0,30750.0,31000.0,103130,0.0,0.0
2024-02-07 00:00:00+09:00,31150.0,31150.0,30200.0,30200.0,176341,0.0,0.0
2024-02-08 00:00:00+09:00,30350.0,30600.0,30100.0,30500.0,245047,0.0,0.0
2024-02-13 00:00:00+09:00,30500.0,30650.0,29650.0,29650.0,588557,0.0,0.0
2024-02-14 00:00:00+09:00,29500.0,29700.0,28900.0,29650.0,260461,0.0,0.0
2024-02-15 00:00:00+09:00,29800.0,30100.0,29600.0,29850.0,214184,0.0,0.0
2024-02-16 00:00:00+09:00,30000.0,30500.0,29750.0,30500.0,254114,0.0,0.0
2024-02-19 00:00:00+09:00,30700.0,30700.0,30100.0,30450.0,127479,0.0,0.0
2024-02-20 00:00:00+09:00,30250.0,30350.0,29900.0,30200.0,146017,0.0,0.0
2024-02-21 00:00:00+09:00,29900.0,30550.0,29850.0,30250.0,157660,0.0,0.0
2024-02-22 00:00:00+09:00,30300.0,30450.0,29800.0,29900.0,197475,0.0,0.0
2024-02-23 00:00:00+09:00,30150.0,30350.0,29600.0,29800.0,225180,0.0,0.0
2024-02-26 00:00:00+09:00,29250.0,29650.0,29000.0,29100.0,170794,0.0,0.0
2024-02-27 00:00:00+09:00,28950.0,29100.0,28500.0,28500.0,140129,0.0,0.0
2024-02-28 00:00:00+09:00,28250.0,29100.0,28200.0,28900.0,185062,0.0,0.0
2024-02-29 00:00:00+09:00,28700.0,33250.0,28600.0,32800.0,2311257,0.0,0.0
2024-03-04 00:00:00+09:00,33500.0,33950.0,32050.0,33200.0,1103392,0.0,0.0
2024-03-05 00:00:00+09:00,32800.0,33700.0,32100.0,33700.0,500942,0.0,0.0
2024-03-06 00:00:00+09:00,33050.0,35350.0,32800.0,35100.0,959378,0.0,0.0
2024-03-07 00:00:00+09:00,35500.0,35650.0,34550.0,35100.0,463325,0.0,0.0
2024-03-08 00:00:00+09:00,35300.0,35300.0,33850.0,34100.0,459416,0.0,0.0
2024-03-11 00:00:00+09:00,33250.0,33950.0,33050.0,33800.0,272660,0.0,0.0
2024-03-12 00:00:00+09:00,33650.0,34400.0,33450.0,34400.0,266857,0.0,0.0
2024-03-13 00:00:00+09:00,34450.0,34700.0,33800.0,34700.0,296062,0.0,0.0
2024-03-14 00:00:00+09:00,34200.0,34600.0,33700.0,34000.0,247903,0.0,0.0
2024-03-15 00:00:00+09:00,33050.0,34200.0,33000.0,34100.0,197067,0.0,0.0
2024-03-18 00:00:00+09:00,34300.0,34300.0,33600.0,34000.0,228457,0.0,0.0
2024-03-19 00:00:00+09:00,33700.0,34550.0,33500.0,34350.0,222678,0.0,0.0
2024-03-20 00:00:00+09:00,34450.0,37950.0,33900.0,37400.0,2001749,0.0,0.0
2024-03-21 00:00:00+09:00,37550.0,37800.0,36850.0,37600.0,918501,0.0,0.0
2024-03-22 00:00:00+09:00,38000.0,38000.0,35700.0,35750.0,832413,0.0,0.0
2024-03-25 00:00:00+09:00,36300.0,37450.0,36100.0,36600.0,518886,0.0,0.0
2024-03-26 00:00:00+09:00,36550.0,37250.0,36000.0,36150.0,489615,0.0,0.0
2024-03-27 00:00:00+09:00,36200.0,36900.0,35700.0,36650.0,292208,0.0,0.0
2024-03-28 00:00:00+09:00,37100.0,37300.0,36350.0,36500.0,461821,0.0,0.0
2024-03-29 00:00:00+09:00,36750.0,43400.0,36750.0,41500.0,8809647,0.0,0.0
2024-04-01 00:00:00+09:00,41650.0,42500.0,41000.0,42000.0,1431282,0.0,0.0
2024-04-02 00:00:00+09:00,42500.0,42550.0,40800.0,41950.0,974280,0.0,0.0
2024-04-03 00:00:00+09:00,40700.0,42500.0,39900.0,42000.0,957042,0.0,0.0
2024-04-04 00:00:00+09:00,42400.0,42450.0,40400.0,41150.0,780135,0.0,0.0
2024-04-05 00:00:00+09:00,40200.0,42250.0,40050.0,42100.0,827437,0.0,0.0
2024-04-08 00:00:00+09:00,42950.0,44850.0,41400.0,41650.0,1845618,0.0,0.0
2024-04-09 00:00:00+09:00,41500.0,41900.0,39300.0,39450.0,836939,0.0,0.0
2024-04-11 00:00:00+09:00,38700.0,40550.0,38500.0,39800.0,576917,0.0,0.0
2024-04-12 00:00:00+09:00,40650.0,41000.0,38500.0,38950.0,1060727,0.0,0.0
2024-04-15 00:00:00+09:00,38300.0,38900.0,37050.0,38900.0,659425,0.0,0.0
2024-04-16 00:00:00+09:00,38250.0,38650.0,37100.0,37350.0,465249,0.0,0.0
2024-04-17 00:00:00+09:00,37850.0,38300.0,36900.0,37050.0,436070,0.0,0.0
2024-04-18 00:00:00+09:00,36500.0,37750.0,36500.0,37300.0,442502,0.0,0.0
2024-04-19 00:00:00+09:00,36900.0,37350.0,35500.0,37100.0,544079,0.0,0.0
2024-04-22 00:00:00+09:00,36450.0,37400.0,36350.0,36600.0,336025,0.0,0.0
2024-04-23 00:00:00+09:00,37150.0,37250.0,35300.0,35500.0,417322,0.0,0.0
2024-04-24 00:00:00+09:00,36400.0,37100.0,35800.0,36100.0,374761,0.0,0.0
2024-04-25 00:00:00+09:00,35550.0,38650.0,35150.0,36950.0,592357,0.0,0.0
2024-04-26 00:00:00+09:00,37450.0,38150.0,36750.0,37050.0,331832,0.0,0.0
2024-04-29 00:00:00+09:00,37600.0,37750.0,36500.0,37500.0,288647,0.0,0.0
2024-04-30 00:00:00+09:00,37150.0,38100.0,36800.0,37450.0,198258,0.0,0.0
2024-05-02 00:00:00+09:00,36950.0,37050.0,36150.0,36750.0,299679,0.0,0.0
2024-05-03 00:00:00+09:00,37150.0,37450.0,36450.0,36700.0,193742,0.0,0.0
2024-05-07 00:00:00+09:00,37200.0,38800.0,37200.0,38200.0,473569,0.0,0.0
2024-05-08 00:00:00+09:00,37900.0,38400.0,37350.0,38250.0,255647,0.0,0.0
2024-05-09 00:00:00+09:00,38250.0,38750.0,37500.0,37500.0,418829,0.0,0.0
2024-05-10 00:00:00+09:00,35400.0,36700.0,34800.0,35200.0,772054,0.0,0.0
2024-05-13 00:00:00+09:00,35300.0,35350.0,33500.0,33900.0,397395,0.0,0.0
2024-05-14 00:00:00+09:00,33850.0,34150.0,33550.0,33850.0,213922,0.0,0.0
2024-05-16 00:00:00+09:00,34300.0,34900.0,34300.0,34650.0,261875,0.0,0.0
2024-05-17 00:00:00+09:00,34950.0,35100.0,33950.0,33950.0,186690,0.0,0.0
2024-05-20 00:00:00+09:00,34250.0,34350.0,33650.0,34100.0,134362,0.0,0.0
2024-05-21 00:00:00+09:00,34350.0,34850.0,34000.0,34300.0,166599,0.0,0.0
2024-05-22 00:00:00+09:00,34300.0,34800.0,33950.0,34500.0,155964,0.0,0.0
2024-05-23 00:00:00+09:00,34900.0,35850.0,34550.0,35450.0,366908,0.0,0.0
2024-05-24 00:00:00+09:00,34900.0,35150.0,33650.0,33900.0,240853,0.0,0.0
2024-05-27 00:00:00+09:00,34050.0,35650.0,33600.0,35500.0,304695,0.0,0.0
2024-05-28 00:00:00+09:00,35900.0,37500.0,35600.0,36150.0,554988,0.0,0.0
2024-05-29 00:00:00+09:00,36200.0,36500.0,35550.0,35700.0,206363,0.0,0.0
2024-05-30 00:00:00+09:00,35750.0,37200.0,35300.0,36650.0,330908,0.0,0.0
2024-05-31 00:00:00+09:00,36900.0,36900.0,35350.0,35400.0,203409,0.0,0.0
2024-06-03 00:00:00+09:00,35800.0,37300.0,35100.0,36850.0,297512,0.0,0.0
2024-06-04 00:00:00+09:00,36850.0,37200.0,35900.0,36100.0,178392,0.0,0.0
2024-06-05 00:00:00+09:00,37800.0,38200.0,36000.0,36700.0,403342,0.0,0.0
2024-06-07 00:00:00+09:00,37100.0,37650.0,36550.0,36850.0,274301,0.0,0.0
2024-06-10 00:00:00+09:00,36500.0,36950.0,36200.0,36800.0,153963,0.0,0.0
2024-06-11 00:00:00+09:00,36950.0,37100.0,35000.0,35100.0,356805,0.0,0.0
2024-06-12 00:00:00+09:00,35250.0,35500.0,34650.0,35150.0,240345,0.0,0.0
2024-06-13 00:00:00+09:00,35750.0,37500.0,35500.0,35850.0,585685,0.0,0.0
2024-06-14 00:00:00+09:00,36150.0,36650.0,35150.0,35300.0,278009,0.0,0.0
