Date,Open,High,Low,Close,Volume,Dividends,Stock Splits,Capital Gains
2022-12-01 00:00:00-05:00,25.049999237060547,26.450000762939453,25.027000427246094,25.104999542236328,595500,0.0,0.0,0.0
2022-12-02 00:00:00-05:00,25.020000457763672,25.110000610351562,24.899999618530273,25.049999237060547,253400,0.0,0.0,0.0
2022-12-05 00:00:00-05:00,25.0,25.0,24.770000457763672,24.812000274658203,1168300,0.0,0.0,0.0
2022-12-06 00:00:00-05:00,24.84000015258789,24.84000015258789,24.540000915527344,24.66200065612793,172200,0.0,0.0,0.0
2022-12-07 00:00:00-05:00,24.670000076293945,24.690000534057617,24.55500030517578,24.63599967956543,399300,0.0,0.0,0.0
2022-12-08 00:00:00-05:00,24.68000030517578,24.77400016784668,24.666000366210938,24.729999542236328,85700,0.0,0.0,0.0
2022-12-09 00:00:00-05:00,24.719999313354492,24.760000228881836,24.610000610351562,24.631999969482422,55300,0.0,0.0,0.0
2022-12-12 00:00:00-05:00,24.649999618530273,24.81999969482422,24.649999618530273,24.80900001525879,302500,0.0,0.0,0.0
2022-12-13 00:00:00-05:00,25.090999603271484,25.200000762939453,24.850000381469727,24.920000076293945,214400,0.0,0.0,0.0
2022-12-14 00:00:00-05:00,24.885000228881836,25.010000228881836,24.780000686645508,24.868999481201172,179700,0.0,0.0,0.0
2022-12-15 00:00:00-05:00,24.739999771118164,24.739999771118164,24.479999542236328,24.56999969482422,85200,0.0,0.0,0.0
2022-12-16 00:00:00-05:00,24.510000228881836,24.510000228881836,24.30500030517578,24.371000289916992,43600,0.0,0.0,0.0
2022-12-19 00:00:00-05:00,24.56999969482422,24.56999969482422,24.270000457763672,24.34000015258789,35000,0.0,0.0,0.0
2022-12-20 00:00:00-05:00,24.31999969482422,24.3799991607666,24.260000228881836,24.332000732421875,45200,0.0,0.0,0.0
2022-12-21 00:00:00-05:00,24.450000762939453,24.56999969482422,24.395999908447266,24.540000915527344,142900,0.0,0.0,0.0
2022-12-22 00:00:00-05:00,24.399999618530273,24.399999618530273,24.170000076293945,24.375999450683594,122300,0.0,0.0,0.0
2022-12-23 00:00:00-05:00,24.3799991607666,24.459999084472656,24.309999465942383,24.45800018310547,10900,0.0,0.0,0.0
2022-12-27 00:00:00-05:00,24.450000762939453,24.459999084472656,24.34000015258789,24.40999984741211,17200,0.0,0.0,0.0
2022-12-28 00:00:00-05:00,24.40999984741211,24.420000076293945,24.25,24.26099967956543,37600,0.0,0.0,0.0
2022-12-29 00:00:00-05:00,24.450000762939453,24.510000228881836,24.424999237060547,24.488000869750977,11100,0.0,0.0,0.0
2022-12-30 00:00:00-05:00,24.368999481201172,24.410999298095703,24.332000732421875,24.410999298095703,10000,0.0,0.0,0.0
2023-01-03 00:00:00-05:00,24.445999145507812,24.445999145507812,24.290000915527344,24.3799991607666,23700,0.0,0.0,0.0
2023-01-04 00:00:00-05:00,24.420000076293945,24.559999465942383,24.3700008392334,24.465999603271484,22500,0.0,0.0,0.0
2023-01-05 00:00:00-05:00,24.459999084472656,24.459999084472656,24.299999237060547,24.3439998626709,13500,0.0,0.0,0.0
2023-01-06 00:00:00-05:00,24.5,24.690000534057617,24.389999389648438,24.645999908447266,15600,0.0,0.0,0.0
2023-01-09 00:00:00-05:00,24.760000228881836,24.829999923706055,24.6200008392334,24.6200008392334,64400,0.0,0.0,0.0
2023-01-10 00:00:00-05:00,24.62700080871582,24.729999542236328,24.600000381469727,24.724000930786133,36800,0.0,0.0,0.0
2023-01-11 00:00:00-05:00,24.764999389648438,24.889999389648438,24.764999389648438,24.8799991607666,14700,0.0,0.0,0.0
2023-01-12 00:00:00-05:00,24.829999923706055,24.979999542236328,24.829999923706055,24.93400001525879,10200,0.0,0.0,0.0
2023-01-13 00:00:00-05:00,24.899999618530273,25.020000457763672,24.8700008392334,25.010000228881836,59500,0.0,0.0,0.0
2023-01-17 00:00:00-05:00,25.059999465942383,25.059999465942383,24.950000762939453,24.9950008392334,36600,0.0,0.0,0.0
2023-01-18 00:00:00-05:00,25.016000747680664,25.06999969482422,24.799999237060547,24.809999465942383,24900,0.0,0.0,0.0
2023-01-19 00:00:00-05:00,24.719999313354492,24.780000686645508,24.63599967956543,24.718000411987305,60300,0.0,0.0,0.0
2023-01-20 00:00:00-05:00,24.829999923706055,24.959999084472656,24.718000411987305,24.915000915527344,35600,0.0,0.0,0.0
2023-01-23 00:00:00-05:00,24.93000030517578,25.200000762939453,24.93000030517578,25.1299991607666,46200,0.0,0.0,0.0
2023-01-24 00:00:00-05:00,25.04400062561035,25.1299991607666,25.020000457763672,25.089000701904297,171200,0.0,0.0,0.0
2023-01-25 00:00:00-05:00,24.979000091552734,25.110000610351562,24.850000381469727,25.086999893188477,88200,0.0,0.0,0.0
2023-01-26 00:00:00-05:00,25.139999389648438,25.260000228881836,25.094999313354492,25.229999542236328,64500,0.0,0.0,0.0
2023-01-27 00:00:00-05:00,25.268999099731445,25.360000610351562,25.209999084472656,25.27199935913086,27200,0.0,0.0,0.0
2023-01-30 00:00:00-05:00,25.18000030517578,25.25,25.100000381469727,25.100000381469727,26100,0.0,0.0,0.0
2023-01-31 00:00:00-05:00,25.15999984741211,25.34000015258789,25.15999984741211,25.29199981689453,86500,0.0,0.0,0.0
2023-02-01 00:00:00-05:00,25.329999923706055,25.520000457763672,25.200000762939453,25.434999465942383,44600,0.0,0.0,0.0
2023-02-02 00:00:00-05:00,25.55900001525879,25.649999618530273,25.520000457763672,25.58799934387207,16800,0.0,0.0,0.0
2023-02-03 00:00:00-05:00,25.5,25.610000610351562,25.399999618530273,25.520000457763672,59300,0.0,0.0,0.0
2023-02-06 00:00:00-05:00,25.429000854492188,25.459999084472656,25.350000381469727,25.415000915527344,64200,0.0,0.0,0.0
2023-02-07 00:00:00-05:00,25.40999984741211,25.600000381469727,25.350000381469727,25.59000015258789,18800,0.0,0.0,0.0
2023-02-08 00:00:00-05:00,25.488000869750977,25.510000228881836,25.40999984741211,25.43600082397461,9900,0.0,0.0,0.0
2023-02-09 00:00:00-05:00,25.530000686645508,25.559999465942383,25.260000228881836,25.34000015258789,32100,0.0,0.0,0.0
2023-02-10 00:00:00-05:00,25.26099967956543,25.389999389648438,25.26099967956543,25.389999389648438,14200,0.0,0.0,0.0
2023-02-13 00:00:00-05:00,25.3700008392334,25.530000686645508,25.3700008392334,25.496000289916992,48600,0.0,0.0,0.0
2023-02-14 00:00:00-05:00,25.4689998626709,25.59000015258789,25.360000610351562,25.516000747680664,83800,0.0,0.0,0.0
2023-02-15 00:00:00-05:00,25.466999053955078,25.559999465942383,25.420000076293945,25.525999069213867,10400,0.0,0.0,0.0
2023-02-16 00:00:00-05:00,25.389999389648438,25.520000457763672,25.350000381469727,25.371000289916992,19700,0.0,0.0,0.0
2023-02-17 00:00:00-05:00,25.31999969482422,25.360000610351562,25.229999542236328,25.329999923706055,16900,0.0,0.0,0.0
2023-02-21 00:00:00-05:00,25.15999984741211,25.209999084472656,25.05500030517578,25.089000701904297,14100,0.0,0.0,0.0
2023-02-22 00:00:00-05:00,25.139999389648438,25.15999984741211,24.979999542236328,25.05500030517578,25400,0.0,0.0,0.0
2023-02-23 00:00:00-05:00,25.110000610351562,25.170000076293945,24.981000900268555,25.134000778198242,13300,0.0,0.0,0.0
2023-02-24 00:00:00-05:00,24.8799991607666,25.010000228881836,24.8799991607666,24.97100067138672,14400,0.0,0.0,0.0
2023-02-27 00:00:00-05:00,25.15999984741211,25.15999984741211,24.989999771118164,25.018999099731445,20700,0.0,0.0,0.0
2023-02-28 00:00:00-05:00,24.988000869750977,25.099000930786133,24.988000869750977,25.0,21600,0.0,0.0,0.0
2023-03-01 00:00:00-05:00,25.0,25.0,24.8799991607666,24.945999145507812,18900,0.0,0.0,0.0
2023-03-02 00:00:00-05:00,24.889999389648438,25.06999969482422,24.860000610351562,25.049999237060547,16100,0.0,0.0,0.0
2023-03-03 00:00:00-05:00,25.09000015258789,25.270000457763672,25.09000015258789,25.264999389648438,7600,0.0,0.0,0.0
2023-03-06 00:00:00-05:00,25.25,25.389999389648438,25.25,25.270000457763672,8800,0.0,0.0,0.0
2023-03-07 00:00:00-05:00,25.229999542236328,25.260000228881836,25.020999908447266,25.040000915527344,16600,0.0,0.0,0.0
2023-03-08 00:00:00-05:00,24.969999313354492,25.09000015258789,24.969999313354492,25.08300018310547,26000,0.0,0.0,0.0
2023-03-09 00:00:00-05:00,25.049999237060547,25.15999984741211,24.790000915527344,24.84000015258789,33100,0.0,0.0,0.0
2023-03-10 00:00:00-05:00,24.719999313354492,24.81999969482422,24.59000015258789,24.621999740600586,22500,0.0,0.0,0.0
2023-03-13 00:00:00-04:00,24.5,24.78499984741211,24.5,24.690000534057617,22000,0.0,0.0,0.0
2023-03-14 00:00:00-04:00,24.8700008392334,24.940000534057617,24.719999313354492,24.889999389648438,14900,0.0,0.0,0.0
2023-03-15 00:00:00-04:00,24.760000228881836,24.799999237060547,24.673999786376953,24.799999237060547,17700,0.0,0.0,0.0
2023-03-16 00:00:00-04:00,24.719999313354492,25.040000915527344,24.719999313354492,25.010000228881836,29700,0.0,0.0,0.0
2023-03-17 00:00:00-04:00,24.979999542236328,24.979999542236328,24.790000915527344,24.87299919128418,8300,0.0,0.0,0.0
2023-03-20 00:00:00-04:00,24.920000076293945,25.020000457763672,24.899999618530273,24.989999771118164,10100,0.0,0.0,0.0
2023-03-21 00:00:00-04:00,25.139999389648438,25.200000762939453,25.040000915527344,25.15999984741211,25800,0.0,0.0,0.0
2023-03-22 00:00:00-04:00,25.139999389648438,25.239999771118164,24.959999084472656,24.996000289916992,34400,0.0,0.0,0.0
2023-03-23 00:00:00-04:00,25.06999969482422,25.200000762939453,24.8799991607666,24.989999771118164,36400,0.0,0.0,0.0
2023-03-24 00:00:00-04:00,24.8799991607666,25.110000610351562,24.85099983215332,25.110000610351562,29400,0.0,0.0,0.0
2023-03-27 00:00:00-04:00,25.1200008392334,25.170000076293945,25.049999237060547,25.09000015258789,11700,0.0,0.0,0.0
2023-03-28 00:00:00-04:00,25.062000274658203,25.09000015258789,25.010000228881836,25.059999465942383,17900,0.0,0.0,0.0
2023-03-29 00:00:00-04:00,25.22599983215332,25.299999237060547,25.170000076293945,25.290000915527344,22700,0.0,0.0,0.0
2023-03-30 00:00:00-04:00,25.389999389648438,25.389999389648438,25.260000228881836,25.329999923706055,16100,0.0,0.0,0.0
2023-03-31 00:00:00-04:00,25.43000030517578,25.531999588012695,25.3700008392334,25.531999588012695,571300,0.0,0.0,0.0
2023-04-03 00:00:00-04:00,25.59000015258789,25.6200008392334,25.496000289916992,25.5939998626709,6400,0.0,0.0,0.0
2023-04-04 00:00:00-04:00,25.579999923706055,25.610000610351562,25.479999542236328,25.514999389648438,8300,0.0,0.0,0.0
2023-04-05 00:00:00-04:00,25.485000610351562,25.520000457763672,25.42099952697754,25.51799964904785,17500,0.0,0.0,0.0
2023-04-06 00:00:00-04:00,25.509000778198242,25.56999969482422,25.450000762939453,25.558000564575195,18800,0.0,0.0,0.0
2023-04-10 00:00:00-04:00,25.5,25.56999969482422,25.399999618530273,25.54599952697754,15300,0.0,0.0,0.0
2023-04-11 00:00:00-04:00,25.56399917602539,25.6200008392334,25.520000457763672,25.558000564575195,8800,0.0,0.0,0.0
2023-04-12 00:00:00-04:00,25.66900062561035,25.670000076293945,25.461000442504883,25.51799964904785,19500,0.0,0.0,0.0
2023-04-13 00:00:00-04:00,25.545000076293945,25.719999313354492,25.545000076293945,25.709999084472656,30500,0.0,0.0,0.0
2023-04-14 00:00:00-04:00,25.729999542236328,25.729999542236328,25.56999969482422,25.658000946044922,61700,0.0,0.0,0.0
2023-04-17 00:00:00-04:00,25.648000717163086,25.700000762939453,25.56999969482422,25.6299991607666,33900,0.0,0.0,0.0
2023-04-18 00:00:00-04:00,25.709999084472656,25.73900032043457,25.639999389648438,25.690000534057617,28700,0.0,0.0,0.0
2023-04-19 00:00:00-04:00,25.645000457763672,25.75,25.6200008392334,25.700000762939453,28500,0.0,0.0,0.0
2023-04-20 00:00:00-04:00,25.59000015258789,25.729999542236328,25.59000015258789,25.6299991607666,13300,0.0,0.0,0.0
2023-04-21 00:00:00-04:00,25.635000228881836,25.700000762939453,25.56999969482422,25.6560001373291,20700,0.0,0.0,0.0
2023-04-24 00:00:00-04:00,25.700000762939453,25.700000762939453,25.600000381469727,25.672000885009766,52300,0.0,0.0,0.0
2023-04-25 00:00:00-04:00,25.579999923706055,25.579999923706055,25.440000534057617,25.447999954223633,57900,0.0,0.0,0.0
2023-04-26 00:00:00-04:00,25.479999542236328,25.499000549316406,25.35099983215332,25.399999618530273,23700,0.0,0.0,0.0
2023-04-27 00:00:00-04:00,25.440000534057617,25.68000030517578,25.43000030517578,25.6200008392334,108100,0.0,0.0,0.0
2023-04-28 00:00:00-04:00,25.600000381469727,25.790000915527344,25.600000381469727,25.784000396728516,14900,0.0,0.0,0.0
2023-05-01 00:00:00-04:00,25.770000457763672,25.850000381469727,25.75,25.77899932861328,32100,0.0,0.0,0.0
2023-05-02 00:00:00-04:00,25.725000381469727,25.725000381469727,25.5,25.625,22100,0.0,0.0,0.0
2023-05-03 00:00:00-04:00,25.634000778198242,25.700000762939453,25.5,25.549999237060547,30900,0.0,0.0,0.0
2023-05-04 00:00:00-04:00,25.450000762939453,25.5,25.357999801635742,25.450000762939453,16200,0.0,0.0,0.0
2023-05-05 00:00:00-04:00,25.65999984741211,25.709999084472656,25.600000381469727,25.680999755859375,15800,0.0,0.0,0.0
2023-05-08 00:00:00-04:00,25.700000762939453,25.700000762939453,25.63800048828125,25.684999465942383,4200,0.0,0.0,0.0
2023-05-09 00:00:00-04:00,25.601999282836914,25.65999984741211,25.601999282836914,25.632999420166016,4100,0.0,0.0,0.0
2023-05-10 00:00:00-04:00,25.780000686645508,25.780000686645508,25.520000457763672,25.676000595092773,117100,0.0,0.0,0.0
2023-05-11 00:00:00-04:00,25.59000015258789,25.670000076293945,25.575000762939453,25.648000717163086,19600,0.0,0.0,0.0
2023-05-12 00:00:00-04:00,25.68000030517578,25.729999542236328,25.538999557495117,25.6200008392334,313900,0.0,0.0,0.0
2023-05-15 00:00:00-04:00,25.68000030517578,25.68000030517578,25.624000549316406,25.65999984741211,5900,0.0,0.0,0.0
2023-05-16 00:00:00-04:00,25.639999389648438,25.65999984741211,25.559999465942383,25.559999465942383,10600,0.0,0.0,0.0
2023-05-17 00:00:00-04:00,25.709999084472656,25.780000686645508,25.600000381469727,25.729999542236328,18000,0.0,0.0,0.0
2023-05-18 00:00:00-04:00,25.775999069213867,25.889999389648438,25.7450008392334,25.8700008392334,25800,0.0,0.0,0.0
2023-05-19 00:00:00-04:00,25.96500015258789,25.989999771118164,25.81999969482422,25.860000610351562,8600,0.0,0.0,0.0
2023-05-22 00:00:00-04:00,25.90999984741211,25.940000534057617,25.84000015258789,25.850000381469727,65600,0.0,0.0,0.0
2023-05-23 00:00:00-04:00,25.854999542236328,25.889999389648438,25.68000030517578,25.68000030517578,43500,0.0,0.0,0.0
2023-05-24 00:00:00-04:00,25.690000534057617,25.690000534057617,25.510000228881836,25.559999465942383,43700,0.0,0.0,0.0
2023-05-25 00:00:00-04:00,25.65999984741211,25.760000228881836,25.649999618530273,25.690000534057617,11800,0.0,0.0,0.0
2023-05-26 00:00:00-04:00,25.8700008392334,25.96500015258789,25.836999893188477,25.90999984741211,3500,0.0,0.0,0.0
2023-05-30 00:00:00-04:00,25.989999771118164,26.018999099731445,25.868999481201172,25.899999618530273,26400,0.0,0.0,0.0
2023-05-31 00:00:00-04:00,25.90999984741211,25.920000076293945,25.739999771118164,25.850000381469727,113700,0.0,0.0,0.0
2023-06-01 00:00:00-04:00,25.860000610351562,26.040000915527344,25.860000610351562,25.979999542236328,17400,0.0,0.0,0.0
2023-06-02 00:00:00-04:00,26.149999618530273,26.270000457763672,26.12299919128418,26.23900032043457,10800,0.0,0.0,0.0
2023-06-05 00:00:00-04:00,26.200000762939453,26.280000686645508,26.1299991607666,26.149999618530273,28100,0.0,0.0,0.0
2023-06-06 00:00:00-04:00,26.139999389648438,26.229999542236328,26.139999389648438,26.200000762939453,22100,0.0,0.0,0.0
2023-06-07 00:00:00-04:00,26.31999969482422,26.31999969482422,26.1200008392334,26.1299991607666,44900,0.0,0.0,0.0
2023-06-08 00:00:00-04:00,26.239999771118164,26.260000228881836,26.110000610351562,26.229999542236328,55400,0.0,0.0,0.0
2023-06-09 00:00:00-04:00,26.395000457763672,26.395000457763672,26.25,26.260000228881836,23200,0.0,0.0,0.0
2023-06-12 00:00:00-04:00,26.31999969482422,26.43000030517578,26.31999969482422,26.43000030517578,8800,0.0,0.0,0.0
2023-06-13 00:00:00-04:00,26.5,26.600000381469727,26.472999572753906,26.540000915527344,28700,0.0,0.0,0.0
2023-06-14 00:00:00-04:00,26.584999084472656,26.639999389648438,26.399999618530273,26.520000457763672,19100,0.0,0.0,0.0
2023-06-15 00:00:00-04:00,26.579999923706055,26.75,26.579999923706055,26.709999084472656,27700,0.0,0.0,0.0
2023-06-16 00:00:00-04:00,26.8799991607666,26.8799991607666,26.68000030517578,26.68000030517578,10200,0.0,0.0,0.0
2023-06-20 00:00:00-04:00,26.549999237060547,26.700000762939453,26.549999237060547,26.6299991607666,6400,0.0,0.0,0.0
2023-06-21 00:00:00-04:00,26.59000015258789,26.608999252319336,26.510000228881836,26.530000686645508,13900,0.0,0.0,0.0
2023-06-22 00:00:00-04:00,26.510000228881836,26.649999618530273,26.510000228881836,26.6200008392334,20800,0.0,0.0,0.0
2023-06-23 00:00:00-04:00,26.545000076293945,26.59000015258789,26.5,26.5,6800,0.0,0.0,0.0
2023-06-26 00:00:00-04:00,26.601999282836914,26.6299991607666,26.40999984741211,26.40999984741211,20500,0.0,0.0,0.0
2023-06-27 00:00:00-04:00,26.520000457763672,26.68000030517578,26.50200080871582,26.6200008392334,146400,0.0,0.0,0.0
2023-06-28 00:00:00-04:00,26.58799934387207,26.639999389648438,26.56999969482422,26.6299991607666,18700,0.0,0.0,0.0
2023-06-29 00:00:00-04:00,26.635000228881836,26.670000076293945,26.604000091552734,26.65999984741211,41100,0.0,0.0,0.0
2023-06-30 00:00:00-04:00,26.81999969482422,26.93000030517578,26.81999969482422,26.8700008392334,76300,0.0,0.0,0.0
2023-07-03 00:00:00-04:00,26.8799991607666,26.924999237060547,26.860000610351562,26.892000198364258,27500,0.0,0.0,0.0
2023-07-05 00:00:00-04:00,26.863000869750977,26.899999618530273,26.863000869750977,26.89900016784668,53900,0.0,0.0,0.0
2023-07-06 00:00:00-04:00,26.729999542236328,26.799999237060547,26.68000030517578,26.760000228881836,6800,0.0,0.0,0.0
2023-07-07 00:00:00-04:00,26.729999542236328,26.885000228881836,26.709999084472656,26.709999084472656,19600,0.0,0.0,0.0
2023-07-10 00:00:00-04:00,26.799999237060547,26.799999237060547,26.739999771118164,26.770000457763672,14700,0.0,0.0,0.0
2023-07-11 00:00:00-04:00,26.799999237060547,26.8700008392334,26.790000915527344,26.860000610351562,279600,0.0,0.0,0.0
2023-07-12 00:00:00-04:00,27.059999465942383,27.059999465942383,26.975000381469727,26.989999771118164,30300,0.0,0.0,0.0
2023-07-13 00:00:00-04:00,27.06999969482422,27.139999389648438,27.049999237060547,27.110000610351562,31300,0.0,0.0,0.0
2023-07-14 00:00:00-04:00,27.20400047302246,27.20400047302246,27.1299991607666,27.1299991607666,6900,0.0,0.0,0.0
2023-07-17 00:00:00-04:00,27.110000610351562,27.204999923706055,27.110000610351562,27.149999618530273,24400,0.0,0.0,0.0
2023-07-18 00:00:00-04:00,27.260000228881836,27.270999908447266,27.190000534057617,27.25,10900,0.0,0.0,0.0
2023-07-19 00:00:00-04:00,27.309999465942383,27.333999633789062,27.239999771118164,27.25,29400,0.0,0.0,0.0
2023-07-20 00:00:00-04:00,27.31999969482422,27.31999969482422,27.18000030517578,27.200000762939453,4100,0.0,0.0,0.0
2023-07-21 00:00:00-04:00,27.219999313354492,27.270000457763672,27.190000534057617,27.260000228881836,22800,0.0,0.0,0.0
2023-07-24 00:00:00-04:00,27.25,27.329999923706055,27.25,27.260000228881836,56700,0.0,0.0,0.0
2023-07-25 00:00:00-04:00,27.239999771118164,27.34000015258789,27.239999771118164,27.290000915527344,6500,0.0,0.0,0.0
2023-07-26 00:00:00-04:00,27.280000686645508,27.354999542236328,27.260000228881836,27.299999237060547,11500,0.0,0.0,0.0
2023-07-27 00:00:00-04:00,27.38599967956543,27.420000076293945,27.18000030517578,27.209999084472656,20300,0.0,0.0,0.0
2023-07-28 00:00:00-04:00,27.39900016784668,27.39900016784668,27.329999923706055,27.34000015258789,11200,0.0,0.0,0.0
2023-07-31 00:00:00-04:00,27.450000762939453,27.450000762939453,27.350000381469727,27.360000610351562,5200,0.0,0.0,0.0
2023-08-01 00:00:00-04:00,27.41900062561035,27.420000076293945,27.290000915527344,27.31999969482422,1485900,0.0,0.0,0.0
2023-08-02 00:00:00-04:00,27.190000534057617,27.209999084472656,27.118000030517578,27.1299991607666,27700,0.0,0.0,0.0
2023-08-03 00:00:00-04:00,27.059999465942383,27.165000915527344,27.051000595092773,27.09000015258789,28100,0.0,0.0,0.0
2023-08-04 00:00:00-04:00,27.184999465942383,27.299999237060547,27.030000686645508,27.030000686645508,2400,0.0,0.0,0.0
2023-08-07 00:00:00-04:00,27.141000747680664,27.190000534057617,27.1299991607666,27.149999618530273,39000,0.0,0.0,0.0
2023-08-08 00:00:00-04:00,27.06999969482422,27.1200008392334,26.989999771118164,27.110000610351562,37100,0.0,0.0,0.0
2023-08-09 00:00:00-04:00,27.1299991607666,27.138999938964844,27.0,27.0,65000,0.0,0.0,0.0
2023-08-10 00:00:00-04:00,27.09000015258789,27.23900032043457,26.999000549316406,27.010000228881836,5300,0.0,0.0,0.0
2023-08-11 00:00:00-04:00,27.010000228881836,27.030000686645508,27.0,27.010000228881836,13000,0.0,0.0,0.0
2023-08-14 00:00:00-04:00,27.049999237060547,27.100000381469727,27.049999237060547,27.100000381469727,13200,0.0,0.0,0.0
2023-08-15 00:00:00-04:00,26.979999542236328,26.9950008392334,26.8799991607666,26.899999618530273,31800,0.0,0.0,0.0
2023-08-16 00:00:00-04:00,26.860000610351562,26.90999984741211,26.780000686645508,26.780000686645508,14300,0.0,0.0,0.0
2023-08-17 00:00:00-04:00,26.81999969482422,26.81999969482422,26.639999389648438,26.639999389648438,15500,0.0,0.0,0.0
2023-08-18 00:00:00-04:00,26.600000381469727,26.690000534057617,26.600000381469727,26.639999389648438,3400,0.0,0.0,0.0
2023-08-21 00:00:00-04:00,26.639999389648438,26.780000686645508,26.639999389648438,26.760000228881836,4400,0.0,0.0,0.0
2023-08-22 00:00:00-04:00,26.719999313354492,26.75,26.719999313354492,26.7450008392334,2600,0.0,0.0,0.0
2023-08-23 00:00:00-04:00,26.8700008392334,26.940000534057617,26.8700008392334,26.90999984741211,4300,0.0,0.0,0.0
2023-08-24 00:00:00-04:00,26.809999465942383,26.809999465942383,26.711000442504883,26.711000442504883,800,0.0,0.0,0.0
2023-08-25 00:00:00-04:00,26.780000686645508,26.83099937438965,26.701000213623047,26.83099937438965,1300,0.0,0.0,0.0
2023-08-28 00:00:00-04:00,26.923999786376953,26.948999404907227,26.8700008392334,26.920000076293945,9700,0.0,0.0,0.0
2023-08-29 00:00:00-04:00,27.079999923706055,27.18000030517578,27.079999923706055,27.18000030517578,3200,0.0,0.0,0.0
2023-08-30 00:00:00-04:00,27.25,27.260000228881836,27.219999313354492,27.239999771118164,5600,0.0,0.0,0.0
2023-08-31 00:00:00-04:00,27.260000228881836,27.290000915527344,27.250999450683594,27.26300048828125,32400,0.0,0.0,0.0
2023-09-01 00:00:00-04:00,27.31999969482422,27.329999923706055,27.225000381469727,27.264999389648438,9300,0.0,0.0,0.0
2023-09-05 00:00:00-04:00,27.207000732421875,27.256000518798828,27.200000762939453,27.200000762939453,3000,0.0,0.0,0.0
2023-09-06 00:00:00-04:00,27.06999969482422,27.06999969482422,27.0,27.06999969482422,3600,0.0,0.0,0.0
2023-09-07 00:00:00-04:00,26.940000534057617,27.03499984741211,26.940000534057617,27.020000457763672,9700,0.0,0.0,0.0
2023-09-08 00:00:00-04:00,27.118000030517578,27.118000030517578,27.020000457763672,27.03499984741211,2900,0.0,0.0,0.0
2023-09-11 00:00:00-04:00,27.1299991607666,27.18000030517578,27.110000610351562,27.18000030517578,2300,0.0,0.0,0.0
2023-09-12 00:00:00-04:00,27.1299991607666,27.145000457763672,27.059999465942383,27.059999465942383,19700,0.0,0.0,0.0
2023-09-13 00:00:00-04:00,27.1299991607666,27.149999618530273,27.06999969482422,27.09000015258789,3900,0.0,0.0,0.0
2023-09-14 00:00:00-04:00,27.209999084472656,27.309999465942383,27.190000534057617,27.270000457763672,6700,0.0,0.0,0.0
2023-09-15 00:00:00-04:00,27.209999084472656,27.209999084472656,27.020000457763672,27.020000457763672,4900,0.0,0.0,0.0
2023-09-18 00:00:00-04:00,27.010000228881836,27.09000015258789,27.010000228881836,27.049999237060547,1600,0.0,0.0,0.0
2023-09-19 00:00:00-04:00,26.90999984741211,27.049999237060547,26.90999984741211,27.049999237060547,88200,0.0,0.0,0.0
2023-09-20 00:00:00-04:00,27.100000381469727,27.100000381469727,26.790000915527344,26.790000915527344,5700,0.0,0.0,0.0
2023-09-21 00:00:00-04:00,26.639999389648438,26.65999984741211,26.440000534057617,26.440000534057617,318200,0.0,0.0,0.0
2023-09-22 00:00:00-04:00,26.565000534057617,26.601999282836914,26.40999984741211,26.40999984741211,2900,0.0,0.0,0.0
2023-09-25 00:00:00-04:00,26.420000076293945,26.479999542236328,26.40999984741211,26.479999542236328,2700,0.0,0.0,0.0
2023-09-26 00:00:00-04:00,26.270000457763672,26.329999923706055,26.219999313354492,26.25,74600,0.0,0.0,0.0
2023-09-27 00:00:00-04:00,26.290000915527344,26.290000915527344,26.049999237060547,26.18000030517578,10500,0.0,0.0,0.0
2023-09-28 00:00:00-04:00,26.242000579833984,26.399999618530273,26.242000579833984,26.30900001525879,3300,0.0,0.0,0.0
2023-09-29 00:00:00-04:00,26.395000457763672,26.395000457763672,26.200000762939453,26.260000228881836,6400,0.0,0.0,0.0
2023-10-02 00:00:00-04:00,26.18000030517578,26.243000030517578,26.1299991607666,26.243000030517578,13000,0.0,0.0,0.0
2023-10-03 00:00:00-04:00,26.200000762939453,26.200000762939453,25.969999313354492,25.985000610351562,8200,0.0,0.0,0.0
2023-10-04 00:00:00-04:00,26.049999237060547,26.158000946044922,26.0,26.158000946044922,2700,0.0,0.0,0.0
2023-10-05 00:00:00-04:00,26.059999465942383,26.1299991607666,25.996000289916992,26.1299991607666,16900,0.0,0.0,0.0
2023-10-06 00:00:00-04:00,25.979999542236328,26.415000915527344,25.979999542236328,26.367000579833984,3300,0.0,0.0,0.0
2023-10-09 00:00:00-04:00,26.260000228881836,26.490999221801758,26.25,26.483999252319336,2400,0.0,0.0,0.0
2023-10-10 00:00:00-04:00,26.670000076293945,26.743000030517578,26.56999969482422,26.591999053955078,1700,0.0,0.0,0.0
2023-10-11 00:00:00-04:00,26.549999237060547,26.700000762939453,26.510000228881836,26.68000030517578,6200,0.0,0.0,0.0
2023-10-12 00:00:00-04:00,26.649999618530273,26.670000076293945,26.469999313354492,26.518999099731445,4900,0.0,0.0,0.0
2023-10-13 00:00:00-04:00,26.6299991607666,26.635000228881836,26.433000564575195,26.433000564575195,44000,0.0,0.0,0.0
2023-10-16 00:00:00-04:00,26.719999313354492,26.719999313354492,26.6299991607666,26.676000595092773,19200,0.0,0.0,0.0
2023-10-17 00:00:00-04:00,26.469999313354492,26.760000228881836,26.469999313354492,26.650999069213867,20200,0.0,0.0,0.0
2023-10-18 00:00:00-04:00,26.461000442504883,26.520000457763672,26.34000015258789,26.34000015258789,25900,0.0,0.0,0.0
2023-10-19 00:00:00-04:00,26.270000457763672,26.420000076293945,26.200000762939453,26.20400047302246,12400,0.0,0.0,0.0
2023-10-20 00:00:00-04:00,25.988000869750977,26.045000076293945,25.93400001525879,25.93400001525879,22100,0.0,0.0,0.0
2023-10-23 00:00:00-04:00,25.81999969482422,25.989999771118164,25.81999969482422,25.899999618530273,20400,0.0,0.0,0.0
2023-10-24 00:00:00-04:00,25.989999771118164,26.038000106811523,25.893999099731445,26.010000228881836,3300,0.0,0.0,0.0
2023-10-25 00:00:00-04:00,25.809999465942383,25.860000610351562,25.68000030517578,25.722999572753906,400300,0.0,0.0,0.0
2023-10-26 00:00:00-04:00,25.635000228881836,25.635000228881836,25.450000762939453,25.450000762939453,5000,0.0,0.0,0.0
2023-10-27 00:00:00-04:00,25.5049991607666,25.530000686645508,25.34000015258789,25.402000427246094,4900,0.0,0.0,0.0
2023-10-30 00:00:00-04:00,25.492000579833984,25.6299991607666,25.450000762939453,25.594999313354492,8500,0.0,0.0,0.0
2023-10-31 00:00:00-04:00,25.559999465942383,25.719999313354492,25.559999465942383,25.700000762939453,31000,0.0,0.0,0.0
2023-11-01 00:00:00-04:00,25.690000534057617,25.90999984741211,25.68000030517578,25.860000610351562,17200,0.0,0.0,0.0
2023-11-02 00:00:00-04:00,26.010000228881836,26.309999465942383,26.010000228881836,26.277999877929688,436700,0.0,0.0,0.0
2023-11-03 00:00:00-04:00,26.459999084472656,26.610000610351562,26.420000076293945,26.514999389648438,5300,0.0,0.0,0.0
2023-11-06 00:00:00-05:00,26.524999618530273,26.549999237060547,26.440000534057617,26.527999877929688,11900,0.0,0.0,0.0
2023-11-07 00:00:00-05:00,26.530000686645508,26.65999984741211,26.530000686645508,26.60300064086914,17500,0.0,0.0,0.0
2023-11-08 00:00:00-05:00,26.579999923706055,26.709999084472656,26.555999755859375,26.650999069213867,29300,0.0,0.0,0.0
2023-11-09 00:00:00-05:00,26.610000610351562,26.610000610351562,26.399999618530273,26.43000030517578,8900,0.0,0.0,0.0
2023-11-10 00:00:00-05:00,26.530000686645508,26.850000381469727,26.479999542236328,26.850000381469727,2500,0.0,0.0,0.0
2023-11-13 00:00:00-05:00,26.805999755859375,26.860000610351562,26.770000457763672,26.809999465942383,15100,0.0,0.0,0.0
2023-11-14 00:00:00-05:00,27.149999618530273,27.399999618530273,27.149999618530273,27.31800079345703,7900,0.0,0.0,0.0
2023-11-15 00:00:00-05:00,27.3700008392334,27.479999542236328,27.329999923706055,27.34000015258789,73900,0.0,0.0,0.0
2023-11-16 00:00:00-05:00,27.31999969482422,27.415000915527344,27.260000228881836,27.395999908447266,19800,0.0,0.0,0.0
2023-11-17 00:00:00-05:00,27.40999984741211,27.489999771118164,27.350000381469727,27.424999237060547,36400,0.0,0.0,0.0
2023-11-20 00:00:00-05:00,27.54599952697754,27.697999954223633,27.510000228881836,27.641000747680664,29300,0.0,0.0,0.0
2023-11-21 00:00:00-05:00,27.56599998474121,27.610000610351562,27.549999237060547,27.55500030517578,6800,0.0,0.0,0.0
2023-11-22 00:00:00-05:00,27.709999084472656,27.739999771118164,27.70800018310547,27.715999603271484,34300,0.0,0.0,0.0
2023-11-24 00:00:00-05:00,27.719999313354492,27.719999313354492,27.70599937438965,27.70599937438965,5400,0.0,0.0,0.0
2023-11-27 00:00:00-05:00,27.65999984741211,27.719999313354492,27.6299991607666,27.66900062561035,13400,0.0,0.0,0.0
2023-11-28 00:00:00-05:00,27.610000610351562,27.790000915527344,27.610000610351562,27.729999542236328,27700,0.0,0.0,0.0
2023-11-29 00:00:00-05:00,27.889999389648438,27.889999389648438,27.645999908447266,27.670000076293945,39100,0.0,0.0,0.0
2023-11-30 00:00:00-05:00,27.760000228881836,27.829999923706055,27.59000015258789,27.81999969482422,227600,0.0,0.0,0.0
2023-12-01 00:00:00-05:00,27.780000686645508,27.93000030517578,27.709999084472656,27.93000030517578,418900,0.0,0.0,0.0
2023-12-04 00:00:00-05:00,27.84000015258789,27.84000015258789,27.719999313354492,27.829999923706055,232000,0.0,0.0,0.0
2023-12-05 00:00:00-05:00,27.799999237060547,27.860000610351562,27.78499984741211,27.860000610351562,173500,0.0,0.0,0.0
2023-12-06 00:00:00-05:00,27.90999984741211,27.90999984741211,27.739999771118164,27.780000686645508,154900,0.0,0.0,0.0
2023-12-07 00:00:00-05:00,27.81999969482422,27.8799991607666,27.760000228881836,27.860000610351562,79000,0.0,0.0,0.0
2023-12-08 00:00:00-05:00,27.829999923706055,27.940000534057617,27.81100082397461,27.90999984741211,92700,0.0,0.0,0.0
2023-12-11 00:00:00-05:00,27.8799991607666,27.979999542236328,27.878000259399414,27.979999542236328,95000,0.0,0.0,0.0
2023-12-12 00:00:00-05:00,27.979999542236328,28.040000915527344,27.889999389648438,28.020000457763672,87700,0.0,0.0,0.0
2023-12-13 00:00:00-05:00,27.989999771118164,28.219999313354492,27.989999771118164,28.209999084472656,67300,0.0,0.0,0.0
2023-12-14 00:00:00-05:00,28.25,28.260000228881836,28.170000076293945,28.191999435424805,73100,0.0,0.0,0.0
2023-12-15 00:00:00-05:00,28.219999313354492,28.25,28.190000534057617,28.25,35200,0.0,0.0,0.0
2023-12-18 00:00:00-05:00,28.280000686645508,28.302000045776367,28.200000762939453,28.299999237060547,27900,0.0,0.0,0.0
2023-12-19 00:00:00-05:00,28.31999969482422,28.34000015258789,28.25,28.34000015258789,52400,0.0,0.0,0.0
2023-12-20 00:00:00-05:00,28.329999923706055,28.350000381469727,28.149999618530273,28.15999984741211,66800,0.0,0.0,0.0
2023-12-21 00:00:00-05:00,28.239999771118164,28.290000915527344,28.18000030517578,28.2549991607666,64800,0.0,0.0,0.0
2023-12-22 00:00:00-05:00,28.34000015258789,28.34000015258789,28.219999313354492,28.31999969482422,40300,0.0,0.0,0.0
2023-12-26 00:00:00-05:00,28.260000228881836,28.360000610351562,28.260000228881836,28.350000381469727,31100,0.0,0.0,0.0
2023-12-27 00:00:00-05:00,28.329999923706055,28.3799991607666,28.290000915527344,28.34600067138672,11300,0.0,0.0,0.0
2023-12-28 00:00:00-05:00,28.34000015258789,28.399999618530273,28.309999465942383,28.389999389648438,24200,0.0,0.0,0.0
2023-12-29 00:00:00-05:00,28.34000015258789,28.40999984741211,28.31999969482422,28.354999542236328,9500,0.0,0.0,0.0
2024-01-02 00:00:00-05:00,28.270000457763672,28.309999465942383,28.219999313354492,28.268999099731445,15400,0.0,0.0,0.0
2024-01-03 00:00:00-05:00,28.260000228881836,28.260000228881836,28.170000076293945,28.229999542236328,14600,0.0,0.0,0.0
2024-01-04 00:00:00-05:00,28.219999313354492,28.260000228881836,28.177000045776367,28.177000045776367,1600,0.0,0.0,0.0
2024-01-05 00:00:00-05:00,28.209999084472656,28.290000915527344,28.170000076293945,28.190000534057617,11600,0.0,0.0,0.0
2024-01-08 00:00:00-05:00,28.270000457763672,28.36199951171875,28.264999389648438,28.36199951171875,5700,0.0,0.0,0.0
2024-01-09 00:00:00-05:00,28.329999923706055,28.3700008392334,28.260000228881836,28.367000579833984,11400,0.0,0.0,0.0
2024-01-10 00:00:00-05:00,28.3700008392334,28.420000076293945,28.350000381469727,28.406999588012695,5700,0.0,0.0,0.0
2024-01-11 00:00:00-05:00,28.40999984741211,28.469999313354492,28.3439998626709,28.469999313354492,13000,0.0,0.0,0.0
2024-01-12 00:00:00-05:00,28.520000457763672,28.520000457763672,28.40999984741211,28.459999084472656,3700,0.0,0.0,0.0
2024-01-16 00:00:00-05:00,28.054000854492188,28.0939998626709,28.0,28.045000076293945,11200,0.0,0.0,0.0
2024-01-17 00:00:00-05:00,27.94099998474121,28.020000457763672,27.90999984741211,28.017000198364258,5500,0.0,0.0,0.0
2024-01-18 00:00:00-05:00,28.06999969482422,28.110000610351562,28.010000228881836,28.089000701904297,13800,0.0,0.0,0.0
2024-01-19 00:00:00-05:00,28.15999984741211,28.260000228881836,28.100000381469727,28.219999313354492,5100,0.0,0.0,0.0
2024-01-22 00:00:00-05:00,28.27199935913086,28.309999465942383,28.219999313354492,28.29199981689453,14600,0.0,0.0,0.0
2024-01-23 00:00:00-05:00,28.299999237060547,28.329999923706055,28.270000457763672,28.290000915527344,7800,0.0,0.0,0.0
2024-01-24 00:00:00-05:00,28.3799991607666,28.3799991607666,28.290000915527344,28.29599952697754,21200,0.0,0.0,0.0
2024-01-25 00:00:00-05:00,28.309999465942383,28.360000610351562,28.280000686645508,28.329999923706055,4300,0.0,0.0,0.0
2024-01-26 00:00:00-05:00,28.350000381469727,28.389999389648438,28.309999465942383,28.34000015258789,13400,0.0,0.0,0.0
2024-01-29 00:00:00-05:00,28.329999923706055,28.440000534057617,28.31999969482422,28.429000854492188,9900,0.0,0.0,0.0
2024-01-30 00:00:00-05:00,28.3700008392334,28.43000030517578,28.360000610351562,28.416000366210938,7600,0.0,0.0,0.0
2024-01-31 00:00:00-05:00,28.343000411987305,28.343000411987305,28.285999298095703,28.285999298095703,4500,0.0,0.0,0.0
2024-02-01 00:00:00-05:00,28.329999923706055,28.40999984741211,28.2810001373291,28.398000717163086,3100,0.0,0.0,0.0
2024-02-02 00:00:00-05:00,28.3799991607666,28.489999771118164,28.3799991607666,28.464000701904297,1800,0.0,0.0,0.0
2024-02-05 00:00:00-05:00,28.40999984741211,28.469999313354492,28.40999984741211,28.44300079345703,1800,0.0,0.0,0.0
2024-02-06 00:00:00-05:00,28.420000076293945,28.48699951171875,28.400999069213867,28.47599983215332,4000,0.0,0.0,0.0
2024-02-07 00:00:00-05:00,28.549999237060547,28.549999237060547,28.5,28.524999618530273,1600,0.0,0.0,0.0
2024-02-08 00:00:00-05:00,28.5,28.520000457763672,28.479999542236328,28.503000259399414,34600,0.0,0.0,0.0
2024-02-09 00:00:00-05:00,28.59000015258789,28.610000610351562,28.530000686645508,28.579999923706055,7000,0.0,0.0,0.0
2024-02-12 00:00:00-05:00,28.540000915527344,28.618999481201172,28.5310001373291,28.56999969482422,64900,0.0,0.0,0.0
2024-02-13 00:00:00-05:00,28.424999237060547,28.459999084472656,28.329999923706055,28.402000427246094,49500,0.0,0.0,0.0
2024-02-14 00:00:00-05:00,28.469999313354492,28.527999877929688,28.450000762939453,28.527999877929688,6200,0.0,0.0,0.0
2024-02-15 00:00:00-05:00,28.53700065612793,28.600000381469727,28.510000228881836,28.57200050354004,9900,0.0,0.0,0.0
2024-02-16 00:00:00-05:00,28.540000915527344,28.575000762939453,28.510000228881836,28.516000747680664,17300,0.0,0.0,0.0
2024-02-20 00:00:00-05:00,28.489999771118164,28.503999710083008,28.46500015258789,28.475000381469727,7100,0.0,0.0,0.0
2024-02-21 00:00:00-05:00,28.4950008392334,28.510000228881836,28.43000030517578,28.506999969482422,18500,0.0,0.0,0.0
2024-02-22 00:00:00-05:00,28.65999984741211,28.65999984741211,28.610000610351562,28.65999984741211,1800,0.0,0.0,0.0
2024-02-23 00:00:00-05:00,28.690000534057617,28.729999542236328,28.690000534057617,28.69499969482422,1700,0.0,0.0,0.0
2024-02-26 00:00:00-05:00,28.690000534057617,28.700000762939453,28.649999618530273,28.655000686645508,3900,0.0,0.0,0.0
2024-02-27 00:00:00-05:00,28.68400001525879,28.709999084472656,28.645000457763672,28.680999755859375,3400,0.0,0.0,0.0
2024-02-28 00:00:00-05:00,28.690000534057617,28.700000762939453,28.649999618530273,28.65399932861328,2200,0.0,0.0,0.0
2024-02-29 00:00:00-05:00,28.68000030517578,28.743999481201172,28.649999618530273,28.743999481201172,555400,0.0,0.0,0.0
2024-03-01 00:00:00-05:00,28.731000900268555,28.774999618530273,28.731000900268555,28.760000228881836,14200,0.0,0.0,0.0
2024-03-04 00:00:00-05:00,28.760000228881836,28.780000686645508,28.75,28.75,6900,0.0,0.0,0.0
2024-03-05 00:00:00-05:00,28.690000534057617,28.690000534057617,28.649999618530273,28.67099952697754,35500,0.0,0.0,0.0
2024-03-06 00:00:00-05:00,28.719999313354492,28.790000915527344,28.719999313354492,28.731000900268555,1600,0.0,0.0,0.0
2024-03-07 00:00:00-05:00,28.790000915527344,28.799999237060547,28.790000915527344,28.792999267578125,4400,0.0,0.0,0.0
2024-03-08 00:00:00-05:00,28.850000381469727,28.860000610351562,28.75,28.780000686645508,2400,0.0,0.0,0.0
2024-03-11 00:00:00-04:00,28.719999313354492,28.76300048828125,28.719999313354492,28.76300048828125,400,0.0,0.0,0.0
2024-03-12 00:00:00-04:00,28.809999465942383,28.86400032043457,28.809999465942383,28.86400032043457,300,0.0,0.0,0.0
2024-03-13 00:00:00-04:00,28.854999542236328,28.854999542236328,28.81999969482422,28.850000381469727,600,0.0,0.0,0.0
2024-03-14 00:00:00-04:00,28.81999969482422,28.825000762939453,28.75,28.81999969482422,10200,0.0,0.0,0.0
2024-03-15 00:00:00-04:00,28.739999771118164,28.780000686645508,28.731000900268555,28.780000686645508,6000,0.0,0.0,0.0
2024-03-18 00:00:00-04:00,28.81999969482422,28.832000732421875,28.809999465942383,28.832000732421875,32500,0.0,0.0,0.0
2024-03-19 00:00:00-04:00,28.799999237060547,28.8799991607666,28.799999237060547,28.8799991607666,11800,0.0,0.0,0.0
2024-03-20 00:00:00-04:00,28.889999389648438,28.950000762939453,28.850000381469727,28.950000762939453,1900,0.0,0.0,0.0
2024-03-21 00:00:00-04:00,28.959999084472656,28.981000900268555,28.950000762939453,28.981000900268555,600,0.0,0.0,0.0
2024-03-22 00:00:00-04:00,28.951000213623047,28.996000289916992,28.951000213623047,28.996000289916992,1700,0.0,0.0,0.0
2024-03-25 00:00:00-04:00,28.948999404907227,28.961999893188477,28.948999404907227,28.961999893188477,8100,0.0,0.0,0.0
2024-03-26 00:00:00-04:00,28.989999771118164,28.989999771118164,28.961999893188477,28.961999893188477,300,0.0,0.0,0.0
2024-03-27 00:00:00-04:00,28.989999771118164,29.020000457763672,28.989999771118164,29.020000457763672,400,0.0,0.0,0.0
2024-03-28 00:00:00-04:00,29.010000228881836,29.030000686645508,29.0,29.020000457763672,4000,0.0,0.0,0.0
2024-04-01 00:00:00-04:00,29.000999450683594,29.020000457763672,28.989999771118164,29.020000457763672,2300,0.0,0.0,0.0
2024-04-02 00:00:00-04:00,28.96500015258789,28.96500015258789,28.96500015258789,28.96500015258789,400,0.0,0.0,0.0
2024-04-03 00:00:00-04:00,28.93000030517578,28.9950008392334,28.93000030517578,28.982999801635742,6400,0.0,0.0,0.0
2024-04-04 00:00:00-04:00,28.8700008392334,28.892000198364258,28.8700008392334,28.884000778198242,1600,0.0,0.0,0.0
2024-04-05 00:00:00-04:00,28.920000076293945,28.96299934387207,28.920000076293945,28.96299934387207,1600,0.0,0.0,0.0
2024-04-08 00:00:00-04:00,28.945999145507812,28.975000381469727,28.945999145507812,28.975000381469727,4800,0.0,0.0,0.0
2024-04-09 00:00:00-04:00,29.010000228881836,29.010000228881836,28.937000274658203,28.992000579833984,2000,0.0,0.0,0.0
2024-04-10 00:00:00-04:00,28.88800048828125,28.913999557495117,28.860000610351562,28.913999557495117,2400,0.0,0.0,0.0
2024-04-11 00:00:00-04:00,28.920000076293945,28.985000610351562,28.920000076293945,28.985000610351562,500,0.0,0.0,0.0
2024-04-12 00:00:00-04:00,28.85099983215332,28.885000228881836,28.844999313354492,28.844999313354492,800,0.0,0.0,0.0
2024-04-15 00:00:00-04:00,28.889999389648438,28.889999389648438,28.729999542236328,28.7549991607666,2100,0.0,0.0,0.0
2024-04-16 00:00:00-04:00,28.729999542236328,28.75,28.709999084472656,28.746000289916992,4500,0.0,0.0,0.0
2024-04-17 00:00:00-04:00,28.739999771118164,28.7549991607666,28.670000076293945,28.68000030517578,4500,0.0,0.0,0.0
2024-04-18 00:00:00-04:00,28.65999984741211,28.68899917602539,28.650999069213867,28.68899917602539,5800,0.0,0.0,0.0
2024-04-19 00:00:00-04:00,28.670000076293945,28.670000076293945,28.608999252319336,28.61400032043457,2000,0.0,0.0,0.0
2024-04-22 00:00:00-04:00,28.639999389648438,28.75,28.6200008392334,28.732999801635742,1800,0.0,0.0,0.0
2024-04-23 00:00:00-04:00,28.860000610351562,28.860000610351562,28.81999969482422,28.85700035095215,1200,0.0,0.0,0.0
2024-04-24 00:00:00-04:00,28.809999465942383,28.87299919128418,28.809999465942383,28.87299919128418,200,0.0,0.0,0.0
2024-04-25 00:00:00-04:00,28.790000915527344,28.822999954223633,28.790000915527344,28.822999954223633,100,0.0,0.0,0.0
2024-04-26 00:00:00-04:00,28.940000534057617,28.940000534057617,28.90999984741211,28.930999755859375,1800,0.0,0.0,0.0
2024-04-29 00:00:00-04:00,28.96500015258789,28.96500015258789,28.920000076293945,28.958999633789062,800,0.0,0.0,0.0
2024-04-30 00:00:00-04:00,28.889999389648438,28.889999389648438,28.8439998626709,28.8439998626709,400,0.0,0.0,0.0
2024-05-01 00:00:00-04:00,28.889999389648438,28.889999389648438,28.80900001525879,28.80900001525879,6400,0.0,0.0,0.0
2024-05-02 00:00:00-04:00,28.8700008392334,28.878999710083008,28.840999603271484,28.878999710083008,900,0.0,0.0,0.0
2024-05-03 00:00:00-04:00,28.979999542236328,29.020000457763672,28.979999542236328,29.020000457763672,9100,0.0,0.0,0.0
2024-05-06 00:00:00-04:00,29.040000915527344,29.108999252319336,29.040000915527344,29.108999252319336,11800,0.0,0.0,0.0
2024-05-07 00:00:00-04:00,29.1200008392334,29.1200008392334,29.1200008392334,29.1200008392334,200,0.0,0.0,0.0
2024-05-08 00:00:00-04:00,29.113000869750977,29.1299991607666,29.100000381469727,29.1200008392334,6000,0.0,0.0,0.0
2024-05-09 00:00:00-04:00,29.135000228881836,29.170000076293945,29.135000228881836,29.170000076293945,7400,0.0,0.0,0.0
2024-05-10 00:00:00-04:00,29.200000762939453,29.229999542236328,29.18000030517578,29.21500015258789,37800,0.0,0.0,0.0
2024-05-13 00:00:00-04:00,29.209999084472656,29.211000442504883,29.190000534057617,29.211000442504883,3800,0.0,0.0,0.0
2024-05-14 00:00:00-04:00,29.209999084472656,29.246000289916992,29.209999084472656,29.229999542236328,2300,0.0,0.0,0.0
2024-05-15 00:00:00-04:00,29.270000457763672,29.35300064086914,29.270000457763672,29.35300064086914,2800,0.0,0.0,0.0
2024-05-16 00:00:00-04:00,29.329999923706055,29.343000411987305,29.329999923706055,29.343000411987305,600,0.0,0.0,0.0
2024-05-17 00:00:00-04:00,29.361000061035156,29.361000061035156,29.354999542236328,29.354999542236328,200,0.0,0.0,0.0
2024-05-20 00:00:00-04:00,29.395000457763672,29.395000457763672,29.351999282836914,29.371000289916992,3300,0.0,0.0,0.0
2024-05-21 00:00:00-04:00,29.3799991607666,29.399999618530273,29.3799991607666,29.399999618530273,500,0.0,0.0,0.0
2024-05-22 00:00:00-04:00,29.38800048828125,29.43000030517578,29.3700008392334,29.378999710083008,3700,0.0,0.0,0.0
2024-05-23 00:00:00-04:00,29.420000076293945,29.43000030517578,29.309999465942383,29.334999084472656,3400,0.0,0.0,0.0
2024-05-24 00:00:00-04:00,29.391000747680664,29.405000686645508,29.391000747680664,29.405000686645508,1200,0.0,0.0,0.0
2024-05-28 00:00:00-04:00,29.389999389648438,29.420000076293945,29.3799991607666,29.392000198364258,2300,0.0,0.0,0.0
2024-05-29 00:00:00-04:00,29.350000381469727,29.371000289916992,29.34000015258789,29.360000610351562,3600,0.0,0.0,0.0
2024-05-30 00:00:00-04:00,29.31999969482422,29.34000015258789,29.299999237060547,29.30299949645996,3300,0.0,0.0,0.0
2024-05-31 00:00:00-04:00,29.30900001525879,29.40399932861328,29.25,29.40399932861328,6900,0.0,0.0,0.0
2024-06-03 00:00:00-04:00,29.413000106811523,29.413000106811523,29.350000381469727,29.40999984741211,30000,0.0,0.0,0.0
2024-06-04 00:00:00-04:00,29.360000610351562,29.420000076293945,29.360000610351562,29.415000915527344,800,0.0,0.0,0.0
2024-06-05 00:00:00-04:00,29.46500015258789,29.4950008392334,29.445999145507812,29.4950008392334,1300,0.0,0.0,0.0
2024-06-06 00:00:00-04:00,29.510000228881836,29.520999908447266,29.459999084472656,29.5049991607666,11600,0.0,0.0,0.0
2024-06-07 00:00:00-04:00,29.514999389648438,29.514999389648438,29.503999710083008,29.503999710083008,800,0.0,0.0,0.0
2024-06-10 00:00:00-04:00,29.517000198364258,29.527999877929688,29.51099967956543,29.527999877929688,700,0.0,0.0,0.0
2024-06-11 00:00:00-04:00,29.489999771118164,29.54599952697754,29.469999313354492,29.54599952697754,5300,0.0,0.0,0.0
2024-06-12 00:00:00-04:00,29.59000015258789,29.614999771118164,29.549999237060547,29.610000610351562,10900,0.0,0.0,0.0
2024-06-13 00:00:00-04:00,29.579999923706055,29.6200008392334,29.579999923706055,29.6200008392334,1300,0.0,0.0,0.0
2024-06-14 00:00:00-04:00,29.57900047302246,29.610000610351562,29.57900047302246,29.610000610351562,400,0.0,0.0,0.0
2024-06-17 00:00:00-04:00,29.610000610351562,29.649999618530273,29.600000381469727,29.649999618530273,3100,0.0,0.0,0.0
2024-06-18 00:00:00-04:00,29.65999984741211,29.65999984741211,29.65999984741211,29.65999984741211,600,0.0,0.0,0.0
2024-06-20 00:00:00-04:00,29.65999984741211,29.65999984741211,29.628999710083008,29.649999618530273,900,0.0,0.0,0.0
2024-06-21 00:00:00-04:00,29.6200008392334,29.658000946044922,29.6200008392334,29.655000686645508,900,0.0,0.0,0.0
2024-06-24 00:00:00-04:00,29.639999389648438,29.655000686645508,29.639999389648438,29.655000686645508,300,0.0,0.0,0.0
2024-06-25 00:00:00-04:00,29.6200008392334,29.676000595092773,29.6200008392334,29.676000595092773,7200,0.0,0.0,0.0
2024-06-26 00:00:00-04:00,29.6200008392334,29.69300079345703,29.6200008392334,29.69300079345703,3800,0.0,0.0,0.0
2024-06-27 00:00:00-04:00,29.66699981689453,29.729999542236328,29.65999984741211,29.729999542236328,8700,0.0,0.0,0.0
2024-06-28 00:00:00-04:00,29.709999084472656,29.739999771118164,29.670000076293945,29.69499969482422,4900,0.0,0.0,0.0
2024-07-01 00:00:00-04:00,29.691999435424805,29.731000900268555,29.68000030517578,29.731000900268555,14500,0.0,0.0,0.0
2024-07-02 00:00:00-04:00,29.739999771118164,29.790000915527344,29.700000762939453,29.7549991607666,6600,0.0,0.0,0.0
2024-07-03 00:00:00-04:00,29.75,29.774999618530273,29.729999542236328,29.774999618530273,2900,0.0,0.0,0.0
2024-07-05 00:00:00-04:00,29.780000686645508,29.829999923706055,29.760000228881836,29.780000686645508,1800,0.0,0.0,0.0
2024-07-08 00:00:00-04:00,29.790000915527344,29.815000534057617,29.770000457763672,29.815000534057617,3300,0.0,0.0,0.0
2024-07-09 00:00:00-04:00,29.770000457763672,29.825000762939453,29.770000457763672,29.799999237060547,2900,0.0,0.0,0.0
2024-07-10 00:00:00-04:00,29.809999465942383,29.849000930786133,29.799999237060547,29.849000930786133,3900,0.0,0.0,0.0
2024-07-11 00:00:00-04:00,29.860000610351562,29.860000610351562,29.797000885009766,29.825000762939453,2600,0.0,0.0,0.0
2024-07-12 00:00:00-04:00,29.860000610351562,29.868000030517578,29.84000015258789,29.868000030517578,11300,0.0,0.0,0.0
2024-07-15 00:00:00-04:00,29.889999389648438,29.89299964904785,29.84000015258789,29.8700008392334,10300,0.0,0.0,0.0
2024-07-16 00:00:00-04:00,29.8700008392334,29.889999389648438,29.84000015258789,29.889999389648438,2300,0.0,0.0,0.0
2024-07-17 00:00:00-04:00,29.860000610351562,29.8799991607666,29.829999923706055,29.844999313354492,11400,0.0,0.0,0.0
2024-07-18 00:00:00-04:00,29.809999465942383,29.81800079345703,29.760000228881836,29.79199981689453,15700,0.0,0.0,0.0
2024-07-19 00:00:00-04:00,29.75,29.799999237060547,29.75,29.788000106811523,5600,0.0,0.0,0.0
2024-07-22 00:00:00-04:00,29.81999969482422,29.85700035095215,29.809999465942383,29.85700035095215,3300,0.0,0.0,0.0
2024-07-23 00:00:00-04:00,29.83099937438965,29.854999542236328,29.81999969482422,29.854999542236328,2300,0.0,0.0,0.0
2024-07-24 00:00:00-04:00,29.75,29.774999618530273,29.719999313354492,29.719999313354492,9600,0.0,0.0,0.0
2024-07-25 00:00:00-04:00,29.729999542236328,29.790000915527344,29.68000030517578,29.69099998474121,1900,0.0,0.0,0.0
2024-07-26 00:00:00-04:00,29.740999221801758,29.799999237060547,29.740999221801758,29.780000686645508,5200,0.0,0.0,0.0
2024-07-29 00:00:00-04:00,29.790000915527344,29.809999465942383,29.780000686645508,29.802000045776367,3100,0.0,0.0,0.0
2024-07-30 00:00:00-04:00,29.75,29.799999237060547,29.719999313354492,29.788000106811523,7200,0.0,0.0,0.0
2024-07-31 00:00:00-04:00,29.8700008392334,29.8799991607666,29.854999542236328,29.868000030517578,800,0.0,0.0,0.0
2024-08-01 00:00:00-04:00,29.81999969482422,29.81999969482422,29.739999771118164,29.75,3100,0.0,0.0,0.0
2024-08-02 00:00:00-04:00,29.579999923706055,29.604000091552734,29.489999771118164,29.604000091552734,17900,0.0,0.0,0.0
2024-08-05 00:00:00-04:00,29.059999465942383,29.440000534057617,29.059999465942383,29.21500015258789,17300,0.0,0.0,0.0
2024-08-06 00:00:00-04:00,29.329999923706055,29.520000457763672,29.329999923706055,29.46500015258789,2800,0.0,0.0,0.0
2024-08-07 00:00:00-04:00,29.399999618530273,29.614999771118164,29.38800048828125,29.38800048828125,4800,0.0,0.0,0.0
2024-08-08 00:00:00-04:00,29.5,29.600000381469727,29.490999221801758,29.593000411987305,10500,0.0,0.0,0.0
2024-08-09 00:00:00-04:00,29.56999969482422,29.697999954223633,29.56999969482422,29.697999954223633,600,0.0,0.0,0.0
2024-08-12 00:00:00-04:00,29.729999542236328,29.729999542236328,29.704999923706055,29.704999923706055,2700,0.0,0.0,0.0
2024-08-13 00:00:00-04:00,29.760000228881836,29.832000732421875,29.740999221801758,29.832000732421875,7100,0.0,0.0,0.0
2024-08-14 00:00:00-04:00,29.860000610351562,29.899999618530273,29.829999923706055,29.89699935913086,2300,0.0,0.0,0.0
2024-08-15 00:00:00-04:00,29.965999603271484,29.965999603271484,29.940000534057617,29.951000213623047,3300,0.0,0.0,0.0
2024-08-16 00:00:00-04:00,29.981000900268555,29.990999221801758,29.975000381469727,29.975000381469727,500,0.0,0.0,0.0
2024-08-19 00:00:00-04:00,29.969999313354492,30.0049991607666,29.969999313354492,30.00200080871582,1400,0.0,0.0,0.0
2024-08-20 00:00:00-04:00,29.989999771118164,30.049999237060547,29.989999771118164,30.014999389648438,4800,0.0,0.0,0.0
2024-08-21 00:00:00-04:00,29.989999771118164,30.049999237060547,29.989999771118164,30.014999389648438,2600,0.0,0.0,0.0
2024-08-22 00:00:00-04:00,30.0,30.016000747680664,29.969999313354492,29.985000610351562,400,0.0,0.0,0.0
2024-08-23 00:00:00-04:00,30.020000457763672,30.079999923706055,30.014999389648438,30.05500030517578,4800,0.0,0.0,0.0
2024-08-26 00:00:00-04:00,30.049999237060547,30.079999923706055,30.040000915527344,30.05299949645996,4100,0.0,0.0,0.0
2024-08-27 00:00:00-04:00,30.030000686645508,30.101999282836914,30.030000686645508,30.075000762939453,1400,0.0,0.0,0.0
2024-08-28 00:00:00-04:00,30.075000762939453,30.110000610351562,30.040000915527344,30.065000534057617,7800,0.0,0.0,0.0
2024-08-29 00:00:00-04:00,30.049999237060547,30.099000930786133,30.049999237060547,30.09000015258789,1600,0.0,0.0,0.0
2024-08-30 00:00:00-04:00,30.121000289916992,30.13599967956543,30.100000381469727,30.1299991607666,3200,0.0,0.0,0.0
2024-09-03 00:00:00-04:00,30.05500030517578,30.05500030517578,29.940000534057617,29.989999771118164,1500,0.0,0.0,0.0
2024-09-04 00:00:00-04:00,30.01799964904785,30.059999465942383,29.950000762939453,30.0049991607666,15200,0.0,0.0,0.0
2024-09-05 00:00:00-04:00,29.989999771118164,30.0049991607666,29.95599937438965,30.0049991607666,900,0.0,0.0,0.0
2024-09-06 00:00:00-04:00,29.924999237060547,29.924999237060547,29.86199951171875,29.905000686645508,3600,0.0,0.0,0.0
2024-09-09 00:00:00-04:00,29.989999771118164,30.00200080871582,29.969999313354492,30.00200080871582,700,0.0,0.0,0.0
2024-09-10 00:00:00-04:00,30.020000457763672,30.041000366210938,29.989999771118164,30.041000366210938,1600,0.0,0.0,0.0
2024-09-11 00:00:00-04:00,30.040000915527344,30.10300064086914,30.040000915527344,30.10300064086914,1000,0.0,0.0,0.0
2024-09-12 00:00:00-04:00,30.079999923706055,30.136999130249023,30.079999923706055,30.136999130249023,5100,0.0,0.0,0.0
2024-09-13 00:00:00-04:00,30.174999237060547,30.174999237060547,30.174999237060547,30.174999237060547,100,0.0,0.0,0.0
2024-09-16 00:00:00-04:00,30.139999389648438,30.184999465942383,30.139999389648438,30.184999465942383,100,0.0,0.0,0.0
2024-09-17 00:00:00-04:00,30.18000030517578,30.200000762939453,30.163999557495117,30.18400001525879,2700,0.0,0.0,0.0
2024-09-18 00:00:00-04:00,30.15999984741211,30.184999465942383,30.15999984741211,30.184999465942383,200,0.0,0.0,0.0
2024-09-19 00:00:00-04:00,30.209999084472656,30.235000610351562,30.209999084472656,30.21299934387207,6700,0.0,0.0,0.0
2024-09-20 00:00:00-04:00,30.229999542236328,30.25,30.219999313354492,30.25,2800,0.0,0.0,0.0
2024-09-23 00:00:00-04:00,30.239999771118164,30.270000457763672,30.229999542236328,30.268999099731445,36600,0.0,0.0,0.0
2024-09-24 00:00:00-04:00,30.25,30.26300048828125,30.229999542236328,30.253999710083008,21100,0.0,0.0,0.0
2024-09-25 00:00:00-04:00,30.260000228881836,30.28499984741211,30.239999771118164,30.28499984741211,1500,0.0,0.0,0.0
2024-09-26 00:00:00-04:00,30.25,30.295000076293945,30.25,30.264999389648438,132200,0.0,0.0,0.0
2024-09-27 00:00:00-04:00,30.295000076293945,30.295000076293945,30.295000076293945,30.295000076293945,100,0.0,0.0,0.0
2024-09-30 00:00:00-04:00,30.270000457763672,30.302000045776367,30.239999771118164,30.302000045776367,10800,0.0,0.0,0.0
2024-10-01 00:00:00-04:00,30.25,30.260000228881836,30.239999771118164,30.260000228881836,1200,0.0,0.0,0.0
2024-10-02 00:00:00-04:00,30.239999771118164,30.270999908447266,30.239999771118164,30.270000457763672,900,0.0,0.0,0.0
2024-10-03 00:00:00-04:00,30.229999542236328,30.274999618530273,30.219999313354492,30.261999130249023,23300,0.0,0.0,0.0
2024-10-04 00:00:00-04:00,30.280000686645508,30.308000564575195,30.270000457763672,30.308000564575195,1600,0.0,0.0,0.0
2024-10-07 00:00:00-04:00,30.260000228881836,30.309999465942383,30.260000228881836,30.28499984741211,600,0.0,0.0,0.0
2024-10-08 00:00:00-04:00,30.260000228881836,30.34000015258789,30.260000228881836,30.299999237060547,9600,0.0,0.0,0.0
2024-10-09 00:00:00-04:00,30.325000762939453,30.329999923706055,30.299999237060547,30.329999923706055,2900,0.0,0.0,0.0
2024-10-10 00:00:00-04:00,30.31999969482422,30.325000762939453,30.299999237060547,30.320999145507812,6000,0.0,0.0,0.0
2024-10-11 00:00:00-04:00,30.34000015258789,30.364999771118164,30.329999923706055,30.364999771118164,400,0.0,0.0,0.0
2024-10-14 00:00:00-04:00,30.395000457763672,30.395000457763672,30.360000610351562,30.395000457763672,1300,0.0,0.0,0.0
2024-10-15 00:00:00-04:00,30.413000106811523,30.43000030517578,30.350000381469727,30.3799991607666,18300,0.0,0.0,0.0
2024-10-16 00:00:00-04:00,30.406999588012695,30.40999984741211,30.3700008392334,30.395000457763672,700,0.0,0.0,0.0
2024-10-17 00:00:00-04:00,30.34000015258789,30.420000076293945,30.34000015258789,30.40999984741211,5100,0.0,0.0,0.0
2024-10-18 00:00:00-04:00,30.40999984741211,30.435100555419922,30.39080047607422,30.435100555419922,512,0.0,0.0,0.0
