Date,Open,High,Low,Close,Volume,Dividends,Stock Splits
1994-02-17 00:00:00-05:00,17.284533505512375,17.538717821769907,16.606708662158947,16.691436767578125,4478600,0.0,0.0
1994-02-18 00:00:00-05:00,16.776164872997303,16.94562108383566,16.43725245132059,16.691436767578125,777900,0.0,0.0
1994-02-22 00:00:00-05:00,16.437242693778796,16.60669880402394,16.267786583533656,16.521970748901367,361900,0.0,0.0
1994-02-23 00:00:00-05:00,16.52196899537117,16.60669704150128,15.759416580200195,15.759416580200195,284500,0.0,0.0
1994-02-24 00:00:00-05:00,15.674685265706932,15.759413294170214,15.42050118031709,15.589957237243652,494600,0.0,0.0
1994-02-25 00:00:00-05:00,15.58995754844264,16.183053759524697,15.58995754844264,16.098325729370117,102000,0.0,0.0
1994-02-28 00:00:00-05:00,16.183059692382812,16.267787753599478,16.09833163116615,16.183059692382812,115200,0.0,0.0
1994-03-01 00:00:00-05:00,16.09832876472063,16.267784856980846,15.674688534070087,15.759416580200195,246600,0.0,0.0
1994-03-02 00:00:00-05:00,15.420502662658691,15.505230699266706,15.335774626050675,15.420502662658691,355900,0.0,0.0
1994-03-03 00:00:00-05:00,15.420505711289703,15.589961818007174,15.420505711289703,15.505233764648438,51500,0.0,0.0
1994-03-04 00:00:00-05:00,15.58995365452122,15.844137681497111,15.420497636537295,15.674681663513184,145500,0.0,0.0
1994-03-07 00:00:00-05:00,15.674685265706932,15.759413294170214,15.589957237243652,15.589957237243652,102200,0.0,0.0
1994-03-08 00:00:00-05:00,15.589957237243652,15.674685265706932,15.50522920878037,15.589957237243652,34700,0.0,0.0
1994-03-09 00:00:00-05:00,15.674689871365908,15.674689871365908,15.50523376464844,15.505233764648438,101100,0.0,0.0
1994-03-10 00:00:00-05:00,15.505237702573284,15.589965777450734,14.996869253308587,15.081597328186035,220400,0.0,0.0
1994-03-11 00:00:00-05:00,14.996865645467237,15.166321754455566,14.912137590973071,15.166321754455566,42100,0.0,0.0
1994-03-14 00:00:00-05:00,15.081597328186037,15.251053477940935,14.996869253308587,15.081597328186035,11900,0.0,0.0
1994-03-15 00:00:00-05:00,15.420502662658691,15.58995873587472,15.25104658944266,15.420502662658691,128500,0.0,0.0
1994-03-16 00:00:00-05:00,15.420502662658691,15.505230699266706,15.25104658944266,15.420502662658691,93800,0.0,0.0
1994-03-17 00:00:00-05:00,15.505239170559204,15.505239170559204,15.251054921861511,15.335783004760742,43700,0.0,0.0
1994-03-18 00:00:00-05:00,15.251049604572234,15.50523376464844,15.251049604572234,15.505233764648438,125000,0.0,0.0
1994-03-21 00:00:00-05:00,15.420497636537295,15.674681663513184,15.420497636537295,15.674681663513184,81100,0.0,0.0
1994-03-22 00:00:00-05:00,15.589959002555684,16.013599192842523,15.589959002555684,15.928871154785156,91800,0.0,0.0
1994-03-23 00:00:00-05:00,16.437244415283203,16.86088473526473,16.437244415283203,16.437244415283203,332700,0.0,0.0
1994-03-24 00:00:00-05:00,16.521968245506287,16.521968245506287,16.267784118652344,16.267784118652344,113300,0.0,0.0
1994-03-25 00:00:00-05:00,16.267784118652344,16.43724020322164,16.267784118652344,16.267784118652344,54700,0.0,0.0
1994-03-28 00:00:00-05:00,16.43724020322164,16.43724020322164,16.09832803408305,16.267784118652344,67900,0.0,0.0
1994-03-29 00:00:00-05:00,16.183051522572836,16.267779541015624,15.251043319702148,15.251043319702148,174400,0.0,0.0
1994-03-30 00:00:00-05:00,15.081588529597568,15.081588529597568,14.912132478703214,14.99686050415039,198000,0.0,0.0
1994-03-31 00:00:00-05:00,15.081597956744107,15.166326035152782,14.573229486292059,14.912141799926758,201000,0.0,0.0
1994-04-04 00:00:00-04:00,14.65795403303102,14.65795403303102,14.234313743059026,14.573225975036621,206600,0.0,0.0
1994-04-05 00:00:00-04:00,14.573222296578543,15.420502662658691,14.573222296578543,15.420502662658691,40500,0.0,0.0
1994-04-06 00:00:00-04:00,15.420505711289703,15.50523376464844,15.251049604572234,15.505233764648438,31700,0.0,0.0
1994-04-07 00:00:00-04:00,15.50523376464844,15.50523376464844,15.335777657930969,15.505233764648438,14500,0.0,0.0
1994-04-08 00:00:00-04:00,15.505227375030517,15.505227375030517,14.996859264373779,15.251043319702148,29900,0.0,0.0
1994-04-11 00:00:00-04:00,15.420511087659973,15.420511087659973,15.08159875606305,15.335783004760742,28900,0.0,0.0
1994-04-12 00:00:00-04:00,15.251044580491923,15.251044580491923,14.912132478703214,14.99686050415039,56200,0.0,0.0
1994-04-13 00:00:00-04:00,15.08159372176247,15.166321776379114,14.403769284829327,14.742681503295898,48100,0.0,0.0
1994-04-14 00:00:00-04:00,14.57322579099421,14.57322579099421,14.403769677145439,14.488497734069824,81800,0.0,0.0
1994-04-15 00:00:00-04:00,14.488497734069824,14.488497734069824,14.403769677145439,14.488497734069824,23400,0.0,0.0
1994-04-18 00:00:00-04:00,14.488494402024806,14.488494402024806,13.895398139953613,13.895398139953613,119100,0.0,0.0
1994-04-19 00:00:00-04:00,13.895399460881393,13.895399460881393,13.556487278908676,13.641215324401855,23100,0.0,0.0
1994-04-20 00:00:00-04:00,13.64121472684643,13.64121472684643,13.217574517938155,13.387030601501465,72900,0.0,0.0
1994-04-21 00:00:00-04:00,13.302302559719811,13.47175864328312,13.217574517938155,13.387030601501465,67100,0.0,0.0
1994-04-22 00:00:00-04:00,13.217574517938155,13.387030601501465,13.217574517938155,13.387030601501465,8000,0.0,0.0
1994-04-25 00:00:00-04:00,13.217579058021498,13.30230712890625,12.370298349173966,13.30230712890625,130900,0.0,0.0
1994-04-26 00:00:00-04:00,13.302307674683721,14.234316492655191,13.302307674683721,14.064860343933105,172800,0.0,0.0
1994-04-28 00:00:00-04:00,14.234311863333879,14.319039910139438,14.064855769722762,14.14958381652832,73900,0.0,0.0
1994-04-29 00:00:00-04:00,14.23430878183116,15.589957237243652,14.23430878183116,15.589957237243652,166100,0.0,0.0
1994-05-02 00:00:00-04:00,15.420501488133482,16.098325729370117,15.335773457978902,16.098325729370117,87800,0.0,0.0
1994-05-03 00:00:00-04:00,15.928882456080798,16.098338652422083,15.759426259739513,15.844154357910156,55000,0.0,0.0
1994-05-04 00:00:00-04:00,15.928871154785156,16.26778330701463,15.844143116727789,15.928871154785156,81500,0.0,0.0
1994-05-05 00:00:00-04:00,15.759426259739513,15.928882456080798,15.759426259739513,15.844154357910156,14200,0.0,0.0
1994-05-06 00:00:00-04:00,15.674683411916096,15.759411430358886,15.166315301259358,15.251043319702148,67900,0.0,0.0
1994-05-09 00:00:00-04:00,15.081597956744107,15.251054113561457,14.742685643109407,14.912141799926758,65200,0.0,0.0
1994-05-10 00:00:00-04:00,14.912141636439733,14.912141636439733,14.74268548148019,14.827413558959961,18000,0.0,0.0
1994-05-11 00:00:00-04:00,14.827409961767364,14.827409961767364,14.488497734069824,14.488497734069824,24200,0.0,0.0
1994-05-12 00:00:00-04:00,14.573231394150676,14.573231394150676,14.403775215148924,14.403775215148926,18400,0.0,0.0
1994-05-13 00:00:00-04:00,14.403767956944996,14.403767956944996,14.14958381652832,14.14958381652832,68700,0.0,0.0
1994-05-16 00:00:00-04:00,14.064855551867751,14.064855551867751,13.556487278908676,13.641215324401855,13800,0.0,0.0
1994-05-17 00:00:00-04:00,13.641222653898804,13.641222653898804,13.471766471862793,13.471766471862793,18300,0.0,0.0
1994-05-18 00:00:00-04:00,13.47175864328312,13.47175864328312,13.217574517938155,13.387030601501465,40900,0.0,0.0
1994-05-19 00:00:00-04:00,13.217574270148027,13.302302310341283,12.200837787828949,12.878662109375,772400,0.0,0.0
1994-05-20 00:00:00-04:00,12.793941743718754,13.556494562880799,12.793941743718754,13.471766471862793,58400,0.0,0.0
1994-05-23 00:00:00-04:00,13.556487278908676,13.725943369895035,13.556487278908676,13.641215324401855,12600,0.0,0.0
1994-05-24 00:00:00-04:00,13.725946068763733,13.725946068763733,13.471761882305145,13.556489944458008,92000,0.0,0.0
1994-05-25 00:00:00-04:00,13.387033820152283,13.556489944458008,13.387033820152283,13.556489944458008,36600,0.0,0.0
1994-05-26 00:00:00-04:00,13.641221205393473,13.72594928741455,13.641221205393473,13.72594928741455,3700,0.0,0.0
1994-05-27 00:00:00-04:00,13.725942768628084,13.725942768628084,13.302302559719811,13.387030601501465,15800,0.0,0.0
1994-05-31 00:00:00-04:00,13.217579675489857,13.217579675489857,13.132851600646973,13.132851600646973,3000,0.0,0.0
1994-06-01 00:00:00-04:00,13.048123525804089,13.132851600646973,13.048123525804089,13.132851600646973,17900,0.0,0.0
1994-06-02 00:00:00-04:00,13.30230575799942,13.556489944458008,13.30230575799942,13.556489944458008,25300,0.0,0.0
1994-06-03 00:00:00-04:00,13.725943582500525,14.234311863333879,13.725943582500525,14.14958381652832,60300,0.0,0.0
1994-06-06 00:00:00-04:00,14.064860343933105,14.14958841829415,13.980132269572064,14.064860343933105,55400,0.0,0.0
1994-06-07 00:00:00-04:00,14.149587801524572,14.234315872192385,14.149587801524572,14.234315872192383,34300,0.0,0.0
1994-06-08 00:00:00-04:00,14.234315872192385,14.234315872192385,14.149587801524572,14.234315872192383,3600,0.0,0.0
1994-06-09 00:00:00-04:00,14.234311863333879,14.234311863333879,14.14958381652832,14.14958381652832,3600,0.0,0.0
1994-06-10 00:00:00-04:00,14.06485973085676,14.319043942860196,14.06485973085676,14.234315872192383,10600,0.0,0.0
1994-06-13 00:00:00-04:00,14.234315872192385,14.319043942860196,14.149587801524572,14.234315872192383,9200,0.0,0.0
1994-06-14 00:00:00-04:00,14.23431028970858,14.23431028970858,13.725942065076131,13.895398139953613,51500,0.0,0.0
1994-06-15 00:00:00-04:00,14.403776598803569,14.657960891723633,14.403776598803569,14.657960891723633,63100,0.0,0.0
1994-06-16 00:00:00-04:00,14.742681503295898,14.742681503295898,14.657953448679255,14.742681503295898,11600,0.0,0.0
1994-06-17 00:00:00-04:00,14.912141178431137,15.081597328186037,14.827413103553686,15.081597328186035,25400,0.0,0.0
1994-06-20 00:00:00-04:00,14.912141799926758,14.912141799926758,14.742685643109407,14.912141799926758,14400,0.0,0.0
1994-06-21 00:00:00-04:00,14.912137612529184,14.912137612529184,14.573225394062613,14.742681503295898,30200,0.0,0.0
1994-06-22 00:00:00-04:00,14.91213124593099,15.251043319702148,14.91213124593099,15.251043319702148,22600,0.0,0.0
1994-06-23 00:00:00-04:00,15.081597791399275,15.081597791399275,14.827413558959961,14.827413558959961,4800,0.0,0.0
1994-06-24 00:00:00-04:00,14.912137612529184,14.912137612529184,14.742681503295898,14.742681503295898,7800,0.0,0.0
1994-06-27 00:00:00-04:00,14.573225394062613,14.742681503295898,14.573225394062613,14.742681503295898,6400,0.0,0.0
1994-06-28 00:00:00-04:00,14.573225975036621,14.573225975036621,14.319041801053425,14.573225975036621,18000,0.0,0.0
1994-06-29 00:00:00-04:00,14.403775215148924,14.403775215148924,14.234319036147173,14.403775215148926,15800,0.0,0.0
1994-06-30 00:00:00-04:00,14.573229486292059,14.912141799926758,14.488501407883383,14.912141799926758,38000,0.0,0.0
1994-07-01 00:00:00-04:00,14.912138207014218,14.912138207014218,14.573225975036621,14.573225975036621,13700,0.0,0.0
1994-07-05 00:00:00-04:00,14.573229326520648,14.827413558959961,14.573229326520648,14.827413558959961,4800,0.0,0.0
1994-07-06 00:00:00-04:00,14.742681503295898,14.912137612529184,14.657953448679255,14.742681503295898,39900,0.0,0.0
1994-07-07 00:00:00-04:00,14.742681503295898,14.742681503295898,14.742681503295898,14.742681503295898,11100,0.0,0.0
1994-07-08 00:00:00-04:00,14.827413558959961,14.912141636439733,14.74268548148019,14.827413558959961,16200,0.0,0.0
1994-07-11 00:00:00-04:00,14.74268548148019,14.827413558959961,14.657957404000419,14.827413558959961,37700,0.0,0.0
1994-07-12 00:00:00-04:00,14.912141799926758,14.912141799926758,14.827413721518083,14.912141799926758,16100,0.0,0.0
1994-07-13 00:00:00-04:00,14.912137612529184,14.912137612529184,14.742681503295898,14.742681503295898,1200,0.0,0.0
1994-07-14 00:00:00-04:00,14.827413721518083,15.081597956744107,14.827413721518083,14.912141799926758,28200,0.0,0.0
1994-07-15 00:00:00-04:00,14.99686050415039,14.99686050415039,14.912132478703214,14.99686050415039,6000,0.0,0.0
1994-07-18 00:00:00-04:00,14.827417087003674,14.912145184643695,14.657960891723633,14.657960891723633,17500,0.0,0.0
1994-07-19 00:00:00-04:00,14.742681503295898,14.827409557912542,14.657953448679255,14.742681503295898,4600,0.0,0.0
1994-07-20 00:00:00-04:00,14.742685643109407,14.912141799926758,14.742685643109407,14.912141799926758,15800,0.0,0.0
1994-07-21 00:00:00-04:00,14.742682091025419,14.742682091025419,14.403769859047824,14.573225975036621,33100,0.0,0.0
1994-07-22 00:00:00-04:00,14.57322579099421,14.57322579099421,14.403769677145439,14.488497734069824,5400,0.0,0.0
1994-07-25 00:00:00-04:00,14.657960891723633,14.742688989363653,14.573232794083612,14.657960891723633,5600,0.0,0.0
1994-07-26 00:00:00-04:00,14.573229486292059,14.912141799926758,14.573229486292059,14.912141799926758,26600,0.0,0.0
1994-07-27 00:00:00-04:00,14.742682091025419,14.742682091025419,14.573225975036621,14.573225975036621,10800,0.0,0.0
1994-07-28 00:00:00-04:00,14.657957404000419,14.827413558959961,14.657957404000419,14.827413558959961,29400,0.0,0.0
1994-07-29 00:00:00-04:00,14.827413721518083,14.996869878335433,14.742685643109407,14.912141799926758,23600,0.0,0.0
1994-08-01 00:00:00-04:00,14.827413721518083,14.912141799926758,14.827413721518083,14.912141799926758,36100,0.0,0.0
1994-08-02 00:00:00-04:00,14.742685643109407,14.912141799926758,14.742685643109407,14.912141799926758,65500,0.0,0.0
1994-08-03 00:00:00-04:00,14.827413558959961,14.827413558959961,14.827413558959961,14.827413558959961,1300,0.0,0.0
1994-08-04 00:00:00-04:00,14.912141636439733,14.912141636439733,14.74268548148019,14.827413558959961,4500,0.0,0.0
1994-08-05 00:00:00-04:00,14.827413558959961,14.827413558959961,14.827413558959961,14.827413558959961,1200,0.0,0.0
1994-08-08 00:00:00-04:00,14.827417087003674,14.827417087003674,14.573232794083612,14.657960891723633,2700,0.0,0.0
1994-08-09 00:00:00-04:00,14.4885033046498,14.573231394150676,14.403775215148924,14.403775215148926,1900,0.0,0.0
1994-08-10 00:00:00-04:00,14.319041620221055,14.488497734069824,14.319041620221055,14.488497734069824,9400,0.0,0.0
1994-08-11 00:00:00-04:00,14.488500084195818,14.488500084195818,14.234315872192385,14.234315872192383,5600,0.0,0.0
1994-08-12 00:00:00-04:00,14.234315872192385,14.403772013528007,14.234315872192385,14.234315872192383,16300,0.0,0.0
1994-08-15 00:00:00-04:00,14.319044567016235,14.319044567016235,14.064860343933105,14.064860343933105,3000,0.0,0.0
1994-08-16 00:00:00-04:00,13.980126893973049,13.980126893973049,12.878662350811537,13.387030601501465,174700,0.0,0.0
1994-08-17 00:00:00-04:00,13.556489944458008,13.725946068763733,13.471761882305145,13.556489944458008,43300,0.0,0.0
1994-08-18 00:00:00-04:00,13.387035199791004,13.55649134156051,13.217579058021498,13.30230712890625,29200,0.0,0.0
1994-08-19 00:00:00-04:00,13.471766471862793,13.556494562880799,13.387038380844789,13.471766471862793,40300,0.0,0.0
1994-08-22 00:00:00-04:00,13.47175864328312,13.556486685064774,13.387030601501465,13.387030601501465,1200,0.0,0.0
1994-08-23 00:00:00-04:00,13.556487278908676,13.725943369895035,13.471759233415495,13.641215324401855,31100,0.0,0.0
1994-08-24 00:00:00-04:00,13.725945654090928,13.810673713684082,13.641217594497775,13.810673713684082,5500,0.0,0.0
1994-08-25 00:00:00-04:00,13.810671415388214,13.810671415388214,13.641215324401855,13.641215324401855,40900,0.0,0.0
1994-08-26 00:00:00-04:00,13.801379677557176,13.801379677557176,13.11983006385065,13.205023765563965,92900,0.11,0.0
1994-08-29 00:00:00-04:00,13.290220856666565,13.630995750427246,13.290220856666565,13.630995750427246,12700,0.0,0.0
1994-08-30 00:00:00-04:00,13.630997759741057,13.630997759741057,13.460610287744293,13.545804023742676,4100,0.0,0.0
1994-08-31 00:00:00-04:00,13.630993182842548,13.630993182842548,13.290218353271484,13.290218353271484,18700,0.0,0.0
1994-09-01 00:00:00-04:00,13.460606575012207,13.460606575012207,13.37541286251213,13.460606575012207,34600,0.0,0.0
1994-09-02 00:00:00-04:00,13.545804023742676,13.545804023742676,13.460610287744293,13.545804023742676,44300,0.0,0.0
1994-09-06 00:00:00-04:00,13.630997457622009,13.801384925842285,13.630997457622009,13.801384925842285,9100,0.0,0.0
1994-09-07 00:00:00-04:00,13.801383197307587,13.801383197307587,13.545802026987076,13.630995750427246,17300,0.0,0.0
1994-09-08 00:00:00-04:00,13.716189473867416,13.801383197307587,13.630995750427246,13.630995750427246,10900,0.0,0.0
1994-09-09 00:00:00-04:00,13.630997759741057,13.630997759741057,13.545804023742676,13.545804023742676,1700,0.0,0.0
1994-09-12 00:00:00-04:00,13.460606575012207,13.545800287512284,13.460606575012207,13.460606575012207,2900,0.0,0.0
1994-09-13 00:00:00-04:00,13.37541206066425,13.460605768057016,13.290218353271484,13.290218353271484,51600,0.0,0.0
1994-09-14 00:00:00-04:00,13.460605768057016,13.460605768057016,13.290218353271484,13.290218353271484,88500,0.0,0.0
1994-09-15 00:00:00-04:00,13.29022281574753,13.545804023742676,13.29022281574753,13.545804023742676,3500,0.0,0.0
1994-09-16 00:00:00-04:00,13.375416551745912,13.630997759741057,13.375416551745912,13.545804023742676,29000,0.0,0.0
1994-09-19 00:00:00-04:00,13.545804023742676,13.630997759741057,13.375416551745912,13.545804023742676,4100,0.0,0.0
1994-09-20 00:00:00-04:00,13.545799475449781,13.545799475449781,13.034637231093187,13.290218353271484,83300,0.0,0.0
1994-09-21 00:00:00-04:00,13.119830938485952,13.290218353271484,13.119830938485952,13.290218353271484,16700,0.0,0.0
1994-09-22 00:00:00-04:00,13.37540940861953,13.37540940861953,12.864247265614962,12.949440956115723,13200,0.0,0.0
1994-09-23 00:00:00-04:00,12.949440956115723,13.119828337117246,12.949440956115723,12.949440956115723,647600,0.0,0.0
1994-09-26 00:00:00-04:00,12.949442660424017,13.205023765563965,12.779055256997385,13.205023765563965,19700,0.0,0.0
1994-09-27 00:00:00-04:00,13.290215718118768,13.290215718118768,12.949440956115723,12.949440956115723,12300,0.0,0.0
1994-09-28 00:00:00-04:00,13.11983006385065,13.205023765563965,13.11983006385065,13.205023765563965,2500,0.0,0.0
1994-09-29 00:00:00-04:00,13.205024645878717,13.37541206066425,13.205024645878717,13.290218353271484,86100,0.0,0.0
1994-09-30 00:00:00-04:00,13.290220856666565,13.630995750427246,13.290220856666565,13.630995750427246,80500,0.0,0.0
1994-10-03 00:00:00-04:00,13.630993766073855,13.716187477111816,13.630993766073855,13.716187477111816,74600,0.0,0.0
1994-10-04 00:00:00-04:00,13.630993766073855,13.80138118814978,13.630993766073855,13.716187477111816,20000,0.0,0.0
1994-10-05 00:00:00-04:00,13.801384925842285,13.801384925842285,13.630997457622009,13.801384925842285,38900,0.0,0.0
1994-10-06 00:00:00-04:00,13.716192653380245,14.14216136932373,13.716192653380245,14.14216136932373,148300,0.0,0.0
1994-10-07 00:00:00-04:00,14.056967626135034,14.227355112512427,14.056967626135034,14.14216136932373,1800,0.0,0.0
1994-10-10 00:00:00-04:00,14.31254748176126,14.482934951782227,14.31254748176126,14.482934951782227,5600,0.0,0.0
1994-10-11 00:00:00-04:00,14.568128193446569,14.908903121948242,14.48293446132115,14.908903121948242,30900,0.0,0.0
1994-10-12 00:00:00-04:00,14.823709389822824,14.908903121948242,14.738515657697405,14.908903121948242,1100,0.0,0.0
1994-10-13 00:00:00-04:00,14.994097709655762,15.164485183629123,14.994097709655762,14.994097709655762,11900,0.0,0.0
1994-10-14 00:00:00-04:00,15.079283597083066,15.24967098236084,14.90889621180529,15.24967098236084,4900,0.0,0.0
1994-10-17 00:00:00-04:00,15.164485183629123,15.164485183629123,14.994097709655762,14.994097709655762,1400,0.0,0.0
1994-10-18 00:00:00-04:00,14.823714383075691,14.823714383075691,14.56813310060887,14.738520622253418,6700,0.0,0.0
1994-10-19 00:00:00-04:00,14.653326861431143,14.738520622253418,14.653326861431143,14.738520622253418,1000,0.0,0.0
1994-10-20 00:00:00-04:00,14.568130085267216,14.568130085267216,14.14216136932373,14.14216136932373,33300,0.0,0.0
1994-10-21 00:00:00-04:00,14.227352327289003,14.227352327289003,14.056964874267578,14.056964874267578,93300,0.0,0.0
1994-10-24 00:00:00-04:00,13.971773882946335,14.14216136932373,13.971773882946335,14.14216136932373,2100,0.0,0.0
1994-10-25 00:00:00-04:00,14.142159862282835,14.142159862282835,13.801384925842285,13.801384925842285,13400,0.0,0.0
1994-10-26 00:00:00-04:00,13.886578659952422,13.97177239406256,13.801384925842285,13.801384925842285,2300,0.0,0.0
1994-10-27 00:00:00-04:00,13.886576652526855,13.971770374321498,13.801382930732212,13.886576652526855,3800,0.0,0.0
1994-10-28 00:00:00-04:00,13.971773882946335,14.14216136932373,13.971773882946335,14.14216136932373,3700,0.0,0.0
1994-10-31 00:00:00-05:00,13.971771147756865,14.056964874267578,13.971771147756865,14.056964874267578,12700,0.0,0.0
1994-11-01 00:00:00-05:00,13.886576920747757,13.886576920747757,13.630995750427246,13.630995750427246,24300,0.0,0.0
1994-11-02 00:00:00-05:00,13.716189473867416,13.716189473867416,13.630995750427246,13.630995750427246,17700,0.0,0.0
1994-11-03 00:00:00-05:00,13.630994000012361,13.630994000012361,13.460606575012207,13.460606575012207,24700,0.0,0.0
1994-11-04 00:00:00-05:00,13.460610287744293,13.80138523173782,13.460610287744293,13.545804023742676,17800,0.0,0.0
1994-11-07 00:00:00-05:00,13.630994000012361,13.630994000012361,13.460606575012207,13.460606575012207,9100,0.0,0.0
1994-11-08 00:00:00-05:00,13.460608303546906,13.630995750427246,13.460608303546906,13.630995750427246,13800,0.0,0.0
1994-11-09 00:00:00-05:00,13.630994000012361,13.630994000012361,13.460606575012207,13.460606575012207,13300,0.0,0.0
1994-11-10 00:00:00-05:00,13.630994000012361,13.630994000012361,13.460606575012207,13.460606575012207,30100,0.0,0.0
1994-11-11 00:00:00-05:00,13.290218501896053,13.290218501896053,13.03463737685959,13.119831085205078,120800,0.0,0.0
1994-11-14 00:00:00-05:00,13.205024793550566,13.205024793550566,13.03463737685959,13.119831085205078,3300,0.0,0.0
1994-11-15 00:00:00-05:00,13.119831085205078,13.290218501896053,13.119831085205078,13.119831085205078,4400,0.0,0.0
1994-11-16 00:00:00-05:00,13.03463737685959,13.119831085205078,12.949443668514103,13.119831085205078,10800,0.0,0.0
1994-11-17 00:00:00-05:00,12.949440956115723,13.205022027618007,12.949440956115723,12.949440956115723,54200,0.0,0.0
1994-11-18 00:00:00-05:00,12.949443668514103,13.119831085205078,12.864249960168616,13.119831085205078,6900,0.0,0.0
1994-11-21 00:00:00-05:00,13.119831085205078,13.205024793550566,13.119831085205078,13.119831085205078,1300,0.0,0.0
1994-11-22 00:00:00-05:00,13.034632682800293,13.119826360465654,13.034632682800293,13.034632682800293,1200,0.0,0.0
1994-11-23 00:00:00-05:00,13.205022027618007,13.290215718118768,12.949440956115723,12.949440956115723,18700,0.0,0.0
1994-11-25 00:00:00-05:00,13.024845846338211,13.110535621643068,12.767776520423642,13.110535621643066,11700,0.11,0.0
1994-11-28 00:00:00-05:00,12.93916130065918,12.93916130065918,12.85347149072104,12.93916130065918,12300,0.0,0.0
1994-11-29 00:00:00-05:00,12.93915797239982,13.024847760296508,12.767778396606445,12.767778396606445,52700,0.0,0.0
1994-11-30 00:00:00-05:00,12.682092799080742,12.767782615290747,12.253643718030718,12.339333534240723,164200,0.0,0.0
1994-12-01 00:00:00-05:00,12.51071548461914,12.596405316705573,12.425025652532707,12.51071548461914,2900,0.0,0.0
1994-12-02 00:00:00-05:00,12.510710463231925,12.596400260925295,12.510710463231925,12.596400260925293,14000,0.0,0.0
1994-12-05 00:00:00-05:00,12.682088608709757,12.767778396606445,12.59639882081307,12.767778396606445,97800,0.0,0.0
1994-12-06 00:00:00-05:00,12.682090058618662,12.767779856312032,12.596400260925295,12.596400260925293,5100,0.0,0.0
1994-12-07 00:00:00-05:00,12.682090058618662,12.682090058618662,12.596400260925295,12.596400260925293,8100,0.0,0.0
1994-12-08 00:00:00-05:00,12.596405316705573,12.596405316705573,12.51071548461914,12.51071548461914,9200,0.0,0.0
1994-12-09 00:00:00-05:00,12.425020665538556,12.596400260925295,12.425020665538556,12.596400260925293,6600,0.0,0.0
1994-12-12 00:00:00-05:00,12.682090058618662,12.682090058618662,12.510710463231925,12.596400260925293,2200,0.0,0.0
1994-12-13 00:00:00-05:00,12.682090058618662,12.682090058618662,12.596400260925295,12.596400260925293,4300,0.0,0.0
1994-12-14 00:00:00-05:00,12.596400260925295,12.596400260925295,12.425020665538556,12.596400260925293,23200,0.0,0.0
1994-12-15 00:00:00-05:00,12.510721261160713,12.510721261160713,11.653822544642857,11.99658203125,213900,0.0,0.0
1994-12-16 00:00:00-05:00,12.167953491210938,12.253643304529325,11.996573864574165,12.167953491210938,32400,0.0,0.0
1994-12-19 00:00:00-05:00,12.253642609778872,12.253642609778872,11.996573184398894,12.082262992858887,18300,0.0,0.0
1994-12-20 00:00:00-05:00,12.082262992858887,12.339332418238863,12.082262992858887,12.082262992858887,11300,0.0,0.0
1994-12-21 00:00:00-05:00,12.167955871916165,12.167955871916165,11.739506721496582,11.739506721496582,101200,0.0,0.0
1994-12-22 00:00:00-05:00,11.65381145477295,11.825191034990198,11.65381145477295,11.65381145477295,38900,0.0,0.0
1994-12-23 00:00:00-05:00,11.653809801280069,11.910879135131836,11.653809801280069,11.910879135131836,4800,0.0,0.0
1994-12-27 00:00:00-05:00,11.996573864574165,12.167953491210938,11.82519423793739,12.167953491210938,17100,0.0,0.0
1994-12-28 00:00:00-05:00,11.996573864574165,12.167953491210938,11.996573864574165,12.167953491210938,5800,0.0,0.0
1994-12-29 00:00:00-05:00,12.167961774553572,12.167961774553572,11.653822544642857,11.99658203125,70900,0.0,0.0
1994-12-30 00:00:00-05:00,11.996573864574165,12.167953491210938,11.82519423793739,12.167953491210938,41400,0.0,0.0
1995-01-03 00:00:00-05:00,12.167953491210938,12.167953491210938,11.996573864574165,12.167953491210938,22100,0.0,0.0
1995-01-04 00:00:00-05:00,12.167950195424696,12.167950195424696,11.610966559718637,11.65381145477295,71300,0.0,0.0
1995-01-05 00:00:00-05:00,11.482437133789062,11.568126963145698,11.311057475075794,11.482437133789062,50500,0.0,0.0
1995-01-06 00:00:00-05:00,11.482442801339285,11.99658203125,11.3967529296875,11.99658203125,51900,0.0,0.0
1995-01-09 00:00:00-05:00,12.082260592000468,12.33932996629835,12.082260592000468,12.253640174865723,12800,0.0,0.0
1995-01-10 00:00:00-05:00,12.339330867845186,12.596400260925295,12.339330867845186,12.596400260925293,23500,0.0,0.0
1995-01-11 00:00:00-05:00,12.682095148792005,12.682095148792005,12.425025652532707,12.51071548461914,18700,0.0,0.0
1995-01-12 00:00:00-05:00,12.51071225096848,12.93916130065918,12.51071225096848,12.93916130065918,18300,0.0,0.0
1995-01-13 00:00:00-05:00,12.939163487752278,12.939163487752278,12.767783838907878,12.853473663330078,68000,0.0,0.0
1995-01-16 00:00:00-05:00,12.853468405572992,13.024847984313965,12.853468405572992,13.024847984313965,5000,0.0,0.0
1995-01-17 00:00:00-05:00,12.939161196062642,13.281920433044434,12.939161196062642,13.281920433044434,34400,0.0,0.0
1995-01-18 00:00:00-05:00,13.196229934692381,13.281919739463111,13.196229934692381,13.196229934692383,3400,0.0,0.0
1995-01-19 00:00:00-05:00,13.196230730473602,13.196230730473602,12.85347149072104,12.93916130065918,67200,0.0,0.0
1995-01-20 00:00:00-05:00,13.024853312174479,13.024853312174479,12.853473663330078,12.853473663330078,1400,0.0,0.0
1995-01-23 00:00:00-05:00,12.767781577571746,13.367610242289881,12.767781577571746,13.281920433044434,31800,0.0,0.0
1995-01-24 00:00:00-05:00,13.196236520200163,13.196236520200163,12.596407587463792,12.682097434997559,55700,0.0,0.0
1995-01-25 00:00:00-05:00,12.596404190063478,12.853473663330078,12.596404190063478,12.853473663330078,12300,0.0,0.0
1995-01-26 00:00:00-05:00,13.024853312174479,13.024853312174479,12.853473663330078,12.853473663330078,2700,0.0,0.0
1995-01-27 00:00:00-05:00,12.853469654005401,12.853469654005401,12.596400260925295,12.596400260925293,6600,0.0,0.0
1995-01-30 00:00:00-05:00,12.510717739930024,12.682097434997559,12.510717739930024,12.682097434997559,2700,0.0,0.0
1995-01-31 00:00:00-05:00,12.767779856312032,12.767779856312032,12.596400260925295,12.596400260925293,14400,0.0,0.0
1995-02-01 00:00:00-05:00,12.682088608709757,12.767778396606445,12.682088608709757,12.767778396606445,600,0.0,0.0
1995-02-02 00:00:00-05:00,12.767787282531327,12.853477130065095,12.682097434997559,12.682097434997559,3200,0.0,0.0
1995-02-03 00:00:00-05:00,12.767783838907878,12.853473663330078,12.767783838907878,12.853473663330078,700,0.0,0.0
1995-02-06 00:00:00-05:00,12.853470715609463,13.196229934692381,12.853470715609463,13.196229934692383,24500,0.0,0.0
1995-02-07 00:00:00-05:00,13.196225396947924,13.196225396947924,13.110535621643068,13.110535621643066,9000,0.0,0.0
1995-02-08 00:00:00-05:00,13.11054313659668,13.11054313659668,12.853473663330078,12.853473663330078,27700,0.0,0.0
1995-02-09 00:00:00-05:00,12.68208882683202,13.024847984313965,12.68208882683202,13.024847984313965,37500,0.0,0.0
1995-02-10 00:00:00-05:00,12.853473663330078,12.853473663330078,12.853473663330078,12.853473663330078,5000,0.0,0.0
1995-02-13 00:00:00-05:00,12.939158194943479,13.624676509907372,12.939158194943479,13.024847984313965,10100,0.0,0.0
1995-02-14 00:00:00-05:00,13.024847984313965,13.110537773684452,13.024847984313965,13.024847984313965,59300,0.0,0.0
1995-02-15 00:00:00-05:00,13.024845846338211,13.110535621643068,13.024845846338211,13.110535621643066,13400,0.0,0.0
1995-02-16 00:00:00-05:00,13.024847984313965,13.110537773684452,13.024847984313965,13.024847984313965,8600,0.0,0.0
1995-02-17 00:00:00-05:00,12.93916697759886,13.024856825132629,12.682097434997559,12.682097434997559,37200,0.0,0.0
1995-02-21 00:00:00-05:00,12.767783838907878,12.939163487752278,12.767783838907878,12.853473663330078,8800,0.0,0.0
1995-02-22 00:00:00-05:00,12.939163487752278,12.939163487752278,12.853473663330078,12.853473663330078,900,0.0,0.0
1995-02-23 00:00:00-05:00,12.92932605743408,12.92932605743408,12.84313055038452,12.929326057434082,900,0.11,0.0
1995-02-24 00:00:00-05:00,13.101717071533201,13.101717071533201,12.84313055038452,12.929326057434082,9700,0.0,0.0
1995-02-27 00:00:00-05:00,12.929321775500407,12.929321775500407,12.756930818493736,12.84312629699707,5000,0.0,0.0
1995-02-28 00:00:00-05:00,12.756930818493736,12.84312629699707,12.670735339990399,12.84312629699707,916800,0.0,0.0
1995-03-01 00:00:00-05:00,12.84312629699707,12.84312629699707,12.756930818493736,12.84312629699707,5300,0.0,0.0
1995-03-02 00:00:00-05:00,12.84312678672172,12.84312678672172,12.756931304931642,12.75693130493164,2900,0.0,0.0
1995-03-03 00:00:00-05:00,12.84312678672172,12.84312678672172,12.584540341351484,12.75693130493164,19200,0.0,0.0
1995-03-06 00:00:00-05:00,12.756931304931642,12.84312678672172,12.756931304931642,12.75693130493164,6800,0.0,0.0
1995-03-07 00:00:00-05:00,12.756931304931642,12.756931304931642,12.584540341351484,12.75693130493164,12400,0.0,0.0
1995-03-08 00:00:00-05:00,12.756930818493736,12.929321775500407,12.756930818493736,12.84312629699707,12900,0.0,0.0
1995-03-09 00:00:00-05:00,12.756930818493736,12.84312629699707,12.756930818493736,12.84312629699707,3100,0.0,0.0
1995-03-10 00:00:00-05:00,12.84313055038452,12.92932605743408,12.75693504333496,12.929326057434082,8800,0.0,0.0
1995-03-13 00:00:00-05:00,12.929327440577627,13.101718473118662,12.843131924307109,13.015522956848145,8100,0.0,0.0
1995-03-14 00:00:00-05:00,13.10171127319336,13.187906742095947,13.10171127319336,13.10171127319336,2300,0.0,0.0
1995-03-15 00:00:00-05:00,13.187905311584473,13.274100771137313,13.101709852031632,13.187905311584473,19700,0.0,0.0
1995-03-16 00:00:00-05:00,13.187905311584473,13.274100771137313,13.187905311584473,13.187905311584473,49600,0.0,0.0
1995-03-17 00:00:00-05:00,13.274100771137313,13.274100771137313,13.101709852031632,13.187905311584473,4900,0.0,0.0
1995-03-20 00:00:00-05:00,13.187905311584473,13.187905311584473,13.187905311584473,13.187905311584473,2300,0.0,0.0
1995-03-21 00:00:00-05:00,13.101717071533201,13.101717071533201,12.92932605743408,12.929326057434082,15500,0.0,0.0
1995-03-22 00:00:00-05:00,13.015521564483642,13.015521564483642,12.92932605743408,12.929326057434082,5300,0.0,0.0
1995-03-23 00:00:00-05:00,12.929320335388184,13.10171127319336,12.929320335388184,13.10171127319336,3200,0.0,0.0
1995-03-24 00:00:00-05:00,13.101718473118662,13.187913989389179,13.015522956848145,13.015522956848145,5800,0.0,0.0
1995-03-27 00:00:00-05:00,13.10171127319336,13.10171127319336,12.929320335388184,13.10171127319336,3100,0.0,0.0
1995-03-28 00:00:00-05:00,13.187912860993416,13.36030387878418,13.101717352098033,13.36030387878418,23100,0.0,0.0
1995-03-29 00:00:00-05:00,13.274100771137313,13.360296230690153,13.187905311584473,13.187905311584473,66800,0.0,0.0
1995-03-30 00:00:00-05:00,13.187906742095947,13.274102210998535,13.10171127319336,13.10171127319336,3200,0.0,0.0
1995-03-31 00:00:00-05:00,13.101709852031632,13.274100771137313,13.101709852031632,13.187905311584473,3400,0.0,0.0
1995-04-03 00:00:00-04:00,13.187912860993416,13.36030387878418,13.187912860993416,13.36030387878418,5500,0.0,0.0
1995-04-04 00:00:00-04:00,13.446495056152346,13.446495056152346,13.360299575023163,13.446495056152344,2200,0.0,0.0
1995-04-05 00:00:00-04:00,13.36030387878418,13.44649938767956,13.36030387878418,13.36030387878418,5000,0.0,0.0
1995-04-06 00:00:00-04:00,13.532694303536717,13.618889808654785,13.532694303536717,13.618889808654785,6000,0.0,0.0
1995-04-07 00:00:00-04:00,13.705085754394531,13.791281262283805,13.618890246505257,13.705085754394531,2500,0.0,0.0
1995-04-10 00:00:00-04:00,13.791281262283805,13.791281262283805,13.705085754394531,13.705085754394531,2200,0.0,0.0
1995-04-11 00:00:00-04:00,13.705088084936142,13.79128360748291,13.705088084936142,13.79128360748291,3200,0.0,0.0
1995-04-12 00:00:00-04:00,13.877470016479492,13.963665482420359,13.877470016479492,13.877470016479492,3300,0.0,0.0
1995-04-13 00:00:00-04:00,13.963665482420359,13.963665482420359,13.877470016479492,13.877470016479492,900,0.0,0.0
1995-04-17 00:00:00-04:00,13.963665482420359,13.963665482420359,13.791274550538626,13.877470016479492,5100,0.0,0.0
1995-04-18 00:00:00-04:00,13.877470016479492,13.963665482420359,13.791274550538626,13.877470016479492,40100,0.0,0.0
1995-04-19 00:00:00-04:00,13.877470016479492,13.877470016479492,13.791274550538626,13.877470016479492,700,0.0,0.0
1995-04-20 00:00:00-04:00,13.79128360748291,13.79128360748291,13.79128360748291,13.79128360748291,2800,0.0,0.0
1995-04-21 00:00:00-04:00,13.61888360673455,13.61888360673455,13.446492675003732,13.53268814086914,14300,0.0,0.0
1995-04-24 00:00:00-04:00,13.705081427538838,13.963667869567871,13.705081427538838,13.963667869567871,38300,0.0,0.0
1995-04-25 00:00:00-04:00,13.877476110690978,14.136062622070312,13.877476110690978,14.136062622070312,15800,0.0,0.0
1995-04-26 00:00:00-04:00,14.049867118277202,14.222258125863425,14.049867118277202,14.136062622070312,64400,0.0,0.0
1995-04-27 00:00:00-04:00,14.136062622070312,14.222258125863425,14.049867118277202,14.136062622070312,48200,0.0,0.0
1995-04-28 00:00:00-04:00,14.222256160644164,14.394647144409548,14.222256160644164,14.308451652526855,6600,0.0,0.0
1995-05-01 00:00:00-04:00,14.308450236464992,14.308450236464992,14.136059269760594,14.222254753112793,25300,0.0,0.0
1995-05-02 00:00:00-04:00,14.136059269760594,14.308450236464992,14.136059269760594,14.222254753112793,4100,0.0,0.0
1995-05-03 00:00:00-04:00,14.308450236464992,14.308450236464992,14.222254753112793,14.222254753112793,3600,0.0,0.0
1995-05-04 00:00:00-04:00,14.308452103666204,14.394647598266602,14.308452103666204,14.394647598266602,28000,0.0,0.0
1995-05-05 00:00:00-04:00,14.480843092867,14.480843092867,14.394647598266602,14.394647598266602,1300,0.0,0.0
1995-05-08 00:00:00-04:00,14.394643306732178,14.480838775634766,14.30844783782959,14.480838775634766,16500,0.0,0.0
1995-05-09 00:00:00-04:00,14.65323018748858,14.73942565917969,14.65323018748858,14.739425659179688,11600,0.0,0.0
1995-05-10 00:00:00-04:00,14.653235368950423,14.825626373291016,14.653235368950423,14.825626373291016,2600,0.0,0.0
1995-05-11 00:00:00-04:00,14.73943087112072,14.825626373291016,14.73943087112072,14.825626373291016,9400,0.0,0.0
1995-05-12 00:00:00-04:00,14.73942565917969,14.825621130870799,14.73942565917969,14.739425659179688,8900,0.0,0.0
1995-05-15 00:00:00-04:00,14.825621130870799,14.825621130870799,14.73942565917969,14.739425659179688,1400,0.0,0.0
1995-05-16 00:00:00-04:00,14.73943087112072,14.911821875461312,14.73943087112072,14.825626373291016,11300,0.0,0.0
1995-05-17 00:00:00-04:00,14.825626373291016,14.911821875461312,14.825626373291016,14.825626373291016,27000,0.0,0.0
1995-05-18 00:00:00-04:00,14.825626373291016,14.998017377631609,14.825626373291016,14.825626373291016,5500,0.0,0.0
1995-05-19 00:00:00-04:00,14.998018264770508,14.998018264770508,14.825627250232914,14.998018264770508,1900,0.0,0.0
1995-05-22 00:00:00-04:00,14.911821875461312,14.911821875461312,14.825626373291016,14.825626373291016,7000,0.0,0.0
1995-05-23 00:00:00-04:00,14.825634399590465,14.911829948425293,14.825634399590465,14.911829948425293,5300,0.0,0.0
1995-05-24 00:00:00-04:00,14.911816602561908,14.911816602561908,14.73942565917969,14.739425659179688,5200,0.0,0.0
1995-05-25 00:00:00-04:00,14.815674843507654,14.815674843507654,14.729033470153809,14.729033470153809,1200,0.11,0.0
1995-05-26 00:00:00-04:00,14.729033470153809,14.729033470153809,14.729033470153809,14.729033470153809,600,0.0,0.0
1995-05-30 00:00:00-04:00,14.642392096799963,14.729033470153809,14.642392096799963,14.729033470153809,34200,0.0,0.0
1995-05-31 00:00:00-04:00,14.642392096799963,14.729033470153809,14.642392096799963,14.729033470153809,3700,0.0,0.0
1995-06-01 00:00:00-04:00,14.729030699956985,14.729030699956985,14.555747985839844,14.555747985839844,67200,0.0,0.0
1995-06-02 00:00:00-04:00,14.469106628781272,14.555747985839844,14.469106628781272,14.555747985839844,1900,0.0,0.0
1995-06-05 00:00:00-04:00,14.555747985839844,14.555747985839844,14.555747985839844,14.555747985839844,900,0.0,0.0
1995-06-06 00:00:00-04:00,14.469106583905644,14.642389297485353,14.469106583905644,14.642389297485352,19600,0.0,0.0
1995-06-07 00:00:00-04:00,14.642389342898413,14.642389342898413,14.555747985839844,14.555747985839844,1200,0.0,0.0
1995-06-08 00:00:00-04:00,14.642392096799963,14.729033470153809,14.555750723446117,14.729033470153809,14800,0.0,0.0
1995-06-09 00:00:00-04:00,14.729030654275206,14.729030654275206,14.642389297485353,14.642389297485352,1200,0.0,0.0
1995-06-12 00:00:00-04:00,14.72903151261179,14.815672874450684,14.72903151261179,14.815672874450684,4100,0.0,0.0
1995-06-13 00:00:00-04:00,14.815672011065061,14.815672011065061,14.642389297485353,14.642389297485352,1100,0.0,0.0
1995-06-14 00:00:00-04:00,14.555747985839844,14.555747985839844,14.555747985839844,14.555747985839844,1400,0.0,0.0
1995-06-15 00:00:00-04:00,14.382471330326759,14.382471330326759,14.122547149658201,14.122547149658203,10900,0.0,0.0
1995-06-16 00:00:00-04:00,14.209180762968868,14.382463455200197,14.209180762968868,14.382463455200195,3300,0.0,0.0
1995-06-19 00:00:00-04:00,14.469107007980346,14.469107007980346,13.862617492675781,13.862617492675781,45100,0.0,0.0
1995-06-20 00:00:00-04:00,13.949258852005006,13.949258852005006,13.862617492675781,13.862617492675781,6400,0.0,0.0
1995-06-21 00:00:00-04:00,13.86262425836527,13.86262425836527,13.775982856750488,13.775982856750488,24300,0.0,0.0
1995-06-22 00:00:00-04:00,13.86262425836527,13.86262425836527,13.775982856750488,13.775982856750488,12100,0.0,0.0
1995-06-23 00:00:00-04:00,13.775976133346559,13.862617492675781,13.775976133346559,13.862617492675781,2800,0.0,0.0
1995-06-26 00:00:00-04:00,13.775982856750488,13.86262425836527,13.775982856750488,13.775982856750488,7700,0.0,0.0
1995-06-27 00:00:00-04:00,13.86262425836527,13.86262425836527,13.775982856750488,13.775982856750488,8300,0.0,0.0
1995-06-28 00:00:00-04:00,13.86262425836527,13.86262425836527,13.775982856750488,13.775982856750488,2900,0.0,0.0
1995-06-29 00:00:00-04:00,13.77597335018689,13.77597335018689,13.689332008361816,13.689332008361816,15800,0.0,0.0
1995-06-30 00:00:00-04:00,13.689334774017334,13.862617492675781,13.689334774017334,13.862617492675781,19300,0.0,0.0
1995-07-03 00:00:00-04:00,13.862617492675781,13.862617492675781,13.862617492675781,13.862617492675781,600,0.0,0.0
1995-07-05 00:00:00-04:00,13.689341455135704,13.775982856750488,13.689341455135704,13.775982856750488,25100,0.0,0.0
1995-07-06 00:00:00-04:00,13.689334774017334,13.862617492675781,13.689334774017334,13.862617492675781,10500,0.0,0.0
1995-07-07 00:00:00-04:00,13.862617492675781,13.862617492675781,13.775976133346559,13.862617492675781,25700,0.0,0.0
1995-07-10 00:00:00-04:00,13.77597510373151,14.03589916229248,13.689333750877852,14.03589916229248,537400,0.0,0.0
1995-07-11 00:00:00-04:00,13.86262425836527,13.86262425836527,13.775982856750488,13.775982856750488,31000,0.0,0.0
1995-07-12 00:00:00-04:00,13.862616456585165,14.03589916229248,13.77597510373151,14.03589916229248,9100,0.0,0.0
1995-07-13 00:00:00-04:00,14.122550859683898,14.209192276000977,14.035909443366819,14.209192276000977,9400,0.0,0.0
1995-07-14 00:00:00-04:00,13.862614692011965,13.862614692011965,13.689332008361816,13.689332008361816,45200,0.0,0.0
1995-07-17 00:00:00-04:00,13.775976133346559,13.862617492675781,13.689334774017334,13.862617492675781,2600,0.0,0.0
1995-07-18 00:00:00-04:00,13.775976133346559,13.862617492675781,13.775976133346559,13.862617492675781,8900,0.0,0.0
1995-07-19 00:00:00-04:00,13.775978398013423,13.775978398013423,13.342771530151367,13.342771530151367,79500,0.0,0.0
1995-07-20 00:00:00-04:00,13.342766700646816,13.5160493850708,13.342766700646816,13.5160493850708,23900,0.0,0.0
1995-07-21 00:00:00-04:00,13.5160493850708,13.5160493850708,13.429408042858809,13.5160493850708,19600,0.0,0.0
1995-07-24 00:00:00-04:00,13.342775848676572,13.775982856750488,13.342775848676572,13.775982856750488,42900,0.0,0.0
1995-07-25 00:00:00-04:00,13.949258852005006,13.949258852005006,13.862617492675781,13.862617492675781,15000,0.0,0.0
1995-07-26 00:00:00-04:00,13.862617492675781,13.949258852005006,13.775976133346559,13.862617492675781,4500,0.0,0.0
1995-07-27 00:00:00-04:00,13.77597510373151,14.03589916229248,13.77597510373151,14.03589916229248,6500,0.0,0.0
1995-07-28 00:00:00-04:00,13.949251174926758,14.035892486572266,13.949251174926758,13.949251174926758,3300,0.0,0.0
1995-07-31 00:00:00-04:00,13.949258852005006,14.035900211334228,13.862617492675781,13.862617492675781,6900,0.0,0.0
1995-08-01 00:00:00-04:00,13.949258852005006,13.949258852005006,13.775976133346559,13.862617492675781,2000,0.0,0.0
1995-08-02 00:00:00-04:00,13.862614692011965,13.862614692011965,13.516049324711666,13.689332008361816,35800,0.0,0.0
1995-08-03 00:00:00-04:00,13.775976133346559,13.862617492675781,13.60269341468811,13.862617492675781,6300,0.0,0.0
1995-08-04 00:00:00-04:00,13.862617492675781,13.862617492675781,13.60269341468811,13.862617492675781,3300,0.0,0.0
1995-08-07 00:00:00-04:00,13.689341455135704,13.775982856750488,13.602700053520921,13.775982856750488,1900,0.0,0.0
1995-08-08 00:00:00-04:00,13.775976133346559,13.862617492675781,13.689334774017334,13.862617492675781,8100,0.0,0.0
1995-08-09 00:00:00-04:00,13.775980141512148,13.775980141512148,13.602697372436523,13.602697372436523,2100,0.0,0.0
1995-08-10 00:00:00-04:00,13.689338756974337,13.775980141512148,13.602697372436523,13.602697372436523,10500,0.0,0.0
1995-08-11 00:00:00-04:00,13.5160493850708,13.602690727282793,13.5160493850708,13.5160493850708,14900,0.0,0.0
1995-08-14 00:00:00-04:00,13.516049324711666,13.689332008361816,13.516049324711666,13.689332008361816,3300,0.0,0.0
1995-08-15 00:00:00-04:00,13.775976133346559,13.862617492675781,13.689334774017334,13.862617492675781,9800,0.0,0.0
1995-08-16 00:00:00-04:00,13.86261970766129,13.86261970766129,13.256130095451109,13.429412841796875,139000,0.0,0.0
1995-08-17 00:00:00-04:00,13.342766700646816,13.5160493850708,13.342766700646816,13.5160493850708,3700,0.0,0.0
1995-08-18 00:00:00-04:00,13.4294146033609,13.602697372436523,13.4294146033609,13.602697372436523,7400,0.0,0.0
1995-08-21 00:00:00-04:00,13.516054214969758,13.516054214969758,13.342771468623992,13.429412841796875,2300,0.0,0.0
1995-08-22 00:00:00-04:00,13.429412841796875,13.429412841796875,13.169488722278226,13.429412841796875,150200,0.0,0.0
1995-08-23 00:00:00-04:00,13.256130095451109,13.429412841796875,13.256130095451109,13.429412841796875,2900,0.0,0.0
1995-08-24 00:00:00-04:00,13.429412057525234,13.429412057525234,13.169487953186035,13.169487953186035,13200,0.0,0.0
1995-08-25 00:00:00-04:00,13.25613332748413,13.25613332748413,12.996209144592285,12.996209144592285,6600,0.0,0.0
1995-08-28 00:00:00-04:00,13.16949193318685,13.16949193318685,12.996209144592285,12.996209144592285,12400,0.0,0.0
1995-08-29 00:00:00-04:00,13.08285140991211,13.08285140991211,12.996210009846466,13.08285140991211,1900,0.0,0.0
1995-08-30 00:00:00-04:00,13.159538866678874,13.246688130696613,12.985240338643392,13.072389602661133,214500,0.11,0.0
1995-08-31 00:00:00-04:00,13.072394069872404,13.246692657470703,13.072394069872404,13.246692657470703,204100,0.0,0.0
1995-09-01 00:00:00-04:00,13.246690409072977,13.246690409072977,13.159541130065918,13.159541130065918,2100,0.0,0.0
1995-09-05 00:00:00-04:00,13.246690409072977,13.246690409072977,12.9852425720518,13.159541130065918,12100,0.0,0.0
1995-09-06 00:00:00-04:00,13.159541130065918,13.246690409072977,12.9852425720518,13.159541130065918,16900,0.0,0.0
1995-09-07 00:00:00-04:00,13.072391780647072,13.246690337722367,12.898093223571777,12.898093223571777,5500,0.0,0.0
1995-09-08 00:00:00-04:00,12.985235214233398,13.072384443859127,12.985235214233398,12.985235214233398,2500,0.0,0.0
1995-09-11 00:00:00-04:00,13.159533673484853,13.246682903110582,12.985235214233398,12.985235214233398,8900,0.0,0.0
1995-09-12 00:00:00-04:00,13.072382235059552,13.42097909466114,13.072382235059552,13.333829879760742,100700,0.0,0.0
1995-09-13 00:00:00-04:00,13.42098274230957,13.508131980895996,13.333833503723145,13.508131980895996,2100,0.0,0.0
1995-09-14 00:00:00-04:00,13.420980453491211,13.595278900939148,13.420980453491211,13.420980453491211,12400,0.0,0.0
1995-09-15 00:00:00-04:00,13.42098274230957,13.508131980895996,13.42098274230957,13.508131980895996,77200,0.0,0.0
1995-09-18 00:00:00-04:00,13.42098274230957,13.508131980895996,13.333833503723145,13.508131980895996,2900,0.0,0.0
1995-09-19 00:00:00-04:00,13.508131412359385,13.595280647277832,13.420982177440937,13.595280647277832,114200,0.0,0.0
1995-09-20 00:00:00-04:00,13.682429699958126,13.76957893371582,13.59528046620043,13.76957893371582,2600,0.0,0.0
1995-09-21 00:00:00-04:00,13.769579117114727,13.769579117114727,13.420982177440937,13.595280647277832,8200,0.0,0.0
1995-09-22 00:00:00-04:00,13.682429699958126,13.76957893371582,13.59528046620043,13.76957893371582,3500,0.0,0.0
1995-09-25 00:00:00-04:00,13.682437896728516,13.682437896728516,13.50813932479567,13.682437896728516,2400,0.0,0.0
1995-09-26 00:00:00-04:00,13.682429699958126,13.856728167473516,13.682429699958126,13.76957893371582,2600,0.0,0.0
1995-09-27 00:00:00-04:00,13.856728167473516,13.856728167473516,13.76957893371582,13.76957893371582,400,0.0,0.0
1995-09-28 00:00:00-04:00,13.76957893371582,13.856728167473516,13.682429699958126,13.76957893371582,20000,0.0,0.0
1995-09-29 00:00:00-04:00,13.682437896728516,13.76958718269494,13.682437896728516,13.682437896728516,1000,0.0,0.0
1995-10-02 00:00:00-04:00,13.76958718269494,13.76958718269494,13.595288610762093,13.682437896728516,6100,0.0,0.0
1995-10-03 00:00:00-04:00,13.595281219482423,13.682430458068849,13.508131980895996,13.508131980895996,10800,0.0,0.0
1995-10-04 00:00:00-04:00,13.420988967087094,13.420988967087094,13.159541130065918,13.159541130065918,4600,0.0,0.0
1995-10-05 00:00:00-04:00,13.072391851058859,13.246690409072977,12.9852425720518,13.159541130065918,9700,0.0,0.0
1995-10-06 00:00:00-04:00,13.24668426513672,13.508131980895996,13.24668426513672,13.508131980895996,13000,0.0,0.0
1995-10-09 00:00:00-04:00,13.508131980895996,13.508131980895996,13.508131980895996,13.508131980895996,107300,0.0,0.0
1995-10-10 00:00:00-04:00,13.508131412359385,13.595280647277832,13.33383294252249,13.595280647277832,3200,0.0,0.0
1995-10-11 00:00:00-04:00,13.595285523612544,13.856733322143555,13.595285523612544,13.856733322143555,5400,0.0,0.0
1995-10-12 00:00:00-04:00,13.856728167473516,13.856728167473516,13.76957893371582,13.76957893371582,6900,0.0,0.0
1995-10-13 00:00:00-04:00,13.856733322143555,13.856733322143555,13.76958405596655,13.856733322143555,2900,0.0,0.0
1995-10-16 00:00:00-04:00,13.76958405596655,13.856733322143555,13.76958405596655,13.856733322143555,7900,0.0,0.0
1995-10-17 00:00:00-04:00,13.856730830669404,13.943880081176758,13.856730830669404,13.943880081176758,86000,0.0,0.0
1995-10-18 00:00:00-04:00,13.769585428062392,14.205331802368164,13.769585428062392,14.205331802368164,116000,0.0,0.0
1995-10-19 00:00:00-04:00,14.205326657236357,14.205326657236357,14.11817741394043,14.11817741394043,26600,0.0,0.0
1995-10-20 00:00:00-04:00,14.205327832698822,14.205327832698822,13.943880081176758,13.943880081176758,2500,0.0,0.0
1995-10-23 00:00:00-04:00,13.94387740123121,13.94387740123121,13.59528046620043,13.76957893371582,72200,0.0,0.0
1995-10-24 00:00:00-04:00,13.76957893371582,13.76957893371582,13.59528046620043,13.76957893371582,68100,0.0,0.0
1995-10-25 00:00:00-04:00,13.769579117114727,13.769579117114727,13.595280647277832,13.595280647277832,31100,0.0,0.0
1995-10-26 00:00:00-04:00,13.682430458068849,13.682430458068849,13.42098274230957,13.508131980895996,10900,0.0,0.0
1995-10-27 00:00:00-04:00,13.420980453491211,13.508129677215178,13.333831229767242,13.420980453491211,2700,0.0,0.0
1995-10-30 00:00:00-05:00,13.508131980895996,13.508131980895996,13.333833503723145,13.508131980895996,14000,0.0,0.0
1995-10-31 00:00:00-05:00,13.420991245069002,13.420991245069002,13.072394069872404,13.246692657470703,88000,0.0,0.0
1995-11-01 00:00:00-05:00,13.333841951269852,13.333841951269852,13.246692657470703,13.246692657470703,2500,0.0,0.0
1995-11-02 00:00:00-05:00,13.42097909466114,13.42097909466114,13.333829879760742,13.333829879760742,2100,0.0,0.0
1995-11-03 00:00:00-05:00,13.333840752862821,13.682437896728516,13.333840752862821,13.682437896728516,8800,0.0,0.0
1995-11-06 00:00:00-05:00,13.76957893371582,13.856728167473516,13.682429699958126,13.76957893371582,6100,0.0,0.0
1995-11-07 00:00:00-05:00,13.76957893371582,13.76957893371582,13.76957893371582,13.76957893371582,1500,0.0,0.0
1995-11-08 00:00:00-05:00,13.856733322143555,13.856733322143555,13.76958405596655,13.856733322143555,272000,0.0,0.0
1995-11-09 00:00:00-05:00,13.85672366100809,14.03102207183838,13.85672366100809,14.031022071838379,5800,0.0,0.0
1995-11-10 00:00:00-05:00,13.943880081176758,14.031029331684113,13.943880081176758,13.943880081176758,1400,0.0,0.0
1995-11-13 00:00:00-05:00,13.856730830669404,14.031029331684113,13.856730830669404,13.943880081176758,2100,0.0,0.0
1995-11-14 00:00:00-05:00,13.943880081176758,13.943880081176758,13.943880081176758,13.943880081176758,800,0.0,0.0
1995-11-15 00:00:00-05:00,13.943882588320557,13.943882588320557,13.856733322143555,13.856733322143555,3100,0.0,0.0
1995-11-16 00:00:00-05:00,13.943878927348571,14.11817741394043,13.856729684052643,14.11817741394043,56900,0.0,0.0
1995-11-17 00:00:00-05:00,14.11817741394043,14.205326657236357,14.11817741394043,14.11817741394043,4200,0.0,0.0
1995-11-20 00:00:00-05:00,14.118178582191467,14.118178582191467,13.943880081176758,13.943880081176758,45000,0.0,0.0
1995-11-21 00:00:00-05:00,13.856730830669404,13.943880081176758,13.856730830669404,13.943880081176758,1600,0.0,0.0
1995-11-22 00:00:00-05:00,13.856728167473516,13.856728167473516,13.76957893371582,13.76957893371582,6700,0.0,0.0
1995-11-24 00:00:00-05:00,13.76957893371582,13.76957893371582,13.76957893371582,13.76957893371582,100,0.0,0.0
1995-11-27 00:00:00-05:00,13.943878927348571,14.11817741394043,13.856729684052643,14.11817741394043,9400,0.0,0.0
1995-11-28 00:00:00-05:00,14.0310281706445,14.11817741394043,13.943878927348571,14.11817741394043,3700,0.0,0.0
1995-11-29 00:00:00-05:00,14.10767027498023,14.282920837402344,14.10767027498023,14.282920837402344,5300,0.11,0.0
1995-11-30 00:00:00-05:00,14.282920837402344,14.282920837402344,14.195295556191287,14.282920837402344,7600,0.0,0.0
1995-12-01 00:00:00-05:00,14.19528579711914,14.282911018089013,14.19528579711914,14.19528579711914,1300,0.0,0.0
1995-12-04 00:00:00-05:00,14.19528541332338,14.370535850524902,14.19528541332338,14.370535850524902,24600,0.0,0.0
1995-12-05 00:00:00-05:00,14.370539925315164,14.458165168762209,14.282914681868121,14.458165168762207,8200,0.0,0.0
1995-12-06 00:00:00-05:00,14.370541124458772,14.721042127494352,14.370541124458772,14.545791625976562,19900,0.0,0.0
1995-12-07 00:00:00-05:00,14.721037864685059,14.721037864685059,14.545787413914997,14.721037864685059,6200,0.0,0.0
1995-12-08 00:00:00-05:00,14.633418111076132,15.071544401826914,14.633418111076132,14.983919143676758,29900,0.0,0.0
1995-12-11 00:00:00-05:00,14.896293885526601,14.983919143676758,14.896293885526601,14.983919143676758,3900,0.0,0.0
1995-12-12 00:00:00-05:00,14.98391749138056,15.071542739868166,14.98391749138056,15.071542739868164,13300,0.0,0.0
1995-12-13 00:00:00-05:00,15.246796131134033,15.509671926498413,15.246796131134033,15.422046661376953,13100,0.0,0.0
1995-12-14 00:00:00-05:00,15.334421157836914,15.334421157836914,15.159170630318778,15.334421157836914,10800,0.0,0.0
1995-12-15 00:00:00-05:00,15.334421396255493,15.509671926498413,15.246796131134033,15.422046661376953,2800,0.0,0.0
1995-12-18 00:00:00-05:00,15.246795654296875,15.422046179058908,15.246795654296875,15.246795654296875,57100,0.0,0.0
1995-12-19 00:00:00-05:00,15.422046421595983,15.422046421595983,15.246795894077847,15.334421157836914,10900,0.0,0.0
1995-12-20 00:00:00-05:00,15.334418485330982,15.334418485330982,15.071542739868166,15.071542739868164,54800,0.0,0.0
1995-12-21 00:00:00-05:00,15.15916798835577,15.15916798835577,15.071542739868166,15.071542739868164,1700,0.0,0.0
1995-12-22 00:00:00-05:00,15.071544401826914,15.071544401826914,14.896293885526601,14.983919143676758,3500,0.0,0.0
1995-12-26 00:00:00-05:00,14.896293885526601,14.983919143676758,14.808668627376445,14.983919143676758,6100,0.0,0.0
1995-12-27 00:00:00-05:00,14.98391601899091,14.98391601899091,14.896290779113771,14.89629077911377,200,0.0,0.0
1995-12-28 00:00:00-05:00,14.808663090070088,14.808663090070088,14.721037864685059,14.721037864685059,2700,0.0,0.0
1995-12-29 00:00:00-05:00,14.72104089910334,14.72104089910334,14.458165168762209,14.458165168762207,15400,0.0,0.0
1996-01-02 00:00:00-05:00,14.633415655656295,14.633415655656295,14.458165168762209,14.458165168762207,4700,0.0,0.0
1996-01-03 00:00:00-05:00,14.54579162597656,14.633416876735456,14.54579162597656,14.545791625976562,12100,0.0,0.0
1996-01-04 00:00:00-05:00,14.370535850524902,14.458161069125664,14.370535850524902,14.370535850524902,233300,0.0,0.0
1996-01-05 00:00:00-05:00,14.370535850524902,14.458161069125664,14.370535850524902,14.370535850524902,1000,0.0,0.0
1996-01-08 00:00:00-05:00,14.545790412209252,14.545790412209252,14.458165168762209,14.458165168762207,400,0.0,0.0
1996-01-09 00:00:00-05:00,14.458165682718425,14.721041422404216,14.458165682718425,14.633416175842285,10800,0.0,0.0
1996-01-10 00:00:00-05:00,14.545790929280356,14.633416175842285,14.545790929280356,14.633416175842285,4200,0.0,0.0
1996-01-11 00:00:00-05:00,14.545787413914997,14.721037864685059,14.545787413914997,14.721037864685059,8200,0.0,0.0
1996-01-12 00:00:00-05:00,14.72104029935949,14.896290779113771,14.72104029935949,14.89629077911377,1400,0.0,0.0
1996-01-15 00:00:00-05:00,14.896293885526601,14.983919143676758,14.808668627376445,14.983919143676758,12600,0.0,0.0
1996-01-16 00:00:00-05:00,14.983911892366127,14.983911892366127,14.808661460876463,14.808661460876465,2000,0.0,0.0
1996-01-17 00:00:00-05:00,14.896286676621296,14.983911892366127,14.721036245131632,14.808661460876465,10800,0.0,0.0
1996-01-18 00:00:00-05:00,14.633411506327187,14.633411506327187,14.370535850524902,14.370535850524902,25800,0.0,0.0
1996-01-19 00:00:00-05:00,14.458171399824458,14.545796681035515,14.282920837402344,14.282920837402344,40200,0.0,0.0
1996-01-22 00:00:00-05:00,14.19528541332338,14.370535850524902,14.107660194722618,14.370535850524902,108600,0.0,0.0
1996-01-23 00:00:00-05:00,14.282911737759907,14.721037864685059,14.195286512374878,14.721037864685059,11600,0.0,0.0
1996-01-24 00:00:00-05:00,14.721037864685059,14.721037864685059,14.633412639300028,14.721037864685059,21700,0.0,0.0
1996-01-25 00:00:00-05:00,14.633412639300028,14.721037864685059,14.633412639300028,14.721037864685059,27800,0.0,0.0
1996-01-26 00:00:00-05:00,14.721041422404216,14.721041422404216,14.633416175842285,14.633416175842285,1500,0.0,0.0
1996-01-29 00:00:00-05:00,14.72104089910334,14.72104089910334,14.195289438421076,14.458165168762207,15400,0.0,0.0
1996-01-30 00:00:00-05:00,14.54578581364197,14.808661460876463,14.54578581364197,14.808661460876465,16000,0.0,0.0
1996-01-31 00:00:00-05:00,14.896286676621296,14.896286676621296,14.721036245131632,14.808661460876465,1400,0.0,0.0
1996-02-01 00:00:00-05:00,14.721044080010776,15.246795654296875,14.721044080010776,15.246795654296875,12100,0.0,0.0
1996-02-02 00:00:00-05:00,15.071545600891113,15.509671926498413,15.071545600891113,15.422046661376953,10900,0.0,0.0
1996-02-05 00:00:00-05:00,15.422046661376953,15.684922456741333,15.422046661376953,15.422046661376953,11900,0.0,0.0
1996-02-06 00:00:00-05:00,15.42203646729895,15.509661674499512,15.42203646729895,15.509661674499512,1500,0.0,0.0
1996-02-07 00:00:00-05:00,15.42203646729895,15.597286881700075,15.42203646729895,15.509661674499512,1600,0.0,0.0
1996-02-08 00:00:00-05:00,15.509668680337759,15.947794914245605,15.509668680337759,15.947794914245605,19000,0.0,0.0
1996-02-09 00:00:00-05:00,16.035420161027176,16.035420161027176,15.947794914245605,15.947794914245605,11600,0.0,0.0
1996-02-12 00:00:00-05:00,15.947794914245605,15.947794914245605,15.772544420682467,15.947794914245605,24100,0.0,0.0
1996-02-13 00:00:00-05:00,15.860163102602826,15.860163102602826,15.684912681579592,15.68491268157959,3500,0.0,0.0
1996-02-14 00:00:00-05:00,15.684909179475572,15.860159561369153,15.684909179475572,15.772534370422363,2400,0.0,0.0
1996-02-15 00:00:00-05:00,15.947788819022803,16.12303924560547,15.860163605731467,16.12303924560547,25200,0.0,0.0
1996-02-16 00:00:00-05:00,16.123049254058508,16.29829978942871,16.123049254058508,16.29829978942871,15500,0.0,0.0
1996-02-20 00:00:00-05:00,16.12303924560547,16.12303924560547,16.035414032314137,16.12303924560547,4300,0.0,0.0
1996-02-21 00:00:00-05:00,16.035414032314137,16.12303924560547,16.035414032314137,16.12303924560547,300,0.0,0.0
1996-02-22 00:00:00-05:00,16.123046624855917,16.123046624855917,15.947796118064005,16.03542137145996,4400,0.0,0.0
1996-02-23 00:00:00-05:00,16.035420161027176,16.123045407808743,15.947794914245605,15.947794914245605,27300,0.0,0.0
1996-02-26 00:00:00-05:00,15.947794914245605,15.947794914245605,15.947794914245605,15.947794914245605,900,0.0,0.0
1996-02-27 00:00:00-05:00,15.860169667464035,15.947794914245605,15.860169667464035,15.947794914245605,2000,0.0,0.0
1996-02-28 00:00:00-05:00,15.937228202819824,15.937228202819824,15.937228202819824,15.937228202819824,8300,0.11,0.0
1996-02-29 00:00:00-05:00,15.849174499511719,15.93722546895345,15.849174499511719,15.849174499511719,10700,0.0,0.0
1996-03-01 00:00:00-05:00,15.849169832368137,15.937220775881293,15.76111888885498,15.76111888885498,22900,0.0,0.0
1996-03-04 00:00:00-05:00,15.76112327994881,16.02527618408203,15.76112327994881,16.02527618408203,86200,0.0,0.0
1996-03-05 00:00:00-05:00,16.02527918736579,16.02527918736579,15.937228202819824,15.937228202819824,25800,0.0,0.0
1996-03-06 00:00:00-05:00,15.849177218273859,15.937228202819824,15.849177218273859,15.937228202819824,245600,0.0,0.0
1996-03-07 00:00:00-05:00,15.849174499511719,15.849174499511719,15.849174499511719,15.849174499511719,1600,0.0,0.0
1996-03-08 00:00:00-05:00,15.673073207310267,15.761124180385044,15.32086931501116,15.408920288085938,15100,0.0,0.0
1996-03-11 00:00:00-05:00,15.32086931501116,15.408920288085938,15.32086931501116,15.408920288085938,4200,0.0,0.0
1996-03-12 00:00:00-05:00,15.32087230682373,15.32087230682373,15.32087230682373,15.32087230682373,200,0.0,0.0
1996-03-13 00:00:00-05:00,15.32087230682373,15.32087230682373,15.23282131655463,15.32087230682373,3600,0.0,0.0
1996-03-14 00:00:00-05:00,15.496971001059324,15.673072944253178,15.496971001059324,15.58502197265625,85900,0.0,0.0
1996-03-15 00:00:00-05:00,15.673067945341824,15.76111888885498,15.585017001828668,15.76111888885498,20000,0.0,0.0
1996-03-18 00:00:00-05:00,15.761123530069987,15.849174499511719,15.761123530069987,15.849174499511719,1400,0.0,0.0
1996-03-19 00:00:00-05:00,15.937225216037625,16.02527618408203,15.849174247993217,16.02527618408203,14500,0.0,0.0
1996-03-20 00:00:00-05:00,16.02527795593595,16.11332893371582,15.937226978156083,16.11332893371582,9600,0.0,0.0
1996-03-21 00:00:00-05:00,16.02527643839518,16.02527643839518,15.849174499511719,15.849174499511719,6300,0.0,0.0
1996-03-22 00:00:00-05:00,15.849174499511719,15.93722546895345,15.761123530069987,15.849174499511719,11100,0.0,0.0
1996-03-25 00:00:00-05:00,15.849174247993217,16.201378120170844,15.849174247993217,16.02527618408203,160300,0.0,0.0
1996-03-26 00:00:00-05:00,16.11332893371582,16.11332893371582,16.02527795593595,16.11332893371582,21500,0.0,0.0
1996-03-27 00:00:00-05:00,16.02527795593595,16.11332893371582,15.937226978156083,16.11332893371582,24100,0.0,0.0
1996-03-28 00:00:00-05:00,16.02527216206426,16.201374053955078,16.02527216206426,16.201374053955078,152500,0.0,0.0
1996-03-29 00:00:00-05:00,16.113327152126438,16.201378120170844,16.02527618408203,16.02527618408203,4000,0.0,0.0
1996-04-01 00:00:00-05:00,16.02527618408203,16.113327152126438,15.937225216037625,16.02527618408203,23100,0.0,0.0
1996-04-02 00:00:00-05:00,15.93722546895345,15.93722546895345,15.849174499511719,15.849174499511719,47000,0.0,0.0
1996-04-03 00:00:00-05:00,15.849174499511719,15.93722546895345,15.849174499511719,15.849174499511719,2800,0.0,0.0
1996-04-04 00:00:00-05:00,15.849174247993217,16.02527618408203,15.849174247993217,16.02527618408203,4400,0.0,0.0
1996-04-08 00:00:00-04:00,15.937228202819824,15.937228202819824,15.937228202819824,15.937228202819824,200,0.0,0.0
1996-04-09 00:00:00-04:00,16.02527643839518,16.201378377278644,15.849174499511719,15.849174499511719,14900,0.0,0.0
1996-04-10 00:00:00-04:00,15.849174499511719,15.849174499511719,15.849174499511719,15.849174499511719,16300,0.0,0.0
1996-04-11 00:00:00-04:00,15.761124180385044,15.761124180385044,15.408920288085938,15.408920288085938,158700,0.0,0.0
1996-04-12 00:00:00-04:00,15.408929640596563,15.496980667114258,15.408929640596563,15.496980667114258,2100,0.0,0.0
1996-04-15 00:00:00-04:00,15.320878614078868,15.496980667114258,15.144776561043479,15.496980667114258,18400,0.0,0.0
1996-04-16 00:00:00-04:00,15.408921657606612,15.408921657606612,15.144768714904785,15.144768714904785,21500,0.0,0.0
1996-04-17 00:00:00-04:00,15.232822418212892,15.232822418212892,15.144771421575824,15.23282241821289,900,0.0,0.0
1996-04-18 00:00:00-04:00,15.144768714904785,15.144768714904785,15.144768714904785,15.144768714904785,200,0.0,0.0
1996-04-19 00:00:00-04:00,15.23282131655463,15.32087230682373,15.144770326285528,15.32087230682373,35300,0.0,0.0
1996-04-22 00:00:00-04:00,15.32086986370301,15.673073768615723,15.32086986370301,15.673073768615723,47000,0.0,0.0
1996-04-23 00:00:00-04:00,15.496971261160715,15.585022234235492,15.408920288085938,15.408920288085938,5300,0.0,0.0
1996-04-24 00:00:00-04:00,15.496980667114258,15.58503169363195,15.408929640596563,15.496980667114258,6500,0.0,0.0
1996-04-25 00:00:00-04:00,15.496980667114258,15.496980667114258,15.496980667114258,15.496980667114258,2000,0.0,0.0
1996-04-26 00:00:00-04:00,15.496971816159366,15.761124744843901,15.496971816159366,15.673073768615723,5800,0.0,0.0
1996-04-29 00:00:00-04:00,15.585022792387544,15.673073768615723,15.585022792387544,15.673073768615723,18700,0.0,0.0
1996-04-30 00:00:00-04:00,15.849176000376216,16.11332893371582,15.849176000376216,16.11332893371582,10500,0.0,0.0
1996-05-01 00:00:00-04:00,16.113326778927366,16.2894287109375,16.113326778927366,16.2894287109375,10800,0.0,0.0
1996-05-02 00:00:00-04:00,16.201374053955078,16.289424999900486,16.201374053955078,16.201374053955078,13900,0.0,0.0
1996-05-03 00:00:00-04:00,16.201377744932433,16.2894287109375,16.113326778927366,16.2894287109375,5700,0.0,0.0
1996-05-06 00:00:00-04:00,16.20137924843646,16.5535831451416,16.20137924843646,16.5535831451416,20900,0.0,0.0
1996-05-07 00:00:00-04:00,16.46553204046986,16.729684960905207,16.46553204046986,16.641633987426758,9800,0.0,0.0
1996-05-08 00:00:00-04:00,16.641635615164073,16.90578856143652,16.641635615164073,16.817737579345703,11500,0.0,0.0
1996-05-09 00:00:00-04:00,16.905793975671955,17.08189599625187,16.905793975671955,16.993844985961914,2900,0.0,0.0
1996-05-10 00:00:00-04:00,17.081888071695964,17.257990010579427,17.081888071695964,17.169939041137695,23200,0.0,0.0
1996-05-13 00:00:00-04:00,17.346046447753906,17.522148442147348,17.257995450557186,17.346046447753906,8700,0.0,0.0
1996-05-14 00:00:00-04:00,17.257990010579427,17.257990010579427,17.169939041137695,17.169939041137695,3200,0.0,0.0
1996-05-15 00:00:00-04:00,17.169935334589066,17.169935334589066,17.081884384155273,17.081884384155273,27100,0.0,0.0
1996-05-16 00:00:00-04:00,17.16994700654183,17.16994700654183,16.993844985961914,16.993844985961914,14100,0.0,0.0
1996-05-17 00:00:00-04:00,16.905786514282227,16.99383748571078,16.905786514282227,16.905786514282227,2200,0.0,0.0
1996-05-20 00:00:00-04:00,16.905793975671955,17.08189599625187,16.905793975671955,16.993844985961914,3400,0.0,0.0
1996-05-21 00:00:00-04:00,16.993844985961914,17.08189599625187,16.993844985961914,16.993844985961914,1600,0.0,0.0
1996-05-22 00:00:00-04:00,16.905793975671955,17.08189599625187,16.905793975671955,16.993844985961914,4800,0.0,0.0
1996-05-23 00:00:00-04:00,16.993844985961914,17.08189599625187,16.993844985961914,16.993844985961914,500,0.0,0.0
1996-05-24 00:00:00-04:00,17.169944607481664,17.25799560546875,17.169944607481664,17.25799560546875,5500,0.0,0.0
1996-05-28 00:00:00-04:00,17.169939041137695,17.257990010579427,17.081888071695964,17.169939041137695,7300,0.0,0.0
1996-05-29 00:00:00-04:00,17.07087262143794,17.15932273864746,16.89397238701889,17.15932273864746,12500,0.11,0.0
1996-05-30 00:00:00-04:00,17.07088279724121,17.07088279724121,16.98243262730732,17.07088279724121,6100,0.0,0.0
1996-05-31 00:00:00-04:00,16.98243262730732,17.07088279724121,16.98243262730732,17.07088279724121,3300,0.0,0.0
1996-06-03 00:00:00-04:00,16.982423782348633,17.07087390621503,16.982423782348633,16.982423782348633,67200,0.0,0.0
1996-06-04 00:00:00-04:00,16.98243262730732,17.159332967175104,16.98243262730732,17.07088279724121,2300,0.0,0.0
1996-06-05 00:00:00-04:00,16.98243262730732,17.247783137108993,16.893982457373426,17.07088279724121,108600,0.0,0.0
1996-06-06 00:00:00-04:00,16.982423782348633,16.982423782348633,16.982423782348633,16.982423782348633,8800,0.0,0.0
1996-06-07 00:00:00-04:00,16.89397365848223,17.07087390621503,16.89397365848223,16.982423782348633,20500,0.0,0.0
1996-06-10 00:00:00-04:00,16.982423782348633,16.982423782348633,16.982423782348633,16.982423782348633,700,0.0,0.0
1996-06-11 00:00:00-04:00,17.07088279724121,17.159332967175104,17.07088279724121,17.07088279724121,3000,0.0,0.0
1996-06-12 00:00:00-04:00,17.07088279724121,17.07088279724121,17.07088279724121,17.07088279724121,0,0.0,0.0
1996-06-13 00:00:00-04:00,16.982423782348633,17.07087390621503,16.982423782348633,16.982423782348633,9700,0.0,0.0
1996-06-14 00:00:00-04:00,16.98243262730732,17.07088279724121,16.98243262730732,17.07088279724121,1400,0.0,0.0
1996-06-17 00:00:00-04:00,16.982423782348633,17.15932403008143,16.982423782348633,16.982423782348633,3700,0.0,0.0
1996-06-18 00:00:00-04:00,16.982423782348633,16.982423782348633,16.982423782348633,16.982423782348633,3900,0.0,0.0
1996-06-19 00:00:00-04:00,16.982423782348633,17.15932403008143,16.982423782348633,16.982423782348633,8000,0.0,0.0
1996-06-20 00:00:00-04:00,17.07087390621503,17.07087390621503,16.89397365848223,16.982423782348633,8100,0.0,0.0
1996-06-21 00:00:00-04:00,16.98243262730732,17.159332967175104,16.98243262730732,17.07088279724121,4000,0.0,0.0
1996-06-24 00:00:00-04:00,17.07087390621503,17.07087390621503,16.982423782348633,16.982423782348633,10200,0.0,0.0
1996-06-25 00:00:00-04:00,16.893974956713226,16.893974956713226,16.805524826049805,16.805524826049805,6000,0.0,0.0
1996-06-26 00:00:00-04:00,16.893984748717934,16.893984748717934,16.451733839065632,16.540184020996094,68200,0.0,0.0
1996-06-27 00:00:00-04:00,16.540171305338543,16.805521647135418,16.540171305338543,16.717071533203125,45200,0.0,0.0
1996-06-28 00:00:00-04:00,16.80552226980937,17.15932273864746,16.80552226980937,17.15932273864746,90300,0.0,0.0
1996-07-01 00:00:00-04:00,17.07087262143794,17.247772855856983,16.982422504228413,17.15932273864746,9200,0.0,0.0
1996-07-02 00:00:00-04:00,17.247783137108993,17.247783137108993,17.07088279724121,17.07088279724121,7400,0.0,0.0
1996-07-03 00:00:00-04:00,17.070873848115554,17.513124465942383,17.070873848115554,17.513124465942383,16800,0.0,0.0
1996-07-05 00:00:00-04:00,17.513124465942383,17.513124465942383,17.513124465942383,17.513124465942383,0,0.0,0.0
1996-07-08 00:00:00-04:00,17.33622808211889,17.33622808211889,17.247777938842773,17.247777938842773,9700,0.0,0.0
1996-07-09 00:00:00-04:00,17.247777938842773,17.247777938842773,17.159327795566657,17.247777938842773,1500,0.0,0.0
1996-07-10 00:00:00-04:00,17.15932273864746,17.247772855856983,17.07087262143794,17.15932273864746,3100,0.0,0.0
1996-07-11 00:00:00-04:00,17.07087390621503,17.15932403008143,16.982423782348633,16.982423782348633,31800,0.0,0.0
1996-07-12 00:00:00-04:00,17.07087263137258,17.07087263137258,16.893972396850586,16.893972396850586,4500,0.0,0.0
1996-07-15 00:00:00-04:00,16.893984748717934,16.893984748717934,16.540184020996094,16.540184020996094,16100,0.0,0.0
1996-07-16 00:00:00-04:00,16.45173282310611,16.45173282310611,16.186382293701172,16.186382293701172,21900,0.0,0.0
1996-07-17 00:00:00-04:00,16.186374063649886,16.274824195145243,16.00947380065918,16.00947380065918,9100,0.0,0.0
1996-07-18 00:00:00-04:00,15.92102527618408,15.92102527618408,15.92102527618408,15.921025276184082,500,0.0,0.0
1996-07-19 00:00:00-04:00,15.921023669163825,16.00947380065918,15.921023669163825,16.00947380065918,12200,0.0,0.0
1996-07-22 00:00:00-04:00,15.921025483504586,16.45172633295474,15.921025483504586,16.274826049804688,22800,0.0,0.0
1996-07-23 00:00:00-04:00,16.274832470169482,16.274832470169482,16.186382293701172,16.186382293701172,5600,0.0,0.0
1996-07-24 00:00:00-04:00,16.09792555703057,16.09792555703057,15.92102527618408,15.921025276184082,2400,0.0,0.0
1996-07-25 00:00:00-04:00,15.92102527618408,15.92102527618408,15.92102527618408,15.921025276184082,2000,0.0,0.0
1996-07-26 00:00:00-04:00,15.921021126412057,16.363271713256836,15.921021126412057,16.363271713256836,8300,0.0,0.0
1996-07-29 00:00:00-04:00,16.363282646637796,16.45173282310611,16.186382293701172,16.186382293701172,5600,0.0,0.0
1996-07-30 00:00:00-04:00,16.186375908229664,16.274826049804688,16.186375908229664,16.274826049804688,3600,0.0,0.0
1996-07-31 00:00:00-04:00,16.363274326640596,16.363274326640596,16.00947380065918,16.00947380065918,13600,0.0,0.0
1996-08-01 00:00:00-04:00,16.18638398570399,16.45173454284668,16.18638398570399,16.45173454284668,17600,0.0,0.0
1996-08-02 00:00:00-04:00,16.36328435713245,16.54018472856091,16.36328435713245,16.45173454284668,3600,0.0,0.0
1996-08-05 00:00:00-04:00,16.540171937739593,16.62862205505371,16.45172182042548,16.62862205505371,2300,0.0,0.0
1996-08-06 00:00:00-04:00,16.54017194799475,16.54017194799475,16.363271713256836,16.363271713256836,2600,0.0,0.0
1996-08-07 00:00:00-04:00,16.363271713256836,16.363271713256836,16.363271713256836,16.363271713256836,0,0.0,0.0
1996-08-08 00:00:00-04:00,16.45172633295474,16.45172633295474,16.274826049804688,16.274826049804688,12900,0.0,0.0
1996-08-09 00:00:00-04:00,16.363271713256836,16.363271713256836,16.363271713256836,16.363271713256836,18800,0.0,0.0
1996-08-12 00:00:00-04:00,16.363276191379715,16.363276191379715,16.186375908229664,16.274826049804688,3300,0.0,0.0
1996-08-13 00:00:00-04:00,16.274832470169482,16.274832470169482,16.097932117232858,16.186382293701172,31200,0.0,0.0
1996-08-14 00:00:00-04:00,16.186373406714136,16.186373406714136,16.00947315090305,16.097923278808594,10200,0.0,0.0
1996-08-15 00:00:00-04:00,16.00947315090305,16.097923278808594,16.00947315090305,16.097923278808594,5400,0.0,0.0
1996-08-16 00:00:00-04:00,16.097923932154533,16.097923932154533,15.921023669163825,16.00947380065918,5900,0.0,0.0
1996-08-19 00:00:00-04:00,16.00947380065918,16.00947380065918,15.921023669163825,16.00947380065918,18500,0.0,0.0
1996-08-20 00:00:00-04:00,16.009472228961286,16.009472228961286,15.832571983337402,15.832571983337402,27000,0.0,0.0
1996-08-21 00:00:00-04:00,15.921022106149344,16.009472228961286,15.832571983337402,15.832571983337402,3500,0.0,0.0
1996-08-22 00:00:00-04:00,15.92102527618408,15.92102527618408,15.832575135760836,15.921025276184082,18900,0.0,0.0
1996-08-23 00:00:00-04:00,15.921022106149344,15.921022106149344,15.832571983337402,15.832571983337402,300,0.0,0.0
1996-08-26 00:00:00-04:00,15.744123458862303,15.744123458862303,15.744123458862303,15.744123458862305,200,0.0,0.0
1996-08-27 00:00:00-04:00,15.65567723955427,15.65567723955427,15.39032677786691,15.478776931762695,19600,0.0,0.0
1996-08-28 00:00:00-04:00,15.386273622512817,15.47521162033081,15.297335624694824,15.297335624694824,12400,0.12,0.0
1996-08-29 00:00:00-04:00,15.386278982216355,15.74203109741211,15.386278982216355,15.74203109741211,3800,0.0,0.0
1996-08-30 00:00:00-04:00,15.653097152709961,15.742035204713996,15.653097152709961,15.653097152709961,1400,0.0,0.0
1996-09-03 00:00:00-04:00,15.56415843963623,15.56415843963623,15.386282343183245,15.56415843963623,7000,0.0,0.0
1996-09-04 00:00:00-04:00,15.65309306861317,15.74203109741211,15.65309306861317,15.74203109741211,15200,0.0,0.0
1996-09-05 00:00:00-04:00,15.742035204713996,15.742035204713996,15.653097152709961,15.653097152709961,5200,0.0,0.0
1996-09-06 00:00:00-04:00,15.742035204713996,15.742035204713996,15.653097152709961,15.653097152709961,31900,0.0,0.0
1996-09-09 00:00:00-04:00,15.65309306861317,15.74203109741211,15.65309306861317,15.74203109741211,2500,0.0,0.0
1996-09-10 00:00:00-04:00,15.653097152709961,15.742035204713996,15.653097152709961,15.653097152709961,40700,0.0,0.0
1996-09-11 00:00:00-04:00,15.475221048701894,15.653097152709961,15.475221048701894,15.653097152709961,4500,0.0,0.0
1996-09-12 00:00:00-04:00,15.653097152709961,15.653097152709961,15.653097152709961,15.653097152709961,5600,0.0,0.0
1996-09-13 00:00:00-04:00,15.564152975192014,15.564152975192014,15.475214958190918,15.475214958190918,12200,0.0,0.0
1996-09-16 00:00:00-04:00,14.94159047196551,14.94159047196551,14.052210086729469,14.585838317871094,536300,0.0,0.0
1996-09-17 00:00:00-04:00,14.585841417312622,14.67477947473526,13.874336957931519,14.23008918762207,223400,0.0,0.0
1996-09-18 00:00:00-04:00,14.230086163776676,14.674776356394698,14.230086163776676,14.585838317871094,657800,0.0,0.0
1996-09-19 00:00:00-04:00,14.585834435054235,15.119462524141584,14.585834435054235,14.9415864944458,311600,0.0,0.0
1996-09-20 00:00:00-04:00,15.030529975891115,15.119468023085735,14.941591928696493,15.030529975891113,148600,0.0,0.0
1996-09-23 00:00:00-04:00,14.941583633422852,15.297335624694824,14.852645635604858,15.297335624694824,248300,0.0,0.0
1996-09-24 00:00:00-04:00,15.297340953417418,15.74203109741211,15.297340953417418,15.74203109741211,297600,0.0,0.0
1996-09-25 00:00:00-04:00,15.830964315003452,16.186716322082184,15.830964315003452,16.0977783203125,269000,0.0,0.0
1996-09-26 00:00:00-04:00,16.09778741273013,16.09778741273013,15.653097152709961,15.653097152709961,317800,0.0,0.0
1996-09-27 00:00:00-04:00,15.742034536089216,15.742034536089216,15.475220391409739,15.56415843963623,280600,0.0,0.0
1996-09-30 00:00:00-04:00,15.564159621969301,15.564159621969301,15.208407402038574,15.208407402038574,416600,0.0,0.0
1996-10-01 00:00:00-04:00,15.297345457021255,15.297345457021255,14.941593237090528,15.208407402038574,480700,0.0,0.0
1996-10-02 00:00:00-04:00,15.208404932407975,15.475219054029168,15.208404932407975,15.38628101348877,75900,0.0,0.0
1996-10-03 00:00:00-04:00,15.38628101348877,15.38628101348877,15.297342972948373,15.38628101348877,99800,0.0,0.0
1996-10-04 00:00:00-04:00,15.38627694118982,15.564152975192014,15.38627694118982,15.475214958190918,586800,0.0,0.0
1996-10-07 00:00:00-04:00,15.386278982216355,15.74203109741211,15.386278982216355,15.74203109741211,1527500,0.0,0.0
1996-10-08 00:00:00-04:00,15.742033497317806,16.186723709106445,15.742033497317806,16.186723709106445,936800,0.0,0.0
1996-10-09 00:00:00-04:00,16.186725464734167,16.2756635167382,15.653097152709961,15.653097152709961,409700,0.0,0.0
1996-10-10 00:00:00-04:00,15.74202561378479,15.74202561378479,15.208397626876831,15.297335624694824,130900,0.0,0.0
1996-10-11 00:00:00-04:00,15.297335624694824,15.564149618148804,15.208397626876831,15.297335624694824,190500,0.0,0.0
1996-10-14 00:00:00-04:00,15.297340931611904,15.297340931611904,15.11946487426758,15.119464874267578,252800,0.0,0.0
1996-10-15 00:00:00-04:00,15.208407402038574,15.208407402038574,15.03053129207321,15.208407402038574,419100,0.0,0.0
1996-10-16 00:00:00-04:00,15.208406070280358,15.208406070280358,14.941591928696493,15.030529975891113,388400,0.0,0.0
1996-10-17 00:00:00-04:00,15.030524509293691,15.030524509293691,14.852648479597908,14.9415864944458,388400,0.0,0.0
1996-10-18 00:00:00-04:00,14.941591928696493,15.030529975891115,14.941591928696493,15.030529975891113,1298400,0.0,0.0
1996-10-21 00:00:00-04:00,16.542474451753282,17.253978729248047,16.275660347692746,17.253978729248047,2374400,0.0,0.0
1996-10-22 00:00:00-04:00,17.16503574710866,17.16503574710866,16.720345701846778,16.987159729003906,545700,0.0,0.0
1996-10-23 00:00:00-04:00,16.98715997997083,16.98715997997083,16.80928395923815,16.898221969604492,343700,0.0,0.0
1996-10-24 00:00:00-04:00,16.89822171995153,16.987159729003906,16.89822171995153,16.987159729003906,35900,0.0,0.0
1996-10-25 00:00:00-04:00,16.898225533841835,17.609729766845703,16.898225533841835,17.609729766845703,49100,0.0,0.0
1996-10-28 00:00:00-05:00,17.609728969744783,18.321233170542552,17.609728969744783,17.876543045043945,196400,0.0,0.0
1996-10-29 00:00:00-05:00,17.965482721573267,17.965482721573267,17.34291648864746,17.34291648864746,21200,0.0,0.0
1996-10-30 00:00:00-05:00,17.43184977426579,17.43184977426579,16.89822171995153,16.987159729003906,80500,0.0,0.0
1996-10-31 00:00:00-05:00,16.898221969604492,17.07609799033717,16.898221969604492,16.898221969604492,113200,0.0,0.0
1996-11-01 00:00:00-05:00,16.80928721283801,17.076101295581473,16.80928721283801,16.920459747314453,360200,0.0,0.0
1996-11-04 00:00:00-05:00,16.720355591487362,16.80929365314421,16.275665283203125,16.275665283203125,437100,0.0,0.0
1996-11-05 00:00:00-05:00,16.275668144226074,16.542482376098633,16.18673006693522,16.542482376098633,571700,0.0,0.0
1996-11-06 00:00:00-05:00,16.5424682980492,16.809282302856445,16.5424682980492,16.809282302856445,484100,0.0,0.0
1996-11-07 00:00:00-05:00,16.80928254634776,16.80928254634776,16.72034454345703,16.72034454345703,112100,0.0,0.0
1996-11-08 00:00:00-05:00,16.72034430125403,16.809282302856445,16.72034430125403,16.809282302856445,230500,0.0,0.0
1996-11-11 00:00:00-05:00,16.809282302856445,16.89822030445886,16.72034430125403,16.809282302856445,102100,0.0,0.0
1996-11-12 00:00:00-05:00,16.898232424322934,16.898232424322934,16.542480162758242,16.631418228149414,85100,0.0,0.0
1996-11-13 00:00:00-05:00,16.631413345751554,16.631413345751554,16.186723149341084,16.364599227905273,351000,0.0,0.0
1996-11-14 00:00:00-05:00,16.453544298807778,16.542482376098633,16.364606221516926,16.542482376098633,246500,0.0,0.0
1996-11-15 00:00:00-05:00,16.453530296446786,16.809282302856445,16.453530296446786,16.809282302856445,323600,0.0,0.0
1996-11-18 00:00:00-05:00,16.809282302856445,16.987158306061275,16.809282302856445,16.809282302856445,238500,0.0,0.0
1996-11-19 00:00:00-05:00,16.72034430125403,16.89822030445886,16.631406299651616,16.809282302856445,328300,0.0,0.0
1996-11-20 00:00:00-05:00,16.898221969604492,16.898221969604492,16.720345948871813,16.898221969604492,316700,0.0,0.0
1996-11-21 00:00:00-05:00,16.809282302856445,16.89822030445886,16.72034430125403,16.809282302856445,134700,0.0,0.0
1996-11-22 00:00:00-05:00,16.72034430125403,16.89822030445886,16.631406299651616,16.809282302856445,81300,0.0,0.0
1996-11-25 00:00:00-05:00,16.80928254634776,16.89822054923849,16.542468537675575,16.72034454345703,223700,0.0,0.0
1996-11-26 00:00:00-05:00,16.627381370666832,16.80617041766325,16.627381370666832,16.71677589416504,375100,0.12,0.0
1996-11-27 00:00:00-05:00,16.80617041766325,16.80617041766325,16.627381370666832,16.71677589416504,157700,0.0,0.0
1996-11-29 00:00:00-05:00,16.716769299608597,16.806163787841797,16.716769299608597,16.806163787841797,87100,0.0,0.0
1996-12-02 00:00:00-05:00,16.9849527643082,16.9849527643082,16.627374811375397,16.806163787841797,250800,0.0,0.0
1996-12-03 00:00:00-05:00,16.716769299608597,16.806163787841797,16.716769299608597,16.806163787841797,299700,0.0,0.0
1996-12-04 00:00:00-05:00,16.806163787841797,16.806163787841797,16.716769299608597,16.806163787841797,118100,0.0,0.0
1996-12-05 00:00:00-05:00,16.71677105401152,16.806165551626552,16.53798205878145,16.627376556396484,222700,0.0,0.0
1996-12-06 00:00:00-05:00,16.448592232369087,16.6273812783731,16.448592232369087,16.537986755371094,80900,0.0,0.0
1996-12-09 00:00:00-05:00,16.53798684716862,16.80617041766325,16.53798684716862,16.71677589416504,186100,0.0,0.0
1996-12-10 00:00:00-05:00,16.71677105401152,16.71677105401152,16.53798205878145,16.627376556396484,76300,0.0,0.0
1996-12-11 00:00:00-05:00,16.627370415153084,16.627370415153084,16.269792556762695,16.269792556762695,185500,0.0,0.0
1996-12-12 00:00:00-05:00,16.35919481775035,16.448589324951172,16.269800310549527,16.448589324951172,48000,0.0,0.0
1996-12-13 00:00:00-05:00,16.448592232369087,16.537986755371094,16.35919770936708,16.537986755371094,130500,0.0,0.0
1996-12-16 00:00:00-05:00,16.448587561166413,16.71677105401152,16.448587561166413,16.627376556396484,123500,0.0,0.0
1996-12-17 00:00:00-05:00,16.448592232369087,16.6273812783731,16.448592232369087,16.537986755371094,185000,0.0,0.0
1996-12-18 00:00:00-05:00,16.627381370666832,16.71677589416504,16.53798684716862,16.71677589416504,102400,0.0,0.0
1996-12-19 00:00:00-05:00,16.71677589416504,16.71677589416504,16.627381370666832,16.71677589416504,72600,0.0,0.0
1996-12-20 00:00:00-05:00,16.806163787841797,16.895558276074997,16.627374811375397,16.806163787841797,489200,0.0,0.0
1996-12-23 00:00:00-05:00,16.80617041766325,16.895564941161457,16.71677589416504,16.71677589416504,205200,0.0,0.0
1996-12-24 00:00:00-05:00,16.716769299608597,16.806163787841797,16.627374811375397,16.806163787841797,15600,0.0,0.0
1996-12-26 00:00:00-05:00,16.89556186095528,16.89556186095528,16.35919481775035,16.448589324951172,235000,0.0,0.0
1996-12-27 00:00:00-05:00,16.448585834908993,16.806163787841797,16.448585834908993,16.806163787841797,73300,0.0,0.0
1996-12-30 00:00:00-05:00,16.716769299608597,16.806163787841797,16.627374811375397,16.806163787841797,95700,0.0,0.0
1996-12-31 00:00:00-05:00,16.71677105401152,16.89556004924159,16.53798205878145,16.627376556396484,330400,0.0,0.0
1997-01-02 00:00:00-05:00,16.53798205878145,16.89556004924159,16.448587561166413,16.627376556396484,106500,0.0,0.0
1997-01-03 00:00:00-05:00,16.537994424296166,17.253150939941406,16.537994424296166,17.253150939941406,98300,0.0,0.0
1997-01-06 00:00:00-05:00,17.16374397277832,17.43192747235298,16.98495497306188,17.16374397277832,90000,0.0,0.0
1997-01-07 00:00:00-05:00,17.07435417175293,17.16374869621237,16.80617059837461,17.07435417175293,109700,0.0,0.0
1997-01-08 00:00:00-05:00,17.25313584743402,17.700108278714694,17.163741361177884,17.43192481994629,240400,0.0,0.0
1997-01-09 00:00:00-05:00,17.521325269536156,17.878903336261384,17.521325269536156,17.789508819580078,164100,0.0,0.0
1997-01-10 00:00:00-05:00,17.700101852416992,17.789496306217078,17.431918491016734,17.700101852416992,49700,0.0,0.0
1997-01-13 00:00:00-05:00,17.878890760017164,18.057679667617336,17.700101852416992,17.700101852416992,126100,0.0,0.0
1997-01-14 00:00:00-05:00,17.87890078974705,18.236478805541992,17.789506285798318,18.236478805541992,143300,0.0,0.0
1997-01-15 00:00:00-05:00,18.236474470658735,18.862235849553887,18.236474470658735,18.683446884155273,143400,0.0,0.0
1997-01-16 00:00:00-05:00,18.683454412193115,18.772848930911742,18.415270856037232,18.50466537475586,61700,0.0,0.0
1997-01-17 00:00:00-05:00,18.504666374279903,18.59406089782715,18.236482803638165,18.59406089782715,76400,0.0,0.0
1997-01-20 00:00:00-05:00,18.683453393213956,18.683453393213956,18.325875337841442,18.41526985168457,51600,0.0,0.0
1997-01-21 00:00:00-05:00,18.2364776383585,18.415266634812998,17.87889964544951,17.968294143676758,59600,0.0,0.0
1997-01-22 00:00:00-05:00,18.057692781162725,18.50466537475586,18.057692781162725,18.50466537475586,71700,0.0,0.0
1997-01-23 00:00:00-05:00,18.5046643655277,18.594058879370827,18.41526985168457,18.41526985168457,58400,0.0,0.0
1997-01-24 00:00:00-05:00,18.236479819693216,18.32587432861328,18.057690801853088,18.32587432861328,96500,0.0,0.0
1997-01-27 00:00:00-05:00,18.5046643655277,18.862242420900213,18.325875337841442,18.41526985168457,88500,0.0,0.0
1997-01-28 00:00:00-05:00,18.594059893474487,18.683454412193115,18.415270856037232,18.50466537475586,63000,0.0,0.0
1997-01-29 00:00:00-05:00,18.504657918756656,18.683446884155273,18.504657918756656,18.683446884155273,117200,0.0,0.0
1997-01-30 00:00:00-05:00,18.594056465256383,19.13042347867724,18.594056465256383,19.04102897644043,220200,0.0,0.0
1997-01-31 00:00:00-05:00,18.95163447420362,19.13042347867724,18.95163447420362,19.04102897644043,47900,0.0,0.0
1997-02-03 00:00:00-05:00,19.13042347867724,19.30921248315086,18.95163447420362,19.04102897644043,133600,0.0,0.0
1997-02-04 00:00:00-05:00,19.041031783481813,19.13042629889722,18.951637268066406,18.951637268066406,41100,0.0,0.0
1997-02-05 00:00:00-05:00,19.130430076235818,19.130430076235818,18.772851943969727,18.772851943969727,81500,0.0,0.0
1997-02-06 00:00:00-05:00,18.862246477036248,18.862246477036248,18.59406287783668,18.772851943969727,29400,0.0,0.0
1997-02-07 00:00:00-05:00,18.862244468468887,18.862244468468887,18.59406089782715,18.59406089782715,15500,0.0,0.0
1997-02-10 00:00:00-05:00,18.683454412193115,18.772848930911742,18.459968115396546,18.50466537475586,21200,0.0,0.0
1997-02-11 00:00:00-05:00,18.504666374279903,18.77284994492164,18.504666374279903,18.59406089782715,379300,0.0,0.0
1997-02-12 00:00:00-05:00,18.504666374279903,18.862244468468887,18.504666374279903,18.59406089782715,540400,0.0,0.0
1997-02-13 00:00:00-05:00,18.683449243944747,19.30921070187591,18.683449243944747,19.219816207885742,133800,0.0,0.0
1997-02-14 00:00:00-05:00,19.309217007674835,20.292556762695312,19.309217007674835,20.292556762695312,288900,0.0,0.0
1997-02-18 00:00:00-05:00,20.29255533655849,20.29255533655849,19.398610167547105,19.488004684448242,121300,0.0,0.0
1997-02-19 00:00:00-05:00,19.57739818590577,19.57739818590577,19.309214649112544,19.398609161376953,271600,0.0,0.0
1997-02-20 00:00:00-05:00,19.309215329728037,19.309215329728037,18.862242752651,18.951637268066406,172800,0.0,0.0
1997-02-21 00:00:00-05:00,18.772848237235593,19.041031783481813,18.772848237235593,18.951637268066406,22600,0.0,0.0
1997-02-24 00:00:00-05:00,18.772848549239132,19.488004684448242,18.683454032337995,19.488004684448242,95200,0.0,0.0
1997-02-25 00:00:00-05:00,19.39860622971146,19.39860622971146,19.2198172322026,19.30921173095703,8000,0.0,0.0
1997-02-26 00:00:00-05:00,19.485207937381887,19.754588692276567,19.305620767452098,19.395414352416992,63200,0.12,0.0
1997-02-27 00:00:00-05:00,19.39541185955669,19.574999006404433,19.21582471270894,19.305618286132812,22700,0.0,0.0
1997-02-28 00:00:00-05:00,19.21583200969967,19.21583200969967,18.94645118713379,18.94645118713379,45400,0.0,0.0
1997-03-03 00:00:00-05:00,18.94644399243732,19.39541185955669,18.766856845589572,19.305618286132812,105300,0.0,0.0
1997-03-04 00:00:00-05:00,19.305618286132812,19.305618286132812,19.21582471270894,19.305618286132812,120000,0.0,0.0
1997-03-05 00:00:00-05:00,19.215830640972786,19.215830640972786,18.946449837594663,19.036243438720703,82900,0.0,0.0
1997-03-06 00:00:00-05:00,19.126033782958984,19.126033782958984,18.946446611288007,19.126033782958984,109800,0.0,0.0
1997-03-07 00:00:00-05:00,19.126033597522312,19.485207937381887,19.126033597522312,19.395414352416992,46600,0.0,0.0
1997-03-10 00:00:00-05:00,19.3954047125739,19.934165954589844,19.30561117223791,19.934165954589844,149800,0.0,0.0
1997-03-11 00:00:00-05:00,19.84438286179222,19.84438286179222,19.305621336132702,19.48520851135254,22700,0.0,0.0
1997-03-12 00:00:00-05:00,19.39541511892158,19.575002295948632,19.21582794189453,19.21582794189453,37100,0.0,0.0
1997-03-13 00:00:00-05:00,19.126034353381005,19.305621530408057,18.946447176353953,19.21582794189453,108200,0.0,0.0
1997-03-14 00:00:00-05:00,19.305624242098826,19.305624242098826,19.036243438720703,19.036243438720703,131800,0.0,0.0
1997-03-17 00:00:00-05:00,19.036240197123497,19.126033782958984,18.85665302545252,19.126033782958984,13200,0.0,0.0
1997-03-18 00:00:00-05:00,19.03624076486748,19.39541511892158,19.03624076486748,19.21582794189453,63500,0.0,0.0
1997-03-19 00:00:00-05:00,19.21583200969967,19.305625617221633,18.856657579611827,18.94645118713379,29900,0.0,0.0
1997-03-20 00:00:00-05:00,18.856644972659755,18.856644972659755,18.587264330193186,18.7668514251709,142700,0.0,0.0
1997-03-21 00:00:00-05:00,18.587276213509696,19.036244237990605,18.587276213509696,18.856657028198242,45200,0.0,0.0
1997-03-24 00:00:00-05:00,18.856657835153435,18.946451443892258,18.587277008936955,18.67707061767578,35400,0.0,0.0
1997-03-25 00:00:00-05:00,18.856659211974215,18.856659211974215,18.587278366088867,18.587278366088867,110500,0.0,0.0
1997-03-26 00:00:00-05:00,18.677057877682042,18.856644972659755,18.677057877682042,18.7668514251709,80600,0.0,0.0
1997-03-27 00:00:00-05:00,18.677069818405876,19.126037842886788,18.677069818405876,18.856657028198242,165700,0.0,0.0
1997-03-31 00:00:00-05:00,18.8566547690086,18.8566547690086,18.40768679831792,18.497480392456055,154800,0.0,0.0
1997-04-01 00:00:00-05:00,18.407691135498638,18.587278366088867,18.407691135498638,18.587278366088867,80300,0.0,0.0
1997-04-02 00:00:00-05:00,18.497480392456055,18.8566547690086,18.497480392456055,18.497480392456055,122200,0.0,0.0
1997-04-03 00:00:00-05:00,18.49748392388372,18.49748392388372,17.958722256197788,18.138309478759766,389300,0.0,0.0
1997-04-04 00:00:00-05:00,18.13831028961329,18.766865596679096,18.13831028961329,18.587278366088867,124700,0.0,0.0
1997-04-07 00:00:00-04:00,18.58727341628656,18.67706700766959,18.31789264213748,18.407686233520508,9700,0.0,0.0
1997-04-08 00:00:00-04:00,18.31789752020352,18.587278366088867,18.31789752020352,18.587278366088867,108600,0.0,0.0
1997-04-09 00:00:00-04:00,18.497480392456055,18.677067580732327,18.497480392456055,18.497480392456055,19600,0.0,0.0
1997-04-10 00:00:00-04:00,18.497479824903536,18.58727341628656,18.31789264213748,18.407686233520508,46900,0.0,0.0
1997-04-11 00:00:00-04:00,18.407692791793146,18.407692791793146,18.138311921669345,18.228105545043945,24400,0.0,0.0
1997-04-14 00:00:00-04:00,18.138309478759766,18.317896701321743,17.958722256197788,18.138309478759766,111300,0.0,0.0
1997-04-15 00:00:00-04:00,18.31789264213748,18.497479824903536,18.228099050754455,18.407686233520508,181700,0.0,0.0
1997-04-16 00:00:00-04:00,18.497484750793753,18.587278366088867,18.407691135498638,18.587278366088867,114800,0.0,0.0
1997-04-17 00:00:00-04:00,18.677057877682042,18.856644972659755,18.587264330193186,18.7668514251709,104700,0.0,0.0
1997-04-18 00:00:00-04:00,18.766864226414608,18.766864226414608,18.587277008936955,18.67707061767578,86300,0.0,0.0
1997-04-21 00:00:00-04:00,18.587264330193186,18.856644972659755,18.587264330193186,18.7668514251709,161900,0.0,0.0
1997-04-22 00:00:00-04:00,18.766859257662738,19.485207937381887,18.766859257662738,19.395414352416992,168200,0.0,0.0
1997-04-23 00:00:00-04:00,19.39541492374262,19.57500209896246,19.39541492374262,19.48520851135254,6700,0.0,0.0
1997-04-24 00:00:00-04:00,19.395414352416992,19.575001522346778,19.395414352416992,19.395414352416992,72700,0.0,0.0
1997-04-25 00:00:00-04:00,19.48520543298056,19.48520543298056,19.126031139285065,19.305618286132812,49800,0.0,0.0
1997-04-28 00:00:00-04:00,19.39541926952677,19.66480009271464,19.305625661797478,19.57500648498535,25500,0.0,0.0
1997-04-29 00:00:00-04:00,19.66479568657238,19.66479568657238,19.48520851135254,19.48520851135254,21500,0.0,0.0
1997-04-30 00:00:00-04:00,19.39541926952677,19.66480009271464,19.39541926952677,19.57500648498535,22500,0.0,0.0
1997-05-01 00:00:00-04:00,19.6648006439209,19.6648006439209,19.575007033674684,19.6648006439209,110400,0.0,0.0
1997-05-02 00:00:00-04:00,19.6648006439209,19.6648006439209,19.575007033674684,19.6648006439209,25700,0.0,0.0
1997-05-05 00:00:00-04:00,19.66479606110586,19.844383239746094,19.66479606110586,19.844383239746094,26500,0.0,0.0
1997-05-06 00:00:00-04:00,19.844387864413324,19.93418147465954,19.6648006439209,19.6648006439209,36900,0.0,0.0
1997-05-07 00:00:00-04:00,19.75459861755371,19.75459861755371,19.66480498747392,19.75459861755371,36100,0.0,0.0
1997-05-08 00:00:00-04:00,19.66479606110586,19.934176829066214,19.66479606110586,19.844383239746094,38300,0.0,0.0
1997-05-09 00:00:00-04:00,19.934165954589844,19.934165954589844,19.485198252909893,19.934165954589844,230100,0.0,0.0
1997-05-12 00:00:00-04:00,20.02396322462294,20.203550338745117,19.844376110500757,20.203550338745117,55700,0.0,0.0
1997-05-13 00:00:00-04:00,20.20355909406351,20.832114265878822,20.02397190211628,20.383146286010742,72500,0.0,0.0
1997-05-14 00:00:00-04:00,20.832119271224244,20.832119271224244,20.47294480103072,20.5627384185791,59200,0.0,0.0
1997-05-15 00:00:00-04:00,20.65252571775202,20.65252571775202,20.38314494752047,20.472938537597656,18100,0.0,0.0
1997-05-16 00:00:00-04:00,20.383146286010742,20.65252707393159,20.383146286010742,20.383146286010742,17600,0.0,0.0
1997-05-19 00:00:00-04:00,20.383146286010742,20.47293988198436,20.29335269003713,20.383146286010742,21100,0.0,0.0
1997-05-20 00:00:00-04:00,20.38315118348234,20.5627384185791,20.293357565933963,20.5627384185791,86100,0.0,0.0
1997-05-21 00:00:00-04:00,20.5627384185791,20.832119271224244,20.47294480103072,20.5627384185791,33400,0.0,0.0
1997-05-22 00:00:00-04:00,20.65252113342285,20.65252113342285,20.47293399313222,20.65252113342285,60300,0.0,0.0
1997-05-23 00:00:00-04:00,20.74231947229264,21.191287426238365,20.74231947229264,21.10149383544922,49700,0.0,0.0
1997-05-27 00:00:00-04:00,21.101492108969854,21.101492108969854,20.65252419175773,20.832111358642578,48100,0.0,0.0
1997-05-28 00:00:00-04:00,20.73833656311035,21.099003285947052,20.648169882401177,20.73833656311035,17600,0.12,0.0
1997-05-29 00:00:00-04:00,20.73833539568145,20.918668746948242,20.64816872004805,20.918668746948242,195500,0.0,0.0
1997-05-30 00:00:00-04:00,20.73833656311035,20.73833656311035,20.558003201692,20.73833656311035,30400,0.0,0.0
1997-06-02 00:00:00-04:00,20.64818000793457,20.738346732860048,20.558013283009092,20.64818000793457,81700,0.0,0.0
1997-06-03 00:00:00-04:00,20.558008938899878,21.00884246826172,20.558008938899878,21.00884246826172,203600,0.0,0.0
1997-06-04 00:00:00-04:00,21.00884246826172,21.00884246826172,20.91867576238935,21.00884246826172,45100,0.0,0.0
1997-06-05 00:00:00-04:00,21.099009239067467,21.279342651367188,21.008842532917605,21.279342651367188,32500,0.0,0.0
1997-06-06 00:00:00-04:00,21.27933943728183,21.27933943728183,21.09900605222012,21.189172744750977,4700,0.0,0.0
1997-06-09 00:00:00-04:00,21.189185385923505,21.54985237121582,21.189185385923505,21.54985237121582,17500,0.0,0.0
1997-06-10 00:00:00-04:00,21.549841693190277,22.000675201416016,21.549841693190277,22.000675201416016,128300,0.0,0.0
1997-06-11 00:00:00-04:00,22.00067527863661,22.361342086483113,21.910508576674985,22.271175384521484,55800,0.0,0.0
1997-06-12 00:00:00-04:00,22.361342086483113,22.541675490406362,22.271175384521484,22.271175384521484,58700,0.0,0.0
1997-06-13 00:00:00-04:00,22.271170977623232,22.63183771410296,22.271170977623232,22.361337661743164,110300,0.0,0.0
1997-06-16 00:00:00-04:00,22.451508865356445,22.63184226989746,22.361342163085936,22.541675567626953,46200,0.0,0.0
1997-06-17 00:00:00-04:00,22.451508865356445,22.541675567626953,22.361342163085936,22.541675567626953,126400,0.0,0.0
1997-06-18 00:00:00-04:00,22.451504345863096,22.54167102998303,22.271170977623232,22.361337661743164,31500,0.0,0.0
1997-06-19 00:00:00-04:00,22.451508865356445,22.541675567626953,22.361342163085936,22.541675567626953,61500,0.0,0.0
1997-06-20 00:00:00-04:00,22.27117673714322,22.63184356689453,22.27117673714322,22.63184356689453,53500,0.0,0.0
1997-06-23 00:00:00-04:00,22.63184675337776,22.81218019364372,22.541680033244784,22.722013473510742,29200,0.0,0.0
1997-06-24 00:00:00-04:00,22.81216944296529,23.082669475885826,22.72200276532511,22.90233612060547,53700,0.0,0.0
1997-06-25 00:00:00-04:00,22.90233612060547,22.992502798245646,22.63183608768493,22.90233612060547,132400,0.0,0.0
1997-06-26 00:00:00-04:00,22.992509875381202,23.35317669695581,22.8121764645939,23.12775993347168,26200,0.0,0.0
1997-06-27 00:00:00-04:00,23.12775935905781,23.44334282009758,22.992509304326475,23.35317611694336,32500,0.0,0.0
1997-06-30 00:00:00-04:00,23.44334282009758,23.804009632714468,23.26300941378914,23.35317611694336,62100,0.0,0.0
1997-07-01 00:00:00-04:00,23.26301133930111,23.578594826462172,23.26301133930111,23.488428115844727,50000,0.0,0.0
1997-07-02 00:00:00-04:00,23.488428714663485,23.53351207112157,23.263011932373047,23.263011932373047,36600,0.0,0.0
1997-07-03 00:00:00-04:00,23.443346059820954,23.804012922279735,23.443346059820954,23.71384620666504,23100,0.0,0.0
1997-07-07 00:00:00-04:00,23.984332944585155,23.984332944585155,23.80399961417474,23.849082946777344,52500,0.0,0.0
1997-07-08 00:00:00-04:00,24.07450939326542,24.70567630619747,24.07450939326542,24.390092849731445,68700,0.0,0.0
1997-07-09 00:00:00-04:00,24.34501131674401,24.525344733905076,23.984344482421875,23.984344482421875,100900,0.0,0.0
1997-07-10 00:00:00-04:00,24.119594545292678,24.119594545292678,23.849094419551076,23.984344482421875,31000,0.0,0.0
1997-07-11 00:00:00-04:00,23.984352083454347,24.254852294921875,23.894185346298503,24.254852294921875,34900,0.0,0.0
1997-07-14 00:00:00-04:00,24.254835553439158,24.299918890899082,23.84908551629984,23.894168853759766,37300,0.0,0.0
1997-07-15 00:00:00-04:00,23.984346316410946,24.254846462836632,23.44334602355957,23.44334602355957,75900,0.0,0.0
1997-07-16 00:00:00-04:00,23.533508949936234,23.804009052809064,23.48842559945743,23.57859230041504,36900,0.0,0.0
1997-07-17 00:00:00-04:00,23.57859169369652,23.89417513892764,23.57859169369652,23.668758392333984,39800,0.0,0.0
1997-07-18 00:00:00-04:00,23.578593561019023,23.713843619686436,23.44334350235161,23.533510208129883,38200,0.0,0.0
1997-07-21 00:00:00-04:00,23.488426171674693,23.623676226406026,23.35317611694336,23.35317611694336,47300,0.0,0.0
1997-07-22 00:00:00-04:00,23.623674177689985,24.795841217041016,23.623674177689985,24.795841217041016,108400,0.0,0.0
1997-07-23 00:00:00-04:00,24.886024644639757,24.931108022619178,24.254857352927882,24.34502410888672,62600,0.0,0.0
1997-07-24 00:00:00-04:00,24.48027424282498,24.48027424282498,24.34502410888672,24.34502410888672,13000,0.0,0.0
1997-07-25 00:00:00-04:00,24.254844608163477,24.34501131674401,23.984344482421875,23.984344482421875,21400,0.0,0.0
1997-07-28 00:00:00-04:00,23.89418221927657,24.52534929676689,23.89418221927657,24.435182571411133,50800,0.0,0.0
1997-07-29 00:00:00-04:00,24.435178139630484,24.615511557635138,24.435178139630484,24.525344848632812,17500,0.0,0.0
1997-07-30 00:00:00-04:00,24.43517885311416,25.38192932528279,24.43517885311416,24.976179122924805,154200,0.0,0.0
1997-07-31 00:00:00-04:00,25.02125226136358,25.42700229803434,24.88600224913999,24.93108558654785,64500,0.0,0.0
1997-08-01 00:00:00-04:00,24.886002833094658,25.201586202354914,24.795836156163155,24.840919494628906,32500,0.0,0.0
1997-08-04 00:00:00-04:00,26.238525029591152,26.959859051023212,25.24669075012207,25.24669075012207,1190300,0.0,0.0
1997-08-05 00:00:00-04:00,25.246682502854036,25.968016288649867,25.246682502854036,25.607349395751953,120500,0.0,0.0
1997-08-06 00:00:00-04:00,25.60734056592821,26.14834071872951,25.51717387379466,25.787673950195312,243100,0.0,0.0
1997-08-07 00:00:00-04:00,25.78768284220091,25.87784956542539,25.427015949302994,25.607349395751953,112600,0.0,0.0
1997-08-08 00:00:00-04:00,25.291770271193435,25.562270487997644,25.15652016279133,25.517187118530273,179900,0.0,0.0
1997-08-11 00:00:00-04:00,25.472103749062907,25.742603965867115,25.246686901726065,25.517187118530273,151300,0.0,0.0
1997-08-12 00:00:00-04:00,25.6073577608381,25.787691266196116,25.24669075012207,25.24669075012207,74700,0.0,0.0
1997-08-13 00:00:00-04:00,25.517169290728276,25.697502642606214,25.381919276819822,25.47208595275879,22900,0.0,0.0
1997-08-14 00:00:00-04:00,25.427015949302994,25.74259948058867,25.427015949302994,25.607349395751953,44300,0.0,0.0
1997-08-15 00:00:00-04:00,25.427021088471285,25.472104459195524,24.705687156883446,25.021270751953125,246300,0.0,0.0
1997-08-18 00:00:00-04:00,25.111429685956974,25.111429685956974,23.804012341445752,24.074512481689453,219200,0.0,0.0
1997-08-19 00:00:00-04:00,24.164676905962466,25.201594012001898,24.164676905962466,25.111427307128906,33800,0.0,0.0
1997-08-20 00:00:00-04:00,25.1114189361793,25.24666894840289,24.795835574324265,24.93108558654785,41000,0.0,0.0
1997-08-21 00:00:00-04:00,25.111427307128906,25.246677364438398,24.705677135200432,25.111427307128906,25300,0.0,0.0
1997-08-22 00:00:00-04:00,24.886005339075307,25.111422054103162,24.660588624047453,24.750755310058594,12700,0.0,0.0
1997-08-25 00:00:00-04:00,24.660587516620005,25.381920972316387,24.660587516620005,25.06633758544922,90500,0.0,0.0
1997-08-26 00:00:00-04:00,25.066353423856594,25.787687335334482,25.021270054389227,25.517187118530273,68500,0.0,0.0
1997-08-27 00:00:00-04:00,25.513551035235007,25.513551035235007,25.151656694309686,25.242130279541016,174000,0.12,0.0
1997-08-28 00:00:00-04:00,25.287377522740556,25.287377522740556,24.97071984356491,25.061193466186523,21900,0.0,0.0
1997-08-29 00:00:00-04:00,24.970726272501118,25.287384033203125,24.7897789806714,25.287384033203125,98000,0.0,0.0
1997-09-02 00:00:00-04:00,25.287387606075832,25.42309809412275,25.196913947377887,25.332624435424805,98200,0.0,0.0
1997-09-03 00:00:00-04:00,25.423094502075415,25.468331325032842,25.196910387288266,25.287384033203125,180600,0.0,0.0
1997-09-04 00:00:00-04:00,25.287367072156684,25.423077450003678,25.061183109078357,25.242130279541016,394700,0.0,0.0
1997-09-05 00:00:00-04:00,25.287367072156684,25.33260386477235,25.151656694309686,25.242130279541016,18400,0.0,0.0
1997-09-08 00:00:00-04:00,25.242130691198994,25.287367484552398,25.06118351778538,25.151657104492188,55700,0.0,0.0
1997-09-09 00:00:00-04:00,25.151653995717545,25.46831151005212,25.151653995717545,25.42307472229004,20800,0.0,0.0
1997-09-10 00:00:00-04:00,25.332603250595337,25.4683136251521,25.015945709962896,25.377840042114258,57100,0.0,0.0
1997-09-11 00:00:00-04:00,25.28736810873904,25.33260490320906,24.970710547448927,25.015947341918945,54900,0.0,0.0
1997-09-12 00:00:00-04:00,25.06118351778538,25.151657104492188,24.970709931078574,25.151657104492188,72700,0.0,0.0
1997-09-15 00:00:00-04:00,25.196894938197197,25.196894938197197,24.789763781206577,24.925474166870117,47400,0.0,0.0
1997-09-16 00:00:00-04:00,25.015966629981992,25.332624435424805,24.97072980063302,25.332624435424805,74900,0.0,0.0
1997-09-17 00:00:00-04:00,25.28737493477347,25.33261174145464,25.061190901367628,25.196901321411133,170600,0.0,0.0
1997-09-18 00:00:00-04:00,25.3326042779058,25.423077864612605,25.151657104492188,25.151657104492188,179400,0.0,0.0
1997-09-19 00:00:00-04:00,25.33260386477235,25.33260386477235,25.151656694309686,25.242130279541016,95700,0.0,0.0
1997-09-22 00:00:00-04:00,25.196910387288266,25.377857679117984,25.151673564330835,25.287384033203125,19500,0.0,0.0
1997-09-23 00:00:00-04:00,25.24213027954102,25.513551035235007,25.061183109078357,25.242130279541016,60600,0.0,0.0
1997-09-24 00:00:00-04:00,25.106439590454105,25.332623730908644,25.106439590454105,25.1064395904541,44800,0.0,0.0
1997-09-25 00:00:00-04:00,25.106417207955467,25.513548297814204,25.106417207955467,25.42307472229004,21400,0.0,0.0
1997-09-26 00:00:00-04:00,25.423085073104403,25.694505910183807,25.423085073104403,25.649269104003906,56800,0.0,0.0
1997-09-29 00:00:00-04:00,25.739742716363708,25.739742716363708,25.468321879284304,25.649269104003906,27200,0.0,0.0
1997-09-30 00:00:00-04:00,25.558793561326134,26.056398391723633,25.558793561326134,26.056398391723633,128200,0.0,0.0
1997-10-01 00:00:00-04:00,26.011161588960224,26.32781920830409,25.83021437790659,26.056398391723633,327400,0.0,0.0
1997-10-02 00:00:00-04:00,25.965929254395384,26.05640287549084,25.87545563329993,25.920692443847656,16700,0.0,0.0
1997-10-03 00:00:00-04:00,26.011158619727286,26.101632214926337,25.87544822692871,25.87544822692871,136400,0.0,0.0
1997-10-06 00:00:00-04:00,25.920695492919062,25.920695492919062,25.513564150098343,25.69451141357422,33500,0.0,0.0
1997-10-07 00:00:00-04:00,25.69451187187707,25.739748688552908,25.51356460517371,25.60403823852539,23700,0.0,0.0
1997-10-08 00:00:00-04:00,25.60403143086074,25.875452258749725,25.558794626212578,25.830215454101562,19200,0.0,0.0
1997-10-09 00:00:00-04:00,25.739742716363708,25.875453134903413,25.649269104003906,25.649269104003906,22200,0.0,0.0
1997-10-10 00:00:00-04:00,25.558808582169668,25.558808582169668,25.196913947377887,25.332624435424805,28900,0.0,0.0
1997-10-13 00:00:00-04:00,25.28737493477347,25.28737493477347,24.97071728800529,25.196901321411133,87100,0.0,0.0
1997-10-14 00:00:00-04:00,25.242144386467672,25.46832847595215,25.196907568570776,25.46832847595215,36000,0.0,0.0
1997-10-15 00:00:00-04:00,25.513548297814204,25.69449544886253,25.332601146765874,25.42307472229004,63200,0.0,0.0
1997-10-16 00:00:00-04:00,25.42307472229004,25.69449544886253,25.377837934527957,25.42307472229004,44800,0.0,0.0
1997-10-17 00:00:00-04:00,25.4683136251521,25.51355041667102,25.332603250595337,25.377840042114258,32600,0.0,0.0
1997-10-20 00:00:00-04:00,25.33261021823748,25.784978257848863,25.196899806354065,25.51355743408203,57200,0.0,0.0
1997-10-21 00:00:00-04:00,25.739755794808673,27.865886765557367,25.739755794808673,26.780202865600586,150100,0.0,0.0
1997-10-22 00:00:00-04:00,26.689718919068422,27.006376601159065,26.418298048705015,26.55400848388672,118200,0.0,0.0
1997-10-23 00:00:00-04:00,26.463545061446524,27.051623840589784,26.32783457395193,26.780202865600586,113800,0.0,0.0
1997-10-24 00:00:00-04:00,26.780181415264423,26.82541820819561,26.192103107158953,26.463523864746094,25900,0.0,0.0
1997-10-27 00:00:00-05:00,26.282575872492664,26.463523038568344,25.015945709962896,25.377840042114258,128400,0.0,0.0
1997-10-28 00:00:00-05:00,25.01595297043461,26.05639947734238,24.97071616578645,25.830215454101562,162200,0.0,0.0
1997-10-29 00:00:00-05:00,25.830205812148776,25.92067938767294,25.332601146765874,25.42307472229004,64500,0.0,0.0
1997-10-30 00:00:00-05:00,25.151657104492188,25.242130691198994,24.970709931078574,25.151657104492188,21100,0.0,0.0
1997-10-31 00:00:00-05:00,25.33260386477235,25.558787827850672,25.24213027954102,25.242130279541016,63700,0.0,0.0
1997-11-03 00:00:00-05:00,25.33261802226146,25.558802111745937,25.242144386467672,25.46832847595215,146800,0.0,0.0
1997-11-04 00:00:00-05:00,25.51356770493653,25.7397518157959,25.468330882764658,25.7397518157959,157800,0.0,0.0
1997-11-05 00:00:00-05:00,25.739747773555287,25.830221403690803,25.649274143419767,25.784984588623047,107700,0.0,0.0
1997-11-06 00:00:00-05:00,25.78497116578454,25.83020795730346,25.377840042114258,25.377840042114258,79200,0.0,0.0
1997-11-07 00:00:00-05:00,25.33260386477235,25.423077450003678,25.19689348692535,25.242130279541016,39100,0.0,0.0
1997-11-10 00:00:00-05:00,25.332601146765874,25.513548297814204,25.24212757124171,25.42307472229004,19800,0.0,0.0
1997-11-11 00:00:00-05:00,25.468314242619343,25.604024620466337,25.19689348692535,25.242130279541016,31300,0.0,0.0
1997-11-12 00:00:00-05:00,25.151664514729966,25.37784854813581,25.015954094686457,25.196901321411133,167200,0.0,0.0
1997-11-13 00:00:00-05:00,25.287367484552398,25.287367484552398,24.970709931078574,25.151657104492188,34800,0.0,0.0
1997-11-14 00:00:00-05:00,25.287373798323596,26.05639947734238,25.287373798323596,25.830215454101562,103700,0.0,0.0
1997-11-17 00:00:00-05:00,25.83022126509118,26.41829985781655,25.83022126509118,26.192115783691406,54500,0.0,0.0
1997-11-18 00:00:00-05:00,26.146869012525865,26.19210581012539,25.784974631729657,25.87544822692871,21000,0.0,0.0
1997-11-19 00:00:00-05:00,25.87545563329993,25.965929254395384,25.784982012204477,25.920692443847656,11800,0.0,0.0
1997-11-20 00:00:00-05:00,25.920692443847656,26.01116606494311,25.649271580561294,25.920692443847656,20400,0.0,0.0
1997-11-21 00:00:00-05:00,25.96593277193211,26.01116958860795,25.51356460517371,25.60403823852539,38400,0.0,0.0
1997-11-24 00:00:00-05:00,25.513552081089124,25.513552081089124,24.880236958508895,25.015947341918945,60400,0.0,0.0
1997-11-25 00:00:00-05:00,24.970709931078574,25.3778410712592,24.970709931078574,25.151657104492188,70600,0.0,0.0
1997-11-26 00:00:00-05:00,25.238811007413,25.28420455239036,24.966449737548828,24.966449737548828,59400,0.12,0.0
1997-11-28 00:00:00-05:00,24.966457001999398,25.14803123474121,24.966457001999398,25.14803123474121,8500,0.0,0.0
1997-12-01 00:00:00-05:00,25.148028978737454,25.32960319519043,24.875667654057985,25.32960319519043,207500,0.0,0.0
1997-12-02 00:00:00-05:00,25.420398881549733,25.738153867569103,25.329611742687053,25.55657958984375,58200,0.0,0.0
1997-12-03 00:00:00-05:00,25.55657027214239,25.73814448366738,25.55657027214239,25.692750930786133,27800,0.0,0.0
1997-12-04 00:00:00-05:00,25.874329755004023,26.101297559872478,25.78354263305664,25.78354263305664,37100,0.0,0.0
1997-12-05 00:00:00-05:00,25.783549990446673,26.10130500793457,25.783549990446673,26.10130500793457,23500,0.0,0.0
1997-12-08 00:00:00-05:00,26.010513484477997,26.237481315930683,26.010513484477997,26.14669418334961,25400,0.0,0.0
1997-12-09 00:00:00-05:00,26.055902849163925,26.146689967105264,25.87432861328125,25.87432861328125,76700,0.0,0.0
1997-12-10 00:00:00-05:00,25.82893619403033,26.010510437925095,25.647361950135565,25.78354263305664,119200,0.0,0.0
1997-12-11 00:00:00-05:00,25.73814539985861,25.783538954355713,25.420390518378873,25.465784072875977,76700,0.0,0.0
1997-12-12 00:00:00-05:00,25.284210920768142,25.37499803358957,24.557914018196705,24.921062469482422,54200,0.0,0.0
1997-12-15 00:00:00-05:00,24.921063484029567,25.738147532686277,24.87566992577086,25.601966857910156,239900,0.0,0.0
1997-12-16 00:00:00-05:00,25.601964736367293,25.6473582908644,25.465784072875977,25.465784072875977,29200,0.0,0.0
1997-12-17 00:00:00-05:00,25.46578658254523,26.055902849163925,25.46578658254523,25.87432861328125,81200,0.0,0.0
1997-12-18 00:00:00-05:00,25.783549036543075,25.783549036543075,25.238826169573855,25.28421974182129,67600,0.0,0.0
1997-12-19 00:00:00-05:00,25.10264389553036,25.601973159275087,25.10264389553036,25.55657958984375,105200,0.0,0.0
1997-12-22 00:00:00-05:00,25.601967823316844,25.965116303080205,25.601967823316844,25.828935623168945,45700,0.0,0.0
1997-12-23 00:00:00-05:00,25.828943564373517,26.146698581861415,25.828943564373517,26.10130500793457,68700,0.0,0.0
1997-12-24 00:00:00-05:00,26.10130500793457,26.146698581861415,25.9197307122272,26.10130500793457,39300,0.0,0.0
1997-12-26 00:00:00-05:00,25.91972217225192,26.146689967105264,25.82893505431058,25.87432861328125,5000,0.0,0.0
1997-12-29 00:00:00-05:00,25.874338601086592,26.872997283935547,25.874338601086592,26.872997283935547,34100,0.0,0.0
1997-12-30 00:00:00-05:00,26.872975527729015,26.9183690674718,26.464433670043945,26.464433670043945,93500,0.0,0.0
1997-12-31 00:00:00-05:00,26.373660653269187,26.872989856687365,26.373660653269187,26.555234909057617,28500,0.0,0.0
1998-01-02 00:00:00-05:00,26.55524224848361,27.054571589908086,26.328274366017936,26.872997283935547,30900,0.0,0.0
1998-01-05 00:00:00-05:00,26.87298661048966,27.14534796127165,26.464444584316677,26.963773727416992,128300,0.0,0.0
1998-01-06 00:00:00-05:00,26.872983586868184,27.05455780029297,26.6914093734434,27.05455780029297,94700,0.0,0.0
1998-01-07 00:00:00-05:00,27.0091697699304,27.099956895207477,26.872989082014783,26.91838264465332,60400,0.0,0.0
1998-01-08 00:00:00-05:00,26.963781519750857,27.417717235571576,26.963781519750857,27.09996223449707,259700,0.0,0.0
1998-01-09 00:00:00-05:00,27.236136799219757,27.236136799219757,26.3282655725791,26.373659133911133,119900,0.0,0.0
1998-01-12 00:00:00-05:00,26.23747844991503,26.50983981790723,26.055904204586902,26.373659133911133,89400,0.0,0.0
1998-01-13 00:00:00-05:00,26.37366346262269,26.91838628801249,26.37366346262269,26.78220558166504,68900,0.0,0.0
1998-01-14 00:00:00-05:00,26.918380909812328,26.918380909812328,26.60062599182129,26.60062599182129,54200,0.0,0.0
1998-01-15 00:00:00-05:00,26.600631371859848,26.600631371859848,26.328269958496094,26.328269958496094,45900,0.0,0.0
1998-01-16 00:00:00-05:00,26.419058590719143,26.963781448259745,26.419058590719143,26.509845733642578,59200,0.0,0.0
1998-01-20 00:00:00-05:00,26.60063287656601,26.60063287656601,26.373665019257427,26.509845733642578,291600,0.0,0.0
1998-01-21 00:00:00-05:00,26.600629846254982,26.69141697883606,26.055907050768532,26.14669418334961,405000,0.0,0.0
1998-01-22 00:00:00-05:00,26.05590911891588,26.60063195763886,26.0105155490223,26.28287696838379,141400,0.0,0.0
1998-01-23 00:00:00-05:00,26.464446256575197,26.69141406323536,26.373659133911133,26.373659133911133,88700,0.0,0.0
1998-01-26 00:00:00-05:00,26.373659133911133,26.736807624567394,26.3282655725791,26.373659133911133,159300,0.0,0.0
1998-01-27 00:00:00-05:00,26.282876389602137,26.555237802965888,26.237482820708177,26.328269958496094,44500,0.0,0.0
1998-01-28 00:00:00-05:00,26.419061519004206,26.963784436921816,26.419061519004206,26.872997283935547,555800,0.0,0.0
1998-01-29 00:00:00-05:00,26.87299729024083,27.91704954982789,26.87299729024083,27.46311378479004,205700,0.0,0.0
1998-01-30 00:00:00-05:00,27.55388775624727,27.962429749338252,27.55388775624727,27.599281311035156,156200,0.0,0.0
1998-02-02 00:00:00-05:00,27.780862765296863,28.234798431396484,27.780862765296863,28.234798431396484,255100,0.0,0.0
1998-02-03 00:00:00-05:00,28.28018463285346,28.28018463285346,27.599281311035156,27.599281311035156,175400,0.0,0.0
1998-02-04 00:00:00-05:00,27.59929451430139,27.59929451430139,26.419061525202977,27.46311378479004,172700,0.0,0.0
1998-02-05 00:00:00-05:00,27.55388775624727,27.599281311035156,27.372313537095724,27.599281311035156,112700,0.0,0.0
1998-02-06 00:00:00-05:00,27.59929553680669,28.14401847503314,27.59929553680669,27.826263427734375,203500,0.0,0.0
1998-02-09 00:00:00-05:00,27.87164726257324,28.280189323425294,27.87164726257324,28.14400863647461,86200,0.0,0.0
1998-02-10 00:00:00-05:00,28.1893976721794,28.64333322245604,28.1893976721794,28.507152557373047,41100,0.0,0.0
1998-02-11 00:00:00-05:00,28.507154831519497,28.55254839016841,28.144006362328163,28.325580596923828,63100,0.0,0.0
1998-02-12 00:00:00-05:00,28.32558134004667,28.416368459726307,27.871645741648486,27.962432861328125,53500,0.0,0.0
1998-02-13 00:00:00-05:00,27.962437831617724,28.234799239068543,27.780863559983842,27.87165069580078,36700,0.0,0.0
1998-02-17 00:00:00-05:00,27.871643358866372,27.871643358866372,27.236133575439453,27.236133575439453,182900,0.0,0.0
1998-02-18 00:00:00-05:00,27.23614590227111,27.553900937797607,27.190752325767328,27.46311378479004,269500,0.0,0.0
1998-02-19 00:00:00-05:00,27.553900937797607,27.59929451430139,27.190752325767328,27.46311378479004,221600,0.0,0.0
1998-02-20 00:00:00-05:00,27.463095025492585,27.463095025492585,27.054553116022447,27.28152084350586,54000,0.0,0.0
1998-02-23 00:00:00-05:00,27.326930092407434,27.326930092407434,27.009175091332928,27.09996223449707,41000,0.0,0.0
1998-02-24 00:00:00-05:00,27.19073846036156,27.236132013717754,26.91837714022438,27.05455780029297,56200,0.0,0.0
1998-02-25 00:00:00-05:00,27.05091315687301,27.233074188232422,26.868752125513595,27.233074188232422,568100,0.12,0.0
1998-02-26 00:00:00-05:00,27.278626567027608,27.82510990392966,27.187546010877263,27.779569625854492,354300,0.0,0.0
1998-02-27 00:00:00-05:00,27.825106500209063,27.961727317722367,27.688485682695763,27.734025955200195,128000,0.0,0.0
1998-03-02 00:00:00-05:00,27.77956349174637,28.052805099861907,27.688482955707855,27.825103759765625,367900,0.0,0.0
1998-03-03 00:00:00-05:00,27.779569625854492,28.052811294305517,27.73402934777932,27.779569625854492,52500,0.0,0.0
1998-03-04 00:00:00-05:00,27.779569830776246,27.779569830776246,27.32416704666516,27.551868438720703,461300,0.0,0.0
1998-03-05 00:00:00-05:00,27.597407072493173,28.508212586436844,27.597407072493173,28.143890380859375,144900,0.0,0.0
1998-03-06 00:00:00-05:00,28.690376492328824,29.236859854087466,28.508215371742608,28.87253761291504,87300,0.0,0.0
1998-03-09 00:00:00-05:00,28.781444035353704,29.14576611175059,28.781444035353704,29.054685592651367,69700,0.0,0.0
1998-03-10 00:00:00-05:00,29.00914793524123,30.238735053375475,29.00914793524123,29.828872680664062,235300,0.0,0.0
1998-03-11 00:00:00-05:00,30.011040145763452,31.878191353618234,30.011040145763452,31.422788619995117,335600,0.0,0.0
1998-03-12 00:00:00-05:00,31.422779892766197,31.468320153480352,31.10399806776712,31.33169937133789,123100,0.0,0.0
1998-03-13 00:00:00-05:00,31.513879092853188,32.06036254533041,31.513879092853188,31.787120819091797,104000,0.0,0.0
1998-03-16 00:00:00-05:00,31.832651017926015,32.74345648338885,31.832651017926015,32.47021484375,174200,0.0,0.0
1998-03-17 00:00:00-05:00,32.880067276348235,34.42843609545604,32.880067276348235,34.01857376098633,174600,0.0,0.0
1998-03-18 00:00:00-05:00,33.88194760501623,34.79275264816183,33.65424634422983,34.20072937011719,114700,0.0,0.0
1998-03-19 00:00:00-05:00,34.20073618895187,34.38289723389968,33.51763227039758,34.29181671142578,179900,0.0,0.0
1998-03-20 00:00:00-05:00,34.20073461144921,34.70167746194979,33.60871124267578,33.60871124267578,90500,0.0,0.0
1998-03-23 00:00:00-05:00,33.65424531523164,33.65424531523164,32.561279296875,32.561279296875,284000,0.0,0.0
1998-03-24 00:00:00-05:00,32.5612949723957,32.880076881216354,32.4246741543297,32.51575469970703,231100,0.0,0.0
1998-03-25 00:00:00-05:00,32.606830492336165,32.606830492336165,31.149541978712204,31.559404373168945,248300,0.0,0.0
1998-03-26 00:00:00-05:00,31.5593956313844,31.5593956313844,30.329808788603188,31.46831512451172,212600,0.0,0.0
1998-03-27 00:00:00-05:00,31.468325534563387,32.47021144159724,31.422785266061847,32.4246711730957,103300,0.0,0.0
1998-03-30 00:00:00-05:00,32.42465686386438,32.606817857481595,31.559392144182603,31.65047264099121,76100,0.0,0.0
1998-03-31 00:00:00-05:00,31.422774871075376,31.696016391693423,31.331694364202693,31.46831512451172,53400,0.0,0.0
1998-04-01 00:00:00-05:00,31.468328538622174,32.424674268450055,30.739684173039027,31.878190994262695,247400,0.0,0.0
1998-04-02 00:00:00-05:00,33.517632748550476,34.1096561530765,33.10777039157092,33.381011962890625,194500,0.0,0.0
1998-04-03 00:00:00-05:00,33.51761773292054,34.24626159667969,33.51761773292054,34.24626159667969,129400,0.0,0.0
1998-04-06 00:00:00-04:00,34.200725947062175,34.56504792785645,33.83640396626791,34.15518569946289,111900,0.0,0.0
1998-04-07 00:00:00-04:00,33.97302470906576,34.47396743265788,33.88194421386719,34.15518569946289,127200,0.0,0.0
1998-04-08 00:00:00-04:00,34.15519755099899,34.47397939480831,33.92749623399233,34.109657287597656,97000,0.0,0.0
1998-04-09 00:00:00-04:00,34.018574742486685,34.79275917437728,33.92749422108779,34.33735656738281,87600,0.0,0.0
1998-04-13 00:00:00-04:00,34.246267651754714,34.428428649902344,33.973026154533265,34.428428649902344,63900,0.0,0.0
1998-04-14 00:00:00-04:00,34.428435266017914,35.15707939863205,34.24627423286438,34.974918365478516,57000,0.0,0.0
1998-04-15 00:00:00-04:00,35.020455601943695,35.4303178911732,34.428432295278846,34.88383483886719,117000,0.0,0.0
1998-04-16 00:00:00-04:00,34.88384411028364,34.92938437674615,34.51952197858355,34.701683044433594,67900,0.0,0.0
1998-04-17 00:00:00-04:00,34.7927600762783,35.93126662327693,34.7927600762783,35.52140426635742,78000,0.0,0.0
1998-04-20 00:00:00-04:00,35.3392639955921,35.47588486155444,34.747240243088626,34.92940139770508,212300,0.0,0.0
1998-04-21 00:00:00-04:00,34.7927600762783,35.74910557575715,33.51763274363982,35.52140426635742,143500,0.0,0.0
1998-04-22 00:00:00-04:00,35.521402876506485,35.521402876506485,34.95214962528042,35.24816131591797,85700,0.0,0.0
1998-04-23 00:00:00-04:00,35.293709630336984,35.3847901713185,35.179858954110095,35.20262908935547,41300,0.0,0.0
1998-04-24 00:00:00-04:00,35.15709686279297,35.384798267344735,35.15709686279297,35.15709686279297,68300,0.0,0.0
1998-04-27 00:00:00-04:00,34.79274139404297,34.79274139404297,32.74343070983887,33.2443733215332,95800,0.0,0.0
1998-04-28 00:00:00-04:00,33.4265546685023,34.38290023803711,33.4265546685023,34.38290023803711,263700,0.0,0.0
1998-04-29 00:00:00-04:00,34.565061165244586,34.565061165244586,33.88195718964687,33.97303771972656,247100,0.0,0.0
1998-04-30 00:00:00-04:00,33.97302810933079,34.519511135218146,33.745326848544394,34.20072937011719,83400,0.0,0.0
1998-05-01 00:00:00-04:00,34.10965345799923,34.974918365478516,34.10965345799923,34.974918365478516,251200,0.0,0.0
1998-05-04 00:00:00-04:00,34.883834671728394,35.52139822969732,34.883834671728394,35.339237213134766,129000,0.0,0.0
1998-05-05 00:00:00-04:00,35.33923962085278,35.47586039258288,35.06599807739258,35.06599807739258,75900,0.0,0.0
1998-05-06 00:00:00-04:00,35.248146909348506,35.248146909348506,33.881939664800115,34.24626159667969,106800,0.0,0.0
1998-05-07 00:00:00-04:00,34.155196168060094,34.155196168060094,33.74533381404338,33.8364143371582,35600,0.0,0.0
1998-05-08 00:00:00-04:00,33.97301563043245,35.020441045311735,33.97301563043245,34.79273986816406,73100,0.0,0.0
1998-05-11 00:00:00-04:00,34.79275064619761,35.24815314156669,34.428428649902344,34.428428649902344,71300,0.0,0.0
1998-05-12 00:00:00-04:00,34.61059713299814,34.61059713299814,33.608711426516614,34.01857376098633,83800,0.0,0.0
1998-05-13 00:00:00-04:00,34.109651657842825,34.109651657842825,33.69978935487809,33.88195037841797,128400,0.0,0.0
1998-05-14 00:00:00-04:00,33.881964470358454,34.97493106617647,33.881964470358454,34.83831024169922,29500,0.0,0.0
1998-05-15 00:00:00-04:00,34.8838472780974,35.020468089891516,33.335478077764094,33.51763916015625,56500,0.0,0.0
1998-05-18 00:00:00-04:00,33.51765017464171,34.200754458092284,33.51765017464171,33.56319046020508,73300,0.0,0.0
1998-05-19 00:00:00-04:00,33.881954598715616,34.20073642961751,33.699793552485964,33.8364143371582,160400,0.0,0.0
1998-05-20 00:00:00-04:00,33.881972459148685,33.881972459148685,33.56319046020508,33.56319046020508,88200,0.0,0.0
1998-05-21 00:00:00-04:00,33.56318832664798,33.83643002265868,33.56318832664798,33.790889739990234,66800,0.0,0.0
1998-05-22 00:00:00-04:00,33.79089406539834,33.79089406539834,33.33549118041992,33.33549118041992,72700,0.0,0.0
1998-05-26 00:00:00-04:00,33.380997008465705,34.61058352855926,33.380997008465705,34.24626159667969,179100,0.0,0.0
1998-05-27 00:00:00-04:00,34.06412887057045,34.06412887057045,33.42656496122822,33.654266357421875,31100,0.0,0.0
1998-05-28 00:00:00-04:00,34.0615348815918,34.198511563421256,33.46796926033081,34.0615348815918,58000,0.12,0.0
1998-05-29 00:00:00-04:00,34.10719784446385,34.24417454263438,33.46797325300134,33.604949951171875,38400,0.0,0.0
1998-06-01 00:00:00-04:00,33.650610432637805,33.650610432637805,33.33099812188005,33.513633728027344,126600,0.0,0.0
1998-06-02 00:00:00-04:00,33.513604955470306,34.609417651561984,33.513604955470306,34.33546447753906,62000,0.0,0.0
1998-06-03 00:00:00-04:00,34.28983356982021,34.33549246938056,33.33099667905294,33.37665557861328,108800,0.0,0.0
1998-06-04 00:00:00-04:00,33.37665479170169,33.42231369018555,33.28533699473397,33.42231369018555,25200,0.0,0.0
1998-06-05 00:00:00-04:00,33.422305285361425,33.696258607372584,33.330987511357705,33.46796417236328,171400,0.0,0.0
1998-06-08 00:00:00-04:00,33.46796262572412,33.97021035953444,33.33098597104858,33.55928039550781,203600,0.0,0.0
1998-06-09 00:00:00-04:00,33.559281946367,33.65059972037072,33.330987511357705,33.46796417236328,136800,0.0,0.0
1998-06-10 00:00:00-04:00,33.78757952989701,33.78757952989701,33.2396728348176,33.28533172607422,94000,0.0,0.0
1998-06-11 00:00:00-04:00,33.330987833314026,33.51362338308561,32.14385675979873,32.32649230957031,156200,0.0,0.0
1998-06-12 00:00:00-04:00,32.14385418762294,32.14385418762294,31.504629814573626,31.915559768676758,279600,0.0,0.0
1998-06-15 00:00:00-04:00,31.915565228875664,31.915565228875664,31.41331742126818,31.5959529876709,257900,0.0,0.0
1998-06-16 00:00:00-04:00,31.641594838560298,32.646089912800306,31.50461823752757,32.50911331176758,98100,0.0,0.0
1998-06-17 00:00:00-04:00,32.509135837896,33.604949405465526,32.41781804059854,33.19401931762695,57400,0.0,0.0
1998-06-18 00:00:00-04:00,33.011367044528996,33.057025920109254,32.46346053756586,32.60043716430664,40700,0.0,0.0
1998-06-19 00:00:00-04:00,32.14384186010567,32.509112790334136,31.595935464762952,31.732912063598633,67900,0.0,0.0
1998-06-22 00:00:00-04:00,31.73292619007122,32.189515056115404,31.504631757049122,31.687267303466797,126100,0.0,0.0
1998-06-23 00:00:00-04:00,32.235174534684525,32.965716733770854,32.235174534684525,32.32649230957031,155100,0.0,0.0
1998-06-24 00:00:00-04:00,32.143864585198784,32.143864585198784,31.595957802496528,31.869911193847656,167200,0.0,0.0
1998-06-25 00:00:00-04:00,31.96122507282545,32.32649621651488,31.915566179864268,32.098201751708984,138000,0.0,0.0
1998-06-26 00:00:00-04:00,32.09820342337948,32.691769062787635,31.77859115600586,31.77859115600586,57400,0.0,0.0
1998-06-29 00:00:00-04:00,31.778585855062904,32.14385695684524,31.04804365149824,31.64160919189453,190200,0.0,0.0
1998-06-30 00:00:00-04:00,31.73292883237203,32.8744010925293,31.73292883237203,32.8744010925293,287800,0.0,0.0
1998-07-01 00:00:00-04:00,32.69176690657061,33.4223091838124,32.098201306311644,33.23967361450195,391800,0.0,0.0
1998-07-02 00:00:00-04:00,33.330989360138666,33.51362491827641,32.28083490084663,32.463470458984375,190100,0.0,0.0
1998-07-06 00:00:00-04:00,32.3721532980601,32.8744010925293,32.3721532980601,32.8744010925293,146200,0.0,0.0
1998-07-07 00:00:00-04:00,32.87440078322952,34.152849702577335,32.87440078322952,33.78757858276367,189700,0.0,0.0
1998-07-08 00:00:00-04:00,33.924565298424646,33.97022420192185,33.650611877441406,33.650611877441406,197400,0.0,0.0
1998-07-09 00:00:00-04:00,33.65061094815446,33.924564361572266,33.42231643697295,33.924564361572266,108300,0.0,0.0
1998-07-10 00:00:00-04:00,33.8332337048589,33.97021035953444,33.51362151061596,33.55928039550781,69300,0.0,0.0
1998-07-13 00:00:00-04:00,33.55929105178169,33.604949951171875,33.37665545422098,33.604949951171875,28100,0.0,0.0
1998-07-14 00:00:00-04:00,33.604943339029944,33.69626111984253,32.691765530904135,32.8744010925293,90700,0.0,0.0
1998-07-15 00:00:00-04:00,33.05703770030629,34.609440023248844,32.96571991660378,34.15285110473633,159100,0.0,0.0
1998-07-16 00:00:00-04:00,34.42681597180935,35.79658318554181,34.335498157560515,35.24867630004883,110600,0.0,0.0
1998-07-17 00:00:00-04:00,35.339965800470125,35.339965800470125,34.426788389605264,35.111671447753906,151500,0.0,0.0
1998-07-20 00:00:00-04:00,34.97471790023261,35.97921371459961,34.97471790023261,35.97921371459961,102800,0.0,0.0
1998-07-21 00:00:00-04:00,35.796559882886484,36.61841967611602,35.29431223146843,36.16183090209961,154000,0.0,0.0
1998-07-22 00:00:00-04:00,36.16183688035652,37.07501457935542,36.16183688035652,36.70974349975586,223700,0.0,0.0
1998-07-23 00:00:00-04:00,36.618424190776814,37.21198967017843,36.618424190776814,36.80105972290039,173700,0.0,0.0
1998-07-24 00:00:00-04:00,36.89238279741096,37.44028947262004,36.80106501820945,36.93804168701172,91300,0.0,0.0
1998-07-27 00:00:00-04:00,36.93804852991928,37.029366326037746,35.705258282319996,36.983707427978516,139400,0.0,0.0
1998-07-28 00:00:00-04:00,36.527126996945114,36.75542154067602,35.522631004529124,35.613948822021484,83500,0.0,0.0
1998-07-29 00:00:00-04:00,35.9791884965689,36.39011831442311,35.47694094141375,35.659576416015625,41600,0.0,0.0
1998-07-30 00:00:00-04:00,35.887888385875016,35.93354727695119,35.43129947511325,35.750911712646484,50700,0.0,0.0
1998-07-31 00:00:00-04:00,35.933536515091404,36.34446641170617,35.75090100548484,36.16183090209961,71900,0.0,0.0
1998-08-03 00:00:00-04:00,36.07051007224445,36.07051007224445,34.65508499346018,34.746402740478516,91500,0.0,0.0
1998-08-04 00:00:00-04:00,34.929050597134015,35.24866282482021,34.38114392110054,34.47246170043945,240100,0.0,0.0
1998-08-05 00:00:00-04:00,34.42679890152675,35.20299993776808,34.33548113255719,34.929046630859375,247500,0.0,0.0
1998-08-06 00:00:00-04:00,35.06602002503129,36.52710419274093,34.974702264549435,36.4814453125,127200,0.0,0.0
1998-08-07 00:00:00-04:00,36.481466290983114,37.16634988843587,36.481466290983114,37.02937316894531,219200,0.0,0.0
1998-08-10 00:00:00-04:00,37.07501153778612,37.07501153778612,36.07051615129438,36.435787200927734,149900,0.0,0.0
1998-08-11 00:00:00-04:00,36.161847545334936,36.161847545334936,34.92905728810761,34.97471618652344,144200,0.0,0.0
1998-08-12 00:00:00-04:00,35.06602478027344,35.61393141746521,34.929048120975494,35.06602478027344,314700,0.0,0.0
1998-08-13 00:00:00-04:00,35.06602478027344,35.15734255313873,34.700753688812256,35.06602478027344,54700,0.0,0.0
1998-08-14 00:00:00-04:00,35.06603569664031,35.06603569664031,34.33549328629364,34.65510559082031,38900,0.0,0.0
1998-08-17 00:00:00-04:00,34.746417128899886,35.02037048339844,34.746417128899886,35.02037048339844,108100,0.0,0.0
1998-08-18 00:00:00-04:00,34.97471789534698,35.02037679599365,34.56378778952698,34.65510559082031,115900,0.0,0.0
1998-08-19 00:00:00-04:00,34.70076156960699,34.70076156960699,34.244172601585845,34.38114929199219,70100,0.0,0.0
1998-08-20 00:00:00-04:00,34.56377632081196,35.2486596032587,34.426799664322616,34.88338851928711,128400,0.0,0.0
1998-08-21 00:00:00-04:00,34.518117601626386,34.518117601626386,33.37664545871546,34.19850540161133,65200,0.0,0.0
1998-08-24 00:00:00-04:00,34.24415513187765,34.88337936100603,34.24415513187765,34.746402740478516,51500,0.0,0.0
1998-08-25 00:00:00-04:00,34.746426421717594,35.020379849484094,34.335496280067844,34.700767517089844,67800,0.0,0.0
1998-08-26 00:00:00-04:00,34.51813009064419,34.51813009064419,33.559293143681856,33.924564361572266,51200,0.0,0.0
1998-08-27 00:00:00-04:00,33.74191768720622,33.74191768720622,31.595949985854805,32.7830810546875,199000,0.0,0.0
1998-08-28 00:00:00-04:00,32.96570583920836,33.14834132862226,32.28082275390625,32.28082275390625,109800,0.0,0.0
1998-08-31 00:00:00-04:00,32.280844447899426,32.41782115701356,30.774100647643863,31.139371871948242,138000,0.0,0.0
1998-09-01 00:00:00-04:00,31.413299999648718,32.006865261269986,30.500122674077534,31.732912063598633,122100,0.0,0.0
1998-09-02 00:00:00-04:00,31.96122863683928,33.194018884260224,31.96122863683928,32.55479431152344,83100,0.0,0.0
1998-09-03 00:00:00-04:00,32.37215390094187,34.0158739861801,32.14385944465878,33.28533172607422,83800,0.0,0.0
1998-09-04 00:00:00-04:00,33.37665479170169,33.78758487805643,33.10270140079853,33.42231369018555,144000,0.0,0.0
1998-09-08 00:00:00-04:00,33.69625771430231,34.38114100117837,33.69625771430231,33.970211029052734,71600,0.0,0.0
1998-09-09 00:00:00-04:00,34.01587677001953,34.19851234999279,33.33099334511981,34.01587677001953,92400,0.0,0.0
1998-09-10 00:00:00-04:00,33.8332490546214,33.8332490546214,31.32200924624869,31.36766815185547,239400,0.0,0.0
1998-09-11 00:00:00-04:00,31.508723299268265,32.51626968383789,31.4171281733983,32.51626968383789,100900,0.13,0.0
1998-09-14 00:00:00-04:00,32.51626246393064,33.24902330818823,32.28727470010014,32.42466735839844,101500,0.0,0.0
1998-09-15 00:00:00-04:00,32.60785361796149,32.60785361796149,31.96668795693415,32.01248550415039,61800,0.0,0.0
1998-09-16 00:00:00-04:00,32.14987814579911,32.195675693015346,31.920890409717916,32.01248550415039,128200,0.0,0.0
1998-09-17 00:00:00-04:00,31.600302897001566,31.600302897001566,31.142327492697195,31.325517654418945,100100,0.0,0.0
1998-09-18 00:00:00-04:00,31.188130930262467,31.417118675712263,30.959143184812667,31.279726028442383,179000,0.0,0.0
1998-09-21 00:00:00-04:00,31.142333675224425,31.646106719970703,30.546965531433372,31.646106719970703,32300,0.0,0.0
1998-09-22 00:00:00-04:00,32.01248018216875,32.104075261373815,31.004934310913086,31.004934310913086,253100,0.0,0.0
1998-09-23 00:00:00-04:00,31.004941621492076,31.8750950791115,30.775953869486965,31.50871467590332,286400,0.0,0.0
1998-09-24 00:00:00-04:00,31.41711273527982,32.104075841736375,30.867542250114575,31.325517654418945,44300,0.0,0.0
1998-09-25 00:00:00-04:00,31.508724646387574,31.55452221128058,31.004951432564518,31.417129516601562,114300,0.0,0.0
1998-09-28 00:00:00-04:00,31.417107979341235,32.05827344830738,31.371310445843655,31.554500579833984,319300,0.0,0.0
1998-09-29 00:00:00-04:00,31.4629171255023,31.69190487750741,31.371322024700255,31.50871467590332,61700,0.0,0.0
1998-09-30 00:00:00-04:00,31.462916521881148,32.058284665672204,31.32552387331398,31.646106719970703,107100,0.0,0.0
1998-10-01 00:00:00-04:00,31.554525238126736,31.554525238126736,30.317990867401885,31.18814468383789,117800,0.0,0.0
1998-10-02 00:00:00-04:00,31.188148986209526,32.28729080070149,30.82176838137887,32.241493225097656,140600,0.0,0.0
1998-10-05 00:00:00-04:00,32.058294081313804,32.19568677023372,31.646116014554057,32.10409164428711,203300,0.0,0.0
1998-10-06 00:00:00-04:00,32.42465862474943,32.92843156948424,30.08898406279714,31.325517654418945,258700,0.0,0.0
1998-10-07 00:00:00-04:00,31.279736213123098,31.50872403313132,30.684367881101718,31.142343521118164,197400,0.0,0.0
1998-10-08 00:00:00-04:00,30.959134383940363,30.959134383940363,28.302877291827137,29.264625549316406,170000,0.0,0.0
1998-10-09 00:00:00-04:00,29.310450753765906,30.959163608665236,29.218855595160385,30.592782974243164,109700,0.0,0.0
1998-10-12 00:00:00-04:00,30.50117218814679,30.959147746527375,30.272184408956498,30.684362411499023,66800,0.0,0.0
1998-10-13 00:00:00-04:00,30.684370260423968,31.004953233294067,30.546977557765352,30.638572692871094,102000,0.0,0.0
1998-10-14 00:00:00-04:00,30.63854726059559,30.63854726059559,30.134774435682957,30.317964553833008,128600,0.0,0.0
1998-10-15 00:00:00-04:00,30.317980222991018,30.409575329404888,29.127243839610706,30.22638511657715,260200,0.0,0.0
1998-10-16 00:00:00-04:00,30.272189447678716,30.68436751882714,30.22639188421778,30.409582138061523,436000,0.0,0.0
1998-10-19 00:00:00-04:00,30.409573466278786,31.50871467590332,30.363775915877767,31.50871467590332,652000,0.0,0.0
1998-10-20 00:00:00-04:00,31.6919094765023,33.890192214756794,31.6919094765023,33.43221664428711,531600,0.0,0.0
1998-10-21 00:00:00-04:00,33.981782218684316,33.981782218684316,33.15742631580518,33.70699691772461,307900,0.0,0.0
1998-10-22 00:00:00-04:00,33.89018034966327,35.17251149802891,33.523800021558806,34.8519287109375,224700,0.0,0.0
1998-10-23 00:00:00-04:00,35.03513250852886,35.859488567553065,34.80614471435547,34.80614471435547,245300,0.0,0.0
1998-10-26 00:00:00-05:00,34.98933022606452,35.035127778716436,34.485557146893434,34.577152252197266,137700,0.0,0.0
1998-10-27 00:00:00-05:00,34.897739832024826,35.309917861536924,34.80614471435547,34.80614471435547,238200,0.0,0.0
1998-10-28 00:00:00-05:00,34.897739832024826,34.943537390859504,34.622954479016755,34.80614471435547,153100,0.0,0.0
1998-10-29 00:00:00-05:00,34.85192920471811,36.40904562122326,34.85192920471811,36.088462829589844,89800,0.0,0.0
1998-10-30 00:00:00-05:00,35.90527895787719,36.08846915664187,35.72208875911251,35.95107650756836,82200,0.0,0.0
1998-11-02 00:00:00-05:00,36.13426015135344,36.77542573071839,36.04266506858701,36.59223556518555,73400,0.0,0.0
1998-11-03 00:00:00-05:00,36.59225507422702,36.59225507422702,36.317469679426814,36.50065994262695,74000,0.0,0.0
1998-11-04 00:00:00-05:00,36.59224108695984,36.82122882843017,36.5006459903717,36.638038635253906,78300,0.0,0.0
1998-11-05 00:00:00-05:00,36.638038635253906,36.66093740940094,36.5006459903717,36.638038635253906,70200,0.0,0.0
1998-11-06 00:00:00-05:00,36.638052640027055,36.683850205827085,36.18007698202671,36.50065994262695,95100,0.0,0.0
1998-11-09 00:00:00-05:00,36.59224530748257,36.59224530748257,36.40905509317728,36.54644775390625,37800,0.0,0.0
1998-11-10 00:00:00-05:00,36.54643824620901,36.54643824620901,36.088462829589844,36.088462829589844,48300,0.0,0.0
1998-11-11 00:00:00-05:00,36.088482843214464,36.088482843214464,34.668758264357045,35.49311447143555,94800,0.0,0.0
1998-11-12 00:00:00-05:00,35.49311326653117,35.49311326653117,34.76035221844794,34.94354248046875,38900,0.0,0.0
1998-11-13 00:00:00-05:00,34.76032847905222,34.76032847905222,34.073365465632214,34.71453094482422,80400,0.0,0.0
1998-11-16 00:00:00-05:00,34.714548345022976,36.088475060525205,34.714548345022976,35.080928802490234,122100,0.0,0.0
1998-11-17 00:00:00-05:00,35.08092747695882,35.30991525422357,34.39396414516459,34.53135681152344,42900,0.0,0.0
1998-11-18 00:00:00-05:00,34.622942706731365,34.897727966308594,34.30235990389126,34.897727966308594,28400,0.0,0.0
1998-11-19 00:00:00-05:00,34.897735120760686,34.98933022606452,34.439759594241515,34.577152252197266,45700,0.0,0.0
1998-11-20 00:00:00-05:00,34.760360870361325,35.03514633178711,34.30238510131836,34.348182678222656,41900,0.0,0.0
1998-11-23 00:00:00-05:00,34.62294609509213,35.172516668030106,34.62294609509213,34.98932647705078,38200,0.0,0.0
1998-11-24 00:00:00-05:00,34.897738548692026,34.897738548692026,34.34816786288585,34.66875076293945,37700,0.0,0.0
1998-11-25 00:00:00-05:00,34.98931429783504,35.722074806690216,34.98931429783504,35.17250442504883,62700,0.0,0.0
1998-11-27 00:00:00-05:00,35.038429093115106,35.819101825202864,34.99250716769818,35.635414123535156,18400,0.13,0.0
1998-11-30 00:00:00-05:00,35.635414123535156,35.819101825202864,35.635414123535156,35.635414123535156,115500,0.0,0.0
1998-12-01 00:00:00-05:00,35.68132723143904,36.00278062992047,35.635405317370264,35.72724914550781,102000,0.0,0.0
1998-12-02 00:00:00-05:00,35.72726862155013,36.553863525390625,35.72726862155013,36.553863525390625,88800,0.0,0.0
1998-12-03 00:00:00-05:00,36.55386186257387,36.691627673613716,35.773188933348045,35.81911087036133,66500,0.0,0.0
1998-12-04 00:00:00-05:00,36.00279861841446,36.09464249244103,35.81911087036133,35.81911087036133,56100,0.0,0.0
1998-12-07 00:00:00-05:00,35.910937085443614,36.27831240089572,35.910937085443614,36.00278091430664,87100,0.0,0.0
1998-12-08 00:00:00-05:00,36.186468572032695,36.5538438874848,36.00278091430664,36.00278091430664,113700,0.0,0.0
1998-12-09 00:00:00-05:00,36.048715498746205,36.18648129046115,35.63541812360134,35.91094970703125,79500,0.0,0.0
1998-12-10 00:00:00-05:00,36.00279356817455,36.09463742931785,35.68134005417299,35.91094970703125,41300,0.0,0.0
1998-12-11 00:00:00-05:00,35.91093680178292,35.91093680178292,35.49763957516394,35.72724914550781,61400,0.0,0.0
1998-12-14 00:00:00-05:00,35.910959410155016,36.324256896972656,35.68134969525633,36.324256896972656,66800,0.0,0.0
1998-12-15 00:00:00-05:00,36.324247632026676,36.737545013427734,36.324247632026676,36.737545013427734,168000,0.0,0.0
1998-12-16 00:00:00-05:00,36.73754471998949,38.436656163289,36.73754471998949,38.20704650878906,252700,0.0,0.0
1998-12-17 00:00:00-05:00,38.57442086812847,40.5031419115349,38.20704543128915,40.319454193115234,210400,0.0,0.0
1998-12-18 00:00:00-05:00,40.45721316310584,41.14604199108154,39.63061856953501,40.54905700683594,315500,0.0,0.0
1998-12-21 00:00:00-05:00,40.36537923579227,41.42158369816226,40.13576957005966,41.23789596557617,147800,0.0,0.0
1998-12-22 00:00:00-05:00,41.146056991748594,41.83488607085153,40.27354015821821,40.87052536010742,231600,0.0,0.0
1998-12-23 00:00:00-05:00,40.91643015122572,41.88079045782026,40.31944519952433,41.60525894165039,209700,0.0,0.0
1998-12-24 00:00:00-05:00,41.51340807498489,41.65117380974701,41.3297204286354,41.559329986572266,78300,0.0,0.0
1998-12-28 00:00:00-05:00,41.28381506287226,41.97264401275333,40.96236155292775,41.74303436279297,273700,0.0,0.0
1998-12-29 00:00:00-05:00,41.60526835013367,42.93700431277592,41.60526835013367,42.34001922607422,246600,0.0,0.0
1998-12-30 00:00:00-05:00,42.24817883837354,42.523710439493364,41.78895950317383,41.78895950317383,246400,0.0,0.0
1998-12-31 00:00:00-05:00,41.97263131453164,45.69230651855469,41.92670939843259,45.69230651855469,280600,0.0,0.0
1999-01-04 00:00:00-05:00,44.81981566856647,44.81981566856647,41.42159193959729,42.615562438964844,309700,0.0,0.0
1999-01-05 00:00:00-05:00,42.52370256881552,43.533984919262544,42.52370256881552,43.258453369140625,207500,0.0,0.0
1999-01-06 00:00:00-05:00,43.350277062618375,43.7176522919626,42.33999518192176,42.43183898925781,148600,0.0,0.0
1999-01-07 00:00:00-05:00,42.24817514674549,42.93700408935547,41.697111992657504,42.93700408935547,154100,0.0,0.0
1999-01-08 00:00:00-05:00,42.84513880109684,43.99318646457746,42.06446638993001,42.523685455322266,118000,0.0,0.0
1999-01-11 00:00:00-05:00,42.52369672276876,42.52369672276876,41.5134145112127,41.651180267333984,78900,0.0,0.0
1999-01-12 00:00:00-05:00,41.55933939670342,43.21252858817449,41.51341747471811,42.891075134277344,93400,0.0,0.0
1999-01-13 00:00:00-05:00,41.7889484139376,41.7889484139376,40.77866614458965,41.46749496459961,170900,0.0,0.0
1999-01-14 00:00:00-05:00,41.60524579923447,41.6970896089458,40.181666748708786,40.22758865356445,54000,0.0,0.0
1999-01-15 00:00:00-05:00,40.043923448633265,40.6868304764783,39.67654800415039,39.67654800415039,99500,0.0,0.0
1999-01-19 00:00:00-05:00,40.043932637579104,41.14605922393449,40.043932637579104,40.13577651977539,112900,0.0,0.0
1999-01-20 00:00:00-05:00,40.181699195141405,41.1460599758248,40.043933369329494,40.365386962890625,159400,0.0,0.0
1999-01-21 00:00:00-05:00,40.181666748708786,40.31943246327579,38.84993150789444,40.22758865356445,87700,0.0,0.0
1999-01-22 00:00:00-05:00,40.411300128131344,40.411300128131344,39.5847053527832,39.5847053527832,85400,0.0,0.0
1999-01-25 00:00:00-05:00,39.40100038136151,39.63060994069345,38.849937438964844,38.849937438964844,101300,0.0,0.0
1999-01-26 00:00:00-05:00,38.98771048095274,39.401007765203126,38.482569355757825,39.1713981628418,86800,0.0,0.0
1999-01-27 00:00:00-05:00,39.35509130272363,39.768388644292486,39.35509130272363,39.63062286376953,91200,0.0,0.0
1999-01-28 00:00:00-05:00,39.58469847013365,39.63062039411293,38.94179153442383,38.94179153442383,152300,0.0,0.0
1999-01-29 00:00:00-05:00,39.309166926258015,40.91643426553258,38.57441614258964,38.94179153442383,122500,0.0,0.0
1999-02-01 00:00:00-05:00,38.849946495504945,39.217321876077094,38.57441496007583,39.033634185791016,85700,0.0,0.0
1999-02-02 00:00:00-05:00,38.84995250701904,38.941796366373694,37.885591983795166,38.57442092895508,70000,0.0,0.0
1999-02-03 00:00:00-05:00,38.62034467927302,38.94179820216827,38.11520342900904,38.4366569519043,53200,0.0,0.0
1999-02-04 00:00:00-05:00,38.34481087316448,38.94179595262692,38.34481087316448,38.8958740234375,41900,0.0,0.0
1999-02-05 00:00:00-05:00,38.75808831801607,38.849932129196205,38.39071307329554,38.66624450683594,41800,0.0,0.0
1999-02-08 00:00:00-05:00,38.75810254552591,38.75810254552591,37.8855860190271,38.16111755371094,44800,0.0,0.0
1999-02-09 00:00:00-05:00,38.34480720941274,39.1714018558432,37.38044678857722,37.426368713378906,105300,0.0,0.0
1999-02-10 00:00:00-05:00,37.47227518640091,37.56411899813228,36.14053991629597,36.232383728027344,132300,0.0,0.0
1999-02-11 00:00:00-05:00,36.737541253356206,38.482574462890625,36.232400061122554,38.482574462890625,153000,0.0,0.0
1999-02-12 00:00:00-05:00,38.4825689619866,38.80402240200319,37.65597440194393,38.02334976196289,104300,0.0,0.0
1999-02-16 00:00:00-05:00,37.93151314118329,38.344810499864465,37.472293853759766,37.472293853759766,60300,0.0,0.0
1999-02-17 00:00:00-05:00,37.47228789618171,38.1611167178027,37.47228789618171,37.9315071105957,138200,0.0,0.0
1999-02-18 00:00:00-05:00,37.83967008602315,37.88559201573919,36.921231491702194,37.701904296875,34900,0.0,0.0
1999-02-19 00:00:00-05:00,37.655978940921564,37.655978940921564,37.05899390893135,37.38044738769531,46000,0.0,0.0
1999-02-22 00:00:00-05:00,37.19676051902316,38.84994987542419,37.19676051902316,38.482574462890625,64500,0.0,0.0
1999-02-23 00:00:00-05:00,38.39073423238901,38.57442195598896,37.19676402898935,38.20704650878906,124300,0.0,0.0
1999-02-24 00:00:00-05:00,38.20703625047063,38.57441159903285,38.0692704947598,38.11519241333008,129700,0.0,0.0
1999-02-25 00:00:00-05:00,38.11888885498047,38.2570007711217,37.79662771731759,38.11888885498047,42100,0.13,0.0
1999-02-26 00:00:00-05:00,38.11888817660556,38.11888817660556,37.65851513099438,37.796627044677734,58300,0.0,0.0
1999-03-01 00:00:00-05:00,37.79662254625846,37.79662254625846,37.24417495727539,37.24417495727539,122300,0.0,0.0
1999-03-02 00:00:00-05:00,37.3822991723754,38.02682157189911,36.96796334411015,37.106075286865234,321000,0.0,0.0
1999-03-03 00:00:00-05:00,37.106065425872806,37.19814002990723,36.73776700973511,36.82984161376953,156300,0.0,0.0
1999-03-04 00:00:00-05:00,37.013981641588316,37.47435454757822,37.013981641588316,37.33624267578125,57400,0.0,0.0
1999-03-05 00:00:00-05:00,37.52039702920353,39.2237770170324,37.52039702920353,39.1317024230957,279700,0.0,0.0
1999-03-08 00:00:00-05:00,39.08566054754834,39.77621992117994,38.71736221494483,38.8094367980957,44600,0.0,0.0
1999-03-09 00:00:00-05:00,38.80943833406155,39.31584856143365,38.30302810668945,38.30302810668945,40200,0.0,0.0
1999-03-10 00:00:00-05:00,38.34907538188253,38.34907538188253,37.79662771731759,38.11888885498047,43600,0.0,0.0
1999-03-11 00:00:00-05:00,38.118888603066495,39.59208236550385,38.118888603066495,39.039634704589844,77300,0.0,0.0
1999-03-12 00:00:00-05:00,39.22377839950457,40.42074816286973,39.22377839950457,40.23659896850586,80800,0.0,0.0
1999-03-15 00:00:00-05:00,40.23659131262037,40.23659131262037,39.45395738548702,39.77621841430664,84100,0.0,0.0
1999-03-16 00:00:00-05:00,39.776229018465095,40.60490045634978,39.776229018465095,40.144527435302734,165500,0.0,0.0
1999-03-17 00:00:00-05:00,40.190563124141505,40.88112262799273,40.190563124141505,40.650936126708984,62500,0.0,0.0
1999-03-18 00:00:00-05:00,40.558855437367406,40.83507919744029,40.42074355733097,40.60489273071289,118100,0.0,0.0
1999-03-19 00:00:00-05:00,40.328673565687794,40.83508385018844,40.23659896850586,40.23659896850586,76900,0.0,0.0
1999-03-22 00:00:00-05:00,40.28264718376567,40.32868449483283,39.315863651355286,39.68416213989258,51100,0.0,0.0
1999-03-23 00:00:00-05:00,39.49999459355855,39.49999459355855,37.75057758358742,38.39509963989258,133200,0.0,0.0
1999-03-24 00:00:00-05:00,38.76340404734892,39.3158516109691,38.67132945341223,39.1317024230957,144100,0.0,0.0
1999-03-25 00:00:00-05:00,40.14451143973214,40.37469785853795,39.49998946707589,40.282623291015625,113700,0.0,0.0
1999-03-26 00:00:00-05:00,40.09846567338513,40.14450294740738,39.59205565914031,39.96035385131836,81000,0.0,0.0
1999-03-29 00:00:00-05:00,40.09849013319803,40.60490045634978,39.68415441425568,40.144527435302734,40700,0.0,0.0
1999-03-30 00:00:00-05:00,40.14452668990212,40.51282509990122,39.960377484902565,40.052452087402344,45000,0.0,0.0
1999-03-31 00:00:00-05:00,40.328678461181376,43.275065928664944,40.23660385282251,42.03205871582031,452800,0.0,0.0
1999-04-01 00:00:00-05:00,41.34148016061869,42.17015125515225,40.78903276426298,40.881107330322266,142500,0.0,0.0
1999-04-05 00:00:00-04:00,40.69696882357099,41.15734177406388,40.69696882357099,41.019229888916016,49700,0.0,0.0
1999-04-06 00:00:00-04:00,41.20335653244337,42.26221373942236,41.20335653244337,41.9399528503418,116600,0.0,0.0
1999-04-07 00:00:00-04:00,41.9399642439078,41.9399642439078,40.97318131402628,41.70977783203125,53300,0.0,0.0
1999-04-08 00:00:00-04:00,41.617718425900655,42.814688203636734,41.617718425900655,42.170166015625,84900,0.0,0.0
1999-04-09 00:00:00-04:00,42.26222623966131,43.044860058914296,41.89392797177755,42.95278549194336,105500,0.0,0.0
1999-04-12 00:00:00-04:00,42.95278386945848,42.95278386945848,42.40033648850081,42.538448333740234,43200,0.0,0.0
1999-04-13 00:00:00-04:00,42.5384682024729,42.584505505722326,42.40035629272461,42.40035629272461,51600,0.0,0.0
1999-04-14 00:00:00-04:00,42.44638671544365,43.1829834480327,42.44638671544365,42.49242401123047,137600,0.0,0.0
1999-04-15 00:00:00-04:00,42.63053862774958,45.024478161921266,42.63053862774958,44.932403564453125,329300,0.0,0.0
1999-04-16 00:00:00-04:00,44.93240205741223,45.300700434932004,44.05769341080278,44.748252868652344,234100,0.0,0.0
1999-04-19 00:00:00-04:00,44.79429373293817,46.12937545776367,44.656181830370016,46.12937545776367,205600,0.0,0.0
1999-04-20 00:00:00-04:00,46.40558169220604,47.69462562810066,46.40558169220604,46.54369354248047,331600,0.0,0.0
1999-04-21 00:00:00-04:00,46.77389668585027,48.339164882030296,46.727859385962624,47.418418884277344,282700,0.0,0.0
1999-04-22 00:00:00-04:00,47.23425045957659,47.60254870877407,46.49765396118164,46.49765396118164,258500,0.0,0.0
1999-04-23 00:00:00-04:00,46.40561509763636,46.63580168046194,45.20864486694336,45.20864486694336,90000,0.0,0.0
1999-04-26 00:00:00-04:00,45.39275423295659,46.03727609833325,45.02445602416992,45.02445602416992,70700,0.0,0.0
1999-04-27 00:00:00-04:00,44.748233333514754,44.79427061060685,43.36711502075195,43.36711502075195,232700,0.0,0.0
1999-04-28 00:00:00-04:00,43.367121515003774,45.53087386235534,43.367121515003774,45.48483657836914,148100,0.0,0.0
1999-04-29 00:00:00-04:00,45.484861654055194,46.221458603918435,45.024488560390665,45.761085510253906,61200,0.0,0.0
1999-04-30 00:00:00-04:00,45.76105492324752,46.22142770919569,45.07049574432527,45.53086853027344,71100,0.0,0.0
1999-05-03 00:00:00-04:00,45.71502389480819,46.86595601703397,45.71502389480819,46.26747131347656,117000,0.0,0.0
1999-05-04 00:00:00-04:00,46.405587765524146,47.004072528373165,46.221438607724444,46.35955047607422,142300,0.0,0.0
1999-05-05 00:00:00-04:00,46.40559391816937,46.958041464814244,45.66899718930954,45.71503448486328,83700,0.0,0.0
1999-05-06 00:00:00-04:00,45.89918366707824,46.175407440400676,45.300698824879625,45.71503448486328,37600,0.0,0.0
1999-05-07 00:00:00-04:00,45.76107173495822,47.004078713674396,45.53088525741819,46.40559387207031,138200,0.0,0.0
1999-05-10 00:00:00-04:00,46.40558316814366,46.49765773792172,45.71502389480819,46.26747131347656,104500,0.0,0.0
1999-05-11 00:00:00-04:00,46.313525142706574,48.155017196094505,46.12937593736778,47.602569580078125,160600,0.0,0.0
1999-05-12 00:00:00-04:00,47.51050227416761,48.52332305908203,47.0501291901156,48.52332305908203,134100,0.0,0.0
1999-05-13 00:00:00-04:00,48.33915858251142,50.18065033803567,48.33915858251142,49.90442657470703,169600,0.0,0.0
1999-05-14 00:00:00-04:00,49.351984496378044,49.62820829020105,48.707462310791016,48.707462310791016,162400,0.0,0.0
1999-05-17 00:00:00-04:00,48.89161483069049,49.536137060096955,47.32634655927479,47.46445846557617,251100,0.0,0.0
1999-05-18 00:00:00-04:00,47.46446262154854,47.46446262154854,45.576933070158155,46.31352996826172,152600,0.0,0.0
1999-05-19 00:00:00-04:00,46.77390061552301,47.23427365307737,46.40560218547952,46.72786331176758,121900,0.0,0.0
1999-05-20 00:00:00-04:00,46.727859459671315,47.14219515931372,46.727859459671315,46.958045959472656,113600,0.0,0.0
1999-05-21 00:00:00-04:00,46.77388764914946,47.970857214974146,46.49766390318991,47.23426055908203,358900,0.0,0.0
1999-05-24 00:00:00-04:00,47.28030248672243,47.510488964262464,46.359556576562305,46.40559387207031,68700,0.0,0.0
1999-05-25 00:00:00-04:00,46.359545883254626,46.81991873214494,46.08332217392044,46.26747131347656,42400,0.0,0.0
1999-05-26 00:00:00-04:00,46.08331514558485,46.129352423452566,44.8863459210242,45.66897964477539,131600,0.0,0.0
1999-05-27 00:00:00-04:00,45.62656639106914,45.62656639106914,44.61161749258226,45.165225982666016,37000,0.13,0.0
1999-05-28 00:00:00-04:00,45.39587241890504,45.39587241890504,44.749996185302734,44.749996185302734,84500,0.0,0.0
1999-06-01 00:00:00-04:00,44.75000041585798,44.93453650004709,43.5505158686288,44.01185607910156,120700,0.0,0.0
1999-06-02 00:00:00-04:00,43.64278170720402,43.688915725921994,41.705152921049084,42.7662353515625,364200,0.0,0.0
1999-06-03 00:00:00-04:00,43.08917066235563,43.18143869375254,42.120356332688104,42.627830505371094,261400,0.0,0.0
1999-06-04 00:00:00-04:00,42.6278258148293,42.6278258148293,41.42834153865445,42.39715576171875,206000,0.0,0.0
1999-06-07 00:00:00-04:00,42.30490982506416,42.30490982506416,41.889703512713474,42.166507720947266,125000,0.0,0.0
1999-06-08 00:00:00-04:00,42.351049373735876,43.688936554387666,42.351049373735876,43.12379455566406,98400,0.0,0.0
1999-06-09 00:00:00-04:00,42.99692034564863,43.089188415059894,41.79743544330221,42.166507720947266,73100,0.0,0.0
1999-06-10 00:00:00-04:00,42.16649441970022,42.39716452046444,41.4283500972547,42.07422637939453,53200,0.0,0.0
1999-06-11 00:00:00-04:00,42.16649742925574,42.35103352303805,41.474487077572114,41.84355926513672,30600,0.0,0.0
1999-06-14 00:00:00-04:00,42.028102100027056,42.39717434678909,41.56676179157451,41.79743194580078,57600,0.0,0.0
1999-06-15 00:00:00-04:00,41.98197255509623,41.98197255509623,40.96702376804995,41.05929183959961,95300,0.0,0.0
1999-06-16 00:00:00-04:00,41.42836429087895,41.843570614506916,40.828621823416334,40.874755859375,71300,0.0,0.0
1999-06-17 00:00:00-04:00,40.96702684305482,40.96702684305482,40.50568645067808,40.8286247253418,152600,0.0,0.0
1999-06-18 00:00:00-04:00,40.874741431170975,41.105411529541016,40.78247339182296,41.105411529541016,190600,0.0,0.0
1999-06-21 00:00:00-04:00,41.15155516754253,42.07423577668026,40.78248292388744,41.013153076171875,94700,0.0,0.0
1999-06-22 00:00:00-04:00,41.19768142700195,41.65902164454957,41.15154740524719,41.19768142700195,97100,0.0,0.0
1999-06-23 00:00:00-04:00,41.19767667186171,43.45824347692467,41.151542655431854,43.22757339477539,210500,0.0,0.0
1999-06-24 00:00:00-04:00,43.043040802604274,43.043040802604274,41.79742225847746,42.07422637939453,89900,0.0,0.0
1999-06-25 00:00:00-04:00,41.98196074039877,42.25876487714866,41.24381637573242,41.24381637573242,97000,0.0,0.0
1999-06-28 00:00:00-04:00,41.42835060669865,43.22757741478467,41.42835060669865,42.85850524902344,70500,0.0,0.0
1999-06-29 00:00:00-04:00,43.18145477196795,43.273722837720015,42.07423798294313,43.043052673339844,120000,0.0,0.0
1999-06-30 00:00:00-04:00,43.227587445307584,43.919597916683905,42.397174879656,43.5505256652832,154600,0.0,0.0
1999-07-01 00:00:00-04:00,43.735050009883096,44.288658237856296,43.458245895896496,44.104122161865234,111600,0.0,0.0
1999-07-02 00:00:00-04:00,43.919586085874165,44.5654623518429,43.873452066876396,44.104122161865234,73700,0.0,0.0
1999-07-06 00:00:00-04:00,44.28865577266208,44.28865577266208,43.18143937834553,43.22757339477539,63200,0.0,0.0
1999-07-07 00:00:00-04:00,43.22757432608208,43.6427804828961,43.08917227381074,43.27370834350586,43900,0.0,0.0
1999-07-08 00:00:00-04:00,43.273721476732675,44.10413404238426,43.181453413882494,43.5505256652832,71900,0.0,0.0
1999-07-09 00:00:00-04:00,43.45825640561077,43.965730737311105,43.273720284992464,43.87346267700195,33500,0.0,0.0
1999-07-12 00:00:00-04:00,43.550525117920465,43.965731395527754,41.79743194580078,41.79743194580078,156100,0.0,0.0
1999-07-13 00:00:00-04:00,41.88970199517444,42.48944442462077,41.70516586303711,41.70516586303711,153500,0.0,0.0
1999-07-14 00:00:00-04:00,41.75129805858807,41.88970015159996,41.38222581055635,41.61289596557617,160200,0.0,0.0
1999-07-15 00:00:00-04:00,41.61289568052187,41.98196792602539,40.82861715882689,41.98196792602539,167600,0.0,0.0
1999-07-16 00:00:00-04:00,41.889693634203695,41.889693634203695,41.151549252984246,41.28995132446289,98800,0.0,0.0
1999-07-19 00:00:00-04:00,41.42836406270012,42.212642669677734,41.33609599129099,42.212642669677734,66500,0.0,0.0
1999-07-20 00:00:00-04:00,42.35104031594384,42.35104031594384,41.013153421431454,41.79743194580078,187700,0.0,0.0
1999-07-21 00:00:00-04:00,41.889701543416514,42.25877380371094,41.01315492521727,42.25877380371094,130100,0.0,0.0
1999-07-22 00:00:00-04:00,42.25876246000591,42.25876246000591,40.96700989572626,42.07422637939453,74000,0.0,0.0
1999-07-23 00:00:00-04:00,42.07423613087231,42.25877225425333,41.520627760729255,41.79743194580078,53800,0.0,0.0
1999-07-26 00:00:00-04:00,41.5206139359157,41.7051499978531,40.92087173461914,40.92087173461914,75800,0.0,0.0
1999-07-27 00:00:00-04:00,41.105422530063365,41.84356704238773,41.105422530063365,41.65903091430664,58500,0.0,0.0
1999-07-28 00:00:00-04:00,41.4744923125468,41.4744923125468,40.50567769790444,41.151554107666016,133200,0.0,0.0
1999-07-29 00:00:00-04:00,41.33610063286613,41.33610063286613,40.275017692513536,40.32115173339844,49800,0.0,0.0
1999-07-30 00:00:00-04:00,40.321126033463244,40.413394056423115,40.18272399902344,40.18272399902344,52400,0.0,0.0
1999-08-02 00:00:00-04:00,40.36726105597711,40.73633315706033,39.76751889171688,40.0443229675293,28800,0.0,0.0
1999-08-03 00:00:00-04:00,39.76752924407012,39.81366326871521,38.429642529362425,38.66031265258789,92700,0.0,0.0
1999-08-04 00:00:00-04:00,38.84484585022045,40.22886648621405,38.706443786621094,38.706443786621094,175400,0.0,0.0
1999-08-05 00:00:00-04:00,38.75258106296346,38.890983138188325,38.01443666176415,38.10670471191406,94900,0.0,0.0
1999-08-06 00:00:00-04:00,37.184031682961,38.106712369883105,36.81495940819215,36.95336151123047,267900,0.0,0.0
1999-08-09 00:00:00-04:00,36.99949477796287,38.79872208013314,36.99949477796287,37.876041412353516,154100,0.0,0.0
1999-08-10 00:00:00-04:00,37.87601784985475,37.87601784985475,36.16905967635338,36.53813171386719,120000,0.0,0.0
1999-08-11 00:00:00-04:00,36.63042614936828,37.36857075691223,36.584292111396785,36.907230377197266,88000,0.0,0.0
1999-08-12 00:00:00-04:00,36.814948107098395,37.184020268573065,36.630412026361064,36.76881408691406,111300,0.0,0.0
1999-08-13 00:00:00-04:00,36.814936735784144,36.814936735784144,36.16906065270021,36.39973068237305,191600,0.0,0.0
1999-08-16 00:00:00-04:00,36.261338210923846,36.676544373644354,36.12293615668368,36.307472229003906,162100,0.0,0.0
1999-08-17 00:00:00-04:00,36.49200830132413,37.23015259060502,35.892266066283405,36.307472229003906,127900,0.0,0.0
1999-08-18 00:00:00-04:00,36.35359667643848,36.44586468830761,35.477050563681715,36.39973068237305,194300,0.0,0.0
1999-08-19 00:00:00-04:00,36.21520171562831,36.21520171562831,35.06185134251913,35.43092346191406,182500,0.0,0.0
1999-08-20 00:00:00-04:00,35.61547088623047,35.800007004811974,35.523202826939716,35.61547088623047,101400,0.0,0.0
1999-08-23 00:00:00-04:00,35.799995581309005,35.93839762608211,35.2463874022166,35.43092346191406,122700,0.0,0.0
1999-08-24 00:00:00-04:00,35.33865199550505,35.33865199550505,33.90849767192717,34.32370376586914,397300,0.0,0.0
1999-08-25 00:00:00-04:00,34.87732407281389,35.70773655073803,34.3237157541978,34.923458099365234,296600,0.0,0.0
1999-08-26 00:00:00-04:00,35.10799303604046,36.26134366140316,35.10799303604046,35.246395111083984,395100,0.0,0.0
1999-08-27 00:00:00-04:00,35.06184948953574,35.61545763937051,35.06184948953574,35.338653564453125,199100,0.0,0.0
1999-08-30 00:00:00-04:00,34.694725166101684,35.527398570088124,34.694725166101684,35.434879302978516,261300,0.13,0.0
1999-08-31 00:00:00-04:00,35.43488199939466,35.48114163646959,33.769535064697266,33.769535064697266,134300,0.0,0.0
1999-09-01 00:00:00-04:00,33.86205818591623,34.3246546092211,32.28923034667969,32.28923034667969,326900,0.0,0.0
1999-09-02 00:00:00-04:00,31.086486307779946,33.76954613791572,30.762668742073906,33.306949615478516,616900,0.0,0.0
1999-09-03 00:00:00-04:00,33.49196391507804,33.49196391507804,29.79119442169925,30.716386795043945,882000,0.0,0.0
1999-09-07 00:00:00-04:00,30.716402540940507,31.132739322368916,29.051055415226863,30.068767547607422,527000,0.0,0.0
1999-09-08 00:00:00-04:00,30.161286832369292,30.34632540189303,29.83746933570275,30.068767547607422,648900,0.0,0.0
1999-09-09 00:00:00-04:00,30.161299487229684,30.346338134390603,30.068780163649226,30.115039825439453,493300,0.0,0.0
1999-09-10 00:00:00-04:00,30.30006240481979,30.392581679338324,29.74494675770859,30.161283493041992,189600,0.0,0.0
1999-09-13 00:00:00-04:00,30.16128563550294,30.16128563550294,29.69868923005044,30.022506713867188,199100,0.0,0.0
1999-09-14 00:00:00-04:00,29.97623994741867,30.99395179748535,29.791201429224728,30.99395179748535,232000,0.0,0.0
1999-09-15 00:00:00-04:00,30.90143887027279,31.08647742638221,28.773495475014485,29.467390060424805,461800,0.0,0.0
1999-09-16 00:00:00-04:00,29.513643669176705,29.513643669176705,28.95852811427056,29.236085891723633,108700,0.0,0.0
1999-09-17 00:00:00-04:00,28.958535165301825,29.32861229201495,26.969370609218792,27.293188095092773,604700,0.0,0.0
1999-09-20 00:00:00-04:00,27.339459638337832,27.940835231059307,27.01564201148781,27.385719299316406,350300,0.0,0.0
1999-09-21 00:00:00-04:00,27.108165226137736,29.051071266236345,26.090452538467037,28.449695587158203,458200,0.0,0.0
1999-09-22 00:00:00-04:00,28.95852811427056,29.559903298752218,28.819749225544026,29.236085891723633,404800,0.0,0.0
1999-09-23 00:00:00-04:00,28.958524842367563,29.46738071020469,28.8660055936699,29.328601837158203,258000,0.0,0.0
1999-09-24 00:00:00-04:00,29.328606356941695,29.559904514330825,29.097308199552565,29.282346725463867,291300,0.0,0.0
1999-09-27 00:00:00-04:00,29.328611391727055,29.88372706475659,29.328611391727055,29.698688507080078,377400,0.0,0.0
1999-09-28 00:00:00-04:00,29.60617184453003,29.744950775051265,29.236094696473405,29.65243148803711,397800,0.0,0.0
1999-09-29 00:00:00-04:00,29.606170890867247,29.883728742969126,29.559911248850266,29.83746910095215,312500,0.0,0.0
1999-09-30 00:00:00-04:00,29.837465733989305,30.06876391797372,29.513648276411125,29.559907913208008,331700,0.0,0.0
1999-10-01 00:00:00-04:00,29.513645172119137,30.115020387225016,29.513645172119137,29.51364517211914,186600,0.0,0.0
1999-10-04 00:00:00-04:00,29.421127378570368,29.79120445251465,29.421127378570368,29.79120445251465,83900,0.0,0.0
1999-10-05 00:00:00-04:00,29.791202963706468,29.92998185950013,29.143568116669368,29.51364517211914,235900,0.0,0.0
1999-10-06 00:00:00-04:00,29.976247787475586,30.16128635406494,29.883728504180908,29.976247787475586,148900,0.0,0.0
1999-10-07 00:00:00-04:00,29.976244944004925,30.161283493041992,29.929985306745657,30.161283493041992,230700,0.0,0.0
1999-10-08 00:00:00-04:00,29.976247787475586,30.16128635406494,29.698689937591553,29.976247787475586,337700,0.0,0.0
1999-10-11 00:00:00-04:00,29.883735038294937,30.531370162963867,29.883735038294937,30.531370162963867,391200,0.0,0.0
1999-10-12 00:00:00-04:00,30.43884252223998,30.531361800423078,30.068765409507577,30.207544326782227,151200,0.0,0.0
1999-10-13 00:00:00-04:00,30.022501413039805,30.022501413039805,29.559905089264152,29.744943618774414,933900,0.0,0.0
1999-10-14 00:00:00-04:00,29.65242886766095,29.929986704175718,29.559909588822695,29.698688507080078,853300,0.0,0.0
1999-10-15 00:00:00-04:00,29.513643669176705,29.513643669176705,29.236085891723633,29.236085891723633,556400,0.0,0.0
1999-10-18 00:00:00-04:00,29.236091564228012,29.69868794973795,28.310898793208136,28.49593734741211,171200,0.0,0.0
1999-10-19 00:00:00-04:00,28.77349993833311,29.143577107957974,27.802047368067843,29.051057815551758,162400,0.0,0.0
1999-10-20 00:00:00-04:00,29.143578089200535,29.143578089200535,28.588462316072906,28.86602020263672,208800,0.0,0.0
1999-10-21 00:00:00-04:00,28.72724188997896,28.72724188997896,27.802048914456286,27.848308563232422,248700,0.0,0.0
1999-10-22 00:00:00-04:00,27.802056093215942,27.940835075378416,26.83060321807861,27.755796432495117,258500,0.0,0.0
1999-10-25 00:00:00-04:00,27.755782370162684,27.8945612820135,27.52448418374466,27.80204200744629,129900,0.0,0.0
1999-10-26 00:00:00-04:00,27.89456608067805,27.89456608067805,27.57074856398693,27.617008209228516,178000,0.0,0.0
1999-10-27 00:00:00-04:00,27.570753009114043,27.940830230712887,27.38571439831462,27.94083023071289,220300,0.0,0.0
1999-10-28 00:00:00-04:00,27.940826306677167,29.23609640036419,27.940826306677167,29.051057815551758,227600,0.0,0.0
1999-10-29 00:00:00-04:00,29.14358267623387,29.328621296400435,28.77350543590074,28.819765090942383,109600,0.0,0.0
1999-11-01 00:00:00-05:00,28.634705980940808,28.68096560288094,27.98707127377898,28.542186737060547,216400,0.0,0.0
1999-11-02 00:00:00-05:00,28.357148249300025,28.588446359000677,28.125850139599372,28.542186737060547,121800,0.0,0.0
1999-11-03 00:00:00-05:00,28.542196307373047,28.958533044433594,28.1258595703125,28.912273406982422,104600,0.0,0.0
1999-11-04 00:00:00-05:00,28.727245608579764,29.051063191929295,28.218389406173362,28.58846664428711,84000,0.0,0.0
1999-11-05 00:00:00-05:00,29.051056826114657,30.161288297176363,28.8197586029768,29.606172561645508,136900,0.0,0.0
1999-11-08 00:00:00-05:00,29.652429143407947,30.993958699037947,29.652429143407947,30.670141220092773,189300,0.0,0.0
1999-11-09 00:00:00-05:00,30.85518296658993,31.086481189727785,29.374874338507652,29.606172561645508,213100,0.0,0.0
1999-11-10 00:00:00-05:00,29.65242886766095,30.0687656224331,29.328611391727055,29.698688507080078,107200,0.0,0.0
1999-11-11 00:00:00-05:00,29.513641818134104,29.883718831527638,28.31089152460513,28.72722816467285,170100,0.0,0.0
1999-11-12 00:00:00-05:00,29.28234701246303,30.022501123362574,29.18982774860059,29.51364517211914,148500,0.0,0.0
1999-11-15 00:00:00-05:00,29.513648571412254,30.34632204207906,29.46738893415299,30.161283493041992,152800,0.0,0.0
1999-11-16 00:00:00-05:00,29.97623611865087,30.901428591448738,29.929976495010976,30.623870849609375,83100,0.0,0.0
1999-11-17 00:00:00-05:00,30.438863627115886,30.438863627115886,28.95855414980934,29.143592834472656,292500,0.0,0.0
1999-11-18 00:00:00-05:00,29.837470784783367,29.97624971866608,29.467393627762796,29.606172561645508,259500,0.0,0.0
1999-11-19 00:00:00-05:00,29.60615958325118,29.60615958325118,28.958524842367563,29.328601837158203,110200,0.0,0.0
1999-11-22 00:00:00-05:00,29.328615083167303,29.328615083167303,27.47822927350375,27.617008209228516,283600,0.0,0.0
1999-11-23 00:00:00-05:00,27.61700878325541,29.559913923785945,27.200671967427443,29.051057815551758,281300,0.0,0.0
1999-11-24 00:00:00-05:00,29.46737578150144,29.791193097781672,28.588443065883656,28.634702682495117,183900,0.0,0.0
1999-11-26 00:00:00-05:00,28.44967446007287,29.421126758709505,28.44967446007287,28.95853042602539,74900,0.0,0.0
1999-11-29 00:00:00-05:00,28.405277558393703,28.730174523930884,27.569828218440946,27.755483627319336,169900,0.13,0.0
1999-11-30 00:00:00-05:00,27.755476051343134,28.776580521459437,27.66264837224165,28.173200607299805,273200,0.0,0.0
1999-12-01 00:00:00-05:00,28.080392979286813,28.080392979286813,27.384184888891273,27.477012634277344,296500,0.0,0.0
1999-12-02 00:00:00-05:00,27.662669324399626,28.637360693212365,27.662669324399626,27.941152572631836,134200,0.0,0.0
1999-12-03 00:00:00-05:00,28.126786767749064,28.54451132370573,27.476993014038687,28.173200607299805,196200,0.0,0.0
1999-12-06 00:00:00-05:00,28.173208297295716,28.219622149515313,27.66265592288014,27.755483627319336,236000,0.0,0.0
1999-12-07 00:00:00-05:00,27.709072281239234,28.080383132579122,27.709072281239234,27.89472770690918,109000,0.0,0.0
1999-12-08 00:00:00-05:00,27.709071685870487,27.848313252131142,26.7343807220459,26.7343807220459,203700,0.0,0.0
1999-12-09 00:00:00-05:00,26.873622288306553,27.059277709987427,26.270242167843712,26.7343807220459,166900,0.0,0.0
1999-12-10 00:00:00-05:00,26.780794577466118,27.105691565407646,26.270242167843712,26.7343807220459,162700,0.0,0.0
1999-12-13 00:00:00-05:00,26.73437274323792,27.75547725773659,26.6879589016698,27.616235733032227,213500,0.0,0.0
1999-12-14 00:00:00-05:00,27.47700894759005,27.987561478710813,27.24493961526243,27.66266441345215,157600,0.0,0.0
1999-12-15 00:00:00-05:00,27.56983290047481,28.35886852220557,27.56983290047481,28.266040802001953,247100,0.0,0.0
1999-12-16 00:00:00-05:00,28.080385361594715,28.59093782271462,28.080385361594715,28.266040802001953,761300,0.0,0.0
1999-12-17 00:00:00-05:00,28.21961408766587,28.637338638305664,28.173200248705896,28.637338638305664,237400,0.0,0.0
1999-12-20 00:00:00-05:00,28.823003942871097,29.333556347656252,28.358865393066406,29.00865936279297,378300,0.0,0.0
1999-12-21 00:00:00-05:00,28.9622483451855,31.375769040617627,28.86942062613042,30.122594833374023,659200,0.0,0.0
1999-12-22 00:00:00-05:00,30.168998096047375,30.911619587642388,29.658445820575807,30.447481155395508,307300,0.0,0.0
1999-12-23 00:00:00-05:00,30.26183687287993,30.77238933545919,30.076181431942015,30.679561614990234,152200,0.0,0.0
1999-12-27 00:00:00-05:00,30.261836852556392,30.354664572963006,29.333559648490247,30.076181411743164,284800,0.0,0.0
1999-12-28 00:00:00-05:00,30.07616711811847,31.00444388102336,29.936925603682734,30.818788528442383,163100,0.0,0.0
1999-12-29 00:00:00-05:00,30.679577336166844,31.32937171242454,30.401094032056402,30.633163452148438,208800,0.0,0.0
1999-12-30 00:00:00-05:00,30.818788528442383,31.654237615056783,30.818788528442383,30.818788528442383,110200,0.0,0.0
1999-12-31 00:00:00-05:00,30.076170409598,30.679550371518946,30.076170409598,30.447481155395508,102600,0.0,0.0
2000-01-03 00:00:00-05:00,30.54032001377624,30.679561594386158,29.890525970929936,30.076181411743164,147600,0.0,0.0
2000-01-04 00:00:00-05:00,29.890520337601785,30.0761757434254,29.147898714307328,29.658451080322266,145100,0.0,0.0
2000-01-05 00:00:00-05:00,29.658448474747793,31.561416217258998,29.658448474747793,31.190105438232422,429900,0.0,0.0
2000-01-06 00:00:00-05:00,31.236524333584008,33.696458642172345,30.911627349430834,33.51080322265625,481300,0.0,0.0
2000-01-07 00:00:00-05:00,33.32513539334561,35.92431029867618,33.00023853017929,34.90320587158203,464500,0.0,0.0
2000-01-10 00:00:00-05:00,35.274536915314506,35.69226169457481,34.29984576370713,34.39267349243164,238800,0.0,0.0
2000-01-11 00:00:00-05:00,34.57833983917652,35.18172026590041,33.60364838062255,34.067787170410156,188100,0.0,0.0
2000-01-12 00:00:00-05:00,34.06778349141358,35.46019971040869,34.06778349141358,35.22813034057617,337100,0.0,0.0
2000-01-13 00:00:00-05:00,35.46020459525193,36.852621006060254,35.46020459525193,36.66696548461914,363300,0.0,0.0
2000-01-14 00:00:00-05:00,36.71336021675969,37.131084922133695,34.53190897758434,35.04246139526367,172100,0.0,0.0
2000-01-18 00:00:00-05:00,34.94963718705388,35.59943123834041,33.97494611012409,34.6711540222168,194200,0.0,0.0
2000-01-19 00:00:00-05:00,34.85679624408403,35.04245161688874,34.021347066462845,34.43907165527344,117800,0.0,0.0
2000-01-20 00:00:00-05:00,34.43906668754621,34.43906668754621,32.72175473681951,32.86099624633789,174600,0.0,0.0
2000-01-21 00:00:00-05:00,33.1395011967064,33.371570532817785,32.39687932114995,32.58253479003906,74500,0.0,0.0
2000-01-24 00:00:00-05:00,32.86101096320617,33.371563393425475,32.11838924652355,33.32514953613281,125700,0.0,0.0
2000-01-25 00:00:00-05:00,32.48970026185592,32.907424979508356,31.654250826551056,31.886320114135742,128600,0.0,0.0
2000-01-26 00:00:00-05:00,32.07196765414552,33.09307226831513,31.468587654863477,32.11838150024414,265600,0.0,0.0
2000-01-27 00:00:00-05:00,32.16479198455811,32.72175807952881,31.42217052459717,32.489688873291016,189100,0.0,0.0
2000-01-28 00:00:00-05:00,32.536123833873056,33.185918033123016,31.7470880204981,32.67536544799805,261000,0.0,0.0
2000-01-31 00:00:00-05:00,32.58252085958208,32.58252085958208,30.95803620134081,31.190105438232422,153800,0.0,0.0
2000-02-01 00:00:00-05:00,31.282939910888672,31.654250770365095,31.050870623715905,31.282939910888672,190500,0.0,0.0
2000-02-02 00:00:00-05:00,31.422191586892957,32.30405516170975,31.422191586892957,32.21122741699219,191600,0.0,0.0
2000-02-03 00:00:00-05:00,32.21120172420018,33.04665076027454,32.02554638285032,32.95382308959961,191100,0.0,0.0
2000-02-04 00:00:00-05:00,32.814596880859725,33.232321593628804,31.93273359834723,32.53611373901367,168800,0.0,0.0
2000-02-07 00:00:00-05:00,32.350469034068524,32.48971065114486,31.932744182839517,32.21122741699219,70900,0.0,0.0
2000-02-08 00:00:00-05:00,32.35045162269047,32.48969316482544,31.190105438232422,31.190105438232422,134900,0.0,0.0
2000-02-09 00:00:00-05:00,31.561413392788026,31.561413392788026,30.35465346894613,30.447481155395508,120000,0.0,0.0
2000-02-10 00:00:00-05:00,30.44749393463135,30.44749393463135,29.33356122970581,29.704872131347656,159300,0.0,0.0
2000-02-11 00:00:00-05:00,29.79768129102063,29.983336626167176,29.24071528558099,29.42637062072754,97000,0.0,0.0
2000-02-14 00:00:00-05:00,29.240734852277313,29.37997644681197,28.451699149914276,28.962251663208008,141400,0.0,0.0
2000-02-15 00:00:00-05:00,29.055072102365614,29.890521459941624,28.730175129974945,29.333555221557617,175400,0.0,0.0
2000-02-16 00:00:00-05:00,29.519210634352284,30.169004579133624,29.194313661961615,29.333555221557617,121200,0.0,0.0
2000-02-17 00:00:00-05:00,29.240727267422518,29.70486579547684,29.055071856200787,29.565624237060547,138700,0.0,0.0
2000-02-18 00:00:00-05:00,29.37998503157236,29.51922666679308,28.49812134184112,28.68377685546875,102800,0.0,0.0
2000-02-22 00:00:00-05:00,28.730166316225617,28.730166316225617,28.21961408766587,28.637338638305664,184300,0.0,0.0
2000-02-23 00:00:00-05:00,28.54451668889899,28.54451668889899,27.848308964779502,28.219619750976562,222000,0.0,0.0
2000-02-24 00:00:00-05:00,28.17320618914743,28.17320618914743,26.641549180511735,27.152101516723633,590900,0.0,0.0
2000-02-25 00:00:00-05:00,27.15211016965278,28.03397357687227,26.87362698842557,27.244937896728516,157200,0.0,0.0
2000-02-28 00:00:00-05:00,27.01575467375671,27.481543547442172,26.68970246217689,27.388385772705078,122800,0.13,0.0
2000-02-29 00:00:00-05:00,27.29524577503473,28.133666293721802,26.456825256347656,26.456825256347656,273200,0.0,0.0
2000-03-01 00:00:00-05:00,26.503389697026066,27.574704219049966,26.503389697026066,27.295230865478516,160200,0.0,0.0
2000-03-02 00:00:00-05:00,27.94734650435391,28.646030166962756,27.34182066342624,27.434978485107422,257200,0.0,0.0
2000-03-03 00:00:00-05:00,27.57472532141786,28.087093528403663,27.481567465602257,27.90077781677246,363200,0.0,0.0
2000-03-06 00:00:00-05:00,27.900748219096037,27.947327097592023,27.621274948120117,27.621274948120117,84100,0.0,0.0
2000-03-07 00:00:00-05:00,27.667875289916992,27.80761203380546,27.202086143622093,27.667875289916992,107400,0.0,0.0
2000-03-08 00:00:00-05:00,27.667859465415127,29.158383881060384,27.667859465415127,28.739173889160156,156400,0.0,0.0
2000-03-09 00:00:00-05:00,28.739174832049788,29.111805948186575,28.413122605430097,28.832332611083984,128000,0.0,0.0
2000-03-10 00:00:00-05:00,28.73917520571055,29.996805239023654,28.73917520571055,29.624174118041992,70900,0.0,0.0
2000-03-13 00:00:00-05:00,29.43787632685966,29.90366550924668,29.01866606271134,29.298139572143555,87800,0.0,0.0
2000-03-14 00:00:00-05:00,28.972069368631292,29.204963816932185,27.574702678825922,28.08707046508789,153400,0.0,0.0
2000-03-15 00:00:00-05:00,28.087071758063612,32.418908695874414,28.087071758063612,31.813383102416992,246200,0.0,0.0
2000-03-16 00:00:00-05:00,31.99970243356231,36.61101326459967,31.99970243356231,35.44654083251953,463800,0.0,0.0
2000-03-17 00:00:00-05:00,35.02733606842083,35.30680949449866,33.49023222499279,34.04917907714844,200700,0.0,0.0
2000-03-20 00:00:00-05:00,34.14232950007662,36.14522195369639,34.14232950007662,35.02732849121094,216700,0.0,0.0
2000-03-21 00:00:00-05:00,35.2136520717455,35.493125500886336,34.282073974609375,34.282073974609375,179500,0.0,0.0
2000-03-22 00:00:00-05:00,34.56154570395117,34.654703509083106,33.53680984749978,33.72312545776367,193200,0.0,0.0
2000-03-23 00:00:00-05:00,34.0957628306371,35.353393426849124,34.00260500869547,34.747867584228516,298900,0.0,0.0
2000-03-24 00:00:00-05:00,34.70127890630023,35.12048898704749,33.397069766197674,33.956016540527344,206400,0.0,0.0
2000-03-27 00:00:00-05:00,33.76971378431215,34.747871011168094,33.490240290924746,33.90945053100586,137800,0.0,0.0
2000-03-28 00:00:00-05:00,34.00259212357282,34.60811773673234,33.443645403733264,33.81627655029297,135300,0.0,0.0
2000-03-29 00:00:00-05:00,33.443652572314384,33.90944160535498,32.69839011944944,33.58338928222656,235300,0.0,0.0
2000-03-30 00:00:00-05:00,33.67654854456584,34.887600082821315,33.25733839670817,33.53681182861328,202200,0.0,0.0
2000-03-31 00:00:00-05:00,33.816291738811294,35.39997482299805,33.816291738811294,35.39997482299805,240300,0.0,0.0
2000-04-03 00:00:00-04:00,35.39998875582282,35.772620216410424,34.60814690207415,34.841041564941406,203600,0.0,0.0
2000-04-04 00:00:00-04:00,35.027336798773874,35.12049460940891,32.97786496480306,33.53681182861328,157800,0.0,0.0
2000-04-05 00:00:00-04:00,33.071028400146815,34.84102710325327,33.071028400146815,34.32865905761719,145300,0.0,0.0
2000-04-06 00:00:00-04:00,34.18891579018735,34.328652503226266,33.07102208587605,34.04917907714844,199400,0.0,0.0
2000-04-07 00:00:00-04:00,33.86285544361293,34.095749910212746,33.58338208369315,33.81627655029297,136300,0.0,0.0
2000-04-10 00:00:00-04:00,33.81628492604131,35.35338878631592,33.723127116327696,34.282073974609375,216900,0.0,0.0
2000-04-11 00:00:00-04:00,34.28207839110373,35.95891918197294,33.956026015101386,35.72602462768555,148400,0.0,0.0
2000-04-12 00:00:00-04:00,35.67943796465474,36.983647185294856,35.67943796465474,36.09864807128906,328300,0.0,0.0
2000-04-13 00:00:00-04:00,36.14522697202621,36.42470037644909,36.05206917055192,36.09864807128906,102300,0.0,0.0
2000-04-14 00:00:00-04:00,35.95890637661548,36.098643059426166,34.60811844277889,35.02732849121094,149200,0.0,0.0
2000-04-17 00:00:00-04:00,35.07393522601825,35.86577705715013,34.514988051101625,35.35340881347656,203300,0.0,0.0
2000-04-18 00:00:00-04:00,35.35339338324043,37.822075661648526,34.747867541366745,37.30970764160156,307000,0.0,0.0
2000-04-19 00:00:00-04:00,37.30970033009847,40.383907847934296,37.26312142831308,40.244171142578125,272700,0.0,0.0
2000-04-20 00:00:00-04:00,40.01129237660822,40.989449698970006,38.474188012896846,39.498924255371094,262700,0.0,0.0
2000-04-24 00:00:00-04:00,39.73179298908297,39.73179298908297,38.80021519332487,39.219425201416016,230500,0.0,0.0
2000-04-25 00:00:00-04:00,39.266019693717425,41.17575493386264,38.80023061075518,40.43049240112305,256300,0.0,0.0
2000-04-26 00:00:00-04:00,40.616810139105134,40.80312578194506,39.12628499638568,39.266021728515625,161200,0.0,0.0
2000-04-27 00:00:00-04:00,39.452339067161795,39.452339067161795,38.52076081291949,38.8468132019043,104400,0.0,0.0
2000-04-28 00:00:00-04:00,39.033135054246436,39.77839777604589,39.033135054246436,39.498924255371094,132100,0.0,0.0
2000-05-01 00:00:00-04:00,39.4989035545746,40.89627042560908,39.4989035545746,40.29074478149414,164600,0.0,0.0
2000-05-02 00:00:00-04:00,39.405753717411145,39.87154276844438,38.101544374518106,39.17285919189453,214600,0.0,0.0
2000-05-03 00:00:00-04:00,38.98653857529019,38.98653857529019,37.91522389520456,38.47417068481445,97000,0.0,0.0
2000-05-04 00:00:00-04:00,38.56732642053135,39.31258876682182,38.28785304067243,39.03311538696289,106800,0.0,0.0
2000-05-05 00:00:00-04:00,39.21945102328346,39.45234562555949,38.52076721645537,39.12629318237305,175500,0.0,0.0
2000-05-08 00:00:00-04:00,39.31259194813292,39.82495985267019,39.033118545658034,39.54548645019531,116900,0.0,0.0
2000-05-09 00:00:00-04:00,39.54549942282434,40.10444641113281,39.54549942282434,40.10444641113281,91800,0.0,0.0
2000-05-10 00:00:00-04:00,39.918132473045674,40.24418489697953,39.452343295997295,39.685237884521484,239800,0.0,0.0
2000-05-11 00:00:00-04:00,39.87156088185865,40.477086923288745,39.778403029330946,40.05787658691406,137200,0.0,0.0
2000-05-12 00:00:00-04:00,40.05787631921601,40.94287591231497,39.63866598564282,39.824981689453125,125800,0.0,0.0
2000-05-15 00:00:00-04:00,39.73182383754797,40.57024450469435,39.45235028183251,39.824981689453125,150200,0.0,0.0
2000-05-16 00:00:00-04:00,40.01128857974807,40.57023556805654,39.96470966405569,40.10444641113281,121100,0.0,0.0
2000-05-17 00:00:00-04:00,40.10444934209928,40.10444934209928,38.80023960739686,40.01129150390625,154200,0.0,0.0
2000-05-18 00:00:00-04:00,39.77839295202944,39.87155078095691,38.19470986026246,38.800235748291016,123500,0.0,0.0
2000-05-19 00:00:00-04:00,38.89340399522769,38.89340399522769,37.35629940619474,37.86866760253906,122400,0.0,0.0
2000-05-22 00:00:00-04:00,38.19469807821027,39.54548618097625,38.19469807821027,38.93996047973633,112200,0.0,0.0
2000-05-23 00:00:00-04:00,38.753650850462684,38.753650850462684,37.96180942683544,38.381019592285156,126000,0.0,0.0
2000-05-24 00:00:00-04:00,38.287845611572266,38.33442449917759,37.44942563467652,38.287845611572266,120200,0.0,0.0
2000-05-25 00:00:00-04:00,39.312590993121084,39.40574879168298,37.72890841756881,38.101539611816406,138100,0.0,0.0
2000-05-26 00:00:00-04:00,38.19468995693682,38.19468995693682,36.05206100813305,36.61100769042969,116800,0.0,0.0
2000-05-30 00:00:00-04:00,36.75486980516886,37.87572987546626,36.24114227294922,36.24114227294922,156900,0.13,0.0
2000-05-31 00:00:00-04:00,36.61476815371069,36.94168572651168,36.52136313291041,36.56806564331055,180700,0.0,0.0
2000-06-01 00:00:00-04:00,36.708153624092304,36.75485610961914,35.960913855662945,36.75485610961914,148400,0.0,0.0
2000-06-02 00:00:00-04:00,36.75484655375469,37.922408388372055,36.75484655375469,37.26857376098633,312400,0.0,0.0
2000-06-05 00:00:00-04:00,37.31529708939467,37.73561958476957,36.147734602242146,36.94167709350586,168200,0.0,0.0
2000-06-06 00:00:00-04:00,36.84826406802771,37.40869393978479,36.38123917489682,37.12847900390625,177600,0.0,0.0
2000-06-07 00:00:00-04:00,37.03508209247806,37.26859458990857,36.661462096589254,36.94167709350586,119800,0.0,0.0
2000-06-08 00:00:00-04:00,36.75485610961914,37.17517847936065,36.5680461675118,36.75485610961914,186400,0.0,0.0
2000-06-09 00:00:00-04:00,36.94166820055292,37.17518064177006,36.894965712309485,37.0817756652832,151500,0.0,0.0
2000-06-12 00:00:00-04:00,36.98840197394876,37.035104501693645,34.55987053121475,34.93349075317383,139700,0.0,0.0
2000-06-13 00:00:00-04:00,35.120284549773686,35.91422715262761,35.120284549773686,35.30709457397461,203000,0.0,0.0
2000-06-14 00:00:00-04:00,35.30709449591122,35.30709449591122,34.13953184723691,34.23293685913086,171500,0.0,0.0
2000-06-15 00:00:00-04:00,34.27964116363742,34.27964116363742,32.551648352936354,32.83186340332031,337900,0.0,0.0
2000-06-16 00:00:00-04:00,32.59834038203381,32.92525783572183,31.664290514353763,32.03791046142578,402700,0.0,0.0
2000-06-19 00:00:00-04:00,31.85109858598538,31.85109858598538,30.91704877407965,31.197263717651367,307800,0.0,0.0
2000-06-20 00:00:00-04:00,31.19726229059023,32.69174192127719,30.963749848295397,32.271419525146484,320900,0.0,0.0
2000-06-21 00:00:00-04:00,32.22472715790059,32.831859698556684,32.22472715790059,32.411537170410156,458300,0.0,0.0
2000-06-22 00:00:00-04:00,32.318115234375,32.69173506367413,32.131305319725435,32.318115234375,290400,0.0,0.0
2000-06-23 00:00:00-04:00,32.318126115642606,32.55163858757644,31.057158767199905,31.337373733520508,128500,0.0,0.0
2000-06-26 00:00:00-04:00,32.31814982793102,32.31814982793102,30.450048681807843,30.683561325073242,197200,0.0,0.0
2000-06-27 00:00:00-04:00,30.870341007968026,32.131308038550685,30.59012611228299,31.010448455810547,212200,0.0,0.0
2000-06-28 00:00:00-04:00,31.010471048774775,31.2906861486131,30.216528265899516,30.776958465576172,121500,0.0,0.0
2000-06-29 00:00:00-04:00,30.963745029694444,31.43076984160537,30.496720217783515,30.54342269897461,206500,0.0,0.0
2000-06-30 00:00:00-04:00,30.5434313052499,31.29067121485846,30.123108856095083,30.22818946838379,211600,0.0,0.0
2000-07-03 00:00:00-04:00,30.263221534522803,31.197271581884618,30.169816529786623,31.103866577148438,46000,0.0,0.0
2000-07-05 00:00:00-04:00,30.45001101247317,31.617572784423828,30.123093716326988,31.617572784423828,135900,0.0,0.0
2000-07-06 00:00:00-04:00,31.524182840720893,31.71099281311035,31.103860402844617,31.71099281311035,174500,0.0,0.0
2000-07-07 00:00:00-04:00,31.617588699841107,31.851101171774943,31.337373733520508,31.337373733520508,154100,0.0,0.0
2000-07-10 00:00:00-04:00,31.384058868725624,31.66427368005353,31.24395146306167,31.430761337280273,119300,0.0,0.0
2000-07-11 00:00:00-04:00,31.617590026638105,32.83185493164932,31.477482537598352,32.785152435302734,186100,0.0,0.0
2000-07-12 00:00:00-04:00,32.69174788947775,33.158772859327435,32.1780204226431,32.59834289550781,163600,0.0,0.0
2000-07-13 00:00:00-04:00,32.598324529240635,33.672481354702725,32.598324529240635,33.252159118652344,216200,0.0,0.0
2000-07-14 00:00:00-04:00,33.43898995041002,33.71920494999446,32.691749951518176,32.925262451171875,323400,0.0,0.0
2000-07-17 00:00:00-04:00,32.971951388908074,33.06535635034974,32.83184394674558,33.018653869628906,173600,0.0,0.0
2000-07-18 00:00:00-04:00,32.87856724330357,33.01867477416992,32.2247320992606,32.69175720214844,471000,0.0,0.0
2000-07-19 00:00:00-04:00,32.785154965344596,32.785154965344596,31.617592466578763,31.757699966430664,272300,0.0,0.0
2000-07-20 00:00:00-04:00,31.757688719262767,31.804391202673447,31.430771335388005,31.664283752441406,319100,0.0,0.0
2000-07-21 00:00:00-04:00,31.38407875310066,31.757698738256618,31.010458767944698,31.47748374938965,215200,0.0,0.0
2000-07-24 00:00:00-04:00,31.477472498303367,31.944497312818253,31.3373650539489,31.38406753540039,324000,0.0,0.0
2000-07-25 00:00:00-04:00,31.570878785620046,31.85109368608413,31.29066388515596,31.664283752441406,789900,0.0,0.0
2000-07-26 00:00:00-04:00,31.570885333818257,31.944505278597173,31.33737286833144,31.71099281311035,394700,0.0,0.0
2000-07-27 00:00:00-04:00,31.71099746648003,32.27142746588763,31.71099746648003,31.757699966430664,353400,0.0,0.0
2000-07-28 00:00:00-04:00,31.757696183001407,31.757696183001407,31.01045627281314,31.337373733520508,85000,0.0,0.0
2000-07-31 00:00:00-04:00,31.337377090454105,31.664294586181644,31.337377090454105,31.524187088012695,133100,0.0,0.0
2000-08-01 00:00:00-04:00,31.430783793351697,32.59834634139597,31.430783793351697,32.36483383178711,138100,0.0,0.0
2000-08-02 00:00:00-04:00,32.271424626195156,32.41153211371844,31.944507155307505,32.131317138671875,153500,0.0,0.0
2000-08-03 00:00:00-04:00,32.31812874680766,33.01866621964309,32.224723750429604,32.64504623413086,115600,0.0,0.0
2000-08-04 00:00:00-04:00,32.83184902196513,33.485683853128016,32.73844404608471,33.29887390136719,71800,0.0,0.0
2000-08-07 00:00:00-04:00,33.29886745602174,34.93345421753753,33.29886745602174,34.606536865234375,248000,0.0,0.0
2000-08-08 00:00:00-04:00,34.41974090264768,35.12027837013712,34.092823417819275,34.32633590698242,136600,0.0,0.0
2000-08-09 00:00:00-04:00,34.37301841478669,34.37301841478669,33.11205170663555,33.252159118652344,75800,0.0,0.0
2000-08-10 00:00:00-04:00,33.438992740705075,34.27963780960548,33.39229023687727,33.719207763671875,91800,0.0,0.0
2000-08-11 00:00:00-04:00,33.53238442290163,35.07356643676758,33.1587645407523,35.07356643676758,133900,0.0,0.0
2000-08-14 00:00:00-04:00,34.980172585599945,35.26038758628566,33.859312582857086,34.419742584228516,89200,0.0,0.0
2000-08-15 00:00:00-04:00,34.326331684890306,34.326331684890306,33.62579430356601,33.6724967956543,97600,0.0,0.0
2000-08-16 00:00:00-04:00,33.85931175688039,34.74665923740553,33.85931175688039,34.37303924560547,71200,0.0,0.0
2000-08-17 00:00:00-04:00,34.186228413484535,34.51314589831294,34.092823417819275,34.32633590698242,63100,0.0,0.0
2000-08-18 00:00:00-04:00,34.32631964847959,34.60653450275289,33.71918746422077,33.85929489135742,84300,0.0,0.0
2000-08-21 00:00:00-04:00,33.7658914208244,33.90599885410583,33.06535425441726,33.112056732177734,145400,0.0,0.0
2000-08-22 00:00:00-04:00,33.25217222893375,33.39227969619049,32.50493240356445,32.50493240356445,94200,0.0,0.0
2000-08-23 00:00:00-04:00,32.50491973110633,32.50491973110633,31.384060430033696,31.617572784423828,329100,0.0,0.0
2000-08-24 00:00:00-04:00,30.450020753420315,30.73023566832909,28.114896462513848,29.142351150512695,1676600,0.0,0.0
2000-08-25 00:00:00-04:00,29.235767602920532,30.450032711029053,29.048957586288452,29.889602661132812,406800,0.0,0.0
2000-08-28 00:00:00-04:00,29.702789690587426,29.702789690587426,28.675334701290378,28.768739700317383,326000,0.0,0.0
2000-08-29 00:00:00-04:00,28.768742561340332,30.823652744293213,28.768742561340332,29.889602661132812,607100,0.0,0.0
2000-08-30 00:00:00-04:00,29.713392790537032,30.275791392250664,29.38532693953741,29.52592658996582,238300,0.14,0.0
2000-08-31 00:00:00-04:00,29.619652724266054,30.22891773283482,29.291586950421333,29.994585037231445,192000,0.0,0.0
2000-09-01 00:00:00-04:00,29.99456903737062,30.088302065612403,29.244704811436353,29.432170867919922,181300,0.0,0.0
2000-09-05 00:00:00-04:00,29.619645008731982,29.900844170207286,29.057246685781372,29.66651153564453,184100,0.0,0.0
2000-09-06 00:00:00-04:00,29.47903699512723,29.994568643690663,29.19783791409263,29.61963653564453,170200,0.0,0.0
2000-09-07 00:00:00-04:00,29.807104248046876,29.853970764160156,29.197839538574218,29.29157257080078,216700,0.0,0.0
2000-09-08 00:00:00-04:00,29.38530754967819,29.853972741858062,29.3384410304602,29.7133731842041,214000,0.0,0.0
2000-09-11 00:00:00-04:00,29.713385802507403,30.13518465459347,29.244720411300662,29.994585037231445,257300,0.0,0.0
2000-09-12 00:00:00-04:00,29.807119027937272,29.900852106641477,29.43218671312045,29.572786331176758,255300,0.0,0.0
2000-09-13 00:00:00-04:00,29.525903508632997,30.088301670702197,29.432170481621466,29.61963653564453,294100,0.0,0.0
2000-09-14 00:00:00-04:00,29.61965048482099,29.94771623386173,29.432184342511995,29.760250091552734,198000,0.0,0.0
2000-09-15 00:00:00-04:00,29.666504031975553,29.853970092209206,29.104105851274593,29.150972366333008,301900,0.0,0.0
2000-09-18 00:00:00-04:00,28.729175430922783,28.77604194875463,26.99511427114441,27.46377944946289,444800,0.0,0.0
2000-09-19 00:00:00-04:00,27.370046857649903,28.119911155119766,27.135714264690574,27.69811248779297,251200,0.0,0.0
2000-09-20 00:00:00-04:00,27.276318408347468,28.16678241136912,27.22945188187264,27.744983673095703,310900,0.0,0.0
2000-09-21 00:00:00-04:00,27.698123824106506,27.97932305074718,27.229458446372046,27.370058059692383,183300,0.0,0.0
2000-09-22 00:00:00-04:00,26.995116759933232,27.323182415001867,26.573318060559277,26.760784149169922,252100,0.0,0.0
2000-09-25 00:00:00-04:00,26.68768005836678,27.257575870758316,26.6351897675086,26.987627029418945,246700,0.0,0.0
2000-09-26 00:00:00-04:00,26.245244212598998,26.58268363886191,26.02028554859193,26.425212860107422,483400,0.0,0.0
2000-09-27 00:00:00-04:00,26.425223918673794,26.732668222262102,26.17026989663672,26.702672958374023,445400,0.0,0.0
2000-09-28 00:00:00-04:00,27.74497816716841,27.74497816716841,26.785152810801005,27.430036544799805,190500,0.0,0.0
2000-09-29 00:00:00-04:00,28.49484617242751,29.169725252292498,28.262387187028335,28.70480728149414,266800,0.0,0.0
2000-10-02 00:00:00-04:00,28.704812267388526,28.704812267388526,28.209901809692383,28.209901809692383,124600,0.0,0.0
2000-10-03 00:00:00-04:00,26.99512804274591,28.6073382228348,26.99512804274591,27.932458877563477,351000,0.0,0.0
2000-10-04 00:00:00-04:00,24.932989500722655,25.832827287887422,24.932989500722655,25.667856216430664,850200,0.0,0.0
2000-10-05 00:00:00-04:00,25.570387487623076,26.132786064569395,24.603064109260796,25.832841873168945,478200,0.0,0.0
2000-10-06 00:00:00-04:00,25.720349531203613,25.87032299020451,25.060468027903145,25.172948837280273,362300,0.0,0.0
2000-10-09 00:00:00-04:00,25.16545815841934,25.94531520415373,25.16545815841934,25.495397567749023,153300,0.0,0.0
2000-10-10 00:00:00-04:00,25.495390781064955,25.615368976202674,25.18794647724293,25.31542205810547,221400,0.0,0.0
2000-10-11 00:00:00-04:00,25.307923329738202,25.495389428477004,24.970483779907227,24.970483779907227,125500,0.0,0.0
2000-10-12 00:00:00-04:00,24.78303058727959,24.820523254451054,24.17564194178333,24.228132247924805,108400,0.0,0.0
2000-10-13 00:00:00-04:00,24.18312828809053,24.932992731132096,24.138135391725932,24.858007431030273,274300,0.0,0.0
2000-10-16 00:00:00-04:00,24.745527718813364,24.858008534464904,24.520568948016255,24.558061599731445,136100,0.0,0.0
2000-10-17 00:00:00-04:00,24.67053944470908,24.783017386310753,24.18312644958496,24.18312644958496,209800,0.0,0.0
2000-10-18 00:00:00-04:00,24.138133027258363,24.483072811253106,23.733207011412244,24.333099365234375,248700,0.0,0.0
2000-10-19 00:00:00-04:00,24.333099421124114,26.21525773449081,24.333099421124114,25.43539810180664,342100,0.0,0.0
2000-10-20 00:00:00-04:00,25.420416089833225,26.095292646421868,25.30043784462811,26.08779525756836,104000,0.0,0.0
2000-10-23 00:00:00-04:00,25.68285348390756,26.155268816085922,25.420402110755933,25.607868194580078,328500,0.0,0.0
2000-10-24 00:00:00-04:00,25.495386614201077,26.185260408366307,25.352913424668344,26.125272750854492,214600,0.0,0.0
2000-10-25 00:00:00-04:00,26.282742535371355,26.695167318737067,25.577871139446415,25.64535903930664,131100,0.0,0.0
2000-10-26 00:00:00-04:00,25.53288895663231,26.05779474665176,25.495396298882294,25.90032386779785,135600,0.0,0.0
2000-10-27 00:00:00-04:00,25.82531959520905,26.590181350708008,25.570365676709397,26.590181350708008,78500,0.0,0.0
2000-10-30 00:00:00-05:00,26.59019045780389,27.610006481087787,26.59019045780389,27.595008850097656,163500,0.0,0.0
2000-10-31 00:00:00-05:00,27.74499013046463,28.86228964028725,27.370057831404296,28.794801712036133,152300,0.0,0.0
2000-11-01 00:00:00-05:00,28.794800164754854,29.244717755248473,28.494853197421588,28.71231460571289,134900,0.0,0.0
2000-11-02 00:00:00-05:00,28.86976847993546,29.882083892822266,28.757287718279326,29.882083892822266,168900,0.0,0.0
2000-11-03 00:00:00-05:00,29.99459024306685,30.107071100681164,29.04976190903334,29.357206344604492,295700,0.0,0.0
2000-11-06 00:00:00-05:00,29.54465652305533,29.664634704589847,29.37968545075582,29.664634704589844,123300,0.0,0.0
2000-11-07 00:00:00-05:00,29.852113175900662,29.994586431668687,28.847294416019494,29.627151489257812,173400,0.0,0.0
2000-11-08 00:00:00-05:00,29.54467425325959,30.384522028006494,29.319712524937152,30.287038803100586,170100,0.0,0.0
2000-11-09 00:00:00-05:00,30.189550592067214,30.197050840709725,29.62715208516166,30.032079696655273,136500,0.0,0.0
2000-11-10 00:00:00-05:00,29.95707466417814,29.95707466417814,28.982251798989992,29.312191009521484,89200,0.0,0.0
2000-11-13 00:00:00-05:00,29.16971915019116,29.61963653564453,28.974752852124386,29.61963653564453,96700,0.0,0.0
2000-11-14 00:00:00-05:00,29.544670194321846,30.06957319360887,29.432189345613594,29.582162857055664,63500,0.0,0.0
2000-11-15 00:00:00-05:00,29.589660245399703,29.69464084525711,29.102249908846492,29.582162857055664,80100,0.0,0.0
2000-11-16 00:00:00-05:00,29.507167887674484,29.507167887674484,28.75730336335741,29.16973114013672,66600,0.0,0.0
2000-11-17 00:00:00-05:00,29.094738066236147,29.43967500274662,28.509844751239633,29.184720993041992,65400,0.0,0.0
2000-11-20 00:00:00-05:00,28.99726509413769,29.582161475392937,28.524852416843846,29.484678268432617,90700,0.0,0.0
2000-11-21 00:00:00-05:00,29.492167541549023,29.499664926752768,29.019752179555862,29.24471092224121,137700,0.0,0.0
2000-11-22 00:00:00-05:00,29.169730477638556,29.619648037807888,28.929774064147434,29.424684524536133,65300,0.0,0.0
2000-11-24 00:00:00-05:00,29.61214740778645,29.987079620361328,29.48466896804799,29.987079620361328,49500,0.0,0.0
2000-11-27 00:00:00-05:00,29.919599326892147,31.006900731842833,29.544667018838393,30.21954345703125,142100,0.0,0.0
2000-11-28 00:00:00-05:00,30.29453178279646,30.29453178279646,29.769625976858137,29.972089767456055,168700,0.0,0.0
2000-11-29 00:00:00-05:00,30.084944945048136,30.084944945048136,29.573244795521695,29.723745346069336,142000,0.14,0.0
2000-11-30 00:00:00-05:00,29.723746833719016,29.723746833719016,29.196996315718447,29.633447647094727,204700,0.0,0.0
2000-12-01 00:00:00-05:00,29.63344479107548,30.0397925270014,29.573243425421797,29.987117767333984,154600,0.0,0.0
2000-12-04 00:00:00-05:00,29.987136250352613,30.363386405918195,29.88178666608399,30.077438354492188,154500,0.0,0.0
2000-12-05 00:00:00-05:00,30.664370974652385,32.35749575239393,30.626746553703324,31.529747009277344,161100,0.0,0.0
2000-12-06 00:00:00-05:00,31.83077142628025,32.169397234439316,31.296496745941322,31.763046264648438,167700,0.0,0.0
2000-12-07 00:00:00-05:00,31.605006556060843,32.0038307202128,31.605006556060843,31.906007766723633,69700,0.0,0.0
2000-12-08 00:00:00-05:00,31.94362584282808,32.87672424316406,31.830749693654667,32.87672424316406,162400,0.0,0.0
2000-12-11 00:00:00-05:00,32.35750046494328,33.29060174139723,32.34245012025986,33.18524932861328,144900,0.0,0.0
2000-12-12 00:00:00-05:00,32.73377175867205,32.80902066046735,31.79314613342285,31.79314613342285,137500,0.0,0.0
2000-12-13 00:00:00-05:00,32.05649050578395,32.05649050578395,30.476242065429688,30.476242065429688,194800,0.0,0.0
2000-12-14 00:00:00-05:00,30.664395506816685,30.7020199578661,29.57326920301395,29.90437126159668,168600,0.0,0.0
2000-12-15 00:00:00-05:00,29.716236592810933,29.723760332380024,28.820759444372797,28.97126007080078,312300,0.0,0.0
2000-12-18 00:00:00-05:00,29.04648851349733,29.339965820312496,28.858363580455098,29.3399658203125,197700,0.0,0.0
2000-12-19 00:00:00-05:00,29.64851461218228,29.64851461218228,28.203712463378906,28.203712463378906,148800,0.0,0.0
2000-12-20 00:00:00-05:00,28.030631805721082,28.971257034100987,27.91775563009134,28.595006942749023,208400,0.0,0.0
2000-12-21 00:00:00-05:00,28.971259641372725,31.47708685315797,28.896010764554457,31.379261016845703,299500,0.0,0.0
2000-12-22 00:00:00-05:00,31.191141168082623,31.198664908797845,30.47626523656939,30.84499168395996,222600,0.0,0.0
2000-12-26 00:00:00-05:00,30.852509099786932,31.145983727056194,30.47625898881392,31.040634155273438,144500,0.0,0.0
2000-12-27 00:00:00-05:00,31.228750834208046,31.416875839233395,31.153501980421815,31.4168758392334,142200,0.0,0.0
2000-12-28 00:00:00-05:00,31.41687718935346,32.01135291971512,31.304001033263564,31.612525939941406,76900,0.0,0.0
2000-12-29 00:00:00-05:00,31.605015235792933,32.46286519004612,31.605015235792933,31.830764770507812,131100,0.0,0.0
2001-01-02 00:00:00-05:00,31.8307584421115,31.860859139572,30.401009759463765,30.671907424926758,99500,0.0,0.0
2001-01-03 00:00:00-05:00,30.62674820320965,32.61334759013188,30.62674820320965,32.523048400878906,89800,0.0,0.0
2001-01-04 00:00:00-05:00,32.52305078528059,32.79395124345983,32.24462371961877,32.57572555541992,104100,0.0,0.0
2001-01-05 00:00:00-05:00,33.67439338163228,33.67439338163228,32.28226876994572,32.58326721191406,267600,0.0,0.0
2001-01-08 00:00:00-05:00,32.395127751330264,33.45615274542479,31.79312826364542,31.95867919921875,161500,0.0,0.0
2001-01-09 00:00:00-05:00,31.981256092106484,32.131756694887265,31.8307554893257,31.89095687866211,81300,0.0,0.0
2001-01-10 00:00:00-05:00,28.97126110053501,30.77726294074073,28.97126110053501,30.664386749267578,595900,0.0,0.0
2001-01-11 00:00:00-05:00,30.551493566240428,30.7772458236321,30.01721934760642,30.483768463134766,203300,0.0,0.0
2001-01-12 00:00:00-05:00,30.5138861174903,30.739635629875817,30.09248779318688,30.664386749267578,82600,0.0,0.0
2001-01-16 00:00:00-05:00,30.476244367749356,31.710343680388508,30.476244367749356,31.168542861938477,133400,0.0,0.0
2001-01-17 00:00:00-05:00,30.980430420345808,31.49213076227594,30.85250677014344,31.16103172302246,61900,0.0,0.0
2001-01-18 00:00:00-05:00,31.349148451517053,31.492122411577075,30.438624182091512,30.446147918701172,56500,0.0,0.0
2001-01-19 00:00:00-05:00,30.6342912283263,30.75469117999272,29.573265757215616,29.686141967773438,152900,0.0,0.0
2001-01-22 00:00:00-05:00,29.686135893413198,29.836636519841186,28.941159371403046,28.97126007080078,99700,0.0,0.0
2001-01-23 00:00:00-05:00,28.9712554980547,29.347505569458008,28.595005426651394,29.347505569458008,137000,0.0,0.0
2001-01-24 00:00:00-05:00,29.347513389587405,30.34081361312856,29.347513389587405,30.100013732910156,101700,0.0,0.0
2001-01-25 00:00:00-05:00,30.115067907357133,31.304017108052673,30.115067907357133,30.8901424407959,138600,0.0,0.0
2001-01-26 00:00:00-05:00,30.897656312363257,30.965381438756694,30.724581627260065,30.867555618286133,121800,0.0,0.0
2001-01-29 00:00:00-05:00,30.86754955503445,31.544797815378118,30.86754955503445,30.95032501220703,114700,0.0,0.0
2001-01-30 00:00:00-05:00,30.852495829264324,31.755496281305874,30.777246987660572,31.604995727539062,191800,0.0,0.0
2001-01-31 00:00:00-05:00,31.61252807712616,32.20700384767773,31.61252807712616,31.8834285736084,128800,0.0,0.0
2001-02-01 00:00:00-05:00,31.90599759870011,32.01887086380721,31.61252022007916,31.717872619628906,107700,0.0,0.0
2001-02-02 00:00:00-05:00,31.64263214662131,31.868381627591752,31.612531450342477,31.620058059692383,144600,0.0,0.0
2001-02-05 00:00:00-05:00,31.808182314485826,32.583256565746105,31.808182314485826,32.38008117675781,77100,0.0,0.0
2001-02-06 00:00:00-05:00,32.80898530627776,32.959485818254144,32.507987152883494,32.82403564453125,106200,0.0,0.0
2001-02-07 00:00:00-05:00,32.89177546422007,33.07237673359804,32.733751147614214,32.91435241699219,111800,0.0,0.0
2001-02-08 00:00:00-05:00,32.91436253026822,32.93693661941667,32.50801170223216,32.65098571777344,131900,0.0,0.0
2001-02-09 00:00:00-05:00,32.65099188866959,33.07239314596785,32.50801784610684,32.70366668701172,74700,0.0,0.0
2001-02-12 00:00:00-05:00,32.733744526044305,33.07237004352902,32.63591873864667,33.01969528198242,44900,0.0,0.0
2001-02-13 00:00:00-05:00,33.11001304532297,33.937762223231715,33.03476416389884,33.523887634277344,182300,0.0,0.0
2001-02-14 00:00:00-05:00,33.71200357146327,33.86250416408231,32.35750397901199,33.192779541015625,151700,0.0,0.0
2001-02-15 00:00:00-05:00,33.19278600634825,33.86251075986477,33.18525939644323,33.824886322021484,86700,0.0,0.0
2001-02-16 00:00:00-05:00,33.824861715499864,34.088235459367354,33.71198561352322,33.96031188964844,285500,0.0,0.0
2001-02-20 00:00:00-05:00,34.23876129372594,34.59996106840127,34.23123755429049,34.434410095214844,99200,0.0,0.0
2001-02-21 00:00:00-05:00,34.31401144155223,34.38926319149784,33.636762915406244,33.764686584472656,84300,0.0,0.0
2001-02-22 00:00:00-05:00,33.76468820156023,34.20866350053995,33.22288992880732,33.63676452636719,117100,0.0,0.0
2001-02-23 00:00:00-05:00,33.52388795585713,33.77973817393858,33.16268815454698,33.719539642333984,95500,0.0,0.0
2001-02-26 00:00:00-05:00,33.71952632435739,35.66850145599691,33.71952632435739,35.36750030517578,393800,0.0,0.0
2001-02-27 00:00:00-05:00,35.17882081828275,35.3976985293079,35.088251823048246,35.18636703491211,127000,0.14,0.0
2001-02-28 00:00:00-05:00,35.375046262390384,35.458069022551584,34.29575613856636,34.68067932128906,154800,0.0,0.0
2001-03-01 00:00:00-05:00,34.64296514308673,34.718438858515384,34.09954517875982,34.41653823852539,95200,0.0,0.0
2001-03-02 00:00:00-05:00,34.52972456341239,35.41277843255727,34.52972456341239,35.39768600463867,175500,0.0,0.0
2001-03-05 00:00:00-05:00,35.473159660773376,35.473159660773376,35.141071542991064,35.39768600463867,148800,0.0,0.0
2001-03-06 00:00:00-05:00,35.40525580329866,35.81282072784461,35.30713768165522,35.71470260620117,185000,0.0,0.0
2001-03-07 00:00:00-05:00,35.66185522871257,35.66940144448076,35.0580571974928,35.46562194824219,191300,0.0,0.0
2001-03-08 00:00:00-05:00,35.4731637253541,35.699587598837724,35.25428606669444,35.54863739013672,138800,0.0,0.0
2001-03-09 00:00:00-05:00,35.548651349442885,35.6996016174193,35.239204595702844,35.24675369262695,59400,0.0,0.0
2001-03-12 00:00:00-05:00,35.05805414694877,35.473165077345854,34.71841688421084,35.1712646484375,122900,0.0,0.0
2001-03-13 00:00:00-05:00,35.171265590535924,35.178814684985575,34.303306872663015,34.63539505004883,153300,0.0,0.0
2001-03-14 00:00:00-05:00,33.96369056848973,34.26559119186473,33.58631622883984,33.737266540527344,154800,0.0,0.0
2001-03-15 00:00:00-05:00,33.586302269829645,33.96367645263672,33.39006896159003,33.96367645263672,104700,0.0,0.0
2001-03-16 00:00:00-05:00,33.77499015980477,33.782536376819266,32.680604427961434,32.733436584472656,130300,0.0,0.0
2001-03-19 00:00:00-05:00,32.85419531145348,33.737252393082976,32.831553781893106,33.707061767578125,124900,0.0,0.0
2001-03-20 00:00:00-05:00,33.69951567632638,34.34105063544379,33.39761517842611,33.96367645263672,180400,0.0,0.0
2001-03-21 00:00:00-05:00,33.77497754526512,33.77497754526512,32.66549691463361,32.84663772583008,113500,0.0,0.0
2001-03-22 00:00:00-05:00,32.83155059655081,33.057974507596334,30.94467987261111,31.39752769470215,175700,0.0,0.0
2001-03-23 00:00:00-05:00,31.47301578031625,31.812653210868405,31.223947371532237,31.65415382385254,211100,0.0,0.0
2001-03-26 00:00:00-05:00,31.842839190971137,32.45418653189859,31.842839190971137,32.167381286621094,211600,0.0,0.0
2001-03-27 00:00:00-05:00,32.19001223062514,32.19001223062514,31.54847452618872,31.699424743652344,161100,0.0,0.0
2001-03-28 00:00:00-05:00,31.706982876226853,31.812650083562367,31.352253042865723,31.608867645263672,120700,0.0,0.0
2001-03-29 00:00:00-05:00,31.608850579263585,32.03905675701943,31.246571844265794,31.435258865356445,111700,0.0,0.0
2001-03-30 00:00:00-05:00,31.623969599910374,32.756092575384905,31.47301929401958,32.22776794433594,160300,0.0,0.0
2001-04-02 00:00:00-04:00,32.3032221634084,32.95985228676285,31.925848065987424,31.963584899902344,136400,0.0,0.0
2001-04-03 00:00:00-04:00,31.510746415946205,31.737170365263385,31.322059311659103,31.3824405670166,155900,0.0,0.0
2001-04-04 00:00:00-04:00,31.246570450244327,32.273025380709846,31.246570450244327,32.19755172729492,130600,0.0,0.0
2001-04-05 00:00:00-04:00,32.19754999836513,32.92965648954598,32.07679043190455,32.41642761230469,117300,0.0,0.0
2001-04-06 00:00:00-04:00,32.41644530025633,32.41644530025633,31.661696878267293,31.714529037475586,77300,0.0,0.0
2001-04-09 00:00:00-04:00,31.903215770751967,32.944769387103115,31.857929829471757,32.52965545654297,99900,0.0,0.0
2001-04-10 00:00:00-04:00,32.529660067887505,34.514649482106144,32.529660067887505,34.22784423828125,395000,0.0,0.0
2001-04-11 00:00:00-04:00,34.22784605544426,34.34105949113588,33.057986362892365,33.171199798583984,310000,0.0,0.0
2001-04-12 00:00:00-04:00,33.020238077783524,33.39006601107466,32.68060076744192,32.990047454833984,68900,0.0,0.0
2001-04-16 00:00:00-04:00,32.990052749886004,32.990052749886004,32.484372690430575,32.793819427490234,232900,0.0,0.0
2001-04-17 00:00:00-04:00,32.68060106675933,33.208925456669974,31.925852760925924,32.64286422729492,486500,0.0,0.0
2001-04-18 00:00:00-04:00,32.529661125354316,33.53347807180473,32.265500286360634,33.435359954833984,194400,0.0,0.0
2001-04-19 00:00:00-04:00,33.43533432794727,33.88818483516336,33.21645672674957,33.51081085205078,89600,0.0,0.0
2001-04-20 00:00:00-04:00,33.322153730521556,33.35989058683319,32.85420749901708,33.16365432739258,76400,0.0,0.0
2001-04-23 00:00:00-04:00,32.786254201241874,32.79380329404516,32.45416609628028,32.72587585449219,119100,0.0,0.0
2001-04-24 00:00:00-04:00,32.72587995776277,33.47307900739629,32.680594032670925,33.41270065307617,176500,0.0,0.0
2001-04-25 00:00:00-04:00,33.28439956102347,34.52973543322038,33.208925881129986,33.84291458129883,136100,0.0,0.0
2001-04-26 00:00:00-04:00,33.586298907342275,35.3826006438257,33.586298907342275,34.982582092285156,205600,0.0,0.0
2001-04-27 00:00:00-04:00,34.90710146466176,35.344856767717225,34.30330352866771,34.793888092041016,145200,0.0,0.0
2001-04-30 00:00:00-04:00,34.605225053995035,34.944862528242254,34.605225053995035,34.695796966552734,271200,0.0,0.0
2001-05-01 00:00:00-04:00,34.69579039376847,34.75616877823117,34.22784423828125,34.22784423828125,79500,0.0,0.0
2001-05-02 00:00:00-04:00,34.22782795355681,34.79388907437067,34.22782795355681,34.68822479248047,237700,0.0,0.0
2001-05-03 00:00:00-04:00,34.52974714477871,34.982595136006125,34.15237285904342,34.86183547973633,278100,0.0,0.0
2001-05-04 00:00:00-04:00,34.673153384259344,35.171287398778084,34.64296562515043,35.02033996582031,306400,0.0,0.0
2001-05-07 00:00:00-04:00,36.41659895931615,37.49588906553969,36.04677109166605,36.084510803222656,456000,0.0,0.0
2001-05-08 00:00:00-04:00,36.22792053222656,36.333584839783725,36.076970287514996,36.22792053222656,619500,0.0,0.0
2001-05-09 00:00:00-04:00,36.152442299756785,36.416603035405814,36.137346989271684,36.2354621887207,298900,0.0,0.0
2001-05-10 00:00:00-04:00,36.30341307598055,37.66950932560993,36.30341307598055,37.1713752746582,562300,0.0,0.0
2001-05-11 00:00:00-04:00,37.05816100075908,37.13363760024264,36.94495042024054,37.10344696044922,226400,0.0,0.0
2001-05-14 00:00:00-04:00,37.2091039937815,37.55628764562871,37.10343965444863,37.443077087402344,335800,0.0,0.0
2001-05-15 00:00:00-04:00,37.36004381080296,37.58646774291992,37.186452033542075,37.58646774291992,169000,0.0,0.0
2001-05-16 00:00:00-04:00,37.54873915195442,37.926113414788134,37.269483003615875,37.82799530029297,346800,0.0,0.0
2001-05-17 00:00:00-04:00,37.82799131378663,38.6808578640698,37.81289599936765,38.36386489868164,352000,0.0,0.0
2001-05-18 00:00:00-04:00,38.36385752621739,38.36385752621739,38.07705236564632,38.26573944091797,252100,0.0,0.0
2001-05-21 00:00:00-04:00,38.265746886551504,38.43933868408203,38.10725040347626,38.43933868408203,235900,0.0,0.0
2001-05-22 00:00:00-04:00,38.43931983402791,38.944999664186575,38.41667831301646,38.6959342956543,298800,0.0,0.0
2001-05-23 00:00:00-04:00,38.703497538974915,38.748783480058854,37.19400071915047,37.28457260131836,287300,0.0,0.0
2001-05-24 00:00:00-04:00,37.47325922522011,37.74496623084368,37.095885025083504,37.194000244140625,79900,0.0,0.0
2001-05-25 00:00:00-04:00,37.28456380863753,37.58646137392502,37.13361358642578,37.13361358642578,60200,0.0,0.0
2001-05-29 00:00:00-04:00,37.09587056534071,37.360031250813456,36.61282935897756,36.83170700073242,493000,0.0,0.0
2001-05-30 00:00:00-04:00,36.86198278820181,37.92166842936451,36.86198278820181,37.4675178527832,398800,0.14,0.0
2001-05-31 00:00:00-04:00,37.46754868568338,37.84600877341756,37.08908859794921,37.36914825439453,94600,0.0,0.0
2001-06-01 00:00:00-04:00,36.967973991066664,37.24046566098202,36.3775772978639,36.74846649169922,196700,0.0,0.0
2001-06-04 00:00:00-04:00,37.051224282441794,37.16476051844226,36.04451957620255,36.407840728759766,422200,0.0,0.0
2001-06-05 00:00:00-04:00,36.5970703458235,36.99066897939581,36.21861045439856,36.642486572265625,195800,0.0,0.0
2001-06-06 00:00:00-04:00,36.65004511735581,36.68789340674514,35.88555760284808,36.422969818115234,202200,0.0,0.0
2001-06-07 00:00:00-04:00,36.25645718287268,36.36999341292995,36.02937894791872,36.15048599243164,152800,0.0,0.0
2001-06-08 00:00:00-04:00,36.1580502948127,36.49109388538705,36.142911556047615,36.25645065307617,68500,0.0,0.0
2001-06-11 00:00:00-04:00,36.10506841278737,36.46081869006742,35.915838497508005,36.142913818359375,267600,0.0,0.0
2001-06-12 00:00:00-04:00,36.142919631081504,36.67276405656038,36.02938050868609,36.642486572265625,188600,0.0,0.0
2001-06-13 00:00:00-04:00,36.634925842285156,37.20261579095226,36.597077535771035,36.634925842285156,232000,0.0,0.0
2001-06-14 00:00:00-04:00,36.710613050380616,37.01338214803221,35.80230864484594,35.91584777832031,230800,0.0,0.0
2001-06-15 00:00:00-04:00,35.42384517512518,35.49196807091545,33.955421839381316,35.43898391723633,336800,0.0,0.0
2001-06-18 00:00:00-04:00,35.43899960800328,35.85530509441159,34.96970994445688,35.20435333251953,198300,0.0,0.0
2001-06-19 00:00:00-04:00,35.21191632790468,35.42385298937287,34.7047784612795,35.166500091552734,220800,0.0,0.0
2001-06-20 00:00:00-04:00,35.19676983356476,36.74845480788311,35.19676983356476,36.332149505615234,140400,0.0,0.0
2001-06-21 00:00:00-04:00,36.33214725302515,36.657622969827074,36.05965568664032,36.3775634765625,94300,0.0,0.0
2001-06-22 00:00:00-04:00,36.37757307745333,36.78630764748553,35.58280483659979,36.12022018432617,105000,0.0,0.0
2001-06-25 00:00:00-04:00,35.930982929879384,36.02938042247214,35.41627724777951,35.43898391723633,150900,0.0,0.0
2001-06-26 00:00:00-04:00,35.24975433652027,35.983967455695144,35.1967701822932,35.58279800415039,235300,0.0,0.0
2001-06-27 00:00:00-04:00,35.59037399291992,35.878004362980825,35.44656025159961,35.59037399291992,187500,0.0,0.0
2001-06-28 00:00:00-04:00,35.76446693671487,36.16563357837968,35.76446693671487,36.05209732055664,93400,0.0,0.0
2001-06-29 00:00:00-04:00,35.991549386608014,37.4675441266575,35.95370395992387,37.45997619628906,255500,0.0,0.0
2001-07-02 00:00:00-04:00,37.38427130798592,37.490239626071514,37.081505097372805,37.36156463623047,271800,0.0,0.0
2001-07-03 00:00:00-04:00,37.36155951541572,37.84598769593656,37.36155951541572,37.73244857788086,115000,0.0,0.0
2001-07-05 00:00:00-04:00,37.845996380912744,38.1411946906966,37.800580145784316,37.906551361083984,205100,0.0,0.0
2001-07-06 00:00:00-04:00,37.77031598804039,37.77031598804039,36.89985667559631,37.24803924560547,88300,0.0,0.0
2001-07-09 00:00:00-04:00,37.126911060434935,37.20260476360616,36.006670240276556,36.23374557495117,139500,0.0,0.0
2001-07-10 00:00:00-04:00,36.30942796372788,37.65674369872331,36.30942796372788,37.29342269897461,204200,0.0,0.0
2001-07-11 00:00:00-04:00,37.29344534913273,37.656766569544416,36.76360081991637,37.32372283935547,304600,0.0,0.0
2001-07-12 00:00:00-04:00,37.51294516463111,38.02008002894921,37.255592325111834,37.77029800415039,91000,0.0,0.0
2001-07-13 00:00:00-04:00,37.77029275646668,37.77029275646668,37.240448409021894,37.316139221191406,130600,0.0,0.0
2001-07-16 00:00:00-04:00,36.48354625678908,36.634930841241314,34.704782442461784,34.894012451171875,643100,0.0,0.0
2001-07-17 00:00:00-04:00,34.96970241036254,35.15893239863569,34.06139788916731,34.51554870605469,444800,0.0,0.0
2001-07-18 00:00:00-04:00,34.326324462890625,34.62152571943702,34.06897152026982,34.326324462890625,316700,0.0,0.0
2001-07-19 00:00:00-04:00,34.81831944082744,35.76446942563253,34.79561276516671,34.80318069458008,144400,0.0,0.0
2001-07-20 00:00:00-04:00,34.81831150437538,35.16649392643835,34.462558267204116,34.969696044921875,118700,0.0,0.0
2001-07-23 00:00:00-04:00,34.89401433438697,35.3935814688462,34.28847885131836,34.28847885131836,204500,0.0,0.0
2001-07-24 00:00:00-04:00,34.09924714647228,34.09924714647228,32.46429997931104,32.54756164550781,238100,0.0,0.0
2001-07-25 00:00:00-04:00,32.16909024842392,32.547550133699495,31.805769105049745,31.979860305786133,275000,0.0,0.0
2001-07-26 00:00:00-04:00,32.05556260934725,32.320486356380854,31.33649087970657,32.10097885131836,336200,0.0,0.0
2001-07-27 00:00:00-04:00,32.282625245109145,32.73677589445756,32.16908613906234,32.47185516357422,301700,0.0,0.0
2001-07-30 00:00:00-04:00,32.50969156392557,32.6232277511011,32.40372330092764,32.53239822387695,221400,0.0,0.0
2001-07-31 00:00:00-04:00,32.72164851739098,33.48613927042136,32.71408058848888,33.36503219604492,302300,0.0,0.0
2001-08-01 00:00:00-04:00,33.55425677777439,33.64508634707749,33.137948569676986,33.319610595703125,185000,0.0,0.0
2001-08-02 00:00:00-04:00,33.15308932730113,33.41801301104715,33.04712100877077,33.304473876953125,205000,0.0,0.0
2001-08-03 00:00:00-04:00,33.21364848787015,33.46343057196755,33.130386830697525,33.38016891479492,81500,0.0,0.0
2001-08-06 00:00:00-04:00,33.342320901456816,33.342320901456816,31.41217574065939,32.21451187133789,288900,0.0,0.0
2001-08-07 00:00:00-04:00,32.22208579805907,32.54756164550781,32.13125620194478,32.54756164550781,168900,0.0,0.0
2001-08-08 00:00:00-04:00,32.66109104927879,33.304471734639066,32.35832196945046,32.698936462402344,230700,0.0,0.0
2001-08-09 00:00:00-04:00,32.8881762402124,32.8881762402124,32.36589956585843,32.54756164550781,115000,0.0,0.0
2001-08-10 00:00:00-04:00,32.73678232678909,33.55425712114217,32.479429471613486,33.084964752197266,81300,0.0,0.0
2001-08-13 00:00:00-04:00,33.09254340615201,33.3044800827037,32.43402092557386,32.81248092651367,187100,0.0,0.0
2001-08-14 00:00:00-04:00,33.00170697693047,33.47099940086799,32.96386155885043,33.32718276977539,89100,0.0,0.0
2001-08-15 00:00:00-04:00,33.3196063295694,33.3196063295694,32.54754787079508,32.797332763671875,152600,0.0,0.0
2001-08-16 00:00:00-04:00,32.85032264692601,33.08496595249114,32.782199744925144,32.986568450927734,368100,0.0,0.0
2001-08-17 00:00:00-04:00,32.69893296030628,32.69893296030628,32.16908857106366,32.46428680419922,96500,0.0,0.0
2001-08-20 00:00:00-04:00,32.32048688588717,32.32048688588717,31.298643080452358,31.730087280273438,395200,0.0,0.0
2001-08-21 00:00:00-04:00,31.730079101111556,31.77549533211964,31.22294418157848,31.359189987182617,190200,0.0,0.0
2001-08-22 00:00:00-04:00,31.525693870153816,31.525693870153816,30.958004325462586,30.980710983276367,283000,0.0,0.0
2001-08-23 00:00:00-04:00,30.95802201827708,31.116974488653128,30.776359989690178,30.78392791748047,173400,0.0,0.0
2001-08-24 00:00:00-04:00,30.78392904682205,31.752788422462526,30.367623705003606,31.389467239379883,502300,0.0,0.0
2001-08-27 00:00:00-04:00,31.374328809295548,31.374328809295548,30.352485264709685,30.655254364013672,276600,0.0,0.0
2001-08-28 00:00:00-04:00,30.655270015350595,30.973175133251125,29.519889644411684,30.19354820251465,317500,0.0,0.0
2001-08-29 00:00:00-04:00,30.38342393762569,30.63408857595387,29.471920639979096,29.980844497680664,256800,0.14,0.0
2001-08-30 00:00:00-04:00,30.003643889856217,30.702461546574064,30.003643889856217,30.535354614257812,504200,0.0,0.0
2001-08-31 00:00:00-04:00,30.535347921707295,30.558134567122014,29.889698291589767,30.003637313842773,366600,0.0,0.0
2001-09-04 00:00:00-04:00,30.003630769142273,30.34544486375158,29.623837974596167,30.22391128540039,260100,0.0,0.0
2001-09-05 00:00:00-04:00,30.1555568155186,31.469639900762,30.1555568155186,31.3936824798584,291400,0.0,0.0
2001-09-06 00:00:00-04:00,31.39368079264365,32.358352156151746,31.370891249525467,32.084903717041016,700700,0.0,0.0
2001-09-07 00:00:00-04:00,31.82665881712491,31.82665881712491,30.953133641219722,31.143030166625977,418400,0.0,0.0
2001-09-10 00:00:00-04:00,30.953109450203836,31.241752754561265,30.649274087976146,31.16579246520996,279200,0.0,0.0
2001-09-17 00:00:00-04:00,31.902591118445766,32.168444885397314,29.62383460998535,29.62383460998535,321500,0.0,0.0
2001-09-18 00:00:00-04:00,29.62384713775354,30.19353650578726,29.395971970058046,30.07959747314453,403100,0.0,0.0
2001-09-19 00:00:00-04:00,30.041616502197,30.12517140017264,29.806146768909013,30.011232376098633,519900,0.0,0.0
2001-09-20 00:00:00-04:00,30.018823300439113,30.018823300439113,27.952749538407424,28.066688537597656,421000,0.0,0.0
2001-09-21 00:00:00-04:00,27.3450870513916,27.519791426509173,26.39560486210717,27.3450870513916,758000,0.0,0.0
2001-09-24 00:00:00-04:00,27.72487368173756,28.67435565713953,27.57295598615544,28.25658416748047,368500,0.0,0.0
2001-09-25 00:00:00-04:00,28.2565976925633,28.674369382189703,28.0970853397662,28.18063735961914,137200,0.0,0.0
2001-09-26 00:00:00-04:00,28.370523394314755,28.469270341970045,27.80083414625551,28.10466957092285,325900,0.0,0.0
2001-09-27 00:00:00-04:00,28.142641784678545,28.978187561035156,27.648912955438842,28.978187561035156,449500,0.0,0.0
2001-09-28 00:00:00-04:00,28.978188435601155,30.383420473463325,28.902228145864232,29.70738983154297,194900,0.0,0.0
2001-10-01 00:00:00-04:00,29.7377851877913,29.7377851877913,28.864260359966877,29.031370162963867,100800,0.0,0.0
2001-10-02 00:00:00-04:00,29.130108188350675,29.616245432816594,29.016172080695423,29.22885513305664,128300,0.0,0.0
2001-10-03 00:00:00-04:00,28.86425868167153,30.155555044316877,28.788301265229325,30.003637313842773,193600,0.0,0.0
2001-10-04 00:00:00-04:00,30.193545948382205,31.188604732203743,30.147969741553823,30.80121421813965,186700,0.0,0.0
2001-10-05 00:00:00-04:00,30.7632298111184,30.7632298111184,30.41382098275948,30.535354614257812,207000,0.0,0.0
2001-10-08 00:00:00-04:00,30.53534140020476,30.580914681301014,29.494709949730176,29.52509117126465,116200,0.0,0.0
2001-10-09 00:00:00-04:00,29.525092724238277,30.094781948618838,29.50990066387742,29.752967834472656,91100,0.0,0.0
2001-10-10 00:00:00-04:00,29.66182739246357,30.573331008252477,29.570677900161716,30.497373580932617,144100,0.0,0.0
2001-10-11 00:00:00-04:00,30.87716246204435,31.697513580322266,30.725244729744073,31.697513580322266,323100,0.0,0.0
2001-10-12 00:00:00-04:00,31.689918100026308,31.963369430903526,31.310125228827868,31.932985305786133,297300,0.0,0.0
2001-10-15 00:00:00-04:00,31.462034538372954,31.826638180622805,30.76321716883722,31.560781478881836,299200,0.0,0.0
2001-10-16 00:00:00-04:00,31.94057466408484,32.35834617455467,31.636742155374588,32.236812591552734,329500,0.0,0.0
2001-10-17 00:00:00-04:00,32.73815969190051,32.890077491144645,32.24443046634586,32.27481460571289,242500,0.0,0.0
2001-10-18 00:00:00-04:00,32.24441951471522,32.24441951471522,31.872221177861668,32.016544342041016,149900,0.0,0.0
2001-10-19 00:00:00-04:00,32.20645510926039,32.5026932550936,32.00136649347018,32.47230911254883,193200,0.0,0.0
2001-10-22 00:00:00-04:00,32.47987633795262,32.96601351636719,32.396324362726666,32.92803192138672,155700,0.0,0.0
2001-10-23 00:00:00-04:00,32.70016712249942,32.77612743875833,30.83918138920812,30.846778869628906,565700,0.0,0.0
2001-10-24 00:00:00-04:00,30.88475269912964,31.294929649349847,30.231508570465454,31.218969345092773,622000,0.0,0.0
2001-10-25 00:00:00-04:00,31.218976661184108,31.218976661184108,30.383433401674075,30.603713989257812,349300,0.0,0.0
2001-10-26 00:00:00-04:00,30.6492791861786,31.249352532720692,30.641684604774568,31.188587188720703,154200,0.0,0.0
2001-10-29 00:00:00-05:00,31.14300492135482,31.14300492135482,30.763212178411468,30.778404235839844,137500,0.0,0.0
2001-10-30 00:00:00-05:00,30.588519510499278,30.588519510499278,29.81374167219888,30.09478759765625,113600,0.0,0.0
2001-10-31 00:00:00-05:00,30.018837338961898,30.55054808785944,30.003645272125915,30.322669982910156,87800,0.0,0.0
2001-11-01 00:00:00-05:00,30.687282759331406,30.7252614887244,30.003654039892268,30.6113224029541,224800,0.0,0.0
2001-11-02 00:00:00-05:00,30.64928794733278,31.14301990981713,30.596117169537862,30.755632400512695,104000,0.0,0.0
2001-11-05 00:00:00-05:00,31.143005167872964,32.19882853799886,31.143005167872964,31.978548049926758,136900,0.0,0.0
2001-11-06 00:00:00-05:00,31.986147361143043,31.986147361143043,31.279732581373413,31.370882034301758,232500,0.0,0.0
2001-11-07 00:00:00-05:00,31.370882809067012,31.788654284360884,31.370882809067012,31.492416381835938,226800,0.0,0.0
2001-11-08 00:00:00-05:00,31.644344561978777,32.449506559469164,31.644344561978777,32.039329528808594,171000,0.0,0.0
2001-11-09 00:00:00-05:00,31.978540587373264,31.978540587373264,31.332894228963173,31.424043655395508,136400,0.0,0.0
2001-11-12 00:00:00-05:00,31.674736041012505,32.5482581820917,31.408879208656654,31.910205841064453,83000,0.0,0.0
2001-11-13 00:00:00-05:00,32.09251497188919,32.74575952723928,31.743106036847912,32.72297286987305,89900,0.0,0.0
2001-11-14 00:00:00-05:00,32.72295290521746,35.092859445908395,32.72295290521746,34.1281852722168,245000,0.0,0.0
2001-11-15 00:00:00-05:00,34.13577497890462,34.13577497890462,33.64964067050944,33.89270782470703,85000,0.0,0.0
2001-11-16 00:00:00-05:00,33.51291232467518,34.10539100052242,33.34580548066748,33.80155563354492,221700,0.0,0.0
2001-11-19 00:00:00-05:00,33.786364752337505,33.991453197552964,33.3458066422216,33.976261138916016,70700,0.0,0.0
2001-11-20 00:00:00-05:00,33.87750877171113,33.87750877171113,33.30781970336898,33.40656661987305,92000,0.0,0.0
2001-11-21 00:00:00-05:00,33.14072586644388,33.30783275494444,32.08490217634254,32.43431091308594,187000,0.0,0.0
2001-11-23 00:00:00-05:00,32.62420271123374,33.26984932430421,32.62420271123374,33.24706268310547,32000,0.0,0.0
2001-11-26 00:00:00-05:00,33.24707735821309,33.34582434297605,32.35076570597194,32.358360290527344,125500,0.0,0.0
2001-11-27 00:00:00-05:00,32.548231252597525,33.991444583910564,32.51025256442364,33.21666717529297,187100,0.0,0.0
2001-11-28 00:00:00-05:00,33.26239500082298,33.567203280402545,32.67563535634129,33.33859634399414,74500,0.14,0.0
2001-11-29 00:00:00-05:00,33.45292621308518,33.45292621308518,32.46991245586448,32.47753143310547,120700,0.0,0.0
2001-11-30 00:00:00-05:00,32.50039816054735,33.14811886058134,32.33275157173493,32.38609313964844,190900,0.0,0.0
2001-12-03 00:00:00-05:00,32.38608639102965,32.652794175020574,32.08127500341417,32.46990966796875,120600,0.0,0.0
2001-12-04 00:00:00-05:00,32.469899199280555,32.72136604212507,32.16508790993992,32.226051330566406,108900,0.0,0.0
2001-12-05 00:00:00-05:00,32.41655267279833,34.97695780730645,32.41655267279833,34.52736282348633,159500,0.0,0.0
2001-12-06 00:00:00-05:00,34.53498860496428,34.61881185850822,34.047292846413406,34.115875244140625,102600,0.0,0.0
2001-12-07 00:00:00-05:00,34.11587500875449,34.67215316119449,34.11587500875449,34.21493911743164,60700,0.0,0.0
2001-12-10 00:00:00-05:00,34.13871283799272,34.481624603271484,33.902486993940556,34.481624603271484,82400,0.0,0.0
2001-12-11 00:00:00-05:00,34.481644015842015,34.71025101909828,34.27589684084265,34.2911376953125,106700,0.0,0.0
2001-12-12 00:00:00-05:00,34.291161557594236,34.405466592211994,33.986350069878725,34.36736297607422,53400,0.0,0.0
2001-12-13 00:00:00-05:00,34.36733483146962,34.67214606956461,33.833919525146484,33.833919525146484,136000,0.0,0.0
2001-12-14 00:00:00-05:00,33.910126426003195,34.28352010837989,33.52911376953125,33.52911376953125,86100,0.0,0.0
2001-12-17 00:00:00-05:00,33.56721438827239,34.100632687670995,33.31574754707765,33.85678482055664,106700,0.0,0.0
2001-12-18 00:00:00-05:00,34.047298412930196,34.67215906909626,34.047298412930196,34.60357666015625,164300,0.0,0.0
2001-12-19 00:00:00-05:00,34.6035710026915,35.411318919601406,34.115875244140625,34.115875244140625,99400,0.0,0.0
2001-12-20 00:00:00-05:00,33.92538127403161,34.214951826318085,33.33100221498308,34.19208908081055,108700,0.0,0.0
2001-12-21 00:00:00-05:00,34.1387323969728,34.268278207806816,33.33860642417183,34.10063171386719,187500,0.0,0.0
2001-12-24 00:00:00-05:00,33.9101230613776,35.13698415858916,33.9101230613776,34.78645324707031,36500,0.0,0.0
2001-12-26 00:00:00-05:00,34.839795745828035,34.97696052489788,34.51974362569983,34.626426696777344,72200,0.0,0.0
2001-12-27 00:00:00-05:00,34.55783795337592,35.32748495074757,34.55783795337592,35.175079345703125,104800,0.0,0.0
2001-12-28 00:00:00-05:00,35.182712048048856,35.274157190899444,35.07602895495277,35.14461135864258,53800,0.0,0.0
2001-12-31 00:00:00-05:00,35.15985260847032,35.51038360595703,34.52737301795266,35.51038360595703,165400,0.0,0.0
2002-01-02 00:00:00-05:00,35.5179923845308,36.119992945226805,35.053156582142634,35.487510681152344,337800,0.0,0.0
2002-01-03 00:00:00-05:00,35.487527437995986,35.83805847167969,35.46466760311558,35.83805847167969,202100,0.0,0.0
2002-01-04 00:00:00-05:00,35.89138553284269,36.69151431335651,35.89138553284269,36.66865158081055,352000,0.0,0.0
2002-01-07 00:00:00-05:00,36.61531969034789,37.59071417375553,36.34861196455061,36.41719436645508,232600,0.0,0.0
2002-01-08 00:00:00-05:00,36.42481574146827,36.42481574146827,35.43418324293747,35.82281494140625,178600,0.0,0.0
2002-01-09 00:00:00-05:00,36.005691747843,36.691515610560124,35.8913868017583,35.9066276550293,134600,0.0,0.0
2002-01-10 00:00:00-05:00,35.929483340164474,35.929483340164474,34.48163453929255,34.77882385253906,285100,0.0,0.0
2002-01-11 00:00:00-05:00,34.78644211719667,34.78644211719667,33.23952940365155,33.841529846191406,259600,0.0,0.0
2002-01-14 00:00:00-05:00,33.71962360692097,34.397825740917234,33.33861091079757,34.275901794433594,282600,0.0,0.0
2002-01-15 00:00:00-05:00,34.35209315163134,34.67214230063526,34.02442212371109,34.15396499633789,178000,0.0,0.0
2002-01-16 00:00:00-05:00,34.29114072568884,34.527369630503934,34.108253362784254,34.115875244140625,174400,0.0,0.0
2002-01-17 00:00:00-05:00,34.146352149510555,34.17683094995794,33.414805707756905,33.79581832885742,157700,0.0,0.0
2002-01-18 00:00:00-05:00,33.91013594865249,33.91013594865249,33.460540771484375,33.460540771484375,78100,0.0,0.0
2002-01-22 00:00:00-05:00,33.27764534932058,33.94822846541026,32.76708976457793,33.09476089477539,207600,0.0,0.0
2002-01-23 00:00:00-05:00,31.243047755230343,32.0812747029778,30.793452561501155,31.867908477783203,825000,0.0,0.0
2002-01-24 00:00:00-05:00,31.928856295076518,32.88138777277098,31.81455135499503,32.713741302490234,231700,0.0,0.0
2002-01-25 00:00:00-05:00,32.61468442846186,33.14810275532912,32.30987603232058,32.668025970458984,145600,0.0,0.0
2002-01-28 00:00:00-05:00,32.614694040105405,32.62231592372034,32.08127555603819,32.18796157836914,219500,0.0,0.0
2002-01-29 00:00:00-05:00,32.18794719522696,32.18794719522696,30.85440303439984,31.707870483398438,282800,0.0,0.0
2002-01-30 00:00:00-05:00,31.54783184193971,31.563069781785387,30.397172621673963,31.014413833618164,774100,0.0,0.0
2002-01-31 00:00:00-05:00,31.357344265440567,31.524987865484935,31.014432277106152,31.067773818969727,389100,0.0,0.0
2002-02-01 00:00:00-05:00,31.075376488822606,31.547834050148527,30.86201043331702,31.410669326782227,441900,0.0,0.0
2002-02-04 00:00:00-05:00,31.58594104041209,31.70024306150677,31.243029163337905,31.281129837036133,424400,0.0,0.0
2002-02-05 00:00:00-05:00,31.281126548934637,31.3344680678842,30.67150711315766,31.31922721862793,176200,0.0,0.0
2002-02-06 00:00:00-05:00,31.319253855002312,31.395458166093846,30.442926079178967,30.702014923095703,218700,0.0,0.0
2002-02-07 00:00:00-05:00,30.702000276552067,30.702000276552067,29.87139257673198,29.924734115600586,205400,0.0,0.0
2002-02-08 00:00:00-05:00,29.98568543511059,30.077130536759693,29.734218672812954,29.894243240356445,414700,0.0,0.0
2002-02-11 00:00:00-05:00,29.985689402825315,30.930601896632417,29.962829577835702,30.61817169189453,176400,0.0,0.0
2002-02-12 00:00:00-05:00,30.618179470364232,30.96109146680108,30.40481329786845,30.846786499023438,162700,0.0,0.0
2002-02-13 00:00:00-05:00,30.90774236979976,31.23541342999011,30.90774236979976,31.0830078125,88500,0.0,0.0
2002-02-14 00:00:00-05:00,31.014423951131437,31.50973855073727,30.90011901674035,31.212549209594727,140800,0.0,0.0
2002-02-15 00:00:00-05:00,31.395445862823713,31.837419066364873,31.09825643327264,31.15159797668457,207400,0.0,0.0
2002-02-19 00:00:00-05:00,31.151599601841333,31.159218576913617,30.64104106511096,30.77820587158203,62400,0.0,0.0
2002-02-20 00:00:00-05:00,30.785818581035233,30.785818581035233,29.93234828241535,30.74771499633789,192700,0.0,0.0
2002-02-21 00:00:00-05:00,30.671523925867433,31.563092294365006,30.59532254471078,31.15921974182129,207500,0.0,0.0
2002-02-22 00:00:00-05:00,31.204941302844574,31.28114268153043,30.86964826007578,31.2430419921875,122900,0.0,0.0
2002-02-25 00:00:00-05:00,31.243037038366534,31.334479259669955,31.06777156966173,31.258277893066406,208800,0.0,0.0
2002-02-26 00:00:00-05:00,31.319239868346997,31.776456810018946,31.227797642770984,31.700252532958984,146500,0.0,0.0
2002-02-27 00:00:00-05:00,31.883757664852933,32.54131283392728,31.814943683979763,32.38074493408203,206300,0.14,0.0
2002-02-28 00:00:00-05:00,32.49544029464265,32.648360597018694,31.914346645668275,31.9219913482666,113900,0.0,0.0
2002-03-01 00:00:00-05:00,31.883749568532046,32.877726771298875,31.76905865729659,32.4419059753418,168000,0.0,0.0
2002-03-04 00:00:00-05:00,32.68659881065632,33.565888600318225,32.68659881065632,33.260047912597656,283900,0.0,0.0
2002-03-05 00:00:00-05:00,32.915971697170846,33.18358297793418,32.87774234755106,33.114768981933594,238800,0.0,0.0
2002-03-06 00:00:00-05:00,33.16828391058223,33.26003491435632,32.91596500431372,33.221805572509766,240300,0.0,0.0
2002-03-07 00:00:00-05:00,33.260048022673,33.61941039442704,33.183589308846294,33.344154357910156,207900,0.0,0.0
2002-03-08 00:00:00-05:00,33.412958266774254,33.48177225510198,32.61777504981211,32.70952606201172,142000,0.0,0.0
2002-03-11 00:00:00-05:00,32.709533742267524,33.15300241933166,32.49544702462981,32.70188903808594,160900,0.0,0.0
2002-03-12 00:00:00-05:00,32.83949339986691,32.87772272667207,32.33485870259107,32.35779571533203,159700,0.0,0.0
2002-03-13 00:00:00-05:00,32.38074545871191,33.08417759866923,32.273702134888616,32.724815368652344,170800,0.0,0.0
2002-03-14 00:00:00-05:00,32.91595898532176,33.1682778454514,32.625410790336154,32.74774932861328,172000,0.0,0.0
2002-03-15 00:00:00-05:00,32.83950364160614,32.83950364160614,32.41897508217674,32.50307846069336,273300,0.0,0.0
2002-03-18 00:00:00-05:00,32.50308409556601,32.61777504834442,31.921990462711882,32.11314010620117,105700,0.0,0.0
2002-03-19 00:00:00-05:00,32.227821350097656,32.55659887118942,32.18958909954789,32.227821350097656,356400,0.0,0.0
2002-03-20 00:00:00-05:00,32.2507655754529,32.26605789574857,31.921987980875798,31.975509643554688,100000,0.0,0.0
2002-03-21 00:00:00-05:00,31.921976135112292,32.11312569280758,31.84551747871849,31.914331436157227,126900,0.0,0.0
2002-03-22 00:00:00-05:00,31.90669486087936,32.1284291245412,31.76906689837972,31.960216522216797,180300,0.0,0.0
2002-03-25 00:00:00-05:00,31.539686004077,31.730835616222922,30.81331689458018,31.157386779785156,145700,0.0,0.0
2002-03-26 00:00:00-05:00,31.23384139804733,32.14371530028795,31.23384139804733,31.692602157592773,170900,0.0,0.0
2002-03-27 00:00:00-05:00,31.80729018521716,31.80729018521716,31.16502745471223,31.486160278320312,215900,0.0,0.0
2002-03-28 00:00:00-05:00,31.616168812316463,32.57191760249186,31.616168812316463,32.2813720703125,145600,0.0,0.0
2002-04-01 00:00:00-05:00,32.11313408159106,32.11313408159106,31.723190165381965,31.944921493530273,138900,0.0,0.0
2002-04-02 00:00:00-05:00,31.944923203400243,32.082551161596314,31.63908556485141,31.76142120361328,138800,0.0,0.0
2002-04-03 00:00:00-05:00,31.78437056050888,31.83024753661717,31.57792854309082,31.57792854309082,121700,0.0,0.0
2002-04-04 00:00:00-05:00,31.585550736010607,31.715531021940173,31.50144447254537,31.646717071533203,119400,0.0,0.0
2002-04-05 00:00:00-05:00,31.715548446893795,31.89905338770265,31.46323243458271,31.524398803710938,130700,0.0,0.0
2002-04-08 00:00:00-04:00,31.532042883881708,32.143721090074344,31.40205962441541,31.998445510864258,135700,0.0,0.0
2002-04-09 00:00:00-04:00,31.998450460176105,32.61013167769136,31.921991766342803,32.5718994140625,190600,0.0,0.0
2002-04-10 00:00:00-04:00,32.763047559292566,33.22945315368754,32.763047559292566,33.12240982055664,186300,0.0,0.0
2002-04-11 00:00:00-04:00,33.06889627146166,33.221816606348554,32.87774658203125,32.87774658203125,160100,0.0,0.0
2002-04-12 00:00:00-04:00,32.954196591081924,33.18357849121094,32.732465226582306,33.18357849121094,89500,0.0,0.0
2002-04-15 00:00:00-04:00,33.18357764191501,33.33649501580457,33.05359437405453,33.17593002319336,138900,0.0,0.0
2002-04-16 00:00:00-04:00,32.49542958287893,32.49542958287893,31.019754547307766,31.310302734375,643900,0.0,0.0
2002-04-17 00:00:00-04:00,31.119156166723954,31.34089040774652,30.53041503541135,30.58393669128418,619300,0.0,0.0
2002-04-18 00:00:00-04:00,30.775101878892105,30.966251580003235,30.392802476669843,30.851560592651367,259600,0.0,0.0
2002-04-19 00:00:00-04:00,30.851549081964922,31.065638650697576,30.3622064963678,30.453960418701172,212700,0.0,0.0
2002-04-22 00:00:00-04:00,30.453974380331477,30.453974380331477,29.444701188946077,29.63585090637207,449900,0.0,0.0
2002-04-23 00:00:00-04:00,29.635831561975863,29.781107119089384,28.787129820622372,28.947694778442383,492200,0.0,0.0
2002-04-24 00:00:00-04:00,29.001212097085972,29.551723775012924,28.66478991430332,28.901813507080078,399000,0.0,0.0
2002-04-25 00:00:00-04:00,28.901820732279166,28.909468350112697,28.40483349142904,28.840654373168945,458500,0.0,0.0
2002-04-26 00:00:00-04:00,29.24590068723535,30.66805475595532,29.24590068723535,30.163419723510742,371100,0.0,0.0
2002-04-29 00:00:00-04:00,30.163406863082333,30.316327123381466,29.819337006587133,30.010486602783203,164100,0.0,0.0
2002-04-30 00:00:00-04:00,30.010487749592926,30.5839365600947,29.727587153091264,29.788753509521484,136000,0.0,0.0
2002-05-01 00:00:00-04:00,29.97225584228481,30.41572136769157,29.742876921094332,30.26280403137207,134100,0.0,0.0
2002-05-02 00:00:00-04:00,30.530412192239893,30.58393384312847,29.9110864819005,30.278093338012695,414200,0.0,0.0
2002-05-03 00:00:00-04:00,30.01048690316428,30.140467229857155,29.79640028662948,29.979902267456055,407700,0.0,0.0
2002-05-06 00:00:00-04:00,30.010492021912,30.201641652624815,29.444687831648835,29.544086456298828,207300,0.0,0.0
2002-05-07 00:00:00-04:00,29.73524561013986,29.972272278151138,29.56703294789232,29.842288970947266,126200,0.0,0.0
2002-05-08 00:00:00-04:00,30.14811260783051,30.431013175340134,29.643477822973068,30.21692657470703,477700,0.0,0.0
2002-05-09 00:00:00-04:00,30.21690891995987,30.94327749777183,30.04869645105135,30.713895797729492,277500,0.0,0.0
2002-05-10 00:00:00-04:00,30.905069768343104,30.905069768343104,30.553355160648646,30.660398483276367,231900,0.0,0.0
2002-05-13 00:00:00-04:00,30.736872522012472,30.85156059265137,30.583952177780972,30.851560592651367,153400,0.0,0.0
2002-05-14 00:00:00-04:00,30.928016469441857,31.99080814322963,30.736866803891182,31.440296173095703,133400,0.0,0.0
2002-05-15 00:00:00-04:00,31.447943171790183,31.730843854536708,30.97388991055697,31.50146484375,185200,0.0,0.0
2002-05-16 00:00:00-04:00,31.50146897302407,31.776724988734163,31.4632396190005,31.470884323120117,155500,0.0,0.0
2002-05-17 00:00:00-04:00,31.424998086475913,31.63144003741451,31.0732834663784,31.34089469909668,157700,0.0,0.0
2002-05-20 00:00:00-04:00,31.425010625085925,31.79966533369436,31.272093193046288,31.33325958251953,219300,0.0,0.0
2002-05-21 00:00:00-04:00,31.333245539114433,31.53204277840691,30.989175637809566,31.103866577148438,169900,0.0,0.0
2002-05-22 00:00:00-04:00,31.295022289869188,31.302666992847687,30.614529973002636,30.775094985961914,150600,0.0,0.0
2002-05-23 00:00:00-04:00,30.782732657224404,31.119157845674806,30.698629276823453,30.912715911865234,199600,0.0,0.0
2002-05-24 00:00:00-04:00,30.912701317477335,31.692591726988464,30.912701317477335,31.050329208374023,127500,0.0,0.0
2002-05-28 00:00:00-04:00,31.126787851445393,31.26441574234208,30.622153223727636,31.050329208374023,93600,0.0,0.0
2002-05-29 00:00:00-04:00,31.1884451083792,31.380255956704282,30.70508095109563,30.74344253540039,97200,0.14,0.0
2002-05-30 00:00:00-04:00,30.743454993885884,30.858542720239623,30.55931814388285,30.582334518432617,310900,0.0,0.0
2002-05-31 00:00:00-04:00,30.774144128833726,30.996645495977283,30.636040033834433,30.689746856689453,203100,0.0,0.0
2002-06-03 00:00:00-04:00,30.766451319205114,30.766451319205114,30.22938341767928,30.306106567382812,154300,0.0,0.0
2002-06-04 00:00:00-04:00,30.482574279326833,30.482574279326833,29.853435042113098,30.11429786682129,148800,0.0,0.0
2002-06-05 00:00:00-04:00,30.114313723409847,30.49026440545689,30.07595212568316,30.344486236572266,118300,0.0,0.0
2002-06-06 00:00:00-04:00,30.49792825403557,30.528618695591515,30.1143065149911,30.19870376586914,128000,0.0,0.0
2002-06-07 00:00:00-04:00,30.198703136669874,30.536289206346723,30.060599079347174,30.091289520263672,145700,0.0,0.0
2002-06-10 00:00:00-04:00,30.229409885883157,30.321478331500607,29.692338587309,30.175703048706055,140800,0.0,0.0
2002-06-11 00:00:00-04:00,30.183356069021926,30.47490938628281,29.92249319079931,29.930164337158203,154100,0.0,0.0
2002-06-12 00:00:00-04:00,29.930182315720998,30.191045350639698,29.769061804189686,30.175703048706055,139000,0.0,0.0
2002-06-13 00:00:00-04:00,30.17568819757489,30.17568819757489,29.61559786814557,29.623271942138672,183400,0.0,0.0
2002-06-14 00:00:00-04:00,29.577243279269585,29.922503520637413,29.155259840621067,29.88414192199707,249400,0.0,0.0
2002-06-17 00:00:00-04:00,30.306111820852866,31.081026303669546,30.22938865784961,30.88921546936035,282000,0.0,0.0
2002-06-18 00:00:00-04:00,31.08101658803963,31.932656894445977,31.08101658803963,31.441621780395508,191800,0.0,0.0
2002-06-19 00:00:00-04:00,31.441647271567987,31.90966640871677,31.357249994140826,31.47233772277832,178300,0.0,0.0
2002-06-20 00:00:00-04:00,31.472342413228578,31.79458341855441,31.111736874770944,31.21915054321289,98600,0.0,0.0
2002-06-21 00:00:00-04:00,30.38284472587413,30.689743329893865,29.684653182191123,30.49793243408203,579200,0.0,0.0
2002-06-24 00:00:00-04:00,30.45957619397217,30.467247343360075,29.884143405396383,30.152677536010742,152900,0.0,0.0
2002-06-25 00:00:00-04:00,30.191030852586923,30.306118549444736,29.85344476289995,29.922496795654297,161800,0.0,0.0
2002-06-26 00:00:00-04:00,29.922496795654297,30.037584492512114,29.822754320164304,29.922496795654297,258100,0.0,0.0
2002-06-27 00:00:00-04:00,30.037579152128867,30.152663901724047,29.462146623749394,29.61559295654297,166700,0.0,0.0
2002-06-28 00:00:00-04:00,29.692324328740376,30.38284172948214,29.68465025465561,29.922496795654297,183800,0.0,0.0
2002-07-01 00:00:00-04:00,29.922495861403732,29.999219039045656,29.193613966598956,29.231975555419922,160100,0.0,0.0
2002-07-02 00:00:00-04:00,29.00181087015266,29.301035440691,28.349654904969224,28.955778121948242,363700,0.0,0.0
2002-07-03 00:00:00-04:00,28.95577703975068,28.95577703975068,28.364999069853763,28.457067489624023,158800,0.0,0.0
2002-07-05 00:00:00-04:00,28.388006734681582,29.67697592326529,28.388006734681582,29.58490753173828,121800,0.0,0.0
2002-07-08 00:00:00-04:00,29.584911916293212,29.615599433482583,29.231977663998084,29.32404899597168,106100,0.0,0.0
2002-07-09 00:00:00-04:00,29.23197680452078,29.29335769069846,28.31128692626953,28.31128692626953,160700,0.0,0.0
2002-07-10 00:00:00-04:00,28.464735069616065,28.464735069616065,27.82792443307653,27.896976470947266,209300,0.0,0.0
2002-07-11 00:00:00-04:00,27.705167975058636,27.881633658917345,27.244820040520885,27.467321395874023,284800,0.0,0.0
2002-07-12 00:00:00-04:00,27.474998770465486,27.81258495488972,27.344565815636273,27.528705596923828,310100,0.0,0.0
2002-07-15 00:00:00-04:00,27.467326217780165,27.513361897356187,26.508271510966594,27.428964614868164,309000,0.0,0.0
2002-07-16 00:00:00-04:00,27.19878398441706,27.19878398441706,26.400850003140647,26.46990203857422,252300,0.0,0.0
2002-07-17 00:00:00-04:00,26.661718153782793,27.505685039728338,26.393184033746227,26.776805877685547,312100,0.0,0.0
2002-07-18 00:00:00-04:00,26.85352788769336,27.367579730964113,26.43154446339006,26.477577209472656,186800,0.0,0.0
2002-07-19 00:00:00-04:00,26.354816395577682,26.354816395577682,25.319038709981097,25.618263244628906,294600,0.0,0.0
2002-07-22 00:00:00-04:00,25.42645160775373,26.01722951173256,25.012139374812424,25.09653663635254,344800,0.0,0.0
2002-07-23 00:00:00-04:00,25.203951266459907,25.36507464796215,24.804987167241052,24.93541717529297,286200,0.0,0.0
2002-07-24 00:00:00-04:00,25.127220749540204,25.856102547482532,24.93540990412387,25.717998504638672,337900,0.0,0.0
2002-07-25 00:00:00-04:00,26.58499307117674,26.738439456433145,25.395763097824265,25.7103328704834,415900,0.0,0.0
2002-07-26 00:00:00-04:00,26.584992765906726,27.006976174120677,26.086283239143416,26.96861457824707,410700,0.0,0.0
2002-07-29 00:00:00-04:00,28.388007433238748,28.971111162993708,28.004385711167952,28.886716842651367,391900,0.0,0.0
2002-07-30 00:00:00-04:00,28.894392057037777,28.894392057037777,27.850940357820388,28.449392318725586,229800,0.0,0.0
2002-07-31 00:00:00-04:00,28.449398344349554,29.42379528637784,28.31129424156708,29.4084529876709,331500,0.0,0.0
2002-08-01 00:00:00-04:00,29.308703850277748,29.385427033653656,28.388011015757673,29.0401668548584,218400,0.0,0.0
2002-08-02 00:00:00-04:00,29.040159179519858,29.040159179519858,27.49800135756377,27.62843132019043,129000,0.0,0.0
2002-08-05 00:00:00-04:00,27.636105032006405,28.03507191387247,27.23713815014034,27.252483367919922,88700,0.0,0.0
2002-08-06 00:00:00-04:00,27.54403266655083,28.00437742612302,27.390583437759897,27.567049026489258,146200,0.0,0.0
2002-08-07 00:00:00-04:00,28.00437741732849,28.19618822155677,27.152736978266844,27.927654266357422,135600,0.0,0.0
2002-08-08 00:00:00-04:00,27.74352760588082,28.541461627778755,27.712837160391985,28.3649959564209,150200,0.0,0.0
2002-08-09 00:00:00-04:00,28.42637695028296,28.618187864828464,28.15784284064017,28.288272857666016,121500,0.0,0.0
2002-08-12 00:00:00-04:00,28.272927241316083,28.272927241316083,27.521028817938152,27.820253372192383,136100,0.0,0.0
2002-08-13 00:00:00-04:00,27.820243994365192,28.150158885743924,27.37524435072955,27.382915496826172,155200,0.0,0.0
2002-08-14 00:00:00-04:00,27.382922835495776,27.620769403452016,27.02232033628721,27.57473373413086,159200,0.0,0.0
2002-08-15 00:00:00-04:00,27.62075667104983,28.08110144484705,27.61308552643351,28.042739868164062,162200,0.0,0.0
2002-08-16 00:00:00-04:00,28.081119537353512,28.19620726835354,27.697497669756867,28.081119537353516,105900,0.0,0.0
2002-08-19 00:00:00-04:00,28.119467921675604,29.04015753388144,28.119467921675604,28.848346710205078,116200,0.0,0.0
2002-08-20 00:00:00-04:00,28.848359759622106,29.208965207828104,28.464737938739887,28.794652938842773,150200,0.0,0.0
2002-08-21 00:00:00-04:00,28.004391200722182,28.411029369251906,27.114388748127478,27.57473373413086,349700,0.0,0.0
2002-08-22 00:00:00-04:00,27.72817575490448,28.518435513122995,27.72817575490448,28.480073928833008,177000,0.0,0.0
2002-08-23 00:00:00-04:00,28.457058766950173,28.771628454311927,28.081108200687883,28.12714385986328,142500,0.0,0.0
2002-08-26 00:00:00-04:00,28.234552659800883,28.92507279575616,28.004380256749425,28.848346710205078,161700,0.0,0.0
2002-08-27 00:00:00-04:00,28.771633370005194,29.23197833320452,28.748616999885797,28.902063369750977,252100,0.0,0.0
2002-08-28 00:00:00-04:00,29.040718282162853,29.040718282162853,28.540015077546965,28.80962562561035,267500,0.15,0.0
2002-08-29 00:00:00-04:00,29.079223030408617,29.079223030408617,28.462975183027414,28.640146255493164,322100,0.0,0.0
2002-08-30 00:00:00-04:00,28.624749828217066,28.925170576540115,28.208781281999354,28.22418785095215,164700,0.0,0.0
2002-09-03 00:00:00-04:00,28.031618588353613,28.23190110655126,27.492400266633688,27.869853973388672,313500,0.0,0.0
2002-09-04 00:00:00-04:00,27.923766356671944,28.809624947525982,27.754297041221,28.578529357910156,309300,0.0,0.0
2002-09-05 00:00:00-04:00,28.501496783831346,29.34883740470653,28.34743405135344,28.632448196411133,389900,0.0,0.0
2002-09-06 00:00:00-04:00,28.771098897062373,29.048411175149994,28.6170391323485,28.994489669799805,101800,0.0,0.0
2002-09-09 00:00:00-04:00,29.148563739038714,29.60304727456731,28.73259515970689,29.579938888549805,129700,0.0,0.0
2002-09-10 00:00:00-04:00,29.57992169646188,30.04210677920303,29.07921874140806,29.818716049194336,248400,0.0,0.0
2002-09-11 00:00:00-04:00,29.872644952345762,30.0421142293447,29.695473862074977,29.7493953704834,128900,0.0,0.0
2002-09-12 00:00:00-04:00,29.656959961772547,29.656959961772547,29.14085323785379,29.21017837524414,118000,0.0,0.0
2002-09-13 00:00:00-04:00,29.117746980938517,29.656965116206393,29.086933844408367,29.618450164794922,97800,0.0,0.0
2002-09-16 00:00:00-04:00,29.603050946164917,29.811035261626643,29.395066630703194,29.5183162689209,71500,0.0,0.0
2002-09-17 00:00:00-04:00,29.526021943113932,29.656973402200528,29.102348543708462,29.194787979125977,80000,0.0,0.0
2002-09-18 00:00:00-04:00,28.6940824841533,28.894362035396657,28.439878463745114,28.439878463745117,286300,0.0,0.0
2002-09-19 00:00:00-04:00,28.19338134700576,28.19338134700576,26.583431243896484,26.583431243896484,469800,0.0,0.0
2002-09-20 00:00:00-04:00,26.5295086907065,27.114946672183226,26.5295086907065,26.891555786132812,352900,0.0,0.0
2002-09-23 00:00:00-04:00,26.95318398242478,27.114948591982245,26.383152532575114,26.56032371520996,174900,0.0,0.0
2002-09-24 00:00:00-04:00,26.521812728717812,26.61424924253961,25.95948595033753,26.267608642578125,205700,0.0,0.0
2002-09-25 00:00:00-04:00,26.26761271436091,26.837644338048364,25.558927767699796,26.737503051757812,233600,0.0,0.0
2002-09-26 00:00:00-04:00,25.998004030140876,27.638767773935374,25.920974082490268,27.11495590209961,447500,0.0,0.0
2002-09-27 00:00:00-04:00,26.922363798862875,26.922363798862875,25.65134976799924,26.175161361694336,250300,0.0,0.0
2002-09-30 00:00:00-04:00,26.152057338496757,26.152057338496757,25.01969930174955,25.089027404785156,366200,0.0,0.0
2002-10-01 00:00:00-04:00,24.542104990720066,25.38174396348334,24.226277648956053,24.6191349029541,917100,0.0,0.0
2002-10-02 00:00:00-04:00,24.619136158131823,24.91955694506507,23.933559913386112,23.94126319885254,688700,0.0,0.0
2002-10-03 00:00:00-04:00,24.033703305644128,24.24168615484127,22.986079896496335,23.378938674926758,400100,0.0,0.0
2002-10-04 00:00:00-04:00,23.571510932847954,23.648542307217806,22.73187203764421,23.31730842590332,313300,0.0,0.0
2002-10-07 00:00:00-04:00,23.186356281781126,23.36352742009849,22.66254468218952,22.80120086669922,304900,0.0,0.0
2002-10-08 00:00:00-04:00,22.808906940685812,23.49448319321252,22.570109496270778,23.247983932495117,190500,0.0,0.0
2002-10-09 00:00:00-04:00,23.109321695141528,23.109321695141528,21.95385561038445,22.123323440551758,221200,0.0,0.0
2002-10-10 00:00:00-04:00,21.93075204392668,23.101625031276342,21.90764365593063,22.962968826293945,257100,0.0,0.0
2002-10-11 00:00:00-04:00,23.109322183935042,23.45596260439452,23.063103950957487,23.2864933013916,236200,0.0,0.0
2002-10-14 00:00:00-04:00,23.378936692424872,23.579217707734372,23.032296191071612,23.34812355041504,143000,0.0,0.0
2002-10-15 00:00:00-04:00,23.41744777490497,24.488180774507974,23.30190144999491,24.37263298034668,249900,0.0,0.0
2002-10-16 00:00:00-04:00,24.341825147365917,24.472778061360586,23.648545619438867,24.072216033935547,422500,0.0,0.0
2002-10-17 00:00:00-04:00,24.341824270714362,25.027401957761306,24.18005822078143,24.719276428222656,410900,0.0,0.0
2002-10-18 00:00:00-04:00,22.31591224847218,23.648551580668194,21.87683515241269,23.009193420410156,1138900,0.0,0.0
2002-10-21 00:00:00-04:00,23.00918198707723,23.00918198707723,22.261979643998284,22.716463088989258,597900,0.0,0.0
2002-10-22 00:00:00-04:00,22.7164606683103,22.7164606683103,22.03088466672723,22.14643096923828,354700,0.0,0.0
2002-10-23 00:00:00-04:00,22.146437683400816,22.570108077469666,21.91534500831806,22.16184425354004,303600,0.0,0.0
2002-10-24 00:00:00-04:00,22.261980342579225,22.277386910172808,21.645732331347382,21.76898193359375,324200,0.0,0.0
2002-10-25 00:00:00-04:00,21.76898023605579,22.570102588185925,21.6919488733459,22.400634765625,271700,0.0,0.0
2002-10-28 00:00:00-05:00,22.531587724902106,22.647134034769344,21.029481288874884,21.145029067993164,444900,0.0,0.0
2002-10-29 00:00:00-05:00,21.43004294905642,21.54558925756497,21.19124704890529,21.345308303833008,303500,0.0,0.0
2002-10-30 00:00:00-05:00,21.453158702059273,21.491673659077208,21.18354959517943,21.245174407958984,189700,0.0,0.0
2002-10-31 00:00:00-05:00,21.36071328282599,21.607212447794268,21.12191740041934,21.44544792175293,263300,0.0,0.0
2002-11-01 00:00:00-05:00,21.491678111970568,21.684255875463585,21.183553984232084,21.453163146972656,309400,0.0,0.0
2002-11-04 00:00:00-05:00,21.953859049632083,22.801201271713765,21.938452480134828,22.31590461730957,299200,0.0,0.0
2002-11-05 00:00:00-05:00,22.41604843077826,22.855125427246094,22.339017043673913,22.855125427246094,316600,0.0,0.0
2002-11-06 00:00:00-05:00,22.855121001839507,23.49447889328003,22.70876154160578,23.109323501586914,302300,0.0,0.0
2002-11-07 00:00:00-05:00,22.91674091293132,22.91674091293132,22.169540141507248,22.231164932250977,210700,0.0,0.0
2002-11-08 00:00:00-05:00,22.423743652824765,22.493071729363116,22.030885042191084,22.254274368286133,191300,0.0,0.0
2002-11-11 00:00:00-05:00,22.339008863880252,22.63942954740661,22.18494614608414,22.21575927734375,122800,0.0,0.0
2002-11-12 00:00:00-05:00,22.408339054595658,22.53158865276299,22.030886976551812,22.123323440551758,162000,0.0,0.0
2002-11-13 00:00:00-05:00,22.123331626611602,22.123331626611602,21.507083407751196,21.83061408996582,168600,0.0,0.0
2002-11-14 00:00:00-05:00,22.339017493093117,22.577813475594372,21.95386201907427,22.53159523010254,125300,0.0,0.0
2002-11-15 00:00:00-05:00,22.508487998700936,22.59322268303121,22.115629193058354,22.446863174438477,161300,0.0,0.0
2002-11-18 00:00:00-05:00,22.462263186706164,22.75498211838995,22.03088954287094,22.49307632446289,208300,0.0,0.0
2002-11-19 00:00:00-05:00,22.76268320844235,22.801199629411265,22.107920213734317,22.416044235229492,220200,0.0,0.0
2002-11-20 00:00:00-05:00,22.339018008770783,23.340421676635742,22.16955012522102,23.340421676635742,301300,0.0,0.0
2002-11-21 00:00:00-05:00,23.53299296781023,24.103024219215342,23.386634982281638,24.01828956604004,293500,0.0,0.0
2002-11-22 00:00:00-05:00,24.04140453799153,24.303310383910347,23.340421676635742,23.340421676635742,170800,0.0,0.0
2002-11-25 00:00:00-05:00,23.479076096416,23.956669505301424,23.34041989805406,23.70246696472168,199100,0.0,0.0
2002-11-26 00:00:00-05:00,23.68698501586914,23.965654420361258,23.222534039783675,23.68698501586914,125700,0.15,0.0
2002-11-27 00:00:00-05:00,23.880506557166097,24.499773551983623,23.84180144720939,24.39914321899414,139600,0.0,0.0
2002-11-29 00:00:00-05:00,24.693294672420222,24.708776716402905,24.3914021970028,24.39914321899414,39800,0.0,0.0
2002-12-02 00:00:00-05:00,24.399137385602945,24.61588004374535,24.019836257405107,24.329469680786133,138900,0.0,0.0
2002-12-03 00:00:00-05:00,24.383658753141027,24.383658753141027,23.903725772489338,23.965652465820312,156800,0.0,0.0
2002-12-04 00:00:00-05:00,23.942427345175986,24.22883770589497,23.609570863976668,23.725683212280273,174500,0.0,0.0
2002-12-05 00:00:00-05:00,24.19013264259649,24.19013264259649,23.36960375676521,23.625051498413086,123000,0.0,0.0
2002-12-06 00:00:00-05:00,23.532172301491318,23.919214613938376,23.377356262382044,23.7643985748291,176400,0.0,0.0
2002-12-09 00:00:00-05:00,23.570874550555065,23.76439568323138,23.222535921158066,23.516687393188477,147200,0.0,0.0
2002-12-10 00:00:00-05:00,23.28445401739974,23.686978178920192,23.245750395750996,23.625051498413086,148000,0.0,0.0
2002-12-11 00:00:00-05:00,23.43153599734209,24.10498862310439,23.214791825911725,24.089508056640625,149400,0.0,0.0
2002-12-12 00:00:00-05:00,24.058539751028025,24.213357200102234,23.671497604791124,24.174652099609375,181900,0.0,0.0
2002-12-13 00:00:00-05:00,24.112722738253655,24.267540170139895,23.84179297067696,23.857275009155273,149600,0.0,0.0
2002-12-16 00:00:00-05:00,23.9966223089679,24.724262237548828,23.988881285887878,24.724262237548828,193200,0.0,0.0
2002-12-17 00:00:00-05:00,24.615885928955787,24.910038858830845,24.33721651951239,24.39914321899414,187800,0.0,0.0
2002-12-18 00:00:00-05:00,24.30625056222895,24.32173260502096,23.21479164502316,23.416053771972656,326800,0.0,0.0
2002-12-19 00:00:00-05:00,23.416055963624657,23.803098210957298,23.268979496232536,23.45475959777832,232000,0.0,0.0
2002-12-20 00:00:00-05:00,23.6095781865107,23.710208525864793,23.4702427347519,23.516687393188477,211900,0.0,0.0
2002-12-23 00:00:00-05:00,23.601837514031804,23.648282173157128,23.30768603763929,23.36187171936035,204900,0.0,0.0
2002-12-24 00:00:00-05:00,23.53215764757104,23.53215764757104,23.338636611856728,23.392822265625,72300,0.0,0.0
2002-12-26 00:00:00-05:00,23.58635683701686,23.717951275879606,23.338650005380916,23.547653198242188,148500,0.0,0.0
2002-12-27 00:00:00-05:00,23.53217319178787,23.53217319178787,23.176094959560647,23.183835983276367,165700,0.0,0.0
2002-12-30 00:00:00-05:00,22.835488786355675,23.18382734147281,22.796785158653222,23.10641860961914,232900,0.0,0.0
2002-12-31 00:00:00-05:00,23.114163847512756,23.841802220924453,23.01353203480859,23.733430862426758,158700,0.0,0.0
2003-01-02 00:00:00-05:00,23.81083170410513,24.57717493433254,23.764387062516704,24.52298927307129,126300,0.0,0.0
2003-01-03 00:00:00-05:00,24.60039799335102,24.77843554003189,24.383653871857483,24.52298927307129,258300,0.0,0.0
2003-01-06 00:00:00-05:00,24.445584543908495,24.453325564845162,23.91920693180534,24.128210067749023,179100,0.0,0.0
2003-01-07 00:00:00-05:00,24.205614715497326,24.2985039981629,23.865017234010324,23.90372085571289,133000,0.0,0.0
2003-01-08 00:00:00-05:00,23.911468743833595,24.228843257594722,23.65602092845393,23.68698501586914,207400,0.0,0.0
2003-01-09 00:00:00-05:00,23.880505708866124,24.30625156812341,23.880505708866124,24.0275821685791,113000,0.0,0.0
2003-01-10 00:00:00-05:00,24.027580037019103,24.236581699023926,23.880503590353726,24.166913986206055,124800,0.0,0.0
2003-01-13 00:00:00-05:00,24.36042833813186,24.530727800736734,23.76438464835996,23.880496978759766,120700,0.0,0.0
2003-01-14 00:00:00-05:00,23.880496978759766,23.957905691175764,23.64827084151177,23.880496978759766,138700,0.0,0.0
2003-01-15 00:00:00-05:00,24.035322140596524,24.035322140596524,23.60957627378007,23.68698501586914,112800,0.0,0.0
2003-01-16 00:00:00-05:00,23.74116081173112,24.190129557255855,23.74116081173112,23.94242286682129,82400,0.0,0.0
2003-01-17 00:00:00-05:00,23.95017614859447,23.98113876252832,23.33864865157314,23.36187171936035,79500,0.0,0.0
2003-01-21 00:00:00-05:00,23.532171094454803,23.532171094454803,22.881939924780138,22.959348678588867,111800,0.0,0.0
2003-01-22 00:00:00-05:00,23.10641653627819,23.10641653627819,22.556815918236737,22.587779998779297,143300,0.0,0.0
2003-01-23 00:00:00-05:00,22.78130813244061,22.820011768663917,22.564563930822494,22.703899383544922,168900,0.0,0.0
2003-01-24 00:00:00-05:00,22.758085708222268,22.758085708222268,22.44845218033506,22.50263786315918,137100,0.0,0.0
2003-01-27 00:00:00-05:00,22.525855388214563,22.525855388214563,21.983995740416937,22.10784912109375,185100,0.0,0.0
2003-01-28 00:00:00-05:00,22.16977896959721,22.216225101304005,21.790477752685547,21.790477752685547,211500,0.0,0.0
2003-01-29 00:00:00-05:00,21.790473629400726,21.8214377113461,21.27957808889155,21.6666202545166,222500,0.0,0.0
2003-01-30 00:00:00-05:00,21.674365281840384,22.293632270741952,21.32602667780265,21.805959701538086,254400,0.0,0.0
2003-01-31 00:00:00-05:00,21.99947938032927,22.688414044949777,21.852402926422474,22.6032657623291,200200,0.0,0.0
2003-02-03 00:00:00-05:00,22.611002567205503,22.750337982816347,22.37103683834721,22.494890213012695,149700,0.0,0.0
2003-02-04 00:00:00-05:00,22.50262769953858,22.603259473430903,22.216217369272485,22.340070724487305,187800,0.0,0.0
2003-02-05 00:00:00-05:00,22.409739306367417,22.409739306367417,22.05365978872602,22.262662887573242,207000,0.0,0.0
2003-02-06 00:00:00-05:00,22.262665968423317,22.262665968423317,21.751770418172573,21.86014175415039,152700,0.0,0.0
2003-02-07 00:00:00-05:00,21.860144176420235,21.906588828921617,21.565992741979635,21.67436408996582,156400,0.0,0.0
2003-02-10 00:00:00-05:00,21.643399615978275,21.790476068786244,21.3260251227524,21.56599235534668,150400,0.0,0.0
2003-02-11 00:00:00-05:00,21.57372671099271,21.983990380795493,21.519539578264574,21.85239601135254,166300,0.0,0.0
2003-02-12 00:00:00-05:00,21.852405790042503,21.852405790042503,21.109285354614258,21.109285354614258,144600,0.0,0.0
2003-02-13 00:00:00-05:00,21.031870796119765,21.287318559779166,20.94672104941708,21.03961181640625,120700,0.0,0.0
2003-02-14 00:00:00-05:00,21.047358241130734,21.867887408357166,21.047358241130734,21.713069915771484,180800,0.0,0.0
2003-02-18 00:00:00-05:00,21.867885586056264,22.16203702571791,21.7285501496301,21.78273582458496,103800,0.0,0.0
2003-02-19 00:00:00-05:00,21.790474659532464,21.983995751493588,21.674362299645544,21.829179763793945,156100,0.0,0.0
2003-02-20 00:00:00-05:00,21.829176241122468,22.448443044884705,21.829176241122468,22.33233070373535,216900,0.0,0.0
2003-02-21 00:00:00-05:00,22.293625605719885,22.394257384111576,21.94528858227182,22.33233070373535,97800,0.0,0.0
2003-02-24 00:00:00-05:00,22.316853576373735,22.316853576373735,21.728549245092065,21.774993896484375,79200,0.0,0.0
2003-02-25 00:00:00-05:00,21.720807422126114,21.898847952715162,21.395691921481443,21.8369197845459,119300,0.0,0.0
2003-02-26 00:00:00-05:00,21.90696069463559,21.90696069463559,21.32329388313904,21.696840286254883,98100,0.15,0.0
2003-02-27 00:00:00-05:00,21.696837891521923,21.953651200861636,21.385549256616407,21.93030548095703,75700,0.0,0.0
2003-02-28 00:00:00-05:00,21.930304960298685,21.992562685801694,21.36220302954105,21.46337127685547,96700,0.0,0.0
2003-03-03 00:00:00-05:00,21.46338378654121,21.70463242793171,21.40112602475198,21.54120635986328,159300,0.0,0.0
2003-03-04 00:00:00-05:00,21.548984142312836,21.634587618693043,20.903059445703892,20.957534790039062,150700,0.0,0.0
2003-03-05 00:00:00-05:00,20.76297914064671,20.957534790039062,20.661809371731273,20.957534790039062,127200,0.0,0.0
2003-03-06 00:00:00-05:00,20.957529293433428,20.988657417314382,20.467248354321008,20.98087501525879,219500,0.0,0.0
2003-03-07 00:00:00-05:00,20.934184494635343,21.3388605420142,20.73962887389646,21.167652130126953,212800,0.0,0.0
2003-03-10 00:00:00-05:00,21.089828039534865,21.089828039534865,20.552854150028477,20.622894287109375,242500,0.0,0.0
2003-03-11 00:00:00-05:00,20.622891568286256,20.93418020075062,20.31160293582189,20.350513458251953,326900,0.0,0.0
2003-03-12 00:00:00-05:00,20.327165650264362,20.545066928433172,20.3193832497096,20.389423370361328,330700,0.0,0.0
2003-03-13 00:00:00-05:00,20.583988408890438,20.81745459566585,20.436125698950374,20.60733413696289,230800,0.0,0.0
2003-03-14 00:00:00-05:00,20.700709623192104,21.011998188373894,20.428331572030174,20.903047561645508,246900,0.0,0.0
2003-03-17 00:00:00-05:00,20.856368225178382,21.401124720901787,20.591772382608962,21.245479583740234,385700,0.0,0.0
2003-03-18 00:00:00-05:00,21.284374769746368,21.471147895957852,20.973086226060563,21.401107788085938,216300,0.0,0.0
2003-03-19 00:00:00-05:00,21.24546974044895,21.440025329589844,21.222124019730508,21.440025329589844,180600,0.0,0.0
2003-03-20 00:00:00-05:00,21.44002827459922,21.619020569294708,21.012006513432585,21.393335342407227,233600,0.0,0.0
2003-03-21 00:00:00-05:00,21.5956733284281,22.685184478759766,21.51785078533122,22.685184478759766,374100,0.0,0.0
2003-03-24 00:00:00-05:00,22.685183109964324,22.685183109964324,21.401116421540205,21.696840286254883,228100,0.0,0.0
2003-03-25 00:00:00-05:00,21.401121196467294,21.790232490948515,21.284388104991283,21.587894439697266,239800,0.0,0.0
2003-03-26 00:00:00-05:00,21.587885424781714,21.587885424781714,21.027565929076406,21.136516571044922,297900,0.0,0.0
2003-03-27 00:00:00-05:00,21.035354389231905,21.152087465587055,20.786321946174898,21.00422477722168,164000,0.0,0.0
2003-03-28 00:00:00-05:00,21.00422309388263,21.969218723738106,20.918618152056734,21.85248565673828,249500,0.0,0.0
2003-03-31 00:00:00-05:00,21.790225366948725,21.790225366948725,21.416679002614373,21.486719131469727,174000,0.0,0.0
2003-04-01 00:00:00-05:00,21.64235898013807,22.023687680259474,21.47893303051792,21.891389846801758,189000,0.0,0.0
2003-04-02 00:00:00-05:00,22.04703591812335,23.00424891353419,21.922520478932075,22.412799835205078,205400,0.0,0.0
2003-04-03 00:00:00-05:00,22.42059048828846,22.957564445163893,22.257164470823838,22.373897552490234,119400,0.0,0.0
2003-04-04 00:00:00-05:00,22.451722543949657,22.87974438473267,22.451722543949657,22.73966407775879,167900,0.0,0.0
2003-04-07 00:00:00-04:00,23.05095417658729,23.432283074310423,23.027606964111328,23.027606964111328,97000,0.0,0.0
2003-04-08 00:00:00-04:00,23.03538496487829,23.276633510312763,22.99647295152335,23.12877082824707,139800,0.0,0.0
2003-04-09 00:00:00-04:00,23.32332666033939,23.362238674058602,22.56845140628522,22.685184478759766,217400,0.0,0.0
2003-04-10 00:00:00-04:00,22.646274455761056,22.685184986008775,22.25716321591754,22.39724349975586,187200,0.0,0.0
2003-04-11 00:00:00-04:00,22.467281953671787,22.724095293300042,22.25716154370099,22.42058753967285,179800,0.0,0.0
2003-04-14 00:00:00-04:00,22.42058738058281,22.646272593618516,22.3583296467008,22.521757125854492,157400,0.0,0.0
2003-04-15 00:00:00-04:00,22.52953445246883,22.708525211512224,22.49840485037026,22.537315368652344,267500,0.0,0.0
2003-04-16 00:00:00-04:00,22.537317173388427,22.537317173388427,21.385548521650666,22.070384979248047,546400,0.0,0.0
2003-04-17 00:00:00-04:00,22.070388629818304,22.233814627930794,21.7902280795209,22.163774490356445,188800,0.0,0.0
2003-04-21 00:00:00-04:00,22.241596374341984,22.241596374341984,21.564542225873716,21.73575210571289,214000,0.0,0.0
2003-04-22 00:00:00-04:00,21.73575693961352,22.389464026845637,21.51785408242222,22.2805118560791,226600,0.0,0.0
2003-04-23 00:00:00-04:00,22.288290746825922,22.288290746825922,21.75131831893687,22.02369499206543,142500,0.0,0.0
2003-04-24 00:00:00-04:00,22.015915883322588,22.015915883322588,21.735755300114736,21.77466583251953,106000,0.0,0.0
2003-04-25 00:00:00-04:00,21.580107902814053,21.580107902814053,21.292166431273905,21.36998748779297,177400,0.0,0.0
2003-04-28 00:00:00-04:00,21.401120818474674,22.023698284911774,21.401120818474674,21.720191955566406,258900,0.0,0.0
2003-04-29 00:00:00-04:00,21.86805090412075,22.646273345659985,21.86805090412075,22.319419860839844,285100,0.0,0.0
2003-04-30 00:00:00-04:00,22.334986437945805,23.14433706950201,22.210470956167928,23.012039184570312,351600,0.0,0.0
2003-05-01 00:00:00-04:00,22.926429368502646,23.307759620401324,22.17933663639221,22.996469497680664,326500,0.0,0.0
2003-05-02 00:00:00-04:00,22.879738634226605,23.191027302407225,22.685183031071038,23.152116775512695,220700,0.0,0.0
2003-05-05 00:00:00-04:00,23.346673225944407,23.502318307853972,22.965344408041627,23.136552810668945,189200,0.0,0.0
2003-05-06 00:00:00-04:00,23.136552586424425,23.346672999663355,22.84082871487228,23.11320686340332,206100,0.0,0.0
2003-05-07 00:00:00-04:00,23.035384538424612,23.81360697901773,22.988691607604647,23.54901123046875,223000,0.0,0.0
2003-05-08 00:00:00-04:00,23.50231723392175,23.805823497001107,23.268849621725643,23.533445358276367,251500,0.0,0.0
2003-05-09 00:00:00-04:00,23.611269866472234,23.868083222284767,23.424496651730532,23.657962799072266,143200,0.0,0.0
2003-05-12 00:00:00-04:00,23.73578118842495,24.61517177278757,23.696870665459137,24.482873916625977,230100,0.0,0.0
2003-05-13 00:00:00-04:00,24.48288192061802,25.27666931709413,24.397278445239312,25.01985740661621,493400,0.0,0.0
2003-05-14 00:00:00-04:00,25.097679951535383,25.175501027477495,24.786391194741306,24.957599639892578,221900,0.0,0.0
2003-05-15 00:00:00-04:00,24.84864897654372,25.20663067621003,24.8408665720716,25.082115173339844,336000,0.0,0.0
2003-05-16 00:00:00-04:00,25.0821090005486,25.0821090005486,24.731909791539614,25.027633666992188,217300,0.0,0.0
2003-05-19 00:00:00-04:00,24.949821255971774,25.004296608405536,24.801958524835836,24.910907745361328,207000,0.0,0.0
2003-05-20 00:00:00-04:00,24.910905057048254,25.595741802046547,24.910905057048254,25.175500869750977,411300,0.0,0.0
2003-05-21 00:00:00-04:00,25.097679510712624,25.24554073987906,24.669657663181397,24.90312385559082,192700,0.0,0.0
2003-05-22 00:00:00-04:00,24.903117645998204,25.331139386802207,24.747472566974125,25.191059112548828,182000,0.0,0.0
2003-05-23 00:00:00-04:00,25.385617146204776,25.805858009142938,25.222191133512126,25.377836227416992,109900,0.0,0.0
2003-05-27 00:00:00-04:00,25.38561756812715,25.899244308471683,25.175497133165756,25.89924430847168,127600,0.0,0.0
2003-05-28 00:00:00-04:00,25.891463759689714,26.420655314116885,25.891463759689714,26.311704635620117,280000,0.0,0.0
2003-05-29 00:00:00-04:00,26.3194829057068,26.677464518647845,25.829201933132648,26.09379768371582,242500,0.0,0.0
2003-05-30 00:00:00-04:00,26.093803204025207,26.797985026337134,26.085980288091328,26.766687393188477,204000,0.18,0.0
2003-06-02 00:00:00-04:00,26.758861411259844,27.478688982962638,26.758861411259844,27.392621994018555,280500,0.0,0.0
2003-06-03 00:00:00-04:00,27.267422040785146,27.69775678949788,27.267422040785146,27.38478660583496,253500,0.0,0.0
2003-06-04 00:00:00-04:00,27.384793184149224,27.697763442993164,27.157889895722644,27.697763442993164,181600,0.0,0.0
2003-06-05 00:00:00-04:00,27.893361020417483,28.94963011449697,27.541270327489414,28.754024505615234,391200,0.0,0.0
2003-06-06 00:00:00-04:00,28.941832229104605,29.176558565787097,28.253299054756297,28.37848663330078,166400,0.0,0.0
2003-06-09 00:00:00-04:00,28.40194928808543,28.40194928808543,27.07965572605919,27.470867156982422,404100,0.0,0.0
2003-06-10 00:00:00-04:00,27.666477878759178,27.979445289306152,27.635180242292414,27.909027099609375,140100,0.0,0.0
2003-06-11 00:00:00-04:00,27.776003275832085,28.558425903320312,27.619518153393347,28.558425903320312,150200,0.0,0.0
2003-06-12 00:00:00-04:00,28.6366789980538,29.18437566423983,28.21417287015643,29.160903930664062,199400,0.0,0.0
2003-06-13 00:00:00-04:00,29.02788598586759,29.18437114981558,28.472366489323168,28.527135848999023,184100,0.0,0.0
2003-06-16 00:00:00-04:00,28.55843732718312,29.34086026765389,28.51149087626048,29.3173885345459,148100,0.0,0.0
2003-06-17 00:00:00-04:00,29.512978809778375,29.771176692833585,29.106118735695688,29.575571060180664,270800,0.0,0.0
2003-06-18 00:00:00-04:00,29.575582313173186,29.575582313173186,28.79315948486328,28.79315948486328,171600,0.0,0.0
2003-06-19 00:00:00-04:00,28.793158991624423,28.910523607742896,28.16722133664032,28.28458595275879,413500,0.0,0.0
2003-06-20 00:00:00-04:00,27.384792048728436,27.463033117842617,26.860570319311403,27.306550979614258,727900,0.0,0.0
2003-06-23 00:00:00-04:00,27.228306564838253,27.588220253520976,26.81362353156057,27.478681564331055,345200,0.0,0.0
2003-06-24 00:00:00-04:00,27.42392349243164,27.572585761473597,27.032712021827177,27.42392349243164,211000,0.0,0.0
2003-06-25 00:00:00-04:00,27.43174776835848,27.57258412821017,26.81363296508789,26.81363296508789,195200,0.0,0.0
2003-06-26 00:00:00-04:00,26.758853848080403,26.758853848080403,26.312873199337844,26.406763076782227,450500,0.0,0.0
2003-06-27 00:00:00-04:00,26.56324773347481,27.400439672491935,26.391113807233978,26.8762149810791,338100,0.0,0.0
2003-06-30 00:00:00-04:00,26.852751164637095,27.15789558939562,26.297231674194336,26.297231674194336,226300,0.0,0.0
2003-07-01 00:00:00-04:00,26.305058094090384,26.915350009629325,25.89819781196663,26.90752410888672,204200,0.0,0.0
2003-07-02 00:00:00-04:00,26.907517134752332,27.12659454345703,26.751031992232186,27.12659454345703,159900,0.0,0.0
2003-07-03 00:00:00-04:00,27.07182998040617,27.337853874339462,26.9701171567746,27.181371688842773,96200,0.0,0.0
2003-07-07 00:00:00-04:00,27.376970071764404,28.12809510588246,27.376970071764404,27.924663543701172,234200,0.0,0.0
2003-07-08 00:00:00-04:00,27.932487195111495,28.245454441802814,27.932487195111495,28.135915756225586,213000,0.0,0.0
2003-07-09 00:00:00-04:00,28.292401862345976,28.315873585875526,28.08114739646373,28.151565551757812,225000,0.0,0.0
2003-07-10 00:00:00-04:00,28.1046217889278,28.1046217889278,27.353496717597846,27.408266067504883,190300,0.0,0.0
2003-07-11 00:00:00-04:00,27.384792048728436,27.658638775333536,27.306550979614258,27.306550979614258,128400,0.0,0.0
2003-07-14 00:00:00-04:00,27.502159713897598,27.713411221080648,27.197012346920943,27.376972198486328,219100,0.0,0.0
2003-07-15 00:00:00-04:00,27.42390832732658,27.54127289748933,26.602365290302362,26.83709144592285,192400,0.0,0.0
2003-07-16 00:00:00-04:00,26.891867890487514,27.37697212298593,26.711911024124213,26.99358367919922,163300,0.0,0.0
2003-07-17 00:00:00-04:00,26.9153447418384,27.228312062037524,26.375471115112305,26.375471115112305,140500,0.0,0.0
2003-07-18 00:00:00-04:00,26.445886857501193,26.907516373283535,26.445886857501193,26.884044647216797,151800,0.0,0.0
2003-07-21 00:00:00-04:00,26.837097146626157,26.837097146626157,26.398942358983604,26.52412986755371,100100,0.0,0.0
2003-07-22 00:00:00-04:00,26.56325178270387,27.009232491670694,26.50065653281796,26.99358367919922,132800,0.0,0.0
2003-07-23 00:00:00-04:00,26.993579564371547,27.181362300698396,26.766676295182332,26.8762149810791,169600,0.0,0.0
2003-07-24 00:00:00-04:00,26.954453615978107,27.03269466598311,26.50064716877581,26.704078674316406,196500,0.0,0.0
2003-07-25 00:00:00-04:00,26.71191802753161,26.868403208568324,26.26593720163625,26.766687393188477,200700,0.0,0.0
2003-07-28 00:00:00-04:00,26.680609906362932,26.766676871335942,26.375465564880734,26.751028060913086,418600,0.0,0.0
2003-07-29 00:00:00-04:00,26.75102617307184,27.0483475807131,26.704082729821508,26.790149688720703,297000,0.0,0.0
2003-07-30 00:00:00-04:00,29.027882458849078,30.514486858666466,28.949641378734853,30.045034408569336,1810500,0.0,0.0
2003-07-31 00:00:00-04:00,29.966781616210938,30.115443803719767,29.591219168571023,29.966781616210938,364700,0.0,0.0
2003-08-01 00:00:00-04:00,29.771175451988082,29.966781076488274,29.575569827487893,29.802473068237305,348300,0.0,0.0
2003-08-04 00:00:00-04:00,29.880715369566406,30.099795707737137,29.364316618750898,29.575571060180664,512000,0.0,0.0
2003-08-05 00:00:00-04:00,29.65381776277972,30.029380252981063,29.176539498761755,29.184362411499023,387700,0.0,0.0
2003-08-06 00:00:00-04:00,29.3017410854961,29.61470848547101,29.3017410854961,29.466049194335938,338900,0.0,0.0
2003-08-07 00:00:00-04:00,29.426914207047957,29.53645289254029,29.051351720486256,29.106121063232422,276200,0.0,0.0
2003-08-08 00:00:00-04:00,29.223479040221132,29.919837569015915,29.153060896172445,29.771175384521484,125600,0.0,0.0
2003-08-11 00:00:00-04:00,29.65382564982412,29.904200709884073,29.340855332396103,29.591230392456055,158000,0.0,0.0
2003-08-12 00:00:00-04:00,29.57557435824626,29.794654720847337,29.52080501377235,29.732059478759766,175300,0.0,0.0
2003-08-13 00:00:00-04:00,29.716411740980995,29.716411740980995,29.01223315030797,29.137420654296875,144100,0.0,0.0
2003-08-14 00:00:00-04:00,29.16871269519162,29.64599094438291,29.035702289852544,29.520803451538086,107600,0.0,0.0
2003-08-15 00:00:00-04:00,29.48169970602292,29.810315942584477,29.48169970602292,29.75554656982422,47000,0.0,0.0
2003-08-18 00:00:00-04:00,30.08415455161413,30.08415455161413,29.716414913577275,29.865074157714844,217500,0.0,0.0
2003-08-19 00:00:00-04:00,30.021572949905153,30.201529901375245,29.74772606390875,29.982452392578125,202600,0.0,0.0
2003-08-20 00:00:00-04:00,30.005914531798904,30.037212161531983,29.466043850081416,29.95114517211914,111300,0.0,0.0
2003-08-21 00:00:00-04:00,30.045037454317765,30.201519630409244,29.935495752465062,30.115455627441406,153300,0.0,0.0
2003-08-22 00:00:00-04:00,30.131106832592245,30.27976910498876,29.552115514468447,29.559938430786133,131500,0.0,0.0
2003-08-25 00:00:00-04:00,29.419094739970173,29.802483207697925,29.419094739970173,29.677295684814453,113700,0.0,0.0
2003-08-26 00:00:00-04:00,29.70858313686985,29.81812180878893,29.25477665639943,29.771175384521484,114500,0.0,0.0
2003-08-27 00:00:00-04:00,29.87339317282515,29.944146066084947,29.59038159978596,29.896976470947266,174600,0.18,0.0
2003-08-28 00:00:00-04:00,29.87338822504624,29.96772440080373,29.653269481981123,29.841941833496094,71900,0.0,0.0
2003-08-29 00:00:00-04:00,29.818361074554854,30.211432005673274,29.818361074554854,30.054203033447266,72300,0.0,0.0
2003-09-02 00:00:00-04:00,30.08564907452336,30.313630931630346,29.912696907215555,30.2507381439209,131400,0.0,0.0
2003-09-03 00:00:00-04:00,30.541587581692824,31.123333449419132,30.494421024100824,30.99755096435547,255500,0.0,0.0
2003-09-04 00:00:00-04:00,31.23341553561749,31.422090900308348,30.887514199059627,30.895374298095703,356700,0.0,0.0
2003-09-05 00:00:00-04:00,30.83246388788214,30.84032398166126,30.187828237911887,30.227134704589844,142900,0.0,0.0
2003-09-08 00:00:00-04:00,30.26645408532558,30.81675385029181,30.258593988192725,30.65952491760254,249700,0.0,0.0
2003-09-09 00:00:00-04:00,30.659528292338276,30.659528292338276,30.478716049455723,30.518022537231445,168000,0.0,0.0
2003-09-10 00:00:00-04:00,30.34507135157022,30.376517742341946,29.57465277102014,29.621822357177734,146800,0.0,0.0
2003-09-11 00:00:00-04:00,29.63753992162208,30.172116467603853,29.63753992162208,29.92841148376465,126000,0.0,0.0
2003-09-12 00:00:00-04:00,29.834081930462744,30.022754283213487,29.676852970575144,29.936281204223633,127600,0.0,0.0
2003-09-15 00:00:00-04:00,29.93627853106743,30.140674061444756,29.904832142119314,29.991308212280273,167000,0.0,0.0
2003-09-16 00:00:00-04:00,29.99131089035035,30.030617380599004,29.731882656701856,29.936281204223633,178900,0.0,0.0
2003-09-17 00:00:00-04:00,29.480309830408597,29.668985132835775,29.11082232088864,29.59823226928711,358900,0.0,0.0
2003-09-18 00:00:00-04:00,29.79477595099717,29.936281717432603,29.692576675484244,29.75546646118164,332600,0.0,0.0
2003-09-19 00:00:00-04:00,29.71616385944983,29.755470355516685,29.33095599954385,29.480321884155273,209200,0.0,0.0
2003-09-22 00:00:00-04:00,29.40168702281595,29.40168702281595,28.812081023686414,29.228734970092773,154300,0.0,0.0
2003-09-23 00:00:00-04:00,29.228756710655286,29.480321884155273,29.173727016383005,29.480321884155273,204700,0.0,0.0
2003-09-24 00:00:00-04:00,29.676855150123828,29.95200360096505,29.61396236199258,29.708301544189453,249400,0.0,0.0
2003-09-25 00:00:00-04:00,29.755466198861527,29.86552857092448,29.04794037181485,29.071523666381836,190100,0.0,0.0
2003-09-26 00:00:00-04:00,29.087248037994428,29.65327112162282,28.45833516668128,28.544811248779297,170800,0.0,0.0
2003-09-29 00:00:00-04:00,28.65487505038329,29.197311923344483,28.63128875232857,29.040082931518555,119100,0.0,0.0
2003-09-30 00:00:00-04:00,28.96932399882538,29.291642015405262,28.647005982245503,28.654869079589844,142800,0.0,0.0
2003-10-01 00:00:00-04:00,28.851398600944965,30.046334245873982,28.65486319221767,30.00702476501465,231300,0.0,0.0
2003-10-02 00:00:00-04:00,30.007027211307896,30.187842441103054,29.747602010062508,29.881244659423828,101600,0.0,0.0
2003-10-03 00:00:00-04:00,30.077788753968203,30.077788753968203,29.558935203027506,29.896976470947266,129000,0.0,0.0
2003-10-06 00:00:00-04:00,29.951995233476723,30.345066052807873,29.91268875132208,30.069917678833008,145100,0.0,0.0
2003-10-07 00:00:00-04:00,29.9912993376064,30.227141187144284,29.881237008856353,30.14852523803711,278600,0.0,0.0
2003-10-08 00:00:00-04:00,30.109232849230324,30.250738624933472,30.03847996137875,30.117095947265625,114500,0.0,0.0
2003-10-09 00:00:00-04:00,30.219272950964577,30.38436491655326,30.06990717141333,30.32147216796875,178600,0.0,0.0
2003-10-10 00:00:00-04:00,30.305755343456163,30.56518348749673,30.28217205723136,30.502290725708008,178500,0.0,0.0
2003-10-13 00:00:00-04:00,31.760127598069875,32.09816878727239,31.33561033736539,31.595035552978516,278500,0.0,0.0
2003-10-14 00:00:00-04:00,31.52427248041432,31.78370061101431,31.367046581872035,31.705087661743164,183300,0.0,0.0
2003-10-15 00:00:00-04:00,31.705085674779774,31.736529053182597,31.508550315027033,31.67363929748535,99900,0.0,0.0
2003-10-16 00:00:00-04:00,31.595046407944928,31.86233481219443,31.46926380588009,31.720829010009766,111300,0.0,0.0
2003-10-17 00:00:00-04:00,31.681517726193817,31.791577111523146,31.288446779221456,31.39850616455078,114500,0.0,0.0
2003-10-20 00:00:00-04:00,31.367050170898438,31.524276087430557,31.131205298316,31.367050170898438,61700,0.0,0.0
2003-10-21 00:00:00-04:00,31.367037088068674,31.469233291411264,31.084025758124216,31.414203643798828,79600,0.0,0.0
2003-10-22 00:00:00-04:00,31.335598071510624,31.52427033648671,31.044726580319068,31.099756240844727,99100,0.0,0.0
2003-10-23 00:00:00-04:00,30.863924847021554,31.720819503949315,30.848204650506524,31.44567108154297,99700,0.0,0.0
2003-10-24 00:00:00-04:00,31.351329059621303,31.587170948959674,31.076177689649597,31.38277244567871,95800,0.0,0.0
2003-10-27 00:00:00-05:00,31.44565640485944,31.823003921850777,31.406349934131665,31.618608474731445,77300,0.0,0.0
2003-10-28 00:00:00-05:00,32.742798959241306,33.0572538010554,32.40475783009429,33.04153060913086,331800,0.0,0.0
2003-10-29 00:00:00-05:00,33.04152064562021,33.11227348849934,32.797818741507555,32.931461334228516,106000,0.0,0.0
2003-10-30 00:00:00-05:00,33.17518106308509,33.33241000629162,32.19250391666013,33.05725860595703,256200,0.0,0.0
2003-10-31 00:00:00-05:00,32.939333343571214,33.01008620560235,31.52427610294854,32.208221435546875,263200,0.0,0.0
2003-11-03 00:00:00-05:00,32.286837542915585,33.66258543967592,32.286837542915585,33.442466735839844,207900,0.0,0.0
2003-11-04 00:00:00-05:00,33.33241487478005,33.8669915604262,33.135879416789344,33.68617630004883,201100,0.0,0.0
2003-11-05 00:00:00-05:00,33.45033559924991,33.86699282499518,33.41102910596271,33.804100036621094,122900,0.0,0.0
2003-11-06 00:00:00-05:00,33.76477783735022,33.84339078735711,33.253784665630015,33.39529037475586,190000,0.0,0.0
2003-11-07 00:00:00-05:00,33.45032485224073,33.47391113974975,33.17517648873755,33.41101837158203,163300,0.0,0.0
2003-11-10 00:00:00-05:00,33.411021354053425,33.50535751583379,33.32454528954955,33.43460464477539,183800,0.0,0.0
2003-11-11 00:00:00-05:00,33.450337331669495,33.489643826992406,33.01795988533074,33.09657287597656,166200,0.0,0.0
2003-11-12 00:00:00-05:00,33.096557768083755,33.37170910752998,33.04152809997291,33.15945053100586,185900,0.0,0.0
2003-11-13 00:00:00-05:00,33.12801107702284,33.38743927998819,33.07298139740461,33.245933532714844,200100,0.0,0.0
2003-11-14 00:00:00-05:00,33.230208361539965,33.45032706691611,33.01794975325906,33.21448516845703,92000,0.0,0.0
2003-11-17 00:00:00-05:00,33.17518068955608,33.17518068955608,32.54626792270375,32.67205047607422,190900,0.0,0.0
2003-11-18 00:00:00-05:00,32.78210386963871,33.13586817376813,32.57770538330078,32.57770538330078,104100,0.0,0.0
2003-11-19 00:00:00-05:00,32.58557734542151,32.68777661640063,32.38117880346327,32.389041900634766,147800,0.0,0.0
2003-11-20 00:00:00-05:00,32.39689400797839,32.94719371742435,32.373310720066705,32.55412292480469,178700,0.0,0.0
2003-11-21 00:00:00-05:00,32.60130339659227,32.782115661767236,32.593440298732006,32.67991638183594,65600,0.0,0.0
2003-11-24 00:00:00-05:00,32.70349883507644,33.11229294537653,32.70349883507644,33.0336799621582,160400,0.0,0.0
2003-11-25 00:00:00-05:00,33.112620500113856,33.56264873563877,33.01787850626484,33.43632507324219,181900,0.18,0.0
2003-11-26 00:00:00-05:00,33.45212353174589,33.531077721109625,33.20737307420425,33.31000900268555,112300,0.0,0.0
2003-11-28 00:00:00-05:00,33.317900574310855,33.69687158698414,33.317900574310855,33.610023498535156,49700,0.0,0.0
2003-12-01 00:00:00-05:00,33.791603439841715,34.186365169306676,33.791603439841715,34.07583236694336,151000,0.0,0.0
2003-12-02 00:00:00-05:00,34.07584429223589,34.65219625754157,34.06795038007292,34.51797866821289,102600,0.0,0.0
2003-12-03 00:00:00-05:00,34.75483337073772,34.88115704130394,34.5179768649003,34.53376770019531,106600,0.0,0.0
2003-12-04 00:00:00-05:00,34.53377185434163,34.97590324861145,34.53377185434163,34.87326431274414,106600,0.0,0.0
2003-12-05 00:00:00-05:00,34.85747557661173,35.031168757624926,34.74693971913805,34.817996978759766,128700,0.0,0.0
2003-12-08 00:00:00-05:00,34.778519167709284,35.40224362761938,34.778519167709284,35.22065353393555,198600,0.0,0.0
2003-12-09 00:00:00-05:00,35.14960188310433,35.41014318539344,34.96801176046781,35.07854461669922,193400,0.0,0.0
2003-12-10 00:00:00-05:00,35.15748610164858,35.15748610164858,34.29690522884559,34.33638381958008,114700,0.0,0.0
2003-12-11 00:00:00-05:00,34.32848647882101,35.196964263916016,34.32848647882101,35.196964263916016,163900,0.0,0.0
2003-12-12 00:00:00-05:00,35.19697571158647,35.82859420776367,35.039070334593525,35.82859420776367,116900,0.0,0.0
2003-12-15 00:00:00-05:00,36.002284469188304,36.002284469188304,35.52857138872305,35.63121032714844,115800,0.0,0.0
2003-12-16 00:00:00-05:00,35.765420098473236,36.16807883932546,35.560145278359656,35.72594451904297,213500,0.0,0.0
2003-12-17 00:00:00-05:00,35.76543286199569,35.77332978777609,35.528576289094005,35.71806335449219,131400,0.0,0.0
2003-12-18 00:00:00-05:00,35.796992820743526,36.44440179934625,35.72593559080943,36.278602600097656,194100,0.0,0.0
2003-12-19 00:00:00-05:00,36.436532269921614,36.52337737635565,36.27072994794138,36.45232009887695,203600,0.0,0.0
2003-12-22 00:00:00-05:00,36.515478941859385,37.162888273506624,36.476003350767634,36.93392562866211,257500,0.0,0.0
2003-12-23 00:00:00-05:00,37.052349858118866,37.45500564575195,37.012874272946064,37.45500564575195,118800,0.0,0.0
2003-12-24 00:00:00-05:00,37.423424446383834,37.597117611721934,37.28130993996564,37.32078552246094,63200,0.0,0.0
2003-12-26 00:00:00-05:00,37.447111460059894,37.74713132641229,37.423426711487934,37.62080764770508,49800,0.0,0.0
2003-12-29 00:00:00-05:00,37.581323767897835,37.89713442616669,37.565535945598675,37.72343826293945,178300,0.0,0.0
2003-12-30 00:00:00-05:00,37.60502001470488,37.60502001470488,37.32868487338535,37.526065826416016,210000,0.0,0.0
2003-12-31 00:00:00-05:00,37.60502038459016,37.60502038459016,36.96550500623453,37.08393478393555,137100,0.0,0.0
2004-01-02 00:00:00-05:00,37.18657251424335,37.320793136262346,36.420736419856134,36.68917465209961,171700,0.0,0.0
2004-01-05 00:00:00-05:00,36.870766183097075,37.8181954513422,36.8628692576097,37.24184036254883,625600,0.0,0.0
2004-01-06 00:00:00-05:00,38.031356635578845,38.84456812565145,37.89713904711478,38.70245361328125,451200,0.0,0.0
2004-01-07 00:00:00-05:00,38.70246893415556,39.563050261161166,38.29980998577755,39.36566925048828,494900,0.0,0.0
2004-01-08 00:00:00-05:00,39.59461333051296,40.020953824160436,39.36565074294705,39.61040115356445,377500,0.0,0.0
2004-01-09 00:00:00-05:00,39.6182976488268,39.6182976488268,39.002470155483444,39.14458465576172,276100,0.0,0.0
2004-01-12 00:00:00-05:00,39.19985666612211,39.20775057868924,38.80509477829326,38.87615203857422,171500,0.0,0.0
2004-01-13 00:00:00-05:00,38.87614933136662,38.87614933136662,38.11820427055246,38.38664245605469,236900,0.0,0.0
2004-01-14 00:00:00-05:00,38.44982302726306,38.82879422157562,38.402450498550735,38.65509796142578,201000,0.0,0.0
2004-01-15 00:00:00-05:00,38.71825389043079,38.7340447302995,38.607721023144535,38.68667221069336,159400,0.0,0.0
2004-01-16 00:00:00-05:00,38.72614579544009,38.78930915163817,38.49718314691394,38.5445556640625,167900,0.0,0.0
2004-01-20 00:00:00-05:00,38.54456136550653,38.54456136550653,37.24974248986448,38.023475646972656,258000,0.0,0.0
2004-01-21 00:00:00-05:00,38.09451864173907,38.631395000327814,38.02346138804956,38.457698822021484,154300,0.0,0.0
2004-01-22 00:00:00-05:00,38.48927889785677,38.58402089491847,38.2997918919396,38.505069732666016,173300,0.0,0.0
2004-01-23 00:00:00-05:00,38.48926544189453,38.56032266779743,38.45768378331708,38.48926544189453,224500,0.0,0.0
2004-01-26 00:00:00-05:00,38.370849008300794,38.44190625879666,37.99977493286133,37.99977493286133,322400,0.0,0.0
2004-01-27 00:00:00-05:00,38.00768486415495,38.00768486415495,37.549762510456546,37.64450454711914,342000,0.0,0.0
2004-01-28 00:00:00-05:00,37.56555305293298,37.62081949152928,36.94972229003906,36.94972229003906,244600,0.0,0.0
2004-01-29 00:00:00-05:00,36.87075957120966,37.265521444537825,35.607519769483076,36.318092346191406,281400,0.0,0.0
2004-01-30 00:00:00-05:00,36.47599769788149,36.586530540526326,36.120711409527324,36.318092346191406,141800,0.0,0.0
2004-02-02 00:00:00-05:00,36.31808660686119,36.554943091068964,35.88384921718136,35.95490646362305,270600,0.0,0.0
2004-02-03 00:00:00-05:00,36.08123374223526,36.365462756515186,35.86016505790982,35.9233283996582,230300,0.0,0.0
2004-02-04 00:00:00-05:00,35.92333193051101,35.92333193051101,34.61272257835314,35.2601318359375,487200,0.0,0.0
2004-02-05 00:00:00-05:00,35.149589944726216,35.970695186124544,35.086426613021686,35.686466217041016,153300,0.0,0.0
2004-02-06 00:00:00-05:00,35.52856556108124,36.349670910212296,35.52856556108124,36.341773986816406,154400,0.0,0.0
2004-02-09 00:00:00-05:00,36.33388297630565,36.73653875962548,36.16018678925307,36.2865104675293,139700,0.0,0.0
2004-02-10 00:00:00-05:00,36.262818565658925,36.51546587237295,36.160179656120896,36.475990295410156,134000,0.0,0.0
2004-02-11 00:00:00-05:00,36.39704073473959,36.98918349948131,36.34177431764054,36.8786506652832,162000,0.0,0.0
2004-02-12 00:00:00-05:00,36.79971909924329,36.79971909924329,36.30231806866456,36.31021499633789,208300,0.0,0.0
2004-02-13 00:00:00-05:00,36.318088639126884,36.38914588954475,35.87595430188306,35.970699310302734,170800,0.0,0.0
2004-02-17 00:00:00-05:00,36.27862327531744,36.78391808201993,36.27862327531744,36.61022186279297,162300,0.0,0.0
2004-02-18 00:00:00-05:00,36.768124331028574,36.910238860633385,36.712857904159414,36.79180908203125,192400,0.0,0.0
2004-02-19 00:00:00-05:00,36.87075959241275,36.949710762406156,36.43652213386087,36.44441604614258,218100,0.0,0.0
2004-02-20 00:00:00-05:00,36.531262808202484,36.58652922754155,36.27861545928277,36.325984954833984,91200,0.0,0.0
2004-02-23 00:00:00-05:00,36.357555542127805,36.4759852684883,36.09701436064498,36.262813568115234,171900,0.0,0.0
2004-02-24 00:00:00-05:00,36.318090334985676,36.60231934992911,36.065442990990164,36.30229949951172,135500,0.0,0.0
2004-02-25 00:00:00-05:00,36.30230860768802,37.210262298583984,35.9391283360475,37.210262298583984,354100,0.0,0.0
2004-02-26 00:00:00-05:00,37.408380188022655,37.64614470782515,36.81396737684647,37.60651779174805,268600,0.18,0.0
2004-02-27 00:00:00-05:00,37.6065284694036,38.90631103515625,37.50349603967713,38.90631103515625,397200,0.0,0.0
2004-03-01 00:00:00-05:00,38.89046845851078,39.144084478802036,38.56552274355378,38.8508415222168,262600,0.0,0.0
2004-03-02 00:00:00-05:00,38.85083217240033,38.94593740128623,38.399078556016434,38.52588653564453,197200,0.0,0.0
2004-03-03 00:00:00-05:00,38.35945366431827,38.383229216965915,37.733337908976054,38.026580810546875,176800,0.0,0.0
2004-03-04 00:00:00-05:00,37.94732184186614,38.113756734665,37.868064971480635,38.04242706298828,126900,0.0,0.0
2004-03-05 00:00:00-05:00,37.84430125856621,38.41493881045782,37.83637708071946,38.3356819152832,95400,0.0,0.0
2004-03-08 00:00:00-05:00,38.28020161272465,38.28020161272465,37.685788534814826,37.757118225097656,98600,0.0,0.0
2004-03-09 00:00:00-05:00,37.75711739032909,37.85222263415644,37.02004494814947,37.123077392578125,244900,0.0,0.0
2004-03-10 00:00:00-05:00,37.32120422357744,37.519341854192454,36.53657787607225,36.639610290527344,236100,0.0,0.0
2004-03-11 00:00:00-05:00,36.57621479879697,36.57621479879697,35.98972597001775,35.997650146484375,189500,0.0,0.0
2004-03-12 00:00:00-05:00,36.14030748375835,36.56036137312434,35.88669152427055,36.49695587158203,187700,0.0,0.0
2004-03-15 00:00:00-05:00,36.298821485116235,36.576216044348435,36.0689810563258,36.11653518676758,128000,0.0,0.0
2004-03-16 00:00:00-05:00,36.19578904749621,36.370151169108404,35.886694757977146,36.11653518676758,116900,0.0,0.0
2004-03-17 00:00:00-05:00,36.33843504485831,36.53657264711673,36.20370292652572,36.48109436035156,119400,0.0,0.0
2004-03-18 00:00:00-05:00,36.33845804498227,36.504896033963185,35.47457743141593,35.712345123291016,186300,0.0,0.0
2004-03-19 00:00:00-05:00,35.34775532414431,36.0055737691323,35.29227702436708,35.39530944824219,174100,0.0,0.0
2004-03-22 00:00:00-05:00,35.39532235169524,35.68064115361501,34.999046909771494,35.50627899169922,146300,0.0,0.0
2004-03-23 00:00:00-05:00,35.70441601388316,36.33053192547085,35.50627829679908,36.2037239074707,153800,0.0,0.0
2004-03-24 00:00:00-05:00,35.98181211221642,35.98181211221642,35.2288881516508,35.2447395324707,132700,0.0,0.0
2004-03-25 00:00:00-05:00,35.427018208972974,36.100685119628906,35.363612699417025,36.100685119628906,80500,0.0,0.0
2004-03-26 00:00:00-05:00,36.10067567602996,36.10067567602996,35.62514657211869,35.68854904174805,77300,0.0,0.0
2004-03-29 00:00:00-05:00,35.84706702636744,36.56828802690502,35.672704908652555,36.425628662109375,136300,0.0,0.0
2004-03-30 00:00:00-05:00,36.425625012159855,36.86945443853347,36.37807391088668,36.774349212646484,103400,0.0,0.0
2004-03-31 00:00:00-05:00,36.7743427753139,36.7743427753139,36.29881068243944,36.584129333496094,86000,0.0,0.0
2004-04-01 00:00:00-05:00,36.67924303773797,37.35291290283203,36.67131886152451,37.35291290283203,177500,0.0,0.0
2004-04-02 00:00:00-05:00,37.55106550274936,37.57484106418846,36.91702533652348,36.972503662109375,149200,0.0,0.0
2004-04-05 00:00:00-04:00,36.972487768178816,37.32913312981663,36.59998800794117,37.32120895385742,142000,0.0,0.0
2004-04-06 00:00:00-04:00,37.32122499769811,37.47973579509008,36.8377684261565,36.972503662109375,128600,0.0,0.0
2004-04-07 00:00:00-04:00,36.97249718941577,37.02797550528919,36.59207013293877,36.829837799072266,133800,0.0,0.0
2004-04-08 00:00:00-04:00,36.98832957990332,36.98832957990332,36.21955766748294,36.227481842041016,207900,0.0,0.0
2004-04-12 00:00:00-04:00,36.1403282567203,36.25921212877458,35.989744639015015,36.05315017700195,88100,0.0,0.0
2004-04-13 00:00:00-04:00,36.17993020058769,36.25918403832996,35.125836623242826,35.15753936767578,280400,0.0,0.0
2004-04-14 00:00:00-04:00,35.15754632134825,35.64892686388681,34.61068445340854,35.41908645629883,315400,0.0,0.0
2004-04-15 00:00:00-04:00,35.49835968501856,35.74404855779159,35.22889222659433,35.23681640625,201200,0.0,0.0
2004-04-16 00:00:00-04:00,35.316069234489376,35.466652817265796,35.14170706881223,35.2447395324707,303600,0.0,0.0
2004-04-19 00:00:00-04:00,35.24474084674303,35.300219170010585,35.00697314891995,35.22888946533203,176700,0.0,0.0
2004-04-20 00:00:00-04:00,35.18925456859096,35.47457029946481,34.97526550292969,34.97526550292969,209600,0.0,0.0
2004-04-21 00:00:00-04:00,34.98319628395498,35.25266371120978,34.800909939538755,35.2447395324707,201200,0.0,0.0
2004-04-22 00:00:00-04:00,35.26851433121331,35.60138425122524,35.10207937120734,35.50627899169922,329800,0.0,0.0
2004-04-23 00:00:00-04:00,35.26851916515735,35.72027298900099,35.228892220202,35.585540771484375,203000,0.0,0.0
2004-04-26 00:00:00-04:00,35.58552415780712,35.96594809378722,35.14169472082666,35.20509719848633,196000,0.0,0.0
2004-04-27 00:00:00-04:00,35.30812401565961,35.80743167500758,35.28434846823263,35.74402618408203,154200,0.0,0.0
2004-04-28 00:00:00-04:00,35.704410937917956,35.74403787103283,35.10999787117124,35.18925476074219,172800,0.0,0.0
2004-04-29 00:00:00-04:00,35.308132743140895,35.6172270294545,34.285741624302844,34.69786834716797,220000,0.0,0.0
2004-04-30 00:00:00-04:00,34.69785994081892,34.737489884511994,34.1430770091987,34.277809143066406,188200,0.0,0.0
2004-05-03 00:00:00-04:00,34.238200922111844,35.094154357910156,33.841925455474765,35.094154357910156,370700,0.0,0.0
2004-05-04 00:00:00-04:00,34.6978630741047,34.91185209134195,34.31743916235199,34.67408752441406,261400,0.0,0.0
2004-05-05 00:00:00-04:00,34.61860378307385,34.777114477216244,34.07966923699372,34.388763427734375,286400,0.0,0.0
2004-05-06 00:00:00-04:00,34.380853220996116,34.91978798602232,33.94495090252114,34.4918098449707,401600,0.0,0.0
2004-05-07 00:00:00-04:00,34.357073090638906,34.777127035299486,33.25542805472029,33.26335525512695,338100,0.0,0.0
2004-05-10 00:00:00-04:00,33.36639258888905,33.889476076193596,33.07314959444273,33.255435943603516,408300,0.0,0.0
2004-05-11 00:00:00-04:00,33.33468021635357,33.76265525406623,33.07313706015185,33.3109016418457,205100,0.0,0.0
2004-05-12 00:00:00-04:00,33.35052379485217,33.35052379485217,32.740259596390494,33.27126693725586,173500,0.0,0.0
2004-05-13 00:00:00-04:00,33.263342724510146,33.48525587884196,33.096904835421306,33.406002044677734,237900,0.0,0.0
2004-05-14 00:00:00-04:00,33.28712732316237,33.50111636161217,33.088989660524504,33.429786682128906,250900,0.0,0.0
2004-05-17 00:00:00-04:00,33.28712940733284,33.45356432876767,32.851227126905016,33.017662048339844,229400,0.0,0.0
2004-05-18 00:00:00-04:00,33.00180693945851,33.27127426797824,32.89085033771638,33.192020416259766,71600,0.0,0.0
2004-05-19 00:00:00-04:00,33.350542757763925,33.675488500320974,32.930488732013316,33.05729675292969,202300,0.0,0.0
2004-05-20 00:00:00-04:00,33.11275456566782,33.398073191861,32.89876559602293,33.12068176269531,74100,0.0,0.0
2004-05-21 00:00:00-04:00,33.20787423007318,33.255425335260185,32.94633105818119,33.033512115478516,101900,0.0,0.0
2004-05-24 00:00:00-04:00,33.08899736439918,33.58830523703232,33.08899736439918,33.556602478027344,151600,0.0,0.0
2004-05-25 00:00:00-04:00,33.44565496690034,34.22235463431223,33.413952199248676,34.14310073852539,204000,0.0,0.0
2004-05-26 00:00:00-04:00,34.198558763668615,34.198558763668615,33.55659170495295,34.11137771606445,94500,0.0,0.0
2004-05-27 00:00:00-04:00,34.22235251701025,34.3570847361806,33.70719315624118,34.333309173583984,143800,0.0,0.0
2004-05-28 00:00:00-04:00,34.269609890099915,34.540201441891845,34.04676782418333,34.08656311035156,136000,0.18,0.0
2004-06-01 00:00:00-04:00,34.12636965046517,34.46062833537467,33.94332279406873,34.29349899291992,184200,0.0,0.0
2004-06-02 00:00:00-04:00,34.37307845826023,34.52429330043157,33.943317789025414,34.43674850463867,78400,0.0,0.0
2004-06-03 00:00:00-04:00,34.4208372902005,34.55613160957388,34.11045334720937,34.309417724609375,177700,0.0,0.0
2004-06-04 00:00:00-04:00,34.50838354573791,34.5481758156916,34.190039314197136,34.33329391479492,156000,0.0,0.0
2004-06-07 00:00:00-04:00,34.30943055611352,34.98590847788969,34.04679602246328,34.60389709472656,168300,0.0,0.0
2004-06-08 00:00:00-04:00,34.42085401558988,34.723280866257234,34.142304966262685,34.7153205871582,237900,0.0,0.0
2004-06-09 00:00:00-04:00,34.763055445767,35.41565834543568,34.763055445767,34.89834976196289,271400,0.0,0.0
2004-06-10 00:00:00-04:00,35.01773712815049,35.13711699183343,34.69939284896671,35.0018196105957,110100,0.0,0.0
2004-06-14 00:00:00-04:00,35.0018153890849,35.033650420354924,34.34125518798828,34.34125518798828,144000,0.0,0.0
2004-06-15 00:00:00-04:00,34.42083083891642,34.858551779966,34.341246317254644,34.484500885009766,130500,0.0,0.0
2004-06-16 00:00:00-04:00,34.508375788836965,35.09730853806297,34.301451174061945,34.43674850463867,172200,0.0,0.0
2004-06-17 00:00:00-04:00,34.34124677572661,34.93017953017805,34.221866955685265,34.87446975708008,137000,0.0,0.0
2004-06-18 00:00:00-04:00,34.556143336178636,35.29629131415182,34.556143336178636,35.24058151245117,186800,0.0,0.0
2004-06-21 00:00:00-04:00,35.29628362331312,35.33607893239086,34.87448006350042,35.18486404418945,111500,0.0,0.0
2004-06-22 00:00:00-04:00,35.12120451796859,35.200789081215504,34.42084882476113,35.01774215698242,165600,0.0,0.0
2004-06-23 00:00:00-04:00,35.0177219638525,35.61461495187272,34.81875763451244,35.59074020385742,117900,0.0,0.0
2004-06-24 00:00:00-04:00,35.65441734886915,35.861342010356424,35.320158637789774,35.46341323852539,196200,0.0,0.0
2004-06-25 00:00:00-04:00,35.49524297710547,35.8135871887207,34.7948905690806,35.8135871887207,294400,0.0,0.0
2004-06-28 00:00:00-04:00,35.77380226775676,35.77380226775676,35.145073990476654,35.47933578491211,258000,0.0,0.0
2004-06-29 00:00:00-04:00,35.487290791839364,35.78175725614824,35.20078156777416,35.67033767700195,232800,0.0,0.0
2004-06-30 00:00:00-04:00,35.73400352953245,35.877258124674526,35.18485990283601,35.280364990234375,284600,0.0,0.0
2004-07-01 00:00:00-04:00,35.51911033850294,35.598694850064305,34.619790785277885,35.28831100463867,301500,0.0,0.0
2004-07-02 00:00:00-04:00,35.320151086598486,35.61461746473111,35.05751669608064,35.14506149291992,107500,0.0,0.0
2004-07-06 00:00:00-04:00,35.153035145589854,35.19283046161196,34.755106273019685,34.77898406982422,136100,0.0,0.0
2004-07-07 00:00:00-04:00,34.78693240611023,34.993857067010225,34.540218511286774,34.9222297668457,117300,0.0,0.0
2004-07-08 00:00:00-04:00,34.922220520336,34.97793029060727,34.25370024112603,34.412872314453125,246900,0.0,0.0
2004-07-09 00:00:00-04:00,34.37307723985805,34.67550387752587,34.34920249128986,34.42082977294922,141200,0.0,0.0
2004-07-12 00:00:00-04:00,34.4208261065963,34.794879986080936,34.261654049201496,34.53224563598633,139500,0.0,0.0
2004-07-13 00:00:00-04:00,34.476549891543904,34.77101634410178,34.309420529493956,34.51634216308594,186500,0.0,0.0
2004-07-14 00:00:00-04:00,34.35716733972448,34.69938631280019,34.08657870013068,34.205955505371094,170200,0.0,0.0
2004-07-15 00:00:00-04:00,34.36512905698627,34.42083884229388,34.06270233963381,34.22983169555664,94900,0.0,0.0
2004-07-16 00:00:00-04:00,34.301461481425015,34.87447992719959,34.18208466252587,34.317378997802734,129600,0.0,0.0
2004-07-19 00:00:00-04:00,34.26166904020466,34.54022102151307,34.02291236762303,34.36513137817383,58200,0.0,0.0
2004-07-20 00:00:00-04:00,34.221866955685265,34.87446975708008,33.951275328085835,34.87446975708008,124100,0.0,0.0
2004-07-21 00:00:00-04:00,34.874473206839454,35.176899887826416,33.95127868652344,33.95127868652344,140200,0.0,0.0
2004-07-22 00:00:00-04:00,33.7523206700781,34.14229222961577,33.585191302828726,33.66477584838867,159800,0.0,0.0
2004-07-23 00:00:00-04:00,33.664767904343236,33.768230217921285,33.23500417343911,33.3862190246582,142600,0.0,0.0
2004-07-26 00:00:00-04:00,33.38621384520338,33.521508126931145,32.845030646383066,33.25887680053711,233400,0.0,0.0
2004-07-27 00:00:00-04:00,33.34643943667601,33.760282776385175,33.17134976806012,33.728450775146484,239000,0.0,0.0
2004-07-28 00:00:00-04:00,33.760271682200845,34.14228593109136,33.46580527480485,34.06269836425781,91600,0.0,0.0
2004-07-29 00:00:00-04:00,34.10249585994626,34.77101634410178,34.06270358840423,34.51634216308594,253400,0.0,0.0
2004-07-30 00:00:00-04:00,34.34125423562247,34.94610463320045,34.221874389648434,34.81876754760742,417700,0.0,0.0
2004-08-02 00:00:00-04:00,34.77898645508044,35.16895507680896,34.48451991925082,35.08141326904297,148000,0.0,0.0
2004-08-03 00:00:00-04:00,34.778962699772904,34.79488020920991,34.2218620132958,34.69937515258789,351500,0.0,0.0
2004-08-04 00:00:00-04:00,34.58001100763139,34.723265608898615,33.96720033242284,34.500423431396484,128300,0.0,0.0
2004-08-05 00:00:00-04:00,34.492459590942495,34.643671402918066,34.118405644110005,34.349205017089844,272500,0.0,0.0
2004-08-06 00:00:00-04:00,33.90352721710154,34.04678180546311,33.30663411091345,33.4260139465332,588400,0.0,0.0
2004-08-09 00:00:00-04:00,33.62499133334728,33.68070113528341,33.02809799606892,33.23501968383789,396900,0.0,0.0
2004-08-10 00:00:00-04:00,33.2350183124462,33.744369822776264,33.2350183124462,33.59315490722656,260800,0.0,0.0
2004-08-11 00:00:00-04:00,33.577228108626244,33.712525467466925,33.266844157578646,33.346431732177734,268700,0.0,0.0
2004-08-12 00:00:00-04:00,33.32254380489293,33.32254380489293,33.09970473571561,33.25887680053711,169900,0.0,0.0
2004-08-13 00:00:00-04:00,33.25889227705799,33.362351586773755,33.02013558670125,33.266849517822266,131300,0.0,0.0
2004-08-16 00:00:00-04:00,33.187266134499936,33.6647795320212,33.13951358036535,33.497650146484375,173900,0.0,0.0
2004-08-17 00:00:00-04:00,33.656823459436005,34.12637963221443,33.553361106530595,33.728450775146484,322600,0.0,0.0
2004-08-18 00:00:00-04:00,33.66478973629651,34.19005584716797,33.465825254361,34.19005584716797,141200,0.0,0.0
2004-08-19 00:00:00-04:00,34.14228076853005,34.53224916120499,34.022900954308454,34.46858215332031,192800,0.0,0.0
2004-08-20 00:00:00-04:00,34.524305001584715,35.27241008435349,34.50042720812256,35.200782775878906,228200,0.0,0.0
2004-08-23 00:00:00-04:00,35.51912729794576,36.322942177952086,35.017736135035534,35.74992370605469,422300,0.0,0.0
2004-08-24 00:00:00-04:00,35.909081848594475,36.41843005360287,35.304231614135695,36.19559097290039,396100,0.0,0.0
2004-08-25 00:00:00-04:00,36.19561369246814,36.39457814968441,35.614637841711456,35.91706466674805,198200,0.0,0.0
2004-08-26 00:00:00-04:00,35.92501088443063,36.19560258464295,35.85338358037573,36.147850036621094,124000,0.0,0.0
2004-08-27 00:00:00-04:00,36.01254428774157,36.44230797582664,35.94887424389721,36.307010650634766,103600,0.0,0.0
2004-08-30 00:00:00-04:00,36.370969074960115,36.4429117731253,35.89135312007481,35.89934539794922,101800,0.2,0.0
2004-08-31 00:00:00-04:00,35.93132358481306,36.091196599460744,35.7794428487019,35.96329879760742,140400,0.0,0.0
2004-09-01 00:00:00-04:00,35.963300581232524,36.23508380481563,35.76346006534271,36.05922317504883,167300,0.0,0.0
2004-09-02 00:00:00-04:00,36.0512354497391,36.49088711687549,36.0512354497391,36.45891189575195,118400,0.0,0.0
2004-09-03 00:00:00-04:00,36.45890265989823,36.69071838033243,36.25906215248754,36.522850036621094,41800,0.0,0.0
2004-09-07 00:00:00-04:00,36.722686895339656,37.09838798772658,36.602784432401,36.946510314941406,182200,0.0,0.0
2004-09-08 00:00:00-04:00,36.866562544215235,37.05041537824326,35.963285974771864,36.01124572753906,280000,0.0,0.0
2004-09-09 00:00:00-04:00,36.05121149599586,36.267039521188345,35.81140359555628,36.11516189575195,218400,0.0,0.0
2004-09-10 00:00:00-04:00,36.11517666673562,36.1231689453125,35.7554631442932,36.1231689453125,106200,0.0,0.0
2004-09-13 00:00:00-04:00,36.0672204031494,36.42693399097604,36.05123279376547,36.4029541015625,85000,0.0,0.0
2004-09-14 00:00:00-04:00,36.37097455748458,36.89056112803552,36.06721611396291,36.21110153198242,91700,0.0,0.0
2004-09-15 00:00:00-04:00,36.24308489243816,36.24308489243816,35.971301602799564,36.00327682495117,87400,0.0,0.0
2004-09-16 00:00:00-04:00,36.03523911174497,36.56281789056451,36.03523911174497,36.29103469848633,94600,0.0,0.0
2004-09-17 00:00:00-04:00,36.21109184755521,36.77863803944313,36.083194071223794,36.72268295288086,125800,0.0,0.0
2004-09-20 00:00:00-04:00,36.72269188284871,36.72269188284871,36.211100653117875,36.45090866088867,98700,0.0,0.0
2004-09-21 00:00:00-04:00,36.36298702895874,36.9385257269023,36.36298702895874,36.770660400390625,172300,0.0,0.0
2004-09-22 00:00:00-04:00,36.57081252544334,36.57081252544334,35.93931579589844,35.93931579589844,209000,0.0,0.0
2004-09-23 00:00:00-04:00,35.931330718507525,35.931330718507525,35.07601342705311,35.17193603515625,378100,0.0,0.0
2004-09-24 00:00:00-04:00,35.068005181536705,35.89934227710269,34.684311841119396,35.875362396240234,377800,0.0,0.0
2004-09-27 00:00:00-04:00,35.67552787417122,36.187119080051055,35.17192894680396,35.73947525024414,150500,0.0,0.0
2004-09-28 00:00:00-04:00,35.691510773516114,35.859376044059054,35.36377250988878,35.603580474853516,227900,0.0,0.0
2004-09-29 00:00:00-04:00,35.627565751255474,35.9792839498391,35.41973296330246,35.71549606323242,158300,0.0,0.0
2004-09-30 00:00:00-04:00,35.67554237523572,36.347006868214706,35.66754704414916,36.1871337890625,213100,0.0,0.0
2004-10-01 00:00:00-04:00,36.4908697953668,37.298223924888866,36.41892710665109,36.97048568725586,322300,0.0,0.0
2004-10-04 00:00:00-04:00,37.186314297909426,37.32220435118251,36.62676038296318,36.72268295288086,214400,0.0,0.0
2004-10-05 00:00:00-04:00,36.722697143616884,36.93053301629656,36.259068668752086,36.6027946472168,226200,0.0,0.0
2004-10-06 00:00:00-04:00,36.60277996685268,37.25026111597057,36.434914709623854,36.97048568725586,189800,0.0,0.0
2004-10-07 00:00:00-04:00,36.890559137503,36.9704941212788,36.48288279200358,36.706703186035156,126000,0.0,0.0
2004-10-08 00:00:00-04:00,36.61077797165819,37.10638154406024,36.570810482634855,36.67472839355469,161500,0.0,0.0
2004-10-11 00:00:00-04:00,36.67473193095341,36.8905600516855,36.315018396399935,36.6667366027832,149200,0.0,0.0
2004-10-12 00:00:00-04:00,36.53083726912109,36.5947846316729,35.54762255646474,35.763450622558594,403500,0.0,0.0
2004-10-13 00:00:00-04:00,35.763465828712064,35.771458108932954,34.932128416800595,34.940120697021484,225600,0.0,0.0
2004-10-14 00:00:00-04:00,35.02006170779843,35.30782955996082,34.72429547608913,35.00407409667969,242300,0.0,0.0
2004-10-15 00:00:00-04:00,34.95609808369273,35.29982396983697,34.90014299053659,35.283836364746094,185100,0.0,0.0
2004-10-18 00:00:00-04:00,35.17192650968787,35.60358270323542,34.66033533925696,35.49167251586914,167200,0.0,0.0
2004-10-19 00:00:00-04:00,35.46770353014227,35.83541249664036,35.09999761296928,35.16394805908203,129400,0.0,0.0
2004-10-20 00:00:00-04:00,35.0120511107854,35.73147805080221,35.00405883337353,35.61956787109375,208800,0.0,0.0
2004-10-21 00:00:00-04:00,35.515661531883616,36.16314598870486,35.515661531883616,35.779449462890625,154800,0.0,0.0
2004-10-22 00:00:00-04:00,35.73148653321785,35.95530694576823,35.33180548262106,35.35578536987305,129800,0.0,0.0
2004-10-25 00:00:00-04:00,35.3877568505845,35.891355774992476,35.33979403181856,35.755462646484375,142300,0.0,0.0
2004-10-26 00:00:00-04:00,35.70748641222152,36.370958100588595,35.52363358334609,35.85137176513672,133800,0.0,0.0
2004-10-27 00:00:00-04:00,35.73147892997604,36.43491828315354,35.635556352054856,36.370967864990234,151500,0.0,0.0
2004-10-28 00:00:00-04:00,36.53083450118639,37.002458080399585,36.251056044416025,36.71468734741211,147800,0.0,0.0
2004-10-29 00:00:00-04:00,36.61077513519517,36.690713156372496,36.051221184248725,36.39494705200195,127300,0.0,0.0
2004-11-01 00:00:00-05:00,36.770638351040986,38.16952133178711,36.61876072517337,38.16952133178711,554600,0.0,0.0
2004-11-02 00:00:00-05:00,38.169532715646845,38.609181173711,37.88975725578524,37.96969223022461,359700,0.0,0.0
2004-11-03 00:00:00-05:00,38.60918618631086,39.40854823178034,38.60918618631086,39.1287727355957,454000,0.0,0.0
2004-11-04 00:00:00-05:00,39.2086992506839,39.63236311680477,38.721088020387754,39.36857223510742,365700,0.0,0.0
2004-11-05 00:00:00-05:00,39.768254156537914,39.95210702591564,39.63236409847232,39.70430374145508,458300,0.0,0.0
2004-11-08 00:00:00-05:00,39.52845166851754,39.52845166851754,38.85698746384956,39.02485275268555,568400,0.0,0.0
2004-11-09 00:00:00-05:00,39.02484927166105,39.72029329860783,39.02484927166105,39.40854263305664,336100,0.0,0.0
2004-11-10 00:00:00-05:00,39.44852627645452,39.80823990300206,39.36859127025508,39.768272399902344,215300,0.0,0.0
2004-11-11 00:00:00-05:00,39.79222615037631,39.86416882842304,39.47248328630874,39.54442596435547,149900,0.0,0.0
2004-11-12 00:00:00-05:00,39.67233158323728,39.920131818374216,39.552426079618776,39.70430374145508,255800,0.0,0.0
2004-11-15 00:00:00-05:00,39.86417909466756,39.96809700068,39.616378844830585,39.816219329833984,233700,0.0,0.0
2004-11-16 00:00:00-05:00,39.86417276708284,39.86417276708284,39.05681867752177,39.74427032470703,192800,0.0,0.0
2004-11-17 00:00:00-05:00,39.928127216671605,40.39975085612235,39.51245866585708,39.72828674316406,253900,0.0,0.0
2004-11-18 00:00:00-05:00,39.824211607531645,40.14395760326661,39.68032621438329,39.816219329833984,197100,0.0,0.0
2004-11-19 00:00:00-05:00,39.76826723819688,39.78425484722667,38.96890508265523,39.6403694152832,141100,0.0,0.0
2004-11-22 00:00:00-05:00,39.4245370254833,39.728295465717125,39.32861443095,39.47249984741211,194300,0.0,0.0
2004-11-23 00:00:00-05:00,39.60837544547496,39.82420349121094,39.16872707793422,39.82420349121094,140000,0.0,0.0
2004-11-24 00:00:00-05:00,40.11199765813531,40.74349456289497,39.92014937782321,40.39177322387695,194600,0.0,0.0
2004-11-26 00:00:00-05:00,40.223892568166946,40.46370054025039,39.66433860042303,39.9920768737793,158600,0.0,0.0
2004-11-29 00:00:00-05:00,40.19272982158362,40.19272982158362,39.51857051749752,40.0322151184082,321300,0.2,0.0
2004-11-30 00:00:00-05:00,39.80748308235571,40.345206740611715,39.75130340991199,40.32915496826172,324200,0.0,0.0
2004-12-01 00:00:00-05:00,40.40941584140962,41.35644909801133,40.40139148500852,41.25211715698242,292100,0.0,0.0
2004-12-02 00:00:00-05:00,41.33237858673364,41.669456709541066,40.84281011750666,40.92306900024414,257300,0.0,0.0
2004-12-03 00:00:00-05:00,40.77057869723617,41.107659881965844,40.44955235063441,40.69032287597656,242800,0.0,0.0
2004-12-06 00:00:00-05:00,40.77056398940368,40.77056398940368,40.32915100858731,40.40138244628906,155700,0.0,0.0
2004-12-07 00:00:00-05:00,40.56994508993788,40.58599687006632,39.95196533203125,39.95196533203125,132800,0.0,0.0
2004-12-08 00:00:00-05:00,40.024188526073,40.21680678617461,39.53462004897963,40.00813674926758,204200,0.0,0.0
2004-12-09 00:00:00-05:00,39.92786691199755,40.537818908691406,39.895763369655164,40.537818908691406,135700,0.0,0.0
2004-12-10 00:00:00-05:00,40.521777172657345,41.52499008178711,40.44151830298926,41.52499008178711,155000,0.0,0.0
2004-12-13 00:00:00-05:00,41.45276882852159,41.51697287848939,41.027404368535116,41.40461349487305,188200,0.0,0.0
2004-12-14 00:00:00-05:00,41.33237644342275,41.805893111547796,41.163837390758715,41.73366165161133,476400,0.0,0.0
2004-12-15 00:00:00-05:00,41.73365798696382,42.0787634806272,41.54906717479364,41.89417266845703,358300,0.0,0.0
2004-12-16 00:00:00-05:00,42.094820373000864,42.21520410258536,41.589200136368795,41.78181838989258,563300,0.0,0.0
2004-12-17 00:00:00-05:00,41.71759772793756,41.78982916684059,41.29223651082098,41.45275115966797,313500,0.0,0.0
2004-12-20 00:00:00-05:00,41.45275402647982,41.65339658602414,41.21198050577666,41.420650482177734,174000,0.0,0.0
2004-12-21 00:00:00-05:00,41.42868857950495,41.846025609176685,41.42066422154897,41.8380012512207,256200,0.0,0.0
2004-12-22 00:00:00-05:00,41.83798554836274,42.34360257203341,41.813906360405305,42.05467987060547,214600,0.0,0.0
2004-12-23 00:00:00-05:00,42.05467278426682,42.303467545926196,42.05467278426682,42.17505645751953,189600,0.0,0.0
2004-12-27 00:00:00-05:00,42.29545099310595,42.33557889159119,41.974421682099255,42.10283279418945,215300,0.0,0.0
2004-12-28 00:00:00-05:00,42.18309894591977,42.71279525756836,42.18309894591977,42.71279525756836,210200,0.0,0.0
2004-12-29 00:00:00-05:00,43.1381578534563,43.1381578534563,42.801079763965596,42.93751525878906,189900,0.0,0.0
2004-12-30 00:00:00-05:00,42.97765256817606,43.00975612512165,42.87331753888475,42.94554901123047,159700,0.0,0.0
2004-12-31 00:00:00-05:00,42.937518265724584,43.26657202156014,42.937518265724584,43.0659294128418,115600,0.0,0.0
2005-01-03 00:00:00-05:00,43.04986520805833,43.16222454665181,41.95034488695622,42.05467987060547,279800,0.0,0.0
2005-01-04 00:00:00-05:00,42.15901489400204,42.19914585636243,40.79464789750123,41.07554626464844,326600,0.0,0.0
2005-01-05 00:00:00-05:00,40.87491462040596,41.30830341256896,40.73045168968496,41.059505462646484,329800,0.0,0.0
2005-01-06 00:00:00-05:00,41.01134917891038,41.292250676146566,40.82675834095917,40.92306900024414,493300,0.0,0.0
2005-01-07 00:00:00-05:00,40.95515864650337,41.16382862479991,40.58597706836335,40.634132385253906,112200,0.0,0.0
2005-01-10 00:00:00-05:00,40.75453287263357,40.91504760015835,40.313119668113245,40.44955825805664,338700,0.0,0.0
2005-01-11 00:00:00-05:00,40.53783210242506,40.58598743161162,40.096418967019794,40.441524505615234,224600,0.0,0.0
2005-01-12 00:00:00-05:00,40.642163469520526,40.642163469520526,39.90380019099375,40.13654327392578,252800,0.0,0.0
2005-01-13 00:00:00-05:00,40.192731024153346,40.722427417386456,40.192731024153346,40.489681243896484,456400,0.0,0.0
2005-01-14 00:00:00-05:00,40.690316707304454,41.46880785250565,40.505725897140756,41.412628173828125,225700,0.0,0.0
2005-01-18 00:00:00-05:00,41.46880988972852,41.974430084228516,41.12370744442553,41.974430084228516,172800,0.0,0.0
2005-01-19 00:00:00-05:00,41.773784291482215,42.15901767536887,41.340395586523684,41.34842300415039,148200,0.0,0.0
2005-01-20 00:00:00-05:00,41.34841993782163,41.4768310562611,40.634132900154434,40.7545166015625,256900,0.0,0.0
2005-01-21 00:00:00-05:00,40.85082693143319,41.13974964959199,40.77056806953141,40.89897918701172,176600,0.0,0.0
2005-01-24 00:00:00-05:00,40.85884332655809,40.95515088051466,40.69030434174359,40.81068801879883,180600,0.0,0.0
2005-01-25 00:00:00-05:00,40.81872844543807,41.332372979016554,40.81070102747176,41.019371032714844,253100,0.0,0.0
2005-01-26 00:00:00-05:00,41.33237847284004,41.72563934326172,41.244095232853745,41.72563934326172,252700,0.0,0.0
2005-01-27 00:00:00-05:00,41.72563171399582,41.72563171399582,41.131728338219766,41.49288558959961,192600,0.0,0.0
2005-01-28 00:00:00-05:00,43.740095681748535,43.740095681748535,42.608471310426395,42.857269287109375,582300,0.0,0.0
2005-01-31 00:00:00-05:00,42.77699913608123,43.35485076904297,42.77699913608123,43.35485076904297,324600,0.0,0.0
2005-02-01 00:00:00-05:00,43.35484526285978,43.94874553325425,43.26656204552918,43.91664505004883,250100,0.0,0.0
2005-02-02 00:00:00-05:00,43.924679536981444,44.26176071166992,43.884551627547005,44.26176071166992,254800,0.0,0.0
2005-02-03 00:00:00-05:00,44.26175821581449,44.293858704614,43.86047302097143,44.0209846496582,227200,0.0,0.0
2005-02-04 00:00:00-05:00,44.02096928483176,44.863670349121094,44.02096928483176,44.863670349121094,245600,0.0,0.0
2005-02-07 00:00:00-05:00,45.06432980997748,45.43351146432542,44.71922428826345,44.94394302368164,215800,0.0,0.0
2005-02-08 00:00:00-05:00,44.86368720719319,45.216817085930806,44.58278572635729,44.94394302368164,218400,0.0,0.0
2005-02-09 00:00:00-05:00,46.067525513463565,46.10765340662925,44.646976052152006,44.863670349121094,351700,0.0,0.0
2005-02-10 00:00:00-05:00,44.78344371287768,44.91185490030812,43.82035827636719,43.82035827636719,303400,0.0,0.0
2005-02-11 00:00:00-05:00,43.74008740697589,45.15260998348952,43.69193208014492,44.94394302368164,429800,0.0,0.0
2005-02-14 00:00:00-05:00,44.943934380519565,45.8026843103652,44.943934380519565,45.7866325378418,265300,0.0,0.0
2005-02-15 00:00:00-05:00,45.78663986063483,46.06754133237602,45.59402468267355,45.69835662841797,236800,0.0,0.0
2005-02-16 00:00:00-05:00,45.74651033330224,45.915049373439295,45.58599564964473,45.85084533691406,209000,0.0,0.0
2005-02-17 00:00:00-05:00,45.82676962256832,46.34844161865902,45.82676962256832,45.99531173706055,274100,0.0,0.0
2005-02-18 00:00:00-05:00,46.075576134086326,46.29227055458786,45.923088828502465,46.13175582885742,221500,0.0,0.0
2005-02-22 00:00:00-05:00,46.13173824726178,46.53302337786938,45.200756866714656,45.305091857910156,277300,0.0,0.0
2005-02-23 00:00:00-05:00,45.3050975740596,45.7063827552974,44.927888523995925,45.136558532714844,275800,0.0,0.0
2005-02-24 00:00:00-05:00,45.30509301268221,45.83478927612305,45.09642302497247,45.83478927612305,225500,0.0,0.0
2005-02-25 00:00:00-05:00,45.915335264797534,46.48716515629311,45.90728270737255,46.20527648925781,354600,0.2,0.0
2005-02-28 00:00:00-05:00,46.22941337799831,46.50324625578111,45.92336414463619,46.45492172241211,228900,0.0,0.0
2005-03-01 00:00:00-05:00,46.45494517604571,47.0106637649105,46.45494517604571,46.51937484741211,243900,0.0,0.0
2005-03-02 00:00:00-05:00,46.5113153311062,46.535476070213136,46.10861996027411,46.11667251586914,154500,0.0,0.0
2005-03-03 00:00:00-05:00,46.30998181357458,46.54354593747008,45.891178131103516,45.891178131103516,160400,0.0,0.0
2005-03-04 00:00:00-05:00,45.947547806759495,46.6482369925472,45.947547806759495,46.511322021484375,248100,0.0,0.0
2005-03-07 00:00:00-05:00,46.68850675092708,46.793205345303505,46.309972082932205,46.583805084228516,160500,0.0,0.0
2005-03-08 00:00:00-05:00,46.39051605677074,46.54354229882598,46.00392878140195,46.25360107421875,155800,0.0,0.0
2005-03-09 00:00:00-05:00,46.189163027061014,46.189163027061014,45.448204935681325,45.61733627319336,182900,0.0,0.0
2005-03-10 00:00:00-05:00,45.81867148740439,45.91531750072581,45.13409069520217,45.14214324951172,263800,0.0,0.0
2005-03-11 00:00:00-05:00,45.262971204303774,45.63345029739699,44.98108253339342,45.182430267333984,158400,0.0,0.0
2005-03-14 00:00:00-05:00,45.27907141418168,45.746196477015374,45.10188445638852,45.73814392089844,224500,0.0,0.0
2005-03-15 00:00:00-05:00,45.818680519331956,46.277753013504274,45.71397885874048,45.77035903930664,246100,0.0,0.0
2005-03-16 00:00:00-05:00,45.66564847314558,45.92337322409317,45.4723533737742,45.496517181396484,209900,0.0,0.0
2005-03-17 00:00:00-05:00,45.448192638473294,45.95558958604196,45.117982609301606,45.496517181396484,368400,0.0,0.0
2005-03-18 00:00:00-05:00,45.46432454348163,45.8992364397704,45.31935391138537,45.665672302246094,331900,0.0,0.0
2005-03-21 00:00:00-05:00,45.58511359668475,45.979756401943625,45.02134254963176,45.6817626953125,225600,0.0,0.0
2005-03-22 00:00:00-05:00,45.665660175088114,46.382457514362336,45.617335619781635,45.762306213378906,233300,0.0,0.0
2005-03-23 00:00:00-05:00,45.75424836509772,45.75424836509772,44.9649658203125,44.9649658203125,401300,0.0,0.0
2005-03-24 00:00:00-05:00,45.04550491538812,45.33544607710189,44.86026541147586,44.9327507019043,150200,0.0,0.0
2005-03-28 00:00:00-05:00,45.14214800325341,45.30322675729926,44.82804612264094,45.05355453491211,210800,0.0,0.0
2005-03-29 00:00:00-05:00,44.97303037223216,45.19853885308991,44.143478684228924,44.19985580444336,308400,0.0,0.0
2005-03-30 00:00:00-05:00,44.21594938478437,44.61864472318015,43.789090236906155,44.36091995239258,168100,0.0,0.0
2005-03-31 00:00:00-05:00,44.41730071446305,45.16631435139199,44.17568103365614,45.03744888305664,179100,0.0,0.0
2005-04-01 00:00:00-05:00,45.222696544206975,45.64955270295341,45.00524065041478,45.35961151123047,217600,0.0,0.0
2005-04-04 00:00:00-04:00,45.35960553124871,45.43209081962335,44.7797232242516,45.22269058227539,181200,0.0,0.0
2005-04-05 00:00:00-04:00,45.222714967687,46.02005049743288,45.222714967687,45.867027282714844,274100,0.0,0.0
2005-04-06 00:00:00-04:00,45.90727642316951,46.148893053037554,45.70592871955912,45.91532897949219,155000,0.0,0.0
2005-04-07 00:00:00-04:00,45.82674974378117,46.47911449624725,45.78647773538257,45.95561218261719,96900,0.0,0.0
2005-04-08 00:00:00-04:00,45.90729727710758,45.90729727710758,45.11801428909227,45.15828323364258,263100,0.0,0.0
2005-04-11 00:00:00-04:00,45.359613749994644,45.54485328222202,44.940810127093556,45.28712844848633,88300,0.0,0.0
2005-04-12 00:00:00-04:00,45.424048493229805,46.18111484159872,44.90054317348883,45.98781967163086,171000,0.0,0.0
2005-04-13 00:00:00-04:00,46.028087438226066,46.05224818012721,45.05356219314308,45.10188674926758,78700,0.0,0.0
2005-04-14 00:00:00-04:00,46.0280943544866,46.535488444585766,45.021355659701875,45.810638427734375,548300,0.0,0.0
2005-04-15 00:00:00-04:00,45.81063340235664,46.47105366790221,45.33545266765217,45.536800384521484,485400,0.0,0.0
2005-04-18 00:00:00-04:00,45.569020235714675,46.30192585818249,44.85221972818234,45.3837776184082,258200,0.0,0.0
2005-04-19 00:00:00-04:00,45.58512577367868,46.22944098069023,45.287131987445534,46.060306549072266,211200,0.0,0.0
2005-04-20 00:00:00-04:00,46.165007619558786,46.23749292577132,45.1018918433234,45.11800003051758,157200,0.0,0.0
2005-04-21 00:00:00-04:00,45.31934149730582,45.97976171936214,45.31934149730582,45.91532897949219,225500,0.0,0.0
2005-04-22 00:00:00-04:00,45.8670230191289,45.8670230191289,44.5783954365346,44.828067779541016,209800,0.0,0.0
2005-04-25 00:00:00-04:00,45.0294037898354,46.07641131499794,45.005243046679475,45.90727996826172,219000,0.0,0.0
2005-04-26 00:00:00-04:00,46.10861879445885,46.64822910301579,45.6817626953125,45.6817626953125,149100,0.0,0.0
2005-04-27 00:00:00-04:00,45.585125735215115,45.5931813650734,44.9488692309281,45.182430267333984,220400,0.0,0.0
2005-04-28 00:00:00-04:00,45.18241889562016,45.190474523450966,44.09514263492071,44.10319519042969,362800,0.0,0.0
2005-04-29 00:00:00-04:00,44.11126894590357,44.288455963134766,43.563602776573575,44.288455963134766,378400,0.0,0.0
2005-05-02 00:00:00-04:00,44.90052830620686,45.5851091232025,44.57837082037275,45.00522994995117,310700,0.0,0.0
2005-05-03 00:00:00-04:00,45.013297826051186,46.301925135685465,44.98108145203776,45.883121490478516,358200,0.0,0.0
2005-05-04 00:00:00-04:00,45.939493043626065,46.60796582565043,45.681768227385085,46.583805084228516,220900,0.0,0.0
2005-05-05 00:00:00-04:00,46.471061419996495,46.91402585653786,46.34219898259677,46.4146842956543,268500,0.0,0.0
2005-05-06 00:00:00-04:00,46.59187684290317,47.091221568451154,46.31804372874967,46.946250915527344,195800,0.0,0.0
2005-05-09 00:00:00-04:00,47.03483562202858,47.03483562202858,46.55159917870577,46.67240905761719,237800,0.0,0.0
2005-05-10 00:00:00-04:00,46.471055436713556,46.51937692431514,46.02809105720514,46.22943878173828,171300,0.0,0.0
2005-05-11 00:00:00-04:00,46.10862996392744,46.11668252126953,45.48847858962037,45.883121490478516,254400,0.0,0.0
2005-05-12 00:00:00-04:00,45.802578289746094,45.85090284837578,44.787787137101695,44.820003509521484,555200,0.0,0.0
2005-05-13 00:00:00-04:00,44.86027318235814,45.16632258077359,44.26428257200411,44.41730880737305,384000,0.0,0.0
2005-05-16 00:00:00-04:00,44.29650109323067,45.464318554698536,44.29650109323067,45.3837776184082,216600,0.0,0.0
2005-05-17 00:00:00-04:00,45.464314359532736,45.97171145821333,45.35961268817782,45.93949508666992,274600,0.0,0.0
2005-05-18 00:00:00-04:00,46.34218366481933,47.34086645648547,46.34218366481933,47.187843322753906,252400,0.0,0.0
2005-05-19 00:00:00-04:00,47.39724481505146,47.86437292877207,47.2683824168392,47.76772689819336,318100,0.0,0.0
2005-05-20 00:00:00-04:00,47.9207684557723,47.977145584640304,47.558341861390076,47.8643913269043,151500,0.0,0.0
2005-05-23 00:00:00-04:00,48.14626326878108,49.21743455706315,48.08183359940714,49.024139404296875,381100,0.0,0.0
2005-05-24 00:00:00-04:00,48.94360089620037,49.24159464176196,48.629498965429754,49.16910934448242,281000,0.0,0.0
2005-05-25 00:00:00-04:00,49.12884685300352,49.33824714350586,48.81474488108872,48.89528274536133,212500,0.0,0.0
2005-05-26 00:00:00-04:00,48.97580993707258,50.01476161283061,48.97580993707258,49.740928649902344,187000,0.0,0.0
2005-05-27 00:00:00-04:00,49.69245691338049,49.959100844616614,49.30461371710372,49.89445877075195,157200,0.2,0.0
2005-05-31 00:00:00-04:00,50.007572245861,50.04797199516139,49.3288459777832,49.3288459777832,155100,0.0,0.0
2005-06-01 00:00:00-04:00,49.32885737000209,50.03182303354538,49.3046181312846,49.87022399902344,488400,0.0,0.0
2005-06-02 00:00:00-04:00,50.50046360900675,50.70246546344278,50.37926126342366,50.621665954589844,527000,0.0,0.0
2005-06-03 00:00:00-04:00,50.823659608521716,50.8640593564296,50.24189337527798,50.32269287109375,277100,0.0,0.0
2005-06-06 00:00:00-04:00,50.460064979818874,51.12263083055969,50.460064979818874,51.066070556640625,633000,0.0,0.0
2005-06-07 00:00:00-04:00,51.26806582162242,51.72862667188282,51.13070297241211,51.13070297241211,227200,0.0,0.0
2005-06-08 00:00:00-04:00,51.18727023488386,51.42967493340789,50.75902727681796,50.7994270324707,176300,0.0,0.0
2005-06-09 00:00:00-04:00,50.880223004964336,51.42966824079216,50.61357910420817,51.21150588989258,260100,0.0,0.0
2005-06-10 00:00:00-04:00,51.211491409185676,51.55085291531284,51.114528336890054,51.54277420043945,252800,0.0,0.0
2005-06-13 00:00:00-04:00,51.64784352570092,51.89024826785168,51.12264044308439,51.736724853515625,281100,0.0,0.0
2005-06-14 00:00:00-04:00,51.75286637328048,52.18110922567797,51.75286637328048,52.092227935791016,134000,0.0,0.0
2005-06-15 00:00:00-04:00,52.092258207800064,53.02954394864166,52.05185535633387,52.997222900390625,290500,0.0,0.0
2005-06-16 00:00:00-04:00,53.045699091514074,54.564751129287,52.964899566083034,54.2981071472168,366700,0.0,0.0
2005-06-17 00:00:00-04:00,54.29811619364766,54.960682275943974,54.17691996761331,54.87180709838867,603800,0.0,0.0
2005-06-20 00:00:00-04:00,54.89601137413756,54.920250603903725,54.30616340320252,54.386962890625,213800,0.0,0.0
2005-06-21 00:00:00-04:00,54.338523864746094,54.55668325556639,53.958759217197596,54.338523864746094,166400,0.0,0.0
2005-06-22 00:00:00-04:00,54.386990486909504,54.45971437771429,53.853708667646124,54.039546966552734,155600,0.0,0.0
2005-06-23 00:00:00-04:00,53.93449243617246,54.01529194098314,53.00528271933197,53.21536636352539,322300,0.0,0.0
2005-06-24 00:00:00-04:00,53.215366299456996,53.732490527151235,53.215366299456996,53.54664611816406,456300,0.0,0.0
2005-06-27 00:00:00-04:00,53.54665813317288,55.01723164151525,53.53858249611444,54.99299240112305,311800,0.0,0.0
2005-06-28 00:00:00-04:00,55.14651496754244,56.116121556073466,55.12227572752041,55.72019958496094,275900,0.0,0.0
2005-06-29 00:00:00-04:00,55.85754718682002,56.019152359346926,55.5585884057075,55.736351013183594,257700,0.0,0.0
2005-06-30 00:00:00-04:00,55.776759605655975,56.68981207293711,55.663639043010086,55.849483489990234,531600,0.0,0.0
2005-07-01 00:00:00-04:00,55.95452340443929,56.358527183532715,55.41315981996013,55.75252151489258,390000,0.0,0.0
2005-07-05 00:00:00-04:00,55.91411813554799,56.55244481858275,55.59092005797793,56.27772521972656,400400,0.0,0.0
2005-07-06 00:00:00-04:00,56.47971830021908,56.47971830021908,55.83330991658166,56.18883514404297,308600,0.0,0.0
2005-07-07 00:00:00-04:00,55.55051080624256,56.180755615234375,54.20921551358207,56.180755615234375,721100,0.0,0.0
2005-07-08 00:00:00-04:00,56.23731596678553,56.96452388763427,56.148434656203605,56.56052017211914,595900,0.0,0.0
2005-07-11 00:00:00-04:00,56.56050923543981,56.81098951795132,56.40698588055532,56.67362976074219,340800,0.0,0.0
2005-07-12 00:00:00-04:00,56.73828462667952,56.73828462667952,55.27579310193131,55.54243087768555,551300,0.0,0.0
2005-07-13 00:00:00-04:00,55.67171316121563,55.8333121813764,55.25154584542568,55.46971130371094,339700,0.0,0.0
2005-07-14 00:00:00-04:00,55.75252036530996,56.15652413607308,54.90410998086409,55.28387451171875,395100,0.0,0.0
2005-07-15 00:00:00-04:00,55.186912055284076,55.42931059483325,55.009149427516725,55.07379150390625,358600,0.0,0.0
2005-07-18 00:00:00-04:00,55.146506857110055,55.631310080075245,55.146506857110055,55.413150787353516,503100,0.0,0.0
2005-07-19 00:00:00-04:00,55.42123545702392,55.95452340443929,55.38892057955188,55.75252151489258,412800,0.0,0.0
2005-07-20 00:00:00-04:00,59.711747128753295,59.711747128753295,57.83717023760646,58.330055236816406,1038500,0.0,0.0
2005-07-21 00:00:00-04:00,58.418942328233754,58.814864260962004,57.79677312648162,58.07149887084961,616700,0.0,0.0
2005-07-22 00:00:00-04:00,58.13614228888754,58.8956713785803,58.128066651692734,58.78255081176758,303200,0.0,0.0
2005-07-25 00:00:00-04:00,58.83908586792883,59.2269320482896,58.17652019012552,58.27348327636719,442600,0.0,0.0
2005-07-26 00:00:00-04:00,58.67751389282637,59.59864205991471,58.43510914796786,59.23503494262695,466800,0.0,0.0
2005-07-27 00:00:00-04:00,59.39661461844114,59.49357154300322,57.48163521846097,58.15228271484375,490200,0.0,0.0
2005-07-28 00:00:00-04:00,58.58052663678686,59.71173803924605,58.556287405205175,59.41277313232422,656400,0.0,0.0
2005-07-29 00:00:00-04:00,59.55822319467193,59.97839048413179,58.63709527534227,58.73405838012695,280000,0.0,0.0
2005-08-01 00:00:00-04:00,57.36854638289076,58.871441189752154,55.75253099182341,57.974552154541016,806700,0.0,0.0
2005-08-02 00:00:00-04:00,57.934126636019286,59.251182609764406,57.88564816593049,58.73405838012695,438000,0.0,0.0
2005-08-03 00:00:00-04:00,58.73407480362552,58.7825532872701,57.73214093450628,57.87758255004883,301600,0.0,0.0
2005-08-04 00:00:00-04:00,57.95838229189107,58.08766028987372,57.11805372887527,57.368534088134766,198400,0.0,0.0
2005-08-05 00:00:00-04:00,56.27771750359227,56.85948382682654,55.17074512940443,55.897953033447266,468100,0.0,0.0
2005-08-08 00:00:00-04:00,55.95449452517518,56.21305656376145,54.95256739622902,55.631290435791016,370400,0.0,0.0
2005-08-09 00:00:00-04:00,55.63132035226899,56.301968119584906,55.63132035226899,56.229244232177734,309300,0.0,0.0
2005-08-10 00:00:00-04:00,57.328111600422226,57.328111600422226,56.09186150118647,56.552425384521484,408800,0.0,0.0
2005-08-11 00:00:00-04:00,56.79485702514648,57.255421127440684,56.52013122548189,56.794857025146484,230900,0.0,0.0
2005-08-12 00:00:00-04:00,56.79484850590969,56.972611144097236,56.09996155550823,56.76252746582031,251800,0.0,0.0
2005-08-15 00:00:00-04:00,56.96452934292288,57.25541253911921,56.45548683188332,56.76252746582031,259100,0.0,0.0
2005-08-16 00:00:00-04:00,56.76252260825617,57.25540763937546,55.90603669531134,56.156517028808594,259100,0.0,0.0
2005-08-17 00:00:00-04:00,56.479744335875225,56.479744335875225,55.77677535696512,55.97069549560547,210400,0.0,0.0
2005-08-18 00:00:00-04:00,55.76868411618531,55.80908696367816,54.8313984675196,54.94451904296875,298500,0.0,0.0
2005-08-19 00:00:00-04:00,54.94449394455,55.114174730214245,54.346570295360806,54.44352722167969,368500,0.0,0.0
2005-08-22 00:00:00-04:00,54.4516284673252,54.96875280773297,53.344655901191615,54.168827056884766,588000,0.0,0.0
2005-08-23 00:00:00-04:00,54.29808314770568,54.81520727942814,54.02336364974321,54.39504623413086,406300,0.0,0.0
2005-08-24 00:00:00-04:00,54.40312837897596,54.79096839793498,53.70824166668458,53.797122955322266,292300,0.0,0.0
2005-08-25 00:00:00-04:00,54.20112755894803,54.54857092142614,53.69207904845333,53.837520599365234,222600,0.0,0.0
2005-08-26 00:00:00-04:00,53.83753163386952,53.85369523428709,52.53663920758467,53.393131256103516,439000,0.0,0.0
2005-08-29 00:00:00-04:00,53.401228464380395,54.21731800614109,52.95682790708839,53.44163131713867,253700,0.0,0.0
2005-08-30 00:00:00-04:00,53.46594579139021,54.10650000068473,53.34432047816105,53.87946319580078,445900,0.23,0.0
2005-08-31 00:00:00-04:00,53.87945091825407,59.75794658562935,53.87945091825407,58.639007568359375,1330900,0.0,0.0
2005-09-01 00:00:00-04:00,58.46062739241222,58.98766619703224,57.80385948029209,58.33089828491211,1024100,0.0,0.0
2005-09-02 00:00:00-04:00,58.249817482269094,58.557935747783596,57.02547298190571,57.390342712402344,410400,0.0,0.0
2005-09-06 00:00:00-04:00,58.2011588299161,59.352531640928376,58.17683501063144,59.10928726196289,901100,0.0,0.0
2005-09-07 00:00:00-04:00,59.011989791157696,59.076857437717976,58.39575952107354,58.57414245605469,247700,0.0,0.0
2005-09-08 00:00:00-04:00,58.29035088954057,58.4444099947495,56.9281613205512,57.81196594238281,258700,0.0,0.0
2005-09-09 00:00:00-04:00,57.60926664015279,58.444417544682935,57.60926664015279,57.97413635253906,655600,0.0,0.0
2005-09-12 00:00:00-04:00,58.1768342428538,58.56603390462856,57.90925986201608,58.014671325683594,339500,0.0,0.0
2005-09-13 00:00:00-04:00,57.933578720382734,57.97412253926308,57.18761946748297,57.69844436645508,177400,0.0,0.0
2005-09-14 00:00:00-04:00,57.49577720500126,58.39578997945163,57.11468731533785,57.30117416381836,315100,0.0,0.0
2005-09-15 00:00:00-04:00,57.30114723240384,57.89305371209274,57.2362795824972,57.641693115234375,284700,0.0,0.0
2005-09-16 00:00:00-04:00,57.77142958207564,58.17684312300249,57.714671933790676,57.97413635253906,566600,0.0,0.0
2005-09-19 00:00:00-04:00,58.030912006802865,58.64714251233076,57.19576084313989,57.739013671875,309800,0.0,0.0
2005-09-20 00:00:00-04:00,59.32010891518801,59.32010891518801,56.63626721982469,57.02546691894531,304100,0.0,0.0
2005-09-21 00:00:00-04:00,57.02546403356077,58.939016236332925,56.928162567174056,57.77953338623047,670400,0.0,0.0
2005-09-22 00:00:00-04:00,58.05523264235442,59.19850208893015,58.05523264235442,58.59038162231445,385300,0.0,0.0
2005-09-23 00:00:00-04:00,58.50927476660955,58.849820595617004,58.19304656982422,58.19304656982422,383200,0.0,0.0
2005-09-26 00:00:00-04:00,58.86603241908291,60.89309969374912,58.86603241908291,60.317413330078125,471300,0.0,0.0
2005-09-27 00:00:00-04:00,60.48770738345525,61.533675205155355,60.47149356148216,61.13637161254883,502500,0.0,0.0
2005-09-28 00:00:00-04:00,61.33907343490202,61.62286169231366,60.803924561394304,60.90122604370117,565300,0.0,0.0
2005-09-29 00:00:00-04:00,61.103929462350756,62.36071391529605,60.86878886597494,62.352603912353516,264200,0.0,0.0
2005-09-30 00:00:00-04:00,62.31206056729027,64.08777387218218,62.263412921496986,63.61749267578125,543600,0.0,0.0
2005-10-03 00:00:00-04:00,63.82020004733134,66.27700516087687,63.82020004733134,64.80941009521484,739800,0.0,0.0
2005-10-04 00:00:00-04:00,65.67699802917791,65.79862333682634,63.97426228046029,63.98237228393555,810300,0.0,0.0
2005-10-05 00:00:00-04:00,63.36610020322537,63.374210201360384,61.03902562776005,62.482295989990234,1100100,0.0,0.0
2005-10-06 00:00:00-04:00,62.43370415785837,62.43370415785837,61.02286634147016,61.24989700317383,608200,0.0,0.0
2005-10-07 00:00:00-04:00,61.257993019758786,62.27963076412542,61.21744918823242,61.21744918823242,530800,0.0,0.0
2005-10-10 00:00:00-04:00,61.387712383326466,61.387712383326466,60.147148043792875,60.41472244262695,296800,0.0,0.0
2005-10-11 00:00:00-04:00,60.24444212408688,61.25797576556803,59.725513394538005,59.80659484863281,400500,0.0,0.0
2005-10-12 00:00:00-04:00,59.81469113831395,59.85523495331964,57.917359369506435,59.101165771484375,697800,0.0,0.0
2005-10-13 00:00:00-04:00,58.62279375047966,59.49037838084063,57.96601968314992,58.639007568359375,383900,0.0,0.0
2005-10-14 00:00:00-04:00,59.10930729495292,59.74175155517396,58.50118686226024,59.51472091674805,403700,0.0,0.0
2005-10-17 00:00:00-04:00,59.514676403110975,60.54442351038434,59.514676403110975,59.92008972167969,423500,0.0,0.0
2005-10-18 00:00:00-04:00,61.9471843070551,62.51476073507973,61.01473201576968,61.80123519897461,945600,0.0,0.0
2005-10-19 00:00:00-04:00,61.63906024282513,63.8282966564791,61.37959587373857,63.64180374145508,627600,0.0,0.0
2005-10-20 00:00:00-04:00,62.43367429286103,63.64180469966162,60.68228513556851,61.20932388305664,604800,0.0,0.0
2005-10-21 00:00:00-04:00,61.460699287851476,63.15532503012349,60.98230806157155,61.89854049682617,459200,0.0,0.0
2005-10-24 00:00:00-04:00,62.54720594684275,64.14453642443911,61.79313644880408,64.03102111816406,385600,0.0,0.0
2005-10-25 00:00:00-04:00,64.03102395138468,64.17697309249911,63.08235762720115,63.5283088684082,504200,0.0,0.0
2005-10-26 00:00:00-04:00,63.48780582991484,64.0797065348999,62.32021206450756,62.360755920410156,474800,0.0,0.0
2005-10-27 00:00:00-04:00,61.866103090451,61.866103090451,59.93633085523924,61.18500518798828,647200,0.0,0.0
2005-10-28 00:00:00-04:00,61.18498950731153,63.4309832046611,61.14445187903397,63.27692413330078,964400,0.0,0.0
2005-10-31 00:00:00-05:00,64.25805054089321,65.87159480974333,63.60938635751501,63.98237228393555,528900,0.0,0.0
2005-11-01 00:00:00-05:00,61.217448971340964,62.474233510763575,60.54446096155673,61.66340637207031,1089400,0.0,0.0
2005-11-02 00:00:00-05:00,61.598534955803174,63.64992650168336,61.590424952797704,63.61749267578125,711800,0.0,0.0
2005-11-03 00:00:00-05:00,64.25806889908873,64.41212807853198,61.347201617982705,61.930992126464844,541200,0.0,0.0
2005-11-04 00:00:00-05:00,62.571526182627785,63.471544763699825,60.96609197961056,61.622859954833984,428700,0.0,0.0
2005-11-07 00:00:00-05:00,61.703928682355546,62.24718124559928,61.21743375726984,61.74447250366211,373700,0.0,0.0
2005-11-08 00:00:00-05:00,60.6093041351549,60.84444465272908,58.80115762434815,59.101165771484375,805100,0.0,0.0
2005-11-09 00:00:00-05:00,59.09307796195188,59.190379442833695,58.07954406738281,58.07954406738281,1241000,0.0,0.0
2005-11-10 00:00:00-05:00,58.02277993732539,58.69576785283545,57.163305270266775,58.40386962890625,657200,0.0,0.0
2005-11-11 00:00:00-05:00,58.29847693785052,58.98767882087025,58.29847693785052,58.54983139038086,482100,0.0,0.0
2005-11-14 00:00:00-05:00,58.82551074523969,59.352543430747694,58.35522952525648,58.58226013183594,499500,0.0,0.0
2005-11-15 00:00:00-05:00,58.62280637164809,59.247140565396144,58.379555748248926,58.784969329833984,820000,0.0,0.0
2005-11-16 00:00:00-05:00,58.72821645267596,59.7498604934822,58.655238785272246,59.19038772583008,877900,0.0,0.0
2005-11-17 00:00:00-05:00,59.19847917035808,61.40392953189475,59.06874388503527,60.80391311645508,699300,0.0,0.0
2005-11-18 00:00:00-05:00,61.03908425772247,61.53368945506941,60.05798386895353,60.9985466003418,743400,0.0,0.0
2005-11-21 00:00:00-05:00,60.998540127777964,61.476925262513525,60.21203666180942,61.14448928833008,988300,0.0,0.0
2005-11-22 00:00:00-05:00,61.19310369882581,62.003930553324906,60.649851190979724,61.176883697509766,600900,0.0,0.0
2005-11-23 00:00:00-05:00,61.20930737723943,61.9795964731179,61.014710696499556,61.509315490722656,538500,0.0,0.0
2005-11-25 00:00:00-05:00,61.509315490722656,61.784993606261075,61.34715262112559,61.509315490722656,117500,0.0,0.0
2005-11-28 00:00:00-05:00,61.582314589837154,61.73637371544174,59.84714512399506,59.855255126953125,361300,0.0,0.0
2005-11-29 00:00:00-05:00,59.9365897572151,60.93702057390907,59.78204914103734,60.32699966430664,798300,0.23,0.0
2005-11-30 00:00:00-05:00,60.53035048774114,61.69345747241702,60.53035048774114,61.09157180786133,562400,0.0,0.0
2005-12-01 00:00:00-05:00,61.19730098045194,62.88909393245892,61.19730098045194,62.87282943725586,872400,0.0,0.0
2005-12-02 00:00:00-05:00,62.42547890651137,63.04363522343852,62.42547890651137,62.82402420043945,575200,0.0,0.0
2005-12-05 00:00:00-05:00,62.628808460339016,62.63694380935424,61.52263680148639,61.685306549072266,395600,0.0,0.0
2005-12-06 00:00:00-05:00,61.774777496908236,62.05945886670437,61.52263752355493,61.7503776550293,609700,0.0,0.0
2005-12-07 00:00:00-05:00,61.75041085393936,62.01882166981994,60.28636370500767,60.497833251953125,466200,0.0,0.0
2005-12-08 00:00:00-05:00,60.497822523586265,60.505957875628106,59.72513162690754,60.18874740600586,1025200,0.0,0.0
2005-12-09 00:00:00-05:00,60.27008231005803,60.37582327023571,59.46485621066736,60.18874740600586,454400,0.0,0.0
2005-12-12 00:00:00-05:00,60.253817811429755,60.75809793982645,59.7820666802896,60.18874740600586,301800,0.0,0.0
2005-12-13 00:00:00-05:00,60.17247563414819,60.554750257532234,59.87152969953046,60.221275329589844,302000,0.0,0.0
2005-12-14 00:00:00-05:00,60.733702663356,63.55606810526803,60.733702663356,63.39339828491211,809400,0.0,0.0
2005-12-15 00:00:00-05:00,63.39339519232953,63.80007592883571,62.01881231719285,62.71830368041992,448500,0.0,0.0
2005-12-16 00:00:00-05:00,62.921651144148136,63.604871879904486,61.90494918823242,61.90494918823242,531300,0.0,0.0
2005-12-19 00:00:00-05:00,61.90494125008685,62.067611059991506,61.03464473564043,61.24612045288086,577100,0.0,0.0
2005-12-20 00:00:00-05:00,61.44943856897897,64.21486156881377,59.04188405699653,60.22939682006836,5717700,0.0,0.0
2005-12-21 00:00:00-05:00,60.302620181425596,63.11685018326947,60.13181501372054,61.945613861083984,794600,0.0,0.0
2005-12-22 00:00:00-05:00,61.94560693067847,62.88096757220824,61.782930928119605,62.76709747314453,463200,0.0,0.0
2005-12-23 00:00:00-05:00,62.97042536990071,63.37710598769462,62.46614537532666,63.03549575805664,396900,0.0,0.0
2005-12-27 00:00:00-05:00,63.02734252619032,63.52349323556837,62.57999769680899,62.67759704589844,347500,0.0,0.0
2005-12-28 00:00:00-05:00,62.7508347066258,63.2551148148316,62.53122364847701,62.937904357910156,230600,0.0,0.0
2005-12-29 00:00:00-05:00,62.9460334777832,63.48285493970653,62.58002335771152,62.9460334777832,254100,0.0,0.0
2005-12-30 00:00:00-05:00,62.94603552500548,62.94603552500548,62.059474615997814,62.401084899902344,213000,0.0,0.0
2006-01-03 00:00:00-05:00,62.40107385771074,64.19046606143445,62.02692844076683,64.01966094970703,388900,0.0,0.0
2006-01-04 00:00:00-05:00,64.23112589043076,64.23112589043076,63.149354157817676,63.37709426879883,318200,0.0,0.0
2006-01-05 00:00:00-05:00,63.53978141001985,64.71101735945523,63.523510710394326,63.71871566772461,344400,0.0,0.0
2006-01-06 00:00:00-05:00,64.2555029415353,65.57314966619728,63.686152866005656,64.80045318603516,503800,0.0,0.0
2006-01-09 00:00:00-05:00,64.74355114636472,65.65451793653342,64.68661610982004,64.9062271118164,352700,0.0,0.0
2006-01-10 00:00:00-05:00,64.7435544320028,66.08560173918157,64.69475474261758,65.84159088134766,323800,0.0,0.0
2006-01-11 00:00:00-05:00,65.47558937072753,65.5081245697278,64.23928283599089,65.06890869140625,513700,0.0,0.0
2006-01-12 00:00:00-05:00,65.07705932500394,65.15839423887769,64.63784334353835,64.82491302490234,302800,0.0,0.0
2006-01-13 00:00:00-05:00,65.47558071439548,65.80906180596865,64.8655597760626,65.33731079101562,296700,0.0,0.0
2006-01-17 00:00:00-05:00,64.90623512105743,65.42678586383012,64.58088935546093,65.321044921875,301700,0.0,0.0
2006-01-18 00:00:00-05:00,64.91437908079459,65.88228124783579,64.86557937672721,65.41053009033203,245700,0.0,0.0
2006-01-19 00:00:00-05:00,65.43488080438753,66.75252767382837,65.20714074915233,66.6142578125,292100,0.0,0.0
2006-01-20 00:00:00-05:00,66.53296977519965,66.54109892185521,64.97944641113281,64.97944641113281,258700,0.0,0.0
2006-01-23 00:00:00-05:00,65.06891697573437,66.27269467018587,65.06891697573437,65.63826751708984,240900,0.0,0.0
2006-01-24 00:00:00-05:00,65.88225997017432,67.82619282347527,65.88225997017432,66.90709686279297,316900,0.0,0.0
2006-01-25 00:00:00-05:00,68.28168344669113,68.33048934782656,67.17551150459344,67.51712799072266,467700,0.0,0.0
2006-01-26 00:00:00-05:00,68.65582842925616,69.57492443909344,68.53382299651038,69.45291900634766,474900,0.0,0.0
2006-01-27 00:00:00-05:00,69.45291095920602,70.38014221191406,69.18450027935545,70.38014221191406,550600,0.0,0.0
2006-01-30 00:00:00-05:00,70.68106375986633,70.80306913648957,69.737562133128,69.90023803710938,275800,0.0,0.0
2006-01-31 00:00:00-05:00,69.36346786015494,69.72948425913037,68.15969631290154,68.956787109375,372000,0.0,0.0
2006-02-01 00:00:00-05:00,69.14386030724363,74.56084447099973,69.14386030724363,74.05656433105469,869300,0.0,0.0
2006-02-02 00:00:00-05:00,73.97520798996833,74.01587853728041,71.71406456159222,71.98247528076172,634900,0.0,0.0
2006-02-03 00:00:00-05:00,71.77913914369734,72.78770548025712,71.42939351494894,72.38916015625,366600,0.0,0.0
2006-02-06 00:00:00-05:00,74.42257342692717,76.64305293826213,73.64174717169276,75.0732650756836,869900,0.0,0.0
2006-02-07 00:00:00-05:00,74.74790931254458,74.74790931254458,71.65713370009587,72.38916015625,575100,0.0,0.0
2006-02-08 00:00:00-05:00,72.18582363527337,72.66570387856834,70.0141502050763,72.51116943359375,538300,0.0,0.0
2006-02-09 00:00:00-05:00,77.47261386366506,77.83862373044715,76.08990302754353,76.51284790039062,1256800,0.0,0.0
2006-02-10 00:00:00-05:00,76.51286248589874,76.85447258740925,74.84547009614998,75.39042663574219,909300,0.0,0.0
2006-02-13 00:00:00-05:00,75.23591126398813,75.23591126398813,73.85319970131786,73.92639923095703,583900,0.0,0.0
2006-02-14 00:00:00-05:00,74.01588894763144,77.3100051686916,73.8044132416822,76.31770324707031,809600,0.0,0.0
2006-02-15 00:00:00-05:00,76.21198108678475,76.45599205424692,75.3742196135315,75.91104125976562,477100,0.0,0.0
2006-02-16 00:00:00-05:00,76.11435802994573,76.47223281085502,76.00861708099923,76.2200927734375,388000,0.0,0.0
2006-02-17 00:00:00-05:00,76.42342239256807,76.66743325002811,75.77273711509777,76.40715789794922,414400,0.0,0.0
2006-02-21 00:00:00-05:00,76.45596143484748,77.22865217993288,76.37462654675231,76.6593017578125,377200,0.0,0.0
2006-02-22 00:00:00-05:00,78.48938615421166,79.23767725828955,77.92003557620802,78.22911071777344,348300,0.0,0.0
2006-02-23 00:00:00-05:00,77.30186647588548,79.77448582137067,77.2693312759568,79.58740997314453,451900,0.0,0.0
2006-02-24 00:00:00-05:00,79.30271692043297,80.23808354058518,78.94483600704693,80.18927764892578,331300,0.0,0.0
2006-02-27 00:00:00-05:00,80.71105110167973,81.52631424412094,80.02623304761191,80.28711700439453,416700,0.23,0.0
2006-02-28 00:00:00-05:00,79.97730048564979,80.48276579387199,78.90930792694697,79.48814392089844,401200,0.0,0.0
2006-03-01 00:00:00-05:00,79.4963008999828,80.60505913376502,79.4963008999828,80.45015716552734,376700,0.0,0.0
2006-03-02 00:00:00-05:00,80.38496063369493,80.71106719970703,80.00178588512811,80.71106719970703,360400,0.0,0.0
2006-03-03 00:00:00-05:00,80.50722064114895,80.8414814542033,80.07513224961079,80.474609375,327700,0.0,0.0
2006-03-06 00:00:00-05:00,80.38498223858687,80.63771816065535,79.16208695234073,79.34144592285156,313800,0.0,0.0
2006-03-07 00:00:00-05:00,79.56967761804826,79.6022888885677,77.36846972767816,78.43646240234375,512400,0.0,0.0
2006-03-08 00:00:00-05:00,78.43646960231636,79.12944205956457,77.8576334923813,79.08052825927734,404700,0.0,0.0
2006-03-09 00:00:00-05:00,79.20283421614782,80.41757484335324,79.20283421614782,79.90396118164062,341700,0.0,0.0
2006-03-10 00:00:00-05:00,78.97452062333575,79.97729052317015,78.4282897444416,79.9446792602539,538600,0.0,0.0
2006-03-13 00:00:00-05:00,79.89579509706593,80.64583576232849,79.47186096190678,79.81427001953125,266000,0.0,0.0
2006-03-14 00:00:00-05:00,79.70014183851852,80.18114419926482,79.02347180766986,80.00178527832031,493100,0.0,0.0
2006-03-15 00:00:00-05:00,83.9721015607616,85.17053934522107,83.8253539500122,84.69768524169922,836300,0.0,0.0
2006-03-16 00:00:00-05:00,84.69768793347082,85.32544404050216,83.99656112871496,84.4857177734375,369100,0.0,0.0
2006-03-17 00:00:00-05:00,85.19502683479524,86.62173781049755,84.8770746006646,86.05105590820312,509400,0.0,0.0
2006-03-20 00:00:00-05:00,85.92874915201492,86.41790586575257,84.67324298077705,84.81183624267578,457700,0.0,0.0
2006-03-21 00:00:00-05:00,84.81181430305888,84.81996867516852,82.69213161188424,82.87149047851562,376900,0.0,0.0
2006-03-22 00:00:00-05:00,82.74917361871591,84.10251284279073,82.54535792014765,83.55628204345703,326300,0.0,0.0
2006-03-23 00:00:00-05:00,83.51558089473822,84.61618519077699,83.31991320924602,83.768310546875,298400,0.0,0.0
2006-03-24 00:00:00-05:00,83.72752724100837,84.05363376145306,82.69214572505837,83.9231948852539,505300,0.0,0.0
2006-03-27 00:00:00-05:00,84.0944200425589,84.24116770176705,83.1731684297653,83.26284790039062,433800,0.0,0.0
2006-03-28 00:00:00-05:00,82.44755053911244,83.44217246172205,81.52630552585711,82.22743225097656,467000,0.0,0.0
2006-03-29 00:00:00-05:00,82.4230814459076,84.81180209313743,82.38232203115423,84.01284790039062,357500,0.0,0.0
2006-03-30 00:00:00-05:00,87.19236800571446,87.84458083867338,85.19497631221688,86.1895980834961,893900,0.0,0.0
2006-03-31 00:00:00-05:00,86.59723782990848,87.49402589600986,86.01024746810738,87.25759887695312,494600,0.0,0.0
2006-04-03 00:00:00-04:00,87.56740164077037,89.38543464396169,86.866274964573,88.3663558959961,565500,0.0,0.0
2006-04-04 00:00:00-04:00,88.2440437386545,89.67075363878777,88.2440437386545,89.31204223632812,574100,0.0,0.0
2006-04-05 00:00:00-04:00,89.98876647216166,91.79049773203577,89.35286205337854,91.61114501953125,563500,0.0,0.0
2006-04-06 00:00:00-04:00,91.61110688720261,91.61110688720261,89.25499728038776,90.43712615966797,312100,0.0,0.0
2006-04-07 00:00:00-04:00,90.90183786774071,91.38284012289313,88.30930089769178,88.46420288085938,389400,0.0,0.0
2006-04-10 00:00:00-04:00,88.46421700938728,89.01044189415927,87.15164267913731,87.27393341064453,378700,0.0,0.0
2006-04-11 00:00:00-04:00,87.78755656618725,87.91799546600629,85.29285273997885,85.57819366455078,563600,0.0,0.0
2006-04-12 00:00:00-04:00,86.17334456923116,87.75495765981914,86.17334456923116,87.7468032836914,351600,0.0,0.0
2006-04-13 00:00:00-04:00,88.45607181980643,89.23872387476551,87.90984687831919,88.94522857666016,390100,0.0,0.0
2006-04-17 00:00:00-04:00,88.53760620800689,89.39363528738014,86.95599940206941,87.30655670166016,279600,0.0,0.0
2006-04-18 00:00:00-04:00,88.23591482309357,91.66001684183021,88.20330355758638,91.46435546875,551200,0.0,0.0
2006-04-19 00:00:00-04:00,91.27684722930763,92.68725499465494,89.83383441663634,90.79584503173828,497000,0.0,0.0
2006-04-20 00:00:00-04:00,90.79584738819771,91.89645125286233,89.51588465877997,90.93444061279297,435100,0.0,0.0
2006-04-21 00:00:00-04:00,90.91814959828532,91.3094786722365,90.10288639585465,90.4860610961914,387300,0.0,0.0
2006-04-24 00:00:00-04:00,90.48608065185914,90.67359396572762,89.55668089782534,89.98062133789062,437900,0.0,0.0
2006-04-25 00:00:00-04:00,89.92353838297075,90.05397726774761,88.51313023278342,89.3365478515625,525200,0.0,0.0
2006-04-26 00:00:00-04:00,89.48333348928686,90.29044270278176,85.19504525905818,85.48854064941406,1276300,0.0,0.0
2006-04-27 00:00:00-04:00,85.48851668493201,86.15703239334884,83.12425168981095,85.95321655273438,988700,0.0,0.0
2006-04-28 00:00:00-04:00,84.36345664176139,86.82554929338988,84.36345664176139,86.5483627319336,415500,0.0,0.0
2006-05-01 00:00:00-04:00,87.07010723115425,88.63541099217261,87.07010723115425,88.0810317993164,708200,0.0,0.0
2006-05-02 00:00:00-04:00,86.41790394388941,87.64079881101992,85.72493142984177,86.27115631103516,1108800,0.0,0.0
2006-05-03 00:00:00-04:00,85.72491339558438,86.73583786481694,85.09715734600697,85.6596908569336,357700,0.0,0.0
2006-05-04 00:00:00-04:00,86.16516100494471,87.5348032931458,85.692306903312,87.3472900390625,445200,0.0,0.0
2006-05-05 00:00:00-04:00,87.9587620755651,88.15442353740004,86.76032395939043,87.5918960571289,428200,0.0,0.0
2006-05-08 00:00:00-04:00,87.23316138734661,87.45327971200693,86.85814106609581,87.05380249023438,299700,0.0,0.0
2006-05-09 00:00:00-04:00,86.64618553910007,86.76847628234181,84.42866829086378,84.6895523071289,445600,0.0,0.0
2006-05-10 00:00:00-04:00,84.68953478552038,86.16516533406723,84.48571899560724,85.66785430908203,474300,0.0,0.0
2006-05-11 00:00:00-04:00,85.9287442799146,86.66248241890118,85.09717231574156,85.12163543701172,513300,0.0,0.0
2006-05-12 00:00:00-04:00,85.12979967401503,85.12979967401503,80.19746001335733,80.6458511352539,922900,0.0,0.0
2006-05-15 00:00:00-04:00,80.64582686215405,80.64582686215405,76.5613630827615,77.74349212646484,1373900,0.0,0.0
2006-05-16 00:00:00-04:00,77.99623530707198,78.86041860017764,75.62382243308546,77.49077606201172,843800,0.0,0.0
2006-05-17 00:00:00-04:00,76.67550540581355,77.409237299869,73.55304589946248,74.07481384277344,1201000,0.0,0.0
2006-05-18 00:00:00-04:00,74.84116391553707,75.37108001721147,73.63457164811238,73.66718292236328,718500,0.0,0.0
2006-05-19 00:00:00-04:00,73.67534430751716,74.47429883282359,71.90621827583688,73.78132629394531,621100,0.0,0.0
2006-05-22 00:00:00-04:00,72.71334468348668,72.9171605336187,69.29738904488497,72.57474517822266,1318000,0.0,0.0
2006-05-23 00:00:00-04:00,74.63735535152607,75.08574642102099,71.5148955139244,71.53935241699219,789900,0.0,0.0
2006-05-24 00:00:00-04:00,71.13167375941272,72.55022917932939,69.10981943611588,70.58544921875,1248500,0.0,0.0
2006-05-25 00:00:00-04:00,72.21601394440756,74.08296737215575,72.16709392405394,73.95252227783203,896200,0.0,0.0
2006-05-26 00:00:00-04:00,74.5802967890381,76.25973736257161,73.71611337608358,75.868408203125,987900,0.0,0.0
2006-05-30 00:00:00-04:00,75.66406681464129,75.67223515573069,73.47374797532949,73.85787200927734,675800,0.23,0.0
2006-05-31 00:00:00-04:00,74.37274239417914,75.37800308439012,74.0376534189843,74.78955841064453,1762600,0.0,0.0
2006-06-01 00:00:00-04:00,74.79774901831226,76.53856606897,74.2992120475287,76.4895248413086,658900,0.0,0.0
2006-06-02 00:00:00-04:00,77.64187126808824,77.76446494348095,76.25249290796653,77.24957275390625,588900,0.0,0.0
2006-06-05 00:00:00-04:00,76.89818514648145,76.9063597256466,73.40838808820328,73.64540100097656,662300,0.0,0.0
2006-06-06 00:00:00-04:00,73.59634735223788,73.60451569395676,70.70316436304192,71.32429504394531,1329900,0.0,0.0
2006-06-07 00:00:00-04:00,71.38152347048582,72.18246388217852,69.28928012865882,69.33014678955078,1032700,0.0,0.0
2006-06-08 00:00:00-04:00,68.77437083134359,69.24022192670617,65.57062272866146,68.44745635986328,1199900,0.0,0.0
2006-06-09 00:00:00-04:00,69.14219151408793,70.98107961943802,68.38211751446138,68.88066101074219,789000,0.0,0.0
2006-06-12 00:00:00-04:00,68.79071098500614,68.88878719312203,64.72881333731608,65.27639770507812,1325100,0.0,0.0
2006-06-13 00:00:00-04:00,65.14563379316415,66.93548574012996,63.08608316771211,63.47020721435547,1384600,0.0,0.0
2006-06-14 00:00:00-04:00,63.66635481373131,64.89227946520737,62.849071712747275,63.658180236816406,1541200,0.0,0.0
2006-06-15 00:00:00-04:00,64.11584732604825,67.91621443244651,64.11584732604825,67.38497924804688,1544100,0.0,0.0
2006-06-16 00:00:00-04:00,67.22155638702436,67.71192515614607,65.9139042575741,66.11822509765625,857200,0.0,0.0
2006-06-19 00:00:00-04:00,68.44745261759414,69.2157006482637,66.28165137724609,66.73933410644531,1265600,0.0,0.0
2006-06-20 00:00:00-04:00,67.27874452992306,68.8479265851377,65.93840074500534,67.1561508178711,1021200,0.0,0.0
2006-06-21 00:00:00-04:00,66.9599896424308,69.7387528074386,66.9599896424308,68.93781280517578,763000,0.0,0.0
2006-06-22 00:00:00-04:00,68.93782144416774,70.44979378308925,68.77436733442607,70.2373046875,994200,0.0,0.0
2006-06-23 00:00:00-04:00,69.64068651822923,71.48774791936512,69.50174989906019,70.49066162109375,719200,0.0,0.0
2006-06-26 00:00:00-04:00,70.6704911277642,71.732955724333,70.17194779350714,71.4305648803711,553400,0.0,0.0
2006-06-27 00:00:00-04:00,72.53386707193287,73.25307387534791,70.61325324724392,70.68680572509766,813700,0.0,0.0
2006-06-28 00:00:00-04:00,70.89929917285464,71.26707402311739,69.85317794640785,71.03006744384766,570800,0.0,0.0
2006-06-29 00:00:00-04:00,71.65935412809955,74.15206909179688,71.37330640325872,74.15206909179688,696000,0.0,0.0
2006-06-30 00:00:00-04:00,74.61796269122745,74.62613103419868,73.71894613428692,74.49536895751953,461500,0.0,0.0
2006-07-03 00:00:00-04:00,74.98572376085085,75.27177159624227,74.17661524492217,74.2828598022461,342000,0.0,0.0
2006-07-05 00:00:00-04:00,73.55546798066639,73.55546798066639,72.5583817503797,72.89347076416016,675000,0.0,0.0
2006-07-06 00:00:00-04:00,72.87709598747361,73.8986993502072,72.87709598747361,73.1059341430664,454300,0.0,0.0
2006-07-07 00:00:00-04:00,73.02421679443151,73.06508342850319,71.42234325771429,71.61032104492188,710200,0.0,0.0
2006-07-10 00:00:00-04:00,71.79833285302838,72.51754610955535,70.2618425751891,70.53154754638672,537800,0.0,0.0
2006-07-11 00:00:00-04:00,70.53971883222924,70.53971883222924,67.84268771386871,68.85611724853516,1341300,0.0,0.0
2006-07-12 00:00:00-04:00,68.85608177530801,69.27289778477825,67.23785894966524,67.63015747070312,1172100,0.0,0.0
2006-07-13 00:00:00-04:00,67.13979787919723,67.50757272508957,65.40715572137546,65.63599395751953,1024700,0.0,0.0
2006-07-14 00:00:00-04:00,65.63600414568064,65.64417872263303,64.00143793621729,64.54084777832031,664500,0.0,0.0
2006-07-17 00:00:00-04:00,64.23845559135232,65.03939583748327,63.004356264963334,63.03704833984375,498600,0.0,0.0
2006-07-18 00:00:00-04:00,63.29858848958947,63.46204888926284,60.519830284285696,63.20868682861328,1306700,0.0,0.0
2006-07-19 00:00:00-04:00,65.38262465182368,68.03061920431809,64.851389579453,67.70370483398438,1542400,0.0,0.0
2006-07-20 00:00:00-04:00,67.01721829965717,68.07151431139685,64.13220977783203,64.13220977783203,627900,0.0,0.0
2006-07-21 00:00:00-04:00,64.14035563349908,64.23025100319838,61.95003752290902,62.48944091796875,830100,0.0,0.0
2006-07-24 00:00:00-04:00,63.62550232072233,66.62493047219364,63.18416859975253,66.30619049072266,1171700,0.0,0.0
2006-07-25 00:00:00-04:00,66.19993617673498,68.85610645543113,65.50524673553574,67.45037841796875,1129500,0.0,0.0
2006-07-26 00:00:00-04:00,67.4503429433757,67.45851751660834,65.17012337051585,66.1590347290039,1696900,0.0,0.0
2006-07-27 00:00:00-04:00,66.50232468774338,67.49123643987987,64.7615077832088,65.38264465332031,1085500,0.0,0.0
2006-07-28 00:00:00-04:00,66.05281716010525,66.7229890249665,65.76676933401355,66.56770324707031,796500,0.0,0.0
2006-07-31 00:00:00-04:00,66.55952220378818,66.55952220378818,64.74515314543584,65.8076171875,767800,0.0,0.0
2006-08-01 00:00:00-04:00,63.347601872245356,65.48071082585206,63.339427297012,63.42932891845703,2321700,0.0,0.0
2006-08-02 00:00:00-04:00,64.56539016389335,68.12057179293093,64.32020264380346,67.69558715820312,1140700,0.0,0.0
2006-08-03 00:00:00-04:00,67.01719580140929,69.59163810670886,66.64942100152656,68.94598388671875,815200,0.0,0.0
2006-08-04 00:00:00-04:00,70.69500889477276,72.23149932890607,68.12056512725187,68.86429595947266,1248900,0.0,0.0
2006-08-07 00:00:00-04:00,68.86429997592838,69.0767891672044,67.3686698803286,68.02249908447266,706500,0.0,0.0
2006-08-08 00:00:00-04:00,68.0306271817046,68.20225584329636,66.05280405055356,66.37154388427734,1159100,0.0,0.0
2006-08-09 00:00:00-04:00,66.47781763331959,66.85377342150937,63.976932843337885,63.985107421875,952100,0.0,0.0
2006-08-10 00:00:00-04:00,63.29854816329119,63.7235386963119,62.66106859913283,63.00432586669922,1406700,0.0,0.0
2006-08-11 00:00:00-04:00,62.832710242244254,63.045205552751135,62.30964965897653,62.43224334716797,728000,0.0,0.0
2006-08-14 00:00:00-04:00,63.17599121692946,63.50289949498221,62.66927340934655,63.03704833984375,1028500,0.0,0.0
2006-08-15 00:00:00-04:00,64.1567313221524,65.20285282248402,63.748089721374356,64.90863037109375,604500,0.0,0.0
2006-08-16 00:00:00-04:00,65.13744384958167,66.15087912281763,64.6470753625756,66.08549499511719,588100,0.0,0.0
2006-08-17 00:00:00-04:00,65.71772955240881,66.3225172313762,64.84323074940427,64.9739990234375,599200,0.0,0.0
2006-08-18 00:00:00-04:00,65.26006619957525,67.81816676013491,65.03122788746637,67.5811538696289,1301900,0.0,0.0
2006-08-21 00:00:00-04:00,67.5647870126816,67.57296158893722,66.2326179102537,66.89461517333984,942500,0.0,0.0
2006-08-22 00:00:00-04:00,66.81292377461148,68.22682692343871,66.7720571068978,67.67107391357422,692000,0.0,0.0
2006-08-23 00:00:00-04:00,67.63837286319458,68.01432246190379,66.4287907424707,67.30328369140625,694700,0.0,0.0
2006-08-24 00:00:00-04:00,67.42587528807687,68.44747945910832,67.01723361966427,67.49942779541016,652400,0.0,0.0
2006-08-25 00:00:00-04:00,67.50757598876953,67.83449044279769,66.78836917820725,67.50757598876953,361500,0.0,0.0
2006-08-28 00:00:00-04:00,67.27057370318785,68.4065967764745,67.27057370318785,68.03064727783203,430500,0.0,0.0
2006-08-29 00:00:00-04:00,68.03881976669435,68.36573426189767,66.77202843604718,67.45854949951172,628400,0.0,0.0
2006-08-30 00:00:00-04:00,67.6594662662444,67.88906955641457,67.06085232582606,67.42986297607422,556800,0.275,0.0
2006-08-31 00:00:00-04:00,67.84806443946192,68.17607181200742,66.92144939902464,67.53646087646484,552500,0.0,0.0
2006-09-01 00:00:00-04:00,68.06122925640578,70.15226952520365,67.48722139166969,69.75045776367188,835000,0.0,0.0
2006-09-05 00:00:00-04:00,69.7504837388578,70.053891583903,68.96326997853876,69.07807159423828,485500,0.0,0.0
2006-09-06 00:00:00-04:00,68.4466818479162,68.84028571003135,66.65904814557337,66.7656478881836,745600,0.0,0.0
2006-09-07 00:00:00-04:00,66.21621566050216,66.6344250900991,64.78939121720586,64.96159362792969,1038200,0.0,0.0
2006-09-08 00:00:00-04:00,65.27320293972164,65.79801212116153,64.55159187929652,65.06819915771484,858200,0.0,0.0
2006-09-11 00:00:00-04:00,64.19076368090992,64.28916771855721,63.06734730146765,63.15754318237305,1389400,0.0,0.0
2006-09-12 00:00:00-04:00,63.15756489114424,64.74019440071123,62.2145524618108,63.501976013183594,1615400,0.0,0.0
2006-09-13 00:00:00-04:00,63.493810073111085,67.71689179171635,63.493810073111085,66.67546844482422,1697600,0.0,0.0
2006-09-14 00:00:00-04:00,66.19161107663056,68.38104960117825,65.71600088034306,67.2904281616211,1149700,0.0,0.0
2006-09-15 00:00:00-04:00,67.58565026410838,68.43026490638638,66.82303588935088,66.83123779296875,1349800,0.0,0.0
2006-09-18 00:00:00-04:00,67.24124178399173,67.24944368717013,65.4864098769558,66.32282257080078,1111600,0.0,0.0
2006-09-19 00:00:00-04:00,66.38022393957083,66.38022393957083,64.46139149012342,64.77299499511719,795800,0.0,0.0
2006-09-20 00:00:00-04:00,65.39620168122984,65.97020972641468,63.96937721447145,64.30558013916016,964300,0.0,0.0
2006-09-21 00:00:00-04:00,64.78119638439652,65.28960802598128,63.13296419300156,63.28056716918945,958800,0.0,0.0
2006-09-22 00:00:00-04:00,63.15759300273192,64.4450171271401,62.86239316936279,64.33021545410156,866500,0.0,0.0
2006-09-25 00:00:00-04:00,64.33019857478396,64.4450002177002,62.698369859428496,63.40358352661133,1331000,0.0,0.0
2006-09-26 00:00:00-04:00,63.92017035144693,67.40523429794109,63.682371493511205,66.51962280273438,2121300,0.0,0.0
2006-09-27 00:00:00-04:00,66.66720842924614,68.62704337973226,66.65900652917499,68.18423461914062,2120600,0.0,0.0
2006-09-28 00:00:00-04:00,68.88126764503905,71.05430888746555,68.6844657749373,70.10308837890625,1382200,0.0,0.0
2006-09-29 00:00:00-04:00,70.10308036937485,70.7016940701563,69.03706462658613,69.3896713256836,999300,0.0,0.0
2006-10-02 00:00:00-04:00,69.3896702611913,71.06250158081316,68.56145337485987,69.8570785522461,999900,0.0,0.0
2006-10-03 00:00:00-04:00,69.85707590030506,69.86527154536452,68.73365316161653,69.7012710571289,1115100,0.0,0.0
2006-10-04 00:00:00-04:00,69.29948870291106,70.55411100135136,68.93047809640412,69.9719009399414,1044300,0.0,0.0
2006-10-05 00:00:00-04:00,69.97190845520865,71.73494263684636,69.97190845520865,71.59553527832031,888500,0.0,0.0
2006-10-06 00:00:00-04:00,71.59551796408202,71.95632661806005,70.20149476570685,71.17731475830078,589600,0.0,0.0
2006-10-09 00:00:00-04:00,71.01331119548551,71.71852472951869,69.92268953747848,71.31671905517578,825200,0.0,0.0
2006-10-10 00:00:00-04:00,71.31671609973716,73.55535387738102,71.31671609973716,72.80094146728516,852100,0.0,0.0
2006-10-11 00:00:00-04:00,72.36633478657583,73.07154829462525,72.26793071932978,72.9813461303711,1048100,0.0,0.0
2006-10-12 00:00:00-04:00,73.47335616635037,75.31839025328773,73.47335616635037,74.58857727050781,955400,0.0,0.0
2006-10-13 00:00:00-04:00,74.41636434671099,74.71157025949293,73.64554821264504,74.62957000732422,635100,0.0,0.0
2006-10-16 00:00:00-04:00,74.58858230804057,74.9493910002888,74.32617769264718,74.62138366699219,474300,0.0,0.0
2006-10-17 00:00:00-04:00,74.62137620713976,74.62137620713976,73.30115135836208,73.80136108398438,606300,0.0,0.0
2006-10-18 00:00:00-04:00,74.62136810524188,75.44138313936541,73.77675362108955,74.62957000732422,654400,0.0,0.0
2006-10-19 00:00:00-04:00,74.85918632737051,75.85140394169939,74.68698389078972,75.65460205078125,655100,0.0,0.0
2006-10-20 00:00:00-04:00,69.29129858053398,73.63738253245222,69.29129858053398,73.44877624511719,4519800,0.0,0.0
2006-10-23 00:00:00-04:00,72.90755919504849,72.90755919504849,71.27572433602957,71.48072814941406,1363700,0.0,0.0
2006-10-24 00:00:00-04:00,71.01331570616289,72.98955535888672,71.01331570616289,72.98955535888672,497300,0.0,0.0
2006-10-25 00:00:00-04:00,72.9895318466968,73.53894035715405,72.23511334422001,73.35033416748047,787500,0.0,0.0
2006-10-26 00:00:00-04:00,73.80136122051981,73.88336148174326,71.95632719000682,73.70295715332031,830700,0.0,0.0
2006-10-27 00:00:00-04:00,74.94939203445394,76.95842681226002,73.71936920978418,73.87516784667969,1533200,0.0,0.0
2006-10-30 00:00:00-05:00,73.39136566165406,73.71937301641381,72.36634658816727,72.56314849853516,620300,0.0,0.0
2006-10-31 00:00:00-05:00,72.32534699313956,73.06336201474716,71.45613277670186,72.16134643554688,1066500,0.0,0.0
2006-11-01 00:00:00-05:00,73.30935093939516,74.74437735946523,71.66111884231628,72.00552368164062,1690600,0.0,0.0
2006-11-02 00:00:00-05:00,72.00555415651374,72.81737395078834,71.25114144930826,72.19416046142578,709800,0.0,0.0
2006-11-03 00:00:00-05:00,72.8337653015975,73.23557108329865,72.07935265866696,72.53035736083984,936100,0.0,0.0
2006-11-06 00:00:00-05:00,73.05513966999185,74.08015850870798,72.34173056222525,73.94895935058594,494300,0.0,0.0
2006-11-07 00:00:00-05:00,73.95715398703746,75.0313716224844,73.8013491368699,74.12935638427734,841800,0.0,0.0
2006-11-08 00:00:00-05:00,74.04737127384547,76.3352080593149,73.18635285541178,75.76119995117188,1093300,0.0,0.0
2006-11-09 00:00:00-05:00,76.0974173219468,79.07407041232227,74.70338765018602,77.65544128417969,1921800,0.0,0.0
2006-11-10 00:00:00-05:00,77.73742362834552,77.78662252580254,76.13018874094675,77.49961853027344,955500,0.0,0.0
2006-11-13 00:00:00-05:00,77.29461932532566,78.03263411164491,76.67960804609599,77.98342895507812,651500,0.0,0.0
2006-11-14 00:00:00-05:00,78.14743935364828,79.47585977463042,77.36021937412438,79.21345520019531,1312600,0.0,0.0
2006-11-15 00:00:00-05:00,79.22168314249183,79.78749573368619,78.90187765778735,79.73009490966797,750300,0.0,0.0
2006-11-16 00:00:00-05:00,79.78746278539927,80.36147078854452,78.55744027332972,78.84444427490234,769600,0.0,0.0
2006-11-17 00:00:00-05:00,78.77887754823698,78.8198808198512,77.49965555349988,77.86865997314453,815000,0.0,0.0
2006-11-20 00:00:00-05:00,77.16342784891563,77.19622920714343,75.3921982981503,76.72882080078125,1008300,0.0,0.0
2006-11-21 00:00:00-05:00,76.72882826675645,77.98345062400661,76.67142744832735,77.82765197753906,478200,0.0,0.0
2006-11-22 00:00:00-05:00,77.82765196969589,78.63946533203125,77.48324080293607,78.63946533203125,458300,0.0,0.0
2006-11-24 00:00:00-05:00,78.36884969917924,79.00025862857167,77.82764293915992,78.92646026611328,196200,0.0,0.0
2006-11-27 00:00:00-05:00,78.89367305261355,78.90187495754134,77.08143994923438,77.3930435180664,690900,0.0,0.0
2006-11-28 00:00:00-05:00,77.33561177838688,77.50781417570435,76.47459979179956,77.49961853027344,1078400,0.0,0.0
2006-11-29 00:00:00-05:00,77.93139958264067,80.08610496232788,77.74224294365314,80.02031707763672,876600,0.275,0.0
2006-11-30 00:00:00-05:00,80.14366788514661,82.07633196504652,80.00386001218924,81.67334747314453,1361900,0.0,0.0
2006-12-01 00:00:00-05:00,81.41841347420582,81.96942547366189,80.59600525729465,81.44308471679688,964400,0.0,0.0
2006-12-04 00:00:00-05:00,81.46776418085483,82.7507253953528,81.12235420076888,82.60269165039062,833200,0.0,0.0
2006-12-05 00:00:00-05:00,82.8987379804458,84.58467080023298,82.48753393545248,84.29682922363281,1056000,0.0,0.0
2006-12-06 00:00:00-05:00,84.30507027972008,85.52223095890973,84.16525611058219,84.8067398071289,613400,0.0,0.0
2006-12-07 00:00:00-05:00,84.72449759387187,84.92188009717894,83.52378226723451,84.31329345703125,708500,0.0,0.0
2006-12-08 00:00:00-05:00,84.31324993566298,84.89716503010744,83.26056889264716,83.40038299560547,445800,0.0,0.0
2006-12-11 00:00:00-05:00,83.40863218807637,84.2803890845327,82.69314112078177,82.85762023925781,1233700,0.0,0.0
2006-12-12 00:00:00-05:00,82.97274007498359,83.81981928510517,80.92494597460013,81.73912811279297,1424300,0.0,0.0
2006-12-13 00:00:00-05:00,82.81650408049569,83.59779564320327,82.42175165414963,82.8247299194336,720200,0.0,0.0
2006-12-14 00:00:00-05:00,82.79182608207692,83.47442634525726,82.3230536924964,82.85762023925781,346800,0.0,0.0
2006-12-15 00:00:00-05:00,82.97274262067617,83.51553491244144,82.01875260337293,82.66844940185547,439500,0.0,0.0
2006-12-18 00:00:00-05:00,82.66026456784132,84.09125333224036,82.65203872753209,83.73761749267578,471200,0.0,0.0
2006-12-19 00:00:00-05:00,83.65534804803866,84.95475427599018,82.767145846061,84.71625518798828,453500,0.0,0.0
2006-12-20 00:00:00-05:00,84.51064492947454,86.10611212794339,84.35438540701823,85.69490814208984,680900,0.0,0.0
2006-12-21 00:00:00-05:00,85.7031854071765,85.78542499880234,84.4202302092734,84.76564025878906,602100,0.0,0.0
2006-12-22 00:00:00-05:00,84.87252630702864,84.954772149107,83.7951735401516,83.90208435058594,290700,0.0,0.0
2006-12-26 00:00:00-05:00,83.9021062136061,84.69162383684682,83.73762703554337,84.37910461425781,437000,0.0,0.0
2006-12-27 00:00:00-05:00,84.54360756365415,87.08484715517659,84.53538172070509,86.93681335449219,446400,0.0,0.0
2006-12-28 00:00:00-05:00,86.93675929641704,87.40553166135071,85.59623635533764,86.07323455810547,378300,0.0,0.0
2006-12-29 00:00:00-05:00,86.07323460171388,86.36929574465938,85.39885393743958,85.45642852783203,218400,0.0,0.0
2007-01-03 00:00:00-05:00,86.14725689196503,87.09302755426614,84.23104432586844,84.97943878173828,671900,0.0,0.0
2007-01-04 00:00:00-05:00,84.97941752653354,84.97941752653354,84.16522911400739,84.53531646728516,455200,0.0,0.0
2007-01-05 00:00:00-05:00,83.22771215509059,84.18993457347483,81.34440278945071,82.91519927978516,517800,0.0,0.0
2007-01-08 00:00:00-05:00,82.82472780957511,82.83295364830347,81.88718297779016,82.1832504272461,789800,0.0,0.0
2007-01-09 00:00:00-05:00,82.18324214092259,82.72602822721306,81.7555926873142,82.43818664550781,846900,0.0,0.0
2007-01-10 00:00:00-05:00,82.24082342677318,83.00566333562124,81.41841519250544,82.92342376708984,379800,0.0,0.0
2007-01-11 00:00:00-05:00,83.72116124005647,87.87431908232358,83.70470956156939,87.52068328857422,1011800,0.0,0.0
2007-01-12 00:00:00-05:00,87.52066863733748,89.190156079115,87.01077963017934,89.00923156738281,593600,0.0,0.0
2007-01-16 00:00:00-05:00,89.1325753140763,92.38109062529114,88.19503071146619,92.18370819091797,1386400,0.0,0.0
2007-01-17 00:00:00-05:00,92.18371399520262,92.9896766334525,91.62448255269199,92.23306274414062,720900,0.0,0.0
2007-01-18 00:00:00-05:00,92.3564252015467,92.62781508555697,90.67048621341192,90.99945068359375,678900,0.0,0.0
2007-01-19 00:00:00-05:00,90.95833791743588,92.0027997561774,90.67049632684903,91.20506286621094,966000,0.0,0.0
2007-01-22 00:00:00-05:00,91.13107659705588,91.4271441353625,90.49782486341465,90.75276947021484,461900,0.0,0.0
2007-01-23 00:00:00-05:00,90.69514821947988,93.2528374599649,90.69514821947988,92.89097595214844,638600,0.0,0.0
2007-01-24 00:00:00-05:00,92.93213754791164,93.31044461154107,91.90412717680643,93.25287628173828,514600,0.0,0.0
2007-01-25 00:00:00-05:00,93.26108156681691,93.45845775771373,91.87943568158718,92.04391479492188,431900,0.0,0.0
2007-01-26 00:00:00-05:00,92.24952685402872,92.89100425004759,91.63272070024493,92.8663330078125,294600,0.0,0.0
2007-01-29 00:00:00-05:00,92.86631164309122,93.26929608847634,92.71005838672424,93.26107025146484,424800,0.0,0.0
2007-01-30 00:00:00-05:00,93.66403900801843,93.91898345947266,93.07190429221224,93.91898345947266,469700,0.0,0.0
2007-01-31 00:00:00-05:00,93.75457515799826,95.20201596992332,93.63943846239415,94.92239379882812,1034500,0.0,0.0
2007-02-01 00:00:00-05:00,95.93393133612688,96.73988797226609,95.81056883380587,96.68231964111328,982800,0.0,0.0
2007-02-02 00:00:00-05:00,97.12640138840605,97.76787874233723,96.42735571487789,96.81388854980469,938800,0.0,0.0
2007-02-05 00:00:00-05:00,96.82209787225726,98.29420269005116,96.54247588585817,97.32376098632812,432700,0.0,0.0
2007-02-06 00:00:00-05:00,97.27439600363175,97.81718817690248,97.06879404850926,97.50466918945312,299300,0.0,0.0
2007-02-07 00:00:00-05:00,97.71032537480947,97.86658495525981,96.8879170978745,97.2497787475586,539800,0.0,0.0
2007-02-08 00:00:00-05:00,95.81053453380642,102.63652362411663,94.26440971172862,101.85523223876953,2334300,0.0,0.0
2007-02-09 00:00:00-05:00,101.85525078435678,104.62676858109545,99.54428583029744,100.67920684814453,1054100,0.0,0.0
2007-02-12 00:00:00-05:00,100.67921343695869,100.73678176175153,97.29911512896359,98.94393157958984,815400,0.0,0.0
2007-02-13 00:00:00-05:00,99.51137195611092,103.21220810323902,99.51137195611092,102.46381378173828,997900,0.0,0.0
2007-02-14 00:00:00-05:00,103.10532906727474,106.04132639710615,101.5756491534657,105.39984893798828,1118400,0.0,0.0
2007-02-15 00:00:00-05:00,105.39983748496431,105.5478649368505,103.82903481775486,104.18267059326172,397100,0.0,0.0
2007-02-16 00:00:00-05:00,104.26489776747974,104.4376027152998,102.38980830603239,103.95238494873047,477900,0.0,0.0
2007-02-20 00:00:00-05:00,107.65321934724416,109.39673311855816,106.27979927410699,106.58409881591797,1347500,0.0,0.0
2007-02-21 00:00:00-05:00,106.51008866051626,109.569448375132,105.41628417474118,109.32272338867188,1040500,0.0,0.0
2007-02-22 00:00:00-05:00,109.42139834676834,110.44940845421834,108.46740195530637,108.88682556152344,648600,0.0,0.0
2007-02-23 00:00:00-05:00,108.88682910713547,108.8950612195921,108.07265310685254,108.40984344482422,410400,0.0,0.0
2007-02-26 00:00:00-05:00,108.55788103067007,109.33916630102443,108.1220056940844,108.6154556274414,655300,0.0,0.0
2007-02-27 00:00:00-05:00,103.84787683898536,105.8999440328778,102.60344772057032,103.46878051757812,1450700,0.275,0.0
2007-02-28 00:00:00-05:00,104.16929910543635,104.19402182518043,101.44144375491642,103.27924346923828,1069200,0.0,0.0
2007-03-01 00:00:00-05:00,100.7409409679231,104.3423660040533,97.94716041849551,103.36165618896484,1037900,0.0,0.0
2007-03-02 00:00:00-05:00,102.66114468467698,104.02095078400404,102.19139417264417,102.84245300292969,649700,0.0,0.0
2007-03-05 00:00:00-05:00,100.79039846529773,102.47160640516051,100.01571965692851,100.1805419921875,804600,0.0,0.0
2007-03-06 00:00:00-05:00,101.3672809050646,103.04025209610464,100.7821534527225,101.10356140136719,794400,0.0,0.0
2007-03-07 00:00:00-05:00,100.68327309733347,105.10058023772989,100.19704273550501,103.29574584960938,877100,0.0,0.0
2007-03-08 00:00:00-05:00,104.37536958378419,106.64170567992615,104.10340698872162,105.81758117675781,558900,0.0,0.0
2007-03-09 00:00:00-05:00,106.92190361218508,106.92190361218508,104.8038978794259,106.38621520996094,529700,0.0,0.0
2007-03-12 00:00:00-04:00,105.95763543177293,106.31200273816866,104.597823200506,105.22415924072266,585000,0.0,0.0
2007-03-13 00:00:00-04:00,105.02637597179265,105.02637597179265,101.3755060040173,101.49088287353516,783800,0.0,0.0
2007-03-14 00:00:00-04:00,101.9441450598668,103.55119077073435,100.83157882161552,103.4358139038086,1136400,0.0,0.0
2007-03-15 00:00:00-04:00,103.14738299612708,105.29834127151005,103.14738299612708,104.63904571533203,482000,0.0,0.0
2007-03-16 00:00:00-04:00,104.86978961736652,105.77633113920152,103.03199014477205,103.51822662353516,553900,0.0,0.0
2007-03-19 00:00:00-04:00,104.33412659197162,104.9522197664354,104.08689309472747,104.56488037109375,506900,0.0,0.0
2007-03-20 00:00:00-04:00,104.63079068619243,106.83120672141264,104.21872865310839,106.70758056640625,480600,0.0,0.0
2007-03-21 00:00:00-04:00,106.70761122009374,110.77878728850456,105.98239038462503,110.37496185302734,993200,0.0,0.0
2007-03-22 00:00:00-04:00,110.61395780413076,111.19084226391081,109.45193959398506,111.08370208740234,719000,0.0,0.0
2007-03-23 00:00:00-04:00,111.17434478958099,111.25676223610688,110.02057598903903,110.2843017578125,576500,0.0,0.0
2007-03-26 00:00:00-04:00,110.28427194429315,111.35562300868725,109.22114501713689,111.26496887207031,2286400,0.0,0.0
2007-03-27 00:00:00-04:00,111.26501029166846,111.7677265863888,110.17717282243933,111.15788269042969,593800,0.0,0.0
2007-03-28 00:00:00-04:00,110.59743561033808,111.67703601220805,109.80628363154611,111.14959716796875,672100,0.0,0.0
2007-03-29 00:00:00-04:00,111.58640216172866,113.12752283578021,110.84469547485108,112.19625854492188,628000,0.0,0.0
2007-03-30 00:00:00-04:00,112.58361088776287,112.58361088776287,110.84470826989141,111.42159271240234,443500,0.0,0.0
2007-04-02 00:00:00-04:00,111.47099926747282,112.74839388571927,111.47099926747282,111.87482452392578,537300,0.0,0.0
2007-04-03 00:00:00-04:00,112.69899664781653,114.05879669614421,112.48472885948487,113.30885314941406,323100,0.0,0.0
2007-04-04 00:00:00-04:00,113.50660189576057,114.4461028098404,112.83082671376947,113.62197875976562,347200,0.0,0.0
2007-04-05 00:00:00-04:00,113.72085845408034,114.35542478605511,113.55602361837178,113.91864013671875,463500,0.0,0.0
2007-04-09 00:00:00-04:00,114.15766234866793,115.37736237271322,114.14941306041234,114.28951263427734,303600,0.0,0.0
2007-04-10 00:00:00-04:00,114.28956302570136,115.88012961877774,113.16051664871775,113.3830337524414,603400,0.0,0.0
2007-04-11 00:00:00-04:00,113.38303376756457,113.48192466917047,111.72654828996548,112.4847412109375,669200,0.0,0.0
2007-04-12 00:00:00-04:00,112.03970236659809,113.16876127214557,111.60291746906191,112.33638763427734,719600,0.0,0.0
2007-04-13 00:00:00-04:00,112.34460330822533,112.9956558139347,110.89413684465279,111.5122299194336,668800,0.0,0.0
2007-04-16 00:00:00-04:00,111.6688289217796,112.3610902306418,110.5068107836012,111.28972625732422,958600,0.0,0.0
2007-04-17 00:00:00-04:00,111.56996827767438,111.9408217525571,109.91347014131577,110.58100891113281,733200,0.0,0.0
2007-04-18 00:00:00-04:00,110.22661187607227,110.46560236128519,108.67725435425623,109.54258728027344,958100,0.0,0.0
2007-04-19 00:00:00-04:00,109.55082296310934,109.80631202610985,108.48770828696988,109.68268585205078,853000,0.0,0.0
2007-04-20 00:00:00-04:00,113.72918243472644,115.34447200816622,112.28696454153244,113.89400482177734,1664200,0.0,0.0
2007-04-23 00:00:00-04:00,113.50662215424563,117.3800033658851,113.50662215424563,116.38282012939453,983900,0.0,0.0
2007-04-24 00:00:00-04:00,116.81959476398134,117.26461625859373,114.9653154820134,116.9267349243164,538900,0.0,0.0
2007-04-25 00:00:00-04:00,117.61903369469445,118.5173262598353,116.20153874092163,118.20415496826172,500300,0.0,0.0
2007-04-26 00:00:00-04:00,118.13821468966461,120.0254536638973,117.92393433943822,119.58866882324219,608000,0.0,0.0
2007-04-27 00:00:00-04:00,119.407303440443,121.76429814096545,119.17654976977356,120.80831146240234,683800,0.0,0.0
2007-04-30 00:00:00-04:00,120.81658280048332,124.83006263552626,120.09958637312825,120.17376708984375,1430400,0.0,0.0
2007-05-01 00:00:00-04:00,119.14364615771667,119.15188287298024,115.78945450018605,117.4294662475586,1262400,0.0,0.0
2007-05-02 00:00:00-04:00,117.57779115683513,120.140817770381,117.57779115683513,119.04473114013672,792000,0.0,0.0
2007-05-03 00:00:00-04:00,119.26728223182653,127.33545444338019,118.95411094088138,124.36861419677734,1295300,0.0,0.0
2007-05-04 00:00:00-04:00,125.0443804963306,125.4069972118897,122.90990150945407,123.0582504272461,653500,0.0,0.0
2007-05-07 00:00:00-04:00,124.01418090121365,124.10483504780257,122.87689828734845,123.70925903320312,938200,0.0,0.0
2007-05-08 00:00:00-04:00,120.53642770338405,123.4538350606255,118.52557477243461,122.1352310180664,1175400,0.0,0.0
2007-05-09 00:00:00-04:00,122.7368033652791,122.7368033652791,121.31932139938615,121.95388793945312,714300,0.0,0.0
2007-05-10 00:00:00-04:00,121.46769455237319,121.93745149543267,117.4459634649573,117.71792602539062,906700,0.0,0.0
2007-05-11 00:00:00-04:00,118.31950067017736,119.00351259316662,116.20149574012561,117.49537658691406,1019200,0.0,0.0
2007-05-14 00:00:00-04:00,117.5119105205753,118.13000390127492,116.22627830074285,117.05863952636719,711500,0.0,0.0
2007-05-15 00:00:00-04:00,117.23989754840542,118.83046370371173,114.84170581885404,115.39386749267578,962700,0.0,0.0
2007-05-16 00:00:00-04:00,116.29214981086879,117.51184993220656,114.70158379221375,116.67948913574219,776100,0.0,0.0
2007-05-17 00:00:00-04:00,116.49821000051914,118.49258927095909,115.16313267633225,117.32233428955078,580400,0.0,0.0
2007-05-18 00:00:00-04:00,117.87448373206011,118.77277609516746,117.42121290544809,118.14644622802734,551400,0.0,0.0
2007-05-21 00:00:00-04:00,118.04758796180747,120.51996125351559,118.04758796180747,120.13262176513672,1038700,0.0,0.0
2007-05-22 00:00:00-04:00,120.64355202074617,125.34930716041016,120.34686677897056,125.20095825195312,1148000,0.0,0.0
2007-05-23 00:00:00-04:00,125.48941680188628,127.31897384312093,123.24779759055625,123.51976013183594,623800,0.0,0.0
2007-05-24 00:00:00-04:00,123.01705674867912,126.00861986782076,122.01162394165145,122.27533721923828,712400,0.0,0.0
2007-05-25 00:00:00-04:00,123.19834109642149,124.80538090068123,122.68737550022065,124.28617858886719,337300,0.0,0.0
2007-05-29 00:00:00-04:00,124.78885332604943,126.72554973678203,124.33558261554455,125.78604888916016,534800,0.0,0.0
2007-05-30 00:00:00-04:00,125.62508511602225,128.8449658560739,125.2452981733784,128.77891540527344,982200,0.275,0.0
2007-05-31 00:00:00-04:00,129.26604472441784,130.4301477804207,127.2267825839773,128.33309936523438,865300,0.0,0.0
2007-06-01 00:00:00-04:00,129.72837746057658,131.5694881236445,129.05963396310284,130.67782592773438,989200,0.0,0.0
2007-06-04 00:00:00-04:00,130.5456669986159,130.84288759847377,128.25873255303466,130.45484924316406,774300,0.0,0.0
2007-06-05 00:00:00-04:00,130.52102253262947,132.22178155591203,129.25783694357622,132.04014587402344,609400,0.0,0.0
2007-06-06 00:00:00-04:00,131.04935480181106,131.39611023896677,128.4651984872811,128.70462036132812,803800,0.0,0.0
2007-06-07 00:00:00-04:00,128.27521985010972,129.05956064014003,125.07185666751867,126.45887756347656,1321600,0.0,0.0
2007-06-08 00:00:00-04:00,126.45891573315929,129.89346269957025,125.85622284748982,129.66229248046875,614700,0.0,0.0
2007-06-11 00:00:00-04:00,129.596289897769,131.9905591644305,128.28357011220982,131.0493621826172,1057200,0.0,0.0
2007-06-12 00:00:00-04:00,130.71906831316429,131.6107302313055,128.30828428167055,129.7696075439453,517000,0.0,0.0
2007-06-13 00:00:00-04:00,130.64484448020866,134.3022995110789,130.52925930671893,133.13818359375,927100,0.0,0.0
2007-06-14 00:00:00-04:00,131.92445857697578,134.75631262726438,131.92445857697578,133.62522888183594,519700,0.0,0.0
2007-06-15 00:00:00-04:00,134.36830958501457,136.74607540805667,134.36830958501457,136.30850219726562,722000,0.0,0.0
2007-06-18 00:00:00-04:00,137.19193505668665,139.92470857236484,136.31678841276008,138.33128356933594,1057700,0.0,0.0
2007-06-19 00:00:00-04:00,138.8266366426184,140.1393691445636,136.34154934636769,138.75233459472656,1285400,0.0,0.0
2007-06-20 00:00:00-04:00,138.9586663470849,140.35395176558404,137.75328063964844,137.75328063964844,567100,0.0,0.0
2007-06-21 00:00:00-04:00,137.46431358370333,139.98243115690505,137.01848892053184,139.3384552001953,566000,0.0,0.0
2007-06-22 00:00:00-04:00,139.34673457761355,140.56038472224913,137.0680509376009,137.9266815185547,695100,0.0,0.0
2007-06-25 00:00:00-04:00,137.93498329936654,139.80086161917842,135.08661222558084,135.75535583496094,563200,0.0,0.0
2007-06-26 00:00:00-04:00,135.82962507769693,137.03501096883443,133.1463873556055,133.48487854003906,761100,0.0,0.0
2007-06-27 00:00:00-04:00,132.75008559752,133.03080312005298,129.24950042401173,132.65101623535156,918500,0.0,0.0
2007-06-28 00:00:00-04:00,132.08136297186846,134.0958576382172,132.08136297186846,133.17942810058594,492800,0.0,0.0
2007-06-29 00:00:00-04:00,133.77383080344217,134.75631050751966,132.77484793974597,133.7655792236328,506400,0.0,0.0
2007-07-02 00:00:00-04:00,133.82339309680606,137.0267704203995,133.20418434185376,136.06080627441406,631900,0.0,0.0
2007-07-03 00:00:00-04:00,136.06079031734973,136.59743280290442,133.74907538374313,133.96372985839844,263200,0.0,0.0
2007-07-05 00:00:00-04:00,134.49209443426017,135.77179464678977,133.4683443425008,134.77281188964844,383200,0.0,0.0
2007-07-06 00:00:00-04:00,134.50870924741676,135.65630945523426,132.58503172248646,133.60879516601562,804600,0.0,0.0
2007-07-09 00:00:00-04:00,134.14537829818968,134.78110280050754,131.97402821010533,132.57672119140625,855700,0.0,0.0
2007-07-10 00:00:00-04:00,132.0318196389822,132.0400712206421,127.12768419639463,127.25153350830078,1192100,0.0,0.0
2007-07-11 00:00:00-04:00,127.49919969403507,129.43939208984375,126.81395311798406,129.43939208984375,1233000,0.0,0.0
2007-07-12 00:00:00-04:00,130.86773021567905,133.74086853306602,129.91003004105383,132.60977172851562,793300,0.0,0.0
2007-07-13 00:00:00-04:00,132.11434820579902,135.38376250413506,131.61072471567263,134.9874725341797,407300,0.0,0.0
2007-07-16 00:00:00-04:00,134.83064787782698,135.8874298708186,132.04007623498364,132.3950958251953,378100,0.0,0.0
2007-07-17 00:00:00-04:00,133.072089064667,133.73258095071435,131.78413681568392,132.1061248779297,348600,0.0,0.0
2007-07-18 00:00:00-04:00,131.27223205566406,132.96473819607394,130.13288412349732,131.27223205566406,527400,0.0,0.0
2007-07-19 00:00:00-04:00,128.8614601516182,130.2237142536676,125.0223586495851,126.06263732910156,1639500,0.0,0.0
2007-07-20 00:00:00-04:00,125.8479771589667,125.864492919281,119.93660734767177,121.89330291748047,1527000,0.0,0.0
2007-07-23 00:00:00-04:00,122.66115335004109,122.98314145384252,119.8045309282917,120.97689819335938,872300,0.0,0.0
2007-07-24 00:00:00-04:00,119.44128418464686,120.72098527910512,118.59090484915968,119.0532455444336,1007300,0.0,0.0
2007-07-25 00:00:00-04:00,119.30083263951624,120.27504792483967,114.89207132877355,117.40192413330078,1312500,0.0,0.0
2007-07-26 00:00:00-04:00,114.83431309705321,116.67543601427418,111.5731498342048,113.8848648071289,1814400,0.0,0.0
2007-07-27 00:00:00-04:00,113.25739831850011,115.19759070461447,111.54013719960656,113.19136047363281,1348700,0.0,0.0
2007-07-30 00:00:00-04:00,113.1005330013989,115.30491437165546,111.91165033028689,114.08300018310547,699100,0.0,0.0
2007-07-31 00:00:00-04:00,115.09022701920493,118.06243317318659,113.1087646484375,113.1087646484375,777500,0.0,0.0
2007-08-01 00:00:00-04:00,113.1088351325037,114.58667495359484,108.97252387200403,111.96123504638672,2260200,0.0,0.0
2007-08-02 00:00:00-04:00,112.11808707288142,113.61244244339473,108.6505199670885,109.2862319946289,1595800,0.0,0.0
2007-08-03 00:00:00-04:00,108.97252349958505,108.98077508368777,105.2242382714627,105.48843383789062,1331500,0.0,0.0
2007-08-06 00:00:00-04:00,106.90847448237892,107.71757050358484,104.010575355839,107.4946517944336,1277300,0.0,0.0
2007-08-07 00:00:00-04:00,104.02707016888786,111.98596614456243,102.67306753726967,105.26548767089844,1950700,0.0,0.0
2007-08-08 00:00:00-04:00,106.13237986843693,114.33069748599844,106.13237986843693,110.29345703125,1968500,0.0,0.0
2007-08-09 00:00:00-04:00,107.53591534548968,113.91788974992453,104.92697955815738,108.04779052734375,937800,0.0,0.0
2007-08-10 00:00:00-04:00,105.92599393717094,111.76306267329902,104.03534220432252,109.99625396728516,884600,0.0,0.0
2007-08-13 00:00:00-04:00,112.80330670607935,115.00768796636355,107.4450833729437,108.4193115234375,825800,0.0,0.0
2007-08-14 00:00:00-04:00,109.67422929843228,109.67422929843228,104.19216940925992,104.8526611328125,1796900,0.0,0.0
2007-08-15 00:00:00-04:00,104.62151084612756,107.14788051691033,103.06110530841855,103.92799377441406,2594700,0.0,0.0
2007-08-16 00:00:00-04:00,103.61423876282103,103.61423876282103,96.20024504237281,102.88770294189453,2297600,0.0,0.0
2007-08-17 00:00:00-04:00,106.18192110881454,111.25942801836379,101.1539425866327,103.5482177734375,1235800,0.0,0.0
2007-08-20 00:00:00-04:00,103.04458178644452,105.68653638703422,102.19420284622086,104.68755340576172,2009900,0.0,0.0
2007-08-21 00:00:00-04:00,104.19218969681089,104.99303402040535,102.21897831960584,104.48941040039062,833000,0.0,0.0
2007-08-22 00:00:00-04:00,104.94350267615471,111.11907460504582,104.94350267615471,109.2531967163086,1415500,0.0,0.0
2007-08-23 00:00:00-04:00,110.75581712035535,110.75581712035535,106.8671926256006,108.30374908447266,544200,0.0,0.0
2007-08-24 00:00:00-04:00,108.31200955679418,111.33375164270768,107.94048678179992,110.91268157958984,425000,0.0,0.0
2007-08-27 00:00:00-04:00,110.9126840737339,111.45759087482482,108.15514373779297,108.15514373779297,599800,0.0,0.0
2007-08-28 00:00:00-04:00,108.15514919269937,108.71655918734872,105.68656529804174,106.38008880615234,600000,0.0,0.0
2007-08-29 00:00:00-04:00,107.53486921869734,109.34781484757025,106.16895785451753,109.0580825805664,550900,0.345,0.0
2007-08-30 00:00:00-04:00,108.42894310910741,110.72203095051663,108.12265069178572,109.14916229248047,461300,0.0,0.0
2007-08-31 00:00:00-04:00,111.75676727294922,113.32963524116721,110.26667451631295,111.75676727294922,464000,0.0,0.0
2007-09-04 00:00:00-04:00,111.75678473577445,112.11274472766515,110.2998119414292,111.52499389648438,494900,0.0,0.0
2007-09-05 00:00:00-04:00,110.92900172097171,111.44225126889324,108.52001812961227,109.42234802246094,564400,0.0,0.0
2007-09-06 00:00:00-04:00,110.23363894107428,110.2667465209961,108.45380020253079,110.2667465209961,374200,0.0,0.0
2007-09-07 00:00:00-04:00,108.69386499226026,108.90909581608298,105.49844705273281,108.08955383300781,790600,0.0,0.0
2007-09-10 00:00:00-04:00,108.8180040079227,109.77001392631749,103.61097068338248,105.63086700439453,1104000,0.0,0.0
2007-09-11 00:00:00-04:00,106.37589935077834,108.73521423339844,106.27656403164588,108.73521423339844,707700,0.0,0.0
2007-09-12 00:00:00-04:00,108.44546801035874,110.05973008418236,107.84943083976957,109.26502227783203,996800,0.0,0.0
2007-09-13 00:00:00-04:00,110.37433838292793,110.57302170365433,108.85941122048666,109.74519348144531,1134000,0.0,0.0
2007-09-14 00:00:00-04:00,108.98355596618786,112.47699129118686,108.35441120576444,111.92234802246094,789600,0.0,0.0
2007-09-17 00:00:00-04:00,111.34294210087634,111.65752099801419,108.03162783765325,109.11608123779297,1174100,0.0,0.0
2007-09-18 00:00:00-04:00,109.89422494133618,111.62438334195932,107.23689010233866,111.14424133300781,1508800,0.0,0.0
2007-09-19 00:00:00-04:00,112.15416859684873,113.95055439674343,110.83792470127922,111.9306640625,1001800,0.0,0.0
2007-09-20 00:00:00-04:00,111.79820148288177,111.86442925500424,109.19882142744034,110.00181579589844,853400,0.0,0.0
2007-09-21 00:00:00-04:00,111.06143982914996,111.62435696975876,109.90247271291267,111.01177215576172,651200,0.0,0.0
2007-09-24 00:00:00-04:00,110.63095842411592,111.11937402293113,109.27332070247263,110.23360443115234,687600,0.0,0.0
2007-09-25 00:00:00-04:00,109.30645409105728,109.43063592745439,107.22033566149945,108.09783172607422,1254200,0.0,0.0
2007-09-26 00:00:00-04:00,108.21371005525529,108.21371005525529,103.89244557154764,105.12590789794922,1338800,0.0,0.0
2007-09-27 00:00:00-04:00,104.90244887558306,112.5598639856818,104.67065786116176,111.47541046142578,1958400,0.0,0.0
2007-09-28 00:00:00-04:00,111.83130737672461,112.5846340627122,108.8097395299097,110.55645751953125,826600,0.0,0.0
2007-10-01 00:00:00-04:00,111.01173741525699,114.50517250908639,110.62265725326752,113.801513671875,717300,0.0,0.0
2007-10-02 00:00:00-04:00,113.61939740793868,116.99693729477087,113.34621264154195,116.98037719726562,544200,0.0,0.0
2007-10-03 00:00:00-04:00,116.26022212074037,119.43908013430566,115.18404267807722,117.1377182006836,778100,0.0,0.0
2007-10-04 00:00:00-04:00,117.79994833482209,118.56154871743395,114.19889082771917,116.87277221679688,1038900,0.0,0.0
2007-10-05 00:00:00-04:00,117.22877412116064,119.20728338880573,116.59962911733892,118.05660247802734,710300,0.0,0.0
2007-10-08 00:00:00-04:00,117.61786018684589,118.61952547370227,116.55824084899079,117.1377182006836,600600,0.0,0.0
2007-10-09 00:00:00-04:00,117.2949856994796,117.32809327125032,113.46213689462058,114.45552825927734,1211500,0.0,0.0
2007-10-10 00:00:00-04:00,114.04166296921362,114.52180507124734,111.09459518511738,113.04827117919922,507900,0.0,0.0
2007-10-11 00:00:00-04:00,113.79329605953613,114.52177645328631,111.03662600474138,112.41909790039062,914600,0.0,0.0
2007-10-12 00:00:00-04:00,112.33630294338514,116.0780905681132,111.02833265350989,115.34132385253906,1170300,0.0,0.0
2007-10-15 00:00:00-04:00,115.34131422379244,116.35953945769454,112.99855870696281,113.71876525878906,774500,0.0,0.0
2007-10-16 00:00:00-04:00,110.92899423784817,113.00683876162306,108.834589610905,108.9753189086914,718200,0.0,0.0
2007-10-17 00:00:00-04:00,109.81140463331681,109.81140463331681,105.44875283975857,106.45042419433594,790500,0.0,0.0
2007-10-18 00:00:00-04:00,105.96202866415426,106.50839840605177,104.39743358992644,105.93719482421875,681100,0.0,0.0
2007-10-19 00:00:00-04:00,105.93716436038194,105.9619981931761,102.36094717399533,103.63580322265625,876700,0.0,0.0
2007-10-22 00:00:00-04:00,102.33613114456472,105.34114543615728,100.82948397327796,104.85272979736328,822900,0.0,0.0
2007-10-23 00:00:00-04:00,105.60606709744104,106.49184321906968,103.06463420149126,104.74512481689453,662800,0.0,0.0
2007-10-24 00:00:00-04:00,103.32952284923417,104.94378542503902,102.6507039307126,104.09940338134766,726400,0.0,0.0
2007-10-25 00:00:00-04:00,104.03315753309933,105.05138889191647,101.30132854737995,102.8576431274414,943300,0.0,0.0
2007-10-26 00:00:00-04:00,104.37260965445974,104.86930544779123,102.39410021801133,103.32954406738281,508300,0.0,0.0
2007-10-29 00:00:00-04:00,103.52820075104101,104.89411865081293,101.4503563542668,102.1457290649414,908500,0.0,0.0
2007-10-30 00:00:00-04:00,98.11419196850542,108.37926254375859,98.11419196850542,107.4852066040039,1956500,0.0,0.0
2007-10-31 00:00:00-04:00,106.0861707151317,108.32959052456765,104.82787472572242,107.07957458496094,892200,0.0,0.0
2007-11-01 00:00:00-04:00,105.69709887953881,105.9702773701339,102.1043214095255,102.74175262451172,800600,0.0,0.0
2007-11-02 00:00:00-04:00,103.61925720707461,103.61925720707461,99.58773780125068,102.9901123046875,651800,0.0,0.0
2007-11-05 00:00:00-05:00,102.40234281234117,102.5927460717249,99.32282730389468,100.58112335205078,832500,0.0,0.0
2007-11-06 00:00:00-05:00,100.85431318771829,104.5629800628237,100.29966979815556,104.24012756347656,635400,0.0,0.0
2007-11-07 00:00:00-05:00,102.38578162263343,103.35433900239519,99.47182943375785,99.8029556274414,636100,0.0,0.0
2007-11-08 00:00:00-05:00,100.67220572818452,102.11262528273468,99.11589071038486,102.0877914428711,767300,0.0,0.0
2007-11-09 00:00:00-05:00,100.7218511662753,101.64074093329134,99.33109959856137,100.18376159667969,613200,0.0,0.0
2007-11-12 00:00:00-05:00,99.75333396510074,102.45205663582556,98.12251081422559,98.30463409423828,687500,0.0,0.0
2007-11-13 00:00:00-05:00,99.11585527952906,101.9884133098811,99.11585527952906,101.7317886352539,463800,0.0,0.0
2007-11-14 00:00:00-05:00,102.47687405751688,104.53816491785962,101.35102697589156,101.6573257446289,360400,0.0,0.0
2007-11-15 00:00:00-05:00,100.94541351118824,102.31132554035672,98.80961437652294,99.33942413330078,476700,0.0,0.0
2007-11-16 00:00:00-05:00,99.62911056867507,102.4023334404217,97.7582172943028,99.98507690429688,1017400,0.0,0.0
2007-11-19 00:00:00-05:00,99.97680647254006,99.97680647254006,94.7035450105539,96.40058898925781,1062000,0.0,0.0
2007-11-20 00:00:00-05:00,96.25154659133516,98.99166121907747,96.02803583860512,98.2135009765625,819700,0.0,0.0
2007-11-21 00:00:00-05:00,97.35259186146767,100.04303342316034,95.77971706992794,99.50494384765625,1251000,0.0,0.0
2007-11-23 00:00:00-05:00,99.91059598483804,102.62587170146743,98.75163514300566,100.92054748535156,549000,0.0,0.0
2007-11-26 00:00:00-05:00,100.68047442678373,104.29807985109812,100.17549868707097,101.12750244140625,1029600,0.0,0.0
2007-11-27 00:00:00-05:00,101.39240463160098,102.54308536878382,98.41221794381848,100.08443450927734,1101400,0.0,0.0
2007-11-28 00:00:00-05:00,100.93540285991922,108.34076225400229,100.66973994146478,107.7430191040039,1344900,0.345,0.0
2007-11-29 00:00:00-05:00,107.11207779992414,108.93021222960964,105.50979014532443,107.80944061279297,2730000,0.0,0.0
2007-11-30 00:00:00-05:00,109.83508978650133,115.0653345702021,108.7558309156101,111.70303344726562,2233600,0.0,0.0
2007-12-03 00:00:00-05:00,111.8358937792038,112.63287616394307,110.79814706213223,111.25474548339844,999700,0.0,0.0
2007-12-04 00:00:00-05:00,110.51586545064913,111.89399607037883,108.11659565336826,108.39887237548828,859100,0.0,0.0
2007-12-05 00:00:00-05:00,109.55283429419521,111.36265821221207,109.44490459838157,109.76038360595703,281600,0.0,0.0
2007-12-06 00:00:00-05:00,110.13391609829999,112.84035324277097,109.63579292598826,112.42525482177734,512200,0.0,0.0
2007-12-07 00:00:00-05:00,111.88573792826158,112.79065030295767,110.43289207853812,111.03893280029297,406200,0.0,0.0
2007-12-10 00:00:00-05:00,110.764921936536,116.22762167541727,110.09246415226282,115.56346130371094,659900,0.0,0.0
2007-12-11 00:00:00-05:00,116.07818705459363,118.4774566309525,110.30000854713505,111.10530090332031,746300,0.0,0.0
2007-12-12 00:00:00-05:00,114.31817984886374,114.5672416033019,110.44115949735261,111.74457550048828,307200,0.0,0.0
2007-12-13 00:00:00-05:00,111.01397606945406,111.49549198932512,109.137734865381,111.30455017089844,368700,0.0,0.0
2007-12-14 00:00:00-05:00,110.40792176500453,110.40792176500453,107.92562776597796,108.04185485839844,368900,0.0,0.0
2007-12-17 00:00:00-05:00,107.54372774847253,108.17468565766445,106.50598136393585,106.75504302978516,451600,0.0,0.0
2007-12-18 00:00:00-05:00,107.61017389087792,110.59888934683282,106.57242722808884,109.76869201660156,668600,0.0,0.0
2007-12-19 00:00:00-05:00,109.07962087542896,110.16717729298688,107.31129660296303,108.1830062866211,366200,0.0,0.0
2007-12-20 00:00:00-05:00,108.68111221994047,109.71054858113389,107.4690188040605,109.31205749511719,366100,0.0,0.0
2007-12-21 00:00:00-05:00,110.4826637237161,111.89399667066347,109.22907029849807,110.10907745361328,370800,0.0,0.0
2007-12-24 00:00:00-05:00,110.050946182251,113.38004528480668,110.050946182251,112.32569122314453,214400,0.0,0.0
2007-12-26 00:00:00-05:00,111.8939978430697,112.76570759431398,110.77322635321188,112.17626190185547,254300,0.0,0.0
2007-12-27 00:00:00-05:00,111.31284940426698,111.65323331888749,108.95509224174381,109.46981048583984,274600,0.0,0.0
2007-12-28 00:00:00-05:00,109.46980990709861,111.81095956516921,109.02980637796114,110.51585388183594,240600,0.0,0.0
2007-12-31 00:00:00-05:00,110.18378710316314,111.52040526813697,109.80189076982539,110.08416748046875,358900,0.0,0.0
2008-01-02 00:00:00-05:00,110.03432130701896,110.03432130701896,104.46370569561265,105.55126190185547,657700,0.0,0.0
2008-01-03 00:00:00-05:00,105.89998879654478,105.89998879654478,103.02750626836504,103.32637786865234,589300,0.0,0.0
2008-01-04 00:00:00-05:00,102.14749291991824,102.3550422781754,98.52783160520086,99.10066986083984,1258300,0.0,0.0
2008-01-07 00:00:00-05:00,99.8976564633755,100.51200077695967,95.12402132730286,95.68025207519531,1087000,0.0,0.0
2008-01-08 00:00:00-05:00,95.47269543734464,96.30289278897372,90.96472356464258,91.32170867919922,1239600,0.0,0.0
2008-01-09 00:00:00-05:00,91.32171432149015,94.70892124555135,88.64017392313247,94.08627319335938,1623000,0.0,0.0
2008-01-10 00:00:00-05:00,93.77075390600636,96.09530817069361,91.73677367483062,94.37680053710938,1485600,0.0,0.0
2008-01-11 00:00:00-05:00,93.41378432406437,95.821357423602,90.85678181200484,94.6424789428711,598200,0.0,0.0
2008-01-14 00:00:00-05:00,95.16549369532926,95.17379744003124,91.13903892545824,92.25980377197266,1137100,0.0,0.0
2008-01-15 00:00:00-05:00,91.08924499508628,91.95265091137885,88.03411880432117,90.05149841308594,1086000,0.0,0.0
2008-01-16 00:00:00-05:00,89.90205757821376,91.06433495124041,87.62731897233874,89.1880874633789,1182200,0.0,0.0
2008-01-17 00:00:00-05:00,90.28395550580305,91.57906125448571,86.31561346343219,86.5978775024414,746700,0.0,0.0
2008-01-18 00:00:00-05:00,87.0959949309908,88.98053986680691,84.82124994754652,86.68919372558594,682300,0.0,0.0
2008-01-22 00:00:00-05:00,83.36842180395539,90.06811460203744,82.18954301020842,89.78585052490234,1081700,0.0,0.0
2008-01-23 00:00:00-05:00,87.19559603186285,91.67866141408194,83.89141528635719,91.47941589355469,1647700,0.0,0.0
2008-01-24 00:00:00-05:00,91.96924124517136,96.35268127819396,89.83563477705613,91.9609375,1599400,0.0,0.0
2008-01-25 00:00:00-05:00,93.21456406019723,94.55948614285414,90.42510025951124,90.83190155029297,638700,0.0,0.0
2008-01-28 00:00:00-05:00,90.64924092883477,92.7828476356225,89.2296043730097,92.52548217773438,767600,0.0,0.0
2008-01-29 00:00:00-05:00,93.92852527764998,97.48176883163818,90.92320866706316,95.30665588378906,970000,0.0,0.0
2008-01-30 00:00:00-05:00,95.22362192051885,96.63496104406806,92.417557499287,92.62510681152344,857300,0.0,0.0
2008-01-31 00:00:00-05:00,90.90658698091586,104.02370434825247,89.61977887821901,102.3467025756836,2280800,0.0,0.0
2008-02-01 00:00:00-05:00,100.3127652043206,102.11429225485873,97.11650610377457,99.44105529785156,1489300,0.0,0.0
2008-02-04 00:00:00-05:00,100.37917113336108,100.79426983525956,97.09988758802108,98.06291961669922,920400,0.0,0.0
2008-02-05 00:00:00-05:00,88.64846882661084,93.81229717104316,86.39033110252055,88.01751708984375,2794800,0.0,0.0
2008-02-06 00:00:00-05:00,88.0092157956547,92.09378491026042,87.36996034038638,88.14204406738281,1092400,0.0,0.0
2008-02-07 00:00:00-05:00,88.41603222849112,89.92699139913358,87.31186805235512,88.31640625,941100,0.0,0.0
2008-02-08 00:00:00-05:00,88.07564923629343,89.51189369008338,87.23715432644966,88.1254653930664,782900,0.0,0.0
2008-02-11 00:00:00-05:00,87.76014327821368,89.16317854150817,86.40692415285217,88.72317504882812,953200,0.0,0.0
2008-02-12 00:00:00-05:00,89.41226633424128,89.89378239424201,86.61450487183504,87.71036529541016,633300,0.0,0.0
2008-02-13 00:00:00-05:00,88.25827469677118,90.18433221783702,87.53600708506077,90.01829528808594,540800,0.0,0.0
2008-02-14 00:00:00-05:00,89.39564945015061,89.61150253113944,87.85978564436371,88.62356567382812,566100,0.0,0.0
2008-02-15 00:00:00-05:00,88.00920741034778,89.52016606897242,87.5359952572044,88.84770202636719,485900,0.0,0.0
2008-02-19 00:00:00-05:00,90.02657937015493,90.84016901568614,88.57373438351912,89.36241912841797,566900,0.0,0.0
2008-02-20 00:00:00-05:00,88.83109282952455,91.13073609062458,88.00919944506154,90.9813003540039,531800,0.0,0.0
2008-02-21 00:00:00-05:00,91.3383083083794,92.04398111255874,89.6613124731144,90.39188385009766,574800,0.0,0.0
2008-02-22 00:00:00-05:00,90.8318727853719,91.07262438388182,88.5239193989831,90.67413330078125,635200,0.0,0.0
2008-02-25 00:00:00-05:00,90.78207467626216,92.73303709001337,89.41224784655502,92.41756439208984,608900,0.0,0.0
2008-02-26 00:00:00-05:00,92.27643852643676,95.92100445760026,91.56246828474201,95.19873046875,650000,0.0,0.0
2008-02-27 00:00:00-05:00,94.7532231772532,96.46025957943877,91.92203325904796,93.52082061767578,556100,0.345,0.0
2008-02-28 00:00:00-05:00,93.21274037869313,93.71236071794706,91.78881955296164,92.21349334716797,488800,0.0,0.0
2008-02-29 00:00:00-05:00,91.06429701601323,91.71380360081199,88.90759539537349,89.59873962402344,593300,0.0,0.0
2008-03-03 00:00:00-05:00,89.43226189113474,89.75701540190651,86.1930492353736,87.00909423828125,825600,0.0,0.0
2008-03-04 00:00:00-05:00,86.34291015674775,87.51701718642849,84.81906330589318,85.56849670410156,836800,0.0,0.0
2008-03-05 00:00:00-05:00,85.7683618313446,87.2672289482445,84.20288333937289,85.90991973876953,745000,0.0,0.0
2008-03-06 00:00:00-05:00,85.27707587076488,86.05981199063191,82.37926804254836,82.47919464111328,973300,0.0,0.0
2008-03-07 00:00:00-05:00,81.65482465190262,84.83574870877719,81.65482465190262,82.67072296142578,797200,0.0,0.0
2008-03-10 00:00:00-04:00,82.62905948012612,82.97879295295988,79.45645911080571,79.66463470458984,519700,0.0,0.0
2008-03-11 00:00:00-04:00,83.81152093666192,83.81152093666192,79.12340106626107,82.97048950195312,678900,0.0,0.0
2008-03-12 00:00:00-04:00,82.8622144115143,88.63284207538672,81.23844098224272,86.81755065917969,1228200,0.0,0.0
2008-03-13 00:00:00-04:00,85.92658441331967,91.60561596299797,82.44588724719318,90.60636901855469,1554600,0.0,0.0
2008-03-14 00:00:00-04:00,91.53899889553223,93.51250638392952,84.75247129974463,88.40803527832031,1376700,0.0,0.0
2008-03-17 00:00:00-04:00,86.35124528243233,89.54882613318253,83.66161980954882,88.38304138183594,1204200,0.0,0.0
2008-03-18 00:00:00-04:00,91.45570373535156,92.00528400147343,88.65782323596305,91.45570373535156,946100,0.0,0.0
2008-03-19 00:00:00-04:00,91.73050396126258,94.05373818128405,88.43299670384438,89.84859466552734,1535600,0.0,0.0
2008-03-20 00:00:00-04:00,89.75699562684146,91.33080271015665,88.45798186995027,90.49810028076172,1211100,0.0,0.0
2008-03-24 00:00:00-04:00,90.61469536502929,95.58593083148736,90.42317097447682,93.74565887451172,942800,0.0,0.0
2008-03-25 00:00:00-04:00,93.96212781746814,94.27855876862816,91.88870079572186,92.38832092285156,738500,0.0,0.0
2008-03-26 00:00:00-04:00,92.1801712012662,92.1801712012662,89.75701004602176,90.4065170288086,446300,0.0,0.0
2008-03-27 00:00:00-04:00,91.39743992314504,92.72976282374142,89.25739447727618,89.83195495605469,676400,0.0,0.0
2008-03-28 00:00:00-04:00,90.19834500088938,91.17260551409339,88.14156857100315,88.54959106445312,287800,0.0,0.0
2008-03-31 00:00:00-04:00,88.26647735822455,89.22408663790299,87.43377474163752,88.40803527832031,425200,0.0,0.0
2008-04-01 00:00:00-04:00,87.99165431656711,93.62072388652624,87.99165431656711,93.37091064453125,955800,0.0,0.0
2008-04-02 00:00:00-04:00,94.02876265744027,94.02876265744027,90.83118817890777,91.26419067382812,511300,0.0,0.0
2008-04-03 00:00:00-04:00,90.48147742028029,91.09767563254913,89.06587903428972,90.22333526611328,400500,0.0,0.0
2008-04-04 00:00:00-04:00,90.42316023412981,90.93943806441303,89.12414638421082,90.04844665527344,292300,0.0,0.0
2008-04-07 00:00:00-04:00,90.74789967055666,93.01284459554621,89.18241527681104,91.36409759521484,605700,0.0,0.0
2008-04-08 00:00:00-04:00,90.53140415383477,91.08098442339659,88.96591960686926,89.8236083984375,794900,0.0,0.0
2008-04-09 00:00:00-04:00,90.0984245673145,90.87283828918865,88.0832856705726,88.39138793945312,417300,0.0,0.0
2008-04-10 00:00:00-04:00,88.22482153180734,88.94927494625037,86.90915649662236,88.6911392211914,696500,0.0,0.0
2008-04-11 00:00:00-04:00,87.94172703898283,89.19910981452696,87.19229338624073,88.09161376953125,439900,0.0,0.0
2008-04-14 00:00:00-04:00,87.30052652976131,88.08326890805697,85.92657249537037,87.58364868164062,436900,0.0,0.0
2008-04-15 00:00:00-04:00,88.6828332693018,90.83953010875022,87.99168853693901,89.94021606445312,732600,0.0,0.0
2008-04-16 00:00:00-04:00,90.93112609027418,92.8713247735271,90.57306369960097,92.31341552734375,456300,0.0,0.0
2008-04-17 00:00:00-04:00,92.13853769917972,94.17032758505482,91.27252629166892,93.52082061767578,908200,0.0,0.0
2008-04-18 00:00:00-04:00,94.91975548469527,96.1438291670029,94.6865998029254,95.10295104980469,486400,0.0,0.0
2008-04-21 00:00:00-04:00,94.55338371551302,95.83574014166527,92.6714740418737,93.99546813964844,365400,0.0,0.0
2008-04-22 00:00:00-04:00,93.63740481145437,93.92885580381375,90.99773909466717,91.84709930419922,360300,0.0,0.0
2008-04-23 00:00:00-04:00,92.26344098440718,92.41332769087238,87.80015500635042,88.33308410644531,848200,0.0,0.0
2008-04-24 00:00:00-04:00,88.59120603417615,89.21573282153223,85.6600964408449,88.51626586914062,419100,0.0,0.0
2008-04-25 00:00:00-04:00,89.93185771342719,89.95683776853184,87.02572816430973,89.11580657958984,204300,0.0,0.0
2008-04-28 00:00:00-04:00,89.11584610368872,93.36263523941065,87.15899589874857,91.94703674316406,761300,0.0,0.0
2008-04-29 00:00:00-04:00,91.51402534974339,92.28011028682825,90.10675579454178,90.8978271484375,385200,0.0,0.0
2008-04-30 00:00:00-04:00,91.27254095160141,93.7789777886938,91.08101654052734,91.08101654052734,510700,0.0,0.0
2008-05-01 00:00:00-04:00,91.11432063489079,92.99623036548776,90.37321579930051,92.69645690917969,607600,0.0,0.0
2008-05-02 00:00:00-04:00,93.67070250010147,94.81983601669344,92.49659527799356,93.26268005371094,713800,0.0,0.0
2008-05-05 00:00:00-04:00,93.23769892094079,94.07873021557965,91.92202746061777,93.2293701171875,566700,0.0,0.0
2008-05-06 00:00:00-04:00,91.11430607774986,95.3027986386795,90.0401190897693,93.26268005371094,1726100,0.0,0.0
2008-05-07 00:00:00-04:00,89.9318677414444,93.88720451710978,89.9318677414444,90.01513671875,677900,0.0,0.0
2008-05-08 00:00:00-04:00,90.53977855948602,91.19760818315618,89.93190271800852,90.71464538574219,323100,0.0,0.0
2008-05-09 00:00:00-04:00,90.01515093393215,91.02272033038132,89.69872622899483,90.81454467773438,205600,0.0,0.0
2008-05-12 00:00:00-04:00,90.8394983870206,94.94472132041324,90.48976491675549,94.92807006835938,677900,0.0,0.0
2008-05-13 00:00:00-04:00,94.8615085608637,97.05152115493028,93.71238089782655,96.27710723876953,513800,0.0,0.0
2008-05-14 00:00:00-04:00,96.67673675469322,98.09233449107556,96.12715653460272,96.80164337158203,890400,0.0,0.0
2008-05-15 00:00:00-04:00,97.40122563365445,100.91523167607937,96.85163885976993,99.14157104492188,1010200,0.0,0.0
2008-05-16 00:00:00-04:00,100.32401023635576,101.53975524809654,98.7335452495542,99.89933013916016,589700,0.0,0.0
2008-05-19 00:00:00-04:00,100.70704802110913,104.24603384424135,99.71612995766691,101.5147705078125,863200,0.0,0.0
2008-05-20 00:00:00-04:00,100.94856192704299,101.74795584228904,99.29980760914803,101.66468048095703,419600,0.0,0.0
2008-05-21 00:00:00-04:00,102.40575564668248,102.82210689424856,100.03254845314306,100.21574401855469,473000,0.0,0.0
2008-05-22 00:00:00-04:00,100.18243769698837,100.38229087505974,97.63437003023064,98.08403015136719,446900,0.0,0.0
2008-05-23 00:00:00-04:00,97.57609111813626,98.14232914139441,95.6608725930822,96.63513946533203,539900,0.0,0.0
2008-05-27 00:00:00-04:00,97.07646914286836,98.47540974351915,96.29372667791597,98.3838119506836,394600,0.0,0.0
2008-05-28 00:00:00-04:00,98.45877703212892,99.01669273494365,96.56021566964515,98.0674057006836,417200,0.0,0.0
2008-05-29 00:00:00-04:00,98.05074241177778,98.76686723827079,96.85997730288985,97.75096893310547,639800,0.0,0.0
2008-05-30 00:00:00-04:00,97.74675613074923,97.99729935666093,96.25182464070123,97.45445251464844,598200,0.345,0.0
2008-06-02 00:00:00-04:00,97.08699998092158,98.89094213577752,96.40217150474304,96.85315704345703,699600,0.0,0.0
2008-06-03 00:00:00-04:00,97.23733851498007,98.63204930126797,96.0013032401862,97.2957992553711,494100,0.0,0.0
2008-06-04 00:00:00-04:00,96.7612916938318,98.13930203475847,95.62547765042792,95.97624206542969,430800,0.0,0.0
2008-06-05 00:00:00-04:00,95.81757159281436,98.19776792196409,95.04922226073963,96.31866455078125,723800,0.0,0.0
2008-06-06 00:00:00-04:00,95.46678777950224,96.49403361934459,93.67955243750943,94.2474594116211,530400,0.0,0.0
2008-06-09 00:00:00-04:00,94.7234897880732,96.10149988514696,94.35602510146373,94.88217163085938,523900,0.0,0.0
2008-06-10 00:00:00-04:00,93.91340177928194,96.3353583453257,93.42901556346696,95.80921173095703,491900,0.0,0.0
2008-06-11 00:00:00-04:00,95.95954191195476,96.3771204177755,93.19516787063665,93.579345703125,548900,0.0,0.0
2008-06-12 00:00:00-04:00,94.39778458084601,95.58370586461982,92.73582411292404,93.1366958618164,458800,0.0,0.0
2008-06-13 00:00:00-04:00,93.99690713243983,95.09096057997492,93.7881179174604,94.74019622802734,226100,0.0,0.0
2008-06-16 00:00:00-04:00,94.26418701314181,94.8654947910087,92.97804427575205,94.74857330322266,293900,0.0,0.0
2008-06-17 00:00:00-04:00,95.29140063899928,95.35821471995314,91.67516974707497,93.36219024658203,513500,0.0,0.0
2008-06-18 00:00:00-04:00,93.0782400245035,93.66285371566205,91.87561834288326,92.94461822509766,270300,0.0,0.0
2008-06-19 00:00:00-04:00,92.8276950432914,93.16175909323648,91.23254223138092,91.58331298828125,288300,0.0,0.0
2008-06-20 00:00:00-04:00,90.87340518265069,91.11560140810198,88.14244537602754,88.22595977783203,524300,0.0,0.0
2008-06-23 00:00:00-04:00,88.4598114885802,88.5516792512647,86.4387334530032,86.7811508178711,412600,0.0,0.0
2008-06-24 00:00:00-04:00,86.52226931856227,89.51213309413784,86.07128374584337,88.10071563720703,263300,0.0,0.0
2008-06-25 00:00:00-04:00,88.22597566222566,88.8523433461425,87.41587243821459,87.6998291015625,506600,0.0,0.0
2008-06-26 00:00:00-04:00,86.21327250048385,88.43478713151335,86.21327250048385,87.69149780273438,572800,0.0,0.0
2008-06-27 00:00:00-04:00,87.69149545856514,89.32004925409844,87.27391690876246,88.4431381225586,441900,0.0,0.0
2008-06-30 00:00:00-04:00,88.09235316976837,88.75212151778658,85.31963249919444,86.51390075683594,1010600,0.0,0.0
2008-07-01 00:00:00-04:00,85.41151466026044,85.41151466026044,81.01023950319015,82.48011779785156,1358100,0.0,0.0
2008-07-02 00:00:00-04:00,81.92890923651703,82.24627300856227,79.00585942216402,79.27310943603516,1320900,0.0,0.0
2008-07-03 00:00:00-04:00,79.63222451064684,81.4862742059798,79.24805302710601,80.00804901123047,509200,0.0,0.0
2008-07-07 00:00:00-04:00,81.82034202178924,81.82034202178924,76.51709571662707,77.16016387939453,393500,0.0,0.0
2008-07-08 00:00:00-04:00,77.24367644466037,78.50476541790839,75.47314751527828,78.19575500488281,702600,0.0,0.0
2008-07-09 00:00:00-04:00,78.71354607079455,81.42780628013229,78.5047568239224,80.55924224853516,412600,0.0,0.0
2008-07-10 00:00:00-04:00,80.31705459503162,81.2941868462581,77.16016186230434,79.51530456542969,1091800,0.0,0.0
2008-07-11 00:00:00-04:00,79.04761274583124,79.44848454486431,75.48148872352735,76.62565612792969,513600,0.0,0.0
2008-07-14 00:00:00-04:00,77.02651628636174,79.99967252560863,76.80937372914704,77.90342712402344,790500,0.0,0.0
2008-07-15 00:00:00-04:00,77.35227485290376,82.31310510229078,75.2059207515133,79.67401123046875,1081100,0.0,0.0
2008-07-16 00:00:00-04:00,80.2418937886607,85.2194292216606,77.58609401895932,84.16712951660156,521200,0.0,0.0
2008-07-17 00:00:00-04:00,85.78732211740856,92.50198469692565,81.87878737326406,90.28046417236328,979000,0.0,0.0
2008-07-18 00:00:00-04:00,90.22200322557174,92.4017633491182,84.8101898215364,85.63699340820312,788900,0.0,0.0
2008-07-21 00:00:00-04:00,85.4282081434037,90.64793926196334,83.62426601039327,83.84976196289062,482000,0.0,0.0
2008-07-22 00:00:00-04:00,83.47394305886252,88.00884601157162,83.29021386351579,87.25720977783203,534900,0.0,0.0
2008-07-23 00:00:00-04:00,87.31564445665157,90.2637468894455,86.22158473506431,89.06111907958984,597700,0.0,0.0
2008-07-24 00:00:00-04:00,88.37631083525861,89.53717852071182,86.04622211051483,86.49720764160156,436300,0.0,0.0
2008-07-25 00:00:00-04:00,86.86472531641088,87.24889696623147,82.81421309079111,83.82475280761719,317900,0.0,0.0
2008-07-28 00:00:00-04:00,83.29021345198541,83.89152116165756,80.27529606226213,80.62606048583984,221500,0.0,0.0
2008-07-29 00:00:00-04:00,81.42779469302718,87.56619640323022,81.42779469302718,87.22378540039062,370600,0.0,0.0
2008-07-30 00:00:00-04:00,87.27390944010533,91.86727309484772,85.33634538970188,90.29718017578125,322800,0.0,0.0
2008-07-31 00:00:00-04:00,89.67915258411566,96.71117907007668,87.66642761230469,87.66642761230469,545000,0.0,0.0
2008-08-01 00:00:00-04:00,89.9213754107445,89.9213754107445,83.54077482620225,84.93548583984375,519300,0.0,0.0
2008-08-04 00:00:00-04:00,85.11087983258437,86.70602689351563,83.71616235918026,85.02735900878906,452100,0.0,0.0
2008-08-05 00:00:00-04:00,86.10470345841276,87.69150336508201,84.67658545393351,87.65809631347656,713400,0.0,0.0
2008-08-06 00:00:00-04:00,84.14205296741397,91.91736123244316,83.2651357227792,90.90682220458984,1627800,0.0,0.0
2008-08-07 00:00:00-04:00,83.415455076941,88.34288124603808,81.92887706037656,86.1130142211914,1812500,0.0,0.0
2008-08-08 00:00:00-04:00,86.1965809915398,89.54556342519858,85.64538050716193,87.56623840332031,426400,0.0,0.0
2008-08-11 00:00:00-04:00,87.78336688880889,91.44135284291514,86.02118482584103,86.52227783203125,583500,0.0,0.0
2008-08-12 00:00:00-04:00,87.93368941749621,88.18423271759484,85.55349302197368,86.80622863769531,338900,0.0,0.0
2008-08-13 00:00:00-04:00,86.63919109910597,87.13193707484791,85.01899074523786,86.63084411621094,321500,0.0,0.0
2008-08-14 00:00:00-04:00,86.30513089319304,89.92971598848189,85.7789842186682,88.96928405761719,394400,0.0,0.0
2008-08-15 00:00:00-04:00,90.35564677273346,94.29758922065693,89.16971887334631,91.86727905273438,582200,0.0,0.0
2008-08-18 00:00:00-04:00,92.70242569989216,94.0637292969733,89.37015110071357,89.69586181640625,633400,0.0,0.0
2008-08-19 00:00:00-04:00,89.35344916169197,89.35344916169197,84.48448850263765,84.86865997314453,842600,0.0,0.0
2008-08-20 00:00:00-04:00,85.91262131652663,87.1152433217665,84.7684536872163,85.4115219116211,540600,0.0,0.0
2008-08-21 00:00:00-04:00,85.63698036437458,86.33016204833984,84.30907771848082,86.33016204833984,394600,0.0,0.0
2008-08-22 00:00:00-04:00,86.93983251901108,92.32659837824396,86.73104329280224,91.53319549560547,435800,0.0,0.0
2008-08-25 00:00:00-04:00,90.58111748440739,91.5164955152701,88.61014667162843,89.81277465820312,335200,0.0,0.0
2008-08-26 00:00:00-04:00,90.69807992302061,90.86511520315265,88.51831889831665,90.39742279052734,455000,0.0,0.0
2008-08-27 00:00:00-04:00,90.19618012019544,94.86525728439845,89.8524991114619,94.6976089477539,426800,0.4,0.0
2008-08-28 00:00:00-04:00,95.10838855484364,97.44712020726314,93.62468037726649,97.38005828857422,433500,0.0,0.0
2008-08-29 00:00:00-04:00,98.94759863740478,98.94759863740478,94.63896942138672,94.63896942138672,573300,0.0,0.0
2008-09-02 00:00:00-04:00,97.14535697169822,97.99199618632446,93.18041499356035,94.6305923461914,430600,0.0,0.0
2008-09-03 00:00:00-04:00,94.78986273439423,99.10687661673677,94.67250756360549,97.66507720947266,407000,0.0,0.0
2008-09-04 00:00:00-04:00,96.39930034674585,97.51418074651595,92.81995522609753,93.41511535644531,734700,0.0,0.0
2008-09-05 00:00:00-04:00,92.54332856431586,97.05313695758355,89.62619912940244,96.39091491699219,722700,0.0,0.0
2008-09-08 00:00:00-04:00,101.96529097850949,102.28382543025411,98.10932102398833,100.94261932373047,1037300,0.0,0.0
2008-09-09 00:00:00-04:00,100.5654362085633,101.13544976708744,92.81157878200622,93.50733184814453,1121900,0.0,0.0
2008-09-10 00:00:00-04:00,91.97330635291047,94.90719779160693,90.64047805945009,92.60199737548828,576400,0.0,0.0
2008-09-11 00:00:00-04:00,91.25243940834652,94.11088562011719,89.34959698534425,94.11088562011719,413400,0.0,0.0
2008-09-12 00:00:00-04:00,93.30612190773705,93.8426043655682,91.73858982438288,93.05464935302734,626500,0.0,0.0
2008-09-15 00:00:00-04:00,89.3579729513455,92.65231503385436,86.39054977512262,86.64202880859375,722800,0.0,0.0
2008-09-16 00:00:00-04:00,84.66374102183097,91.17697848251484,84.66374102183097,90.90873718261719,1066500,0.0,0.0
2008-09-17 00:00:00-04:00,88.27661914722349,90.77462149739074,83.95961164223777,88.16764831542969,2195200,0.0,0.0
2008-09-18 00:00:00-04:00,91.5793289541977,98.06741875255868,88.42748938895893,97.17048645019531,1648700,0.0,0.0
2008-09-19 00:00:00-04:00,99.76069269525684,104.75668989261409,96.82680127297357,98.52007293701172,1334600,0.0,0.0
2008-09-22 00:00:00-04:00,98.81346997798188,100.5905723925864,89.44178139425753,89.81061553955078,678500,0.0,0.0
2008-09-23 00:00:00-04:00,91.36978149414062,91.86434880125448,88.0335242733244,91.36978149414062,664800,0.0,0.0
2008-09-24 00:00:00-04:00,91.74699467782071,96.91903218285692,90.07048490649186,95.30957794189453,543500,0.0,0.0
2008-09-25 00:00:00-04:00,94.28691068771712,98.53686262713602,93.69174410147832,97.74051666259766,482500,0.0,0.0
2008-09-26 00:00:00-04:00,96.02206248325858,96.02206248325858,93.46538351505559,95.4771957397461,244300,0.0,0.0
2008-09-29 00:00:00-04:00,93.70012374095975,95.05809886596526,86.61687299567821,89.07295989990234,650800,0.0,0.0
2008-09-30 00:00:00-04:00,91.26917997689387,93.8677749633789,88.68736006313293,93.8677749633789,500200,0.0,0.0
2008-10-01 00:00:00-04:00,92.98762277558629,92.98762277558629,87.93294640053952,88.75443267822266,623500,0.0,0.0
2008-10-02 00:00:00-04:00,88.08382171086814,88.77957477550797,79.84377495015104,80.96703338623047,992700,0.0,0.0
2008-10-03 00:00:00-04:00,82.59323760835052,82.93692511778353,72.91977724678394,73.0119857788086,1454000,0.0,0.0
2008-10-06 00:00:00-04:00,70.91633085680681,71.25163394267074,63.21277619468326,68.9464340209961,2635800,0.0,0.0
2008-10-07 00:00:00-04:00,70.41341782610623,70.42180216655325,65.06535339355469,65.06535339355469,1975400,0.0,0.0
2008-10-08 00:00:00-04:00,63.69898202864427,68.77881059049241,60.59744175047974,66.6412582397461,1934600,0.0,0.0
2008-10-09 00:00:00-04:00,67.42922100593131,69.07219971586606,60.781859905410535,63.833106994628906,913400,0.0,0.0
2008-10-10 00:00:00-04:00,62.05599240701512,72.46711390878603,59.47416647978068,67.84833526611328,1532600,0.0,0.0
2008-10-13 00:00:00-04:00,71.21812059009771,73.06228482029171,67.90701698814578,72.65991973876953,220500,0.0,0.0
2008-10-14 00:00:00-04:00,76.28118401969357,76.28118401969357,70.69002624237119,71.36062622070312,554200,0.0,0.0
2008-10-15 00:00:00-04:00,71.55344330388328,71.76300704214552,63.707376431715474,64.40312957763672,443200,0.0,0.0
2008-10-16 00:00:00-04:00,64.57076780954024,66.87596856626102,62.78528734394305,66.6412582397461,371100,0.0,0.0
2008-10-17 00:00:00-04:00,64.65462302174826,69.35723533252447,63.64871931270322,67.1610107421875,898700,0.0,0.0
2008-10-20 00:00:00-04:00,68.23396787110728,71.25168501624908,67.21129560408401,70.9415283203125,648800,0.0,0.0
2008-10-21 00:00:00-04:00,69.80988216281224,72.42524031938186,67.81483737121422,69.04707336425781,543900,0.0,0.0
2008-10-22 00:00:00-04:00,67.10231684925371,67.6807084636802,63.03677488958012,66.90951538085938,1176300,0.0,0.0
2008-10-23 00:00:00-04:00,66.59933831755365,66.88434826237827,60.94950300942646,64.67135620117188,700600,0.0,0.0
2008-10-24 00:00:00-04:00,60.98302064815037,63.288220741379426,58.13295379926493,59.516075134277344,892100,0.0,0.0
2008-10-27 00:00:00-04:00,58.84549528547473,61.14231846694921,53.53096194031891,54.226715087890625,1159100,0.0,0.0
2008-10-28 00:00:00-04:00,54.66260611516103,58.979620512553176,52.68432386387506,54.88055419921875,1562000,0.0,0.0
2008-10-29 00:00:00-04:00,54.805090571826156,64.41987310727094,54.01713549422548,63.27984619140625,1115600,0.0,0.0
2008-10-30 00:00:00-04:00,65.20785351941471,65.64374328072842,60.21185477019033,63.03676986694336,1048700,0.0,0.0
2008-10-31 00:00:00-04:00,63.65706311564978,67.06037510574616,60.991412949381335,65.70240020751953,727000,0.0,0.0
2008-11-03 00:00:00-05:00,65.71917619720286,69.15601952481536,65.46769720441658,68.38482666015625,740400,0.0,0.0
2008-11-04 00:00:00-05:00,69.1979354278712,71.65402221679688,68.51056675633106,71.65402221679688,695500,0.0,0.0
2008-11-05 00:00:00-05:00,71.21811659665951,73.70773401082582,70.66487183538682,71.32708740234375,952100,0.0,0.0
2008-11-06 00:00:00-05:00,70.06135200222501,72.14860508904566,66.62450790063451,68.35969543457031,899200,0.0,0.0
2008-11-07 00:00:00-05:00,69.70923466142875,70.89955430090359,67.41241314284571,69.59187316894531,602500,0.0,0.0
2008-11-10 00:00:00-05:00,71.32710883228333,72.50066701185115,69.16441597614875,70.18708801269531,605200,0.0,0.0
2008-11-11 00:00:00-05:00,69.77634086008767,69.79310954064647,65.56830378809782,67.82321166992188,773900,0.0,0.0
2008-11-12 00:00:00-05:00,66.18017779835066,67.53815213586584,64.21028137207031,64.21028137207031,670700,0.0,0.0
2008-11-13 00:00:00-05:00,64.83061809598642,67.11067199707031,60.488464710868485,67.11067199707031,1058700,0.0,0.0
2008-11-14 00:00:00-05:00,66.25566156221767,69.42426375004342,65.04857257814052,66.60772705078125,750800,0.0,0.0
2008-11-17 00:00:00-05:00,65.61857845982667,65.61857845982667,62.83557304517865,63.35529327392578,597100,0.0,0.0
2008-11-18 00:00:00-05:00,63.53131513445652,64.48692484024826,60.24535872873843,63.874996185302734,424600,0.0,0.0
2008-11-19 00:00:00-05:00,63.45587802244363,63.91692066407251,57.62162609714191,58.23355484008789,840000,0.0,0.0
2008-11-20 00:00:00-05:00,57.0432383230153,57.43721268358829,49.415118175743075,50.53837966918945,1580600,0.0,0.0
2008-11-21 00:00:00-05:00,51.703555660943564,53.34653428056148,49.138494854463,53.011234283447266,842600,0.0,0.0
2008-11-24 00:00:00-05:00,53.815934155778486,63.338505400589455,53.815934155778486,62.25715637207031,1135100,0.0,0.0
2008-11-25 00:00:00-05:00,63.26309250970278,67.47951324577475,61.56981418597546,66.75861358642578,1231500,0.0,0.0
2008-11-26 00:00:00-05:00,65.78976173561705,74.54320159053162,64.87988128312439,71.65347290039062,1384800,0.4,0.0
2008-11-28 00:00:00-05:00,71.64502461100085,74.37467799988003,71.11426063828138,73.83548736572266,275100,0.0,0.0
2008-12-01 00:00:00-05:00,72.2094824662185,72.89189414664928,63.835168620998495,65.27582550048828,1227500,0.0,0.0
2008-12-02 00:00:00-05:00,66.51428800862004,69.84211260986147,64.86301570158358,68.6120834350586,966200,0.0,0.0
2008-12-03 00:00:00-05:00,66.91867679325998,71.45967673894737,66.05934372734882,68.59522247314453,1327800,0.0,0.0
2008-12-04 00:00:00-05:00,67.61793043067145,72.15050294893959,65.81501084433361,69.37872314453125,1144900,0.0,0.0
2008-12-05 00:00:00-05:00,68.50256797305748,76.58201599121094,68.30879969815496,76.58201599121094,1364400,0.0,0.0
2008-12-08 00:00:00-05:00,82.1339850965311,91.4013341154975,79.19370979844024,88.18303680419922,2912500,0.0,0.0
2008-12-09 00:00:00-05:00,86.60756798301819,87.02881100544987,80.0361742620205,81.13140869140625,1349300,0.0,0.0
2008-12-10 00:00:00-05:00,82.5636592112703,85.46181420370095,80.4658700779942,82.85852813720703,736100,0.0,0.0
2008-12-11 00:00:00-05:00,81.90649843767736,83.9705867805479,75.48675213834169,77.82044219970703,867200,0.0,0.0
2008-12-12 00:00:00-05:00,76.14388420062114,82.4204089084399,75.85744203899561,81.18195343017578,586600,0.0,0.0
2008-12-15 00:00:00-05:00,81.8643851286922,83.06914069031649,77.424485540912,79.23583221435547,484200,0.0,0.0
2008-12-16 00:00:00-05:00,79.32849328103713,82.56363677978516,77.87941617851753,82.56363677978516,1341200,0.0,0.0
2008-12-17 00:00:00-05:00,81.04718661622853,84.02116891599535,79.19371916429867,80.61752319335938,909600,0.0,0.0
2008-12-18 00:00:00-05:00,83.44825982809594,84.20649225821796,78.12374735562693,80.28050994873047,663600,0.0,0.0
2008-12-19 00:00:00-05:00,81.03877122591769,81.72118317288084,78.30069034641394,79.52229309082031,616200,0.0,0.0
2008-12-22 00:00:00-05:00,79.33691959821496,79.65706845051224,76.58199270215663,78.62923431396484,623900,0.0,0.0
2008-12-23 00:00:00-05:00,79.80869610413409,82.63944295546517,79.19367853837943,80.4068603515625,558000,0.0,0.0
2008-12-24 00:00:00-05:00,80.77759530502965,81.62850838549213,79.73291394825056,80.20470428466797,185800,0.0,0.0
2008-12-26 00:00:00-05:00,80.75229950389473,83.59990692138672,79.51384378417598,83.59990692138672,458100,0.0,0.0
2008-12-29 00:00:00-05:00,83.09438126192696,83.09438126192696,80.05300667584031,80.50794982910156,431200,0.0,0.0
2008-12-30 00:00:00-05:00,81.89811121313167,82.56367631392045,79.14318320919554,81.08932495117188,788400,0.0,0.0
2008-12-31 00:00:00-05:00,81.94868047180044,83.15343673917695,81.1230470852329,81.78861236572266,417000,0.0,0.0
2009-01-02 00:00:00-05:00,83.19551948469439,86.57389124022278,80.39003865209106,85.37755584716797,619600,0.0,0.0
2009-01-05 00:00:00-05:00,85.37752903536133,88.67165241461485,84.96471269084755,87.82073974609375,1483200,0.0,0.0
2009-01-06 00:00:00-05:00,88.87386883444647,88.87386883444647,84.4171159951126,85.93359375,1514700,0.0,0.0
2009-01-07 00:00:00-05:00,84.24860342567993,85.31855786101639,81.37572296358823,83.28816986083984,711400,0.0,0.0
2009-01-08 00:00:00-05:00,83.27974592052318,84.21490596330158,80.65961375420295,84.18120574951172,866200,0.0,0.0
2009-01-09 00:00:00-05:00,80.0361805370799,83.48194564545263,79.07574688484765,79.4127426147461,975600,0.0,0.0
2009-01-12 00:00:00-05:00,79.598111793951,79.598111793951,72.97616868372806,74.0376968383789,1547500,0.0,0.0
2009-01-13 00:00:00-05:00,74.02927364867104,74.50949058356174,72.46224861320447,72.97616577148438,931900,0.0,0.0
2009-01-14 00:00:00-05:00,71.98202287346692,71.98202287346692,68.92379385849704,70.29705047607422,1123400,0.0,0.0
2009-01-15 00:00:00-05:00,69.96007307299621,74.44210056932089,68.83113792805638,73.4816665649414,1588600,0.0,0.0
2009-01-16 00:00:00-05:00,75.0823738002493,77.76148022125165,72.13367204753362,74.80435180664062,904800,0.0,0.0
2009-01-20 00:00:00-05:00,72.2769034875091,72.75712044159546,68.54468876446585,69.79156494140625,1151200,0.0,0.0
2009-01-21 00:00:00-05:00,71.08898019889847,71.61132393449567,67.93808374552526,70.16224670410156,1067900,0.0,0.0
2009-01-22 00:00:00-05:00,68.95747517838858,70.62560022278969,67.54209849538873,69.42084503173828,1309000,0.0,0.0
2009-01-23 00:00:00-05:00,67.39890819158539,69.93479391203881,66.87656433914273,68.9069595336914,1532600,0.0,0.0
2009-01-26 00:00:00-05:00,68.70476821386852,70.28021366180911,66.65752601302187,66.90184783935547,1001800,0.0,0.0
2009-01-27 00:00:00-05:00,67.54213494807196,69.57253031154089,67.28939287792292,68.66264343261719,656800,0.0,0.0
2009-01-28 00:00:00-05:00,70.25491623909697,72.84134834117829,69.90950027618092,70.38971710205078,713000,0.0,0.0
2009-01-29 00:00:00-05:00,69.73259110898148,70.97947371275909,68.29194024767384,68.84798431396484,573100,0.0,0.0
2009-01-30 00:00:00-05:00,71.77138990460433,71.9314578860805,66.98606880027131,67.83697509765625,656500,0.0,0.0
2009-02-02 00:00:00-05:00,66.78386859014464,68.90693710667843,65.44431881109482,68.20767211914062,575700,0.0,0.0
2009-02-03 00:00:00-05:00,69.05015924807613,70.9626062741637,68.4519948947762,69.83367156982422,666300,0.0,0.0
2009-02-04 00:00:00-05:00,70.33076001133837,73.11938764155322,69.83368974588272,70.4487075805664,777400,0.0,0.0
2009-02-05 00:00:00-05:00,69.65676577281175,72.81608931760971,68.78057927173523,72.23477172851562,620700,0.0,0.0
2009-02-06 00:00:00-05:00,72.06628036833028,73.86077391059922,71.42598896730257,72.07470703125,647200,0.0,0.0
2009-02-09 00:00:00-05:00,72.22635788514708,72.22635788514708,69.79999307432425,70.82782745361328,560700,0.0,0.0
2009-02-10 00:00:00-05:00,70.4234333087959,73.17836736657792,68.73846055143082,69.72417449951172,985300,0.0,0.0
2009-02-11 00:00:00-05:00,69.86738252450053,69.86738252450053,65.14946097514273,67.34835052490234,1129100,0.0,0.0
2009-02-12 00:00:00-05:00,67.38204406156545,69.5219531930827,64.32381527072901,68.9743423461914,998200,0.0,0.0
2009-02-13 00:00:00-05:00,68.14029123560589,68.57838772141838,64.57657770212526,65.11576843261719,699700,0.0,0.0
2009-02-17 00:00:00-05:00,62.689380719080766,63.86885587109973,61.48462559009782,61.5098991394043,955900,0.0,0.0
2009-02-18 00:00:00-05:00,62.40294775109467,62.82419081851874,59.23519808432115,60.246185302734375,712300,0.0,0.0
2009-02-19 00:00:00-05:00,60.810664562883,61.90589938107266,58.52752734211785,58.71287536621094,654700,0.0,0.0
2009-02-20 00:00:00-05:00,57.71030098087612,60.00186432562251,56.70774041063478,57.904075622558594,983200,0.0,0.0
2009-02-23 00:00:00-05:00,58.190498953228534,59.77437007948379,56.6571749224702,57.60076141357422,888300,0.0,0.0
2009-02-24 00:00:00-05:00,57.87039839755912,64.20589390221834,57.87039839755912,62.984291076660156,1331400,0.0,0.0
2009-02-25 00:00:00-05:00,62.69628692178842,64.13622179887072,60.35004925383049,63.33155059814453,731800,0.4,0.0
2009-02-26 00:00:00-05:00,63.88214877408457,64.9409221486043,62.42527557678705,62.50151062011719,948200,0.0,0.0
2009-02-27 00:00:00-05:00,61.74765554254684,65.6778212220075,61.264855212249614,64.84774017333984,986200,0.0,0.0
2009-03-02 00:00:00-05:00,63.52635440447472,66.0674085806537,62.49299133887101,63.94986343383789,880500,0.0,0.0
2009-03-03 00:00:00-05:00,64.30562289737877,64.53432143984865,60.61262287309408,60.97684097290039,1323600,0.0,0.0
2009-03-04 00:00:00-05:00,61.874691062394945,63.88212035150067,61.56976394922297,62.97581100463867,531100,0.0,0.0
2009-03-05 00:00:00-05:00,61.78152236320897,62.38290463421235,59.587741410786194,60.36699676513672,529700,0.0,0.0
2009-03-06 00:00:00-05:00,60.82437135550934,61.05306987513173,57.59723426810866,59.257389068603516,538100,0.0,0.0
2009-03-09 00:00:00-04:00,58.79152914151231,60.40085835402228,58.42731110176595,59.503021240234375,576100,0.0,0.0
2009-03-10 00:00:00-04:00,60.83283416482528,64.5851242659112,60.553316666246324,63.50094223022461,739600,0.0,0.0
2009-03-11 00:00:00-04:00,63.6619199541287,65.22043104874345,62.408329604871604,64.33953094482422,841200,0.0,0.0
2009-03-12 00:00:00-04:00,64.03455524081987,65.36437315372243,63.46705476956969,65.13568115234375,809400,0.0,0.0
2009-03-13 00:00:00-04:00,65.49142439402787,66.26221379225021,64.28866051549458,64.9323959350586,477300,0.0,0.0
2009-03-16 00:00:00-04:00,65.83873731917161,66.44011955512488,63.61954697878762,63.78894805908203,507400,0.0,0.0
2009-03-17 00:00:00-04:00,63.93291455716597,67.07535022125985,63.02660565384096,66.982177734375,593000,0.0,0.0
2009-03-18 00:00:00-04:00,66.55870062741647,68.39672881682017,65.36440170347817,67.34642791748047,1049400,0.0,0.0
2009-03-19 00:00:00-04:00,67.87161048396263,68.25277280090076,66.06746286295758,66.33850860595703,552200,0.0,0.0
2009-03-20 00:00:00-04:00,66.57559304586285,66.66876551420549,62.48449581230574,63.08588409423828,677300,0.0,0.0
2009-03-23 00:00:00-04:00,64.53429477359356,65.88105010986328,63.314586950380495,65.88105010986328,1113800,0.0,0.0
2009-03-24 00:00:00-04:00,65.35591532584823,65.98270686849274,64.5427723174769,64.64441680908203,608300,0.0,0.0
2009-03-25 00:00:00-04:00,65.76247968640098,69.12514231756897,64.88158015498851,68.18495178222656,1097600,0.0,0.0
2009-03-26 00:00:00-04:00,69.03196846093097,71.51373151194217,68.71856946789406,71.13257598876953,1028700,0.0,0.0
2009-03-27 00:00:00-04:00,70.01454715090416,70.81921208169472,68.72707550695388,69.1421127319336,499700,0.0,0.0
2009-03-30 00:00:00-04:00,66.81279746389977,68.18496936003477,66.06742372773556,67.05843353271484,714900,0.0,0.0
2009-03-31 00:00:00-04:00,68.04097633160366,68.73553102543771,66.93137805003445,67.16854858398438,652500,0.0,0.0
2009-04-01 00:00:00-04:00,65.97425420774648,72.49629246738107,65.03406338720552,71.92032623291016,1112600,0.0,0.0
2009-04-02 00:00:00-04:00,73.182368884619,78.23906823484134,72.97908633962226,77.02783203125,1100700,0.0,0.0
2009-04-03 00:00:00-04:00,76.78222144287469,77.33278471102855,75.12206610698263,76.44341278076172,536500,0.0,0.0
2009-04-06 00:00:00-04:00,75.74883968846567,76.0452947730786,72.08124924418449,74.43595886230469,630100,0.0,0.0
2009-04-07 00:00:00-04:00,72.94521320832133,72.94521320832133,70.48885901808544,70.87848663330078,490900,0.0,0.0
2009-04-08 00:00:00-04:00,71.69161510702224,71.76785010025526,69.55713223003157,70.35332489013672,613600,0.0,0.0
2009-04-09 00:00:00-04:00,72.2845375380214,74.83406439228108,71.64080829246855,74.56301879882812,617400,0.0,0.0
2009-04-13 00:00:00-04:00,73.54661765907676,75.13901010732607,70.81921706427319,74.80020141601562,572300,0.0,0.0
2009-04-14 00:00:00-04:00,73.79218395560795,73.85147493580146,71.05631395586298,71.36971282958984,416100,0.0,0.0
2009-04-15 00:00:00-04:00,71.81017789999233,73.50421373235726,70.67517699418006,73.1654052734375,320800,0.0,0.0
2009-04-16 00:00:00-04:00,74.07176346161722,78.06122618759862,72.94523379496668,77.56995391845703,852500,0.0,0.0
2009-04-17 00:00:00-04:00,77.3496987511046,78.10354440274749,75.92670797207073,76.70596313476562,438400,0.0,0.0
2009-04-20 00:00:00-04:00,75.21519792885401,75.21519792885401,72.55556203389541,72.9282455444336,389300,0.0,0.0
2009-04-21 00:00:00-04:00,72.42849888532922,75.0034339504797,71.68311903406543,74.61380004882812,477200,0.0,0.0
2009-04-22 00:00:00-04:00,73.32635616887887,77.74779165531268,72.63180159000612,75.7403564453125,635600,0.0,0.0
2009-04-23 00:00:00-04:00,76.1892709719607,77.21416849868064,73.47881579830062,75.7149429321289,524700,0.0,0.0
2009-04-24 00:00:00-04:00,76.7652433687431,79.57734302979348,76.30785284732568,78.48469543457031,397500,0.0,0.0
2009-04-27 00:00:00-04:00,78.01036314866545,79.16230824371063,75.26602640446255,76.1299819946289,361700,0.0,0.0
2009-04-28 00:00:00-04:00,74.94414295887766,78.20516042145647,73.04681830314567,74.61380004882812,495100,0.0,0.0
2009-04-29 00:00:00-04:00,75.58789715056292,75.58789715056292,72.25065006681996,73.4195327758789,721800,0.0,0.0
2009-04-30 00:00:00-04:00,74.02938789020745,74.02938789020745,70.76836929247864,71.17493438720703,629400,0.0,0.0
2009-05-01 00:00:00-04:00,70.62437102665142,71.48833315857748,69.87899738099233,70.63284301757812,546700,0.0,0.0
2009-05-04 00:00:00-04:00,71.34435412237093,75.66414615205147,71.14953707034176,75.36769104003906,711200,0.0,0.0
2009-05-05 00:00:00-04:00,76.02836787783346,81.43234255138842,76.01989588502155,79.61125183105469,1234600,0.0,0.0
2009-05-06 00:00:00-04:00,80.46672969292193,81.90665806042716,77.96802856629931,79.7975845336914,725900,0.0,0.0
2009-05-07 00:00:00-04:00,80.6530846613727,81.3052859178951,75.38462972946772,75.9944839477539,585300,0.0,0.0
2009-05-08 00:00:00-04:00,76.8753737102805,77.7562734145378,73.46189139518093,76.40103912353516,517800,0.0,0.0
2009-05-11 00:00:00-04:00,74.6816052204181,76.63822197315861,73.49577825620142,74.32585906982422,642600,0.0,0.0
2009-05-12 00:00:00-04:00,74.9864985382875,75.79963499979394,72.60638015214157,73.64820861816406,362300,0.0,0.0
2009-05-13 00:00:00-04:00,72.29298900408106,72.66567901259928,69.62488086413481,70.0568618774414,531700,0.0,0.0
2009-05-14 00:00:00-04:00,70.44649950134051,71.97113478906154,68.90492669363847,69.1590347290039,691400,0.0,0.0
2009-05-15 00:00:00-04:00,68.98963928429556,70.70061990223681,68.07486441390469,68.6762466430664,477100,0.0,0.0
2009-05-18 00:00:00-04:00,69.42160948380028,72.48781763180784,69.19291741783802,72.11512756347656,479400,0.0,0.0
2009-05-19 00:00:00-04:00,71.9118310143247,72.67414852290462,70.92928701165846,71.13257598876953,307200,0.0,0.0
2009-05-20 00:00:00-04:00,71.92876291040527,74.1987712795446,70.26013651152974,71.30197143554688,683400,0.0,0.0
2009-05-21 00:00:00-04:00,70.18392755495289,70.5312016515727,67.34641791839678,67.99861907958984,702800,0.0,0.0
2009-05-22 00:00:00-04:00,68.19343735245855,68.47294844822908,66.72809301746561,66.78738403320312,436800,0.0,0.0
2009-05-26 00:00:00-04:00,66.8043249478685,70.24321662717179,66.45704439861609,68.86257934570312,686400,0.0,0.0
2009-05-27 00:00:00-04:00,68.82870552090334,70.19240543457778,67.32101405416674,67.58358764648438,764500,0.0,0.0
2009-05-28 00:00:00-04:00,68.04095289822133,68.73550735285004,65.47448956541326,67.6767349243164,463100,0.0,0.0
2009-05-29 00:00:00-04:00,68.11719727668203,70.45496915281065,68.0070872448726,69.0065689086914,431500,0.0,0.0
2009-06-01 00:00:00-04:00,70.31944331225331,73.4534143152976,69.93828773321071,72.6148681640625,669800,0.0,0.0
2009-06-02 00:00:00-04:00,72.9791132613846,73.85154123699355,72.26761439807296,73.49578857421875,535200,0.0,0.0
2009-06-03 00:00:00-04:00,72.84355708530971,73.02990210250886,69.8620561968294,71.14952087402344,454100,0.0,0.0
2009-06-04 00:00:00-04:00,71.7197606750759,71.96657207991397,69.5154895833181,70.48571014404297,576100,0.4,0.0
2009-06-05 00:00:00-04:00,72.2303798567318,72.2303798567318,67.40480357123495,68.5877914428711,894300,0.0,0.0
2009-06-08 00:00:00-04:00,67.72822163532571,68.06865128317504,65.50692613722427,66.04309844970703,868700,0.0,0.0
2009-06-09 00:00:00-04:00,66.2388595423787,67.18354890112538,65.71970569682759,66.68992614746094,791500,0.0,0.0
2009-06-10 00:00:00-04:00,67.89843512006662,67.89843512006662,65.07288000190634,66.75800323486328,674900,0.0,0.0
2009-06-11 00:00:00-04:00,66.25587885043056,67.85589655364542,64.44309988138379,67.6941909790039,1149900,0.0,0.0
2009-06-12 00:00:00-04:00,67.69418120996517,71.2942075363605,67.31970793037576,71.01335906982422,1127600,0.0,0.0
2009-06-15 00:00:00-04:00,70.46015867277032,70.68143891883228,69.30270176081535,69.83036804199219,782900,0.0,0.0
2009-06-16 00:00:00-04:00,70.17930531049315,71.49846779665901,68.91972402048138,69.46440887451172,851000,0.0,0.0
2009-06-17 00:00:00-04:00,68.46865117015194,69.90696306607151,66.6643850213972,66.84310913085938,1219400,0.0,0.0
2009-06-18 00:00:00-04:00,68.31546486350064,69.3282414098217,67.2856697545295,68.63036346435547,674900,0.0,0.0
2009-06-19 00:00:00-04:00,69.64314476689141,69.8218689061263,67.75376601904163,68.15377044677734,565800,0.0,0.0
2009-06-22 00:00:00-04:00,69.00484502389169,69.65165437242253,66.65588701482505,66.71546173095703,965600,0.0,0.0
2009-06-23 00:00:00-04:00,67.73672430196798,68.21332838252847,66.62182359150681,67.1920394897461,402600,0.0,0.0
2009-06-24 00:00:00-04:00,67.18353462162266,68.88567631262374,67.02182908316787,67.77928161621094,293000,0.0,0.0
2009-06-25 00:00:00-04:00,67.55800417071283,69.88994305884354,67.46438585438578,69.49845123291016,282000,0.0,0.0
2009-06-26 00:00:00-04:00,69.00481223654693,69.26864206932274,68.17927263871475,68.37501525878906,686500,0.0,0.0
2009-06-29 00:00:00-04:00,68.77505152705699,68.97080073139318,67.35376438945961,67.66866302490234,439900,0.0,0.0
2009-06-30 00:00:00-04:00,68.11121747642123,68.23887943702063,66.53673727744732,67.13248443603516,492100,0.0,0.0
2009-07-01 00:00:00-04:00,67.83884833525461,68.06864107267438,66.67287907654507,66.90267181396484,870400,0.0,0.0
2009-07-02 00:00:00-04:00,65.80480358826509,66.40055063784177,65.2090565386884,66.23033905029297,422400,0.0,0.0
2009-07-06 00:00:00-04:00,65.82181622366822,66.25586417394196,64.74095910441804,65.94947814941406,480300,0.0,0.0
2009-07-07 00:00:00-04:00,66.65586249606453,66.72394971607211,65.05585178481464,65.16648864746094,423300,0.0,0.0
2009-07-08 00:00:00-04:00,66.30693943016657,66.30693943016657,63.31967864070291,64.77500915527344,776800,0.0,0.0
2009-07-09 00:00:00-04:00,64.82608126691332,66.77503477905618,64.82608126691332,66.20481872558594,371500,0.0,0.0
2009-07-10 00:00:00-04:00,65.10694127297158,65.80481933800132,62.809051825306135,64.23033905029297,963500,0.0,0.0
2009-07-13 00:00:00-04:00,64.73244687575104,65.75373579326232,62.79200637358149,65.61756134033203,590200,0.0,0.0
2009-07-14 00:00:00-04:00,63.71965885089672,65.68562988041852,63.15794913208852,63.39624786376953,2066000,0.0,0.0
2009-07-15 00:00:00-04:00,64.59628579646109,65.94948547752684,64.05160091303331,65.69416809082031,823200,0.0,0.0
2009-07-16 00:00:00-04:00,65.43885921140858,67.63462430345895,65.20056033192854,67.3622817993164,391400,0.0,0.0
2009-07-17 00:00:00-04:00,67.14951401504386,67.864410653484,66.80057173212133,67.3622817993164,288200,0.0,0.0
2009-07-20 00:00:00-04:00,67.57504738111496,68.98782204619613,67.57504738111496,67.77079010009766,365700,0.0,0.0
2009-07-21 00:00:00-04:00,68.51122876024829,68.93676434261008,66.81759896053251,67.71121978759766,360800,0.0,0.0
2009-07-22 00:00:00-04:00,67.62609366097034,69.8473892532744,67.23460182194529,69.14099884033203,442900,0.0,0.0
2009-07-23 00:00:00-04:00,69.37929511747538,74.09422856076749,69.30270185517013,73.9155044555664,763300,0.0,0.0
2009-07-24 00:00:00-04:00,73.16658537589859,75.33681284047101,73.16658537589859,75.15808868408203,611100,0.0,0.0
2009-07-27 00:00:00-04:00,75.00489822485115,75.1070291005416,73.4814800848794,74.2134017944336,387800,0.0,0.0
2009-07-28 00:00:00-04:00,73.79634044600165,76.34104004947642,73.04740055913216,74.46017456054688,269300,0.0,0.0
2009-07-29 00:00:00-04:00,74.0687031355443,74.27295834379484,71.54102139575326,72.44316101074219,468300,0.0,0.0
2009-07-30 00:00:00-04:00,73.41338150696203,74.26445245165108,72.74954720900952,73.31976318359375,584200,0.0,0.0
2009-07-31 00:00:00-04:00,73.14954761238852,73.99211255165594,72.37507640254957,73.25167846679688,371400,0.0,0.0
2009-08-03 00:00:00-04:00,74.17083865326961,74.92829132080078,72.9282757773965,74.92829132080078,464400,0.0,0.0
2009-08-04 00:00:00-04:00,74.92828467875599,78.58788574388227,74.19636316709956,76.01765441894531,1441300,0.0,0.0
2009-08-05 00:00:00-04:00,75.91552522239071,76.01765607268872,73.75381074957515,74.94530487060547,660000,0.0,0.0
2009-08-06 00:00:00-04:00,75.38784868860922,75.6431660180391,73.94102451588846,74.27294158935547,331500,0.0,0.0
2009-08-07 00:00:00-04:00,75.11552279728582,76.18786750396964,74.48572562816628,75.56658935546875,407300,0.0,0.0
2009-08-10 00:00:00-04:00,75.49849489023487,75.79636839133657,73.3112430490661,73.90699005126953,228100,0.0,0.0
2009-08-11 00:00:00-04:00,73.79636265012762,74.25594175074362,72.76656756090063,73.12401580810547,136200,0.0,0.0
2009-08-12 00:00:00-04:00,73.19206050996127,75.60059150137819,73.19206050996127,74.97079467773438,376300,0.0,0.0
2009-08-13 00:00:00-04:00,74.97082593149695,75.37083025854638,73.9325249782229,75.0984878540039,332700,0.0,0.0
2009-08-14 00:00:00-04:00,74.79211896621668,75.05595539799653,73.06444583299363,73.5240249633789,172600,0.0,0.0
2009-08-17 00:00:00-04:00,72.2644132331905,72.56228666710909,70.409078925014,71.19206237792969,285400,0.0,0.0
2009-08-18 00:00:00-04:00,71.43890598393857,73.0729608408748,71.387837305614,72.57933807373047,289800,0.0,0.0
2009-08-19 00:00:00-04:00,71.72825917102672,74.09423539106349,71.2516615132225,73.70274353027344,243200,0.0,0.0
2009-08-20 00:00:00-04:00,74.12829113691973,75.2942608755666,73.83041755205583,74.72404479980469,414500,0.0,0.0
2009-08-21 00:00:00-04:00,75.11552471137779,76.68149216030596,75.00488133101135,76.24744415283203,281900,0.0,0.0
2009-08-24 00:00:00-04:00,76.21339676313946,76.78361267090321,74.88572182966135,75.5240249633789,269800,0.0,0.0
2009-08-25 00:00:00-04:00,75.66873360710382,77.30278853892209,75.35383496677294,75.55809020996094,203500,0.0,0.0
2009-08-26 00:00:00-04:00,75.6176500470917,76.28148432669734,74.0772137575886,76.01765441894531,291600,0.0,0.0
2009-08-27 00:00:00-04:00,75.74530624131025,76.53680239771532,74.638911530411,75.31977081298828,201100,0.0,0.0
2009-08-28 00:00:00-04:00,76.26874075572421,76.51667265654548,75.08038178041105,76.22599792480469,226700,0.4,0.0
2009-08-31 00:00:00-04:00,75.36254170120387,75.8925973684164,74.48195945941956,74.87522888183594,292100,0.0,0.0
2009-09-01 00:00:00-04:00,74.53326227183508,76.12344250619871,73.06277246176643,73.53298950195312,409100,0.0,0.0
2009-09-02 00:00:00-04:00,73.42180283525693,73.82362325983107,72.66946251268605,73.44745635986328,257900,0.0,0.0
2009-09-03 00:00:00-04:00,73.48165972680006,74.13141214505504,72.15651440686732,74.03736877441406,257300,0.0,0.0
2009-09-04 00:00:00-04:00,73.72959612288047,74.90941065416206,73.41327433214057,74.80681610107422,221200,0.0,0.0
2009-09-08 00:00:00-04:00,75.62755800859712,78.0042765381139,75.4223754113552,77.29468536376953,379400,0.0,0.0
2009-09-09 00:00:00-04:00,77.35452216036609,78.78226205398482,76.44828661922804,77.9700698852539,381400,0.0,0.0
2009-09-10 00:00:00-04:00,77.69649620762544,78.33769750512579,77.22628583637399,77.764892578125,364000,0.0,0.0
2009-09-11 00:00:00-04:00,78.29495492645603,79.62865154245742,77.61955544145516,78.07266998291016,463700,0.0,0.0
2009-09-14 00:00:00-04:00,77.26901601888369,78.78225448578466,77.1151274717859,78.63691711425781,315900,0.0,0.0
2009-09-15 00:00:00-04:00,78.44027962685807,81.17606878680587,78.44027962685807,80.97088623046875,317400,0.0,0.0
2009-09-16 00:00:00-04:00,81.27012262662565,86.89559674220847,81.25302679582546,86.38263702392578,970500,0.0,0.0
2009-09-17 00:00:00-04:00,85.78418102785724,88.02411323942943,85.61319662443697,87.69068908691406,695500,0.0,0.0
2009-09-18 00:00:00-04:00,87.95570011760438,88.4344680967449,85.52768813374614,86.02355194091797,551000,0.0,0.0
2009-09-21 00:00:00-04:00,85.45931006681421,85.49350825283179,82.92870300524683,84.88650512695312,457700,0.0,0.0
2009-09-22 00:00:00-04:00,82.85175021546083,84.08285212411757,82.11650562706494,83.68958282470703,556900,0.0,0.0
2009-09-23 00:00:00-04:00,83.78364444594824,85.4593165521507,83.27923583984375,83.27923583984375,395900,0.0,0.0
2009-09-24 00:00:00-04:00,83.68956968707508,84.27947680490499,79.5431370809565,80.21853637695312,688300,0.0,0.0
2009-09-25 00:00:00-04:00,80.05613827183191,81.59502436901799,79.50898022008542,79.75691223144531,285200,0.0,0.0
2009-09-28 00:00:00-04:00,80.00479739466452,81.67191758820739,79.78251252798059,81.27864837646484,342500,0.0,0.0
2009-09-29 00:00:00-04:00,81.50097012357946,82.39864812530219,80.38100063194786,80.5348892211914,374700,0.0,0.0
2009-09-30 00:00:00-04:00,80.10737010240794,80.10737010240794,77.25189164462437,78.71382904052734,451200,0.0,0.0
2009-10-01 00:00:00-04:00,80.36391054501061,80.36391054501061,77.16645465392013,77.6965103149414,663100,0.0,0.0
2009-10-02 00:00:00-04:00,76.56798551429043,78.06412194018017,75.96098237564591,76.86721801757812,471800,0.0,0.0
2009-10-05 00:00:00-04:00,77.06382204069614,78.34622423554593,76.81589016697566,77.75631713867188,246300,0.0,0.0
2009-10-06 00:00:00-04:00,78.60273727510247,80.40665090596698,78.55998790990883,79.8338394165039,403800,0.0,0.0
2009-10-07 00:00:00-04:00,79.76544247055924,79.97062505544025,78.18380741596769,78.85066223144531,284200,0.0,0.0
2009-10-08 00:00:00-04:00,79.6457367894206,80.50067167197271,78.73095020335973,79.21826934814453,307200,0.0,0.0
2009-10-09 00:00:00-04:00,79.12425186499065,79.24394226587906,78.44030112622464,78.8763198852539,270200,0.0,0.0
2009-10-12 00:00:00-04:00,79.23537631231521,79.79963002233463,78.4488376752523,79.192626953125,143100,0.0,0.0
2009-10-13 00:00:00-04:00,78.85921847740357,79.67141080478234,77.7734536783946,79.07295227050781,243300,0.0,0.0
2009-10-14 00:00:00-04:00,80.11598891626532,80.11598891626532,77.59393230419191,78.1410903930664,522700,0.0,0.0
2009-10-15 00:00:00-04:00,77.97861004315962,81.21881403857263,77.97861004315962,80.44937133789062,617900,0.0,0.0
2009-10-16 00:00:00-04:00,79.79963168529393,80.11595999103876,78.29495074546155,79.50895690917969,252600,0.0,0.0
2009-10-19 00:00:00-04:00,79.60300488585322,82.41574204874041,78.99600176889754,81.74889373779297,473900,0.0,0.0
2009-10-20 00:00:00-04:00,82.5268889998185,82.70642459863232,80.49214569062431,81.81729125976562,356600,0.0,0.0
2009-10-21 00:00:00-04:00,81.80874058218198,82.81756424599297,78.66257920035089,78.76516723632812,351900,0.0,0.0
2009-10-22 00:00:00-04:00,78.68821914527656,79.98771749121276,77.45711064297326,79.3807144165039,310800,0.0,0.0
2009-10-23 00:00:00-04:00,79.86801768652779,80.0219062311557,76.21744849262677,77.40580749511719,347300,0.0,0.0
2009-10-26 00:00:00-04:00,77.81619131881814,79.13279217899803,74.46484723252607,74.7384262084961,383900,0.0,0.0
2009-10-27 00:00:00-04:00,75.19156595662588,75.9011639053398,73.88351583588783,75.24286651611328,602100,0.0,0.0
2009-10-28 00:00:00-04:00,74.8923074539451,75.44801652894054,72.01972522632974,72.28475952148438,520700,0.0,0.0
2009-10-29 00:00:00-04:00,73.3876536608433,74.54182170128503,72.61821699740166,74.08870697021484,262700,0.0,0.0
2009-10-30 00:00:00-04:00,72.90031328383584,73.721056721747,70.43810253801394,71.23319244384766,581600,0.0,0.0
2009-11-02 00:00:00-05:00,71.29301507870092,73.56714486141087,68.59142440286575,70.31838989257812,1064100,0.0,0.0
2009-11-03 00:00:00-05:00,67.27486172578774,70.17309190895392,66.16344321216867,68.24093627929688,1300600,0.0,0.0
2009-11-04 00:00:00-05:00,67.78781983020319,70.29278048723859,66.13779446194931,67.98445129394531,721500,0.0,0.0
2009-11-05 00:00:00-05:00,68.46321211452197,70.92542313277312,68.22383130307729,70.80573272705078,507100,0.0,0.0
2009-11-06 00:00:00-05:00,70.02772041645997,72.21635166154624,69.81398669259964,71.7033920288086,818900,0.0,0.0
2009-11-09 00:00:00-05:00,72.47284408549562,74.01172984330378,72.47284408549562,73.91768646240234,393000,0.0,0.0
2009-11-10 00:00:00-05:00,73.54150079671517,74.02881345245707,72.26764956023824,73.14823150634766,632900,0.0,0.0
2009-11-11 00:00:00-05:00,73.92625337400356,75.21720744989565,73.30214776088111,73.79801177978516,891600,0.0,0.0
2009-11-12 00:00:00-05:00,73.79800135417864,74.72988405272078,72.02828586736375,72.24201965332031,746700,0.0,0.0
2009-11-13 00:00:00-05:00,72.7635301684412,74.19982146220228,71.97699140635804,73.4645767211914,432100,0.0,0.0
2009-11-16 00:00:00-05:00,74.18269748476726,76.764604503483,74.09720530035266,75.92676544189453,485200,0.0,0.0
2009-11-17 00:00:00-05:00,75.59336136867861,76.20891569563649,74.84102081497305,75.84129333496094,391000,0.0,0.0
2009-11-18 00:00:00-05:00,75.83272947357068,76.260196959944,74.7127667465162,74.82390594482422,1158400,0.0,0.0
2009-11-19 00:00:00-05:00,74.00317394847228,74.72132276388012,72.66947739181909,73.50731658935547,427800,0.0,0.0
2009-11-20 00:00:00-05:00,74.50759375666831,74.50759375666831,73.14824358349826,73.91768646240234,455600,0.0,0.0
2009-11-23 00:00:00-05:00,75.01196670138465,75.01196670138465,74.25962653409641,74.79823303222656,646600,0.0,0.0
2009-11-24 00:00:00-05:00,75.02057514864723,75.02057514864723,73.18246288606142,73.53298950195312,565200,0.0,0.0
2009-11-25 00:00:00-05:00,73.8407209918164,74.1399468671584,73.56714211684158,73.96895599365234,437300,0.0,0.0
2009-11-27 00:00:00-05:00,73.02417361240008,73.51374969234989,72.10514460081247,72.17385864257812,171100,0.4,0.0
2009-11-30 00:00:00-05:00,72.19103169132102,73.38491017252981,71.71863090252722,73.25607299804688,730100,0.0,0.0
2009-12-01 00:00:00-05:00,73.8659260678372,74.15795100223212,73.3419928121911,73.64260864257812,374900,0.0,0.0
2009-12-02 00:00:00-05:00,74.07204872211945,74.87083153314624,73.78002383889347,74.6561050415039,413500,0.0,0.0
2009-12-03 00:00:00-05:00,74.64748032592645,74.81925880515878,72.68058593995016,72.96401977539062,263700,0.0,0.0
2009-12-04 00:00:00-05:00,74.02909121654002,74.72480280085139,72.01065739279288,72.83521270751953,320200,0.0,0.0
2009-12-07 00:00:00-05:00,72.44871527072632,73.00700544649185,71.37508283768967,71.5210952758789,578800,0.0,0.0
2009-12-08 00:00:00-05:00,70.59347486138682,72.77509653618856,69.93211367831735,70.85973358154297,369600,0.0,0.0
2009-12-09 00:00:00-05:00,72.7235751316845,73.42787784461854,71.53828711809307,73.05854797363281,638900,0.0,0.0
2009-12-10 00:00:00-05:00,74.2695916956252,75.15426369406916,73.73706769668036,74.14934539794922,420500,0.0,0.0
2009-12-11 00:00:00-05:00,74.32972607799303,74.81071134138872,74.16653184094118,74.47573852539062,427700,0.0,0.0
2009-12-14 00:00:00-05:00,75.23156474312502,75.23156474312502,74.2953604561942,75.15426635742188,345400,0.0,0.0
2009-12-15 00:00:00-05:00,74.93097489143129,75.43773295586321,74.26962000214998,74.44139862060547,314700,0.0,0.0
2009-12-16 00:00:00-05:00,74.65610278912918,75.11132188920777,74.34689612625837,74.7076416015625,291300,0.0,0.0
2009-12-17 00:00:00-05:00,73.66836072868917,74.95671965859437,73.66836072868917,74.41561126708984,266900,0.0,0.0
2009-12-18 00:00:00-05:00,74.72483531442393,76.3481674194336,74.48434264004233,76.3481674194336,633900,0.0,0.0
2009-12-21 00:00:00-05:00,76.9150175968655,78.60705653128782,76.9150175968655,78.46963500976562,395100,0.0,0.0
2009-12-22 00:00:00-05:00,78.81322770724788,80.44515065207186,78.72733840550633,80.32489776611328,325100,0.0,0.0
2009-12-23 00:00:00-05:00,80.70280341193255,80.98624395212713,80.1101562011498,80.46231079101562,233700,0.0,0.0
2009-12-24 00:00:00-05:00,80.73716735839844,81.42429480815375,80.50526561204249,80.73716735839844,129400,0.0,0.0
2009-12-28 00:00:00-05:00,80.81442735680598,80.90890750007792,79.89539859737606,80.35062408447266,214100,0.0,0.0
2009-12-29 00:00:00-05:00,80.05862221975262,80.84881411519194,79.95555114746094,79.95555114746094,244200,0.0,0.0
2009-12-30 00:00:00-05:00,79.13098605516315,80.17026124820146,78.07453563005262,78.52975463867188,376900,0.0,0.0
2009-12-31 00:00:00-05:00,78.46965633197766,78.58990265333281,76.4684036862435,76.79479217529297,351000,0.0,0.0
2010-01-04 00:00:00-05:00,77.35304688948544,78.83895666536331,77.35304688948544,78.73588562011719,456200,0.0,0.0
2010-01-05 00:00:00-05:00,78.40093669126762,78.87333760074975,77.37025213794804,77.67086791992188,435000,0.0,0.0
2010-01-06 00:00:00-05:00,80.24758062615662,80.24758062615662,79.0966432821253,79.60340118408203,676600,0.0,0.0
2010-01-07 00:00:00-05:00,79.60339637522104,79.60339637522104,77.91994165464921,78.8905029296875,488800,0.0,0.0
2010-01-08 00:00:00-05:00,78.79603792924777,79.45739924679013,77.18988783536811,77.5849838256836,655500,0.0,0.0
2010-01-11 00:00:00-05:00,77.88560053452093,78.11750228371326,76.15061320442095,76.38251495361328,734800,0.0,0.0
2010-01-12 00:00:00-05:00,75.86716429952503,76.46839584464638,75.69537917739581,76.12483215332031,578200,0.0,0.0
2010-01-13 00:00:00-05:00,76.56288014773013,76.64018509508549,75.05979465102901,76.1849594116211,612000,0.0,0.0
2010-01-14 00:00:00-05:00,76.10765742763162,76.27943599797969,75.59231516365497,75.85857391357422,245700,0.0,0.0
2010-01-15 00:00:00-05:00,75.97023045882382,75.97023045882382,74.05487381452151,74.2524185180664,542000,0.0,0.0
2010-01-19 00:00:00-05:00,74.14933882360151,75.72113800048828,74.00332641121693,75.72113800048828,456300,0.0,0.0
2010-01-20 00:00:00-05:00,74.93953206669423,75.1542585196074,73.7886014244867,75.01683044433594,463800,0.0,0.0
2010-01-21 00:00:00-05:00,75.16286961920409,75.33464820654277,71.94197195960592,72.7149887084961,803800,0.0,0.0
2010-01-22 00:00:00-05:00,72.6977899744687,73.3419693562507,70.39592205478381,70.49040222167969,707600,0.0,0.0
2010-01-25 00:00:00-05:00,71.18608862578445,71.55541826921774,70.3014169701703,70.3873062133789,832200,0.0,0.0
2010-01-26 00:00:00-05:00,70.12965869735368,70.9542074650901,69.25357112649361,69.91493225097656,629800,0.0,0.0
2010-01-27 00:00:00-05:00,69.76032858831648,69.76032858831648,67.99098477621618,69.39099884033203,1171300,0.0,0.0
2010-01-28 00:00:00-05:00,69.51126465975472,69.6572771108689,67.10632517569529,68.52352142333984,691600,0.0,0.0
2010-01-29 00:00:00-05:00,68.81556018409476,69.87201103423223,67.81063505090347,68.00818634033203,652400,0.0,0.0
2010-02-01 00:00:00-05:00,68.42043662619848,69.5370101928711,68.15417138211798,69.5370101928711,573800,0.0,0.0
2010-02-02 00:00:00-05:00,69.72598999114928,70.81679773801247,69.52843872602,70.51618194580078,425000,0.0,0.0
2010-02-03 00:00:00-05:00,70.2327215718546,70.92843969800377,69.33946534218398,69.54560089111328,342400,0.0,0.0
2010-02-04 00:00:00-05:00,68.73825089396482,68.73825089396482,67.36400250933848,67.42412567138672,505800,0.0,0.0
2010-02-05 00:00:00-05:00,67.2695091441534,67.72472821807096,65.5001651050227,67.52718353271484,531700,0.0,0.0
2010-02-08 00:00:00-05:00,67.41553295113499,68.78978129856253,66.47073762183688,68.37751007080078,710800,0.0,0.0
2010-02-09 00:00:00-05:00,66.11858831212072,66.93454641006149,64.12592660755986,65.2339096069336,2723700,0.0,0.0
2010-02-10 00:00:00-05:00,65.22529226228274,66.97746044312078,63.55901332941203,66.48788452148438,1366800,0.0,0.0
2010-02-11 00:00:00-05:00,66.20445801477624,67.08912990527115,65.31978612428132,67.03759765625,412600,0.0,0.0
2010-02-12 00:00:00-05:00,66.45354633322789,67.21797199662441,65.68912066983137,67.20938110351562,447100,0.0,0.0
2010-02-16 00:00:00-05:00,67.50999237169597,68.42043694605061,67.12348739545072,68.34313201904297,313100,0.0,0.0
2010-02-17 00:00:00-05:00,68.60937022641497,68.84986927524106,67.9995480966963,68.42900085449219,219900,0.0,0.0
2010-02-18 00:00:00-05:00,68.50634752026473,69.40819492964978,68.22290695462954,69.28794860839844,342900,0.0,0.0
2010-02-19 00:00:00-05:00,68.99589051320766,70.2327101587257,68.8584624676335,70.0093994140625,417200,0.0,0.0
2010-02-22 00:00:00-05:00,70.1038933150075,70.82537103707173,69.45112307628425,70.42168426513672,496800,0.0,0.0
2010-02-23 00:00:00-05:00,70.05235642151197,70.54193247567127,69.2793464276309,69.99223327636719,532200,0.0,0.0
2010-02-24 00:00:00-05:00,70.22413861410178,70.51616343475351,69.56277749191577,70.31861877441406,498600,0.0,0.0
2010-02-25 00:00:00-05:00,69.61951549590314,70.06833663037062,68.87722907015899,69.87844848632812,313400,0.4,0.0
2010-02-26 00:00:00-05:00,70.16326644260583,70.36178103640874,67.83283049177051,68.37660217285156,851000,0.0,0.0
2010-03-01 00:00:00-05:00,68.56650703242485,68.56650703242485,67.15961204469264,67.4703369140625,539900,0.0,0.0
2010-03-02 00:00:00-05:00,67.51345723236001,68.09174784881269,66.78843075530456,67.00421142578125,537700,0.0,0.0
2010-03-03 00:00:00-05:00,67.31496139177187,69.03258091492847,67.22001733430669,68.51470184326172,647000,0.0,0.0
2010-03-04 00:00:00-05:00,68.95491821772251,69.73173048567762,68.82544840887864,69.50731658935547,531400,0.0,0.0
2010-03-05 00:00:00-05:00,70.04244444069283,71.06093001384366,70.04244444069283,70.89693450927734,443900,0.0,0.0
2010-03-08 00:00:00-05:00,70.91417689546901,71.63056386011428,70.80196670990287,71.23352813720703,657300,0.0,0.0
2010-03-09 00:00:00-05:00,70.77610065061369,71.11271816348486,70.3704317030235,70.67252349853516,914900,0.0,0.0
2010-03-10 00:00:00-05:00,70.77609252929688,71.20765406910967,70.24958692391675,70.77609252929688,360900,0.0,0.0
2010-03-11 00:00:00-05:00,70.46537093571716,71.27670877512644,69.99065058604009,71.10408020019531,527300,0.0,0.0
2010-03-12 00:00:00-05:00,71.19901639364065,71.3198530901713,70.31863380675928,70.82787322998047,431400,0.0,0.0
2010-03-15 00:00:00-04:00,70.89691954494332,70.89691954494332,69.67991959324047,70.19779205322266,357600,0.0,0.0
2010-03-16 00:00:00-04:00,70.34453060565656,71.51837851435089,70.12874983692755,71.4752197265625,598800,0.0,0.0
2010-03-17 00:00:00-04:00,71.50974025690242,77.39623893778494,71.50974025690242,76.99057006835938,2083900,0.0,0.0
2010-03-18 00:00:00-04:00,76.80067071420719,77.3012769405204,74.78959298169116,75.48008728027344,610300,0.0,0.0
2010-03-19 00:00:00-04:00,75.44556427001953,75.55776785916001,73.80562969470535,75.44556427001953,1323300,0.0,0.0
2010-03-22 00:00:00-04:00,74.78964118611992,77.87099134778978,74.21135010973937,76.80072021484375,1136900,0.0,0.0
2010-03-23 00:00:00-04:00,77.46530195382492,77.46530195382492,75.93757689073416,76.76617431640625,511200,0.0,0.0
2010-03-24 00:00:00-04:00,76.67983075617369,77.12865832538178,75.75628957100498,75.86849975585938,412400,0.0,0.0
2010-03-25 00:00:00-04:00,76.17058301993846,76.96465437297914,72.58862227478458,72.7353515625,1515000,0.0,0.0
2010-03-26 00:00:00-04:00,72.80442158569389,72.8734730040827,71.20764539981019,71.95856475830078,1038100,0.0,0.0
2010-03-29 00:00:00-04:00,72.3469773955902,73.2877849912642,72.08803783363419,73.2791519165039,314700,0.0,0.0
2010-03-30 00:00:00-04:00,73.49490380028155,74.07319446488047,72.4850517587991,72.7353515625,409400,0.0,0.0
2010-03-31 00:00:00-04:00,72.52824044999535,72.84759840026433,71.76006133931477,72.11394500732422,359800,0.0,0.0
2010-04-01 00:00:00-04:00,72.41603726355326,74.97088112651957,72.41603726355326,74.66015625,765800,0.0,0.0
2010-04-05 00:00:00-04:00,74.73783469484965,75.7735864854665,74.2717539619456,75.02266693115234,290100,0.0,0.0
2010-04-06 00:00:00-04:00,74.53070352423968,74.53070352423968,73.6848462883982,73.90062713623047,463400,0.0,0.0
2010-04-07 00:00:00-04:00,73.64166211568333,74.27174487174175,73.2791519966338,73.87470245361328,691800,0.0,0.0
2010-04-08 00:00:00-04:00,73.86608103175986,75.41969875646568,73.02885051953332,75.3074951171875,567600,0.0,0.0
2010-04-09 00:00:00-04:00,73.66753470333664,76.23101064834724,72.09665136326045,75.5318832397461,830500,0.0,0.0
2010-04-12 00:00:00-04:00,75.61820547259754,75.9720824732686,74.81550083070245,75.16075134277344,936600,0.0,0.0
2010-04-13 00:00:00-04:00,75.1780288491635,75.66138231547582,74.53931952969876,74.66015625,678000,0.0,0.0
2010-04-14 00:00:00-04:00,74.87592326904125,75.4283214845058,74.51341317485006,75.34201049804688,1509700,0.0,0.0
2010-04-15 00:00:00-04:00,75.32474134233918,77.11140568964144,74.52203668861752,76.73163604736328,2733800,0.0,0.0
2010-04-16 00:00:00-04:00,76.50721208071751,78.9153257226336,75.25568653018243,78.39745330810547,1889000,0.0,0.0
2010-04-19 00:00:00-04:00,77.8882272878135,78.09538157465322,76.04977744158134,77.49982452392578,1021500,0.0,0.0
2010-04-20 00:00:00-04:00,77.96589218658012,79.86475990938013,77.34444265254228,79.64897918701172,881200,0.0,0.0
2010-04-21 00:00:00-04:00,79.91651600419557,81.36656219261616,79.58853179655499,80.62428283691406,655600,0.0,0.0
2010-04-22 00:00:00-04:00,79.5885772366862,83.1446466442058,79.26921933118236,82.80802917480469,999400,0.0,0.0
2010-04-23 00:00:00-04:00,81.95350384162047,84.13720996693019,81.9189847259378,83.34313201904297,756000,0.0,0.0
2010-04-26 00:00:00-04:00,83.47262597190775,85.65632614575604,83.10148281213588,83.74882507324219,886500,0.0,0.0
2010-04-27 00:00:00-04:00,83.64523590539962,84.30983758140633,80.56388110678209,80.90050506591797,917100,0.0,0.0
2010-04-28 00:00:00-04:00,80.94365507831213,81.83267050812353,80.32220560909522,80.64156341552734,724900,0.0,0.0
2010-04-29 00:00:00-04:00,81.00410470322652,83.26548968199552,81.00410470322652,83.18780517578125,734200,0.0,0.0
2010-04-30 00:00:00-04:00,83.4121931780179,84.48246368718921,82.07435010272512,82.75621795654297,732700,0.0,0.0
2010-05-03 00:00:00-04:00,80.02012141081389,86.59712012674153,80.02012141081389,86.1482925415039,2065600,0.0,0.0
2010-05-04 00:00:00-04:00,84.72417343182416,84.72417343182416,78.78588181450009,79.76121520996094,1580000,0.0,0.0
2010-05-05 00:00:00-04:00,80.39990212808847,80.39990212808847,75.93755816698699,77.45664978027344,1674600,0.0,0.0
2010-05-06 00:00:00-04:00,76.82657710364667,80.27043589667441,72.31244109072054,75.833984375,1632200,0.0,0.0
2010-05-07 00:00:00-04:00,75.22111797335455,77.87090346020805,74.53925049170805,76.07560729980469,1563000,0.0,0.0
2010-05-10 00:00:00-04:00,78.65640385640057,81.14220253958234,78.65640385640057,80.8401107788086,936400,0.0,0.0
2010-05-11 00:00:00-04:00,79.83887723716745,80.98683240381375,78.64776987172674,78.74271392822266,1031800,0.0,0.0
2010-05-12 00:00:00-04:00,79.24331207387775,81.08176808233011,79.24331207387775,80.98682403564453,564100,0.0,0.0
2010-05-13 00:00:00-04:00,80.90915163056434,81.27166831072238,79.87340662038585,80.46896362304688,492100,0.0,0.0
2010-05-14 00:00:00-04:00,79.66628214395806,80.06331806636221,78.80315885565996,79.43323516845703,614400,0.0,0.0
2010-05-17 00:00:00-04:00,79.63170335615358,80.90049479805455,78.19028342056666,80.74513244628906,945000,0.0,0.0
2010-05-18 00:00:00-04:00,81.47019833052435,82.04848929416482,79.86478865153185,80.13235473632812,1043700,0.0,0.0
2010-05-19 00:00:00-04:00,79.89930932364808,81.39251526296187,79.21744124842097,80.15824890136719,1082400,0.0,0.0
2010-05-20 00:00:00-04:00,78.00041278062933,78.88079517275054,76.55036615793792,76.81793212890625,1480100,0.0,0.0
2010-05-21 00:00:00-04:00,75.43697368713882,78.02634344812682,75.29887080570103,77.70698547363281,1005100,0.0,0.0
2010-05-24 00:00:00-04:00,78.00907795065812,78.99303794129005,77.24953185169372,78.34569549560547,859800,0.0,0.0
2010-05-25 00:00:00-04:00,75.98935386430024,79.6317341770341,75.60094454200365,79.47637176513672,884800,0.0,0.0
2010-05-26 00:00:00-04:00,80.00285797995527,82.38507227211082,80.00285797995527,81.11628723144531,1276100,0.0,0.0
2010-05-27 00:00:00-04:00,82.97199963957601,83.08420982784249,81.33207144443926,82.2297134399414,813000,0.0,0.0
2010-05-28 00:00:00-04:00,82.27288760921408,82.27288760921408,80.27044242712448,80.46896362304688,901900,0.0,0.0
2010-06-01 00:00:00-04:00,80.0460666593741,81.70326868288565,79.19157629037127,79.26062774658203,655100,0.0,0.0
2010-06-02 00:00:00-04:00,79.51952082025056,81.0558853149414,79.39868412523418,81.0558853149414,527700,0.0,0.0
2010-06-03 00:00:00-04:00,81.38389919163836,82.2556555946525,80.73655669719496,81.98808288574219,587400,0.0,0.0
2010-06-04 00:00:00-04:00,80.00315477939716,81.09528405587247,77.05612510083317,77.29882049560547,1016200,0.4,0.0
2010-06-07 00:00:00-04:00,77.25546037284244,77.49816232142767,75.55658641045737,76.11132049560547,1538200,0.0,0.0
2010-06-08 00:00:00-04:00,75.89463232330822,76.65739670071785,75.40924161983106,76.51004028320312,830900,0.0,0.0
2010-06-09 00:00:00-04:00,76.90008464841421,77.9488789534208,75.98130758730716,76.25867462158203,634200,0.0,0.0
2010-06-10 00:00:00-04:00,78.52096991831047,79.82979911699259,77.37682972050234,79.22306060791016,705900,0.0,0.0
2010-06-11 00:00:00-04:00,78.85033416515608,80.03780884192109,78.67697561212105,79.72577667236328,386500,0.0,0.0
2010-06-14 00:00:00-04:00,80.26315758213009,81.45930824302069,79.448395671049,79.67375183105469,400100,0.0,0.0
2010-06-15 00:00:00-04:00,80.26317708722272,80.8092483000546,79.55242350405133,80.6272201538086,513000,0.0,0.0
2010-06-16 00:00:00-04:00,80.3325060169632,81.28595480580668,79.26637252811561,80.488525390625,607600,0.0,0.0
2010-06-17 00:00:00-04:00,80.82656269140828,81.13860142493671,78.66830029529632,79.78643798828125,426100,0.0,0.0
2010-06-18 00:00:00-04:00,79.84713772630712,80.60989564855484,79.69978127830902,79.89047241210938,222800,0.0,0.0
2010-06-21 00:00:00-04:00,81.4766490770171,82.04005276024647,79.75177293222599,80.27183532714844,326200,0.0,0.0
2010-06-22 00:00:00-04:00,80.01180909655483,80.41052386098816,77.21213616437325,77.43749237060547,421500,0.0,0.0
2010-06-23 00:00:00-04:00,77.36813985953681,78.78964668354767,76.28467388922662,78.13089752197266,490600,0.0,0.0
2010-06-24 00:00:00-04:00,77.70621617969233,77.8795681688822,76.12868927142831,76.27603912353516,399100,0.0,0.0
2010-06-25 00:00:00-04:00,76.37137467489408,77.09079790019456,75.14922148880869,76.81343078613281,949700,0.0,0.0
2010-06-28 00:00:00-04:00,76.47536795737228,77.3508037343917,76.17199218342611,76.232666015625,335100,0.0,0.0
2010-06-29 00:00:00-04:00,74.82852202419282,74.82852202419282,72.4102243231964,74.02242279052734,1027900,0.0,0.0
2010-06-30 00:00:00-04:00,73.71039284782914,74.61183775869843,72.9129631003906,73.51103210449219,1225600,0.0,0.0
2010-07-01 00:00:00-04:00,73.37232127751352,74.66381094074625,72.2801856616436,73.92705535888672,1307300,0.0,0.0
2010-07-02 00:00:00-04:00,74.35178015683093,75.06253368802535,73.54568107522422,74.45579528808594,512700,0.0,0.0
2010-07-06 00:00:00-04:00,75.98130270912307,77.04742949215753,74.58579804762975,75.51324462890625,962300,0.0,0.0
2010-07-07 00:00:00-04:00,75.46991509413374,75.46991509413374,73.84038444534596,74.32577514648438,1422100,0.0,0.0
2010-07-08 00:00:00-04:00,74.72451143983808,75.20990228101438,73.18165631213836,73.75372314453125,951600,0.0,0.0
2010-07-09 00:00:00-04:00,73.86637513369938,75.46990340556945,73.75369044342143,75.0971908569336,416100,0.0,0.0
2010-07-12 00:00:00-04:00,74.7331654361613,74.94985867548539,72.95627822852269,73.29431915283203,449200,0.0,0.0
2010-07-13 00:00:00-04:00,74.20445150362603,75.53928297701782,74.0657646224118,75.21857452392578,687500,0.0,0.0
2010-07-14 00:00:00-04:00,75.1665074175077,75.1665074175077,73.89235086648878,74.74179077148438,429400,0.0,0.0
2010-07-15 00:00:00-04:00,74.58579969687872,74.603132242625,72.95626265276886,74.37776947021484,353700,0.0,0.0
2010-07-16 00:00:00-04:00,73.73636667359915,73.96172946802473,70.91068530841594,71.38741302490234,1016100,0.0,0.0
2010-07-19 00:00:00-04:00,71.95082933357907,72.03750531189428,70.64200023827371,71.32675170898438,709300,0.0,0.0
2010-07-20 00:00:00-04:00,70.63334599833496,73.59771535902985,70.0439399596362,73.30300903320312,642100,0.0,0.0
2010-07-21 00:00:00-04:00,73.51968796386156,74.10909388736694,72.15018499263532,72.74826049804688,620700,0.0,0.0
2010-07-22 00:00:00-04:00,73.92705152413328,74.81115685391391,73.52833683713797,74.28242492675781,452400,0.0,0.0
2010-07-23 00:00:00-04:00,73.95306850723432,75.66061229245578,73.67570142521048,75.50459289550781,309300,0.0,0.0
2010-07-26 00:00:00-04:00,75.76462311256927,76.83075008686048,75.30522791614557,76.62272644042969,307100,0.0,0.0
2010-07-27 00:00:00-04:00,76.90008947917111,76.9434241545587,74.7591594490506,74.83716583251953,440200,0.0,0.0
2010-07-28 00:00:00-04:00,74.49915053042979,74.77651767738567,73.52836882256139,74.04843139648438,388100,0.0,0.0
2010-07-29 00:00:00-04:00,74.41246293015892,74.65515831927065,72.34087592787229,73.16431427001953,419700,0.0,0.0
2010-07-30 00:00:00-04:00,72.36688302375964,74.42980719859915,71.80347919585085,74.02242279052734,542900,0.0,0.0
2010-08-02 00:00:00-04:00,75.47858142652449,76.90008837264499,74.76782795346423,75.73860931396484,796100,0.0,0.0
2010-08-03 00:00:00-04:00,73.69301885809891,75.73860314827361,71.11870925595207,71.43074798583984,1562100,0.0,0.0
2010-08-04 00:00:00-04:00,71.17938107730487,71.91613659704468,69.28981620539909,70.71998596191406,981000,0.0,0.0
2010-08-05 00:00:00-04:00,70.35596200474214,71.45676740519498,70.06992533095962,71.24007415771484,675600,0.0,0.0
2010-08-06 00:00:00-04:00,70.59000304153604,71.77747795054938,70.3906423197926,71.6041259765625,427300,0.0,0.0
2010-08-09 00:00:00-04:00,71.80346162053786,72.1675112530184,71.1273798377132,71.82080078125,277000,0.0,0.0
2010-08-10 00:00:00-04:00,70.83268636807125,71.33541626501594,70.06992194154752,70.92803192138672,526200,0.0,0.0
2010-08-11 00:00:00-04:00,69.41115920462869,69.83587597478798,67.97231335252661,68.50104522705078,776700,0.0,0.0
2010-08-12 00:00:00-04:00,67.96365913572332,68.31036296900182,67.04487546127048,67.66895294189453,882600,0.0,0.0
2010-08-13 00:00:00-04:00,67.55625881221792,68.31901632240196,67.39156990145938,67.41757202148438,464400,0.0,0.0
2010-08-16 00:00:00-04:00,66.92350456514711,67.69493156841584,65.96138655200083,66.4034423828125,759600,0.0,0.0
2010-08-17 00:00:00-04:00,67.29626700891805,68.5964267372402,66.94089345524625,68.16304016113281,774600,0.0,0.0
2010-08-18 00:00:00-04:00,67.98966465153612,69.1858088070646,67.66028673536805,68.39704895019531,401700,0.0,0.0
2010-08-19 00:00:00-04:00,68.50972452716886,68.50972452716886,66.34279247587791,66.69816589355469,469000,0.0,0.0
2010-08-20 00:00:00-04:00,66.31680233325199,67.49561411121007,65.88341584467778,67.4002685546875,375800,0.0,0.0
2010-08-23 00:00:00-04:00,67.93764937325368,68.24102514223033,66.48147081138197,66.56815338134766,464400,0.0,0.0
2010-08-24 00:00:00-04:00,65.52803941822867,65.52803941822867,62.728366248561315,62.9363899230957,1587100,0.0,0.0
2010-08-25 00:00:00-04:00,62.5636581553796,63.71646751465259,61.974252413363814,63.317752838134766,842800,0.0,0.0
2010-08-26 00:00:00-04:00,63.53446790154402,64.34923008060159,62.97973367254386,63.378448486328125,355800,0.0,0.0
2010-08-27 00:00:00-04:00,63.89851961975124,65.29402496273636,62.95373341877629,65.14667510986328,338300,0.0,0.0
2010-08-30 00:00:00-04:00,65.06821529069505,65.06821529069505,63.612961466446365,63.717533111572266,309300,0.4,0.0
2010-08-31 00:00:00-04:00,63.52580854465599,64.10093585243241,63.14238590724998,63.787227630615234,514500,0.0,0.0
2010-09-01 00:00:00-04:00,64.57152165578712,66.11392208174615,64.5018072148583,65.92221069335938,596200,0.0,0.0
2010-09-02 00:00:00-04:00,66.00062480099952,67.3077404597505,65.79148815713289,67.22931671142578,273500,0.0,0.0
2010-09-03 00:00:00-04:00,68.26627543531978,69.45139390096308,66.95916006718372,67.34258270263672,413800,0.0,0.0
2010-09-07 00:00:00-04:00,67.87416879324213,70.30540508233845,67.87416879324213,68.65843963623047,1229300,0.0,0.0
2010-09-08 00:00:00-04:00,68.7368794738339,68.92859090788711,66.96791666598449,67.10734558105469,672800,0.0,0.0
2010-09-09 00:00:00-04:00,68.03974114440254,68.16173809635785,66.68905205703766,67.2554702758789,389200,0.0,0.0
2010-09-10 00:00:00-04:00,67.25547201946816,67.82189025299373,67.08119255453819,67.40361022949219,250700,0.0,0.0
2010-09-13 00:00:00-04:00,68.26633103978689,69.05931820022833,67.58663155845878,68.44933319091797,310900,0.0,0.0
2010-09-14 00:00:00-04:00,69.03315353243968,69.35557122162778,67.58660864598416,67.6650390625,281000,0.0,0.0
2010-09-15 00:00:00-04:00,67.22057596330667,67.76956194418729,66.77615494164239,66.98529815673828,330000,0.0,0.0
2010-09-16 00:00:00-04:00,66.92435137609895,67.29034231254293,65.88737040783758,66.54964447021484,290900,0.0,0.0
2010-09-17 00:00:00-04:00,65.71307371132283,66.10520580512576,65.20765398945709,65.61721801757812,585400,0.0,0.0
2010-09-20 00:00:00-04:00,65.9744931623552,66.20106177107749,65.1640810699399,65.73049926757812,491800,0.0,0.0
2010-09-21 00:00:00-04:00,66.13133281152592,67.856728278892,66.13133281152592,66.53218078613281,694700,0.0,0.0
2010-09-22 00:00:00-04:00,66.49734763768276,67.07248188438133,65.58237040202954,65.78279113769531,313600,0.0,0.0
2010-09-23 00:00:00-04:00,65.11180282836736,65.63464787261327,64.46696082874189,64.7806625366211,365100,0.0,0.0
2010-09-24 00:00:00-04:00,65.90476403974033,66.93302854461464,65.25992222600564,66.61061096191406,418200,0.0,0.0
2010-09-27 00:00:00-04:00,66.75875812923347,66.79361534661192,65.83506513787515,66.16619873046875,162600,0.0,0.0
2010-09-28 00:00:00-04:00,66.2272078110885,66.52348423377917,65.16408577986103,66.33177947998047,417100,0.0,0.0
2010-09-29 00:00:00-04:00,66.148783171749,67.15090006329845,65.90478261422469,67.09861755371094,416900,0.0,0.0
2010-09-30 00:00:00-04:00,67.65629200867316,68.12685434655411,67.0463074864197,67.07244873046875,425000,0.0,0.0
2010-10-01 00:00:00-04:00,67.86545860773617,68.40573560078651,67.33389758266576,68.12688446044922,518800,0.0,0.0
2010-10-04 00:00:00-04:00,67.88286602732865,68.11814389112966,67.0463129084437,67.61272430419922,426300,0.0,0.0
2010-10-05 00:00:00-04:00,68.3883241148091,69.05059155155453,67.94390273484119,68.4754638671875,369300,0.0,0.0
2010-10-06 00:00:00-04:00,67.69118092311287,69.32943058475186,67.52561076880627,69.0418701171875,349400,0.0,0.0
2010-10-07 00:00:00-04:00,69.59084208705603,69.59084208705603,67.80444792774558,68.29244232177734,464700,0.0,0.0
2010-10-08 00:00:00-04:00,68.30986824370527,69.06799776856056,67.60402786947293,68.80657196044922,616700,0.0,0.0
2010-10-11 00:00:00-04:00,68.95471636256812,69.40785358434805,68.75429565351301,69.05928802490234,545500,0.0,0.0
2010-10-12 00:00:00-04:00,68.68456835431748,68.85013845993512,67.43845120019637,68.0571517944336,372600,0.0,0.0
2010-10-13 00:00:00-04:00,68.7542692499108,68.91112335900817,67.76957142400366,68.30113220214844,404700,0.0,0.0
2010-10-14 00:00:00-04:00,68.35343818974992,69.33812961009745,68.1355855760889,68.62357330322266,349100,0.0,0.0
2010-10-15 00:00:00-04:00,69.89584763086005,69.89584763086005,68.37087898916754,69.31200408935547,466000,0.0,0.0
2010-10-18 00:00:00-04:00,69.60828144101276,69.60828144101276,68.29245612528615,68.545166015625,285100,0.0,0.0
2010-10-19 00:00:00-04:00,67.16832966428538,68.98086528145906,67.09861522170135,67.83059692382812,548600,0.0,0.0
2010-10-20 00:00:00-04:00,67.90902133225151,68.7455746243226,67.56045579847158,68.44058227539062,354600,0.0,0.0
2010-10-21 00:00:00-04:00,68.90242441387103,69.14641827754802,67.9525902090807,68.71942901611328,335300,0.0,0.0
2010-10-22 00:00:00-04:00,68.74556855654684,68.98085309662329,68.18786641105795,68.76300048828125,240300,0.0,0.0
2010-10-25 00:00:00-04:00,69.6344223022461,70.41868650178527,69.381712437468,69.6344223022461,360000,0.0,0.0
2010-10-26 00:00:00-04:00,69.39915462350096,71.20297468870275,69.24230041572964,70.07014465332031,435200,0.0,0.0
2010-10-27 00:00:00-04:00,69.86970839995116,69.93070688145328,68.34473971406278,69.86099243164062,330800,0.0,0.0
2010-10-28 00:00:00-04:00,70.89794015218891,70.89794015218891,69.20740209965575,69.59954071044922,242100,0.0,0.0
2010-10-29 00:00:00-04:00,69.57342508486191,70.47098366450841,68.95472430355393,70.13113403320312,311900,0.0,0.0
2010-11-01 00:00:00-04:00,70.99379774826427,70.99379774826427,69.41654724287208,69.93939208984375,414000,0.0,0.0
2010-11-02 00:00:00-04:00,69.31201571447033,73.10265135849565,69.31201571447033,72.05696105957031,844100,0.0,0.0
2010-11-03 00:00:00-04:00,71.82165820386926,72.15279847826258,70.72368566299119,71.69966125488281,554000,0.0,0.0
2010-11-04 00:00:00-04:00,72.96321520227708,74.82803342441478,72.4490794718423,74.63632202148438,479000,0.0,0.0
2010-11-05 00:00:00-04:00,74.61885484155368,76.95423450010259,74.42715017750533,75.77783203125,421300,0.0,0.0
2010-11-08 00:00:00-05:00,75.75171347230658,77.78210149113067,75.3334335156457,77.61653137207031,621500,0.0,0.0
2010-11-09 00:00:00-05:00,77.64267239821122,78.32237150852649,76.99783050487807,77.69496154785156,526100,0.0,0.0
2010-11-10 00:00:00-05:00,77.55552363364161,77.60780612884923,75.55127710512419,77.1982421875,412400,0.0,0.0
2010-11-11 00:00:00-05:00,76.57086206664098,77.00656742497284,76.22229645030828,76.68414306640625,274500,0.0,0.0
2010-11-12 00:00:00-05:00,76.01313552743233,77.0065428961327,74.90644054671594,75.08072662353516,346500,0.0,0.0
2010-11-15 00:00:00-05:00,75.6994440571272,75.93472200269191,74.57532354312792,74.63632202148438,266200,0.0,0.0
2010-11-16 00:00:00-05:00,74.20934147967627,74.91518204847057,72.76279646650599,73.21592712402344,448800,0.0,0.0
2010-11-17 00:00:00-05:00,73.38149411779384,74.3574764934471,72.91093154283617,73.99148559570312,228700,0.0,0.0
2010-11-18 00:00:00-05:00,75.26372945617221,75.48158208747583,74.1221771472737,74.21803283691406,221300,0.0,0.0
2010-11-19 00:00:00-05:00,74.05246443119944,74.47945369861273,73.79103863169416,74.1744613647461,142400,0.0,0.0
2010-11-22 00:00:00-05:00,73.80848888290704,74.90646830457379,73.64292535899398,74.74089813232422,205700,0.0,0.0
2010-11-23 00:00:00-05:00,74.45333247140167,74.7496089187413,73.50349134953274,74.48818969726562,265900,0.0,0.0
2010-11-24 00:00:00-05:00,74.89773284832566,75.9521454465539,74.89773284832566,75.78657531738281,219100,0.0,0.0
2010-11-26 00:00:00-05:00,75.29858192209,75.29858192209,74.0437487175199,74.19188690185547,127300,0.0,0.0
2010-11-29 00:00:00-05:00,74.2794329627166,74.74346616879326,73.33387237378349,74.4983139038086,148200,0.4,0.0
2010-11-30 00:00:00-05:00,73.65782428729867,74.65592101226844,73.54400858347486,74.01679229736328,278600,0.0,0.0
2010-12-01 00:00:00-05:00,74.96237446884052,77.62396848548491,74.96237446884052,77.3875732421875,368100,0.0,0.0
2010-12-02 00:00:00-05:00,77.60644657893984,79.7952565719824,77.40507980022201,78.9284896850586,428000,0.0,0.0
2010-12-03 00:00:00-05:00,78.51697487554897,79.12108843678448,77.49261362975383,78.4556884765625,351600,0.0,0.0
2010-12-06 00:00:00-05:00,78.41192591343918,78.41192591343918,77.39632156488378,77.8340835571289,177200,0.0,0.0
2010-12-07 00:00:00-05:00,79.12985490171307,79.12985490171307,77.86910491281662,77.9478988647461,266400,0.0,0.0
2010-12-08 00:00:00-05:00,78.22804614171406,78.37688357687209,77.16866320015784,77.91285705566406,167500,0.0,0.0
2010-12-09 00:00:00-05:00,78.43818564148908,78.66582373349115,77.84283578192866,78.36814880371094,259600,0.0,0.0
2010-12-10 00:00:00-05:00,78.71836834756955,79.628907456037,78.44695135742651,79.23492431640625,179600,0.0,0.0
2010-12-13 00:00:00-05:00,79.36623272520987,80.74956191350498,79.36623272520987,80.32930755615234,313800,0.0,0.0
2010-12-14 00:00:00-05:00,80.25927284541403,81.95779131793147,80.25927284541403,81.94027709960938,568500,0.0,0.0
2010-12-15 00:00:00-05:00,81.79144960899447,83.01718453193203,81.5813257215451,81.89651489257812,536100,0.0,0.0
2010-12-16 00:00:00-05:00,82.14164798779662,83.16600929724538,81.79143710909057,82.99966430664062,252500,0.0,0.0
2010-12-17 00:00:00-05:00,83.07849422202099,83.17480242236131,82.06288958168646,82.07164001464844,397900,0.0,0.0
2010-12-20 00:00:00-05:00,82.11541870680746,82.29927799437746,81.28366667669198,81.4937973022461,373800,0.0,0.0
2010-12-21 00:00:00-05:00,81.73014633654705,82.74575716252272,81.73014633654705,82.22919464111328,287700,0.0,0.0
2010-12-22 00:00:00-05:00,82.36930785313248,82.62321064037582,81.70390767551959,82.08038330078125,206400,0.0,0.0
2010-12-23 00:00:00-05:00,82.09787252480652,82.21169490593948,80.95969547149738,81.1435546875,187300,0.0,0.0
2010-12-27 00:00:00-05:00,80.95095391422046,82.04535899095346,80.70580824578722,81.7739486694336,136000,0.0,0.0
2010-12-28 00:00:00-05:00,81.85275782602955,81.92280136707765,81.231136428597,81.54632568359375,203200,0.0,0.0
2010-12-29 00:00:00-05:00,81.62511240222004,82.33428476503344,81.62511240222004,82.29926300048828,189500,0.0,0.0
2010-12-30 00:00:00-05:00,81.9665389099709,82.62318174674674,81.31864650162295,81.40620422363281,231900,0.0,0.0
2010-12-31 00:00:00-05:00,81.43248082145443,82.29924762290675,80.7145514817199,80.7583236694336,288400,0.0,0.0
2011-01-03 00:00:00-05:00,81.3974642926121,82.22045895922177,81.1348044305867,81.4237289428711,344900,0.0,0.0
2011-01-04 00:00:00-05:00,79.15611565974594,79.15611565974594,75.25127335263218,76.15306854248047,989700,0.0,0.0
2011-01-05 00:00:00-05:00,75.71531045372728,75.71531045372728,74.05181369366451,74.18314361572266,1001000,0.0,0.0
2011-01-06 00:00:00-05:00,73.98174760562706,74.06929863371433,71.61783644869432,72.5371322631836,1167900,0.0,0.0
2011-01-07 00:00:00-05:00,72.75602226339412,73.57901672561299,71.13630466240865,71.46025085449219,919100,0.0,0.0
2011-01-10 00:00:00-05:00,71.32892880518057,72.93113904655563,70.37460433955027,72.37955474853516,572700,0.0,0.0
2011-01-11 00:00:00-05:00,72.49337446881914,73.14126022083822,72.15192071574714,72.6422119140625,223300,0.0,0.0
2011-01-12 00:00:00-05:00,72.60722513328425,73.9730408034564,72.60722513328425,73.1938247680664,426500,0.0,0.0
2011-01-13 00:00:00-05:00,73.00119293257953,73.26385281964059,72.58094512894391,72.79106903076172,312100,0.0,0.0
2011-01-14 00:00:00-05:00,72.55466151199789,73.6315520720924,72.20445064735999,73.44769287109375,620800,0.0,0.0
2011-01-18 00:00:00-05:00,73.43893153690357,73.64030494339133,72.70349477522574,73.5264892578125,428800,0.0,0.0
2011-01-19 00:00:00-05:00,73.36016499710097,73.65783998425381,72.79983010857427,73.10626220703125,614200,0.0,0.0
2011-01-20 00:00:00-05:00,72.73852604067365,74.08683362646953,72.73852604067365,72.97491455078125,530700,0.0,0.0
2011-01-21 00:00:00-05:00,73.60530636999185,73.97302486662888,72.31828495204391,73.13252258300781,417200,0.0,0.0
2011-01-24 00:00:00-05:00,73.08874494245141,75.43514948095118,73.08874494245141,74.34949493408203,671400,0.0,0.0
2011-01-25 00:00:00-05:00,73.81541885859481,74.96235972514013,73.11500373705879,74.01679229736328,382200,0.0,0.0
2011-01-26 00:00:00-05:00,74.33198806911373,74.47206843402681,73.0011878639909,73.89422607421875,469600,0.0,0.0
2011-01-27 00:00:00-05:00,73.6665554509779,74.46328513628403,73.30759424705869,74.16560363769531,272200,0.0,0.0
2011-01-28 00:00:00-05:00,74.15687663784233,74.34949297753151,71.61786250111808,72.04686737060547,501800,0.0,0.0
2011-01-31 00:00:00-05:00,72.23949522004759,73.38642965129459,71.79297605959955,73.10626220703125,576000,0.0,0.0
2011-02-01 00:00:00-05:00,73.25506985543397,74.463296893842,72.77353580539088,73.39515686035156,673400,0.0,0.0
2011-02-02 00:00:00-05:00,73.45645828394656,74.48957677757916,73.03620386292761,73.73662567138672,284300,0.0,0.0
2011-02-03 00:00:00-05:00,73.50022652854359,75.82036612989667,71.98557396761582,75.47891235351562,746200,0.0,0.0
2011-02-04 00:00:00-05:00,75.64525478797813,76.12678885189167,74.41076307051793,75.2950439453125,386200,0.0,0.0
2011-02-07 00:00:00-05:00,75.47893474296559,77.98293429900372,75.47893474296559,77.58895111083984,548200,0.0,0.0
2011-02-08 00:00:00-05:00,80.03167225096344,82.57068714818564,79.09485492192638,79.36627197265625,673800,0.0,0.0
2011-02-09 00:00:00-05:00,77.65024838178867,78.17556159930692,75.34761531409168,77.15995025634766,611900,0.0,0.0
2011-02-10 00:00:00-05:00,76.96732369954819,78.105500975317,76.87101551809687,77.72026824951172,214000,0.0,0.0
2011-02-11 00:00:00-05:00,77.3525411508113,78.46446032957638,76.73967704578016,78.39441680908203,292300,0.0,0.0
2011-02-14 00:00:00-05:00,78.21932558348932,79.79527175013367,77.78156350161248,79.49759674072266,501500,0.0,0.0
2011-02-15 00:00:00-05:00,79.64641923510193,80.32932688537257,78.20180330121975,78.3593978881836,379200,0.0,0.0
2011-02-16 00:00:00-05:00,78.76213030107515,80.76708086058974,78.56076354201024,80.1892318725586,660000,0.0,0.0
2011-02-17 00:00:00-05:00,79.99662677468092,80.94218757660678,79.46255662373692,80.61824798583984,487400,0.0,0.0
2011-02-18 00:00:00-05:00,80.74956172259168,81.46749095992956,79.61137812889474,80.67076110839844,359700,0.0,0.0
2011-02-22 00:00:00-05:00,79.5938976742763,82.47436603217885,77.2912650585802,77.3875732421875,301700,0.0,0.0
2011-02-23 00:00:00-05:00,77.59767646671418,77.98290909845151,74.82226746370411,75.97795867919922,320300,0.0,0.0
2011-02-24 00:00:00-05:00,75.92542195686906,77.31750153672269,75.1549567687794,76.2055892944336,275100,0.0,0.0
2011-02-25 00:00:00-05:00,76.58382713489323,77.69208240225149,76.25838523202208,77.4721908569336,228500,0.4,0.0
2011-02-28 00:00:00-05:00,77.92957503674724,78.83552727762023,77.78005037206225,78.15826416015625,339900,0.0,0.0
2011-03-01 00:00:00-05:00,78.68596210128061,78.89705603159828,75.64266498952672,75.86255645751953,304600,0.0,0.0
2011-03-02 00:00:00-05:00,75.87136104775205,76.85647062117461,75.37000872254787,75.74822235107422,354600,0.0,0.0
2011-03-03 00:00:00-05:00,76.68936396460452,77.26987405235315,75.44037510749426,76.36392211914062,333400,0.0,0.0
2011-03-04 00:00:00-05:00,76.4694595186968,77.07635541084726,75.15011070276651,76.03846740722656,229900,0.0,0.0
2011-03-07 00:00:00-05:00,76.27596847059431,76.47826490296512,74.7191328135531,74.89505004882812,278500,0.0,0.0
2011-03-08 00:00:00-05:00,75.2292581631449,76.4694491022506,74.77188692190177,75.69542694091797,325200,0.0,0.0
2011-03-09 00:00:00-05:00,75.6250821109541,75.90654294198127,74.66635175146571,75.27325439453125,234200,0.0,0.0
2011-03-10 00:00:00-05:00,74.25297923782945,74.49046587691994,73.54933028289557,74.10345458984375,329000,0.0,0.0
2011-03-11 00:00:00-05:00,73.64607748622521,75.20290663586638,73.64607748622521,74.69275665283203,126700,0.0,0.0
2011-03-14 00:00:00-04:00,74.47286541032354,75.35243157331936,73.71643797330253,74.56961822509766,179000,0.0,0.0
2011-03-15 00:00:00-04:00,72.36190111259738,76.11765217035833,72.12442121490066,75.3348388671875,483400,0.0,0.0
2011-03-16 00:00:00-04:00,75.01818616297945,75.16771077487311,73.4349646530578,73.76040649414062,306100,0.0,0.0
2011-03-17 00:00:00-04:00,75.17650224591779,75.3700078271285,73.92752021699208,74.17379760742188,204400,0.0,0.0
2011-03-18 00:00:00-04:00,75.11492342299746,75.63386404300522,74.00666859530774,74.61357116699219,356100,0.0,0.0
2011-03-21 00:00:00-04:00,75.76579466281585,75.91531923273259,74.78947612421132,75.26444244384766,290900,0.0,0.0
2011-03-22 00:00:00-04:00,75.08853761182681,75.54590889254261,73.63725264463159,74.12100982666016,340300,0.0,0.0
2011-03-23 00:00:00-04:00,73.94512449419315,74.5168438224554,73.32943088563816,74.2265853881836,431600,0.0,0.0
2011-03-24 00:00:00-04:00,74.72793036673986,76.87407366359643,74.39369768549021,76.7773208618164,403000,0.0,0.0
2011-03-25 00:00:00-04:00,77.13793938636341,78.00871460165703,76.71575144309047,77.56893157958984,211300,0.0,0.0
2011-03-28 00:00:00-04:00,77.92951916987863,77.92951916987863,77.12032034168658,77.26104736328125,207900,0.0,0.0
2011-03-29 00:00:00-04:00,76.99720446855066,78.30775586190822,76.63657920610918,77.69206237792969,234000,0.0,0.0
2011-03-30 00:00:00-04:00,78.04391426193578,79.00263822814549,77.45459978991566,78.58924102783203,148000,0.0,0.0
2011-03-31 00:00:00-04:00,78.35174862194987,79.17853618035565,78.03510429386029,78.87068939208984,162500,0.0,0.0
2011-04-01 00:00:00-04:00,79.49515819052252,80.57702712619138,79.32804524412686,80.20761108398438,505600,0.0,0.0
2011-04-04 00:00:00-04:00,80.19002028552173,80.19002028552173,78.04388408500094,78.52764129638672,269000,0.0,0.0
2011-04-05 00:00:00-04:00,78.9234579415771,79.63590423442028,78.29016936546944,79.5567398071289,202000,0.0,0.0
2011-04-06 00:00:00-04:00,80.0317108059234,80.49787972589289,79.61831370012214,80.19003295898438,183800,0.0,0.0
2011-04-07 00:00:00-04:00,80.0581158700768,81.20155466141419,79.8646169349722,79.97895812988281,249100,0.0,0.0
2011-04-08 00:00:00-04:00,80.55064573090411,80.74415130018676,78.85308329659071,79.25768280029297,315300,0.0,0.0
2011-04-11 00:00:00-04:00,79.17853349222797,79.17853349222797,77.40181300987345,77.79761505126953,266700,0.0,0.0
2011-04-12 00:00:00-04:00,77.13795240916079,78.18463832576526,77.03240876080235,77.40182495117188,323900,0.0,0.0
2011-04-13 00:00:00-04:00,78.02630615234375,78.20222339467956,77.04998726668907,78.02630615234375,338000,0.0,0.0
2011-04-14 00:00:00-04:00,77.48097192509698,78.14944401759675,77.0675815088518,78.03510284423828,236200,0.0,0.0
2011-04-15 00:00:00-04:00,78.0791061422075,78.91469824604785,77.58655110705719,78.29020690917969,127200,0.0,0.0
2011-04-18 00:00:00-04:00,77.05876256089742,77.22588221523269,75.95050774106427,76.13521575927734,479200,0.0,0.0
2011-04-19 00:00:00-04:00,76.41667655520509,76.60138457341816,75.32601680980443,76.13521575927734,248500,0.0,0.0
2011-04-20 00:00:00-04:00,77.21709486688538,77.6920612809147,76.60139468104487,77.39300537109375,247600,0.0,0.0
2011-04-21 00:00:00-04:00,77.97353637529174,79.46879606621178,77.9031694765161,79.34565734863281,304200,0.0,0.0
2011-04-25 00:00:00-04:00,79.37205527949752,80.08450849403265,78.97625315741188,79.97895812988281,346600,0.0,0.0
2011-04-26 00:00:00-04:00,80.68257740270266,80.96403820289508,80.43629333079883,80.62979888916016,399800,0.0,0.0
2011-04-27 00:00:00-04:00,80.62983196241632,81.11359605675304,80.3131875934973,80.97286224365234,631100,0.0,0.0
2011-04-28 00:00:00-04:00,80.70018981370755,81.24552321244532,80.13726804558455,80.49788665771484,237500,0.0,0.0
2011-04-29 00:00:00-04:00,80.43629337074786,81.09596775064101,80.04049142703391,80.20761108398438,317000,0.0,0.0
2011-05-02 00:00:00-04:00,80.54185778791478,80.92007143369014,79.94375264367831,79.97013854980469,448700,0.0,0.0
2011-05-03 00:00:00-04:00,79.85580699707138,80.02292670339264,77.54255057065963,78.37813568115234,677400,0.0,0.0
2011-05-04 00:00:00-04:00,78.29018447186428,78.86190380841892,76.40791345777274,77.37543487548828,428400,0.0,0.0
2011-05-05 00:00:00-04:00,76.80368783232792,78.01748625916491,76.17919689971619,76.504638671875,338300,0.0,0.0
2011-05-06 00:00:00-04:00,77.43700673657627,77.8679922827263,76.4430993761118,76.68937683105469,233200,0.0,0.0
2011-05-09 00:00:00-04:00,76.54859981876047,76.83885810279106,75.86253966418165,76.24075317382812,219000,0.0,0.0
2011-05-10 00:00:00-04:00,76.6981526704883,77.81520525065292,76.31993902130316,77.71845245361328,440200,0.0,0.0
2011-05-11 00:00:00-04:00,77.65687864652352,77.67446701290525,75.65146935122313,77.02359008789062,425800,0.0,0.0
2011-05-12 00:00:00-04:00,76.79492959763597,77.10278316343394,75.642699920642,76.43431091308594,170000,0.0,0.0
2011-05-13 00:00:00-04:00,76.64540674770501,76.64540674770501,75.51956295882579,76.05609893798828,186700,0.0,0.0
2011-05-16 00:00:00-04:00,75.58108635912569,76.69813192661675,75.58108635912569,76.30233001708984,255200,0.0,0.0
2011-05-17 00:00:00-04:00,75.96814434035174,76.80372964765697,75.94175171427655,76.10887145996094,292700,0.0,0.0
2011-05-18 00:00:00-04:00,76.22320641504102,76.49586977643413,75.4315955313351,76.21440887451172,238400,0.0,0.0
2011-05-19 00:00:00-04:00,76.49587781939096,76.85649649232164,75.56353974197424,76.39032745361328,118800,0.0,0.0
2011-05-20 00:00:00-04:00,76.1176432038324,76.4254899647891,75.52833558849298,75.88895416259766,207900,0.0,0.0
2011-05-23 00:00:00-04:00,74.49922767819031,75.54591322735392,74.32331718564163,74.93901062011719,181900,0.0,0.0
2011-05-24 00:00:00-04:00,75.13253887902134,75.21170332196529,74.27056781043179,74.70155334472656,313500,0.0,0.0
2011-05-25 00:00:00-04:00,74.4552512714414,74.4552512714414,73.18867428769954,73.49652099609375,762800,0.0,0.0
2011-05-26 00:00:00-04:00,73.13590990012442,73.25025105753595,72.10681935175367,73.19747924804688,833400,0.0,0.0
2011-05-27 00:00:00-04:00,72.95003419025105,74.84139628027256,72.95003419025105,74.3641357421875,520400,0.4,0.0
2011-05-31 00:00:00-04:00,74.9209263237692,75.7870672015496,74.68229945808679,75.70752716064453,344400,0.0,0.0
2011-06-01 00:00:00-04:00,75.70750346465363,75.70750346465363,74.38178258744087,74.44364929199219,484600,0.0,0.0
2011-06-02 00:00:00-04:00,74.39065535752792,74.74418246102644,73.68360789349954,73.95758819580078,139000,0.0,0.0
2011-06-03 00:00:00-04:00,72.95001830531734,73.34773196230168,72.27831768579793,72.48159790039062,279000,0.0,0.0
2011-06-06 00:00:00-04:00,72.26063241769386,72.33133241097516,71.29727167948617,71.63312530517578,233500,0.0,0.0
2011-06-07 00:00:00-04:00,72.31365783980203,72.34017117969177,71.16469699616786,71.59777069091797,192000,0.0,0.0
2011-06-08 00:00:00-04:00,71.36798596593437,71.70383288418857,70.95259227524566,71.11167907714844,172000,0.0,0.0
2011-06-09 00:00:00-04:00,71.19124485719222,71.64198529712306,70.84655781820132,71.27962493896484,251400,0.0,0.0
2011-06-10 00:00:00-04:00,70.91724730370402,71.05866080790891,69.60036607488925,69.88318634033203,207000,0.0,0.0
2011-06-13 00:00:00-04:00,69.96273052831404,70.64326444890995,69.77712362518476,70.14833068847656,195000,0.0,0.0
2011-06-14 00:00:00-04:00,70.93491984795745,73.2681884764021,70.93491984795745,72.80860137939453,692300,0.0,0.0
2011-06-15 00:00:00-04:00,71.8010525103354,72.16341951238665,69.97155767167618,70.49301147460938,481200,0.0,0.0
2011-06-16 00:00:00-04:00,70.52838418867044,71.62431203810105,69.9362234800637,70.69630432128906,325300,0.0,0.0
2011-06-17 00:00:00-04:00,71.13818871605795,71.68615583696007,70.64325502167273,71.46520233154297,304000,0.0,0.0
2011-06-20 00:00:00-04:00,71.09402982289063,72.47277807734385,70.69630931205094,71.85411071777344,251800,0.0,0.0
2011-06-21 00:00:00-04:00,72.26063185166358,73.03838571538972,71.91594494386725,72.79975891113281,178200,0.0,0.0
2011-06-22 00:00:00-04:00,72.34900770481373,72.46390108642886,71.7126606064051,71.80104064941406,188800,0.0,0.0
2011-06-23 00:00:00-04:00,70.76699734862349,71.80105826576121,70.09529671961691,71.68616485595703,355000,0.0,0.0
2011-06-24 00:00:00-04:00,71.90710744246473,71.99548749370324,69.76827918485066,70.22785949707031,690300,0.0,0.0
2011-06-27 00:00:00-04:00,70.39577214912362,70.97908576429315,69.77709842901518,70.13946533203125,195200,0.0,0.0
2011-06-28 00:00:00-04:00,70.5018566624847,71.35915752624739,70.24555647504079,71.00563049316406,230900,0.0,0.0
2011-06-29 00:00:00-04:00,71.4121815549676,71.73918845453566,70.40463402636198,70.74932098388672,294100,0.0,0.0
2011-06-30 00:00:00-04:00,70.84653858522898,71.19122553064643,70.54603829721835,70.6786117553711,484500,0.0,0.0
2011-07-01 00:00:00-04:00,70.76699734862349,72.4904322105197,70.33393031155128,71.68616485595703,413900,0.0,0.0
2011-07-05 00:00:00-04:00,71.74801253263144,72.22527284686204,70.60789179468583,71.91593933105469,388100,0.0,0.0
2011-07-06 00:00:00-04:00,71.74803281208,73.04724068865451,71.11168554657682,71.20006561279297,442700,0.0,0.0
2011-07-07 00:00:00-04:00,71.99550754221886,72.18994775486857,70.88189970620449,71.44754028320312,447800,0.0,0.0
2011-07-08 00:00:00-04:00,70.6609367639743,71.04981713764498,69.73293597630567,70.48417663574219,619700,0.0,0.0
2011-07-11 00:00:00-04:00,69.56498626134946,69.61801293379052,68.15972549794567,68.6369857788086,588300,0.0,0.0
2011-07-12 00:00:00-04:00,69.1672593630602,69.67986616449456,68.58393910709826,69.2909927368164,764000,0.0,0.0
2011-07-13 00:00:00-04:00,69.67106393614631,70.62558473882025,69.57384385015362,69.78595733642578,547600,0.0,0.0
2011-07-14 00:00:00-04:00,70.2632286718761,70.45766887411956,68.26580669833032,68.50444030761719,494500,0.0,0.0
2011-07-15 00:00:00-04:00,68.64583073832824,68.82259758147246,67.81505017593005,68.71653747558594,381000,0.0,0.0
2011-07-18 00:00:00-04:00,68.36302119059677,68.57513469247439,67.1345200968153,67.37315368652344,296300,0.0,0.0
2011-07-19 00:00:00-04:00,67.73550692409661,68.70770101143619,67.73550692409661,68.17741394042969,373600,0.0,0.0
2011-07-20 00:00:00-04:00,68.21277376746335,68.8402809808961,68.06252698600056,68.72538757324219,309400,0.0,0.0
2011-07-21 00:00:00-04:00,68.99935197945734,70.2013394416418,68.99935197945734,69.89200592041016,271800,0.0,0.0
2011-07-22 00:00:00-04:00,69.60920340388607,70.4488241378835,68.5663024512229,69.96273040771484,423000,0.0,0.0
2011-07-25 00:00:00-04:00,68.98168240296759,70.43113676061532,68.98168240296759,69.66221618652344,161300,0.0,0.0
2011-07-26 00:00:00-04:00,69.39708822680596,69.5473417659151,68.7430676048604,69.24684143066406,258600,0.0,0.0
2011-07-27 00:00:00-04:00,69.09657871828537,69.35288558717629,67.81505111679652,67.98297119140625,415000,0.0,0.0
2011-07-28 00:00:00-04:00,68.0360053814207,68.23927882743493,66.80749770535157,67.00193786621094,388100,0.0,0.0
2011-07-29 00:00:00-04:00,65.97669919905485,67.33777321235937,65.94134583914206,66.83399963378906,485600,0.0,0.0
2011-08-01 00:00:00-04:00,67.55875183118535,67.73551195365717,65.3492165854555,65.76461029052734,521600,0.0,0.0
2011-08-02 00:00:00-04:00,64.83658897265204,64.84542899978165,61.752080314990856,61.849300384521484,1369300,0.0,0.0
2011-08-03 00:00:00-04:00,62.662426118940715,63.80254720953185,61.03620453675247,62.32657241821289,2079900,0.0,0.0
2011-08-04 00:00:00-04:00,61.42507135309142,62.3442386976029,60.576610744995946,60.59428405761719,1153100,0.0,0.0
2011-08-05 00:00:00-04:00,61.29251959670683,61.61953331112208,59.08298387409326,59.77235794067383,1903000,0.0,0.0
2011-08-08 00:00:00-04:00,56.36965201003247,59.83420103625695,56.36081535408549,59.13599395751953,1461600,0.0,0.0
2011-08-09 00:00:00-04:00,60.2761120049208,60.68267237807033,55.35327167411734,58.86201095581055,1768600,0.0,0.0
2011-08-10 00:00:00-04:00,57.48326297408107,57.57164302488051,55.21186127941074,55.22953796386719,1224900,0.0,0.0
2011-08-11 00:00:00-04:00,55.53887115937983,58.04006299308645,54.9290407211894,57.82794952392578,970400,0.0,0.0
2011-08-12 00:00:00-04:00,58.14612171152577,58.70292208339691,57.18276098093107,57.43906784057617,490300,0.0,0.0
2011-08-15 00:00:00-04:00,57.97818911328891,60.36449063234645,57.97818911328891,60.32029724121094,724900,0.0,0.0
2011-08-16 00:00:00-04:00,59.701630165199354,60.656144028931834,59.63092343663702,60.25843048095703,683500,0.0,0.0
2011-08-17 00:00:00-04:00,60.50591091377617,61.04503804028605,58.83550284736565,59.14483642578125,389700,0.0,0.0
2011-08-18 00:00:00-04:00,57.660022238084025,57.668862265925256,54.39874986160688,54.79646682739258,795000,0.0,0.0
2011-08-19 00:00:00-04:00,53.98336206769782,55.583063289342796,53.84194858759186,54.699249267578125,523300,0.0,0.0
2011-08-22 00:00:00-04:00,55.99846955236485,56.13987969279067,54.23967777005272,55.44166564941406,480000,0.0,0.0
2011-08-23 00:00:00-04:00,55.68028885340219,58.19915771484375,54.99091492742519,58.19915771484375,488800,0.0,0.0
2011-08-24 00:00:00-04:00,57.81026994552335,59.88723124432244,57.73072318885596,59.648597717285156,414100,0.0,0.0
2011-08-25 00:00:00-04:00,59.834197759602695,60.05515123248596,57.95167659810461,58.09309005737305,341400,0.0,0.0
2011-08-26 00:00:00-04:00,57.66885686588666,59.26855786411114,56.396166066028364,58.755950927734375,396900,0.0,0.0
2011-08-29 00:00:00-04:00,59.50720093837745,62.22050977177185,59.50720093837745,62.19399642944336,533100,0.0,0.0
2011-08-30 00:00:00-04:00,62.58508162551709,63.713938882106284,61.242891566783356,63.0650634765625,545800,0.4,0.0
2011-08-31 00:00:00-04:00,63.571736963978616,64.58505113838183,62.4962091796494,62.95842361450195,574600,0.0,0.0
2011-09-01 00:00:00-04:00,62.93176923735549,63.953960584791105,61.758465386968226,61.90068054199219,432300,0.0,0.0
2011-09-02 00:00:00-04:00,60.71847748386346,61.00291453494608,58.416316161275084,58.78963851928711,440100,0.0,0.0
2011-09-06 00:00:00-04:00,57.367476518999496,63.08289155295847,57.26081003853616,61.85625076293945,1456500,0.0,0.0
2011-09-07 00:00:00-04:00,62.62952157075217,63.216176610916136,61.26955715411461,62.691741943359375,1026200,0.0,0.0
2011-09-08 00:00:00-04:00,62.29177013953988,62.70953850769607,61.21624241594293,61.669559478759766,553200,0.0,0.0
2011-09-09 00:00:00-04:00,61.082926589716536,61.082926589716536,58.27410429217399,58.754093170166016,707700,0.0,0.0
2011-09-12 00:00:00-04:00,57.945205549962026,59.4118297547073,57.73187272109748,59.349609375,506000,0.0,0.0
2011-09-13 00:00:00-04:00,58.71852547593681,60.62069945903612,58.69186056295633,60.36293411254883,596700,0.0,0.0
2011-09-14 00:00:00-04:00,60.54958745575006,61.45622828742589,58.94962506865965,60.389591217041016,662000,0.0,0.0
2011-09-15 00:00:00-04:00,61.216234793035866,61.62511254585485,60.52291326624247,61.18067932128906,328100,0.0,0.0
2011-09-16 00:00:00-04:00,61.24289746069374,62.09620840685731,60.14958878439858,60.65624237060547,398000,0.0,0.0
2011-09-19 00:00:00-04:00,59.72296149283014,59.8118468150845,57.98966719205079,58.754093170166016,442400,0.0,0.0
2011-09-20 00:00:00-04:00,59.10962607437925,59.634054088183284,57.171896707748076,57.24300765991211,433800,0.0,0.0
2011-09-21 00:00:00-04:00,56.97634415030321,57.18967022217498,55.94525909423828,55.94525909423828,427200,0.0,0.0
2011-09-22 00:00:00-04:00,54.59420145674605,55.60751253546329,54.0431049474759,55.33196258544922,867000,0.0,0.0
2011-09-23 00:00:00-04:00,55.23418426175601,56.83414387725907,54.99418981081687,55.883056640625,617100,0.0,0.0
2011-09-26 00:00:00-04:00,56.994140143149224,58.540766435234765,56.14082546084384,58.37187957763672,539400,0.0,0.0
2011-09-27 00:00:00-04:00,59.58962706269963,60.84292563969746,58.23854582026667,58.51409912109375,437800,0.0,0.0
2011-09-28 00:00:00-04:00,58.87852916080972,59.00296995808848,57.171906699688236,57.474124908447266,351900,0.0,0.0
2011-09-29 00:00:00-04:00,58.914077255231774,59.0918546444186,57.642997743980395,58.50519943237305,610400,0.0,0.0
2011-09-30 00:00:00-04:00,57.44744742996167,57.58966934483485,55.891934229742624,56.194149017333984,443600,0.0,0.0
2011-10-03 00:00:00-04:00,55.9008183545064,56.69190906366847,53.625322092783044,54.77195739746094,923000,0.0,0.0
2011-10-04 00:00:00-04:00,54.28307391885015,56.700791751838835,53.26976670671707,56.6030158996582,631700,0.0,0.0
2011-10-05 00:00:00-04:00,56.87857755033117,57.79410570994589,56.096373960953706,57.76744079589844,579500,0.0,0.0
2011-10-06 00:00:00-04:00,57.77630906865218,59.874034063511864,56.922998240804255,59.75848388671875,391500,0.0,0.0
2011-10-07 00:00:00-04:00,60.43403023482931,60.638472509631086,57.06522545301502,58.04298400878906,307900,0.0,0.0
2011-10-10 00:00:00-04:00,59.171847226021676,60.83403015136719,59.065180796398614,60.83403015136719,310400,0.0,0.0
2011-10-11 00:00:00-04:00,60.11405431977226,61.322913611297146,59.73184135581196,61.047367095947266,291400,0.0,0.0
2011-10-12 00:00:00-04:00,61.474013395363826,62.78953208192028,60.74513631953832,61.607337951660156,809400,0.0,0.0
2011-10-13 00:00:00-04:00,62.140670579159426,62.43399141887082,60.13183005707245,61.79400634765625,482800,0.0,0.0
2011-10-14 00:00:00-04:00,63.0295272096363,63.0295272096363,61.1629021214096,62.53175735473633,229600,0.0,0.0
2011-10-17 00:00:00-04:00,62.02510075945643,62.2917634112039,60.069597251684755,60.380699157714844,223400,0.0,0.0
2011-10-18 00:00:00-04:00,60.22070802878301,63.180635231783114,59.6696083331526,62.52286911010742,369000,0.0,0.0
2011-10-19 00:00:00-04:00,60.976274502772874,62.12291374014396,60.12296300132586,61.260711669921875,735300,0.0,0.0
2011-10-20 00:00:00-04:00,61.66067905401193,62.15844218453423,60.63848109824874,61.98955535888672,434300,0.0,0.0
2011-10-21 00:00:00-04:00,62.27398381877179,63.18063143184352,62.07843210687345,63.02952575683594,415500,0.0,0.0
2011-10-24 00:00:00-04:00,63.03841728012613,65.14503355129665,63.02064293209501,64.48727416992188,835800,0.0,0.0
2011-10-25 00:00:00-04:00,64.00731467522594,64.86951675170194,62.754008948014366,62.914005279541016,294400,0.0,0.0
2011-10-26 00:00:00-04:00,63.77617296540519,64.75392478348503,62.18510107694657,64.34504699707031,344900,0.0,0.0
2011-10-27 00:00:00-04:00,66.66499236306383,68.29161980428589,66.04278848028072,67.43830871582031,501700,0.0,0.0
2011-10-28 00:00:00-04:00,67.26942378315549,67.71385707802794,65.46502569101554,65.89167785644531,321200,0.0,0.0
2011-10-31 00:00:00-04:00,65.20725911715952,65.77613324050216,64.14062183127068,64.14950561523438,346000,0.0,0.0
2011-11-01 00:00:00-04:00,61.31400488565444,64.51392244565297,59.76737252675353,63.42950439453125,713500,0.0,0.0
2011-11-02 00:00:00-04:00,64.02506375467858,65.4828045190732,63.08286727517128,63.598411560058594,566900,0.0,0.0
2011-11-03 00:00:00-04:00,64.40726442050352,66.62054006009237,63.36729226495718,66.21166229248047,401800,0.0,0.0
2011-11-04 00:00:00-04:00,65.50060457527019,66.20281024588614,64.27396390290875,65.67837524414062,299100,0.0,0.0
2011-11-07 00:00:00-05:00,65.38500992169864,66.10499631390935,63.87393976105686,65.4916763305664,153300,0.0,0.0
2011-11-08 00:00:00-05:00,66.26500477192906,68.11384206309461,65.81168092742777,67.49163818359375,568100,0.0,0.0
2011-11-09 00:00:00-05:00,65.8916651703338,66.3983187576819,64.42504100483472,64.58503723144531,528100,0.0,0.0
2011-11-10 00:00:00-05:00,65.72279206485217,66.90497937181688,65.18946673246191,66.33610534667969,299000,0.0,0.0
2011-11-11 00:00:00-05:00,67.03832757343375,67.74942367454145,66.75389048929367,67.07388305664062,236900,0.0,0.0
2011-11-14 00:00:00-05:00,66.83388413663822,67.59830998160963,66.62055126256652,67.36720275878906,366300,0.0,0.0
2011-11-15 00:00:00-05:00,66.9583146531505,67.93606644072342,66.78942784912414,67.562744140625,508600,0.0,0.0
2011-11-16 00:00:00-05:00,67.12722406749491,68.56719086031326,66.62946078275006,66.77168273925781,251300,0.0,0.0
2011-11-17 00:00:00-05:00,66.53165678608251,68.3182803664853,66.32722128683282,66.76276397705078,326700,0.0,0.0
2011-11-18 00:00:00-05:00,67.020535625772,67.71385041248301,66.40721556913692,67.2160873413086,215400,0.0,0.0
2011-11-21 00:00:00-05:00,66.11386887605913,67.12717585305745,65.28722299676984,65.95387268066406,320900,0.0,0.0
2011-11-22 00:00:00-05:00,65.70502600908239,66.8072256194441,64.99393670530033,65.1450424194336,384600,0.0,0.0
2011-11-23 00:00:00-05:00,64.71837772026996,64.81615359293721,62.336214859994826,62.64732360839844,440200,0.0,0.0
2011-11-25 00:00:00-05:00,62.38066274014537,64.02506471196213,62.38066274014537,63.68729782104492,149000,0.0,0.0
2011-11-28 00:00:00-05:00,65.10947271250424,65.62501692263746,63.98949899637326,64.47837829589844,513200,0.0,0.0
2011-11-29 00:00:00-05:00,64.51415135091838,66.05148050867746,64.29964236724338,65.07723999023438,342700,0.4,0.0
2011-11-30 00:00:00-05:00,67.02570339871122,69.99310333427796,66.70393656553149,69.94841766357422,540500,0.0,0.0
2011-12-01 00:00:00-05:00,69.58195401505324,71.7181239686314,68.78647684334169,68.92054748535156,544800,0.0,0.0
2011-12-02 00:00:00-05:00,69.21549279838516,69.57300537313566,67.49940107165257,67.60665893554688,499600,0.0,0.0
2011-12-05 00:00:00-05:00,68.65242817437631,69.70710710643884,67.33854773656506,67.42793273925781,450000,0.0,0.0
2011-12-06 00:00:00-05:00,68.28593784589121,68.64345720176684,67.49939389914195,67.78540802001953,414300,0.0,0.0
2011-12-07 00:00:00-05:00,67.1954875001252,68.20547308151652,66.32850552837364,67.7138900756836,275900,0.0,0.0
2011-12-08 00:00:00-05:00,66.37321221076797,66.89160807826583,63.90633633923037,64.53199005126953,690100,0.0,0.0
2011-12-09 00:00:00-05:00,64.63032368462824,66.23021778602921,64.35324937637475,65.57775115966797,308400,0.0,0.0
2011-12-12 00:00:00-05:00,64.59458119503365,71.03885109580324,62.56566893152279,66.68606567382812,4140400,0.0,0.0
2011-12-13 00:00:00-05:00,66.87373763275461,68.2144300526728,66.28383651393003,66.72179412841797,1033300,0.0,0.0
2011-12-14 00:00:00-05:00,65.89952366711962,66.10509274619483,63.41476726154332,63.84379196166992,865200,0.0,0.0
2011-12-15 00:00:00-05:00,65.05042349950206,66.0246639622294,64.52308752414261,65.71183013916016,761900,0.0,0.0
2011-12-16 00:00:00-05:00,65.97993289521743,67.44575584461509,65.93524042687314,66.53408813476562,849200,0.0,0.0
2011-12-19 00:00:00-05:00,69.0814326072181,69.0814326072181,65.69394794263067,66.00677490234375,569300,0.0,0.0
2011-12-20 00:00:00-05:00,67.66922980166679,68.59877757339825,67.07932855023316,67.85692596435547,523300,0.0,0.0
2011-12-21 00:00:00-05:00,68.3038302407194,68.62559707093638,67.69604920798916,68.28595733642578,460300,0.0,0.0
2011-12-22 00:00:00-05:00,68.91160742571431,69.46576289550549,67.49047635420308,67.74073791503906,388600,0.0,0.0
2011-12-23 00:00:00-05:00,67.74071549047618,68.02672958233886,67.30275790399259,67.91947174072266,269400,0.0,0.0
2011-12-27 00:00:00-05:00,68.00889373934409,68.22340956096366,67.74075919099697,67.82119750976562,183000,0.0,0.0
2011-12-28 00:00:00-05:00,67.57985735514629,67.85693169215325,64.96103707904639,65.1397933959961,404600,0.0,0.0
2011-12-29 00:00:00-05:00,65.7386371880956,67.19552085381933,65.38111775786616,67.03463745117188,398200,0.0,0.0
2011-12-30 00:00:00-05:00,66.95420255303223,67.7764925108572,66.95420255303223,67.4011001586914,302900,0.0,0.0
2012-01-03 00:00:00-05:00,71.04776082755177,71.04776082755177,67.58877863005631,67.69602966308594,372200,0.0,0.0
2012-01-04 00:00:00-05:00,67.53517981134202,68.06252265553823,66.77545506751021,67.66925048828125,210500,0.0,0.0
2012-01-05 00:00:00-05:00,67.66926331056234,69.28703114658224,66.18556617688601,67.83014678955078,405000,0.0,0.0
2012-01-06 00:00:00-05:00,67.70499508341635,67.79437325105619,66.23023145044921,66.31067657470703,512200,0.0,0.0
2012-01-09 00:00:00-05:00,66.76651247559793,67.96420183642998,66.73969970512935,66.9095230102539,385800,0.0,0.0
2012-01-10 00:00:00-05:00,67.76756656658118,68.09827331756692,66.50731860575006,66.8290786743164,553000,0.0,0.0
2012-01-11 00:00:00-05:00,66.62348571675248,67.98205123050406,66.60560599654579,67.60665893554688,623700,0.0,0.0
2012-01-12 00:00:00-05:00,68.0714263121229,69.85901620285158,67.83903771697618,69.55512237548828,1038500,0.0,0.0
2012-01-13 00:00:00-05:00,69.7339208965477,70.5830307006836,68.52729835290027,70.5830307006836,464600,0.0,0.0
2012-01-17 00:00:00-05:00,71.047789553808,71.047789553808,69.29595150849917,69.85904693603516,420500,0.0,0.0
2012-01-18 00:00:00-05:00,69.68921847525401,72.02202468158558,69.26913360619646,71.31592559814453,468000,0.0,0.0
2012-01-19 00:00:00-05:00,71.45892634093254,72.50467194885489,71.19079186178861,72.08458709716797,514700,0.0,0.0
2012-01-20 00:00:00-05:00,72.19182382365354,72.9873076987427,70.70812757353116,72.30802154541016,773800,0.0,0.0
2012-01-23 00:00:00-05:00,72.51360526493677,72.5225451266769,71.02990871455172,71.52149200439453,585100,0.0,0.0
2012-01-24 00:00:00-05:00,71.23548785869072,71.78070357683826,70.77965713233193,71.66451263427734,562700,0.0,0.0
2012-01-25 00:00:00-05:00,71.38743412429683,73.13033225749086,71.07460030936508,72.99626159667969,747500,0.0,0.0
2012-01-26 00:00:00-05:00,73.24651364467171,73.6576654359914,71.98626596321775,72.76387023925781,320800,0.0,0.0
2012-01-27 00:00:00-05:00,72.69235956809652,73.37163895721368,72.31696725003982,72.9515609741211,380800,0.0,0.0
2012-01-30 00:00:00-05:00,72.22759218605273,73.79173387822323,72.02202309664419,73.6666030883789,645100,0.0,0.0
2012-01-31 00:00:00-05:00,73.91683329567118,74.43523595878234,73.15710901717448,73.74701690673828,876400,0.0,0.0
2012-02-01 00:00:00-05:00,73.99730247015081,75.15923209226277,73.3895214856666,74.05986785888672,1391200,0.0,0.0
2012-02-02 00:00:00-05:00,74.5067576395373,75.3469271881173,74.03304734312182,74.40843963623047,785100,0.0,0.0
2012-02-03 00:00:00-05:00,75.23970989777672,75.90111669741023,75.03413392024689,75.33802795410156,776400,0.0,0.0
2012-02-06 00:00:00-05:00,75.15030447130289,76.70550626000457,75.02517368480484,76.49099731445312,1298200,0.0,0.0
2012-02-07 00:00:00-05:00,76.58930363158692,78.671841013854,76.05302112098265,77.08088684082031,1239100,0.0,0.0
2012-02-08 00:00:00-05:00,76.68761930721593,77.83167589939583,74.58719544910339,77.24176788330078,899900,0.0,0.0
2012-02-09 00:00:00-05:00,77.49201712796359,78.97571997392166,77.27750825570833,78.91315460205078,826300,0.0,0.0
2012-02-10 00:00:00-05:00,78.25179872393,78.69869647376599,77.32225058597692,77.93896484375,407800,0.0,0.0
2012-02-13 00:00:00-05:00,78.54670817749194,78.8237892857697,77.81379649396904,78.63609313964844,694900,0.0,0.0
2012-02-14 00:00:00-05:00,77.93893289756774,79.13662192215226,77.78698936149168,78.97573852539062,579800,0.0,0.0
2012-02-15 00:00:00-05:00,79.3868644568803,79.88738742955552,78.20705543620723,79.52093505859375,1052700,0.0,0.0
2012-02-16 00:00:00-05:00,79.4584064759781,80.28069654583746,79.24389750538809,79.99468231201172,945000,0.0,0.0
2012-02-17 00:00:00-05:00,80.21811106117046,80.9510227780455,79.75334060473662,79.87847137451172,639400,0.0,0.0
2012-02-21 00:00:00-05:00,79.87846903858554,80.2628011971171,78.28750806247011,78.600341796875,590200,0.0,0.0
2012-02-22 00:00:00-05:00,78.34116982104415,78.81488030194565,77.26861122702162,77.54569244384766,424600,0.0,0.0
2012-02-23 00:00:00-05:00,77.54569775100765,78.9668292909732,77.22393083269124,78.53781127929688,493900,0.0,0.0
2012-02-24 00:00:00-05:00,78.83273672232218,79.30645392326531,78.23389555356457,78.41265869140625,384100,0.0,0.0
2012-02-27 00:00:00-05:00,77.72441437897987,78.99360167500649,76.768053977169,78.439453125,385300,0.0,0.0
2012-02-28 00:00:00-05:00,78.43047199143518,78.59209201593605,77.42484237261907,77.99050903320312,305200,0.4,0.0
2012-02-29 00:00:00-05:00,78.02643910041233,78.77168750302292,77.07467352165042,77.10161590576172,482400,0.0,0.0
2012-03-01 00:00:00-05:00,77.74807478650591,78.87941494659246,76.72448359177834,77.03874969482422,705400,0.0,0.0
2012-03-02 00:00:00-05:00,77.18243370830253,77.34405378472961,76.10497109901549,76.45514678955078,419500,0.0,0.0
2012-03-05 00:00:00-05:00,76.52695722793489,77.57748399439143,75.62008890416233,77.23628234863281,680800,0.0,0.0
2012-03-06 00:00:00-05:00,76.5269759727722,76.5269759727722,75.08137614675155,75.24299621582031,419000,0.0,0.0
2012-03-07 00:00:00-05:00,75.35075475237673,76.13191973118931,75.14424436107522,75.85357666015625,227400,0.0,0.0
2012-03-08 00:00:00-05:00,76.41921689024507,77.90970679685134,76.11393153325793,77.56851196289062,282500,0.0,0.0
2012-03-09 00:00:00-05:00,77.3620068061275,78.65496042396293,77.31710968140608,78.37661743164062,373100,0.0,0.0
2012-03-12 00:00:00-04:00,78.60108250752194,78.84350914901688,77.73013042637614,77.9725570678711,480000,0.0,0.0
2012-03-13 00:00:00-04:00,78.38560483095266,80.19035431110808,78.37662403518381,80.12750244140625,459000,0.0,0.0
2012-03-14 00:00:00-04:00,79.84914459632283,80.41481131858562,79.10389624373465,79.33734893798828,438800,0.0,0.0
2012-03-15 00:00:00-04:00,79.22062207238056,80.66621473508965,78.91533674119405,80.37889099121094,345300,0.0,0.0
2012-03-16 00:00:00-04:00,80.31605495976413,80.39686841789376,79.346341414587,79.64263916015625,594100,0.0,0.0
2012-03-19 00:00:00-04:00,79.60671743671604,80.45970791157183,79.19368311484325,79.90301513671875,352500,0.0,0.0
2012-03-20 00:00:00-04:00,79.14879417818551,79.50795059219256,78.64597245844013,79.22062683105469,342100,0.0,0.0
2012-03-21 00:00:00-04:00,79.51692763210535,80.02872331563246,79.04104827641126,79.5348892211914,417400,0.0,0.0
2012-03-22 00:00:00-04:00,78.74475353886533,79.0231034017315,77.4248642905268,78.2778549194336,443900,0.0,0.0
2012-03-23 00:00:00-04:00,78.08929484177972,78.90636909159132,77.11059368062833,78.64598083496094,289600,0.0,0.0
2012-03-26 00:00:00-04:00,79.50796309431455,79.6336668314323,78.56517821559149,79.0679931640625,260000,0.0,0.0
2012-03-27 00:00:00-04:00,78.97821220246912,79.543879065649,78.52926829032435,78.62803649902344,609700,0.0,0.0
2012-03-28 00:00:00-04:00,78.80758265387063,78.9153316197093,76.70652919755108,77.4876937866211,636500,0.0,0.0
2012-03-29 00:00:00-04:00,77.02081282831143,77.23630397785257,75.54827741415679,76.91307067871094,370800,0.0,0.0
2012-03-30 00:00:00-04:00,77.60441347750844,77.86480166306873,76.70652601709544,76.88610076904297,301100,0.0,0.0
2012-04-02 00:00:00-04:00,76.88613599225545,77.29916359122184,76.07804238794863,76.96694946289062,382900,0.0,0.0
2012-04-03 00:00:00-04:00,76.81429673120358,77.16447239190249,76.27555862212253,76.6706314086914,346600,0.0,0.0
2012-04-04 00:00:00-04:00,76.18576046373052,76.51798133737753,75.78171378930841,76.302490234375,407200,0.0,0.0
2012-04-05 00:00:00-04:00,75.96129732526883,76.91306293641995,75.96129732526883,76.40126037597656,264600,0.0,0.0
2012-04-09 00:00:00-04:00,74.81198816476466,75.8445601865917,73.80635167258157,75.26991271972656,616900,0.0,0.0
2012-04-10 00:00:00-04:00,75.14421075811939,75.26991446626678,73.63575941001218,73.73452758789062,611400,0.0,0.0
2012-04-11 00:00:00-04:00,74.4079608995153,74.8389431867475,74.00390729860267,74.33612823486328,629700,0.0,0.0
2012-04-12 00:00:00-04:00,74.24633752684586,76.25760409526438,74.22837593631179,75.26094818115234,461800,0.0,0.0
2012-04-13 00:00:00-04:00,75.26095729619955,75.26095729619955,74.07574563997359,74.23736572265625,424400,0.0,0.0
2012-04-16 00:00:00-04:00,75.081364342402,75.2968554505007,74.32713518854828,74.59650421142578,489300,0.0,0.0
2012-04-17 00:00:00-04:00,75.29686375143913,76.65267610880386,75.29686375143913,75.7188720703125,601700,0.0,0.0
2012-04-18 00:00:00-04:00,75.19809963416775,75.19809963416775,73.96799094119392,74.16552734375,584700,0.0,0.0
2012-04-19 00:00:00-04:00,73.99491284783373,74.28223657647881,73.1778319271111,73.52800750732422,635500,0.0,0.0
2012-04-20 00:00:00-04:00,74.2912192879593,74.30020008219704,73.51006144774702,73.68963623046875,450600,0.0,0.0
2012-04-23 00:00:00-04:00,72.728889887516,73.59984188716136,72.29790085921896,73.23170471191406,341600,0.0,0.0
2012-04-24 00:00:00-04:00,73.4023035384192,73.4831101257121,72.81867529006448,73.24966430664062,408100,0.0,0.0
2012-04-25 00:00:00-04:00,74.6952838696923,74.86587788340182,73.76147979071334,74.45285034179688,449300,0.0,0.0
2012-04-26 00:00:00-04:00,74.14756216292812,74.63242230538751,74.00389685390061,74.30020141601562,508300,0.0,0.0
2012-04-27 00:00:00-04:00,74.93769063848075,75.19807883799018,74.29121053629707,74.88381958007812,641400,0.0,0.0
2012-04-30 00:00:00-04:00,74.8479125949501,75.11728162124301,74.05777395501053,74.41692352294922,389100,0.0,0.0
2012-05-01 00:00:00-04:00,73.25864701953545,75.01851276842547,72.28893360424236,73.46516418457031,725100,0.0,0.0
2012-05-02 00:00:00-04:00,73.16885985943613,73.97696008334827,72.73787764024223,73.7435073852539,483700,0.0,0.0
2012-05-03 00:00:00-04:00,73.82431915447684,73.82431915447684,72.17220241755615,72.80072784423828,481900,0.0,0.0
2012-05-04 00:00:00-04:00,72.10040170089438,72.1273372420605,70.87927359886173,71.3192367553711,373900,0.0,0.0
2012-05-07 00:00:00-04:00,70.97802012731474,72.86358278650786,70.75354821906939,71.65143585205078,961900,0.0,0.0
2012-05-08 00:00:00-04:00,71.31921637430737,71.52573354813264,69.8556619696819,70.8523178100586,497400,0.0,0.0
2012-05-09 00:00:00-04:00,69.9095524572483,70.72662688424886,69.62222860319939,69.69406127929688,715800,0.0,0.0
2012-05-10 00:00:00-04:00,70.31356816346683,70.67272453471217,69.06550508240116,69.12835693359375,597900,0.0,0.0
2012-05-11 00:00:00-04:00,68.84105867865199,69.79282444216722,68.73331652264915,68.88595581054688,614900,0.0,0.0
2012-05-14 00:00:00-04:00,68.10480783776335,68.64353930256239,67.79054838749242,68.1407241821289,474500,0.0,0.0
2012-05-15 00:00:00-04:00,68.01497960423538,68.50882048011096,66.92853652764724,67.09015655517578,376500,0.0,0.0
2012-05-16 00:00:00-04:00,58.461466724173405,67.71868640698526,57.14157075361544,61.5950927734375,3416300,0.0,0.0
2012-05-17 00:00:00-04:00,61.783646178456976,62.44808796281877,59.64667606614645,59.754425048828125,2177600,0.0,0.0
2012-05-18 00:00:00-04:00,60.122541543466745,62.51092539752253,59.978883116716275,61.40652084350586,1175900,0.0,0.0
2012-05-21 00:00:00-04:00,61.77468326405435,62.78929401002528,60.688232999796476,62.035064697265625,695500,0.0,0.0
2012-05-22 00:00:00-04:00,62.18768819903631,62.205642934319094,60.93064436877068,61.2718391418457,586000,0.0,0.0
2012-05-23 00:00:00-04:00,60.84985196028322,61.9542569460804,60.481721531910914,61.79263687133789,320000,0.0,0.0
2012-05-24 00:00:00-04:00,61.72081373942591,62.09793187230958,61.002507513203255,62.062015533447266,365600,0.0,0.0
2012-05-25 00:00:00-04:00,61.82854243300029,62.36727363817188,61.20002383535658,61.45143127441406,193300,0.0,0.0
2012-05-29 00:00:00-04:00,61.60407586807653,62.95090742295299,61.60407586807653,62.51094436645508,276100,0.0,0.0
2012-05-30 00:00:00-04:00,62.14972740045042,62.14972740045042,61.038940221228586,61.12925338745117,282100,0.4,0.0
2012-05-31 00:00:00-04:00,61.19245019697747,61.31888032402271,59.846861589256434,60.93055725097656,324800,0.0,0.0
2012-06-01 00:00:00-04:00,60.469990352771276,60.71382482072464,59.35921032297458,59.46757507324219,513300,0.0,0.0
2012-06-04 00:00:00-04:00,59.44951496270242,59.63012746819091,58.47419089724351,58.85348129272461,564600,0.0,0.0
2012-06-05 00:00:00-04:00,58.54642764667942,59.21470205923893,58.28453474001812,58.30259323120117,575700,0.0,0.0
2012-06-06 00:00:00-04:00,60.099731823241584,60.47902222387815,58.718019266764614,60.22616195678711,269900,0.0,0.0
2012-06-07 00:00:00-04:00,60.94861369575197,61.74332519894654,60.126817897587074,60.190032958984375,254700,0.0,0.0
2012-06-08 00:00:00-04:00,60.21711267003608,61.15631261035746,59.53980561700925,60.98472595214844,172600,0.0,0.0
2012-06-11 00:00:00-04:00,61.662032008136364,62.18581777425615,60.35257448276043,60.39772415161133,501600,0.0,0.0
2012-06-12 00:00:00-04:00,60.506112482564276,60.97570912996625,59.584977682307354,60.31646728515625,377800,0.0,0.0
2012-06-13 00:00:00-04:00,59.377258014621454,60.289366872998265,58.75413325425495,59.13343048095703,410600,0.0,0.0
2012-06-14 00:00:00-04:00,59.32309028107674,60.036521456174725,59.016040725626155,59.801719665527344,219100,0.0,0.0
2012-06-15 00:00:00-04:00,60.072641309203185,61.490471033831774,60.027491621495784,61.37307357788086,403700,0.0,0.0
2012-06-18 00:00:00-04:00,60.99378571111125,62.25809414918022,60.37066074100778,61.77946472167969,270000,0.0,0.0
2012-06-19 00:00:00-04:00,61.90589049609044,63.60367166198142,61.90589049609044,63.47724151611328,603100,0.0,0.0
2012-06-20 00:00:00-04:00,63.305633240564084,63.47721990436289,62.43868101123787,63.061805725097656,327600,0.0,0.0
2012-06-21 00:00:00-04:00,62.99861378055129,63.48627588027452,61.625933746531885,61.82461166381836,395600,0.0,0.0
2012-06-22 00:00:00-04:00,62.06843248278297,63.26049283392255,61.70720061184751,62.890228271484375,383300,0.0,0.0
2012-06-25 00:00:00-04:00,61.860723603714966,62.86313880016625,61.01182971736972,62.8270149230957,503600,0.0,0.0
2012-06-26 00:00:00-04:00,62.980542427661874,65.96972981744493,62.727682153222986,65.62655639648438,887800,0.0,0.0
2012-06-27 00:00:00-04:00,65.88842970409766,68.37188891407496,65.68072606489318,67.28820037841797,1267400,0.0,0.0
2012-06-28 00:00:00-04:00,66.73734351927554,70.10581444017305,66.73734351927554,69.93423461914062,912700,0.0,0.0
2012-06-29 00:00:00-04:00,71.20757214640886,71.83069706179816,70.71088426465853,71.18048095703125,737400,0.0,0.0
2012-07-02 00:00:00-04:00,71.74941266467499,71.74941266467499,70.31352458708382,71.07210540771484,408500,0.0,0.0
2012-07-03 00:00:00-04:00,71.29789100371734,71.95713991805385,70.99084828329164,71.33401489257812,251900,0.0,0.0
2012-07-05 00:00:00-04:00,72.41766575358785,72.63440206174218,70.58442259853584,71.3700942993164,393900,0.0,0.0
2012-07-06 00:00:00-04:00,70.79214755876075,72.16482733403589,70.79214755876075,72.01129913330078,339300,0.0,0.0
2012-07-09 00:00:00-04:00,71.70426867986906,71.87584851345167,71.1533915159023,71.45140838623047,413400,0.0,0.0
2012-07-10 00:00:00-04:00,71.83972484524121,72.24610643798462,69.8800439717674,70.34964752197266,338900,0.0,0.0
2012-07-11 00:00:00-04:00,70.70185485352216,70.93665665557101,70.01551483441665,70.58445739746094,330200,0.0,0.0
2012-07-12 00:00:00-04:00,70.34062040965247,73.41108155483347,70.34062040965247,73.24852752685547,677800,0.0,0.0
2012-07-13 00:00:00-04:00,72.95954503074992,73.86262145362353,72.77892561221941,73.74522399902344,400500,0.0,0.0
2012-07-16 00:00:00-04:00,73.45621852226185,74.21480615145407,73.27560602908153,73.77230072021484,451000,0.0,0.0
2012-07-17 00:00:00-04:00,73.78134171760682,74.2780365110372,72.62540498736128,73.99808502197266,322400,0.0,0.0
2012-07-18 00:00:00-04:00,73.50137833986594,75.28043972503305,73.50137833986594,75.00048828125,431200,0.0,0.0
2012-07-19 00:00:00-04:00,75.22625308837662,75.66875851409416,74.86502121659858,75.55136108398438,340500,0.0,0.0
2012-07-20 00:00:00-04:00,75.12692233831484,76.12933761902238,74.98242681788733,75.3617172241211,345500,0.0,0.0
2012-07-23 00:00:00-04:00,74.05225027442371,75.09078930869632,73.76326615870587,74.63021850585938,518600,0.0,0.0
2012-07-24 00:00:00-04:00,75.0998385696266,75.24432721440212,73.1943467677856,73.97099304199219,321800,0.0,0.0
2012-07-25 00:00:00-04:00,74.4676698625451,74.62119117788355,72.84213667851814,73.6458740234375,369500,0.0,0.0
2012-07-26 00:00:00-04:00,74.1064607533756,74.76570967769837,69.46464775832432,70.68379974365234,967900,0.0,0.0
2012-07-27 00:00:00-04:00,71.21663031843723,72.06552463558069,70.46707499116921,71.72235107421875,464100,0.0,0.0
2012-07-30 00:00:00-04:00,71.72230791673064,72.20996987633407,70.15998999774456,70.43994140625,576400,0.0,0.0
2012-07-31 00:00:00-04:00,69.59105974521746,70.71087935452336,67.20693878657524,67.8571548461914,1039300,0.0,0.0
2012-08-01 00:00:00-04:00,67.7216730367113,68.51638439345518,66.87278621008534,67.28820037841797,645400,0.0,0.0
2012-08-02 00:00:00-04:00,67.19791939735231,67.19791939735231,64.95828685491705,66.22259521484375,568500,0.0,0.0
2012-08-03 00:00:00-04:00,67.03536422014552,67.72169732356843,66.33999153361492,67.55011749267578,307000,0.0,0.0
2012-08-06 00:00:00-04:00,67.42367606537488,68.49833211666135,66.96310524915212,67.91133117675781,381700,0.0,0.0
2012-08-07 00:00:00-04:00,68.1822727162434,69.69040875055674,68.09196644824695,69.28402709960938,306000,0.0,0.0
2012-08-08 00:00:00-04:00,69.48270609332319,70.21419583226542,68.42610138271843,69.32917785644531,286000,0.0,0.0
2012-08-09 00:00:00-04:00,69.3923596009534,70.91856031320827,69.3923596009534,70.14191436767578,362000,0.0,0.0
2012-08-10 00:00:00-04:00,69.79876800627783,71.21659752071567,69.79876800627783,70.97276306152344,401500,0.0,0.0
2012-08-13 00:00:00-04:00,70.6657278546977,71.21660500642044,69.53688236181117,70.503173828125,313300,0.0,0.0
2012-08-14 00:00:00-04:00,70.94566966704296,71.2346537982558,69.10339324683913,69.31110382080078,287300,0.0,0.0
2012-08-15 00:00:00-04:00,69.21177744046582,69.30208370599784,68.04680801230145,68.54350280761719,234800,0.0,0.0
2012-08-16 00:00:00-04:00,70.26838014767601,71.17145664622957,69.04019555844901,70.51221466064453,362100,0.0,0.0
2012-08-17 00:00:00-04:00,71.32498052660524,71.32498052660524,70.44899527417665,70.83731842041016,227500,0.0,0.0
2012-08-20 00:00:00-04:00,70.58444929707528,70.86440075474627,69.36529073899379,70.34964752197266,271000,0.0,0.0
2012-08-21 00:00:00-04:00,70.42190244205698,70.71088662159401,69.0672878086159,69.19371795654297,236100,0.0,0.0
2012-08-22 00:00:00-04:00,69.23885182969622,70.07871298620424,68.65185091128957,69.86197662353516,228100,0.0,0.0
2012-08-23 00:00:00-04:00,69.74453494544218,69.97030385620833,68.57956653909844,69.22978210449219,293800,0.0,0.0
2012-08-24 00:00:00-04:00,69.32915496102585,71.58684539975819,69.20272484765079,71.13530731201172,306900,0.0,0.0
2012-08-27 00:00:00-04:00,71.42431412510287,71.55075116860863,70.0335824357324,70.19613647460938,364900,0.0,0.0
2012-08-28 00:00:00-04:00,70.06067884461014,71.09018553752233,69.75362924167595,70.36772155761719,509200,0.0,0.0
2012-08-29 00:00:00-04:00,70.78313308939208,70.79216578350777,68.58865693430367,69.35627746582031,483600,0.0,0.0
2012-08-30 00:00:00-04:00,69.11114705277438,69.23823911575035,67.54972928964132,67.88561248779297,458600,0.4,0.0
2012-08-31 00:00:00-04:00,68.42120411704731,69.51964635299241,67.11396387050279,69.33808135986328,397200,0.0,0.0
2012-09-04 00:00:00-04:00,69.21101361188602,69.74662187205159,67.38633154118325,68.29413604736328,283400,0.0,0.0
2012-09-05 00:00:00-04:00,68.43940965473983,69.38352756527604,67.43174567935993,68.07628631591797,175200,0.0,0.0
2012-09-06 00:00:00-04:00,68.59370954629122,70.40024558657852,68.59370954629122,70.2822265625,302800,0.0,0.0
2012-09-07 00:00:00-04:00,70.30037580557956,74.42180866272258,70.30037580557956,73.6501693725586,677600,0.0,0.0
2012-09-10 00:00:00-04:00,75.52932445712251,78.05302654530352,72.6697460944751,76.41897583007812,1288000,0.0,0.0
2012-09-11 00:00:00-04:00,76.40988238547668,76.68222643203455,75.81073517944492,76.3463363647461,376900,0.0,0.0
2012-09-12 00:00:00-04:00,75.93782835643071,79.83230949486155,75.83796933293273,78.87911224365234,621900,0.0,0.0
2012-09-13 00:00:00-04:00,78.05305475254028,80.34979964128533,77.62638541570612,80.00482940673828,709100,0.0,0.0
2012-09-14 00:00:00-04:00,80.07744689351568,85.0703724403414,80.07744689351568,82.54667663574219,1149500,0.0,0.0
2012-09-17 00:00:00-04:00,82.1835480859013,82.48312526160673,79.26949619512862,79.36027526855469,489500,0.0,0.0
2012-09-18 00:00:00-04:00,78.98805831155403,79.88678267739542,78.679401231509,79.46011352539062,348000,0.0,0.0
2012-09-19 00:00:00-04:00,79.84138605746483,82.13813677279533,79.34209784404298,81.68423461914062,389700,0.0,0.0
2012-09-20 00:00:00-04:00,81.54806744897571,81.54806744897571,79.16961752868515,80.03203582763672,529600,0.0,0.0
2012-09-21 00:00:00-04:00,80.61303076835173,81.18494502768074,79.53274135251036,79.85047149658203,574200,0.0,0.0
2012-09-24 00:00:00-04:00,79.40565328414311,80.41331673882135,79.21501518812263,79.9957275390625,329400,0.0,0.0
2012-09-25 00:00:00-04:00,77.59004140884879,79.42380320764111,77.07259318967492,77.30862426757812,744700,0.0,0.0
2012-09-26 00:00:00-04:00,77.26325076594647,77.88963816198887,74.83033413867969,75.54750061035156,508600,0.0,0.0
2012-09-27 00:00:00-04:00,75.6654796774611,77.92591022583684,75.57470064146945,77.29953002929688,876500,0.0,0.0
2012-09-28 00:00:00-04:00,77.14520373862268,77.38122784321745,74.92107929950636,75.229736328125,778800,0.0,0.0
2012-10-01 00:00:00-04:00,75.60196651710743,76.7367222751716,74.28565260815279,74.51260375976562,772900,0.0,0.0
2012-10-02 00:00:00-04:00,74.98463049468218,75.82888873356576,74.57612134805979,75.76534271240234,435900,0.0,0.0
2012-10-03 00:00:00-04:00,75.96508248114272,76.79118099250255,75.27514910693094,76.58238983154297,410800,0.0,0.0
2012-10-04 00:00:00-04:00,76.88196279326638,77.90777935117568,76.76394377950795,77.24507904052734,452400,0.0,0.0
2012-10-05 00:00:00-04:00,78.1801016853745,79.05159290284217,76.66406337876221,77.0634994506836,449300,0.0,0.0
2012-10-08 00:00:00-04:00,76.69132534035933,77.3358656885479,76.27372918564701,76.6640853881836,265400,0.0,0.0
2012-10-09 00:00:00-04:00,76.15569300375469,76.55512906398158,74.78490673651851,75.0027847290039,370400,0.0,0.0
2012-10-10 00:00:00-04:00,75.10266282918131,75.70181014578088,74.6033676270166,75.375,248600,0.0,0.0
2012-10-11 00:00:00-04:00,76.35541124997775,76.43711030289376,74.93923892479614,75.0572509765625,231100,0.0,0.0
2012-10-12 00:00:00-04:00,75.38405164950667,75.47483067232587,74.42178154083136,74.72135162353516,249600,0.0,0.0
2012-10-15 00:00:00-04:00,75.12991162077638,75.42040881954692,73.70465865712099,75.13898468017578,238200,0.0,0.0
2012-10-16 00:00:00-04:00,75.60196124118804,76.4099067304669,75.2206849953259,76.16480255126953,250700,0.0,0.0
2012-10-17 00:00:00-04:00,76.60051892903641,79.28761863608094,76.32818181387454,78.08931732177734,526300,0.0,0.0
2012-10-18 00:00:00-04:00,77.69894721565223,78.03483721572687,76.9363951194768,77.44476318359375,233600,0.0,0.0
2012-10-19 00:00:00-04:00,77.46295293960033,77.46295293960033,75.13896891115867,75.375,442900,0.0,0.0
2012-10-22 00:00:00-04:00,75.31143998055205,75.92874714949087,74.4399487289908,75.07540893554688,188800,0.0,0.0
2012-10-23 00:00:00-04:00,73.98605338619618,74.68505967749806,73.0237830063268,74.33101654052734,308900,0.0,0.0
2012-10-24 00:00:00-04:00,74.78489741269573,75.1207874147363,74.01326533200327,74.66688537597656,200200,0.0,0.0
2012-10-25 00:00:00-04:00,75.35686296058347,75.49303503790716,74.39458535989567,74.79402160644531,187200,0.0,0.0
2012-10-26 00:00:00-04:00,74.83032815120036,75.07543232838805,73.45046830444211,74.43997192382812,189200,0.0,0.0
2012-10-31 00:00:00-04:00,74.7031985893695,77.02717481831915,74.47624756932379,74.72135162353516,316200,0.0,0.0
2012-11-01 00:00:00-04:00,74.43995088413004,76.5279034964008,73.00561846095265,76.44619750976562,347500,0.0,0.0
2012-11-02 00:00:00-04:00,77.37216181292386,78.04393504068048,76.04676146957051,76.10123443603516,270200,0.0,0.0
2012-11-05 00:00:00-05:00,75.71089666469484,77.44479965770593,75.49302552403348,77.1724624633789,448900,0.0,0.0
2012-11-06 00:00:00-05:00,77.78069721492321,82.0836890138036,77.63544515666597,78.96084594726562,1227900,0.0,0.0
2012-11-07 00:00:00-05:00,78.03485399789466,79.27854833764431,76.0467604358853,78.87911224365234,756700,0.0,0.0
2012-11-08 00:00:00-05:00,78.65216835996799,79.21500955054212,77.99854811955868,78.30720520019531,371600,0.0,0.0
2012-11-09 00:00:00-05:00,78.80649333063168,79.63259861280805,77.82606989734215,78.1891860961914,352100,0.0,0.0
2012-11-12 00:00:00-05:00,78.07120017579496,78.18013922753974,77.37219364026558,77.53559875488281,218900,0.0,0.0
2012-11-13 00:00:00-05:00,77.44480821540255,78.35261281546961,77.17247099098209,77.62637329101562,440800,0.0,0.0
2012-11-14 00:00:00-05:00,77.61726970746281,77.79882780187664,75.7108820121281,76.07400512695312,266700,0.0,0.0
2012-11-15 00:00:00-05:00,75.83797743541805,76.43712471442163,74.5398169172464,74.94832611083984,432400,0.0,0.0
2012-11-16 00:00:00-05:00,75.07542249658097,75.6019507205478,73.70464281397501,74.80308532714844,399100,0.0,0.0
2012-11-19 00:00:00-05:00,75.64736341397246,77.59006481775528,74.7758717780138,77.53559875488281,519500,0.0,0.0
2012-11-20 00:00:00-05:00,77.87146792347043,77.9713269712957,76.85473132888377,77.58097076416016,136000,0.0,0.0
2012-11-21 00:00:00-05:00,77.47203173216933,77.9894869396268,77.28139362068433,77.58097076416016,135600,0.0,0.0
2012-11-23 00:00:00-05:00,77.9804108122216,78.0711898803711,77.28139744287283,78.0711898803711,134500,0.0,0.0
2012-11-26 00:00:00-05:00,77.43573469467762,78.94268672028925,77.14523750142723,78.77928161621094,774000,0.0,0.0
2012-11-27 00:00:00-05:00,78.36166274606194,79.16960797616385,77.88052760071999,77.90776062011719,343000,0.0,0.0
2012-11-28 00:00:00-05:00,76.84067568042683,79.64068577999949,76.02894684415675,79.16641998291016,855600,0.4,0.0
2012-11-29 00:00:00-05:00,79.75013459194388,84.15535733789274,79.68629098572524,82.8055191040039,1278700,0.0,0.0
2012-11-30 00:00:00-05:00,82.65959157302859,83.48044295555964,81.92082880796644,82.08499908447266,586400,0.0,0.0
2012-12-03 00:00:00-05:00,83.0061705304033,83.35274910504262,81.02700486595975,82.49541473388672,578400,0.0,0.0
2012-12-04 00:00:00-05:00,82.67783247669452,83.23418688843637,82.24004277493178,82.94232940673828,319600,0.0,0.0
2012-12-05 00:00:00-05:00,82.93321218657974,83.21594718292741,81.31887691025395,82.3586196899414,425400,0.0,0.0
2012-12-06 00:00:00-05:00,81.87519473302596,82.90582159377331,81.7019089714861,82.53187561035156,221800,0.0,0.0
2012-12-07 00:00:00-05:00,82.84197916540782,83.24327873949966,82.02112805726435,82.90582275390625,277300,0.0,0.0
2012-12-10 00:00:00-05:00,82.50451651179627,83.78139524468853,82.50451651179627,83.48041534423828,270500,0.0,0.0
2012-12-11 00:00:00-05:00,83.66285563197927,85.7788241529773,83.66285563197927,84.26480865478516,569300,0.0,0.0
2012-12-12 00:00:00-05:00,84.71170612302659,85.28630549928702,83.99118149585115,84.36512756347656,369500,0.0,0.0
2012-12-13 00:00:00-05:00,84.34689914060603,85.16774355732757,84.15536135437736,84.57491302490234,326100,0.0,0.0
2012-12-14 00:00:00-05:00,84.30129617459127,85.04005895574734,84.08240478729165,84.95797729492188,397000,0.0,0.0
2012-12-17 00:00:00-05:00,84.96708252815155,87.046567680892,83.38922365927796,86.93711853027344,471300,0.0,0.0
2012-12-18 00:00:00-05:00,86.89150924871409,87.25633277668821,86.50844767563477,86.81855010986328,296000,0.0,0.0
2012-12-19 00:00:00-05:00,87.28371788843722,87.28371788843722,86.19837645925715,86.79121398925781,574400,0.0,0.0
2012-12-20 00:00:00-05:00,86.90064515441716,87.49348260901321,86.58142712761348,87.18338012695312,562300,0.0,0.0
2012-12-21 00:00:00-05:00,86.07067350870312,86.9097628350067,86.05242850336612,86.65438842773438,387400,0.0,0.0
2012-12-24 00:00:00-05:00,86.80031025704736,87.12865075586475,86.21659536102321,87.01008605957031,84900,0.0,0.0
2012-12-26 00:00:00-05:00,87.32018249677688,87.32018249677688,86.64526344566592,86.84591674804688,180100,0.0,0.0
2012-12-27 00:00:00-05:00,86.82765995744302,87.00095268750975,84.71169198411329,86.38987731933594,288700,0.0,0.0
2012-12-28 00:00:00-05:00,85.73320070032842,86.12538476910329,84.82114537372918,85.13124084472656,381600,0.0,0.0
2012-12-31 00:00:00-05:00,85.04005547116883,86.53582598021748,84.83028659647805,85.98859405517578,326600,0.0,0.0
2013-01-02 00:00:00-05:00,89.4817708374015,89.4817708374015,88.25961277832624,88.46026611328125,466300,0.0,0.0
2013-01-03 00:00:00-05:00,88.79770547733891,88.99835875874997,88.24135118194631,88.42375946044922,415700,0.0,0.0
2013-01-04 00:00:00-05:00,88.63355588094925,89.28111446637229,88.35993644105494,89.0531005859375,358800,0.0,0.0
2013-01-07 00:00:00-05:00,91.23289310228708,91.23289310228708,88.80682955468451,89.17164611816406,239600,0.0,0.0
2013-01-08 00:00:00-05:00,89.17163564786357,89.73711238834792,88.25958042939602,88.88890075683594,423100,0.0,0.0
2013-01-09 00:00:00-05:00,89.50910422135453,89.67327444935593,88.87978385427763,89.41790008544922,312900,0.0,0.0
2013-01-10 00:00:00-05:00,89.73714292648755,89.87395264750076,89.15342794470061,89.7645034790039,353600,0.0,0.0
2013-01-11 00:00:00-05:00,89.4635266934429,89.74626864926029,88.98013835916481,89.60945892333984,232300,0.0,0.0
2013-01-14 00:00:00-05:00,89.60033200255315,89.76450227387863,88.85244675727732,89.45440673828125,149500,0.0,0.0
2013-01-15 00:00:00-05:00,89.02574318476702,90.27526179881264,88.79772929626151,90.24789428710938,214900,0.0,0.0
2013-01-16 00:00:00-05:00,90.08370998667965,90.08370998667965,88.77947046910788,89.1078109741211,242300,0.0,0.0
2013-01-17 00:00:00-05:00,89.38142861215428,90.3117220523265,89.13517671748325,89.33582305908203,331300,0.0,0.0
2013-01-18 00:00:00-05:00,89.38142395019531,90.09282600706234,89.04396096698117,89.38142395019531,276600,0.0,0.0
2013-01-22 00:00:00-05:00,89.38145362772825,90.84986377971552,89.35409307159955,89.98341369628906,241700,0.0,0.0
2013-01-23 00:00:00-05:00,89.7280318458475,90.6127269348051,89.4361743177985,89.74627685546875,385700,0.0,0.0
2013-01-24 00:00:00-05:00,89.95601896075758,91.54300032032022,89.90129786505896,90.50325775146484,202200,0.0,0.0
2013-01-25 00:00:00-05:00,90.58532561353984,91.05047573150189,90.32082876051943,90.61268615722656,445400,0.0,0.0
2013-01-28 00:00:00-05:00,90.74039482858704,90.99576924139697,89.86482243105408,90.53974151611328,176100,0.0,0.0
2013-01-29 00:00:00-05:00,90.59444936668125,92.89282552772055,90.37555109730279,92.637451171875,307800,0.0,0.0
2013-01-30 00:00:00-05:00,92.58272511539367,92.90194304307013,91.1234381899949,91.26936340332031,299100,0.0,0.0
2013-01-31 00:00:00-05:00,90.82246389725752,91.30585206870933,89.91040864291695,90.0472183227539,351200,0.0,0.0
2013-02-01 00:00:00-05:00,90.75864302878722,91.2785143755715,89.66417227452534,89.70977783203125,245300,0.0,0.0
2013-02-04 00:00:00-05:00,89.28110538884185,90.13843971880645,88.7794721195156,88.9801254272461,208500,0.0,0.0
2013-02-05 00:00:00-05:00,89.06220897173755,89.63680135431586,88.25048024273613,89.46350860595703,423300,0.0,0.0
2013-02-06 00:00:00-05:00,88.90718419261717,90.61272373506382,88.22314248305437,90.47591400146484,275300,0.0,0.0
2013-02-07 00:00:00-05:00,90.18402991938171,90.3938057102335,87.85829296698968,88.80683135986328,232700,0.0,0.0
2013-02-08 00:00:00-05:00,89.33583568727033,89.85570705700114,88.89805293298726,89.62769317626953,125500,0.0,0.0
2013-02-11 00:00:00-05:00,93.45831957440657,93.45831957440657,87.98598707937052,89.44527435302734,408200,0.0,0.0
2013-02-12 00:00:00-05:00,89.29020955254137,90.44851664777106,88.04069136639986,89.77359771728516,418900,0.0,0.0
2013-02-13 00:00:00-05:00,90.06547621511504,91.20554553429372,89.75538070034528,90.7768783569336,429500,0.0,0.0
2013-02-14 00:00:00-05:00,90.88632139290253,91.61596153295689,90.48501479289284,91.5247573852539,488800,0.0,0.0
2013-02-15 00:00:00-05:00,91.28762867286052,92.99317490718069,91.21466952365162,92.1996841430664,283600,0.0,0.0
2013-02-19 00:00:00-05:00,92.60097380946569,93.87785262547882,92.49153162648982,93.06612396240234,523800,0.0,0.0
2013-02-20 00:00:00-05:00,92.96582399492299,93.00230705252544,89.5820986846534,89.9469223022461,413900,0.0,0.0
2013-02-21 00:00:00-05:00,89.6276912571542,89.94691625008831,88.42377827100685,89.28111267089844,443100,0.0,0.0
2013-02-22 00:00:00-05:00,90.01986294270142,91.41531351484359,89.0895695197036,89.46350860595703,435900,0.0,0.0
2013-02-25 00:00:00-05:00,89.82832676511632,89.82832676511632,86.20746602142432,86.30779266357422,374700,0.0,0.0
2013-02-26 00:00:00-05:00,87.42051972107637,87.7853433187627,85.72409590650162,87.02833557128906,554100,0.0,0.0
2013-02-27 00:00:00-05:00,87.0741325798221,88.81433438162406,87.0741325798221,88.09993743896484,334400,0.4,0.0
2013-02-28 00:00:00-05:00,88.45710807612264,90.06907764904626,88.11822453582076,88.96084594726562,408600,0.0,0.0
2013-03-01 00:00:00-05:00,88.06330128825887,90.93921088687841,87.90760082302015,90.14237976074219,377800,0.0,0.0
2013-03-04 00:00:00-05:00,89.84012314450459,90.82013734944141,89.84012314450459,90.5911636352539,262400,0.0,0.0
2013-03-05 00:00:00-05:00,91.17733008174406,93.52201853230096,90.91171975137273,92.94500732421875,281900,0.0,0.0
2013-03-06 00:00:00-05:00,93.26556900707622,94.2822127924156,92.94500722515001,93.52201843261719,301000,0.0,0.0
2013-03-07 00:00:00-05:00,93.38461793375254,94.87752370180176,93.05489529982287,94.7126693725586,470700,0.0,0.0
2013-03-08 00:00:00-05:00,95.38131399267759,96.15066950091935,94.94168826316084,96.05907440185547,1041900,0.0,0.0
2013-03-11 00:00:00-04:00,95.83006993998829,96.85587462655421,95.05156076133832,95.9033432006836,621000,0.0,0.0
2013-03-12 00:00:00-04:00,95.96744340625344,96.0773532833805,95.02407300434221,95.18893432617188,437500,0.0,0.0
2013-03-13 00:00:00-04:00,95.30800404303686,96.40708191945775,95.08819126284159,95.98577117919922,416600,0.0,0.0
2013-03-14 00:00:00-04:00,96.31550005130258,97.28634629848564,95.53698388492985,95.9033432006836,623700,0.0,0.0
2013-03-15 00:00:00-04:00,95.66524577680163,96.3155374835495,94.3372006022485,94.85926055908203,1005100,0.0,0.0
2013-03-18 00:00:00-04:00,94.13567893673725,96.15980587522002,94.13567893673725,95.16148376464844,424200,0.0,0.0
2013-03-19 00:00:00-04:00,95.39961286599706,96.2055978347721,94.08988292441052,94.32801055908203,358400,0.0,0.0
2013-03-20 00:00:00-04:00,95.05154902550514,95.05154902550514,94.30051566541387,94.57528686523438,448200,0.0,0.0
2013-03-21 00:00:00-04:00,94.11736667600367,94.529516606914,93.66857312097592,93.90670776367188,395700,0.0,0.0
2013-03-22 00:00:00-04:00,94.4379100417652,95.17978256741473,93.87921367453797,94.04407501220703,1098500,0.0,0.0
2013-03-25 00:00:00-04:00,94.30054702753498,94.89588016665849,92.78931890136734,93.27474212646484,430300,0.0,0.0
2013-03-26 00:00:00-04:00,93.60444844799349,93.88838059578363,92.77098778971899,93.42127227783203,551300,0.0,0.0
2013-03-27 00:00:00-04:00,97.60691962030324,97.60691962030324,91.65360274549064,93.3846435546875,255200,0.0,0.0
2013-03-28 00:00:00-04:00,93.46710369611709,94.00747848538568,92.61532091942085,93.43962097167969,339900,0.0,0.0
2013-04-01 00:00:00-04:00,93.38461958132889,93.78761547162442,92.8533989964342,93.33882904052734,278200,0.0,0.0
2013-04-02 00:00:00-04:00,93.42127129989309,93.55865691993752,92.09322661081711,92.34051513671875,276600,0.0,0.0
2013-04-03 00:00:00-04:00,92.24893348306726,92.57865619906896,89.26311421604004,89.91339874267578,546500,0.0,0.0
2013-04-04 00:00:00-04:00,90.09659256142429,90.50874251128356,89.39134950694161,89.42798614501953,283700,0.0,0.0
2013-04-05 00:00:00-04:00,88.39301485507721,90.65527627628701,88.13656541242922,90.55452728271484,297700,0.0,0.0
2013-04-08 00:00:00-04:00,90.6277903657695,91.25976003267454,89.97750587691667,91.07658386230469,204500,0.0,0.0
2013-04-09 00:00:00-04:00,91.10407528240792,91.33304902867405,89.79434517425663,90.65528869628906,278100,0.0,0.0
2013-04-10 00:00:00-04:00,90.9208869883593,91.68108146033852,90.75602562079422,91.51622009277344,239300,0.0,0.0
2013-04-11 00:00:00-04:00,91.48873079559267,92.31303751117858,91.31470854793488,91.75434112548828,305400,0.0,0.0
2013-04-12 00:00:00-04:00,91.41544573332241,91.98330295024506,90.17898931342684,90.42628479003906,181500,0.0,0.0
2013-04-15 00:00:00-04:00,89.75771550675294,89.80351305465241,85.48048727139324,85.6911392211914,394200,0.0,0.0
2013-04-16 00:00:00-04:00,87.01915680224246,89.97749274967545,87.0099958987436,89.85842895507812,310000,0.0,0.0
2013-04-17 00:00:00-04:00,88.74104823852274,89.11656846750837,87.06495904676702,88.42048645019531,302100,0.0,0.0
2013-04-18 00:00:00-04:00,89.01582991682848,89.26311847175782,86.11243769651755,86.58870697021484,290100,0.0,0.0
2013-04-19 00:00:00-04:00,87.35804163565516,89.01581593976759,86.53374192350455,87.0191650390625,383800,0.0,0.0
2013-04-22 00:00:00-04:00,87.28475496726077,87.36718212412526,85.20567038854593,87.14736938476562,261400,0.0,0.0
2013-04-23 00:00:00-04:00,87.81600484273942,88.73189978807025,87.63282864876281,88.52124786376953,197200,0.0,0.0
2013-04-24 00:00:00-04:00,88.55787037912086,90.77433411634166,88.15487443136334,90.33470153808594,300000,0.0,0.0
2013-04-25 00:00:00-04:00,90.77433760920988,91.49789536701473,89.62946906604834,89.77600860595703,335200,0.0,0.0
2013-04-26 00:00:00-04:00,89.17151678613752,90.05993584521984,87.6419741729353,88.55786895751953,190300,0.0,0.0
2013-04-29 00:00:00-04:00,89.24477613563766,90.71020616501563,88.55785515426786,90.17898559570312,467300,0.0,0.0
2013-04-30 00:00:00-04:00,89.75768486437333,94.08070917179505,88.84179012085932,92.49620819091797,719600,0.0,0.0
2013-05-01 00:00:00-04:00,92.19399550732216,92.74353111843939,90.51790595384885,91.09491729736328,503100,0.0,0.0
2013-05-02 00:00:00-04:00,91.33301147639114,94.85920432152307,91.33301147639114,94.38294219970703,276500,0.0,0.0
2013-05-03 00:00:00-04:00,94.895870789806,99.31048391163283,94.895870789806,97.72598266601562,376200,0.0,0.0
2013-05-06 00:00:00-04:00,97.56111990089121,98.4129024219248,96.77345672990731,97.90916442871094,213500,0.0,0.0
2013-05-07 00:00:00-04:00,98.12898225522287,99.37459991921901,97.72598624989361,99.35628509521484,341500,0.0,0.0
2013-05-08 00:00:00-04:00,99.2830023983726,100.51945903912242,98.8067331667935,99.69515228271484,303200,0.0,0.0
2013-05-09 00:00:00-04:00,100.18974601825234,100.61105684830163,97.96412105474333,98.51365661621094,369800,0.0,0.0
2013-05-10 00:00:00-04:00,98.7884026711764,98.95326399630171,98.06484502133318,98.34877014160156,245800,0.0,0.0
2013-05-13 00:00:00-04:00,98.09231085527502,98.27549396901483,97.44202652387159,97.99156188964844,260000,0.0,0.0
2013-05-14 00:00:00-04:00,97.99158550427335,99.38374955330316,97.76261179771004,98.91664123535156,1215900,0.0,0.0
2013-05-15 00:00:00-04:00,98.88919927485681,100.53780633240476,98.55947646580213,100.28135681152344,517900,0.0,0.0
2013-05-16 00:00:00-04:00,100.19890100728782,101.08732015659824,100.14394256297975,100.67516326904297,545300,0.0,0.0
2013-05-17 00:00:00-04:00,101.06898808983667,102.14974421524597,100.85833620248924,101.58189392089844,489100,0.0,0.0
2013-05-20 00:00:00-04:00,101.33460631580942,102.84583422585827,101.3254454106863,102.66265106201172,458500,0.0,0.0
2013-05-21 00:00:00-04:00,102.50696171704698,103.48696903967962,101.93911131692136,102.56192016601562,281500,0.0,0.0
2013-05-22 00:00:00-04:00,102.02152373183179,104.09144798749934,98.78841612604396,99.53028869628906,534900,0.0,0.0
2013-05-23 00:00:00-04:00,98.1289990408335,99.2005946153366,97.4329168183018,99.13648223876953,543900,0.0,0.0
2013-05-24 00:00:00-04:00,98.69682278747402,100.26300201224407,97.77176710931536,99.11813354492188,402900,0.0,0.0
2013-05-28 00:00:00-04:00,100.83086343975766,101.49946977313985,100.15310318878582,100.71179962158203,519600,0.0,0.0
2013-05-29 00:00:00-04:00,100.05237036682139,100.65686443617479,98.80675257638818,100.21723175048828,501900,0.0,0.0
2013-05-30 00:00:00-04:00,100.5297547808363,101.83509555366541,99.82192431029252,101.63285827636719,329400,0.4,0.0
2013-05-31 00:00:00-04:00,101.01697776551642,101.98219876399004,100.14368791993535,100.2264175415039,411200,0.0,0.0
2013-06-03 00:00:00-04:00,100.17126215524316,100.88828024578598,98.25001472047077,99.91387176513672,421900,0.0,0.0
2013-06-04 00:00:00-04:00,99.94143644811614,101.24677727928477,97.67087475519864,98.34193420410156,487700,0.0,0.0
2013-06-05 00:00:00-04:00,97.7535943233908,98.18564538829892,96.22763434268103,96.25521087646484,253300,0.0,0.0
2013-06-06 00:00:00-04:00,96.23684950240623,97.93747057969887,95.30839959014338,97.92827606201172,459300,0.0,0.0
2013-06-07 00:00:00-04:00,98.30513348689226,99.07730433259692,97.22041228933631,98.00177764892578,223000,0.0,0.0
2013-06-10 00:00:00-04:00,98.29598363442959,100.62169875549141,97.02741366294924,100.21722412109375,376200,0.0,0.0
2013-06-11 00:00:00-04:00,98.23161333621306,99.98738715885676,97.5697484559048,98.56254577636719,205900,0.0,0.0
2013-06-12 00:00:00-04:00,99.59212471708547,99.9874048118705,97.44107048967064,97.82715606689453,139800,0.0,0.0
2013-06-13 00:00:00-04:00,98.22243440311432,100.7320046368625,97.80877229397517,100.65846252441406,268700,0.0,0.0
2013-06-14 00:00:00-04:00,100.75956717548549,101.32031343160767,100.04254921214522,100.59410095214844,197400,0.0,0.0
2013-06-17 00:00:00-04:00,101.68803247534328,101.8994572848758,100.33672594706466,100.925048828125,188000,0.0,0.0
2013-06-18 00:00:00-04:00,101.14566834104627,101.15486285858779,100.02417565528859,100.8698959350586,139300,0.0,0.0
2013-06-19 00:00:00-04:00,100.84232180751027,101.43983926303927,99.36231994628906,99.36231994628906,323600,0.0,0.0
2013-06-20 00:00:00-04:00,97.85473367363618,98.1672841538663,95.94268778841999,96.54939270019531,392500,0.0,0.0
2013-06-21 00:00:00-04:00,97.28479370999541,97.28479370999541,92.90913635508423,93.00106048583984,599100,0.0,0.0
2013-06-24 00:00:00-04:00,91.57619530999364,91.57619530999364,89.29643958300655,90.13296508789062,623900,0.0,0.0
2013-06-25 00:00:00-04:00,91.25447140505081,92.04503153156949,90.36279964687174,91.64056396484375,366600,0.0,0.0
2013-06-26 00:00:00-04:00,92.68851523712821,92.91832906623146,91.03385286224025,91.3555908203125,336700,0.0,0.0
2013-06-27 00:00:00-04:00,92.18292530334075,92.77124816580897,91.47510177027677,92.49547576904297,262500,0.0,0.0
2013-06-28 00:00:00-04:00,92.42193017613752,92.86316879968531,90.36280023507113,90.47310638427734,435800,0.0,0.0
2013-07-01 00:00:00-04:00,91.28208669333847,93.45153053714337,91.14419694642402,92.07264709472656,464400,0.0,0.0
2013-07-02 00:00:00-04:00,91.95311869820763,93.26765423159722,89.76529331966483,90.06864929199219,220000,0.0,0.0
2013-07-03 00:00:00-04:00,88.79086566531033,89.87558719501587,88.58863539143415,88.82763671875,354900,0.0,0.0
2013-07-05 00:00:00-04:00,89.97670981513932,90.09621749744018,88.64379238250964,89.35161590576172,430900,0.0,0.0
2013-07-08 00:00:00-04:00,90.44552240376643,91.05223422791714,89.48030159747607,90.0318603515625,480700,0.0,0.0
2013-07-09 00:00:00-04:00,90.50987830435385,93.48826358856002,90.01347958809255,93.01025390625,487700,0.0,0.0
2013-07-10 00:00:00-04:00,92.88157198750821,95.68529691641675,92.67014014704083,95.29002380371094,614100,0.0,0.0
2013-07-11 00:00:00-04:00,97.11012652745148,97.35832937876846,95.63931949258459,96.53099822998047,390700,0.0,0.0
2013-07-12 00:00:00-04:00,96.91707593622733,97.35832151774038,95.74962491907337,96.97222900390625,290600,0.0,0.0
2013-07-15 00:00:00-04:00,96.91708596294598,98.34193447451965,96.18167892212836,96.51261138916016,225500,0.0,0.0
2013-07-16 00:00:00-04:00,96.47583647766898,97.21124348907733,95.0601895527536,95.38192749023438,195300,0.0,0.0
2013-07-17 00:00:00-04:00,95.58417778561383,96.88032422836194,95.2164742298361,96.33796691894531,313200,0.0,0.0
2013-07-18 00:00:00-04:00,96.06215463261931,97.83631719488532,96.06215463261931,97.45941925048828,195300,0.0,0.0
2013-07-19 00:00:00-04:00,97.248003859956,98.2132175663861,97.1744617642203,97.8363265991211,148200,0.0,0.0
2013-07-22 00:00:00-04:00,97.7535861121765,98.26837374855498,97.07333928699352,97.25719451904297,192000,0.0,0.0
2013-07-23 00:00:00-04:00,97.57894234744332,98.00179890418761,96.91707747137028,97.01819610595703,241500,0.0,0.0
2013-07-24 00:00:00-04:00,97.35833058819594,97.35833058819594,95.53820203825194,96.30118560791016,239200,0.0,0.0
2013-07-25 00:00:00-04:00,96.17248031980232,96.34713403648517,93.77322371739405,94.21446228027344,283900,0.0,0.0
2013-07-26 00:00:00-04:00,93.62616873578236,95.28083139629895,93.62616873578236,94.94070434570312,173000,0.0,0.0
2013-07-29 00:00:00-04:00,94.44427612899626,94.68328444181363,93.04701132796656,93.22167205810547,238800,0.0,0.0
2013-07-30 00:00:00-04:00,90.28926152810627,94.68330097551156,87.91758104376528,92.49547576904297,1041200,0.0,0.0
2013-07-31 00:00:00-04:00,92.68851024532545,93.51584138821295,91.2636617762769,91.55782318115234,564300,0.0,0.0
2013-08-01 00:00:00-04:00,93.47908916391181,95.3727531508724,91.557841622165,93.58020782470703,672700,0.0,0.0
2013-08-02 00:00:00-04:00,93.3779546185862,94.07658359368438,92.55062344980011,93.02863311767578,237500,0.0,0.0
2013-08-05 00:00:00-04:00,92.96430000747401,92.96430000747401,91.75088310870845,92.76206970214844,309800,0.0,0.0
2013-08-06 00:00:00-04:00,92.10939263999694,92.10939263999694,90.96032333553909,91.31883239746094,214200,0.0,0.0
2013-08-07 00:00:00-04:00,91.0062608277353,91.58538905364755,90.30762494248857,90.85917663574219,348500,0.0,0.0
2013-08-08 00:00:00-04:00,91.64975725969596,92.19212157302701,90.14217901929382,90.76727294921875,508700,0.0,0.0
2013-08-09 00:00:00-04:00,90.70290034061398,91.71407956251078,89.58140798031828,91.17172241210938,279700,0.0,0.0
2013-08-12 00:00:00-04:00,90.75807307974829,92.43111733875443,90.28005642668315,90.91434478759766,314800,0.0,0.0
2013-08-13 00:00:00-04:00,90.91432371783709,91.06140087544462,90.05022174680524,90.3995361328125,285000,0.0,0.0
2013-08-14 00:00:00-04:00,90.54662160942169,90.7212823116235,89.76525622663155,90.11457061767578,227900,0.0,0.0
2013-08-15 00:00:00-04:00,88.99309015546795,89.04825023437617,87.6142074098878,87.9267578125,410000,0.0,0.0
2013-08-16 00:00:00-04:00,88.00950920893045,88.74491632739557,87.6050416058005,88.4875259399414,236800,0.0,0.0
2013-08-19 00:00:00-04:00,88.28528207165091,89.3148505583275,87.89919651915775,88.86441040039062,284300,0.0,0.0
2013-08-20 00:00:00-04:00,88.71734379306554,91.70492394999542,88.42318233507154,90.77647399902344,338800,0.0,0.0
2013-08-21 00:00:00-04:00,90.46389530772132,90.89593930179964,88.45991896345302,89.48028564453125,401700,0.0,0.0
2013-08-22 00:00:00-04:00,89.8572009528414,91.07981212215832,89.6733527076429,90.5190658569336,135500,0.0,0.0
2013-08-23 00:00:00-04:00,90.8683939516474,91.72330174537883,88.6254155678298,89.42516326904297,153800,0.0,0.0
2013-08-26 00:00:00-04:00,89.39757385960337,89.40676837592643,88.4507420657988,88.96552276611328,232000,0.0,0.0
2013-08-27 00:00:00-04:00,87.86242028461811,89.03906590667165,87.66018300332244,88.40477752685547,244400,0.0,0.0
2013-08-28 00:00:00-04:00,88.36801434923298,89.74689737545856,87.95435224671,88.51509857177734,149900,0.0,0.0
2013-08-29 00:00:00-04:00,88.51509524037562,89.55818435440528,87.71200444401245,87.96124267578125,242000,0.4,0.0
2013-08-30 00:00:00-04:00,87.91509590751625,88.81972727088254,87.1766280803409,88.66280364990234,529100,0.0,0.0
2013-09-03 00:00:00-04:00,89.3366509737399,90.2966654392775,87.01046722300423,87.77662658691406,588300,0.0,0.0
2013-09-04 00:00:00-04:00,87.4443095393075,88.28431768819812,87.38891935619264,87.61046600341797,385300,0.0,0.0
2013-09-05 00:00:00-04:00,87.8320037130957,87.99816017362143,87.00122141046707,87.61968994140625,424900,0.0,0.0
2013-09-06 00:00:00-04:00,88.312009258447,88.9858679858442,87.2596873332864,87.61046600341797,579000,0.0,0.0
2013-09-09 00:00:00-04:00,87.69356118993005,89.43820094914128,87.66586961321538,89.29973602294922,436500,0.0,0.0
2013-09-10 00:00:00-04:00,90.21358760217015,91.93052850018849,89.48434566672859,91.6812973022461,376700,0.0,0.0
2013-09-11 00:00:00-04:00,91.85667299195741,92.7705299719876,91.71820810586394,92.15206146240234,243000,0.0,0.0
2013-09-12 00:00:00-04:00,91.96745624706662,92.38285098204304,91.62591744660858,92.23515319824219,319400,0.0,0.0
2013-09-13 00:00:00-04:00,91.99515521960505,92.19822910919038,90.13050942630008,91.7551498413086,236600,0.0,0.0
2013-09-16 00:00:00-04:00,92.5213129144,92.66900365082707,90.91513125906764,91.2012939453125,386700,0.0,0.0
2013-09-17 00:00:00-04:00,91.09051506223106,91.38590355970926,90.50897093855696,90.80435943603516,303900,0.0,0.0
2013-09-18 00:00:00-04:00,90.9058932831508,91.40435561427898,90.24126745149086,91.2751235961914,613300,0.0,0.0
2013-09-19 00:00:00-04:00,91.48746883340723,92.22594379873459,90.2505243228768,90.60130310058594,420600,0.0,0.0
2013-09-20 00:00:00-04:00,91.25666516951323,91.35820561868701,88.7920169052774,88.82894134521484,590200,0.0,0.0
2013-09-23 00:00:00-04:00,87.76738781297152,88.98586617748079,87.76738781297152,88.86585998535156,284100,0.0,0.0
2013-09-24 00:00:00-04:00,88.89356263669035,90.23204021152802,88.14585500810615,88.74586486816406,235300,0.0,0.0
2013-09-25 00:00:00-04:00,88.75512302159044,90.46283846157593,88.12742141178494,89.64128875732422,166000,0.0,0.0
2013-09-26 00:00:00-04:00,89.89974429463177,90.8689917168845,89.0874275418024,89.78897094726562,177500,0.0,0.0
2013-09-27 00:00:00-04:00,89.51202842311373,89.77972533831054,88.7920194303995,89.48433685302734,177900,0.0,0.0
2013-09-30 00:00:00-04:00,88.72741307822237,90.82282427339833,88.63509844439564,90.61974334716797,486900,0.0,0.0
2013-10-01 00:00:00-04:00,90.8320505305881,92.38284189486463,90.4997375923419,92.0043716430664,610200,0.0,0.0
2013-10-02 00:00:00-04:00,91.00744840493344,91.78284774109572,90.67514245242785,91.76438903808594,221200,0.0,0.0
2013-10-03 00:00:00-04:00,91.7551411280951,91.88437315584005,89.07817890280346,90.41665649414062,520500,0.0,0.0
2013-10-04 00:00:00-04:00,90.28741957334012,90.85050496769166,89.71510835080485,90.3058853149414,222100,0.0,0.0
2013-10-07 00:00:00-04:00,89.45667763259975,90.76746406989187,89.03204992899624,90.33361053466797,225500,0.0,0.0
2013-10-08 00:00:00-04:00,90.39818987243912,90.39818987243912,87.92430877685547,87.92430877685547,350000,0.0,0.0
2013-10-09 00:00:00-04:00,87.78584279294775,88.69047393920107,86.77967824301882,87.49968719482422,402900,0.0,0.0
2013-10-10 00:00:00-04:00,88.74585568007468,89.80741039294588,88.26585206729472,89.23509216308594,319300,0.0,0.0
2013-10-11 00:00:00-04:00,89.43817856772093,91.07205161120558,88.48739711114544,90.3058853149414,192400,0.0,0.0
2013-10-14 00:00:00-04:00,89.95510362820917,90.5828050118407,88.93970619538021,90.56434631347656,209400,0.0,0.0
2013-10-15 00:00:00-04:00,90.21357003140093,90.21357003140093,88.25661710316825,88.67200469970703,216600,0.0,0.0
2013-10-16 00:00:00-04:00,88.76432945036778,89.65972075054083,88.59817298425602,88.99510192871094,208600,0.0,0.0
2013-10-17 00:00:00-04:00,88.65357192977926,90.35205429271876,88.44125811310262,89.89974212646484,267300,0.0,0.0
2013-10-18 00:00:00-04:00,90.30589418735929,90.45358492159535,89.83511632691018,90.01050567626953,172100,0.0,0.0
2013-10-21 00:00:00-04:00,90.29665313515798,90.40742645776265,89.45664499391107,89.96434020996094,158300,0.0,0.0
2013-10-22 00:00:00-04:00,90.63819857757716,92.46591261641255,90.63819857757716,92.07821655273438,379500,0.0,0.0
2013-10-23 00:00:00-04:00,92.05050819309864,92.57666905286793,90.37971805012548,90.45355987548828,265900,0.0,0.0
2013-10-24 00:00:00-04:00,90.31511942103864,91.25667513572955,90.27820201968623,90.92436218261719,404600,0.0,0.0
2013-10-25 00:00:00-04:00,91.53359689794125,92.08744942356965,91.06281908197948,92.07821655273438,379200,0.0,0.0
2013-10-28 00:00:00-04:00,92.0782186982888,92.8351521442292,91.3212852523484,91.96744537353516,377200,0.0,0.0
2013-10-29 00:00:00-04:00,92.27209465995254,92.6874894715313,91.43208624818887,91.74593353271484,304000,0.0,0.0
2013-10-30 00:00:00-04:00,91.93052339074978,91.93052339074978,90.4812724722256,91.37667083740234,333300,0.0,0.0
2013-10-31 00:00:00-04:00,91.37666548134432,91.82898459437726,90.25049469806538,90.54588317871094,285600,0.0,0.0
2013-11-01 00:00:00-04:00,92.17051592569929,92.17051592569929,89.44740380898563,91.02588653564453,347000,0.0,0.0
2013-11-04 00:00:00-05:00,91.38590858626539,96.5182866532301,91.38590858626539,94.84749603271484,1315300,0.0,0.0
2013-11-05 00:00:00-05:00,94.41363075055536,94.68132765789501,92.3643701129059,92.47514343261719,444100,0.0,0.0
2013-11-06 00:00:00-05:00,93.06590869784678,93.06590869784678,91.3766527581389,91.8751220703125,384300,0.0,0.0
2013-11-07 00:00:00-05:00,95.89981701817992,97.84753743044055,92.78900126453017,93.17670440673828,911800,0.0,0.0
2013-11-08 00:00:00-05:00,93.04746141034391,93.25976813588782,91.29358925452627,92.95514678955078,683800,0.0,0.0
2013-11-11 00:00:00-05:00,92.8905356559445,93.32438904302266,92.20745109044759,92.73361206054688,251700,0.0,0.0
2013-11-12 00:00:00-05:00,92.32746751261554,92.81671117510597,91.1643790722998,91.76438903808594,387200,0.0,0.0
2013-11-13 00:00:00-05:00,91.55207051524177,93.42594217098065,91.21975753719153,92.7982406616211,498300,0.0,0.0
2013-11-14 00:00:00-05:00,93.09360006618977,94.67208269675021,91.43204273841788,94.4228515625,441900,0.0,0.0
2013-11-15 00:00:00-05:00,90.21359087210392,98.29062855773607,89.37357557234155,94.92134857177734,270300,0.0,0.0
2013-11-18 00:00:00-05:00,95.41058151621243,95.48443040532057,93.23208858584661,93.60132598876953,285400,0.0,0.0
2013-11-19 00:00:00-05:00,93.0566972906136,94.3859490963167,92.86284924271816,93.32439422607422,207900,0.0,0.0
2013-11-20 00:00:00-05:00,93.8967259413322,93.99826641557138,92.3090098451762,92.76132202148438,153000,0.0,0.0
2013-11-21 00:00:00-05:00,92.54898302147426,93.25052618136768,92.40128527668652,92.67821502685547,239300,0.0,0.0
2013-11-22 00:00:00-05:00,92.31825103507614,92.76133037838378,90.82284240551975,91.60746765136719,534100,0.0,0.0
2013-11-25 00:00:00-05:00,91.5058975014632,92.19821491322152,90.40742533045278,90.54588317871094,643900,0.0,0.0
2013-11-26 00:00:00-05:00,90.18587973425873,91.42282385311096,90.07511345436721,90.63819885253906,392700,0.0,0.0
2013-11-27 00:00:00-05:00,95.15205608711422,95.15205608711422,89.65574105198287,90.22112274169922,1839200,0.4,0.0
2013-11-29 00:00:00-05:00,90.23037847047144,90.23037847047144,89.20155693226566,89.49815368652344,285700,0.0,0.0
2013-12-02 00:00:00-05:00,89.31278907632127,91.21286679537216,88.98838746052412,90.69381713867188,500400,0.0,0.0
2013-12-03 00:00:00-05:00,90.3230656362438,90.75869367560874,89.02545922718808,90.1376953125,433500,0.0,0.0
2013-12-04 00:00:00-05:00,89.48889149939812,90.20257501952533,88.51567962780014,89.359130859375,333000,0.0,0.0
2013-12-05 00:00:00-05:00,88.88642863244036,90.09134988889322,88.4137251104054,88.62690734863281,429800,0.0,0.0
2013-12-06 00:00:00-05:00,89.69277477676158,91.01819277564731,89.69277477676158,90.12840270996094,457100,0.0,0.0
2013-12-09 00:00:00-05:00,90.74016419381883,91.63922516075395,90.28600192701525,91.2128677368164,539800,0.0,0.0
2013-12-10 00:00:00-05:00,90.999677234155,91.46311009701554,89.9523215098029,89.97085571289062,350900,0.0,0.0
2013-12-11 00:00:00-05:00,89.70205220923006,90.05426566518953,88.71957692981341,89.28496551513672,520900,0.0,0.0
2013-12-12 00:00:00-05:00,88.97912111177679,89.97086728297812,88.51568818931962,89.47962951660156,453900,0.0,0.0
2013-12-13 00:00:00-05:00,89.90596771240234,90.53623663489263,89.45180552560637,89.90596771240234,566700,0.0,0.0
2013-12-16 00:00:00-05:00,90.11917392985907,90.2303933113586,88.54349766816865,88.65472412109375,543700,0.0,0.0
2013-12-17 00:00:00-05:00,88.29324327578728,88.91424170113291,87.81126907147032,88.09860229492188,646800,0.0,0.0
2013-12-18 00:00:00-05:00,88.12639967590519,89.82256574306328,87.76492258899277,89.53523254394531,1074900,0.0,0.0
2013-12-19 00:00:00-05:00,89.4425536738379,89.72987982174755,88.92351106563335,88.96058654785156,954100,0.0,0.0
2013-12-20 00:00:00-05:00,89.53524083585404,89.5815869575143,88.93277661139723,89.13668823242188,799900,0.0,0.0
2013-12-23 00:00:00-05:00,89.89668486891105,90.13767188428127,88.86786357526354,89.6186294555664,567200,0.0,0.0
2013-12-24 00:00:00-05:00,89.62791111864259,90.24891651717141,89.43327016856908,90.11915588378906,211300,0.0,0.0
2013-12-26 00:00:00-05:00,90.31380409647939,91.18505312333346,90.29526282083424,90.84211730957031,141300,0.0,0.0
2013-12-27 00:00:00-05:00,90.97186356577096,91.90799983790407,90.8050274684742,91.8153076171875,228300,0.0,0.0
2013-12-30 00:00:00-05:00,92.07483884092404,93.44660324194317,91.58360113216008,92.8441390991211,384500,0.0,0.0
2013-12-31 00:00:00-05:00,93.3353790717036,93.88223354647258,92.51046911218178,92.63096618652344,297900,0.0,0.0
2014-01-02 00:00:00-05:00,92.26023864746094,92.85343229705013,91.51874304976138,92.26023864746094,393200,0.0,0.0
2014-01-03 00:00:00-05:00,92.17681881225606,93.21491125477921,91.87095841337285,92.1119384765625,156200,0.0,0.0
2014-01-06 00:00:00-05:00,92.89049902402999,92.89049902402999,91.41677860722366,91.48165893554688,285400,0.0,0.0
2014-01-07 00:00:00-05:00,92.07484076555063,93.4188003540039,91.69482948290145,93.4188003540039,461100,0.0,0.0
2014-01-08 00:00:00-05:00,93.5670999828136,95.94914481362927,92.96464286801296,95.86573028564453,936500,0.0,0.0
2014-01-09 00:00:00-05:00,95.81936654166125,97.47845687239884,94.6144454622714,97.33016204833984,721800,0.0,0.0
2014-01-10 00:00:00-05:00,97.45994703754694,98.11802095257568,97.30238153777077,98.09947967529297,503600,0.0,0.0
2014-01-13 00:00:00-05:00,98.24775387725467,99.00778338854253,97.08917187398517,97.55260467529297,779000,0.0,0.0
2014-01-14 00:00:00-05:00,97.78433572049347,99.3970801305767,96.75551418179613,99.06340789794922,550400,0.0,0.0
2014-01-15 00:00:00-05:00,99.27659247499717,101.08397788490277,98.94292023448774,100.15711212158203,635300,0.0,0.0
2014-01-16 00:00:00-05:00,100.02737035399377,101.25083310956798,100.02737035399377,100.64836883544922,417800,0.0,0.0
2014-01-17 00:00:00-05:00,100.79664995513012,100.97275670986159,99.91613032432177,100.24053192138672,456000,0.0,0.0
2014-01-21 00:00:00-05:00,100.72250901690572,101.55668968620725,100.2868809411913,101.46400451660156,486800,0.0,0.0
2014-01-22 00:00:00-05:00,101.640102321679,101.71424620796712,100.46297885012014,100.49078369140625,399300,0.0,0.0
2014-01-23 00:00:00-05:00,99.91612684169976,102.24255469343719,99.91612684169976,101.18592834472656,535500,0.0,0.0
2014-01-24 00:00:00-05:00,101.38982879532945,106.58954544766415,94.7812795232867,96.69062042236328,2851300,0.0,0.0
2014-01-27 00:00:00-05:00,96.42184978806326,97.1169991506473,94.46616234894613,95.26326751708984,1157500,0.0,0.0
2014-01-28 00:00:00-05:00,97.30238264203683,101.65864942476276,96.44039709566803,98.94293212890625,4498100,0.0,0.0
2014-01-29 00:00:00-05:00,101.68645655651926,101.68645655651926,97.1448122538471,100.10151672363281,1113400,0.0,0.0
2014-01-30 00:00:00-05:00,101.01909829369511,101.13032473180951,98.35899805947017,99.88832092285156,1065600,0.0,0.0
2014-01-31 00:00:00-05:00,98.10873668486423,102.15914249456642,98.09020248158161,101.03763580322266,1272600,0.0,0.0
2014-02-03 00:00:00-05:00,100.47225419289123,101.02837225893063,96.44038937482438,96.7833251953125,1262800,0.0,0.0
2014-02-04 00:00:00-05:00,97.68235423873811,99.45267073366145,96.85744451148331,98.36823272705078,978900,0.0,0.0
2014-02-05 00:00:00-05:00,97.28382373069759,99.30439125424441,97.09845341791957,98.63704681396484,535400,0.0,0.0
2014-02-06 00:00:00-05:00,98.87804951658272,104.95828725160104,98.87804951658272,104.32801818847656,1702600,0.0,0.0
2014-02-07 00:00:00-05:00,104.68023415333182,104.93048482807808,103.24358921895116,104.30948638916016,790000,0.0,0.0
2014-02-10 00:00:00-05:00,104.22607454766344,107.58133187418579,103.90167287540636,105.46807861328125,1236200,0.0,0.0
2014-02-11 00:00:00-05:00,105.47731108248497,106.71930762721966,105.05094667161116,106.45051574707031,678300,0.0,0.0
2014-02-12 00:00:00-05:00,106.58954913518791,107.9520427642568,106.50613462145243,107.15493774414062,671400,0.0,0.0
2014-02-13 00:00:00-05:00,106.20028921011415,108.13743541350952,105.98710695635872,107.42375183105469,513200,0.0,0.0
2014-02-14 00:00:00-05:00,107.21057320940137,109.83360531188208,106.83056188082213,109.81507110595703,679500,0.0,0.0
2014-02-18 00:00:00-05:00,110.38043168396459,111.25168769586347,108.85110895182588,109.86138916015625,573700,0.0,0.0
2014-02-19 00:00:00-05:00,109.75943163884375,111.76146489299659,107.24762650581928,107.4515380859375,574800,0.0,0.0
2014-02-20 00:00:00-05:00,108.10035203152573,108.61013103275683,107.21983238004434,108.34133911132812,510800,0.0,0.0
2014-02-21 00:00:00-05:00,108.58232219506962,109.42576633620052,108.16522837175104,108.70281219482422,280800,0.0,0.0
2014-02-24 00:00:00-05:00,108.7584147107909,109.46283460249794,108.17449188232422,108.17449188232422,411100,0.0,0.0
2014-02-25 00:00:00-05:00,108.47111539840105,110.05605524252422,107.72962691952813,109.51847839355469,406000,0.0,0.0
2014-02-26 00:00:00-05:00,110.9551052060388,114.00449456784733,109.71310841559988,112.62346649169922,785200,0.0,0.0
2014-02-27 00:00:00-05:00,111.25644699387638,114.27870923539044,111.25644699387638,114.03692626953125,448200,0.4,0.0
2014-02-28 00:00:00-05:00,113.92536293951349,115.02267712359455,112.73505747097407,113.43250274658203,632600,0.0,0.0
2014-03-03 00:00:00-05:00,112.19569553251543,113.71147400951853,112.05620506161549,113.45109558105469,422200,0.0,0.0
2014-03-04 00:00:00-05:00,114.52980462582194,115.32024110096542,112.21428145133667,113.40458679199219,1086100,0.0,0.0
2014-03-05 00:00:00-05:00,112.95824141822902,113.44180036903072,112.1120043858505,112.5583724975586,620300,0.0,0.0
2014-03-06 00:00:00-05:00,112.88381614710202,113.41387415087468,112.1770697771456,112.42815399169922,565100,0.0,0.0
2014-03-07 00:00:00-05:00,112.86523984110012,115.29234982055542,111.87021825872118,115.2365493774414,685800,0.0,0.0
2014-03-10 00:00:00-04:00,114.50192849315297,114.78090947866701,113.12564027139598,114.33454132080078,484000,0.0,0.0
2014-03-11 00:00:00-04:00,114.06483666593464,115.23653944867809,113.20000436736922,113.68356323242188,342700,0.0,0.0
2014-03-12 00:00:00-04:00,112.89312715391033,114.55769715738901,112.75363669986189,114.4646987915039,424400,0.0,0.0
2014-03-13 00:00:00-04:00,115.10636016181097,115.10636016181097,112.25148462413088,112.93962860107422,291400,0.0,0.0
2014-03-14 00:00:00-04:00,112.939635992299,114.52051621467855,112.29799116015965,113.7300796508789,269500,0.0,0.0
2014-03-17 00:00:00-04:00,114.49261277351714,115.3016447085799,114.07414137403448,114.44611358642578,259800,0.0,0.0
2014-03-18 00:00:00-04:00,115.08777029738778,117.56137248808642,114.39032503047491,117.48697662353516,637600,0.0,0.0
2014-03-19 00:00:00-04:00,118.20301058947109,118.80746450244182,117.26378241992519,117.84033966064453,712400,0.0,0.0
2014-03-20 00:00:00-04:00,117.21729048788825,118.38899329268935,116.91041290315397,118.08212280273438,517300,0.0,0.0
2014-03-21 00:00:00-04:00,119.18875022623979,119.57931789081849,116.62215663491081,117.62647247314453,947500,0.0,0.0
2014-03-24 00:00:00-04:00,118.3983060905579,118.3983060905579,114.26013375280344,114.96687316894531,622400,0.0,0.0
2014-03-25 00:00:00-04:00,115.89679763909065,117.94264126388816,115.6178238003318,117.8868408203125,510600,0.0,0.0
2014-03-26 00:00:00-04:00,118.43549101940393,119.02134241459754,116.40825008560513,116.64073181152344,571600,0.0,0.0
2014-03-27 00:00:00-04:00,116.28735375939941,117.48695313525619,115.05054936392499,116.82670593261719,356500,0.0,0.0
2014-03-28 00:00:00-04:00,117.27306414667285,119.78386355809586,117.27306414667285,118.05419921875,585900,0.0,0.0
2014-03-31 00:00:00-04:00,118.8539715936901,119.91408784173231,118.49130061908515,119.35614013671875,602000,0.0,0.0
2014-04-01 00:00:00-04:00,119.73739827718433,120.40694686837205,118.3518090005643,119.1236572265625,760100,0.0,0.0
2014-04-02 00:00:00-04:00,119.10504366892665,119.40261290988424,117.27308646979118,117.99842834472656,933900,0.0,0.0
2014-04-03 00:00:00-04:00,118.58427716329261,119.9512779592572,115.94328812831156,115.96188354492188,1414900,0.0,0.0
2014-04-04 00:00:00-04:00,116.02697708620143,120.89049793241611,116.02697708620143,118.75166320800781,1645200,0.0,0.0
2014-04-07 00:00:00-04:00,118.0821214028819,118.9190499407383,111.85160688862028,113.4975814819336,1427500,0.0,0.0
2014-04-08 00:00:00-04:00,113.66497954058715,115.20865466055749,112.76294922170055,114.31592559814453,1413100,0.0,0.0
2014-04-09 00:00:00-04:00,114.6320903202263,118.20301344503535,114.45540902677283,117.63575744628906,1515100,0.0,0.0
2014-04-10 00:00:00-04:00,117.9147323286115,119.6350885590232,116.76161787834792,117.92402648925781,2138900,0.0,0.0
2014-04-11 00:00:00-04:00,116.4733655581876,118.0077466431797,115.08777620994212,115.69223022460938,602300,0.0,0.0
2014-04-14 00:00:00-04:00,116.43615339820214,117.91474094865539,115.36673597903048,116.28736877441406,573000,0.0,0.0
2014-04-15 00:00:00-04:00,116.28734648279004,117.2079720069153,114.47398500795016,116.22225189208984,640400,0.0,0.0
2014-04-16 00:00:00-04:00,117.0220131122599,117.82175091923574,116.13858527874899,117.48697662353516,444400,0.0,0.0
2014-04-17 00:00:00-04:00,117.4869629844564,117.5892555126442,116.53844065327225,116.75232696533203,555900,0.0,0.0
2014-04-21 00:00:00-04:00,117.05920995437828,118.26811791034757,116.30597134345683,117.85894775390625,913400,0.0,0.0
2014-04-22 00:00:00-04:00,117.41258789424869,119.43982908789899,117.38469121872738,119.05855560302734,715700,0.0,0.0
2014-04-23 00:00:00-04:00,118.9841328129981,118.9841328129981,117.18007962132586,117.94261932373047,402600,0.0,0.0
2014-04-24 00:00:00-04:00,119.13293915204049,119.13293915204049,115.8595923968448,117.76594543457031,454500,0.0,0.0
2014-04-25 00:00:00-04:00,117.31030771964886,117.31030771964886,114.27874331899797,114.97618865966797,432800,0.0,0.0
2014-04-28 00:00:00-04:00,114.43682120457787,114.97618059963335,107.39727367669144,108.69917297363281,1803800,0.0,0.0
2014-04-29 00:00:00-04:00,110.61478282959946,115.75728365883326,107.54602884600568,115.65499114990234,1197000,0.0,0.0
2014-04-30 00:00:00-04:00,115.30164188378664,116.70583358114189,113.76726097950096,115.6178207397461,791800,0.0,0.0
2014-05-01 00:00:00-04:00,115.43182238778068,120.090758096698,115.43182238778068,116.71512603759766,607800,0.0,0.0
2014-05-02 00:00:00-04:00,116.75235887350387,118.89118710474231,116.72445509882533,117.40330505371094,748400,0.0,0.0
2014-05-05 00:00:00-04:00,116.16650198432816,117.27311760230165,115.01339426407881,116.96623992919922,740000,0.0,0.0
2014-05-06 00:00:00-04:00,116.43616655423372,118.1472360371967,115.30165440369595,115.39464569091797,607200,0.0,0.0
2014-05-07 00:00:00-04:00,115.51551443176659,116.19435705912935,113.04190560549542,113.85094451904297,642300,0.0,0.0
2014-05-08 00:00:00-04:00,113.7393696516792,115.05987139012073,111.2657675089597,111.5261459350586,762500,0.0,0.0
2014-05-09 00:00:00-04:00,111.1541639822257,111.59123077124444,109.35940473686367,110.5776138305664,642800,0.0,0.0
2014-05-12 00:00:00-04:00,111.4703285238547,114.80876234394998,110.67988506481448,113.8974380493164,461900,0.0,0.0
2014-05-13 00:00:00-04:00,113.44180012752297,114.58561353367831,111.9725207639186,112.0748062133789,327500,0.0,0.0
2014-05-14 00:00:00-04:00,111.92600648908541,112.30727284323491,110.54971150327623,110.62410736083984,301700,0.0,0.0
2014-05-15 00:00:00-04:00,110.59619098944032,110.59619098944032,107.46233522184974,109.74995422363281,544500,0.0,0.0
2014-05-16 00:00:00-04:00,110.04756019570246,111.85162088572385,109.52680333457468,110.96819305419922,331300,0.0,0.0
2014-05-19 00:00:00-04:00,110.35443997864445,112.34448327385952,110.16845740881847,111.19137573242188,436400,0.0,0.0
2014-05-20 00:00:00-04:00,110.6334096166081,111.33085482431662,107.79712960068164,109.2850112915039,487500,0.0,0.0
2014-05-21 00:00:00-04:00,109.73139092615162,111.19137609790327,109.3687199474527,110.34514617919922,569200,0.0,0.0
2014-05-22 00:00:00-04:00,110.53113577104642,112.69786761870438,110.00107760737026,112.52117919921875,400800,0.0,0.0
2014-05-23 00:00:00-04:00,112.30727131906099,115.16214668761016,112.04689291590148,115.0505599975586,401400,0.0,0.0
2014-05-27 00:00:00-04:00,115.24585519808346,116.42685938487011,115.2179585228115,115.56202697753906,280000,0.0,0.0
2014-05-28 00:00:00-04:00,116.15720007627978,117.12431803860166,114.92968946571095,114.97618865966797,310600,0.0,0.0
2014-05-29 00:00:00-04:00,116.9167112870133,116.9167112870133,113.72603988983481,115.29338836669922,344900,0.4,0.0
2014-05-30 00:00:00-04:00,115.4706323861515,115.54526971566985,113.50212442420919,114.56568145751953,400900,0.0,0.0
2014-06-02 00:00:00-04:00,114.5376588412122,115.91842062516135,113.57672659379219,114.45369720458984,368400,0.0,0.0
2014-06-03 00:00:00-04:00,113.81932032700853,114.41640471667644,112.55051421951237,113.2315673828125,398300,0.0,0.0
2014-06-04 00:00:00-04:00,112.7930819844688,114.49104205228629,112.36392802423002,114.4164047241211,417600,0.0,0.0
2014-06-05 00:00:00-04:00,114.60298472566623,119.36101093053776,114.27645532987096,118.3907470703125,693200,0.0,0.0
2014-06-06 00:00:00-04:00,119.09975982255844,120.37788989254479,118.13882051211056,120.05135345458984,348200,0.0,0.0
2014-06-09 00:00:00-04:00,119.73417746061438,120.8630473588593,118.81056375258426,119.38899230957031,301400,0.0,0.0
2014-06-10 00:00:00-04:00,119.37967810990492,122.03857075517364,118.98784279750903,121.907958984375,378300,0.0,0.0
2014-06-11 00:00:00-04:00,121.236200293203,122.21579539347904,119.94874586927344,120.45252990722656,290100,0.0,0.0
2014-06-12 00:00:00-04:00,120.64848150226528,121.39482628246661,119.33302533839705,119.47296142578125,378700,0.0,0.0
2014-06-13 00:00:00-04:00,119.76218444543073,123.26072934496415,119.36102479671308,123.24208068847656,650400,0.0,0.0
2014-06-16 00:00:00-04:00,122.52370279386221,124.49221786332939,121.6374076433357,122.20650482177734,441000,0.0,0.0
2014-06-17 00:00:00-04:00,122.69163065062601,123.25140352200906,120.9936776158309,121.98259735107422,550300,0.0,0.0
2014-06-18 00:00:00-04:00,122.22512838531668,125.76099816936093,121.58140824551309,125.11726379394531,749300,0.0,0.0
2014-06-19 00:00:00-04:00,125.17327256340832,125.44383467963875,123.84849191000832,125.07998657226562,264200,0.0,0.0
2014-06-20 00:00:00-04:00,124.99597066618477,125.91026704180729,123.83912794410044,125.86361694335938,654000,0.0,0.0
2014-06-23 00:00:00-04:00,126.85255200680174,127.21640004249969,124.54817636884376,124.83738708496094,602600,0.0,0.0
2014-06-24 00:00:00-04:00,124.1190277094621,124.61350178041388,122.21582569513197,122.57967376708984,672900,0.0,0.0
2014-06-25 00:00:00-04:00,122.60765332699884,123.05546302552656,121.87063290159666,122.15050506591797,449100,0.0,0.0
2014-06-26 00:00:00-04:00,122.50507420502886,122.62636167827593,120.6391831611978,121.40420532226562,368700,0.0,0.0
2014-06-27 00:00:00-04:00,120.76045379385558,123.70856464852984,120.76045379385558,123.36336517333984,760400,0.0,0.0
2014-06-30 00:00:00-04:00,125.01463641963761,125.01463641963761,121.3201677662538,123.19539642333984,4975900,0.0,0.0
2014-07-01 00:00:00-04:00,124.36161257191931,125.61175586978435,123.1487808227539,123.1487808227539,18481700,0.0,0.0
2014-07-02 00:00:00-04:00,121.2828851769496,121.2828851769496,117.83099052288252,118.54002380371094,2402900,0.0,0.0
2014-07-03 00:00:00-04:00,119.27705370358801,120.21933043789932,117.952273102276,118.17617797851562,1103800,0.0,0.0
2014-07-07 00:00:00-04:00,117.27119054499306,117.94291212331952,116.09568490072768,116.80471801757812,1463000,0.0,0.0
2014-07-08 00:00:00-04:00,116.40355604413271,118.8105560907407,116.263619974521,117.94291687011719,1435700,0.0,0.0
2014-07-09 00:00:00-04:00,118.1015397496028,119.23040980370752,117.2898819102248,119.2024154663086,1415300,0.0,0.0
2014-07-10 00:00:00-04:00,118.80126539362627,120.90973113635938,118.39077425229686,120.62984466552734,1269800,0.0,0.0
2014-07-11 00:00:00-04:00,122.53303085498692,122.53303085498692,119.18376068363443,120.4618911743164,905800,0.0,0.0
2014-07-14 00:00:00-04:00,120.7324660751045,120.97502675115734,119.71555901875381,120.83509063720703,609000,0.0,0.0
2014-07-15 00:00:00-04:00,120.70447885231444,121.38552499956747,120.58319139647956,120.83509063720703,663300,0.0,0.0
2014-07-16 00:00:00-04:00,121.2828743445713,121.2828743445713,119.93943099721014,121.04031372070312,860500,0.0,0.0
2014-07-17 00:00:00-04:00,120.10737767131054,121.15227180514842,119.31436850755615,119.57559204101562,574500,0.0,0.0
2014-07-18 00:00:00-04:00,119.54763629291845,122.80362122615055,119.0345134186815,121.76805114746094,1164100,0.0,0.0
2014-07-21 00:00:00-04:00,120.97500482596514,121.40416589032759,119.0438085075628,119.29570770263672,697200,0.0,0.0
2014-07-22 00:00:00-04:00,120.9283915895848,121.46950168980543,120.72314243999703,121.34822845458984,704100,0.0,0.0
2014-07-23 00:00:00-04:00,120.91905818034017,122.94354806234217,120.48989701734725,122.79427337646484,592200,0.0,0.0
2014-07-24 00:00:00-04:00,122.56101348178842,123.76452083158132,121.85198021345866,123.05547332763672,849800,0.0,0.0
2014-07-25 00:00:00-04:00,122.36510416314293,122.98085145352975,121.28288424105972,122.11320495605469,638300,0.0,0.0
2014-07-28 00:00:00-04:00,121.96394211357338,122.83158869510848,119.98610251895884,120.20067596435547,885900,0.0,0.0
2014-07-29 00:00:00-04:00,123.2700615204015,123.82982013394819,120.37792552575809,120.50853729248047,1653200,0.0,0.0
2014-07-30 00:00:00-04:00,121.46947012453126,123.2047488792652,119.23973152035944,119.91145324707031,1161400,0.0,0.0
2014-07-31 00:00:00-04:00,119.17442050276495,119.33302659982209,115.36800941172956,115.89978790283203,1634400,0.0,0.0
2014-08-01 00:00:00-04:00,115.68521682405566,118.40941538292893,115.3493559477225,117.31787109375,1034000,0.0,0.0
2014-08-04 00:00:00-04:00,117.64438529831864,118.48403738048185,116.99132652208439,118.25080108642578,525400,0.0,0.0
2014-08-05 00:00:00-04:00,117.49513018124505,119.75285603789565,117.42049285099026,118.11087036132812,855400,0.0,0.0
2014-08-06 00:00:00-04:00,117.16858916011395,118.56800701874117,117.16858916011395,117.65372467041016,470600,0.0,0.0
2014-08-07 00:00:00-04:00,118.31610356869905,119.08111830653682,116.75808687738899,117.35517120361328,609800,0.0,0.0
2014-08-08 00:00:00-04:00,117.47647036751806,118.81058243009237,117.24323404271702,118.58667755126953,840600,0.0,0.0
2014-08-11 00:00:00-04:00,119.0624600993802,119.24904627833027,117.50443632214049,117.55108642578125,858800,0.0,0.0
2014-08-12 00:00:00-04:00,117.17793343614476,118.19484755935623,116.37559987325396,117.1686019897461,579000,0.0,0.0
2014-08-13 00:00:00-04:00,117.98025183261625,118.22281958314262,117.36451168781194,118.01757049560547,546900,0.0,0.0
2014-08-14 00:00:00-04:00,118.4374025208273,119.00649972100773,117.5977574483846,118.93186950683594,622200,0.0,0.0
2014-08-15 00:00:00-04:00,119.15579588829125,119.41701947955333,117.5044784298275,118.35346221923828,469700,0.0,0.0
2014-08-18 00:00:00-04:00,118.9505069490268,119.5662541662513,118.40007272557457,119.38899230957031,537400,0.0,0.0
2014-08-19 00:00:00-04:00,119.75282616184276,121.04961920081236,119.75282616184276,120.48052215576172,683200,0.0,0.0
2014-08-20 00:00:00-04:00,119.9301509699126,120.58320999510268,119.57562711240124,120.5458984375,482200,0.0,0.0
2014-08-21 00:00:00-04:00,120.81638294030984,120.81638294030984,119.92074943631101,120.48052215576172,627500,0.0,0.0
2014-08-22 00:00:00-04:00,120.13537888999983,121.04033703480478,119.64091898435794,120.51787567138672,513800,0.0,0.0
2014-08-25 00:00:00-04:00,120.79776800665621,121.2642407128372,120.27532085343226,120.62984466552734,487200,0.0,0.0
2014-08-26 00:00:00-04:00,121.0030045245341,122.99950692947607,120.6484949850055,121.9546127319336,1019800,0.0,0.0
2014-08-27 00:00:00-04:00,122.19718005682985,122.57969107345073,120.62050011053802,121.3761978149414,415300,0.0,0.0
2014-08-28 00:00:00-04:00,121.2919635432554,122.7892853630433,120.60881706725478,122.18099212646484,497800,0.4,0.0
2014-08-29 00:00:00-04:00,122.42429091860289,122.77054063064246,121.50717470260761,122.55530548095703,344400,0.0,0.0
2014-09-02 00:00:00-04:00,122.67699468313832,122.67699468313832,120.59011405415735,121.48851013183594,729500,0.0,0.0
2014-09-03 00:00:00-04:00,122.61148527227729,122.9858086133589,120.04732611935579,121.16095733642578,715300,0.0,0.0
2014-09-04 00:00:00-04:00,121.35745064295601,123.42562457761437,121.15158283741198,122.3587875366211,776100,0.0,0.0
2014-09-05 00:00:00-04:00,122.43367863896174,124.29597084739908,121.93769377833878,123.7063980102539,927800,0.0,0.0
2014-09-08 00:00:00-04:00,123.77188129012097,124.4831155438424,122.42430885681819,123.06066131591797,836600,0.0,0.0
2014-09-09 00:00:00-04:00,122.92961687649998,123.49111596363477,121.75048592893488,122.51785278320312,681200,0.0,0.0
2014-09-10 00:00:00-04:00,122.3587743664254,122.8921999692651,121.42295200033419,122.37749481201172,584100,0.0,0.0
2014-09-11 00:00:00-04:00,121.7598664987027,122.9296446280502,121.7598664987027,122.88285064697266,610200,0.0,0.0
2014-09-12 00:00:00-04:00,122.85477879312226,122.85477879312226,120.01923771119583,120.92698669433594,693500,0.0,0.0
2014-09-15 00:00:00-04:00,120.96442408871536,120.96442408871536,119.76657944329878,119.8508071899414,494800,0.0,0.0
2014-09-16 00:00:00-04:00,119.27995114288267,120.44973656602232,118.71845899481245,120.13154602050781,368100,0.0,0.0
2014-09-17 00:00:00-04:00,120.80532676290649,121.93767830524774,119.83207761636805,120.15960693359375,775600,0.0,0.0
2014-09-18 00:00:00-04:00,121.06735353742705,121.06735353742705,119.30800978911222,120.0566635131836,759200,0.0,0.0
2014-09-19 00:00:00-04:00,120.08473346484158,120.5619977332825,119.02724961648383,120.18766021728516,1512800,0.0,0.0
2014-09-22 00:00:00-04:00,120.06603742754305,121.53527142290612,119.69170697520568,120.35614013671875,795900,0.0,0.0
2014-09-23 00:00:00-04:00,119.55135831099291,121.76925369612157,119.10216024198901,121.6569595336914,974900,0.0,0.0
2014-09-24 00:00:00-04:00,121.14222157094275,123.81867453193253,120.90826594246295,123.76252746582031,1299500,0.0,0.0
2014-09-25 00:00:00-04:00,123.79996033644062,123.90290138935195,121.80666799118526,122.24650573730469,678600,0.0,0.0
2014-09-26 00:00:00-04:00,122.13419053744646,123.10745394356366,121.50719116981243,122.34007263183594,555300,0.0,0.0
2014-09-29 00:00:00-04:00,121.36681365966797,122.08740093157536,120.64622638776059,121.36681365966797,498100,0.0,0.0
2014-09-30 00:00:00-04:00,121.66628547906413,122.15291720690594,120.11283088708132,120.66496276855469,584100,0.0,0.0
2014-10-01 00:00:00-04:00,120.39355830383145,120.39355830383145,116.51926088438066,117.35214233398438,1038100,0.0,0.0
2014-10-02 00:00:00-04:00,116.96846403083829,117.26792697534304,113.98319481086409,115.50858306884766,1157800,0.0,0.0
2014-10-03 00:00:00-04:00,115.8360933240585,116.4630926065781,114.82540343776057,115.00321197509766,598300,0.0,0.0
2014-10-06 00:00:00-04:00,115.10617294497536,115.55537090771817,112.29870531217108,113.15966033935547,1063900,0.0,0.0
2014-10-07 00:00:00-04:00,112.36419750417286,112.60751333211624,110.41768516014272,110.48319244384766,1012700,0.0,0.0
2014-10-08 00:00:00-04:00,110.2305578160594,111.16638052562124,107.2920750792161,111.07279968261719,1377500,0.0,0.0
2014-10-09 00:00:00-04:00,111.39094716537826,112.68238673998799,108.23723001931452,108.41503143310547,1305700,0.0,0.0
2014-10-10 00:00:00-04:00,108.1623661207896,108.63027737017205,104.87762715099225,104.90570068359375,1068200,0.0,0.0
2014-10-13 00:00:00-04:00,104.81213289271984,106.10356553126299,100.17045357852773,100.38568878173828,939900,0.0,0.0
2014-10-14 00:00:00-04:00,101.01268846120678,101.7987759771299,99.45921959913093,100.46990966796875,1226100,0.0,0.0
2014-10-15 00:00:00-04:00,98.46724294111155,102.8562526772328,98.34558144870596,102.285400390625,1920900,0.0,0.0
2014-10-16 00:00:00-04:00,100.24532939258366,106.61827964389144,100.20789562811177,106.0006332397461,1290700,0.0,0.0
2014-10-17 00:00:00-04:00,107.63828288723846,110.73585970154265,107.27331274418499,110.15564727783203,1462000,0.0,0.0
2014-10-20 00:00:00-04:00,109.65968854571906,112.01795827003407,108.882954102565,111.92437744140625,889600,0.0,0.0
2014-10-21 00:00:00-04:00,112.27064430108985,113.76795911098031,112.27064430108985,113.29068756103516,574300,0.0,0.0
2014-10-22 00:00:00-04:00,113.28132041329525,114.43237812998743,111.58747677445984,111.64363098144531,774800,0.0,0.0
2014-10-23 00:00:00-04:00,112.1115262747462,114.36685454403693,110.8855940768167,113.68370819091797,954500,0.0,0.0
2014-10-24 00:00:00-04:00,113.97382755265122,115.24654677319887,112.80404938227721,115.04066467285156,627600,0.0,0.0
2014-10-27 00:00:00-04:00,113.35617821951435,113.75858218494972,111.72784904904152,112.87891387939453,1613900,0.0,0.0
2014-10-28 00:00:00-04:00,107.48856541943438,111.77463388384707,104.59687038357427,109.39764404296875,3408500,0.0,0.0
2014-10-29 00:00:00-04:00,109.50059470834337,109.63160928953671,104.92442317160136,107.68509674072266,2695400,0.0,0.0
2014-10-30 00:00:00-04:00,107.07681016879668,109.21984457923459,106.80542078339528,107.9939193725586,960600,0.0,0.0
2014-10-31 00:00:00-04:00,109.21046925171635,109.80939500571887,108.34951437280749,109.41635131835938,935200,0.0,0.0
2014-11-03 00:00:00-05:00,110.19307623504926,110.60484033330393,109.1355996024269,109.94976043701172,875000,0.0,0.0
2014-11-04 00:00:00-05:00,109.7345378206436,109.95913319996224,107.95647381328828,109.60352325439453,1173600,0.0,0.0
2014-11-05 00:00:00-05:00,110.67973532504683,112.86020368801034,109.48188354412123,112.74790954589844,1195100,0.0,0.0
2014-11-06 00:00:00-05:00,113.15029541963033,114.97514633417981,112.88825913724494,114.92835235595703,857700,0.0,0.0
2014-11-07 00:00:00-05:00,115.08746942574442,116.35082854002479,114.86286685538701,115.86419677734375,634700,0.0,0.0
2014-11-10 00:00:00-05:00,115.52727895587365,116.95909330622374,115.52727895587365,116.82807159423828,527600,0.0,0.0
2014-11-11 00:00:00-05:00,116.65028305997035,118.23181832493478,116.61284930095066,117.51123809814453,577400,0.0,0.0
2014-11-12 00:00:00-05:00,117.22113462962189,118.9524049194283,116.78129688869475,118.21310424804688,578600,0.0,0.0
2014-11-13 00:00:00-05:00,118.12888306395504,118.84010305793234,116.09814271393421,116.63156127929688,554500,0.0,0.0
2014-11-14 00:00:00-05:00,116.26660506732604,118.50322064946812,116.26660506732604,118.3534927368164,388900,0.0,0.0
2014-11-17 00:00:00-05:00,118.08211709503077,118.55002847880569,116.95913262987538,117.7077865600586,468300,0.0,0.0
2014-11-18 00:00:00-05:00,117.91364889705882,119.38289010963018,117.70776678043254,119.3173828125,606700,0.0,0.0
2014-11-19 00:00:00-05:00,119.62617710093355,120.23445593893382,118.21308330148082,119.96307373046875,558500,0.0,0.0
2014-11-20 00:00:00-05:00,119.27058515192621,121.2638918198948,118.71845325594597,120.38421630859375,457500,0.0,0.0
2014-11-21 00:00:00-05:00,122.05932295783948,122.95771884919621,121.41361742161983,121.86280822753906,741900,0.0,0.0
2014-11-24 00:00:00-05:00,122.45237039650205,122.45237039650205,121.57269502959657,121.90959167480469,470700,0.0,0.0
2014-11-25 00:00:00-05:00,122.18099152315604,123.25719603816421,119.01791383097995,119.177001953125,916600,0.0,0.0
2014-11-26 00:00:00-05:00,119.57128126849491,120.31291131980952,116.47333367816864,117.83454895019531,840100,0.4,0.0
2014-11-28 00:00:00-05:00,117.57169333512749,117.57169333512749,112.60559323937807,112.6900863647461,613400,0.0,0.0
2014-12-01 00:00:00-05:00,112.23008277072404,112.38967213153187,108.29662974851898,108.587646484375,1164700,0.0,0.0
2014-12-02 00:00:00-05:00,107.73338644412983,111.39459560846429,107.53624534880684,111.33826446533203,1031200,0.0,0.0
2014-12-03 00:00:00-05:00,110.97213704962493,114.48313915365974,110.97213704962493,112.5962142944336,914300,0.0,0.0
2014-12-04 00:00:00-05:00,112.49295146617301,113.5913120204876,111.91091076005269,112.27703094482422,434200,0.0,0.0
2014-12-05 00:00:00-05:00,111.9484541067488,112.74640811237522,110.37131836617608,110.75621795654297,503700,0.0,0.0
2014-12-08 00:00:00-05:00,110.19295986629861,110.55908005795808,106.13746860600786,106.81338500976562,983700,0.0,0.0
2014-12-09 00:00:00-05:00,106.4660284323261,107.7615299055177,105.63990532282298,107.73336791992188,701300,0.0,0.0
2014-12-10 00:00:00-05:00,107.3672550496024,107.52684442028345,103.50890519222405,104.70114135742188,1042100,0.0,0.0
2014-12-11 00:00:00-05:00,105.21746030970804,106.77581651806825,104.2035858634469,104.62602996826172,1147100,0.0,0.0
2014-12-12 00:00:00-05:00,103.95013995202201,104.80441803464406,100.83341979980469,100.83341979980469,848400,0.0,0.0
2014-12-15 00:00:00-05:00,101.32156169551078,102.43870155879094,98.3362694116085,98.39259338378906,796200,0.0,0.0
2014-12-16 00:00:00-05:00,97.32241327074344,101.57504586552975,96.77792422958706,100.07301330566406,1302200,0.0,0.0
2014-12-17 00:00:00-05:00,100.57054092713659,104.53215594029994,99.90401433501621,104.44766998291016,935700,0.0,0.0
2014-12-18 00:00:00-05:00,104.88890202350473,108.37174207350814,104.88890202350473,108.33419036865234,940600,0.0,0.0
2014-12-19 00:00:00-05:00,109.10398248458755,112.2019229335557,108.12765964445805,111.95784759521484,1601600,0.0,0.0
2014-12-22 00:00:00-05:00,112.4084593683586,112.4084593683586,106.64440488175102,107.02930450439453,1272300,0.0,0.0
2014-12-23 00:00:00-05:00,107.44234050985393,107.45173022549704,104.6448068775817,104.9452133178711,771700,0.0,0.0
2014-12-24 00:00:00-05:00,105.37705841319527,106.07174703783743,104.15665309005571,104.85134887695312,446900,0.0,0.0
2014-12-26 00:00:00-05:00,105.11422575030385,106.25013818699499,104.60728837849629,104.66361236572266,341700,0.0,0.0
2014-12-29 00:00:00-05:00,104.60725542721657,105.50847475023815,104.08154594601761,105.09541320800781,452700,0.0,0.0
2014-12-30 00:00:00-05:00,104.84195096510385,105.09541599676358,103.26481531740242,104.10971069335938,518800,0.0,0.0
2014-12-31 00:00:00-05:00,104.71992297064588,105.73379035309786,103.56523132324219,103.56523132324219,389400,0.0,0.0
2015-01-02 00:00:00-05:00,104.79503033397722,105.77135327737598,102.91748786488488,104.06278991699219,478100,0.0,0.0
2015-01-05 00:00:00-05:00,103.18033660986941,103.52767733831463,99.29381760741997,99.81953430175781,671600,0.0,0.0
2015-01-06 00:00:00-05:00,99.82890965555295,101.33094905988648,97.7730059338735,98.86197662353516,799500,0.0,0.0
2015-01-07 00:00:00-05:00,99.50034482372575,102.11951699797461,98.85259764846879,101.17135620117188,743400,0.0,0.0
2015-01-08 00:00:00-05:00,102.20401160115398,105.47093099801727,102.03503251771242,105.05787658691406,755200,0.0,0.0
2015-01-09 00:00:00-05:00,105.20805964143855,105.63989341716793,102.55133614507244,103.05827331542969,709600,0.0,0.0
2015-01-12 00:00:00-05:00,103.50893128997228,103.64035870628825,100.824044649934,103.34933471679688,533700,0.0,0.0
2015-01-13 00:00:00-05:00,104.4288923406085,105.37705313145429,100.56116009682053,102.09135437011719,653900,0.0,0.0
2015-01-14 00:00:00-05:00,100.4484969392295,100.91788243894553,98.90891307314129,100.12931823730469,789200,0.0,0.0
2015-01-15 00:00:00-05:00,100.80522058465762,101.18073039171472,98.1297248480383,98.17666625976562,575900,0.0,0.0
2015-01-16 00:00:00-05:00,98.21423571896291,101.44360345428316,98.21423571896291,101.3309555053711,675100,0.0,0.0
2015-01-20 00:00:00-05:00,102.07258517810477,102.34482249518365,100.62687682004925,101.88482666015625,520100,0.0,0.0
2015-01-21 00:00:00-05:00,101.42483989791116,104.11911578287936,101.42483989791116,103.59339904785156,644200,0.0,0.0
2015-01-22 00:00:00-05:00,103.82811837352148,104.54158666333461,102.20404781599211,104.16607666015625,903100,0.0,0.0
2015-01-23 00:00:00-05:00,103.86565759930748,104.43830867378021,102.21341808137355,103.10525512695312,373200,0.0,0.0
2015-01-26 00:00:00-05:00,103.39626402172276,105.7056404175904,101.61259722945732,105.54605102539062,584600,0.0,0.0
2015-01-27 00:00:00-05:00,104.15665256635222,105.35828561240781,102.47625856970514,104.73869323730469,505500,0.0,0.0
2015-01-28 00:00:00-05:00,104.94520777602187,105.3394898651581,100.82400378362372,100.9648208618164,600700,0.0,0.0
2015-01-29 00:00:00-05:00,100.76769285867098,104.0158473744806,98.87137826719926,103.28359985351562,929000,0.0,0.0
2015-01-30 00:00:00-05:00,102.504426227657,103.20850460435635,100.19505001155383,101.14320373535156,622900,0.0,0.0
2015-02-02 00:00:00-05:00,101.36851503168087,106.84154556041767,101.36851503168087,106.40032196044922,898800,0.0,0.0
2015-02-03 00:00:00-05:00,106.69134754643352,108.65337590246382,106.13746881803719,108.14643859863281,636300,0.0,0.0
2015-02-04 00:00:00-05:00,107.19827323747216,109.64846635943135,107.01990443815363,107.93990325927734,758400,0.0,0.0
2015-02-05 00:00:00-05:00,108.55949218386304,111.90151509268819,107.86480355767861,110.39948272705078,1138000,0.0,0.0
2015-02-06 00:00:00-05:00,110.31499993138999,111.7700909177167,110.17418282632471,110.74683380126953,881000,0.0,0.0
2015-02-09 00:00:00-05:00,110.8407112300792,113.06560147084633,110.04275717181223,111.86397552490234,1070100,0.0,0.0
2015-02-10 00:00:00-05:00,111.86397545706268,129.63490673439463,111.86397545706268,128.8369598388672,3942400,0.0,0.0
2015-02-11 00:00:00-05:00,129.18431764493985,135.8026580969169,129.09983166681778,131.51246643066406,2848000,0.0,0.0
2015-02-12 00:00:00-05:00,131.5500292891638,133.96266412609916,130.00104802076856,133.38063049316406,1957400,0.0,0.0
2015-02-13 00:00:00-05:00,134.20675273654422,137.25775949304753,133.7842941875715,136.33775329589844,1559300,0.0,0.0
2015-02-17 00:00:00-05:00,135.92464893322602,136.67566860998502,134.2442551194794,134.87322998046875,1198200,0.0,0.0
2015-02-18 00:00:00-05:00,134.7136595798301,137.1263083031226,134.43202537085858,136.0748748779297,985500,0.0,0.0
2015-02-19 00:00:00-05:00,135.18305495689654,136.77896315745753,135.00468613412875,136.121826171875,826500,0.0,0.0
2015-02-20 00:00:00-05:00,136.06549737750325,136.06549737750325,133.44631775864167,134.46958923339844,634400,0.0,0.0
2015-02-23 00:00:00-05:00,134.46960995810426,135.73694265410904,133.44633832563895,134.64796447753906,702100,0.0,0.0
2015-02-24 00:00:00-05:00,134.91080649314424,135.81201876355337,133.812431656535,134.51651000976562,508100,0.0,0.0
2015-02-25 00:00:00-05:00,134.8075240750994,135.40833695435435,133.11773337578583,133.76548767089844,545400,0.0,0.0
2015-02-26 00:00:00-05:00,135.48829005899083,136.06255312654906,132.61697472119965,133.33245849609375,703400,0.4,0.0
2015-02-27 00:00:00-05:00,133.67134732403136,134.97991189904175,133.47364411039868,133.99142456054688,491600,0.0,0.0
2015-03-02 00:00:00-05:00,133.9914596070763,135.08350332123354,133.09711915826261,134.9517059326172,541700,0.0,0.0
2015-03-03 00:00:00-05:00,133.68077845006556,135.42239997158205,133.68077845006556,134.6221923828125,572000,0.0,0.0
2015-03-04 00:00:00-05:00,133.86904761756722,135.12112977139256,133.1441549253872,134.46214294433594,641600,0.0,0.0
2015-03-05 00:00:00-05:00,135.04577503979303,135.29996072828558,133.68072822315662,134.11378479003906,449300,0.0,0.0
2015-03-06 00:00:00-05:00,133.21008333821388,134.4527567351484,131.44964372406125,132.44754028320312,528000,0.0,0.0
2015-03-09 00:00:00-04:00,132.31569059851552,133.17238046251245,131.308371103849,131.67552185058594,449700,0.0,0.0
2015-03-10 00:00:00-04:00,130.60237378778186,131.45906406448648,128.89841656884923,129.55740356445312,672100,0.0,0.0
2015-03-11 00:00:00-04:00,130.07511077037697,131.51547237805565,128.81362003872118,130.7529296875,517900,0.0,0.0
2015-03-12 00:00:00-04:00,132.08974742942192,135.25289787989996,131.90146757168097,135.0834503173828,864900,0.0,0.0
2015-03-13 00:00:00-04:00,134.81044132232344,135.04579475143535,131.91088535188499,133.5018768310547,687500,0.0,0.0
2015-03-16 00:00:00-04:00,133.91614868022242,135.1870633943005,133.25716171785686,134.02911376953125,572300,0.0,0.0
2015-03-17 00:00:00-04:00,133.34184381899442,134.76337341914754,132.42867132653052,134.01025390625,452500,0.0,0.0
2015-03-18 00:00:00-04:00,133.56779632590337,134.8575286523938,130.87535224732503,134.14205932617188,704600,0.0,0.0
2015-03-19 00:00:00-04:00,132.97473893473665,134.00087683541506,129.72686322841352,130.5552978515625,790500,0.0,0.0
2015-03-20 00:00:00-04:00,131.74144130904858,133.31360053387385,130.29165610255478,130.38580322265625,812500,0.0,0.0
2015-03-23 00:00:00-04:00,130.3858218610084,133.0688571542631,130.3858218610084,131.44020080566406,566800,0.0,0.0
2015-03-24 00:00:00-04:00,131.72264746832465,133.3418807259338,131.63792365439855,132.44754028320312,375800,0.0,0.0
2015-03-25 00:00:00-04:00,132.95586963124126,133.5866151661722,130.55526151989605,131.76028442382812,701200,0.0,0.0
2015-03-26 00:00:00-04:00,131.74142634327083,134.90457673057568,131.15775448648102,133.793701171875,826100,0.0,0.0
2015-03-27 00:00:00-04:00,133.51134340380824,134.62220505388592,132.37222611743897,133.42660522460938,618700,0.0,0.0
2015-03-30 00:00:00-04:00,134.37740959826945,134.53744821883973,133.50188730357974,134.47154235839844,584800,0.0,0.0
2015-03-31 00:00:00-04:00,133.53956626771512,134.09499701619148,131.5720003170205,131.6096649169922,661100,0.0,0.0
2015-04-01 00:00:00-04:00,131.83560841196982,131.97682912891483,128.50300921869479,130.00927734375,847000,0.0,0.0
2015-04-02 00:00:00-04:00,129.8963094562014,131.58144868710522,128.8607625973094,129.31263732910156,573000,0.0,0.0
2015-04-06 00:00:00-04:00,129.0961186493555,131.30843314008257,128.41829935594117,131.1766357421875,737700,0.0,0.0
2015-04-07 00:00:00-04:00,130.64938562410248,130.8000152561537,127.85338592529297,127.85338592529297,703100,0.0,0.0
2015-04-08 00:00:00-04:00,127.9004523933907,128.82303370012363,126.24356962713928,128.21112060546875,994900,0.0,0.0
2015-04-09 00:00:00-04:00,128.23001925948387,129.2279158944867,127.44864384258716,128.98313903808594,346500,0.0,0.0
2015-04-10 00:00:00-04:00,128.74776155707372,130.4893830418761,128.74776155707372,130.42347717285156,382000,0.0,0.0
2015-04-13 00:00:00-04:00,130.23519262787886,131.0448091387516,129.6326883196598,129.9151153564453,448400,0.0,0.0
2015-04-14 00:00:00-04:00,130.07516183974693,130.87536943144403,128.74776474215662,130.093994140625,583900,0.0,0.0
2015-04-15 00:00:00-04:00,130.67765952013744,134.9046130494145,130.41406478063342,133.8502197265625,683500,0.0,0.0
2015-04-16 00:00:00-04:00,133.6243092934885,133.83142152861979,132.46637406240947,133.69020080566406,612000,0.0,0.0
2015-04-17 00:00:00-04:00,132.35333563103111,132.485132961488,130.63997033509142,132.0238494873047,579400,0.0,0.0
2015-04-20 00:00:00-04:00,132.32512982636445,132.72994525576613,131.22367733425153,131.7696990966797,662300,0.0,0.0
2015-04-21 00:00:00-04:00,132.05213810784437,132.25925032496352,130.1881281537719,130.26344299316406,408200,0.0,0.0
2015-04-22 00:00:00-04:00,130.5458609486802,131.52493942768473,127.96638174746593,129.19964599609375,595500,0.0,0.0
2015-04-23 00:00:00-04:00,129.32202761360102,131.10129937559896,128.74776453883786,130.1410675048828,767100,0.0,0.0
2015-04-24 00:00:00-04:00,130.69648953448274,130.69648953448274,128.96429145808096,130.4140625,367200,0.0,0.0
2015-04-27 00:00:00-04:00,130.38581192486953,130.53644158115173,127.77809166421844,127.95696258544922,637100,0.0,0.0
2015-04-28 00:00:00-04:00,127.5427935225362,128.76663487209206,127.06267744537145,128.12648010253906,644500,0.0,0.0
2015-04-29 00:00:00-04:00,127.37328351366126,129.92450673717605,127.08144754892592,128.314697265625,798700,0.0,0.0
2015-04-30 00:00:00-04:00,129.53855042215145,137.7664982088178,129.53855042215145,134.2926788330078,1888400,0.0,0.0
2015-05-01 00:00:00-04:00,135.30002306247172,140.5248737062348,133.95379355451504,139.1692352294922,1692400,0.0,0.0
2015-05-04 00:00:00-04:00,139.42336172940068,141.57919258107012,139.34804691663587,139.6963653564453,890200,0.0,0.0
2015-05-05 00:00:00-04:00,139.44221581462494,140.36481173658777,137.97361249699983,138.27487182617188,769700,0.0,0.0
2015-05-06 00:00:00-04:00,138.60433192114377,141.795723717995,136.8627252340929,140.35536193847656,1072500,0.0,0.0
2015-05-07 00:00:00-04:00,139.93172708449993,142.1440549509851,138.99031341617987,141.75807189941406,1046400,0.0,0.0
2015-05-08 00:00:00-04:00,144.036310775696,146.67227227723774,142.96309962294106,145.81558227539062,1181900,0.0,0.0
2015-05-11 00:00:00-04:00,145.27897081361036,146.06033155288594,143.87625921252342,144.77059936523438,833300,0.0,0.0
2015-05-12 00:00:00-04:00,143.9045667937906,144.3658648962294,141.55103143105347,141.91818237304688,1405800,0.0,0.0
2015-05-13 00:00:00-04:00,143.30203423589418,146.50283595609264,143.30203423589418,144.9495086669922,1173000,0.0,0.0
2015-05-14 00:00:00-04:00,145.62733755164265,146.03213868650883,143.45267345635813,145.60850524902344,821700,0.0,0.0
2015-05-15 00:00:00-04:00,145.4578862442829,146.28633524233712,144.00811486252704,146.22044372558594,1066100,0.0,0.0
2015-05-18 00:00:00-04:00,145.90975354033773,146.84174415899327,144.05516690636517,146.21099853515625,606600,0.0,0.0
2015-05-19 00:00:00-04:00,146.17335625735555,146.76643731111287,144.05517475075928,145.22251892089844,403400,0.0,0.0
2015-05-20 00:00:00-04:00,145.63672811388577,145.63672811388577,143.2455431176289,144.5070343017578,608200,0.0,0.0
2015-05-21 00:00:00-04:00,144.21520834976997,146.39928129025918,144.07398763538026,145.52377319335938,688000,0.0,0.0
2015-05-22 00:00:00-04:00,145.10012369244524,145.47668349272706,142.50181223005976,143.37733459472656,1018200,0.0,0.0
2015-05-26 00:00:00-04:00,142.58652805342444,143.3584798324961,140.70370061736347,142.294677734375,1384100,0.0,0.0
2015-05-27 00:00:00-04:00,142.53002768088504,144.22457520489704,141.9651880827697,143.9327392578125,1078400,0.0,0.0
2015-05-28 00:00:00-04:00,143.1210100161951,144.319731275135,141.04445551524645,142.59243774414062,749600,0.4,0.0
2015-05-29 00:00:00-04:00,142.59246787406454,142.80955701684786,140.29882379155453,140.64805603027344,1217700,0.0,0.0
2015-06-01 00:00:00-04:00,140.54422172465283,141.58249914606395,138.13733076118302,138.80747985839844,1501800,0.0,0.0
2015-06-02 00:00:00-04:00,138.741418567736,142.15827168017586,138.4393689830366,140.99729919433594,1827000,0.0,0.0
2015-06-03 00:00:00-04:00,140.74241495490344,141.7240470790271,137.97682987770892,139.56256103515625,1351100,0.0,0.0
2015-06-04 00:00:00-04:00,138.6564552433021,140.16667433042784,137.41997038694475,139.69473266601562,1261800,0.0,0.0
2015-06-05 00:00:00-04:00,139.06235971493354,141.58252696663735,138.04296379247143,139.78915405273438,1097800,0.0,0.0
2015-06-08 00:00:00-04:00,139.7891271690151,140.8745872393333,138.7602833916728,140.32713317871094,641200,0.0,0.0
2015-06-09 00:00:00-04:00,140.27047729492188,141.48808023691723,139.3737911714352,140.27047729492188,666500,0.0,0.0
2015-06-10 00:00:00-04:00,141.32766572811033,144.78228263108215,141.32766572811033,143.1493682861328,903000,0.0,0.0
2015-06-11 00:00:00-04:00,143.34756804366796,144.55573764931975,142.37536928915938,143.42308044433594,846600,0.0,0.0
2015-06-12 00:00:00-04:00,143.00776507668465,143.00776507668465,138.8829993334134,139.59091186523438,829900,0.0,0.0
2015-06-15 00:00:00-04:00,138.29779275001508,139.28887314999142,136.70262758093685,137.91079711914062,683400,0.0,0.0
2015-06-16 00:00:00-04:00,137.76924782472767,138.7225650151459,136.9103103467901,137.58045959472656,453600,0.0,0.0
2015-06-17 00:00:00-04:00,137.84471895576306,138.68477456639653,135.21129072996237,136.85365295410156,674500,0.0,0.0
2015-06-18 00:00:00-04:00,137.60876377405543,139.6758708630352,136.7026437147199,139.09066772460938,622600,0.0,0.0
2015-06-19 00:00:00-04:00,139.06232370120514,141.05391797419594,139.06232370120514,139.93069458007812,669100,0.0,0.0
2015-06-22 00:00:00-04:00,140.78021207856048,141.46925737309988,138.9302085652545,140.14781188964844,551000,0.0,0.0
2015-06-23 00:00:00-04:00,140.01565128376686,140.66693309316383,138.93962485161606,139.81744384765625,317200,0.0,0.0
2015-06-24 00:00:00-04:00,139.74192506120383,139.88350179480804,136.0890869065384,137.72201538085938,532400,0.0,0.0
2015-06-25 00:00:00-04:00,137.99572602455223,138.0051740745084,136.24955068196866,137.0707244873047,608700,0.0,0.0
2015-06-26 00:00:00-04:00,137.54267540866184,138.07124775141557,136.1740475063496,136.74981689453125,1322300,0.0,0.0
2015-06-29 00:00:00-04:00,135.79649498384967,137.8919172043467,133.88041290693386,134.1446990966797,513700,0.0,0.0
2015-06-30 00:00:00-04:00,135.0602767590825,135.87201708628737,133.54062385824034,133.56893920898438,721300,0.0,0.0
2015-07-01 00:00:00-04:00,134.56946037575807,136.5327251315919,134.31460783049874,135.7870635986328,684300,0.0,0.0
2015-07-02 00:00:00-04:00,136.40999746718606,137.14622517520425,135.14518309474482,135.91917419433594,522200,0.0,0.0
2015-07-06 00:00:00-04:00,134.276808633055,136.93856596779003,133.92757648442475,136.35336303710938,804800,0.0,0.0
2015-07-07 00:00:00-04:00,136.28727284671433,137.7691761466078,133.59720039649946,136.891357421875,884100,0.0,0.0
2015-07-08 00:00:00-04:00,135.92864775637793,138.8263768036728,134.72047811651743,136.4855499267578,835900,0.0,0.0
2015-07-09 00:00:00-04:00,137.96744710766018,140.61975739290656,137.75035793907747,138.53378295898438,714600,0.0,0.0
2015-07-10 00:00:00-04:00,139.83628755464642,144.7444916196305,139.83628755464642,144.31973266601562,896400,0.0,0.0
2015-07-13 00:00:00-04:00,145.76389972779768,146.44349689619747,144.08378850661958,144.7539520263672,555700,0.0,0.0
2015-07-14 00:00:00-04:00,144.46135832437747,145.25421692966705,143.21542531390716,143.338134765625,715300,0.0,0.0
2015-07-15 00:00:00-04:00,142.82846423292509,143.01723806048312,141.20498339139024,142.47921752929688,579600,0.0,0.0
2015-07-16 00:00:00-04:00,142.88507252723744,146.63229074666154,142.77179672645576,145.15982055664062,565500,0.0,0.0
2015-07-17 00:00:00-04:00,146.41516909846754,148.87870502382026,145.82053242856574,147.7460479736328,1082300,0.0,0.0
2015-07-20 00:00:00-04:00,148.15190063349172,151.45549154861246,146.87765266236835,151.23838806152344,885900,0.0,0.0
2015-07-21 00:00:00-04:00,151.26679210831406,152.32395161479823,149.34127575430819,151.2479248046875,795500,0.0,0.0
2015-07-22 00:00:00-04:00,150.28512242087058,152.99406328399715,149.86037775351028,151.814208984375,828600,0.0,0.0
2015-07-23 00:00:00-04:00,152.4371270443645,153.61698096885647,149.85088205697312,150.34170532226562,847300,0.0,0.0
2015-07-24 00:00:00-04:00,150.34174201965254,150.90807780265285,146.9343224778914,148.97311401367188,670900,0.0,0.0
2015-07-27 00:00:00-04:00,148.01978945759103,148.2935092838422,144.62180373765202,144.98048400878906,672100,0.0,0.0
2015-07-28 00:00:00-04:00,146.31136559155274,148.45398501463626,144.41416507837087,147.2552490234375,659800,0.0,0.0
2015-07-29 00:00:00-04:00,147.77440943817408,150.52111408391346,146.4152147927558,148.54840087890625,827600,0.0,0.0
2015-07-30 00:00:00-04:00,147.84045746256825,148.859853234681,146.65115519384474,148.63331604003906,445700,0.0,0.0
2015-07-31 00:00:00-04:00,149.379016742522,149.86984025837123,147.670589692138,148.01983642578125,453800,0.0,0.0
2015-08-03 00:00:00-04:00,147.84046105053062,149.7093461435016,146.35855720433673,147.73663330078125,740800,0.0,0.0
2015-08-04 00:00:00-04:00,145.01824291518565,156.27877920461873,143.47027473753923,156.14662170410156,2115800,0.0,0.0
2015-08-05 00:00:00-04:00,157.3642661873419,162.91430605530513,156.6091564688574,160.59234619140625,1631500,0.0,0.0
2015-08-06 00:00:00-04:00,160.60173493456222,163.14078327170694,157.7134543913101,158.30810546875,1022400,0.0,0.0
2015-08-07 00:00:00-04:00,158.77063075646927,159.70506609135296,156.44867128891968,158.1759796142578,543900,0.0,0.0
2015-08-10 00:00:00-04:00,159.69562108555897,163.32012957481257,159.44076855666123,162.34793090820312,606900,0.0,0.0
2015-08-11 00:00:00-04:00,161.10197268891537,163.15021184389073,160.51676973178766,161.40402221679688,789300,0.0,0.0
2015-08-12 00:00:00-04:00,160.25252944736792,163.05586441910478,159.70507532333153,162.92372131347656,857200,0.0,0.0
2015-08-13 00:00:00-04:00,162.82931580294505,163.68825313062302,160.84716935736202,162.48951721191406,519600,0.0,0.0
2015-08-14 00:00:00-04:00,162.34795060765776,165.4061381179644,161.73443213671752,165.20791625976562,804400,0.0,0.0
2015-08-17 00:00:00-04:00,165.6798576020498,166.16123296727523,163.3956614258041,165.29286193847656,498700,0.0,0.0
2015-08-18 00:00:00-04:00,165.13237750879614,167.6242288002448,164.15074523141402,165.8308563232422,439800,0.0,0.0
2015-08-19 00:00:00-04:00,165.0852303760976,165.26457055852285,160.25255111399508,161.30026245117188,638100,0.0,0.0
2015-08-20 00:00:00-04:00,160.4601610330095,161.27190124727716,156.78845557135483,157.58131408691406,533300,0.0,0.0
2015-08-21 00:00:00-04:00,156.00499345992847,157.17541365765396,150.8797152766688,152.5692596435547,969600,0.0,0.0
2015-08-24 00:00:00-04:00,144.395262829528,153.27720811626395,135.12633633670066,146.13201904296875,1330100,0.0,0.0
2015-08-25 00:00:00-04:00,149.8414213946933,154.62691496283466,145.67889404296875,145.67889404296875,950200,0.0,0.0
2015-08-26 00:00:00-04:00,149.44504873549644,149.44504873549644,144.20649339563653,149.07693481445312,770100,0.0,0.0
2015-08-27 00:00:00-04:00,150.8231181696684,157.5341295427099,150.8231181696684,155.7313232421875,792200,0.0,0.0
2015-08-28 00:00:00-04:00,154.8229690532895,158.03996553381742,153.93356023734475,156.59231567382812,706300,0.4,0.0
2015-08-31 00:00:00-04:00,156.10032775703758,160.26351656210008,155.2109187802168,158.7685546875,783500,0.0,0.0
2015-09-01 00:00:00-04:00,155.54203315754563,157.6709313624477,153.95246276122592,154.90809631347656,677000,0.0,0.0
2015-09-02 00:00:00-04:00,157.3587527294482,159.53496352141232,155.7218699568602,159.4781951904297,555600,0.0,0.0
2015-09-03 00:00:00-04:00,160.29188545134596,162.74248097308742,158.69284364806092,158.87261962890625,708500,0.0,0.0
2015-09-04 00:00:00-04:00,157.150560761836,159.5065470835812,155.35282993601822,157.5006561279297,614800,0.0,0.0
2015-09-08 00:00:00-04:00,159.35517770569882,161.22860470040766,158.37115967502422,160.84068298339844,550000,0.0,0.0
2015-09-09 00:00:00-04:00,162.534334299418,163.63190342472734,159.08079295363981,159.52549743652344,949200,0.0,0.0
2015-09-10 00:00:00-04:00,159.60116819240218,162.36401840843033,158.5603819021351,161.5786895751953,1062700,0.0,0.0
2015-09-11 00:00:00-04:00,160.86903204569342,162.5437550912511,159.2321352935146,162.2504425048828,955300,0.0,0.0
2015-09-14 00:00:00-04:00,162.2883174485619,165.59046663781288,160.7460439919663,163.5751190185547,1044900,0.0,0.0
2015-09-15 00:00:00-04:00,164.2280345931355,166.74485575511093,163.28185709896528,165.6662139892578,733300,0.0,0.0
2015-09-16 00:00:00-04:00,165.76080383517325,168.04109459783007,164.5780822077604,167.00975036621094,536300,0.0,0.0
2015-09-17 00:00:00-04:00,166.84890418154566,169.05349905693376,165.4674933873238,166.46096801757812,643200,0.0,0.0
2015-09-18 00:00:00-04:00,164.11445215888534,165.39179730727258,160.72713564364398,160.74606323242188,2066300,0.0,0.0
2015-09-21 00:00:00-04:00,161.95714528294124,164.1428122467929,161.50298428152846,162.3545379638672,644400,0.0,0.0
2015-09-22 00:00:00-04:00,160.2729632882502,160.2729632882502,155.0027635300878,157.0843505859375,961900,0.0,0.0
2015-09-23 00:00:00-04:00,157.61422462348403,158.0305449672971,150.03534925095445,152.7603302001953,1068300,0.0,0.0
2015-09-24 00:00:00-04:00,151.00986400940147,151.38832905703762,146.8939880381568,151.0950164794922,1186000,0.0,0.0
2015-09-25 00:00:00-04:00,152.52368905593556,153.46040923497816,149.40130289663833,150.8111114501953,806700,0.0,0.0
2015-09-28 00:00:00-04:00,149.48656563940293,149.75149414402358,143.64865308665637,144.51913452148438,1098300,0.0,0.0
2015-09-29 00:00:00-04:00,145.30442510393917,148.04833293643648,138.7757944097814,140.38429260253906,1508500,0.0,0.0
2015-09-30 00:00:00-04:00,141.86033973020426,144.1501012441159,139.28675104569788,143.77162170410156,1342300,0.0,0.0
2015-10-01 00:00:00-04:00,144.98274803469334,148.89046502224426,144.49074621878225,148.284912109375,1565300,0.0,0.0
2015-10-02 00:00:00-04:00,148.19028528669025,154.3877495385721,146.63855507982774,154.30259704589844,1223300,0.0,0.0
2015-10-05 00:00:00-04:00,155.7123782375425,157.25463715206743,153.22392774928142,155.48529052734375,800800,0.0,0.0
2015-10-06 00:00:00-04:00,154.99329912741044,155.88270808750315,149.1080752452206,150.76388549804688,1162600,0.0,0.0
2015-10-07 00:00:00-04:00,151.8803969615645,153.20503951752218,149.0040096435977,151.1423797607422,1085100,0.0,0.0
2015-10-08 00:00:00-04:00,150.54626361896507,154.96490966726623,149.48654971338237,154.28366088867188,599900,0.0,0.0
2015-10-09 00:00:00-04:00,154.47292307000998,157.28307121113528,153.3091288657377,156.18551635742188,1023600,0.0,0.0
2015-10-12 00:00:00-04:00,156.11919428849282,156.97074775506073,152.97787993401448,153.29959106445312,544600,0.0,0.0
2015-10-13 00:00:00-04:00,152.1263740715169,153.384791521467,145.9762220689521,146.7615509033203,999000,0.0,0.0
2015-10-14 00:00:00-04:00,147.0832503929096,147.48064310478026,142.45644422521113,143.5823974609375,986600,0.0,0.0
2015-10-15 00:00:00-04:00,144.4718198882263,144.52858821843975,139.68416487328483,141.18858337402344,2227400,0.0,0.0
2015-10-16 00:00:00-04:00,142.0779569655983,143.66752756543173,141.1412364380071,143.2890625,1651400,0.0,0.0
2015-10-19 00:00:00-04:00,142.18205227791728,143.46885385096044,137.47955042597033,140.45054626464844,1204700,0.0,0.0
2015-10-20 00:00:00-04:00,139.7503603494082,143.07145134271354,139.28674279195087,140.39376831054688,730400,0.0,0.0
2015-10-21 00:00:00-04:00,141.34942030489026,142.2388292393625,136.82669415674013,138.04725646972656,956500,0.0,0.0
2015-10-22 00:00:00-04:00,138.643347277258,144.94489104499127,137.280849766665,144.19740295410156,913700,0.0,0.0
2015-10-23 00:00:00-04:00,145.23820607828372,145.9951507564235,142.88221955742236,144.65158081054688,765000,0.0,0.0
2015-10-26 00:00:00-04:00,144.13118789845592,146.1843908792741,139.80715076573915,140.58302307128906,835600,0.0,0.0
2015-10-27 00:00:00-04:00,139.5138439494213,140.75333393752842,135.57774280492097,139.10699462890625,1062800,0.0,0.0
2015-10-28 00:00:00-04:00,139.92071585166732,145.86270865484002,139.25838013433804,144.63267517089844,885800,0.0,0.0
2015-10-29 00:00:00-04:00,143.66755088336822,145.8343048815624,141.76573979899794,143.5161590576172,642600,0.0,0.0
2015-10-30 00:00:00-04:00,144.1501229672335,147.3860477250324,143.24178637183292,146.79940795898438,985800,0.0,0.0
2015-11-02 00:00:00-05:00,147.07379701163515,148.28490276102173,144.45288193385232,146.91294860839844,1056800,0.0,0.0
2015-11-03 00:00:00-05:00,142.63627786479174,143.27967172382162,130.85636924704525,134.4613037109375,4078400,0.0,0.0
2015-11-04 00:00:00-05:00,134.06385349742652,138.58657948390209,130.91308160151036,137.9999542236328,2168600,0.0,0.0
2015-11-05 00:00:00-05:00,137.5079532521287,147.1495025654003,135.58721442512493,146.9697265625,2660300,0.0,0.0
2015-11-06 00:00:00-05:00,146.29791018538168,149.24999278903286,144.9638113410825,146.63853454589844,1179300,0.0,0.0
2015-11-09 00:00:00-05:00,146.6480310821912,146.65748765808115,142.1158335398752,143.96087646484375,1214600,0.0,0.0
2015-11-10 00:00:00-05:00,143.57293266519542,146.269529006526,143.57293266519542,145.2949676513672,705200,0.0,0.0
2015-11-11 00:00:00-05:00,146.40200074656673,148.78637144110112,145.03004663191092,147.4238739013672,674300,0.0,0.0
2015-11-12 00:00:00-05:00,145.9288845375156,147.13053345129435,143.09982435617954,143.3458251953125,702800,0.0,0.0
2015-11-13 00:00:00-05:00,143.23229971185265,148.5024988608477,142.88220435342407,145.1719512939453,656300,0.0,0.0
2015-11-16 00:00:00-05:00,145.08681782793312,149.18376710314067,144.32041655604445,149.02291870117188,862500,0.0,0.0
2015-11-17 00:00:00-05:00,149.0797256389223,153.42267692947385,147.63207520873846,148.521484375,750600,0.0,0.0
2015-11-18 00:00:00-05:00,148.54984810656438,151.34106847966123,148.54984810656438,150.72605895996094,626900,0.0,0.0
2015-11-19 00:00:00-05:00,151.01938731039095,153.98092742613116,149.60957767561698,151.9750213623047,571600,0.0,0.0
2015-11-20 00:00:00-05:00,152.46701978222225,154.07551841272436,151.48300167665698,152.2115478515625,681200,0.0,0.0
2015-11-23 00:00:00-05:00,152.36292519777282,154.23635215681054,150.67873080593256,151.3126678466797,577000,0.0,0.0
2015-11-24 00:00:00-05:00,150.3002913192092,153.32805622359302,149.71365149201597,152.30618286132812,653600,0.0,0.0
2015-11-25 00:00:00-05:00,152.42913422725408,153.38476788596645,151.0477093301144,151.6248779296875,421100,0.0,0.0
2015-11-27 00:00:00-05:00,151.71976888022584,153.5599484841834,150.98938518229826,152.7157440185547,264500,0.4,0.0
2015-11-30 00:00:00-05:00,152.96237958513947,154.15755568966514,148.10583324217097,149.30099487304688,887700,0.0,0.0
2015-12-01 00:00:00-05:00,150.09776822640248,151.93793339570442,148.77929123588376,151.1411590576172,722600,0.0,0.0
2015-12-02 00:00:00-05:00,151.74824988932008,152.45965875578125,149.2156360615564,149.8321990966797,814000,0.0,0.0
2015-12-03 00:00:00-05:00,149.92703409942956,151.65339310470668,144.4634196101355,145.73446655273438,774400,0.0,0.0
2015-12-04 00:00:00-05:00,146.7588455859572,147.98246195095732,143.95114674400747,147.28054809570312,506900,0.0,0.0
2015-12-07 00:00:00-05:00,146.18972086974347,146.7683337803516,139.1420399084847,139.73013305664062,1142900,0.0,0.0
2015-12-08 00:00:00-05:00,138.07019772883424,142.91726290126735,137.31135888991898,140.91583251953125,728400,0.0,0.0
2015-12-09 00:00:00-05:00,140.77354366995627,142.07304547373028,135.67984801927918,137.02679443359375,730700,0.0,0.0
2015-12-10 00:00:00-05:00,136.46718022742132,138.86699819577694,133.98199667291465,136.2584991455078,1083500,0.0,0.0
2015-12-11 00:00:00-05:00,134.23811486221103,136.94145987931617,134.1337743158466,134.77877807617188,666500,0.0,0.0
2015-12-14 00:00:00-05:00,135.13920292590856,136.07826765597204,132.8437258371788,135.28147888183594,642600,0.0,0.0
2015-12-15 00:00:00-05:00,136.23003874503493,139.3033299918959,135.72731101426513,137.63389587402344,466500,0.0,0.0
2015-12-16 00:00:00-05:00,138.65828763314965,140.69766786849428,136.4007605953444,140.07162475585938,591100,0.0,0.0
2015-12-17 00:00:00-05:00,140.4320807453376,140.4320807453376,135.30044916513214,135.3953094482422,596100,0.0,0.0
2015-12-18 00:00:00-05:00,134.93049834979107,135.08226899208427,132.3789105116111,132.71090698242188,1078400,0.0,0.0
2015-12-21 00:00:00-05:00,133.1377895089867,134.08633459968235,132.13233402863324,133.74485778808594,545900,0.0,0.0
2015-12-22 00:00:00-05:00,134.14324953976532,134.83568342684012,131.91417718520535,132.64454650878906,776300,0.0,0.0
2015-12-23 00:00:00-05:00,134.11476617004524,136.51458366888272,132.46429279245373,135.60398864746094,931300,0.0,0.0
2015-12-24 00:00:00-05:00,135.60399666015738,136.07826914998586,134.731322542063,135.00640869140625,105700,0.0,0.0
2015-12-28 00:00:00-05:00,134.5605937454181,135.17714220351428,131.2406862585814,132.61607360839844,451200,0.0,0.0
2015-12-29 00:00:00-05:00,133.74484986050564,134.83567086068862,131.8477597915623,133.42234802246094,518800,0.0,0.0
2015-12-30 00:00:00-05:00,133.38436389916077,133.81122063409168,130.0360019443126,130.2257080078125,509300,0.0,0.0
2015-12-31 00:00:00-05:00,129.86529819520484,131.942614041338,129.19182488317045,129.55227661132812,603000,0.0,0.0
2016-01-04 00:00:00-05:00,127.66468843045814,129.0116208083676,125.53046184018916,128.82191467285156,1200800,0.0,0.0
2016-01-05 00:00:00-05:00,129.18237804395096,129.59974026369582,126.07115082686411,126.3272476196289,945700,0.0,0.0
2016-01-06 00:00:00-05:00,123.86100590688385,125.95728221897757,122.6089195790423,123.14959716796875,822200,0.0,0.0
2016-01-07 00:00:00-05:00,120.92051795281681,126.85841158919595,119.86763243981723,122.89348602294922,1355800,0.0,0.0
2016-01-08 00:00:00-05:00,123.32034417075991,123.68079594304687,119.15623896611854,119.6399917602539,891000,0.0,0.0
2016-01-11 00:00:00-05:00,120.2280692836841,120.99638835740579,117.57214059807254,118.31201171875,1197300,0.0,0.0
2016-01-12 00:00:00-05:00,119.46922386529478,122.86501624763359,118.57759660567211,121.37580108642578,981500,0.0,0.0
2016-01-13 00:00:00-05:00,121.57500108351762,122.28640977599845,115.69402545373892,116.55719757080078,1247700,0.0,0.0
2016-01-14 00:00:00-05:00,116.94610732504313,118.75782440975073,115.31460885913452,117.24964141845703,903700,0.0,0.0
2016-01-15 00:00:00-05:00,114.6601169979977,119.22262336916755,113.42701284005713,118.27407836914062,872700,0.0,0.0
2016-01-19 00:00:00-05:00,119.4882091373972,119.97196909075038,111.88087454579338,113.05707550048828,1379700,0.0,0.0
2016-01-20 00:00:00-05:00,111.42556118088154,112.18439269490773,107.65034961248361,110.97974395751953,1599800,0.0,0.0
2016-01-21 00:00:00-05:00,111.3971268494525,113.19935655568446,109.66128776676481,112.2792739868164,1579100,0.0,0.0
2016-01-22 00:00:00-05:00,114.3755703116084,119.66845372573297,114.3755703116084,117.24017333984375,1029400,0.0,0.0
2016-01-25 00:00:00-05:00,116.46233955542029,117.03146503775093,110.65724950409518,111.32122802734375,877200,0.0,0.0
2016-01-26 00:00:00-05:00,112.43102830402069,113.63568440605232,110.37268756273167,113.47442626953125,952100,0.0,0.0
2016-01-27 00:00:00-05:00,113.58827266693115,116.00706550154136,112.06111451809993,113.82540893554688,659500,0.0,0.0
2016-01-28 00:00:00-05:00,115.16284354125139,116.46234546509642,111.64373547899358,112.36463165283203,503300,0.0,0.0
2016-01-29 00:00:00-05:00,113.03810180093399,120.07630370805254,111.72911235381055,119.11827850341797,1248300,0.0,0.0
2016-02-01 00:00:00-05:00,117.98950439039717,119.56409246290768,117.07890211732095,117.3539810180664,875100,0.0,0.0
2016-02-02 00:00:00-05:00,115.6750515352927,116.44337785107085,111.52991481500082,114.95416259765625,1125400,0.0,0.0
2016-02-03 00:00:00-05:00,116.56669602082576,117.09787891210422,111.92831148810366,115.0679931640625,965900,0.0,0.0
2016-02-04 00:00:00-05:00,115.76043717337097,120.04785755601836,115.76043717337097,118.00849151611328,1428600,0.0,0.0
2016-02-05 00:00:00-05:00,117.84722366301645,118.76731343100683,115.06798664407047,116.71846008300781,947300,0.0,0.0
2016-02-08 00:00:00-05:00,115.47586544556944,115.90271503460278,109.8794485383386,111.78602600097656,1146400,0.0,0.0
2016-02-09 00:00:00-05:00,107.26147485399711,126.706648172902,102.73691096083029,122.24848937988281,3226900,0.0,0.0
2016-02-10 00:00:00-05:00,124.0317348070476,130.89920558598487,122.20104996613068,124.61984252929688,1910200,0.0,0.0
2016-02-11 00:00:00-05:00,121.59398315833769,126.60229948892925,120.17116569001854,122.74171447753906,1588800,0.0,0.0
2016-02-12 00:00:00-05:00,125.04668907798059,129.22028128822575,122.66584633866253,126.02368927001953,1140800,0.0,0.0
2016-02-16 00:00:00-05:00,127.39905400234235,129.37202898868992,124.4965091337502,128.4424591064453,942200,0.0,0.0
2016-02-17 00:00:00-05:00,129.3625724316238,135.23406832918155,127.48444290043352,131.76239013671875,990400,0.0,0.0
2016-02-18 00:00:00-05:00,131.771875657231,134.5985358331893,127.97769548464046,129.0590362548828,643500,0.0,0.0
2016-02-19 00:00:00-05:00,128.59423139339404,131.77184793524665,126.7540520810383,128.98312377929688,683400,0.0,0.0
2016-02-22 00:00:00-05:00,130.25421085423315,133.52668832273343,130.25421085423315,132.84373474121094,710000,0.0,0.0
2016-02-23 00:00:00-05:00,131.61061128105138,133.85865817190654,130.34904476580795,131.26913452148438,680800,0.0,0.0
2016-02-24 00:00:00-05:00,129.5807243558563,135.83163201379534,128.9357062727316,135.3953094482422,763300,0.0,0.0
2016-02-25 00:00:00-05:00,135.36689708655447,137.8900164159904,133.2136953468029,136.11624145507812,735700,0.0,0.0
2016-02-26 00:00:00-05:00,137.1339899973146,137.73324840332933,133.92846261602247,135.2601318359375,588700,0.4,0.0
2016-02-29 00:00:00-05:00,135.75476290489726,137.60959313969053,135.13649099800165,135.65963745117188,645100,0.0,0.0
2016-03-01 00:00:00-05:00,137.43834450919252,141.72823415691911,135.3552225036902,139.59754943847656,891600,0.0,0.0
2016-03-02 00:00:00-05:00,138.6559006295016,140.69146030585088,137.01032043894398,140.35853576660156,740800,0.0,0.0
2016-03-03 00:00:00-05:00,141.27169964312571,142.22289608521552,138.85565255231836,141.1860809326172,877500,0.0,0.0
2016-03-04 00:00:00-05:00,140.7104823568247,142.77459140336887,138.9127216663716,140.6343994140625,955000,0.0,0.0
2016-03-07 00:00:00-05:00,141.72825551012102,148.31053248071063,141.01485825084188,147.09300231933594,1375000,0.0,0.0
2016-03-08 00:00:00-05:00,145.74233451675192,147.07400386251138,143.66871851937526,144.77210998535156,890000,0.0,0.0
2016-03-09 00:00:00-05:00,145.34280531093822,146.02766784467025,143.75430914673052,145.27621459960938,651600,0.0,0.0
2016-03-10 00:00:00-05:00,145.9705976690096,147.16909984010258,143.51650935420597,145.9040069580078,607000,0.0,0.0
2016-03-11 00:00:00-05:00,148.05368866698007,149.71828208379398,147.0549442281739,148.9383087158203,579400,0.0,0.0
2016-03-14 00:00:00-04:00,148.1583550746286,148.43421017535104,145.1145293118164,147.0264434814453,653800,0.0,0.0
2016-03-15 00:00:00-04:00,144.9908866672599,146.76963412850606,143.8970164138652,145.74234008789062,500100,0.0,0.0
2016-03-16 00:00:00-04:00,144.84820766755325,147.56863034721152,143.94457385913722,146.52230834960938,494300,0.0,0.0
2016-03-17 00:00:00-04:00,146.38906626505135,149.3092451048344,145.3047033487954,148.3009796142578,708000,0.0,0.0
2016-03-18 00:00:00-04:00,148.77660102253876,149.8704708461417,147.13102114752272,149.1761016845703,908800,0.0,0.0
2016-03-21 00:00:00-04:00,148.88129526146088,149.59469270842058,147.0454782839483,148.5293426513672,396900,0.0,0.0
2016-03-22 00:00:00-04:00,147.85396329993935,149.81342546310483,147.85396329993935,148.23443603515625,402300,0.0,0.0
2016-03-23 00:00:00-04:00,147.02644564228748,148.64347674184944,145.34282382291516,146.33206176757812,489600,0.0,0.0
2016-03-24 00:00:00-04:00,145.5615992005863,146.28450331534256,143.39287234221075,146.1703643798828,634400,0.0,0.0
2016-03-28 00:00:00-04:00,146.17037426663995,146.9027996849626,144.61991922260975,146.379638671875,463500,0.0,0.0
2016-03-29 00:00:00-04:00,145.74230039011522,147.4544566581114,144.8101320663577,146.69349670410156,515600,0.0,0.0
2016-03-30 00:00:00-04:00,147.92053394540542,148.01565938269158,144.6769655370443,147.2737274169922,587600,0.0,0.0
2016-03-31 00:00:00-04:00,147.13101677260175,152.36259571342498,146.90273898057274,151.7252960205078,1050400,0.0,0.0
2016-04-01 00:00:00-04:00,150.38413508341043,155.4444916585166,148.71954162208155,154.141357421875,1087700,0.0,0.0
2016-04-04 00:00:00-04:00,153.6182339042251,153.6182339042251,150.7741511598053,152.1058349609375,581200,0.0,0.0
2016-04-05 00:00:00-04:00,151.07853914425357,153.29482869144886,150.12734266120526,151.58267211914062,652900,0.0,0.0
2016-04-06 00:00:00-04:00,151.4495164822235,157.0045008739488,151.1736613536756,155.8440399169922,920100,0.0,0.0
2016-04-07 00:00:00-04:00,154.47428508606922,155.12110616669412,152.7621432268784,154.05577087402344,717200,0.0,0.0
2016-04-08 00:00:00-04:00,155.43503542143398,159.94369788680402,155.2257710143206,158.06983947753906,724600,0.0,0.0
2016-04-11 00:00:00-04:00,159.4109741781581,160.01973919043002,155.97715517550336,156.09130859375,447200,0.0,0.0
2016-04-12 00:00:00-04:00,156.19596215723172,156.98544237117815,154.9689107131853,155.85353088378906,558200,0.0,0.0
2016-04-13 00:00:00-04:00,156.94736400583182,157.27076721191406,154.06524084612556,157.27076721191406,671500,0.0,0.0
2016-04-14 00:00:00-04:00,156.94737946572184,157.6607766451115,155.4064462027531,157.28030395507812,337800,0.0,0.0
2016-04-15 00:00:00-04:00,156.94740301184885,157.67982828985353,155.77743552607353,157.54666137695312,460900,0.0,0.0
2016-04-18 00:00:00-04:00,157.30884210029373,160.53339684065776,156.66202109625476,160.1148681640625,568300,0.0,0.0
2016-04-19 00:00:00-04:00,160.07683026937337,161.0375478893894,158.1363960662552,159.42051696777344,506400,0.0,0.0
2016-04-20 00:00:00-04:00,159.62980412114243,162.7972757041334,158.71664909193584,161.48463439941406,567500,0.0,0.0
2016-04-21 00:00:00-04:00,161.64630099927052,162.89236582581285,160.2956039995168,160.47633361816406,324000,0.0,0.0
2016-04-22 00:00:00-04:00,161.20874390862667,163.34893557099565,160.162436693264,162.2740936279297,371700,0.0,0.0
2016-04-25 00:00:00-04:00,162.445327437906,162.66409855593187,160.39073963683754,161.26583862304688,307200,0.0,0.0
2016-04-26 00:00:00-04:00,161.97921883567167,163.1206660583607,160.79974465957937,161.94117736816406,517600,0.0,0.0
2016-04-27 00:00:00-04:00,162.43580815856515,165.01354219320328,161.2182779661706,164.11941528320312,708600,0.0,0.0
2016-04-28 00:00:00-04:00,163.1301775984083,164.7281805346428,161.41802122808215,161.7699737548828,381200,0.0,0.0
2016-04-29 00:00:00-04:00,161.46558871579924,161.87459620056214,159.2017366418682,160.97096252441406,814000,0.0,0.0
2016-05-02 00:00:00-04:00,161.8841375897296,164.16700342544016,160.97098254698113,163.7389678955078,560600,0.0,0.0
2016-05-03 00:00:00-04:00,163.06360162181534,167.13473580988102,161.50364001323368,164.7377166748047,911800,0.0,0.0
2016-05-04 00:00:00-04:00,163.57724070258675,165.55573089137027,157.2042279344897,161.1897430419922,1236000,0.0,0.0
2016-05-05 00:00:00-04:00,165.50819981166293,168.4283801889047,163.22533389576577,166.4593963623047,2205600,0.0,0.0
2016-05-06 00:00:00-04:00,166.4213444698828,169.7124762012053,163.20629568543484,169.2273712158203,1648300,0.0,0.0
2016-05-09 00:00:00-04:00,169.66488340914003,174.1164897460189,168.6851523580395,173.35552978515625,1368100,0.0,0.0
2016-05-10 00:00:00-04:00,173.54579648711956,179.4717465486799,173.49823375985596,178.68226623535156,1479500,0.0,0.0
2016-05-11 00:00:00-04:00,178.81541483840905,180.07098652768062,176.77985514144507,177.60739135742188,1246200,0.0,0.0
2016-05-12 00:00:00-04:00,179.05322822977942,180.4990364099201,176.446944684297,177.65496826171875,833200,0.0,0.0
2016-05-13 00:00:00-04:00,177.33158495233815,179.09130456504263,174.78238489050344,175.73358154296875,922500,0.0,0.0
2016-05-16 00:00:00-04:00,176.78936584048134,179.0151619627573,176.38034383569592,177.4647216796875,635500,0.0,0.0
2016-05-17 00:00:00-04:00,177.10327017353708,177.75007679578206,175.4767178502463,177.1413116455078,685800,0.0,0.0
2016-05-18 00:00:00-04:00,175.97134134314308,178.03543587558346,175.66695151567063,176.67523193359375,921100,0.0,0.0
2016-05-19 00:00:00-04:00,175.5528168227294,176.43743708032056,174.268710306628,175.91427612304688,914500,0.0,0.0
2016-05-20 00:00:00-04:00,177.23645927240048,178.96762948874112,176.17112375465237,178.0449676513672,555100,0.0,0.0
2016-05-23 00:00:00-04:00,178.20665955203123,180.65122686526846,177.5883731550961,179.5763702392578,481000,0.0,0.0
2016-05-24 00:00:00-04:00,179.96633487244108,181.96385288383328,178.70124206710648,181.31703186035156,637700,0.0,0.0
2016-05-25 00:00:00-04:00,182.63920850367754,184.40843432009132,181.67850540176158,183.72357177734375,712600,0.0,0.0
2016-05-26 00:00:00-04:00,183.47627111933258,183.98991078381817,181.54534360841583,182.34434509277344,743600,0.0,0.0
2016-05-27 00:00:00-04:00,181.91541558383565,183.36424673008673,181.18145884950846,182.8495330810547,785600,0.4,0.0
2016-05-31 00:00:00-04:00,183.87897671150915,184.04101646452915,178.15986500488407,180.1901397705078,1093800,0.0,0.0
2016-06-01 00:00:00-04:00,180.19018428073298,180.43802182435712,177.71191065568908,179.8946990966797,853600,0.0,0.0
2016-06-02 00:00:00-04:00,179.45617350559084,179.45617350559084,176.4726993112074,179.10348510742188,754000,0.0,0.0
2016-06-03 00:00:00-04:00,178.6936435852298,179.78980082705775,175.89127656659485,177.98828125,708300,0.0,0.0
2016-06-06 00:00:00-04:00,177.51172275470935,179.37997264125497,175.77693279419736,178.36959838867188,634800,0.0,0.0
2016-06-07 00:00:00-04:00,178.23614103123413,179.45621716495512,177.13996910778863,178.3028564453125,525100,0.0,0.0
2016-06-08 00:00:00-04:00,180.19964669495738,181.38158691464832,177.5307254967206,180.91453552246094,804500,0.0,0.0
2016-06-09 00:00:00-04:00,182.20136032889747,182.22995472372153,177.61654146236347,180.37124633789062,680000,0.0,0.0
2016-06-10 00:00:00-04:00,178.72222275678152,178.77941154095143,175.95799152925733,176.85397338867188,626700,0.0,0.0
2016-06-13 00:00:00-04:00,175.46238754782786,177.33062297188536,174.2804322988124,174.32809448242188,576100,0.0,0.0
2016-06-14 00:00:00-04:00,174.19463363829354,175.13829242998497,170.52486399283745,173.16519165039062,1015900,0.0,0.0
2016-06-15 00:00:00-04:00,174.03256987276046,177.22573182867637,173.52738283877298,175.06201171875,555600,0.0,0.0
2016-06-16 00:00:00-04:00,174.21367420470435,175.30030482033703,172.2596415109961,174.70932006835938,700800,0.0,0.0
2016-06-17 00:00:00-04:00,174.26133041613602,174.70931409253313,172.45026975572586,174.18507385253906,873300,0.0,0.0
2016-06-20 00:00:00-04:00,175.86270338146443,178.0931536897797,175.2335975372356,175.50048828125,752500,0.0,0.0
2016-06-21 00:00:00-04:00,175.63391261689563,175.94846550133482,174.1374193060882,175.2145233154297,523100,0.0,0.0
2016-06-22 00:00:00-04:00,175.31939198201613,175.81505248604608,173.66085861555754,175.3003387451172,489300,0.0,0.0
2016-06-23 00:00:00-04:00,177.0351114360602,179.16072524400636,176.26303362769724,179.15118408203125,724000,0.0,0.0
2016-06-24 00:00:00-04:00,173.76566249709305,182.77325960525434,172.59324878954232,179.12255859375,2310200,0.0,0.0
2016-06-27 00:00:00-04:00,177.23527657370133,178.34097500965382,169.88621152919617,170.84893798828125,1070200,0.0,0.0
2016-06-28 00:00:00-04:00,172.99361848816147,174.7855970982027,170.82035700245385,172.4026336669922,787500,0.0,0.0
2016-06-29 00:00:00-04:00,174.680751320122,176.96840500878724,174.0039978304274,176.5394744873047,568000,0.0,0.0
2016-06-30 00:00:00-04:00,177.34962872013665,183.1164018528034,176.4155113348473,183.0115509033203,866100,0.0,0.0
2016-07-01 00:00:00-04:00,182.73514428695452,183.39282986911553,177.9310826500553,180.2759246826172,1052700,0.0,0.0
2016-07-05 00:00:00-04:00,179.74218013203037,180.07578629957558,177.00652810921093,178.0264434814453,401600,0.0,0.0
2016-07-06 00:00:00-04:00,177.72139548023145,186.32865753712986,177.50216693466018,185.7948760986328,923600,0.0,0.0
2016-07-07 00:00:00-04:00,185.8997314073297,186.63368817464206,184.2030627048337,186.2047576904297,757600,0.0,0.0
2016-07-08 00:00:00-04:00,188.11114111514715,188.9499343617899,186.5479176691185,187.49156188964844,625100,0.0,0.0
2016-07-11 00:00:00-04:00,188.25410449238692,190.51314909207025,187.25325697733405,187.3295135498047,538100,0.0,0.0
2016-07-12 00:00:00-04:00,188.34943257821263,190.33204532393947,187.48203041167318,188.66397094726562,495400,0.0,0.0
2016-07-13 00:00:00-04:00,189.66481663852082,189.66481663852082,186.7671395776256,187.65359497070312,603300,0.0,0.0
2016-07-14 00:00:00-04:00,188.45423539365805,189.9888640098324,186.75755250889674,187.86325073242188,410400,0.0,0.0
2016-07-15 00:00:00-04:00,188.5781503048211,189.03568965785036,187.20556133463617,188.32080078125,375200,0.0,0.0
2016-07-18 00:00:00-04:00,188.7211718195227,190.92302764084144,188.09206600073045,190.6084747314453,496600,0.0,0.0
2016-07-19 00:00:00-04:00,190.03657757801398,190.1223753218785,188.092085669134,188.95948791503906,220900,0.0,0.0
2016-07-20 00:00:00-04:00,188.86415571991301,190.63708115644616,187.16748686117703,189.0643310546875,349700,0.0,0.0
2016-07-21 00:00:00-04:00,189.2263172718512,189.9412061238538,186.04266786381697,186.90054321289062,426000,0.0,0.0
2016-07-22 00:00:00-04:00,186.76710816469011,189.46462399352103,186.76710816469011,188.96896362304688,399100,0.0,0.0
2016-07-25 00:00:00-04:00,188.94991033810425,189.51230069624307,187.45341704047934,189.3883819580078,243900,0.0,0.0
2016-07-26 00:00:00-04:00,189.38839269797464,192.505312752669,188.31128863704015,192.4099884033203,465200,0.0,0.0
2016-07-27 00:00:00-04:00,192.63877150807133,194.18292717259035,191.18992565507358,192.08592224121094,413500,0.0,0.0
2016-07-28 00:00:00-04:00,191.82854910574372,196.6993267604677,191.39961861290737,196.07022094726562,624300,0.0,0.0
2016-07-29 00:00:00-04:00,195.74608654753175,196.58489406331526,192.68635607342145,193.16294860839844,820400,0.0,0.0
2016-08-01 00:00:00-04:00,190.09373012086223,190.09373012086223,184.54619945033784,187.1197967529297,1127800,0.0,0.0
2016-08-02 00:00:00-04:00,184.63199809257773,190.1700026101658,183.49770520691192,189.20729064941406,886800,0.0,0.0
2016-08-03 00:00:00-04:00,188.71162404736506,191.58072114569634,188.71162404736506,190.7705078125,525500,0.0,0.0
2016-08-04 00:00:00-04:00,190.4464492878598,190.4464492878598,187.98722916585982,189.1787109375,371300,0.0,0.0
2016-08-05 00:00:00-04:00,189.62669550564672,189.94124841589988,187.96814776370852,189.02618408203125,269700,0.0,0.0
2016-08-08 00:00:00-04:00,189.2072801472055,191.90479626441189,188.33987804225984,191.0469207763672,419000,0.0,0.0
2016-08-09 00:00:00-04:00,190.97065692178091,191.96196311093277,188.87363788702422,190.4940643310547,337800,0.0,0.0
2016-08-10 00:00:00-04:00,191.14224166507958,191.76180627485843,189.82684133388102,190.87535095214844,258100,0.0,0.0
2016-08-11 00:00:00-04:00,191.08504692878097,191.68555828641323,188.87365018251472,189.24539184570312,506200,0.0,0.0
2016-08-12 00:00:00-04:00,189.64571916385418,189.72196117485583,186.69083945398845,187.26275634765625,510900,0.0,0.0
2016-08-15 00:00:00-04:00,187.27230067813758,191.6950795016003,186.70992489098455,190.12232971191406,538800,0.0,0.0
2016-08-16 00:00:00-04:00,190.08422513842973,190.08422513842973,186.82433291153242,187.615478515625,363900,0.0,0.0
2016-08-17 00:00:00-04:00,187.58686777428727,187.64405656451177,181.58179754501043,184.81309509277344,654000,0.0,0.0
2016-08-18 00:00:00-04:00,184.91793900474178,186.58601319679488,183.2498648126887,185.18482971191406,378000,0.0,0.0
2016-08-19 00:00:00-04:00,184.5462412812586,185.41364355833647,182.08702099863416,183.24990844726562,637900,0.0,0.0
2016-08-22 00:00:00-04:00,182.72564675704322,186.38587537235816,180.4951963081284,185.94741821289062,576100,0.0,0.0
2016-08-23 00:00:00-04:00,186.55742170486602,187.5201335889668,185.31827794831702,186.01409912109375,437200,0.0,0.0
2016-08-24 00:00:00-04:00,185.17529724691576,186.719452653136,184.30789520377505,186.300048828125,338600,0.0,0.0
2016-08-25 00:00:00-04:00,186.52883118889363,186.60508775720794,181.86775571602354,182.27761840820312,601800,0.0,0.0
2016-08-26 00:00:00-04:00,182.48729341164096,183.37376316111278,178.57924303716678,179.4656982421875,596600,0.0,0.0
2016-08-29 00:00:00-04:00,179.85653077033697,182.2108995487894,179.85653077033697,180.73345947265625,448400,0.0,0.0
2016-08-30 00:00:00-04:00,181.12515833171886,181.6410146940624,179.3005290881689,180.3895721435547,482100,0.42,0.0
2016-08-31 00:00:00-04:00,179.11901438709657,179.11901438709657,173.51139977457552,174.84881591796875,1004800,0.0,0.0
2016-09-01 00:00:00-04:00,174.4571644006307,176.17671010602092,172.55612364520172,175.3264923095703,631200,0.0,0.0
2016-09-02 00:00:00-04:00,176.48237254748827,176.78806139248235,174.07500911991616,176.37728881835938,641800,0.0,0.0
2016-09-06 00:00:00-04:00,176.4632918347342,177.0078061023864,171.66767428877893,172.86180114746094,774600,0.0,0.0
2016-09-07 00:00:00-04:00,172.86177860358356,175.2309219007471,171.97335533342547,172.8140106201172,619900,0.0,0.0
2016-09-08 00:00:00-04:00,172.82357035352007,173.6355677532206,171.3141924745722,171.8969268798828,399100,0.0,0.0
2016-09-09 00:00:00-04:00,170.62638836644723,170.71236199641203,165.7543452607082,167.17774963378906,1193000,0.0,0.0
2016-09-12 00:00:00-04:00,167.00579639127815,172.28861192432228,166.3084158796757,171.8491668701172,1013700,0.0,0.0
2016-09-13 00:00:00-04:00,170.4544079213531,171.6389868084944,169.2029655215641,170.5212860107422,650500,0.0,0.0
2016-09-14 00:00:00-04:00,170.49262993421192,171.98289768025566,168.40051768428842,169.45135498046875,688500,0.0,0.0
2016-09-15 00:00:00-04:00,169.45135815251163,170.5212910001118,166.96756881144913,169.88124084472656,807300,0.0,0.0
2016-09-16 00:00:00-04:00,169.23161323167642,170.24424481684468,165.7829750826166,166.17465209960938,770400,0.0,0.0
2016-09-19 00:00:00-04:00,167.74136054156023,168.8781714802947,166.30840851661594,167.14907836914062,487500,0.0,0.0
2016-09-20 00:00:00-04:00,168.3527653242024,168.3527653242024,164.7799473391416,166.94847106933594,582200,0.0,0.0
2016-09-21 00:00:00-04:00,168.14259628502333,170.97984264491294,166.99623750592735,170.91297912597656,726500,0.0,0.0
2016-09-22 00:00:00-04:00,172.011560518508,174.32338806008482,172.011560518508,173.78842163085938,954200,0.0,0.0
2016-09-23 00:00:00-04:00,173.387219456981,174.65777218072353,172.59431747554422,173.1865997314453,831700,0.0,0.0
2016-09-26 00:00:00-04:00,172.70894250088963,176.5492584062448,172.70894250088963,175.05899047851562,864500,0.0,0.0
2016-09-27 00:00:00-04:00,175.1258487009064,175.5748269202458,172.3650138337631,175.3742218017578,656600,0.0,0.0
2016-09-28 00:00:00-04:00,176.10024036027005,177.68604403664943,174.45712093744777,176.82627868652344,517800,0.0,0.0
2016-09-29 00:00:00-04:00,175.7754969766695,176.11940614078065,171.85875452855626,174.34254455566406,996200,0.0,0.0
2016-09-30 00:00:00-04:00,174.34245894562798,175.27864998615055,170.7027639158084,171.10398864746094,1117800,0.0,0.0
2016-10-03 00:00:00-04:00,170.9798109102175,172.25036330161518,168.3813903856168,168.99278259277344,730900,0.0,0.0
2016-10-04 00:00:00-04:00,168.55339440283242,170.33025572752103,167.58853058498795,167.84646606445312,712700,0.0,0.0
2016-10-05 00:00:00-04:00,168.7921853280175,170.41619458705816,166.90069287698148,167.90374755859375,855700,0.0,0.0
2016-10-06 00:00:00-04:00,167.31149578470564,170.82701270932736,167.273290140378,170.47354125976562,658900,0.0,0.0
2016-10-07 00:00:00-04:00,170.4735315340686,170.97984010879887,162.26749602480683,162.515869140625,1218400,0.0,0.0
2016-10-10 00:00:00-04:00,163.06996394746196,164.8945933199753,162.2770619493005,163.5953826904297,873400,0.0,0.0
2016-10-11 00:00:00-04:00,160.9491406290821,162.62091771386068,160.7867411757695,161.62741088867188,1033200,0.0,0.0
2016-10-12 00:00:00-04:00,161.4650654458194,162.44902483585818,160.09897670539297,162.29617309570312,631100,0.0,0.0
2016-10-13 00:00:00-04:00,160.96826084055456,164.9709754156931,159.59262470643398,164.2831573486328,624500,0.0,0.0
2016-10-14 00:00:00-04:00,165.26713828274998,166.3943869111949,165.03786070455712,165.63015747070312,625900,0.0,0.0
2016-10-17 00:00:00-04:00,165.8212580076467,169.96726356650163,164.67489897167587,169.2698974609375,873900,0.0,0.0
2016-10-18 00:00:00-04:00,170.83657550089086,170.83657550089086,169.18390792443378,170.24429321289062,678600,0.0,0.0
2016-10-19 00:00:00-04:00,171.14222476184253,171.14222476184253,167.2254981161518,169.4131317138672,542000,0.0,0.0
2016-10-20 00:00:00-04:00,169.05970847980623,171.45751000935698,167.01536384249263,170.33026123046875,522800,0.0,0.0
2016-10-21 00:00:00-04:00,168.98326705446678,171.9542550441323,168.02796563755493,171.69631958007812,532800,0.0,0.0
2016-10-24 00:00:00-04:00,172.6707298107873,173.01463890136395,171.4479451724575,172.279052734375,481900,0.0,0.0
2016-10-25 00:00:00-04:00,171.94470860675523,172.3077132358027,169.9290220184199,170.0723114013672,517200,0.0,0.0
2016-10-26 00:00:00-04:00,171.35237679504638,171.49568072545196,168.35273151881313,170.06272888183594,684400,0.0,0.0
2016-10-27 00:00:00-04:00,170.77926321547704,171.04674648496712,167.3306240158961,168.98329162597656,627500,0.0,0.0
2016-10-28 00:00:00-04:00,169.3749400523716,174.31384650958333,168.34321279775932,173.2152557373047,905600,0.0,0.0
2016-10-31 00:00:00-04:00,174.0654767890978,178.37388091193714,173.4063164821799,177.09378051757812,1459100,0.0,0.0
2016-11-01 00:00:00-04:00,179.98834635346364,186.27423152704623,179.98834635346364,184.258544921875,2244900,0.0,0.0
2016-11-02 00:00:00-04:00,183.7808883331343,186.58947678655676,181.32575673380154,181.93714904785156,1291900,0.0,0.0
2016-11-03 00:00:00-04:00,182.09955074023782,182.39569184608447,178.53628055008645,180.05520629882812,643900,0.0,0.0
2016-11-04 00:00:00-04:00,180.55195330824873,185.8061106796528,180.16027626032607,183.7331085205078,716400,0.0,0.0
2016-11-07 00:00:00-05:00,186.63725536507275,189.53181783659394,185.02279344611156,189.4076385498047,880200,0.0,0.0
2016-11-08 00:00:00-05:00,189.40763515989832,193.16196311105193,188.0702042949746,192.98045349121094,978600,0.0,0.0
2016-11-09 00:00:00-05:00,204.0905634329294,217.8468959369569,204.0905634329294,215.3153533935547,3888400,0.0,0.0
2016-11-10 00:00:00-05:00,218.09532595152618,224.33344331112582,215.94589766930366,223.08200073242188,1892100,0.0,0.0
2016-11-11 00:00:00-05:00,224.01817664847422,224.87794207143875,213.60539729593722,219.470947265625,1861100,0.0,0.0
2016-11-14 00:00:00-05:00,221.6299028499595,225.84278510513738,218.7831090413915,221.15225219726562,1611400,0.0,0.0
2016-11-15 00:00:00-05:00,219.6237463947384,221.60122693270728,215.56371617743477,218.93592834472656,1445600,0.0,0.0
2016-11-16 00:00:00-05:00,214.99058017290648,216.07962317159024,210.2904990956006,210.9783172607422,1681800,0.0,0.0
2016-11-17 00:00:00-05:00,210.9114462466376,213.03221656422357,207.92134813882421,211.18849182128906,1216800,0.0,0.0
2016-11-18 00:00:00-05:00,210.93053888040544,211.96226607726962,208.9148524690465,209.85104370117188,576400,0.0,0.0
2016-11-21 00:00:00-05:00,210.8445735194287,213.17549663692355,209.99435587621034,212.86026000976562,747700,0.0,0.0
2016-11-22 00:00:00-05:00,214.11171402544701,214.46517088974986,209.86061100343173,211.38909912109375,819900,0.0,0.0
2016-11-23 00:00:00-05:00,210.62484518642103,214.59890244461104,209.0677138417721,214.1976776123047,569900,0.0,0.0
2016-11-25 00:00:00-05:00,214.39826755450255,216.4999421130704,214.09257871300076,215.2389373779297,239600,0.0,0.0
2016-11-28 00:00:00-05:00,214.92371739821934,215.09567924013294,206.45974591858007,206.65081787109375,1157500,0.0,0.0
2016-11-29 00:00:00-05:00,206.26789496310514,210.11568066622908,206.20088678028102,209.13937377929688,864400,0.42,0.0
2016-11-30 00:00:00-05:00,211.13030125528448,214.04964143935237,209.3021226115618,210.0487060546875,672000,0.0,0.0
2016-12-01 00:00:00-05:00,210.71872986191107,212.03004875506153,209.6180019039985,211.4365997314453,918300,0.0,0.0
2016-12-02 00:00:00-05:00,211.13031339552253,214.19322187742813,210.26886080038992,213.68592834472656,822900,0.0,0.0
2016-12-05 00:00:00-05:00,215.01636729282907,215.18866364379218,212.60432061503724,213.96348571777344,681300,0.0,0.0
2016-12-06 00:00:00-05:00,214.60477418257247,215.97350548839864,211.12071359808166,215.67678833007812,476200,0.0,0.0
2016-12-07 00:00:00-05:00,216.31810295782176,220.17545557224582,214.86321605204063,220.003173828125,690200,0.0,0.0
2016-12-08 00:00:00-05:00,220.35729663800507,222.30989590526406,218.90240987498828,220.83587646484375,605700,0.0,0.0
2016-12-09 00:00:00-05:00,221.52506839728525,222.58751636883423,218.35687176823464,221.25706481933594,481500,0.0,0.0
2016-12-12 00:00:00-05:00,220.4338818662784,220.79759262086998,213.47532675673793,214.1070556640625,726000,0.0,0.0
2016-12-13 00:00:00-05:00,215.1503822811208,217.26571190081367,210.45072407913923,212.680908203125,647200,0.0,0.0
2016-12-14 00:00:00-05:00,212.35544757502842,215.95436272053544,210.56556364380597,212.30758666992188,576100,0.0,0.0
2016-12-15 00:00:00-05:00,212.48946439935256,214.21235486955626,210.53686493652089,211.92474365234375,587700,0.0,0.0
2016-12-16 00:00:00-05:00,212.4895144722404,214.69098533599123,210.5464808911952,210.948486328125,763300,0.0,0.0
2016-12-19 00:00:00-05:00,210.92928320383996,213.60933334570146,209.34997550502604,213.14031982421875,522400,0.0,0.0
2016-12-20 00:00:00-05:00,212.8149111190675,218.45258188116682,211.57060043061216,216.3563995361328,507600,0.0,0.0
2016-12-21 00:00:00-05:00,216.3564231212959,217.7538830386899,215.08341327294355,215.7917022705078,532600,0.0,0.0
2016-12-22 00:00:00-05:00,214.86321248653957,216.1936639294231,213.79119826064735,214.54734802246094,382600,0.0,0.0
2016-12-23 00:00:00-05:00,215.33224576806356,216.51912920211663,212.278903606947,215.46624755859375,254200,0.0,0.0
2016-12-27 00:00:00-05:00,216.77753536212148,220.6923298263414,216.77753536212148,219.37144470214844,409500,0.0,0.0
2016-12-28 00:00:00-05:00,220.4338941578385,223.74565872617984,215.408805451832,216.48081970214844,486900,0.0,0.0
2016-12-29 00:00:00-05:00,216.3180876646085,217.80168808952246,214.60477826377337,215.20777893066406,436700,0.0,0.0
2016-12-30 00:00:00-05:00,216.64353258157502,216.90196980144106,211.32172675084374,212.0395965576172,422600,0.0,0.0
2017-01-03 00:00:00-05:00,213.91560021019745,215.97348746918175,210.0965282206973,213.762451171875,752900,0.0,0.0
2017-01-04 00:00:00-05:00,213.67634030918683,217.92611718096884,213.26475403655652,216.6626739501953,664900,0.0,0.0
2017-01-05 00:00:00-05:00,216.4616521501154,219.8117109737835,215.4662125258969,216.81581115722656,649800,0.0,0.0
2017-01-06 00:00:00-05:00,216.39461643278273,216.54776545441035,210.12521893393682,210.42193603515625,818400,0.0,0.0
2017-01-09 00:00:00-05:00,210.46029736608668,212.1066133581758,209.13941219438513,209.9625701904297,643700,0.0,0.0
2017-01-10 00:00:00-05:00,210.64214610507574,212.9393235857388,209.84770178669604,211.11114501953125,587700,0.0,0.0
2017-01-11 00:00:00-05:00,212.1448874271451,212.7191891219495,210.37413603908053,212.4416046142578,415700,0.0,0.0
2017-01-12 00:00:00-05:00,212.62347685166722,212.96805496300237,207.51224703777905,210.4985809326172,611700,0.0,0.0
2017-01-13 00:00:00-05:00,210.21144042366512,212.116193772493,209.6658669068271,211.21646118164062,478800,0.0,0.0
2017-01-17 00:00:00-05:00,211.48446282530278,211.48446282530278,207.80897256059748,210.441162109375,635400,0.0,0.0
2017-01-18 00:00:00-05:00,210.71872684024007,216.21282942079358,210.00085698099994,215.70553588867188,622900,0.0,0.0
2017-01-19 00:00:00-05:00,216.25106376983024,217.581529649195,215.38005962422918,216.08834838867188,727600,0.0,0.0
2017-01-20 00:00:00-05:00,217.3900877942958,219.33312065067622,216.77750622290142,217.99310302734375,612700,0.0,0.0
2017-01-23 00:00:00-05:00,218.8067105415864,220.01272649075656,215.8490760054846,217.6198272705078,607300,0.0,0.0
2017-01-24 00:00:00-05:00,219.38102948669592,225.47814751780237,218.60573236343228,224.4539794921875,727500,0.0,0.0
2017-01-25 00:00:00-05:00,227.39241926358196,232.86735888530907,227.38283832006402,231.63262939453125,1432800,0.0,0.0
2017-01-26 00:00:00-05:00,231.65179353960576,233.5278183634877,229.55561147014038,231.2689208984375,795300,0.0,0.0
2017-01-27 00:00:00-05:00,232.17823520399043,232.34095060021366,228.50273085984338,229.50775146484375,420100,0.0,0.0
2017-01-30 00:00:00-05:00,227.80404085887574,227.80404085887574,223.2862452667119,225.22927856445312,606800,0.0,0.0
2017-01-31 00:00:00-05:00,224.82728539433822,226.55017611288648,217.02643815312632,219.763916015625,1151100,0.0,0.0
2017-02-01 00:00:00-05:00,221.38147020417642,222.28120269807897,218.75886185950583,220.6253204345703,649300,0.0,0.0
2017-02-02 00:00:00-05:00,219.64900595631485,220.50087751321567,217.3326812128891,218.79713439941406,602900,0.0,0.0
2017-02-03 00:00:00-05:00,220.0127557620223,223.33410149001887,218.81630599271807,221.0177764892578,491100,0.0,0.0
2017-02-06 00:00:00-05:00,220.9698925901219,221.63990147021175,219.85001747516492,220.70188903808594,524200,0.0,0.0
2017-02-07 00:00:00-05:00,214.27932525597728,219.18955891312063,211.8481461816116,216.91151428222656,1086700,0.0,0.0
2017-02-08 00:00:00-05:00,216.91154801488253,218.85458122983738,213.7624987163658,216.55740356445312,500400,0.0,0.0
2017-02-09 00:00:00-05:00,217.27527302883837,217.59113751316622,215.21738531575917,215.66725158691406,520100,0.0,0.0
2017-02-10 00:00:00-05:00,217.1699680170888,221.25704410584424,216.7488154039957,220.45303344726562,519600,0.0,0.0
2017-02-13 00:00:00-05:00,222.69278505012736,224.38694724714665,220.17545030057784,221.47718811035156,664300,0.0,0.0
2017-02-14 00:00:00-05:00,216.91152086558205,219.29485371406514,211.87686623313274,216.7105255126953,1557100,0.0,0.0
2017-02-15 00:00:00-05:00,215.02595445472824,216.59569602448238,210.5368870266321,212.48948669433594,1739600,0.0,0.0
2017-02-16 00:00:00-05:00,212.44160189679846,213.1786189878468,210.57514332020727,212.0395965576172,772600,0.0,0.0
2017-02-17 00:00:00-05:00,211.35998797466,211.53226969065864,206.038168378415,208.23007202148438,835100,0.0,0.0
2017-02-21 00:00:00-05:00,208.90011746174153,212.19274937046293,208.70868843090634,210.55599975585938,727100,0.0,0.0
2017-02-22 00:00:00-05:00,210.46984566820015,211.8864379335572,209.34997057277283,209.560546875,749100,0.0,0.0
2017-02-23 00:00:00-05:00,210.28800197249765,210.8144427755905,197.5003466528481,199.74009704589844,1913500,0.0,0.0
2017-02-24 00:00:00-05:00,198.2086262132965,202.2669884718719,197.2706138261376,201.0513916015625,985800,0.0,0.0
2017-02-27 00:00:00-05:00,201.47255147387028,210.28798417415305,199.99851734996957,206.03819274902344,825400,0.0,0.0
2017-02-28 00:00:00-05:00,206.41151855375736,209.9338744432231,204.75563608067804,206.69866943359375,1167800,0.0,0.0
2017-03-01 00:00:00-05:00,213.46576407452227,215.34178894010626,210.41242224191043,212.74789428710938,1166900,0.0,0.0
2017-03-02 00:00:00-05:00,212.8054088914496,212.8629448509752,208.67224329439858,210.0339813232422,710900,0.42,0.0
2017-03-03 00:00:00-05:00,209.92849152842828,212.7478705759338,207.08992895037778,208.758544921875,675900,0.0,0.0
2017-03-06 00:00:00-05:00,207.07080047600195,208.76818487824548,204.81722523479192,205.87208557128906,753900,0.0,0.0
2017-03-07 00:00:00-05:00,205.7186319327255,206.14058186042635,200.42510356904347,201.3169403076172,839200,0.0,0.0
2017-03-08 00:00:00-05:00,200.99090486405368,203.57054146041642,200.99090486405368,202.19921875,577100,0.0,0.0
2017-03-09 00:00:00-05:00,201.77723893761217,204.15548465678194,197.41391477544101,199.6195526123047,610300,0.0,0.0
2017-03-10 00:00:00-05:00,200.77991588018213,204.3952435696582,200.03191906618682,204.0787811279297,707900,0.0,0.0
2017-03-13 00:00:00-04:00,203.64728139275863,206.34199019801002,203.06230792511414,206.11183166503906,567400,0.0,0.0
2017-03-14 00:00:00-04:00,204.17471086887147,204.74050077836623,200.722406173607,202.98558044433594,500400,0.0,0.0
2017-03-15 00:00:00-04:00,203.73355823462114,206.38991424714234,201.029265337769,205.23915100097656,553500,0.0,0.0
2017-03-16 00:00:00-04:00,205.71864888572424,205.82413637634252,200.60732708167293,201.73890686035156,658100,0.0,0.0
2017-03-17 00:00:00-04:00,202.34308417603438,204.3856991395334,201.0005292810473,203.2541046142578,572300,0.0,0.0
2017-03-20 00:00:00-04:00,203.33079970727903,203.33079970727903,200.90460210309783,202.44854736328125,365000,0.0,0.0
2017-03-21 00:00:00-04:00,203.378775526955,203.87744504453704,199.0729861483013,200.51144409179688,526300,0.0,0.0
2017-03-22 00:00:00-04:00,199.94563017027542,204.3473074377037,198.50717239926627,203.8198699951172,715300,0.0,0.0
2017-03-23 00:00:00-04:00,203.66643670682382,205.8624757027103,201.56628611182515,204.73089599609375,672200,0.0,0.0
2017-03-24 00:00:00-04:00,204.40480074263886,204.4911193117718,198.01806069332832,198.73728942871094,812100,0.0,0.0
2017-03-27 00:00:00-04:00,195.47681010442852,199.67711131182634,193.49174606811968,198.54551696777344,718900,0.0,0.0
2017-03-28 00:00:00-04:00,198.02767599961533,203.3307888642394,198.02767599961533,201.30735778808594,767500,0.0,0.0
2017-03-29 00:00:00-04:00,202.4869100862634,205.9200312315513,201.38409825842436,205.47891235351562,591600,0.0,0.0
2017-03-30 00:00:00-04:00,204.89391249400393,207.89548419268274,202.2855081012956,202.88006591796875,705900,0.0,0.0
2017-03-31 00:00:00-04:00,205.2199481907306,210.08194183747264,204.33769596378423,209.2955780029297,927600,0.0,0.0
2017-04-03 00:00:00-04:00,209.24765214553364,209.66001764494348,204.05961098958602,205.63232421875,634300,0.0,0.0
2017-04-04 00:00:00-04:00,205.50762760963497,207.2625474858167,203.92531560680908,207.1474609375,450300,0.0,0.0
2017-04-05 00:00:00-04:00,207.5215131211244,209.9956623768395,205.83372784642532,206.15977478027344,833200,0.0,0.0
2017-04-06 00:00:00-04:00,206.0254879080526,209.40107257587033,205.31585817577258,209.25723266601562,848400,0.0,0.0
2017-04-07 00:00:00-04:00,209.7271079874301,214.37812658827826,209.7271079874301,212.325927734375,873400,0.0,0.0
2017-04-10 00:00:00-04:00,212.45061893438515,212.92052041248758,210.5422743023606,211.27108764648438,398000,0.0,0.0
2017-04-11 00:00:00-04:00,210.8203398543301,211.17516934174105,205.2870835539232,210.58059692382812,533800,0.0,0.0
2017-04-12 00:00:00-04:00,209.8230149652819,209.8230149652819,203.0622614223108,204.05958557128906,786100,0.0,0.0
2017-04-13 00:00:00-04:00,203.59926715848863,204.55823880136805,201.47034894067667,201.48953247070312,496000,0.0,0.0
2017-04-17 00:00:00-04:00,201.93071417162548,204.11716886982458,201.5375321921271,203.96372985839844,456600,0.0,0.0
2017-04-18 00:00:00-04:00,202.41019851779726,204.4240306541355,200.83747061215777,202.08413696289062,310100,0.0,0.0
2017-04-19 00:00:00-04:00,203.06226503192306,205.09528042910233,202.08410976435206,202.49647521972656,484200,0.0,0.0
2017-04-20 00:00:00-04:00,203.9061422916344,209.86134791732619,203.27321750421675,208.37493896484375,474500,0.0,0.0
2017-04-21 00:00:00-04:00,208.6530512502717,210.9641764152301,207.56940861426506,209.9093017578125,560900,0.0,0.0
2017-04-24 00:00:00-04:00,212.39306856729272,214.39733073508734,209.92851866888248,213.6685028076172,553700,0.0,0.0
2017-04-25 00:00:00-04:00,214.8480385358985,215.59605001213166,212.95887752650702,214.3302001953125,655300,0.0,0.0
2017-04-26 00:00:00-04:00,214.37814012745764,214.62746751756256,211.74096778434648,212.07659912109375,487800,0.0,0.0
2017-04-27 00:00:00-04:00,211.93276602657866,214.80009695237467,209.89015142719146,214.1863555908203,529000,0.0,0.0
2017-04-28 00:00:00-04:00,213.9945387677881,214.7041831259624,210.7723931234319,211.15599060058594,542300,0.0,0.0
2017-05-01 00:00:00-04:00,212.4218414476169,217.17834808786108,210.88749532344843,213.72604370117188,989000,0.0,0.0
2017-05-02 00:00:00-04:00,222.65404305513604,233.40412228785928,221.52246346892673,230.00936889648438,1761200,0.0,0.0
2017-05-03 00:00:00-04:00,228.6188910878504,234.2960175128682,227.38182379700763,229.16551208496094,744200,0.0,0.0
2017-05-04 00:00:00-04:00,229.42443895940218,232.5123295987021,227.22838514913778,227.27633666992188,924200,0.0,0.0
2017-05-05 00:00:00-04:00,228.64761132696168,228.73392989930892,225.837831319822,227.80372619628906,456300,0.0,0.0
2017-05-08 00:00:00-04:00,227.14207014061546,227.14207014061546,223.68018122002454,224.67750549316406,389000,0.0,0.0
2017-05-09 00:00:00-04:00,225.0323356126487,227.27632620764928,223.29659892251368,224.2459716796875,412600,0.0,0.0
2017-05-10 00:00:00-04:00,226.06805901535762,229.31897343048982,224.19805195492006,224.66795349121094,788600,0.0,0.0
2017-05-11 00:00:00-04:00,224.02541056638333,224.84054247780196,219.27850291801633,224.16925048828125,581500,0.0,0.0
2017-05-12 00:00:00-04:00,222.7307772134472,223.69934806254452,220.50597032425657,221.0813446044922,405900,0.0,0.0
2017-05-15 00:00:00-04:00,221.84855596737796,225.76116307765778,221.11015813951445,225.5406036376953,502700,0.0,0.0
2017-05-16 00:00:00-04:00,225.54057505952264,225.9625249835509,222.51022072581787,223.4691925048828,430900,0.0,0.0
2017-05-17 00:00:00-04:00,223.46921332727277,223.46921332727277,214.67544304979208,215.54811096191406,983600,0.0,0.0
2017-05-18 00:00:00-04:00,214.33980539890754,220.64025784377293,212.34514207890106,219.87307739257812,773400,0.0,0.0
2017-05-19 00:00:00-04:00,220.92792085594732,222.6348894343889,218.70309932783363,219.01956176757812,472500,0.0,0.0
2017-05-22 00:00:00-04:00,219.89223329508786,222.8746361326706,219.6045388329492,222.26089477539062,440600,0.0,0.0
2017-05-23 00:00:00-04:00,222.5294503920961,224.10216385049858,220.2950439277207,221.58006286621094,398000,0.0,0.0
2017-05-24 00:00:00-04:00,221.38823810763856,222.65407331906079,216.03717351979932,218.0797882080078,500900,0.0,0.0
2017-05-25 00:00:00-04:00,218.92369303849787,221.62800087488995,218.6168296333241,220.11282348632812,382200,0.0,0.0
2017-05-26 00:00:00-04:00,219.30727195050267,219.90182980752076,217.4468642437376,218.41542053222656,336100,0.0,0.0
2017-05-30 00:00:00-04:00,217.40665109352844,219.5491197612717,215.85025123642,217.8197784423828,440400,0.42,0.0
2017-05-31 00:00:00-04:00,217.84857657494734,217.93503996681693,214.25539080617875,215.3026123046875,623700,0.0,0.0
2017-06-01 00:00:00-04:00,215.36985208618356,219.98142346377355,213.6213066736337,219.01107788085938,548100,0.0,0.0
2017-06-02 00:00:00-04:00,219.11676726478163,220.63472902616508,217.22410148179463,217.65643310546875,367100,0.0,0.0
2017-06-05 00:00:00-04:00,217.44508571401522,219.28971153931215,217.14725756417113,218.74208068847656,342800,0.0,0.0
2017-06-06 00:00:00-04:00,218.12718796568373,220.24083529831523,216.50354383802664,216.81097412109375,415800,0.0,0.0
2017-06-07 00:00:00-04:00,217.041561689321,220.9517800046871,217.041561689321,218.59796142578125,446100,0.0,0.0
2017-06-08 00:00:00-04:00,218.59797702090833,225.8515936977002,217.18568284085313,222.99818420410156,630500,0.0,0.0
2017-06-09 00:00:00-04:00,223.95889843035468,226.69702303158127,223.00775717039804,225.60177612304688,478300,0.0,0.0
2017-06-12 00:00:00-04:00,224.44890167554672,225.48650646047196,220.60592750609757,222.99818420410156,360800,0.0,0.0
2017-06-13 00:00:00-04:00,223.51696888459847,227.1485781332617,223.36326106639515,226.3319549560547,355000,0.0,0.0
2017-06-14 00:00:00-04:00,226.33194161105146,227.55208988597403,220.14475150486967,221.85487365722656,397100,0.0,0.0
2017-06-15 00:00:00-04:00,218.63639076351765,220.81726780815814,218.05993883801483,220.41375732421875,243000,0.0,0.0
2017-06-16 00:00:00-04:00,220.82687218379087,223.5938031548888,219.0687100358185,221.28802490234375,639200,0.0,0.0
2017-06-19 00:00:00-04:00,221.18236975067305,223.26718138657353,220.53867336482398,222.63308715820312,369700,0.0,0.0
2017-06-20 00:00:00-04:00,222.19114843268002,222.61387790889026,218.41541893814954,220.14476013183594,401900,0.0,0.0
2017-06-21 00:00:00-04:00,220.97098350620897,221.17274607188781,217.74288507381397,218.1752166748047,358500,0.0,0.0
2017-06-22 00:00:00-04:00,218.13682558349728,220.1831993728178,216.26337859618283,217.5027313232422,511100,0.0,0.0
2017-06-23 00:00:00-04:00,217.742912800146,219.84694347396982,216.9935340203982,219.30892944335938,708000,0.0,0.0
2017-06-26 00:00:00-04:00,221.46101461383344,225.95730254186077,221.28808779264784,223.11349487304688,1053100,0.0,0.0
2017-06-27 00:00:00-04:00,222.67148924910902,222.67148924910902,216.34017946203005,216.44586181640625,566700,0.0,0.0
2017-06-28 00:00:00-04:00,218.2713165307408,219.73165074491013,217.12802942845062,218.3769989013672,598700,0.0,0.0
2017-06-29 00:00:00-04:00,217.61798046380324,217.61798046380324,211.84391795488946,212.6893768310547,717200,0.0,0.0
2017-06-30 00:00:00-04:00,213.3234298031895,215.27375213361339,210.40277670471446,213.8422393798828,768400,0.0,0.0
2017-07-03 00:00:00-04:00,214.87988551549742,215.89827123626952,212.12254182006487,214.59165954589844,265200,0.0,0.0
2017-07-05 00:00:00-04:00,214.45717171000044,218.1656423182252,213.11213663335224,217.93505859375,677200,0.0,0.0
2017-07-06 00:00:00-04:00,216.68610325525722,218.36740454099248,215.77339977495768,217.1280517578125,582000,0.0,0.0
2017-07-07 00:00:00-04:00,216.8782203151753,219.63554918104936,215.38906511375708,218.9534149169922,494100,0.0,0.0
2017-07-10 00:00:00-04:00,218.23284553616705,218.38656799012514,215.90784839422602,215.91746520996094,382800,0.0,0.0
2017-07-11 00:00:00-04:00,216.1192541374351,216.1192541374351,210.5949788400401,212.05531311035156,490000,0.0,0.0
2017-07-12 00:00:00-04:00,214.0536423657277,216.76293125612082,212.86231521703098,216.2537384033203,423300,0.0,0.0
2017-07-13 00:00:00-04:00,216.9166454603467,220.01024040653104,215.32180788490388,215.53317260742188,534100,0.0,0.0
2017-07-14 00:00:00-04:00,216.17684140531097,217.4065916380396,214.1112492052784,214.50515747070312,326600,0.0,0.0
2017-07-17 00:00:00-04:00,214.20739138241063,216.39788553455261,213.45799791583045,214.9951934814453,312600,0.0,0.0
2017-07-18 00:00:00-04:00,213.28506806484944,213.54447292804596,211.55572674317781,211.94003295898438,325000,0.0,0.0
2017-07-19 00:00:00-04:00,212.08414701051396,215.2065636709179,211.58455624010986,215.1585235595703,238300,0.0,0.0
2017-07-20 00:00:00-04:00,215.13929474098904,216.35944314643683,213.36192798070866,215.9559326171875,317200,0.0,0.0
2017-07-21 00:00:00-04:00,215.23537496244933,216.46512552583192,214.74540103259292,215.85025024414062,283700,0.0,0.0
2017-07-24 00:00:00-04:00,215.52359223559228,218.17523903186773,214.5820677054324,218.08877563476562,524600,0.0,0.0
2017-07-25 00:00:00-04:00,219.1455841064453,220.97099077502205,218.3193441632431,219.1455841064453,583400,0.0,0.0
2017-07-26 00:00:00-04:00,219.0014484668735,219.41457573945047,215.58120441200043,218.61715698242188,525600,0.0,0.0
2017-07-27 00:00:00-04:00,218.6076030966476,220.14479879652492,215.27383612690375,216.88787841796875,576300,0.0,0.0
2017-07-28 00:00:00-04:00,216.0039585834702,217.92544554539074,214.19775614813463,217.6083984375,444800,0.0,0.0
2017-07-31 00:00:00-04:00,217.9158417234154,221.32646932694445,217.02234266986122,217.5411376953125,876100,0.0,0.0
2017-08-01 00:00:00-04:00,215.1104506716822,221.93173496972935,196.96200764950987,203.64878845214844,2232800,0.0,0.0
2017-08-02 00:00:00-04:00,201.09324820209045,209.60543740752644,201.09324820209045,207.74159240722656,1721800,0.0,0.0
2017-08-03 00:00:00-04:00,207.67432307717974,209.2115039153503,202.27493451896126,202.55355834960938,761700,0.0,0.0
2017-08-04 00:00:00-04:00,203.18765302507842,206.1275258608812,202.40943845696935,206.00262451171875,591500,0.0,0.0
2017-08-07 00:00:00-04:00,205.80084876100662,208.39485299136268,205.28203911906695,205.6086883544922,462100,0.0,0.0
2017-08-08 00:00:00-04:00,204.87855868166736,205.91616345784576,201.1412669197741,201.63124084472656,525400,0.0,0.0
2017-08-09 00:00:00-04:00,201.61199908783783,203.87935399402159,201.3525942770214,202.66880798339844,501600,0.0,0.0
2017-08-10 00:00:00-04:00,201.78493300132035,202.563132801549,197.0004350245133,198.672119140625,595900,0.0,0.0
2017-08-11 00:00:00-04:00,198.4415367408997,199.10445198081533,195.32872308990537,196.73141479492188,523300,0.0,0.0
2017-08-14 00:00:00-04:00,198.45120419591052,199.60409363348194,196.60657816383934,197.35595703125,636800,0.0,0.0
2017-08-15 00:00:00-04:00,197.5768944901365,198.97958644745225,196.3279396706234,198.2686309814453,483100,0.0,0.0
2017-08-16 00:00:00-04:00,199.45993339742975,199.6905170857915,196.38555751817577,197.05807495117188,428500,0.0,0.0
2017-08-17 00:00:00-04:00,196.52007992256176,197.3367030770324,192.3984822225451,192.5426025390625,539100,0.0,0.0
2017-08-18 00:00:00-04:00,192.14871590369296,194.26234884667684,188.1231979599452,192.66751098632812,861600,0.0,0.0
2017-08-21 00:00:00-04:00,193.2151172223678,193.2151172223678,190.3328868513871,191.13990783691406,436400,0.0,0.0
2017-08-22 00:00:00-04:00,191.6395138033394,193.57060302818593,190.986200577461,192.9365234375,509500,0.0,0.0
2017-08-23 00:00:00-04:00,191.69714951158986,195.9724551575187,190.96698972861876,195.41522216796875,823200,0.0,0.0
2017-08-24 00:00:00-04:00,195.35758491537072,195.6746320378924,192.05262484278674,192.12948608398438,622500,0.0,0.0
2017-08-25 00:00:00-04:00,192.65785337304393,192.65785337304393,186.3842007773914,187.86373901367188,943200,0.0,0.0
2017-08-28 00:00:00-04:00,187.86378144743134,192.97494401044366,183.5884757154576,192.48497009277344,1160400,0.0,0.0
2017-08-29 00:00:00-04:00,190.6979806374596,194.99250521121414,190.65954268837552,194.85800170898438,814700,0.0,0.0
2017-08-30 00:00:00-04:00,194.91562074260486,206.55982576432936,194.40642792629382,205.4069366455078,1200000,0.0,0.0
2017-08-31 00:00:00-04:00,206.98579325367055,207.8618761832773,202.22993128153314,204.08799743652344,1464300,0.44,0.0
2017-09-01 00:00:00-04:00,204.40573725884948,204.92560218895125,200.3719179831927,203.67405700683594,509600,0.0,0.0
2017-09-05 00:00:00-04:00,203.47187490360855,203.51999938746906,198.9759375460258,200.05419921875,792300,0.0,0.0
2017-09-06 00:00:00-04:00,200.2466980822641,201.89296345798718,198.5811887931481,201.31532287597656,559800,0.0,0.0
2017-09-07 00:00:00-04:00,202.3455051377773,202.3455051377773,198.64864518062487,201.06509399414062,559800,0.0,0.0
2017-09-08 00:00:00-04:00,201.12281009050983,204.29016772435565,200.24672713369694,204.09762573242188,674200,0.0,0.0
2017-09-11 00:00:00-04:00,204.40572236952664,205.48396936972324,196.03964208903687,196.64614868164062,1136100,0.0,0.0
2017-09-12 00:00:00-04:00,196.86758829688935,197.78217386618797,196.3284501003422,197.5029754638672,816100,0.0,0.0
2017-09-13 00:00:00-04:00,196.80981643426887,197.06975623372765,190.77354274138312,195.71231079101562,1558500,0.0,0.0
2017-09-14 00:00:00-04:00,194.62441045112212,195.73153787529722,191.4474163039082,192.00579833984375,956500,0.0,0.0
2017-09-15 00:00:00-04:00,191.14898460148783,192.41015155846011,189.0791177639271,191.77474975585938,879300,0.0,0.0
2017-09-18 00:00:00-04:00,192.44865705748512,197.5125982601446,192.06357306268785,194.85546875,836800,0.0,0.0
2017-09-19 00:00:00-04:00,195.31759734422124,195.97224310747416,189.87819382183721,191.72662353515625,982000,0.0,0.0
2017-09-20 00:00:00-04:00,192.58344216926255,196.09739613179056,190.90831059595996,194.6147918701172,643200,0.0,0.0
2017-09-21 00:00:00-04:00,195.5871728912098,196.47287793986877,190.91795175913393,192.3524169921875,558100,0.0,0.0
2017-09-22 00:00:00-04:00,192.15986600723008,192.708611476012,190.89868424491348,191.28378295898438,489900,0.0,0.0
2017-09-25 00:00:00-04:00,191.3511455194502,191.74586615026155,188.13564872457502,188.8288116455078,658300,0.0,0.0
2017-09-26 00:00:00-04:00,189.1753715773209,190.32101612709673,187.0381219293381,189.2235107421875,624600,0.0,0.0
2017-09-27 00:00:00-04:00,189.4449630236225,196.83869626994507,189.42570441664932,195.03839111328125,803600,0.0,0.0
2017-09-28 00:00:00-04:00,195.37532551369017,198.3212603313167,195.33680830469535,197.35853576660156,716000,0.0,0.0
2017-09-29 00:00:00-04:00,198.27314761171112,199.68835408581035,196.3091957013357,198.54270935058594,577500,0.0,0.0
2017-10-02 00:00:00-04:00,198.9374278386764,199.70761052281244,196.771297302676,197.34893798828125,371600,0.0,0.0
2017-10-03 00:00:00-04:00,197.97471650790553,199.93866852939394,196.2899481996137,198.7160186767578,527000,0.0,0.0
2017-10-04 00:00:00-04:00,199.0818307762256,199.0818307762256,195.96261220425166,198.2924041748047,335400,0.0,0.0
2017-10-05 00:00:00-04:00,198.17689589118513,202.55728175670652,197.73403604207022,202.08555603027344,390100,0.0,0.0
2017-10-06 00:00:00-04:00,200.90136642060932,202.04701106750088,197.91692891602997,198.27313232421875,727300,0.0,0.0
2017-10-09 00:00:00-04:00,199.03372565887815,200.57407648786443,197.1371566732396,198.25390625,406400,0.0,0.0
2017-10-10 00:00:00-04:00,198.75452954866128,198.75452954866128,195.2020727304663,197.4933624267578,595700,0.0,0.0
2017-10-11 00:00:00-04:00,198.13837928545414,198.6678808381973,195.8856068865256,196.1359100341797,371100,0.0,0.0
2017-10-12 00:00:00-04:00,195.6545545623526,198.3020477294922,195.6545545623526,198.3020477294922,342700,0.0,0.0
2017-10-13 00:00:00-04:00,199.28402470406587,199.9386704876358,196.80019306814106,196.94461059570312,297200,0.0,0.0
2017-10-16 00:00:00-04:00,198.1576163434754,198.18649690775564,193.84461402748283,197.87841796875,374700,0.0,0.0
2017-10-17 00:00:00-04:00,196.8868231615736,197.9458262078638,195.60639754742746,195.8952178955078,452500,0.0,0.0
2017-10-18 00:00:00-04:00,196.76167053130757,197.21415229629395,194.8362212130719,195.7700653076172,524900,0.0,0.0
2017-10-19 00:00:00-04:00,195.75081672780615,202.20106933628227,195.43311581122276,201.69082641601562,709600,0.0,0.0
2017-10-20 00:00:00-04:00,202.51877836821762,208.4202857681815,201.9122570767981,208.1025848388672,708000,0.0,0.0
2017-10-23 00:00:00-04:00,208.4780815570088,209.3830453200268,205.031524627012,205.30108642578125,498300,0.0,0.0
2017-10-24 00:00:00-04:00,206.08083311604332,209.85471192424282,205.08922791672106,208.5165252685547,527900,0.0,0.0
2017-10-25 00:00:00-04:00,206.9087776498038,207.87150228879787,202.22993531669215,204.3190460205078,677000,0.0,0.0
2017-10-26 00:00:00-04:00,205.01222547408508,209.3926258728767,202.77871177024804,208.83424377441406,508200,0.0,0.0
2017-10-27 00:00:00-04:00,208.0640848655903,209.20010780001328,205.06038810680252,209.0268096923828,367100,0.0,0.0
2017-10-30 00:00:00-04:00,208.8246264729141,210.9811204847117,208.1796026611701,209.7392120361328,465500,0.0,0.0
2017-10-31 00:00:00-04:00,209.85472990398037,210.9522354948347,207.95816103443187,208.76686096191406,412700,0.0,0.0
2017-11-01 00:00:00-04:00,208.81497456107604,209.78733587712145,205.20475705697714,209.2000732421875,734800,0.0,0.0
2017-11-02 00:00:00-04:00,203.56813457043788,212.91619785696614,198.533088510224,201.17095947265625,1755800,0.0,0.0
2017-11-03 00:00:00-04:00,199.84241216883348,205.32994049258212,199.50545261886055,203.91473388671875,589400,0.0,0.0
2017-11-06 00:00:00-05:00,203.26006692898204,208.2373517749982,203.26006692898204,204.64639282226562,452000,0.0,0.0
2017-11-07 00:00:00-05:00,203.98211800538053,205.46470760789248,200.0541993920849,202.210693359375,539300,0.0,0.0
2017-11-08 00:00:00-05:00,202.26847650802506,205.57061536004457,200.83401133746057,205.25291442871094,468600,0.0,0.0
2017-11-09 00:00:00-05:00,204.75231298625926,206.0231168328844,201.7678747807267,205.0122528076172,474700,0.0,0.0
2017-11-10 00:00:00-05:00,204.54054021282866,205.69580716327062,203.20235317964696,205.30108642578125,262800,0.0,0.0
2017-11-13 00:00:00-05:00,203.7895643568665,205.14700975551105,203.1830577645041,204.5501251220703,353300,0.0,0.0
2017-11-14 00:00:00-05:00,204.40574848694612,205.14703604929056,203.27934747815837,204.251708984375,448400,0.0,0.0
2017-11-15 00:00:00-05:00,203.71257989423486,203.71257989423486,198.11913629259047,198.49459838867188,640900,0.0,0.0
2017-11-16 00:00:00-05:00,198.97590356135592,203.06748291157552,198.22497958522237,201.5752716064453,483700,0.0,0.0
2017-11-17 00:00:00-05:00,200.6703204886592,202.54763054417825,199.56317837078052,199.97715759277344,361400,0.0,0.0
2017-11-20 00:00:00-05:00,200.0445672256195,203.7895658759567,199.87128382365674,200.95916748046875,325500,0.0,0.0
2017-11-21 00:00:00-05:00,201.70041272179242,201.85445217351608,199.62093888356569,199.70758056640625,459000,0.0,0.0
2017-11-22 00:00:00-05:00,200.41045295764675,200.71853199574326,199.02412666624653,199.4092254638672,632600,0.0,0.0
2017-11-24 00:00:00-05:00,199.70761033987165,200.29487298336096,198.11910580091876,198.22500610351562,135000,0.0,0.0
2017-11-27 00:00:00-05:00,198.32127045783017,198.9951747495389,192.8048625335414,194.29708862304688,621900,0.0,0.0
2017-11-28 00:00:00-05:00,194.2393502090372,197.03126094088196,193.53656521878605,196.73281860351562,422400,0.0,0.0
2017-11-29 00:00:00-05:00,196.89648455716755,201.14208985450995,195.19245751033432,200.7377471923828,511600,0.0,0.0
2017-11-30 00:00:00-05:00,200.85352907897558,201.6542822129128,197.56369161475988,201.04647827148438,542600,0.44,0.0
2017-12-01 00:00:00-05:00,201.45164108289637,201.45164108289637,193.6274327057081,195.5087127685547,533200,0.0,0.0
2017-12-04 00:00:00-05:00,197.74697568136565,203.8732112038817,197.20671211625194,201.09469604492188,648700,0.0,0.0
2017-12-05 00:00:00-05:00,201.8085780461369,202.5803893280985,196.88830872564873,198.6441650390625,416900,0.0,0.0
2017-12-06 00:00:00-05:00,198.3065150042321,198.8853624461473,193.92649428291793,194.40887451171875,590900,0.0,0.0
2017-12-07 00:00:00-05:00,194.40891297264102,204.23982633587443,193.99407295991898,201.20083618164062,664500,0.0,0.0
2017-12-08 00:00:00-05:00,202.52251515675738,207.8769386846438,201.49987141867172,206.5552215576172,868000,0.0,0.0
2017-12-11 00:00:00-05:00,206.51664959652118,207.51035182680675,200.07205591967585,201.32623291015625,604900,0.0,0.0
2017-12-12 00:00:00-05:00,200.74739310186382,202.83127958996084,199.23271185083402,199.94664001464844,708000,0.0,0.0
2017-12-13 00:00:00-05:00,199.9659570993617,201.9437195051679,198.87577278295902,200.67987060546875,453600,0.0,0.0
2017-12-14 00:00:00-05:00,201.15257951644128,201.83756600070205,193.72392604686024,195.0745849609375,776400,0.0,0.0
2017-12-15 00:00:00-05:00,197.0909185700086,198.6827822478652,196.2998226049248,197.2356414794922,813300,0.0,0.0
2017-12-18 00:00:00-05:00,198.75031036178066,201.71213223824876,196.71466506614914,200.313232421875,584400,0.0,0.0
2017-12-19 00:00:00-05:00,200.7763062671849,201.38411008694567,195.93320448296407,196.49276733398438,639500,0.0,0.0
2017-12-20 00:00:00-05:00,197.66977899308668,198.29686743199375,195.12281185243447,197.4285888671875,510300,0.0,0.0
2017-12-21 00:00:00-05:00,198.99151605216832,204.953744215002,197.94957283766112,203.0724639892578,731500,0.0,0.0
2017-12-22 00:00:00-05:00,202.94700642419124,204.8379433608547,201.1043104536662,203.6609344482422,297600,0.0,0.0
2017-12-26 00:00:00-05:00,203.6416826135764,210.61689808862388,203.42943408992477,209.90298461914062,626500,0.0,0.0
2017-12-27 00:00:00-05:00,210.53001099939524,211.99645089679345,208.27247524649047,210.51071166992188,643500,0.0,0.0
2017-12-28 00:00:00-05:00,210.87737163301114,210.8966709667226,207.9059072478123,209.79684448242188,574000,0.0,0.0
2017-12-29 00:00:00-05:00,210.31780571095956,214.61098733286215,208.43652553069643,213.25067138671875,713700,0.0,0.0
2018-01-02 00:00:00-05:00,214.77500152026613,218.55686133142768,213.29891896992507,217.07113647460938,994800,0.0,0.0
2018-01-03 00:00:00-05:00,218.0648178342955,222.36765620465195,217.58243757722346,219.48301696777344,781400,0.0,0.0
2018-01-04 00:00:00-05:00,221.89491405821684,222.54130182394414,218.21917892418998,219.96539306640625,797400,0.0,0.0
2018-01-05 00:00:00-05:00,220.15833714548216,220.7178999867354,217.1193475418771,219.31900024414062,558200,0.0,0.0
2018-01-08 00:00:00-05:00,218.94275345175197,222.1361083984375,217.79468608446152,222.1361083984375,573800,0.0,0.0
2018-01-09 00:00:00-05:00,221.89493071040002,223.9788170709999,219.8399859891631,219.9750518798828,656900,0.0,0.0
2018-01-10 00:00:00-05:00,218.98136466476868,219.61811021650416,216.23180568949462,218.64370727539062,631400,0.0,0.0
2018-01-11 00:00:00-05:00,219.96540074222142,222.2808201247612,219.09712215403835,221.547607421875,385500,0.0,0.0
2018-01-12 00:00:00-05:00,222.72460999034953,223.9788015866569,220.19694218687798,222.6281280517578,478800,0.0,0.0
2018-01-16 00:00:00-05:00,224.8567183947097,224.8567183947097,217.6402998462586,218.2191619873047,707200,0.0,0.0
2018-01-17 00:00:00-05:00,220.69866580528125,220.69866580528125,217.40884280696068,219.03927612304688,524000,0.0,0.0
2018-01-18 00:00:00-05:00,218.5472113194667,220.70828030154112,218.24813789735225,218.65333557128906,535600,0.0,0.0
2018-01-19 00:00:00-05:00,220.44777861189385,221.80809447686823,218.0165779818873,218.98133850097656,493400,0.0,0.0
2018-01-22 00:00:00-05:00,219.36728938201998,219.8110710535499,214.66889483325178,218.7209014892578,480600,0.0,0.0
2018-01-23 00:00:00-05:00,219.21288608776436,223.7086736349104,216.82992643050818,223.26487731933594,523800,0.0,0.0
2018-01-24 00:00:00-05:00,223.07192714949784,226.28458142656308,220.82403338610703,224.0752716064453,552300,0.0,0.0
2018-01-25 00:00:00-05:00,225.03039887950996,230.79966286178598,223.25524299589853,229.74807739257812,653500,0.0,0.0
2018-01-26 00:00:00-05:00,230.74178293498983,232.82566929179433,227.61595339978305,231.5039520263672,591200,0.0,0.0
2018-01-29 00:00:00-05:00,231.31100613957597,231.31100613957597,226.80557570965527,228.5614471435547,515800,0.0,0.0
2018-01-30 00:00:00-05:00,227.13354319750263,229.72875113503994,225.2329786751434,227.5290985107422,503400,0.0,0.0
2018-01-31 00:00:00-05:00,227.6835339026729,230.11473508150232,217.0904651336799,220.12945556640625,888300,0.0,0.0
2018-02-01 00:00:00-05:00,218.5954648017932,221.35468078599718,214.86184588315163,216.18356323242188,803100,0.0,0.0
2018-02-02 00:00:00-05:00,214.25400816259466,215.02581948719927,207.98306507193172,209.63279724121094,1261400,0.0,0.0
2018-02-05 00:00:00-05:00,207.62614881251034,209.01539180186487,197.23567234754557,201.73146057128906,988200,0.0,0.0
2018-02-06 00:00:00-05:00,197.74700690614858,205.40720941512436,196.22268319469543,203.04354858398438,1265800,0.0,0.0
2018-02-07 00:00:00-05:00,201.96299502912169,211.31152827236835,201.52885567204314,211.13787841796875,1215300,0.0,0.0
2018-02-08 00:00:00-05:00,209.38201444599008,210.8484548382145,200.8438763257489,201.07542419433594,897800,0.0,0.0
2018-02-09 00:00:00-05:00,202.78305914243768,208.57162349241813,198.61528574433316,206.82540893554688,939200,0.0,0.0
2018-02-12 00:00:00-05:00,208.35935453161858,209.31447285533255,202.9759884472906,205.26246643066406,1073400,0.0,0.0
2018-02-13 00:00:00-05:00,214.19613444946572,221.5669042223134,208.06989926826824,210.71334838867188,1498000,0.0,0.0
2018-02-14 00:00:00-05:00,207.96376529931928,208.72593431713963,203.56445989580587,208.0988311767578,1401300,0.0,0.0
2018-02-15 00:00:00-05:00,210.34674220702982,217.16760638331522,208.99608332117023,214.7460479736328,1153500,0.0,0.0
2018-02-16 00:00:00-05:00,213.81987170349655,215.64326843729168,206.3043792568621,208.62945556640625,720200,0.0,0.0
2018-02-20 00:00:00-05:00,207.6743460546876,208.76453016258154,204.1529760142739,206.5455780029297,826000,0.0,0.0
2018-02-21 00:00:00-05:00,207.5778969993849,209.80649165975507,204.77044008285785,204.8283233642578,336000,0.0,0.0
2018-02-22 00:00:00-05:00,205.5132976048478,207.32703743841657,203.46799521734914,204.64500427246094,537400,0.0,0.0
2018-02-23 00:00:00-05:00,205.40718734752105,206.7482040218506,203.0821107178821,204.12405395507812,495900,0.0,0.0
2018-02-26 00:00:00-05:00,204.51958176665835,205.66763438513144,200.6798244136789,203.7381134033203,759200,0.0,0.0
2018-02-27 00:00:00-05:00,203.5355362546606,204.7028882869301,197.42860015131916,198.93362426757812,745400,0.0,0.0
2018-02-28 00:00:00-05:00,199.60894650097296,200.16850937134882,196.666438680021,196.7436065673828,630500,0.0,0.0
2018-03-01 00:00:00-05:00,197.28390254157253,200.50619944759734,195.53767347085403,196.85940551757812,661100,0.0,0.0
2018-03-02 00:00:00-05:00,195.13840616074953,198.30965784877637,190.09147206213206,197.5361785888672,853400,0.44,0.0
2018-03-05 00:00:00-05:00,196.22125067015352,199.58586818310008,194.66462914715117,198.60935974121094,474200,0.0,0.0
2018-03-06 00:00:00-05:00,199.41185498833596,203.61763819470025,197.5555136722458,201.71295166015625,465900,0.0,0.0
2018-03-07 00:00:00-05:00,200.87180172109518,202.49610971900364,198.4450249968515,201.24887084960938,630800,0.0,0.0
2018-03-08 00:00:00-05:00,201.23920753907984,203.50162230828482,197.85524852854758,200.14666748046875,736600,0.0,0.0
2018-03-09 00:00:00-05:00,201.8483250439149,203.01819975544782,201.1231909696474,202.24472045898438,440100,0.0,0.0
2018-03-12 00:00:00-04:00,203.1052322554791,203.46296035368294,200.67844071629486,202.76683044433594,356200,0.0,0.0
2018-03-13 00:00:00-04:00,204.159101031816,205.7157228899782,202.54447080363025,203.34695434570312,286200,0.0,0.0
2018-03-14 00:00:00-04:00,204.76816579170224,204.76816579170224,198.30964607366374,199.8759307861328,372000,0.0,0.0
2018-03-15 00:00:00-04:00,200.16598406482788,202.27371451966684,196.78202546772744,198.63836669921875,741500,0.0,0.0
2018-03-16 00:00:00-04:00,199.7888760971425,202.11897638975287,198.25159588864452,200.33030700683594,774400,0.0,0.0
2018-03-19 00:00:00-04:00,199.90494438644023,200.53340273180606,195.22541631301203,197.71987915039062,595900,0.0,0.0
2018-03-20 00:00:00-04:00,198.50305063537752,199.43122882250498,195.32213537731323,197.4395294189453,594500,0.0,0.0
2018-03-21 00:00:00-04:00,198.03892677414584,202.3317223144004,197.04307728428998,199.88560485839844,567500,0.0,0.0
2018-03-22 00:00:00-04:00,198.84142087646558,200.02097339944515,194.85800794931754,195.0223846435547,498200,0.0,0.0
2018-03-23 00:00:00-04:00,195.7378418818944,202.07068199548883,195.30276441669255,198.86074829101562,1234500,0.0,0.0
2018-03-26 00:00:00-04:00,201.86763627982518,203.28890013965548,198.79307511554856,202.35105895996094,605500,0.0,0.0
2018-03-27 00:00:00-04:00,203.59831187518185,203.59831187518185,197.69088572356685,198.61904907226562,437800,0.0,0.0
2018-03-28 00:00:00-04:00,199.18946704999908,199.6148813301022,193.75578658989303,195.09970092773438,581200,0.0,0.0
2018-03-29 00:00:00-04:00,196.63698571692316,201.63557373785073,194.87732033377347,200.42701721191406,674300,0.0,0.0
2018-04-02 00:00:00-04:00,199.05414699464458,199.3635298687387,191.92848595938895,194.69366455078125,979400,0.0,0.0
2018-04-03 00:00:00-04:00,194.6936508447134,195.77652771003753,191.38704139176733,194.6549835205078,575100,0.0,0.0
2018-04-04 00:00:00-04:00,191.5804239370846,198.05830038696857,190.2558503644019,197.6038818359375,520100,0.0,0.0
2018-04-05 00:00:00-04:00,198.43534285884527,202.62178495067897,198.43534285884527,201.1521759033203,562200,0.0,0.0
2018-04-06 00:00:00-04:00,199.22815510190946,199.9822933122473,194.13287585789695,195.51547241210938,342900,0.0,0.0
2018-04-09 00:00:00-04:00,195.94088571594963,196.54998826550263,192.09283053126424,192.99200439453125,520400,0.0,0.0
2018-04-10 00:00:00-04:00,194.48094077138333,199.25715927185234,194.4616144860144,198.39666748046875,503600,0.0,0.0
2018-04-11 00:00:00-04:00,196.6273494952765,197.51684551653562,195.27377180051053,196.09559631347656,564800,0.0,0.0
2018-04-12 00:00:00-04:00,196.9947532176167,197.2654687534637,195.30277374212798,195.70884704589844,354200,0.0,0.0
2018-04-13 00:00:00-04:00,195.73782341494865,197.00438836759517,188.79588140616713,189.61769104003906,719100,0.0,0.0
2018-04-16 00:00:00-04:00,191.16467444825625,194.08455169897965,190.13982068053684,192.44090270996094,447500,0.0,0.0
2018-04-17 00:00:00-04:00,193.4464400372267,197.2364724432401,193.4464400372267,195.1577606201172,619500,0.0,0.0
2018-04-18 00:00:00-04:00,196.39530687666917,198.3966691429521,196.1632586742914,196.7917022705078,658700,0.0,0.0
2018-04-19 00:00:00-04:00,196.62732405774346,197.19777399728008,191.02929625866437,191.5997314453125,435400,0.0,0.0
2018-04-20 00:00:00-04:00,192.46990737336074,193.07900990071678,189.30831900607845,190.19781494140625,470600,0.0,0.0
2018-04-23 00:00:00-04:00,189.92711882811582,191.49340370542748,189.05694908847232,190.40086364746094,338100,0.0,0.0
2018-04-24 00:00:00-04:00,191.25167195178122,192.84697559455245,184.04867720949102,186.89120483398438,483300,0.0,0.0
2018-04-25 00:00:00-04:00,186.82352022637454,190.1108032219491,185.40225640160034,189.73373413085938,561400,0.0,0.0
2018-04-26 00:00:00-04:00,190.27518533969499,190.71026283665296,186.52382031556994,189.36634826660156,844100,0.0,0.0
2018-04-27 00:00:00-04:00,189.36633649658037,190.39119023772557,188.4768405183621,189.8207550048828,465500,0.0,0.0
2018-04-30 00:00:00-04:00,189.98510777631023,194.44226534784457,188.20611590576488,188.31246948242188,620200,0.0,0.0
2018-05-01 00:00:00-04:00,188.3511248928152,188.88289274247037,182.99480858246818,188.6605224609375,721200,0.0,0.0
2018-05-02 00:00:00-04:00,191.98647510686465,194.57761338634992,189.78205428689876,190.36216735839844,745800,0.0,0.0
2018-05-03 00:00:00-04:00,191.7351160438486,198.15496914847668,189.25033094494637,195.69918823242188,1437900,0.0,0.0
2018-05-04 00:00:00-04:00,194.1038659694057,198.6190319559811,193.39807299902554,197.2364501953125,695800,0.0,0.0
2018-05-07 00:00:00-04:00,197.75853139890262,198.76405877368035,196.19224673201975,197.8262176513672,617000,0.0,0.0
2018-05-08 00:00:00-04:00,196.26961827652033,208.83860860949946,193.92019101105075,206.38282775878906,1484500,0.0,0.0
2018-05-09 00:00:00-04:00,207.5430098816921,207.61068137931295,202.73778769375227,205.56097412109375,906900,0.0,0.0
2018-05-10 00:00:00-04:00,206.77923034248602,207.0886279658864,203.36626710613783,203.73367309570312,593900,0.0,0.0
2018-05-11 00:00:00-04:00,204.574815146008,208.99330571620956,204.01404304228868,208.3068389892578,588800,0.0,0.0
2018-05-14 00:00:00-04:00,208.4808453288739,208.84823649076557,205.43527394913013,206.3924560546875,408400,0.0,0.0
2018-05-15 00:00:00-04:00,205.71570144812523,210.84964820057792,204.74885604079657,209.94081115722656,653600,0.0,0.0
2018-05-16 00:00:00-04:00,210.69495391191435,213.39246091781305,209.32203517441974,211.03335571289062,446300,0.0,0.0
2018-05-17 00:00:00-04:00,210.25018786654311,211.6231064381117,205.38694237850976,206.43113708496094,752500,0.0,0.0
2018-05-18 00:00:00-04:00,206.72118463780546,212.60926878627305,206.44080600102092,212.03883361816406,752800,0.0,0.0
2018-05-21 00:00:00-04:00,212.67699366544252,213.5761528476875,210.0278318357426,210.59828186035156,434600,0.0,0.0
2018-05-22 00:00:00-04:00,211.61344130420784,212.02919248460066,208.62589265310868,208.96429443359375,407400,0.0,0.0
2018-05-23 00:00:00-04:00,207.41732136460348,212.19353951479894,206.3731266685662,212.0581817626953,593500,0.0,0.0
2018-05-24 00:00:00-04:00,211.0043239821217,212.63828014978574,208.96427980514773,211.16868591308594,434700,0.0,0.0
2018-05-25 00:00:00-04:00,211.54578993717897,212.38694076780024,209.38005079227176,210.4822540283203,381300,0.0,0.0
2018-05-29 00:00:00-04:00,208.79027167360306,215.02642186646537,208.0071292207033,212.4449462890625,585100,0.0,0.0
2018-05-30 00:00:00-04:00,212.86068934993682,214.68802658767126,211.06235629431796,213.4601287841797,416200,0.0,0.0
2018-05-31 00:00:00-04:00,214.13825557531587,220.3771758186691,212.45259467763017,215.91111755371094,841900,0.44,0.0
2018-06-01 00:00:00-04:00,217.10270062261563,220.20278076775674,216.10486255687255,218.11990356445312,792800,0.0,0.0
2018-06-04 00:00:00-04:00,218.37184618316013,220.48377119776472,218.03276860116137,220.2415771484375,725500,0.0,0.0
2018-06-05 00:00:00-04:00,220.03811665914176,221.66565338451096,219.15652687505852,219.6409149169922,604300,0.0,0.0
2018-06-06 00:00:00-04:00,219.3793535508053,221.43316901589904,217.9940107686326,220.4740753173828,682200,0.0,0.0
2018-06-07 00:00:00-04:00,221.3847149163761,223.0122516424213,219.98967498985172,222.38255310058594,933200,0.0,0.0
2018-06-08 00:00:00-04:00,221.8497301728133,223.33195644509166,220.0090614685991,222.39224243164062,520700,0.0,0.0
2018-06-11 00:00:00-04:00,222.41165201409643,223.06073032411058,220.60972760780626,222.53759765625,419600,0.0,0.0
2018-06-12 00:00:00-04:00,222.9153864865245,224.4460397158063,221.72378124042706,223.0994415283203,446300,0.0,0.0
2018-06-13 00:00:00-04:00,223.39977074074213,225.61826146745207,222.05317257613567,222.77975463867188,486500,0.0,0.0
2018-06-14 00:00:00-04:00,223.61291933488707,225.13389021238217,221.74317366772505,223.01226806640625,532900,0.0,0.0
2018-06-15 00:00:00-04:00,222.81850792786824,224.12636160473286,221.53003391249024,222.1016082763672,691200,0.0,0.0
2018-06-18 00:00:00-04:00,221.5106198482473,223.8647531445137,221.3265648309364,223.47723388671875,501600,0.0,0.0
2018-06-19 00:00:00-04:00,221.55909986187336,222.30506162738598,219.3793535508053,220.4740753173828,497000,0.0,0.0
2018-06-20 00:00:00-04:00,221.64629054990073,222.06287198441012,219.37935788932248,221.44285583496094,400600,0.0,0.0
2018-06-21 00:00:00-04:00,220.6387641134799,222.55693671622058,217.49024168375956,217.62586975097656,309000,0.0,0.0
2018-06-22 00:00:00-04:00,218.25555514508673,220.88094480911315,214.34170631147495,220.3287353515625,498700,0.0,0.0
2018-06-25 00:00:00-04:00,219.43742763746042,220.73559860082108,216.28890590721852,217.9358367919922,492700,0.0,0.0
2018-06-26 00:00:00-04:00,217.97463696386058,218.38152117897764,213.40201228585283,215.4170684814453,586200,0.0,0.0
2018-06-27 00:00:00-04:00,216.3955135709949,217.92618158884937,212.3654162138561,212.90792846679688,560500,0.0,0.0
2018-06-28 00:00:00-04:00,212.64636438371727,214.5257924751094,209.4978419042317,214.17703247070312,720700,0.0,0.0
2018-06-29 00:00:00-04:00,215.53328495770302,218.91431859177086,214.83576504017412,216.35675048828125,405000,0.0,0.0
2018-07-02 00:00:00-04:00,214.2932821195692,217.06398250886267,213.29544386441623,215.455810546875,433400,0.0,0.0
2018-07-03 00:00:00-04:00,216.40520116161144,219.68935141597046,216.21143412359888,218.2943115234375,210000,0.0,0.0
2018-07-05 00:00:00-04:00,218.85624935294797,219.9509564792929,215.15551692885512,218.9434356689453,471700,0.0,0.0
2018-07-06 00:00:00-04:00,218.10058116380657,221.84974016462053,218.10058116380657,220.39657592773438,238400,0.0,0.0
2018-07-09 00:00:00-04:00,221.3847139885689,221.3847139885689,218.5558896082387,220.3093719482422,391800,0.0,0.0
2018-07-10 00:00:00-04:00,219.44720346529542,220.3675379596457,216.6668055355528,218.9434356689453,388700,0.0,0.0
2018-07-11 00:00:00-04:00,217.05428917690577,220.70657923005015,215.58174535895878,219.1662139892578,614700,0.0,0.0
2018-07-12 00:00:00-04:00,221.09406860008067,221.3362626096082,216.58926593580827,218.64306640625,335900,0.0,0.0
2018-07-13 00:00:00-04:00,218.97245160342922,220.98750758159784,218.45900147434799,219.73779296875,275900,0.0,0.0
2018-07-16 00:00:00-04:00,220.4062673059431,221.18129122018263,215.46551756957538,217.8971405029297,380900,0.0,0.0
2018-07-17 00:00:00-04:00,217.00582142931142,220.03809500374214,216.850813723384,218.3136749267578,428100,0.0,0.0
2018-07-18 00:00:00-04:00,219.20495232817206,220.5902949295131,217.73240865118424,218.73992919921875,370800,0.0,0.0
2018-07-19 00:00:00-04:00,218.02307036901396,219.37935103406778,217.2674261724339,218.8174591064453,444700,0.0,0.0
2018-07-20 00:00:00-04:00,217.99397209383125,219.36963219220874,216.84112632866365,217.2189483642578,387700,0.0,0.0
2018-07-23 00:00:00-04:00,216.3664509720657,217.85837444656642,215.76581451945773,216.69583129882812,348600,0.0,0.0
2018-07-24 00:00:00-04:00,217.55802686334988,219.17588096074326,215.8820337905346,217.19956970214844,488200,0.0,0.0
2018-07-25 00:00:00-04:00,216.3374074787858,217.88745528752298,211.319153936673,215.9886474609375,953300,0.0,0.0
2018-07-26 00:00:00-04:00,218.0230808249049,218.0230808249049,196.70030778328808,200.391357421875,2345500,0.0,0.0
2018-07-27 00:00:00-04:00,200.53664880045665,203.9564271843692,198.03720473717766,199.27723693847656,1511400,0.0,0.0
2018-07-30 00:00:00-04:00,198.5990941105688,199.88756805599738,191.5173434125825,195.40213012695312,1529300,0.0,0.0
2018-07-31 00:00:00-04:00,196.28374249677879,196.65188217567317,188.85323096719583,193.19334411621094,1251100,0.0,0.0
2018-08-01 00:00:00-04:00,193.41614649001838,195.78965981045044,192.6508198592747,195.35369873046875,1196100,0.0,0.0
2018-08-02 00:00:00-04:00,195.0533648568394,199.50004334432506,193.56145625556456,198.3665771484375,1112400,0.0,0.0
2018-08-03 00:00:00-04:00,195.05339261870833,201.77670167602383,193.56148380509072,200.4979248046875,702500,0.0,0.0
2018-08-06 00:00:00-04:00,200.4978749773008,202.09634936480896,199.64534742004432,200.82725524902344,542000,0.0,0.0
2018-08-07 00:00:00-04:00,201.7476106465288,204.6926833085158,200.86602090098185,202.02854919433594,843400,0.0,0.0
2018-08-08 00:00:00-04:00,202.1642316421265,202.9392556403363,198.5410177327021,199.02540588378906,555900,0.0,0.0
2018-08-09 00:00:00-04:00,198.502214671175,201.5344885593029,196.9134224769251,197.16531372070312,594100,0.0,0.0
2018-08-10 00:00:00-04:00,195.4214996134785,196.08026021046047,193.44518825783476,193.8811492919922,861900,0.0,0.0
2018-08-13 00:00:00-04:00,193.74554046939375,195.32463548410294,193.2805172911201,194.7239990234375,590800,0.0,0.0
2018-08-14 00:00:00-04:00,194.9759058602345,197.58191637943688,194.8402777743674,196.4193878173828,506200,0.0,0.0
2018-08-15 00:00:00-04:00,195.69278976179814,196.94250453871558,193.50336090096118,196.6906280517578,847100,0.0,0.0
2018-08-16 00:00:00-04:00,197.61093056069234,198.5990862508519,195.98339392499344,196.18682861328125,476900,0.0,0.0
2018-08-17 00:00:00-04:00,196.65186236062308,197.76594894285444,195.79933467744436,196.6615447998047,328200,0.0,0.0
2018-08-20 00:00:00-04:00,196.66153201214297,197.4753003209812,196.02213629133482,196.62278747558594,337600,0.0,0.0
2018-08-21 00:00:00-04:00,196.7099786269876,199.50004358080685,196.7099786269876,197.84344482421875,556300,0.0,0.0
2018-08-22 00:00:00-04:00,197.83380073631932,200.18791988330517,197.18470765275273,199.40321350097656,448700,0.0,0.0
2018-08-23 00:00:00-04:00,199.4419446889778,200.41072085558454,196.85531409801993,197.02000427246094,647600,0.0,0.0
2018-08-24 00:00:00-04:00,197.4850139175566,199.5097524189937,196.84561814372907,199.34506225585938,380900,0.0,0.0
2018-08-27 00:00:00-04:00,200.53665538008582,204.34393840844044,199.4806929647374,201.7766876220703,562600,0.0,0.0
2018-08-28 00:00:00-04:00,201.77669585933435,203.1620534442265,198.9866158097928,199.42257690429688,660900,0.0,0.0
2018-08-29 00:00:00-04:00,199.00601734863778,200.8757632153193,197.51410841402236,200.4785614013672,509400,0.0,0.0
2018-08-30 00:00:00-04:00,200.18789321525566,200.73040546744156,197.0296884429734,197.50437927246094,680600,0.0,0.0
2018-08-31 00:00:00-04:00,196.65955286277085,197.9801982621508,192.06641724168014,192.96951293945312,765700,0.48,0.0
2018-09-04 00:00:00-04:00,191.74596523508058,193.7366310647061,189.3571454954015,192.9597930908203,907000,0.0,0.0
2018-09-05 00:00:00-04:00,192.9695112941734,194.78539314637504,192.02757962970068,193.8240509033203,515000,0.0,0.0
2018-09-06 00:00:00-04:00,194.435819336766,195.6205166448659,191.00797026541943,192.56167602539062,397700,0.0,0.0
2018-09-07 00:00:00-04:00,191.8528233027936,193.38708899815407,190.20200521564877,190.58071899414062,473500,0.0,0.0
2018-09-10 00:00:00-04:00,190.1922734404125,190.48359511035568,182.88988038208547,185.02621459960938,1152500,0.0,0.0
2018-09-11 00:00:00-04:00,183.7152603592288,187.7645879633265,183.06465046198483,186.92947387695312,970200,0.0,0.0
2018-09-12 00:00:00-04:00,187.04606885748765,187.3568159944311,184.50188964702934,186.45372009277344,496300,0.0,0.0
2018-09-13 00:00:00-04:00,187.82287658426938,190.2893832328691,186.065256114391,187.54127502441406,545700,0.0,0.0
2018-09-14 00:00:00-04:00,187.89085668260975,189.25033802579554,186.91979434683836,188.38609313964844,335800,0.0,0.0
2018-09-17 00:00:00-04:00,188.3861271060551,189.59024995372218,186.9198280488683,187.50245666503906,530700,0.0,0.0
2018-09-18 00:00:00-04:00,187.83258493279908,190.36705828171887,187.83258493279908,189.6776123046875,431200,0.0,0.0
2018-09-19 00:00:00-04:00,189.20177550189607,192.7073110073318,189.20177550189607,190.42532348632812,422200,0.0,0.0
2018-09-20 00:00:00-04:00,191.0371157936508,193.96972860524494,189.35718186744813,189.8330078125,590800,0.0,0.0
2018-09-21 00:00:00-04:00,190.3670604961819,190.3670604961819,185.79336503111077,186.61875915527344,1046600,0.0,0.0
2018-09-24 00:00:00-04:00,185.86134324943927,186.23035171450263,184.7252019839533,185.3175506591797,479800,0.0,0.0
2018-09-25 00:00:00-04:00,185.37580133030957,185.76423517037813,182.67624911508588,183.87066650390625,762300,0.0,0.0
2018-09-26 00:00:00-04:00,183.55993031132056,184.60867951581037,181.05458745902325,181.4818572998047,693200,0.0,0.0
2018-09-27 00:00:00-04:00,182.35581095917053,184.1134464400847,180.36514479053383,181.69549560546875,875700,0.0,0.0
2018-09-28 00:00:00-04:00,180.50106651005035,181.22936324087885,175.3155825254529,176.68478393554688,1160700,0.0,0.0
2018-10-01 00:00:00-04:00,177.2771397431441,181.51097216984212,177.2771397431441,179.02505493164062,712900,0.0,0.0
2018-10-02 00:00:00-04:00,178.62691434530015,181.00601411306496,177.52962397764495,179.5979766845703,818200,0.0,0.0
2018-10-03 00:00:00-04:00,180.24858057326537,181.30704974834467,178.73372574603212,179.9864044189453,613000,0.0,0.0
2018-10-04 00:00:00-04:00,179.01538276237997,183.24921597238824,178.36475783018196,180.6176300048828,1000200,0.0,0.0
2018-10-05 00:00:00-04:00,180.3457189154133,180.3457189154133,175.34475323822844,177.32571411132812,597000,0.0,0.0
2018-10-08 00:00:00-04:00,176.51002927049115,178.02488435250203,175.95651655047473,177.52964782714844,659500,0.0,0.0
2018-10-09 00:00:00-04:00,177.28689509197756,177.7724263621197,175.4904234655562,175.65550231933594,486200,0.0,0.0
2018-10-10 00:00:00-04:00,174.7718222293889,174.87863969562883,169.68346428147396,170.90699768066406,1384000,0.0,0.0
2018-10-11 00:00:00-04:00,169.70284890514247,171.60613760777204,162.8180204828115,163.9735870361328,1356100,0.0,0.0
2018-10-12 00:00:00-04:00,165.9934054379021,166.64401545376725,163.12877438328405,164.67276000976562,895200,0.0,0.0
2018-10-15 00:00:00-04:00,164.17753115443816,165.93515177129677,162.81803487035964,163.71141052246094,689700,0.0,0.0
2018-10-16 00:00:00-04:00,164.22604096980757,166.9450181999981,162.78887300621136,166.7508087158203,698500,0.0,0.0
2018-10-17 00:00:00-04:00,160.60399556941883,161.74985680525526,157.31209491663057,161.30316162109375,1198300,0.0,0.0
2018-10-18 00:00:00-04:00,159.8465819263948,160.75938295126647,157.0790481652189,158.0404052734375,1372300,0.0,0.0
2018-10-19 00:00:00-04:00,158.4579831068858,159.50673246086262,156.02062138967563,156.99168395996094,955100,0.0,0.0
2018-10-22 00:00:00-04:00,157.34125588798773,158.28318769955428,155.05925308321557,155.82640075683594,796700,0.0,0.0
2018-10-23 00:00:00-04:00,153.5346747848282,159.78831893534297,151.62168069477212,159.16683959960938,1797200,0.0,0.0
2018-10-24 00:00:00-04:00,159.08915474624607,163.21616994562805,158.42882460938205,159.12799072265625,2180400,0.0,0.0
2018-10-25 00:00:00-04:00,160.35151766457906,161.97318988022204,156.42841778932726,157.3120880126953,1840000,0.0,0.0
2018-10-26 00:00:00-04:00,155.42825026759712,155.42825026759712,146.38766140967147,152.19461059570312,2663500,0.0,0.0
2018-10-29 00:00:00-04:00,156.44788001175158,157.25386366504713,147.5043878646481,148.9901123046875,1768700,0.0,0.0
2018-10-30 00:00:00-04:00,149.3591155976428,161.74988215288585,149.09692458286833,161.40029907226562,2607600,0.0,0.0
2018-10-31 00:00:00-04:00,165.0320478835635,171.87804059971106,163.51719294734076,166.3235626220703,1921300,0.0,0.0
2018-11-01 00:00:00-04:00,166.7411238392109,170.4214436526386,165.44960912633917,170.21751403808594,1034900,0.0,0.0
2018-11-02 00:00:00-04:00,170.926421686347,172.98506940011754,169.68346289872278,172.2956085205078,1374500,0.0,0.0
2018-11-05 00:00:00-05:00,171.6255608460243,173.42201725893582,167.65390467124817,169.7708282470703,1112800,0.0,0.0
2018-11-06 00:00:00-05:00,170.64479092817578,184.50185548643014,166.78967202552778,184.06488037109375,2335300,0.0,0.0
2018-11-07 00:00:00-05:00,184.89998297815998,191.67799393550354,183.35599741985385,184.26878356933594,2031300,0.0,0.0
2018-11-08 00:00:00-05:00,182.8121886411415,184.78344398274638,179.51058265092,182.92872619628906,948700,0.0,0.0
2018-11-09 00:00:00-05:00,181.5401374357979,182.81222698225298,176.5003205227981,178.9571075439453,1188500,0.0,0.0
2018-11-12 00:00:00-05:00,178.16084384420546,179.08335028570622,174.70386360273588,176.22842407226562,780000,0.0,0.0
2018-11-13 00:00:00-05:00,176.95668730093888,182.16158207225277,176.95668730093888,178.75315856933594,753200,0.0,0.0
2018-11-14 00:00:00-05:00,180.89921404647984,183.7832706566331,179.6951061131073,182.02565002441406,1101500,0.0,0.0
2018-11-15 00:00:00-05:00,180.04469671718854,184.17171222840403,179.45234801583044,183.2589111328125,843100,0.0,0.0
2018-11-16 00:00:00-05:00,182.16157720498296,184.82229329821246,179.0250500575861,183.50164794921875,775500,0.0,0.0
2018-11-19 00:00:00-05:00,182.83161969273314,184.22024657050056,178.66576869390224,180.35540771484375,853200,0.0,0.0
2018-11-20 00:00:00-05:00,177.65588388076534,182.7054059875003,177.65588388076534,179.8407745361328,920400,0.0,0.0
2018-11-21 00:00:00-05:00,181.9285313637212,184.9679463460065,180.83122620190377,181.03514099121094,529500,0.0,0.0
2018-11-23 00:00:00-05:00,179.9281161883806,183.14234465387247,178.43268685621618,181.2973175048828,309900,0.0,0.0
2018-11-26 00:00:00-05:00,183.49196072921202,187.29852362357028,182.82192529111376,186.19151306152344,1139100,0.0,0.0
2018-11-27 00:00:00-05:00,184.89028778577,187.0266370669121,184.1619909355363,186.83241271972656,585600,0.0,0.0
2018-11-28 00:00:00-05:00,187.00719979838166,193.35794140971907,184.5989691819655,192.5228271484375,1164400,0.0,0.0
2018-11-29 00:00:00-05:00,191.31872149721912,193.0569167036203,190.10489347627964,191.1147918701172,687200,0.0,0.0
2018-11-30 00:00:00-05:00,190.31657498844828,191.01745049436482,184.73878770287016,185.62461853027344,892100,0.48,0.0
2018-12-03 00:00:00-05:00,189.70330758587036,190.43338495206788,187.37679497305945,189.226318359375,959500,0.0,0.0
2018-12-04 00:00:00-05:00,187.79535463790663,189.12895779634704,179.8034498508747,180.13441467285156,962600,0.0,0.0
2018-12-06 00:00:00-05:00,177.51590032898503,182.34415243746832,176.8150247833429,181.18576049804688,1430300,0.0,0.0
2018-12-07 00:00:00-05:00,180.8255787289938,185.52727932217738,176.43538497964386,176.65927124023438,1419000,0.0,0.0
2018-12-10 00:00:00-05:00,176.79553194161858,179.35567468342336,172.41506770240335,175.1990966796875,859600,0.0,0.0
2018-12-11 00:00:00-05:00,177.3698739783391,178.69374823321098,171.82127395867187,172.94073486328125,585300,0.0,0.0
2018-12-12 00:00:00-05:00,175.60793565001475,176.6787217230544,172.80444867839975,174.3132781982422,616800,0.0,0.0
2018-12-13 00:00:00-05:00,175.71501572292425,176.70792510316434,168.30716342891319,170.83810424804688,687800,0.0,0.0
2018-12-14 00:00:00-05:00,168.94964643641495,171.24695730480218,167.411614894121,170.11776733398438,1046000,0.0,0.0
2018-12-17 00:00:00-05:00,169.85493715361173,175.49112785093195,168.07354660848412,170.9549102783203,791300,0.0,0.0
2018-12-18 00:00:00-05:00,171.8894398877117,175.12124173752903,170.40008304959224,172.27880859375,723900,0.0,0.0
2018-12-19 00:00:00-05:00,171.77261107902638,173.4079772670177,165.12403801115173,167.10011291503906,993900,0.0,0.0
2018-12-20 00:00:00-05:00,165.90278116219935,166.7496810461245,160.18871346753866,163.48866271972656,1299500,0.0,0.0
2018-12-21 00:00:00-05:00,162.59310747186385,165.7859782012379,159.35156194378422,160.89932250976562,1130000,0.0,0.0
2018-12-24 00:00:00-05:00,159.47813951230034,163.70285130941514,157.45338935365206,159.43919372558594,299700,0.0,0.0
2018-12-26 00:00:00-05:00,160.23738318321847,165.3771267253366,156.33390815757008,165.33819580078125,1043400,0.0,0.0
2018-12-27 00:00:00-05:00,163.21612170070316,165.93201827842682,160.67545144418645,165.90280151367188,681300,0.0,0.0
2018-12-28 00:00:00-05:00,166.45761596139945,167.51865801877915,162.8364315486992,163.70278930664062,733000,0.0,0.0
2018-12-31 00:00:00-05:00,164.3063335736349,167.8691145826242,164.10192023494136,167.3045196533203,603900,0.0,0.0
2019-01-02 00:00:00-05:00,165.0461548708909,168.71601448644373,163.1674147780706,166.39923095703125,647800,0.0,0.0
2019-01-03 00:00:00-05:00,166.95405765649446,169.8938394976466,163.37181913369295,165.98062133789062,717400,0.0,0.0
2019-01-04 00:00:00-05:00,167.66471214259371,172.40534325858312,167.3142744000209,171.7044677734375,820200,0.0,0.0
2019-01-07 00:00:00-05:00,171.47083165687818,176.28935416190953,169.7770616716322,174.41061401367188,689600,0.0,0.0
2019-01-08 00:00:00-05:00,175.91945587292975,176.49377987706686,171.66554286944245,173.73895263671875,663800,0.0,0.0
2019-01-09 00:00:00-05:00,173.91415376638074,175.8804846335542,172.82389487936138,174.55662536621094,541000,0.0,0.0
2019-01-10 00:00:00-05:00,173.40797127114632,176.04599062667015,172.9017801504057,174.76104736328125,486000,0.0,0.0
2019-01-11 00:00:00-05:00,173.09644998447266,175.12118441729774,171.81150693889532,173.26193237304688,560200,0.0,0.0
2019-01-14 00:00:00-05:00,172.29828347356812,177.07786089068892,172.20093386920303,174.4495849609375,638500,0.0,0.0
2019-01-15 00:00:00-05:00,173.33985500368212,175.01415221816876,168.98859240137202,171.71420288085938,517900,0.0,0.0
2019-01-16 00:00:00-05:00,170.6920932256051,171.6363278023377,169.4168789560405,170.04962158203125,679400,0.0,0.0
2019-01-17 00:00:00-05:00,169.6115599779392,173.82654128027468,168.59917782611754,172.52212524414062,579000,0.0,0.0
2019-01-18 00:00:00-05:00,173.76814434936182,178.567194020416,173.6416077046567,175.67608642578125,627300,0.0,0.0
2019-01-22 00:00:00-05:00,174.89732829784307,176.82472834413295,171.6460540618832,175.4521942138672,731600,0.0,0.0
2019-01-23 00:00:00-05:00,174.56638728783088,174.72214070868662,167.27534180543887,170.224853515625,814300,0.0,0.0
2019-01-24 00:00:00-05:00,170.41951936152617,174.79998320480823,169.8062496703592,171.36373901367188,555000,0.0,0.0
2019-01-25 00:00:00-05:00,172.0646621592172,174.06995419634114,170.0593849755582,171.03282165527344,696400,0.0,0.0
2019-01-28 00:00:00-05:00,169.74783583366937,175.0627899982405,169.74783583366937,174.8486328125,791000,0.0,0.0
2019-01-29 00:00:00-05:00,174.40086016623727,177.03886435884786,174.40086016623727,175.49110412597656,838500,0.0,0.0
2019-01-30 00:00:00-05:00,176.2990808061564,177.64242789647687,173.16461416438327,173.78761291503906,688400,0.0,0.0
2019-01-31 00:00:00-05:00,172.9115165970651,175.49111717702553,171.09118038542294,171.9867401123047,1316800,0.0,0.0
2019-02-01 00:00:00-05:00,172.74605504288348,180.13443482174034,172.4540211099898,178.9273681640625,941200,0.0,0.0
2019-02-04 00:00:00-05:00,179.1901982421895,181.7211243083573,178.8105585895912,181.020263671875,666100,0.0,0.0
2019-02-05 00:00:00-05:00,181.83791158036465,183.06443602352698,180.48483565968803,182.91842651367188,732100,0.0,0.0
2019-02-06 00:00:00-05:00,181.23441018655734,184.2715423302391,177.04864489422977,177.26280212402344,722800,0.0,0.0
2019-02-07 00:00:00-05:00,177.1849333072345,179.5017023046315,175.40354255469842,177.41854858398438,1076100,0.0,0.0
2019-02-08 00:00:00-05:00,177.0680956149056,179.57956359861427,175.9389205494672,179.4432830810547,409400,0.0,0.0
2019-02-11 00:00:00-05:00,179.92027903310327,182.110511267124,178.9760443928262,181.04946899414062,1244300,0.0,0.0
2019-02-12 00:00:00-05:00,180.80607228021898,184.7874233711217,178.14858036075202,179.65740966796875,1976300,0.0,0.0
2019-02-13 00:00:00-05:00,180.88400831200357,181.1955003211604,175.06284635784695,175.62744140625,1335800,0.0,0.0
2019-02-14 00:00:00-05:00,178.19731145487142,183.11316952689015,176.0070789839837,182.5096435546875,1709600,0.0,0.0
2019-02-15 00:00:00-05:00,184.9723911005412,188.04843887272224,182.8113610784032,185.01132202148438,1578700,0.0,0.0
2019-02-19 00:00:00-05:00,185.00162491438363,187.5422949811506,183.90163682638254,183.98924255371094,857900,0.0,0.0
2019-02-20 00:00:00-05:00,184.53435276078855,188.63251184859504,184.222845970833,187.16262817382812,681300,0.0,0.0
2019-02-21 00:00:00-05:00,186.6175331506408,188.04847125700638,185.0016248641931,185.32286071777344,397300,0.0,0.0
2019-02-22 00:00:00-05:00,186.35467750890376,186.82192284880378,184.15470161217903,184.9529266357422,422100,0.0,0.0
2019-02-25 00:00:00-05:00,186.19891163777046,187.07499844807717,183.3370062723597,183.59983825683594,590000,0.0,0.0
2019-02-26 00:00:00-05:00,182.68484736956776,187.3865479925231,182.51936492778225,186.02374267578125,487000,0.0,0.0
2019-02-27 00:00:00-05:00,185.6051530002308,187.81485822049294,184.0865942950158,184.82640075683594,766100,0.0,0.0
2019-02-28 00:00:00-05:00,184.28125456251848,184.7095689830911,181.98394391409755,182.81137084960938,695500,0.0,0.0
2019-03-01 00:00:00-05:00,183.9629892716747,189.47699333832713,183.90443579566457,187.8276824951172,693300,0.48,0.0
2019-03-04 00:00:00-05:00,187.86669432198315,190.7261646512644,186.62725793527127,190.3845977783203,511700,0.0,0.0
2019-03-05 00:00:00-05:00,190.05280288040663,192.04369551135278,188.97927285441492,189.34036254882812,574500,0.0,0.0
2019-03-06 00:00:00-05:00,190.7652069033914,192.512116595172,189.92590576589603,190.91159057617188,503600,0.0,0.0
2019-03-07 00:00:00-05:00,189.7405025401494,193.13673823812044,189.73074859113413,192.21937561035156,885100,0.0,0.0
2019-03-08 00:00:00-05:00,191.34102821758734,193.08795303533992,190.10159168612057,191.70211791992188,549500,0.0,0.0
2019-03-11 00:00:00-04:00,191.916797785393,195.449677627093,191.42883235508026,193.84915161132812,505300,0.0,0.0
2019-03-12 00:00:00-04:00,193.9857690875821,194.48348843412597,190.5016889872084,191.2921905517578,672200,0.0,0.0
2019-03-13 00:00:00-04:00,191.7801631787373,192.10222214152836,185.992900470476,186.09048461914062,837700,0.0,0.0
2019-03-14 00:00:00-04:00,185.9928997335413,187.72030147565903,185.44638085031195,187.0859375,579900,0.0,0.0
2019-03-15 00:00:00-04:00,187.06640442648,189.16466453462448,186.8419445171093,188.8426055908203,649900,0.0,0.0
2019-03-18 00:00:00-04:00,189.33058639658967,190.51146928669422,187.19329543555148,190.26748657226562,401400,0.0,0.0
2019-03-19 00:00:00-04:00,191.89726621198233,194.73721334842543,190.64807605584042,193.00982666015625,620500,0.0,0.0
2019-03-20 00:00:00-04:00,192.4730833662481,193.2538310243009,188.29610052091704,191.0482177734375,590300,0.0,0.0
2019-03-21 00:00:00-04:00,191.43859576887493,195.20568937979047,190.5309723506233,193.90769958496094,472700,0.0,0.0
2019-03-22 00:00:00-04:00,193.64422128124647,194.5127992488892,187.3689922920515,187.48609924316406,849200,0.0,0.0
2019-03-25 00:00:00-04:00,187.00789222347217,192.199852257221,187.00789222347217,191.70211791992188,387400,0.0,0.0
2019-03-26 00:00:00-04:00,193.13670712782928,193.53684234588076,188.43272822631252,192.004638671875,580700,0.0,0.0
2019-03-27 00:00:00-04:00,191.2824715323074,194.22001841274744,190.06255781080034,191.71188354492188,528700,0.0,0.0
2019-03-28 00:00:00-04:00,191.97537029524173,194.1126464173269,191.3702830223399,193.146484375,404200,0.0,0.0
2019-03-29 00:00:00-04:00,195.21545399207028,198.904471550902,194.96171732258492,196.3377685546875,1004400,0.0,0.0
2019-04-01 00:00:00-04:00,198.99230573796575,200.12438916267058,197.36250291224658,199.08990478515625,813000,0.0,0.0
2019-04-02 00:00:00-04:00,199.72426393819862,202.71062516869233,198.8849627214307,200.48548889160156,1019800,0.0,0.0
2019-04-03 00:00:00-04:00,200.63185109405774,201.71513485311414,196.71837403589203,197.78213500976562,557100,0.0,0.0
2019-04-04 00:00:00-04:00,197.87976150943766,201.7151780308992,197.20638163747157,198.9142608642578,452900,0.0,0.0
2019-04-05 00:00:00-04:00,199.7242518733242,201.8225122342553,199.26556316096605,200.86610412597656,446100,0.0,0.0
2019-04-08 00:00:00-04:00,199.94872670126026,201.85178896980807,199.94872670126026,200.86610412597656,320100,0.0,0.0
2019-04-09 00:00:00-04:00,200.7392432232575,201.41263797393114,198.660505495791,200.04632568359375,357400,0.0,0.0
2019-04-10 00:00:00-04:00,199.69497723687948,200.18294268991968,197.8895139955451,199.90968322753906,289300,0.0,0.0
2019-04-11 00:00:00-04:00,200.71969912058412,202.89602077885607,199.7242454691386,202.22264099121094,528000,0.0,0.0
2019-04-12 00:00:00-04:00,205.91167515618497,209.2200804594095,203.41327943162693,207.0535125732422,736300,0.0,0.0
2019-04-15 00:00:00-04:00,206.79976887801615,207.922098440868,204.56489348422159,206.5557861328125,450600,0.0,0.0
2019-04-16 00:00:00-04:00,204.55512234365403,207.0242263262788,203.3644854558045,206.9071044921875,566400,0.0,0.0
2019-04-17 00:00:00-04:00,207.48291917762486,207.48291917762486,202.73989431924457,204.56488037109375,469500,0.0,0.0
2019-04-18 00:00:00-04:00,205.3651313913676,208.03918740858035,205.0138105645095,206.4777069091797,465400,0.0,0.0
2019-04-22 00:00:00-04:00,205.47248236595735,207.3560367211777,203.89147909454152,207.04373168945312,279200,0.0,0.0
2019-04-23 00:00:00-04:00,207.05349564704895,208.5954681989048,205.66767560737364,207.0144500732422,351100,0.0,0.0
2019-04-24 00:00:00-04:00,207.54148526487995,210.75229162882786,207.33653320731844,208.8882598876953,496900,0.0,0.0
2019-04-25 00:00:00-04:00,208.0879771940294,209.2688451842169,205.4139213019517,207.23892211914062,374700,0.0,0.0
2019-04-26 00:00:00-04:00,207.63904793899619,209.72753941920422,206.9266225687235,209.12246704101562,799000,0.0,0.0
2019-04-29 00:00:00-04:00,208.80039831459683,210.41069312066392,208.21484875090917,209.06390380859375,922700,0.0,0.0
2019-04-30 00:00:00-04:00,220.86292573504863,221.7119808763598,214.39249892292116,216.55906677246094,1415800,0.0,0.0
2019-05-01 00:00:00-04:00,218.1205305415979,221.83882445140844,213.25063056139908,213.88499450683594,935200,0.0,0.0
2019-05-02 00:00:00-04:00,215.24154631096528,218.9403175833645,214.47055262039635,217.5740203857422,726500,0.0,0.0
2019-05-03 00:00:00-04:00,217.99367740290478,219.59420346147598,214.99757732424538,216.11013793945312,419500,0.0,0.0
2019-05-06 00:00:00-04:00,213.00670367734546,217.22273292298445,211.5135303757298,215.49533081054688,659600,0.0,0.0
2019-05-07 00:00:00-04:00,213.13351750360843,215.25128546009128,212.4991684679348,214.93899536132812,488300,0.0,0.0
2019-05-08 00:00:00-04:00,214.48033219970586,215.46601702081315,210.65468496326457,210.9376983642578,463100,0.0,0.0
2019-05-09 00:00:00-04:00,209.2102802682423,212.2649484293168,207.72687617812647,211.7184295654297,506900,0.0,0.0
2019-05-10 00:00:00-04:00,211.04505283568773,213.40680377870427,208.34172012800403,210.6741943359375,606000,0.0,0.0
2019-05-13 00:00:00-04:00,207.2877194756743,209.30790360875093,205.57984038195258,207.3755645751953,699300,0.0,0.0
2019-05-14 00:00:00-04:00,208.38077010313376,211.6501296858162,207.42434709847703,210.48876953125,652000,0.0,0.0
2019-05-15 00:00:00-04:00,208.68330866383712,212.4406337394727,207.63905544024632,212.0795440673828,624300,0.0,0.0
2019-05-16 00:00:00-04:00,212.49921732068236,215.32941121106063,212.1771583097317,214.32420349121094,767500,0.0,0.0
2019-05-17 00:00:00-04:00,212.66512428625887,214.9195224765367,211.73799282981247,212.2942657470703,395100,0.0,0.0
2019-05-20 00:00:00-04:00,211.30853441067234,214.2753573980886,210.26428133923403,212.4698944091797,493400,0.0,0.0
2019-05-21 00:00:00-04:00,213.1628274398027,217.3398105406273,213.1628274398027,215.01710510253906,412700,0.0,0.0
2019-05-22 00:00:00-04:00,214.24612689367558,214.8707221253475,210.0203439623932,210.2252960205078,452800,0.0,0.0
2019-05-23 00:00:00-04:00,208.37102725231912,208.89803834372168,205.10166726187057,207.60980224609375,451000,0.0,0.0
2019-05-24 00:00:00-04:00,208.02942651089265,209.15174104770367,205.2284948054254,207.0144500732422,426300,0.0,0.0
2019-05-28 00:00:00-04:00,208.1172797740271,209.39574696467258,203.52063834374601,203.5401611328125,602100,0.0,0.0
2019-05-29 00:00:00-04:00,203.98909377015096,205.54082042518147,202.04698579555247,205.3163604736328,434400,0.0,0.0
2019-05-30 00:00:00-04:00,205.3748640270033,208.331932930637,205.3748640270033,207.44383239746094,549200,0.0,0.0
2019-05-31 00:00:00-04:00,204.07906654224269,206.7493837458964,200.53820560203815,205.89840698242188,647800,0.48,0.0
2019-06-03 00:00:00-04:00,205.86907379198496,211.8063742965083,205.86907379198496,211.52272033691406,715900,0.0,0.0
2019-06-04 00:00:00-04:00,212.78449652620583,218.85875042349517,212.6280055227067,218.77072143554688,722800,0.0,0.0
2019-06-05 00:00:00-04:00,218.63380486665193,221.0106773360017,217.37199620928018,220.91287231445312,642000,0.0,0.0
2019-06-06 00:00:00-04:00,222.25291159035626,224.91345286129572,221.05957992066013,224.37547302246094,688900,0.0,0.0
2019-06-07 00:00:00-04:00,224.97211564366245,226.6349500351138,223.75921712537166,225.58834838867188,574200,0.0,0.0
2019-06-10 00:00:00-04:00,226.7132456431503,227.35882150457593,222.9278493265502,224.50265502929688,510800,0.0,0.0
2019-06-11 00:00:00-04:00,225.59813564559116,226.27305441416598,211.39554328476137,216.1101837158203,980200,0.0,0.0
2019-06-12 00:00:00-04:00,216.67750124001586,216.67750124001586,212.9018815627645,214.72122192382812,729100,0.0,0.0
2019-06-13 00:00:00-04:00,215.5331182199846,220.8639773259844,214.2517425012745,217.70458984375,452400,0.0,0.0
2019-06-14 00:00:00-04:00,217.5676206146261,219.49455714436397,215.6504750346776,219.083740234375,306000,0.0,0.0
2019-06-17 00:00:00-04:00,219.10328710891662,221.35301134552677,219.03481016758613,219.5238800048828,429900,0.0,0.0
2019-06-18 00:00:00-04:00,221.8518492844056,222.6832739482115,216.43296224776057,216.51121520996094,471900,0.0,0.0
2019-06-19 00:00:00-04:00,217.4306751551063,217.851283002331,209.50775225568424,217.36221313476562,513700,0.0,0.0
2019-06-20 00:00:00-04:00,219.1620081211216,221.73452065243504,216.12978360050099,219.11309814453125,470900,0.0,0.0
2019-06-21 00:00:00-04:00,219.8466880018367,222.33117136073113,218.49686527655973,220.01296997070312,636300,0.0,0.0
2019-06-24 00:00:00-04:00,219.78797670626236,220.85414534433934,217.97842730612942,220.02273559570312,355200,0.0,0.0
2019-06-25 00:00:00-04:00,220.03251959816677,220.77591531240702,218.91744095203356,219.73907470703125,331800,0.0,0.0
2019-06-26 00:00:00-04:00,219.72932959689098,220.7074694214721,217.85130292472277,219.25982666015625,511900,0.0,0.0
2019-06-27 00:00:00-04:00,220.74655086041105,222.64414418502818,219.01525441185876,221.76382446289062,409700,0.0,0.0
2019-06-28 00:00:00-04:00,221.6171342227879,225.78400425805617,221.05958739136378,225.07974243164062,924800,0.0,0.0
2019-07-01 00:00:00-04:00,226.83060723936805,227.72071801426725,220.47269871905118,223.10389709472656,503700,0.0,0.0
2019-07-02 00:00:00-04:00,223.7885608890158,224.07222974175454,220.39443008124633,221.75404357910156,467800,0.0,0.0
2019-07-03 00:00:00-04:00,221.52908582130402,226.21438356967266,221.31389388284884,225.9698486328125,290000,0.0,0.0
2019-07-05 00:00:00-04:00,224.8938602862808,225.99916283613257,223.22124988939618,225.7937469482422,195600,0.0,0.0
2019-07-08 00:00:00-04:00,224.6591158593114,224.84496478764055,222.2137666449325,223.99398803710938,436200,0.0,0.0
2019-07-09 00:00:00-04:00,224.05268998774105,224.71783278254316,222.28225941847313,223.93531799316406,345800,0.0,0.0
2019-07-10 00:00:00-04:00,225.0406109688753,225.59814284425335,220.0618684857612,221.06935119628906,388900,0.0,0.0
2019-07-11 00:00:00-04:00,220.16946514963482,221.07914284686973,218.18384271965672,220.08143615722656,363100,0.0,0.0
2019-07-12 00:00:00-04:00,220.54114711964525,222.62458934114986,219.19130963244768,221.5486297607422,386500,0.0,0.0
2019-07-15 00:00:00-04:00,222.37025918257453,222.37025918257453,217.86103490585694,220.07164001464844,675300,0.0,0.0
2019-07-16 00:00:00-04:00,220.0814126960973,226.1947852709889,220.06184572479435,225.09927368164062,426200,0.0,0.0
2019-07-17 00:00:00-04:00,225.09929169722218,226.32196631005596,221.49972987592142,223.42666625976562,362800,0.0,0.0
2019-07-18 00:00:00-04:00,222.83978645597062,223.79835915209816,217.98820713280182,220.59983825683594,587400,0.0,0.0
2019-07-19 00:00:00-04:00,221.13782604776677,223.583175307506,219.30870957755457,219.4163055419922,461700,0.0,0.0
2019-07-22 00:00:00-04:00,218.59466597127658,220.9030763658282,215.78740967999912,216.22756958007812,492500,0.0,0.0
2019-07-23 00:00:00-04:00,218.0273371479445,220.0912125497049,216.69706653460284,218.64356994628906,548600,0.0,0.0
2019-07-24 00:00:00-04:00,217.85128048012626,222.3507291797257,217.37198664237928,221.79318237304688,1912000,0.0,0.0
2019-07-25 00:00:00-04:00,222.20401604857892,222.88871092191113,216.62862218683262,217.0296630859375,522400,0.0,0.0
2019-07-26 00:00:00-04:00,216.6872826045871,221.13782114365975,216.43297166029586,218.92723083496094,608400,0.0,0.0
2019-07-29 00:00:00-04:00,218.8001066940071,220.1499444708506,217.70459483177453,219.0935516357422,760300,0.0,0.0
2019-07-30 00:00:00-04:00,228.12175213916007,241.09187976295897,225.9502807148948,240.95494079589844,1347900,0.0,0.0
2019-07-31 00:00:00-04:00,242.23630175955864,246.5694685888878,240.45609518565615,242.33412170410156,1417600,0.0,0.0
2019-08-01 00:00:00-04:00,242.6862467558654,243.50788053938828,236.10337061309968,239.1453857421875,686300,0.0,0.0
2019-08-02 00:00:00-04:00,237.4923408901036,244.45669132772082,235.64365730819776,240.67129516601562,723500,0.0,0.0
2019-08-05 00:00:00-04:00,238.09874812592662,243.24375723219433,237.2966813864614,240.602783203125,754000,0.0,0.0
2019-08-06 00:00:00-04:00,240.49520008970129,241.93306662374746,237.04236818827803,241.76678466796875,789500,0.0,0.0
2019-08-07 00:00:00-04:00,240.5147638925988,241.46356057059322,237.4727489088205,239.72247314453125,725800,0.0,0.0
2019-08-08 00:00:00-04:00,241.4929119318504,245.77716862933113,241.1994670343797,245.49349975585938,575200,0.0,0.0
2019-08-09 00:00:00-04:00,245.2587522913155,247.38131363665482,242.49061516576398,243.95782470703125,317800,0.0,0.0
2019-08-12 00:00:00-04:00,243.24377648996366,245.25875683448706,241.6885379294657,243.06771850585938,358800,0.0,0.0
2019-08-13 00:00:00-04:00,243.12641373905296,247.35198462085245,241.73745708583962,245.9336700439453,421900,0.0,0.0
2019-08-14 00:00:00-04:00,243.37092555900904,245.9630046040115,241.9232830463735,243.4002685546875,485800,0.0,0.0
2019-08-15 00:00:00-04:00,244.02628465685152,246.2466659228861,242.31454020654346,244.61317443847656,422900,0.0,0.0
2019-08-16 00:00:00-04:00,246.148836142635,250.08096170176262,242.31453051827617,249.26910400390625,406200,0.0,0.0
2019-08-19 00:00:00-04:00,250.40375933344583,251.93944580284202,248.44747996365328,249.7973175048828,456000,0.0,0.0
2019-08-20 00:00:00-04:00,249.83644979158817,250.70699356036297,246.7161816430453,247.18569946289062,819600,0.0,0.0
2019-08-21 00:00:00-04:00,249.42565767339045,250.87331537389528,245.95325827759737,247.7139129638672,715900,0.0,0.0
2019-08-22 00:00:00-04:00,247.4791341857725,250.2668384592618,246.10974449805423,249.53323364257812,302200,0.0,0.0
2019-08-23 00:00:00-04:00,249.0245857377365,252.72195265569758,245.82607962512458,246.81399536132812,544100,0.0,0.0
2019-08-26 00:00:00-04:00,247.46934334813596,248.06600916033224,243.2242206450881,245.27830505371094,366200,0.0,0.0
2019-08-27 00:00:00-04:00,247.3226294004942,248.68224298805407,244.44689629113932,244.74034118652344,439900,0.0,0.0
2019-08-28 00:00:00-04:00,245.15114222782864,248.88762788356325,243.14595298504844,246.657470703125,506700,0.0,0.0
2019-08-29 00:00:00-04:00,248.52576038319418,250.78527584209567,246.99007374415638,247.7236785888672,605600,0.0,0.0
2019-08-30 00:00:00-04:00,249.3901276269617,249.50775506754673,246.85123564959363,248.76275634765625,444300,0.55,0.0
2019-09-03 00:00:00-04:00,247.88050546288596,256.350040162995,244.8612765094681,255.88931274414062,887600,0.0,0.0
2019-09-04 00:00:00-04:00,257.8498243648118,259.1731927702819,255.3403394978167,255.55599975585938,554600,0.0,0.0
2019-09-05 00:00:00-04:00,257.2910832322391,257.8694380772611,249.5861719591869,250.6742706298828,617900,0.0,0.0
2019-09-06 00:00:00-04:00,250.10569961530163,254.3600761902125,249.86063249507978,252.9386749267578,263400,0.0,0.0
2019-09-09 00:00:00-04:00,252.34077058108448,252.46818037740258,247.47863146610862,248.1060028076172,533000,0.0,0.0
2019-09-10 00:00:00-04:00,247.15511679614784,252.16427477787653,242.4008082975081,251.75257873535156,489300,0.0,0.0
2019-09-11 00:00:00-04:00,251.5271167360305,253.36021423339844,249.2626986609968,253.36021423339844,423300,0.0,0.0
2019-09-12 00:00:00-04:00,254.4384952966602,259.4378707442939,254.09539533071472,256.11474609375,480400,0.0,0.0
2019-09-13 00:00:00-04:00,256.9186033527938,259.13402004424006,255.49723177911056,258.83013916015625,327400,0.0,0.0
2019-09-16 00:00:00-04:00,257.9479162565059,258.1243574401899,255.0953307919091,257.9969177246094,368400,0.0,0.0
2019-09-17 00:00:00-04:00,257.9772912269526,263.94712319362725,256.4480447444717,261.9963684082031,512600,0.0,0.0
2019-09-18 00:00:00-04:00,261.21217048521964,263.0452679487977,258.50661962344674,262.9472351074219,541000,0.0,0.0
2019-09-19 00:00:00-04:00,263.4373376387094,266.14288817429946,261.6336472534558,263.3883361816406,401100,0.0,0.0
2019-09-20 00:00:00-04:00,264.0059050804701,264.3685996190561,258.43798748638346,261.1533203125,800100,0.0,0.0
2019-09-23 00:00:00-04:00,261.06514510920226,264.65293183521254,260.66323138661215,261.5846862792969,341300,0.0,0.0
2019-09-24 00:00:00-04:00,261.97678510995223,265.03521837603097,261.97678510995223,262.888427734375,353900,0.0,0.0
2019-09-25 00:00:00-04:00,262.153139781489,265.5154528129735,260.7611755720564,265.2703857421875,403100,0.0,0.0
2019-09-26 00:00:00-04:00,265.08424621941754,269.3582029277124,263.6726570515311,268.1916809082031,404800,0.0,0.0
2019-09-27 00:00:00-04:00,268.69167009177835,269.2700250638537,263.0747193902913,265.37835693359375,345300,0.0,0.0
2019-09-30 00:00:00-04:00,265.90766073598223,270.544311906418,265.90766073598223,268.6916198730469,399000,0.0,0.0
2019-10-01 00:00:00-04:00,268.9954648118399,270.4658674641958,262.5060925592428,262.75115966796875,622500,0.0,0.0
2019-10-02 00:00:00-04:00,260.91808142117037,261.06511571399545,253.9777636456195,255.8696746826172,890200,0.0,0.0
2019-10-03 00:00:00-04:00,255.369780789782,256.3696439853027,251.45848876039065,254.6639862060547,612600,0.0,0.0
2019-10-04 00:00:00-04:00,255.93826638743744,258.79085094796386,254.20320213358633,256.7616882324219,636100,0.0,0.0
2019-10-07 00:00:00-04:00,256.4382547762829,258.8889261141384,254.1248054773281,256.93817138671875,732700,0.0,0.0
2019-10-08 00:00:00-04:00,255.29130108020465,261.97673897960925,253.8503052856458,257.7615966796875,608200,0.0,0.0
2019-10-09 00:00:00-04:00,260.0750362870216,262.40808012990976,258.8301060474746,260.8494567871094,448800,0.0,0.0
2019-10-10 00:00:00-04:00,260.86906371590965,264.5450708062595,259.81038683667464,262.58453369140625,376700,0.0,0.0
2019-10-11 00:00:00-04:00,263.9177266271272,264.97640355506684,259.7025536870192,260.19268798828125,491200,0.0,0.0
2019-10-14 00:00:00-04:00,260.2613599364106,261.95723568784825,259.9280721425394,260.4770202636719,399200,0.0,0.0
2019-10-15 00:00:00-04:00,263.67264772469593,264.7803260672235,259.5849146715727,260.58477783203125,475900,0.0,0.0
2019-10-16 00:00:00-04:00,261.065135371272,262.5257259823463,259.82998738769766,261.38861083984375,452400,0.0,0.0
2019-10-17 00:00:00-04:00,262.71195562916307,265.48610229634284,261.7120925377377,261.75128173828125,316100,0.0,0.0
2019-10-18 00:00:00-04:00,260.7024254131013,261.3199694530573,257.98706246107264,260.5357666015625,480600,0.0,0.0
2019-10-21 00:00:00-04:00,261.81990866344466,265.95664290775665,261.623872913754,263.3099060058594,424800,0.0,0.0
2019-10-22 00:00:00-04:00,262.9080252502239,267.0153526832047,261.99635280401134,262.42767333984375,425100,0.0,0.0
2019-10-23 00:00:00-04:00,263.30987964847094,264.51562054582615,256.99697869661935,258.84967041015625,559800,0.0,0.0
2019-10-24 00:00:00-04:00,260.32013763049576,260.9671185227103,259.0163935021562,259.67315673828125,572100,0.0,0.0
2019-10-25 00:00:00-04:00,259.2320443701002,266.7212809508393,258.31058948883566,263.03546142578125,605400,0.0,0.0
2019-10-28 00:00:00-04:00,264.3000322906046,265.6528078328265,262.4081209495784,263.74127197265625,698400,0.0,0.0
2019-10-29 00:00:00-04:00,268.6034128313836,270.00518977145697,258.37918843884,262.86883544921875,1088200,0.0,0.0
2019-10-30 00:00:00-04:00,261.54546715832066,263.34915782271383,254.37970596540015,261.5846862792969,743500,0.0,0.0
2019-10-31 00:00:00-04:00,262.61392520782385,264.6234935823892,255.45797712287737,256.74212646484375,735600,0.0,0.0
2019-11-01 00:00:00-04:00,258.4281604760568,262.07476008395173,256.22255659826754,258.1536865234375,1010200,0.0,0.0
2019-11-04 00:00:00-05:00,259.3594296498018,261.32977893115475,254.53652532511524,255.71282958984375,1344900,0.0,0.0
2019-11-05 00:00:00-05:00,255.85008176674728,258.4281927411324,246.50812403908404,248.30201721191406,1541300,0.0,0.0
2019-11-06 00:00:00-05:00,245.8121314224552,252.10545359587582,242.3713942637896,251.5369110107422,720700,0.0,0.0
2019-11-07 00:00:00-05:00,251.6447481181611,252.99752359514503,249.21368613785677,252.46817016601562,614300,0.0,0.0
2019-11-08 00:00:00-05:00,253.23275520629653,253.8699536806531,250.39979472164418,251.8309783935547,605900,0.0,0.0
2019-11-11 00:00:00-05:00,250.51742286569547,252.18389133108212,249.59596805524703,250.9683380126953,503900,0.0,0.0
2019-11-12 00:00:00-05:00,251.2918646265842,253.22299498851302,249.63520827935182,250.20376586914062,458500,0.0,0.0
2019-11-13 00:00:00-05:00,249.69399499990908,252.85046078527668,247.56681413719792,252.3113250732422,594400,0.0,0.0
2019-11-14 00:00:00-05:00,252.50739289563163,257.2028880112085,251.68397083600934,256.28143310546875,464600,0.0,0.0
2019-11-15 00:00:00-05:00,257.3891097709356,258.4968179733609,254.91881398062893,255.29132080078125,420200,0.0,0.0
2019-11-18 00:00:00-05:00,254.72276558090272,258.22233116646913,254.72276558090272,255.55599975585938,459700,0.0,0.0
2019-11-19 00:00:00-05:00,256.2716282690198,256.8402008437146,252.37996049729117,256.4971008300781,428100,0.0,0.0
2019-11-20 00:00:00-05:00,255.82071606871708,260.9867211913199,255.82071606871708,257.8890686035156,496500,0.0,0.0
2019-11-21 00:00:00-05:00,257.9086921866402,259.0359951702373,254.6149739105735,255.34039306640625,525500,0.0,0.0
2019-11-22 00:00:00-05:00,254.6835981981007,257.2224904380159,253.68373493430965,254.2130584716797,423700,0.0,0.0
2019-11-25 00:00:00-05:00,254.58554038395098,257.251872074688,253.53667575617632,256.5852966308594,740600,0.0,0.0
2019-11-26 00:00:00-05:00,257.70279776535216,263.8392581719297,256.4578376368458,263.75103759765625,1025700,0.0,0.0
2019-11-27 00:00:00-05:00,263.6628104366776,268.52493365061446,262.9177968297528,266.52520751953125,724200,0.0,0.0
2019-11-29 00:00:00-05:00,266.0242024001752,266.3385313054229,261.36832164840416,263.6373291015625,242600,0.55,0.0
2019-12-02 00:00:00-05:00,263.3132664341314,263.94189443188714,259.4235126672733,263.25433349609375,433100,0.0,0.0
2019-12-03 00:00:00-05:00,261.7907226532129,266.70200010789915,261.2406619763728,265.8474426269531,609400,0.0,0.0
2019-12-04 00:00:00-05:00,265.57243605981694,269.0397970541452,264.6884120340565,264.7473449707031,608000,0.0,0.0
2019-12-05 00:00:00-05:00,264.18743348184734,269.2460433613269,264.18743348184734,267.85125732421875,592500,0.0,0.0
2019-12-06 00:00:00-05:00,267.46814252909735,269.60948215575024,266.85914895654776,268.4700622558594,469600,0.0,0.0
2019-12-09 00:00:00-05:00,268.05753215880344,268.6468914808474,264.5705369654725,266.0340881347656,452800,0.0,0.0
2019-12-10 00:00:00-05:00,266.0242590422272,266.191255676214,262.57656242438566,264.069580078125,439400,0.0,0.0
2019-12-11 00:00:00-05:00,264.7964433390447,268.1164719614121,263.8141877691637,267.3994445800781,382900,0.0,0.0
2019-12-12 00:00:00-05:00,267.9003458309812,270.33635017464564,267.3601173158576,270.14971923828125,401000,0.0,0.0
2019-12-13 00:00:00-05:00,270.0809674888691,273.7251570252354,269.07907765688776,271.3971862792969,449400,0.0,0.0
2019-12-16 00:00:00-05:00,271.91777198496374,274.42254145054966,269.1969350902805,269.717529296875,419000,0.0,0.0
2019-12-17 00:00:00-05:00,272.33035918083084,273.06705086481867,269.2362601032942,269.3541259765625,558200,0.0,0.0
2019-12-18 00:00:00-05:00,269.6487927348464,271.0534410049328,268.77460085067196,269.66845703125,589500,0.0,0.0
2019-12-19 00:00:00-05:00,269.3344722918004,271.3873827064526,266.22070914188447,268.116455078125,532700,0.0,0.0
2019-12-20 00:00:00-05:00,268.19501588531426,270.84708741121227,268.03785142824506,268.3914489746094,954100,0.0,0.0
2019-12-23 00:00:00-05:00,268.6370957462092,268.6370957462092,264.83577106905256,266.2895202636719,625200,0.0,0.0
2019-12-24 00:00:00-05:00,267.30121747135775,271.367740010713,266.42699561112175,269.66845703125,314000,0.0,0.0
2019-12-26 00:00:00-05:00,270.1006822875999,273.9413056590757,269.50149072502,273.7448425292969,254100,0.0,0.0
2019-12-27 00:00:00-05:00,273.9412330572375,274.7466597333149,272.57588361207866,273.764404296875,233000,0.0,0.0
2019-12-30 00:00:00-05:00,273.59744093567207,276.18077756061433,272.4088902605855,273.0179138183594,297800,0.0,0.0
2019-12-31 00:00:00-05:00,272.3892455865812,275.35564613598814,272.3892455865812,274.67791748046875,230500,0.0,0.0
2020-01-02 00:00:00-05:00,276.7210631547714,276.81929471506845,270.65073042681166,271.70172119140625,553500,0.0,0.0
2020-01-03 00:00:00-05:00,269.7765154104126,274.49136064071536,269.7765154104126,270.89630126953125,442400,0.0,0.0
2020-01-06 00:00:00-05:00,271.9669023773999,273.15542311612205,270.8471167405438,271.7311706542969,571500,0.0,0.0
2020-01-07 00:00:00-05:00,270.96502788246096,274.58955361114806,269.8845706536471,271.1221923828125,533700,0.0,0.0
2020-01-08 00:00:00-05:00,271.3775446547331,274.2064452524765,269.0692382658759,272.04547119140625,506500,0.0,0.0
2020-01-09 00:00:00-05:00,272.8411244524704,274.7958334603608,271.84906669025764,272.6839599609375,481600,0.0,0.0
2020-01-10 00:00:00-05:00,272.4285246046841,272.4285246046841,267.4681171509506,271.95703125,335600,0.0,0.0
2020-01-13 00:00:00-05:00,271.2597164571556,271.574045450785,266.97706635312807,267.32086181640625,647900,0.0,0.0
2020-01-14 00:00:00-05:00,264.60004027263545,265.20903399898134,255.4847087475649,256.1231689453125,1076900,0.0,0.0
2020-01-15 00:00:00-05:00,256.10354322400667,258.117155448235,254.17830044088686,257.5376281738281,703100,0.0,0.0
2020-01-16 00:00:00-05:00,257.80275909063806,259.3645416715933,256.65353699147175,258.343017578125,728900,0.0,0.0
2020-01-17 00:00:00-05:00,258.50020640416193,262.2131311858603,258.038545096403,262.0068359375,541700,0.0,0.0
2020-01-21 00:00:00-05:00,261.02461341483064,264.25624297804507,260.6415492892329,263.0087890625,590800,0.0,0.0
2020-01-22 00:00:00-05:00,263.2837868289924,263.715981670413,260.2093221518209,260.5236511230469,400900,0.0,0.0
2020-01-23 00:00:00-05:00,259.19760069863196,263.20519017432383,257.76351598135744,263.1167907714844,385700,0.0,0.0
2020-01-24 00:00:00-05:00,262.7337526910243,262.86142074594073,257.6161791593384,259.20745849609375,305800,0.0,0.0
2020-01-27 00:00:00-05:00,256.8598439645712,260.36650371314175,254.69886961574443,254.93463134765625,545100,0.0,0.0
2020-01-28 00:00:00-05:00,256.1231070021842,261.29958240026286,254.09966318579322,260.8379211425781,434500,0.0,0.0
2020-01-29 00:00:00-05:00,261.2112104331393,263.4409497096247,255.92667079383276,256.02490234375,504900,0.0,0.0
2020-01-30 00:00:00-05:00,254.63010986308416,262.1443586142308,254.63010986308416,261.9675598144531,737800,0.0,0.0
2020-01-31 00:00:00-05:00,260.7593679060521,260.97546531436683,255.32749620838385,259.1189880371094,387900,0.0,0.0
2020-02-03 00:00:00-05:00,261.00496294926825,269.73719977011376,259.8066099011543,267.5369567871094,607100,0.0,0.0
2020-02-04 00:00:00-05:00,269.5407323727743,269.6291317696701,261.6925206068629,267.5958557128906,482600,0.0,0.0
2020-02-05 00:00:00-05:00,269.6782790417886,273.4501671492394,268.4406572958431,272.2812805175781,559600,0.0,0.0
2020-02-06 00:00:00-05:00,271.7016931266869,272.8607774567663,266.7707810601594,269.3148193359375,534000,0.0,0.0
2020-02-07 00:00:00-05:00,268.8630051641008,270.81768422399847,267.1440578568567,269.23626708984375,310900,0.0,0.0
2020-02-10 00:00:00-05:00,269.020112209132,271.93741192948465,267.8512258917346,271.87847900390625,744000,0.0,0.0
2020-02-11 00:00:00-05:00,267.4190053100305,267.51723683519884,256.9186937594606,258.097412109375,901400,0.0,0.0
2020-02-12 00:00:00-05:00,256.9973575891927,257.33132088049314,250.7698459846666,255.38644409179688,636500,0.0,0.0
2020-02-13 00:00:00-05:00,255.3864526021383,260.3468313257167,254.9247912772381,258.0188903808594,616100,0.0,0.0
2020-02-14 00:00:00-05:00,258.0090933743195,259.11901702988195,256.840206804384,258.8047180175781,545000,0.0,0.0
2020-02-18 00:00:00-05:00,257.35095355561805,258.86363549271516,251.7128163028839,252.63613891601562,700400,0.0,0.0
2020-02-19 00:00:00-05:00,252.3119545397234,256.20167775763184,251.1627174531582,254.0800323486328,753600,0.0,0.0
2020-02-20 00:00:00-05:00,254.52205772300866,256.4669345370364,250.8975322827203,253.50050354003906,506300,0.0,0.0
2020-02-21 00:00:00-05:00,252.65579539195107,252.67542971324957,246.3889996504783,246.95870971679688,725200,0.0,0.0
2020-02-24 00:00:00-05:00,240.7606637923281,246.04520356453844,236.7039434848112,245.05311584472656,853400,0.0,0.0
2020-02-25 00:00:00-05:00,244.22802488143725,245.12188104930007,234.64121589209705,234.88677978515625,802200,0.0,0.0
2020-02-26 00:00:00-05:00,236.11461060331305,238.00053959412327,228.60034612158236,230.52557373046875,1021100,0.0,0.0
2020-02-27 00:00:00-05:00,227.78505146306796,234.19917887636956,225.8794883243841,226.88137817382812,819000,0.0,0.0
2020-02-28 00:00:00-05:00,222.28330046882388,225.93617324161679,219.871033366393,224.0260467529297,1117700,0.55,0.0
2020-03-02 00:00:00-05:00,224.53803831034045,233.49788950776937,224.16388549388247,233.25173950195312,891300,0.0,0.0
2020-03-03 00:00:00-05:00,239.55317133320096,241.90636461759604,233.36002922161444,235.26031494140625,879900,0.0,0.0
2020-03-04 00:00:00-05:00,238.33227432101714,249.26134036377655,235.6836979091536,248.85765075683594,816100,0.0,0.0
2020-03-05 00:00:00-05:00,242.5562245267597,245.44109541663468,234.36434502768026,239.86825561523438,720600,0.0,0.0
2020-03-06 00:00:00-05:00,233.11388284404865,236.59937514154075,229.38225557854037,235.0732421875,629400,0.0,0.0
2020-03-09 00:00:00-04:00,212.6736034687159,223.04144043591148,208.09521940356373,209.93641662597656,1032600,0.0,0.0
2020-03-10 00:00:00-04:00,214.64280954908057,216.60216904481834,203.6842062539344,214.0225067138672,880400,0.0,0.0
2020-03-11 00:00:00-04:00,209.06994659688692,210.37946631332267,201.2620763235867,203.32972717285156,801300,0.0,0.0
2020-03-12 00:00:00-04:00,187.07399576020597,198.27874831388172,182.85006846640954,182.8599090576172,875100,0.0,0.0
2020-03-13 00:00:00-04:00,190.55948759049346,195.354500063365,182.27901256531663,195.19696044921875,850000,0.0,0.0
2020-03-16 00:00:00-04:00,178.51782538794927,186.355248077086,168.34690548300878,168.75059509277344,1073200,0.0,0.0
2020-03-17 00:00:00-04:00,172.1474583608769,174.59911774048715,159.35751412718642,170.00103759765625,1072600,0.0,0.0
2020-03-18 00:00:00-04:00,163.22699526724747,167.19493227122248,132.99977670364692,147.51278686523438,1507300,0.0,0.0
2020-03-19 00:00:00-04:00,147.6013891407187,168.9179730640428,139.05505335526462,165.64910888671875,971400,0.0,0.0
2020-03-20 00:00:00-04:00,167.38199419129012,170.14871769146706,147.68999487466775,151.25424194335938,1372300,0.0,0.0
2020-03-23 00:00:00-04:00,151.62837944285727,151.62837944285727,138.94672835456538,141.90052795410156,1052600,0.0,0.0
2020-03-24 00:00:00-04:00,149.0684280717388,161.51377097664616,147.03031396503974,157.94952392578125,992500,0.0,0.0
2020-03-25 00:00:00-04:00,157.01414924911114,188.30473326662278,155.37970978863993,179.26611328125,1620500,0.0,0.0
2020-03-26 00:00:00-04:00,182.09193893845568,191.91824340820312,181.19594927106564,191.91824340820312,1004600,0.0,0.0
2020-03-27 00:00:00-04:00,185.7447853184141,188.7478183446443,176.12525406678037,178.42921447753906,911200,0.0,0.0
2020-03-30 00:00:00-04:00,180.28025595888377,180.28025595888377,172.79729036653816,176.75538635253906,885800,0.0,0.0
2020-03-31 00:00:00-04:00,174.07727168226307,193.05051665485246,172.3542217943353,186.3158416748047,2338700,0.0,0.0
2020-04-01 00:00:00-04:00,179.3842827369245,192.4794662040073,178.22244688352825,183.25375366210938,1463100,0.0,0.0
2020-04-02 00:00:00-04:00,183.62791636610194,186.41433641730208,173.29945603699375,177.5726318359375,1267500,0.0,0.0
2020-04-03 00:00:00-04:00,176.53876214857945,176.73567912055506,159.5347179507618,166.89952087402344,1325000,0.0,0.0
2020-04-06 00:00:00-04:00,172.7677732696125,176.43048668495433,170.0207306962038,174.23483276367188,1348300,0.0,0.0
2020-04-07 00:00:00-04:00,180.90053790251608,192.74527366013643,178.5670409151143,182.56451416015625,945700,0.0,0.0
2020-04-08 00:00:00-04:00,183.29313949888632,194.96064047780408,181.09747068302732,193.73974609375,778100,0.0,0.0
2020-04-09 00:00:00-04:00,196.73293349593874,211.19671062757533,196.73293349593874,204.98388671875,1024800,0.0,0.0
2020-04-13 00:00:00-04:00,203.53651957531764,203.53651957531764,193.72005606602684,194.52743530273438,516400,0.0,0.0
2020-04-14 00:00:00-04:00,198.2984401007225,200.88794298813102,195.32495882623817,200.06088256835938,368300,0.0,0.0
2020-04-15 00:00:00-04:00,193.6412761103542,194.84248928690695,186.28631306367603,191.1600799560547,690700,0.0,0.0
2020-04-16 00:00:00-04:00,190.46102084818705,190.73670763824114,181.46177771164113,184.5534210205078,683000,0.0,0.0
2020-04-17 00:00:00-04:00,190.28381161209677,196.39818489802565,189.19090489041113,195.8074188232422,666100,0.0,0.0
2020-04-20 00:00:00-04:00,192.05605386410895,192.3612774289413,185.63645831700128,185.73492431640625,621000,0.0,0.0
2020-04-21 00:00:00-04:00,182.48574226943455,184.00203453216344,175.4950919780423,176.48953247070312,834700,0.0,0.0
2020-04-22 00:00:00-04:00,177.2280076727447,179.22674455737186,174.2939037523834,174.3234405517578,956100,0.0,0.0
2020-04-23 00:00:00-04:00,173.98867082947282,177.35600099214736,171.95054163890995,175.0028076171875,593900,0.0,0.0
2020-04-24 00:00:00-04:00,178.9510699219896,180.05381723713737,172.85639283968217,174.61883544921875,582000,0.0,0.0
2020-04-27 00:00:00-04:00,176.42061159238978,184.18911961029642,175.76093142963302,179.20703125,721000,0.0,0.0
2020-04-28 00:00:00-04:00,184.69127263604187,191.21917554379786,183.29314241745084,186.20755004882812,769200,0.0,0.0
2020-04-29 00:00:00-04:00,191.04193510406498,196.3686246625444,190.9927020997408,194.7932586669922,761300,0.0,0.0
2020-04-30 00:00:00-04:00,192.2431572074017,192.2431572074017,184.70111731892968,187.3004608154297,584300,0.0,0.0
2020-05-01 00:00:00-04:00,184.66171421350614,185.88260847403305,179.11841196997773,183.71649169921875,455200,0.0,0.0
2020-05-04 00:00:00-04:00,181.4716286883621,189.22042609817944,177.7596823775383,187.7139892578125,740600,0.0,0.0
2020-05-05 00:00:00-04:00,185.15406083734726,186.75894886240948,172.70871556749978,178.7147674560547,1391300,0.0,0.0
2020-05-06 00:00:00-04:00,180.7135063729626,181.72765835751508,171.55673692341227,171.80288696289062,1061700,0.0,0.0
2020-05-07 00:00:00-04:00,173.47669025224567,181.35349088104127,173.17146663168865,176.92279052734375,534500,0.0,0.0
2020-05-08 00:00:00-04:00,180.89070099094772,181.19592456653513,173.0237421134344,173.87049865722656,558700,0.0,0.0
2020-05-11 00:00:00-04:00,171.6058985633066,171.6058985633066,166.15122209005236,167.90380859375,774100,0.0,0.0
2020-05-12 00:00:00-04:00,168.83922028592397,169.6859769695892,166.1414256376318,166.8306427001953,621400,0.0,0.0
2020-05-13 00:00:00-04:00,165.4226172772974,166.46630575019842,157.31936462600888,158.15628051757812,743400,0.0,0.0
2020-05-14 00:00:00-04:00,155.45849454798784,167.93337483732893,149.60012750945143,166.40724182128906,758000,0.0,0.0
2020-05-15 00:00:00-04:00,165.37341337579898,170.84778666629398,163.96542764204486,165.48171997070312,498900,0.0,0.0
2020-05-18 00:00:00-04:00,171.5665476244308,179.97502489753052,171.5665476244308,178.0845947265625,667900,0.0,0.0
2020-05-19 00:00:00-04:00,177.86798616604048,178.25197956978508,171.83239830840373,172.15731811523438,480100,0.0,0.0
2020-05-20 00:00:00-04:00,173.6834560707269,178.5572387093702,173.6834560707269,176.34188842773438,468800,0.0,0.0
2020-05-21 00:00:00-04:00,175.51482284869374,180.60520398138084,173.83116495259014,175.87913513183594,468300,0.0,0.0
2020-05-22 00:00:00-04:00,179.3941313160586,180.1424369910293,174.58929314868064,176.92279052734375,434900,0.0,0.0
2020-05-26 00:00:00-04:00,183.0371489187341,186.82786523742115,181.0088751571195,186.07957458496094,663200,0.0,0.0
2020-05-27 00:00:00-04:00,191.347157580849,200.12978764885875,190.6579405957435,199.2534942626953,1223000,0.0,0.0
2020-05-28 00:00:00-04:00,203.62511206029507,203.67434506226664,193.85788241649067,194.4092559814453,697300,0.0,0.0
2020-05-29 00:00:00-04:00,192.45431355630808,193.36267400028862,188.6628921207972,189.6601104736328,702800,0.55,0.0
2020-06-01 00:00:00-04:00,188.81097801587288,194.95229757859542,188.81097801587288,193.4811553955078,743800,0.0,0.0
2020-06-02 00:00:00-04:00,195.2386510664277,202.60427576651847,193.54040736847102,202.18959045410156,796600,0.0,0.0
2020-06-03 00:00:00-04:00,205.7933996296671,209.91066331507974,205.7933996296671,207.26455688476562,676200,0.0,0.0
2020-06-04 00:00:00-04:00,205.2404986107744,209.57496575272287,204.6085950319631,208.8245849609375,498000,0.0,0.0
2020-06-05 00:00:00-04:00,220.39634854087925,226.12298364142066,218.5598762688449,222.57838439941406,1350000,0.0,0.0
2020-06-08 00:00:00-04:00,225.25410828887152,227.5447683328737,216.99985875868325,219.33987426757812,549000,0.0,0.0
2020-06-09 00:00:00-04:00,214.96589099099845,216.68388579657477,205.75391163533416,206.20809936523438,800300,0.0,0.0
2020-06-10 00:00:00-04:00,204.61845538306642,206.09948064333994,200.9257603104413,202.00196838378906,508100,0.0,0.0
2020-06-11 00:00:00-04:00,193.9156061892857,197.27260647891646,185.85883863886818,186.5006103515625,798800,0.0,0.0
2020-06-12 00:00:00-04:00,194.55738830566406,197.0751346961128,190.04519000184462,194.55738830566406,599800,0.0,0.0
2020-06-15 00:00:00-04:00,187.97173526376602,197.85510530879216,185.93779626914136,196.6702880859375,353600,0.0,0.0
2020-06-16 00:00:00-04:00,215.96311246168614,218.9449143867439,205.8625237864086,211.4213104248047,1167300,0.0,0.0
2020-06-17 00:00:00-04:00,213.56386396838607,213.56386396838607,206.68203146003637,208.06431579589844,506500,0.0,0.0
2020-06-18 00:00:00-04:00,206.4450640238862,212.32967825305644,205.02327722672996,209.328125,463300,0.0,0.0
2020-06-19 00:00:00-04:00,212.07296197412575,215.0448959865114,207.1658448976386,208.3506622314453,587400,0.0,0.0
2020-06-22 00:00:00-04:00,206.25745214497616,208.33089360526967,201.91311726197938,207.0868377685547,467400,0.0,0.0
2020-06-23 00:00:00-04:00,210.04887948187132,210.63141246331529,206.68201180414079,209.27874755859375,554000,0.0,0.0
2020-06-24 00:00:00-04:00,206.869630281659,207.62987913299114,202.15009725351896,203.87796020507812,629800,0.0,0.0
2020-06-25 00:00:00-04:00,202.5055416388591,204.25314072828843,199.6817193304658,203.22630310058594,661900,0.0,0.0
2020-06-26 00:00:00-04:00,202.54504120874003,202.54504120874003,196.29511196267867,200.22476196289062,1007000,0.0,0.0
2020-06-29 00:00:00-04:00,201.26147728331486,207.20533018212961,201.26147728331486,203.88783264160156,433800,0.0,0.0
2020-06-30 00:00:00-04:00,203.0090616807756,205.17136088503963,199.8791635634806,203.95692443847656,556800,0.0,0.0
2020-07-01 00:00:00-04:00,205.49719806695978,207.05721316139662,202.51539630084537,206.32656860351562,585300,0.0,0.0
2020-07-02 00:00:00-04:00,211.03626629500147,214.64995707571225,206.82027614077327,210.7894287109375,803800,0.0,0.0
2020-07-06 00:00:00-04:00,213.93905852764783,215.91375915307904,210.79929176478188,213.60336303710938,691500,0.0,0.0
2020-07-07 00:00:00-04:00,211.1645857076373,212.1716871455749,208.577732964812,209.88104248046875,466700,0.0,0.0
2020-07-08 00:00:00-04:00,209.28864511389003,210.03902592114437,203.9964468825842,206.2476043701172,572000,0.0,0.0
2020-07-09 00:00:00-04:00,205.8921386200438,207.0967070846295,199.94828612201252,204.0951690673828,473700,0.0,0.0
2020-07-10 00:00:00-04:00,204.46048090846952,208.51849082683995,203.32501914076016,207.49163818359375,370000,0.0,0.0
2020-07-13 00:00:00-04:00,209.37748917687398,213.89955507733572,207.31393079408426,207.7483673095703,551600,0.0,0.0
2020-07-14 00:00:00-04:00,207.9458568620983,212.3593141116115,205.66507997458555,212.05323791503906,387400,0.0,0.0
2020-07-15 00:00:00-04:00,216.20010450652453,220.83077999775716,215.89402831256595,219.23126220703125,578700,0.0,0.0
2020-07-16 00:00:00-04:00,218.3031422755523,221.11708139669858,216.69375657668505,220.26795959472656,366900,0.0,0.0
2020-07-17 00:00:00-04:00,222.4500464141871,223.50650349982223,219.60647246311376,220.72218322753906,397900,0.0,0.0
2020-07-20 00:00:00-04:00,219.69529664507974,220.48517985083166,216.53577888784113,218.6388397216797,419300,0.0,0.0
2020-07-21 00:00:00-04:00,219.11278330611745,224.30624061540556,219.11278330611745,222.83509826660156,427700,0.0,0.0
2020-07-22 00:00:00-04:00,222.7857054443811,225.20471049635398,220.8504923633415,221.49227905273438,693900,0.0,0.0
2020-07-23 00:00:00-04:00,220.90975945824508,224.51358199288364,219.46822140492773,220.60366821289062,501500,0.0,0.0
2020-07-24 00:00:00-04:00,221.15660289169384,222.49939992522113,217.1084605663596,220.82089233398438,541200,0.0,0.0
2020-07-27 00:00:00-04:00,219.8631642568742,225.4811900452008,219.1720220390156,225.11587524414062,802000,0.0,0.0
2020-07-28 00:00:00-04:00,223.02267234481027,227.09055042706652,208.59748503896455,209.7131805419922,1379500,0.0,0.0
2020-07-29 00:00:00-04:00,211.32256937509834,213.06030036323963,206.93873192567048,211.4213104248047,791100,0.0,0.0
2020-07-30 00:00:00-04:00,210.09826439268747,210.75980235372072,205.05290374061585,206.55368041992188,634600,0.0,0.0
2020-07-31 00:00:00-04:00,205.79340718369312,206.50430057519938,199.15842730591675,204.55921936035156,514600,0.0,0.0
2020-08-03 00:00:00-04:00,206.29696729162254,206.67216521429995,201.71566265328318,205.44784545898438,546300,0.0,0.0
2020-08-04 00:00:00-04:00,205.73416818392175,210.03901590610747,204.70733054581046,209.59471130371094,456900,0.0,0.0
2020-08-05 00:00:00-04:00,211.11523308908343,217.1676797450554,210.10813163759983,214.10690307617188,594800,0.0,0.0
2020-08-06 00:00:00-04:00,209.44660284225856,214.61044017219083,209.44660284225856,210.38458251953125,502200,0.0,0.0
2020-08-07 00:00:00-04:00,210.68080240211196,217.73048262584172,210.04889884103534,217.21705627441406,387200,0.0,0.0
2020-08-10 00:00:00-04:00,219.00417206038452,221.64039560679228,217.27630900044994,220.5839385986328,380700,0.0,0.0
2020-08-11 00:00:00-04:00,225.6292851083299,227.5151126505548,221.89710233948028,222.6968536376953,527500,0.0,0.0
2020-08-12 00:00:00-04:00,223.58547008729514,224.03965784949156,217.29605356301198,218.32289123535156,607600,0.0,0.0
2020-08-13 00:00:00-04:00,216.6641466427941,219.50772025434776,215.27197913999015,216.85174560546875,411800,0.0,0.0
2020-08-14 00:00:00-04:00,215.94337441472888,218.74744543893178,214.46234907670737,216.55552673339844,365900,0.0,0.0
2020-08-17 00:00:00-04:00,218.07606376764093,218.33278449694853,213.42565212454886,213.68235778808594,674200,0.0,0.0
2020-08-18 00:00:00-04:00,214.8474331178198,215.37072757597042,211.10536701243694,212.1717071533203,408800,0.0,0.0
2020-08-19 00:00:00-04:00,212.9912201882622,213.66261119936067,208.87397100802605,209.50587463378906,425300,0.0,0.0
2020-08-20 00:00:00-04:00,207.343543983738,208.35064541578848,205.44783338949318,206.54379272460938,385300,0.0,0.0
2020-08-21 00:00:00-04:00,206.07973143488272,208.6468479374118,205.31946757543272,207.00784301757812,377400,0.0,0.0
2020-08-24 00:00:00-04:00,209.17014317047128,211.48053899257854,207.7680926468661,209.35772705078125,521900,0.0,0.0
2020-08-25 00:00:00-04:00,209.45647628673117,210.49319703691629,205.64530381272803,208.62710571289062,322000,0.0,0.0
2020-08-26 00:00:00-04:00,207.70886038749518,207.70886038749518,203.11768790346508,205.83290100097656,468300,0.0,0.0
2020-08-27 00:00:00-04:00,206.71163751351563,209.86128704739414,205.8427645205096,206.4351806640625,434200,0.0,0.0
2020-08-28 00:00:00-04:00,207.07695123964146,207.07695123964146,201.98223570653485,204.69744873046875,579300,0.0,0.0
2020-08-31 00:00:00-04:00,204.99448255812092,204.99448255812092,200.62825988017417,200.85597229003906,612000,0.57,0.0
2020-09-01 00:00:00-04:00,201.01439629351376,205.82614871704547,199.29166489490902,205.79644775390625,529400,0.0,0.0
2020-09-02 00:00:00-04:00,204.4499398750469,212.11310528768576,203.01433799181632,210.45968627929688,563200,0.0,0.0
2020-09-03 00:00:00-04:00,210.57848312066372,213.81602382116097,206.41027202678217,208.94485473632812,717900,0.0,0.0
2020-09-04 00:00:00-04:00,211.528959711804,214.8259025776329,209.8953463140743,212.97447204589844,985000,0.0,0.0
2020-09-08 00:00:00-04:00,209.54879864589856,210.06364047782517,203.10343333789828,204.8756561279297,842900,0.0,0.0
2020-09-09 00:00:00-04:00,203.2420558157124,204.61825581188674,199.04414350947224,201.4302215576172,641700,0.0,0.0
2020-09-10 00:00:00-04:00,201.52924077971085,207.19245613704103,200.2124426700104,205.27171325683594,453800,0.0,0.0
2020-09-11 00:00:00-04:00,205.90534523969163,214.18235058553336,204.13310729546524,207.8359832763672,558600,0.0,0.0
2020-09-14 00:00:00-04:00,208.44983903587234,215.41995727847032,208.06371139937232,214.33087158203125,545800,0.0,0.0
2020-09-15 00:00:00-04:00,216.05360304948982,220.55843554751652,215.3803459532369,215.93479919433594,460500,0.0,0.0
2020-09-16 00:00:00-04:00,217.55849800727034,225.6572823695416,215.01400488199775,222.71676635742188,713400,0.0,0.0
2020-09-17 00:00:00-04:00,220.00397424369788,225.83549953447474,218.0535305880361,224.7266082763672,657100,0.0,0.0
2020-09-18 00:00:00-04:00,225.19195749647324,227.45923168347602,221.87522412192453,222.98410034179688,765800,0.0,0.0
2020-09-21 00:00:00-04:00,216.8852391736874,218.1525305298629,213.59820693963994,216.14268493652344,1296700,0.0,0.0
2020-09-22 00:00:00-04:00,217.07338499494773,219.67728037677372,215.07343441283894,219.27134704589844,443000,0.0,0.0
2020-09-23 00:00:00-04:00,219.44953131059356,223.19200360165402,216.78624936738476,217.81591796875,861900,0.0,0.0
2020-09-24 00:00:00-04:00,216.03377819173159,221.73660444971912,214.5090734591642,218.72677612304688,631600,0.0,0.0
2020-09-25 00:00:00-04:00,216.47931804208372,224.6375198240041,215.82588175827524,223.82566833496094,477700,0.0,0.0
2020-09-28 00:00:00-04:00,227.0136887322706,231.96405061851695,226.31074580451474,229.57798767089844,528900,0.0,0.0
2020-09-29 00:00:00-04:00,228.83542559680424,229.95419707203735,224.98404478472472,228.76611328125,466000,0.0,0.0
2020-09-30 00:00:00-04:00,230.4096319161971,236.26096296323757,229.50866247769076,233.02342224121094,655100,0.0,0.0
2020-10-01 00:00:00-04:00,234.92437766831875,238.84507101627733,230.81558325465332,232.53829956054688,673900,0.0,0.0
2020-10-02 00:00:00-04:00,228.30079821075637,242.35982370778436,228.30079821075637,238.16192626953125,804300,0.0,0.0
2020-10-05 00:00:00-04:00,241.3301368900434,250.25068338322598,240.40937685003098,246.7062225341797,1105800,0.0,0.0
2020-10-06 00:00:00-04:00,249.28040575684136,259.042534474551,246.2705925725561,247.16165161132812,1102400,0.0,0.0
2020-10-07 00:00:00-04:00,250.94377007905226,265.69582844880387,250.1319034177206,262.131591796875,1370400,0.0,0.0
2020-10-08 00:00:00-04:00,267.31952839488963,273.54709179425384,266.675987425009,273.0817565917969,934300,0.0,0.0
2020-10-09 00:00:00-04:00,273.65599007997116,274.675763386606,264.240422626164,270.3887634277344,993600,0.0,0.0
2020-10-12 00:00:00-04:00,271.92335869357044,272.3787835041107,266.4977816764477,267.48785400390625,647800,0.0,0.0
2020-10-13 00:00:00-04:00,257.9237640546569,261.07218695534175,254.96342710776136,258.4286804199219,789000,0.0,0.0
2020-10-14 00:00:00-04:00,259.6563870817435,261.96324238859773,255.9337053354614,257.25048828125,434200,0.0,0.0
2020-10-15 00:00:00-04:00,254.2307745481532,256.7059554009916,251.66649081036581,254.30996704101562,775500,0.0,0.0
2020-10-16 00:00:00-04:00,256.06242686497234,259.9137927475404,254.0327603382516,256.3990478515625,498400,0.0,0.0
2020-10-19 00:00:00-04:00,256.4386454901995,256.76535606674565,251.5179696629671,254.15158081054688,340100,0.0,0.0
2020-10-20 00:00:00-04:00,257.57723392491675,258.58709687493666,252.19123776225493,254.53770446777344,376000,0.0,0.0
2020-10-21 00:00:00-04:00,253.63672703309675,258.1217535640285,252.0427250547364,253.68624877929688,320400,0.0,0.0
2020-10-22 00:00:00-04:00,251.49820127136013,259.230649375153,251.4783955928425,256.52777099609375,512500,0.0,0.0
2020-10-23 00:00:00-04:00,259.3395963511479,260.3197584698828,255.9139539178617,259.804931640625,255100,0.0,0.0
2020-10-26 00:00:00-04:00,255.58719816162537,256.44855636295625,249.5675709309201,251.72592163085938,391900,0.0,0.0
2020-10-27 00:00:00-04:00,252.34965357465916,256.0723353998932,251.2209716633991,252.99319458007812,368500,0.0,0.0
2020-10-28 00:00:00-04:00,246.6666483109154,249.6665666102906,241.33015843735197,244.99342346191406,553800,0.0,0.0
2020-10-29 00:00:00-04:00,248.41907196440363,266.35917919533347,247.51810244574764,260.98309326171875,1114300,0.0,0.0
2020-10-30 00:00:00-04:00,258.1713090208469,267.1017518947615,256.7159012696649,263.705810546875,604600,0.0,0.0
2020-11-02 00:00:00-05:00,267.16113590441614,272.7550389866992,265.7354292146284,268.2997131347656,858900,0.0,0.0
2020-11-03 00:00:00-05:00,272.7649445901969,275.2401255755889,268.91354847391335,273.41839599609375,481900,0.0,0.0
2020-11-04 00:00:00-05:00,250.13189217168477,263.74540286824697,237.32035281451763,251.2407684326172,1817500,0.0,0.0
2020-11-05 00:00:00-05:00,253.57737691194808,263.4187004854429,252.50809674405784,257.62677001953125,941200,0.0,0.0
2020-11-06 00:00:00-05:00,254.36940811289705,263.06224236479113,250.83484247939626,253.63673400878906,525900,0.0,0.0
2020-11-09 00:00:00-05:00,268.279892950149,273.22034406971795,254.45849207078405,258.8345947265625,646500,0.0,0.0
2020-11-10 00:00:00-05:00,260.83456541491796,274.66587696704823,260.6365388645997,263.3790283203125,597700,0.0,0.0
2020-11-11 00:00:00-05:00,264.04242804555656,264.04242804555656,255.75552634980517,263.349365234375,464600,0.0,0.0
2020-11-12 00:00:00-05:00,261.2602912922256,261.3691847455202,256.2604078966251,257.983154296875,485600,0.0,0.0
2020-11-13 00:00:00-05:00,259.8543558421788,267.3195091122937,258.0029255578494,261.5177001953125,446800,0.0,0.0
2020-11-16 00:00:00-05:00,268.131404579899,271.9827703600947,264.03249049436045,268.51751708984375,472400,0.0,0.0
2020-11-17 00:00:00-05:00,266.14133173010276,267.98288191405493,263.32953003247405,266.6561584472656,294000,0.0,0.0
2020-11-18 00:00:00-05:00,268.05218729116797,271.90358336385634,265.44829208967207,266.6858825683594,305100,0.0,0.0
2020-11-19 00:00:00-05:00,265.38888437787534,271.50755453421124,263.7651814168353,266.8739929199219,282500,0.0,0.0
2020-11-20 00:00:00-05:00,263.9136567012618,264.16117476391037,256.54751673967127,262.96319580078125,412200,0.0,0.0
2020-11-23 00:00:00-05:00,266.32948634330165,268.48783701085915,263.3493586304123,264.2404479980469,319000,0.0,0.0
2020-11-24 00:00:00-05:00,267.4680099005476,274.8044488331341,264.67599892903235,272.190673828125,585400,0.0,0.0
2020-11-25 00:00:00-05:00,269.85409655209645,271.3689059225515,262.616670647188,269.972900390625,259300,0.0,0.0
2020-11-27 00:00:00-05:00,269.74522565370603,270.2105608699135,265.5077171758509,268.31951904296875,158000,0.0,0.0
2020-11-30 00:00:00-05:00,267.16864700827205,267.16864700827205,259.76714733216716,263.5472717285156,500200,0.57,0.0
2020-12-01 00:00:00-05:00,268.3393619561976,276.7131878143259,266.0673392461281,273.3100891113281,723100,0.0,0.0
2020-12-02 00:00:00-05:00,271.31585693359375,273.300175410969,267.8929257270997,271.31585693359375,374800,0.0,0.0
2020-12-03 00:00:00-05:00,269.8077787680846,280.6223081326263,265.97802846172135,278.945556640625,545900,0.0,0.0
2020-12-04 00:00:00-05:00,279.7888906334577,284.8985043890125,279.173756782266,282.7058410644531,438900,0.0,0.0
2020-12-07 00:00:00-05:00,280.79098110102217,284.17424756087183,278.8760908592957,282.7058410644531,378000,0.0,0.0
2020-12-08 00:00:00-05:00,280.05675900775174,285.2556936662084,278.2113574785964,280.61236572265625,405500,0.0,0.0
2020-12-09 00:00:00-05:00,278.7967078713069,279.4019103904007,272.39726954728536,275.00665283203125,590000,0.0,0.0
2020-12-10 00:00:00-05:00,272.5163743339485,272.5163743339485,262.5054615980813,264.6485290527344,728600,0.0,0.0
2020-12-11 00:00:00-05:00,264.6187713546645,266.8114649837279,262.1086097935851,265.1049499511719,434600,0.0,0.0
2020-12-14 00:00:00-05:00,268.0417023707406,268.2996734222154,256.1556256174557,257.6637268066406,575400,0.0,0.0
2020-12-15 00:00:00-05:00,260.0548198636771,264.7576748165165,257.22719051326237,264.4699401855469,599200,0.0,0.0
2020-12-16 00:00:00-05:00,264.57907794353116,265.22397529659395,259.58851893025053,260.17388916015625,493100,0.0,0.0
2020-12-17 00:00:00-05:00,261.7910908692579,264.2714886692545,260.3921731549581,263.6464538574219,452200,0.0,0.0
2020-12-18 00:00:00-05:00,265.5018041466844,275.2051197716147,264.9660297084883,274.1831970214844,1249500,0.0,0.0
2020-12-21 00:00:00-05:00,268.59731471233926,276.6635730984028,266.9701592429504,273.5085144042969,453500,0.0,0.0
2020-12-22 00:00:00-05:00,275.21503139920543,276.58418554391903,270.8396060693633,271.1570739746094,576500,0.0,0.0
2020-12-23 00:00:00-05:00,270.96858875140157,273.4489867896003,268.6370388181318,271.6432800292969,285200,0.0,0.0
2020-12-24 00:00:00-05:00,272.78427911069434,273.5879257177373,268.94462748186714,272.8934020996094,79500,0.0,0.0
2020-12-28 00:00:00-05:00,274.17327209881716,279.75913328832667,272.09966298602933,276.5048522949219,286600,0.0,0.0
2020-12-29 00:00:00-05:00,277.30848520769223,278.97530532962753,271.0677956136467,271.93096923828125,359400,0.0,0.0
2020-12-30 00:00:00-05:00,273.8656777566368,280.1857264389899,273.3398346397863,278.7371826171875,334700,0.0,0.0
2020-12-31 00:00:00-05:00,277.4572738165498,282.3783742539372,275.9293403931492,281.743408203125,299000,0.0,0.0
2021-01-04 00:00:00-05:00,281.77322560268925,286.5852039969862,274.16335087047565,275.621826171875,703600,0.0,0.0
2021-01-05 00:00:00-05:00,275.36387824858105,281.1680157381178,272.4866225677883,278.6677551269531,730700,0.0,0.0
2021-01-06 00:00:00-05:00,297.6477487463402,304.989720493091,294.70103482261965,300.2868957519531,2489100,0.0,0.0
2021-01-07 00:00:00-05:00,307.03355834696674,307.44034722691475,299.6915867819179,305.40643310546875,754300,0.0,0.0
2021-01-08 00:00:00-05:00,304.8012178602135,309.00799343683684,302.4597366932714,307.9959716796875,497800,0.0,0.0
2021-01-11 00:00:00-05:00,303.34274076896503,309.017892541423,301.40804851730843,307.6288757324219,369700,0.0,0.0
2021-01-12 00:00:00-05:00,307.62885789484164,316.50869423320586,305.8429835694347,312.34161376953125,442800,0.0,0.0
2021-01-13 00:00:00-05:00,309.69260422567874,311.3494932248068,300.6242541061865,302.6383361816406,597200,0.0,0.0
2021-01-14 00:00:00-05:00,304.6821434697424,305.942174664125,298.8184793805214,300.4555358886719,669600,0.0,0.0
2021-01-15 00:00:00-05:00,298.47120847344405,302.0429872860259,294.1156457729083,301.19964599609375,531900,0.0,0.0
2021-01-19 00:00:00-05:00,302.6085466515358,307.0534306304068,300.2075081392607,304.5928649902344,617700,0.0,0.0
2021-01-20 00:00:00-05:00,304.9996171144859,308.5912280300241,304.1165810266359,307.5693054199219,616600,0.0,0.0
2021-01-21 00:00:00-05:00,305.97194388341757,312.21260250592303,304.67218767222795,307.5693054199219,601800,0.0,0.0
2021-01-22 00:00:00-05:00,305.1782054096453,309.4841721499516,303.213719546343,307.1724548339844,643500,0.0,0.0
2021-01-25 00:00:00-05:00,306.5772117515663,307.6487304313538,301.1104045325721,305.5850524902344,926800,0.0,0.0
2021-01-26 00:00:00-05:00,307.50978716030875,307.56931428274527,290.63315154883753,290.7919006347656,671600,0.0,0.0
2021-01-27 00:00:00-05:00,285.47399965454673,290.4446970427805,278.1816229133675,282.7554626464844,682300,0.0,0.0
2021-01-28 00:00:00-05:00,286.67442994618267,289.2937140168767,284.0452145962258,286.6347351074219,429300,0.0,0.0
2021-01-29 00:00:00-05:00,284.3329545764905,289.7799288741722,280.3345544315168,285.1564636230469,713000,0.0,0.0
2021-02-01 00:00:00-05:00,287.2995323958813,294.7307947419719,285.3945735050101,293.5401916503906,509100,0.0,0.0
2021-02-02 00:00:00-05:00,295.92138406133256,296.46705945723977,292.28014682704077,292.32977294921875,344000,0.0,0.0
2021-02-03 00:00:00-05:00,293.2028371531602,294.91928324261266,290.77206560123074,292.56787109375,472000,0.0,0.0
2021-02-04 00:00:00-05:00,293.6195771156352,295.7527132022713,290.6133361448351,292.8754577636719,401000,0.0,0.0
2021-02-05 00:00:00-05:00,296.9333911611351,296.97308600531954,292.37938426596617,295.2665710449219,345600,0.0,0.0
2021-02-08 00:00:00-05:00,297.6477297309522,300.94170520676505,295.2367903869218,298.55059814453125,463200,0.0,0.0
2021-02-09 00:00:00-05:00,299.89002576884013,309.2956748630289,297.7469584328963,303.5213317871094,539600,0.0,0.0
2021-02-10 00:00:00-05:00,306.59702620802955,314.7426750702707,302.98558245150116,313.5223083496094,657100,0.0,0.0
2021-02-11 00:00:00-05:00,315.25854838984714,319.0882679138115,312.639233879086,316.06219482421875,523100,0.0,0.0
2021-02-12 00:00:00-05:00,314.6930555892015,329.70442950180126,314.6930555892015,328.23602294921875,578600,0.0,0.0
2021-02-16 00:00:00-05:00,329.61511148440866,331.37122226619164,319.09821851978364,323.09661865234375,470200,0.0,0.0
2021-02-17 00:00:00-05:00,320.2094341311125,323.21567514212586,313.32384721324274,322.7493591308594,359000,0.0,0.0
2021-02-18 00:00:00-05:00,320.29873882628686,323.3843696600028,317.07422145031995,322.6005554199219,283300,0.0,0.0
2021-02-19 00:00:00-05:00,325.56713259679634,336.11375939991456,324.2475439123469,333.70281982421875,628200,0.0,0.0
2021-02-22 00:00:00-05:00,331.619276966058,333.028156334015,324.6344980901144,325.5274353027344,492600,0.0,0.0
2021-02-23 00:00:00-05:00,327.90857858296874,334.83385991737225,318.71127473742297,333.17694091796875,538800,0.0,0.0
2021-02-24 00:00:00-05:00,333.7127303980913,345.5987774318231,331.371219099794,344.8447570800781,560300,0.0,0.0
2021-02-25 00:00:00-05:00,344.6363494254969,344.6363494254969,331.46047859213144,333.6730041503906,394800,0.0,0.0
2021-02-26 00:00:00-05:00,334.2296138898562,337.4596058154305,327.4118608759777,334.7961120605469,471800,0.57,0.0
2021-03-01 00:00:00-05:00,342.2101622565687,351.3833498395164,341.5443040120513,345.4202880859375,725100,0.0,0.0
2021-03-02 00:00:00-05:00,346.1756189113675,347.46760349263013,332.52018687287693,334.517822265625,591100,0.0,0.0
2021-03-03 00:00:00-05:00,334.07061265027426,339.43736219121485,334.07061265027426,335.12408447265625,410500,0.0,0.0
2021-03-04 00:00:00-05:00,333.3749113165227,336.8831781345242,320.56425230443256,327.69012451171875,465500,0.0,0.0
2021-03-05 00:00:00-05:00,332.92764235376904,333.70283911247947,314.4222802363317,327.7596740722656,1037900,0.0,0.0
2021-03-08 00:00:00-05:00,327.96841718451094,338.5429285877475,326.2291907297446,332.0431823730469,473900,0.0,0.0
2021-03-09 00:00:00-05:00,333.90165743192426,335.0445715810375,328.40570317620256,330.75115966796875,296400,0.0,0.0
2021-03-10 00:00:00-05:00,331.05921745001723,340.6398840348097,327.97832664300194,338.7615051269531,360100,0.0,0.0
2021-03-11 00:00:00-05:00,343.73071877078553,347.4576321171798,335.91912295499856,338.6820068359375,366300,0.0,0.0
2021-03-12 00:00:00-05:00,339.0795771677079,342.3294653903156,336.1676224841503,341.7132568359375,267100,0.0,0.0
2021-03-15 00:00:00-04:00,340.54049186932247,343.1443571598375,336.1874521969108,341.5939636230469,302900,0.0,0.0
2021-03-16 00:00:00-04:00,341.5939805234161,342.8164190889307,334.9252983570502,335.6011047363281,403100,0.0,0.0
2021-03-17 00:00:00-04:00,336.57505262925235,338.2944128503475,331.6257009441033,337.90679931640625,332800,0.0,0.0
2021-03-18 00:00:00-04:00,338.86090012658485,343.01518936095204,335.58122842915213,337.6981201171875,370500,0.0,0.0
2021-03-19 00:00:00-04:00,335.37251731571354,335.6905242004188,329.4491879338187,330.01568603515625,649700,0.0,0.0
2021-03-22 00:00:00-04:00,329.5982962580073,330.15484623107614,316.69819579504247,319.8387451171875,1013400,0.0,0.0
2021-03-23 00:00:00-04:00,319.09338000487503,320.39531272744074,310.496638713299,314.4322509765625,655400,0.0,0.0
2021-03-24 00:00:00-04:00,318.7256677697295,325.8515096903772,318.0200169473031,320.26611328125,382700,0.0,0.0
2021-03-25 00:00:00-04:00,320.8822327890861,333.00713512206823,315.28688926156315,331.178466796875,490000,0.0,0.0
2021-03-26 00:00:00-04:00,340.888334493557,342.77663115513275,333.43450793757546,339.13916015625,706900,0.0,0.0
2021-03-29 00:00:00-04:00,341.3355782987694,344.88357671046646,336.27688795514996,338.6025085449219,555500,0.0,0.0
2021-03-30 00:00:00-04:00,335.9886975978717,345.9867613252704,335.9886975978717,341.51446533203125,503000,0.0,0.0
2021-03-31 00:00:00-04:00,345.8575711890514,350.1907147066124,329.62811862171344,333.7525634765625,883300,0.0,0.0
2021-04-01 00:00:00-04:00,332.1425306272426,337.06203806243377,327.77954283082255,331.8244934082031,751600,0.0,0.0
2021-04-05 00:00:00-04:00,336.3365387023073,343.4524316432765,336.06818153984875,341.8921203613281,454100,0.0,0.0
2021-04-06 00:00:00-04:00,341.6337748903288,343.0649122573366,338.17518786510965,341.9418640136719,366800,0.0,0.0
2021-04-07 00:00:00-04:00,342.1306381811201,342.7766304153047,333.504083544744,335.1141052246094,444700,0.0,0.0
2021-04-08 00:00:00-04:00,334.1699653913372,340.1429751870506,329.72748324583034,339.57647705078125,357600,0.0,0.0
2021-04-09 00:00:00-04:00,340.39142272109655,344.8537706448418,338.97023369514056,343.9096374511719,337700,0.0,0.0
2021-04-12 00:00:00-04:00,345.37060460615805,347.27876736371826,341.69337109609484,346.5035705566406,329700,0.0,0.0
2021-04-13 00:00:00-04:00,344.158085263808,344.694738933823,339.0596630907822,341.37530517578125,471300,0.0,0.0
2021-04-14 00:00:00-04:00,339.8348434516841,348.05391814824554,339.3279735691827,345.0723876953125,489700,0.0,0.0
2021-04-15 00:00:00-04:00,346.7619726162542,346.7619726162542,342.21015196330325,345.7979431152344,355600,0.0,0.0
2021-04-16 00:00:00-04:00,348.7396596408523,350.91617921712214,347.39796492086896,349.4055480957031,408300,0.0,0.0
2021-04-19 00:00:00-04:00,348.03408032758256,349.87269698810593,345.9470027758993,348.46142578125,319200,0.0,0.0
2021-04-20 00:00:00-04:00,347.53714542267943,349.455256150881,340.09326711010283,342.4884033203125,302700,0.0,0.0
2021-04-21 00:00:00-04:00,341.41508662468146,350.82678661766926,339.3975853539208,349.76336669921875,435800,0.0,0.0
2021-04-22 00:00:00-04:00,348.7695587445525,351.5821533710148,343.3431806911498,346.4141540527344,253600,0.0,0.0
2021-04-23 00:00:00-04:00,348.21297553551597,350.31000129245865,345.6786865000867,348.66021728515625,210900,0.0,0.0
2021-04-26 00:00:00-04:00,350.2702247265324,355.80594060346914,350.23046249204225,355.2692565917969,360000,0.0,0.0
2021-04-27 00:00:00-04:00,355.4183339703603,359.09556732489386,354.8220217602064,355.3984680175781,238200,0.0,0.0
2021-04-28 00:00:00-04:00,357.58493005554,358.24087049844957,351.6516823029998,352.98345947265625,179100,0.0,0.0
2021-04-29 00:00:00-04:00,355.299094272092,357.13771103566387,352.86416527037517,356.85943603515625,204000,0.0,0.0
2021-04-30 00:00:00-04:00,355.43820646777755,355.6071428793687,348.7694946971867,350.9460144042969,320900,0.0,0.0
2021-05-03 00:00:00-04:00,354.55368654945653,355.01084609025315,348.86890022887434,352.3771667480469,443300,0.0,0.0
2021-05-04 00:00:00-04:00,352.31755970676056,371.6378819094396,352.31755970676056,371.1310119628906,696700,0.0,0.0
2021-05-05 00:00:00-04:00,374.3808917680976,374.3808917680976,367.7917039262612,372.1248474121094,328500,0.0,0.0
2021-05-06 00:00:00-04:00,372.4329291218894,372.7311003902328,366.6785966981565,370.266357421875,355000,0.0,0.0
2021-05-07 00:00:00-04:00,369.6899390497464,376.39838309212666,367.5829652217113,375.9511413574219,245400,0.0,0.0
2021-05-10 00:00:00-04:00,379.171184527451,381.3477043527235,372.5323168181632,373.0789489746094,300800,0.0,0.0
2021-05-11 00:00:00-04:00,368.75569443947,374.9374021171666,365.3964986140435,374.8181457519531,295200,0.0,0.0
2021-05-12 00:00:00-04:00,374.8678593073363,375.9511451611319,364.62133450753254,365.7046203613281,287700,0.0,0.0
2021-05-13 00:00:00-04:00,365.56544581828695,373.74478884396865,365.31698494018883,372.1645812988281,282500,0.0,0.0
2021-05-14 00:00:00-04:00,374.8877355653472,378.8929240569719,373.04911884087045,375.64306640625,182600,0.0,0.0
2021-05-17 00:00:00-04:00,374.18210502072407,376.26918258877146,369.86882755593217,373.73486328125,510000,0.0,0.0
2021-05-18 00:00:00-04:00,374.7088387895054,377.26302403539154,370.05765817585905,370.25640869140625,446900,0.0,0.0
2021-05-19 00:00:00-04:00,361.5404336241377,363.44862673413985,356.03453143508506,361.50067138671875,318700,0.0,0.0
2021-05-20 00:00:00-04:00,361.52056513285856,364.0648023752037,355.6966257447322,359.73162841796875,374000,0.0,0.0
2021-05-21 00:00:00-04:00,362.3155667722354,368.27862748978987,359.5824972766896,360.3080139160156,264200,0.0,0.0
2021-05-24 00:00:00-04:00,364.68097430541724,366.4798288014293,359.12539220125245,364.20391845703125,380900,0.0,0.0
2021-05-25 00:00:00-04:00,366.1121034238499,368.6265264719814,359.8409528506503,360.0397033691406,318100,0.0,0.0
2021-05-26 00:00:00-04:00,360.71554647505525,367.4438567231999,360.308066959804,365.8934631347656,508500,0.0,0.0
2021-05-27 00:00:00-04:00,370.107336761623,373.87401235736627,367.87118874507627,368.50726318359375,757900,0.0,0.0
2021-05-28 00:00:00-04:00,368.746144048263,370.6174515236158,361.3903479685595,361.9676513671875,483800,0.57,0.0
2021-06-01 00:00:00-04:00,366.22782085732945,367.292877956372,361.06182916815686,362.0074462890625,436100,0.0,0.0
2021-06-02 00:00:00-04:00,362.8535396289074,362.992876152152,354.293319674048,355.2289733886719,511900,0.0,0.0
2021-06-03 00:00:00-04:00,353.89518446864747,360.15606335932597,351.84471701496454,357.8965759277344,501400,0.0,0.0
2021-06-04 00:00:00-04:00,358.81233576566564,359.4692860774663,346.3900605883732,350.1426086425781,607800,0.0,0.0
2021-06-07 00:00:00-04:00,353.35768246863125,356.28408373383525,350.26208467612554,352.13336181640625,384400,0.0,0.0
2021-06-08 00:00:00-04:00,351.94420760387794,361.0916940283036,351.0782373743236,360.2356872558594,419400,0.0,0.0
2021-06-09 00:00:00-04:00,359.0511906671747,360.8428511186737,355.69678626688085,357.4386901855469,315300,0.0,0.0
2021-06-10 00:00:00-04:00,359.5090873179091,360.0366341956113,348.26137598136114,348.4305725097656,323900,0.0,0.0
2021-06-11 00:00:00-04:00,351.23749378427675,353.3277845172294,349.02776307396556,351.0483703613281,237100,0.0,0.0
2021-06-14 00:00:00-04:00,350.70997570751297,351.4067494677291,343.41389964628036,345.7032470703125,252800,0.0,0.0
2021-06-15 00:00:00-04:00,345.9023137919389,347.4550942870714,342.1895590672321,344.66802978515625,426100,0.0,0.0
2021-06-16 00:00:00-04:00,343.8220100297587,344.6581203247159,339.3328647498329,341.4032287597656,288200,0.0,0.0
2021-06-17 00:00:00-04:00,341.8710304299152,343.354157846515,329.4686830710595,334.963134765625,496200,0.0,0.0
2021-06-18 00:00:00-04:00,329.797175819157,336.6553156329275,328.1647786421279,333.76873779296875,569800,0.0,0.0
2021-06-21 00:00:00-04:00,337.4615509795604,342.3289430496313,336.7647772252026,340.6467590332031,249600,0.0,0.0
2021-06-22 00:00:00-04:00,342.27913900531905,344.40925323955554,339.5120014180768,343.1053161621094,299500,0.0,0.0
2021-06-23 00:00:00-04:00,343.4039521938958,350.3317451588511,341.0150612104351,348.2215576171875,472800,0.0,0.0
2021-06-24 00:00:00-04:00,351.8447183043466,361.16140187059415,348.3907702335425,357.2993469238281,589500,0.0,0.0
2021-06-25 00:00:00-04:00,366.3572537756122,366.3572537756122,357.49843362627865,357.60791015625,406500,0.0,0.0
2021-06-28 00:00:00-04:00,357.8467964916572,358.7923832488052,353.357651536202,356.4930725097656,292200,0.0,0.0
2021-06-29 00:00:00-04:00,359.5389510151628,361.1415185808514,347.73383268170085,350.6900939941406,454000,0.0,0.0
2021-06-30 00:00:00-04:00,349.47572722991777,351.38682780562675,344.220155082124,350.18243408203125,412700,0.0,0.0
2021-07-01 00:00:00-04:00,350.9488339788009,352.2428379711234,348.1120433303113,350.8791809082031,340000,0.0,0.0
2021-07-02 00:00:00-04:00,350.74981864616575,352.02389587383084,345.822706267897,347.97271728515625,325700,0.0,0.0
2021-07-06 00:00:00-04:00,346.8280383349775,348.38081898376487,340.23866884756524,346.9275817871094,260600,0.0,0.0
2021-07-07 00:00:00-04:00,347.25601014708104,355.0597361366123,347.22615015179997,354.3928527832031,252200,0.0,0.0
2021-07-08 00:00:00-04:00,347.3157414919508,352.88984034566903,344.8372706734126,349.6349792480469,414300,0.0,0.0
2021-07-09 00:00:00-04:00,355.3484030069772,360.81299477815105,353.8453790329162,356.26416015625,304200,0.0,0.0
2021-07-12 00:00:00-04:00,352.0636892657331,355.52757029518494,349.89375151721606,353.60650634765625,315700,0.0,0.0
2021-07-13 00:00:00-04:00,352.35233643483,353.8354639462589,349.31645871343255,350.3914489746094,272100,0.0,0.0
2021-07-14 00:00:00-04:00,350.2023215576306,354.8507301825787,348.6396079076835,354.054443359375,334300,0.0,0.0
2021-07-15 00:00:00-04:00,351.78499193493735,360.2158085211724,351.78499193493735,354.9801330566406,399400,0.0,0.0
2021-07-16 00:00:00-04:00,355.278757941973,355.278757941973,349.5951821325785,349.8639221191406,299400,0.0,0.0
2021-07-19 00:00:00-04:00,343.6527931031385,344.64816687027286,333.9180388756203,338.16827392578125,462800,0.0,0.0
2021-07-20 00:00:00-04:00,338.92476905354437,348.80882331005694,338.52662562039075,345.3847351074219,339100,0.0,0.0
2021-07-21 00:00:00-04:00,347.6143564970473,351.82476766556846,345.8724525806234,350.8791809082031,257900,0.0,0.0
2021-07-22 00:00:00-04:00,350.3118312260933,350.3118312260933,344.13056889889026,349.11737060546875,230400,0.0,0.0
2021-07-23 00:00:00-04:00,351.93430292095786,354.7412641770659,349.4359050962238,354.5820007324219,213400,0.0,0.0
2021-07-26 00:00:00-04:00,355.1393709098906,356.82155479818084,350.8293860210549,351.0284729003906,223800,0.0,0.0
2021-07-27 00:00:00-04:00,347.6641505765701,352.36231600502634,343.91160238399686,351.6556091308594,225000,0.0,0.0
2021-07-28 00:00:00-04:00,353.317838567705,368.78595430634965,347.6442267272902,365.760009765625,803600,0.0,0.0
2021-07-29 00:00:00-04:00,370.77672875623387,377.2366947931774,358.75262699869324,365.680419921875,497400,0.0,0.0
2021-07-30 00:00:00-04:00,363.5502901548791,367.0540251131338,357.05050093573857,361.6192626953125,405300,0.0,0.0
2021-08-02 00:00:00-04:00,362.02736194377206,370.89614530547743,360.0764379862654,361.15142822265625,414200,0.0,0.0
2021-08-03 00:00:00-04:00,361.32064055852055,362.793804518889,355.706718504711,360.8528137207031,288800,0.0,0.0
2021-08-04 00:00:00-04:00,357.6278234952043,367.86026386798926,355.72665609198486,364.505859375,321500,0.0,0.0
2021-08-05 00:00:00-04:00,367.1734605152549,367.8304108117244,357.80699022046196,360.902587890625,231900,0.0,0.0
2021-08-06 00:00:00-04:00,365.3021518209329,366.74545585198234,362.9231940717292,364.9338684082031,210300,0.0,0.0
2021-08-09 00:00:00-04:00,365.7500746731691,371.74221335363154,363.9185603516805,367.59149169921875,214500,0.0,0.0
2021-08-10 00:00:00-04:00,368.1887115643037,380.6109858037848,368.1887115643037,376.42047119140625,480600,0.0,0.0
2021-08-11 00:00:00-04:00,378.69985646437556,389.9475971161129,377.2267228795742,388.6138000488281,508900,0.0,0.0
2021-08-12 00:00:00-04:00,388.21567636752417,389.68884051878155,383.9853377412028,387.14068603515625,213600,0.0,0.0
2021-08-13 00:00:00-04:00,389.1911669252289,389.1911669252289,382.4425335833717,383.6568908691406,210200,0.0,0.0
2021-08-16 00:00:00-04:00,381.2281200063755,383.80613419623825,377.25658873772124,379.0681457519531,305100,0.0,0.0
2021-08-17 00:00:00-04:00,377.4656086845115,380.5811331675904,372.78734023126293,375.6341247558594,225800,0.0,0.0
2021-08-18 00:00:00-04:00,374.01164914951545,379.42648423797255,372.4389721474472,373.52392578125,271300,0.0,0.0
2021-08-19 00:00:00-04:00,368.2882742220444,373.47416276718576,366.14822681197904,371.2047119140625,174000,0.0,0.0
2021-08-20 00:00:00-04:00,371.3042796760574,373.9022210357487,369.0149321342334,373.2651672363281,197400,0.0,0.0
2021-08-23 00:00:00-04:00,375.3255832606486,378.61030445058947,372.0607586099961,376.7091369628906,240400,0.0,0.0
2021-08-24 00:00:00-04:00,377.00774620975153,378.93877358650275,374.25054166463656,377.52532958984375,189300,0.0,0.0
2021-08-25 00:00:00-04:00,378.4112676903349,389.6788759243555,377.88372079588163,384.3038635253906,247900,0.0,0.0
2021-08-26 00:00:00-04:00,384.06495583252627,385.2195929925788,380.96932776844505,382.8008117675781,169400,0.0,0.0
2021-08-27 00:00:00-04:00,385.6077771416968,386.8719212203947,381.6561422163379,382.5718994140625,206100,0.0,0.0
2021-08-30 00:00:00-04:00,384.303837888433,385.78693501842304,380.9295367559841,380.9693298339844,157700,0.0,0.0
2021-08-31 00:00:00-04:00,381.83669513639853,384.16958408755113,378.7959712223684,380.0920104980469,229300,0.61,0.0
2021-09-01 00:00:00-04:00,381.637291311943,381.9264190002154,376.39328844727385,380.0321960449219,143400,0.0,0.0
2021-09-02 00:00:00-04:00,382.22552081226104,384.1596003412397,374.4192863100954,378.27752685546875,272900,0.0,0.0
2021-09-03 00:00:00-04:00,377.70926125472624,377.88873765762315,371.0396090062335,373.34259033203125,248700,0.0,0.0
2021-09-07 00:00:00-04:00,372.8640423309094,372.8640423309094,366.1345442407125,368.7764892578125,278300,0.0,0.0
2021-09-08 00:00:00-04:00,368.0188144724723,368.25807577722077,362.4657251006407,366.9320983886719,279400,0.0,0.0
2021-09-09 00:00:00-04:00,367.40067588213185,370.57104032745843,364.6590285121207,366.67291259765625,205200,0.0,0.0
2021-09-10 00:00:00-04:00,369.5939812663006,376.1340535763847,368.20818862969384,368.3677062988281,232000,0.0,0.0
2021-09-13 00:00:00-04:00,372.0565015571972,374.45918524485904,366.1146125580799,366.9021911621094,297500,0.0,0.0
2021-09-14 00:00:00-04:00,366.7426423795846,366.7426423795846,359.51466362916165,360.5814208984375,334200,0.0,0.0
2021-09-15 00:00:00-04:00,360.23248355128374,361.99712682854175,358.47785006089157,360.192626953125,242700,0.0,0.0
2021-09-16 00:00:00-04:00,359.41500935459044,359.62436298901616,352.32658919732546,353.0144958496094,347400,0.0,0.0
2021-09-17 00:00:00-04:00,351.31968889494567,353.84200322594035,339.8346594969925,341.68902587890625,1000400,0.0,0.0
2021-09-20 00:00:00-04:00,335.08911014723174,342.047920572873,334.45106985606424,341.4996032714844,392500,0.0,0.0
2021-09-21 00:00:00-04:00,342.80559813254945,346.394669598859,339.68510030802037,343.1445617675781,275900,0.0,0.0
2021-09-22 00:00:00-04:00,346.9828782446528,351.409394704566,345.1484706776891,349.1961364746094,310400,0.0,0.0
2021-09-23 00:00:00-04:00,351.5888497060497,360.3621088038451,350.5819076995833,354.9087219238281,243300,0.0,0.0
2021-09-24 00:00:00-04:00,353.4132889255754,355.30754234798866,348.28891659700486,349.93389892578125,387100,0.0,0.0
2021-09-27 00:00:00-04:00,350.3227148664481,357.8397912273548,350.3227148664481,355.1380310058594,292500,0.0,0.0
2021-09-28 00:00:00-04:00,354.60965547371336,360.05306314748856,353.9317281582748,356.314453125,808900,0.0,0.0
2021-09-29 00:00:00-04:00,355.95555197943366,359.24551654435385,351.7682966923667,352.7253723144531,533200,0.0,0.0
2021-09-30 00:00:00-04:00,353.22384481864134,353.85193613850777,340.56243777367047,340.6421813964844,426400,0.0,0.0
2021-10-01 00:00:00-04:00,340.2434080759478,353.68247539690014,336.8138541652583,352.93475341796875,511400,0.0,0.0
2021-10-04 00:00:00-04:00,350.6018779564036,355.3773072726189,346.91310388208706,347.78045654296875,490100,0.0,0.0
2021-10-05 00:00:00-04:00,347.9698618190282,349.9139510967385,342.1874907966807,347.0526428222656,318100,0.0,0.0
2021-10-06 00:00:00-04:00,348.3387231825689,356.42410561587195,348.3387231825689,356.2247009277344,354800,0.0,0.0
2021-10-07 00:00:00-04:00,357.71020939540614,365.06779908822756,357.71020939540614,359.51470947265625,342000,0.0,0.0
2021-10-08 00:00:00-04:00,359.11590997146095,361.7877930137388,356.5038726794667,356.7132263183594,243700,0.0,0.0
2021-10-11 00:00:00-04:00,356.37424563972627,358.7370421547138,349.2758767327122,349.4254150390625,228100,0.0,0.0
2021-10-12 00:00:00-04:00,348.11941549044553,352.0973172061786,347.5810775581484,348.1094665527344,252600,0.0,0.0
2021-10-13 00:00:00-04:00,347.49132698827736,349.9638053666056,342.6760106717866,347.9100646972656,257800,0.0,0.0
2021-10-14 00:00:00-04:00,352.0275029799566,362.3660003572341,350.9408173881913,362.1566467285156,290200,0.0,0.0
2021-10-15 00:00:00-04:00,364.908267768645,366.94208014694345,361.6083237446049,364.6590270996094,227000,0.0,0.0
2021-10-18 00:00:00-04:00,367.7595718378513,374.5787924280111,365.8653489669543,372.7344055175781,297600,0.0,0.0
2021-10-19 00:00:00-04:00,375.21684998500723,375.9546230381442,367.8891988154865,369.4344787597656,220900,0.0,0.0
2021-10-20 00:00:00-04:00,370.5510628803066,380.98926282956756,370.391545208579,380.64031982421875,328800,0.0,0.0
2021-10-21 00:00:00-04:00,379.92250713839843,380.7101161381446,377.0113932853557,380.5306701660156,206700,0.0,0.0
2021-10-22 00:00:00-04:00,380.3113423042625,383.4218608960346,379.6832509684459,380.1717529296875,192400,0.0,0.0
2021-10-25 00:00:00-04:00,382.18564053540774,394.66760204447934,380.4309765236317,392.59393310546875,382600,0.0,0.0
2021-10-26 00:00:00-04:00,393.1422320048076,393.1422320048076,387.848362979316,389.6329345703125,175900,0.0,0.0
2021-10-27 00:00:00-04:00,389.4435275337335,392.24499016563817,381.43791861580337,382.0361022949219,277000,0.0,0.0
2021-10-28 00:00:00-04:00,384.36899343562635,394.6775837153301,384.36899343562635,392.4344177246094,367600,0.0,0.0
2021-10-29 00:00:00-04:00,388.54628070181536,393.8002631329335,388.54628070181536,391.6468200683594,331400,0.0,0.0
2021-11-01 00:00:00-04:00,392.9129563937634,395.5150448703187,383.4218824113033,389.2242126464844,486400,0.0,0.0
2021-11-02 00:00:00-04:00,387.2103561785507,409.8015041003955,382.0460662893541,406.2523193359375,756000,0.0,0.0
2021-11-03 00:00:00-04:00,412.2440656649874,412.2440656649874,404.9263632894175,406.8804016113281,460000,0.0,0.0
2021-11-04 00:00:00-04:00,406.75078049740716,416.4213303404996,402.1547972999947,411.87518310546875,466700,0.0,0.0
2021-11-05 00:00:00-04:00,415.41440012989233,421.32638149085267,409.442603442421,411.0676574707031,339600,0.0,0.0
2021-11-08 00:00:00-05:00,431.19633638965735,434.29687570560503,415.5041231929796,423.7091369628906,648700,0.0,0.0
2021-11-09 00:00:00-05:00,426.67009977986964,427.5075447416199,415.54399313109934,420.6883239746094,340100,0.0,0.0
2021-11-10 00:00:00-05:00,417.906793295736,420.39919990266924,409.5722002060963,411.9848327636719,368400,0.0,0.0
2021-11-11 00:00:00-05:00,412.28395939244916,416.4014201706392,409.7516656405684,412.7425537109375,194400,0.0,0.0
2021-11-12 00:00:00-05:00,414.37756811754355,418.87384895481324,413.4802773976857,418.2756652832031,209500,0.0,0.0
2021-11-15 00:00:00-05:00,420.0901272696384,421.09706923489864,415.8630155677593,417.35845947265625,195000,0.0,0.0
2021-11-16 00:00:00-05:00,418.6345837017845,422.8018802139921,417.49803169397234,420.66839599609375,206600,0.0,0.0
2021-11-17 00:00:00-05:00,420.1300349178866,423.71910655081183,419.1629799282495,422.27349853515625,231300,0.0,0.0
2021-11-18 00:00:00-05:00,421.485876110435,423.8885596767954,416.8599853723142,418.9735412597656,291700,0.0,0.0
2021-11-19 00:00:00-05:00,419.78108864237174,422.03423395481485,415.28477737989346,416.162109375,179800,0.0,0.0
2021-11-22 00:00:00-05:00,417.80709372675625,424.1876790228729,415.90292184028715,416.0225524902344,259000,0.0,0.0
2021-11-23 00:00:00-05:00,416.2319077747949,420.9575010157237,412.91203552607976,420.1300354003906,178800,0.0,0.0
2021-11-24 00:00:00-05:00,418.90373815648525,423.2804185764195,418.90373815648525,421.67529296875,149400,0.0,0.0
2021-11-26 00:00:00-05:00,411.2670248019293,415.69354143826604,407.5683018590273,413.6597595214844,189700,0.0,0.0
2021-11-29 00:00:00-05:00,416.53096760742704,420.3991874144613,414.45729875900776,417.0693359375,217100,0.0,0.0
2021-11-30 00:00:00-05:00,413.32529955144196,415.55175329505136,402.0231948747943,402.8718566894531,571000,0.61,0.0
2021-12-01 00:00:00-05:00,410.3499977183119,415.4818833612764,400.5655087438978,400.61541748046875,350900,0.0,0.0
2021-12-02 00:00:00-05:00,402.59229943117646,415.811350512878,402.562348095194,413.2554016113281,358300,0.0,0.0
2021-12-03 00:00:00-05:00,412.5564934196485,417.2291150834567,402.8219131964623,407.7241516113281,361100,0.0,0.0
2021-12-06 00:00:00-05:00,411.82767701260786,421.0830056097539,410.2302013064732,414.7430419921875,246600,0.0,0.0
2021-12-07 00:00:00-05:00,418.686795004534,426.8139055745432,418.686795004534,422.19122314453125,217900,0.0,0.0
2021-12-08 00:00:00-05:00,422.1313305195895,429.71931722976177,421.22279649563353,428.6709899902344,306200,0.0,0.0
2021-12-09 00:00:00-05:00,426.744057095151,429.4597566874979,425.0866786961371,426.6142578125,206600,0.0,0.0
2021-12-10 00:00:00-05:00,434.48180087726746,439.2841915222748,432.7245745313917,438.6751403808594,550600,0.0,0.0
2021-12-13 00:00:00-05:00,437.6867130434561,438.30572764704715,432.0855693358589,434.2421569824219,347700,0.0,0.0
2021-12-14 00:00:00-05:00,432.31522136342517,439.37404764843825,430.7177456294201,435.1507263183594,364900,0.0,0.0
2021-12-15 00:00:00-05:00,437.1575550712742,440.1927559034506,430.5280414732725,440.04296875,278400,0.0,0.0
2021-12-16 00:00:00-05:00,442.0597883260465,442.2594537460458,437.09764712280816,439.6735534667969,257900,0.0,0.0
2021-12-17 00:00:00-05:00,441.1412198429235,442.0098390499542,434.84120163887843,435.659912109375,710100,0.0,0.0
2021-12-20 00:00:00-05:00,427.0635326006571,428.04199372976365,415.07254676526424,421.49237060546875,381400,0.0,0.0
2021-12-21 00:00:00-05:00,425.0866839564316,431.39666592231737,421.7020305075055,429.44976806640625,279300,0.0,0.0
2021-12-22 00:00:00-05:00,428.9206123830577,435.8096942393701,428.9206123830577,435.02093505859375,157900,0.0,0.0
2021-12-23 00:00:00-05:00,436.1491516339287,441.21114094757525,436.1092063608949,436.3688049316406,163300,0.0,0.0
2021-12-27 00:00:00-05:00,437.6367637468509,438.245814870395,434.222189570499,437.8963623046875,358800,0.0,0.0
2021-12-28 00:00:00-05:00,437.91632231460324,441.19116423508603,437.45705833742204,438.7649841308594,206100,0.0,0.0
2021-12-29 00:00:00-05:00,440.6619768339247,442.42919708850667,439.7434488719484,441.02142333984375,111700,0.0,0.0
2021-12-30 00:00:00-05:00,442.6788085275011,444.29624165574165,435.6898788834782,437.30731201171875,220200,0.0,0.0
2021-12-31 00:00:00-05:00,437.53694681338476,441.1911621512181,432.98416092641855,439.82330322265625,287100,0.0,0.0
2022-01-03 00:00:00-05:00,441.25108782093434,445.0350721657508,436.3588125786353,438.31573486328125,324300,0.0,0.0
2022-01-04 00:00:00-05:00,441.1012870090889,445.75392093760485,437.87641471133884,440.811767578125,385600,0.0,0.0
2022-01-05 00:00:00-05:00,441.7003470533594,445.554258383724,435.11077872899983,436.4786376953125,358000,0.0,0.0
2022-01-06 00:00:00-05:00,437.0477086131152,440.9016199039591,429.87907102729855,436.39874267578125,288400,0.0,0.0
2022-01-07 00:00:00-05:00,437.07766377937253,438.934738067421,427.81234114848786,428.521240234375,309600,0.0,0.0
2022-01-10 00:00:00-05:00,425.9852456810574,425.9852456810574,412.32688775931797,415.5917053222656,586200,0.0,0.0
2022-01-11 00:00:00-05:00,414.3436704570141,419.0961521864124,405.5775573947925,418.66680908203125,476000,0.0,0.0
2022-01-12 00:00:00-05:00,422.58062013216943,427.3630531654866,417.9479437764481,421.9017028808594,335600,0.0,0.0
2022-01-13 00:00:00-05:00,421.13292319186706,422.78033813957245,409.33163934004324,410.2402038574219,417200,0.0,0.0
2022-01-14 00:00:00-05:00,407.0752022514117,409.0820332369394,395.0742225492862,401.9932556152344,471400,0.0,0.0
2022-01-18 00:00:00-05:00,396.3222547624407,397.25077669931864,390.7111169292182,395.8529968261719,572000,0.0,0.0
2022-01-19 00:00:00-05:00,397.6900787517277,400.23603383195103,389.52302243619573,389.7426452636719,520300,0.0,0.0
2022-01-20 00:00:00-05:00,392.32856036183995,398.3589861424006,389.8424775865831,390.8309326171875,485200,0.0,0.0
2022-01-21 00:00:00-05:00,390.27181510975225,392.10890146057585,380.71694292301805,381.69537353515625,728600,0.0,0.0
2022-01-24 00:00:00-05:00,373.69806432200545,384.3112577221807,365.0517565615263,383.1031494140625,1107100,0.0,0.0
2022-01-25 00:00:00-05:00,374.9261057088769,378.4804731461002,360.9582405860206,367.3281555175781,1252800,0.0,0.0
2022-01-26 00:00:00-05:00,372.08064720134604,378.9397776314065,362.93512980482694,367.7774353027344,719100,0.0,0.0
2022-01-27 00:00:00-05:00,374.0674883103914,379.49888752506297,366.5893433067715,372.4001159667969,524400,0.0,0.0
2022-01-28 00:00:00-05:00,372.79950554935454,382.9334474264587,369.0853874387595,382.22454833984375,466800,0.0,0.0
2022-01-31 00:00:00-05:00,380.95656660926045,389.64281988805266,379.22929160725596,388.5046081542969,439400,0.0,0.0
2022-02-01 00:00:00-05:00,389.7526198273016,393.6164944962292,383.65229749806355,389.94232177734375,300900,0.0,0.0
2022-02-02 00:00:00-05:00,389.1336038738405,391.7993946308022,383.93185210715296,386.3580017089844,388600,0.0,0.0
2022-02-03 00:00:00-05:00,381.3958558781366,385.37953582678807,371.6812331874709,372.31024169921875,636500,0.0,0.0
2022-02-04 00:00:00-05:00,371.01233882135637,375.9844436939298,367.31817800313553,371.46160888671875,406000,0.0,0.0
2022-02-07 00:00:00-05:00,372.32025370242764,376.7232830290234,369.9440127513142,372.3601989746094,421000,0.0,0.0
2022-02-08 00:00:00-05:00,373.0091724515869,379.64864964540806,372.00075997650947,378.79998779296875,300200,0.0,0.0
2022-02-09 00:00:00-05:00,383.65229722887733,390.38162807518466,381.1063118076681,382.5440368652344,779400,0.0,0.0
2022-02-10 00:00:00-05:00,373.87778382105586,398.87819205433925,364.872059753631,386.32806396484375,1011900,0.0,0.0
2022-02-11 00:00:00-05:00,381.68543226877614,390.06214797710453,378.3107727277715,378.5304260253906,873800,0.0,0.0
2022-02-14 00:00:00-05:00,375.37540861046847,382.5340827372332,365.2913755605821,368.4663391113281,534900,0.0,0.0
2022-02-15 00:00:00-05:00,375.3554537188348,385.7989028770539,375.115812555579,384.401123046875,553200,0.0,0.0
2022-02-16 00:00:00-05:00,382.0648131178196,391.4099954646083,379.6286695892676,390.4415283203125,534600,0.0,0.0
2022-02-17 00:00:00-05:00,387.2965158066371,392.79781137555966,384.3312117055298,384.41107177734375,529900,0.0,0.0
2022-02-18 00:00:00-05:00,385.30967400653003,387.72582967032093,379.1194672299772,383.063232421875,437000,0.0,0.0
2022-02-22 00:00:00-05:00,380.1378416879508,387.80571875817895,376.71327361992536,379.4788818359375,571400,0.0,0.0
2022-02-23 00:00:00-05:00,379.91821119573217,382.95341208333906,363.5441532627351,364.8121643066406,412800,0.0,0.0
2022-02-24 00:00:00-05:00,352.2220820071355,369.2850507481497,349.7759444611027,368.486328125,568200,0.0,0.0
2022-02-25 00:00:00-05:00,368.3665321108686,386.22822392755086,365.990291113222,385.1000061035156,714900,0.0,0.0
2022-02-28 00:00:00-05:00,379.0,383.260009765625,371.4100036621094,379.3999938964844,601000,0.61,0.0
2022-03-01 00:00:00-05:00,377.67999267578125,377.67999267578125,362.1600036621094,365.04998779296875,515100,0.0,0.0
2022-03-02 00:00:00-05:00,371.79998779296875,379.0799865722656,368.5,376.2200012207031,431400,0.0,0.0
2022-03-03 00:00:00-05:00,381.1099853515625,383.0,372.2799987792969,375.7300109863281,359800,0.0,0.0
2022-03-04 00:00:00-05:00,371.9800109863281,375.3999938964844,366.05999755859375,374.92999267578125,376600,0.0,0.0
2022-03-07 00:00:00-05:00,377.7099914550781,377.7099914550781,359.75,359.989990234375,483900,0.0,0.0
2022-03-08 00:00:00-05:00,361.5400085449219,375.7300109863281,360.17999267578125,360.7699890136719,682900,0.0,0.0
2022-03-09 00:00:00-05:00,372.2699890136719,376.260009765625,368.4200134277344,373.4200134277344,279900,0.0,0.0
2022-03-10 00:00:00-05:00,361.6600036621094,372.6600036621094,361.6600036621094,370.9700012207031,396800,0.0,0.0
2022-03-11 00:00:00-05:00,374.8299865722656,376.6300048828125,369.8800048828125,370.8800048828125,263300,0.0,0.0
2022-03-14 00:00:00-04:00,376.739990234375,380.2200012207031,370.25,375.5899963378906,358100,0.0,0.0
2022-03-15 00:00:00-04:00,379.2900085449219,381.9599914550781,373.4700012207031,380.4700012207031,324300,0.0,0.0
2022-03-16 00:00:00-04:00,383.8900146484375,392.92999267578125,371.0,379.1000061035156,372100,0.0,0.0
2022-03-17 00:00:00-04:00,376.69000244140625,384.67999267578125,375.1000061035156,383.0799865722656,395500,0.0,0.0
2022-03-18 00:00:00-04:00,384.80999755859375,386.7300109863281,377.17999267578125,385.7300109863281,799300,0.0,0.0
2022-03-21 00:00:00-04:00,383.75,387.2799987792969,380.8699951171875,382.57000732421875,351400,0.0,0.0
2022-03-22 00:00:00-04:00,383.7900085449219,387.75,382.54998779296875,384.0,404200,0.0,0.0
2022-03-23 00:00:00-04:00,381.1199951171875,382.44000244140625,375.2200012207031,375.6099853515625,362100,0.0,0.0
2022-03-24 00:00:00-04:00,376.25,384.3800048828125,374.3900146484375,383.8999938964844,248600,0.0,0.0
2022-03-25 00:00:00-04:00,384.5299987792969,394.8900146484375,382.45001220703125,393.94000244140625,422400,0.0,0.0
2022-03-28 00:00:00-04:00,392.17999267578125,398.1199951171875,389.0199890136719,397.3800048828125,438700,0.0,0.0
2022-03-29 00:00:00-04:00,400.5799865722656,406.8500061035156,397.5799865722656,404.5400085449219,339700,0.0,0.0
2022-03-30 00:00:00-04:00,402.010009765625,403.42999267578125,389.70001220703125,390.260009765625,353800,0.0,0.0
2022-03-31 00:00:00-04:00,387.9800109863281,393.79998779296875,384.8800048828125,384.8900146484375,375300,0.0,0.0
2022-04-01 00:00:00-04:00,388.510009765625,388.510009765625,381.3299865722656,385.05999755859375,374900,0.0,0.0
2022-04-04 00:00:00-04:00,384.54998779296875,386.32000732421875,380.94000244140625,384.9700012207031,332500,0.0,0.0
2022-04-05 00:00:00-04:00,384.0199890136719,387.5,379.7900085449219,381.2099914550781,285300,0.0,0.0
2022-04-06 00:00:00-04:00,377.54998779296875,379.1000061035156,370.4700012207031,373.5299987792969,454300,0.0,0.0
2022-04-07 00:00:00-04:00,373.8399963378906,374.0799865722656,366.0,369.5899963378906,419200,0.0,0.0
2022-04-08 00:00:00-04:00,371.69000244140625,377.3500061035156,365.0,371.9700012207031,337100,0.0,0.0
2022-04-11 00:00:00-04:00,369.5299987792969,375.94000244140625,369.0299987792969,369.8900146484375,268800,0.0,0.0
2022-04-12 00:00:00-04:00,371.25,377.0199890136719,364.5799865722656,366.6499938964844,285100,0.0,0.0
2022-04-13 00:00:00-04:00,366.239990234375,370.4599914550781,365.20001220703125,366.9700012207031,481500,0.0,0.0
2022-04-14 00:00:00-04:00,367.010009765625,370.7799987792969,363.82000732421875,364.82000732421875,263300,0.0,0.0
2022-04-18 00:00:00-04:00,364.4700012207031,367.07000732421875,360.760009765625,362.4700012207031,270000,0.0,0.0
2022-04-19 00:00:00-04:00,363.6700134277344,370.7799987792969,363.57000732421875,369.70001220703125,296200,0.0,0.0
2022-04-20 00:00:00-04:00,375.1499938964844,381.25,374.1099853515625,379.0,304000,0.0,0.0
2022-04-21 00:00:00-04:00,383.9200134277344,384.5299987792969,370.2900085449219,374.79998779296875,256200,0.0,0.0
2022-04-22 00:00:00-04:00,372.9100036621094,372.9100036621094,353.9200134277344,354.8299865722656,497200,0.0,0.0
2022-04-25 00:00:00-04:00,355.989990234375,361.3399963378906,348.5,360.79998779296875,655700,0.0,0.0
2022-04-26 00:00:00-04:00,358.5400085449219,359.7200012207031,349.05999755859375,350.239990234375,394900,0.0,0.0
2022-04-27 00:00:00-04:00,351.3399963378906,355.95001220703125,346.95001220703125,352.1300048828125,308900,0.0,0.0
2022-04-28 00:00:00-04:00,355.3999938964844,367.2300109863281,351.5899963378906,365.8599853515625,387200,0.0,0.0
2022-04-29 00:00:00-04:00,363.1700134277344,365.989990234375,353.1700134277344,354.2200012207031,475100,0.0,0.0
2022-05-02 00:00:00-04:00,354.8900146484375,359.6300048828125,346.2900085449219,355.3599853515625,490700,0.0,0.0
2022-05-03 00:00:00-04:00,350.7099914550781,372.739990234375,348.7200012207031,366.4800109863281,822100,0.0,0.0
2022-05-04 00:00:00-04:00,372.3800048828125,379.1499938964844,363.2300109863281,377.57000732421875,714700,0.0,0.0
2022-05-05 00:00:00-04:00,373.25,374.6000061035156,351.2699890136719,356.1400146484375,450300,0.0,0.0
2022-05-06 00:00:00-04:00,356.70001220703125,356.70001220703125,339.5899963378906,346.0,587300,0.0,0.0
2022-05-09 00:00:00-04:00,342.54998779296875,344.0299987792969,330.04998779296875,332.7900085449219,641900,0.0,0.0
2022-05-10 00:00:00-04:00,340.6499938964844,340.6499938964844,319.1199951171875,328.1400146484375,605800,0.0,0.0
2022-05-11 00:00:00-04:00,330.0299987792969,335.1499938964844,320.4100036621094,321.55999755859375,560500,0.0,0.0
2022-05-12 00:00:00-04:00,319.1499938964844,331.0899963378906,316.7300109863281,327.57000732421875,481900,0.0,0.0
2022-05-13 00:00:00-04:00,331.04998779296875,340.8900146484375,330.0,332.8399963378906,376000,0.0,0.0
2022-05-16 00:00:00-04:00,330.1700134277344,330.45001220703125,321.489990234375,323.4100036621094,513200,0.0,0.0
2022-05-17 00:00:00-04:00,331.5,336.8900146484375,324.07000732421875,334.8500061035156,776000,0.0,0.0
2022-05-18 00:00:00-04:00,330.79998779296875,333.4100036621094,322.510009765625,323.9700012207031,331600,0.0,0.0
2022-05-19 00:00:00-04:00,321.2300109863281,329.9599914550781,321.1199951171875,324.6499938964844,452700,0.0,0.0
2022-05-20 00:00:00-04:00,329.8500061035156,330.489990234375,319.8999938964844,327.760009765625,658300,0.0,0.0
2022-05-23 00:00:00-04:00,332.20001220703125,337.0199890136719,327.8399963378906,333.4100036621094,533400,0.0,0.0
2022-05-24 00:00:00-04:00,332.04998779296875,333.0,320.5799865722656,325.3500061035156,506400,0.0,0.0
2022-05-25 00:00:00-04:00,323.2200012207031,327.45001220703125,320.3999938964844,326.25,588600,0.0,0.0
2022-05-26 00:00:00-04:00,330.8599853515625,337.1000061035156,329.0299987792969,334.04998779296875,287500,0.0,0.0
2022-05-27 00:00:00-04:00,337.5299987792969,349.7200012207031,337.5299987792969,349.45001220703125,568500,0.0,0.0
2022-05-31 00:00:00-04:00,343.3699951171875,343.3699951171875,334.0799865722656,339.3800048828125,981400,0.0,0.0
2022-06-01 00:00:00-04:00,339.5400085449219,340.45001220703125,330.6199951171875,337.07000732421875,316200,0.0,0.0
2022-06-02 00:00:00-04:00,339.9800109863281,347.55999755859375,336.3999938964844,347.3299865722656,246800,0.0,0.0
2022-06-03 00:00:00-04:00,348.2200012207031,349.42999267578125,342.82000732421875,345.6400146484375,270500,0.0,0.0
2022-06-06 00:00:00-04:00,348.04998779296875,350.3999938964844,344.9599914550781,347.7699890136719,301700,0.0,0.0
2022-06-07 00:00:00-04:00,344.80999755859375,352.3800048828125,343.44000244140625,351.45001220703125,311500,0.0,0.0
2022-06-08 00:00:00-04:00,346.010009765625,348.42999267578125,335.2200012207031,336.79998779296875,503100,0.0,0.0
2022-06-09 00:00:00-04:00,334.510009765625,340.05999755859375,332.6600036621094,332.8699951171875,302500,0.0,0.0
2022-06-10 00:00:00-04:00,323.9700012207031,326.3399963378906,321.42999267578125,321.75,498300,0.0,0.0
2022-06-13 00:00:00-04:00,313.8800048828125,321.010009765625,312.0799865722656,316.6000061035156,722900,0.0,0.0
2022-06-14 00:00:00-04:00,316.989990234375,319.0799865722656,313.6199951171875,316.4700012207031,567600,0.0,0.0
2022-06-15 00:00:00-04:00,319.0,322.7099914550781,312.739990234375,318.45001220703125,519900,0.0,0.0
2022-06-16 00:00:00-04:00,310.94000244140625,312.8999938964844,301.5,303.07000732421875,682200,0.0,0.0
2022-06-17 00:00:00-04:00,301.9100036621094,309.6499938964844,300.0899963378906,303.55999755859375,692100,0.0,0.0
2022-06-21 00:00:00-04:00,307.2799987792969,308.0899963378906,299.8800048828125,302.54998779296875,651600,0.0,0.0
2022-06-22 00:00:00-04:00,298.8800048828125,304.6499938964844,297.0,302.30999755859375,521800,0.0,0.0
2022-06-23 00:00:00-04:00,300.3999938964844,303.29998779296875,295.55999755859375,297.29998779296875,438100,0.0,0.0
2022-06-24 00:00:00-04:00,299.79998779296875,309.9800109863281,299.45001220703125,309.67999267578125,528000,0.0,0.0
2022-06-27 00:00:00-04:00,310.0,310.0,304.42999267578125,308.760009765625,311000,0.0,0.0
2022-06-28 00:00:00-04:00,310.0,312.44000244140625,302.4100036621094,302.80999755859375,309300,0.0,0.0
2022-06-29 00:00:00-04:00,303.4800109863281,303.4800109863281,294.04998779296875,300.2799987792969,404300,0.0,0.0
2022-06-30 00:00:00-04:00,296.4100036621094,302.1000061035156,291.57000732421875,299.239990234375,382500,0.0,0.0
2022-07-01 00:00:00-04:00,296.510009765625,302.1499938964844,293.010009765625,296.04998779296875,562200,0.0,0.0
2022-07-05 00:00:00-04:00,289.7699890136719,300.8399963378906,284.989990234375,300.6400146484375,451100,0.0,0.0
2022-07-06 00:00:00-04:00,301.8800048828125,309.1499938964844,299.95001220703125,307.9200134277344,697200,0.0,0.0
2022-07-07 00:00:00-04:00,310.07000732421875,313.3599853515625,308.5299987792969,310.20001220703125,540000,0.0,0.0
2022-07-08 00:00:00-04:00,311.4599914550781,311.4599914550781,306.6300048828125,307.44000244140625,383900,0.0,0.0
2022-07-11 00:00:00-04:00,303.1199951171875,313.79998779296875,303.1199951171875,313.5799865722656,480000,0.0,0.0
2022-07-12 00:00:00-04:00,312.70001220703125,318.8299865722656,312.4800109863281,313.5799865722656,439900,0.0,0.0
2022-07-13 00:00:00-04:00,308.8999938964844,313.1000061035156,304.0,309.69000244140625,411200,0.0,0.0
2022-07-14 00:00:00-04:00,306.92999267578125,312.82000732421875,303.1000061035156,312.2200012207031,255600,0.0,0.0
2022-07-15 00:00:00-04:00,317.2200012207031,317.2200012207031,311.3500061035156,314.9599914550781,306500,0.0,0.0
2022-07-18 00:00:00-04:00,316.9800109863281,318.4599914550781,313.07000732421875,314.3999938964844,380500,0.0,0.0
2022-07-19 00:00:00-04:00,318.7200012207031,323.30999755859375,317.25,323.1199951171875,409300,0.0,0.0
2022-07-20 00:00:00-04:00,320.67999267578125,327.4599914550781,319.8900146484375,325.3599853515625,290100,0.0,0.0
2022-07-21 00:00:00-04:00,323.8900146484375,329.8999938964844,322.1700134277344,329.70001220703125,316800,0.0,0.0
2022-07-22 00:00:00-04:00,331.1099853515625,333.0,323.1400146484375,326.2099914550781,269700,0.0,0.0
2022-07-25 00:00:00-04:00,327.32000732421875,330.760009765625,322.8699951171875,330.3299865722656,311200,0.0,0.0
2022-07-26 00:00:00-04:00,327.739990234375,329.1600036621094,324.3599853515625,328.5400085449219,421400,0.0,0.0
2022-07-27 00:00:00-04:00,329.6600036621094,337.1499938964844,327.6300048828125,336.0299987792969,393300,0.0,0.0
2022-07-28 00:00:00-04:00,333.760009765625,344.3599853515625,333.5,343.45001220703125,662200,0.0,0.0
2022-07-29 00:00:00-04:00,344.6700134277344,354.4100036621094,344.44000244140625,352.0799865722656,544900,0.0,0.0
2022-08-01 00:00:00-04:00,350.95001220703125,355.2900085449219,348.5,354.1700134277344,356800,0.0,0.0
2022-08-02 00:00:00-04:00,351.6499938964844,356.69000244140625,348.5199890136719,352.44000244140625,470900,0.0,0.0
2022-08-03 00:00:00-04:00,355.010009765625,357.010009765625,352.739990234375,355.3900146484375,397700,0.0,0.0
2022-08-04 00:00:00-04:00,354.989990234375,366.010009765625,354.2200012207031,359.9800109863281,498000,0.0,0.0
2022-08-05 00:00:00-04:00,355.6300048828125,359.3500061035156,352.32000732421875,355.92999267578125,586900,0.0,0.0
2022-08-08 00:00:00-04:00,359.0899963378906,362.2300109863281,351.3999938964844,353.2200012207031,665500,0.0,0.0
2022-08-09 00:00:00-04:00,352.0,354.0400085449219,348.17999267578125,353.80999755859375,286200,0.0,0.0
2022-08-10 00:00:00-04:00,363.0199890136719,365.7300109863281,361.44000244140625,365.3399963378906,327800,0.0,0.0
2022-08-11 00:00:00-04:00,368.6300048828125,371.7099914550781,364.2200012207031,364.8800048828125,332400,0.0,0.0
2022-08-12 00:00:00-04:00,368.4200134277344,371.44000244140625,364.6199951171875,370.1000061035156,277100,0.0,0.0
2022-08-15 00:00:00-04:00,367.94000244140625,372.29998779296875,366.94000244140625,368.75,400100,0.0,0.0
2022-08-16 00:00:00-04:00,366.55999755859375,374.1700134277344,366.55999755859375,371.57000732421875,235500,0.0,0.0
2022-08-17 00:00:00-04:00,367.07000732421875,369.2799987792969,365.1099853515625,368.9200134277344,284400,0.0,0.0
2022-08-18 00:00:00-04:00,368.7300109863281,370.0,365.8399963378906,367.54998779296875,311600,0.0,0.0
2022-08-19 00:00:00-04:00,368.1499938964844,368.1499938964844,361.8900146484375,365.1499938964844,512200,0.0,0.0
2022-08-22 00:00:00-04:00,359.239990234375,363.2300109863281,356.010009765625,356.29998779296875,461700,0.0,0.0
2022-08-23 00:00:00-04:00,355.6499938964844,360.3800048828125,354.4100036621094,355.7300109863281,186300,0.0,0.0
2022-08-24 00:00:00-04:00,356.79998779296875,358.9700012207031,352.8599853515625,355.0799865722656,228300,0.0,0.0
2022-08-25 00:00:00-04:00,358.44000244140625,362.739990234375,356.80999755859375,362.2699890136719,190100,0.0,0.0
2022-08-26 00:00:00-04:00,364.1300048828125,364.1300048828125,349.57000732421875,351.739990234375,238400,0.0,0.0
2022-08-29 00:00:00-04:00,348.4599914550781,357.6199951171875,348.2799987792969,354.2099914550781,461200,0.0,0.0
2022-08-30 00:00:00-04:00,356.7699890136719,356.8500061035156,341.8599853515625,345.1700134277344,426600,0.0,0.0
2022-08-31 00:00:00-04:00,346.6000061035156,348.94000244140625,341.4100036621094,347.7099914550781,711300,0.0,0.0
2022-09-01 00:00:00-04:00,345.1600036621094,345.80999755859375,339.44000244140625,342.6000061035156,423100,0.0,0.0
2022-09-02 00:00:00-04:00,347.55999755859375,351.510009765625,339.3900146484375,340.6000061035156,342900,0.0,0.0
2022-09-06 00:00:00-04:00,339.9100036621094,344.1099853515625,337.6199951171875,339.55999755859375,342200,0.0,0.0
2022-09-07 00:00:00-04:00,339.70001220703125,351.8699951171875,339.55999755859375,351.6300048828125,316700,0.0,0.0
2022-09-08 00:00:00-04:00,349.1000061035156,353.8999938964844,345.44000244140625,352.6000061035156,353600,0.0,0.0
2022-09-09 00:00:00-04:00,354.70001220703125,357.6300048828125,353.489990234375,356.29998779296875,346500,0.0,0.0
2022-09-12 00:00:00-04:00,358.8900146484375,358.8900146484375,353.489990234375,355.30999755859375,272200,0.0,0.0
2022-09-13 00:00:00-04:00,347.9200134277344,349.010009765625,338.8500061035156,339.6000061035156,330100,0.0,0.0
2022-09-14 00:00:00-04:00,338.20001220703125,338.79998779296875,327.9599914550781,332.3800048828125,517800,0.0,0.0
2022-09-15 00:00:00-04:00,332.6600036621094,340.3999938964844,332.4100036621094,337.44000244140625,381900,0.0,0.0
2022-09-16 00:00:00-04:00,333.2699890136719,333.2699890136719,325.1300048828125,330.17999267578125,457100,0.0,0.0
2022-09-19 00:00:00-04:00,327.80999755859375,336.0400085449219,327.29998779296875,335.7900085449219,406400,0.0,0.0
2022-09-20 00:00:00-04:00,333.2799987792969,335.57000732421875,327.510009765625,334.57000732421875,367300,0.0,0.0
2022-09-21 00:00:00-04:00,337.3900146484375,342.0799865722656,329.1099853515625,329.1300048828125,311800,0.0,0.0
2022-09-22 00:00:00-04:00,330.5400085449219,331.44000244140625,327.32000732421875,327.70001220703125,515100,0.0,0.0
2022-09-23 00:00:00-04:00,324.0,324.2900085449219,314.82000732421875,320.04998779296875,561800,0.0,0.0
2022-09-26 00:00:00-04:00,318.8699951171875,322.6499938964844,313.9599914550781,315.95001220703125,414300,0.0,0.0
2022-09-27 00:00:00-04:00,319.05999755859375,319.5299987792969,307.32000732421875,311.0899963378906,476400,0.0,0.0
2022-09-28 00:00:00-04:00,313.6000061035156,321.3500061035156,311.5899963378906,319.6300048828125,584300,0.0,0.0
2022-09-29 00:00:00-04:00,314.7300109863281,323.45001220703125,308.0299987792969,322.4100036621094,516200,0.0,0.0
2022-09-30 00:00:00-04:00,322.3999938964844,331.2900085449219,319.1499938964844,322.0899963378906,712100,0.0,0.0
2022-10-03 00:00:00-04:00,325.0299987792969,329.6099853515625,321.8399963378906,326.5899963378906,665500,0.0,0.0
2022-10-04 00:00:00-04:00,333.4599914550781,337.1000061035156,331.3999938964844,335.94000244140625,471300,0.0,0.0
2022-10-05 00:00:00-04:00,331.239990234375,337.7200012207031,330.8599853515625,334.2900085449219,278800,0.0,0.0
2022-10-06 00:00:00-04:00,332.4800109863281,335.9200134277344,329.5299987792969,330.32000732421875,301500,0.0,0.0
2022-10-07 00:00:00-04:00,325.9700012207031,326.760009765625,317.989990234375,320.25,318400,0.0,0.0
2022-10-10 00:00:00-04:00,322.510009765625,322.510009765625,315.67999267578125,318.9800109863281,214700,0.0,0.0
2022-10-11 00:00:00-04:00,317.3999938964844,321.7799987792969,314.7300109863281,317.4200134277344,243400,0.0,0.0
2022-10-12 00:00:00-04:00,316.6499938964844,316.6499938964844,309.8800048828125,311.4800109863281,350400,0.0,0.0
2022-10-13 00:00:00-04:00,304.0799865722656,317.07000732421875,298.5899963378906,314.3500061035156,445300,0.0,0.0
2022-10-14 00:00:00-04:00,316.5799865722656,317.239990234375,298.32000732421875,298.8299865722656,405000,0.0,0.0
2022-10-17 00:00:00-04:00,305.5400085449219,311.9800109863281,304.1499938964844,311.04998779296875,391700,0.0,0.0
2022-10-18 00:00:00-04:00,318.239990234375,324.0899963378906,316.4200134277344,320.2799987792969,367600,0.0,0.0
2022-10-19 00:00:00-04:00,318.30999755859375,318.69000244140625,309.54998779296875,313.3399963378906,260200,0.0,0.0
2022-10-20 00:00:00-04:00,313.0199890136719,315.7200012207031,303.1400146484375,304.2300109863281,244700,0.0,0.0
2022-10-21 00:00:00-04:00,304.45001220703125,315.6499938964844,303.3999938964844,315.30999755859375,373300,0.0,0.0
2022-10-24 00:00:00-04:00,318.6199951171875,319.2300109863281,313.57000732421875,316.94000244140625,358400,0.0,0.0
2022-10-25 00:00:00-04:00,315.54998779296875,333.6000061035156,315.54998779296875,332.7900085449219,542200,0.0,0.0
2022-10-26 00:00:00-04:00,333.7200012207031,334.4100036621094,327.260009765625,330.92999267578125,398700,0.0,0.0
2022-10-27 00:00:00-04:00,331.3999938964844,334.9700012207031,329.1700134277344,330.4599914550781,348300,0.0,0.0
2022-10-28 00:00:00-04:00,331.1099853515625,338.92999267578125,329.9100036621094,338.1600036621094,241400,0.0,0.0
2022-10-31 00:00:00-04:00,337.1499938964844,339.1000061035156,333.8800048828125,335.9800109863281,524500,0.0,0.0
2022-11-01 00:00:00-04:00,339.3500061035156,340.489990234375,330.2300109863281,334.3299865722656,503400,0.0,0.0
2022-11-02 00:00:00-04:00,333.3500061035156,339.6600036621094,321.95001220703125,322.8900146484375,870100,0.0,0.0
2022-11-03 00:00:00-04:00,318.4700012207031,336.4200134277344,317.25,331.5400085449219,481500,0.0,0.0
2022-11-04 00:00:00-04:00,338.45001220703125,339.2699890136719,329.80999755859375,337.1600036621094,428300,0.0,0.0
2022-11-07 00:00:00-05:00,340.0,343.4100036621094,333.7799987792969,342.8399963378906,408600,0.0,0.0
2022-11-08 00:00:00-05:00,345.2799987792969,350.1199951171875,342.0299987792969,343.9200134277344,314900,0.0,0.0
2022-11-09 00:00:00-05:00,342.0400085449219,343.7200012207031,336.25,336.5299987792969,297000,0.0,0.0
2022-11-10 00:00:00-05:00,352.94000244140625,365.4200134277344,352.239990234375,362.8399963378906,558500,0.0,0.0
2022-11-11 00:00:00-05:00,365.510009765625,371.4700012207031,360.80999755859375,362.19000244140625,323300,0.0,0.0
2022-11-14 00:00:00-05:00,359.8699951171875,363.92999267578125,352.4700012207031,352.9800109863281,371900,0.0,0.0
2022-11-15 00:00:00-05:00,360.5799865722656,363.010009765625,349.7300109863281,354.1499938964844,324500,0.0,0.0
2022-11-16 00:00:00-05:00,353.6499938964844,356.489990234375,351.04998779296875,355.8500061035156,279300,0.0,0.0
2022-11-17 00:00:00-05:00,349.9100036621094,352.739990234375,347.6000061035156,350.6400146484375,257100,0.0,0.0
2022-11-18 00:00:00-05:00,356.79998779296875,358.3800048828125,352.4599914550781,356.32000732421875,315500,0.0,0.0
2022-11-21 00:00:00-05:00,353.9100036621094,358.7900085449219,353.2099914550781,357.75,307400,0.0,0.0
2022-11-22 00:00:00-05:00,359.989990234375,364.7799987792969,358.29998779296875,364.6499938964844,266300,0.0,0.0
2022-11-23 00:00:00-05:00,365.9700012207031,370.510009765625,364.3599853515625,365.32000732421875,263400,0.0,0.0
2022-11-25 00:00:00-05:00,363.739990234375,368.44000244140625,363.739990234375,367.5899963378906,103900,0.0,0.0
2022-11-28 00:00:00-05:00,364.8699951171875,367.0199890136719,357.3399963378906,359.4100036621094,252700,0.0,0.0
2022-11-29 00:00:00-05:00,357.8999938964844,361.6400146484375,355.8699951171875,357.5400085449219,213700,0.0,0.0
2022-11-30 00:00:00-05:00,355.4599914550781,366.5199890136719,352.6300048828125,366.4800109863281,673200,0.0,0.0
2022-12-01 00:00:00-05:00,367.17999267578125,369.760009765625,362.7099914550781,365.3800048828125,348600,0.0,0.0
2022-12-02 00:00:00-05:00,361.2799987792969,366.29998779296875,358.25,365.7300109863281,298600,0.0,0.0
2022-12-05 00:00:00-05:00,359.6400146484375,359.8900146484375,352.1700134277344,353.2699890136719,426200,0.0,0.0
2022-12-06 00:00:00-05:00,354.5199890136719,354.5199890136719,346.42999267578125,349.989990234375,258300,0.0,0.0
2022-12-07 00:00:00-05:00,348.79998779296875,355.260009765625,348.79998779296875,352.5,227500,0.0,0.0
2022-12-08 00:00:00-05:00,355.20001220703125,359.45001220703125,352.489990234375,357.7099914550781,312800,0.0,0.0
2022-12-09 00:00:00-05:00,356.9800109863281,362.989990234375,355.1700134277344,356.94000244140625,230400,0.0,0.0
2022-12-12 00:00:00-05:00,357.5899963378906,359.8999938964844,351.739990234375,359.8500061035156,389400,0.0,0.0
2022-12-13 00:00:00-05:00,372.5299987792969,373.5299987792969,360.80999755859375,368.7300109863281,862300,0.0,0.0
2022-12-14 00:00:00-05:00,361.9200134277344,366.6600036621094,359.42999267578125,365.70001220703125,659600,0.0,0.0
2022-12-15 00:00:00-05:00,359.75,359.75,350.0400085449219,352.04998779296875,383600,0.0,0.0
2022-12-16 00:00:00-05:00,346.9700012207031,350.8399963378906,343.3999938964844,348.2200012207031,557000,0.0,0.0
2022-12-19 00:00:00-05:00,348.07000732421875,349.75,339.7099914550781,340.8500061035156,407100,0.0,0.0
2022-12-20 00:00:00-05:00,340.3900146484375,343.1400146484375,337.6400146484375,341.7300109863281,304400,0.0,0.0
2022-12-21 00:00:00-05:00,343.5,345.2699890136719,340.42999267578125,342.1300048828125,369900,0.0,0.0
2022-12-22 00:00:00-05:00,338.9100036621094,339.92999267578125,332.04998779296875,336.20001220703125,489600,0.0,0.0
2022-12-23 00:00:00-05:00,335.6300048828125,339.0400085449219,331.8900146484375,338.5899963378906,221200,0.0,0.0
2022-12-27 00:00:00-05:00,339.45001220703125,341.5400085449219,336.7200012207031,339.42999267578125,272500,0.0,0.0
2022-12-28 00:00:00-05:00,339.94000244140625,341.75,337.3800048828125,337.8999938964844,133800,0.0,0.0
2022-12-29 00:00:00-05:00,339.6400146484375,343.1600036621094,337.989990234375,340.6600036621094,183100,0.0,0.0
2022-12-30 00:00:00-05:00,338.04998779296875,338.6499938964844,332.8599853515625,337.9700012207031,211500,0.0,0.0
2023-01-03 00:00:00-05:00,341.8999938964844,343.1400146484375,336.42999267578125,338.19000244140625,405300,0.0,0.0
2023-01-04 00:00:00-05:00,343.6499938964844,348.2099914550781,340.44000244140625,347.739990234375,358900,0.0,0.0
2023-01-05 00:00:00-05:00,343.8299865722656,344.07000732421875,337.739990234375,337.9700012207031,242400,0.0,0.0
2023-01-06 00:00:00-05:00,342.3999938964844,352.2799987792969,339.6099853515625,351.1700134277344,285400,0.0,0.0
2023-01-09 00:00:00-05:00,351.9700012207031,352.55999755859375,344.29998779296875,345.1300048828125,372900,0.0,0.0
2023-01-10 00:00:00-05:00,344.0,344.94000244140625,341.17999267578125,343.9599914550781,329300,0.0,0.0
2023-01-11 00:00:00-05:00,347.2200012207031,357.5,346.3699951171875,354.9800109863281,542100,0.0,0.0
2023-01-12 00:00:00-05:00,356.239990234375,356.239990234375,349.5199890136719,351.5799865722656,305800,0.0,0.0
2023-01-13 00:00:00-05:00,349.80999755859375,356.0400085449219,348.2699890136719,355.3699951171875,382800,0.0,0.0
2023-01-17 00:00:00-05:00,354.29998779296875,354.6300048828125,350.04998779296875,353.0899963378906,309100,0.0,0.0
2023-01-18 00:00:00-05:00,355.0,358.489990234375,351.6499938964844,351.79998779296875,406200,0.0,0.0
2023-01-19 00:00:00-05:00,350.0799865722656,351.4200134277344,341.4599914550781,343.1000061035156,330400,0.0,0.0
2023-01-20 00:00:00-05:00,343.55999755859375,349.9200134277344,341.1000061035156,347.69000244140625,317600,0.0,0.0
2023-01-23 00:00:00-05:00,347.54998779296875,351.32000732421875,343.1000061035156,348.92999267578125,274400,0.0,0.0
2023-01-24 00:00:00-05:00,344.7799987792969,346.8900146484375,341.8699951171875,346.4200134277344,345900,0.0,0.0
2023-01-25 00:00:00-05:00,341.9700012207031,348.82000732421875,340.4200134277344,347.4200134277344,213900,0.0,0.0
2023-01-26 00:00:00-05:00,348.9700012207031,349.0,337.9100036621094,349.0,502100,0.0,0.0
2023-01-27 00:00:00-05:00,348.739990234375,351.8999938964844,347.5,347.82000732421875,246000,0.0,0.0
2023-01-30 00:00:00-05:00,345.6300048828125,350.1400146484375,345.6300048828125,347.3699951171875,240600,0.0,0.0
2023-01-31 00:00:00-05:00,350.1199951171875,359.9200134277344,346.7799987792969,359.6400146484375,343100,0.0,0.0
2023-02-01 00:00:00-05:00,358.45001220703125,365.0299987792969,352.4700012207031,362.010009765625,377900,0.0,0.0
2023-02-02 00:00:00-05:00,363.7300109863281,374.3999938964844,363.4100036621094,370.2300109863281,392200,0.0,0.0
2023-02-03 00:00:00-05:00,365.75,370.2200012207031,359.75,360.6300048828125,272800,0.0,0.0
2023-02-06 00:00:00-05:00,357.3999938964844,360.4100036621094,353.4100036621094,356.8999938964844,263300,0.0,0.0
2023-02-07 00:00:00-05:00,355.1499938964844,360.1499938964844,351.8699951171875,358.4599914550781,305400,0.0,0.0
2023-02-08 00:00:00-05:00,355.92999267578125,358.260009765625,354.57000732421875,356.20001220703125,317900,0.0,0.0
2023-02-09 00:00:00-05:00,359.9100036621094,362.9800109863281,352.70001220703125,353.239990234375,253600,0.0,0.0
2023-02-10 00:00:00-05:00,350.54998779296875,352.94000244140625,345.1499938964844,351.239990234375,364800,0.0,0.0
2023-02-13 00:00:00-05:00,352.55999755859375,356.92999267578125,349.29998779296875,356.45001220703125,361600,0.0,0.0
2023-02-14 00:00:00-05:00,354.7799987792969,359.8800048828125,351.7799987792969,356.20001220703125,455000,0.0,0.0
2023-02-15 00:00:00-05:00,369.54998779296875,386.7300109863281,367.4100036621094,382.79998779296875,1036400,0.0,0.0
2023-02-16 00:00:00-05:00,374.0799865722656,381.7300109863281,367.9800109863281,368.92999267578125,997300,0.0,0.0
2023-02-17 00:00:00-05:00,367.260009765625,376.6099853515625,367.260009765625,371.67999267578125,522900,0.0,0.0
2023-02-21 00:00:00-05:00,367.5,370.9800109863281,359.69000244140625,359.70001220703125,486200,0.0,0.0
2023-02-22 00:00:00-05:00,361.9700012207031,365.82000732421875,359.32000732421875,361.239990234375,378300,0.0,0.0
2023-02-23 00:00:00-05:00,362.2300109863281,364.4800109863281,357.1700134277344,362.9700012207031,354600,0.0,0.0
2023-02-24 00:00:00-05:00,358.54998779296875,362.95001220703125,357.5199890136719,362.0799865722656,251800,0.0,0.0
2023-02-27 00:00:00-05:00,365.79998779296875,365.79998779296875,358.4200134277344,359.94000244140625,278800,0.0,0.0
2023-02-28 00:00:00-05:00,360.760009765625,363.5299987792969,359.1600036621094,359.8699951171875,299100,0.0,0.0
2023-03-01 00:00:00-05:00,358.2200012207031,361.70001220703125,356.5299987792969,357.5400085449219,277300,0.0,0.0
2023-03-02 00:00:00-05:00,354.7200012207031,363.7900085449219,351.57000732421875,363.4700012207031,333600,0.0,0.0
2023-03-03 00:00:00-05:00,364.8599853515625,366.5799865722656,359.9100036621094,365.6199951171875,246600,0.0,0.0
2023-03-06 00:00:00-05:00,364.95001220703125,366.42999267578125,359.0199890136719,360.0,256900,0.0,0.0
2023-03-07 00:00:00-05:00,360.75,363.6600036621094,356.75,356.9200134277344,325400,0.0,0.0
2023-03-08 00:00:00-05:00,358.2799987792969,368.54998779296875,357.2900085449219,363.3599853515625,425900,0.0,0.0
2023-03-09 00:00:00-05:00,364.7099914550781,366.0,353.3900146484375,354.19000244140625,397600,0.0,0.0
2023-03-10 00:00:00-05:00,353.7900085449219,354.2300109863281,339.8999938964844,341.0199890136719,497400,0.0,0.0
2023-03-13 00:00:00-04:00,333.3599853515625,339.6300048828125,331.29998779296875,333.7900085449219,331700,0.0,0.0
2023-03-14 00:00:00-04:00,343.489990234375,344.75,331.7099914550781,337.3800048828125,446100,0.0,0.0
2023-03-15 00:00:00-04:00,328.4800109863281,331.1499938964844,317.94000244140625,325.2099914550781,596200,0.0,0.0
2023-03-16 00:00:00-04:00,323.6199951171875,333.3800048828125,320.010009765625,331.2200012207031,392800,0.0,0.0
2023-03-17 00:00:00-04:00,328.57000732421875,328.95001220703125,320.05999755859375,320.6000061035156,579200,0.0,0.0
2023-03-20 00:00:00-04:00,323.7799987792969,328.3800048828125,321.79998779296875,324.8500061035156,434700,0.0,0.0
2023-03-21 00:00:00-04:00,329.739990234375,335.739990234375,328.8999938964844,335.1600036621094,577100,0.0,0.0
2023-03-22 00:00:00-04:00,334.1000061035156,337.0400085449219,328.1499938964844,328.3599853515625,489000,0.0,0.0
2023-03-23 00:00:00-04:00,327.69000244140625,336.9100036621094,327.69000244140625,333.45001220703125,572700,0.0,0.0
2023-03-24 00:00:00-04:00,329.7099914550781,337.2799987792969,326.6099853515625,336.8299865722656,352900,0.0,0.0
2023-03-27 00:00:00-04:00,339.4599914550781,342.20001220703125,336.1499938964844,339.05999755859375,313300,0.0,0.0
2023-03-28 00:00:00-04:00,338.17999267578125,346.7300109863281,337.2799987792969,346.1000061035156,443200,0.0,0.0
2023-03-29 00:00:00-04:00,349.55999755859375,351.3299865722656,347.3800048828125,351.239990234375,311800,0.0,0.0
2023-03-30 00:00:00-04:00,355.239990234375,356.8299865722656,348.7799987792969,350.5,292100,0.0,0.0
2023-03-31 00:00:00-04:00,353.20001220703125,355.4599914550781,350.8299865722656,355.05999755859375,305800,0.0,0.0
2023-04-03 00:00:00-04:00,359.0,360.8599853515625,353.3500061035156,356.0,441100,0.0,0.0
2023-04-04 00:00:00-04:00,356.760009765625,356.760009765625,346.8399963378906,347.54998779296875,425600,0.0,0.0
2023-04-05 00:00:00-04:00,343.5400085449219,345.4800109863281,334.95001220703125,337.05999755859375,505200,0.0,0.0
2023-04-06 00:00:00-04:00,334.32000732421875,340.0400085449219,332.1300048828125,338.5899963378906,287100,0.0,0.0
2023-04-10 00:00:00-04:00,336.2699890136719,342.0199890136719,335.1000061035156,340.4800109863281,223700,0.0,0.0
2023-04-11 00:00:00-04:00,341.989990234375,346.3900146484375,341.3999938964844,346.20001220703125,385100,0.0,0.0
2023-04-12 00:00:00-04:00,348.8399963378906,350.4599914550781,345.7900085449219,346.05999755859375,234600,0.0,0.0
2023-04-13 00:00:00-04:00,345.94000244140625,350.4100036621094,343.7099914550781,348.7300109863281,306400,0.0,0.0
2023-04-14 00:00:00-04:00,347.44000244140625,352.4800109863281,346.3900146484375,349.20001220703125,181100,0.0,0.0
2023-04-17 00:00:00-04:00,348.3699951171875,354.0899963378906,347.4599914550781,353.5899963378906,225400,0.0,0.0
2023-04-18 00:00:00-04:00,354.8900146484375,356.8299865722656,350.3900146484375,353.45001220703125,208000,0.0,0.0
2023-04-19 00:00:00-04:00,352.1400146484375,359.4200134277344,351.54998779296875,356.79998779296875,236700,0.0,0.0
2023-04-20 00:00:00-04:00,354.29998779296875,358.8299865722656,352.17999267578125,356.5,224100,0.0,0.0
2023-04-21 00:00:00-04:00,356.7099914550781,356.7099914550781,349.8299865722656,354.5899963378906,278400,0.0,0.0
2023-04-24 00:00:00-04:00,355.8399963378906,357.1199951171875,353.1000061035156,356.1199951171875,208200,0.0,0.0
2023-04-25 00:00:00-04:00,353.0799865722656,354.739990234375,351.75,352.5199890136719,220300,0.0,0.0
2023-04-26 00:00:00-04:00,349.4200134277344,350.739990234375,343.7900085449219,344.5199890136719,326200,0.0,0.0
2023-04-27 00:00:00-04:00,345.5899963378906,358.1600036621094,345.0299987792969,358.04998779296875,319900,0.0,0.0
2023-04-28 00:00:00-04:00,356.29998779296875,364.2200012207031,356.29998779296875,363.20001220703125,342900,0.0,0.0
2023-05-01 00:00:00-04:00,361.4200134277344,369.8800048828125,361.2300109863281,367.3699951171875,318200,0.0,0.0
2023-05-02 00:00:00-04:00,366.8699951171875,372.7699890136719,361.3299865722656,371.8500061035156,461200,0.0,0.0
2023-05-03 00:00:00-04:00,374.5899963378906,377.6099853515625,366.6400146484375,368.54998779296875,546000,0.0,0.0
2023-05-04 00:00:00-04:00,399.95001220703125,401.8999938964844,384.6199951171875,389.2799987792969,771300,0.0,0.0
2023-05-05 00:00:00-04:00,395.239990234375,400.32000732421875,391.239990234375,397.6600036621094,511000,0.0,0.0
2023-05-08 00:00:00-04:00,396.7900085449219,402.25,396.0,396.3599853515625,463600,0.0,0.0
2023-05-09 00:00:00-04:00,395.57000732421875,399.2799987792969,394.70001220703125,398.69000244140625,283100,0.0,0.0
2023-05-10 00:00:00-04:00,403.19000244140625,404.8699951171875,395.5199890136719,400.92999267578125,293700,0.0,0.0
2023-05-11 00:00:00-04:00,398.3500061035156,402.4599914550781,395.6600036621094,400.57000732421875,264700,0.0,0.0
2023-05-12 00:00:00-04:00,401.75,404.1400146484375,397.69000244140625,402.57000732421875,309200,0.0,0.0
2023-05-15 00:00:00-04:00,401.6499938964844,405.0199890136719,399.6600036621094,404.55999755859375,473700,0.0,0.0
2023-05-16 00:00:00-04:00,404.5,405.9700012207031,398.1099853515625,402.4700012207031,367900,0.0,0.0
2023-05-17 00:00:00-04:00,405.0,407.7799987792969,401.95001220703125,407.3699951171875,303400,0.0,0.0
2023-05-18 00:00:00-04:00,407.25,408.760009765625,402.04998779296875,407.82000732421875,265000,0.0,0.0
2023-05-19 00:00:00-04:00,410.1400146484375,410.4800109863281,402.5,408.3999938964844,246800,0.0,0.0
2023-05-22 00:00:00-04:00,409.0799865722656,409.0799865722656,403.3800048828125,405.989990234375,228600,0.0,0.0
2023-05-23 00:00:00-04:00,401.7099914550781,403.29998779296875,395.1600036621094,397.260009765625,387900,0.0,0.0
2023-05-24 00:00:00-04:00,395.260009765625,395.42999267578125,390.9200134277344,395.2300109863281,292700,0.0,0.0
2023-05-25 00:00:00-04:00,396.25,399.5199890136719,393.4800109863281,399.1600036621094,294700,0.0,0.0
2023-05-26 00:00:00-04:00,399.55999755859375,400.5799865722656,392.6099853515625,399.1600036621094,340300,0.0,0.0
2023-05-30 00:00:00-04:00,399.5899963378906,402.489990234375,394.6300048828125,398.2300109863281,292700,0.0,0.0
2023-05-31 00:00:00-04:00,395.5400085449219,399.2099914550781,392.2900085449219,398.0400085449219,498000,0.0,0.0
2023-06-01 00:00:00-04:00,397.42999267578125,405.0299987792969,396.70001220703125,404.3999938964844,327300,0.0,0.0
2023-06-02 00:00:00-04:00,408.6199951171875,416.55999755859375,406.1199951171875,415.0799865722656,441300,0.0,0.0
2023-06-05 00:00:00-04:00,413.7699890136719,420.3800048828125,413.0299987792969,417.07000732421875,440000,0.0,0.0
2023-06-06 00:00:00-04:00,418.260009765625,428.6000061035156,415.82000732421875,418.1000061035156,578200,0.0,0.0
2023-06-07 00:00:00-04:00,416.0400085449219,424.5299987792969,414.8599853515625,423.3399963378906,431400,0.0,0.0
2023-06-08 00:00:00-04:00,422.07000732421875,426.17999267578125,420.1099853515625,425.3999938964844,316400,0.0,0.0
2023-06-09 00:00:00-04:00,426.239990234375,428.04998779296875,422.4800109863281,427.260009765625,365800,0.0,0.0
2023-06-12 00:00:00-04:00,426.6300048828125,426.6499938964844,422.30999755859375,423.1600036621094,378800,0.0,0.0
2023-06-13 00:00:00-04:00,423.6700134277344,428.8299865722656,422.5899963378906,427.30999755859375,318200,0.0,0.0
2023-06-14 00:00:00-04:00,428.6000061035156,428.6000061035156,421.4800109863281,425.80999755859375,302100,0.0,0.0
2023-06-15 00:00:00-04:00,425.1400146484375,430.2699890136719,425.1400146484375,429.45001220703125,263400,0.0,0.0
2023-06-16 00:00:00-04:00,429.8399963378906,431.3599853515625,424.69000244140625,426.5400085449219,614900,0.0,0.0
2023-06-20 00:00:00-04:00,423.5299987792969,430.7099914550781,423.25,430.1700134277344,426800,0.0,0.0
2023-06-21 00:00:00-04:00,430.29998779296875,438.0400085449219,429.54998779296875,431.9100036621094,346700,0.0,0.0
2023-06-22 00:00:00-04:00,433.7900085449219,440.510009765625,429.3699951171875,439.2200012207031,502900,0.0,0.0
2023-06-23 00:00:00-04:00,436.4700012207031,443.260009765625,435.57000732421875,442.3800048828125,541200,0.0,0.0
2023-06-26 00:00:00-04:00,441.94000244140625,445.69000244140625,441.94000244140625,442.7799987792969,287400,0.0,0.0
2023-06-27 00:00:00-04:00,444.0,453.45001220703125,442.8399963378906,452.0899963378906,418800,0.0,0.0
2023-06-28 00:00:00-04:00,452.44000244140625,455.69000244140625,450.9200134277344,453.7799987792969,273000,0.0,0.0
2023-06-29 00:00:00-04:00,453.0899963378906,459.0199890136719,451.0899963378906,457.8299865722656,275600,0.0,0.0
2023-06-30 00:00:00-04:00,459.80999755859375,462.70001220703125,457.2699890136719,461.69000244140625,382100,0.0,0.0
2023-07-03 00:00:00-04:00,458.0299987792969,459.45001220703125,453.32000732421875,456.2200012207031,206300,0.0,0.0
2023-07-05 00:00:00-04:00,451.2799987792969,451.29998779296875,443.57000732421875,449.3999938964844,633800,0.0,0.0
2023-07-06 00:00:00-04:00,441.5199890136719,444.75,438.5400085449219,440.7699890136719,560500,0.0,0.0
2023-07-07 00:00:00-04:00,437.7699890136719,443.3999938964844,437.7699890136719,440.1700134277344,610600,0.0,0.0
2023-07-10 00:00:00-04:00,439.54998779296875,445.2799987792969,438.010009765625,443.94000244140625,368600,0.0,0.0
2023-07-11 00:00:00-04:00,446.5799865722656,451.6099853515625,444.510009765625,449.4200134277344,322200,0.0,0.0
2023-07-12 00:00:00-04:00,448.7900085449219,450.82000732421875,444.82000732421875,445.2300109863281,400100,0.0,0.0
2023-07-13 00:00:00-04:00,448.2300109863281,454.3500061035156,444.69000244140625,454.1300048828125,387600,0.0,0.0
2023-07-14 00:00:00-04:00,455.9599914550781,457.95001220703125,451.7099914550781,457.55999755859375,398600,0.0,0.0
2023-07-17 00:00:00-04:00,458.3399963378906,460.0400085449219,455.8299865722656,458.1199951171875,244300,0.0,0.0
2023-07-18 00:00:00-04:00,456.54998779296875,462.6199951171875,456.54998779296875,461.989990234375,283400,0.0,0.0
2023-07-19 00:00:00-04:00,461.0199890136719,462.0299987792969,453.2200012207031,454.260009765625,342200,0.0,0.0
2023-07-20 00:00:00-04:00,456.45001220703125,458.3999938964844,451.55999755859375,458.07000732421875,337000,0.0,0.0
2023-07-21 00:00:00-04:00,456.6499938964844,460.17999267578125,455.0299987792969,457.8900146484375,222400,0.0,0.0
2023-07-24 00:00:00-04:00,457.0899963378906,460.3699951171875,455.5899963378906,458.510009765625,268400,0.0,0.0
2023-07-25 00:00:00-04:00,457.7200012207031,460.95001220703125,456.2300109863281,458.260009765625,366900,0.0,0.0
2023-07-26 00:00:00-04:00,457.9100036621094,460.5899963378906,456.510009765625,458.3900146484375,525700,0.0,0.0
2023-07-27 00:00:00-04:00,459.989990234375,463.4100036621094,440.1300048828125,444.9200134277344,706700,0.0,0.0
2023-07-28 00:00:00-04:00,451.6499938964844,455.6099853515625,443.7799987792969,448.7300109863281,685800,0.0,0.0
2023-07-31 00:00:00-04:00,450.9800109863281,452.6099853515625,444.3500061035156,446.4599914550781,458100,0.0,0.0
2023-08-01 00:00:00-04:00,447.1400146484375,453.489990234375,446.3399963378906,453.2799987792969,439900,0.0,0.0
2023-08-02 00:00:00-04:00,451.94000244140625,458.3299865722656,449.20001220703125,450.5400085449219,489800,0.0,0.0
2023-08-03 00:00:00-04:00,445.8999938964844,454.70001220703125,431.2099914550781,453.4800109863281,650100,0.0,0.0
2023-08-04 00:00:00-04:00,453.5,462.8800048828125,452.9200134277344,455.8500061035156,614500,0.0,0.0
2023-08-07 00:00:00-04:00,459.4800109863281,463.0299987792969,454.0899963378906,462.239990234375,512700,0.0,0.0
2023-08-08 00:00:00-04:00,458.239990234375,459.95001220703125,454.29998779296875,457.2900085449219,351500,0.0,0.0
2023-08-09 00:00:00-04:00,457.19000244140625,459.6400146484375,450.9200134277344,451.5400085449219,369800,0.0,0.0
2023-08-10 00:00:00-04:00,450.75,459.0400085449219,449.20001220703125,458.7699890136719,477000,0.0,0.0
2023-08-11 00:00:00-04:00,458.2099914550781,462.32000732421875,454.3800048828125,455.44000244140625,295800,0.0,0.0
2023-08-14 00:00:00-04:00,454.239990234375,459.6300048828125,452.07000732421875,459.25,280600,0.0,0.0
2023-08-15 00:00:00-04:00,458.1199951171875,459.79998779296875,453.2699890136719,456.32000732421875,195200,0.0,0.0
2023-08-16 00:00:00-04:00,457.1499938964844,459.0,451.3699951171875,452.0199890136719,372200,0.0,0.0
2023-08-17 00:00:00-04:00,453.75,456.2699890136719,431.989990234375,432.0799865722656,465200,0.0,0.0
2023-08-18 00:00:00-04:00,428.4700012207031,435.07000732421875,426.30999755859375,431.1700134277344,588400,0.0,0.0
2023-08-21 00:00:00-04:00,432.1400146484375,433.75,424.260009765625,432.54998779296875,294900,0.0,0.0
2023-08-22 00:00:00-04:00,433.0,439.1099853515625,433.0,436.32000732421875,316500,0.0,0.0
2023-08-23 00:00:00-04:00,436.17999267578125,443.79998779296875,434.3999938964844,442.25,268000,0.0,0.0
2023-08-24 00:00:00-04:00,440.07000732421875,444.9800109863281,437.07000732421875,437.4599914550781,204100,0.0,0.0
2023-08-25 00:00:00-04:00,437.9100036621094,442.30999755859375,431.989990234375,437.239990234375,327800,0.0,0.0
2023-08-28 00:00:00-04:00,438.7900085449219,444.0400085449219,437.3599853515625,439.0899963378906,213200,0.0,0.0
2023-08-29 00:00:00-04:00,438.20001220703125,446.3999938964844,434.6000061035156,445.7900085449219,241400,0.0,0.0
2023-08-30 00:00:00-04:00,445.510009765625,451.55999755859375,444.55999755859375,446.0299987792969,283500,0.0,0.0
2023-08-31 00:00:00-04:00,446.0299987792969,449.260009765625,445.0899963378906,446.4100036621094,308500,0.0,0.0
2023-09-01 00:00:00-04:00,448.8699951171875,461.3500061035156,447.42999267578125,457.3900146484375,387100,0.0,0.0
2023-09-05 00:00:00-04:00,454.7200012207031,456.67999267578125,437.7699890136719,441.67999267578125,407000,0.0,0.0
2023-09-06 00:00:00-04:00,441.42999267578125,443.6000061035156,431.55999755859375,438.6600036621094,412000,0.0,0.0
2023-09-07 00:00:00-04:00,435.75,438.6600036621094,431.260009765625,437.7099914550781,349600,0.0,0.0
2023-09-08 00:00:00-04:00,436.6199951171875,442.55999755859375,435.9100036621094,438.0899963378906,266800,0.0,0.0
2023-09-11 00:00:00-04:00,441.7099914550781,441.82000732421875,434.5,439.07000732421875,228900,0.0,0.0
2023-09-12 00:00:00-04:00,436.0899963378906,439.2900085449219,432.6000061035156,437.3599853515625,233000,0.0,0.0
2023-09-13 00:00:00-04:00,435.7699890136719,436.760009765625,428.8699951171875,434.0400085449219,326400,0.0,0.0
2023-09-14 00:00:00-04:00,437.1400146484375,438.1400146484375,429.04998779296875,435.79998779296875,340200,0.0,0.0
2023-09-15 00:00:00-04:00,433.3699951171875,433.3699951171875,421.04998779296875,425.1300048828125,998400,0.0,0.0
2023-09-18 00:00:00-04:00,425.6499938964844,430.489990234375,421.489990234375,428.0400085449219,390800,0.0,0.0
2023-09-19 00:00:00-04:00,426.92999267578125,426.92999267578125,417.7799987792969,422.7300109863281,439900,0.0,0.0
2023-09-20 00:00:00-04:00,425.1300048828125,426.0899963378906,418.67999267578125,420.9100036621094,388600,0.0,0.0
2023-09-21 00:00:00-04:00,418.8500061035156,418.8500061035156,404.739990234375,406.55999755859375,557500,0.0,0.0
2023-09-22 00:00:00-04:00,405.4200134277344,408.1700134277344,404.0,406.3800048828125,623700,0.0,0.0
2023-09-25 00:00:00-04:00,405.7699890136719,410.9100036621094,403.1600036621094,410.1600036621094,440700,0.0,0.0
2023-09-26 00:00:00-04:00,408.260009765625,414.1300048828125,406.5299987792969,407.260009765625,635100,0.0,0.0
2023-09-27 00:00:00-04:00,410.0,412.05999755859375,405.2300109863281,409.95001220703125,408000,0.0,0.0
2023-09-28 00:00:00-04:00,409.42999267578125,420.489990234375,409.42999267578125,414.5199890136719,221400,0.0,0.0
2023-09-29 00:00:00-04:00,417.9800109863281,418.5,408.1300048828125,410.4800109863281,392000,0.0,0.0
2023-10-02 00:00:00-04:00,409.3599853515625,415.67999267578125,403.57000732421875,405.70001220703125,474000,0.0,0.0
2023-10-03 00:00:00-04:00,402.4200134277344,410.1099853515625,401.989990234375,404.3500061035156,437600,0.0,0.0
2023-10-04 00:00:00-04:00,409.2900085449219,421.69000244140625,405.3299865722656,418.9200134277344,607900,0.0,0.0
2023-10-05 00:00:00-04:00,417.4800109863281,424.42999267578125,417.4800109863281,420.25,438400,0.0,0.0
2023-10-06 00:00:00-04:00,419.4200134277344,436.6499938964844,417.92999267578125,432.70001220703125,627400,0.0,0.0
2023-10-09 00:00:00-04:00,428.510009765625,429.9599914550781,424.5,426.4700012207031,358100,0.0,0.0
2023-10-10 00:00:00-04:00,427.45001220703125,433.2900085449219,425.2799987792969,427.760009765625,334300,0.0,0.0
2023-10-11 00:00:00-04:00,427.80999755859375,437.4599914550781,427.739990234375,436.69000244140625,258600,0.0,0.0
2023-10-12 00:00:00-04:00,436.8500061035156,437.8999938964844,424.5899963378906,430.3299865722656,322200,0.0,0.0
2023-10-13 00:00:00-04:00,432.7799987792969,435.7300109863281,424.2799987792969,426.19000244140625,236800,0.0,0.0
2023-10-16 00:00:00-04:00,431.29998779296875,434.7099914550781,428.82000732421875,431.6600036621094,256700,0.0,0.0
2023-10-17 00:00:00-04:00,430.17999267578125,438.2099914550781,429.5,437.0799865722656,260000,0.0,0.0
2023-10-18 00:00:00-04:00,432.3800048828125,432.3800048828125,413.94000244140625,414.30999755859375,313600,0.0,0.0
2023-10-19 00:00:00-04:00,415.7300109863281,421.25,409.8500061035156,410.7200012207031,317800,0.0,0.0
2023-10-20 00:00:00-04:00,409.57000732421875,412.0199890136719,405.30999755859375,409.75,343400,0.0,0.0
2023-10-23 00:00:00-04:00,407.6099853515625,417.6300048828125,406.1000061035156,412.70001220703125,400300,0.0,0.0
2023-10-24 00:00:00-04:00,420.75,421.1300048828125,413.6600036621094,416.4200134277344,276500,0.0,0.0
2023-10-25 00:00:00-04:00,413.4599914550781,417.6499938964844,409.8399963378906,410.3399963378906,306800,0.0,0.0
2023-10-26 00:00:00-04:00,409.9100036621094,409.9100036621094,391.7900085449219,397.8599853515625,680500,0.0,0.0
2023-10-27 00:00:00-04:00,398.6199951171875,400.9800109863281,389.8999938964844,399.0299987792969,410400,0.0,0.0
2023-10-30 00:00:00-04:00,399.8299865722656,407.2699890136719,398.5899963378906,405.1000061035156,369600,0.0,0.0
2023-10-31 00:00:00-04:00,404.92999267578125,412.75,404.92999267578125,408.94000244140625,387800,0.0,0.0
2023-11-01 00:00:00-04:00,417.0,440.5400085449219,415.1300048828125,439.1700134277344,822800,0.0,0.0
2023-11-02 00:00:00-04:00,441.1600036621094,449.2799987792969,438.5299987792969,440.739990234375,525600,0.0,0.0
2023-11-03 00:00:00-04:00,448.989990234375,449.5899963378906,441.1000061035156,442.8800048828125,282200,0.0,0.0
2023-11-06 00:00:00-05:00,443.9599914550781,443.9599914550781,438.8900146484375,441.7200012207031,248900,0.0,0.0
2023-11-07 00:00:00-05:00,443.0299987792969,445.7200012207031,439.3699951171875,444.32000732421875,241700,0.0,0.0
2023-11-08 00:00:00-05:00,447.6099853515625,452.9599914550781,444.1400146484375,451.8599853515625,475400,0.0,0.0
2023-11-09 00:00:00-05:00,454.510009765625,457.3999938964844,450.6499938964844,451.04998779296875,392900,0.0,0.0
2023-11-10 00:00:00-05:00,454.5299987792969,454.5299987792969,448.7300109863281,453.8699951171875,350100,0.0,0.0
2023-11-13 00:00:00-05:00,451.6700134277344,454.739990234375,451.45001220703125,451.8599853515625,178000,0.0,0.0
2023-11-14 00:00:00-05:00,456.6099853515625,468.5,456.6099853515625,464.55999755859375,331000,0.0,0.0
2023-11-15 00:00:00-05:00,465.0,466.989990234375,452.95001220703125,454.8800048828125,433200,0.0,0.0
2023-11-16 00:00:00-05:00,455.8999938964844,460.4100036621094,454.8999938964844,460.010009765625,305500,0.0,0.0
2023-11-17 00:00:00-05:00,461.92999267578125,465.70001220703125,457.94000244140625,462.05999755859375,282800,0.0,0.0
2023-11-20 00:00:00-05:00,459.7300109863281,459.7300109863281,451.3699951171875,455.2099914550781,353200,0.0,0.0
2023-11-21 00:00:00-05:00,468.6300048828125,472.0899963378906,458.1400146484375,458.1400146484375,493300,0.0,0.0
2023-11-22 00:00:00-05:00,461.0,465.7799987792969,460.6400146484375,462.79998779296875,389900,0.0,0.0
2023-11-24 00:00:00-05:00,461.8299865722656,463.6199951171875,461.19000244140625,462.0,107300,0.0,0.0
2023-11-27 00:00:00-05:00,460.0,467.1000061035156,458.2200012207031,465.6199951171875,336700,0.0,0.0
2023-11-28 00:00:00-05:00,465.8299865722656,466.8900146484375,458.44000244140625,460.0,270200,0.0,0.0
2023-11-29 00:00:00-05:00,463.5299987792969,467.0,462.42999267578125,462.7300109863281,254300,0.0,0.0
2023-11-30 00:00:00-05:00,461.95001220703125,465.3800048828125,457.0,464.5899963378906,455400,0.0,0.0
2023-12-01 00:00:00-05:00,465.5299987792969,470.5400085449219,464.8999938964844,467.3500061035156,413700,0.0,0.0
2023-12-04 00:00:00-05:00,465.3500061035156,468.7099914550781,461.760009765625,464.2300109863281,451700,0.0,0.0
2023-12-05 00:00:00-05:00,460.9800109863281,463.4200134277344,456.8299865722656,459.25,334400,0.0,0.0
2023-12-06 00:00:00-05:00,462.9100036621094,467.6000061035156,459.4100036621094,460.4800109863281,238100,0.0,0.0
2023-12-07 00:00:00-05:00,461.510009765625,465.7699890136719,458.5799865722656,465.3299865722656,222000,0.0,0.0
2023-12-08 00:00:00-05:00,463.5400085449219,469.6700134277344,463.5400085449219,469.3900146484375,254600,0.0,0.0
2023-12-11 00:00:00-05:00,470.42999267578125,474.6300048828125,468.4800109863281,471.7699890136719,321300,0.0,0.0
2023-12-12 00:00:00-05:00,478.25,482.29998779296875,474.9200134277344,480.6600036621094,319800,0.0,0.0
2023-12-13 00:00:00-05:00,480.9100036621094,489.79998779296875,478.5299987792969,487.80999755859375,322100,0.0,0.0
2023-12-14 00:00:00-05:00,492.30999755859375,495.2699890136719,484.8900146484375,493.04998779296875,434200,0.0,0.0
2023-12-15 00:00:00-05:00,491.57000732421875,499.30999755859375,487.05999755859375,489.94000244140625,912500,0.0,0.0
2023-12-18 00:00:00-05:00,489.79998779296875,492.3599853515625,484.07000732421875,490.3900146484375,317600,0.0,0.0
2023-12-19 00:00:00-05:00,493.8999938964844,496.82000732421875,491.6600036621094,492.8500061035156,214800,0.0,0.0
2023-12-20 00:00:00-05:00,489.8500061035156,493.8999938964844,487.55999755859375,488.0199890136719,254800,0.0,0.0
2023-12-21 00:00:00-05:00,491.82000732421875,494.2900085449219,490.4800109863281,492.4800109863281,190300,0.0,0.0
2023-12-22 00:00:00-05:00,494.42999267578125,496.5400085449219,491.79998779296875,496.3800048828125,179800,0.0,0.0
2023-12-26 00:00:00-05:00,496.7799987792969,499.8800048828125,496.4599914550781,498.3599853515625,110600,0.0,0.0
2023-12-27 00:00:00-05:00,497.4100036621094,499.8900146484375,496.5899963378906,499.6199951171875,183100,0.0,0.0
2023-12-28 00:00:00-05:00,489.20001220703125,500.5400085449219,487.32000732421875,498.239990234375,233500,0.0,0.0
2023-12-29 00:00:00-05:00,498.6300048828125,500.9100036621094,497.2099914550781,498.9100036621094,191300,0.0,0.0
2024-01-02 00:00:00-05:00,494.1199951171875,495.7200012207031,487.0,491.0299987792969,343100,0.0,0.0
2024-01-03 00:00:00-05:00,486.8999938964844,487.07000732421875,479.6700134277344,482.0,460200,0.0,0.0
2024-01-04 00:00:00-05:00,483.82000732421875,489.3999938964844,482.010009765625,486.07000732421875,333000,0.0,0.0
2024-01-05 00:00:00-05:00,484.5799865722656,491.0199890136719,484.5799865722656,486.79998779296875,254800,0.0,0.0
2024-01-08 00:00:00-05:00,488.05999755859375,496.69000244140625,485.30999755859375,496.6400146484375,237600,0.0,0.0
2024-01-09 00:00:00-05:00,492.7099914550781,497.7300109863281,488.29998779296875,497.32000732421875,219900,0.0,0.0
2024-01-10 00:00:00-05:00,497.2799987792969,500.94000244140625,495.5899963378906,499.94000244140625,241300,0.0,0.0
2024-01-11 00:00:00-05:00,499.3699951171875,499.3699951171875,492.4200134277344,497.3299865722656,256100,0.0,0.0
2024-01-12 00:00:00-05:00,497.29998779296875,500.1300048828125,494.0299987792969,495.8800048828125,230600,0.0,0.0
2024-01-16 00:00:00-05:00,496.1400146484375,498.8399963378906,492.17999267578125,495.8299865722656,279000,0.0,0.0
2024-01-17 00:00:00-05:00,492.25,496.489990234375,489.8999938964844,493.1000061035156,254500,0.0,0.0
2024-01-18 00:00:00-05:00,493.2900085449219,503.32000732421875,493.2900085449219,503.0,296700,0.0,0.0
2024-01-19 00:00:00-05:00,506.1099853515625,506.1099853515625,498.260009765625,505.4800109863281,287600,0.0,0.0
2024-01-22 00:00:00-05:00,507.6199951171875,510.80999755859375,503.6400146484375,508.0400085449219,216100,0.0,0.0
2024-01-23 00:00:00-05:00,506.67999267578125,506.67999267578125,497.07000732421875,500.3299865722656,223800,0.0,0.0
2024-01-24 00:00:00-05:00,503.7799987792969,503.7799987792969,494.6000061035156,494.67999267578125,201500,0.0,0.0
2024-01-25 00:00:00-05:00,501.1099853515625,505.2900085449219,498.3699951171875,504.82000732421875,196100,0.0,0.0
2024-01-26 00:00:00-05:00,504.2900085449219,505.4599914550781,500.29998779296875,501.6000061035156,173600,0.0,0.0
2024-01-29 00:00:00-05:00,501.7699890136719,513.3800048828125,500.3900146484375,513.1400146484375,287500,0.0,0.0
2024-01-30 00:00:00-05:00,510.57000732421875,520.2100219726562,510.57000732421875,517.5,242700,0.0,0.0
2024-01-31 00:00:00-05:00,515.030029296875,516.219970703125,507.239990234375,508.4200134277344,308600,0.0,0.0
2024-02-01 00:00:00-05:00,511.8500061035156,515.6400146484375,497.1099853515625,515.510009765625,416200,0.0,0.0
2024-02-02 00:00:00-05:00,509.239990234375,522.2100219726562,507.8299865722656,519.9099731445312,426900,0.0,0.0
2024-02-05 00:00:00-05:00,514.719970703125,514.719970703125,504.4200134277344,508.5299987792969,437600,0.0,0.0
2024-02-06 00:00:00-05:00,507.989990234375,515.5399780273438,504.489990234375,514.510009765625,411000,0.0,0.0
2024-02-07 00:00:00-05:00,519.7999877929688,527.6599731445312,518.4600219726562,524.47998046875,399300,0.0,0.0
2024-02-08 00:00:00-05:00,524.719970703125,526.4500122070312,518.6599731445312,525.4099731445312,374000,0.0,0.0
2024-02-09 00:00:00-05:00,523.6400146484375,527.1500244140625,522.0999755859375,527.1400146484375,320100,0.0,0.0
2024-02-12 00:00:00-05:00,533.989990234375,541.8099975585938,528.0,532.2999877929688,595300,0.0,0.0
2024-02-13 00:00:00-05:00,522.8800048828125,529.6099853515625,519.7000122070312,527.25,644100,0.0,0.0
2024-02-14 00:00:00-05:00,535.7000122070312,545.0499877929688,531.5,539.4600219726562,483800,0.0,0.0
2024-02-15 00:00:00-05:00,540.0,543.030029296875,530.4600219726562,535.6400146484375,430500,0.0,0.0
2024-02-16 00:00:00-05:00,535.0,550.7899780273438,535.0,539.8699951171875,648600,0.0,0.0
2024-02-20 00:00:00-05:00,535.1400146484375,538.9199829101562,528.1799926757812,533.1400146484375,339700,0.0,0.0
2024-02-21 00:00:00-05:00,533.219970703125,537.1900024414062,530.8200073242188,536.2999877929688,334300,0.0,0.0
2024-02-22 00:00:00-05:00,542.6799926757812,549.6799926757812,540.5599975585938,548.1599731445312,286000,0.0,0.0
2024-02-23 00:00:00-05:00,549.989990234375,550.8400268554688,545.0399780273438,548.6799926757812,344600,0.0,0.0
2024-02-26 00:00:00-05:00,549.0399780273438,557.2000122070312,549.0399780273438,553.3099975585938,258500,0.0,0.0
2024-02-27 00:00:00-05:00,553.8599853515625,559.2000122070312,551.760009765625,559.0800170898438,358600,0.0,0.0
2024-02-28 00:00:00-05:00,558.8300170898438,567.77001953125,558.8300170898438,566.0999755859375,494000,0.0,0.0
2024-02-29 00:00:00-05:00,570.0,580.7899780273438,567.0399780273438,577.7100219726562,854100,0.0,0.0
2024-03-01 00:00:00-05:00,577.5399780273438,590.02001953125,577.1699829101562,589.9500122070312,654300,0.0,0.0
2024-03-04 00:00:00-05:00,603.1199951171875,605.0,594.1599731445312,601.9000244140625,1051200,0.0,0.0
2024-03-05 00:00:00-05:00,598.2999877929688,610.72998046875,597.25,602.9000244140625,1040800,0.0,0.0
2024-03-06 00:00:00-05:00,605.280029296875,612.1099853515625,604.6900024414062,607.3499755859375,722700,0.0,0.0
2024-03-07 00:00:00-05:00,611.52001953125,617.0800170898438,609.5499877929688,611.9099731445312,554800,0.0,0.0
2024-03-08 00:00:00-05:00,609.8900146484375,612.0,594.4000244140625,596.8499755859375,797900,0.0,0.0
2024-03-11 00:00:00-04:00,596.4000244140625,597.7899780273438,590.4000244140625,595.7100219726562,452100,0.0,0.0
2024-03-12 00:00:00-04:00,597.030029296875,603.530029296875,595.760009765625,603.1599731445312,312600,0.0,0.0
2024-03-13 00:00:00-04:00,602.97998046875,608.9500122070312,600.8599853515625,604.9199829101562,295100,0.0,0.0
2024-03-14 00:00:00-04:00,602.760009765625,608.1900024414062,600.010009765625,606.5399780273438,411900,0.0,0.0
2024-03-15 00:00:00-04:00,599.4099731445312,608.530029296875,596.1099853515625,596.27001953125,620200,0.0,0.0
2024-03-18 00:00:00-04:00,597.3200073242188,602.5900268554688,596.4400024414062,596.760009765625,437100,0.0,0.0
2024-03-19 00:00:00-04:00,594.3900146484375,604.25,593.7100219726562,602.27001953125,352000,0.0,0.0
2024-03-20 00:00:00-04:00,601.739990234375,606.4199829101562,598.4299926757812,603.6400146484375,388000,0.0,0.0
2024-03-21 00:00:00-04:00,606.3099975585938,613.5599975585938,604.4600219726562,612.9500122070312,347800,0.0,0.0
2024-03-22 00:00:00-04:00,608.02001953125,608.1599731445312,603.0999755859375,607.1199951171875,362400,0.0,0.0
2024-03-25 00:00:00-04:00,607.6900024414062,608.1300048828125,602.0900268554688,604.8099975585938,325500,0.0,0.0
2024-03-26 00:00:00-04:00,605.4500122070312,610.5599975585938,604.0,610.0999755859375,327600,0.0,0.0
2024-03-27 00:00:00-04:00,614.22998046875,615.0,602.3499755859375,611.8599853515625,525000,0.0,0.0
2024-03-28 00:00:00-04:00,611.8200073242188,615.1099853515625,609.3599853515625,613.9400024414062,309900,0.0,0.0
2024-04-01 00:00:00-04:00,614.0,616.5,604.3699951171875,604.4199829101562,302500,0.0,0.0
2024-04-02 00:00:00-04:00,602.9099731445312,603.1799926757812,593.4199829101562,602.0800170898438,396600,0.0,0.0
2024-04-03 00:00:00-04:00,602.469970703125,612.8400268554688,602.469970703125,610.3800048828125,347800,0.0,0.0
2024-04-04 00:00:00-04:00,615.9000244140625,620.780029296875,603.969970703125,604.0900268554688,430600,0.0,0.0
2024-04-05 00:00:00-04:00,607.8200073242188,622.280029296875,604.52001953125,619.4099731445312,397300,0.0,0.0
2024-04-08 00:00:00-04:00,620.75,626.6699829101562,618.260009765625,621.530029296875,438500,0.0,0.0
2024-04-09 00:00:00-04:00,621.8699951171875,621.8699951171875,603.3599853515625,610.6300048828125,457500,0.0,0.0
2024-04-10 00:00:00-04:00,594.8900146484375,611.02001953125,587.6699829101562,606.5499877929688,386000,0.0,0.0
2024-04-11 00:00:00-04:00,605.260009765625,611.239990234375,603.9099731445312,607.0800170898438,283600,0.0,0.0
2024-04-12 00:00:00-04:00,601.8099975585938,606.780029296875,600.1599731445312,602.1099853515625,239100,0.0,0.0
2024-04-15 00:00:00-04:00,614.1799926757812,619.489990234375,597.8400268554688,599.239990234375,442800,0.0,0.0
2024-04-16 00:00:00-04:00,601.6799926757812,601.9000244140625,591.969970703125,595.239990234375,344100,0.0,0.0
2024-04-17 00:00:00-04:00,596.6599731445312,600.0499877929688,590.4400024414062,592.9199829101562,494700,0.0,0.0
2024-04-18 00:00:00-04:00,596.9500122070312,596.9500122070312,581.8400268554688,587.1300048828125,541600,0.0,0.0
2024-04-19 00:00:00-04:00,589.7999877929688,594.4000244140625,572.5700073242188,575.8900146484375,1077000,0.0,0.0
2024-04-22 00:00:00-04:00,577.77001953125,588.9299926757812,574.8900146484375,584.3200073242188,336800,0.0,0.0
2024-04-23 00:00:00-04:00,585.5999755859375,597.22998046875,584.9099731445312,594.3900146484375,300000,0.0,0.0
2024-04-24 00:00:00-04:00,592.72998046875,598.6500244140625,585.1400146484375,591.8200073242188,331800,0.0,0.0
2024-04-25 00:00:00-04:00,584.469970703125,600.4099731445312,578.4500122070312,597.0700073242188,408300,0.0,0.0
2024-04-26 00:00:00-04:00,598.7899780273438,606.4000244140625,598.7899780273438,604.989990234375,386200,0.0,0.0
2024-04-29 00:00:00-04:00,605.9400024414062,607.989990234375,598.7999877929688,602.6400146484375,517000,0.0,0.0
2024-04-30 00:00:00-04:00,600.2000122070312,606.4199829101562,582.239990234375,587.0700073242188,821900,0.0,0.0
2024-05-01 00:00:00-04:00,586.72998046875,603.3800048828125,576.4000244140625,590.8599853515625,649200,0.0,0.0
2024-05-02 00:00:00-04:00,591.8900146484375,595.7100219726562,580.5399780273438,589.9600219726562,593600,0.0,0.0
2024-05-03 00:00:00-04:00,595.510009765625,598.6599731445312,588.239990234375,591.030029296875,492000,0.0,0.0
2024-05-06 00:00:00-04:00,597.02001953125,602.6199951171875,594.030029296875,599.7899780273438,361300,0.0,0.0
2024-05-07 00:00:00-04:00,600.5900268554688,604.4600219726562,595.5800170898438,598.8099975585938,339100,0.0,0.0
2024-05-08 00:00:00-04:00,597.6599731445312,599.9600219726562,594.469970703125,596.6400146484375,284600,0.0,0.0
2024-05-09 00:00:00-04:00,598.1300048828125,604.0,595.6300048828125,603.2000122070312,269200,0.0,0.0
2024-05-10 00:00:00-04:00,606.5900268554688,613.5700073242188,605.8599853515625,610.4299926757812,339400,0.0,0.0
2024-05-13 00:00:00-04:00,612.77001953125,613.260009765625,605.3099975585938,608.0499877929688,321800,0.0,0.0
2024-05-14 00:00:00-04:00,607.469970703125,608.77001953125,602.8800048828125,606.1300048828125,346300,0.0,0.0
2024-05-15 00:00:00-04:00,610.0399780273438,615.969970703125,608.1699829101562,612.6799926757812,333800,0.0,0.0
2024-05-16 00:00:00-04:00,611.3800048828125,611.3800048828125,580.5,581.6900024414062,722200,0.0,0.0
2024-05-17 00:00:00-04:00,583.47998046875,586.4000244140625,578.5399780273438,580.75,407100,0.0,0.0
2024-05-20 00:00:00-04:00,580.75,584.0499877929688,575.6900024414062,583.0999755859375,392900,0.0,0.0
2024-05-21 00:00:00-04:00,577.97998046875,581.9600219726562,568.4500122070312,581.3099975585938,400100,0.0,0.0
2024-05-22 00:00:00-04:00,579.0499877929688,579.0499877929688,568.3200073242188,573.25,359500,0.0,0.0
2024-05-23 00:00:00-04:00,577.22998046875,578.0800170898438,567.1300048828125,573.4600219726562,473400,0.0,0.0
2024-05-24 00:00:00-04:00,573.7100219726562,579.8699951171875,569.97998046875,579.1599731445312,283400,0.0,0.0
2024-05-28 00:00:00-04:00,579.7000122070312,580.1099853515625,566.5900268554688,570.3200073242188,319500,0.0,0.0
2024-05-29 00:00:00-04:00,566.760009765625,568.5,562.3599853515625,563.8200073242188,327600,0.0,0.0
2024-05-30 00:00:00-04:00,563.4400024414062,568.780029296875,560.5900268554688,567.1300048828125,284800,0.0,0.0
2024-05-31 00:00:00-04:00,565.97998046875,572.4299926757812,544.8800048828125,572.0800170898438,821300,0.0,0.0
2024-06-03 00:00:00-04:00,571.3400268554688,571.3400268554688,550.3300170898438,563.4099731445312,449900,0.0,0.0
2024-06-04 00:00:00-04:00,562.8099975585938,563.4199829101562,550.0800170898438,555.7999877929688,394800,0.0,0.0
2024-06-05 00:00:00-04:00,559.010009765625,559.3699951171875,552.6799926757812,558.8800048828125,382500,0.0,0.0
2024-06-06 00:00:00-04:00,558.7999877929688,558.7999877929688,548.8800048828125,551.280029296875,452200,0.0,0.0
2024-06-07 00:00:00-04:00,550.010009765625,555.6400146484375,548.02001953125,550.8699951171875,430500,0.0,0.0
2024-06-10 00:00:00-04:00,547.5399780273438,555.5499877929688,547.5399780273438,552.3400268554688,323600,0.0,0.0
2024-06-11 00:00:00-04:00,550.0499877929688,551.469970703125,543.989990234375,545.9299926757812,332400,0.0,0.0
2024-06-12 00:00:00-04:00,557.030029296875,565.6900024414062,552.3400268554688,556.780029296875,436900,0.0,0.0
2024-06-13 00:00:00-04:00,553.0900268554688,569.719970703125,553.0900268554688,567.7999877929688,421400,0.0,0.0
2024-06-14 00:00:00-04:00,561.9099731445312,566.9299926757812,557.1900024414062,566.8499755859375,372400,0.0,0.0
2024-06-17 00:00:00-04:00,564.8499755859375,575.5599975585938,562.969970703125,573.9000244140625,310500,0.0,0.0
2024-06-18 00:00:00-04:00,569.1500244140625,572.52001953125,557.2000122070312,558.6199951171875,679600,0.0,0.0
2024-06-20 00:00:00-04:00,556.239990234375,556.239990234375,533.22998046875,540.47998046875,542100,0.0,0.0
2024-06-21 00:00:00-04:00,538.5900268554688,544.780029296875,533.260009765625,544.1300048828125,723700,0.0,0.0
2024-06-24 00:00:00-04:00,543.1900024414062,549.7000122070312,539.9600219726562,541.1699829101562,390400,0.0,0.0
2024-06-25 00:00:00-04:00,536.22998046875,539.0499877929688,527.239990234375,534.989990234375,647300,0.0,0.0
2024-06-26 00:00:00-04:00,531.260009765625,536.9400024414062,529.0599975585938,535.6799926757812,482400,0.0,0.0
2024-06-27 00:00:00-04:00,537.0,544.4500122070312,535.6799926757812,538.2899780273438,457500,0.0,0.0
2024-06-28 00:00:00-04:00,540.1799926757812,547.5900268554688,537.5399780273438,541.7999877929688,616200,0.0,0.0
2024-07-01 00:00:00-04:00,544.6099853515625,544.6099853515625,526.0999755859375,532.0499877929688,483500,0.0,0.0
2024-07-02 00:00:00-04:00,528.4500122070312,534.8400268554688,525.6900024414062,534.8300170898438,451200,0.0,0.0
2024-07-03 00:00:00-04:00,536.530029296875,539.1099853515625,528.3200073242188,533.3200073242188,186600,0.0,0.0
2024-07-05 00:00:00-04:00,532.7100219726562,537.4000244140625,527.0999755859375,536.739990234375,430100,0.0,0.0
2024-07-08 00:00:00-04:00,538.9600219726562,542.1500244140625,529.4600219726562,529.97998046875,819800,0.0,0.0
2024-07-09 00:00:00-04:00,530.969970703125,534.3800048828125,526.510009765625,530.6699829101562,853200,0.0,0.0
2024-07-10 00:00:00-04:00,533.6199951171875,546.3499755859375,529.510009765625,545.1199951171875,512800,0.0,0.0
2024-07-11 00:00:00-04:00,541.3599853515625,556.8900146484375,541.3599853515625,555.75,777900,0.0,0.0
2024-07-12 00:00:00-04:00,557.4099731445312,564.75,553.6599731445312,554.52001953125,419500,0.0,0.0
2024-07-15 00:00:00-04:00,557.97998046875,562.25,553.4400024414062,556.5700073242188,368500,0.0,0.0
2024-07-16 00:00:00-04:00,559.1799926757812,579.0499877929688,558.6199951171875,577.4600219726562,492200,0.0,0.0
2024-07-17 00:00:00-04:00,572.8499755859375,573.3599853515625,563.3800048828125,564.3499755859375,402500,0.0,0.0
2024-07-18 00:00:00-04:00,563.0700073242188,572.5999755859375,558.989990234375,564.0599975585938,348900,0.0,0.0
2024-07-19 00:00:00-04:00,566.0399780273438,566.5900268554688,555.510009765625,559.0800170898438,894300,0.0,0.0
2024-07-22 00:00:00-04:00,562.010009765625,569.9099731445312,560.6300048828125,567.739990234375,506600,0.0,0.0
2024-07-23 00:00:00-04:00,566.6400146484375,571.239990234375,564.489990234375,565.0700073242188,433200,0.0,0.0
2024-07-24 00:00:00-04:00,561.6199951171875,563.6900024414062,537.5700073242188,537.8300170898438,615900,0.0,0.0
2024-07-25 00:00:00-04:00,540.530029296875,559.3599853515625,539.4500122070312,547.0399780273438,647300,0.0,0.0
2024-07-26 00:00:00-04:00,554.2999877929688,572.97998046875,547.0999755859375,565.6199951171875,379200,0.0,0.0
2024-07-29 00:00:00-04:00,566.760009765625,579.530029296875,562.8200073242188,576.8499755859375,509500,0.0,0.0
2024-07-30 00:00:00-04:00,589.5,595.7899780273438,579.72998046875,585.02001953125,479800,0.0,0.0
2024-07-31 00:00:00-04:00,590.0,603.3200073242188,582.219970703125,593.3499755859375,563900,0.0,0.0
2024-08-01 00:00:00-04:00,593.0700073242188,594.9500122070312,579.3499755859375,584.8900146484375,463200,0.0,0.0
2024-08-02 00:00:00-04:00,576.9600219726562,578.0,560.47998046875,568.25,402900,0.0,0.0
2024-08-05 00:00:00-04:00,552.0,562.8499755859375,541.7999877929688,552.3599853515625,470000,0.0,0.0
2024-08-06 00:00:00-04:00,538.530029296875,555.1799926757812,531.7899780273438,544.8400268554688,653300,0.0,0.0
2024-08-07 00:00:00-04:00,550.9199829101562,554.9000244140625,537.5499877929688,538.2899780273438,588000,0.0,0.0
2024-08-08 00:00:00-04:00,540.3699951171875,549.72998046875,527.739990234375,538.97998046875,829700,0.0,0.0
2024-08-09 00:00:00-04:00,536.6099853515625,541.1300048828125,523.280029296875,533.5499877929688,666000,0.0,0.0
2024-08-12 00:00:00-04:00,532.5,533.760009765625,521.989990234375,525.1099853515625,613900,0.0,0.0
2024-08-13 00:00:00-04:00,528.3599853515625,533.0399780273438,522.7100219726562,527.0499877929688,453300,0.0,0.0
2024-08-14 00:00:00-04:00,531.2999877929688,535.2899780273438,523.8300170898438,525.4500122070312,386100,0.0,0.0
2024-08-15 00:00:00-04:00,533.7100219726562,542.7899780273438,526.52001953125,539.7999877929688,435600,0.0,0.0
2024-08-16 00:00:00-04:00,542.010009765625,542.219970703125,533.0599975585938,534.9299926757812,537200,0.0,0.0
2024-08-19 00:00:00-04:00,536.1900024414062,536.3099975585938,528.2000122070312,534.510009765625,340100,0.0,0.0
2024-08-20 00:00:00-04:00,536.7000122070312,540.1500244140625,533.5,536.4000244140625,327900,0.0,0.0
2024-08-21 00:00:00-04:00,541.0,544.3499755859375,537.719970703125,539.7000122070312,277000,0.0,0.0
2024-08-22 00:00:00-04:00,541.02001953125,545.4500122070312,535.760009765625,542.22998046875,333900,0.0,0.0
2024-08-23 00:00:00-04:00,546.5399780273438,563.5499877929688,544.989990234375,556.9199829101562,444500,0.0,0.0
2024-08-26 00:00:00-04:00,560.0,564.2100219726562,541.7100219726562,543.4400024414062,442100,0.0,0.0
2024-08-27 00:00:00-04:00,540.2000122070312,540.2000122070312,513.52001953125,518.5700073242188,773900,0.0,0.0
2024-08-28 00:00:00-04:00,520.0,522.2100219726562,513.0,514.22998046875,542100,0.0,0.0
2024-08-29 00:00:00-04:00,516.3800048828125,527.3699951171875,516.3800048828125,523.989990234375,462200,0.0,0.0
2024-08-30 00:00:00-04:00,526.4600219726562,536.3599853515625,523.0900268554688,534.1599731445312,538800,0.0,0.0
2024-09-03 00:00:00-04:00,528.5,531.8599853515625,517.4500122070312,519.4500122070312,510000,0.0,0.0
2024-09-04 00:00:00-04:00,523.0,523.2899780273438,503.739990234375,511.260009765625,795800,0.0,0.0
2024-09-05 00:00:00-04:00,509.8299865722656,512.5399780273438,501.010009765625,506.07000732421875,509900,0.0,0.0
2024-09-06 00:00:00-04:00,509.6199951171875,514.7100219726562,501.9800109863281,502.4800109863281,457800,0.0,0.0
2024-09-09 00:00:00-04:00,505.94000244140625,509.95001220703125,502.6600036621094,506.17999267578125,374200,0.0,0.0
2024-09-10 00:00:00-04:00,509.25,511.5299987792969,501.1099853515625,507.20001220703125,319500,0.0,0.0
2024-09-11 00:00:00-04:00,505.45001220703125,508.9100036621094,490.04998779296875,507.7900085449219,443400,0.0,0.0
2024-09-12 00:00:00-04:00,509.3999938964844,517.25,507.5,515.3300170898438,312100,0.0,0.0
2024-09-13 00:00:00-04:00,515.1300048828125,523.3400268554688,513.4400024414062,520.6799926757812,427600,0.0,0.0
2024-09-16 00:00:00-04:00,522.7000122070312,532.219970703125,520.1199951171875,529.780029296875,353600,0.0,0.0
2024-09-17 00:00:00-04:00,531.9500122070312,537.0599975585938,527.4099731445312,534.0399780273438,366100,0.0,0.0
2024-09-18 00:00:00-04:00,538.0,543.27001953125,530.0999755859375,534.010009765625,450300,0.0,0.0
2024-09-19 00:00:00-04:00,548.0900268554688,550.52001953125,537.489990234375,548.7100219726562,395500,0.0,0.0
2024-09-20 00:00:00-04:00,553.9000244140625,555.8800048828125,543.8699951171875,546.2899780273438,916000,0.0,0.0
2024-09-23 00:00:00-04:00,545.7000122070312,548.0900268554688,536.4400024414062,545.4000244140625,402700,0.0,0.0
2024-09-24 00:00:00-04:00,545.75,548.2000122070312,530.8499755859375,535.9199829101562,469000,0.0,0.0
2024-09-25 00:00:00-04:00,540.8800048828125,543.6900024414062,532.3699951171875,536.010009765625,401400,0.0,0.0
2024-09-26 00:00:00-04:00,545.3099975585938,555.8400268554688,538.3900146484375,539.6500244140625,491600,0.0,0.0
2024-09-27 00:00:00-04:00,538.260009765625,544.2000122070312,533.530029296875,539.1099853515625,416300,0.0,0.0
2024-09-30 00:00:00-04:00,536.3499755859375,539.8099975585938,529.2000122070312,538.25,550000,0.0,0.0
2024-10-01 00:00:00-04:00,536.2999877929688,538.1799926757812,527.3200073242188,534.97998046875,426500,0.0,0.0
2024-10-02 00:00:00-04:00,529.8599853515625,532.469970703125,518.27001953125,521.0499877929688,624700,0.0,0.0
2024-10-03 00:00:00-04:00,522.0999755859375,524.4199829101562,515.7000122070312,521.22998046875,427600,0.0,0.0
2024-10-04 00:00:00-04:00,526.3599853515625,528.9099731445312,518.7899780273438,524.1099853515625,303700,0.0,0.0
2024-10-07 00:00:00-04:00,520.0,521.989990234375,515.9000244140625,518.6500244140625,363100,0.0,0.0
2024-10-08 00:00:00-04:00,521.739990234375,524.9299926757812,516.280029296875,523.989990234375,345600,0.0,0.0
2024-10-09 00:00:00-04:00,523.989990234375,534.22998046875,521.0,531.1599731445312,281600,0.0,0.0
2024-10-10 00:00:00-04:00,526.1699829101562,539.7000122070312,523.0,534.52001953125,291800,0.0,0.0
2024-10-11 00:00:00-04:00,532.780029296875,545.969970703125,532.780029296875,544.9000244140625,270700,0.0,0.0
2024-10-14 00:00:00-04:00,543.989990234375,553.0900268554688,542.0,552.3499755859375,330700,0.0,0.0
2024-10-15 00:00:00-04:00,554.7100219726562,572.6500244140625,554.7100219726562,561.8900146484375,414300,0.0,0.0
2024-10-16 00:00:00-04:00,562.0599975585938,571.469970703125,558.239990234375,570.9000244140625,439700,0.0,0.0
2024-10-17 00:00:00-04:00,574.469970703125,578.9299926757812,569.7999877929688,573.4500122070312,435100,0.0,0.0
2024-10-18 00:00:00-04:00,575.5399780273438,582.64501953125,567.4099731445312,581.0,251745,0.0,0.0
