Date,Open,High,Low,Close,Volume,Dividends,Stock Splits
2020-09-04 00:00:00-04:00,10.0,10.0,9.949999809265137,10.0,11500,0.0,0.0
2020-09-08 00:00:00-04:00,10.270000457763672,10.270000457763672,9.914999961853027,9.949999809265137,82500,0.0,0.0
2020-09-09 00:00:00-04:00,10.0,10.010000228881836,9.90999984741211,9.989999771118164,1775600,0.0,0.0
2020-09-10 00:00:00-04:00,10.0,10.024999618530273,9.836000442504883,9.960000038146973,1758500,0.0,0.0
2020-09-11 00:00:00-04:00,10.050000190734863,10.100000381469727,9.920000076293945,9.960000038146973,47600,0.0,0.0
2020-09-14 00:00:00-04:00,10.050000190734863,10.100000381469727,9.949999809265137,10.0,49200,0.0,0.0
2020-09-15 00:00:00-04:00,9.984999656677246,10.0,9.904999732971191,9.970000267028809,71700,0.0,0.0
2020-09-16 00:00:00-04:00,9.970000267028809,10.010000228881836,9.92300033569336,9.975000381469727,50100,0.0,0.0
2020-09-17 00:00:00-04:00,10.479999542236328,10.479999542236328,9.930000305175781,9.930000305175781,71700,0.0,0.0
2020-09-18 00:00:00-04:00,10.0,10.0,9.930000305175781,9.949999809265137,357800,0.0,0.0
2020-09-21 00:00:00-04:00,9.930000305175781,10.079999923706055,9.930000305175781,9.949999809265137,618900,0.0,0.0
2020-09-22 00:00:00-04:00,10.039999961853027,10.039999961853027,9.90999984741211,9.920000076293945,69700,0.0,0.0
2020-09-23 00:00:00-04:00,9.930999755859375,9.949999809265137,9.920000076293945,9.949999809265137,48800,0.0,0.0
2020-09-24 00:00:00-04:00,9.930000305175781,9.9350004196167,9.869999885559082,9.869999885559082,80000,0.0,0.0
2020-09-25 00:00:00-04:00,9.970000267028809,9.970000267028809,9.869999885559082,9.880000114440918,367100,0.0,0.0
2020-09-28 00:00:00-04:00,10.050000190734863,10.057999610900879,9.90999984741211,9.949999809265137,265300,0.0,0.0
2020-09-29 00:00:00-04:00,10.029999732971191,10.029999732971191,9.90999984741211,9.9399995803833,92600,0.0,0.0
2020-09-30 00:00:00-04:00,10.0,10.0,9.920000076293945,9.9399995803833,61200,0.0,0.0
2020-10-01 00:00:00-04:00,9.949999809265137,9.979999542236328,9.899999618530273,9.9399995803833,2674000,0.0,0.0
2020-10-02 00:00:00-04:00,9.890000343322754,9.949999809265137,9.880000114440918,9.949999809265137,80300,0.0,0.0
2020-10-05 00:00:00-04:00,9.949999809265137,9.949999809265137,9.824999809265137,9.864999771118164,825000,0.0,0.0
2020-10-06 00:00:00-04:00,9.84000015258789,9.899999618530273,9.760000228881836,9.779999732971191,884200,0.0,0.0
2020-10-07 00:00:00-04:00,9.779999732971191,9.84000015258789,9.75,9.800000190734863,239000,0.0,0.0
2020-10-08 00:00:00-04:00,9.850000381469727,9.850000381469727,9.770000457763672,9.78499984741211,127300,0.0,0.0
2020-10-09 00:00:00-04:00,9.8100004196167,9.8100004196167,9.760000228881836,9.770000457763672,354000,0.0,0.0
2020-10-12 00:00:00-04:00,9.800000190734863,9.989999771118164,9.789999961853027,9.800000190734863,179400,0.0,0.0
2020-10-13 00:00:00-04:00,9.822999954223633,9.90999984741211,9.770000457763672,9.800000190734863,46900,0.0,0.0
2020-10-14 00:00:00-04:00,9.850000381469727,9.890000343322754,9.800000190734863,9.800000190734863,334400,0.0,0.0
2020-10-15 00:00:00-04:00,9.850000381469727,9.850000381469727,9.720000267028809,9.789999961853027,331900,0.0,0.0
2020-10-16 00:00:00-04:00,9.75,9.789999961853027,9.75,9.779999732971191,7200,0.0,0.0
2020-10-19 00:00:00-04:00,9.770000457763672,9.805000305175781,9.765000343322754,9.800000190734863,261400,0.0,0.0
2020-10-20 00:00:00-04:00,9.789999961853027,9.800000190734863,9.699999809265137,9.800000190734863,25000,0.0,0.0
2020-10-21 00:00:00-04:00,9.800000190734863,9.800000190734863,9.739999771118164,9.75,674500,0.0,0.0
2020-10-22 00:00:00-04:00,9.760000228881836,9.779999732971191,9.699999809265137,9.779999732971191,361200,0.0,0.0
2020-10-23 00:00:00-04:00,9.729999542236328,9.779999732971191,9.699999809265137,9.710000038146973,160400,0.0,0.0
2020-10-26 00:00:00-04:00,9.760000228881836,9.760000228881836,9.670000076293945,9.6899995803833,147800,0.0,0.0
2020-10-27 00:00:00-04:00,9.739999771118164,9.739999771118164,9.680000305175781,9.6850004196167,601900,0.0,0.0
2020-10-28 00:00:00-04:00,9.670000076293945,9.6899995803833,9.574999809265137,9.619999885559082,590500,0.0,0.0
2020-10-29 00:00:00-04:00,9.619999885559082,9.656999588012695,9.595000267028809,9.649999618530273,611900,0.0,0.0
2020-10-30 00:00:00-04:00,9.600000381469727,9.6899995803833,9.579999923706055,9.647000312805176,153100,0.0,0.0
2020-11-02 00:00:00-05:00,9.640000343322754,9.6899995803833,9.607999801635742,9.6899995803833,429800,0.0,0.0
2020-11-03 00:00:00-05:00,9.609999656677246,9.760000228881836,9.600000381469727,9.710000038146973,725000,0.0,0.0
2020-11-04 00:00:00-05:00,9.640000343322754,9.75,9.640000343322754,9.720000267028809,120200,0.0,0.0
2020-11-05 00:00:00-05:00,9.734999656677246,9.779999732971191,9.699999809265137,9.779999732971191,33500,0.0,0.0
2020-11-06 00:00:00-05:00,9.779999732971191,9.779999732971191,9.720000267028809,9.720000267028809,11100,0.0,0.0
2020-11-09 00:00:00-05:00,9.739999771118164,9.760000228881836,9.720000267028809,9.739999771118164,144700,0.0,0.0
2020-11-10 00:00:00-05:00,9.75,9.75,9.720000267028809,9.75,25500,0.0,0.0
2020-11-11 00:00:00-05:00,9.699999809265137,9.75,9.699999809265137,9.739999771118164,2200,0.0,0.0
2020-11-12 00:00:00-05:00,9.725000381469727,9.770000457763672,9.699999809265137,9.699999809265137,17300,0.0,0.0
2020-11-13 00:00:00-05:00,9.75,9.829999923706055,9.75,9.779999732971191,153700,0.0,0.0
2020-11-16 00:00:00-05:00,9.762999534606934,9.800000190734863,9.739999771118164,9.800000190734863,322000,0.0,0.0
2020-11-17 00:00:00-05:00,9.819999694824219,9.819999694824219,9.75,9.779999732971191,15300,0.0,0.0
2020-11-18 00:00:00-05:00,9.779999732971191,9.800000190734863,9.739999771118164,9.800000190734863,24200,0.0,0.0
2020-11-19 00:00:00-05:00,9.8149995803833,9.890000343322754,9.800000190734863,9.869999885559082,125900,0.0,0.0
2020-11-20 00:00:00-05:00,9.83899974822998,9.890000343322754,9.800000190734863,9.890000343322754,32400,0.0,0.0
2020-11-23 00:00:00-05:00,9.899999618530273,9.90999984741211,9.800000190734863,9.880000114440918,243400,0.0,0.0
2020-11-24 00:00:00-05:00,9.895999908447266,9.930000305175781,9.819999694824219,9.90999984741211,618900,0.0,0.0
2020-11-25 00:00:00-05:00,9.9399995803833,9.9399995803833,9.800000190734863,9.920000076293945,361100,0.0,0.0
2020-11-27 00:00:00-05:00,9.9399995803833,9.949999809265137,9.880000114440918,9.949999809265137,50200,0.0,0.0
2020-11-30 00:00:00-05:00,10.0,10.020000457763672,9.90999984741211,9.949999809265137,353200,0.0,0.0
2020-12-01 00:00:00-05:00,10.050000190734863,10.050000190734863,9.920000076293945,9.949999809265137,95700,0.0,0.0
2020-12-02 00:00:00-05:00,9.949999809265137,9.970000267028809,9.920000076293945,9.949999809265137,98200,0.0,0.0
2020-12-03 00:00:00-05:00,9.949999809265137,9.949999809265137,9.899999618530273,9.949999809265137,70500,0.0,0.0
2020-12-04 00:00:00-05:00,9.949999809265137,9.958000183105469,9.920000076293945,9.949999809265137,175200,0.0,0.0
2020-12-07 00:00:00-05:00,10.0,10.262999534606934,9.9399995803833,10.09000015258789,1975100,0.0,0.0
2020-12-08 00:00:00-05:00,10.4399995803833,10.4399995803833,10.199999809265137,10.3100004196167,2928000,0.0,0.0
2020-12-09 00:00:00-05:00,10.399999618530273,10.5,10.270000457763672,10.300000190734863,1101200,0.0,0.0
2020-12-10 00:00:00-05:00,10.350000381469727,10.359999656677246,10.220000267028809,10.300000190734863,1568600,0.0,0.0
2020-12-11 00:00:00-05:00,10.359999656677246,10.446999549865723,10.300000190734863,10.369999885559082,845000,0.0,0.0
2020-12-14 00:00:00-05:00,10.550000190734863,10.579999923706055,10.28600025177002,10.449999809265137,1703800,0.0,0.0
2020-12-15 00:00:00-05:00,10.399999618530273,10.399999618530273,10.260000228881836,10.289999961853027,760600,0.0,0.0
2020-12-16 00:00:00-05:00,10.220000267028809,10.350000381469727,10.220000267028809,10.300000190734863,655800,0.0,0.0
2020-12-17 00:00:00-05:00,10.300000190734863,10.359999656677246,10.270000457763672,10.350000381469727,602500,0.0,0.0
2020-12-18 00:00:00-05:00,10.300000190734863,10.430000305175781,10.300000190734863,10.430000305175781,343300,0.0,0.0
2020-12-21 00:00:00-05:00,10.350000381469727,10.449999809265137,10.270000457763672,10.399999618530273,950500,0.0,0.0
2020-12-22 00:00:00-05:00,10.5,10.510000228881836,10.289999961853027,10.449999809265137,1700600,0.0,0.0
2020-12-23 00:00:00-05:00,10.4399995803833,10.449999809265137,10.319999694824219,10.420000076293945,691500,0.0,0.0
2020-12-24 00:00:00-05:00,10.510000228881836,10.59000015258789,10.40999984741211,10.460000038146973,871700,0.0,0.0
2020-12-28 00:00:00-05:00,10.649999618530273,10.84000015258789,10.510000228881836,10.539999961853027,2623800,0.0,0.0
2020-12-29 00:00:00-05:00,10.670000076293945,10.680000305175781,10.5,10.539999961853027,2003900,0.0,0.0
2020-12-30 00:00:00-05:00,10.520000457763672,10.619999885559082,10.420000076293945,10.470000267028809,1139200,0.0,0.0
2020-12-31 00:00:00-05:00,10.449999809265137,10.654999732971191,10.4399995803833,10.630000114440918,1092800,0.0,0.0
2021-01-04 00:00:00-05:00,10.6899995803833,10.800000190734863,10.539999961853027,10.65999984741211,1879700,0.0,0.0
2021-01-05 00:00:00-05:00,10.65999984741211,10.65999984741211,10.479999542236328,10.5600004196167,656800,0.0,0.0
2021-01-06 00:00:00-05:00,10.59000015258789,10.850000381469727,10.520000457763672,10.619999885559082,1646800,0.0,0.0
2021-01-07 00:00:00-05:00,10.619999885559082,10.651000022888184,10.479999542236328,10.539999961853027,895600,0.0,0.0
2021-01-08 00:00:00-05:00,10.539999961853027,10.579999923706055,10.449999809265137,10.529999732971191,781800,0.0,0.0
2021-01-11 00:00:00-05:00,10.640000343322754,10.649999618530273,10.529999732971191,10.579999923706055,1139400,0.0,0.0
2021-01-12 00:00:00-05:00,10.5600004196167,11.100000381469727,10.5600004196167,11.010000228881836,2777300,0.0,0.0
2021-01-13 00:00:00-05:00,11.149999618530273,11.25,10.960000038146973,11.039999961853027,1448500,0.0,0.0
2021-01-14 00:00:00-05:00,11.0600004196167,11.300000190734863,11.010000228881836,11.069999694824219,1703200,0.0,0.0
2021-01-15 00:00:00-05:00,11.029999732971191,11.114999771118164,10.779999732971191,10.899999618530273,1644700,0.0,0.0
2021-01-19 00:00:00-05:00,10.859999656677246,10.899999618530273,10.720000267028809,10.84000015258789,1504500,0.0,0.0
2021-01-20 00:00:00-05:00,10.850000381469727,10.880000114440918,10.710000038146973,10.75,1159900,0.0,0.0
2021-01-21 00:00:00-05:00,10.869999885559082,11.09000015258789,10.779999732971191,10.960000038146973,2172500,0.0,0.0
2021-01-22 00:00:00-05:00,10.859999656677246,11.15999984741211,10.859999656677246,11.029999732971191,1083600,0.0,0.0
2021-01-25 00:00:00-05:00,11.100000381469727,11.270000457763672,10.970000267028809,11.020000457763672,2142300,0.0,0.0
2021-01-26 00:00:00-05:00,11.010000228881836,11.050000190734863,10.600000381469727,10.640000343322754,1923300,0.0,0.0
2021-01-27 00:00:00-05:00,10.649999618530273,10.649999618530273,10.489999771118164,10.550000190734863,2641700,0.0,0.0
2021-01-28 00:00:00-05:00,10.600000381469727,10.720000267028809,10.510000228881836,10.579999923706055,899300,0.0,0.0
2021-01-29 00:00:00-05:00,10.550000190734863,10.720000267028809,10.545000076293945,10.619999885559082,758800,0.0,0.0
2021-02-01 00:00:00-05:00,10.710000038146973,10.979999542236328,10.692000389099121,10.75,1323400,0.0,0.0
2021-02-02 00:00:00-05:00,10.789999961853027,10.958999633789062,10.779999732971191,10.829999923706055,1047900,0.0,0.0
2021-02-03 00:00:00-05:00,10.930000305175781,11.15999984741211,10.930000305175781,11.140000343322754,1072100,0.0,0.0
2021-02-04 00:00:00-05:00,11.100000381469727,11.449999809265137,11.100000381469727,11.119999885559082,1178100,0.0,0.0
2021-02-05 00:00:00-05:00,11.232000350952148,11.739999771118164,11.1899995803833,11.300000190734863,1057800,0.0,0.0
2021-02-08 00:00:00-05:00,11.300000190734863,11.550000190734863,11.270000457763672,11.4399995803833,1359800,0.0,0.0
2021-02-09 00:00:00-05:00,11.399999618530273,11.449999809265137,11.220000267028809,11.350000381469727,947600,0.0,0.0
2021-02-10 00:00:00-05:00,11.300000190734863,11.430000305175781,10.989999771118164,11.399999618530273,1577300,0.0,0.0
2021-02-11 00:00:00-05:00,11.350000381469727,11.880000114440918,11.180000305175781,11.260000228881836,1529800,0.0,0.0
2021-02-12 00:00:00-05:00,11.300000190734863,11.319999694824219,11.119999885559082,11.270000457763672,3357700,0.0,0.0
2021-02-16 00:00:00-05:00,13.210000038146973,14.0,12.760000228881836,14.0,14574200,0.0,0.0
2021-02-17 00:00:00-05:00,13.663999557495117,13.90999984741211,12.930000305175781,13.5,18604600,0.0,0.0
2021-02-18 00:00:00-05:00,13.390000343322754,13.729999542236328,12.760000228881836,12.779999732971191,5716700,0.0,0.0
2021-02-19 00:00:00-05:00,12.989999771118164,13.479999542236328,12.850000381469727,13.199999809265137,5649500,0.0,0.0
2021-02-22 00:00:00-05:00,13.149999618530273,14.010000228881836,13.020000457763672,13.369999885559082,5740800,0.0,0.0
2021-02-23 00:00:00-05:00,12.600000381469727,12.899999618530273,11.805000305175781,12.390000343322754,4282900,0.0,0.0
2021-02-24 00:00:00-05:00,12.550000190734863,12.779999732971191,11.609999656677246,11.800000190734863,3752500,0.0,0.0
2021-02-25 00:00:00-05:00,11.960000038146973,12.1899995803833,11.020000457763672,11.229999542236328,4866600,0.0,0.0
2021-02-26 00:00:00-05:00,11.25,11.289999961853027,10.520000457763672,10.880000114440918,4902700,0.0,0.0
2021-03-01 00:00:00-05:00,11.069999694824219,11.3100004196167,10.819999694824219,11.229999542236328,4130200,0.0,0.0
2021-03-02 00:00:00-05:00,11.347000122070312,11.347000122070312,10.649999618530273,10.729999542236328,3600300,0.0,0.0
2021-03-03 00:00:00-05:00,10.6899995803833,10.8100004196167,10.3100004196167,10.380000114440918,2204500,0.0,0.0
2021-03-04 00:00:00-05:00,10.380000114440918,10.539999961853027,10.130000114440918,10.289999961853027,5915800,0.0,0.0
2021-03-05 00:00:00-05:00,10.399999618530273,10.770000457763672,10.140000343322754,10.65999984741211,3487700,0.0,0.0
2021-03-08 00:00:00-05:00,10.75,10.880000114440918,10.460000038146973,10.680000305175781,3953300,0.0,0.0
2021-03-09 00:00:00-05:00,10.850000381469727,10.920000076293945,10.53499984741211,10.670000076293945,2147200,0.0,0.0
2021-03-10 00:00:00-05:00,10.680000305175781,11.0,10.4399995803833,10.489999771118164,2605300,0.0,0.0
2021-03-11 00:00:00-05:00,10.600000381469727,10.8149995803833,10.470000267028809,10.779999732971191,3130500,0.0,0.0
2021-03-12 00:00:00-05:00,10.5600004196167,10.779999732971191,10.539999961853027,10.770000457763672,1200300,0.0,0.0
2021-03-15 00:00:00-04:00,10.739999771118164,10.75,10.569999694824219,10.59000015258789,1864900,0.0,0.0
2021-03-16 00:00:00-04:00,10.600000381469727,10.619999885559082,10.390000343322754,10.449999809265137,1713600,0.0,0.0
2021-03-17 00:00:00-04:00,10.300000190734863,10.399999618530273,10.300000190734863,10.350000381469727,2243700,0.0,0.0
2021-03-18 00:00:00-04:00,10.359999656677246,10.5600004196167,10.309000015258789,10.359999656677246,2486400,0.0,0.0
2021-03-19 00:00:00-04:00,10.449999809265137,10.53499984741211,10.295000076293945,10.3100004196167,1476600,0.0,0.0
2021-03-22 00:00:00-04:00,10.350000381469727,10.359999656677246,10.260000228881836,10.329999923706055,943300,0.0,0.0
2021-03-23 00:00:00-04:00,10.300000190734863,10.357999801635742,10.109999656677246,10.130000114440918,1717100,0.0,0.0
2021-03-24 00:00:00-04:00,10.130000114440918,10.239999771118164,10.0,10.050000190734863,2064100,0.0,0.0
2021-03-25 00:00:00-04:00,9.859999656677246,10.09000015258789,9.720000267028809,10.069999694824219,2879700,0.0,0.0
2021-03-26 00:00:00-04:00,10.100000381469727,10.289999961853027,10.050000190734863,10.260000228881836,1440600,0.0,0.0
2021-03-29 00:00:00-04:00,10.199999809265137,10.21500015258789,10.010000228881836,10.029999732971191,1430900,0.0,0.0
2021-03-30 00:00:00-04:00,10.0,10.100000381469727,9.960000038146973,10.039999961853027,3220800,0.0,0.0
2021-03-31 00:00:00-04:00,10.100000381469727,10.100000381469727,10.039999961853027,10.100000381469727,1230100,0.0,0.0
2021-04-01 00:00:00-04:00,10.100000381469727,10.359999656677246,10.100000381469727,10.319999694824219,1178400,0.0,0.0
2021-04-05 00:00:00-04:00,10.3100004196167,10.380000114440918,10.1899995803833,10.229999542236328,521300,0.0,0.0
2021-04-06 00:00:00-04:00,10.220000267028809,10.335000038146973,10.135000228881836,10.180000305175781,768600,0.0,0.0
2021-04-07 00:00:00-04:00,10.180000305175781,10.350000381469727,10.163000106811523,10.300000190734863,896700,0.0,0.0
2021-04-08 00:00:00-04:00,10.289999961853027,10.4399995803833,10.260000228881836,10.390000343322754,696000,0.0,0.0
2021-04-09 00:00:00-04:00,10.390000343322754,10.399999618530273,10.25,10.300000190734863,1023000,0.0,0.0
2021-04-12 00:00:00-04:00,10.34000015258789,10.364999771118164,10.180000305175781,10.300000190734863,567500,0.0,0.0
2021-04-13 00:00:00-04:00,10.220000267028809,10.270000457763672,10.1899995803833,10.199999809265137,589700,0.0,0.0
2021-04-14 00:00:00-04:00,10.199999809265137,10.260000228881836,10.130000114440918,10.15999984741211,637500,0.0,0.0
2021-04-15 00:00:00-04:00,10.15999984741211,10.180000305175781,10.0,10.039999961853027,1312900,0.0,0.0
2021-04-16 00:00:00-04:00,10.010000228881836,10.0600004196167,9.960000038146973,10.010000228881836,1147400,0.0,0.0
2021-04-19 00:00:00-04:00,10.079999923706055,10.180000305175781,9.949999809265137,10.029999732971191,2338400,0.0,0.0
2021-04-20 00:00:00-04:00,9.970000267028809,10.020000457763672,9.920000076293945,9.949999809265137,2582400,0.0,0.0
2021-04-21 00:00:00-04:00,9.949999809265137,10.020000457763672,9.920000076293945,10.0,897900,0.0,0.0
2021-04-22 00:00:00-04:00,10.050000190734863,10.050000190734863,9.954999923706055,9.979999542236328,749500,0.0,0.0
2021-04-23 00:00:00-04:00,9.979999542236328,10.045000076293945,9.96500015258789,10.020000457763672,555400,0.0,0.0
2021-04-26 00:00:00-04:00,10.010000228881836,10.079999923706055,10.010000228881836,10.079999923706055,429700,0.0,0.0
2021-04-27 00:00:00-04:00,10.100000381469727,10.220000267028809,10.010000228881836,10.029999732971191,1028700,0.0,0.0
2021-04-28 00:00:00-04:00,10.079999923706055,10.109999656677246,10.050000190734863,10.0600004196167,510000,0.0,0.0
2021-04-29 00:00:00-04:00,10.0600004196167,10.079999923706055,9.994999885559082,10.020000457763672,849500,0.0,0.0
2021-04-30 00:00:00-04:00,10.020000457763672,10.0600004196167,10.0,10.029999732971191,440000,0.0,0.0
2021-05-03 00:00:00-04:00,10.109999656677246,10.149999618530273,10.020000457763672,10.069999694824219,1162800,0.0,0.0
2021-05-04 00:00:00-04:00,10.109999656677246,10.140000343322754,10.029999732971191,10.100000381469727,919000,0.0,0.0
2021-05-05 00:00:00-04:00,10.119999885559082,10.130000114440918,10.050000190734863,10.050000190734863,1355600,0.0,0.0
2021-05-06 00:00:00-04:00,10.050000190734863,10.100000381469727,9.880000114440918,9.920000076293945,1106500,0.0,0.0
2021-05-07 00:00:00-04:00,9.920000076293945,10.010000228881836,9.899999618530273,9.90999984741211,837100,0.0,0.0
2021-05-10 00:00:00-04:00,9.989999771118164,10.015000343322754,9.895000457763672,9.899999618530273,916300,0.0,0.0
2021-05-11 00:00:00-04:00,9.890000343322754,9.90999984741211,9.84000015258789,9.869999885559082,1856600,0.0,0.0
2021-05-12 00:00:00-04:00,9.829999923706055,9.880000114440918,9.829999923706055,9.850000381469727,562000,0.0,0.0
2021-05-13 00:00:00-04:00,9.880000114440918,9.890000343322754,9.829999923706055,9.859999656677246,1992900,0.0,0.0
2021-05-14 00:00:00-04:00,9.869999885559082,9.895999908447266,9.850000381469727,9.850000381469727,747800,0.0,0.0
2021-05-17 00:00:00-04:00,9.84000015258789,9.930000305175781,9.84000015258789,9.859999656677246,330600,0.0,0.0
2021-05-18 00:00:00-04:00,9.890000343322754,9.890000343322754,9.850000381469727,9.859999656677246,502300,0.0,0.0
2021-05-19 00:00:00-04:00,9.850000381469727,9.869999885559082,9.829999923706055,9.829999923706055,468500,0.0,0.0
2021-05-20 00:00:00-04:00,9.850000381469727,9.880000114440918,9.84000015258789,9.859999656677246,373300,0.0,0.0
2021-05-21 00:00:00-04:00,9.850000381469727,9.880000114440918,9.850000381469727,9.869999885559082,867600,0.0,0.0
2021-05-24 00:00:00-04:00,9.899999618530273,9.930000305175781,9.850000381469727,9.90999984741211,982000,0.0,0.0
2021-05-25 00:00:00-04:00,9.9399995803833,9.949999809265137,9.869999885559082,9.880000114440918,257700,0.0,0.0
2021-05-26 00:00:00-04:00,9.9399995803833,9.970000267028809,9.939000129699707,9.960000038146973,1616400,0.0,0.0
2021-05-27 00:00:00-04:00,9.960000038146973,9.96500015258789,9.9399995803833,9.960000038146973,696500,0.0,0.0
2021-05-28 00:00:00-04:00,9.949999809265137,9.975000381469727,9.949999809265137,9.960000038146973,1017300,0.0,0.0
2021-06-01 00:00:00-04:00,9.970000267028809,9.970000267028809,9.9350004196167,9.9399995803833,1581500,0.0,0.0
2021-06-02 00:00:00-04:00,9.9399995803833,9.970000267028809,9.9399995803833,9.949999809265137,1726600,0.0,0.0
2021-06-03 00:00:00-04:00,9.954999923706055,9.970000267028809,9.949999809265137,9.960000038146973,1501700,0.0,0.0
2021-06-04 00:00:00-04:00,9.949999809265137,9.970000267028809,9.949999809265137,9.970000267028809,1236400,0.0,0.0
2021-06-07 00:00:00-04:00,9.970000267028809,9.979999542236328,9.960000038146973,9.970000267028809,1944100,0.0,0.0
2021-06-08 00:00:00-04:00,9.989999771118164,10.020000457763672,9.970000267028809,9.989999771118164,2080500,0.0,0.0
2021-06-09 00:00:00-04:00,10.050000190734863,10.069999694824219,9.979999542236328,10.0,2122100,0.0,0.0
2021-06-10 00:00:00-04:00,10.050000190734863,10.050000190734863,9.996999740600586,10.010000228881836,2353200,0.0,0.0
2021-06-11 00:00:00-04:00,10.050000190734863,10.050000190734863,9.989999771118164,9.989999771118164,1413400,0.0,0.0
2021-06-14 00:00:00-04:00,10.010000228881836,10.015000343322754,9.979999542236328,9.979999542236328,1324200,0.0,0.0
2021-06-15 00:00:00-04:00,10.050000190734863,10.069999694824219,10.0,10.020000457763672,4925200,0.0,0.0
2021-06-16 00:00:00-04:00,10.0,10.010000228881836,9.979999542236328,10.0,1385600,0.0,0.0
2021-06-17 00:00:00-04:00,10.0,10.0,9.970000267028809,9.979999542236328,3804500,0.0,0.0
2021-06-18 00:00:00-04:00,9.949999809265137,9.949999809265137,9.720000267028809,9.859999656677246,3092900,0.0,0.0
2021-06-21 00:00:00-04:00,9.800000190734863,9.819999694824219,9.420000076293945,9.5,2476100,0.0,0.0
2021-06-22 00:00:00-04:00,9.550000190734863,9.739999771118164,8.75,9.390000343322754,2237300,0.0,0.0
2021-06-23 00:00:00-04:00,9.5,10.010000228881836,9.220999717712402,9.670000076293945,2306700,0.0,0.0
2021-06-24 00:00:00-04:00,9.84000015258789,10.734999656677246,9.800000190734863,9.989999771118164,3996000,0.0,0.0
2021-06-25 00:00:00-04:00,10.175000190734863,10.279999732971191,9.359999656677246,9.770000457763672,1688500,0.0,0.0
2021-06-28 00:00:00-04:00,9.710000038146973,9.800000190734863,9.270000457763672,9.369999885559082,1789600,0.0,0.0
2021-06-29 00:00:00-04:00,9.260000228881836,9.350000381469727,8.619999885559082,8.65999984741211,3092500,0.0,0.0
2021-06-30 00:00:00-04:00,8.8100004196167,8.91100025177002,8.199999809265137,8.199999809265137,2221300,0.0,0.0
2021-07-01 00:00:00-04:00,8.260000228881836,8.619999885559082,7.949999809265137,8.319999694824219,2136200,0.0,0.0
2021-07-02 00:00:00-04:00,8.40999984741211,8.600000381469727,8.199999809265137,8.380000114440918,1087700,0.0,0.0
2021-07-06 00:00:00-04:00,8.399999618530273,8.529999732971191,8.065999984741211,8.109999656677246,892900,0.0,0.0
2021-07-07 00:00:00-04:00,8.109999656677246,8.199999809265137,7.489999771118164,7.730000019073486,2797600,0.0,0.0
2021-07-08 00:00:00-04:00,7.610000133514404,8.329999923706055,7.380000114440918,8.119999885559082,1924700,0.0,0.0
2021-07-09 00:00:00-04:00,8.239999771118164,8.289999961853027,8.09000015258789,8.229999542236328,1041600,0.0,0.0
2021-07-12 00:00:00-04:00,8.229999542236328,8.34000015258789,7.900000095367432,8.329999923706055,777400,0.0,0.0
2021-07-13 00:00:00-04:00,8.239999771118164,8.300000190734863,8.029999732971191,8.100000381469727,821500,0.0,0.0
2021-07-14 00:00:00-04:00,8.1899995803833,8.1899995803833,7.269999980926514,7.420000076293945,2224300,0.0,0.0
2021-07-15 00:00:00-04:00,7.420000076293945,7.590000152587891,7.304999828338623,7.449999809265137,1027400,0.0,0.0
2021-07-16 00:00:00-04:00,7.489999771118164,7.75,6.980000019073486,7.0,1297200,0.0,0.0
2021-07-19 00:00:00-04:00,6.860000133514404,6.960000038146973,6.670000076293945,6.769999980926514,1600400,0.0,0.0
2021-07-20 00:00:00-04:00,6.849999904632568,6.849999904632568,6.409999847412109,6.559999942779541,2049100,0.0,0.0
2021-07-21 00:00:00-04:00,6.599999904632568,6.940000057220459,6.546000003814697,6.730000019073486,1311400,0.0,0.0
2021-07-22 00:00:00-04:00,6.769999980926514,7.119999885559082,6.579999923706055,6.809999942779541,1112300,0.0,0.0
2021-07-23 00:00:00-04:00,6.769999980926514,6.889999866485596,6.510000228881836,6.829999923706055,909400,0.0,0.0
2021-07-26 00:00:00-04:00,6.829999923706055,6.880000114440918,6.550000190734863,6.579999923706055,759000,0.0,0.0
2021-07-27 00:00:00-04:00,6.579999923706055,6.610000133514404,6.320000171661377,6.360000133514404,861400,0.0,0.0
2021-07-28 00:00:00-04:00,6.360000133514404,6.460000038146973,6.130000114440918,6.25,951900,0.0,0.0
2021-07-29 00:00:00-04:00,6.320000171661377,6.329999923706055,5.949999809265137,6.0,1840500,0.0,0.0
2021-07-30 00:00:00-04:00,6.0,6.070000171661377,5.800000190734863,5.900000095367432,1372900,0.0,0.0
2021-08-02 00:00:00-04:00,5.880000114440918,5.940000057220459,5.119999885559082,5.539999961853027,7986000,0.0,0.0
2021-08-03 00:00:00-04:00,5.480000019073486,5.75,5.329999923706055,5.710000038146973,5200000,0.0,0.0
2021-08-04 00:00:00-04:00,5.710000038146973,5.710000038146973,5.159999847412109,5.179999828338623,2545300,0.0,0.0
2021-08-05 00:00:00-04:00,5.269999980926514,5.809999942779541,5.199999809265137,5.630000114440918,2012900,0.0,0.0
2021-08-06 00:00:00-04:00,5.650000095367432,5.809999942779541,5.329999923706055,5.690000057220459,2746500,0.0,0.0
2021-08-09 00:00:00-04:00,5.860000133514404,6.355000019073486,5.860000133514404,6.25,2975700,0.0,0.0
2021-08-10 00:00:00-04:00,6.369999885559082,6.710000038146973,6.360000133514404,6.420000076293945,3542800,0.0,0.0
2021-08-11 00:00:00-04:00,6.489999771118164,6.53000020980835,6.170000076293945,6.400000095367432,2139000,0.0,0.0
2021-08-12 00:00:00-04:00,6.409999847412109,6.769999980926514,6.334000110626221,6.75,1966000,0.0,0.0
2021-08-13 00:00:00-04:00,7.360000133514404,7.46999979019165,6.590000152587891,6.610000133514404,4895400,0.0,0.0
2021-08-16 00:00:00-04:00,6.525000095367432,6.590000152587891,5.940000057220459,5.945000171661377,2777000,0.0,0.0
2021-08-17 00:00:00-04:00,5.889999866485596,5.940000057220459,5.324999809265137,5.539999961853027,2779400,0.0,0.0
2021-08-18 00:00:00-04:00,5.510000228881836,5.550000190734863,5.25,5.389999866485596,1936600,0.0,0.0
2021-08-19 00:00:00-04:00,5.460000038146973,5.619999885559082,5.309999942779541,5.349999904632568,1963000,0.0,0.0
2021-08-20 00:00:00-04:00,5.329999923706055,5.829999923706055,5.300000190734863,5.769999980926514,2483100,0.0,0.0
2021-08-23 00:00:00-04:00,6.099999904632568,6.480000019073486,5.849999904632568,6.449999809265137,2704600,0.0,0.0
2021-08-24 00:00:00-04:00,6.590000152587891,6.760000228881836,6.420000076293945,6.690000057220459,2580600,0.0,0.0
2021-08-25 00:00:00-04:00,6.710000038146973,6.875999927520752,6.579999923706055,6.829999923706055,1195400,0.0,0.0
2021-08-26 00:00:00-04:00,6.776000022888184,7.078999996185303,6.639999866485596,6.699999809265137,1263500,0.0,0.0
2021-08-27 00:00:00-04:00,6.820000171661377,7.139999866485596,6.670000076293945,7.039999961853027,1975700,0.0,0.0
2021-08-30 00:00:00-04:00,7.050000190734863,7.099999904632568,6.639999866485596,6.670000076293945,1465400,0.0,0.0
2021-08-31 00:00:00-04:00,6.650000095367432,6.920000076293945,6.53000020980835,6.869999885559082,1478900,0.0,0.0
2021-09-01 00:00:00-04:00,6.920000076293945,7.260000228881836,6.829999923706055,7.21999979019165,1349300,0.0,0.0
2021-09-02 00:00:00-04:00,7.25,7.789999961853027,7.190000057220459,7.659999847412109,1995600,0.0,0.0
2021-09-03 00:00:00-04:00,7.639999866485596,7.710000038146973,7.429999828338623,7.590000152587891,1196600,0.0,0.0
2021-09-07 00:00:00-04:00,7.611000061035156,8.100000381469727,7.329999923706055,7.360000133514404,1895100,0.0,0.0
2021-09-08 00:00:00-04:00,7.360000133514404,7.489999771118164,7.159999847412109,7.269999980926514,1114300,0.0,0.0
2021-09-09 00:00:00-04:00,7.179999828338623,7.659999847412109,7.110000133514404,7.550000190734863,1695200,0.0,0.0
2021-09-10 00:00:00-04:00,7.570000171661377,7.929999828338623,7.53000020980835,7.659999847412109,1598900,0.0,0.0
2021-09-13 00:00:00-04:00,7.760000228881836,7.78000020980835,7.329999923706055,7.380000114440918,1189200,0.0,0.0
2021-09-14 00:00:00-04:00,7.400000095367432,7.670000076293945,7.230000019073486,7.320000171661377,980900,0.0,0.0
2021-09-15 00:00:00-04:00,7.380000114440918,7.550000190734863,7.190000057220459,7.210000038146973,1609400,0.0,0.0
2021-09-16 00:00:00-04:00,7.281000137329102,7.389999866485596,7.130000114440918,7.150000095367432,1831000,0.0,0.0
2021-09-17 00:00:00-04:00,7.190000057220459,7.630000114440918,7.070000171661377,7.409999847412109,7446300,0.0,0.0
2021-09-20 00:00:00-04:00,7.110000133514404,7.21999979019165,6.849999904632568,6.880000114440918,1569700,0.0,0.0
2021-09-21 00:00:00-04:00,6.960000038146973,6.960000038146973,6.659999847412109,6.71999979019165,1816200,0.0,0.0
2021-09-22 00:00:00-04:00,6.809999942779541,7.199999809265137,6.800000190734863,7.139999866485596,947100,0.0,0.0
2021-09-23 00:00:00-04:00,7.210000038146973,7.289999961853027,7.110000133514404,7.190000057220459,670200,0.0,0.0
2021-09-24 00:00:00-04:00,7.110000133514404,7.25,6.989999771118164,7.139999866485596,581000,0.0,0.0
2021-09-27 00:00:00-04:00,7.210000038146973,7.429999828338623,7.059999942779541,7.300000190734863,799700,0.0,0.0
2021-09-28 00:00:00-04:00,7.260000228881836,7.300000190734863,7.010000228881836,7.110000133514404,850400,0.0,0.0
2021-09-29 00:00:00-04:00,7.139999866485596,7.199999809265137,6.78000020980835,6.820000171661377,803900,0.0,0.0
2021-09-30 00:00:00-04:00,6.90500020980835,6.949999809265137,6.739999771118164,6.809999942779541,738500,0.0,0.0
2021-10-01 00:00:00-04:00,6.840000152587891,6.940000057220459,6.590000152587891,6.869999885559082,971700,0.0,0.0
2021-10-04 00:00:00-04:00,6.860000133514404,6.860000133514404,6.519999980926514,6.559999942779541,959000,0.0,0.0
2021-10-05 00:00:00-04:00,6.559999942779541,6.590000152587891,6.199999809265137,6.21999979019165,2077800,0.0,0.0
2021-10-06 00:00:00-04:00,6.119999885559082,6.349999904632568,5.960000038146973,6.300000190734863,1053300,0.0,0.0
2021-10-07 00:00:00-04:00,6.389999866485596,6.539999961853027,6.309999942779541,6.440000057220459,533700,0.0,0.0
2021-10-08 00:00:00-04:00,6.480000019073486,6.491000175476074,6.179999828338623,6.25,544400,0.0,0.0
2021-10-11 00:00:00-04:00,6.239999771118164,6.449999809265137,6.239999771118164,6.28000020980835,592300,0.0,0.0
2021-10-12 00:00:00-04:00,6.320000171661377,6.440000057220459,6.289999961853027,6.380000114440918,494900,0.0,0.0
2021-10-13 00:00:00-04:00,6.420000076293945,6.659999847412109,6.420000076293945,6.610000133514404,682500,0.0,0.0
2021-10-14 00:00:00-04:00,6.699999809265137,6.710000038146973,6.324999809265137,6.429999828338623,808000,0.0,0.0
2021-10-15 00:00:00-04:00,6.460000038146973,6.460000038146973,6.170000076293945,6.230000019073486,687800,0.0,0.0
2021-10-18 00:00:00-04:00,6.230000019073486,6.329999923706055,6.050000190734863,6.079999923706055,967900,0.0,0.0
2021-10-19 00:00:00-04:00,6.110000133514404,6.190000057220459,6.010000228881836,6.119999885559082,706700,0.0,0.0
2021-10-20 00:00:00-04:00,6.139999866485596,6.196000099182129,6.059999942779541,6.119999885559082,771100,0.0,0.0
2021-10-21 00:00:00-04:00,6.099999904632568,6.295000076293945,6.039999961853027,6.079999923706055,707600,0.0,0.0
2021-10-22 00:00:00-04:00,6.070000171661377,6.099999904632568,5.800000190734863,5.880000114440918,1092400,0.0,0.0
2021-10-25 00:00:00-04:00,5.889999866485596,6.151000022888184,5.849999904632568,5.989999771118164,1080200,0.0,0.0
2021-10-26 00:00:00-04:00,6.0,6.059999942779541,5.775000095367432,5.820000171661377,1191400,0.0,0.0
2021-10-27 00:00:00-04:00,5.900000095367432,5.900000095367432,5.724999904632568,5.760000228881836,1149300,0.0,0.0
2021-10-28 00:00:00-04:00,5.78000020980835,6.190000057220459,5.679999828338623,6.110000133514404,1918000,0.0,0.0
2021-10-29 00:00:00-04:00,6.130000114440918,6.480000019073486,6.099999904632568,6.440000057220459,1416000,0.0,0.0
2021-11-01 00:00:00-04:00,6.828000068664551,7.119999885559082,6.699999809265137,6.960000038146973,2069200,0.0,0.0
2021-11-02 00:00:00-04:00,7.0,7.25,6.85099983215332,7.190000057220459,1738300,0.0,0.0
2021-11-03 00:00:00-04:00,7.119999885559082,7.414999961853027,7.119999885559082,7.309999942779541,1137200,0.0,0.0
2021-11-04 00:00:00-04:00,7.360000133514404,7.389999866485596,7.159999847412109,7.230000019073486,926300,0.0,0.0
2021-11-05 00:00:00-04:00,7.210000038146973,7.300000190734863,7.019999980926514,7.03000020980835,910300,0.0,0.0
2021-11-08 00:00:00-05:00,7.130000114440918,7.550000190734863,7.110000133514404,7.480000019073486,1173700,0.0,0.0
2021-11-09 00:00:00-05:00,7.739999771118164,7.739999771118164,7.199999809265137,7.449999809265137,1098800,0.0,0.0
2021-11-10 00:00:00-05:00,7.610000133514404,7.630000114440918,7.210000038146973,7.349999904632568,993800,0.0,0.0
2021-11-11 00:00:00-05:00,7.360000133514404,7.630000114440918,7.260000228881836,7.53000020980835,2033900,0.0,0.0
2021-11-12 00:00:00-05:00,7.824999809265137,8.050000190734863,7.300000190734863,7.630000114440918,2658000,0.0,0.0
2021-11-15 00:00:00-05:00,7.679999828338623,7.980000019073486,7.15500020980835,7.309999942779541,1832800,0.0,0.0
2021-11-16 00:00:00-05:00,7.309999942779541,7.329999923706055,6.929999828338623,7.059999942779541,1626800,0.0,0.0
2021-11-17 00:00:00-05:00,7.223999977111816,7.630000114440918,7.165999889373779,7.46999979019165,2005500,0.0,0.0
2021-11-18 00:00:00-05:00,7.559999942779541,7.670000076293945,7.110000133514404,7.289999961853027,1588300,0.0,0.0
2021-11-19 00:00:00-05:00,7.199999809265137,7.46999979019165,7.199999809265137,7.28000020980835,773900,0.0,0.0
2021-11-22 00:00:00-05:00,7.230000019073486,7.389999866485596,6.789999961853027,6.860000133514404,1103000,0.0,0.0
2021-11-23 00:00:00-05:00,6.900000095367432,7.179999828338623,6.630000114440918,6.96999979019165,1807600,0.0,0.0
2021-11-24 00:00:00-05:00,6.920000076293945,7.170000076293945,6.849999904632568,7.070000171661377,759100,0.0,0.0
2021-11-26 00:00:00-05:00,6.840000152587891,7.130000114440918,6.800000190734863,7.039999961853027,655800,0.0,0.0
2021-11-29 00:00:00-05:00,7.099999904632568,7.130000114440918,6.789999961853027,6.929999828338623,814500,0.0,0.0
2021-11-30 00:00:00-05:00,6.820000171661377,6.960000038146973,6.570000171661377,6.789999961853027,3387600,0.0,0.0
2021-12-01 00:00:00-05:00,6.909999847412109,7.090000152587891,6.449999809265137,6.5,1058400,0.0,0.0
2021-12-02 00:00:00-05:00,6.510000228881836,6.699999809265137,6.360000133514404,6.53000020980835,1362200,0.0,0.0
2021-12-03 00:00:00-05:00,6.610000133514404,6.630000114440918,6.150000095367432,6.269999980926514,1410500,0.0,0.0
2021-12-06 00:00:00-05:00,6.199999809265137,6.389999866485596,5.829999923706055,6.28000020980835,1390800,0.0,0.0
2021-12-07 00:00:00-05:00,6.349999904632568,6.690000057220459,6.21999979019165,6.650000095367432,772800,0.0,0.0
2021-12-08 00:00:00-05:00,6.699999809265137,6.699999809265137,6.460000038146973,6.570000171661377,562500,0.0,0.0
2021-12-09 00:00:00-05:00,6.559999942779541,6.670000076293945,6.28000020980835,6.289999961853027,476100,0.0,0.0
2021-12-10 00:00:00-05:00,6.340000152587891,6.449999809265137,6.159999847412109,6.179999828338623,632500,0.0,0.0
2021-12-13 00:00:00-05:00,6.150000095367432,6.28000020980835,6.045000076293945,6.110000133514404,697100,0.0,0.0
2021-12-14 00:00:00-05:00,6.070000171661377,6.179999828338623,5.909999847412109,5.989999771118164,633900,0.0,0.0
2021-12-15 00:00:00-05:00,5.989999771118164,6.25,5.78000020980835,6.190000057220459,708300,0.0,0.0
2021-12-16 00:00:00-05:00,6.269999980926514,6.269999980926514,5.840000152587891,5.880000114440918,737700,0.0,0.0
2021-12-17 00:00:00-05:00,5.840000152587891,6.070000171661377,5.670000076293945,5.989999771118164,851600,0.0,0.0
2021-12-20 00:00:00-05:00,6.275000095367432,6.380000114440918,5.960000038146973,6.170000076293945,1600200,0.0,0.0
2021-12-21 00:00:00-05:00,6.449999809265137,6.550000190734863,6.320000171661377,6.480000019073486,1028500,0.0,0.0
2021-12-22 00:00:00-05:00,6.420000076293945,6.4770002365112305,6.28000020980835,6.360000133514404,539100,0.0,0.0
2021-12-23 00:00:00-05:00,6.409999847412109,6.849999904632568,6.313000202178955,6.75,826900,0.0,0.0
2021-12-27 00:00:00-05:00,6.699999809265137,6.769999980926514,6.570000171661377,6.679999828338623,549600,0.0,0.0
2021-12-28 00:00:00-05:00,6.679999828338623,6.809999942779541,6.46999979019165,6.539999961853027,807500,0.0,0.0
2021-12-29 00:00:00-05:00,6.5,6.585000038146973,6.21999979019165,6.449999809265137,729500,0.0,0.0
2021-12-30 00:00:00-05:00,6.429999828338623,6.639999866485596,6.429999828338623,6.519999980926514,530300,0.0,0.0
2021-12-31 00:00:00-05:00,6.510000228881836,6.625,6.449999809265137,6.449999809265137,455700,0.0,0.0
2022-01-03 00:00:00-05:00,6.550000190734863,6.820000171661377,6.550000190734863,6.75,706700,0.0,0.0
2022-01-04 00:00:00-05:00,6.809999942779541,6.824999809265137,6.400000095367432,6.429999828338623,835000,0.0,0.0
2022-01-05 00:00:00-05:00,6.46999979019165,6.46999979019165,6.090000152587891,6.110000133514404,695400,0.0,0.0
2022-01-06 00:00:00-05:00,6.360000133514404,6.579999923706055,6.199999809265137,6.559999942779541,1311800,0.0,0.0
2022-01-07 00:00:00-05:00,6.559999942779541,6.760000228881836,6.309999942779541,6.409999847412109,793700,0.0,0.0
2022-01-10 00:00:00-05:00,6.409999847412109,6.440000057220459,6.130000114440918,6.360000133514404,834100,0.0,0.0
2022-01-11 00:00:00-05:00,6.320000171661377,6.429999828338623,6.21999979019165,6.340000152587891,860200,0.0,0.0
2022-01-12 00:00:00-05:00,6.360000133514404,6.525000095367432,6.315000057220459,6.340000152587891,928500,0.0,0.0
2022-01-13 00:00:00-05:00,6.349999904632568,6.373000144958496,5.989999771118164,6.0,882700,0.0,0.0
2022-01-14 00:00:00-05:00,5.960000038146973,6.135000228881836,5.920000076293945,6.130000114440918,703600,0.0,0.0
2022-01-18 00:00:00-05:00,5.980000019073486,6.070000171661377,5.78000020980835,5.78000020980835,848300,0.0,0.0
2022-01-19 00:00:00-05:00,5.840000152587891,5.889999866485596,5.710000038146973,5.730000019073486,866400,0.0,0.0
2022-01-20 00:00:00-05:00,5.789999961853027,5.925000190734863,5.519999980926514,5.539999961853027,975500,0.0,0.0
2022-01-21 00:00:00-05:00,5.510000228881836,5.610000133514404,5.349999904632568,5.420000076293945,952600,0.0,0.0
2022-01-24 00:00:00-05:00,5.199999809265137,5.25,4.809999942779541,5.239999771118164,2276200,0.0,0.0
2022-01-25 00:00:00-05:00,5.110000133514404,5.260000228881836,4.949999809265137,5.159999847412109,1711800,0.0,0.0
2022-01-26 00:00:00-05:00,5.25,5.380000114440918,4.980000019073486,5.059999942779541,2229400,0.0,0.0
2022-01-27 00:00:00-05:00,5.130000114440918,5.179999828338623,4.809999942779541,4.869999885559082,1505300,0.0,0.0
2022-01-28 00:00:00-05:00,4.849999904632568,4.900000095367432,4.650000095367432,4.829999923706055,1513000,0.0,0.0
2022-01-31 00:00:00-05:00,4.860000133514404,5.239999771118164,4.75,5.239999771118164,1487400,0.0,0.0
2022-02-01 00:00:00-05:00,5.269999980926514,5.414999961853027,5.159999847412109,5.300000190734863,1092900,0.0,0.0
2022-02-02 00:00:00-05:00,5.340000152587891,5.3480000495910645,5.039999961853027,5.050000190734863,897000,0.0,0.0
2022-02-03 00:00:00-05:00,5.010000228881836,5.050000190734863,4.764999866485596,4.789999961853027,1370000,0.0,0.0
2022-02-04 00:00:00-05:00,4.789999961853027,4.900000095367432,4.690000057220459,4.820000171661377,998300,0.0,0.0
2022-02-07 00:00:00-05:00,4.900000095367432,5.067999839782715,4.840000152587891,5.010000228881836,1013000,0.0,0.0
2022-02-08 00:00:00-05:00,5.03000020980835,5.269999980926514,4.920000076293945,5.25,1272900,0.0,0.0
2022-02-09 00:00:00-05:00,5.389999866485596,5.610000133514404,5.300000190734863,5.489999771118164,1047400,0.0,0.0
2022-02-10 00:00:00-05:00,5.340000152587891,5.664999961853027,5.340000152587891,5.429999828338623,1067100,0.0,0.0
2022-02-11 00:00:00-05:00,5.440000057220459,5.630000114440918,5.230000019073486,5.289999961853027,1555600,0.0,0.0
2022-02-14 00:00:00-05:00,5.300000190734863,5.429999828338623,5.230000019073486,5.329999923706055,713000,0.0,0.0
2022-02-15 00:00:00-05:00,5.440000057220459,5.590000152587891,5.40500020980835,5.460000038146973,801200,0.0,0.0
2022-02-16 00:00:00-05:00,5.449999809265137,6.079999923706055,5.409999847412109,5.75,2252900,0.0,0.0
2022-02-17 00:00:00-05:00,5.670000076293945,5.75,5.46999979019165,5.510000228881836,848300,0.0,0.0
2022-02-18 00:00:00-05:00,5.510000228881836,5.572999954223633,5.320000171661377,5.369999885559082,932000,0.0,0.0
2022-02-22 00:00:00-05:00,5.289999961853027,5.329999923706055,4.889999866485596,5.050000190734863,1917200,0.0,0.0
2022-02-23 00:00:00-05:00,5.110000133514404,5.178999900817871,4.880000114440918,4.929999828338623,1292700,0.0,0.0
2022-02-24 00:00:00-05:00,4.829999923706055,5.159999847412109,4.78000020980835,5.159999847412109,2745700,0.0,0.0
2022-02-25 00:00:00-05:00,5.269999980926514,5.40500020980835,4.989999771118164,5.210000038146973,1668500,0.0,0.0
2022-02-28 00:00:00-05:00,5.139999866485596,5.224999904632568,5.059999942779541,5.190000057220459,2186200,0.0,0.0
2022-03-01 00:00:00-05:00,5.25,5.510000228881836,5.21999979019165,5.510000228881836,1722000,0.0,0.0
2022-03-02 00:00:00-05:00,5.559999942779541,5.739999771118164,5.420000076293945,5.570000171661377,1435600,0.0,0.0
2022-03-03 00:00:00-05:00,5.550000190734863,5.550000190734863,5.300000190734863,5.380000114440918,713000,0.0,0.0
2022-03-04 00:00:00-05:00,5.300000190734863,5.349999904632568,5.119999885559082,5.199999809265137,1119900,0.0,0.0
2022-03-07 00:00:00-05:00,5.105000019073486,5.514999866485596,5.105000019073486,5.320000171661377,1270600,0.0,0.0
2022-03-08 00:00:00-05:00,5.300000190734863,5.699999809265137,5.284999847412109,5.539999961853027,1457000,0.0,0.0
2022-03-09 00:00:00-05:00,5.630000114440918,6.230000019073486,5.622000217437744,6.110000133514404,2284200,0.0,0.0
2022-03-10 00:00:00-05:00,6.0,6.369999885559082,5.88100004196167,6.349999904632568,1399400,0.0,0.0
2022-03-11 00:00:00-05:00,6.449999809265137,6.519999980926514,6.039999961853027,6.070000171661377,1750900,0.0,0.0
2022-03-14 00:00:00-04:00,6.070000171661377,6.099999904632568,5.789999961853027,5.940000057220459,1755700,0.0,0.0
2022-03-15 00:00:00-04:00,5.940000057220459,6.019999980926514,5.824999809265137,5.989999771118164,1455600,0.0,0.0
2022-03-16 00:00:00-04:00,6.099999904632568,6.264999866485596,5.994999885559082,6.090000152587891,2152900,0.0,0.0
2022-03-17 00:00:00-04:00,6.130000114440918,7.210000038146973,6.099999904632568,7.110000133514404,3551900,0.0,0.0
2022-03-18 00:00:00-04:00,7.050000190734863,7.433000087738037,7.019999980926514,7.199999809265137,2219600,0.0,0.0
2022-03-21 00:00:00-04:00,7.230000019073486,7.269999980926514,6.929999828338623,6.949999809265137,1458900,0.0,0.0
2022-03-22 00:00:00-04:00,7.03000020980835,7.070000171661377,6.800000190734863,6.860000133514404,1493800,0.0,0.0
2022-03-23 00:00:00-04:00,6.840000152587891,6.96999979019165,6.723999977111816,6.869999885559082,977100,0.0,0.0
2022-03-24 00:00:00-04:00,6.869999885559082,7.070000171661377,6.815000057220459,6.900000095367432,980000,0.0,0.0
2022-03-25 00:00:00-04:00,6.900000095367432,6.960000038146973,6.78000020980835,6.900000095367432,823700,0.0,0.0
2022-03-28 00:00:00-04:00,6.860000133514404,6.929999828338623,6.590000152587891,6.71999979019165,1033900,0.0,0.0
2022-03-29 00:00:00-04:00,6.860000133514404,6.929999828338623,6.690000057220459,6.889999866485596,856600,0.0,0.0
2022-03-30 00:00:00-04:00,6.900000095367432,6.900000095367432,6.574999809265137,6.610000133514404,874100,0.0,0.0
2022-03-31 00:00:00-04:00,6.639999866485596,6.639999866485596,6.519999980926514,6.579999923706055,621100,0.0,0.0
2022-04-01 00:00:00-04:00,6.630000114440918,6.840000152587891,6.590000152587891,6.71999979019165,686700,0.0,0.0
2022-04-04 00:00:00-04:00,6.75,6.920000076293945,6.681000232696533,6.889999866485596,656300,0.0,0.0
2022-04-05 00:00:00-04:00,6.900000095367432,6.960000038146973,6.570000171661377,6.630000114440918,772500,0.0,0.0
2022-04-06 00:00:00-04:00,6.489999771118164,6.550000190734863,6.264999866485596,6.440000057220459,855000,0.0,0.0
2022-04-07 00:00:00-04:00,6.380000114440918,6.480000019073486,6.239999771118164,6.320000171661377,657500,0.0,0.0
2022-04-08 00:00:00-04:00,6.300000190734863,6.429999828338623,6.15500020980835,6.329999923706055,890000,0.0,0.0
2022-04-11 00:00:00-04:00,6.239999771118164,6.414999961853027,6.1519999504089355,6.340000152587891,884800,0.0,0.0
2022-04-12 00:00:00-04:00,6.440000057220459,6.650000095367432,6.320000171661377,6.420000076293945,606300,0.0,0.0
2022-04-13 00:00:00-04:00,6.460000038146973,6.860000133514404,6.440000057220459,6.840000152587891,1037300,0.0,0.0
2022-04-14 00:00:00-04:00,6.860000133514404,6.860000133514404,6.664999961853027,6.739999771118164,601400,0.0,0.0
2022-04-18 00:00:00-04:00,6.71999979019165,6.764999866485596,6.559999942779541,6.679999828338623,608600,0.0,0.0
2022-04-19 00:00:00-04:00,6.71999979019165,7.135000228881836,6.610000133514404,7.099999904632568,1353000,0.0,0.0
2022-04-20 00:00:00-04:00,7.150000095367432,7.320000171661377,6.90500020980835,7.059999942779541,1241300,0.0,0.0
2022-04-21 00:00:00-04:00,7.130000114440918,7.199999809265137,6.730000019073486,6.739999771118164,839600,0.0,0.0
2022-04-22 00:00:00-04:00,6.690000057220459,6.840000152587891,6.429999828338623,6.519999980926514,833900,0.0,0.0
2022-04-25 00:00:00-04:00,6.46999979019165,6.644999980926514,6.335000038146973,6.619999885559082,789900,0.0,0.0
2022-04-26 00:00:00-04:00,6.550000190734863,6.579999923706055,6.369999885559082,6.53000020980835,758800,0.0,0.0
2022-04-27 00:00:00-04:00,6.510000228881836,6.71999979019165,6.260000228881836,6.289999961853027,1421900,0.0,0.0
2022-04-28 00:00:00-04:00,6.400000095367432,6.59499979019165,6.090000152587891,6.579999923706055,1287300,0.0,0.0
2022-04-29 00:00:00-04:00,6.4710001945495605,6.679999828338623,6.440000057220459,6.489999771118164,721200,0.0,0.0
2022-05-02 00:00:00-04:00,6.510000228881836,6.710000038146973,6.380000114440918,6.699999809265137,829800,0.0,0.0
2022-05-03 00:00:00-04:00,6.670000076293945,6.909999847412109,6.610000133514404,6.869999885559082,815700,0.0,0.0
2022-05-04 00:00:00-04:00,6.849999904632568,6.860000133514404,6.199999809265137,6.730000019073486,1714500,0.0,0.0
2022-05-05 00:00:00-04:00,6.639999866485596,6.639999866485596,6.269999980926514,6.420000076293945,1074000,0.0,0.0
2022-05-06 00:00:00-04:00,6.400000095367432,6.574999809265137,6.065000057220459,6.429999828338623,1625600,0.0,0.0
2022-05-09 00:00:00-04:00,6.289999961853027,6.289999961853027,5.789999961853027,5.789999961853027,2169400,0.0,0.0
2022-05-10 00:00:00-04:00,6.360000133514404,6.360000133514404,5.300000190734863,5.519999980926514,2047500,0.0,0.0
2022-05-11 00:00:00-04:00,5.489999771118164,5.748000144958496,5.260000228881836,5.460000038146973,1298900,0.0,0.0
2022-05-12 00:00:00-04:00,5.389999866485596,5.849999904632568,5.320000171661377,5.710000038146973,1591600,0.0,0.0
2022-05-13 00:00:00-04:00,5.860000133514404,6.295000076293945,5.809999942779541,6.230000019073486,1417300,0.0,0.0
2022-05-16 00:00:00-04:00,6.230000019073486,6.40500020980835,5.980000019073486,6.010000228881836,1587000,0.0,0.0
2022-05-17 00:00:00-04:00,6.150000095367432,6.429999828338623,6.099999904632568,6.420000076293945,876600,0.0,0.0
2022-05-18 00:00:00-04:00,6.369999885559082,6.730000019073486,6.28000020980835,6.400000095367432,1451800,0.0,0.0
2022-05-19 00:00:00-04:00,6.369999885559082,6.710000038146973,6.309999942779541,6.630000114440918,1042000,0.0,0.0
2022-05-20 00:00:00-04:00,6.800000190734863,6.820000171661377,6.317999839782715,6.539999961853027,729500,0.0,0.0
2022-05-23 00:00:00-04:00,6.650000095367432,6.894999980926514,6.485000133514404,6.829999923706055,1073800,0.0,0.0
2022-05-24 00:00:00-04:00,6.739999771118164,6.960000038146973,6.614999771118164,6.869999885559082,1059700,0.0,0.0
2022-05-25 00:00:00-04:00,6.739999771118164,6.934999942779541,6.599999904632568,6.900000095367432,990200,0.0,0.0
2022-05-26 00:00:00-04:00,6.980000019073486,7.195000171661377,6.920000076293945,6.949999809265137,998700,0.0,0.0
2022-05-27 00:00:00-04:00,7.03000020980835,7.184999942779541,7.0,7.050000190734863,1239300,0.0,0.0
2022-05-31 00:00:00-04:00,7.050000190734863,7.204999923706055,7.010000228881836,7.079999923706055,1115100,0.0,0.0
2022-06-01 00:00:00-04:00,7.170000076293945,7.289999961853027,6.945000171661377,7.03000020980835,1137600,0.0,0.0
2022-06-02 00:00:00-04:00,7.050000190734863,7.710000038146973,6.980000019073486,7.699999809265137,2855800,0.0,0.0
2022-06-03 00:00:00-04:00,7.519999980926514,7.679999828338623,6.940000057220459,6.96999979019165,2092900,0.0,0.0
2022-06-06 00:00:00-04:00,7.300000190734863,7.34499979019165,6.929999828338623,7.050000190734863,2330200,0.0,0.0
2022-06-07 00:00:00-04:00,6.960000038146973,7.110000133514404,6.644999980926514,6.949999809265137,1684100,0.0,0.0
2022-06-08 00:00:00-04:00,6.860000133514404,6.994999885559082,6.710000038146973,6.769999980926514,1109000,0.0,0.0
2022-06-09 00:00:00-04:00,6.760000228881836,6.760000228881836,6.340000152587891,6.369999885559082,1010700,0.0,0.0
2022-06-10 00:00:00-04:00,6.230000019073486,6.360000133514404,6.126999855041504,6.159999847412109,859600,0.0,0.0
2022-06-13 00:00:00-04:00,5.980000019073486,6.03000020980835,5.579999923706055,5.650000095367432,1907500,0.0,0.0
2022-06-14 00:00:00-04:00,5.71999979019165,5.949999809265137,5.489999771118164,5.590000152587891,1504500,0.0,0.0
2022-06-15 00:00:00-04:00,5.659999847412109,5.96999979019165,5.579999923706055,5.880000114440918,1324200,0.0,0.0
2022-06-16 00:00:00-04:00,5.614999771118164,5.760000228881836,5.590000152587891,5.659999847412109,1585000,0.0,0.0
2022-06-17 00:00:00-04:00,5.71999979019165,5.929999828338623,5.650000095367432,5.869999885559082,1195600,0.0,0.0
2022-06-21 00:00:00-04:00,5.940000057220459,6.139999866485596,5.829999923706055,5.829999923706055,1340600,0.0,0.0
2022-06-22 00:00:00-04:00,5.730000019073486,5.769999980926514,5.480000019073486,5.519999980926514,1325800,0.0,0.0
2022-06-23 00:00:00-04:00,5.519999980926514,5.619999885559082,5.375,5.440000057220459,1660300,0.0,0.0
2022-06-24 00:00:00-04:00,5.460000038146973,5.670000076293945,5.235000133514404,5.269999980926514,14187200,0.0,0.0
2022-06-27 00:00:00-04:00,5.320000171661377,5.474999904632568,5.179999828338623,5.260000228881836,1757400,0.0,0.0
2022-06-28 00:00:00-04:00,5.300000190734863,5.389999866485596,5.099999904632568,5.110000133514404,1818500,0.0,0.0
2022-06-29 00:00:00-04:00,5.079999923706055,5.139999866485596,4.869999885559082,5.050000190734863,1875600,0.0,0.0
2022-06-30 00:00:00-04:00,4.980000019073486,5.119999885559082,4.875,5.119999885559082,1534400,0.0,0.0
2022-07-01 00:00:00-04:00,5.019999980926514,5.090000152587891,4.869999885559082,5.019999980926514,1077400,0.0,0.0
2022-07-05 00:00:00-04:00,4.909999847412109,5.179999828338623,4.840000152587891,5.179999828338623,1150400,0.0,0.0
2022-07-06 00:00:00-04:00,5.199999809265137,5.25,5.070000171661377,5.170000076293945,792900,0.0,0.0
2022-07-07 00:00:00-04:00,5.210000038146973,5.550000190734863,5.210000038146973,5.539999961853027,1137100,0.0,0.0
2022-07-08 00:00:00-04:00,5.46999979019165,5.639999866485596,5.401000022888184,5.480000019073486,894400,0.0,0.0
2022-07-11 00:00:00-04:00,5.409999847412109,5.460000038146973,5.230000019073486,5.239999771118164,621900,0.0,0.0
2022-07-12 00:00:00-04:00,5.210000038146973,5.369999885559082,5.210000038146973,5.28000020980835,561200,0.0,0.0
2022-07-13 00:00:00-04:00,5.199999809265137,5.400000095367432,5.150000095367432,5.320000171661377,587700,0.0,0.0
2022-07-14 00:00:00-04:00,5.199999809265137,5.320000171661377,5.15500020980835,5.309999942779541,452600,0.0,0.0
2022-07-15 00:00:00-04:00,5.429999828338623,5.429999828338623,5.190000057220459,5.300000190734863,816100,0.0,0.0
2022-07-18 00:00:00-04:00,5.349999904632568,5.514999866485596,5.260000228881836,5.28000020980835,673700,0.0,0.0
2022-07-19 00:00:00-04:00,5.369999885559082,5.554999828338623,5.340000152587891,5.480000019073486,845300,0.0,0.0
2022-07-20 00:00:00-04:00,5.489999771118164,5.599999904632568,5.425000190734863,5.550000190734863,1003400,0.0,0.0
2022-07-21 00:00:00-04:00,5.570000171661377,5.570000171661377,5.420000076293945,5.53000020980835,792300,0.0,0.0
2022-07-22 00:00:00-04:00,5.539999961853027,5.550000190734863,5.264999866485596,5.28000020980835,681400,0.0,0.0
2022-07-25 00:00:00-04:00,5.329999923706055,5.369999885559082,5.269999980926514,5.349999904632568,548200,0.0,0.0
2022-07-26 00:00:00-04:00,5.349999904632568,5.440000057220459,5.260000228881836,5.369999885559082,577800,0.0,0.0
2022-07-27 00:00:00-04:00,5.420000076293945,5.489999771118164,5.34499979019165,5.429999828338623,1015800,0.0,0.0
2022-07-28 00:00:00-04:00,5.449999809265137,5.619999885559082,5.349999904632568,5.619999885559082,1041400,0.0,0.0
2022-07-29 00:00:00-04:00,5.639999866485596,5.920000076293945,5.639999866485596,5.880000114440918,1075100,0.0,0.0
2022-08-01 00:00:00-04:00,5.815000057220459,5.869999885559082,5.650000095367432,5.840000152587891,1064700,0.0,0.0
2022-08-02 00:00:00-04:00,5.78000020980835,6.065000057220459,5.765999794006348,5.989999771118164,1438900,0.0,0.0
2022-08-03 00:00:00-04:00,6.0,6.380000114440918,5.989999771118164,6.269999980926514,1223900,0.0,0.0
2022-08-04 00:00:00-04:00,6.15500020980835,6.809999942779541,6.130000114440918,6.730000019073486,1896300,0.0,0.0
2022-08-05 00:00:00-04:00,6.670000076293945,7.010000228881836,6.590000152587891,6.679999828338623,1480700,0.0,0.0
2022-08-08 00:00:00-04:00,6.829999923706055,7.420000076293945,6.789999961853027,7.079999923706055,2745900,0.0,0.0
2022-08-09 00:00:00-04:00,6.980000019073486,7.170000076293945,6.71999979019165,6.760000228881836,1175500,0.0,0.0
2022-08-10 00:00:00-04:00,6.900000095367432,7.074999809265137,6.699999809265137,7.019999980926514,1172200,0.0,0.0
2022-08-11 00:00:00-04:00,7.010000228881836,7.25,6.960000038146973,6.989999771118164,1073700,0.0,0.0
2022-08-12 00:00:00-04:00,7.050000190734863,7.349999904632568,6.920000076293945,7.300000190734863,2132900,0.0,0.0
2022-08-15 00:00:00-04:00,7.235000133514404,7.260000228881836,7.050000190734863,7.079999923706055,1027000,0.0,0.0
2022-08-16 00:00:00-04:00,7.039999961853027,7.105000019073486,6.914999961853027,6.989999771118164,1178800,0.0,0.0
2022-08-17 00:00:00-04:00,6.880000114440918,6.920000076293945,6.659999847412109,6.900000095367432,1054200,0.0,0.0
2022-08-18 00:00:00-04:00,6.940000057220459,6.960000038146973,6.570000171661377,6.579999923706055,794300,0.0,0.0
2022-08-19 00:00:00-04:00,6.440000057220459,6.519999980926514,6.199999809265137,6.25,1047500,0.0,0.0
2022-08-22 00:00:00-04:00,6.099999904632568,6.159999847412109,6.025000095367432,6.150000095367432,863000,0.0,0.0
2022-08-23 00:00:00-04:00,6.170000076293945,6.224999904632568,6.0,6.150000095367432,1013200,0.0,0.0
2022-08-24 00:00:00-04:00,6.139999866485596,6.440000057220459,6.090000152587891,6.369999885559082,1052000,0.0,0.0
2022-08-25 00:00:00-04:00,6.432000160217285,6.465000152587891,6.320000171661377,6.460000038146973,575300,0.0,0.0
2022-08-26 00:00:00-04:00,6.440000057220459,6.480000019073486,6.190000057220459,6.210000038146973,600400,0.0,0.0
2022-08-29 00:00:00-04:00,6.150000095367432,6.295000076293945,6.119999885559082,6.230000019073486,491300,0.0,0.0
2022-08-30 00:00:00-04:00,6.289999961853027,6.300000190734863,6.135000228881836,6.179999828338623,599600,0.0,0.0
2022-08-31 00:00:00-04:00,6.199999809265137,6.260000228881836,6.150000095367432,6.25,617700,0.0,0.0
2022-09-01 00:00:00-04:00,6.199999809265137,6.199999809265137,5.960000038146973,6.039999961853027,961800,0.0,0.0
2022-09-02 00:00:00-04:00,6.119999885559082,6.15500020980835,5.920000076293945,5.96999979019165,585100,0.0,0.0
2022-09-06 00:00:00-04:00,6.0,6.179999828338623,5.989999771118164,6.090000152587891,809400,0.0,0.0
2022-09-07 00:00:00-04:00,6.079999923706055,6.260000228881836,5.980000019073486,6.260000228881836,630900,0.0,0.0
2022-09-08 00:00:00-04:00,6.230000019073486,6.275000095367432,6.090000152587891,6.130000114440918,680400,0.0,0.0
2022-09-09 00:00:00-04:00,6.179999828338623,6.313000202178955,6.159999847412109,6.269999980926514,699800,0.0,0.0
2022-09-12 00:00:00-04:00,6.309999942779541,6.369999885559082,6.199999809265137,6.320000171661377,572500,0.0,0.0
2022-09-13 00:00:00-04:00,6.070000171661377,6.150000095367432,6.019999980926514,6.099999904632568,1308100,0.0,0.0
2022-09-14 00:00:00-04:00,6.070000171661377,6.09499979019165,5.809999942779541,5.900000095367432,1373500,0.0,0.0
2022-09-15 00:00:00-04:00,5.860000133514404,6.084000110626221,5.800000190734863,5.860000133514404,1046600,0.0,0.0
2022-09-16 00:00:00-04:00,5.739999771118164,5.739999771118164,5.534999847412109,5.559999942779541,1663800,0.0,0.0
2022-09-19 00:00:00-04:00,5.53000020980835,5.630000114440918,5.46999979019165,5.619999885559082,878600,0.0,0.0
2022-09-20 00:00:00-04:00,5.550000190734863,5.579999923706055,5.440000057220459,5.480000019073486,666600,0.0,0.0
2022-09-21 00:00:00-04:00,5.5,5.639999866485596,5.409999847412109,5.429999828338623,813500,0.0,0.0
2022-09-22 00:00:00-04:00,5.440000057220459,5.489999771118164,5.139999866485596,5.199999809265137,1284900,0.0,0.0
2022-09-23 00:00:00-04:00,5.150000095367432,5.179999828338623,4.96999979019165,5.110000133514404,1370200,0.0,0.0
2022-09-26 00:00:00-04:00,5.110000133514404,5.360000133514404,5.085000038146973,5.170000076293945,910600,0.0,0.0
2022-09-27 00:00:00-04:00,5.239999771118164,5.349999904632568,5.170000076293945,5.210000038146973,507100,0.0,0.0
2022-09-28 00:00:00-04:00,5.199999809265137,5.480000019073486,5.179999828338623,5.460000038146973,766700,0.0,0.0
2022-09-29 00:00:00-04:00,5.380000114440918,5.400000095367432,5.179999828338623,5.389999866485596,1500000,0.0,0.0
2022-09-30 00:00:00-04:00,5.349999904632568,5.380000114440918,5.150000095367432,5.159999847412109,1263500,0.0,0.0
2022-10-03 00:00:00-04:00,5.210000038146973,5.349999904632568,5.139999866485596,5.300000190734863,733300,0.0,0.0
2022-10-04 00:00:00-04:00,5.400000095367432,5.510000228881836,5.360000133514404,5.480000019073486,896100,0.0,0.0
2022-10-05 00:00:00-04:00,5.380000114440918,5.400000095367432,5.21999979019165,5.320000171661377,795800,0.0,0.0
2022-10-06 00:00:00-04:00,5.309999942779541,5.429999828338623,5.255000114440918,5.289999961853027,482200,0.0,0.0
2022-10-07 00:00:00-04:00,5.199999809265137,5.230000019073486,5.059999942779541,5.090000152587891,665000,0.0,0.0
2022-10-10 00:00:00-04:00,5.119999885559082,5.119999885559082,4.985000133514404,5.090000152587891,799300,0.0,0.0
2022-10-11 00:00:00-04:00,5.050000190734863,5.130000114440918,4.929999828338623,5.0,800700,0.0,0.0
2022-10-12 00:00:00-04:00,5.019999980926514,5.039999961853027,4.910999774932861,5.0,667700,0.0,0.0
2022-10-13 00:00:00-04:00,4.880000114440918,5.255000114440918,4.849999904632568,5.239999771118164,925100,0.0,0.0
2022-10-14 00:00:00-04:00,5.320000171661377,5.320000171661377,4.994999885559082,5.010000228881836,714400,0.0,0.0
2022-10-17 00:00:00-04:00,5.110000133514404,5.204999923706055,5.014999866485596,5.079999923706055,982500,0.0,0.0
2022-10-18 00:00:00-04:00,5.150000095367432,5.28000020980835,5.085000038146973,5.130000114440918,668200,0.0,0.0
2022-10-19 00:00:00-04:00,5.059999942779541,5.105000019073486,4.949999809265137,5.050000190734863,838700,0.0,0.0
2022-10-20 00:00:00-04:00,5.059999942779541,5.195000171661377,4.940000057220459,4.980000019073486,818200,0.0,0.0
2022-10-21 00:00:00-04:00,5.03000020980835,5.159999847412109,4.940000057220459,5.139999866485596,794400,0.0,0.0
2022-10-24 00:00:00-04:00,5.179999828338623,5.269999980926514,5.085000038146973,5.210000038146973,787300,0.0,0.0
2022-10-25 00:00:00-04:00,5.21999979019165,5.619999885559082,5.210000038146973,5.550000190734863,918300,0.0,0.0
2022-10-26 00:00:00-04:00,5.539999961853027,5.690000057220459,5.460000038146973,5.559999942779541,976700,0.0,0.0
2022-10-27 00:00:00-04:00,5.630000114440918,5.675000190734863,5.465000152587891,5.489999771118164,686900,0.0,0.0
2022-10-28 00:00:00-04:00,5.510000228881836,5.684999942779541,5.40500020980835,5.639999866485596,751000,0.0,0.0
2022-10-31 00:00:00-04:00,5.630000114440918,5.704999923706055,5.539999961853027,5.679999828338623,706800,0.0,0.0
2022-11-01 00:00:00-04:00,5.769999980926514,5.849999904632568,5.605000019073486,5.630000114440918,725200,0.0,0.0
2022-11-02 00:00:00-04:00,5.630000114440918,5.679999828338623,5.300000190734863,5.300000190734863,967100,0.0,0.0
2022-11-03 00:00:00-04:00,5.300000190734863,5.380000114440918,5.21999979019165,5.320000171661377,940100,0.0,0.0
2022-11-04 00:00:00-04:00,5.590000152587891,5.784999847412109,5.480000019073486,5.659999847412109,959300,0.0,0.0
2022-11-07 00:00:00-05:00,5.71999979019165,5.820000171661377,5.494999885559082,5.590000152587891,803200,0.0,0.0
2022-11-08 00:00:00-05:00,5.599999904632568,5.670000076293945,5.40500020980835,5.489999771118164,922700,0.0,0.0
2022-11-09 00:00:00-05:00,5.420000076293945,5.5,5.320000171661377,5.349999904632568,771000,0.0,0.0
2022-11-10 00:00:00-05:00,5.619999885559082,5.75,5.593999862670898,5.75,1264400,0.0,0.0
2022-11-11 00:00:00-05:00,5.75,5.900000095367432,5.369999885559082,5.820000171661377,1760400,0.0,0.0
2022-11-14 00:00:00-05:00,5.75,5.829999923706055,5.659999847412109,5.739999771118164,600200,0.0,0.0
2022-11-15 00:00:00-05:00,5.800000190734863,5.940000057220459,5.614999771118164,5.679999828338623,769700,0.0,0.0
2022-11-16 00:00:00-05:00,5.610000133514404,5.635000228881836,5.502999782562256,5.519999980926514,600000,0.0,0.0
2022-11-17 00:00:00-05:00,5.4029998779296875,5.46999979019165,5.349999904632568,5.420000076293945,633900,0.0,0.0
2022-11-18 00:00:00-05:00,5.539999961853027,5.539999961853027,5.360000133514404,5.389999866485596,507200,0.0,0.0
2022-11-21 00:00:00-05:00,5.320000171661377,5.360000133514404,5.239999771118164,5.289999961853027,518800,0.0,0.0
2022-11-22 00:00:00-05:00,5.329999923706055,5.335000038146973,5.260000228881836,5.329999923706055,402100,0.0,0.0
2022-11-23 00:00:00-05:00,5.340000152587891,5.550000190734863,5.340000152587891,5.539999961853027,526700,0.0,0.0
2022-11-25 00:00:00-05:00,5.519999980926514,5.679999828338623,5.46999979019165,5.639999866485596,305000,0.0,0.0
2022-11-28 00:00:00-05:00,5.610000133514404,5.610000133514404,5.409999847412109,5.449999809265137,720300,0.0,0.0
2022-11-29 00:00:00-05:00,5.449999809265137,5.5,5.380000114440918,5.400000095367432,579100,0.0,0.0
2022-11-30 00:00:00-05:00,5.429999828338623,5.590000152587891,5.369999885559082,5.570000171661377,833800,0.0,0.0
2022-12-01 00:00:00-05:00,5.619999885559082,5.760000228881836,5.519999980926514,5.599999904632568,700300,0.0,0.0
2022-12-02 00:00:00-05:00,5.510000228881836,5.559999942779541,5.5,5.53000020980835,682400,0.0,0.0
2022-12-05 00:00:00-05:00,5.539999961853027,5.639999866485596,5.449999809265137,5.619999885559082,814300,0.0,0.0
2022-12-06 00:00:00-05:00,5.590000152587891,5.630000114440918,5.355000019073486,5.369999885559082,808100,0.0,0.0
2022-12-07 00:00:00-05:00,5.340000152587891,5.519999980926514,5.327000141143799,5.480000019073486,613900,0.0,0.0
2022-12-08 00:00:00-05:00,5.5,5.650000095367432,5.429999828338623,5.510000228881836,950700,0.0,0.0
2022-12-09 00:00:00-05:00,5.480000019073486,5.619999885559082,5.420000076293945,5.449999809265137,553000,0.0,0.0
2022-12-12 00:00:00-05:00,5.460000038146973,5.51800012588501,5.400000095367432,5.489999771118164,596900,0.0,0.0
2022-12-13 00:00:00-05:00,5.710000038146973,5.945000171661377,5.400000095367432,5.440000057220459,1209100,0.0,0.0
2022-12-14 00:00:00-05:00,5.429999828338623,5.556000232696533,5.349999904632568,5.429999828338623,748200,0.0,0.0
2022-12-15 00:00:00-05:00,5.349999904632568,5.440000057220459,5.289999961853027,5.320000171661377,720200,0.0,0.0
2022-12-16 00:00:00-05:00,5.21999979019165,5.300000190734863,5.114999771118164,5.210000038146973,1169900,0.0,0.0
2022-12-19 00:00:00-05:00,5.199999809265137,5.199999809265137,5.0,5.050000190734863,872600,0.0,0.0
2022-12-20 00:00:00-05:00,5.019999980926514,5.159999847412109,4.980000019073486,5.03000020980835,758800,0.0,0.0
2022-12-21 00:00:00-05:00,5.070000171661377,5.139999866485596,4.989999771118164,5.110000133514404,508100,0.0,0.0
2022-12-22 00:00:00-05:00,5.070000171661377,5.079999923706055,4.820000171661377,4.929999828338623,1086600,0.0,0.0
2022-12-23 00:00:00-05:00,4.909999847412109,4.954999923706055,4.78000020980835,4.940000057220459,695500,0.0,0.0
2022-12-27 00:00:00-05:00,4.949999809265137,4.949999809265137,4.329999923706055,4.349999904632568,2164300,0.0,0.0
2022-12-28 00:00:00-05:00,4.340000152587891,4.375,4.184999942779541,4.230000019073486,1143600,0.0,0.0
2022-12-29 00:00:00-05:00,4.300000190734863,4.539999961853027,4.25,4.489999771118164,1183600,0.0,0.0
2022-12-30 00:00:00-05:00,4.449999809265137,4.639999866485596,4.385000228881836,4.610000133514404,1308800,0.0,0.0
2023-01-03 00:00:00-05:00,4.650000095367432,4.760000228881836,4.519999980926514,4.630000114440918,1269400,0.0,0.0
2023-01-04 00:00:00-05:00,4.840000152587891,4.960000038146973,4.664999961853027,4.920000076293945,1172800,0.0,0.0
2023-01-05 00:00:00-05:00,4.900000095367432,4.940000057220459,4.789999961853027,4.849999904632568,461600,0.0,0.0
2023-01-06 00:00:00-05:00,4.940000057220459,5.059999942779541,4.869999885559082,5.019999980926514,830100,0.0,0.0
2023-01-09 00:00:00-05:00,5.079999923706055,5.260000228881836,5.050000190734863,5.190000057220459,647600,0.0,0.0
2023-01-10 00:00:00-05:00,5.170000076293945,5.260000228881836,5.10099983215332,5.260000228881836,531200,0.0,0.0
2023-01-11 00:00:00-05:00,5.260000228881836,5.364999771118164,5.239999771118164,5.309999942779541,777900,0.0,0.0
2023-01-12 00:00:00-05:00,5.360000133514404,5.565000057220459,5.300000190734863,5.539999961853027,765400,0.0,0.0
2023-01-13 00:00:00-05:00,5.485000133514404,5.550000190734863,5.425000190734863,5.5,693000,0.0,0.0
2023-01-17 00:00:00-05:00,5.519999980926514,5.525000095367432,5.409999847412109,5.5,651300,0.0,0.0
2023-01-18 00:00:00-05:00,5.570000171661377,5.71999979019165,5.409999847412109,5.420000076293945,761500,0.0,0.0
2023-01-19 00:00:00-05:00,5.400000095367432,5.400000095367432,5.275000095367432,5.329999923706055,370400,0.0,0.0
2023-01-20 00:00:00-05:00,5.420000076293945,5.554999828338623,5.315000057220459,5.510000228881836,688200,0.0,0.0
2023-01-23 00:00:00-05:00,5.510000228881836,5.550000190734863,5.429999828338623,5.550000190734863,651900,0.0,0.0
2023-01-24 00:00:00-05:00,5.489999771118164,5.664999961853027,5.440000057220459,5.630000114440918,517200,0.0,0.0
2023-01-25 00:00:00-05:00,5.570000171661377,5.704999923706055,5.5,5.579999923706055,564100,0.0,0.0
2023-01-26 00:00:00-05:00,5.639999866485596,5.6579999923706055,5.517000198364258,5.619999885559082,734900,0.0,0.0
2023-01-27 00:00:00-05:00,5.630000114440918,6.0,5.610000133514404,5.929999828338623,1277600,0.0,0.0
2023-01-30 00:00:00-05:00,5.909999847412109,6.079999923706055,5.809999942779541,6.0,1557100,0.0,0.0
2023-01-31 00:00:00-05:00,6.050000190734863,6.065000057220459,5.960000038146973,6.050000190734863,767100,0.0,0.0
2023-02-01 00:00:00-05:00,6.019999980926514,6.059999942779541,5.744999885559082,5.960000038146973,1077500,0.0,0.0
2023-02-02 00:00:00-05:00,6.0,6.21999979019165,5.965000152587891,6.050000190734863,1208000,0.0,0.0
2023-02-03 00:00:00-05:00,5.960000038146973,6.25,5.949999809265137,6.010000228881836,886500,0.0,0.0
2023-02-06 00:00:00-05:00,6.260000228881836,6.260000228881836,5.840000152587891,5.949999809265137,946000,0.0,0.0
2023-02-07 00:00:00-05:00,6.0,6.150000095367432,5.755000114440918,6.039999961853027,2695000,0.0,0.0
2023-02-08 00:00:00-05:00,6.050000190734863,6.050000190734863,5.763999938964844,5.800000190734863,908500,0.0,0.0
2023-02-09 00:00:00-05:00,5.860000133514404,5.889999866485596,5.474999904632568,5.519999980926514,1190800,0.0,0.0
2023-02-10 00:00:00-05:00,5.5,5.5,5.139999866485596,5.289999961853027,2193100,0.0,0.0
2023-02-13 00:00:00-05:00,5.309999942779541,5.349999904632568,5.119999885559082,5.139999866485596,1026400,0.0,0.0
2023-02-14 00:00:00-05:00,5.099999904632568,5.150000095367432,4.927999973297119,5.150000095367432,2372900,0.0,0.0
2023-02-15 00:00:00-05:00,5.119999885559082,5.139999866485596,4.934999942779541,5.119999885559082,2001600,0.0,0.0
2023-02-16 00:00:00-05:00,5.019999980926514,5.070000171661377,4.929999828338623,4.929999828338623,1407800,0.0,0.0
2023-02-17 00:00:00-05:00,4.949999809265137,4.989999771118164,4.836999893188477,4.909999847412109,1121300,0.0,0.0
2023-02-21 00:00:00-05:00,4.965000152587891,4.965000152587891,4.675000190734863,4.699999809265137,2666400,0.0,0.0
2023-02-22 00:00:00-05:00,4.75,4.820000171661377,4.670000076293945,4.789999961853027,1622800,0.0,0.0
2023-02-23 00:00:00-05:00,4.849999904632568,4.989999771118164,4.78000020980835,4.840000152587891,2157600,0.0,0.0
2023-02-24 00:00:00-05:00,4.800000190734863,5.130000114440918,4.679999828338623,4.96999979019165,2265600,0.0,0.0
2023-02-27 00:00:00-05:00,4.989999771118164,5.190000057220459,4.769999980926514,4.800000190734863,1394800,0.0,0.0
2023-02-28 00:00:00-05:00,4.809999942779541,4.849999904632568,4.670000076293945,4.800000190734863,1081100,0.0,0.0
2023-03-01 00:00:00-05:00,4.760000228881836,4.800000190734863,4.630000114440918,4.75,1080700,0.0,0.0
2023-03-02 00:00:00-05:00,4.670000076293945,4.75,4.60099983215332,4.75,722000,0.0,0.0
2023-03-03 00:00:00-05:00,4.789999961853027,4.800000190734863,4.630000114440918,4.789999961853027,1751600,0.0,0.0
2023-03-06 00:00:00-05:00,4.789999961853027,4.800000190734863,4.590000152587891,4.639999866485596,991700,0.0,0.0
2023-03-07 00:00:00-05:00,4.619999885559082,4.6620001792907715,4.400000095367432,4.420000076293945,1527000,0.0,0.0
2023-03-08 00:00:00-05:00,4.420000076293945,4.489999771118164,4.360000133514404,4.46999979019165,783500,0.0,0.0
2023-03-09 00:00:00-05:00,4.46999979019165,4.510000228881836,4.239999771118164,4.25,1412800,0.0,0.0
2023-03-10 00:00:00-05:00,4.25,4.309999942779541,4.050000190734863,4.130000114440918,1759800,0.0,0.0
2023-03-13 00:00:00-04:00,4.03000020980835,4.175000190734863,3.9700000286102295,4.050000190734863,1366200,0.0,0.0
2023-03-14 00:00:00-04:00,4.170000076293945,4.21999979019165,4.039999961853027,4.110000133514404,1245600,0.0,0.0
2023-03-15 00:00:00-04:00,4.010000228881836,4.025000095367432,3.859999895095825,3.990000009536743,2163600,0.0,0.0
2023-03-16 00:00:00-04:00,3.950000047683716,4.090000152587891,3.8949999809265137,4.059999942779541,1127900,0.0,0.0
2023-03-17 00:00:00-04:00,4.039999961853027,4.070000171661377,3.940000057220459,3.940000057220459,1449200,0.0,0.0
2023-03-20 00:00:00-04:00,3.9700000286102295,4.025000095367432,3.809999942779541,3.819999933242798,1194400,0.0,0.0
2023-03-21 00:00:00-04:00,3.9000000953674316,3.9700000286102295,3.8399999141693115,3.950000047683716,1069200,0.0,0.0
2023-03-22 00:00:00-04:00,3.9600000381469727,4.039999961853027,3.869999885559082,3.890000104904175,1091400,0.0,0.0
2023-03-23 00:00:00-04:00,3.9000000953674316,4.09499979019165,3.890000104904175,3.9200000762939453,1011700,0.0,0.0
2023-03-24 00:00:00-04:00,3.880000114440918,3.9700000286102295,3.819999933242798,3.9600000381469727,739200,0.0,0.0
2023-03-27 00:00:00-04:00,4.0,4.034999847412109,3.9000000953674316,3.930000066757202,859000,0.0,0.0
2023-03-28 00:00:00-04:00,3.930000066757202,3.950000047683716,3.8540000915527344,3.869999885559082,708100,0.0,0.0
2023-03-29 00:00:00-04:00,3.9000000953674316,3.9800000190734863,3.859999895095825,3.9800000190734863,810200,0.0,0.0
2023-03-30 00:00:00-04:00,4.010000228881836,4.21999979019165,4.010000228881836,4.130000114440918,1262300,0.0,0.0
2023-03-31 00:00:00-04:00,4.168000221252441,4.315000057220459,4.119999885559082,4.269999980926514,1086400,0.0,0.0
2023-04-03 00:00:00-04:00,4.269999980926514,4.335000038146973,4.119999885559082,4.150000095367432,1056800,0.0,0.0
2023-04-04 00:00:00-04:00,4.170000076293945,4.175000190734863,3.990000009536743,4.03000020980835,805600,0.0,0.0
2023-04-05 00:00:00-04:00,3.990000009536743,4.0,3.8299999237060547,3.859999895095825,999300,0.0,0.0
2023-04-06 00:00:00-04:00,3.880000114440918,3.9200000762939453,3.7799999713897705,3.890000104904175,858100,0.0,0.0
2023-04-10 00:00:00-04:00,3.9100000858306885,4.090000152587891,3.9100000858306885,4.079999923706055,940700,0.0,0.0
2023-04-11 00:00:00-04:00,4.119999885559082,4.150000095367432,4.0,4.010000228881836,799900,0.0,0.0
2023-04-12 00:00:00-04:00,4.059999942779541,4.090000152587891,3.890000104904175,3.940000057220459,909600,0.0,0.0
2023-04-13 00:00:00-04:00,3.950000047683716,4.039999961853027,3.940000057220459,4.010000228881836,570300,0.0,0.0
2023-04-14 00:00:00-04:00,4.010000228881836,4.079999923706055,3.9000000953674316,3.950000047683716,705900,0.0,0.0
2023-04-17 00:00:00-04:00,3.9600000381469727,4.050000190734863,3.9200000762939453,4.03000020980835,631700,0.0,0.0
2023-04-18 00:00:00-04:00,4.150000095367432,4.429999828338623,4.070000171661377,4.369999885559082,4682700,0.0,0.0
2023-04-19 00:00:00-04:00,4.420000076293945,4.420000076293945,4.110000133514404,4.130000114440918,1933100,0.0,0.0
2023-04-20 00:00:00-04:00,4.110000133514404,4.179999828338623,3.990000009536743,4.039999961853027,1224700,0.0,0.0
2023-04-21 00:00:00-04:00,4.039999961853027,4.090000152587891,4.005000114440918,4.019999980926514,776200,0.0,0.0
2023-04-24 00:00:00-04:00,4.019999980926514,4.059999942779541,3.940000057220459,3.9800000190734863,952800,0.0,0.0
2023-04-25 00:00:00-04:00,3.950000047683716,3.950000047683716,3.740000009536743,3.740000009536743,1288700,0.0,0.0
2023-04-26 00:00:00-04:00,3.759999990463257,3.819999933242798,3.6700000762939453,3.809999942779541,946200,0.0,0.0
2023-04-27 00:00:00-04:00,3.8499999046325684,3.9200000762939453,3.7750000953674316,3.9200000762939453,919200,0.0,0.0
2023-04-28 00:00:00-04:00,3.9600000381469727,3.990000009536743,3.884999990463257,3.950000047683716,970700,0.0,0.0
2023-05-01 00:00:00-04:00,3.9800000190734863,4.0,3.9000000953674316,3.9200000762939453,698200,0.0,0.0
2023-05-02 00:00:00-04:00,3.9200000762939453,3.940000057220459,3.859999895095825,3.890000104904175,794900,0.0,0.0
2023-05-03 00:00:00-04:00,3.880000114440918,4.090000152587891,3.878999948501587,3.990000009536743,839300,0.0,0.0
2023-05-04 00:00:00-04:00,3.990000009536743,4.048999786376953,3.9100000858306885,4.0,833900,0.0,0.0
2023-05-05 00:00:00-04:00,4.039999961853027,4.190000057220459,4.039999961853027,4.179999828338623,829300,0.0,0.0
2023-05-08 00:00:00-04:00,4.239999771118164,4.260000228881836,4.119999885559082,4.239999771118164,703200,0.0,0.0
2023-05-09 00:00:00-04:00,4.230000019073486,4.340000152587891,4.139999866485596,4.320000171661377,835400,0.0,0.0
2023-05-10 00:00:00-04:00,4.369999885559082,4.425000190734863,4.230000019073486,4.360000133514404,1561100,0.0,0.0
2023-05-11 00:00:00-04:00,4.300000190734863,4.684999942779541,4.139999866485596,4.650000095367432,1732900,0.0,0.0
2023-05-12 00:00:00-04:00,4.690000057220459,4.929999828338623,4.610000133514404,4.730000019073486,1097800,0.0,0.0
2023-05-15 00:00:00-04:00,4.78000020980835,4.822000026702881,4.610000133514404,4.699999809265137,906500,0.0,0.0
2023-05-16 00:00:00-04:00,4.619999885559082,4.769999980926514,4.619999885559082,4.630000114440918,633000,0.0,0.0
2023-05-17 00:00:00-04:00,4.670000076293945,4.730000019073486,4.59499979019165,4.679999828338623,728400,0.0,0.0
2023-05-18 00:00:00-04:00,4.650000095367432,4.659999847412109,4.525000095367432,4.630000114440918,685600,0.0,0.0
2023-05-19 00:00:00-04:00,4.699999809265137,4.699999809265137,4.28000020980835,4.320000171661377,1340300,0.0,0.0
2023-05-22 00:00:00-04:00,4.320000171661377,4.639999866485596,4.260000228881836,4.610000133514404,1010700,0.0,0.0
2023-05-23 00:00:00-04:00,4.570000171661377,4.664999961853027,4.510000228881836,4.550000190734863,861800,0.0,0.0
2023-05-24 00:00:00-04:00,4.519999980926514,4.519999980926514,4.380000114440918,4.429999828338623,468200,0.0,0.0
2023-05-25 00:00:00-04:00,4.440000057220459,4.453999996185303,4.28000020980835,4.360000133514404,778800,0.0,0.0
2023-05-26 00:00:00-04:00,4.380000114440918,4.429999828338623,4.329999923706055,4.360000133514404,766900,0.0,0.0
2023-05-30 00:00:00-04:00,4.409999847412109,4.480000019073486,4.380000114440918,4.449999809265137,700000,0.0,0.0
2023-05-31 00:00:00-04:00,4.409999847412109,4.46999979019165,4.195000171661377,4.230000019073486,949600,0.0,0.0
2023-06-01 00:00:00-04:00,4.210000038146973,4.349999904632568,4.130000114440918,4.309999942779541,628800,0.0,0.0
2023-06-02 00:00:00-04:00,4.400000095367432,4.550000190734863,4.400000095367432,4.5,718800,0.0,0.0
2023-06-05 00:00:00-04:00,4.510000228881836,4.679999828338623,4.474999904632568,4.659999847412109,851600,0.0,0.0
2023-06-06 00:00:00-04:00,4.670000076293945,4.820000171661377,4.559999942779541,4.769999980926514,807800,0.0,0.0
2023-06-07 00:00:00-04:00,4.800000190734863,4.900000095367432,4.730000019073486,4.820000171661377,1142700,0.0,0.0
2023-06-08 00:00:00-04:00,4.840000152587891,4.849999904632568,4.679999828338623,4.789999961853027,968300,0.0,0.0
2023-06-09 00:00:00-04:00,4.789999961853027,4.849999904632568,4.679999828338623,4.699999809265137,511200,0.0,0.0
2023-06-12 00:00:00-04:00,4.78000020980835,4.96999979019165,4.710000038146973,4.869999885559082,1159700,0.0,0.0
2023-06-13 00:00:00-04:00,4.960000038146973,5.019999980926514,4.889999866485596,4.909999847412109,1686700,0.0,0.0
2023-06-14 00:00:00-04:00,4.96999979019165,5.039999961853027,4.710000038146973,4.769999980926514,1330600,0.0,0.0
2023-06-15 00:00:00-04:00,4.800000190734863,4.800000190734863,4.670000076293945,4.670000076293945,1069700,0.0,0.0
2023-06-16 00:00:00-04:00,4.71999979019165,4.71999979019165,4.369999885559082,4.389999866485596,1934700,0.0,0.0
2023-06-20 00:00:00-04:00,4.440000057220459,4.460000038146973,4.150000095367432,4.179999828338623,2512900,0.0,0.0
2023-06-21 00:00:00-04:00,4.179999828338623,4.210000038146973,3.990000009536743,4.170000076293945,1980500,0.0,0.0
2023-06-22 00:00:00-04:00,4.130000114440918,4.269999980926514,4.099999904632568,4.170000076293945,1002300,0.0,0.0
2023-06-23 00:00:00-04:00,4.090000152587891,4.170000076293945,4.03000020980835,4.079999923706055,3491500,0.0,0.0
2023-06-26 00:00:00-04:00,4.050000190734863,4.195000171661377,4.050000190734863,4.119999885559082,960300,0.0,0.0
2023-06-27 00:00:00-04:00,4.71999979019165,4.75,4.269999980926514,4.349999904632568,3399800,0.0,0.0
2023-06-28 00:00:00-04:00,4.349999904632568,4.355000019073486,4.119999885559082,4.130000114440918,2650200,0.0,0.0
2023-06-29 00:00:00-04:00,4.159999847412109,4.320000171661377,4.130000114440918,4.309999942779541,1334600,0.0,0.0
2023-06-30 00:00:00-04:00,4.320000171661377,4.380000114440918,4.239999771118164,4.260000228881836,1338200,0.0,0.0
2023-07-03 00:00:00-04:00,4.260000228881836,4.300000190734863,4.159999847412109,4.260000228881836,780700,0.0,0.0
2023-07-05 00:00:00-04:00,4.28000020980835,4.28000020980835,4.130000114440918,4.159999847412109,854700,0.0,0.0
2023-07-06 00:00:00-04:00,4.099999904632568,4.099999904632568,3.7200000286102295,3.75,3505400,0.0,0.0
2023-07-07 00:00:00-04:00,3.75,3.8499999046325684,3.640000104904175,3.759999990463257,2059200,0.0,0.0
2023-07-10 00:00:00-04:00,3.75,4.170000076293945,3.740000009536743,4.159999847412109,2055500,0.0,0.0
2023-07-11 00:00:00-04:00,4.170000076293945,4.340000152587891,4.170000076293945,4.329999923706055,1381400,0.0,0.0
2023-07-12 00:00:00-04:00,4.420000076293945,4.434999942779541,4.244999885559082,4.269999980926514,1026400,0.0,0.0
2023-07-13 00:00:00-04:00,4.300000190734863,4.400000095367432,4.210000038146973,4.239999771118164,1385100,0.0,0.0
2023-07-14 00:00:00-04:00,4.260000228881836,4.260000228881836,4.0,4.050000190734863,1729100,0.0,0.0
2023-07-17 00:00:00-04:00,4.03000020980835,4.28000020980835,4.0,4.28000020980835,927700,0.0,0.0
2023-07-18 00:00:00-04:00,4.269999980926514,4.380000114440918,4.230000019073486,4.329999923706055,891200,0.0,0.0
2023-07-19 00:00:00-04:00,4.349999904632568,4.449999809265137,4.320000171661377,4.420000076293945,753500,0.0,0.0
2023-07-20 00:00:00-04:00,4.420000076293945,4.514999866485596,4.400000095367432,4.46999979019165,776700,0.0,0.0
2023-07-21 00:00:00-04:00,4.510000228881836,4.510000228881836,4.329999923706055,4.400000095367432,759600,0.0,0.0
2023-07-24 00:00:00-04:00,4.409999847412109,4.445000171661377,4.275000095367432,4.300000190734863,857600,0.0,0.0
2023-07-25 00:00:00-04:00,4.300000190734863,4.360000133514404,4.239999771118164,4.269999980926514,573900,0.0,0.0
2023-07-26 00:00:00-04:00,4.269999980926514,4.335000038146973,4.25,4.289999961853027,723500,0.0,0.0
2023-07-27 00:00:00-04:00,4.320000171661377,4.389999866485596,4.199999809265137,4.199999809265137,1041600,0.0,0.0
2023-07-28 00:00:00-04:00,4.239999771118164,4.289999961853027,4.210000038146973,4.230000019073486,753100,0.0,0.0
2023-07-31 00:00:00-04:00,4.269999980926514,4.53000020980835,4.269999980926514,4.480000019073486,1343400,0.0,0.0
2023-08-01 00:00:00-04:00,4.420000076293945,4.449999809265137,4.349999904632568,4.400000095367432,752000,0.0,0.0
2023-08-02 00:00:00-04:00,4.291999816894531,4.315000057220459,4.170000076293945,4.179999828338623,697700,0.0,0.0
2023-08-03 00:00:00-04:00,4.210000038146973,4.360000133514404,4.170000076293945,4.300000190734863,954900,0.0,0.0
2023-08-04 00:00:00-04:00,4.349999904632568,4.449999809265137,4.289999961853027,4.289999961853027,728800,0.0,0.0
2023-08-07 00:00:00-04:00,4.360000133514404,4.440000057220459,4.295000076293945,4.349999904632568,978100,0.0,0.0
2023-08-08 00:00:00-04:00,4.349999904632568,4.349999904632568,4.21999979019165,4.320000171661377,1224700,0.0,0.0
2023-08-09 00:00:00-04:00,4.400000095367432,4.5,4.269999980926514,4.329999923706055,4756200,0.0,0.0
2023-08-10 00:00:00-04:00,1.8300000429153442,1.850000023841858,1.2400000095367432,1.4550000429153442,47598400,0.0,0.0
2023-08-11 00:00:00-04:00,1.4500000476837158,1.4500000476837158,1.1799999475479126,1.2200000286102295,18117300,0.0,0.0
2023-08-14 00:00:00-04:00,1.2300000190734863,1.4700000286102295,1.2300000190734863,1.4199999570846558,9838100,0.0,0.0
2023-08-15 00:00:00-04:00,1.399999976158142,1.4500000476837158,1.2899999618530273,1.3799999952316284,4626800,0.0,0.0
2023-08-16 00:00:00-04:00,1.3700000047683716,1.4299999475479126,1.2549999952316284,1.2699999809265137,3484900,0.0,0.0
2023-08-17 00:00:00-04:00,1.2799999713897705,1.4049999713897705,1.2699999809265137,1.3899999856948853,3621700,0.0,0.0
2023-08-18 00:00:00-04:00,1.3700000047683716,1.4900000095367432,1.3700000047683716,1.399999976158142,3368800,0.0,0.0
2023-08-21 00:00:00-04:00,1.399999976158142,1.4500000476837158,1.3600000143051147,1.440000057220459,2045300,0.0,0.0
2023-08-22 00:00:00-04:00,1.440000057220459,1.4800000190734863,1.340000033378601,1.399999976158142,1984100,0.0,0.0
2023-08-23 00:00:00-04:00,1.3799999952316284,1.4500000476837158,1.3600000143051147,1.3799999952316284,2038400,0.0,0.0
2023-08-24 00:00:00-04:00,1.3799999952316284,1.3980000019073486,1.3200000524520874,1.3600000143051147,1224900,0.0,0.0
2023-08-25 00:00:00-04:00,1.340000033378601,1.3799999952316284,1.2999999523162842,1.350000023841858,1997400,0.0,0.0
2023-08-28 00:00:00-04:00,1.3700000047683716,1.3899999856948853,1.3300000429153442,1.3600000143051147,1284800,0.0,0.0
2023-08-29 00:00:00-04:00,1.3600000143051147,1.409999966621399,1.340000033378601,1.399999976158142,1869700,0.0,0.0
2023-08-30 00:00:00-04:00,1.3600000143051147,1.4500000476837158,1.3600000143051147,1.409999966621399,1629600,0.0,0.0
2023-08-31 00:00:00-04:00,1.3899999856948853,1.4299999475479126,1.3600000143051147,1.3700000047683716,1203900,0.0,0.0
2023-09-01 00:00:00-04:00,1.3899999856948853,1.409999966621399,1.340000033378601,1.3799999952316284,1032900,0.0,0.0
2023-09-05 00:00:00-04:00,1.3899999856948853,1.4900000095367432,1.340000033378601,1.4700000286102295,4875800,0.0,0.0
2023-09-06 00:00:00-04:00,1.4500000476837158,1.4500000476837158,1.3300000429153442,1.399999976158142,1912000,0.0,0.0
2023-09-07 00:00:00-04:00,1.399999976158142,1.4199999570846558,1.340000033378601,1.409999966621399,1990700,0.0,0.0
2023-09-08 00:00:00-04:00,1.409999966621399,1.5,1.399999976158142,1.5,1795000,0.0,0.0
2023-09-11 00:00:00-04:00,1.5,1.5800000429153442,1.4600000381469727,1.5399999618530273,2982600,0.0,0.0
2023-09-12 00:00:00-04:00,1.5199999809265137,1.5199999809265137,1.440000057220459,1.4900000095367432,1172600,0.0,0.0
2023-09-13 00:00:00-04:00,1.4900000095367432,1.4900000095367432,1.3899999856948853,1.4299999475479126,1212200,0.0,0.0
2023-09-14 00:00:00-04:00,1.4299999475479126,1.5149999856948853,1.409999966621399,1.5,912200,0.0,0.0
2023-09-15 00:00:00-04:00,1.4900000095367432,1.5449999570846558,1.4600000381469727,1.4700000286102295,2369000,0.0,0.0
2023-09-18 00:00:00-04:00,1.4600000381469727,1.5099999904632568,1.4450000524520874,1.4600000381469727,1059200,0.0,0.0
2023-09-19 00:00:00-04:00,1.4500000476837158,1.4600000381469727,1.3799999952316284,1.409999966621399,872000,0.0,0.0
2023-09-20 00:00:00-04:00,1.409999966621399,1.4299999475479126,1.3600000143051147,1.3700000047683716,955200,0.0,0.0
2023-09-21 00:00:00-04:00,1.3600000143051147,1.399999976158142,1.350000023841858,1.3600000143051147,957100,0.0,0.0
2023-09-22 00:00:00-04:00,1.3799999952316284,1.3799999952316284,1.2999999523162842,1.350000023841858,1144900,0.0,0.0
2023-09-25 00:00:00-04:00,1.3300000429153442,1.3799999952316284,1.309999942779541,1.350000023841858,831800,0.0,0.0
2023-09-26 00:00:00-04:00,1.340000033378601,1.399999976158142,1.309999942779541,1.340000033378601,778500,0.0,0.0
2023-09-27 00:00:00-04:00,1.350000023841858,1.3899999856948853,1.2999999523162842,1.3200000524520874,1067600,0.0,0.0
2023-09-28 00:00:00-04:00,1.3200000524520874,1.350000023841858,1.25,1.2599999904632568,1463700,0.0,0.0
2023-09-29 00:00:00-04:00,1.2699999809265137,1.3200000524520874,1.2589999437332153,1.2799999713897705,1034000,0.0,0.0
2023-10-02 00:00:00-04:00,1.2799999713897705,1.2899999618530273,1.13100004196167,1.1699999570846558,2510300,0.0,0.0
2023-10-03 00:00:00-04:00,1.1799999475479126,1.215000033378601,1.1299999952316284,1.149999976158142,1289400,0.0,0.0
2023-10-04 00:00:00-04:00,1.149999976158142,1.1510000228881836,1.090000033378601,1.1299999952316284,1668600,0.0,0.0
2023-10-05 00:00:00-04:00,1.1299999952316284,1.1579999923706055,1.090000033378601,1.1299999952316284,1073500,0.0,0.0
2023-10-06 00:00:00-04:00,1.1100000143051147,1.159999966621399,1.0950000286102295,1.1200000047683716,962000,0.0,0.0
2023-10-09 00:00:00-04:00,1.1100000143051147,1.159000039100647,0.8600000143051147,0.8889999985694885,5989400,0.0,0.0
2023-10-10 00:00:00-04:00,0.8840000033378601,1.0099999904632568,0.8820000290870667,0.9679999947547913,2831800,0.0,0.0
2023-10-11 00:00:00-04:00,1.090000033378601,1.2799999713897705,1.0889999866485596,1.1699999570846558,4147100,0.0,0.0
2023-10-12 00:00:00-04:00,1.2000000476837158,1.2200000286102295,1.0800000429153442,1.1200000047683716,2145400,0.0,0.0
2023-10-13 00:00:00-04:00,1.100000023841858,1.1200000047683716,1.0149999856948853,1.0299999713897705,946500,0.0,0.0
2023-10-16 00:00:00-04:00,1.0399999618530273,1.0800000429153442,1.0,1.059999942779541,1161300,0.0,0.0
2023-10-17 00:00:00-04:00,1.0499999523162842,1.100000023841858,1.0399999618530273,1.090000033378601,859900,0.0,0.0
2023-10-18 00:00:00-04:00,1.090000033378601,1.1299999952316284,1.0399999618530273,1.090000033378601,1595400,0.0,0.0
2023-10-19 00:00:00-04:00,1.100000023841858,1.149999976158142,1.0099999904632568,1.0499999523162842,1602500,0.0,0.0
2023-10-20 00:00:00-04:00,1.0800000429153442,1.100000023841858,1.0299999713897705,1.0399999618530273,1609900,0.0,0.0
2023-10-23 00:00:00-04:00,1.0099999904632568,1.0199999809265137,0.9610000252723694,0.9819999933242798,1066100,0.0,0.0
2023-10-24 00:00:00-04:00,0.9819999933242798,1.0549999475479126,0.9599999785423279,1.0199999809265137,878900,0.0,0.0
2023-10-25 00:00:00-04:00,1.0,1.0199999809265137,0.9819999933242798,0.996999979019165,1128800,0.0,0.0
2023-10-26 00:00:00-04:00,0.9959999918937683,1.0499999523162842,0.9929999709129333,1.0199999809265137,650500,0.0,0.0
2023-10-27 00:00:00-04:00,1.0299999713897705,1.0299999713897705,0.9700000286102295,0.9729999899864197,747100,0.0,0.0
2023-10-30 00:00:00-04:00,0.9800000190734863,1.0199999809265137,0.9539999961853027,0.9980000257492065,851500,0.0,0.0
2023-10-31 00:00:00-04:00,0.9900000095367432,1.0099999904632568,0.9629999995231628,0.9890000224113464,553100,0.0,0.0
2023-11-01 00:00:00-04:00,0.9850000143051147,1.0199999809265137,0.9620000123977661,0.9990000128746033,1013700,0.0,0.0
2023-11-02 00:00:00-04:00,1.0,1.1150000095367432,1.0,1.090000033378601,911300,0.0,0.0
2023-11-03 00:00:00-04:00,1.1200000047683716,1.2100000381469727,1.1100000143051147,1.1699999570846558,1234400,0.0,0.0
2023-11-06 00:00:00-05:00,1.2100000381469727,1.2100000381469727,1.1100000143051147,1.1200000047683716,1678900,0.0,0.0
2023-11-07 00:00:00-05:00,1.1200000047683716,1.1399999856948853,1.0499999523162842,1.0850000381469727,639500,0.0,0.0
2023-11-08 00:00:00-05:00,1.100000023841858,1.100000023841858,1.0499999523162842,1.090000033378601,805400,0.0,0.0
2023-11-09 00:00:00-05:00,1.1299999952316284,1.1299999952316284,1.0299999713897705,1.0800000429153442,1411100,0.0,0.0
2023-11-10 00:00:00-05:00,1.090000033378601,1.090000033378601,0.7200000286102295,0.8830000162124634,5083100,0.0,0.0
2023-11-13 00:00:00-05:00,0.9010000228881836,1.059999942779541,0.8999999761581421,1.059999942779541,1868700,0.0,0.0
2023-11-14 00:00:00-05:00,1.0800000429153442,1.1299999952316284,1.0399999618530273,1.1100000143051147,1371500,0.0,0.0
2023-11-15 00:00:00-05:00,1.0700000524520874,1.1699999570846558,1.0700000524520874,1.1200000047683716,931100,0.0,0.0
2023-11-16 00:00:00-05:00,1.090000033378601,1.1299999952316284,1.0099999904632568,1.0199999809265137,852500,0.0,0.0
2023-11-17 00:00:00-05:00,1.0399999618530273,1.059999942779541,0.9929999709129333,1.0399999618530273,1077500,0.0,0.0
2023-11-20 00:00:00-05:00,1.0199999809265137,1.0199999809265137,0.9710000157356262,0.9800000190734863,1089200,0.0,0.0
2023-11-21 00:00:00-05:00,0.9660000205039978,0.9800000190734863,0.8799999952316284,0.8880000114440918,1132200,0.0,0.0
2023-11-22 00:00:00-05:00,0.9200000166893005,0.925000011920929,0.8899999856948853,0.9079999923706055,836700,0.0,0.0
2023-11-24 00:00:00-05:00,0.9020000100135803,0.9100000262260437,0.8870000243186951,0.906000018119812,516100,0.0,0.0
2023-11-27 00:00:00-05:00,0.8949999809265137,0.8999999761581421,0.8299999833106995,0.8379999995231628,1067800,0.0,0.0
2023-11-28 00:00:00-05:00,0.8230000138282776,0.8299999833106995,0.7829999923706055,0.7950000166893005,1677600,0.0,0.0
2023-11-29 00:00:00-05:00,0.7929999828338623,0.8180000185966492,0.765999972820282,0.7699999809265137,1401000,0.0,0.0
2023-11-30 00:00:00-05:00,0.7749999761581421,0.7749999761581421,0.6779999732971191,0.6830000281333923,6400300,0.0,0.0
2023-12-01 00:00:00-05:00,0.699999988079071,0.7099999785423279,0.6830000281333923,0.6949999928474426,3609600,0.0,0.0
2023-12-04 00:00:00-05:00,0.6899999976158142,0.699999988079071,0.6840000152587891,0.6949999928474426,2960300,0.0,0.0
2023-12-05 00:00:00-05:00,0.699999988079071,0.718999981880188,0.6840000152587891,0.6930000185966492,1853600,0.0,0.0
2023-12-06 00:00:00-05:00,0.6899999976158142,0.6990000009536743,0.6710000038146973,0.6909999847412109,2275700,0.0,0.0
2023-12-07 00:00:00-05:00,0.6800000071525574,0.7179999947547913,0.6769999861717224,0.7170000076293945,1519200,0.0,0.0
2023-12-08 00:00:00-05:00,0.7179999947547913,0.7670000195503235,0.7049999833106995,0.7670000195503235,1960900,0.0,0.0
2023-12-11 00:00:00-05:00,0.7689999938011169,0.8050000071525574,0.7329999804496765,0.7850000262260437,1257600,0.0,0.0
2023-12-12 00:00:00-05:00,0.7799999713897705,0.8029999732971191,0.7599999904632568,0.7910000085830688,1151400,0.0,0.0
2023-12-13 00:00:00-05:00,0.7910000085830688,0.8379999995231628,0.7620000243186951,0.8379999995231628,1478800,0.0,0.0
2023-12-14 00:00:00-05:00,0.8500000238418579,0.8920000195503235,0.7950000166893005,0.8700000047683716,2032100,0.0,0.0
2023-12-15 00:00:00-05:00,0.8999999761581421,0.8999999761581421,0.824999988079071,0.824999988079071,2153200,0.0,0.0
2023-12-18 00:00:00-05:00,0.8299999833106995,0.8330000042915344,0.7770000100135803,0.8220000267028809,976200,0.0,0.0
2023-12-19 00:00:00-05:00,0.8289999961853027,0.9679999947547913,0.8230000138282776,0.9629999995231628,2624000,0.0,0.0
2023-12-20 00:00:00-05:00,0.9589999914169312,0.9890000224113464,0.8579999804496765,0.8669999837875366,1636400,0.0,0.0
2023-12-21 00:00:00-05:00,0.8999999761581421,0.9300000071525574,0.875,0.9100000262260437,885200,0.0,0.0
2023-12-22 00:00:00-05:00,0.9089999794960022,0.9890000224113464,0.9010000228881836,0.9470000267028809,1164200,0.0,0.0
2023-12-26 00:00:00-05:00,0.9399999976158142,0.9750000238418579,0.9240000247955322,0.9330000281333923,815400,0.0,0.0
2023-12-27 00:00:00-05:00,0.9399999976158142,0.9399999976158142,0.8700000047683716,0.8849999904632568,887000,0.0,0.0
2023-12-28 00:00:00-05:00,0.8759999871253967,0.8849999904632568,0.8119999766349792,0.8550000190734863,1225200,0.0,0.0
2023-12-29 00:00:00-05:00,0.8500000238418579,0.8600000143051147,0.8199999928474426,0.8360000252723694,1248800,0.0,0.0
2024-01-02 00:00:00-05:00,0.8360000252723694,0.8989999890327454,0.8360000252723694,0.8450000286102295,1129400,0.0,0.0
2024-01-03 00:00:00-05:00,0.847000002861023,0.847000002861023,0.7300000190734863,0.7350000143051147,1678300,0.0,0.0
2024-01-04 00:00:00-05:00,0.7480000257492065,0.7570000290870667,0.7049999833106995,0.7049999833106995,1381600,0.0,0.0
2024-01-05 00:00:00-05:00,0.7070000171661377,0.7099999785423279,0.6510000228881836,0.6850000023841858,2518500,0.0,0.0
2024-01-08 00:00:00-05:00,0.6909999847412109,0.7239999771118164,0.6700000166893005,0.7049999833106995,1605000,0.0,0.0
2024-01-09 00:00:00-05:00,0.7020000219345093,0.7599999904632568,0.6710000038146973,0.7170000076293945,2094300,0.0,0.0
2024-01-10 00:00:00-05:00,0.7250000238418579,0.7250000238418579,0.675000011920929,0.675000011920929,1485000,0.0,0.0
2024-01-11 00:00:00-05:00,0.6899999976158142,0.7059999704360962,0.6520000100135803,0.6589999794960022,2427700,0.0,0.0
2024-01-12 00:00:00-05:00,0.6759999990463257,0.6959999799728394,0.6549999713897705,0.6669999957084656,1828000,0.0,0.0
2024-01-16 00:00:00-05:00,0.675000011920929,0.6800000071525574,0.621999979019165,0.6330000162124634,2088700,0.0,0.0
2024-01-17 00:00:00-05:00,0.6399999856948853,0.6499999761581421,0.6200000047683716,0.6349999904632568,1615300,0.0,0.0
2024-01-18 00:00:00-05:00,0.6299999952316284,0.6330000162124634,0.5479999780654907,0.5479999780654907,1966800,0.0,0.0
2024-01-19 00:00:00-05:00,0.5889999866485596,0.5889999866485596,0.550000011920929,0.578000009059906,1223000,0.0,0.0
2024-01-22 00:00:00-05:00,0.578000009059906,0.6600000262260437,0.578000009059906,0.6499999761581421,1687900,0.0,0.0
2024-01-23 00:00:00-05:00,0.6499999761581421,0.6949999928474426,0.6399999856948853,0.6850000023841858,992800,0.0,0.0
2024-01-24 00:00:00-05:00,0.6899999976158142,0.6899999976158142,0.6100000143051147,0.6150000095367432,693300,0.0,0.0
2024-01-25 00:00:00-05:00,0.6290000081062317,0.6349999904632568,0.5960000157356262,0.6309999823570251,607000,0.0,0.0
2024-01-26 00:00:00-05:00,0.6589999794960022,0.6589999794960022,0.6309999823570251,0.6420000195503235,424100,0.0,0.0
2024-01-29 00:00:00-05:00,0.6520000100135803,0.6600000262260437,0.5929999947547913,0.6209999918937683,937600,0.0,0.0
2024-01-30 00:00:00-05:00,0.6129999756813049,0.628000020980835,0.6000000238418579,0.6190000176429749,320700,0.0,0.0
2024-01-31 00:00:00-05:00,0.6119999885559082,0.6190000176429749,0.5899999737739563,0.5899999737739563,553200,0.0,0.0
2024-02-01 00:00:00-05:00,0.5899999737739563,0.628000020980835,0.5709999799728394,0.5920000076293945,640200,0.0,0.0
2024-02-02 00:00:00-05:00,0.5699999928474426,0.5809999704360962,0.5199999809265137,0.5299999713897705,1708200,0.0,0.0
2024-02-05 00:00:00-05:00,0.550000011920929,0.550000011920929,0.5,0.5019999742507935,1650100,0.0,0.0
2024-02-06 00:00:00-05:00,0.503000020980835,0.5199999809265137,0.5,0.5120000243186951,1748500,0.0,0.0
2024-02-07 00:00:00-05:00,0.5199999809265137,0.527999997138977,0.5,0.5019999742507935,1531600,0.0,0.0
2024-02-08 00:00:00-05:00,0.5,0.5230000019073486,0.5,0.5220000147819519,1872000,0.0,0.0
2024-02-09 00:00:00-05:00,0.5199999809265137,0.5550000071525574,0.5199999809265137,0.5429999828338623,1558500,0.0,0.0
2024-02-12 00:00:00-05:00,0.5410000085830688,0.550000011920929,0.5350000262260437,0.5379999876022339,1776700,0.0,0.0
2024-02-13 00:00:00-05:00,0.5299999713897705,0.5389999747276306,0.47999998927116394,0.49000000953674316,2227200,0.0,0.0
2024-02-14 00:00:00-05:00,0.49000000953674316,0.5329999923706055,0.49000000953674316,0.5230000019073486,1382300,0.0,0.0
2024-02-15 00:00:00-05:00,0.5389999747276306,0.578000009059906,0.5299999713897705,0.5730000138282776,2866400,0.0,0.0
2024-02-16 00:00:00-05:00,0.5699999928474426,0.5770000219345093,0.5320000052452087,0.546999990940094,1721200,0.0,0.0
2024-02-20 00:00:00-05:00,0.5479999780654907,0.5550000071525574,0.5099999904632568,0.5210000276565552,1330700,0.0,0.0
2024-02-21 00:00:00-05:00,0.5099999904632568,0.5230000019073486,0.5090000033378601,0.5189999938011169,695700,0.0,0.0
2024-02-22 00:00:00-05:00,0.5109999775886536,0.5249999761581421,0.5,0.5130000114440918,926200,0.0,0.0
2024-02-23 00:00:00-05:00,0.5260000228881836,0.5289999842643738,0.5,0.5,1208300,0.0,0.0
2024-02-26 00:00:00-05:00,0.5099999904632568,0.574999988079071,0.5040000081062317,0.5580000281333923,2954000,0.0,0.0
2024-02-27 00:00:00-05:00,0.5640000104904175,0.6779999732971191,0.5600000023841858,0.6600000262260437,2776400,0.0,0.0
2024-02-28 00:00:00-05:00,0.6700000166893005,0.6779999732971191,0.5730000138282776,0.5789999961853027,1737000,0.0,0.0
2024-02-29 00:00:00-05:00,0.5799999833106995,0.6389999985694885,0.5540000200271606,0.593999981880188,3035600,0.0,0.0
2024-03-01 00:00:00-05:00,0.5040000081062317,0.6349999904632568,0.5040000081062317,0.5440000295639038,4365800,0.0,0.0
2024-03-04 00:00:00-05:00,0.6029999852180481,0.621999979019165,0.5789999961853027,0.6019999980926514,3650300,0.0,0.0
2024-03-05 00:00:00-05:00,0.6100000143051147,0.6119999885559082,0.5450000166893005,0.5450000166893005,1473200,0.0,0.0
2024-03-06 00:00:00-05:00,0.5600000023841858,0.5799999833106995,0.5350000262260437,0.5410000085830688,873700,0.0,0.0
2024-03-07 00:00:00-05:00,0.5460000038146973,0.5529999732971191,0.5199999809265137,0.5519999861717224,1410800,0.0,0.0
2024-03-08 00:00:00-05:00,0.5740000009536743,0.6200000047683716,0.5609999895095825,0.6100000143051147,2345500,0.0,0.0
2024-03-11 00:00:00-04:00,0.6129999756813049,0.6129999756813049,0.578000009059906,0.578000009059906,1324300,0.0,0.0
2024-03-12 00:00:00-04:00,0.5799999833106995,0.5899999737739563,0.5360000133514404,0.5460000038146973,1353500,0.0,0.0
2024-03-13 00:00:00-04:00,0.5600000023841858,0.5600000023841858,0.5109999775886536,0.5239999890327454,1384500,0.0,0.0
2024-03-14 00:00:00-04:00,0.5230000019073486,0.5400000214576721,0.49000000953674316,0.49399998784065247,1479400,0.0,0.0
2024-03-15 00:00:00-04:00,0.492000013589859,0.527999997138977,0.49000000953674316,0.5239999890327454,2212700,0.0,0.0
2024-03-18 00:00:00-04:00,0.5210000276565552,0.5429999828338623,0.5009999871253967,0.5109999775886536,825700,0.0,0.0
2024-03-19 00:00:00-04:00,0.5149999856948853,0.5149999856948853,0.4950000047683716,0.5,1346600,0.0,0.0
2024-03-20 00:00:00-04:00,0.5139999985694885,0.5419999957084656,0.49799999594688416,0.5260000228881836,1909700,0.0,0.0
2024-03-21 00:00:00-04:00,0.5210000276565552,0.5350000262260437,0.5049999952316284,0.5270000100135803,984500,0.0,0.0
2024-03-22 00:00:00-04:00,0.5400000214576721,0.5400000214576721,0.5,0.5070000290870667,940800,0.0,0.0
2024-03-25 00:00:00-04:00,0.5170000195503235,0.5170000195503235,0.4950000047683716,0.4959999918937683,1070800,0.0,0.0
2024-03-26 00:00:00-04:00,0.5,0.5,0.44200000166893005,0.4729999899864197,2084100,0.0,0.0
2024-03-27 00:00:00-04:00,0.47999998927116394,0.5189999938011169,0.4740000069141388,0.5170000195503235,1563200,0.0,0.0
2024-03-28 00:00:00-04:00,0.5189999938011169,0.5289999842643738,0.4970000088214874,0.5099999904632568,1015800,0.0,0.0
2024-04-01 00:00:00-04:00,0.5199999809265137,0.5199999809265137,0.5019999742507935,0.5090000033378601,674400,0.0,0.0
2024-04-02 00:00:00-04:00,0.5099999904632568,0.5149999856948853,0.4880000054836273,0.49399998784065247,1173400,0.0,0.0
2024-04-03 00:00:00-04:00,0.550000011920929,0.7200000286102295,0.5400000214576721,0.6039999723434448,9106100,0.0,0.0
2024-04-04 00:00:00-04:00,0.6039999723434448,0.6869999766349792,0.5730000138282776,0.6499999761581421,4235800,0.0,0.0
2024-04-05 00:00:00-04:00,0.6639999747276306,0.7919999957084656,0.6000000238418579,0.7720000147819519,4795700,0.0,0.0
2024-04-08 00:00:00-04:00,0.7630000114440918,0.8399999737739563,0.6499999761581421,0.6629999876022339,3188600,0.0,0.0
2024-04-09 00:00:00-04:00,0.6850000023841858,0.7490000128746033,0.6759999990463257,0.7089999914169312,1255300,0.0,0.0
2024-04-10 00:00:00-04:00,0.699999988079071,0.7149999737739563,0.6430000066757202,0.6660000085830688,2259500,0.0,0.0
2024-04-11 00:00:00-04:00,0.6669999957084656,0.6779999732971191,0.6200000047683716,0.6480000019073486,1779700,0.0,0.0
2024-04-12 00:00:00-04:00,0.6399999856948853,0.6600000262260437,0.6110000014305115,0.6179999709129333,966900,0.0,0.0
2024-04-15 00:00:00-04:00,0.6010000109672546,0.6100000143051147,0.5619999766349792,0.5929999947547913,1614700,0.0,0.0
2024-04-16 00:00:00-04:00,0.5809999704360962,0.6230000257492065,0.5600000023841858,0.5929999947547913,1162100,0.0,0.0
2024-04-17 00:00:00-04:00,0.5929999947547913,0.625,0.5550000071525574,0.5709999799728394,1516600,0.0,0.0
2024-04-18 00:00:00-04:00,0.5799999833106995,0.6200000047683716,0.5540000200271606,0.5820000171661377,1033000,0.0,0.0
2024-04-19 00:00:00-04:00,0.5860000252723694,0.7099999785423279,0.5820000171661377,0.6909999847412109,2843200,0.0,0.0
2024-04-22 00:00:00-04:00,0.6899999976158142,0.7200000286102295,0.6399999856948853,0.6919999718666077,1577300,0.0,0.0
2024-04-23 00:00:00-04:00,0.6859999895095825,0.7699999809265137,0.6639999747276306,0.7269999980926514,1971400,0.0,0.0
2024-04-24 00:00:00-04:00,0.7200000286102295,0.7689999938011169,0.7099999785423279,0.7459999918937683,1725100,0.0,0.0
2024-04-25 00:00:00-04:00,0.7490000128746033,0.7509999871253967,0.6800000071525574,0.6930000185966492,1572800,0.0,0.0
2024-04-26 00:00:00-04:00,0.7099999785423279,0.7289999723434448,0.6650000214576721,0.7049999833106995,1111500,0.0,0.0
2024-04-29 00:00:00-04:00,0.7059999704360962,0.7680000066757202,0.699999988079071,0.7639999985694885,1029400,0.0,0.0
2024-04-30 00:00:00-04:00,0.7599999904632568,0.8169999718666077,0.7400000095367432,0.8100000023841858,2344900,0.0,0.0
2024-05-01 00:00:00-04:00,0.8149999976158142,0.8880000114440918,0.800000011920929,0.8069999814033508,2234900,0.0,0.0
2024-05-02 00:00:00-04:00,0.8180000185966492,1.0,0.8100000023841858,0.9980000257492065,4181400,0.0,0.0
2024-05-03 00:00:00-04:00,1.0800000429153442,1.25,1.059999942779541,1.1399999856948853,6708400,0.0,0.0
2024-05-06 00:00:00-04:00,1.190000057220459,1.2300000190734863,0.9200000166893005,0.9359999895095825,3918300,0.0,0.0
2024-05-07 00:00:00-04:00,0.949999988079071,1.1799999475479126,0.9100000262260437,1.100000023841858,3813000,0.0,0.0
2024-05-08 00:00:00-04:00,1.100000023841858,1.3049999475479126,1.0299999713897705,1.2100000381469727,3733400,0.0,0.0
2024-05-09 00:00:00-04:00,1.2300000190734863,1.25,1.0800000429153442,1.1399999856948853,1898100,0.0,0.0
2024-05-10 00:00:00-04:00,1.1799999475479126,1.2300000190734863,1.100000023841858,1.1349999904632568,1187500,0.0,0.0
2024-05-13 00:00:00-04:00,1.149999976158142,1.2699999809265137,1.1109999418258667,1.1699999570846558,2469600,0.0,0.0
2024-05-14 00:00:00-04:00,1.2000000476837158,1.2599999904632568,1.0499999523162842,1.0549999475479126,2490100,0.0,0.0
2024-05-15 00:00:00-04:00,1.0700000524520874,1.1299999952316284,0.9010000228881836,0.9169999957084656,2993100,0.0,0.0
2024-05-16 00:00:00-04:00,0.9200000166893005,0.9800000190734863,0.8600000143051147,0.9160000085830688,1878000,0.0,0.0
2024-05-17 00:00:00-04:00,0.9110000133514404,0.9760000109672546,0.8899999856948853,0.9670000076293945,1904700,0.0,0.0
2024-05-20 00:00:00-04:00,0.9779999852180481,1.0099999904632568,0.8980000019073486,0.9490000009536743,1732800,0.0,0.0
2024-05-21 00:00:00-04:00,0.9269999861717224,0.9679999947547913,0.8659999966621399,0.8999999761581421,1964700,0.0,0.0
2024-05-22 00:00:00-04:00,0.9100000262260437,1.0299999713897705,0.8700000047683716,0.9639999866485596,2050300,0.0,0.0
2024-05-23 00:00:00-04:00,0.9900000095367432,0.9909999966621399,0.9100000262260437,0.9549999833106995,1511400,0.0,0.0
2024-05-24 00:00:00-04:00,0.9559999704360962,1.0199999809265137,0.9430000185966492,0.9459999799728394,1695600,0.0,0.0
2024-05-28 00:00:00-04:00,0.949999988079071,1.0499999523162842,0.9200000166893005,1.0199999809265137,1595300,0.0,0.0
2024-05-29 00:00:00-04:00,1.0299999713897705,1.25,0.9700000286102295,1.149999976158142,3200500,0.0,0.0
2024-05-30 00:00:00-04:00,1.1699999570846558,1.25,1.1299999952316284,1.2100000381469727,2217300,0.0,0.0
2024-05-31 00:00:00-04:00,1.2000000476837158,1.2699999809265137,1.1100000143051147,1.159999966621399,1767300,0.0,0.0
2024-06-03 00:00:00-04:00,1.159999966621399,1.1649999618530273,1.0499999523162842,1.100000023841858,1444800,0.0,0.0
2024-06-04 00:00:00-04:00,1.0700000524520874,1.149999976158142,1.0299999713897705,1.100000023841858,921500,0.0,0.0
2024-06-05 00:00:00-04:00,1.100000023841858,1.1100000143051147,1.0499999523162842,1.0700000524520874,1028700,0.0,0.0
2024-06-06 00:00:00-04:00,1.0700000524520874,1.0700000524520874,1.0099999904632568,1.0499999523162842,1093000,0.0,0.0
2024-06-07 00:00:00-04:00,1.0499999523162842,1.0499999523162842,0.9900000095367432,1.0099999904632568,959000,0.0,0.0
2024-06-10 00:00:00-04:00,1.0099999904632568,1.0700000524520874,0.9900000095367432,1.0399999618530273,1242600,0.0,0.0
2024-06-11 00:00:00-04:00,1.0099999904632568,1.0700000524520874,1.0,1.0299999713897705,1298000,0.0,0.0
2024-06-12 00:00:00-04:00,1.0499999523162842,1.0800000429153442,1.0099999904632568,1.0299999713897705,1045400,0.0,0.0
2024-06-13 00:00:00-04:00,1.059999942779541,1.0700000524520874,0.949999988079071,0.9629999995231628,1695300,0.0,0.0
2024-06-14 00:00:00-04:00,0.9629999995231628,0.9890000224113464,0.8700000047683716,0.8809999823570251,2906600,0.0,0.0
2024-06-17 00:00:00-04:00,0.8820000290870667,0.9399999976158142,0.8500000238418579,0.906000018119812,2334500,0.0,0.0
2024-06-18 00:00:00-04:00,0.8939999938011169,0.9950000047683716,0.8669999837875366,0.953000009059906,1735600,0.0,0.0
2024-06-20 00:00:00-04:00,0.9700000286102295,0.9980000257492065,0.9020000100135803,0.9589999914169312,943800,0.0,0.0
2024-06-21 00:00:00-04:00,0.9409999847412109,0.949999988079071,0.8899999856948853,0.8999999761581421,1650000,0.0,0.0
2024-06-24 00:00:00-04:00,0.9190000295639038,1.0099999904632568,0.9020000100135803,1.0,1722400,0.0,0.0
2024-06-25 00:00:00-04:00,0.9940000176429749,0.9980000257492065,0.9380000233650208,0.9599999785423279,1260300,0.0,0.0
2024-06-26 00:00:00-04:00,0.9440000057220459,1.0199999809265137,0.9440000057220459,0.9900000095367432,1190400,0.0,0.0
2024-06-27 00:00:00-04:00,1.0,1.0299999713897705,1.0,1.0199999809265137,887700,0.0,0.0
2024-06-28 00:00:00-04:00,1.059999942779541,1.0700000524520874,0.8999999761581421,0.9010000228881836,15129100,0.0,0.0
2024-07-01 00:00:00-04:00,0.9039999842643738,0.9369999766349792,0.8199999928474426,0.8330000042915344,3778800,0.0,0.0
2024-07-02 00:00:00-04:00,0.8399999737739563,0.8539999723434448,0.7229999899864197,0.7799999713897705,5003700,0.0,0.0
2024-07-03 00:00:00-04:00,0.7850000262260437,0.8410000205039978,0.7699999809265137,0.7820000052452087,1273200,0.0,0.0
2024-07-05 00:00:00-04:00,0.8289999961853027,0.8299999833106995,0.7670000195503235,0.8289999961853027,1182100,0.0,0.0
2024-07-08 00:00:00-04:00,0.8209999799728394,0.9079999923706055,0.8100000023841858,0.8569999933242798,1813400,0.0,0.0
2024-07-09 00:00:00-04:00,0.8510000109672546,0.8759999871253967,0.8100000023841858,0.8500000238418579,1348600,0.0,0.0
2024-07-10 00:00:00-04:00,0.8330000042915344,0.906000018119812,0.8299999833106995,0.8809999823570251,1199800,0.0,0.0
2024-07-11 00:00:00-04:00,0.8799999952316284,0.9829999804496765,0.8799999952316284,0.9679999947547913,2341700,0.0,0.0
2024-07-12 00:00:00-04:00,0.9599999785423279,1.0199999809265137,0.9409999847412109,0.996999979019165,2159700,0.0,0.0
2024-07-15 00:00:00-04:00,0.9800000190734863,1.0299999713897705,0.9309999942779541,1.0,1679700,0.0,0.0
2024-07-16 00:00:00-04:00,0.9800000190734863,1.0499999523162842,0.9800000190734863,1.0399999618530273,1289600,0.0,0.0
2024-07-17 00:00:00-04:00,1.0099999904632568,1.0700000524520874,0.9919999837875366,1.0099999904632568,875100,0.0,0.0
2024-07-18 00:00:00-04:00,1.0099999904632568,1.024999976158142,0.9599999785423279,0.972000002861023,1400700,0.0,0.0
2024-07-19 00:00:00-04:00,0.9620000123977661,0.9700000286102295,0.921999990940094,0.9229999780654907,705000,0.0,0.0
2024-07-22 00:00:00-04:00,0.9399999976158142,0.9750000238418579,0.9100000262260437,0.9409999847412109,630300,0.0,0.0
2024-07-23 00:00:00-04:00,0.9300000071525574,0.9599999785423279,0.9200000166893005,0.9399999976158142,373000,0.0,0.0
2024-07-24 00:00:00-04:00,0.9369999766349792,0.949999988079071,0.9100000262260437,0.9110000133514404,644700,0.0,0.0
2024-07-25 00:00:00-04:00,0.9079999923706055,0.9390000104904175,0.8799999952316284,0.925000011920929,734600,0.0,0.0
2024-07-26 00:00:00-04:00,0.9399999976158142,0.9599999785423279,0.9079999923706055,0.9139999747276306,432600,0.0,0.0
2024-07-29 00:00:00-04:00,0.9169999957084656,0.949999988079071,0.8930000066757202,0.906000018119812,655300,0.0,0.0
2024-07-30 00:00:00-04:00,0.9100000262260437,0.9269999861717224,0.8830000162124634,0.9049999713897705,729900,0.0,0.0
2024-07-31 00:00:00-04:00,0.8930000066757202,0.9269999861717224,0.8880000114440918,0.8999999761581421,421000,0.0,0.0
2024-08-01 00:00:00-04:00,0.8999999761581421,0.9480000138282776,0.8960000276565552,0.9200000166893005,594100,0.0,0.0
2024-08-02 00:00:00-04:00,0.8799999952316284,0.8920000195503235,0.8220000267028809,0.843999981880188,893600,0.0,0.0
2024-08-05 00:00:00-04:00,0.800000011920929,0.8289999961853027,0.7409999966621399,0.796999990940094,852100,0.0,0.0
2024-08-06 00:00:00-04:00,0.8199999928474426,0.8399999737739563,0.7850000262260437,0.8080000281333923,655300,0.0,0.0
2024-08-07 00:00:00-04:00,0.800000011920929,0.8360000252723694,0.7929999828338623,0.8050000071525574,524700,0.0,0.0
2024-08-08 00:00:00-04:00,0.8199999928474426,0.9599999785423279,0.8059999942779541,0.949999988079071,2053200,0.0,0.0
2024-08-09 00:00:00-04:00,0.9200000166893005,0.9300000071525574,0.8669999837875366,0.8730000257492065,693700,0.0,0.0
2024-08-12 00:00:00-04:00,0.8730000257492065,0.9269999861717224,0.8610000014305115,0.9200000166893005,697000,0.0,0.0
2024-08-13 00:00:00-04:00,0.9100000262260437,0.9300000071525574,0.8600000143051147,0.8600000143051147,805800,0.0,0.0
2024-08-14 00:00:00-04:00,0.8700000047683716,0.9200000166893005,0.8700000047683716,0.8999999761581421,1182100,0.0,0.0
2024-08-15 00:00:00-04:00,1.0,1.1200000047683716,0.984000027179718,1.100000023841858,3143700,0.0,0.0
2024-08-16 00:00:00-04:00,1.1699999570846558,1.5,1.159999966621399,1.4299999475479126,9536000,0.0,0.0
2024-08-19 00:00:00-04:00,1.4199999570846558,1.659999966621399,1.3799999952316284,1.600000023841858,6021500,0.0,0.0
2024-08-20 00:00:00-04:00,1.600000023841858,1.7289999723434448,1.5499999523162842,1.5800000429153442,2984000,0.0,0.0
2024-08-21 00:00:00-04:00,1.5700000524520874,1.5800000429153442,1.3799999952316284,1.5199999809265137,2306700,0.0,0.0
2024-08-22 00:00:00-04:00,1.5,1.5,1.409999966621399,1.4299999475479126,812800,0.0,0.0
2024-08-23 00:00:00-04:00,1.4500000476837158,1.6299999952316284,1.4199999570846558,1.5499999523162842,2435900,0.0,0.0
2024-08-26 00:00:00-04:00,1.5299999713897705,1.5549999475479126,1.4299999475479126,1.440000057220459,795800,0.0,0.0
2024-08-27 00:00:00-04:00,1.4299999475479126,1.4589999914169312,1.3450000286102295,1.4299999475479126,1090300,0.0,0.0
2024-08-28 00:00:00-04:00,1.4299999475479126,1.4600000381469727,1.2999999523162842,1.3300000429153442,1507100,0.0,0.0
2024-08-29 00:00:00-04:00,1.3300000429153442,1.5,1.3300000429153442,1.4900000095367432,1125400,0.0,0.0
2024-08-30 00:00:00-04:00,1.4800000190734863,1.7000000476837158,1.4700000286102295,1.5800000429153442,2059500,0.0,0.0
2024-09-03 00:00:00-04:00,1.5800000429153442,1.5800000429153442,1.409999966621399,1.4500000476837158,1724400,0.0,0.0
2024-09-04 00:00:00-04:00,1.4299999475479126,1.4900000095367432,1.399999976158142,1.4299999475479126,896400,0.0,0.0
2024-09-05 00:00:00-04:00,1.4600000381469727,1.4600000381469727,1.340000033378601,1.3600000143051147,796800,0.0,0.0
2024-09-06 00:00:00-04:00,1.399999976158142,1.4299999475479126,1.3200000524520874,1.4199999570846558,770900,0.0,0.0
2024-09-09 00:00:00-04:00,1.4299999475479126,1.4299999475479126,1.3650000095367432,1.3799999952316284,598100,0.0,0.0
2024-09-10 00:00:00-04:00,1.3600000143051147,1.3890000581741333,1.3200000524520874,1.3799999952316284,964600,0.0,0.0
2024-09-11 00:00:00-04:00,1.3799999952316284,1.5399999618530273,1.3700000047683716,1.5,1098100,0.0,0.0
2024-09-12 00:00:00-04:00,1.559999942779541,1.6380000114440918,1.5399999618530273,1.5499999523162842,1076200,0.0,0.0
2024-09-13 00:00:00-04:00,1.5299999713897705,1.5800000429153442,1.5099999904632568,1.5499999523162842,928900,0.0,0.0
2024-09-16 00:00:00-04:00,1.5199999809265137,1.6089999675750732,1.465000033378601,1.559999942779541,1249200,0.0,0.0
2024-09-17 00:00:00-04:00,1.559999942779541,1.7200000286102295,1.559999942779541,1.6299999952316284,1775800,0.0,0.0
2024-09-18 00:00:00-04:00,1.600000023841858,1.7300000190734863,1.5499999523162842,1.649999976158142,1576500,0.0,0.0
2024-09-19 00:00:00-04:00,1.7200000286102295,1.899999976158142,1.6649999618530273,1.8799999952316284,3242300,0.0,0.0
2024-09-20 00:00:00-04:00,1.8700000047683716,1.8799999952316284,1.75,1.8300000429153442,1584800,0.0,0.0
2024-09-23 00:00:00-04:00,1.649999976158142,1.690000057220459,1.440000057220459,1.6200000047683716,4315900,0.0,0.0
2024-09-24 00:00:00-04:00,1.6299999952316284,1.718000054359436,1.6200000047683716,1.6399999856948853,1218800,0.0,0.0
2024-09-25 00:00:00-04:00,1.649999976158142,1.659999966621399,1.5,1.5299999713897705,1444100,0.0,0.0
2024-09-26 00:00:00-04:00,1.5299999713897705,1.5800000429153442,1.5149999856948853,1.5499999523162842,841300,0.0,0.0
2024-09-27 00:00:00-04:00,1.5800000429153442,1.690000057220459,1.5700000524520874,1.6200000047683716,945600,0.0,0.0
2024-09-30 00:00:00-04:00,1.5800000429153442,1.625,1.5199999809265137,1.5399999618530273,985400,0.0,0.0
2024-10-01 00:00:00-04:00,1.559999942779541,1.559999942779541,1.4509999752044678,1.4700000286102295,1030500,0.0,0.0
2024-10-02 00:00:00-04:00,1.4600000381469727,1.4800000190734863,1.409999966621399,1.4700000286102295,673700,0.0,0.0
2024-10-03 00:00:00-04:00,1.440000057220459,1.4700000286102295,1.409999966621399,1.4600000381469727,586500,0.0,0.0
2024-10-04 00:00:00-04:00,1.4900000095367432,1.5149999856948853,1.4600000381469727,1.4800000190734863,663600,0.0,0.0
2024-10-07 00:00:00-04:00,1.5099999904632568,1.5099999904632568,1.4249999523162842,1.4500000476837158,505100,0.0,0.0
2024-10-08 00:00:00-04:00,1.4500000476837158,1.4800000190734863,1.399999976158142,1.4299999475479126,838200,0.0,0.0
2024-10-09 00:00:00-04:00,1.4500000476837158,1.5099999904632568,1.4299999475479126,1.4600000381469727,638000,0.0,0.0
2024-10-10 00:00:00-04:00,1.440000057220459,1.468999981880188,1.4199999570846558,1.4500000476837158,442000,0.0,0.0
2024-10-11 00:00:00-04:00,1.4500000476837158,1.4600000381469727,1.409999966621399,1.4199999570846558,579800,0.0,0.0
2024-10-14 00:00:00-04:00,1.440000057220459,1.4500000476837158,1.3899999856948853,1.440000057220459,731400,0.0,0.0
2024-10-15 00:00:00-04:00,1.4500000476837158,1.4500000476837158,1.3300000429153442,1.4299999475479126,1235500,0.0,0.0
2024-10-16 00:00:00-04:00,1.4600000381469727,1.5199999809265137,1.4199999570846558,1.4700000286102295,801900,0.0,0.0
2024-10-17 00:00:00-04:00,1.4700000286102295,1.4800000190734863,1.409999966621399,1.4800000190734863,638600,0.0,0.0
2024-10-18 00:00:00-04:00,1.4800000190734863,1.5299999713897705,1.4299999475479126,1.4299999475479126,796823,0.0,0.0
