Date,Open,High,Low,Close,Volume,Dividends,Stock Splits
2007-12-19 00:00:00+08:00,-4.043704032897949,-4.043704032897949,-4.043704032897949,-4.043704032897949,1000,0.0,0.0
2007-12-20 00:00:00+08:00,-4.043704032897949,-4.043704032897949,-4.043704032897949,-4.043704032897949,0,0.0,0.0
2007-12-21 00:00:00+08:00,-4.043704032897949,-4.043704032897949,-4.043704032897949,-4.043704032897949,0,0.0,0.0
2007-12-24 00:00:00+08:00,-4.043704032897949,-4.043704032897949,-4.043704032897949,-4.043704032897949,0,0.0,0.0
2007-12-25 00:00:00+08:00,-4.043704032897949,-4.043704032897949,-4.043704032897949,-4.043704032897949,0,0.0,0.0
2007-12-26 00:00:00+08:00,-4.043704032897949,-4.043704032897949,-4.043704032897949,-4.043704032897949,0,0.0,0.0
2007-12-27 00:00:00+08:00,-4.043704032897949,-4.043704032897949,-4.043704032897949,-4.043704032897949,0,0.0,0.0
2007-12-28 00:00:00+08:00,-4.043704032897949,-4.043704032897949,-4.043704032897949,-4.043704032897949,0,0.0,0.0
2007-12-31 00:00:00+08:00,-4.043704032897949,-4.043704032897949,-4.043704032897949,-4.043704032897949,0,0.0,0.0
2008-01-02 00:00:00+08:00,-4.043704032897949,-4.043704032897949,-4.043704032897949,-4.043704032897949,0,0.0,0.0
2008-01-03 00:00:00+08:00,-4.043704032897949,-4.043704032897949,-4.043704032897949,-4.043704032897949,0,0.0,0.0
2008-01-04 00:00:00+08:00,-4.043704032897949,-4.043704032897949,-4.043704032897949,-4.043704032897949,0,0.0,0.0
2008-01-07 00:00:00+08:00,-4.043704032897949,-4.043704032897949,-4.043704032897949,-4.043704032897949,0,0.0,0.0
2008-01-08 00:00:00+08:00,-4.043704032897949,-4.043704032897949,-4.043704032897949,-4.043704032897949,0,0.0,0.0
2008-01-09 00:00:00+08:00,-4.043704032897949,-4.043704032897949,-4.043704032897949,-4.043704032897949,0,0.0,0.0
2008-01-10 00:00:00+08:00,-4.043704032897949,-4.043704032897949,-4.043704032897949,-4.043704032897949,0,0.0,0.0
2008-01-11 00:00:00+08:00,-4.043704032897949,-4.043704032897949,-4.043704032897949,-4.043704032897949,0,0.0,0.0
2008-01-14 00:00:00+08:00,-4.043704032897949,-4.043704032897949,-4.043704032897949,-4.043704032897949,0,0.0,0.0
2008-01-15 00:00:00+08:00,-4.285803318023682,-4.285803318023682,-4.285803318023682,-4.285803318023682,1000,0.0,0.0
2008-01-16 00:00:00+08:00,-4.5017290115356445,-4.5017290115356445,-4.5017290115356445,-4.5017290115356445,1000,0.0,0.0
2008-01-17 00:00:00+08:00,-4.5017290115356445,-4.5017290115356445,-4.5017290115356445,-4.5017290115356445,0,0.0,0.0
2008-01-18 00:00:00+08:00,-4.5017290115356445,-4.5017290115356445,-4.5017290115356445,-4.5017290115356445,0,0.0,0.0
2008-01-21 00:00:00+08:00,-4.5017290115356445,-4.5017290115356445,-4.5017290115356445,-4.5017290115356445,0,0.0,0.0
2008-01-22 00:00:00+08:00,-4.5017290115356445,-4.5017290115356445,-4.5017290115356445,-4.5017290115356445,0,0.0,0.0
2008-01-23 00:00:00+08:00,-4.5017290115356445,-4.5017290115356445,-4.5017290115356445,-4.5017290115356445,0,0.0,0.0
2008-01-24 00:00:00+08:00,-4.5017290115356445,-4.5017290115356445,-4.5017290115356445,-4.5017290115356445,0,0.0,0.0
2008-01-25 00:00:00+08:00,-4.5017290115356445,-4.5017290115356445,-4.5017290115356445,-4.5017290115356445,0,0.0,0.0
2008-01-28 00:00:00+08:00,-4.5017290115356445,-4.5017290115356445,-4.5017290115356445,-4.5017290115356445,0,0.0,0.0
2008-01-29 00:00:00+08:00,-4.5017290115356445,-4.5017290115356445,-4.5017290115356445,-4.5017290115356445,0,0.0,0.0
2008-01-30 00:00:00+08:00,-4.44938325881958,-4.44938325881958,-4.44938325881958,-4.44938325881958,170,0.0,0.0
2008-01-31 00:00:00+08:00,-4.44938325881958,-4.44938325881958,-4.44938325881958,-4.44938325881958,0,0.0,0.0
2008-02-01 00:00:00+08:00,-4.44938325881958,-4.44938325881958,-4.44938325881958,-4.44938325881958,0,0.0,0.0
2008-02-12 00:00:00+08:00,-4.44938325881958,-4.44938325881958,-4.44938325881958,-4.44938325881958,0,0.0,0.0
2008-02-13 00:00:00+08:00,-4.44938325881958,-4.44938325881958,-4.44938325881958,-4.44938325881958,0,0.0,0.0
2008-02-14 00:00:00+08:00,-4.44938325881958,-4.44938325881958,-4.44938325881958,-4.44938325881958,0,0.0,0.0
2008-02-15 00:00:00+08:00,-4.44938325881958,-4.44938325881958,-4.44938325881958,-4.44938325881958,0,0.0,0.0
2008-02-18 00:00:00+08:00,-4.44938325881958,-4.44938325881958,-4.44938325881958,-4.44938325881958,0,0.0,0.0
2008-02-19 00:00:00+08:00,-4.44938325881958,-4.44938325881958,-4.44938325881958,-4.44938325881958,0,0.0,0.0
2008-02-20 00:00:00+08:00,-4.44938325881958,-4.44938325881958,-4.44938325881958,-4.44938325881958,0,0.0,0.0
2008-02-21 00:00:00+08:00,-4.44938325881958,-4.44938325881958,-4.44938325881958,-4.44938325881958,0,0.0,0.0
2008-02-22 00:00:00+08:00,-4.44938325881958,-4.44938325881958,-4.44938325881958,-4.44938325881958,0,0.0,0.0
2008-02-25 00:00:00+08:00,-4.44938325881958,-4.44938325881958,-4.44938325881958,-4.44938325881958,0,0.0,0.0
2008-02-26 00:00:00+08:00,-4.44938325881958,-4.44938325881958,-4.44938325881958,-4.44938325881958,0,0.0,0.0
2008-02-27 00:00:00+08:00,-4.44938325881958,-4.44938325881958,-4.44938325881958,-4.44938325881958,0,0.0,0.0
2008-02-29 00:00:00+08:00,-4.44938325881958,-4.44938325881958,-4.44938325881958,-4.44938325881958,0,0.0,0.0
2008-03-03 00:00:00+08:00,-4.44938325881958,-4.44938325881958,-4.44938325881958,-4.44938325881958,0,0.0,0.0
2008-03-04 00:00:00+08:00,-4.44938325881958,-4.44938325881958,-4.44938325881958,-4.44938325881958,0,0.0,0.0
2008-03-05 00:00:00+08:00,-4.44938325881958,-4.44938325881958,-4.44938325881958,-4.44938325881958,0,0.0,0.0
2008-03-06 00:00:00+08:00,-4.44938325881958,-4.44938325881958,-4.44938325881958,-4.44938325881958,0,0.0,0.0
2008-03-07 00:00:00+08:00,-4.44938325881958,-4.44938325881958,-4.44938325881958,-4.44938325881958,0,0.0,0.0
2008-03-10 00:00:00+08:00,-4.44938325881958,-4.44938325881958,-4.44938325881958,-4.44938325881958,0,0.0,0.0
2008-03-11 00:00:00+08:00,-4.44938325881958,-4.44938325881958,-4.44938325881958,-4.44938325881958,0,0.0,0.0
2008-03-12 00:00:00+08:00,-4.44938325881958,-4.44938325881958,-4.44938325881958,-4.44938325881958,1000,0.0,0.0
2008-03-13 00:00:00+08:00,-4.44938325881958,-4.44938325881958,-4.44938325881958,-4.44938325881958,0,0.0,0.0
2008-03-14 00:00:00+08:00,-4.44938325881958,-4.44938325881958,-4.44938325881958,-4.44938325881958,0,0.0,0.0
2008-03-17 00:00:00+08:00,-4.44938325881958,-4.44938325881958,-4.44938325881958,-4.44938325881958,0,0.0,0.0
2008-03-18 00:00:00+08:00,-4.44938325881958,-4.44938325881958,-4.44938325881958,-4.44938325881958,0,0.0,0.0
2008-03-19 00:00:00+08:00,-4.44938325881958,-4.44938325881958,-4.44938325881958,-4.44938325881958,0,0.0,0.0
2008-03-20 00:00:00+08:00,-4.44938325881958,-4.44938325881958,-4.44938325881958,-4.44938325881958,0,0.0,0.0
2008-03-21 00:00:00+08:00,-4.44938325881958,-4.44938325881958,-4.44938325881958,-4.44938325881958,0,0.0,0.0
2008-03-24 00:00:00+08:00,-4.44938325881958,-4.44938325881958,-4.44938325881958,-4.44938325881958,0,0.0,0.0
2008-03-25 00:00:00+08:00,-4.44938325881958,-4.44938325881958,-4.44938325881958,-4.44938325881958,0,0.0,0.0
2008-03-26 00:00:00+08:00,-4.44938325881958,-4.44938325881958,-4.44938325881958,-4.44938325881958,0,0.0,0.0
2008-03-27 00:00:00+08:00,-4.44938325881958,-4.44938325881958,-4.44938325881958,-4.44938325881958,0,0.0,0.0
2008-03-28 00:00:00+08:00,-4.44938325881958,-4.44938325881958,-4.44938325881958,-4.44938325881958,0,0.0,0.0
2008-03-31 00:00:00+08:00,-4.44938325881958,-4.44938325881958,-4.44938325881958,-4.44938325881958,0,0.0,0.0
2008-04-01 00:00:00+08:00,-4.44938325881958,-4.44938325881958,-4.44938325881958,-4.44938325881958,0,0.0,0.0
2008-04-02 00:00:00+08:00,-4.44938325881958,-4.44938325881958,-4.44938325881958,-4.44938325881958,0,0.0,0.0
2008-04-03 00:00:00+08:00,-4.44938325881958,-4.44938325881958,-4.44938325881958,-4.44938325881958,0,0.0,0.0
2008-04-07 00:00:00+08:00,-4.44938325881958,-4.44938325881958,-4.44938325881958,-4.44938325881958,0,0.0,0.0
2008-04-08 00:00:00+08:00,-4.44938325881958,-4.44938325881958,-4.44938325881958,-4.44938325881958,0,0.0,0.0
2008-04-09 00:00:00+08:00,-4.44938325881958,-4.44938325881958,-4.44938325881958,-4.44938325881958,0,0.0,0.0
2008-04-10 00:00:00+08:00,-4.44938325881958,-4.44938325881958,-4.44938325881958,-4.44938325881958,0,0.0,0.0
2008-04-11 00:00:00+08:00,-4.44938325881958,-4.44938325881958,-4.44938325881958,-4.44938325881958,0,0.0,0.0
2008-04-14 00:00:00+08:00,-4.44938325881958,-4.44938325881958,-4.44938325881958,-4.44938325881958,0,0.0,0.0
2008-04-15 00:00:00+08:00,-4.44938325881958,-4.44938325881958,-4.44938325881958,-4.44938325881958,0,0.0,0.0
2008-04-16 00:00:00+08:00,-4.44938325881958,-4.44938325881958,-4.44938325881958,-4.44938325881958,0,0.0,0.0
2008-04-17 00:00:00+08:00,-4.200741442736933,-4.200741442736933,-3.716543674468994,-3.716543674468994,3000,0.0,0.0
2008-04-18 00:00:00+08:00,-3.716543674468994,-3.716543674468994,-3.716543674468994,-3.716543674468994,0,0.0,0.0
2008-04-21 00:00:00+08:00,-3.716543674468994,-3.716543674468994,-3.716543674468994,-3.716543674468994,0,0.0,0.0
2008-04-22 00:00:00+08:00,-3.716543674468994,-3.716543674468994,-3.716543674468994,-3.716543674468994,0,0.0,0.0
2008-04-23 00:00:00+08:00,-3.716543674468994,-3.716543674468994,-3.716543674468994,-3.716543674468994,0,0.0,0.0
2008-04-24 00:00:00+08:00,-3.716543674468994,-3.716543674468994,-3.716543674468994,-3.716543674468994,0,0.0,0.0
2008-04-25 00:00:00+08:00,-3.716543674468994,-3.716543674468994,-3.716543674468994,-3.716543674468994,0,0.0,0.0
2008-04-28 00:00:00+08:00,-3.716543674468994,-3.716543674468994,-3.716543674468994,-3.716543674468994,0,0.0,0.0
2008-04-29 00:00:00+08:00,-3.716543674468994,-3.716543674468994,-3.716543674468994,-3.716543674468994,0,0.0,0.0
2008-04-30 00:00:00+08:00,-3.716543674468994,-3.716543674468994,-3.716543674468994,-3.716543674468994,0,0.0,0.0
2008-05-02 00:00:00+08:00,-3.716543674468994,-3.716543674468994,-3.716543674468994,-3.716543674468994,0,0.0,0.0
2008-05-05 00:00:00+08:00,-3.716543674468994,-3.716543674468994,-3.716543674468994,-3.716543674468994,0,0.0,0.0
2008-05-06 00:00:00+08:00,-3.716543674468994,-3.716543674468994,-3.716543674468994,-3.716543674468994,0,0.0,0.0
2008-05-07 00:00:00+08:00,-3.716543674468994,-3.716543674468994,-3.716543674468994,-3.716543674468994,0,0.0,0.0
2008-05-08 00:00:00+08:00,-3.716543674468994,-3.716543674468994,-3.716543674468994,-3.716543674468994,0,0.0,0.0
2008-05-09 00:00:00+08:00,-3.716543674468994,-3.716543674468994,-3.716543674468994,-3.716543674468994,0,0.0,0.0
2008-05-12 00:00:00+08:00,-3.716543674468994,-3.716543674468994,-3.716543674468994,-3.716543674468994,0,0.0,0.0
2008-05-13 00:00:00+08:00,-3.716543674468994,-3.716543674468994,-3.716543674468994,-3.716543674468994,0,0.0,0.0
2008-05-14 00:00:00+08:00,-3.4809882989896526,-3.4809882989896526,-3.291235208511352,-3.2912352085113525,2000,0.0,0.0
2008-05-15 00:00:00+08:00,-3.3370373249053955,-3.3370373249053955,-3.3370373249053955,-3.3370373249053955,1000,0.0,0.0
2008-05-16 00:00:00+08:00,-3.3370373249053955,-3.3370373249053955,-3.3370373249053955,-3.3370373249053955,0,0.0,0.0
2008-05-19 00:00:00+08:00,-3.3370373249053955,-3.3370373249053955,-3.3370373249053955,-3.3370373249053955,0,0.0,0.0
2008-05-20 00:00:00+08:00,-3.3370373249053955,-3.3370373249053955,-3.3370373249053955,-3.3370373249053955,0,0.0,0.0
2008-05-21 00:00:00+08:00,-3.3370373249053955,-3.3370373249053955,-3.3370373249053955,-3.3370373249053955,0,0.0,0.0
2008-05-22 00:00:00+08:00,-3.3370373249053955,-3.3370373249053955,-3.3370373249053955,-3.3370373249053955,0,0.0,0.0
2008-05-23 00:00:00+08:00,-3.5987658500671387,-3.5987658500671387,-3.5987658500671387,-3.5987658500671387,1000,0.0,0.0
2008-05-26 00:00:00+08:00,-3.5987658500671387,-3.5987658500671387,-3.5987658500671387,-3.5987658500671387,0,0.0,0.0
2008-05-27 00:00:00+08:00,-3.4679018897154457,-3.4679018897154457,-3.291235208511352,-3.2912352085113525,2000,0.0,0.0
2008-05-28 00:00:00+08:00,-3.1080250383888046,-3.1080250383888046,-2.741605281829834,-2.741605281829834,3000,0.0,0.0
2008-05-29 00:00:00+08:00,-2.748148394219636,-2.8135807514190674,-2.748148394219636,-2.8135807514190674,2000,0.0,0.0
2008-05-30 00:00:00+08:00,-2.8135807514190674,-2.8135807514190674,-2.8135807514190674,-2.8135807514190674,0,0.0,0.0
2008-06-02 00:00:00+08:00,-2.950988292694092,-2.950988292694092,-2.950988292694092,-2.950988292694092,1000,0.0,0.0
2008-06-03 00:00:00+08:00,-3.0818521976470947,-3.0818521976470947,-3.0818521976470947,-3.0818521976470947,1000,0.0,0.0
2008-06-04 00:00:00+08:00,-3.232346100023618,-3.795062303543091,-3.232346100023618,-3.795062303543091,4000,0.0,0.0
2008-06-05 00:00:00+08:00,-4.0044450759887695,-4.0044450759887695,-4.0044450759887695,-4.0044450759887695,1000,0.0,0.0
2008-06-06 00:00:00+08:00,-4.220370918603086,-4.42975378036499,-4.220370918603086,-4.42975378036499,2000,0.0,0.0
2008-06-09 00:00:00+08:00,-4.383951014690409,-4.383951014690409,-4.200741291046143,-4.200741291046143,2000,0.0,0.0
2008-06-10 00:00:00+08:00,-4.200741291046143,-4.200741291046143,-4.200741291046143,-4.200741291046143,0,0.0,0.0
2008-06-11 00:00:00+08:00,-4.017531394958496,-4.017531394958496,-4.017531394958496,-4.017531394958496,1000,0.0,0.0
2008-06-12 00:00:00+08:00,-3.834321584443206,-4.076420307159424,-3.4155558720639836,-4.076420307159424,7000,0.0,0.0
2008-06-13 00:00:00+08:00,-3.9913583768606897,-4.024074554443359,-3.925926333699943,-4.024074554443359,12000,0.0,0.0
2008-06-16 00:00:00+08:00,-4.024074554443359,-4.024074554443359,-4.024074554443359,-4.024074554443359,0,0.0,0.0
2008-06-17 00:00:00+08:00,-3.8604943752288823,-3.8604943752288823,-3.8604943752288823,-3.860494375228882,1000,0.0,0.0
2008-06-18 00:00:00+08:00,-3.651111602783203,-3.651111602783203,-3.651111602783203,-3.651111602783203,1000,0.0,0.0
2008-06-19 00:00:00+08:00,-3.651111602783203,-3.651111602783203,-3.651111602783203,-3.651111602783203,0,0.0,0.0
2008-06-20 00:00:00+08:00,-3.651111602783203,-3.651111602783203,-3.651111602783203,-3.651111602783203,0,0.0,0.0
2008-06-23 00:00:00+08:00,-3.651111602783203,-3.651111602783203,-3.651111602783203,-3.651111602783203,0,0.0,0.0
2008-06-24 00:00:00+08:00,-3.651111602783203,-3.651111602783203,-3.651111602783203,-3.651111602783203,0,0.0,0.0
2008-06-25 00:00:00+08:00,-3.651111602783203,-3.651111602783203,-3.651111602783203,-3.651111602783203,0,0.0,0.0
2008-06-26 00:00:00+08:00,-3.651111602783203,-3.651111602783203,-3.651111602783203,-3.651111602783203,0,0.0,0.0
2008-06-27 00:00:00+08:00,-3.441729068756104,-3.441729068756104,-3.441729068756104,-3.4417290687561035,1000,0.0,0.0
2008-06-30 00:00:00+08:00,-3.441729068756104,-3.441729068756104,-3.441729068756104,-3.4417290687561035,0,0.0,0.0
2008-07-01 00:00:00+08:00,-3.441729068756104,-3.441729068756104,-3.441729068756104,-3.4417290687561035,0,0.0,0.0
2008-07-02 00:00:00+08:00,-3.441729068756104,-3.441729068756104,-3.441729068756104,-3.4417290687561035,0,0.0,0.0
2008-07-03 00:00:00+08:00,-3.232346085439902,-3.232346085439902,-3.042593002319336,-3.042593002319336,2000,0.0,0.0
2008-07-04 00:00:00+08:00,-3.042593002319336,-3.042593002319336,-3.042593002319336,-3.042593002319336,0,0.0,0.0
2008-07-07 00:00:00+08:00,-3.042593002319336,-3.042593002319336,-3.042593002319336,-3.042593002319336,0,0.0,0.0
2008-07-08 00:00:00+08:00,-3.042593002319336,-3.042593002319336,-3.042593002319336,-3.042593002319336,0,0.0,0.0
2008-07-09 00:00:00+08:00,-3.042593002319336,-3.042593002319336,-3.042593002319336,-3.042593002319336,0,0.0,0.0
2008-07-10 00:00:00+08:00,-3.042593002319336,-3.042593002319336,-3.042593002319336,-3.042593002319336,0,0.0,0.0
2008-07-11 00:00:00+08:00,-3.042593002319336,-3.042593002319336,-3.042593002319336,-3.042593002319336,0,0.0,0.0
2008-07-14 00:00:00+08:00,-3.042593002319336,-3.042593002319336,-3.042593002319336,-3.042593002319336,0,0.0,0.0
2008-07-15 00:00:00+08:00,-3.042593002319336,-3.042593002319336,-3.042593002319336,-3.042593002319336,0,0.0,0.0
2008-07-16 00:00:00+08:00,-3.042593002319336,-3.042593002319336,-3.042593002319336,-3.042593002319336,0,0.0,0.0
2008-07-17 00:00:00+08:00,-3.042593002319336,-3.042593002319336,-3.042593002319336,-3.042593002319336,0,0.0,0.0
2008-07-18 00:00:00+08:00,-3.042593002319336,-3.042593002319336,-3.042593002319336,-3.042593002319336,0,0.0,0.0
2008-07-21 00:00:00+08:00,-3.042593002319336,-3.042593002319336,-3.042593002319336,-3.042593002319336,0,0.0,0.0
2008-07-22 00:00:00+08:00,-3.042593002319336,-3.042593002319336,-3.042593002319336,-3.042593002319336,0,0.0,0.0
2008-07-23 00:00:00+08:00,-3.042593002319336,-3.042593002319336,-3.042593002319336,-3.042593002319336,0,0.0,0.0
2008-07-24 00:00:00+08:00,-3.042593002319336,-3.042593002319336,-3.042593002319336,-3.042593002319336,0,0.0,0.0
2008-07-25 00:00:00+08:00,-3.042593002319336,-3.042593002319336,-3.042593002319336,-3.042593002319336,0,0.0,0.0
2008-07-28 00:00:00+08:00,-3.042593002319336,-3.042593002319336,-3.042593002319336,-3.042593002319336,0,0.0,0.0
2008-07-29 00:00:00+08:00,-3.042593002319336,-3.042593002319336,-3.042593002319336,-3.042593002319336,0,0.0,0.0
2008-07-30 00:00:00+08:00,-3.042593002319336,-3.042593002319336,-3.042593002319336,-3.042593002319336,0,0.0,0.0
2008-07-31 00:00:00+08:00,-3.042593002319336,-3.042593002319336,-3.042593002319336,-3.042593002319336,0,0.0,0.0
2008-08-01 00:00:00+08:00,-3.042593002319336,-3.042593002319336,-3.042593002319336,-3.042593002319336,0,0.0,0.0
2008-08-04 00:00:00+08:00,-3.042593002319336,-3.042593002319336,-3.042593002319336,-3.042593002319336,0,0.0,0.0
2008-08-05 00:00:00+08:00,-3.042593002319336,-3.042593002319336,-3.042593002319336,-3.042593002319336,0,0.0,0.0
2008-08-06 00:00:00+08:00,-3.042593002319336,-3.042593002319336,-3.042593002319336,-3.042593002319336,0,0.0,0.0
2008-08-07 00:00:00+08:00,-3.042593002319336,-3.042593002319336,-3.042593002319336,-3.042593002319336,0,0.0,0.0
2008-08-08 00:00:00+08:00,-3.042593002319336,-3.042593002319336,-3.042593002319336,-3.042593002319336,0,0.0,0.0
2008-08-11 00:00:00+08:00,-3.042593002319336,-3.042593002319336,-3.042593002319336,-3.042593002319336,0,0.0,0.0
2008-08-12 00:00:00+08:00,-3.042593002319336,-3.042593002319336,-3.042593002319336,-3.042593002319336,0,0.0,0.0
2008-08-13 00:00:00+08:00,-3.042593002319336,-3.042593002319336,-3.042593002319336,-3.042593002319336,0,0.0,0.0
2008-08-14 00:00:00+08:00,-3.042593002319336,-3.042593002319336,-3.042593002319336,-3.042593002319336,0,0.0,0.0
2008-08-15 00:00:00+08:00,-3.042593002319336,-3.042593002319336,-3.042593002319336,-3.042593002319336,0,0.0,0.0
2008-08-18 00:00:00+08:00,-3.042593002319336,-3.042593002319336,-3.042593002319336,-3.042593002319336,0,0.0,0.0
2008-08-19 00:00:00+08:00,-2.8659264366883552,-2.8659264366883552,-2.7481484413146973,-2.7481484413146973,2000,0.0,0.0
2008-08-20 00:00:00+08:00,-2.7481484413146973,-2.7481484413146973,-2.7481484413146973,-2.7481484413146973,0,0.0,0.0
2008-08-21 00:00:00+08:00,-2.7481484413146973,-2.7481484413146973,-2.7481484413146973,-2.7481484413146973,0,0.0,0.0
2008-08-22 00:00:00+08:00,-2.7481484413146973,-2.7481484413146973,-2.7481484413146973,-2.7481484413146973,0,0.0,0.0
2008-08-25 00:00:00+08:00,-2.6172842979431152,-2.6172842979431152,-2.6172842979431152,-2.6172842979431152,1000,0.0,0.0
2008-08-26 00:00:00+08:00,-2.6172842979431152,-2.6172842979431152,-2.6172842979431152,-2.6172842979431152,0,0.0,0.0
2008-08-27 00:00:00+08:00,-2.6172842979431152,-2.6172842979431152,-2.6172842979431152,-2.6172842979431152,0,0.0,0.0
2008-08-28 00:00:00+08:00,-2.6172842979431152,-2.6172842979431152,-2.6172842979431152,-2.6172842979431152,0,0.0,0.0
2008-08-29 00:00:00+08:00,-2.65000057220459,-2.65000057220459,-2.65000057220459,-2.65000057220459,1000,0.0,0.0
2008-09-01 00:00:00+08:00,-2.65000057220459,-2.65000057220459,-2.65000057220459,-2.65000057220459,0,0.0,0.0
2008-09-02 00:00:00+08:00,-2.65000057220459,-2.65000057220459,-2.65000057220459,-2.65000057220459,0,0.0,0.0
2008-09-03 00:00:00+08:00,-2.65000057220459,-2.65000057220459,-2.65000057220459,-2.65000057220459,0,0.0,0.0
2008-09-04 00:00:00+08:00,-2.65000057220459,-2.65000057220459,-2.65000057220459,-2.65000057220459,0,0.0,0.0
2008-09-05 00:00:00+08:00,-2.65000057220459,-2.65000057220459,-2.65000057220459,-2.65000057220459,0,0.0,0.0
2008-09-08 00:00:00+08:00,-2.65000057220459,-2.65000057220459,-2.65000057220459,-2.65000057220459,0,0.0,0.0
2008-09-09 00:00:00+08:00,-2.65000057220459,-2.65000057220459,-2.65000057220459,-2.65000057220459,0,0.0,0.0
2008-09-10 00:00:00+08:00,-2.65000057220459,-2.65000057220459,-2.65000057220459,-2.65000057220459,1000,0.0,0.0
2008-09-11 00:00:00+08:00,-2.65000057220459,-2.65000057220459,-2.65000057220459,-2.65000057220459,0,0.0,0.0
2008-09-12 00:00:00+08:00,-2.65000057220459,-2.65000057220459,-2.65000057220459,-2.65000057220459,0,0.0,0.0
2008-09-15 00:00:00+08:00,-2.65000057220459,-2.65000057220459,-2.65000057220459,-2.65000057220459,0,0.0,0.0
2008-09-16 00:00:00+08:00,-2.5845682621002197,-2.5845682621002197,-2.5845682621002197,-2.5845682621002197,1000,0.0,0.0
2008-09-17 00:00:00+08:00,-2.4340744018554688,-2.4340744018554688,-2.4340744018554688,-2.4340744018554688,1000,0.0,0.0
2008-09-18 00:00:00+08:00,-2.2835805416107178,-2.2835805416107178,-2.2835805416107178,-2.2835805416107178,1000,0.0,0.0
2008-09-19 00:00:00+08:00,-2.2835805416107178,-2.2835805416107178,-2.2835805416107178,-2.2835805416107178,0,0.0,0.0
2008-09-22 00:00:00+08:00,-2.1658027172088623,-2.1658027172088623,-2.1658027172088623,-2.1658027172088623,1000,0.0,0.0
2008-09-23 00:00:00+08:00,-2.0414817333221436,-2.0414817333221436,-2.0414817333221436,-2.0414817333221436,1000,0.0,0.0
2008-09-24 00:00:00+08:00,-2.0414817333221436,-2.0414817333221436,-2.0414817333221436,-2.0414817333221436,0,0.0,0.0
2008-09-25 00:00:00+08:00,-2.0414817333221436,-2.0414817333221436,-2.0414817333221436,-2.0414817333221436,0,0.0,0.0
2008-09-26 00:00:00+08:00,-2.0414817333221436,-2.0414817333221436,-2.0414817333221436,-2.0414817333221436,0,0.0,0.0
2008-09-29 00:00:00+08:00,-2.0414817333221436,-2.0414817333221436,-2.0414817333221436,-2.0414817333221436,0,0.0,0.0
2008-09-30 00:00:00+08:00,-2.0414817333221436,-2.0414817333221436,-2.0414817333221436,-2.0414817333221436,0,0.0,0.0
2008-10-01 00:00:00+08:00,-2.0414817333221436,-2.0414817333221436,-2.0414817333221436,-2.0414817333221436,0,0.0,0.0
2008-10-02 00:00:00+08:00,-2.0414817333221436,-2.0414817333221436,-2.0414817333221436,-2.0414817333221436,0,0.0,0.0
2008-10-03 00:00:00+08:00,-2.0414817333221436,-2.0414817333221436,-2.0414817333221436,-2.0414817333221436,0,0.0,0.0
2008-10-06 00:00:00+08:00,-2.0414817333221436,-2.0414817333221436,-2.0414817333221436,-2.0414817333221436,0,0.0,0.0
2008-10-07 00:00:00+08:00,-2.0938275234682258,-2.1919755935668945,-2.0938275234682258,-2.1919755935668945,2000,0.0,0.0
2008-10-08 00:00:00+08:00,-2.1919755935668945,-2.1919755935668945,-2.1919755935668945,-2.1919755935668945,0,0.0,0.0
2008-10-09 00:00:00+08:00,-2.1919755935668945,-2.1919755935668945,-2.1919755935668945,-2.1919755935668945,0,0.0,0.0
2008-10-13 00:00:00+08:00,-2.1265435218811035,-2.1265435218811035,-2.1265435218811035,-2.1265435218811035,1000,0.0,0.0
2008-10-14 00:00:00+08:00,-2.159259557723999,-2.159259557723999,-2.159259557723999,-2.159259557723999,1000,0.0,0.0
2008-10-15 00:00:00+08:00,-2.159259557723999,-2.159259557723999,-2.159259557723999,-2.159259557723999,0,0.0,0.0
2008-10-16 00:00:00+08:00,-2.159259557723999,-2.159259557723999,-2.159259557723999,-2.159259557723999,0,0.0,0.0
2008-10-17 00:00:00+08:00,-2.159259557723999,-2.159259557723999,-2.159259557723999,-2.159259557723999,0,0.0,0.0
2008-10-20 00:00:00+08:00,-2.159259557723999,-2.159259557723999,-2.159259557723999,-2.159259557723999,0,0.0,0.0
2008-10-21 00:00:00+08:00,-2.159259557723999,-2.159259557723999,-2.159259557723999,-2.159259557723999,0,0.0,0.0
2008-10-22 00:00:00+08:00,-2.159259557723999,-2.159259557723999,-2.159259557723999,-2.159259557723999,0,0.0,0.0
2008-10-23 00:00:00+08:00,-2.159259557723999,-2.159259557723999,-2.159259557723999,-2.159259557723999,0,0.0,0.0
2008-10-24 00:00:00+08:00,-2.159259557723999,-2.159259557723999,-2.159259557723999,-2.159259557723999,0,0.0,0.0
2008-10-27 00:00:00+08:00,-2.159259557723999,-2.159259557723999,-2.159259557723999,-2.159259557723999,0,0.0,0.0
2008-10-28 00:00:00+08:00,-2.159259557723999,-2.159259557723999,-2.159259557723999,-2.159259557723999,0,0.0,0.0
2008-10-29 00:00:00+08:00,-2.198518753051758,-2.198518753051758,-2.198518753051758,-2.198518753051758,2000,0.0,0.0
2008-10-30 00:00:00+08:00,-2.198518753051758,-2.198518753051758,-2.198518753051758,-2.198518753051758,0,0.0,0.0
2008-10-31 00:00:00+08:00,-2.198518753051758,-2.198518753051758,-2.198518753051758,-2.198518753051758,0,0.0,0.0
2008-11-03 00:00:00+08:00,-2.198518753051758,-2.198518753051758,-2.198518753051758,-2.198518753051758,0,0.0,0.0
2008-11-04 00:00:00+08:00,-2.198518753051758,-2.198518753051758,-2.198518753051758,-2.198518753051758,0,0.0,0.0
2008-11-05 00:00:00+08:00,-2.198518753051758,-2.198518753051758,-2.198518753051758,-2.198518753051758,0,0.0,0.0
2008-11-06 00:00:00+08:00,-2.198518753051758,-2.198518753051758,-2.198518753051758,-2.198518753051758,0,0.0,0.0
2008-11-07 00:00:00+08:00,-2.198518753051758,-2.198518753051758,-2.198518753051758,-2.198518753051758,0,0.0,0.0
2008-11-10 00:00:00+08:00,-2.198518753051758,-2.198518753051758,-2.198518753051758,-2.198518753051758,0,0.0,0.0
2008-11-11 00:00:00+08:00,-2.198518753051758,-2.198518753051758,-2.198518753051758,-2.198518753051758,0,0.0,0.0
2008-11-12 00:00:00+08:00,-2.198518753051758,-2.198518753051758,-2.198518753051758,-2.198518753051758,0,0.0,0.0
2008-11-13 00:00:00+08:00,-2.198518753051758,-2.198518753051758,-2.198518753051758,-2.198518753051758,0,0.0,0.0
2008-11-14 00:00:00+08:00,-2.1658027361572425,-2.1658027361572425,-2.093827486038208,-2.093827486038208,3000,0.0,0.0
2008-11-17 00:00:00+08:00,-2.093827486038208,-2.093827486038208,-2.093827486038208,-2.093827486038208,0,0.0,0.0
2008-11-18 00:00:00+08:00,-2.093827486038208,-2.093827486038208,-2.093827486038208,-2.093827486038208,0,0.0,0.0
2008-11-19 00:00:00+08:00,-2.093827486038208,-2.093827486038208,-2.093827486038208,-2.093827486038208,0,0.0,0.0
2008-11-20 00:00:00+08:00,-2.093827486038208,-2.093827486038208,-2.093827486038208,-2.093827486038208,0,0.0,0.0
2008-11-21 00:00:00+08:00,-2.093827486038208,-2.093827486038208,-2.093827486038208,-2.093827486038208,0,0.0,0.0
2008-11-24 00:00:00+08:00,-2.093827486038208,-2.093827486038208,-2.093827486038208,-2.093827486038208,2000,0.0,0.0
2008-11-25 00:00:00+08:00,-2.093827486038208,-2.093827486038208,-2.093827486038208,-2.093827486038208,0,0.0,0.0
2008-11-26 00:00:00+08:00,-2.093827486038208,-2.093827486038208,-2.093827486038208,-2.093827486038208,0,0.0,0.0
2008-11-27 00:00:00+08:00,-2.093827486038208,-2.093827486038208,-2.093827486038208,-2.093827486038208,0,0.0,0.0
2008-11-28 00:00:00+08:00,-2.093827486038208,-2.093827486038208,-2.093827486038208,-2.093827486038208,0,0.0,0.0
2008-12-01 00:00:00+08:00,-2.093827486038208,-2.093827486038208,-2.093827486038208,-2.093827486038208,0,0.0,0.0
2008-12-02 00:00:00+08:00,-2.093827486038208,-2.093827486038208,-2.093827486038208,-2.093827486038208,0,0.0,0.0
2008-12-03 00:00:00+08:00,-2.093827486038208,-2.093827486038208,-2.093827486038208,-2.093827486038208,0,0.0,0.0
2008-12-04 00:00:00+08:00,-2.093827486038208,-2.093827486038208,-2.093827486038208,-2.093827486038208,0,0.0,0.0
2008-12-05 00:00:00+08:00,-2.093827486038208,-2.093827486038208,-2.093827486038208,-2.093827486038208,0,0.0,0.0
2008-12-08 00:00:00+08:00,-2.0807411670684814,-2.0807411670684814,-2.0807411670684814,-2.0807411670684814,2000,0.0,0.0
2008-12-09 00:00:00+08:00,-1.9825928211212158,-1.9825928211212158,-1.9825928211212158,-1.9825928211212158,2000,0.0,0.0
2008-12-10 00:00:00+08:00,-1.8844447135925293,-1.8844447135925293,-1.8844447135925293,-1.8844447135925293,300,0.0,0.0
2008-12-11 00:00:00+08:00,-1.8844447135925293,-1.8844447135925293,-1.8844447135925293,-1.8844447135925293,0,0.0,0.0
2008-12-12 00:00:00+08:00,-1.8648149967193604,-1.8648149967193604,-1.8648149967193604,-1.8648149967193604,1000,0.0,0.0
2008-12-15 00:00:00+08:00,-1.8648149967193604,-1.8648149967193604,-1.8648149967193604,-1.8648149967193604,0,0.0,0.0
2008-12-16 00:00:00+08:00,-1.8648149967193604,-1.8648149967193604,-1.8648149967193604,-1.8648149967193604,0,0.0,0.0
2008-12-17 00:00:00+08:00,-1.8648149967193604,-1.8648149967193604,-1.8648149967193604,-1.8648149967193604,0,0.0,0.0
2008-12-18 00:00:00+08:00,-1.8648149967193604,-1.8648149967193604,-1.8648149967193604,-1.8648149967193604,0,0.0,0.0
2008-12-19 00:00:00+08:00,-1.8648149967193604,-1.8648149967193604,-1.8648149967193604,-1.8648149967193604,0,0.0,0.0
2008-12-22 00:00:00+08:00,-1.8648149967193604,-1.8648149967193604,-1.8648149967193604,-1.8648149967193604,0,0.0,0.0
2008-12-23 00:00:00+08:00,-1.8648149967193604,-1.8648149967193604,-1.8648149967193604,-1.8648149967193604,0,0.0,0.0
2008-12-24 00:00:00+08:00,-1.8648149967193604,-1.8648149967193604,-1.8648149967193604,-1.8648149967193604,0,0.0,0.0
2008-12-25 00:00:00+08:00,-1.8648149967193604,-1.8648149967193604,-1.8648149967193604,-1.8648149967193604,0,0.0,0.0
2008-12-26 00:00:00+08:00,-1.8648149967193604,-1.8648149967193604,-1.8648149967193604,-1.8648149967193604,0,0.0,0.0
2008-12-29 00:00:00+08:00,-1.8648149967193604,-1.8648149967193604,-1.8648149967193604,-1.8648149967193604,0,0.0,0.0
2008-12-30 00:00:00+08:00,-1.8648149967193604,-1.8648149967193604,-1.8648149967193604,-1.8648149967193604,0,0.0,0.0
2008-12-31 00:00:00+08:00,-1.8648149967193604,-1.8648149967193604,-1.8648149967193604,-1.8648149967193604,0,0.0,0.0
2009-01-02 00:00:00+08:00,-1.8648149967193604,-1.8648149967193604,-1.8648149967193604,-1.8648149967193604,0,0.0,0.0
2009-01-05 00:00:00+08:00,-1.8648149967193604,-1.8648149967193604,-1.8648149967193604,-1.8648149967193604,0,0.0,0.0
2009-01-06 00:00:00+08:00,-1.8648149967193604,-1.8648149967193604,-1.8648149967193604,-1.8648149967193604,0,0.0,0.0
2009-01-07 00:00:00+08:00,-1.8648149967193604,-1.8648149967193604,-1.8648149967193604,-1.8648149967193604,0,0.0,0.0
2009-01-08 00:00:00+08:00,-1.8648149967193604,-1.8648149967193604,-1.8648149967193604,-1.8648149967193604,0,0.0,0.0
2009-01-09 00:00:00+08:00,-1.8648149967193604,-1.8648149967193604,-1.8648149967193604,-1.8648149967193604,0,0.0,0.0
2009-01-12 00:00:00+08:00,-1.8648149967193604,-1.8648149967193604,-1.8648149967193604,-1.8648149967193604,0,0.0,0.0
2009-01-13 00:00:00+08:00,-1.8648149967193604,-1.8648149967193604,-1.8648149967193604,-1.8648149967193604,0,0.0,0.0
2009-01-14 00:00:00+08:00,-1.8648149967193604,-1.8648149967193604,-1.8648149967193604,-1.8648149967193604,0,0.0,0.0
2009-01-15 00:00:00+08:00,-1.8648149967193604,-1.8648149967193604,-1.8648149967193604,-1.8648149967193604,0,0.0,0.0
2009-01-16 00:00:00+08:00,-1.8648149967193604,-1.8648149967193604,-1.8648149967193604,-1.8648149967193604,0,0.0,0.0
2009-01-19 00:00:00+08:00,-1.8648149967193604,-1.8648149967193604,-1.8648149967193604,-1.8648149967193604,0,0.0,0.0
2009-01-20 00:00:00+08:00,-1.8648149967193604,-1.8648149967193604,-1.8648149967193604,-1.8648149967193604,0,0.0,0.0
2009-01-21 00:00:00+08:00,-1.9629632234573364,-1.9629632234573364,-1.9629632234573364,-1.9629632234573364,2000,0.0,0.0
2009-02-02 00:00:00+08:00,-1.9629632234573364,-1.9629632234573364,-1.9629632234573364,-1.9629632234573364,0,0.0,0.0
2009-02-03 00:00:00+08:00,-1.9629632234573364,-1.9629632234573364,-1.9629632234573364,-1.9629632234573364,0,0.0,0.0
2009-02-04 00:00:00+08:00,-1.9629632234573364,-1.9629632234573364,-1.9629632234573364,-1.9629632234573364,0,0.0,0.0
2009-02-05 00:00:00+08:00,-1.9629632234573364,-1.9629632234573364,-1.9629632234573364,-1.9629632234573364,0,0.0,0.0
2009-02-06 00:00:00+08:00,-1.9629632234573364,-1.9629632234573364,-1.9629632234573364,-1.9629632234573364,0,0.0,0.0
2009-02-09 00:00:00+08:00,-1.9629632234573364,-1.9629632234573364,-1.9629632234573364,-1.9629632234573364,0,0.0,0.0
2009-02-10 00:00:00+08:00,-1.9629632234573364,-1.9629632234573364,-1.9629632234573364,-1.9629632234573364,0,0.0,0.0
2009-02-11 00:00:00+08:00,-1.9629632234573364,-1.9629632234573364,-1.9629632234573364,-1.9629632234573364,0,0.0,0.0
2009-02-12 00:00:00+08:00,-1.9629632234573364,-1.9629632234573364,-1.9629632234573364,-1.9629632234573364,0,0.0,0.0
2009-02-13 00:00:00+08:00,-1.9629632234573364,-1.9629632234573364,-1.9629632234573364,-1.9629632234573364,0,0.0,0.0
2009-02-16 00:00:00+08:00,-1.9629632234573364,-1.9629632234573364,-1.9629632234573364,-1.9629632234573364,0,0.0,0.0
2009-02-17 00:00:00+08:00,-1.9629632234573364,-1.9629632234573364,-1.9629632234573364,-1.9629632234573364,0,0.0,0.0
2009-02-18 00:00:00+08:00,-1.9629632234573364,-1.9629632234573364,-1.9629632234573364,-1.9629632234573364,0,0.0,0.0
2009-02-19 00:00:00+08:00,-1.9629632234573364,-1.9629632234573364,-1.9629632234573364,-1.9629632234573364,0,0.0,0.0
2009-02-20 00:00:00+08:00,-1.9629632234573364,-1.9629632234573364,-1.9629632234573364,-1.9629632234573364,0,0.0,0.0
2009-02-23 00:00:00+08:00,-1.9629632234573364,-1.9629632234573364,-1.9629632234573364,-1.9629632234573364,0,0.0,0.0
2009-02-24 00:00:00+08:00,-1.9629632234573364,-1.9629632234573364,-1.9629632234573364,-1.9629632234573364,0,0.0,0.0
2009-02-25 00:00:00+08:00,-1.9629632234573364,-1.9629632234573364,-1.9629632234573364,-1.9629632234573364,0,0.0,0.0
2009-02-26 00:00:00+08:00,-1.9629632234573364,-1.9629632234573364,-1.9629632234573364,-1.9629632234573364,0,0.0,0.0
2009-02-27 00:00:00+08:00,-1.9629632234573364,-1.9629632234573364,-1.9629632234573364,-1.9629632234573364,0,0.0,0.0
2009-03-02 00:00:00+08:00,-1.9629632234573364,-1.9629632234573364,-1.9629632234573364,-1.9629632234573364,0,0.0,0.0
2009-03-03 00:00:00+08:00,-1.9629632234573364,-1.9629632234573364,-1.9629632234573364,-1.9629632234573364,0,0.0,0.0
2009-03-04 00:00:00+08:00,-1.9629632234573364,-1.9629632234573364,-1.9629632234573364,-1.9629632234573364,0,0.0,0.0
2009-03-05 00:00:00+08:00,-1.9629632234573364,-1.9629632234573364,-1.9629632234573364,-1.9629632234573364,0,0.0,0.0
2009-03-06 00:00:00+08:00,-1.9629632234573364,-1.9629632234573364,-1.9629632234573364,-1.9629632234573364,0,0.0,0.0
2009-03-09 00:00:00+08:00,-1.9629632234573364,-1.9629632234573364,-1.9629632234573364,-1.9629632234573364,0,0.0,0.0
2009-03-10 00:00:00+08:00,-1.9629632234573364,-1.9629632234573364,-1.9629632234573364,-1.9629632234573364,0,0.0,0.0
2009-03-11 00:00:00+08:00,-1.9629632234573364,-1.9629632234573364,-1.9629632234573364,-1.9629632234573364,0,0.0,0.0
2009-03-12 00:00:00+08:00,-1.9629632234573364,-1.9629632234573364,-1.9629632234573364,-1.9629632234573364,0,0.0,0.0
2009-03-13 00:00:00+08:00,-1.9629632234573364,-1.9629632234573364,-1.9629632234573364,-1.9629632234573364,0,0.0,0.0
2009-03-16 00:00:00+08:00,-1.9629632234573364,-1.9629632234573364,-1.9629632234573364,-1.9629632234573364,0,0.0,0.0
2009-03-17 00:00:00+08:00,-1.9629632234573364,-1.9629632234573364,-1.9629632234573364,-1.9629632234573364,0,0.0,0.0
2009-03-18 00:00:00+08:00,-1.9629632234573364,-1.9629632234573364,-1.9629632234573364,-1.9629632234573364,0,0.0,0.0
2009-03-19 00:00:00+08:00,-1.9629632234573364,-1.9629632234573364,-1.9629632234573364,-1.9629632234573364,0,0.0,0.0
2009-03-20 00:00:00+08:00,-1.9629632234573364,-1.9629632234573364,-1.9629632234573364,-1.9629632234573364,0,0.0,0.0
2009-03-23 00:00:00+08:00,-1.9629632234573364,-1.9629632234573364,-1.9629632234573364,-1.9629632234573364,0,0.0,0.0
2009-03-24 00:00:00+08:00,-1.9629632234573364,-1.9629632234573364,-1.9629632234573364,-1.9629632234573364,0,0.0,0.0
2009-03-25 00:00:00+08:00,-1.9629632234573364,-1.9629632234573364,-1.9629632234573364,-1.9629632234573364,0,0.0,0.0
2009-03-26 00:00:00+08:00,-1.9629632234573364,-1.9629632234573364,-1.9629632234573364,-1.9629632234573364,0,0.0,0.0
2009-03-27 00:00:00+08:00,-1.9629632234573364,-1.9629632234573364,-1.9629632234573364,-1.9629632234573364,0,0.0,0.0
2009-03-30 00:00:00+08:00,-1.9629632234573364,-1.9629632234573364,-1.9629632234573364,-1.9629632234573364,0,0.0,0.0
2009-03-31 00:00:00+08:00,-1.9629632234573364,-1.9629632234573364,-1.9629632234573364,-1.9629632234573364,0,0.0,0.0
2009-04-02 00:00:00+08:00,-1.9629632234573364,-1.9629632234573364,-1.9629632234573364,-1.9629632234573364,0,0.0,0.0
2009-04-03 00:00:00+08:00,-1.9629632234573364,-1.9629632234573364,-1.9629632234573364,-1.9629632234573364,0,0.0,0.0
2009-04-06 00:00:00+08:00,-1.9629632234573364,-1.9629632234573364,-1.9629632234573364,-1.9629632234573364,0,0.0,0.0
2009-04-07 00:00:00+08:00,-1.9629632234573364,-1.9629632234573364,-1.9629632234573364,-1.9629632234573364,0,0.0,0.0
2009-04-08 00:00:00+08:00,-1.9629632234573364,-1.9629632234573364,-1.9629632234573364,-1.9629632234573364,0,0.0,0.0
2009-04-09 00:00:00+08:00,-1.9629632234573364,-1.9629632234573364,-1.9629632234573364,-1.9629632234573364,0,0.0,0.0
2009-04-10 00:00:00+08:00,-1.9629632234573364,-1.9629632234573364,-1.9629632234573364,-1.9629632234573364,0,0.0,0.0
2009-04-13 00:00:00+08:00,-1.9629632234573364,-1.9629632234573364,-1.9629632234573364,-1.9629632234573364,0,0.0,0.0
2009-04-14 00:00:00+08:00,-1.9629632234573364,-1.9629632234573364,-1.9629632234573364,-1.9629632234573364,0,0.0,0.0
2009-04-15 00:00:00+08:00,-1.9629632234573364,-1.9629632234573364,-1.9629632234573364,-1.9629632234573364,0,0.0,0.0
2009-04-16 00:00:00+08:00,-1.9629632234573364,-1.9629632234573364,-1.9629632234573364,-1.9629632234573364,0,0.0,0.0
2009-04-17 00:00:00+08:00,-1.9629632234573364,-1.9629632234573364,-1.9629632234573364,-1.9629632234573364,0,0.0,0.0
2009-04-20 00:00:00+08:00,-1.9629632234573364,-1.9629632234573364,-1.9629632234573364,-1.9629632234573364,0,0.0,0.0
2009-04-21 00:00:00+08:00,-1.9629632234573364,-1.9629632234573364,-1.9629632234573364,-1.9629632234573364,0,0.0,0.0
2009-04-22 00:00:00+08:00,-1.9629632234573364,-1.9629632234573364,-1.9629632234573364,-1.9629632234573364,0,0.0,0.0
2009-04-23 00:00:00+08:00,-1.9629632234573364,-1.9629632234573364,-1.9629632234573364,-1.9629632234573364,0,0.0,0.0
2009-04-24 00:00:00+08:00,-1.9629632234573364,-1.9629632234573364,-1.9629632234573364,-1.9629632234573364,0,0.0,0.0
2009-04-27 00:00:00+08:00,-1.9629632234573364,-1.9629632234573364,-1.9629632234573364,-1.9629632234573364,0,0.0,0.0
2009-04-28 00:00:00+08:00,-1.9629632234573364,-1.9629632234573364,-1.9629632234573364,-1.9629632234573364,0,0.0,0.0
2009-04-29 00:00:00+08:00,-1.9629632234573364,-1.9629632234573364,-1.9629632234573364,-1.9629632234573364,0,0.0,0.0
2009-04-30 00:00:00+08:00,-1.9629632234573364,-1.9629632234573364,-1.9629632234573364,-1.9629632234573364,0,0.0,0.0
2009-05-04 00:00:00+08:00,-1.9629632234573364,-1.9629632234573364,-1.9629632234573364,-1.9629632234573364,0,0.0,0.0
2009-05-05 00:00:00+08:00,-1.9629632234573364,-1.9629632234573364,-1.9629632234573364,-1.9629632234573364,0,0.0,0.0
2009-05-06 00:00:00+08:00,-1.9629632234573364,-1.9629632234573364,-1.9629632234573364,-1.9629632234573364,0,0.0,0.0
2009-05-07 00:00:00+08:00,-1.9629632234573364,-1.9629632234573364,-1.9629632234573364,-1.9629632234573364,0,0.0,0.0
2009-05-08 00:00:00+08:00,-1.9629632234573364,-1.9629632234573364,-1.9629632234573364,-1.9629632234573364,0,0.0,0.0
2009-05-11 00:00:00+08:00,-1.9629632234573364,-1.9629632234573364,-1.9629632234573364,-1.9629632234573364,0,0.0,0.0
2009-05-12 00:00:00+08:00,-1.9629632234573364,-1.9629632234573364,-1.9629632234573364,-1.9629632234573364,0,0.0,0.0
2009-05-13 00:00:00+08:00,-1.9629632234573364,-1.9629632234573364,-1.9629632234573364,-1.9629632234573364,0,0.0,0.0
2009-05-14 00:00:00+08:00,-1.9629632234573364,-1.9629632234573364,-1.9629632234573364,-1.9629632234573364,0,0.0,0.0
2009-05-15 00:00:00+08:00,-1.9629632234573364,-1.9629632234573364,-1.9629632234573364,-1.9629632234573364,0,0.0,0.0
2009-05-18 00:00:00+08:00,-1.9629632234573364,-1.9629632234573364,-1.9629632234573364,-1.9629632234573364,0,0.0,0.0
2009-05-19 00:00:00+08:00,-1.9629632234573364,-1.9629632234573364,-1.9629632234573364,-1.9629632234573364,0,0.0,0.0
2009-05-20 00:00:00+08:00,-1.9629632234573364,-1.9629632234573364,-1.9629632234573364,-1.9629632234573364,0,0.0,0.0
2009-05-21 00:00:00+08:00,-1.9629632234573364,-1.9629632234573364,-1.9629632234573364,-1.9629632234573364,0,0.0,0.0
2009-05-22 00:00:00+08:00,-1.9629632234573364,-1.9629632234573364,-1.9629632234573364,-1.9629632234573364,0,0.0,0.0
2009-05-25 00:00:00+08:00,-1.9629632234573364,-1.9629632234573364,-1.9629632234573364,-1.9629632234573364,0,0.0,0.0
2009-05-26 00:00:00+08:00,-1.9629632234573364,-1.9629632234573364,-1.9629632234573364,-1.9629632234573364,0,0.0,0.0
2009-05-27 00:00:00+08:00,-1.9629632234573364,-1.9629632234573364,-1.9629632234573364,-1.9629632234573364,0,0.0,0.0
2009-06-01 00:00:00+08:00,-1.9629632234573364,-1.9629632234573364,-1.9629632234573364,-1.9629632234573364,0,0.0,0.0
2009-06-02 00:00:00+08:00,-1.9629632234573364,-1.9629632234573364,-1.9629632234573364,-1.9629632234573364,0,0.0,0.0
2009-06-03 00:00:00+08:00,-1.9629632234573364,-1.9629632234573364,-1.9629632234573364,-1.9629632234573364,0,0.0,0.0
2009-06-04 00:00:00+08:00,-1.9629632234573364,-1.9629632234573364,-1.9629632234573364,-1.9629632234573364,0,0.0,0.0
2009-06-05 00:00:00+08:00,-1.9629632234573364,-1.9629632234573364,-1.9629632234573364,-1.9629632234573364,0,0.0,0.0
2009-06-08 00:00:00+08:00,-1.9629632234573364,-1.9629632234573364,-1.9629632234573364,-1.9629632234573364,0,0.0,0.0
2009-06-09 00:00:00+08:00,-1.9629632234573364,-1.9629632234573364,-1.9629632234573364,-1.9629632234573364,0,0.0,0.0
2009-06-10 00:00:00+08:00,-1.9629632234573364,-1.9629632234573364,-1.9629632234573364,-1.9629632234573364,0,0.0,0.0
2009-06-11 00:00:00+08:00,-1.9629632234573364,-1.9629632234573364,-1.9629632234573364,-1.9629632234573364,0,0.0,0.0
2009-06-12 00:00:00+08:00,-1.9629632234573364,-1.9629632234573364,-1.9629632234573364,-1.9629632234573364,0,0.0,0.0
2009-06-15 00:00:00+08:00,-1.9629632234573364,-1.9629632234573364,-1.9629632234573364,-1.9629632234573364,0,0.0,0.0
2009-06-16 00:00:00+08:00,-1.9629632234573364,-1.9629632234573364,-1.9629632234573364,-1.9629632234573364,0,0.0,0.0
2009-06-17 00:00:00+08:00,-1.9629632234573364,-1.9629632234573364,-1.9629632234573364,-1.9629632234573364,0,0.0,0.0
2009-06-18 00:00:00+08:00,-1.9629632234573364,-1.9629632234573364,-1.9629632234573364,-1.9629632234573364,0,0.0,0.0
2009-06-19 00:00:00+08:00,-1.9629632234573364,-1.9629632234573364,-1.9629632234573364,-1.9629632234573364,0,0.0,0.0
2009-06-22 00:00:00+08:00,-1.9629632234573364,-1.9629632234573364,-1.9629632234573364,-1.9629632234573364,0,0.0,0.0
2009-06-23 00:00:00+08:00,-1.9629632234573364,-1.9629632234573364,-1.9629632234573364,-1.9629632234573364,0,0.0,0.0
2009-06-24 00:00:00+08:00,-1.9629632234573364,-1.9629632234573364,-1.9629632234573364,-1.9629632234573364,0,0.0,0.0
2009-06-25 00:00:00+08:00,-1.9629632234573364,-1.9629632234573364,-1.9629632234573364,-1.9629632234573364,0,0.0,0.0
2009-06-26 00:00:00+08:00,-1.9629632234573364,-1.9629632234573364,-1.9629632234573364,-1.9629632234573364,0,0.0,0.0
2009-06-29 00:00:00+08:00,-1.9629632234573364,-1.9629632234573364,-1.9629632234573364,-1.9629632234573364,0,0.0,0.0
2009-06-30 00:00:00+08:00,-1.9629632234573364,-1.9629632234573364,-1.9629632234573364,-1.9629632234573364,0,0.0,0.0
2009-07-01 00:00:00+08:00,-1.9629632234573364,-1.9629632234573364,-1.9629632234573364,-1.9629632234573364,0,0.0,0.0
2009-07-02 00:00:00+08:00,-1.9629632234573364,-1.9629632234573364,-1.9629632234573364,-1.9629632234573364,0,0.0,0.0
2009-07-03 00:00:00+08:00,-1.9629632234573364,-1.9629632234573364,-1.9629632234573364,-1.9629632234573364,0,0.0,0.0
2009-07-06 00:00:00+08:00,-1.9629632234573364,-1.9629632234573364,-1.9629632234573364,-1.9629632234573364,0,0.0,0.0
2009-07-07 00:00:00+08:00,-1.9629632234573364,-1.9629632234573364,-1.9629632234573364,-1.9629632234573364,0,0.0,0.0
2009-07-08 00:00:00+08:00,-1.9629632234573364,-1.9629632234573364,-1.9629632234573364,-1.9629632234573364,0,0.0,0.0
2009-07-09 00:00:00+08:00,-1.9629632234573364,-1.9629632234573364,-1.9629632234573364,-1.9629632234573364,0,0.0,0.0
2009-07-10 00:00:00+08:00,-1.9629632234573364,-1.9629632234573364,-1.9629632234573364,-1.9629632234573364,0,0.0,0.0
2009-07-13 00:00:00+08:00,-1.9629632234573364,-1.9629632234573364,-1.9629632234573364,-1.9629632234573364,0,0.0,0.0
2009-07-14 00:00:00+08:00,-1.9629632234573364,-1.9629632234573364,-1.9629632234573364,-1.9629632234573364,0,0.0,0.0
2009-07-15 00:00:00+08:00,-1.9629632234573364,-1.9629632234573364,-1.9629632234573364,-1.9629632234573364,0,0.0,0.0
2009-07-16 00:00:00+08:00,-1.9629632234573364,-1.9629632234573364,-1.9629632234573364,-1.9629632234573364,0,0.0,0.0
2009-07-17 00:00:00+08:00,-1.9629632234573364,-1.9629632234573364,-1.9629632234573364,-1.9629632234573364,0,0.0,0.0
2009-07-20 00:00:00+08:00,-1.9629632234573364,-1.9629632234573364,-1.9629632234573364,-1.9629632234573364,0,0.0,0.0
2009-07-21 00:00:00+08:00,-1.9629632234573364,-1.9629632234573364,-1.9629632234573364,-1.9629632234573364,0,0.0,0.0
2009-07-22 00:00:00+08:00,-1.9629632234573364,-1.9629632234573364,-1.9629632234573364,-1.9629632234573364,0,0.0,0.0
2009-07-23 00:00:00+08:00,-1.9629632234573364,-1.9629632234573364,-1.9629632234573364,-1.9629632234573364,0,0.0,0.0
2009-07-24 00:00:00+08:00,-1.9629632234573364,-1.9629632234573364,-1.9629632234573364,-1.9629632234573364,0,0.0,0.0
2009-07-27 00:00:00+08:00,-1.9629632234573364,-1.9629632234573364,-1.9629632234573364,-1.9629632234573364,0,0.0,0.0
2009-07-28 00:00:00+08:00,-1.9629632234573364,-1.9629632234573364,-1.9629632234573364,-1.9629632234573364,0,0.0,0.0
2009-07-29 00:00:00+08:00,-1.9629632234573364,-1.9629632234573364,-1.9629632234573364,-1.9629632234573364,0,0.0,0.0
2009-07-30 00:00:00+08:00,-1.9629632234573364,-1.9629632234573364,-1.9629632234573364,-1.9629632234573364,0,0.0,0.0
2009-07-31 00:00:00+08:00,-1.9629632234573364,-1.9629632234573364,-1.9629632234573364,-1.9629632234573364,0,0.0,0.0
2009-08-03 00:00:00+08:00,-1.9629632234573364,-1.9629632234573364,-1.9629632234573364,-1.9629632234573364,0,0.0,0.0
2009-08-04 00:00:00+08:00,-1.9629632234573364,-1.9629632234573364,-1.9629632234573364,-1.9629632234573364,0,0.0,0.0
2009-08-05 00:00:00+08:00,-1.9629632234573364,-1.9629632234573364,-1.9629632234573364,-1.9629632234573364,0,0.0,0.0
2009-08-06 00:00:00+08:00,-1.9629632234573364,-1.9629632234573364,-1.9629632234573364,-1.9629632234573364,0,0.0,0.0
2009-08-07 00:00:00+08:00,-1.9629632234573364,-1.9629632234573364,-1.9629632234573364,-1.9629632234573364,0,0.0,0.0
2009-08-10 00:00:00+08:00,-1.9629632234573364,-1.9629632234573364,-1.9629632234573364,-1.9629632234573364,0,0.0,0.0
2009-08-11 00:00:00+08:00,-1.9629632234573364,-1.9629632234573364,-1.9629632234573364,-1.9629632234573364,0,0.0,0.0
2009-08-12 00:00:00+08:00,-1.9629632234573364,-1.9629632234573364,-1.9629632234573364,-1.9629632234573364,0,0.0,0.0
2009-08-13 00:00:00+08:00,-1.9629632234573364,-1.9629632234573364,-1.9629632234573364,-1.9629632234573364,0,0.0,0.0
2009-08-14 00:00:00+08:00,-1.9629632234573364,-1.9629632234573364,-1.9629632234573364,-1.9629632234573364,0,0.0,0.0
2009-08-17 00:00:00+08:00,-1.9629632234573364,-1.9629632234573364,-1.9629632234573364,-1.9629632234573364,0,0.0,0.0
2009-08-18 00:00:00+08:00,-1.9629632234573364,-1.9629632234573364,-1.9629632234573364,-1.9629632234573364,0,0.0,0.0
2009-08-19 00:00:00+08:00,-1.9629632234573364,-1.9629632234573364,-1.9629632234573364,-1.9629632234573364,0,0.0,0.0
2009-08-20 00:00:00+08:00,-1.9629632234573364,-1.9629632234573364,-1.9629632234573364,-1.9629632234573364,0,0.0,0.0
2009-08-21 00:00:00+08:00,-1.9629632234573364,-1.9629632234573364,-1.9629632234573364,-1.9629632234573364,0,0.0,0.0
2009-08-24 00:00:00+08:00,-1.9629632234573364,-1.9629632234573364,-1.9629632234573364,-1.9629632234573364,0,0.0,0.0
2009-08-25 00:00:00+08:00,-1.9629632234573364,-1.9629632234573364,-1.9629632234573364,-1.9629632234573364,0,0.0,0.0
2009-08-26 00:00:00+08:00,-1.9629632234573364,-1.9629632234573364,-1.9629632234573364,-1.9629632234573364,0,0.0,0.0
2009-08-27 00:00:00+08:00,-1.9629632234573364,-1.9629632234573364,-1.9629632234573364,-1.9629632234573364,0,0.0,0.0
2009-08-28 00:00:00+08:00,-1.9629632234573364,-1.9629632234573364,-1.9629632234573364,-1.9629632234573364,0,0.0,0.0
2009-08-31 00:00:00+08:00,-1.9629632234573364,-1.9629632234573364,-1.9629632234573364,-1.9629632234573364,0,0.0,0.0
2009-09-01 00:00:00+08:00,-1.9629632234573364,-1.9629632234573364,-1.9629632234573364,-1.9629632234573364,0,0.0,0.0
2009-09-02 00:00:00+08:00,-1.9629632234573364,-1.9629632234573364,-1.9629632234573364,-1.9629632234573364,0,0.0,0.0
2009-09-03 00:00:00+08:00,-1.9629632234573364,-1.9629632234573364,-1.9629632234573364,-1.9629632234573364,0,0.0,0.0
2009-09-04 00:00:00+08:00,-1.9629632234573364,-1.9629632234573364,-1.9629632234573364,-1.9629632234573364,0,0.0,0.0
2009-09-07 00:00:00+08:00,-1.9629632234573364,-1.9629632234573364,-1.9629632234573364,-1.9629632234573364,0,0.0,0.0
2009-09-08 00:00:00+08:00,-1.9629632234573364,-1.9629632234573364,-1.9629632234573364,-1.9629632234573364,0,0.0,0.0
2009-09-09 00:00:00+08:00,-1.9629632234573364,-1.9629632234573364,-1.9629632234573364,-1.9629632234573364,0,0.0,0.0
2009-09-10 00:00:00+08:00,-1.9629632234573364,-1.9629632234573364,-1.9629632234573364,-1.9629632234573364,0,0.0,0.0
2009-09-11 00:00:00+08:00,-1.9629632234573364,-1.9629632234573364,-1.9629632234573364,-1.9629632234573364,0,0.0,0.0
2009-09-14 00:00:00+08:00,-1.9629632234573364,-1.9629632234573364,-1.9629632234573364,-1.9629632234573364,0,0.0,0.0
2009-09-15 00:00:00+08:00,-1.9629632234573364,-1.9629632234573364,-1.9629632234573364,-1.9629632234573364,0,0.0,0.0
2009-09-16 00:00:00+08:00,-1.9629632234573364,-1.9629632234573364,-1.9629632234573364,-1.9629632234573364,0,0.0,0.0
2009-09-17 00:00:00+08:00,-1.9629632234573364,-1.9629632234573364,-1.9629632234573364,-1.9629632234573364,0,0.0,0.0
2009-09-18 00:00:00+08:00,-1.9629632234573364,-1.9629632234573364,-1.9629632234573364,-1.9629632234573364,0,0.0,0.0
2009-09-21 00:00:00+08:00,-1.9629632234573364,-1.9629632234573364,-1.9629632234573364,-1.9629632234573364,0,0.0,0.0
2009-09-22 00:00:00+08:00,-1.9629632234573364,-1.9629632234573364,-1.9629632234573364,-1.9629632234573364,0,0.0,0.0
2009-09-23 00:00:00+08:00,-1.9629632234573364,-1.9629632234573364,-1.9629632234573364,-1.9629632234573364,0,0.0,0.0
2009-09-24 00:00:00+08:00,-1.9629632234573364,-1.9629632234573364,-1.9629632234573364,-1.9629632234573364,0,0.0,0.0
2009-09-25 00:00:00+08:00,-1.9629632234573364,-1.9629632234573364,-1.9629632234573364,-1.9629632234573364,0,0.0,0.0
2009-09-28 00:00:00+08:00,-1.9629632234573364,-1.9629632234573364,-1.9629632234573364,-1.9629632234573364,0,0.0,0.0
2009-09-29 00:00:00+08:00,-1.9629632234573364,-1.9629632234573364,-1.9629632234573364,-1.9629632234573364,0,0.0,0.0
2009-09-30 00:00:00+08:00,-1.9629632234573364,-1.9629632234573364,-1.9629632234573364,-1.9629632234573364,0,0.0,0.0
2009-10-01 00:00:00+08:00,-1.9629632234573364,-1.9629632234573364,-1.9629632234573364,-1.9629632234573364,0,0.0,0.0
2009-10-02 00:00:00+08:00,-1.9629632234573364,-1.9629632234573364,-1.9629632234573364,-1.9629632234573364,0,0.0,0.0
2009-10-05 00:00:00+08:00,-1.9629632234573364,-1.9629632234573364,-1.9629632234573364,-1.9629632234573364,0,0.0,0.0
2009-10-06 00:00:00+08:00,-1.9629632234573364,-1.9629632234573364,-1.9629632234573364,-1.9629632234573364,0,0.0,0.0
2009-10-07 00:00:00+08:00,-1.9629632234573364,-1.9629632234573364,-1.9629632234573364,-1.9629632234573364,0,0.0,0.0
2009-10-08 00:00:00+08:00,-1.9629632234573364,-1.9629632234573364,-1.9629632234573364,-1.9629632234573364,0,0.0,0.0
2009-10-09 00:00:00+08:00,-1.9629632234573364,-1.9629632234573364,-1.9629632234573364,-1.9629632234573364,0,0.0,0.0
2009-10-12 00:00:00+08:00,-1.9629632234573364,-1.9629632234573364,-1.9629632234573364,-1.9629632234573364,0,0.0,0.0
2009-10-13 00:00:00+08:00,-1.9629632234573364,-1.9629632234573364,-1.9629632234573364,-1.9629632234573364,0,0.0,0.0
2009-10-14 00:00:00+08:00,-1.9629632234573364,-1.9629632234573364,-1.9629632234573364,-1.9629632234573364,0,0.0,0.0
2009-10-15 00:00:00+08:00,-1.9629632234573364,-1.9629632234573364,-1.9629632234573364,-1.9629632234573364,0,0.0,0.0
2009-10-16 00:00:00+08:00,-1.9629632234573364,-1.9629632234573364,-1.9629632234573364,-1.9629632234573364,0,0.0,0.0
2009-10-19 00:00:00+08:00,-1.9629632234573364,-1.9629632234573364,-1.9629632234573364,-1.9629632234573364,0,0.0,0.0
2009-10-20 00:00:00+08:00,-1.9629632234573364,-1.9629632234573364,-1.9629632234573364,-1.9629632234573364,0,0.0,0.0
2009-10-21 00:00:00+08:00,-1.9629632234573364,-1.9629632234573364,-1.9629632234573364,-1.9629632234573364,0,0.0,0.0
2009-10-22 00:00:00+08:00,-1.9629632234573364,-1.9629632234573364,-1.9629632234573364,-1.9629632234573364,0,0.0,0.0
2009-10-23 00:00:00+08:00,-1.9629632234573364,-1.9629632234573364,-1.9629632234573364,-1.9629632234573364,0,0.0,0.0
2009-10-26 00:00:00+08:00,-1.9629632234573364,-1.9629632234573364,-1.9629632234573364,-1.9629632234573364,0,0.0,0.0
2009-10-27 00:00:00+08:00,-1.9629632234573364,-1.9629632234573364,-1.9629632234573364,-1.9629632234573364,0,0.0,0.0
2009-10-28 00:00:00+08:00,-1.9629632234573364,-1.9629632234573364,-1.9629632234573364,-1.9629632234573364,0,0.0,0.0
2009-10-29 00:00:00+08:00,-1.9629632234573364,-1.9629632234573364,-1.9629632234573364,-1.9629632234573364,0,0.0,0.0
2009-10-30 00:00:00+08:00,-1.9629632234573364,-1.9629632234573364,-1.9629632234573364,-1.9629632234573364,0,0.0,0.0
2009-11-02 00:00:00+08:00,-1.9629632234573364,-1.9629632234573364,-1.9629632234573364,-1.9629632234573364,0,0.0,0.0
2009-11-03 00:00:00+08:00,-1.9629632234573364,-1.9629632234573364,-1.9629632234573364,-1.9629632234573364,0,0.0,0.0
2009-11-04 00:00:00+08:00,-1.9629632234573364,-1.9629632234573364,-1.9629632234573364,-1.9629632234573364,0,0.0,0.0
2009-11-05 00:00:00+08:00,-1.9629632234573364,-1.9629632234573364,-1.9629632234573364,-1.9629632234573364,0,0.0,0.0
2009-11-06 00:00:00+08:00,-1.9629632234573364,-1.9629632234573364,-1.9629632234573364,-1.9629632234573364,0,0.0,0.0
2009-11-09 00:00:00+08:00,-1.9629632234573364,-1.9629632234573364,-1.9629632234573364,-1.9629632234573364,0,0.0,0.0
2009-11-10 00:00:00+08:00,-1.9629632234573364,-1.9629632234573364,-1.9629632234573364,-1.9629632234573364,0,0.0,0.0
2009-11-11 00:00:00+08:00,-1.9629632234573364,-1.9629632234573364,-1.9629632234573364,-1.9629632234573364,0,0.0,0.0
2009-11-12 00:00:00+08:00,-1.9629632234573364,-1.9629632234573364,-1.9629632234573364,-1.9629632234573364,0,0.0,0.0
2009-11-13 00:00:00+08:00,-1.9629632234573364,-1.9629632234573364,-1.9629632234573364,-1.9629632234573364,0,0.0,0.0
2009-11-16 00:00:00+08:00,-1.9629632234573364,-1.9629632234573364,-1.9629632234573364,-1.9629632234573364,0,0.0,0.0
2009-11-17 00:00:00+08:00,-1.9629632234573364,-1.9629632234573364,-1.9629632234573364,-1.9629632234573364,0,0.0,0.0
2009-11-18 00:00:00+08:00,-1.9629632234573364,-1.9629632234573364,-1.9629632234573364,-1.9629632234573364,0,0.0,0.0
2009-11-19 00:00:00+08:00,-1.9629632234573364,-1.9629632234573364,-1.9629632234573364,-1.9629632234573364,0,0.0,0.0
2009-11-20 00:00:00+08:00,-1.9629632234573364,-1.9629632234573364,-1.9629632234573364,-1.9629632234573364,0,0.0,0.0
2009-11-23 00:00:00+08:00,-1.9629632234573364,-1.9629632234573364,-1.9629632234573364,-1.9629632234573364,0,0.0,0.0
2009-11-24 00:00:00+08:00,-1.9629632234573364,-1.9629632234573364,-1.9629632234573364,-1.9629632234573364,0,0.0,0.0
2009-11-25 00:00:00+08:00,-1.9629632234573364,-1.9629632234573364,-1.9629632234573364,-1.9629632234573364,0,0.0,0.0
2009-11-26 00:00:00+08:00,-1.9629632234573364,-1.9629632234573364,-1.9629632234573364,-1.9629632234573364,0,0.0,0.0
2009-11-27 00:00:00+08:00,-1.9629632234573364,-1.9629632234573364,-1.9629632234573364,-1.9629632234573364,0,0.0,0.0
2009-11-30 00:00:00+08:00,-1.9629632234573364,-1.9629632234573364,-1.9629632234573364,-1.9629632234573364,0,0.0,0.0
2009-12-01 00:00:00+08:00,-1.9629632234573364,-1.9629632234573364,-1.9629632234573364,-1.9629632234573364,0,0.0,0.0
2009-12-02 00:00:00+08:00,-1.9629632234573364,-1.9629632234573364,-1.9629632234573364,-1.9629632234573364,0,0.0,0.0
2009-12-03 00:00:00+08:00,-1.9629632234573364,-1.9629632234573364,-1.9629632234573364,-1.9629632234573364,0,0.0,0.0
2009-12-04 00:00:00+08:00,-1.9629632234573364,-1.9629632234573364,-1.9629632234573364,-1.9629632234573364,0,0.0,0.0
2009-12-07 00:00:00+08:00,-1.9629632234573364,-1.9629632234573364,-1.9629632234573364,-1.9629632234573364,0,0.0,0.0
2009-12-08 00:00:00+08:00,-1.9629632234573364,-1.9629632234573364,-1.9629632234573364,-1.9629632234573364,0,0.0,0.0
2009-12-09 00:00:00+08:00,-1.9629632234573364,-1.9629632234573364,-1.9629632234573364,-1.9629632234573364,0,0.0,0.0
2009-12-10 00:00:00+08:00,-1.9629632234573364,-1.9629632234573364,-1.9629632234573364,-1.9629632234573364,0,0.0,0.0
2009-12-11 00:00:00+08:00,-1.9629632234573364,-1.9629632234573364,-1.9629632234573364,-1.9629632234573364,0,0.0,0.0
2009-12-14 00:00:00+08:00,-1.9629632234573364,-1.9629632234573364,-1.9629632234573364,-1.9629632234573364,0,0.0,0.0
2009-12-15 00:00:00+08:00,-1.9629632234573364,-1.9629632234573364,-1.9629632234573364,-1.9629632234573364,0,0.0,0.0
2009-12-16 00:00:00+08:00,-1.9629632234573364,-1.9629632234573364,-1.9629632234573364,-1.9629632234573364,0,0.0,0.0
2009-12-17 00:00:00+08:00,-1.9629632234573364,-1.9629632234573364,-1.9629632234573364,-1.9629632234573364,0,0.0,0.0
2009-12-18 00:00:00+08:00,-1.9629632234573364,-1.9629632234573364,-1.9629632234573364,-1.9629632234573364,0,0.0,0.0
2009-12-21 00:00:00+08:00,-1.9629632234573364,-1.9629632234573364,-1.9629632234573364,-1.9629632234573364,0,0.0,0.0
2009-12-22 00:00:00+08:00,-1.9629632234573364,-1.9629632234573364,-1.9629632234573364,-1.9629632234573364,0,0.0,0.0
2009-12-23 00:00:00+08:00,-1.9629632234573364,-1.9629632234573364,-1.9629632234573364,-1.9629632234573364,0,0.0,0.0
2009-12-24 00:00:00+08:00,-1.9629632234573364,-1.9629632234573364,-1.9629632234573364,-1.9629632234573364,0,0.0,0.0
2009-12-25 00:00:00+08:00,-1.9629632234573364,-1.9629632234573364,-1.9629632234573364,-1.9629632234573364,0,0.0,0.0
2009-12-28 00:00:00+08:00,-1.9629632234573364,-1.9629632234573364,-1.9629632234573364,-1.9629632234573364,0,0.0,0.0
2009-12-29 00:00:00+08:00,-1.9629632234573364,-1.9629632234573364,-1.9629632234573364,-1.9629632234573364,0,0.0,0.0
2009-12-30 00:00:00+08:00,-1.9629632234573364,-1.9629632234573364,-1.9629632234573364,-1.9629632234573364,0,0.0,0.0
2009-12-31 00:00:00+08:00,-1.9629632234573364,-1.9629632234573364,-1.9629632234573364,-1.9629632234573364,0,0.0,0.0
2010-01-04 00:00:00+08:00,-1.9629632234573364,-1.9629632234573364,-1.9629632234573364,-1.9629632234573364,0,0.0,0.0
2010-01-05 00:00:00+08:00,-1.9629632234573364,-1.9629632234573364,-1.9629632234573364,-1.9629632234573364,0,0.0,0.0
2010-01-06 00:00:00+08:00,-1.9629632234573364,-1.9629632234573364,-1.9629632234573364,-1.9629632234573364,0,0.0,0.0
2010-01-07 00:00:00+08:00,-1.9629632234573364,-1.9629632234573364,-1.9629632234573364,-1.9629632234573364,0,0.0,0.0
2010-01-08 00:00:00+08:00,-1.9629632234573364,-1.9629632234573364,-1.9629632234573364,-1.9629632234573364,0,0.0,0.0
2010-01-11 00:00:00+08:00,-1.9629632234573364,-1.9629632234573364,-1.9629632234573364,-1.9629632234573364,0,0.0,0.0
2010-01-12 00:00:00+08:00,-1.9629632234573364,-1.9629632234573364,-1.9629632234573364,-1.9629632234573364,0,0.0,0.0
2010-01-13 00:00:00+08:00,-1.9629632234573364,-1.9629632234573364,-1.9629632234573364,-1.9629632234573364,0,0.0,0.0
2010-01-14 00:00:00+08:00,-1.9629632234573364,-1.9629632234573364,-1.9629632234573364,-1.9629632234573364,0,0.0,0.0
2010-01-15 00:00:00+08:00,-1.9629632234573364,-1.9629632234573364,-1.9629632234573364,-1.9629632234573364,0,0.0,0.0
2010-01-18 00:00:00+08:00,-1.9629632234573364,-1.9629632234573364,-1.9629632234573364,-1.9629632234573364,0,0.0,0.0
2010-01-19 00:00:00+08:00,-1.9629632234573364,-1.9629632234573364,-1.9629632234573364,-1.9629632234573364,0,0.0,0.0
2010-01-20 00:00:00+08:00,-1.9629632234573364,-1.9629632234573364,-1.9629632234573364,-1.9629632234573364,0,0.0,0.0
2010-01-21 00:00:00+08:00,-1.9629632234573364,-1.9629632234573364,-1.9629632234573364,-1.9629632234573364,0,0.0,0.0
2010-01-22 00:00:00+08:00,-1.9629632234573364,-1.9629632234573364,-1.9629632234573364,-1.9629632234573364,0,0.0,0.0
2010-01-25 00:00:00+08:00,-1.9629632234573364,-1.9629632234573364,-1.9629632234573364,-1.9629632234573364,0,0.0,0.0
2010-01-26 00:00:00+08:00,-1.9629632234573364,-1.9629632234573364,-1.9629632234573364,-1.9629632234573364,0,0.0,0.0
2010-01-27 00:00:00+08:00,-1.9629632234573364,-1.9629632234573364,-1.9629632234573364,-1.9629632234573364,0,0.0,0.0
2010-01-28 00:00:00+08:00,-1.9629632234573364,-1.9629632234573364,-1.9629632234573364,-1.9629632234573364,0,0.0,0.0
2010-01-29 00:00:00+08:00,-1.9629632234573364,-1.9629632234573364,-1.9629632234573364,-1.9629632234573364,0,0.0,0.0
2010-02-01 00:00:00+08:00,-1.9629632234573364,-1.9629632234573364,-1.9629632234573364,-1.9629632234573364,0,0.0,0.0
2010-02-02 00:00:00+08:00,-1.9629632234573364,-1.9629632234573364,-1.9629632234573364,-1.9629632234573364,0,0.0,0.0
2010-02-03 00:00:00+08:00,-1.9629632234573364,-1.9629632234573364,-1.9629632234573364,-1.9629632234573364,0,0.0,0.0
2010-02-04 00:00:00+08:00,-1.9629632234573364,-1.9629632234573364,-1.9629632234573364,-1.9629632234573364,0,0.0,0.0
2010-02-05 00:00:00+08:00,-1.9629632234573364,-1.9629632234573364,-1.9629632234573364,-1.9629632234573364,0,0.0,0.0
2010-02-08 00:00:00+08:00,-1.9629632234573364,-1.9629632234573364,-1.9629632234573364,-1.9629632234573364,0,0.0,0.0
2010-02-09 00:00:00+08:00,-1.9629632234573364,-1.9629632234573364,-1.9629632234573364,-1.9629632234573364,0,0.0,0.0
2010-02-10 00:00:00+08:00,-1.9629632234573364,-1.9629632234573364,-1.9629632234573364,-1.9629632234573364,0,0.0,0.0
2010-02-22 00:00:00+08:00,-1.9629632234573364,-1.9629632234573364,-1.9629632234573364,-1.9629632234573364,0,0.0,0.0
2010-02-23 00:00:00+08:00,-1.9629632234573364,-1.9629632234573364,-1.9629632234573364,-1.9629632234573364,0,0.0,0.0
2010-02-24 00:00:00+08:00,-1.9629632234573364,-1.9629632234573364,-1.9629632234573364,-1.9629632234573364,0,0.0,0.0
2010-02-25 00:00:00+08:00,-1.9629632234573364,-1.9629632234573364,-1.9629632234573364,-1.9629632234573364,0,0.0,0.0
2010-02-26 00:00:00+08:00,-1.9629632234573364,-1.9629632234573364,-1.9629632234573364,-1.9629632234573364,0,0.0,0.0
2010-03-01 00:00:00+08:00,-1.9629632234573364,-1.9629632234573364,-1.9629632234573364,-1.9629632234573364,0,0.0,0.0
2010-03-02 00:00:00+08:00,-1.9629632234573364,-1.9629632234573364,-1.9629632234573364,-1.9629632234573364,0,0.0,0.0
2010-03-03 00:00:00+08:00,-1.9629632234573364,-1.9629632234573364,-1.9629632234573364,-1.9629632234573364,0,0.0,0.0
2010-03-04 00:00:00+08:00,-1.9629632234573364,-1.9629632234573364,-1.9629632234573364,-1.9629632234573364,0,0.0,0.0
2010-03-05 00:00:00+08:00,-1.9629632234573364,-1.9629632234573364,-1.9629632234573364,-1.9629632234573364,0,0.0,0.0
2010-03-08 00:00:00+08:00,-1.9629632234573364,-1.9629632234573364,-1.9629632234573364,-1.9629632234573364,0,0.0,0.0
2010-03-09 00:00:00+08:00,-1.9629632234573364,-1.9629632234573364,-1.9629632234573364,-1.9629632234573364,0,0.0,0.0
2010-03-10 00:00:00+08:00,-1.9629632234573364,-1.9629632234573364,-1.9629632234573364,-1.9629632234573364,0,0.0,0.0
2010-03-11 00:00:00+08:00,-1.9629632234573364,-1.9629632234573364,-1.9629632234573364,-1.9629632234573364,0,0.0,0.0
2010-03-12 00:00:00+08:00,-1.9629632234573364,-1.9629632234573364,-1.9629632234573364,-1.9629632234573364,0,0.0,0.0
2010-03-15 00:00:00+08:00,-1.9629632234573364,-1.9629632234573364,-1.9629632234573364,-1.9629632234573364,0,0.0,0.0
2010-03-16 00:00:00+08:00,-1.9629632234573364,-1.9629632234573364,-1.9629632234573364,-1.9629632234573364,0,0.0,0.0
2010-03-17 00:00:00+08:00,-1.9629632234573364,-1.9629632234573364,-1.9629632234573364,-1.9629632234573364,0,0.0,0.0
2010-03-18 00:00:00+08:00,-1.9629632234573364,-1.9629632234573364,-1.9629632234573364,-1.9629632234573364,0,0.0,0.0
2010-03-19 00:00:00+08:00,-1.9629632234573364,-1.9629632234573364,-1.9629632234573364,-1.9629632234573364,0,0.0,0.0
2010-03-22 00:00:00+08:00,-1.9629632234573364,-1.9629632234573364,-1.9629632234573364,-1.9629632234573364,0,0.0,0.0
2010-03-23 00:00:00+08:00,-1.9629632234573364,-1.9629632234573364,-1.9629632234573364,-1.9629632234573364,0,0.0,0.0
2010-03-24 00:00:00+08:00,-1.9629632234573364,-1.9629632234573364,-1.9629632234573364,-1.9629632234573364,0,0.0,0.0
2010-03-25 00:00:00+08:00,-1.9629632234573364,-1.9629632234573364,-1.9629632234573364,-1.9629632234573364,0,0.0,0.0
2010-03-26 00:00:00+08:00,-1.9629632234573364,-1.9629632234573364,-1.9629632234573364,-1.9629632234573364,0,0.0,0.0
2010-03-29 00:00:00+08:00,-1.9629632234573364,-1.9629632234573364,-1.9629632234573364,-1.9629632234573364,0,0.0,0.0
2010-03-30 00:00:00+08:00,-1.9629632234573364,-1.9629632234573364,-1.9629632234573364,-1.9629632234573364,0,0.0,0.0
2010-03-31 00:00:00+08:00,-1.9629632234573364,-1.9629632234573364,-1.9629632234573364,-1.9629632234573364,0,0.0,0.0
2010-04-01 00:00:00+08:00,-1.9629632234573364,-1.9629632234573364,-1.9629632234573364,-1.9629632234573364,0,0.0,0.0
2010-04-02 00:00:00+08:00,-1.9629632234573364,-1.9629632234573364,-1.9629632234573364,-1.9629632234573364,0,0.0,0.0
2010-04-06 00:00:00+08:00,-1.9629632234573364,-1.9629632234573364,-1.9629632234573364,-1.9629632234573364,0,0.0,0.0
2010-04-07 00:00:00+08:00,-1.9629632234573364,-1.9629632234573364,-1.9629632234573364,-1.9629632234573364,0,0.0,0.0
2010-04-08 00:00:00+08:00,-1.9629632234573364,-1.9629632234573364,-1.9629632234573364,-1.9629632234573364,0,0.0,0.0
2010-04-09 00:00:00+08:00,-1.9629632234573364,-1.9629632234573364,-1.9629632234573364,-1.9629632234573364,0,0.0,0.0
2010-04-12 00:00:00+08:00,-1.9629632234573364,-1.9629632234573364,-1.9629632234573364,-1.9629632234573364,0,0.0,0.0
2010-04-13 00:00:00+08:00,-1.9629632234573364,-1.9629632234573364,-1.9629632234573364,-1.9629632234573364,0,0.0,0.0
2010-04-14 00:00:00+08:00,-1.9629632234573364,-1.9629632234573364,-1.9629632234573364,-1.9629632234573364,0,0.0,0.0
2010-04-15 00:00:00+08:00,-1.9629632234573364,-1.9629632234573364,-1.9629632234573364,-1.9629632234573364,0,0.0,0.0
2010-04-16 00:00:00+08:00,-1.9629632234573364,-1.9629632234573364,-1.9629632234573364,-1.9629632234573364,0,0.0,0.0
2010-04-19 00:00:00+08:00,-1.9629632234573364,-1.9629632234573364,-1.9629632234573364,-1.9629632234573364,0,0.0,0.0
2010-04-20 00:00:00+08:00,-1.9629632234573364,-1.9629632234573364,-1.9629632234573364,-1.9629632234573364,0,0.0,0.0
2010-04-21 00:00:00+08:00,-1.9629632234573364,-1.9629632234573364,-1.9629632234573364,-1.9629632234573364,0,0.0,0.0
2010-04-22 00:00:00+08:00,-1.9629632234573364,-1.9629632234573364,-1.9629632234573364,-1.9629632234573364,0,0.0,0.0
2010-04-23 00:00:00+08:00,-1.9629632234573364,-1.9629632234573364,-1.9629632234573364,-1.9629632234573364,0,0.0,0.0
2010-04-26 00:00:00+08:00,-1.9629632234573364,-1.9629632234573364,-1.9629632234573364,-1.9629632234573364,0,0.0,0.0
2010-04-27 00:00:00+08:00,-1.9629632234573364,-1.9629632234573364,-1.9629632234573364,-1.9629632234573364,0,0.0,0.0
2010-04-28 00:00:00+08:00,-1.9629632234573364,-1.9629632234573364,-1.9629632234573364,-1.9629632234573364,0,0.0,0.0
2010-04-29 00:00:00+08:00,-1.9629632234573364,-1.9629632234573364,-1.9629632234573364,-1.9629632234573364,0,0.0,0.0
2010-04-30 00:00:00+08:00,-1.9629632234573364,-1.9629632234573364,-1.9629632234573364,-1.9629632234573364,0,0.0,0.0
2010-05-03 00:00:00+08:00,-1.9629632234573364,-1.9629632234573364,-1.9629632234573364,-1.9629632234573364,0,0.0,0.0
2010-05-04 00:00:00+08:00,-1.9629632234573364,-1.9629632234573364,-1.9629632234573364,-1.9629632234573364,0,0.0,0.0
2010-05-05 00:00:00+08:00,-1.9629632234573364,-1.9629632234573364,-1.9629632234573364,-1.9629632234573364,0,0.0,0.0
2010-05-06 00:00:00+08:00,-1.9629632234573364,-1.9629632234573364,-1.9629632234573364,-1.9629632234573364,0,0.0,0.0
2010-05-07 00:00:00+08:00,-1.9629632234573364,-1.9629632234573364,-1.9629632234573364,-1.9629632234573364,0,0.0,0.0
2010-05-10 00:00:00+08:00,-1.9629632234573364,-1.9629632234573364,-1.9629632234573364,-1.9629632234573364,0,0.0,0.0
2010-05-11 00:00:00+08:00,-1.9629632234573364,-1.9629632234573364,-1.9629632234573364,-1.9629632234573364,0,0.0,0.0
2010-05-12 00:00:00+08:00,-1.9629632234573364,-1.9629632234573364,-1.9629632234573364,-1.9629632234573364,0,0.0,0.0
2010-05-13 00:00:00+08:00,-1.9629632234573364,-1.9629632234573364,-1.9629632234573364,-1.9629632234573364,0,0.0,0.0
2010-05-14 00:00:00+08:00,-1.9629632234573364,-1.9629632234573364,-1.9629632234573364,-1.9629632234573364,0,0.0,0.0
2010-05-17 00:00:00+08:00,-1.9629632234573364,-1.9629632234573364,-1.9629632234573364,-1.9629632234573364,0,0.0,0.0
2010-05-18 00:00:00+08:00,-1.9629632234573364,-1.9629632234573364,-1.9629632234573364,-1.9629632234573364,0,0.0,0.0
2010-05-19 00:00:00+08:00,-1.9629632234573364,-1.9629632234573364,-1.9629632234573364,-1.9629632234573364,0,0.0,0.0
2010-05-20 00:00:00+08:00,-1.9629632234573364,-1.9629632234573364,-1.9629632234573364,-1.9629632234573364,0,0.0,0.0
2010-05-21 00:00:00+08:00,-1.9629632234573364,-1.9629632234573364,-1.9629632234573364,-1.9629632234573364,0,0.0,0.0
2010-05-24 00:00:00+08:00,-1.9629632234573364,-1.9629632234573364,-1.9629632234573364,-1.9629632234573364,0,0.0,0.0
2010-05-25 00:00:00+08:00,-1.9629632234573364,-1.9629632234573364,-1.9629632234573364,-1.9629632234573364,0,0.0,0.0
2010-05-26 00:00:00+08:00,-1.9629632234573364,-1.9629632234573364,-1.9629632234573364,-1.9629632234573364,0,0.0,0.0
2010-05-27 00:00:00+08:00,-1.9629632234573364,-1.9629632234573364,-1.9629632234573364,-1.9629632234573364,0,0.0,0.0
2010-05-28 00:00:00+08:00,-1.9629632234573364,-1.9629632234573364,-1.9629632234573364,-1.9629632234573364,0,0.0,0.0
2010-05-31 00:00:00+08:00,-1.9629632234573364,-1.9629632234573364,-1.9629632234573364,-1.9629632234573364,0,0.0,0.0
2010-06-01 00:00:00+08:00,-1.9629632234573364,-1.9629632234573364,-1.9629632234573364,-1.9629632234573364,0,0.0,0.0
2010-06-02 00:00:00+08:00,-1.9629632234573364,-1.9629632234573364,-1.9629632234573364,-1.9629632234573364,0,0.0,0.0
2010-06-03 00:00:00+08:00,-1.9629632234573364,-1.9629632234573364,-1.9629632234573364,-1.9629632234573364,0,0.0,0.0
2010-06-04 00:00:00+08:00,-1.9629632234573364,-1.9629632234573364,-1.9629632234573364,-1.9629632234573364,0,0.0,0.0
2010-06-07 00:00:00+08:00,-1.9629632234573364,-1.9629632234573364,-1.9629632234573364,-1.9629632234573364,0,0.0,0.0
2010-06-08 00:00:00+08:00,-1.9629632234573364,-1.9629632234573364,-1.9629632234573364,-1.9629632234573364,0,0.0,0.0
2010-06-09 00:00:00+08:00,-1.9629632234573364,-1.9629632234573364,-1.9629632234573364,-1.9629632234573364,0,0.0,0.0
2010-06-10 00:00:00+08:00,-1.9629632234573364,-1.9629632234573364,-1.9629632234573364,-1.9629632234573364,0,0.0,0.0
2010-06-11 00:00:00+08:00,-1.9629632234573364,-1.9629632234573364,-1.9629632234573364,-1.9629632234573364,0,0.0,0.0
2010-06-14 00:00:00+08:00,-1.9629632234573364,-1.9629632234573364,-1.9629632234573364,-1.9629632234573364,0,0.0,0.0
2010-06-15 00:00:00+08:00,-1.9629632234573364,-1.9629632234573364,-1.9629632234573364,-1.9629632234573364,0,0.0,0.0
2010-06-17 00:00:00+08:00,-1.9629632234573364,-1.9629632234573364,-1.9629632234573364,-1.9629632234573364,0,0.0,0.0
2010-06-18 00:00:00+08:00,-1.9629632234573364,-1.9629632234573364,-1.9629632234573364,-1.9629632234573364,0,0.0,0.0
2010-06-21 00:00:00+08:00,-1.9629632234573364,-1.9629632234573364,-1.9629632234573364,-1.9629632234573364,0,0.0,0.0
2010-06-22 00:00:00+08:00,-1.9629632234573364,-1.9629632234573364,-1.9629632234573364,-1.9629632234573364,0,0.0,0.0
2010-06-23 00:00:00+08:00,-1.9629632234573364,-1.9629632234573364,-1.9629632234573364,-1.9629632234573364,0,0.0,0.0
2010-06-24 00:00:00+08:00,-1.9629632234573364,-1.9629632234573364,-1.9629632234573364,-1.9629632234573364,0,0.0,0.0
2010-06-25 00:00:00+08:00,-1.9629632234573364,-1.9629632234573364,-1.9629632234573364,-1.9629632234573364,0,0.0,0.0
2010-06-28 00:00:00+08:00,-1.9629632234573364,-1.9629632234573364,-1.9629632234573364,-1.9629632234573364,0,0.0,0.0
2010-06-29 00:00:00+08:00,-1.9629632234573364,-1.9629632234573364,-1.9629632234573364,-1.9629632234573364,0,0.0,0.0
2010-06-30 00:00:00+08:00,-1.9629632234573364,-1.9629632234573364,-1.9629632234573364,-1.9629632234573364,0,0.0,0.0
2010-07-01 00:00:00+08:00,-1.9629632234573364,-1.9629632234573364,-1.9629632234573364,-1.9629632234573364,0,0.0,0.0
2010-07-02 00:00:00+08:00,-1.9629632234573364,-1.9629632234573364,-1.9629632234573364,-1.9629632234573364,0,0.0,0.0
2010-07-05 00:00:00+08:00,-1.9629632234573364,-1.9629632234573364,-1.9629632234573364,-1.9629632234573364,0,0.0,0.0
2010-07-06 00:00:00+08:00,-1.9629632234573364,-1.9629632234573364,-1.9629632234573364,-1.9629632234573364,0,0.0,0.0
2010-07-07 00:00:00+08:00,-1.9629632234573364,-1.9629632234573364,-1.9629632234573364,-1.9629632234573364,0,0.0,0.0
2010-07-08 00:00:00+08:00,-1.9629632234573364,-1.9629632234573364,-1.9629632234573364,-1.9629632234573364,0,0.0,0.0
2010-07-09 00:00:00+08:00,-1.9629632234573364,-1.9629632234573364,-1.9629632234573364,-1.9629632234573364,0,0.0,0.0
2010-07-12 00:00:00+08:00,-1.9629632234573364,-1.9629632234573364,-1.9629632234573364,-1.9629632234573364,0,0.0,0.0
2010-07-13 00:00:00+08:00,-1.9629632234573364,-1.9629632234573364,-1.9629632234573364,-1.9629632234573364,0,0.0,0.0
2010-07-14 00:00:00+08:00,-1.9629632234573364,-1.9629632234573364,-1.9629632234573364,-1.9629632234573364,0,0.0,0.0
2010-07-15 00:00:00+08:00,-1.9629632234573364,-1.9629632234573364,-1.9629632234573364,-1.9629632234573364,0,0.0,0.0
2010-07-16 00:00:00+08:00,-1.9629632234573364,-1.9629632234573364,-1.9629632234573364,-1.9629632234573364,0,0.0,0.0
2010-07-19 00:00:00+08:00,-1.9629632234573364,-1.9629632234573364,-1.9629632234573364,-1.9629632234573364,0,0.0,0.0
2010-07-20 00:00:00+08:00,-1.9629632234573364,-1.9629632234573364,-1.9629632234573364,-1.9629632234573364,0,0.0,0.0
2010-07-21 00:00:00+08:00,-1.9629632234573364,-1.9629632234573364,-1.9629632234573364,-1.9629632234573364,0,0.0,0.0
2010-07-22 00:00:00+08:00,-1.9629632234573364,-1.9629632234573364,-1.9629632234573364,-1.9629632234573364,0,0.0,0.0
2010-07-23 00:00:00+08:00,-1.9629632234573364,-1.9629632234573364,-1.9629632234573364,-1.9629632234573364,0,0.0,0.0
2010-07-26 00:00:00+08:00,-1.9629632234573364,-1.9629632234573364,-1.9629632234573364,-1.9629632234573364,0,0.0,0.0
2010-07-27 00:00:00+08:00,-1.9629632234573364,-1.9629632234573364,-1.9629632234573364,-1.9629632234573364,0,0.0,0.0
2010-07-28 00:00:00+08:00,-1.9629632234573364,-1.9629632234573364,-1.9629632234573364,-1.9629632234573364,0,0.0,0.0
2010-07-29 00:00:00+08:00,-1.9629632234573364,-1.9629632234573364,-1.9629632234573364,-1.9629632234573364,0,0.0,0.0
2010-07-30 00:00:00+08:00,-1.9629632234573364,-1.9629632234573364,-1.9629632234573364,-1.9629632234573364,0,0.0,0.0
2010-08-02 00:00:00+08:00,-1.9629632234573364,-1.9629632234573364,-1.9629632234573364,-1.9629632234573364,0,0.0,0.0
2010-08-03 00:00:00+08:00,-1.9629632234573364,-1.9629632234573364,-1.9629632234573364,-1.9629632234573364,0,0.0,0.0
2010-08-04 00:00:00+08:00,-1.9629632234573364,-1.9629632234573364,-1.9629632234573364,-1.9629632234573364,0,0.0,0.0
2010-08-05 00:00:00+08:00,-1.9629632234573364,-1.9629632234573364,-1.9629632234573364,-1.9629632234573364,0,0.0,0.0
2010-08-06 00:00:00+08:00,-1.9629632234573364,-1.9629632234573364,-1.9629632234573364,-1.9629632234573364,0,0.0,0.0
2010-08-09 00:00:00+08:00,-1.9629632234573364,-1.9629632234573364,-1.9629632234573364,-1.9629632234573364,0,0.0,0.0
2010-08-10 00:00:00+08:00,-1.9629632234573364,-1.9629632234573364,-1.9629632234573364,-1.9629632234573364,0,0.0,0.0
2010-08-11 00:00:00+08:00,-1.9629632234573364,-1.9629632234573364,-1.9629632234573364,-1.9629632234573364,0,0.0,0.0
2010-08-12 00:00:00+08:00,-1.9629632234573364,-1.9629632234573364,-1.9629632234573364,-1.9629632234573364,0,0.0,0.0
2010-08-13 00:00:00+08:00,-1.9629632234573364,-1.9629632234573364,-1.9629632234573364,-1.9629632234573364,0,0.0,0.0
2010-08-16 00:00:00+08:00,-1.9629632234573364,-1.9629632234573364,-1.9629632234573364,-1.9629632234573364,0,0.0,0.0
2010-08-17 00:00:00+08:00,-1.9629632234573364,-1.9629632234573364,-1.9629632234573364,-1.9629632234573364,0,0.0,0.0
2010-08-18 00:00:00+08:00,-1.9629632234573364,-1.9629632234573364,-1.9629632234573364,-1.9629632234573364,0,0.0,0.0
2010-08-19 00:00:00+08:00,-1.9629632234573364,-1.9629632234573364,-1.9629632234573364,-1.9629632234573364,0,0.0,0.0
2010-08-20 00:00:00+08:00,-1.9629632234573364,-1.9629632234573364,-1.9629632234573364,-1.9629632234573364,0,0.0,0.0
2010-08-23 00:00:00+08:00,-1.9629632234573364,-1.9629632234573364,-1.9629632234573364,-1.9629632234573364,0,0.0,0.0
2010-08-24 00:00:00+08:00,-1.9629632234573364,-1.9629632234573364,-1.9629632234573364,-1.9629632234573364,0,0.0,0.0
2010-08-25 00:00:00+08:00,-1.9629632234573364,-1.9629632234573364,-1.9629632234573364,-1.9629632234573364,0,0.0,0.0
2010-08-26 00:00:00+08:00,-1.9629632234573364,-1.9629632234573364,-1.9629632234573364,-1.9629632234573364,0,0.0,0.0
2010-08-27 00:00:00+08:00,-1.9629632234573364,-1.9629632234573364,-1.9629632234573364,-1.9629632234573364,0,0.0,0.0
2010-08-30 00:00:00+08:00,-1.9629632234573364,-1.9629632234573364,-1.9629632234573364,-1.9629632234573364,0,0.0,0.0
2010-08-31 00:00:00+08:00,-1.9629632234573364,-1.9629632234573364,-1.9629632234573364,-1.9629632234573364,0,0.0,0.0
2010-09-01 00:00:00+08:00,-1.9629632234573364,-1.9629632234573364,-1.9629632234573364,-1.9629632234573364,0,0.0,0.0
2010-09-02 00:00:00+08:00,-1.9629632234573364,-1.9629632234573364,-1.9629632234573364,-1.9629632234573364,0,0.0,0.0
2010-09-03 00:00:00+08:00,-1.9629632234573364,-1.9629632234573364,-1.9629632234573364,-1.9629632234573364,0,0.0,0.0
2010-09-06 00:00:00+08:00,-1.9629632234573364,-1.9629632234573364,-1.9629632234573364,-1.9629632234573364,0,0.0,0.0
2010-09-07 00:00:00+08:00,-1.9629632234573364,-1.9629632234573364,-1.9629632234573364,-1.9629632234573364,0,0.0,0.0
2010-09-08 00:00:00+08:00,-1.9629632234573364,-1.9629632234573364,-1.9629632234573364,-1.9629632234573364,0,0.0,0.0
2010-09-09 00:00:00+08:00,-1.9629632234573364,-1.9629632234573364,-1.9629632234573364,-1.9629632234573364,0,0.0,0.0
2010-09-10 00:00:00+08:00,-1.9629632234573364,-1.9629632234573364,-1.9629632234573364,-1.9629632234573364,0,0.0,0.0
2010-09-13 00:00:00+08:00,-1.9629632234573364,-1.9629632234573364,-1.9629632234573364,-1.9629632234573364,0,0.0,0.0
2010-09-14 00:00:00+08:00,-1.9629632234573364,-1.9629632234573364,-1.9629632234573364,-1.9629632234573364,0,0.0,0.0
2010-09-15 00:00:00+08:00,-1.9629632234573364,-1.9629632234573364,-1.9629632234573364,-1.9629632234573364,0,0.0,0.0
2010-09-16 00:00:00+08:00,-1.9629632234573364,-1.9629632234573364,-1.9629632234573364,-1.9629632234573364,0,0.0,0.0
2010-09-17 00:00:00+08:00,-1.9629632234573364,-1.9629632234573364,-1.9629632234573364,-1.9629632234573364,0,0.0,0.0
2010-09-20 00:00:00+08:00,-1.9629632234573364,-1.9629632234573364,-1.9629632234573364,-1.9629632234573364,0,0.0,0.0
2010-09-21 00:00:00+08:00,-1.9629632234573364,-1.9629632234573364,-1.9629632234573364,-1.9629632234573364,0,0.0,0.0
2010-09-23 00:00:00+08:00,-1.9629632234573364,-1.9629632234573364,-1.9629632234573364,-1.9629632234573364,0,0.0,0.0
2010-09-24 00:00:00+08:00,-1.9629632234573364,-1.9629632234573364,-1.9629632234573364,-1.9629632234573364,0,0.0,0.0
2010-09-27 00:00:00+08:00,-1.9629632234573364,-1.9629632234573364,-1.9629632234573364,-1.9629632234573364,0,0.0,0.0
2010-09-28 00:00:00+08:00,-1.9629632234573364,-1.9629632234573364,-1.9629632234573364,-1.9629632234573364,0,0.0,0.0
2010-09-29 00:00:00+08:00,-1.9629632234573364,-1.9629632234573364,-1.9629632234573364,-1.9629632234573364,0,0.0,0.0
2010-09-30 00:00:00+08:00,-1.9629632234573364,-1.9629632234573364,-1.9629632234573364,-1.9629632234573364,0,0.0,0.0
2010-10-01 00:00:00+08:00,-1.9629632234573364,-1.9629632234573364,-1.9629632234573364,-1.9629632234573364,0,0.0,0.0
2010-10-04 00:00:00+08:00,-1.9629632234573364,-1.9629632234573364,-1.9629632234573364,-1.9629632234573364,0,0.0,0.0
2010-10-05 00:00:00+08:00,-1.9629632234573364,-1.9629632234573364,-1.9629632234573364,-1.9629632234573364,0,0.0,0.0
2010-10-06 00:00:00+08:00,-1.9629632234573364,-1.9629632234573364,-1.9629632234573364,-1.9629632234573364,0,0.0,0.0
2010-10-07 00:00:00+08:00,-1.9629632234573364,-1.9629632234573364,-1.9629632234573364,-1.9629632234573364,0,0.0,0.0
2010-10-08 00:00:00+08:00,-1.9629632234573364,-1.9629632234573364,-1.9629632234573364,-1.9629632234573364,0,0.0,0.0
2010-10-11 00:00:00+08:00,-1.9629632234573364,-1.9629632234573364,-1.9629632234573364,-1.9629632234573364,0,0.0,0.0
2010-10-12 00:00:00+08:00,-1.9629632234573364,-1.9629632234573364,-1.9629632234573364,-1.9629632234573364,0,0.0,0.0
2010-10-13 00:00:00+08:00,-1.9629632234573364,-1.9629632234573364,-1.9629632234573364,-1.9629632234573364,0,0.0,0.0
2010-10-14 00:00:00+08:00,-1.9629632234573364,-1.9629632234573364,-1.9629632234573364,-1.9629632234573364,0,0.0,0.0
2010-10-15 00:00:00+08:00,-1.9629632234573364,-1.9629632234573364,-1.9629632234573364,-1.9629632234573364,0,0.0,0.0
2010-10-18 00:00:00+08:00,-1.9629632234573364,-1.9629632234573364,-1.9629632234573364,-1.9629632234573364,0,0.0,0.0
2010-10-19 00:00:00+08:00,-1.9629632234573364,-1.9629632234573364,-1.9629632234573364,-1.9629632234573364,0,0.0,0.0
2010-10-20 00:00:00+08:00,-1.9629632234573364,-1.9629632234573364,-1.9629632234573364,-1.9629632234573364,0,0.0,0.0
2010-10-21 00:00:00+08:00,-1.9629632234573364,-1.9629632234573364,-1.9629632234573364,-1.9629632234573364,0,0.0,0.0
2010-10-22 00:00:00+08:00,-1.9629632234573364,-1.9629632234573364,-1.9629632234573364,-1.9629632234573364,0,0.0,0.0
2010-10-25 00:00:00+08:00,-1.9629632234573364,-1.9629632234573364,-1.9629632234573364,-1.9629632234573364,0,0.0,0.0
2010-10-26 00:00:00+08:00,-1.9629632234573364,-1.9629632234573364,-1.9629632234573364,-1.9629632234573364,0,0.0,0.0
2010-10-27 00:00:00+08:00,-1.9629632234573364,-1.9629632234573364,-1.9629632234573364,-1.9629632234573364,0,0.0,0.0
2010-10-28 00:00:00+08:00,-1.9629632234573364,-1.9629632234573364,-1.9629632234573364,-1.9629632234573364,0,0.0,0.0
2010-10-29 00:00:00+08:00,-1.9629632234573364,-1.9629632234573364,-1.9629632234573364,-1.9629632234573364,0,0.0,0.0
2010-11-01 00:00:00+08:00,-1.9629632234573364,-1.9629632234573364,-1.9629632234573364,-1.9629632234573364,0,0.0,0.0
2010-11-02 00:00:00+08:00,-1.9629632234573364,-1.9629632234573364,-1.9629632234573364,-1.9629632234573364,0,0.0,0.0
2010-11-03 00:00:00+08:00,-1.9629632234573364,-1.9629632234573364,-1.9629632234573364,-1.9629632234573364,0,0.0,0.0
2010-11-04 00:00:00+08:00,-1.9629632234573364,-1.9629632234573364,-1.9629632234573364,-1.9629632234573364,0,0.0,0.0
2010-11-05 00:00:00+08:00,-1.9629632234573364,-1.9629632234573364,-1.9629632234573364,-1.9629632234573364,0,0.0,0.0
2010-11-08 00:00:00+08:00,-1.9629632234573364,-1.9629632234573364,-1.9629632234573364,-1.9629632234573364,0,0.0,0.0
2010-11-09 00:00:00+08:00,-1.9629632234573364,-1.9629632234573364,-1.9629632234573364,-1.9629632234573364,0,0.0,0.0
2010-11-10 00:00:00+08:00,-1.9629632234573364,-1.9629632234573364,-1.9629632234573364,-1.9629632234573364,0,0.0,0.0
2010-11-11 00:00:00+08:00,-1.9629632234573364,-1.9629632234573364,-1.9629632234573364,-1.9629632234573364,0,0.0,0.0
2010-11-12 00:00:00+08:00,-1.9629632234573364,-1.9629632234573364,-1.9629632234573364,-1.9629632234573364,0,0.0,0.0
2010-11-15 00:00:00+08:00,-1.9629632234573364,-1.9629632234573364,-1.9629632234573364,-1.9629632234573364,0,0.0,0.0
2010-11-16 00:00:00+08:00,-1.9629632234573364,-1.9629632234573364,-1.9629632234573364,-1.9629632234573364,0,0.0,0.0
2010-11-17 00:00:00+08:00,-1.9629632234573364,-1.9629632234573364,-1.9629632234573364,-1.9629632234573364,0,0.0,0.0
2010-11-18 00:00:00+08:00,-1.9629632234573364,-1.9629632234573364,-1.9629632234573364,-1.9629632234573364,0,0.0,0.0
2010-11-19 00:00:00+08:00,-1.9629632234573364,-1.9629632234573364,-1.9629632234573364,-1.9629632234573364,0,0.0,0.0
2010-11-22 00:00:00+08:00,-1.9629632234573364,-1.9629632234573364,-1.9629632234573364,-1.9629632234573364,0,0.0,0.0
2010-11-23 00:00:00+08:00,-1.9629632234573364,-1.9629632234573364,-1.9629632234573364,-1.9629632234573364,0,0.0,0.0
2010-11-24 00:00:00+08:00,-1.9629632234573364,-1.9629632234573364,-1.9629632234573364,-1.9629632234573364,0,0.0,0.0
2010-11-25 00:00:00+08:00,-1.9629632234573364,-1.9629632234573364,-1.9629632234573364,-1.9629632234573364,0,0.0,0.0
2010-11-26 00:00:00+08:00,-1.9629632234573364,-1.9629632234573364,-1.9629632234573364,-1.9629632234573364,0,0.0,0.0
2010-11-29 00:00:00+08:00,-1.9629632234573364,-1.9629632234573364,-1.9629632234573364,-1.9629632234573364,0,0.0,0.0
2010-11-30 00:00:00+08:00,-1.9629632234573364,-1.9629632234573364,-1.9629632234573364,-1.9629632234573364,0,0.0,0.0
2010-12-01 00:00:00+08:00,-1.9629632234573364,-1.9629632234573364,-1.9629632234573364,-1.9629632234573364,0,0.0,0.0
2010-12-02 00:00:00+08:00,-1.9629632234573364,-1.9629632234573364,-1.9629632234573364,-1.9629632234573364,0,0.0,0.0
2010-12-03 00:00:00+08:00,-1.9629632234573364,-1.9629632234573364,-1.9629632234573364,-1.9629632234573364,0,0.0,0.0
2010-12-06 00:00:00+08:00,-1.9629632234573364,-1.9629632234573364,-1.9629632234573364,-1.9629632234573364,0,0.0,0.0
2010-12-07 00:00:00+08:00,-1.9629632234573364,-1.9629632234573364,-1.9629632234573364,-1.9629632234573364,0,0.0,0.0
2010-12-08 00:00:00+08:00,-1.9629632234573364,-1.9629632234573364,-1.9629632234573364,-1.9629632234573364,0,0.0,0.0
2010-12-09 00:00:00+08:00,-1.9629632234573364,-1.9629632234573364,-1.9629632234573364,-1.9629632234573364,0,0.0,0.0
2010-12-10 00:00:00+08:00,-1.9629632234573364,-1.9629632234573364,-1.9629632234573364,-1.9629632234573364,0,0.0,0.0
2010-12-13 00:00:00+08:00,-1.9629632234573364,-1.9629632234573364,-1.9629632234573364,-1.9629632234573364,0,0.0,0.0
2010-12-14 00:00:00+08:00,-1.9629632234573364,-1.9629632234573364,-1.9629632234573364,-1.9629632234573364,0,0.0,0.0
2010-12-15 00:00:00+08:00,-1.9629632234573364,-1.9629632234573364,-1.9629632234573364,-1.9629632234573364,0,0.0,0.0
2010-12-16 00:00:00+08:00,-1.9629632234573364,-1.9629632234573364,-1.9629632234573364,-1.9629632234573364,0,0.0,0.0
2010-12-17 00:00:00+08:00,-1.9629632234573364,-1.9629632234573364,-1.9629632234573364,-1.9629632234573364,0,0.0,0.0
2010-12-20 00:00:00+08:00,-1.9629632234573364,-1.9629632234573364,-1.9629632234573364,-1.9629632234573364,0,0.0,0.0
2010-12-21 00:00:00+08:00,-1.9629632234573364,-1.9629632234573364,-1.9629632234573364,-1.9629632234573364,0,0.0,0.0
2010-12-22 00:00:00+08:00,-1.9629632234573364,-1.9629632234573364,-1.9629632234573364,-1.9629632234573364,0,0.0,0.0
2010-12-23 00:00:00+08:00,-1.9629632234573364,-1.9629632234573364,-1.9629632234573364,-1.9629632234573364,0,0.0,0.0
2010-12-24 00:00:00+08:00,-1.9629632234573364,-1.9629632234573364,-1.9629632234573364,-1.9629632234573364,0,0.0,0.0
2010-12-27 00:00:00+08:00,-1.9629632234573364,-1.9629632234573364,-1.9629632234573364,-1.9629632234573364,0,0.0,0.0
2010-12-28 00:00:00+08:00,-1.9629632234573364,-1.9629632234573364,-1.9629632234573364,-1.9629632234573364,0,0.0,0.0
2010-12-29 00:00:00+08:00,-1.9629632234573364,-1.9629632234573364,-1.9629632234573364,-1.9629632234573364,0,0.0,0.0
2010-12-30 00:00:00+08:00,-1.9629632234573364,-1.9629632234573364,-1.9629632234573364,-1.9629632234573364,0,0.0,0.0
2010-12-31 00:00:00+08:00,-1.9629632234573364,-1.9629632234573364,-1.9629632234573364,-1.9629632234573364,0,0.0,0.0
2011-01-03 00:00:00+08:00,-1.9629632234573364,-1.9629632234573364,-1.9629632234573364,-1.9629632234573364,0,0.0,0.0
2011-01-04 00:00:00+08:00,-1.9629632234573364,-1.9629632234573364,-1.9629632234573364,-1.9629632234573364,0,0.0,0.0
2011-01-05 00:00:00+08:00,-1.9629632234573364,-1.9629632234573364,-1.9629632234573364,-1.9629632234573364,0,0.0,0.0
2011-01-06 00:00:00+08:00,-1.9629632234573364,-1.9629632234573364,-1.9629632234573364,-1.9629632234573364,0,0.0,0.0
2011-01-07 00:00:00+08:00,-1.9629632234573364,-1.9629632234573364,-1.9629632234573364,-1.9629632234573364,0,0.0,0.0
2011-01-10 00:00:00+08:00,-1.9629632234573364,-1.9629632234573364,-1.9629632234573364,-1.9629632234573364,0,0.0,0.0
2011-01-11 00:00:00+08:00,-1.9629632234573364,-1.9629632234573364,-1.9629632234573364,-1.9629632234573364,0,0.0,0.0
2011-01-12 00:00:00+08:00,-1.9629632234573364,-1.9629632234573364,-1.9629632234573364,-1.9629632234573364,0,0.0,0.0
2011-01-13 00:00:00+08:00,-1.9629632234573364,-1.9629632234573364,-1.9629632234573364,-1.9629632234573364,0,0.0,0.0
2011-01-14 00:00:00+08:00,-1.9629632234573364,-1.9629632234573364,-1.9629632234573364,-1.9629632234573364,0,0.0,0.0
2011-01-17 00:00:00+08:00,-1.9629632234573364,-1.9629632234573364,-1.9629632234573364,-1.9629632234573364,0,0.0,0.0
2011-01-18 00:00:00+08:00,-1.9629632234573364,-1.9629632234573364,-1.9629632234573364,-1.9629632234573364,0,0.0,0.0
2011-01-19 00:00:00+08:00,-1.9629632234573364,-1.9629632234573364,-1.9629632234573364,-1.9629632234573364,0,0.0,0.0
2011-01-20 00:00:00+08:00,-1.9629632234573364,-1.9629632234573364,-1.9629632234573364,-1.9629632234573364,0,0.0,0.0
2011-01-21 00:00:00+08:00,-1.9629632234573364,-1.9629632234573364,-1.9629632234573364,-1.9629632234573364,0,0.0,0.0
2011-01-24 00:00:00+08:00,-1.9629632234573364,-1.9629632234573364,-1.9629632234573364,-1.9629632234573364,0,0.0,0.0
2011-01-25 00:00:00+08:00,-1.9629632234573364,-1.9629632234573364,-1.9629632234573364,-1.9629632234573364,0,0.0,0.0
2011-01-26 00:00:00+08:00,-1.9629632234573364,-1.9629632234573364,-1.9629632234573364,-1.9629632234573364,0,0.0,0.0
2011-01-27 00:00:00+08:00,-1.9629632234573364,-1.9629632234573364,-1.9629632234573364,-1.9629632234573364,0,0.0,0.0
2011-01-28 00:00:00+08:00,-1.9629632234573364,-1.9629632234573364,-1.9629632234573364,-1.9629632234573364,0,0.0,0.0
2011-02-08 00:00:00+08:00,-1.9629632234573364,-1.9629632234573364,-1.9629632234573364,-1.9629632234573364,0,0.0,0.0
2011-02-09 00:00:00+08:00,-1.9629632234573364,-1.9629632234573364,-1.9629632234573364,-1.9629632234573364,0,0.0,0.0
2011-02-10 00:00:00+08:00,-1.9629632234573364,-1.9629632234573364,-1.9629632234573364,-1.9629632234573364,0,0.0,0.0
2011-02-11 00:00:00+08:00,-1.9629632234573364,-1.9629632234573364,-1.9629632234573364,-1.9629632234573364,0,0.0,0.0
2011-02-14 00:00:00+08:00,-1.9629632234573364,-1.9629632234573364,-1.9629632234573364,-1.9629632234573364,0,0.0,0.0
2011-02-15 00:00:00+08:00,-1.9629632234573364,-1.9629632234573364,-1.9629632234573364,-1.9629632234573364,0,0.0,0.0
2011-02-16 00:00:00+08:00,-1.9629632234573364,-1.9629632234573364,-1.9629632234573364,-1.9629632234573364,0,0.0,0.0
2011-02-17 00:00:00+08:00,-1.9629632234573364,-1.9629632234573364,-1.9629632234573364,-1.9629632234573364,0,0.0,0.0
2011-02-18 00:00:00+08:00,-1.9629632234573364,-1.9629632234573364,-1.9629632234573364,-1.9629632234573364,0,0.0,0.0
2011-02-21 00:00:00+08:00,-1.9629632234573364,-1.9629632234573364,-1.9629632234573364,-1.9629632234573364,0,0.0,0.0
2011-02-22 00:00:00+08:00,-1.9629632234573364,-1.9629632234573364,-1.9629632234573364,-1.9629632234573364,0,0.0,0.0
2011-02-23 00:00:00+08:00,-1.9629632234573364,-1.9629632234573364,-1.9629632234573364,-1.9629632234573364,0,0.0,0.0
2011-02-24 00:00:00+08:00,-1.9629632234573364,-1.9629632234573364,-1.9629632234573364,-1.9629632234573364,0,0.0,0.0
2011-02-25 00:00:00+08:00,-1.9629632234573364,-1.9629632234573364,-1.9629632234573364,-1.9629632234573364,0,0.0,0.0
2011-03-01 00:00:00+08:00,-1.9629632234573364,-1.9629632234573364,-1.9629632234573364,-1.9629632234573364,0,0.0,0.0
2011-03-02 00:00:00+08:00,-1.9629632234573364,-1.9629632234573364,-1.9629632234573364,-1.9629632234573364,0,0.0,0.0
2011-03-03 00:00:00+08:00,-1.9629632234573364,-1.9629632234573364,-1.9629632234573364,-1.9629632234573364,0,0.0,0.0
2011-03-04 00:00:00+08:00,-1.9629632234573364,-1.9629632234573364,-1.9629632234573364,-1.9629632234573364,0,0.0,0.0
2011-03-07 00:00:00+08:00,-1.9629632234573364,-1.9629632234573364,-1.9629632234573364,-1.9629632234573364,0,0.0,0.0
2011-03-08 00:00:00+08:00,-1.9629632234573364,-1.9629632234573364,-1.9629632234573364,-1.9629632234573364,0,0.0,0.0
2011-03-09 00:00:00+08:00,-1.9629632234573364,-1.9629632234573364,-1.9629632234573364,-1.9629632234573364,0,0.0,0.0
2011-03-10 00:00:00+08:00,-1.9629632234573364,-1.9629632234573364,-1.9629632234573364,-1.9629632234573364,0,0.0,0.0
2011-03-11 00:00:00+08:00,-1.9629632234573364,-1.9629632234573364,-1.9629632234573364,-1.9629632234573364,0,0.0,0.0
2011-03-14 00:00:00+08:00,-1.9629632234573364,-1.9629632234573364,-1.9629632234573364,-1.9629632234573364,0,0.0,0.0
2011-03-15 00:00:00+08:00,-1.9629632234573364,-1.9629632234573364,-1.9629632234573364,-1.9629632234573364,0,0.0,0.0
2011-03-16 00:00:00+08:00,-1.9629632234573364,-1.9629632234573364,-1.9629632234573364,-1.9629632234573364,0,0.0,0.0
2011-03-17 00:00:00+08:00,-1.9629632234573364,-1.9629632234573364,-1.9629632234573364,-1.9629632234573364,0,0.0,0.0
2011-03-18 00:00:00+08:00,-1.9629632234573364,-1.9629632234573364,-1.9629632234573364,-1.9629632234573364,0,0.0,0.0
2011-03-21 00:00:00+08:00,-1.9629632234573364,-1.9629632234573364,-1.9629632234573364,-1.9629632234573364,0,0.0,0.0
2011-03-22 00:00:00+08:00,-1.9629632234573364,-1.9629632234573364,-1.9629632234573364,-1.9629632234573364,0,0.0,0.0
2011-03-23 00:00:00+08:00,-1.9629632234573364,-1.9629632234573364,-1.9629632234573364,-1.9629632234573364,0,0.0,0.0
2011-03-24 00:00:00+08:00,-1.9629632234573364,-1.9629632234573364,-1.9629632234573364,-1.9629632234573364,0,0.0,0.0
2011-03-25 00:00:00+08:00,-1.9629632234573364,-1.9629632234573364,-1.9629632234573364,-1.9629632234573364,0,0.0,0.0
2011-03-28 00:00:00+08:00,-1.9629632234573364,-1.9629632234573364,-1.9629632234573364,-1.9629632234573364,0,0.0,0.0
2011-03-29 00:00:00+08:00,-1.9629632234573364,-1.9629632234573364,-1.9629632234573364,-1.9629632234573364,0,0.0,0.0
2011-03-30 00:00:00+08:00,-1.9629632234573364,-1.9629632234573364,-1.9629632234573364,-1.9629632234573364,0,0.0,0.0
2011-03-31 00:00:00+08:00,-1.9629632234573364,-1.9629632234573364,-1.9629632234573364,-1.9629632234573364,0,0.0,0.0
2011-04-01 00:00:00+08:00,-1.9629632234573364,-1.9629632234573364,-1.9629632234573364,-1.9629632234573364,0,0.0,0.0
2011-04-06 00:00:00+08:00,-1.9629632234573364,-1.9629632234573364,-1.9629632234573364,-1.9629632234573364,0,0.0,0.0
2011-04-07 00:00:00+08:00,-1.9629632234573364,-1.9629632234573364,-1.9629632234573364,-1.9629632234573364,0,0.0,0.0
2011-04-08 00:00:00+08:00,-1.9629632234573364,-1.9629632234573364,-1.9629632234573364,-1.9629632234573364,0,0.0,0.0
2011-04-11 00:00:00+08:00,-1.9629632234573364,-1.9629632234573364,-1.9629632234573364,-1.9629632234573364,0,0.0,0.0
2011-04-12 00:00:00+08:00,-1.9629632234573364,-1.9629632234573364,-1.9629632234573364,-1.9629632234573364,0,0.0,0.0
2011-04-13 00:00:00+08:00,-1.9629632234573364,-1.9629632234573364,-1.9629632234573364,-1.9629632234573364,0,0.0,0.0
2011-04-14 00:00:00+08:00,-1.9629632234573364,-1.9629632234573364,-1.9629632234573364,-1.9629632234573364,0,0.0,0.0
2011-04-15 00:00:00+08:00,-1.9629632234573364,-1.9629632234573364,-1.9629632234573364,-1.9629632234573364,0,0.0,0.0
2011-04-18 00:00:00+08:00,-1.9629632234573364,-1.9629632234573364,-1.9629632234573364,-1.9629632234573364,0,0.0,0.0
2011-04-19 00:00:00+08:00,-1.9629632234573364,-1.9629632234573364,-1.9629632234573364,-1.9629632234573364,0,0.0,0.0
2011-04-20 00:00:00+08:00,-1.9629632234573364,-1.9629632234573364,-1.9629632234573364,-1.9629632234573364,0,0.0,0.0
2011-04-21 00:00:00+08:00,-1.9629632234573364,-1.9629632234573364,-1.9629632234573364,-1.9629632234573364,0,0.0,0.0
2011-04-22 00:00:00+08:00,-1.9629632234573364,-1.9629632234573364,-1.9629632234573364,-1.9629632234573364,0,0.0,0.0
2011-04-25 00:00:00+08:00,-1.9629632234573364,-1.9629632234573364,-1.9629632234573364,-1.9629632234573364,0,0.0,0.0
2011-04-26 00:00:00+08:00,-1.9629632234573364,-1.9629632234573364,-1.9629632234573364,-1.9629632234573364,0,0.0,0.0
2011-04-27 00:00:00+08:00,-1.9629632234573364,-1.9629632234573364,-1.9629632234573364,-1.9629632234573364,0,0.0,0.0
2011-04-28 00:00:00+08:00,-1.9629632234573364,-1.9629632234573364,-1.9629632234573364,-1.9629632234573364,0,0.0,0.0
2011-04-29 00:00:00+08:00,-1.9629632234573364,-1.9629632234573364,-1.9629632234573364,-1.9629632234573364,0,0.0,0.0
2011-05-03 00:00:00+08:00,-1.9629632234573364,-1.9629632234573364,-1.9629632234573364,-1.9629632234573364,0,0.0,0.0
2011-05-04 00:00:00+08:00,-1.9629632234573364,-1.9629632234573364,-1.9629632234573364,-1.9629632234573364,0,0.0,0.0
2011-05-05 00:00:00+08:00,-1.9629632234573364,-1.9629632234573364,-1.9629632234573364,-1.9629632234573364,0,0.0,0.0
2011-05-06 00:00:00+08:00,-1.9629632234573364,-1.9629632234573364,-1.9629632234573364,-1.9629632234573364,0,0.0,0.0
2011-05-09 00:00:00+08:00,-1.9629632234573364,-1.9629632234573364,-1.9629632234573364,-1.9629632234573364,0,0.0,0.0
2011-05-10 00:00:00+08:00,-1.9629632234573364,-1.9629632234573364,-1.9629632234573364,-1.9629632234573364,0,0.0,0.0
2011-05-11 00:00:00+08:00,-1.9629632234573364,-1.9629632234573364,-1.9629632234573364,-1.9629632234573364,0,0.0,0.0
2011-05-12 00:00:00+08:00,-1.9629632234573364,-1.9629632234573364,-1.9629632234573364,-1.9629632234573364,0,0.0,0.0
2011-05-13 00:00:00+08:00,-1.9629632234573364,-1.9629632234573364,-1.9629632234573364,-1.9629632234573364,0,0.0,0.0
2011-05-16 00:00:00+08:00,-1.9629632234573364,-1.9629632234573364,-1.9629632234573364,-1.9629632234573364,0,0.0,0.0
2011-05-17 00:00:00+08:00,-1.9629632234573364,-1.9629632234573364,-1.9629632234573364,-1.9629632234573364,0,0.0,0.0
2011-05-18 00:00:00+08:00,-1.9629632234573364,-1.9629632234573364,-1.9629632234573364,-1.9629632234573364,0,0.0,0.0
2011-05-19 00:00:00+08:00,-1.9629632234573364,-1.9629632234573364,-1.9629632234573364,-1.9629632234573364,0,0.0,0.0
2011-05-20 00:00:00+08:00,-1.9629632234573364,-1.9629632234573364,-1.9629632234573364,-1.9629632234573364,0,0.0,0.0
2011-05-23 00:00:00+08:00,-1.9629632234573364,-1.9629632234573364,-1.9629632234573364,-1.9629632234573364,0,0.0,0.0
2011-05-24 00:00:00+08:00,-1.9629632234573364,-1.9629632234573364,-1.9629632234573364,-1.9629632234573364,0,0.0,0.0
2011-05-25 00:00:00+08:00,-1.9629632234573364,-1.9629632234573364,-1.9629632234573364,-1.9629632234573364,0,0.0,0.0
2011-05-26 00:00:00+08:00,-1.9629632234573364,-1.9629632234573364,-1.9629632234573364,-1.9629632234573364,0,0.0,0.0
2011-05-27 00:00:00+08:00,-1.9629632234573364,-1.9629632234573364,-1.9629632234573364,-1.9629632234573364,0,0.0,0.0
2011-05-30 00:00:00+08:00,-1.9629632234573364,-1.9629632234573364,-1.9629632234573364,-1.9629632234573364,0,0.0,0.0
2011-05-31 00:00:00+08:00,-1.9629632234573364,-1.9629632234573364,-1.9629632234573364,-1.9629632234573364,0,0.0,0.0
2011-06-01 00:00:00+08:00,-1.9629632234573364,-1.9629632234573364,-1.9629632234573364,-1.9629632234573364,0,0.0,0.0
2011-06-02 00:00:00+08:00,-1.9629632234573364,-1.9629632234573364,-1.9629632234573364,-1.9629632234573364,0,0.0,0.0
2011-06-03 00:00:00+08:00,-1.9629632234573364,-1.9629632234573364,-1.9629632234573364,-1.9629632234573364,0,0.0,0.0
2011-06-07 00:00:00+08:00,-1.9629632234573364,-1.9629632234573364,-1.9629632234573364,-1.9629632234573364,0,0.0,0.0
2011-06-08 00:00:00+08:00,-1.9629632234573364,-1.9629632234573364,-1.9629632234573364,-1.9629632234573364,0,0.0,0.0
2011-06-09 00:00:00+08:00,-1.9629632234573364,-1.9629632234573364,-1.9629632234573364,-1.9629632234573364,0,0.0,0.0
2011-06-10 00:00:00+08:00,-1.9629632234573364,-1.9629632234573364,-1.9629632234573364,-1.9629632234573364,0,0.0,0.0
2011-06-13 00:00:00+08:00,-1.9629632234573364,-1.9629632234573364,-1.9629632234573364,-1.9629632234573364,0,0.0,0.0
2011-06-14 00:00:00+08:00,-1.9629632234573364,-1.9629632234573364,-1.9629632234573364,-1.9629632234573364,0,0.0,0.0
2011-06-15 00:00:00+08:00,-1.9629632234573364,-1.9629632234573364,-1.9629632234573364,-1.9629632234573364,0,0.0,0.0
2011-06-16 00:00:00+08:00,-1.9629632234573364,-1.9629632234573364,-1.9629632234573364,-1.9629632234573364,0,0.0,0.0
2011-06-17 00:00:00+08:00,-1.9629632234573364,-1.9629632234573364,-1.9629632234573364,-1.9629632234573364,0,0.0,0.0
2011-06-20 00:00:00+08:00,3.0,3.0,3.0,3.0,0,4.962963,0.0
2011-06-21 00:00:00+08:00,3.0,3.0,3.0,3.0,0,0.0,0.0
2011-06-22 00:00:00+08:00,3.0,3.0,3.0,3.0,0,0.0,0.0
2011-06-23 00:00:00+08:00,3.0,3.0,3.0,3.0,0,0.0,0.0
2011-06-24 00:00:00+08:00,3.0,3.0,3.0,3.0,0,0.0,0.0
2011-06-27 00:00:00+08:00,3.0,3.0,3.0,3.0,0,0.0,0.0
2011-06-28 00:00:00+08:00,3.0,3.0,3.0,3.0,0,0.0,0.0
2011-06-29 00:00:00+08:00,3.0,3.0,3.0,3.0,0,0.0,0.0
2011-06-30 00:00:00+08:00,3.0,3.0,3.0,3.0,0,0.0,0.0
2011-07-01 00:00:00+08:00,3.0,3.0,3.0,3.0,0,0.0,0.0
2011-07-04 00:00:00+08:00,3.0,3.0,3.0,3.0,0,0.0,0.0
2011-07-05 00:00:00+08:00,3.0,3.0,3.0,3.0,0,0.0,0.0
2011-07-06 00:00:00+08:00,3.0,3.0,3.0,3.0,0,0.0,0.0
2011-07-07 00:00:00+08:00,3.0,3.0,3.0,3.0,0,0.0,0.0
2011-07-08 00:00:00+08:00,3.0,3.0,3.0,3.0,0,0.0,0.0
2011-07-11 00:00:00+08:00,3.0,3.0,3.0,3.0,0,0.0,0.0
2011-07-12 00:00:00+08:00,3.0,3.0,3.0,3.0,0,0.0,0.0
2011-07-13 00:00:00+08:00,3.0,3.0,3.0,3.0,0,0.0,0.0
2011-07-14 00:00:00+08:00,3.0,3.0,3.0,3.0,0,0.0,0.0
2011-07-15 00:00:00+08:00,3.0,3.0,3.0,3.0,0,0.0,0.0
2011-07-18 00:00:00+08:00,3.0,3.0,3.0,3.0,0,0.0,0.0
2011-07-19 00:00:00+08:00,3.0,3.0,3.0,3.0,0,0.0,0.0
2011-07-20 00:00:00+08:00,3.0,3.0,3.0,3.0,0,0.0,0.0
2011-07-21 00:00:00+08:00,3.0,3.0,3.0,3.0,0,0.0,0.0
2011-07-22 00:00:00+08:00,3.0,3.0,3.0,3.0,0,0.0,0.0
2011-07-25 00:00:00+08:00,3.0,3.0,3.0,3.0,0,0.0,0.0
2011-07-26 00:00:00+08:00,3.0,3.0,3.0,3.0,0,0.0,0.0
2011-07-27 00:00:00+08:00,3.0,3.0,3.0,3.0,0,0.0,0.0
2011-07-28 00:00:00+08:00,3.0,3.0,3.0,3.0,0,0.0,0.0
2011-07-29 00:00:00+08:00,3.0,3.0,3.0,3.0,0,0.0,0.0
2011-08-01 00:00:00+08:00,3.0,3.0,3.0,3.0,0,0.0,0.0
2011-08-02 00:00:00+08:00,3.0,3.0,3.0,3.0,0,0.0,0.0
2011-08-03 00:00:00+08:00,3.0,3.0,3.0,3.0,0,0.0,0.0
2011-08-04 00:00:00+08:00,3.0,3.0,3.0,3.0,0,0.0,0.0
2011-08-05 00:00:00+08:00,3.0,3.0,3.0,3.0,0,0.0,0.0
2011-08-08 00:00:00+08:00,3.0,3.0,3.0,3.0,0,0.0,0.0
2011-08-09 00:00:00+08:00,3.0,3.0,3.0,3.0,0,0.0,0.0
2011-08-10 00:00:00+08:00,3.0,3.0,3.0,3.0,0,0.0,0.0
2011-08-11 00:00:00+08:00,3.0,3.0,3.0,3.0,0,0.0,0.0
2011-08-12 00:00:00+08:00,3.0,3.0,3.0,3.0,0,0.0,0.0
2011-08-15 00:00:00+08:00,3.0,3.0,3.0,3.0,0,0.0,0.0
2011-08-16 00:00:00+08:00,3.0,3.0,3.0,3.0,0,0.0,0.0
2011-08-17 00:00:00+08:00,3.0,3.0,3.0,3.0,0,0.0,0.0
2011-08-18 00:00:00+08:00,3.0,3.0,3.0,3.0,0,0.0,0.0
2011-08-19 00:00:00+08:00,3.0,3.0,3.0,3.0,0,0.0,0.0
2011-08-22 00:00:00+08:00,3.0,3.0,3.0,3.0,0,0.0,0.0
2011-08-23 00:00:00+08:00,3.0,3.0,3.0,3.0,0,0.0,0.0
2011-08-24 00:00:00+08:00,3.0,3.0,3.0,3.0,0,0.0,0.0
2011-08-25 00:00:00+08:00,3.0,3.0,3.0,3.0,0,0.0,0.0
2011-08-26 00:00:00+08:00,3.0,3.0,3.0,3.0,0,0.0,0.0
2011-08-29 00:00:00+08:00,3.0,3.0,3.0,3.0,0,0.0,0.0
2011-08-30 00:00:00+08:00,3.0,3.0,3.0,3.0,0,0.0,0.0
2011-08-31 00:00:00+08:00,3.0,3.0,3.0,3.0,0,0.0,0.0
2011-09-01 00:00:00+08:00,3.0,3.0,3.0,3.0,0,0.0,0.0
2011-09-02 00:00:00+08:00,3.0,3.0,3.0,3.0,0,0.0,0.0
2011-09-05 00:00:00+08:00,3.0,3.0,3.0,3.0,0,0.0,0.0
2011-09-06 00:00:00+08:00,3.0,3.0,3.0,3.0,0,0.0,0.0
2011-09-07 00:00:00+08:00,3.0,3.0,3.0,3.0,0,0.0,0.0
2011-09-08 00:00:00+08:00,3.0,3.0,3.0,3.0,0,0.0,0.0
2011-09-09 00:00:00+08:00,3.0,3.0,3.0,3.0,0,0.0,0.0
2011-09-13 00:00:00+08:00,3.0,3.0,3.0,3.0,0,0.0,0.0
2011-09-14 00:00:00+08:00,3.0,3.0,3.0,3.0,0,0.0,0.0
2011-09-15 00:00:00+08:00,3.0,3.0,3.0,3.0,0,0.0,0.0
2011-09-16 00:00:00+08:00,3.0,3.0,3.0,3.0,0,0.0,0.0
2011-09-19 00:00:00+08:00,3.0,3.0,3.0,3.0,0,0.0,0.0
2011-09-20 00:00:00+08:00,3.0,3.0,3.0,3.0,0,0.0,0.0
2011-09-21 00:00:00+08:00,3.0,3.0,3.0,3.0,0,0.0,0.0
2011-09-22 00:00:00+08:00,3.0,3.0,3.0,3.0,0,0.0,0.0
2011-09-23 00:00:00+08:00,3.0,3.0,3.0,3.0,0,0.0,0.0
2011-09-26 00:00:00+08:00,3.0,3.0,3.0,3.0,0,0.0,0.0
2011-09-27 00:00:00+08:00,3.0,3.0,3.0,3.0,0,0.0,0.0
2011-09-28 00:00:00+08:00,3.0,3.0,3.0,3.0,0,0.0,0.0
2011-09-29 00:00:00+08:00,3.0,3.0,3.0,3.0,0,0.0,0.0
2011-09-30 00:00:00+08:00,3.0,3.0,3.0,3.0,0,0.0,0.0
2011-10-03 00:00:00+08:00,3.0,3.0,3.0,3.0,0,0.0,0.0
2011-10-04 00:00:00+08:00,3.0,3.0,3.0,3.0,0,0.0,0.0
2011-10-05 00:00:00+08:00,3.0,3.0,3.0,3.0,0,0.0,0.0
2011-10-06 00:00:00+08:00,3.0,3.0,3.0,3.0,0,0.0,0.0
2011-10-07 00:00:00+08:00,3.0,3.0,3.0,3.0,0,0.0,0.0
2011-10-11 00:00:00+08:00,3.0,3.0,3.0,3.0,0,0.0,0.0
2011-10-12 00:00:00+08:00,3.0,3.0,3.0,3.0,0,0.0,0.0
2011-10-13 00:00:00+08:00,3.0,3.0,3.0,3.0,0,0.0,0.0
2011-10-14 00:00:00+08:00,3.0,3.0,3.0,3.0,0,0.0,0.0
2011-10-17 00:00:00+08:00,3.0,3.0,3.0,3.0,0,0.0,0.0
2011-10-18 00:00:00+08:00,3.0,3.0,3.0,3.0,0,0.0,0.0
2011-10-19 00:00:00+08:00,3.0,3.0,3.0,3.0,0,0.0,0.0
2011-10-20 00:00:00+08:00,3.0,3.0,3.0,3.0,0,0.0,0.0
2011-10-21 00:00:00+08:00,3.0,3.0,3.0,3.0,0,0.0,0.0
2011-10-24 00:00:00+08:00,3.0,3.0,3.0,3.0,0,0.0,0.0
2011-10-25 00:00:00+08:00,3.0,3.0,3.0,3.0,0,0.0,0.0
2011-10-26 00:00:00+08:00,3.0,3.0,3.0,3.0,0,0.0,0.0
2011-10-27 00:00:00+08:00,3.0,3.0,3.0,3.0,0,0.0,0.0
2011-10-28 00:00:00+08:00,3.0,3.0,3.0,3.0,0,0.0,0.0
2011-10-31 00:00:00+08:00,3.0,3.0,3.0,3.0,0,0.0,0.0
2011-11-01 00:00:00+08:00,3.0,3.0,3.0,3.0,0,0.0,0.0
2011-11-02 00:00:00+08:00,3.0,3.0,3.0,3.0,0,0.0,0.0
2011-11-03 00:00:00+08:00,3.0,3.0,3.0,3.0,0,0.0,0.0
2011-11-04 00:00:00+08:00,3.0,3.0,3.0,3.0,0,0.0,0.0
2011-11-07 00:00:00+08:00,3.0,3.0,3.0,3.0,0,0.0,0.0
2011-11-08 00:00:00+08:00,3.0,3.0,3.0,3.0,0,0.0,0.0
2011-11-09 00:00:00+08:00,3.0,3.0,3.0,3.0,0,0.0,0.0
2011-11-10 00:00:00+08:00,3.0,3.0,3.0,3.0,0,0.0,0.0
2011-11-11 00:00:00+08:00,3.0,3.0,3.0,3.0,0,0.0,0.0
2011-11-14 00:00:00+08:00,3.0,3.0,3.0,3.0,0,0.0,0.0
2011-11-15 00:00:00+08:00,3.0,3.0,3.0,3.0,0,0.0,0.0
2011-11-16 00:00:00+08:00,3.0,3.0,3.0,3.0,0,0.0,0.0
2011-11-17 00:00:00+08:00,3.0,3.0,3.0,3.0,0,0.0,0.0
2011-11-18 00:00:00+08:00,3.0,3.0,3.0,3.0,0,0.0,0.0
2011-11-21 00:00:00+08:00,3.0,3.0,3.0,3.0,0,0.0,0.0
2011-11-22 00:00:00+08:00,3.0,3.0,3.0,3.0,0,0.0,0.0
2011-11-23 00:00:00+08:00,3.0,3.0,3.0,3.0,0,0.0,0.0
2011-11-24 00:00:00+08:00,3.0,3.0,3.0,3.0,0,0.0,0.0
2011-11-25 00:00:00+08:00,3.0,3.0,3.0,3.0,0,0.0,0.0
2011-11-28 00:00:00+08:00,3.0,3.0,3.0,3.0,0,0.0,0.0
2011-11-29 00:00:00+08:00,66.66666412353516,68.88888549804688,65.9259262084961,66.66666412353516,203310,0.0,0.0
2011-11-30 00:00:00+08:00,66.66666412353516,66.66666412353516,53.703704833984375,58.37036895751953,149445,0.0,0.0
2011-12-01 00:00:00+08:00,59.6296272277832,61.48147964477539,59.6296272277832,61.11111068725586,72630,0.0,0.0
2011-12-02 00:00:00+08:00,62.96296310424805,62.96296310424805,59.703704833984375,60.814815521240234,39690,0.0,0.0
2011-12-05 00:00:00+08:00,61.11111068725586,61.11111068725586,59.5555534362793,60.74074172973633,26865,0.0,0.0
2011-12-06 00:00:00+08:00,60.814815521240234,60.814815521240234,56.518516540527344,56.518516540527344,36990,0.0,0.0
2011-12-07 00:00:00+08:00,56.59259033203125,56.59259033203125,52.814815521240234,56.14814758300781,36585,0.0,0.0
2011-12-08 00:00:00+08:00,53.33333206176758,55.48147964477539,53.03703689575195,55.48147964477539,30780,0.0,0.0
2011-12-09 00:00:00+08:00,53.407405853271484,54.074073791503906,52.22222137451172,54.074073791503906,24300,0.0,0.0
2011-12-12 00:00:00+08:00,54.074073791503906,54.666664123535156,53.33333206176758,53.33333206176758,12960,0.0,0.0
2011-12-13 00:00:00+08:00,53.6296272277832,53.6296272277832,50.37036895751953,51.925926208496094,14985,0.0,0.0
2011-12-14 00:00:00+08:00,51.925926208496094,52.666664123535156,50.814815521240234,52.0,20790,0.0,0.0
2011-12-15 00:00:00+08:00,51.11111068725586,52.074073791503906,50.814815521240234,52.074073791503906,13905,0.0,0.0
2011-12-16 00:00:00+08:00,51.85185241699219,52.074073791503906,51.185184478759766,52.074073791503906,24435,0.0,0.0
2011-12-19 00:00:00+08:00,52.074073791503906,52.22222137451172,51.11111068725586,52.14814758300781,31590,0.0,0.0
2011-12-20 00:00:00+08:00,53.48147964477539,53.48147964477539,51.5555534362793,51.85185241699219,5400,0.0,0.0
2011-12-21 00:00:00+08:00,52.96296310424805,53.33333206176758,52.296295166015625,52.814815521240234,3240,0.0,0.0
2011-12-22 00:00:00+08:00,52.074073791503906,53.185184478759766,51.5555534362793,51.6296272277832,13095,0.0,0.0
2011-12-23 00:00:00+08:00,51.85185241699219,52.59259033203125,51.48147964477539,52.518516540527344,26460,0.0,0.0
2011-12-26 00:00:00+08:00,52.59259033203125,52.59259033203125,51.48147964477539,51.48147964477539,27945,0.0,0.0
2011-12-27 00:00:00+08:00,52.22222137451172,52.22222137451172,51.48147964477539,52.14814758300781,15525,0.0,0.0
2011-12-28 00:00:00+08:00,52.14814758300781,52.22222137451172,51.703704833984375,51.703704833984375,12150,0.0,0.0
2011-12-29 00:00:00+08:00,50.96296310424805,51.703704833984375,50.96296310424805,51.33333206176758,15525,0.0,0.0
2011-12-30 00:00:00+08:00,51.407405853271484,51.48147964477539,50.37036895751953,50.37036895751953,21060,0.0,0.0
2012-01-02 00:00:00+08:00,49.77777862548828,49.77777862548828,48.14814758300781,49.33333206176758,12825,0.0,0.0
2012-01-03 00:00:00+08:00,49.5555534362793,51.11111068725586,49.5555534362793,50.666664123535156,5265,0.0,0.0
2012-01-04 00:00:00+08:00,50.0,50.666664123535156,49.925926208496094,50.518516540527344,3915,0.0,0.0
2012-01-05 00:00:00+08:00,50.518516540527344,50.518516540527344,48.88888931274414,49.77777862548828,8235,0.0,0.0
2012-01-06 00:00:00+08:00,49.77777862548828,49.77777862548828,48.14814758300781,48.74074172973633,15390,0.0,0.0
2012-01-09 00:00:00+08:00,48.74074172973633,48.74074172973633,46.296295166015625,48.074073791503906,22410,0.0,0.0
2012-01-10 00:00:00+08:00,48.074073791503906,48.14814758300781,48.074073791503906,48.14814758300781,7965,0.0,0.0
2012-01-11 00:00:00+08:00,48.22222137451172,48.518516540527344,47.48147964477539,47.6296272277832,12285,0.0,0.0
2012-01-12 00:00:00+08:00,48.0,48.296295166015625,47.33333206176758,47.703704833984375,8640,0.0,0.0
2012-01-13 00:00:00+08:00,47.85185241699219,48.44444274902344,46.96296310424805,48.074073791503906,8775,0.0,0.0
2012-01-16 00:00:00+08:00,48.88888931274414,48.88888931274414,47.77777862548828,48.74074172973633,5940,0.0,0.0
2012-01-17 00:00:00+08:00,48.14814758300781,48.88888931274414,48.074073791503906,48.666664123535156,10935,0.0,0.0
2012-01-18 00:00:00+08:00,48.518516540527344,50.22222137451172,48.518516540527344,49.25925827026367,8235,0.0,0.0
2012-01-30 00:00:00+08:00,49.6296272277832,51.185184478759766,49.6296272277832,51.11111068725586,12285,0.0,0.0
2012-01-31 00:00:00+08:00,50.14814758300781,53.33333206176758,50.074073791503906,52.814815521240234,27135,0.0,0.0
2012-02-01 00:00:00+08:00,52.59259033203125,52.96296310424805,52.22222137451172,52.59259033203125,13635,0.0,0.0
2012-02-02 00:00:00+08:00,52.74074172973633,56.22222137451172,52.74074172973633,56.22222137451172,53595,0.0,0.0
2012-02-03 00:00:00+08:00,56.296295166015625,58.518516540527344,54.96296310424805,56.74074172973633,36990,0.0,0.0
2012-02-06 00:00:00+08:00,60.518516540527344,60.74074172973633,57.85185241699219,60.0,37260,0.0,0.0
2012-02-07 00:00:00+08:00,59.6296272277832,59.925926208496094,57.11111068725586,57.11111068725586,20250,0.0,0.0
2012-02-08 00:00:00+08:00,57.77777862548828,59.25925827026367,57.77777862548828,58.59259033203125,17955,0.0,0.0
2012-02-09 00:00:00+08:00,57.77777862548828,60.0,57.77777862548828,58.518516540527344,23490,0.0,0.0
2012-02-10 00:00:00+08:00,57.85185241699219,58.518516540527344,57.703704833984375,58.0,38205,0.0,0.0
2012-02-13 00:00:00+08:00,57.03703689575195,59.77777862548828,57.03703689575195,58.88888931274414,26460,0.0,0.0
2012-02-14 00:00:00+08:00,59.25925827026367,59.25925827026367,58.518516540527344,58.96296310424805,14850,0.0,0.0
2012-02-15 00:00:00+08:00,59.25925827026367,60.0,58.96296310424805,59.85185241699219,31320,0.0,0.0
2012-02-16 00:00:00+08:00,59.85185241699219,64.0,59.25925827026367,62.96296310424805,115695,0.0,0.0
2012-02-17 00:00:00+08:00,62.96296310424805,67.33333587646484,60.74074172973633,67.33333587646484,146340,0.0,0.0
2012-02-20 00:00:00+08:00,70.22222137451172,70.22222137451172,64.22222137451172,64.96295928955078,63045,0.0,0.0
2012-02-21 00:00:00+08:00,65.11111450195312,65.25926208496094,61.703704833984375,62.59259033203125,47925,0.0,0.0
2012-02-22 00:00:00+08:00,62.59259033203125,63.703704833984375,62.074073791503906,62.666664123535156,29430,0.0,0.0
2012-02-23 00:00:00+08:00,62.666664123535156,62.666664123535156,60.0,60.22222137451172,50490,0.0,0.0
2012-02-24 00:00:00+08:00,60.22222137451172,61.03703689575195,60.0,60.14814758300781,16740,0.0,0.0
2012-02-29 00:00:00+08:00,61.03703689575195,61.03703689575195,58.22222137451172,58.88888931274414,54270,0.0,0.0
2012-03-01 00:00:00+08:00,58.88888931274414,59.925926208496094,58.518516540527344,59.25925827026367,27540,0.0,0.0
2012-03-02 00:00:00+08:00,59.25925827026367,60.14814758300781,59.03703689575195,60.0,12960,0.0,0.0
2012-03-05 00:00:00+08:00,60.74074172973633,61.6296272277832,60.14814758300781,60.14814758300781,18360,0.0,0.0
2012-03-06 00:00:00+08:00,60.14814758300781,60.14814758300781,56.296295166015625,59.407405853271484,23355,0.0,0.0
2012-03-07 00:00:00+08:00,59.25925827026367,59.703704833984375,58.37036895751953,59.48147964477539,17010,0.0,0.0
2012-03-08 00:00:00+08:00,60.074073791503906,60.59259033203125,59.25925827026367,59.6296272277832,13230,0.0,0.0
2012-03-09 00:00:00+08:00,59.6296272277832,61.11111068725586,59.6296272277832,60.59259033203125,14445,0.0,0.0
2012-03-12 00:00:00+08:00,60.37036895751953,60.59259033203125,59.85185241699219,60.0,13905,0.0,0.0
2012-03-13 00:00:00+08:00,60.0,60.59259033203125,60.0,60.518516540527344,8370,0.0,0.0
2012-03-14 00:00:00+08:00,60.74074172973633,61.48147964477539,59.85185241699219,60.37036895751953,7560,0.0,0.0
2012-03-15 00:00:00+08:00,60.74074172973633,60.74074172973633,59.25925827026367,59.925926208496094,16335,0.0,0.0
2012-03-16 00:00:00+08:00,59.703704833984375,60.44444274902344,59.11111068725586,59.77777862548828,22140,0.0,0.0
2012-03-19 00:00:00+08:00,60.0,60.59259033203125,60.0,60.0,4050,0.0,0.0
2012-03-20 00:00:00+08:00,60.0,60.0,56.296295166015625,58.88888931274414,23220,0.0,0.0
2012-03-21 00:00:00+08:00,58.74074172973633,58.74074172973633,57.11111068725586,57.77777862548828,9315,0.0,0.0
2012-03-22 00:00:00+08:00,57.85185241699219,58.37036895751953,57.5555534362793,58.296295166015625,21330,0.0,0.0
2012-03-23 00:00:00+08:00,57.25925827026367,57.77777862548828,56.666664123535156,57.703704833984375,16470,0.0,0.0
2012-03-26 00:00:00+08:00,57.85185241699219,57.925926208496094,57.11111068725586,57.48147964477539,11205,0.0,0.0
2012-03-27 00:00:00+08:00,57.77777862548828,57.77777862548828,57.11111068725586,57.11111068725586,3510,0.0,0.0
2012-03-28 00:00:00+08:00,57.703704833984375,57.703704833984375,57.5555534362793,57.5555534362793,1215,0.0,0.0
2012-03-29 00:00:00+08:00,56.666664123535156,56.666664123535156,53.6296272277832,54.074073791503906,16065,0.0,0.0
2012-03-30 00:00:00+08:00,54.14814758300781,55.11111068725586,54.074073791503906,55.11111068725586,9450,0.0,0.0
2012-04-02 00:00:00+08:00,54.074073791503906,55.48147964477539,54.074073791503906,55.48147964477539,3240,0.0,0.0
2012-04-03 00:00:00+08:00,54.44444274902344,54.44444274902344,52.14814758300781,53.703704833984375,14445,0.0,0.0
2012-04-05 00:00:00+08:00,52.0,52.0,50.37036895751953,51.407405853271484,12960,0.0,0.0
2012-04-06 00:00:00+08:00,52.74074172973633,52.88888931274414,51.48147964477539,52.518516540527344,5805,0.0,0.0
2012-04-09 00:00:00+08:00,52.44444274902344,52.44444274902344,52.22222137451172,52.22222137451172,1080,0.0,0.0
2012-04-10 00:00:00+08:00,52.22222137451172,52.96296310424805,51.925926208496094,52.22222137451172,12150,0.0,0.0
2012-04-11 00:00:00+08:00,52.96296310424805,53.185184478759766,51.85185241699219,52.74074172973633,3375,0.0,0.0
2012-04-12 00:00:00+08:00,51.925926208496094,52.518516540527344,51.925926208496094,52.518516540527344,4050,0.0,0.0
2012-04-13 00:00:00+08:00,52.96296310424805,52.96296310424805,52.296295166015625,52.59259033203125,6615,0.0,0.0
2012-04-16 00:00:00+08:00,52.59259033203125,52.59259033203125,51.85185241699219,51.85185241699219,4860,0.0,0.0
2012-04-17 00:00:00+08:00,51.85185241699219,51.85185241699219,50.96296310424805,50.96296310424805,3915,0.0,0.0
2012-04-18 00:00:00+08:00,51.03703689575195,51.185184478759766,50.44444274902344,51.11111068725586,6345,0.0,0.0
2012-04-19 00:00:00+08:00,51.11111068725586,51.11111068725586,49.77777862548828,50.44444274902344,5400,0.0,0.0
2012-04-20 00:00:00+08:00,50.22222137451172,50.37036895751953,49.25925827026367,49.25925827026367,1350,0.0,0.0
2012-04-23 00:00:00+08:00,49.33333206176758,50.0,49.33333206176758,50.0,1215,0.0,0.0
2012-04-24 00:00:00+08:00,49.6296272277832,50.0,49.185184478759766,50.0,810,0.0,0.0
2012-04-25 00:00:00+08:00,50.0,50.59259033203125,50.0,50.37036895751953,3510,0.0,0.0
2012-04-26 00:00:00+08:00,50.44444274902344,51.03703689575195,50.074073791503906,51.03703689575195,3645,0.0,0.0
2012-04-27 00:00:00+08:00,51.11111068725586,51.11111068725586,50.37036895751953,51.03703689575195,2700,0.0,0.0
2012-04-30 00:00:00+08:00,51.03703689575195,51.03703689575195,49.03703689575195,50.74074172973633,20385,0.0,0.0
2012-05-02 00:00:00+08:00,50.37036895751953,50.37036895751953,50.14814758300781,50.14814758300781,8775,0.0,0.0
2012-05-03 00:00:00+08:00,50.0,50.0,48.814815521240234,48.814815521240234,9180,0.0,0.0
2012-05-04 00:00:00+08:00,48.814815521240234,49.6296272277832,48.59259033203125,48.74074172973633,9180,0.0,0.0
2012-05-07 00:00:00+08:00,48.74074172973633,48.74074172973633,47.407405853271484,48.518516540527344,5805,0.0,0.0
2012-05-08 00:00:00+08:00,47.6296272277832,47.85185241699219,47.6296272277832,47.77777862548828,5400,0.0,0.0
2012-05-09 00:00:00+08:00,47.03703689575195,47.407405853271484,46.666664123535156,46.814815521240234,6075,0.0,0.0
2012-05-10 00:00:00+08:00,46.666664123535156,46.814815521240234,46.0,46.0,9450,0.0,0.0
2012-05-11 00:00:00+08:00,46.0,46.0,44.814815521240234,45.185184478759766,12555,0.0,0.0
2012-05-14 00:00:00+08:00,45.185184478759766,45.185184478759766,44.44444274902344,44.44444274902344,5535,0.0,0.0
2012-05-15 00:00:00+08:00,44.44444274902344,44.814815521240234,44.37036895751953,44.814815521240234,4860,0.0,0.0
2012-05-16 00:00:00+08:00,44.44444274902344,45.185184478759766,44.44444274902344,44.518516540527344,5130,0.0,0.0
2012-05-17 00:00:00+08:00,45.185184478759766,45.25925827026367,44.666664123535156,45.11111068725586,3375,0.0,0.0
2012-05-18 00:00:00+08:00,44.814815521240234,45.11111068725586,43.85185241699219,43.85185241699219,2430,0.0,0.0
2012-05-21 00:00:00+08:00,44.44444274902344,44.666664123535156,44.37036895751953,44.37036895751953,1620,0.0,0.0
2012-05-22 00:00:00+08:00,44.44444274902344,44.518516540527344,44.37036895751953,44.518516540527344,3645,0.0,0.0
2012-05-23 00:00:00+08:00,44.518516540527344,44.518516540527344,43.703704833984375,44.37036895751953,2970,0.0,0.0
2012-05-24 00:00:00+08:00,44.074073791503906,44.074073791503906,43.11111068725586,43.11111068725586,5400,0.0,0.0
2012-05-25 00:00:00+08:00,43.11111068725586,44.14814758300781,42.074073791503906,42.074073791503906,6210,0.0,0.0
2012-05-28 00:00:00+08:00,42.14814758300781,44.44444274902344,42.14814758300781,42.59259033203125,9855,0.0,0.0
2012-05-29 00:00:00+08:00,43.5555534362793,45.48147964477539,43.5555534362793,45.33333206176758,11880,0.0,0.0
2012-05-30 00:00:00+08:00,45.185184478759766,45.185184478759766,45.185184478759766,45.185184478759766,135,0.0,0.0
2012-05-31 00:00:00+08:00,44.44444274902344,44.44444274902344,43.33333206176758,44.37036895751953,3240,0.0,0.0
2012-06-01 00:00:00+08:00,44.074073791503906,44.37036895751953,42.22222137451172,42.44444274902344,6885,0.0,0.0
2012-06-04 00:00:00+08:00,42.14814758300781,42.14814758300781,40.0,41.703704833984375,10395,0.0,0.0
2012-06-05 00:00:00+08:00,42.44444274902344,42.88888931274414,40.814815521240234,42.88888931274414,1215,0.0,0.0
2012-06-06 00:00:00+08:00,43.33333206176758,43.33333206176758,42.296295166015625,43.33333206176758,1215,0.0,0.0
2012-06-07 00:00:00+08:00,43.33333206176758,43.48147964477539,43.11111068725586,43.48147964477539,2565,0.0,0.0
2012-06-08 00:00:00+08:00,43.48147964477539,43.48147964477539,43.48147964477539,43.48147964477539,2970,0.0,0.0
2012-06-11 00:00:00+08:00,42.666664123535156,42.74074172973633,42.59259033203125,42.59259033203125,2025,0.0,0.0
2012-06-12 00:00:00+08:00,42.22222137451172,42.22222137451172,41.5555534362793,41.5555534362793,3375,0.0,0.0
2012-06-13 00:00:00+08:00,41.6296272277832,43.185184478759766,41.6296272277832,43.185184478759766,9450,0.0,0.0
2012-06-14 00:00:00+08:00,43.48147964477539,45.925926208496094,43.48147964477539,45.925926208496094,2700,0.0,0.0
2012-06-15 00:00:00+08:00,45.925926208496094,45.925926208496094,44.59259033203125,45.185184478759766,810,0.0,0.0
2012-06-18 00:00:00+08:00,44.88888931274414,45.185184478759766,44.074073791503906,45.185184478759766,1215,0.0,0.0
2012-06-19 00:00:00+08:00,44.074073791503906,45.11111068725586,44.074073791503906,45.11111068725586,1620,0.0,0.0
2012-06-20 00:00:00+08:00,45.11111068725586,45.11111068725586,44.296295166015625,44.96296310424805,1350,0.0,0.0
2012-06-21 00:00:00+08:00,44.814815521240234,47.25925827026367,44.14814758300781,47.03703689575195,4860,0.0,0.0
2012-06-22 00:00:00+08:00,46.666664123535156,46.666664123535156,45.48147964477539,46.296295166015625,1620,0.0,0.0
2012-06-25 00:00:00+08:00,45.925926208496094,45.925926208496094,45.03703689575195,45.185184478759766,1620,0.0,0.0
2012-06-26 00:00:00+08:00,44.44444274902344,44.44444274902344,44.44444274902344,44.44444274902344,1350,0.0,0.0
2012-06-27 00:00:00+08:00,44.14814758300781,44.44444274902344,43.703704833984375,44.44444274902344,810,0.0,0.0
2012-06-28 00:00:00+08:00,44.44444274902344,44.44444274902344,44.074073791503906,44.074073791503906,4185,0.0,0.0
2012-06-29 00:00:00+08:00,44.44444274902344,44.44444274902344,44.074073791503906,44.44444274902344,675,0.0,0.0
2012-07-02 00:00:00+08:00,44.44444274902344,46.22222137451172,44.296295166015625,46.22222137451172,4185,0.0,0.0
2012-07-03 00:00:00+08:00,45.03703689575195,45.703704833984375,43.925926208496094,45.703704833984375,5940,0.0,0.0
2012-07-04 00:00:00+08:00,44.22222137451172,44.88888931274414,43.33333206176758,44.88888931274414,2565,0.0,0.0
2012-07-05 00:00:00+08:00,44.74074172973633,44.74074172973633,43.703704833984375,44.44444274902344,810,0.0,0.0
2012-07-06 00:00:00+08:00,44.666664123535156,45.77777862548828,44.0,44.0,1755,0.0,0.0
2012-07-09 00:00:00+08:00,44.0,44.074073791503906,44.0,44.074073791503906,1620,0.0,0.0
2012-07-10 00:00:00+08:00,43.703704833984375,44.666664123535156,43.48147964477539,44.666664123535156,810,0.0,0.0
2012-07-11 00:00:00+08:00,43.407405853271484,43.407405853271484,43.407405853271484,43.407405853271484,135,0.0,0.0
2012-07-12 00:00:00+08:00,43.03703689575195,44.074073791503906,43.03703689575195,44.074073791503906,1350,0.0,0.0
2012-07-13 00:00:00+08:00,43.03703689575195,43.925926208496094,43.03703689575195,43.925926208496094,675,0.0,0.0
2012-07-16 00:00:00+08:00,43.925926208496094,43.925926208496094,42.59259033203125,43.6296272277832,1890,0.0,0.0
2012-07-17 00:00:00+08:00,42.96296310424805,42.96296310424805,42.22222137451172,42.74074172973633,2565,0.0,0.0
2012-07-18 00:00:00+08:00,42.22222137451172,42.22222137451172,41.185184478759766,41.925926208496094,2160,0.0,0.0
2012-07-19 00:00:00+08:00,41.33333206176758,41.48147964477539,40.74074172973633,41.48147964477539,4860,0.0,0.0
2012-07-20 00:00:00+08:00,41.48147964477539,41.77777862548828,41.48147964477539,41.77777862548828,405,0.0,0.0
2012-07-23 00:00:00+08:00,41.11111068725586,41.11111068725586,40.14814758300781,40.74074172973633,2970,0.0,0.0
2012-07-24 00:00:00+08:00,39.6296272277832,41.6296272277832,39.25925827026367,40.814815521240234,3915,0.0,0.0
2012-07-25 00:00:00+08:00,40.74074172973633,41.85185241699219,40.74074172973633,41.77777862548828,1080,0.0,0.0
2012-07-26 00:00:00+08:00,41.77777862548828,41.77777862548828,41.77777862548828,41.77777862548828,0,0.0,0.0
2012-07-27 00:00:00+08:00,41.703704833984375,41.703704833984375,41.5555534362793,41.5555534362793,1620,0.0,0.0
2012-07-30 00:00:00+08:00,41.185184478759766,41.48147964477539,41.11111068725586,41.48147964477539,945,0.0,0.0
2012-07-31 00:00:00+08:00,41.11111068725586,41.33333206176758,41.11111068725586,41.33333206176758,405,0.0,0.0
2012-08-01 00:00:00+08:00,41.5555534362793,41.5555534362793,41.5555534362793,41.5555534362793,945,0.0,0.0
2012-08-02 00:00:00+08:00,41.5555534362793,41.5555534362793,41.5555534362793,41.5555534362793,0,0.0,0.0
2012-08-03 00:00:00+08:00,40.14814758300781,41.407405853271484,40.14814758300781,41.407405853271484,540,0.0,0.0
2012-08-06 00:00:00+08:00,42.518516540527344,42.518516540527344,40.37036895751953,41.407405853271484,15255,0.0,0.0
2012-08-07 00:00:00+08:00,40.37036895751953,40.37036895751953,40.14814758300781,40.14814758300781,2565,0.0,0.0
2012-08-08 00:00:00+08:00,39.48147964477539,40.96296310424805,39.48147964477539,39.703704833984375,15120,0.0,0.0
2012-08-09 00:00:00+08:00,39.48147964477539,40.37036895751953,39.407405853271484,40.14814758300781,1485,0.0,0.0
2012-08-10 00:00:00+08:00,40.37036895751953,40.37036895751953,40.37036895751953,40.37036895751953,270,0.0,0.0
2012-08-13 00:00:00+08:00,40.37036895751953,40.37036895751953,39.6296272277832,39.6296272277832,675,0.0,0.0
2012-08-14 00:00:00+08:00,39.6296272277832,39.85185241699219,39.5555534362793,39.6296272277832,1485,0.0,0.0
2012-08-15 00:00:00+08:00,39.48147964477539,40.0,39.33333206176758,40.0,810,0.0,0.0
2012-08-16 00:00:00+08:00,39.6296272277832,40.0,39.48147964477539,40.0,1755,0.0,0.0
2012-08-17 00:00:00+08:00,40.14814758300781,40.814815521240234,40.0,40.814815521240234,675,0.0,0.0
2012-08-20 00:00:00+08:00,40.814815521240234,41.03703689575195,40.074073791503906,41.03703689575195,1485,0.0,0.0
2012-08-21 00:00:00+08:00,41.11111068725586,41.11111068725586,40.074073791503906,40.88888931274414,7155,0.0,0.0
2012-08-22 00:00:00+08:00,40.074073791503906,40.88888931274414,40.0,40.0,4050,0.0,0.0
2012-08-23 00:00:00+08:00,40.14814758300781,42.74074172973633,40.14814758300781,42.74074172973633,21600,0.0,0.0
2012-08-24 00:00:00+08:00,42.59259033203125,42.96296310424805,41.33333206176758,42.59259033203125,21465,0.0,0.0
2012-08-27 00:00:00+08:00,41.11111068725586,42.14814758300781,40.88888931274414,41.407405853271484,10800,0.0,0.0
2012-08-28 00:00:00+08:00,41.407405853271484,41.407405853271484,40.88888931274414,41.11111068725586,1620,0.0,0.0
2012-08-29 00:00:00+08:00,40.37036895751953,40.88888931274414,40.37036895751953,40.88888931274414,945,0.0,0.0
2012-08-30 00:00:00+08:00,39.703704833984375,43.48147964477539,39.03703689575195,40.96296310424805,27270,0.0,0.0
2012-08-31 00:00:00+08:00,40.74074172973633,41.407405853271484,40.74074172973633,41.407405853271484,1350,0.0,0.0
2012-09-03 00:00:00+08:00,41.407405853271484,41.407405853271484,40.0,41.11111068725586,2430,0.0,0.0
2012-09-04 00:00:00+08:00,41.03703689575195,41.11111068725586,40.44444274902344,40.44444274902344,2025,0.0,0.0
2012-09-05 00:00:00+08:00,40.37036895751953,40.666664123535156,40.074073791503906,40.666664123535156,2700,0.0,0.0
2012-09-06 00:00:00+08:00,41.11111068725586,41.11111068725586,41.11111068725586,41.11111068725586,135,0.0,0.0
2012-09-07 00:00:00+08:00,40.074073791503906,40.96296310424805,40.074073791503906,40.96296310424805,1080,0.0,0.0
2012-09-10 00:00:00+08:00,40.74074172973633,40.96296310424805,40.14814758300781,40.96296310424805,405,0.0,0.0
2012-09-11 00:00:00+08:00,40.96296310424805,40.96296310424805,40.074073791503906,40.96296310424805,11475,0.0,0.0
2012-09-12 00:00:00+08:00,40.96296310424805,41.48147964477539,40.37036895751953,41.11111068725586,1890,0.0,0.0
2012-09-13 00:00:00+08:00,40.296295166015625,40.74074172973633,39.85185241699219,40.0,8370,0.0,0.0
2012-09-14 00:00:00+08:00,39.85185241699219,40.666664123535156,39.85185241699219,40.074073791503906,8100,0.0,0.0
2012-09-17 00:00:00+08:00,41.03703689575195,41.03703689575195,40.22222137451172,40.22222137451172,3105,0.0,0.0
2012-09-18 00:00:00+08:00,40.074073791503906,40.74074172973633,40.074073791503906,40.74074172973633,1080,0.0,0.0
2012-09-19 00:00:00+08:00,40.666664123535156,40.666664123535156,40.074073791503906,40.59259033203125,3375,0.0,0.0
2012-09-20 00:00:00+08:00,40.59259033203125,40.59259033203125,40.59259033203125,40.59259033203125,0,0.0,0.0
2012-09-21 00:00:00+08:00,40.74074172973633,41.11111068725586,40.74074172973633,41.11111068725586,1485,0.0,0.0
2012-09-24 00:00:00+08:00,40.96296310424805,40.96296310424805,40.96296310424805,40.96296310424805,1350,0.0,0.0
2012-09-25 00:00:00+08:00,40.37036895751953,40.88888931274414,40.37036895751953,40.88888931274414,2970,0.0,0.0
2012-09-26 00:00:00+08:00,40.666664123535156,40.666664123535156,40.0,40.37036895751953,675,0.0,0.0
2012-09-27 00:00:00+08:00,39.6296272277832,40.296295166015625,39.6296272277832,40.296295166015625,8370,0.0,0.0
2012-09-28 00:00:00+08:00,40.296295166015625,40.296295166015625,40.296295166015625,40.296295166015625,945,0.0,0.0
2012-10-01 00:00:00+08:00,40.296295166015625,40.296295166015625,39.25925827026367,40.296295166015625,945,0.0,0.0
2012-10-02 00:00:00+08:00,39.48147964477539,40.74074172973633,39.48147964477539,40.74074172973633,1215,0.0,0.0
2012-10-03 00:00:00+08:00,39.6296272277832,40.37036895751953,39.6296272277832,40.37036895751953,3510,0.0,0.0
2012-10-04 00:00:00+08:00,39.6296272277832,40.296295166015625,39.6296272277832,40.0,2430,0.0,0.0
2012-10-05 00:00:00+08:00,40.0,41.407405853271484,40.0,40.518516540527344,4725,0.0,0.0
2012-10-08 00:00:00+08:00,40.0,41.25925827026367,39.925926208496094,41.25925827026367,1890,0.0,0.0
2012-10-09 00:00:00+08:00,41.11111068725586,41.25925827026367,40.59259033203125,40.59259033203125,4725,0.0,0.0
2012-10-11 00:00:00+08:00,40.518516540527344,40.666664123535156,40.074073791503906,40.59259033203125,4185,0.0,0.0
2012-10-12 00:00:00+08:00,40.0,40.0,39.25925827026367,39.25925827026367,4320,0.0,0.0
2012-10-15 00:00:00+08:00,37.48147964477539,39.03703689575195,37.48147964477539,39.03703689575195,945,0.0,0.0
2012-10-16 00:00:00+08:00,38.96296310424805,38.96296310424805,38.96296310424805,38.96296310424805,135,0.0,0.0
2012-10-17 00:00:00+08:00,38.666664123535156,38.666664123535156,38.666664123535156,38.666664123535156,405,0.0,0.0
2012-10-18 00:00:00+08:00,39.25925827026367,39.25925827026367,39.25925827026367,39.25925827026367,135,0.0,0.0
2012-10-19 00:00:00+08:00,37.925926208496094,38.814815521240234,37.925926208496094,38.814815521240234,2430,0.0,0.0
2012-10-22 00:00:00+08:00,37.85185241699219,39.185184478759766,37.85185241699219,39.185184478759766,405,0.0,0.0
2012-10-23 00:00:00+08:00,37.925926208496094,38.74074172973633,37.925926208496094,38.74074172973633,1215,0.0,0.0
2012-10-24 00:00:00+08:00,37.185184478759766,38.518516540527344,37.185184478759766,38.518516540527344,945,0.0,0.0
2012-10-25 00:00:00+08:00,37.48147964477539,37.48147964477539,35.85185241699219,37.33333206176758,8235,0.0,0.0
2012-10-26 00:00:00+08:00,36.0,36.518516540527344,34.74074172973633,36.518516540527344,5130,0.0,0.0
2012-10-29 00:00:00+08:00,34.88888931274414,36.44444274902344,34.814815521240234,36.44444274902344,540,0.0,0.0
2012-10-30 00:00:00+08:00,36.88888931274414,37.185184478759766,34.22222137451172,37.03703689575195,5940,0.0,0.0
2012-10-31 00:00:00+08:00,35.5555534362793,36.814815521240234,35.5555534362793,36.814815521240234,270,0.0,0.0
2012-11-01 00:00:00+08:00,35.5555534362793,35.5555534362793,35.185184478759766,35.185184478759766,675,0.0,0.0
2012-11-02 00:00:00+08:00,35.03703689575195,36.22222137451172,34.96296310424805,36.22222137451172,1215,0.0,0.0
2012-11-05 00:00:00+08:00,35.5555534362793,35.5555534362793,34.518516540527344,34.518516540527344,405,0.0,0.0
2012-11-06 00:00:00+08:00,35.925926208496094,35.925926208496094,35.925926208496094,35.925926208496094,135,0.0,0.0
2012-11-07 00:00:00+08:00,34.59259033203125,35.85185241699219,34.59259033203125,35.85185241699219,270,0.0,0.0
2012-11-08 00:00:00+08:00,35.85185241699219,35.85185241699219,35.85185241699219,35.85185241699219,0,0.0,0.0
2012-11-09 00:00:00+08:00,34.14814758300781,34.88888931274414,34.14814758300781,34.88888931274414,810,0.0,0.0
2012-11-12 00:00:00+08:00,34.59259033203125,34.88888931274414,34.59259033203125,34.88888931274414,810,0.0,0.0
2012-11-13 00:00:00+08:00,34.814815521240234,34.814815521240234,34.296295166015625,34.37036895751953,2025,0.0,0.0
2012-11-14 00:00:00+08:00,34.37036895751953,35.925926208496094,34.37036895751953,35.48147964477539,1485,0.0,0.0
2012-11-15 00:00:00+08:00,35.407405853271484,35.48147964477539,34.518516540527344,35.48147964477539,2430,0.0,0.0
2012-11-16 00:00:00+08:00,34.59259033203125,34.88888931274414,34.518516540527344,34.88888931274414,810,0.0,0.0
2012-11-19 00:00:00+08:00,34.074073791503906,34.074073791503906,32.518516540527344,33.703704833984375,3915,0.0,0.0
2012-11-20 00:00:00+08:00,33.33333206176758,33.33333206176758,32.22222137451172,32.296295166015625,3510,0.0,0.0
2012-11-21 00:00:00+08:00,32.296295166015625,32.96296310424805,32.22222137451172,32.96296310424805,1215,0.0,0.0
2012-11-22 00:00:00+08:00,32.0,32.0,31.259258270263672,31.481481552124023,2160,0.0,0.0
2012-11-23 00:00:00+08:00,31.481481552124023,32.96296310424805,31.481481552124023,32.59259033203125,1620,0.0,0.0
2012-11-26 00:00:00+08:00,32.22222137451172,32.518516540527344,30.592592239379883,31.851850509643555,2565,0.0,0.0
2012-11-27 00:00:00+08:00,31.851850509643555,32.74074172973633,31.851850509643555,32.74074172973633,2565,0.0,0.0
2012-11-28 00:00:00+08:00,31.92592430114746,31.92592430114746,31.92592430114746,31.92592430114746,270,0.0,0.0
2012-11-29 00:00:00+08:00,31.92592430114746,32.296295166015625,31.407407760620117,31.407407760620117,6210,0.0,0.0
2012-11-30 00:00:00+08:00,31.851850509643555,31.851850509643555,31.851850509643555,31.851850509643555,1485,0.0,0.0
2012-12-03 00:00:00+08:00,32.59259033203125,32.59259033203125,32.22222137451172,32.22222137451172,1620,0.0,0.0
2012-12-04 00:00:00+08:00,32.22222137451172,32.518516540527344,31.851850509643555,31.851850509643555,675,0.0,0.0
2012-12-05 00:00:00+08:00,31.629629135131836,33.25925827026367,31.629629135131836,33.25925827026367,5265,0.0,0.0
2012-12-06 00:00:00+08:00,33.33333206176758,35.5555534362793,32.59259033203125,35.5555534362793,77760,0.0,0.0
2012-12-07 00:00:00+08:00,35.5555534362793,35.5555534362793,34.074073791503906,35.5555534362793,8505,0.0,0.0
2012-12-10 00:00:00+08:00,34.296295166015625,35.11111068725586,33.25925827026367,33.33333206176758,7560,0.0,0.0
2012-12-11 00:00:00+08:00,33.48147964477539,33.48147964477539,33.03703689575195,33.03703689575195,1215,0.0,0.0
2012-12-12 00:00:00+08:00,33.925926208496094,34.814815521240234,33.11111068725586,33.407405853271484,3915,0.0,0.0
2012-12-13 00:00:00+08:00,34.074073791503906,34.074073791503906,33.703704833984375,33.703704833984375,2970,0.0,0.0
2012-12-14 00:00:00+08:00,34.74074172973633,34.74074172973633,34.074073791503906,34.074073791503906,1485,0.0,0.0
2012-12-17 00:00:00+08:00,33.33333206176758,33.703704833984375,32.59259033203125,33.33333206176758,6075,0.0,0.0
2012-12-18 00:00:00+08:00,32.96296310424805,33.33333206176758,32.814815521240234,32.814815521240234,1485,0.0,0.0
2012-12-19 00:00:00+08:00,33.85185241699219,33.925926208496094,33.33333206176758,33.703704833984375,4725,0.0,0.0
2012-12-20 00:00:00+08:00,34.814815521240234,34.814815521240234,32.59259033203125,33.703704833984375,5670,0.0,0.0
2012-12-21 00:00:00+08:00,33.703704833984375,33.703704833984375,33.703704833984375,33.703704833984375,675,0.0,0.0
2012-12-24 00:00:00+08:00,33.925926208496094,33.925926208496094,33.185184478759766,33.25925827026367,3240,0.0,0.0
2012-12-25 00:00:00+08:00,33.703704833984375,34.0,33.703704833984375,33.703704833984375,675,0.0,0.0
2012-12-26 00:00:00+08:00,33.03703689575195,35.6296272277832,32.59259033203125,35.6296272277832,8100,0.0,0.0
2012-12-27 00:00:00+08:00,35.6296272277832,35.6296272277832,35.6296272277832,35.6296272277832,0,0.0,0.0
2012-12-28 00:00:00+08:00,33.33333206176758,35.48147964477539,33.33333206176758,35.48147964477539,810,0.0,0.0
2013-01-02 00:00:00+08:00,35.6296272277832,35.6296272277832,34.44444274902344,35.6296272277832,4995,0.0,0.0
2013-01-03 00:00:00+08:00,35.6296272277832,35.6296272277832,35.6296272277832,35.6296272277832,0,0.0,0.0
2013-01-04 00:00:00+08:00,35.6296272277832,35.6296272277832,35.5555534362793,35.5555534362793,540,0.0,0.0
2013-01-07 00:00:00+08:00,35.5555534362793,35.5555534362793,35.5555534362793,35.5555534362793,3645,0.0,0.0
2013-01-08 00:00:00+08:00,35.185184478759766,35.185184478759766,35.03703689575195,35.03703689575195,540,0.0,0.0
2013-01-09 00:00:00+08:00,35.03703689575195,35.5555534362793,35.03703689575195,35.5555534362793,4860,0.0,0.0
2013-01-10 00:00:00+08:00,36.96296310424805,36.96296310424805,35.5555534362793,36.814815521240234,540,0.0,0.0
2013-01-11 00:00:00+08:00,37.03703689575195,37.03703689575195,35.6296272277832,36.666664123535156,4455,0.0,0.0
2013-01-14 00:00:00+08:00,36.074073791503906,38.88888931274414,36.074073791503906,38.74074172973633,7290,0.0,0.0
2013-01-15 00:00:00+08:00,38.74074172973633,38.74074172973633,37.25925827026367,38.518516540527344,6885,0.0,0.0
2013-01-16 00:00:00+08:00,38.44444274902344,40.296295166015625,38.37036895751953,39.25925827026367,4725,0.0,0.0
2013-01-17 00:00:00+08:00,39.25925827026367,39.25925827026367,38.14814758300781,38.814815521240234,4050,0.0,0.0
2013-01-18 00:00:00+08:00,37.77777862548828,38.518516540527344,37.77777862548828,38.518516540527344,1215,0.0,0.0
2013-01-21 00:00:00+08:00,37.03703689575195,38.88888931274414,37.03703689575195,38.74074172973633,4590,0.0,0.0
2013-01-22 00:00:00+08:00,37.77777862548828,38.37036895751953,37.77777862548828,38.37036895751953,3780,0.0,0.0
2013-01-23 00:00:00+08:00,38.37036895751953,38.37036895751953,38.37036895751953,38.37036895751953,0,0.0,0.0
2013-01-24 00:00:00+08:00,37.407405853271484,38.0,37.407405853271484,38.0,2295,0.0,0.0
2013-01-25 00:00:00+08:00,37.185184478759766,37.25925827026367,37.185184478759766,37.25925827026367,540,0.0,0.0
2013-01-28 00:00:00+08:00,37.03703689575195,38.14814758300781,37.03703689575195,38.14814758300781,1755,0.0,0.0
2013-01-29 00:00:00+08:00,38.518516540527344,38.518516540527344,36.814815521240234,37.925926208496094,2700,0.0,0.0
2013-01-30 00:00:00+08:00,37.6296272277832,37.703704833984375,37.6296272277832,37.703704833984375,270,0.0,0.0
2013-01-31 00:00:00+08:00,37.703704833984375,37.703704833984375,36.44444274902344,37.48147964477539,1080,0.0,0.0
2013-02-01 00:00:00+08:00,37.48147964477539,37.48147964477539,37.48147964477539,37.48147964477539,0,0.0,0.0
2013-02-04 00:00:00+08:00,37.6296272277832,38.074073791503906,37.6296272277832,38.074073791503906,1620,0.0,0.0
2013-02-05 00:00:00+08:00,36.518516540527344,37.703704833984375,36.44444274902344,37.703704833984375,405,0.0,0.0
2013-02-06 00:00:00+08:00,36.37036895751953,37.25925827026367,36.37036895751953,37.25925827026367,810,0.0,0.0
2013-02-18 00:00:00+08:00,37.03703689575195,37.77777862548828,37.03703689575195,37.77777862548828,1620,0.0,0.0
2013-02-19 00:00:00+08:00,36.14814758300781,36.14814758300781,36.14814758300781,36.14814758300781,135,0.0,0.0
2013-02-20 00:00:00+08:00,36.666664123535156,37.407405853271484,36.666664123535156,37.407405853271484,1620,0.0,0.0
2013-02-21 00:00:00+08:00,37.03703689575195,37.703704833984375,37.03703689575195,37.703704833984375,1350,0.0,0.0
2013-02-22 00:00:00+08:00,36.37036895751953,37.5555534362793,36.37036895751953,37.5555534362793,270,0.0,0.0
2013-02-25 00:00:00+08:00,36.44444274902344,37.48147964477539,36.37036895751953,37.48147964477539,405,0.0,0.0
2013-02-26 00:00:00+08:00,37.33333206176758,37.33333206176758,37.33333206176758,37.33333206176758,135,0.0,0.0
2013-02-27 00:00:00+08:00,37.33333206176758,37.33333206176758,37.33333206176758,37.33333206176758,0,0.0,0.0
2013-03-01 00:00:00+08:00,37.03703689575195,37.03703689575195,35.6296272277832,35.6296272277832,3375,0.0,0.0
2013-03-04 00:00:00+08:00,35.703704833984375,35.77777862548828,35.5555534362793,35.77777862548828,1215,0.0,0.0
2013-03-05 00:00:00+08:00,35.5555534362793,35.6296272277832,35.5555534362793,35.6296272277832,540,0.0,0.0
2013-03-06 00:00:00+08:00,35.5555534362793,35.5555534362793,34.814815521240234,35.407405853271484,1755,0.0,0.0
2013-03-07 00:00:00+08:00,35.407405853271484,35.5555534362793,35.407405853271484,35.5555534362793,1890,0.0,0.0
2013-03-08 00:00:00+08:00,36.074073791503906,36.296295166015625,35.407405853271484,36.296295166015625,2835,0.0,0.0
2013-03-11 00:00:00+08:00,36.666664123535156,36.666664123535156,36.296295166015625,36.59259033203125,945,0.0,0.0
2013-03-12 00:00:00+08:00,36.74074172973633,36.74074172973633,36.74074172973633,36.74074172973633,270,0.0,0.0
2013-03-13 00:00:00+08:00,36.74074172973633,36.74074172973633,36.74074172973633,36.74074172973633,675,0.0,0.0
2013-03-14 00:00:00+08:00,36.74074172973633,36.88888931274414,35.6296272277832,35.6296272277832,1486,0.0,0.0
2013-03-15 00:00:00+08:00,36.666664123535156,36.666664123535156,36.666664123535156,36.666664123535156,135,0.0,0.0
2013-03-18 00:00:00+08:00,36.88888931274414,36.96296310424805,35.5555534362793,36.96296310424805,2162,0.0,0.0
2013-03-19 00:00:00+08:00,36.14814758300781,36.59259033203125,36.074073791503906,36.518516540527344,4186,0.0,0.0
2013-03-20 00:00:00+08:00,36.666664123535156,36.666664123535156,36.666664123535156,36.666664123535156,135,0.0,0.0
2013-03-21 00:00:00+08:00,36.666664123535156,36.666664123535156,36.666664123535156,36.666664123535156,0,0.0,0.0
2013-03-22 00:00:00+08:00,36.96296310424805,37.03703689575195,36.96296310424805,37.03703689575195,6750,0.0,0.0
2013-03-25 00:00:00+08:00,37.03703689575195,37.03703689575195,36.074073791503906,36.666664123535156,6403,0.0,0.0
2013-03-26 00:00:00+08:00,36.296295166015625,36.296295166015625,35.185184478759766,35.407405853271484,10800,0.0,0.0
2013-03-27 00:00:00+08:00,35.407405853271484,35.5555534362793,35.25925827026367,35.25925827026367,4590,0.0,0.0
2013-03-28 00:00:00+08:00,36.074073791503906,36.074073791503906,35.11111068725586,35.11111068725586,3780,0.0,0.0
2013-03-29 00:00:00+08:00,35.11111068725586,35.5555534362793,34.88888931274414,35.185184478759766,11205,0.0,0.0
2013-04-01 00:00:00+08:00,35.185184478759766,35.25925827026367,35.03703689575195,35.185184478759766,8370,0.0,0.0
2013-04-02 00:00:00+08:00,34.96296310424805,34.96296310424805,34.59259033203125,34.59259033203125,675,0.0,0.0
2013-04-03 00:00:00+08:00,34.666664123535156,34.666664123535156,34.22222137451172,34.22222137451172,6480,0.0,0.0
2013-04-08 00:00:00+08:00,32.96296310424805,33.5555534362793,32.74074172973633,33.5555534362793,1755,0.0,0.0
2013-04-09 00:00:00+08:00,33.703704833984375,34.074073791503906,33.703704833984375,34.074073791503906,2025,0.0,0.0
2013-04-10 00:00:00+08:00,34.0,34.0,33.11111068725586,33.11111068725586,544,0.0,0.0
2013-04-11 00:00:00+08:00,34.074073791503906,34.074073791503906,33.11111068725586,33.925926208496094,1132,0.0,0.0
2013-04-12 00:00:00+08:00,33.925926208496094,33.925926208496094,33.185184478759766,33.33333206176758,3915,0.0,0.0
2013-04-15 00:00:00+08:00,33.11111068725586,33.33333206176758,32.666664123535156,32.666664123535156,4590,0.0,0.0
2013-04-16 00:00:00+08:00,34.88888931274414,34.88888931274414,33.11111068725586,33.33333206176758,20250,0.0,0.0
2013-04-17 00:00:00+08:00,32.74074172973633,32.88888931274414,31.037036895751953,32.88888931274414,23085,0.0,0.0
2013-04-18 00:00:00+08:00,32.59259033203125,32.59259033203125,31.703702926635742,32.59259033203125,4590,0.0,0.0
2013-04-19 00:00:00+08:00,31.851850509643555,32.96296310424805,31.77777671813965,32.296295166015625,8236,0.0,0.0
2013-04-22 00:00:00+08:00,31.407407760620117,32.518516540527344,31.407407760620117,32.296295166015625,2160,0.0,0.0
2013-04-23 00:00:00+08:00,32.14814758300781,32.814815521240234,32.14814758300781,32.814815521240234,3486,0.0,0.0
2013-04-24 00:00:00+08:00,33.25925827026367,34.518516540527344,33.25925827026367,33.25925827026367,7020,0.0,0.0
2013-04-25 00:00:00+08:00,32.666664123535156,33.703704833984375,32.666664123535156,33.703704833984375,5400,0.0,0.0
2013-04-26 00:00:00+08:00,31.407407760620117,33.185184478759766,31.407407760620117,33.11111068725586,3645,0.0,0.0
2013-04-29 00:00:00+08:00,32.96296310424805,33.25925827026367,32.59259033203125,33.25925827026367,5535,0.0,0.0
2013-04-30 00:00:00+08:00,33.33333206176758,33.407405853271484,33.33333206176758,33.33333206176758,3915,0.0,0.0
2013-05-02 00:00:00+08:00,33.85185241699219,34.44444274902344,33.33333206176758,34.44444274902344,2565,0.0,0.0
2013-05-03 00:00:00+08:00,35.48147964477539,35.6296272277832,34.814815521240234,35.5555534362793,6750,0.0,0.0
2013-05-06 00:00:00+08:00,33.407405853271484,36.0,33.407405853271484,36.0,2970,0.0,0.0
2013-05-07 00:00:00+08:00,34.814815521240234,36.296295166015625,34.814815521240234,36.296295166015625,7425,0.0,0.0
2013-05-08 00:00:00+08:00,36.296295166015625,38.814815521240234,36.296295166015625,38.14814758300781,48737,0.0,0.0
2013-05-09 00:00:00+08:00,36.296295166015625,38.74074172973633,36.296295166015625,37.407405853271484,12285,0.0,0.0
2013-05-10 00:00:00+08:00,37.77777862548828,38.074073791503906,37.407405853271484,38.074073791503906,12969,0.0,0.0
2013-05-13 00:00:00+08:00,38.074073791503906,38.518516540527344,37.407405853271484,38.296295166015625,1080,0.0,0.0
2013-05-14 00:00:00+08:00,38.296295166015625,38.518516540527344,37.407405853271484,38.14814758300781,11340,0.0,0.0
2013-05-15 00:00:00+08:00,38.14814758300781,38.14814758300781,37.11111068725586,37.77777862548828,675,0.0,0.0
2013-05-16 00:00:00+08:00,37.703704833984375,37.703704833984375,36.44444274902344,37.703704833984375,2565,0.0,0.0
2013-05-17 00:00:00+08:00,37.77777862548828,37.77777862548828,37.703704833984375,37.703704833984375,4050,0.0,0.0
2013-05-20 00:00:00+08:00,37.407405853271484,37.77777862548828,37.407405853271484,37.77777862548828,6345,0.0,0.0
2013-05-21 00:00:00+08:00,37.77777862548828,37.85185241699219,37.407405853271484,37.77777862548828,4725,0.0,0.0
2013-05-22 00:00:00+08:00,37.77777862548828,38.96296310424805,37.77777862548828,38.666664123535156,11360,0.0,0.0
2013-05-23 00:00:00+08:00,38.518516540527344,40.0,38.22222137451172,39.185184478759766,7427,0.0,0.0
2013-05-24 00:00:00+08:00,40.0,40.0,37.185184478759766,37.185184478759766,13635,0.0,0.0
2013-05-27 00:00:00+08:00,37.03703689575195,37.185184478759766,36.88888931274414,37.11111068725586,4185,0.0,0.0
2013-05-28 00:00:00+08:00,37.6296272277832,38.59259033203125,37.6296272277832,37.703704833984375,4995,0.0,0.0
2013-05-29 00:00:00+08:00,38.14814758300781,38.14814758300781,37.703704833984375,38.074073791503906,10800,0.0,0.0
2013-05-30 00:00:00+08:00,37.11111068725586,37.407405853271484,37.03703689575195,37.03703689575195,8910,0.0,0.0
2013-05-31 00:00:00+08:00,37.185184478759766,37.6296272277832,37.11111068725586,37.6296272277832,2160,0.0,0.0
2013-06-03 00:00:00+08:00,36.37036895751953,37.03703689575195,36.37036895751953,37.03703689575195,1755,0.0,0.0
2013-06-04 00:00:00+08:00,36.96296310424805,37.407405853271484,36.96296310424805,37.407405853271484,4320,0.0,0.0
2013-06-05 00:00:00+08:00,37.03703689575195,37.6296272277832,36.74074172973633,36.74074172973633,3240,0.0,0.0
2013-06-06 00:00:00+08:00,36.74074172973633,37.407405853271484,36.37036895751953,36.37036895751953,3915,0.0,0.0
2013-06-07 00:00:00+08:00,37.03703689575195,37.6296272277832,36.74074172973633,36.74074172973633,12166,0.0,0.0
2013-06-10 00:00:00+08:00,36.814815521240234,37.11111068725586,36.814815521240234,37.11111068725586,4995,0.0,0.0
2013-06-11 00:00:00+08:00,37.185184478759766,37.185184478759766,37.03703689575195,37.11111068725586,5940,0.0,0.0
2013-06-13 00:00:00+08:00,36.666664123535156,36.666664123535156,36.59259033203125,36.59259033203125,4050,0.0,0.0
2013-06-14 00:00:00+08:00,36.96296310424805,36.96296310424805,36.37036895751953,36.37036895751953,3510,0.0,0.0
2013-06-17 00:00:00+08:00,36.96296310424805,37.77777862548828,36.74074172973633,37.77777862548828,6075,0.0,0.0
2013-06-18 00:00:00+08:00,37.03703689575195,38.14814758300781,37.03703689575195,37.77777862548828,6345,0.0,0.0
2013-06-19 00:00:00+08:00,37.03703689575195,38.14814758300781,37.03703689575195,38.14814758300781,7965,0.0,0.0
2013-06-20 00:00:00+08:00,38.14814758300781,40.0,38.14814758300781,38.14814758300781,10125,0.0,0.0
2013-06-21 00:00:00+08:00,38.0,38.0,37.03703689575195,37.03703689575195,6345,0.0,0.0
2013-06-24 00:00:00+08:00,37.77777862548828,37.77777862548828,36.666664123535156,37.03703689575195,3240,0.0,0.0
2013-06-25 00:00:00+08:00,36.37036895751953,36.88888931274414,35.703704833984375,36.88888931274414,6615,0.0,0.0
2013-06-26 00:00:00+08:00,37.03703689575195,37.03703689575195,37.03703689575195,37.03703689575195,675,0.0,0.0
2013-06-27 00:00:00+08:00,36.296295166015625,37.185184478759766,36.296295166015625,37.11111068725586,6345,0.0,0.0
2013-06-28 00:00:00+08:00,36.96296310424805,37.25925827026367,36.96296310424805,37.25925827026367,6750,0.0,0.0
2013-07-01 00:00:00+08:00,37.03703689575195,37.03703689575195,36.666664123535156,37.03703689575195,2700,0.0,0.0
2013-07-02 00:00:00+08:00,37.03703689575195,37.33333206176758,37.03703689575195,37.33333206176758,8370,0.0,0.0
2013-07-03 00:00:00+08:00,37.25925827026367,37.25925827026367,36.74074172973633,37.185184478759766,945,0.0,0.0
2013-07-04 00:00:00+08:00,37.185184478759766,37.185184478759766,36.74074172973633,36.74074172973633,1350,0.0,0.0
2013-07-05 00:00:00+08:00,37.03703689575195,37.33333206176758,37.03703689575195,37.03703689575195,4455,0.0,0.0
2013-07-08 00:00:00+08:00,36.96296310424805,37.03703689575195,36.96296310424805,37.03703689575195,8640,0.0,0.0
2013-07-09 00:00:00+08:00,37.03703689575195,37.407405853271484,37.03703689575195,37.407405853271484,4050,0.0,0.0
2013-07-10 00:00:00+08:00,37.03703689575195,37.03703689575195,36.296295166015625,37.03703689575195,4185,0.0,0.0
2013-07-11 00:00:00+08:00,37.03703689575195,37.407405853271484,37.03703689575195,37.407405853271484,5130,0.0,0.0
2013-07-12 00:00:00+08:00,36.44444274902344,37.25925827026367,36.44444274902344,37.25925827026367,1620,0.0,0.0
2013-07-15 00:00:00+08:00,37.03703689575195,37.03703689575195,37.03703689575195,37.03703689575195,2835,0.0,0.0
2013-07-16 00:00:00+08:00,37.03703689575195,37.03703689575195,36.74074172973633,37.03703689575195,2700,0.0,0.0
2013-07-17 00:00:00+08:00,37.03703689575195,37.703704833984375,37.03703689575195,37.703704833984375,2160,0.0,0.0
2013-07-18 00:00:00+08:00,36.518516540527344,36.666664123535156,36.0,36.0,8911,0.0,0.0
2013-07-19 00:00:00+08:00,36.074073791503906,37.33333206176758,36.074073791503906,37.33333206176758,10260,0.0,0.0
2013-07-22 00:00:00+08:00,37.03703689575195,37.03703689575195,37.03703689575195,37.03703689575195,1350,0.0,0.0
2013-07-23 00:00:00+08:00,37.03703689575195,37.03703689575195,35.703704833984375,36.296295166015625,3375,0.0,0.0
2013-07-24 00:00:00+08:00,36.666664123535156,37.03703689575195,36.296295166015625,36.296295166015625,2430,0.0,0.0
2013-07-25 00:00:00+08:00,35.703704833984375,37.33333206176758,35.703704833984375,37.33333206176758,6750,0.0,0.0
2013-07-26 00:00:00+08:00,36.96296310424805,37.03703689575195,36.96296310424805,37.03703689575195,1890,0.0,0.0
2013-07-29 00:00:00+08:00,37.03703689575195,37.03703689575195,37.03703689575195,37.03703689575195,135,0.0,0.0
2013-07-30 00:00:00+08:00,37.03703689575195,37.03703689575195,37.03703689575195,37.03703689575195,270,0.0,0.0
2013-07-31 00:00:00+08:00,37.03703689575195,37.03703689575195,37.03703689575195,37.03703689575195,4320,0.0,0.0
2013-08-01 00:00:00+08:00,37.03703689575195,37.03703689575195,35.6296272277832,36.96296310424805,3780,0.0,0.0
2013-08-02 00:00:00+08:00,37.03703689575195,37.703704833984375,37.03703689575195,37.03703689575195,3375,0.0,0.0
2013-08-05 00:00:00+08:00,37.03703689575195,37.03703689575195,37.03703689575195,37.03703689575195,1350,0.0,0.0
2013-08-06 00:00:00+08:00,37.03703689575195,37.407405853271484,37.03703689575195,37.407405853271484,4860,0.0,0.0
2013-08-07 00:00:00+08:00,37.407405853271484,37.407405853271484,37.03703689575195,37.03703689575195,5805,0.0,0.0
2013-08-08 00:00:00+08:00,37.03703689575195,37.407405853271484,37.03703689575195,37.03703689575195,7425,0.0,0.0
2013-08-09 00:00:00+08:00,37.5555534362793,37.5555534362793,37.5555534362793,37.5555534362793,135,0.0,0.0
2013-08-12 00:00:00+08:00,37.5555534362793,37.5555534362793,37.03703689575195,37.407405853271484,4320,0.0,0.0
2013-08-13 00:00:00+08:00,37.03703689575195,37.03703689575195,36.296295166015625,37.03703689575195,7965,0.0,0.0
2013-08-14 00:00:00+08:00,37.03703689575195,37.407405853271484,37.03703689575195,37.03703689575195,6480,0.0,0.0
2013-08-15 00:00:00+08:00,37.407405853271484,38.74074172973633,37.03703689575195,38.74074172973633,15255,0.0,0.0
2013-08-16 00:00:00+08:00,38.74074172973633,38.74074172973633,36.666664123535156,38.22222137451172,9990,0.0,0.0
2013-08-19 00:00:00+08:00,37.03703689575195,37.77777862548828,37.03703689575195,37.77777862548828,4185,0.0,0.0
2013-08-20 00:00:00+08:00,37.77777862548828,37.77777862548828,37.77777862548828,37.77777862548828,5400,0.0,0.0
2013-08-22 00:00:00+08:00,37.77777862548828,38.22222137451172,37.25925827026367,37.77777862548828,9450,0.0,0.0
2013-08-23 00:00:00+08:00,37.77777862548828,38.296295166015625,37.48147964477539,38.296295166015625,9855,0.0,0.0
2013-08-26 00:00:00+08:00,37.85185241699219,39.03703689575195,37.85185241699219,39.03703689575195,5818,0.0,0.0
2013-08-27 00:00:00+08:00,38.37036895751953,38.88888931274414,38.0,38.88888931274414,7155,0.0,0.0
2013-08-28 00:00:00+08:00,39.25925827026367,39.25925827026367,38.666664123535156,38.666664123535156,4050,0.0,0.0
2013-08-29 00:00:00+08:00,38.666664123535156,39.6296272277832,38.518516540527344,39.5555534362793,9450,0.0,0.0
2013-08-30 00:00:00+08:00,39.5555534362793,42.296295166015625,39.5555534362793,42.296295166015625,54675,0.0,0.0
2013-09-02 00:00:00+08:00,45.185184478759766,45.185184478759766,44.074073791503906,45.185184478759766,66150,0.0,0.0
2013-09-03 00:00:00+08:00,47.703704833984375,48.296295166015625,46.074073791503906,48.22222137451172,122715,0.0,0.0
2013-09-04 00:00:00+08:00,46.59259033203125,48.59259033203125,46.59259033203125,47.03703689575195,70740,0.0,0.0
2013-09-05 00:00:00+08:00,45.185184478759766,47.25925827026367,45.185184478759766,45.925926208496094,24030,0.0,0.0
2013-09-06 00:00:00+08:00,45.925926208496094,48.074073791503906,45.77777862548828,46.518516540527344,27135,0.0,0.0
2013-09-09 00:00:00+08:00,47.407405853271484,48.518516540527344,45.85185241699219,47.407405853271484,17415,0.0,0.0
2013-09-10 00:00:00+08:00,47.6296272277832,47.6296272277832,45.48147964477539,45.925926208496094,17955,0.0,0.0
2013-09-11 00:00:00+08:00,45.925926208496094,46.296295166015625,44.44444274902344,45.185184478759766,10935,0.0,0.0
2013-09-12 00:00:00+08:00,43.85185241699219,46.666664123535156,43.85185241699219,46.59259033203125,8505,0.0,0.0
2013-09-13 00:00:00+08:00,46.666664123535156,46.666664123535156,45.25925827026367,45.25925827026367,1890,0.0,0.0
2013-09-16 00:00:00+08:00,44.44444274902344,44.96296310424805,43.33333206176758,43.85185241699219,12960,0.0,0.0
2013-09-17 00:00:00+08:00,42.96296310424805,43.703704833984375,42.96296310424805,43.703704833984375,4320,0.0,0.0
2013-09-18 00:00:00+08:00,43.33333206176758,44.37036895751953,43.33333206176758,44.37036895751953,3780,0.0,0.0
2013-09-23 00:00:00+08:00,44.44444274902344,44.44444274902344,44.44444274902344,44.44444274902344,1215,0.0,0.0
2013-09-24 00:00:00+08:00,43.85185241699219,43.85185241699219,43.407405853271484,43.85185241699219,4320,0.0,0.0
2013-09-25 00:00:00+08:00,43.703704833984375,43.703704833984375,42.666664123535156,42.666664123535156,3915,0.0,0.0
2013-09-26 00:00:00+08:00,42.59259033203125,44.37036895751953,42.22222137451172,44.37036895751953,8370,0.0,0.0
2013-09-27 00:00:00+08:00,44.37036895751953,44.37036895751953,42.37036895751953,44.14814758300781,3915,0.0,0.0
2013-09-30 00:00:00+08:00,41.925926208496094,43.703704833984375,41.925926208496094,43.703704833984375,2971,0.0,0.0
2013-10-01 00:00:00+08:00,42.96296310424805,43.703704833984375,42.59259033203125,43.703704833984375,2663,0.0,0.0
2013-10-02 00:00:00+08:00,43.11111068725586,44.22222137451172,43.03703689575195,43.11111068725586,2565,0.0,0.0
2013-10-03 00:00:00+08:00,42.96296310424805,43.6296272277832,42.14814758300781,43.6296272277832,2430,0.0,0.0
2013-10-04 00:00:00+08:00,44.14814758300781,44.14814758300781,42.22222137451172,42.59259033203125,3105,0.0,0.0
2013-10-07 00:00:00+08:00,42.44444274902344,42.44444274902344,40.74074172973633,40.74074172973633,4995,0.0,0.0
2013-10-08 00:00:00+08:00,40.14814758300781,43.48147964477539,40.0,43.48147964477539,5670,0.0,0.0
2013-10-09 00:00:00+08:00,41.77777862548828,43.33333206176758,41.77777862548828,43.33333206176758,675,0.0,0.0
2013-10-11 00:00:00+08:00,43.33333206176758,43.33333206176758,43.33333206176758,43.33333206176758,675,0.0,0.0
2013-10-14 00:00:00+08:00,43.33333206176758,43.33333206176758,43.33333206176758,43.33333206176758,135,0.0,0.0
2013-10-15 00:00:00+08:00,41.925926208496094,44.0,41.925926208496094,44.0,540,0.0,0.0
2013-10-16 00:00:00+08:00,43.33333206176758,44.074073791503906,43.33333206176758,44.074073791503906,1755,0.0,0.0
2013-10-17 00:00:00+08:00,44.44444274902344,44.44444274902344,42.296295166015625,44.0,1350,0.0,0.0
2013-10-18 00:00:00+08:00,42.666664123535156,43.6296272277832,42.37036895751953,43.6296272277832,945,0.0,0.0
2013-10-21 00:00:00+08:00,43.5555534362793,44.37036895751953,43.5555534362793,44.22222137451172,4185,0.0,0.0
2013-10-22 00:00:00+08:00,44.22222137451172,45.185184478759766,44.22222137451172,45.185184478759766,4185,0.0,0.0
2013-10-23 00:00:00+08:00,46.44444274902344,48.296295166015625,45.77777862548828,48.296295166015625,32670,0.0,0.0
2013-10-24 00:00:00+08:00,48.074073791503906,48.074073791503906,46.0,46.0,13095,0.0,0.0
2013-10-25 00:00:00+08:00,46.296295166015625,47.185184478759766,45.48147964477539,47.03703689575195,3375,0.0,0.0
2013-10-28 00:00:00+08:00,46.666664123535156,47.925926208496094,45.6296272277832,47.925926208496094,2295,0.0,0.0
2013-10-29 00:00:00+08:00,47.185184478759766,47.185184478759766,47.185184478759766,47.185184478759766,2295,0.0,0.0
2013-10-30 00:00:00+08:00,45.77777862548828,47.11111068725586,44.44444274902344,47.03703689575195,11623,0.0,0.0
2013-10-31 00:00:00+08:00,47.03703689575195,47.77777862548828,46.666664123535156,47.77777862548828,11083,0.0,0.0
2013-11-01 00:00:00+08:00,47.03703689575195,47.03703689575195,47.03703689575195,47.03703689575195,4455,0.0,0.0
2013-11-04 00:00:00+08:00,46.74074172973633,47.703704833984375,46.666664123535156,47.703704833984375,594,0.0,0.0
2013-11-05 00:00:00+08:00,47.6296272277832,47.703704833984375,46.44444274902344,46.59259033203125,12825,0.0,0.0
2013-11-06 00:00:00+08:00,45.33333206176758,46.59259033203125,43.85185241699219,46.59259033203125,8370,0.0,0.0
2013-11-07 00:00:00+08:00,45.5555534362793,45.77777862548828,44.44444274902344,45.77777862548828,5940,0.0,0.0
2013-11-08 00:00:00+08:00,44.666664123535156,45.185184478759766,42.59259033203125,45.185184478759766,13095,0.0,0.0
2013-11-11 00:00:00+08:00,47.33333206176758,47.33333206176758,43.703704833984375,45.25925827026367,11745,0.0,0.0
2013-11-12 00:00:00+08:00,43.703704833984375,44.074073791503906,43.703704833984375,43.703704833984375,2565,0.0,0.0
2013-11-13 00:00:00+08:00,42.814815521240234,43.407405853271484,40.88888931274414,43.407405853271484,3375,0.0,0.0
2013-11-14 00:00:00+08:00,43.407405853271484,44.44444274902344,43.407405853271484,44.44444274902344,810,0.0,0.0
2013-11-15 00:00:00+08:00,44.44444274902344,45.33333206176758,44.44444274902344,45.33333206176758,539,0.0,0.0
2013-11-18 00:00:00+08:00,42.96296310424805,45.03703689575195,42.96296310424805,45.03703689575195,270,0.0,0.0
2013-11-19 00:00:00+08:00,46.666664123535156,46.666664123535156,46.666664123535156,46.666664123535156,135,0.0,0.0
2013-11-20 00:00:00+08:00,47.03703689575195,47.03703689575195,46.96296310424805,46.96296310424805,540,0.0,0.0
2013-11-21 00:00:00+08:00,46.44444274902344,46.44444274902344,45.25925827026367,46.22222137451172,810,0.0,0.0
2013-11-22 00:00:00+08:00,44.88888931274414,45.925926208496094,44.814815521240234,45.925926208496094,810,0.0,0.0
2013-11-25 00:00:00+08:00,42.88888931274414,45.185184478759766,42.88888931274414,45.185184478759766,1215,0.0,0.0
2013-11-26 00:00:00+08:00,43.03703689575195,44.96296310424805,43.03703689575195,44.96296310424805,810,0.0,0.0
2013-11-27 00:00:00+08:00,44.96296310424805,44.96296310424805,44.96296310424805,44.96296310424805,1215,0.0,0.0
2013-11-28 00:00:00+08:00,43.185184478759766,46.22222137451172,43.185184478759766,44.88888931274414,1350,0.0,0.0
2013-11-29 00:00:00+08:00,44.44444274902344,45.48147964477539,44.44444274902344,45.48147964477539,810,0.0,0.0
2013-12-02 00:00:00+08:00,43.33333206176758,45.25925827026367,43.33333206176758,45.25925827026367,945,0.0,0.0
2013-12-03 00:00:00+08:00,44.518516540527344,44.518516540527344,44.518516540527344,44.518516540527344,945,0.0,0.0
2013-12-04 00:00:00+08:00,44.44444274902344,44.44444274902344,42.96296310424805,44.37036895751953,1080,0.0,0.0
2013-12-05 00:00:00+08:00,44.37036895751953,44.37036895751953,44.37036895751953,44.37036895751953,1080,0.0,0.0
2013-12-06 00:00:00+08:00,44.44444274902344,44.44444274902344,44.44444274902344,44.44444274902344,675,0.0,0.0
2013-12-09 00:00:00+08:00,44.37036895751953,44.37036895751953,44.37036895751953,44.37036895751953,675,0.0,0.0
2013-12-10 00:00:00+08:00,42.96296310424805,43.703704833984375,42.666664123535156,43.703704833984375,675,0.0,0.0
2013-12-11 00:00:00+08:00,42.296295166015625,42.96296310424805,42.296295166015625,42.96296310424805,270,0.0,0.0
2013-12-12 00:00:00+08:00,41.77777862548828,43.6296272277832,41.77777862548828,43.6296272277832,540,0.0,0.0
2013-12-13 00:00:00+08:00,41.85185241699219,43.407405853271484,41.85185241699219,43.407405853271484,945,0.0,0.0
2013-12-16 00:00:00+08:00,43.407405853271484,44.296295166015625,42.666664123535156,44.296295166015625,2166,0.0,0.0
2013-12-17 00:00:00+08:00,43.11111068725586,44.14814758300781,43.11111068725586,44.14814758300781,405,0.0,0.0
2013-12-18 00:00:00+08:00,43.03703689575195,44.14814758300781,42.96296310424805,44.14814758300781,3645,0.0,0.0
2013-12-19 00:00:00+08:00,42.96296310424805,42.96296310424805,42.96296310424805,42.96296310424805,560,0.0,0.0
2013-12-20 00:00:00+08:00,42.22222137451172,42.96296310424805,42.22222137451172,42.96296310424805,280,0.0,0.0
2013-12-23 00:00:00+08:00,42.96296310424805,42.96296310424805,42.96296310424805,42.96296310424805,1485,0.0,0.0
2013-12-24 00:00:00+08:00,42.96296310424805,42.96296310424805,42.96296310424805,42.96296310424805,148,0.0,0.0
2013-12-25 00:00:00+08:00,42.296295166015625,42.296295166015625,42.22222137451172,42.22222137451172,3375,0.0,0.0
2013-12-26 00:00:00+08:00,42.14814758300781,42.22222137451172,41.85185241699219,42.074073791503906,3645,0.0,0.0
2013-12-27 00:00:00+08:00,42.22222137451172,42.22222137451172,41.6296272277832,42.22222137451172,2295,0.0,0.0
2013-12-30 00:00:00+08:00,42.22222137451172,42.22222137451172,41.33333206176758,42.22222137451172,5400,0.0,0.0
2013-12-31 00:00:00+08:00,41.33333206176758,42.37036895751953,40.74074172973633,42.22222137451172,9922,0.0,0.0
2014-01-02 00:00:00+08:00,44.074073791503906,44.074073791503906,43.11111068725586,43.11111068725586,554,0.0,0.0
2014-01-03 00:00:00+08:00,41.703704833984375,42.666664123535156,41.703704833984375,42.666664123535156,1620,0.0,0.0
2014-01-06 00:00:00+08:00,43.33333206176758,43.33333206176758,42.96296310424805,42.96296310424805,4995,0.0,0.0
2014-01-07 00:00:00+08:00,43.703704833984375,43.703704833984375,42.296295166015625,43.48147964477539,1215,0.0,0.0
2014-01-08 00:00:00+08:00,43.48147964477539,43.48147964477539,42.518516540527344,43.33333206176758,1620,0.0,0.0
2014-01-09 00:00:00+08:00,43.25925827026367,43.85185241699219,41.77777862548828,43.85185241699219,10260,0.0,0.0
2014-01-10 00:00:00+08:00,41.925926208496094,44.14814758300781,41.925926208496094,42.814815521240234,15525,0.0,0.0
2014-01-13 00:00:00+08:00,42.22222137451172,45.77777862548828,42.22222137451172,45.77777862548828,58380,0.0,0.0
2014-01-14 00:00:00+08:00,43.703704833984375,45.03703689575195,43.185184478759766,44.37036895751953,16470,0.0,0.0
2014-01-15 00:00:00+08:00,43.5555534362793,44.37036895751953,43.48147964477539,43.925926208496094,5054,0.0,0.0
2014-01-16 00:00:00+08:00,43.925926208496094,43.925926208496094,43.48147964477539,43.703704833984375,5670,0.0,0.0
2014-01-17 00:00:00+08:00,43.03703689575195,44.37036895751953,42.59259033203125,44.22222137451172,8505,0.0,0.0
2014-01-20 00:00:00+08:00,43.25925827026367,44.518516540527344,43.185184478759766,44.0,8370,0.0,0.0
2014-01-21 00:00:00+08:00,43.85185241699219,44.518516540527344,43.85185241699219,44.44444274902344,7155,0.0,0.0
2014-01-22 00:00:00+08:00,45.6296272277832,45.6296272277832,44.44444274902344,44.44444274902344,8505,0.0,0.0
2014-01-23 00:00:00+08:00,44.0,44.88888931274414,44.0,44.88888931274414,1485,0.0,0.0
2014-01-24 00:00:00+08:00,45.185184478759766,45.185184478759766,43.407405853271484,43.407405853271484,5670,0.0,0.0
2014-01-27 00:00:00+08:00,44.0,44.0,44.0,44.0,945,0.0,0.0
2014-02-05 00:00:00+08:00,43.33333206176758,44.37036895751953,43.33333206176758,44.37036895751953,270,0.0,0.0
2014-02-06 00:00:00+08:00,44.44444274902344,44.814815521240234,44.296295166015625,44.37036895751953,4995,0.0,0.0
2014-02-07 00:00:00+08:00,44.44444274902344,44.44444274902344,43.185184478759766,44.074073791503906,945,0.0,0.0
2014-02-10 00:00:00+08:00,43.407405853271484,43.703704833984375,43.25925827026367,43.25925827026367,2565,0.0,0.0
2014-02-11 00:00:00+08:00,43.703704833984375,43.703704833984375,43.11111068725586,43.185184478759766,2970,0.0,0.0
2014-02-12 00:00:00+08:00,43.185184478759766,44.22222137451172,43.11111068725586,44.0,19035,0.0,0.0
2014-02-13 00:00:00+08:00,44.0,44.44444274902344,43.5555534362793,43.5555534362793,5805,0.0,0.0
2014-02-14 00:00:00+08:00,44.44444274902344,45.185184478759766,43.48147964477539,45.185184478759766,34155,0.0,0.0
2014-02-17 00:00:00+08:00,45.185184478759766,45.25925827026367,44.37036895751953,44.44444274902344,22275,0.0,0.0
2014-02-18 00:00:00+08:00,44.74074172973633,47.5555534362793,44.44444274902344,47.25925827026367,25720,0.0,0.0
2014-02-19 00:00:00+08:00,46.96296310424805,47.25925827026367,45.703704833984375,46.666664123535156,26055,0.0,0.0
2014-02-20 00:00:00+08:00,46.666664123535156,47.925926208496094,45.925926208496094,46.59259033203125,19723,0.0,0.0
2014-02-21 00:00:00+08:00,46.59259033203125,48.14814758300781,46.37036895751953,46.37036895751953,16875,0.0,0.0
2014-02-24 00:00:00+08:00,46.22222137451172,49.5555534362793,45.925926208496094,49.5555534362793,134043,0.0,0.0
2014-02-25 00:00:00+08:00,52.14814758300781,52.22222137451172,48.88888931274414,48.88888931274414,76554,0.0,0.0
2014-02-26 00:00:00+08:00,48.88888931274414,48.88888931274414,47.48147964477539,47.48147964477539,23220,0.0,0.0
2014-02-27 00:00:00+08:00,47.48147964477539,48.814815521240234,47.33333206176758,47.33333206176758,22140,0.0,0.0
2014-03-03 00:00:00+08:00,47.407405853271484,48.0,47.407405853271484,47.5555534362793,5130,0.0,0.0
2014-03-04 00:00:00+08:00,47.5555534362793,47.5555534362793,46.666664123535156,47.03703689575195,13365,0.0,0.0
2014-03-05 00:00:00+08:00,47.25925827026367,48.22222137451172,46.666664123535156,48.14814758300781,3240,0.0,0.0
2014-03-06 00:00:00+08:00,48.14814758300781,48.814815521240234,47.77777862548828,48.14814758300781,20702,0.0,0.0
2014-03-07 00:00:00+08:00,47.77777862548828,47.77777862548828,46.296295166015625,47.5555534362793,12556,0.0,0.0
2014-03-10 00:00:00+08:00,46.44444274902344,47.33333206176758,46.074073791503906,46.666664123535156,11295,0.0,0.0
2014-03-11 00:00:00+08:00,46.666664123535156,48.074073791503906,46.22222137451172,47.6296272277832,15525,0.0,0.0
2014-03-12 00:00:00+08:00,46.296295166015625,46.96296310424805,46.296295166015625,46.296295166015625,12016,0.0,0.0
2014-03-13 00:00:00+08:00,46.44444274902344,46.666664123535156,46.296295166015625,46.666664123535156,28258,0.0,0.0
2014-03-14 00:00:00+08:00,46.296295166015625,46.666664123535156,46.296295166015625,46.666664123535156,12159,0.0,0.0
2014-03-17 00:00:00+08:00,45.925926208496094,46.296295166015625,45.85185241699219,45.85185241699219,3247,0.0,0.0
2014-03-18 00:00:00+08:00,45.5555534362793,47.185184478759766,45.5555534362793,47.03703689575195,12008,0.0,0.0
2014-03-19 00:00:00+08:00,47.03703689575195,49.5555534362793,47.03703689575195,48.44444274902344,50895,0.0,0.0
2014-03-20 00:00:00+08:00,48.88888931274414,48.88888931274414,47.11111068725586,47.11111068725586,18225,0.0,0.0
2014-03-21 00:00:00+08:00,46.37036895751953,47.03703689575195,45.85185241699219,47.03703689575195,10665,0.0,0.0
2014-03-24 00:00:00+08:00,46.814815521240234,46.814815521240234,45.925926208496094,46.296295166015625,2701,0.0,0.0
2014-03-25 00:00:00+08:00,45.925926208496094,46.666664123535156,45.03703689575195,46.296295166015625,4455,0.0,0.0
2014-03-26 00:00:00+08:00,45.925926208496094,47.03703689575195,45.925926208496094,47.03703689575195,675,0.0,0.0
2014-03-27 00:00:00+08:00,47.03703689575195,47.03703689575195,45.407405853271484,45.48147964477539,14090,0.0,0.0
2014-03-28 00:00:00+08:00,45.185184478759766,45.185184478759766,45.11111068725586,45.11111068725586,1215,0.0,0.0
2014-03-31 00:00:00+08:00,44.88888931274414,45.185184478759766,44.59259033203125,44.59259033203125,13366,0.0,0.0
2014-04-01 00:00:00+08:00,44.518516540527344,45.185184478759766,44.44444274902344,44.59259033203125,10704,0.0,0.0
2014-04-02 00:00:00+08:00,44.44444274902344,44.59259033203125,44.44444274902344,44.59259033203125,7695,0.0,0.0
2014-04-03 00:00:00+08:00,44.814815521240234,44.814815521240234,43.77777862548828,44.59259033203125,6223,0.0,0.0
2014-04-07 00:00:00+08:00,45.11111068725586,45.11111068725586,44.44444274902344,44.44444274902344,946,0.0,0.0
2014-04-08 00:00:00+08:00,43.703704833984375,44.44444274902344,43.703704833984375,44.44444274902344,2295,0.0,0.0
2014-04-09 00:00:00+08:00,44.44444274902344,45.11111068725586,44.44444274902344,45.11111068725586,1620,0.0,0.0
2014-04-10 00:00:00+08:00,43.925926208496094,44.37036895751953,43.925926208496094,44.37036895751953,276,0.0,0.0
2014-04-11 00:00:00+08:00,43.703704833984375,43.703704833984375,42.814815521240234,42.814815521240234,2025,0.0,0.0
2014-04-14 00:00:00+08:00,43.85185241699219,43.85185241699219,40.814815521240234,43.703704833984375,10530,0.0,0.0
2014-04-15 00:00:00+08:00,42.37036895751953,43.407405853271484,40.74074172973633,42.96296310424805,7155,0.0,0.0
2014-04-16 00:00:00+08:00,42.296295166015625,42.296295166015625,41.407405853271484,42.296295166015625,5535,0.0,0.0
2014-04-17 00:00:00+08:00,42.296295166015625,42.666664123535156,40.74074172973633,42.14814758300781,17010,0.0,0.0
2014-04-18 00:00:00+08:00,42.14814758300781,42.14814758300781,41.185184478759766,41.85185241699219,5805,0.0,0.0
2014-04-21 00:00:00+08:00,43.25925827026367,43.25925827026367,40.96296310424805,41.48147964477539,6345,0.0,0.0
2014-04-22 00:00:00+08:00,41.33333206176758,41.33333206176758,41.11111068725586,41.11111068725586,1080,0.0,0.0
2014-04-23 00:00:00+08:00,40.96296310424805,42.59259033203125,40.37036895751953,40.37036895751953,14986,0.0,0.0
2014-04-24 00:00:00+08:00,40.59259033203125,41.11111068725586,40.518516540527344,41.11111068725586,9585,0.0,0.0
2014-04-25 00:00:00+08:00,40.59259033203125,41.25925827026367,39.185184478759766,41.25925827026367,7155,0.0,0.0
2014-04-28 00:00:00+08:00,41.11111068725586,41.25925827026367,40.074073791503906,41.25925827026367,3645,0.0,0.0
2014-04-29 00:00:00+08:00,40.296295166015625,41.6296272277832,40.0,41.6296272277832,3915,0.0,0.0
2014-04-30 00:00:00+08:00,40.518516540527344,40.74074172973633,40.296295166015625,40.296295166015625,3240,0.0,0.0
2014-05-02 00:00:00+08:00,39.925926208496094,40.296295166015625,39.925926208496094,40.14814758300781,945,0.0,0.0
2014-05-05 00:00:00+08:00,39.48147964477539,41.11111068725586,39.48147964477539,41.11111068725586,810,0.0,0.0
2014-05-06 00:00:00+08:00,39.407405853271484,40.666664123535156,39.33333206176758,40.666664123535156,7830,0.0,0.0
2014-05-07 00:00:00+08:00,39.48147964477539,39.6296272277832,39.407405853271484,39.6296272277832,10935,0.0,0.0
2014-05-08 00:00:00+08:00,39.6296272277832,39.6296272277832,39.6296272277832,39.6296272277832,2970,0.0,0.0
2014-05-09 00:00:00+08:00,39.6296272277832,39.6296272277832,39.6296272277832,39.6296272277832,2970,0.0,0.0
2014-05-12 00:00:00+08:00,39.6296272277832,40.96296310424805,39.6296272277832,40.96296310424805,8100,0.0,0.0
2014-05-13 00:00:00+08:00,39.25925827026367,40.0,39.25925827026367,40.0,4590,0.0,0.0
2014-05-14 00:00:00+08:00,40.0,40.37036895751953,40.0,40.37036895751953,2025,0.0,0.0
2014-05-15 00:00:00+08:00,39.6296272277832,39.703704833984375,39.407405853271484,39.703704833984375,2835,0.0,0.0
2014-05-16 00:00:00+08:00,40.0,40.0,39.6296272277832,39.703704833984375,1890,0.0,0.0
2014-05-19 00:00:00+08:00,40.074073791503906,40.074073791503906,40.074073791503906,40.074073791503906,135,0.0,0.0
2014-05-20 00:00:00+08:00,41.11111068725586,41.48147964477539,40.74074172973633,41.48147964477539,2160,0.0,0.0
2014-05-21 00:00:00+08:00,41.48147964477539,41.703704833984375,41.48147964477539,41.6296272277832,810,0.0,0.0
2014-05-22 00:00:00+08:00,41.6296272277832,41.6296272277832,39.6296272277832,41.5555534362793,2295,0.0,0.0
2014-05-23 00:00:00+08:00,39.77777862548828,41.5555534362793,39.77777862548828,41.5555534362793,540,0.0,0.0
2014-05-26 00:00:00+08:00,40.0,41.185184478759766,40.0,41.185184478759766,945,0.0,0.0
2014-05-27 00:00:00+08:00,41.33333206176758,43.703704833984375,41.33333206176758,42.22222137451172,4725,0.0,0.0
2014-05-28 00:00:00+08:00,42.22222137451172,42.59259033203125,40.666664123535156,42.14814758300781,5805,0.0,0.0
2014-05-29 00:00:00+08:00,42.22222137451172,45.03703689575195,42.14814758300781,45.03703689575195,60920,0.0,0.0
2014-05-30 00:00:00+08:00,43.25925827026367,46.666664123535156,43.25925827026367,44.96296310424805,194570,0.0,0.0
2014-06-03 00:00:00+08:00,45.03703689575195,45.185184478759766,44.59259033203125,45.11111068725586,20250,0.0,0.0
2014-06-04 00:00:00+08:00,45.185184478759766,45.925926208496094,44.96296310424805,44.96296310424805,8505,0.0,0.0
2014-06-05 00:00:00+08:00,45.03703689575195,45.6296272277832,44.666664123535156,44.666664123535156,2160,0.0,0.0
2014-06-06 00:00:00+08:00,44.814815521240234,45.185184478759766,44.74074172973633,45.185184478759766,6075,0.0,0.0
2014-06-09 00:00:00+08:00,45.5555534362793,46.14814758300781,45.185184478759766,46.074073791503906,20790,0.0,0.0
2014-06-10 00:00:00+08:00,45.77777862548828,45.77777862548828,44.518516540527344,44.518516540527344,4995,0.0,0.0
2014-06-11 00:00:00+08:00,44.518516540527344,45.03703689575195,43.85185241699219,43.925926208496094,9450,0.0,0.0
2014-06-12 00:00:00+08:00,43.925926208496094,43.925926208496094,43.925926208496094,43.925926208496094,2025,0.0,0.0
2014-06-13 00:00:00+08:00,43.925926208496094,43.925926208496094,43.925926208496094,43.925926208496094,2430,0.0,0.0
2014-06-16 00:00:00+08:00,43.6296272277832,45.33333206176758,43.6296272277832,45.33333206176758,10260,0.0,0.0
2014-06-17 00:00:00+08:00,45.185184478759766,45.185184478759766,44.59259033203125,44.59259033203125,3105,0.0,0.0
2014-06-18 00:00:00+08:00,45.11111068725586,45.185184478759766,44.296295166015625,45.185184478759766,14445,0.0,0.0
2014-06-19 00:00:00+08:00,44.518516540527344,44.666664123535156,44.518516540527344,44.666664123535156,4320,0.0,0.0
2014-06-20 00:00:00+08:00,46.44444274902344,46.44444274902344,44.59259033203125,44.666664123535156,5143,0.0,0.0
2014-06-23 00:00:00+08:00,43.703704833984375,45.11111068725586,43.703704833984375,45.11111068725586,19305,0.0,0.0
2014-06-24 00:00:00+08:00,45.407405853271484,48.22222137451172,45.185184478759766,48.22222137451172,55215,0.0,0.0
2014-06-25 00:00:00+08:00,51.5555534362793,51.5555534362793,50.22222137451172,51.5555534362793,259571,0.0,0.0
2014-06-26 00:00:00+08:00,50.74074172973633,50.74074172973633,48.0,48.0,84408,0.0,0.0
2014-06-27 00:00:00+08:00,45.925926208496094,47.33333206176758,44.666664123535156,46.22222137451172,121230,0.0,0.0
2014-06-30 00:00:00+08:00,46.22222137451172,46.22222137451172,43.03703689575195,43.77777862548828,41445,0.0,0.0
2014-07-01 00:00:00+08:00,44.44444274902344,46.074073791503906,44.0,44.074073791503906,26730,0.0,0.0
2014-07-02 00:00:00+08:00,44.814815521240234,45.11111068725586,44.37036895751953,44.37036895751953,20115,0.0,0.0
2014-07-03 00:00:00+08:00,43.77777862548828,45.185184478759766,43.77777862548828,44.37036895751953,11340,0.0,0.0
2014-07-04 00:00:00+08:00,45.185184478759766,45.185184478759766,44.44444274902344,44.518516540527344,7965,0.0,0.0
2014-07-07 00:00:00+08:00,44.814815521240234,45.185184478759766,44.296295166015625,45.11111068725586,19710,0.0,0.0
2014-07-08 00:00:00+08:00,45.185184478759766,45.77777862548828,45.11111068725586,45.703704833984375,8775,0.0,0.0
2014-07-09 00:00:00+08:00,44.88888931274414,44.96296310424805,44.666664123535156,44.814815521240234,2565,0.0,0.0
2014-07-10 00:00:00+08:00,45.77777862548828,47.6296272277832,45.11111068725586,47.25925827026367,34043,0.0,0.0
2014-07-11 00:00:00+08:00,47.03703689575195,47.03703689575195,44.814815521240234,44.814815521240234,12308,0.0,0.0
2014-07-14 00:00:00+08:00,45.5555534362793,46.074073791503906,44.96296310424805,45.11111068725586,3240,0.0,0.0
2014-07-15 00:00:00+08:00,45.85185241699219,48.074073791503906,44.96296310424805,45.185184478759766,25380,0.0,0.0
2014-07-16 00:00:00+08:00,45.185184478759766,45.85185241699219,44.96296310424805,45.85185241699219,10665,0.0,0.0
2014-07-17 00:00:00+08:00,46.814815521240234,46.814815521240234,45.185184478759766,45.185184478759766,14850,0.0,0.0
2014-07-18 00:00:00+08:00,45.925926208496094,46.22222137451172,44.88888931274414,46.22222137451172,14050,0.0,0.0
2014-07-21 00:00:00+08:00,49.33333206176758,49.33333206176758,46.37036895751953,47.03703689575195,8640,0.0,0.0
2014-07-22 00:00:00+08:00,48.74074172973633,48.814815521240234,46.44444274902344,46.666664123535156,13095,0.0,0.0
2014-07-23 00:00:00+08:00,46.666664123535156,46.666664123535156,46.666664123535156,46.666664123535156,0,0.0,0.0
2014-07-24 00:00:00+08:00,46.666664123535156,48.518516540527344,46.666664123535156,47.407405853271484,5805,0.0,0.0
2014-07-25 00:00:00+08:00,48.074073791503906,48.296295166015625,46.518516540527344,46.666664123535156,10125,0.0,0.0
2014-07-28 00:00:00+08:00,47.6296272277832,48.14814758300781,46.666664123535156,46.814815521240234,4727,0.0,0.0
2014-07-29 00:00:00+08:00,46.74074172973633,48.14814758300781,46.44444274902344,46.666664123535156,17820,0.0,0.0
2014-07-30 00:00:00+08:00,46.666664123535156,48.74074172973633,46.666664123535156,46.814815521240234,8370,0.0,0.0
2014-07-31 00:00:00+08:00,47.85185241699219,47.85185241699219,46.44444274902344,47.11111068725586,4860,0.0,0.0
2014-08-01 00:00:00+08:00,46.44444274902344,47.11111068725586,45.925926208496094,47.11111068725586,957,0.0,0.0
2014-08-04 00:00:00+08:00,46.37036895751953,46.666664123535156,46.37036895751953,46.666664123535156,3240,0.0,0.0
2014-08-05 00:00:00+08:00,47.25925827026367,47.25925827026367,45.77777862548828,46.59259033203125,15390,0.0,0.0
2014-08-06 00:00:00+08:00,45.85185241699219,46.74074172973633,45.85185241699219,46.74074172973633,405,0.0,0.0
2014-08-07 00:00:00+08:00,46.37036895751953,47.33333206176758,45.925926208496094,47.33333206176758,8370,0.0,0.0
2014-08-08 00:00:00+08:00,47.33333206176758,47.33333206176758,46.0,47.185184478759766,3915,0.0,0.0
2014-08-11 00:00:00+08:00,46.296295166015625,48.14814758300781,46.14814758300781,48.14814758300781,5940,0.0,0.0
2014-08-12 00:00:00+08:00,47.407405853271484,47.407405853271484,46.0,47.185184478759766,5818,0.0,0.0
2014-08-13 00:00:00+08:00,47.03703689575195,47.03703689575195,46.296295166015625,46.96296310424805,1890,0.0,0.0
2014-08-14 00:00:00+08:00,46.14814758300781,46.666664123535156,44.44444274902344,46.22222137451172,8775,0.0,0.0
2014-08-15 00:00:00+08:00,45.185184478759766,45.185184478759766,44.59259033203125,44.59259033203125,2430,0.0,0.0
2014-08-18 00:00:00+08:00,44.59259033203125,44.74074172973633,43.85185241699219,44.74074172973633,12555,0.0,0.0
2014-08-19 00:00:00+08:00,44.74074172973633,46.59259033203125,44.074073791503906,46.59259033203125,3105,0.0,0.0
2014-08-20 00:00:00+08:00,44.814815521240234,46.88888931274414,44.0,44.74074172973633,5130,0.0,0.0
2014-08-21 00:00:00+08:00,44.74074172973633,45.48147964477539,44.44444274902344,45.48147964477539,5265,0.0,0.0
2014-08-22 00:00:00+08:00,46.074073791503906,46.074073791503906,44.814815521240234,45.48147964477539,25515,0.0,0.0
2014-08-25 00:00:00+08:00,44.88888931274414,45.11111068725586,44.74074172973633,45.11111068725586,3510,0.0,0.0
2014-08-26 00:00:00+08:00,44.88888931274414,45.33333206176758,44.88888931274414,45.33333206176758,2565,0.0,0.0
2014-08-27 00:00:00+08:00,47.33333206176758,47.33333206176758,45.33333206176758,45.33333206176758,2025,0.0,0.0
2014-08-28 00:00:00+08:00,44.96296310424805,46.44444274902344,44.96296310424805,45.407405853271484,810,0.0,0.0
2014-08-29 00:00:00+08:00,44.88888931274414,48.518516540527344,44.88888931274414,48.518516540527344,49713,0.0,0.0
2014-09-01 00:00:00+08:00,51.11111068725586,51.11111068725586,47.03703689575195,49.03703689575195,16605,0.0,0.0
2014-09-02 00:00:00+08:00,47.407405853271484,49.48147964477539,46.74074172973633,48.518516540527344,16937,0.0,0.0
2014-09-03 00:00:00+08:00,48.518516540527344,48.518516540527344,46.96296310424805,48.0,13095,0.0,0.0
2014-09-04 00:00:00+08:00,48.0,48.0,46.74074172973633,47.77777862548828,2700,0.0,0.0
2014-09-05 00:00:00+08:00,46.74074172973633,46.814815521240234,46.74074172973633,46.74074172973633,568,0.0,0.0
2014-09-09 00:00:00+08:00,46.37036895751953,46.37036895751953,45.925926208496094,46.22222137451172,4185,0.0,0.0
2014-09-10 00:00:00+08:00,45.185184478759766,46.22222137451172,44.88888931274414,46.22222137451172,6480,0.0,0.0
2014-09-11 00:00:00+08:00,45.03703689575195,47.925926208496094,45.03703689575195,46.666664123535156,7965,0.0,0.0
2014-09-12 00:00:00+08:00,48.666664123535156,48.666664123535156,46.296295166015625,47.6296272277832,810,0.0,0.0
2014-09-15 00:00:00+08:00,45.11111068725586,47.5555534362793,45.11111068725586,47.407405853271484,7830,0.0,0.0
2014-09-16 00:00:00+08:00,45.77777862548828,47.33333206176758,45.77777862548828,47.03703689575195,945,0.0,0.0
2014-09-17 00:00:00+08:00,47.03703689575195,47.25925827026367,46.14814758300781,47.25925827026367,1080,0.0,0.0
2014-09-18 00:00:00+08:00,46.14814758300781,46.88888931274414,46.074073791503906,46.88888931274414,2025,0.0,0.0
2014-09-19 00:00:00+08:00,45.925926208496094,47.03703689575195,45.925926208496094,46.814815521240234,5265,0.0,0.0
2014-09-22 00:00:00+08:00,46.96296310424805,47.77777862548828,46.296295166015625,46.37036895751953,540,0.0,0.0
2014-09-23 00:00:00+08:00,47.33333206176758,47.33333206176758,46.22222137451172,47.185184478759766,2430,0.0,0.0
2014-09-24 00:00:00+08:00,47.925926208496094,47.925926208496094,46.814815521240234,47.6296272277832,3375,0.0,0.0
2014-09-25 00:00:00+08:00,47.6296272277832,47.925926208496094,46.666664123535156,47.85185241699219,10261,0.0,0.0
2014-09-26 00:00:00+08:00,46.666664123535156,47.407405853271484,46.666664123535156,47.03703689575195,2835,0.0,0.0
2014-09-29 00:00:00+08:00,47.03703689575195,47.03703689575195,46.96296310424805,46.96296310424805,4185,0.0,0.0
2014-09-30 00:00:00+08:00,46.814815521240234,48.814815521240234,46.814815521240234,47.85185241699219,6885,0.0,0.0
2014-10-01 00:00:00+08:00,47.185184478759766,47.85185241699219,47.185184478759766,47.85185241699219,2025,0.0,0.0
2014-10-02 00:00:00+08:00,47.407405853271484,48.14814758300781,47.407405853271484,48.14814758300781,1485,0.0,0.0
2014-10-03 00:00:00+08:00,48.0,49.6296272277832,48.0,49.48147964477539,19845,0.0,0.0
2014-10-06 00:00:00+08:00,50.37036895751953,50.37036895751953,48.22222137451172,48.814815521240234,18900,0.0,0.0
2014-10-07 00:00:00+08:00,50.96296310424805,50.96296310424805,48.44444274902344,49.5555534362793,4725,0.0,0.0
2014-10-08 00:00:00+08:00,50.074073791503906,50.074073791503906,49.5555534362793,49.85185241699219,2565,0.0,0.0
2014-10-09 00:00:00+08:00,49.85185241699219,49.85185241699219,48.518516540527344,49.03703689575195,8505,0.0,0.0
2014-10-13 00:00:00+08:00,48.0,49.11111068725586,48.0,48.814815521240234,17010,0.0,0.0
2014-10-14 00:00:00+08:00,48.44444274902344,48.814815521240234,47.77777862548828,48.44444274902344,7830,0.0,0.0
2014-10-15 00:00:00+08:00,48.518516540527344,49.48147964477539,48.074073791503906,49.48147964477539,8505,0.0,0.0
2014-10-16 00:00:00+08:00,48.88888931274414,49.407405853271484,48.14814758300781,49.407405853271484,6885,0.0,0.0
2014-10-17 00:00:00+08:00,49.77777862548828,49.77777862548828,48.44444274902344,48.88888931274414,6210,0.0,0.0
2014-10-20 00:00:00+08:00,48.518516540527344,51.11111068725586,47.407405853271484,51.11111068725586,23776,0.0,0.0
2014-10-21 00:00:00+08:00,51.85185241699219,51.85185241699219,48.88888931274414,50.14814758300781,7425,0.0,0.0
2014-10-22 00:00:00+08:00,50.14814758300781,51.11111068725586,49.703704833984375,49.703704833984375,4741,0.0,0.0
2014-10-23 00:00:00+08:00,49.703704833984375,53.11111068725586,49.703704833984375,51.85185241699219,29446,0.0,0.0
2014-10-24 00:00:00+08:00,51.11111068725586,51.33333206176758,50.0,51.11111068725586,9995,0.0,0.0
2014-10-27 00:00:00+08:00,52.88888931274414,53.185184478759766,50.074073791503906,51.77777862548828,7830,0.0,0.0
2014-10-28 00:00:00+08:00,50.0,51.703704833984375,50.0,51.6296272277832,556,0.0,0.0
2014-10-29 00:00:00+08:00,50.96296310424805,55.185184478759766,49.6296272277832,53.703704833984375,27540,0.0,0.0
2014-10-30 00:00:00+08:00,53.703704833984375,53.925926208496094,52.59259033203125,52.59259033203125,5805,0.0,0.0
2014-10-31 00:00:00+08:00,53.33333206176758,53.33333206176758,50.14814758300781,51.703704833984375,9855,0.0,0.0
2014-11-03 00:00:00+08:00,51.85185241699219,55.11111068725586,50.74074172973633,52.37036895751953,23760,0.0,0.0
2014-11-04 00:00:00+08:00,52.37036895751953,52.37036895751953,51.185184478759766,51.25925827026367,2295,0.0,0.0
2014-11-05 00:00:00+08:00,51.11111068725586,51.925926208496094,51.11111068725586,51.25925827026367,4050,0.0,0.0
2014-11-06 00:00:00+08:00,51.85185241699219,51.85185241699219,50.74074172973633,50.74074172973633,405,0.0,0.0
2014-11-07 00:00:00+08:00,50.666664123535156,51.11111068725586,48.59259033203125,51.11111068725586,12960,0.0,0.0
2014-11-10 00:00:00+08:00,50.074073791503906,51.77777862548828,50.074073791503906,51.48147964477539,83970,0.0,0.0
2014-11-11 00:00:00+08:00,51.77777862548828,53.03703689575195,51.11111068725586,51.703704833984375,7020,0.0,0.0
2014-11-12 00:00:00+08:00,52.518516540527344,52.518516540527344,48.14814758300781,50.37036895751953,26190,0.0,0.0
2014-11-13 00:00:00+08:00,50.74074172973633,51.33333206176758,48.666664123535156,48.88888931274414,2835,0.0,0.0
2014-11-14 00:00:00+08:00,49.48147964477539,51.407405853271484,49.03703689575195,49.03703689575195,5359,0.0,0.0
2014-11-17 00:00:00+08:00,50.666664123535156,50.666664123535156,48.22222137451172,50.0,1350,0.0,0.0
2014-11-18 00:00:00+08:00,50.296295166015625,50.296295166015625,48.59259033203125,50.0,1215,0.0,0.0
2014-11-19 00:00:00+08:00,48.14814758300781,49.925926208496094,48.14814758300781,49.11111068725586,5940,0.0,0.0
2014-11-20 00:00:00+08:00,49.33333206176758,49.407405853271484,49.33333206176758,49.407405853271484,270,0.0,0.0
2014-11-21 00:00:00+08:00,48.59259033203125,49.6296272277832,48.296295166015625,49.6296272277832,5805,0.0,0.0
2014-11-24 00:00:00+08:00,49.85185241699219,49.85185241699219,48.88888931274414,49.03703689575195,4050,0.0,0.0
2014-11-25 00:00:00+08:00,48.88888931274414,49.48147964477539,48.88888931274414,49.48147964477539,675,0.0,0.0
2014-11-26 00:00:00+08:00,48.518516540527344,49.77777862548828,48.518516540527344,49.77777862548828,810,0.0,0.0
2014-11-27 00:00:00+08:00,48.88888931274414,52.44444274902344,48.666664123535156,50.074073791503906,9045,0.0,0.0
2014-11-28 00:00:00+08:00,49.925926208496094,50.74074172973633,49.6296272277832,50.518516540527344,2295,0.0,0.0
2014-12-01 00:00:00+08:00,49.185184478759766,51.85185241699219,48.88888931274414,51.11111068725586,7290,0.0,0.0
2014-12-02 00:00:00+08:00,51.703704833984375,51.703704833984375,51.703704833984375,51.703704833984375,7290,0.0,0.0
2014-12-03 00:00:00+08:00,51.703704833984375,51.703704833984375,51.703704833984375,51.703704833984375,7021,0.0,0.0
2014-12-04 00:00:00+08:00,51.925926208496094,51.925926208496094,51.925926208496094,51.925926208496094,44280,0.0,0.0
2014-12-05 00:00:00+08:00,51.11111068725586,52.14814758300781,50.666664123535156,51.85185241699219,28080,0.0,0.0
2014-12-08 00:00:00+08:00,51.77777862548828,51.77777862548828,50.44444274902344,50.44444274902344,810,0.0,0.0
2014-12-09 00:00:00+08:00,51.925926208496094,53.925926208496094,51.703704833984375,52.518516540527344,11745,0.0,0.0
2014-12-10 00:00:00+08:00,53.33333206176758,54.0,51.85185241699219,51.85185241699219,95985,0.0,0.0
2014-12-11 00:00:00+08:00,51.85185241699219,51.85185241699219,50.44444274902344,51.77777862548828,5265,0.0,0.0
2014-12-12 00:00:00+08:00,50.74074172973633,50.74074172973633,50.74074172973633,50.74074172973633,1620,0.0,0.0
2014-12-15 00:00:00+08:00,52.518516540527344,52.518516540527344,50.814815521240234,51.85185241699219,1350,0.0,0.0
2014-12-16 00:00:00+08:00,51.11111068725586,51.85185241699219,51.11111068725586,51.11111068725586,1620,0.0,0.0
2014-12-17 00:00:00+08:00,51.77777862548828,51.77777862548828,50.74074172973633,50.74074172973633,675,0.0,0.0
2014-12-18 00:00:00+08:00,52.22222137451172,52.22222137451172,49.77777862548828,51.77777862548828,1755,0.0,0.0
2014-12-19 00:00:00+08:00,50.0,51.48147964477539,49.03703689575195,51.33333206176758,7965,0.0,0.0
2014-12-22 00:00:00+08:00,51.11111068725586,51.11111068725586,51.11111068725586,51.11111068725586,135,0.0,0.0
2014-12-23 00:00:00+08:00,50.96296310424805,50.96296310424805,50.96296310424805,50.96296310424805,675,0.0,0.0
2014-12-24 00:00:00+08:00,49.03703689575195,50.814815521240234,49.03703689575195,50.44444274902344,2700,0.0,0.0
2014-12-25 00:00:00+08:00,49.48147964477539,49.6296272277832,47.85185241699219,47.85185241699219,8100,0.0,0.0
2014-12-26 00:00:00+08:00,47.85185241699219,48.74074172973633,47.85185241699219,48.74074172973633,5210,0.0,0.0
2014-12-29 00:00:00+08:00,49.77777862548828,50.0,49.77777862548828,50.0,2025,0.0,0.0
2014-12-30 00:00:00+08:00,48.88888931274414,49.25925827026367,48.88888931274414,48.88888931274414,2430,0.0,0.0
2014-12-31 00:00:00+08:00,48.296295166015625,48.88888931274414,47.5555534362793,47.77777862548828,6210,0.0,0.0
2015-01-05 00:00:00+08:00,47.77777862548828,47.85185241699219,47.5555534362793,47.5555534362793,5940,0.0,0.0
2015-01-06 00:00:00+08:00,46.666664123535156,46.666664123535156,44.44444274902344,44.44444274902344,13500,0.0,0.0
2015-01-07 00:00:00+08:00,41.6296272277832,45.5555534362793,41.6296272277832,45.5555534362793,7560,0.0,0.0
2015-01-08 00:00:00+08:00,45.6296272277832,45.77777862548828,45.6296272277832,45.77777862548828,1350,0.0,0.0
2015-01-09 00:00:00+08:00,45.925926208496094,45.925926208496094,45.925926208496094,45.925926208496094,810,0.0,0.0
2015-01-12 00:00:00+08:00,45.925926208496094,45.925926208496094,45.925926208496094,45.925926208496094,270,0.0,0.0
2015-01-13 00:00:00+08:00,45.925926208496094,45.925926208496094,45.925926208496094,45.925926208496094,1350,0.0,0.0
2015-01-14 00:00:00+08:00,46.666664123535156,46.666664123535156,46.666664123535156,46.666664123535156,135,0.0,0.0
2015-01-15 00:00:00+08:00,46.88888931274414,46.88888931274414,46.88888931274414,46.88888931274414,540,0.0,0.0
2015-01-16 00:00:00+08:00,46.88888931274414,47.03703689575195,46.88888931274414,46.88888931274414,1755,0.0,0.0
2015-01-19 00:00:00+08:00,46.88888931274414,46.88888931274414,46.88888931274414,46.88888931274414,0,0.0,0.0
2015-01-20 00:00:00+08:00,48.518516540527344,49.5555534362793,48.518516540527344,49.5555534362793,2835,0.0,0.0
2015-01-21 00:00:00+08:00,49.5555534362793,51.85185241699219,49.5555534362793,49.5555534362793,3915,0.0,0.0
2015-01-22 00:00:00+08:00,48.14814758300781,49.48147964477539,48.14814758300781,49.48147964477539,2970,0.0,0.0
2015-01-23 00:00:00+08:00,48.37036895751953,50.22222137451172,48.296295166015625,50.22222137451172,1485,0.0,0.0
2015-01-26 00:00:00+08:00,50.22222137451172,50.22222137451172,47.77777862548828,49.703704833984375,540,0.0,0.0
2015-01-27 00:00:00+08:00,46.96296310424805,46.96296310424805,46.96296310424805,46.96296310424805,135,0.0,0.0
2015-01-28 00:00:00+08:00,49.5555534362793,49.5555534362793,49.5555534362793,49.5555534362793,135,0.0,0.0
2015-01-29 00:00:00+08:00,46.74074172973633,50.14814758300781,46.518516540527344,49.25925827026367,2565,0.0,0.0
2015-01-30 00:00:00+08:00,48.814815521240234,48.814815521240234,48.814815521240234,48.814815521240234,0,0.0,0.0
2015-02-02 00:00:00+08:00,48.74074172973633,48.74074172973633,48.74074172973633,48.74074172973633,0,0.0,0.0
2015-02-03 00:00:00+08:00,48.14814758300781,48.14814758300781,48.14814758300781,48.14814758300781,0,0.0,0.0
2015-02-04 00:00:00+08:00,48.14814758300781,48.14814758300781,48.14814758300781,48.14814758300781,1620,0.0,0.0
2015-02-05 00:00:00+08:00,48.14814758300781,48.518516540527344,48.14814758300781,48.14814758300781,2565,0.0,0.0
2015-02-06 00:00:00+08:00,46.074073791503906,50.59259033203125,46.074073791503906,48.44444274902344,641,0.0,0.0
2015-02-09 00:00:00+08:00,45.925926208496094,49.03703689575195,45.925926208496094,49.03703689575195,540,0.0,0.0
2015-02-10 00:00:00+08:00,48.814815521240234,48.814815521240234,48.814815521240234,48.814815521240234,0,0.0,0.0
2015-02-11 00:00:00+08:00,48.44444274902344,48.59259033203125,46.88888931274414,48.59259033203125,2025,0.0,0.0
2015-02-12 00:00:00+08:00,48.59259033203125,48.59259033203125,48.59259033203125,48.59259033203125,135,0.0,0.0
2015-02-13 00:00:00+08:00,45.48147964477539,49.33333206176758,45.48147964477539,49.33333206176758,540,0.0,0.0
2015-02-24 00:00:00+08:00,46.37036895751953,50.0,46.37036895751953,49.85185241699219,1215,0.0,0.0
2015-02-25 00:00:00+08:00,47.11111068725586,49.85185241699219,47.11111068725586,49.85185241699219,1081,0.0,0.0
2015-02-26 00:00:00+08:00,47.11111068725586,49.407405853271484,47.11111068725586,49.407405853271484,405,0.0,0.0
2015-03-02 00:00:00+08:00,47.6296272277832,49.33333206176758,47.6296272277832,49.33333206176758,540,0.0,0.0
2015-03-03 00:00:00+08:00,47.925926208496094,49.48147964477539,47.77777862548828,47.77777862548828,1350,0.0,0.0
2015-03-04 00:00:00+08:00,49.185184478759766,49.185184478759766,47.77777862548828,48.666664123535156,1620,0.0,0.0
2015-03-05 00:00:00+08:00,48.14814758300781,48.814815521240234,47.11111068725586,48.74074172973633,1620,0.0,0.0
2015-03-06 00:00:00+08:00,48.44444274902344,48.44444274902344,48.44444274902344,48.44444274902344,0,0.0,0.0
2015-03-09 00:00:00+08:00,49.407405853271484,49.407405853271484,47.33333206176758,48.74074172973633,1080,0.0,0.0
2015-03-10 00:00:00+08:00,48.88888931274414,48.88888931274414,48.59259033203125,48.59259033203125,810,0.0,0.0
2015-03-11 00:00:00+08:00,46.0,48.37036895751953,46.0,47.925926208496094,8775,0.0,0.0
2015-03-12 00:00:00+08:00,49.25925827026367,49.25925827026367,49.25925827026367,49.25925827026367,135,0.0,0.0
2015-03-13 00:00:00+08:00,46.96296310424805,48.74074172973633,46.96296310424805,48.74074172973633,540,0.0,0.0
2015-03-16 00:00:00+08:00,48.74074172973633,48.74074172973633,48.74074172973633,48.74074172973633,0,0.0,0.0
2015-03-17 00:00:00+08:00,48.96296310424805,48.96296310424805,48.96296310424805,48.96296310424805,0,0.0,0.0
2015-03-18 00:00:00+08:00,49.185184478759766,49.185184478759766,47.48147964477539,48.74074172973633,35100,0.0,0.0
2015-03-19 00:00:00+08:00,48.74074172973633,48.74074172973633,48.74074172973633,48.74074172973633,540,0.0,0.0
2015-03-20 00:00:00+08:00,48.74074172973633,50.96296310424805,47.407405853271484,47.407405853271484,17010,0.0,0.0
2015-03-23 00:00:00+08:00,49.33333206176758,49.33333206176758,46.88888931274414,48.74074172973633,2835,0.0,0.0
2015-03-24 00:00:00+08:00,48.666664123535156,50.0,48.666664123535156,50.0,405,0.0,0.0
2015-03-25 00:00:00+08:00,49.6296272277832,50.0,49.48147964477539,49.925926208496094,17955,0.0,0.0
2015-03-26 00:00:00+08:00,49.85185241699219,49.925926208496094,48.22222137451172,49.6296272277832,2025,0.0,0.0
2015-03-27 00:00:00+08:00,49.925926208496094,49.925926208496094,48.14814758300781,49.185184478759766,1215,0.0,0.0
2015-03-30 00:00:00+08:00,49.6296272277832,50.88888931274414,49.6296272277832,49.925926208496094,810,0.0,0.0
2015-03-31 00:00:00+08:00,47.48147964477539,50.0,47.48147964477539,49.925926208496094,1620,0.0,0.0
2015-04-01 00:00:00+08:00,49.925926208496094,50.296295166015625,47.25925827026367,49.5555534362793,2430,0.0,0.0
2015-04-02 00:00:00+08:00,49.5555534362793,51.407405853271484,48.44444274902344,49.5555534362793,3379,0.0,0.0
2015-04-07 00:00:00+08:00,48.296295166015625,49.11111068725586,46.74074172973633,49.11111068725586,3512,0.0,0.0
2015-04-08 00:00:00+08:00,46.74074172973633,49.85185241699219,46.74074172973633,49.48147964477539,3510,0.0,0.0
2015-04-09 00:00:00+08:00,49.33333206176758,49.925926208496094,47.6296272277832,49.5555534362793,2025,0.0,0.0
2015-04-10 00:00:00+08:00,48.074073791503906,49.407405853271484,48.074073791503906,49.407405853271484,405,0.0,0.0
2015-04-13 00:00:00+08:00,47.11111068725586,49.77777862548828,47.11111068725586,49.77777862548828,405,0.0,0.0
2015-04-14 00:00:00+08:00,49.77777862548828,49.77777862548828,47.85185241699219,49.407405853271484,1215,0.0,0.0
2015-04-15 00:00:00+08:00,47.48147964477539,49.5555534362793,47.48147964477539,49.185184478759766,1485,0.0,0.0
2015-04-16 00:00:00+08:00,49.703704833984375,49.703704833984375,47.703704833984375,49.33333206176758,540,0.0,0.0
2015-04-17 00:00:00+08:00,49.925926208496094,49.925926208496094,47.33333206176758,49.5555534362793,540,0.0,0.0
2015-04-20 00:00:00+08:00,49.407405853271484,49.407405853271484,47.33333206176758,48.88888931274414,2565,0.0,0.0
2015-04-21 00:00:00+08:00,45.5555534362793,48.666664123535156,45.5555534362793,48.666664123535156,810,0.0,0.0
2015-04-22 00:00:00+08:00,48.814815521240234,48.814815521240234,46.296295166015625,48.666664123535156,7560,0.0,0.0
2015-04-23 00:00:00+08:00,50.22222137451172,50.22222137451172,50.22222137451172,50.22222137451172,135,0.0,0.0
2015-04-24 00:00:00+08:00,47.185184478759766,50.0,47.185184478759766,49.33333206176758,540,0.0,0.0
2015-04-27 00:00:00+08:00,50.22222137451172,50.22222137451172,47.407405853271484,49.33333206176758,2700,0.0,0.0
2015-04-28 00:00:00+08:00,48.88888931274414,48.88888931274414,48.14814758300781,48.296295166015625,2295,0.0,0.0
2015-04-29 00:00:00+08:00,50.14814758300781,50.14814758300781,46.74074172973633,48.22222137451172,3510,0.0,0.0
2015-04-30 00:00:00+08:00,49.85185241699219,50.296295166015625,47.407405853271484,48.44444274902344,10125,0.0,0.0
2015-05-04 00:00:00+08:00,49.5555534362793,49.5555534362793,48.518516540527344,48.518516540527344,810,0.0,0.0
2015-05-05 00:00:00+08:00,49.11111068725586,49.11111068725586,49.03703689575195,49.11111068725586,1215,0.0,0.0
2015-05-06 00:00:00+08:00,47.85185241699219,48.814815521240234,47.85185241699219,48.814815521240234,3375,0.0,0.0
2015-05-07 00:00:00+08:00,49.48147964477539,49.48147964477539,47.85185241699219,48.74074172973633,7560,0.0,0.0
2015-05-08 00:00:00+08:00,48.74074172973633,49.185184478759766,48.14814758300781,48.74074172973633,2970,0.0,0.0
2015-05-11 00:00:00+08:00,48.88888931274414,49.407405853271484,47.77777862548828,48.88888931274414,1080,0.0,0.0
2015-05-12 00:00:00+08:00,48.14814758300781,49.11111068725586,47.85185241699219,48.814815521240234,2970,0.0,0.0
2015-05-13 00:00:00+08:00,48.14814758300781,48.74074172973633,47.77777862548828,48.74074172973633,6750,0.0,0.0
2015-05-14 00:00:00+08:00,48.88888931274414,48.88888931274414,47.85185241699219,48.74074172973633,405,0.0,0.0
2015-05-15 00:00:00+08:00,49.185184478759766,49.185184478759766,46.666664123535156,48.666664123535156,5130,0.0,0.0
2015-05-18 00:00:00+08:00,49.33333206176758,49.33333206176758,49.03703689575195,49.03703689575195,1215,0.0,0.0
2015-05-19 00:00:00+08:00,48.14814758300781,48.74074172973633,47.77777862548828,48.59259033203125,2025,0.0,0.0
2015-05-20 00:00:00+08:00,48.96296310424805,48.96296310424805,46.666664123535156,48.74074172973633,2025,0.0,0.0
2015-05-21 00:00:00+08:00,46.14814758300781,48.74074172973633,46.14814758300781,48.518516540527344,12960,0.0,0.0
2015-05-22 00:00:00+08:00,49.6296272277832,50.296295166015625,46.74074172973633,48.518516540527344,5670,0.0,0.0
2015-05-25 00:00:00+08:00,49.185184478759766,49.185184478759766,46.814815521240234,48.74074172973633,675,0.0,0.0
2015-05-26 00:00:00+08:00,47.77777862548828,48.814815521240234,47.407405853271484,48.814815521240234,1620,0.0,0.0
2015-05-27 00:00:00+08:00,50.296295166015625,50.296295166015625,47.03703689575195,48.74074172973633,3915,0.0,0.0
2015-05-28 00:00:00+08:00,49.5555534362793,49.5555534362793,46.666664123535156,48.37036895751953,5130,0.0,0.0
2015-05-29 00:00:00+08:00,50.14814758300781,50.14814758300781,47.185184478759766,49.48147964477539,2295,0.0,0.0
2015-06-01 00:00:00+08:00,49.33333206176758,50.296295166015625,49.185184478759766,49.185184478759766,1350,0.0,0.0
2015-06-02 00:00:00+08:00,48.14814758300781,49.6296272277832,48.14814758300781,49.5555534362793,405,0.0,0.0
2015-06-03 00:00:00+08:00,49.5555534362793,50.0,44.666664123535156,48.074073791503906,4995,0.0,0.0
2015-06-04 00:00:00+08:00,47.25925827026367,48.814815521240234,46.296295166015625,48.296295166015625,1485,0.0,0.0
2015-06-05 00:00:00+08:00,48.296295166015625,49.77777862548828,46.814815521240234,48.59259033203125,1620,0.0,0.0
2015-06-08 00:00:00+08:00,46.0,48.44444274902344,46.0,48.44444274902344,1620,0.0,0.0
2015-06-09 00:00:00+08:00,48.814815521240234,48.814815521240234,45.185184478759766,47.925926208496094,9585,0.0,0.0
2015-06-10 00:00:00+08:00,48.074073791503906,48.666664123535156,46.0,47.33333206176758,1755,0.0,0.0
2015-06-11 00:00:00+08:00,48.666664123535156,48.666664123535156,46.14814758300781,47.33333206176758,1215,0.0,0.0
2015-06-12 00:00:00+08:00,45.925926208496094,46.59259033203125,45.925926208496094,46.59259033203125,675,0.0,0.0
2015-06-15 00:00:00+08:00,45.925926208496094,47.33333206176758,45.925926208496094,47.33333206176758,4185,0.0,0.0
2015-06-16 00:00:00+08:00,45.6296272277832,46.44444274902344,45.5555534362793,46.44444274902344,405,0.0,0.0
2015-06-17 00:00:00+08:00,46.44444274902344,46.44444274902344,46.44444274902344,46.44444274902344,0,0.0,0.0
2015-06-18 00:00:00+08:00,47.33333206176758,50.14814758300781,47.33333206176758,48.14814758300781,540,0.0,0.0
2015-06-22 00:00:00+08:00,45.5555534362793,47.925926208496094,45.185184478759766,47.925926208496094,2025,0.0,0.0
2015-06-23 00:00:00+08:00,45.5555534362793,47.85185241699219,45.5555534362793,47.85185241699219,540,0.0,0.0
2015-06-24 00:00:00+08:00,47.5555534362793,47.5555534362793,47.5555534362793,47.5555534362793,0,0.0,0.0
2015-06-25 00:00:00+08:00,44.88888931274414,47.6296272277832,44.814815521240234,47.11111068725586,4455,0.0,0.0
2015-06-26 00:00:00+08:00,47.03703689575195,47.03703689575195,47.03703689575195,47.03703689575195,0,0.0,0.0
2015-06-29 00:00:00+08:00,48.518516540527344,48.518516540527344,48.518516540527344,48.518516540527344,135,0.0,0.0
2015-06-30 00:00:00+08:00,47.77777862548828,47.77777862548828,47.77777862548828,47.77777862548828,0,0.0,0.0
2015-07-01 00:00:00+08:00,47.6296272277832,47.6296272277832,47.6296272277832,47.6296272277832,135,0.0,0.0
2015-07-02 00:00:00+08:00,47.6296272277832,47.6296272277832,47.6296272277832,47.6296272277832,0,0.0,0.0
2015-07-03 00:00:00+08:00,49.11111068725586,50.666664123535156,48.88888931274414,48.88888931274414,405,0.0,0.0
2015-07-06 00:00:00+08:00,48.814815521240234,48.814815521240234,48.814815521240234,48.814815521240234,135,0.0,0.0
2015-07-07 00:00:00+08:00,48.37036895751953,51.48147964477539,48.14814758300781,49.925926208496094,9180,0.0,0.0
2015-07-08 00:00:00+08:00,50.666664123535156,53.77777862548828,48.88888931274414,50.518516540527344,3915,0.0,0.0
2015-07-09 00:00:00+08:00,50.518516540527344,50.518516540527344,50.37036895751953,50.37036895751953,1620,0.0,0.0
2015-07-10 00:00:00+08:00,50.37036895751953,50.37036895751953,50.37036895751953,50.37036895751953,0,0.0,0.0
2015-07-13 00:00:00+08:00,50.296295166015625,50.296295166015625,50.296295166015625,50.296295166015625,135,0.0,0.0
2015-07-14 00:00:00+08:00,50.296295166015625,50.296295166015625,50.296295166015625,50.296295166015625,0,0.0,0.0
2015-07-15 00:00:00+08:00,50.74074172973633,50.74074172973633,50.74074172973633,50.74074172973633,135,0.0,0.0
2015-07-16 00:00:00+08:00,49.925926208496094,49.925926208496094,49.925926208496094,49.925926208496094,405,0.0,0.0
2015-07-17 00:00:00+08:00,49.6296272277832,49.6296272277832,46.814815521240234,48.74074172973633,2160,0.0,0.0
2015-07-20 00:00:00+08:00,48.74074172973633,48.74074172973633,45.33333206176758,47.11111068725586,3915,0.0,0.0
2015-07-21 00:00:00+08:00,47.11111068725586,49.33333206176758,44.074073791503906,45.6296272277832,4063,0.0,0.0
2015-07-22 00:00:00+08:00,45.33333206176758,46.37036895751953,42.666664123535156,44.44444274902344,2430,0.0,0.0
2015-07-23 00:00:00+08:00,44.44444274902344,45.925926208496094,42.96296310424805,44.44444274902344,2565,0.0,0.0
2015-07-24 00:00:00+08:00,45.85185241699219,45.925926208496094,42.88888931274414,45.03703689575195,2295,0.0,0.0
2015-07-27 00:00:00+08:00,44.59259033203125,45.48147964477539,43.85185241699219,45.185184478759766,1485,0.0,0.0
2015-07-28 00:00:00+08:00,44.44444274902344,45.11111068725586,42.814815521240234,44.0,2160,0.0,0.0
2015-07-29 00:00:00+08:00,44.14814758300781,44.666664123535156,43.407405853271484,44.37036895751953,1651,0.0,0.0
2015-07-30 00:00:00+08:00,46.518516540527344,46.518516540527344,44.37036895751953,45.5555534362793,1485,0.0,0.0
2015-07-31 00:00:00+08:00,45.5555534362793,45.5555534362793,44.44444274902344,45.48147964477539,675,0.0,0.0
2015-08-03 00:00:00+08:00,44.814815521240234,45.33333206176758,44.44444274902344,44.59259033203125,3780,0.0,0.0
2015-08-04 00:00:00+08:00,44.59259033203125,47.33333206176758,44.59259033203125,45.48147964477539,1898,0.0,0.0
2015-08-05 00:00:00+08:00,45.185184478759766,45.33333206176758,44.074073791503906,45.25925827026367,3105,0.0,0.0
2015-08-06 00:00:00+08:00,44.814815521240234,45.11111068725586,44.074073791503906,44.814815521240234,2160,0.0,0.0
2015-08-07 00:00:00+08:00,48.74074172973633,48.74074172973633,44.814815521240234,45.85185241699219,540,0.0,0.0
2015-08-10 00:00:00+08:00,43.03703689575195,45.703704833984375,43.03703689575195,45.5555534362793,1080,0.0,0.0
2015-08-11 00:00:00+08:00,46.88888931274414,46.96296310424805,44.814815521240234,45.185184478759766,2295,0.0,0.0
2015-08-12 00:00:00+08:00,45.03703689575195,45.03703689575195,43.185184478759766,44.44444274902344,3105,0.0,0.0
2015-08-13 00:00:00+08:00,45.85185241699219,47.25925827026367,42.22222137451172,43.185184478759766,10395,0.0,0.0
2015-08-14 00:00:00+08:00,44.518516540527344,46.0,43.25925827026367,44.74074172973633,3541,0.0,0.0
2015-08-17 00:00:00+08:00,44.74074172973633,47.77777862548828,43.407405853271484,47.77777862548828,810,0.0,0.0
2015-08-18 00:00:00+08:00,43.77777862548828,46.96296310424805,43.407405853271484,46.96296310424805,2025,0.0,0.0
2015-08-19 00:00:00+08:00,43.85185241699219,45.11111068725586,43.11111068725586,44.59259033203125,2025,0.0,0.0
2015-08-20 00:00:00+08:00,44.59259033203125,44.59259033203125,44.59259033203125,44.59259033203125,0,0.0,0.0
2015-08-21 00:00:00+08:00,43.11111068725586,44.296295166015625,42.666664123535156,43.33333206176758,5940,0.0,0.0
2015-08-24 00:00:00+08:00,42.296295166015625,45.185184478759766,41.48147964477539,42.814815521240234,4050,0.0,0.0
2015-08-25 00:00:00+08:00,40.74074172973633,42.666664123535156,38.88888931274414,42.074073791503906,5535,0.0,0.0
2015-08-26 00:00:00+08:00,42.0,44.37036895751953,40.74074172973633,42.0,945,0.0,0.0
2015-08-27 00:00:00+08:00,44.44444274902344,44.44444274902344,41.925926208496094,41.925926208496094,945,0.0,0.0
2015-08-28 00:00:00+08:00,41.925926208496094,41.925926208496094,41.925926208496094,41.925926208496094,0,0.0,0.0
2015-08-31 00:00:00+08:00,41.925926208496094,43.11111068725586,41.925926208496094,43.11111068725586,1620,0.0,0.0
2015-09-01 00:00:00+08:00,45.925926208496094,45.925926208496094,45.925926208496094,45.925926208496094,135,0.0,0.0
2015-09-02 00:00:00+08:00,41.48147964477539,45.03703689575195,41.48147964477539,45.03703689575195,1755,0.0,0.0
2015-09-03 00:00:00+08:00,45.03703689575195,45.03703689575195,45.03703689575195,45.03703689575195,0,0.0,0.0
2015-09-04 00:00:00+08:00,45.85185241699219,45.85185241699219,40.518516540527344,43.925926208496094,4995,0.0,0.0
2015-09-07 00:00:00+08:00,45.85185241699219,45.85185241699219,45.85185241699219,45.85185241699219,135,0.0,0.0
2015-09-08 00:00:00+08:00,41.48147964477539,45.185184478759766,41.48147964477539,45.185184478759766,405,0.0,0.0
2015-09-09 00:00:00+08:00,45.185184478759766,45.185184478759766,45.185184478759766,45.185184478759766,405,0.0,0.0
2015-09-10 00:00:00+08:00,44.59259033203125,44.59259033203125,44.59259033203125,44.59259033203125,135,0.0,0.0
2015-09-11 00:00:00+08:00,41.185184478759766,44.0,40.74074172973633,44.0,1755,0.0,0.0
2015-09-14 00:00:00+08:00,44.0,44.0,44.0,44.0,135,0.0,0.0
2015-09-15 00:00:00+08:00,42.96296310424805,42.96296310424805,42.96296310424805,42.96296310424805,135,0.0,0.0
2015-09-16 00:00:00+08:00,42.22222137451172,42.96296310424805,39.5555534362793,42.074073791503906,2025,0.0,0.0
2015-09-17 00:00:00+08:00,40.74074172973633,42.59259033203125,39.703704833984375,42.074073791503906,7830,0.0,0.0
2015-09-18 00:00:00+08:00,40.074073791503906,41.48147964477539,40.0,40.74074172973633,9315,0.0,0.0
2015-09-21 00:00:00+08:00,40.74074172973633,40.74074172973633,40.74074172973633,40.74074172973633,405,0.0,0.0
2015-09-22 00:00:00+08:00,40.74074172973633,40.74074172973633,40.74074172973633,40.74074172973633,407,0.0,0.0
2015-09-23 00:00:00+08:00,40.74074172973633,40.74074172973633,40.74074172973633,40.74074172973633,0,0.0,0.0
2015-09-24 00:00:00+08:00,44.37036895751953,44.37036895751953,44.37036895751953,44.37036895751953,135,0.0,0.0
2015-09-25 00:00:00+08:00,44.37036895751953,44.37036895751953,44.37036895751953,44.37036895751953,0,0.0,0.0
2015-09-29 00:00:00+08:00,44.37036895751953,44.37036895751953,44.37036895751953,44.37036895751953,0,0.0,0.0
2015-09-30 00:00:00+08:00,42.22222137451172,45.407405853271484,42.22222137451172,45.407405853271484,270,0.0,0.0
2015-10-01 00:00:00+08:00,43.703704833984375,45.03703689575195,43.703704833984375,44.814815521240234,1350,0.0,0.0
2015-10-02 00:00:00+08:00,44.814815521240234,44.814815521240234,44.814815521240234,44.814815521240234,0,0.0,0.0
2015-10-05 00:00:00+08:00,42.22222137451172,45.77777862548828,42.22222137451172,45.77777862548828,1755,0.0,0.0
2015-10-06 00:00:00+08:00,43.48147964477539,44.59259033203125,43.03703689575195,43.03703689575195,4590,0.0,0.0
2015-10-07 00:00:00+08:00,41.77777862548828,44.37036895751953,41.77777862548828,44.296295166015625,5940,0.0,0.0
2015-10-08 00:00:00+08:00,42.44444274902344,42.44444274902344,42.44444274902344,42.44444274902344,135,0.0,0.0
2015-10-12 00:00:00+08:00,42.22222137451172,45.11111068725586,41.407405853271484,44.88888931274414,4725,0.0,0.0
2015-10-13 00:00:00+08:00,44.88888931274414,44.88888931274414,42.88888931274414,44.59259033203125,3645,0.0,0.0
2015-10-14 00:00:00+08:00,43.703704833984375,43.703704833984375,42.22222137451172,43.48147964477539,3375,0.0,0.0
2015-10-15 00:00:00+08:00,42.96296310424805,44.37036895751953,42.96296310424805,43.925926208496094,2835,0.0,0.0
2015-10-16 00:00:00+08:00,42.96296310424805,44.37036895751953,42.96296310424805,43.407405853271484,4185,0.0,0.0
2015-10-19 00:00:00+08:00,43.703704833984375,44.814815521240234,43.407405853271484,43.407405853271484,5130,0.0,0.0
2015-10-20 00:00:00+08:00,44.296295166015625,44.296295166015625,42.96296310424805,43.85185241699219,2970,0.0,0.0
2015-10-21 00:00:00+08:00,42.96296310424805,43.925926208496094,42.96296310424805,43.925926208496094,2700,0.0,0.0
2015-10-22 00:00:00+08:00,42.96296310424805,44.37036895751953,42.96296310424805,44.37036895751953,2430,0.0,0.0
2015-10-23 00:00:00+08:00,44.37036895751953,46.518516540527344,44.37036895751953,44.88888931274414,9450,0.0,0.0
2015-10-26 00:00:00+08:00,44.44444274902344,44.44444274902344,41.85185241699219,43.33333206176758,3375,0.0,0.0
2015-10-27 00:00:00+08:00,41.6296272277832,42.814815521240234,40.74074172973633,41.925926208496094,8370,0.0,0.0
2015-10-28 00:00:00+08:00,40.74074172973633,44.37036895751953,40.74074172973633,42.814815521240234,3510,0.0,0.0
2015-10-29 00:00:00+08:00,41.48147964477539,42.96296310424805,41.48147964477539,42.96296310424805,3645,0.0,0.0
2015-10-30 00:00:00+08:00,41.48147964477539,41.48147964477539,41.48147964477539,41.48147964477539,1627,0.0,0.0
2015-11-02 00:00:00+08:00,40.74074172973633,41.48147964477539,40.74074172973633,41.48147964477539,4050,0.0,0.0
2015-11-03 00:00:00+08:00,40.74074172973633,41.03703689575195,40.74074172973633,40.74074172973633,2430,0.0,0.0
2015-11-04 00:00:00+08:00,40.74074172973633,41.48147964477539,40.74074172973633,40.74074172973633,4995,0.0,0.0
2015-11-05 00:00:00+08:00,40.74074172973633,40.88888931274414,40.74074172973633,40.74074172973633,6750,0.0,0.0
2015-11-06 00:00:00+08:00,40.0,42.14814758300781,40.0,41.185184478759766,3266,0.0,0.0
2015-11-09 00:00:00+08:00,42.14814758300781,42.14814758300781,40.74074172973633,40.74074172973633,2835,0.0,0.0
2015-11-10 00:00:00+08:00,40.0,40.74074172973633,40.0,40.0,10260,0.0,0.0
2015-11-11 00:00:00+08:00,39.25925827026367,39.25925827026367,39.25925827026367,39.25925827026367,13635,0.0,0.0
2015-11-12 00:00:00+08:00,39.25925827026367,39.25925827026367,39.25925827026367,39.25925827026367,3646,0.0,0.0
2015-11-13 00:00:00+08:00,38.518516540527344,38.518516540527344,37.77777862548828,38.518516540527344,8235,0.0,0.0
2015-11-16 00:00:00+08:00,37.77777862548828,37.77777862548828,36.96296310424805,36.96296310424805,3240,0.0,0.0
2015-11-17 00:00:00+08:00,37.03703689575195,37.03703689575195,37.03703689575195,37.03703689575195,5535,0.0,0.0
2015-11-18 00:00:00+08:00,37.03703689575195,37.77777862548828,37.03703689575195,37.03703689575195,21465,0.0,0.0
2015-11-19 00:00:00+08:00,37.03703689575195,37.03703689575195,37.03703689575195,37.03703689575195,1755,0.0,0.0
2015-11-20 00:00:00+08:00,37.03703689575195,37.03703689575195,36.96296310424805,37.03703689575195,2295,0.0,0.0
2015-11-23 00:00:00+08:00,34.814815521240234,37.03703689575195,34.814815521240234,37.03703689575195,270,0.0,0.0
2015-11-24 00:00:00+08:00,37.03703689575195,38.518516540527344,37.03703689575195,37.03703689575195,6075,0.0,0.0
2015-11-25 00:00:00+08:00,37.03703689575195,37.03703689575195,37.03703689575195,37.03703689575195,2295,0.0,0.0
2015-11-26 00:00:00+08:00,37.03703689575195,37.03703689575195,37.03703689575195,37.03703689575195,2025,0.0,0.0
2015-11-27 00:00:00+08:00,37.03703689575195,37.03703689575195,37.03703689575195,37.03703689575195,2025,0.0,0.0
2015-11-30 00:00:00+08:00,37.03703689575195,37.03703689575195,37.03703689575195,37.03703689575195,0,0.0,0.0
2015-12-01 00:00:00+08:00,37.03703689575195,37.03703689575195,37.03703689575195,37.03703689575195,675,0.0,0.0
2015-12-02 00:00:00+08:00,35.5555534362793,37.03703689575195,35.5555534362793,37.03703689575195,6480,0.0,0.0
2015-12-03 00:00:00+08:00,35.925926208496094,35.925926208496094,35.5555534362793,35.6296272277832,37365,0.0,0.0
2015-12-04 00:00:00+08:00,35.703704833984375,35.703704833984375,35.5555534362793,35.6296272277832,5535,0.0,0.0
2015-12-07 00:00:00+08:00,35.5555534362793,35.5555534362793,35.48147964477539,35.5555534362793,8100,0.0,0.0
2015-12-08 00:00:00+08:00,33.77777862548828,35.703704833984375,33.77777862548828,35.6296272277832,15120,0.0,0.0
2015-12-09 00:00:00+08:00,33.5555534362793,35.48147964477539,33.5555534362793,35.48147964477539,14040,0.0,0.0
2015-12-10 00:00:00+08:00,35.48147964477539,35.48147964477539,35.48147964477539,35.48147964477539,0,0.0,0.0
2015-12-11 00:00:00+08:00,33.5555534362793,33.5555534362793,33.5555534362793,33.5555534362793,271,0.0,0.0
2015-12-14 00:00:00+08:00,36.74074172973633,36.74074172973633,35.5555534362793,35.5555534362793,405,0.0,0.0
2015-12-15 00:00:00+08:00,35.5555534362793,35.5555534362793,35.5555534362793,35.5555534362793,0,0.0,0.0
2015-12-16 00:00:00+08:00,33.33333206176758,34.814815521240234,33.33333206176758,34.814815521240234,3241,0.0,0.0
2015-12-17 00:00:00+08:00,33.33333206176758,34.74074172973633,33.33333206176758,34.74074172973633,541,0.0,0.0
2015-12-18 00:00:00+08:00,34.74074172973633,34.74074172973633,34.74074172973633,34.74074172973633,0,0.0,0.0
2015-12-21 00:00:00+08:00,33.33333206176758,35.11111068725586,33.33333206176758,35.11111068725586,4995,0.0,0.0
2015-12-22 00:00:00+08:00,32.59259033203125,34.518516540527344,32.59259033203125,33.03703689575195,13095,0.0,0.0
2015-12-23 00:00:00+08:00,31.185184478759766,35.407405853271484,31.185184478759766,34.814815521240234,23355,0.0,0.0
2015-12-24 00:00:00+08:00,36.14814758300781,36.14814758300781,34.22222137451172,35.5555534362793,2835,0.0,0.0
2015-12-25 00:00:00+08:00,36.074073791503906,36.296295166015625,36.074073791503906,36.296295166015625,2430,0.0,0.0
2015-12-28 00:00:00+08:00,36.296295166015625,36.296295166015625,36.296295166015625,36.296295166015625,676,0.0,0.0
2015-12-29 00:00:00+08:00,36.96296310424805,36.96296310424805,36.96296310424805,36.96296310424805,406,0.0,0.0
2015-12-30 00:00:00+08:00,36.96296310424805,36.96296310424805,36.96296310424805,36.96296310424805,0,0.0,0.0
2015-12-31 00:00:00+08:00,34.518516540527344,36.814815521240234,33.77777862548828,36.814815521240234,4455,0.0,0.0
2016-01-04 00:00:00+08:00,36.296295166015625,36.296295166015625,34.814815521240234,36.0,1755,0.0,0.0
2016-01-05 00:00:00+08:00,35.5555534362793,35.5555534362793,34.074073791503906,35.11111068725586,7560,0.0,0.0
2016-01-06 00:00:00+08:00,35.11111068725586,35.11111068725586,35.11111068725586,35.11111068725586,0,0.0,0.0
2016-01-07 00:00:00+08:00,35.11111068725586,35.11111068725586,35.11111068725586,35.11111068725586,0,0.0,0.0
2016-01-08 00:00:00+08:00,34.44444274902344,34.518516540527344,33.33333206176758,33.33333206176758,3646,0.0,0.0
2016-01-11 00:00:00+08:00,33.33333206176758,33.33333206176758,33.33333206176758,33.33333206176758,3240,0.0,0.0
2016-01-12 00:00:00+08:00,33.33333206176758,33.33333206176758,33.33333206176758,33.33333206176758,675,0.0,0.0
2016-01-13 00:00:00+08:00,33.33333206176758,33.33333206176758,33.33333206176758,33.33333206176758,135,0.0,0.0
2016-01-14 00:00:00+08:00,33.33333206176758,33.33333206176758,33.33333206176758,33.33333206176758,0,0.0,0.0
2016-01-15 00:00:00+08:00,33.33333206176758,33.33333206176758,32.59259033203125,33.33333206176758,3240,0.0,0.0
2016-01-18 00:00:00+08:00,36.22222137451172,36.22222137451172,33.25925827026367,33.25925827026367,2566,0.0,0.0
2016-01-19 00:00:00+08:00,36.14814758300781,36.14814758300781,34.814815521240234,34.814815521240234,2160,0.0,0.0
2016-01-20 00:00:00+08:00,32.59259033203125,32.59259033203125,32.59259033203125,32.59259033203125,540,0.0,0.0
2016-01-21 00:00:00+08:00,34.666664123535156,34.666664123535156,33.33333206176758,33.33333206176758,4050,0.0,0.0
2016-01-22 00:00:00+08:00,31.481481552124023,33.33333206176758,31.481481552124023,33.33333206176758,270,0.0,0.0
2016-01-25 00:00:00+08:00,32.59259033203125,34.0,32.59259033203125,34.0,675,0.0,0.0
2016-01-26 00:00:00+08:00,32.22222137451172,32.22222137451172,32.22222137451172,32.22222137451172,135,0.0,0.0
2016-01-27 00:00:00+08:00,33.48147964477539,33.48147964477539,33.48147964477539,33.48147964477539,135,0.0,0.0
2016-01-28 00:00:00+08:00,34.44444274902344,34.814815521240234,34.44444274902344,34.814815521240234,1890,0.0,0.0
2016-01-29 00:00:00+08:00,38.296295166015625,38.296295166015625,36.96296310424805,36.96296310424805,2298,0.0,0.0
2016-02-01 00:00:00+08:00,40.37036895751953,40.37036895751953,34.296295166015625,36.14814758300781,3645,0.0,0.0
2016-02-02 00:00:00+08:00,32.814815521240234,37.03703689575195,32.814815521240234,36.22222137451172,1755,0.0,0.0
2016-02-03 00:00:00+08:00,36.96296310424805,36.96296310424805,35.5555534362793,36.296295166015625,7965,0.0,0.0
2016-02-15 00:00:00+08:00,36.296295166015625,36.296295166015625,36.296295166015625,36.296295166015625,0,0.0,0.0
2016-02-16 00:00:00+08:00,36.296295166015625,36.296295166015625,36.296295166015625,36.296295166015625,0,0.0,0.0
2016-02-17 00:00:00+08:00,34.814815521240234,34.814815521240234,33.33333206176758,34.814815521240234,4190,0.0,0.0
2016-02-18 00:00:00+08:00,34.814815521240234,35.925926208496094,33.33333206176758,35.925926208496094,5536,0.0,0.0
2016-02-19 00:00:00+08:00,34.814815521240234,35.925926208496094,34.074073791503906,35.925926208496094,3240,0.0,0.0
2016-02-22 00:00:00+08:00,33.77777862548828,36.296295166015625,33.33333206176758,33.33333206176758,11205,0.0,0.0
2016-02-23 00:00:00+08:00,36.666664123535156,36.666664123535156,33.5555534362793,34.814815521240234,2430,0.0,0.0
2016-02-24 00:00:00+08:00,36.074073791503906,36.074073791503906,35.5555534362793,35.5555534362793,4637,0.0,0.0
2016-02-25 00:00:00+08:00,38.44444274902344,38.44444274902344,36.59259033203125,36.59259033203125,810,0.0,0.0
2016-02-26 00:00:00+08:00,37.6296272277832,37.6296272277832,37.48147964477539,37.48147964477539,810,0.0,0.0
2016-03-01 00:00:00+08:00,36.666664123535156,36.666664123535156,34.814815521240234,36.59259033203125,1215,0.0,0.0
2016-03-02 00:00:00+08:00,36.59259033203125,36.59259033203125,33.03703689575195,35.25925827026367,11745,0.0,0.0
2016-03-03 00:00:00+08:00,36.22222137451172,36.22222137451172,34.814815521240234,35.48147964477539,7695,0.0,0.0
2016-03-04 00:00:00+08:00,34.814815521240234,36.14814758300781,34.074073791503906,34.814815521240234,8100,0.0,0.0
2016-03-07 00:00:00+08:00,31.629629135131836,34.814815521240234,31.629629135131836,34.814815521240234,12420,0.0,0.0
2016-03-08 00:00:00+08:00,37.6296272277832,37.6296272277832,34.14814758300781,34.14814758300781,1755,0.0,0.0
2016-03-09 00:00:00+08:00,37.407405853271484,37.407405853271484,34.59259033203125,36.518516540527344,4455,0.0,0.0
2016-03-10 00:00:00+08:00,35.5555534362793,36.14814758300781,35.5555534362793,36.14814758300781,4320,0.0,0.0
2016-03-11 00:00:00+08:00,37.03703689575195,37.03703689575195,35.48147964477539,35.48147964477539,2565,0.0,0.0
2016-03-14 00:00:00+08:00,35.407405853271484,35.407405853271484,35.33333206176758,35.407405853271484,4050,0.0,0.0
2016-03-15 00:00:00+08:00,33.48147964477539,35.703704833984375,33.48147964477539,35.11111068725586,5405,0.0,0.0
2016-03-16 00:00:00+08:00,34.074073791503906,36.0,34.074073791503906,34.814815521240234,6345,0.0,0.0
2016-03-17 00:00:00+08:00,34.59259033203125,35.5555534362793,34.59259033203125,35.407405853271484,5940,0.0,0.0
2016-03-18 00:00:00+08:00,34.88888931274414,36.666664123535156,34.59259033203125,35.5555534362793,5400,0.0,0.0
2016-03-21 00:00:00+08:00,39.11111068725586,39.11111068725586,34.22222137451172,34.88888931274414,10800,0.0,0.0
2016-03-22 00:00:00+08:00,35.03703689575195,35.03703689575195,33.703704833984375,34.88888931274414,1620,0.0,0.0
2016-03-23 00:00:00+08:00,34.814815521240234,36.37036895751953,34.14814758300781,34.74074172973633,7560,0.0,0.0
2016-03-24 00:00:00+08:00,34.074073791503906,36.44444274902344,34.074073791503906,34.14814758300781,4050,0.0,0.0
2016-03-25 00:00:00+08:00,34.074073791503906,35.25925827026367,34.074073791503906,34.074073791503906,2700,0.0,0.0
2016-03-28 00:00:00+08:00,34.074073791503906,35.185184478759766,33.77777862548828,34.074073791503906,12150,0.0,0.0
2016-03-29 00:00:00+08:00,33.77777862548828,34.44444274902344,32.59259033203125,34.44444274902344,18765,0.0,0.0
2016-03-30 00:00:00+08:00,33.33333206176758,34.44444274902344,32.88888931274414,32.88888931274414,13770,0.0,0.0
2016-03-31 00:00:00+08:00,32.88888931274414,34.22222137451172,32.88888931274414,34.22222137451172,1620,0.0,0.0
2016-04-01 00:00:00+08:00,33.33333206176758,34.074073791503906,33.33333206176758,33.33333206176758,7830,0.0,0.0
2016-04-06 00:00:00+08:00,32.814815521240234,33.925926208496094,32.814815521240234,32.814815521240234,7830,0.0,0.0
2016-04-07 00:00:00+08:00,32.814815521240234,34.0,32.59259033203125,32.59259033203125,5670,0.0,0.0
2016-04-08 00:00:00+08:00,32.666664123535156,32.88888931274414,30.8148136138916,32.88888931274414,11745,0.0,0.0
2016-04-11 00:00:00+08:00,32.88888931274414,34.814815521240234,32.88888931274414,34.296295166015625,19035,0.0,0.0
2016-04-12 00:00:00+08:00,34.074073791503906,34.96296310424805,34.074073791503906,34.96296310424805,19710,0.0,0.0
2016-04-13 00:00:00+08:00,34.96296310424805,34.96296310424805,34.074073791503906,34.074073791503906,10260,0.0,0.0
2016-04-14 00:00:00+08:00,35.33333206176758,35.33333206176758,34.074073791503906,34.074073791503906,17010,0.0,0.0
2016-04-15 00:00:00+08:00,34.074073791503906,35.6296272277832,33.77777862548828,34.666664123535156,19001,0.0,0.0
2016-04-18 00:00:00+08:00,34.074073791503906,35.407405853271484,34.074073791503906,34.666664123535156,16740,0.0,0.0
2016-04-19 00:00:00+08:00,34.14814758300781,36.296295166015625,34.14814758300781,35.925926208496094,31185,0.0,0.0
2016-04-20 00:00:00+08:00,34.814815521240234,34.814815521240234,34.22222137451172,34.22222137451172,3510,0.0,0.0
2016-04-21 00:00:00+08:00,34.22222137451172,34.74074172973633,33.703704833984375,34.074073791503906,8640,0.0,0.0
2016-04-22 00:00:00+08:00,35.11111068725586,35.11111068725586,35.11111068725586,35.11111068725586,161,0.0,0.0
2016-04-25 00:00:00+08:00,38.59259033203125,38.59259033203125,34.14814758300781,35.48147964477539,1215,0.0,0.0
2016-04-26 00:00:00+08:00,34.074073791503906,34.96296310424805,34.074073791503906,34.96296310424805,945,0.0,0.0
2016-04-27 00:00:00+08:00,36.88888931274414,36.88888931274414,36.88888931274414,36.88888931274414,135,0.0,0.0
2016-04-28 00:00:00+08:00,36.88888931274414,36.88888931274414,36.0,36.0,4590,0.0,0.0
2016-04-29 00:00:00+08:00,34.814815521240234,34.814815521240234,34.814815521240234,34.814815521240234,135,0.0,0.0
2016-05-03 00:00:00+08:00,34.074073791503906,34.074073791503906,34.074073791503906,34.074073791503906,270,0.0,0.0
2016-05-04 00:00:00+08:00,34.074073791503906,34.74074172973633,32.666664123535156,34.074073791503906,5130,0.0,0.0
2016-05-05 00:00:00+08:00,34.074073791503906,34.074073791503906,34.074073791503906,34.074073791503906,0,0.0,0.0
2016-05-06 00:00:00+08:00,33.33333206176758,34.814815521240234,33.33333206176758,33.407405853271484,3780,0.0,0.0
2016-05-09 00:00:00+08:00,33.703704833984375,35.185184478759766,33.5555534362793,34.814815521240234,18360,0.0,0.0
2016-05-10 00:00:00+08:00,34.814815521240234,37.703704833984375,34.814815521240234,36.0,63045,0.0,0.0
2016-05-11 00:00:00+08:00,35.185184478759766,35.185184478759766,34.22222137451172,35.185184478759766,26865,0.0,0.0
2016-05-12 00:00:00+08:00,35.185184478759766,35.185184478759766,31.92592430114746,35.11111068725586,36180,0.0,0.0
2016-05-13 00:00:00+08:00,35.11111068725586,35.11111068725586,35.03703689575195,35.03703689575195,4050,0.0,0.0
2016-05-16 00:00:00+08:00,34.814815521240234,34.814815521240234,34.814815521240234,34.814815521240234,4860,0.0,0.0
2016-05-17 00:00:00+08:00,33.185184478759766,34.74074172973633,33.185184478759766,34.74074172973633,8100,0.0,0.0
2016-05-18 00:00:00+08:00,34.74074172973633,34.74074172973633,34.74074172973633,34.74074172973633,1485,0.0,0.0
2016-05-19 00:00:00+08:00,33.11111068725586,37.77777862548828,32.96296310424805,34.074073791503906,37800,0.0,0.0
2016-05-20 00:00:00+08:00,34.44444274902344,34.44444274902344,34.44444274902344,34.44444274902344,945,0.0,0.0
2016-05-23 00:00:00+08:00,34.814815521240234,34.814815521240234,34.814815521240234,34.814815521240234,540,0.0,0.0
2016-05-24 00:00:00+08:00,34.814815521240234,34.814815521240234,32.814815521240234,33.925926208496094,10530,0.0,0.0
2016-05-25 00:00:00+08:00,33.33333206176758,34.14814758300781,33.33333206176758,34.14814758300781,10665,0.0,0.0
2016-05-26 00:00:00+08:00,36.074073791503906,37.5555534362793,36.074073791503906,36.296295166015625,16470,0.0,0.0
2016-05-27 00:00:00+08:00,36.296295166015625,37.33333206176758,36.296295166015625,36.37036895751953,18765,0.0,0.0
2016-05-30 00:00:00+08:00,37.03703689575195,37.03703689575195,37.03703689575195,37.03703689575195,8775,0.0,0.0
2016-05-31 00:00:00+08:00,37.03703689575195,37.03703689575195,37.03703689575195,37.03703689575195,0,0.0,0.0
2016-06-01 00:00:00+08:00,35.5555534362793,36.296295166015625,34.44444274902344,34.814815521240234,4995,0.0,0.0
2016-06-02 00:00:00+08:00,34.0,34.44444274902344,33.33333206176758,33.33333206176758,95175,0.0,0.0
2016-06-03 00:00:00+08:00,33.33333206176758,33.33333206176758,33.33333206176758,33.33333206176758,29700,0.0,0.0
2016-06-06 00:00:00+08:00,33.407405853271484,33.407405853271484,33.33333206176758,33.33333206176758,14310,0.0,0.0
2016-06-07 00:00:00+08:00,33.33333206176758,33.33333206176758,33.33333206176758,33.33333206176758,0,0.0,0.0
2016-06-08 00:00:00+08:00,33.33333206176758,33.33333206176758,33.33333206176758,33.33333206176758,6885,0.0,0.0
2016-06-13 00:00:00+08:00,32.74074172973633,33.25925827026367,32.59259033203125,32.96296310424805,14040,0.0,0.0
2016-06-14 00:00:00+08:00,32.59259033203125,32.96296310424805,32.59259033203125,32.59259033203125,13500,0.0,0.0
2016-06-15 00:00:00+08:00,32.59259033203125,33.33333206176758,32.59259033203125,32.666664123535156,16200,0.0,0.0
2016-06-16 00:00:00+08:00,32.666664123535156,32.666664123535156,32.59259033203125,32.666664123535156,7695,0.0,0.0
2016-06-17 00:00:00+08:00,32.22222137451172,32.22222137451172,31.851850509643555,31.851850509643555,14175,0.0,0.0
2016-06-20 00:00:00+08:00,31.851850509643555,31.851850509643555,31.77777671813965,31.77777671813965,13635,0.0,0.0
2016-06-21 00:00:00+08:00,33.185184478759766,33.185184478759766,31.481481552124023,31.851850509643555,945,0.0,0.0
2016-06-22 00:00:00+08:00,31.851850509643555,31.851850509643555,31.851850509643555,31.851850509643555,14040,0.0,0.0
2016-06-23 00:00:00+08:00,32.44444274902344,32.59259033203125,31.851850509643555,31.851850509643555,17415,0.0,0.0
2016-06-24 00:00:00+08:00,32.0,32.0,29.629629135131836,31.77777671813965,28350,0.0,0.0
2016-06-27 00:00:00+08:00,32.814815521240234,32.814815521240234,32.59259033203125,32.59259033203125,540,0.0,0.0
2016-06-28 00:00:00+08:00,32.14814758300781,32.14814758300781,31.851850509643555,31.851850509643555,12285,0.0,0.0
2016-06-29 00:00:00+08:00,31.851850509643555,34.666664123535156,31.851850509643555,31.851850509643555,25380,0.0,0.0
2016-06-30 00:00:00+08:00,31.851850509643555,31.851850509643555,31.851850509643555,31.851850509643555,11070,0.0,0.0
2016-07-01 00:00:00+08:00,31.851850509643555,31.851850509643555,31.851850509643555,31.851850509643555,11340,0.0,0.0
2016-07-04 00:00:00+08:00,31.851850509643555,31.851850509643555,31.851850509643555,31.851850509643555,135,0.0,0.0
2016-07-05 00:00:00+08:00,31.851850509643555,31.851850509643555,31.851850509643555,31.851850509643555,0,0.0,0.0
2016-07-06 00:00:00+08:00,31.851850509643555,32.44444274902344,31.77777671813965,32.44444274902344,1489,0.0,0.0
2016-07-07 00:00:00+08:00,32.44444274902344,32.44444274902344,32.44444274902344,32.44444274902344,270,0.0,0.0
2016-07-08 00:00:00+08:00,32.44444274902344,32.44444274902344,32.44444274902344,32.44444274902344,0,0.0,0.0
2016-07-11 00:00:00+08:00,31.92592430114746,32.518516540527344,31.92592430114746,32.518516540527344,270,0.0,0.0
2016-07-12 00:00:00+08:00,32.22222137451172,32.22222137451172,32.14814758300781,32.14814758300781,2700,0.0,0.0
2016-07-13 00:00:00+08:00,32.14814758300781,32.14814758300781,32.14814758300781,32.14814758300781,3105,0.0,0.0
2016-07-14 00:00:00+08:00,32.14814758300781,32.14814758300781,31.11111068725586,31.11111068725586,810,0.0,0.0
2016-07-15 00:00:00+08:00,32.22222137451172,32.44444274902344,31.851850509643555,32.44444274902344,4455,0.0,0.0
2016-07-18 00:00:00+08:00,33.48147964477539,33.48147964477539,33.48147964477539,33.48147964477539,135,0.0,0.0
2016-07-19 00:00:00+08:00,32.96296310424805,32.96296310424805,32.59259033203125,32.814815521240234,2295,0.0,0.0
2016-07-20 00:00:00+08:00,31.703702926635742,32.96296310424805,31.11111068725586,32.37036895751953,7560,0.0,0.0
2016-07-21 00:00:00+08:00,31.185184478759766,32.22222137451172,31.185184478759766,32.14814758300781,1755,0.0,0.0
2016-07-22 00:00:00+08:00,32.14814758300781,32.37036895751953,31.851850509643555,32.22222137451172,5940,0.0,0.0
2016-07-25 00:00:00+08:00,32.22222137451172,33.6296272277832,32.22222137451172,33.6296272277832,405,0.0,0.0
2016-07-26 00:00:00+08:00,33.48147964477539,33.48147964477539,33.48147964477539,33.48147964477539,135,0.0,0.0
2016-07-27 00:00:00+08:00,33.48147964477539,33.48147964477539,33.48147964477539,33.48147964477539,0,0.0,0.0
2016-07-28 00:00:00+08:00,33.25925827026367,34.074073791503906,32.96296310424805,33.925926208496094,4590,0.0,0.0
2016-07-29 00:00:00+08:00,34.074073791503906,34.44444274902344,33.33333206176758,34.14814758300781,54540,0.0,0.0
2016-08-01 00:00:00+08:00,34.074073791503906,34.074073791503906,33.5555534362793,33.703704833984375,5535,0.0,0.0
2016-08-02 00:00:00+08:00,33.925926208496094,34.074073791503906,33.48147964477539,33.48147964477539,9450,0.0,0.0
2016-08-03 00:00:00+08:00,33.48147964477539,34.44444274902344,33.33333206176758,34.074073791503906,28890,0.0,0.0
2016-08-04 00:00:00+08:00,34.074073791503906,34.074073791503906,33.33333206176758,33.33333206176758,25920,0.0,0.0
2016-08-05 00:00:00+08:00,33.703704833984375,33.703704833984375,33.703704833984375,33.703704833984375,1485,0.0,0.0
2016-08-08 00:00:00+08:00,33.33333206176758,34.0,33.33333206176758,33.33333206176758,25515,0.0,0.0
2016-08-09 00:00:00+08:00,33.33333206176758,33.703704833984375,33.33333206176758,33.703704833984375,3645,0.0,0.0
2016-08-10 00:00:00+08:00,33.33333206176758,33.33333206176758,33.33333206176758,33.33333206176758,4050,0.0,0.0
2016-08-11 00:00:00+08:00,33.33333206176758,33.33333206176758,33.33333206176758,33.33333206176758,9045,0.0,0.0
2016-08-12 00:00:00+08:00,32.96296310424805,32.96296310424805,31.92592430114746,31.92592430114746,49950,0.0,0.0
2016-08-15 00:00:00+08:00,33.03703689575195,33.03703689575195,31.851850509643555,31.851850509643555,33481,0.0,0.0
2016-08-16 00:00:00+08:00,31.55555534362793,31.851850509643555,31.55555534362793,31.851850509643555,6480,0.0,0.0
2016-08-17 00:00:00+08:00,31.333332061767578,31.333332061767578,29.703702926635742,31.037036895751953,16335,0.0,0.0
2016-08-18 00:00:00+08:00,30.0,31.11111068725586,30.0,31.11111068725586,9855,0.0,0.0
2016-08-19 00:00:00+08:00,28.296295166015625,29.629629135131836,28.296295166015625,29.629629135131836,2835,0.0,0.0
2016-08-22 00:00:00+08:00,28.888887405395508,28.888887405395508,28.888887405395508,28.888887405395508,405,0.0,0.0
2016-08-23 00:00:00+08:00,26.0,28.888887405395508,26.0,28.888887405395508,2025,0.0,0.0
2016-08-24 00:00:00+08:00,28.888887405395508,28.888887405395508,28.888887405395508,28.888887405395508,0,0.0,0.0
2016-08-25 00:00:00+08:00,30.962961196899414,30.962961196899414,30.962961196899414,30.962961196899414,4590,0.0,0.0
2016-08-26 00:00:00+08:00,28.148147583007812,29.629629135131836,28.148147583007812,29.629629135131836,9180,0.0,0.0
2016-08-29 00:00:00+08:00,29.629629135131836,29.629629135131836,29.629629135131836,29.629629135131836,1,0.0,0.0
2016-08-30 00:00:00+08:00,29.629629135131836,29.629629135131836,29.629629135131836,29.629629135131836,0,0.0,0.0
2016-08-31 00:00:00+08:00,29.629629135131836,29.629629135131836,29.629629135131836,29.629629135131836,0,0.0,0.0
2016-09-01 00:00:00+08:00,29.629629135131836,29.629629135131836,29.629629135131836,29.629629135131836,0,0.0,0.0
2016-09-02 00:00:00+08:00,26.66666603088379,31.11111068725586,26.66666603088379,30.296295166015625,675,0.0,0.0
2016-09-05 00:00:00+08:00,27.333332061767578,29.55555534362793,27.333332061767578,28.888887405395508,1485,0.0,0.0
2016-09-06 00:00:00+08:00,26.148147583007812,29.629629135131836,26.148147583007812,29.629629135131836,1215,0.0,0.0
2016-09-07 00:00:00+08:00,29.703702926635742,30.740739822387695,29.703702926635742,30.740739822387695,2295,0.0,0.0
2016-09-08 00:00:00+08:00,30.740739822387695,30.740739822387695,30.740739822387695,30.740739822387695,0,0.0,0.0
2016-09-09 00:00:00+08:00,30.370370864868164,30.370370864868164,30.370370864868164,30.370370864868164,270,0.0,0.0
2016-09-12 00:00:00+08:00,30.370370864868164,30.370370864868164,29.629629135131836,29.629629135131836,1350,0.0,0.0
2016-09-13 00:00:00+08:00,30.0,30.0,30.0,30.0,270,0.0,0.0
2016-09-14 00:00:00+08:00,30.0,30.0,30.0,30.0,0,0.0,0.0
2016-09-19 00:00:00+08:00,30.0,31.77777671813965,30.0,31.77777671813965,2430,0.0,0.0
2016-09-20 00:00:00+08:00,31.77777671813965,31.77777671813965,31.77777671813965,31.77777671813965,0,0.0,0.0
2016-09-21 00:00:00+08:00,31.77777671813965,31.77777671813965,31.77777671813965,31.77777671813965,0,0.0,0.0
2016-09-22 00:00:00+08:00,31.77777671813965,31.77777671813965,31.77777671813965,31.77777671813965,0,0.0,0.0
2016-09-23 00:00:00+08:00,31.77777671813965,32.74074172973633,31.703702926635742,32.74074172973633,5345,0.0,0.0
2016-09-26 00:00:00+08:00,32.74074172973633,32.74074172973633,32.74074172973633,32.74074172973633,0,0.0,0.0
2016-09-27 00:00:00+08:00,32.74074172973633,32.74074172973633,32.74074172973633,32.74074172973633,0,0.0,0.0
2016-09-28 00:00:00+08:00,32.74074172973633,32.74074172973633,32.74074172973633,32.74074172973633,0,0.0,0.0
2016-09-29 00:00:00+08:00,32.74074172973633,32.74074172973633,32.74074172973633,32.74074172973633,0,0.0,0.0
2016-09-30 00:00:00+08:00,36.0,36.0,35.85185241699219,35.925926208496094,50413,0.0,0.0
2016-10-03 00:00:00+08:00,39.407405853271484,39.407405853271484,36.296295166015625,38.37036895751953,37395,0.0,0.0
2016-10-04 00:00:00+08:00,41.03703689575195,41.6296272277832,38.518516540527344,38.518516540527344,121018,0.0,0.0
2016-10-05 00:00:00+08:00,38.518516540527344,40.74074172973633,38.518516540527344,40.0,70115,0.0,0.0
2016-10-06 00:00:00+08:00,40.74074172973633,41.48147964477539,40.0,40.0,61475,0.0,0.0
2016-10-07 00:00:00+08:00,40.74074172973633,41.48147964477539,40.74074172973633,41.48147964477539,42808,0.0,0.0
2016-10-11 00:00:00+08:00,40.74074172973633,41.48147964477539,40.0,40.0,99495,0.0,0.0
2016-10-12 00:00:00+08:00,40.0,40.88888931274414,40.0,40.0,55620,0.0,0.0
2016-10-13 00:00:00+08:00,40.0,40.0,38.518516540527344,39.25925827026367,32670,0.0,0.0
2016-10-14 00:00:00+08:00,40.74074172973633,40.74074172973633,39.25925827026367,39.25925827026367,32400,0.0,0.0
2016-10-17 00:00:00+08:00,40.666664123535156,43.185184478759766,40.666664123535156,43.185184478759766,42255,0.0,0.0
2016-10-18 00:00:00+08:00,45.925926208496094,46.666664123535156,43.703704833984375,44.44444274902344,16200,0.0,0.0
2016-10-19 00:00:00+08:00,42.22222137451172,45.185184478759766,42.22222137451172,45.185184478759766,43335,0.0,0.0
2016-10-20 00:00:00+08:00,41.48147964477539,41.48147964477539,40.74074172973633,40.74074172973633,15660,0.0,0.0
2016-10-21 00:00:00+08:00,40.0,44.44444274902344,40.0,44.44444274902344,405,0.0,0.0
2016-10-24 00:00:00+08:00,41.48147964477539,45.185184478759766,41.48147964477539,44.44444274902344,8775,0.0,0.0
2016-10-25 00:00:00+08:00,43.185184478759766,43.185184478759766,42.22222137451172,42.96296310424805,4725,0.0,0.0
2016-10-26 00:00:00+08:00,44.074073791503906,44.44444274902344,43.703704833984375,44.44444274902344,4185,0.0,0.0
2016-10-27 00:00:00+08:00,42.96296310424805,42.96296310424805,40.74074172973633,40.74074172973633,10800,0.0,0.0
2016-10-28 00:00:00+08:00,44.44444274902344,44.44444274902344,41.48147964477539,41.48147964477539,9585,0.0,0.0
2016-10-31 00:00:00+08:00,42.22222137451172,44.14814758300781,42.22222137451172,42.37036895751953,11070,0.0,0.0
2016-11-01 00:00:00+08:00,42.59259033203125,42.59259033203125,42.22222137451172,42.296295166015625,12555,0.0,0.0
2016-11-02 00:00:00+08:00,41.48147964477539,42.22222137451172,41.48147964477539,41.5555534362793,6102,0.0,0.0
2016-11-03 00:00:00+08:00,41.5555534362793,42.22222137451172,41.5555534362793,41.5555534362793,8775,0.0,0.0
2016-11-04 00:00:00+08:00,41.5555534362793,41.5555534362793,41.5555534362793,41.5555534362793,0,0.0,0.0
2016-11-07 00:00:00+08:00,39.25925827026367,39.25925827026367,39.25925827026367,39.25925827026367,135,0.0,0.0
2016-11-08 00:00:00+08:00,39.25925827026367,39.25925827026367,39.25925827026367,39.25925827026367,0,0.0,0.0
2016-11-09 00:00:00+08:00,39.25925827026367,39.25925827026367,37.77777862548828,37.77777862548828,4725,0.0,0.0
2016-11-10 00:00:00+08:00,40.0,40.0,40.0,40.0,3915,0.0,0.0
2016-11-11 00:00:00+08:00,37.03703689575195,38.59259033203125,37.03703689575195,38.518516540527344,2295,0.0,0.0
2016-11-14 00:00:00+08:00,36.296295166015625,36.296295166015625,36.296295166015625,36.296295166015625,135,0.0,0.0
2016-11-15 00:00:00+08:00,33.33333206176758,38.518516540527344,33.33333206176758,38.518516540527344,3131,0.0,0.0
2016-11-16 00:00:00+08:00,34.814815521240234,41.48147964477539,34.814815521240234,41.48147964477539,810,0.0,0.0
2016-11-17 00:00:00+08:00,41.48147964477539,42.22222137451172,40.74074172973633,40.74074172973633,3375,0.0,0.0
2016-11-18 00:00:00+08:00,42.59259033203125,43.03703689575195,42.59259033203125,43.03703689575195,5130,0.0,0.0
2016-11-21 00:00:00+08:00,43.03703689575195,43.03703689575195,43.03703689575195,43.03703689575195,0,0.0,0.0
2016-11-22 00:00:00+08:00,43.03703689575195,43.703704833984375,43.03703689575195,43.703704833984375,4995,0.0,0.0
2016-11-23 00:00:00+08:00,39.407405853271484,44.0,39.407405853271484,44.0,3280,0.0,0.0
2016-11-24 00:00:00+08:00,43.33333206176758,43.77777862548828,42.59259033203125,43.77777862548828,3240,0.0,0.0
2016-11-25 00:00:00+08:00,43.33333206176758,43.703704833984375,43.33333206176758,43.33333206176758,5535,0.0,0.0
2016-11-28 00:00:00+08:00,43.33333206176758,43.33333206176758,43.33333206176758,43.33333206176758,0,0.0,0.0
2016-11-29 00:00:00+08:00,43.33333206176758,43.5555534362793,40.74074172973633,43.5555534362793,5130,0.0,0.0
2016-11-30 00:00:00+08:00,43.5555534362793,43.5555534362793,43.5555534362793,43.5555534362793,0,0.0,0.0
2016-12-01 00:00:00+08:00,43.5555534362793,43.5555534362793,43.5555534362793,43.5555534362793,0,0.0,0.0
2016-12-02 00:00:00+08:00,42.96296310424805,42.96296310424805,42.96296310424805,42.96296310424805,2025,0.0,0.0
2016-12-05 00:00:00+08:00,42.96296310424805,42.96296310424805,42.22222137451172,42.22222137451172,1350,0.0,0.0
2016-12-06 00:00:00+08:00,42.96296310424805,44.296295166015625,42.22222137451172,44.296295166015625,8100,0.0,0.0
2016-12-07 00:00:00+08:00,42.96296310424805,42.96296310424805,42.22222137451172,42.59259033203125,13230,0.0,0.0
2016-12-08 00:00:00+08:00,42.59259033203125,42.96296310424805,42.22222137451172,42.96296310424805,20250,0.0,0.0
2016-12-09 00:00:00+08:00,41.48147964477539,41.48147964477539,40.74074172973633,40.74074172973633,270,0.0,0.0
2016-12-12 00:00:00+08:00,40.74074172973633,40.74074172973633,40.74074172973633,40.74074172973633,0,0.0,0.0
2016-12-13 00:00:00+08:00,42.96296310424805,42.96296310424805,42.22222137451172,42.22222137451172,27405,0.0,0.0
2016-12-14 00:00:00+08:00,42.22222137451172,42.96296310424805,42.22222137451172,42.22222137451172,35910,0.0,0.0
2016-12-15 00:00:00+08:00,42.96296310424805,42.96296310424805,41.48147964477539,42.22222137451172,26460,0.0,0.0
2016-12-16 00:00:00+08:00,42.22222137451172,42.96296310424805,42.22222137451172,42.96296310424805,12150,0.0,0.0
2016-12-19 00:00:00+08:00,42.88888931274414,42.96296310424805,42.88888931274414,42.96296310424805,4050,0.0,0.0
2016-12-20 00:00:00+08:00,42.22222137451172,42.88888931274414,42.22222137451172,42.88888931274414,2868,0.0,0.0
2016-12-21 00:00:00+08:00,42.22222137451172,42.88888931274414,42.22222137451172,42.88888931274414,1755,0.0,0.0
2016-12-22 00:00:00+08:00,42.22222137451172,42.88888931274414,42.22222137451172,42.88888931274414,8100,0.0,0.0
2016-12-23 00:00:00+08:00,42.22222137451172,42.96296310424805,41.85185241699219,42.22222137451172,16740,0.0,0.0
2016-12-26 00:00:00+08:00,42.22222137451172,42.22222137451172,42.22222137451172,42.22222137451172,7020,0.0,0.0
2016-12-27 00:00:00+08:00,41.85185241699219,42.22222137451172,41.85185241699219,42.22222137451172,6750,0.0,0.0
2016-12-28 00:00:00+08:00,41.85185241699219,42.22222137451172,41.85185241699219,42.22222137451172,3375,0.0,0.0
2016-12-29 00:00:00+08:00,41.48147964477539,46.44444274902344,41.48147964477539,43.6296272277832,4455,0.0,0.0
2016-12-30 00:00:00+08:00,45.11111068725586,47.925926208496094,42.22222137451172,42.96296310424805,10266,0.0,0.0
2017-01-03 00:00:00+08:00,42.22222137451172,42.296295166015625,42.22222137451172,42.296295166015625,2295,0.0,0.0
2017-01-04 00:00:00+08:00,42.96296310424805,42.96296310424805,42.96296310424805,42.96296310424805,1350,0.0,0.0
2017-01-05 00:00:00+08:00,42.96296310424805,43.03703689575195,42.96296310424805,43.03703689575195,4185,0.0,0.0
2017-01-06 00:00:00+08:00,43.03703689575195,43.03703689575195,43.03703689575195,43.03703689575195,270,0.0,0.0
2017-01-09 00:00:00+08:00,42.22222137451172,44.44444274902344,40.0,44.296295166015625,17685,0.0,0.0
2017-01-10 00:00:00+08:00,42.96296310424805,44.296295166015625,42.96296310424805,42.96296310424805,2565,0.0,0.0
2017-01-11 00:00:00+08:00,44.37036895751953,44.814815521240234,43.33333206176758,44.37036895751953,33885,0.0,0.0
2017-01-12 00:00:00+08:00,44.074073791503906,44.074073791503906,43.33333206176758,43.703704833984375,12825,0.0,0.0
2017-01-13 00:00:00+08:00,44.37036895751953,44.44444274902344,44.37036895751953,44.44444274902344,1080,0.0,0.0
2017-01-16 00:00:00+08:00,44.22222137451172,44.22222137451172,42.96296310424805,42.96296310424805,5535,0.0,0.0
2017-01-17 00:00:00+08:00,43.33333206176758,43.33333206176758,42.96296310424805,42.96296310424805,6885,0.0,0.0
2017-01-18 00:00:00+08:00,42.96296310424805,43.33333206176758,42.96296310424805,42.96296310424805,7425,0.0,0.0
2017-01-19 00:00:00+08:00,42.22222137451172,44.37036895751953,41.85185241699219,41.925926208496094,17145,0.0,0.0
2017-01-20 00:00:00+08:00,39.25925827026367,42.88888931274414,39.25925827026367,42.074073791503906,32130,0.0,0.0
2017-01-23 00:00:00+08:00,41.48147964477539,42.37036895751953,40.74074172973633,42.37036895751953,18225,0.0,0.0
2017-01-24 00:00:00+08:00,42.37036895751953,42.37036895751953,42.37036895751953,42.37036895751953,0,0.0,0.0
2017-02-02 00:00:00+08:00,44.44444274902344,46.59259033203125,43.703704833984375,43.703704833984375,9990,0.0,0.0
2017-02-03 00:00:00+08:00,43.703704833984375,43.703704833984375,43.703704833984375,43.703704833984375,0,0.0,0.0
2017-02-06 00:00:00+08:00,40.74074172973633,40.74074172973633,40.74074172973633,40.74074172973633,135,0.0,0.0
2017-02-07 00:00:00+08:00,42.22222137451172,42.22222137451172,40.74074172973633,40.74074172973633,1218,0.0,0.0
2017-02-08 00:00:00+08:00,40.74074172973633,41.48147964477539,40.74074172973633,41.33333206176758,7556,0.0,0.0
2017-02-09 00:00:00+08:00,44.44444274902344,44.44444274902344,37.77777862548828,42.22222137451172,9180,0.0,0.0
2017-02-10 00:00:00+08:00,41.925926208496094,42.22222137451172,40.74074172973633,40.74074172973633,6075,0.0,0.0
2017-02-13 00:00:00+08:00,40.74074172973633,40.74074172973633,40.74074172973633,40.74074172973633,0,0.0,0.0
2017-02-14 00:00:00+08:00,40.74074172973633,40.74074172973633,40.74074172973633,40.74074172973633,0,0.0,0.0
2017-02-15 00:00:00+08:00,43.11111068725586,43.33333206176758,43.11111068725586,43.33333206176758,3917,0.0,0.0
2017-02-16 00:00:00+08:00,43.33333206176758,43.33333206176758,43.33333206176758,43.33333206176758,0,0.0,0.0
2017-02-17 00:00:00+08:00,43.33333206176758,43.33333206176758,43.33333206176758,43.33333206176758,0,0.0,0.0
2017-02-20 00:00:00+08:00,43.703704833984375,43.703704833984375,41.48147964477539,42.96296310424805,2970,0.0,0.0
2017-02-21 00:00:00+08:00,42.96296310424805,42.96296310424805,42.96296310424805,42.96296310424805,0,0.0,0.0
2017-02-22 00:00:00+08:00,40.74074172973633,43.6296272277832,40.74074172973633,42.88888931274414,2835,0.0,0.0
2017-02-23 00:00:00+08:00,42.14814758300781,42.14814758300781,42.14814758300781,42.14814758300781,675,0.0,0.0
2017-02-24 00:00:00+08:00,42.22222137451172,42.22222137451172,40.74074172973633,42.14814758300781,1755,0.0,0.0
2017-03-01 00:00:00+08:00,42.14814758300781,42.14814758300781,42.14814758300781,42.14814758300781,0,0.0,0.0
2017-03-02 00:00:00+08:00,42.59259033203125,42.59259033203125,42.59259033203125,42.59259033203125,2,0.0,0.0
2017-03-03 00:00:00+08:00,40.74074172973633,42.59259033203125,40.74074172973633,42.59259033203125,1485,0.0,0.0
2017-03-06 00:00:00+08:00,42.59259033203125,42.59259033203125,42.59259033203125,42.59259033203125,0,0.0,0.0
2017-03-07 00:00:00+08:00,42.59259033203125,42.59259033203125,42.59259033203125,42.59259033203125,1,0.0,0.0
2017-03-08 00:00:00+08:00,42.59259033203125,42.59259033203125,42.59259033203125,42.59259033203125,0,0.0,0.0
2017-03-09 00:00:00+08:00,41.11111068725586,43.33333206176758,41.11111068725586,43.33333206176758,810,0.0,0.0
2017-03-10 00:00:00+08:00,42.96296310424805,45.185184478759766,40.74074172973633,42.14814758300781,20115,0.0,0.0
2017-03-13 00:00:00+08:00,41.6296272277832,45.185184478759766,40.74074172973633,41.85185241699219,3375,0.0,0.0
2017-03-14 00:00:00+08:00,40.96296310424805,43.03703689575195,40.96296310424805,42.59259033203125,4860,0.0,0.0
2017-03-15 00:00:00+08:00,41.185184478759766,42.59259033203125,38.518516540527344,40.74074172973633,8235,0.0,0.0
2017-03-16 00:00:00+08:00,41.48147964477539,41.48147964477539,41.48147964477539,41.48147964477539,4050,0.0,0.0
2017-03-17 00:00:00+08:00,41.48147964477539,41.48147964477539,40.74074172973633,40.74074172973633,5535,0.0,0.0
2017-03-20 00:00:00+08:00,40.37036895751953,40.74074172973633,39.25925827026367,40.59259033203125,11070,0.0,0.0
2017-03-21 00:00:00+08:00,40.74074172973633,40.74074172973633,39.407405853271484,40.518516540527344,405,0.0,0.0
2017-03-22 00:00:00+08:00,38.518516540527344,40.296295166015625,38.518516540527344,40.296295166015625,270,0.0,0.0
2017-03-23 00:00:00+08:00,40.296295166015625,40.296295166015625,40.296295166015625,40.296295166015625,270,0.0,0.0
2017-03-24 00:00:00+08:00,38.96296310424805,38.96296310424805,36.296295166015625,36.296295166015625,20385,0.0,0.0
2017-03-27 00:00:00+08:00,37.03703689575195,39.85185241699219,37.03703689575195,39.85185241699219,3780,0.0,0.0
2017-03-28 00:00:00+08:00,37.77777862548828,37.77777862548828,35.925926208496094,35.925926208496094,22005,0.0,0.0
2017-03-29 00:00:00+08:00,35.925926208496094,35.925926208496094,35.925926208496094,35.925926208496094,0,0.0,0.0
2017-03-30 00:00:00+08:00,35.925926208496094,35.925926208496094,35.925926208496094,35.925926208496094,0,0.0,0.0
2017-03-31 00:00:00+08:00,36.296295166015625,37.703704833984375,36.296295166015625,37.33333206176758,1755,0.0,0.0
2017-04-05 00:00:00+08:00,37.03703689575195,37.03703689575195,37.03703689575195,37.03703689575195,135,0.0,0.0
2017-04-06 00:00:00+08:00,38.518516540527344,38.518516540527344,38.518516540527344,38.518516540527344,135,0.0,0.0
2017-04-07 00:00:00+08:00,40.0,42.22222137451172,40.0,42.22222137451172,18764,0.0,0.0
2017-04-10 00:00:00+08:00,43.703704833984375,43.703704833984375,39.925926208496094,40.74074172973633,60750,0.0,0.0
2017-04-11 00:00:00+08:00,40.74074172973633,40.74074172973633,39.25925827026367,39.25925827026367,7695,0.0,0.0
2017-04-12 00:00:00+08:00,41.33333206176758,41.33333206176758,41.33333206176758,41.33333206176758,135,0.0,0.0
2017-04-13 00:00:00+08:00,39.33333206176758,39.33333206176758,38.59259033203125,38.59259033203125,1890,0.0,0.0
2017-04-14 00:00:00+08:00,41.48147964477539,41.48147964477539,41.48147964477539,41.48147964477539,135,0.0,0.0
2017-04-17 00:00:00+08:00,41.85185241699219,41.85185241699219,37.77777862548828,37.77777862548828,4192,0.0,0.0
2017-04-18 00:00:00+08:00,39.6296272277832,39.6296272277832,39.6296272277832,39.6296272277832,1080,0.0,0.0
2017-04-19 00:00:00+08:00,40.59259033203125,40.59259033203125,40.59259033203125,40.59259033203125,135,0.0,0.0
2017-04-20 00:00:00+08:00,37.25925827026367,38.518516540527344,36.59259033203125,37.03703689575195,12690,0.0,0.0
2017-04-21 00:00:00+08:00,34.074073791503906,37.11111068725586,34.074073791503906,37.11111068725586,1485,0.0,0.0
2017-04-24 00:00:00+08:00,37.11111068725586,37.11111068725586,37.11111068725586,37.11111068725586,0,0.0,0.0
2017-04-25 00:00:00+08:00,39.33333206176758,39.33333206176758,37.77777862548828,37.77777862548828,2295,0.0,0.0
2017-04-26 00:00:00+08:00,37.77777862548828,37.77777862548828,37.03703689575195,37.03703689575195,4455,0.0,0.0
2017-04-27 00:00:00+08:00,37.03703689575195,39.25925827026367,37.03703689575195,39.185184478759766,10530,0.0,0.0
2017-04-28 00:00:00+08:00,39.6296272277832,40.0,39.6296272277832,40.0,945,0.0,0.0
2017-05-02 00:00:00+08:00,40.74074172973633,40.74074172973633,40.74074172973633,40.74074172973633,4320,0.0,0.0
2017-05-03 00:00:00+08:00,40.0,40.74074172973633,40.0,40.74074172973633,270,0.0,0.0
2017-05-04 00:00:00+08:00,40.74074172973633,40.74074172973633,38.518516540527344,38.518516540527344,675,0.0,0.0
2017-05-05 00:00:00+08:00,37.03703689575195,37.03703689575195,37.03703689575195,37.03703689575195,3105,0.0,0.0
2017-05-08 00:00:00+08:00,34.14814758300781,38.518516540527344,34.14814758300781,37.03703689575195,2971,0.0,0.0
2017-05-09 00:00:00+08:00,38.518516540527344,38.518516540527344,37.77777862548828,37.77777862548828,810,0.0,0.0
2017-05-10 00:00:00+08:00,37.03703689575195,37.03703689575195,37.03703689575195,37.03703689575195,1620,0.0,0.0
2017-05-11 00:00:00+08:00,36.37036895751953,38.37036895751953,36.296295166015625,37.48147964477539,1890,0.0,0.0
2017-05-12 00:00:00+08:00,36.37036895751953,37.48147964477539,36.296295166015625,37.03703689575195,3915,0.0,0.0
2017-05-15 00:00:00+08:00,36.37036895751953,38.518516540527344,36.37036895751953,37.03703689575195,2565,0.0,0.0
2017-05-16 00:00:00+08:00,36.296295166015625,37.48147964477539,36.14814758300781,36.14814758300781,810,0.0,0.0
2017-05-17 00:00:00+08:00,39.48147964477539,39.48147964477539,36.296295166015625,37.703704833984375,4185,0.0,0.0
2017-05-18 00:00:00+08:00,36.518516540527344,36.518516540527344,36.14814758300781,36.14814758300781,1485,0.0,0.0
2017-05-19 00:00:00+08:00,36.296295166015625,37.5555534362793,35.5555534362793,36.666664123535156,6210,0.0,0.0
2017-05-22 00:00:00+08:00,36.666664123535156,36.666664123535156,33.33333206176758,33.33333206176758,5940,0.0,0.0
2017-05-23 00:00:00+08:00,34.074073791503906,34.074073791503906,30.0,32.814815521240234,10125,0.0,0.0
2017-05-24 00:00:00+08:00,35.925926208496094,35.925926208496094,35.925926208496094,35.925926208496094,135,0.0,0.0
2017-05-25 00:00:00+08:00,37.03703689575195,39.185184478759766,35.925926208496094,35.925926208496094,9180,0.0,0.0
2017-05-26 00:00:00+08:00,36.0,36.0,35.925926208496094,35.925926208496094,3105,0.0,0.0
2017-05-31 00:00:00+08:00,35.925926208496094,35.925926208496094,35.925926208496094,35.925926208496094,0,0.0,0.0
2017-06-01 00:00:00+08:00,34.814815521240234,36.814815521240234,34.666664123535156,34.666664123535156,5265,0.0,0.0
2017-06-02 00:00:00+08:00,34.666664123535156,34.666664123535156,34.666664123535156,34.666664123535156,0,0.0,0.0
2017-06-05 00:00:00+08:00,31.333332061767578,36.88888931274414,31.333332061767578,36.88888931274414,270,0.0,0.0
2017-06-06 00:00:00+08:00,34.22222137451172,34.22222137451172,34.074073791503906,34.074073791503906,7290,0.0,0.0
2017-06-07 00:00:00+08:00,34.074073791503906,34.074073791503906,34.074073791503906,34.074073791503906,0,0.0,0.0
2017-06-08 00:00:00+08:00,34.074073791503906,34.074073791503906,34.074073791503906,34.074073791503906,0,0.0,0.0
2017-06-09 00:00:00+08:00,30.66666603088379,35.925926208496094,30.66666603088379,35.925926208496094,1620,0.0,0.0
2017-06-12 00:00:00+08:00,32.37036895751953,35.925926208496094,32.37036895751953,32.666664123535156,3645,0.0,0.0
2017-06-13 00:00:00+08:00,34.518516540527344,34.814815521240234,34.518516540527344,34.814815521240234,1620,0.0,0.0
2017-06-14 00:00:00+08:00,31.77777671813965,31.77777671813965,31.77777671813965,31.77777671813965,675,0.0,0.0
2017-06-15 00:00:00+08:00,31.92592430114746,33.185184478759766,31.92592430114746,33.185184478759766,945,0.0,0.0
2017-06-16 00:00:00+08:00,33.33333206176758,33.33333206176758,30.888887405395508,30.888887405395508,2970,0.0,0.0
2017-06-19 00:00:00+08:00,31.11111068725586,31.11111068725586,30.888887405395508,30.888887405395508,1080,0.0,0.0
2017-06-20 00:00:00+08:00,31.11111068725586,32.44444274902344,31.11111068725586,32.44444274902344,810,0.0,0.0
2017-06-21 00:00:00+08:00,31.185184478759766,34.44444274902344,31.185184478759766,34.44444274902344,542,0.0,0.0
2017-06-22 00:00:00+08:00,31.55555534362793,33.11111068725586,31.037036895751953,31.037036895751953,5130,0.0,0.0
2017-06-23 00:00:00+08:00,31.037036895751953,31.037036895751953,31.037036895751953,31.037036895751953,0,0.0,0.0
2017-06-26 00:00:00+08:00,31.037036895751953,31.037036895751953,31.037036895751953,31.037036895751953,0,0.0,0.0
2017-06-27 00:00:00+08:00,32.22222137451172,32.22222137451172,32.074073791503906,32.074073791503906,540,0.0,0.0
2017-06-28 00:00:00+08:00,31.851850509643555,31.851850509643555,28.888887405395508,28.888887405395508,11610,0.0,0.0
2017-06-29 00:00:00+08:00,28.888887405395508,29.55555534362793,27.77777671813965,29.55555534362793,11340,0.0,0.0
2017-06-30 00:00:00+08:00,29.55555534362793,29.55555534362793,29.55555534362793,29.55555534362793,0,0.0,0.0
2017-07-03 00:00:00+08:00,27.333332061767578,27.333332061767578,27.259258270263672,27.259258270263672,2025,0.0,0.0
2017-07-04 00:00:00+08:00,27.259258270263672,28.148147583007812,26.370370864868164,26.66666603088379,32130,0.0,0.0
2017-07-05 00:00:00+08:00,26.740739822387695,27.92592430114746,26.740739822387695,27.851850509643555,1890,0.0,0.0
2017-07-06 00:00:00+08:00,28.888887405395508,30.592592239379883,28.66666603088379,30.44444465637207,20790,0.0,0.0
2017-07-07 00:00:00+08:00,29.77777671813965,31.11111068725586,29.703702926635742,30.0,6075,0.0,0.0
2017-07-10 00:00:00+08:00,30.370370864868164,32.96296310424805,30.370370864868164,32.96296310424805,12285,0.0,0.0
2017-07-11 00:00:00+08:00,32.96296310424805,35.77777862548828,32.59259033203125,35.11111068725586,12285,0.0,0.0
2017-07-12 00:00:00+08:00,35.5555534362793,38.59259033203125,35.48147964477539,38.59259033203125,22950,0.0,0.0
2017-07-13 00:00:00+08:00,35.185184478759766,40.37036895751953,35.185184478759766,39.48147964477539,13231,0.0,0.0
2017-07-14 00:00:00+08:00,39.25925827026367,39.6296272277832,38.518516540527344,39.25925827026367,15390,0.0,0.0
2017-07-17 00:00:00+08:00,37.85185241699219,41.407405853271484,35.925926208496094,41.407405853271484,945,0.0,0.0
2017-07-18 00:00:00+08:00,38.14814758300781,38.14814758300781,37.33333206176758,37.33333206176758,4050,0.0,0.0
2017-07-19 00:00:00+08:00,38.296295166015625,38.296295166015625,38.296295166015625,38.296295166015625,135,0.0,0.0
2017-07-20 00:00:00+08:00,39.25925827026367,41.11111068725586,39.25925827026367,41.11111068725586,6700,0.0,0.0
2017-07-21 00:00:00+08:00,37.11111068725586,42.14814758300781,37.11111068725586,41.48147964477539,13095,0.0,0.0
2017-07-24 00:00:00+08:00,41.407405853271484,41.48147964477539,38.22222137451172,39.185184478759766,5940,0.0,0.0
2017-07-25 00:00:00+08:00,39.11111068725586,42.96296310424805,38.88888931274414,42.88888931274414,28350,0.0,0.0
2017-07-26 00:00:00+08:00,41.85185241699219,43.925926208496094,39.77777862548828,39.77777862548828,11070,0.0,0.0
2017-07-27 00:00:00+08:00,41.11111068725586,41.407405853271484,40.0,40.74074172973633,8910,0.0,0.0
2017-07-28 00:00:00+08:00,36.666664123535156,42.88888931274414,36.666664123535156,38.74074172973633,810,0.0,0.0
2017-07-31 00:00:00+08:00,39.25925827026367,39.25925827026367,37.11111068725586,37.11111068725586,540,0.0,0.0
2017-08-01 00:00:00+08:00,36.814815521240234,39.77777862548828,36.814815521240234,39.77777862548828,675,0.0,0.0
2017-08-02 00:00:00+08:00,42.074073791503906,42.074073791503906,42.074073791503906,42.074073791503906,135,0.0,0.0
2017-08-03 00:00:00+08:00,42.074073791503906,42.074073791503906,42.074073791503906,42.074073791503906,0,0.0,0.0
2017-08-04 00:00:00+08:00,44.518516540527344,44.518516540527344,38.074073791503906,38.074073791503906,1755,0.0,0.0
2017-08-07 00:00:00+08:00,38.0,38.074073791503906,38.0,38.074073791503906,810,0.0,0.0
2017-08-08 00:00:00+08:00,35.77777862548828,39.85185241699219,35.77777862548828,39.85185241699219,810,0.0,0.0
2017-08-09 00:00:00+08:00,37.03703689575195,38.518516540527344,35.925926208496094,36.074073791503906,2835,0.0,0.0
2017-08-10 00:00:00+08:00,32.74074172973633,36.0,32.74074172973633,36.0,3375,0.0,0.0
2017-08-11 00:00:00+08:00,36.0,36.0,36.0,36.0,0,0.0,0.0
2017-08-14 00:00:00+08:00,35.925926208496094,38.44444274902344,35.925926208496094,38.44444274902344,1485,0.0,0.0
2017-08-15 00:00:00+08:00,38.37036895751953,38.44444274902344,38.37036895751953,38.44444274902344,1350,0.0,0.0
2017-08-16 00:00:00+08:00,37.11111068725586,37.925926208496094,37.11111068725586,37.925926208496094,540,0.0,0.0
2017-08-17 00:00:00+08:00,37.925926208496094,37.925926208496094,37.925926208496094,37.925926208496094,0,0.0,0.0
2017-08-18 00:00:00+08:00,37.03703689575195,37.77777862548828,37.03703689575195,37.03703689575195,1485,0.0,0.0
2017-08-21 00:00:00+08:00,36.96296310424805,37.407405853271484,36.96296310424805,37.25925827026367,2160,0.0,0.0
2017-08-22 00:00:00+08:00,36.666664123535156,37.33333206176758,36.666664123535156,37.33333206176758,2835,0.0,0.0
2017-08-23 00:00:00+08:00,40.74074172973633,40.74074172973633,36.666664123535156,36.96296310424805,10395,0.0,0.0
2017-08-24 00:00:00+08:00,37.03703689575195,37.03703689575195,36.296295166015625,36.37036895751953,8910,0.0,0.0
2017-08-25 00:00:00+08:00,37.03703689575195,38.296295166015625,37.03703689575195,38.296295166015625,1215,0.0,0.0
2017-08-28 00:00:00+08:00,38.296295166015625,38.296295166015625,38.296295166015625,38.296295166015625,0,0.0,0.0
2017-08-29 00:00:00+08:00,38.518516540527344,38.518516540527344,37.03703689575195,37.03703689575195,5805,0.0,0.0
2017-08-30 00:00:00+08:00,37.03703689575195,37.03703689575195,37.03703689575195,37.03703689575195,4050,0.0,0.0
2017-08-31 00:00:00+08:00,38.14814758300781,38.14814758300781,37.03703689575195,37.03703689575195,5940,0.0,0.0
2017-09-01 00:00:00+08:00,37.407405853271484,37.77777862548828,36.666664123535156,36.666664123535156,3240,0.0,0.0
2017-09-04 00:00:00+08:00,36.96296310424805,38.44444274902344,36.96296310424805,37.03703689575195,10125,0.0,0.0
2017-09-05 00:00:00+08:00,37.03703689575195,37.03703689575195,37.03703689575195,37.03703689575195,0,0.0,0.0
2017-09-06 00:00:00+08:00,37.03703689575195,37.03703689575195,37.03703689575195,37.03703689575195,2025,0.0,0.0
2017-09-07 00:00:00+08:00,33.33333206176758,36.88888931274414,33.33333206176758,35.48147964477539,7560,0.0,0.0
2017-09-08 00:00:00+08:00,38.518516540527344,38.518516540527344,35.5555534362793,35.5555534362793,12150,0.0,0.0
2017-09-11 00:00:00+08:00,36.666664123535156,36.666664123535156,36.666664123535156,36.666664123535156,134,0.0,0.0
2017-09-12 00:00:00+08:00,37.25925827026367,38.88888931274414,36.296295166015625,38.88888931274414,5805,0.0,0.0
2017-09-13 00:00:00+08:00,38.518516540527344,38.518516540527344,38.44444274902344,38.44444274902344,810,0.0,0.0
2017-09-14 00:00:00+08:00,38.44444274902344,39.5555534362793,37.77777862548828,39.5555534362793,2835,0.0,0.0
2017-09-15 00:00:00+08:00,43.48147964477539,43.48147964477539,39.11111068725586,39.11111068725586,4185,0.0,0.0
2017-09-18 00:00:00+08:00,40.74074172973633,40.74074172973633,40.74074172973633,40.74074172973633,809,0.0,0.0
2017-09-19 00:00:00+08:00,40.74074172973633,40.74074172973633,40.74074172973633,40.74074172973633,0,0.0,0.0
2017-09-20 00:00:00+08:00,40.0,40.0,40.0,40.0,270,0.0,0.0
2017-09-21 00:00:00+08:00,40.0,42.22222137451172,40.0,40.37036895751953,11340,0.0,0.0
2017-09-22 00:00:00+08:00,40.37036895751953,40.37036895751953,39.25925827026367,40.37036895751953,15660,0.0,0.0
2017-09-25 00:00:00+08:00,40.74074172973633,40.74074172973633,38.59259033203125,39.25925827026367,6615,0.0,0.0
2017-09-26 00:00:00+08:00,39.25925827026367,39.6296272277832,38.518516540527344,38.518516540527344,7965,0.0,0.0
2017-09-27 00:00:00+08:00,41.48147964477539,41.48147964477539,38.518516540527344,38.518516540527344,4050,0.0,0.0
2017-09-28 00:00:00+08:00,38.518516540527344,38.518516540527344,36.296295166015625,36.296295166015625,10125,0.0,0.0
2017-09-29 00:00:00+08:00,36.666664123535156,38.518516540527344,36.296295166015625,36.296295166015625,26460,0.0,0.0
2017-10-02 00:00:00+08:00,36.37036895751953,37.03703689575195,36.37036895751953,36.59259033203125,7155,0.0,0.0
2017-10-03 00:00:00+08:00,36.666664123535156,37.03703689575195,36.666664123535156,37.03703689575195,675,0.0,0.0
2017-10-05 00:00:00+08:00,36.37036895751953,36.37036895751953,36.296295166015625,36.296295166015625,1080,0.0,0.0
2017-10-06 00:00:00+08:00,36.296295166015625,36.296295166015625,36.296295166015625,36.296295166015625,0,0.0,0.0
2017-10-11 00:00:00+08:00,35.03703689575195,35.6296272277832,32.666664123535156,34.74074172973633,6210,0.0,0.0
2017-10-12 00:00:00+08:00,34.44444274902344,36.074073791503906,33.703704833984375,33.703704833984375,3105,0.0,0.0
2017-10-13 00:00:00+08:00,33.77777862548828,34.074073791503906,33.703704833984375,34.074073791503906,2700,0.0,0.0
2017-10-16 00:00:00+08:00,34.14814758300781,34.14814758300781,34.14814758300781,34.14814758300781,270,0.0,0.0
2017-10-17 00:00:00+08:00,36.22222137451172,36.22222137451172,35.925926208496094,35.925926208496094,675,0.0,0.0
2017-10-18 00:00:00+08:00,35.925926208496094,35.925926208496094,35.925926208496094,35.925926208496094,0,0.0,0.0
2017-10-19 00:00:00+08:00,36.296295166015625,36.296295166015625,36.296295166015625,36.296295166015625,405,0.0,0.0
2017-10-20 00:00:00+08:00,36.296295166015625,36.296295166015625,36.296295166015625,36.296295166015625,0,0.0,0.0
2017-10-23 00:00:00+08:00,34.074073791503906,36.74074172973633,34.074073791503906,36.666664123535156,2295,0.0,0.0
2017-10-24 00:00:00+08:00,38.074073791503906,38.074073791503906,38.074073791503906,38.074073791503906,135,0.0,0.0
2017-10-25 00:00:00+08:00,38.0,38.0,38.0,38.0,0,0.0,0.0
2017-10-26 00:00:00+08:00,34.518516540527344,37.03703689575195,34.518516540527344,37.03703689575195,1350,0.0,0.0
2017-10-27 00:00:00+08:00,36.666664123535156,36.666664123535156,36.666664123535156,36.666664123535156,270,0.0,0.0
2017-10-30 00:00:00+08:00,37.03703689575195,37.03703689575195,36.88888931274414,36.88888931274414,675,0.0,0.0
2017-10-31 00:00:00+08:00,36.37036895751953,36.37036895751953,36.37036895751953,36.37036895751953,135,0.0,0.0
2017-11-01 00:00:00+08:00,35.703704833984375,35.703704833984375,35.703704833984375,35.703704833984375,675,0.0,0.0
2017-11-02 00:00:00+08:00,35.703704833984375,35.703704833984375,35.703704833984375,35.703704833984375,405,0.0,0.0
2017-11-03 00:00:00+08:00,35.703704833984375,35.703704833984375,35.703704833984375,35.703704833984375,0,0.0,0.0
2017-11-06 00:00:00+08:00,36.296295166015625,39.25925827026367,36.296295166015625,38.88888931274414,5400,0.0,0.0
2017-11-07 00:00:00+08:00,38.88888931274414,40.74074172973633,38.88888931274414,40.666664123535156,1755,0.0,0.0
2017-11-08 00:00:00+08:00,42.074073791503906,42.074073791503906,38.88888931274414,38.88888931274414,1755,0.0,0.0
2017-11-09 00:00:00+08:00,42.0,42.0,39.703704833984375,39.703704833984375,2295,0.0,0.0
2017-11-10 00:00:00+08:00,38.96296310424805,38.96296310424805,38.518516540527344,38.88888931274414,5805,0.0,0.0
2017-11-13 00:00:00+08:00,38.88888931274414,38.88888931274414,38.88888931274414,38.88888931274414,1620,0.0,0.0
2017-11-14 00:00:00+08:00,38.88888931274414,38.88888931274414,38.88888931274414,38.88888931274414,405,0.0,0.0
2017-11-15 00:00:00+08:00,38.88888931274414,38.88888931274414,38.14814758300781,38.88888931274414,4995,0.0,0.0
2017-11-16 00:00:00+08:00,39.85185241699219,39.85185241699219,39.85185241699219,39.85185241699219,135,0.0,0.0
2017-11-17 00:00:00+08:00,37.48147964477539,37.77777862548828,37.407405853271484,37.77777862548828,1890,0.0,0.0
2017-11-20 00:00:00+08:00,37.03703689575195,38.14814758300781,37.03703689575195,38.14814758300781,2295,0.0,0.0
2017-11-21 00:00:00+08:00,37.03703689575195,37.703704833984375,36.14814758300781,37.703704833984375,3510,0.0,0.0
2017-11-22 00:00:00+08:00,37.703704833984375,37.703704833984375,37.703704833984375,37.703704833984375,0,0.0,0.0
2017-11-23 00:00:00+08:00,38.518516540527344,38.518516540527344,38.518516540527344,38.518516540527344,135,0.0,0.0
2017-11-24 00:00:00+08:00,42.0,42.0,42.0,42.0,136,0.0,0.0
2017-11-27 00:00:00+08:00,46.14814758300781,46.14814758300781,46.14814758300781,46.14814758300781,11741,0.0,0.0
2017-11-28 00:00:00+08:00,47.77777862548828,48.0,47.03703689575195,47.703704833984375,77713,0.0,0.0
2017-11-29 00:00:00+08:00,47.6296272277832,47.6296272277832,47.11111068725586,47.185184478759766,52515,0.0,0.0
2017-11-30 00:00:00+08:00,47.48147964477539,47.48147964477539,47.185184478759766,47.25925827026367,19845,0.0,0.0
2017-12-01 00:00:00+08:00,47.33333206176758,47.407405853271484,47.185184478759766,47.25925827026367,40365,0.0,0.0
2017-12-04 00:00:00+08:00,47.25925827026367,47.25925827026367,47.185184478759766,47.185184478759766,25650,0.0,0.0
2017-12-05 00:00:00+08:00,47.25925827026367,47.25925827026367,47.03703689575195,47.03703689575195,34155,0.0,0.0
2017-12-06 00:00:00+08:00,47.11111068725586,47.11111068725586,47.03703689575195,47.03703689575195,8505,0.0,0.0
2017-12-07 00:00:00+08:00,47.11111068725586,47.11111068725586,47.11111068725586,47.11111068725586,8100,0.0,0.0
2017-12-08 00:00:00+08:00,47.11111068725586,47.11111068725586,47.11111068725586,47.11111068725586,29025,0.0,0.0
2017-12-11 00:00:00+08:00,47.11111068725586,47.11111068725586,47.03703689575195,47.11111068725586,2835,0.0,0.0
2017-12-12 00:00:00+08:00,47.11111068725586,47.11111068725586,47.03703689575195,47.11111068725586,7290,0.0,0.0
2017-12-13 00:00:00+08:00,47.03703689575195,47.03703689575195,46.814815521240234,46.814815521240234,9855,0.0,0.0
2017-12-14 00:00:00+08:00,46.88888931274414,47.407405853271484,46.814815521240234,47.03703689575195,7560,0.0,0.0
2017-12-15 00:00:00+08:00,46.96296310424805,46.96296310424805,46.814815521240234,46.814815521240234,9990,0.0,0.0
2017-12-18 00:00:00+08:00,47.185184478759766,47.185184478759766,46.88888931274414,47.03703689575195,35775,0.0,0.0
2017-12-19 00:00:00+08:00,47.03703689575195,47.03703689575195,46.96296310424805,46.96296310424805,14850,0.0,0.0
2017-12-20 00:00:00+08:00,47.11111068725586,47.11111068725586,46.96296310424805,47.03703689575195,36180,0.0,0.0
2017-12-21 00:00:00+08:00,47.03703689575195,47.03703689575195,47.03703689575195,47.03703689575195,0,0.0,0.0
2017-12-22 00:00:00+08:00,46.88888931274414,46.88888931274414,46.88888931274414,46.88888931274414,4050,0.0,0.0
2017-12-25 00:00:00+08:00,46.88888931274414,46.88888931274414,46.814815521240234,46.814815521240234,33750,0.0,0.0
2017-12-26 00:00:00+08:00,46.88888931274414,47.03703689575195,46.88888931274414,47.03703689575195,3375,0.0,0.0
2017-12-27 00:00:00+08:00,47.03703689575195,47.03703689575195,47.03703689575195,47.03703689575195,0,0.0,0.0
2017-12-28 00:00:00+08:00,47.11111068725586,47.11111068725586,47.03703689575195,47.03703689575195,6750,0.0,0.0
2017-12-29 00:00:00+08:00,47.407405853271484,47.407405853271484,47.11111068725586,47.11111068725586,1485,0.0,0.0
2018-01-02 00:00:00+08:00,47.11111068725586,47.407405853271484,47.11111068725586,47.407405853271484,7560,0.0,0.0
2018-01-03 00:00:00+08:00,47.407405853271484,47.5555534362793,47.25925827026367,47.407405853271484,4050,0.0,0.0
2018-01-04 00:00:00+08:00,47.407405853271484,47.407405853271484,47.407405853271484,47.407405853271484,0,0.0,0.0
2018-01-05 00:00:00+08:00,48.518516540527344,48.518516540527344,48.14814758300781,48.14814758300781,2430,0.0,0.0
2018-01-08 00:00:00+08:00,48.074073791503906,48.074073791503906,47.185184478759766,47.77777862548828,3375,0.0,0.0
2018-01-09 00:00:00+08:00,47.185184478759766,47.185184478759766,47.185184478759766,47.185184478759766,405,0.0,0.0
2018-01-10 00:00:00+08:00,48.88888931274414,48.88888931274414,47.33333206176758,47.33333206176758,3956,0.0,0.0
2018-01-11 00:00:00+08:00,47.407405853271484,47.407405853271484,47.407405853271484,47.407405853271484,270,0.0,0.0
2018-01-12 00:00:00+08:00,47.407405853271484,47.407405853271484,44.44444274902344,44.44444274902344,7857,0.0,0.0
2018-01-15 00:00:00+08:00,46.666664123535156,46.666664123535156,46.666664123535156,46.666664123535156,1363,0.0,0.0
2018-01-16 00:00:00+08:00,46.666664123535156,46.666664123535156,46.666664123535156,46.666664123535156,675,0.0,0.0
2018-01-17 00:00:00+08:00,46.666664123535156,47.03703689575195,46.666664123535156,47.03703689575195,418,0.0,0.0
2018-01-18 00:00:00+08:00,47.407405853271484,51.703704833984375,47.407405853271484,51.703704833984375,16876,0.0,0.0
2018-01-19 00:00:00+08:00,51.6296272277832,51.703704833984375,51.11111068725586,51.703704833984375,7566,0.0,0.0
2018-01-22 00:00:00+08:00,51.85185241699219,51.85185241699219,51.185184478759766,51.407405853271484,10715,0.0,0.0
2018-01-23 00:00:00+08:00,51.407405853271484,53.25925827026367,51.33333206176758,53.25925827026367,2430,0.0,0.0
2018-01-24 00:00:00+08:00,53.33333206176758,53.703704833984375,52.0,53.407405853271484,7701,0.0,0.0
2018-01-25 00:00:00+08:00,55.25925827026367,58.74074172973633,55.25925827026367,58.74074172973633,17998,0.0,0.0
2018-01-26 00:00:00+08:00,64.0740737915039,64.59259033203125,64.0740737915039,64.59259033203125,27050,0.0,0.0
2018-01-29 00:00:00+08:00,70.29629516601562,70.96295928955078,65.40740966796875,70.0740737915039,19251,0.0,0.0
2018-01-30 00:00:00+08:00,63.11111068725586,68.81481170654297,63.11111068725586,66.66666412353516,6156,0.0,0.0
2018-01-31 00:00:00+08:00,66.66666412353516,67.33333587646484,66.66666412353516,67.33333587646484,1755,0.0,0.0
2018-02-01 00:00:00+08:00,67.33333587646484,67.33333587646484,65.25926208496094,65.33333587646484,9720,0.0,0.0
2018-02-02 00:00:00+08:00,65.18518829345703,65.18518829345703,65.18518829345703,65.18518829345703,1080,0.0,0.0
2018-02-05 00:00:00+08:00,65.18518829345703,71.48148345947266,65.18518829345703,70.88888549804688,3166,0.0,0.0
2018-02-06 00:00:00+08:00,71.85185241699219,71.85185241699219,64.44444274902344,65.18518829345703,21600,0.0,0.0
2018-02-07 00:00:00+08:00,62.37036895751953,65.11111450195312,58.666664123535156,65.11111450195312,12494,0.0,0.0
2018-02-08 00:00:00+08:00,66.66666412353516,66.66666412353516,61.925926208496094,63.03703689575195,2160,0.0,0.0
2018-02-09 00:00:00+08:00,63.03703689575195,63.03703689575195,63.03703689575195,63.03703689575195,0,0.0,0.0
2018-02-12 00:00:00+08:00,68.81481170654297,69.9259262084961,63.703704833984375,63.77777862548828,4455,0.0,0.0
2018-02-21 00:00:00+08:00,66.0,66.66666412353516,65.85185241699219,65.85185241699219,1755,0.0,0.0
2018-02-22 00:00:00+08:00,65.85185241699219,65.85185241699219,65.70370483398438,65.70370483398438,4590,0.0,0.0
2018-02-23 00:00:00+08:00,68.0,68.0,68.0,68.0,135,0.0,0.0
2018-02-26 00:00:00+08:00,66.66666412353516,66.66666412353516,65.85185241699219,65.85185241699219,6885,0.0,0.0
2018-02-27 00:00:00+08:00,65.9259262084961,66.96295928955078,65.9259262084961,66.96295928955078,5130,0.0,0.0
2018-03-01 00:00:00+08:00,63.85185241699219,67.03704071044922,63.03703689575195,63.03703689575195,11070,0.0,0.0
2018-03-02 00:00:00+08:00,59.33333206176758,62.59259033203125,59.25925827026367,62.59259033203125,5805,0.0,0.0
2018-03-05 00:00:00+08:00,66.59259033203125,66.59259033203125,61.11111068725586,64.96295928955078,2994,0.0,0.0
2018-03-06 00:00:00+08:00,61.185184478759766,64.66666412353516,61.185184478759766,64.66666412353516,270,0.0,0.0
2018-03-07 00:00:00+08:00,65.77777862548828,65.77777862548828,61.48147964477539,61.48147964477539,945,0.0,0.0
2018-03-08 00:00:00+08:00,66.14814758300781,66.14814758300781,61.85185241699219,62.96296310424805,1755,0.0,0.0
2018-03-09 00:00:00+08:00,62.814815521240234,65.11111450195312,60.74074172973633,62.37036895751953,3375,0.0,0.0
2018-03-12 00:00:00+08:00,62.37036895751953,66.51851654052734,62.37036895751953,62.44444274902344,2295,0.0,0.0
2018-03-13 00:00:00+08:00,68.0740737915039,68.0740737915039,68.0740737915039,68.0740737915039,135,0.0,0.0
2018-03-14 00:00:00+08:00,74.0740737915039,74.0740737915039,61.33333206176758,61.33333206176758,12015,0.0,0.0
2018-03-15 00:00:00+08:00,62.22222137451172,62.22222137451172,56.666664123535156,58.074073791503906,5670,0.0,0.0
2018-03-16 00:00:00+08:00,63.77777862548828,63.77777862548828,60.74074172973633,62.0,1080,0.0,0.0
2018-03-19 00:00:00+08:00,65.9259262084961,65.9259262084961,58.22222137451172,64.88888549804688,1080,0.0,0.0
2018-03-20 00:00:00+08:00,63.5555534362793,63.5555534362793,61.48147964477539,63.33333206176758,2025,0.0,0.0
2018-03-21 00:00:00+08:00,64.81481170654297,64.81481170654297,58.518516540527344,61.77777862548828,6075,0.0,0.0
2018-03-22 00:00:00+08:00,64.44444274902344,64.44444274902344,58.518516540527344,58.518516540527344,6210,0.0,0.0
2018-03-23 00:00:00+08:00,60.518516540527344,60.518516540527344,60.518516540527344,60.518516540527344,135,0.0,0.0
2018-03-26 00:00:00+08:00,60.518516540527344,60.518516540527344,60.518516540527344,60.518516540527344,0,0.0,0.0
2018-03-27 00:00:00+08:00,60.518516540527344,60.518516540527344,55.5555534362793,56.37036895751953,3780,0.0,0.0
2018-03-28 00:00:00+08:00,57.03703689575195,58.96296310424805,56.296295166015625,58.96296310424805,675,0.0,0.0
2018-03-29 00:00:00+08:00,62.22222137451172,62.22222137451172,62.22222137451172,62.22222137451172,135,0.0,0.0
2018-03-30 00:00:00+08:00,56.296295166015625,58.0,56.296295166015625,58.0,405,0.0,0.0
2018-04-02 00:00:00+08:00,53.03703689575195,57.33333206176758,53.03703689575195,57.33333206176758,1890,0.0,0.0
2018-04-03 00:00:00+08:00,51.925926208496094,58.88888931274414,51.925926208496094,58.88888931274414,2160,0.0,0.0
2018-04-09 00:00:00+08:00,61.407405853271484,61.407405853271484,53.33333206176758,55.185184478759766,2565,0.0,0.0
2018-04-10 00:00:00+08:00,60.37036895751953,60.37036895751953,52.74074172973633,54.814815521240234,11610,0.0,0.0
2018-04-11 00:00:00+08:00,53.11111068725586,55.5555534362793,51.6296272277832,52.22222137451172,6210,0.0,0.0
2018-04-12 00:00:00+08:00,51.703704833984375,53.11111068725586,51.703704833984375,52.0,6750,0.0,0.0
2018-04-13 00:00:00+08:00,52.44444274902344,53.6296272277832,51.85185241699219,51.85185241699219,3375,0.0,0.0
2018-04-16 00:00:00+08:00,53.33333206176758,53.33333206176758,53.25925827026367,53.25925827026367,675,0.0,0.0
2018-04-17 00:00:00+08:00,53.25925827026367,53.25925827026367,53.25925827026367,53.25925827026367,270,0.0,0.0
2018-04-18 00:00:00+08:00,53.25925827026367,53.25925827026367,53.25925827026367,53.25925827026367,0,0.0,0.0
2018-04-19 00:00:00+08:00,51.703704833984375,53.33333206176758,50.37036895751953,53.33333206176758,4455,0.0,0.0
2018-04-20 00:00:00+08:00,53.33333206176758,55.185184478759766,52.74074172973633,52.74074172973633,3780,0.0,0.0
2018-04-23 00:00:00+08:00,52.74074172973633,52.74074172973633,52.74074172973633,52.74074172973633,0,0.0,0.0
2018-04-24 00:00:00+08:00,51.11111068725586,53.11111068725586,49.6296272277832,51.85185241699219,2160,0.0,0.0
2018-04-25 00:00:00+08:00,51.85185241699219,51.85185241699219,51.85185241699219,51.85185241699219,270,0.0,0.0
2018-04-26 00:00:00+08:00,51.85185241699219,51.85185241699219,51.85185241699219,51.85185241699219,7965,0.0,0.0
2018-04-27 00:00:00+08:00,51.77777862548828,51.85185241699219,51.11111068725586,51.77777862548828,3510,0.0,0.0
2018-04-30 00:00:00+08:00,51.85185241699219,51.85185241699219,51.85185241699219,51.85185241699219,3375,0.0,0.0
2018-05-02 00:00:00+08:00,51.85185241699219,51.85185241699219,51.85185241699219,51.85185241699219,18630,0.0,0.0
2018-05-03 00:00:00+08:00,51.85185241699219,51.85185241699219,51.85185241699219,51.85185241699219,15255,0.0,0.0
2018-05-04 00:00:00+08:00,51.703704833984375,51.85185241699219,51.703704833984375,51.85185241699219,10665,0.0,0.0
2018-05-07 00:00:00+08:00,51.77777862548828,51.77777862548828,51.77777862548828,51.77777862548828,135,0.0,0.0
2018-05-08 00:00:00+08:00,51.85185241699219,51.85185241699219,51.85185241699219,51.85185241699219,13635,0.0,0.0
2018-05-09 00:00:00+08:00,51.85185241699219,51.85185241699219,51.85185241699219,51.85185241699219,7830,0.0,0.0
2018-05-10 00:00:00+08:00,51.85185241699219,51.85185241699219,51.85185241699219,51.85185241699219,0,0.0,0.0
2018-05-11 00:00:00+08:00,51.85185241699219,51.85185241699219,51.11111068725586,51.11111068725586,4860,0.0,0.0
2018-05-14 00:00:00+08:00,51.11111068725586,51.11111068725586,51.11111068725586,51.11111068725586,135,0.0,0.0
2018-05-15 00:00:00+08:00,50.37036895751953,51.5555534362793,48.14814758300781,51.5555534362793,1215,0.0,0.0
2018-05-16 00:00:00+08:00,51.5555534362793,51.85185241699219,49.703704833984375,51.11111068725586,3375,0.0,0.0
2018-05-17 00:00:00+08:00,49.6296272277832,51.11111068725586,48.14814758300781,51.11111068725586,3915,0.0,0.0
2018-05-18 00:00:00+08:00,48.96296310424805,51.11111068725586,48.14814758300781,50.37036895751953,3240,0.0,0.0
2018-05-21 00:00:00+08:00,48.296295166015625,49.11111068725586,47.48147964477539,49.11111068725586,1755,0.0,0.0
2018-05-22 00:00:00+08:00,46.814815521240234,47.407405853271484,46.814815521240234,46.88888931274414,810,0.0,0.0
2018-05-23 00:00:00+08:00,46.88888931274414,46.88888931274414,46.88888931274414,46.88888931274414,0,0.0,0.0
2018-05-24 00:00:00+08:00,44.88888931274414,46.666664123535156,44.88888931274414,46.0,1215,0.0,0.0
2018-05-25 00:00:00+08:00,41.407405853271484,47.407405853271484,41.407405853271484,46.22222137451172,1755,0.0,0.0
2018-05-28 00:00:00+08:00,44.44444274902344,46.074073791503906,44.44444274902344,44.44444274902344,945,0.0,0.0
2018-05-29 00:00:00+08:00,46.074073791503906,46.14814758300781,46.074073791503906,46.14814758300781,675,0.0,0.0
2018-05-30 00:00:00+08:00,47.33333206176758,47.33333206176758,47.33333206176758,47.33333206176758,7560,0.0,0.0
2018-05-31 00:00:00+08:00,47.33333206176758,47.33333206176758,47.33333206176758,47.33333206176758,405,0.0,0.0
2018-06-01 00:00:00+08:00,47.33333206176758,47.33333206176758,47.33333206176758,47.33333206176758,0,0.0,0.0
2018-06-04 00:00:00+08:00,47.33333206176758,47.33333206176758,47.33333206176758,47.33333206176758,0,0.0,0.0
2018-06-05 00:00:00+08:00,44.666664123535156,52.0,44.666664123535156,50.37036895751953,3375,0.0,0.0
2018-06-06 00:00:00+08:00,50.37036895751953,50.37036895751953,50.37036895751953,50.37036895751953,0,0.0,0.0
2018-06-07 00:00:00+08:00,47.48147964477539,48.88888931274414,47.407405853271484,48.88888931274414,4725,0.0,0.0
2018-06-08 00:00:00+08:00,48.814815521240234,48.814815521240234,44.518516540527344,48.59259033203125,5805,0.0,0.0
2018-06-11 00:00:00+08:00,48.59259033203125,48.59259033203125,44.518516540527344,45.5555534362793,2970,0.0,0.0
2018-06-12 00:00:00+08:00,47.407405853271484,47.407405853271484,47.407405853271484,47.407405853271484,675,0.0,0.0
2018-06-13 00:00:00+08:00,45.703704833984375,47.03703689575195,45.5555534362793,47.03703689575195,810,0.0,0.0
2018-06-14 00:00:00+08:00,46.96296310424805,47.03703689575195,46.96296310424805,47.03703689575195,675,0.0,0.0
2018-06-15 00:00:00+08:00,47.03703689575195,47.03703689575195,47.03703689575195,47.03703689575195,0,0.0,0.0
2018-06-19 00:00:00+08:00,47.03703689575195,47.03703689575195,47.03703689575195,47.03703689575195,0,0.0,0.0
2018-06-20 00:00:00+08:00,47.33333206176758,51.703704833984375,47.33333206176758,51.703704833984375,945,0.0,0.0
2018-06-21 00:00:00+08:00,56.814815521240234,56.814815521240234,49.6296272277832,50.74074172973633,5940,0.0,0.0
2018-06-22 00:00:00+08:00,55.407405853271484,55.407405853271484,48.14814758300781,50.814815521240234,8100,0.0,0.0
2018-06-25 00:00:00+08:00,45.925926208496094,45.925926208496094,45.925926208496094,45.925926208496094,1215,0.0,0.0
2018-06-26 00:00:00+08:00,48.14814758300781,49.5555534362793,46.518516540527344,48.074073791503906,1890,0.0,0.0
2018-06-27 00:00:00+08:00,48.074073791503906,48.074073791503906,48.074073791503906,48.074073791503906,0,0.0,0.0
2018-06-28 00:00:00+08:00,48.0,48.074073791503906,48.0,48.074073791503906,540,0.0,0.0
2018-06-29 00:00:00+08:00,48.074073791503906,48.074073791503906,48.074073791503906,48.074073791503906,0,0.0,0.0
2018-07-02 00:00:00+08:00,48.074073791503906,48.074073791503906,48.074073791503906,48.074073791503906,0,0.0,0.0
2018-07-03 00:00:00+08:00,48.074073791503906,48.074073791503906,48.074073791503906,48.074073791503906,0,0.0,0.0
2018-07-04 00:00:00+08:00,48.074073791503906,48.074073791503906,48.074073791503906,48.074073791503906,0,0.0,0.0
2018-07-05 00:00:00+08:00,48.074073791503906,48.074073791503906,48.074073791503906,48.074073791503906,0,0.0,0.0
2018-07-06 00:00:00+08:00,48.074073791503906,48.074073791503906,48.074073791503906,48.074073791503906,0,0.0,0.0
2018-07-09 00:00:00+08:00,48.074073791503906,48.074073791503906,48.074073791503906,48.074073791503906,0,0.0,0.0
2018-07-10 00:00:00+08:00,47.6296272277832,47.6296272277832,47.6296272277832,47.6296272277832,270,0.0,0.0
2018-07-11 00:00:00+08:00,47.6296272277832,47.6296272277832,47.6296272277832,47.6296272277832,0,0.0,0.0
2018-07-12 00:00:00+08:00,47.6296272277832,47.6296272277832,47.6296272277832,47.6296272277832,0,0.0,0.0
2018-07-13 00:00:00+08:00,47.6296272277832,47.6296272277832,47.6296272277832,47.6296272277832,0,0.0,0.0
2018-07-16 00:00:00+08:00,47.6296272277832,47.6296272277832,47.6296272277832,47.6296272277832,0,0.0,0.0
2018-07-17 00:00:00+08:00,47.6296272277832,47.6296272277832,47.6296272277832,47.6296272277832,0,0.0,0.0
2018-07-18 00:00:00+08:00,42.88888931274414,48.14814758300781,42.88888931274414,47.77777862548828,2160,0.0,0.0
2018-07-19 00:00:00+08:00,44.44444274902344,47.33333206176758,44.44444274902344,46.96296310424805,1890,0.0,0.0
2018-07-20 00:00:00+08:00,44.44444274902344,48.14814758300781,44.44444274902344,48.14814758300781,675,0.0,0.0
2018-07-23 00:00:00+08:00,48.14814758300781,48.14814758300781,48.14814758300781,48.14814758300781,0,0.0,0.0
2018-07-24 00:00:00+08:00,45.185184478759766,47.5555534362793,45.11111068725586,45.11111068725586,1620,0.0,0.0
2018-07-25 00:00:00+08:00,44.44444274902344,45.925926208496094,44.44444274902344,45.925926208496094,1485,0.0,0.0
2018-07-26 00:00:00+08:00,45.925926208496094,45.925926208496094,45.925926208496094,45.925926208496094,0,0.0,0.0
2018-07-27 00:00:00+08:00,44.44444274902344,45.85185241699219,44.44444274902344,45.85185241699219,810,0.0,0.0
2018-07-30 00:00:00+08:00,45.85185241699219,45.85185241699219,45.85185241699219,45.85185241699219,0,0.0,0.0
2018-07-31 00:00:00+08:00,46.666664123535156,48.14814758300781,44.88888931274414,48.14814758300781,1755,0.0,0.0
2018-08-01 00:00:00+08:00,48.14814758300781,48.14814758300781,48.14814758300781,48.14814758300781,0,0.0,0.0
2018-08-02 00:00:00+08:00,48.14814758300781,48.14814758300781,48.14814758300781,48.14814758300781,0,0.0,0.0
2018-08-03 00:00:00+08:00,44.44444274902344,47.48147964477539,44.44444274902344,47.48147964477539,3510,0.0,0.0
2018-08-06 00:00:00+08:00,45.925926208496094,46.666664123535156,44.59259033203125,44.74074172973633,4050,0.0,0.0
2018-08-07 00:00:00+08:00,44.74074172973633,44.74074172973633,44.74074172973633,44.74074172973633,48,0.0,0.0
2018-08-08 00:00:00+08:00,45.85185241699219,46.666664123535156,45.85185241699219,46.666664123535156,1080,0.0,0.0
2018-08-09 00:00:00+08:00,46.666664123535156,46.666664123535156,46.666664123535156,46.666664123535156,0,0.0,0.0
2018-08-10 00:00:00+08:00,45.925926208496094,50.518516540527344,45.925926208496094,50.518516540527344,270,0.0,0.0
2018-08-13 00:00:00+08:00,50.518516540527344,50.518516540527344,50.518516540527344,50.518516540527344,0,0.0,0.0
2018-08-14 00:00:00+08:00,45.407405853271484,45.407405853271484,45.407405853271484,45.407405853271484,405,0.0,0.0
2018-08-15 00:00:00+08:00,47.77777862548828,47.77777862548828,44.44444274902344,44.518516540527344,2700,0.0,0.0
2018-08-16 00:00:00+08:00,44.518516540527344,44.518516540527344,44.518516540527344,44.518516540527344,1215,0.0,0.0
2018-08-17 00:00:00+08:00,44.44444274902344,44.44444274902344,44.44444274902344,44.44444274902344,1350,0.0,0.0
2018-08-20 00:00:00+08:00,44.44444274902344,44.44444274902344,44.44444274902344,44.44444274902344,6345,0.0,0.0
2018-08-21 00:00:00+08:00,44.44444274902344,44.44444274902344,44.44444274902344,44.44444274902344,0,0.0,0.0
2018-08-22 00:00:00+08:00,44.44444274902344,44.44444274902344,44.44444274902344,44.44444274902344,0,0.0,0.0
2018-08-23 00:00:00+08:00,44.44444274902344,44.44444274902344,44.44444274902344,44.44444274902344,1350,0.0,0.0
2018-08-24 00:00:00+08:00,42.22222137451172,42.96296310424805,40.74074172973633,42.96296310424805,4185,0.0,0.0
2018-08-27 00:00:00+08:00,40.74074172973633,42.074073791503906,40.74074172973633,42.074073791503906,3510,0.0,0.0
2018-08-28 00:00:00+08:00,40.74074172973633,42.0,40.74074172973633,42.0,4185,0.0,0.0
2018-08-29 00:00:00+08:00,42.22222137451172,42.22222137451172,40.74074172973633,41.48147964477539,10260,0.0,0.0
2018-08-30 00:00:00+08:00,41.48147964477539,41.48147964477539,41.48147964477539,41.48147964477539,0,0.0,0.0
2018-08-31 00:00:00+08:00,41.48147964477539,41.48147964477539,41.48147964477539,41.48147964477539,0,0.0,0.0
2018-09-03 00:00:00+08:00,41.48147964477539,41.48147964477539,41.48147964477539,41.48147964477539,0,0.0,0.0
2018-09-04 00:00:00+08:00,41.48147964477539,41.48147964477539,41.48147964477539,41.48147964477539,0,0.0,0.0
2018-09-05 00:00:00+08:00,40.74074172973633,41.48147964477539,40.74074172973633,41.48147964477539,1485,0.0,0.0
2018-09-06 00:00:00+08:00,41.48147964477539,41.48147964477539,41.48147964477539,41.48147964477539,0,0.0,0.0
2018-09-07 00:00:00+08:00,41.48147964477539,41.48147964477539,41.48147964477539,41.48147964477539,0,0.0,0.0
2018-09-10 00:00:00+08:00,41.48147964477539,41.48147964477539,41.48147964477539,41.48147964477539,0,0.0,0.0
2018-09-11 00:00:00+08:00,41.48147964477539,41.48147964477539,41.48147964477539,41.48147964477539,0,0.0,0.0
2018-09-12 00:00:00+08:00,41.48147964477539,41.48147964477539,41.48147964477539,41.48147964477539,0,0.0,0.0
2018-09-13 00:00:00+08:00,41.48147964477539,41.48147964477539,41.48147964477539,41.48147964477539,0,0.0,0.0
2018-09-14 00:00:00+08:00,41.48147964477539,41.48147964477539,41.48147964477539,41.48147964477539,0,0.0,0.0
2018-09-17 00:00:00+08:00,38.88888931274414,41.407405853271484,38.88888931274414,41.407405853271484,270,0.0,0.0
2018-09-18 00:00:00+08:00,38.88888931274414,40.22222137451172,38.88888931274414,40.22222137451172,270,0.0,0.0
2018-09-19 00:00:00+08:00,40.22222137451172,40.22222137451172,40.22222137451172,40.22222137451172,0,0.0,0.0
2018-09-20 00:00:00+08:00,40.22222137451172,40.22222137451172,40.22222137451172,40.22222137451172,0,0.0,0.0
2018-09-21 00:00:00+08:00,40.22222137451172,40.22222137451172,40.22222137451172,40.22222137451172,0,0.0,0.0
2018-09-25 00:00:00+08:00,40.22222137451172,40.22222137451172,40.22222137451172,40.22222137451172,0,0.0,0.0
2018-09-26 00:00:00+08:00,40.22222137451172,40.22222137451172,40.22222137451172,40.22222137451172,0,0.0,0.0
2018-09-27 00:00:00+08:00,40.37036895751953,44.22222137451172,40.37036895751953,44.22222137451172,1215,0.0,0.0
2018-09-28 00:00:00+08:00,44.22222137451172,44.22222137451172,44.22222137451172,44.22222137451172,0,0.0,0.0
2018-10-01 00:00:00+08:00,48.59259033203125,48.59259033203125,48.59259033203125,48.59259033203125,135,0.0,0.0
2018-10-02 00:00:00+08:00,53.03703689575195,53.03703689575195,53.03703689575195,53.03703689575195,135,0.0,0.0
2018-10-03 00:00:00+08:00,47.77777862548828,55.185184478759766,47.77777862548828,55.185184478759766,270,0.0,0.0
2018-10-04 00:00:00+08:00,55.185184478759766,55.185184478759766,55.185184478759766,55.185184478759766,0,0.0,0.0
2018-10-05 00:00:00+08:00,44.74074172973633,44.74074172973633,44.74074172973633,44.74074172973633,540,0.0,0.0
2018-10-08 00:00:00+08:00,41.48147964477539,48.296295166015625,41.48147964477539,48.296295166015625,1486,0.0,0.0
2018-10-09 00:00:00+08:00,48.296295166015625,48.296295166015625,48.296295166015625,48.296295166015625,0,0.0,0.0
2018-10-11 00:00:00+08:00,43.48147964477539,43.48147964477539,43.48147964477539,43.48147964477539,135,0.0,0.0
2018-10-12 00:00:00+08:00,39.185184478759766,39.185184478759766,39.185184478759766,39.185184478759766,4995,0.0,0.0
2018-10-15 00:00:00+08:00,42.814815521240234,42.814815521240234,42.814815521240234,42.814815521240234,0,0.0,0.0
2018-10-16 00:00:00+08:00,42.814815521240234,42.814815521240234,42.814815521240234,42.814815521240234,0,0.0,0.0
2018-10-17 00:00:00+08:00,42.814815521240234,42.814815521240234,42.814815521240234,42.814815521240234,0,0.0,0.0
2018-10-18 00:00:00+08:00,42.814815521240234,42.814815521240234,42.814815521240234,42.814815521240234,0,0.0,0.0
2018-10-19 00:00:00+08:00,42.814815521240234,42.814815521240234,42.814815521240234,42.814815521240234,0,0.0,0.0
2018-10-22 00:00:00+08:00,42.814815521240234,42.814815521240234,42.814815521240234,42.814815521240234,0,0.0,0.0
2018-10-23 00:00:00+08:00,42.814815521240234,42.814815521240234,42.814815521240234,42.814815521240234,0,0.0,0.0
2018-10-24 00:00:00+08:00,42.814815521240234,42.814815521240234,42.814815521240234,42.814815521240234,0,0.0,0.0
2018-10-25 00:00:00+08:00,42.814815521240234,42.814815521240234,42.814815521240234,42.814815521240234,0,0.0,0.0
2018-10-26 00:00:00+08:00,38.518516540527344,38.518516540527344,38.518516540527344,38.518516540527344,540,0.0,0.0
2018-10-29 00:00:00+08:00,38.518516540527344,38.518516540527344,38.518516540527344,38.518516540527344,0,0.0,0.0
2018-10-30 00:00:00+08:00,38.518516540527344,38.518516540527344,38.518516540527344,38.518516540527344,0,0.0,0.0
2018-10-31 00:00:00+08:00,38.518516540527344,38.518516540527344,38.518516540527344,38.518516540527344,0,0.0,0.0
2018-11-01 00:00:00+08:00,38.518516540527344,38.518516540527344,38.518516540527344,38.518516540527344,0,0.0,0.0
2018-11-02 00:00:00+08:00,38.518516540527344,38.518516540527344,38.518516540527344,38.518516540527344,0,0.0,0.0
2018-11-05 00:00:00+08:00,38.518516540527344,38.518516540527344,38.518516540527344,38.518516540527344,0,0.0,0.0
2018-11-06 00:00:00+08:00,38.518516540527344,38.518516540527344,38.518516540527344,38.518516540527344,0,0.0,0.0
2018-11-07 00:00:00+08:00,38.518516540527344,38.518516540527344,38.518516540527344,38.518516540527344,0,0.0,0.0
2018-11-08 00:00:00+08:00,38.518516540527344,38.518516540527344,38.518516540527344,38.518516540527344,0,0.0,0.0
2018-11-09 00:00:00+08:00,38.518516540527344,38.518516540527344,38.518516540527344,38.518516540527344,0,0.0,0.0
2018-11-12 00:00:00+08:00,36.37036895751953,39.11111068725586,36.37036895751953,39.11111068725586,3780,0.0,0.0
2018-11-13 00:00:00+08:00,35.25925827026367,36.96296310424805,35.25925827026367,35.25925827026367,1620,0.0,0.0
2018-11-14 00:00:00+08:00,36.88888931274414,36.88888931274414,36.59259033203125,36.666664123535156,405,0.0,0.0
2018-11-15 00:00:00+08:00,40.074073791503906,40.074073791503906,40.074073791503906,40.074073791503906,0,0.0,0.0
2018-11-16 00:00:00+08:00,40.074073791503906,40.074073791503906,40.074073791503906,40.074073791503906,0,0.0,0.0
2018-11-19 00:00:00+08:00,39.25925827026367,47.5555534362793,39.25925827026367,47.5555534362793,675,0.0,0.0
2018-11-20 00:00:00+08:00,42.814815521240234,42.814815521240234,42.814815521240234,42.814815521240234,1,0.0,0.0
2018-11-21 00:00:00+08:00,42.814815521240234,42.814815521240234,42.814815521240234,42.814815521240234,0,0.0,0.0
2018-11-22 00:00:00+08:00,46.666664123535156,46.666664123535156,45.5555534362793,45.5555534362793,5265,0.0,0.0
2018-11-23 00:00:00+08:00,41.03703689575195,48.74074172973633,41.03703689575195,41.03703689575195,3510,0.0,0.0
2018-11-26 00:00:00+08:00,45.11111068725586,45.11111068725586,41.03703689575195,41.03703689575195,810,0.0,0.0
2018-11-27 00:00:00+08:00,41.03703689575195,41.03703689575195,41.03703689575195,41.03703689575195,0,0.0,0.0
2018-11-28 00:00:00+08:00,41.03703689575195,41.03703689575195,41.03703689575195,41.03703689575195,0,0.0,0.0
2018-11-29 00:00:00+08:00,36.96296310424805,39.925926208496094,36.96296310424805,39.925926208496094,1621,0.0,0.0
2018-11-30 00:00:00+08:00,39.925926208496094,39.925926208496094,39.925926208496094,39.925926208496094,0,0.0,0.0
2018-12-03 00:00:00+08:00,39.925926208496094,39.925926208496094,39.925926208496094,39.925926208496094,0,0.0,0.0
2018-12-04 00:00:00+08:00,39.925926208496094,39.925926208496094,39.925926208496094,39.925926208496094,0,0.0,0.0
2018-12-05 00:00:00+08:00,37.77777862548828,37.77777862548828,37.77777862548828,37.77777862548828,1620,0.0,0.0
2018-12-06 00:00:00+08:00,37.77777862548828,37.77777862548828,37.77777862548828,37.77777862548828,0,0.0,0.0
2018-12-07 00:00:00+08:00,39.48147964477539,39.48147964477539,39.48147964477539,39.48147964477539,0,0.0,0.0
2018-12-10 00:00:00+08:00,35.6296272277832,38.0,35.5555534362793,38.0,1620,0.0,0.0
2018-12-11 00:00:00+08:00,36.22222137451172,41.11111068725586,36.22222137451172,41.11111068725586,2295,0.0,0.0
2018-12-12 00:00:00+08:00,41.11111068725586,41.11111068725586,41.11111068725586,41.11111068725586,0,0.0,0.0
2018-12-13 00:00:00+08:00,41.11111068725586,41.11111068725586,41.11111068725586,41.11111068725586,0,0.0,0.0
2018-12-14 00:00:00+08:00,41.11111068725586,41.11111068725586,41.11111068725586,41.11111068725586,0,0.0,0.0
2018-12-17 00:00:00+08:00,41.11111068725586,41.11111068725586,41.11111068725586,41.11111068725586,0,0.0,0.0
2018-12-18 00:00:00+08:00,34.666664123535156,38.14814758300781,34.666664123535156,38.14814758300781,810,0.0,0.0
2018-12-19 00:00:00+08:00,35.25925827026367,35.48147964477539,34.44444274902344,35.48147964477539,1350,0.0,0.0
2018-12-20 00:00:00+08:00,35.48147964477539,35.48147964477539,35.48147964477539,35.48147964477539,0,0.0,0.0
2018-12-21 00:00:00+08:00,33.03703689575195,34.814815521240234,33.03703689575195,34.814815521240234,270,0.0,0.0
2018-12-24 00:00:00+08:00,33.11111068725586,34.74074172973633,33.11111068725586,34.74074172973633,810,0.0,0.0
2018-12-25 00:00:00+08:00,34.74074172973633,34.74074172973633,34.74074172973633,34.74074172973633,0,0.0,0.0
2018-12-26 00:00:00+08:00,34.666664123535156,37.03703689575195,34.666664123535156,34.814815521240234,1080,0.0,0.0
2018-12-27 00:00:00+08:00,34.814815521240234,34.814815521240234,34.814815521240234,34.814815521240234,540,0.0,0.0
2018-12-28 00:00:00+08:00,34.814815521240234,34.814815521240234,34.814815521240234,34.814815521240234,0,0.0,0.0
2019-01-02 00:00:00+08:00,33.6296272277832,34.814815521240234,33.5555534362793,34.814815521240234,1350,0.0,0.0
2019-01-03 00:00:00+08:00,34.814815521240234,34.814815521240234,34.814815521240234,34.814815521240234,0,0.0,0.0
2019-01-04 00:00:00+08:00,34.814815521240234,34.814815521240234,34.814815521240234,34.814815521240234,0,0.0,0.0
2019-01-07 00:00:00+08:00,34.59259033203125,34.59259033203125,34.59259033203125,34.59259033203125,1350,0.0,0.0
2019-01-08 00:00:00+08:00,34.59259033203125,34.59259033203125,34.59259033203125,34.59259033203125,2700,0.0,0.0
2019-01-09 00:00:00+08:00,34.59259033203125,34.59259033203125,34.59259033203125,34.59259033203125,3375,0.0,0.0
2019-01-10 00:00:00+08:00,36.518516540527344,37.03703689575195,36.518516540527344,37.03703689575195,2160,0.0,0.0
2019-01-11 00:00:00+08:00,35.03703689575195,35.03703689575195,34.59259033203125,34.59259033203125,675,0.0,0.0
2019-01-14 00:00:00+08:00,34.59259033203125,34.59259033203125,34.59259033203125,34.59259033203125,2700,0.0,0.0
2019-01-15 00:00:00+08:00,34.59259033203125,34.59259033203125,34.59259033203125,34.59259033203125,0,0.0,0.0
2019-01-16 00:00:00+08:00,34.59259033203125,38.0,34.59259033203125,38.0,3240,0.0,0.0
2019-01-17 00:00:00+08:00,38.0,38.0,38.0,38.0,1,0.0,0.0
2019-01-18 00:00:00+08:00,38.0,38.0,38.0,38.0,0,0.0,0.0
2019-01-21 00:00:00+08:00,34.96296310424805,34.96296310424805,34.59259033203125,34.59259033203125,1215,0.0,0.0
2019-01-22 00:00:00+08:00,34.59259033203125,34.59259033203125,34.59259033203125,34.59259033203125,1350,0.0,0.0
2019-01-23 00:00:00+08:00,34.666664123535156,34.666664123535156,34.59259033203125,34.59259033203125,5130,0.0,0.0
2019-01-24 00:00:00+08:00,34.59259033203125,34.59259033203125,34.59259033203125,34.59259033203125,1,0.0,0.0
2019-01-25 00:00:00+08:00,34.88888931274414,34.88888931274414,34.59259033203125,34.59259033203125,1350,0.0,0.0
2019-01-28 00:00:00+08:00,34.59259033203125,34.59259033203125,32.0,34.59259033203125,3241,0.0,0.0
2019-01-29 00:00:00+08:00,34.59259033203125,34.59259033203125,34.59259033203125,34.59259033203125,405,0.0,0.0
2019-01-30 00:00:00+08:00,34.59259033203125,34.59259033203125,34.59259033203125,34.59259033203125,0,0.0,0.0
2019-02-11 00:00:00+08:00,33.33333206176758,35.5555534362793,33.33333206176758,35.5555534362793,1215,0.0,0.0
2019-02-12 00:00:00+08:00,32.0,34.44444274902344,32.0,34.44444274902344,1755,0.0,0.0
2019-02-13 00:00:00+08:00,34.44444274902344,34.44444274902344,34.44444274902344,34.44444274902344,2025,0.0,0.0
2019-02-14 00:00:00+08:00,34.44444274902344,34.44444274902344,34.44444274902344,34.44444274902344,675,0.0,0.0
2019-02-15 00:00:00+08:00,34.44444274902344,34.44444274902344,34.44444274902344,34.44444274902344,0,0.0,0.0
2019-02-18 00:00:00+08:00,34.44444274902344,34.44444274902344,34.44444274902344,34.44444274902344,0,0.0,0.0
2019-02-19 00:00:00+08:00,34.44444274902344,34.44444274902344,34.44444274902344,34.44444274902344,0,0.0,0.0
2019-02-20 00:00:00+08:00,34.44444274902344,34.44444274902344,34.44444274902344,34.44444274902344,0,0.0,0.0
2019-02-21 00:00:00+08:00,34.44444274902344,34.44444274902344,34.44444274902344,34.44444274902344,0,0.0,0.0
2019-02-22 00:00:00+08:00,34.44444274902344,34.44444274902344,34.44444274902344,34.44444274902344,0,0.0,0.0
2019-02-25 00:00:00+08:00,36.296295166015625,36.296295166015625,36.296295166015625,36.296295166015625,135,0.0,0.0
2019-02-26 00:00:00+08:00,36.296295166015625,36.296295166015625,36.296295166015625,36.296295166015625,0,0.0,0.0
2019-02-27 00:00:00+08:00,36.296295166015625,36.296295166015625,36.296295166015625,36.296295166015625,0,0.0,0.0
2019-03-04 00:00:00+08:00,36.14814758300781,36.14814758300781,36.14814758300781,36.14814758300781,135,0.0,0.0
2019-03-05 00:00:00+08:00,36.14814758300781,36.14814758300781,36.14814758300781,36.14814758300781,0,0.0,0.0
2019-03-06 00:00:00+08:00,36.14814758300781,36.14814758300781,36.14814758300781,36.14814758300781,0,0.0,0.0
2019-03-07 00:00:00+08:00,34.074073791503906,34.074073791503906,34.074073791503906,34.074073791503906,405,0.0,0.0
2019-03-08 00:00:00+08:00,34.074073791503906,34.074073791503906,34.074073791503906,34.074073791503906,0,0.0,0.0
2019-03-11 00:00:00+08:00,34.074073791503906,34.074073791503906,34.074073791503906,34.074073791503906,810,0.0,0.0
2019-03-12 00:00:00+08:00,34.074073791503906,34.074073791503906,34.074073791503906,34.074073791503906,0,0.0,0.0
2019-03-13 00:00:00+08:00,34.074073791503906,34.074073791503906,34.074073791503906,34.074073791503906,0,0.0,0.0
2019-03-14 00:00:00+08:00,34.074073791503906,34.074073791503906,34.074073791503906,34.074073791503906,0,0.0,0.0
2019-03-15 00:00:00+08:00,33.03703689575195,35.5555534362793,33.03703689575195,35.5555534362793,1620,0.0,0.0
2019-03-18 00:00:00+08:00,35.5555534362793,35.5555534362793,35.5555534362793,35.5555534362793,0,0.0,0.0
2019-03-19 00:00:00+08:00,33.407405853271484,34.44444274902344,33.407405853271484,34.44444274902344,2160,0.0,0.0
2019-03-20 00:00:00+08:00,34.44444274902344,34.44444274902344,34.44444274902344,34.44444274902344,0,0.0,0.0
2019-03-21 00:00:00+08:00,34.44444274902344,34.44444274902344,34.44444274902344,34.44444274902344,0,0.0,0.0
2019-03-22 00:00:00+08:00,34.814815521240234,34.814815521240234,34.44444274902344,34.44444274902344,810,0.0,0.0
2019-03-25 00:00:00+08:00,34.44444274902344,34.44444274902344,32.666664123535156,32.666664123535156,945,0.0,0.0
2019-03-26 00:00:00+08:00,34.37036895751953,34.37036895751953,32.296295166015625,33.77777862548828,811,0.0,0.0
2019-03-27 00:00:00+08:00,32.59259033203125,32.96296310424805,31.185184478759766,32.96296310424805,1080,0.0,0.0
2019-03-28 00:00:00+08:00,32.96296310424805,32.96296310424805,32.96296310424805,32.96296310424805,270,0.0,0.0
2019-03-29 00:00:00+08:00,31.851850509643555,32.96296310424805,31.851850509643555,32.96296310424805,540,0.0,0.0
2019-04-01 00:00:00+08:00,31.185184478759766,32.22222137451172,30.148147583007812,32.22222137451172,540,0.0,0.0
2019-04-02 00:00:00+08:00,32.96296310424805,32.96296310424805,32.96296310424805,32.96296310424805,810,0.0,0.0
2019-04-03 00:00:00+08:00,32.96296310424805,32.96296310424805,32.96296310424805,32.96296310424805,1215,0.0,0.0
2019-04-08 00:00:00+08:00,32.96296310424805,32.96296310424805,32.96296310424805,32.96296310424805,0,0.0,0.0
2019-04-09 00:00:00+08:00,30.370370864868164,33.33333206176758,30.370370864868164,33.33333206176758,675,0.0,0.0
2019-04-10 00:00:00+08:00,33.33333206176758,33.33333206176758,33.33333206176758,33.33333206176758,0,0.0,0.0
2019-04-11 00:00:00+08:00,33.33333206176758,33.33333206176758,33.33333206176758,33.33333206176758,0,0.0,0.0
2019-04-12 00:00:00+08:00,33.33333206176758,33.33333206176758,33.33333206176758,33.33333206176758,405,0.0,0.0
2019-04-15 00:00:00+08:00,33.33333206176758,33.33333206176758,33.33333206176758,33.33333206176758,0,0.0,0.0
2019-04-16 00:00:00+08:00,33.25925827026367,33.25925827026367,33.25925827026367,33.25925827026367,135,0.0,0.0
2019-04-17 00:00:00+08:00,36.518516540527344,36.518516540527344,35.85185241699219,35.85185241699219,2025,0.0,0.0
2019-04-18 00:00:00+08:00,32.296295166015625,34.44444274902344,32.296295166015625,34.44444274902344,3375,0.0,0.0
2019-04-19 00:00:00+08:00,37.03703689575195,37.03703689575195,32.0,32.0,270,0.0,0.0
2019-04-22 00:00:00+08:00,32.0,32.0,32.0,32.0,0,0.0,0.0
2019-04-23 00:00:00+08:00,33.03703689575195,33.03703689575195,32.88888931274414,32.88888931274414,4185,0.0,0.0
2019-04-24 00:00:00+08:00,31.851850509643555,31.851850509643555,31.851850509643555,31.851850509643555,1755,0.0,0.0
2019-04-25 00:00:00+08:00,31.11111068725586,31.11111068725586,28.66666603088379,29.259258270263672,8775,0.0,0.0
2019-04-26 00:00:00+08:00,30.074073791503906,30.148147583007812,30.074073791503906,30.148147583007812,1080,0.0,0.0
2019-04-29 00:00:00+08:00,30.148147583007812,30.148147583007812,30.148147583007812,30.148147583007812,1350,0.0,0.0
2019-04-30 00:00:00+08:00,28.740739822387695,28.740739822387695,27.407407760620117,27.481481552124023,3375,0.0,0.0
2019-05-02 00:00:00+08:00,28.888887405395508,30.22222137451172,27.481481552124023,30.22222137451172,5265,0.0,0.0
2019-05-03 00:00:00+08:00,30.22222137451172,30.22222137451172,30.22222137451172,30.22222137451172,0,0.0,0.0
2019-05-06 00:00:00+08:00,28.518518447875977,30.148147583007812,28.296295166015625,30.148147583007812,810,0.0,0.0
2019-05-07 00:00:00+08:00,30.148147583007812,30.148147583007812,30.148147583007812,30.148147583007812,0,0.0,0.0
2019-05-08 00:00:00+08:00,30.074073791503906,30.148147583007812,30.074073791503906,30.074073791503906,1080,0.0,0.0
2019-05-09 00:00:00+08:00,30.074073791503906,30.074073791503906,30.074073791503906,30.074073791503906,0,0.0,0.0
2019-05-10 00:00:00+08:00,28.518518447875977,29.481481552124023,28.518518447875977,29.481481552124023,405,0.0,0.0
2019-05-13 00:00:00+08:00,29.481481552124023,29.481481552124023,29.481481552124023,29.481481552124023,0,0.0,0.0
2019-05-14 00:00:00+08:00,29.481481552124023,29.481481552124023,29.481481552124023,29.481481552124023,0,0.0,0.0
2019-05-15 00:00:00+08:00,30.148147583007812,30.148147583007812,30.148147583007812,30.148147583007812,675,0.0,0.0
2019-05-16 00:00:00+08:00,30.148147583007812,30.148147583007812,30.148147583007812,30.148147583007812,0,0.0,0.0
2019-05-17 00:00:00+08:00,30.148147583007812,30.148147583007812,30.148147583007812,30.148147583007812,0,0.0,0.0
2019-05-20 00:00:00+08:00,30.148147583007812,30.148147583007812,30.148147583007812,30.148147583007812,0,0.0,0.0
2019-05-21 00:00:00+08:00,30.148147583007812,30.148147583007812,30.148147583007812,30.148147583007812,0,0.0,0.0
2019-05-22 00:00:00+08:00,30.148147583007812,30.148147583007812,30.148147583007812,30.148147583007812,0,0.0,0.0
2019-05-23 00:00:00+08:00,30.148147583007812,30.148147583007812,30.148147583007812,30.148147583007812,0,0.0,0.0
2019-05-24 00:00:00+08:00,30.148147583007812,30.148147583007812,30.148147583007812,30.148147583007812,0,0.0,0.0
2019-05-27 00:00:00+08:00,30.148147583007812,30.148147583007812,30.148147583007812,30.148147583007812,0,0.0,0.0
2019-05-28 00:00:00+08:00,29.259258270263672,30.22222137451172,29.259258270263672,30.22222137451172,945,0.0,0.0
2019-05-29 00:00:00+08:00,28.370370864868164,28.888887405395508,27.407407760620117,28.888887405395508,7830,0.0,0.0
2019-05-30 00:00:00+08:00,28.888887405395508,29.55555534362793,28.888887405395508,28.888887405395508,1350,0.0,0.0
2019-05-31 00:00:00+08:00,31.77777671813965,31.77777671813965,31.77777671813965,31.77777671813965,135,0.0,0.0
2019-06-03 00:00:00+08:00,34.814815521240234,34.88888931274414,34.814815521240234,34.88888931274414,1620,0.0,0.0
2019-06-04 00:00:00+08:00,36.22222137451172,36.22222137451172,35.6296272277832,35.6296272277832,270,0.0,0.0
2019-06-05 00:00:00+08:00,38.296295166015625,38.296295166015625,32.074073791503906,32.074073791503906,406,0.0,0.0
2019-06-06 00:00:00+08:00,35.25925827026367,35.25925827026367,35.25925827026367,35.25925827026367,136,0.0,0.0
2019-06-10 00:00:00+08:00,38.37036895751953,38.37036895751953,31.77777671813965,31.77777671813965,540,0.0,0.0
2019-06-11 00:00:00+08:00,31.77777671813965,31.77777671813965,28.66666603088379,30.370370864868164,3782,0.0,0.0
2019-06-12 00:00:00+08:00,27.77777671813965,30.148147583007812,27.333332061767578,30.0,7425,0.0,0.0
2019-06-13 00:00:00+08:00,27.259258270263672,27.259258270263672,27.037036895751953,27.037036895751953,5400,0.0,0.0
2019-06-14 00:00:00+08:00,27.407407760620117,27.407407760620117,25.77777671813965,27.333332061767578,2025,0.0,0.0
2019-06-17 00:00:00+08:00,27.11111068725586,27.11111068725586,27.11111068725586,27.11111068725586,136,0.0,0.0
2019-06-18 00:00:00+08:00,27.77777671813965,27.77777671813965,26.740739822387695,27.185184478759766,2700,0.0,0.0
2019-06-19 00:00:00+08:00,27.185184478759766,27.185184478759766,27.185184478759766,27.185184478759766,0,0.0,0.0
2019-06-20 00:00:00+08:00,27.185184478759766,27.185184478759766,27.185184478759766,27.185184478759766,0,0.0,0.0
2019-06-21 00:00:00+08:00,27.407407760620117,27.407407760620117,27.407407760620117,27.407407760620117,135,0.0,0.0
2019-06-24 00:00:00+08:00,27.037036895751953,27.037036895751953,26.740739822387695,26.740739822387695,1215,0.0,0.0
2019-06-25 00:00:00+08:00,27.77777671813965,27.77777671813965,26.740739822387695,26.740739822387695,405,0.0,0.0
2019-06-26 00:00:00+08:00,27.77777671813965,28.962961196899414,27.77777671813965,28.962961196899414,2835,0.0,0.0
2019-06-27 00:00:00+08:00,28.962961196899414,30.518518447875977,27.259258270263672,30.518518447875977,4860,0.0,0.0
2019-06-28 00:00:00+08:00,28.888887405395508,28.888887405395508,27.481481552124023,27.481481552124023,2160,0.0,0.0
2019-07-01 00:00:00+08:00,28.518518447875977,30.148147583007812,28.148147583007812,29.703702926635742,4320,0.0,0.0
2019-07-02 00:00:00+08:00,29.703702926635742,29.703702926635742,29.703702926635742,29.703702926635742,0,0.0,0.0
2019-07-03 00:00:00+08:00,27.55555534362793,27.55555534362793,26.740739822387695,26.740739822387695,2025,0.0,0.0
2019-07-04 00:00:00+08:00,26.740739822387695,26.740739822387695,26.740739822387695,26.740739822387695,0,0.0,0.0
2019-07-05 00:00:00+08:00,26.740739822387695,26.740739822387695,26.740739822387695,26.740739822387695,0,0.0,0.0
2019-07-08 00:00:00+08:00,26.740739822387695,26.740739822387695,26.740739822387695,26.740739822387695,0,0.0,0.0
2019-07-09 00:00:00+08:00,25.92592430114746,26.22222137451172,25.037036895751953,26.22222137451172,2835,0.0,0.0
2019-07-10 00:00:00+08:00,26.22222137451172,26.22222137451172,26.22222137451172,26.22222137451172,0,0.0,0.0
2019-07-11 00:00:00+08:00,26.22222137451172,26.22222137451172,26.22222137451172,26.22222137451172,0,0.0,0.0
2019-07-12 00:00:00+08:00,26.22222137451172,26.22222137451172,26.22222137451172,26.22222137451172,0,0.0,0.0
2019-07-15 00:00:00+08:00,27.185184478759766,27.77777671813965,27.185184478759766,27.77777671813965,810,0.0,0.0
2019-07-16 00:00:00+08:00,27.77777671813965,27.77777671813965,27.77777671813965,27.77777671813965,0,0.0,0.0
2019-07-17 00:00:00+08:00,27.77777671813965,27.77777671813965,27.77777671813965,27.77777671813965,0,0.0,0.0
2019-07-18 00:00:00+08:00,27.77777671813965,27.77777671813965,27.77777671813965,27.77777671813965,0,0.0,0.0
2019-07-19 00:00:00+08:00,27.77777671813965,27.77777671813965,27.77777671813965,27.77777671813965,0,0.0,0.0
2019-07-22 00:00:00+08:00,27.77777671813965,27.77777671813965,27.77777671813965,27.77777671813965,0,0.0,0.0
2019-07-23 00:00:00+08:00,25.77777671813965,25.77777671813965,24.962961196899414,24.962961196899414,16875,0.0,0.0
2019-07-24 00:00:00+08:00,24.962961196899414,24.962961196899414,24.962961196899414,24.962961196899414,5400,0.0,0.0
2019-07-25 00:00:00+08:00,24.8148136138916,24.8148136138916,24.8148136138916,24.8148136138916,270,0.0,0.0
2019-07-26 00:00:00+08:00,24.962961196899414,26.44444465637207,24.962961196899414,26.44444465637207,3105,0.0,0.0
2019-07-29 00:00:00+08:00,25.185184478759766,25.185184478759766,25.185184478759766,25.185184478759766,1486,0.0,0.0
2019-07-30 00:00:00+08:00,25.55555534362793,25.55555534362793,25.185184478759766,25.185184478759766,6345,0.0,0.0
2019-07-31 00:00:00+08:00,23.55555534362793,23.629629135131836,22.66666603088379,22.66666603088379,24069,0.0,0.0
2019-08-01 00:00:00+08:00,22.66666603088379,22.66666603088379,22.66666603088379,22.66666603088379,0,0.0,0.0
2019-08-02 00:00:00+08:00,23.333332061767578,23.407407760620117,21.629629135131836,21.629629135131836,1350,0.0,0.0
2019-08-05 00:00:00+08:00,23.77777671813965,23.77777671813965,23.55555534362793,23.55555534362793,2025,0.0,0.0
2019-08-06 00:00:00+08:00,23.55555534362793,23.55555534362793,23.55555534362793,23.55555534362793,2025,0.0,0.0
2019-08-07 00:00:00+08:00,24.370370864868164,24.370370864868164,24.370370864868164,24.370370864868164,135,0.0,0.0
2019-08-08 00:00:00+08:00,22.592592239379883,22.592592239379883,22.22222137451172,22.22222137451172,4725,0.0,0.0
2019-08-12 00:00:00+08:00,22.888887405395508,23.333332061767578,22.740739822387695,23.333332061767578,3105,0.0,0.0
2019-08-13 00:00:00+08:00,24.592592239379883,25.55555534362793,24.592592239379883,25.55555534362793,5535,0.0,0.0
2019-08-14 00:00:00+08:00,26.148147583007812,26.148147583007812,25.703702926635742,25.703702926635742,2160,0.0,0.0
2019-08-15 00:00:00+08:00,25.629629135131836,25.629629135131836,25.629629135131836,25.629629135131836,270,0.0,0.0
2019-08-16 00:00:00+08:00,24.44444465637207,24.8148136138916,23.77777671813965,24.8148136138916,4320,0.0,0.0
2019-08-19 00:00:00+08:00,24.8148136138916,24.8148136138916,24.8148136138916,24.8148136138916,0,0.0,0.0
2019-08-20 00:00:00+08:00,24.8148136138916,24.8148136138916,24.8148136138916,24.8148136138916,0,0.0,0.0
2019-08-21 00:00:00+08:00,24.8148136138916,24.8148136138916,24.8148136138916,24.8148136138916,0,0.0,0.0
2019-08-22 00:00:00+08:00,26.44444465637207,26.44444465637207,26.44444465637207,26.44444465637207,455,0.0,0.0
2019-08-23 00:00:00+08:00,24.66666603088379,25.55555534362793,24.592592239379883,24.592592239379883,2700,0.0,0.0
2019-08-26 00:00:00+08:00,23.333332061767578,25.259258270263672,23.333332061767578,24.074073791503906,810,0.0,0.0
2019-08-27 00:00:00+08:00,24.074073791503906,24.074073791503906,24.074073791503906,24.074073791503906,0,0.0,0.0
2019-08-28 00:00:00+08:00,25.037036895751953,25.92592430114746,25.037036895751953,25.92592430114746,1620,0.0,0.0
2019-08-29 00:00:00+08:00,26.962961196899414,27.407407760620117,26.962961196899414,27.407407760620117,6210,0.0,0.0
2019-08-30 00:00:00+08:00,29.481481552124023,29.55555534362793,29.259258270263672,29.259258270263672,4995,0.0,0.0
2019-09-02 00:00:00+08:00,30.0,30.0,29.629629135131836,29.629629135131836,2565,0.0,0.0
2019-09-03 00:00:00+08:00,29.629629135131836,29.629629135131836,29.629629135131836,29.629629135131836,0,0.0,0.0
2019-09-04 00:00:00+08:00,29.629629135131836,29.629629135131836,29.629629135131836,29.629629135131836,0,0.0,0.0
2019-09-05 00:00:00+08:00,29.629629135131836,29.629629135131836,29.629629135131836,29.629629135131836,0,0.0,0.0
2019-09-06 00:00:00+08:00,27.185184478759766,32.518516540527344,27.185184478759766,32.518516540527344,272,0.0,0.0
2019-09-10 00:00:00+08:00,27.037036895751953,27.037036895751953,26.44444465637207,26.44444465637207,2296,0.0,0.0
2019-09-11 00:00:00+08:00,26.44444465637207,26.44444465637207,26.44444465637207,26.44444465637207,1350,0.0,0.0
2019-09-12 00:00:00+08:00,27.77777671813965,28.148147583007812,26.66666603088379,27.77777671813965,3780,0.0,0.0
2019-09-16 00:00:00+08:00,28.148147583007812,28.888887405395508,28.148147583007812,28.888887405395508,5670,0.0,0.0
2019-09-17 00:00:00+08:00,30.962961196899414,30.962961196899414,28.888887405395508,28.888887405395508,27540,0.0,0.0
2019-09-18 00:00:00+08:00,31.55555534362793,31.55555534362793,31.11111068725586,31.11111068725586,13695,0.0,0.0
2019-09-19 00:00:00+08:00,31.037036895751953,31.037036895751953,30.888887405395508,30.888887405395508,810,0.0,0.0
2019-09-20 00:00:00+08:00,29.629629135131836,29.629629135131836,28.296295166015625,28.518518447875977,3240,0.0,0.0
2019-09-23 00:00:00+08:00,28.518518447875977,31.185184478759766,28.518518447875977,30.740739822387695,1755,0.0,0.0
2019-09-24 00:00:00+08:00,28.888887405395508,28.888887405395508,28.518518447875977,28.518518447875977,4185,0.0,0.0
2019-09-25 00:00:00+08:00,31.259258270263672,31.259258270263672,31.259258270263672,31.259258270263672,135,0.0,0.0
2019-09-26 00:00:00+08:00,29.259258270263672,29.259258270263672,28.148147583007812,28.888887405395508,10665,0.0,0.0
2019-09-27 00:00:00+08:00,28.962961196899414,28.962961196899414,28.888887405395508,28.962961196899414,8910,0.0,0.0
2019-10-01 00:00:00+08:00,28.962961196899414,28.962961196899414,28.962961196899414,28.962961196899414,0,0.0,0.0
2019-10-02 00:00:00+08:00,28.962961196899414,31.333332061767578,28.888887405395508,31.259258270263672,3105,0.0,0.0
2019-10-03 00:00:00+08:00,28.296295166015625,32.59259033203125,28.296295166015625,32.59259033203125,1485,0.0,0.0
2019-10-04 00:00:00+08:00,29.55555534362793,29.851850509643555,29.55555534362793,29.77777671813965,1620,0.0,0.0
2019-10-07 00:00:00+08:00,28.148147583007812,29.333332061767578,28.148147583007812,29.333332061767578,1215,0.0,0.0
2019-10-08 00:00:00+08:00,31.77777671813965,31.77777671813965,28.592592239379883,31.481481552124023,1081,0.0,0.0
2019-10-09 00:00:00+08:00,31.481481552124023,31.481481552124023,31.481481552124023,31.481481552124023,0,0.0,0.0
2019-10-14 00:00:00+08:00,31.481481552124023,31.481481552124023,31.481481552124023,31.481481552124023,0,0.0,0.0
2019-10-15 00:00:00+08:00,33.33333206176758,33.33333206176758,31.407407760620117,31.407407760620117,2430,0.0,0.0
2019-10-16 00:00:00+08:00,31.407407760620117,31.407407760620117,31.407407760620117,31.407407760620117,0,0.0,0.0
2019-10-17 00:00:00+08:00,31.407407760620117,31.407407760620117,31.407407760620117,31.407407760620117,0,0.0,0.0
2019-10-18 00:00:00+08:00,32.296295166015625,33.33333206176758,29.333332061767578,33.33333206176758,3105,0.0,0.0
2019-10-21 00:00:00+08:00,30.370370864868164,32.37036895751953,30.370370864868164,32.37036895751953,3383,0.0,0.0
2019-10-22 00:00:00+08:00,31.037036895751953,31.851850509643555,31.037036895751953,31.851850509643555,681,0.0,0.0
2019-10-23 00:00:00+08:00,31.11111068725586,31.11111068725586,29.77777671813965,29.77777671813965,1620,0.0,0.0
2019-10-24 00:00:00+08:00,31.11111068725586,31.11111068725586,31.11111068725586,31.11111068725586,290,0.0,0.0
2019-10-25 00:00:00+08:00,31.11111068725586,31.11111068725586,31.11111068725586,31.11111068725586,270,0.0,0.0
2019-10-28 00:00:00+08:00,29.92592430114746,29.92592430114746,29.92592430114746,29.92592430114746,270,0.0,0.0
2019-10-29 00:00:00+08:00,29.629629135131836,29.629629135131836,29.629629135131836,29.629629135131836,405,0.0,0.0
2019-10-30 00:00:00+08:00,29.629629135131836,29.629629135131836,29.629629135131836,29.629629135131836,0,0.0,0.0
2019-10-31 00:00:00+08:00,30.66666603088379,30.66666603088379,30.66666603088379,30.66666603088379,270,0.0,0.0
2019-11-01 00:00:00+08:00,30.66666603088379,30.66666603088379,30.66666603088379,30.66666603088379,0,0.0,0.0
2019-11-04 00:00:00+08:00,30.66666603088379,30.66666603088379,30.66666603088379,30.66666603088379,0,0.0,0.0
2019-11-05 00:00:00+08:00,30.66666603088379,30.66666603088379,30.66666603088379,30.66666603088379,0,0.0,0.0
2019-11-06 00:00:00+08:00,30.66666603088379,30.66666603088379,30.66666603088379,30.66666603088379,0,0.0,0.0
2019-11-07 00:00:00+08:00,30.66666603088379,30.66666603088379,30.66666603088379,30.66666603088379,0,0.0,0.0
2019-11-08 00:00:00+08:00,30.66666603088379,30.66666603088379,30.66666603088379,30.66666603088379,0,0.0,0.0
2019-11-11 00:00:00+08:00,30.66666603088379,30.66666603088379,30.66666603088379,30.66666603088379,0,0.0,0.0
2019-11-12 00:00:00+08:00,30.66666603088379,30.66666603088379,30.66666603088379,30.66666603088379,0,0.0,0.0
2019-11-13 00:00:00+08:00,30.66666603088379,30.66666603088379,30.66666603088379,30.66666603088379,0,0.0,0.0
2019-11-14 00:00:00+08:00,30.66666603088379,30.66666603088379,30.66666603088379,30.66666603088379,0,0.0,0.0
2019-11-15 00:00:00+08:00,30.66666603088379,30.66666603088379,30.66666603088379,30.66666603088379,0,0.0,0.0
2019-11-18 00:00:00+08:00,30.66666603088379,30.66666603088379,30.66666603088379,30.66666603088379,0,0.0,0.0
2019-11-19 00:00:00+08:00,30.66666603088379,30.66666603088379,30.66666603088379,30.66666603088379,0,0.0,0.0
2019-11-20 00:00:00+08:00,30.66666603088379,30.66666603088379,30.66666603088379,30.66666603088379,0,0.0,0.0
2019-11-21 00:00:00+08:00,30.66666603088379,30.66666603088379,30.66666603088379,30.66666603088379,0,0.0,0.0
2019-11-22 00:00:00+08:00,30.66666603088379,30.66666603088379,30.66666603088379,30.66666603088379,0,0.0,0.0
2019-11-25 00:00:00+08:00,30.66666603088379,30.66666603088379,30.66666603088379,30.66666603088379,0,0.0,0.0
2019-11-26 00:00:00+08:00,27.77777671813965,28.740739822387695,27.037036895751953,28.740739822387695,675,0.0,0.0
2019-11-27 00:00:00+08:00,26.296295166015625,26.296295166015625,26.296295166015625,26.296295166015625,540,0.0,0.0
2019-11-28 00:00:00+08:00,26.296295166015625,26.296295166015625,26.296295166015625,26.296295166015625,540,0.0,0.0
2019-11-29 00:00:00+08:00,26.296295166015625,26.296295166015625,26.296295166015625,26.296295166015625,0,0.0,0.0
2019-12-02 00:00:00+08:00,24.888887405395508,24.888887405395508,24.888887405395508,24.888887405395508,540,0.0,0.0
2019-12-03 00:00:00+08:00,24.888887405395508,24.888887405395508,24.888887405395508,24.888887405395508,0,0.0,0.0
2019-12-04 00:00:00+08:00,24.8148136138916,25.259258270263672,24.8148136138916,25.259258270263672,810,0.0,0.0
2019-12-05 00:00:00+08:00,24.8148136138916,25.259258270263672,24.8148136138916,25.259258270263672,810,0.0,0.0
2019-12-06 00:00:00+08:00,25.259258270263672,25.259258270263672,25.259258270263672,25.259258270263672,0,0.0,0.0
2019-12-09 00:00:00+08:00,25.259258270263672,25.259258270263672,25.259258270263672,25.259258270263672,0,0.0,0.0
2019-12-10 00:00:00+08:00,25.259258270263672,25.259258270263672,25.259258270263672,25.259258270263672,0,0.0,0.0
2019-12-11 00:00:00+08:00,25.259258270263672,25.259258270263672,25.259258270263672,25.259258270263672,0,0.0,0.0
2019-12-12 00:00:00+08:00,25.92592430114746,26.66666603088379,25.92592430114746,26.66666603088379,1620,0.0,0.0
2019-12-13 00:00:00+08:00,24.8148136138916,27.407407760620117,24.074073791503906,27.407407760620117,2835,0.0,0.0
2019-12-16 00:00:00+08:00,27.481481552124023,27.481481552124023,27.481481552124023,27.481481552124023,135,0.0,0.0
2019-12-17 00:00:00+08:00,26.074073791503906,27.481481552124023,26.074073791503906,27.481481552124023,945,0.0,0.0
2019-12-18 00:00:00+08:00,26.370370864868164,26.66666603088379,24.740739822387695,26.66666603088379,3105,0.0,0.0
2019-12-19 00:00:00+08:00,26.66666603088379,26.66666603088379,26.66666603088379,26.66666603088379,405,0.0,0.0
2019-12-20 00:00:00+08:00,26.66666603088379,26.66666603088379,26.66666603088379,26.66666603088379,405,0.0,0.0
2019-12-23 00:00:00+08:00,26.66666603088379,26.66666603088379,26.66666603088379,26.66666603088379,0,0.0,0.0
2019-12-24 00:00:00+08:00,27.037036895751953,27.037036895751953,27.037036895751953,27.037036895751953,1350,0.0,0.0
2019-12-25 00:00:00+08:00,27.037036895751953,27.037036895751953,27.037036895751953,27.037036895751953,1350,0.0,0.0
2019-12-26 00:00:00+08:00,27.037036895751953,27.037036895751953,27.037036895751953,27.037036895751953,0,0.0,0.0
2019-12-27 00:00:00+08:00,27.037036895751953,27.037036895751953,27.037036895751953,27.037036895751953,0,0.0,0.0
2019-12-30 00:00:00+08:00,27.037036895751953,27.037036895751953,27.037036895751953,27.037036895751953,0,0.0,0.0
2019-12-31 00:00:00+08:00,27.037036895751953,27.037036895751953,27.037036895751953,27.037036895751953,0,0.0,0.0
2020-01-02 00:00:00+08:00,27.037036895751953,27.037036895751953,27.037036895751953,27.037036895751953,0,0.0,0.0
2020-01-03 00:00:00+08:00,27.037036895751953,27.037036895751953,27.037036895751953,27.037036895751953,0,0.0,0.0
2020-01-06 00:00:00+08:00,27.037036895751953,27.037036895751953,27.037036895751953,27.037036895751953,0,0.0,0.0
2020-01-07 00:00:00+08:00,24.8148136138916,24.8148136138916,24.8148136138916,24.8148136138916,270,0.0,0.0
2020-01-08 00:00:00+08:00,24.8148136138916,24.8148136138916,24.8148136138916,24.8148136138916,270,0.0,0.0
2020-01-09 00:00:00+08:00,24.8148136138916,24.8148136138916,24.8148136138916,24.8148136138916,0,0.0,0.0
2020-01-10 00:00:00+08:00,25.92592430114746,26.66666603088379,25.185184478759766,25.333332061767578,1485,0.0,0.0
2020-01-13 00:00:00+08:00,25.92592430114746,25.92592430114746,25.92592430114746,25.92592430114746,945,0.0,0.0
2020-01-14 00:00:00+08:00,26.518518447875977,26.518518447875977,26.0,26.0,675,0.0,0.0
2020-01-15 00:00:00+08:00,26.0,26.0,26.0,26.0,0,0.0,0.0
2020-01-16 00:00:00+08:00,26.0,26.0,26.0,26.0,0,0.0,0.0
2020-01-17 00:00:00+08:00,26.0,26.0,26.0,26.0,0,0.0,0.0
2020-01-20 00:00:00+08:00,26.0,26.0,26.0,26.0,0,0.0,0.0
2020-01-30 00:00:00+08:00,31.11111068725586,31.11111068725586,26.148147583007812,26.148147583007812,8640,0.0,0.0
2020-01-31 00:00:00+08:00,31.11111068725586,31.11111068725586,26.148147583007812,26.148147583007812,8656,0.0,0.0
2020-02-03 00:00:00+08:00,25.037036895751953,26.592592239379883,25.037036895751953,26.592592239379883,8640,0.0,0.0
2020-02-04 00:00:00+08:00,25.037036895751953,26.592592239379883,25.037036895751953,26.592592239379883,8644,0.0,0.0
2020-02-05 00:00:00+08:00,26.592592239379883,26.592592239379883,26.592592239379883,26.592592239379883,0,0.0,0.0
2020-02-06 00:00:00+08:00,26.0,27.407407760620117,26.0,27.407407760620117,1890,0.0,0.0
2020-02-07 00:00:00+08:00,25.92592430114746,27.037036895751953,25.92592430114746,26.66666603088379,2160,0.0,0.0
2020-02-10 00:00:00+08:00,27.407407760620117,27.407407760620117,27.037036895751953,27.037036895751953,2835,0.0,0.0
2020-02-11 00:00:00+08:00,25.92592430114746,26.8148136138916,25.185184478759766,26.592592239379883,7155,0.0,0.0
2020-02-12 00:00:00+08:00,25.92592430114746,26.8148136138916,25.185184478759766,26.592592239379883,7155,0.0,0.0
2020-02-13 00:00:00+08:00,26.592592239379883,26.592592239379883,26.592592239379883,26.592592239379883,0,0.0,0.0
2020-02-14 00:00:00+08:00,26.592592239379883,26.592592239379883,26.592592239379883,26.592592239379883,0,0.0,0.0
2020-02-17 00:00:00+08:00,24.44444465637207,25.185184478759766,24.44444465637207,25.185184478759766,1080,0.0,0.0
2020-02-18 00:00:00+08:00,24.44444465637207,25.185184478759766,24.44444465637207,25.185184478759766,1080,0.0,0.0
2020-02-19 00:00:00+08:00,25.185184478759766,25.185184478759766,25.185184478759766,25.185184478759766,675,0.0,0.0
2020-02-20 00:00:00+08:00,25.185184478759766,25.185184478759766,25.185184478759766,25.185184478759766,675,0.0,0.0
2020-02-21 00:00:00+08:00,25.185184478759766,25.185184478759766,24.962961196899414,24.962961196899414,6210,0.0,0.0
2020-02-24 00:00:00+08:00,22.592592239379883,22.592592239379883,22.592592239379883,22.592592239379883,1350,0.0,0.0
2020-02-25 00:00:00+08:00,24.370370864868164,24.44444465637207,22.66666603088379,22.66666603088379,1755,0.0,0.0
2020-02-26 00:00:00+08:00,22.962961196899414,24.8148136138916,22.962961196899414,24.8148136138916,3375,0.0,0.0
2020-02-27 00:00:00+08:00,24.66666603088379,24.66666603088379,23.11111068725586,23.11111068725586,2565,0.0,0.0
2020-03-02 00:00:00+08:00,23.11111068725586,23.11111068725586,23.11111068725586,23.11111068725586,0,0.0,0.0
2020-03-03 00:00:00+08:00,23.11111068725586,23.11111068725586,23.11111068725586,23.11111068725586,0,0.0,0.0
2020-03-04 00:00:00+08:00,23.11111068725586,23.11111068725586,23.11111068725586,23.11111068725586,0,0.0,0.0
2020-03-05 00:00:00+08:00,23.77777671813965,24.962961196899414,23.77777671813965,24.518518447875977,2700,0.0,0.0
2020-03-06 00:00:00+08:00,24.518518447875977,24.518518447875977,24.518518447875977,24.518518447875977,0,0.0,0.0
2020-03-09 00:00:00+08:00,24.518518447875977,24.518518447875977,24.518518447875977,24.518518447875977,0,0.0,0.0
2020-03-10 00:00:00+08:00,22.962961196899414,22.962961196899414,22.962961196899414,22.962961196899414,540,0.0,0.0
2020-03-11 00:00:00+08:00,22.962961196899414,22.962961196899414,22.962961196899414,22.962961196899414,540,0.0,0.0
2020-03-12 00:00:00+08:00,20.0,20.0,20.0,20.0,135,0.0,0.0
2020-03-13 00:00:00+08:00,18.148147583007812,18.148147583007812,18.148147583007812,18.148147583007812,675,0.0,0.0
2020-03-16 00:00:00+08:00,16.740739822387695,19.92592430114746,16.740739822387695,19.92592430114746,945,0.0,0.0
2020-03-17 00:00:00+08:00,19.92592430114746,19.92592430114746,19.92592430114746,19.92592430114746,675,0.0,0.0
2020-03-18 00:00:00+08:00,19.92592430114746,19.92592430114746,19.92592430114746,19.92592430114746,405,0.0,0.0
2020-03-19 00:00:00+08:00,18.148147583007812,19.92592430114746,18.074073791503906,19.92592430114746,5940,0.0,0.0
2020-03-20 00:00:00+08:00,19.92592430114746,21.629629135131836,19.92592430114746,21.629629135131836,2565,0.0,0.0
2020-03-23 00:00:00+08:00,21.629629135131836,21.629629135131836,21.629629135131836,21.629629135131836,0,0.0,0.0
2020-03-24 00:00:00+08:00,21.629629135131836,21.629629135131836,21.629629135131836,21.629629135131836,0,0.0,0.0
2020-03-25 00:00:00+08:00,19.407407760620117,19.407407760620117,19.407407760620117,20.740739822387695,135,0.0,0.0
2020-03-26 00:00:00+08:00,19.407407760620117,19.407407760620117,19.407407760620117,19.407407760620117,270,0.0,0.0
2020-03-27 00:00:00+08:00,19.259258270263672,19.259258270263672,19.259258270263672,19.259258270263672,405,0.0,0.0
2020-03-30 00:00:00+08:00,19.92592430114746,21.185184478759766,19.92592430114746,19.92592430114746,405,0.0,0.0
2020-03-31 00:00:00+08:00,23.185184478759766,23.185184478759766,19.11111068725586,19.11111068725586,9585,0.0,0.0
2020-04-01 00:00:00+08:00,19.11111068725586,19.11111068725586,19.11111068725586,19.11111068725586,0,0.0,0.0
2020-04-06 00:00:00+08:00,17.259258270263672,20.962961196899414,17.259258270263672,20.888887405395508,810,0.0,0.0
2020-04-07 00:00:00+08:00,18.888887405395508,18.888887405395508,18.888887405395508,18.888887405395508,5130,0.0,0.0
2020-04-08 00:00:00+08:00,18.888887405395508,18.888887405395508,18.888887405395508,18.888887405395508,0,0.0,0.0
2020-04-09 00:00:00+08:00,20.0,20.0,20.0,20.0,135,0.0,0.0
2020-04-10 00:00:00+08:00,18.0,18.0,18.0,18.0,675,0.0,0.0
2020-04-13 00:00:00+08:00,16.22222137451172,19.481481552124023,16.22222137451172,19.481481552124023,2160,0.0,0.0
2020-04-14 00:00:00+08:00,18.888887405395508,18.888887405395508,18.518518447875977,18.888887405395508,1080,0.0,0.0
2020-04-15 00:00:00+08:00,19.11111068725586,19.11111068725586,19.11111068725586,19.11111068725586,270,0.0,0.0
2020-04-16 00:00:00+08:00,20.962961196899414,20.962961196899414,20.962961196899414,20.962961196899414,1080,0.0,0.0
2020-04-17 00:00:00+08:00,20.962961196899414,20.962961196899414,20.962961196899414,20.962961196899414,0,0.0,0.0
2020-04-20 00:00:00+08:00,18.888887405395508,22.592592239379883,18.888887405395508,22.592592239379883,1215,0.0,0.0
2020-04-21 00:00:00+08:00,22.22222137451172,22.22222137451172,20.370370864868164,21.11111068725586,8505,0.0,0.0
2020-04-22 00:00:00+08:00,22.074073791503906,22.074073791503906,22.074073791503906,22.074073791503906,405,0.0,0.0
2020-04-23 00:00:00+08:00,22.888887405395508,24.22222137451172,22.888887405395508,24.22222137451172,1080,0.0,0.0
2020-04-24 00:00:00+08:00,26.370370864868164,26.518518447875977,26.296295166015625,26.296295166015625,1620,0.0,0.0
2020-04-27 00:00:00+08:00,23.703702926635742,25.185184478759766,23.703702926635742,25.185184478759766,2835,0.0,0.0
2020-04-28 00:00:00+08:00,24.44444465637207,24.44444465637207,24.44444465637207,24.44444465637207,270,0.0,0.0
2020-04-29 00:00:00+08:00,24.44444465637207,24.44444465637207,24.44444465637207,24.44444465637207,0,0.0,0.0
2020-04-30 00:00:00+08:00,25.11111068725586,25.11111068725586,25.11111068725586,25.11111068725586,405,0.0,0.0
2020-05-04 00:00:00+08:00,27.037036895751953,27.037036895751953,27.037036895751953,27.037036895751953,135,0.0,0.0
2020-05-05 00:00:00+08:00,24.370370864868164,26.518518447875977,24.370370864868164,26.518518447875977,4455,0.0,0.0
2020-05-06 00:00:00+08:00,23.92592430114746,23.92592430114746,23.92592430114746,23.92592430114746,675,0.0,0.0
2020-05-07 00:00:00+08:00,23.92592430114746,23.92592430114746,23.92592430114746,23.92592430114746,0,0.0,0.0
2020-05-08 00:00:00+08:00,23.92592430114746,23.92592430114746,23.92592430114746,23.92592430114746,0,0.0,0.0
2020-05-11 00:00:00+08:00,23.92592430114746,23.92592430114746,23.92592430114746,23.92592430114746,0,0.0,0.0
2020-05-12 00:00:00+08:00,23.92592430114746,23.92592430114746,23.92592430114746,23.92592430114746,0,0.0,0.0
2020-05-13 00:00:00+08:00,23.92592430114746,23.92592430114746,23.92592430114746,23.92592430114746,0,0.0,0.0
2020-05-14 00:00:00+08:00,23.92592430114746,23.92592430114746,23.92592430114746,23.92592430114746,0,0.0,0.0
2020-05-15 00:00:00+08:00,23.92592430114746,23.92592430114746,23.92592430114746,23.92592430114746,405,0.0,0.0
2020-05-18 00:00:00+08:00,23.92592430114746,23.92592430114746,23.92592430114746,23.92592430114746,0,0.0,0.0
2020-05-19 00:00:00+08:00,23.92592430114746,23.92592430114746,23.92592430114746,23.92592430114746,0,0.0,0.0
2020-05-20 00:00:00+08:00,21.55555534362793,22.22222137451172,21.55555534362793,22.22222137451172,1620,0.0,0.0
2020-05-21 00:00:00+08:00,22.22222137451172,22.22222137451172,22.22222137451172,22.22222137451172,0,0.0,0.0
2020-05-22 00:00:00+08:00,22.22222137451172,22.22222137451172,22.22222137451172,22.22222137451172,0,0.0,0.0
2020-05-25 00:00:00+08:00,22.22222137451172,22.22222137451172,22.22222137451172,22.22222137451172,0,0.0,0.0
2020-05-26 00:00:00+08:00,22.22222137451172,22.22222137451172,22.22222137451172,22.22222137451172,270,0.0,0.0
2020-05-27 00:00:00+08:00,22.22222137451172,22.22222137451172,22.22222137451172,22.22222137451172,0,0.0,0.0
2020-05-28 00:00:00+08:00,22.8148136138916,22.8148136138916,22.22222137451172,22.22222137451172,1755,0.0,0.0
2020-05-29 00:00:00+08:00,22.22222137451172,22.22222137451172,22.22222137451172,22.22222137451172,0,0.0,0.0
2020-06-01 00:00:00+08:00,22.22222137451172,22.22222137451172,22.22222137451172,22.22222137451172,0,0.0,0.0
2020-06-02 00:00:00+08:00,22.888887405395508,22.888887405395508,22.888887405395508,22.888887405395508,270,0.0,0.0
2020-06-03 00:00:00+08:00,20.66666603088379,21.259258270263672,20.66666603088379,21.259258270263672,5805,0.0,0.0
2020-06-04 00:00:00+08:00,22.074073791503906,22.074073791503906,22.074073791503906,22.074073791503906,270,0.0,0.0
2020-06-05 00:00:00+08:00,22.740739822387695,24.22222137451172,22.740739822387695,24.22222137451172,5265,0.0,0.0
2020-06-08 00:00:00+08:00,22.44444465637207,22.44444465637207,22.44444465637207,22.44444465637207,405,0.0,0.0
2020-06-09 00:00:00+08:00,22.44444465637207,22.44444465637207,22.44444465637207,22.44444465637207,0,0.0,0.0
2020-06-10 00:00:00+08:00,22.44444465637207,22.44444465637207,22.44444465637207,22.44444465637207,0,0.0,0.0
2020-06-11 00:00:00+08:00,22.44444465637207,22.44444465637207,22.44444465637207,22.44444465637207,0,0.0,0.0
2020-06-12 00:00:00+08:00,24.66666603088379,24.66666603088379,24.66666603088379,24.66666603088379,135,0.0,0.0
2020-06-15 00:00:00+08:00,24.66666603088379,24.66666603088379,24.66666603088379,24.66666603088379,135,0.0,0.0
2020-06-16 00:00:00+08:00,25.185184478759766,25.185184478759766,25.185184478759766,25.185184478759766,1350,0.0,0.0
2020-06-17 00:00:00+08:00,25.185184478759766,25.185184478759766,25.185184478759766,25.185184478759766,540,0.0,0.0
2020-06-18 00:00:00+08:00,22.66666603088379,22.962961196899414,22.66666603088379,22.962961196899414,7290,0.0,0.0
2020-06-19 00:00:00+08:00,25.259258270263672,25.259258270263672,22.22222137451172,22.962961196899414,9585,0.0,0.0
2020-06-22 00:00:00+08:00,25.259258270263672,25.259258270263672,22.22222137451172,23.703702926635742,3510,0.0,0.0
2020-06-23 00:00:00+08:00,23.703702926635742,23.703702926635742,23.703702926635742,23.703702926635742,0,0.0,0.0
2020-06-24 00:00:00+08:00,23.703702926635742,23.703702926635742,23.703702926635742,23.703702926635742,0,0.0,0.0
2020-06-29 00:00:00+08:00,22.370370864868164,22.370370864868164,22.370370864868164,22.370370864868164,810,0.0,0.0
2020-06-30 00:00:00+08:00,20.148147583007812,21.481481552124023,20.148147583007812,21.481481552124023,2160,0.0,0.0
2020-07-01 00:00:00+08:00,21.481481552124023,22.296295166015625,21.481481552124023,22.296295166015625,1620,0.0,0.0
2020-07-02 00:00:00+08:00,21.481481552124023,21.481481552124023,21.481481552124023,21.481481552124023,540,0.0,0.0
2020-07-03 00:00:00+08:00,21.629629135131836,21.629629135131836,21.629629135131836,21.629629135131836,540,0.0,0.0
2020-07-06 00:00:00+08:00,22.8148136138916,22.8148136138916,19.629629135131836,19.629629135131836,6615,0.0,0.0
2020-07-07 00:00:00+08:00,20.148147583007812,20.148147583007812,20.148147583007812,20.148147583007812,1350,0.0,0.0
2020-07-08 00:00:00+08:00,20.148147583007812,21.037036895751953,20.148147583007812,21.037036895751953,1080,0.0,0.0
2020-07-09 00:00:00+08:00,21.037036895751953,21.037036895751953,21.037036895751953,21.037036895751953,0,0.0,0.0
2020-07-10 00:00:00+08:00,21.037036895751953,21.037036895751953,21.037036895751953,21.037036895751953,1350,0.0,0.0
2020-07-13 00:00:00+08:00,23.11111068725586,23.11111068725586,22.962961196899414,22.962961196899414,2025,0.0,0.0
2020-07-14 00:00:00+08:00,20.66666603088379,22.8148136138916,20.66666603088379,22.8148136138916,945,0.0,0.0
2020-07-15 00:00:00+08:00,21.407407760620117,21.407407760620117,21.037036895751953,21.037036895751953,1350,0.0,0.0
2020-07-16 00:00:00+08:00,20.888887405395508,21.703702926635742,20.888887405395508,21.629629135131836,4050,0.0,0.0
2020-07-17 00:00:00+08:00,22.148147583007812,23.11111068725586,22.148147583007812,22.592592239379883,12150,0.0,0.0
2020-07-20 00:00:00+08:00,22.22222137451172,22.22222137451172,22.148147583007812,22.148147583007812,540,0.0,0.0
2020-07-21 00:00:00+08:00,20.962961196899414,20.962961196899414,20.962961196899414,20.962961196899414,2025,0.0,0.0
2020-07-22 00:00:00+08:00,22.44444465637207,22.44444465637207,20.370370864868164,20.370370864868164,675,0.0,0.0
2020-07-23 00:00:00+08:00,20.370370864868164,20.370370864868164,20.370370864868164,20.370370864868164,0,0.0,0.0
2020-07-24 00:00:00+08:00,20.740739822387695,20.8148136138916,20.740739822387695,20.8148136138916,1350,0.0,0.0
2020-07-27 00:00:00+08:00,20.888887405395508,20.888887405395508,20.740739822387695,20.740739822387695,4050,0.0,0.0
2020-07-28 00:00:00+08:00,20.740739822387695,20.740739822387695,20.740739822387695,20.740739822387695,810,0.0,0.0
2020-07-29 00:00:00+08:00,20.740739822387695,20.740739822387695,20.740739822387695,20.740739822387695,0,0.0,0.0
2020-07-30 00:00:00+08:00,20.740739822387695,20.740739822387695,20.740739822387695,20.740739822387695,270,0.0,0.0
2020-07-31 00:00:00+08:00,22.592592239379883,22.592592239379883,22.592592239379883,22.592592239379883,135,0.0,0.0
2020-08-03 00:00:00+08:00,22.592592239379883,22.592592239379883,22.518518447875977,22.518518447875977,2700,0.0,0.0
2020-08-04 00:00:00+08:00,22.518518447875977,22.518518447875977,22.518518447875977,22.518518447875977,0,0.0,0.0
2020-08-05 00:00:00+08:00,22.44444465637207,22.44444465637207,21.11111068725586,22.22222137451172,2430,0.0,0.0
2020-08-06 00:00:00+08:00,22.22222137451172,22.22222137451172,22.22222137451172,22.22222137451172,0,0.0,0.0
2020-08-07 00:00:00+08:00,21.185184478759766,21.185184478759766,21.185184478759766,21.185184478759766,405,0.0,0.0
2020-08-10 00:00:00+08:00,21.11111068725586,21.11111068725586,20.370370864868164,20.370370864868164,4185,0.0,0.0
2020-08-11 00:00:00+08:00,19.703702926635742,20.0,19.703702926635742,20.0,4455,0.0,0.0
2020-08-12 00:00:00+08:00,20.0,20.0,20.0,20.0,405,0.0,0.0
2020-08-13 00:00:00+08:00,19.851850509643555,20.0,19.851850509643555,20.0,2700,0.0,0.0
2020-08-14 00:00:00+08:00,20.0,20.0,20.0,20.0,0,0.0,0.0
2020-08-17 00:00:00+08:00,20.0,20.0,20.0,20.0,0,0.0,0.0
2020-08-18 00:00:00+08:00,20.0,22.0,20.0,22.0,1620,0.0,0.0
2020-08-19 00:00:00+08:00,24.148147583007812,24.148147583007812,24.074073791503906,24.148147583007812,15255,0.0,0.0
2020-08-20 00:00:00+08:00,26.518518447875977,26.518518447875977,26.518518447875977,26.518518447875977,57780,0.0,0.0
2020-08-21 00:00:00+08:00,27.11111068725586,29.11111068725586,27.11111068725586,29.11111068725586,30375,0.0,0.0
2020-08-24 00:00:00+08:00,32.0,32.0,29.703702926635742,29.703702926635742,23895,0.0,0.0
2020-08-25 00:00:00+08:00,29.259258270263672,29.259258270263672,26.740739822387695,26.740739822387695,8370,0.0,0.0
2020-08-26 00:00:00+08:00,24.074073791503906,25.92592430114746,24.074073791503906,25.92592430114746,53730,0.0,0.0
2020-08-27 00:00:00+08:00,25.77777671813965,25.77777671813965,24.22222137451172,24.22222137451172,8640,0.0,0.0
2020-08-28 00:00:00+08:00,22.962961196899414,23.037036895751953,22.962961196899414,23.037036895751953,1755,0.0,0.0
2020-08-31 00:00:00+08:00,22.962961196899414,22.962961196899414,22.296295166015625,22.888887405395508,3105,0.0,0.0
2020-09-01 00:00:00+08:00,22.888887405395508,22.888887405395508,22.888887405395508,22.888887405395508,405,0.0,0.0
2020-09-02 00:00:00+08:00,22.888887405395508,22.962961196899414,22.0,22.962961196899414,2835,0.0,0.0
2020-09-03 00:00:00+08:00,22.296295166015625,22.592592239379883,22.148147583007812,22.370370864868164,14445,0.0,0.0
2020-09-04 00:00:00+08:00,22.148147583007812,22.148147583007812,21.629629135131836,21.629629135131836,22410,0.0,0.0
2020-09-07 00:00:00+08:00,21.629629135131836,22.22222137451172,21.629629135131836,21.77777671813965,5940,0.0,0.0
2020-09-08 00:00:00+08:00,22.518518447875977,23.92592430114746,22.518518447875977,23.92592430114746,12015,0.0,0.0
2020-09-09 00:00:00+08:00,23.92592430114746,23.92592430114746,22.296295166015625,23.333332061767578,8910,0.0,0.0
2020-09-10 00:00:00+08:00,23.333332061767578,23.333332061767578,22.962961196899414,23.333332061767578,4725,0.0,0.0
2020-09-11 00:00:00+08:00,23.11111068725586,23.185184478759766,22.962961196899414,23.185184478759766,7965,0.0,0.0
2020-09-14 00:00:00+08:00,22.962961196899414,23.259258270263672,22.44444465637207,22.44444465637207,6750,0.0,0.0
2020-09-15 00:00:00+08:00,22.44444465637207,22.44444465637207,22.370370864868164,22.370370864868164,9720,0.0,0.0
2020-09-16 00:00:00+08:00,22.370370864868164,23.185184478759766,22.370370864868164,23.037036895751953,4455,0.0,0.0
2020-09-17 00:00:00+08:00,23.037036895751953,23.55555534362793,23.037036895751953,23.55555534362793,6480,0.0,0.0
2020-09-18 00:00:00+08:00,24.44444465637207,25.851850509643555,24.44444465637207,25.851850509643555,10260,0.0,0.0
2020-09-21 00:00:00+08:00,28.370370864868164,28.370370864868164,28.370370864868164,28.370370864868164,19710,0.0,0.0
2020-09-22 00:00:00+08:00,31.185184478759766,31.185184478759766,28.296295166015625,31.185184478759766,76950,0.0,0.0
2020-09-23 00:00:00+08:00,34.296295166015625,34.296295166015625,34.296295166015625,34.296295166015625,33885,0.0,0.0
2020-09-24 00:00:00+08:00,37.703704833984375,37.703704833984375,34.59259033203125,34.814815521240234,54675,0.0,0.0
2020-09-25 00:00:00+08:00,36.88888931274414,36.88888931274414,31.333332061767578,31.333332061767578,19845,0.0,0.0
2020-09-28 00:00:00+08:00,28.22222137451172,28.888887405395508,28.22222137451172,28.370370864868164,10125,0.0,0.0
2020-09-29 00:00:00+08:00,26.740739822387695,27.259258270263672,26.740739822387695,27.259258270263672,5265,0.0,0.0
2020-09-30 00:00:00+08:00,28.074073791503906,29.92592430114746,28.074073791503906,29.92592430114746,7020,0.0,0.0
2020-10-05 00:00:00+08:00,29.629629135131836,29.629629135131836,29.629629135131836,29.629629135131836,3645,0.0,0.0
2020-10-06 00:00:00+08:00,27.11111068725586,28.148147583007812,27.11111068725586,27.481481552124023,7020,0.0,0.0
2020-10-07 00:00:00+08:00,25.55555534362793,28.148147583007812,25.55555534362793,28.148147583007812,6075,0.0,0.0
2020-10-08 00:00:00+08:00,28.074073791503906,28.148147583007812,28.074073791503906,28.148147583007812,4590,0.0,0.0
2020-10-12 00:00:00+08:00,30.962961196899414,30.962961196899414,30.962961196899414,30.962961196899414,6885,0.0,0.0
2020-10-13 00:00:00+08:00,31.11111068725586,31.11111068725586,28.592592239379883,29.629629135131836,5130,0.0,0.0
2020-10-14 00:00:00+08:00,28.22222137451172,28.22222137451172,27.77777671813965,28.148147583007812,7425,0.0,0.0
2020-10-15 00:00:00+08:00,26.962961196899414,26.962961196899414,26.962961196899414,26.962961196899414,540,0.0,0.0
2020-10-16 00:00:00+08:00,26.962961196899414,26.962961196899414,26.962961196899414,26.962961196899414,0,0.0,0.0
2020-10-19 00:00:00+08:00,25.407407760620117,25.77777671813965,25.185184478759766,25.629629135131836,2970,0.0,0.0
2020-10-20 00:00:00+08:00,25.629629135131836,25.629629135131836,25.481481552124023,25.481481552124023,9180,0.0,0.0
2020-10-21 00:00:00+08:00,25.55555534362793,25.55555534362793,25.55555534362793,25.55555534362793,270,0.0,0.0
2020-10-22 00:00:00+08:00,24.8148136138916,26.074073791503906,24.8148136138916,26.074073791503906,3780,0.0,0.0
2020-10-23 00:00:00+08:00,25.185184478759766,25.185184478759766,25.185184478759766,25.185184478759766,1620,0.0,0.0
2020-10-26 00:00:00+08:00,26.296295166015625,26.296295166015625,26.296295166015625,26.296295166015625,270,0.0,0.0
2020-10-27 00:00:00+08:00,25.407407760620117,26.148147583007812,25.259258270263672,26.148147583007812,2160,0.0,0.0
2020-10-28 00:00:00+08:00,24.8148136138916,24.8148136138916,24.8148136138916,24.8148136138916,135,0.0,0.0
2020-10-29 00:00:00+08:00,24.8148136138916,24.8148136138916,24.8148136138916,24.8148136138916,0,0.0,0.0
2020-10-30 00:00:00+08:00,26.074073791503906,26.074073791503906,26.074073791503906,26.074073791503906,270,0.0,0.0
2020-11-02 00:00:00+08:00,24.740739822387695,24.740739822387695,24.740739822387695,24.740739822387695,945,0.0,0.0
2020-11-03 00:00:00+08:00,24.44444465637207,25.92592430114746,24.44444465637207,25.55555534362793,5130,0.0,0.0
2020-11-04 00:00:00+08:00,24.518518447875977,24.8148136138916,24.518518447875977,24.8148136138916,8910,0.0,0.0
2020-11-05 00:00:00+08:00,24.44444465637207,25.185184478759766,24.44444465637207,25.185184478759766,7830,0.0,0.0
2020-11-06 00:00:00+08:00,25.185184478759766,25.185184478759766,24.518518447875977,24.592592239379883,810,0.0,0.0
2020-11-09 00:00:00+08:00,24.8148136138916,24.8148136138916,24.740739822387695,24.740739822387695,405,0.0,0.0
2020-11-10 00:00:00+08:00,24.148147583007812,24.740739822387695,24.148147583007812,24.740739822387695,405,0.0,0.0
2020-11-11 00:00:00+08:00,24.740739822387695,25.92592430114746,24.740739822387695,25.92592430114746,405,0.0,0.0
2020-11-12 00:00:00+08:00,25.92592430114746,25.92592430114746,23.333332061767578,23.333332061767578,5940,0.0,0.0
2020-11-13 00:00:00+08:00,24.592592239379883,24.592592239379883,23.407407760620117,24.592592239379883,6210,0.0,0.0
2020-11-16 00:00:00+08:00,24.44444465637207,25.185184478759766,23.77777671813965,23.77777671813965,4995,0.0,0.0
2020-11-17 00:00:00+08:00,23.77777671813965,23.77777671813965,23.77777671813965,23.77777671813965,5805,0.0,0.0
2020-11-18 00:00:00+08:00,23.333332061767578,23.333332061767578,23.333332061767578,23.333332061767578,675,0.0,0.0
2020-11-19 00:00:00+08:00,23.333332061767578,23.333332061767578,22.592592239379883,22.592592239379883,5670,0.0,0.0
2020-11-20 00:00:00+08:00,22.592592239379883,22.8148136138916,22.370370864868164,22.592592239379883,6480,0.0,0.0
2020-11-23 00:00:00+08:00,22.962961196899414,22.962961196899414,22.66666603088379,22.66666603088379,5265,0.0,0.0
2020-11-24 00:00:00+08:00,23.407407760620117,23.407407760620117,22.962961196899414,22.962961196899414,10260,0.0,0.0
2020-11-25 00:00:00+08:00,22.962961196899414,23.851850509643555,22.22222137451172,23.851850509643555,6615,0.0,0.0
2020-11-26 00:00:00+08:00,24.0,24.074073791503906,23.185184478759766,23.185184478759766,3375,0.0,0.0
2020-11-27 00:00:00+08:00,23.185184478759766,23.185184478759766,23.185184478759766,23.185184478759766,0,0.0,0.0
2020-11-30 00:00:00+08:00,22.962961196899414,23.333332061767578,22.962961196899414,23.333332061767578,3510,0.0,0.0
2020-12-01 00:00:00+08:00,23.037036895751953,23.333332061767578,23.037036895751953,23.333332061767578,8235,0.0,0.0
2020-12-02 00:00:00+08:00,22.66666603088379,23.703702926635742,22.66666603088379,23.333332061767578,6075,0.0,0.0
2020-12-03 00:00:00+08:00,22.44444465637207,23.333332061767578,22.44444465637207,23.259258270263672,1755,0.0,0.0
2020-12-04 00:00:00+08:00,22.66666603088379,23.703702926635742,22.66666603088379,23.55555534362793,4185,0.0,0.0
2020-12-07 00:00:00+08:00,23.259258270263672,23.333332061767578,23.259258270263672,23.333332061767578,270,0.0,0.0
2020-12-08 00:00:00+08:00,23.333332061767578,23.333332061767578,23.333332061767578,23.333332061767578,0,0.0,0.0
2020-12-09 00:00:00+08:00,22.962961196899414,23.703702926635742,22.962961196899414,22.962961196899414,13095,0.0,0.0
2020-12-10 00:00:00+08:00,22.592592239379883,22.592592239379883,20.66666603088379,22.370370864868164,15660,0.0,0.0
2020-12-11 00:00:00+08:00,21.481481552124023,23.11111068725586,21.481481552124023,23.11111068725586,7425,0.0,0.0
2020-12-14 00:00:00+08:00,22.370370864868164,24.148147583007812,22.370370864868164,24.148147583007812,7830,0.0,0.0
2020-12-15 00:00:00+08:00,22.962961196899414,23.703702926635742,22.962961196899414,23.703702926635742,5535,0.0,0.0
2020-12-16 00:00:00+08:00,23.703702926635742,23.703702926635742,22.962961196899414,23.629629135131836,4185,0.0,0.0
2020-12-17 00:00:00+08:00,23.629629135131836,24.44444465637207,23.629629135131836,24.44444465637207,14040,0.0,0.0
2020-12-18 00:00:00+08:00,23.037036895751953,24.074073791503906,23.037036895751953,23.703702926635742,19845,0.0,0.0
2020-12-21 00:00:00+08:00,22.44444465637207,24.074073791503906,22.44444465637207,23.703702926635742,21060,0.0,0.0
2020-12-22 00:00:00+08:00,22.962961196899414,23.77777671813965,22.962961196899414,23.703702926635742,7290,0.0,0.0
2020-12-23 00:00:00+08:00,23.037036895751953,23.703702926635742,23.037036895751953,23.629629135131836,6345,0.0,0.0
2020-12-24 00:00:00+08:00,22.962961196899414,24.074073791503906,22.962961196899414,24.074073791503906,540,0.0,0.0
2020-12-25 00:00:00+08:00,23.333332061767578,24.44444465637207,23.333332061767578,24.44444465637207,14580,0.0,0.0
2020-12-28 00:00:00+08:00,23.333332061767578,24.592592239379883,23.333332061767578,24.592592239379883,15930,0.0,0.0
2020-12-29 00:00:00+08:00,24.592592239379883,24.8148136138916,24.592592239379883,24.8148136138916,1755,0.0,0.0
2020-12-30 00:00:00+08:00,24.8148136138916,27.259258270263672,24.8148136138916,26.888887405395508,11610,0.0,0.0
2020-12-31 00:00:00+08:00,26.888887405395508,28.888887405395508,25.333332061767578,28.888887405395508,4185,0.0,0.0
2021-01-04 00:00:00+08:00,31.629629135131836,31.629629135131836,26.296295166015625,26.296295166015625,3780,0.0,0.0
2021-01-05 00:00:00+08:00,26.66666603088379,27.259258270263672,25.185184478759766,25.185184478759766,4455,0.0,0.0
2021-01-06 00:00:00+08:00,24.148147583007812,25.185184478759766,24.148147583007812,25.185184478759766,19035,0.0,0.0
2021-01-07 00:00:00+08:00,23.77777671813965,25.185184478759766,23.77777671813965,24.888887405395508,9315,0.0,0.0
2021-01-08 00:00:00+08:00,23.92592430114746,25.185184478759766,23.92592430114746,24.44444465637207,21465,0.0,0.0
2021-01-11 00:00:00+08:00,23.703702926635742,24.888887405395508,23.703702926635742,24.592592239379883,25515,0.0,0.0
2021-01-12 00:00:00+08:00,23.77777671813965,24.44444465637207,23.77777671813965,24.44444465637207,25110,0.0,0.0
2021-01-13 00:00:00+08:00,23.77777671813965,26.148147583007812,23.77777671813965,25.185184478759766,13635,0.0,0.0
2021-01-14 00:00:00+08:00,25.185184478759766,25.92592430114746,23.851850509643555,25.55555534362793,9585,0.0,0.0
2021-01-15 00:00:00+08:00,24.592592239379883,25.92592430114746,24.592592239379883,25.92592430114746,7695,0.0,0.0
2021-01-18 00:00:00+08:00,28.074073791503906,28.074073791503906,23.333332061767578,24.518518447875977,9720,0.0,0.0
2021-01-19 00:00:00+08:00,25.92592430114746,26.962961196899414,25.92592430114746,26.962961196899414,17820,0.0,0.0
2021-01-20 00:00:00+08:00,26.962961196899414,28.148147583007812,26.0,28.148147583007812,13905,0.0,0.0
2021-01-21 00:00:00+08:00,28.148147583007812,28.148147583007812,28.148147583007812,28.148147583007812,0,0.0,0.5
2021-01-22 00:00:00+08:00,28.148147583007812,28.148147583007812,28.148147583007812,28.148147583007812,0,0.0,0.0
2021-01-25 00:00:00+08:00,28.148147583007812,28.148147583007812,28.148147583007812,28.148147583007812,0,0.0,0.0
2021-01-26 00:00:00+08:00,28.148147583007812,28.148147583007812,28.148147583007812,28.148147583007812,0,0.0,0.0
2021-01-27 00:00:00+08:00,28.148147583007812,28.148147583007812,28.148147583007812,28.148147583007812,0,0.0,0.0
2021-01-28 00:00:00+08:00,28.148147583007812,28.148147583007812,28.148147583007812,28.148147583007812,0,0.0,0.0
2021-01-29 00:00:00+08:00,28.148147583007812,28.148147583007812,28.148147583007812,28.148147583007812,0,0.0,0.0
2021-02-01 00:00:00+08:00,25.333332061767578,25.370370864868164,25.333332061767578,25.370370864868164,32670,0.0,0.0
2021-02-02 00:00:00+08:00,27.888887405395508,27.888887405395508,27.888887405395508,27.888887405395508,13770,0.0,0.0
2021-02-03 00:00:00+08:00,30.66666603088379,30.66666603088379,30.370370864868164,30.66666603088379,16470,0.0,0.0
2021-02-04 00:00:00+08:00,33.666664123535156,33.666664123535156,32.96296310424805,32.96296310424805,19440,0.0,0.0
2021-02-05 00:00:00+08:00,33.33333206176758,33.33333206176758,32.59259033203125,33.33333206176758,8640,0.0,0.0
2021-02-17 00:00:00+08:00,33.33333206176758,33.33333206176758,33.33333206176758,33.33333206176758,13770,0.0,0.0
2021-02-18 00:00:00+08:00,33.33333206176758,33.33333206176758,30.407407760620117,30.407407760620117,3240,0.0,0.0
2021-02-19 00:00:00+08:00,30.44444465637207,30.44444465637207,30.407407760620117,30.407407760620117,3780,0.0,0.0
2021-02-22 00:00:00+08:00,27.703702926635742,28.333332061767578,27.703702926635742,28.148147583007812,15120,0.0,0.0
2021-02-23 00:00:00+08:00,26.370370864868164,26.740739822387695,26.370370864868164,26.740739822387695,4590,0.0,0.0
2021-02-24 00:00:00+08:00,26.740739822387695,29.370370864868164,26.740739822387695,29.370370864868164,7560,0.0,0.0
2021-02-25 00:00:00+08:00,29.333332061767578,29.333332061767578,29.259258270263672,29.259258270263672,4050,0.0,0.0
2021-02-26 00:00:00+08:00,27.22222137451172,29.55555534362793,27.22222137451172,29.55555534362793,1890,0.0,0.0
2021-03-02 00:00:00+08:00,29.55555534362793,29.55555534362793,28.148147583007812,28.148147583007812,3240,0.0,0.0
2021-03-03 00:00:00+08:00,28.148147583007812,28.148147583007812,28.148147583007812,28.148147583007812,0,0.0,0.0
2021-03-04 00:00:00+08:00,28.148147583007812,28.148147583007812,28.148147583007812,28.148147583007812,0,0.0,0.0
2021-03-05 00:00:00+08:00,28.148147583007812,28.148147583007812,28.148147583007812,28.148147583007812,0,0.0,0.0
2021-03-08 00:00:00+08:00,28.148147583007812,28.148147583007812,28.148147583007812,28.148147583007812,2970,0.0,0.0
2021-03-09 00:00:00+08:00,28.148147583007812,28.148147583007812,28.148147583007812,28.148147583007812,0,0.0,0.0
2021-03-10 00:00:00+08:00,26.22222137451172,28.703702926635742,26.22222137451172,28.518518447875977,6480,0.0,0.0
2021-03-11 00:00:00+08:00,30.66666603088379,30.66666603088379,30.66666603088379,30.66666603088379,270,0.0,0.0
2021-03-12 00:00:00+08:00,30.66666603088379,30.66666603088379,30.66666603088379,30.66666603088379,0,0.0,0.0
2021-03-15 00:00:00+08:00,30.66666603088379,30.66666603088379,30.66666603088379,30.66666603088379,0,0.0,0.0
2021-03-16 00:00:00+08:00,29.629629135131836,29.629629135131836,29.629629135131836,29.629629135131836,1080,0.0,0.0
2021-03-17 00:00:00+08:00,31.037036895751953,31.037036895751953,31.037036895751953,31.037036895751953,270,0.0,0.0
2021-03-18 00:00:00+08:00,33.74074172973633,33.74074172973633,33.25925827026367,33.25925827026367,2160,0.0,0.0
2021-03-19 00:00:00+08:00,30.8148136138916,30.8148136138916,30.259258270263672,30.259258270263672,5130,0.0,0.0
2021-03-22 00:00:00+08:00,30.259258270263672,30.259258270263672,30.259258270263672,30.259258270263672,0,0.0,0.0
2021-03-23 00:00:00+08:00,30.740739822387695,30.740739822387695,28.074073791503906,28.074073791503906,1620,0.0,0.0
2021-03-24 00:00:00+08:00,27.44444465637207,27.44444465637207,27.44444465637207,27.44444465637207,540,0.0,0.0
2021-03-25 00:00:00+08:00,26.296295166015625,26.296295166015625,26.296295166015625,26.296295166015625,2160,0.0,0.0
2021-03-26 00:00:00+08:00,24.44444465637207,24.592592239379883,24.44444465637207,24.592592239379883,8910,0.0,0.0
2021-03-29 00:00:00+08:00,24.592592239379883,25.66666603088379,24.592592239379883,25.66666603088379,12960,0.0,0.0
2021-03-30 00:00:00+08:00,25.629629135131836,25.629629135131836,25.629629135131836,25.629629135131836,1890,0.0,0.0
2021-03-31 00:00:00+08:00,24.703702926635742,24.703702926635742,24.703702926635742,24.703702926635742,1620,0.0,0.0
2021-04-01 00:00:00+08:00,25.370370864868164,25.370370864868164,25.11111068725586,25.11111068725586,4050,0.0,0.0
2021-04-07 00:00:00+08:00,25.481481552124023,25.888887405395508,25.481481552124023,25.888887405395508,6210,0.0,0.0
2021-04-08 00:00:00+08:00,25.77777671813965,25.77777671813965,23.66666603088379,28.296295166015625,6480,0.0,0.0
2021-04-09 00:00:00+08:00,25.703702926635742,25.703702926635742,25.703702926635742,26.888887405395508,810,0.0,0.0
2021-04-12 00:00:00+08:00,26.259258270263672,26.259258270263672,25.92592430114746,25.92592430114746,1620,0.0,0.0
2021-04-13 00:00:00+08:00,27.22222137451172,27.407407760620117,27.22222137451172,28.518518447875977,4320,0.0,0.0
2021-04-14 00:00:00+08:00,25.370370864868164,29.074073791503906,25.370370864868164,29.074073791503906,1350,0.0,0.0
2021-04-15 00:00:00+08:00,27.77777671813965,27.77777671813965,27.740739822387695,27.77777671813965,1890,0.0,0.0
2021-04-16 00:00:00+08:00,27.962961196899414,30.55555534362793,27.962961196899414,30.55555534362793,32670,0.0,0.0
2021-04-19 00:00:00+08:00,30.0,31.44444465637207,30.0,30.481481552124023,7020,0.0,0.0
2021-04-20 00:00:00+08:00,30.185184478759766,30.185184478759766,30.0,30.0,2160,0.0,0.0
2021-04-21 00:00:00+08:00,32.6296272277832,32.6296272277832,28.55555534362793,32.407405853271484,5670,0.0,0.0
2021-04-22 00:00:00+08:00,32.407405853271484,32.407405853271484,29.629629135131836,29.629629135131836,8100,0.0,0.0
2021-04-23 00:00:00+08:00,29.629629135131836,32.59259033203125,29.629629135131836,32.59259033203125,5400,0.0,0.0
2021-04-26 00:00:00+08:00,31.11111068725586,31.11111068725586,31.11111068725586,31.11111068725586,1080,0.0,0.0
2021-04-27 00:00:00+08:00,31.074073791503906,31.481481552124023,31.074073791503906,31.481481552124023,1080,0.0,0.0
2021-04-28 00:00:00+08:00,29.259258270263672,29.629629135131836,28.888887405395508,29.259258270263672,9180,0.0,0.0
2021-04-29 00:00:00+08:00,30.0,30.0,27.77777671813965,29.592592239379883,12420,0.0,0.0
2021-05-03 00:00:00+08:00,29.592592239379883,29.592592239379883,27.8148136138916,27.8148136138916,3510,0.0,0.0
2021-05-04 00:00:00+08:00,28.185184478759766,30.0,28.148147583007812,30.0,1620,0.0,0.0
2021-05-05 00:00:00+08:00,30.0,30.0,30.0,30.0,0,0.0,0.0
2021-05-06 00:00:00+08:00,30.0,30.0,30.0,30.0,0,0.0,0.0
2021-05-07 00:00:00+08:00,28.888887405395508,29.592592239379883,28.22222137451172,29.55555534362793,4590,0.0,0.0
2021-05-10 00:00:00+08:00,30.407407760620117,31.259258270263672,29.592592239379883,29.592592239379883,7290,0.0,0.0
2021-05-11 00:00:00+08:00,29.592592239379883,29.592592239379883,26.66666603088379,28.962961196899414,24300,0.0,0.0
2021-05-12 00:00:00+08:00,26.296295166015625,28.44444465637207,26.296295166015625,28.44444465637207,1890,0.0,0.0
2021-05-13 00:00:00+08:00,29.296295166015625,29.296295166015625,29.296295166015625,29.296295166015625,270,0.0,0.0
2021-05-14 00:00:00+08:00,26.703702926635742,26.77777671813965,26.370370864868164,26.370370864868164,16470,0.0,0.0
2021-05-17 00:00:00+08:00,26.370370864868164,26.370370864868164,26.370370864868164,26.370370864868164,0,0.0,0.0
2021-05-18 00:00:00+08:00,26.370370864868164,26.370370864868164,26.370370864868164,26.370370864868164,0,0.0,0.0
2021-05-19 00:00:00+08:00,26.370370864868164,26.370370864868164,26.370370864868164,26.370370864868164,0,0.0,0.0
2021-05-20 00:00:00+08:00,25.92592430114746,25.92592430114746,25.92592430114746,25.92592430114746,2970,0.0,0.0
2021-05-21 00:00:00+08:00,25.92592430114746,25.92592430114746,25.92592430114746,25.92592430114746,1350,0.0,0.0
2021-05-24 00:00:00+08:00,25.92592430114746,25.92592430114746,25.92592430114746,25.92592430114746,0,0.0,0.0
2021-05-25 00:00:00+08:00,25.92592430114746,25.92592430114746,25.92592430114746,25.92592430114746,0,0.0,0.0
2021-05-26 00:00:00+08:00,24.44444465637207,25.888887405395508,24.074073791503906,25.888887405395508,11610,0.0,0.0
2021-05-27 00:00:00+08:00,24.8148136138916,25.851850509643555,24.8148136138916,25.851850509643555,4590,0.0,0.0
2021-05-28 00:00:00+08:00,25.851850509643555,25.851850509643555,25.851850509643555,25.851850509643555,0,0.0,0.0
2021-05-31 00:00:00+08:00,24.8148136138916,26.962961196899414,24.8148136138916,26.962961196899414,1890,0.0,0.0
2021-06-01 00:00:00+08:00,26.962961196899414,27.77777671813965,26.962961196899414,27.77777671813965,1080,0.0,0.0
2021-06-02 00:00:00+08:00,27.77777671813965,27.77777671813965,27.77777671813965,27.77777671813965,0,0.0,0.0
2021-06-03 00:00:00+08:00,27.77777671813965,27.77777671813965,27.77777671813965,27.77777671813965,0,0.0,0.0
2021-06-04 00:00:00+08:00,27.77777671813965,27.77777671813965,27.77777671813965,27.77777671813965,0,0.0,0.0
2021-06-07 00:00:00+08:00,27.77777671813965,27.77777671813965,27.77777671813965,27.77777671813965,0,0.0,0.0
2021-06-08 00:00:00+08:00,27.77777671813965,27.77777671813965,27.77777671813965,27.77777671813965,0,0.0,0.0
2021-06-09 00:00:00+08:00,26.037036895751953,26.851850509643555,26.0,25.703702926635742,2700,0.0,0.0
2021-06-10 00:00:00+08:00,25.703702926635742,25.703702926635742,25.703702926635742,25.703702926635742,0,0.0,0.0
2021-06-11 00:00:00+08:00,25.44444465637207,26.296295166015625,25.407407760620117,26.296295166015625,8640,0.0,0.0
2021-06-15 00:00:00+08:00,28.296295166015625,28.296295166015625,28.296295166015625,27.592592239379883,1350,0.0,0.0
2021-06-16 00:00:00+08:00,28.037036895751953,28.037036895751953,26.074073791503906,26.074073791503906,1350,0.0,0.0
2021-06-17 00:00:00+08:00,25.44444465637207,26.962961196899414,25.44444465637207,26.962961196899414,1080,0.0,0.0
2021-06-18 00:00:00+08:00,26.92592430114746,26.92592430114746,26.92592430114746,26.92592430114746,1350,0.0,0.0
2021-06-21 00:00:00+08:00,26.92592430114746,26.92592430114746,26.92592430114746,26.92592430114746,0,0.0,0.0
2021-06-22 00:00:00+08:00,26.92592430114746,26.92592430114746,26.92592430114746,26.92592430114746,0,0.0,0.0
2021-06-23 00:00:00+08:00,26.92592430114746,26.92592430114746,26.92592430114746,26.92592430114746,0,0.0,0.0
2021-06-24 00:00:00+08:00,25.22222137451172,25.592592239379883,24.92592430114746,25.592592239379883,4050,0.0,0.0
2021-06-25 00:00:00+08:00,25.92592430114746,26.333332061767578,25.92592430114746,25.037036895751953,540,0.0,0.0
2021-06-28 00:00:00+08:00,25.55555534362793,25.888887405395508,24.8148136138916,25.703702926635742,5400,0.0,0.0
2021-06-29 00:00:00+08:00,25.296295166015625,25.629629135131836,25.185184478759766,25.185184478759766,17010,0.0,0.0
2021-06-30 00:00:00+08:00,25.44444465637207,25.55555534362793,24.8148136138916,25.185184478759766,10530,0.0,0.0
2021-07-01 00:00:00+08:00,24.629629135131836,24.629629135131836,24.629629135131836,24.629629135131836,270,0.0,0.0
2021-07-02 00:00:00+08:00,24.629629135131836,26.481481552124023,24.629629135131836,26.481481552124023,4320,0.0,0.0
2021-07-05 00:00:00+08:00,27.296295166015625,28.518518447875977,25.370370864868164,27.888887405395508,11070,0.0,0.0
2021-07-06 00:00:00+08:00,27.888887405395508,27.888887405395508,27.888887405395508,27.888887405395508,0,0.0,0.0
2021-07-07 00:00:00+08:00,26.296295166015625,26.296295166015625,25.888887405395508,26.037036895751953,3510,0.0,0.0
2021-07-08 00:00:00+08:00,25.888887405395508,27.22222137451172,25.296295166015625,27.074073791503906,12150,0.0,0.0
2021-07-09 00:00:00+08:00,26.851850509643555,26.851850509643555,25.592592239379883,26.407407760620117,3510,0.0,0.0
2021-07-12 00:00:00+08:00,27.185184478759766,27.185184478759766,25.296295166015625,25.92592430114746,1350,0.0,0.0
2021-07-13 00:00:00+08:00,25.740739822387695,26.518518447875977,25.740739822387695,26.518518447875977,810,0.0,0.0
2021-07-14 00:00:00+08:00,25.92592430114746,26.518518447875977,25.92592430114746,26.518518447875977,2430,0.0,0.0
2021-07-15 00:00:00+08:00,26.481481552124023,26.518518447875977,26.296295166015625,26.333332061767578,6750,0.0,0.0
2021-07-16 00:00:00+08:00,25.92592430114746,26.518518447875977,25.92592430114746,26.518518447875977,810,0.0,0.0
2021-07-19 00:00:00+08:00,26.407407760620117,26.481481552124023,26.407407760620117,26.481481552124023,2970,0.0,0.0
2021-07-20 00:00:00+08:00,26.481481552124023,26.481481552124023,26.481481552124023,26.481481552124023,0,0.0,0.0
2021-07-21 00:00:00+08:00,26.481481552124023,26.481481552124023,26.481481552124023,26.481481552124023,0,0.0,0.0
2021-07-22 00:00:00+08:00,25.185184478759766,25.8148136138916,25.185184478759766,25.8148136138916,3240,0.0,0.0
2021-07-23 00:00:00+08:00,25.370370864868164,25.370370864868164,25.370370864868164,25.370370864868164,270,0.0,0.0
2021-07-26 00:00:00+08:00,25.370370864868164,25.370370864868164,25.370370864868164,25.370370864868164,0,0.0,0.0
2021-07-27 00:00:00+08:00,25.370370864868164,25.370370864868164,25.370370864868164,25.370370864868164,0,0.0,0.0
2021-07-28 00:00:00+08:00,25.55555534362793,25.92592430114746,25.370370864868164,25.370370864868164,12690,0.0,0.0
2021-07-29 00:00:00+08:00,25.44444465637207,25.481481552124023,25.370370864868164,25.370370864868164,11610,0.0,0.0
2021-07-30 00:00:00+08:00,25.370370864868164,25.370370864868164,25.370370864868164,25.370370864868164,0,0.0,0.0
2021-08-02 00:00:00+08:00,25.370370864868164,25.370370864868164,25.370370864868164,25.370370864868164,0,0.0,0.0
2021-08-03 00:00:00+08:00,25.407407760620117,25.44444465637207,25.407407760620117,25.44444465637207,540,0.0,0.0
2021-08-04 00:00:00+08:00,25.44444465637207,25.44444465637207,25.44444465637207,25.44444465637207,0,0.0,0.0
2021-08-05 00:00:00+08:00,25.44444465637207,25.44444465637207,25.44444465637207,25.44444465637207,0,0.0,0.0
2021-08-06 00:00:00+08:00,26.77777671813965,26.77777671813965,26.77777671813965,26.77777671813965,270,0.0,0.0
2021-08-09 00:00:00+08:00,26.77777671813965,26.77777671813965,26.77777671813965,26.77777671813965,0,0.0,0.0
2021-08-10 00:00:00+08:00,25.92592430114746,25.92592430114746,24.8148136138916,24.8148136138916,2430,0.0,0.0
2021-08-11 00:00:00+08:00,25.185184478759766,25.185184478759766,25.185184478759766,24.851850509643555,21060,0.0,0.0
2021-08-12 00:00:00+08:00,25.148147583007812,25.185184478759766,25.148147583007812,25.185184478759766,3510,0.0,0.0
2021-08-13 00:00:00+08:00,25.185184478759766,25.185184478759766,25.185184478759766,25.185184478759766,0,0.0,0.0
2021-08-16 00:00:00+08:00,24.074073791503906,25.185184478759766,24.074073791503906,25.185184478759766,5130,0.0,0.0
2021-08-17 00:00:00+08:00,25.185184478759766,25.185184478759766,25.185184478759766,25.185184478759766,0,0.0,0.0
2021-08-18 00:00:00+08:00,24.962961196899414,24.962961196899414,24.962961196899414,24.962961196899414,540,0.0,0.0
2021-08-19 00:00:00+08:00,24.962961196899414,24.962961196899414,24.962961196899414,24.962961196899414,0,0.0,0.0
2021-08-20 00:00:00+08:00,24.11111068725586,24.11111068725586,24.074073791503906,24.074073791503906,5400,0.0,0.0
2021-08-23 00:00:00+08:00,24.074073791503906,24.074073791503906,24.074073791503906,24.074073791503906,0,0.0,0.0
2021-08-24 00:00:00+08:00,24.074073791503906,24.074073791503906,24.074073791503906,24.074073791503906,0,0.0,0.0
2021-08-25 00:00:00+08:00,24.074073791503906,24.074073791503906,24.074073791503906,24.074073791503906,0,0.0,0.0
2021-08-26 00:00:00+08:00,24.074073791503906,24.074073791503906,24.074073791503906,24.074073791503906,0,0.0,0.0
2021-08-27 00:00:00+08:00,25.185184478759766,25.77777671813965,24.296295166015625,25.77777671813965,13500,0.0,0.0
2021-08-30 00:00:00+08:00,25.92592430114746,27.296295166015625,25.92592430114746,27.296295166015625,15120,0.0,0.0
2021-08-31 00:00:00+08:00,27.296295166015625,27.296295166015625,27.296295166015625,27.296295166015625,540,0.0,0.0
2021-09-01 00:00:00+08:00,27.22222137451172,27.259258270263672,27.22222137451172,27.259258270263672,13500,0.0,0.0
2021-09-02 00:00:00+08:00,27.259258270263672,27.259258270263672,27.259258270263672,27.259258270263672,0,0.0,0.0
2021-09-03 00:00:00+08:00,27.259258270263672,27.259258270263672,27.259258270263672,27.259258270263672,0,0.0,0.0
2021-09-06 00:00:00+08:00,27.259258270263672,27.259258270263672,27.259258270263672,27.259258270263672,0,0.0,0.0
2021-09-07 00:00:00+08:00,27.259258270263672,27.259258270263672,27.259258270263672,27.259258270263672,0,0.0,0.0
2021-09-08 00:00:00+08:00,27.259258270263672,27.259258270263672,27.259258270263672,27.259258270263672,0,0.0,0.0
2021-09-09 00:00:00+08:00,28.074073791503906,28.11111068725586,28.074073791503906,24.8148136138916,810,0.0,0.0
2021-09-10 00:00:00+08:00,24.8148136138916,24.8148136138916,24.8148136138916,24.8148136138916,0,0.0,0.0
2021-09-13 00:00:00+08:00,24.8148136138916,24.8148136138916,24.8148136138916,24.8148136138916,0,0.0,0.0
2021-09-14 00:00:00+08:00,26.296295166015625,27.22222137451172,26.296295166015625,26.296295166015625,10260,0.0,0.0
2021-09-15 00:00:00+08:00,27.037036895751953,27.037036895751953,26.296295166015625,26.296295166015625,6210,0.0,0.0
2021-09-16 00:00:00+08:00,25.92592430114746,26.296295166015625,25.92592430114746,26.296295166015625,8640,0.0,0.0
2021-09-17 00:00:00+08:00,25.92592430114746,25.92592430114746,25.92592430114746,25.92592430114746,270,0.0,0.0
2021-09-22 00:00:00+08:00,25.92592430114746,25.92592430114746,25.92592430114746,25.92592430114746,0,0.0,0.0
2021-09-23 00:00:00+08:00,25.92592430114746,25.92592430114746,25.92592430114746,25.92592430114746,0,0.0,0.0
2021-09-24 00:00:00+08:00,25.92592430114746,25.92592430114746,25.92592430114746,25.92592430114746,0,0.0,0.0
2021-09-27 00:00:00+08:00,25.92592430114746,25.92592430114746,25.92592430114746,25.92592430114746,0,0.0,0.0
2021-09-28 00:00:00+08:00,25.92592430114746,25.92592430114746,25.92592430114746,25.92592430114746,0,0.0,0.0
2021-09-29 00:00:00+08:00,25.92592430114746,25.92592430114746,25.92592430114746,25.92592430114746,0,0.0,0.0
2021-09-30 00:00:00+08:00,25.370370864868164,25.370370864868164,25.370370864868164,25.370370864868164,540,0.0,0.0
2021-10-01 00:00:00+08:00,25.370370864868164,25.370370864868164,25.370370864868164,25.370370864868164,0,0.0,0.0
2021-10-04 00:00:00+08:00,25.370370864868164,25.370370864868164,25.370370864868164,25.370370864868164,0,0.0,0.0
2021-10-05 00:00:00+08:00,25.370370864868164,25.370370864868164,25.370370864868164,25.370370864868164,0,0.0,0.0
2021-10-06 00:00:00+08:00,25.370370864868164,25.370370864868164,25.370370864868164,25.370370864868164,0,0.0,0.0
2021-10-07 00:00:00+08:00,25.370370864868164,25.370370864868164,25.370370864868164,25.370370864868164,0,0.0,0.0
2021-10-08 00:00:00+08:00,25.370370864868164,25.370370864868164,25.370370864868164,25.370370864868164,0,0.0,0.0
2021-10-12 00:00:00+08:00,25.370370864868164,25.370370864868164,25.370370864868164,25.370370864868164,0,0.0,0.0
2021-10-13 00:00:00+08:00,25.370370864868164,25.370370864868164,25.370370864868164,25.370370864868164,0,0.0,0.0
2021-10-14 00:00:00+08:00,25.370370864868164,25.370370864868164,25.370370864868164,25.370370864868164,0,0.0,0.0
2021-10-15 00:00:00+08:00,25.370370864868164,25.370370864868164,25.370370864868164,25.370370864868164,0,0.0,0.0
2021-10-18 00:00:00+08:00,25.370370864868164,25.370370864868164,25.370370864868164,25.370370864868164,0,0.0,0.0
2021-10-19 00:00:00+08:00,25.370370864868164,25.370370864868164,25.370370864868164,25.370370864868164,0,0.0,0.0
2021-10-20 00:00:00+08:00,25.370370864868164,25.370370864868164,25.370370864868164,25.370370864868164,0,0.0,0.0
2021-10-21 00:00:00+08:00,25.370370864868164,25.370370864868164,25.370370864868164,25.370370864868164,0,0.0,0.0
2021-10-22 00:00:00+08:00,25.370370864868164,25.370370864868164,25.370370864868164,25.370370864868164,0,0.0,0.0
2021-10-25 00:00:00+08:00,24.0,25.92592430114746,24.0,25.703702926635742,1620,0.0,0.0
2021-10-26 00:00:00+08:00,25.11111068725586,25.703702926635742,25.11111068725586,25.703702926635742,540,0.0,0.0
2021-10-27 00:00:00+08:00,25.703702926635742,25.703702926635742,25.703702926635742,25.703702926635742,0,0.0,0.0
2021-10-28 00:00:00+08:00,25.703702926635742,25.703702926635742,25.703702926635742,25.703702926635742,0,0.0,0.0
2021-10-29 00:00:00+08:00,25.703702926635742,25.703702926635742,25.703702926635742,25.703702926635742,0,0.0,0.0
2021-11-01 00:00:00+08:00,25.888887405395508,25.888887405395508,25.185184478759766,25.185184478759766,810,0.0,0.0
2021-11-02 00:00:00+08:00,25.185184478759766,25.185184478759766,25.185184478759766,25.185184478759766,1080,0.0,0.0
2021-11-03 00:00:00+08:00,25.185184478759766,25.185184478759766,25.185184478759766,25.185184478759766,0,0.0,0.0
2021-11-04 00:00:00+08:00,25.185184478759766,25.185184478759766,25.185184478759766,25.185184478759766,540,0.0,0.0
2021-11-05 00:00:00+08:00,25.185184478759766,25.185184478759766,25.185184478759766,25.185184478759766,0,0.0,0.0
2021-11-08 00:00:00+08:00,25.185184478759766,25.185184478759766,25.185184478759766,25.185184478759766,0,0.0,0.0
2021-11-09 00:00:00+08:00,25.185184478759766,25.185184478759766,25.185184478759766,25.185184478759766,0,0.0,0.0
2021-11-10 00:00:00+08:00,27.185184478759766,27.185184478759766,27.185184478759766,27.185184478759766,270,0.0,0.0
2021-11-11 00:00:00+08:00,27.185184478759766,27.185184478759766,27.185184478759766,27.185184478759766,0,0.0,0.0
2021-11-12 00:00:00+08:00,27.185184478759766,27.185184478759766,27.185184478759766,27.185184478759766,0,0.0,0.0
2021-11-15 00:00:00+08:00,27.185184478759766,27.185184478759766,27.185184478759766,27.185184478759766,0,0.0,0.0
2021-11-16 00:00:00+08:00,27.185184478759766,27.185184478759766,27.185184478759766,27.185184478759766,0,0.0,0.0
2021-11-17 00:00:00+08:00,27.185184478759766,27.185184478759766,27.185184478759766,27.185184478759766,0,0.0,0.0
2021-11-18 00:00:00+08:00,25.185184478759766,25.185184478759766,25.185184478759766,25.185184478759766,810,0.0,0.0
2021-11-19 00:00:00+08:00,24.481481552124023,26.0,24.481481552124023,26.0,2160,0.0,0.0
2021-11-22 00:00:00+08:00,25.037036895751953,26.740739822387695,25.037036895751953,26.740739822387695,1620,0.0,0.0
2021-11-23 00:00:00+08:00,24.66666603088379,26.592592239379883,24.481481552124023,26.592592239379883,2970,0.0,0.0
2021-11-24 00:00:00+08:00,25.370370864868164,25.370370864868164,25.11111068725586,25.11111068725586,810,0.0,0.0
2021-11-25 00:00:00+08:00,25.11111068725586,25.11111068725586,25.11111068725586,25.11111068725586,1080,0.0,0.0
2021-11-26 00:00:00+08:00,25.11111068725586,25.11111068725586,25.11111068725586,25.11111068725586,0,0.0,0.0
2021-11-29 00:00:00+08:00,25.074073791503906,25.074073791503906,24.22222137451172,25.037036895751953,1890,0.0,0.0
2021-11-30 00:00:00+08:00,25.037036895751953,25.037036895751953,25.037036895751953,25.037036895751953,0,0.0,0.0
2021-12-01 00:00:00+08:00,25.037036895751953,25.037036895751953,25.037036895751953,25.037036895751953,0,0.0,0.0
2021-12-02 00:00:00+08:00,25.703702926635742,25.703702926635742,25.703702926635742,25.703702926635742,270,0.0,0.0
2021-12-03 00:00:00+08:00,26.44444465637207,26.44444465637207,26.44444465637207,26.44444465637207,270,0.0,0.0
2021-12-06 00:00:00+08:00,27.22222137451172,27.22222137451172,26.703702926635742,26.703702926635742,540,0.0,0.0
2021-12-07 00:00:00+08:00,27.518518447875977,27.518518447875977,26.703702926635742,26.740739822387695,810,0.0,0.0
2021-12-08 00:00:00+08:00,26.740739822387695,26.740739822387695,26.740739822387695,26.740739822387695,0,0.0,0.0
2021-12-09 00:00:00+08:00,26.592592239379883,26.592592239379883,26.592592239379883,26.592592239379883,270,0.0,0.0
2021-12-10 00:00:00+08:00,26.11111068725586,26.11111068725586,26.11111068725586,26.11111068725586,270,0.0,0.0
2021-12-13 00:00:00+08:00,26.074073791503906,26.11111068725586,26.074073791503906,26.074073791503906,3240,0.0,0.0
2021-12-14 00:00:00+08:00,26.074073791503906,26.074073791503906,26.074073791503906,26.074073791503906,0,0.0,0.0
2021-12-15 00:00:00+08:00,25.037036895751953,26.11111068725586,25.037036895751953,26.11111068725586,2430,0.0,0.0
2021-12-16 00:00:00+08:00,25.296295166015625,25.296295166015625,25.296295166015625,25.296295166015625,1890,0.0,0.0
2021-12-17 00:00:00+08:00,25.296295166015625,25.296295166015625,25.296295166015625,25.296295166015625,0,0.0,0.0
2021-12-20 00:00:00+08:00,25.296295166015625,25.296295166015625,25.296295166015625,25.296295166015625,0,0.0,0.0
2021-12-21 00:00:00+08:00,25.296295166015625,25.296295166015625,25.296295166015625,25.296295166015625,0,0.0,0.0
2021-12-22 00:00:00+08:00,25.740739822387695,25.740739822387695,25.740739822387695,25.740739822387695,270,0.0,0.0
2021-12-23 00:00:00+08:00,25.740739822387695,25.740739822387695,25.740739822387695,25.740739822387695,0,0.0,0.0
2021-12-24 00:00:00+08:00,25.740739822387695,25.740739822387695,25.740739822387695,25.740739822387695,0,0.0,0.0
2021-12-27 00:00:00+08:00,25.740739822387695,25.740739822387695,25.740739822387695,25.740739822387695,0,0.0,0.0
2021-12-28 00:00:00+08:00,25.740739822387695,25.740739822387695,25.740739822387695,25.740739822387695,0,0.0,0.0
2021-12-29 00:00:00+08:00,25.407407760620117,25.407407760620117,25.370370864868164,27.296295166015625,1080,0.0,0.0
2021-12-30 00:00:00+08:00,27.296295166015625,27.296295166015625,27.296295166015625,27.296295166015625,0,0.0,0.0
2022-01-03 00:00:00+08:00,25.92592430114746,25.92592430114746,25.370370864868164,25.370370864868164,810,0.0,0.0
2022-01-04 00:00:00+08:00,25.370370864868164,25.592592239379883,25.370370864868164,25.592592239379883,3240,0.0,0.0
2022-01-05 00:00:00+08:00,25.592592239379883,25.592592239379883,25.592592239379883,25.592592239379883,7020,0.0,0.0
2022-01-06 00:00:00+08:00,25.592592239379883,27.481481552124023,25.592592239379883,27.481481552124023,7020,0.0,0.0
2022-01-07 00:00:00+08:00,27.407407760620117,27.407407760620117,26.296295166015625,26.296295166015625,7560,0.0,0.0
2022-01-10 00:00:00+08:00,26.296295166015625,28.44444465637207,26.296295166015625,28.44444465637207,540,0.0,0.0
2022-01-11 00:00:00+08:00,31.037036895751953,31.037036895751953,26.481481552124023,26.592592239379883,7830,0.0,0.0
2022-01-12 00:00:00+08:00,26.0,26.0,25.370370864868164,26.22222137451172,7830,0.0,0.0
2022-01-13 00:00:00+08:00,26.22222137451172,26.22222137451172,26.22222137451172,26.22222137451172,0,0.0,0.0
2022-01-14 00:00:00+08:00,24.740739822387695,24.740739822387695,24.66666603088379,24.740739822387695,10800,0.0,0.0
2022-01-17 00:00:00+08:00,23.8148136138916,24.481481552124023,23.8148136138916,24.481481552124023,1350,0.0,0.0
2022-01-18 00:00:00+08:00,24.481481552124023,24.481481552124023,24.481481552124023,24.481481552124023,0,0.0,0.0
2022-01-19 00:00:00+08:00,24.481481552124023,24.481481552124023,24.481481552124023,24.481481552124023,0,0.0,0.0
2022-01-20 00:00:00+08:00,24.55555534362793,24.55555534362793,24.55555534362793,24.55555534362793,540,0.0,0.0
2022-01-21 00:00:00+08:00,24.55555534362793,24.55555534362793,24.55555534362793,24.55555534362793,0,0.0,0.0
2022-01-24 00:00:00+08:00,24.55555534362793,24.55555534362793,24.55555534362793,24.55555534362793,0,0.0,0.0
2022-01-25 00:00:00+08:00,24.44444465637207,25.740739822387695,24.44444465637207,25.740739822387695,1890,0.0,0.0
2022-01-26 00:00:00+08:00,25.740739822387695,25.740739822387695,25.740739822387695,25.740739822387695,810,0.0,0.0
2022-02-07 00:00:00+08:00,25.703702926635742,25.703702926635742,24.66666603088379,24.66666603088379,2160,0.0,0.0
2022-02-08 00:00:00+08:00,24.66666603088379,24.66666603088379,24.66666603088379,24.66666603088379,0,0.0,0.0
2022-02-09 00:00:00+08:00,25.148147583007812,25.370370864868164,24.481481552124023,25.370370864868164,2970,0.0,0.0
2022-02-10 00:00:00+08:00,25.148147583007812,26.11111068725586,25.148147583007812,24.8148136138916,810,0.0,0.0
2022-02-11 00:00:00+08:00,24.8148136138916,24.8148136138916,24.8148136138916,24.8148136138916,0,0.0,0.0
2022-02-14 00:00:00+08:00,24.8148136138916,24.8148136138916,24.8148136138916,24.8148136138916,0,0.0,0.0
2022-02-15 00:00:00+08:00,24.8148136138916,24.8148136138916,24.8148136138916,24.8148136138916,0,0.0,0.0
2022-02-16 00:00:00+08:00,25.296295166015625,26.11111068725586,25.296295166015625,28.259258270263672,1890,0.0,0.0
2022-02-17 00:00:00+08:00,27.0,27.92592430114746,25.148147583007812,25.185184478759766,7290,0.0,0.0
2022-02-18 00:00:00+08:00,25.037036895751953,25.037036895751953,25.0,25.0,810,0.0,0.0
2022-02-21 00:00:00+08:00,25.0,25.0,25.0,25.0,0,0.0,0.0
2022-02-22 00:00:00+08:00,24.481481552124023,24.481481552124023,24.481481552124023,24.481481552124023,2700,0.0,0.0
2022-02-23 00:00:00+08:00,24.481481552124023,24.481481552124023,24.481481552124023,24.481481552124023,0,0.0,0.0
2022-02-24 00:00:00+08:00,24.185184478759766,24.77777671813965,24.185184478759766,24.77777671813965,1080,0.0,0.0
2022-02-25 00:00:00+08:00,24.77777671813965,24.77777671813965,24.77777671813965,24.77777671813965,0,0.0,0.0
2022-03-01 00:00:00+08:00,24.518518447875977,24.8148136138916,24.481481552124023,24.8148136138916,1620,0.0,0.0
2022-03-02 00:00:00+08:00,24.8148136138916,24.8148136138916,24.8148136138916,24.8148136138916,0,0.0,0.0
2022-03-03 00:00:00+08:00,24.629629135131836,25.851850509643555,24.518518447875977,25.407407760620117,3780,0.0,0.0
2022-03-04 00:00:00+08:00,25.407407760620117,25.407407760620117,25.407407760620117,25.407407760620117,0,0.0,0.0
2022-03-07 00:00:00+08:00,24.481481552124023,24.481481552124023,23.333332061767578,23.962961196899414,6750,0.0,0.0
2022-03-08 00:00:00+08:00,23.703702926635742,23.703702926635742,23.703702926635742,23.703702926635742,270,0.0,0.0
2022-03-09 00:00:00+08:00,23.703702926635742,23.703702926635742,23.703702926635742,23.703702926635742,0,0.0,0.0
2022-03-10 00:00:00+08:00,23.703702926635742,23.703702926635742,23.703702926635742,23.703702926635742,0,0.0,0.0
2022-03-11 00:00:00+08:00,24.185184478759766,24.185184478759766,24.185184478759766,24.185184478759766,6480,0.0,0.0
2022-03-14 00:00:00+08:00,26.592592239379883,26.592592239379883,26.481481552124023,26.592592239379883,57240,0.0,0.0
2022-03-15 00:00:00+08:00,24.518518447875977,24.518518447875977,24.370370864868164,24.44444465637207,27000,0.0,0.0
2022-03-16 00:00:00+08:00,25.370370864868164,25.370370864868164,23.851850509643555,24.77777671813965,14580,0.0,0.0
2022-03-17 00:00:00+08:00,24.629629135131836,24.8148136138916,24.481481552124023,24.77777671813965,4590,0.0,0.0
2022-03-18 00:00:00+08:00,24.481481552124023,24.592592239379883,24.22222137451172,24.592592239379883,4590,0.0,0.0
2022-03-21 00:00:00+08:00,24.629629135131836,25.0,24.629629135131836,24.962961196899414,3780,0.0,0.0
2022-03-22 00:00:00+08:00,25.703702926635742,25.703702926635742,25.66666603088379,25.66666603088379,540,0.0,0.0
2022-03-23 00:00:00+08:00,26.259258270263672,26.259258270263672,26.259258270263672,26.259258270263672,270,0.0,0.0
2022-03-24 00:00:00+08:00,27.074073791503906,27.074073791503906,26.703702926635742,26.740739822387695,1620,0.0,0.0
2022-03-25 00:00:00+08:00,26.740739822387695,26.740739822387695,26.740739822387695,26.740739822387695,0,0.0,0.0
2022-03-28 00:00:00+08:00,26.740739822387695,26.740739822387695,26.740739822387695,26.740739822387695,0,0.0,0.0
2022-03-29 00:00:00+08:00,26.592592239379883,27.407407760620117,25.92592430114746,26.66666603088379,10530,0.0,0.0
2022-03-30 00:00:00+08:00,27.0,27.0,27.0,27.0,270,0.0,0.0
2022-03-31 00:00:00+08:00,24.92592430114746,27.333332061767578,24.92592430114746,27.333332061767578,9180,0.0,0.0
2022-04-01 00:00:00+08:00,26.0,26.962961196899414,25.92592430114746,26.740739822387695,4590,0.0,0.0
2022-04-06 00:00:00+08:00,26.8148136138916,26.8148136138916,25.92592430114746,26.592592239379883,4590,0.0,0.0
2022-04-07 00:00:00+08:00,27.407407760620117,27.407407760620117,27.11111068725586,27.11111068725586,540,0.0,0.0
2022-04-08 00:00:00+08:00,27.92592430114746,28.66666603088379,27.11111068725586,27.11111068725586,2700,0.0,0.0
2022-04-11 00:00:00+08:00,27.92592430114746,28.77777671813965,25.407407760620117,27.703702926635742,3510,0.0,0.0
2022-04-12 00:00:00+08:00,27.037036895751953,27.037036895751953,25.92592430114746,26.740739822387695,6480,0.0,0.0
2022-04-13 00:00:00+08:00,27.55555534362793,28.407407760620117,25.92592430114746,26.740739822387695,7560,0.0,0.0
2022-04-14 00:00:00+08:00,27.55555534362793,27.55555534362793,25.92592430114746,25.92592430114746,7290,0.0,0.0
2022-04-15 00:00:00+08:00,25.92592430114746,25.92592430114746,25.92592430114746,25.92592430114746,0,0.0,0.0
2022-04-18 00:00:00+08:00,25.92592430114746,25.92592430114746,25.92592430114746,25.92592430114746,0,0.0,0.0
2022-04-19 00:00:00+08:00,25.92592430114746,25.92592430114746,25.92592430114746,25.92592430114746,3780,0.0,0.0
2022-04-20 00:00:00+08:00,25.92592430114746,25.962961196899414,25.92592430114746,25.92592430114746,9450,0.0,0.0
2022-04-21 00:00:00+08:00,25.92592430114746,25.92592430114746,25.92592430114746,25.92592430114746,0,0.0,0.0
2022-04-22 00:00:00+08:00,25.92592430114746,25.92592430114746,25.92592430114746,25.92592430114746,0,0.0,0.0
2022-04-25 00:00:00+08:00,25.92592430114746,25.92592430114746,25.92592430114746,25.92592430114746,0,0.0,0.0
2022-04-26 00:00:00+08:00,25.92592430114746,25.92592430114746,25.92592430114746,25.92592430114746,0,0.0,0.0
2022-04-27 00:00:00+08:00,25.92592430114746,25.92592430114746,25.92592430114746,25.92592430114746,0,0.0,0.0
2022-04-28 00:00:00+08:00,25.92592430114746,25.92592430114746,25.92592430114746,25.92592430114746,0,0.0,0.0
2022-04-29 00:00:00+08:00,25.92592430114746,25.92592430114746,25.92592430114746,25.92592430114746,0,0.0,0.0
2022-05-03 00:00:00+08:00,25.92592430114746,25.92592430114746,25.92592430114746,25.92592430114746,0,0.0,0.0
2022-05-04 00:00:00+08:00,25.92592430114746,25.92592430114746,25.92592430114746,25.92592430114746,0,0.0,0.0
2022-05-05 00:00:00+08:00,25.92592430114746,25.92592430114746,25.92592430114746,25.92592430114746,0,0.0,0.0
2022-05-06 00:00:00+08:00,25.92592430114746,25.92592430114746,25.92592430114746,25.92592430114746,0,0.0,0.0
2022-05-09 00:00:00+08:00,23.55555534362793,23.55555534362793,23.55555534362793,23.55555534362793,810,0.0,0.0
2022-05-10 00:00:00+08:00,23.703702926635742,23.703702926635742,23.703702926635742,23.703702926635742,270,0.0,0.0
2022-05-11 00:00:00+08:00,23.703702926635742,23.703702926635742,23.703702926635742,23.703702926635742,0,0.0,0.0
2022-05-12 00:00:00+08:00,25.851850509643555,25.851850509643555,23.888887405395508,23.888887405395508,2970,0.0,0.0
2022-05-13 00:00:00+08:00,25.66666603088379,25.66666603088379,25.66666603088379,25.66666603088379,270,0.0,0.0
2022-05-16 00:00:00+08:00,25.66666603088379,25.66666603088379,25.66666603088379,25.66666603088379,0,0.0,0.0
2022-05-17 00:00:00+08:00,25.66666603088379,25.66666603088379,25.66666603088379,25.66666603088379,0,0.0,0.0
2022-05-18 00:00:00+08:00,25.66666603088379,25.66666603088379,25.66666603088379,25.66666603088379,0,0.0,0.0
2022-05-19 00:00:00+08:00,27.11111068725586,27.11111068725586,27.11111068725586,27.11111068725586,270,0.0,0.0
2022-05-20 00:00:00+08:00,25.0,25.0,24.481481552124023,24.66666603088379,1620,0.0,0.0
2022-05-23 00:00:00+08:00,24.8148136138916,24.8148136138916,24.8148136138916,24.8148136138916,270,0.0,0.0
2022-05-24 00:00:00+08:00,24.8148136138916,24.8148136138916,24.8148136138916,24.8148136138916,270,0.0,0.0
2022-05-25 00:00:00+08:00,24.8148136138916,24.8148136138916,24.8148136138916,24.8148136138916,270,0.0,0.0
2022-05-26 00:00:00+08:00,24.8148136138916,25.185184478759766,24.8148136138916,25.185184478759766,12690,0.0,0.0
2022-05-27 00:00:00+08:00,25.185184478759766,25.185184478759766,25.185184478759766,25.185184478759766,270,0.0,0.0
2022-05-30 00:00:00+08:00,25.185184478759766,25.185184478759766,25.185184478759766,25.185184478759766,270,0.0,0.0
2022-05-31 00:00:00+08:00,25.185184478759766,25.92592430114746,25.185184478759766,25.185184478759766,4590,0.0,0.0
2022-06-01 00:00:00+08:00,25.185184478759766,25.185184478759766,25.185184478759766,25.185184478759766,270,0.0,0.0
2022-06-02 00:00:00+08:00,25.185184478759766,25.185184478759766,25.185184478759766,25.185184478759766,270,0.0,0.0
2022-06-06 00:00:00+08:00,25.185184478759766,25.185184478759766,24.851850509643555,24.851850509643555,540,0.0,0.0
2022-06-07 00:00:00+08:00,24.851850509643555,24.851850509643555,24.851850509643555,24.851850509643555,270,0.0,0.0
2022-06-08 00:00:00+08:00,24.851850509643555,25.92592430114746,24.851850509643555,25.92592430114746,2160,0.0,0.0
2022-06-09 00:00:00+08:00,25.92592430114746,25.92592430114746,25.92592430114746,25.92592430114746,270,0.0,0.0
2022-06-10 00:00:00+08:00,25.92592430114746,26.11111068725586,25.92592430114746,26.11111068725586,1890,0.0,0.0
2022-06-13 00:00:00+08:00,26.11111068725586,26.11111068725586,25.185184478759766,26.11111068725586,2970,0.0,0.0
2022-06-14 00:00:00+08:00,26.11111068725586,26.22222137451172,26.074073791503906,26.11111068725586,7830,0.0,0.0
2022-06-15 00:00:00+08:00,26.11111068725586,26.11111068725586,26.11111068725586,26.11111068725586,270,0.0,0.0
2022-06-16 00:00:00+08:00,25.962961196899414,26.037036895751953,25.92592430114746,26.037036895751953,7290,0.0,0.0
2022-06-17 00:00:00+08:00,26.037036895751953,26.037036895751953,26.037036895751953,26.037036895751953,0,0.0,0.0
2022-06-20 00:00:00+08:00,26.037036895751953,26.037036895751953,26.037036895751953,26.037036895751953,0,0.0,0.0
2022-06-21 00:00:00+08:00,26.037036895751953,26.037036895751953,26.037036895751953,26.037036895751953,0,0.0,0.0
2022-06-22 00:00:00+08:00,26.037036895751953,26.037036895751953,26.037036895751953,26.037036895751953,0,0.0,0.0
2022-06-23 00:00:00+08:00,26.037036895751953,26.037036895751953,26.037036895751953,26.037036895751953,0,0.0,0.0
2022-06-24 00:00:00+08:00,26.037036895751953,26.037036895751953,26.037036895751953,26.037036895751953,0,0.0,0.0
2022-06-27 00:00:00+08:00,26.037036895751953,26.037036895751953,26.037036895751953,26.037036895751953,0,0.0,0.0
2022-06-28 00:00:00+08:00,26.037036895751953,26.037036895751953,26.037036895751953,26.037036895751953,0,0.0,0.0
2022-06-29 00:00:00+08:00,26.037036895751953,26.037036895751953,26.037036895751953,26.037036895751953,0,0.0,0.0
2022-06-30 00:00:00+08:00,26.037036895751953,26.037036895751953,26.037036895751953,26.037036895751953,0,0.0,0.0
2022-07-01 00:00:00+08:00,23.740739822387695,23.77777671813965,23.740739822387695,23.77777671813965,1620,0.0,0.0
2022-07-04 00:00:00+08:00,23.77777671813965,23.77777671813965,23.77777671813965,23.77777671813965,0,0.0,0.0
2022-07-05 00:00:00+08:00,23.77777671813965,23.77777671813965,23.77777671813965,23.77777671813965,0,0.0,0.0
2022-07-06 00:00:00+08:00,23.77777671813965,23.77777671813965,23.77777671813965,23.77777671813965,0,0.0,0.0
2022-07-07 00:00:00+08:00,24.77777671813965,24.8148136138916,24.77777671813965,24.8148136138916,1080,0.0,0.0
2022-07-08 00:00:00+08:00,24.8148136138916,24.8148136138916,24.8148136138916,24.8148136138916,0,0.0,0.0
2022-07-11 00:00:00+08:00,24.8148136138916,24.8148136138916,24.8148136138916,24.8148136138916,0,0.0,0.0
2022-07-12 00:00:00+08:00,26.77777671813965,26.851850509643555,26.740739822387695,26.77777671813965,2970,0.0,0.0
2022-07-13 00:00:00+08:00,26.77777671813965,26.77777671813965,26.185184478759766,26.185184478759766,8640,0.0,0.0
2022-07-14 00:00:00+08:00,26.185184478759766,26.185184478759766,26.185184478759766,26.185184478759766,540,0.0,0.0
2022-07-15 00:00:00+08:00,26.66666603088379,26.66666603088379,26.66666603088379,26.66666603088379,810,0.0,0.0
2022-07-18 00:00:00+08:00,26.66666603088379,26.66666603088379,26.66666603088379,26.66666603088379,0,0.0,0.0
2022-07-19 00:00:00+08:00,26.66666603088379,26.66666603088379,26.66666603088379,26.66666603088379,0,0.0,0.0
2022-07-20 00:00:00+08:00,25.333332061767578,25.740739822387695,25.333332061767578,25.703702926635742,7560,0.0,0.0
2022-07-21 00:00:00+08:00,25.703702926635742,25.703702926635742,25.703702926635742,25.703702926635742,540,0.0,0.0
2022-07-22 00:00:00+08:00,25.703702926635742,25.703702926635742,24.55555534362793,25.55555534362793,3780,0.0,0.0
2022-07-25 00:00:00+08:00,25.407407760620117,25.44444465637207,25.407407760620117,25.44444465637207,540,0.0,0.0
2022-07-26 00:00:00+08:00,25.44444465637207,25.44444465637207,25.44444465637207,25.44444465637207,0,0.0,0.0
2022-07-27 00:00:00+08:00,25.370370864868164,25.66666603088379,25.370370864868164,25.66666603088379,810,0.0,0.0
2022-07-28 00:00:00+08:00,25.481481552124023,25.481481552124023,25.370370864868164,25.370370864868164,1080,0.0,0.0
2022-07-29 00:00:00+08:00,25.407407760620117,25.407407760620117,25.407407760620117,25.407407760620117,270,0.0,0.0
2022-08-01 00:00:00+08:00,25.407407760620117,25.407407760620117,25.407407760620117,25.407407760620117,0,0.0,0.0
2022-08-02 00:00:00+08:00,26.259258270263672,26.296295166015625,25.44444465637207,25.481481552124023,9180,0.0,0.0
2022-08-03 00:00:00+08:00,25.481481552124023,25.481481552124023,25.481481552124023,25.481481552124023,0,0.0,0.0
2022-08-04 00:00:00+08:00,25.481481552124023,25.481481552124023,25.481481552124023,25.481481552124023,0,0.0,0.0
2022-08-05 00:00:00+08:00,25.481481552124023,25.481481552124023,25.481481552124023,25.481481552124023,0,0.0,0.0
2022-08-08 00:00:00+08:00,25.481481552124023,25.481481552124023,25.481481552124023,25.481481552124023,0,0.0,0.0
2022-08-09 00:00:00+08:00,25.185184478759766,26.296295166015625,24.8148136138916,26.296295166015625,1080,0.0,0.0
2022-08-10 00:00:00+08:00,26.296295166015625,26.296295166015625,26.296295166015625,26.296295166015625,0,0.0,0.0
2022-08-11 00:00:00+08:00,26.296295166015625,26.296295166015625,26.296295166015625,26.296295166015625,0,0.0,0.0
2022-08-12 00:00:00+08:00,26.481481552124023,26.518518447875977,26.481481552124023,26.518518447875977,3240,0.0,0.0
2022-08-15 00:00:00+08:00,24.518518447875977,24.55555534362793,24.481481552124023,24.55555534362793,4320,0.0,0.0
2022-08-16 00:00:00+08:00,24.55555534362793,24.55555534362793,24.55555534362793,24.55555534362793,0,0.0,0.0
2022-08-17 00:00:00+08:00,23.592592239379883,23.740739822387695,23.55555534362793,24.92592430114746,10260,0.0,0.0
2022-08-18 00:00:00+08:00,22.333332061767578,23.592592239379883,22.333332061767578,23.592592239379883,11610,0.0,0.0
2022-08-19 00:00:00+08:00,23.592592239379883,23.592592239379883,23.592592239379883,23.592592239379883,0,0.0,0.0
2022-08-22 00:00:00+08:00,23.592592239379883,23.592592239379883,23.592592239379883,23.592592239379883,0,0.0,0.0
2022-08-23 00:00:00+08:00,23.592592239379883,23.592592239379883,23.592592239379883,23.592592239379883,0,0.0,0.0
2022-08-24 00:00:00+08:00,23.55555534362793,23.592592239379883,23.55555534362793,23.592592239379883,1890,0.0,0.0
2022-08-25 00:00:00+08:00,25.22222137451172,25.22222137451172,24.8148136138916,24.8148136138916,1350,0.0,0.0
2022-08-26 00:00:00+08:00,23.148147583007812,23.259258270263672,23.148147583007812,23.259258270263672,2430,0.0,0.0
2022-08-29 00:00:00+08:00,23.259258270263672,23.259258270263672,23.259258270263672,23.259258270263672,2700,0.0,0.0
2022-08-30 00:00:00+08:00,23.22222137451172,23.22222137451172,23.22222137451172,23.22222137451172,6480,0.0,0.0
2022-08-31 00:00:00+08:00,25.185184478759766,25.185184478759766,22.8148136138916,23.074073791503906,6480,0.0,0.0
2022-09-01 00:00:00+08:00,23.22222137451172,23.22222137451172,23.185184478759766,23.185184478759766,2700,0.0,0.0
2022-09-02 00:00:00+08:00,22.22222137451172,22.333332061767578,22.22222137451172,22.333332061767578,18360,0.0,0.0
2022-09-05 00:00:00+08:00,22.22222137451172,22.333332061767578,22.22222137451172,22.333332061767578,11880,0.0,0.0
2022-09-06 00:00:00+08:00,21.592592239379883,21.592592239379883,21.148147583007812,21.296295166015625,3510,0.0,0.0
2022-09-07 00:00:00+08:00,21.296295166015625,22.22222137451172,21.296295166015625,22.22222137451172,6750,0.0,0.0
2022-09-08 00:00:00+08:00,22.22222137451172,22.592592239379883,22.22222137451172,22.592592239379883,11070,0.0,0.0
2022-09-12 00:00:00+08:00,22.592592239379883,22.962961196899414,22.592592239379883,22.962961196899414,9720,0.0,0.0
2022-09-13 00:00:00+08:00,22.77777671813965,23.8148136138916,22.77777671813965,23.8148136138916,9990,0.0,0.0
2022-09-14 00:00:00+08:00,23.8148136138916,23.8148136138916,23.8148136138916,23.8148136138916,0,0.0,0.0
2022-09-15 00:00:00+08:00,23.333332061767578,23.333332061767578,23.148147583007812,23.333332061767578,6480,0.0,0.0
2022-09-16 00:00:00+08:00,23.333332061767578,23.333332061767578,23.333332061767578,23.333332061767578,6210,0.0,0.0
2022-09-19 00:00:00+08:00,23.333332061767578,23.703702926635742,23.333332061767578,23.703702926635742,6210,0.0,0.0
2022-09-20 00:00:00+08:00,23.333332061767578,23.518518447875977,23.333332061767578,23.518518447875977,5400,0.0,0.0
2022-09-21 00:00:00+08:00,23.333332061767578,23.518518447875977,23.333332061767578,23.333332061767578,6750,0.0,0.0
2022-09-22 00:00:00+08:00,23.333332061767578,23.333332061767578,23.296295166015625,23.333332061767578,9990,0.0,0.0
2022-09-23 00:00:00+08:00,23.296295166015625,23.333332061767578,23.296295166015625,23.333332061767578,8100,0.0,0.0
2022-09-26 00:00:00+08:00,23.333332061767578,23.333332061767578,23.333332061767578,23.333332061767578,0,0.0,0.0
2022-09-27 00:00:00+08:00,23.333332061767578,23.333332061767578,23.333332061767578,23.333332061767578,0,0.0,0.0
2022-09-28 00:00:00+08:00,23.333332061767578,23.333332061767578,23.333332061767578,23.333332061767578,0,0.0,0.0
2022-09-29 00:00:00+08:00,23.333332061767578,23.333332061767578,23.333332061767578,23.333332061767578,0,0.0,0.0
2022-09-30 00:00:00+08:00,23.333332061767578,23.333332061767578,23.333332061767578,23.333332061767578,0,0.0,0.0
2022-10-03 00:00:00+08:00,21.55555534362793,21.55555534362793,21.55555534362793,25.259258270263672,2700,0.0,0.0
2022-10-04 00:00:00+08:00,22.185184478759766,22.185184478759766,22.185184478759766,22.185184478759766,810,0.0,0.0
2022-10-05 00:00:00+08:00,22.185184478759766,22.185184478759766,22.185184478759766,22.185184478759766,0,0.0,0.0
2022-10-06 00:00:00+08:00,22.185184478759766,22.185184478759766,22.185184478759766,22.185184478759766,270,0.0,0.0
2022-10-07 00:00:00+08:00,22.185184478759766,22.185184478759766,22.185184478759766,22.185184478759766,0,0.0,0.0
2022-10-11 00:00:00+08:00,22.185184478759766,22.185184478759766,22.185184478759766,22.185184478759766,0,0.0,0.0
2022-10-12 00:00:00+08:00,22.185184478759766,22.185184478759766,22.185184478759766,22.185184478759766,0,0.0,0.0
2022-10-13 00:00:00+08:00,22.185184478759766,22.185184478759766,22.185184478759766,22.185184478759766,0,0.0,0.0
2022-10-14 00:00:00+08:00,22.185184478759766,22.185184478759766,22.185184478759766,22.185184478759766,0,0.0,0.0
2022-10-17 00:00:00+08:00,22.185184478759766,22.185184478759766,22.185184478759766,22.185184478759766,0,0.0,0.0
2022-10-18 00:00:00+08:00,22.185184478759766,22.185184478759766,22.185184478759766,22.185184478759766,0,0.0,0.0
2022-10-19 00:00:00+08:00,22.185184478759766,22.185184478759766,22.185184478759766,22.185184478759766,0,0.0,0.0
2022-10-20 00:00:00+08:00,22.185184478759766,22.185184478759766,22.185184478759766,22.185184478759766,0,0.0,0.0
2022-10-21 00:00:00+08:00,22.185184478759766,22.185184478759766,22.185184478759766,22.185184478759766,0,0.0,0.0
2022-10-24 00:00:00+08:00,22.22222137451172,22.407407760620117,22.22222137451172,22.407407760620117,11880,0.0,0.0
2022-10-25 00:00:00+08:00,22.407407760620117,22.407407760620117,22.407407760620117,22.407407760620117,0,0.0,0.0
2022-10-26 00:00:00+08:00,22.407407760620117,22.407407760620117,22.407407760620117,22.407407760620117,0,0.0,0.0
2022-10-27 00:00:00+08:00,22.22222137451172,22.22222137451172,22.22222137451172,22.22222137451172,4050,0.0,0.0
2022-10-28 00:00:00+08:00,22.22222137451172,22.22222137451172,22.22222137451172,22.22222137451172,0,0.0,0.0
2022-10-31 00:00:00+08:00,22.22222137451172,22.22222137451172,22.22222137451172,22.22222137451172,11610,0.0,0.0
2022-11-01 00:00:00+08:00,22.22222137451172,22.22222137451172,22.22222137451172,22.22222137451172,4050,0.0,0.0
2022-11-02 00:00:00+08:00,22.22222137451172,22.22222137451172,22.22222137451172,22.22222137451172,9450,0.0,0.0
2022-11-03 00:00:00+08:00,22.22222137451172,22.22222137451172,21.481481552124023,22.22222137451172,13230,0.0,0.0
2022-11-04 00:00:00+08:00,22.22222137451172,22.22222137451172,22.22222137451172,22.22222137451172,9450,0.0,0.0
2022-11-07 00:00:00+08:00,22.22222137451172,22.22222137451172,22.22222137451172,22.22222137451172,0,0.0,0.0
2022-11-08 00:00:00+08:00,22.22222137451172,22.22222137451172,22.22222137451172,22.22222137451172,0,0.0,0.0
2022-11-09 00:00:00+08:00,22.592592239379883,22.592592239379883,22.592592239379883,22.592592239379883,4050,0.0,0.0
2022-11-10 00:00:00+08:00,22.592592239379883,22.592592239379883,22.592592239379883,22.592592239379883,0,0.0,0.0
2022-11-11 00:00:00+08:00,22.592592239379883,22.592592239379883,22.592592239379883,22.592592239379883,810,0.0,0.0
2022-11-14 00:00:00+08:00,22.592592239379883,22.592592239379883,22.592592239379883,22.592592239379883,0,0.0,0.0
2022-11-15 00:00:00+08:00,22.592592239379883,22.592592239379883,22.592592239379883,22.592592239379883,0,0.0,0.0
2022-11-16 00:00:00+08:00,22.592592239379883,22.592592239379883,22.592592239379883,22.592592239379883,0,0.0,0.0
2022-11-17 00:00:00+08:00,22.592592239379883,22.592592239379883,22.592592239379883,22.592592239379883,0,0.0,0.0
2022-11-18 00:00:00+08:00,21.703702926635742,21.703702926635742,21.703702926635742,21.703702926635742,540,0.0,0.0
2022-11-21 00:00:00+08:00,21.703702926635742,21.703702926635742,21.703702926635742,21.703702926635742,0,0.0,0.0
2022-11-22 00:00:00+08:00,21.703702926635742,21.703702926635742,21.703702926635742,21.703702926635742,0,0.0,0.0
2022-11-23 00:00:00+08:00,22.22222137451172,22.22222137451172,21.851850509643555,21.851850509643555,2970,0.0,0.0
2022-11-24 00:00:00+08:00,22.22222137451172,22.22222137451172,22.22222137451172,22.22222137451172,4050,0.0,0.0
2022-11-25 00:00:00+08:00,22.592592239379883,22.592592239379883,22.592592239379883,22.592592239379883,1350,0.0,0.0
2022-11-28 00:00:00+08:00,22.592592239379883,22.592592239379883,22.592592239379883,22.592592239379883,810,0.0,0.0
2022-11-29 00:00:00+08:00,22.592592239379883,22.592592239379883,22.22222137451172,22.55555534362793,8370,0.0,0.0
2022-11-30 00:00:00+08:00,22.259258270263672,22.259258270263672,22.259258270263672,22.259258270263672,270,0.0,0.0
2022-12-01 00:00:00+08:00,22.592592239379883,22.592592239379883,22.592592239379883,22.592592239379883,1350,0.0,0.0
2022-12-02 00:00:00+08:00,22.592592239379883,22.592592239379883,22.592592239379883,22.592592239379883,2970,0.0,0.0
2022-12-05 00:00:00+08:00,22.592592239379883,22.592592239379883,22.592592239379883,22.592592239379883,0,0.0,0.0
2022-12-06 00:00:00+08:00,22.592592239379883,22.592592239379883,22.592592239379883,22.592592239379883,270,0.0,0.0
2022-12-07 00:00:00+08:00,22.592592239379883,22.592592239379883,21.296295166015625,21.296295166015625,2430,0.0,0.0
2022-12-08 00:00:00+08:00,22.185184478759766,22.185184478759766,22.185184478759766,22.185184478759766,270,0.0,0.0
2022-12-09 00:00:00+08:00,20.333332061767578,20.333332061767578,20.333332061767578,20.44444465637207,540,0.0,0.0
2022-12-12 00:00:00+08:00,20.44444465637207,20.44444465637207,20.44444465637207,20.44444465637207,0,0.0,0.0
2022-12-13 00:00:00+08:00,20.44444465637207,20.44444465637207,20.44444465637207,20.44444465637207,0,0.0,0.0
2022-12-14 00:00:00+08:00,20.44444465637207,20.44444465637207,20.44444465637207,20.44444465637207,0,0.0,0.0
2022-12-15 00:00:00+08:00,20.44444465637207,20.44444465637207,20.44444465637207,20.44444465637207,0,0.0,0.0
2022-12-16 00:00:00+08:00,20.44444465637207,20.44444465637207,20.44444465637207,20.44444465637207,0,0.0,0.0
2022-12-19 00:00:00+08:00,21.592592239379883,21.592592239379883,21.592592239379883,21.592592239379883,540,0.0,0.0
2022-12-20 00:00:00+08:00,22.22222137451172,22.22222137451172,22.22222137451172,22.22222137451172,3240,0.0,0.0
2022-12-21 00:00:00+08:00,20.296295166015625,20.296295166015625,20.296295166015625,20.296295166015625,1350,0.0,0.0
2022-12-22 00:00:00+08:00,20.296295166015625,20.296295166015625,20.296295166015625,20.296295166015625,0,0.0,0.0
2022-12-23 00:00:00+08:00,20.296295166015625,20.296295166015625,20.296295166015625,20.296295166015625,0,0.0,0.0
2022-12-26 00:00:00+08:00,20.296295166015625,20.296295166015625,20.296295166015625,20.296295166015625,0,0.0,0.0
2022-12-27 00:00:00+08:00,20.296295166015625,20.296295166015625,20.296295166015625,20.296295166015625,0,0.0,0.0
2022-12-28 00:00:00+08:00,22.22222137451172,22.22222137451172,22.22222137451172,22.22222137451172,2160,0.0,0.0
2022-12-29 00:00:00+08:00,22.22222137451172,22.22222137451172,22.22222137451172,22.22222137451172,0,0.0,0.0
2022-12-30 00:00:00+08:00,22.22222137451172,22.22222137451172,22.22222137451172,22.22222137451172,0,0.0,0.0
2023-01-03 00:00:00+08:00,22.22222137451172,22.22222137451172,22.22222137451172,22.22222137451172,0,0.0,0.0
2023-01-04 00:00:00+08:00,22.22222137451172,22.22222137451172,22.22222137451172,22.22222137451172,0,0.0,0.0
2023-01-05 00:00:00+08:00,22.22222137451172,22.22222137451172,22.22222137451172,22.22222137451172,0,0.0,0.0
2023-01-06 00:00:00+08:00,22.592592239379883,22.592592239379883,22.592592239379883,22.592592239379883,2700,0.0,0.0
2023-01-09 00:00:00+08:00,22.592592239379883,22.592592239379883,22.592592239379883,22.592592239379883,0,0.0,0.0
2023-01-10 00:00:00+08:00,22.592592239379883,22.592592239379883,22.592592239379883,22.592592239379883,0,0.0,0.0
2023-01-11 00:00:00+08:00,22.592592239379883,22.592592239379883,22.592592239379883,22.592592239379883,810,0.0,0.0
2023-01-12 00:00:00+08:00,22.592592239379883,22.592592239379883,22.592592239379883,22.592592239379883,0,0.0,0.0
2023-01-13 00:00:00+08:00,22.22222137451172,22.22222137451172,21.703702926635742,21.703702926635742,1890,0.0,0.0
2023-01-16 00:00:00+08:00,21.703702926635742,21.703702926635742,21.703702926635742,21.703702926635742,0,0.0,0.0
2023-01-17 00:00:00+08:00,21.703702926635742,21.703702926635742,21.703702926635742,21.703702926635742,0,0.0,0.0
2023-01-30 00:00:00+08:00,21.703702926635742,21.703702926635742,21.703702926635742,21.703702926635742,0,0.0,0.0
2023-01-31 00:00:00+08:00,21.703702926635742,21.703702926635742,21.703702926635742,21.703702926635742,0,0.0,0.0
2023-02-01 00:00:00+08:00,21.703702926635742,21.703702926635742,21.703702926635742,21.703702926635742,0,0.0,0.0
2023-02-02 00:00:00+08:00,21.703702926635742,21.703702926635742,21.703702926635742,21.703702926635742,0,0.0,0.0
2023-02-03 00:00:00+08:00,21.703702926635742,21.703702926635742,21.703702926635742,21.703702926635742,0,0.0,0.0
2023-02-06 00:00:00+08:00,22.22222137451172,22.22222137451172,21.8148136138916,22.22222137451172,3240,0.0,0.0
2023-02-07 00:00:00+08:00,22.22222137451172,22.22222137451172,22.22222137451172,22.22222137451172,270,0.0,0.0
2023-02-08 00:00:00+08:00,22.22222137451172,22.22222137451172,22.22222137451172,22.22222137451172,2700,0.0,0.0
2023-02-09 00:00:00+08:00,20.296295166015625,22.22222137451172,20.296295166015625,22.22222137451172,1620,0.0,0.0
2023-02-10 00:00:00+08:00,22.22222137451172,22.22222137451172,22.22222137451172,22.22222137451172,0,0.0,0.0
2023-02-13 00:00:00+08:00,22.22222137451172,22.22222137451172,22.22222137451172,22.22222137451172,0,0.0,0.0
2023-02-14 00:00:00+08:00,24.148147583007812,24.148147583007812,24.148147583007812,24.148147583007812,270,0.0,0.0
2023-02-15 00:00:00+08:00,24.148147583007812,24.148147583007812,24.148147583007812,24.148147583007812,270,0.0,0.0
2023-02-16 00:00:00+08:00,24.148147583007812,24.148147583007812,24.148147583007812,24.148147583007812,0,0.0,0.0
2023-02-17 00:00:00+08:00,26.333332061767578,26.333332061767578,26.333332061767578,26.333332061767578,270,0.0,0.0
2023-02-20 00:00:00+08:00,23.888887405395508,23.962961196899414,23.77777671813965,23.77777671813965,8640,0.0,0.0
2023-02-21 00:00:00+08:00,23.703702926635742,23.703702926635742,23.703702926635742,23.703702926635742,270,0.0,0.0
2023-02-22 00:00:00+08:00,23.703702926635742,23.703702926635742,23.703702926635742,23.703702926635742,0,0.0,0.0
2023-02-23 00:00:00+08:00,24.55555534362793,24.55555534362793,24.148147583007812,24.148147583007812,810,0.0,0.0
2023-02-24 00:00:00+08:00,24.148147583007812,24.148147583007812,24.148147583007812,24.148147583007812,0,0.0,0.0
2023-03-01 00:00:00+08:00,24.148147583007812,24.148147583007812,24.148147583007812,24.148147583007812,0,0.0,0.0
2023-03-02 00:00:00+08:00,24.148147583007812,24.148147583007812,24.148147583007812,24.148147583007812,0,0.0,0.0
2023-03-03 00:00:00+08:00,24.148147583007812,24.148147583007812,24.148147583007812,24.148147583007812,0,0.0,0.0
2023-03-06 00:00:00+08:00,25.259258270263672,25.259258270263672,22.037036895751953,22.037036895751953,1350,0.0,0.0
2023-03-07 00:00:00+08:00,22.259258270263672,22.259258270263672,22.259258270263672,22.259258270263672,270,0.0,0.0
2023-03-08 00:00:00+08:00,22.259258270263672,22.259258270263672,22.259258270263672,22.259258270263672,0,0.0,0.0
2023-03-09 00:00:00+08:00,22.259258270263672,22.259258270263672,22.259258270263672,22.259258270263672,0,0.0,0.0
2023-03-10 00:00:00+08:00,21.185184478759766,21.185184478759766,21.185184478759766,24.481481552124023,2700,0.0,0.0
2023-03-13 00:00:00+08:00,21.333332061767578,21.703702926635742,21.333332061767578,21.703702926635742,540,0.0,0.0
2023-03-14 00:00:00+08:00,21.703702926635742,21.703702926635742,21.703702926635742,21.703702926635742,0,0.0,0.0
2023-03-15 00:00:00+08:00,21.703702926635742,21.703702926635742,21.703702926635742,21.703702926635742,0,0.0,0.0
2023-03-16 00:00:00+08:00,20.851850509643555,21.66666603088379,20.851850509643555,21.66666603088379,810,0.0,0.0
2023-03-17 00:00:00+08:00,21.518518447875977,21.518518447875977,21.518518447875977,21.518518447875977,270,0.0,0.0
2023-03-20 00:00:00+08:00,22.22222137451172,22.22222137451172,22.22222137451172,22.22222137451172,7290,0.0,0.0
2023-03-21 00:00:00+08:00,22.22222137451172,22.22222137451172,22.22222137451172,22.22222137451172,5400,0.0,0.0
2023-03-22 00:00:00+08:00,22.22222137451172,22.22222137451172,22.22222137451172,22.22222137451172,0,0.0,0.0
2023-03-23 00:00:00+08:00,22.22222137451172,22.22222137451172,22.22222137451172,22.22222137451172,0,0.0,0.0
2023-03-24 00:00:00+08:00,22.22222137451172,22.22222137451172,22.22222137451172,22.22222137451172,0,0.0,0.0
2023-03-27 00:00:00+08:00,22.22222137451172,22.22222137451172,22.22222137451172,22.22222137451172,540,0.0,0.0
2023-03-28 00:00:00+08:00,22.22222137451172,22.22222137451172,22.22222137451172,22.22222137451172,0,0.0,0.0
2023-03-29 00:00:00+08:00,22.22222137451172,22.22222137451172,22.22222137451172,22.22222137451172,0,0.0,0.0
2023-03-30 00:00:00+08:00,21.148147583007812,21.148147583007812,21.148147583007812,21.148147583007812,270,0.0,0.0
2023-03-31 00:00:00+08:00,22.148147583007812,22.148147583007812,21.518518447875977,21.518518447875977,1620,0.0,0.0
2023-04-06 00:00:00+08:00,21.55555534362793,21.55555534362793,21.55555534362793,21.55555534362793,270,0.0,0.0
2023-04-07 00:00:00+08:00,21.55555534362793,21.55555534362793,21.55555534362793,21.55555534362793,0,0.0,0.0
2023-04-10 00:00:00+08:00,21.55555534362793,21.55555534362793,21.55555534362793,21.55555534362793,0,0.0,0.0
2023-04-11 00:00:00+08:00,21.55555534362793,21.55555534362793,21.55555534362793,21.55555534362793,0,0.0,0.0
2023-04-12 00:00:00+08:00,21.55555534362793,21.55555534362793,21.55555534362793,21.55555534362793,0,0.0,0.0
2023-04-13 00:00:00+08:00,21.55555534362793,21.55555534362793,21.55555534362793,21.55555534362793,0,0.0,0.0
2023-04-14 00:00:00+08:00,21.55555534362793,21.55555534362793,21.55555534362793,21.55555534362793,0,0.0,0.0
2023-04-17 00:00:00+08:00,22.22222137451172,22.22222137451172,22.22222137451172,22.22222137451172,270,0.0,0.0
2023-04-18 00:00:00+08:00,22.22222137451172,22.22222137451172,22.22222137451172,22.22222137451172,0,0.0,0.0
2023-04-19 00:00:00+08:00,22.22222137451172,22.22222137451172,22.22222137451172,22.22222137451172,0,0.0,0.0
2023-04-20 00:00:00+08:00,22.22222137451172,22.22222137451172,22.22222137451172,22.22222137451172,0,0.0,0.0
2023-04-21 00:00:00+08:00,21.11111068725586,21.11111068725586,21.11111068725586,21.11111068725586,270,0.0,0.0
2023-04-24 00:00:00+08:00,22.22222137451172,22.22222137451172,22.22222137451172,22.22222137451172,4050,0.0,0.0
2023-04-25 00:00:00+08:00,22.22222137451172,22.22222137451172,22.22222137451172,22.22222137451172,0,0.0,0.0
2023-04-26 00:00:00+08:00,22.22222137451172,22.22222137451172,22.22222137451172,22.22222137451172,0,0.0,0.0
2023-04-27 00:00:00+08:00,23.740739822387695,23.740739822387695,23.740739822387695,23.740739822387695,270,0.0,0.0
2023-04-28 00:00:00+08:00,23.740739822387695,23.740739822387695,23.740739822387695,23.740739822387695,0,0.0,0.0
2023-05-02 00:00:00+08:00,23.740739822387695,23.740739822387695,23.740739822387695,23.740739822387695,0,0.0,0.0
2023-05-03 00:00:00+08:00,23.740739822387695,23.740739822387695,23.740739822387695,23.740739822387695,0,0.0,0.0
2023-05-04 00:00:00+08:00,23.740739822387695,23.740739822387695,23.740739822387695,23.740739822387695,0,0.0,0.0
2023-05-05 00:00:00+08:00,23.740739822387695,23.740739822387695,23.740739822387695,23.740739822387695,0,0.0,0.0
2023-05-08 00:00:00+08:00,21.888887405395508,21.888887405395508,21.888887405395508,25.185184478759766,540,0.0,0.0
2023-05-09 00:00:00+08:00,25.185184478759766,25.185184478759766,25.185184478759766,25.185184478759766,0,0.0,0.0
2023-05-10 00:00:00+08:00,25.185184478759766,25.185184478759766,25.185184478759766,25.185184478759766,0,0.0,0.0
2023-05-11 00:00:00+08:00,25.185184478759766,25.185184478759766,25.185184478759766,25.185184478759766,0,0.0,0.0
2023-05-12 00:00:00+08:00,25.185184478759766,25.185184478759766,25.185184478759766,25.185184478759766,0,0.0,0.0
2023-05-15 00:00:00+08:00,25.185184478759766,25.185184478759766,25.185184478759766,25.185184478759766,0,0.0,0.0
2023-05-16 00:00:00+08:00,25.185184478759766,25.185184478759766,25.185184478759766,25.185184478759766,0,0.0,0.0
2023-05-17 00:00:00+08:00,25.185184478759766,25.185184478759766,25.185184478759766,25.185184478759766,0,0.0,0.0
2023-05-18 00:00:00+08:00,21.888887405395508,21.888887405395508,21.888887405395508,21.888887405395508,270,0.0,0.0
2023-05-19 00:00:00+08:00,22.22222137451172,22.22222137451172,22.22222137451172,22.22222137451172,810,0.0,0.0
2023-05-22 00:00:00+08:00,22.22222137451172,22.22222137451172,22.22222137451172,22.22222137451172,0,0.0,0.0
2023-05-23 00:00:00+08:00,22.22222137451172,22.22222137451172,22.22222137451172,22.22222137451172,0,0.0,0.0
2023-05-24 00:00:00+08:00,22.22222137451172,22.22222137451172,22.22222137451172,22.22222137451172,0,0.0,0.0
2023-05-25 00:00:00+08:00,22.22222137451172,22.22222137451172,22.22222137451172,22.22222137451172,0,0.0,0.0
2023-05-26 00:00:00+08:00,22.22222137451172,22.22222137451172,22.22222137451172,22.22222137451172,0,0.0,0.0
2023-05-29 00:00:00+08:00,22.22222137451172,22.22222137451172,22.22222137451172,22.22222137451172,0,0.0,0.0
2023-05-30 00:00:00+08:00,22.22222137451172,22.22222137451172,22.22222137451172,22.22222137451172,0,0.0,0.0
2023-05-31 00:00:00+08:00,20.407407760620117,22.259258270263672,20.407407760620117,22.22222137451172,1890,0.0,0.0
2023-06-01 00:00:00+08:00,22.22222137451172,22.22222137451172,22.22222137451172,22.22222137451172,0,0.0,0.0
2023-06-02 00:00:00+08:00,22.22222137451172,22.22222137451172,22.22222137451172,22.22222137451172,0,0.0,0.0
2023-06-05 00:00:00+08:00,22.22222137451172,22.22222137451172,22.22222137451172,22.22222137451172,0,0.0,0.0
2023-06-06 00:00:00+08:00,22.22222137451172,22.22222137451172,22.22222137451172,22.22222137451172,1350,0.0,0.0
2023-06-07 00:00:00+08:00,22.22222137451172,22.22222137451172,22.22222137451172,22.22222137451172,0,0.0,0.0
2023-06-08 00:00:00+08:00,22.22222137451172,22.22222137451172,22.22222137451172,22.22222137451172,0,0.0,0.0
2023-06-09 00:00:00+08:00,22.22222137451172,22.22222137451172,22.22222137451172,22.22222137451172,0,0.0,0.0
2023-06-12 00:00:00+08:00,22.22222137451172,22.22222137451172,22.22222137451172,22.22222137451172,0,0.0,0.0
2023-06-13 00:00:00+08:00,22.22222137451172,22.22222137451172,22.22222137451172,22.22222137451172,0,0.0,0.0
2023-06-14 00:00:00+08:00,22.22222137451172,22.22222137451172,22.22222137451172,22.22222137451172,0,0.0,0.0
2023-06-15 00:00:00+08:00,22.22222137451172,22.22222137451172,22.22222137451172,22.22222137451172,0,0.0,0.0
2023-06-16 00:00:00+08:00,22.22222137451172,22.22222137451172,22.22222137451172,22.22222137451172,0,0.0,0.0
2023-06-19 00:00:00+08:00,22.22222137451172,22.22222137451172,22.22222137451172,22.22222137451172,0,0.0,0.0
2023-06-20 00:00:00+08:00,22.22222137451172,22.22222137451172,22.22222137451172,22.22222137451172,0,0.0,0.0
2023-06-21 00:00:00+08:00,22.22222137451172,22.22222137451172,22.22222137451172,22.22222137451172,0,0.0,0.0
2023-06-26 00:00:00+08:00,22.22222137451172,22.22222137451172,22.22222137451172,22.22222137451172,0,0.0,0.0
2023-06-27 00:00:00+08:00,22.22222137451172,22.22222137451172,22.22222137451172,22.22222137451172,0,0.0,0.0
2023-06-28 00:00:00+08:00,22.22222137451172,22.22222137451172,22.22222137451172,22.22222137451172,0,0.0,0.0
2023-06-29 00:00:00+08:00,22.22222137451172,22.22222137451172,20.740739822387695,20.740739822387695,3240,0.0,0.0
2023-06-30 00:00:00+08:00,20.0,20.629629135131836,20.0,20.629629135131836,2160,0.0,0.0
2023-07-03 00:00:00+08:00,19.851850509643555,20.592592239379883,19.851850509643555,20.592592239379883,1620,0.0,0.0
2023-07-04 00:00:00+08:00,20.592592239379883,20.592592239379883,20.592592239379883,20.592592239379883,0,0.0,0.0
2023-07-05 00:00:00+08:00,20.592592239379883,20.592592239379883,20.592592239379883,20.592592239379883,0,0.0,0.0
2023-07-06 00:00:00+08:00,20.962961196899414,20.962961196899414,20.851850509643555,22.22222137451172,1350,0.0,0.0
2023-07-07 00:00:00+08:00,22.22222137451172,22.22222137451172,22.22222137451172,22.22222137451172,6750,0.0,0.0
2023-07-10 00:00:00+08:00,22.22222137451172,22.22222137451172,22.22222137451172,22.22222137451172,0,0.0,0.0
2023-07-11 00:00:00+08:00,22.22222137451172,22.22222137451172,22.22222137451172,22.22222137451172,0,0.0,0.0
2023-07-12 00:00:00+08:00,22.22222137451172,22.22222137451172,22.22222137451172,22.22222137451172,0,0.0,0.0
2023-07-13 00:00:00+08:00,22.22222137451172,22.22222137451172,22.22222137451172,22.22222137451172,0,0.0,0.0
2023-07-14 00:00:00+08:00,22.22222137451172,22.22222137451172,22.22222137451172,22.22222137451172,0,0.0,0.0
2023-07-17 00:00:00+08:00,22.22222137451172,22.22222137451172,22.22222137451172,22.22222137451172,0,0.0,0.0
2023-07-18 00:00:00+08:00,21.481481552124023,22.22222137451172,21.481481552124023,22.22222137451172,3240,0.0,0.0
2023-07-19 00:00:00+08:00,22.22222137451172,22.22222137451172,22.22222137451172,22.22222137451172,0,0.0,0.0
2023-07-20 00:00:00+08:00,22.22222137451172,22.22222137451172,22.22222137451172,22.22222137451172,1620,0.0,0.0
2023-07-21 00:00:00+08:00,22.22222137451172,22.22222137451172,22.22222137451172,22.22222137451172,0,0.0,0.0
2023-07-24 00:00:00+08:00,22.22222137451172,22.22222137451172,22.22222137451172,22.22222137451172,0,0.0,0.0
2023-07-25 00:00:00+08:00,22.22222137451172,22.22222137451172,22.22222137451172,22.22222137451172,0,0.0,0.0
2023-07-26 00:00:00+08:00,20.92592430114746,21.11111068725586,20.92592430114746,21.11111068725586,3510,0.0,0.0
2023-07-27 00:00:00+08:00,21.11111068725586,21.11111068725586,21.11111068725586,21.11111068725586,0,0.0,0.0
2023-07-28 00:00:00+08:00,21.11111068725586,21.11111068725586,21.11111068725586,21.11111068725586,0,0.0,0.0
2023-07-31 00:00:00+08:00,21.11111068725586,21.11111068725586,21.11111068725586,21.11111068725586,0,0.0,0.0
2023-08-01 00:00:00+08:00,21.11111068725586,21.11111068725586,21.11111068725586,21.11111068725586,0,0.0,0.0
2023-08-02 00:00:00+08:00,20.370370864868164,20.370370864868164,20.370370864868164,20.370370864868164,2160,0.0,0.0
2023-08-04 00:00:00+08:00,20.0,20.0,20.0,20.0,1620,0.0,0.0
2023-08-07 00:00:00+08:00,21.77777671813965,21.77777671813965,20.370370864868164,21.518518447875977,8100,0.0,0.0
2023-08-08 00:00:00+08:00,21.518518447875977,21.518518447875977,21.518518447875977,21.518518447875977,0,0.0,0.0
2023-08-09 00:00:00+08:00,22.22222137451172,22.22222137451172,22.22222137451172,22.22222137451172,1080,0.0,0.0
2023-08-10 00:00:00+08:00,22.22222137451172,22.22222137451172,22.22222137451172,22.22222137451172,0,0.0,0.0
2023-08-11 00:00:00+08:00,22.22222137451172,22.22222137451172,22.22222137451172,22.22222137451172,0,0.0,0.0
2023-08-14 00:00:00+08:00,20.740739822387695,20.740739822387695,20.740739822387695,20.740739822387695,810,0.0,0.0
2023-08-15 00:00:00+08:00,22.77777671813965,22.77777671813965,20.962961196899414,20.962961196899414,810,0.0,0.0
2023-08-16 00:00:00+08:00,20.92592430114746,20.92592430114746,20.92592430114746,20.92592430114746,270,0.0,0.0
2023-08-17 00:00:00+08:00,20.92592430114746,20.92592430114746,20.92592430114746,20.92592430114746,0,0.0,0.0
2023-08-18 00:00:00+08:00,20.92592430114746,20.92592430114746,20.92592430114746,20.92592430114746,0,0.0,0.0
2023-08-21 00:00:00+08:00,20.92592430114746,20.92592430114746,20.92592430114746,20.92592430114746,0,0.0,0.0
2023-08-22 00:00:00+08:00,20.92592430114746,20.92592430114746,20.92592430114746,20.92592430114746,0,0.0,0.0
2023-08-23 00:00:00+08:00,20.92592430114746,20.92592430114746,20.92592430114746,20.92592430114746,0,0.0,0.0
2023-08-24 00:00:00+08:00,20.92592430114746,20.92592430114746,20.92592430114746,20.92592430114746,0,0.0,0.0
2023-08-25 00:00:00+08:00,20.92592430114746,20.92592430114746,20.92592430114746,20.92592430114746,0,0.0,0.0
2023-08-28 00:00:00+08:00,20.92592430114746,20.92592430114746,20.92592430114746,20.92592430114746,0,0.0,0.0
2023-08-29 00:00:00+08:00,20.92592430114746,20.92592430114746,20.92592430114746,20.92592430114746,0,0.0,0.0
2023-08-30 00:00:00+08:00,20.92592430114746,20.92592430114746,20.92592430114746,20.92592430114746,0,0.0,0.0
2023-08-31 00:00:00+08:00,20.92592430114746,20.92592430114746,20.92592430114746,20.92592430114746,0,0.0,0.0
2023-09-01 00:00:00+08:00,22.851850509643555,22.851850509643555,22.851850509643555,22.851850509643555,810,0.0,0.0
2023-09-04 00:00:00+08:00,20.8148136138916,20.8148136138916,20.8148136138916,25.11111068725586,270,0.0,0.0
2023-09-05 00:00:00+08:00,22.22222137451172,22.592592239379883,22.22222137451172,22.44444465637207,4860,0.0,0.0
2023-09-06 00:00:00+08:00,22.592592239379883,22.592592239379883,22.592592239379883,22.592592239379883,1350,0.0,0.0
2023-09-07 00:00:00+08:00,24.8148136138916,24.8148136138916,24.44444465637207,24.44444465637207,9180,0.0,0.0
2023-09-08 00:00:00+08:00,26.77777671813965,26.77777671813965,22.962961196899414,22.962961196899414,4860,0.0,0.0
2023-09-11 00:00:00+08:00,22.962961196899414,22.962961196899414,22.22222137451172,22.22222137451172,1620,0.0,0.0
2023-09-12 00:00:00+08:00,21.370370864868164,21.370370864868164,21.370370864868164,20.0,810,0.0,0.0
2023-09-13 00:00:00+08:00,20.592592239379883,20.592592239379883,20.592592239379883,20.592592239379883,270,0.0,0.0
2023-09-14 00:00:00+08:00,20.962961196899414,20.962961196899414,20.962961196899414,20.037036895751953,1890,0.0,0.0
2023-09-15 00:00:00+08:00,19.66666603088379,22.962961196899414,19.66666603088379,22.962961196899414,1890,0.0,0.0
2023-09-18 00:00:00+08:00,21.370370864868164,21.77777671813965,21.370370864868164,21.77777671813965,540,0.0,0.0
2023-09-19 00:00:00+08:00,19.851850509643555,22.22222137451172,19.851850509643555,22.22222137451172,1620,0.0,0.0
2023-09-20 00:00:00+08:00,22.22222137451172,22.22222137451172,22.22222137451172,22.22222137451172,0,0.0,0.0
2023-09-21 00:00:00+08:00,24.296295166015625,24.296295166015625,23.703702926635742,23.703702926635742,810,0.0,0.0
2023-09-22 00:00:00+08:00,23.66666603088379,23.66666603088379,21.962961196899414,21.962961196899414,1080,0.0,0.0
2023-09-25 00:00:00+08:00,20.22222137451172,22.518518447875977,20.22222137451172,20.370370864868164,540,0.0,0.0
2023-09-26 00:00:00+08:00,20.370370864868164,20.370370864868164,20.370370864868164,20.370370864868164,0,0.0,0.0
2023-09-27 00:00:00+08:00,20.370370864868164,20.370370864868164,20.370370864868164,20.370370864868164,0,0.0,0.0
2023-09-28 00:00:00+08:00,21.92592430114746,21.92592430114746,21.92592430114746,21.92592430114746,270,0.0,0.0
2023-10-02 00:00:00+08:00,23.148147583007812,23.148147583007812,23.148147583007812,23.148147583007812,270,0.0,0.0
2023-10-03 00:00:00+08:00,25.22222137451172,25.22222137451172,22.259258270263672,21.11111068725586,1350,0.0,0.0
2023-10-04 00:00:00+08:00,21.11111068725586,21.11111068725586,21.11111068725586,21.11111068725586,0,0.0,0.0
2023-10-05 00:00:00+08:00,24.074073791503906,24.074073791503906,24.037036895751953,24.074073791503906,2430,0.0,0.0
2023-10-06 00:00:00+08:00,24.074073791503906,24.074073791503906,22.592592239379883,21.66666603088379,2430,0.0,0.0
2023-10-11 00:00:00+08:00,21.66666603088379,21.66666603088379,21.66666603088379,21.66666603088379,0,0.0,0.0
2023-10-12 00:00:00+08:00,22.22222137451172,22.22222137451172,22.037036895751953,22.037036895751953,3240,0.0,0.0
2023-10-13 00:00:00+08:00,22.037036895751953,22.037036895751953,22.037036895751953,22.037036895751953,0,0.0,0.0
2023-10-16 00:00:00+08:00,20.481481552124023,22.592592239379883,20.481481552124023,20.11111068725586,1620,0.0,0.0
2023-10-17 00:00:00+08:00,22.592592239379883,24.037036895751953,22.592592239379883,24.037036895751953,1080,0.0,0.0
2023-10-18 00:00:00+08:00,25.11111068725586,25.11111068725586,22.037036895751953,22.037036895751953,540,0.0,0.0
2023-10-19 00:00:00+08:00,22.037036895751953,22.037036895751953,22.037036895751953,22.037036895751953,0,0.0,0.0
2023-10-20 00:00:00+08:00,25.296295166015625,25.296295166015625,25.296295166015625,21.592592239379883,270,0.0,0.0
2023-10-23 00:00:00+08:00,25.296295166015625,25.296295166015625,22.888887405395508,24.8148136138916,3780,0.0,0.0
2023-10-24 00:00:00+08:00,24.8148136138916,24.8148136138916,24.8148136138916,24.8148136138916,270,0.0,0.0
2023-10-25 00:00:00+08:00,24.77777671813965,24.77777671813965,24.77777671813965,22.333332061767578,270,0.0,0.0
2023-10-26 00:00:00+08:00,24.851850509643555,24.851850509643555,24.851850509643555,22.333332061767578,270,0.0,0.0
2023-10-27 00:00:00+08:00,25.148147583007812,25.148147583007812,23.185184478759766,23.185184478759766,1080,0.0,0.0
2023-10-30 00:00:00+08:00,21.481481552124023,21.481481552124023,21.481481552124023,20.888887405395508,1350,0.0,0.0
2023-10-31 00:00:00+08:00,21.703702926635742,21.703702926635742,21.703702926635742,21.703702926635742,540,0.0,0.0
2023-11-01 00:00:00+08:00,21.703702926635742,21.703702926635742,21.703702926635742,21.703702926635742,0,0.0,0.0
2023-11-02 00:00:00+08:00,20.185184478759766,21.8148136138916,20.185184478759766,19.962961196899414,810,0.0,0.0
2023-11-03 00:00:00+08:00,23.55555534362793,23.55555534362793,23.44444465637207,23.333332061767578,810,0.0,0.0
2023-11-06 00:00:00+08:00,23.44444465637207,24.0,23.44444465637207,24.0,1620,0.0,0.0
2023-11-07 00:00:00+08:00,24.77777671813965,24.77777671813965,24.074073791503906,21.629629135131836,1890,0.0,0.0
2023-11-08 00:00:00+08:00,24.074073791503906,24.074073791503906,22.296295166015625,21.66666603088379,810,0.0,0.0
2023-11-09 00:00:00+08:00,21.333332061767578,21.333332061767578,21.333332061767578,20.074073791503906,270,0.0,0.0
2023-11-10 00:00:00+08:00,21.370370864868164,23.074073791503906,21.370370864868164,23.074073791503906,1080,0.0,0.0
2023-11-13 00:00:00+08:00,24.148147583007812,24.148147583007812,22.592592239379883,20.77777671813965,1080,0.0,0.0
2023-11-14 00:00:00+08:00,20.8148136138916,20.8148136138916,20.8148136138916,20.333332061767578,1620,0.0,0.0
2023-11-15 00:00:00+08:00,22.740739822387695,22.740739822387695,22.740739822387695,22.740739822387695,270,0.0,0.0
2023-11-16 00:00:00+08:00,22.22222137451172,24.703702926635742,22.22222137451172,23.333332061767578,2160,0.0,0.0
2023-11-17 00:00:00+08:00,23.333332061767578,23.333332061767578,23.333332061767578,20.11111068725586,1350,0.0,0.0
2023-11-20 00:00:00+08:00,24.074073791503906,24.074073791503906,24.074073791503906,21.0,270,0.0,0.0
2023-11-21 00:00:00+08:00,24.740739822387695,24.740739822387695,23.518518447875977,23.518518447875977,1620,0.0,0.0
2023-11-22 00:00:00+08:00,22.185184478759766,23.518518447875977,22.185184478759766,21.185184478759766,2700,0.0,0.0
2023-11-23 00:00:00+08:00,22.481481552124023,22.592592239379883,22.44444465637207,23.333332061767578,810,0.0,0.0
2023-11-24 00:00:00+08:00,22.296295166015625,22.962961196899414,22.296295166015625,22.962961196899414,540,0.0,0.0
2023-11-27 00:00:00+08:00,23.333332061767578,23.333332061767578,23.333332061767578,23.333332061767578,810,0.0,0.0
2023-11-28 00:00:00+08:00,23.333332061767578,23.333332061767578,23.333332061767578,23.333332061767578,0,0.0,0.0
2023-11-29 00:00:00+08:00,21.370370864868164,22.22222137451172,21.0,21.0,10800,0.0,0.0
2023-11-30 00:00:00+08:00,22.148147583007812,22.851850509643555,22.148147583007812,22.740739822387695,2160,0.0,0.0
2023-12-01 00:00:00+08:00,22.740739822387695,23.296295166015625,22.703702926635742,23.259258270263672,8370,0.0,0.0
2023-12-04 00:00:00+08:00,25.148147583007812,25.148147583007812,24.0,24.074073791503906,4320,0.0,0.0
2023-12-05 00:00:00+08:00,24.037036895751953,24.037036895751953,23.851850509643555,21.629629135131836,3240,0.0,0.0
2023-12-06 00:00:00+08:00,22.44444465637207,22.44444465637207,22.407407760620117,21.481481552124023,1080,0.0,0.0
2023-12-07 00:00:00+08:00,20.185184478759766,23.703702926635742,20.185184478759766,22.22222137451172,7830,0.0,0.0
2023-12-08 00:00:00+08:00,21.66666603088379,22.77777671813965,21.66666603088379,22.77777671813965,1620,0.0,0.0
2023-12-11 00:00:00+08:00,23.8148136138916,23.8148136138916,23.8148136138916,24.074073791503906,270,0.0,0.0
2023-12-12 00:00:00+08:00,25.185184478759766,25.185184478759766,24.481481552124023,24.481481552124023,1080,0.0,0.0
2023-12-13 00:00:00+08:00,23.888887405395508,23.888887405395508,22.592592239379883,22.592592239379883,1080,0.0,0.0
2023-12-14 00:00:00+08:00,22.592592239379883,22.592592239379883,22.592592239379883,22.592592239379883,0,0.0,0.0
2023-12-15 00:00:00+08:00,22.962961196899414,22.962961196899414,22.962961196899414,24.074073791503906,270,0.0,0.0
2023-12-18 00:00:00+08:00,23.333332061767578,23.66666603088379,23.333332061767578,21.11111068725586,540,0.0,0.0
2023-12-19 00:00:00+08:00,24.074073791503906,24.074073791503906,24.074073791503906,24.44444465637207,270,0.0,0.0
2023-12-20 00:00:00+08:00,24.074073791503906,24.074073791503906,21.92592430114746,21.92592430114746,1620,0.0,0.0
2023-12-21 00:00:00+08:00,22.259258270263672,22.259258270263672,22.259258270263672,23.703702926635742,270,0.0,0.0
2023-12-22 00:00:00+08:00,22.296295166015625,22.296295166015625,22.296295166015625,20.185184478759766,810,0.0,0.0
2023-12-25 00:00:00+08:00,21.22222137451172,21.22222137451172,21.22222137451172,20.296295166015625,270,0.0,0.0
2023-12-26 00:00:00+08:00,20.296295166015625,20.296295166015625,20.296295166015625,20.296295166015625,0,0.0,0.0
2023-12-27 00:00:00+08:00,20.296295166015625,20.296295166015625,20.296295166015625,20.296295166015625,0,0.0,0.0
2023-12-28 00:00:00+08:00,22.22222137451172,23.148147583007812,22.22222137451172,19.22222137451172,540,0.0,0.0
2023-12-29 00:00:00+08:00,19.22222137451172,19.22222137451172,19.22222137451172,19.22222137451172,0,0.0,0.0
2024-01-02 00:00:00+08:00,24.074073791503906,24.074073791503906,24.074073791503906,20.851850509643555,270,0.0,0.0
2024-01-03 00:00:00+08:00,22.074073791503906,22.074073791503906,22.074073791503906,21.66666603088379,270,0.0,0.0
2024-01-04 00:00:00+08:00,23.77777671813965,24.259258270263672,23.77777671813965,20.0,3240,0.0,0.0
2024-01-05 00:00:00+08:00,26.44444465637207,26.44444465637207,23.44444465637207,24.074073791503906,4050,0.0,0.0
2024-01-08 00:00:00+08:00,24.074073791503906,24.8148136138916,22.962961196899414,22.962961196899414,4590,0.0,0.0
2024-01-09 00:00:00+08:00,22.22222137451172,22.22222137451172,22.22222137451172,21.92592430114746,3240,0.0,0.0
2024-01-10 00:00:00+08:00,21.703702926635742,21.703702926635742,21.66666603088379,21.296295166015625,2970,0.0,0.0
2024-01-11 00:00:00+08:00,21.703702926635742,21.703702926635742,21.703702926635742,19.962961196899414,2430,0.0,0.0
2024-01-12 00:00:00+08:00,21.518518447875977,21.77777671813965,21.518518447875977,21.77777671813965,540,0.0,0.0
2024-01-15 00:00:00+08:00,22.77777671813965,22.77777671813965,21.55555534362793,22.66666603088379,1620,0.0,0.0
2024-01-16 00:00:00+08:00,24.0,24.0,24.0,24.0,1350,0.0,0.0
2024-01-17 00:00:00+08:00,23.703702926635742,23.703702926635742,23.703702926635742,23.703702926635742,5670,0.0,0.0
2024-01-18 00:00:00+08:00,24.037036895751953,24.037036895751953,24.0,24.0,1080,0.0,0.0
2024-01-19 00:00:00+08:00,23.888887405395508,23.888887405395508,23.888887405395508,23.518518447875977,810,0.0,0.0
2024-01-22 00:00:00+08:00,24.074073791503906,24.074073791503906,24.037036895751953,24.037036895751953,540,0.0,0.0
2024-01-23 00:00:00+08:00,24.037036895751953,24.037036895751953,24.0,24.0,810,0.0,0.0
2024-01-24 00:00:00+08:00,22.22222137451172,22.629629135131836,22.22222137451172,22.22222137451172,2700,0.0,0.0
2024-01-25 00:00:00+08:00,22.22222137451172,22.22222137451172,22.22222137451172,22.22222137451172,2430,0.0,0.0
2024-01-26 00:00:00+08:00,23.962961196899414,23.962961196899414,23.888887405395508,23.888887405395508,4320,0.0,0.0
2024-01-29 00:00:00+08:00,26.259258270263672,26.259258270263672,26.11111068725586,26.22222137451172,27810,0.0,0.0
2024-01-30 00:00:00+08:00,26.66666603088379,26.66666603088379,26.11111068725586,26.259258270263672,3780,0.0,0.0
2024-01-31 00:00:00+08:00,26.629629135131836,26.66666603088379,26.629629135131836,26.66666603088379,13770,0.0,0.0
2024-02-01 00:00:00+08:00,26.66666603088379,26.66666603088379,26.296295166015625,26.296295166015625,8100,0.0,0.0
2024-02-02 00:00:00+08:00,25.92592430114746,26.296295166015625,25.92592430114746,26.296295166015625,5400,0.0,0.0
2024-02-05 00:00:00+08:00,27.66666603088379,28.518518447875977,27.66666603088379,28.518518447875977,7830,0.0,0.0
2024-02-15 00:00:00+08:00,30.92592430114746,30.92592430114746,29.962961196899414,29.962961196899414,9450,0.0,0.0
2024-02-16 00:00:00+08:00,31.851850509643555,31.851850509643555,28.185184478759766,28.185184478759766,3240,0.0,0.0
2024-02-19 00:00:00+08:00,28.148147583007812,28.148147583007812,25.55555534362793,25.370370864868164,4860,0.0,0.0
2024-02-20 00:00:00+08:00,25.333332061767578,26.11111068725586,25.185184478759766,26.11111068725586,1620,0.0,0.0
2024-02-21 00:00:00+08:00,24.481481552124023,24.55555534362793,24.481481552124023,24.55555534362793,5670,0.0,0.0
2024-02-22 00:00:00+08:00,23.333332061767578,24.8148136138916,23.333332061767578,24.370370864868164,1620,0.0,0.0
2024-02-23 00:00:00+08:00,23.740739822387695,23.740739822387695,23.66666603088379,23.703702926635742,1890,0.0,0.0
2024-02-26 00:00:00+08:00,23.629629135131836,26.037036895751953,23.629629135131836,23.629629135131836,6480,0.0,0.0
2024-02-27 00:00:00+08:00,25.92592430114746,27.333332061767578,25.92592430114746,27.037036895751953,1350,0.0,0.0
2024-02-29 00:00:00+08:00,28.333332061767578,28.44444465637207,27.259258270263672,27.259258270263672,2700,0.0,0.0
2024-03-01 00:00:00+08:00,28.8148136138916,28.888887405395508,25.259258270263672,27.77777671813965,5670,0.0,0.0
2024-03-04 00:00:00+08:00,29.66666603088379,30.296295166015625,28.148147583007812,30.55555534362793,14040,0.0,0.0
2024-03-05 00:00:00+08:00,30.370370864868164,30.370370864868164,28.22222137451172,29.629629135131836,3510,0.0,0.0
2024-03-06 00:00:00+08:00,30.0,30.0,29.629629135131836,29.629629135131836,5130,0.0,0.0
2024-03-07 00:00:00+08:00,28.0,28.0,28.0,28.0,3240,0.0,0.0
2024-03-08 00:00:00+08:00,26.370370864868164,26.370370864868164,25.55555534362793,25.92592430114746,1620,0.0,0.0
2024-03-11 00:00:00+08:00,24.44444465637207,24.481481552124023,24.44444465637207,24.44444465637207,2160,0.0,0.0
2024-03-12 00:00:00+08:00,24.44444465637207,24.44444465637207,24.44444465637207,24.44444465637207,0,0.0,0.0
2024-03-13 00:00:00+08:00,24.44444465637207,24.44444465637207,24.44444465637207,24.44444465637207,0,0.0,0.0
2024-03-14 00:00:00+08:00,24.185184478759766,24.185184478759766,24.185184478759766,22.592592239379883,270,0.0,0.0
2024-03-15 00:00:00+08:00,24.370370864868164,24.370370864868164,24.370370864868164,21.77777671813965,540,0.0,0.0
2024-03-18 00:00:00+08:00,21.77777671813965,21.77777671813965,21.77777671813965,21.77777671813965,0,0.0,0.0
2024-03-19 00:00:00+08:00,22.888887405395508,22.888887405395508,21.8148136138916,21.8148136138916,1080,0.0,0.0
2024-03-20 00:00:00+08:00,22.148147583007812,23.962961196899414,22.148147583007812,23.962961196899414,21330,0.0,0.0
2024-03-21 00:00:00+08:00,22.407407760620117,26.333332061767578,22.407407760620117,26.296295166015625,24300,0.0,0.0
2024-03-22 00:00:00+08:00,25.296295166015625,28.703702926635742,25.296295166015625,26.518518447875977,14040,0.0,0.0
2024-03-25 00:00:00+08:00,26.518518447875977,26.518518447875977,26.518518447875977,26.518518447875977,0,0.0,0.0
2024-03-26 00:00:00+08:00,26.518518447875977,26.518518447875977,26.518518447875977,26.518518447875977,0,0.0,0.0
2024-03-27 00:00:00+08:00,24.370370864868164,28.296295166015625,24.370370864868164,28.296295166015625,810,0.0,0.0
2024-03-28 00:00:00+08:00,25.77777671813965,29.92592430114746,25.77777671813965,26.0,13500,0.0,0.0
2024-03-29 00:00:00+08:00,25.740739822387695,26.481481552124023,25.740739822387695,26.481481552124023,2160,0.0,0.0
2024-04-01 00:00:00+08:00,23.92592430114746,24.481481552124023,23.92592430114746,24.481481552124023,810,0.0,0.0
2024-04-02 00:00:00+08:00,26.296295166015625,26.296295166015625,26.22222137451172,26.22222137451172,2700,0.0,0.0
2024-04-03 00:00:00+08:00,24.22222137451172,24.518518447875977,24.22222137451172,24.518518447875977,1620,0.0,0.0
2024-04-08 00:00:00+08:00,24.518518447875977,24.518518447875977,23.703702926635742,23.703702926635742,1350,0.0,0.0
2024-04-09 00:00:00+08:00,23.629629135131836,23.629629135131836,23.44444465637207,23.481481552124023,3780,0.0,0.0
2024-04-10 00:00:00+08:00,23.481481552124023,23.481481552124023,23.481481552124023,23.481481552124023,0,0.0,0.0
2024-04-11 00:00:00+08:00,26.407407760620117,26.407407760620117,26.148147583007812,26.148147583007812,540,0.0,0.0
2024-04-12 00:00:00+08:00,24.11111068725586,24.629629135131836,24.11111068725586,24.407407760620117,3240,0.0,0.0
2024-04-15 00:00:00+08:00,22.888887405395508,22.888887405395508,22.888887405395508,22.22222137451172,270,0.0,0.0
2024-04-16 00:00:00+08:00,22.22222137451172,22.22222137451172,22.22222137451172,22.22222137451172,0,0.0,0.0
2024-04-17 00:00:00+08:00,24.44444465637207,25.148147583007812,24.44444465637207,25.074073791503906,2160,0.0,0.0
2024-04-18 00:00:00+08:00,23.703702926635742,23.703702926635742,22.8148136138916,22.8148136138916,4860,0.0,0.0
2024-04-19 00:00:00+08:00,22.8148136138916,22.8148136138916,22.148147583007812,22.148147583007812,1620,0.0,0.0
2024-04-22 00:00:00+08:00,24.22222137451172,24.22222137451172,24.22222137451172,22.22222137451172,1350,0.0,0.0
2024-04-23 00:00:00+08:00,25.740739822387695,25.740739822387695,25.740739822387695,25.740739822387695,540,0.0,0.0
2024-04-24 00:00:00+08:00,23.55555534362793,23.55555534362793,23.518518447875977,23.518518447875977,3780,0.0,0.0
2024-04-25 00:00:00+08:00,22.333332061767578,22.333332061767578,22.333332061767578,22.296295166015625,270,0.0,0.0
2024-04-26 00:00:00+08:00,21.518518447875977,21.518518447875977,21.296295166015625,21.333332061767578,3510,0.0,0.0
2024-04-29 00:00:00+08:00,20.481481552124023,23.148147583007812,20.481481552124023,23.148147583007812,810,0.0,0.0
2024-04-30 00:00:00+08:00,23.8148136138916,23.8148136138916,22.074073791503906,22.074073791503906,1350,0.0,0.0
2024-05-02 00:00:00+08:00,22.074073791503906,22.074073791503906,22.074073791503906,22.074073791503906,0,0.0,0.0
2024-05-03 00:00:00+08:00,20.92592430114746,23.703702926635742,20.92592430114746,23.740739822387695,810,0.0,0.0
2024-05-06 00:00:00+08:00,22.22222137451172,22.703702926635742,22.22222137451172,22.703702926635742,1890,0.0,0.0
2024-05-07 00:00:00+08:00,22.703702926635742,22.703702926635742,21.481481552124023,21.481481552124023,810,0.0,0.0
2024-05-08 00:00:00+08:00,20.962961196899414,20.962961196899414,20.962961196899414,20.962961196899414,270,0.0,0.0
2024-05-09 00:00:00+08:00,21.851850509643555,22.22222137451172,21.851850509643555,22.22222137451172,2160,0.0,0.0
2024-05-10 00:00:00+08:00,22.77777671813965,22.77777671813965,22.074073791503906,22.074073791503906,3780,0.0,0.0
2024-05-13 00:00:00+08:00,22.77777671813965,23.888887405395508,22.592592239379883,22.592592239379883,5940,0.0,0.0
2024-05-14 00:00:00+08:00,22.592592239379883,22.592592239379883,22.592592239379883,22.592592239379883,0,0.0,0.0
2024-05-15 00:00:00+08:00,21.8148136138916,21.8148136138916,21.8148136138916,21.8148136138916,1080,0.0,0.0
2024-05-16 00:00:00+08:00,20.962961196899414,21.11111068725586,20.962961196899414,21.11111068725586,1620,0.0,0.0
2024-05-17 00:00:00+08:00,21.11111068725586,21.11111068725586,21.11111068725586,21.11111068725586,0,0.0,0.0
2024-05-20 00:00:00+08:00,23.185184478759766,23.185184478759766,23.185184478759766,22.962961196899414,270,0.0,0.0
2024-05-21 00:00:00+08:00,23.074073791503906,23.074073791503906,21.703702926635742,21.703702926635742,3510,0.0,0.0
2024-05-22 00:00:00+08:00,19.92592430114746,23.851850509643555,19.92592430114746,23.851850509643555,17550,0.0,0.0
2024-05-23 00:00:00+08:00,22.370370864868164,26.22222137451172,22.370370864868164,26.22222137451172,29160,0.0,0.0
2024-05-24 00:00:00+08:00,28.8148136138916,28.8148136138916,28.8148136138916,28.8148136138916,39690,0.0,0.0
2024-05-27 00:00:00+08:00,31.66666603088379,31.66666603088379,31.66666603088379,31.66666603088379,33210,0.0,0.0
2024-05-28 00:00:00+08:00,34.814815521240234,34.814815521240234,34.814815521240234,34.814815521240234,23220,0.0,0.0
2024-05-29 00:00:00+08:00,38.14814758300781,38.14814758300781,37.96296310424805,38.14814758300781,134190,0.0,0.0
2024-05-30 00:00:00+08:00,41.85185241699219,41.85185241699219,41.85185241699219,41.85185241699219,47790,0.0,0.0
2024-05-31 00:00:00+08:00,45.925926208496094,45.925926208496094,45.925926208496094,45.925926208496094,60480,0.0,0.0
2024-06-03 00:00:00+08:00,50.37036895751953,50.37036895751953,50.37036895751953,50.37036895751953,79920,0.0,0.0
2024-06-04 00:00:00+08:00,55.37036895751953,55.37036895751953,55.37036895751953,55.37036895751953,54000,0.0,0.0
2024-06-05 00:00:00+08:00,60.74074172973633,60.74074172973633,50.0,50.0,121770,0.0,0.0
2024-06-06 00:00:00+08:00,45.5555534362793,45.5555534362793,45.0,45.0,57510,0.0,0.0
2024-06-07 00:00:00+08:00,42.96296310424805,42.96296310424805,41.11111068725586,42.96296310424805,70470,0.0,0.0
2024-06-11 00:00:00+08:00,41.85185241699219,41.85185241699219,38.703704833984375,38.88888931274414,60750,0.0,0.0
2024-06-12 00:00:00+08:00,37.96296310424805,42.77777862548828,37.407405853271484,42.77777862548828,29430,0.0,0.0
2024-06-13 00:00:00+08:00,44.44444274902344,47.03703689575195,44.44444274902344,46.666664123535156,54810,0.0,0.0
2024-06-14 00:00:00+08:00,46.48147964477539,46.48147964477539,44.44444274902344,44.44444274902344,28620,0.0,0.0
2024-06-17 00:00:00+08:00,44.074073791503906,48.88888931274414,42.77777862548828,48.88888931274414,21330,0.0,0.0
2024-06-18 00:00:00+08:00,48.88888931274414,48.88888931274414,45.925926208496094,46.85185241699219,13770,0.0,0.0
2024-06-19 00:00:00+08:00,47.407405853271484,47.407405853271484,44.6296272277832,45.925926208496094,11610,0.0,0.0
2024-06-20 00:00:00+08:00,45.925926208496094,48.14814758300781,43.703704833984375,43.703704833984375,9180,0.0,0.0
2024-06-21 00:00:00+08:00,40.185184478759766,44.814815521240234,40.185184478759766,42.77777862548828,8640,0.0,0.0
2024-06-24 00:00:00+08:00,40.185184478759766,41.666664123535156,40.185184478759766,40.74074172973633,5940,0.0,0.0
2024-06-25 00:00:00+08:00,38.518516540527344,41.296295166015625,38.518516540527344,40.0,11070,0.0,0.0
2024-06-26 00:00:00+08:00,40.0,42.22222137451172,40.0,40.0,10260,0.0,0.0
2024-06-27 00:00:00+08:00,40.37036895751953,40.74074172973633,37.96296310424805,38.88888931274414,7020,0.0,0.0
2024-06-28 00:00:00+08:00,35.44444274902344,40.0,35.44444274902344,40.0,12690,0.0,0.0
2024-07-01 00:00:00+08:00,38.33333206176758,40.5555534362793,38.33333206176758,40.0,23490,0.0,0.0
2024-07-02 00:00:00+08:00,40.0,40.5555534362793,38.518516540527344,40.5555534362793,4050,0.0,0.0
2024-07-03 00:00:00+08:00,40.5555534362793,40.5555534362793,40.5555534362793,40.5555534362793,1080,0.0,0.0
2024-07-04 00:00:00+08:00,40.5555534362793,40.5555534362793,40.5555534362793,40.5555534362793,0,0.0,0.0
2024-07-05 00:00:00+08:00,37.77777862548828,37.96296310424805,37.03703689575195,37.03703689575195,9720,0.0,0.0
2024-07-08 00:00:00+08:00,35.6296272277832,35.666664123535156,35.6296272277832,35.666664123535156,2970,0.0,0.0
2024-07-09 00:00:00+08:00,35.666664123535156,35.666664123535156,32.11111068725586,32.296295166015625,20790,0.0,0.0
2024-07-10 00:00:00+08:00,32.296295166015625,32.296295166015625,30.407407760620117,31.888887405395508,8910,0.0,0.0
2024-07-11 00:00:00+08:00,32.03703689575195,35.074073791503906,32.03703689575195,35.074073791503906,9180,0.0,0.0
2024-07-12 00:00:00+08:00,37.407405853271484,38.518516540527344,37.407405853271484,38.518516540527344,9990,0.0,0.0
2024-07-15 00:00:00+08:00,42.22222137451172,42.22222137451172,42.22222137451172,42.22222137451172,12960,0.0,0.0
2024-07-16 00:00:00+08:00,46.296295166015625,46.296295166015625,40.74074172973633,44.814815521240234,79380,0.0,0.0
2024-07-17 00:00:00+08:00,44.6296272277832,44.6296272277832,42.22222137451172,42.59259033203125,20250,0.0,0.0
2024-07-18 00:00:00+08:00,40.74074172973633,40.74074172973633,40.37036895751953,40.74074172973633,2430,0.0,0.0
2024-07-19 00:00:00+08:00,39.6296272277832,39.6296272277832,38.518516540527344,39.44444274902344,7830,0.0,0.0
2024-07-22 00:00:00+08:00,39.44444274902344,41.11111068725586,39.44444274902344,40.74074172973633,4590,0.0,0.0
2024-07-23 00:00:00+08:00,40.74074172973633,41.296295166015625,40.74074172973633,40.925926208496094,1620,0.0,0.0
2024-07-26 00:00:00+08:00,38.33333206176758,39.6296272277832,38.33333206176758,39.6296272277832,6750,0.0,0.0
2024-07-29 00:00:00+08:00,38.518516540527344,39.25925827026367,37.96296310424805,37.96296310424805,5400,0.0,0.0
2024-07-30 00:00:00+08:00,37.96296310424805,38.14814758300781,37.77777862548828,38.14814758300781,1620,0.0,0.0
2024-07-31 00:00:00+08:00,35.37036895751953,39.44444274902344,35.37036895751953,39.44444274902344,2430,0.0,0.0
2024-08-01 00:00:00+08:00,38.88888931274414,39.25925827026367,38.14814758300781,38.14814758300781,5130,0.0,0.0
2024-08-02 00:00:00+08:00,38.14814758300781,38.518516540527344,37.03703689575195,38.518516540527344,4590,0.0,0.0
2024-08-05 00:00:00+08:00,39.44444274902344,39.44444274902344,35.48147964477539,35.48147964477539,6480,0.0,0.0
2024-08-06 00:00:00+08:00,37.59259033203125,37.59259033203125,37.03703689575195,33.77777862548828,810,0.0,0.0
2024-08-07 00:00:00+08:00,40.74074172973633,40.74074172973633,38.518516540527344,38.518516540527344,2700,0.0,0.0
2024-08-08 00:00:00+08:00,38.518516540527344,38.518516540527344,38.518516540527344,38.518516540527344,0,0.0,0.0
2024-08-09 00:00:00+08:00,34.666664123535156,34.666664123535156,34.666664123535156,34.666664123535156,22140,0.0,0.0
2024-08-12 00:00:00+08:00,32.074073791503906,32.074073791503906,31.22222137451172,31.22222137451172,41040,0.0,0.0
2024-08-13 00:00:00+08:00,28.518518447875977,28.518518447875977,28.11111068725586,28.11111068725586,22950,0.0,0.0
2024-08-14 00:00:00+08:00,25.703702926635742,25.740739822387695,25.407407760620117,25.740739822387695,23490,0.0,0.0
2024-08-15 00:00:00+08:00,28.296295166015625,28.296295166015625,28.296295166015625,28.296295166015625,15930,0.0,0.0
2024-08-16 00:00:00+08:00,30.740739822387695,31.11111068725586,30.740739822387695,31.11111068725586,16200,0.0,0.0
2024-08-19 00:00:00+08:00,31.11111068725586,34.0,31.11111068725586,33.925926208496094,14040,0.0,0.0
2024-08-20 00:00:00+08:00,37.03703689575195,37.03703689575195,34.11111068725586,36.666664123535156,24030,0.0,0.0
2024-08-21 00:00:00+08:00,38.88888931274414,38.88888931274414,36.85185241699219,36.85185241699219,2430,0.0,0.0
2024-08-22 00:00:00+08:00,33.185184478759766,33.185184478759766,33.185184478759766,33.185184478759766,7830,0.0,0.0
2024-08-23 00:00:00+08:00,29.888887405395508,32.96296310424805,29.888887405395508,29.888887405395508,5670,0.0,0.0
2024-08-26 00:00:00+08:00,31.333332061767578,31.333332061767578,29.740739822387695,29.8148136138916,12420,0.0,0.0
2024-08-27 00:00:00+08:00,29.185184478759766,30.740739822387695,28.592592239379883,30.481481552124023,6750,0.0,0.0
2024-08-28 00:00:00+08:00,30.481481552124023,33.33333206176758,30.481481552124023,33.33333206176758,6750,0.0,0.0
2024-08-29 00:00:00+08:00,30.740739822387695,34.074073791503906,30.740739822387695,33.22222137451172,3510,0.0,0.0
2024-08-30 00:00:00+08:00,32.6296272277832,33.703704833984375,32.6296272277832,29.92592430114746,2160,0.0,0.0
2024-09-02 00:00:00+08:00,33.296295166015625,33.88888931274414,33.296295166015625,31.11111068725586,1620,0.0,0.0
2024-09-03 00:00:00+08:00,32.33333206176758,33.25925827026367,30.592592239379883,30.740739822387695,3240,0.0,0.0
2024-09-04 00:00:00+08:00,30.740739822387695,33.296295166015625,28.481481552124023,31.481481552124023,2970,0.0,0.0
2024-09-05 00:00:00+08:00,32.518516540527344,33.925926208496094,31.481481552124023,31.481481552124023,2430,0.0,0.0
2024-09-06 00:00:00+08:00,28.851850509643555,31.11111068725586,28.851850509643555,29.703702926635742,6210,0.0,0.0
2024-09-09 00:00:00+08:00,29.11111068725586,29.703702926635742,29.11111068725586,32.22222137451172,1890,0.0,0.0
2024-09-10 00:00:00+08:00,32.6296272277832,32.6296272277832,29.11111068725586,29.11111068725586,1620,0.0,0.0
2024-09-11 00:00:00+08:00,28.77777671813965,28.851850509643555,28.77777671813965,28.851850509643555,810,0.0,0.0
2024-09-12 00:00:00+08:00,29.592592239379883,29.8148136138916,29.592592239379883,29.8148136138916,1620,0.0,0.0
2024-09-13 00:00:00+08:00,29.8148136138916,29.8148136138916,29.296295166015625,29.259258270263672,540,0.0,0.0
2024-09-16 00:00:00+08:00,27.962961196899414,29.259258270263672,27.962961196899414,26.66666603088379,1080,0.0,0.0
2024-09-18 00:00:00+08:00,28.259258270263672,29.259258270263672,28.259258270263672,29.259258270263672,3240,0.0,0.0
2024-09-19 00:00:00+08:00,29.629629135131836,29.629629135131836,29.629629135131836,27.962961196899414,810,0.0,0.0
2024-09-20 00:00:00+08:00,30.333332061767578,31.0,30.333332061767578,31.0,4050,0.0,0.0
2024-09-23 00:00:00+08:00,30.92592430114746,30.92592430114746,29.259258270263672,29.259258270263672,4320,0.0,0.0
2024-09-24 00:00:00+08:00,29.259258270263672,29.296295166015625,29.259258270263672,29.259258270263672,4320,0.0,0.0
2024-09-25 00:00:00+08:00,29.259258270263672,30.703702926635742,29.259258270263672,29.629629135131836,2430,0.0,0.0
2024-09-26 00:00:00+08:00,29.629629135131836,29.629629135131836,29.370370864868164,29.370370864868164,1890,0.0,0.0
2024-09-27 00:00:00+08:00,30.92592430114746,32.296295166015625,30.92592430114746,32.296295166015625,14040,0.0,0.0
2024-09-30 00:00:00+08:00,30.185184478759766,31.074073791503906,30.0,30.0,5400,0.0,0.0
2024-10-01 00:00:00+08:00,30.0,31.0,30.0,30.259258270263672,3780,0.0,0.0
2024-10-04 00:00:00+08:00,30.259258270263672,31.074073791503906,30.259258270263672,30.407407760620117,2700,0.0,0.0
2024-10-07 00:00:00+08:00,30.740739822387695,30.92592430114746,30.740739822387695,30.92592430114746,2970,0.0,0.0
2024-10-08 00:00:00+08:00,30.8148136138916,30.8148136138916,30.8148136138916,30.8148136138916,270,0.0,0.0
2024-10-09 00:00:00+08:00,30.8148136138916,31.296295166015625,29.22222137451172,31.11111068725586,2160,0.0,0.0
2024-10-11 00:00:00+08:00,31.074073791503906,31.074073791503906,30.888887405395508,30.92592430114746,1080,0.0,0.0
2024-10-14 00:00:00+08:00,27.962961196899414,28.0,27.962961196899414,28.0,2970,0.0,0.0
2024-10-15 00:00:00+08:00,27.148147583007812,27.259258270263672,26.8148136138916,26.8148136138916,9180,0.0,0.0
2024-10-16 00:00:00+08:00,28.370370864868164,28.888887405395508,28.370370864868164,28.407407760620117,3510,0.0,0.0
2024-10-17 00:00:00+08:00,29.629629135131836,29.629629135131836,29.629629135131836,29.629629135131836,810,0.0,0.0
2024-10-18 00:00:00+08:00,31.11111068725586,31.11111068725586,29.66666603088379,29.66666603088379,2700,0.0,0.0
2024-10-21 00:00:00+08:00,31.44444465637207,31.44444465637207,28.740739822387695,29.629629135131836,1620,0.0,0.0
2024-10-22 00:00:00+08:00,29.629629135131836,29.629629135131836,29.629629135131836,29.629629135131836,0,0.0,0.0
2024-10-23 00:00:00+08:00,27.518518447875977,29.629629135131836,27.518518447875977,29.629629135131836,1620,0.0,0.0
2024-10-24 00:00:00+08:00,29.55555534362793,29.55555534362793,28.185184478759766,28.185184478759766,1350,0.0,0.0
2024-10-25 00:00:00+08:00,26.407407760620117,28.148147583007812,26.0,28.481481552124023,3510,0.0,0.0
2024-10-28 00:00:00+08:00,25.518518447875977,26.148147583007812,25.518518447875977,26.148147583007812,1890,0.0,0.0
2024-10-29 00:00:00+08:00,26.148147583007812,26.66666603088379,25.888887405395508,25.888887405395508,1890,0.0,0.0
2024-10-30 00:00:00+08:00,24.148147583007812,24.148147583007812,24.148147583007812,24.148147583007812,810,0.0,0.0
2024-11-01 00:00:00+08:00,26.333332061767578,26.55555534362793,26.074073791503906,26.55555534362793,7560,0.0,0.0
2024-11-04 00:00:00+08:00,26.66666603088379,27.296295166015625,26.66666603088379,27.259258270263672,3780,0.0,0.0
2024-11-05 00:00:00+08:00,27.22222137451172,27.22222137451172,26.11111068725586,26.77777671813965,5940,0.0,0.0
2024-11-06 00:00:00+08:00,24.333332061767578,25.77777671813965,24.333332061767578,25.77777671813965,10260,0.0,0.0
2024-11-07 00:00:00+08:00,24.22222137451172,25.11111068725586,24.22222137451172,24.8148136138916,4860,0.0,0.0
2024-11-08 00:00:00+08:00,23.44444465637207,24.77777671813965,23.44444465637207,24.77777671813965,540,0.0,0.0
2024-11-11 00:00:00+08:00,23.851850509643555,24.629629135131836,23.703702926635742,24.629629135131836,3240,0.0,0.0
2024-11-12 00:00:00+08:00,24.66666603088379,24.77777671813965,24.66666603088379,25.92592430114746,3780,0.0,0.0
2024-11-13 00:00:00+08:00,23.148147583007812,24.77777671813965,23.148147583007812,24.77777671813965,1890,0.0,0.0
2024-11-14 00:00:00+08:00,26.629629135131836,26.629629135131836,26.296295166015625,26.296295166015625,540,0.0,0.0
2024-11-15 00:00:00+08:00,24.074073791503906,24.55555534362793,24.074073791503906,24.55555534362793,1620,0.0,0.0
2024-11-18 00:00:00+08:00,24.55555534362793,24.55555534362793,24.55555534362793,24.55555534362793,1350,0.0,0.0
2024-11-19 00:00:00+08:00,24.55555534362793,24.55555534362793,24.55555534362793,24.55555534362793,0,0.0,0.0
2024-11-20 00:00:00+08:00,24.55555534362793,24.55555534362793,24.44444465637207,24.44444465637207,3051,0.0,0.0
2024-11-21 00:00:00+08:00,24.44444465637207,24.44444465637207,24.44444465637207,24.44444465637207,1890,0.0,0.0
2024-11-22 00:00:00+08:00,22.66666603088379,22.962961196899414,22.66666603088379,26.888887405395508,1890,0.0,0.0
2024-11-25 00:00:00+08:00,24.740739822387695,25.259258270263672,24.740739822387695,25.259258270263672,4050,0.0,0.0
2024-11-26 00:00:00+08:00,25.259258270263672,27.370370864868164,25.259258270263672,26.481481552124023,4050,0.0,0.0
2024-11-27 00:00:00+08:00,26.66666603088379,29.074073791503906,26.66666603088379,29.074073791503906,5130,0.0,0.0
2024-11-28 00:00:00+08:00,30.370370864868164,30.370370864868164,29.074073791503906,29.074073791503906,4320,0.0,0.0
2024-11-29 00:00:00+08:00,29.629629135131836,29.629629135131836,26.481481552124023,27.037036895751953,1890,0.0,0.0
2024-12-02 00:00:00+08:00,27.037036895751953,28.22222137451172,27.037036895751953,28.22222137451172,1080,0.0,0.0
2024-12-03 00:00:00+08:00,29.592592239379883,29.592592239379883,29.592592239379883,29.592592239379883,2430,0.0,0.0
2024-12-04 00:00:00+08:00,29.592592239379883,29.592592239379883,29.259258270263672,29.259258270263672,1620,0.0,0.0
2024-12-05 00:00:00+08:00,29.629629135131836,29.629629135131836,27.851850509643555,27.851850509643555,1080,0.0,0.0
2024-12-06 00:00:00+08:00,26.296295166015625,26.296295166015625,26.296295166015625,26.296295166015625,270,0.0,0.0
2024-12-09 00:00:00+08:00,25.370370864868164,25.370370864868164,25.370370864868164,25.370370864868164,270,0.0,0.0
2024-12-10 00:00:00+08:00,25.370370864868164,25.370370864868164,25.370370864868164,25.370370864868164,0,0.0,0.0
2024-12-11 00:00:00+08:00,23.296295166015625,23.370370864868164,23.296295166015625,23.333332061767578,540,0.0,0.0
2024-12-12 00:00:00+08:00,25.518518447875977,25.703702926635742,25.518518447875977,25.703702926635742,2160,0.0,0.0
2024-12-13 00:00:00+08:00,27.296295166015625,28.259258270263672,27.296295166015625,28.148147583007812,5400,0.0,0.0
2024-12-16 00:00:00+08:00,28.148147583007812,28.148147583007812,25.333332061767578,25.333332061767578,8370,0.0,0.0
2024-12-17 00:00:00+08:00,23.481481552124023,26.518518447875977,23.481481552124023,26.148147583007812,2160,0.0,0.0
2024-12-18 00:00:00+08:00,25.037036895751953,25.8148136138916,24.44444465637207,24.44444465637207,7830,0.0,0.0
2024-12-19 00:00:00+08:00,24.44444465637207,25.074073791503906,23.370370864868164,25.074073791503906,4320,0.0,0.0
2024-12-20 00:00:00+08:00,23.518518447875977,23.629629135131836,23.481481552124023,23.481481552124023,8640,0.0,0.0
2024-12-23 00:00:00+08:00,21.740739822387695,25.148147583007812,21.740739822387695,21.888887405395508,2970,0.0,0.0
2024-12-24 00:00:00+08:00,22.962961196899414,24.074073791503906,22.962961196899414,24.074073791503906,10260,0.0,0.0
2024-12-25 00:00:00+08:00,22.740739822387695,23.962961196899414,22.740739822387695,23.92592430114746,2160,0.0,0.0
2024-12-26 00:00:00+08:00,22.629629135131836,24.8148136138916,22.629629135131836,26.296295166015625,3240,0.0,0.0
2024-12-27 00:00:00+08:00,23.0,23.851850509643555,23.0,23.851850509643555,2700,0.0,0.0
2024-12-30 00:00:00+08:00,23.77777671813965,24.074073791503906,22.888887405395508,24.074073791503906,6210,0.0,0.0
2024-12-31 00:00:00+08:00,25.370370864868164,25.370370864868164,24.074073791503906,25.074073791503906,1080,0.0,0.0
2025-01-02 00:00:00+08:00,26.592592239379883,26.592592239379883,26.296295166015625,26.296295166015625,1080,0.0,0.0
2025-01-03 00:00:00+08:00,26.481481552124023,26.481481552124023,26.481481552124023,25.92592430114746,1350,0.0,0.0
2025-01-06 00:00:00+08:00,28.518518447875977,28.77777671813965,28.185184478759766,28.77777671813965,12690,0.0,0.0
2025-01-07 00:00:00+08:00,29.629629135131836,29.629629135131836,29.629629135131836,29.629629135131836,40770,0.0,0.0
2025-01-08 00:00:00+08:00,29.629629135131836,29.629629135131836,29.518518447875977,26.66666603088379,3780,0.0,0.0
2025-01-09 00:00:00+08:00,26.888887405395508,30.481481552124023,26.888887405395508,30.185184478759766,3240,0.0,0.0
2025-01-10 00:00:00+08:00,26.333332061767578,28.592592239379883,26.333332061767578,29.8148136138916,1350,0.0,0.0
2025-01-13 00:00:00+08:00,26.22222137451172,26.259258270263672,26.22222137451172,26.259258270263672,1350,0.0,0.0
2025-01-14 00:00:00+08:00,25.11111068725586,25.92592430114746,25.11111068725586,25.92592430114746,1890,0.0,0.0
2025-01-15 00:00:00+08:00,24.407407760620117,24.44444465637207,24.407407760620117,25.888887405395508,540,0.0,0.0
2025-01-16 00:00:00+08:00,24.44444465637207,24.44444465637207,24.44444465637207,24.44444465637207,1620,0.0,0.0
2025-01-17 00:00:00+08:00,23.037036895751953,23.074073791503906,23.037036895751953,23.074073791503906,810,0.0,0.0
2025-01-20 00:00:00+08:00,23.074073791503906,23.074073791503906,23.074073791503906,25.074073791503906,270,0.0,0.0
2025-01-21 00:00:00+08:00,25.11111068725586,25.370370864868164,25.11111068725586,25.370370864868164,3240,0.0,0.0
2025-01-22 00:00:00+08:00,25.92592430114746,27.851850509643555,25.92592430114746,27.851850509643555,5940,0.0,0.0
2025-02-03 00:00:00+08:00,29.92592430114746,30.296295166015625,29.629629135131836,29.629629135131836,4050,0.0,0.0
2025-02-04 00:00:00+08:00,29.629629135131836,29.629629135131836,27.22222137451172,27.22222137451172,810,0.0,0.0
2025-02-05 00:00:00+08:00,26.0,26.0,25.333332061767578,26.0,2160,0.0,0.0
2025-02-06 00:00:00+08:00,24.185184478759766,25.11111068725586,24.185184478759766,25.11111068725586,2430,0.0,0.0
2025-02-07 00:00:00+08:00,25.11111068725586,26.592592239379883,25.11111068725586,26.592592239379883,1620,0.0,0.0
2025-02-10 00:00:00+08:00,26.592592239379883,27.77777671813965,26.592592239379883,27.77777671813965,1620,0.0,0.0
2025-02-11 00:00:00+08:00,27.77777671813965,28.518518447875977,27.77777671813965,27.77777671813965,1620,0.0,0.0
2025-02-12 00:00:00+08:00,29.703702926635742,29.703702926635742,25.962961196899414,25.962961196899414,1080,0.0,0.0
2025-02-13 00:00:00+08:00,25.962961196899414,25.962961196899414,25.074073791503906,25.074073791503906,1890,0.0,0.0
2025-02-14 00:00:00+08:00,23.66666603088379,23.66666603088379,23.66666603088379,23.66666603088379,270,0.0,0.0
2025-02-17 00:00:00+08:00,26.0,26.0,26.0,26.0,2160,0.0,0.0
2025-02-18 00:00:00+08:00,28.592592239379883,28.592592239379883,28.333332061767578,28.592592239379883,17550,0.0,0.0
2025-02-19 00:00:00+08:00,26.185184478759766,26.407407760620117,26.185184478759766,26.370370864868164,1620,0.0,0.0
2025-02-20 00:00:00+08:00,27.037036895751953,28.11111068725586,27.037036895751953,28.11111068725586,1485,0.0,0.0
2025-02-21 00:00:00+08:00,28.148147583007812,29.629629135131836,28.148147583007812,29.629629135131836,3780,0.0,0.0
2025-02-24 00:00:00+08:00,26.8148136138916,27.77777671813965,26.8148136138916,27.77777671813965,1080,0.0,0.0
2025-02-25 00:00:00+08:00,27.77777671813965,27.77777671813965,27.77777671813965,27.77777671813965,0,0.0,0.0
2025-02-26 00:00:00+08:00,24.481481552124023,26.0,24.481481552124023,26.0,863,0.0,0.0
2025-02-27 00:00:00+08:00,26.0,26.0,26.0,26.0,810,0.0,0.0
2025-03-03 00:00:00+08:00,28.592592239379883,28.592592239379883,26.0,26.851850509643555,6750,0.0,0.0
2025-03-04 00:00:00+08:00,28.92592430114746,28.92592430114746,28.148147583007812,28.148147583007812,2160,0.0,0.0
2025-03-05 00:00:00+08:00,30.370370864868164,30.370370864868164,29.592592239379883,29.740739822387695,5940,0.0,0.0
2025-03-06 00:00:00+08:00,29.851850509643555,29.851850509643555,29.592592239379883,29.592592239379883,2970,0.0,0.0
2025-03-07 00:00:00+08:00,29.592592239379883,29.592592239379883,28.185184478759766,28.185184478759766,810,0.0,0.0
2025-03-10 00:00:00+08:00,25.740739822387695,26.703702926635742,25.740739822387695,26.703702926635742,810,0.0,0.0
2025-03-11 00:00:00+08:00,26.66666603088379,26.66666603088379,25.740739822387695,25.740739822387695,810,0.0,0.0
2025-03-12 00:00:00+08:00,28.296295166015625,28.296295166015625,27.148147583007812,27.148147583007812,23220,0.0,0.0
2025-03-13 00:00:00+08:00,27.703702926635742,27.703702926635742,26.11111068725586,27.592592239379883,1890,0.0,0.0
2025-03-14 00:00:00+08:00,25.92592430114746,25.92592430114746,25.407407760620117,25.407407760620117,11612,0.0,0.0
2025-03-17 00:00:00+08:00,25.407407760620117,25.407407760620117,24.518518447875977,25.370370864868164,2160,0.0,0.0
2025-03-18 00:00:00+08:00,23.629629135131836,24.8148136138916,23.629629135131836,24.8148136138916,6750,0.0,0.0
2025-03-19 00:00:00+08:00,27.296295166015625,27.296295166015625,26.92592430114746,26.92592430114746,2430,0.0,0.0
2025-03-20 00:00:00+08:00,26.888887405395508,26.888887405395508,24.259258270263672,24.259258270263672,14631,0.0,0.0
2025-03-21 00:00:00+08:00,24.259258270263672,24.259258270263672,22.962961196899414,23.074073791503906,4050,0.0,0.0
2025-03-24 00:00:00+08:00,21.703702926635742,24.259258270263672,21.703702926635742,21.888887405395508,17280,0.0,0.0
2025-03-25 00:00:00+08:00,21.481481552124023,21.851850509643555,21.481481552124023,21.851850509643555,7560,0.0,0.0
2025-03-26 00:00:00+08:00,21.518518447875977,23.22222137451172,21.518518447875977,22.92592430114746,5129,0.0,0.0
2025-03-27 00:00:00+08:00,21.703702926635742,22.888887405395508,21.703702926635742,22.888887405395508,1647,0.0,0.0
2025-03-28 00:00:00+08:00,21.740739822387695,21.740739822387695,21.740739822387695,24.148147583007812,3240,0.0,0.0
2025-03-31 00:00:00+08:00,20.296295166015625,20.333332061767578,20.296295166015625,20.333332061767578,810,0.0,0.0
2025-04-01 00:00:00+08:00,19.66666603088379,22.259258270263672,19.66666603088379,22.22222137451172,2173,0.0,0.0
2025-04-02 00:00:00+08:00,20.481481552124023,24.074073791503906,20.481481552124023,24.074073791503906,3240,0.0,0.0
2025-04-07 00:00:00+08:00,21.66666603088379,21.66666603088379,21.66666603088379,21.66666603088379,1350,0.0,0.0
2025-04-08 00:00:00+08:00,20.296295166015625,20.296295166015625,19.518518447875977,19.518518447875977,2430,0.0,0.0
2025-04-09 00:00:00+08:00,19.518518447875977,19.518518447875977,19.518518447875977,19.518518447875977,2700,0.0,0.0
2025-04-10 00:00:00+08:00,17.888887405395508,21.074073791503906,17.888887405395508,18.851850509643555,2160,0.0,0.0
2025-04-11 00:00:00+08:00,18.518518447875977,18.77777671813965,18.518518447875977,18.77777671813965,2457,0.0,0.0
2025-04-14 00:00:00+08:00,17.44444465637207,19.888887405395508,17.44444465637207,19.888887405395508,1080,0.0,0.0
2025-04-15 00:00:00+08:00,18.481481552124023,18.518518447875977,18.481481552124023,18.518518447875977,5670,0.0,0.0
2025-04-16 00:00:00+08:00,18.518518447875977,18.518518447875977,18.518518447875977,18.518518447875977,540,0.0,0.0
2025-04-17 00:00:00+08:00,18.44444465637207,18.44444465637207,16.92592430114746,16.92592430114746,2970,0.0,0.0
2025-04-18 00:00:00+08:00,17.11111068725586,18.592592239379883,17.11111068725586,18.592592239379883,11880,0.0,0.0
2025-04-21 00:00:00+08:00,18.481481552124023,18.481481552124023,18.481481552124023,18.481481552124023,270,0.0,0.0
2025-04-22 00:00:00+08:00,18.037036895751953,18.037036895751953,16.66666603088379,16.66666603088379,10530,0.0,0.0
2025-04-23 00:00:00+08:00,16.629629135131836,16.66666603088379,16.22222137451172,16.66666603088379,13230,0.0,0.0
2025-04-24 00:00:00+08:00,16.629629135131836,16.629629135131836,15.592592239379883,16.11111068725586,12150,0.0,0.0
2025-04-25 00:00:00+08:00,16.11111068725586,16.11111068725586,14.888888359069824,14.888888359069824,26909,0.0,0.0
2025-04-28 00:00:00+08:00,16.074073791503906,16.370370864868164,16.037036895751953,16.370370864868164,22410,0.0,0.0
2025-04-29 00:00:00+08:00,14.740739822387695,16.370370864868164,14.740739822387695,16.370370864868164,14850,0.0,0.0
2025-04-30 00:00:00+08:00,16.148147583007812,17.92592430114746,16.148147583007812,17.92592430114746,7830,0.0,0.0
2025-05-02 00:00:00+08:00,17.074073791503906,19.481481552124023,17.074073791503906,19.481481552124023,1350,0.0,0.0
2025-05-05 00:00:00+08:00,21.407407760620117,21.407407760620117,18.185184478759766,18.185184478759766,809,0.0,0.0
2025-05-06 00:00:00+08:00,19.703702926635742,19.703702926635742,19.481481552124023,19.481481552124023,540,0.0,0.0
2025-05-07 00:00:00+08:00,19.592592239379883,19.592592239379883,17.55555534362793,17.55555534362793,4860,0.0,0.0
2025-05-08 00:00:00+08:00,16.11111068725586,19.296295166015625,16.074073791503906,19.296295166015625,9725,0.0,0.0
2025-05-09 00:00:00+08:00,20.66666603088379,20.66666603088379,20.370370864868164,20.370370864868164,540,0.0,0.0
2025-05-12 00:00:00+08:00,19.259258270263672,19.333332061767578,19.185184478759766,19.22222137451172,6750,0.0,0.0
2025-05-13 00:00:00+08:00,17.851850509643555,19.22222137451172,17.851850509643555,19.22222137451172,810,0.0,0.0
2025-05-14 00:00:00+08:00,21.11111068725586,21.11111068725586,20.370370864868164,20.370370864868164,5130,0.0,0.0
2025-05-15 00:00:00+08:00,21.370370864868164,21.370370864868164,20.888887405395508,20.888887405395508,1080,0.0,0.0
2025-05-16 00:00:00+08:00,20.333332061767578,20.333332061767578,18.8148136138916,18.8148136138916,1620,0.0,0.0
2025-05-19 00:00:00+08:00,18.8148136138916,20.66666603088379,18.8148136138916,20.66666603088379,2700,0.0,0.0
2025-05-20 00:00:00+08:00,22.296295166015625,22.296295166015625,21.296295166015625,21.296295166015625,1080,0.0,0.0
2025-05-21 00:00:00+08:00,22.185184478759766,22.185184478759766,21.296295166015625,21.296295166015625,1350,0.0,0.0
2025-05-22 00:00:00+08:00,22.592592239379883,22.592592239379883,19.592592239379883,19.629629135131836,1890,0.0,0.0
2025-05-23 00:00:00+08:00,20.370370864868164,20.44444465637207,19.703702926635742,19.703702926635742,540,0.0,0.0
2025-05-26 00:00:00+08:00,18.740739822387695,18.740739822387695,18.518518447875977,18.518518447875977,10530,0.0,0.0
2025-05-27 00:00:00+08:00,17.296295166015625,18.518518447875977,17.296295166015625,18.518518447875977,1620,0.0,0.0
2025-05-28 00:00:00+08:00,17.962961196899414,17.962961196899414,17.962961196899414,17.962961196899414,1350,0.0,0.0
2025-05-29 00:00:00+08:00,17.259258270263672,17.592592239379883,17.259258270263672,17.592592239379883,1620,0.0,0.0
2025-06-02 00:00:00+08:00,16.77777671813965,16.77777671813965,16.77777671813965,16.77777671813965,270,0.0,0.0
2025-06-03 00:00:00+08:00,16.77777671813965,17.481481552124023,16.77777671813965,17.481481552124023,540,0.0,0.0
2025-06-04 00:00:00+08:00,17.481481552124023,17.481481552124023,17.481481552124023,17.481481552124023,0,0.0,0.0
2025-06-05 00:00:00+08:00,19.296295166015625,19.296295166015625,19.074073791503906,19.074073791503906,2432,0.0,0.0
2025-06-06 00:00:00+08:00,17.77777671813965,17.77777671813965,17.77777671813965,17.77777671813965,270,0.0,0.0
2025-06-09 00:00:00+08:00,17.740739822387695,17.740739822387695,17.740739822387695,17.740739822387695,270,0.0,0.0
2025-06-10 00:00:00+08:00,17.740739822387695,17.740739822387695,17.66666603088379,17.66666603088379,1080,0.0,0.0
2025-06-11 00:00:00+08:00,17.66666603088379,17.66666603088379,17.66666603088379,17.66666603088379,0,0.0,0.0
2025-06-12 00:00:00+08:00,17.66666603088379,17.66666603088379,17.66666603088379,17.66666603088379,810,0.0,0.0
2025-06-13 00:00:00+08:00,17.66666603088379,17.66666603088379,17.66666603088379,17.66666603088379,0,0.0,0.0
2025-06-16 00:00:00+08:00,17.037036895751953,17.037036895751953,17.037036895751953,17.037036895751953,270,0.0,0.0
2025-06-17 00:00:00+08:00,15.814813613891602,15.814813613891602,15.814813613891602,15.814813613891602,270,0.0,0.0
2025-06-18 00:00:00+08:00,15.851851463317871,15.851851463317871,15.851851463317871,15.851851463317871,2430,0.0,0.0
2025-06-19 00:00:00+08:00,15.851851463317871,15.851851463317871,15.851851463317871,15.851851463317871,0,0.0,0.0
2025-06-20 00:00:00+08:00,15.185185432434082,16.592592239379883,14.888888359069824,16.592592239379883,12301,0.0,0.0
2025-06-23 00:00:00+08:00,16.296295166015625,16.296295166015625,16.11111068725586,16.11111068725586,1113,0.0,0.0
2025-06-24 00:00:00+08:00,17.629629135131836,17.629629135131836,17.629629135131836,17.629629135131836,540,0.0,0.0
2025-06-25 00:00:00+08:00,19.148147583007812,19.333332061767578,19.148147583007812,19.333332061767578,8910,0.0,0.0
2025-06-26 00:00:00+08:00,18.55555534362793,18.55555534362793,17.888887405395508,17.888887405395508,818,0.0,0.0
2025-06-27 00:00:00+08:00,17.888887405395508,17.888887405395508,17.888887405395508,17.888887405395508,0,0.0,0.0
2025-06-30 00:00:00+08:00,17.888887405395508,17.888887405395508,17.888887405395508,17.888887405395508,0,0.0,0.0
2025-07-01 00:00:00+08:00,19.0,19.0,18.148147583007812,18.148147583007812,1620,0.0,0.0
2025-07-02 00:00:00+08:00,19.22222137451172,19.22222137451172,19.074073791503906,19.11111068725586,10282,0.0,0.0
2025-07-03 00:00:00+08:00,19.296295166015625,19.296295166015625,17.481481552124023,17.481481552124023,3529,0.0,0.0
2025-07-04 00:00:00+08:00,19.148147583007812,19.22222137451172,19.148147583007812,19.22222137451172,5145,0.0,0.0
2025-07-07 00:00:00+08:00,19.22222137451172,21.11111068725586,19.22222137451172,21.11111068725586,3780,0.0,0.0
2025-07-08 00:00:00+08:00,22.888887405395508,23.22222137451172,22.888887405395508,23.22222137451172,13894,0.0,0.0
2025-07-09 00:00:00+08:00,21.55555534362793,21.55555534362793,21.370370864868164,21.407407760620117,2432,0.0,0.0
2025-07-10 00:00:00+08:00,22.888887405395508,22.888887405395508,21.296295166015625,22.66666603088379,1740,0.0,0.0
2025-07-11 00:00:00+08:00,24.8148136138916,24.8148136138916,23.703702926635742,24.074073791503906,5940,0.0,0.0
2025-07-14 00:00:00+08:00,26.481481552124023,26.481481552124023,22.407407760620117,25.481481552124023,1620,0.0,0.0
2025-07-15 00:00:00+08:00,24.074073791503906,24.074073791503906,24.074073791503906,24.074073791503906,14040,0.0,0.0
2025-07-16 00:00:00+08:00,24.074073791503906,24.074073791503906,24.074073791503906,24.074073791503906,270,0.0,0.0
2025-07-17 00:00:00+08:00,22.185184478759766,22.185184478759766,22.185184478759766,22.185184478759766,3510,0.0,0.0
2025-07-18 00:00:00+08:00,23.740739822387695,23.740739822387695,23.740739822387695,23.740739822387695,270,0.0,0.0
2025-07-21 00:00:00+08:00,22.22222137451172,25.55555534362793,22.22222137451172,25.55555534362793,540,0.0,0.0
2025-07-22 00:00:00+08:00,23.518518447875977,25.592592239379883,23.481481552124023,25.55555534362793,1620,0.0,0.0
2025-07-23 00:00:00+08:00,25.55555534362793,25.55555534362793,23.55555534362793,23.592592239379883,3284,0.0,0.0
2025-07-24 00:00:00+08:00,25.703702926635742,25.703702926635742,23.592592239379883,23.592592239379883,1350,0.0,0.0
2025-07-25 00:00:00+08:00,23.592592239379883,23.592592239379883,23.592592239379883,23.592592239379883,2700,0.0,0.0
2025-07-28 00:00:00+08:00,22.037036895751953,25.0,22.037036895751953,24.962961196899414,2970,0.0,0.0
2025-07-29 00:00:00+08:00,25.8148136138916,25.8148136138916,22.962961196899414,22.962961196899414,5400,0.0,0.0
2025-07-30 00:00:00+08:00,22.592592239379883,25.259258270263672,22.481481552124023,25.259258270263672,5671,0.0,0.0
2025-07-31 00:00:00+08:00,25.259260177612305,25.259260177612305,25.259260177612305,25.259260177612305,0,0.0,0.27
2025-08-04 00:00:00+08:00,25.259260177612305,25.259260177612305,25.259260177612305,25.259260177612305,0,0.0,0.0
2025-08-05 00:00:00+08:00,25.259260177612305,25.259260177612305,25.259260177612305,25.259260177612305,0,0.0,0.0
2025-08-06 00:00:00+08:00,25.259260177612305,25.259260177612305,25.259260177612305,25.259260177612305,0,0.0,0.0
2025-08-07 00:00:00+08:00,25.259260177612305,25.259260177612305,25.259260177612305,25.259260177612305,0,0.0,0.0
2025-08-08 00:00:00+08:00,25.259260177612305,25.259260177612305,25.259260177612305,25.259260177612305,0,0.0,0.0
2025-08-11 00:00:00+08:00,27.75,27.75,23.0,25.0,10354,0.0,0.0
2025-08-12 00:00:00+08:00,25.0,25.0,25.0,25.0,0,0.0,0.0
2025-08-13 00:00:00+08:00,25.0,25.0,25.0,25.0,0,0.0,0.0
2025-08-14 00:00:00+08:00,23.0,23.0,23.0,23.0,3800,0.0,0.0
2025-08-15 00:00:00+08:00,20.700000762939453,20.700000762939453,20.700000762939453,20.700000762939453,8944,0.0,0.0
2025-08-18 00:00:00+08:00,19.0,19.0,19.0,19.0,4000,0.0,0.0
2025-08-19 00:00:00+08:00,17.100000381469727,17.100000381469727,17.100000381469727,17.100000381469727,10060,0.0,0.0
2025-08-20 00:00:00+08:00,17.100000381469727,17.100000381469727,17.100000381469727,17.100000381469727,0,0.0,0.0
2025-08-21 00:00:00+08:00,17.100000381469727,17.100000381469727,17.100000381469727,17.100000381469727,0,0.0,0.0
2025-08-22 00:00:00+08:00,17.100000381469727,17.100000381469727,17.100000381469727,17.100000381469727,0,0.0,0.0
2025-08-25 00:00:00+08:00,17.100000381469727,17.100000381469727,17.100000381469727,17.100000381469727,0,0.0,0.0
2025-08-26 00:00:00+08:00,17.100000381469727,17.100000381469727,17.100000381469727,17.100000381469727,0,0.0,0.0
2025-08-27 00:00:00+08:00,17.100000381469727,17.100000381469727,17.100000381469727,17.100000381469727,0,0.0,0.0
2025-08-28 00:00:00+08:00,17.100000381469727,17.100000381469727,17.100000381469727,17.100000381469727,0,0.0,0.0
2025-08-29 00:00:00+08:00,17.100000381469727,17.100000381469727,17.100000381469727,17.100000381469727,0,0.0,0.0
2025-09-01 00:00:00+08:00,17.100000381469727,17.100000381469727,17.100000381469727,17.100000381469727,0,0.0,0.0
2025-09-02 00:00:00+08:00,17.100000381469727,17.100000381469727,17.100000381469727,17.100000381469727,0,0.0,0.0
2025-09-03 00:00:00+08:00,17.100000381469727,17.100000381469727,17.100000381469727,17.100000381469727,0,0.0,0.0
2025-09-04 00:00:00+08:00,17.100000381469727,17.100000381469727,17.100000381469727,17.100000381469727,0,0.0,0.0
2025-09-05 00:00:00+08:00,17.100000381469727,17.100000381469727,17.100000381469727,17.100000381469727,0,0.0,0.0
2025-09-08 00:00:00+08:00,17.100000381469727,17.100000381469727,17.100000381469727,17.100000381469727,0,0.0,0.0
2025-09-09 00:00:00+08:00,17.100000381469727,17.100000381469727,17.100000381469727,17.100000381469727,0,0.0,0.0
2025-09-10 00:00:00+08:00,17.100000381469727,17.100000381469727,17.100000381469727,17.100000381469727,0,0.0,0.0
2025-09-11 00:00:00+08:00,17.100000381469727,17.100000381469727,17.100000381469727,17.100000381469727,0,0.0,0.0
2025-09-12 00:00:00+08:00,17.100000381469727,17.100000381469727,17.100000381469727,17.100000381469727,0,0.0,0.0
2025-09-15 00:00:00+08:00,17.100000381469727,17.100000381469727,17.100000381469727,17.100000381469727,0,0.0,0.0
2025-09-16 00:00:00+08:00,17.100000381469727,17.100000381469727,17.100000381469727,17.100000381469727,0,0.0,0.0
2025-09-17 00:00:00+08:00,17.100000381469727,17.100000381469727,17.100000381469727,17.100000381469727,0,0.0,0.0
2025-09-18 00:00:00+08:00,17.100000381469727,17.100000381469727,17.100000381469727,17.100000381469727,0,0.0,0.0
2025-09-19 00:00:00+08:00,17.100000381469727,17.100000381469727,17.100000381469727,17.100000381469727,0,0.0,0.0
2025-09-22 00:00:00+08:00,17.100000381469727,17.100000381469727,17.100000381469727,17.100000381469727,0,0.0,0.0
2025-09-23 00:00:00+08:00,17.100000381469727,17.100000381469727,17.100000381469727,17.100000381469727,0,0.0,0.0
2025-09-24 00:00:00+08:00,17.100000381469727,17.100000381469727,17.100000381469727,17.100000381469727,0,0.0,0.0
2025-09-25 00:00:00+08:00,17.100000381469727,17.100000381469727,17.100000381469727,17.100000381469727,0,0.0,0.0
2025-09-26 00:00:00+08:00,17.100000381469727,17.100000381469727,17.100000381469727,17.100000381469727,0,0.0,0.0
2025-09-30 00:00:00+08:00,17.100000381469727,17.100000381469727,17.100000381469727,17.100000381469727,0,0.0,0.0
2025-10-01 00:00:00+08:00,17.100000381469727,17.100000381469727,17.100000381469727,17.100000381469727,0,0.0,0.0
2025-10-02 00:00:00+08:00,17.100000381469727,17.100000381469727,17.100000381469727,17.100000381469727,0,0.0,0.0
2025-10-03 00:00:00+08:00,17.100000381469727,17.100000381469727,17.100000381469727,17.100000381469727,0,0.0,0.0
2025-10-07 00:00:00+08:00,17.100000381469727,17.100000381469727,17.100000381469727,17.100000381469727,0,0.0,0.0
2025-10-08 00:00:00+08:00,17.100000381469727,17.100000381469727,17.100000381469727,17.100000381469727,0,0.0,0.0
2025-10-09 00:00:00+08:00,17.100000381469727,17.100000381469727,17.100000381469727,17.100000381469727,0,0.0,0.0
2025-10-13 00:00:00+08:00,17.100000381469727,17.100000381469727,17.100000381469727,17.100000381469727,0,0.0,0.0
2025-10-14 00:00:00+08:00,17.100000381469727,17.100000381469727,17.100000381469727,17.100000381469727,0,0.0,0.0
2025-10-15 00:00:00+08:00,17.100000381469727,17.100000381469727,17.100000381469727,17.100000381469727,0,0.0,0.0
2025-10-16 00:00:00+08:00,17.100000381469727,17.100000381469727,17.100000381469727,17.100000381469727,0,0.0,0.0
2025-10-17 00:00:00+08:00,17.100000381469727,17.100000381469727,17.100000381469727,17.100000381469727,0,0.0,0.0
2025-10-20 00:00:00+08:00,17.100000381469727,17.100000381469727,17.100000381469727,17.100000381469727,0,0.0,0.0
2025-10-21 00:00:00+08:00,17.100000381469727,17.100000381469727,17.100000381469727,17.100000381469727,0,0.0,0.0
2025-10-22 00:00:00+08:00,17.100000381469727,17.100000381469727,17.100000381469727,17.100000381469727,0,0.0,0.0
2025-10-23 00:00:00+08:00,17.100000381469727,17.100000381469727,17.100000381469727,17.100000381469727,0,0.0,0.0
2025-10-27 00:00:00+08:00,17.100000381469727,17.100000381469727,17.100000381469727,17.100000381469727,0,0.0,0.0
2025-10-28 00:00:00+08:00,17.100000381469727,17.100000381469727,17.100000381469727,17.100000381469727,0,0.0,0.0
2025-10-29 00:00:00+08:00,17.100000381469727,17.100000381469727,17.100000381469727,17.100000381469727,0,0.0,0.0
2025-10-30 00:00:00+08:00,17.100000381469727,17.100000381469727,17.100000381469727,17.100000381469727,0,0.0,0.0
2025-10-31 00:00:00+08:00,17.100000381469727,17.100000381469727,17.100000381469727,17.100000381469727,0,0.0,0.0
2025-11-03 00:00:00+08:00,17.100000381469727,17.100000381469727,17.100000381469727,17.100000381469727,0,0.0,0.0
2025-11-04 00:00:00+08:00,17.100000381469727,17.100000381469727,17.100000381469727,17.100000381469727,0,0.0,0.0
2025-11-05 00:00:00+08:00,17.100000381469727,17.100000381469727,17.100000381469727,17.100000381469727,0,0.0,0.0
2025-11-06 00:00:00+08:00,17.100000381469727,17.100000381469727,17.100000381469727,17.100000381469727,0,0.0,0.0
2025-11-07 00:00:00+08:00,17.100000381469727,17.100000381469727,17.100000381469727,17.100000381469727,0,0.0,0.0
2025-11-10 00:00:00+08:00,17.100000381469727,17.100000381469727,17.100000381469727,17.100000381469727,0,0.0,0.0
2025-11-11 00:00:00+08:00,17.100000381469727,17.100000381469727,17.100000381469727,17.100000381469727,0,0.0,0.0
2025-11-12 00:00:00+08:00,17.100000381469727,17.100000381469727,17.100000381469727,17.100000381469727,0,0.0,0.0
2025-11-13 00:00:00+08:00,17.100000381469727,17.100000381469727,17.100000381469727,17.100000381469727,0,0.0,0.0
2025-11-14 00:00:00+08:00,17.100000381469727,17.100000381469727,17.100000381469727,17.100000381469727,0,0.0,0.0
2025-11-17 00:00:00+08:00,17.100000381469727,17.100000381469727,17.100000381469727,17.100000381469727,0,0.0,0.0
2025-11-18 00:00:00+08:00,17.100000381469727,17.100000381469727,17.100000381469727,17.100000381469727,0,0.0,0.0
2025-11-19 00:00:00+08:00,17.100000381469727,17.100000381469727,17.100000381469727,17.100000381469727,0,0.0,0.0
2025-11-20 00:00:00+08:00,17.100000381469727,17.100000381469727,17.100000381469727,17.100000381469727,0,0.0,0.0
2025-11-21 00:00:00+08:00,17.100000381469727,17.100000381469727,17.100000381469727,17.100000381469727,0,0.0,0.0
2025-11-24 00:00:00+08:00,17.100000381469727,17.100000381469727,17.100000381469727,17.100000381469727,0,0.0,0.0
2025-11-25 00:00:00+08:00,17.100000381469727,17.100000381469727,17.100000381469727,17.100000381469727,0,0.0,0.0
2025-11-26 00:00:00+08:00,17.100000381469727,17.100000381469727,17.100000381469727,17.100000381469727,0,0.0,0.0
2025-11-27 00:00:00+08:00,17.100000381469727,17.100000381469727,17.100000381469727,17.100000381469727,0,0.0,0.0
2025-11-28 00:00:00+08:00,17.100000381469727,17.100000381469727,17.100000381469727,17.100000381469727,0,0.0,0.0
2025-12-01 00:00:00+08:00,17.100000381469727,17.100000381469727,17.100000381469727,17.100000381469727,0,0.0,0.0
2025-12-02 00:00:00+08:00,17.100000381469727,17.100000381469727,17.100000381469727,17.100000381469727,0,0.0,0.0
2025-12-03 00:00:00+08:00,17.100000381469727,17.100000381469727,17.100000381469727,17.100000381469727,0,0.0,0.0
2025-12-04 00:00:00+08:00,17.100000381469727,17.100000381469727,17.100000381469727,17.100000381469727,0,0.0,0.0
2025-12-05 00:00:00+08:00,17.100000381469727,17.100000381469727,17.100000381469727,17.100000381469727,0,0.0,0.0
2025-12-08 00:00:00+08:00,17.100000381469727,17.100000381469727,17.100000381469727,17.100000381469727,0,0.0,0.0
2025-12-09 00:00:00+08:00,17.100000381469727,17.100000381469727,17.100000381469727,17.100000381469727,0,0.0,0.0
2025-12-10 00:00:00+08:00,17.100000381469727,17.100000381469727,17.100000381469727,17.100000381469727,0,0.0,0.0
2025-12-11 00:00:00+08:00,17.100000381469727,17.100000381469727,17.100000381469727,17.100000381469727,0,0.0,0.0
2025-12-12 00:00:00+08:00,17.100000381469727,17.100000381469727,17.100000381469727,17.100000381469727,0,0.0,0.0
2025-12-15 00:00:00+08:00,17.100000381469727,17.100000381469727,17.100000381469727,17.100000381469727,0,0.0,0.0
2025-12-16 00:00:00+08:00,17.100000381469727,17.100000381469727,17.100000381469727,17.100000381469727,0,0.0,0.0
2025-12-17 00:00:00+08:00,17.100000381469727,17.100000381469727,17.100000381469727,17.100000381469727,0,0.0,0.0
2025-12-18 00:00:00+08:00,17.100000381469727,17.100000381469727,17.100000381469727,17.100000381469727,0,0.0,0.0
2025-12-19 00:00:00+08:00,17.100000381469727,17.100000381469727,17.100000381469727,17.100000381469727,0,0.0,0.0
2025-12-22 00:00:00+08:00,17.100000381469727,17.100000381469727,17.100000381469727,17.100000381469727,0,0.0,0.0
2025-12-23 00:00:00+08:00,17.100000381469727,17.100000381469727,17.100000381469727,17.100000381469727,0,0.0,0.0
2025-12-24 00:00:00+08:00,17.100000381469727,17.100000381469727,17.100000381469727,17.100000381469727,0,0.0,0.0
2025-12-26 00:00:00+08:00,17.100000381469727,17.100000381469727,17.100000381469727,17.100000381469727,0,0.0,0.0
2025-12-29 00:00:00+08:00,17.100000381469727,17.100000381469727,17.100000381469727,17.100000381469727,0,0.0,0.0
2025-12-30 00:00:00+08:00,17.100000381469727,17.100000381469727,17.100000381469727,17.100000381469727,0,0.0,0.0
2025-12-31 00:00:00+08:00,17.100000381469727,17.100000381469727,17.100000381469727,17.100000381469727,0,0.0,0.0
2026-01-02 00:00:00+08:00,17.100000381469727,17.100000381469727,17.100000381469727,17.100000381469727,0,0.0,0.0
2026-01-05 00:00:00+08:00,17.100000381469727,17.100000381469727,17.100000381469727,17.100000381469727,0,0.0,0.0
2026-01-06 00:00:00+08:00,17.100000381469727,17.100000381469727,17.100000381469727,17.100000381469727,0,0.0,0.0
2026-01-07 00:00:00+08:00,17.100000381469727,17.100000381469727,17.100000381469727,17.100000381469727,0,0.0,0.0
2026-01-08 00:00:00+08:00,17.100000381469727,17.100000381469727,17.100000381469727,17.100000381469727,0,0.0,0.0
2026-01-09 00:00:00+08:00,17.100000381469727,17.100000381469727,17.100000381469727,17.100000381469727,0,0.0,0.0
2026-01-12 00:00:00+08:00,17.100000381469727,17.100000381469727,17.100000381469727,17.100000381469727,0,0.0,0.0
2026-01-13 00:00:00+08:00,17.100000381469727,17.100000381469727,17.100000381469727,17.100000381469727,0,0.0,0.0
2026-01-14 00:00:00+08:00,17.100000381469727,17.100000381469727,17.100000381469727,17.100000381469727,0,0.0,0.0
2026-01-15 00:00:00+08:00,17.100000381469727,17.100000381469727,17.100000381469727,17.100000381469727,0,0.0,0.0
2026-01-16 00:00:00+08:00,17.100000381469727,17.100000381469727,17.100000381469727,17.100000381469727,0,0.0,0.0
2026-01-19 00:00:00+08:00,17.100000381469727,17.100000381469727,17.100000381469727,17.100000381469727,0,0.0,0.0
2026-01-20 00:00:00+08:00,17.100000381469727,17.100000381469727,17.100000381469727,17.100000381469727,0,0.0,0.0
2026-01-21 00:00:00+08:00,17.100000381469727,17.100000381469727,17.100000381469727,17.100000381469727,0,0.0,0.0
2026-01-22 00:00:00+08:00,17.100000381469727,17.100000381469727,17.100000381469727,17.100000381469727,0,0.0,0.0
2026-01-23 00:00:00+08:00,17.100000381469727,17.100000381469727,17.100000381469727,17.100000381469727,0,0.0,0.0
2026-01-26 00:00:00+08:00,17.100000381469727,17.100000381469727,17.100000381469727,17.100000381469727,0,0.0,0.0
2026-01-27 00:00:00+08:00,17.100000381469727,17.100000381469727,17.100000381469727,17.100000381469727,0,0.0,0.0
2026-01-28 00:00:00+08:00,17.100000381469727,17.100000381469727,17.100000381469727,17.100000381469727,0,0.0,0.0
2026-01-29 00:00:00+08:00,17.100000381469727,17.100000381469727,17.100000381469727,17.100000381469727,0,0.0,0.0
2026-01-30 00:00:00+08:00,17.100000381469727,17.100000381469727,17.100000381469727,17.100000381469727,0,0.0,0.0
2026-02-02 00:00:00+08:00,17.100000381469727,17.100000381469727,17.100000381469727,17.100000381469727,0,0.0,0.0
2026-02-03 00:00:00+08:00,17.100000381469727,17.100000381469727,17.100000381469727,17.100000381469727,0,0.0,0.0
2026-02-04 00:00:00+08:00,17.100000381469727,17.100000381469727,17.100000381469727,17.100000381469727,0,0.0,0.0
2026-02-05 00:00:00+08:00,17.100000381469727,17.100000381469727,17.100000381469727,17.100000381469727,0,0.0,0.0
2026-02-06 00:00:00+08:00,17.100000381469727,17.100000381469727,17.100000381469727,17.100000381469727,0,0.0,0.0
2026-02-09 00:00:00+08:00,17.100000381469727,17.100000381469727,17.100000381469727,17.100000381469727,0,0.0,0.0
2026-02-10 00:00:00+08:00,17.100000381469727,17.100000381469727,17.100000381469727,17.100000381469727,0,0.0,0.0
2026-02-11 00:00:00+08:00,17.100000381469727,17.100000381469727,17.100000381469727,17.100000381469727,0,0.0,0.0
2026-02-23 00:00:00+08:00,17.100000381469727,17.100000381469727,17.100000381469727,17.100000381469727,0,0.0,0.0
2026-02-24 00:00:00+08:00,17.100000381469727,17.100000381469727,17.100000381469727,17.100000381469727,0,0.0,0.0
2026-02-25 00:00:00+08:00,18.799999237060547,18.799999237060547,15.5,15.600000381469727,11429,0.0,0.0
2026-02-26 00:00:00+08:00,15.149999618530273,15.149999618530273,14.149999618530273,14.600000381469727,21081,0.0,0.0
2026-03-02 00:00:00+08:00,15.449999809265137,15.449999809265137,15.0,15.0,7001,0.0,0.0
2026-03-03 00:00:00+08:00,15.0,15.0,15.0,15.0,16041,0.0,0.0
2026-03-04 00:00:00+08:00,15.0,15.0,15.0,15.0,1000,0.0,0.0
2026-03-05 00:00:00+08:00,15.0,15.0,15.0,15.0,6000,0.0,0.0
2026-03-06 00:00:00+08:00,14.5,14.5,14.5,14.5,1000,0.0,0.0
2026-03-09 00:00:00+08:00,14.5,14.5,14.5,14.5,1000,0.0,0.0
2026-03-10 00:00:00+08:00,14.5,14.5,14.5,14.5,2000,0.0,0.0
2026-03-11 00:00:00+08:00,14.5,14.5,13.350000381469727,13.350000381469727,6740,0.0,0.0
2026-03-12 00:00:00+08:00,14.149999618530273,14.649999618530273,14.149999618530273,14.649999618530273,22706,0.0,0.0
2026-03-13 00:00:00+08:00,14.649999618530273,15.0,13.600000381469727,13.699999809265137,15444,0.0,0.0
2026-03-16 00:00:00+08:00,13.699999809265137,13.899999618530273,13.25,13.899999618530273,8555,0.0,0.0
2026-03-17 00:00:00+08:00,13.350000381469727,14.149999618530273,13.350000381469727,13.949999809265137,11086,0.0,0.0
2026-03-18 00:00:00+08:00,13.949999809265137,13.949999809265137,13.949999809265137,13.949999809265137,0,0.0,0.0
2026-03-19 00:00:00+08:00,13.949999809265137,14.0,13.850000381469727,14.0,4000,0.0,0.0
2026-03-20 00:00:00+08:00,14.0,14.0,14.0,14.0,2000,0.0,0.0
2026-03-23 00:00:00+08:00,14.0,14.0,14.0,14.0,0,0.0,0.0
2026-03-24 00:00:00+08:00,14.0,14.0,14.0,14.0,0,0.0,0.0
2026-03-25 00:00:00+08:00,14.399999618530273,15.149999618530273,14.399999618530273,15.149999618530273,7000,0.0,0.0
2026-03-26 00:00:00+08:00,15.149999618530273,15.149999618530273,15.149999618530273,15.149999618530273,0,0.0,0.0
2026-03-27 00:00:00+08:00,15.149999618530273,15.149999618530273,15.149999618530273,15.149999618530273,0,0.0,0.0
2026-03-30 00:00:00+08:00,15.149999618530273,15.149999618530273,15.149999618530273,15.149999618530273,0,0.0,0.0
2026-03-31 00:00:00+08:00,14.399999618530273,14.399999618530273,14.300000190734863,14.399999618530273,6270,0.0,0.0
2026-04-01 00:00:00+08:00,14.399999618530273,14.399999618530273,14.399999618530273,14.399999618530273,0,0.0,0.0
2026-04-02 00:00:00+08:00,14.0,14.0,13.25,13.25,4351,0.0,0.0
2026-04-07 00:00:00+08:00,13.25,13.25,13.25,13.25,0,0.0,0.0
2026-04-08 00:00:00+08:00,13.199999809265137,13.25,13.199999809265137,13.25,2000,0.0,0.0
2026-04-09 00:00:00+08:00,13.25,13.25,13.25,13.25,0,0.0,0.0
2026-04-10 00:00:00+08:00,13.25,13.25,13.25,13.25,0,0.0,0.0
2026-04-13 00:00:00+08:00,13.25,13.25,13.25,13.25,0,0.0,0.0
2026-04-14 00:00:00+08:00,13.25,14.550000190734863,13.25,13.399999618530273,20596,0.0,0.0
2026-04-15 00:00:00+08:00,13.399999618530273,13.399999618530273,13.399999618530273,13.399999618530273,0,0.0,0.0
2026-04-16 00:00:00+08:00,13.600000381469727,13.600000381469727,13.5,13.5,19000,0.0,0.0
2026-04-17 00:00:00+08:00,13.5,13.5,13.5,13.5,0,0.0,0.0
2026-04-20 00:00:00+08:00,12.199999809265137,12.25,12.149999618530273,12.149999618530273,3017,0.0,0.0
2026-04-21 00:00:00+08:00,12.75,12.800000190734863,12.5,12.5,6423,0.0,0.0
2026-04-22 00:00:00+08:00,13.0,13.75,13.0,13.75,33620,0.0,0.0
2026-04-23 00:00:00+08:00,13.75,13.75,13.75,13.75,3000,0.0,0.0
2026-04-24 00:00:00+08:00,13.75,15.100000381469727,13.75,15.100000381469727,18540,0.0,0.0
2026-04-27 00:00:00+08:00,16.600000381469727,16.600000381469727,16.600000381469727,16.600000381469727,32938,0.0,0.0
2026-04-28 00:00:00+08:00,18.25,18.25,18.25,18.25,26833,0.0,0.0
2026-04-29 00:00:00+08:00,20.049999237060547,20.049999237060547,20.049999237060547,20.049999237060547,3000,0.0,0.0
2026-04-30 00:00:00+08:00,22.049999237060547,22.049999237060547,20.100000381469727,22.049999237060547,110400,0.0,0.0
2026-05-04 00:00:00+08:00,24.25,24.25,24.25,24.25,119272,0.0,0.0
2026-05-05 00:00:00+08:00,26.649999618530273,26.649999618530273,26.649999618530273,26.649999618530273,163350,0.0,0.0
2026-05-06 00:00:00+08:00,29.299999237060547,29.299999237060547,27.0,29.299999237060547,154780,0.0,0.0
2026-05-07 00:00:00+08:00,32.20000076293945,32.20000076293945,32.20000076293945,32.20000076293945,158030,0.0,0.0
2026-05-08 00:00:00+08:00,35.400001525878906,35.400001525878906,35.400001525878906,35.400001525878906,146095,0.0,0.0
2026-05-11 00:00:00+08:00,38.900001525878906,38.900001525878906,38.900001525878906,38.900001525878906,114002,0.0,0.0
2026-05-12 00:00:00+08:00,42.75,42.75,42.75,42.75,62239,0.0,0.0
2026-05-13 00:00:00+08:00,47.0,47.0,47.0,47.0,182380,0.0,0.0
2026-05-14 00:00:00+08:00,51.70000076293945,51.70000076293945,51.70000076293945,51.70000076293945,113080,0.0,0.0
2026-05-15 00:00:00+08:00,56.79999923706055,56.79999923706055,56.79999923706055,56.79999923706055,154216,0.0,0.0
2026-05-18 00:00:00+08:00,62.400001525878906,62.400001525878906,62.400001525878906,62.400001525878906,148835,0.0,0.0
2026-05-19 00:00:00+08:00,68.5999984741211,68.5999984741211,68.5999984741211,68.5999984741211,162941,0.0,0.0
2026-05-20 00:00:00+08:00,75.4000015258789,75.4000015258789,75.4000015258789,75.4000015258789,181853,0.0,0.0
2026-05-21 00:00:00+08:00,82.9000015258789,82.9000015258789,82.9000015258789,82.9000015258789,179349,0.0,0.0
2026-05-22 00:00:00+08:00,91.0999984741211,91.0999984741211,91.0999984741211,91.0999984741211,378930,0.0,0.0
2026-05-25 00:00:00+08:00,100.0,100.0,100.0,100.0,170065,0.0,0.0
2026-05-26 00:00:00+08:00,110.0,110.0,110.0,110.0,86708,0.0,0.0
2026-05-27 00:00:00+08:00,121.0,121.0,121.0,121.0,80753,0.0,0.0
2026-05-28 00:00:00+08:00,133.0,133.0,133.0,133.0,65200,0.0,0.0
2026-05-29 00:00:00+08:00,133.0,133.0,120.0,120.0,853721,0.0,0.0
2026-06-01 00:00:00+08:00,108.0,108.0,108.0,108.0,45018,0.0,0.0
2026-06-02 00:00:00+08:00,97.19999694824219,97.19999694824219,97.19999694824219,97.19999694824219,30071,0.0,0.0
2026-06-03 00:00:00+08:00,87.5,87.5,87.5,87.5,17122,0.0,0.0
2026-06-04 00:00:00+08:00,78.80000305175781,78.80000305175781,78.80000305175781,78.80000305175781,17023,0.0,0.0
2026-06-05 00:00:00+08:00,71.0,71.0,71.0,71.0,14331,0.0,0.0
2026-06-08 00:00:00+08:00,63.900001525878906,63.900001525878906,63.900001525878906,63.900001525878906,21200,0.0,0.0
2026-06-09 00:00:00+08:00,57.599998474121094,57.599998474121094,57.599998474121094,57.599998474121094,12401,0.0,0.0
2026-06-10 00:00:00+08:00,51.900001525878906,51.900001525878906,51.900001525878906,51.900001525878906,55080,0.0,0.0
2026-06-11 00:00:00+08:00,46.75,46.75,46.75,46.75,26085,0.0,0.0
2026-06-12 00:00:00+08:00,42.150001525878906,46.5,42.150001525878906,42.54999923706055,898550,0.0,0.0
2026-06-15 00:00:00+08:00,38.29999923706055,41.75,38.29999923706055,39.20000076293945,341555,0.0,0.0
2026-06-16 00:00:00+08:00,38.29999923706055,40.79999923706055,38.29999923706055,39.20000076293945,190271,0.0,0.0
2026-06-17 00:00:00+08:00,39.20000076293945,43.099998474121094,39.20000076293945,43.099998474121094,79000,0.0,0.0
2026-06-18 00:00:00+08:00,47.400001525878906,47.400001525878906,47.400001525878906,47.400001525878906,8001,0.0,0.0
2026-06-22 00:00:00+08:00,52.099998474121094,52.099998474121094,52.099998474121094,52.099998474121094,500021,0.0,0.0
2026-06-23 00:00:00+08:00,46.900001525878906,49.79999923706055,46.900001525878906,49.79999923706055,320798,0.0,0.0
2026-06-24 00:00:00+08:00,47.849998474121094,47.849998474121094,45.5,47.5,54527,0.0,0.0
2026-06-25 00:00:00+08:00,48.0,48.0,46.099998474121094,46.099998474121094,83280,0.0,0.0
2026-06-26 00:00:00+08:00,46.099998474121094,46.099998474121094,44.0,44.0,43668,0.0,0.0
