Date,Open,High,Low,Close,Volume,Dividends,Stock Splits
2004-03-25 00:00:00-05:00,3.1303927898406982,3.1303927898406982,3.1303927898406982,3.1303927898406982,0,0.0,0.0
2004-03-26 00:00:00-05:00,2.9420976638793945,2.957788836455802,2.9420976638793945,2.9420976638793945,319800,0.0,0.0
2004-03-29 00:00:00-05:00,2.9420976638793945,2.957788836455802,2.9420976638793945,2.9420976638793945,97100,0.0,0.0
2004-03-30 00:00:00-05:00,2.942098008249915,2.957789182662964,2.942098008249915,2.957789182662964,102500,0.0,0.0
2004-03-31 00:00:00-05:00,2.957789182662964,2.957789182662964,2.942098008249915,2.957789182662964,91000,0.0,0.0
2004-04-01 00:00:00-05:00,2.957788102253619,2.989170439616498,2.957788102253619,2.9734792709350586,69600,0.0,0.0
2004-04-02 00:00:00-05:00,2.9891712402794504,3.0205535860482318,2.9734800673950597,2.9872097969055176,84000,0.0,0.0
2004-04-05 00:00:00-04:00,3.000940911421567,3.0068250568387342,2.9734812543854363,2.983288288116455,81500,0.0,0.0
2004-04-06 00:00:00-04:00,3.00093930880477,3.00093930880477,2.963672637939453,2.963672637939453,126700,0.0,0.0
2004-04-07 00:00:00-04:00,3.0009392425293315,3.0264374412283943,2.9852480721073706,3.0205531120300293,144500,0.0,0.0
2004-04-08 00:00:00-04:00,2.971519149939535,2.991133213043213,2.9558279742780202,2.991133213043213,146000,0.0,0.0
2004-04-12 00:00:00-04:00,3.016631420256567,3.016631420256567,2.965635005829859,2.991133213043213,117100,0.0,0.0
2004-04-13 00:00:00-04:00,2.981324529618644,2.9970156965860997,2.9460194974686,2.959749221801758,172400,0.0,0.0
2004-04-14 00:00:00-04:00,2.947980905187664,2.9597493745473313,2.9362126228814716,2.9460196495056152,309000,0.0,0.0
2004-04-15 00:00:00-04:00,2.9362135209266245,2.963672979408572,2.932290634255757,2.9420976638793945,147500,0.0,0.0
2004-04-16 00:00:00-04:00,2.9420990074334807,2.9617130756378174,2.936214861793627,2.9617130756378174,68100,0.0,0.0
2004-04-19 00:00:00-04:00,2.959751418444964,2.997017920887443,2.9558285302649114,2.967597007751465,99300,0.0,0.0
2004-04-20 00:00:00-04:00,2.9617109879507217,2.9950547681621518,2.9617109879507217,2.9734792709350586,103800,0.0,0.0
2004-04-21 00:00:00-04:00,2.9734805936606166,2.991133213043213,2.9636735621087773,2.991133213043213,154600,0.0,0.0
2004-04-22 00:00:00-04:00,2.991133001463403,3.0068241760149927,2.9715189397471393,2.9970171451568604,114800,0.0,0.0
2004-04-23 00:00:00-04:00,2.997017492156536,3.024477144327919,2.957789551235687,2.9793648719787598,107400,0.0,0.0
2004-04-26 00:00:00-04:00,2.959750279791236,2.9813255953204134,2.932290634255757,2.9420976638793945,284200,0.0,0.0
2004-04-27 00:00:00-04:00,2.9362135209266245,2.9420976638793945,2.932290634255757,2.9420976638793945,194700,0.0,0.0
2004-04-28 00:00:00-04:00,2.942096626538135,2.942096626538135,2.9322896003723145,2.9322896003723145,177700,0.0,0.0
2004-04-29 00:00:00-04:00,2.9401351838942777,2.942096626538135,2.9322896003723145,2.9322896003723145,101800,0.0,0.0
2004-04-30 00:00:00-04:00,2.9342520236968994,2.938174723242186,2.932290580397492,2.9342520236968994,143800,0.0,0.0
2004-05-03 00:00:00-04:00,2.942099307590446,2.942099307590446,2.9322922724877505,2.9401378631591797,103200,0.0,0.0
2004-05-04 00:00:00-04:00,2.9401353212990444,2.955826489076284,2.932289737410424,2.9460196495056152,114600,0.0,0.0
2004-05-05 00:00:00-04:00,2.9460204964398162,2.95190463928451,2.932290580397492,2.9342520236968994,142500,0.0,0.0
2004-05-06 00:00:00-04:00,2.942096417494946,2.942096417494946,2.9322893920259387,2.938173532485962,142400,0.0,0.0
2004-05-07 00:00:00-04:00,2.9381748015092275,2.9381748015092275,2.9126767861518283,2.914638042449951,161700,0.0,0.0
2004-05-10 00:00:00-04:00,2.902870072708458,2.9107156599163098,2.7851860775371278,2.853835105895996,245400,0.0,0.0
2004-05-11 00:00:00-04:00,2.8440292232882483,2.902871244629076,2.8244151538234292,2.889141321182251,200700,0.0,0.0
2004-05-12 00:00:00-04:00,2.9028702597861575,2.9107158474996244,2.8675650215487747,2.883256196975708,316900,0.0,0.0
2004-05-13 00:00:00-04:00,2.8927140153238735,2.9045369916478103,2.8572447105064223,2.902566432952881,161900,0.068,0.0
2004-05-14 00:00:00-04:00,2.8966549707082274,2.926212787628174,2.8887729237808064,2.926212787628174,168000,0.0,0.0
2004-05-17 00:00:00-04:00,2.9281822953396115,2.9419760143390326,2.8710374249784856,2.910447835922241,173900,0.0,0.0
2004-05-18 00:00:00-04:00,2.9104461630278537,2.9439446923990107,2.8907409688823176,2.9340922832489014,137000,0.0,0.0
2004-05-19 00:00:00-04:00,2.9262129552004494,2.943947420860611,2.912419231345435,2.9183309078216553,163500,0.0,0.0
2004-05-20 00:00:00-04:00,2.9262147559403653,2.9400083003608457,2.9163621436730445,2.922273635864258,121100,0.0,0.0
2004-05-21 00:00:00-04:00,2.926214248279561,2.936066670914664,2.8966564166055044,2.924243688583374,105600,0.0,0.0
2004-05-24 00:00:00-04:00,2.92621421560234,2.92621421560234,2.7784256226511697,2.8592166900634766,200100,0.0,0.0
2004-05-25 00:00:00-04:00,2.8769481544869873,2.936063375641657,2.867095554986974,2.9202992916107178,151000,0.0,0.0
2004-05-26 00:00:00-04:00,2.9321255683898926,2.951830600433456,2.908479417183874,2.9321255683898926,126400,0.0,0.0
2004-05-27 00:00:00-04:00,2.9321254363909253,2.9538010270399204,2.9084792862494133,2.949860095977783,82400,0.0,0.0
2004-05-28 00:00:00-04:00,2.9538000010811407,2.9538000010811407,2.926212929459453,2.941977024078369,69100,0.0,0.0
2004-06-01 00:00:00-04:00,2.9439487217764957,2.9439487217764957,2.920302569191,2.924243688583374,120700,0.0,0.0
2004-06-02 00:00:00-04:00,2.9045389713676695,2.9340968081696324,2.8946863591003487,2.922273635864258,76600,0.0,0.0
2004-06-03 00:00:00-04:00,2.924244160244089,2.9301556523632173,2.9124209880828857,2.9124209880828857,102300,0.0,0.0
2004-06-04 00:00:00-04:00,2.9025679077711493,2.924243688583374,2.8927154851360464,2.924243688583374,208200,0.0,0.0
2004-06-07 00:00:00-04:00,2.9262127614463953,2.94591778462723,2.8868023392390847,2.902566432952881,120700,0.0,0.0
2004-06-08 00:00:00-04:00,2.902564650095235,2.9262109640643486,2.902564650095235,2.9202992916107178,135400,0.0,0.0
2004-06-09 00:00:00-04:00,2.926212304064783,2.9380352785407298,2.9203006289040188,2.9360647201538086,90700,0.0,0.0
2004-06-10 00:00:00-04:00,2.9360657544257873,2.955770969390869,2.928183706024326,2.955770969390869,134300,0.0,0.0
2004-06-14 00:00:00-04:00,2.9459171582362567,2.9557697616931233,2.9143889775125085,2.943946599960327,117400,0.0,0.0
2004-06-15 00:00:00-04:00,2.938035459176861,2.9557701099039333,2.926212483974015,2.9400060176849365,121300,0.0,0.0
2004-06-16 00:00:00-04:00,2.9459182500867733,2.9459182500867733,2.8907439133708586,2.91636061668396,90700,0.0,0.0
2004-06-17 00:00:00-04:00,2.9262147202581135,2.9301556523632173,2.8868042716694005,2.9124209880828857,45000,0.0,0.0
2004-06-18 00:00:00-04:00,2.924241716982569,2.938035249710083,2.908477625887471,2.938035249710083,77400,0.0,0.0
2004-06-21 00:00:00-04:00,2.9380351130553195,2.9518286451412643,2.920300464417516,2.943946599960327,93800,0.0,0.0
2004-06-22 00:00:00-04:00,2.926214352603878,2.9380373353566767,2.8986270796424773,2.908479690551758,71900,0.0,0.0
2004-06-23 00:00:00-04:00,2.9262132237925145,2.9262132237925145,2.8927144723771394,2.91636061668396,63600,0.0,0.0
2004-06-24 00:00:00-04:00,2.9242417456778615,2.9360647201538086,2.912418583279124,2.9360647201538086,91500,0.0,0.0
2004-06-25 00:00:00-04:00,2.936064006283919,2.9439460499923866,2.888771744033115,2.890742301940918,153300,0.0,0.0
2004-06-28 00:00:00-04:00,2.9025661655771686,2.904536724090576,2.8769496565940815,2.904536724090576,105400,0.0,0.0
2004-06-29 00:00:00-04:00,2.9163598872482193,2.938035467127294,2.8670970519498464,2.904536724090576,115200,0.0,0.0
2004-06-30 00:00:00-04:00,2.9242423706513807,2.9439473949636104,2.9045371584163204,2.941977024078369,78700,0.0,0.0
2004-07-01 00:00:00-04:00,2.945919792552059,2.951831284743272,2.910450651481831,2.922273635864258,77000,0.0,0.0
2004-07-02 00:00:00-04:00,2.9163626397069575,2.9538023471832275,2.9163626397069575,2.9538023471832275,74700,0.0,0.0
2004-07-06 00:00:00-04:00,2.9459173241656247,2.9537993697905196,2.9005956088031772,2.9360647201538086,51700,0.0,0.0
2004-07-07 00:00:00-04:00,2.920300199602225,2.9498580072924976,2.9163592713305135,2.9459168910980225,163800,0.0,0.0
2004-07-08 00:00:00-04:00,2.9538000010811407,2.9538000010811407,2.9222718118433084,2.941977024078369,98700,0.0,0.0
2004-07-09 00:00:00-04:00,2.947887853625217,2.951828782437597,2.9143891130674358,2.938035249710083,52500,0.0,0.0
2004-07-12 00:00:00-04:00,2.9498592989142507,2.9498592989142507,2.9084785003671345,2.9301540851593018,83400,0.0,0.0
2004-07-13 00:00:00-04:00,2.939656163525714,2.9475744215312,2.9257990704264913,2.943615198135376,100200,0.068,0.0
2004-07-14 00:00:00-04:00,2.9436161499100857,2.9475753745860667,2.9297592411165994,2.93173885345459,103800,0.0,0.0
2004-07-15 00:00:00-04:00,2.9416355864374637,2.9455948098332883,2.9277786821244036,2.943615198135376,61600,0.0,0.0
2004-07-16 00:00:00-04:00,2.947573568845803,2.9634100802755285,2.9198595794507294,2.9515326023101807,113600,0.0,0.0
2004-07-19 00:00:00-04:00,2.9436149751628435,2.947574198258765,2.9257988488034923,2.929758071899414,74000,0.0,0.0
2004-07-20 00:00:00-04:00,2.9297560734475327,2.9455925774564906,2.919858211245429,2.9337151050567627,105400,0.0,0.0
2004-07-21 00:00:00-04:00,2.9396539356496363,2.941633357061242,2.9099603490433257,2.9337151050567627,100000,0.0,0.0
2004-07-22 00:00:00-04:00,2.935696355343202,2.939655577950355,2.9139211973622374,2.923819065093994,85400,0.0,0.0
2004-07-23 00:00:00-04:00,2.9257975446116533,2.929756765942728,2.876308410689601,2.8921449184417725,111900,0.0,0.0
2004-07-26 00:00:00-04:00,2.9119417461004153,2.91788039155141,2.85255472523206,2.884227752685547,119200,0.0,0.0
2004-07-27 00:00:00-04:00,2.8822476903330334,2.939655087047213,2.8822476903330334,2.9376754760742188,184900,0.0,0.0
2004-07-28 00:00:00-04:00,2.9376775016823378,2.941636537572095,2.909963495309141,2.93173885345459,98700,0.0,0.0
2004-07-29 00:00:00-04:00,2.937676551827802,2.957472102448436,2.9317379055202277,2.943615198135376,111500,0.0,0.0
2004-07-30 00:00:00-04:00,2.9455944263266183,2.9594513288355557,2.9218396554029527,2.9396557807922363,82600,0.0,0.0
2004-08-02 00:00:00-04:00,2.94361451795159,2.947573740432553,2.9218393606646496,2.9277780055999756,79700,0.0,0.0
2004-08-03 00:00:00-04:00,2.9376758163189343,2.951532717162628,2.9257983378914005,2.945594072341919,88600,0.0,0.0
2004-08-04 00:00:00-04:00,2.947573249312125,2.9535118932579625,2.9297571286885256,2.9416344165802,55800,0.0,0.0
2004-08-05 00:00:00-04:00,2.945593741255884,2.9574710295622904,2.937675486122915,2.9495527744293213,49100,0.0,0.0
2004-08-06 00:00:00-04:00,2.955492294741347,2.955492294741347,2.9317375238176813,2.9396557807922363,81600,0.0,0.0
2004-08-09 00:00:00-04:00,2.947573834378535,2.9515328681995627,2.915900619879689,2.923819065093994,88500,0.0,0.0
2004-08-10 00:00:00-04:00,2.933716650535301,2.937675873016264,2.8862071134804577,2.9277780055999756,97600,0.0,0.0
2004-08-11 00:00:00-04:00,2.9373242587077537,2.9591999966897227,2.9134595758898008,2.933346748352051,79400,0.068,0.0
2004-08-12 00:00:00-04:00,2.933345697269624,2.9572101818782732,2.913458531933384,2.943289279937744,108000,0.0,0.0
2004-08-13 00:00:00-04:00,2.9572122074614704,2.9592009632889327,2.943291295985621,2.9492573738098145,42400,0.0,0.0
2004-08-16 00:00:00-04:00,2.961188388810081,2.9631769540859914,2.9293688788400964,2.9472672939300537,97400,0.0,0.0
2004-08-17 00:00:00-04:00,2.9472686179823517,2.9592009632889327,2.9253928728548466,2.9492573738098145,113400,0.0,0.0
2004-08-18 00:00:00-04:00,2.957213539574406,2.957213539574406,2.9194281101226807,2.9194281101226807,67400,0.0,0.0
2004-08-19 00:00:00-04:00,2.939310393602932,2.949253971611344,2.919423427244083,2.9214119911193848,64800,0.0,0.0
2004-08-20 00:00:00-04:00,2.9373232062000976,2.943289279937744,2.9074924581957373,2.943289279937744,71500,0.0,0.0
2004-08-23 00:00:00-04:00,2.9472679377559183,2.969143867492676,2.901527702230245,2.969143867492676,232900,0.0,0.0
2004-08-24 00:00:00-04:00,2.963176636322487,2.963176636322487,2.92141373547717,2.953233242034912,207000,0.0,0.0
2004-08-25 00:00:00-04:00,2.9413022994995117,2.9532346438297834,2.9174378004971477,2.9413022994995117,115900,0.0,0.0
2004-08-26 00:00:00-04:00,2.9432897291572924,2.9492558038055106,2.9194252409063255,2.939312219619751,103100,0.0,0.0
2004-08-27 00:00:00-04:00,2.9432906044573017,2.947267925519558,2.9253921855317744,2.945279359817505,80400,0.0,0.0
2004-08-30 00:00:00-04:00,2.9432903345831756,2.9452790897610273,2.9214144069430743,2.933346748352051,92500,0.0,0.0
2004-08-31 00:00:00-04:00,2.9432926218277093,2.9432926218277093,2.9134618399527135,2.9194281101226807,105700,0.0,0.0
2004-09-01 00:00:00-04:00,2.9393151083810642,2.9393151083810642,2.905507002717704,2.9194281101226807,103500,0.0,0.0
2004-09-02 00:00:00-04:00,2.9293715144227326,2.9293715144227326,2.905507002717704,2.9194281101226807,54400,0.0,0.0
2004-09-03 00:00:00-04:00,2.9333461384924053,2.9452784774205796,2.911470405058528,2.9313573837280273,106300,0.0,0.0
2004-09-07 00:00:00-04:00,2.943289279937744,2.945278034402981,2.9234021146015037,2.943289279937744,82600,0.0,0.0
2004-09-08 00:00:00-04:00,2.9532346438297834,2.9532346438297834,2.923403877833194,2.9413022994995117,144200,0.0,0.0
2004-09-09 00:00:00-04:00,2.959197655392219,2.961186408996582,2.941299252268918,2.961186408996582,146100,0.0,0.0
2004-09-10 00:00:00-04:00,2.9671537799654124,2.9671537799654124,2.9492553690013987,2.9591989517211914,125100,0.0,0.0
2004-09-13 00:00:00-04:00,2.9667911316800253,2.9687888259727417,2.938821315765381,2.938821315765381,127900,0.068,0.0
2004-09-14 00:00:00-04:00,2.9588016630656613,2.9607993586277943,2.932829715468885,2.94681453704834,126600,0.0,0.0
2004-09-15 00:00:00-04:00,2.962797600753103,2.962797600753103,2.9288342952397692,2.942819118499756,90500,0.0,0.0
2004-09-16 00:00:00-04:00,2.9508103092304148,2.9588016630656613,2.9388231832130938,2.94681453704834,92100,0.0,0.0
2004-09-17 00:00:00-04:00,2.954805890883586,2.954805890883586,2.936825297122056,2.94681453704834,93700,0.0,0.0
2004-09-20 00:00:00-04:00,2.95480586904981,2.95480586904981,2.9248383400213003,2.9368252754211426,87200,0.0,0.0
2004-09-21 00:00:00-04:00,2.95480586904981,2.95480586904981,2.9308318077212214,2.9368252754211426,112000,0.0,0.0
2004-09-22 00:00:00-04:00,2.9528079610055853,2.9528079610055853,2.9268360137939453,2.9268360137939453,109000,0.0,0.0
2004-09-23 00:00:00-04:00,2.9428189067515507,2.9448167929389144,2.922840616464653,2.9328298568725586,131400,0.0,0.0
2004-09-24 00:00:00-04:00,2.9508102654730757,2.9508102654730757,2.9188446600772022,2.9268360137939453,114000,0.0,0.0
2004-09-27 00:00:00-04:00,2.9408210475736922,2.942818743121064,2.918844681792476,2.9368252754211426,114700,0.0,0.0
2004-09-28 00:00:00-04:00,2.9468135958309993,2.9468135958309993,2.9248374274355244,2.9288330078125,165100,0.0,0.0
2004-09-29 00:00:00-04:00,2.944816650957302,2.94681453704834,2.932829715468885,2.94681453704834,91500,0.0,0.0
2004-09-30 00:00:00-04:00,2.946814891161996,2.946814891161996,2.922840826775336,2.942819118499756,70100,0.0,0.0
2004-10-01 00:00:00-04:00,2.9468145152736134,2.9468145152736134,2.9308318077212214,2.9368252754211426,83900,0.0,0.0
2004-10-04 00:00:00-04:00,2.936824359095295,2.9388222445482044,2.9128503052469106,2.9288330078125,163200,0.0,0.0
2004-10-05 00:00:00-04:00,2.9368231980321626,2.9368231980321626,2.9208405017852783,2.9208405017852783,101000,0.0,0.0
2004-10-06 00:00:00-04:00,2.9328287787183194,2.94281782492518,2.9248374274355244,2.9288330078125,99500,0.0,0.0
2004-10-07 00:00:00-04:00,2.9268352842985124,2.938822407150362,2.918843932573564,2.924837589263916,136600,0.0,0.0
2004-10-08 00:00:00-04:00,2.932827991981163,2.944814920425415,2.924836642842064,2.944814920425415,86200,0.0,0.0
2004-10-11 00:00:00-04:00,2.9368234309438814,2.9448147797010966,2.934825546122382,2.938821315765381,70900,0.0,0.0
2004-10-12 00:00:00-04:00,2.9448157103780894,2.9448157103780894,2.9268351223595905,2.9288330078125,90900,0.0,0.0
2004-10-13 00:00:00-04:00,2.9760357848777086,2.9760357848777086,2.947673415554624,2.9638805389404297,194800,0.203,0.0
2004-10-14 00:00:00-04:00,2.9760336875915527,2.986163180870209,2.9638784502203768,2.9760336875915527,138500,0.0,0.0
2004-10-15 00:00:00-04:00,2.984139489806715,2.986165428628222,2.9659066200256348,2.9659066200256348,64500,0.0,0.0
2004-10-18 00:00:00-04:00,2.9659066200256348,2.9821137441893684,2.9638806812041283,2.9659066200256348,132200,0.0,0.0
2004-10-19 00:00:00-04:00,2.9740121906100767,2.976037937595514,2.9598308024862727,2.9679343700408936,99100,0.0,0.0
2004-10-20 00:00:00-04:00,2.9719846751807752,2.9719846751807752,2.951725670429949,2.95780348777771,112500,0.0,0.0
2004-10-21 00:00:00-04:00,2.963880970063666,2.9659069090826202,2.9517255291541176,2.959829092025757,98500,0.0,0.0
2004-10-22 00:00:00-04:00,2.965906862080708,2.965906862080708,2.947673797607422,2.947673797607422,97500,0.0,0.0
2004-10-25 00:00:00-04:00,2.957803155889386,2.957803155889386,2.937544153411776,2.941596031188965,99300,0.0,0.0
2004-10-26 00:00:00-04:00,2.9415970911374214,2.9415970911374214,2.9132345160896875,2.9213380813598633,109700,0.0,0.0
2004-10-27 00:00:00-04:00,2.9294405910615655,2.9537512781121973,2.921337028711355,2.941596031188965,99700,0.0,0.0
2004-10-28 00:00:00-04:00,2.9557781303344735,2.9557781303344735,2.929441496257243,2.93754506111145,153500,0.0,0.0
2004-10-29 00:00:00-04:00,2.9395710006260587,2.9476745654802663,2.9253896172280265,2.93754506111145,237900,0.0,0.0
2004-11-01 00:00:00-05:00,2.9537515682065063,2.9537515682065063,2.931466817855835,2.931466817855835,115100,0.0,0.0
2004-11-02 00:00:00-05:00,2.9334923258472356,2.941596081540325,2.927414702281588,2.935518264770508,98800,0.0,0.0
2004-11-03 00:00:00-05:00,2.93754420369378,2.941596081540325,2.927414702281588,2.935518264770508,87600,0.0,0.0
2004-11-04 00:00:00-05:00,2.935519192655097,2.935519192655097,2.8828459232256076,2.8868978023529053,145000,0.0,0.0
2004-11-05 00:00:00-05:00,2.907155132653281,2.91931037660687,2.8868961351251414,2.9051291942596436,210500,0.0,0.0
2004-11-08 00:00:00-05:00,2.9193119918884274,2.93754506111145,2.9031048621800126,2.93754506111145,171900,0.0,0.0
2004-11-09 00:00:00-05:00,2.951725005576562,2.9557768828957482,2.9274143212738784,2.9294402599334717,88300,0.0,0.0
2004-11-10 00:00:00-05:00,2.9453154616939856,2.9880601989363167,2.933102596431788,2.967705488204956,162000,0.068,0.0
2004-11-11 00:00:00-05:00,2.9860269550963503,2.988062466537591,2.96160140015263,2.969743251800537,121600,0.0,0.0
2004-11-12 00:00:00-05:00,2.977884531021118,2.9900972090868545,2.96363634190542,2.977884531021118,87400,0.0,0.0
2004-11-15 00:00:00-05:00,2.9880601989363167,2.9880601989363167,2.955492817059666,2.967705488204956,95700,0.0,0.0
2004-11-16 00:00:00-05:00,2.9819553965934467,2.9900972467789098,2.96567169622252,2.9839909076690674,94500,0.0,0.0
2004-11-17 00:00:00-05:00,2.9921314545759494,2.994166964764966,2.957528557830412,2.9819540977478027,109200,0.0,0.0
2004-11-18 00:00:00-05:00,2.9880611196891413,2.9880611196891413,2.9493871962058043,2.9616000652313232,126400,0.0,0.0
2004-11-19 00:00:00-05:00,2.9778856521104866,2.9778856521104866,2.931069850921631,2.931069850921631,198500,0.0,0.0
2004-11-22 00:00:00-05:00,2.9453202942772774,2.959568498697063,2.935142922212904,2.9493911266326904,128200,0.0,0.0
2004-11-23 00:00:00-05:00,2.963636543169911,2.963636543169911,2.9351399688862565,2.947352647781372,180300,0.0,0.0
2004-11-24 00:00:00-05:00,2.9493911266326904,2.95549766634165,2.9453202942772774,2.9493911266326904,113500,0.0,0.0
2004-11-26 00:00:00-05:00,2.957530009605322,2.9616010319817145,2.939210797145618,2.947352647781372,83400,0.0,0.0
2004-11-29 00:00:00-05:00,2.9554962124227124,2.9697444098332784,2.9392123086600406,2.9636380672454834,174000,0.0,0.0
2004-11-30 00:00:00-05:00,2.975849592007203,2.975849592007203,2.945317696856817,2.969743251800537,231800,0.0,0.0
2004-12-01 00:00:00-05:00,2.9738136602887355,2.9738136602887355,2.947352597643411,2.9554946422576904,91300,0.0,0.0
2004-12-02 00:00:00-05:00,2.9595664339981993,2.9595664339981993,2.922927997773624,2.931069850921631,99900,0.0,0.0
2004-12-03 00:00:00-05:00,2.9331052732055705,2.9331052732055705,2.8903604969540373,2.8985023498535156,142800,0.0,0.0
2004-12-06 00:00:00-05:00,2.9107143710820393,2.9107143710820393,2.841508544710872,2.859827756881714,210800,0.0,0.0
2004-12-07 00:00:00-05:00,2.853721692070787,2.8720407118869695,2.8496506693669374,2.865934371948242,124200,0.0,0.0
2004-12-08 00:00:00-05:00,2.86796958269848,2.8801822612958827,2.839473009109497,2.839473009109497,208600,0.0,0.0
2004-12-09 00:00:00-05:00,2.8455799931158814,2.861863891796817,2.8028354142235385,2.827260971069336,195200,0.0,0.0
2004-12-10 00:00:00-05:00,2.8191191187874036,2.8394736524337,2.8069062433059693,2.827260971069336,187200,0.0,0.0
2004-12-13 00:00:00-05:00,2.84362878615434,2.85590352896627,2.819079495630898,2.837491512298584,194000,0.07,0.0
2004-12-14 00:00:00-05:00,2.8374916092962623,2.85590362659335,2.8211254150545004,2.8436288833618164,278700,0.0,0.0
2004-12-15 00:00:00-05:00,2.8518096777306554,2.853855499134042,2.8170316893744287,2.8354434967041016,265600,0.0,0.0
2004-12-16 00:00:00-05:00,2.8395373352839757,2.8395373352839757,2.8108963987897506,2.837491512298584,254100,0.0,0.0
2004-12-17 00:00:00-05:00,2.839531926541864,2.841577745630378,2.8149826827798363,2.829303026199341,142100,0.0,0.0
2004-12-20 00:00:00-05:00,2.83544108643329,2.83544108643329,2.808846016097251,2.8211207389831543,174900,0.0,0.0
2004-12-21 00:00:00-05:00,2.827261870886473,2.8333993382762173,2.796575314339226,2.8108956813812256,276500,0.0,0.0
2004-12-22 00:00:00-05:00,2.8047571182250977,2.8231691217196175,2.7965740272386754,2.8047571182250977,243600,0.0,0.0
2004-12-23 00:00:00-05:00,2.8190760904258094,2.821121910940023,2.794526829555795,2.8068015575408936,212500,0.0,0.0
2004-12-27 00:00:00-05:00,2.8170310473154876,2.8293055827376516,2.7965732281449163,2.812939405441284,210800,0.0,0.0
2004-12-28 00:00:00-05:00,2.806802754755907,2.83135202609718,2.796573842921977,2.8088483810424805,183200,0.0,0.0
2004-12-29 00:00:00-05:00,2.8108937631856596,2.847717761993408,2.798619226983234,2.847717761993408,198200,0.0,0.0
2004-12-30 00:00:00-05:00,2.8620409006589047,2.8620409006589047,2.8252170611651533,2.8436288833618164,243000,0.0,0.0
2004-12-31 00:00:00-05:00,2.8518102233616025,2.8640849590301514,2.83544403920374,2.8640849590301514,199300,0.0,0.0
2005-01-03 00:00:00-05:00,2.8518087140702164,2.8763581724147578,2.845671447034182,2.8722665309906006,84100,0.0,0.0
2005-01-04 00:00:00-05:00,2.855903246465687,2.8886356305924505,2.855903246465687,2.8620405197143555,125700,0.0,0.0
2005-01-05 00:00:00-05:00,2.8620390594674956,2.8865883350372314,2.847718697493558,2.8865883350372314,94400,0.0,0.0
2005-01-06 00:00:00-05:00,2.886588132283322,2.9050001364424394,2.8702219497197246,2.8743135929107666,139000,0.0,0.0
2005-01-07 00:00:00-05:00,2.8927257109333997,2.896817159185204,2.8784051543013525,2.8947713375091553,81200,0.0,0.0
2005-01-10 00:00:00-05:00,2.896815166925445,2.9029524326324463,2.892723721487498,2.9029524326324463,121200,0.0,0.0
2005-01-11 00:00:00-05:00,2.9029527204064376,2.923410534924666,2.89681545409104,2.904998540878296,185300,0.0,0.0
2005-01-12 00:00:00-05:00,2.917336242900052,2.929671789335091,2.9050008925318713,2.923504114151001,138600,0.07,0.0
2005-01-13 00:00:00-05:00,2.9276141395487985,2.93583776706176,2.9193905120358368,2.9296700954437256,96100,0.0,0.0
2005-01-14 00:00:00-05:00,2.925557945003135,2.9296698564575614,2.9049989759311896,2.9173343181610107,86600,0.0,0.0
2005-01-18 00:00:00-05:00,2.9173373979188777,2.9235052716117833,2.9050020426669403,2.907058000564575,104000,0.0,0.0
2005-01-19 00:00:00-05:00,2.915278010117189,2.9214456800719195,2.9029424741410352,2.9193897247314453,98800,0.0,0.0
2005-01-20 00:00:00-05:00,2.9235032567021038,2.9276149735965986,2.9091117574043697,2.9152796268463135,104100,0.0,0.0
2005-01-21 00:00:00-05:00,2.921444815018607,2.9235007697503037,2.902941614566606,2.911165237426758,159200,0.0,0.0
2005-01-24 00:00:00-05:00,2.8906071342315744,2.9193897247314453,2.8885511788911,2.9193897247314453,112500,0.0,0.0
2005-01-25 00:00:00-05:00,2.9235007697503037,2.9235007697503037,2.909109282695061,2.911165237426758,127700,0.0,0.0
2005-01-26 00:00:00-05:00,2.9214476125923885,2.9214476125923885,2.9070563078226894,2.9132239818573,149100,0.0,0.0
2005-01-27 00:00:00-05:00,2.9235050650687238,2.9605113242770136,2.9193931495639567,2.9584555625915527,225000,0.0,0.0
2005-01-28 00:00:00-05:00,2.9687311122267968,2.9707870673149968,2.9461161944566028,2.9646193981170654,125700,0.0,0.0
2005-01-31 00:00:00-05:00,2.9563998900401,2.9687352456105347,2.9481762543041627,2.9625675678253174,155000,0.0,0.0
2005-02-01 00:00:00-05:00,2.970786642889566,2.970786642889566,2.9605070649838403,2.9687306880950928,108000,0.0,0.0
2005-02-02 00:00:00-05:00,2.970787505292561,2.9810670861823914,2.968731549901255,2.9769551753997803,145300,0.0,0.0
2005-02-03 00:00:00-05:00,2.981069663798147,2.987237339238317,2.9707900740199524,2.972846031188965,118400,0.0,0.0
2005-02-04 00:00:00-05:00,2.9851804280882814,2.9913481011523406,2.974900842270322,2.9892921447753906,132300,0.0,0.0
2005-02-07 00:00:00-05:00,2.989293803529694,3.00162935256958,2.983126127043201,3.00162935256958,131900,0.0,0.0
2005-02-08 00:00:00-05:00,3.0077969287507162,3.028355915042382,3.0016292524699058,3.009852886199951,191600,0.0,0.0
2005-02-09 00:00:00-05:00,3.013962529057754,3.022186157123483,3.0016271849925396,3.0077948570251465,158700,0.0,0.0
2005-02-10 00:00:00-05:00,3.0160186309384516,3.0160186309384516,3.001627330144186,3.003683090209961,94000,0.0,0.0
2005-02-11 00:00:00-05:00,3.0140120326579622,3.0140120326579622,2.983024813685931,2.99541974067688,136200,0.07,0.0
2005-02-14 00:00:00-05:00,2.9995515572831235,2.9995515572831235,2.9499720445348685,2.958235263824463,177500,0.0,0.0
2005-02-15 00:00:00-05:00,2.94790718464149,2.972696849213877,2.94790718464149,2.9623677730560303,119800,0.0,0.0
2005-02-16 00:00:00-05:00,2.9685652933507796,2.972697002831726,2.95410470418897,2.9561705589294434,201100,0.0,0.0
2005-02-17 00:00:00-05:00,2.962367342774232,2.962367342774232,2.9313801188015645,2.935511827468872,201100,0.0,0.0
2005-02-18 00:00:00-05:00,2.9499720001791947,2.958235219344544,2.921050831605816,2.954103708267212,173400,0.0,0.0
2005-02-22 00:00:00-05:00,2.970631244225559,2.970631244225559,2.9313807909293668,2.9334466457366943,119300,0.0,0.0
2005-02-23 00:00:00-05:00,2.9479074056155996,2.9541047729705636,2.9231175421742317,2.9458415508270264,163400,0.0,0.0
2005-02-24 00:00:00-05:00,2.9664976576034476,2.9664976576034476,2.947905567133643,2.9644320011138916,124700,0.0,0.0
2005-02-25 00:00:00-05:00,2.974761657675242,2.9809592198072674,2.954103708267212,2.954103708267212,102900,0.0,0.0
2005-02-28 00:00:00-05:00,2.968565369294253,3.0078158223243654,2.9644338567183635,2.9933550357818604,287100,0.0,0.0
2005-03-01 00:00:00-05:00,3.0140129663515087,3.0140129663515087,2.9933548139705857,3.0078155994415283,144400,0.0,0.0
2005-03-02 00:00:00-05:00,3.0181447609069756,3.024342325407353,2.999552658438124,3.0119473934173584,225600,0.0,0.0
2005-03-03 00:00:00-05:00,3.022277158735874,3.032606238244305,3.0160797898351377,3.0264086723327637,141100,0.0,0.0
2005-03-04 00:00:00-05:00,3.034671586923524,3.042934810285048,3.034671586923524,3.0367374420166016,141900,0.0,0.0
2005-03-07 00:00:00-05:00,3.036734564282242,3.0491294860839844,3.03053720188667,3.0491294860839844,269500,0.0,0.0
2005-03-08 00:00:00-05:00,3.0532638325022488,3.0780535021302264,3.0450006092929227,3.0635929107666016,279800,0.0,0.0
2005-03-09 00:00:00-05:00,3.063594504162494,3.078055103047173,3.0491339052778157,3.0739235877990723,271800,0.0,0.0
2005-03-10 00:00:00-05:00,3.073919206263413,3.078050715622499,3.0635901373497934,3.0677218437194824,205800,0.0,0.0
2005-03-11 00:00:00-05:00,3.0689690009881416,3.0814276905129563,3.052357546971157,3.0648162364959717,165300,0.076,0.0
2005-03-14 00:00:00-05:00,3.064819492560463,3.1001189193547076,3.054437273263739,3.0897367000579834,196600,0.0,0.0
2005-03-15 00:00:00-05:00,3.0918083900107574,3.093884672231563,3.056509017944336,3.056509017944336,171600,0.0,0.0
2005-03-16 00:00:00-05:00,3.068969067167652,3.068969067167652,3.0440518856048584,3.0440518856048584,164500,0.0,0.0
2005-03-17 00:00:00-05:00,3.0440530690832115,3.062741012026914,3.02744160824975,3.039900302886963,138700,0.0,0.0
2005-03-18 00:00:00-05:00,3.041975083091891,3.0523572904861433,3.0315930737217744,3.050280809402466,85200,0.0,0.0
2005-03-21 00:00:00-05:00,3.0482048988342285,3.0751985621482616,3.031593444183156,3.0482048988342285,181600,0.0,0.0
2005-03-22 00:00:00-05:00,3.0482044536983377,3.0793508771146794,3.014981549247805,3.0378222465515137,263100,0.0,0.0
2005-03-23 00:00:00-05:00,3.0544332307973265,3.0565097115133733,3.0253630948449732,3.0419745445251465,263600,0.0,0.0
2005-03-24 00:00:00-05:00,3.031592960254416,3.0627393832472793,3.014981508255005,3.014981508255005,194400,0.0,0.0
2005-03-28 00:00:00-05:00,3.0191371313055138,3.0357485990356534,2.973455496035471,3.0004491806030273,202100,0.0,0.0
2005-03-29 00:00:00-05:00,3.0212104107474786,3.0357453800931657,3.0025224798606773,3.0066752433776855,158100,0.0,0.0
2005-03-30 00:00:00-05:00,3.0170583658809536,3.0482049928302883,3.0108291197007526,3.046128511428833,108500,0.0,0.0
2005-03-31 00:00:00-05:00,3.0565095880082405,3.077273800257382,3.0357451777350066,3.0544331073760986,138300,0.0,0.0
2005-04-01 00:00:00-05:00,3.0835058589730058,3.0835058589730058,3.0523592171305376,3.0689706802368164,167000,0.0,0.0
2005-04-04 00:00:00-04:00,3.0689706802368164,3.087658625737445,3.0544356995248876,3.0689706802368164,137600,0.0,0.0
2005-04-05 00:00:00-04:00,3.0544331073760986,3.081426761521666,3.052356626743957,3.0544331073760986,112700,0.0,0.0
2005-04-06 00:00:00-04:00,3.0751994601542383,3.0814287079613876,3.060664284571933,3.073122978210449,86300,0.0,0.0
2005-04-07 00:00:00-04:00,3.073122978210449,3.0855814738247482,3.064817248459511,3.073122978210449,104500,0.0,0.0
2005-04-08 00:00:00-04:00,3.0731211641744816,3.087656133152707,3.0627389586082776,3.071044683456421,88900,0.0,0.0
2005-04-11 00:00:00-04:00,3.0751976448925427,3.081426889022625,3.0523567530420737,3.071044683456421,108100,0.0,0.0
2005-04-12 00:00:00-04:00,3.0731225861695837,3.0731225861695837,3.0315939427127363,3.0668933391571045,121700,0.0,0.0
2005-04-13 00:00:00-04:00,3.0660583776540986,3.082755952012053,3.045186758041382,3.045186758041382,136400,0.076,0.0
2005-04-14 00:00:00-04:00,3.0472719431174857,3.0556206251925357,2.9909181898246864,2.9950926303863525,131900,0.0,0.0
2005-04-15 00:00:00-04:00,2.9679607825469843,2.984658154678323,2.9262173522186363,2.9429147243499756,163000,0.0,0.0
2005-04-18 00:00:00-04:00,2.947091365966312,2.959614504779335,2.9283067572710464,2.951265811920166,118600,0.0,0.0
2005-04-19 00:00:00-04:00,2.957525374594408,3.0013560336022733,2.947089465488076,2.9637868404388428,127000,0.0,0.0
2005-04-20 00:00:00-04:00,2.9596140128258868,3.0034446928130296,2.9491780987244707,2.955439567565918,94900,0.0,0.0
2005-04-21 00:00:00-04:00,2.9637860565797736,2.9971807976491003,2.9512631282029544,2.9825706481933594,108900,0.0,0.0
2005-04-22 00:00:00-04:00,2.988833678661843,3.0117927244648213,2.967962054080045,2.984659433364868,83900,0.0,0.0
2005-04-25 00:00:00-04:00,3.0055291750300626,3.0097036167602775,2.961698532104492,2.961698532104492,98800,0.0,0.0
2005-04-26 00:00:00-04:00,2.9825710571410835,2.9825710571410835,2.9470890901278137,2.94917631149292,123900,0.0,0.0
2005-04-27 00:00:00-04:00,2.9554382273840734,2.9992688874956346,2.9533510057005667,2.9930074214935303,69400,0.0,0.0
2005-04-28 00:00:00-04:00,3.0055289952139805,3.0472726138253257,2.9971803113013764,3.0264008045196533,90700,0.0,0.0
2005-04-29 00:00:00-04:00,3.0222289697721343,3.047275242161182,3.018054723739624,3.018054723739624,93100,0.0,0.0
2005-05-02 00:00:00-04:00,3.0055295836387206,3.030575839328432,3.001355340389345,3.0201399326324463,95300,0.0,0.0
2005-05-03 00:00:00-04:00,3.0055279283041867,3.0180510492517665,2.9637845235593447,2.98883056640625,99100,0.0,0.0
2005-05-04 00:00:00-04:00,2.993005567505795,3.034748980076305,2.9700465413057957,3.022225856781006,105700,0.0,0.0
2005-05-05 00:00:00-04:00,3.0264016248399193,3.03266308970949,3.005529809876844,3.0243144035339355,86700,0.0,0.0
2005-05-06 00:00:00-04:00,3.0326638491788254,3.043099759273826,2.9763102531433105,2.9763102531433105,90700,0.0,0.0
2005-05-09 00:00:00-04:00,2.993007378078612,3.01805344077214,2.9700483379899016,2.9804842472076416,97100,0.0,0.0
2005-05-10 00:00:00-04:00,2.9888313424650006,3.047272323330405,2.9804826593482727,3.0138773918151855,135700,0.0,0.0
2005-05-11 00:00:00-04:00,2.9983550214748615,3.0424176296322263,2.9941586874179404,3.002551555633545,138300,0.076,0.0
2005-05-12 00:00:00-04:00,3.01513850049263,3.034022489864868,2.9962545111203918,3.0193350315093994,79100,0.0,0.0
2005-05-13 00:00:00-04:00,2.9983525806064666,3.034022291510591,2.9270131587982178,2.9270131587982178,154600,0.0,0.0
2005-05-16 00:00:00-04:00,2.939602795498786,2.977370574814797,2.910227678162674,2.937504529953003,118700,0.0,0.0
2005-05-17 00:00:00-04:00,2.937505372092623,2.985764292871056,2.9228179092646958,2.9333088397979736,110900,0.0,0.0
2005-05-18 00:00:00-04:00,2.9333068187853257,2.935405083486972,2.8850479312566786,2.9060301780700684,122800,0.0,0.0
2005-05-19 00:00:00-04:00,2.889244904043016,2.908128688951127,2.857771528993032,2.8640661239624023,142200,0.0,0.0
2005-05-20 00:00:00-04:00,2.8850475400034044,2.931208356671881,2.874556418019454,2.8787529468536377,136100,0.0,0.0
2005-05-23 00:00:00-04:00,2.9165202550575935,2.918618519150364,2.87455597370957,2.8913416862487793,117100,0.0,0.0
2005-05-24 00:00:00-04:00,2.8766535482664053,2.897635783961699,2.8241981591296006,2.8409838676452637,244900,0.0,0.0
2005-05-25 00:00:00-04:00,2.8367872076963234,2.8409835342821244,2.8137067111194973,2.826296091079712,142800,0.0,0.0
2005-05-26 00:00:00-04:00,2.8325933403475445,2.8514773279661165,2.8137093527289725,2.849379062652588,188900,0.0,0.0
2005-05-27 00:00:00-04:00,2.85777116726586,2.897637397262725,2.8514765730932385,2.86826229095459,94300,0.0,0.0
2005-05-31 00:00:00-04:00,2.8892464513141904,2.9354071059452984,2.880853386724891,2.9333088397979736,94400,0.0,0.0
2005-06-01 00:00:00-04:00,2.954290254116034,2.97527250937063,2.9291116678714877,2.937504529953003,107500,0.0,0.0
2005-06-02 00:00:00-04:00,2.9165207573651397,2.9333064727953255,2.8997350419349543,2.9123244285583496,97500,0.0,0.0
2005-06-03 00:00:00-04:00,2.9123268858074995,2.9249160829514027,2.887148291418013,2.9165232181549072,92100,0.0,0.0
2005-06-06 00:00:00-04:00,2.908127320547929,2.9375024167519785,2.889243544525474,2.9186184406280518,129200,0.0,0.0
2005-06-07 00:00:00-04:00,2.9375043876238514,2.9396026530679684,2.9018346754802904,2.9102275371551514,67000,0.0,0.0
2005-06-08 00:00:00-04:00,2.9144221910663006,2.9144221910663006,2.8871453581647155,2.8913416862487793,97600,0.0,0.0
2005-06-09 00:00:00-04:00,2.8892440688375878,2.893440397570263,2.8640652960355037,2.8787529468536377,70600,0.0,0.0
2005-06-10 00:00:00-04:00,2.8703608210485,2.901833994922525,2.8682625560964823,2.8808517456054688,62500,0.0,0.0
2005-06-13 00:00:00-04:00,2.8905568728627373,2.920095483098414,2.8800073548346155,2.892666816711426,71700,0.076,0.0
2005-06-14 00:00:00-04:00,2.894775205628998,2.9074344594905583,2.852577357398444,2.8589069843292236,110500,0.0,0.0
2005-06-15 00:00:00-04:00,2.8525780101807134,2.8652372669392103,2.820929465853954,2.837808609008789,174000,0.0,0.0
2005-06-16 00:00:00-04:00,2.837811371927888,2.854690531516427,2.8230421575917797,2.8441410064697266,126600,0.0,0.0
2005-06-17 00:00:00-04:00,2.854688890602416,2.854688890602416,2.833590053852368,2.8356997966766357,92400,0.0,0.0
2005-06-20 00:00:00-04:00,2.844142284006903,2.852582068807625,2.8251533718519117,2.827263116836548,128800,0.0,0.0
2005-06-21 00:00:00-04:00,2.837808585008672,2.837808585008672,2.8167097568511963,2.8167097568511963,132400,0.0,0.0
2005-06-22 00:00:00-04:00,2.8082723841449018,2.8272612839898374,2.8019425496478423,2.810382127761841,129800,0.0,0.0
2005-06-23 00:00:00-04:00,2.7998319159736202,2.8251506422668764,2.7998319159736202,2.8124911785125732,137800,0.0,0.0
2005-06-24 00:00:00-04:00,2.8230406981052676,2.8251506422668764,2.791392139327185,2.8124911785125732,157800,0.0,0.0
2005-06-27 00:00:00-04:00,2.8124911785125732,2.816711066835791,2.801941658919879,2.8124911785125732,140700,0.0,0.0
2005-06-28 00:00:00-04:00,2.814603842066554,2.8335929554370893,2.808274204681557,2.827263116836548,106700,0.0,0.0
2005-06-29 00:00:00-04:00,2.8356986418283476,2.837808585008672,2.8167097568511963,2.8167097568511963,125100,0.0,0.0
2005-06-30 00:00:00-04:00,2.8209322123393488,2.8504708422270193,2.818822267086918,2.8441410064697266,91000,0.0,0.0
2005-07-01 00:00:00-04:00,2.854686947144696,2.8757859707459645,2.8462473779472286,2.863126516342163,80700,0.0,0.0
2005-07-05 00:00:00-04:00,2.894775205628998,2.894775205628998,2.8399179023216714,2.8589069843292236,88900,0.0,0.0
2005-07-06 00:00:00-04:00,2.863128195173869,2.869458026694948,2.846249046881631,2.85257887840271,67400,0.0,0.0
2005-07-07 00:00:00-04:00,2.8546890378964176,2.8757880769504562,2.8504693508148193,2.8504693508148193,70400,0.0,0.0
2005-07-08 00:00:00-04:00,2.8589096300972194,2.8694591522216797,2.8378105858482985,2.8694591522216797,73200,0.0,0.0
2005-07-11 00:00:00-04:00,2.8652387366210963,2.8842278327142763,2.84202995318241,2.8483595848083496,113500,0.0,0.0
2005-07-12 00:00:00-04:00,2.8504693508148193,2.856798982044891,2.8293703117607807,2.8504693508148193,126800,0.0,0.0
2005-07-13 00:00:00-04:00,2.8517427892517886,2.8835703981449043,2.8390119075775146,2.8390119075775146,139700,0.076,0.0
2005-07-14 00:00:00-04:00,2.853863477706909,2.8602289158839764,2.8390107211758755,2.853863477706909,122100,0.0,0.0
2005-07-15 00:00:00-04:00,2.853865004279784,2.866596089797588,2.843255800073904,2.8602304458618164,77500,0.0,0.0
2005-07-18 00:00:00-04:00,2.853863477706909,2.872959994591742,2.847498039529842,2.853863477706909,97600,0.0,0.0
2005-07-19 00:00:00-04:00,2.862351982508599,2.883570388365381,2.85598654169305,2.88144850730896,114300,0.0,0.0
2005-07-20 00:00:00-04:00,2.8750822581206386,2.8963004556578893,2.872960377660816,2.88993501663208,86700,0.0,0.0
2005-07-21 00:00:00-04:00,2.902666912699491,2.906910472457937,2.8793266257900365,2.89630126953125,157900,0.0,0.0
2005-07-22 00:00:00-04:00,2.894179105758667,2.9069099852539986,2.8835699046101033,2.894179105758667,101800,0.0,0.0
2005-07-25 00:00:00-04:00,2.9047885914018567,2.9090323535140175,2.8878139476606433,2.89630126953125,108000,0.0,0.0
2005-07-26 00:00:00-04:00,2.9005456083033967,2.9090329318613755,2.8814490797095056,2.887814521789551,88900,0.0,0.0
2005-07-27 00:00:00-04:00,2.889935344357769,2.9005445455063326,2.88781346365732,2.894179105758667,70200,0.0,0.0
2005-07-28 00:00:00-04:00,2.8878139476606433,2.9090323535140175,2.8878139476606433,2.89630126953125,82500,0.0,0.0
2005-07-29 00:00:00-04:00,2.904788017272949,2.9153972181027368,2.894179018796837,2.904788017272949,100500,0.0,0.0
2005-08-01 00:00:00-04:00,2.923884538295832,2.923884538295832,2.898422577716547,2.904788017272949,114500,0.0,0.0
2005-08-02 00:00:00-04:00,2.8984200073561586,2.9132727539340277,2.8920545734447143,2.906907320022583,97500,0.0,0.0
2005-08-03 00:00:00-04:00,2.91327672065226,2.9196423655846635,2.8920585112722277,2.900545835494995,61200,0.0,0.0
2005-08-04 00:00:00-04:00,2.904788017272949,2.909031778546334,2.889935257523452,2.904788017272949,94700,0.0,0.0
2005-08-05 00:00:00-04:00,2.898423726825463,2.9005456083033967,2.872961756151527,2.887814521789551,86800,0.0,0.0
2005-08-08 00:00:00-04:00,2.9026669131657425,2.90691047292487,2.8750830664934113,2.88144850730896,89800,0.0,0.0
2005-08-09 00:00:00-04:00,2.8856909302954894,2.889934488085362,2.872959852218628,2.872959852218628,106900,0.0,0.0
2005-08-10 00:00:00-04:00,2.8750817322903752,2.8814471701519953,2.866594414357008,2.872959852218628,121300,0.0,0.0
2005-08-11 00:00:00-04:00,2.889178709723056,2.895580082695134,2.861439155516081,2.867840528488159,124400,0.076,0.0
2005-08-12 00:00:00-04:00,2.86784061382364,2.8763758458723774,2.857171726384706,2.8593053817749023,107800,0.0,0.0
2005-08-15 00:00:00-04:00,2.8571724891662598,2.8699752389093343,2.855038629710401,2.8571724891662598,81800,0.0,0.0
2005-08-16 00:00:00-04:00,2.8657069584334436,2.86784061382364,2.848636494335968,2.8593053817749023,180100,0.0,0.0
2005-08-17 00:00:00-04:00,2.863573099547263,2.878509704758558,2.8465026354497875,2.8593053817749023,145500,0.0,0.0
2005-08-18 00:00:00-04:00,2.8593030651349096,2.865704636606824,2.8486341863400226,2.8529016971588135,81600,0.0,0.0
2005-08-19 00:00:00-04:00,2.8614392406610825,2.86784061382364,2.8443687765636074,2.8593053817749023,80500,0.0,0.0
2005-08-22 00:00:00-04:00,2.8657077234936557,2.874242957821051,2.8571724891662598,2.8571724891662598,95600,0.0,0.0
2005-08-23 00:00:00-04:00,2.8614400177843735,2.874242971082558,2.8529047834175967,2.855038642883301,103900,0.0,0.0
2005-08-24 00:00:00-04:00,2.861438274383545,2.867839645384427,2.8465016742161824,2.861438274383545,154300,0.0,0.0
2005-08-25 00:00:00-04:00,2.865704636606824,2.8721060045829203,2.8529016971588135,2.8529016971588135,94100,0.0,0.0
2005-08-26 00:00:00-04:00,2.8635708583991324,2.8699722265517162,2.8443665504455566,2.8443665504455566,135200,0.0,0.0
2005-08-29 00:00:00-04:00,2.852902083566402,2.8550359410127246,2.837965488433838,2.837965488433838,81200,0.0,0.0
2005-08-30 00:00:00-04:00,2.837965488433838,2.857169798459047,2.8358316309875153,2.837965488433838,85500,0.0,0.0
2005-08-31 00:00:00-04:00,2.8379655895705196,2.8507683277130127,2.831564220499273,2.8507683277130127,126800,0.0,0.0
2005-09-01 00:00:00-04:00,2.8422339578849845,2.8635721325491437,2.8358325868841026,2.861438274383545,110400,0.0,0.0
2005-09-02 00:00:00-04:00,2.863572585283656,2.88064304631548,2.859304868277727,2.865706443786621,60600,0.0,0.0
2005-09-06 00:00:00-04:00,2.8657052074137597,2.88064180349841,2.842233180999756,2.842233180999756,160500,0.0,0.0
2005-09-07 00:00:00-04:00,2.8443670385820945,2.8486347537467713,2.8315643000797825,2.842233180999756,206800,0.0,0.0
2005-09-08 00:00:00-04:00,2.844366542046481,2.8913103831837326,2.844366542046481,2.8721060752868652,199700,0.0,0.0
2005-09-09 00:00:00-04:00,2.8657063845122472,2.8827768451909845,2.8529034372552227,2.86997389793396,146900,0.0,0.0
2005-09-12 00:00:00-04:00,2.865706443786621,2.87637532930955,2.8571712132707097,2.865706443786621,153000,0.0,0.0
2005-09-13 00:00:00-04:00,2.869785028448183,2.886956500796257,2.8633457774926794,2.8762242794036865,117700,0.079,0.0
2005-09-14 00:00:00-04:00,2.874075893122025,2.886954385597284,2.85905071230096,2.8676364421844482,139500,0.0,0.0
2005-09-15 00:00:00-04:00,2.8762221720679366,2.8762221720679366,2.8547579497091893,2.8676364421844482,118400,0.0,0.0
2005-09-16 00:00:00-04:00,2.8676364421844482,2.8762221720679366,2.8654901632385363,2.8676364421844482,96100,0.0,0.0
2005-09-19 00:00:00-04:00,2.874074972576008,2.876221250834482,2.859049796567401,2.861196279525757,100100,0.0,0.0
2005-09-20 00:00:00-04:00,2.8612000406307767,2.876225031690155,2.8526143022111103,2.8740787506103516,120600,0.0,0.0
2005-09-21 00:00:00-04:00,2.880514216751193,2.8826606997095485,2.8526105523922163,2.861196279525757,116400,0.0,0.0
2005-09-22 00:00:00-04:00,2.867638480431179,2.869784965602707,2.839734787301598,2.8440277576446533,134700,0.0,0.0
2005-09-23 00:00:00-04:00,2.852611255946376,2.852611255946376,2.7968039134643714,2.805389642715454,204400,0.0,0.0
2005-09-26 00:00:00-04:00,2.8182685760427355,2.824707822347798,2.792511386122537,2.809682846069336,138600,0.0,0.0
2005-09-27 00:00:00-04:00,2.805390962351315,2.8075374468487597,2.7367050960333117,2.777487277984619,337400,0.0,0.0
2005-09-28 00:00:00-04:00,2.7796342348948295,2.7989521892549583,2.777487750032579,2.78178071975708,149000,0.0,0.0
2005-09-29 00:00:00-04:00,2.7968074311974123,2.7968074311974123,2.7689037248600394,2.7731966972351074,146300,0.0,0.0
2005-09-30 00:00:00-04:00,2.7689002422233693,2.805389642715454,2.76246099646004,2.805389642715454,168900,0.0,0.0
2005-10-03 00:00:00-04:00,2.809682846069336,2.8204150597110726,2.7989506324275992,2.809682846069336,118700,0.0,0.0
2005-10-04 00:00:00-04:00,2.809682497153508,2.831146717071533,2.8032432516480927,2.831146717071533,88400,0.0,0.0
2005-10-05 00:00:00-04:00,2.8268539549678975,2.8354396838750926,2.816121742658923,2.831146717071533,63200,0.0,0.0
2005-10-06 00:00:00-04:00,2.81826909456055,2.824708342050334,2.792511899901427,2.8010976314544678,111100,0.0,0.0
2005-10-07 00:00:00-04:00,2.7925123320524445,2.8118302822113037,2.7903658476570117,2.8118302822113037,115000,0.0,0.0
2005-10-10 00:00:00-04:00,2.811831911080472,2.820417648935827,2.7989532019473717,2.816124677658081,74700,0.0,0.0
2005-10-11 00:00:00-04:00,2.8096826096909617,2.8204148224297985,2.792511151188796,2.805389642715454,87800,0.0,0.0
2005-10-12 00:00:00-04:00,2.818134864284644,2.818134864284644,2.764147607137218,2.779263973236084,145300,0.079,0.0
2005-10-13 00:00:00-04:00,2.772784641871215,2.78358213091426,2.7576682807779367,2.7598276138305664,97300,0.0,0.0
2005-10-14 00:00:00-04:00,2.7576656383290183,2.764144043169122,2.7252732022389474,2.7490274906158447,166100,0.0,0.0
2005-10-17 00:00:00-04:00,2.742549314099271,2.7468683883154306,2.7123166183653287,2.7274329662323,156500,0.0,0.0
2005-10-18 00:00:00-04:00,2.7317534488808257,2.7382320640337157,2.7101586828726068,2.7252750396728516,139100,0.0,0.0
2005-10-19 00:00:00-04:00,2.7101577371270187,2.729593163913606,2.6799248281317896,2.6950411796569824,177100,0.0,0.0
2005-10-20 00:00:00-04:00,2.6972011359588066,2.6993606739247165,2.6540114063649862,2.6712872982025146,189100,0.0,0.0
2005-10-21 00:00:00-04:00,2.662647912876287,2.7058376191220765,2.662647912876287,2.690721273422241,140300,0.0,0.0
2005-10-24 00:00:00-04:00,2.7058384998368754,2.7101575748396387,2.695041018274799,2.707998037338257,166600,0.0,0.0
2005-10-25 00:00:00-04:00,2.7101573561663,2.729592780220894,2.7058382815120288,2.7187952995300293,140700,0.0,0.0
2005-10-26 00:00:00-04:00,2.7187952995300293,2.725273705566622,2.6993598754754355,2.7187952995300293,152900,0.0,0.0
2005-10-27 00:00:00-04:00,2.718795779916797,2.7403905391693115,2.705838759609408,2.7403905391693115,159900,0.0,0.0
2005-10-28 00:00:00-04:00,2.736069883548685,2.7468673590986112,2.7231128716998296,2.7447078227996826,149100,0.0,0.0
2005-10-31 00:00:00-05:00,2.7403896439812345,2.7533466600560264,2.716635354779697,2.742549180984497,132400,0.0,0.0
2005-11-01 00:00:00-05:00,2.742550076878018,2.7641450420753837,2.7252741870980666,2.7403905391693115,152800,0.0,0.0
2005-11-02 00:00:00-05:00,2.7295924822254034,2.7511872353047724,2.714475928530574,2.7166354656219482,236500,0.0,0.0
2005-11-03 00:00:00-05:00,2.720956168849174,2.7382320640337157,2.7187966304648774,2.7252750396728516,152100,0.0,0.0
2005-11-04 00:00:00-05:00,2.7317518345036658,2.7382304458279054,2.7209545608528543,2.7274329662323,89600,0.0,0.0
2005-11-07 00:00:00-05:00,2.725273571343926,2.742549457220527,2.7209547028471777,2.7339115142822266,140100,0.0,0.0
2005-11-08 00:00:00-05:00,2.7382344647466406,2.7425533393568378,2.723117888748211,2.736074924468994,120200,0.0,0.0
2005-11-09 00:00:00-05:00,2.727433242893758,2.7382307235846226,2.7036789501297074,2.7187952995300293,175400,0.0,0.0
2005-11-10 00:00:00-05:00,2.7185788064946053,2.727271296227993,2.707713142516545,2.7229249477386475,144100,0.079,0.0
2005-11-11 00:00:00-05:00,2.707713138243498,2.7294444661653245,2.685981810321672,2.709886312484741,135900,0.0,0.0
2005-11-14 00:00:00-05:00,2.6968495621019555,2.705542058551093,2.6772913932800293,2.6772913932800293,143900,0.0,0.0
2005-11-15 00:00:00-05:00,2.672941477585212,2.6990189301415106,2.6707683047275617,2.683807134628296,268900,0.0,0.0
2005-11-16 00:00:00-05:00,2.692499802601396,2.692499802601396,2.6620760022530945,2.668595314025879,256200,0.0,0.0
2005-11-17 00:00:00-05:00,2.6599030737545055,2.679461218115895,2.644691275804626,2.6642494201660156,245200,0.0,0.0
2005-11-18 00:00:00-05:00,2.6729412148257845,2.688153008843627,2.6577292135627917,2.6794605255126953,263600,0.0,0.0
2005-11-21 00:00:00-05:00,2.7120592303212643,2.7120592303212643,2.670769956712576,2.688154935836792,278500,0.0,0.0
2005-11-22 00:00:00-05:00,2.6859809874763805,2.688154161051876,2.6533842128249048,2.6599035263061523,210800,0.0,0.0
2005-11-23 00:00:00-05:00,2.6599045036796514,2.681635832929236,2.6599045036796514,2.6707701683044434,198500,0.0,0.0
2005-11-25 00:00:00-05:00,2.679460971810643,2.6838073178226223,2.664249175259084,2.668595314025879,50300,0.0,0.0
2005-11-28 00:00:00-05:00,2.6685988968308916,2.6881570656528173,2.6599064003817534,2.6772913932800293,475000,0.0,0.0
2005-11-29 00:00:00-05:00,2.6772892720728323,2.6903281100386436,2.668596782510724,2.688154935836792,290700,0.0,0.0
2005-11-30 00:00:00-05:00,2.68163774512733,2.694676386178305,2.6729452486781917,2.6772913932800293,251900,0.0,0.0
2005-12-01 00:00:00-05:00,2.6859798361996066,2.6990186648185786,2.677287352868675,2.6794605255126953,354000,0.0,0.0
2005-12-02 00:00:00-05:00,2.6881549335645847,2.6925012819646144,2.670769954455064,2.681635618209839,202100,0.0,0.0
2005-12-05 00:00:00-05:00,2.6881544624144746,2.7055394384769484,2.6838083220214872,2.694673776626587,392500,0.0,0.0
2005-12-06 00:00:00-05:00,2.694673561613583,2.707712396242677,2.6903274215673822,2.6990199089050293,293800,0.0,0.0
2005-12-07 00:00:00-05:00,2.7055392225969537,2.7098855698884,2.694673561613583,2.6990199089050293,242000,0.0,0.0
2005-12-08 00:00:00-05:00,2.707712442856838,2.731616731635577,2.699019955369547,2.725097417831421,417400,0.0,0.0
2005-12-09 00:00:00-05:00,2.72727182903985,2.7490029539961562,2.716406162939025,2.7468299865722656,275700,0.0,0.0
2005-12-12 00:00:00-05:00,2.7424824045364447,2.749001718368486,2.7164049419630296,2.7272706031799316,238400,0.0,0.0
2005-12-13 00:00:00-05:00,2.7342706736676305,2.7342706736676305,2.686147451400757,2.686147451400757,226000,0.082,0.0
2005-12-14 00:00:00-05:00,2.6861471559324515,2.716771059207977,2.6839598981764152,2.708021402359009,196100,0.0,0.0
2005-12-15 00:00:00-05:00,2.703646354474342,2.703646354474342,2.679584851316597,2.694896697998047,243600,0.0,0.0
2005-12-16 00:00:00-05:00,2.6948964839453327,2.712395795507971,2.6839595706748702,2.6970839500427246,299300,0.0,0.0
2005-12-19 00:00:00-05:00,2.6948978966820265,2.7145846846623916,2.683960977678142,2.6927106380462646,265400,0.0,0.0
2005-12-20 00:00:00-05:00,2.6817742606416344,2.705835781232924,2.673024597825855,2.6992735862731934,346800,0.0,0.0
2005-12-21 00:00:00-05:00,2.6927106148082505,2.721146854302976,2.675211085614668,2.690523147583008,346500,0.0,0.0
2005-12-22 00:00:00-05:00,2.683959783858877,2.697084164269187,2.679584851316597,2.694896697998047,184900,0.0,0.0
2005-12-23 00:00:00-05:00,2.694898428268498,2.7123977524566,2.694898428268498,2.703648090362549,155500,0.0,0.0
2005-12-27 00:00:00-05:00,2.7145831053713914,2.762706313703109,2.7080209160651414,2.736457347869873,376800,0.0,0.0
2005-12-28 00:00:00-05:00,2.7452083742424285,2.74958309976214,2.7277090549468994,2.7277090549468994,217100,0.0,0.0
2005-12-29 00:00:00-05:00,2.7277074303127664,2.7539563936220657,2.7167703101151712,2.734269618988037,441600,0.0,0.0
2005-12-30 00:00:00-05:00,2.7517686139713904,2.7758301087748736,2.7277071191679068,2.7539560794830322,336300,0.0,0.0
2006-01-03 00:00:00-05:00,2.767082197016201,2.767082197016201,2.7473956208447143,2.762707471847534,95600,0.0,0.0
2006-01-04 00:00:00-05:00,2.767082648549515,2.793331838278162,2.7561457295389964,2.791144371032715,135500,0.0,0.0
2006-01-05 00:00:00-05:00,2.799893164687796,2.806455355784425,2.786768573886243,2.8020806312561035,98600,0.0,0.0
2006-01-06 00:00:00-05:00,2.8042688601126997,2.8086437947640093,2.780207345355595,2.8064563274383545,154700,0.0,0.0
2006-01-09 00:00:00-05:00,2.7998953820778327,2.823956907559973,2.7998953820778327,2.8152072429656982,143200,0.0,0.0
2006-01-10 00:00:00-05:00,2.8064544316584876,2.843640516641691,2.7998922427226947,2.8392655849456787,244100,0.0,0.0
2006-01-11 00:00:00-05:00,2.8419076308613973,2.855115659705624,2.817693156237227,2.8463103771209717,153000,0.082,0.0
2006-01-12 00:00:00-05:00,2.8441090039911843,2.859518196030702,2.8419076308613973,2.8463103771209717,116100,0.0,0.0
2006-01-13 00:00:00-05:00,2.8463111922724833,2.8507137298583984,2.828700622059709,2.8507137298583984,110500,0.0,0.0
2006-01-17 00:00:00-05:00,2.83970625773161,2.8507129134460496,2.8309009751469576,2.8463103771209717,101800,0.0,0.0
2006-01-18 00:00:00-05:00,2.828702085277642,2.844111289700982,2.81549404581859,2.8242993354797363,131400,0.0,0.0
2006-01-19 00:00:00-05:00,2.82649964521774,2.839707469764784,2.8242982711483706,2.8287010192871094,83500,0.0,0.0
2006-01-20 00:00:00-05:00,2.8309021219862185,2.8331034960078143,2.811090385595603,2.813291549682617,68700,0.0,0.0
2006-01-23 00:00:00-05:00,2.8176919060884362,2.8286985569194636,2.811087999563581,2.822094440460205,114900,0.0,0.0
2006-01-24 00:00:00-05:00,2.828699262002604,2.850712359217252,2.8264978893008026,2.8397057056427,116900,0.0,0.0
2006-01-25 00:00:00-05:00,2.8375051410513863,2.852914333343506,2.8309010215537636,2.852914333343506,120900,0.0,0.0
2006-01-26 00:00:00-05:00,2.848512356098163,2.8551164773788704,2.837505907166096,2.8507137298583984,85000,0.0,0.0
2006-01-27 00:00:00-05:00,2.855113186917248,2.8573143482061325,2.817690715860124,2.8308985233306885,153400,0.0,0.0
2006-01-30 00:00:00-05:00,2.8264992482994735,2.8507137298583984,2.8242978745392375,2.8507137298583984,95700,0.0,0.0
2006-01-31 00:00:00-05:00,2.8441090039911843,2.855115659705624,2.8419076308613973,2.8463103771209717,88300,0.0,0.0
2006-02-01 00:00:00-05:00,2.85511570650938,2.8595182429066286,2.841907677448635,2.852914333343506,137500,0.0,0.0
2006-02-02 00:00:00-05:00,2.8463098237481046,2.852913731919054,2.8375045428753545,2.8397057056427,88100,0.0,0.0
2006-02-03 00:00:00-05:00,2.8441098185122473,2.8595190149647856,2.8397070709917758,2.8507137298583984,112500,0.0,0.0
2006-02-06 00:00:00-05:00,2.8463110728297036,2.866123015971324,2.8463110728297036,2.863921642303467,80600,0.0,0.0
2006-02-07 00:00:00-05:00,2.8683241797046337,2.872726927040348,2.852914983898728,2.863921642303467,102400,0.0,0.0
2006-02-08 00:00:00-05:00,2.857317145988992,2.8727265497054084,2.8551159825448074,2.868323802947998,96300,0.0,0.0
2006-02-09 00:00:00-05:00,2.872726271967374,2.872726271967374,2.844109050614509,2.852914333343506,156500,0.0,0.0
2006-02-10 00:00:00-05:00,2.857316515797258,2.8705245432218898,2.848511234158995,2.866122007369995,85400,0.0,0.0
2006-02-13 00:00:00-05:00,2.862133741378784,2.8732101525345555,2.859918416894636,2.862133741378784,91000,0.082,0.0
2006-02-14 00:00:00-05:00,2.859920024871826,2.873211767984969,2.859920024871826,2.859920024871826,95600,0.0,0.0
2006-02-15 00:00:00-05:00,2.8665670162608166,2.87542811170269,2.8466297099654865,2.851060152053833,181100,0.0,0.0
2006-02-16 00:00:00-05:00,2.8577056812130963,2.877643197101935,2.851059913005204,2.870997428894043,94300,0.0,0.0
2006-02-17 00:00:00-05:00,2.8643498869519566,2.886502504348755,2.8643498869519566,2.886502504348755,85000,0.0,0.0
2006-02-21 00:00:00-05:00,2.879857097934751,2.8953639531649658,2.879857097934751,2.8909335136413574,144500,0.0,0.0
2006-02-22 00:00:00-05:00,2.888717534037378,2.9042243857557466,2.882071770624507,2.893148183822632,175900,0.0,0.0
2006-02-23 00:00:00-05:00,2.893148385864954,2.8975788246945964,2.879856646845977,2.8820719718933105,159300,0.0,0.0
2006-02-24 00:00:00-05:00,2.88872088550947,2.890936212972303,2.8488458362394953,2.853276491165161,231900,0.0,0.0
2006-02-27 00:00:00-05:00,2.859919932467555,2.864350583783811,2.8466284010489527,2.855489492416382,361200,0.0,0.0
2006-02-28 00:00:00-05:00,2.8554909539197015,2.8599213962384726,2.8421992044330056,2.8466298580169678,345400,0.0,0.0
2006-03-01 00:00:00-05:00,2.8532752394962224,2.875427870610917,2.844414144797312,2.870997428894043,151000,0.0,0.0
2006-03-02 00:00:00-05:00,2.875426362355266,2.8997945184442417,2.8709959229623028,2.8975791931152344,163200,0.0,0.0
2006-03-03 00:00:00-05:00,2.895362023368033,2.8997926712036133,2.8887162628795786,2.8997926712036133,103200,0.0,0.0
2006-03-06 00:00:00-05:00,2.9020088276639067,2.9175156770072856,2.890932416162217,2.8953628540039062,162100,0.0,0.0
2006-03-07 00:00:00-05:00,2.879858523592953,2.8820738500839713,2.8621363341951325,2.870997428894043,150300,0.0,0.0
2006-03-08 00:00:00-05:00,2.879856004660527,2.89757817855724,2.8599185062104806,2.8953628540039062,127800,0.0,0.0
2006-03-09 00:00:00-05:00,2.8842894732632454,2.904226779937744,2.8842894732632454,2.904226779937744,135000,0.0,0.0
2006-03-10 00:00:00-05:00,2.906439199744053,2.9219460487365723,2.897578112996189,2.9219460487365723,124000,0.0,0.0
2006-03-13 00:00:00-05:00,2.9252896627073204,2.9431267779417714,2.9141414125269924,2.9186007976531982,166500,0.085,0.0
2006-03-14 00:00:00-05:00,2.9275194214712377,2.9297491140847614,2.896304362787481,2.9029934406280518,187000,0.0,0.0
2006-03-15 00:00:00-05:00,2.900763748014528,2.911911998446955,2.896304362787481,2.9029934406280518,202800,0.0,0.0
2006-03-16 00:00:00-05:00,2.909682958213772,2.91414213180542,2.8985347052817945,2.91414213180542,141000,0.0,0.0
2006-03-17 00:00:00-05:00,2.9186019868262685,2.92975024154891,2.9074537321036273,2.9208316802978516,90700,0.0,0.0
2006-03-20 00:00:00-05:00,2.9141451858700815,2.9297528413859855,2.9096860076051527,2.9230637550354004,92200,0.0,0.0
2006-03-21 00:00:00-05:00,2.911913119046793,2.9230611611341613,2.90968342557521,2.9208316802978516,132400,0.0,0.0
2006-03-22 00:00:00-05:00,2.9141430016409684,2.9386692079391357,2.9141430016409684,2.9364395141601562,75700,0.0,0.0
2006-03-23 00:00:00-05:00,2.9364397559895825,2.9431286252420774,2.9297508867370876,2.9342100620269775,93400,0.0,0.0
2006-03-24 00:00:00-05:00,2.9431314837743345,2.952050055651645,2.9297537322761316,2.9386723041534424,113800,0.0,0.0
2006-03-27 00:00:00-05:00,2.9431288679910104,2.9453585621375202,2.9252917400896066,2.931980609893799,105900,0.0,0.0
2006-03-28 00:00:00-05:00,2.9364426080252333,2.9409017876461254,2.9319832157688146,2.9386723041534424,81400,0.0,0.0
2006-03-29 00:00:00-05:00,2.9386696923333284,2.9386696923333284,2.923062045943097,2.931980609893799,104500,0.0,0.0
2006-03-30 00:00:00-05:00,2.9252934406961826,2.931982314388922,2.923063745253449,2.927523136138916,76400,0.0,0.0
2006-03-31 00:00:00-05:00,2.9319809643047483,2.9319809643047483,2.90076609302178,2.909684658050537,123500,0.0,0.0
2006-04-03 00:00:00-04:00,2.9186007976531982,2.920830490216301,2.9029933749818504,2.9186007976531982,98600,0.0,0.0
2006-04-04 00:00:00-04:00,2.9208342673296968,2.9275231410336198,2.914145180990312,2.925293445587158,83600,0.0,0.0
2006-04-05 00:00:00-04:00,2.9297511283826263,2.931980609893799,2.9186028702854148,2.931980609893799,78500,0.0,0.0
2006-04-06 00:00:00-04:00,2.925290988680644,2.9408984184265137,2.9186021205945973,2.9408984184265137,112800,0.0,0.0
2006-04-07 00:00:00-04:00,2.9409008884414662,2.9409008884414662,2.925293445587158,2.925293445587158,91100,0.0,0.0
2006-04-10 00:00:00-04:00,2.9319823192910817,2.9364417101840044,2.918604571883235,2.925293445587158,53900,0.0,0.0
2006-04-11 00:00:00-04:00,2.9174373149871826,2.9309025044567707,2.9107048272633516,2.9174373149871826,93100,0.085,0.0
2006-04-12 00:00:00-04:00,2.912947876089762,2.9331455465500405,2.910703856944507,2.930901527404785,102300,0.0,0.0
2006-04-13 00:00:00-04:00,2.921925566785132,2.9331463074879367,2.894995189837053,2.9062161445617676,95000,0.0,0.0
2006-04-17 00:00:00-04:00,2.8994843962169794,2.915193608421643,2.8949959275745245,2.897240161895752,147500,0.0,0.0
2006-04-18 00:00:00-04:00,2.894996696854517,2.9062176574204073,2.8725549897447586,2.8815317153930664,153000,0.0,0.0
2006-04-19 00:00:00-04:00,2.8837747092585646,2.8972396849252715,2.8725537535216894,2.8949954509735107,114300,0.0,0.0
2006-04-20 00:00:00-04:00,2.8882637290983797,2.901728922357942,2.874798749860804,2.877042770385742,128700,0.0,0.0
2006-04-21 00:00:00-04:00,2.8747994615088537,2.8972411704675207,2.8747994615088537,2.8837761878967285,115200,0.0,0.0
2006-04-24 00:00:00-04:00,2.88153195279425,2.8882644440796463,2.8792877176917715,2.8837761878967285,53700,0.0,0.0
2006-04-25 00:00:00-04:00,2.8815326384652167,2.8949976242400504,2.8815326384652167,2.8905093669891357,78800,0.0,0.0
2006-04-26 00:00:00-04:00,2.892753155862471,2.892753155862471,2.877043722855244,2.8792879581451416,85100,0.0,0.0
2006-04-27 00:00:00-04:00,2.8837763995545562,2.9017298536480185,2.8747996725078253,2.8882646560668945,112800,0.0,0.0
2006-04-28 00:00:00-04:00,2.89948365800463,2.9174370999595514,2.894995190504945,2.9107046127319336,113300,0.0,0.0
2006-05-01 00:00:00-04:00,2.9264133198914446,2.928657553257041,2.9151923670853352,2.9196808338165283,130000,0.0,0.0
2006-05-02 00:00:00-04:00,2.924169346097628,2.92641357966244,2.9039716720581055,2.9039716720581055,76800,0.0,0.0
2006-05-03 00:00:00-04:00,2.910702690074801,2.924167655635789,2.9017259750268862,2.9219236373901367,105400,0.0,0.0
2006-05-04 00:00:00-04:00,2.9174358447876405,2.933145046234131,2.9084591276722436,2.933145046234131,101600,0.0,0.0
2006-05-05 00:00:00-04:00,2.9196815250519377,2.930902480514611,2.9151930572580986,2.9241697788238525,100500,0.0,0.0
2006-05-08 00:00:00-04:00,2.919681548902435,2.9264140366262663,2.912948847156678,2.9174373149871826,104000,0.0,0.0
2006-05-09 00:00:00-04:00,2.915191930212014,2.915191930212014,2.8927502419848015,2.8994827270507812,125400,0.0,0.0
2006-05-10 00:00:00-04:00,2.8972408489133454,2.908461809158325,2.890508358375164,2.908461809158325,111600,0.0,0.0
2006-05-11 00:00:00-04:00,2.905073020390519,2.916368059970307,2.89829608281663,2.90055513381958,133000,0.085,0.0
2006-05-12 00:00:00-04:00,2.900554167317158,2.9163670881988133,2.896036066816748,2.9141080379486084,96700,0.0,0.0
2006-05-15 00:00:00-04:00,2.9141097252469685,2.9186278283634044,2.8870017528533936,2.8870017528533936,65300,0.0,0.0
2006-05-16 00:00:00-04:00,2.8982931357690687,2.9050700664520264,2.889257156380211,2.9050700664520264,68100,0.0,0.0
2006-05-17 00:00:00-04:00,2.8915182417613043,2.902813277811855,2.882482256007843,2.8847413063049316,81100,0.0,0.0
2006-05-18 00:00:00-04:00,2.882483832190995,2.9028148651123047,2.882483832190995,2.9028148651123047,70600,0.0,0.0
2006-05-19 00:00:00-04:00,2.896034816053796,2.9186248779296875,2.893775982214044,2.9186248779296875,74900,0.0,0.0
2006-05-22 00:00:00-04:00,2.9141083337934153,2.923144320276693,2.9118494987487793,2.9118494987487793,66300,0.0,0.0
2006-05-23 00:00:00-04:00,2.916365094546784,2.9186241432526843,2.9028112331808686,2.9050700664520264,101100,0.0,0.0
2006-05-24 00:00:00-04:00,2.90958889626629,2.9186248779296875,2.9028119638774412,2.9186248779296875,108700,0.0,0.0
2006-05-25 00:00:00-04:00,2.918626138449018,2.918626138449018,2.900554167317158,2.9141080379486084,96500,0.0,0.0
2006-05-26 00:00:00-04:00,2.9186255027593155,2.9299205361153415,2.9118485689196367,2.9231433868408203,83500,0.0,0.0
2006-05-30 00:00:00-04:00,2.925401810318536,2.9276608595930846,2.9141067793805906,2.9186248779296875,95300,0.0,0.0
2006-05-31 00:00:00-04:00,2.925403049744208,2.9299211502075195,2.911849179224048,2.9299211502075195,121200,0.0,0.0
2006-06-01 00:00:00-04:00,2.9321799850042876,2.938957135699255,2.9299211502075195,2.9299211502075195,175900,0.0,0.0
2006-06-02 00:00:00-04:00,2.938955777391418,2.9547686908349218,2.936696728203835,2.952509641647339,85600,0.0,0.0
2006-06-05 00:00:00-04:00,2.9660650793600505,2.9660650793600505,2.938957123001959,2.9434750080108643,86400,0.0,0.0
2006-06-06 00:00:00-04:00,2.943472882357277,2.959286007056081,2.943472882357277,2.957026958465576,81000,0.0,0.0
2006-06-07 00:00:00-04:00,2.9592867892100876,2.963804672150465,2.950250807894544,2.952509641647339,109900,0.0,0.0
2006-06-08 00:00:00-04:00,2.959287711141369,2.963805595489241,2.9502517270107713,2.9547696113586426,124800,0.0,0.0
2006-06-09 00:00:00-04:00,2.959286007056081,2.96380388880236,2.957026958465576,2.957026958465576,83100,0.0,0.0
2006-06-12 00:00:00-04:00,2.9683257211176515,2.9683257211176515,2.9592897308201014,2.9615485668182373,145800,0.0,0.0
2006-06-13 00:00:00-04:00,2.966097683607061,2.977470800965377,2.9615485668182373,2.9615485668182373,112000,0.09,0.0
2006-06-14 00:00:00-04:00,2.966098793446535,2.968373461154156,2.957000339540304,2.959275007247925,183200,0.0,0.0
2006-06-15 00:00:00-04:00,2.9660972016466576,2.9729209841831836,2.9615480855970184,2.968371868133545,91900,0.0,0.0
2006-06-16 00:00:00-04:00,2.9706452553921694,2.9774690349902193,2.9592721447793915,2.9660959243774414,241900,0.0,0.0
2006-06-19 00:00:00-04:00,2.9751964399204005,2.984294891357422,2.9660979884833796,2.984294891357422,132800,0.0,0.0
2006-06-20 00:00:00-04:00,2.9911171559970815,2.993391821931688,2.9820187091827393,2.9820187091827393,208700,0.0,0.0
2006-06-21 00:00:00-04:00,2.9865689325290306,2.9888435991426143,2.975195816385259,2.9797451496124268,138000,0.0,0.0
2006-06-22 00:00:00-04:00,2.986569558447725,2.988844225538029,2.972921772830097,2.984294891357422,179200,0.0,0.0
2006-06-23 00:00:00-04:00,2.984292441633282,2.995665550824732,2.977468662888018,2.9888417720794678,111800,0.0,0.0
2006-06-26 00:00:00-04:00,2.9933927154456343,2.9933927154456343,2.977470482998843,2.9797451496124268,86300,0.0,0.0
2006-06-27 00:00:00-04:00,2.9751938908341655,2.9865669996172395,2.959271668692266,2.972919225692749,112600,0.0,0.0
2006-06-28 00:00:00-04:00,2.977470482998843,2.9865689325290306,2.9683720334686554,2.9797451496124268,88400,0.0,0.0
2006-06-29 00:00:00-04:00,2.9751964399204005,2.988844225538029,2.9751964399204005,2.984294891357422,68700,0.0,0.0
2006-06-30 00:00:00-04:00,2.979743873337025,2.9865676533308867,2.9706454277038574,2.9706454277038574,122900,0.0,0.0
2006-07-03 00:00:00-04:00,2.982020224267118,2.986569558447725,2.9774711070107043,2.984294891357422,57700,0.0,0.0
2006-07-05 00:00:00-04:00,2.9888430351095794,2.9911174843697976,2.9774699211120605,2.9774699211120605,80500,0.0,0.0
2006-07-06 00:00:00-04:00,2.9842933751173457,2.9865680410519517,2.972920262368397,2.9820187091827393,100200,0.0,0.0
2006-07-07 00:00:00-04:00,2.984292987691581,2.9865676533308867,2.968370762064552,2.9706454277038574,106500,0.0,0.0
2006-07-10 00:00:00-04:00,2.9729211497716754,2.982019599301863,2.970646700082239,2.9797451496124268,62300,0.0,0.0
2006-07-11 00:00:00-04:00,2.988844225538029,2.991118675704139,2.9797457741010076,2.984294891357422,103400,0.0,0.0
2006-07-12 00:00:00-04:00,2.998035778951126,3.000326156616211,2.988874486713223,3.000326156616211,102600,0.09,0.0
2006-07-13 00:00:00-04:00,3.004905683054088,3.009486436843872,3.0003251476866666,3.009486436843872,115000,0.0,0.0
2006-07-14 00:00:00-04:00,3.011777678662394,3.011777678662394,2.9980358491947876,3.007197141647339,92900,0.0,0.0
2006-07-17 00:00:00-04:00,3.0071968643777387,3.011777400970459,2.995745195262306,3.011777400970459,87300,0.0,0.0
2006-07-18 00:00:00-04:00,3.00948687538783,3.0163577886513764,3.000325584895637,3.0140674114227295,141600,0.0,0.0
2006-07-19 00:00:00-04:00,3.0117768500861115,3.0255188941955566,3.0117768500861115,3.0255188941955566,122800,0.0,0.0
2006-07-20 00:00:00-04:00,3.0278100333299207,3.0278100333299207,2.995745401286041,3.000326156616211,154100,0.0,0.0
2006-07-21 00:00:00-04:00,3.0003240627915737,3.0003240627915737,2.984291648746895,2.9911627769470215,79000,0.0,0.0
2006-07-24 00:00:00-04:00,2.986584109048138,3.0049066935239446,2.9842937313830533,3.000326156616211,102000,0.0,0.0
2006-07-25 00:00:00-04:00,3.002614974975586,3.0094861049023875,2.995744063471123,3.002614974975586,150800,0.0,0.0
2006-07-26 00:00:00-04:00,3.009487519366087,3.011777678662394,2.9957454714760394,3.007197141647339,122200,0.0,0.0
2006-07-27 00:00:00-04:00,3.00719605994898,3.0163573491061855,2.9980347707917745,3.009486436843872,99200,0.0,0.0
2006-07-28 00:00:00-04:00,3.0049061209305363,3.0163577886513764,2.9957448304383427,3.0140674114227295,131200,0.0,0.0
2006-07-31 00:00:00-04:00,3.01406777847803,3.018648533493171,3.0071968643777387,3.011777400970459,120800,0.0,0.0
2006-08-01 00:00:00-04:00,3.01406777847803,3.018648533493171,3.011777400970459,3.011777400970459,105900,0.0,0.0
2006-08-02 00:00:00-04:00,3.018645855214847,3.0209360122680664,3.0117747287885073,3.0209360122680664,182800,0.0,0.0
2006-08-03 00:00:00-04:00,3.0209377185722923,3.0232280953414032,3.01406680668731,3.016357183456421,101300,0.0,0.0
2006-08-04 00:00:00-04:00,3.0163573491061855,3.023228261368499,3.00719605994898,3.009486436843872,143800,0.0,0.0
2006-08-07 00:00:00-04:00,3.0140675252953955,3.016357902610574,2.9957449436187744,2.9957449436187744,175200,0.0,0.0
2006-08-08 00:00:00-04:00,2.9980358491947876,3.009487519366087,2.9957454714760394,3.007197141647339,77400,0.0,0.0
2006-08-09 00:00:00-04:00,3.0117755062805505,3.0117755062805505,2.9911627769470215,2.9911627769470215,102200,0.0,0.0
2006-08-10 00:00:00-04:00,2.9911635286089275,3.0071957282601205,2.98887315196666,3.002614974975586,125800,0.0,0.0
2006-08-11 00:00:00-04:00,3.0187580054820438,3.0187580054820438,3.0049209737831264,3.0072271823883057,83400,0.09,0.0
2006-08-14 00:00:00-04:00,3.011838912963867,3.016451109190586,3.0003080924989094,3.011838912963867,107600,0.0,0.0
2006-08-15 00:00:00-04:00,3.0164537028338225,3.0164537028338225,3.0026168823242188,3.0026168823242188,116900,0.0,0.0
2006-08-16 00:00:00-04:00,3.011841284129057,3.0141472740918247,3.002616664481145,3.009535074234009,113700,0.0,0.0
2006-08-17 00:00:00-04:00,3.014147453974133,3.0164536640068143,2.9864735933788396,2.9956982135772705,181900,0.0,0.0
2006-08-18 00:00:00-04:00,2.986472345186197,2.99569696152921,2.9749415197743794,2.9795539379119873,132600,0.0,0.0
2006-08-21 00:00:00-04:00,2.9726364559006404,2.9864732747559084,2.9703302461140058,2.974942445755005,126600,0.0,0.0
2006-08-22 00:00:00-04:00,2.9749403808528756,2.9956958146617287,2.968021976227297,2.99338960647583,186200,0.0,0.0
2006-08-23 00:00:00-04:00,2.995697237486103,2.9980034467673495,2.9795542123818204,2.988778829574585,114200,0.0,0.0
2006-08-24 00:00:00-04:00,2.9887798034115205,3.0003106336426333,2.9864735933788396,2.9956982135772705,100600,0.0,0.0
2006-08-25 00:00:00-04:00,2.998004462199486,3.004922872454288,2.993392042074754,3.0026168823242188,92800,0.0,0.0
2006-08-28 00:00:00-04:00,2.9980025922138145,3.014145612716675,2.9980025922138145,3.014145612716675,140300,0.0,0.0
2006-08-29 00:00:00-04:00,3.0164523124694824,3.0210647304682268,3.0095339054035612,3.0164523124694824,112000,0.0,0.0
2006-08-30 00:00:00-04:00,3.0164530544232626,3.0233714631908972,3.014146844856634,3.0210654735565186,97600,0.0,0.0
2006-08-31 00:00:00-04:00,3.027983137534148,3.0372077535994415,3.0164523124694824,3.0164523124694824,150900,0.0,0.0
2006-09-01 00:00:00-04:00,3.0256772315027822,3.037208057722056,3.0233710222724843,3.030289649963379,154000,0.0,0.0
2006-09-05 00:00:00-04:00,3.0349033196709514,3.053352562592232,3.0349033196709514,3.044127941131592,131800,0.0,0.0
2006-09-06 00:00:00-04:00,3.0487405943014902,3.0533527954173394,3.039515972137451,3.039515972137451,149600,0.0,0.0
2006-09-07 00:00:00-04:00,3.037208057722056,3.0441264654807334,3.030289649963379,3.030289649963379,164600,0.0,0.0
2006-09-08 00:00:00-04:00,3.03259594854374,3.048739194869995,3.0302899590104806,3.048739194869995,110000,0.0,0.0
2006-09-11 00:00:00-04:00,3.0487392434506666,3.062576060599668,3.0464330339484187,3.060270071029663,127600,0.0,0.0
2006-09-12 00:00:00-04:00,3.062574122045006,3.069492746172384,3.053349509807272,3.0556557178497314,139300,0.0,0.0
2006-09-13 00:00:00-04:00,3.066109049954421,3.066109049954421,3.0544949560508736,3.059140682220459,150800,0.095,0.0
2006-09-14 00:00:00-04:00,3.0637879062345177,3.066110770622877,3.0521740273338027,3.061465263366699,122200,0.0,0.0
2006-09-15 00:00:00-04:00,3.061463545305252,3.061463545305252,3.0521723144864974,3.059140682220459,120000,0.0,0.0
2006-09-18 00:00:00-04:00,3.0614653420049884,3.075402085652049,3.0614653420049884,3.066110849380493,116000,0.0,0.0
2006-09-19 00:00:00-04:00,3.0754005098780532,3.0777233731358895,3.0661092783671395,3.0707550048828125,177500,0.0,0.0
2006-09-20 00:00:00-04:00,3.0846922522096065,3.0846922522096065,3.0568185530610203,3.073078155517578,216400,0.0,0.0
2006-09-21 00:00:00-04:00,3.07307702101654,3.0823684721563733,3.0568174245626074,3.0637857913970947,184900,0.0,0.0
2006-09-22 00:00:00-04:00,3.068432141624976,3.0707550048828125,3.0591409101140625,3.0707550048828125,102200,0.0,0.0
2006-09-25 00:00:00-04:00,3.080047845840454,3.082370710312079,3.0707566094745022,3.080047845840454,187200,0.0,0.0
2006-09-26 00:00:00-04:00,3.082370853565401,3.0846934966244226,3.0707567521880583,3.07540225982666,235100,0.0,0.0
2006-09-27 00:00:00-04:00,3.0870147350160893,3.089337598372024,3.0637865444976273,3.077723503112793,207600,0.0,0.0
2006-09-28 00:00:00-04:00,3.080046236393726,3.084691741388967,3.0661092783671395,3.0707550048828125,160900,0.0,0.0
2006-09-29 00:00:00-04:00,3.075402085652049,3.0800478145481,3.0614653420049884,3.066110849380493,198500,0.0,0.0
2006-10-02 00:00:00-04:00,3.0800479889858208,3.087016361204003,3.0707567521880583,3.07540225982666,148300,0.0,0.0
2006-10-03 00:00:00-04:00,3.080045987637774,3.0846914922578264,3.0730773984270736,3.082368850708008,178700,0.0,0.0
2006-10-04 00:00:00-04:00,3.082369229824662,3.0846918716601546,3.070755134565431,3.077723503112793,174000,0.0,0.0
2006-10-05 00:00:00-04:00,3.0754005098780532,3.084691741388967,3.068432141624976,3.0707550048828125,152200,0.0,0.0
2006-10-06 00:00:00-04:00,3.077723503112793,3.0800463664687276,3.0661094078535616,3.077723503112793,172400,0.0,0.0
2006-10-09 00:00:00-04:00,3.0823696100875764,3.0823696100875764,3.0684326497530487,3.073078155517578,177800,0.0,0.0
2006-10-10 00:00:00-04:00,3.075401019160078,3.0777238828025775,3.0614642803460197,3.073078155517578,200100,0.0,0.0
2006-10-11 00:00:00-04:00,3.0859459487190932,3.0859459487190932,3.0578706513370864,3.0742480754852295,195300,0.095,0.0
2006-10-12 00:00:00-04:00,3.0812673499700147,3.083607014249994,3.0578711534155554,3.064890146255493,206600,0.0,0.0
2006-10-13 00:00:00-04:00,3.064890146255493,3.0672295874128057,3.0578711534155554,3.064890146255493,106100,0.0,0.0
2006-10-16 00:00:00-04:00,3.0648896430245607,3.0742480754852295,3.062549979128736,3.0742480754852295,119400,0.0,0.0
2006-10-17 00:00:00-04:00,3.0765890114229584,3.081268341488674,3.064891132504145,3.0719099044799805,202300,0.0,0.0
2006-10-18 00:00:00-04:00,3.0672320319412165,3.078930139541626,3.0672320319412165,3.078930139541626,119500,0.0,0.0
2006-10-19 00:00:00-04:00,3.0742482868665606,3.083606719970703,3.0742482868665606,3.083606719970703,136300,0.0,0.0
2006-10-20 00:00:00-04:00,3.0836047362911216,3.0953026028040913,3.081265073739527,3.085944175720215,139800,0.0,0.0
2006-10-23 00:00:00-04:00,3.0882838382718094,3.0882838382718094,3.074246309207245,3.085944175720215,161500,0.0,0.0
2006-10-24 00:00:00-04:00,3.0859458960513377,3.0953043283522863,3.0789271276062826,3.0929648876190186,244800,0.0,0.0
2006-10-25 00:00:00-04:00,3.0929649236423877,3.0999836921691895,3.0906252597592445,3.0999836921691895,164800,0.0,0.0
2006-10-26 00:00:00-04:00,3.104663469751656,3.111682239295366,3.097644477085286,3.109342575073242,217300,0.0,0.0
2006-10-27 00:00:00-04:00,3.1093404904428232,3.1140198157498573,3.102321725604784,3.1070008277893066,141000,0.0,0.0
2006-10-30 00:00:00-05:00,3.1116804463026577,3.118699211802059,3.102322017929279,3.1140201091766357,177600,0.0,0.0
2006-10-31 00:00:00-05:00,3.1046651049074963,3.109344212693461,3.0999857739987533,3.102325439453125,168800,0.0,0.0
2006-11-01 00:00:00-05:00,3.1070008277893066,3.1093404904428232,3.102321725604784,3.1070008277893066,131500,0.0,0.0
2006-11-02 00:00:00-05:00,3.1093421871810785,3.114021515041576,3.0882856580541027,3.097644090652466,176100,0.0,0.0
2006-11-03 00:00:00-05:00,3.0953044267222167,3.097644090652466,3.0859459941238536,3.097644090652466,136800,0.0,0.0
2006-11-06 00:00:00-05:00,3.1023216036989374,3.111680030822754,3.099981941137358,3.111680030822754,142600,0.0,0.0
2006-11-07 00:00:00-05:00,3.111682239295366,3.111682239295366,3.0999841413074094,3.109342575073242,161400,0.0,0.0
2006-11-08 00:00:00-05:00,3.1093404904428232,3.1116801530963403,3.102321725604784,3.1070008277893066,135600,0.0,0.0
2006-11-09 00:00:00-05:00,3.111680030822754,3.116359132823411,3.1070007056995945,3.111680030822754,156200,0.0,0.0
2006-11-10 00:00:00-05:00,3.1116804463026577,3.118699211802059,3.107001120554702,3.1140201091766357,195000,0.0,0.0
2006-11-13 00:00:00-05:00,3.110486010824697,3.1246246826851585,3.110486010824697,3.1222681999206543,195400,0.095,0.0
2006-11-14 00:00:00-05:00,3.122269959137896,3.131695670780188,3.1152007315878496,3.1269829273223877,183500,0.0,0.0
2006-11-15 00:00:00-05:00,3.131695670780188,3.131695670780188,3.1175569909534038,3.1269829273223877,143900,0.0,0.0
2006-11-16 00:00:00-05:00,3.1222686306115346,3.129337855153623,3.115199406069446,3.1199121475219727,204700,0.0,0.0
2006-11-17 00:00:00-05:00,3.126981165449663,3.1293374234876024,3.117555234391645,3.1222681999206543,158300,0.0,0.0
2006-11-20 00:00:00-05:00,3.1246246826851585,3.126981165449663,3.1151989763537062,3.1222681999206543,150700,0.0,0.0
2006-11-21 00:00:00-05:00,3.124626947982427,3.126983432455339,3.105775521652583,3.115201234817505,234400,0.0,0.0
2006-11-22 00:00:00-05:00,3.112841081762863,3.112841081762863,3.098702416314981,3.1104846000671387,193300,0.0,0.0
2006-11-24 00:00:00-05:00,3.112842598603328,3.150545425201072,3.1104861157593255,3.1411197185516357,168300,0.0,0.0
2006-11-27 00:00:00-05:00,3.14112138242248,3.1458343506069717,3.1175569909534038,3.1269829273223877,272900,0.0,0.0
2006-11-28 00:00:00-05:00,3.126981052837932,3.131693793470656,3.11991160479901,3.1293373107910156,168000,0.0,0.0
2006-11-29 00:00:00-05:00,3.1293384336161068,3.143477110040434,3.1222692077672622,3.1387641429901123,261800,0.0,0.0
2006-11-30 00:00:00-05:00,3.1434750398966442,3.155257225036621,3.136405818703254,3.155257225036621,156200,0.0,0.0
2006-12-01 00:00:00-05:00,3.1646850429059947,3.1693977852752355,3.1552593334408727,3.167041301727295,182700,0.0,0.0
2006-12-04 00:00:00-05:00,3.171754268823176,3.176467011192417,3.162328559358054,3.167041301727295,233300,0.0,0.0
2006-12-05 00:00:00-05:00,3.1717528178745633,3.1788220405578613,3.16232711272132,3.1788220405578613,173900,0.0,0.0
2006-12-06 00:00:00-05:00,3.1788238707801297,3.181180354606831,3.1623289334465534,3.1741111278533936,212800,0.0,0.0
2006-12-07 00:00:00-05:00,3.1741096508362316,3.1764659088398224,3.164683944642183,3.171753168106079,242100,0.0,0.0
2006-12-08 00:00:00-05:00,3.176465558087916,3.1788220405578613,3.169396335404618,3.1788220405578613,239000,0.0,0.0
2006-12-11 00:00:00-05:00,3.178823807334869,3.1976752281188965,3.1741110645021937,3.1976752281188965,218700,0.0,0.0
2006-12-12 00:00:00-05:00,3.2047441327369044,3.2071003913879395,3.1976746826039273,3.2071003913879395,200800,0.0,0.0
2006-12-13 00:00:00-05:00,3.216118934133845,3.2184925079345703,3.2018777176859525,3.2184925079345703,193600,0.098,0.0
2006-12-14 00:00:00-05:00,3.2113731000206456,3.2161202495637333,3.194758529332935,3.2066261768341064,196600,0.0,0.0
2006-12-15 00:00:00-05:00,3.2089999974245504,3.2089999974245504,3.187638275557381,3.1971323490142822,206400,0.0,0.0
2006-12-18 00:00:00-05:00,3.199504625965201,3.204251774281919,3.1828900595696683,3.1852636337280273,222700,0.0,0.0
2006-12-19 00:00:00-05:00,3.190010555688255,3.192384129846614,3.173395989292722,3.1852636337280273,150600,0.0,0.0
2006-12-20 00:00:00-05:00,3.1852630424041344,3.1900099634831265,3.1686484790929894,3.178142547607422,214300,0.0,0.0
2006-12-21 00:00:00-05:00,3.1876360086360744,3.190009355545044,3.175768368665605,3.190009355545044,218900,0.0,0.0
2006-12-22 00:00:00-05:00,3.190011980041565,3.1947591304779053,3.182891480743646,3.1947591304779053,143000,0.0,0.0
2006-12-26 00:00:00-05:00,3.19713126611034,3.216119406592648,3.1900105436621073,3.2137458324432373,140700,0.0,0.0
2006-12-27 00:00:00-05:00,3.213745231710211,3.225612873882403,3.2089983106552022,3.2208657264709473,125900,0.0,0.0
2006-12-28 00:00:00-05:00,3.2208671727502725,3.2256143222933606,3.2066261768341064,3.2066261768341064,224000,0.0,0.0
2006-12-29 00:00:00-05:00,3.2161205920581697,3.2256146657988496,3.2137470170338562,3.223241090774536,129100,0.0,0.0
2007-01-03 00:00:00-05:00,3.223240354188169,3.261216640472412,3.2184934315808995,3.261216640472412,204100,0.0,0.0
2007-01-04 00:00:00-05:00,3.263590214954308,3.263590214954308,3.2351080002411257,3.261216640472412,202900,0.0,0.0
2007-01-05 00:00:00-05:00,3.2517229269049825,3.270711072137634,3.2493493521617642,3.2635905742645264,167700,0.0,0.0
2007-01-08 00:00:00-05:00,3.273083091464944,3.2920712276741613,3.2635890233603346,3.2849507331848145,223800,0.0,0.0
2007-01-09 00:00:00-05:00,3.287327979888252,3.3063161373138428,3.2659662461952896,3.3063161373138428,229500,0.0,0.0
2007-01-10 00:00:00-05:00,3.3273487091064453,3.3297391005201216,3.3034452508902272,3.3273487091064453,194800,0.098,0.0
2007-01-11 00:00:00-05:00,3.3321269379352043,3.3369077174252664,3.2843202828351514,3.3082237243652344,145800,0.0,0.0
2007-01-12 00:00:00-05:00,3.3130042758951834,3.3130042758951834,3.2914914520702445,3.3082237243652344,184400,0.0,0.0
2007-01-16 00:00:00-05:00,3.308227341841345,3.308227341841345,3.2867142665322033,3.298666000366211,174500,0.0,0.0
2007-01-17 00:00:00-05:00,3.298662393345224,3.3082237243652344,3.2867106725801825,3.3082237243652344,152600,0.0,0.0
2007-01-18 00:00:00-05:00,3.3082253870229597,3.3106157779693604,3.301054442143985,3.3106157779693604,150700,0.0,0.0
2007-01-19 00:00:00-05:00,3.3106157779693604,3.3201771137947356,3.3034446051301583,3.3106157779693604,157800,0.0,0.0
2007-01-22 00:00:00-05:00,3.310618314825096,3.334521558724963,3.3082279220469886,3.3297410011291504,142300,0.0,0.0
2007-01-23 00:00:00-05:00,3.3393011310205836,3.3894982213208324,3.3201784516643285,3.332129955291748,829600,0.0,0.0
2007-01-24 00:00:00-05:00,3.3393023442811773,3.3416925090988823,3.3225698227948284,3.3297410011291504,224500,0.0,0.0
2007-01-25 00:00:00-05:00,3.324957399454809,3.3297381809618756,3.3034443385934287,3.317786455154419,197600,0.0,0.0
2007-01-26 00:00:00-05:00,3.3225686156136205,3.33452034720136,3.303445936257366,3.332129955291748,204600,0.0,0.0
2007-01-29 00:00:00-05:00,3.3416925090988823,3.3416925090988823,3.310618314825096,3.3297410011291504,219000,0.0,0.0
2007-01-30 00:00:00-05:00,3.3249576091766357,3.3321285539293335,3.3130058826153235,3.3249576091766357,188000,0.0,0.0
2007-01-31 00:00:00-05:00,3.3249577632683733,3.3488612174987793,3.3106158730983175,3.3488612174987793,309800,0.0,0.0
2007-02-01 00:00:00-05:00,3.3536434023516066,3.358424186706543,3.346472453779547,3.358424186706543,192500,0.0,0.0
2007-02-02 00:00:00-05:00,3.363201964739172,3.401447296142578,3.3608118024965767,3.401447296142578,262400,0.0,0.0
2007-02-05 00:00:00-05:00,3.3894962529036596,3.4157898647586693,3.3894962529036596,3.4110093116760254,207500,0.0,0.0
2007-02-06 00:00:00-05:00,3.360813282102204,3.41101035865859,3.358422890847077,3.384716510772705,312900,0.0,0.0
2007-02-07 00:00:00-05:00,3.3871079033054827,3.3871079033054827,3.3608142756070816,3.3727657794952393,216800,0.0,0.0
2007-02-08 00:00:00-05:00,3.377545571539334,3.382326126098633,3.363203451940922,3.382326126098633,160500,0.0,0.0
2007-02-09 00:00:00-05:00,3.3871080475235544,3.403840336047671,3.3727659231026443,3.396669387817383,140600,0.0,0.0
2007-02-12 00:00:00-05:00,3.3966683296752604,3.432523287617371,3.3966683296752604,3.422961950302124,160000,0.0,0.0
2007-02-13 00:00:00-05:00,3.432107114257198,3.4393274715716182,3.4200730323791504,3.4200730323791504,194800,0.098,0.0
2007-02-14 00:00:00-05:00,3.4128501956313486,3.4321046208354895,3.3863751888275146,3.3863751888275146,208400,0.0,0.0
2007-02-15 00:00:00-05:00,3.3960048951794497,3.41766619682312,3.386377675507932,3.41766619682312,153500,0.0,0.0
2007-02-16 00:00:00-05:00,3.4176669755523985,3.420073838401447,3.4032262575202568,3.412853479385376,126600,0.0,0.0
2007-02-20 00:00:00-05:00,3.412853201113138,3.424887055315032,3.386378170994436,3.396005392074585,193000,0.0,0.0
2007-02-21 00:00:00-05:00,3.3984122547273863,3.412853201113138,3.386378170994436,3.396005392074585,236700,0.0,0.0
2007-02-22 00:00:00-05:00,3.3984117240725125,3.412852668203341,3.386377642218659,3.4008185863494873,155200,0.0,0.0
2007-02-23 00:00:00-05:00,3.403225448626462,3.4104458059263663,3.393598229049583,3.4008185863494873,150400,0.0,0.0
2007-02-26 00:00:00-05:00,3.403224281603805,3.41525812980003,3.383969849052715,3.3984105587005615,158500,0.0,0.0
2007-02-27 00:00:00-05:00,3.3984135834348224,3.40322731062249,3.28529351936724,3.309361696243286,269000,0.0,0.0
2007-02-28 00:00:00-05:00,3.3334309195970513,3.381567058929574,3.32861719089819,3.376753330230713,118100,0.0,0.0
2007-03-01 00:00:00-05:00,3.3141747715021173,3.357497160013481,3.3141747715021173,3.3430564403533936,263200,0.0,0.0
2007-03-02 00:00:00-05:00,3.367125225798865,3.3695320895217153,3.333430051803589,3.333430051803589,158100,0.0,0.0
2007-03-05 00:00:00-05:00,3.3334272430582375,3.3382407369169314,3.299731867923522,3.328613519668579,172200,0.0,0.0
2007-03-06 00:00:00-05:00,3.338240510683749,3.350274588811379,3.3189860774919206,3.347867727279663,130700,0.0,0.0
2007-03-07 00:00:00-05:00,3.3478688034874153,3.3791573248648987,3.335834721491303,3.3574960231781006,222600,0.0,0.0
2007-03-08 00:00:00-05:00,3.3695331181032,3.3863807102437233,3.362312754261723,3.383974075317383,97200,0.0,0.0
2007-03-09 00:00:00-05:00,3.39119443915886,3.400821667457906,3.3815672108598145,3.383974075317383,137100,0.0,0.0
2007-03-12 00:00:00-04:00,3.3791562124166625,3.398410645459303,3.3767493509035957,3.39119029045105,152100,0.0,0.0
2007-03-13 00:00:00-04:00,3.405980610573436,3.408404851513681,3.379314422607422,3.379314422607422,132200,0.101,0.0
2007-03-14 00:00:00-04:00,3.369616770088208,3.3817377402919195,3.3429508205906653,3.347799301147461,118300,0.0,0.0
2007-03-15 00:00:00-04:00,3.367192729885971,3.391434438881128,3.367192729885971,3.38173770904541,112000,0.0,0.0
2007-03-16 00:00:00-04:00,3.4059798808314006,3.4084041212522442,3.381737938999545,3.391434669494629,152200,0.0,0.0
2007-03-19 00:00:00-04:00,3.401131399989713,3.4059798808314006,3.3793136985787013,3.391434669494629,141100,0.0,0.0
2007-03-20 00:00:00-04:00,3.391434669494629,3.403555640410557,3.381737938999545,3.391434669494629,152400,0.0,0.0
2007-03-21 00:00:00-04:00,3.3987081189410415,3.4035563696331907,3.3647694393426333,3.379314422607422,150400,0.0,0.0
2007-03-22 00:00:00-04:00,3.3696160212849158,3.4011304443360517,3.3696160212849158,3.396282196044922,152900,0.0,0.0
2007-03-23 00:00:00-04:00,3.4084005340775754,3.430217981338501,3.3962795759183626,3.430217981338501,149800,0.0,0.0
2007-03-26 00:00:00-04:00,3.4277973332902194,3.4374940630810547,3.391434423183382,3.403555393218994,213500,0.0,0.0
2007-03-27 00:00:00-04:00,3.405976530810998,3.471429339478245,3.401128054738132,3.410824775695801,215400,0.0,0.0
2007-03-28 00:00:00-04:00,3.398706898787987,3.4132518768310547,3.396282658718057,3.4132518768310547,126500,0.0,0.0
2007-03-29 00:00:00-04:00,3.4229488528006646,3.4277973332902194,3.4011311529742168,3.403555393218994,119900,0.0,0.0
2007-03-30 00:00:00-04:00,3.4156732517686668,3.4253699727263354,3.410824775695801,3.410824775695801,116600,0.0,0.0
2007-04-02 00:00:00-04:00,3.4229454989181924,3.4374906949468573,3.413248778628432,3.430217981338501,127700,0.0,0.0
2007-04-03 00:00:00-04:00,3.4302203605395207,3.4471898062076463,3.425372112625919,3.4399170875549316,99700,0.0,0.0
2007-04-04 00:00:00-04:00,3.4399194232955406,3.493251573687483,3.4374954132869164,3.4835548400878906,145700,0.0,0.0
2007-04-05 00:00:00-04:00,3.4811294153734726,3.4980988667947446,3.466584435513281,3.478705406188965,239000,0.0,0.0
2007-04-09 00:00:00-04:00,3.473858106488298,3.4884033224818696,3.469009855282684,3.4835548400878906,152600,0.0,0.0
2007-04-10 00:00:00-04:00,3.476280201648625,3.4980978965759277,3.4738559619482086,3.4980978965759277,103500,0.0,0.0
2007-04-11 00:00:00-04:00,3.4861364329923243,3.505666590827296,3.476371354074838,3.4934604167938232,199900,0.101,0.0
2007-04-12 00:00:00-04:00,3.503225803375244,3.5105495550020915,3.4910193954519215,3.503225803375244,169600,0.0,0.0
2007-04-13 00:00:00-04:00,3.503225231002612,3.525196482293392,3.503225231002612,3.5154314041137695,124600,0.0,0.0
2007-04-16 00:00:00-04:00,3.5227549076080322,3.530078657040892,3.512989830758287,3.5227549076080322,111900,0.0,0.0
2007-04-17 00:00:00-04:00,3.517872412249054,3.5276374895414766,3.5032249127193236,3.5203137397766113,156400,0.0,0.0
2007-04-18 00:00:00-04:00,3.517873748371459,3.5325214862823486,3.515432419916661,3.5325214862823486,118500,0.0,0.0
2007-04-19 00:00:00-04:00,3.5203137397766113,3.534961239306342,3.5056660074290735,3.5203137397766113,161800,0.0,0.0
2007-04-20 00:00:00-04:00,3.5154310137525115,3.5227549961873286,3.49834218704021,3.5105485916137695,172700,0.0,0.0
2007-04-23 00:00:00-04:00,3.5032251891676274,3.51543136213302,3.4763710498809814,3.4763710498809814,164700,0.0,0.0
2007-04-24 00:00:00-04:00,3.4885754585266113,3.493458111171811,3.473927733408705,3.4885754585266113,133000,0.0,0.0
2007-04-25 00:00:00-04:00,3.495901584625244,3.498342912609857,3.481254082353267,3.495901584625244,135400,0.0,0.0
2007-04-26 00:00:00-04:00,3.4934607236001596,3.5081082268538535,3.4910193954519215,3.503225803375244,118700,0.0,0.0
2007-04-27 00:00:00-04:00,3.5154322902663995,3.5154322902663995,3.4959021289840884,3.505667209625244,104400,0.0,0.0
2007-04-30 00:00:00-04:00,3.4959010266795523,3.510548759431602,3.491018604307411,3.500783681869507,101900,0.0,0.0
2007-05-01 00:00:00-04:00,3.5032255685790834,3.510549319715072,3.495901584625244,3.495901584625244,106700,0.0,0.0
2007-05-02 00:00:00-04:00,3.508107918761129,3.515431669744782,3.4934604167938232,3.4934604167938232,130600,0.0,0.0
2007-05-03 00:00:00-04:00,3.5032261140783705,3.5105498663547654,3.4959021289840884,3.505667209625244,82700,0.0,0.0
2007-05-04 00:00:00-04:00,3.505666590827296,3.510549246694962,3.49101908885999,3.4934604167938232,97500,0.0,0.0
2007-05-07 00:00:00-04:00,3.4959010266795523,3.5056661042416475,3.4934599319023887,3.500783681869507,79500,0.0,0.0
2007-05-08 00:00:00-04:00,3.5081076536835094,3.517872731863132,3.495901247754524,3.5154314041137695,132200,0.0,0.0
2007-05-09 00:00:00-04:00,3.5154313311632266,3.522755314259331,3.505666253186244,3.5129902362823486,147100,0.0,0.0
2007-05-10 00:00:00-04:00,3.520314673860298,3.5349621772766113,3.5178733456849565,3.5349621772766113,83400,0.0,0.0
2007-05-11 00:00:00-04:00,3.527832696495221,3.549958278944381,3.5253742202942497,3.5327494144439697,180800,0.101,0.0
2007-05-14 00:00:00-04:00,3.532749652166473,3.5475002759116934,3.5278329338868737,3.545041799545288,93900,0.0,0.0
2007-05-15 00:00:00-04:00,3.549957417878986,3.549957417878986,3.5278318407965297,3.5352070331573486,127200,0.0,0.0
2007-05-16 00:00:00-04:00,3.5253733651918773,3.5376655087620006,3.5253733651918773,3.5352070331573486,121600,0.0,0.0
2007-05-17 00:00:00-04:00,3.5376665093749167,3.542583227521755,3.5278328386280364,3.5302910804748535,102300,0.0,0.0
2007-05-18 00:00:00-04:00,3.5376663208007812,3.5401245625165623,3.5253741744091087,3.5376663208007812,114200,0.0,0.0
2007-05-21 00:00:00-04:00,3.5376679375373414,3.54504313496158,3.5229173082355656,3.5425846576690674,161100,0.0,0.0
2007-05-22 00:00:00-04:00,3.547499176727472,3.549957417878986,3.5352070331573486,3.5352070331573486,104900,0.0,0.0
2007-05-23 00:00:00-04:00,3.53274856065237,3.547499179840088,3.53274856065237,3.547499179840088,139000,0.0,0.0
2007-05-24 00:00:00-04:00,3.5450400387820893,3.5548737049102783,3.5401230884914474,3.5548737049102783,132900,0.0,0.0
2007-05-25 00:00:00-04:00,3.552419365497529,3.5696284770965576,3.549960887490044,3.5696284770965576,95800,0.0,0.0
2007-05-29 00:00:00-04:00,3.56962523188628,3.5794589005228885,3.5647082803413985,3.5720834732055664,121800,0.0,0.0
2007-05-30 00:00:00-04:00,3.577001576710122,3.5794600532743055,3.5376668894961014,3.5401251316070557,162600,0.0,0.0
2007-05-31 00:00:00-04:00,3.54995827920599,3.5671673781608644,3.5450415612568795,3.5573337078094482,146500,0.0,0.0
2007-06-01 00:00:00-04:00,3.5548737049102783,3.5671658461837885,3.549956754619637,3.5548737049102783,87100,0.0,0.0
2007-06-04 00:00:00-04:00,3.549957420993759,3.5671665157882866,3.547499179840088,3.547499179840088,117900,0.0,0.0
2007-06-05 00:00:00-04:00,3.5475002759116934,3.557333946924103,3.545041799545288,3.545041799545288,105500,0.0,0.0
2007-06-06 00:00:00-04:00,3.5450407042332786,3.5548743722073777,3.542582228626469,3.547499179840088,127800,0.0,0.0
2007-06-07 00:00:00-04:00,3.547502068492631,3.549960311647995,3.49833345413208,3.49833345413208,147200,0.0,0.0
2007-06-08 00:00:00-04:00,3.5081631667872504,3.5278304952167097,3.4934125532386315,3.513079881668091,125100,0.0,0.0
2007-06-11 00:00:00-04:00,3.5253728849071693,3.5401232676192653,3.515539218281403,3.522914409637451,104800,0.0,0.0
2007-06-12 00:00:00-04:00,3.5302914581290956,3.5548757548528123,3.527833216019307,3.552417278289795,130700,0.0,0.0
2007-06-13 00:00:00-04:00,3.5551389120353476,3.577420461631733,3.540284703040021,3.550187587738037,128600,0.101,0.0
2007-06-14 00:00:00-04:00,3.5526641088574338,3.5699941016673367,3.547712547424065,3.5625669956207275,115800,0.0,0.0
2007-06-15 00:00:00-04:00,3.569997399595223,3.5774245125029247,3.562570286687521,3.5650458335876465,92800,0.0,0.0
2007-06-18 00:00:00-04:00,3.567519942225848,3.6046559615424107,3.567519942225848,3.5922772884368896,106700,0.0,0.0
2007-06-19 00:00:00-04:00,3.592278212181464,3.62198689361209,3.5898024297030084,3.6071324348449707,151100,0.0,0.0
2007-06-20 00:00:00-04:00,3.614559738266978,3.6343655256462264,3.6021810621290453,3.6096081733703613,184000,0.0,0.0
2007-06-21 00:00:00-04:00,3.6096052018984706,3.6244596482563467,3.6021780967712402,3.6021780967712402,149300,0.0,0.0
2007-06-22 00:00:00-04:00,3.6021781651473814,3.631886822323645,3.6021781651473814,3.6120810508728027,160400,0.0,0.0
2007-06-25 00:00:00-04:00,3.612082987634065,3.6195100968846146,3.569995641708374,3.569995641708374,139700,0.0,0.0
2007-06-26 00:00:00-04:00,3.562567816501702,3.5798978133047537,3.3942184666314854,3.4338300228118896,335400,0.0,0.0
2007-06-27 00:00:00-04:00,3.4214507064872666,3.468489597647869,3.4214507064872666,3.443732261657715,153000,0.0,0.0
2007-06-28 00:00:00-04:00,3.4635386041844374,3.510577503061533,3.4635386041844374,3.4932472705841064,113900,0.0,0.0
2007-06-29 00:00:00-04:00,3.4957210351141774,3.5650412167223084,3.4957210351141774,3.5279054641723633,101400,0.0,0.0
2007-07-02 00:00:00-04:00,3.527906148292575,3.565041908043767,3.527906148292575,3.557614803314209,105500,0.0,0.0
2007-07-03 00:00:00-04:00,3.55018880543992,3.59227613886814,3.55018880543992,3.5898003578186035,83400,0.0,0.0
2007-07-05 00:00:00-04:00,3.589800484487816,3.589800484487816,3.5501889307114047,3.555140256881714,149100,0.0,0.0
2007-07-06 00:00:00-04:00,3.555140256881714,3.565043145325817,3.5501889307114047,3.555140256881714,95800,0.0,0.0
2007-07-09 00:00:00-04:00,3.5675198599236753,3.5873256419941715,3.552665641422576,3.569995641708374,144300,0.0,0.0
2007-07-10 00:00:00-04:00,3.5774198796067425,3.5798956594043005,3.5279054641723633,3.5279054641723633,107100,0.0,0.0
2007-07-11 00:00:00-04:00,3.5231681342410193,3.5456087334700612,3.505714440524539,3.5131945610046387,91100,0.101,0.0
2007-07-12 00:00:00-04:00,3.5082099976653907,3.543117646192359,3.4982364177703857,3.4982364177703857,80500,0.0,0.0
2007-07-13 00:00:00-04:00,3.5107044661365783,3.5131979212777775,3.468316679892072,3.4882638454437256,88400,0.0,0.0
2007-07-16 00:00:00-04:00,3.4832764026066108,3.4907565285869717,3.465822458267212,3.465822458267212,122000,0.0,0.0
2007-07-17 00:00:00-04:00,3.4483690832063045,3.4658227914346,3.4009946303913856,3.4059813022613525,238400,0.0,0.0
2007-07-18 00:00:00-04:00,3.388527055688912,3.3960071811999457,3.2738307674344833,3.318711996078491,397800,0.0,0.0
2007-07-19 00:00:00-04:00,3.3212021368895455,3.338656063969388,3.2962683290148425,3.3261890411376953,189900,0.0,0.0
2007-07-20 00:00:00-04:00,3.288789655155619,3.2987632309656214,3.243908682905009,3.2838029861450195,254500,0.0,0.0
2007-07-23 00:00:00-04:00,3.2813083945381876,3.326189589009392,3.2663481549069338,3.3236961364746094,139000,0.0,0.0
2007-07-24 00:00:00-04:00,3.3187110896388243,3.3187110896388243,3.2439091415924373,3.251389265060425,157400,0.0,0.0
2007-07-25 00:00:00-04:00,3.2613621817830047,3.2838027854310883,3.1541460700371804,3.191547155380249,309900,0.0,0.0
2007-07-26 00:00:00-04:00,3.1541462669905322,3.1641198428137027,3.066877537984991,3.1516530513763428,390500,0.0,0.0
2007-07-27 00:00:00-04:00,3.104280411398355,3.184069307782877,3.104280411398355,3.1466681957244873,174000,0.0,0.0
2007-07-30 00:00:00-04:00,3.141680433354021,3.184068202972412,3.0918123012461183,3.184068202972412,207400,0.0,0.0
2007-07-31 00:00:00-04:00,3.171601791457856,3.2364299478819856,3.169108336806064,3.211496114730835,216600,0.0,0.0
2007-08-01 00:00:00-04:00,3.2164819260537674,3.2164819260537674,3.1416802088158016,3.1591339111328125,123700,0.0,0.0
2007-08-02 00:00:00-04:00,3.164119505548072,3.194040467617093,3.164119505548072,3.171599864959717,103200,0.0,0.0
2007-08-03 00:00:00-04:00,3.1616259575409993,3.17409274633779,3.1317052364089437,3.141678810119629,99800,0.0,0.0
2007-08-06 00:00:00-04:00,3.1192387677264626,3.1666131918783575,3.0294763504867506,3.0643839836120605,283500,0.0,0.0
2007-08-07 00:00:00-04:00,3.0643870098176413,3.1242285218808212,3.041946383346691,3.1067748069763184,161600,0.0,0.0
2007-08-08 00:00:00-04:00,3.1092647959741226,3.2588684093262006,3.1092647959741226,3.243908166885376,248900,0.0,0.0
2007-08-09 00:00:00-04:00,3.1840666054542632,3.213987327033777,3.1765862467178168,3.1815731525421143,128900,0.0,0.0
2007-08-10 00:00:00-04:00,3.119240903779503,3.1541483230205816,3.111760538694449,3.1466681957244873,163600,0.0,0.0
2007-08-13 00:00:00-04:00,3.1469174269185896,3.161998366062071,3.124295778496162,3.141890287399292,81900,0.101,0.0
2007-08-14 00:00:00-04:00,3.1318375662478233,3.134351137065426,3.026269988981592,3.0287835597991943,199700,0.0,0.0
2007-08-15 00:00:00-04:00,3.003646158132488,3.0061597271317178,2.8980786572361645,2.950862407684326,293600,0.0,0.0
2007-08-16 00:00:00-04:00,2.870429270849729,2.915672540664673,2.621591766281663,2.915672540664673,681700,0.0,0.0
2007-08-17 00:00:00-04:00,3.041351174179899,3.041351174179899,2.9508645424046684,3.0287835597991943,237700,0.0,0.0
2007-08-20 00:00:00-04:00,3.021243234125786,3.109216059658566,3.0187296631858245,3.104189157485962,183000,0.0,0.0
2007-08-21 00:00:00-04:00,3.089107474647142,3.1268100738525386,3.0815670027475184,3.126810073852539,159700,0.0,0.0
2007-08-22 00:00:00-04:00,3.129322533661062,3.1569713203247733,3.099160417061082,3.121782064437866,90300,0.0,0.0
2007-08-23 00:00:00-04:00,3.141890287399292,3.1695388356338117,3.1293226783082537,3.141890287399292,100000,0.0,0.0
2007-08-24 00:00:00-04:00,3.136863237043765,3.1745660653885643,3.1242958673027115,3.1293227672576904,118100,0.0,0.0
2007-08-27 00:00:00-04:00,3.139378106142192,3.1494321499203433,3.1092159748077393,3.1092159748077393,122000,0.0,0.0
2007-08-28 00:00:00-04:00,3.1092163386575407,3.1142434809885633,3.071513730004231,3.0740270614624023,128100,0.0,0.0
2007-08-29 00:00:00-04:00,3.0765404509492207,3.124297341444392,3.0765404509492207,3.0916216373443604,254900,0.0,0.0
2007-08-30 00:00:00-04:00,3.0966473713615,3.1016745114990054,3.0614583492279057,3.0614583492279053,220100,0.0,0.0
2007-08-31 00:00:00-04:00,3.081567877388678,3.1167569160461426,3.081567877388678,3.1167569160461426,130000,0.0,0.0
2007-09-04 00:00:00-04:00,3.1142437159333802,3.1393787103627084,3.11173014457824,3.1368651390075684,109000,0.0,0.0
2007-09-05 00:00:00-04:00,3.1293237895112034,3.141891403064921,3.1167561759574856,3.1393778324127197,90900,0.0,0.0
2007-09-06 00:00:00-04:00,3.1418914294464537,3.187134742736816,3.1418914294464537,3.1871347427368164,106800,0.0,0.0
2007-09-07 00:00:00-04:00,3.1770788880982015,3.1821057868710554,3.151943675112462,3.167024850845337,93300,0.0,0.0
2007-09-10 00:00:00-04:00,3.1670277014695323,3.1846222225719876,3.159486986962161,3.1745681762695312,73800,0.0,0.0
2007-09-11 00:00:00-04:00,3.1846213604368874,3.1846213604368874,3.1444051861143145,3.1619997024536133,92400,0.0,0.0
2007-09-12 00:00:00-04:00,3.167319778606157,3.1749212784135614,3.144515037536621,3.144515037536621,91100,0.101,0.0
2007-09-13 00:00:00-04:00,3.154652352270588,3.169855602694751,3.14705084788224,3.1622538566589355,79800,0.0,0.0
2007-09-14 00:00:00-04:00,3.1622495525690835,3.169851288258292,3.1343772466500686,3.1419787406921387,79900,0.0,0.0
2007-09-17 00:00:00-04:00,3.1343813028940497,3.139449133245201,3.1141104647843467,3.119178295135498,117700,0.0,0.0
2007-09-18 00:00:00-04:00,3.121710292783374,3.1597182750701904,3.1191766206154434,3.1597182750701904,105100,0.0,0.0
2007-09-19 00:00:00-04:00,3.162253370633266,3.172389030456543,3.1546518674132384,3.172389030456543,104200,0.0,0.0
2007-09-20 00:00:00-04:00,3.167321202840196,3.1799905359810428,3.1647872878825405,3.1698551177978516,56300,0.0,0.0
2007-09-21 00:00:00-04:00,3.172388075567685,3.187591077431636,3.1698541613745745,3.1850571632385254,95700,0.0,0.0
2007-09-24 00:00:00-04:00,3.190122846863128,3.2078597509954356,3.1825213510417383,3.202792167663574,199000,0.0,0.0
2007-09-25 00:00:00-04:00,3.207863819672878,3.210397735376285,3.185059061637218,3.1951944828033447,96100,0.0,0.0
2007-09-26 00:00:00-04:00,3.1951889946399024,3.2027907286931314,3.1875875022337605,3.192655324935913,116700,0.0,0.0
2007-09-27 00:00:00-04:00,3.195192334354312,3.2027940763531175,3.187590834002845,3.2002601623535156,89700,0.0,0.0
2007-09-28 00:00:00-04:00,3.2002623142101587,3.207863819672878,3.1951944828033443,3.1951944828033447,113300,0.0,0.0
2007-10-01 00:00:00-04:00,3.202795724535213,3.230668067932129,3.1901263896648104,3.230668067932129,120800,0.0,0.0
2007-10-02 00:00:00-04:00,3.2332000741734945,3.263606314920438,3.2306661603660856,3.238267660140991,103300,0.0,0.0
2007-10-03 00:00:00-04:00,3.23319935798645,3.2484023541686406,3.2255976182480874,3.23319935798645,204600,0.0,0.0
2007-10-04 00:00:00-04:00,3.23319935798645,3.2382669428314244,3.223063946649234,3.23319935798645,63900,0.0,0.0
2007-10-05 00:00:00-04:00,3.238267182792152,3.2433350096599276,3.1977255344390865,3.197725534439087,122900,0.0,0.0
2007-10-08 00:00:00-04:00,3.197725533023345,3.2230641840564354,3.197725533023345,3.2129287719726562,64700,0.0,0.0
2007-10-09 00:00:00-04:00,3.225597619707608,3.2408008575439453,3.212928536765806,3.2408008575439453,84200,0.0,0.0
2007-10-10 00:00:00-04:00,3.235733271232571,3.2408008560775454,3.220530033403113,3.23319935798645,89800,0.0,0.0
2007-10-11 00:00:00-04:00,3.228347731043133,3.2436720296568757,3.218131450775526,3.2257936000823975,118700,0.101,0.0
2007-10-12 00:00:00-04:00,3.225794506732195,3.238564921549822,3.220686243374983,3.236010789871216,94400,0.0,0.0
2007-10-15 00:00:00-04:00,3.241115791905246,3.241115791905246,3.2181293589262783,3.2283456325531006,143300,0.0,0.0
2007-10-16 00:00:00-04:00,3.225793733812304,3.225793733812304,3.1900366296056504,3.1951448917388916,107900,0.0,0.0
2007-10-17 00:00:00-04:00,3.2053611250700484,3.215577405610238,3.182374432960787,3.1925907135009766,94800,0.0,0.0
2007-10-18 00:00:00-04:00,3.1823747598082575,3.1900369101065094,3.154280046331089,3.1593880653381348,129300,0.0,0.0
2007-10-19 00:00:00-04:00,3.1415094387184044,3.1517257196745883,3.128739026629337,3.1364011764526367,141100,0.0,0.0
2007-10-22 00:00:00-04:00,3.136400466351551,3.1491708755493164,3.1338465793722348,3.1491708755493164,126500,0.0,0.0
2007-10-23 00:00:00-04:00,3.1466172686650316,3.1542796616040687,3.133847100917309,3.1517255306243896,97700,0.0,0.0
2007-10-24 00:00:00-04:00,3.1542796616040687,3.1593876799880904,3.1466172686650316,3.1517255306243896,142000,0.0,0.0
2007-10-25 00:00:00-04:00,3.151727062704504,3.1593892157928396,3.1159699423331797,3.1185240745544434,179900,0.0,0.0
2007-10-26 00:00:00-04:00,3.1236301515937455,3.159387249713511,3.1236301515937455,3.1542792320251465,192100,0.0,0.0
2007-10-29 00:00:00-04:00,3.1568311245169576,3.1721556550502368,3.146614852019821,3.1619393825531006,112700,0.0,0.0
2007-10-30 00:00:00-04:00,3.1593868669294554,3.164495127574218,3.1440625721457147,3.1466164588928223,126500,0.0,0.0
2007-10-31 00:00:00-04:00,3.151725392103541,3.159387541130484,3.141509112209175,3.1568334102630615,192800,0.0,0.0
2007-11-01 00:00:00-04:00,3.1568331190816767,3.1696035286655433,3.1491709707614786,3.1542792320251465,178400,0.0,0.0
2007-11-02 00:00:00-04:00,3.1542797060127397,3.16960400495589,3.113414340488546,3.1415092945098877,157000,0.0,0.0
2007-11-05 00:00:00-05:00,3.136401032478611,3.1415092945098877,3.1057521910169705,3.1415092945098877,110700,0.0,0.0
2007-11-06 00:00:00-05:00,3.1287382922326965,3.138954570790853,3.085319047466709,3.0980894565582275,142100,0.0,0.0
2007-11-07 00:00:00-05:00,3.075103264968347,3.075103264968347,3.024021863937378,3.024021863937378,274300,0.0,0.0
2007-11-08 00:00:00-05:00,3.029129452345725,3.0546702710240132,3.0010347466598466,3.0265755653381348,151900,0.0,0.0
2007-11-09 00:00:00-05:00,3.0010348415480568,3.0265756610339074,2.9933726931324243,3.0189132690429688,141600,0.0,0.0
2007-11-12 00:00:00-05:00,3.013804781848134,3.0316832065582275,2.990818096606432,3.0316832065582275,120300,0.0,0.0
2007-11-13 00:00:00-05:00,3.0577015058309214,3.0577015058309214,3.0036056811420146,3.0448215007781982,150500,0.101,0.0
2007-11-14 00:00:00-05:00,3.0783099528607565,3.0783099528607565,3.0036062053168218,3.008758306503296,143800,0.0,0.0
2007-11-15 00:00:00-05:00,2.993301174325401,3.0113330306750856,2.9752693179757164,3.0036051273345947,153600,0.0,0.0
2007-11-16 00:00:00-05:00,2.998452504540582,2.998452504540582,2.9546606540679936,2.954660654067993,135300,0.0,0.0
2007-11-19 00:00:00-05:00,2.949510648739648,2.9520866995752946,2.9082948180322217,2.923750877380371,279800,0.0,0.0
2007-11-20 00:00:00-05:00,2.9211753570013954,2.9495111843418256,2.910871397453441,2.9160232543945312,281000,0.0,0.0
2007-11-21 00:00:00-05:00,2.8670784585529208,2.9211742877960205,2.8670784585529208,2.9211742877960205,173200,0.0,0.0
2007-11-23 00:00:00-05:00,2.9289025810028693,2.9443586395468806,2.913446768124574,2.9366304874420166,67000,0.0,0.0
2007-11-26 00:00:00-05:00,2.982998399037102,2.982998399037102,2.94178257072786,2.9649665355682373,179800,0.0,0.0
2007-11-27 00:00:00-05:00,2.9907244358827207,3.0139083862304688,2.939204682701926,3.0139083862304688,254900,0.0,0.0
2007-11-28 00:00:00-05:00,3.013908259489489,3.042244306796509,2.998452457017979,3.0370922088623047,172500,0.0,0.0
2007-11-29 00:00:00-05:00,3.0164859552156655,3.0216378102968178,2.9649661760757193,2.9984540939331055,204100,0.0,0.0
2007-11-30 00:00:00-05:00,2.99072594281285,3.0164859552156655,2.9623901257023006,2.9984540939331055,220400,0.0,0.0
2007-12-03 00:00:00-05:00,3.0036062053168218,3.013910162024064,2.995878299202816,3.008758306503296,160900,0.0,0.0
2007-12-04 00:00:00-05:00,2.9933020445277108,3.0036060005324345,2.9778462333534694,2.9907259941101074,126700,0.0,0.0
2007-12-05 00:00:00-05:00,2.988149862087509,3.001029621433519,2.967541952335098,2.9778459072113037,219200,0.0,0.0
2007-12-06 00:00:00-05:00,2.982995864428996,3.011331660898658,2.9804198159320703,3.0061798095703125,289500,0.0,0.0
2007-12-07 00:00:00-05:00,3.00875653374517,3.026788385942058,3.00102838651888,3.0139083862304688,181200,0.0,0.0
2007-12-10 00:00:00-05:00,3.0242132015083243,3.0448211086725734,3.0164852977381384,3.029365301132202,270300,0.0,0.0
2007-12-11 00:00:00-05:00,3.0139121511179527,3.0396721827197797,3.0010321353170393,3.0216400623321533,326200,0.0,0.0
2007-12-12 00:00:00-05:00,3.09618545375327,3.09618545375327,3.0026765868718854,3.023456335067749,226900,0.097,0.0
2007-12-13 00:00:00-05:00,3.0000775914572846,3.0078699312971375,2.961115396829985,2.9922852516174316,209000,0.0,0.0
2007-12-14 00:00:00-05:00,2.950728238078974,3.007872694058359,2.9481309542227367,3.0000803470611572,234500,0.0,0.0
2007-12-17 00:00:00-05:00,2.9974828154906747,3.007872694058359,2.979300589925789,3.0000803470611572,117300,0.0,0.0
2007-12-18 00:00:00-05:00,3.0364439225210327,3.0364439225210327,2.987092075485508,3.0052742958068848,377500,0.0,0.0
2007-12-19 00:00:00-05:00,3.0052737961863234,3.0156636700304107,2.9455320835113525,2.9455320835113525,244000,0.0,0.0
2007-12-20 00:00:00-05:00,2.9844945717404854,2.9844945717404854,2.9299476625673146,2.9481301307678223,293200,0.0,0.0
2007-12-21 00:00:00-05:00,2.958519557298585,2.97410424457404,2.9221548741322936,2.9351422786712646,247200,0.0,0.0
2007-12-24 00:00:00-05:00,2.9559229892162175,2.994884967803955,2.9559229892162175,2.994884967803955,138900,0.0,0.0
2007-12-26 00:00:00-05:00,3.000078385002257,3.0052731970315563,2.9611161800691392,2.981895923614502,247800,0.0,0.0
2007-12-27 00:00:00-05:00,2.981896031376321,2.987091091307446,2.95332394489741,2.9741036891937256,353300,0.0,0.0
2007-12-28 00:00:00-05:00,2.9792988573584833,2.9818961397043093,2.9273494947304486,2.966311454772949,449600,0.0,0.0
2007-12-31 00:00:00-05:00,2.974104651425174,2.989689588546753,2.9637147759155122,2.989689588546753,353500,0.0,0.0
2008-01-02 00:00:00-05:00,3.000078739985471,3.018260955810547,2.987091336804369,3.018260955810547,225400,0.0,0.0
2008-01-03 00:00:00-05:00,3.01566332505936,3.070210218429565,3.01566332505936,3.0702102184295654,117200,0.0,0.0
2008-01-04 00:00:00-05:00,3.065016984939575,3.0702118000864744,3.028652288054355,3.065016984939575,195500,0.0,0.0
2008-01-07 00:00:00-05:00,3.05722451210022,3.062419327032576,3.0390420405514216,3.0572245121002197,92000,0.0,0.0
2008-01-08 00:00:00-05:00,3.0572230633956954,3.075405278614396,3.0572230633956954,3.0702102184295654,241000,0.0,0.0
2008-01-09 00:00:00-05:00,3.0624167465176524,3.0883915424346924,3.0468318194246256,3.0883915424346924,113000,0.0,0.0
2008-01-10 00:00:00-05:00,3.070210057084575,3.103977203369141,3.070210057084575,3.1039772033691406,109200,0.0,0.0
2008-01-11 00:00:00-05:00,3.1162846088409424,3.1162846088409424,3.095334815652258,3.1162846088409424,82400,0.097,0.0
2008-01-14 00:00:00-05:00,3.1110481570012976,3.116285481895133,3.074385883779232,3.0770046710968018,158800,0.0,0.0
2008-01-15 00:00:00-05:00,3.0743828895368988,3.113663911819458,3.056051895649674,3.113663911819458,95600,0.0,0.0
2008-01-16 00:00:00-05:00,3.105810151363884,3.113666512226344,3.079623031046161,3.103191614151001,92600,0.0,0.0
2008-01-17 00:00:00-05:00,3.108429057484627,3.108429057484627,3.024629869669305,3.040342092514038,107200,0.0,0.0
2008-01-18 00:00:00-05:00,3.02986879110988,3.045581271978091,2.959163251556457,2.9958252906799316,164500,0.0,0.0
2008-01-22 00:00:00-05:00,2.9486875685879945,2.995824499257398,2.9172628648946106,2.9539248943328857,111000,0.0,0.0
2008-01-23 00:00:00-05:00,2.898931307273872,2.932974795267658,2.885837869365071,2.922499895095825,293000,0.0,0.0
2008-01-24 00:00:00-05:00,2.922499919454983,2.9460685074733814,2.9094062316957254,2.9382123947143555,195100,0.0,0.0
2008-01-25 00:00:00-05:00,2.9486870741997944,2.9774929853203504,2.935593387420886,2.946068286895752,306100,0.0,0.0
2008-01-28 00:00:00-05:00,2.932974386769925,2.9643990829086655,2.927737062284111,2.9591617584228516,132000,0.0,0.0
2008-01-29 00:00:00-05:00,3.0141557637178806,3.0141557637178806,2.9460687808448762,2.9539248943328857,152700,0.0,0.0
2008-01-30 00:00:00-05:00,2.9827303133078393,2.9827303133078393,2.9251182460889535,2.9408304691314697,136300,0.0,0.0
2008-01-31 00:00:00-05:00,2.927736798602111,2.946067807263435,2.9041682161854014,2.943449020385742,123900,0.0,0.0
2008-02-01 00:00:00-05:00,2.953924620232407,2.953924620232407,2.919881131954867,2.9382123947143555,78000,0.0,0.0
2008-02-04 00:00:00-05:00,2.9251176775052796,2.9251176775052796,2.8936929877872877,2.898930311203003,160600,0.0,0.0
2008-02-05 00:00:00-05:00,2.8858379482644336,2.893694061172766,2.828225870873569,2.838700771331787,255700,0.0,0.0
2008-02-06 00:00:00-05:00,2.841319780425359,2.85441321971306,2.8282260913963118,2.8308448791503906,137100,0.0,0.0
2008-02-07 00:00:00-05:00,2.817752557977497,2.817752557977497,2.773234143512425,2.786327838897705,191000,0.0,0.0
2008-02-08 00:00:00-05:00,2.7889447654854655,2.8151321411132812,2.7758513274128807,2.8151321411132812,259600,0.0,0.0
2008-02-11 00:00:00-05:00,2.794182699253265,2.804657600901001,2.733951827472764,2.7470455169677734,249000,0.0,0.0
2008-02-12 00:00:00-05:00,2.731335432977211,2.760141372680664,2.7182417332059865,2.760141372680664,213800,0.0,0.0
2008-02-13 00:00:00-05:00,2.748772369428717,2.761987672101736,2.6985545217443656,2.7064836025238037,313300,0.097,0.0
2008-02-14 00:00:00-05:00,2.6959111472501722,2.6959111472501722,2.635121113782316,2.643050193786621,363200,0.0,0.0
2008-02-15 00:00:00-05:00,2.616618680114888,2.682694911956787,2.611332712639163,2.682694911956787,236800,0.0,0.0
2008-02-19 00:00:00-05:00,2.6800530192052756,2.7355570840192014,2.6562655268477484,2.7302708625793457,266100,0.0,0.0
2008-02-20 00:00:00-05:00,2.735558279191093,2.740844250879491,2.703841440816621,2.70912766456604,272700,0.0,0.0
2008-02-21 00:00:00-05:00,2.701198348644679,2.7619884041676834,2.693269013702635,2.7487730979919434,290900,0.0,0.0
2008-02-22 00:00:00-05:00,2.7540602663819636,2.775204662694751,2.7355589826235462,2.772561550140381,290900,0.0,0.0
2008-02-25 00:00:00-05:00,2.7752050930987986,2.851853604635273,2.769918867170223,2.8465676307678223,327100,0.0,0.0
2008-02-26 00:00:00-05:00,2.8492102464308813,2.8835699558258057,2.8439242730184104,2.8835699558258057,188500,0.0,0.0
2008-02-27 00:00:00-05:00,2.899430531388745,2.9152887154530815,2.878286117928769,2.8862152099609375,176400,0.0,0.0
2008-02-28 00:00:00-05:00,2.8809266096588577,2.888855947226737,2.8492100155705917,2.8544962406158447,96400,0.0,0.0
2008-02-29 00:00:00-05:00,2.8465669212793903,2.8544960061348554,2.828065387201887,2.8518528938293457,124000,0.0,0.0
2008-03-03 00:00:00-05:00,2.8518524208458746,2.8518524208458746,2.8201358346231884,2.838637113571167,115300,0.0,0.0
2008-03-04 00:00:00-05:00,2.606049886355488,2.8254232415446454,2.606049886355488,2.8174941539764404,164800,0.0,0.0
2008-03-05 00:00:00-05:00,2.822780396857199,2.8307094844716434,2.783134454662677,2.7937066555023193,97600,0.0,0.0
2008-03-06 00:00:00-05:00,2.7752049180139235,2.7857771171429606,2.732916121497775,2.7382020950317383,184800,0.0,0.0
2008-03-07 00:00:00-05:00,2.7223413268906818,2.7593438625335693,2.7117691378411615,2.7593438625335693,124700,0.0,0.0
2008-03-10 00:00:00-04:00,2.74613023734906,2.761988403105047,2.7038412071907616,2.727628707885742,292600,0.0,0.0
2008-03-11 00:00:00-04:00,2.7302711108171387,2.769916766977015,2.7302711108171387,2.7619876861572266,213100,0.0,0.0
2008-03-12 00:00:00-04:00,2.7726439671762653,2.777970974800861,2.7486729408769905,2.753999948501587,231200,0.08,0.0
2008-03-13 00:00:00-04:00,2.905812675238809,2.905812675238809,2.7326891961515307,2.777967691421509,297100,0.0,0.0
2008-03-14 00:00:00-04:00,2.783297535206048,2.783297535206048,2.7113847153060444,2.7380189895629883,245200,0.0,0.0
2008-03-17 00:00:00-04:00,2.674094235267482,2.6767577367122906,2.5089609557715287,2.6527867317199707,311600,0.0,0.0
2008-03-18 00:00:00-04:00,2.6687687057445846,2.732691245593347,2.6687687057445846,2.698066473007202,123600,0.0,0.0
2008-03-19 00:00:00-04:00,2.695403705338131,2.7140477210432072,2.652788667151862,2.6927402019500732,164100,0.0,0.0
2008-03-20 00:00:00-04:00,2.6820850680530133,2.7300270884490105,2.674094815988858,2.7273635864257812,117200,0.0,0.0
2008-03-24 00:00:00-04:00,2.73002891653849,2.7673172078161907,2.73002891653849,2.759326696395874,109200,0.0,0.0
2008-03-25 00:00:00-04:00,2.7673159488759076,2.7886234616252117,2.753998689906196,2.7859599590301514,148300,0.0,0.0
2008-03-26 00:00:00-04:00,2.7939502128097433,2.7939502128097433,2.7406814309364838,2.7859599590301514,191300,0.0,0.0
2008-03-27 00:00:00-04:00,2.79128614197891,2.796613146084585,2.740680873002672,2.772642135620117,135100,0.0,0.0
2008-03-28 00:00:00-04:00,2.783296812158854,2.7886238180298006,2.7167107628057443,2.732691526412964,188000,0.0,0.0
2008-03-31 00:00:00-04:00,2.724701725431673,2.746009500445189,2.7140479649277585,2.7380189895629883,194600,0.0,0.0
2008-04-01 00:00:00-04:00,2.759324513456854,2.7912857718360256,2.7513342623634367,2.7806320190429688,163600,0.0,0.0
2008-04-02 00:00:00-04:00,2.785960322072665,2.833902359008789,2.7806333161883754,2.833902359008789,248600,0.0,0.0
2008-04-03 00:00:00-04:00,2.8259108263518224,2.8285743283289775,2.791286062665391,2.8152570724487305,144000,0.0,0.0
2008-04-04 00:00:00-04:00,2.815256102748106,2.8445541063942072,2.7992756044006333,2.8259098529815674,118700,0.0,0.0
2008-04-07 00:00:00-04:00,2.8631978034973145,2.8765150533844315,2.841890305280093,2.8631978034973145,117500,0.0,0.0
2008-04-08 00:00:00-04:00,2.8498823241988633,2.8685265872263908,2.8498823241988633,2.865863084793091,115300,0.0,0.0
2008-04-09 00:00:00-04:00,2.873853338087418,2.8845070938150457,2.847218821765563,2.865863084793091,155300,0.0,0.0
2008-04-10 00:00:00-04:00,2.852545259475406,2.87118926479047,2.841891505866009,2.8578720092773438,131700,0.0,0.0
2008-04-11 00:00:00-04:00,2.8471387728657542,2.863239576504462,2.844455518853963,2.8498222827911377,58100,0.08,0.0
2008-04-14 00:00:00-04:00,2.898123882707762,2.9088576644398314,2.8364044458132045,2.8578720092773438,359400,0.0,0.0
2008-04-15 00:00:00-04:00,2.8578721392702464,2.8686059214905515,2.828354302142795,2.860555648803711,108500,0.0,0.0
2008-04-16 00:00:00-04:00,2.8820244034304365,2.9276430606842045,2.852506554113035,2.927643060684204,246800,0.0,0.0
2008-04-17 00:00:00-04:00,2.9142262563996684,2.9356938333374645,2.9088594901220715,2.9330105781555176,152600,0.0,0.0
2008-04-18 00:00:00-04:00,2.935691763429706,2.9732601245388697,2.933008510139677,2.967893362045288,80200,0.0,0.0
2008-04-21 00:00:00-04:00,2.9759442317813622,2.9947282881539836,2.962526938980815,2.989361524581909,134900,0.0,0.0
2008-04-22 00:00:00-04:00,2.992044347536353,3.037662982940674,2.992044347536353,3.037662982940674,202500,0.0,0.0
2008-04-23 00:00:00-04:00,3.0510789285276827,3.0725464820861816,3.0322948831423524,3.0725464820861816,158900,0.0,0.0
2008-04-24 00:00:00-04:00,3.067182302474975,3.069865556992492,3.0483979853705168,3.0671823024749756,156900,0.0,0.0
2008-04-25 00:00:00-04:00,3.067180543255627,3.0805975758886266,3.0618135254716328,3.069863796234131,86400,0.0,0.0
2008-04-28 00:00:00-04:00,3.083282947540283,3.0913334790799887,3.075232671914226,3.083282947540283,90600,0.0,0.0
2008-04-29 00:00:00-04:00,3.0886472752117684,3.0886472752117684,3.0591291971337635,3.0725464820861816,181500,0.0,0.0
2008-04-30 00:00:00-04:00,3.083282183855212,3.08596569370378,3.0430305597810317,3.0537643432617188,118000,0.0,0.0
2008-05-01 00:00:00-04:00,3.061814616893838,3.072548400374525,3.0510808334131507,3.0537643432617188,107000,0.0,0.0
2008-05-02 00:00:00-04:00,3.067181636590974,3.083282183855212,3.0483973235645827,3.0537643432617188,84600,0.0,0.0
2008-05-05 00:00:00-04:00,3.0591311776637506,3.061814687574266,3.0403471201173238,3.0457141399383545,66300,0.0,0.0
2008-05-06 00:00:00-04:00,3.045715848272832,3.045715848272832,3.021564757359087,3.0269315242767334,113100,0.0,0.0
2008-05-07 00:00:00-04:00,3.02961372696538,3.0349807474783246,3.000095881885054,3.005462646484375,141500,0.0,0.0
2008-05-08 00:00:00-04:00,3.01082865711748,3.0403464922970542,3.01082865711748,3.037662982940674,83900,0.0,0.0
2008-05-09 00:00:00-04:00,3.0457137021806924,3.0510804653167725,3.032296410470161,3.0510804653167725,86300,0.0,0.0
2008-05-12 00:00:00-04:00,3.048399174803314,3.051082686281531,3.0269315948050592,3.04303240776062,95800,0.0,0.0
2008-05-13 00:00:00-04:00,3.045731306939644,3.045731306939644,3.026813546693131,3.0322186946868896,67200,0.08,0.0
2008-05-14 00:00:00-04:00,3.040327787399292,3.045732938288145,3.0187076993074395,3.040327787399292,94600,0.0,0.0
2008-05-15 00:00:00-04:00,3.0376259378952106,3.0376259378952106,3.013303268546232,3.026815891265869,102800,0.0,0.0
2008-05-16 00:00:00-04:00,3.0349224500158027,3.0403276005725117,3.0187075138092037,3.018707513809204,87900,0.0,0.0
2008-05-19 00:00:00-04:00,3.024113648597344,3.024113648597344,3.0051961293432177,3.010601282119751,92700,0.0,0.0
2008-05-20 00:00:00-04:00,3.0024917035757257,3.0295169353485103,3.0024917035757257,3.0295169353485107,119200,0.0,0.0
2008-05-21 00:00:00-04:00,3.040328952086735,3.040328952086735,3.005196231045907,3.0078988075256348,86200,0.0,0.0
2008-05-22 00:00:00-04:00,3.0106009501877775,3.034923361804915,2.9943857513778447,3.026815891265869,90400,0.0,0.0
2008-05-23 00:00:00-04:00,3.007898374097482,3.034923361804915,3.007898374097482,3.026815891265869,87400,0.0,0.0
2008-05-27 00:00:00-04:00,3.0403261589458856,3.061946235457636,3.026813546693131,3.0322186946868896,118000,0.0,0.0
2008-05-28 00:00:00-04:00,3.040328877672723,3.0457340304998843,3.0349237248455614,3.0430314540863037,102300,0.0,0.0
2008-05-29 00:00:00-04:00,3.0538401300380817,3.0538401300380817,3.0322200439062383,3.0349223613739014,104600,0.0,0.0
2008-05-30 00:00:00-04:00,3.0430287329427648,3.045731306939644,3.02951612069001,3.0322186946868896,90900,0.0,0.0
2008-06-02 00:00:00-04:00,3.0376247295914265,3.053839921951294,3.0268146872620942,3.053839921951294,71200,0.0,0.0
2008-06-03 00:00:00-04:00,3.045732938288145,3.0484352560007917,3.0322203187977923,3.040327787399292,70500,0.0,0.0
2008-06-04 00:00:00-04:00,3.037627935409546,3.0511405670149574,3.0349253575420616,3.037627935409546,106900,0.0,0.0
2008-06-05 00:00:00-04:00,3.045732938288145,3.0484352560007917,3.0322203187977923,3.040327787399292,155800,0.0,0.0
2008-06-06 00:00:00-04:00,3.045730352401734,3.0538378141198352,3.032217744383857,3.0457303524017334,179900,0.0,0.0
2008-06-09 00:00:00-04:00,3.045730352401734,3.0619452758379366,3.043027779251846,3.0457303524017334,117600,0.0,0.0
2008-06-10 00:00:00-04:00,3.045733370648084,3.045733370648084,3.010600658078581,3.0214107036590576,98500,0.0,0.0
2008-06-11 00:00:00-04:00,3.02821136086426,3.039094410071089,3.0227697065246653,3.0309321880340576,95200,0.075,0.0
2008-06-12 00:00:00-04:00,3.03637357723114,3.03637357723114,3.025490528044634,3.0282113552093506,173900,0.0,0.0
2008-06-13 00:00:00-04:00,3.025490328378032,3.0390942038314694,3.025490328378032,3.0363733768463135,57500,0.0,0.0
2008-06-16 00:00:00-04:00,3.0336527500664237,3.03637357723114,3.0227697008799175,3.0282113552093506,112100,0.0,0.0
2008-06-17 00:00:00-04:00,3.036375126331081,3.0608620643615723,3.030933728697912,3.0608620643615723,124300,0.0,0.0
2008-06-18 00:00:00-04:00,3.0526983626205197,3.0690228071019208,3.0472567081451416,3.0472567081451416,146600,0.0,0.0
2008-06-19 00:00:00-04:00,3.055419616468396,3.055419616468396,3.0363743404727632,3.041815996170044,56700,0.0,0.0
2008-06-20 00:00:00-04:00,3.044536071016722,3.0499777258318925,3.022769970700807,3.0336530208587646,76900,0.0,0.0
2008-06-23 00:00:00-04:00,3.0445357992529294,3.0445357992529294,3.025490528044634,3.0282113552093506,52200,0.0,0.0
2008-06-24 00:00:00-04:00,3.02821245850765,3.0309332866636725,2.998284127208766,3.001004695892334,170800,0.0,0.0
2008-06-25 00:00:00-04:00,3.0173298932904475,3.0173298932904475,2.9955637834673645,3.0064468383789062,132900,0.0,0.0
2008-06-26 00:00:00-04:00,2.987401140141042,2.9982844539511566,2.960193634033203,2.960193634033203,81200,0.0,0.0
2008-06-27 00:00:00-04:00,2.9574727190345085,2.9683557730536636,2.9275443853499508,2.932985782623291,136900,0.0,0.0
2008-06-30 00:00:00-04:00,2.9384267330169678,2.9493097844200062,2.9248228538950665,2.9384267330169678,120200,0.0,0.0
2008-07-01 00:00:00-04:00,2.9465885162353516,2.9737962704120493,2.9357054664591473,2.9465885162353516,151800,0.0,0.0
2008-07-02 00:00:00-04:00,2.9411475607358306,2.960192835823045,2.9221020261762036,2.9384267330169678,59600,0.0,0.0
2008-07-03 00:00:00-04:00,2.9520319721385038,2.9520319721385038,2.8948958610818702,2.9139411449432373,105900,0.0,0.0
2008-07-07 00:00:00-04:00,2.9139405520731074,2.924823606275699,2.8568044526413803,2.881291389465332,94000,0.0,0.0
2008-07-08 00:00:00-04:00,2.8540816495719716,2.8649646962449205,2.8431986028990224,2.862244129180908,90500,0.0,0.0
2008-07-09 00:00:00-04:00,2.873128921316004,2.878570318222046,2.854083383463713,2.878570318222046,147100,0.0,0.0
2008-07-10 00:00:00-04:00,2.8676873900352344,2.881291272102471,2.848642110824585,2.848642110824585,107300,0.0,0.0
2008-07-11 00:00:00-04:00,2.8061647519896744,2.863713064307671,2.800684097235061,2.8527514934539795,265800,0.075,0.0
2008-07-14 00:00:00-04:00,2.8500127608062105,2.8609743382960566,2.808906910555443,2.8226089477539062,170200,0.0,0.0
2008-07-15 00:00:00-04:00,2.7842428892884676,2.7952044651776116,2.699290741483746,2.745877504348755,216600,0.0,0.0
2008-07-16 00:00:00-04:00,2.7677993380675905,2.797943592071533,2.712991223377571,2.797943592071533,149700,0.0,0.0
2008-07-17 00:00:00-04:00,2.852753858439235,2.852753858439235,2.78150345815012,2.8171286582946777,104000,0.0,0.0
2008-07-18 00:00:00-04:00,2.822609578937539,2.8253500392589697,2.8006864190554546,2.8171286582946777,56000,0.0,0.0
2008-07-21 00:00:00-04:00,2.8253500392589697,2.8308306985571505,2.7979459587340236,2.8171286582946777,44200,0.0,0.0
2008-07-22 00:00:00-04:00,2.808905297125774,2.8582324981689453,2.7979437259322326,2.8582324981689453,99500,0.0,0.0
2008-07-23 00:00:00-04:00,2.8363114173102018,2.8445325363446305,2.825349838149409,2.833570957183838,70100,0.0,0.0
2008-07-24 00:00:00-04:00,2.808907538675066,2.8308306985571505,2.808907538675066,2.8171286582946777,86000,0.0,0.0
2008-07-25 00:00:00-04:00,2.8116464500587885,2.828088680239977,2.8006848761564838,2.8034250736236572,70000,0.0,0.0
2008-07-28 00:00:00-04:00,2.7979459290254454,2.8500133678563744,2.795205468733113,2.8089075088500977,158700,0.0,0.0
2008-07-29 00:00:00-04:00,2.8226073152420503,2.844530457542051,2.8198668571184324,2.8308284282684326,119100,0.0,0.0
2008-07-30 00:00:00-04:00,2.8253500392589697,2.8390518181767623,2.811647998996497,2.8171286582946777,95000,0.0,0.0
2008-07-31 00:00:00-04:00,2.808907231911984,2.81438815195627,2.78150315437986,2.7924647331237793,126500,0.0,0.0
2008-08-01 00:00:00-04:00,2.8198668571184324,2.8308284282684326,2.7979437148184316,2.8308284282684326,106400,0.0,0.0
2008-08-04 00:00:00-04:00,2.819868803024292,2.8253497230537445,2.808907224310039,2.819868803024292,71900,0.0,0.0
2008-08-05 00:00:00-04:00,2.811647056812604,2.828089290542029,2.808906597409502,2.8253490924835205,51300,0.0,0.0
2008-08-06 00:00:00-04:00,2.825348377982982,2.825348377982982,2.7705402491597098,2.778761625289917,88700,0.0,0.0
2008-08-07 00:00:00-04:00,2.767800209944922,2.776021325200353,2.7458770617007464,2.7540981769561768,107000,0.0,0.0
2008-08-08 00:00:00-04:00,2.754098685329527,2.806166106684327,2.7458775685565775,2.7897238731384277,149700,0.0,0.0
2008-08-11 00:00:00-04:00,2.8006861131902077,2.8034263118676983,2.78150315437986,2.7924647331237793,55100,0.0,0.0
2008-08-12 00:00:00-04:00,2.784242835400477,2.786983294655869,2.770540800468099,2.776021718978882,79200,0.0,0.0
2008-08-13 00:00:00-04:00,2.7774011980763014,2.796726966283095,2.7746402988199463,2.7912051677703857,84800,0.075,0.0
2008-08-14 00:00:00-04:00,2.7939662931272404,2.7939662931272404,2.7774014228362964,2.788444757461548,118900,0.0,0.0
2008-08-15 00:00:00-04:00,2.7746398464491753,2.7856831783802707,2.769118048836727,2.7801613807678223,77200,0.0,0.0
2008-08-18 00:00:00-04:00,2.785684360773681,2.8077710340106368,2.7635976875367247,2.777401924133301,221600,0.0,0.0
2008-08-19 00:00:00-04:00,2.76359651451808,2.7912047126989177,2.76359651451808,2.7801613807678223,420100,0.0,0.0
2008-08-20 00:00:00-04:00,2.771878242492676,2.78292157161441,2.7608349133709416,2.771878242492676,96200,0.0,0.0
2008-08-21 00:00:00-04:00,2.766358904982246,2.7774022428680576,2.7442719659166785,2.7553153038024902,264500,0.0,0.0
2008-08-22 00:00:00-04:00,2.7277067777031934,2.777401924133301,2.7277067777031934,2.777401924133301,245600,0.0,0.0
2008-08-25 00:00:00-04:00,2.7635976875367247,2.777401924133301,2.747032550962051,2.777401924133301,82600,0.0,0.0
2008-08-26 00:00:00-04:00,2.7691190242767334,2.782923259876684,2.760836588234321,2.7691190242767334,156400,0.0,0.0
2008-08-27 00:00:00-04:00,2.763597992913838,2.763597992913838,2.7525546550750732,2.7525546550750732,156300,0.0,0.0
2008-08-28 00:00:00-04:00,2.752554152191909,2.777401723613041,2.7470323526343705,2.7691190242767334,204900,0.0,0.0
2008-08-29 00:00:00-04:00,2.7691190246677433,2.77740172400522,2.7635974884033203,2.7635974884033203,126000,0.0,0.0
2008-09-02 00:00:00-04:00,2.7884459339339394,2.8050108112137657,2.7635983547202225,2.7967283725738525,185400,0.0,0.0
2008-09-03 00:00:00-04:00,2.774641974204707,2.788446215527915,2.7691201723578223,2.7829244136810303,157000,0.0,0.0
2008-09-04 00:00:00-04:00,2.788445059827961,2.788445059827961,2.7553147890658436,2.7635974884033203,92400,0.0,0.0
2008-09-05 00:00:00-04:00,2.7277053932624207,2.7718787173162607,2.7249444946856105,2.766357183456421,106700,0.0,0.0
2008-09-08 00:00:00-04:00,2.796727521491952,2.796727521491952,2.755314814306877,2.758075714111328,86800,0.0,0.0
2008-09-09 00:00:00-04:00,2.7387504286207447,2.766358904982246,2.7387504286207447,2.7553153038024902,118200,0.0,0.0
2008-09-10 00:00:00-04:00,2.7718807130763143,2.7718807130763143,2.7332288950529224,2.738750696182251,98200,0.0,0.0
2008-09-11 00:00:00-04:00,2.737361461329177,2.740140306967171,2.698454707060871,2.70957088470459,177500,0.065,0.0
2008-09-12 00:00:00-04:00,2.7345829856991926,2.7345829856991926,2.687339153484543,2.698455333709717,76600,0.0,0.0
2008-09-15 00:00:00-04:00,2.6790016174712403,2.6790016174712403,2.612304282718687,2.6373157501220703,265600,0.0,0.0
2008-09-16 00:00:00-04:00,2.54004833903093,2.5511645133033203,2.487246312464201,2.520594835281372,378600,0.0,0.0
2008-09-17 00:00:00-04:00,2.465013544587495,2.465013544587495,2.278817458426539,2.3121659755706787,541000,0.0,0.0
2008-09-18 00:00:00-04:00,2.3149459976803057,2.3621898151864804,2.2649230697254015,2.3538527488708496,607900,0.0,0.0
2008-09-19 00:00:00-04:00,2.420549171407976,2.640093803405762,2.4122121072899687,2.6400938034057617,305700,0.0,0.0
2008-09-22 00:00:00-04:00,2.6373130913910665,2.6373130913910665,2.5011399783967447,2.512256145477295,177800,0.0,0.0
2008-09-23 00:00:00-04:00,2.4872441644428744,2.495581221689535,2.440000398328015,2.4650118350982666,191200,0.0,0.0
2008-09-24 00:00:00-04:00,2.4511189117143632,2.4733512623624803,2.4094333205067753,2.4177703857421875,240300,0.0,0.0
2008-09-25 00:00:00-04:00,2.3621880542955624,2.4316641735395494,2.3594089459185157,2.398315668106079,342200,0.0,0.0
2008-09-26 00:00:00-04:00,2.320504618496328,2.3510740436090525,2.2510284354878225,2.3288416862487793,389900,0.0,0.0
2008-09-29 00:00:00-04:00,2.292713437400096,2.292713437400096,2.0481573056070883,2.0592734813690186,595400,0.0,0.0
2008-09-30 00:00:00-04:00,2.078726718302337,2.145423768481164,2.075947608287256,2.131528615951538,551400,0.0,0.0
2008-10-01 00:00:00-04:00,2.170435269117919,2.212120992516357,2.0648314718459457,2.195446729660034,182000,0.0,0.0
2008-10-02 00:00:00-04:00,2.1954467992943196,2.2093419525243454,2.1398657888284194,2.1593191623687744,164200,0.0,0.0
2008-10-03 00:00:00-04:00,2.1426443241680992,2.2260157512429415,2.1426443241680992,2.162097692489624,199300,0.0,0.0
2008-10-06 00:00:00-04:00,2.1398637954629276,2.1398637954629276,1.9092031680641481,1.9620050191879272,317900,0.0,0.0
2008-10-07 00:00:00-04:00,1.9759012216015446,2.0314820739259067,1.9092040662971053,1.9592269659042358,181300,0.0,0.0
2008-10-08 00:00:00-04:00,1.7869265089543447,1.8619607447576472,1.7396828388313483,1.8313913345336914,326100,0.0,0.0
2008-10-09 00:00:00-04:00,1.8286129165219038,1.8397290939919533,1.6479748338606657,1.6618701219558716,540700,0.0,0.0
2008-10-10 00:00:00-04:00,1.582999921245055,1.6138740713890958,1.0890141881187692,1.5886133909225464,487800,0.059,0.0
2008-10-13 00:00:00-04:00,1.6166807512964194,1.82157244600001,1.6166807512964194,1.8159589767456055,134600,0.0,0.0
2008-10-14 00:00:00-04:00,1.9647175611349184,1.9815579813129263,1.8271873960966403,1.85806143283844,373100,0.0,0.0
2008-10-15 00:00:00-04:00,1.8243800416971918,1.8271868444640265,1.6896565871107394,1.7205307483673096,359800,0.0,0.0
2008-10-16 00:00:00-04:00,1.7233367666535395,1.7429839770964215,1.6587817995819805,1.7064963579177856,152900,0.0,0.0
2008-10-17 00:00:00-04:00,1.5773861826107887,1.7149163670128644,1.5773861826107887,1.7121095657348633,487000,0.0,0.0
2008-10-20 00:00:00-04:00,1.7429847517686536,1.807539747531779,1.726144335548151,1.799119472503662,254500,0.0,0.0
2008-10-21 00:00:00-04:00,1.7429846270829457,1.7766654571145675,1.7261442120671349,1.7485980987548828,235400,0.0,0.0
2008-10-22 00:00:00-04:00,1.7373711634611508,1.7373711634611508,1.686849918179627,1.7205307483673096,223100,0.0,0.0
2008-10-23 00:00:00-04:00,1.7850862459459886,1.7991198622520166,1.7036908163294417,1.7429851293563843,337500,0.0,0.0
2008-10-24 00:00:00-04:00,1.6307141810261847,1.7205298132117806,1.6279075136205736,1.71772301197052,224200,0.0,0.0
2008-10-27 00:00:00-04:00,1.6615891144110129,1.717723827532042,1.6615891144110129,1.6952699422836304,242700,0.0,0.0
2008-10-28 00:00:00-04:00,1.6980768615755213,1.7261442200652566,1.6700093692500635,1.7205307483673096,183200,0.0,0.0
2008-10-29 00:00:00-04:00,1.7008838573670892,1.7878927523237116,1.6980771878966163,1.7766658067703247,268100,0.0,0.0
2008-10-30 00:00:00-04:00,1.7794718228827062,1.8749008178710935,1.7794718228827062,1.8749008178710938,308700,0.0,0.0
2008-10-31 00:00:00-04:00,1.8524469366973555,1.9001615011093935,1.8524469366973555,1.8749008178710938,295300,0.0,0.0
2008-11-03 00:00:00-05:00,1.8889349366638,1.9478764533996582,1.8692877198066087,1.9478764533996582,162200,0.0,0.0
2008-11-04 00:00:00-05:00,1.9647167140039905,2.0348851680755615,1.9647167140039905,2.0348851680755615,306400,0.0,0.0
2008-11-05 00:00:00-05:00,2.0348841573764,2.0348841573764,1.987169610893182,2.020850419998169,277200,0.0,0.0
2008-11-06 00:00:00-05:00,2.0264638881823336,2.029270689192235,1.987169610893182,2.020850419998169,185700,0.0,0.0
2008-11-07 00:00:00-05:00,2.0208515937171154,2.0320785366060994,1.99559103913476,1.998397707939148,173800,0.0,0.0
2008-11-10 00:00:00-05:00,1.9983970800711974,2.006817351510264,1.939455581504755,1.950682520866394,85900,0.0,0.0
2008-11-11 00:00:00-05:00,1.9422635020037218,1.9422635020037218,1.8243804369703773,1.8412208557128906,224700,0.0,0.0
2008-11-12 00:00:00-05:00,1.8239432702008693,1.8409365141252203,1.7672989887360684,1.8126144409179688,234900,0.059,0.0
2008-11-13 00:00:00-05:00,1.8126144409179688,1.8126144409179688,1.7134871171674395,1.8126144409179688,292600,0.0,0.0
2008-11-14 00:00:00-05:00,1.7871239824935878,1.8012850824621824,1.7531375046292703,1.7559696435928345,117600,0.0,0.0
2008-11-17 00:00:00-05:00,1.7559702805909458,1.7559702805909458,1.6936617152365592,1.721983790397644,153900,0.0,0.0
2008-11-18 00:00:00-05:00,1.733312920938624,1.7361451964708718,1.6455144051938926,1.6625076532363892,159900,0.0,0.0
2008-11-19 00:00:00-05:00,1.6483463747814746,1.6483463747814746,1.5067358656609107,1.6030309200286865,337400,0.0,0.0
2008-11-20 00:00:00-05:00,1.5435548622628459,1.5548836948810794,1.4727495908737183,1.4727495908737183,336100,0.0,0.0
2008-11-21 00:00:00-05:00,1.472749573236729,1.501071789493476,1.4019443026955336,1.4585886001586914,282300,0.0,0.0
2008-11-24 00:00:00-05:00,1.4670850612334636,1.5095682477952157,1.4161053183895573,1.5010716915130615,150400,0.0,0.0
2008-11-25 00:00:00-05:00,1.5378894612641552,1.5378894612641552,1.4500909971638325,1.4869097471237183,154800,0.0,0.0
2008-11-26 00:00:00-05:00,1.4642526998945242,1.552051200181487,1.4500915948271436,1.540722370147705,131900,0.0,0.0
2008-11-28 00:00:00-05:00,1.5067352590367915,1.5378894612641552,1.4784130605751864,1.4869097471237183,76600,0.0,0.0
2008-12-01 00:00:00-05:00,1.450091792523079,1.4670850398904989,1.379286527633667,1.379286527633667,117200,0.0,0.0
2008-12-02 00:00:00-05:00,1.37362218349243,1.4274342038212482,1.3622933513232403,1.4132730960845947,187800,0.0,0.0
2008-12-03 00:00:00-05:00,1.4161046099039836,1.4359301230607329,1.399111370791167,1.4217690229415894,102200,0.0,0.0
2008-12-04 00:00:00-05:00,1.4302662952494085,1.4359307106047396,1.39911194326993,1.4330984354019165,128800,0.0,0.0
2008-12-05 00:00:00-05:00,1.3991117932524748,1.4302661418914795,1.3622930298654963,1.4302661418914795,152900,0.0,0.0
2008-12-08 00:00:00-05:00,1.4444266948294204,1.4472589689120545,1.3651249112193211,1.4246013164520264,255800,0.0,0.0
2008-12-09 00:00:00-05:00,1.4047768155252165,1.4104412327228844,1.3509647846221924,1.3509647846221924,205800,0.0,0.0
2008-12-10 00:00:00-05:00,1.3452999298691273,1.4529239566707328,1.3424676546663041,1.4330984354019165,610500,0.0,0.0
2008-12-11 00:00:00-05:00,1.4643345065750955,1.4815282412735302,1.4414095269771823,1.4614688158035278,586500,0.059,0.0
2008-12-12 00:00:00-05:00,1.4614677666688511,1.4929896593093872,1.4328115627427087,1.4929896593093872,702000,0.0,0.0
2008-12-15 00:00:00-05:00,1.4987219155054232,1.501587469517722,1.4414094688229344,1.4786624908447266,900000,0.0,0.0
2008-12-16 00:00:00-05:00,1.4987218079171396,1.6190780739540391,1.4987218079171396,1.5760936737060547,1226200,0.0,0.0
2008-12-17 00:00:00-05:00,1.5760926223539773,1.6563301250697056,1.5760926223539773,1.653464436531067,967100,0.0,0.0
2008-12-18 00:00:00-05:00,1.6620629848269197,1.7337036283687062,1.6162128800424715,1.639137864112854,1298400,0.0,0.0
2008-12-19 00:00:00-05:00,1.702180897776271,1.73370280421017,1.6047496251498294,1.6190778017044067,478800,0.0,0.0
2008-12-22 00:00:00-05:00,1.6706587424655472,1.6878524697835318,1.6334055982881148,1.6563307046890259,558900,0.0,0.0
2008-12-23 00:00:00-05:00,1.6849880330555915,1.7193755104705164,1.667794294348129,1.7165098190307617,483500,0.0,0.0
2008-12-24 00:00:00-05:00,1.7337023357925427,1.7480303718323036,1.7021804378753378,1.7251054048538208,239000,0.0,0.0
2008-12-26 00:00:00-05:00,1.7480316598787082,1.8053442561995878,1.6706597709926505,1.73370361328125,360200,0.0,0.0
2008-12-29 00:00:00-05:00,1.768089361554878,1.768089361554878,1.693583100128066,1.7050455808639526,287000,0.0,0.0
2008-12-30 00:00:00-05:00,1.7021818282489836,1.7394349983398885,1.6878536438621143,1.7308380603790283,268900,0.0,0.0
2008-12-31 00:00:00-05:00,1.7222412590618614,1.7394349983398885,1.7136443211010015,1.7308380603790283,336600,0.0,0.0
2009-01-02 00:00:00-05:00,1.7594943944084072,1.862656972694818,1.7480319008925504,1.8569257259368896,438600,0.0,0.0
2009-01-05 00:00:00-05:00,1.8626568169415412,1.891313048334981,1.813941155250849,1.8368661403656006,498000,0.0,0.0
2009-01-06 00:00:00-05:00,1.8511933194765486,1.9600870763030789,1.8511933194765486,1.8827152252197266,1001600,0.0,0.0
2009-01-07 00:00:00-05:00,1.856923117024524,1.8913105492589481,1.842594951938426,1.8511918783187866,301200,0.0,0.0
2009-01-08 00:00:00-05:00,1.819672401529537,1.8626568169415412,1.819672401529537,1.8368661403656006,257400,0.0,0.0
2009-01-09 00:00:00-05:00,1.8483278261413236,1.8999091567783288,1.8339997850205343,1.8970434665679932,514800,0.0,0.0
2009-01-12 00:00:00-05:00,1.8683861177434435,1.9228329690194643,1.86265487743247,1.8769830465316772,209700,0.0,0.0
2009-01-13 00:00:00-05:00,1.8593427779722302,1.8738011754873236,1.8159678611979455,1.8188594579696655,275200,0.059,0.0
2009-01-14 00:00:00-05:00,1.789944212481173,1.7957275484711928,1.752352459603242,1.7581357955932617,240600,0.0,0.0
2009-01-15 00:00:00-05:00,1.7350028685559562,1.8304280042648315,1.7234361937964344,1.8304280042648315,493100,0.0,0.0
2009-01-16 00:00:00-05:00,1.879584964373759,1.9518766937727496,1.8362098991572582,1.9287433624267578,283100,0.0,0.0
2009-01-20 00:00:00-05:00,1.931636189893243,1.931636189893243,1.7986193120682692,1.8015110492706299,306300,0.0,0.0
2009-01-21 00:00:00-05:00,1.8304278396961007,1.876694534574477,1.8044027548842005,1.8622362613677979,188200,0.0,0.0
2009-01-22 00:00:00-05:00,1.9200704291208432,1.9200704291208432,1.8448870186512942,1.8795870542526245,297500,0.0,0.0
2009-01-23 00:00:00-05:00,1.8651288747787478,1.8738039537272149,1.8333205737010063,1.8651288747787476,145500,0.0,0.0
2009-01-26 00:00:00-05:00,1.9489869798365915,1.9489869798365915,1.853561820119788,1.8709118366241455,361700,0.0,0.0
2009-01-27 00:00:00-05:00,1.8853693756098184,1.9027193840432253,1.8275360141651287,1.841994285583496,169700,0.0,0.0
2009-01-28 00:00:00-05:00,1.8709110945658787,1.9403112709428356,1.8506694856153818,1.9374195337295532,283900,0.0,0.0
2009-01-29 00:00:00-05:00,1.9432015186150149,1.9807932489258446,1.9142848560241932,1.9229599237442017,233300,0.0,0.0
2009-01-30 00:00:00-05:00,1.925853062506162,1.9518781486110457,1.9229614628754161,1.9489864110946655,159300,0.0,0.0
2009-02-02 00:00:00-05:00,1.922961078827509,2.0183861916398915,1.920069341888658,1.9952528476715088,163500,0.0,0.0
2009-02-03 00:00:00-05:00,2.1340526103907265,2.1340526103907265,2.0241691112584435,2.079110860824585,367000,0.0,0.0
2009-02-04 00:00:00-05:00,2.0675444663761473,2.0993528809656374,1.9952527027817755,2.047302722930908,222300,0.0,0.0
2009-02-05 00:00:00-05:00,2.0357363483729216,2.03862808552308,1.9374194914374103,2.009711265563965,319100,0.0,0.0
2009-02-06 00:00:00-05:00,2.009711031406786,2.032844512255853,1.9576610097389857,1.983686089515686,446100,0.0,0.0
2009-02-09 00:00:00-05:00,2.003927782716849,2.0183861916398915,1.9779028396952216,1.9952528476715088,252200,0.0,0.0
2009-02-10 00:00:00-05:00,1.9923617334524124,2.0299534980932776,1.9923617334524124,2.024170160293579,120000,0.0,0.0
2009-02-11 00:00:00-05:00,2.0005488840117733,2.029711375807744,1.9830513889341914,2.0180463790893555,93700,0.059,0.0
2009-02-12 00:00:00-05:00,2.012212876793245,2.0326265413367364,1.9888828949963058,2.0005478858947754,144100,0.0,0.0
2009-02-13 00:00:00-05:00,2.0005484563523535,2.0355434390266023,2.0005484563523535,2.0092971324920654,137800,0.0,0.0
2009-02-17 00:00:00-05:00,1.9276431136353396,1.9655542938381065,1.8955642943335205,1.9334756135940552,184700,0.0,0.0
2009-02-18 00:00:00-05:00,1.9305590445708896,1.9451403621120014,1.7235051142105033,1.7876627445220947,791900,0.0,0.0
2009-02-19 00:00:00-05:00,1.7497498224004178,1.7730797977832038,1.6914248839434527,1.7176710367202759,481400,0.0,0.0
2009-02-20 00:00:00-05:00,1.6972588351612652,1.7030913340151084,1.6331012087112486,1.6710125207901,408600,0.0,0.0
2009-02-23 00:00:00-05:00,1.6331005279629822,1.6855931348240807,1.6010217281098313,1.636016845703125,578500,0.0,0.0
2009-02-24 00:00:00-05:00,1.6185185700563645,1.6447647216771852,1.586439785789121,1.638932228088379,796100,0.0,0.0
2009-02-25 00:00:00-05:00,1.7205882123782974,1.7205882123782974,1.6126869528216856,1.6447656154632568,191900,0.0,0.0
2009-02-26 00:00:00-05:00,1.6068541299982277,1.6855928897857666,1.6068541299982277,1.6855928897857666,304600,0.0,0.0
2009-02-27 00:00:00-05:00,1.621435686922377,1.679760795666682,1.621435686922377,1.6768444776535034,172600,0.0,0.0
2009-03-02 00:00:00-05:00,1.6593471128405108,1.6680957894294615,1.6185196309574241,1.6651796102523804,426600,0.0,0.0
2009-03-03 00:00:00-05:00,1.653513918271577,1.662262591171899,1.598105146691494,1.6185189485549927,227300,0.0,0.0
2009-03-04 00:00:00-05:00,1.6389327089149877,1.6739276807145769,1.6010214199366044,1.6272677183151245,155600,0.0,0.0
2009-03-05 00:00:00-05:00,1.595189315490243,1.6156031235706267,1.5485293416581556,1.5572781562805176,369700,0.0,0.0
2009-03-06 00:00:00-05:00,1.5572775279719084,1.563110022347706,1.498952445156299,1.5164499282836914,383100,0.0,0.0
2009-03-09 00:00:00-04:00,1.5193666132723551,1.5193666132723551,1.466874151166783,1.4931203126907349,405200,0.0,0.0
2009-03-10 00:00:00-04:00,1.496037084484907,1.6068546772003174,1.4931207661755859,1.6068546772003174,305600,0.0,0.0
2009-03-11 00:00:00-04:00,1.615961489494364,1.6482807585122758,1.6042090535060483,1.6247758865356445,118000,0.041,0.0
2009-03-12 00:00:00-04:00,1.6100852723064165,1.721733554351408,1.6100852723064165,1.7041049003601074,275700,0.0,0.0
2009-03-13 00:00:00-04:00,1.6864768796586296,1.7452392266771426,1.6600339565954434,1.69529128074646,221500,0.0,0.0
2009-03-16 00:00:00-04:00,1.6952915437286467,1.7187964301421879,1.668848476463326,1.6747246980667114,99500,0.0,0.0
2009-03-17 00:00:00-04:00,1.6629725323781768,1.689415604056339,1.6600344911362683,1.6864774227142334,102300,0.0,0.0
2009-03-18 00:00:00-04:00,1.6629722548599408,1.7129202085388024,1.65415799250495,1.6747246980667114,129400,0.0,0.0
2009-03-19 00:00:00-04:00,1.677662289408549,1.6894147284856564,1.627714353280779,1.6717860698699951,176200,0.0,0.0
2009-03-20 00:00:00-04:00,1.6894147284856564,1.7217340059977648,1.6600336307928873,1.6717860698699951,87300,0.0,0.0
2009-03-23 00:00:00-04:00,1.6952923636523793,1.7187972614340028,1.6835399147615675,1.6923543214797974,203000,0.0,0.0
2009-03-24 00:00:00-04:00,1.6659107644286417,1.7276111734889767,1.6659107644286417,1.7129205465316772,199300,0.0,0.0
2009-03-25 00:00:00-04:00,1.7452400128974506,1.7628686829145703,1.712920714482623,1.7393637895584106,230300,0.0,0.0
2009-03-26 00:00:00-04:00,1.759930312149239,1.7716828976651116,1.7393636027219124,1.7658066749572754,259700,0.0,0.0
2009-03-27 00:00:00-04:00,1.765806415191579,1.7716826370349712,1.707044056657478,1.7158584594726562,115600,0.0,0.0
2009-03-30 00:00:00-04:00,1.6982305013131882,1.7011685434085886,1.6453443425935972,1.6659111976623535,140000,0.0,0.0
2009-03-31 00:00:00-04:00,1.6659112643355984,1.733487916437227,1.6659112643355984,1.7246735095977783,85900,0.0,0.0
2009-04-01 00:00:00-04:00,1.6776628777876137,1.7481775369807042,1.6776628777876137,1.745239496231079,123400,0.0,0.0
2009-04-02 00:00:00-04:00,1.7628680958180052,1.809877866874431,1.7628680958180052,1.7922492027282715,130900,0.0,0.0
2009-04-03 00:00:00-04:00,1.7716832160949705,1.783435663622945,1.7540544047027833,1.7716832160949707,110600,0.0,0.0
2009-04-06 00:00:00-04:00,1.7511148102319114,1.7687434658932941,1.7334861545705287,1.7569910287857056,103400,0.0,0.0
2009-04-07 00:00:00-04:00,1.7276110992715503,1.7658066156395047,1.7187966954557934,1.7599302530288696,172600,0.0,0.0
2009-04-08 00:00:00-04:00,1.7746209331423684,1.804002046585083,1.7716828918481968,1.804002046585083,76000,0.0,0.0
2009-04-09 00:00:00-04:00,1.8216311271237353,1.868641059376766,1.8069406371261016,1.862764835357666,213400,0.0,0.0
2009-04-13 00:00:00-04:00,1.8482746850441858,1.8926333056876796,1.8482746850441858,1.8837615251541138,120800,0.041,0.0
2009-04-14 00:00:00-04:00,1.8808033671748985,1.9074184127162719,1.8660171210869518,1.8748888969421387,188300,0.0,0.0
2009-04-15 00:00:00-04:00,1.8482728353027575,1.9044603464174046,1.8453155310805005,1.8926314115524292,115200,0.0,0.0
2009-04-16 00:00:00-04:00,1.919247508049011,1.9517771674601092,1.8985469310700342,1.9192475080490112,174900,0.0,0.0
2009-04-17 00:00:00-04:00,1.9310761301148398,1.9488195380148572,1.925161660814834,1.9281188249588013,497500,0.0,0.0
2009-04-20 00:00:00-04:00,1.9015035823480624,1.9222042947481557,1.877845705897708,1.8955891132354736,199400,0.0,0.0
2009-04-21 00:00:00-04:00,1.8630590743899904,1.9044603464174046,1.8630590743899904,1.8926314115524292,362600,0.0,0.0
2009-04-22 00:00:00-04:00,1.8837615251541138,1.904462252390989,1.8719325784508045,1.8837615251541138,255700,0.0,0.0
2009-04-23 00:00:00-04:00,1.8985464182978014,1.919246989685828,1.877845705897708,1.8955891132354736,263100,0.0,0.0
2009-04-24 00:00:00-04:00,1.8926326579475254,1.9133332370876062,1.8896753517777314,1.9103760719299316,244900,0.0,0.0
2009-04-27 00:00:00-04:00,1.8808021960177885,1.9281179284168253,1.8808021960177885,1.9251607656478882,128900,0.0,0.0
2009-04-28 00:00:00-04:00,1.9044612261434375,1.9251619422254207,1.9015039205551147,1.9015039205551147,133700,0.0,0.0
2009-04-29 00:00:00-04:00,1.9103745287671865,1.9281179284168253,1.9103745287671865,1.9251607656478882,204300,0.0,0.0
2009-04-30 00:00:00-04:00,1.9517773389816284,1.9636062814411683,1.9222049828327783,1.9517773389816284,140300,0.0,0.0
2009-05-01 00:00:00-04:00,1.960649096595725,2.016836643218994,1.9458628481640852,2.016836643218994,159100,0.0,0.0
2009-05-04 00:00:00-04:00,2.0168372652641797,2.0523241032306423,2.0168372652641797,2.0404951572418213,154800,0.0,0.0
2009-05-05 00:00:00-04:00,2.025709045509063,2.031623518915909,1.996136678474833,2.0050084590911865,142300,0.0,0.0
2009-05-06 00:00:00-04:00,2.0197944312553053,2.043452323232947,1.9990938462809487,2.0404951572418213,204300,0.0,0.0
2009-05-07 00:00:00-04:00,2.0611958859501396,2.064153193159647,2.0050084590911865,2.0050084590911865,331400,0.0,0.0
2009-05-08 00:00:00-04:00,2.040493848166895,2.0818951325668533,2.040493848166895,2.06119441986084,358500,0.0,0.0
2009-05-11 00:00:00-04:00,2.052322845345637,2.067108948263063,2.0375366014161376,2.0434510707855225,181300,0.0,0.0
2009-05-12 00:00:00-04:00,2.0552807450251125,2.0611952165110448,2.043451802053248,2.052323579788208,134100,0.0,0.0
2009-05-13 00:00:00-04:00,2.0436965094272272,2.052621010895748,2.0288225294465443,2.0466713905334473,196200,0.041,0.0
2009-05-14 00:00:00-04:00,2.0585695622548634,2.0585695622548634,2.0407207104367657,2.0555946826934814,120500,0.0,0.0
2009-05-15 00:00:00-04:00,2.0466703184634727,2.055594673407173,2.0377458216697084,2.0407207012176514,73400,0.0,0.0
2009-05-18 00:00:00-04:00,2.0496450513425084,2.079393137501676,2.043695434110675,2.076418399810791,144700,0.0,0.0
2009-05-19 00:00:00-04:00,2.100217925206499,2.1091424264685554,2.0883186847571813,2.1031928062438965,122100,0.0,0.0
2009-05-20 00:00:00-04:00,2.1150919614164283,2.1329408213707706,2.0555956197184915,2.0645201206207275,286300,0.0,0.0
2009-05-21 00:00:00-04:00,2.05262028622108,2.0883179957918596,2.05262028622108,2.0704691410064697,194500,0.0,0.0
2009-05-22 00:00:00-04:00,2.076417934560729,2.094266782256949,2.0317957443951626,2.079392671585083,206500,0.0,0.0
2009-05-26 00:00:00-04:00,2.0883178576194252,2.118065946960142,2.0734437420240273,2.0972423553466797,150800,0.0,0.0
2009-05-27 00:00:00-04:00,2.121040952499374,2.126990570720056,2.10914171605801,2.1180660724639893,184200,0.0,0.0
2009-05-28 00:00:00-04:00,2.121040815459089,2.1507889046404767,2.121040815459089,2.144839286804199,125900,0.0,0.0
2009-05-29 00:00:00-04:00,2.150789835641609,2.171613578007484,2.150789835641609,2.165663957595825,163000,0.0,0.0
2009-06-01 00:00:00-04:00,2.1775636568334322,2.2073117651542096,2.162689531747959,2.189462900161743,201600,0.0,0.0
2009-06-02 00:00:00-04:00,2.189462078516748,2.189462078516748,2.159713981359615,2.1864871978759766,119400,0.0,0.0
2009-06-03 00:00:00-04:00,2.1656636007910417,2.1864871978759766,2.1567391007188434,2.1864871978759766,173600,0.0,0.0
2009-06-04 00:00:00-04:00,2.2013611840748313,2.2221847798987806,2.1864870654719177,2.2162351608276367,173000,0.0,0.0
2009-06-05 00:00:00-04:00,2.231108917716863,2.2370585358234374,2.207310445290563,2.222184419631958,241700,0.0,0.0
2009-06-08 00:00:00-04:00,2.207310547614466,2.2459831380249833,2.20433566749823,2.237058639526367,104500,0.0,0.0
2009-06-09 00:00:00-04:00,2.22813508184451,2.263832949062095,2.210286219160793,2.2340848445892334,178800,0.0,0.0
2009-06-10 00:00:00-04:00,2.263830180785499,2.263830180785499,2.207308780477979,2.231107234954834,204900,0.0,0.0
2009-06-11 00:00:00-04:00,2.2433720899828957,2.2732836893233834,2.2343985388658716,2.2583279609680176,163300,0.041,0.0
2009-06-12 00:00:00-04:00,2.213461986494464,2.2792675495147705,2.213461986494464,2.2792675495147705,130200,0.0,0.0
2009-06-15 00:00:00-04:00,2.237390747703024,2.27627591515072,2.07586789806009,2.255337715148926,226600,0.0,0.0
2009-06-16 00:00:00-04:00,2.243373286187459,2.291231870651245,2.243373286187459,2.291231870651245,121200,0.0,0.0
2009-06-17 00:00:00-04:00,2.318152285019216,2.318152285019216,2.276276025613285,2.288240671157837,109700,0.0,0.0
2009-06-18 00:00:00-04:00,2.288240457567947,2.3031961917877197,2.285249225146105,2.3031961917877197,80700,0.0,0.0
2009-06-19 00:00:00-04:00,2.303195525881822,2.321142629964336,2.2882397959860894,2.294222116470337,107500,0.0,0.0
2009-06-22 00:00:00-04:00,2.276276534001021,2.288241182217779,2.219444383656491,2.222435474395752,138300,0.0,0.0
2009-06-23 00:00:00-04:00,2.2224350506335853,2.234399696568988,2.2104704046981825,2.2134616374969482,112700,0.0,0.0
2009-06-24 00:00:00-04:00,2.22542670776487,2.2433736800900075,2.219444383656491,2.222435474395752,135800,0.0,0.0
2009-06-25 00:00:00-04:00,2.225426220419596,2.252346744326915,2.225426220419596,2.240381956100464,107500,0.0,0.0
2009-06-26 00:00:00-04:00,2.2553379644554057,2.2553379644554057,2.228417438995832,2.2373909950256348,98300,0.0,0.0
2009-06-29 00:00:00-04:00,2.2433736060491487,2.2792675495147705,2.2433736060491487,2.2792675495147705,102000,0.0,0.0
2009-06-30 00:00:00-04:00,2.291231870651245,2.3121700726690677,2.2822584573792017,2.291231870651245,156000,0.0,0.0
2009-07-01 00:00:00-04:00,2.2882403484371863,2.324134280008562,2.2882403484371863,2.3002049922943115,121200,0.0,0.0
2009-07-02 00:00:00-04:00,2.2822584573792017,2.291231870651245,2.2673025784193523,2.291231870651245,83900,0.0,0.0
2009-07-06 00:00:00-04:00,2.288240440706758,2.288240440706758,2.2493552752882167,2.2702934741973877,118800,0.0,0.0
2009-07-07 00:00:00-04:00,2.2673027298213815,2.2702939628650274,2.2463646690352252,2.252346992492676,128400,0.0,0.0
2009-07-08 00:00:00-04:00,2.2553360729393734,2.2583273033172198,2.228415570057616,2.2343978881835938,128700,0.0,0.0
2009-07-09 00:00:00-04:00,2.243372826116622,2.2942226329960342,2.2314081824543845,2.273284435272217,146100,0.0,0.0
2009-07-10 00:00:00-04:00,2.303196680533024,2.3061879135896146,2.2822586196562598,2.285249710083008,139500,0.0,0.0
2009-07-13 00:00:00-04:00,2.3005863669984374,2.3456959317237702,2.29457176792835,2.3216373920440674,121000,0.041,0.0
2009-07-14 00:00:00-04:00,2.3156233132390884,2.3216379136605125,2.2855503111319675,2.3035941123962402,78800,0.0,0.0
2009-07-15 00:00:00-04:00,2.3276527722205245,2.345696718885271,2.303594367866731,2.333667516708374,202200,0.0,0.0
2009-07-16 00:00:00-04:00,2.3276529778580963,2.354718756846953,2.3276529778580963,2.3456969261169434,87100,0.0,0.0
2009-07-17 00:00:00-04:00,2.3487034706295344,2.3487034706295344,2.309608499796416,2.3126158714294434,82000,0.0,0.0
2009-07-20 00:00:00-04:00,2.312616301793696,2.351711279902159,2.312616301793696,2.330660104751587,152400,0.0,0.0
2009-07-21 00:00:00-04:00,2.330658627525014,2.3727608077414017,2.3276512572384753,2.3547170162200928,142300,0.0,0.0
2009-07-22 00:00:00-04:00,2.348704155227142,2.3577261293565654,2.330660350367709,2.3456969261169434,179200,0.0,0.0
2009-07-23 00:00:00-04:00,2.3517123919459846,2.3787780374815335,2.342690414501157,2.3757708072662354,231800,0.0,0.0
2009-07-24 00:00:00-04:00,2.3607308379438128,2.390803813934326,2.3607308379438128,2.390803813934326,79500,0.0,0.0
2009-07-27 00:00:00-04:00,2.3787779136264007,2.4329094886779785,2.3787779136264007,2.4329094886779785,138500,0.0,0.0
2009-07-28 00:00:00-04:00,2.411857296327688,2.435915698906621,2.3968205796167688,2.4208791255950928,131100,0.0,0.0
2009-07-29 00:00:00-04:00,2.4118582501230943,2.4479458682627326,2.4118582501230943,2.4359166622161865,108100,0.0,0.0
2009-07-30 00:00:00-04:00,2.444937408157098,2.4900468390785733,2.444937408157098,2.4689958095550537,68700,0.0,0.0
2009-07-31 00:00:00-04:00,2.4870401077269415,2.5171129703521733,2.4870401077269415,2.517112970352173,108200,0.0,0.0
2009-08-03 00:00:00-04:00,2.5742520496487336,2.5742520496487336,2.508091289069292,2.5682373046875,222000,0.0,0.0
2009-08-04 00:00:00-04:00,2.571244041608082,2.5892876984341013,2.5562074697205635,2.574251413345337,265500,0.0,0.0
2009-08-05 00:00:00-04:00,2.4659883251942043,2.5892876984341013,2.4659883251942043,2.574251413345337,98300,0.0,0.0
2009-08-06 00:00:00-04:00,2.577258935922765,2.586281052666556,2.571244478225708,2.571244478225708,108900,0.0,0.0
2009-08-07 00:00:00-04:00,2.5802655077027077,2.62236784571604,2.5742510518714967,2.6073312759399414,153100,0.0,0.0
2009-08-10 00:00:00-04:00,2.6133460987346298,2.625375298884894,2.559214841457818,2.574251413345337,149200,0.0,0.0
2009-08-11 00:00:00-04:00,2.5772577254366995,2.5832724671075566,2.550191961515178,2.556206703186035,206800,0.0,0.0
2009-08-12 00:00:00-04:00,2.5444227720635273,2.5837072433886066,2.538378874234018,2.5655758380889893,166600,0.041,0.0
2009-08-13 00:00:00-04:00,2.5685975688246123,2.5837070239260638,2.5565100623812285,2.574641466140747,105500,0.0,0.0
2009-08-14 00:00:00-04:00,2.5776619165973687,2.5837058110763635,2.5595308095378857,2.568596363067627,186900,0.0,0.0
2009-08-17 00:00:00-04:00,2.4567882845046047,2.5262913807965646,2.423547710824395,2.4900288581848145,227000,0.0,0.0
2009-08-18 00:00:00-04:00,2.4990930690580293,2.535355567932129,2.4960711221046736,2.535355567932129,91200,0.0,0.0
2009-08-19 00:00:00-04:00,2.526290029710147,2.541399478098246,2.5081589221954346,2.5081589221954346,84200,0.0,0.0
2009-08-20 00:00:00-04:00,2.493050807116355,2.5142038732593144,2.4688757920418545,2.4900288581848145,267100,0.0,0.0
2009-08-21 00:00:00-04:00,2.508160023346519,2.529313087463379,2.5021161260623397,2.529313087463379,111300,0.0,0.0
2009-08-24 00:00:00-04:00,2.559530567181529,2.568596119852873,2.535355567932129,2.535355567932129,113900,0.0,0.0
2009-08-25 00:00:00-04:00,2.544422709513917,2.5595321655273438,2.5383788118329846,2.5595321655273438,123100,0.0,0.0
2009-08-26 00:00:00-04:00,2.5262915273815865,2.562554052097426,2.5262915273815865,2.5534884929656982,129000,0.0,0.0
2009-08-27 00:00:00-04:00,2.5413983839683003,2.5595297718657952,2.5323328341138702,2.5565078258514404,134500,0.0,0.0
2009-08-28 00:00:00-04:00,2.5625536715084776,2.580685075267996,2.5625536715084776,2.574641466140747,106300,0.0,0.0
2009-08-31 00:00:00-04:00,2.5504655264423106,2.5625530298590493,2.53233441541161,2.5474438667297363,152700,0.0,0.0
2009-09-01 00:00:00-04:00,2.568596738685892,2.568596738685892,2.514202833175659,2.514202833175659,158100,0.0,0.0
2009-09-02 00:00:00-04:00,2.502114550284005,2.538377046585083,2.499092891733776,2.538377046585083,118900,0.0,0.0
2009-09-03 00:00:00-04:00,2.541400607279777,2.574641466140747,2.541400607279777,2.574641466140747,110700,0.0,0.0
2009-09-04 00:00:00-04:00,2.574639965498192,2.5988149642944336,2.5625521779113534,2.5988149642944336,118700,0.0,0.0
2009-09-08 00:00:00-04:00,2.607880830764771,2.6139244370970762,2.598815277171936,2.6078808307647705,112400,0.0,0.0
2009-09-09 00:00:00-04:00,2.604859899870691,2.6199693538800033,2.589750445861379,2.6139254570007324,157800,0.0,0.0
2009-09-10 00:00:00-04:00,2.6109027138079215,2.641121321103702,2.6109027138079215,2.635077714920044,161900,0.0,0.0
2009-09-11 00:00:00-04:00,2.639633809171563,2.654821634292603,2.6214086507732506,2.6548216342926025,113100,0.045,0.0
2009-09-14 00:00:00-04:00,2.6426723724293595,2.688235864004556,2.6396347483875915,2.6821606159210205,111300,0.0,0.0
2009-09-15 00:00:00-04:00,2.688236249336378,2.712536665786196,2.6821610003820164,2.6973488330841064,184500,0.0,0.0
2009-09-16 00:00:00-04:00,2.7094999736610297,2.7702510356903076,2.697349761255174,2.7702510356903076,245500,0.0,0.0
2009-09-17 00:00:00-04:00,2.7763247857029127,2.7763247857029127,2.7520243740293266,2.7672119140625,145200,0.0,0.0
2009-09-18 00:00:00-04:00,2.767212707625262,2.7884757912001534,2.767212707625262,2.779362916946411,115600,0.0,0.0
2009-09-21 00:00:00-04:00,2.779361570627503,2.794549397342937,2.767211367191896,2.7915117740631104,131700,0.0,0.0
2009-09-22 00:00:00-04:00,2.809738054638231,2.8158133029937744,2.791512599255388,2.8158133029937744,148500,0.0,0.0
2009-09-23 00:00:00-04:00,2.824925661087036,2.840113491083736,2.806700207154243,2.824925661087036,163900,0.0,0.0
2009-09-24 00:00:00-04:00,2.8188498509481947,2.8431502582222885,2.8188498509481947,2.8401129245758057,120100,0.0,0.0
2009-09-25 00:00:00-04:00,2.824925298490956,2.870488492948985,2.8188500513985653,2.8553006649017334,112100,0.0,0.0
2009-09-28 00:00:00-04:00,2.8735261689519467,2.8856763736748072,2.846188135904578,2.8492257595062256,143000,0.0,0.0
2009-09-29 00:00:00-04:00,2.849227040336668,2.8735274607063057,2.849227040336668,2.8704898357391357,140600,0.0,0.0
2009-09-30 00:00:00-04:00,2.8704894254852817,2.885677258466607,2.867451800952253,2.8735270500183105,237800,0.0,0.0
2009-10-01 00:00:00-04:00,2.903901825600963,2.903901825600963,2.840113178385013,2.8492257595062256,129300,0.0,0.0
2009-10-02 00:00:00-04:00,2.8127755218458717,2.8401135585526136,2.8097378978376177,2.827963352203369,93200,0.0,0.0
2009-10-05 00:00:00-04:00,2.827962906579788,2.855300649294945,2.824925283050196,2.8461880683898926,219900,0.0,0.0
2009-10-06 00:00:00-04:00,2.852262511865052,2.8765629138880517,2.8340370655059814,2.8340370655059814,259800,0.0,0.0
2009-10-07 00:00:00-04:00,2.8279634606590673,2.8613764569799742,2.8249258365343177,2.8583388328552246,125100,0.0,0.0
2009-10-08 00:00:00-04:00,2.8644144661030437,2.873527050018311,2.8522642576547477,2.8735270500183105,103200,0.0,0.0
2009-10-09 00:00:00-04:00,2.852264665303838,2.8765650856734757,2.8431517904023282,2.8704898357391357,185900,0.0,0.0
2009-10-12 00:00:00-04:00,2.8583390842935725,2.876564540961523,2.8067006283654883,2.8674516677856445,273000,0.0,0.0
2009-10-13 00:00:00-04:00,2.8384554404680076,2.8659244100934655,2.8384554404680076,2.8567678928375244,122100,0.045,0.0
2009-10-14 00:00:00-04:00,2.868977131273602,2.872029304585708,2.8140394670120235,2.823195695877075,512500,0.0,0.0
2009-10-15 00:00:00-04:00,2.79877918567632,2.856769029344776,2.79877918567632,2.835404396057129,178100,0.0,0.0
2009-10-16 00:00:00-04:00,2.8323507953483844,2.8445591926574707,2.826246742229417,2.8445591926574707,210600,0.0,0.0
2009-10-19 00:00:00-04:00,2.835403802515031,2.859820604324341,2.8292997475983226,2.859820604324341,128000,0.0,0.0
2009-10-20 00:00:00-04:00,2.8537156602419134,2.8659240573426543,2.8476113161559695,2.8628718852996826,154800,0.0,0.0
2009-10-21 00:00:00-04:00,2.8506655033965687,2.8811863721887163,2.8506655033965687,2.8781344890594482,134700,0.0,0.0
2009-10-22 00:00:00-04:00,2.8842375290363194,2.890341875284383,2.8659250724346284,2.8750813007354736,146700,0.0,0.0
2009-10-23 00:00:00-04:00,2.8781354869380795,2.911708541570964,2.875083311679239,2.8995001316070557,226800,0.0,0.0
2009-10-26 00:00:00-04:00,2.899497145515819,2.911705542906724,2.890340920240429,2.89339280128479,148000,0.0,0.0
2009-10-27 00:00:00-04:00,2.8842387199401855,2.890343068708738,2.8689781390901734,2.8842387199401855,142900,0.0,0.0
2009-10-28 00:00:00-04:00,2.832350730895996,2.862871869009755,2.7652046927595584,2.832350730895996,293300,0.0,0.0
2009-10-29 00:00:00-04:00,2.856767589966557,2.8659241062517355,2.8231945701343575,2.8445591926574707,243800,0.0,0.0
2009-10-30 00:00:00-04:00,2.847613234455211,2.8506654085542853,2.7621543971805402,2.774362802505493,221300,0.0,0.0
2009-11-02 00:00:00-05:00,2.9910614441164523,2.9910614441164523,2.7682577405442292,2.823195695877075,193100,0.0,0.0
2009-11-03 00:00:00-05:00,2.7865701327392536,2.8140391068903834,2.7865701327392536,2.8079347610473633,95800,0.0,0.0
2009-11-04 00:00:00-05:00,2.8170900971789727,2.8231944410900707,2.804881700427915,2.8201422691345215,106500,0.0,0.0
2009-11-05 00:00:00-05:00,2.8140395890254464,2.8323520475495565,2.810987415581001,2.8293001651763916,170600,0.0,0.0
2009-11-06 00:00:00-05:00,2.826247040018461,2.8384554386138916,2.8109864690063766,2.8384554386138916,93100,0.0,0.0
2009-11-09 00:00:00-05:00,2.844559379719123,2.8598199501268224,2.838455326198746,2.8537158966064453,128800,0.0,0.0
2009-11-10 00:00:00-05:00,2.852184145855265,2.855251080660289,2.818448447958001,2.8307158946990967,115200,0.045,0.0
2009-11-11 00:00:00-05:00,2.8399154239101616,2.8613833729476004,2.836848490482279,2.8521828651428223,115100,0.0,0.0
2009-11-12 00:00:00-05:00,2.8399154743303368,2.90431961506496,2.8123136579470875,2.892052173614502,306300,0.0,0.0
2009-11-13 00:00:00-05:00,2.9043182634352394,2.919652631231627,2.867515956211152,2.8797833919525146,127300,0.0,0.0
2009-11-16 00:00:00-05:00,2.888984221066522,2.898184725789244,2.858315482019088,2.867516279220581,154200,0.0,0.0
2009-11-17 00:00:00-05:00,2.858317424978523,2.88285231590271,2.855250782972228,2.88285231590271,132000,0.0,0.0
2009-11-18 00:00:00-05:00,2.8889852220698664,2.8981857299804688,2.8797847141592645,2.8981857299804688,105700,0.0,0.0
2009-11-19 00:00:00-05:00,2.870584540530201,2.8951194286346436,2.870584540530201,2.8951194286346436,80700,0.0,0.0
2009-11-20 00:00:00-05:00,2.9104514122009277,2.913518343810352,2.8859165442829258,2.9104514122009277,145800,0.0,0.0
2009-11-23 00:00:00-05:00,2.8797869876431323,2.9227229201081664,2.8797869876431323,2.919656276702881,238400,0.0,0.0
2009-11-24 00:00:00-05:00,2.901251300985804,2.931920036257284,2.901251300985804,2.9227192401885986,149100,0.0,0.0
2009-11-25 00:00:00-05:00,2.9380547109652255,2.9533890843585078,2.9288542039207943,2.950322151184082,162600,0.0,0.0
2009-11-27 00:00:00-05:00,2.8583187853330894,2.92885684967041,2.8583187853330894,2.92885684967041,60900,0.0,0.0
2009-11-30 00:00:00-05:00,2.92885468539087,2.9411221276263535,2.9227208180336812,2.934988260269165,196300,0.0,0.0
2009-12-01 00:00:00-05:00,3.020860648396442,3.020860648396442,2.931921619069464,2.934988260269165,178300,0.0,0.0
2009-12-02 00:00:00-05:00,2.938054705376522,2.968723452104749,2.938054705376522,2.9656565189361572,227400,0.0,0.0
2009-12-03 00:00:00-05:00,2.9595247127982445,2.9717921615334446,2.956458069973731,2.9625916481018066,137300,0.0,0.0
2009-12-04 00:00:00-05:00,2.968722245012321,3.005524550634946,2.968722245012321,3.002457618713379,206100,0.0,0.0
2009-12-07 00:00:00-05:00,2.9932608195016512,3.020862655994781,2.9932608195016512,3.0147287845611572,180900,0.0,0.0
2009-12-08 00:00:00-05:00,2.9779264333966804,3.0147287845611572,2.9779264333966804,3.0147287845611572,112200,0.0,0.0
2009-12-09 00:00:00-05:00,2.996324609393737,3.005525114405524,2.984056879406312,2.9901907444000244,143500,0.0,0.0
2009-12-10 00:00:00-05:00,3.005528628092021,3.0116622077775634,2.9809937243916065,2.9871273040771484,183700,0.0,0.0
2009-12-11 00:00:00-05:00,2.9843492421759246,3.0182621948303603,2.9843492421759246,3.005930185317993,165100,0.051,0.0
2009-12-14 00:00:00-05:00,3.0213487425100225,3.0367638456183736,3.0090167188270684,3.030597686767578,188200,0.0,0.0
2009-12-15 00:00:00-05:00,3.009014889210437,3.049094015314781,3.009014889210437,3.036761999130249,126100,0.0,0.0
2009-12-16 00:00:00-05:00,3.0367595860895613,3.0460085173740494,3.0213445046032654,3.039842367172241,180400,0.0,0.0
2009-12-17 00:00:00-05:00,3.0120979667611847,3.0398447826625383,3.0120979667611847,3.036761999130249,121600,0.0,0.0
2009-12-18 00:00:00-05:00,3.0213467996002046,3.0614259243011475,3.0213467996002046,3.0614259243011475,112400,0.0,0.0
2009-12-21 00:00:00-05:00,3.0675921316064656,3.1385014507065616,3.0675921316064656,3.1076712608337402,208200,0.0,0.0
2009-12-22 00:00:00-05:00,3.1015041800787624,3.1847451895840315,3.1015041800787624,3.178579330444336,283700,0.0,0.0
2009-12-23 00:00:00-05:00,3.175496125355468,3.23715618434892,3.1693299724469464,3.2063260078430176,162400,0.0,0.0
2009-12-24 00:00:00-05:00,3.1970770724985877,3.206326007843017,3.1847450606998975,3.2063260078430176,95900,0.0,0.0
2009-12-28 00:00:00-05:00,3.190913168281857,3.2032451876348333,3.1754980705860034,3.193995952606201,181500,0.0,0.0
2009-12-29 00:00:00-05:00,3.1939952148160042,3.209410308951081,3.175497337068685,3.20324444770813,129700,0.0,0.0
2009-12-30 00:00:00-05:00,3.212494191913354,3.215577270316951,3.200162172317505,3.200162172317505,168400,0.0,0.0
2009-12-31 00:00:00-05:00,3.271069224707216,3.271069224707216,3.178579280924153,3.190911293029785,138600,0.0,0.0
2010-01-04 00:00:00-05:00,3.178580715168757,3.227908785849183,3.1600825416543503,3.221742630004883,289400,0.0,0.0
2010-01-05 00:00:00-05:00,3.1970758242247372,3.2371549204264918,3.1939927489742397,3.2279059886932373,248900,0.0,0.0
2010-01-06 00:00:00-05:00,3.2371563052207817,3.25873725316971,3.2124922807024734,3.240239381790161,258100,0.0,0.0
2010-01-07 00:00:00-05:00,3.221742584141458,3.252572774887085,3.221742584141458,3.252572774887085,212200,0.0,0.0
2010-01-08 00:00:00-05:00,3.237156663821747,3.2926508721445784,3.237156663821747,3.286484718322754,229400,0.0,0.0
2010-01-11 00:00:00-05:00,3.289568759240273,3.3142327937185603,3.2741536641867226,3.3049838542938232,212000,0.0,0.0
2010-01-12 00:00:00-05:00,3.292652722907092,3.308067528089345,3.2618225245054617,3.267988681793213,360400,0.0,0.0
2010-01-13 00:00:00-05:00,3.262102373428922,3.283787965774536,3.255906700930184,3.283787965774536,190800,0.051,0.0
2010-01-14 00:00:00-05:00,3.283785992664331,3.302373294432109,3.2806880105564233,3.296177625656128,172800,0.0,0.0
2010-01-15 00:00:00-05:00,3.2775903790551384,3.3023736476898193,3.2775903790551384,3.3023736476898193,82100,0.0,0.0
2010-01-19 00:00:00-05:00,3.2992760330375757,3.345744888487621,3.2961783456928253,3.3302552700042725,202800,0.0,0.0
2010-01-20 00:00:00-05:00,3.327156125522283,3.3426457385973363,3.324058143819313,3.3333520889282227,240900,0.0,0.0
2010-01-21 00:00:00-05:00,3.339548922918322,3.3612345069709697,3.3240593044349733,3.3302552700042725,296000,0.0,0.0
2010-01-22 00:00:00-05:00,3.3395489794351376,3.3519406153435463,3.3302553263638073,3.336451292037964,240900,0.0,0.0
2010-01-25 00:00:00-05:00,3.351938930225069,3.3767221895826114,3.3209600037480187,3.3674285411834717,318700,0.0,0.0
2010-01-26 00:00:00-05:00,3.3829201369551862,3.395311773904329,3.311668002917669,3.3209619522094727,345400,0.0,0.0
2010-01-27 00:00:00-05:00,3.3488429279463725,3.3519406153435463,3.2992760888728334,3.336451292037964,293300,0.0,0.0
2010-01-28 00:00:00-05:00,3.320962778783638,3.348844042718725,3.3178647949152946,3.3271584510803223,279200,0.0,0.0
2010-01-29 00:00:00-05:00,3.3426457385973363,3.35503736996942,3.324058143819313,3.3333520889282227,251800,0.0,0.0
2010-02-01 00:00:00-05:00,3.4231925167843227,3.4231925167843227,3.3271571232716903,3.351940393447876,217700,0.0,0.0
2010-02-02 00:00:00-05:00,3.361235684245457,3.382920980453491,3.34884404420658,3.382920980453491,174200,0.0,0.0
2010-02-03 00:00:00-05:00,3.3767241582116223,3.382920124383132,3.3612348336627043,3.373626470565796,206800,0.0,0.0
2010-02-04 00:00:00-05:00,3.3829183383895107,3.392211987300315,3.330253835495333,3.348841428756714,206000,0.0,0.0
2010-02-05 00:00:00-05:00,3.348843209205026,3.358136863056901,3.299276365968526,3.3209619522094727,352500,0.0,0.0
2010-02-08 00:00:00-05:00,3.308568728764894,3.367428902189233,3.305470747153142,3.3612332344055176,146600,0.0,0.0
2010-02-09 00:00:00-05:00,3.3798214333506125,3.4108006668393087,3.37052778147995,3.407702684402466,228100,0.0,0.0
2010-02-10 00:00:00-05:00,3.426689389755233,3.4360263347625732,3.3986782579170827,3.4360263347625732,165100,0.051,0.0
2010-02-11 00:00:00-05:00,3.439138791464481,3.4640375096710545,3.420464604401484,3.442251205444336,202200,0.0,0.0
2010-02-12 00:00:00-05:00,3.439136181578994,3.4515855312347408,3.4297992435411615,3.451585531234741,265800,0.0,0.0
2010-02-16 00:00:00-05:00,3.457810553420769,3.47025990486145,3.432911850539406,3.47025990486145,268300,0.0,0.0
2010-02-17 00:00:00-05:00,3.470261851491007,3.4889360375352148,3.4453631346428075,3.4671497344970703,223700,0.0,0.0
2010-02-18 00:00:00-05:00,3.4640371386351037,3.510722156067924,3.45470019451176,3.50138521194458,337400,0.0,0.0
2010-02-19 00:00:00-05:00,3.5107230612085654,3.576082280555201,3.504498529126884,3.538734197616577,238900,0.0,0.0
2010-02-22 00:00:00-05:00,3.554293042714295,3.5636299815470833,3.5169449905672088,3.52316951751709,379100,0.0,0.0
2010-02-23 00:00:00-05:00,3.4733720299823965,3.5480681324556693,3.4733720299823965,3.535618782043457,257200,0.0,0.0
2010-02-24 00:00:00-05:00,3.5542955852021167,3.644553516658935,3.5418462255810432,3.569857358932495,357800,0.0,0.0
2010-02-25 00:00:00-05:00,3.541844383459301,3.5760800304071743,3.520058089657563,3.560518264770508,226900,0.0,0.0
2010-02-26 00:00:00-05:00,3.544957643294246,3.579193298425402,3.5356204035907886,3.5542945861816406,300200,0.0,0.0
2010-03-01 00:00:00-05:00,3.610316217046249,3.610316217046249,3.5636309169956095,3.5854175090789795,316600,0.0,0.0
2010-03-02 00:00:00-05:00,3.644550326605773,3.644550326605773,3.58230358298461,3.597865343093872,202500,0.0,0.0
2010-03-03 00:00:00-05:00,3.6009789333889466,3.6196531125361497,3.5542939307449513,3.579192638397217,257700,0.0,0.0
2010-03-04 00:00:00-05:00,3.5760812759399414,3.5885306334221303,3.563631918457752,3.5760812759399414,202300,0.0,0.0
2010-03-05 00:00:00-05:00,3.5791920828709207,3.657000606411593,3.576079670693463,3.600978374481201,211400,0.0,0.0
2010-03-08 00:00:00-05:00,3.6103158240950237,3.641439057258614,3.607203411733871,3.638326644897461,139600,0.0,0.0
2010-03-09 00:00:00-05:00,3.63210307197122,3.6881253219378487,3.63210307197122,3.6725635528564453,173400,0.0,0.0
2010-03-10 00:00:00-05:00,3.6756761617483686,3.7348105312270583,3.6756761617483686,3.7005748748779297,275800,0.0,0.0
2010-03-11 00:00:00-05:00,3.7196423215709933,3.73527113094124,3.710265155186743,3.732145309448242,307600,0.051,0.0
2010-03-12 00:00:00-05:00,3.735270819324024,3.735270819324024,3.700887680053711,3.700887680053711,304600,0.0,0.0
2010-03-15 00:00:00-04:00,3.700887449240714,3.7321447653293793,3.700887449240714,3.7165162563323975,195600,0.0,0.0
2010-03-16 00:00:00-04:00,3.722766879228565,3.7477728464938314,3.722766879228565,3.7446470260620117,277700,0.0,0.0
2010-03-17 00:00:00-04:00,3.7634028542837874,3.7977859957473252,3.7602770328521733,3.760277032852173,409000,0.0,0.0
2010-03-18 00:00:00-04:00,3.754026328938494,3.772780664540278,3.744648863042812,3.7509005069732666,218600,0.0,0.0
2010-03-19 00:00:00-04:00,3.78528094291687,3.7884067626430786,3.7477720004860964,3.78528094291687,212500,0.0,0.0
2010-03-22 00:00:00-04:00,3.7946563164055473,3.797781836319273,3.769650368529268,3.772775888442993,194300,0.0,0.0
2010-03-23 00:00:00-04:00,3.772778835007119,3.7915334596090156,3.7665274922029175,3.775904655456543,224200,0.0,0.0
2010-03-24 00:00:00-04:00,3.788408126067322,3.8071627530796692,3.7634021554473143,3.769653797149658,125200,0.0,0.0
2010-03-25 00:00:00-04:00,3.7915376252549224,3.7915376252549224,3.732148163845079,3.747776985168457,164600,0.0,0.0
2010-03-26 00:00:00-04:00,3.73214254783131,3.74152000537141,3.6258673785608955,3.64774751663208,362000,0.0,0.0
2010-03-29 00:00:00-04:00,3.6477475166320805,3.6758792930633315,3.632118718826438,3.64774751663208,161900,0.0,0.0
2010-03-30 00:00:00-04:00,3.6602529726007282,3.6665043170973237,3.622744011336977,3.6508758068084717,260400,0.0,0.0
2010-03-31 00:00:00-04:00,3.650876037293499,3.7446482973254906,3.6289955849372557,3.732145309448242,263200,0.0,0.0
2010-04-01 00:00:00-04:00,3.7602763345961425,3.78528230521615,3.7477733492861387,3.769653797149658,181600,0.0,0.0
2010-04-05 00:00:00-04:00,3.7696553092798237,3.797786813940772,3.7446490305343088,3.7571523189544678,258900,0.0,0.0
2010-04-06 00:00:00-04:00,3.772778813759097,3.7759046341909164,3.7383956832930174,3.7446470260620117,143800,0.0,0.0
2010-04-07 00:00:00-04:00,3.766531630375506,3.775908803931544,3.725896814172711,3.747776985168457,173700,0.0,0.0
2010-04-08 00:00:00-04:00,3.7665266207487713,3.78528094291687,3.7540236399385134,3.78528094291687,124800,0.0,0.0
2010-04-09 00:00:00-04:00,3.7977858467860623,3.813414655236382,3.7634027066711404,3.77903151512146,244100,0.0,0.0
2010-04-12 00:00:00-04:00,3.782155269382124,3.8009095907969908,3.7665264694733587,3.7884066104888916,94400,0.0,0.0
2010-04-13 00:00:00-04:00,3.8138339365604668,3.8389455771803624,3.8075561760826777,3.8358068466186523,202900,0.051,0.0
2010-04-14 00:00:00-04:00,3.8452241844923263,3.882891650785232,3.8452241844923263,3.867196798324585,148700,0.0,0.0
2010-04-15 00:00:00-04:00,3.8797503933195223,3.8828894218806296,3.8452219772100604,3.8515000343322754,213300,0.0,0.0
2010-04-16 00:00:00-04:00,3.8640566076014204,3.8860292131331455,3.8358059437153176,3.838944673538208,173500,0.0,0.0
2010-04-19 00:00:00-04:00,3.8515033734357345,3.860920167928811,3.791862976485751,3.8044188022613525,192700,0.0,0.0
2010-04-20 00:00:00-04:00,3.8106937629207875,3.8358053940311176,3.7887208611835566,3.823249578475952,133700,0.0,0.0
2010-04-21 00:00:00-04:00,3.8358068027654997,3.8358068027654997,3.7541938220067013,3.7604715824127197,150200,0.0,0.0
2010-04-22 00:00:00-04:00,3.7416382336545215,3.7824447265620984,3.73849920357985,3.7793056964874268,82900,0.0,0.0
2010-04-23 00:00:00-04:00,3.8169725129385443,3.8326673612996873,3.798138934388639,3.829528331756592,134200,0.0,0.0
2010-04-26 00:00:00-04:00,3.8483610057711677,3.8546387635391426,3.8201103474296807,3.8515000343322754,100900,0.0,0.0
2010-04-27 00:00:00-04:00,3.8577799049807466,3.8577799049807466,3.798139826426429,3.8106956481933594,129900,0.0,0.0
2010-04-28 00:00:00-04:00,3.8389464357549725,3.8389464357549725,3.6788597658385878,3.713388204574585,410500,0.0,0.0
2010-04-29 00:00:00-04:00,3.7322216194860265,3.74791617189367,3.713387737500696,3.7447774410247803,110900,0.0,0.0
2010-04-30 00:00:00-04:00,3.7573328518868934,3.763610612292912,3.7322212115540885,3.7604715824127197,102500,0.0,0.0
2010-05-03 00:00:00-04:00,3.7761635780334473,3.7855806605555915,3.757330011697438,3.7761635780334473,89800,0.0,0.0
2010-05-04 00:00:00-04:00,3.7887202055017366,3.7887202055017366,3.6945517548120654,3.719663381576538,312000,0.0,0.0
2010-05-05 00:00:00-04:00,3.67257890556895,3.710246346215058,3.55329852717917,3.5972440242767334,410400,0.0,0.0
2010-05-06 00:00:00-04:00,3.5941081743954864,3.597247205397124,2.8407580965617893,3.430882453918457,691000,0.0,0.0
2010-05-07 00:00:00-04:00,3.484242165656309,3.484242165656309,3.352405956186876,3.455991506576538,267500,0.0,0.0
2010-05-10 00:00:00-04:00,3.5501622924209086,3.590968490606319,3.4999387035880605,3.5062167644500732,137200,0.0,0.0
2010-05-11 00:00:00-04:00,3.5093523640529702,3.5909649799917336,3.496796553958228,3.5878262519836426,123800,0.0,0.0
2010-05-12 00:00:00-04:00,3.613367104377277,3.632285388999453,3.569224640722821,3.6070609092712402,120700,0.051,0.0
2010-05-13 00:00:00-04:00,3.6291320713653707,3.6480500541443726,3.5944486017773425,3.6354379653930664,170600,0.0,0.0
2010-05-14 00:00:00-04:00,3.6512054803170133,3.6512054803170133,3.547155606579697,3.578685998916626,212300,0.0,0.0
2010-05-17 00:00:00-04:00,3.5881428309839962,3.591295928454094,3.4651747359134992,3.515623092651367,220700,0.0,0.0
2010-05-18 00:00:00-04:00,3.547155369838042,3.5629205649543176,3.4367993047202017,3.4620234966278076,139300,0.0,0.0
2010-05-19 00:00:00-04:00,3.477788178949992,3.4998595691368224,3.370585228801521,3.4399518966674805,198600,0.0,0.0
2010-05-20 00:00:00-04:00,3.373739185190205,3.373739185190205,3.1845577256828617,3.2444651126861572,827000,0.0,0.0
2010-05-21 00:00:00-04:00,3.2286983225385,3.3264422539031955,3.1530257760796223,3.323289155960083,269200,0.0,0.0
2010-05-24 00:00:00-04:00,3.310677064883603,3.3422074429227875,3.2917587779208985,3.323289155960083,130000,0.0,0.0
2010-05-25 00:00:00-04:00,3.2917609265852623,3.304373025894165,3.228700430040749,3.304373025894165,201700,0.0,0.0
2010-05-26 00:00:00-04:00,3.3012182837848423,3.373737736958474,3.2980651856392087,3.3138303756713867,142900,0.0,0.0
2010-05-27 00:00:00-04:00,3.3863511066371155,3.3895042059725267,3.3232906234094055,3.35797381401062,186300,0.0,0.0
2010-05-28 00:00:00-04:00,3.3737377747094173,3.3895029649180017,3.3295956029605716,3.367431879043579,95000,0.0,0.0
2010-06-01 00:00:00-04:00,3.376891408337122,3.3989624977111816,3.3548203189630623,3.3989624977111816,67500,0.0,0.0
2010-06-02 00:00:00-04:00,3.3895051624505204,3.398964162429868,3.332750561182057,3.386352062225342,134900,0.0,0.0
2010-06-03 00:00:00-04:00,3.424188362838921,3.424188362838921,3.354821962062119,3.386352062225342,117000,0.0,0.0
2010-06-04 00:00:00-04:00,3.354821232725936,3.3768923281115675,3.3043725421791583,3.3201377391815186,83700,0.0,0.0
2010-06-07 00:00:00-04:00,3.329596765872055,3.3705858537560376,3.326443666589873,3.3422088623046875,48900,0.0,0.0
2010-06-08 00:00:00-04:00,3.3674309048556488,3.376889895965944,3.320135347912361,3.3390536308288574,80800,0.0,0.0
2010-06-09 00:00:00-04:00,3.380044486202313,3.380044486202313,3.3422082043529184,3.3737382888793945,90400,0.0,0.0
2010-06-10 00:00:00-04:00,3.4021172626550467,3.4021172626550467,3.3705868617956365,3.386352062225342,79400,0.0,0.0
2010-06-11 00:00:00-04:00,3.39300162672995,3.3961697679757843,3.3708252422702665,3.3866653442382812,47600,0.051,0.0
2010-06-14 00:00:00-04:00,3.3993393638766696,3.4056756496429443,3.383499253722453,3.4056756496429443,71800,0.0,0.0
2010-06-15 00:00:00-04:00,3.4310201884465723,3.4310201884465723,3.367658841437502,3.4056756496429443,120800,0.0,0.0
2010-06-16 00:00:00-04:00,3.4151801215133886,3.4278523921966553,3.396171866553871,3.4278523921966553,86900,0.0,0.0
2010-06-17 00:00:00-04:00,3.4531987270256277,3.4785432815551762,3.4436945946097777,3.478543281555176,82200,0.0,0.0
2010-06-18 00:00:00-04:00,3.510224026567061,3.5165603160858154,3.4848794727538692,3.5165603160858154,71900,0.0,0.0
2010-06-21 00:00:00-04:00,3.5577426050745187,3.5577426050745187,3.5355662108830774,3.5514066219329834,78800,0.0,0.0
2010-06-22 00:00:00-04:00,3.564081278952821,3.564081278952821,3.494383604901088,3.5165603160858154,109900,0.0,0.0
2010-06-23 00:00:00-04:00,3.5197262866759997,3.5197262866759997,3.488045762324901,3.513390302658081,72600,0.0,0.0
2010-06-24 00:00:00-04:00,3.5323984758111555,3.5323984758111555,3.4722052694333425,3.4943816661834717,96000,0.0,0.0
2010-06-25 00:00:00-04:00,3.516558089128407,3.516558089128407,3.462700870849216,3.4658687114715576,81500,0.0,0.0
2010-06-28 00:00:00-04:00,3.4626986923941376,3.481706932692599,3.456362410874296,3.4690346717834473,70800,0.0,0.0
2010-06-29 00:00:00-04:00,3.456364364869914,3.456364364869914,3.408843435128096,3.421515703201294,101700,0.0,0.0
2010-06-30 00:00:00-04:00,3.4120110662694225,3.4373555986170516,3.4120110662694225,3.4246833324432373,70300,0.0,0.0
2010-07-01 00:00:00-04:00,3.456365629358625,3.456365629358625,3.361323432973721,3.3803319931030273,118200,0.0,0.0
2010-07-02 00:00:00-04:00,3.399340415007857,3.4056767027334143,3.358155753315047,3.361323595046997,68400,0.0,0.0
2010-07-06 00:00:00-04:00,3.3930045812599356,3.3930045812599356,3.364491889480558,3.3739960193634033,73000,0.0,0.0
2010-07-07 00:00:00-04:00,3.3708272350682704,3.3708272350682704,3.342314551260516,3.367659091949463,125300,0.0,0.0
2010-07-08 00:00:00-04:00,3.380329998608778,3.3993382453918457,3.364489591535799,3.3993382453918457,78400,0.0,0.0
2010-07-09 00:00:00-04:00,3.427851321560001,3.4436917304992676,3.408843072537418,3.4436917304992676,85600,0.0,0.0
2010-07-12 00:00:00-04:00,3.4373561512833373,3.453196259949422,3.4373561512833373,3.450028419494629,46500,0.0,0.0
2010-07-13 00:00:00-04:00,3.472628223260563,3.472628223260563,3.434432531674064,3.4598963260650635,81000,0.051,0.0
2010-07-14 00:00:00-04:00,3.478993090635565,3.478993090635565,3.4344313144683833,3.434431314468384,87300,0.0,0.0
2010-07-15 00:00:00-04:00,3.431249747422871,3.4439816456051444,3.3898710024423826,3.412152051925659,128800,0.0,0.0
2010-07-16 00:00:00-04:00,3.396237103309718,3.431249747422871,3.386688255561112,3.412152051925659,107700,0.0,0.0
2010-07-19 00:00:00-04:00,3.424881935119629,3.434430777250288,3.383503214483816,3.424881935119629,84600,0.0,0.0
2010-07-20 00:00:00-04:00,3.4216988865586697,3.4376138258112467,3.3994181537363932,3.424881935119629,62900,0.0,0.0
2010-07-21 00:00:00-04:00,3.453530712327759,3.4630795598425097,3.431249663390155,3.450347661972046,97400,0.0,0.0
2010-07-22 00:00:00-04:00,3.485360120456063,3.5108239148470624,3.4376155818610323,3.4598963260650635,169500,0.0,0.0
2010-07-23 00:00:00-04:00,3.4821780659775805,3.5140079698440916,3.478995318432897,3.5108249187469482,94000,0.0,0.0
2010-07-26 00:00:00-04:00,3.507640400014819,3.5331041888290717,3.4980912515452443,3.523555040359497,88400,0.0,0.0
2010-07-27 00:00:00-04:00,3.5140079698440916,3.5235568195830607,3.501276069007979,3.5108249187469482,80200,0.0,0.0
2010-07-28 00:00:00-04:00,3.529921560480795,3.533104610350411,3.5108235648154427,3.5140066146850586,81900,0.0,0.0
2010-07-29 00:00:00-04:00,3.5299226898746263,3.545837640762329,3.5140077389869235,3.545837640762329,98100,0.0,0.0
2010-07-30 00:00:00-04:00,3.526738093593539,3.568116826348706,3.520372298159371,3.5649337768554688,112400,0.0,0.0
2010-08-02 00:00:00-04:00,3.599946714176468,3.599946714176468,3.555384931928063,3.5649337768554688,87400,0.0,0.0
2010-08-03 00:00:00-04:00,3.5776660442352295,3.5776660442352295,3.558568352389551,3.5776660442352295,68800,0.0,0.0
2010-08-04 00:00:00-04:00,3.5967664609971886,3.603132261380462,3.564936548423192,3.571302652359009,88200,0.0,0.0
2010-08-05 00:00:00-04:00,3.4535294890400756,3.5649334800577117,3.4471633905836083,3.555384635925293,60900,0.0,0.0
2010-08-06 00:00:00-04:00,3.564933564410163,3.568116613713713,3.533103982031531,3.549018621444702,34600,0.0,0.0
2010-08-09 00:00:00-04:00,3.568116529285945,3.5712995785141786,3.526737799975755,3.555384635925293,94400,0.0,0.0
2010-08-10 00:00:00-04:00,3.5553854004107475,3.5553854004107475,3.5203727620285434,3.533104658126831,76700,0.0,0.0
2010-08-11 00:00:00-04:00,3.5110405429173133,3.5430173560580447,3.5078431055660326,3.5174360275268555,93000,0.051,0.0
2010-08-12 00:00:00-04:00,3.485459522581825,3.520634081137577,3.485459522581825,3.5142385959625244,74400,0.0,0.0
2010-08-13 00:00:00-04:00,3.5430177189285565,3.555808384504152,3.5174363877773667,3.5494132041931152,93200,0.0,0.0
2010-08-16 00:00:00-04:00,3.5494148486673054,3.5494148486673054,3.5206357615502393,3.5270309448242188,60300,0.0,0.0
2010-08-17 00:00:00-04:00,3.5366230425667267,3.5526111480992952,3.504646221594458,3.5110414028167725,109900,0.0,0.0
2010-08-18 00:00:00-04:00,3.5334231142211348,3.53981829148833,3.5014463130250286,3.536620855331421,55300,0.0,0.0
2010-08-19 00:00:00-04:00,3.5398199762962776,3.5526106418718726,3.5238318730419254,3.5494132041931152,87500,0.0,0.0
2010-08-20 00:00:00-04:00,3.559005482212278,3.5622032242650974,3.5206334924388467,3.5462148189544678,68400,0.0,0.0
2010-08-23 00:00:00-04:00,3.5622017560859245,3.578189849853515,3.5558062746162156,3.5781898498535156,96400,0.0,0.0
2010-08-24 00:00:00-04:00,3.479063543848637,3.5813888435357164,3.479063543848637,3.5590052604675293,117200,0.0,0.0
2010-08-25 00:00:00-04:00,3.574994169198776,3.574994169198776,3.5078431055660326,3.5174360275268555,123600,0.0,0.0
2010-08-26 00:00:00-04:00,3.5014457702636714,3.520631908997955,3.491852853373195,3.501445770263672,86900,0.0,0.0
2010-08-27 00:00:00-04:00,3.5238315121363986,3.5238315121363986,3.491854698995667,3.5174360275268555,81500,0.0,0.0
2010-08-30 00:00:00-04:00,3.504644298202459,3.517434958580981,3.4982488155364986,3.498248815536499,67000,0.0,0.0
2010-08-31 00:00:00-04:00,3.514237217248001,3.520632699913961,3.4854581551579766,3.498248815536499,72000,0.0,0.0
2010-09-01 00:00:00-04:00,3.578193630830708,3.578193630830708,3.5110425292087752,3.5270309448242188,89800,0.0,0.0
2010-09-02 00:00:00-04:00,3.543016970910123,3.543016970910123,3.488656577452286,3.5238311290740967,125400,0.0,0.0
2010-09-03 00:00:00-04:00,3.53342404999211,3.539819228952966,3.504644982284613,3.5238311290740967,74400,0.0,0.0
2010-09-07 00:00:00-04:00,3.5238301958436535,3.5462137737089017,3.4982485719147425,3.536620855331421,82200,0.0,0.0
2010-09-08 00:00:00-04:00,3.543016032598616,3.571795092684436,3.5142369725127955,3.536620855331421,61500,0.0,0.0
2010-09-09 00:00:00-04:00,3.562202429263442,3.568597606988358,3.5366211084569836,3.5526092052459717,102800,0.0,0.0
2010-09-10 00:00:00-04:00,3.5749950533961075,3.5877857208251953,3.562204385967019,3.5877857208251953,72000,0.0,0.0
2010-09-13 00:00:00-04:00,3.621201538724354,3.621201538724354,3.582643667736794,3.5890700817108154,85900,0.054,0.0
2010-09-14 00:00:00-04:00,3.6019199336856205,3.614772445679804,3.5826410124803165,3.592280626296997,125800,0.0,0.0
2010-09-15 00:00:00-04:00,3.582642250584017,3.5858554563000093,3.553724318424573,3.5569372177124023,77200,0.0,0.0
2010-09-16 00:00:00-04:00,3.5665780592909946,3.5826434805300003,3.550512331623721,3.57943058013916,102800,0.0,0.0
2010-09-17 00:00:00-04:00,3.595495223999024,3.595495223999024,3.582642705929691,3.5954952239990234,59100,0.0,0.0
2010-09-20 00:00:00-04:00,3.595496098243095,3.614775033248864,3.573004262759928,3.6019225120544434,104600,0.0,0.0
2010-09-21 00:00:00-04:00,3.605136677302754,3.605136677302754,3.556939480190354,3.5665791034698486,105000,0.0,0.0
2010-09-22 00:00:00-04:00,3.589069304824675,3.589069304824675,3.5537249549030103,3.563364267349243,81900,0.0,0.0
2010-09-23 00:00:00-04:00,3.5794299923784427,3.5826428922417084,3.5601510610577596,3.563364267349243,103800,0.0,0.0
2010-09-24 00:00:00-04:00,3.585856428599188,3.585856428599188,3.5472988688369465,3.5505120754241943,113300,0.0,0.0
2010-09-27 00:00:00-04:00,3.5697907020911925,3.5697907020911925,3.534446348916199,3.5505120754241943,81400,0.0,0.0
2010-09-28 00:00:00-04:00,3.579428114013806,3.579428114013806,3.553723090027514,3.5601491928100586,138700,0.0,0.0
2010-09-29 00:00:00-04:00,3.5730020999908447,3.5826414084448346,3.5569363816154684,3.5730020999908447,92800,0.0,0.0
2010-09-30 00:00:00-04:00,3.5730052125611538,3.5890709449319536,3.556939480190354,3.5665791034698486,121900,0.0,0.0
2010-10-01 00:00:00-04:00,3.6115617290454396,3.6115617290454396,3.5730041665009433,3.57943058013916,106500,0.0,0.0
2010-10-04 00:00:00-04:00,3.601922603230574,3.601922603230574,3.5730043532040456,3.5890700817108154,74000,0.0,0.0
2010-10-05 00:00:00-04:00,3.5987084301234074,3.61156094819274,3.5890691181784584,3.5954952239990234,73500,0.0,0.0
2010-10-06 00:00:00-04:00,3.601921445771499,3.6051346517259626,3.569789999083237,3.585855722427368,69900,0.0,0.0
2010-10-07 00:00:00-04:00,3.595496098243095,3.6019225120544434,3.563364948471182,3.6019225120544434,79700,0.0,0.0
2010-10-08 00:00:00-04:00,3.614773827591982,3.614773827591982,3.585855587942738,3.6083474159240723,59800,0.0,0.0
2010-10-11 00:00:00-04:00,3.6404803198531606,3.6404803198531606,3.592283438747947,3.6372671127319336,104500,0.0,0.0
2010-10-12 00:00:00-04:00,3.6179865940738836,3.640478419323912,3.6083469777426114,3.6308391094207764,157900,0.0,0.0
2010-10-13 00:00:00-04:00,3.6353602409362793,3.6482744743291415,3.6159887368971804,3.6353602409362793,151700,0.054,0.0
2010-10-14 00:00:00-04:00,3.6482723520025595,3.6579579444378583,3.6256722257876195,3.6385867595672607,167200,0.0,0.0
2010-10-15 00:00:00-04:00,3.638588501705616,3.6579596958510465,3.5966171705244103,3.6095314025878906,115900,0.0,0.0
2010-10-18 00:00:00-04:00,3.6095303578879157,3.6127586840447323,3.5804732671801323,3.599844455718994,155400,0.0,0.0
2010-10-19 00:00:00-04:00,3.60307361654266,3.6127592122281196,3.5837024251717406,3.586930751800537,100100,0.0,0.0
2010-10-20 00:00:00-04:00,3.599845781577347,3.6289028829871444,3.586931548495171,3.625674247741699,118500,0.0,0.0
2010-10-21 00:00:00-04:00,3.6127579999074104,3.6385867595672607,3.6030724074721117,3.6385867595672607,92000,0.0,0.0
2010-10-22 00:00:00-04:00,3.62890085923253,3.65150098544747,3.6159866333523207,3.6385867595672607,119500,0.0,0.0
2010-10-25 00:00:00-04:00,3.6515017076952434,3.6676442623138428,3.645044439528209,3.6676442623138428,97400,0.0,0.0
2010-10-26 00:00:00-04:00,3.674101530480877,3.674101530480877,3.6515017076952434,3.6676442623138428,120200,0.0,0.0
2010-10-27 00:00:00-04:00,3.645046444010252,3.6611893154056236,3.6159893370785148,3.641817808151245,183500,0.0,0.0
2010-10-28 00:00:00-04:00,3.6611880959958234,3.6676450576635937,3.6192167675068583,3.657959461212158,92700,0.0,0.0
2010-10-29 00:00:00-04:00,3.6676442623138428,3.67087289639736,3.6515017076952434,3.6676442623138428,94800,0.0,0.0
2010-11-01 00:00:00-04:00,3.712846259881126,3.712846259881126,3.6418178104367116,3.661189317703247,143400,0.0,0.0
2010-11-02 00:00:00-04:00,3.674102702120835,3.6837882995605473,3.648274237015207,3.683788299560547,126900,0.0,0.0
2010-11-03 00:00:00-04:00,3.6999307388220646,3.6999307388220646,3.6418165451134827,3.6708736419677734,87300,0.0,0.0
2010-11-04 00:00:00-04:00,3.696701160336417,3.696701160336417,3.6547298431396484,3.6547298431396484,253500,0.0,0.0
2010-11-05 00:00:00-04:00,3.6611873020463017,3.674101530480877,3.654730033879267,3.6676442623138428,129400,0.0,0.0
2010-11-08 00:00:00-05:00,3.6741032600402836,3.6741032600402836,3.6579603899230433,3.674103260040283,117100,0.0,0.0
2010-11-09 00:00:00-05:00,3.674102523059181,3.6902453899383545,3.667645253147681,3.6902453899383545,139400,0.0,0.0
2010-11-10 00:00:00-05:00,3.6818137792506795,3.7077648639678955,3.6818137792506795,3.7077648639678955,72700,0.054,0.0
2010-11-11 00:00:00-05:00,3.704518199512096,3.7110058112796325,3.672079212591093,3.6818110942840576,100100,0.0,0.0
2010-11-12 00:00:00-05:00,3.6688359583418313,3.691543066026691,3.6558604240417485,3.655860424041748,85300,0.0,0.0
2010-11-15 00:00:00-05:00,3.6720817966045978,3.694789227172773,3.649374675397747,3.6591062545776367,149600,0.0,0.0
2010-11-16 00:00:00-05:00,3.6201762279050937,3.678566266858735,3.529347519035789,3.5942251682281494,172800,0.0,0.0
2010-11-17 00:00:00-05:00,3.6072025599960336,3.649373131078506,3.6007149464086035,3.642885208129883,81900,0.0,0.0
2010-11-18 00:00:00-05:00,3.655858642612941,3.6850533485412598,3.649370723943766,3.6850533485412598,95400,0.0,0.0
2010-11-19 00:00:00-05:00,3.698028528610983,3.711004055367616,3.681809352185912,3.701272487640381,133700,0.0,0.0
2010-11-22 00:00:00-05:00,3.69803297517794,3.7142524804665333,3.6915453586793023,3.7077648639678955,87000,0.0,0.0
2010-11-23 00:00:00-05:00,3.7012724876403813,3.711004055367616,3.6785653931565134,3.701272487640381,108400,0.0,0.0
2010-11-24 00:00:00-05:00,3.69154119369272,3.7142482898606377,3.681809625243753,3.698028802871704,106800,0.0,0.0
2010-11-26 00:00:00-05:00,3.707763427427285,3.7142510414123535,3.694787890095936,3.7142510414123535,44300,0.0,0.0
2010-11-29 00:00:00-05:00,3.7142482898606377,3.7142482898606377,3.672077747433803,3.698028802871704,97600,0.0,0.0
2010-11-30 00:00:00-05:00,3.7045167214116708,3.7110043305906544,3.6850532751527534,3.698028802871704,115200,0.0,0.0
2010-12-01 00:00:00-05:00,3.847251036385688,3.847251036385688,3.707764063485331,3.7207396030426025,100600,0.0,0.0
2010-12-02 00:00:00-05:00,3.7207398731260373,3.7304714511600765,3.70127640769667,3.7239835262298584,144300,0.0,0.0
2010-12-03 00:00:00-05:00,3.7142502459346702,3.7272257804870605,3.688299176829889,3.7272257804870605,90400,0.0,0.0
2010-12-06 00:00:00-05:00,3.7402016735525883,3.743445634841919,3.7012750661641474,3.743445634841919,117400,0.0,0.0
2010-12-07 00:00:00-05:00,3.730468399403421,3.762907378794821,3.707761299446062,3.746687889099121,183400,0.0,0.0
2010-12-08 00:00:00-05:00,3.7466892369962195,3.7466892369962195,3.711006284956286,3.7272257804870605,160100,0.0,0.0
2010-12-09 00:00:00-05:00,3.7402013150394513,3.743445276017835,3.681811564234267,3.7272257804870605,137600,0.0,0.0
2010-12-10 00:00:00-05:00,3.7304695447936083,3.7304695447936083,3.7012745162496166,3.717494010925293,90600,0.0,0.0
2010-12-13 00:00:00-05:00,3.74585843820334,3.74585843820334,3.6839166152606735,3.7099974155426025,119900,0.057,0.0
2010-12-14 00:00:00-05:00,3.729554629442797,3.729554629442797,3.661092510283526,3.6936936378479004,177900,0.0,0.0
2010-12-15 00:00:00-05:00,3.7099959442125434,3.7230363391818786,3.674134935773757,3.7132561206817627,144100,0.0,0.0
2010-12-16 00:00:00-05:00,3.7197779760972565,3.732818377423762,3.703477396712201,3.7262983322143555,115400,0.0,0.0
2010-12-17 00:00:00-05:00,3.7295559734723787,3.8795206546783447,3.7295559734723787,3.8795206546783447,327000,0.0,0.0
2010-12-20 00:00:00-05:00,3.8208385715749937,3.824098436381325,3.78497726053813,3.8110580444335938,142100,0.0,0.0
2010-12-21 00:00:00-05:00,3.7914958000183105,3.8306169571655913,3.7556348170267997,3.7914958000183105,106200,0.0,0.0
2010-12-22 00:00:00-05:00,3.781719400569832,3.824100463687225,3.781719400569832,3.82084059715271,184500,0.0,0.0
2010-12-23 00:00:00-05:00,3.8306196480465724,3.8338798244925063,3.784978110526112,3.788238286972046,157000,0.0,0.0
2010-12-27 00:00:00-05:00,3.843661217432481,3.846921394874629,3.798019665965306,3.82084059715271,88500,0.0,0.0
2010-12-28 00:00:00-05:00,3.827360017362759,3.8436605910092694,3.7817187842416287,3.8077995777130127,156800,0.0,0.0
2010-12-29 00:00:00-05:00,3.830619286201474,3.8469198559838333,3.820839068695062,3.8403995037078857,109600,0.0,0.0
2010-12-30 00:00:00-05:00,3.8469198559838333,3.8534398973522714,3.811058540281141,3.8403995037078857,107200,0.0,0.0
2010-12-31 00:00:00-05:00,3.9610243240987,3.9610243240987,3.8240999973039584,3.8501811027526855,94700,0.0,0.0
2011-01-03 00:00:00-05:00,3.8599610328674316,3.882781648648846,3.827359886687492,3.8599610328674316,142800,0.0,0.0
2011-01-04 00:00:00-05:00,3.8925594950233195,3.8990798446471757,3.8566985048142586,3.8892996311187744,110900,0.0,0.0
2011-01-05 00:00:00-05:00,3.8893026363278023,3.9023430347442627,3.8632218394948805,3.9023430347442627,105200,0.0,0.0
2011-01-06 00:00:00-05:00,3.908863078498682,3.908863078498682,3.8827822816657602,3.9023430347442627,111200,0.0,0.0
2011-01-07 00:00:00-05:00,3.9349438753316033,3.9382040526626243,3.8827822816657602,3.9023430347442627,169000,0.0,0.0
2011-01-10 00:00:00-05:00,3.905602476763925,3.928423404693604,3.882781859741835,3.9284234046936035,137900,0.0,0.0
2011-01-11 00:00:00-05:00,3.951244451079085,3.9545046284101057,3.8208404669144773,3.9023430347442627,206600,0.0,0.0
2011-01-12 00:00:00-05:00,3.9144629720411075,3.947220109840367,3.9144629720411075,3.934117317199707,125700,0.057,0.0
2011-01-13 00:00:00-05:00,3.9242871082675443,3.9603199958801274,3.9242871082675443,3.960319995880127,184600,0.0,0.0
2011-01-14 00:00:00-05:00,3.979978259942133,3.983254037291414,3.9210158296316893,3.9439456462860107,156100,0.0,0.0
2011-01-18 00:00:00-05:00,3.9570484432878117,3.9570484432878117,3.9144642749331275,3.9439456462860107,133600,0.0,0.0
2011-01-19 00:00:00-05:00,3.957046186782242,3.957046186782242,3.9013592531812304,3.921013593673706,118100,0.0,0.0
2011-01-20 00:00:00-05:00,3.943945595806436,3.9504971504211426,3.8882586311627025,3.9504971504211426,131800,0.0,0.0
2011-01-21 00:00:00-05:00,3.9472177989941617,3.983250379562378,3.9308392396831415,3.983250379562378,113100,0.0,0.0
2011-01-24 00:00:00-05:00,3.9963547915821795,3.9963547915821795,3.976700762323169,3.9898035526275635,182400,0.0,0.0
2011-01-25 00:00:00-05:00,4.042215656230943,4.045491432669534,3.9898044827944377,4.0029072761535645,209100,0.0,0.0
2011-01-26 00:00:00-05:00,4.012734151682637,4.025836944580078,3.9898043422109226,4.025836944580078,126800,0.0,0.0
2011-01-27 00:00:00-05:00,4.042211857733229,4.061865873105272,4.006178975559584,4.058590412139893,167900,0.0,0.0
2011-01-28 00:00:00-05:00,4.061867043583657,4.071694366496487,4.01600745290391,4.022558689117432,232600,0.0,0.0
2011-01-31 00:00:00-05:00,4.032387208745172,4.0913496017456055,4.025835658192277,4.0913496017456055,198700,0.0,0.0
2011-02-01 00:00:00-05:00,4.189622359469745,4.189622359469745,4.029113055065158,4.04876708984375,210000,0.0,0.0
2011-02-02 00:00:00-05:00,4.058592599291328,4.1666906792757965,4.029111247950998,4.101176738739014,224400,0.0,0.0
2011-02-03 00:00:00-05:00,4.08479905664992,4.111004638517515,4.078247504985432,4.104453086853027,184500,0.0,0.0
2011-02-04 00:00:00-05:00,4.1273824607058325,4.166690826416016,4.094625333083119,4.166690826416016,208300,0.0,0.0
2011-02-07 00:00:00-05:00,4.1928986318630805,4.196174408845281,4.163417263813853,4.183071613311768,153300,0.0,0.0
2011-02-08 00:00:00-05:00,4.189622854880881,4.189622854880881,4.1601414868316535,4.183071613311768,164000,0.0,0.0
2011-02-09 00:00:00-05:00,4.163415802252705,4.163415802252705,4.097901847583717,4.104453086853027,226500,0.0,0.0
2011-02-10 00:00:00-05:00,4.104452964668635,4.111004516138091,4.081523159315875,4.094625949859619,184500,0.0,0.0
2011-02-11 00:00:00-05:00,4.123256206512451,4.126546989168661,4.090349321429275,4.123256206512451,167400,0.057,0.0
2011-02-14 00:00:00-05:00,4.123254101998639,4.136416912078857,4.10680051094183,4.136416912078857,140700,0.0,0.0
2011-02-15 00:00:00-05:00,4.126546730520024,4.133128295419917,4.096930316123084,4.129837512969971,152600,0.0,0.0
2011-02-16 00:00:00-05:00,4.119966279693668,4.159454735284254,4.1035126780743365,4.149582386016846,222100,0.0,0.0
2011-02-17 00:00:00-05:00,4.149581709959587,4.149581709959587,4.119965608461516,4.126546859741211,180800,0.0,0.0
2011-02-18 00:00:00-05:00,4.1298355810486695,4.133126361959201,4.103509961416699,4.110091209411621,137700,0.0,0.0
2011-02-22 00:00:00-05:00,4.116673039281215,4.123254287704661,4.070603045012445,4.087056636810303,143000,0.0,0.0
2011-02-23 00:00:00-05:00,4.103510088996169,4.1133821182085475,4.047568067082441,4.106800556182861,156000,0.0,0.0
2011-02-24 00:00:00-05:00,4.116673039281215,4.116673039281215,4.070603045012445,4.087056636810303,141200,0.0,0.0
2011-02-25 00:00:00-05:00,4.096928794666832,4.110091605752121,4.0508591127814055,4.083765983581543,141900,0.0,0.0
2011-02-28 00:00:00-05:00,4.110092382680776,4.119964728230535,4.090348319233717,4.116673946380615,184500,0.0,0.0
2011-03-01 00:00:00-05:00,4.136418139169109,4.136418139169109,4.100220479166818,4.1133832931518555,164500,0.0,0.0
2011-03-02 00:00:00-05:00,4.1068004285010895,4.119963552143216,4.093637618685104,4.110091209411621,125400,0.0,0.0
2011-03-03 00:00:00-05:00,4.133127171109869,4.133127171109869,4.057440764481068,4.0936384201049805,165100,0.0,0.0
2011-03-04 00:00:00-05:00,4.0969289138723815,4.100219695195996,4.037696419178219,4.044277667999268,124700,0.0,0.0
2011-03-07 00:00:00-05:00,4.0738940722594394,4.0738940722594394,4.008080014918047,4.044277667999268,154700,0.0,0.0
2011-03-08 00:00:00-05:00,4.054149453214587,4.087056636810303,4.021242583445033,4.087056636810303,146200,0.0,0.0
2011-03-09 00:00:00-05:00,4.103511261119638,4.1133832931518555,4.054150473306072,4.1133832931518555,251200,0.0,0.0
2011-03-10 00:00:00-05:00,4.113383914546527,4.129837512969971,4.077186249075981,4.129837512969971,161700,0.0,0.0
2011-03-11 00:00:00-05:00,4.129836283582471,4.133142873561427,4.090158149836335,4.126529693603516,116100,0.06,0.0
2011-03-14 00:00:00-04:00,4.129837269007471,4.129837269007471,4.083546259591651,4.100078582763672,104700,0.0,0.0
2011-03-15 00:00:00-04:00,4.053786989282996,4.096771717071533,4.000882805953659,4.096771717071533,180800,0.0,0.0
2011-03-16 00:00:00-04:00,4.1000765693565455,4.1000765693565455,4.040559541429572,4.0835442543029785,104200,0.0,0.0
2011-03-17 00:00:00-04:00,4.0835442543029785,4.0835442543029785,4.060398445627331,4.0835442543029785,120100,0.0,0.0
2011-03-18 00:00:00-04:00,4.060401753039925,4.070321528552685,4.03394964900714,4.037256240844727,100500,0.0,0.0
2011-03-21 00:00:00-04:00,4.076932705493694,4.086852161557207,4.037254565905817,4.080239295959473,117300,0.0,0.0
2011-03-22 00:00:00-04:00,4.083545886425251,4.083545886425251,4.053787202900888,4.080239295959473,95700,0.0,0.0
2011-03-23 00:00:00-04:00,4.090157985687256,4.093464575533509,4.076931941636007,4.090157985687256,142700,0.0,0.0
2011-03-24 00:00:00-04:00,4.093464299241261,4.100077163153662,4.083544845705788,4.086851119995117,132300,0.0,0.0
2011-03-25 00:00:00-04:00,4.093463629833882,4.100076492664876,4.050478917764501,4.076930999755859,165200,0.0,0.0
2011-03-28 00:00:00-04:00,4.1000765693565455,4.1000765693565455,4.057092171816835,4.0835442543029785,156800,0.0,0.0
2011-03-29 00:00:00-04:00,4.103385415931508,4.129837512969971,4.0934659583755515,4.129837512969971,132100,0.0,0.0
2011-03-30 00:00:00-04:00,4.129836094176879,4.129836094176879,4.103384006225953,4.116610050201416,124400,0.0,0.0
2011-03-31 00:00:00-04:00,4.100076492664876,4.106689670829561,4.053785506846843,4.076930999755859,160300,0.0,0.0
2011-04-01 00:00:00-04:00,4.166209557669067,4.166209557669067,4.050481391770638,4.057094573974609,117900,0.0,0.0
2011-04-04 00:00:00-04:00,4.0802375888382025,4.0802375888382025,4.033946287686479,4.076930999755859,136400,0.0,0.0
2011-04-05 00:00:00-04:00,4.053786169765628,4.106690342399805,4.053786169765628,4.086851119995117,107200,0.0,0.0
2011-04-06 00:00:00-04:00,4.070319053954177,4.116610050201416,4.070319053954177,4.116610050201416,110200,0.0,0.0
2011-04-07 00:00:00-04:00,4.126530720221781,4.133143901824951,4.109998396881565,4.133143901824951,97900,0.0,0.0
2011-04-08 00:00:00-04:00,4.156289406768337,4.156289406768337,4.11661126315088,4.133143901824951,95500,0.0,0.0
2011-04-11 00:00:00-04:00,4.136450492626536,4.143063358895851,4.123224444754051,4.133143901824951,155200,0.0,0.0
2011-04-12 00:00:00-04:00,4.13644884980587,4.149674892425537,4.119916217697854,4.149674892425537,141000,0.0,0.0
2011-04-13 00:00:00-04:00,4.159643742547969,4.1762554842386095,4.152998792392782,4.166288375854492,176300,0.06,0.0
2011-04-14 00:00:00-04:00,4.15631889284818,4.186220517765553,4.143029316979179,4.182898044586182,148100,0.0,0.0
2011-04-15 00:00:00-04:00,4.199512712885002,4.202834871287933,4.169611069317872,4.176255702972412,120600,0.0,0.0
2011-04-18 00:00:00-04:00,4.1696088165838034,4.1795759201049805,4.149674292692943,4.1795759201049805,83800,0.0,0.0
2011-04-19 00:00:00-04:00,4.162966460909011,4.192868106933328,4.152999351183808,4.189545631408691,88400,0.0,0.0
2011-04-20 00:00:00-04:00,4.219443694575239,4.226088639982087,4.179574972679461,4.1961870193481445,176200,0.0,0.0
2011-04-21 00:00:00-04:00,4.219445356176182,4.219445356176182,4.196188671790697,4.206155776977539,169900,0.0,0.0
2011-04-25 00:00:00-04:00,4.232736514855063,4.232736514855063,4.176255702972412,4.176255702972412,137200,0.0,0.0
2011-04-26 00:00:00-04:00,4.176255264455732,4.182900214261217,4.146353624028346,4.156321048736572,109700,0.0,0.0
2011-04-27 00:00:00-04:00,4.143031339862027,4.1563209222198205,4.133063915457206,4.152998447418213,113500,0.0,0.0
2011-04-28 00:00:00-04:00,4.14967384229508,4.14967384229508,4.129739637416348,4.14302921295166,115000,0.0,0.0
2011-04-29 00:00:00-04:00,4.143031339862027,4.166288029776005,4.13970886506042,4.152998447418213,140000,0.0,0.0
2011-05-02 00:00:00-04:00,4.196190582457964,4.196190582457964,4.166288936433648,4.189545631408691,106000,0.0,0.0
2011-05-03 00:00:00-04:00,4.196190582457964,4.202835216658531,4.162966460909011,4.189545631408691,144000,0.0,0.0
2011-05-04 00:00:00-04:00,4.1795781782240224,4.182900653475632,4.152999009908502,4.176255702972412,101000,0.0,0.0
2011-05-05 00:00:00-04:00,4.159643523639314,4.16296568169341,4.149676098931088,4.156321048736572,139500,0.0,0.0
2011-05-06 00:00:00-04:00,4.162966118814652,4.182900653475632,4.152999009908502,4.176255702972412,108600,0.0,0.0
2011-05-09 00:00:00-04:00,4.172931419560377,4.19951057434082,4.169608946000692,4.19951057434082,110000,0.0,0.0
2011-05-10 00:00:00-04:00,4.2061565072740805,4.226091037957471,4.1895444511793585,4.212801456451416,141400,0.0,0.0
2011-05-11 00:00:00-04:00,4.222815605809064,4.232830417791039,4.212801112182102,4.219477653503418,84900,0.06,0.0
2011-05-12 00:00:00-04:00,4.239506853729029,4.252859618687427,4.229492359598988,4.246183395385742,203000,0.0,0.0
2011-05-13 00:00:00-04:00,4.266210835034192,4.266210835034192,4.22615255469994,4.2328290939331055,140000,0.0,0.0
2011-05-16 00:00:00-04:00,4.256199127504456,4.266213624547386,4.219479092776967,4.236169815063477,196300,0.0,0.0
2011-05-17 00:00:00-04:00,4.246180233912085,4.246180233912085,4.192769213845421,4.216136455535889,134300,0.0,0.0
2011-05-18 00:00:00-04:00,4.236169815063477,4.239508086862826,4.209464277378917,4.236169815063477,145300,0.0,0.0
2011-05-19 00:00:00-04:00,4.256195703049913,4.279562950134277,4.2328284559655485,4.279562950134277,142900,0.0,0.0
2011-05-20 00:00:00-04:00,4.272888925302537,4.272888925302537,4.229492359598988,4.246183395385742,127400,0.0,0.0
2011-05-23 00:00:00-04:00,4.219477561378072,4.266212076186869,4.2094627496147545,4.22281551361084,121400,0.0,0.0
2011-05-24 00:00:00-04:00,4.229493589819897,4.266213624547386,4.209464277378917,4.236169815063477,146300,0.0,0.0
2011-05-25 00:00:00-04:00,4.2628728837725225,4.2628728837725225,4.2027853040936884,4.2328290939331055,120400,0.0,0.0
2011-05-26 00:00:00-04:00,4.236168370096685,4.24618318207866,4.219477653503418,4.219477653503418,113300,0.0,0.0
2011-05-27 00:00:00-04:00,4.212798023165911,4.212798023165911,4.189430782385258,4.1927690505981445,106400,0.0,0.0
2011-05-31 00:00:00-04:00,4.20612417201882,4.219476934029627,4.189433139916571,4.1994476318359375,108100,0.0,0.0
2011-06-01 00:00:00-04:00,4.216135452155487,4.2294882039943875,4.186091680929282,4.20612096786499,113000,0.0,0.0
2011-06-02 00:00:00-04:00,4.22281551361084,4.236168277606925,4.2128010202025274,4.22281551361084,100100,0.0,0.0
2011-06-03 00:00:00-04:00,4.206124797381987,4.22281551361084,4.196109985618669,4.22281551361084,62800,0.0,0.0
2011-06-06 00:00:00-04:00,4.222814362716985,4.222814362716985,4.179418130323254,4.189432621002197,92600,0.0,0.0
2011-06-07 00:00:00-04:00,4.21280206107389,4.216140332486461,4.159390991893093,4.162729263305664,140600,0.0,0.0
2011-06-08 00:00:00-04:00,4.16940418321163,4.16940418321163,4.126007623491803,4.129345893859863,128600,0.0,0.0
2011-06-09 00:00:00-04:00,4.129347699222459,4.129347699222459,4.09596593601221,4.115994930267334,70400,0.0,0.0
2011-06-10 00:00:00-04:00,4.112656518905169,4.112656518905169,4.062583716611108,4.09262752532959,95500,0.0,0.0
2011-06-13 00:00:00-04:00,4.113426801888282,4.136912822723389,4.076519832035357,4.136912822723389,124600,0.062,0.0
2011-06-14 00:00:00-04:00,4.136915740438902,4.150336378949093,4.120139862307847,4.123495101928711,89900,0.0,0.0
2011-06-15 00:00:00-04:00,4.1067167843558705,4.1067167843558705,4.059744737458823,4.086585998535156,100900,0.0,0.0
2011-06-16 00:00:00-04:00,4.096651753737297,4.096651753737297,4.02619335718759,4.042969226837158,114800,0.0,0.0
2011-06-17 00:00:00-04:00,4.032903680882762,4.0630998611450195,4.029548443084815,4.0630998611450195,76800,0.0,0.0
2011-06-20 00:00:00-04:00,4.056390549797035,4.083231817821028,3.992642298260187,4.01948356628418,172800,0.0,0.0
2011-06-21 00:00:00-04:00,4.002710223202386,4.056392788882575,4.002710223202386,4.0295515060424805,100800,0.0,0.0
2011-06-22 00:00:00-04:00,4.042968869292847,4.086585998535156,4.039613631665037,4.086585998535156,145500,0.0,0.0
2011-06-23 00:00:00-04:00,4.06309805394439,4.096649777054416,4.026191414501718,4.056387901306152,107200,0.0,0.0
2011-06-24 00:00:00-04:00,4.0362580776668,4.076519966125488,4.0362580776668,4.076519966125488,122800,0.0,0.0
2011-06-27 00:00:00-04:00,4.063102566718646,4.083233686938323,4.032906366349083,4.053037166595459,139800,0.0,0.0
2011-06-28 00:00:00-04:00,4.076520183280696,4.093296051025391,4.049678922878409,4.093296051025391,119600,0.0,0.0
2011-06-29 00:00:00-04:00,4.100003719329834,4.1100691050968585,4.079872627822941,4.100003719329834,120900,0.0,0.0
2011-06-30 00:00:00-04:00,4.079875420824248,4.1033614436829815,4.079875420824248,4.093296051025391,152400,0.0,0.0
2011-07-01 00:00:00-04:00,4.079874680275362,4.100005781909558,4.0731645263792995,4.089940071105957,74000,0.0,0.0
2011-07-05 00:00:00-04:00,4.069813046782972,4.083233686938323,4.053037166595459,4.053037166595459,130200,0.0,0.0
2011-07-06 00:00:00-04:00,4.056388799750554,4.083230056194433,4.046323408577353,4.049678325653076,103100,0.0,0.0
2011-07-07 00:00:00-04:00,4.083229917209895,4.089940071105957,4.059743898614171,4.089940071105957,80500,0.0,0.0
2011-07-08 00:00:00-04:00,4.096650544975025,4.096650544975025,4.076519443340828,4.089940071105957,51200,0.0,0.0
2011-07-11 00:00:00-04:00,4.093296843734055,4.093296843734055,4.059745421720154,4.083231449127197,69800,0.0,0.0
2011-07-12 00:00:00-04:00,4.083229917209895,4.089940071105957,4.0563886616796365,4.089940071105957,94300,0.0,0.0
2011-07-13 00:00:00-04:00,4.056890585428639,4.090613828581497,4.053518518400298,4.07712459564209,105800,0.062,0.0
2011-07-14 00:00:00-04:00,4.0973609600268714,4.0973609600268714,4.06363801645994,4.080499649047852,54600,0.0,0.0
2011-07-15 00:00:00-04:00,4.067010411888713,4.104105746336866,4.046776388438608,4.09398889541626,93400,0.0,0.0
2011-07-18 00:00:00-04:00,4.0906171009374654,4.0906171009374654,4.0467769784116,4.083872318267822,75900,0.0,0.0
2011-07-19 00:00:00-04:00,4.097360186658183,4.097360186658183,4.033286380848594,4.050148010253906,107400,0.0,0.0
2011-07-20 00:00:00-04:00,4.073756897031344,4.073756897031344,4.046778400092784,4.0568952560424805,90300,0.0,0.0
2011-07-21 00:00:00-04:00,4.080498900306308,4.100732598411954,4.053520421759558,4.090615749359131,69000,0.0,0.0
2011-07-22 00:00:00-04:00,4.070382396671872,4.093988810475365,4.050148695250461,4.073754787445068,83200,0.0,0.0
2011-07-25 00:00:00-04:00,4.073752941213872,4.073752941213872,4.0400296919831025,4.053519248962402,118500,0.0,0.0
2011-07-26 00:00:00-04:00,4.060266203347719,4.060266203347719,3.986075202369753,3.989447593688965,130400,0.0,0.0
2011-07-27 00:00:00-04:00,3.9961903675232806,3.9961903675232806,3.8781593035542077,3.905137777328491,214200,0.0,0.0
2011-07-28 00:00:00-04:00,3.8815333483130208,3.898394982014156,3.8478100809107514,3.8916501998901367,138600,0.0,0.0
2011-07-29 00:00:00-04:00,3.8444366861276715,3.868043095789569,3.837692227373436,3.847809076309204,123900,0.0,0.0
2011-08-01 00:00:00-04:00,3.9152556674073846,3.9354896889317517,3.8680434865319637,3.925372838973999,144900,0.0,0.0
2011-08-02 00:00:00-04:00,3.8950229085744854,3.925373787389729,3.878161273498357,3.898395299911499,142300,0.0,0.0
2011-08-03 00:00:00-04:00,3.89839397879627,3.89839397879627,3.8612983298782337,3.8747875690460205,136800,0.0,0.0
2011-08-04 00:00:00-04:00,3.851181346580467,3.8747874338985366,3.7601287441670803,3.77361798286438,202000,0.0,0.0
2011-08-05 00:00:00-04:00,3.7837346920934327,3.803968386869751,3.5409281035161526,3.6859376430511475,332300,0.0,0.0
2011-08-08 00:00:00-04:00,3.6387267431950083,3.6387267431950083,3.422898534377985,3.436387777328491,487000,0.0,0.0
2011-08-09 00:00:00-04:00,3.4869726352500052,3.598258968578502,3.446504906913181,3.5847697257995605,486300,0.0,0.0
2011-08-10 00:00:00-04:00,3.4633660027882156,3.54092905631622,3.456621221642024,3.4869720935821533,197600,0.0,0.0
2011-08-11 00:00:00-04:00,3.487650515640551,3.6267493693742856,3.47747263753901,3.6030008792877197,155700,0.062,0.0
2011-08-12 00:00:00-04:00,3.5792540153393886,3.6131803989410396,3.565683397188917,3.61318039894104,128900,0.0,0.0
2011-08-15 00:00:00-04:00,3.613177074609539,3.6640670885138524,3.592821327886822,3.650496482849121,168500,0.0,0.0
2011-08-16 00:00:00-04:00,3.6063946685520167,3.647106516421069,3.6063946685520167,3.630143165588379,80300,0.0,0.0
2011-08-17 00:00:00-04:00,3.6301408990622033,3.6640675795450144,3.6301408990622033,3.6572821140289307,230200,0.0,0.0
2011-08-18 00:00:00-04:00,3.609786468057067,3.6131788785053556,3.5453258163057515,3.5690746307373047,187200,0.0,0.0
2011-08-19 00:00:00-04:00,3.51139861218912,3.545324973448891,3.4469379757625185,3.4605085849761963,239500,0.0,0.0
2011-08-22 00:00:00-04:00,3.5113991992910987,3.5283622209827596,3.39944157367186,3.4435458183288574,293700,0.0,0.0
2011-08-23 00:00:00-04:00,3.4435445903296036,3.5046124819986963,3.4435445903296036,3.5012197494506836,119200,0.0,0.0
2011-08-24 00:00:00-04:00,3.4672943911349376,3.504613489242424,3.4571161905656327,3.480865001678467,106100,0.0,0.0
2011-08-25 00:00:00-04:00,3.4639013181668266,3.50800587899849,3.4435452425718878,3.4605085849761963,112700,0.0,0.0
2011-08-26 00:00:00-04:00,3.4265828044037265,3.4876503944396973,3.4265828044037265,3.4876503944396973,100800,0.0,0.0
2011-08-29 00:00:00-04:00,3.497827931469244,3.5419321678504376,3.484257322532991,3.5283615589141846,103400,0.0,0.0
2011-08-30 00:00:00-04:00,3.494435733897821,3.538540300587226,3.4842578565230005,3.514791488647461,131900,0.0,0.0
2011-08-31 00:00:00-04:00,3.521576359843296,3.579251527786255,3.521576359843296,3.579251527786255,94700,0.0,0.0
2011-09-01 00:00:00-04:00,3.602999731651785,3.6369264125823975,3.5792512491296415,3.6369264125823975,152100,0.0,0.0
2011-09-02 00:00:00-04:00,3.602999731651785,3.657282162301718,3.5996069988489623,3.6369264125823975,105000,0.0,0.0
2011-09-06 00:00:00-04:00,3.521576359843296,3.5860366703713384,3.4808645336862956,3.579251527786255,143800,0.0,0.0
2011-09-07 00:00:00-04:00,3.5996068582065366,3.6267480724710524,3.582643841952811,3.6199629306793213,77500,0.0,0.0
2011-09-08 00:00:00-04:00,3.596216589232302,3.6267502307891846,3.592823854542986,3.6267502307891846,71400,0.0,0.0
2011-09-09 00:00:00-04:00,3.609785490126647,3.609785490126647,3.572466073365412,3.5860366821289062,117700,0.0,0.0
2011-09-12 00:00:00-04:00,3.5656816688691015,3.5792522804417692,3.552111057296434,3.575859546661377,116100,0.0,0.0
2011-09-13 00:00:00-04:00,3.57722444985302,3.5840513706207275,3.5499174178331874,3.5840513706207275,125300,0.064,0.0
2011-09-14 00:00:00-04:00,3.5703978314385094,3.584051347359813,3.5499173947938063,3.5601577758789062,163400,0.0,0.0
2011-09-15 00:00:00-04:00,3.5499147824634303,3.607942263808768,3.543088192289115,3.5908756256103516,194500,0.0,0.0
2011-09-16 00:00:00-04:00,3.5840499806353145,3.604530409470109,3.577223062515259,3.577223062515259,93800,0.0,0.0
2011-09-19 00:00:00-04:00,3.560156598860119,3.56356973256791,3.5260226575790905,3.5430896282196045,104600,0.0,0.0
2011-09-20 00:00:00-04:00,3.532852643197082,3.560159689719178,3.532852643197082,3.54650616645813,120600,0.0,0.0
2011-09-21 00:00:00-04:00,3.560156125379533,3.5635692586333967,3.512368679046631,3.512368679046631,125100,0.0,0.0
2011-09-22 00:00:00-04:00,3.491889164909459,3.495302624581175,3.4372751122637264,3.4611690044403076,271400,0.0,0.0
2011-09-23 00:00:00-04:00,3.4611709001781237,3.502131462097168,3.4475173795384424,3.502131462097168,165100,0.0,0.0
2011-09-26 00:00:00-04:00,3.4816493435892126,3.539676859776154,3.4816493435892126,3.5328502655029297,169700,0.0,0.0
2011-09-27 00:00:00-04:00,3.563571192609233,3.5942916872436657,3.5533311362395965,3.5806381702423096,138600,0.0,0.0
2011-09-28 00:00:00-04:00,3.601116923840535,3.601116923840535,3.5567429329636884,3.5669829845428467,99800,0.0,0.0
2011-09-29 00:00:00-04:00,3.580637713293793,3.5977046887488413,3.5533306827759086,3.563570737838745,100500,0.0,0.0
2011-09-30 00:00:00-04:00,3.563572669048797,3.563572669048797,3.4577579498291016,3.4577579498291016,204200,0.0,0.0
2011-10-03 00:00:00-04:00,3.4816515330995506,3.519198964553865,3.450931025737169,3.4577579498291016,197800,0.0,0.0
2011-10-04 00:00:00-04:00,3.4475169673302846,3.4509301029379005,3.379249046768837,3.4133830070495605,199500,0.0,0.0
2011-10-05 00:00:00-04:00,3.440692589001761,3.505547096381367,3.420212458111431,3.498720169067383,120300,0.0,0.0
2011-10-06 00:00:00-04:00,3.5055437748863727,3.5294373467945888,3.481649877452654,3.5226104259490967,77000,0.0,0.0
2011-10-07 00:00:00-04:00,3.532849048941791,3.5499156915105603,3.4372741578249113,3.447514533996582,150200,0.0,0.0
2011-10-10 00:00:00-04:00,3.4679981635628514,3.54650616645813,3.4679981635628514,3.54650616645813,116500,0.0,0.0
2011-10-11 00:00:00-04:00,3.532849576045452,3.5499162211605766,3.52260919834591,3.5430896282196045,89800,0.0,0.0
2011-10-12 00:00:00-04:00,3.541029160094872,3.5891127586364746,3.537594523757629,3.5891127586364746,229600,0.064,0.0
2011-10-13 00:00:00-04:00,3.547899892113311,3.5856799282159337,3.5307270293229864,3.561638116836548,73800,0.0,0.0
2011-10-14 00:00:00-04:00,3.5959830741175955,3.6028520212390722,3.5685066305416004,3.578810214996338,79800,0.0,0.0
2011-10-17 00:00:00-04:00,3.575376109645352,3.595983609166072,3.527292490005493,3.527292490005493,131700,0.0,0.0
2011-10-18 00:00:00-04:00,3.5307248854467876,3.5891123869536,3.520421305047031,3.5822434425354004,155400,0.0,0.0
2011-10-19 00:00:00-04:00,3.5891127586364746,3.6028509764404966,3.558201686691188,3.5891127586364746,192300,0.0,0.0
2011-10-20 00:00:00-04:00,3.5925473872172535,3.5994163323319595,3.554767370223999,3.554767370223999,147900,0.0,0.0
2011-10-21 00:00:00-04:00,3.5959815336305896,3.699018316673038,3.5856776260449124,3.664672613143921,410300,0.0,0.0
2011-10-24 00:00:00-04:00,3.654369033103147,3.6818454649084793,3.6509343972412545,3.664672613143921,173400,0.0,0.0
2011-10-25 00:00:00-04:00,3.6578044435326067,3.6612390804293704,3.6165897834064507,3.640631914138794,131300,0.0,0.0
2011-10-26 00:00:00-04:00,3.6303294082431923,3.6990208625793453,3.6234604593366546,3.6990208625793457,171400,0.0,0.0
2011-10-27 00:00:00-04:00,3.760840726223169,3.8638775257522195,3.71962607192054,3.805490016937256,516700,0.0,0.0
2011-10-28 00:00:00-04:00,3.7883191007503485,3.839837690647273,3.7814501519578325,3.812361240386963,121100,0.0,0.0
2011-10-31 00:00:00-04:00,3.7780152255796136,3.798622725475346,3.75053877741537,3.767711639404297,104700,0.0,0.0
2011-11-01 00:00:00-04:00,3.72649716347964,3.8398376000144943,3.699020713867865,3.7608425617218018,215700,0.0,0.0
2011-11-02 00:00:00-04:00,3.7574053257419213,3.7642745971679688,3.7161906798203064,3.7642745971679688,167800,0.0,0.0
2011-11-03 00:00:00-04:00,3.7883166657498615,3.8020548820495605,3.7367984365122178,3.8020548820495605,130700,0.0,0.0
2011-11-04 00:00:00-04:00,3.7505387042577736,3.774580514046255,3.712758670655146,3.719627618789673,127200,0.0,0.0
2011-11-07 00:00:00-05:00,3.699021724036164,3.723063542125785,3.699021724036164,3.7093253135681152,92600,0.0,0.0
2011-11-08 00:00:00-05:00,3.7093230592265733,3.740234136581421,3.7024537853499377,3.740234136581421,97600,0.0,0.0
2011-11-09 00:00:00-05:00,3.674978276467193,3.688716500157824,3.664674690585492,3.678412914276123,89000,0.0,0.0
2011-11-10 00:00:00-05:00,3.6936148832291225,3.700525453048307,3.6625183075851075,3.6797940731048584,81100,0.064,0.0
2011-11-11 00:00:00-05:00,3.8007282765780066,3.8007282765780066,3.7005272715578843,3.707437515258789,79300,0.0,0.0
2011-11-14 00:00:00-05:00,3.7074372393221067,3.7074372393221067,3.6797956075472613,3.6901614665985107,133300,0.0,0.0
2011-11-15 00:00:00-05:00,3.676338911056519,3.690159720403893,3.6659730569104227,3.6763389110565186,141100,0.0,0.0
2011-11-16 00:00:00-05:00,3.662519516617811,3.6728850452542425,3.6383328437805176,3.6383328437805176,140000,0.0,0.0
2011-11-17 00:00:00-05:00,3.6590618230654015,3.662517106842192,3.600323316915959,3.603778600692749,152300,0.0,0.0
2011-11-18 00:00:00-05:00,3.6141444107623046,3.6314205015101466,3.6141444107623046,3.6210546493530273,138700,0.0,0.0
2011-11-21 00:00:00-05:00,3.603778888119209,3.6210546493530273,3.5830475133189945,3.6210546493530273,174200,0.0,0.0
2011-11-22 00:00:00-05:00,3.645242007646405,3.6867044356885277,3.603779579604282,3.6763389110565186,259800,0.0,0.0
2011-11-23 00:00:00-05:00,3.645241104352851,3.6763380000571306,3.6106889247894287,3.6106889247894287,203000,0.0,0.0
2011-11-25 00:00:00-05:00,3.6106889247894287,3.624509730711997,3.6106889247894287,3.6106889247894287,83900,0.0,0.0
2011-11-28 00:00:00-05:00,3.6763403645860535,3.6763403645860535,3.6210567758247736,3.634877920150757,155100,0.0,0.0
2011-11-29 00:00:00-05:00,3.6383316427320667,3.6797940731048584,3.6106900224835385,3.6797940731048584,249000,0.0,0.0
2011-11-30 00:00:00-05:00,3.710890363650319,3.7730841636657715,3.7074350793130053,3.7730841636657715,288000,0.0,0.0
2011-12-01 00:00:00-05:00,3.7799940436419774,3.8180015087127686,3.7661732371200585,3.8180015087127686,253700,0.0,0.0
2011-12-02 00:00:00-05:00,3.842188603133536,3.842188603133536,3.7938156059136334,3.8007261753082275,149600,0.0,0.0
2011-12-05 00:00:00-05:00,3.8110913007475853,3.8249121085752247,3.793815208584524,3.814546585083008,136300,0.0,0.0
2011-12-06 00:00:00-05:00,3.8180027405178163,3.8180027405178163,3.786905833432176,3.8076372146606445,182800,0.0,0.0
2011-12-07 00:00:00-05:00,3.7765398478928405,3.7869053724883153,3.7592637538909917,3.759263753890991,203900,0.0,0.0
2011-12-08 00:00:00-05:00,3.731624152224504,3.755810499191284,3.710892762314219,3.755810499191284,245900,0.0,0.0
2011-12-09 00:00:00-05:00,3.741987775015053,3.7799949193771787,3.7350775349101646,3.76271915435791,228500,0.0,0.0
2011-12-12 00:00:00-05:00,3.731621667943988,3.779994329674052,3.731621667943988,3.752352714538574,223000,0.0,0.0
2011-12-13 00:00:00-05:00,3.7900778296297344,3.7971292986113663,3.751295758928403,3.772449493408203,237200,0.217,0.0
2011-12-14 00:00:00-05:00,3.7160402817428673,3.7512969655261776,3.6843093335844186,3.701937675476074,227300,0.0,0.0
2011-12-15 00:00:00-05:00,3.7089884291107937,3.733667901244534,3.701936959225388,3.705462694168091,254300,0.0,0.0
2011-12-16 00:00:00-05:00,3.698410844510297,3.7301417832711423,3.634949303221161,3.645526170730591,221500,0.0,0.0
2011-12-19 00:00:00-05:00,3.634949978228489,3.6702063218845162,3.596167563104456,3.5996932983398438,204400,0.0,0.0
2011-12-20 00:00:00-05:00,3.6173209655211562,3.7195649147033696,3.6173209655211562,3.719564914703369,239400,0.0,0.0
2011-12-21 00:00:00-05:00,3.6984131546232364,3.751298197668698,3.6984131546232364,3.7407209873199463,160400,0.0,0.0
2011-12-22 00:00:00-05:00,3.726615861972311,3.8359112748688085,3.7195647293968324,3.828859806060791,217200,0.0,0.0
2011-12-23 00:00:00-05:00,3.835911369056137,3.8570651035345223,3.8147572983452047,3.8535397052764893,135300,0.0,0.0
2011-12-27 00:00:00-05:00,3.814757204223139,3.8359112744121338,3.790077735863094,3.832385540008545,227500,0.0,0.0
2011-12-28 00:00:00-05:00,3.8535400398112594,3.860591173171997,3.8182833643098406,3.860591173171997,159000,0.0,0.0
2011-12-29 00:00:00-05:00,3.839437868746353,3.853540473286773,3.800655454085736,3.8253352642059326,150300,0.0,0.0
2011-12-30 00:00:00-05:00,3.8570650088277825,3.8570650088277825,3.8077060721018166,3.828859806060791,207200,0.0,0.0
2012-01-03 00:00:00-05:00,3.842962645386937,3.850014114631557,3.814757440873579,3.835911512374878,100600,0.0,0.0
2012-01-04 00:00:00-05:00,3.8500137831109704,3.8958473205566406,3.8182828467076195,3.8958473205566406,130200,0.0,0.0
2012-01-05 00:00:00-05:00,3.8887962783740977,3.938155555551339,3.867642542607114,3.9275786876678467,138500,0.0,0.0
2012-01-06 00:00:00-05:00,3.9064234290610047,3.9205260273660727,3.89584656439032,3.9170002937316895,95700,0.0,0.0
2012-01-09 00:00:00-05:00,3.9240532878357284,3.9557842304266457,3.902899214030918,3.9311044216156006,149800,0.0,0.0
2012-01-10 00:00:00-05:00,3.9416821356405634,3.9945668226329207,3.93110492925598,3.987515687942505,164600,0.0,0.0
2012-01-11 00:00:00-05:00,3.9978019994475926,3.9978019994475926,3.9445923665176585,3.9623289108276367,107800,0.069,0.0
2012-01-12 00:00:00-05:00,3.955234464027412,3.9623292176193075,3.8665520739075463,3.923309087753296,166700,0.0,0.0
2012-01-13 00:00:00-05:00,3.9233132803844954,3.933955083848183,3.8807453899360795,3.9162185192108154,185000,0.0,0.0
2012-01-17 00:00:00-05:00,3.9268572236481836,3.9268572236481836,3.863006114959717,3.863006114959717,213500,0.0,0.0
2012-01-18 00:00:00-05:00,3.852362470363162,3.8949299722222848,3.852362470363162,3.866551637649536,171400,0.0,0.0
2012-01-19 00:00:00-05:00,3.859457658612122,3.93040350304872,3.8559102818161746,3.923309087753296,201000,0.0,0.0
2012-01-20 00:00:00-05:00,3.912666957365453,3.9516874255279353,3.9055725420700287,3.923309087753296,209200,0.0,0.0
2012-01-23 00:00:00-05:00,3.9162135831047116,3.9978015422821045,3.9162135831047116,3.9978015422821045,205300,0.0,0.0
2012-01-24 00:00:00-05:00,4.001350693299989,4.022634622937844,3.9800671019587206,4.0048980712890625,153600,0.0,0.0
2012-01-25 00:00:00-05:00,4.019085848134554,4.0581059775633435,3.994254887434095,4.051011562347412,219600,0.0,0.0
2012-01-26 00:00:00-05:00,4.054559230804443,4.068748400553597,4.019086137283313,4.054559230804443,198600,0.0,0.0
2012-01-27 00:00:00-05:00,4.051013518393221,4.132601193401888,4.051013518393221,4.118412017822266,154300,0.0,0.0
2012-01-30 00:00:00-05:00,4.0687500724419055,4.1255067747603915,4.0687500724419055,4.118412017822266,254700,0.0,0.0
2012-01-31 00:00:00-05:00,4.107767973203547,4.121957141019763,4.011991175018204,4.040369510650635,335500,0.0,0.0
2012-02-01 00:00:00-05:00,4.065201510397622,4.065201510397622,4.015539241179701,4.029728412628174,185300,0.0,0.0
2012-02-02 00:00:00-05:00,4.02972691243353,4.0332742885491575,3.9978015422821045,3.9978015422821045,176500,0.0,0.0
2012-02-03 00:00:00-05:00,4.004896715238956,4.022633260882177,3.997802299959549,4.019085884094238,196300,0.0,0.0
2012-02-06 00:00:00-05:00,3.997803757338094,4.033276523259478,3.997803757338094,4.011992931365967,249500,0.0,0.0
2012-02-07 00:00:00-05:00,4.019085633297456,4.061653137207031,4.011991218460752,4.061653137207031,203400,0.0,0.0
2012-02-08 00:00:00-05:00,4.061654205144761,4.061654205144761,4.029728484244182,4.043917655944824,192400,0.0,0.0
2012-02-09 00:00:00-05:00,4.058105391714531,4.068747520446777,4.029727058354714,4.068747520446777,193000,0.0,0.0
2012-02-10 00:00:00-05:00,4.061653465645369,4.061653465645369,4.015538581440219,4.033275127410889,222300,0.0,0.0
2012-02-13 00:00:00-05:00,4.040059353693655,4.065042284997127,4.025783538818359,4.025783538818359,206400,0.069,0.0
2012-02-14 00:00:00-05:00,3.904435548602211,4.0436248779296875,3.904435548602211,4.0436248779296875,119500,0.0,0.0
2012-02-15 00:00:00-05:00,4.068607897186488,4.0864527373349055,4.036487593353756,4.072176933288574,174600,0.0,0.0
2012-02-16 00:00:00-05:00,4.072174213023927,4.082880973815918,4.061467452231937,4.082880973815918,115400,0.0,0.0
2012-02-17 00:00:00-05:00,4.079315361176013,4.1257118134624875,4.06860825193618,4.0971598625183105,135900,0.0,0.0
2012-02-21 00:00:00-05:00,4.125710238367094,4.150692802998214,4.11143443852618,4.139986038208008,149000,0.0,0.0
2012-02-22 00:00:00-05:00,4.150695630704071,4.1685404777526855,4.115005936606842,4.1685404777526855,154700,0.0,0.0
2012-02-23 00:00:00-05:00,4.182813553429458,4.186382248216961,4.157830647745382,4.179244518280029,164000,0.0,0.0
2012-02-24 00:00:00-05:00,4.175675367629334,4.193520202520956,4.118572168265679,4.139986038208008,233200,0.0,0.0
2012-02-27 00:00:00-05:00,4.16139874876695,4.168536817463493,4.136416189052747,4.150691986083984,239500,0.0,0.0
2012-02-28 00:00:00-05:00,4.161400946112955,4.161400946112955,4.090021923266478,4.1078667640686035,193000,0.0,0.0
2012-02-29 00:00:00-05:00,4.122143136847232,4.122143136847232,4.068608607061482,4.111436367034912,191600,0.0,0.0
2012-03-01 00:00:00-05:00,4.132849143529124,4.154263019561768,4.115004303562256,4.154263019561768,237000,0.0,0.0
2012-03-02 00:00:00-05:00,4.15782986976013,4.193519533852556,4.132847309112549,4.132847309112549,290900,0.0,0.0
2012-03-05 00:00:00-05:00,4.154264540138103,4.193522930145264,4.136419693639525,4.193522930145264,192500,0.0,0.0
2012-03-06 00:00:00-05:00,4.186384585289091,4.189953622430955,4.075747156788252,4.147126197814941,407700,0.0,0.0
2012-03-07 00:00:00-05:00,4.1685404777526855,4.17210917487269,4.129281746173304,4.1685404777526855,160600,0.0,0.0
2012-03-08 00:00:00-05:00,4.175674988151132,4.2077956199646,4.147123391064025,4.2077956199646,149700,0.0,0.0
2012-03-09 00:00:00-05:00,4.222072718981605,4.225641754807291,4.179245310159341,4.197090148925781,135200,0.0,0.0
2012-03-12 00:00:00-04:00,4.179247249836996,4.2006611343677625,4.157833365306228,4.1685404777526855,135500,0.0,0.0
2012-03-13 00:00:00-04:00,4.168178081512451,4.196899350967654,4.1358669101637515,4.168178081512451,147600,0.069,0.0
2012-03-14 00:00:00-04:00,4.171770170144056,4.171770170144056,4.117917851703394,4.160999774932861,139100,0.0,0.0
2012-03-15 00:00:00-04:00,4.168179733501627,4.1825403739208316,4.11073717182481,4.135868549346924,150300,0.0,0.0
2012-03-16 00:00:00-04:00,4.135866234091532,4.150226866471662,4.0927839945666555,4.1430463790893555,181500,0.0,0.0
2012-03-19 00:00:00-04:00,4.128688433615269,4.186131000518799,4.114327791889387,4.186131000518799,147000,0.0,0.0
2012-03-20 00:00:00-04:00,4.16099792439611,4.232801097845252,4.16099792439611,4.22921085357666,278200,0.0,0.0
2012-03-21 00:00:00-04:00,4.218441558684616,4.239982687505859,4.182539791444087,4.207671165466309,100500,0.0,0.0
2012-03-22 00:00:00-04:00,4.161002226074801,4.22203507219897,4.128690679022607,4.21844482421875,175000,0.0,0.0
2012-03-23 00:00:00-04:00,4.2256204053630455,4.261521816253662,4.222030161558636,4.261521816253662,126200,0.0,0.0
2012-03-26 00:00:00-04:00,4.293835514082142,4.293835514082142,4.243573102357595,4.275884628295898,244900,0.0,0.0
2012-03-27 00:00:00-04:00,4.2902452684479595,4.2902452684479595,4.254343839260142,4.275884628295898,172700,0.0,0.0
2012-03-28 00:00:00-04:00,4.301016698912953,4.301016698912953,4.247164370967969,4.265115261077881,144800,0.0,0.0
2012-03-29 00:00:00-04:00,4.29024563225684,4.29024563225684,4.222032671346323,4.239983558654785,182200,0.0,0.0
2012-03-30 00:00:00-04:00,4.283064503540657,4.283064503540657,4.207671067989842,4.279474258422852,193100,0.0,0.0
2012-04-02 00:00:00-04:00,4.257933531812922,4.2974255470653935,4.257933531812922,4.290245056152344,200800,0.0,0.0
2012-04-03 00:00:00-04:00,4.304606109100365,4.304606109100365,4.2292126591941965,4.283065319061279,115000,0.0,0.0
2012-04-04 00:00:00-04:00,4.304605512571925,4.304605512571925,4.1969005501481025,4.24357271194458,221800,0.0,0.0
2012-04-05 00:00:00-04:00,4.261524752834803,4.279475641842166,4.214852578369552,4.250754356384277,164000,0.0,0.0
2012-04-09 00:00:00-04:00,4.196900622166687,4.2363926364177305,4.196900622166687,4.232802391052246,106300,0.0,0.0
2012-04-10 00:00:00-04:00,4.250753725482093,4.261524120334063,4.139458504062803,4.164589881896973,175700,0.0,0.0
2012-04-11 00:00:00-04:00,4.157005173943584,4.240072877511645,4.157005173943584,4.211179733276367,194200,0.069,0.0
2012-04-12 00:00:00-04:00,4.2003448902965,4.222014576256234,4.185898318178862,4.211179733276367,186400,0.0,0.0
2012-04-13 00:00:00-04:00,4.21840350935475,4.21840350935475,4.164228601507131,4.178675174713135,126400,0.0,0.0
2012-04-16 00:00:00-04:00,4.232848016603949,4.232848016603949,4.189508318139059,4.2256245613098145,75800,0.0,0.0
2012-04-17 00:00:00-04:00,4.250906153478091,4.261740991586005,4.218401294721057,4.2472944259643555,90500,0.0,0.0
2012-04-18 00:00:00-04:00,4.247294576483938,4.247294576483938,4.182284856665995,4.207566261291504,143300,0.0,0.0
2012-04-19 00:00:00-04:00,4.2292362827085865,4.236459393558744,4.178673129024264,4.207566261291504,117900,0.0,0.0
2012-04-20 00:00:00-04:00,4.21118273317134,4.243687629699707,4.203959614183755,4.243687629699707,133600,0.0,0.0
2012-04-23 00:00:00-04:00,4.247296183451596,4.297859011833096,4.243684454443364,4.294247627258301,113800,0.0,0.0
2012-04-24 00:00:00-04:00,4.312306224589278,4.312306224589278,4.283413077094443,4.308694839477539,136500,0.0,0.0
2012-04-25 00:00:00-04:00,4.323141115165256,4.323141115165256,4.279801396911067,4.312305927276611,159100,0.0,0.0
2012-04-26 00:00:00-04:00,4.333973721786606,4.341197176650894,4.308692318628169,4.33758544921875,104700,0.0,0.0
2012-04-27 00:00:00-04:00,4.344811444212369,4.352034903872382,4.301471719552832,4.32675313949585,147400,0.0,0.0
2012-04-30 00:00:00-04:00,4.308695179212846,4.32675313949585,4.308695179212846,4.32675313949585,120000,0.0,0.0
2012-05-01 00:00:00-04:00,4.337586897421779,4.362868309020996,4.330363440145774,4.362868309020996,117200,0.0,0.0
2012-05-02 00:00:00-04:00,4.348420287081896,4.355643741946184,4.312303701627027,4.33758544921875,108000,0.0,0.0
2012-05-03 00:00:00-04:00,4.333976742388246,4.333976742388246,4.268966981033694,4.290637016296387,167300,0.0,0.0
2012-05-04 00:00:00-04:00,4.276187575981073,4.276187575981073,4.236459262022152,4.254517555236816,117500,0.0,0.0
2012-05-07 00:00:00-04:00,4.2184011330890065,4.258129100918003,4.2184011330890065,4.250905990600586,101000,0.0,0.0
2012-05-08 00:00:00-04:00,4.225624398438187,4.240070964036326,4.214789560347907,4.229236125946045,101500,0.0,0.0
2012-05-09 00:00:00-04:00,4.229237264313232,4.2725769727732255,4.229237264313232,4.268965244293213,97000,0.0,0.0
2012-05-10 00:00:00-04:00,4.301469489340466,4.301469489340466,4.258129787151561,4.297857761383057,109600,0.0,0.0
2012-05-11 00:00:00-04:00,4.315661126345384,4.337457200442578,4.301130294799805,4.301130294799805,131000,0.069,0.0
2012-05-14 00:00:00-04:00,4.3047611389689715,4.3047611389689715,4.2284742213068665,4.239372253417969,114600,0.0,0.0
2012-05-15 00:00:00-04:00,4.253904226017951,4.253904226017951,4.213944533201937,4.21757698059082,154000,0.0,0.0
2012-05-16 00:00:00-04:00,4.250271432186781,4.253904226017951,4.21757698059082,4.21757698059082,92700,0.0,0.0
2012-05-17 00:00:00-04:00,4.239373271803269,4.261169341261341,4.134024678909848,4.152188301086426,206800,0.0,0.0
2012-05-18 00:00:00-04:00,4.188515739100334,4.188515739100334,4.094065515199006,4.101330757141113,142900,0.0,0.0
2012-05-21 00:00:00-04:00,4.094065723540139,4.141290664672852,4.094065723540139,4.141290664672852,121800,0.0,0.0
2012-05-22 00:00:00-04:00,4.163086296284822,4.166719089974098,4.101330189336228,4.126759052276611,102000,0.0,0.0
2012-05-23 00:00:00-04:00,4.141289552018863,4.155820379180808,4.046839348687349,4.11949348449707,662000,0.0,0.0
2012-05-24 00:00:00-04:00,4.126758327859075,4.137656707013784,4.112227502095009,4.1303911209106445,131800,0.0,0.0
2012-05-25 00:00:00-04:00,4.141289612539229,4.144922405993366,4.09769713041634,4.137657165527344,160100,0.0,0.0
2012-05-29 00:00:00-04:00,4.159453233367662,4.1630860268218,4.123126338153048,4.137657165527344,79700,0.0,0.0
2012-05-30 00:00:00-04:00,4.144921616821563,4.148554409584035,4.097696350235985,4.1231255531311035,80300,0.0,0.0
2012-05-31 00:00:00-04:00,4.130391349965964,4.134024143218994,4.097696903573157,4.134024143218994,103600,0.0,0.0
2012-06-01 00:00:00-04:00,4.119494651560802,4.119494651560802,4.050472943155849,4.061371326446533,203000,0.0,0.0
2012-06-04 00:00:00-04:00,4.065002739288881,4.075901119804312,3.9705525332509386,3.9778177738189697,654800,0.0,0.0
2012-06-05 00:00:00-04:00,3.970553133555619,4.021410864547744,3.970553133555619,4.010512828826904,201900,0.0,0.0
2012-06-06 00:00:00-04:00,4.043208271978766,4.065004348754883,4.017779400259164,4.065004348754883,252700,0.0,0.0
2012-06-07 00:00:00-04:00,4.086797099239096,4.086797099239096,4.0250410264685605,4.050469875335693,206000,0.0,0.0
2012-06-08 00:00:00-04:00,4.028676774672446,4.0868000984191895,4.010513149391005,4.0868000984191895,120700,0.0,0.0
2012-06-11 00:00:00-04:00,4.108592595475181,4.108592595475181,4.064999797841858,4.075898170471191,137500,0.0,0.0
2012-06-12 00:00:00-04:00,4.0867986436184465,4.1303911209106445,4.075900610905951,4.1303911209106445,246100,0.0,0.0
2012-06-13 00:00:00-04:00,4.142823763848153,4.157449782703724,4.120884909920695,4.150136947631836,106000,0.074,0.0
2012-06-14 00:00:00-04:00,4.172073623507597,4.172073623507597,4.146478191050519,4.161104202270508,83900,0.0,0.0
2012-06-15 00:00:00-04:00,4.186701767112967,4.186701767112967,4.146480302950166,4.1720757484436035,118300,0.0,0.0
2012-06-18 00:00:00-04:00,4.179388932134181,4.1830451752676785,4.1501368947954544,4.1720757484436035,85400,0.0,0.0
2012-06-19 00:00:00-04:00,4.1793886759024685,4.20498411982669,4.17573208428136,4.197670936584473,83400,0.0,0.0
2012-06-20 00:00:00-04:00,4.21961041876906,4.223267010633822,4.201327808157041,4.215953826904297,94800,0.0,0.0
2012-06-21 00:00:00-04:00,4.241548731502244,4.248861564985973,4.204983517948439,4.223266124725342,221300,0.0,0.0
2012-06-22 00:00:00-04:00,4.234235549306796,4.23789214040452,4.208640109046164,4.223266124725342,101900,0.0,0.0
2012-06-25 00:00:00-04:00,4.223266124725342,4.226922715823067,4.190357502269261,4.223266124725342,134400,0.0,0.0
2012-06-26 00:00:00-04:00,4.245205666758763,4.245205666758763,4.175732168121656,4.234236240386963,134200,0.0,0.0
2012-06-27 00:00:00-04:00,4.256176619086981,4.278115477898799,4.234237411563289,4.274458885192871,207600,0.0,0.0
2012-06-28 00:00:00-04:00,4.281768986996614,4.281768986996614,4.2122955191761715,4.263486385345459,141400,0.0,0.0
2012-06-29 00:00:00-04:00,4.321992626663763,4.347588421459327,4.237893104553223,4.237893104553223,157300,0.0,0.0
2012-07-02 00:00:00-04:00,4.281771394165433,4.311023433767835,4.259832190107722,4.292740821838379,98700,0.0,0.0
2012-07-03 00:00:00-04:00,4.314680093363645,4.314680093363645,4.289084296777444,4.30005407333374,50600,0.0,0.0
2012-07-05 00:00:00-04:00,4.311023433767835,4.311023433767835,4.285427986293687,4.292740821838379,84900,0.0,0.0
2012-07-06 00:00:00-04:00,4.296398155183649,4.300054747942741,4.267146110534668,4.267146110534668,96200,0.0,0.0
2012-07-09 00:00:00-04:00,4.267145237972671,4.31467988798517,4.267145237972671,4.303710460662842,55600,0.0,0.0
2012-07-10 00:00:00-04:00,4.343933093909942,4.343933093909942,4.2708029775906295,4.285429000854492,159000,0.0,0.0
2012-07-11 00:00:00-04:00,4.30897780724603,4.3163371086120605,4.2758600737800485,4.3163371086120605,135300,0.074,0.0
2012-07-12 00:00:00-04:00,4.239063603260875,4.30897855758667,4.239063603260875,4.30897855758667,124400,0.0,0.0
2012-07-13 00:00:00-04:00,4.312658016090201,4.33841609954834,4.305298363143551,4.33841609954834,102600,0.0,0.0
2012-07-16 00:00:00-04:00,4.338413095374703,4.345772743225098,4.320014326676041,4.345772743225098,80000,0.0,0.0
2012-07-17 00:00:00-04:00,4.349453243210299,4.349453243210299,4.312656048051793,4.3420939445495605,107000,0.0,0.0
2012-07-18 00:00:00-04:00,4.353134445516238,4.364173572464285,4.29425863388996,4.327376365661621,188100,0.0,0.0
2012-07-19 00:00:00-04:00,4.342095832604242,4.360494613647461,4.312657923306117,4.360494613647461,96800,0.0,0.0
2012-07-20 00:00:00-04:00,4.353135089111736,4.375213697199593,4.338416134029021,4.3715338706970215,193200,0.0,0.0
2012-07-23 00:00:00-04:00,4.3715344000684855,4.397292486850522,4.356815443203377,4.386253356933594,149100,0.0,0.0
2012-07-24 00:00:00-04:00,4.3936118527205545,4.397291678992687,4.349454990237602,4.37889289855957,151700,0.0,0.0
2012-07-25 00:00:00-04:00,4.378893207053632,4.404651641845703,4.375213731449827,4.404651641845703,130100,0.0,0.0
2012-07-26 00:00:00-04:00,4.4156887361120685,4.419368560948073,4.356812942445626,4.375211715698242,113600,0.0,0.0
2012-07-27 00:00:00-04:00,4.393608910382582,4.400968557998196,4.364171021774753,4.382569789886475,118000,0.0,0.0
2012-07-30 00:00:00-04:00,4.397291142879419,4.400970968702912,4.356814111603518,4.364173412322998,110500,0.0,0.0
2012-07-31 00:00:00-04:00,4.3788917677670245,4.404650194092625,4.3273756169707385,4.334734916687012,165300,0.0,0.0
2012-08-01 00:00:00-04:00,4.367854945830825,4.393613034810807,4.331057725991942,4.356815814971924,174400,0.0,0.0
2012-08-02 00:00:00-04:00,4.3715338706970215,4.393612127857308,4.353135089111736,4.3715338706970215,125600,0.0,0.0
2012-08-03 00:00:00-04:00,4.412010095245884,4.415689921069376,4.353134285780026,4.364173412322998,104300,0.0,0.0
2012-08-06 00:00:00-04:00,4.386250839278848,4.404649612531463,4.364172241190226,4.375211715698242,114200,0.0,0.0
2012-08-07 00:00:00-04:00,4.3972906193488175,4.430408345962324,4.389931319505518,4.419369220733643,115900,0.0,0.0
2012-08-08 00:00:00-04:00,4.4340882446875485,4.4340882446875485,4.408329817491297,4.415689468383789,108200,0.0,0.0
2012-08-09 00:00:00-04:00,4.415690236357741,4.415690236357741,4.382572503436653,4.389932155609131,93400,0.0,0.0
2012-08-10 00:00:00-04:00,4.408332700287698,4.408332700287698,4.382574607174602,4.397293567657471,137900,0.0,0.0
2012-08-13 00:00:00-04:00,4.417284401402867,4.446905726303157,4.383960322611529,4.443202972412109,182700,0.074,0.0
2012-08-14 00:00:00-04:00,4.458016252287507,4.458016252287507,4.420989397865625,4.424692153930664,126700,0.0,0.0
2012-08-15 00:00:00-04:00,4.439498201179945,4.450606457805414,4.4098768897398,4.446903705596924,188900,0.0,0.0
2012-08-16 00:00:00-04:00,4.450609446106237,4.4617173570760755,4.424690516357785,4.454311847686768,141900,0.0,0.0
2012-08-17 00:00:00-04:00,4.461719151752894,4.469124311006721,4.439502967762882,4.458016395568848,135400,0.0,0.0
2012-08-20 00:00:00-04:00,4.483933209864059,4.483933209864059,4.454311878331289,4.480230808258057,115000,0.0,0.0
2012-08-21 00:00:00-04:00,4.491339683532715,4.495042439047773,4.469123503556569,4.491339683532715,107800,0.0,0.0
2012-08-22 00:00:00-04:00,4.483935240276777,4.487637996673584,4.461719408124503,4.487637996673584,129500,0.0,0.0
2012-08-23 00:00:00-04:00,4.487636099544977,4.502446765756777,4.483933344713493,4.498744010925293,132500,0.0,0.0
2012-08-24 00:00:00-04:00,4.502446186271247,4.513554096221924,4.49133827632057,4.513554096221924,138300,0.0,0.0
2012-08-27 00:00:00-04:00,4.506149145982234,4.513554301915459,4.469122306973789,4.483932971954346,107600,0.0,0.0
2012-08-28 00:00:00-04:00,4.4617165384346835,4.4950406183439755,4.458013784419416,4.465419292449951,165800,0.0,0.0
2012-08-29 00:00:00-04:00,4.4802309725679095,4.524662971496582,4.476528217711985,4.524662971496582,184000,0.0,0.0
2012-08-30 00:00:00-04:00,4.524663686540302,4.535771599749347,4.513555420217063,4.5283660888671875,169200,0.0,0.0
2012-08-31 00:00:00-04:00,4.532066119851408,4.539471626281738,4.517255460104729,4.539471626281738,127900,0.0,0.0
2012-09-04 00:00:00-04:00,4.513554096221924,4.520959604931768,4.480230366369893,4.513554096221924,136100,0.0,0.0
2012-09-05 00:00:00-04:00,4.517257728087537,4.554284572601318,4.4802312366879145,4.554284572601318,227900,0.0,0.0
2012-09-06 00:00:00-04:00,4.524664854413088,4.535772770489225,4.487637996673584,4.487637996673584,202300,0.0,0.0
2012-09-07 00:00:00-04:00,4.46541990556423,4.506149145982234,4.461717151040563,4.483932971954346,238700,0.0,0.0
2012-09-10 00:00:00-04:00,4.465420890155602,4.532068720706394,4.465420890155602,4.520960807800293,106800,0.0,0.0
2012-09-11 00:00:00-04:00,4.539471626281738,4.543174379496903,4.532066119851408,4.539471626281738,91200,0.0,0.0
2012-09-12 00:00:00-04:00,4.575241828417895,4.575241828417895,4.515629612592281,4.537984371185303,191000,0.076,0.0
2012-09-13 00:00:00-04:00,4.564062741914676,4.564062741914676,4.515627747729824,4.541707992553711,198000,0.0,0.0
2012-09-14 00:00:00-04:00,4.56033594723046,4.5677876472473145,4.519352663087602,4.5677876472473145,149600,0.0,0.0
2012-09-17 00:00:00-04:00,4.571515712904921,4.578967061216562,4.534257905396358,4.549160957336426,182200,0.0,0.0
2012-09-18 00:00:00-04:00,4.5566108940474805,4.571514296687383,4.537982351380954,4.564062595367432,162600,0.0,0.0
2012-09-19 00:00:00-04:00,4.57524158109603,4.590144634246826,4.560338527945235,4.590144634246826,217500,0.0,0.0
2012-09-20 00:00:00-04:00,4.593870624858635,4.608773678458724,4.578967571258545,4.578967571258545,224500,0.0,0.0
2012-09-21 00:00:00-04:00,4.601323474651805,4.634855087110881,4.593871768338512,4.627403736114502,292700,0.0,0.0
2012-09-24 00:00:00-04:00,4.634852128791474,4.668384075164795,4.6311266333296395,4.668384075164795,202000,0.0,0.0
2012-09-25 00:00:00-04:00,4.67210896129742,4.701915050738184,4.649754216558541,4.679560661315918,257500,0.0,0.0
2012-09-26 00:00:00-04:00,4.701918111030297,4.701918111030297,4.660934800203988,4.687015056610107,171100,0.0,0.0
2012-09-27 00:00:00-04:00,4.687015834484993,4.687015834484993,4.646032516856937,4.653483867645264,139600,0.0,0.0
2012-09-28 00:00:00-04:00,4.653480208379405,4.672109103676739,4.6348513130820725,4.657206058502197,299000,0.0,0.0
2012-10-01 00:00:00-04:00,4.701914466463259,4.7056403160095215,4.6758342302725575,4.7056403160095215,163600,0.0,0.0
2012-10-02 00:00:00-04:00,4.713093226824627,4.727996274648169,4.679561635709173,4.694464683532715,145800,0.0,0.0
2012-10-03 00:00:00-04:00,4.720545427131737,4.724271278310439,4.701916526554949,4.7093682289123535,139300,0.0,0.0
2012-10-04 00:00:00-04:00,4.716821491485492,4.731724546935807,4.657209269684233,4.683289527893066,165800,0.0,0.0
2012-10-05 00:00:00-04:00,4.683287964888026,4.731722967766022,4.67956246875645,4.720545768737793,99700,0.0,0.0
2012-10-08 00:00:00-04:00,4.720544003589563,4.731721198438315,4.687012063726687,4.6981892585754395,132400,0.0,0.0
2012-10-09 00:00:00-04:00,4.716821683019231,4.735450591917798,4.649757753111147,4.731724739074707,268400,0.0,0.0
2012-10-10 00:00:00-04:00,4.720546194211236,4.720546194211236,4.623676179724132,4.64975643157959,199000,0.0,0.0
2012-10-11 00:00:00-04:00,4.648258858305125,4.670750591415227,4.637013170497059,4.640761852264404,182000,0.076,0.0
2012-10-12 00:00:00-04:00,4.640758202334215,4.655752560116648,4.6032721291312875,4.614518165588379,170000,0.0,0.0
2012-10-15 00:00:00-04:00,4.663251538462134,4.663251538462134,4.58453103733686,4.607022762298584,175500,0.0,0.0
2012-10-16 00:00:00-04:00,4.637010837321331,4.6407595172024765,4.603273433378601,4.6332621574401855,167600,0.0,0.0
2012-10-17 00:00:00-04:00,4.655753879233268,4.659502559114413,4.614519473022038,4.6332621574401855,182200,0.0,0.0
2012-10-18 00:00:00-04:00,4.644507549017796,4.678244590759277,4.63701019030164,4.678244590759277,185700,0.0,0.0
2012-10-19 00:00:00-04:00,4.696987102894448,4.711981461150143,4.659501386002058,4.666998386383057,160100,0.0,0.0
2012-10-22 00:00:00-04:00,4.5695393435599385,4.711986064910889,4.5695393435599385,4.711986064910889,155000,0.0,0.0
2012-10-23 00:00:00-04:00,4.7007372578247715,4.726977303637973,4.7007372578247715,4.715731620788574,183500,0.0,0.0
2012-10-24 00:00:00-04:00,4.738222169669155,4.779456568226704,4.7307248112984785,4.749467849731445,178400,0.0,0.0
2012-10-25 00:00:00-04:00,4.775712169983892,4.78695821762085,4.741974742061108,4.78695821762085,210000,0.0,0.0
2012-10-26 00:00:00-04:00,4.7869565746306035,4.820693633480033,4.745721795769209,4.783207893371582,351000,0.0,0.0
2012-10-31 00:00:00-04:00,4.764460070508295,4.794448775543482,4.700733982935131,4.726974010467529,244600,0.0,0.0
2012-11-01 00:00:00-04:00,4.764463901519775,4.824441359816841,4.74572085642848,4.764463901519775,191700,0.0,0.0
2012-11-02 00:00:00-04:00,4.801948380765376,4.801948380765376,4.775707983443037,4.7907023429870605,256400,0.0,0.0
2012-11-05 00:00:00-05:00,4.768212582036805,4.7869556271281,4.74572085642848,4.764463901519775,159600,0.0,0.0
2012-11-06 00:00:00-05:00,4.764462425147625,4.764462425147625,4.734473705291748,4.734473705291748,134900,0.0,0.0
2012-11-07 00:00:00-05:00,4.730726023415609,4.760714749594645,4.711982980180258,4.745720386505127,235800,0.0,0.0
2012-11-08 00:00:00-05:00,4.768212582036805,4.771960905059983,4.74572085642848,4.764463901519775,189300,0.0,0.0
2012-11-09 00:00:00-05:00,4.764464335900388,4.764464335900388,4.734475604017755,4.753218650817871,139900,0.0,0.0
2012-11-12 00:00:00-05:00,4.7532177467967935,4.77196043253833,4.723229020617758,4.745720386505127,122300,0.0,0.0
2012-11-13 00:00:00-05:00,4.717812089006805,4.725354367219484,4.6838709379178285,4.710269451141357,111600,0.076,0.0
2012-11-14 00:00:00-05:00,4.687646494657638,4.687646494657638,4.446287259557107,4.476457118988037,434700,0.0,0.0
2012-11-15 00:00:00-05:00,4.382172512852595,4.4764533337650505,4.333146442819784,4.434969902038574,322800,0.0,0.0
2012-11-16 00:00:00-05:00,4.472681537085322,4.627302368981974,4.468910577987551,4.604674816131592,238600,0.0,0.0
2012-11-19 00:00:00-05:00,4.615989335329377,4.6461591720581055,4.615989335329377,4.6461591720581055,182600,0.0,0.0
2012-11-20 00:00:00-05:00,4.63861608505249,4.646158363095042,4.615988531619315,4.63861608505249,187200,0.0,0.0
2012-11-21 00:00:00-05:00,4.6914154897951885,4.6914154897951885,4.642389758520846,4.67633056640625,145000,0.0,0.0
2012-11-23 00:00:00-05:00,4.69518671704874,4.732899204596495,4.676330473274862,4.729127883911133,74200,0.0,0.0
2012-11-26 00:00:00-05:00,4.714043054705068,4.717814375465538,4.631075796239434,4.67633056640625,190300,0.0,0.0
2012-11-27 00:00:00-05:00,4.676330237575431,4.683872878565988,4.642389432076681,4.668787956237793,146300,0.0,0.0
2012-11-28 00:00:00-05:00,4.668788284538253,4.67633056640625,4.657474681909784,4.67633056640625,126400,0.0,0.0
2012-11-29 00:00:00-05:00,4.698956790814336,4.714041709899902,4.676329232359567,4.714041709899902,166200,0.0,0.0
2012-11-30 00:00:00-05:00,4.714042723222377,4.714042723222377,4.642389432076681,4.668787956237793,141400,0.0,0.0
2012-12-03 00:00:00-05:00,4.668785743731801,4.676328021495205,4.63861591337269,4.653700828552246,135900,0.0,0.0
2012-12-04 00:00:00-05:00,4.653701291390477,4.672557527153473,4.6423876937937925,4.657472610473633,127300,0.0,0.0
2012-12-05 00:00:00-05:00,4.653701291390477,4.668786208070317,4.653701291390477,4.657472610473633,102900,0.0,0.0
2012-12-06 00:00:00-05:00,4.661245315247236,4.668787956237793,4.657474354404876,4.668787956237793,116300,0.0,0.0
2012-12-07 00:00:00-05:00,4.661245152488259,4.691414996091194,4.661245152488259,4.68010139465332,130900,0.0,0.0
2012-12-10 00:00:00-05:00,4.638618111581403,4.683872878565988,4.638618111581403,4.668787956237793,147900,0.0,0.0
2012-12-11 00:00:00-05:00,4.7178124085097375,4.721583727697865,4.67632861674592,4.687642574310303,185300,0.0,0.0
2012-12-12 00:00:00-05:00,4.705096233845316,4.720273949624225,4.686124360520645,4.689918518066406,131400,0.076,0.0
2012-12-13 00:00:00-05:00,4.689919920418671,4.705097640735932,4.682331241192738,4.701303482055664,111300,0.0,0.0
2012-12-14 00:00:00-05:00,4.7013027048452685,4.705096862898293,4.667152749310685,4.693713665008545,159700,0.0,0.0
2012-12-17 00:00:00-05:00,4.667154008967768,4.6899204108918795,4.610237280426621,4.644387245178223,226600,0.0,0.0
2012-12-18 00:00:00-05:00,4.651974537998013,4.7013022061077825,4.621619105602047,4.663357734680176,179400,0.0,0.0
2012-12-19 00:00:00-05:00,4.678535321698546,4.701302076299554,4.667152125330687,4.689918518066406,221700,0.0,0.0
2012-12-20 00:00:00-05:00,4.689921823418042,4.716483116149902,4.678538619027555,4.716483116149902,215500,0.0,0.0
2012-12-21 00:00:00-05:00,4.648182871421343,4.7316605426794185,4.648182871421343,4.6785383224487305,211200,0.0,0.0
2012-12-24 00:00:00-05:00,4.686124360520645,4.7430407042252325,4.670946644741736,4.689918518066406,131500,0.0,0.0
2012-12-26 00:00:00-05:00,4.718170375198041,4.718170375198041,4.676180315664652,4.687632083892822,127500,0.074,0.0
2012-12-27 00:00:00-05:00,4.6876248030418,4.737249540346584,4.6609039306640625,4.6609039306640625,197000,0.0,0.0
2012-12-28 00:00:00-05:00,4.691445050295537,4.691445050295537,4.615099393814712,4.626551151275635,154300,0.0,0.0
2012-12-31 00:00:00-05:00,4.691446124625685,4.702897884709033,4.607465701243055,4.653273105621338,200100,0.0,0.0
2013-01-02 00:00:00-05:00,4.691446221471839,4.7487053871154785,4.683811835940305,4.7487053871154785,173700,0.0,0.0
2013-01-03 00:00:00-05:00,4.748708953337621,4.75252633099264,4.710536268922943,4.741074562072754,157400,0.0,0.0
2013-01-04 00:00:00-05:00,4.741072360293328,4.756341499777163,4.714351457207867,4.744889736175537,221100,0.0,0.0
2013-01-07 00:00:00-05:00,4.714351457207867,4.744889736175537,4.6914475659596135,4.744889736175537,220900,0.0,0.0
2013-01-08 00:00:00-05:00,4.744889721840826,4.779245376586914,4.737254970099473,4.779245376586914,172800,0.0,0.0
2013-01-09 00:00:00-05:00,4.779245654893151,4.809783935546875,4.748707010194405,4.809783935546875,162700,0.0,0.0
2013-01-10 00:00:00-05:00,4.809782648275092,4.847955306853352,4.783061386820893,4.825051784515381,301400,0.0,0.0
2013-01-11 00:00:00-05:00,4.823517645607588,4.838879151608843,4.815836709483364,4.831198215484619,174800,0.076,0.0
2013-01-14 00:00:00-05:00,4.831199848137094,4.831199848137094,4.788955783919509,4.81583833694458,120100,0.0,0.0
2013-01-15 00:00:00-05:00,4.835038359707776,4.835038359707776,4.796634414153243,4.823517322540283,193900,0.0,0.0
2013-01-16 00:00:00-05:00,4.823517322540283,4.823517322540283,4.8043153497630176,4.823517322540283,214500,0.0,0.0
2013-01-17 00:00:00-05:00,4.823518354636174,4.854241371154785,4.823518354636174,4.854241371154785,161600,0.0,0.0
2013-01-18 00:00:00-05:00,4.8542394029004186,4.908004476884175,4.84655846876154,4.892642974853516,232500,0.0,0.0
2013-01-22 00:00:00-05:00,4.873438379993099,4.888799873747137,4.8388752937316895,4.8388752937316895,127800,0.0,0.0
2013-01-23 00:00:00-05:00,4.854237529488107,4.900322017794541,4.854237529488107,4.888800621032715,300300,0.0,0.0
2013-01-24 00:00:00-05:00,4.900323240224291,4.911844273613186,4.892642307133663,4.908003807067871,177600,0.0,0.0
2013-01-25 00:00:00-05:00,4.908002257573337,4.961767673492432,4.892640762488871,4.961767673492432,316500,0.0,0.0
2013-01-28 00:00:00-05:00,4.965610760961149,4.969450862074866,4.911845316650723,4.938727855682373,241700,0.0,0.0
2013-01-29 00:00:00-05:00,4.934886455535889,4.938726555638759,4.892642058181052,4.934886455535889,267800,0.0,0.0
2013-01-30 00:00:00-05:00,4.938726555638759,4.942567021988658,4.91568449003342,4.934886455535889,184400,0.0,0.0
2013-01-31 00:00:00-05:00,4.950248625791777,4.965610127026898,4.900323655215861,4.919525623321533,274600,0.0,0.0
2013-02-01 00:00:00-05:00,4.927205204006688,4.954087734222412,4.927205204006688,4.954087734222412,183900,0.0,0.0
2013-02-04 00:00:00-05:00,4.965608924112682,5.065458474828972,4.934885929085056,4.973289489746094,198800,0.0,0.0
2013-02-05 00:00:00-05:00,4.980974792852106,5.011697814841776,4.9732938542310325,5.004016876220703,205100,0.0,0.0
2013-02-06 00:00:00-05:00,5.004012793802452,5.015534192334572,4.961768764592383,4.984810829162598,277500,0.0,0.0
2013-02-07 00:00:00-05:00,4.992494605022451,5.007856112234169,4.9732926294459965,4.988654136657715,226700,0.0,0.0
2013-02-08 00:00:00-05:00,4.9963321288437,5.000172594945091,4.934886136209469,4.954087734222412,245500,0.0,0.0
2013-02-11 00:00:00-05:00,4.957928200323803,4.988651196640918,4.908003239746739,4.954087734222412,228500,0.0,0.0
2013-02-12 00:00:00-05:00,4.95792846354786,4.969449496216696,4.877280502371956,4.896482467651367,206700,0.0,0.0
2013-02-13 00:00:00-05:00,4.960613187384991,4.991520404815674,4.929705969954306,4.991520404815674,181300,0.076,0.0
2013-02-14 00:00:00-05:00,4.999249341140293,5.107425020709358,4.999249341140293,5.080380916595459,329500,0.0,0.0
2013-02-15 00:00:00-05:00,5.0881088983360705,5.107426014047747,5.05333816374372,5.099699020385742,230300,0.0,0.0
2013-02-19 00:00:00-05:00,5.107422718071386,5.165373659365561,5.099695729395844,5.119012832641602,266200,0.0,0.0
2013-02-20 00:00:00-05:00,5.134466441549588,5.149920050457575,5.1035592237336145,5.119012832641602,223000,0.0,0.0
2013-02-21 00:00:00-05:00,5.13060537461201,5.138332366943359,5.088108022119407,5.138332366943359,349500,0.0,0.0
2013-02-22 00:00:00-05:00,5.138333516401441,5.176967381370862,5.126743393754951,5.153787136077881,374000,0.0,0.0
2013-02-25 00:00:00-05:00,5.153782540842357,5.176962765467297,5.053333918286212,5.061060905456543,283000,0.0,0.0
2013-02-26 00:00:00-05:00,5.080379915803464,5.119014132102268,5.034019077310815,5.072653293609619,239900,0.0,0.0
2013-02-27 00:00:00-05:00,5.045612618771266,5.072656365491573,5.022432001265706,5.030158996582031,275700,0.0,0.0
2013-02-28 00:00:00-05:00,5.030154673531453,5.130602947211816,5.030154673531453,5.119012832641602,173500,0.0,0.0
2013-03-01 00:00:00-05:00,5.122875729436292,5.184690157858073,5.119012235549167,5.180826663970947,207500,0.0,0.0
2013-03-04 00:00:00-05:00,5.165376898951897,5.1769670207911265,5.130606164990877,5.1421966552734375,198100,0.0,0.0
2013-03-05 00:00:00-05:00,5.165375159984798,5.196282386779785,5.13446793318981,5.196282386779785,286800,0.0,0.0
2013-03-06 00:00:00-05:00,5.215599657159749,5.215599657159749,5.14605821049579,5.192419052124023,251900,0.0,0.0
2013-03-07 00:00:00-05:00,5.211740180840824,5.211740180840824,5.1421990489904035,5.207876682281494,299500,0.0,0.0
2013-03-08 00:00:00-05:00,5.211736242599758,5.234916847995842,5.169238895890699,5.231053352355957,229200,0.0,0.0
2013-03-11 00:00:00-04:00,5.308324112921972,5.412636337399559,5.25037312273003,5.273553371429443,335700,0.0,0.0
2013-03-12 00:00:00-04:00,5.269688977477701,5.269688977477701,5.2001475111835465,5.211737632751465,259400,0.0,0.0
2013-03-13 00:00:00-04:00,5.276232581755769,5.276232581755769,5.093623543739327,5.109164714813232,401100,0.076,0.0
2013-03-14 00:00:00-04:00,5.109162172895656,5.109162172895656,5.035341739654541,5.035341739654541,356000,0.0,0.0
2013-03-15 00:00:00-04:00,5.1285905061048975,5.1285905061048975,4.945981495333639,5.012031555175781,312100,0.0,0.0
2013-03-18 00:00:00-04:00,5.039234053322273,5.089742996278258,5.008151683892601,5.054775238037109,301900,0.0,0.0
2013-03-19 00:00:00-04:00,5.054773127556694,5.08974087119803,5.054773127556694,5.085855484008789,236200,0.0,0.0
2013-03-20 00:00:00-04:00,5.085855484008789,5.093625887856355,5.070314305782741,5.085855484008789,167500,0.0,0.0
2013-03-21 00:00:00-04:00,5.120821612915398,5.140247801674163,5.105280439589906,5.128592014312744,165000,0.0,0.0
2013-03-22 00:00:00-04:00,5.128593584261791,5.151905536651611,5.124708197108336,5.151905536651611,217500,0.0,0.0
2013-03-25 00:00:00-04:00,5.163557619712351,5.163557619712351,5.093622183293331,5.148016452789307,250000,0.0,0.0
2013-03-26 00:00:00-04:00,5.167444589572621,5.202412318511075,5.163559204017068,5.171329975128174,184700,0.0,0.0
2013-03-27 00:00:00-04:00,5.206297376350158,5.206297376350158,5.182985803886658,5.194641590118408,270600,0.0,0.0
2013-03-28 00:00:00-04:00,5.171327607071895,5.182983387870373,5.0975067974434864,5.116933345794678,389100,0.0,0.0
2013-04-01 00:00:00-04:00,5.186873327743558,5.186873327743558,5.074199692971982,5.085855484008789,202800,0.0,0.0
2013-04-02 00:00:00-04:00,5.078084709630307,5.113052453271644,5.078084709630307,5.085855484008789,223800,0.0,0.0
2013-04-03 00:00:00-04:00,5.085852446419756,5.101393615363647,5.027572784982147,5.05088472366333,259600,0.0,0.0
2013-04-04 00:00:00-04:00,5.089737799962795,5.155787860200486,5.078081645428596,5.105278968811035,311200,0.0,0.0
2013-04-05 00:00:00-04:00,5.085852645948433,5.128590769588163,5.050884921820149,5.097508430480957,216900,0.0,0.0
2013-04-08 00:00:00-04:00,5.151903959566382,5.151903959566382,5.101395053625833,5.128592014312744,188200,0.0,0.0
2013-04-09 00:00:00-04:00,5.186870750173272,5.186870750173272,5.140246868133545,5.140246868133545,158300,0.0,0.0
2013-04-10 00:00:00-04:00,5.167446747816102,5.190758329824249,5.140249408098712,5.175217151641846,209000,0.0,0.0
2013-04-11 00:00:00-04:00,5.204914067452483,5.204914067452483,5.130669959989675,5.142392635345459,164000,0.076,0.0
2013-04-12 00:00:00-04:00,5.1423933448302535,5.14630102804036,5.0876872705174945,5.107224941253662,186400,0.0,0.0
2013-04-15 00:00:00-04:00,5.107221544775635,5.122851894564158,5.036885157055751,5.04860782623291,174100,0.0,0.0
2013-04-16 00:00:00-04:00,5.10331605199907,5.107223361343276,5.032979266604445,5.068147659301758,202100,0.0,0.0
2013-04-17 00:00:00-04:00,5.079870222593886,5.107223250696055,5.068147549501107,5.083777904510498,148900,0.0,0.0
2013-04-18 00:00:00-04:00,5.1072221861828355,5.115037548387082,5.079869163781936,5.095499515533447,143800,0.0,0.0
2013-04-19 00:00:00-04:00,5.095500835453321,5.118946555482371,5.083778161767334,5.111131191253662,149100,0.0,0.0
2013-04-22 00:00:00-04:00,5.1345785891347715,5.150208950042725,5.103317867318866,5.150208950042725,192400,0.0,0.0
2013-04-23 00:00:00-04:00,5.193190098995324,5.193190098995324,5.158021709027749,5.189282417297363,150400,0.0,0.0
2013-04-24 00:00:00-04:00,5.212731002075504,5.220545997113003,5.177562592763649,5.197100639343262,128300,0.0,0.0
2013-04-25 00:00:00-04:00,5.204914432325333,5.20882211527024,5.158023354957925,5.161931037902832,199200,0.0,0.0
2013-04-26 00:00:00-04:00,5.181467056274414,5.18537473769312,5.15020635023879,5.181467056274414,159400,0.0,0.0
2013-04-29 00:00:00-04:00,5.19319127433945,5.19319127433945,5.154115193830057,5.165838241577148,131400,0.0,0.0
2013-04-30 00:00:00-04:00,5.158018993550679,5.165834352832148,5.099405289567029,5.103312969207764,317400,0.0,0.0
2013-05-01 00:00:00-04:00,5.193190650742354,5.201006014968614,5.095500833856563,5.115038871765137,200300,0.0,0.0
2013-05-02 00:00:00-04:00,5.115037548387082,5.1189452294892055,5.07205380157769,5.095499515533447,210900,0.0,0.0
2013-05-03 00:00:00-04:00,5.095500577603277,5.1033159414365015,5.064239867584495,5.083777904510498,204400,0.0,0.0
2013-05-06 00:00:00-04:00,5.08377779768434,5.091592788696289,5.056424397499893,5.091592788696289,191000,0.0,0.0
2013-05-07 00:00:00-04:00,5.099408515969693,5.12676154544745,5.0837781601742495,5.115038871765137,169400,0.0,0.0
2013-05-08 00:00:00-04:00,5.1345737329975485,5.158019065856934,5.107220347785804,5.158019065856934,193900,0.0,0.0
2013-05-09 00:00:00-04:00,5.165835858195319,5.181466208656216,5.154112815856934,5.154112815856934,253900,0.0,0.0
2013-05-10 00:00:00-04:00,5.158021709027749,5.193190098995324,5.158021709027749,5.189282417297363,274400,0.0,0.0
2013-05-13 00:00:00-04:00,5.23487107884711,5.23487107884711,5.191640295467545,5.195570468902588,155600,0.076,0.0
2013-05-14 00:00:00-04:00,5.211290490240938,5.223080635070801,5.195570172200471,5.223080635070801,171300,0.0,0.0
2013-05-15 00:00:00-04:00,5.223082012232567,5.223082012232567,5.132690253366919,5.171990871429443,199100,0.0,0.0
2013-05-16 00:00:00-04:00,5.187711366104244,5.1995015144348145,5.168060869018587,5.1995015144348145,215200,0.0,0.0
2013-05-17 00:00:00-04:00,5.223082012232567,5.223082012232567,5.132690253366919,5.171990871429443,223800,0.0,0.0
2013-05-20 00:00:00-04:00,5.171990871429443,5.179851219923176,5.144480401305471,5.171990871429443,167100,0.0,0.0
2013-05-21 00:00:00-04:00,5.179852610127594,5.19950273703167,5.171992259524248,5.191642761230469,160200,0.0,0.0
2013-05-22 00:00:00-04:00,5.191640818817249,5.211291313171387,5.191640818817249,5.211291313171387,173100,0.0,0.0
2013-05-23 00:00:00-04:00,5.203431012206042,5.238801827400516,5.195571039275052,5.227011680603027,213800,0.0,0.0
2013-05-24 00:00:00-04:00,5.227009430269374,5.238799571990967,5.215219288547781,5.238799571990967,148900,0.0,0.0
2013-05-28 00:00:00-04:00,5.234872730928691,5.234872730928691,5.160201286107044,5.203432083129883,221300,0.0,0.0
2013-05-29 00:00:00-04:00,5.203427402337015,5.203427402337015,5.109105543788719,5.148406505584717,315300,0.0,0.0
2013-05-30 00:00:00-04:00,5.136617816790756,5.199499078159591,5.120897501448547,5.183778762817383,145400,0.0,0.0
2013-05-31 00:00:00-04:00,5.187712335400992,5.191642510512867,5.077670055883376,5.097320556640625,240600,0.0,0.0
2013-06-03 00:00:00-04:00,5.11303749347253,5.12089746368473,4.8654422475572074,4.885092735290527,519100,0.0,0.0
2013-06-04 00:00:00-04:00,4.857582476821581,4.9833453883017835,4.849722505680151,4.916533946990967,521400,0.0,0.0
2013-06-05 00:00:00-04:00,4.995135450070166,4.995135450070166,4.865442742558193,4.920464038848877,388400,0.0,0.0
2013-06-06 00:00:00-04:00,4.9440438731547,4.987274646759033,4.932253730317497,4.987274646759033,226300,0.0,0.0
2013-06-07 00:00:00-04:00,4.995135358207121,5.018716020412873,4.9833452145052,5.010855674743652,221600,0.0,0.0
2013-06-10 00:00:00-04:00,5.010858534512845,5.010858534512845,4.892955905799177,4.940116882324219,189100,0.0,0.0
2013-06-11 00:00:00-04:00,4.83793568964087,4.904746802109925,4.83793568964087,4.896886825561523,333000,0.0,0.0
2013-06-12 00:00:00-04:00,4.93640600254754,4.94826313404084,4.861312721020468,4.89293098449707,248200,0.07,0.0
2013-06-13 00:00:00-04:00,4.900835245988924,4.908740000130822,4.790171326438308,4.81388521194458,468800,0.0,0.0
2013-06-14 00:00:00-04:00,4.86921603010074,4.924548167504375,4.742743003943116,4.778313636779785,340500,0.0,0.0
2013-06-17 00:00:00-04:00,4.821790494121622,4.837599628453057,4.7743630911273165,4.794124603271484,283000,0.0,0.0
2013-06-18 00:00:00-04:00,4.885025931013811,4.885025931013811,4.778314392545051,4.790171146392822,286100,0.0,0.0
2013-06-19 00:00:00-04:00,4.8020273382213094,4.821788843601023,4.742743199001536,4.7664570808410645,237500,0.0,0.0
2013-06-20 00:00:00-04:00,4.77041056157339,4.77041056157339,4.679508136289012,4.734839916229248,550400,0.0,0.0
2013-06-21 00:00:00-04:00,4.782268759338386,4.881075961994803,4.750650484641898,4.869218826293945,247600,0.0,0.0
2013-06-24 00:00:00-04:00,4.84550142288208,4.849453798279425,4.790169298077034,4.84550142288208,299800,0.0,0.0
2013-06-25 00:00:00-04:00,4.8850280885828345,4.9126943623395345,4.8376006753250875,4.873171329498291,244600,0.0,0.0
2013-06-26 00:00:00-04:00,4.900836462472711,4.991739273071289,4.900836462472711,4.991739273071289,318500,0.0,0.0
2013-06-27 00:00:00-04:00,4.991739273071289,4.999643652255786,4.956168624442259,4.991739273071289,225700,0.0,0.0
2013-06-28 00:00:00-04:00,5.01545106930748,5.01545106930748,4.932453043247102,4.9798808097839355,196800,0.0,0.0
2013-07-01 00:00:00-04:00,5.019403446005447,5.019403446005447,4.968023679690034,4.9798808097839355,219400,0.0,0.0
2013-07-02 00:00:00-04:00,4.979884223420137,4.979884223420137,4.853410720825195,4.853410720825195,189000,0.0,0.0
2013-07-03 00:00:00-04:00,4.861315519330292,4.865267898769826,4.774365056258791,4.817840099334717,91500,0.0,0.0
2013-07-05 00:00:00-04:00,4.865267015308023,4.904789671767674,4.774364189303619,4.802030086517334,204800,0.0,0.0
2013-07-08 00:00:00-04:00,4.837601995226678,4.837601995226678,4.715081238445236,4.719033241271973,272000,0.0,0.0
2013-07-09 00:00:00-04:00,4.778317049390478,4.857362747192383,4.766460288950097,4.857362747192383,216900,0.0,0.0
2013-07-10 00:00:00-04:00,4.865265697169307,4.904788342921152,4.841551808182618,4.896883964538574,180700,0.0,0.0
2013-07-11 00:00:00-04:00,4.936632163225427,5.008177677755432,4.908809076046484,5.004202842712402,154300,0.07,0.0
2013-07-12 00:00:00-04:00,4.968428296795624,4.98432725218293,4.904832475246399,4.976377964019775,211700,0.0,0.0
2013-07-15 00:00:00-04:00,4.992278753116837,4.99625320912777,4.952531160518418,4.972404956817627,144200,0.0,0.0
2013-07-16 00:00:00-04:00,5.000229370232766,5.020103171802397,4.916759706889306,4.932658672332764,188400,0.0,0.0
2013-07-17 00:00:00-04:00,4.96445525040437,5.012152133737329,4.940606998268457,5.004202842712402,178300,0.0,0.0
2013-07-18 00:00:00-04:00,4.996253866406857,5.020102500915527,4.972405610959372,5.020102500915527,235700,0.0,0.0
2013-07-19 00:00:00-04:00,5.03202313776391,5.03202313776391,4.9565032091558825,4.980351448059082,170300,0.0,0.0
2013-07-22 00:00:00-04:00,4.996255312099055,4.996255312099055,4.928684603677272,4.95253324508667,221500,0.0,0.0
2013-07-23 00:00:00-04:00,4.992280098724557,5.036002159118652,4.968431460925171,5.036002159118652,186200,0.0,0.0
2013-07-24 00:00:00-04:00,5.036000171794112,5.036000171794112,5.000227418742425,5.032025337219238,125700,0.0,0.0
2013-07-25 00:00:00-04:00,5.039974752060496,5.051898876122357,5.024075793624323,5.047924041748047,143000,0.0,0.0
2013-07-26 00:00:00-04:00,5.047925693879582,5.047925693879582,4.936632948401463,4.996253967285156,233900,0.0,0.0
2013-07-29 00:00:00-04:00,5.02010051303712,5.043948759041086,4.992277433012147,5.016125679016113,270500,0.0,0.0
2013-07-30 00:00:00-04:00,5.00420155601413,5.028049802018097,4.980352930949128,5.016125679016113,145600,0.0,0.0
2013-07-31 00:00:00-04:00,5.0359986525204326,5.055872440338135,5.008175577012234,5.055872440338135,176600,0.0,0.0
2013-08-01 00:00:00-04:00,5.055872446761504,5.0638217344621,5.020099704456387,5.028048992156982,126400,0.0,0.0
2013-08-02 00:00:00-04:00,5.043950055959302,5.043950055959302,4.9803542115153565,5.004202842712402,128300,0.0,0.0
2013-08-05 00:00:00-04:00,5.020103171802397,5.028052464993507,4.928683836206591,4.932658672332764,154600,0.0,0.0
2013-08-06 00:00:00-04:00,4.968426817351837,4.976376482208824,4.8809823992293975,4.908805847167969,188700,0.0,0.0
2013-08-07 00:00:00-04:00,4.928679251188669,4.944578201841759,4.877007945861788,4.908805847167969,171100,0.0,0.0
2013-08-08 00:00:00-04:00,4.932655982964325,4.944580105780373,4.900858069414177,4.912782192230225,111800,0.0,0.0
2013-08-09 00:00:00-04:00,4.932655747523003,4.932655747523003,4.896883001721304,4.92470645904541,97100,0.0,0.0
2013-08-12 00:00:00-04:00,4.964455802548311,4.964455802548311,4.920733749395641,4.94060754776001,148800,0.0,0.0
2013-08-13 00:00:00-04:00,4.976581121938134,4.976581121938134,4.900633464155197,4.932611465454102,136200,0.07,0.0
2013-08-14 00:00:00-04:00,4.956597879918862,4.956597879918862,4.884647522540973,4.908630847930908,111100,0.0,0.0
2013-08-15 00:00:00-04:00,4.904634165759415,4.904634165759415,4.828686074798922,4.840677738189697,182500,0.0,0.0
2013-08-16 00:00:00-04:00,4.876648558829736,4.888640211030266,4.820687261088763,4.868654251098633,194100,0.0,0.0
2013-08-19 00:00:00-04:00,4.8886410949849495,4.8886410949849495,4.804699133195267,4.824685096740723,286800,0.0,0.0
2013-08-20 00:00:00-04:00,4.836677726041602,4.836677726041602,4.804699722994043,4.820688724517822,161900,0.0,0.0
2013-08-21 00:00:00-04:00,4.832679848775949,4.832679848775949,4.7407428142211625,4.772720813751221,202200,0.0,0.0
2013-08-22 00:00:00-04:00,4.768728193318919,4.824689552865096,4.764730844434715,4.812697887420654,138900,0.0,0.0
2013-08-23 00:00:00-04:00,4.828681330383915,4.828681330383915,4.776716998470571,4.796703338623047,212000,0.0,0.0
2013-08-26 00:00:00-04:00,4.824689552865096,4.860664930406593,4.804703570860417,4.812697887420654,229200,0.0,0.0
2013-08-27 00:00:00-04:00,4.812692334503481,4.816689678775522,4.752733695253785,4.796703338623047,235700,0.0,0.0
2013-08-28 00:00:00-04:00,4.820688716675188,4.872652685637033,4.812694025322371,4.860661029815674,145300,0.0,0.0
2013-08-29 00:00:00-04:00,4.888644489300574,4.912628195898592,4.832683142585337,4.908630847930908,229800,0.0,0.0
2013-08-30 00:00:00-04:00,4.892638965904314,4.912625312805176,4.872652619003452,4.912625312805176,113400,0.0,0.0
2013-09-03 00:00:00-04:00,4.908630097181191,4.94060811361562,4.876652080746761,4.888643741607666,144800,0.0,0.0
2013-09-04 00:00:00-04:00,4.908629534049116,4.908629534049116,4.872654174385573,4.904632568359375,180200,0.0,0.0
2013-09-05 00:00:00-04:00,4.880648633784605,4.888642945988137,4.840675929143055,4.876651287078857,115800,0.0,0.0
2013-09-06 00:00:00-04:00,4.876649440616112,4.876649440616112,4.800701788003048,4.824685096740723,241800,0.0,0.0
2013-09-09 00:00:00-04:00,4.804699850892742,4.8126941612635035,4.75673246383667,4.75673246383667,248900,0.0,0.0
2013-09-10 00:00:00-04:00,4.788710340262397,4.83268038035869,4.756732337214839,4.820688724517822,263600,0.0,0.0
2013-09-11 00:00:00-04:00,4.843599464978532,4.859677787863493,4.8034034660974,4.815462112426758,146600,0.067,0.0
2013-09-12 00:00:00-04:00,4.807422993150505,4.811442669581105,4.7752663483805975,4.799383640289307,164800,0.0,0.0
2013-09-13 00:00:00-04:00,4.823503753451632,4.847621440887451,4.7873274139667235,4.847621440887451,142100,0.0,0.0
2013-09-16 00:00:00-04:00,4.867717596438035,4.867717596438035,4.835560945126906,4.851639270782471,82900,0.0,0.0
2013-09-17 00:00:00-04:00,4.863699029239115,4.863699029239115,4.7833070056119595,4.823503017425537,230200,0.0,0.0
2013-09-18 00:00:00-04:00,4.7993845043418135,4.831541538238525,4.763208559965849,4.831541538238525,243000,0.0,0.0
2013-09-19 00:00:00-04:00,4.827521232920071,4.835560202845072,4.759188263538983,4.771246910095215,174800,0.0,0.0
2013-09-20 00:00:00-04:00,4.759191094445763,4.775269427197092,4.743112761694434,4.763210773468018,230600,0.0,0.0
2013-09-23 00:00:00-04:00,4.755171717852125,4.775269730903942,4.7431130633561205,4.751152038574219,123700,0.0,0.0
2013-09-24 00:00:00-04:00,4.747132440716689,4.767230069152582,4.739093082672178,4.763210773468018,104500,0.0,0.0
2013-09-25 00:00:00-04:00,4.73909302469665,4.771249689805921,4.735073345723569,4.759191036224365,174700,0.0,0.0
2013-09-26 00:00:00-04:00,4.779286113652234,4.783305406820104,4.747129468284574,4.755168437957764,157200,0.0,0.0
2013-09-27 00:00:00-04:00,4.747132440716689,4.763210773468018,4.731054107965359,4.763210773468018,144800,0.0,0.0
2013-09-30 00:00:00-04:00,4.727034313997765,4.8074259757995605,4.727034313997765,4.8074259757995605,198100,0.0,0.0
2013-10-01 00:00:00-04:00,4.775268895707583,4.811445236206055,4.775268895707583,4.811445236206055,141900,0.0,0.0
2013-10-02 00:00:00-04:00,4.775268033251791,4.823503017425537,4.767228677554044,4.823503017425537,123400,0.0,0.0
2013-10-03 00:00:00-04:00,4.815465630105411,4.815465630105411,4.747132995430696,4.775269985198975,169900,0.0,0.0
2013-10-04 00:00:00-04:00,4.775269730903942,4.775269730903942,4.723015050304304,4.751152038574219,175900,0.0,0.0
2013-10-07 00:00:00-04:00,4.747130247166352,4.755169218158529,4.702914565028077,4.731051921844482,155400,0.0,0.0
2013-10-08 00:00:00-04:00,4.747132323640821,4.747132323640821,4.686838289807067,4.702916622161865,242500,0.0,0.0
2013-10-09 00:00:00-04:00,4.723015659799112,4.767230987548828,4.706937323950328,4.767230987548828,184400,0.0,0.0
2013-10-10 00:00:00-04:00,4.7821844787078485,4.810481305103583,4.761972294632889,4.798354148864746,172400,0.067,0.0
2013-10-11 00:00:00-04:00,4.8185681196650725,4.822610635082099,4.786228767359844,4.814525604248047,130200,0.0,0.0
2013-10-14 00:00:00-04:00,4.7781425699073,4.790270113197349,4.73771858215332,4.73771858215332,119600,0.0,0.0
2013-10-15 00:00:00-04:00,4.73771858215332,4.761972897702629,4.7255910388632705,4.73771858215332,160000,0.0,0.0
2013-10-16 00:00:00-04:00,4.749844654453768,4.786226504978842,4.72558995893195,4.774099349975586,160500,0.0,0.0
2013-10-17 00:00:00-04:00,4.790271282776869,4.814525604248047,4.757931930471639,4.814525604248047,109000,0.0,0.0
2013-10-18 00:00:00-04:00,4.806438820186866,4.810480948289759,4.770056968653606,4.78218412399292,128600,0.0,0.0
2013-10-21 00:00:00-04:00,4.802399289443982,4.826653615187503,4.770059931442249,4.786229610443115,212900,0.0,0.0
2013-10-22 00:00:00-04:00,4.80644059302576,4.826652397541231,4.794313047697925,4.818567752838135,150200,0.0,0.0
2013-10-23 00:00:00-04:00,4.79835649208369,4.84686552624318,4.79835649208369,4.838780879974365,163400,0.0,0.0
2013-10-24 00:00:00-04:00,4.854949587257896,4.88728893689782,4.838779912437934,4.883246421813965,207800,0.0,0.0
2013-10-25 00:00:00-04:00,4.887289740617836,4.943883419036865,4.84686535416237,4.943883419036865,232100,0.0,0.0
2013-10-28 00:00:00-04:00,4.951968450534167,4.951968450534167,4.931756257306434,4.943883419036865,170100,0.0,0.0
2013-10-29 00:00:00-04:00,4.947926525606285,4.9519690418376445,4.8953749711453245,4.923672199249268,143600,0.0,0.0
2013-10-30 00:00:00-04:00,4.9317568640853775,4.9357993803313995,4.911544668370836,4.9277143478393555,118400,0.0,0.0
2013-10-31 00:00:00-04:00,4.903457276208817,4.9479237734739225,4.883245091810005,4.90749979019165,170900,0.0,0.0
2013-11-01 00:00:00-04:00,4.895373371956206,4.91962807590542,4.8104824864071185,4.830694675445557,352800,0.0,0.0
2013-11-04 00:00:00-05:00,4.850907471970302,4.850907471970302,4.798355928095432,4.814525604248047,156900,0.0,0.0
2013-11-05 00:00:00-05:00,4.80643892288208,4.818566078480505,4.794311381768329,4.80643892288208,130500,0.0,0.0
2013-11-06 00:00:00-05:00,4.814524395786381,4.834736582282696,4.8064397524970905,4.8226094245910645,152600,0.0,0.0
2013-11-07 00:00:00-05:00,4.83473660201884,4.842821245341133,4.814524415440015,4.826651573181152,128100,0.0,0.0
2013-11-08 00:00:00-05:00,4.838780641019677,4.850907802581787,4.8104834166874,4.850907802581787,193500,0.0,0.0
2013-11-11 00:00:00-05:00,4.850908042135354,4.858993073919703,4.830695848190016,4.838780879974365,125700,0.0,0.0
2013-11-12 00:00:00-05:00,4.814526170136854,4.854950558027529,4.810483654244679,4.838780879974365,197400,0.0,0.0
2013-11-13 00:00:00-05:00,4.814525001317894,4.834737190356332,4.806440357011783,4.830694675445557,121900,0.0,0.0
2013-11-14 00:00:00-05:00,4.85090567221305,4.85090567221305,4.81856633190619,4.842820644378662,166400,0.0,0.0
2013-11-15 00:00:00-05:00,4.846865286889246,4.887289672783633,4.834738125327135,4.850907802581787,206500,0.0,0.0
2013-11-18 00:00:00-05:00,4.84686552624318,4.850908042135354,4.822611201921203,4.838780879974365,183900,0.0,0.0
2013-11-19 00:00:00-05:00,4.82261113294827,4.82261113294827,4.786229261470103,4.794313907623291,256600,0.0,0.0
2013-11-20 00:00:00-05:00,4.794314843815662,4.8145270414187875,4.782187679460027,4.7902727127075195,183100,0.0,0.0
2013-11-21 00:00:00-05:00,4.806438820186866,4.81856597552618,4.766014455035395,4.78218412399292,170300,0.0,0.0
2013-11-22 00:00:00-05:00,4.802398077916481,4.818567752838135,4.778143372776272,4.818567752838135,135300,0.0,0.0
2013-11-25 00:00:00-05:00,4.7983537929504445,4.8226084891443906,4.78218412399292,4.78218412399292,347800,0.0,0.0
2013-11-26 00:00:00-05:00,4.782186251942817,4.826652764983636,4.782186251942817,4.814525604248047,159800,0.0,0.0
2013-11-27 00:00:00-05:00,4.826652764983636,4.830695280400661,4.806440958929484,4.814525604248047,200700,0.0,0.0
2013-11-29 00:00:00-05:00,4.798355327190232,4.830694675445557,4.798355327190232,4.830694675445557,62800,0.0,0.0
2013-12-02 00:00:00-05:00,4.8226094245910645,4.834736582282696,4.81048188138404,4.8226094245910645,116700,0.0,0.0
2013-12-03 00:00:00-05:00,4.794311634946685,4.814523819021644,4.778141964789787,4.798354148864746,197700,0.0,0.0
2013-12-04 00:00:00-05:00,4.782184226169904,4.8145235647759215,4.77814171246532,4.80643892288208,193500,0.0,0.0
2013-12-05 00:00:00-05:00,4.786226992625909,4.798354148864746,4.770057322469011,4.798354148864746,166500,0.0,0.0
2013-12-06 00:00:00-05:00,4.814526452315742,4.822611484573954,4.778144578184904,4.786229610443115,221400,0.0,0.0
2013-12-09 00:00:00-05:00,4.7821870943140095,4.798356773314876,4.7821870943140095,4.786229610443115,180400,0.0,0.0
2013-12-10 00:00:00-05:00,4.814525237728857,4.83069491265051,4.802398077916481,4.818567752838135,214600,0.0,0.0
2013-12-11 00:00:00-05:00,4.815314379012492,4.835631850523615,4.8031234310687045,4.807187080383301,159900,0.062,0.0
2013-12-12 00:00:00-05:00,4.835634956107153,4.843762259955933,4.778745379290405,4.794999599456787,191000,0.0,0.0
2013-12-13 00:00:00-05:00,4.782809303400766,4.782809303400766,4.754364125842422,4.778745651245117,181900,0.0,0.0
2013-12-16 00:00:00-05:00,4.758427507199634,4.803126515774389,4.754363855275244,4.794999599456787,189400,0.0,0.0
2013-12-17 00:00:00-05:00,4.778746558254707,4.807191353680695,4.762492334078247,4.782810211181641,163200,0.0,0.0
2013-12-18 00:00:00-05:00,4.799063251381177,4.819380735940771,4.786872295608007,4.794999599456787,194100,0.0,0.0
2013-12-19 00:00:00-05:00,4.7787454248364005,4.80312656155276,4.77061812091016,4.79093599319458,145200,0.0,0.0
2013-12-20 00:00:00-05:00,4.774681727366016,4.815317471547559,4.770618075441626,4.794999599456787,175200,0.0,0.0
2013-12-23 00:00:00-05:00,4.847822795317459,4.86814026681538,4.811250726571715,4.835631847381592,365400,0.0,0.0
2013-12-24 00:00:00-05:00,4.835635320516067,4.851889541907351,4.819381099124782,4.83157205581665,70300,0.0,0.0
2013-12-26 00:00:00-05:00,4.835635523661468,4.85595339813693,4.827508606390016,4.8478264808654785,219300,0.0,0.0
2013-12-27 00:00:00-05:00,4.8396954966935475,4.847822795317459,4.823441286976654,4.835631847381592,139200,0.0,0.0
2013-12-30 00:00:00-05:00,4.819381030241597,4.87220734589103,4.815317765600256,4.864080429077148,189500,0.0,0.0
2013-12-31 00:00:00-05:00,4.839697792851872,4.872206227709044,4.839697792851872,4.843761444091797,188600,0.0,0.0
2014-01-02 00:00:00-05:00,4.847825392658191,4.851888656616211,4.827507522743547,4.851888656616211,179400,0.0,0.0
2014-01-03 00:00:00-05:00,4.835634662988682,4.855952533847859,4.8234440954856375,4.839698314666748,199800,0.0,0.0
2014-01-06 00:00:00-05:00,4.851889745735593,4.8681439678097185,4.827508606390016,4.8478264808654785,231000,0.0,0.0
2014-01-07 00:00:00-05:00,4.855951948940438,4.8843971197294795,4.843761382905768,4.876269817352295,203000,0.0,0.0
2014-01-08 00:00:00-05:00,4.8600150234477395,4.912841320037842,4.8600150234477395,4.912841320037842,212800,0.0,0.0
2014-01-09 00:00:00-05:00,4.908777669331435,4.916904970744248,4.888459803330464,4.912841320037842,149100,0.0,0.0
2014-01-10 00:00:00-05:00,4.9047170742128,4.929098606109619,4.880335929847283,4.929098606109619,143900,0.0,0.0
2014-01-13 00:00:00-05:00,4.913576717629637,4.92991444710842,4.905408047651345,4.921745777130127,152800,0.062,0.0
2014-01-14 00:00:00-05:00,4.868645966220356,4.929912328050705,4.868645966220356,4.9013214111328125,143800,0.0,0.0
2014-01-15 00:00:00-05:00,4.921745214165602,4.921745214165602,4.905407486555579,4.909492015838623,112600,0.0,0.0
2014-01-16 00:00:00-05:00,4.909491654943279,4.929913520812988,4.909491654943279,4.929913520812988,95300,0.0,0.0
2014-01-17 00:00:00-05:00,4.917660323386738,4.942167107761361,4.905407125960489,4.929913520812988,207100,0.0,0.0
2014-01-21 00:00:00-05:00,4.913574872230027,4.933997123789035,4.913574872230027,4.925828456878662,155400,0.0,0.0
2014-01-22 00:00:00-05:00,4.92174392866245,4.929912595572824,4.901321677103443,4.925828456878662,170000,0.0,0.0
2014-01-23 00:00:00-05:00,4.897239628035453,4.946252822875977,4.893155097751514,4.946252822875977,191400,0.0,0.0
2014-01-24 00:00:00-05:00,4.946250349438037,4.946250349438037,4.921743959033643,4.93399715423584,194900,0.0,0.0
2014-01-27 00:00:00-05:00,4.942167107761361,4.942167107761361,4.913575794403947,4.929913520812988,254700,0.0,0.0
2014-01-28 00:00:00-05:00,4.938080403247921,4.950333595275879,4.9258272112199615,4.950333595275879,164100,0.0,0.0
2014-01-29 00:00:00-05:00,4.933997123789035,4.938081652005247,4.92174392866245,4.925828456878662,123900,0.0,0.0
2014-01-30 00:00:00-05:00,4.929914170378744,4.94216775894165,4.9217455008589805,4.94216775894165,146800,0.0,0.0
2014-01-31 00:00:00-05:00,4.917659400446238,4.925828456878662,4.897237148887231,4.925828456878662,122300,0.0,0.0
2014-02-03 00:00:00-05:00,4.933997123789035,4.938081652005247,4.909490733535866,4.925828456878662,182900,0.0,0.0
2014-02-04 00:00:00-05:00,4.909490763831446,4.946250349438037,4.905406235590029,4.93399715423584,137800,0.0,0.0
2014-02-05 00:00:00-05:00,4.9176618899329,4.946252822875977,4.9176618899329,4.946252822875977,94000,0.0,0.0
2014-02-06 00:00:00-05:00,4.933996260157423,4.94216531515996,4.929911732656155,4.938080787658691,86100,0.0,0.0
2014-02-07 00:00:00-05:00,4.93808257877857,4.954420305187611,4.92582938135232,4.929913520812988,123300,0.0,0.0
2014-02-10 00:00:00-05:00,4.929915091262469,4.946252822875977,4.925830950500777,4.946252822875977,110400,0.0,0.0
2014-02-11 00:00:00-05:00,4.938083229420681,4.950336428461414,4.92583003037995,4.94216775894165,194400,0.0,0.0
2014-02-12 00:00:00-05:00,4.938882750165665,4.959410188653348,4.926566443684385,4.9553046226501465,216000,0.062,0.0
2014-02-13 00:00:00-05:00,4.9224595353380485,4.959408836234226,4.9224595353380485,4.947092533111572,166700,0.0,0.0
2014-02-14 00:00:00-05:00,4.942986968227949,4.955303271350602,4.942986968227949,4.947092533111572,127100,0.0,0.0
2014-02-18 00:00:00-05:00,4.942986968227949,4.955303271350602,4.934776229988919,4.947092533111572,164100,0.0,0.0
2014-02-19 00:00:00-05:00,4.938881728470768,4.979936596953209,4.934776554845118,4.975831031799316,143400,0.0,0.0
2014-02-20 00:00:00-05:00,4.963515281677246,4.979937152596868,4.959409716065269,4.963515281677246,145500,0.0,0.0
2014-02-21 00:00:00-05:00,4.967621719574127,4.975832460711552,4.959410586908347,4.971726894378662,150000,0.0,0.0
2014-02-24 00:00:00-05:00,4.971725466645424,4.979936596953209,4.959409162711988,4.975831031799316,110800,0.0,0.0
2014-02-25 00:00:00-05:00,4.971725546463773,4.975831111683578,4.94709293820144,4.967620372772217,158000,0.0,0.0
2014-02-26 00:00:00-05:00,4.959410188653348,4.971726495134629,4.942988316168867,4.9553046226501465,120100,0.0,0.0
2014-02-27 00:00:00-05:00,4.947094279438032,4.975832460711552,4.947094279438032,4.971726894378662,169200,0.0,0.0
2014-02-28 00:00:00-05:00,4.959408612091292,4.988146781921387,4.959408612091292,4.988146781921387,177100,0.0,0.0
2014-03-03 00:00:00-05:00,4.96351472786588,4.975831031799316,4.96351472786588,4.975831031799316,168500,0.0,0.0
2014-03-04 00:00:00-05:00,4.975832460711552,4.988148768181867,4.963516153241237,4.971726894378662,166300,0.0,0.0
2014-03-05 00:00:00-05:00,4.967622674080397,4.979938983917236,4.959411539836885,4.979938983917236,321100,0.0,0.0
2014-03-06 00:00:00-05:00,4.967619741487433,4.988146781921387,4.967619741487433,4.988146781921387,106800,0.0,0.0
2014-03-07 00:00:00-05:00,4.979938027044442,4.979938027044442,4.959410586908347,4.971726894378662,97400,0.0,0.0
2014-03-10 00:00:00-04:00,4.963514401117849,4.971725139356879,4.934776229988919,4.947092533111572,172600,0.0,0.0
2014-03-11 00:00:00-04:00,4.934777334487511,4.942988074564264,4.914249897003174,4.914249897003174,209600,0.0,0.0
2014-03-12 00:00:00-04:00,4.910948051424264,4.9357093079996375,4.910948051424264,4.923328876495361,161800,0.062,0.0
2014-03-13 00:00:00-04:00,4.927452825332514,4.960467947872773,4.91507240035905,4.943960189819336,214800,0.0,0.0
2014-03-14 00:00:00-04:00,4.9357085757473,4.948089005414839,4.898566893177921,4.910947322845459,119900,0.0,0.0
2014-03-17 00:00:00-04:00,4.9357093079996375,4.9398362496900035,4.919201934804996,4.923328876495361,181000,0.0,0.0
2014-03-18 00:00:00-04:00,4.927452825332514,4.952214068846054,4.923326279385769,4.943960189819336,144100,0.0,0.0
2014-03-19 00:00:00-04:00,4.9357098937453605,4.960471153259277,4.9357098937453605,4.960471153259277,102500,0.0,0.0
2014-03-20 00:00:00-04:00,4.964597366348824,4.968724308250042,4.923329128037162,4.939836502075195,96200,0.0,0.0
2014-03-21 00:00:00-04:00,4.9398381785263,4.964599051203118,4.9398381785263,4.956345558166504,97300,0.0,0.0
2014-03-24 00:00:00-04:00,4.948088695822521,4.952215636642407,4.919200897216797,4.919200897216797,109700,0.0,0.0
2014-03-25 00:00:00-04:00,4.923328960911275,4.939836334388953,4.923328960911275,4.931582450866699,105900,0.0,0.0
2014-03-26 00:00:00-04:00,4.931582197917853,4.935709139467303,4.910947883737416,4.915074825286865,165200,0.0,0.0
2014-03-27 00:00:00-04:00,4.92745438528983,4.935708266929602,4.915073956396911,4.919200897216797,132900,0.0,0.0
2014-03-28 00:00:00-04:00,4.919201766836315,4.931582197917853,4.915074825286865,4.915074825286865,119200,0.0,0.0
2014-03-31 00:00:00-04:00,4.919202577955244,4.9357099533081055,4.906822144832316,4.9357099533081055,217300,0.0,0.0
2014-04-01 00:00:00-04:00,4.931581634669199,4.9357085757473,4.898566893177921,4.910947322845459,172800,0.0,0.0
2014-04-02 00:00:00-04:00,4.902697168054084,4.906824111938477,4.890316729967939,4.906824111938477,132700,0.0,0.0
2014-04-03 00:00:00-04:00,4.9026947021484375,4.910948192198938,4.894440818531105,4.9026947021484375,133100,0.0,0.0
2014-04-04 00:00:00-04:00,4.927453783224764,4.927453783224764,4.877931680137248,4.882058620452881,176800,0.0,0.0
2014-04-07 00:00:00-04:00,4.882058877467849,4.898566246032715,4.882058877467849,4.898566246032715,158800,0.0,0.0
2014-04-08 00:00:00-04:00,4.886187779855834,4.886187779855834,4.869680404663086,4.869680404663086,182300,0.0,0.0
2014-04-09 00:00:00-04:00,4.88206083766593,4.88206083766593,4.865553462473182,4.869680404663086,222200,0.0,0.0
2014-04-10 00:00:00-04:00,4.865553462473182,4.88206083766593,4.865553462473182,4.869680404663086,141600,0.0,0.0
2014-04-11 00:00:00-04:00,4.849763469429622,4.878804239327874,4.849763469429622,4.870506763458252,109600,0.062,0.0
2014-04-14 00:00:00-04:00,4.874655246734619,4.891249801961517,4.8539119537896465,4.874655246734619,166800,0.0,0.0
2014-04-15 00:00:00-04:00,4.887106528530305,4.887106528530305,4.84976863861084,4.84976863861084,103900,0.0,0.0
2014-04-16 00:00:00-04:00,4.853915591545792,4.862213073200472,4.841469764709473,4.841469764709473,177500,0.0,0.0
2014-04-17 00:00:00-04:00,4.833171907658723,4.853915214538574,4.820726081789081,4.853915214538574,136000,0.0,0.0
2014-04-21 00:00:00-04:00,4.837320648163828,4.862212695548783,4.82902356279929,4.853915214538574,220700,0.0,0.0
2014-04-22 00:00:00-04:00,4.845617936441684,4.878807067871094,4.845617936441684,4.878807067871094,105500,0.0,0.0
2014-04-23 00:00:00-04:00,4.874654454029117,4.916141033172607,4.874654454029117,4.916141033172607,177300,0.0,0.0
2014-04-24 00:00:00-04:00,4.903700254321126,4.907848995960485,4.887105683409469,4.891254425048828,145800,0.0,0.0
2014-04-25 00:00:00-04:00,4.88295670284453,4.911997099254501,4.88295670284453,4.907848358154297,133700,0.0,0.0
2014-04-28 00:00:00-04:00,4.907845390594527,4.920291210723967,4.895399570465088,4.895399570465088,86000,0.0,0.0
2014-04-29 00:00:00-04:00,4.895399570465088,4.907845390594527,4.891250831873445,4.895399570465088,83300,0.0,0.0
2014-04-30 00:00:00-04:00,4.89955121124544,4.903699556648815,4.878807901645671,4.8871049880981445,177500,0.0,0.0
2014-05-01 00:00:00-04:00,4.874658327531004,4.895401633585799,4.874658327531004,4.878807067871094,196200,0.0,0.0
2014-05-02 00:00:00-04:00,4.878807067871094,4.891252893245709,4.874658327531004,4.878807067871094,216600,0.0,0.0
2014-05-05 00:00:00-04:00,4.874655501393063,4.878804239327874,4.86635802552344,4.870506763458252,195800,0.0,0.0
2014-05-06 00:00:00-04:00,4.862213333095001,4.8871049880981445,4.862213333095001,4.8871049880981445,134700,0.0,0.0
2014-05-07 00:00:00-04:00,4.8871034043563535,4.911995446938566,4.878806320592679,4.903697967529297,271000,0.0,0.0
2014-05-08 00:00:00-04:00,4.891254425048828,4.899551908327546,4.887105683409469,4.891254425048828,130200,0.0,0.0
2014-05-09 00:00:00-04:00,4.8871034043563535,4.907846707233932,4.878806320592679,4.903697967529297,187000,0.0,0.0
2014-05-12 00:00:00-04:00,4.89540122109957,4.903698305434983,4.887103741118536,4.899549961090088,196500,0.0,0.0
2014-05-13 00:00:00-04:00,4.896215734726656,4.908727645874023,4.883704221313129,4.908727645874023,136600,0.062,0.0
2014-05-14 00:00:00-04:00,4.896210670471191,4.904551935941887,4.8920400377358435,4.896210670471191,138400,0.0,0.0
2014-05-15 00:00:00-04:00,4.892040069929265,4.896210702692058,4.875357936611522,4.887869834899902,145300,0.0,0.0
2014-05-16 00:00:00-04:00,4.896213563674601,4.900384198874403,4.862849277543511,4.871190547943115,207200,0.0,0.0
2014-05-19 00:00:00-04:00,4.862848765368731,4.879530906677246,4.85033725882075,4.879530906677246,320200,0.0,0.0
2014-05-20 00:00:00-04:00,4.867019912743313,4.883702055808858,4.862849277543511,4.871190547943115,183000,0.0,0.0
2014-05-21 00:00:00-04:00,4.871190769701883,4.887872913526875,4.871190769701883,4.883702278137207,166400,0.0,0.0
2014-05-22 00:00:00-04:00,4.887874817811334,4.9170684814453125,4.887874817811334,4.9170684814453125,162000,0.0,0.0
2014-05-23 00:00:00-04:00,4.908725692741537,4.908725692741537,4.883702278137207,4.883702278137207,103200,0.0,0.0
2014-05-27 00:00:00-04:00,4.887869834899902,4.892040069929265,4.875357936611522,4.887869834899902,256700,0.0,0.0
2014-05-28 00:00:00-04:00,4.883702976711958,4.929578779359433,4.883702976711958,4.912896633148193,190300,0.0,0.0
2014-05-29 00:00:00-04:00,4.912897885189306,4.917068522238428,4.896215734726656,4.908727645874023,131200,0.0,0.0
2014-05-30 00:00:00-04:00,4.8962144869369535,4.917067269134438,4.8962144869369535,4.912896633148193,143900,0.0,0.0
2014-06-02 00:00:00-04:00,4.908726133602616,4.912896371633138,4.883702716750891,4.892043590545654,127900,0.0,0.0
2014-06-03 00:00:00-04:00,4.887869834899902,4.896210702692058,4.883699202137109,4.887869834899902,249100,0.0,0.0
2014-06-04 00:00:00-04:00,4.883699169998578,4.900381303206539,4.883699169998578,4.896210670471191,144700,0.0,0.0
2014-06-05 00:00:00-04:00,4.887869834899902,4.896210702692058,4.879528569374315,4.887869834899902,145400,0.0,0.0
2014-06-06 00:00:00-04:00,4.883699169998578,4.896210670471191,4.883699169998578,4.896210670471191,190800,0.0,0.0
2014-06-09 00:00:00-04:00,4.9003848620741355,4.904555497838375,4.8795320809866505,4.892043590545654,137100,0.0,0.0
2014-06-10 00:00:00-04:00,4.896215734726656,4.912897885189306,4.892045097677534,4.908727645874023,181600,0.0,0.0
2014-06-11 00:00:00-04:00,4.891958592756074,4.912918220957082,4.891958592756074,4.908726215362549,105000,0.06,0.0
2014-06-12 00:00:00-04:00,4.896150822738672,4.933878075275175,4.887766811165371,4.929686069488525,209700,0.0,0.0
2014-06-13 00:00:00-04:00,4.925491915450356,4.950643539428711,4.921299911492046,4.950643539428711,200700,0.0,0.0
2014-06-16 00:00:00-04:00,4.9422588508407035,4.963218467974092,4.929683240469249,4.954834461212158,174600,0.0,0.0
2014-06-17 00:00:00-04:00,4.95483563389295,4.96321964263916,4.94645202491828,4.96321964263916,234300,0.0,0.0
2014-06-18 00:00:00-04:00,4.9548348098311665,4.95902681350708,4.9296835873186335,4.95902681350708,163900,0.0,0.0
2014-06-19 00:00:00-04:00,4.95483563389295,4.96321964263916,4.950644029291385,4.96321964263916,135000,0.0,0.0
2014-06-20 00:00:00-04:00,4.950646524793644,4.963222144480488,4.9338788986206055,4.9338788986206055,152700,0.0,0.0
2014-06-23 00:00:00-04:00,4.950642857602637,4.959026464593125,4.94645085422167,4.954834461212158,197700,0.0,0.0
2014-06-24 00:00:00-04:00,4.942259101496532,4.992561945304998,4.942259101496532,4.988369941711426,444600,0.0,0.0
2014-06-25 00:00:00-04:00,4.988370779796883,5.01352240581252,4.97160316237697,5.005138397216797,336900,0.0,0.0
2014-06-26 00:00:00-04:00,5.005139794265796,5.034483432769775,5.000948188569494,5.034483432769775,240600,0.0,0.0
2014-06-27 00:00:00-04:00,5.017713577429212,5.042864799499512,5.0093295702248,5.042864799499512,196000,0.0,0.0
2014-06-30 00:00:00-04:00,5.026099999658671,5.072211265563965,5.017716387530602,5.072211265563965,264200,0.0,0.0
2014-07-01 00:00:00-04:00,5.0638249978066465,5.07640061028235,5.013522148132324,5.013522148132324,204200,0.0,0.0
2014-07-02 00:00:00-04:00,4.996755979238875,5.0135236006549135,4.967412741703716,4.971604347229004,239500,0.0,0.0
2014-07-03 00:00:00-04:00,4.971602311757507,4.979986318918763,4.963218704367715,4.975794315338135,100300,0.0,0.0
2014-07-07 00:00:00-04:00,4.97579635252592,4.984180363119754,4.925493488277806,4.971604347229004,241400,0.0,0.0
2014-07-08 00:00:00-04:00,4.975793125831538,4.996752738952637,4.959025515288934,4.996752738952637,175500,0.0,0.0
2014-07-09 00:00:00-04:00,4.979987260360041,4.996754878080921,4.959027638266055,4.96321964263916,137800,0.0,0.0
2014-07-10 00:00:00-04:00,4.946453330687266,4.9799885749816895,4.942261325207552,4.9799885749816895,105400,0.0,0.0
2014-07-11 00:00:00-04:00,4.9715615040000465,4.992627522595986,4.9715615040000465,4.984200954437256,111000,0.06,0.0
2014-07-14 00:00:00-04:00,4.992626995373539,4.992626995373539,4.975774262636617,4.979987144470215,100900,0.0,0.0
2014-07-15 00:00:00-04:00,4.971560428248257,4.979986592782838,4.954707697378295,4.967347145080566,215500,0.0,0.0
2014-07-16 00:00:00-04:00,4.963136672973633,4.975776529635764,4.958923789220614,4.963136672973633,128100,0.0,0.0
2014-07-17 00:00:00-04:00,4.971557429707165,4.97577071033366,4.942064867122253,4.950491428375244,135400,0.0,0.0
2014-07-18 00:00:00-04:00,4.950494988041926,4.97577428817749,4.94206842072979,4.97577428817749,136300,0.0,0.0
2014-07-21 00:00:00-04:00,4.975773636247485,4.979986517550734,4.9504943394240355,4.954707622528076,157900,0.0,0.0
2014-07-22 00:00:00-04:00,4.975774238661748,4.984200404089187,4.971560955047607,4.971560955047607,148600,0.0,0.0
2014-07-23 00:00:00-04:00,4.975773885747714,4.996839498722624,4.963134035801793,4.988413333892822,93700,0.0,0.0
2014-07-24 00:00:00-04:00,4.984200453688782,4.992627021000918,4.971561004521422,4.97577428817749,151700,0.0,0.0
2014-07-25 00:00:00-04:00,4.979987144470215,4.992626995373539,4.9715609790021755,4.979987144470215,112800,0.0,0.0
2014-07-28 00:00:00-04:00,4.979988962102956,4.984202247275193,4.94628348432704,4.95892333984375,240500,0.0,0.0
2014-07-29 00:00:00-04:00,4.963134437209286,4.979987170032714,4.950494988041926,4.97577428817749,177600,0.0,0.0
2014-07-30 00:00:00-04:00,4.967343586429373,4.98419630522589,4.937851428985596,4.937851428985596,194700,0.0,0.0
2014-07-31 00:00:00-04:00,4.912572149890566,4.946277587483599,4.908358869741309,4.937851428985596,181800,0.0,0.0
2014-08-01 00:00:00-04:00,4.937856554802719,4.946282722047633,4.912577249466121,4.921003818511963,220200,0.0,0.0
2014-08-04 00:00:00-04:00,4.929428907159726,4.937855474361769,4.891510158352208,4.904150009155273,155800,0.0,0.0
2014-08-05 00:00:00-04:00,4.895722040288162,4.912574768066406,4.89150875789342,4.912574768066406,445300,0.0,0.0
2014-08-06 00:00:00-04:00,4.895724513175365,4.921003818511963,4.88729834593045,4.921003818511963,190900,0.0,0.0
2014-08-07 00:00:00-04:00,4.916787494549565,4.921000776467937,4.8957214867583865,4.899934768676758,113400,0.0,0.0
2014-08-08 00:00:00-04:00,4.891510158352208,4.9083628909554555,4.870444543948777,4.904150009155273,163000,0.0,0.0
2014-08-11 00:00:00-04:00,4.899937797698286,4.925216701233957,4.899937797698286,4.921003818511963,108600,0.0,0.0
2014-08-12 00:00:00-04:00,4.921004724354885,4.925217607852374,4.90415198496193,4.9167914390563965,157100,0.0,0.0
2014-08-13 00:00:00-04:00,4.942200720183633,4.946435779143248,4.933730602264404,4.933730602264404,168800,0.06,0.0
2014-08-14 00:00:00-04:00,4.929495947182241,4.942200720183633,4.925260888222627,4.933730602264404,71100,0.0,0.0
2014-08-15 00:00:00-04:00,4.937965661224019,4.942200720183633,4.925260888222627,4.933730602264404,93800,0.0,0.0
2014-08-18 00:00:00-04:00,4.929496705682604,4.950671195983887,4.925261646071342,4.950671195983887,173000,0.0,0.0
2014-08-19 00:00:00-04:00,4.942201895273476,4.967611447317799,4.937966835306907,4.959141731262207,181400,0.0,0.0
2014-08-20 00:00:00-04:00,4.9548997382624655,4.967604496507776,4.946430034057919,4.963369846343994,144800,0.0,0.0
2014-08-21 00:00:00-04:00,4.971839550548541,4.98030965863007,4.9548997382624655,4.963369846343994,184500,0.0,0.0
2014-08-22 00:00:00-04:00,4.954906255595149,4.963376374817673,4.946436540250138,4.950671195983887,99200,0.0,0.0
2014-08-25 00:00:00-04:00,4.946435779143248,4.95067043422541,4.929495947182241,4.933730602264404,193600,0.0,0.0
2014-08-26 00:00:00-04:00,4.9506661979615645,4.99301594356431,4.937961435831583,4.976076126098633,632800,0.0,0.0
2014-08-27 00:00:00-04:00,4.976079882172206,4.988784653892076,4.976079882172206,4.9845499992370605,309700,0.0,0.0
2014-08-28 00:00:00-04:00,4.976076126098633,4.99301594356431,4.963371363968652,4.976076126098633,283200,0.0,0.0
2014-08-29 00:00:00-04:00,4.967611789703369,4.980316970478764,4.959142073064014,4.967611789703369,206500,0.0,0.0
2014-09-02 00:00:00-04:00,4.967606756166587,4.976076868100991,4.95913704810935,4.971841812133789,195900,0.0,0.0
2014-09-03 00:00:00-04:00,4.971841070762937,4.988780888228614,4.963371363968652,4.976076126098633,112800,0.0,0.0
2014-09-04 00:00:00-04:00,4.971841812133789,5.001486800027034,4.967606756166587,4.971841812133789,151300,0.0,0.0
2014-09-05 00:00:00-04:00,4.963376791228777,4.976081567250938,4.954906671295637,4.959141731262207,190300,0.0,0.0
2014-09-08 00:00:00-04:00,4.954906671295637,4.959141731262207,4.942201895273476,4.959141731262207,189400,0.0,0.0
2014-09-09 00:00:00-04:00,4.950671611329067,4.963376791228777,4.946436955240046,4.959141731262207,112400,0.0,0.0
2014-09-10 00:00:00-04:00,4.942200433789843,4.9549052060550105,4.91679048538208,4.91679048538208,277100,0.0,0.0
2014-09-11 00:00:00-04:00,4.912531222759821,4.93807315826416,4.912531222759821,4.93807315826416,152500,0.06,0.0
2014-09-12 00:00:00-04:00,4.938073603394612,4.942330254716296,4.9167887228848715,4.921045780181885,95600,0.0,0.0
2014-09-15 00:00:00-04:00,4.9167903938172515,4.94658899307251,4.9167903938172515,4.94658899307251,211600,0.0,0.0
2014-09-16 00:00:00-04:00,4.933818222816751,4.94658899307251,4.921047452560994,4.94658899307251,190500,0.0,0.0
2014-09-17 00:00:00-04:00,4.938073344952872,4.942329996051778,4.929559230804443,4.929559230804443,122000,0.0,0.0
2014-09-18 00:00:00-04:00,4.933816287878657,4.942329996051778,4.925302173730229,4.929559230804443,139000,0.0,0.0
2014-09-19 00:00:00-04:00,4.929558131106229,4.946585949629169,4.916787368707828,4.9253010749816895,162900,0.0,0.0
2014-09-22 00:00:00-04:00,4.933816734042718,4.938073791501897,4.904018143779155,4.912531852722168,177700,0.0,0.0
2014-09-23 00:00:00-04:00,4.916788765241104,4.925302473933145,4.904017999215376,4.9082746505737305,145900,0.0,0.0
2014-09-24 00:00:00-04:00,4.904019212011974,4.912532922809512,4.8912480368525175,4.899762153625488,117300,0.0,0.0
2014-09-25 00:00:00-04:00,4.891246576450141,4.899760690681013,4.857190931477275,4.88273286819458,174900,0.0,0.0
2014-09-26 00:00:00-04:00,4.861448764801025,4.882733647801367,4.852934649210738,4.861448764801025,151800,0.0,0.0
2014-09-29 00:00:00-04:00,4.852934865686015,4.852934865686015,4.6486009541088915,4.789080619812012,420200,0.0,0.0
2014-09-30 00:00:00-04:00,4.767796710658009,4.823137257851933,4.7635396518025965,4.806109428405762,422900,0.0,0.0
2014-10-01 00:00:00-04:00,4.7763100401748,4.8061086352943185,4.7763100401748,4.780566692352295,191800,0.0,0.0
2014-10-02 00:00:00-04:00,4.772051998309253,4.793336878710698,4.746510060632454,4.763537883758545,216000,0.0,0.0
2014-10-03 00:00:00-04:00,4.737995692867031,4.793336211821216,4.737995692867031,4.7720513343811035,164500,0.0,0.0
2014-10-06 00:00:00-04:00,4.772054836249515,4.79759678911611,4.772054836249515,4.793339729309082,146900,0.0,0.0
2014-10-07 00:00:00-04:00,4.789080735328779,4.793337793416502,4.7720529089532935,4.776309967041016,187400,0.0,0.0
2014-10-08 00:00:00-04:00,4.75928214066553,4.784823677241056,4.7507680244900845,4.776309967041016,141800,0.0,0.0
2014-10-09 00:00:00-04:00,4.763536855153825,4.767793911509941,4.742252385323726,4.759280204772949,233700,0.0,0.0
2014-10-10 00:00:00-04:00,4.750720624361411,4.767840321408095,4.7336009273147255,4.7635602951049805,170200,0.06,0.0
2014-10-13 00:00:00-04:00,4.750723539059271,4.759283188751303,4.712204095030062,4.725043773651123,150600,0.0,0.0
2014-10-14 00:00:00-04:00,4.7036452293396,4.725044971242614,4.690805547464242,4.7036452293396,316800,0.0,0.0
2014-10-15 00:00:00-04:00,4.669403905924329,4.673683934196929,4.5624056481051065,4.613764762878418,329100,0.0,0.0
2014-10-16 00:00:00-04:00,4.558125740801142,4.6736840582323795,4.528166358429771,4.669404029846191,247900,0.0,0.0
2014-10-17 00:00:00-04:00,4.673684298410637,4.707923710927742,4.656564592152085,4.6908040046691895,315300,0.0,0.0
2014-10-20 00:00:00-04:00,4.67368176229647,4.720760826919132,4.669401736012835,4.7164812088012695,183000,0.0,0.0
2014-10-21 00:00:00-04:00,4.716482527943647,4.767841633214456,4.716482527943647,4.7507219314575195,193300,0.0,0.0
2014-10-22 00:00:00-04:00,4.763561662816418,4.776401337246509,4.750721988386327,4.759281635284424,202700,0.0,0.0
2014-10-23 00:00:00-04:00,4.772120665901427,4.793520392508441,4.750721347460249,4.784960746765137,196400,0.0,0.0
2014-10-24 00:00:00-04:00,4.776400750732156,4.802080504604904,4.763561077878702,4.793520450592041,106200,0.0,0.0
2014-10-27 00:00:00-04:00,4.772120723725724,4.793520450592041,4.767841104885133,4.793520450592041,149700,0.0,0.0
2014-10-28 00:00:00-04:00,4.793522949390164,4.81064265817432,4.776403240606008,4.806362628936768,138900,0.0,0.0
2014-10-29 00:00:00-04:00,4.806359398185007,4.814919450906192,4.767840385437012,4.767840385437012,125700,0.0,0.0
2014-10-30 00:00:00-04:00,4.763561958452805,4.776401633679753,4.742162227630615,4.742162227630615,150600,0.0,0.0
2014-10-31 00:00:00-04:00,4.755001544952393,4.759281572427859,4.7336022239068285,4.755001544952393,111000,0.0,0.0
2014-11-03 00:00:00-05:00,4.755000242498752,4.772119939545436,4.755000242498752,4.7635602951049805,148700,0.0,0.0
2014-11-04 00:00:00-05:00,4.746440661799828,4.767840385437012,4.742160635439236,4.767840385437012,126100,0.0,0.0
2014-11-05 00:00:00-05:00,4.7635602951049805,4.776399965848551,4.755000242498752,4.7635602951049805,183700,0.0,0.0
2014-11-06 00:00:00-05:00,4.742160571755181,4.767840321408095,4.742160571755181,4.7635602951049805,194400,0.0,0.0
2014-11-07 00:00:00-05:00,4.746441898167344,4.767841627378794,4.746441898167344,4.755001544952393,130600,0.0,0.0
2014-11-10 00:00:00-05:00,4.746441960854333,4.759281635284424,4.746441960854333,4.759281635284424,145300,0.0,0.0
2014-11-11 00:00:00-05:00,4.746442255428237,4.767841986250426,4.742162227630615,4.742162227630615,190700,0.0,0.0
2014-11-12 00:00:00-05:00,4.724948386087374,4.767980868849871,4.724948386087374,4.759374618530273,156600,0.06,0.0
2014-11-13 00:00:00-05:00,4.7550713466205226,4.776587588266225,4.750768016213747,4.763677597045898,217500,0.0,0.0
2014-11-14 00:00:00-05:00,4.759376705653628,4.772286291988332,4.755073373412609,4.7679829597473145,173800,0.0,0.0
2014-11-17 00:00:00-05:00,4.759374057448217,4.767980306753224,4.733554488756951,4.737857818603516,163400,0.0,0.0
2014-11-18 00:00:00-05:00,4.733557507827496,4.750770427804061,4.707737922668457,4.707737922668457,221900,0.0,0.0
2014-11-19 00:00:00-05:00,4.712038767066133,4.724948347634553,4.690522525859989,4.720645427703857,219200,0.0,0.0
2014-11-20 00:00:00-05:00,4.703432982001,4.793800875693941,4.699129651256525,4.776587963104248,454400,0.0,0.0
2014-11-21 00:00:00-05:00,4.785192694370825,4.798102272115807,4.755070209503174,4.755070209503174,206700,0.0,0.0
2014-11-24 00:00:00-05:00,4.7550694190437826,4.776585651967385,4.742159843444824,4.742159843444824,198000,0.0,0.0
2014-11-25 00:00:00-05:00,4.746466708930572,4.7679829597473145,4.746466708930572,4.7679829597473145,146100,0.0,0.0
2014-11-26 00:00:00-05:00,4.759376705653628,4.7679829597473145,4.755073373412609,4.7679829597473145,120700,0.0,0.0
2014-11-28 00:00:00-05:00,4.767982433969363,4.785195350646973,4.7593761808247095,4.785195350646973,83700,0.0,0.0
2014-12-01 00:00:00-05:00,4.763677597045898,4.772284257859449,4.750768016213747,4.763677597045898,160800,0.0,0.0
2014-12-02 00:00:00-05:00,4.76367645787047,4.776586446003529,4.737857302380505,4.755070209503174,165700,0.0,0.0
2014-12-03 00:00:00-05:00,4.755073373412609,4.772286291988332,4.755073373412609,4.7679829597473145,138800,0.0,0.0
2014-12-04 00:00:00-05:00,4.759374450696068,4.776587361116438,4.759374450696068,4.772284030914307,198700,0.0,0.0
2014-12-05 00:00:00-05:00,4.767979787248156,4.772283116625843,4.742160631758192,4.755070209503174,382300,0.0,0.0
2014-12-08 00:00:00-05:00,4.7507701432191425,4.755073475552598,4.733557224273682,4.733557224273682,337900,0.0,0.0
2014-12-09 00:00:00-05:00,4.7292538919402265,4.755073475552598,4.724950559606771,4.733557224273682,171100,0.0,0.0
2014-12-10 00:00:00-05:00,4.720644740188959,4.720644740188959,4.694825172424316,4.694825172424316,273900,0.0,0.0
2014-12-11 00:00:00-05:00,4.694824972808132,4.703478813171387,4.681843593277007,4.703478813171387,310500,0.06,0.0
2014-12-12 00:00:00-05:00,4.677518369691064,4.6818450849224424,4.642901759236634,4.651556015014648,248600,0.0,0.0
2014-12-15 00:00:00-05:00,4.647228506404274,4.647228506404274,4.586650371551514,4.586650371551514,390600,0.0,0.0
2014-12-16 00:00:00-05:00,4.560690570240217,4.577998677402771,4.517420096004919,4.5650177001953125,313000,0.0,0.0
2014-12-17 00:00:00-05:00,4.543381902497125,4.616941452026367,4.543381902497125,4.616941452026367,219700,0.0,0.0
2014-12-18 00:00:00-05:00,4.642901759236634,4.673191241802056,4.634247916116248,4.651556015014648,596300,0.0,0.0
2014-12-19 00:00:00-05:00,4.660211190561402,4.6775192928758385,4.651556933075328,4.6645379066467285,347200,0.0,0.0
2014-12-22 00:00:00-05:00,4.655883178207115,4.660210306128933,4.612612724304199,4.612612724304199,274800,0.0,0.0
2014-12-23 00:00:00-05:00,4.642901590072607,4.681844914339516,4.612612521268394,4.647228717803955,285700,0.0,0.0
2014-12-24 00:00:00-05:00,4.651557999657624,4.7078094482421875,4.651557999657624,4.7078094482421875,167900,0.0,0.0
2014-12-26 00:00:00-05:00,4.690499103788877,4.703480074142617,4.6558829077405,4.699152946472168,201700,0.0,0.0
2014-12-29 00:00:00-05:00,4.699156015082414,4.707810276074658,4.677521187917558,4.690502166748047,237200,0.0,0.0
2014-12-30 00:00:00-05:00,4.694825509455444,4.694825509455444,4.642900810710621,4.677517414093018,203900,0.0,0.0
2014-12-31 00:00:00-05:00,4.690500617490244,4.755405902862549,4.6818463593564745,4.755405902862549,480900,0.0,0.0
2015-01-02 00:00:00-05:00,4.73376860225441,4.751076698303223,4.707806664509973,4.751076698303223,104100,0.0,0.0
2015-01-05 00:00:00-05:00,4.725115776062012,4.725115776062012,4.673191476756211,4.725115776062012,186100,0.0,0.0
2015-01-06 00:00:00-05:00,4.703480140338645,4.716461110875077,4.647228717803955,4.647228717803955,194800,0.0,0.0
2015-01-07 00:00:00-05:00,4.664538588830797,4.677519976958421,4.642903354609191,4.655884742736816,155700,0.0,0.0
2015-01-08 00:00:00-05:00,4.668863541829432,4.720787832162264,4.664536414470635,4.716460704803467,135200,0.0,0.0
2015-01-09 00:00:00-05:00,4.712135412726733,4.7554054614054815,4.712135412726733,4.742424488067627,139400,0.0,0.0
2015-01-12 00:00:00-05:00,4.738095928939875,4.755404025717485,4.712133990102247,4.716460704803467,134200,0.0,0.0
2015-01-13 00:00:00-05:00,4.720815007546958,4.720815007546958,4.686007189375895,4.707761764526367,179200,0.06,0.0
2015-01-14 00:00:00-05:00,4.664251084291497,4.7034099741084665,4.655548924358026,4.68600606918335,179500,0.0,0.0
2015-01-15 00:00:00-05:00,4.686004874664993,4.690355538580869,4.65989881646115,4.668600559234619,144400,0.0,0.0
2015-01-16 00:00:00-05:00,4.633792286207284,4.677302240467371,4.616388387491584,4.664249420166016,306800,0.0,0.0
2015-01-20 00:00:00-05:00,4.681653916341443,4.686004995311059,4.6686006794325925,4.677302837371826,119000,0.0,0.0
2015-01-21 00:00:00-05:00,4.690355659338947,4.690355659338947,4.6686006794325925,4.677302837371826,120500,0.0,0.0
2015-01-22 00:00:00-05:00,4.690354530667053,4.720811661183534,4.686003867686095,4.7034077644348145,170200,0.0,0.0
2015-01-23 00:00:00-05:00,4.699055980498942,4.733863768766659,4.699055980498942,4.729512691497803,136100,0.0,0.0
2015-01-26 00:00:00-05:00,4.7164598746328,4.733863768766659,4.703407057767799,4.729512691497803,145500,0.0,0.0
2015-01-27 00:00:00-05:00,4.712113437946845,4.725166267666532,4.694709526673269,4.716464519500732,156100,0.0,0.0
2015-01-28 00:00:00-05:00,4.716462796257835,4.725164541244299,4.690356731414795,4.690356731414795,164900,0.0,0.0
2015-01-29 00:00:00-05:00,4.686005824529693,4.712111473083496,4.6816547447901256,4.712111473083496,162600,0.0,0.0
2015-01-30 00:00:00-05:00,4.694709526673269,4.72081560105462,4.694709526673269,4.716464519500732,144400,0.0,0.0
2015-02-02 00:00:00-05:00,4.694707569067027,4.720813632562632,4.694707569067027,4.712111473083496,219000,0.0,0.0
2015-02-03 00:00:00-05:00,4.712110162294734,4.733865139999092,4.7077590837655245,4.725162982940674,145200,0.0,0.0
2015-02-04 00:00:00-05:00,4.720813450475619,4.742568018450757,4.716462370903877,4.738217353820801,147000,0.0,0.0
2015-02-05 00:00:00-05:00,4.729516564431777,4.751271553649343,4.720814817709894,4.733867645263672,260000,0.0,0.0
2015-02-06 00:00:00-05:00,4.733865139999092,4.742566882115823,4.7208123193531515,4.725162982940674,83500,0.0,0.0
2015-02-09 00:00:00-05:00,4.729516564431777,4.7469204728174486,4.729516564431777,4.733867645263672,191800,0.0,0.0
2015-02-10 00:00:00-05:00,4.738217644638743,4.777376118362494,4.738217644638743,4.768674373626709,188800,0.0,0.0
2015-02-11 00:00:00-05:00,4.773047399064003,4.786172069039569,4.7642977581555375,4.7774224281311035,124300,0.06,0.0
2015-02-12 00:00:00-05:00,4.790547847747803,4.803672519777162,4.781798205470164,4.790547847747803,142100,0.0,0.0
2015-02-13 00:00:00-05:00,4.799299247398807,4.829923629760742,4.794924216425411,4.829923629760742,134300,0.0,0.0
2015-02-17 00:00:00-05:00,4.834296800064583,4.834296800064583,4.80804704155338,4.825546741485596,192800,0.0,0.0
2015-02-18 00:00:00-05:00,4.825546741485596,4.825546741485596,4.79929740020015,4.825546741485596,200900,0.0,0.0
2015-02-19 00:00:00-05:00,4.82117212942186,4.838671829354076,4.816797100132367,4.825546741485596,157000,0.0,0.0
2015-02-20 00:00:00-05:00,4.834297100079754,4.89992087459172,4.829922070518747,4.873671531677246,226800,0.0,0.0
2015-02-23 00:00:00-05:00,4.882421679318437,4.934920787811279,4.882421679318437,4.934920787811279,244600,0.0,0.0
2015-02-24 00:00:00-05:00,4.921796966708074,4.961171409197883,4.921796966708074,4.943671703338623,204200,0.0,0.0
2015-02-25 00:00:00-05:00,4.952419388731522,4.965544475853777,4.939294718835,4.948044776916504,230200,0.0,0.0
2015-02-26 00:00:00-05:00,4.939294086481812,4.952418754698048,4.891170024871826,4.891170024871826,254000,0.0,0.0
2015-02-27 00:00:00-05:00,4.88679531764581,4.908670044261354,4.88679531764581,4.8999199867248535,112300,0.0,0.0
2015-03-02 00:00:00-05:00,4.904294967651367,4.930544722779093,4.895544910200225,4.904294967651367,274500,0.0,0.0
2015-03-03 00:00:00-05:00,4.899919594671603,4.930544376373291,4.899919594671603,4.930544376373291,83000,0.0,0.0
2015-03-04 00:00:00-05:00,4.930546248116129,4.969920267150094,4.9217961879580265,4.965545654296875,116100,0.0,0.0
2015-03-05 00:00:00-05:00,4.965545654296875,4.969920267150094,4.952420564059721,4.965545654296875,128700,0.0,0.0
2015-03-06 00:00:00-05:00,4.965546439969172,4.965546439969172,4.926171997479364,4.943671703338623,169900,0.0,0.0
2015-03-09 00:00:00-04:00,4.93929673075256,4.978671173706203,4.93929673075256,4.969921112060547,124400,0.0,0.0
2015-03-10 00:00:00-04:00,4.965542886702071,4.974292524757643,4.952417803780312,4.956792831420898,102700,0.0,0.0
2015-03-11 00:00:00-04:00,4.965592360827779,4.987583553563994,4.952397812964896,4.961194038391113,116700,0.06,0.0
2015-03-12 00:00:00-04:00,4.961192548841912,4.978785413859376,4.930405139923096,4.930405139923096,101400,0.0,0.0
2015-03-13 00:00:00-04:00,4.939203773872196,4.952398743661905,4.921610900266444,4.934805870056152,216300,0.0,0.0
2015-03-16 00:00:00-04:00,4.947997144392886,4.956793785095215,4.930404282435144,4.956793785095215,118800,0.0,0.0
2015-03-17 00:00:00-04:00,4.9348043674749,4.939202269951842,4.912813177301932,4.921609401702881,184300,0.0,0.0
2015-03-18 00:00:00-04:00,4.912812274905631,4.930405139923096,4.895219409888166,4.930405139923096,197800,0.0,0.0
2015-03-19 00:00:00-04:00,4.921609401702881,4.9348043674749,4.908414855377926,4.921609401702881,127600,0.0,0.0
2015-03-20 00:00:00-04:00,4.9304075467929165,4.943602097135432,4.9172129964504006,4.934805870056152,158200,0.0,0.0
2015-03-23 00:00:00-04:00,4.930407612954042,4.974390007282218,4.930407612954042,4.969991683959961,143800,0.0,0.0
2015-03-24 00:00:00-04:00,4.961191275736792,4.9875807762146,4.961191275736792,4.9875807762146,131900,0.0,0.0
2015-03-25 00:00:00-04:00,5.000777745228915,5.005176067352295,4.98758319830586,5.005176067352295,175000,0.0,0.0
2015-03-26 00:00:00-04:00,5.000776222467775,5.005174543251845,4.978785037994385,4.978785037994385,117800,0.0,0.0
2015-03-27 00:00:00-04:00,4.991981496647259,5.005176043507456,4.983184852442407,5.000777721405029,131700,0.0,0.0
2015-03-30 00:00:00-04:00,4.9963798862687945,5.000778208799898,4.987583660653711,4.9919819831848145,111500,0.0,0.0
2015-03-31 00:00:00-04:00,4.99637841299834,4.99637841299834,4.9743876457214355,4.9743876457214355,130600,0.0,0.0
2015-04-01 00:00:00-04:00,4.9919819831848145,4.9919819831848145,4.978787015591505,4.9919819831848145,121800,0.0,0.0
2015-04-02 00:00:00-04:00,4.969989324487255,4.983183868742797,4.969989324487255,4.9743876457214355,133500,0.0,0.0
2015-04-06 00:00:00-04:00,4.9655919834797855,5.000777721405029,4.9655919834797855,5.000777721405029,135600,0.0,0.0
2015-04-07 00:00:00-04:00,5.000778686676919,5.027168204938213,4.991982460221264,5.013973236083984,133800,0.0,0.0
2015-04-08 00:00:00-04:00,5.009574403532576,5.035963497452735,5.009574403532576,5.018370628356934,164800,0.0,0.0
2015-04-09 00:00:00-04:00,5.013971377986959,5.035962565147262,5.009573476112504,5.022768020629883,108100,0.0,0.0
2015-04-10 00:00:00-04:00,5.01837016046664,5.022768482192282,4.996378971285477,5.009573936462402,199800,0.0,0.0
2015-04-13 00:00:00-04:00,4.996307575579395,5.049365657629614,4.987464351070282,5.031679630279541,172000,0.06,0.0
2015-04-14 00:00:00-04:00,5.009573220503108,5.0405236705468965,5.005151607163064,5.0228376388549805,144500,0.0,0.0
2015-04-15 00:00:00-04:00,5.018415352457292,5.022836543164632,5.013993740081787,5.013993740081787,166900,0.0,0.0
2015-04-16 00:00:00-04:00,5.005150754881233,5.027258396148682,5.005150754881233,5.027258396148682,156100,0.0,0.0
2015-04-17 00:00:00-04:00,5.018415352457292,5.040522570998487,5.013993740081787,5.013993740081787,135100,0.0,0.0
2015-04-20 00:00:00-04:00,5.027261774460375,5.062633855591,5.022840158901929,5.053791046142578,169300,0.0,0.0
2015-04-21 00:00:00-04:00,5.053791086348287,5.0582122802734375,5.040526239567423,5.0582122802734375,169000,0.0,0.0
2015-04-22 00:00:00-04:00,5.049369470754666,5.067055511460681,5.049369470754666,5.0582122802734375,135500,0.0,0.0
2015-04-23 00:00:00-04:00,5.067055932062931,5.09358520615831,5.062634316102283,5.080320358276367,157200,0.0,0.0
2015-04-24 00:00:00-04:00,5.075895069998221,5.084738295521603,5.058209040619657,5.062630653381348,135500,0.0,0.0
2015-04-27 00:00:00-04:00,5.053788804479513,5.067053223602803,5.036102771759033,5.036102771759033,165500,0.0,0.0
2015-04-28 00:00:00-04:00,5.044947855161045,5.067055511460681,5.036105045642272,5.0582122802734375,113000,0.0,0.0
2015-04-29 00:00:00-04:00,5.040526199467243,5.062633855591,5.036105005577265,5.053791046142578,91700,0.0,0.0
2015-04-30 00:00:00-04:00,5.040523963687942,5.053788804479513,5.031681158161843,5.036102771759033,271200,0.0,0.0
2015-05-01 00:00:00-04:00,5.044944045375058,5.058208460470574,5.0184152151840244,5.031679630279541,179100,0.0,0.0
2015-05-04 00:00:00-04:00,5.022835687329507,5.0361005221958415,5.013992885753376,5.018414497375488,269300,0.0,0.0
2015-05-05 00:00:00-04:00,5.018414497375488,5.027257298951619,4.996306860933022,5.018414497375488,160800,0.0,0.0
2015-05-06 00:00:00-04:00,5.005150515330777,5.027258155540137,4.978621684414077,5.013993740081787,205100,0.0,0.0
2015-05-07 00:00:00-04:00,4.996309902622297,5.013995938209682,4.969780638407045,4.978623867034912,368700,0.0,0.0
2015-05-08 00:00:00-04:00,4.983046054840088,4.9963104776401215,4.9742028251944665,4.983046054840088,186500,0.0,0.0
2015-05-11 00:00:00-04:00,4.978624440017277,4.983046054840088,4.969781210371655,4.983046054840088,117600,0.0,0.0
2015-05-12 00:00:00-04:00,4.969780541838877,4.9742021560668945,4.952094506595151,4.9742021560668945,129700,0.0,0.0
2015-05-13 00:00:00-04:00,4.965313186686492,4.978648734466394,4.947532315003483,4.9697585105896,143400,0.06,0.0
2015-05-14 00:00:00-04:00,4.969754061123833,4.978644277041137,4.94308256551384,4.947527885437012,156500,0.0,0.0
2015-05-15 00:00:00-04:00,4.9608651849738665,4.9964269091441365,4.951974965895895,4.97420072555542,162900,0.0,0.0
2015-05-18 00:00:00-04:00,4.965311050415039,4.9875372364385795,4.960865728424483,4.965311050415039,132300,0.0,0.0
2015-05-19 00:00:00-04:00,4.978646592457468,4.978646592457468,4.956420406433927,4.965311050415039,86400,0.0,0.0
2015-05-20 00:00:00-04:00,4.974201270466913,4.9875372364385795,4.960865728424483,4.965311050415039,97800,0.0,0.0
2015-05-21 00:00:00-04:00,4.974201579167331,5.00087308883667,4.974201579167331,5.00087308883667,74900,0.0,0.0
2015-05-22 00:00:00-04:00,5.000874537642028,5.005319861196318,4.987538990908544,4.991983890533447,120800,0.0,0.0
2015-05-26 00:00:00-04:00,5.063109068763783,5.063109068763783,4.978649595711963,4.987540245056152,286600,0.0,0.0
2015-05-27 00:00:00-04:00,5.0008732503394295,5.014208793640137,4.978647062218732,5.014208793640137,86300,0.0,0.0
2015-05-28 00:00:00-04:00,5.009762873654882,5.009762873654882,4.97420072555542,4.97420072555542,90900,0.0,0.0
2015-05-29 00:00:00-04:00,4.9653128897701775,4.9830937603899255,4.929751148530683,4.934196472167969,247600,0.0,0.0
2015-06-01 00:00:00-04:00,4.9519768819282275,4.9519768819282275,4.920860043292535,4.925305366516113,136000,0.0,0.0
2015-06-02 00:00:00-04:00,4.925304166689889,4.93863970918267,4.911968624197107,4.929749488830566,205500,0.0,0.0
2015-06-03 00:00:00-04:00,4.9297476714228115,4.960864067077637,4.920857030419092,4.960864067077637,110300,0.0,0.0
2015-06-04 00:00:00-04:00,4.93863970918267,4.947530353464026,4.929749488830566,4.929749488830566,81800,0.0,0.0
2015-06-05 00:00:00-04:00,4.934192349596535,4.947527885437012,4.907520853986542,4.947527885437012,294300,0.0,0.0
2015-06-08 00:00:00-04:00,4.94308256551384,4.947527885437012,4.92530170975019,4.947527885437012,93700,0.0,0.0
2015-06-09 00:00:00-04:00,4.951976793596918,4.951976793596918,4.934195924949129,4.94308614730835,91400,0.0,0.0
2015-06-10 00:00:00-04:00,4.951977342787716,4.951977342787716,4.925305824893397,4.934196472167969,100900,0.0,0.0
2015-06-11 00:00:00-04:00,4.9476044068061205,4.9476044068061205,4.911849394522128,4.938665866851807,113200,0.06,0.0
2015-06-12 00:00:00-04:00,4.920788376540838,4.938665882740349,4.916318893432617,4.916318893432617,56200,0.0,0.0
2015-06-15 00:00:00-04:00,4.925258904592495,4.925258904592495,4.902911910543622,4.911850452423096,77700,0.0,0.0
2015-06-16 00:00:00-04:00,4.907376902478434,4.907376902478434,4.885030353177714,4.902907848358154,94100,0.0,0.0
2015-06-17 00:00:00-04:00,4.911850452423096,4.916319936479562,4.898442426487156,4.911850452423096,59700,0.0,0.0
2015-06-18 00:00:00-04:00,4.911850293874727,4.916319777786923,4.885034242868437,4.898442268371582,118100,0.0,0.0
2015-06-19 00:00:00-04:00,4.885032590853666,4.9118486327913375,4.885032590853666,4.907379150390625,128700,0.0,0.0
2015-06-22 00:00:00-04:00,4.907378508717599,4.9118479905338965,4.893970489501953,4.893970489501953,144600,0.0,0.0
2015-06-23 00:00:00-04:00,4.893971129421789,4.907379150390625,4.885032590853666,4.907379150390625,103800,0.0,0.0
2015-06-24 00:00:00-04:00,4.889503300547188,4.90738080996253,4.885034242868437,4.898442268371582,154600,0.0,0.0
2015-06-25 00:00:00-04:00,4.889501331185917,4.898440295409934,4.8537463267564,4.858215808868408,156700,0.0,0.0
2015-06-26 00:00:00-04:00,4.853746741032296,4.862685706019269,4.817991733551025,4.817991733551025,141700,0.0,0.0
2015-06-29 00:00:00-04:00,4.7822352887375414,4.813521230555441,4.750949773152824,4.7554192543029785,291300,0.0,0.0
2015-06-30 00:00:00-04:00,4.764360567748928,4.800115585327148,4.759891083993293,4.800115585327148,144400,0.0,0.0
2015-07-01 00:00:00-04:00,4.831401366411762,4.835870423768418,4.804584891104754,4.809054374694824,112600,0.0,0.0
2015-07-02 00:00:00-04:00,4.804582113608923,4.835867628186646,4.800112632602629,4.826929092407227,134800,0.0,0.0
2015-07-06 00:00:00-04:00,4.817990383045414,4.835867881774902,4.813521328037936,4.835867881774902,89000,0.0,0.0
2015-07-07 00:00:00-04:00,4.844807234896946,4.844807234896946,4.800113271352921,4.840337753295898,101400,0.0,0.0
2015-07-08 00:00:00-04:00,4.826929092407227,4.835867628186646,4.809051594615218,4.826929092407227,118600,0.0,0.0
2015-07-09 00:00:00-04:00,4.840337109192941,4.844806590199235,4.817990130394638,4.826929092407227,138900,0.0,0.0
2015-07-10 00:00:00-04:00,4.840340524842442,4.84927949316293,4.822463014434934,4.8448100090026855,148500,0.0,0.0
2015-07-13 00:00:00-04:00,4.853795145511727,4.871772147107471,4.844806430411092,4.862783432006836,138800,0.06,0.0
2015-07-14 00:00:00-04:00,4.849301646902634,4.858290363595413,4.831324642122682,4.853796005249023,146400,0.0,0.0
2015-07-15 00:00:00-04:00,4.862783432006836,4.8672777895571535,4.849300787961409,4.862783432006836,125100,0.0,0.0
2015-07-16 00:00:00-04:00,4.871773719787598,4.871773719787598,4.8582910713897745,4.871773719787598,110300,0.0,0.0
2015-07-17 00:00:00-04:00,4.867278651682588,4.867278651682588,4.849301646902634,4.853796005249023,100800,0.0,0.0
2015-07-20 00:00:00-04:00,4.844807870893394,4.867279236720754,4.826830863952637,4.826830863952637,80700,0.0,0.0
2015-07-21 00:00:00-04:00,4.813350340124008,4.8448100090026855,4.813350340124008,4.8448100090026855,100600,0.0,0.0
2015-07-22 00:00:00-04:00,4.822338268923015,4.826832629453511,4.777395949435487,4.79537296295166,168300,0.0,0.0
2015-07-23 00:00:00-04:00,4.804360866546631,4.813349586880085,4.777395562757821,4.804360866546631,115100,0.0,0.0
2015-07-24 00:00:00-04:00,4.781888499811335,4.790876788864054,4.74593448638916,4.74593448638916,143000,0.0,0.0
2015-07-27 00:00:00-04:00,4.732450224110938,4.741438939517041,4.727956295013428,4.727956295013428,188200,0.0,0.0
2015-07-28 00:00:00-04:00,4.72795932640498,4.732453258383832,4.705487952087457,4.7234649658203125,184500,0.0,0.0
2015-07-29 00:00:00-04:00,4.718968685442373,4.763911415793605,4.718968685442373,4.7594170570373535,92600,0.0,0.0
2015-07-30 00:00:00-04:00,4.745934639133275,4.78638258408077,4.736945921185613,4.7773942947387695,295200,0.0,0.0
2015-07-31 00:00:00-04:00,4.768407228374495,4.7998673234821565,4.76391329644981,4.79537296295166,65100,0.0,0.0
2015-08-03 00:00:00-04:00,4.79537050334381,4.813347507639344,4.781887857273557,4.8088531494140625,125400,0.0,0.0
2015-08-04 00:00:00-04:00,4.79537296295166,4.804361255406842,4.786384241890668,4.79537296295166,101100,0.0,0.0
2015-08-05 00:00:00-04:00,4.790876388549805,4.799865105457097,4.786382030096158,4.790876388549805,97500,0.0,0.0
2015-08-06 00:00:00-04:00,4.795371302028433,4.795371302028433,4.754922928475276,4.7773942947387695,97200,0.0,0.0
2015-08-07 00:00:00-04:00,4.763912791349434,4.7818898029595704,4.727958768129162,4.736947059631348,114800,0.0,0.0
2015-08-10 00:00:00-04:00,4.7414423222393145,4.75043061545246,4.714476585388184,4.714476585388184,133400,0.0,0.0
2015-08-11 00:00:00-04:00,4.709979057312012,4.718967773086654,4.696496412255606,4.709979057312012,132200,0.0,0.0
2015-08-12 00:00:00-04:00,4.7144995922146204,4.723539635466294,4.691898837475122,4.705459117889404,101400,0.06,0.0
2015-08-13 00:00:00-04:00,4.69641907463773,4.7144995922146204,4.691898837475122,4.705459117889404,102700,0.0,0.0
2015-08-14 00:00:00-04:00,4.700938880726796,4.7144995922146204,4.687378600312514,4.705459117889404,93200,0.0,0.0
2015-08-17 00:00:00-04:00,4.709979057312012,4.714499294188874,4.696418777754939,4.709979057312012,123000,0.0,0.0
2015-08-18 00:00:00-04:00,4.709979818979382,4.709979818979382,4.678339017871629,4.691899299621582,95700,0.0,0.0
2015-08-19 00:00:00-04:00,4.696419537229429,4.719019863121489,4.678339017871629,4.691899299621582,119200,0.0,0.0
2015-08-20 00:00:00-04:00,4.669297218322754,4.682857496226663,4.664776981996964,4.669297218322754,108800,0.0,0.0
2015-08-21 00:00:00-04:00,4.660258412518351,4.669298456493643,4.637657655969756,4.651217937469482,269400,0.0,0.0
2015-08-24 00:00:00-04:00,4.538214399777268,4.583415911021635,4.325767986646443,4.556294918060303,361700,0.0,0.0
2015-08-25 00:00:00-04:00,4.583416085451145,4.637657642364502,4.583416085451145,4.637657642364502,176400,0.0,0.0
2015-08-26 00:00:00-04:00,4.637657655969756,4.655738174993917,4.6105366618967265,4.651217937469482,188700,0.0,0.0
2015-08-27 00:00:00-04:00,4.660257535221794,4.687378093115783,4.642177019601302,4.678338050842285,189700,0.0,0.0
2015-08-28 00:00:00-04:00,4.651220204876463,4.678341212170617,4.651220204876463,4.673820972442627,102400,0.0,0.0
2015-08-31 00:00:00-04:00,4.655736940418845,4.678337690974335,4.651216704093055,4.669297218322754,205100,0.0,0.0
2015-09-01 00:00:00-04:00,4.65121924607096,4.673820008978187,4.642179199552288,4.66025972366333,144300,0.0,0.0
2015-09-02 00:00:00-04:00,4.678338050842285,4.682857856442286,4.664777340821795,4.678338050842285,129600,0.0,0.0
2015-09-03 00:00:00-04:00,4.687378195312266,4.687378195312266,4.655737400054932,4.655737400054932,83300,0.0,0.0
2015-09-04 00:00:00-04:00,4.646697028808753,4.664777545221491,4.633136749267578,4.633136749267578,98100,0.0,0.0
2015-09-08 00:00:00-04:00,4.646699007274775,4.723541342515128,4.642179199552288,4.66025972366333,225300,0.0,0.0
2015-09-09 00:00:00-04:00,4.655739061720496,4.660259300105849,4.615057778399631,4.62409782409668,118300,0.0,0.0
2015-09-10 00:00:00-04:00,4.624096956883057,4.669298470112081,4.624096956883057,4.664778232574463,118600,0.0,0.0
2015-09-11 00:00:00-04:00,4.651137581040351,4.655684251856833,4.619311752513764,4.6284050941467285,101900,0.06,0.0
2015-09-14 00:00:00-04:00,4.628406077299852,4.642045659052186,4.619312733735304,4.623859405517578,73600,0.0,0.0
2015-09-15 00:00:00-04:00,4.62386206283926,4.655687916416439,4.62386206283926,4.646595001220703,87600,0.0,0.0
2015-09-16 00:00:00-04:00,4.646591058578917,4.66023063659668,4.632951046966787,4.66023063659668,83400,0.0,0.0
2015-09-17 00:00:00-04:00,4.642046125597217,4.6784186363220215,4.6329527811187505,4.6784186363220215,108800,0.0,0.0
2015-09-18 00:00:00-04:00,4.655685708720386,4.682965308561255,4.646592797836449,4.6784186363220215,73700,0.0,0.0
2015-09-21 00:00:00-04:00,4.673871327356864,4.701150923481408,4.669325089331499,4.696604251861572,179000,0.0,0.0
2015-09-22 00:00:00-04:00,4.669324802598048,4.687511054366141,4.66023145991678,4.673871040344238,241800,0.0,0.0
2015-09-23 00:00:00-04:00,4.673874180402647,4.692060444388854,4.642048326825468,4.646595001220703,135100,0.0,0.0
2015-09-24 00:00:00-04:00,4.63295316696167,4.655686096456556,4.623860255320455,4.63295316696167,121000,0.0,0.0
2015-09-25 00:00:00-04:00,4.6374993324279785,4.6465926766693215,4.628406421781154,4.6374993324279785,92300,0.0,0.0
2015-09-28 00:00:00-04:00,4.623859220242168,4.628405891842259,4.592033386230469,4.592033386230469,196900,0.0,0.0
2015-09-29 00:00:00-04:00,4.601128096070355,4.605674769449375,4.53292972976362,4.551115989685059,230600,0.0,0.0
2015-09-30 00:00:00-04:00,4.5420215284018655,4.573847800650804,4.528381945206339,4.569301128387451,317000,0.0,0.0
2015-10-01 00:00:00-04:00,4.560208007755588,4.560208007755588,4.52383549505203,4.542021751403809,163000,0.0,0.0
2015-10-02 00:00:00-04:00,4.532928151171082,4.532928151171082,4.496555643994933,4.514741897583008,75200,0.0,0.0
2015-10-05 00:00:00-04:00,4.519288480209103,4.53292849663556,4.505648897377166,4.528381824493408,100700,0.0,0.0
2015-10-06 00:00:00-04:00,4.537474632263184,4.5420213043022075,4.528381721779647,4.537474632263184,86300,0.0,0.0
2015-10-07 00:00:00-04:00,4.546567571267065,4.560207152574415,4.532927989959717,4.532927989959717,125400,0.0,0.0
2015-10-08 00:00:00-04:00,4.5465664386971305,4.614764761839842,4.5465664386971305,4.610218524932861,174400,0.0,0.0
2015-10-09 00:00:00-04:00,4.61022067106135,4.637499839579561,4.5965806532076785,4.63295316696167,227400,0.0,0.0
2015-10-12 00:00:00-04:00,4.623859405517578,4.642045659052186,4.601126480200697,4.623859405517578,192700,0.0,0.0
2015-10-13 00:00:00-04:00,4.6467250087292475,4.6467250087292475,4.628430832953446,4.642151355743408,108900,0.06,0.0
2015-10-14 00:00:00-04:00,4.628434035234787,4.6421545675175935,4.596419314518951,4.610139846801758,111100,0.0,0.0
2015-10-15 00:00:00-04:00,4.600993611466683,4.6147141456604,4.5826994204857545,4.6147141456604,114300,0.0,0.0
2015-10-16 00:00:00-04:00,4.600991391038614,4.605564609450884,4.582697208886417,4.591844081878662,155200,0.0,0.0
2015-10-19 00:00:00-04:00,4.600992513270002,4.6330072308031545,4.582698326655657,4.596418857574463,144400,0.0,0.0
2015-10-20 00:00:00-04:00,4.600991391038614,4.614711918610836,4.5781235543064405,4.591844081878662,146200,0.0,0.0
2015-10-21 00:00:00-04:00,4.582699775695801,4.605567189068501,4.57812611855408,4.582699775695801,167800,0.0,0.0
2015-10-22 00:00:00-04:00,4.600992970669172,4.61471350295198,4.5918456583687295,4.610139846801758,113400,0.0,0.0
2015-10-23 00:00:00-04:00,4.614711776233375,4.623858648943412,4.591843940206742,4.600991249084473,130500,0.0,0.0
2015-10-26 00:00:00-04:00,4.59184596840822,4.614713814535497,4.59184596840822,4.605566501617432,149500,0.0,0.0
2015-10-27 00:00:00-04:00,4.582698326655657,4.600992513270002,4.573551015264577,4.596418857574463,125500,0.0,0.0
2015-10-28 00:00:00-04:00,4.591842481401842,4.655872314700926,4.57354830562604,4.642151355743408,227700,0.0,0.0
2015-10-29 00:00:00-04:00,4.637581182385053,4.637581182385053,4.60556602664146,4.633007526397705,116800,0.0,0.0
2015-10-30 00:00:00-04:00,4.614712405270946,4.623859279227805,4.600991876251779,4.619286060333252,135500,0.0,0.0
2015-11-02 00:00:00-05:00,4.610139388493269,4.623859919412074,4.591845201878923,4.596418857574463,185400,0.0,0.0
2015-11-03 00:00:00-05:00,4.5872704272986855,4.596417736458639,4.564402590566512,4.591844081878662,248000,0.0,0.0
2015-11-04 00:00:00-05:00,4.587271875880672,4.591845531904931,4.564404031927224,4.578125,224200,0.0,0.0
2015-11-05 00:00:00-05:00,4.568978804270638,4.582699775695801,4.559831926155148,4.582699775695801,112300,0.0,0.0
2015-11-06 00:00:00-05:00,4.568977359569037,4.596418857574463,4.555256828650231,4.596418857574463,202800,0.0,0.0
2015-11-09 00:00:00-05:00,4.587272187653116,4.587272187653116,4.559831121978232,4.573551654815674,248700,0.0,0.0
2015-11-10 00:00:00-05:00,4.582753093054729,4.591955180291076,4.490730026688286,4.527539253234863,235600,0.06,0.0
2015-11-11 00:00:00-05:00,4.509134683582185,4.518336770907552,4.476926280941907,4.486128807067871,180600,0.0,0.0
2015-11-12 00:00:00-05:00,4.486127670016419,4.509133540699677,4.440115928649902,4.440115928649902,157700,0.0,0.0
2015-11-13 00:00:00-05:00,4.45392049258712,4.481527191190443,4.435515880584717,4.435515880584717,163600,0.0,0.0
2015-11-16 00:00:00-05:00,4.430914149484746,4.467723369598389,4.430914149484746,4.467723369598389,337000,0.0,0.0
2015-11-17 00:00:00-05:00,4.453919714340149,4.458520537436412,4.435515105553639,4.440115928649902,161900,0.0,0.0
2015-11-18 00:00:00-05:00,4.444717967185637,4.45392049258712,4.412510005881573,4.435515880584717,216100,0.0,0.0
2015-11-19 00:00:00-05:00,4.444717967185637,4.444717967185637,4.426313355183234,4.435515880584717,167600,0.0,0.0
2015-11-20 00:00:00-05:00,4.430915012052871,4.4815275898617735,4.426313748942808,4.476926326751709,244300,0.0,0.0
2015-11-23 00:00:00-05:00,4.4861295805165025,4.513736724853516,4.458522436179489,4.513736724853516,293700,0.0,0.0
2015-11-24 00:00:00-05:00,4.513735555266553,4.513735555266553,4.472325068891544,4.509134292602539,207100,0.0,0.0
2015-11-25 00:00:00-05:00,4.4815278894127335,4.509135031117814,4.458522011125273,4.504533767700195,188500,0.0,0.0
2015-11-27 00:00:00-05:00,4.587355184253499,4.591956009301988,4.536742159514065,4.578152656555176,618100,0.0,0.0
2015-11-30 00:00:00-05:00,4.624162844743836,4.63336493051181,4.587353624070893,4.596555709838867,614000,0.0,0.0
2015-12-01 00:00:00-05:00,4.614960320175339,4.6287641070280845,4.596555709838867,4.596555709838867,366500,0.0,0.0
2015-12-02 00:00:00-05:00,4.6149618420798175,4.6149618420798175,4.568950520465462,4.587355136871338,354700,0.0,0.0
2015-12-03 00:00:00-05:00,4.587352577496227,4.587352577496227,4.564346710124146,4.573548793792725,248600,0.0,0.0
2015-12-04 00:00:00-05:00,4.582752571247822,4.59195465743639,4.568949222564697,4.568949222564697,251100,0.0,0.0
2015-12-07 00:00:00-05:00,4.5689502712113805,4.5735510959613555,4.5137364250058845,4.518337249755859,348800,0.0,0.0
2015-12-08 00:00:00-05:00,4.513734612164244,4.555144651086457,4.513734612164244,4.541341304779053,239500,0.0,0.0
2015-12-09 00:00:00-05:00,4.513736724853516,4.545944694246137,4.513736724853516,4.513736724853516,249400,0.0,0.0
2015-12-10 00:00:00-05:00,4.527539645987656,4.527539645987656,4.499932504282577,4.504533767700195,243300,0.0,0.0
2015-12-11 00:00:00-05:00,4.513790909417934,4.513790909417934,4.462866247843694,4.467495441436768,376000,0.06,0.0
2015-12-14 00:00:00-05:00,4.4813851112534495,4.4813851112534495,4.319351387182923,4.361017227172852,544300,0.0,0.0
2015-12-15 00:00:00-05:00,4.3841650721568985,4.421201277161922,4.356387697649937,4.411942005157471,342800,0.0,0.0
2015-12-16 00:00:00-05:00,4.411943088141456,4.490645153472443,4.347129934226406,4.4628682136535645,545800,0.0,0.0
2015-12-17 00:00:00-05:00,4.462867495184599,4.50453289820528,4.435090118331051,4.495274066925049,394800,0.0,0.0
2015-12-18 00:00:00-05:00,4.486015972077429,4.546199936474545,4.467497863148051,4.527681827545166,320200,0.0,0.0
2015-12-21 00:00:00-05:00,4.546198080647435,4.560086987804714,4.476755310886495,4.523050785064697,367200,0.0,0.0
2015-12-22 00:00:00-05:00,4.51379123695199,4.555457072857176,4.486013865846421,4.490643501281738,370800,0.0,0.0
2015-12-23 00:00:00-05:00,4.536940489287368,4.560088232695737,4.527681215321428,4.546199321746826,244100,0.0,0.0
2015-12-24 00:00:00-05:00,4.546197036168107,4.606380962170092,4.5230497459034105,4.601751327514648,131600,0.0,0.0
2015-12-28 00:00:00-05:00,4.661938390128049,4.661938390128049,4.564718204484059,4.638791084289551,448900,0.0,0.0
2015-12-29 00:00:00-05:00,4.6573060104594255,4.6850829350819065,4.648046741247761,4.680453300476074,546900,0.0,0.0
2015-12-30 00:00:00-05:00,4.680451806487388,4.708229163749661,4.666563348609309,4.694340705871582,551900,0.0,0.0
2015-12-31 00:00:00-05:00,4.680455729987387,4.749898960602402,4.675826534484909,4.740639686584473,820600,0.0,0.0
2016-01-04 00:00:00-05:00,4.708232057312447,4.708232057312447,4.671195852538626,4.689713954925537,406100,0.0,0.0
2016-01-05 00:00:00-05:00,4.698974894388191,4.731381919240191,4.698974894388191,4.726752281188965,198800,0.0,0.0
2016-01-06 00:00:00-05:00,4.71286380854187,4.731381919240191,4.708234170490644,4.726752281188965,217500,0.0,0.0
2016-01-07 00:00:00-05:00,4.703602097302923,4.717490562759719,4.657307065278156,4.666565895080566,233800,0.0,0.0
2016-01-08 00:00:00-05:00,4.666566025671143,4.6897137630844785,4.638789093980235,4.648047924041748,171800,0.0,0.0
2016-01-11 00:00:00-05:00,4.652680060740992,4.661938895779327,4.620273034340303,4.634161949157715,317600,0.0,0.0
2016-01-12 00:00:00-05:00,4.638788964166976,4.698972461648539,4.624900057203825,4.666565895080566,207300,0.0,0.0
2016-01-13 00:00:00-05:00,4.6805376578122155,4.699166645295892,4.564106375001713,4.568763732910156,407800,0.06,0.0
2016-01-14 00:00:00-05:00,4.568765915085079,4.596709187582062,4.531507478171921,4.554793834686279,246500,0.0,0.0
2016-01-15 00:00:00-05:00,4.522190748996063,4.540819735272202,4.452332161498055,4.512876033782959,403200,0.0,0.0
2016-01-19 00:00:00-05:00,4.573422503863972,4.578079863663696,4.37316091812887,4.39178991317749,694300,0.0,0.0
2016-01-20 00:00:00-05:00,4.373162551076251,4.377819468464601,4.233444813965584,4.293989181518555,770800,0.0,0.0
2016-01-21 00:00:00-05:00,4.331244806122862,4.396446055245336,4.317273173332359,4.382474422454834,253900,0.0,0.0
2016-01-22 00:00:00-05:00,4.391788656985961,4.41973191949109,4.363844950330683,4.405760288238525,324400,0.0,0.0
2016-01-25 00:00:00-05:00,4.410417262539503,4.419731534513182,4.368501928282669,4.377816200256348,160400,0.0,0.0
2016-01-26 00:00:00-05:00,4.373159367936341,4.438360605418914,4.373159367936341,4.419731616973877,213200,0.0,0.0
2016-01-27 00:00:00-05:00,4.4104199587224455,4.433706319117254,4.387133598327637,4.387133598327637,184800,0.0,0.0
2016-01-28 00:00:00-05:00,4.452332161498055,4.526848106602614,4.396444758519569,4.512876033782959,662300,0.0,0.0
2016-01-29 00:00:00-05:00,4.536161429936128,4.582734107971191,4.517532447552098,4.582734107971191,290400,0.0,0.0
2016-02-01 00:00:00-05:00,4.592051827449128,4.596709187582062,4.536164838304854,4.554793834686279,269100,0.0,0.0
2016-02-02 00:00:00-05:00,4.554790706333257,4.554790706333257,4.517532739160184,4.54547643661499,209400,0.0,0.0
2016-02-03 00:00:00-05:00,4.564107723026755,4.564107723026755,4.526849737055127,4.550136089324951,174200,0.0,0.0
2016-02-04 00:00:00-05:00,4.540823888238846,4.55013861197105,4.498908519744873,4.498908519744873,128000,0.0,0.0
2016-02-05 00:00:00-05:00,4.498905972901745,4.545478676896883,4.456990628136164,4.461647987365723,153600,0.0,0.0
2016-02-08 00:00:00-05:00,4.4523326798652825,4.4523326798652825,4.410417344826417,4.419731616973877,275300,0.0,0.0
2016-02-09 00:00:00-05:00,4.40110445022583,4.433705526611413,4.40110445022583,4.40110445022583,349700,0.0,0.0
2016-02-10 00:00:00-05:00,4.405792769981915,4.419854133139496,4.330800621095349,4.34486198425293,384700,0.06,0.0
2016-02-11 00:00:00-05:00,4.330796956031202,4.344858307288951,4.288613796234131,4.288613796234131,372000,0.0,0.0
2016-02-12 00:00:00-05:00,4.288613054122117,4.29798728667181,4.26049125044906,4.269865036010742,285900,0.0,0.0
2016-02-16 00:00:00-05:00,4.288613655609143,4.302675006405816,4.260491847991943,4.260491847991943,341100,0.0,0.0
2016-02-17 00:00:00-05:00,4.2698664402430815,4.307362488797169,4.255805533782338,4.293301582336426,194600,0.0,0.0
2016-02-18 00:00:00-05:00,4.330798752161464,4.330798752161464,4.293302693899412,4.321424961090088,199000,0.0,0.0
2016-02-19 00:00:00-05:00,4.32142662138653,4.326113295228707,4.279243427887828,4.30267858505249,160000,0.0,0.0
2016-02-22 00:00:00-05:00,4.312048934675625,4.330796956031202,4.288613796234131,4.288613796234131,130200,0.0,0.0
2016-02-23 00:00:00-05:00,4.288614464520125,4.326110513074213,4.288614464520125,4.293301582336426,145300,0.0,0.0
2016-02-24 00:00:00-05:00,4.265179769414939,4.3026758179690265,4.246431745137895,4.293301582336426,218300,0.0,0.0
2016-02-25 00:00:00-05:00,4.312048934675625,4.3167360517615405,4.283927126136302,4.288613796234131,127500,0.0,0.0
2016-02-26 00:00:00-05:00,4.312048627724053,4.3261095309927935,4.297987724455312,4.316735744476318,196800,0.0,0.0
2016-02-29 00:00:00-05:00,4.3307964857443455,4.382353874114566,4.3214226995785125,4.372979640960693,207200,0.0,0.0
2016-03-01 00:00:00-05:00,4.410477010117625,4.443285942077637,4.401103221123982,4.443285942077637,241200,0.0,0.0
2016-03-02 00:00:00-05:00,4.447975554934722,4.4995329877768935,4.4292275194435025,4.494845867156982,470500,0.0,0.0
2016-03-03 00:00:00-05:00,4.480784089449626,4.551089097256405,4.476096969732284,4.5464019775390625,181700,0.0,0.0
2016-03-04 00:00:00-05:00,4.5370259489176945,4.597957134246826,4.532338831510503,4.597957134246826,190500,0.0,0.0
2016-03-07 00:00:00-05:00,4.574523513162826,4.59795866099227,4.551088365333381,4.5885844230651855,324000,0.0,0.0
2016-03-08 00:00:00-05:00,4.579210632126368,4.59795866099227,4.574523513162826,4.5885844230651855,118800,0.0,0.0
2016-03-09 00:00:00-05:00,4.612018691458376,4.663575649261475,4.602644455318804,4.663575649261475,180100,0.0,0.0
2016-03-10 00:00:00-05:00,4.658887438219773,4.677635459112462,4.616704726452283,4.635452747344971,107700,0.0,0.0
2016-03-11 00:00:00-05:00,4.640168950893487,4.654315681311108,4.616590767053149,4.635453224182129,240700,0.06,0.0
2016-03-14 00:00:00-04:00,4.635454914988641,4.668464114575521,4.626023907842367,4.654317378997803,251700,0.0,0.0
2016-03-15 00:00:00-04:00,4.663748475289506,4.71090440680831,4.654317019155798,4.706188678741455,144500,0.0,0.0
2016-03-16 00:00:00-04:00,4.710904979944187,4.7533456382761115,4.70618925130361,4.720336437225342,210600,0.0,0.0
2016-03-17 00:00:00-04:00,4.734483051058974,4.739198779577665,4.715620586700836,4.729767322540283,201200,0.0,0.0
2016-03-18 00:00:00-04:00,4.729766869359147,4.762776516110548,4.706188678741455,4.706188678741455,251900,0.0,0.0
2016-03-21 00:00:00-04:00,4.706189129663454,4.748629786898421,4.706189129663454,4.729767322540283,156200,0.0,0.0
2016-03-22 00:00:00-04:00,4.762777644258533,4.772208652909562,4.729767989688212,4.73448371887207,218200,0.0,0.0
2016-03-23 00:00:00-04:00,4.739198902071015,4.762777095557267,4.710904979944187,4.720336437225342,281800,0.0,0.0
2016-03-24 00:00:00-04:00,4.720336227888178,4.720336227888178,4.640170643420085,4.654317378997803,180400,0.0,0.0
2016-03-28 00:00:00-04:00,4.6401693899574745,4.687325312383704,4.6401693899574745,4.682610034942627,124900,0.0,0.0
2016-03-29 00:00:00-04:00,4.682609440019966,4.701471896537292,4.644884526985311,4.69204044342041,147400,0.0,0.0
2016-03-30 00:00:00-04:00,4.68261037101729,4.729766296827938,4.68261037101729,4.7156195640563965,128200,0.0,0.0
2016-03-31 00:00:00-04:00,4.715620844839931,4.753345775621318,4.715620844839931,4.748630046844482,106900,0.0,0.0
2016-04-01 00:00:00-04:00,4.734480098092012,4.7580582762627746,4.734480098092012,4.739195823669434,129500,0.0,0.0
2016-04-04 00:00:00-04:00,4.758061243935803,4.758061243935803,4.710904858182145,4.729767322540283,139400,0.0,0.0
2016-04-05 00:00:00-04:00,4.715620586700836,4.734483051058974,4.701473850861388,4.729767322540283,118500,0.0,0.0
2016-04-06 00:00:00-04:00,4.743911549246855,4.748626825107932,4.715617645498671,4.739195823669434,147200,0.0,0.0
2016-04-07 00:00:00-04:00,4.72033519880513,4.734481931298711,4.696757011504817,4.725050926208496,190200,0.0,0.0
2016-04-08 00:00:00-04:00,4.725052710221041,4.743915177239787,4.710905522669466,4.73448371887207,79700,0.0,0.0
2016-04-11 00:00:00-04:00,4.729766582806984,4.753344771996195,4.710904121398926,4.710904121398926,105100,0.0,0.0
2016-04-12 00:00:00-04:00,4.7156195640563965,4.7344820243239605,4.692041376292809,4.7156195640563965,155400,0.0,0.0
2016-04-13 00:00:00-04:00,4.729851419830643,4.744083543781289,4.72036303557617,4.739339351654053,87800,0.06,0.0
2016-04-14 00:00:00-04:00,4.744083169603265,4.748827361356315,4.720362663269043,4.720362663269043,89500,0.0,0.0
2016-04-15 00:00:00-04:00,4.706132271345797,4.720364399408464,4.696643884349889,4.71087646484375,107400,0.0,0.0
2016-04-18 00:00:00-04:00,4.710876778430668,4.777293682098389,4.710876778430668,4.777293682098389,151200,0.0,0.0
2016-04-19 00:00:00-04:00,4.777292880979944,4.843710225941166,4.777292880979944,4.834221839904785,148600,0.0,0.0
2016-04-20 00:00:00-04:00,4.834221634691708,4.834221634691708,4.801013189836373,4.810501575469971,99800,0.0,0.0
2016-04-21 00:00:00-04:00,4.805758115242355,4.853198693348796,4.805758115242355,4.84845495223999,128100,0.0,0.0
2016-04-22 00:00:00-04:00,4.834221839904785,4.86268654558278,4.829478099317742,4.834221839904785,92900,0.0,0.0
2016-04-25 00:00:00-04:00,4.829477973465559,4.900639057159424,4.824733780570997,4.900639057159424,167600,0.0,0.0
2016-04-26 00:00:00-04:00,4.9053822271244645,4.938590665599092,4.895893843313975,4.933846473693848,281600,0.0,0.0
2016-04-27 00:00:00-04:00,4.933846954048899,4.938591146416035,4.872174263000488,4.872174263000488,147600,0.0,0.0
2016-04-28 00:00:00-04:00,4.881661138194434,4.919613764050814,4.848452703677849,4.891149520874023,220700,0.0,0.0
2016-04-29 00:00:00-04:00,4.891149358172819,4.905381479287792,4.862684663511902,4.895893096923828,101500,0.0,0.0
2016-05-02 00:00:00-04:00,4.919616051267376,4.92436024481283,4.8864076013115945,4.910128116607666,235200,0.0,0.0
2016-05-03 00:00:00-04:00,4.910128257402194,4.9148719986524725,4.843710903154961,4.905384063720703,232900,0.0,0.0
2016-05-04 00:00:00-04:00,4.900638512341127,4.905382704708261,4.857941685899084,4.872174263000488,144900,0.0,0.0
2016-05-05 00:00:00-04:00,4.886407741425953,4.910128257402194,4.8579430317682215,4.905384063720703,127400,0.0,0.0
2016-05-06 00:00:00-04:00,4.910128257402194,4.9243603860154535,4.891151935107443,4.905384063720703,163800,0.0,0.0
2016-05-09 00:00:00-04:00,4.891152913137701,4.919617176055908,4.862688197788192,4.919617176055908,150100,0.0,0.0
2016-05-10 00:00:00-04:00,4.905381479287792,4.919613600402764,4.876916784626874,4.895893096923828,152600,0.0,0.0
2016-05-11 00:00:00-04:00,4.9006667137146,4.910210131398424,4.886350904573512,4.9006667137146,95700,0.06,0.0
2016-05-12 00:00:00-04:00,4.914980415937374,4.929295765190415,4.900665066684333,4.924523830413818,184000,0.0,0.0
2016-05-13 00:00:00-04:00,4.914980191257318,4.948382823013051,4.914980191257318,4.929295539855957,178100,0.0,0.0
2016-05-16 00:00:00-04:00,4.919754004159148,4.943612775907159,4.9006667137146,4.9006667137146,111700,0.0,0.0
2016-05-17 00:00:00-04:00,4.914982067778785,4.919754004159148,4.895894777334237,4.9006667137146,134000,0.0,0.0
2016-05-18 00:00:00-04:00,4.910210609436035,4.9149825462809735,4.891123317133227,4.910210609436035,152300,0.0,0.0
2016-05-19 00:00:00-04:00,4.900665959143663,4.900665959143663,4.8529475128412,4.876806735992432,174100,0.0,0.0
2016-05-20 00:00:00-04:00,4.881578045892594,4.929296490526736,4.881578045892594,4.919753074645996,95900,0.0,0.0
2016-05-23 00:00:00-04:00,4.93884277178357,4.991332722436301,4.924526958360704,4.948386192321777,155400,0.0,0.0
2016-05-24 00:00:00-04:00,4.943612125366749,4.9626994132995605,4.943612125366749,4.9626994132995605,132200,0.0,0.0
2016-05-25 00:00:00-04:00,4.981787681000202,4.981787681000202,4.962700389313493,4.9722442626953125,131500,0.0,0.0
2016-05-26 00:00:00-04:00,4.9722452355540545,4.996104468599919,4.9674732979294784,4.991332530975342,132900,0.0,0.0
2016-05-27 00:00:00-04:00,4.981786976239262,4.99610278428677,4.972243559284457,4.977015495300293,87400,0.0,0.0
2016-05-31 00:00:00-04:00,4.9674732979294784,4.991332530975342,4.9674732979294784,4.991332530975342,147400,0.0,0.0
2016-06-01 00:00:00-04:00,5.0008738163656,5.01041768754065,4.986558464679852,5.005645751953125,188000,0.0,0.0
2016-06-02 00:00:00-04:00,5.015191764021206,5.02473518419334,4.986560593350766,4.991332530975342,192900,0.0,0.0
2016-06-03 00:00:00-04:00,5.010419347359141,5.0199632216958205,4.996103990931096,5.000875473022461,136300,0.0,0.0
2016-06-06 00:00:00-04:00,5.010417040136412,5.039048194885254,5.010417040136412,5.039048194885254,157900,0.0,0.0
2016-06-07 00:00:00-04:00,5.034277238748334,5.058136463165283,5.034277238748334,5.058136463165283,151500,0.0,0.0
2016-06-08 00:00:00-04:00,5.048591868363766,5.072451089363859,5.039048453009802,5.0629072189331055,195400,0.0,0.0
2016-06-09 00:00:00-04:00,5.0676791541484825,5.077223024579236,5.053363803579142,5.0629072189331055,138200,0.0,0.0
2016-06-10 00:00:00-04:00,5.058136463165283,5.072451815784711,5.043820655469001,5.058136463165283,92800,0.0,0.0
2016-06-13 00:00:00-04:00,5.068695928860288,5.083095504460257,5.039896319906095,5.04469633102417,86500,0.062,0.0
2016-06-14 00:00:00-04:00,5.039896488189697,5.044696499468046,5.006297324749799,5.039896488189697,119000,0.0,0.0
2016-06-15 00:00:00-04:00,5.030297586681465,5.039897611377617,5.0254980320877625,5.035097599029541,114300,0.0,0.0
2016-06-16 00:00:00-04:00,5.001497006683143,5.015896581880658,4.982297420501709,4.982297420501709,149500,0.0,0.0
2016-06-17 00:00:00-04:00,5.001498750904034,5.006298763561908,4.967899577807721,4.9870991706848145,129000,0.0,0.0
2016-06-20 00:00:00-04:00,5.01109866040487,5.01109866040487,4.977499485015869,4.977499485015869,105900,0.0,0.0
2016-06-21 00:00:00-04:00,4.977498619352359,5.001498222351074,4.977498619352359,5.001498222351074,82700,0.0,0.0
2016-06-22 00:00:00-04:00,5.001497914534641,5.011097480490711,4.996697902679443,4.996697902679443,75000,0.0,0.0
2016-06-23 00:00:00-04:00,5.020697988216856,5.054297158933686,5.015897975898917,5.049497604370117,102700,0.0,0.0
2016-06-24 00:00:00-04:00,4.99189879172571,5.044698016153053,4.967899643627181,5.011098384857178,202000,0.0,0.0
2016-06-27 00:00:00-04:00,5.001496716335317,5.001496716335317,4.843100025095199,4.857499599456787,300700,0.0,0.0
2016-06-28 00:00:00-04:00,4.876701913624359,4.915101105247033,4.876701913624359,4.900701522827148,155100,0.0,0.0
2016-06-29 00:00:00-04:00,4.924698998127985,4.934298562996868,4.900699399324367,4.919898986816406,192800,0.0,0.0
2016-06-30 00:00:00-04:00,4.939098925490926,4.963098526000977,4.92949935993949,4.963098526000977,165100,0.0,0.0
2016-07-01 00:00:00-04:00,4.977494677852719,4.991894245147705,4.963095110557733,4.991894245147705,184200,0.0,0.0
2016-07-05 00:00:00-04:00,4.996697429975188,4.996697429975188,4.9294991013769085,4.943898677825928,100600,0.0,0.0
2016-07-06 00:00:00-04:00,4.90549975942944,4.967898537653848,4.900699747776568,4.963098526000977,108000,0.0,0.0
2016-07-07 00:00:00-04:00,4.953502092966442,5.035100519190122,4.953502092966442,5.020700931549072,137400,0.0,0.0
2016-07-08 00:00:00-04:00,5.03509630878802,5.078295493342182,5.0302962976699455,5.04469633102417,159000,0.0,0.0
2016-07-11 00:00:00-04:00,5.054296324838939,5.08309593623949,5.0494967710674254,5.059096336364746,125700,0.0,0.0
2016-07-12 00:00:00-04:00,5.083095119706558,5.111894268726608,5.068695545196533,5.068695545196533,150000,0.0,0.0
2016-07-13 00:00:00-04:00,5.088973369878973,5.103457984940303,5.05517578125,5.05517578125,97400,0.062,0.0
2016-07-14 00:00:00-04:00,5.088976377274405,5.088976377274405,5.021380699612321,5.035865783691406,149600,0.0,0.0
2016-07-15 00:00:00-04:00,5.031037171697789,5.098632845992423,5.026208810578631,5.074491500854492,137700,0.0,0.0
2016-07-18 00:00:00-04:00,5.0744905655499135,5.127601146697998,5.069662205320694,5.127601146697998,170700,0.0,0.0
2016-07-19 00:00:00-04:00,5.132429846069417,5.137258206617686,5.093803882598877,5.093803882598877,123800,0.0,0.0
2016-07-20 00:00:00-04:00,5.108288503785878,5.166227448991688,5.069662540315338,5.093803882598877,411900,0.0,0.0
2016-07-21 00:00:00-04:00,5.108289755179944,5.1276027416463785,5.079320505709252,5.084148406982422,184400,0.0,0.0
2016-07-22 00:00:00-04:00,5.084147161502339,5.098632243147146,5.074490900863607,5.093803882598877,198600,0.0,0.0
2016-07-25 00:00:00-04:00,5.10828950013335,5.127602485635525,5.098633237611209,5.122774124145508,132000,0.0,0.0
2016-07-26 00:00:00-04:00,5.122773571592918,5.12760193256214,5.1034605881738795,5.117945671081543,106500,0.0,0.0
2016-07-27 00:00:00-04:00,5.1276015923939555,5.166227556669563,5.1276015923939555,5.151742935180664,214100,0.0,0.0
2016-07-28 00:00:00-04:00,5.146912762997016,5.171054097286812,5.13725650555569,5.156569480895996,81400,0.0,0.0
2016-07-29 00:00:00-04:00,5.156569480895996,5.171054097286812,5.142084404047527,5.156569480895996,134200,0.0,0.0
2016-08-01 00:00:00-04:00,5.15657163791962,5.180712521850034,5.117945671081543,5.117945671081543,151100,0.0,0.0
2016-08-02 00:00:00-04:00,5.1324310302734375,5.146915654802471,5.093805057890741,5.1324310302734375,251300,0.0,0.0
2016-08-03 00:00:00-04:00,5.117943530215383,5.161397379387833,5.117943530215383,5.156569480895996,112400,0.0,0.0
2016-08-04 00:00:00-04:00,5.156570128370131,5.175883106135432,5.156570128370131,5.166226387023926,105200,0.0,0.0
2016-08-05 00:00:00-04:00,5.18071249939998,5.209682204631924,5.171056237961228,5.195197582244873,132700,0.0,0.0
2016-08-08 00:00:00-04:00,5.195198869537811,5.195198869537811,5.142087806862091,5.16140079498291,68800,0.0,0.0
2016-08-09 00:00:00-04:00,5.156572948502143,5.171057574633339,5.127603235781788,5.1372599601745605,121300,0.0,0.0
2016-08-10 00:00:00-04:00,5.1372599601745605,5.161400850240566,5.117946971846978,5.1372599601745605,232800,0.0,0.0
2016-08-11 00:00:00-04:00,5.1527976259296375,5.186793779281988,5.1527976259296375,5.157654285430908,115800,0.062,0.0
2016-08-12 00:00:00-04:00,5.181938245486734,5.206221085111662,5.157655405861806,5.17708158493042,144600,0.0,0.0
2016-08-15 00:00:00-04:00,5.201364831408781,5.225647672933126,5.191651509536372,5.211077690124512,138100,0.0,0.0
2016-08-16 00:00:00-04:00,5.21593222423303,5.230502201100649,5.201362710521901,5.225645542144775,137500,0.0,0.0
2016-08-17 00:00:00-04:00,5.2353620529174805,5.254788239150397,5.220792529031997,5.2353620529174805,143900,0.0,0.0
2016-08-18 00:00:00-04:00,5.225648328078933,5.269357355671271,5.2159350049887525,5.230504989624023,110500,0.0,0.0
2016-08-19 00:00:00-04:00,5.245071887969971,5.249928547086179,5.230502373777852,5.245071887969971,120700,0.0,0.0
2016-08-22 00:00:00-04:00,5.245072340122054,5.24992899965693,5.211076186534458,5.215932846069336,122800,0.0,0.0
2016-08-23 00:00:00-04:00,5.240215055855904,5.2547845695670325,5.2062193694777745,5.225645542144775,177600,0.0,0.0
2016-08-24 00:00:00-04:00,5.220791028213823,5.254786728559496,5.215934367262532,5.240217208862305,110000,0.0,0.0
2016-08-25 00:00:00-04:00,5.245072340122054,5.264498515105016,5.1965066710863725,5.215932846069336,135900,0.0,0.0
2016-08-26 00:00:00-04:00,5.220793969433493,5.225650633120865,5.172228258873661,5.20622444152832,142700,0.0,0.0
2016-08-29 00:00:00-04:00,5.211077869962772,5.269356876895124,5.211077869962772,5.2596435546875,210700,0.0,0.0
2016-08-30 00:00:00-04:00,5.259643717964509,5.269357040473667,5.245074197357482,5.2499308586120605,88700,0.0,0.0
2016-08-31 00:00:00-04:00,5.264497887478778,5.269354546434651,5.225645542144775,5.225645542144775,191400,0.0,0.0
2016-09-01 00:00:00-04:00,5.249930311207895,5.293638868471536,5.249930311207895,5.283926010131836,222300,0.0,0.0
2016-09-02 00:00:00-04:00,5.303353071772851,5.303353071772851,5.259644044084913,5.288783550262451,147400,0.0,0.0
2016-09-06 00:00:00-04:00,5.298496410217139,5.298496410217139,5.264500705640626,5.288783550262451,106100,0.0,0.0
2016-09-07 00:00:00-04:00,5.274215059084286,5.313067436218262,5.274215059084286,5.313067436218262,155300,0.0,0.0
2016-09-08 00:00:00-04:00,5.313064120850165,5.3519169368967345,5.308207924106352,5.342203617095947,143100,0.0,0.0
2016-09-09 00:00:00-04:00,5.342203213335821,5.347059872869152,5.3082075229155965,5.33734655380249,320600,0.0,0.0
2016-09-12 00:00:00-04:00,5.332490915587693,5.3470608969782365,5.303351879119873,5.303351879119873,216700,0.0,0.0
2016-09-13 00:00:00-04:00,5.310191215676571,5.3150765080521145,5.197832286361811,5.212487697601318,293000,0.064,0.0
2016-09-14 00:00:00-04:00,5.2222567400900095,5.271108722002166,5.212486623239794,5.266223430633545,103900,0.0,0.0
2016-09-15 00:00:00-04:00,5.295536340763342,5.305306460616814,5.256454929575118,5.280880928039551,173100,0.0,0.0
2016-09-16 00:00:00-04:00,5.290653228759766,5.2955385236438595,5.271112515110751,5.290653228759766,126400,0.0,0.0
2016-09-19 00:00:00-04:00,5.305308647524686,5.310193942408779,5.2808831048789395,5.290653228759766,158300,0.0,0.0
2016-09-20 00:00:00-04:00,5.305305480957031,5.31019077292525,5.290650070939458,5.305305480957031,146100,0.0,0.0
2016-09-21 00:00:00-04:00,5.315078787065869,5.363930334106632,5.315078787065869,5.359045505523682,96900,0.0,0.0
2016-09-22 00:00:00-04:00,5.373701697461892,5.398127707446015,5.334620267842252,5.344390392303467,218900,0.0,0.0
2016-09-23 00:00:00-04:00,5.3346173295042645,5.354158033550952,5.315076625457577,5.3248467445373535,167600,0.0,0.0
2016-09-26 00:00:00-04:00,5.339502346435378,5.344387172779611,5.305305766703086,5.3150763511657715,117300,0.0,0.0
2016-09-27 00:00:00-04:00,5.3248496774936465,5.354160982652072,5.310194257858129,5.344390392303467,506000,0.0,0.0
2016-09-28 00:00:00-04:00,5.35415886144831,5.3834701549942245,5.339503447618955,5.378584861755371,281400,0.0,0.0
2016-09-29 00:00:00-04:00,5.3932392234513555,5.3932392234513555,5.368813227909409,5.383469104766846,241800,0.0,0.0
2016-09-30 00:00:00-04:00,5.398125364397491,5.4127807776718475,5.378584658069286,5.388354778289795,261700,0.0,0.0
2016-10-03 00:00:00-04:00,5.378584658069286,5.40301065745134,5.36881407196159,5.388354778289795,191300,0.0,0.0
2016-10-04 00:00:00-04:00,5.388353166611813,5.398123749797088,5.368812466128309,5.373697757720947,251100,0.0,0.0
2016-10-05 00:00:00-04:00,5.388353931165543,5.407894634421678,5.3785838124810335,5.383469104766846,217600,0.0,0.0
2016-10-06 00:00:00-04:00,5.339502346435378,5.354157757242298,5.3150763511657715,5.3150763511657715,264700,0.0,0.0
2016-10-07 00:00:00-04:00,5.3395026219877195,5.3395026219877195,5.315076625457577,5.3248467445373535,157400,0.0,0.0
2016-10-10 00:00:00-04:00,5.324847110461384,5.378584399697958,5.324847110461384,5.354158401489258,124600,0.0,0.0
2016-10-11 00:00:00-04:00,5.368812084197998,5.3785826666882075,5.339501268501401,5.368812084197998,248700,0.0,0.0
2016-10-12 00:00:00-04:00,5.37078178633863,5.390436961139746,5.360953964629906,5.37569522857666,186100,0.064,0.0
2016-10-13 00:00:00-04:00,5.370781629252087,5.385522892767683,5.351126455025852,5.3609538078308105,197500,0.0,0.0
2016-10-14 00:00:00-04:00,5.39043664932251,5.419919175510561,5.3855227387524,5.39043664932251,168900,0.0,0.0
2016-10-17 00:00:00-04:00,5.375692515915325,5.395347680798127,5.336382186149721,5.34621000289917,224000,0.0,0.0
2016-10-18 00:00:00-04:00,5.360952590900087,5.365866500495273,5.341297421135557,5.351125240325928,143700,0.0,0.0
2016-10-19 00:00:00-04:00,5.3707794656289325,5.405175889514133,5.351124299320799,5.395348072052002,153000,0.0,0.0
2016-10-20 00:00:00-04:00,5.405175246585781,5.405175246585781,5.36095101049878,5.380606174468994,94900,0.0,0.0
2016-10-21 00:00:00-04:00,5.375692501437309,5.415003299713135,5.346209988500557,5.415003299713135,220600,0.0,0.0
2016-10-24 00:00:00-04:00,5.419916739458531,5.439571904288397,5.405175482990154,5.415003299713135,196300,0.0,0.0
2016-10-25 00:00:00-04:00,5.434655337793306,5.473965644836426,5.419913621190267,5.473965644836426,313800,0.0,0.0
2016-10-26 00:00:00-04:00,5.473966867693061,5.50836327688582,5.464139054428886,5.483794212341309,243000,0.0,0.0
2016-10-27 00:00:00-04:00,5.513276775702499,5.518190213355212,5.478879900438138,5.503448963165283,451600,0.0,0.0
2016-10-28 00:00:00-04:00,5.493626215115891,5.493626215115891,5.429746786031254,5.444488048553467,191200,0.0,0.0
2016-10-31 00:00:00-04:00,5.429745579422312,5.488711085024017,5.429745579422312,5.478883266448975,243800,0.0,0.0
2016-11-01 00:00:00-04:00,5.454310688198255,5.498534433756235,5.454310688198255,5.464138031005859,241700,0.0,0.0
2016-11-02 00:00:00-04:00,5.434658873284398,5.444486222130401,5.395348072052002,5.395348072052002,307200,0.0,0.0
2016-11-03 00:00:00-04:00,5.39043300225074,5.4297433229823415,5.39043300225074,5.405174255371094,140300,0.0,0.0
2016-11-04 00:00:00-04:00,5.400261338439209,5.415003062878925,5.365864918645352,5.380606174468994,186700,0.0,0.0
2016-11-07 00:00:00-05:00,5.400262313826444,5.429745299414974,5.395348404792329,5.424831390380859,169500,0.0,0.0
2016-11-08 00:00:00-05:00,5.424832669841861,5.4837981863099365,5.415005318071983,5.454315662384033,225500,0.0,0.0
2016-11-09 00:00:00-05:00,5.415005420697887,5.459229207424877,5.316729089438947,5.44940185546875,256300,0.0,0.0
2016-11-10 00:00:00-05:00,5.466204413739267,5.466204413739267,5.382184962372358,5.387126922607422,246500,0.064,0.0
2016-11-11 00:00:00-05:00,5.387124661108067,5.535394246649835,5.387124661108067,5.515625,251200,0.0,0.0
2016-11-14 00:00:00-05:00,5.51068648787965,5.594705963702291,5.48597526550293,5.48597526550293,299300,0.0,0.0
2016-11-15 00:00:00-05:00,5.515627243922144,5.560108184814453,5.515627243922144,5.560108184814453,178500,0.0,0.0
2016-11-16 00:00:00-05:00,5.574932672269928,5.604586777552689,5.535394179450256,5.540336608886719,698200,0.0,0.0
2016-11-17 00:00:00-05:00,5.569991588592529,5.579875977681174,5.555164297955432,5.569991588592529,215800,0.0,0.0
2016-11-18 00:00:00-05:00,5.594704520359494,5.65401228716862,5.569993304357866,5.629301071166992,677600,0.0,0.0
2016-11-21 00:00:00-05:00,5.634244918823242,5.663899047828926,5.624360523378941,5.634244918823242,272900,0.0,0.0
2016-11-22 00:00:00-05:00,5.668838841316234,5.718261738194933,5.64906958829752,5.713319778442383,363500,0.0,0.0
2016-11-23 00:00:00-05:00,5.708376838449442,5.728146089705718,5.673780295248861,5.723203659057617,279700,0.0,0.0
2016-11-25 00:00:00-05:00,5.7429743162384925,5.752859179954586,5.723205060142549,5.733089923858643,1197200,0.0,0.0
2016-11-28 00:00:00-05:00,5.757800867192101,5.757800867192101,5.668839454650879,5.668839454650879,206300,0.0,0.0
2016-11-29 00:00:00-05:00,5.698493101719213,5.698493101719213,5.658954591403953,5.668839454650879,222800,0.0,0.0
2016-11-30 00:00:00-05:00,5.703435533342675,5.703435533342675,5.65401215978049,5.668839454650879,310700,0.0,0.0
2016-12-01 00:00:00-05:00,5.67872338299276,5.688608245432759,5.654011698228946,5.663896560668945,302000,0.0,0.0
2016-12-02 00:00:00-05:00,5.678723026344972,5.678723026344972,5.6243577003479,5.6243577003479,290100,0.0,0.0
2016-12-05 00:00:00-05:00,5.668841481219272,5.668841481219272,5.634244918823242,5.634244918823242,268300,0.0,0.0
2016-12-06 00:00:00-05:00,5.634242090830934,5.644126952650122,5.59470358622649,5.6243577003479,363400,0.0,0.0
2016-12-07 00:00:00-05:00,5.614474477663973,5.708378807016834,5.614474477663973,5.703436374664307,433200,0.0,0.0
2016-12-08 00:00:00-05:00,5.67872534833081,5.693552647122358,5.644129260489894,5.64907169342041,257000,0.0,0.0
2016-12-09 00:00:00-05:00,5.6737804276655055,5.683665289192405,5.644126785757088,5.678722858428955,240000,0.0,0.0
2016-12-12 00:00:00-05:00,5.683664870510599,5.703434120771974,5.654010759450483,5.6589531898498535,358000,0.0,0.0
2016-12-13 00:00:00-05:00,5.687789538266101,5.692761496246931,5.598296665371222,5.603268623352051,374100,0.068,0.0
2016-12-14 00:00:00-05:00,5.6032681033067115,5.7126483238212025,5.6032681033067115,5.697732925415039,461300,0.0,0.0
2016-12-15 00:00:00-05:00,5.69773444206444,5.7325372056601065,5.6877905243787685,5.717621803283691,286000,0.0,0.0
2016-12-16 00:00:00-05:00,5.682819597296813,5.7524251313179695,5.682819597296813,5.737509727478027,266800,0.0,0.0
2016-12-19 00:00:00-05:00,5.7275658290316285,5.757396634347278,5.7275658290316285,5.742481231689453,319000,0.0,0.0
2016-12-20 00:00:00-05:00,5.732537313816169,5.767340552220562,5.7275658290316285,5.742481231689453,300100,0.0,0.0
2016-12-21 00:00:00-05:00,5.752424675410635,5.762368593283919,5.737509272752811,5.742481231689453,250900,0.0,0.0
2016-12-22 00:00:00-05:00,5.757394674311708,5.762366631555707,5.717619964663595,5.732535362243652,320300,0.0,0.0
2016-12-23 00:00:00-05:00,5.742479369104822,5.782254079392749,5.742479369104822,5.75242280960083,271000,0.0,0.0
2016-12-27 00:00:00-05:00,5.767340552220562,5.792199398599569,5.742481231689453,5.742481231689453,283200,0.0,0.0
2016-12-28 00:00:00-05:00,5.77728464374682,5.787228562735113,5.752425320428244,5.782256603240967,240900,0.0,0.0
2016-12-29 00:00:00-05:00,5.767340465787246,5.782255868221538,5.692762505311596,5.722593784332275,426800,0.0,0.0
2016-12-30 00:00:00-05:00,5.757398309130414,5.802145004272461,5.742482902133812,5.802145004272461,574000,0.0,0.0
2017-01-03 00:00:00-05:00,5.807117003268706,5.831975857044258,5.787229635756919,5.812088489532471,371400,0.0,0.0
2017-01-04 00:00:00-05:00,5.836945357297362,5.841917315617783,5.787227196549288,5.797170639038086,264100,0.0,0.0
2017-01-05 00:00:00-05:00,5.747453298128767,5.797171465968831,5.732537421039848,5.767340660095215,505700,0.0,0.0
2017-01-06 00:00:00-05:00,5.76236843885137,5.831973965490511,5.757396480047977,5.817058563232422,447900,0.0,0.0
2017-01-09 00:00:00-05:00,5.827003253146263,5.886665344238281,5.827003253146263,5.886665344238281,250900,0.0,0.0
2017-01-10 00:00:00-05:00,5.886666968835665,5.946329076393182,5.886666968835665,5.936385154724121,220400,0.0,0.0
2017-01-11 00:00:00-05:00,5.945380373586179,5.95038033093288,5.915378245167706,5.935379505157471,351000,0.068,0.0
2017-01-12 00:00:00-05:00,5.935382379059295,5.955383648733639,5.915381109384951,5.920381546020508,316200,0.0,0.0
2017-01-13 00:00:00-05:00,5.940384218087705,5.965385930299956,5.935383780271656,5.950384616851807,167800,0.0,0.0
2017-01-17 00:00:00-05:00,5.955385054667857,5.960385492483907,5.925383381507554,5.950384616851807,263100,0.0,0.0
2017-01-18 00:00:00-05:00,5.92038061340856,5.9403818799321915,5.870377208665578,5.890378475189209,557800,0.0,0.0
2017-01-19 00:00:00-05:00,5.86037932154115,5.910382270812988,5.86037932154115,5.910382270812988,353000,0.0,0.0
2017-01-20 00:00:00-05:00,5.930380655845566,5.9403815269470215,5.915379826061164,5.9403815269470215,408700,0.0,0.0
2017-01-23 00:00:00-05:00,5.940384575808881,5.9453850139260505,5.8903811483732476,5.9153828620910645,397100,0.0,0.0
2017-01-24 00:00:00-05:00,5.925382556775652,5.990386331864675,5.91038124541548,5.985386371612549,390000,0.0,0.0
2017-01-25 00:00:00-05:00,6.00039005279541,6.010390931780118,5.975388332201798,6.00039005279541,308100,0.0,0.0
2017-01-26 00:00:00-05:00,6.000387637755917,6.035389746378411,6.000387637755917,6.030389785766602,275400,0.0,0.0
2017-01-27 00:00:00-05:00,6.025387111768086,6.065389643022112,6.025387111768086,6.050388813018799,313600,0.0,0.0
2017-01-30 00:00:00-05:00,6.0603906672633805,6.070391540919855,6.015387689545054,6.020388126373291,289400,0.0,0.0
2017-01-31 00:00:00-05:00,6.030387722909134,6.060389383788972,6.010386456699973,6.025387287139893,260000,0.0,0.0
2017-02-01 00:00:00-05:00,6.040387594508047,6.110392258611902,6.03038720070336,6.100391387939453,237500,0.0,0.0
2017-02-02 00:00:00-05:00,6.1203961548027515,6.140397430725582,6.105395317077637,6.105395317077637,268600,0.0,0.0
2017-02-03 00:00:00-05:00,6.1053948238870355,6.170399084602235,6.1053948238870355,6.120395660400391,301600,0.0,0.0
2017-02-06 00:00:00-05:00,6.130394347525493,6.135394783534193,6.03038801169062,6.065390110015869,473500,0.0,0.0
2017-02-07 00:00:00-05:00,6.075392152597139,6.075392152597139,5.980386227008716,6.010388374328613,355500,0.0,0.0
2017-02-08 00:00:00-05:00,6.0103882647323665,6.015388225137882,5.95038397118672,5.960384845733643,396200,0.0,0.0
2017-02-09 00:00:00-05:00,5.960382773065413,5.99038443253749,5.9503819019962005,5.970383167266846,377300,0.0,0.0
2017-02-10 00:00:00-05:00,6.0053866388804895,6.04538917541504,5.990385330029145,6.045389175415039,235500,0.0,0.0
2017-02-13 00:00:00-05:00,6.059472043622228,6.069529009099203,5.979014401544932,5.984042644500732,403800,0.068,0.0
2017-02-14 00:00:00-05:00,6.009183472113047,6.084612842296003,5.999126510494434,6.079584121704102,407100,0.0,0.0
2017-02-15 00:00:00-05:00,6.084614262538934,6.089642504739315,6.03935672577839,6.064499855041504,357900,0.0,0.0
2017-02-16 00:00:00-05:00,6.079586490446437,6.084615212997641,6.02930022406515,6.04941463470459,267300,0.0,0.0
2017-02-17 00:00:00-05:00,6.04941654847993,6.129874216491035,6.04941654847993,6.0846171379089355,215400,0.0,0.0
2017-02-21 00:00:00-05:00,6.094669761330351,6.099698481887117,6.034326553344727,6.034326553344727,301300,0.0,0.0
2017-02-22 00:00:00-05:00,6.034327513645794,6.0644993622227386,6.034327513645794,6.044384956359863,166000,0.0,0.0
2017-02-23 00:00:00-05:00,6.049414634704589,6.074557767895233,6.044386391718763,6.04941463470459,207000,0.0,0.0
2017-02-24 00:00:00-05:00,6.044383994458258,6.064498397120133,6.024269112231195,6.034326553344727,194800,0.0,0.0
2017-02-27 00:00:00-05:00,6.0393571853637695,6.049414150095152,6.024271018918686,6.0393571853637695,274300,0.0,0.0
2017-02-28 00:00:00-05:00,6.0293006896972665,6.059472547769233,6.024271966757703,6.029300689697266,222400,0.0,0.0
2017-03-01 00:00:00-05:00,6.064498397120133,6.064498397120133,6.019240871239617,6.034326553344727,454200,0.0,0.0
2017-03-02 00:00:00-05:00,6.034329431828166,6.084615702252901,6.024271985917053,6.0695295333862305,347500,0.0,0.0
2017-03-03 00:00:00-05:00,6.049412254616511,6.074555377914814,6.044384013609002,6.054440975189209,167600,0.0,0.0
2017-03-06 00:00:00-05:00,6.059469275669892,6.109755039215088,6.054440555445826,6.109755039215088,330500,0.0,0.0
2017-03-07 00:00:00-05:00,6.089641064185834,6.094669784761933,6.059469699859618,6.059469699859619,191800,0.0,0.0
2017-03-08 00:00:00-05:00,6.04941512112942,6.079586979297344,6.04941512112942,6.0695295333862305,210500,0.0,0.0
2017-03-09 00:00:00-05:00,6.03432795483424,6.044385398283641,5.903584067383827,5.994099140167236,511400,0.0,0.0
2017-03-10 00:00:00-05:00,5.994100089543081,6.004157055020056,5.968956956502582,5.984042644500732,139300,0.0,0.0
2017-03-13 00:00:00-04:00,5.967858602579984,6.0133762446285735,5.962800979614258,5.962800979614258,160300,0.068,0.0
2017-03-14 00:00:00-04:00,5.962800808593651,5.9830308175548605,5.659350191854049,5.755443096160889,1512800,0.0,0.0
2017-03-15 00:00:00-04:00,5.795903313169079,5.8414209554756695,5.629005612925901,5.709925651550293,3594300,0.0,0.0
2017-03-16 00:00:00-04:00,5.6745226855511195,5.720040323288065,5.639119810466036,5.6947526931762695,1285500,0.0,0.0
2017-03-17 00:00:00-04:00,5.699809371139642,5.8110741534794155,5.694751749491103,5.745326519012451,588800,0.0,0.0
2017-03-20 00:00:00-04:00,5.765559661796355,5.967860296969145,5.765559661796355,5.790847301483154,548200,0.0,0.0
2017-03-21 00:00:00-04:00,5.816133520338271,5.816133520338271,5.684638211947378,5.689695835113525,536800,0.0,0.0
2017-03-22 00:00:00-04:00,5.694751741788637,5.73521175027953,5.694751741788637,5.720039367675781,217600,0.0,0.0
2017-03-23 00:00:00-04:00,5.720039564497875,5.765556713875329,5.69980955955633,5.750384330749512,318200,0.0,0.0
2017-03-24 00:00:00-04:00,5.750382345529208,5.795899961513854,5.750382345529208,5.785784721374512,289700,0.0,0.0
2017-03-27 00:00:00-04:00,5.76555709405146,5.780729960499127,5.745327087775965,5.760499954223633,286800,0.0,0.0
2017-03-28 00:00:00-04:00,5.760499100209269,5.7908438639630955,5.740269096932943,5.775671482086182,375300,0.0,0.0
2017-03-29 00:00:00-04:00,5.790843491908677,5.83636111693629,5.790843491908677,5.816131114959717,536400,0.0,0.0
2017-03-30 00:00:00-04:00,5.8262460642861695,5.846476065245999,5.790843200865516,5.795900821685791,389500,0.0,0.0
2017-03-31 00:00:00-04:00,5.81107320820796,5.826246070685449,5.800958448877569,5.821188449859619,301900,0.0,0.0
2017-04-03 00:00:00-04:00,5.831306741024295,5.841421988802433,5.81107672778958,5.826249599456787,324500,0.0,0.0
2017-04-04 00:00:00-04:00,5.800959110260011,5.816131492146073,5.770613864166561,5.80095911026001,274200,0.0,0.0
2017-04-05 00:00:00-04:00,5.806016249341148,5.826246734950997,5.800959110260011,5.80095911026001,259000,0.0,0.0
2017-04-06 00:00:00-04:00,5.83130550918506,5.83130550918506,5.755443096160889,5.755443096160889,271000,0.0,0.0
2017-04-07 00:00:00-04:00,5.770616343210215,5.790846355189507,5.755443954806129,5.76555871963501,206300,0.0,0.0
2017-04-10 00:00:00-04:00,5.77567111100657,5.821188736034183,5.77567111100657,5.816131114959717,248200,0.0,0.0
2017-04-11 00:00:00-04:00,5.825292176809461,5.865992870038569,5.804941830194908,5.860905647277832,227000,0.068,0.0
2017-04-12 00:00:00-04:00,5.855818351948325,5.871080991687066,5.825292587280273,5.825292587280273,210600,0.0,0.0
2017-04-13 00:00:00-04:00,5.840550899505615,5.855814013125833,5.825288271075607,5.840550899505615,158800,0.0,0.0
2017-04-17 00:00:00-04:00,5.845638604045688,5.871076641555842,5.8100256426455985,5.840550899505615,187800,0.0,0.0
2017-04-18 00:00:00-04:00,5.840550899505615,5.845638604045688,5.820200566535534,5.840550899505615,124800,0.0,0.0
2017-04-19 00:00:00-04:00,5.855813130394149,5.89651379019891,5.85072542662102,5.891426086425781,266500,0.0,0.0
2017-04-20 00:00:00-04:00,5.891428763397822,5.932129441696327,5.876166130333472,5.901604175567627,236900,0.0,0.0
2017-04-21 00:00:00-04:00,5.87616491317749,5.901602953142552,5.860902283274556,5.87616491317749,217100,0.0,0.0
2017-04-24 00:00:00-04:00,5.937216639898675,5.952479271657426,5.8914282594321055,5.916866302490234,334200,0.0,0.0
2017-04-25 00:00:00-04:00,5.9372135988365216,5.967738846718882,5.911775568807843,5.927038192749023,342100,0.0,0.0
2017-04-26 00:00:00-04:00,5.932128934248985,5.937216639898675,5.906690891190856,5.916866302490234,206200,0.0,0.0
2017-04-27 00:00:00-04:00,5.9321304822621554,5.937218189239502,5.911780139543212,5.937218189239502,127700,0.0,0.0
2017-04-28 00:00:00-04:00,5.937214999613323,5.942302703857423,5.916864667827106,5.942302703857422,240500,0.0,0.0
2017-05-01 00:00:00-04:00,5.942307624603293,5.9575702647841995,5.93721991614613,5.947394847869873,287100,0.0,0.0
2017-05-02 00:00:00-04:00,5.9626530118409775,5.967740230874588,5.937214975912209,5.9575653076171875,174000,0.0,0.0
2017-05-03 00:00:00-04:00,5.957569047356676,5.988094806671142,5.947393632521693,5.988094806671143,170000,0.0,0.0
2017-05-04 00:00:00-04:00,5.988096030336595,5.993183253603175,5.942307624603293,5.947394847869873,171800,0.0,0.0
2017-05-05 00:00:00-04:00,5.962654745734624,5.972829671950813,5.932128996705416,5.967741966247559,171400,0.0,0.0
2017-05-08 00:00:00-04:00,5.967743687373939,5.983006808885662,5.906692656898427,5.977919101715088,183300,0.0,0.0
2017-05-09 00:00:00-04:00,5.977918932711783,6.069495718431289,5.967743518658306,6.054232597351074,1141800,0.0,0.0
2017-05-10 00:00:00-04:00,6.054229825471444,6.094930492669992,6.054229825471444,6.089843273162842,462700,0.0,0.0
2017-05-11 00:00:00-04:00,6.104169305353916,6.11440236116797,6.063236106173251,6.073469161987305,290400,0.068,0.0
2017-05-12 00:00:00-04:00,6.088821068187857,6.099054615457491,6.078588008880615,6.078588008880615,248100,0.0,0.0
2017-05-15 00:00:00-04:00,6.0939357615776375,6.099052533465777,6.063236106173251,6.073469161987305,168200,0.0,0.0
2017-05-16 00:00:00-04:00,6.088821068187857,6.088821068187857,6.063238175938557,6.078588008880615,160000,0.0,0.0
2017-05-17 00:00:00-04:00,6.083705943845881,6.083705943845881,5.9762561168153825,6.012072563171387,360700,0.0,0.0
2017-05-18 00:00:00-04:00,6.012070237909029,6.0785868182456255,5.98137009007587,6.0427703857421875,191800,0.0,0.0
2017-05-19 00:00:00-04:00,6.058120893878347,6.083704271942963,6.037654289019123,6.06323766708374,152700,0.0,0.0
2017-05-22 00:00:00-04:00,6.088818717994721,6.09905226131436,6.0632358356200315,6.093935489654541,159200,0.0,0.0
2017-05-23 00:00:00-04:00,6.099054844825405,6.114404678344727,6.073471463651596,6.114404678344727,219300,0.0,0.0
2017-05-24 00:00:00-04:00,6.114406300583946,6.139989688545393,6.088822912622499,6.134872913360596,331100,0.0,0.0
2017-05-25 00:00:00-04:00,6.13998940414697,6.155339241027832,6.129755854251384,6.155339241027832,246700,0.0,0.0
2017-05-26 00:00:00-04:00,6.155338110691743,6.160454884699917,6.139988276629649,6.150221824645996,182500,0.0,0.0
2017-05-30 00:00:00-04:00,6.155337300761819,6.155337300761819,6.129753922049682,6.139987468719482,271400,0.0,0.0
2017-05-31 00:00:00-04:00,6.139988059518536,6.155337893037857,6.114404678344727,6.114404678344727,234100,0.0,0.0
2017-06-01 00:00:00-04:00,6.129753922049682,6.139987468719482,6.114404090007345,6.139987468719482,226600,0.0,0.0
2017-06-02 00:00:00-04:00,6.139988059518536,6.139988059518536,6.114404678344727,6.114404678344727,215100,0.0,0.0
2017-06-05 00:00:00-04:00,6.124636650085449,6.139986479655148,6.119519877574788,6.124636650085449,303000,0.0,0.0
2017-06-06 00:00:00-04:00,6.129755514782365,6.150222613440058,6.12463922808043,6.145105838775635,182700,0.0,0.0
2017-06-07 00:00:00-04:00,6.145101586791162,6.160451412200928,6.129751273419244,6.160451412200928,178600,0.0,0.0
2017-06-08 00:00:00-04:00,6.160454884699917,6.160454884699917,6.124638442567554,6.150221824645996,225500,0.0,0.0
2017-06-09 00:00:00-04:00,6.150223238914988,6.150223238914988,6.129756138175798,6.134872913360596,151800,0.0,0.0
2017-06-12 00:00:00-04:00,6.139989064111211,6.150222613440058,6.119522453416007,6.145105838775635,252700,0.0,0.0
2017-06-13 00:00:00-04:00,6.159512762339797,6.174949999932165,6.149220943450928,6.149220943450928,120400,0.068,0.0
2017-06-14 00:00:00-04:00,6.149220943450928,6.164658181043296,6.1389296153029935,6.149220943450928,199600,0.0,0.0
2017-06-15 00:00:00-04:00,6.154367217689811,6.180096275696115,6.138929979182414,6.164658546447754,151000,0.0,0.0
2017-06-16 00:00:00-04:00,6.164660092530521,6.169806003570557,6.144076939111462,6.169806003570557,142300,0.0,0.0
2017-06-19 00:00:00-04:00,6.169804682212179,6.169804682212179,6.128638384190457,6.133784294128418,219000,0.0,0.0
2017-06-20 00:00:00-04:00,6.144075627017205,6.159513356840519,6.128638387934873,6.154367446899414,254100,0.0,0.0
2017-06-21 00:00:00-04:00,6.149219729710816,6.1595115465682735,6.118345260620116,6.118345260620117,207100,0.0,0.0
2017-06-22 00:00:00-04:00,6.118346568652654,6.123491987440576,6.077180273903614,6.092617511749268,174000,0.0,0.0
2017-06-23 00:00:00-04:00,6.087471602220402,6.102908840066056,6.072034364374748,6.092617511749268,152200,0.0,0.0
2017-06-26 00:00:00-04:00,6.102909797522215,6.11320161819458,6.082326646918503,6.11320161819458,229200,0.0,0.0
2017-06-27 00:00:00-04:00,6.1132006591237875,6.1132006591237875,6.072034364374748,6.092617511749268,130400,0.0,0.0
2017-06-28 00:00:00-04:00,6.102909797522215,6.11320161819458,6.092618467590869,6.11320161819458,171000,0.0,0.0
2017-06-29 00:00:00-04:00,6.113201254546988,6.113201254546988,6.077180865818443,6.097764015197754,202100,0.0,0.0
2017-06-30 00:00:00-04:00,6.102909434486838,6.108055344516913,6.097764015197754,6.097764015197754,121500,0.0,0.0
2017-07-03 00:00:00-04:00,6.102909797522215,6.11320161819458,6.087472557254686,6.11320161819458,112700,0.0,0.0
2017-07-05 00:00:00-04:00,6.11320161819458,6.11320161819458,6.07718122732334,6.11320161819458,142300,0.0,0.0
2017-07-06 00:00:00-04:00,6.113203414661701,6.113203414661701,6.056599856552847,6.087474346160889,121600,0.0,0.0
2017-07-07 00:00:00-04:00,6.087471602220402,6.097763421278134,6.0668884548458815,6.092617511749268,115400,0.0,0.0
2017-07-10 00:00:00-04:00,6.092618105167678,6.102909434486838,6.092618105167678,6.097764015197754,278700,0.0,0.0
2017-07-11 00:00:00-04:00,6.097764373574115,6.097764373574115,6.061743491987569,6.072035312652588,203700,0.0,0.0
2017-07-12 00:00:00-04:00,6.081352710723877,6.096879430504758,6.065825990942996,6.081352710723877,154900,0.068,0.0
2017-07-13 00:00:00-04:00,6.076176790489838,6.08135252812323,6.060650071175168,6.071001052856445,139700,0.0,0.0
2017-07-14 00:00:00-04:00,6.070996870428794,6.10205078125,6.045119187260484,6.10205078125,168500,0.0,0.0
2017-07-17 00:00:00-04:00,6.102055168293559,6.102055168293559,6.055474515365394,6.081352710723877,121200,0.0,0.0
2017-07-18 00:00:00-04:00,6.071000137006899,6.102054064537062,6.060649156887133,6.086527347564697,107900,0.0,0.0
2017-07-19 00:00:00-04:00,6.086524857712478,6.14345645904541,6.086524857712478,6.14345645904541,196500,0.0,0.0
2017-07-20 00:00:00-04:00,6.127933363652041,6.127933363652041,6.081352710723877,6.081352710723877,135000,0.0,0.0
2017-07-21 00:00:00-04:00,6.096873760223389,6.107225226173807,6.076171321907616,6.096873760223389,137400,0.0,0.0
2017-07-24 00:00:00-04:00,6.107226515317729,6.117577489868019,6.096875047182271,6.10205078125,117200,0.0,0.0
2017-07-25 00:00:00-04:00,6.107228523264852,6.1382819507107,6.107228523264852,6.133106708526611,209900,0.0,0.0
2017-07-26 00:00:00-04:00,6.143457686480118,6.143457686480118,6.122755236987776,6.133106708526611,102200,0.0,0.0
2017-07-27 00:00:00-04:00,6.12275341398902,6.133104882445793,6.107226704889045,6.112402439117432,155600,0.0,0.0
2017-07-28 00:00:00-04:00,6.107230239920548,6.14345941331932,6.102054502696304,6.1227569580078125,139100,0.0,0.0
2017-07-31 00:00:00-04:00,6.117581220783568,6.138283676095076,6.1124059771447925,6.1227569580078125,146400,0.0,0.0
2017-08-01 00:00:00-04:00,6.143457686480118,6.153809158018953,6.127930972757194,6.133106708526611,165300,0.0,0.0
2017-08-02 00:00:00-04:00,6.158982835927393,6.1848610146165415,6.0968755032245605,6.138280391693115,400400,0.0,0.0
2017-08-03 00:00:00-04:00,6.1486342877634925,6.164161003672039,6.1486342877634925,6.153810024261475,129700,0.0,0.0
2017-08-04 00:00:00-04:00,6.16933674017002,6.174512476668002,6.153810024261475,6.153810024261475,185400,0.0,0.0
2017-08-07 00:00:00-04:00,6.15380790623886,6.179685592651367,6.148632171522267,6.179685592651367,160400,0.0,0.0
2017-08-08 00:00:00-04:00,6.179687151922055,6.1848628879445995,6.153809458980038,6.174511909484863,175300,0.0,0.0
2017-08-09 00:00:00-04:00,6.174507902247185,6.174507902247185,6.1124005910401715,6.164156436920166,158700,0.0,0.0
2017-08-10 00:00:00-04:00,6.164158926980927,6.164158926980927,6.096875855930876,6.107227325439453,247200,0.0,0.0
2017-08-11 00:00:00-04:00,6.0593362695443735,6.12700932669584,5.996868946738285,6.080158710479736,322000,0.068,0.0
2017-08-14 00:00:00-04:00,6.116600036621094,6.137422484973015,6.100983324468736,6.116600036621094,112100,0.0,0.0
2017-08-15 00:00:00-04:00,6.132216748773453,6.137422484973015,6.116600036621094,6.116600036621094,141600,0.0,0.0
2017-08-16 00:00:00-04:00,6.158243868405892,6.158243868405892,6.116598978903525,6.121804714202881,147700,0.0,0.0
2017-08-17 00:00:00-04:00,6.142623626629407,6.142623626629407,6.116595461546401,6.132212162017822,105100,0.0,0.0
2017-08-18 00:00:00-04:00,6.1322169595550315,6.1322169595550315,6.0957777977982355,6.106188774108887,125900,0.0,0.0
2017-08-21 00:00:00-04:00,6.106184857628161,6.127007789786414,6.085362421915935,6.111390590667725,131300,0.0,0.0
2017-08-22 00:00:00-04:00,6.116598978903525,6.1270104495022375,6.116598978903525,6.121804714202881,154300,0.0,0.0
2017-08-23 00:00:00-04:00,6.116597159569996,6.147831065629614,6.111391425819043,6.142625331878662,125900,0.0,0.0
2017-08-24 00:00:00-04:00,6.142628221172577,6.147833957372139,6.116600036621094,6.116600036621094,103000,0.0,0.0
2017-08-25 00:00:00-04:00,6.127010822296143,6.132216061465965,6.11659935106395,6.127010822296143,135200,0.0,0.0
2017-08-28 00:00:00-04:00,6.142627532698158,6.142627532698158,6.111393615447854,6.127010822296143,162400,0.0,0.0
2017-08-29 00:00:00-04:00,6.132216748773453,6.142628221172577,6.111394300421532,6.116600036621094,130700,0.0,0.0
2017-08-30 00:00:00-04:00,6.111394510487385,6.116600246865882,6.0957777977982355,6.106188774108887,124700,0.0,0.0
2017-08-31 00:00:00-04:00,6.1270086270719,6.153036302934471,6.111391425819043,6.142625331878662,92900,0.0,0.0
2017-09-01 00:00:00-04:00,6.142627532698158,6.142627532698158,6.121805086680046,6.127010822296143,106800,0.0,0.0
2017-09-05 00:00:00-04:00,6.1478307198299476,6.1478307198299476,6.0801576742122885,6.085362911224365,138500,0.0,0.0
2017-09-06 00:00:00-04:00,6.090571852069611,6.116600036621094,6.080160876116815,6.116600036621094,146800,0.0,0.0
2017-09-07 00:00:00-04:00,6.1218020567468505,6.1218020567468505,6.095773887995061,6.111390590667725,80800,0.0,0.0
2017-09-08 00:00:00-04:00,6.106186389314326,6.132214564595067,6.080158710479735,6.080158710479736,100900,0.0,0.0
2017-09-11 00:00:00-04:00,6.121802795240898,6.179064376245674,6.1113913279058005,6.173858642578125,141700,0.0,0.0
2017-09-12 00:00:00-04:00,6.173858159707498,6.173858159707498,6.111390849920875,6.147830486297607,205500,0.0,0.0
2017-09-13 00:00:00-04:00,6.1478314754987595,6.1478314754987595,6.085363659214863,6.095775127410889,189100,0.0,0.0
2017-09-14 00:00:00-04:00,6.115672215298895,6.157560340114983,6.115672215298895,6.152324199676514,107000,0.068,0.0
2017-09-15 00:00:00-04:00,6.147089495698101,6.157561779022218,6.136617711719936,6.157561779022217,185500,0.0,0.0
2017-09-18 00:00:00-04:00,6.1627973903969275,6.1627973903969275,6.131381042473796,6.136617183685303,88000,0.0,0.0
2017-09-19 00:00:00-04:00,6.1470869776140304,6.1470869776140304,6.099962720651322,6.105198860168457,116800,0.0,0.0
2017-09-20 00:00:00-04:00,6.099962720651322,6.115671139202724,6.079018661928536,6.105198860168457,150800,0.0,0.0
2017-09-21 00:00:00-04:00,6.105198818954987,6.110434958436774,6.079018620891797,6.094727039337158,122400,0.0,0.0
2017-09-22 00:00:00-04:00,6.094727139950361,6.126142978668213,6.094727139950361,6.126142978668213,103300,0.0,0.0
2017-09-25 00:00:00-04:00,6.120906839099987,6.131379118236439,6.105198919741061,6.126142978668213,127700,0.0,0.0
2017-09-26 00:00:00-04:00,6.110434958436774,6.147086936117792,6.094727039337158,6.094727039337158,197600,0.0,0.0
2017-09-27 00:00:00-04:00,6.105198860168456,6.178503315371085,6.084254801445669,6.105198860168457,262000,0.0,0.0
2017-09-28 00:00:00-04:00,6.110436447590519,6.131380511276128,6.079020102389172,6.115672588348389,396500,0.0,0.0
2017-09-29 00:00:00-04:00,6.115671208119777,6.136615267078581,6.099962789391359,6.131379127502441,175700,0.0,0.0
2017-10-02 00:00:00-04:00,6.126143923884422,6.136616204636666,6.105199861725764,6.120907783508301,183900,0.0,0.0
2017-10-03 00:00:00-04:00,6.12614388435819,6.12614388435819,6.0947280409958156,6.110435962677002,208700,0.0,0.0
2017-10-04 00:00:00-04:00,6.105199328089835,6.11567160792673,6.094727547598726,6.099963188171387,109900,0.0,0.0
2017-10-05 00:00:00-04:00,6.110434958436774,6.120906738054603,6.084254760373584,6.094727039337158,140300,0.0,0.0
2017-10-06 00:00:00-04:00,6.115671208119777,6.131379127502441,6.105198928967498,6.131379127502441,210100,0.0,0.0
2017-10-09 00:00:00-04:00,6.1366166520339975,6.1366166520339975,6.10520030683265,6.115672588348389,115600,0.0,0.0
2017-10-10 00:00:00-04:00,6.115673118185185,6.1418528255509,6.105200835762172,6.136617183685303,109300,0.0,0.0
2017-10-11 00:00:00-04:00,6.1313815700578775,6.157561779022218,6.1261454283958185,6.157561779022217,158600,0.0,0.0
2017-10-12 00:00:00-04:00,6.17757327632599,6.182839870452881,6.151241310191656,6.182839870452881,117200,0.068,0.0
2017-10-13 00:00:00-04:00,6.198640223546801,6.198640223546801,6.140708687317324,6.156507968902588,147500,0.0,0.0
2017-10-16 00:00:00-04:00,6.177572716639125,6.188105903938602,6.140707565590985,6.145974159240723,200700,0.0,0.0
2017-10-17 00:00:00-04:00,6.1512424222553905,6.161775110163283,6.124909949110432,6.130176544189453,137500,0.0,0.0
2017-10-18 00:00:00-04:00,6.135442565562324,6.145975755597695,6.093310809921135,6.1249098777771,215200,0.0,0.0
2017-10-19 00:00:00-04:00,6.135441780090332,6.1617742495574745,6.119642499310079,6.135441780090332,168700,0.0,0.0
2017-10-20 00:00:00-04:00,6.145972331673091,6.156505013590554,6.114373281420975,6.119639873504639,144800,0.0,0.0
2017-10-23 00:00:00-04:00,6.114376196133348,6.188107013702393,6.114376196133348,6.188107013702393,129000,0.0,0.0
2017-10-24 00:00:00-04:00,6.198639888603315,6.198639888603315,6.130175669099828,6.167040824890137,188900,0.0,0.0
2017-10-25 00:00:00-04:00,6.1459732155631706,6.156505898995403,6.114374160766601,6.114374160766602,97200,0.0,0.0
2017-10-26 00:00:00-04:00,6.119644195160776,6.145976671925066,6.0090481945509335,6.056446552276611,255800,0.0,0.0
2017-10-27 00:00:00-04:00,6.0617122443153155,6.1249098777771,6.056445649297631,6.1249098777771,96500,0.0,0.0
2017-10-30 00:00:00-04:00,6.093310880886451,6.135442637018325,6.093310880886451,6.130176544189453,89500,0.0,0.0
2017-10-31 00:00:00-04:00,6.135442565562324,6.135442565562324,6.093310809921135,6.1249098777771,162500,0.0,0.0
2017-11-01 00:00:00-04:00,6.130174880541523,6.1459741592407235,6.109109008192583,6.145974159240723,165000,0.0,0.0
2017-11-02 00:00:00-04:00,6.161775110163283,6.167041705242306,6.098577475965473,6.130176544189453,153300,0.0,0.0
2017-11-03 00:00:00-04:00,6.124905817223244,6.124905817223244,6.03537577027782,6.045908451080322,217800,0.0,0.0
2017-11-06 00:00:00-05:00,6.051175742883266,6.06170892715454,6.0353764687262235,6.061708927154541,186000,0.0,0.0
2017-11-07 00:00:00-05:00,6.045913428394994,6.093311786651611,6.045913428394994,6.093311786651611,151900,0.0,0.0
2017-11-08 00:00:00-05:00,6.07751060282844,6.093309883228538,5.998513698577881,5.998513698577881,205900,0.0,0.0
2017-11-09 00:00:00-05:00,5.998513473046459,5.998513473046459,5.935315851572095,5.951115131378174,238800,0.0,0.0
2017-11-10 00:00:00-05:00,5.987980778809822,5.987980778809822,5.840519649875876,5.887917995452881,388600,0.0,0.0
2017-11-13 00:00:00-05:00,5.88791750990381,5.966914411184252,5.835252574216815,5.951115131378174,464200,0.0,0.0
2017-11-14 00:00:00-05:00,5.9553543809957326,5.9553543809957326,5.706331914194364,5.748718738555908,716600,0.068,0.0
2017-11-15 00:00:00-05:00,5.7010317831682,5.7275236670418455,5.648048015420911,5.722225189208984,542900,0.0,0.0
2017-11-16 00:00:00-05:00,5.764610936340469,5.822892665863037,5.748716011068963,5.822892665863037,258400,0.0,0.0
2017-11-17 00:00:00-05:00,5.822895796484497,5.859984649112548,5.812299342369936,5.833492755889893,229000,0.0,0.0
2017-11-20 00:00:00-05:00,5.833492828527212,5.84938776254239,5.780509041422161,5.817597389221191,175900,0.0,0.0
2017-11-21 00:00:00-05:00,5.817594601331277,5.828191555790384,5.780506271305603,5.785804748535156,238200,0.0,0.0
2017-11-22 00:00:00-05:00,5.775207794076049,5.8069981521627705,5.764611344907543,5.785804748535156,136800,0.0,0.0
2017-11-24 00:00:00-05:00,5.8070009349746865,5.828194348758538,5.785807521190835,5.817597389221191,84600,0.0,0.0
2017-11-27 00:00:00-05:00,5.817595285445226,5.833490719003093,5.769910500643603,5.775208473205566,160300,0.0,0.0
2017-11-28 00:00:00-05:00,5.775209181655938,5.801701068878175,5.764612729941475,5.801701068878174,167000,0.0,0.0
2017-11-29 00:00:00-05:00,5.796404452709683,5.796404452709683,5.727526231208906,5.764614582061768,301700,0.0,0.0
2017-11-30 00:00:00-05:00,5.780506134033202,5.801699537157527,5.74871628199201,5.780506134033203,252000,0.0,0.0
2017-12-01 00:00:00-05:00,5.764611344907543,5.796401197703664,5.743417941279929,5.785804748535156,259300,0.0,0.0
2017-12-04 00:00:00-05:00,5.833489619571084,5.833489619571084,5.801699263737507,5.822892665863037,203800,0.0,0.0
2017-12-05 00:00:00-05:00,5.8281923905371125,5.891772610526273,5.817595434560249,5.886474132537842,250000,0.0,0.0
2017-12-06 00:00:00-05:00,5.8864742689285965,5.907667676082705,5.881176296108082,5.891772747039795,257900,0.0,0.0
2017-12-07 00:00:00-05:00,5.891774155191116,5.94475793838501,5.891774155191116,5.94475793838501,298000,0.0,0.0
2017-12-08 00:00:00-05:00,5.98714503819135,6.008338451385498,5.960653145375958,6.008338451385498,292200,0.0,0.0
2017-12-11 00:00:00-05:00,5.992441654205322,6.008336582835016,5.960651291655266,5.992441654205322,235400,0.0,0.0
2017-12-12 00:00:00-05:00,5.976548673335138,5.981847153483333,5.897073492275737,5.92356538772583,261600,0.0,0.0
2017-12-13 00:00:00-05:00,5.9129683823094314,5.944758757665137,5.897073447277016,5.939460277557373,174700,0.0,0.0
2017-12-14 00:00:00-05:00,5.959714462606114,5.959714462606114,5.890415398113665,5.927730083465576,217500,0.068,0.0
2017-12-15 00:00:00-05:00,5.917070388793945,5.933062328031344,5.890416817815226,5.917070388793945,275400,0.0,0.0
2017-12-18 00:00:00-05:00,5.927728878880264,5.93839050588536,5.890414201111141,5.9330596923828125,446900,0.0,0.0
2017-12-19 00:00:00-05:00,5.917067760249524,5.943720811013552,5.879752574106044,5.9330596923828125,368900,0.0,0.0
2017-12-20 00:00:00-05:00,5.922399039237579,5.938391482374969,5.9010762900955,5.91173791885376,197400,0.0,0.0
2017-12-21 00:00:00-05:00,5.911738897998413,5.922400020148004,5.885085330062649,5.890416145324707,395400,0.0,0.0
2017-12-22 00:00:00-05:00,5.8690924205696025,5.943721788379658,5.8690924205696025,5.91173791885376,224400,0.0,0.0
2017-12-26 00:00:00-05:00,5.901075319741881,5.943720811013552,5.879752574106044,5.9330596923828125,301600,0.0,0.0
2017-12-27 00:00:00-05:00,5.922399268879743,5.954383648020282,5.9170689626683695,5.927730083465576,216200,0.0,0.0
2017-12-28 00:00:00-05:00,5.954384806084398,5.970376744577698,5.933062051968478,5.965045928955078,253300,0.0,0.0
2017-12-29 00:00:00-05:00,5.965047803727858,5.981040255622032,5.933063916688945,5.975709438323975,453900,0.0,0.0
2018-01-02 00:00:00-05:00,5.970376014709473,6.002360396160596,5.965045199738536,5.970376014709473,227000,0.0,0.0
2018-01-03 00:00:00-05:00,6.007690910673573,6.018352031707764,5.98103734552639,6.018352031707764,149400,0.0,0.0
2018-01-04 00:00:00-05:00,6.023684785580635,6.034345910046897,5.9863695790121305,5.997031211853027,209500,0.0,0.0
2018-01-05 00:00:00-05:00,6.0023630164395465,6.0023630164395465,5.970378621025916,5.975709438323975,231200,0.0,0.0
2018-01-08 00:00:00-05:00,5.986370375552536,5.991701192682298,5.933063729379028,5.938394546508789,170400,0.0,0.0
2018-01-09 00:00:00-05:00,5.943724855263849,5.954386489523372,5.927732912249266,5.938394546508789,230100,0.0,0.0
2018-01-10 00:00:00-05:00,5.938394834060652,5.938394834060652,5.911741255495914,5.922402381896973,212300,0.0,0.0
2018-01-11 00:00:00-05:00,5.937418397259897,5.964236108237295,5.9320552642686515,5.953509330749512,176000,0.068,0.0
2018-01-12 00:00:00-05:00,5.953509330749512,5.964236108237295,5.948145686252974,5.953509330749512,99700,0.0,0.0
2018-01-16 00:00:00-05:00,5.958870530953653,6.012505935511559,5.953507399701964,5.969597816467285,233700,0.0,0.0
2018-01-17 00:00:00-05:00,5.996416177520228,5.996416177520228,5.958871185602902,5.964234828948975,134400,0.0,0.0
2018-01-18 00:00:00-05:00,5.974962528259535,5.974962528259535,5.91596347038875,5.921327114105225,176700,0.0,0.0
2018-01-19 00:00:00-05:00,5.921326005639662,5.926689648352069,5.905235589007564,5.910599231719971,116300,0.0,0.0
2018-01-22 00:00:00-05:00,5.926690348536831,5.98032524748201,5.921326705190759,5.964234828948975,199700,0.0,0.0
2018-01-23 00:00:00-05:00,5.969600465868324,5.996418180049393,5.953510041961824,5.991054534912109,126200,0.0,0.0
2018-01-24 00:00:00-05:00,5.985692613252901,6.012510335155676,5.985692613252901,5.996419906616211,153200,0.0,0.0
2018-01-25 00:00:00-05:00,5.996417586345549,6.012508008658941,5.974963519425926,5.9803266525268555,164700,0.0,0.0
2018-01-26 00:00:00-05:00,5.980327752770484,5.985691398363503,5.969600973089841,5.974964618682861,125100,0.0,0.0
2018-01-29 00:00:00-05:00,5.9856912002489455,5.9964184910799325,5.937419414520264,5.937419414520264,185000,0.0,0.0
2018-01-30 00:00:00-05:00,5.9213278877177835,5.942781953881405,5.894510177136935,5.92669153213501,243900,0.0,0.0
2018-01-31 00:00:00-05:00,5.926690373911606,5.953508079251605,5.926690373911606,5.948144435882568,515000,0.0,0.0
2018-02-01 00:00:00-05:00,5.948145598298632,5.9642360200450275,5.915964243300557,5.92669153213501,205200,0.0,0.0
2018-02-02 00:00:00-05:00,5.915965621957795,5.942783338788248,5.883784770965576,5.883784770965576,241200,0.0,0.0
2018-02-05 00:00:00-05:00,5.873057875769644,5.937420093600725,5.8462401571303335,5.856967449188232,361000,0.0,0.0
2018-02-06 00:00:00-05:00,5.7926011410040665,5.899871428308663,5.787237498762567,5.867690086364746,222400,0.0,0.0
2018-02-07 00:00:00-05:00,5.88378280948568,5.9213272936288455,5.87841916560659,5.915963649749756,108000,0.0,0.0
2018-02-08 00:00:00-05:00,5.915966947872295,5.92669424161089,5.873058795928956,5.873058795928955,121700,0.0,0.0
2018-02-09 00:00:00-05:00,5.883781013089243,5.899871428308663,5.797964783245566,5.867690086364746,161500,0.0,0.0
2018-02-12 00:00:00-05:00,5.894510239111673,5.894510239111673,5.830148039944105,5.835511684417725,224700,0.0,0.0
2018-02-13 00:00:00-05:00,5.8676902871378775,5.878417571987928,5.835509455597914,5.846236228942871,359300,0.0,0.0
2018-02-14 00:00:00-05:00,5.861351549848319,5.899132251739503,5.839762797931834,5.899132251739502,134100,0.068,0.0
2018-02-15 00:00:00-05:00,5.920719619168109,5.920719619168109,5.8667474946393945,5.915322303771973,341900,0.0,0.0
2018-02-16 00:00:00-05:00,5.899132777075278,5.936912967614456,5.877544023236249,5.920721530914307,265600,0.0,0.0
2018-02-20 00:00:00-05:00,5.909924104615735,5.953101591895487,5.899129990153922,5.947704792022705,167700,0.0,0.0
2018-02-21 00:00:00-05:00,5.953100625182535,5.963895252607678,5.9315118850484145,5.936909198760986,113900,0.0,0.0
2018-02-22 00:00:00-05:00,5.953102592950638,5.990883286710692,5.936911161177093,5.958499908447266,277700,0.0,0.0
2018-02-23 00:00:00-05:00,5.969294056997642,5.97469085734176,5.942307996411877,5.953102111816406,157400,0.0,0.0
2018-02-26 00:00:00-05:00,5.969292080326021,5.969292080326021,5.909922663753669,5.931511402130127,391900,0.0,0.0
2018-02-27 00:00:00-05:00,5.936911575105243,5.942308890978177,5.909925510456945,5.926116943359375,285700,0.0,0.0
2018-02-28 00:00:00-05:00,5.931512848255611,5.947704792022705,5.909924104615735,5.947704792022705,571000,0.0,0.0
2018-03-01 00:00:00-05:00,5.947705311472289,5.969294056997642,5.931513366291053,5.953102111816406,328600,0.0,0.0
2018-03-02 00:00:00-05:00,5.947707550270338,5.958501669737921,5.888338091690923,5.893735408782959,328300,0.0,0.0
2018-03-05 00:00:00-05:00,5.882940774598888,5.893735408782959,5.87754397222334,5.893735408782959,159600,0.0,0.0
2018-03-06 00:00:00-05:00,5.882940301764804,5.93691243891424,5.882940301764804,5.899132251739502,230300,0.0,0.0
2018-03-07 00:00:00-05:00,5.893735408782959,5.899132725874995,5.855955218571686,5.893735408782959,151000,0.0,0.0
2018-03-08 00:00:00-05:00,5.888338142797517,5.920721530914307,5.888338142797517,5.920721530914307,126800,0.0,0.0
2018-03-09 00:00:00-05:00,5.936911575105243,5.953103008007673,5.920720142202812,5.926116943359375,157600,0.0,0.0
2018-03-12 00:00:00-04:00,5.9315142592323085,5.936911575105243,5.909925510456945,5.926116943359375,98400,0.0,0.0
2018-03-13 00:00:00-04:00,5.942308890978177,5.942308890978177,5.915322826329879,5.926116943359375,119500,0.0,0.0
2018-03-14 00:00:00-04:00,5.938058941228024,5.943486907480655,5.905492178990946,5.932631492614746,154700,0.062,0.0
2018-03-15 00:00:00-04:00,5.9380564577672,5.9380564577672,5.894633781185436,5.916345119476318,117700,0.0,0.0
2018-03-16 00:00:00-04:00,5.921773083458823,5.921773083458823,5.900061745167941,5.916345119476318,92000,0.0,0.0
2018-03-19 00:00:00-04:00,5.8892059326171875,5.921772679009678,5.8892059326171875,5.8892059326171875,127100,0.0,0.0
2018-03-20 00:00:00-04:00,5.910917535072288,5.910917535072288,5.889206197288515,5.90006160736084,196000,0.0,0.0
2018-03-21 00:00:00-04:00,5.905489305813433,5.905489305813433,5.862066632197379,5.8892059326171875,227900,0.0,0.0
2018-03-22 00:00:00-04:00,5.867497832557977,5.878353248130726,5.867497832557977,5.872925281524658,94500,0.0,0.0
2018-03-23 00:00:00-04:00,5.889208220768816,5.889208220768816,5.851212978363038,5.851212978363037,157700,0.0,0.0
2018-03-26 00:00:00-04:00,5.86206986595191,5.905492563521678,5.86206986595191,5.872925281524658,138100,0.0,0.0
2018-03-27 00:00:00-04:00,5.872922770425474,5.90006207421241,5.867495323779418,5.878350734710693,99800,0.0,0.0
2018-03-28 00:00:00-04:00,5.889206800054067,5.900062211237453,5.878350871231505,5.894634246826172,95400,0.0,0.0
2018-03-29 00:00:00-04:00,5.900064686587471,5.9109206199646,5.894636719898907,5.9109206199646,86900,0.0,0.0
2018-04-02 00:00:00-04:00,5.916348198671773,5.916348198671773,5.872925499490431,5.883781433105469,134900,0.0,0.0
2018-04-03 00:00:00-04:00,5.89463410992719,5.89463410992719,5.856639395208978,5.878350734710693,148400,0.0,0.0
2018-04-04 00:00:00-04:00,5.856638655929777,5.88377795629094,5.856638655929777,5.867494583129883,61000,0.0,0.0
2018-04-05 00:00:00-04:00,5.867495323779418,5.878350734710693,5.851211430923757,5.878350734710693,145300,0.0,0.0
2018-04-06 00:00:00-04:00,5.872922770425474,5.878350734710693,5.867495323779418,5.878350734710693,104400,0.0,0.0
2018-04-09 00:00:00-04:00,5.883781304161173,5.91634806901377,5.872925370784044,5.9109206199646,134500,0.0,0.0
2018-04-10 00:00:00-04:00,5.910917535072288,5.916344981288888,5.883778233432791,5.90006160736084,191400,0.0,0.0
2018-04-11 00:00:00-04:00,5.9054919634184815,5.94348669052124,5.894636031309502,5.94348669052124,265700,0.0,0.0
2018-04-12 00:00:00-04:00,5.955496397533942,5.955496397533942,5.933661417511122,5.939120292663574,82700,0.062,0.0
2018-04-13 00:00:00-04:00,5.928199291229248,5.950034259277384,5.911823195339822,5.928199291229248,119800,0.0,0.0
2018-04-16 00:00:00-04:00,5.92819936880881,5.939117113269105,5.911823272705078,5.911823272705078,97500,0.0,0.0
2018-04-17 00:00:00-04:00,5.917282978280656,5.950035175100693,5.917282978280656,5.933659076690674,135700,0.0,0.0
2018-04-18 00:00:00-04:00,5.928199291229248,5.9391170355466665,5.917282067498531,5.928199291229248,103400,0.0,0.0
2018-04-19 00:00:00-04:00,5.917284965515137,5.9282021945926155,5.911826090682919,5.917284965515137,112500,0.0,0.0
2018-04-20 00:00:00-04:00,5.9282021945926155,5.933661069424833,5.906367215850702,5.917284965515137,144100,0.0,0.0
2018-04-23 00:00:00-04:00,5.911823272705078,5.939117113269105,5.9063644004749305,5.911823272705078,155100,0.0,0.0
2018-04-24 00:00:00-04:00,5.9282021945926155,5.933661069424833,5.911826090682919,5.917284965515137,88700,0.0,0.0
2018-04-25 00:00:00-04:00,5.922743840347355,5.922743840347355,5.895449986773223,5.917284965515137,128400,0.0,0.0
2018-04-26 00:00:00-04:00,5.928199649011751,5.9500346183776855,5.917282424622151,5.9500346183776855,120900,0.0,0.0
2018-04-27 00:00:00-04:00,5.955493131436093,5.971869227325519,5.92274093965724,5.928199291229248,127500,0.0,0.0
2018-04-30 00:00:00-04:00,5.922744187793207,5.944579167816026,5.917285312640756,5.939120292663574,101300,0.0,0.0
2018-05-01 00:00:00-04:00,5.9391164023469925,5.96095136806719,5.9227403082035055,5.9554924964904785,160500,0.0,0.0
2018-05-02 00:00:00-04:00,5.966412544250488,5.966412544250488,5.94457757009624,5.966412544250488,147200,0.0,0.0
2018-05-03 00:00:00-04:00,5.966412069698997,5.971870422363281,5.960953196447906,5.971870422363281,100100,0.0,0.0
2018-05-04 00:00:00-04:00,5.971870666296918,5.971870666296918,5.906365746368561,5.9227423667907715,230200,0.0,0.0
2018-05-07 00:00:00-04:00,5.917282144935225,5.95003433714269,5.911823272705078,5.911823272705078,154800,0.0,0.0
2018-05-08 00:00:00-04:00,5.911824105281722,5.939117949689607,5.911824105281722,5.933659076690674,183400,0.0,0.0
2018-05-09 00:00:00-04:00,5.944576822688541,5.950035175100693,5.92820020369174,5.933659076690674,107000,0.0,0.0
2018-05-10 00:00:00-04:00,5.933658521499918,5.9500346183776855,5.933658521499918,5.9500346183776855,102700,0.0,0.0
2018-05-11 00:00:00-04:00,5.944576266476252,5.955493490865853,5.933658521499918,5.9500346183776855,104500,0.0,0.0
2018-05-14 00:00:00-04:00,5.94564264900446,5.973092627636577,5.94564264900446,5.9621124267578125,167000,0.062,0.0
2018-05-15 00:00:00-04:00,5.951133552558984,5.96211323135468,5.929173671402728,5.934663772583008,132000,0.0,0.0
2018-05-16 00:00:00-04:00,5.9566228498832245,5.967602527197195,5.94564264900446,5.9621124267578125,113300,0.0,0.0
2018-05-17 00:00:00-04:00,5.973093333930573,5.973093333930573,5.945643352052607,5.956623554229736,212900,0.0,0.0
2018-05-18 00:00:00-04:00,5.923682593777032,5.956622671864087,5.918192493501727,5.945642471313477,170300,0.0,0.0
2018-05-21 00:00:00-04:00,5.956626305965376,5.9840757769591,5.945646098715807,5.978586196899414,126600,0.0,0.0
2018-05-22 00:00:00-04:00,5.973094642643464,5.989564425952852,5.940154552459717,5.940154552459717,182800,0.0,0.0
2018-05-23 00:00:00-04:00,5.934663673440335,5.967603232842008,5.934663673440335,5.956623554229736,135500,0.0,0.0
2018-05-24 00:00:00-04:00,5.956623554229736,5.956623554229736,5.945643352052607,5.956623554229736,119400,0.0,0.0
2018-05-25 00:00:00-04:00,5.945642471313476,5.96760234884992,5.945642471313476,5.945642471313477,100500,0.0,0.0
2018-05-29 00:00:00-04:00,5.956625645219384,5.956625645219384,5.907215765207375,5.923685550689697,225900,0.0,0.0
2018-05-30 00:00:00-04:00,5.951135528574884,5.973095417022705,5.940155322568454,5.973095417022705,202100,0.0,0.0
2018-05-31 00:00:00-04:00,5.956622671864087,5.984072126111058,5.945642471313476,5.945642471313477,188800,0.0,0.0
2018-06-01 00:00:00-04:00,5.9676032066345215,5.97858340876343,5.9456433259415595,5.9676032066345215,92100,0.0,0.0
2018-06-04 00:00:00-04:00,5.9566221080566955,5.967601784003277,5.907212257385253,5.907212257385254,313400,0.0,0.0
2018-06-05 00:00:00-04:00,5.9072152994520515,5.923685083635813,5.857805423335771,5.874275207519531,327300,0.0,0.0
2018-06-06 00:00:00-04:00,5.868782900260876,5.901722979819077,5.868782900260876,5.890742778778076,74000,0.0,0.0
2018-06-07 00:00:00-04:00,5.890741958118286,5.918191933331835,5.890741958118286,5.907212257385254,305900,0.0,0.0
2018-06-08 00:00:00-04:00,5.918194770812988,5.923684873200876,5.896234884826418,5.918194770812988,96400,0.0,0.0
2018-06-11 00:00:00-04:00,5.923684978026474,5.923684978026474,5.885255307761169,5.89623498916626,137600,0.0,0.0
2018-06-12 00:00:00-04:00,5.912703108927438,5.912703108927438,5.885253130223688,5.9017229080200195,132300,0.0,0.0
2018-06-13 00:00:00-04:00,5.912703758861172,5.912703758861172,5.857803795418981,5.868783473968506,209000,0.0,0.0
2018-06-14 00:00:00-04:00,5.867680072784424,5.878719648546164,5.86216002169303,5.867680072784424,155600,0.058,0.0
2018-06-15 00:00:00-04:00,5.8345592344462816,5.867679008566681,5.8345592344462816,5.8566389083862305,184300,0.0,0.0
2018-06-18 00:00:00-04:00,5.856639249724359,5.856639249724359,5.823520000094646,5.829040050506592,191000,0.0,0.0
2018-06-19 00:00:00-04:00,5.8124798992707545,5.829040050506593,5.80696037527979,5.829040050506592,239100,0.0,0.0
2018-06-20 00:00:00-04:00,5.823520000094646,5.8455996753214485,5.823520000094646,5.829040050506592,163300,0.0,0.0
2018-06-21 00:00:00-04:00,5.818002068505134,5.840081751773001,5.806962490081787,5.806962490081787,248300,0.0,0.0
2018-06-22 00:00:00-04:00,5.829044052462262,5.8345635802426825,5.806964362076552,5.823523998260498,192300,0.0,0.0
2018-06-25 00:00:00-04:00,5.812479702708889,5.823519803159435,5.773840403973904,5.79040002822876,184700,0.0,0.0
2018-06-26 00:00:00-04:00,5.801440128679307,5.806960178904579,5.79040002822876,5.79040002822876,137500,0.0,0.0
2018-06-27 00:00:00-04:00,5.801439467931535,5.812479040703779,5.784879319141813,5.795919418334961,127300,0.0,0.0
2018-06-28 00:00:00-04:00,5.806959517528108,5.806959517528108,5.779359795966142,5.795919418334961,284100,0.0,0.0
2018-06-29 00:00:00-04:00,5.7904021503761545,5.801442254872833,5.746242785231756,5.768322467803955,352500,0.0,0.0
2018-07-02 00:00:00-04:00,5.779362308751918,5.795921938320632,5.740722471196744,5.746242523193359,174500,0.0,0.0
2018-07-03 00:00:00-04:00,5.7683216219756845,5.790401301310267,5.7628015705367694,5.779361724853516,161100,0.0,0.0
2018-07-05 00:00:00-04:00,5.779361909525458,5.784881434719663,5.762801754679554,5.773841857910156,87900,0.0,0.0
2018-07-06 00:00:00-04:00,5.790403075438561,5.790403075438561,5.768323389338957,5.78488302230835,109800,0.0,0.0
2018-07-09 00:00:00-04:00,5.784881434719663,5.795921537950266,5.768321806294855,5.773841857910156,155900,0.0,0.0
2018-07-10 00:00:00-04:00,5.773842520052295,5.7904021503761545,5.757282889728434,5.768322467803955,225600,0.0,0.0
2018-07-11 00:00:00-04:00,5.75176021066596,5.7627997836997364,5.72968053817749,5.72968053817749,148900,0.0,0.0
2018-07-12 00:00:00-04:00,5.739676098146102,5.756328781680389,5.706370201698266,5.723023414611816,181900,0.058,0.0
2018-07-13 00:00:00-04:00,5.728571777408118,5.745224983987815,5.70081749186675,5.717470169067383,164600,0.0,0.0
2018-07-16 00:00:00-04:00,5.711918237982063,5.728570912668943,5.689714495273229,5.700816631317139,190200,0.0,0.0
2018-07-17 00:00:00-04:00,5.695268154144287,5.700819224691493,5.678614942502669,5.695268154144287,235600,0.0,0.0
2018-07-18 00:00:00-04:00,5.700817461202731,5.706368000653711,5.673062646431589,5.678613185882568,290900,0.0,0.0
2018-07-19 00:00:00-04:00,5.684166222034348,5.700819434288239,5.67861515128305,5.6897172927856445,340200,0.0,0.0
2018-07-20 00:00:00-04:00,5.6897172927856445,5.6897172927856445,5.6675135391597,5.6897172927856445,155700,0.0,0.0
2018-07-23 00:00:00-04:00,5.68971532354265,5.68971532354265,5.667511577601548,5.678613185882568,202000,0.0,0.0
2018-07-24 00:00:00-04:00,5.684166447192797,5.723023414611816,5.678615376221614,5.723023414611816,310300,0.0,0.0
2018-07-25 00:00:00-04:00,5.723022401359808,5.7341240119573875,5.706369191394681,5.711920261383057,187500,0.0,0.0
2018-07-26 00:00:00-04:00,5.711919100207484,5.734122846268017,5.711919100207484,5.717470169067383,119800,0.0,0.0
2018-07-27 00:00:00-04:00,5.717470169067384,5.739673915127916,5.717470169067384,5.717470169067383,113700,0.0,0.0
2018-07-30 00:00:00-04:00,5.717470169067384,5.728571777408118,5.711919100207484,5.717470169067383,120700,0.0,0.0
2018-07-31 00:00:00-04:00,5.739673915127916,5.739673915127916,5.689715354146951,5.717470169067383,209200,0.0,0.0
2018-08-01 00:00:00-04:00,5.72302165414092,5.72302165414092,5.695266837201985,5.706368446350098,227100,0.0,0.0
2018-08-02 00:00:00-04:00,5.71191805746189,5.734121799468994,5.706366989615373,5.734121799468994,118400,0.0,0.0
2018-08-03 00:00:00-04:00,5.734121979038289,5.756325721740723,5.7285709110179335,5.756325721740723,172500,0.0,0.0
2018-08-06 00:00:00-04:00,5.750775969446197,5.767429177317365,5.734123290954134,5.745225429534912,132800,0.0,0.0
2018-08-07 00:00:00-04:00,5.750775700020672,5.767428907111631,5.734123022308791,5.739674091339111,195900,0.0,0.0
2018-08-08 00:00:00-04:00,5.745224983987815,5.75632659232855,5.717470169067384,5.717470169067383,122400,0.0,0.0
2018-08-09 00:00:00-04:00,5.717470612462071,5.750775969446197,5.711919543171682,5.745225429534912,239800,0.0,0.0
2018-08-10 00:00:00-04:00,5.745225429534913,5.745225429534913,5.72302168175246,5.745225429534912,84700,0.0,0.0
2018-08-13 00:00:00-04:00,5.745224797918167,5.756326405899356,5.73967372923805,5.750775337219238,168400,0.0,0.0
2018-08-14 00:00:00-04:00,5.766406081492835,5.78315251362506,5.749659649360609,5.777570724487305,146700,0.058,0.0
2018-08-15 00:00:00-04:00,5.771986471545762,5.777568791175019,5.766404151916504,5.766404151916504,146700,0.0,0.0
2018-08-16 00:00:00-04:00,5.7775707910591585,5.799899544945902,5.771988469497602,5.7831525802612305,118500,0.0,0.0
2018-08-17 00:00:00-04:00,5.783152980249166,5.827810491111358,5.771988868713379,5.771988868713379,258400,0.0,0.0
2018-08-20 00:00:00-04:00,5.766406905837956,5.777571550428484,5.716167069899691,5.738495826721191,307400,0.0,0.0
2018-08-21 00:00:00-04:00,5.738493455158242,5.766404522740123,5.738493455158242,5.744075775146484,162100,0.0,0.0
2018-08-22 00:00:00-04:00,5.755241747374119,5.760823536295126,5.699419599288376,5.721748352050781,315800,0.0,0.0
2018-08-23 00:00:00-04:00,5.716166396862128,5.7273310401380995,5.693837642669679,5.693837642669678,288300,0.0,0.0
2018-08-24 00:00:00-04:00,5.710583518195972,5.721748160382909,5.68267297744751,5.68267297744751,282800,0.0,0.0
2018-08-27 00:00:00-04:00,5.693837499107218,5.799899478116765,5.6882551776099834,5.777570724487305,657800,0.0,0.0
2018-08-28 00:00:00-04:00,5.771986471545762,5.799897537332749,5.760821832287246,5.766404151916504,270200,0.0,0.0
2018-08-29 00:00:00-04:00,5.766404522740123,5.78873327033376,5.744075775146484,5.744075775146484,157800,0.0,0.0
2018-08-30 00:00:00-04:00,5.738495826721191,5.749660471311719,5.7273317144902185,5.738495826721191,105300,0.0,0.0
2018-08-31 00:00:00-04:00,5.721747027552847,5.749658095134728,5.710582387576361,5.744075775146484,219900,0.0,0.0
2018-09-04 00:00:00-04:00,5.749660015106201,5.76082412645136,5.744077693253866,5.749660015106201,183900,0.0,0.0
2018-09-05 00:00:00-04:00,5.7552409172058105,5.76640502579691,5.738493955780089,5.7552409172058105,254700,0.0,0.0
2018-09-06 00:00:00-04:00,5.744075405758775,5.777568791175019,5.744075405758775,5.766404151916504,128600,0.0,0.0
2018-09-07 00:00:00-04:00,5.766406905837956,5.7719892281332195,5.738495826721191,5.738495826721191,123100,0.0,0.0
2018-09-10 00:00:00-04:00,5.755241461173463,5.794316643474649,5.744076819167733,5.7608232498168945,192400,0.0,0.0
2018-09-11 00:00:00-04:00,5.771987054142064,5.799898122746259,5.760822413756645,5.78873348236084,148800,0.0,0.0
2018-09-12 00:00:00-04:00,5.788735476717248,5.805481910705566,5.783153154601297,5.805481910705566,108200,0.0,0.0
2018-09-13 00:00:00-04:00,5.827938752134586,5.83916764265682,5.794251009670883,5.79986572265625,199900,0.06,0.0
2018-09-14 00:00:00-04:00,5.822324708901013,5.822324708901013,5.805481103455864,5.816709995269775,136800,0.0,0.0
2018-09-17 00:00:00-04:00,5.8279391869325705,5.8279391869325705,5.794251441955566,5.794251441955566,111000,0.0,0.0
2018-09-18 00:00:00-04:00,5.794251009670883,5.816709326163851,5.777407406163282,5.79986572265625,175800,0.0,0.0
2018-09-19 00:00:00-04:00,5.799866477214841,5.839168402328563,5.7830228715158984,5.827939510345459,262800,0.0,0.0
2018-09-20 00:00:00-04:00,5.839168078292545,5.85039750510106,5.794251441955566,5.794251441955566,122800,0.0,0.0
2018-09-21 00:00:00-04:00,5.799866155359824,5.816709760124056,5.794251441955566,5.794251441955566,128200,0.0,0.0
2018-09-24 00:00:00-04:00,5.799866719917616,5.816710326321401,5.799866719917616,5.805481433868408,123400,0.0,0.0
2018-09-25 00:00:00-04:00,5.8223243701854175,5.8223243701854175,5.783022447950284,5.788637161254883,78200,0.0,0.0
2018-09-26 00:00:00-04:00,5.79986462444975,5.839166537008488,5.788635736053711,5.833552360534668,179800,0.0,0.0
2018-09-27 00:00:00-04:00,5.833555408215955,5.856013732189555,5.833555408215955,5.850399017333984,157600,0.0,0.0
2018-09-28 00:00:00-04:00,5.856010672775147,5.861624849248967,5.81109404829419,5.833552360534668,221900,0.0,0.0
2018-10-01 00:00:00-04:00,5.8504006298612445,5.867244243621826,5.82232758329439,5.867244243621826,107500,0.0,0.0
2018-10-02 00:00:00-04:00,5.872856052307492,5.87847076593072,5.8560124468863695,5.861626625061035,165700,0.0,0.0
2018-10-03 00:00:00-04:00,5.867244243621826,5.8728589600249625,5.8504006298612445,5.867244243621826,80800,0.0,0.0
2018-10-04 00:00:00-04:00,5.850399017333984,5.872857341307585,5.827940693360385,5.850399017333984,109300,0.0,0.0
2018-10-05 00:00:00-04:00,5.8447849679134745,5.8447849679134745,5.771795272827148,5.771795272827148,163200,0.0,0.0
2018-10-08 00:00:00-04:00,5.771792693177914,5.79986572265625,5.771792693177914,5.79986572265625,83000,0.0,0.0
2018-10-09 00:00:00-04:00,5.79986664299119,5.79986664299119,5.749335289001465,5.749335289001465,131700,0.0,0.0
2018-10-10 00:00:00-04:00,5.738109326035474,5.754952940814617,5.676348512763852,5.710036277770996,254900,0.0,0.0
2018-10-11 00:00:00-04:00,5.704415491186676,5.710030201954953,5.625811682223958,5.631425857543945,278200,0.0,0.0
2018-10-12 00:00:00-04:00,5.676616318210695,5.693561290399176,5.625780862974299,5.637077331542969,360500,0.06,0.0
2018-10-15 00:00:00-04:00,5.637076648270993,5.699209103215916,5.637076648270993,5.693560600280762,90100,0.0,0.0
2018-10-16 00:00:00-04:00,5.699208596837182,5.761340507590752,5.665318120908336,5.755692005157471,163600,0.0,0.0
2018-10-17 00:00:00-04:00,5.755692115591886,5.766989120675203,5.727450680225293,5.761340618133545,101800,0.0,0.0
2018-10-18 00:00:00-04:00,5.727451019559216,5.750044492393594,5.727451019559216,5.733098983764648,103200,0.0,0.0
2018-10-19 00:00:00-04:00,5.7218025166829,5.744395989517279,5.7048575467248375,5.733098983764648,162100,0.0,0.0
2018-10-22 00:00:00-04:00,5.733099546970597,5.744396553833019,5.7161545753479,5.7161545753479,104000,0.0,0.0
2018-10-23 00:00:00-04:00,5.704858800338029,5.733100243583751,5.687913287985395,5.727452278137207,110900,0.0,0.0
2018-10-24 00:00:00-04:00,5.744396553833019,5.750045057264229,5.7161545753479,5.7161545753479,105500,0.0,0.0
2018-10-25 00:00:00-04:00,5.72180421302883,5.72180421302883,5.682265758514404,5.682265758514404,121000,0.0,0.0
2018-10-26 00:00:00-04:00,5.6766179756808475,5.6766179756808475,5.6370789774684456,5.648375988006592,208600,0.0,0.0
2018-10-29 00:00:00-04:00,5.659672890514286,5.676617867326953,5.631430903379107,5.642727375030518,185800,0.0,0.0
2018-10-30 00:00:00-04:00,5.6370789774684456,5.654024493275665,5.620134000332337,5.648375988006592,213700,0.0,0.0
2018-10-31 00:00:00-04:00,5.6427250754980465,5.665318548264641,5.62578010559082,5.62578010559082,220200,0.0,0.0
2018-11-01 00:00:00-04:00,5.637076572638677,5.648373578357415,5.614483099872083,5.62578010559082,221400,0.0,0.0
2018-11-02 00:00:00-04:00,5.659671433568395,5.665319398604617,5.614483942581877,5.6201324462890625,183500,0.0,0.0
2018-11-05 00:00:00-05:00,5.637079053908811,5.637079053908811,5.597540593831368,5.608837604522705,238600,0.0,0.0
2018-11-06 00:00:00-05:00,5.603186632824226,5.637076572638677,5.603186632824226,5.62578010559082,132100,0.0,0.0
2018-11-07 00:00:00-05:00,5.642724066673131,5.665317535400391,5.637075564823621,5.665317535400391,164700,0.0,0.0
2018-11-08 00:00:00-05:00,5.6596721517322806,5.670968621909114,5.65402364730835,5.65402364730835,112000,0.0,0.0
2018-11-09 00:00:00-05:00,5.648375988006592,5.659672998544738,5.642727482737519,5.648375988006592,221800,0.0,0.0
2018-11-12 00:00:00-05:00,5.648374338782592,5.665319310971072,5.63142936659411,5.637077331542969,165700,0.0,0.0
2018-11-13 00:00:00-05:00,5.654026181189198,5.682268177294621,5.60319069593369,5.614487171173096,256200,0.0,0.0
2018-11-14 00:00:00-05:00,5.648578766613438,5.648578766613438,5.591752341224709,5.620165824890137,338500,0.06,0.0
2018-11-15 00:00:00-05:00,5.614484121963594,5.659945487976073,5.580387826483118,5.659945487976074,301200,0.0,0.0
2018-11-16 00:00:00-05:00,5.597438538884511,5.620169231205218,5.58607292175293,5.58607292175293,177400,0.0,0.0
2018-11-19 00:00:00-05:00,5.58606895590712,5.591751760438387,5.557655475192854,5.563338279724121,341800,0.0,0.0
2018-11-20 00:00:00-05:00,5.5519742072241565,5.563339276380642,5.512195110321044,5.512195110321045,263700,0.0,0.0
2018-11-21 00:00:00-05:00,5.546290771302509,5.546290771302509,5.489463806152344,5.489463806152344,221500,0.0,0.0
2018-11-23 00:00:00-05:00,5.483782237246136,5.517878532409667,5.483782237246136,5.517878532409668,65800,0.0,0.0
2018-11-26 00:00:00-05:00,5.540609081332251,5.546291887379236,5.500830522887784,5.529243469238281,165000,0.0,0.0
2018-11-27 00:00:00-05:00,5.500828589907626,5.529241526273875,5.478097915649414,5.478097915649414,253100,0.0,0.0
2018-11-28 00:00:00-05:00,5.489462981807509,5.495145785857567,5.478097915649414,5.478097915649414,133100,0.0,0.0
2018-11-29 00:00:00-05:00,5.500830041164559,5.51787791587037,5.483781624516583,5.512195110321045,267000,0.0,0.0
2018-11-30 00:00:00-05:00,5.523561344052156,5.534926414489746,5.483782242665024,5.534926414489746,499100,0.0,0.0
2018-12-03 00:00:00-05:00,5.58038848418655,5.597436904907227,5.557657798501276,5.597436904907227,339100,0.0,0.0
2018-12-04 00:00:00-05:00,5.603121544694385,5.659948553964232,5.603121544694385,5.648582935333252,350500,0.0,0.0
2018-12-06 00:00:00-05:00,5.620167794661239,5.6315328669453955,5.574706421639986,5.603119373321533,518800,0.0,0.0
2018-12-07 00:00:00-05:00,5.603118462941967,5.642897564329099,5.534926414489746,5.534926414489746,307700,0.0,0.0
2018-12-10 00:00:00-05:00,5.540608596125506,5.569022081929967,5.489464430065908,5.512195110321045,371600,0.0,0.0
2018-12-11 00:00:00-05:00,5.540609888087361,5.540609888087361,5.449687145865411,5.472417831420898,259300,0.0,0.0
2018-12-12 00:00:00-05:00,5.47809967723419,5.5121954286146195,5.449686189789033,5.455368995666504,273900,0.0,0.0
2018-12-13 00:00:00-05:00,5.47252602658054,5.47252602658054,5.403905073827121,5.409623622894287,347500,0.06,0.0
2018-12-14 00:00:00-05:00,5.42105987565241,5.42105987565241,5.318128724894373,5.352438926696777,351000,0.0,0.0
2018-12-17 00:00:00-05:00,5.329564994526776,5.329564994526776,5.255225500761175,5.26666259765625,568500,0.0,0.0
2018-12-18 00:00:00-05:00,5.260943644579666,5.358156779307778,5.2151963512194675,5.283817291259766,1917000,0.0,0.0
2018-12-19 00:00:00-05:00,5.255224388706164,5.306690223141755,5.255224388706164,5.2609429359436035,511600,0.0,0.0
2018-12-20 00:00:00-05:00,5.215194855889927,5.249505588747691,5.060797921406488,5.112263202667236,626800,0.0,0.0
2018-12-21 00:00:00-05:00,5.112264165076141,5.140856356948465,5.066516876220703,5.066516876220703,482600,0.0,0.0
2018-12-24 00:00:00-05:00,5.06651671367106,5.135137644752644,5.060798711760607,5.123701095581055,223400,0.0,0.0
2018-12-26 00:00:00-05:00,5.1637290365656785,5.381028890703239,5.152292489164017,5.358155250549316,523400,0.0,0.0
2018-12-27 00:00:00-05:00,5.335282176056525,5.352437271653147,5.295253437880855,5.300971984863281,399900,0.0,0.0
2018-12-28 00:00:00-05:00,5.33528145674026,5.375310189519154,5.306689271033657,5.323844909667969,599500,0.0,0.0
2018-12-31 00:00:00-05:00,5.323844496664779,5.381028318291302,5.272378675455529,5.278096675872803,606400,0.0,0.0
2019-01-02 00:00:00-05:00,5.243786346881758,5.352435986711409,5.243786346881758,5.335280895233154,862200,0.0,0.0
2019-01-03 00:00:00-05:00,5.318125652587943,5.358154380016236,5.312407107140897,5.346717834472656,823700,0.0,0.0
2019-01-04 00:00:00-05:00,5.403902530486311,5.478241997319106,5.381028890333958,5.449649810791016,762700,0.0,0.0
2019-01-07 00:00:00-05:00,5.47824388265222,5.5640199264056465,5.47824388265222,5.541146278381348,244700,0.0,0.0
2019-01-08 00:00:00-05:00,5.575454873813062,5.59832851301981,5.5640177815344,5.581173419952393,278400,0.0,0.0
2019-01-09 00:00:00-05:00,5.592610283674396,5.592610283674396,5.523989362167113,5.529707908630371,261800,0.0,0.0
2019-01-10 00:00:00-05:00,5.529709499072162,5.552583146153453,5.5068358519908704,5.535428047180176,156200,0.0,0.0
2019-01-11 00:00:00-05:00,5.535427738169,5.541145740607047,5.472524803193886,5.478243350982666,165000,0.0,0.0
2019-01-14 00:00:00-05:00,5.472488123559836,5.48975133895874,5.45522435937321,5.48975133895874,149500,0.06,0.0
2019-01-15 00:00:00-05:00,5.489750237577042,5.530031248355677,5.478241612549266,5.524277210235596,170000,0.0,0.0
2019-01-16 00:00:00-05:00,5.507016254678597,5.541543244924521,5.507016254678597,5.530034065246582,216900,0.0,0.0
2019-01-17 00:00:00-05:00,5.530033034549371,5.53578762331579,5.501261188292855,5.507015228271484,86800,0.0,0.0
2019-01-18 00:00:00-05:00,5.507013089510227,5.541540059911696,5.507013089510227,5.518522262573242,395800,0.0,0.0
2019-01-22 00:00:00-05:00,5.51852333307016,5.51852333307016,5.495505531266655,5.512768745422363,123400,0.0,0.0
2019-01-23 00:00:00-05:00,5.507014157774566,5.535786547225867,5.507014157774566,5.512768745422363,289700,0.0,0.0
2019-01-24 00:00:00-05:00,5.524277210235596,5.530031248355677,5.501259411392431,5.524277210235596,119900,0.0,0.0
2019-01-25 00:00:00-05:00,5.524278119602506,5.5357867465247494,5.472487926483154,5.472487926483154,327000,0.0,0.0
2019-01-28 00:00:00-05:00,5.466733535497627,5.4955059270209485,5.449470320098723,5.48975133895874,195900,0.0,0.0
2019-01-29 00:00:00-05:00,5.501261188292855,5.518524405804323,5.46673420448213,5.507015228271484,131400,0.0,0.0
2019-01-30 00:00:00-05:00,5.518525434356536,5.547297834763491,5.518525434356536,5.530034065246582,119300,0.0,0.0
2019-01-31 00:00:00-05:00,5.530033501711537,5.587578296661377,5.530033501711537,5.587578296661377,263100,0.0,0.0
2019-02-01 00:00:00-05:00,5.599087643016607,5.622106002972975,5.5703157906469585,5.5760698318481445,212900,0.0,0.0
2019-02-04 00:00:00-05:00,5.599084706041473,5.633611679077148,5.576066906946895,5.633611679077148,140500,0.0,0.0
2019-02-05 00:00:00-05:00,5.645121483078067,5.645121483078067,5.593331292137988,5.599085330963135,145400,0.0,0.0
2019-02-06 00:00:00-05:00,5.593333079022364,5.616350888039417,5.587578489571137,5.604841709136963,190300,0.0,0.0
2019-02-07 00:00:00-05:00,5.599085932420074,5.622104285344024,5.587577304745837,5.616349697113037,269700,0.0,0.0
2019-02-08 00:00:00-05:00,5.61059629858819,5.627859518154016,5.58182390011991,5.604841709136963,131800,0.0,0.0
2019-02-11 00:00:00-05:00,5.60484135435166,5.622105121612549,5.5990867652646985,5.622105121612549,65700,0.0,0.0
2019-02-12 00:00:00-05:00,5.627858716326611,5.662385699326896,5.627858716326611,5.650876522064209,95000,0.0,0.0
2019-02-13 00:00:00-05:00,5.650877833434097,5.673895644513319,5.6451237922552195,5.656632423400879,110100,0.0,0.0
2019-02-14 00:00:00-05:00,5.657789634396774,5.675162425623636,5.628834614171287,5.651998519897461,143200,0.062,0.0
2019-02-15 00:00:00-05:00,5.651998519897462,5.669371311124324,5.646207405398148,5.651998519897461,133100,0.0,0.0
2019-02-19 00:00:00-05:00,5.669370248280691,5.762025853815134,5.669370248280691,5.675161361694336,73800,0.0,0.0
2019-02-20 00:00:00-05:00,5.692534149664302,5.692534149664302,5.663579134867045,5.675161361694336,88800,0.0,0.0
2019-02-21 00:00:00-05:00,5.67516085540063,5.704115867614746,5.67516085540063,5.704115867614746,84700,0.0,0.0
2019-02-22 00:00:00-05:00,5.721489839913004,5.843100474601467,5.709907611718371,5.83730936050415,287400,0.0,0.0
2019-02-25 00:00:00-05:00,5.843100474601467,5.866264378719697,5.77360876224678,5.83730936050415,188800,0.0,0.0
2019-02-26 00:00:00-05:00,5.837309987040408,5.837309987040408,5.727281568736893,5.785191059112549,289200,0.0,0.0
2019-02-27 00:00:00-05:00,5.744653666713955,5.7909814743268875,5.744653666713955,5.773608684539795,157300,0.0,0.0
2019-02-28 00:00:00-05:00,5.7620289817738914,5.779401779174804,5.738865067815584,5.779401779174805,139700,0.0,0.0
2019-03-01 00:00:00-05:00,5.785190213184427,5.796772440928628,5.7504446344938565,5.762026309967041,152600,0.0,0.0
2019-03-04 00:00:00-05:00,5.785190360307513,5.785190360307513,5.7504447807333285,5.773608684539795,147700,0.0,0.0
2019-03-05 00:00:00-05:00,5.767820098331287,5.779401779174804,5.756237865216496,5.779401779174805,127100,0.0,0.0
2019-03-06 00:00:00-05:00,5.779399172874018,5.785190286819829,5.756235269361796,5.767817497253418,104100,0.0,0.0
2019-03-07 00:00:00-05:00,5.756236109921247,5.7967733611903896,5.744654432609423,5.790982246398926,179000,0.0,0.0
2019-03-08 00:00:00-05:00,5.785190360307513,5.785190360307513,5.7504447807333285,5.773608684539795,141400,0.0,0.0
2019-03-11 00:00:00-04:00,5.785189670940179,5.8199357986450195,5.785189670940179,5.8199357986450195,122600,0.0,0.0
2019-03-12 00:00:00-04:00,5.802565273730891,5.848893093889641,5.802565273730891,5.843101978302002,162400,0.0,0.0
2019-03-13 00:00:00-04:00,5.860474586486816,5.87205681729389,5.85468347108328,5.860474586486816,81200,0.0,0.0
2019-03-14 00:00:00-04:00,5.861639687780062,5.87329275756299,5.8208525543511955,5.83250617980957,71700,0.062,0.0
2019-03-15 00:00:00-04:00,5.844159590104073,5.849986403172761,5.826679706573486,5.826679706573486,89400,0.0,0.0
2019-03-18 00:00:00-04:00,5.81502608043611,5.849986403172761,5.81502608043611,5.826679706573486,150900,0.0,0.0
2019-03-19 00:00:00-04:00,5.82085357385105,5.832507201350512,5.8033736882774,5.815026760101318,68000,0.0,0.0
2019-03-20 00:00:00-04:00,5.815023719484459,5.815023719484459,5.768410345211356,5.774237155914307,139500,0.0,0.0
2019-03-21 00:00:00-04:00,5.785891400071355,5.785891400071355,5.704317708475801,5.710144519805908,256800,0.0,0.0
2019-03-22 00:00:00-04:00,5.727625542226843,5.727625542226843,5.669358528637438,5.681012153625488,153100,0.0,0.0
2019-03-25 00:00:00-04:00,5.692665981121383,5.698492238147245,5.657705660588996,5.669358730316162,187700,0.0,0.0
2019-03-26 00:00:00-04:00,5.692666105138004,5.698492362290793,5.6518789710157495,5.657705783843994,228200,0.0,0.0
2019-03-27 00:00:00-04:00,5.646052676398069,5.663533116487206,5.605266094207764,5.605266094207764,237900,0.0,0.0
2019-03-28 00:00:00-04:00,5.593613023157179,5.628572791984439,5.581959396431088,5.605266094207764,423400,0.0,0.0
2019-03-29 00:00:00-04:00,5.605266230775994,5.62857292912052,5.5761327189264565,5.611093044281006,455100,0.0,0.0
2019-04-01 00:00:00-04:00,5.611092270329442,5.669358730316162,5.605265457628136,5.669358730316162,204100,0.0,0.0
2019-04-02 00:00:00-04:00,5.669358327784439,5.6984918335470045,5.651878446597061,5.6926655769348145,162500,0.0,0.0
2019-04-03 00:00:00-04:00,5.692665439007989,5.71014531977185,5.675185002568738,5.686838626861572,223100,0.0,0.0
2019-04-04 00:00:00-04:00,5.675182924949839,5.721796293705777,5.675182924949839,5.715970039367676,148500,0.0,0.0
2019-04-05 00:00:00-04:00,5.715972438397778,5.756759014258814,5.704318813480099,5.733452320098877,200800,0.0,0.0
2019-04-08 00:00:00-04:00,5.72762633601618,5.762586660150045,5.710146451786998,5.745106220245361,216300,0.0,0.0
2019-04-09 00:00:00-04:00,5.750929472861802,5.762583092249591,5.721795980067486,5.73927640914917,195300,0.0,0.0
2019-04-10 00:00:00-04:00,5.762585856376291,5.774238925678526,5.7392791620964,5.768412113189697,203300,0.0,0.0
2019-04-11 00:00:00-04:00,5.768414426282039,5.809201574383768,5.768414426282039,5.785894870758057,138800,0.0,0.0
2019-04-12 00:00:00-04:00,5.816383361816406,5.822246785650612,5.781203377978044,5.816383361816406,211000,0.062,0.0
2019-04-15 00:00:00-04:00,5.828107247901212,5.828107247901212,5.787064416313871,5.804654121398926,128200,0.0,0.0
2019-04-16 00:00:00-04:00,5.804653779519033,5.804653779519033,5.775337792492798,5.787064075469971,187100,0.0,0.0
2019-04-17 00:00:00-04:00,5.78706407546997,5.804653779519033,5.775337792492798,5.787064075469971,113800,0.0,0.0
2019-04-18 00:00:00-04:00,5.804653779519033,5.804653779519033,5.775337792492798,5.787064075469971,97600,0.0,0.0
2019-04-22 00:00:00-04:00,5.792927837731104,5.804654121398926,5.77533813264605,5.804654121398926,158700,0.0,0.0
2019-04-23 00:00:00-04:00,5.798791885375977,5.839834721395646,5.798791885375977,5.798791885375977,205600,0.0,0.0
2019-04-24 00:00:00-04:00,5.798792595284129,5.8222457271903965,5.792929172515869,5.792929172515869,132500,0.0,0.0
2019-04-25 00:00:00-04:00,5.792927864737097,5.798791286181664,5.757747895236341,5.763611316680908,179900,0.0,0.0
2019-04-26 00:00:00-04:00,5.751887798309326,5.810520363443998,5.7401609497822434,5.751887798309326,342100,0.0,0.0
2019-04-29 00:00:00-04:00,5.781202326979349,5.798792595284129,5.763612617841341,5.792929172515869,232200,0.0,0.0
2019-04-30 00:00:00-04:00,5.810516583414653,5.857422828674316,5.8046531629655576,5.857422828674316,222300,0.0,0.0
2019-05-01 00:00:00-04:00,5.869153355467791,5.89260649282646,5.8515630830736125,5.886743068695068,220100,0.0,0.0
2019-05-02 00:00:00-04:00,5.892603493636422,5.916056619058028,5.886740072489366,5.904329776763916,210300,0.0,0.0
2019-05-03 00:00:00-04:00,5.933648586273194,5.933648586273194,5.904332028523952,5.933648586273193,253100,0.0,0.0
2019-05-06 00:00:00-04:00,5.9219222986735955,5.939512009656409,5.910195451907167,5.933648586273193,128600,0.0,0.0
2019-05-07 00:00:00-04:00,5.933648042900457,5.933648042900457,5.857425223399252,5.869152069091797,218800,0.0,0.0
2019-05-08 00:00:00-04:00,5.875014429554508,5.898467557531771,5.839834458005274,5.84569787979126,158300,0.0,0.0
2019-05-09 00:00:00-04:00,5.8456973893104465,5.851560251437832,5.787064294703535,5.833970546722412,175600,0.0,0.0
2019-05-10 00:00:00-04:00,5.839835736190976,5.86328886930151,5.8046557569417745,5.851562023162842,107100,0.0,0.0
2019-05-13 00:00:00-04:00,5.8222441534629965,5.8281070154797785,5.798791027896007,5.810517311096191,124200,0.0,0.0
2019-05-14 00:00:00-04:00,5.835300622010867,5.870701522797518,5.81759960893037,5.847100734710693,134700,0.062,0.0
2019-05-15 00:00:00-04:00,5.8293967735565175,5.858897881569765,5.823496439416501,5.835297107696533,143500,0.0,0.0
2019-05-16 00:00:00-04:00,5.835300622010867,5.870701522797518,5.8294002843173685,5.847100734710693,147100,0.0,0.0
2019-05-17 00:00:00-04:00,5.841198263602405,5.86479904306938,5.8293981552124015,5.829398155212402,78900,0.0,0.0
2019-05-20 00:00:00-04:00,5.829399361164473,5.829399361164473,5.805798576815106,5.811698913574219,107300,0.0,0.0
2019-05-21 00:00:00-04:00,5.84119901460065,5.852999687194823,5.823498568396428,5.852999687194824,115700,0.0,0.0
2019-05-22 00:00:00-04:00,5.823496439416501,5.852997547429749,5.823496439416501,5.835297107696533,110300,0.0,0.0
2019-05-23 00:00:00-04:00,5.82349820198419,5.83529887383587,5.805797756893674,5.81759786605835,88800,0.0,0.0
2019-05-24 00:00:00-04:00,5.853001072404193,5.853001072404193,5.81759960893037,5.847100734710693,114400,0.0,0.0
2019-05-28 00:00:00-04:00,5.876600375733049,5.876600375733049,5.8234984752824115,5.841198921203613,136000,0.0,0.0
2019-05-29 00:00:00-04:00,5.841198717503602,5.841198717503602,5.788097381591797,5.788097381591797,101000,0.0,0.0
2019-05-30 00:00:00-04:00,5.817598687646248,5.835299697923586,5.776297455706627,5.811698913574219,131200,0.0,0.0
2019-05-31 00:00:00-04:00,5.7880969365473565,5.81169771603362,5.705493927001953,5.705493927001953,237800,0.0,0.0
2019-06-03 00:00:00-04:00,5.729095437223725,5.729095437223725,5.687794208526611,5.687794208526611,135500,0.0,0.0
2019-06-04 00:00:00-04:00,5.740894661003861,5.740894661003861,5.693693103296568,5.734994888305664,104100,0.0,0.0
2019-06-05 00:00:00-04:00,5.764496184172892,5.764496184172892,5.740894841888659,5.746795177459717,95800,0.0,0.0
2019-06-06 00:00:00-04:00,5.782196723436916,5.782196723436916,5.7467952721144435,5.758595943450928,129500,0.0,0.0
2019-06-07 00:00:00-04:00,5.758597075310465,5.776297523107257,5.758597075310465,5.770397186279297,99900,0.0,0.0
2019-06-10 00:00:00-04:00,5.8057978268957315,5.8057978268957315,5.776296709597832,5.788097381591797,99500,0.0,0.0
2019-06-11 00:00:00-04:00,5.805797756893674,5.82349820198419,5.788097311803158,5.81759786605835,164000,0.0,0.0
2019-06-12 00:00:00-04:00,5.835298490750887,5.847098599140891,5.811697711283912,5.829398155212402,122000,0.0,0.0
2019-06-13 00:00:00-04:00,5.8602738100591525,5.8602738100591525,5.836523989231532,5.842461585998535,88500,0.062,0.0
2019-06-14 00:00:00-04:00,5.854336733184518,5.854336733184518,5.818712281899668,5.830586910247803,60500,0.0,0.0
2019-06-17 00:00:00-04:00,5.83652396119042,5.83652396119042,5.806836543738427,5.824649333953857,117900,0.0,0.0
2019-06-18 00:00:00-04:00,5.8246474451243,5.8305844736971135,5.81277225549826,5.818709850311279,145500,0.0,0.0
2019-06-19 00:00:00-04:00,5.8068361082356414,5.818711300821976,5.783086289303322,5.812773704528809,135100,0.0,0.0
2019-06-20 00:00:00-04:00,5.830583516391179,5.836521110229324,5.78308389816625,5.7890214920043945,151700,0.0,0.0
2019-06-21 00:00:00-04:00,5.765274552592934,5.789024373527019,5.765274552592934,5.783086776733398,112800,0.0,0.0
2019-06-24 00:00:00-04:00,5.7890228845708585,5.812772699396411,5.7890228845708585,5.80089807510376,97400,0.0,0.0
2019-06-25 00:00:00-04:00,5.812774140476904,5.8602737819039366,5.794961916501864,5.824649333953857,258100,0.0,0.0
2019-06-26 00:00:00-04:00,5.830585927167962,5.830585927167962,5.800899078182823,5.812773704528809,129800,0.0,0.0
2019-06-27 00:00:00-04:00,5.81870985031128,5.8246474451243,5.8008976321124255,5.818709850311279,95400,0.0,0.0
2019-06-28 00:00:00-04:00,5.818712219218437,5.848399639129639,5.800899993767891,5.848399639129639,182700,0.0,0.0
2019-07-01 00:00:00-04:00,5.848399182765539,5.878086034119769,5.830586392464529,5.842461585998535,148600,0.0,0.0
2019-07-02 00:00:00-04:00,5.86027334239345,5.86027334239345,5.794961481889656,5.812773704528809,154400,0.0,0.0
2019-07-03 00:00:00-04:00,5.806835180409963,5.81871037109886,5.777147769927979,5.7771477699279785,156800,0.0,0.0
2019-07-05 00:00:00-04:00,5.7771486930101545,5.824648897115144,5.771211662957335,5.812773704528809,122200,0.0,0.0
2019-07-08 00:00:00-04:00,5.818712276486711,5.818712276486711,5.789024856283324,5.80683708190918,83900,0.0,0.0
2019-07-09 00:00:00-04:00,5.783085289304408,5.824647889929312,5.777147694037957,5.80089807510376,183300,0.0,0.0
2019-07-10 00:00:00-04:00,5.8187117651709155,5.854336213292149,5.806836571636908,5.842461585998535,131400,0.0,0.0
2019-07-11 00:00:00-04:00,5.872149461810512,5.872149461810512,5.842462041899311,5.848399639129639,159400,0.0,0.0
2019-07-12 00:00:00-04:00,5.849593639373779,5.867518690227199,5.83166858852036,5.849593639373779,105900,0.062,0.0
2019-07-15 00:00:00-04:00,5.855568846267284,5.867518690227199,5.843618432480275,5.849593639373779,83100,0.0,0.0
2019-07-16 00:00:00-04:00,5.843616828266806,5.843616828266806,5.825691782334243,5.837642192840576,166000,0.0,0.0
2019-07-17 00:00:00-04:00,5.843618140616931,5.849593347211999,5.819717884063721,5.819717884063721,144800,0.0,0.0
2019-07-18 00:00:00-04:00,5.819717844188405,5.825693050742533,5.807768000907211,5.813742637634277,137300,0.0,0.0
2019-07-19 00:00:00-04:00,5.813742677468652,5.855568553807068,5.813742677468652,5.819717884063721,145500,0.0,0.0
2019-07-22 00:00:00-04:00,5.825692877290402,5.825692877290402,5.801792621612549,5.801792621612549,123900,0.0,0.0
2019-07-23 00:00:00-04:00,5.801792834105579,5.831668297253858,5.801792834105579,5.819717884063721,172200,0.0,0.0
2019-07-24 00:00:00-04:00,5.819719391149243,5.873495124776596,5.819719391149243,5.831669807434082,142400,0.0,0.0
2019-07-25 00:00:00-04:00,5.819717844188405,5.8436181005778565,5.813742637634277,5.813742637634277,137400,0.0,0.0
2019-07-26 00:00:00-04:00,5.7778923659346955,5.819717670914178,5.7778923659346955,5.801792621612549,215500,0.0,0.0
2019-07-29 00:00:00-04:00,5.795816979351139,5.825692439158377,5.789841773424292,5.807767391204834,200400,0.0,0.0
2019-07-30 00:00:00-04:00,5.813742677468652,5.837643503848926,5.807768040700648,5.819717884063721,125500,0.0,0.0
2019-07-31 00:00:00-04:00,5.819719391149243,5.855570070176549,5.819719391149243,5.831669807434082,188600,0.0,0.0
2019-08-01 00:00:00-04:00,5.867518690227199,5.873493897120703,5.837643795413864,5.849593639373779,184200,0.0,0.0
2019-08-02 00:00:00-04:00,5.849594077122147,5.8555692844628,5.837644232267977,5.843618869781494,128200,0.0,0.0
2019-08-05 00:00:00-04:00,5.83764329004285,5.83764329004285,5.753992110256842,5.801792621612549,281600,0.0,0.0
2019-08-06 00:00:00-04:00,5.78386648521595,5.8615424440263055,5.78386648521595,5.837642192840576,385900,0.0,0.0
2019-08-07 00:00:00-04:00,5.831669807434082,5.84361965389171,5.813744183006823,5.831669807434082,230000,0.0,0.0
2019-08-08 00:00:00-04:00,5.831667382476623,5.837642588134399,5.8137417655032975,5.825692176818848,191600,0.0,0.0
2019-08-09 00:00:00-04:00,5.813742027304682,5.837642851012072,5.807767391204834,5.807767391204834,171400,0.0,0.0
2019-08-12 00:00:00-04:00,5.801792185277987,5.819717233231529,5.801792185277987,5.807767391204834,137800,0.0,0.0
2019-08-13 00:00:00-04:00,5.807767391204834,5.825692439158377,5.801792185277987,5.807767391204834,143300,0.0,0.0
2019-08-14 00:00:00-04:00,5.802958072340906,5.80897163826931,5.7428241335124985,5.7608642578125,198000,0.062,0.0
2019-08-15 00:00:00-04:00,5.760863245060457,5.760863245060457,5.724783002803313,5.742823123931885,138300,0.0,0.0
2019-08-16 00:00:00-04:00,5.7488365544826925,5.7488365544826925,5.724782869044903,5.730795860290527,172700,0.0,0.0
2019-08-19 00:00:00-04:00,5.742823123931885,5.760863245060457,5.724783002803313,5.742823123931885,117800,0.0,0.0
2019-08-20 00:00:00-04:00,5.742822402315624,5.7608625211773585,5.742822402315624,5.754848957061768,74400,0.0,0.0
2019-08-21 00:00:00-04:00,5.766876281434114,5.8029565203847335,5.760862717113992,5.784916400909424,144100,0.0,0.0
2019-08-22 00:00:00-04:00,5.790933256027595,5.802959818017083,5.766879558563232,5.766879558563232,72700,0.0,0.0
2019-08-23 00:00:00-04:00,5.77289020261634,5.802956879105464,5.748836517333984,5.748836517333984,84100,0.0,0.0
2019-08-26 00:00:00-04:00,5.75484931344415,5.772890006908135,5.718769073486328,5.718769073486328,165800,0.0,0.0
2019-08-27 00:00:00-04:00,5.742821833926412,5.742821833926412,5.700727462768555,5.700727462768555,216400,0.0,0.0
2019-08-28 00:00:00-04:00,5.688700909212725,5.736808270406006,5.688700909212725,5.700727462768555,233700,0.0,0.0
2019-08-29 00:00:00-04:00,5.7007282096553125,5.7307954577116496,5.7007282096553125,5.724782466888428,154700,0.0,0.0
2019-08-30 00:00:00-04:00,5.724782832051628,5.766876637924478,5.718769267359765,5.748836517333984,443600,0.0,0.0
2019-09-03 00:00:00-04:00,5.760863073232615,5.760863073232615,5.7368093879502595,5.748836517333984,142000,0.0,0.0
2019-09-04 00:00:00-04:00,5.754849508540753,5.766876637924478,5.724782832051628,5.748836517333984,235200,0.0,0.0
2019-09-05 00:00:00-04:00,5.748839428836307,5.784919688290158,5.742825861098871,5.766879558563232,261700,0.0,0.0
2019-09-06 00:00:00-04:00,5.760861966226059,5.814982891082764,5.760861966226059,5.814982891082764,282200,0.0,0.0
2019-09-09 00:00:00-04:00,5.8089701454987805,5.8089701454987805,5.784916461451614,5.802956581115723,81800,0.0,0.0
2019-09-10 00:00:00-04:00,5.808969020843506,5.808969020843506,5.772888788500663,5.808969020843506,73100,0.0,0.0
2019-09-11 00:00:00-04:00,5.796944503994728,5.827011183679322,5.796944503994728,5.820998191833496,70600,0.0,0.0
2019-09-12 00:00:00-04:00,5.816157613164393,5.858523359182741,5.816157613164393,5.840366363525391,204600,0.062,0.0
2019-09-13 00:00:00-04:00,5.846415996551514,5.858520654735251,5.8343119155496455,5.846415996551514,139000,0.0,0.0
2019-09-16 00:00:00-04:00,5.82826227693596,5.852471027296957,5.82826227693596,5.840366363525391,63800,0.0,0.0
2019-09-17 00:00:00-04:00,5.83431339263916,5.846417476705453,5.822208731390851,5.83431339263916,153500,0.0,0.0
2019-09-18 00:00:00-04:00,5.822208731390851,5.852469807329607,5.816156400766697,5.83431339263916,120700,0.0,0.0
2019-09-19 00:00:00-04:00,5.828260225597356,5.8706253795225525,5.828260225597356,5.852468967437744,194000,0.0,0.0
2019-09-20 00:00:00-04:00,5.858521938323975,5.858521938323975,5.840364947070213,5.858521938323975,108300,0.0,0.0
2019-09-23 00:00:00-04:00,5.858522365049474,5.888782864979211,5.852470034190711,5.870626449584961,173100,0.0,0.0
2019-09-24 00:00:00-04:00,5.894836273112597,5.919045023789732,5.882732186365102,5.906940937042236,319900,0.0,0.0
2019-09-25 00:00:00-04:00,5.912993269007056,5.919045023789732,5.888783941147778,5.906940937042236,211900,0.0,0.0
2019-09-26 00:00:00-04:00,5.9069404492902065,5.919044535038235,5.8887834548950195,5.8887834548950195,131700,0.0,0.0
2019-09-27 00:00:00-04:00,5.888782864979211,5.900887526696737,5.870626449584961,5.870626449584961,202700,0.0,0.0
2019-09-30 00:00:00-04:00,5.876676724755683,5.894833133798739,5.858520315712627,5.8827290534973145,338000,0.0,0.0
2019-10-01 00:00:00-04:00,5.900886254154892,5.900886254154892,5.864572854015434,5.876677513122559,184400,0.0,0.0
2019-10-02 00:00:00-04:00,5.864574118726198,5.870626449584961,5.834313618796461,5.870626449584961,223600,0.0,0.0
2019-10-03 00:00:00-04:00,5.864573049766972,5.864573049766972,5.822207895841776,5.852468967437744,296600,0.0,0.0
2019-10-04 00:00:00-04:00,5.828260092890328,5.846416504561722,5.810103681218934,5.816155433654785,203100,0.0,0.0
2019-10-07 00:00:00-04:00,5.798000022243365,5.81615643704707,5.773791276777753,5.804052352905273,304400,0.0,0.0
2019-10-08 00:00:00-04:00,5.779841423034668,5.791945502601907,5.767736766285626,5.779841423034668,184200,0.0,0.0
2019-10-09 00:00:00-04:00,5.785894901731324,5.791946654127221,5.75563383102417,5.75563383102417,196400,0.0,0.0
2019-10-10 00:00:00-04:00,5.755635779590939,5.767739865662481,5.725374698638916,5.725374698638916,227200,0.0,0.0
2019-10-11 00:00:00-04:00,5.7326848840513716,5.757053341054115,5.708316427048628,5.720500946044922,311700,0.062,0.0
2019-10-14 00:00:00-04:00,5.7144065382575535,5.7509589195251465,5.7144065382575535,5.7509589195251465,140500,0.0,0.0
2019-10-15 00:00:00-04:00,5.7631419717350845,5.769234227397185,5.7326812744140625,5.7326812744140625,279000,0.0,0.0
2019-10-16 00:00:00-04:00,5.732681090480636,5.750957275891065,5.726588835014007,5.738773345947266,187100,0.0,0.0
2019-10-17 00:00:00-04:00,5.73877697286079,5.757053169821797,5.732684713543845,5.744869232177734,197300,0.0,0.0
2019-10-18 00:00:00-04:00,5.744867638282072,5.769236087799072,5.738775380655405,5.769236087799072,167700,0.0,0.0
2019-10-21 00:00:00-04:00,5.775327496684099,5.793604268716762,5.7692358203295155,5.78141975402832,126200,0.0,0.0
2019-10-22 00:00:00-04:00,5.787512302398682,5.799696817699824,5.781420044748111,5.787512302398682,131800,0.0,0.0
2019-10-23 00:00:00-04:00,5.793603897094727,5.799696154048169,5.787511640141284,5.793603897094727,171300,0.0,0.0
2019-10-24 00:00:00-04:00,5.793603897094727,5.80578783001201,5.781419383187841,5.793603897094727,244500,0.0,0.0
2019-10-25 00:00:00-04:00,5.787512614442168,5.830157258316091,5.787512614442168,5.811881065368652,242300,0.0,0.0
2019-10-28 00:00:00-04:00,5.811879901155685,5.8301560904421095,5.799695968627931,5.79969596862793,204200,0.0,0.0
2019-10-29 00:00:00-04:00,5.793604537316073,5.811880729206407,5.769236087799072,5.769236087799072,187600,0.0,0.0
2019-10-30 00:00:00-04:00,5.763145446777343,5.7996984218010565,5.757053187441753,5.763145446777344,221600,0.0,0.0
2019-10-31 00:00:00-04:00,5.76314542913874,5.781421626099747,5.7448692321777335,5.744869232177734,269000,0.0,0.0
2019-11-01 00:00:00-04:00,5.769237688455685,5.7753293667828025,5.732684713543845,5.744869232177734,432700,0.0,0.0
2019-11-04 00:00:00-05:00,5.744867243306964,5.763143433940761,5.726590471683543,5.7509589195251465,346400,0.0,0.0
2019-11-05 00:00:00-05:00,5.763141786824325,5.769234042290954,5.738773345947266,5.738773345947266,179200,0.0,0.0
2019-11-06 00:00:00-05:00,5.74486800968132,5.781420395825059,5.738775751660796,5.757051944732666,794900,0.0,0.0
2019-11-07 00:00:00-05:00,5.757051176732954,5.769235691148568,5.738774986099157,5.7509589195251465,460500,0.0,0.0
2019-11-08 00:00:00-05:00,5.7692358203295155,5.799696526060983,5.757051305641074,5.78141975402832,253900,0.0,0.0
2019-11-11 00:00:00-05:00,5.793604872421214,5.817973323347697,5.793604872421214,5.811881065368652,156700,0.0,0.0
2019-11-12 00:00:00-05:00,5.811881065368652,5.824065581326743,5.8057888073896065,5.811881065368652,183100,0.0,0.0
2019-11-13 00:00:00-05:00,5.817973469526053,5.8606181144714355,5.817973469526053,5.8606181144714355,291400,0.0,0.0
2019-11-14 00:00:00-05:00,5.874106201124126,5.880237976380417,5.849579684857234,5.855711460113525,501400,0.062,0.0
2019-11-15 00:00:00-05:00,5.867976537051775,5.87410831451416,5.855713566885488,5.87410831451416,212800,0.0,0.0
2019-11-18 00:00:00-05:00,5.867975637082609,5.880239190126525,5.843449115753174,5.843449115753174,208600,0.0,0.0
2019-11-19 00:00:00-05:00,5.849580434060767,5.861843986144043,5.831185690694202,5.83731746673584,225900,0.0,0.0
2019-11-20 00:00:00-05:00,5.849582384939219,5.849582384939219,5.8127923011779785,5.8127923011779785,245900,0.0,0.0
2019-11-21 00:00:00-05:00,5.825053868962921,5.825053868962921,5.769869054537726,5.78826379776001,349400,0.0,0.0
2019-11-22 00:00:00-05:00,5.794395745425606,5.837317593893716,5.794395745425606,5.831185817718506,361500,0.0,0.0
2019-11-25 00:00:00-05:00,5.837317038010133,5.843448228843114,5.806658744812012,5.806658744812012,240300,0.0,0.0
2019-11-26 00:00:00-05:00,5.818922265368085,5.831185817718506,5.8005275216008165,5.831185817718506,223600,0.0,0.0
2019-11-27 00:00:00-05:00,5.83731746673584,5.849580434060767,5.825053914652564,5.83731746673584,343400,0.0,0.0
2019-11-29 00:00:00-05:00,5.83731746673584,5.849580434060767,5.83731746673584,5.83731746673584,186400,0.0,0.0
2019-12-02 00:00:00-05:00,5.831187189984077,5.86184549331665,5.825055412365863,5.86184549331665,314700,0.0,0.0
2019-12-03 00:00:00-05:00,5.837317796752286,5.85571254115881,5.818922467587381,5.849580764770508,468400,0.0,0.0
2019-12-04 00:00:00-05:00,5.837318889497276,5.910898465655835,5.837318889497276,5.898634910583496,295300,0.0,0.0
2019-12-05 00:00:00-05:00,5.9047656807937745,5.935423978485966,5.9047656807937745,5.92929220199585,303200,0.0,0.0
2019-12-06 00:00:00-05:00,5.941555848694694,5.966082372697497,5.935424656262837,5.94768762588501,280000,0.0,0.0
2019-12-09 00:00:00-05:00,5.9354240531219205,5.9538187980651855,5.9354240531219205,5.9538187980651855,314600,0.0,0.0
2019-12-10 00:00:00-05:00,5.9538198220799625,5.990609903052525,5.93542507397293,5.978346347808838,386500,0.0,0.0
2019-12-11 00:00:00-05:00,5.99060699270204,6.01513350651547,5.978343443416217,6.009001731872559,278000,0.0,0.0
2019-12-12 00:00:00-05:00,6.022581577301025,6.022581577301025,5.9793864332272735,6.022581577301025,230300,0.062,0.0
2019-12-13 00:00:00-05:00,5.991725444793701,6.016408121239015,5.979383812330331,5.991725444793701,235800,0.0,0.0
2019-12-16 00:00:00-05:00,5.991726894823664,6.053433895111084,5.991726894823664,6.053433895111084,349300,0.0,0.0
2019-12-17 00:00:00-05:00,6.053430063747674,6.090453769701666,6.047259249928277,6.065771102905273,261900,0.0,0.0
2019-12-18 00:00:00-05:00,6.078115984279895,6.0904570300439005,6.071945167157137,6.084286212921143,238700,0.0,0.0
2019-12-19 00:00:00-05:00,6.096626215930916,6.12130888933625,6.084284584987572,6.102797031402588,310100,0.0,0.0
2019-12-20 00:00:00-05:00,6.102799458970819,6.139823189565421,6.090457823118226,6.108969688415527,280800,0.0,0.0
2019-12-23 00:00:00-05:00,6.121308326721192,6.133649368048905,6.108966696912179,6.121308326721191,236600,0.0,0.0
2019-12-24 00:00:00-05:00,6.121308869345563,6.145991542670289,6.115138053894043,6.115138053894043,123400,0.0,0.0
2019-12-26 00:00:00-05:00,6.139822006225586,6.152163639699552,6.127480961233094,6.139822006225586,153100,0.0,0.0
2019-12-27 00:00:00-05:00,6.158332929640505,6.238551769554314,6.152162702325123,6.213869094848633,686300,0.0,0.0
2019-12-30 00:00:00-05:00,6.226209099146129,6.238550139032796,6.207697245075515,6.232379913330078,430800,0.0,0.0
2019-12-31 00:00:00-05:00,6.232378992557355,6.324938837716851,6.220037366012812,6.31876802444458,1995200,0.0,0.0
2020-01-02 00:00:00-05:00,6.324942882486823,6.337284516923781,6.250894841309638,6.287918567657471,1511100,0.0,0.0
2020-01-03 00:00:00-05:00,6.263236001860106,6.275577636522872,6.238553321016106,6.257065773010254,989600,0.0,0.0
2020-01-06 00:00:00-05:00,6.220041457503488,6.257065773010254,6.213870640172105,6.257065773010254,838900,0.0,0.0
2020-01-07 00:00:00-05:00,6.250894999569515,6.263236045837402,6.213870683802782,6.263236045837402,601400,0.0,0.0
2020-01-08 00:00:00-05:00,6.250893439796251,6.275576114654541,6.23238158077288,6.275576114654541,252500,0.0,0.0
2020-01-09 00:00:00-05:00,6.275577680586825,6.287918726854713,6.250894999569515,6.263236045837402,199000,0.0,0.0
2020-01-10 00:00:00-05:00,6.275576658196781,6.306430151562283,6.263235025458004,6.269405841827393,198600,0.0,0.0
2020-01-13 00:00:00-05:00,6.269405146530855,6.312599679363287,6.26323433084583,6.300258636474609,116400,0.0,0.0
2020-01-14 00:00:00-05:00,6.301500602252635,6.320126154180689,6.28287564240138,6.313917636871338,167900,0.062,0.0
2020-01-15 00:00:00-05:00,6.301500602252635,6.338751114031944,6.301500602252635,6.313917636871338,195600,0.0,0.0
2020-01-16 00:00:00-05:00,6.313917557248465,6.332542516864846,6.307709040017407,6.326333999633789,110800,0.0,0.0
2020-01-17 00:00:00-05:00,6.332541845823082,6.351166803465829,6.320125404753494,6.33875036239624,170700,0.0,0.0
2020-01-21 00:00:00-05:00,6.326333329249923,6.351166803465829,6.320125404753494,6.33875036239624,306400,0.0,0.0
2020-01-22 00:00:00-05:00,6.320126106821669,6.407042980194092,6.320126106821669,6.407042980194092,212500,0.0,0.0
2020-01-23 00:00:00-05:00,6.407042406449876,6.425667956570463,6.394625965112893,6.413250923156738,132000,0.0,0.0
2020-01-24 00:00:00-05:00,6.4194582934838795,6.431874732603548,6.400833338766058,6.425666809082031,199400,0.0,0.0
2020-01-27 00:00:00-05:00,6.382207182391089,6.407040650335156,6.35116519944186,6.3573737144470215,343900,0.0,0.0
2020-01-28 00:00:00-05:00,6.363585292764571,6.394627290656844,6.357376774770744,6.3822102546691895,203800,0.0,0.0
2020-01-29 00:00:00-05:00,6.400834481819755,6.413250923156738,6.388417448406031,6.413250923156738,140600,0.0,0.0
2020-01-30 00:00:00-05:00,6.394630142941662,6.4132551131538325,6.3635881312032945,6.376005172729492,345000,0.0,0.0
2020-01-31 00:00:00-05:00,6.394627369659475,6.394627369659475,6.33254337310791,6.33254337310791,308400,0.0,0.0
2020-02-03 00:00:00-05:00,6.369792752884062,6.394626228658245,6.338750760147141,6.35116720199585,241100,0.0,0.0
2020-02-04 00:00:00-05:00,6.369792353185304,6.394625827401209,6.33875036239624,6.33875036239624,388200,0.0,0.0
2020-02-05 00:00:00-05:00,6.357375320038987,6.369792353185304,6.332541845823082,6.33875036239624,144800,0.0,0.0
2020-02-06 00:00:00-05:00,6.344961936002065,6.363586902618409,6.326336377308707,6.363586902618408,152800,0.0,0.0
2020-02-07 00:00:00-05:00,6.3635841482850575,6.394626140594482,6.357375631407821,6.394626140594482,199100,0.0,0.0
2020-02-10 00:00:00-05:00,6.394629378233747,6.438087834224165,6.3884208582131,6.4008378982543945,200700,0.0,0.0
2020-02-11 00:00:00-05:00,6.413249777885727,6.438083248201701,6.394624823167906,6.425666809082031,198200,0.0,0.0
2020-02-12 00:00:00-05:00,6.425667956570463,6.425667956570463,6.400834481819755,6.413250923156738,263400,0.0,0.0
2020-02-13 00:00:00-05:00,6.433236624662442,6.433236624662442,6.383269786834716,6.383269786834717,307300,0.062,0.0
2020-02-14 00:00:00-05:00,6.383269786834716,6.395761198465801,6.36453177591055,6.383269786834717,114400,0.0,0.0
2020-02-18 00:00:00-05:00,6.38951500957071,6.414499023411894,6.3832696017620885,6.395761013031006,209800,0.0,0.0
2020-02-19 00:00:00-05:00,6.402007016491302,6.402007016491302,6.3832696017620885,6.395761013031006,97500,0.0,0.0
2020-02-20 00:00:00-05:00,6.389519379037488,6.402011394500732,6.3832739669579475,6.402011394500732,119500,0.0,0.0
2020-02-21 00:00:00-05:00,6.377023598301793,6.402007016491302,6.377023598301793,6.395761013031006,202800,0.0,0.0
2020-02-24 00:00:00-05:00,6.364531814794887,6.370777818474435,6.295827561274936,6.308319568634033,368400,0.0,0.0
2020-02-25 00:00:00-05:00,6.314567153922458,6.339550581603235,6.20838743736618,6.239616870880127,471700,0.0,0.0
2020-02-26 00:00:00-05:00,6.214632529077942,6.264599377089784,6.1896491050720215,6.1896491050720215,264100,0.0,0.0
2020-02-27 00:00:00-05:00,6.1459288567210235,6.152174862239887,5.896093996833286,6.0397491455078125,662100,0.0,0.0
2020-02-28 00:00:00-05:00,5.902339910695487,5.933569342152979,5.814898217396739,5.821143627166748,966400,0.0,0.0
2020-03-02 00:00:00-05:00,5.82738972014522,6.00227370502221,5.796160288218505,5.933569431304932,593000,0.0,0.0
2020-03-03 00:00:00-05:00,5.9585527773504,6.127191350089044,5.9585527773504,6.03350305557251,539800,0.0,0.0
2020-03-04 00:00:00-05:00,6.064733598214707,6.227126195274273,6.021012743487889,6.1521759033203125,504800,0.0,0.0
2020-03-05 00:00:00-05:00,6.102207166176073,6.102207166176073,5.958552037352133,5.99602746963501,246200,0.0,0.0
2020-03-06 00:00:00-05:00,5.914832424044917,5.914832424044917,5.808652705459859,5.902340412139893,628300,0.0,0.0
2020-03-09 00:00:00-04:00,5.671240979436568,5.671240979436568,5.396423394395645,5.477619647979736,1022000,0.0,0.0
2020-03-10 00:00:00-04:00,5.590047962403852,5.590047962403852,5.346459656269352,5.465130805969238,634000,0.0,0.0
2020-03-11 00:00:00-04:00,5.4026706415015004,5.421408657237056,5.1653283987029095,5.184065818786621,460200,0.0,0.0
2020-03-12 00:00:00-04:00,4.9273179411052395,5.021711066044328,4.618967406380683,4.769996166229248,1198500,0.062,0.0
2020-03-13 00:00:00-04:00,4.895852780105842,4.983952872273427,4.864388311440855,4.933609962463379,759100,0.0,0.0
2020-03-16 00:00:00-04:00,4.618967579229248,4.637846024883042,4.342081209077913,4.455352783203125,524800,0.0,0.0
2020-03-17 00:00:00-04:00,4.467937403092155,4.52457332611084,4.348372843423493,4.52457332611084,746000,0.0,0.0
2020-03-18 00:00:00-04:00,4.2539792249903465,4.279150674836781,3.3289273928981493,3.360391855239868,1485000,0.0,0.0
2020-03-19 00:00:00-04:00,3.278585018229276,3.561764024382882,2.9765272716339766,3.5240068435668945,1231600,0.0,0.0
2020-03-20 00:00:00-04:00,3.630985794590115,4.0526081113040515,3.630985794590115,3.8197720050811768,1565000,0.0,0.0
2020-03-23 00:00:00-04:00,3.719084691347234,3.8386492129052385,3.4421984782761683,3.4610772132873535,1593600,0.0,0.0
2020-03-24 00:00:00-04:00,3.580642659566106,3.851235930826546,3.580642659566106,3.737964391708374,1579400,0.0,0.0
2020-03-25 00:00:00-04:00,3.775723168221381,4.228809816378239,3.719087224676455,4.165881156921387,1038700,0.0,0.0
2020-03-26 00:00:00-04:00,4.310616121393055,4.46793787983855,4.260273206701288,4.342080593109131,830700,0.0,0.0
2020-03-27 00:00:00-04:00,4.128123417596379,4.600088751468842,4.128123417596379,4.511988639831543,827300,0.0,0.0
2020-03-30 00:00:00-04:00,4.474231449129843,4.543452815382554,4.411302797960344,4.511988639831543,982700,0.0,0.0
2020-03-31 00:00:00-04:00,4.549743443934159,4.820336652055225,4.486814825774297,4.751115322113037,1811600,0.0,0.0
2020-04-01 00:00:00-04:00,4.625257878677893,4.656722338423813,4.4679361800829485,4.518279075622559,561700,0.0,0.0
2020-04-02 00:00:00-04:00,4.4364741812686415,4.568624496459961,4.4364741812686415,4.568624496459961,448400,0.0,0.0
2020-04-03 00:00:00-04:00,4.518281354914754,4.543452815382554,4.411302797960344,4.511988639831543,232400,0.0,0.0
2020-04-06 00:00:00-04:00,4.568623368875436,4.618966276510306,4.5119874477525075,4.593794822692871,628400,0.0,0.0
2020-04-07 00:00:00-04:00,4.644138195508511,4.763702763151229,4.644138195508511,4.732238292694092,235000,0.0,0.0
2020-04-08 00:00:00-04:00,4.7637035769991884,4.96507526211214,4.751117846679629,4.864389419555664,348500,0.0,0.0
2020-04-09 00:00:00-04:00,5.046882063920748,5.260839141327551,4.958781667246285,5.034296035766602,286000,0.0,0.0
2020-04-13 00:00:00-04:00,4.952486739728724,5.034294090719063,4.788872337815356,4.895851135253906,489200,0.0,0.0
2020-04-14 00:00:00-04:00,4.963684602415686,5.19189977101533,4.963684602415686,5.1665425300598145,867000,0.057,0.0
2020-04-15 00:00:00-04:00,5.103149290557981,5.109488751392093,4.836897981167877,4.982702255249023,306800,0.0,0.0
2020-04-16 00:00:00-04:00,4.938327689817713,4.938327689817713,4.817880636129211,4.855916500091553,424400,0.0,0.0
2020-04-17 00:00:00-04:00,4.970021124819378,5.008056963760509,4.855913305714008,4.92564582824707,342000,0.0,0.0
2020-04-20 00:00:00-04:00,4.912969074447813,4.957344387812766,4.82421875,4.82421875,221800,0.0,0.0
2020-04-21 00:00:00-04:00,4.773504278886963,4.8559151433046015,4.697432269935317,4.82421875,259800,0.0,0.0
2020-04-22 00:00:00-04:00,4.881272865543851,4.881272865543851,4.798861992909514,4.836897850036621,229200,0.0,0.0
2020-04-23 00:00:00-04:00,4.84957734057225,4.906630985374674,4.811541476609909,4.855916500091553,156100,0.0,0.0
2020-04-24 00:00:00-04:00,4.817877879579676,4.881270949913223,4.7988601096206125,4.849574565887451,215600,0.0,0.0
2020-04-27 00:00:00-04:00,4.849575010846761,4.849575010846761,4.786181934696757,4.798860549926758,102100,0.0,0.0
2020-04-28 00:00:00-04:00,4.798860936011653,4.824218168511731,4.773503703511575,4.7925214767456055,189500,0.0,0.0
2020-04-29 00:00:00-04:00,4.824217337754032,4.887610408087579,4.811538723687322,4.849574565887451,248100,0.0,0.0
2020-04-30 00:00:00-04:00,4.830556936860744,4.830556936860744,4.7608247042367555,4.798860549926758,274700,0.0,0.0
2020-05-01 00:00:00-04:00,4.773505591732075,4.779844751223601,4.640379917306093,4.716451644897461,369000,0.0,0.0
2020-05-04 00:00:00-04:00,4.691091049642785,4.716448274050425,4.672072980196075,4.678412437438965,262900,0.0,0.0
2020-05-05 00:00:00-04:00,4.69743252274423,4.754486456958,4.69743252274423,4.710111141204834,386000,0.0,0.0
2020-05-06 00:00:00-04:00,4.735466957092285,4.773503103342199,4.72278834243632,4.735466957092285,253600,0.0,0.0
2020-05-07 00:00:00-04:00,4.7418084144592285,4.792522894461657,4.735468953317852,4.7418084144592285,229200,0.0,0.0
2020-05-08 00:00:00-04:00,4.792522439226284,4.83055829561513,4.76716520163372,4.817879676818848,151400,0.0,0.0
2020-05-11 00:00:00-04:00,4.805200113734477,4.86225403824692,4.805200113734477,4.830557346343994,120900,0.0,0.0
2020-05-12 00:00:00-04:00,4.824218196200274,4.855914585866265,4.7861823472318505,4.843235969543457,234300,0.0,0.0
2020-05-13 00:00:00-04:00,4.817878103497068,4.830556718153034,4.72278834243632,4.735466957092285,220200,0.0,0.0
2020-05-14 00:00:00-04:00,4.701610581727864,4.733550687662694,4.682446274481902,4.6952223777771,237000,0.057,0.0
2020-05-15 00:00:00-04:00,4.676058375137467,4.720774584367496,4.669670171186704,4.6952223777771,325400,0.0,0.0
2020-05-18 00:00:00-04:00,4.759103281125635,4.778267589929484,4.752715381261922,4.765491485595703,233200,0.0,0.0
2020-05-19 00:00:00-04:00,4.778267589929484,4.784655489793197,4.752715381261922,4.765491485595703,199400,0.0,0.0
2020-05-20 00:00:00-04:00,4.765492084270895,4.829372613964931,4.759103878998295,4.816596508026123,289800,0.0,0.0
2020-05-21 00:00:00-04:00,4.80382180912143,4.848538345307876,4.80382180912143,4.822986125946045,317800,0.0,0.0
2020-05-22 00:00:00-04:00,4.848536220659524,4.861312324741898,4.822984012494774,4.835760116577148,337100,0.0,0.0
2020-05-26 00:00:00-04:00,4.880477350882795,4.899641663323907,4.854925137365587,4.861313343048096,173900,0.0,0.0
2020-05-27 00:00:00-04:00,4.8613129884969934,4.937969623457802,4.8613129884969934,4.912417411804199,273900,0.0,0.0
2020-05-28 00:00:00-04:00,4.912418268773572,4.989074917107102,4.893253954386968,4.976298809051514,279700,0.0,0.0
2020-05-29 00:00:00-04:00,4.944356220893687,4.9890727318048445,4.931580118434258,4.963520526885986,346700,0.0,0.0
2020-06-01 00:00:00-04:00,4.995462064964651,5.05934259170714,4.982685959616154,5.046566486358643,290600,0.0,0.0
2020-06-02 00:00:00-04:00,5.033789561929513,5.104057977609231,5.033789561929513,5.097670078277588,209200,0.0,0.0
2020-06-03 00:00:00-04:00,5.1168351796317175,5.161551395712281,5.1168351796317175,5.142387390136719,208500,0.0,0.0
2020-06-04 00:00:00-04:00,5.135998388086432,5.15516239068769,5.091281874339615,5.097670078277588,200400,0.0,0.0
2020-06-05 00:00:00-04:00,5.2318198222978465,5.2318198222978465,5.13599918520728,5.142387390136719,231000,0.0,0.0
2020-06-08 00:00:00-04:00,5.14877713677145,5.206269170713056,5.14877713677145,5.193493366241455,469300,0.0,0.0
2020-06-09 00:00:00-04:00,5.193491856083176,5.193491856083176,5.110447018920191,5.174327850341797,366400,0.0,0.0
2020-06-10 00:00:00-04:00,5.199880096481453,5.20626769229691,5.155163270496684,5.161551475524902,181200,0.0,0.0
2020-06-11 00:00:00-04:00,5.059343027868626,5.059343027868626,4.989074290090894,5.014626502990723,365700,0.0,0.0
2020-06-12 00:00:00-04:00,5.069887114326385,5.114867212464806,5.069887114326385,5.108441352844238,386900,0.046,0.0
2020-06-15 00:00:00-04:00,4.992778980287663,5.095590290064933,4.992778980287663,5.082738876342773,722900,0.0,0.0
2020-06-16 00:00:00-04:00,5.140569686889648,5.172698369993441,5.140569686889648,5.140569686889648,255900,0.0,0.0
2020-06-17 00:00:00-04:00,5.17269897939855,5.198401806348949,5.146996152448152,5.159847259521484,278600,0.0,0.0
2020-06-18 00:00:00-04:00,5.153421881045515,5.179124707340845,5.14057016149599,5.146996021270752,131100,0.0,0.0
2020-06-19 00:00:00-04:00,5.1534214052526295,5.185549475552762,5.1277182749284975,5.140569686889648,149200,0.0,0.0
2020-06-22 00:00:00-04:00,5.11486751188448,5.166273166250857,5.11486751188448,5.127718925476074,110900,0.0,0.0
2020-06-23 00:00:00-04:00,5.1341442994987565,5.159847125782961,5.127718746128634,5.153421878814697,78600,0.0,0.0
2020-06-24 00:00:00-04:00,5.153422413276191,5.159847660910818,5.089165034499687,5.102016448974609,178800,0.0,0.0
2020-06-25 00:00:00-04:00,5.095589810104472,5.108441222616139,5.0763128445378936,5.0891642570495605,70900,0.0,0.0
2020-06-26 00:00:00-04:00,5.069886246935701,5.069886246935701,5.024906462894578,5.037757873535156,125900,0.0,0.0
2020-06-29 00:00:00-04:00,5.031332015013968,5.050609284175733,5.012055052254001,5.037757873535156,107700,0.0,0.0
2020-06-30 00:00:00-04:00,5.024908311004359,5.0763139724731445,5.005631034752609,5.0763139724731445,141000,0.0,0.0
2020-07-01 00:00:00-04:00,5.095590942322983,5.114868218574733,5.0634625571059475,5.0763139724731445,303900,0.0,0.0
2020-07-02 00:00:00-04:00,5.089165387840341,5.10844235769018,5.0763139724731445,5.0763139724731445,122700,0.0,0.0
2020-07-06 00:00:00-04:00,5.095590591430664,5.1020164518727205,5.076313622908275,5.095590591430664,173800,0.0,0.0
2020-07-07 00:00:00-04:00,5.063462257385254,5.095590640700519,5.057036396881065,5.063462257385254,71800,0.0,0.0
2020-07-08 00:00:00-04:00,5.076312105456888,5.076312105456888,5.031332015013968,5.037757873535156,106300,0.0,0.0
2020-07-09 00:00:00-04:00,5.018481854491672,5.057036096017376,4.9927790268078684,5.050610542297363,331200,0.0,0.0
2020-07-10 00:00:00-04:00,5.018482681452295,5.037759958592654,5.01205712667346,5.024908542633057,140900,0.0,0.0
2020-07-13 00:00:00-04:00,5.037759128455462,5.08273892370118,5.037759128455462,5.050610542297363,113200,0.0,0.0
2020-07-14 00:00:00-04:00,5.060951549770216,5.067415237426758,5.048024482662723,5.067415237426758,167800,0.046,0.0
2020-07-15 00:00:00-04:00,5.060950736729247,5.099731931821533,5.060950736729247,5.0868048667907715,144100,0.0,0.0
2020-07-16 00:00:00-04:00,5.067414433006954,5.086804876487289,5.05448736795155,5.073877811431885,76800,0.0,0.0
2020-07-17 00:00:00-04:00,5.06095309318604,5.106197995963193,5.06095309318604,5.099734306335449,131400,0.0,0.0
2020-07-20 00:00:00-04:00,5.093271206278046,5.132052421569824,5.093271206278046,5.132052421569824,98700,0.0,0.0
2020-07-21 00:00:00-04:00,5.125586488210389,5.151440620422363,5.112659422104401,5.151440620422363,393900,0.0,0.0
2020-07-22 00:00:00-04:00,5.119125067012996,5.132052138062799,5.09327092491339,5.099734306335449,579000,0.0,0.0
2020-07-23 00:00:00-04:00,5.119124920013189,5.125588301249647,5.086807089213871,5.093270778656006,255900,0.0,0.0
2020-07-24 00:00:00-04:00,5.09327092491339,5.125588448435055,5.073880164235843,5.099734306335449,742500,0.0,0.0
2020-07-27 00:00:00-04:00,5.125586488210389,5.157904307578141,5.10619604315419,5.151440620422363,644100,0.0,0.0
2020-07-28 00:00:00-04:00,5.132051929566928,5.164369451775654,5.132051929566928,5.144979000091553,144200,0.0,0.0
2020-07-29 00:00:00-04:00,5.164368128909534,5.203149638755098,5.15144106169621,5.190222263336182,68900,0.0,0.0
2020-07-30 00:00:00-04:00,5.1772966384887695,5.19022340032829,5.1514421901927445,5.1772966384887695,599200,0.0,0.0
2020-07-31 00:00:00-04:00,5.177295504328451,5.19668595104564,5.170831816618993,5.190222263336182,317300,0.0,0.0
2020-08-03 00:00:00-04:00,5.209612331544361,5.241929531097412,5.196684958594284,5.241929531097412,328600,0.0,0.0
2020-08-04 00:00:00-04:00,5.216076506315122,5.274248464088499,5.216076506315122,5.254858016967773,137300,0.0,0.0
2020-08-05 00:00:00-04:00,5.261322155740097,5.29363936490736,5.261322155740097,5.280712604522705,66200,0.0,0.0
2020-08-06 00:00:00-04:00,5.300102896951797,5.300102896951797,5.261322000530621,5.26778507232666,61400,0.0,0.0
2020-08-07 00:00:00-04:00,5.274248464088499,5.280712151932474,5.248394329123799,5.254858016967773,63000,0.0,0.0
2020-08-10 00:00:00-04:00,5.2742476261921905,5.306565443866678,5.2742476261921905,5.3001017570495605,89400,0.0,0.0
2020-08-11 00:00:00-04:00,5.31303074776568,5.332421197707637,5.28071292025489,5.287176609039307,807300,0.0,0.0
2020-08-12 00:00:00-04:00,5.313029130683796,5.32595588790693,5.293638070232443,5.3001017570495605,123800,0.0,0.0
2020-08-13 00:00:00-04:00,5.297503085814176,5.382003213377514,5.29100355283907,5.3040032386779785,1394600,0.046,0.0
2020-08-14 00:00:00-04:00,5.278002446640773,5.317002738020039,5.278002446640773,5.2910027503967285,581700,0.0,0.0
2020-08-17 00:00:00-04:00,5.284503965307788,5.317004113214945,5.278003811748604,5.310503959655762,930200,0.0,0.0
2020-08-18 00:00:00-04:00,5.297503652537394,5.317004113214945,5.278003811748604,5.310503959655762,541200,0.0,0.0
2020-08-19 00:00:00-04:00,5.310503097618036,5.323502782737442,5.2975027926099685,5.31700325012207,106600,0.0,0.0
2020-08-20 00:00:00-04:00,5.2975011281187045,5.3300012605385705,5.2975011281187045,5.323501110076904,1439200,0.0,0.0
2020-08-21 00:00:00-04:00,5.304002945114003,5.323502782737442,5.291003259994596,5.31700325012207,1067800,0.0,0.0
2020-08-24 00:00:00-04:00,5.323501390088074,5.356001524217417,5.310501708369437,5.343001842498779,126600,0.0,0.0
2020-08-25 00:00:00-04:00,5.3365016916952115,5.349501373413848,5.310501708369437,5.343001842498779,235200,0.0,0.0
2020-08-26 00:00:00-04:00,5.33650315287031,5.3690032958984375,5.33000300028695,5.3690032958984375,210800,0.0,0.0
2020-08-27 00:00:00-04:00,5.349500885918514,5.401501467719793,5.349500885918514,5.388501167297363,212300,0.0,0.0
2020-08-28 00:00:00-04:00,5.382002154498132,5.40150260925293,5.375502622801772,5.40150260925293,143500,0.0,0.0
2020-08-31 00:00:00-04:00,5.369001336552159,5.421001298464996,5.369001336552159,5.388501167297363,191800,0.0,0.0
2020-09-01 00:00:00-04:00,5.4015025165857224,5.408002048170577,5.38200206216547,5.395002365112305,179300,0.0,0.0
2020-09-02 00:00:00-04:00,5.40150260925293,5.414502292534221,5.375502622801772,5.40150260925293,230500,0.0,0.0
2020-09-03 00:00:00-04:00,5.382001017086147,5.414501148253781,5.369001336552159,5.388501167297363,388900,0.0,0.0
2020-09-04 00:00:00-04:00,5.356003054840526,5.434003027108455,5.356003054840526,5.421003341674805,211600,0.0,0.0
2020-09-08 00:00:00-04:00,5.3820012449503265,5.434001209064748,5.3820012449503265,5.427501678466797,119900,0.0,0.0
2020-09-09 00:00:00-04:00,5.440501400284806,5.460001232001594,5.414501418032931,5.4535017013549805,605900,0.0,0.0
2020-09-10 00:00:00-04:00,5.427503850346848,5.473003682182147,5.414503544171781,5.46000337600708,726600,0.0,0.0
2020-09-11 00:00:00-04:00,5.460004509089702,5.479504972399118,5.460004509089702,5.4730048179626465,99500,0.0,0.0
2020-09-14 00:00:00-04:00,5.503065435862324,5.522672382667903,5.489993722462871,5.496529579162598,105600,0.046,0.0
2020-09-15 00:00:00-04:00,5.5096025466918945,5.529209497960529,5.503066688504436,5.5096025466918945,480200,0.0,0.0
2020-09-16 00:00:00-04:00,5.52267437943905,5.535746097564697,5.496531566481583,5.535746097564697,383600,0.0,0.0
2020-09-17 00:00:00-04:00,5.496534015649412,5.516140978280606,5.489998153674313,5.503069877624512,680700,0.0,0.0
2020-09-18 00:00:00-04:00,5.516136169433594,5.522672025710877,5.496529223895307,5.516136169433594,997300,0.0,0.0
2020-09-21 00:00:00-04:00,5.489996174403615,5.489996174403615,5.44424640365998,5.463853359222412,1028100,0.0,0.0
2020-09-22 00:00:00-04:00,5.457318122897521,5.489996174403615,5.457318122897521,5.463853359222412,381500,0.0,0.0
2020-09-23 00:00:00-04:00,5.457318081680258,5.489996132939546,5.411567687988281,5.411567687988281,1317200,0.0,0.0
2020-09-24 00:00:00-04:00,5.405031795136353,5.444245701201538,5.372353124552833,5.424638748168945,328400,0.0,0.0
2020-09-25 00:00:00-04:00,5.405032010005747,5.411567245747211,5.391960291935171,5.398496150970459,383000,0.0,0.0
2020-09-28 00:00:00-04:00,5.39849593636089,5.437709842426075,5.39849593636089,5.424638748168945,197100,0.0,0.0
2020-09-29 00:00:00-04:00,5.424638748168945,5.444245701201538,5.411567030618018,5.424638748168945,503800,0.0,0.0
2020-09-30 00:00:00-04:00,5.418103037188936,5.46385280327755,5.418103037188936,5.4311747550964355,149500,0.0,0.0
2020-10-01 00:00:00-04:00,5.450781708663867,5.483460380138799,5.4311747550964355,5.4311747550964355,254900,0.0,0.0
2020-10-02 00:00:00-04:00,5.405030900973358,5.47692346572876,5.405030900973358,5.47692346572876,134200,0.0,0.0
2020-10-05 00:00:00-04:00,5.489994972129518,5.52267363977307,5.483459737235801,5.5096025466918945,109200,0.0,0.0
2020-10-06 00:00:00-04:00,5.470389366149902,5.50960390162463,5.470389366149902,5.470389366149902,201200,0.0,0.0
2020-10-07 00:00:00-04:00,5.483460974056128,5.503067929747203,5.444246439380095,5.450782299041748,208700,0.0,0.0
2020-10-08 00:00:00-04:00,5.45078226327875,5.503067893641156,5.45078226327875,5.463853359222412,155400,0.0,0.0
2020-10-09 00:00:00-04:00,5.476922869437756,5.496529817092065,5.457315921783447,5.457315921783447,128000,0.0,0.0
2020-10-12 00:00:00-04:00,5.470389366149902,5.4965321820350885,5.4638535063551315,5.470389366149902,134600,0.0,0.0
2020-10-13 00:00:00-04:00,5.46385265423413,5.483460230560522,5.424638748168945,5.424638748168945,549900,0.0,0.0
2020-10-14 00:00:00-04:00,5.423980754759171,5.456853490793133,5.397682691331059,5.41740608215332,724500,0.049,0.0
2020-10-15 00:00:00-04:00,5.371385552497992,5.397683620452881,5.364810878760421,5.397683620452881,122600,0.0,0.0
2020-10-16 00:00:00-04:00,5.3845348166494444,5.3845348166494444,5.358236746039263,5.364811420440674,216300,0.0,0.0
2020-10-19 00:00:00-04:00,5.358236770627894,5.377960793922638,5.331938699897032,5.338513374328613,154600,0.0,0.0
2020-10-20 00:00:00-04:00,5.331938699897032,5.364811445059475,5.331938699897032,5.338513374328613,928500,0.0,0.0
2020-10-21 00:00:00-04:00,5.331937222123937,5.351661239952071,5.299065113067627,5.299065113067627,1790100,0.0,0.0
2020-10-22 00:00:00-04:00,5.2924914791670625,5.318789547770565,5.2661934105635595,5.285916805267334,278000,0.0,0.0
2020-10-23 00:00:00-04:00,5.292489528656006,5.31221291609086,5.279340185702649,5.292489528656006,425100,0.0,0.0
2020-10-26 00:00:00-04:00,5.2661928705671635,5.285916263248497,5.259618197341603,5.272767543792725,191400,0.0,0.0
2020-10-27 00:00:00-04:00,5.253043524116043,5.285916263248497,5.246469164388156,5.272767543792725,1071800,0.0,0.0
2020-10-28 00:00:00-04:00,5.2201714945557045,5.23332052850682,5.20702246060459,5.213596820831299,109800,0.0,0.0
2020-10-29 00:00:00-04:00,5.213596572144839,5.239894638792661,5.200447538820928,5.22674560546875,195200,0.0,0.0
2020-10-30 00:00:00-04:00,5.220170997805252,5.239894390106201,5.200447292006635,5.239894390106201,442200,0.0,0.0
2020-11-02 00:00:00-05:00,5.239893584526827,5.2661919593811035,5.220170195258145,5.2661919593811035,248900,0.0,0.0
2020-11-03 00:00:00-05:00,5.272768019377501,5.318789482116699,5.2661933455589285,5.318789482116699,262600,0.0,0.0
2020-11-04 00:00:00-05:00,5.331937769885175,5.377959855883477,5.318789050310913,5.358235836029053,143200,0.0,0.0
2020-11-05 00:00:00-05:00,5.364809023506429,5.3976817538308675,5.364809023506429,5.391107082366943,92000,0.0,0.0
2020-11-06 00:00:00-05:00,5.404257363936909,5.41740608215332,5.404257363936909,5.41740608215332,96700,0.0,0.0
2020-11-09 00:00:00-05:00,5.483153361253121,5.535749505442967,5.476578686480517,5.5028767585754395,197000,0.0,0.0
2020-11-10 00:00:00-05:00,5.509450435638428,5.522599155807032,5.502875762056434,5.509450435638428,152100,0.0,0.0
2020-11-11 00:00:00-05:00,5.522601037454918,5.555473789569829,5.496302961162107,5.535750389099121,217400,0.0,0.0
2020-11-12 00:00:00-05:00,5.535087490106266,5.554926337053188,5.5284743309021,5.5284743309021,108100,0.049,0.0
2020-11-13 00:00:00-05:00,5.535087048136831,5.535087048136831,5.502021885421787,5.5086350440979,269000,0.0,0.0
2020-11-16 00:00:00-05:00,5.515249688416727,5.548314860038536,5.495410837709919,5.535088539123535,305600,0.0,0.0
2020-11-17 00:00:00-05:00,5.5350865979925326,5.554925441741943,5.515247754243121,5.554925441741943,354800,0.0,0.0
2020-11-18 00:00:00-05:00,5.548313808514596,5.561539496257354,5.5218618023635075,5.5284743309021,170200,0.0,0.0
2020-11-19 00:00:00-05:00,5.521860912381415,5.581377443629649,5.521860912381415,5.554925441741943,1086100,0.0,0.0
2020-11-20 00:00:00-05:00,5.568150930604708,5.574764087760303,5.541698932647705,5.541698932647705,113300,0.0,0.0
2020-11-23 00:00:00-05:00,5.568151570630405,5.587990413712168,5.5549252547989285,5.574764728546143,631800,0.0,0.0
2020-11-24 00:00:00-05:00,5.574764791762841,5.647507637664496,5.574764791762841,5.601216793060303,1526900,0.0,0.0
2020-11-25 00:00:00-05:00,5.594602933438606,5.627668088580027,5.594602933438606,5.607828617095947,214100,0.0,0.0
2020-11-27 00:00:00-05:00,5.6210548139637995,5.654119968414307,5.6210548139637995,5.654119968414307,91200,0.0,0.0
2020-11-30 00:00:00-05:00,5.634281571288539,5.673959255218506,5.634281571288539,5.673959255218506,167000,0.0,0.0
2020-12-01 00:00:00-05:00,5.673957994065797,5.713636299841869,5.660732312583957,5.7070231437683105,188100,0.0,0.0
2020-12-02 00:00:00-05:00,5.6805727007595115,5.7599287033081055,5.6805727007595115,5.7599287033081055,169900,0.0,0.0
2020-12-03 00:00:00-05:00,5.7467031146949985,5.832672286000227,5.733477427929478,5.799607753753662,536600,0.0,0.0
2020-12-04 00:00:00-05:00,5.78638249849298,5.8525128364563,5.78638249849298,5.852512836456299,196000,0.0,0.0
2020-12-07 00:00:00-05:00,5.826061060072183,5.845899909987201,5.812834739685059,5.812834739685059,193600,0.0,0.0
2020-12-08 00:00:00-05:00,5.806221579491497,5.839286749793639,5.806221579491497,5.812834739685059,114400,0.0,0.0
2020-12-09 00:00:00-05:00,5.812833881340822,5.839285887543403,5.786381875138241,5.819447040557861,575200,0.0,0.0
2020-12-10 00:00:00-05:00,5.819446183187932,5.84589818549338,5.812833024945199,5.826059341430664,99800,0.0,0.0
2020-12-11 00:00:00-05:00,5.82605975795023,5.839285444715751,5.792994595038138,5.799607753753662,456200,0.0,0.0
2020-12-14 00:00:00-05:00,5.825542527468878,5.845492837476883,5.792291587982923,5.805591583251953,312700,0.049,0.0
2020-12-15 00:00:00-05:00,5.8255430592877016,5.83219337463379,5.7989424321123275,5.832193374633789,354100,0.0,0.0
2020-12-16 00:00:00-05:00,5.832192631102225,5.832192631102225,5.8055913731092,5.818892002105713,322400,0.0,0.0
2020-12-17 00:00:00-05:00,5.8255430592877016,5.845493371116987,5.818892743941613,5.832193374633789,273400,0.0,0.0
2020-12-18 00:00:00-05:00,5.845493238163855,5.845493238163855,5.81224229639867,5.82554292678833,133200,0.0,0.0
2020-12-21 00:00:00-05:00,5.805592192497703,5.818892823371438,5.798942511269823,5.81224250793457,224100,0.0,0.0
2020-12-22 00:00:00-05:00,5.812240650984876,5.812240650984876,5.77898971863285,5.798940658569336,205300,0.0,0.0
2020-12-23 00:00:00-05:00,5.778989315032959,5.812240245062767,5.778989315032959,5.778989315032959,402300,0.0,0.0
2020-12-24 00:00:00-05:00,5.778991486074063,5.845493371116987,5.778991486074063,5.832193374633789,136900,0.0,0.0
2020-12-28 00:00:00-05:00,5.832193454245171,5.832193454245171,5.778991564959222,5.81224250793457,509900,0.0,0.0
2020-12-29 00:00:00-05:00,5.81224229639867,5.83219324198316,5.798942300217975,5.82554292678833,130300,0.0,0.0
2020-12-30 00:00:00-05:00,5.825542527468878,5.845492837476883,5.798941902721898,5.805591583251953,227200,0.0,0.0
2020-12-31 00:00:00-05:00,5.818892823371438,5.838843135473051,5.81224250793457,5.81224250793457,290600,0.0,0.0
2021-01-04 00:00:00-05:00,5.83219337463379,5.845493371116987,5.7989424321123275,5.832193374633789,232200,0.0,0.0
2021-01-05 00:00:00-05:00,5.81889268879895,5.88539457321167,5.81889268879895,5.88539457321167,162200,0.0,0.0
2021-01-06 00:00:00-05:00,5.885397631197454,5.911998271942139,5.8587969904527695,5.911998271942139,189500,0.0,0.0
2021-01-07 00:00:00-05:00,5.925296914081904,5.94524723150521,5.905346596658597,5.931947231292725,109100,0.0,0.0
2021-01-08 00:00:00-05:00,5.938595981880286,5.96519660949707,5.938595981880286,5.96519660949707,109500,0.0,0.0
2021-01-11 00:00:00-05:00,5.965196898935266,5.991797527842744,5.938596270027789,5.971846580505371,197800,0.0,0.0
2021-01-12 00:00:00-05:00,5.971844977985131,6.071597785276677,5.971844977985131,6.058297157287598,235800,0.0,0.0
2021-01-13 00:00:00-05:00,6.071599084471176,6.118150023976177,6.064948769053609,6.091549396514893,260600,0.0,0.0
2021-01-14 00:00:00-05:00,6.11762284375165,6.2312836517881,6.097565241633357,6.15773868560791,490300,0.049,0.0
2021-01-15 00:00:00-05:00,6.171110207813547,6.184482367638859,6.11762284375165,6.15773868560791,152700,0.0,0.0
2021-01-19 00:00:00-05:00,6.191170564009824,6.204542090786531,6.157740790638216,6.184484481811523,380200,0.0,0.0
2021-01-20 00:00:00-05:00,6.151054708439915,6.191170564009824,6.151054708439915,6.184484481811523,187700,0.0,0.0
2021-01-21 00:00:00-05:00,6.197854810087708,6.231283935936013,6.191168729870165,6.204540252685547,193800,0.0,0.0
2021-01-22 00:00:00-05:00,6.211228301834945,6.224600466508948,6.184484610106847,6.191170692443848,1442500,0.0,0.0
2021-01-25 00:00:00-05:00,6.177797904241478,6.224599838256836,6.171111822579307,6.224599838256836,520500,0.0,0.0
2021-01-26 00:00:00-05:00,6.258027825673416,6.264713906111569,6.217912618283946,6.231284141540527,461800,0.0,0.0
2021-01-27 00:00:00-05:00,6.231284601986178,6.258028288095226,6.177797229768082,6.197855472564697,397600,0.0,0.0
2021-01-28 00:00:00-05:00,6.184483674494778,6.231284968533696,6.144367824161555,6.1510539054870605,523500,0.0,0.0
2021-01-29 00:00:00-05:00,6.1309963705291395,6.184483746516453,6.104252682535483,6.171111583709717,457200,0.0,0.0
2021-02-01 00:00:00-05:00,6.1844825100422005,6.244655955402302,6.177796429975592,6.237969875335693,585200,0.0,0.0
2021-02-02 00:00:00-05:00,6.251342382854988,6.318201274377346,6.204540457407639,6.231284141540527,1450100,0.0,0.0
2021-02-03 00:00:00-05:00,6.237970684609839,6.278086532594174,6.2045409175595205,6.271400451660156,753400,0.0,0.0
2021-02-04 00:00:00-05:00,6.284772307287788,6.324888157387327,6.237971013521499,6.304830551147461,1962300,0.0,0.0
2021-02-05 00:00:00-05:00,6.324888376692072,6.331574458210458,6.278087081303027,6.291458606719971,511400,0.0,0.0
2021-02-08 00:00:00-05:00,6.3182011953412855,6.338258798785114,6.291457511542941,6.324887275695801,1018600,0.0,0.0
2021-02-09 00:00:00-05:00,6.324888985216207,6.338260511919639,6.244657912135946,6.298145294189453,454100,0.0,0.0
2021-02-10 00:00:00-05:00,6.318202366536531,6.331574529724339,6.278087152212779,6.311516284942627,757200,0.0,0.0
2021-02-11 00:00:00-05:00,6.337728026144408,6.337728026144408,6.263798659383365,6.297402858734131,211800,0.049,0.0
2021-02-12 00:00:00-05:00,6.304123664085127,6.317564958910441,6.223473972292921,6.257078170776367,438700,0.0,0.0
2021-02-16 00:00:00-05:00,6.283960814866099,6.283960814866099,6.189869196083758,6.203310489654541,310400,0.0,0.0
2021-02-17 00:00:00-05:00,6.210030555725098,6.216751522008512,6.169706039917854,6.210030555725098,207700,0.0,0.0
2021-02-18 00:00:00-05:00,6.203311070205952,6.223473973869192,6.183148807489488,6.216753005981445,169100,0.0,0.0
2021-02-19 00:00:00-05:00,6.210030715590418,6.257076839838811,6.19658942362419,6.230193614959717,494000,0.0,0.0
2021-02-22 00:00:00-05:00,6.230193837678802,6.331005774342603,6.230193837678802,6.2772393226623535,1817600,0.0,0.0
2021-02-23 00:00:00-05:00,6.283960283755696,6.297401576190441,6.2167518987419825,6.236914157867432,2016000,0.0,0.0
2021-02-24 00:00:00-05:00,6.257077010584462,6.297401528530175,6.243635077304787,6.2705183029174805,450600,0.0,0.0
2021-02-25 00:00:00-05:00,6.270519467189867,6.310844633569571,6.203311070205952,6.216753005981445,366900,0.0,0.0
2021-02-26 00:00:00-05:00,6.236914163428836,6.337726741039299,6.236914163428836,6.2772393226623535,701100,0.0,0.0
2021-03-01 00:00:00-05:00,6.324286988444213,6.371332489650425,6.3041247223482495,6.331007957458496,1299800,0.0,0.0
2021-03-02 00:00:00-05:00,6.337729081417076,6.384774583773452,6.33100811223848,6.37133264541626,624200,0.0,0.0
2021-03-03 00:00:00-05:00,6.364611467335013,6.41165696340953,6.351169530772687,6.3847737312316895,1900300,0.0,0.0
2021-03-04 00:00:00-05:00,6.384773520667405,6.418377720018171,6.230195100979391,6.297402858734131,1711000,0.0,0.0
2021-03-05 00:00:00-05:00,6.290680324041188,6.411655155197609,6.2839599986021,6.398213863372803,1060200,0.0,0.0
2021-03-08 00:00:00-05:00,6.371330895304912,6.438539286735915,6.344447666921855,6.391493797302246,830600,0.0,0.0
2021-03-09 00:00:00-05:00,6.418377088072008,6.478864512758504,6.404935153276462,6.4587016105651855,1031200,0.0,0.0
2021-03-10 00:00:00-05:00,6.48558373691535,6.519187927246094,6.431817288764808,6.519187927246094,702400,0.0,0.0
2021-03-11 00:00:00-05:00,6.546071990887844,6.546071990887844,6.425097787506888,6.445260047912598,456200,0.0,0.0
2021-03-12 00:00:00-05:00,6.46419261794685,6.46419261794685,6.328957952818166,6.389813423156738,739800,0.058,0.0
2021-03-15 00:00:00-04:00,6.4236234861908255,6.498002052307129,6.403338539949436,6.498002052307129,505500,0.0,0.0
2021-03-16 00:00:00-04:00,6.5182868311337305,6.5588567185609845,6.477716298859743,6.49124002456665,545300,0.0,0.0
2021-03-17 00:00:00-04:00,6.525048400224759,6.525048400224759,6.484478510614617,6.518287181854248,447900,0.0,0.0
2021-03-18 00:00:00-04:00,6.51828637429522,6.538571316587164,6.477715844864646,6.504762649536133,453800,0.0,0.0
2021-03-19 00:00:00-04:00,6.5182868311337305,6.5182868311337305,6.477716298859743,6.49124002456665,294500,0.0,0.0
2021-03-22 00:00:00-04:00,6.504763105426823,6.511524968280277,6.47095443600629,6.49124002456665,486600,0.0,0.0
2021-03-23 00:00:00-04:00,6.498000745844748,6.525047550344282,6.464192723855345,6.470953941345215,310800,0.0,0.0
2021-03-24 00:00:00-04:00,6.5047639160031965,6.5182876433953325,6.4777171060657395,6.498002052307129,371300,0.0,0.0
2021-03-25 00:00:00-04:00,6.484477519989014,6.511524323879458,6.423622050023847,6.484477519989014,524400,0.0,0.0
2021-03-26 00:00:00-04:00,6.484478346774797,6.5115251541137695,6.470954620681933,6.5115251541137695,299300,0.0,0.0
2021-03-29 00:00:00-04:00,6.504763105426823,6.525048049140451,6.477716298859743,6.49124002456665,175400,0.0,0.0
2021-03-30 00:00:00-04:00,6.504763455419688,6.531810263442039,6.491240373831897,6.518287181854248,267700,0.0,0.0
2021-03-31 00:00:00-04:00,6.525050802140312,6.545336399259417,6.51152771557458,6.53181266784668,167600,0.0,0.0
2021-04-01 00:00:00-04:00,6.552094478525381,6.619711813473946,6.531809535979491,6.572380065917969,834100,0.0,0.0
2021-04-05 00:00:00-04:00,6.585903145999664,6.599426870928055,6.552094478525381,6.572380065917969,225600,0.0,0.0
2021-04-06 00:00:00-04:00,6.579143686976014,6.599429281779174,6.5520968720854,6.5859055519104,438200,0.0,0.0
2021-04-07 00:00:00-04:00,6.585902856461008,6.599426580794851,6.579140994294087,6.59266471862793,303000,0.0,0.0
2021-04-08 00:00:00-04:00,6.6129522031583,6.63999901737962,6.572382304249779,6.579143524169922,430300,0.0,0.0
2021-04-09 00:00:00-04:00,6.5994291184710985,6.6129522031583,6.558858574715662,6.579143524169922,478800,0.0,0.0
2021-04-12 00:00:00-04:00,6.606188714243766,6.6129499318416665,6.531809517046598,6.552094459533691,305300,0.0,0.0
2021-04-13 00:00:00-04:00,6.572379256863487,6.572379256863487,6.52504687028739,6.5588555335998535,457600,0.0,0.0
2021-04-14 00:00:00-04:00,6.577902990454164,6.577902990454164,6.5370884158407945,6.543890953063965,254500,0.058,0.0
2021-04-15 00:00:00-04:00,6.564298436736065,6.564298436736065,6.543891472173378,6.557496547698975,231600,0.0,0.0
2021-04-16 00:00:00-04:00,6.564298436736065,6.564298436736065,6.516681969847893,6.557496547698975,247800,0.0,0.0
2021-04-19 00:00:00-04:00,6.564299371210942,6.564299371210942,6.537089865011989,6.550694942474365,280100,0.0,0.0
2021-04-20 00:00:00-04:00,6.564297152574416,6.564297152574416,6.496273734430856,6.509878158569336,244600,0.0,0.0
2021-04-21 00:00:00-04:00,6.523485428135661,6.523485428135661,6.489473383247959,6.503078460693359,212400,0.0,0.0
2021-04-22 00:00:00-04:00,6.537086477721507,6.5710985050278,6.489470028727975,6.496272563934326,238200,0.0,0.0
2021-04-23 00:00:00-04:00,6.503076769124577,6.523483731258656,6.503076769124577,6.51668119430542,317200,0.0,0.0
2021-04-26 00:00:00-04:00,6.516679520827917,6.523482056034268,6.489470028727975,6.496272563934326,424600,0.0,0.0
2021-04-27 00:00:00-04:00,6.557494083340561,6.754763063246504,6.489470028727975,6.496272563934326,409900,0.0,0.0
2021-04-28 00:00:00-04:00,6.537086477721507,6.639122559640386,6.475865607040736,6.496272563934326,424700,0.0,0.0
2021-04-29 00:00:00-04:00,6.496276358912907,6.530288406088273,6.469066850917783,6.489473819732666,359300,0.0,0.0
2021-04-30 00:00:00-04:00,6.482669201836204,6.537088200376595,6.482669201836204,6.5302863121032715,387300,0.0,0.0
2021-05-03 00:00:00-04:00,6.557496782265933,6.584706285564724,6.543891706253673,6.577903747558594,273700,0.0,0.0
2021-05-04 00:00:00-04:00,6.577902555312842,6.605112053679908,6.550693056945777,6.598309516906738,295300,0.0,0.0
2021-05-05 00:00:00-04:00,6.60511306509283,6.686741572693453,6.5983105272780165,6.659532070159912,688900,0.0,0.0
2021-05-06 00:00:00-04:00,6.707147815951942,6.707147815951942,6.605112354608124,6.679938316345215,250600,0.0,0.0
2021-05-07 00:00:00-04:00,6.666335602802113,6.693545109396171,6.659533063972147,6.67313814163208,196400,0.0,0.0
2021-05-10 00:00:00-04:00,6.693544569057363,6.693544569057363,6.6527299880981445,6.6527299880981445,381100,0.0,0.0
2021-05-11 00:00:00-04:00,6.652729732692556,6.673137346751574,6.605113264006314,6.6255202293396,372200,0.0,0.0
2021-05-12 00:00:00-04:00,6.6391245903523926,6.652729016200823,6.584705589507345,6.605112552642822,507800,0.0,0.0
2021-05-13 00:00:00-04:00,6.603743874770297,6.617430704373463,6.56952810601029,6.583214282989502,289800,0.058,0.0
2021-05-14 00:00:00-04:00,6.590058978870274,6.5969023950021874,6.5695293830986135,6.576372146606445,167900,0.0,0.0
2021-05-17 00:00:00-04:00,6.590056105436995,6.590056105436995,6.542153518648516,6.56268310546875,545800,0.0,0.0
2021-05-18 00:00:00-04:00,6.555839692320739,6.576369279140973,6.548996279172728,6.56268310546875,245200,0.0,0.0
2021-05-19 00:00:00-04:00,6.562685664335311,6.569529080151648,6.5421560695103524,6.548998832702637,239400,0.0,0.0
2021-05-20 00:00:00-04:00,6.569528102874756,6.583214279847435,6.5489978584798045,6.569528102874756,345500,0.0,0.0
2021-05-21 00:00:00-04:00,6.569526518616761,6.583212692288984,6.555839692320739,6.56268310546875,220900,0.0,0.0
2021-05-24 00:00:00-04:00,6.5763708650491175,6.590057694645752,6.562684688076439,6.569528102874756,167700,0.0,0.0
2021-05-25 00:00:00-04:00,6.562684688076439,6.590057694645752,6.562684688076439,6.569528102874756,344700,0.0,0.0
2021-05-26 00:00:00-04:00,6.583214279847435,6.590057694645752,6.569528102874756,6.569528102874756,170900,0.0,0.0
2021-05-27 00:00:00-04:00,6.590057694645752,6.590057694645752,6.555841273278122,6.569528102874756,203600,0.0,0.0
2021-05-28 00:00:00-04:00,6.576372146606445,6.590058978870274,6.555842550834785,6.576372146606445,321300,0.0,0.0
2021-06-01 00:00:00-04:00,6.590056419372559,6.603742593696761,6.569526831574341,6.590056419372559,224500,0.0,0.0
2021-06-02 00:00:00-04:00,6.610589177543266,6.6174325942993155,6.5969029966553085,6.617432594299316,383500,0.0,0.0
2021-06-03 00:00:00-04:00,6.603745409758024,6.672178268432617,6.59005922959757,6.672178268432617,495400,0.0,0.0
2021-06-04 00:00:00-04:00,6.6653321470741105,6.679018974304199,6.651645972467865,6.679018974304199,300900,0.0,0.0
2021-06-07 00:00:00-04:00,6.679021509172217,6.6858649253845215,6.651648496947089,6.6858649253845215,256900,0.0,0.0
2021-06-08 00:00:00-04:00,6.685863822471001,6.720079592640042,6.6790204073876005,6.69270658493042,358000,0.0,0.0
2021-06-09 00:00:00-04:00,6.706394521397345,6.7200807011978645,6.6858649253845215,6.6858649253845215,258600,0.0,0.0
2021-06-10 00:00:00-04:00,6.706394521397345,6.726924117410169,6.6858649253845215,6.6858649253845215,185100,0.0,0.0
2021-06-11 00:00:00-04:00,6.706392765045166,6.720078941261382,6.679019759988815,6.706392765045166,253700,0.0,0.0
2021-06-14 00:00:00-04:00,6.732551991248513,6.739436148989782,6.711900174534121,6.718784332275391,260700,0.058,0.0
2021-06-15 00:00:00-04:00,6.73943716650977,6.73943716650977,6.705017029116089,6.7119011878967285,301700,0.0,0.0
2021-06-16 00:00:00-04:00,6.718783076970181,6.718783076970181,6.6981306076049805,6.6981306076049805,358000,0.0,0.0
2021-06-17 00:00:00-04:00,6.718785346677367,6.7325530077291305,6.691249368064326,6.7119011878967285,274800,0.0,0.0
2021-06-18 00:00:00-04:00,6.718786374525573,6.718786374525573,6.649946089206939,6.663714408874512,237600,0.0,0.0
2021-06-21 00:00:00-04:00,6.684364200680883,6.746320307339058,6.677480042938994,6.739436149597168,310800,0.0,0.0
2021-06-22 00:00:00-04:00,6.732551097869873,6.760087068671637,6.718783440723656,6.732551097869873,197300,0.0,0.0
2021-06-23 00:00:00-04:00,6.753204465080947,6.753204465080947,6.711900175139026,6.739436149597168,285000,0.0,0.0
2021-06-24 00:00:00-04:00,6.75320446447232,6.780740438927982,6.705016016792852,6.718784332275391,592000,0.0,0.0
2021-06-25 00:00:00-04:00,6.739436149597168,6.766972124055311,6.718784332880915,6.739436149597168,245800,0.0,0.0
2021-06-28 00:00:00-04:00,6.746322211407458,6.766974033952439,6.7325538920377355,6.760089874267578,308600,0.0,0.0
2021-06-29 00:00:00-04:00,6.766973431081497,6.801393569929704,6.760089272009947,6.794509410858154,293800,0.0,0.0
2021-06-30 00:00:00-04:00,6.794508100831712,6.904651998701863,6.794508100831712,6.897768497467041,1354500,0.0,0.0
2021-07-01 00:00:00-04:00,6.897768139297477,6.90465164017487,6.87711566713715,6.883999824523926,335900,0.0,0.0
2021-07-02 00:00:00-04:00,6.877115724973796,6.890884039863139,6.85646390914917,6.85646390914917,260300,0.0,0.0
2021-07-06 00:00:00-04:00,6.87711566713715,6.890883981910701,6.856463851486205,6.883999824523926,280100,0.0,0.0
2021-07-07 00:00:00-04:00,6.883999288888618,6.890883445739746,6.870230975186361,6.890883445739746,202600,0.0,0.0
2021-07-08 00:00:00-04:00,6.883999883917118,6.890884041363289,6.863348068087995,6.877115726470947,195200,0.0,0.0
2021-07-09 00:00:00-04:00,6.883999288888618,6.890883445739746,6.870230975186361,6.890883445739746,233100,0.0,0.0
2021-07-12 00:00:00-04:00,6.897769639273949,6.897769639273949,6.8289293634550745,6.835813522338867,339500,0.0,0.0
2021-07-13 00:00:00-04:00,6.828927044293555,6.85646301396775,6.808275231165233,6.849578857421875,338800,0.0,0.0
2021-07-14 00:00:00-04:00,6.875894415954829,6.875894415954829,6.841272460093324,6.848196983337402,225600,0.058,0.0
2021-07-15 00:00:00-04:00,6.848196371073778,6.855120233339944,6.7443305127754005,6.751255035400391,399900,0.0,0.0
2021-07-16 00:00:00-04:00,6.744328993670327,6.827421265377878,6.702783187995889,6.813572883605957,1283600,0.0,0.0
2021-07-19 00:00:00-04:00,6.765103942969135,6.765103942969135,6.640465179691219,6.654313564300537,522700,0.0,0.0
2021-07-20 00:00:00-04:00,6.682011685603458,6.682011685603458,6.654314253158757,6.668163299560547,315600,0.0,0.0
2021-07-21 00:00:00-04:00,6.695860360024605,6.695860360024605,6.661238406302393,6.6750874519348145,250300,0.0,0.0
2021-07-22 00:00:00-04:00,6.695860360024605,6.695860360024605,6.654313883486182,6.6750874519348145,242000,0.0,0.0
2021-07-23 00:00:00-04:00,6.702785255206141,6.709709118048157,6.654314253158757,6.668163299560547,170900,0.0,0.0
2021-07-26 00:00:00-04:00,6.668162771015219,6.7720279693603525,6.6612382483631905,6.772027969360352,221800,0.0,0.0
2021-07-27 00:00:00-04:00,6.772028075810901,6.792801644093531,6.765104213408861,6.778952598571777,197300,0.0,0.0
2021-07-28 00:00:00-04:00,6.785877121332654,6.785877121332654,6.74433064512623,6.778952598571777,178300,0.0,0.0
2021-07-29 00:00:00-04:00,6.78587701466441,6.78587701466441,6.75817958441512,6.772027969360352,99700,0.0,0.0
2021-07-30 00:00:00-04:00,6.765104187346016,6.772028049721381,6.737406096409217,6.758179664611816,116800,0.0,0.0
2021-08-02 00:00:00-04:00,6.7789522285631225,6.79972513535309,6.7720277061802,6.785876750946045,189600,0.0,0.0
2021-08-03 00:00:00-04:00,6.799725399609643,6.799725399609643,6.751255061763091,6.772027969360352,236000,0.0,0.0
2021-08-04 00:00:00-04:00,6.778952598571778,6.785877121332654,6.765104213408861,6.778952598571777,347600,0.0,0.0
2021-08-05 00:00:00-04:00,6.785877121332654,6.792801644093531,6.751255167887107,6.778952598571777,161300,0.0,0.0
2021-08-06 00:00:00-04:00,6.772029238818725,6.799726674260069,6.772029238818725,6.792802810668945,246600,0.0,0.0
2021-08-09 00:00:00-04:00,6.806651198210142,6.806651198210142,6.785878286718872,6.792802810668945,282000,0.0,0.0
2021-08-10 00:00:00-04:00,6.792802810668945,6.8205002461102895,6.785878286718872,6.792802810668945,221000,0.0,0.0
2021-08-11 00:00:00-04:00,6.813575027475897,6.848196983337402,6.799725980987742,6.848196983337402,1307700,0.0,0.0
2021-08-12 00:00:00-04:00,6.874663352966308,6.874663352966308,6.846802534824517,6.874663352966309,295700,0.058,0.0
2021-08-13 00:00:00-04:00,6.923419975563627,6.923419975563627,6.874663707365609,6.916455268859863,226200,0.0,0.0
2021-08-16 00:00:00-04:00,6.909489598256997,6.930385045970781,6.888594150543213,6.888594150543213,352900,0.0,0.0
2021-08-17 00:00:00-04:00,6.902523308250207,6.923418753180916,6.888593233047807,6.909488677978516,275400,0.0,0.0
2021-08-18 00:00:00-04:00,6.909488677978516,6.916454047706825,6.895557938521899,6.909488677978516,192500,0.0,0.0
2021-08-19 00:00:00-04:00,6.909488141940323,6.916453511128259,6.867696591066878,6.895557403564453,187700,0.0,0.0
2021-08-20 00:00:00-04:00,6.902524137302461,6.902524137302461,6.84680250129178,6.8537678718566895,338800,0.0,0.0
2021-08-23 00:00:00-04:00,6.895558800509076,6.895558800509076,6.860733276022563,6.874663352966309,182900,0.0,0.0
2021-08-24 00:00:00-04:00,6.88859534548312,6.902525424957275,6.867699229890255,6.902525424957275,153200,0.0,0.0
2021-08-25 00:00:00-04:00,6.895559067656764,6.9025244385256395,6.853768170952166,6.88162899017334,222300,0.0,0.0
2021-08-26 00:00:00-04:00,6.888594361042215,6.888594361042215,6.867698248435589,6.88162899017334,185200,0.0,0.0
2021-08-27 00:00:00-04:00,6.888593233047807,6.909488677978516,6.87466249359119,6.909488677978516,120800,0.0,0.0
2021-08-30 00:00:00-04:00,6.92342077878061,6.965212345123291,6.92342077878061,6.965212345123291,223600,0.0,0.0
2021-08-31 00:00:00-04:00,6.965212345123291,6.965212345123291,6.958246973357109,6.965212345123291,232400,0.0,0.0
2021-09-01 00:00:00-04:00,6.965212458392647,7.020934104919434,6.965212458392647,7.020934104919434,293800,0.0,0.0
2021-09-02 00:00:00-04:00,7.034864636959133,7.041829344374557,6.979142992109328,7.027899265289307,299000,0.0,0.0
2021-09-03 00:00:00-04:00,7.027900166512782,7.027900166512782,6.958247769391442,7.013969421386719,311000,0.0,0.0
2021-09-07 00:00:00-04:00,7.007002086413154,7.007002086413154,6.979141270859501,7.000036716461182,172100,0.0,0.0
2021-09-08 00:00:00-04:00,7.000039340515144,7.013969421386719,6.979143887080537,7.013969421386719,163300,0.0,0.0
2021-09-09 00:00:00-04:00,7.013968014253822,7.013968014253822,6.9791424869342915,7.007003307342529,186600,0.0,0.0
2021-09-10 00:00:00-04:00,7.01396786806316,7.062724800952112,6.99307241925609,7.055759429931641,384000,0.0,0.0
2021-09-13 00:00:00-04:00,7.083619737090798,7.083619737090798,7.034863471984863,7.034863471984863,234700,0.0,0.0
2021-09-14 00:00:00-04:00,7.061483782105463,7.096511117288875,7.012445913703197,7.033462047576904,245200,0.058,0.0
2021-09-15 00:00:00-04:00,7.033463388550572,7.07549633240268,7.019452852660522,7.026457786560059,138300,0.0,0.0
2021-09-16 00:00:00-04:00,7.026454548751589,7.033460147513906,6.998432821792995,7.012444019317627,243000,0.0,0.0
2021-09-17 00:00:00-04:00,7.040469007595857,7.040469007595857,6.99843606364193,7.005441665649414,200300,0.0,0.0
2021-09-20 00:00:00-04:00,6.984424023197376,7.019451357598552,6.942391088297798,6.977418422698975,347800,0.0,0.0
2021-09-21 00:00:00-04:00,6.970415524521002,6.991431666073001,6.942393779754639,6.942393779754639,185000,0.0,0.0
2021-09-22 00:00:00-04:00,6.963409493223394,6.99143123626709,6.9564045585307595,6.99143123626709,248700,0.0,0.0
2021-09-23 00:00:00-04:00,7.005439769633614,7.005439769633614,6.970412437167286,6.984423637390137,169600,0.0,0.0
2021-09-24 00:00:00-04:00,6.984423637390136,6.998434169522188,6.970412437167286,6.984423637390137,244700,0.0,0.0
2021-09-27 00:00:00-04:00,6.977421127735366,6.977421127735366,6.9353881765402745,6.942393779754639,185000,0.0,0.0
2021-09-28 00:00:00-04:00,6.935385642681521,7.054478181450611,6.935385642681521,7.033462047576904,408300,0.0,0.0
2021-09-29 00:00:00-04:00,7.047472917868567,7.11052131652832,7.026456116891163,7.11052131652832,277100,0.0,0.0
2021-09-30 00:00:00-04:00,7.124534765015248,7.124534765015248,7.047475141391099,7.054480075836182,251000,0.0,0.0
2021-10-01 00:00:00-04:00,7.089505286718338,7.103516487573653,7.054477952670878,7.096510887145996,318400,0.0,0.0
2021-10-04 00:00:00-04:00,7.103516783083798,7.110521715712036,7.047473313512754,7.082499980926514,159000,0.0,0.0
2021-10-05 00:00:00-04:00,7.082501024377934,7.096512227880368,7.0684904889664555,7.08950662612915,271600,0.0,0.0
2021-10-06 00:00:00-04:00,7.061484427086619,7.089506164174624,7.061484427086619,7.068490028381348,168900,0.0,0.0
2021-10-07 00:00:00-04:00,7.068489460748014,7.089505594853596,7.061483860015868,7.061483860015869,271400,0.0,0.0
2021-10-08 00:00:00-04:00,7.082500562879895,7.082500562879895,7.047473892588071,7.068490028381348,107400,0.0,0.0
2021-10-11 00:00:00-04:00,7.075496090717672,7.103517829631584,7.0684904889664555,7.08950662612915,181600,0.0,0.0
2021-10-12 00:00:00-04:00,7.110521511100982,7.117527111618485,7.061483643660138,7.103516578674316,319000,0.0,0.0
2021-10-13 00:00:00-04:00,7.110521946850584,7.180576620137053,7.082500211154172,7.166565418243408,270400,0.0,0.0
2021-10-14 00:00:00-04:00,7.200383062648824,7.249700538562103,7.136974495388771,7.179246425628662,453800,0.058,0.0
2021-10-15 00:00:00-04:00,7.2144736830566085,7.2144736830566085,7.165156205769578,7.1862921714782715,191900,0.0,0.0
2021-10-18 00:00:00-04:00,7.186291971302049,7.200383062648824,7.158110460508717,7.179246425628662,134200,0.0,0.0
2021-10-19 00:00:00-04:00,7.200383062648824,7.200383062648824,7.172201551855491,7.179246425628662,259600,0.0,0.0
2021-10-20 00:00:00-04:00,7.186292847632484,7.200383940697593,7.186292847632484,7.193338394165039,133800,0.0,0.0
2021-10-21 00:00:00-04:00,7.193337598813778,7.193337598813778,7.151064996192736,7.172201633453369,120700,0.0,0.0
2021-10-22 00:00:00-04:00,7.186292013272239,7.207427978515625,7.172201593743389,7.207427978515625,124200,0.0,0.0
2021-10-25 00:00:00-04:00,7.221519228926252,7.2285647747958945,7.179246625608629,7.1862921714782715,173800,0.0,0.0
2021-10-26 00:00:00-04:00,7.172201551855491,7.193337516975437,7.129928949715384,7.179246425628662,195400,0.0,0.0
2021-10-27 00:00:00-04:00,7.158110460508717,7.186291971302049,7.151064914835329,7.179246425628662,138200,0.0,0.0
2021-10-28 00:00:00-04:00,7.165157667528451,7.22856624949071,7.165157667528451,7.214475154876709,169500,0.0,0.0
2021-10-29 00:00:00-04:00,7.207429607569709,7.22856624949071,7.193339184856081,7.214475154876709,134900,0.0,0.0
2021-11-01 00:00:00-04:00,7.242655158997012,7.242655158997012,7.22151919339232,7.228564739227295,166000,0.0,0.0
2021-11-02 00:00:00-04:00,7.235610602713503,7.249701023101806,7.221519510424939,7.249701023101807,280700,0.0,0.0
2021-11-03 00:00:00-04:00,7.249701023101806,7.284928081922955,7.235610602713503,7.249701023101807,294000,0.0,0.0
2021-11-04 00:00:00-04:00,7.256746569246088,7.263792115390371,7.235610602713503,7.249701023101807,147600,0.0,0.0
2021-11-05 00:00:00-04:00,7.263792354609721,7.299018742690723,7.263792354609721,7.284928321838379,312500,0.0,0.0
2021-11-08 00:00:00-05:00,7.313109874725342,7.320155421139501,7.291973907383153,7.313109874725342,222000,0.0,0.0
2021-11-09 00:00:00-05:00,7.320156654589882,7.327201530290818,7.27083849328092,7.306065559387207,245400,0.0,0.0
2021-11-10 00:00:00-05:00,7.306063929055262,7.33424544127157,7.284927962868094,7.299018383026123,197800,0.0,0.0
2021-11-11 00:00:00-05:00,7.313108333433668,7.362425804138184,7.284926825616781,7.362425804138184,234600,0.0,0.0
2021-11-12 00:00:00-05:00,7.368094789642495,7.368094789642495,7.332671796220887,7.346840858459473,68900,0.058,0.0
2021-11-15 00:00:00-05:00,7.361011528471964,7.368095722663182,7.3397569189471845,7.353926658630371,179100,0.0,0.0
2021-11-16 00:00:00-05:00,7.361011528471964,7.368095722663182,7.3397569189471845,7.353926658630371,184400,0.0,0.0
2021-11-17 00:00:00-05:00,7.361011184858858,7.3822651177411265,7.226401366753693,7.275994777679443,318300,0.0,0.0
2021-11-18 00:00:00-05:00,7.297248040742911,7.311417102813721,7.268909240951008,7.311417102813721,199700,0.0,0.0
2021-11-19 00:00:00-05:00,7.318504156178018,7.318504156178018,7.2334877314257175,7.254741668701172,298400,0.0,0.0
2021-11-22 00:00:00-05:00,7.254737599914519,7.283076392271603,7.198060015200352,7.205144882202148,144900,0.0,0.0
2021-11-23 00:00:00-05:00,7.226401990868555,7.290164470672607,7.212232926273434,7.290164470672607,159200,0.0,0.0
2021-11-24 00:00:00-05:00,7.290163887259041,7.332672428943359,7.254740215130502,7.261825084686279,248200,0.0,0.0
2021-11-26 00:00:00-05:00,7.219317436218262,7.254741112729627,7.1980635005716165,7.219317436218262,179500,0.0,0.0
2021-11-29 00:00:00-05:00,7.247655474579802,7.304333756384523,7.240571280548277,7.283079147338867,257500,0.0,0.0
2021-11-30 00:00:00-05:00,7.290163864132421,7.2972487336657235,7.240571128699998,7.268909931182861,137900,0.0,0.0
2021-12-01 00:00:00-05:00,7.297250218902564,7.318504156178018,7.240572602401031,7.254741668701172,232600,0.0,0.0
2021-12-02 00:00:00-05:00,7.219316912537406,7.247655716560747,7.190978108514065,7.233486652374268,255200,0.0,0.0
2021-12-03 00:00:00-05:00,7.219316221378999,7.219316221378999,7.162638618758481,7.1768083572387695,148800,0.0,0.0
2021-12-06 00:00:00-05:00,7.1697240930268435,7.226401700430189,7.1201313554615115,7.198062896728516,356200,0.0,0.0
2021-12-07 00:00:00-05:00,7.247655345574724,7.268909954242058,7.2334862821135175,7.261825084686279,135500,0.0,0.0
2021-12-08 00:00:00-05:00,7.261825084686279,7.275994823797835,7.2334862821135175,7.261825084686279,102000,0.0,0.0
2021-12-09 00:00:00-05:00,7.268909044024616,7.297247843048775,7.226400507663246,7.247654438018799,83400,0.0,0.0
2021-12-10 00:00:00-05:00,7.254741668701172,7.27599628162711,7.2334877314257175,7.254741668701172,116500,0.0,0.0
2021-12-13 00:00:00-05:00,7.26891032631604,7.26891032631604,7.212232718269358,7.233486652374268,130100,0.0,0.0
2021-12-14 00:00:00-05:00,7.239187717437744,7.260563081779583,7.232062369486938,7.239187717437744,137300,0.058,0.0
2021-12-15 00:00:00-05:00,7.26768842973039,7.26768842973039,7.18931164080326,7.239187717437744,218100,0.0,0.0
2021-12-16 00:00:00-05:00,7.2748102955707905,7.2748102955707905,7.182182855078458,7.1964335441589355,189800,0.0,0.0
2021-12-17 00:00:00-05:00,7.196434611708275,7.196434611708275,7.153683217635179,7.160808563232422,263800,0.0,0.0
2021-12-20 00:00:00-05:00,7.139432507904623,7.160807863096052,7.053929728118326,7.096681118011475,232700,0.0,0.0
2021-12-21 00:00:00-05:00,7.125183613265161,7.160809667233579,7.09668290599252,7.1323089599609375,168200,0.0,0.0
2021-12-22 00:00:00-05:00,7.160807642532034,7.182182997065069,7.139432287998999,7.167932987213135,312000,0.0,0.0
2021-12-23 00:00:00-05:00,7.189309266111033,7.196434611708275,7.1323078603538095,7.160808563232422,357600,0.0,0.0
2021-12-27 00:00:00-05:00,7.1750569343566895,7.189307622292787,7.1536815819627435,7.1750569343566895,202700,0.0,0.0
2021-12-28 00:00:00-05:00,7.175058574916549,7.189309266111033,7.153683217635179,7.160808563232422,264600,0.0,0.0
2021-12-29 00:00:00-05:00,7.17505807695851,7.253435514067968,7.167933411366085,7.232059478759766,370200,0.0,0.0
2021-12-30 00:00:00-05:00,7.232058907839616,7.253434941460331,7.189308199618696,7.1964335441589355,219700,0.0,0.0
2021-12-31 00:00:00-05:00,7.217810957798215,7.267687024791,7.203560264651448,7.246311664581299,326100,0.0,0.0
2022-01-03 00:00:00-05:00,7.246310168965234,7.246310168965234,7.196434112266712,7.232059478759766,215900,0.0,0.0
2022-01-04 00:00:00-05:00,7.260560754718732,7.281936791719981,7.210684694069876,7.253436088562012,317600,0.0,0.0
2022-01-05 00:00:00-05:00,7.253436271536917,7.3175630251375985,7.232060233996437,7.3104376792907715,304900,0.0,0.0
2022-01-06 00:00:00-05:00,7.3104376792907715,7.338938383167698,7.289061641750291,7.3104376792907715,360200,0.0,0.0
2022-01-07 00:00:00-05:00,7.324688316438186,7.36031436920166,7.296187610129494,7.36031436920166,262400,0.0,0.0
2022-01-10 00:00:00-05:00,7.353187737863201,7.374563773492336,7.296186335206147,7.331812381744385,319400,0.0,0.0
2022-01-11 00:00:00-05:00,7.353188874104158,7.395940272458207,7.338938860993092,7.388814926147461,273900,0.0,0.0
2022-01-12 00:00:00-05:00,7.410190582275391,7.424441275467483,7.381689875401657,7.410190582275391,271500,0.0,0.0
2022-01-13 00:00:00-05:00,7.430251949001032,7.45891248880801,7.423086643218995,7.423086643218994,354700,0.058,0.0
2022-01-14 00:00:00-05:00,7.430252788337908,7.516234417471507,7.394426938701931,7.501904487609863,338300,0.0,0.0
2022-01-18 00:00:00-05:00,7.480408809990889,7.480408809990889,7.415923098544098,7.430253028869629,420000,0.0,0.0
2022-01-19 00:00:00-05:00,7.45891082906486,7.4804060583067224,7.437415599822998,7.437415599822998,313400,0.0,0.0
2022-01-20 00:00:00-05:00,7.458912506894209,7.487573046770683,7.401591427141263,7.408756732940674,237500,0.0,0.0
2022-01-21 00:00:00-05:00,7.408757341867551,7.4445831904879665,7.301279796006301,7.315610408782959,686100,0.0,0.0
2022-01-24 00:00:00-05:00,7.272618576271195,7.272618576271195,6.935857407246488,7.05766487121582,618800,0.0,0.0
2022-01-25 00:00:00-05:00,7.050501775623109,7.1508133538747485,6.986015370563411,7.122152805328369,244000,0.0,0.0
2022-01-26 00:00:00-05:00,7.172305714532438,7.272617242948727,7.12931457141043,7.236792087554932,374700,0.0,0.0
2022-01-27 00:00:00-05:00,7.22963007293752,7.34427226233524,7.22963007293752,7.308446407318115,305600,0.0,0.0
2022-01-28 00:00:00-05:00,7.3012800216674805,7.33710587139517,7.27261947854958,7.3012800216674805,194400,0.0,0.0
2022-01-31 00:00:00-05:00,7.286950082315792,7.408757561239163,7.286950082315792,7.401592254638672,350000,0.0,0.0
2022-02-01 00:00:00-05:00,7.423090976201915,7.437421596131012,7.351439926521133,7.365769863128662,477000,0.0,0.0
2022-02-02 00:00:00-05:00,7.372935173093211,7.408761039594386,7.351439926521133,7.365769863128662,136200,0.0,0.0
2022-02-03 00:00:00-05:00,7.329939491802377,7.372930641846653,7.308444258440813,7.337104797363281,212700,0.0,0.0
2022-02-04 00:00:00-05:00,7.3514356531877265,7.415922038740084,7.337105041588904,7.408756732940674,226100,0.0,0.0
2022-02-07 00:00:00-05:00,7.415922020758127,7.423086643218995,7.344270329580097,7.423086643218994,261300,0.0,0.0
2022-02-08 00:00:00-05:00,7.401592245293376,7.630876589649638,7.3729317022488425,7.501904487609863,288800,0.0,0.0
2022-02-09 00:00:00-05:00,7.516232840488481,7.530563450664661,7.487572303457224,7.509067535400391,275200,0.0,0.0
2022-02-10 00:00:00-05:00,7.487572929793281,7.5090681635345256,7.437417156623322,7.444582462310791,221400,0.0,0.0
2022-02-11 00:00:00-05:00,7.45891248880801,7.487573028614987,7.394426103412017,7.423086643218994,215600,0.0,0.0
2022-02-14 00:00:00-05:00,7.4288533996179975,7.436058360490526,7.270332578559234,7.320770740509033,404400,0.058,0.0
2022-02-15 00:00:00-05:00,7.327976028856671,7.443263643179279,7.313564733482153,7.4288530349731445,238700,0.0,0.0
2022-02-16 00:00:00-05:00,7.407234762298418,7.493700457519614,7.3928241566790165,7.464878559112549,245400,0.0,0.0
2022-02-17 00:00:00-05:00,7.457674142423076,7.457674142423076,7.407235301165155,7.421646595001221,239700,0.0,0.0
2022-02-18 00:00:00-05:00,7.414440862906322,7.428852156576832,7.327975162388174,7.342385768890381,302500,0.0,0.0
2022-02-22 00:00:00-05:00,7.31356457390318,7.349592124384984,7.241510160107941,7.291948318481445,387200,0.0,0.0
2022-02-23 00:00:00-05:00,7.299151645147964,7.306357290386867,7.054165204370473,7.061370849609375,646700,0.0,0.0
2022-02-24 00:00:00-05:00,6.989317025755359,7.046960823674178,6.809179985466982,6.852413177490234,982700,0.0,0.0
2022-02-25 00:00:00-05:00,6.874029031518336,7.039755456306108,6.859618426457967,7.003727912902832,298800,0.0,0.0
2022-02-28 00:00:00-05:00,6.946082752714154,7.068575963901992,6.946082752714154,7.032548427581787,194000,0.0,0.0
2022-03-01 00:00:00-05:00,7.039755456306108,7.075782312541148,6.982110974559927,7.003727912902832,211200,0.0,0.0
2022-03-02 00:00:00-05:00,7.003727849476333,7.119015437588169,7.003727849476333,7.068577289581299,284300,0.0,0.0
2022-03-03 00:00:00-05:00,7.075781861796834,7.219892026229771,7.075781861796834,7.198275089263916,449300,0.0,0.0
2022-03-04 00:00:00-05:00,7.162248039089247,7.169453685238441,7.0181385519465715,7.104604244232178,226300,0.0,0.0
2022-03-07 00:00:00-05:00,7.104605531488152,7.104605531488152,6.917263507843018,6.917263507843018,245900,0.0,0.0
2022-03-08 00:00:00-05:00,6.95328982506511,6.989317372342981,6.888441064566913,6.960495471954346,289200,0.0,0.0
2022-03-09 00:00:00-05:00,6.989316559775628,7.068577292005875,6.9604946627377835,7.046960353851318,177100,0.0,0.0
2022-03-10 00:00:00-05:00,7.025345923243767,7.046962179831209,6.96770211423165,6.989318370819092,63400,0.0,0.0
2022-03-11 00:00:00-05:00,7.018136547114882,7.039753479387275,6.931670879529439,6.953287124633789,164300,0.0,0.0
2022-03-14 00:00:00-04:00,6.937342919923623,7.017082938705693,6.806860446929932,6.806860446929932,326600,0.058,0.0
2022-03-15 00:00:00-04:00,6.806858555268343,6.864850902998831,6.799609338971203,6.821356296539307,115800,0.0,0.0
2022-03-16 00:00:00-04:00,6.83585522006793,6.980836099806321,6.83585522006793,6.951839923858643,111400,0.0,0.0
2022-03-17 00:00:00-04:00,6.973586246582231,7.125816329245934,6.959088505593132,7.111318588256836,158900,0.0,0.0
2022-03-18 00:00:00-04:00,7.111318771552545,7.1693111196503105,7.082322597503662,7.082322597503662,142800,0.0,0.0
2022-03-21 00:00:00-04:00,7.10407033146428,7.111319548599446,6.980836405460048,6.995334148406982,213200,0.0,0.0
2022-03-22 00:00:00-04:00,7.02432859065658,7.154811701567421,7.02432859065658,7.1330647468566895,132300,0.0,0.0
2022-03-23 00:00:00-04:00,7.118566859608001,7.198306851840181,7.031578342801033,7.046076774597168,184400,0.0,0.0
2022-03-24 00:00:00-04:00,7.075072525590399,7.075072525590399,6.9880840139630465,7.024328708648682,147500,0.0,0.0
2022-03-25 00:00:00-04:00,7.053323794885493,7.075071437941499,6.951837559249986,6.966335296630859,214500,0.0,0.0
2022-03-28 00:00:00-04:00,6.9953342514616175,7.06782504123441,6.9953342514616175,7.053326606750488,177700,0.0,0.0
2022-03-29 00:00:00-04:00,7.1330650196038725,7.212804317474365,7.104068848439762,7.212804317474365,112300,0.0,0.0
2022-03-30 00:00:00-04:00,7.227304797816313,7.263550194878624,7.191059400754001,7.22005558013916,139700,0.0,0.0
2022-03-31 00:00:00-04:00,7.220054580490205,7.285296147904688,7.220054580490205,7.25629997253418,431000,0.0,0.0
2022-04-01 00:00:00-04:00,7.285298055471766,7.401282787322998,7.27804883690018,7.401282787322998,173100,0.0,0.0
2022-04-04 00:00:00-04:00,7.423029285560194,7.43027850367654,7.32879152401816,7.415780067443848,183900,0.0,0.0
2022-04-05 00:00:00-04:00,7.415780067443848,7.423029285560194,7.365036923276403,7.415780067443848,170600,0.0,0.0
2022-04-06 00:00:00-04:00,7.3795325959494305,7.3795325959494305,7.227302529132213,7.278045654296875,233400,0.0,0.0
2022-04-07 00:00:00-04:00,7.292545134899416,7.401280616283361,7.292545134899416,7.3215413093566895,215700,0.0,0.0
2022-04-08 00:00:00-04:00,7.35778745912453,7.372285894872412,7.321542752401757,7.336040496826172,181000,0.0,0.0
2022-04-11 00:00:00-04:00,7.321541119019397,7.321541119019397,7.205555732882229,7.234551906585693,217800,0.0,0.0
2022-04-12 00:00:00-04:00,7.249048091725333,7.299791207144019,7.234549663706795,7.2417988777160645,81600,0.0,0.0
2022-04-13 00:00:00-04:00,7.2695088386535645,7.291382792329627,7.233051785619826,7.2695088386535645,101200,0.058,0.0
2022-04-14 00:00:00-04:00,7.276798958102175,7.284090507044653,7.196594005816053,7.225759506225586,179600,0.0,0.0
2022-04-18 00:00:00-04:00,7.211179256439209,7.254927172433293,7.1965961542007895,7.211179256439209,147500,0.0,0.0
2022-04-19 00:00:00-04:00,7.21846846319064,7.3351311683654785,7.21846846319064,7.3351311683654785,111600,0.0,0.0
2022-04-20 00:00:00-04:00,7.357005354758239,7.400753262146281,7.305965897685373,7.3278398513793945,185700,0.0,0.0
2022-04-21 00:00:00-04:00,7.386168667673102,7.386168667673102,7.269506688755343,7.284089088439941,86000,0.0,0.0
2022-04-22 00:00:00-04:00,7.233051536418736,7.2986740905464735,7.18201208114624,7.18201208114624,144800,0.0,0.0
2022-04-25 00:00:00-04:00,7.174719768887577,7.174719768887577,6.985143676088107,7.0653486251831055,197000,0.0,0.0
2022-04-26 00:00:00-04:00,7.021601902081302,7.058058956099595,6.955979343920467,6.977853298187256,153700,0.0,0.0
2022-04-27 00:00:00-04:00,6.970562443671972,7.050767406223843,6.96327089379622,6.977853298187256,111000,0.0,0.0
2022-04-28 00:00:00-04:00,6.992435210136162,7.058057757149717,6.9559781623108154,6.985143661499023,163100,0.0,0.0
2022-04-29 00:00:00-04:00,6.985145324939476,6.9924368753130235,6.9049403569120065,6.919522762298584,246200,0.0,0.0
2022-05-02 00:00:00-04:00,6.795568475267299,6.963270639482412,6.788277621018293,6.832025527954102,217000,0.0,0.0
2022-05-03 00:00:00-04:00,6.8028609816680605,6.824734938212436,6.722656010764987,6.751821517944336,338400,0.0,0.0
2022-05-04 00:00:00-04:00,6.766403685553757,6.8539002040103405,6.7372381794015626,6.839317798614502,244100,0.0,0.0
2022-05-05 00:00:00-04:00,6.832026237139134,6.832026237139134,6.700781111987181,6.708072662353516,127000,0.0,0.0
2022-05-06 00:00:00-04:00,6.700781356524431,6.700781356524431,6.6424503421860654,6.657033443450928,212500,0.0,0.0
2022-05-09 00:00:00-04:00,6.605993741945617,6.613284596955054,6.467457066358571,6.511205673217773,322200,0.0,0.0
2022-05-10 00:00:00-04:00,6.5112059101374,6.554953823227917,6.34350372232897,6.387252330780029,735900,0.0,0.0
2022-05-11 00:00:00-04:00,6.387251837539424,6.4237088925399055,6.241424312897984,6.256006717681885,226400,0.0,0.0
2022-05-12 00:00:00-04:00,6.181127973284174,6.210491973391033,6.093035972963597,6.137081623077393,405700,0.058,0.0
2022-05-13 00:00:00-04:00,6.173788380044515,6.254539926097784,6.137083195483317,6.210493564605713,261400,0.0,0.0
2022-05-16 00:00:00-04:00,6.210491546305317,6.225173195302619,6.15176355013023,6.181127548217773,261200,0.0,0.0
2022-05-17 00:00:00-04:00,6.203151910219109,6.283903450056942,6.1884702575805735,6.261879920959473,172400,0.0,0.0
2022-05-18 00:00:00-04:00,6.261878056484545,6.291242053111595,6.22517288567751,6.254537582397461,256500,0.0,0.0
2022-05-19 00:00:00-04:00,6.254538643502328,6.2985842958689515,6.210492291042682,6.283902645111084,291600,0.0,0.0
2022-05-20 00:00:00-04:00,6.313266646719841,6.313266646719841,6.225173941800549,6.283902645111084,183300,0.0,0.0
2022-05-23 00:00:00-04:00,6.320607122052263,6.320607122052263,6.247197468076883,6.283902645111084,230700,0.0,0.0
2022-05-24 00:00:00-04:00,6.298585042692264,6.305926218988152,6.210493027420923,6.276562213897705,206000,0.0,0.0
2022-05-25 00:00:00-04:00,6.247196408217473,6.30592440147157,6.22517288567751,6.254537582397461,168400,0.0,0.0
2022-05-26 00:00:00-04:00,6.24719700319391,6.401358175191287,6.24719700319391,6.335289001464844,213700,0.0,0.0
2022-05-27 00:00:00-04:00,6.3573123587135205,6.518814719122968,6.3573123587135205,6.430722713470459,375700,0.0,0.0
2022-05-31 00:00:00-04:00,6.423380163944694,6.438062511792578,6.371993346662857,6.416038990020752,186800,0.0,0.0
2022-06-01 00:00:00-04:00,6.452747443463264,6.48211145401001,6.401360600029767,6.48211145401001,171600,0.0,0.0
2022-06-02 00:00:00-04:00,6.504132270812988,6.518814621581895,6.445404267923396,6.504132270812988,139800,0.0,0.0
2022-06-03 00:00:00-04:00,6.430723931165116,6.496793122938338,6.4233827542807225,6.474769592285156,155000,0.0,0.0
2022-06-06 00:00:00-04:00,6.474768003541238,6.533496004019703,6.45274517838506,6.511473178863525,355600,0.0,0.0
2022-06-07 00:00:00-04:00,6.467427536233322,6.577542362237994,6.467427536233322,6.562860012054443,102400,0.0,0.0
2022-06-08 00:00:00-04:00,6.518816400921085,6.584885597229004,6.504134046144566,6.584885597229004,165600,0.0,0.0
2022-06-09 00:00:00-04:00,6.584883269691778,6.584883269691778,6.526155271530513,6.5702009201049805,139200,0.0,0.0
2022-06-10 00:00:00-04:00,6.526156529773369,6.577543363048616,6.45274616787179,6.555520534515381,160000,0.0,0.0
2022-06-13 00:00:00-04:00,6.489451363873931,6.489451363873931,6.357312992181852,6.394018173217773,254600,0.0,0.0
2022-06-14 00:00:00-04:00,6.407321165531316,6.459052482980124,6.377760312019663,6.436882019042969,175100,0.058,0.0
2022-06-15 00:00:00-04:00,6.481222297869318,6.525563216481446,6.340807744429794,6.377758979797363,403100,0.0,0.0
2022-06-16 00:00:00-04:00,6.259515690070523,6.28168614972943,6.03041859097446,6.059979438781738,430500,0.0,0.0
2022-06-17 00:00:00-04:00,6.067369293416579,6.126490983832471,6.045198835707155,6.104320526123047,155800,0.0,0.0
2022-06-21 00:00:00-04:00,6.1486604574812835,6.193002070589634,6.1190996170043945,6.1190996170043945,88800,0.0,0.0
2022-06-22 00:00:00-04:00,6.119100682191484,6.141271844998136,6.074759766150486,6.126491069793701,211200,0.0,0.0
2022-06-23 00:00:00-04:00,6.133882919053062,6.163443771719901,6.096931677022931,6.111712455749512,91000,0.0,0.0
2022-06-24 00:00:00-04:00,6.119100404195978,6.185612480021931,6.111710721715632,6.1560516357421875,192500,0.0,0.0
2022-06-27 00:00:00-04:00,6.185613044190518,6.185613044190518,6.126491350238743,6.17822265625,189600,0.0,0.0
2022-06-28 00:00:00-04:00,6.193003432131036,6.207783503225888,6.15605219721463,6.17822265625,145000,0.0,0.0
2022-06-29 00:00:00-04:00,6.185613465954953,6.193003854399383,6.11910137952755,6.14127254486084,105700,0.0,0.0
2022-06-30 00:00:00-04:00,6.126492324575644,6.170833954484514,6.030419380428342,6.163443565368652,296200,0.0,0.0
2022-07-01 00:00:00-04:00,6.156053001779975,6.215174703458662,6.1117120779141,6.200394630432129,87300,0.0,0.0
2022-07-05 00:00:00-04:00,6.17083241027512,6.200393254554864,6.104320334449166,6.1560516357421875,89900,0.0,0.0
2022-07-06 00:00:00-04:00,6.163442415068818,6.200393648965518,6.111711110485138,6.133881568908691,64500,0.0,0.0
2022-07-07 00:00:00-04:00,6.17083215713501,6.17083215713501,6.111710471000814,6.17083215713501,134500,0.0,0.0
2022-07-08 00:00:00-04:00,6.185613266274124,6.200394042685838,6.133881958405545,6.1930036544799805,140100,0.0,0.0
2022-07-11 00:00:00-04:00,6.170833393852327,6.185613465954953,6.0895405305360635,6.14127254486084,269500,0.0,0.0
2022-07-12 00:00:00-04:00,6.163442585155148,6.229954667047442,6.119100962298225,6.17822265625,196900,0.0,0.0
2022-07-13 00:00:00-04:00,6.141272126119779,6.222564279106924,6.1338817381792605,6.17822265625,168700,0.0,0.0
2022-07-14 00:00:00-04:00,6.160344741661403,6.190140816755525,6.100751881078692,6.1752424240112305,166900,0.066,0.0
2022-07-15 00:00:00-04:00,6.190142373762114,6.264632225036621,6.115651812092963,6.264632225036621,746300,0.0,0.0
2022-07-18 00:00:00-04:00,6.279529527697323,6.279529527697323,6.115650746808015,6.137997627258301,166200,0.0,0.0
2022-07-19 00:00:00-04:00,6.182692998430453,6.219938278198242,6.152896916695147,6.219938278198242,117100,0.0,0.0
2022-07-20 00:00:00-04:00,6.219939268896038,6.2646330434204085,6.212490069677063,6.249735355377197,115500,0.0,0.0
2022-07-21 00:00:00-04:00,6.2273860795846305,6.458306220382067,6.2050391983444095,6.435959339141846,264300,0.0,0.0
2022-07-22 00:00:00-04:00,6.4434097121333656,6.503001886481357,6.339123762221756,6.368919849395752,218400,0.0,0.0
2022-07-25 00:00:00-04:00,6.406162736855549,6.443407299078899,6.3018761156045,6.331672191619873,159900,0.0,0.0
2022-07-26 00:00:00-04:00,6.31677560421144,6.368919284940687,6.30932711587414,6.346572399139404,47400,0.0,0.0
2022-07-27 00:00:00-04:00,6.361469311399274,6.42106147320766,6.339122428319781,6.391265392303467,85300,0.0,0.0
2022-07-28 00:00:00-04:00,6.391266410610956,6.503001554205561,6.346572637331001,6.488103866577148,134500,0.0,0.0
2022-07-29 00:00:00-04:00,6.547693731447307,6.592388199378299,6.488101581135628,6.584939002990723,177000,0.0,0.0
2022-08-01 00:00:00-04:00,6.584940781422169,6.637083749428812,6.495552531813071,6.532797813415527,170200,0.0,0.0
2022-08-02 00:00:00-04:00,6.532798037682079,6.629634778620281,6.517899640371781,6.570042610168457,141500,0.0,0.0
2022-08-03 00:00:00-04:00,6.61473612765371,6.629633812398092,6.570041652631403,6.6072869300842285,99200,0.0,0.0
2022-08-04 00:00:00-04:00,6.59983807114472,6.637083350508558,6.562593502175499,6.5923895835876465,64500,0.0,0.0
2022-08-05 00:00:00-04:00,6.577489854679709,6.651980398311013,6.562592172190133,6.614735126495361,99200,0.0,0.0
2022-08-08 00:00:00-04:00,6.6519800684525565,6.704123020172119,6.5998364063385555,6.704123020172119,99100,0.0,0.0
2022-08-09 00:00:00-04:00,6.696676583938158,6.719024181365967,6.629635212444194,6.719024181365967,82000,0.0,0.0
2022-08-10 00:00:00-04:00,6.741369292614246,6.800961449268078,6.719022411467694,6.771165370941162,188400,0.0,0.0
2022-08-11 00:00:00-04:00,6.853104929972315,6.88290101056545,6.786063571039113,6.838207244873047,172800,0.0,0.0
2022-08-12 00:00:00-04:00,6.880224594555269,6.902733307630646,6.737667742153347,6.887727737426758,167900,0.066,0.0
2022-08-15 00:00:00-04:00,6.8802243188629,6.8802243188629,6.790188754630055,6.857715606689453,47900,0.0,0.0
2022-08-16 00:00:00-04:00,6.850212373557754,6.880224227905273,6.835206088614468,6.880224227905273,63200,0.0,0.0
2022-08-17 00:00:00-04:00,6.872719960243357,6.872719960243357,6.797690694427747,6.842708110809326,123200,0.0,0.0
2022-08-18 00:00:00-04:00,6.865217942961989,6.880224227905273,6.827703661681875,6.880224227905273,70100,0.0,0.0
2022-08-19 00:00:00-04:00,6.857715270801489,6.857715270801489,6.775182137642857,6.782685279846191,62600,0.0,0.0
2022-08-22 00:00:00-04:00,6.752673919005394,6.752673919005394,6.6626383526166775,6.700153350830078,87400,0.0,0.0
2022-08-23 00:00:00-04:00,6.7001521163517905,6.7001521163517905,6.64763084231425,6.670140266418457,70300,0.0,0.0
2022-08-24 00:00:00-04:00,6.692650955998752,6.767680960810329,6.692650955998752,6.730165958404541,41400,0.0,0.0
2022-08-25 00:00:00-04:00,6.722661236658155,6.76767937208484,6.6926493848866935,6.70765495300293,47800,0.0,0.0
2022-08-26 00:00:00-04:00,6.737666903106943,6.745170045044059,6.595110783996722,6.602613925933838,89000,0.0,0.0
2022-08-29 00:00:00-04:00,6.602614421840224,6.6476318457660755,6.580105709877298,6.61761999130249,41400,0.0,0.0
2022-08-30 00:00:00-04:00,6.565099661165754,6.602614659480231,6.4975728073075105,6.520081520080566,362900,0.0,0.0
2022-08-31 00:00:00-04:00,6.520082090443975,6.542591520725187,6.490070232274833,6.497573375701904,62200,0.0,0.0
2022-09-01 00:00:00-04:00,6.512577576559284,6.5575949916242235,6.430044456375377,6.460056304931641,243000,0.0,0.0
2022-09-02 00:00:00-04:00,6.4675600731560925,6.527583776089501,6.4675600731560925,6.4825663566589355,124300,0.0,0.0
2022-09-06 00:00:00-04:00,6.475062586979227,6.505074435535491,6.437547597399171,6.460056304931641,149400,0.0,0.0
2022-09-07 00:00:00-04:00,6.467560951763745,6.520081520080566,6.422543526217635,6.520081520080566,69300,0.0,0.0
2022-09-08 00:00:00-04:00,6.4675603808606335,6.527584086649766,6.445051670074463,6.445051670074463,143400,0.0,0.0
2022-09-09 00:00:00-04:00,6.46005731705489,6.542590450169596,6.46005731705489,6.505075454711914,70900,0.0,0.0
2022-09-12 00:00:00-04:00,6.565099661165754,6.587608373938809,6.4975728073075105,6.520081520080566,63200,0.0,0.0
2022-09-13 00:00:00-04:00,6.4825657280030216,6.512577576559284,6.4225420308904955,6.460056304931641,83300,0.0,0.0
2022-09-14 00:00:00-04:00,6.487275210644999,6.487275210644999,6.404105274480999,6.426787853240967,75600,0.066,0.0
2022-09-15 00:00:00-04:00,6.396546849295863,6.4192294375407,6.328498363494873,6.328498363494873,176500,0.0,0.0
2022-09-16 00:00:00-04:00,6.252888285590523,6.298253453301077,6.237766082309445,6.275570869445801,192500,0.0,0.0
2022-09-19 00:00:00-04:00,6.275570869445801,6.298253453301077,6.252888285590523,6.275570869445801,142200,0.0,0.0
2022-09-20 00:00:00-04:00,6.275570658583511,6.283131759969994,6.222643669944451,6.260448455810547,156700,0.0,0.0
2022-09-21 00:00:00-04:00,6.29069226823591,6.320935953330647,6.237765999586703,6.252888202667236,223100,0.0,0.0
2022-09-22 00:00:00-04:00,6.275569685181472,6.275569685181472,6.1848386458159,6.192399024963379,274100,0.0,0.0
2022-09-23 00:00:00-04:00,6.177278534002533,6.184839635426035,6.071425277272463,6.094108581542969,314800,0.0,0.0
2022-09-26 00:00:00-04:00,6.063865266974066,6.162156707212734,6.063865266974066,6.0865478515625,245200,0.0,0.0
2022-09-27 00:00:00-04:00,6.101668750325385,6.139473535065698,6.063864686651366,6.078986167907715,132100,0.0,0.0
2022-09-28 00:00:00-04:00,6.078986544197936,6.1772787021805335,6.078986544197936,6.139473915100098,111700,0.0,0.0
2022-09-29 00:00:00-04:00,6.086547366966301,6.109229949748802,6.01849889755249,6.01849889755249,467700,0.0,0.0
2022-09-30 00:00:00-04:00,6.018500006088528,6.131913661956787,6.018500006088528,6.131913661956787,377100,0.0,0.0
2022-10-03 00:00:00-04:00,6.2150832201815795,6.2150832201815795,6.094108483614807,6.154595851898193,324700,0.0,0.0
2022-10-04 00:00:00-04:00,6.215083416032233,6.26800968468144,6.192400111411432,6.252888202667236,170600,0.0,0.0
2022-10-05 00:00:00-04:00,6.2226433753967285,6.245326678482465,6.16215600930066,6.2226433753967285,118100,0.0,0.0
2022-10-06 00:00:00-04:00,6.237765577453886,6.260448159473341,6.177278211357818,6.2226433753967285,125800,0.0,0.0
2022-10-07 00:00:00-04:00,6.199961392096207,6.207522493854948,6.124352537707854,6.147035121917725,77200,0.0,0.0
2022-10-10 00:00:00-04:00,6.147035681980018,6.154596784427659,6.063865718255229,6.101669788360596,123100,0.0,0.0
2022-10-11 00:00:00-04:00,6.109230063323654,6.139473747951342,6.056303795491778,6.094108581542969,166000,0.0,0.0
2022-10-12 00:00:00-04:00,6.056302811045644,6.078985390562798,6.033619870995387,6.041180610656738,94400,0.0,0.0
2022-10-13 00:00:00-04:00,5.992388335857412,6.0457554284341235,5.954268672414573,6.0381317138671875,136000,0.066,0.0
2022-10-14 00:00:00-04:00,6.0457553105444175,6.083874973243939,5.977140426635742,5.977140426635742,100300,0.0,0.0
2022-10-17 00:00:00-04:00,6.038132597437628,6.083875982141112,6.015260723317833,6.030508518218994,92100,0.0,0.0
2022-10-18 00:00:00-04:00,6.106747430044494,6.106747430044494,6.030508097323655,6.061003684997559,113100,0.0,0.0
2022-10-19 00:00:00-04:00,6.061004188538857,6.099123858066215,6.015260803227694,6.076251983642578,251800,0.0,0.0
2022-10-20 00:00:00-04:00,6.045754261626452,6.16773694297971,6.045754261626452,6.137241363525391,215600,0.0,0.0
2022-10-21 00:00:00-04:00,6.114371328543832,6.190609931945801,6.076251299770709,6.190609931945801,297100,0.0,0.0
2022-10-24 00:00:00-04:00,6.137241850707653,6.1829848599842885,6.114370346069336,6.114370346069336,136900,0.0,0.0
2022-10-25 00:00:00-04:00,6.0914996978236395,6.137243446063231,6.007637007635305,6.030508518218994,410800,0.0,0.0
2022-10-26 00:00:00-04:00,6.015260162919522,6.06862762186978,5.954268988996983,5.984764575958252,329600,0.0,0.0
2022-10-27 00:00:00-04:00,5.992388725280762,6.015260234003958,5.946645344298292,5.992388725280762,313300,0.0,0.0
2022-10-28 00:00:00-04:00,5.954268672414573,6.061003221104048,5.946644957847637,6.0381317138671875,277500,0.0,0.0
2022-10-31 00:00:00-04:00,6.02288438217322,6.061003684997559,5.9847647158127995,6.061003684997559,188400,0.0,0.0
2022-11-01 00:00:00-04:00,6.114372060330873,6.114372060330873,6.007637130307182,6.068628311157227,295400,0.0,0.0
2022-11-02 00:00:00-04:00,6.061004336973477,6.160115189342955,6.045756541496336,6.129619598388672,189900,0.0,0.0
2022-11-03 00:00:00-04:00,6.12961789603744,6.175361633300781,6.099122313552559,6.175361633300781,241500,0.0,0.0
2022-11-04 00:00:00-04:00,6.274473787714065,6.312593460083008,6.205859249936698,6.312593460083008,224200,0.0,0.0
2022-11-07 00:00:00-05:00,6.358336307631286,6.358336307631286,6.282096973741269,6.343088150024414,174500,0.0,0.0
2022-11-08 00:00:00-05:00,6.343088235794585,6.358336393607639,6.282097058686727,6.327840805053711,163300,0.0,0.0
2022-11-09 00:00:00-05:00,6.327840140470648,6.327840140470648,6.228729306311476,6.259224891662598,132700,0.0,0.0
2022-11-10 00:00:00-05:00,6.335463441565957,6.381206450446452,6.297343782784199,6.350710868835449,243300,0.0,0.0
2022-11-11 00:00:00-05:00,6.365960274005308,6.3812077042707225,6.259225353858767,6.282096862792969,180800,0.0,0.0
2022-11-14 00:00:00-05:00,6.301332245981442,6.309026356842112,6.239780826597679,6.2628631591796875,187800,0.075,0.0
2022-11-15 00:00:00-05:00,6.309025532572679,6.378271053770237,6.309025532572679,6.362883567810059,153900,0.0,0.0
2022-11-16 00:00:00-05:00,6.378270168002697,6.393658385576574,6.316718765208388,6.3398003578186035,239000,0.0,0.0
2022-11-17 00:00:00-05:00,6.324413984741817,6.332107361129331,6.27825005766309,6.309025764465332,93100,0.0,0.0
2022-11-18 00:00:00-05:00,6.355190799822808,6.3936606234720275,6.324415087653605,6.370578289031982,210000,0.0,0.0
2022-11-21 00:00:00-05:00,6.370575853076345,6.385964070152289,6.33210604413706,6.355188369750977,189400,0.0,0.0
2022-11-22 00:00:00-05:00,6.3859651645226965,6.4552106857299805,6.378271054666175,6.4552106857299805,119000,0.0,0.0
2022-11-23 00:00:00-05:00,6.532148325827036,6.532148325827036,6.455209443322046,6.478291034698486,185200,0.0,0.0
2022-11-25 00:00:00-05:00,6.478292281548842,6.501373877367703,6.447516575873459,6.4552106857299805,45900,0.0,0.0
2022-11-28 00:00:00-05:00,6.462902817947152,6.524454217451368,6.439821226570712,6.478291034698486,115500,0.0,0.0
2022-11-29 00:00:00-05:00,6.455209647897193,6.532148532840489,6.4475155392776875,6.462903022766113,226200,0.0,0.0
2022-11-30 00:00:00-05:00,6.447517384336286,6.539844512939453,6.416741674801896,6.539844512939453,130500,0.0,0.0
2022-12-01 00:00:00-05:00,6.586008759182945,6.6552535586348105,6.562926425614827,6.570620536804199,176500,0.0,0.0
2022-12-02 00:00:00-05:00,6.539843585165679,6.624476590941104,6.516761989727051,6.593700885772705,225100,0.0,0.0
2022-12-05 00:00:00-05:00,6.586007457193706,6.586007457193706,6.4629039037526015,6.485986232757568,168200,0.0,0.0
2022-12-06 00:00:00-05:00,6.4782937501331475,6.48598786173387,6.401354101627656,6.416742324829102,131000,0.0,0.0
2022-12-07 00:00:00-05:00,6.432128356160418,6.501373877367703,6.393659274379217,6.4552106857299805,143000,0.0,0.0
2022-12-08 00:00:00-05:00,6.439822699310793,6.478292516236332,6.401352882385254,6.401352882385254,74700,0.0,0.0
2022-12-09 00:00:00-05:00,6.385966332117636,6.416742043419976,6.339802398288708,6.347496509552002,84600,0.0,0.0
2022-12-12 00:00:00-05:00,6.370575853076345,6.416739770553602,6.239778942933122,6.355188369750977,208800,0.0,0.0
2022-12-13 00:00:00-05:00,6.424436257142282,6.462905346570598,6.339802499397954,6.393660545349121,243500,0.0,0.0
2022-12-14 00:00:00-05:00,6.4053052990682025,6.43636129514332,6.319901494969966,6.366485118865967,387200,0.075,0.0
2022-12-15 00:00:00-05:00,6.358719825744629,6.397539999176422,6.32766383508584,6.358719825744629,225300,0.0,0.0
2022-12-16 00:00:00-05:00,6.358719725392632,6.374248090693572,6.312136110356232,6.343192100524902,192700,0.0,0.0
2022-12-19 00:00:00-05:00,6.343191985652587,6.343191985652587,6.1646198603082905,6.195675849914551,386200,0.0,0.0
2022-12-20 00:00:00-05:00,6.1646198603082905,6.242259834323941,6.1646198603082905,6.195675849914551,324600,0.0,0.0
2022-12-21 00:00:00-05:00,6.203441477042703,6.273317659207569,6.1956776624781105,6.2655534744262695,163300,0.0,0.0
2022-12-22 00:00:00-05:00,6.2577894172537745,6.327664852142333,6.234496865190914,6.327664852142334,198900,0.0,0.0
2022-12-23 00:00:00-05:00,6.350957404205195,6.38977684344328,6.3121372245337675,6.327664852142334,150500,0.0,0.0
2022-12-27 00:00:00-05:00,6.319902099855419,6.33542972916247,6.218969917842608,6.234497547149658,304700,0.0,0.0
2022-12-28 00:00:00-05:00,6.211206032589064,6.24226203313467,6.156857846525887,6.180150032043457,278400,0.0,0.0
2022-12-29 00:00:00-05:00,6.187911711419465,6.2344956961602085,6.180147899070975,6.22673225402832,198800,0.0,0.0
2022-12-30 00:00:00-05:00,6.242260655327931,6.2888450160808596,6.141328490724334,6.149092674255371,468300,0.0,0.0
2023-01-03 00:00:00-05:00,6.218968868255615,6.273316672308048,6.19567668779268,6.218968868255615,501400,0.0,0.0
2023-01-04 00:00:00-05:00,6.273317015661183,6.281081199645996,6.21896920863417,6.281081199645996,268200,0.0,0.0
2023-01-05 00:00:00-05:00,6.250024354482004,6.296607971191406,6.21896836319799,6.296607971191406,338900,0.0,0.0
2023-01-06 00:00:00-05:00,6.33542950130142,6.350957870483398,6.288845874622279,6.350957870483398,210800,0.0,0.0
2023-01-09 00:00:00-05:00,6.3742481912906355,6.4053041819494245,6.335428017858843,6.358719825744629,220900,0.0,0.0
2023-01-10 00:00:00-05:00,6.358720547261768,6.405304908752441,6.358720547261768,6.405304908752441,155200,0.0,0.0
2023-01-11 00:00:00-05:00,6.405305873878976,6.482946241250875,6.405305873878976,6.475182056427002,299300,0.0,0.0
2023-01-12 00:00:00-05:00,6.510436871738288,6.541774683214365,6.455595141290881,6.5261054039001465,158700,0.075,0.0
2023-01-13 00:00:00-05:00,6.526105805370509,6.58094679203924,6.502602632105682,6.557443618774414,267400,0.0,0.0
2023-01-17 00:00:00-05:00,6.580946040415568,6.580946040415568,6.50260188942986,6.54960823059082,221200,0.0,0.0
2023-01-18 00:00:00-05:00,6.588780410241237,6.604449688089047,6.486932345687347,6.502601623535156,273800,0.0,0.0
2023-01-19 00:00:00-05:00,6.47126463376646,6.53394025878313,6.4555953539361,6.479099273681641,288700,0.0,0.0
2023-01-20 00:00:00-05:00,6.518270420766072,6.565277509079355,6.479098718849379,6.54960823059082,863100,0.0,0.0
2023-01-23 00:00:00-05:00,6.549607822098118,6.588780268723985,6.526104652983507,6.565277099609375,213300,0.0,0.0
2023-01-24 00:00:00-05:00,6.596614496686169,6.659290108523625,6.4947664406622465,6.620117664337158,155400,0.0,0.0
2023-01-25 00:00:00-05:00,6.604449546235243,6.620118076594224,6.557442460853746,6.565277099609375,158100,0.0,0.0
2023-01-26 00:00:00-05:00,6.604449203946775,6.6671248164389665,6.580945288898026,6.635787010192871,227800,0.0,0.0
2023-01-27 00:00:00-05:00,6.659290108523625,6.659290108523625,6.58877985841843,6.620117664337158,267300,0.0,0.0
2023-01-30 00:00:00-05:00,6.620116849432811,6.667123926100674,6.5966136846749475,6.643620014190674,104800,0.0,0.0
2023-01-31 00:00:00-05:00,6.69062771164759,6.737634792676999,6.667124544708989,6.674959182739258,230800,0.0,0.0
2023-02-01 00:00:00-05:00,6.7219655861928365,6.729800224304199,6.643620699383641,6.729800224304199,178700,0.0,0.0
2023-02-02 00:00:00-05:00,6.761140075662956,6.808146424251829,6.706299086591792,6.753305435180664,220400,0.0,0.0
2023-02-03 00:00:00-05:00,6.729802453219524,6.81598125953035,6.729802453219524,6.792478084564209,144000,0.0,0.0
2023-02-06 00:00:00-05:00,6.737636022389639,6.768973833078097,6.721966743469238,6.721966743469238,170200,0.0,0.0
2023-02-07 00:00:00-05:00,6.737637017270957,6.839484356682997,6.737637017270957,6.823815822601318,166100,0.0,0.0
2023-02-08 00:00:00-05:00,6.831648349761963,6.862986155383027,6.808144435181998,6.831648349761963,112800,0.0,0.0
2023-02-09 00:00:00-05:00,6.85515103349225,6.862985671132761,6.784640789031982,6.784640789031982,163800,0.0,0.0
2023-02-10 00:00:00-05:00,6.800312519073486,6.81598105285833,6.768974704351359,6.800312519073486,89300,0.0,0.0
2023-02-13 00:00:00-05:00,6.839481692613037,6.847316330178406,6.7768060863944095,6.815978527069092,164400,0.0,0.0
2023-02-14 00:00:00-05:00,6.780419190904213,6.827835041749075,6.76461440972218,6.804126739501953,84700,0.075,0.0
2023-02-15 00:00:00-05:00,6.78832195831992,6.851542590346815,6.78832195831992,6.804126739501953,70400,0.0,0.0
2023-02-16 00:00:00-05:00,6.7962239407498055,6.835736265965777,6.764613628387451,6.764613628387451,45000,0.0,0.0
2023-02-17 00:00:00-05:00,6.764612522560761,6.812027606528593,6.756709757349733,6.788320064544678,53300,0.0,0.0
2023-02-21 00:00:00-05:00,6.780417482184607,6.81993055565615,6.622365941947626,6.6381707191467285,119000,0.0,0.0
2023-02-22 00:00:00-05:00,6.661879179357092,6.693489488182365,6.5670482528812695,6.598658561706543,194500,0.0,0.0
2023-02-23 00:00:00-05:00,6.638171052385918,6.685586893661904,6.60656074275167,6.646073818206787,145900,0.0,0.0
2023-02-24 00:00:00-05:00,6.638171593456359,6.733003283737965,6.630269580640634,6.725100517272949,87400,0.0,0.0
2023-02-27 00:00:00-05:00,6.7567116281779915,6.780419176726158,6.701393010033095,6.748808860778809,142200,0.0,0.0
2023-02-28 00:00:00-05:00,6.772513636593736,6.772513636593736,6.685585491740102,6.701390266418457,162300,0.0,0.0
2023-03-01 00:00:00-05:00,6.7330043842377885,6.78041948347923,6.677685763590222,6.717198848724365,240300,0.0,0.0
2023-03-02 00:00:00-05:00,6.677683544446141,6.7013910861883135,6.646073237573523,6.693489074707031,152200,0.0,0.0
2023-03-03 00:00:00-05:00,6.6855878829956055,6.693490649985927,6.653977568683661,6.6855878829956055,118700,0.0,0.0
2023-03-06 00:00:00-05:00,6.717199471828415,6.717199471828415,6.685589151518731,6.709296703338623,67500,0.0,0.0
2023-03-07 00:00:00-05:00,6.693491920008523,6.725102240318207,6.685589151518731,6.709296703338623,120600,0.0,0.0
2023-03-08 00:00:00-05:00,6.6855878829956055,6.71719819730755,6.661880335673983,6.6855878829956055,129300,0.0,0.0
2023-03-09 00:00:00-05:00,6.693491570892785,6.733004657631358,6.590757846832276,6.590757846832275,167300,0.0,0.0
2023-03-10 00:00:00-05:00,6.606561413759534,6.606561413759534,6.4089967700671515,6.424802303314209,305400,0.0,0.0
2023-03-13 00:00:00-04:00,6.4089964705615206,6.4089964705615206,6.20352944667216,6.219334602355957,476300,0.0,0.0
2023-03-14 00:00:00-04:00,6.3110880851745605,6.3589597579042385,6.279173636688108,6.3110880851745605,255300,0.075,0.0
2023-03-15 00:00:00-04:00,6.239282526640346,6.327047094514642,6.231303722042496,6.295132637023926,385600,0.0,0.0
2023-03-16 00:00:00-04:00,6.247260093688965,6.303110576860427,6.247260093688965,6.247260093688965,257600,0.0,0.0
2023-03-17 00:00:00-04:00,6.263217149760193,6.263217149760193,6.135559340786316,6.167473793029785,288300,0.0,0.0
2023-03-20 00:00:00-04:00,6.2632170603724155,6.279174286266411,6.1754521277303045,6.21534538269043,322500,0.0,0.0
2023-03-21 00:00:00-04:00,6.263216183312251,6.358959525268945,6.255237761707637,6.335023880004883,331100,0.0,0.0
2023-03-22 00:00:00-04:00,6.374917447287061,6.502575250547295,6.327045771064473,6.478639602661133,517700,0.0,0.0
2023-03-23 00:00:00-04:00,6.526512066908617,6.526512066908617,6.382896648821939,6.3988542556762695,213000,0.0,0.0
2023-03-24 00:00:00-04:00,6.446726322174072,6.5105552353915845,6.422790669942672,6.446726322174072,732400,0.0,0.0
2023-03-27 00:00:00-04:00,6.470660697077345,6.518532752990723,6.430768204866798,6.518532752990723,204400,0.0,0.0
2023-03-28 00:00:00-04:00,6.534489185147713,6.5424679874462965,6.462682247161865,6.462682247161865,111700,0.0,0.0
2023-03-29 00:00:00-04:00,6.5344906660394075,6.5344906660394075,6.47864055909312,6.526512622833252,129000,0.0,0.0
2023-03-30 00:00:00-04:00,6.582362904963974,6.638213013396669,6.542469644268908,6.566405296325684,162000,0.0,0.0
2023-03-31 00:00:00-04:00,6.566405153029799,6.622256021144344,6.542469501495361,6.542469501495361,282300,0.0,0.0
2023-04-03 00:00:00-04:00,6.606297939919895,6.829699874583799,6.574383486525136,6.773849010467529,778300,0.0,0.0
2023-04-04 00:00:00-04:00,6.805762941303388,6.877570646153217,6.694062743448569,6.710019588470459,335500,0.0,0.0
2023-04-05 00:00:00-04:00,6.686084484116399,6.7020413304357005,6.550447866349672,6.606297969818115,237900,0.0,0.0
2023-04-06 00:00:00-04:00,6.6382129837777875,6.670127440011309,6.5823628755942885,6.598320484161377,103200,0.0,0.0
2023-04-10 00:00:00-04:00,6.598318987129417,6.67810472916104,6.598318987129417,6.654169082641602,132200,0.0,0.0
2023-04-11 00:00:00-04:00,6.686083871376359,6.933420673413017,6.678105068497621,6.765869617462158,343200,0.0,0.0
2023-04-12 00:00:00-04:00,6.781827562688676,6.8137420149006,6.733955503920509,6.789806365966797,203400,0.0,0.0
2023-04-13 00:00:00-04:00,6.817979071505584,6.898474229047156,6.79382983334368,6.85017728805542,193000,0.075,0.0
2023-04-14 00:00:00-04:00,6.842127847211666,6.890425558023877,6.769681664826383,6.8018798828125,122800,0.0,0.0
2023-04-17 00:00:00-04:00,6.7857817022683,6.866276869860971,6.7133355140686035,6.7133355140686035,301000,0.0,0.0
2023-04-18 00:00:00-04:00,6.705285767009497,6.737483987579791,6.705285767009497,6.7133355140686035,191300,0.0,0.0
2023-04-19 00:00:00-04:00,6.713335773371004,6.753583742554983,6.689187298927083,6.705286026000977,98100,0.0,0.0
2023-04-20 00:00:00-04:00,6.697236958675004,6.737484931945801,6.697236958675004,6.737484931945801,61100,0.0,0.0
2023-04-21 00:00:00-04:00,6.705286046631659,6.713335794026454,6.616741128287403,6.656989097595215,246000,0.0,0.0
2023-04-24 00:00:00-04:00,6.648938648087953,6.705285338569112,6.648938648087953,6.673087120056152,120400,0.0,0.0
2023-04-25 00:00:00-04:00,6.640888785304381,6.665037256849898,6.552343877860108,6.5603928565979,287700,0.0,0.0
2023-04-26 00:00:00-04:00,6.5281946062756,6.616740280946851,6.5201456275777225,6.552343845367432,119800,0.0,0.0
2023-04-27 00:00:00-04:00,6.536244385052384,6.576492349405624,6.504046167103005,6.5603928565979,119000,0.0,0.0
2023-04-28 00:00:00-04:00,6.487947922563493,6.5603933425665195,6.471848428563181,6.536244869232178,395900,0.0,0.0
2023-05-01 00:00:00-04:00,6.560391606611818,6.624788030240784,6.552342629407639,6.608689308166504,192800,0.0,0.0
2023-05-02 00:00:00-04:00,6.568443841843077,6.592592317943117,6.471849169776704,6.504047393798828,206900,0.0,0.0
2023-05-03 00:00:00-04:00,6.487948677532811,6.536245629821564,6.463799433722219,6.479898929595947,154000,0.0,0.0
2023-05-04 00:00:00-04:00,6.487948388575757,6.487948388575757,6.39135333680103,6.423551559448242,409400,0.0,0.0
2023-05-05 00:00:00-04:00,6.479897959270812,6.552344144521784,6.455749486742522,6.528194904327393,266300,0.0,0.0
2023-05-08 00:00:00-04:00,6.536245617820953,6.568443841843077,6.4637994218546195,6.504047393798828,183500,0.0,0.0
2023-05-09 00:00:00-04:00,6.471847792320853,6.4879472847384365,6.4476993213605285,6.4637980461120605,223400,0.0,0.0
2023-05-10 00:00:00-04:00,6.49599765780346,6.5281958818847,6.455750453451571,6.479898929595947,158000,0.0,0.0
2023-05-11 00:00:00-04:00,6.455750194872006,6.504047145226266,6.455750194872006,6.487948417663574,189900,0.0,0.0
2023-05-12 00:00:00-04:00,6.508261203765869,6.508261203765869,6.467635199740644,6.508261203765869,119800,0.075,0.0
2023-05-15 00:00:00-04:00,6.508260349976269,6.5407609939575195,6.467634351280588,6.5407609939575195,162000,0.0,0.0
2023-05-16 00:00:00-04:00,6.50013594932134,6.516386661135406,6.467635300569797,6.492010593414307,175700,0.0,0.0
2023-05-17 00:00:00-04:00,6.4920105427464705,6.524511191244358,6.475760218497527,6.500135898590088,134800,0.0,0.0
2023-05-18 00:00:00-04:00,6.475759356946722,6.516385743321484,6.427008390685838,6.4513840675354,234300,0.0,0.0
2023-05-19 00:00:00-04:00,6.459508934536758,6.467634289173162,6.410757969033028,6.418883323669434,222800,0.0,0.0
2023-05-22 00:00:00-04:00,6.4513853574366165,6.475760651721577,6.4270096757133395,6.459510326385498,148800,0.0,0.0
2023-05-23 00:00:00-04:00,6.427009586829907,6.44325991194125,6.337632992436678,6.345757961273193,209200,0.0,0.0
2023-05-24 00:00:00-04:00,6.3376328984318375,6.3782585168884465,6.313257217407227,6.313257217407227,228300,0.0,0.0
2023-05-25 00:00:00-04:00,6.321381808292186,6.345757098927606,6.297006130218506,6.297006130218506,156700,0.0,0.0
2023-05-26 00:00:00-04:00,6.288880398701786,6.345756719177878,6.288880398701786,6.3295063972473145,162800,0.0,0.0
2023-05-30 00:00:00-04:00,6.321382522583008,6.345757815972738,6.297006841754974,6.321382522583008,301000,0.0,0.0
2023-05-31 00:00:00-04:00,6.313256976004864,6.337632656097412,6.288881295912315,6.337632656097412,256000,0.0,0.0
2023-06-01 00:00:00-04:00,6.3538836024239576,6.37825889746468,6.305132624904182,6.362008571624756,322000,0.0,0.0
2023-06-02 00:00:00-04:00,6.3538836024239576,6.394509223304605,6.345758245784831,6.362008571624756,227100,0.0,0.0
2023-06-05 00:00:00-04:00,6.362008235220148,6.386383916410285,6.345757910239493,6.353883266448975,168100,0.0,0.0
2023-06-06 00:00:00-04:00,6.362006765687962,6.418883083701796,6.362006765687962,6.39450740814209,221400,0.0,0.0
2023-06-07 00:00:00-04:00,6.394508979205583,6.418884660754137,6.386384010314941,6.386384010314941,256300,0.0,0.0
2023-06-08 00:00:00-04:00,6.410757541656494,6.418882895751218,6.386382254248738,6.410757541656494,191300,0.0,0.0
2023-06-09 00:00:00-04:00,6.418882895751218,6.435133216502458,6.386382254248738,6.410757541656494,229900,0.0,0.0
2023-06-12 00:00:00-04:00,6.443258712772799,6.4513840675354,6.402633101274517,6.4513840675354,294900,0.0,0.0
2023-06-13 00:00:00-04:00,6.459509702789945,6.459509702789945,6.427009055255371,6.435134410858154,502500,0.0,0.0
2023-06-14 00:00:00-04:00,6.4556421397386305,6.488453504806141,6.381816763907895,6.39822244644165,357800,0.075,0.0
2023-06-15 00:00:00-04:00,6.398220919739018,6.431032276977291,6.398220919739018,6.414626598358154,271400,0.0,0.0
2023-06-16 00:00:00-04:00,6.431033134460449,6.455641460099195,6.431033134460449,6.431033134460449,226300,0.0,0.0
2023-06-20 00:00:00-04:00,6.431032276977291,6.431032276977291,6.398220919739018,6.414626598358154,266300,0.0,0.0
2023-06-21 00:00:00-04:00,6.398221498757799,6.431032858965396,6.390018463134766,6.390018463134766,219600,0.0,0.0
2023-06-22 00:00:00-04:00,6.398221681396739,6.439235687255859,6.390018645539549,6.439235687255859,281600,0.0,0.0
2023-06-23 00:00:00-04:00,6.439235114828999,6.439235114828999,6.381815433502197,6.381815433502197,191200,0.0,0.0
2023-06-26 00:00:00-04:00,6.4064243464015975,6.4064243464015975,6.34900426864624,6.34900426864624,300200,0.0,0.0
2023-06-27 00:00:00-04:00,6.349004639598901,6.390019039126541,6.332598958016306,6.373613357543945,590100,0.0,0.0
2023-06-28 00:00:00-04:00,6.406423755513959,6.45564079284668,6.38181543241872,6.45564079284668,293600,0.0,0.0
2023-06-29 00:00:00-04:00,6.45564079284668,6.480249507084162,6.447438148862348,6.45564079284668,228500,0.0,0.0
2023-06-30 00:00:00-04:00,6.504858691515481,6.513061727728255,6.472047328948975,6.472047328948975,159100,0.0,0.0
2023-07-03 00:00:00-04:00,6.52126407623291,6.529467112072638,6.4966557509982845,6.52126407623291,228400,0.0,0.0
2023-07-05 00:00:00-04:00,6.537669947980883,6.537669947980883,6.4966559410095215,6.4966559410095215,245800,0.0,0.0
2023-07-06 00:00:00-04:00,6.472046084837423,6.488451762967038,6.439234728578194,6.447437763214111,237600,0.0,0.0
2023-07-07 00:00:00-04:00,6.463844110369454,6.504858114367443,6.463844110369454,6.488452434539795,240700,0.0,0.0
2023-07-10 00:00:00-04:00,6.562278853300536,6.562278853300536,6.5130618088378585,6.537670135498047,190100,0.0,0.0
2023-07-11 00:00:00-04:00,6.554075717926025,6.5786848264988675,6.545873072877372,6.554075717926025,150300,0.0,0.0
2023-07-12 00:00:00-04:00,6.586886405944824,6.611495511997831,6.57868415287833,6.586886405944824,234800,0.0,0.0
2023-07-13 00:00:00-04:00,6.615867891952669,6.624148266804577,6.582747182205046,6.599307537078857,136600,0.075,0.0
2023-07-14 00:00:00-04:00,6.582745800556278,6.599306151954247,6.533064746362373,6.541345119476318,242000,0.0,0.0
2023-07-17 00:00:00-04:00,6.582746207280722,6.582746207280722,6.54134552364276,6.574466228485107,113100,0.0,0.0
2023-07-18 00:00:00-04:00,6.599306151954247,6.599306151954247,6.533064746362373,6.541345119476318,253700,0.0,0.0
2023-07-19 00:00:00-04:00,6.566186302041028,6.574466676230511,6.508225262034532,6.516505241394043,177600,0.0,0.0
2023-07-20 00:00:00-04:00,6.5330655727917355,6.5330655727917355,6.491664886474609,6.491664886474609,169400,0.0,0.0
2023-07-21 00:00:00-04:00,6.524786292517054,6.541346647784152,6.499945562201399,6.533066272735596,232600,0.0,0.0
2023-07-24 00:00:00-04:00,6.541346370535229,6.582747059533239,6.541346370535229,6.549626350402832,249200,0.0,0.0
2023-07-25 00:00:00-04:00,6.557907003051251,6.591027713585448,6.533066272735596,6.533066272735596,147700,0.0,0.0
2023-07-26 00:00:00-04:00,6.5330659753250035,6.557906704509812,6.524785995483398,6.524785995483398,163800,0.0,0.0
2023-07-27 00:00:00-04:00,6.557905470874286,6.574465822272255,6.533064746362373,6.541345119476318,142300,0.0,0.0
2023-07-28 00:00:00-04:00,6.574466630625654,6.6075873374938965,6.549625903059487,6.6075873374938965,204300,0.0,0.0
2023-07-31 00:00:00-04:00,6.607587388531379,6.723509863465622,6.57446668140731,6.690389156341553,1303400,0.0,0.0
2023-08-01 00:00:00-04:00,6.690388487272929,6.706949234008789,6.648987410093149,6.706949234008789,815200,0.0,0.0
2023-08-02 00:00:00-04:00,6.673828794725035,6.6821083787612725,6.615866968511984,6.657268047332764,913600,0.0,0.0
2023-08-03 00:00:00-04:00,6.648987673636628,6.6821083787612725,6.624147342208119,6.657268047332764,696400,0.0,0.0
2023-08-04 00:00:00-04:00,6.706949807669919,6.715229392086154,6.665548726949006,6.69866943359375,683400,0.0,0.0
2023-08-07 00:00:00-04:00,6.723509335617553,6.748349666595459,6.698669004639648,6.748349666595459,598900,0.0,0.0
2023-08-08 00:00:00-04:00,6.731790259707227,6.731790259707227,6.682108804028451,6.715229511260986,604800,0.0,0.0
2023-08-09 00:00:00-04:00,6.723510322266575,6.723510322266575,6.64070894363615,6.665549278259277,1125400,0.0,0.0
2023-08-10 00:00:00-04:00,6.69038905951758,6.715229392086154,6.673829101025176,6.69866943359375,600400,0.0,0.0
2023-08-11 00:00:00-04:00,6.70694982996573,6.731790162616879,6.682108707654642,6.723509788513184,679700,0.0,0.0
2023-08-14 00:00:00-04:00,6.7444299545959705,6.7527971267700195,6.710958871859093,6.7527971267700195,420400,0.085,0.0
2023-08-15 00:00:00-04:00,6.736062929537829,6.744430900899539,6.677488327026367,6.677488327026367,627200,0.0,0.0
2023-08-16 00:00:00-04:00,6.702589895993988,6.702589895993988,6.660750849347163,6.685853958129883,649700,0.0,0.0
2023-08-17 00:00:00-04:00,6.694223381434381,6.710959322934501,6.652384325697693,6.660752296447754,534800,0.0,0.0
2023-08-18 00:00:00-04:00,6.6523842924901295,6.7025913187262525,6.6272811783788725,6.669119834899902,475700,0.0,0.0
2023-08-21 00:00:00-04:00,6.7025900348923395,6.710958003997803,6.677486526582678,6.710958003997803,486000,0.0,0.0
2023-08-22 00:00:00-04:00,6.719326064363488,6.736062004789344,6.710958892164122,6.727694034576416,446000,0.0,0.0
2023-08-23 00:00:00-04:00,6.744429999586032,6.777901082546185,6.727694059099173,6.761165142059326,395700,0.0,0.0
2023-08-24 00:00:00-04:00,6.769533112302756,6.777901082546185,6.736062029342603,6.761165142059326,325300,0.0,0.0
2023-08-25 00:00:00-04:00,6.752797240871106,6.803004264831543,6.744430068555678,6.803004264831543,561700,0.0,0.0
2023-08-28 00:00:00-04:00,6.819739317111858,6.853210399970787,6.777901062048369,6.78626823425293,356400,0.0,0.0
2023-08-29 00:00:00-04:00,6.786268844047872,6.811372756958008,6.761165729151371,6.811372756958008,375200,0.0,0.0
2023-08-30 00:00:00-04:00,6.794636815017918,6.819739929914419,6.769533700121417,6.811372756958008,509700,0.0,0.0
2023-08-31 00:00:00-04:00,6.811372690614868,6.811372690614868,6.769533634185791,6.769533634185791,766300,0.0,0.0
2023-09-01 00:00:00-04:00,6.803004785987962,6.828107900884464,6.803004785987962,6.811372756958008,409600,0.0,0.0
2023-09-05 00:00:00-04:00,6.811373252974107,6.861579486423215,6.786269338235861,6.844844341278076,553800,0.0,0.0
2023-09-06 00:00:00-04:00,6.8197393867216105,6.853210469922182,6.811372214431645,6.8281073570251465,402800,0.0,0.0
2023-09-07 00:00:00-04:00,6.819739455483495,6.878314450185271,6.819739455483495,6.869946479797363,451700,0.0,0.0
2023-09-08 00:00:00-04:00,6.89504914060418,6.91178508028205,6.861578059261967,6.903417110443115,547000,0.0,0.0
2023-09-11 00:00:00-04:00,6.903417110443115,6.936888191785329,6.89504914060418,6.903417110443115,492400,0.0,0.0
2023-09-12 00:00:00-04:00,6.895049571990967,6.928520655427288,6.886681601628492,6.895049571990967,433500,0.0,0.0
2023-09-13 00:00:00-04:00,6.920152589810478,6.928519761079324,6.8783135414123535,6.8783135414123535,531900,0.0,0.0
2023-09-14 00:00:00-04:00,6.882542133331299,6.907907540880978,6.865631324063667,6.882542133331299,674400,0.085,0.0
2023-09-15 00:00:00-04:00,6.874087041444392,6.882542446462899,6.823355417685154,6.840266227722168,446000,0.0,0.0
2023-09-18 00:00:00-04:00,6.857175919429852,6.882542133331299,6.823355107246357,6.882542133331299,457000,0.0,0.0
2023-09-19 00:00:00-04:00,6.88254138195004,6.890995979309082,6.857175170817874,6.890995979309082,298600,0.0,0.0
2023-09-20 00:00:00-04:00,6.890996328496316,6.924817138701324,6.882541730708853,6.899451732635498,348600,0.0,0.0
2023-09-21 00:00:00-04:00,6.899452264864574,6.899452264864574,6.857176047259164,6.874086856842041,356400,0.0,0.0
2023-09-22 00:00:00-04:00,6.874086188150064,6.984004020690918,6.865630784181143,6.984004020690918,660600,0.0,0.0
2023-09-25 00:00:00-04:00,6.975549221038818,6.975549221038818,6.93327300388338,6.975549221038818,515100,0.0,0.0
2023-09-26 00:00:00-04:00,6.975548757184697,6.984004161323879,6.857175518291307,6.899451732635498,639100,0.0,0.0
2023-09-27 00:00:00-04:00,6.916362723337074,6.958638132444584,6.8402656967807705,6.865631103515625,566000,0.0,0.0
2023-09-28 00:00:00-04:00,6.8825416775998605,6.950183297487922,6.865630869451987,6.924817085266113,540200,0.0,0.0
2023-09-29 00:00:00-04:00,6.975548926105807,6.975548926105807,6.907907304057768,6.941728115081787,1890400,0.0,0.0
2023-10-02 00:00:00-04:00,6.933273096906956,6.941728501721844,6.772624437182999,6.797989845275879,1035400,0.0,0.0
2023-10-03 00:00:00-04:00,6.764169237528327,6.806445456533241,6.662706795727619,6.688072204589844,757400,0.0,0.0
2023-10-04 00:00:00-04:00,6.6796171815892365,6.764169216156006,6.6373409627179,6.764169216156006,953300,0.0,0.0
2023-10-05 00:00:00-04:00,6.738803404198023,6.7726246212006345,6.69652758850259,6.764169216156006,856800,0.0,0.0
2023-10-06 00:00:00-04:00,6.738802674825919,6.789533890075105,6.721892269742858,6.781079292297363,632800,0.0,0.0
2023-10-09 00:00:00-04:00,6.764168504685886,6.831810125224607,6.738802695395935,6.823354721069336,457100,0.0,0.0
2023-10-10 00:00:00-04:00,6.8233552344451915,6.882542261633479,6.797989826422658,6.874086856842041,559000,0.0,0.0
2023-10-11 00:00:00-04:00,6.8740865078778235,6.907907318974876,6.848721101142969,6.865631103515625,426100,0.0,0.0
2023-10-12 00:00:00-04:00,6.904082495348689,6.92117219976069,6.818636010493577,6.8357253074646,387600,0.085,0.0
2023-10-13 00:00:00-04:00,6.869903279544431,6.904081870392637,6.775911950991394,6.8100905418396,428200,0.0,0.0
2023-10-16 00:00:00-04:00,6.827180723951723,6.835725576494018,6.7161004929888515,6.784457683563232,1272100,0.0,0.0
2023-10-17 00:00:00-04:00,6.758822439782019,6.793001029539024,6.73318870118473,6.750277996063232,555500,0.0,0.0
2023-10-18 00:00:00-04:00,6.724643896447079,6.733188747665782,6.64774227268341,6.656286716461182,1352600,0.0,0.0
2023-10-19 00:00:00-04:00,6.647741910638802,6.699009792836109,6.5793843269348145,6.5793843269348145,1135600,0.0,0.0
2023-10-20 00:00:00-04:00,6.630654539542671,6.647743838564542,6.545207636992284,6.5708417892456055,1089300,0.0,0.0
2023-10-23 00:00:00-04:00,6.5366612954908465,6.630652616573032,6.5366612954908465,6.5793843269348145,584600,0.0,0.0
2023-10-24 00:00:00-04:00,6.587930411424298,6.664832452842329,6.587930411424298,6.639198303222656,438400,0.0,0.0
2023-10-25 00:00:00-04:00,6.605019286440096,6.639197878787342,6.5281172499383135,6.5366621017456055,845000,0.0,0.0
2023-10-26 00:00:00-04:00,6.50248350939836,6.570840694092851,6.50248350939836,6.5366621017456055,787400,0.0,0.0
2023-10-27 00:00:00-04:00,6.5366612954908465,6.5793843269348145,6.528116444737507,6.5793843269348145,647900,0.0,0.0
2023-10-30 00:00:00-04:00,6.579385558946439,6.63919830309722,6.579385558946439,6.6306538581848145,474600,0.0,0.0
2023-10-31 00:00:00-04:00,6.647742889389916,6.707555223705859,6.622108740796677,6.690465927124023,598200,0.0,0.0
2023-11-01 00:00:00-04:00,6.724644938090151,6.784457683563232,6.707555640446556,6.784457683563232,645200,0.0,0.0
2023-11-02 00:00:00-04:00,6.818636010493577,6.904082495348689,6.818636010493577,6.8357253074646,771900,0.0,0.0
2023-11-03 00:00:00-04:00,6.878449032487846,6.9126276278156045,6.852815289712525,6.886993885040283,711100,0.0,0.0
2023-11-06 00:00:00-05:00,6.869903901406644,6.9126273475546895,6.784457416551533,6.8357253074646,507800,0.0,0.0
2023-11-07 00:00:00-05:00,6.861358712666231,6.895537304931891,6.81009082426774,6.869903564453125,956700,0.0,0.0
2023-11-08 00:00:00-05:00,6.89553792271073,6.904082775263167,6.8442704371600875,6.886993885040283,495900,0.0,0.0
2023-11-09 00:00:00-05:00,6.904082086194265,6.904082086194265,6.827180050661595,6.861358642578125,332100,0.0,0.0
2023-11-10 00:00:00-05:00,6.852815289566418,6.921172480220477,6.827180731909652,6.904082775115967,613300,0.0,0.0
2023-11-13 00:00:00-05:00,6.912627080154731,6.912627080154731,6.878448487534811,6.895537376403809,329300,0.0,0.0
2023-11-14 00:00:00-05:00,6.9084910304676335,6.968940063446206,6.9084910304676335,6.92576265335083,855800,0.085,0.0
2023-11-15 00:00:00-05:00,6.917126281518115,6.951668700929747,6.882583450328364,6.89985466003418,519200,0.0,0.0
2023-11-16 00:00:00-05:00,6.908492260628195,6.91712807360753,6.865314019287978,6.891221046447754,451800,0.0,0.0
2023-11-17 00:00:00-05:00,6.917126794184246,6.968940015363734,6.899855171420216,6.951669216156006,424700,0.0,0.0
2023-11-20 00:00:00-05:00,6.925763370941757,6.951669984394476,6.925763370941757,6.9430341720581055,470300,0.0,0.0
2023-11-21 00:00:00-05:00,6.925762092260084,6.943032890187778,6.882583450328364,6.89985466003418,631800,0.0,0.0
2023-11-22 00:00:00-05:00,6.89985408186762,6.960303928439819,6.882582873609028,6.917125701904297,591900,0.0,0.0
2023-11-24 00:00:00-05:00,6.917127558605387,6.951669984394476,6.908491746269016,6.9430341720581055,186500,0.0,0.0
2023-11-27 00:00:00-05:00,6.943033452677719,6.951669264119317,6.9084910304676335,6.92576265335083,658200,0.0,0.0
2023-11-28 00:00:00-05:00,6.908490470776147,6.943032890187778,6.89985466003418,6.89985466003418,785700,0.0,0.0
2023-11-29 00:00:00-05:00,6.934398703053262,6.960306141345086,6.89985627555393,6.908492088317871,960800,0.0,0.0
2023-11-30 00:00:00-05:00,6.908490470776147,6.917126281518115,6.856676841658701,6.89985466003418,927900,0.0,0.0
2023-12-01 00:00:00-05:00,6.917126979418177,6.960305213928223,6.873948744908131,6.960305213928223,691400,0.0,0.0
2023-12-04 00:00:00-05:00,6.925763713845754,6.977576943316535,6.908492088317871,6.908492088317871,950300,0.0,0.0
2023-12-05 00:00:00-05:00,6.908491086470235,6.9343976974487305,6.891219875225186,6.9343976974487305,558400,0.0,0.0
2023-12-06 00:00:00-05:00,6.9430341720581055,6.968940785510824,6.917127558605387,6.9430341720581055,1096700,0.0,0.0
2023-12-07 00:00:00-05:00,6.925763504729167,7.003483346588665,6.925763504729167,6.977576732635498,574100,0.0,0.0
2023-12-08 00:00:00-05:00,6.95166982855582,7.0380254793144745,6.95166982855582,6.986212253570557,531900,0.0,0.0
2023-12-11 00:00:00-05:00,6.968940258026123,7.029390116248826,6.968940258026123,6.968940258026123,574900,0.0,0.0
2023-12-12 00:00:00-05:00,6.994847354058477,7.012118153030529,6.9862115427943055,7.003482341766357,307300,0.0,0.0
2023-12-13 00:00:00-05:00,7.012118525587795,7.0725675605361005,6.994847725698137,7.020754337310791,880500,0.0,0.0
2023-12-14 00:00:00-05:00,7.0687525751731695,7.156020622019408,7.060025520811233,7.147293567657471,937800,0.085,0.0
2023-12-15 00:00:00-05:00,7.156020226536988,7.156020226536988,7.103659567774535,7.129839897155762,510800,0.0,0.0
2023-12-18 00:00:00-05:00,7.103659570462274,7.138566953736339,7.0600251333052775,7.077478408813477,1077200,0.0,0.0
2023-12-19 00:00:00-05:00,7.068751751006173,7.112385353213063,7.033844369886091,7.0425705909729,901400,0.0,0.0
2023-12-20 00:00:00-05:00,7.051298164490048,7.068752272466482,6.972756343111449,7.007663726806641,1001600,0.0,0.0
2023-12-21 00:00:00-05:00,7.068751852821492,7.068751852821492,6.937848547542501,6.981482982635498,1135900,0.0,0.0
2023-12-22 00:00:00-05:00,7.02511739730835,7.042570671940241,6.9640292715814835,7.02511739730835,1181800,0.0,0.0
2023-12-26 00:00:00-05:00,7.0425711071807235,7.086205544843555,7.0251178314701965,7.060025215148926,1185100,0.0,0.0
2023-12-27 00:00:00-05:00,7.086206483456242,7.12984092689873,7.042572040013754,7.051299095153809,1143900,0.0,0.0
2023-12-28 00:00:00-05:00,7.077477892253437,7.121112326225711,7.042570511527139,7.112385272979736,609100,0.0,0.0
2023-12-29 00:00:00-05:00,7.121112820972494,7.173474311828613,7.077478383968671,7.173474311828613,743900,0.0,0.0
2024-01-02 00:00:00-05:00,7.112385703882599,7.28692345034604,7.112385703882599,7.252016067504883,965000,0.0,0.0
2024-01-03 00:00:00-05:00,7.208381174729622,7.225834448916898,7.138566413465312,7.156019687652588,503900,0.0,0.0
2024-01-04 00:00:00-05:00,7.121113269433221,7.217109203338623,7.121113269433221,7.217109203338623,692800,0.0,0.0
2024-01-05 00:00:00-05:00,7.190928040132942,7.24328953428659,7.173474763586869,7.217109203338623,557100,0.0,0.0
2024-01-08 00:00:00-05:00,7.199654064651122,7.286922931671143,7.199654064651122,7.286922931671143,595100,0.0,0.0
2024-01-09 00:00:00-05:00,7.225835754236277,7.286924305571161,7.225835754236277,7.260743141174316,581000,0.0,0.0
2024-01-10 00:00:00-05:00,7.243288040161133,7.278195418310395,7.182199504206765,7.243288040161133,754900,0.0,0.0
2024-01-11 00:00:00-05:00,7.2036122786703345,7.291784123113426,7.19479492605222,7.274149417877197,629300,0.085,0.0
2024-01-12 00:00:00-05:00,7.238880261471975,7.265331476313089,7.185976990920786,7.212429046630859,1154200,0.0,0.0
2024-01-16 00:00:00-05:00,7.221245870834436,7.23888057540593,7.1859773025604445,7.194794654846191,1006700,0.0,0.0
2024-01-17 00:00:00-05:00,7.212429942835716,7.274149732090505,7.212429942835716,7.256515026092529,763200,0.0,0.0
2024-01-18 00:00:00-05:00,7.274149737601022,7.291784443612357,7.238881166447416,7.2829670906066895,438800,0.0,0.0
2024-01-19 00:00:00-05:00,7.2829669836869195,7.309418201446533,7.2300637072986405,7.309418201446533,902200,0.0,0.0
2024-01-22 00:00:00-05:00,7.353504815557324,7.38877338950538,7.327053595313565,7.344687461853027,704900,0.0,0.0
2024-01-23 00:00:00-05:00,7.362322169261621,7.379956035801084,7.300601534200675,7.344687461853027,421800,0.0,0.0
2024-01-24 00:00:00-05:00,7.38877232388384,7.397589676316484,7.344686402589636,7.371137619018555,553600,0.0,0.0
2024-01-25 00:00:00-05:00,7.397589206695557,7.406405717699492,7.362320640072948,7.397589206695557,431400,0.0,0.0
2024-01-26 00:00:00-05:00,7.406405717699492,7.432857773318166,7.379954502949775,7.397589206695557,261700,0.0,0.0
2024-01-29 00:00:00-05:00,7.3975889382296,7.432857503572277,7.362320372886923,7.406405448913574,513900,0.0,0.0
2024-01-30 00:00:00-05:00,7.406405666105985,7.468126287917317,7.388771803351997,7.44167423248291,665800,0.0,0.0
2024-01-31 00:00:00-05:00,7.4504923820495605,7.494578304958418,7.424041164651863,7.4504923820495605,765600,0.0,0.0
2024-02-01 00:00:00-05:00,7.494577720187443,7.512212424322638,7.476943016052246,7.476943016052246,517700,0.0,0.0
2024-02-02 00:00:00-05:00,7.51221381293183,7.538665033155075,7.459310531616211,7.459310531616211,481600,0.0,0.0
2024-02-05 00:00:00-05:00,7.459310265685043,7.5033961917315,7.415224339638585,7.494578838348389,658800,0.0,0.0
2024-02-06 00:00:00-05:00,7.50339529568413,7.538663864135742,7.4857605910238245,7.538663864135742,417100,0.0,0.0
2024-02-07 00:00:00-05:00,7.591564910585331,7.60038226130593,7.5386624879994235,7.556296348571777,563400,0.0,0.0
2024-02-08 00:00:00-05:00,7.55629884193884,7.55629884193884,7.521030268287645,7.529847621917725,394000,0.0,0.0
2024-02-09 00:00:00-05:00,7.529847621917725,7.55629884193884,7.48576169463645,7.529847621917725,565100,0.0,0.0
2024-02-12 00:00:00-05:00,7.547480852019355,7.600383281707763,7.538663500114967,7.600383281707764,618600,0.0,0.0
2024-02-13 00:00:00-05:00,7.547480749097111,7.626834392547607,7.538663397312963,7.626834392547607,1079900,0.0,0.0
2024-02-14 00:00:00-05:00,7.65800142288208,7.693619998602814,7.640191710414798,7.65800142288208,609500,0.085,0.0
2024-02-15 00:00:00-05:00,7.658000979865971,7.675809842089177,7.568954121108592,7.595667839050293,756200,0.0,0.0
2024-02-16 00:00:00-05:00,7.613478781252503,7.613478781252503,7.551145630360292,7.5600504875183105,449900,0.0,0.0
2024-02-20 00:00:00-05:00,7.56005076302821,7.586765335475822,7.49771845907835,7.524432182312012,570700,0.0,0.0
2024-02-21 00:00:00-05:00,7.551145076751709,7.577859646267199,7.5155264999449125,7.551145076751709,573100,0.0,0.0
2024-02-22 00:00:00-05:00,7.586763832545581,7.640191268428983,7.560049265390098,7.595667839050293,608000,0.0,0.0
2024-02-23 00:00:00-05:00,7.622383638410522,7.622383638410522,7.551145630360292,7.5600504875183105,306700,0.0,0.0
2024-02-26 00:00:00-05:00,7.551145037746035,7.6490967603691455,7.542241030500723,7.613478183746338,833700,0.0,0.0
2024-02-27 00:00:00-05:00,7.649098320647422,7.684716904535779,7.640193462371826,7.640193462371826,967100,0.0,0.0
2024-02-28 00:00:00-05:00,7.66690542990189,7.684715142369172,7.640191710414798,7.65800142288208,739000,0.0,0.0
2024-02-29 00:00:00-05:00,7.666906083261739,7.7292392329953135,7.666906083261739,7.702524662017822,707700,0.0,0.0
2024-03-01 00:00:00-05:00,7.729238007183334,7.747046869130044,7.702523440442619,7.738142013549805,928000,0.0,0.0
2024-03-04 00:00:00-05:00,7.720334376002817,7.7559529547589,7.693620654239229,7.702524662017822,672000,0.0,0.0
2024-03-05 00:00:00-05:00,7.702524612489829,7.738143191016882,7.675810890898014,7.684715747833252,708000,0.0,0.0
2024-03-06 00:00:00-05:00,7.693619779526606,7.720333498253024,7.684714923546531,7.711428642272949,562300,0.0,0.0
2024-03-07 00:00:00-05:00,7.729239183295542,7.74704804795212,7.666906033962777,7.684715747833252,480400,0.0,0.0
2024-03-08 00:00:00-05:00,7.65800142288208,7.711428861856264,7.640191710414798,7.65800142288208,535100,0.0,0.0
2024-03-11 00:00:00-04:00,7.6580013592819975,7.738142517077698,7.6580013592819975,7.729238510131836,582600,0.0,0.0
2024-03-12 00:00:00-04:00,7.747048180900103,7.791571617126465,7.738143323812048,7.791571617126465,591300,0.0,0.0
2024-03-13 00:00:00-04:00,7.827190196264772,7.853903918315025,7.773761902950355,7.791571617126465,852200,0.0,0.0
2024-03-14 00:00:00-04:00,7.8140503351391315,7.841026961935055,7.778082356955476,7.787074565887451,532200,0.085,0.0
2024-03-15 00:00:00-04:00,7.787076011871271,7.805060433074751,7.769092448212193,7.778083801269531,333000,0.0,0.0
2024-03-18 00:00:00-04:00,7.796068334462776,7.814051898380185,7.760100349083541,7.769092559814453,262000,0.0,0.0
2024-03-19 00:00:00-04:00,7.787076011871271,7.805060433074751,7.760100237610453,7.778083801269531,358600,0.0,0.0
2024-03-20 00:00:00-04:00,7.805060545193688,7.805060545193688,7.751108138352628,7.769092559814453,522000,0.0,0.0
2024-03-21 00:00:00-04:00,7.796067223533863,7.805059432983398,7.769091452729551,7.805059432983398,308300,0.0,0.0
2024-03-22 00:00:00-04:00,7.82304269681605,7.832034905923598,7.733123178373354,7.7511067390441895,393800,0.0,0.0
2024-03-25 00:00:00-04:00,7.796067871089313,7.805060081285757,7.742115467455013,7.7600998878479,522700,0.0,0.0
2024-03-26 00:00:00-04:00,7.787075014084328,7.823042994338175,7.769091452729551,7.805059432983398,325600,0.0,0.0
2024-03-27 00:00:00-04:00,7.81405015680923,7.8590103428987925,7.81405015680923,7.841026782989502,350200,0.0,0.0
2024-03-28 00:00:00-04:00,7.85901071042902,7.894978689473883,7.84102714967872,7.850018501281738,666900,0.0,0.0
2024-04-01 00:00:00-04:00,7.868004798889161,7.885989221479395,7.8590125875940435,7.86800479888916,506000,0.0,0.0
2024-04-02 00:00:00-04:00,7.8590103428987925,7.885986969079064,7.832034574262745,7.841026782989502,528900,0.0,0.0
2024-04-03 00:00:00-04:00,7.805059432983398,7.83203520378771,7.796067223533863,7.805059432983398,473100,0.0,0.0
2024-04-04 00:00:00-04:00,7.814051755116017,7.84102838681416,7.787075980962273,7.79606819152832,388700,0.0,0.0
2024-04-05 00:00:00-04:00,7.81405078488864,7.83203520378771,7.787075014084328,7.805059432983398,486000,0.0,0.0
2024-04-08 00:00:00-04:00,7.832036321064233,7.8769965171813965,7.832036321064233,7.8769965171813965,803900,0.0,0.0
2024-04-09 00:00:00-04:00,7.894978971413532,7.921955599818746,7.876995410021015,7.912963390350342,652900,0.0,0.0
2024-04-10 00:00:00-04:00,7.885988280752733,7.903971843653224,7.859011650085449,7.859011650085449,661000,0.0,0.0
2024-04-11 00:00:00-04:00,7.876997817388691,7.9129658087105526,7.859013392955482,7.894981384277344,688200,0.0,0.0
2024-04-12 00:00:00-04:00,7.890440124894004,7.93583984069115,7.835961158679473,7.845041275024414,583800,0.085,0.0
2024-04-15 00:00:00-04:00,7.86319968150624,7.890439161286928,7.663441475950477,7.672521591186523,1107900,0.0,0.0
2024-04-16 00:00:00-04:00,7.68160343170166,7.68160343170166,7.5817247394548675,7.68160343170166,857800,0.0,0.0
2024-04-17 00:00:00-04:00,7.708842094387578,7.736082443304921,7.699761978081797,7.717922210693359,415800,0.0,0.0
2024-04-18 00:00:00-04:00,7.7360813306090535,7.7451605796813965,7.717921100609513,7.7451605796813965,319000,0.0,0.0
2024-04-19 00:00:00-04:00,7.763321716933037,7.808721431310048,7.745161484811221,7.790561199188232,356300,0.0,0.0
2024-04-22 00:00:00-04:00,7.826880749016096,7.845040981025408,7.799641266929652,7.835960865020752,499100,0.0,0.0
2024-04-23 00:00:00-04:00,7.83596136411535,7.863200847936755,7.826881247532356,7.85412073135376,243400,0.0,0.0
2024-04-24 00:00:00-04:00,7.863200641786739,7.872280758131679,7.817800925989593,7.845041275024414,271000,0.0,0.0
2024-04-25 00:00:00-04:00,7.835959657213337,7.845039771818415,7.7542403576224075,7.781479835510254,314400,0.0,0.0
2024-04-26 00:00:00-04:00,7.817800498123204,7.835960729819179,7.790561016506749,7.799641132354736,315100,0.0,0.0
2024-04-29 00:00:00-04:00,7.8087212719025505,7.8450408694772245,7.781480924275912,7.817800521850586,535100,0.0,0.0
2024-04-30 00:00:00-04:00,7.808720588684082,7.817799837837735,7.781480243440819,7.808720588684082,386600,0.0,0.0
2024-05-01 00:00:00-04:00,7.790561416057661,7.944919929679932,7.790561416057661,7.908600330352783,500500,0.0,0.0
2024-05-02 00:00:00-04:00,7.899520214039107,7.935839813366257,7.863200614711959,7.908600330352783,354000,0.0,0.0
2024-05-03 00:00:00-04:00,7.93583819600665,7.93583819600665,7.863199012156546,7.9176788330078125,498900,0.0,0.0
2024-05-06 00:00:00-04:00,7.917678900291952,7.926758148904837,7.854118964437448,7.890438556671143,1182100,0.0,0.0
2024-05-07 00:00:00-04:00,7.963079635060613,8.01755859748043,7.9085998067132985,7.9539995193481445,914700,0.0,0.0
2024-05-08 00:00:00-04:00,7.981239000558054,7.990319116270522,7.92675917221074,7.9539995193481445,497000,0.0,0.0
2024-05-09 00:00:00-04:00,7.9539995193481445,7.9721588848455855,7.92675917221074,7.9539995193481445,382800,0.0,0.0
2024-05-10 00:00:00-04:00,7.981238408608476,7.981238408608476,7.926758584301802,7.93583869934082,278700,0.0,0.0
2024-05-13 00:00:00-04:00,7.954000045993607,7.963080162307283,7.908600330352783,7.908600330352783,533200,0.0,0.0
2024-05-14 00:00:00-04:00,7.931522962752028,8.014047622680664,7.922354236229841,8.014047622680664,539200,0.085,0.0
2024-05-15 00:00:00-04:00,8.023217033165842,8.069064162533326,8.004877831634344,8.059894561767578,449300,0.0,0.0
2024-05-16 00:00:00-04:00,8.069065140644176,8.069065140644176,7.9957100745487955,8.050725936889648,555300,0.0,0.0
2024-05-17 00:00:00-04:00,8.03238582611084,8.069063351023901,8.03238582611084,8.03238582611084,325400,0.0,0.0
2024-05-20 00:00:00-04:00,8.041555591275332,8.05072431684621,7.9865388655441025,7.995708465576172,372000,0.0,0.0
2024-05-21 00:00:00-04:00,8.023216062822861,8.069063186645508,8.00487686350934,8.069063186645508,490700,0.0,0.0
2024-05-22 00:00:00-04:00,8.06906515828162,8.06906515828162,7.904015821975565,7.949862957000732,1238000,0.0,0.0
2024-05-23 00:00:00-04:00,7.949860552243597,7.977368475153265,7.940690953120006,7.9590301513671875,606100,0.0,0.0
2024-05-24 00:00:00-04:00,7.986539716571378,8.004878044128418,7.940692585986855,8.004878044128418,409900,0.0,0.0
2024-05-28 00:00:00-04:00,8.004876297819068,8.004876297819068,7.949860452688687,7.968198776245117,547300,0.0,0.0
2024-05-29 00:00:00-04:00,7.977370239546566,8.032386971995322,7.940692709401162,7.986539840698242,782300,0.0,0.0
2024-05-30 00:00:00-04:00,7.977368475153265,8.023215596310115,7.940690953120006,7.9590301513671875,742100,0.0,0.0
2024-05-31 00:00:00-04:00,7.995709441849917,8.041556573146996,7.931523108249486,7.986539840698242,582400,0.0,0.0
2024-06-03 00:00:00-04:00,8.02321722366413,8.02321722366413,7.940692563735494,8.014047622680664,604600,0.0,0.0
2024-06-04 00:00:00-04:00,7.995708465576172,8.023216391211191,7.949861339877013,7.995708465576172,581800,0.0,0.0
2024-06-05 00:00:00-04:00,7.977370262145996,7.986539863323649,7.959031934251991,7.977370262145996,349400,0.0,0.0
2024-06-06 00:00:00-04:00,7.977369080389295,8.041555404663086,7.968199480570014,8.041555404663086,491200,0.0,0.0
2024-06-07 00:00:00-04:00,8.032387607596485,8.133250604862292,8.014048403841958,8.050725936889648,469200,0.0,0.0
2024-06-10 00:00:00-04:00,8.04155526213638,8.078232786302268,8.04155526213638,8.069063186645508,341000,0.0,0.0
2024-06-11 00:00:00-04:00,8.069063995037263,8.114911123453062,8.04155606777228,8.096571922302246,281800,0.0,0.0
2024-06-12 00:00:00-04:00,8.133249450142637,8.133249450142637,8.078233595612671,8.096571922302246,420900,0.0,0.0
2024-06-13 00:00:00-04:00,8.096571922302246,8.105741522877654,8.069063995037263,8.096571922302246,409700,0.0,0.0
2024-06-14 00:00:00-04:00,8.09194228229355,8.09194228229355,8.00861550206348,8.045649528503418,523500,0.085,0.0
2024-06-17 00:00:00-04:00,8.036391268444339,8.09194186375056,8.008615087830437,8.07342529296875,307100,0.0,0.0
2024-06-18 00:00:00-04:00,8.045649536754505,8.11045974531149,8.036391692355654,8.082683563232422,397200,0.0,0.0
2024-06-20 00:00:00-04:00,8.10120109673628,8.128976396124624,8.073425797347937,8.119718551635742,572100,0.0,0.0
2024-06-21 00:00:00-04:00,8.12897590863777,8.147493362426758,8.101200610915084,8.147493362426758,305500,0.0,0.0
2024-06-24 00:00:00-04:00,8.138236504594625,8.166011808696306,8.12897777557373,8.12897777557373,348700,0.0,0.0
2024-06-25 00:00:00-04:00,8.166009912799382,8.166009912799382,8.054907839226148,8.07342529296875,439500,0.0,0.0
2024-06-26 00:00:00-04:00,8.091941853475427,8.091941853475427,8.017873804520658,8.036391258239746,437300,0.0,0.0
2024-06-27 00:00:00-04:00,8.073426215526176,8.082684060494586,7.980840702154925,7.9900994300842285,683200,0.0,0.0
2024-06-28 00:00:00-04:00,8.036392632778181,8.054909206703538,7.9900998735233735,8.00861644744873,985500,0.0,0.0
2024-07-01 00:00:00-04:00,8.045650523100838,8.11046073960315,8.027133949072283,8.101202011108398,621600,0.0,0.0
2024-07-02 00:00:00-04:00,8.110461200492942,8.15675396263641,8.10120247147205,8.12897777557373,475200,0.0,0.0
2024-07-03 00:00:00-04:00,8.14749386671678,8.19378662109375,8.110459839807376,8.19378662109375,276400,0.0,0.0
2024-07-05 00:00:00-04:00,8.156752038392092,8.166009882267987,8.08268310665941,8.091941833496094,631000,0.0,0.0
2024-07-08 00:00:00-04:00,8.119718982843075,8.175269584569845,8.091942799018796,8.166010856628418,636100,0.0,0.0
2024-07-09 00:00:00-04:00,8.18452831251127,8.193787040452698,8.138235555765034,8.166010856628418,640500,0.0,0.0
2024-07-10 00:00:00-04:00,8.230820648003155,8.230820648003155,8.14749386671678,8.19378662109375,739000,0.0,0.0
2024-07-11 00:00:00-04:00,8.166010856628418,8.20304488543323,8.138235555765034,8.166010856628418,826900,0.0,0.0
2024-07-12 00:00:00-04:00,8.15675209939876,8.212302694912763,8.138234645586895,8.184527397155762,515900,0.0,0.0
2024-07-15 00:00:00-04:00,8.235943794250488,8.245291520092703,8.207897942124175,8.235943794250488,444800,0.085,0.0
2024-07-16 00:00:00-04:00,8.245291971405496,8.263989207179781,8.179853429262048,8.217247009277344,432300,0.0,0.0
2024-07-17 00:00:00-04:00,8.245292676842483,8.245292676842483,8.189202747787327,8.20789909362793,419400,0.0,0.0
2024-07-18 00:00:00-04:00,8.235943802309317,8.245291528160678,8.179852989535028,8.1985502243042,403600,0.0,0.0
2024-07-19 00:00:00-04:00,8.217246766528936,8.226595384139907,8.142459608707656,8.170504570007324,409700,0.0,0.0
2024-07-22 00:00:00-04:00,8.189202734609323,8.254641282246151,8.17050549726546,8.245292663574219,391900,0.0,0.0
2024-07-23 00:00:00-04:00,8.254641295529458,8.254641295529458,8.17985412910035,8.20789909362793,472800,0.0,0.0
2024-07-24 00:00:00-04:00,8.20789909362793,8.217247712314904,8.17985412910035,8.20789909362793,251500,0.0,0.0
2024-07-25 00:00:00-04:00,8.245292212226987,8.263989448547363,8.226595867439908,8.263989448547363,329600,0.0,0.0
2024-07-26 00:00:00-04:00,8.301383029654819,8.301383029654819,8.217247249279719,8.263989448547363,476600,0.0,0.0
2024-07-29 00:00:00-04:00,8.273337118839192,8.273337118839192,8.217246307837632,8.226594924926758,492600,0.0,0.0
2024-07-30 00:00:00-04:00,8.245291961347894,8.27333781497511,8.226595617129687,8.254640579223633,412700,0.0,0.0
2024-07-31 00:00:00-04:00,8.301383484072462,8.310732102744394,8.217247699091772,8.245292663574219,700300,0.0,0.0
2024-08-01 00:00:00-04:00,8.273337825066923,8.292034169307934,8.170504811374906,8.217247009277344,599500,0.0,0.0
2024-08-02 00:00:00-04:00,8.189200858678234,8.198549475208642,8.039626560324262,8.09571647644043,706100,0.0,0.0
2024-08-05 00:00:00-04:00,7.94614315154011,7.94614315154011,7.740478020341526,7.81526517868042,1718100,0.0,0.0
2024-08-06 00:00:00-04:00,7.833962386688585,7.955491741448421,7.8246137690455395,7.927445888519287,603200,0.0,0.0
2024-08-07 00:00:00-04:00,7.983536756017258,8.067672532298534,7.964840412139893,7.964840412139893,463900,0.0,0.0
2024-08-08 00:00:00-04:00,8.002233671559086,8.123762130737305,7.992885054227464,8.123762130737305,601100,0.0,0.0
2024-08-09 00:00:00-04:00,8.123762130737305,8.189201560525444,8.105065787607279,8.123762130737305,666400,0.0,0.0
2024-08-12 00:00:00-04:00,8.161156193487765,8.226595627164485,8.13311123135961,8.217247009277344,1034000,0.0,0.0
2024-08-13 00:00:00-04:00,8.235944936435635,8.301383484072462,8.226596317763702,8.245292663574219,830200,0.0,0.0
2024-08-14 00:00:00-04:00,8.282685279846191,8.301382515007425,8.254640318637582,8.282685279846191,461200,0.0,0.0
2024-08-15 00:00:00-04:00,8.315722465515137,8.344039087711035,8.28740494315005,8.315722465515137,303000,0.085,0.0
2024-08-16 00:00:00-04:00,8.306284318289702,8.362917569683002,8.287405967712402,8.287405967712402,521400,0.0,0.0
2024-08-19 00:00:00-04:00,8.28740477308744,8.29684394701544,8.249648977544618,8.277966499328613,453000,0.0,0.0
2024-08-20 00:00:00-04:00,8.315723031082207,8.325161305676627,8.221333083783998,8.24021053314209,416900,0.0,0.0
2024-08-21 00:00:00-04:00,8.268528517304402,8.315723493578353,8.249650166727102,8.287405967712402,399900,0.0,0.0
2024-08-22 00:00:00-04:00,8.31572312567671,8.362917199693413,8.287405601063574,8.306283950805664,414600,0.0,0.0
2024-08-23 00:00:00-04:00,8.344039087711035,8.38179488402863,8.268527495075848,8.315722465515137,461400,0.0,0.0
2024-08-26 00:00:00-04:00,8.353478756405588,8.362917030916893,8.249649635258045,8.26852798461914,525200,0.0,0.0
2024-08-27 00:00:00-04:00,8.28740580175511,8.29684497685474,8.240210826426251,8.249650001525879,331800,0.0,0.0
2024-08-28 00:00:00-04:00,8.287406225260225,8.287406225260225,8.20245544536096,8.230772972106934,360300,0.0,0.0
2024-08-29 00:00:00-04:00,8.259089342015752,8.287405967712402,8.230772716319104,8.287405967712402,439000,0.0,0.0
2024-08-30 00:00:00-04:00,8.315722634616298,8.391234228787024,8.315722634616298,8.35347843170166,575100,0.0,0.0
2024-09-03 00:00:00-04:00,8.37235604888046,8.40067267222282,8.334600251034237,8.391234397888184,649800,0.0,0.0
2024-09-04 00:00:00-04:00,8.391234397888184,8.428990195734405,8.3440394255381,8.391234397888184,440500,0.0,0.0
2024-09-05 00:00:00-04:00,8.391234272770774,8.419550895690918,8.372355924044534,8.419550895690918,394900,0.0,0.0
2024-09-06 00:00:00-04:00,8.438428711524214,8.447867886298166,8.362917113671099,8.400672912597656,410400,0.0,0.0
2024-09-09 00:00:00-04:00,8.41955040767605,8.466745376586914,8.410111233860045,8.466745376586914,443100,0.0,0.0
2024-09-10 00:00:00-04:00,8.466745253522378,8.495061874389648,8.438427732485959,8.495061874389648,509700,0.0,0.0
2024-09-11 00:00:00-04:00,8.495061874389648,8.495061874389648,8.391233664430224,8.495061874389648,486200,0.0,0.0
2024-09-12 00:00:00-04:00,8.50450183446637,8.523379283400402,8.457306861877441,8.457306861877441,566900,0.0,0.0
2024-09-13 00:00:00-04:00,8.490658742028197,8.519246564628927,8.40489436543551,8.414423942565918,503400,0.085,0.0
2024-09-16 00:00:00-04:00,8.414423960537883,8.443011783199674,8.357248315214303,8.395365715026855,513500,0.0,0.0
2024-09-17 00:00:00-04:00,8.4430131886283,8.462072346102422,8.404895782470703,8.404895782470703,379500,0.0,0.0
2024-09-18 00:00:00-04:00,8.443012737629124,8.452542315857144,8.338190103492689,8.35724925994873,472600,0.0,0.0
2024-09-19 00:00:00-04:00,8.404895779864036,8.443013186009813,8.357249703774803,8.366778373718262,484500,0.0,0.0
2024-09-20 00:00:00-04:00,8.395365715026855,8.404894383387122,8.357248315214303,8.395365715026855,263700,0.0,0.0
2024-09-23 00:00:00-04:00,8.376306533813477,8.395365688053767,8.328659557003245,8.376306533813477,462500,0.0,0.0
2024-09-24 00:00:00-04:00,8.357249235134804,8.366777904543934,8.290543096527315,8.338190078735352,641000,0.0,0.0
2024-09-25 00:00:00-04:00,8.319130922335898,8.37630748274366,8.319130922335898,8.338190078735352,585300,0.0,0.0
2024-09-26 00:00:00-04:00,8.347719152443636,8.376306976524523,8.252425193786621,8.252425193786621,843000,0.0,0.0
2024-09-27 00:00:00-04:00,8.261954778433871,8.300072180170973,8.223837376696771,8.290542602539062,602000,0.0,0.0
2024-09-30 00:00:00-04:00,8.261955736577375,8.404895782470703,8.261955736577375,8.404895782470703,1616800,0.0,0.0
2024-10-01 00:00:00-04:00,8.404894847821465,8.41442442549881,8.328660043983806,8.385836601257324,840100,0.0,0.0
2024-10-02 00:00:00-04:00,8.37630703037494,8.452541834274442,8.328660050740115,8.423954010009766,638200,0.0,0.0
2024-10-03 00:00:00-04:00,8.39536618574509,8.452541834274442,8.33818962842519,8.423954010009766,545600,0.0,0.0
2024-10-04 00:00:00-04:00,8.471601003204215,8.500188827514648,8.433483601193455,8.500188827514648,418300,0.0,0.0
2024-10-07 00:00:00-04:00,8.500188801643917,8.585953183104738,8.452541822077844,8.48112964630127,618800,0.0,0.0
2024-10-08 00:00:00-04:00,8.519247055053711,8.528776632732706,8.481129653128278,8.519247055053711,347800,0.0,0.0
2024-10-09 00:00:00-04:00,8.547834859236232,8.557363527089242,8.48112873152247,8.538305282592773,388000,0.0,0.0
2024-10-10 00:00:00-04:00,8.566894996229088,8.595483732474948,8.538307168773878,8.557365417480469,397900,0.0,0.0
2024-10-11 00:00:00-04:00,8.58595322273484,8.59548280045015,8.538306242948844,8.576423645019531,334900,0.0,0.0
2024-10-14 00:00:00-04:00,8.595483732474948,8.595483732474948,8.547836747522497,8.557365417480469,392900,0.0,0.0
2024-10-15 00:00:00-04:00,8.581415202153623,8.610276206904476,8.562173920669855,8.591035842895508,476400,0.085,0.0
2024-10-16 00:00:00-04:00,8.610276206904476,8.610276206904476,8.542933556660886,8.591035842895508,391700,0.0,0.0
2024-10-17 00:00:00-04:00,8.600656408056274,8.610277049739896,8.504452743644729,8.533313751220703,469700,0.0,0.0
2024-10-18 00:00:00-04:00,8.56217463105442,8.591036555674682,8.456350326538086,8.456350326538086,594600,0.0,0.0
2024-10-21 00:00:00-04:00,8.456350414656495,8.5044527053833,8.437110048850704,8.5044527053833,402800,0.0,0.0
2024-10-22 00:00:00-04:00,8.523693071189092,8.542934354469768,8.446729773016157,8.5044527053833,438300,0.0,0.0
2024-10-23 00:00:00-04:00,8.504452641840938,8.523693007502972,8.44672970990508,8.465970993041992,249200,0.0,0.0
2024-10-24 00:00:00-04:00,8.494832077224862,8.523693084716797,8.456350428077322,8.523693084716797,332900,0.0,0.0
2024-10-25 00:00:00-04:00,8.523693147626547,8.571795438784719,8.523693147626547,8.562174797058105,305400,0.0,0.0
2024-10-28 00:00:00-04:00,8.591036645196574,8.619897652642704,8.485211422102624,8.5044527053833,407200,0.0,0.0
2024-10-29 00:00:00-04:00,8.504451615334618,8.504451615334618,8.389006682872242,8.427488327026367,615600,0.0,0.0
2024-10-30 00:00:00-04:00,8.43710987200894,8.475591520288832,8.379386940851669,8.408247947692871,485400,0.0,0.0
2024-10-31 00:00:00-04:00,8.389007758123897,8.5044527053833,8.389007758123897,8.5044527053833,428400,0.0,0.0
2024-11-01 00:00:00-04:00,8.514073347023638,8.552554996110107,8.47559169793717,8.5044527053833,407400,0.0,0.0
2024-11-04 00:00:00-05:00,8.485211383667778,8.523693032579938,8.417868727440217,8.475591659545898,475800,0.0,0.0
2024-11-05 00:00:00-05:00,8.494832077224862,8.523693084716797,8.456350428077322,8.523693084716797,299300,0.0,0.0
2024-11-06 00:00:00-05:00,8.600655498938051,8.600655498938051,8.504451844695556,8.5525541305542,475300,0.0,0.0
2024-11-07 00:00:00-05:00,8.581415268629572,8.629517555236816,8.552554263655146,8.629517555236816,528300,0.0,0.0
2024-11-08 00:00:00-05:00,8.629517529520651,8.639137252833589,8.60065560715743,8.61989688873291,339300,0.0,0.0
2024-11-11 00:00:00-05:00,8.639138270905582,8.658379554748535,8.619897904537538,8.658379554748535,442700,0.0,0.0
2024-11-12 00:00:00-05:00,8.658380461272538,8.668001104201286,8.6102781641038,8.639139175415039,436600,0.0,0.0
2024-11-13 00:00:00-05:00,8.658380461272538,8.668001104201286,8.619898807032548,8.639139175415039,429900,0.0,0.0
2024-11-14 00:00:00-05:00,8.610277074755835,8.639138082415661,8.533313776013037,8.54293441772461,502600,0.0,0.0
2024-11-15 00:00:00-05:00,8.567217108597152,8.664351463317871,8.567217108597152,8.664351463317871,484300,0.085,0.0
2024-11-18 00:00:00-05:00,8.674065084058315,8.71291864067823,8.635211527438399,8.664351463317871,487200,0.0,0.0
2024-11-19 00:00:00-05:00,8.664351998052092,8.703205557069916,8.625498439034267,8.69349193572998,433900,0.0,0.0
2024-11-20 00:00:00-05:00,8.703205108642578,8.703205108642578,8.664351551626659,8.703205108642578,260000,0.0,0.0
2024-11-21 00:00:00-05:00,8.712919178409852,8.712919178409852,8.674065619392026,8.69349193572998,289700,0.0,0.0
2024-11-22 00:00:00-05:00,8.712919264524732,8.732345581054688,8.703205643088792,8.732345581054688,266600,0.0,0.0
2024-11-25 00:00:00-05:00,8.75177243246534,8.771198748126368,8.742058811463883,8.761486053466797,501300,0.0,0.0
2024-11-26 00:00:00-05:00,8.771198241418663,8.771198241418663,8.722631065558966,8.751771926879883,276100,0.0,0.0
2024-11-27 00:00:00-05:00,8.771198272705078,8.780911893180031,8.761485578571959,8.771198272705078,223900,0.0,0.0
2024-11-29 00:00:00-05:00,8.790626194037793,8.86833331116818,8.771198951584243,8.858619689941406,438800,0.0,0.0
2024-12-02 00:00:00-05:00,8.878046035766602,8.887758729670548,8.839192481125378,8.878046035766602,604700,0.0,0.0
2024-12-03 00:00:00-05:00,8.88775971394462,8.907186956587607,8.829479838699493,8.897473335266113,647400,0.0,0.0
2024-12-04 00:00:00-05:00,8.887758729670548,8.897472349916306,8.810051620388103,8.878046035766602,537700,0.0,0.0
2024-12-05 00:00:00-05:00,8.86833331116818,8.86833331116818,8.800339815264568,8.858619689941406,430700,0.0,0.0
2024-12-06 00:00:00-05:00,8.868332415520843,8.897472349916306,8.839192481125378,8.878046035766602,340600,0.0,0.0
2024-12-09 00:00:00-05:00,8.897472975203284,8.975180089946747,8.897472975203284,8.946040153503418,634900,0.0,0.0
2024-12-10 00:00:00-05:00,8.965466020516658,8.975179640959132,8.897472530103006,8.955753326416016,641600,0.0,0.0
2024-12-11 00:00:00-05:00,8.975180089946747,8.975180089946747,8.916900217060089,8.946040153503418,722900,0.0,0.0
2024-12-12 00:00:00-05:00,8.897472709312447,8.9654662010956,8.819765596891175,8.829479217529297,537700,0.0,0.0
2024-12-13 00:00:00-05:00,8.89321231842041,8.942237933318767,8.873602633512565,8.89321231842041,476300,0.085,0.0
2024-12-16 00:00:00-05:00,8.893212182259495,8.942237796407236,8.844187503197567,8.863797187805176,528000,0.0,0.0
2024-12-17 00:00:00-05:00,8.853992273215473,8.873602893784346,8.726526044775365,8.746136665344238,718500,0.0,0.0
2024-12-18 00:00:00-05:00,8.775551824997825,8.795162445932933,8.579450291076117,8.648085594177246,997300,0.0,0.0
2024-12-19 00:00:00-05:00,8.657890261366058,8.697110565236342,8.550034659494226,8.579449653625488,838200,0.0,0.0
2024-12-20 00:00:00-05:00,8.599060331164473,8.667695629629447,8.599060331164473,8.657890319824219,557100,0.0,0.0
2024-12-23 00:00:00-05:00,8.687305872215243,8.775551795959473,8.677501496866006,8.775551795959473,725900,0.0,0.0
2024-12-24 00:00:00-05:00,8.775551714906113,8.844187952232055,8.76574640456157,8.824577331542969,278900,0.0,0.0
2024-12-26 00:00:00-05:00,8.824576962155783,8.824576962155783,8.78535665750519,8.81477165222168,365600,0.0,0.0
2024-12-27 00:00:00-05:00,8.814771967163583,8.814771967163583,8.716721669576785,8.746136665344238,436600,0.0,0.0
2024-12-30 00:00:00-05:00,8.765745959509694,8.863797187805176,8.726525655208663,8.863797187805176,1024900,0.0,0.0
2024-12-31 00:00:00-05:00,8.883408204068783,8.9030178895518,8.726526044775365,8.746136665344238,1282700,0.0,0.0
2025-01-02 00:00:00-05:00,8.804966926574707,8.81477223715948,8.726526312068296,8.804966926574707,606000,0.0,0.0
2025-01-03 00:00:00-05:00,8.82457725093742,8.873602867126465,8.785356945003354,8.873602867126465,437300,0.0,0.0
2025-01-06 00:00:00-05:00,8.873602731741531,8.90301772697183,8.785356810964792,8.84418773651123,639200,0.0,0.0
2025-01-07 00:00:00-05:00,8.863797051190899,8.873602360886485,8.804966128103185,8.834382057189941,467800,0.0,0.0
2025-01-08 00:00:00-05:00,8.834382776256719,8.873603083145564,8.804966844775677,8.853992462158203,633600,0.0,0.0
2025-01-10 00:00:00-05:00,8.706916304952625,8.726525990313258,8.628475693338391,8.667695999145508,1965800,0.0,0.0
2025-01-13 00:00:00-05:00,8.697110486589875,8.697110486589875,8.608864569908276,8.628475189208984,1510700,0.0,0.0
2025-01-14 00:00:00-05:00,8.667696316169419,8.677501626751292,8.579450391104318,8.599061012268066,1113000,0.0,0.0
2025-01-15 00:00:00-05:00,8.643614246285997,8.653515520668769,8.56440593969881,8.584208488464355,2959800,0.085,0.0
2025-01-16 00:00:00-05:00,8.594110219685783,8.633714375084622,8.554506064286945,8.564406394958496,1140600,0.0,0.0
2025-01-17 00:00:00-05:00,8.604010059039854,8.623812607727256,8.514901422659028,8.544604301452637,1734900,0.0,0.0
2025-01-21 00:00:00-05:00,8.465396121886549,8.465396121886549,8.306979506966158,8.41589069366455,2847600,0.0,0.0
2025-01-22 00:00:00-05:00,8.415891221417207,8.48519825873168,8.366385790090769,8.475297927856445,1178000,0.0,0.0
2025-01-23 00:00:00-05:00,8.505000080249555,8.505000080249555,8.445593378900279,8.4653959274292,767700,0.0,0.0
2025-01-24 00:00:00-05:00,8.465396652743644,8.48519825873168,8.435693771642807,8.475297927856445,903500,0.0,0.0
2025-01-27 00:00:00-05:00,8.475297896913771,8.48519822775286,8.386188309699028,8.435693740844727,1277200,0.0,0.0
2025-01-28 00:00:00-05:00,8.405989875187725,8.415891150216758,8.366385719309148,8.396088600158691,1022800,0.0,0.0
2025-01-29 00:00:00-05:00,8.42579174041748,8.42579174041748,8.386187587757835,8.42579174041748,760600,0.0,0.0
2025-01-30 00:00:00-05:00,8.435693503362964,8.465396383519163,8.425792228565054,8.44559383392334,1090200,0.0,0.0
2025-01-31 00:00:00-05:00,8.46539573523299,8.574306916956907,8.46539573523299,8.514901161193848,1712200,0.0,0.0
2025-02-03 00:00:00-05:00,8.524802143831558,8.53470341862947,8.415890953767143,8.44559383392334,1172800,0.0,0.0
2025-02-04 00:00:00-05:00,8.45549488067627,8.45549488067627,8.42579200132116,8.45549488067627,792800,0.0,0.0
2025-02-05 00:00:00-05:00,8.485197531720635,8.514901354514016,8.445593378900279,8.4653959274292,670700,0.0,0.0
2025-02-06 00:00:00-05:00,8.47529720169366,8.505000080249555,8.435693048873304,8.4653959274292,1278500,0.0,0.0
2025-02-07 00:00:00-05:00,8.47529720169366,8.485197531720635,8.445593378900279,8.4653959274292,1109100,0.0,0.0
2025-02-10 00:00:00-05:00,8.48519825873168,8.495099533844481,8.465396652743644,8.475297927856445,1707400,0.0,0.0
2025-02-11 00:00:00-05:00,8.485197793118505,8.495099067687988,8.455494913647573,8.495099067687988,942400,0.0,0.0
2025-02-12 00:00:00-05:00,8.485198020935059,8.495099295770377,8.46539641550196,8.485198020935059,1268100,0.0,0.0
2025-02-13 00:00:00-05:00,8.495098840136654,8.52480171881196,8.485197565832388,8.505000114440918,1255100,0.0,0.0
2025-02-14 00:00:00-05:00,8.510000228881836,8.510000228881836,8.460000038146973,8.5,1311400,0.085,0.0
2025-02-18 00:00:00-05:00,8.489999771118164,8.529999732971191,8.460000038146973,8.489999771118164,1919900,0.0,0.0
2025-02-19 00:00:00-05:00,8.510000228881836,8.600000381469727,8.479999542236328,8.579999923706055,2321000,0.0,0.0
2025-02-20 00:00:00-05:00,8.600000381469727,8.649999618530273,8.59000015258789,8.630000114440918,1087300,0.0,0.0
2025-02-21 00:00:00-05:00,8.619999885559082,8.619999885559082,8.470000267028809,8.489999771118164,1614800,0.0,0.0
2025-02-24 00:00:00-05:00,8.520000457763672,8.5600004196167,8.470000267028809,8.520000457763672,933200,0.0,0.0
2025-02-25 00:00:00-05:00,8.5600004196167,8.579999923706055,8.510000228881836,8.510000228881836,1124900,0.0,0.0
2025-02-26 00:00:00-05:00,8.510000228881836,8.539999961853027,8.489999771118164,8.5,3749000,0.0,0.0
2025-02-27 00:00:00-05:00,8.510000228881836,8.539999961853027,8.470000267028809,8.489999771118164,1297200,0.0,0.0
2025-02-28 00:00:00-05:00,8.510000228881836,8.529999732971191,8.5,8.529999732971191,1150300,0.0,0.0
