Date,Open,High,Low,Close,Volume,Dividends,Stock Splits
2015-12-17 00:00:00-05:00,2733.0,2880.0,2703.0,2718.0,29,0.0,0.0
2015-12-18 00:00:00-05:00,2718.0,2718.0,2703.0,2703.0,5,0.0,0.0
2015-12-21 00:00:00-05:00,2694.0,2700.0,2625.0,2700.0,24,0.0,0.0
2015-12-22 00:00:00-05:00,2700.0,2700.0,2700.0,2700.0,0,0.0,0.0
2015-12-23 00:00:00-05:00,2694.0,2700.0,2556.0,2700.0,4,0.0,0.0
2015-12-24 00:00:00-05:00,2697.0,2697.0,2697.0,2697.0,1,0.0,0.0
2015-12-28 00:00:00-05:00,2685.300048828125,2685.300048828125,2685.300048828125,2685.300048828125,0,0.0,0.0
2015-12-29 00:00:00-05:00,2685.0,2685.0,2553.0,2685.0,15,0.0,0.0
2015-12-30 00:00:00-05:00,2694.0,2694.0,2673.0,2673.0,2,0.0,0.0
2015-12-31 00:00:00-05:00,2637.300048828125,2667.0,2553.0,2667.0,4,0.0,0.0
2016-01-04 00:00:00-05:00,2550.0,2700.0,2550.0,2550.0,6,0.0,0.0
2016-01-05 00:00:00-05:00,2476.199951171875,2697.0,2475.0,2697.0,9,0.0,0.0
2016-01-06 00:00:00-05:00,2541.89990234375,2703.0,2541.89990234375,2703.0,1,0.0,0.0
2016-01-07 00:00:00-05:00,2685.0,2685.0,2550.0,2550.0,5,0.0,0.0
2016-01-08 00:00:00-05:00,2703.0,2703.0,2550.0,2553.89990234375,7,0.0,0.0
2016-01-11 00:00:00-05:00,2667.0,2667.0,2553.0,2625.0,6,0.0,0.0
2016-01-12 00:00:00-05:00,2679.0,2692.5,2550.0,2550.0,15,0.0,0.0
2016-01-13 00:00:00-05:00,2670.0,2670.0,2445.0,2607.0,43,0.0,0.0
2016-01-14 00:00:00-05:00,2700.0,2700.0,2484.0,2640.0,121,0.0,0.0
2016-01-15 00:00:00-05:00,2553.0,2625.0,2553.0,2625.0,19,0.0,0.0
2016-01-19 00:00:00-05:00,2554.199951171875,2670.0,2554.199951171875,2670.0,7,0.0,0.0
2016-01-20 00:00:00-05:00,2769.0,2769.0,2478.0,2595.0,43,0.0,0.0
2016-01-21 00:00:00-05:00,2652.0,2670.0,2550.0,2550.0,12,0.0,0.0
2016-01-22 00:00:00-05:00,2646.0,2655.0,2313.0,2649.0,9,0.0,0.0
2016-01-25 00:00:00-05:00,2532.0,2562.0,2418.0,2538.0,6,0.0,0.0
2016-01-26 00:00:00-05:00,2505.0,2700.0,2325.0,2461.5,535,0.0,0.0
2016-01-27 00:00:00-05:00,2430.0,2640.0,2328.0,2409.0,137,0.0,0.0
2016-01-28 00:00:00-05:00,2697.0,2700.0,2445.0,2460.0,28,0.0,0.0
2016-01-29 00:00:00-05:00,2967.0,2967.0,2473.800048828125,2640.0,2,0.0,0.0
2016-02-01 00:00:00-05:00,2841.0,2841.0,2526.0,2617.199951171875,33,0.0,0.0
2016-02-02 00:00:00-05:00,2550.0,2550.0,2472.0,2532.0,6,0.0,0.0
2016-02-03 00:00:00-05:00,2484.0,2484.0,2406.0,2430.0,20,0.0,0.0
2016-02-04 00:00:00-05:00,2734.5,2734.5,2430.0,2592.0,7,0.0,0.0
2016-02-05 00:00:00-05:00,2685.0,2697.0,2478.0,2691.0,26,0.0,0.0
2016-02-08 00:00:00-05:00,2547.0,2547.0,2547.0,2547.0,1,0.0,0.0
2016-02-09 00:00:00-05:00,2670.0,2670.0,2424.0,2424.0,33,0.0,0.0
2016-02-10 00:00:00-05:00,2535.0,2538.0,2496.0,2496.0,3,0.0,0.0
2016-02-11 00:00:00-05:00,2459.699951171875,2459.699951171875,2388.0,2427.0,17,0.0,0.0
2016-02-12 00:00:00-05:00,2421.0,2430.0,2421.0,2430.0,5,0.0,0.0
2016-02-16 00:00:00-05:00,2407.5,2601.0,2407.5,2601.0,7,0.0,0.0
2016-02-17 00:00:00-05:00,2478.0,2715.0,2478.0,2703.0,18,0.0,0.0
2016-02-18 00:00:00-05:00,2649.0,2649.0,2430.0,2463.0,8,0.0,0.0
2016-02-19 00:00:00-05:00,2553.0,2553.0,2472.0,2472.0,4,0.0,0.0
2016-02-22 00:00:00-05:00,2526.0,2553.0,2430.0,2553.0,12,0.0,0.0
2016-02-23 00:00:00-05:00,2427.0,2703.0,2427.0,2427.0,11,0.0,0.0
2016-02-24 00:00:00-05:00,2436.0,2436.0,2415.0,2430.0,26,0.0,0.0
2016-02-25 00:00:00-05:00,2415.0,2415.0,2403.0,2403.0,4,0.0,0.0
2016-02-26 00:00:00-05:00,2487.0,2487.0,2220.0,2427.0,17,0.0,0.0
2016-02-29 00:00:00-05:00,2472.0,2472.0,2359.199951171875,2412.0,5,0.0,0.0
2016-03-01 00:00:00-05:00,2550.0,2700.0,2415.0,2553.0,34,0.0,0.0
2016-03-02 00:00:00-05:00,2847.0,2847.0,2550.0,2550.0,3,0.0,0.0
2016-03-03 00:00:00-05:00,2553.0,2608.800048828125,2424.0,2608.800048828125,4,0.0,0.0
2016-03-04 00:00:00-05:00,2613.0,2613.0,2613.0,2613.0,0,0.0,0.0
2016-03-07 00:00:00-05:00,2610.0,2670.0,2610.0,2652.0,4,0.0,0.0
2016-03-08 00:00:00-05:00,2652.0,2655.0,2447.39990234375,2640.0,41,0.0,0.0
2016-03-09 00:00:00-05:00,2652.89990234375,2655.0,2505.60009765625,2640.0,7,0.0,0.0
2016-03-10 00:00:00-05:00,2655.0,2655.0,2655.0,2655.0,7,0.0,0.0
2016-03-11 00:00:00-05:00,2667.0,2667.0,2439.0,2637.0,14,0.0,0.0
2016-03-14 00:00:00-04:00,2655.0,2730.0,2514.0,2700.0,73,0.0,0.0
2016-03-15 00:00:00-04:00,2466.0,2709.0,2466.0,2700.0,46,0.0,0.0
2016-03-16 00:00:00-04:00,2700.0,2700.0,2646.0,2700.0,35,0.0,0.0
2016-03-17 00:00:00-04:00,2700.0,2730.0,2590.5,2724.0,58,0.0,0.0
2016-03-18 00:00:00-04:00,2700.0,2700.0,2520.0,2520.0,96,0.0,0.0
2016-03-21 00:00:00-04:00,2550.0,2697.0,2547.0,2559.0,13,0.0,0.0
2016-03-22 00:00:00-04:00,2550.0,2607.0,2478.0,2481.0,19,0.0,0.0
2016-03-23 00:00:00-04:00,2613.0,2703.0,2478.0,2511.0,17,0.0,0.0
2016-03-24 00:00:00-04:00,2577.0,2598.0,2499.0,2520.0,12,0.0,0.0
2016-03-28 00:00:00-04:00,2523.0,2523.0,2499.0,2499.0,2,0.0,0.0
2016-03-29 00:00:00-04:00,2574.0,2574.0,2478.0,2478.0,12,0.0,0.0
2016-03-30 00:00:00-04:00,2550.0,2550.0,2403.0,2433.0,12,0.0,0.0
2016-03-31 00:00:00-04:00,2547.0,2547.0,2457.0,2457.0,5,0.0,0.0
2016-04-01 00:00:00-04:00,2454.0,2454.0,2403.0,2406.0,14,0.0,0.0
2016-04-04 00:00:00-04:00,2478.0,2544.0,2448.0,2448.0,6,0.0,0.0
2016-04-05 00:00:00-04:00,2547.0,2547.0,2463.0,2463.0,2,0.0,0.0
2016-04-06 00:00:00-04:00,2463.0,2478.0,2463.0,2478.0,5,0.0,0.0
2016-04-07 00:00:00-04:00,2493.0,2508.0,2478.0,2493.0,7,0.0,0.0
2016-04-08 00:00:00-04:00,2490.0,2547.0,2460.0,2466.0,10,0.0,0.0
2016-04-11 00:00:00-04:00,2460.0,2580.0,2448.0,2529.0,101,0.0,0.0
2016-04-12 00:00:00-04:00,2712.0,2712.0,2712.0,2712.0,1,0.0,0.0
2016-04-13 00:00:00-04:00,2547.0,2547.0,2538.0,2538.0,1,0.0,0.0
2016-04-14 00:00:00-04:00,2550.0,2550.0,2433.0,2433.0,71,0.0,0.0
2016-04-15 00:00:00-04:00,2547.0,2547.0,2448.0,2448.0,3,0.0,0.0
2016-04-18 00:00:00-04:00,2466.0,2469.0,2466.0,2469.0,2,0.0,0.0
2016-04-19 00:00:00-04:00,2547.0,2550.0,2433.0,2550.0,11,0.0,0.0
2016-04-20 00:00:00-04:00,2547.0,2550.0,2547.0,2550.0,3,0.0,0.0
2016-04-21 00:00:00-04:00,2466.0,2550.0,2403.0,2442.0,49,0.0,0.0
2016-04-22 00:00:00-04:00,2451.0,2547.0,2328.0,2373.0,153,0.0,0.0
2016-04-25 00:00:00-04:00,2409.0,2471.699951171875,2385.0,2471.699951171875,6,0.0,0.0
2016-04-26 00:00:00-04:00,2421.0,2424.0,2361.0,2403.0,20,0.0,0.0
2016-04-27 00:00:00-04:00,2412.0,2529.0,2409.0,2529.0,12,0.0,0.0
2016-04-28 00:00:00-04:00,2505.0,2664.0,2505.0,2664.0,2,0.0,0.0
2016-04-29 00:00:00-04:00,2538.0,2633.39990234375,2430.0,2430.0,12,0.0,0.0
2016-05-02 00:00:00-04:00,2418.0,2418.0,2418.0,2418.0,0,0.0,0.0
2016-05-03 00:00:00-04:00,2613.0,2613.0,2399.39990234375,2400.0,10,0.0,0.0
2016-05-04 00:00:00-04:00,2403.0,2403.0,2352.0,2352.0,7,0.0,0.0
2016-05-05 00:00:00-04:00,2397.0,2430.0,2346.0,2397.0,8,0.0,0.0
2016-05-06 00:00:00-04:00,2445.0,2451.0,2445.0,2451.0,1,0.0,0.0
2016-05-09 00:00:00-04:00,2511.0,2520.0,2436.0,2436.0,6,0.0,0.0
2016-05-10 00:00:00-04:00,2423.39990234375,2423.39990234375,2423.39990234375,2423.39990234375,3,0.0,0.0
2016-05-11 00:00:00-04:00,2423.39990234375,2423.39990234375,2423.39990234375,2423.39990234375,0,0.0,0.0
2016-05-12 00:00:00-04:00,2424.0,2610.0,2406.0,2436.0,5,0.0,0.0
2016-05-13 00:00:00-04:00,2610.0,2610.0,2610.0,2610.0,1,0.0,0.0
2016-05-16 00:00:00-04:00,2425.5,2604.0,2425.5,2483.10009765625,10,0.0,0.0
2016-05-17 00:00:00-04:00,2418.0,2610.0,2418.0,2547.0,60,0.0,0.0
2016-05-18 00:00:00-04:00,2442.0,2535.0,2442.0,2535.0,3,0.0,0.0
2016-05-19 00:00:00-04:00,2571.0,2571.0,2508.0,2520.0,2,0.0,0.0
2016-05-20 00:00:00-04:00,2592.0,2773.800048828125,2439.0,2571.0,22,0.0,0.0
2016-05-23 00:00:00-04:00,2613.0,2700.0,2613.0,2679.0,6,0.0,0.0
2016-05-24 00:00:00-04:00,2580.0,2670.0,2580.0,2610.0,37,0.0,0.0
2016-05-25 00:00:00-04:00,2637.89990234375,2637.89990234375,2637.89990234375,2637.89990234375,1,0.0,0.0
2016-05-26 00:00:00-04:00,2850.0,2850.0,2662.800048828125,2662.800048828125,7,0.0,0.0
2016-05-27 00:00:00-04:00,2694.0,2700.0,2556.0,2700.0,11,0.0,0.0
2016-05-31 00:00:00-04:00,2697.0,2697.0,2697.0,2697.0,1,0.0,0.0
2016-06-01 00:00:00-04:00,2694.0,2694.0,2691.0,2694.0,5,0.0,0.0
2016-06-02 00:00:00-04:00,2700.0,2700.0,2523.0,2523.0,10,0.0,0.0
2016-06-03 00:00:00-04:00,2532.0,2550.0,2460.0,2490.0,7,0.0,0.0
2016-06-06 00:00:00-04:00,2490.0,2490.0,2490.0,2490.0,0,0.0,0.0
2016-06-07 00:00:00-04:00,2436.0,2472.0,2406.0,2412.0,22,0.0,0.0
2016-06-08 00:00:00-04:00,2439.0,2580.0,2432.699951171875,2439.0,89,0.0,0.0
2016-06-09 00:00:00-04:00,2562.0,2562.0,2412.0,2418.0,5,0.0,0.0
2016-06-10 00:00:00-04:00,2433.0,2529.0,2415.0,2436.0,3,0.0,0.0
2016-06-13 00:00:00-04:00,2472.0,2610.0,2421.0,2433.0,63,0.0,0.0
2016-06-14 00:00:00-04:00,2433.0,2433.0,2433.0,2433.0,0,0.0,0.0
2016-06-15 00:00:00-04:00,2556.0,2556.0,2415.0,2445.0,22,0.0,0.0
2016-06-16 00:00:00-04:00,2415.0,2487.0,2415.0,2472.0,26,0.0,0.0
2016-06-17 00:00:00-04:00,2448.0,2551.800048828125,2415.0,2463.0,8,0.0,0.0
2016-06-20 00:00:00-04:00,2475.0,2481.0,2475.0,2481.0,8,0.0,0.0
2016-06-21 00:00:00-04:00,2478.0,2550.89990234375,2418.0,2421.0,33,0.0,0.0
2016-06-22 00:00:00-04:00,2466.0,2466.0,2466.0,2466.0,0,0.0,0.0
2016-06-23 00:00:00-04:00,2592.0,2592.0,2517.0,2542.5,4,0.0,0.0
2016-06-24 00:00:00-04:00,2574.0,2574.0,2463.0,2463.0,4,0.0,0.0
2016-06-27 00:00:00-04:00,2466.0,2507.699951171875,2466.0,2466.0,4,0.0,0.0
2016-06-28 00:00:00-04:00,2475.0,2475.0,2475.0,2475.0,1,0.0,0.0
2016-06-29 00:00:00-04:00,2535.0,2535.0,2415.0,2418.0,10,0.0,0.0
2016-06-30 00:00:00-04:00,2451.0,2451.0,2451.0,2451.0,0,0.0,0.0
2016-07-01 00:00:00-04:00,2418.0,2433.0,2415.0,2415.0,7,0.0,0.0
2016-07-05 00:00:00-04:00,2451.0,2457.0,2412.0,2436.0,8,0.0,0.0
2016-07-06 00:00:00-04:00,2430.0,2430.0,2430.0,2430.0,1,0.0,0.0
2016-07-07 00:00:00-04:00,2415.0,2415.0,2325.0,2390.10009765625,7,0.0,0.0
2016-07-08 00:00:00-04:00,2397.0,2400.0,2376.0,2384.699951171875,11,0.0,0.0
2016-07-11 00:00:00-04:00,2376.0,2418.0,2376.0,2412.0,6,0.0,0.0
2016-07-12 00:00:00-04:00,2442.0,2442.0,2442.0,2442.0,1,0.0,0.0
2016-07-13 00:00:00-04:00,2415.0,2544.0,2370.0,2406.0,11,0.0,0.0
2016-07-14 00:00:00-04:00,2538.0,2538.0,2538.0,2538.0,1,0.0,0.0
2016-07-15 00:00:00-04:00,2445.0,2538.0,2415.0,2415.0,28,0.0,0.0
2016-07-18 00:00:00-04:00,2475.0,2520.0,2421.0,2436.0,29,0.0,0.0
2016-07-19 00:00:00-04:00,2430.0,2430.0,2418.0,2418.0,2,0.0,0.0
2016-07-20 00:00:00-04:00,2415.0,2488.5,2274.60009765625,2488.5,2,0.0,0.0
2016-07-21 00:00:00-04:00,2415.0,2490.0,2400.0,2490.0,3,0.0,0.0
2016-07-22 00:00:00-04:00,2445.0,2529.0,2445.0,2496.0,5,0.0,0.0
2016-07-25 00:00:00-04:00,2496.0,2496.0,2496.0,2496.0,0,0.0,0.0
2016-07-26 00:00:00-04:00,2496.0,2496.0,2400.0,2400.0,10,0.0,0.0
2016-07-27 00:00:00-04:00,2409.0,2409.0,2407.5,2407.5,1,0.0,0.0
2016-07-28 00:00:00-04:00,2406.0,2468.10009765625,1899.0,2436.0,24,0.0,0.0
2016-07-29 00:00:00-04:00,2445.0,2523.0,2445.0,2523.0,12,0.0,0.0
2016-08-01 00:00:00-04:00,2466.0,2466.0,2418.0,2418.0,2,0.0,0.0
2016-08-02 00:00:00-04:00,2409.0,2409.0,2409.0,2409.0,1,0.0,0.0
2016-08-03 00:00:00-04:00,2415.0,2415.0,2409.0,2409.0,2,0.0,0.0
2016-08-04 00:00:00-04:00,2409.0,2409.0,2409.0,2409.0,0,0.0,0.0
2016-08-05 00:00:00-04:00,2409.0,2409.0,2409.0,2409.0,0,0.0,0.0
2016-08-08 00:00:00-04:00,2409.0,2409.0,2409.0,2409.0,0,0.0,0.0
2016-08-09 00:00:00-04:00,2409.0,2409.0,2409.0,2409.0,0,0.0,0.0
2016-08-10 00:00:00-04:00,2409.0,2409.0,2409.0,2409.0,0,0.0,0.0
2016-08-11 00:00:00-04:00,2418.0,2418.0,2403.0,2409.0,20,0.0,0.0
2016-08-12 00:00:00-04:00,2406.0,2406.0,2325.0,2346.0,8,0.0,0.0
2016-08-15 00:00:00-04:00,2385.0,2451.0,2385.0,2403.0,8,0.0,0.0
2016-08-16 00:00:00-04:00,2463.0,2524.5,2430.0,2445.0,7,0.0,0.0
2016-08-17 00:00:00-04:00,2445.0,2445.0,2445.0,2445.0,1,0.0,0.0
2016-08-18 00:00:00-04:00,2524.199951171875,2538.60009765625,2524.199951171875,2538.60009765625,3,0.0,0.0
2016-08-19 00:00:00-04:00,2526.0,2526.0,2442.0,2442.0,5,0.0,0.0
2016-08-22 00:00:00-04:00,2676.0,2676.0,2625.0,2625.0,4,0.0,0.0
2016-08-23 00:00:00-04:00,2601.0,2601.0,2256.0,2415.0,34,0.0,0.0
2016-08-24 00:00:00-04:00,2550.0,2550.0,2469.0,2547.0,9,0.0,0.0
2016-08-25 00:00:00-04:00,2416.5,2454.0,2416.5,2424.0,3,0.0,0.0
2016-08-26 00:00:00-04:00,2535.0,2535.0,2427.0,2457.0,3,0.0,0.0
2016-08-29 00:00:00-04:00,2415.0,2415.0,2253.0,2265.0,50,0.0,0.0
2016-08-30 00:00:00-04:00,2322.0,2403.0,2133.0,2229.0,38,0.0,0.0
2016-08-31 00:00:00-04:00,2166.0,2325.0,2166.0,2244.0,35,0.0,0.0
2016-09-01 00:00:00-04:00,2400.0,2400.0,2103.0,2325.0,59,0.0,0.0
2016-09-02 00:00:00-04:00,2379.0,2400.0,2370.0,2400.0,4,0.0,0.0
2016-09-06 00:00:00-04:00,2356.5,2417.10009765625,2356.5,2400.0,16,0.0,0.0
2016-09-07 00:00:00-04:00,2446.800048828125,2490.0,2403.0,2403.0,8,0.0,0.0
2016-09-08 00:00:00-04:00,2455.5,2455.5,2455.5,2455.5,0,0.0,0.0
2016-09-09 00:00:00-04:00,2409.0,2517.0,2409.0,2511.0,9,0.0,0.0
2016-09-12 00:00:00-04:00,2418.0,2448.0,2418.0,2448.0,8,0.0,0.0
2016-09-13 00:00:00-04:00,2437.5,2437.5,2289.0,2388.89990234375,4,0.0,0.0
2016-09-14 00:00:00-04:00,2400.0,2472.0,2381.39990234375,2472.0,1,0.0,0.0
2016-09-15 00:00:00-04:00,2415.0,2430.0,2376.0,2427.0,10,0.0,0.0
2016-09-16 00:00:00-04:00,2403.0,2430.0,2403.0,2430.0,6,0.0,0.0
2016-09-19 00:00:00-04:00,2426.699951171875,2427.0,2426.699951171875,2427.0,4,0.0,0.0
2016-09-20 00:00:00-04:00,2427.0,2454.0,2343.0,2428.5,31,0.0,0.0
2016-09-21 00:00:00-04:00,2478.0,2520.0,2478.0,2520.0,4,0.0,0.0
2016-09-22 00:00:00-04:00,2520.0,2520.0,2520.0,2520.0,0,0.0,0.0
2016-09-23 00:00:00-04:00,2514.0,2514.0,2403.0,2445.0,9,0.0,0.0
2016-09-26 00:00:00-04:00,2445.0,2445.0,2445.0,2445.0,0,0.0,0.0
2016-09-27 00:00:00-04:00,2415.0,2433.0,2343.0,2418.0,9,0.0,0.0
2016-09-28 00:00:00-04:00,2425.5,2433.0,2409.0,2412.0,12,0.0,0.0
2016-09-29 00:00:00-04:00,2418.89990234375,2418.89990234375,2418.89990234375,2418.89990234375,1,0.0,0.0
2016-09-30 00:00:00-04:00,2424.0,2424.0,2424.0,2424.0,0,0.0,0.0
2016-10-03 00:00:00-04:00,2409.0,2413.199951171875,2409.0,2413.199951171875,3,0.0,0.0
2016-10-04 00:00:00-04:00,2409.0,2409.0,2409.0,2409.0,0,0.0,0.0
2016-10-05 00:00:00-04:00,2412.0,2421.0,2406.89990234375,2418.0,8,0.0,0.0
2016-10-06 00:00:00-04:00,2403.0,2403.0,2400.0,2400.0,1,0.0,0.0
2016-10-07 00:00:00-04:00,2400.0,2409.0,2373.0,2388.0,8,0.0,0.0
2016-10-10 00:00:00-04:00,2403.0,2403.0,2352.0,2352.0,8,0.0,0.0
2016-10-11 00:00:00-04:00,2388.0,2402.699951171875,2385.0,2385.0,3,0.0,0.0
2016-10-12 00:00:00-04:00,2385.0,2385.0,2355.0,2364.0,12,0.0,0.0
2016-10-13 00:00:00-04:00,2388.0,2388.0,2388.0,2388.0,1,0.0,0.0
2016-10-14 00:00:00-04:00,2391.89990234375,2394.0,2391.89990234375,2391.89990234375,4,0.0,0.0
2016-10-17 00:00:00-04:00,2376.0,2391.0,2376.0,2391.0,1,0.0,0.0
2016-10-18 00:00:00-04:00,2390.39990234375,2390.39990234375,2152.800048828125,2373.0,14,0.0,0.0
2016-10-19 00:00:00-04:00,2373.0,2373.0,2316.0,2323.5,6,0.0,0.0
2016-10-20 00:00:00-04:00,2316.0,2316.0,2313.0,2313.0,1,0.0,0.0
2016-10-21 00:00:00-04:00,2343.0,2343.0,2316.0,2328.300048828125,3,0.0,0.0
2016-10-24 00:00:00-04:00,2343.0,2343.0,2328.0,2328.0,5,0.0,0.0
2016-10-25 00:00:00-04:00,2313.0,2318.699951171875,2301.0,2301.0,7,0.0,0.0
2016-10-26 00:00:00-04:00,2286.0,2286.0,2163.0,2223.0,18,0.0,0.0
2016-10-27 00:00:00-04:00,2283.0,2283.0,2253.0,2253.0,4,0.0,0.0
2016-10-28 00:00:00-04:00,2253.0,2253.0,2253.0,2253.0,0,0.0,0.0
2016-10-31 00:00:00-04:00,2253.0,2253.0,2253.0,2253.0,0,0.0,0.0
2016-11-01 00:00:00-04:00,2226.0,2238.60009765625,2196.300048828125,2238.60009765625,3,0.0,0.0
2016-11-02 00:00:00-04:00,2223.0,2223.0,2103.0,2217.0,6,0.0,0.0
2016-11-03 00:00:00-04:00,2142.0,2170.800048828125,2070.0,2070.0,15,0.0,0.0
2016-11-04 00:00:00-04:00,2040.0,2103.0,1986.0,2103.0,6,0.0,0.0
2016-11-07 00:00:00-05:00,1980.0,2114.39990234375,1923.0,1923.0,37,0.0,0.0
2016-11-08 00:00:00-05:00,1953.0,1983.0,1933.5,1983.0,10,0.0,0.0
2016-11-09 00:00:00-05:00,2043.0,2043.0,2040.0,2040.0,1,0.0,0.0
2016-11-10 00:00:00-05:00,2111.699951171875,2193.0,2109.0,2193.0,2,0.0,0.0
2016-11-11 00:00:00-05:00,2193.0,2193.0,2193.0,2193.0,0,0.0,0.0
2016-11-14 00:00:00-05:00,2133.0,2160.0,2055.0,2055.0,2,0.0,0.0
2016-11-15 00:00:00-05:00,1950.0,1950.0,1740.0,1770.0,278,0.0,0.0
2016-11-16 00:00:00-05:00,1830.0,1950.0,1800.0,1800.0,14,0.0,0.0
2016-11-17 00:00:00-05:00,1782.0,1865.0999755859375,1746.0,1848.0,15,0.0,0.0
2016-11-18 00:00:00-05:00,1803.0,1806.0,1803.0,1803.0,2,0.0,0.0
2016-11-21 00:00:00-05:00,1803.0,1803.0,1446.0,1512.0,7,0.0,0.0
2016-11-22 00:00:00-05:00,1653.0,1653.0,1503.0,1503.0,19,0.0,0.0
2016-11-23 00:00:00-05:00,1500.0,1500.0,1413.0,1413.0,30,0.0,0.0
2016-11-25 00:00:00-05:00,1395.0,1407.5999755859375,1353.0,1353.0,2,0.0,0.0
2016-11-28 00:00:00-05:00,1347.9000244140625,1347.9000244140625,1218.0,1278.0,68,0.0,0.0
2016-11-29 00:00:00-05:00,1314.0,1387.800048828125,1248.300048828125,1386.0,35,0.0,0.0
2016-11-30 00:00:00-05:00,1437.0,1503.0,1347.0,1451.0999755859375,20,0.0,0.0
2016-12-01 00:00:00-05:00,1495.199951171875,1495.199951171875,1404.0,1431.9000244140625,8,0.0,0.0
2016-12-02 00:00:00-05:00,1443.0,1443.0,1377.0,1401.0,5,0.0,0.0
2016-12-05 00:00:00-05:00,1365.0,1365.0,1233.0,1233.0,14,0.0,0.0
2016-12-06 00:00:00-05:00,1230.0,1293.0,1230.0,1278.0,10,0.0,0.0
2016-12-07 00:00:00-05:00,1278.0,1378.800048828125,1278.0,1353.0,11,0.0,0.0
2016-12-08 00:00:00-05:00,1419.0,1441.5,1395.0,1407.0,9,0.0,0.0
2016-12-09 00:00:00-05:00,1470.0,1653.0,1470.0,1632.0,9,0.0,0.0
2016-12-12 00:00:00-05:00,1584.0,1779.0,1443.0,1473.0,25,0.0,0.0
2016-12-13 00:00:00-05:00,1473.0,1584.0,1470.0,1504.5,15,0.0,0.0
2016-12-14 00:00:00-05:00,1557.0,1557.0,1326.0,1335.0,16,0.0,0.0
2016-12-15 00:00:00-05:00,1335.0,1512.0,1323.0,1395.0,14,0.0,0.0
2016-12-16 00:00:00-05:00,1395.0,1536.0,1329.0,1536.0,26,0.0,0.0
2016-12-19 00:00:00-05:00,1506.0,1506.0,1395.0,1395.0,6,0.0,0.0
2016-12-20 00:00:00-05:00,1404.0,1404.0,1266.0,1290.300048828125,7,0.0,0.0
2016-12-21 00:00:00-05:00,1246.800048828125,1263.5999755859375,1233.0,1248.0,15,0.0,0.0
2016-12-22 00:00:00-05:00,1218.0,1284.0,1218.0,1233.0,5,0.0,0.0
2016-12-23 00:00:00-05:00,1281.9000244140625,1290.0,1230.0,1230.0,10,0.0,0.0
2016-12-27 00:00:00-05:00,1242.5999755859375,1290.0,1242.5999755859375,1289.4000244140625,7,0.0,0.0
2016-12-28 00:00:00-05:00,1248.0,1293.0,1206.0,1263.0,8,0.0,0.0
2016-12-29 00:00:00-05:00,1275.0,1290.0,1236.0,1260.0,21,0.0,0.0
2016-12-30 00:00:00-05:00,1263.0,1341.0,1212.0,1221.0,31,0.0,0.0
2017-01-03 00:00:00-05:00,1317.0,1317.0,1317.0,1317.0,1,0.0,0.0
2017-01-04 00:00:00-05:00,1301.0999755859375,1311.0,1161.0,1274.4000244140625,18,0.0,0.0
2017-01-05 00:00:00-05:00,1233.0,1290.0,1233.0,1236.0,3,0.0,0.0
2017-01-06 00:00:00-05:00,1218.300048828125,1230.0,1218.300048828125,1230.0,1,0.0,0.0
2017-01-09 00:00:00-05:00,1221.0,1241.699951171875,1218.0,1218.0,6,0.0,0.0
2017-01-10 00:00:00-05:00,1218.0,1218.0,1218.0,1218.0,0,0.0,0.0
2017-01-11 00:00:00-05:00,1218.0,1290.0,1164.0,1233.0,4,0.0,0.0
2017-01-12 00:00:00-05:00,1233.0,1233.0,1233.0,1233.0,3,0.0,0.0
2017-01-13 00:00:00-05:00,1236.0,1236.0,1233.0,1233.0,10,0.0,0.0
2017-01-17 00:00:00-05:00,1233.0,1287.0,1233.0,1287.0,7,0.0,0.0
2017-01-18 00:00:00-05:00,1305.0,1305.0,1305.0,1305.0,2,0.0,0.0
2017-01-19 00:00:00-05:00,1275.0,1275.0,1275.0,1275.0,1,0.0,0.0
2017-01-20 00:00:00-05:00,1275.0,1275.0,1275.0,1275.0,0,0.0,0.0
2017-01-23 00:00:00-05:00,1275.0,1275.0,1275.0,1275.0,0,0.0,0.0
2017-01-24 00:00:00-05:00,1236.0,1236.0,1233.0,1233.0,4,0.0,0.0
2017-01-25 00:00:00-05:00,1312.199951171875,1312.199951171875,1290.0,1290.0,4,0.0,0.0
2017-01-26 00:00:00-05:00,1239.0,1274.699951171875,1233.0,1233.0,10,0.0,0.0
2017-01-27 00:00:00-05:00,1233.0,1269.0,1233.0,1233.0,3,0.0,0.0
2017-01-30 00:00:00-05:00,1233.0,1290.0,1233.0,1290.0,2,0.0,0.0
2017-01-31 00:00:00-05:00,1242.0,1272.0,1242.0,1272.0,1,0.0,0.0
2017-02-01 00:00:00-05:00,1242.0,1272.0,1242.0,1272.0,1,0.0,0.0
2017-02-02 00:00:00-05:00,1239.0,1242.0,1239.0,1242.0,2,0.0,0.0
2017-02-03 00:00:00-05:00,1233.0,1236.0,1230.0,1236.0,8,0.0,0.0
2017-02-06 00:00:00-05:00,1348.5,1348.5,1348.5,1348.5,7,0.0,0.0
2017-02-07 00:00:00-05:00,1234.800048828125,1234.800048828125,1234.800048828125,1234.800048828125,0,0.0,0.0
2017-02-08 00:00:00-05:00,1233.0,1281.0,1233.0,1281.0,9,0.0,0.0
2017-02-09 00:00:00-05:00,1248.0,1248.0,1248.0,1248.0,0,0.0,0.0
2017-02-10 00:00:00-05:00,1233.0,1335.0,1233.0,1335.0,2,0.0,0.0
2017-02-13 00:00:00-05:00,1248.0,1263.300048828125,1233.0,1233.0,19,0.0,0.0
2017-02-14 00:00:00-05:00,1236.0,1257.9000244140625,1233.0,1248.0,8,0.0,0.0
2017-02-15 00:00:00-05:00,1248.0,1248.0,1248.0,1248.0,0,0.0,0.0
2017-02-16 00:00:00-05:00,1248.0,1294.199951171875,1248.0,1249.800048828125,5,0.0,0.0
2017-02-17 00:00:00-05:00,1240.800048828125,1247.4000244140625,1239.0,1239.0,9,0.0,0.0
2017-02-21 00:00:00-05:00,1239.0,1239.0,1239.0,1239.0,0,0.0,0.0
2017-02-22 00:00:00-05:00,1239.0,1239.0,1239.0,1239.0,0,0.0,0.0
2017-02-23 00:00:00-05:00,1256.4000244140625,1270.199951171875,1256.4000244140625,1263.0,4,0.0,0.0
2017-02-24 00:00:00-05:00,1266.0,1270.199951171875,1260.0,1264.5,5,0.0,0.0
2017-02-27 00:00:00-05:00,1263.300048828125,1275.0,1233.0,1275.0,15,0.0,0.0
2017-02-28 00:00:00-05:00,1273.199951171875,1273.199951171875,1233.0,1233.0,29,0.0,0.0
2017-03-01 00:00:00-05:00,1233.0,1233.0,1233.0,1233.0,1,0.0,0.0
2017-03-02 00:00:00-05:00,1233.0,1233.0,1233.0,1233.0,1,0.0,0.0
2017-03-03 00:00:00-05:00,1244.4000244140625,1244.4000244140625,1233.0,1233.300048828125,2,0.0,0.0
2017-03-06 00:00:00-05:00,1233.300048828125,1233.300048828125,1233.300048828125,1233.300048828125,0,0.0,0.0
2017-03-07 00:00:00-05:00,1233.300048828125,1233.300048828125,1233.300048828125,1233.300048828125,0,0.0,0.0
2017-03-08 00:00:00-05:00,1233.0,1238.0999755859375,1233.0,1238.0999755859375,5,0.0,0.0
2017-03-09 00:00:00-05:00,1242.300048828125,1247.699951171875,1233.0,1233.0,11,0.0,0.0
2017-03-10 00:00:00-05:00,1234.800048828125,1239.0,1233.0,1233.0,4,0.0,0.0
2017-03-13 00:00:00-04:00,1263.300048828125,1263.300048828125,1233.0,1256.699951171875,5,0.0,0.0
2017-03-14 00:00:00-04:00,1256.699951171875,1256.699951171875,1256.699951171875,1256.699951171875,0,0.0,0.0
2017-03-15 00:00:00-04:00,1263.0,1263.0,1233.0,1233.0,7,0.0,0.0
2017-03-16 00:00:00-04:00,1233.0,1233.0,1233.0,1233.0,0,0.0,0.0
2017-03-17 00:00:00-04:00,1233.0,1233.0,1233.0,1233.0,0,0.0,0.0
2017-03-20 00:00:00-04:00,1233.0,1233.0,1233.0,1233.0,0,0.0,0.0
2017-03-21 00:00:00-04:00,1233.0,1233.0,1233.0,1233.0,0,0.0,0.0
2017-03-22 00:00:00-04:00,1266.0,1266.0,1233.300048828125,1233.300048828125,4,0.0,0.0
2017-03-23 00:00:00-04:00,1233.300048828125,1233.300048828125,1233.300048828125,1233.300048828125,0,0.0,0.0
2017-03-24 00:00:00-04:00,1242.0,1242.0,1242.0,1242.0,2,0.0,0.0
2017-03-27 00:00:00-04:00,1240.199951171875,1240.199951171875,1233.0,1233.300048828125,9,0.0,0.0
2017-03-28 00:00:00-04:00,1234.800048828125,1234.800048828125,1233.0,1233.0,1,0.0,0.0
2017-03-29 00:00:00-04:00,1239.9000244140625,1239.9000244140625,1239.9000244140625,1239.9000244140625,2,0.0,0.0
2017-03-30 00:00:00-04:00,1239.300048828125,1239.300048828125,1239.300048828125,1239.300048828125,2,0.0,0.0
2017-03-31 00:00:00-04:00,1239.5999755859375,1239.5999755859375,1233.0,1234.800048828125,8,0.0,0.0
2017-04-03 00:00:00-04:00,1233.0,1234.800048828125,1233.0,1234.800048828125,1,0.0,0.0
2017-04-04 00:00:00-04:00,1233.0,1237.800048828125,1125.0,1170.0,9,0.0,0.0
2017-04-05 00:00:00-04:00,1233.0,1267.800048828125,1216.800048828125,1267.800048828125,10,0.0,0.0
2017-04-06 00:00:00-04:00,1236.0,1236.0,1206.0,1206.0,8,0.0,0.0
2017-04-07 00:00:00-04:00,1263.0,1272.0,1263.0,1272.0,7,0.0,0.0
2017-04-10 00:00:00-04:00,1260.0,1260.0,1241.4000244140625,1241.4000244140625,3,0.0,0.0
2017-04-11 00:00:00-04:00,1248.0,1248.0,1248.0,1248.0,1,0.0,0.0
2017-04-12 00:00:00-04:00,1248.0,1248.0,1248.0,1248.0,0,0.0,0.0
2017-04-13 00:00:00-04:00,1248.0,1248.0,1248.0,1248.0,0,0.0,0.0
2017-04-17 00:00:00-04:00,1236.0,1236.0,1233.0,1233.0,2,0.0,0.0
2017-04-18 00:00:00-04:00,1249.800048828125,1264.800048828125,1233.0,1252.800048828125,9,0.0,0.0
2017-04-19 00:00:00-04:00,1236.0,1236.0,1236.0,1236.0,1,0.0,0.0
2017-04-20 00:00:00-04:00,1250.0999755859375,1250.0999755859375,1233.0,1233.0,26,0.0,0.0
2017-04-21 00:00:00-04:00,1233.0,1233.0,1233.0,1233.0,0,0.0,0.0
2017-04-24 00:00:00-04:00,1233.0,1245.0,1224.0,1245.0,12,0.0,0.0
2017-04-25 00:00:00-04:00,1218.0,1275.0,1203.0,1275.0,4,0.0,0.0
2017-04-26 00:00:00-04:00,1275.0,1275.0,1272.0,1272.0,3,0.0,0.0
2017-04-27 00:00:00-04:00,1272.0,1275.0,1260.0,1260.0,9,0.0,0.0
2017-04-28 00:00:00-04:00,1272.0,1272.0,1252.5,1272.0,6,0.0,0.0
2017-05-01 00:00:00-04:00,1272.0,1275.0,1272.0,1275.0,3,0.0,0.0
2017-05-02 00:00:00-04:00,1272.0,1272.0,1233.0,1266.0,8,0.0,0.0
2017-05-03 00:00:00-04:00,1272.0,1272.0,1272.0,1272.0,2,0.0,0.0
2017-05-04 00:00:00-04:00,1242.0,1272.0,1239.0,1272.0,14,0.0,0.0
2017-05-05 00:00:00-04:00,1274.699951171875,1274.699951171875,1274.699951171875,1274.699951171875,1,0.0,0.0
2017-05-08 00:00:00-04:00,1272.0,1272.0,1236.0,1236.0,2,0.0,0.0
2017-05-09 00:00:00-04:00,1243.5,1275.0,1243.5,1272.0,5,0.0,0.0
2017-05-10 00:00:00-04:00,1274.699951171875,1274.699951171875,1242.0,1242.0,4,0.0,0.0
2017-05-11 00:00:00-04:00,1269.0,1271.699951171875,1248.300048828125,1271.699951171875,8,0.0,0.0
2017-05-12 00:00:00-04:00,1268.699951171875,1269.0,1263.0,1269.0,4,0.0,0.0
2017-05-15 00:00:00-04:00,1233.0,1233.0,1229.699951171875,1230.0,2,0.0,0.0
2017-05-16 00:00:00-04:00,1227.0,1275.0,1227.0,1275.0,2,0.0,0.0
2017-05-17 00:00:00-04:00,1275.0,1275.0,1256.699951171875,1256.699951171875,15,0.0,0.0
2017-05-18 00:00:00-04:00,1353.0,1353.0,1353.0,1353.0,2,0.0,0.0
2017-05-19 00:00:00-04:00,1353.0,1353.0,1353.0,1353.0,0,0.0,0.0
2017-05-22 00:00:00-04:00,1353.0,1353.0,1353.0,1353.0,0,0.0,0.0
2017-05-23 00:00:00-04:00,1275.0,1275.0,1275.0,1275.0,0,0.0,0.0
2017-05-24 00:00:00-04:00,1275.0,1275.0,1275.0,1275.0,0,0.0,0.0
2017-05-25 00:00:00-04:00,1258.800048828125,1266.0,1258.800048828125,1266.0,4,0.0,0.0
2017-05-26 00:00:00-04:00,1289.4000244140625,1289.4000244140625,1260.0,1260.0,5,0.0,0.0
2017-05-30 00:00:00-04:00,1260.0,1260.0,1260.0,1260.0,0,0.0,0.0
2017-05-31 00:00:00-04:00,1260.0,1260.0,1260.0,1260.0,0,0.0,0.0
2017-06-01 00:00:00-04:00,1263.0,1386.0,1260.0,1284.0,7,0.0,0.0
2017-06-02 00:00:00-04:00,1287.0,1289.699951171875,1236.0,1236.0,12,0.0,0.0
2017-06-05 00:00:00-04:00,1236.0,1332.0,1233.0,1275.0,9,0.0,0.0
2017-06-06 00:00:00-04:00,1327.5,1327.5,1327.5,1327.5,4,0.0,0.0
2017-06-07 00:00:00-04:00,1323.0,1323.0,1323.0,1323.0,2,0.0,0.0
2017-06-08 00:00:00-04:00,1305.0,1326.0,1275.0,1326.0,11,0.0,0.0
2017-06-09 00:00:00-04:00,1284.0,1284.0,1278.0,1281.0,3,0.0,0.0
2017-06-12 00:00:00-04:00,1239.0,1239.0,1236.0,1236.0,2,0.0,0.0
2017-06-13 00:00:00-04:00,1237.800048828125,1260.0,1237.800048828125,1260.0,3,0.0,0.0
2017-06-14 00:00:00-04:00,1254.0,1257.0,1239.0,1239.0,2,0.0,0.0
2017-06-15 00:00:00-04:00,1260.0,1260.0,1236.0,1236.0,3,0.0,0.0
2017-06-16 00:00:00-04:00,1257.0,1257.0,1233.0,1233.0,2,0.0,0.0
2017-06-19 00:00:00-04:00,1236.0,1236.0,1236.0,1236.0,3,0.0,0.0
2017-06-20 00:00:00-04:00,1233.0,1236.0,1233.0,1236.0,5,0.0,0.0
2017-06-21 00:00:00-04:00,1236.0,1236.0,1236.0,1236.0,0,0.0,0.0
2017-06-22 00:00:00-04:00,1245.0,1245.0,1245.0,1245.0,1,0.0,0.0
2017-06-23 00:00:00-04:00,1329.0,1329.0,1329.0,1329.0,1,0.0,0.0
2017-06-26 00:00:00-04:00,1350.0,1350.0,1218.0,1218.0,14,0.0,0.0
2017-06-27 00:00:00-04:00,1329.0,1329.0,1203.0,1308.0,12,0.0,0.0
2017-06-28 00:00:00-04:00,1221.0,1221.0,1203.0,1206.0,4,0.0,0.0
2017-06-29 00:00:00-04:00,1224.0,1263.0,1224.0,1263.0,2,0.0,0.0
2017-06-30 00:00:00-04:00,1173.0,1263.0,1173.0,1250.0999755859375,7,0.0,0.0
2017-07-03 00:00:00-04:00,1250.0999755859375,1250.0999755859375,1250.0999755859375,1250.0999755859375,0,0.0,0.0
2017-07-05 00:00:00-04:00,1257.0,1260.0,1257.0,1257.0,3,0.0,0.0
2017-07-06 00:00:00-04:00,1257.0,1257.0,1257.0,1257.0,0,0.0,0.0
2017-07-07 00:00:00-04:00,1224.0,1224.0,1218.0,1218.0,3,0.0,0.0
2017-07-10 00:00:00-04:00,1227.0,1227.0,1227.0,1227.0,1,0.0,0.0
2017-07-11 00:00:00-04:00,1230.0,1230.0,1203.0,1203.0,2,0.0,0.0
2017-07-12 00:00:00-04:00,1230.0,1230.0,1230.0,1230.0,1,0.0,0.0
2017-07-13 00:00:00-04:00,1230.0,1230.0,1230.0,1230.0,0,0.0,0.0
2017-07-14 00:00:00-04:00,1230.0,1230.0,1230.0,1230.0,0,0.0,0.0
2017-07-17 00:00:00-04:00,1230.0,1230.0,1230.0,1230.0,0,0.0,0.0
2017-07-18 00:00:00-04:00,1230.0,1230.0,1230.0,1230.0,0,0.0,0.0
2017-07-19 00:00:00-04:00,1230.0,1230.0,1230.0,1230.0,0,0.0,0.0
2017-07-20 00:00:00-04:00,1227.0,1227.0,1227.0,1227.0,1,0.0,0.0
2017-07-21 00:00:00-04:00,1211.699951171875,1211.699951171875,1211.699951171875,1211.699951171875,5,0.0,0.0
2017-07-24 00:00:00-04:00,1227.0,1260.0,1227.0,1260.0,1,0.0,0.0
2017-07-25 00:00:00-04:00,1290.0,1344.0,1206.0,1221.0,9,0.0,0.0
2017-07-26 00:00:00-04:00,1228.800048828125,1228.800048828125,1228.800048828125,1228.800048828125,3,0.0,0.0
2017-07-27 00:00:00-04:00,1228.800048828125,1228.800048828125,1228.800048828125,1228.800048828125,0,0.0,0.0
2017-07-28 00:00:00-04:00,1228.800048828125,1228.800048828125,1228.800048828125,1228.800048828125,0,0.0,0.0
2017-07-31 00:00:00-04:00,1204.800048828125,1204.800048828125,1204.800048828125,1204.800048828125,1,0.0,0.0
2017-08-01 00:00:00-04:00,1204.800048828125,1204.800048828125,1204.800048828125,1204.800048828125,0,0.0,0.0
2017-08-02 00:00:00-04:00,1231.5,1231.5,1231.5,1231.5,1,0.0,0.0
2017-08-03 00:00:00-04:00,1231.5,1231.5,1231.5,1231.5,0,0.0,0.0
2017-08-04 00:00:00-04:00,1231.5,1231.5,1231.5,1231.5,0,0.0,0.0
2017-08-07 00:00:00-04:00,1231.5,1231.5,1231.5,1231.5,0,0.0,0.0
2017-08-08 00:00:00-04:00,1231.5,1231.5,1231.5,1231.5,0,0.0,0.0
2017-08-09 00:00:00-04:00,1203.0,1227.0,1164.0,1185.0,15,0.0,0.0
2017-08-10 00:00:00-04:00,1260.0,1290.0,1119.0,1176.0,50,0.0,0.0
2017-08-11 00:00:00-04:00,1200.0,1255.800048828125,1146.0,1146.0,16,0.0,0.0
2017-08-14 00:00:00-04:00,1176.0,1197.0,1152.0,1197.0,4,0.0,0.0
2017-08-15 00:00:00-04:00,1095.0,1155.0,1065.0,1098.0,33,0.0,0.0
2017-08-16 00:00:00-04:00,1170.0,1170.0,1170.0,1170.0,14,0.0,0.0
2017-08-17 00:00:00-04:00,1170.0,1170.0,1170.0,1170.0,0,0.0,0.0
2017-08-18 00:00:00-04:00,1125.0,1125.0,1083.0,1083.0,4,0.0,0.0
2017-08-21 00:00:00-04:00,990.0,1095.0,978.0,1095.0,24,0.0,0.0
2017-08-22 00:00:00-04:00,1095.0,1095.0,1095.0,1095.0,0,0.0,0.0
2017-08-23 00:00:00-04:00,1095.0,1095.0,1095.0,1095.0,0,0.0,0.0
2017-08-24 00:00:00-04:00,1095.0,1095.0,1095.0,1095.0,0,0.0,0.0
2017-08-25 00:00:00-04:00,1065.0,1140.0,1020.0,1140.0,11,0.0,0.0
2017-08-28 00:00:00-04:00,1044.0,1044.0,1044.0,1044.0,1,0.0,0.0
2017-08-29 00:00:00-04:00,1044.0,1044.0,1044.0,1044.0,0,0.0,0.0
2017-08-30 00:00:00-04:00,960.0,981.9000244140625,900.0,913.7999877929688,104,0.0,0.0
2017-08-31 00:00:00-04:00,912.0,954.0,912.0,954.0,2,0.0,0.0
2017-09-01 00:00:00-04:00,954.0,954.0,954.0,954.0,0,0.0,0.0
2017-09-05 00:00:00-04:00,852.0,852.0,780.0,783.0,17,0.0,0.0
2017-09-06 00:00:00-04:00,783.0,808.5,645.0,648.0,22,0.0,0.0
2017-09-07 00:00:00-04:00,648.0,663.0,513.0,544.7999877929688,43,0.0,0.0
2017-09-08 00:00:00-04:00,546.0,591.2999877929688,450.0,468.0,15,0.0,0.0
2017-09-11 00:00:00-04:00,477.0,480.0,378.0,378.0,29,0.0,0.0
2017-09-12 00:00:00-04:00,387.0,409.5,333.0,339.0,44,0.0,0.0
2017-09-13 00:00:00-04:00,390.0,894.0,390.0,609.0,1727,0.0,0.0
2017-09-14 00:00:00-04:00,639.0,1308.0,639.0,888.0,6406,0.0,0.0
2017-09-15 00:00:00-04:00,1050.0,1110.0,741.0,975.0,1533,0.0,0.0
2017-09-18 00:00:00-04:00,990.0,990.0,799.7999877929688,852.0,247,0.0,0.0
2017-09-19 00:00:00-04:00,840.0,843.0,756.0,768.0,241,0.0,0.0
2017-09-20 00:00:00-04:00,751.2000122070312,825.0,750.0,795.0,158,0.0,0.0
2017-09-21 00:00:00-04:00,765.0,780.0,687.0,739.7999877929688,80,0.0,0.0
2017-09-22 00:00:00-04:00,642.0,774.0,642.0,774.0,87,0.0,0.0
2017-09-25 00:00:00-04:00,801.0,808.2000122070312,678.0,705.0,85,0.0,0.0
2017-09-26 00:00:00-04:00,696.0,696.0,603.0,603.0,82,0.0,0.0
2017-09-27 00:00:00-04:00,573.0,612.0,520.7999877929688,537.0,160,0.0,0.0
2017-09-28 00:00:00-04:00,591.0,591.0,537.0,537.0,4,0.0,0.0
2017-09-29 00:00:00-04:00,525.0,564.9000244140625,516.5999755859375,525.0,17,0.0,0.0
2017-10-02 00:00:00-04:00,559.5,561.0,516.0,522.0,13,0.0,0.0
2017-10-03 00:00:00-04:00,510.0,516.0,466.20001220703125,486.0,50,0.0,0.0
2017-10-04 00:00:00-04:00,506.3999938964844,506.3999938964844,468.0,501.0,13,0.0,0.0
2017-10-05 00:00:00-04:00,495.0,495.0,460.79998779296875,468.0,38,0.0,0.0
2017-10-06 00:00:00-04:00,483.0,975.0,483.0,774.0,1062,0.0,0.0
2017-10-09 00:00:00-04:00,774.0,842.7000122070312,690.5999755859375,780.0,129,0.0,0.0
2017-10-10 00:00:00-04:00,780.0,780.0,705.0,744.0,28,0.0,0.0
2017-10-11 00:00:00-04:00,735.0,762.0,660.0,762.0,43,0.0,0.0
2017-10-12 00:00:00-04:00,690.0,756.2999877929688,684.0,693.0,7,0.0,0.0
2017-10-13 00:00:00-04:00,673.5,714.0,615.0,714.0,49,0.0,0.0
2017-10-16 00:00:00-04:00,651.0,705.5999755859375,651.0,654.0,16,0.0,0.0
2017-10-17 00:00:00-04:00,645.0,780.0,645.0,708.0,129,0.0,0.0
2017-10-18 00:00:00-04:00,842.7000122070312,842.7000122070312,639.0,663.0,100,0.0,0.0
2017-10-19 00:00:00-04:00,666.0,675.0,621.0,660.0,32,0.0,0.0
2017-10-20 00:00:00-04:00,660.0,660.0,615.0,645.0,20,0.0,0.0
2017-10-23 00:00:00-04:00,645.0,650.0999755859375,603.0,603.0,21,0.0,0.0
2017-10-24 00:00:00-04:00,600.0,615.0,543.0,579.0,20,0.0,0.0
2017-10-25 00:00:00-04:00,603.0,800.0999755859375,603.0,615.0,244,0.0,0.0
2017-10-26 00:00:00-04:00,593.4000244140625,615.0,558.0,579.0,50,0.0,0.0
2017-10-27 00:00:00-04:00,600.0,627.0,585.0,594.0,25,0.0,0.0
2017-10-30 00:00:00-04:00,644.7000122070312,644.7000122070312,585.0,585.0,14,0.0,0.0
2017-10-31 00:00:00-04:00,612.0,630.0,585.0,600.0,132,0.0,0.0
2017-11-01 00:00:00-04:00,612.2999877929688,681.0,593.7000122070312,615.0,108,0.0,0.0
2017-11-02 00:00:00-04:00,606.0,624.0,594.0,603.0,36,0.0,0.0
2017-11-03 00:00:00-04:00,615.0,618.0,543.2999877929688,567.5999755859375,131,0.0,0.0
2017-11-06 00:00:00-05:00,543.0,609.0,543.0,594.2999877929688,79,0.0,0.0
2017-11-07 00:00:00-05:00,609.0,621.0,594.0,594.0,18,0.0,0.0
2017-11-08 00:00:00-05:00,546.0,576.0,546.0,573.0,79,0.0,0.0
2017-11-09 00:00:00-05:00,594.0,603.0,576.0,597.0,82,0.0,0.0
2017-11-10 00:00:00-05:00,621.0,621.0,558.0,612.0,36,0.0,0.0
2017-11-13 00:00:00-05:00,585.0,607.2000122070312,555.0,575.7000122070312,23,0.0,0.0
2017-11-14 00:00:00-05:00,561.0,570.0,555.0,555.0,15,0.0,0.0
2017-11-15 00:00:00-05:00,552.0,1290.0,549.0,780.0,5707,0.0,0.0
2017-11-16 00:00:00-05:00,717.0,807.0,631.5,633.0,457,0.0,0.0
2017-11-17 00:00:00-05:00,624.0,744.0,579.0,666.2999877929688,963,0.0,0.0
2017-11-20 00:00:00-05:00,645.0,708.0,612.0,615.0,147,0.0,0.0
2017-11-21 00:00:00-05:00,669.0,834.0,630.0,672.0,979,0.0,0.0
2017-11-22 00:00:00-05:00,630.0,1575.0,618.9000244140625,903.0,16494,0.0,0.0
2017-11-24 00:00:00-05:00,1275.0,1995.0,1020.0,1062.0,17365,0.0,0.0
2017-11-27 00:00:00-05:00,1170.0,1221.0,825.0,855.0,2051,0.0,0.0
2017-11-28 00:00:00-05:00,852.0,897.0,711.0,768.0,1341,0.0,0.0
2017-11-29 00:00:00-05:00,735.0,767.4000244140625,687.9000244140625,723.0,290,0.0,0.0
2017-11-30 00:00:00-05:00,660.0,1014.0,660.0,783.0,2991,0.0,0.0
2017-12-01 00:00:00-05:00,723.0,900.0,690.0,732.0,1015,0.0,0.0
2017-12-04 00:00:00-05:00,735.0,1185.0,720.0,807.0,5151,0.0,0.0
2017-12-05 00:00:00-05:00,825.0,870.0,735.0,810.0,1303,0.0,0.0
2017-12-06 00:00:00-05:00,762.0,1305.0,756.0,942.0,13310,0.0,0.0
2017-12-07 00:00:00-05:00,900.0,1671.0,900.0,1149.0,26143,0.0,0.0
2017-12-08 00:00:00-05:00,1155.0,1380.0,981.0,1116.0,6703,0.0,0.0
2017-12-11 00:00:00-05:00,1068.0,1102.800048828125,975.0,996.0,1373,0.0,0.0
2017-12-12 00:00:00-05:00,975.0,1104.0,876.0,954.0,2646,0.0,0.0
2017-12-13 00:00:00-05:00,903.0,1053.0,729.0,753.0,6465,0.0,0.0
2017-12-14 00:00:00-05:00,759.0,831.0,693.0,717.0,2422,0.0,0.0
2017-12-15 00:00:00-05:00,702.0,734.0999755859375,621.0,621.0,1392,0.0,0.0
2017-12-18 00:00:00-05:00,645.0,660.0,594.0,597.0,1430,0.0,0.0
2017-12-19 00:00:00-05:00,600.0,724.7999877929688,510.0,528.0,8743,0.0,0.0
2017-12-20 00:00:00-05:00,537.0,573.0,471.0,489.0,1816,0.0,0.0
2017-12-21 00:00:00-05:00,495.0,534.0,432.0,435.0,4162,0.0,0.0
2017-12-22 00:00:00-05:00,450.0,450.0,372.0,378.0,2185,0.0,0.0
2017-12-26 00:00:00-05:00,381.0,561.0,378.0,552.0,24636,0.0,0.0
2017-12-27 00:00:00-05:00,540.0,621.9000244140625,498.0,510.0,27739,0.0,0.0
2017-12-28 00:00:00-05:00,501.0,564.0,501.0,516.0,9182,0.0,0.0
2017-12-29 00:00:00-05:00,519.0,555.0,435.0,474.0,8588,0.0,0.0
2018-01-02 00:00:00-05:00,462.0,471.0,435.0,450.0,1796,0.0,0.0
2018-01-03 00:00:00-05:00,441.0,449.70001220703125,414.0,426.0,1451,0.0,0.0
2018-01-04 00:00:00-05:00,444.0,444.0,411.29998779296875,420.0,1352,0.0,0.0
2018-01-05 00:00:00-05:00,420.0,426.0,396.29998779296875,411.0,1016,0.0,0.0
2018-01-08 00:00:00-05:00,411.0,443.70001220703125,396.0,411.0,1914,0.0,0.0
2018-01-09 00:00:00-05:00,420.0,549.0,402.0,462.0,15071,0.0,0.0
2018-01-10 00:00:00-05:00,450.0,477.0,423.0,423.0,1904,0.0,0.0
2018-01-11 00:00:00-05:00,429.0,450.0,421.5,429.0,741,0.0,0.0
2018-01-12 00:00:00-05:00,429.0,463.79998779296875,426.0,429.0,700,0.0,0.0
2018-01-16 00:00:00-05:00,435.0,480.0,426.0,435.0,2227,0.0,0.0
2018-01-17 00:00:00-05:00,432.0,471.0,429.0,462.0,3290,0.0,0.0
2018-01-18 00:00:00-05:00,471.0,525.0,450.0,465.0,3295,0.0,0.0
2018-01-19 00:00:00-05:00,459.0,492.0,435.0,453.0,1030,0.0,0.0
2018-01-22 00:00:00-05:00,450.0,459.0,438.0,456.0,660,0.0,0.0
2018-01-23 00:00:00-05:00,447.0,471.0,435.0,453.0,1195,0.0,0.0
2018-01-24 00:00:00-05:00,465.0,483.0,447.0,468.0,1984,0.0,0.0
2018-01-25 00:00:00-05:00,486.0,534.0,474.0,523.5,8932,0.0,0.0
2018-01-26 00:00:00-05:00,723.0,771.0,531.0,534.0,39478,0.0,0.0
2018-01-29 00:00:00-05:00,534.0,536.7000122070312,477.0,498.0,3145,0.0,0.0
2018-01-30 00:00:00-05:00,495.0,585.0,468.0,549.0,6639,0.0,0.0
2018-01-31 00:00:00-05:00,573.0,645.0,528.0,534.0,8672,0.0,0.0
2018-02-01 00:00:00-05:00,537.0,555.0,498.29998779296875,504.0,1443,0.0,0.0
2018-02-02 00:00:00-05:00,510.0,515.7000122070312,474.0,492.0,1693,0.0,0.0
2018-02-05 00:00:00-05:00,498.0,498.0,426.0,438.0,1963,0.0,0.0
2018-02-06 00:00:00-05:00,447.0,492.0,429.0,450.0,1133,0.0,0.0
2018-02-07 00:00:00-05:00,447.0,480.0,444.0,456.0,973,0.0,0.0
2018-02-08 00:00:00-05:00,462.0,465.8999938964844,423.0,426.0,1196,0.0,0.0
2018-02-09 00:00:00-05:00,435.0,453.0,384.0,411.0,2359,0.0,0.0
2018-02-12 00:00:00-05:00,408.0,438.0,399.29998779296875,426.0,775,0.0,0.0
2018-02-13 00:00:00-05:00,426.0,447.0,408.0,447.0,996,0.0,0.0
2018-02-14 00:00:00-05:00,444.0,474.0,426.0,456.0,1218,0.0,0.0
2018-02-15 00:00:00-05:00,453.0,470.70001220703125,438.0,441.0,553,0.0,0.0
2018-02-16 00:00:00-05:00,438.0,462.0,429.0,435.0,744,0.0,0.0
2018-02-20 00:00:00-05:00,444.0,444.0,426.0,429.0,359,0.0,0.0
2018-02-21 00:00:00-05:00,426.0,462.0,414.0,453.0,835,0.0,0.0
2018-02-22 00:00:00-05:00,456.0,537.0,435.0,438.0,4603,0.0,0.0
2018-02-23 00:00:00-05:00,444.0,447.0,426.0,434.70001220703125,488,0.0,0.0
2018-02-26 00:00:00-05:00,432.0,447.0,426.0,429.0,570,0.0,0.0
2018-02-27 00:00:00-05:00,462.0,462.0,405.0,420.0,961,0.0,0.0
2018-02-28 00:00:00-05:00,447.0,447.0,414.0,426.0,382,0.0,0.0
2018-03-01 00:00:00-05:00,423.0,465.0,420.0,435.0,2345,0.0,0.0
2018-03-02 00:00:00-05:00,441.0,450.0,423.0,438.0,906,0.0,0.0
2018-03-05 00:00:00-05:00,450.0,471.0,432.0,444.0,1676,0.0,0.0
2018-03-06 00:00:00-05:00,462.0,465.0,426.0,441.0,1868,0.0,0.0
2018-03-07 00:00:00-05:00,435.0,438.0,420.0,423.0,1012,0.0,0.0
2018-03-08 00:00:00-05:00,429.0,429.0,408.0,420.0,900,0.0,0.0
2018-03-09 00:00:00-05:00,411.0,420.0,408.0,411.0,686,0.0,0.0
2018-03-12 00:00:00-04:00,408.0,420.0,369.0,405.0,1272,0.0,0.0
2018-03-13 00:00:00-04:00,399.0,414.0,390.0,393.0,452,0.0,0.0
2018-03-14 00:00:00-04:00,393.0,399.0,378.0,384.0,666,0.0,0.0
2018-03-15 00:00:00-04:00,393.0,402.0,381.0,401.70001220703125,1133,0.0,0.0
2018-03-16 00:00:00-04:00,402.0,402.0,372.0,384.0,833,0.0,0.0
2018-03-19 00:00:00-04:00,378.0,386.70001220703125,351.0,363.0,1093,0.0,0.0
2018-03-20 00:00:00-04:00,360.0,375.0,345.0,351.0,385,0.0,0.0
2018-03-21 00:00:00-04:00,357.0,372.0,339.0,354.0,476,0.0,0.0
2018-03-22 00:00:00-04:00,351.0,369.0,339.0,348.0,306,0.0,0.0
2018-03-23 00:00:00-04:00,345.0,351.0,306.0,315.0,1120,0.0,0.0
2018-03-26 00:00:00-04:00,321.0,327.0,270.0,279.0,1187,0.0,0.0
2018-03-27 00:00:00-04:00,282.29998779296875,285.29998779296875,270.0,273.0,364,0.0,0.0
2018-03-28 00:00:00-04:00,270.0,285.0,225.0,243.0,1130,0.0,0.0
2018-03-29 00:00:00-04:00,264.0,264.0,243.0,249.0,294,0.0,0.0
2018-04-02 00:00:00-04:00,249.0,252.60000610351562,203.6999969482422,222.0,531,0.0,0.0
2018-04-03 00:00:00-04:00,227.6999969482422,239.6999969482422,203.6999969482422,213.3000030517578,409,0.0,0.0
2018-04-04 00:00:00-04:00,213.0,222.0,165.0,177.3000030517578,1445,0.0,0.0
2018-04-05 00:00:00-04:00,189.0,225.0,179.6999969482422,207.0,1470,0.0,0.0
2018-04-06 00:00:00-04:00,198.0,294.0,183.0,239.6999969482422,9096,0.0,0.0
2018-04-09 00:00:00-04:00,216.60000610351562,234.0,201.60000610351562,210.3000030517578,1396,0.0,0.0
2018-04-10 00:00:00-04:00,204.60000610351562,210.89999389648438,186.3000030517578,201.0,496,0.0,0.0
2018-04-11 00:00:00-04:00,195.0,203.10000610351562,186.0,198.0,449,0.0,0.0
2018-04-12 00:00:00-04:00,198.0,225.0,186.3000030517578,210.3000030517578,1259,0.0,0.0
2018-04-13 00:00:00-04:00,216.0,237.0,195.3000030517578,207.0,711,0.0,0.0
2018-04-16 00:00:00-04:00,195.89999389648438,219.0,192.3000030517578,201.0,414,0.0,0.0
2018-04-17 00:00:00-04:00,201.3000030517578,213.0,195.60000610351562,204.0,297,0.0,0.0
2018-04-18 00:00:00-04:00,204.0,213.0,199.5,212.6999969482422,279,0.0,0.0
2018-04-19 00:00:00-04:00,209.6999969482422,219.0,198.0,203.6999969482422,436,0.0,0.0
2018-04-20 00:00:00-04:00,210.0,210.0,194.39999389648438,198.3000030517578,161,0.0,0.0
2018-04-23 00:00:00-04:00,196.5,206.6999969482422,189.3000030517578,192.0,176,0.0,0.0
2018-04-24 00:00:00-04:00,189.60000610351562,194.39999389648438,185.10000610351562,189.0,462,0.0,0.0
2018-04-25 00:00:00-04:00,195.0,198.0,171.0,191.6999969482422,191,0.0,0.0
2018-04-26 00:00:00-04:00,189.0,195.0,177.0,192.0,449,0.0,0.0
2018-04-27 00:00:00-04:00,191.6999969482422,192.0,180.3000030517578,189.0,249,0.0,0.0
2018-04-30 00:00:00-04:00,186.60000610351562,205.5,181.5,202.1999969482422,831,0.0,0.0
2018-05-01 00:00:00-04:00,198.0,234.0,189.0,228.0,2461,0.0,0.0
2018-05-02 00:00:00-04:00,231.0,231.0,201.3000030517578,213.0,540,0.0,0.0
2018-05-03 00:00:00-04:00,213.3000030517578,220.5,189.0,198.0,441,0.0,0.0
2018-05-04 00:00:00-04:00,192.0,195.0,180.0,185.6999969482422,989,0.0,0.0
2018-05-07 00:00:00-04:00,186.0,201.0,185.10000610351562,192.0,272,0.0,0.0
2018-05-08 00:00:00-04:00,189.0,199.8000030517578,188.39999389648438,190.5,187,0.0,0.0
2018-05-09 00:00:00-04:00,188.39999389648438,201.0,185.39999389648438,189.89999389648438,256,0.0,0.0
2018-05-10 00:00:00-04:00,189.89999389648438,210.3000030517578,186.0,194.39999389648438,806,0.0,0.0
2018-05-11 00:00:00-04:00,191.10000610351562,201.0,180.3000030517578,189.0,373,0.0,0.0
2018-05-14 00:00:00-04:00,180.89999389648438,195.0,180.89999389648438,187.1999969482422,185,0.0,0.0
2018-05-15 00:00:00-04:00,187.1999969482422,201.0,180.3000030517578,187.5,127,0.0,0.0
2018-05-16 00:00:00-04:00,184.5,189.0,184.5,187.8000030517578,57,0.0,0.0
2018-05-17 00:00:00-04:00,189.0,207.0,189.0,192.60000610351562,776,0.0,0.0
2018-05-18 00:00:00-04:00,191.10000610351562,194.10000610351562,180.0,189.60000610351562,181,0.0,0.0
2018-05-21 00:00:00-04:00,188.10000610351562,189.60000610351562,180.0,185.10000610351562,188,0.0,0.0
2018-05-22 00:00:00-04:00,185.10000610351562,321.0,185.10000610351562,243.0,16855,0.0,0.0
2018-05-23 00:00:00-04:00,216.0,237.0,192.0,204.0,2634,0.0,0.0
2018-05-24 00:00:00-04:00,203.10000610351562,225.0,186.0,189.0,1246,0.0,0.0
2018-05-25 00:00:00-04:00,186.0,198.0,186.0,186.3000030517578,328,0.0,0.0
2018-05-29 00:00:00-04:00,194.39999389648438,194.6999969482422,168.3000030517578,180.0,1636,0.0,0.0
2018-05-30 00:00:00-04:00,180.0,180.0,171.0,174.0,277,0.0,0.0
2018-05-31 00:00:00-04:00,174.0,174.0,168.0,169.5,589,0.0,0.0
2018-06-01 00:00:00-04:00,165.3000030517578,178.5,165.3000030517578,171.0,251,0.0,0.0
2018-06-04 00:00:00-04:00,169.5,171.0,165.0,167.39999389648438,259,0.0,0.0
2018-06-05 00:00:00-04:00,171.0,173.6999969482422,153.0,167.6999969482422,159,0.0,0.0
2018-06-06 00:00:00-04:00,167.39999389648438,167.6999969482422,159.3000030517578,160.8000030517578,102,0.0,0.0
2018-06-07 00:00:00-04:00,164.39999389648438,165.0,135.0,149.10000610351562,650,0.0,0.0
2018-06-08 00:00:00-04:00,153.0,153.0,138.0,148.5,215,0.0,0.0
2018-06-11 00:00:00-04:00,150.0,150.0,138.0,144.0,143,0.0,0.0
2018-06-12 00:00:00-04:00,144.0,186.0,144.0,162.3000030517578,2751,0.0,0.0
2018-06-13 00:00:00-04:00,150.3000030517578,195.0,150.0,171.89999389648438,4033,0.0,0.0
2018-06-14 00:00:00-04:00,168.0,179.39999389648438,150.3000030517578,164.10000610351562,639,0.0,0.0
2018-06-15 00:00:00-04:00,168.0,168.0,150.3000030517578,156.89999389648438,243,0.0,0.0
2018-06-18 00:00:00-04:00,156.0,157.5,150.0,155.39999389648438,369,0.0,0.0
2018-06-19 00:00:00-04:00,154.8000030517578,154.8000030517578,141.0,147.60000610351562,381,0.0,0.0
2018-06-20 00:00:00-04:00,147.0,149.39999389648438,134.10000610351562,139.1999969482422,1138,0.0,0.0
2018-06-21 00:00:00-04:00,141.3000030517578,142.8000030517578,123.9000015258789,133.5,339,0.0,0.0
2018-06-22 00:00:00-04:00,135.0,137.39999389648438,129.0,129.0,194,0.0,0.0
2018-06-25 00:00:00-04:00,129.0,130.8000030517578,113.4000015258789,123.0,440,0.0,0.0
2018-06-26 00:00:00-04:00,122.69999694824219,147.0,117.9000015258789,126.5999984741211,1433,0.0,0.0
2018-06-27 00:00:00-04:00,121.5,128.39999389648438,117.5999984741211,121.80000305175781,240,0.0,0.0
2018-06-28 00:00:00-04:00,120.0,138.0,120.0,129.0,718,0.0,0.0
2018-06-29 00:00:00-04:00,131.6999969482422,157.5,126.0,131.6999969482422,2621,0.0,0.0
2018-07-02 00:00:00-04:00,138.0,139.8000030517578,123.0,128.10000610351562,333,0.0,0.0
2018-07-03 00:00:00-04:00,125.0999984741211,129.0,108.5999984741211,115.80000305175781,1091,0.0,0.0
2018-07-05 00:00:00-04:00,111.30000305175781,132.0,105.30000305175781,120.0,797,0.0,0.0
2018-07-06 00:00:00-04:00,120.0,128.39999389648438,109.80000305175781,120.30000305175781,289,0.0,0.0
2018-07-09 00:00:00-04:00,119.4000015258789,143.6999969482422,115.5,130.5,1748,0.0,0.0
2018-07-10 00:00:00-04:00,135.0,135.0,123.0,134.6999969482422,561,0.0,0.0
2018-07-11 00:00:00-04:00,135.0,141.0,127.19999694824219,127.19999694824219,506,0.0,0.0
2018-07-12 00:00:00-04:00,133.5,260.70001220703125,114.0,118.5,17787,0.0,0.0
2018-07-13 00:00:00-04:00,128.6999969482422,138.0,115.5,123.0,3436,0.0,0.0
2018-07-16 00:00:00-04:00,123.0,123.0,108.0,110.69999694824219,1551,0.0,0.0
2018-07-17 00:00:00-04:00,114.0,117.0,108.9000015258789,117.0,901,0.0,0.0
2018-07-18 00:00:00-04:00,117.0,120.0,110.0999984741211,110.69999694824219,626,0.0,0.0
2018-07-19 00:00:00-04:00,108.0,114.0,105.30000305175781,109.5,692,0.0,0.0
2018-07-20 00:00:00-04:00,108.0,111.0,106.5,109.5,380,0.0,0.0
2018-07-23 00:00:00-04:00,109.5,114.0,106.80000305175781,107.69999694824219,227,0.0,0.0
2018-07-24 00:00:00-04:00,109.5,134.6999969482422,109.5,120.0,2055,0.0,0.0
2018-07-25 00:00:00-04:00,126.0,126.0,111.0,111.0,221,0.0,0.0
2018-07-26 00:00:00-04:00,111.30000305175781,123.5999984741211,111.0,111.0,306,0.0,0.0
2018-07-27 00:00:00-04:00,119.69999694824219,152.6999969482422,111.0,120.0,3479,0.0,0.0
2018-07-30 00:00:00-04:00,126.0,126.0,111.30000305175781,112.80000305175781,317,0.0,0.0
2018-07-31 00:00:00-04:00,108.0,124.5,108.0,124.5,404,0.0,0.0
2018-08-01 00:00:00-04:00,120.0,126.0,115.19999694824219,115.19999694824219,282,0.0,0.0
2018-08-02 00:00:00-04:00,109.5,137.10000610351562,109.5,117.0,1334,0.0,0.0
2018-08-03 00:00:00-04:00,118.19999694824219,124.5,113.4000015258789,120.0,256,0.0,0.0
2018-08-06 00:00:00-04:00,120.0,124.5,114.9000015258789,118.5,124,0.0,0.0
2018-08-07 00:00:00-04:00,119.69999694824219,120.9000015258789,111.0,111.5999984741211,547,0.0,0.0
2018-08-08 00:00:00-04:00,114.0,118.5,114.0,114.30000305175781,245,0.0,0.0
2018-08-09 00:00:00-04:00,118.5,120.0,108.0,116.4000015258789,825,0.0,0.0
2018-08-10 00:00:00-04:00,111.0,117.0,111.0,111.30000305175781,215,0.0,0.0
2018-08-13 00:00:00-04:00,111.0,113.69999694824219,108.30000305175781,109.19999694824219,141,0.0,0.0
2018-08-14 00:00:00-04:00,109.19999694824219,116.69999694824219,108.30000305175781,116.4000015258789,2505,0.0,0.0
2018-08-15 00:00:00-04:00,192.0,234.0,126.0,130.5,18021,0.0,0.0
2018-08-16 00:00:00-04:00,129.0,130.8000030517578,114.0,119.0999984741211,2722,0.0,0.0
2018-08-17 00:00:00-04:00,114.0,120.0,111.0,113.4000015258789,1090,0.0,0.0
2018-08-20 00:00:00-04:00,111.30000305175781,120.0,111.30000305175781,113.69999694824219,797,0.0,0.0
2018-08-21 00:00:00-04:00,111.9000015258789,117.5999984741211,111.30000305175781,111.5999984741211,398,0.0,0.0
2018-08-22 00:00:00-04:00,111.30000305175781,131.6999969482422,111.30000305175781,120.0,1534,0.0,0.0
2018-08-23 00:00:00-04:00,123.0,123.0,111.5999984741211,115.5,347,0.0,0.0
2018-08-24 00:00:00-04:00,117.0,137.39999389648438,114.0,126.0,2860,0.0,0.0
2018-08-27 00:00:00-04:00,132.3000030517578,147.0,120.0,132.89999389648438,3228,0.0,0.0
2018-08-28 00:00:00-04:00,135.0,138.0,126.9000015258789,138.0,563,0.0,0.0
2018-08-29 00:00:00-04:00,144.0,159.60000610351562,135.3000030517578,150.0,3469,0.0,0.0
2018-08-30 00:00:00-04:00,146.39999389648438,153.60000610351562,144.0,153.0,613,0.0,0.0
2018-08-31 00:00:00-04:00,156.0,156.0,144.0,147.0,738,0.0,0.0
2018-09-04 00:00:00-04:00,156.0,156.0,139.8000030517578,144.0,300,0.0,0.0
2018-09-05 00:00:00-04:00,138.0,142.5,135.0,136.5,581,0.0,0.0
2018-09-06 00:00:00-04:00,129.0,149.6999969482422,129.0,132.3000030517578,539,0.0,0.0
2018-09-07 00:00:00-04:00,129.0,138.0,129.0,129.3000030517578,400,0.0,0.0
2018-09-10 00:00:00-04:00,129.0,153.0,129.0,135.0,746,0.0,0.0
2018-09-11 00:00:00-04:00,134.39999389648438,162.0,134.39999389648438,159.0,4944,0.0,0.0
2018-09-12 00:00:00-04:00,165.0,165.0,144.0,150.0,990,0.0,0.0
2018-09-13 00:00:00-04:00,154.5,157.5,140.39999389648438,147.0,406,0.0,0.0
2018-09-14 00:00:00-04:00,144.0,146.6999969482422,138.0,144.0,153,0.0,0.0
2018-09-17 00:00:00-04:00,139.1999969482422,147.3000030517578,139.1999969482422,144.0,144,0.0,0.0
2018-09-18 00:00:00-04:00,153.0,153.0,141.3000030517578,150.0,227,0.0,0.0
2018-09-19 00:00:00-04:00,152.10000610351562,152.10000610351562,138.3000030517578,147.89999389648438,249,0.0,0.0
2018-09-20 00:00:00-04:00,144.3000030517578,147.3000030517578,141.3000030517578,141.89999389648438,128,0.0,0.0
2018-09-21 00:00:00-04:00,152.10000610351562,164.39999389648438,141.3000030517578,150.0,1240,0.0,0.0
2018-09-24 00:00:00-04:00,144.0,150.0,144.0,148.1999969482422,200,0.0,0.0
2018-09-25 00:00:00-04:00,144.60000610351562,176.6999969482422,144.60000610351562,176.10000610351562,2633,0.0,0.0
2018-09-26 00:00:00-04:00,166.8000030517578,174.0,145.8000030517578,151.5,2050,0.0,0.0
2018-09-27 00:00:00-04:00,159.0,171.0,151.5,153.3000030517578,865,0.0,0.0
2018-09-28 00:00:00-04:00,156.0,160.5,144.3000030517578,150.0,369,0.0,0.0
2018-10-01 00:00:00-04:00,156.0,170.39999389648438,151.5,160.5,1526,0.0,0.0
2018-10-02 00:00:00-04:00,159.0,168.0,153.0,159.0,692,0.0,0.0
2018-10-03 00:00:00-04:00,165.0,168.0,159.0,159.3000030517578,457,0.0,0.0
2018-10-04 00:00:00-04:00,160.5,160.5,144.3000030517578,149.6999969482422,785,0.0,0.0
2018-10-05 00:00:00-04:00,145.5,157.1999969482422,141.0,154.5,736,0.0,0.0
2018-10-08 00:00:00-04:00,156.0,164.6999969482422,144.0,147.0,1707,0.0,0.0
2018-10-09 00:00:00-04:00,144.3000030517578,153.3000030517578,141.0,145.5,274,0.0,0.0
2018-10-10 00:00:00-04:00,147.0,150.0,141.0,141.3000030517578,293,0.0,0.0
2018-10-11 00:00:00-04:00,147.89999389648438,156.0,138.0,153.0,522,0.0,0.0
2018-10-12 00:00:00-04:00,153.0,162.0,144.0,152.10000610351562,409,0.0,0.0
2018-10-15 00:00:00-04:00,158.39999389648438,159.0,141.0,157.5,2772,0.0,0.0
2018-10-16 00:00:00-04:00,180.0,239.6999969482422,126.0,132.0,16020,0.0,0.1
2018-10-17 00:00:00-04:00,120.0,151.8000030517578,109.80000305175781,126.30000305175781,4850,0.0,0.0
2018-10-18 00:00:00-04:00,116.69999694824219,117.54000091552734,86.0999984741211,96.30000305175781,8873,0.0,0.0
2018-10-19 00:00:00-04:00,127.5,219.0,106.55999755859375,119.69999694824219,32237,0.0,0.0
2018-10-22 00:00:00-04:00,115.80000305175781,129.3000030517578,87.9000015258789,87.9000015258789,6207,0.0,0.0
2018-10-23 00:00:00-04:00,88.80000305175781,108.9000015258789,87.0,97.19999694824219,3820,0.0,0.0
2018-10-24 00:00:00-04:00,89.69999694824219,106.19999694824219,87.30000305175781,94.80000305175781,4360,0.0,0.0
2018-10-25 00:00:00-04:00,93.30000305175781,98.25,90.0,90.0,920,0.0,0.0
2018-10-26 00:00:00-04:00,95.69999694824219,113.69999694824219,91.80000305175781,93.9000015258789,3827,0.0,0.0
2018-10-29 00:00:00-04:00,94.5,120.0,94.5,102.30000305175781,3967,0.0,0.0
2018-10-30 00:00:00-04:00,60.29999923706055,62.400001525878906,55.5,59.400001525878906,18343,0.0,0.0
2018-10-31 00:00:00-04:00,59.099998474121094,60.29999923706055,54.29999923706055,60.29999923706055,6483,0.0,0.0
2018-11-01 00:00:00-04:00,59.72999954223633,60.0,55.79999923706055,58.5,3093,0.0,0.0
2018-11-02 00:00:00-04:00,57.29999923706055,58.79999923706055,56.099998474121094,58.5,2323,0.0,0.0
2018-11-05 00:00:00-05:00,55.95000076293945,61.709999084472656,54.0,58.04999923706055,2510,0.0,0.0
2018-11-06 00:00:00-05:00,57.900001525878906,58.5,54.900001525878906,57.599998474121094,3067,0.0,0.0
2018-11-07 00:00:00-05:00,60.0,65.69999694824219,56.099998474121094,57.599998474121094,22993,0.0,0.0
2018-11-08 00:00:00-05:00,59.400001525878906,59.400001525878906,50.400001525878906,56.70000076293945,13720,0.0,0.0
2018-11-09 00:00:00-05:00,59.70000076293945,59.70000076293945,52.79999923706055,53.099998474121094,7523,0.0,0.0
2018-11-12 00:00:00-05:00,55.5,58.79999923706055,48.060001373291016,51.0,18120,0.0,0.0
2018-11-13 00:00:00-05:00,51.0,53.63999938964844,50.70000076293945,51.900001525878906,4577,0.0,0.0
2018-11-14 00:00:00-05:00,63.0,73.19999694824219,49.5,53.400001525878906,215030,0.0,0.0
2018-11-15 00:00:00-05:00,52.5,52.5,37.79999923706055,45.29999923706055,18830,0.0,0.0
2018-11-16 00:00:00-05:00,45.599998474121094,51.0,42.900001525878906,43.650001525878906,12167,0.0,0.0
2018-11-19 00:00:00-05:00,43.5,47.70000076293945,41.43000030517578,41.790000915527344,9313,0.0,0.0
2018-11-20 00:00:00-05:00,40.79999923706055,46.5,38.70000076293945,46.20000076293945,14953,0.0,0.0
2018-11-21 00:00:00-05:00,48.29999923706055,65.4000015258789,43.79999923706055,47.099998474121094,204810,0.0,0.0
2018-11-23 00:00:00-05:00,48.29999923706055,52.79999923706055,45.29999923706055,48.0,22040,0.0,0.0
2018-11-26 00:00:00-05:00,47.70000076293945,50.70000076293945,43.7400016784668,45.0,17780,0.0,0.0
2018-11-27 00:00:00-05:00,45.29999923706055,46.5,42.0,43.11000061035156,8887,0.0,0.0
2018-11-28 00:00:00-05:00,42.599998474121094,46.20000076293945,41.099998474121094,42.900001525878906,11087,0.0,0.0
2018-11-29 00:00:00-05:00,42.599998474121094,47.06999969482422,41.400001525878906,43.5,16900,0.0,0.0
2018-11-30 00:00:00-05:00,44.70000076293945,45.0,42.0,42.900001525878906,6713,0.0,0.0
2018-12-03 00:00:00-05:00,42.900001525878906,44.400001525878906,41.099998474121094,41.400001525878906,5853,0.0,0.0
2018-12-04 00:00:00-05:00,41.400001525878906,41.7599983215332,37.20000076293945,38.70000076293945,8807,0.0,0.0
2018-12-06 00:00:00-05:00,38.70000076293945,39.0,34.5,35.099998474121094,8857,0.0,0.0
2018-12-07 00:00:00-05:00,35.400001525878906,37.560001373291016,35.400001525878906,36.900001525878906,5170,0.0,0.0
2018-12-10 00:00:00-05:00,36.900001525878906,37.20000076293945,32.400001525878906,35.400001525878906,4473,0.0,0.0
2018-12-11 00:00:00-05:00,35.099998474121094,35.52000045776367,32.400001525878906,33.0,3473,0.0,0.0
2018-12-12 00:00:00-05:00,33.0,36.0,31.709999084472656,33.599998474121094,4667,0.0,0.0
2018-12-13 00:00:00-05:00,33.900001525878906,34.08000183105469,30.600000381469727,33.0,1933,0.0,0.0
2018-12-14 00:00:00-05:00,32.400001525878906,43.20000076293945,30.0,36.599998474121094,32640,0.0,0.0
2018-12-17 00:00:00-05:00,38.400001525878906,40.20000076293945,34.5,34.5,7313,0.0,0.0
2018-12-18 00:00:00-05:00,34.5,36.29999923706055,33.599998474121094,33.900001525878906,3623,0.0,0.0
2018-12-19 00:00:00-05:00,34.5,37.5,33.599998474121094,35.70000076293945,3247,0.0,0.0
2018-12-20 00:00:00-05:00,45.75,51.0,32.70000076293945,35.099998474121094,108323,0.0,0.0
2018-12-21 00:00:00-05:00,34.20000076293945,37.79999923706055,30.0,37.79999923706055,9887,0.0,0.0
2018-12-24 00:00:00-05:00,36.900001525878906,36.900001525878906,30.899999618530273,33.900001525878906,3593,0.0,0.0
2018-12-26 00:00:00-05:00,33.29999923706055,34.20000076293945,31.530000686645508,32.099998474121094,3487,0.0,0.0
2018-12-27 00:00:00-05:00,32.400001525878906,34.79999923706055,32.099998474121094,33.599998474121094,3940,0.0,0.0
2018-12-28 00:00:00-05:00,35.400001525878906,37.83000183105469,33.599998474121094,37.20000076293945,4473,0.0,0.0
2018-12-31 00:00:00-05:00,37.20000076293945,38.970001220703125,33.900001525878906,35.400001525878906,3560,0.0,0.0
2019-01-02 00:00:00-05:00,34.79999923706055,39.900001525878906,34.79999923706055,39.0,2470,0.0,0.0
2019-01-03 00:00:00-05:00,37.5,39.0,35.400001525878906,35.400001525878906,2533,0.0,0.0
2019-01-04 00:00:00-05:00,37.16999816894531,38.61000061035156,36.33000183105469,38.61000061035156,943,0.0,0.0
2019-01-07 00:00:00-05:00,38.099998474121094,39.150001525878906,36.599998474121094,38.099998474121094,1193,0.0,0.0
2019-01-08 00:00:00-05:00,38.400001525878906,41.400001525878906,36.900001525878906,39.29999923706055,6013,0.0,0.0
2019-01-09 00:00:00-05:00,40.5,40.5,36.0,36.900001525878906,4760,0.0,0.0
2019-01-10 00:00:00-05:00,37.79999923706055,37.79999923706055,35.70000076293945,37.2599983215332,1817,0.0,0.0
2019-01-11 00:00:00-05:00,36.900001525878906,36.900001525878906,35.400001525878906,36.540000915527344,1900,0.0,0.0
2019-01-14 00:00:00-05:00,36.599998474121094,42.599998474121094,36.0,41.400001525878906,17287,0.0,0.0
2019-01-15 00:00:00-05:00,42.599998474121094,42.599998474121094,37.79999923706055,38.70000076293945,7150,0.0,0.0
2019-01-16 00:00:00-05:00,40.79999923706055,48.900001525878906,38.400001525878906,42.599998474121094,26800,0.0,0.0
2019-01-17 00:00:00-05:00,80.4000015258789,93.0,60.0,63.599998474121094,955103,0.0,0.0
2019-01-18 00:00:00-05:00,61.5,62.70000076293945,53.70000076293945,55.79999923706055,55573,0.0,0.0
2019-01-22 00:00:00-05:00,54.599998474121094,54.599998474121094,48.0,48.29999923706055,21223,0.0,0.0
2019-01-23 00:00:00-05:00,48.0,58.79999923706055,47.400001525878906,48.599998474121094,31137,0.0,0.0
2019-01-24 00:00:00-05:00,48.599998474121094,49.08000183105469,43.560001373291016,47.70000076293945,11233,0.0,0.0
2019-01-25 00:00:00-05:00,47.400001525878906,48.599998474121094,45.0,45.29999923706055,5290,0.0,0.0
2019-01-28 00:00:00-05:00,45.0,48.599998474121094,44.400001525878906,48.599998474121094,8283,0.0,0.0
2019-01-29 00:00:00-05:00,48.29999923706055,51.900001525878906,47.400001525878906,49.79999923706055,6053,0.0,0.0
2019-01-30 00:00:00-05:00,49.5,51.0,47.400001525878906,48.599998474121094,6110,0.0,0.0
2019-01-31 00:00:00-05:00,48.0,50.400001525878906,45.29999923706055,46.5,4630,0.0,0.0
2019-02-01 00:00:00-05:00,46.20000076293945,47.099998474121094,42.900001525878906,42.900001525878906,5790,0.0,0.0
2019-02-04 00:00:00-05:00,42.900001525878906,46.20000076293945,39.29999923706055,44.099998474121094,17887,0.0,0.0
2019-02-05 00:00:00-05:00,45.0,45.599998474121094,41.70000076293945,42.900001525878906,9093,0.0,0.0
2019-02-06 00:00:00-05:00,42.209999084472656,44.400001525878906,40.5,42.0,4697,0.0,0.0
2019-02-07 00:00:00-05:00,42.0,44.70000076293945,40.79999923706055,43.79999923706055,4830,0.0,0.0
2019-02-08 00:00:00-05:00,42.900001525878906,42.900001525878906,41.099998474121094,41.400001525878906,3010,0.0,0.0
2019-02-11 00:00:00-05:00,41.099998474121094,42.29999923706055,39.0,39.599998474121094,2163,0.0,0.0
2019-02-12 00:00:00-05:00,40.20000076293945,41.099998474121094,39.5099983215332,40.95000076293945,940,0.0,0.0
2019-02-13 00:00:00-05:00,41.099998474121094,41.099998474121094,38.400001525878906,40.20000076293945,3330,0.0,0.0
2019-02-14 00:00:00-05:00,39.900001525878906,42.29999923706055,39.29999923706055,40.79999923706055,3453,0.0,0.0
2019-02-15 00:00:00-05:00,42.0,42.29999923706055,41.06999969482422,41.400001525878906,1683,0.0,0.0
2019-02-19 00:00:00-05:00,40.79999923706055,43.79999923706055,40.5,41.400001525878906,3180,0.0,0.0
2019-02-20 00:00:00-05:00,41.70000076293945,42.900001525878906,41.06999969482422,41.70000076293945,1067,0.0,0.0
2019-02-21 00:00:00-05:00,41.400001525878906,42.900001525878906,40.349998474121094,40.79999923706055,1363,0.0,0.0
2019-02-22 00:00:00-05:00,41.099998474121094,41.790000915527344,39.0,39.29999923706055,2137,0.0,0.0
2019-02-25 00:00:00-05:00,39.29999923706055,41.70000076293945,39.29999923706055,40.650001525878906,1910,0.0,0.0
2019-02-26 00:00:00-05:00,40.5,43.5,40.20000076293945,42.0,4107,0.0,0.0
2019-02-27 00:00:00-05:00,42.0,43.20000076293945,40.20000076293945,41.70000076293945,1727,0.0,0.0
2019-02-28 00:00:00-05:00,41.70000076293945,43.20000076293945,39.900001525878906,42.29999923706055,6710,0.0,0.0
2019-03-01 00:00:00-05:00,42.900001525878906,45.599998474121094,40.79999923706055,43.5,9390,0.0,0.0
2019-03-04 00:00:00-05:00,44.099998474121094,46.5,42.209999084472656,44.220001220703125,8090,0.0,0.0
2019-03-05 00:00:00-05:00,42.0,44.400001525878906,42.0,42.0,3810,0.0,0.0
2019-03-06 00:00:00-05:00,42.599998474121094,54.0,40.79999923706055,48.900001525878906,27650,0.0,0.0
2019-03-07 00:00:00-05:00,49.5,49.5,41.400001525878906,43.470001220703125,14963,0.0,0.0
2019-03-08 00:00:00-05:00,42.599998474121094,51.0,41.400001525878906,44.70000076293945,15940,0.0,0.0
2019-03-11 00:00:00-04:00,44.400001525878906,48.29999923706055,43.20000076293945,45.29999923706055,7687,0.0,0.0
2019-03-12 00:00:00-04:00,45.0,47.70000076293945,43.79999923706055,44.099998474121094,4497,0.0,0.0
2019-03-13 00:00:00-04:00,45.0,50.70000076293945,44.099998474121094,48.0,11110,0.0,0.0
2019-03-14 00:00:00-04:00,48.900001525878906,51.0,45.599998474121094,46.95000076293945,7667,0.0,0.0
2019-03-15 00:00:00-04:00,46.20000076293945,47.70000076293945,42.29999923706055,42.29999923706055,5840,0.0,0.0
2019-03-18 00:00:00-04:00,42.0,42.0,37.79999923706055,40.20000076293945,10640,0.0,0.0
2019-03-19 00:00:00-04:00,40.5,42.599998474121094,40.5,40.5,4527,0.0,0.0
2019-03-20 00:00:00-04:00,40.5,43.470001220703125,40.5,40.79999923706055,8197,0.0,0.0
2019-03-21 00:00:00-04:00,41.099998474121094,42.599998474121094,39.900001525878906,40.79999923706055,3660,0.0,0.0
2019-03-22 00:00:00-04:00,41.400001525878906,41.70000076293945,38.099998474121094,38.54999923706055,4830,0.0,0.0
2019-03-25 00:00:00-04:00,38.400001525878906,39.900001525878906,36.29999923706055,38.400001525878906,4223,0.0,0.0
2019-03-26 00:00:00-04:00,38.70000076293945,40.20000076293945,37.79999923706055,39.900001525878906,1760,0.0,0.0
2019-03-27 00:00:00-04:00,39.0,42.29999923706055,37.79999923706055,40.5,7280,0.0,0.0
2019-03-28 00:00:00-04:00,40.20000076293945,45.0,40.20000076293945,43.20000076293945,9577,0.0,0.0
2019-03-29 00:00:00-04:00,43.20000076293945,43.91999816894531,41.400001525878906,41.400001525878906,2487,0.0,0.0
2019-04-01 00:00:00-04:00,41.400001525878906,43.20000076293945,41.400001525878906,42.5099983215332,1367,0.0,0.0
2019-04-02 00:00:00-04:00,42.0,43.13999938964844,40.5,41.400001525878906,1530,0.0,0.0
2019-04-03 00:00:00-04:00,41.70000076293945,48.900001525878906,41.43000030517578,44.70000076293945,14463,0.0,0.0
2019-04-04 00:00:00-04:00,44.06999969482422,45.9900016784668,40.79999923706055,41.790000915527344,2083,0.0,0.0
2019-04-05 00:00:00-04:00,42.0,43.79999923706055,42.0,42.599998474121094,2527,0.0,0.0
2019-04-08 00:00:00-04:00,42.0,42.0,39.29999923706055,39.900001525878906,2017,0.0,0.0
2019-04-09 00:00:00-04:00,40.5,41.70000076293945,37.79999923706055,40.20000076293945,3000,0.0,0.0
2019-04-10 00:00:00-04:00,39.900001525878906,40.79999923706055,38.70000076293945,40.5,2070,0.0,0.0
2019-04-11 00:00:00-04:00,40.20000076293945,40.5,39.0,39.29999923706055,1013,0.0,0.0
2019-04-12 00:00:00-04:00,40.5,42.599998474121094,39.0,42.599998474121094,3327,0.0,0.0
2019-04-15 00:00:00-04:00,42.599998474121094,42.599998474121094,39.75,41.099998474121094,2927,0.0,0.0
2019-04-16 00:00:00-04:00,40.40999984741211,42.0,39.900001525878906,42.0,3193,0.0,0.0
2019-04-17 00:00:00-04:00,42.599998474121094,43.5,40.709999084472656,40.79999923706055,3243,0.0,0.0
2019-04-18 00:00:00-04:00,40.5,42.27000045776367,40.349998474121094,41.70000076293945,937,0.0,0.0
2019-04-22 00:00:00-04:00,42.29999923706055,44.400001525878906,40.79999923706055,42.209999084472656,5883,0.0,0.0
2019-04-23 00:00:00-04:00,41.099998474121094,44.43000030517578,41.099998474121094,43.5,4717,0.0,0.0
2019-04-24 00:00:00-04:00,41.099998474121094,41.400001525878906,38.400001525878906,40.20000076293945,5387,0.0,0.0
2019-04-25 00:00:00-04:00,39.599998474121094,41.400001525878906,39.0,41.099998474121094,1530,0.0,0.0
2019-04-26 00:00:00-04:00,41.099998474121094,41.099998474121094,39.0,41.099998474121094,1717,0.0,0.0
2019-04-29 00:00:00-04:00,39.599998474121094,40.79999923706055,39.599998474121094,40.20000076293945,810,0.0,0.0
2019-04-30 00:00:00-04:00,40.20000076293945,40.79999923706055,38.400001525878906,39.779998779296875,1657,0.0,0.0
2019-05-01 00:00:00-04:00,39.29999923706055,39.599998474121094,36.29999923706055,38.400001525878906,5143,0.0,0.0
2019-05-02 00:00:00-04:00,38.70000076293945,40.20000076293945,38.400001525878906,40.20000076293945,767,0.0,0.0
2019-05-03 00:00:00-04:00,39.029998779296875,39.29999923706055,38.189998626708984,38.34000015258789,1220,0.0,0.0
2019-05-06 00:00:00-04:00,38.310001373291016,38.81999969482422,37.40999984741211,37.5,623,0.0,0.0
2019-05-07 00:00:00-04:00,38.099998474121094,41.400001525878906,37.97999954223633,40.79999923706055,3647,0.0,0.0
2019-05-08 00:00:00-04:00,41.099998474121094,42.0,39.900001525878906,42.0,1207,0.0,0.0
2019-05-09 00:00:00-04:00,42.0,42.84000015258789,40.5,40.83000183105469,3727,0.0,0.0
2019-05-10 00:00:00-04:00,41.70000076293945,41.70000076293945,39.599998474121094,39.599998474121094,990,0.0,0.0
2019-05-13 00:00:00-04:00,40.5,41.400001525878906,38.06999969482422,41.400001525878906,1310,0.0,0.0
2019-05-14 00:00:00-04:00,41.099998474121094,41.099998474121094,36.65999984741211,38.400001525878906,3730,0.0,0.0
2019-05-15 00:00:00-04:00,40.5,40.560001373291016,39.0,40.5,1163,0.0,0.0
2019-05-16 00:00:00-04:00,39.900001525878906,39.900001525878906,30.600000381469727,36.720001220703125,3967,0.0,0.0
2019-05-17 00:00:00-04:00,35.099998474121094,39.900001525878906,33.45000076293945,39.0,5573,0.0,0.0
2019-05-20 00:00:00-04:00,38.400001525878906,39.29999923706055,34.5,39.0,307,0.0,0.0
2019-05-21 00:00:00-04:00,37.5,39.599998474121094,37.20000076293945,39.29999923706055,547,0.0,0.0
2019-05-22 00:00:00-04:00,38.72999954223633,40.5,38.72999954223633,40.31999969482422,857,0.0,0.0
2019-05-23 00:00:00-04:00,39.29999923706055,39.29999923706055,38.099998474121094,38.099998474121094,1600,0.0,0.0
2019-05-24 00:00:00-04:00,38.099998474121094,39.09000015258789,37.79999923706055,38.099998474121094,843,0.0,0.0
2019-05-28 00:00:00-04:00,39.45000076293945,39.45000076293945,37.79999923706055,38.400001525878906,647,0.0,0.0
2019-05-29 00:00:00-04:00,38.52000045776367,40.5,37.20000076293945,38.099998474121094,1270,0.0,0.0
2019-05-30 00:00:00-04:00,38.099998474121094,39.900001525878906,37.79999923706055,38.099998474121094,853,0.0,0.0
2019-05-31 00:00:00-04:00,38.099998474121094,40.20000076293945,38.099998474121094,39.900001525878906,833,0.0,0.0
2019-06-03 00:00:00-04:00,38.400001525878906,47.400001525878906,37.5,41.70000076293945,9143,0.0,0.0
2019-06-04 00:00:00-04:00,42.0,42.0,37.5,37.79999923706055,1330,0.0,0.0
2019-06-05 00:00:00-04:00,38.099998474121094,39.18000030517578,37.79999923706055,37.79999923706055,273,0.0,0.0
2019-06-06 00:00:00-04:00,37.79999923706055,38.400001525878906,36.29999923706055,37.59000015258789,837,0.0,0.0
2019-06-07 00:00:00-04:00,37.5,43.5,37.20000076293945,39.900001525878906,3110,0.0,0.0
2019-06-10 00:00:00-04:00,39.599998474121094,39.599998474121094,37.79999923706055,37.79999923706055,567,0.0,0.0
2019-06-11 00:00:00-04:00,38.400001525878906,38.70000076293945,37.79999923706055,38.099998474121094,183,0.0,0.0
2019-06-12 00:00:00-04:00,39.0,39.0,37.79999923706055,37.97999954223633,227,0.0,0.0
2019-06-13 00:00:00-04:00,38.25,38.4900016784668,37.79999923706055,38.43000030517578,183,0.0,0.0
2019-06-14 00:00:00-04:00,38.099998474121094,38.400001525878906,36.29999923706055,37.470001220703125,1837,0.0,0.0
2019-06-17 00:00:00-04:00,36.599998474121094,38.06999969482422,36.599998474121094,38.06999969482422,140,0.0,0.0
2019-06-18 00:00:00-04:00,37.5,37.560001373291016,36.29999923706055,36.29999923706055,513,0.0,0.0
2019-06-19 00:00:00-04:00,36.900001525878906,37.5,36.599998474121094,36.599998474121094,773,0.0,0.0
2019-06-20 00:00:00-04:00,36.599998474121094,37.79999923706055,36.599998474121094,37.79999923706055,437,0.0,0.0
2019-06-21 00:00:00-04:00,38.099998474121094,38.099998474121094,36.900001525878906,36.900001525878906,363,0.0,0.0
2019-06-24 00:00:00-04:00,37.5,37.5,36.810001373291016,36.900001525878906,63,0.0,0.0
2019-06-25 00:00:00-04:00,36.900001525878906,37.20000076293945,36.29999923706055,36.38999938964844,320,0.0,0.0
2019-06-26 00:00:00-04:00,36.900001525878906,37.04999923706055,36.29999923706055,36.33000183105469,87,0.0,0.0
2019-06-27 00:00:00-04:00,36.9900016784668,37.5,36.29999923706055,36.900001525878906,107,0.0,0.0
2019-06-28 00:00:00-04:00,36.599998474121094,37.5,36.29999923706055,36.29999923706055,273,0.0,0.0
2019-07-01 00:00:00-04:00,37.20000076293945,37.5,36.599998474121094,37.5,363,0.0,0.0
2019-07-02 00:00:00-04:00,36.33000183105469,37.20000076293945,36.0,36.29999923706055,350,0.0,0.0
2019-07-03 00:00:00-04:00,36.599998474121094,36.599998474121094,35.90999984741211,36.599998474121094,350,0.0,0.0
2019-07-05 00:00:00-04:00,35.70000076293945,36.33000183105469,35.400001525878906,35.400001525878906,1057,0.0,0.0
2019-07-08 00:00:00-04:00,35.400001525878906,36.599998474121094,35.369998931884766,36.38999938964844,1397,0.0,0.0
2019-07-09 00:00:00-04:00,36.0,38.400001525878906,33.29999923706055,33.900001525878906,7193,0.0,0.0
2019-07-10 00:00:00-04:00,33.900001525878906,36.29999923706055,33.900001525878906,34.650001525878906,1830,0.0,0.0
2019-07-11 00:00:00-04:00,34.5,34.86000061035156,31.5,34.20000076293945,543,0.0,0.0
2019-07-12 00:00:00-04:00,33.900001525878906,35.099998474121094,31.5,35.099998474121094,1810,0.0,0.0
2019-07-15 00:00:00-04:00,35.099998474121094,35.099998474121094,32.130001068115234,33.599998474121094,1303,0.0,0.0
2019-07-16 00:00:00-04:00,33.599998474121094,33.599998474121094,31.5,33.18000030517578,1993,0.0,0.0
2019-07-17 00:00:00-04:00,33.0,33.900001525878906,33.0,33.540000915527344,107,0.0,0.0
2019-07-18 00:00:00-04:00,33.0,35.970001220703125,31.649999618530273,35.400001525878906,1633,0.0,0.0
2019-07-19 00:00:00-04:00,35.400001525878906,39.900001525878906,34.2599983215332,36.599998474121094,6430,0.0,0.0
2019-07-22 00:00:00-04:00,38.400001525878906,57.900001525878906,31.200000762939453,34.5,88550,0.0,0.0
2019-07-23 00:00:00-04:00,31.5,38.400001525878906,31.5,37.5,13763,0.0,0.0
2019-07-24 00:00:00-04:00,36.900001525878906,38.400001525878906,33.900001525878906,33.900001525878906,3097,0.0,0.0
2019-07-25 00:00:00-04:00,35.400001525878906,36.599998474121094,33.0,35.099998474121094,933,0.0,0.0
2019-07-26 00:00:00-04:00,35.099998474121094,36.0,33.0,34.16999816894531,1103,0.0,0.0
2019-07-29 00:00:00-04:00,33.900001525878906,35.70000076293945,33.599998474121094,33.900001525878906,653,0.0,0.0
2019-07-30 00:00:00-04:00,33.900001525878906,34.79999923706055,32.400001525878906,33.900001525878906,1290,0.0,0.0
2019-07-31 00:00:00-04:00,33.060001373291016,33.900001525878906,32.63999938964844,32.70000076293945,667,0.0,0.0
2019-08-01 00:00:00-04:00,32.400001525878906,33.599998474121094,31.5,31.5,2160,0.0,0.0
2019-08-02 00:00:00-04:00,31.5,33.29999923706055,30.360000610351562,33.0,2310,0.0,0.0
2019-08-05 00:00:00-04:00,33.29999923706055,33.599998474121094,30.0,30.299999237060547,1640,0.0,0.0
2019-08-06 00:00:00-04:00,30.600000381469727,32.25,30.299999237060547,30.299999237060547,273,0.0,0.0
2019-08-07 00:00:00-04:00,30.299999237060547,32.099998474121094,30.0,31.5,713,0.0,0.0
2019-08-08 00:00:00-04:00,31.229999542236328,31.799999237060547,30.299999237060547,30.299999237060547,567,0.0,0.0
2019-08-09 00:00:00-04:00,30.600000381469727,32.400001525878906,30.600000381469727,31.229999542236328,550,0.0,0.0
2019-08-12 00:00:00-04:00,31.350000381469727,31.5,29.549999237060547,31.200000762939453,843,0.0,0.0
2019-08-13 00:00:00-04:00,31.5,31.5,28.5,30.0,2577,0.0,0.0
2019-08-14 00:00:00-04:00,29.760000228881836,30.0,27.899999618530273,28.200000762939453,1680,0.0,0.0
2019-08-15 00:00:00-04:00,27.899999618530273,29.100000381469727,22.440000534057617,27.299999237060547,3297,0.0,0.0
2019-08-16 00:00:00-04:00,25.5,28.049999237060547,25.5,27.0,297,0.0,0.0
2019-08-19 00:00:00-04:00,25.530000686645508,27.719999313354492,25.5,27.299999237060547,917,0.0,0.0
2019-08-20 00:00:00-04:00,27.030000686645508,27.059999465942383,24.299999237060547,26.700000762939453,1523,0.0,0.0
2019-08-21 00:00:00-04:00,26.700000762939453,27.0,25.290000915527344,26.399999618530273,727,0.0,0.0
2019-08-22 00:00:00-04:00,26.700000762939453,27.299999237060547,26.100000381469727,26.34000015258789,827,0.0,0.0
2019-08-23 00:00:00-04:00,26.219999313354492,26.700000762939453,25.049999237060547,25.200000762939453,830,0.0,0.0
2019-08-26 00:00:00-04:00,24.899999618530273,28.770000457763672,24.899999618530273,26.399999618530273,790,0.0,0.0
2019-08-27 00:00:00-04:00,26.610000610351562,26.610000610351562,22.5,22.950000762939453,280,0.0,0.0
2019-08-28 00:00:00-04:00,26.399999618530273,32.06999969482422,25.200000762939453,26.549999237060547,24157,0.0,0.0
2019-08-29 00:00:00-04:00,26.399999618530273,28.5,24.899999618530273,27.600000381469727,4643,0.0,0.0
2019-08-30 00:00:00-04:00,25.799999237060547,27.299999237060547,25.799999237060547,26.100000381469727,1563,0.0,0.0
2019-09-03 00:00:00-04:00,25.799999237060547,27.0,25.5,26.100000381469727,987,0.0,0.0
2019-09-04 00:00:00-04:00,26.100000381469727,27.600000381469727,25.530000686645508,27.299999237060547,883,0.0,0.0
2019-09-05 00:00:00-04:00,26.700000762939453,27.600000381469727,24.0,27.600000381469727,1337,0.0,0.0
2019-09-06 00:00:00-04:00,27.0,28.469999313354492,26.670000076293945,28.049999237060547,927,0.0,0.0
2019-09-09 00:00:00-04:00,25.5,27.899999618530273,25.5,27.0,70,0.0,0.0
2019-09-10 00:00:00-04:00,27.299999237060547,27.93000030517578,27.270000457763672,27.93000030517578,283,0.0,0.0
2019-09-11 00:00:00-04:00,28.5,28.5,27.0,27.450000762939453,180,0.0,0.0
2019-09-12 00:00:00-04:00,28.440000534057617,28.5,28.200000762939453,28.5,150,0.0,0.0
2019-09-13 00:00:00-04:00,28.200000762939453,28.200000762939453,27.0,27.09000015258789,493,0.0,0.0
2019-09-16 00:00:00-04:00,27.899999618530273,28.5,26.459999084472656,28.5,123,0.0,0.0
2019-09-17 00:00:00-04:00,28.139999389648438,28.5,24.719999313354492,24.719999313354492,737,0.0,0.0
2019-09-18 00:00:00-04:00,28.5,28.5,27.0,27.450000762939453,587,0.0,0.0
2019-09-19 00:00:00-04:00,27.299999237060547,30.0,27.0,29.25,1887,0.0,0.0
2019-09-20 00:00:00-04:00,28.5,29.399999618530273,28.5,29.399999618530273,163,0.0,0.0
2019-09-23 00:00:00-04:00,29.3700008392334,29.3700008392334,27.149999618530273,27.149999618530273,297,0.0,0.0
2019-09-24 00:00:00-04:00,27.149999618530273,27.899999618530273,27.0,27.0,810,0.0,0.0
2019-09-25 00:00:00-04:00,27.0,27.899999618530273,25.799999237060547,27.0,623,0.0,0.0
2019-09-26 00:00:00-04:00,26.100000381469727,27.600000381469727,25.5,27.450000762939453,617,0.0,0.0
2019-09-27 00:00:00-04:00,27.84000015258789,27.84000015258789,26.15999984741211,27.540000915527344,197,0.0,0.0
2019-09-30 00:00:00-04:00,27.0,27.600000381469727,26.399999618530273,27.600000381469727,207,0.0,0.0
2019-10-01 00:00:00-04:00,27.600000381469727,27.600000381469727,26.700000762939453,27.600000381469727,310,0.0,0.0
2019-10-02 00:00:00-04:00,26.100000381469727,27.270000457763672,25.5,25.5,903,0.0,0.0
2019-10-03 00:00:00-04:00,25.5,25.799999237060547,25.5,25.799999237060547,83,0.0,0.0
2019-10-04 00:00:00-04:00,27.299999237060547,27.299999237060547,26.579999923706055,26.700000762939453,123,0.0,0.0
2019-10-07 00:00:00-04:00,25.799999237060547,25.829999923706055,25.799999237060547,25.799999237060547,43,0.0,0.0
2019-10-08 00:00:00-04:00,27.0,27.0,23.700000762939453,23.700000762939453,30,0.0,0.0
2019-10-09 00:00:00-04:00,25.799999237060547,26.399999618530273,24.0,25.5,497,0.0,0.0
2019-10-10 00:00:00-04:00,25.5,25.799999237060547,24.600000381469727,25.799999237060547,247,0.0,0.0
2019-10-11 00:00:00-04:00,26.399999618530273,27.149999618530273,24.600000381469727,26.43000030517578,1573,0.0,0.0
2019-10-14 00:00:00-04:00,25.5,25.920000076293945,24.0,25.920000076293945,27,0.0,0.0
2019-10-15 00:00:00-04:00,26.700000762939453,27.600000381469727,24.0,26.639999389648438,560,0.0,0.0
2019-10-16 00:00:00-04:00,27.0,39.0,24.600000381469727,29.34000015258789,30377,0.0,0.0
2019-10-17 00:00:00-04:00,27.600000381469727,28.799999237060547,25.799999237060547,27.899999618530273,5163,0.0,0.0
2019-10-18 00:00:00-04:00,25.799999237060547,29.700000762939453,25.799999237060547,28.5,1267,0.0,0.0
2019-10-21 00:00:00-04:00,26.850000381469727,28.5,26.700000762939453,27.09000015258789,620,0.0,0.0
2019-10-22 00:00:00-04:00,26.700000762939453,27.0,25.799999237060547,27.0,463,0.0,0.0
2019-10-23 00:00:00-04:00,25.860000610351562,27.8700008392334,25.799999237060547,27.8700008392334,507,0.0,0.0
2019-10-24 00:00:00-04:00,28.170000076293945,28.200000762939453,27.479999542236328,28.200000762939453,270,0.0,0.0
2019-10-25 00:00:00-04:00,28.799999237060547,29.100000381469727,25.799999237060547,27.899999618530273,413,0.0,0.0
2019-10-28 00:00:00-04:00,27.0,27.899999618530273,26.100000381469727,26.549999237060547,370,0.0,0.0
2019-10-29 00:00:00-04:00,26.399999618530273,27.899999618530273,25.799999237060547,26.219999313354492,367,0.0,0.0
2019-10-30 00:00:00-04:00,26.219999313354492,26.700000762939453,25.5,26.100000381469727,597,0.0,0.0
2019-10-31 00:00:00-04:00,26.040000915527344,26.100000381469727,24.0,25.200000762939453,893,0.0,0.0
2019-11-01 00:00:00-04:00,24.600000381469727,25.649999618530273,24.600000381469727,25.5,477,0.0,0.0
2019-11-04 00:00:00-05:00,27.450000762939453,27.75,25.5,25.5,2383,0.0,0.0
2019-11-05 00:00:00-05:00,26.850000381469727,27.389999389648438,24.899999618530273,25.799999237060547,357,0.0,0.0
2019-11-06 00:00:00-05:00,26.15999984741211,27.0,25.530000686645508,25.979999542236328,390,0.0,0.0
2019-11-07 00:00:00-05:00,26.399999618530273,26.399999618530273,25.200000762939453,25.739999771118164,550,0.0,0.0
2019-11-08 00:00:00-05:00,26.100000381469727,30.0,24.600000381469727,26.399999618530273,3883,0.0,0.0
2019-11-11 00:00:00-05:00,25.530000686645508,25.68000030517578,24.540000915527344,25.5,643,0.0,0.0
2019-11-12 00:00:00-05:00,24.899999618530273,26.040000915527344,24.030000686645508,24.75,533,0.0,0.0
2019-11-13 00:00:00-05:00,24.299999237060547,24.75,24.030000686645508,24.600000381469727,427,0.0,0.0
2019-11-14 00:00:00-05:00,24.299999237060547,24.299999237060547,22.5,23.06999969482422,953,0.0,0.0
2019-11-15 00:00:00-05:00,24.0,24.899999618530273,23.100000381469727,24.56999969482422,290,0.0,0.0
2019-11-18 00:00:00-05:00,24.389999389648438,24.389999389648438,23.100000381469727,23.399999618530273,313,0.0,0.0
2019-11-19 00:00:00-05:00,23.399999618530273,24.0,22.530000686645508,23.399999618530273,137,0.0,0.0
2019-11-20 00:00:00-05:00,23.309999465942383,23.700000762939453,22.979999542236328,22.979999542236328,140,0.0,0.0
2019-11-21 00:00:00-05:00,23.700000762939453,23.700000762939453,22.799999237060547,23.610000610351562,320,0.0,0.0
2019-11-22 00:00:00-05:00,24.0,25.709999084472656,24.0,24.0,397,0.0,0.0
2019-11-25 00:00:00-05:00,23.399999618530273,25.5,22.799999237060547,24.299999237060547,530,0.0,0.0
2019-11-26 00:00:00-05:00,23.100000381469727,25.200000762939453,23.100000381469727,25.200000762939453,303,0.0,0.0
2019-11-27 00:00:00-05:00,24.299999237060547,26.399999618530273,24.299999237060547,25.799999237060547,2800,0.0,0.0
2019-11-29 00:00:00-05:00,24.600000381469727,25.350000381469727,24.600000381469727,25.229999542236328,190,0.0,0.0
2019-12-02 00:00:00-05:00,24.65999984741211,26.100000381469727,24.56999969482422,25.079999923706055,273,0.0,0.0
2019-12-03 00:00:00-05:00,24.75,26.100000381469727,24.0,24.65999984741211,1530,0.0,0.0
2019-12-04 00:00:00-05:00,24.030000686645508,25.799999237060547,24.0,25.260000228881836,2730,0.0,0.0
2019-12-05 00:00:00-05:00,26.100000381469727,26.100000381469727,23.399999618530273,25.200000762939453,223,0.0,0.0
2019-12-06 00:00:00-05:00,24.0,25.049999237060547,23.700000762939453,24.75,867,0.0,0.0
2019-12-09 00:00:00-05:00,24.0,25.200000762939453,24.0,25.200000762939453,120,0.0,0.0
2019-12-10 00:00:00-05:00,23.700000762939453,24.0,22.5,23.399999618530273,747,0.0,0.0
2019-12-11 00:00:00-05:00,24.0,24.299999237060547,22.5,23.25,553,0.0,0.0
2019-12-12 00:00:00-05:00,23.549999237060547,24.299999237060547,23.399999618530273,23.760000228881836,110,0.0,0.0
2019-12-13 00:00:00-05:00,23.399999618530273,24.299999237060547,23.399999618530273,24.299999237060547,150,0.0,0.0
2019-12-16 00:00:00-05:00,23.25,24.0,22.5,24.0,880,0.0,0.0
2019-12-17 00:00:00-05:00,23.399999618530273,24.899999618530273,22.829999923706055,22.979999542236328,1650,0.0,0.0
2019-12-18 00:00:00-05:00,23.010000228881836,24.0,23.010000228881836,23.790000915527344,1010,0.0,0.0
2019-12-19 00:00:00-05:00,23.399999618530273,25.200000762939453,23.399999618530273,24.0,1813,0.0,0.0
2019-12-20 00:00:00-05:00,23.399999618530273,24.899999618530273,23.399999618530273,24.8700008392334,403,0.0,0.0
2019-12-23 00:00:00-05:00,23.100000381469727,25.170000076293945,23.100000381469727,24.600000381469727,703,0.0,0.0
2019-12-24 00:00:00-05:00,24.0,24.600000381469727,23.25,24.56999969482422,203,0.0,0.0
2019-12-26 00:00:00-05:00,23.940000534057617,24.270000457763672,23.700000762939453,24.270000457763672,107,0.0,0.0
2019-12-27 00:00:00-05:00,23.700000762939453,23.700000762939453,22.530000686645508,23.700000762939453,393,0.0,0.0
2019-12-30 00:00:00-05:00,23.790000915527344,24.899999618530273,22.799999237060547,24.299999237060547,730,0.0,0.0
2019-12-31 00:00:00-05:00,23.010000228881836,23.700000762939453,23.010000228881836,23.25,527,0.0,0.0
2020-01-02 00:00:00-05:00,23.25,26.100000381469727,23.25,24.899999618530273,2440,0.0,0.0
2020-01-03 00:00:00-05:00,26.100000381469727,28.5,24.299999237060547,25.5,1900,0.0,0.0
2020-01-06 00:00:00-05:00,25.530000686645508,25.530000686645508,23.969999313354492,24.09000015258789,100,0.0,0.0
2020-01-07 00:00:00-05:00,24.899999618530273,24.899999618530273,23.969999313354492,24.09000015258789,197,0.0,0.0
2020-01-08 00:00:00-05:00,24.09000015258789,26.100000381469727,24.09000015258789,25.5,540,0.0,0.0
2020-01-09 00:00:00-05:00,25.979999542236328,27.299999237060547,25.829999923706055,26.520000457763672,1157,0.0,0.0
2020-01-10 00:00:00-05:00,25.5,28.5,25.5,27.6299991607666,6230,0.0,0.0
2020-01-13 00:00:00-05:00,32.099998474121094,38.70000076293945,23.700000762939453,26.399999618530273,33933,0.0,0.0
2020-01-14 00:00:00-05:00,24.299999237060547,25.40999984741211,23.700000762939453,24.299999237060547,2653,0.0,0.0
2020-01-15 00:00:00-05:00,24.0,24.209999084472656,22.739999771118164,23.700000762939453,2047,0.0,0.0
2020-01-16 00:00:00-05:00,23.8799991607666,23.8799991607666,23.100000381469727,23.399999618530273,1340,0.0,0.0
2020-01-17 00:00:00-05:00,23.610000610351562,23.700000762939453,22.799999237060547,23.190000534057617,1603,0.0,0.0
2020-01-21 00:00:00-05:00,23.700000762939453,23.700000762939453,23.100000381469727,23.309999465942383,607,0.0,0.0
2020-01-22 00:00:00-05:00,23.100000381469727,26.100000381469727,23.100000381469727,24.600000381469727,3150,0.0,0.0
2020-01-23 00:00:00-05:00,24.299999237060547,25.200000762939453,24.299999237060547,25.170000076293945,157,0.0,0.0
2020-01-24 00:00:00-05:00,25.200000762939453,25.200000762939453,24.09000015258789,24.540000915527344,483,0.0,0.0
2020-01-27 00:00:00-05:00,23.25,25.079999923706055,23.100000381469727,24.0,1130,0.0,0.0
2020-01-28 00:00:00-05:00,24.0,24.56999969482422,23.100000381469727,24.299999237060547,93,0.0,0.0
2020-01-29 00:00:00-05:00,23.729999542236328,24.600000381469727,23.34000015258789,24.600000381469727,227,0.0,0.0
2020-01-30 00:00:00-05:00,24.0,25.799999237060547,23.43000030517578,25.200000762939453,747,0.0,0.0
2020-01-31 00:00:00-05:00,24.149999618530273,24.899999618530273,24.030000686645508,24.899999618530273,350,0.0,0.0
2020-02-03 00:00:00-05:00,24.1200008392334,24.600000381469727,23.700000762939453,24.0,757,0.0,0.0
2020-02-04 00:00:00-05:00,23.700000762939453,32.400001525878906,23.700000762939453,28.200000762939453,14583,0.0,0.0
2020-02-05 00:00:00-05:00,27.0,28.860000610351562,25.799999237060547,27.600000381469727,3277,0.0,0.0
2020-02-06 00:00:00-05:00,27.600000381469727,27.899999618530273,27.600000381469727,27.899999618530273,523,0.0,0.0
2020-02-07 00:00:00-05:00,27.780000686645508,27.899999618530273,27.030000686645508,27.899999618530273,953,0.0,0.0
2020-02-10 00:00:00-05:00,27.030000686645508,27.030000686645508,25.5,26.100000381469727,763,0.0,0.0
2020-02-11 00:00:00-05:00,26.399999618530273,26.700000762939453,25.3799991607666,25.860000610351562,307,0.0,0.0
2020-02-12 00:00:00-05:00,25.200000762939453,26.700000762939453,25.200000762939453,26.399999618530273,353,0.0,0.0
2020-02-13 00:00:00-05:00,24.899999618530273,27.0,24.899999618530273,24.959999084472656,97,0.0,0.0
2020-02-14 00:00:00-05:00,27.0,28.200000762939453,25.799999237060547,27.059999465942383,217,0.0,0.0
2020-02-18 00:00:00-05:00,27.600000381469727,29.700000762939453,26.399999618530273,26.43000030517578,503,0.0,0.0
2020-02-19 00:00:00-05:00,26.190000534057617,26.969999313354492,25.799999237060547,26.790000915527344,587,0.0,0.0
2020-02-20 00:00:00-05:00,26.459999084472656,26.969999313354492,25.799999237060547,26.399999618530273,973,0.0,0.0
2020-02-21 00:00:00-05:00,26.969999313354492,26.969999313354492,25.260000228881836,26.729999542236328,130,0.0,0.0
2020-02-24 00:00:00-05:00,26.670000076293945,26.969999313354492,24.899999618530273,24.899999618530273,107,0.0,0.0
2020-02-25 00:00:00-05:00,25.530000686645508,25.799999237060547,23.700000762939453,23.790000915527344,977,0.0,0.0
2020-02-26 00:00:00-05:00,24.959999084472656,24.959999084472656,23.399999618530273,24.899999618530273,120,0.0,0.0
2020-02-27 00:00:00-05:00,23.43000030517578,24.600000381469727,23.43000030517578,24.299999237060547,820,0.0,0.0
2020-02-28 00:00:00-05:00,23.399999618530273,25.799999237060547,23.399999618530273,25.799999237060547,517,0.0,0.0
2020-03-02 00:00:00-05:00,24.1200008392334,25.799999237060547,24.1200008392334,25.6200008392334,77,0.0,0.0
2020-03-03 00:00:00-05:00,24.600000381469727,25.979999542236328,23.700000762939453,23.700000762939453,350,0.0,0.0
2020-03-04 00:00:00-05:00,25.799999237060547,26.81999969482422,24.0,24.899999618530273,183,0.0,0.0
2020-03-05 00:00:00-05:00,24.899999618530273,24.899999618530273,24.6299991607666,24.6299991607666,180,0.0,0.0
2020-03-06 00:00:00-05:00,24.149999618530273,26.579999923706055,24.0,24.600000381469727,67,0.0,0.0
2020-03-09 00:00:00-04:00,23.700000762939453,24.389999389648438,23.100000381469727,23.700000762939453,440,0.0,0.0
2020-03-10 00:00:00-04:00,23.100000381469727,23.700000762939453,20.399999618530273,22.200000762939453,657,0.0,0.0
2020-03-11 00:00:00-04:00,22.200000762939453,22.200000762939453,20.06999969482422,21.0,560,0.0,0.0
2020-03-12 00:00:00-04:00,19.5,19.5,15.300000190734863,15.600000381469727,987,0.0,0.0
2020-03-13 00:00:00-04:00,15.899999618530273,17.010000228881836,15.899999618530273,16.799999237060547,727,0.0,0.0
2020-03-16 00:00:00-04:00,17.15999984741211,17.15999984741211,13.470000267028809,15.84000015258789,217,0.0,0.0
2020-03-17 00:00:00-04:00,16.6200008392334,17.100000381469727,12.600000381469727,14.699999809265137,1263,0.0,0.0
2020-03-18 00:00:00-04:00,13.199999809265137,13.5,10.5,12.84000015258789,847,0.0,0.0
2020-03-19 00:00:00-04:00,12.899999618530273,17.100000381469727,11.729999542236328,13.380000114440918,890,0.0,0.0
2020-03-20 00:00:00-04:00,15.0,33.599998474121094,12.0,17.040000915527344,25517,0.0,0.0
2020-03-23 00:00:00-04:00,15.0,17.700000762939453,13.5,14.100000381469727,3220,0.0,0.0
2020-03-24 00:00:00-04:00,16.799999237060547,16.799999237060547,13.5600004196167,16.049999237060547,893,0.0,0.0
2020-03-25 00:00:00-04:00,15.84000015258789,17.700000762939453,13.800000190734863,16.799999237060547,1997,0.0,0.0
2020-03-26 00:00:00-04:00,17.700000762939453,19.139999389648438,15.899999618530273,15.899999618530273,1490,0.0,0.0
2020-03-27 00:00:00-04:00,16.829999923706055,18.0,15.899999618530273,17.700000762939453,907,0.0,0.0
2020-03-30 00:00:00-04:00,17.520000457763672,18.0,16.200000762939453,17.100000381469727,257,0.0,0.0
2020-03-31 00:00:00-04:00,16.5,17.399999618530273,16.5,17.399999618530273,70,0.0,0.0
2020-04-01 00:00:00-04:00,17.34000015258789,17.34000015258789,12.0,14.399999618530273,2443,0.0,0.0
2020-04-02 00:00:00-04:00,14.430000305175781,14.609999656677246,13.5,13.5,453,0.0,0.0
2020-04-03 00:00:00-04:00,14.399999618530273,15.0,12.600000381469727,13.229999542236328,457,0.0,0.0
2020-04-06 00:00:00-04:00,13.800000190734863,13.800000190734863,12.029999732971191,12.65999984741211,160,0.0,0.0
2020-04-07 00:00:00-04:00,13.800000190734863,14.699999809265137,9.0,14.699999809265137,4857,0.0,0.0
2020-04-08 00:00:00-04:00,15.300000190734863,15.479999542236328,14.699999809265137,15.359999656677246,1193,0.0,0.0
2020-04-09 00:00:00-04:00,16.200000762939453,16.200000762939453,14.100000381469727,15.0,103,0.0,0.0
2020-04-13 00:00:00-04:00,16.200000762939453,16.200000762939453,15.600000381469727,16.110000610351562,890,0.0,0.0
2020-04-14 00:00:00-04:00,16.5,19.139999389648438,16.5,18.0,1537,0.0,0.0
2020-04-15 00:00:00-04:00,17.520000457763672,27.899999618530273,17.520000457763672,20.940000534057617,10857,0.0,0.0
2020-04-16 00:00:00-04:00,21.0,22.440000534057617,16.5,20.940000534057617,1513,0.0,0.0
2020-04-17 00:00:00-04:00,20.760000228881836,22.440000534057617,18.989999771118164,20.100000381469727,610,0.0,0.0
2020-04-20 00:00:00-04:00,21.1200008392334,21.1200008392334,18.65999984741211,19.200000762939453,387,0.0,0.0
2020-04-21 00:00:00-04:00,21.0,21.0,17.520000457763672,18.989999771118164,560,0.0,0.0
2020-04-22 00:00:00-04:00,20.700000762939453,21.75,18.209999084472656,20.610000610351562,360,0.0,0.0
2020-04-23 00:00:00-04:00,18.299999237060547,20.8799991607666,18.299999237060547,20.219999313354492,237,0.0,0.0
2020-04-24 00:00:00-04:00,19.5,20.219999313354492,18.600000381469727,20.100000381469727,327,0.0,0.0
2020-04-27 00:00:00-04:00,21.299999237060547,21.299999237060547,18.329999923706055,18.6299991607666,793,0.0,0.0
2020-04-28 00:00:00-04:00,19.200000762939453,21.0,19.139999389648438,19.200000762939453,217,0.0,0.0
2020-04-29 00:00:00-04:00,20.8799991607666,20.8799991607666,18.450000762939453,19.200000762939453,320,0.0,0.0
2020-04-30 00:00:00-04:00,18.600000381469727,19.200000762939453,18.600000381469727,18.600000381469727,337,0.0,0.0
2020-05-01 00:00:00-04:00,18.899999618530273,19.5,17.700000762939453,18.6299991607666,487,0.0,0.0
2020-05-04 00:00:00-04:00,19.229999542236328,21.299999237060547,17.579999923706055,20.399999618530273,1533,0.0,0.0
2020-05-05 00:00:00-04:00,21.0,23.8799991607666,20.700000762939453,23.8799991607666,1150,0.0,0.0
2020-05-06 00:00:00-04:00,24.0,28.200000762939453,23.8799991607666,27.600000381469727,6000,0.0,0.0
2020-05-07 00:00:00-04:00,27.0,28.200000762939453,24.0,25.5,1287,0.0,0.0
2020-05-08 00:00:00-04:00,26.459999084472656,26.459999084472656,20.549999237060547,22.200000762939453,627,0.0,0.0
2020-05-11 00:00:00-04:00,23.309999465942383,24.299999237060547,22.649999618530273,22.799999237060547,270,0.0,0.0
2020-05-12 00:00:00-04:00,24.0,24.0,22.649999618530273,23.25,260,0.0,0.0
2020-05-13 00:00:00-04:00,24.0,24.299999237060547,22.649999618530273,24.299999237060547,557,0.0,0.0
2020-05-14 00:00:00-04:00,24.600000381469727,25.5,22.649999618530273,25.200000762939453,307,0.0,0.0
2020-05-15 00:00:00-04:00,24.059999465942383,25.5,24.059999465942383,25.5,83,0.0,0.0
2020-05-18 00:00:00-04:00,26.100000381469727,30.600000381469727,26.100000381469727,28.799999237060547,1837,0.0,0.0
2020-05-19 00:00:00-04:00,29.940000534057617,35.70000076293945,27.0,27.299999237060547,14293,0.0,0.0
2020-05-20 00:00:00-04:00,28.649999618530273,38.70000076293945,27.149999618530273,34.5,29017,0.0,0.0
2020-05-21 00:00:00-04:00,30.899999618530273,34.77000045776367,28.200000762939453,31.5,5167,0.0,0.0
2020-05-22 00:00:00-04:00,31.530000686645508,33.0,28.5,32.70000076293945,1007,0.0,0.0
2020-05-26 00:00:00-04:00,32.099998474121094,34.5,30.299999237060547,31.049999237060547,3810,0.0,0.0
2020-05-27 00:00:00-04:00,34.5,34.5,30.0,32.54999923706055,1770,0.0,0.0
2020-05-28 00:00:00-04:00,33.0,33.599998474121094,29.309999465942383,30.600000381469727,2953,0.0,0.0
2020-05-29 00:00:00-04:00,29.399999618530273,31.200000762939453,29.399999618530273,30.600000381469727,760,0.0,0.0
2020-06-01 00:00:00-04:00,29.700000762939453,31.350000381469727,29.280000686645508,30.899999618530273,877,0.0,0.0
2020-06-02 00:00:00-04:00,30.0,30.8700008392334,27.149999618530273,27.600000381469727,2470,0.0,0.0
2020-06-03 00:00:00-04:00,28.5,28.799999237060547,27.299999237060547,28.229999542236328,1817,0.0,0.0
2020-06-04 00:00:00-04:00,29.399999618530273,29.399999618530273,27.299999237060547,28.770000457763672,1010,0.0,0.0
2020-06-05 00:00:00-04:00,27.65999984741211,29.100000381469727,27.09000015258789,27.299999237060547,1037,0.0,0.0
2020-06-08 00:00:00-04:00,28.68000030517578,28.68000030517578,27.600000381469727,27.899999618530273,1247,0.0,0.0
2020-06-09 00:00:00-04:00,28.5,30.299999237060547,27.899999618530273,27.959999084472656,620,0.0,0.0
2020-06-10 00:00:00-04:00,30.0,54.0,28.200000762939453,34.20000076293945,46263,0.0,0.0
2020-06-11 00:00:00-04:00,30.899999618530273,39.0,28.5,30.899999618530273,14053,0.0,0.0
2020-06-12 00:00:00-04:00,29.8799991607666,30.0,28.200000762939453,28.799999237060547,2263,0.0,0.0
2020-06-15 00:00:00-04:00,29.399999618530273,30.0,27.299999237060547,28.200000762939453,1323,0.0,0.0
2020-06-16 00:00:00-04:00,30.0,34.5,29.100000381469727,32.099998474121094,4703,0.0,0.0
2020-06-17 00:00:00-04:00,82.19999694824219,146.6999969482422,42.29999923706055,45.29999923706055,1909323,0.0,0.0
2020-06-18 00:00:00-04:00,41.400001525878906,49.290000915527344,39.0,44.400001525878906,96300,0.0,0.0
2020-06-19 00:00:00-04:00,58.5,89.0999984741211,48.29999923706055,53.70000076293945,918793,0.0,0.0
2020-06-22 00:00:00-04:00,60.0,62.400001525878906,48.0,55.5,110190,0.0,0.0
2020-06-23 00:00:00-04:00,49.79999923706055,54.0,45.0,47.70000076293945,58617,0.0,0.0
2020-06-24 00:00:00-04:00,48.0,52.20000076293945,42.599998474121094,43.79999923706055,33657,0.0,0.0
2020-06-25 00:00:00-04:00,43.79999923706055,46.5,41.099998474121094,45.900001525878906,21587,0.0,0.0
2020-06-26 00:00:00-04:00,42.29999923706055,48.0,39.0,39.29999923706055,35047,0.0,0.0
2020-06-29 00:00:00-04:00,38.400001525878906,39.29999923706055,35.099998474121094,36.900001525878906,11750,0.0,0.0
2020-06-30 00:00:00-04:00,47.400001525878906,49.79999923706055,39.900001525878906,41.099998474121094,48640,0.0,0.0
2020-07-01 00:00:00-04:00,39.29999923706055,41.400001525878906,37.5,40.20000076293945,9627,0.0,0.0
2020-07-02 00:00:00-04:00,39.900001525878906,39.900001525878906,36.0,38.099998474121094,40103,0.0,0.0
2020-07-06 00:00:00-04:00,60.599998474121094,72.5999984741211,50.400001525878906,59.70000076293945,672373,0.0,0.0
2020-07-07 00:00:00-04:00,48.0,56.70000076293945,47.70000076293945,53.099998474121094,69687,0.0,0.0
2020-07-08 00:00:00-04:00,48.599998474121094,52.20000076293945,47.099998474121094,48.900001525878906,20000,0.0,0.0
2020-07-09 00:00:00-04:00,47.70000076293945,50.099998474121094,46.5,49.20000076293945,18177,0.0,0.0
2020-07-10 00:00:00-04:00,48.900001525878906,50.400001525878906,46.20000076293945,46.5,21050,0.0,0.0
2020-07-13 00:00:00-04:00,45.0,46.5,39.29999923706055,39.599998474121094,18827,0.0,0.0
2020-07-14 00:00:00-04:00,39.29999923706055,40.5,35.70000076293945,37.5,22210,0.0,0.0
2020-07-15 00:00:00-04:00,40.79999923706055,43.5,39.0,40.79999923706055,17473,0.0,0.0
2020-07-16 00:00:00-04:00,41.400001525878906,42.900001525878906,39.29999923706055,42.0,7377,0.0,0.0
2020-07-17 00:00:00-04:00,40.79999923706055,43.20000076293945,40.5,40.79999923706055,10553,0.0,0.0
2020-07-20 00:00:00-04:00,41.70000076293945,42.0,39.900001525878906,41.400001525878906,11237,0.0,0.0
2020-07-21 00:00:00-04:00,39.29999923706055,41.400001525878906,38.400001525878906,39.29999923706055,8077,0.0,0.0
2020-07-22 00:00:00-04:00,39.29999923706055,48.45000076293945,39.29999923706055,46.20000076293945,47560,0.0,0.0
2020-07-23 00:00:00-04:00,44.70000076293945,46.79999923706055,41.099998474121094,42.900001525878906,12007,0.0,0.0
2020-07-24 00:00:00-04:00,42.0,43.04999923706055,40.5,42.29999923706055,2953,0.0,0.0
2020-07-27 00:00:00-04:00,42.900001525878906,43.349998474121094,41.099998474121094,42.599998474121094,2973,0.0,0.0
2020-07-28 00:00:00-04:00,42.0,42.0,40.5,41.099998474121094,4333,0.0,0.0
2020-07-29 00:00:00-04:00,40.79999923706055,42.599998474121094,40.79999923706055,41.400001525878906,2987,0.0,0.0
2020-07-30 00:00:00-04:00,40.20000076293945,42.599998474121094,40.20000076293945,41.400001525878906,4110,0.0,0.0
2020-07-31 00:00:00-04:00,40.5,44.099998474121094,40.5,40.79999923706055,7703,0.0,0.0
2020-08-03 00:00:00-04:00,39.599998474121094,41.099998474121094,38.400001525878906,38.70000076293945,7550,0.0,0.0
2020-08-04 00:00:00-04:00,39.599998474121094,40.5,38.70000076293945,39.900001525878906,7187,0.0,0.0
2020-08-05 00:00:00-04:00,39.599998474121094,43.5,39.29999923706055,41.099998474121094,15607,0.0,0.0
2020-08-06 00:00:00-04:00,41.099998474121094,43.20000076293945,40.5,42.0,5167,0.0,0.0
2020-08-07 00:00:00-04:00,42.0,52.5,40.5,50.400001525878906,94527,0.0,0.0
2020-08-10 00:00:00-04:00,47.70000076293945,49.439998626708984,44.70000076293945,46.20000076293945,17210,0.0,0.0
2020-08-11 00:00:00-04:00,44.099998474121094,45.0,40.5,40.5,14170,0.0,0.0
2020-08-12 00:00:00-04:00,41.400001525878906,50.70000076293945,40.79999923706055,43.79999923706055,54207,0.0,0.0
2020-08-13 00:00:00-04:00,42.900001525878906,45.0,30.299999237060547,32.099998474121094,69423,0.0,0.0
2020-08-14 00:00:00-04:00,23.969999313354492,24.899999618530273,21.899999618530273,24.0,308317,0.0,0.0
2020-08-17 00:00:00-04:00,24.0,24.0,22.829999923706055,23.399999618530273,55983,0.0,0.0
2020-08-18 00:00:00-04:00,22.950000762939453,24.09000015258789,20.399999618530273,22.739999771118164,154150,0.0,0.0
2020-08-19 00:00:00-04:00,21.0,22.229999542236328,20.549999237060547,21.0,59037,0.0,0.0
2020-08-20 00:00:00-04:00,20.729999542236328,21.299999237060547,19.559999465942383,20.729999542236328,41713,0.0,0.0
2020-08-21 00:00:00-04:00,19.979999542236328,21.600000381469727,19.3799991607666,20.729999542236328,34273,0.0,0.0
2020-08-24 00:00:00-04:00,20.100000381469727,24.899999618530273,20.06999969482422,22.200000762939453,419947,0.0,0.0
2020-08-25 00:00:00-04:00,21.299999237060547,22.31999969482422,20.25,21.299999237060547,166517,0.0,0.0
2020-08-26 00:00:00-04:00,20.549999237060547,22.200000762939453,20.280000686645508,21.149999618530273,106363,0.0,0.0
2020-08-27 00:00:00-04:00,21.0,21.1200008392334,18.899999618530273,19.709999084472656,113197,0.0,0.0
2020-08-28 00:00:00-04:00,19.200000762939453,19.709999084472656,18.75,19.5,38103,0.0,0.0
2020-08-31 00:00:00-04:00,19.649999618530273,19.889999389648438,19.260000228881836,19.6200008392334,16150,0.0,0.0
2020-09-01 00:00:00-04:00,19.200000762939453,19.649999618530273,18.209999084472656,18.84000015258789,34220,0.0,0.0
2020-09-02 00:00:00-04:00,18.899999618530273,20.549999237060547,16.860000610351562,19.5,98460,0.0,0.0
2020-09-03 00:00:00-04:00,19.5,21.1200008392334,18.6299991607666,19.40999984741211,39410,0.0,0.0
2020-09-04 00:00:00-04:00,18.93000030517578,19.31999969482422,17.1299991607666,18.690000534057617,26170,0.0,0.0
2020-09-08 00:00:00-04:00,18.270000457763672,18.600000381469727,17.190000534057617,17.850000381469727,14327,0.0,0.0
2020-09-09 00:00:00-04:00,18.1200008392334,18.899999618530273,17.190000534057617,18.450000762939453,30307,0.0,0.0
2020-09-10 00:00:00-04:00,18.299999237060547,18.899999618530273,17.399999618530273,18.360000610351562,12870,0.0,0.0
2020-09-11 00:00:00-04:00,17.700000762939453,18.600000381469727,17.700000762939453,18.0,6013,0.0,0.0
2020-09-14 00:00:00-04:00,18.030000686645508,18.510000228881836,17.43000030517578,18.149999618530273,12753,0.0,0.0
2020-09-15 00:00:00-04:00,18.149999618530273,19.5,17.790000915527344,18.270000457763672,27050,0.0,0.0
2020-09-16 00:00:00-04:00,18.299999237060547,18.600000381469727,17.790000915527344,18.239999771118164,7973,0.0,0.0
2020-09-17 00:00:00-04:00,17.790000915527344,18.0,17.34000015258789,17.700000762939453,15363,0.0,0.0
2020-09-18 00:00:00-04:00,17.639999389648438,17.81999969482422,17.100000381469727,17.489999771118164,15973,0.0,0.0
2020-09-21 00:00:00-04:00,17.399999618530273,17.489999771118164,16.170000076293945,17.100000381469727,17037,0.0,0.0
2020-09-22 00:00:00-04:00,17.100000381469727,18.299999237060547,16.530000686645508,17.399999618530273,52580,0.0,0.0
2020-09-23 00:00:00-04:00,17.459999084472656,18.209999084472656,15.0,16.200000762939453,29847,0.0,0.0
2020-09-24 00:00:00-04:00,15.930000305175781,17.25,14.489999771118164,16.770000457763672,66213,0.0,0.0
2020-09-25 00:00:00-04:00,15.449999809265137,19.469999313354492,15.449999809265137,18.420000076293945,96337,0.0,0.0
2020-09-28 00:00:00-04:00,18.09000015258789,24.149999618530273,18.0,22.799999237060547,943690,0.0,0.0
2020-09-29 00:00:00-04:00,30.899999618530273,36.900001525878906,24.209999084472656,26.100000381469727,2052800,0.0,0.0
2020-09-30 00:00:00-04:00,21.0,22.5,19.5,19.709999084472656,278920,0.0,0.0
2020-10-01 00:00:00-04:00,18.600000381469727,19.40999984741211,18.149999618530273,19.3799991607666,59587,0.0,0.0
2020-10-02 00:00:00-04:00,18.600000381469727,20.969999313354492,18.030000686645508,19.5,61790,0.0,0.0
2020-10-05 00:00:00-04:00,19.110000610351562,19.170000076293945,17.489999771118164,17.969999313354492,62123,0.0,0.0
2020-10-06 00:00:00-04:00,16.799999237060547,19.649999618530273,16.5,18.270000457763672,133843,0.0,0.0
2020-10-07 00:00:00-04:00,18.270000457763672,20.219999313354492,17.399999618530273,18.8700008392334,86387,0.0,0.0
2020-10-08 00:00:00-04:00,18.450000762939453,21.600000381469727,18.299999237060547,18.780000686645508,154497,0.0,0.0
2020-10-09 00:00:00-04:00,18.389999389648438,19.5,18.239999771118164,18.299999237060547,37417,0.0,0.0
2020-10-12 00:00:00-04:00,19.079999923706055,21.899999618530273,18.780000686645508,19.5,131590,0.0,0.0
2020-10-13 00:00:00-04:00,19.139999389648438,21.0,18.75,20.700000762939453,52357,0.0,0.0
2020-10-14 00:00:00-04:00,21.0,21.0,19.229999542236328,19.799999237060547,19640,0.0,0.0
2020-10-15 00:00:00-04:00,19.40999984741211,21.600000381469727,19.079999923706055,20.399999618530273,48850,0.0,0.0
2020-10-16 00:00:00-04:00,20.1299991607666,21.0,20.100000381469727,20.700000762939453,33773,0.0,0.0
2020-10-19 00:00:00-04:00,20.25,20.399999618530273,19.229999542236328,19.5,27033,0.0,0.0
2020-10-20 00:00:00-04:00,19.649999618530273,19.799999237060547,18.65999984741211,19.049999237060547,30157,0.0,0.0
2020-10-21 00:00:00-04:00,19.200000762939453,20.700000762939453,18.360000610351562,20.06999969482422,51703,0.0,0.0
2020-10-22 00:00:00-04:00,19.260000228881836,20.100000381469727,19.020000457763672,19.200000762939453,30217,0.0,0.0
2020-10-23 00:00:00-04:00,19.170000076293945,20.100000381469727,18.450000762939453,19.200000762939453,31513,0.0,0.0
2020-10-26 00:00:00-04:00,19.200000762939453,19.200000762939453,17.280000686645508,17.969999313354492,31457,0.0,0.0
2020-10-27 00:00:00-04:00,18.0,18.540000915527344,17.579999923706055,17.700000762939453,9563,0.0,0.0
2020-10-28 00:00:00-04:00,16.649999618530273,17.309999465942383,16.5,16.889999389648438,23937,0.0,0.0
2020-10-29 00:00:00-04:00,17.06999969482422,17.579999923706055,16.559999465942383,17.25,10290,0.0,0.0
2020-10-30 00:00:00-04:00,17.34000015258789,17.399999618530273,15.869999885559082,16.950000762939453,14080,0.0,0.0
2020-11-02 00:00:00-05:00,16.950000762939453,17.399999618530273,16.200000762939453,17.040000915527344,13767,0.0,0.0
2020-11-03 00:00:00-05:00,17.280000686645508,18.329999923706055,17.040000915527344,17.700000762939453,8570,0.0,0.0
2020-11-04 00:00:00-05:00,17.81999969482422,17.81999969482422,16.559999465942383,16.979999542236328,9123,0.0,0.0
2020-11-05 00:00:00-05:00,17.219999313354492,17.549999237060547,16.799999237060547,17.040000915527344,10050,0.0,0.0
2020-11-06 00:00:00-05:00,16.860000610351562,17.100000381469727,16.229999542236328,16.5,11757,0.0,0.0
2020-11-09 00:00:00-05:00,16.860000610351562,17.670000076293945,16.440000534057617,16.709999084472656,28907,0.0,0.0
2020-11-10 00:00:00-05:00,16.5,17.010000228881836,16.40999984741211,16.739999771118164,9140,0.0,0.0
2020-11-11 00:00:00-05:00,16.950000762939453,17.700000762939453,16.229999542236328,17.100000381469727,15090,0.0,0.0
2020-11-12 00:00:00-05:00,16.860000610351562,19.799999237060547,16.860000610351562,18.420000076293945,74997,0.0,0.0
2020-11-13 00:00:00-05:00,18.299999237060547,18.299999237060547,16.829999923706055,17.219999313354492,17580,0.0,0.0
2020-11-16 00:00:00-05:00,17.399999618530273,17.670000076293945,17.010000228881836,17.639999389648438,13543,0.0,0.0
2020-11-17 00:00:00-05:00,17.399999618530273,18.299999237060547,17.190000534057617,17.8799991607666,27127,0.0,0.0
2020-11-18 00:00:00-05:00,18.899999618530273,18.899999618530273,17.700000762939453,18.239999771118164,15053,0.0,0.0
2020-11-19 00:00:00-05:00,18.299999237060547,18.299999237060547,17.15999984741211,17.790000915527344,18437,0.0,0.0
2020-11-20 00:00:00-05:00,17.459999084472656,19.200000762939453,16.799999237060547,18.8700008392334,41383,0.0,0.0
2020-11-23 00:00:00-05:00,18.56999969482422,18.899999618530273,18.0,18.479999542236328,12790,0.0,0.0
2020-11-24 00:00:00-05:00,18.239999771118164,19.979999542236328,18.239999771118164,19.770000457763672,33323,0.0,0.0
2020-11-25 00:00:00-05:00,19.799999237060547,21.0,19.020000457763672,20.549999237060547,39313,0.0,0.0
2020-11-27 00:00:00-05:00,21.299999237060547,22.049999237060547,19.829999923706055,21.510000228881836,58593,0.0,0.0
2020-11-30 00:00:00-05:00,21.600000381469727,21.600000381469727,19.799999237060547,21.149999618530273,42333,0.0,0.0
2020-12-01 00:00:00-05:00,21.0,24.239999771118164,20.399999618530273,23.700000762939453,104893,0.0,0.0
2020-12-02 00:00:00-05:00,22.200000762939453,23.850000381469727,21.299999237060547,23.549999237060547,73973,0.0,0.0
2020-12-03 00:00:00-05:00,23.100000381469727,25.5,23.100000381469727,23.850000381469727,158980,0.0,0.0
2020-12-04 00:00:00-05:00,24.299999237060547,24.389999389648438,21.329999923706055,22.770000457763672,62370,0.0,0.0
2020-12-07 00:00:00-05:00,23.100000381469727,23.100000381469727,21.329999923706055,21.75,48733,0.0,0.0
2020-12-08 00:00:00-05:00,21.450000762939453,21.510000228881836,18.780000686645508,20.190000534057617,32093,0.0,0.0
2020-12-09 00:00:00-05:00,20.25,20.969999313354492,18.93000030517578,19.770000457763672,19783,0.0,0.0
2020-12-10 00:00:00-05:00,19.440000534057617,20.010000228881836,18.600000381469727,19.170000076293945,21757,0.0,0.0
2020-12-11 00:00:00-05:00,19.200000762939453,20.399999618530273,18.899999618530273,19.530000686645508,12447,0.0,0.0
2020-12-14 00:00:00-05:00,19.530000686645508,20.280000686645508,19.260000228881836,19.260000228881836,9457,0.0,0.0
2020-12-15 00:00:00-05:00,19.5,20.940000534057617,17.520000457763672,19.049999237060547,27910,0.0,0.0
2020-12-16 00:00:00-05:00,18.93000030517578,19.229999542236328,18.510000228881836,19.049999237060547,12470,0.0,0.0
2020-12-17 00:00:00-05:00,18.899999618530273,20.100000381469727,18.56999969482422,18.809999465942383,22510,0.0,0.0
2020-12-18 00:00:00-05:00,18.600000381469727,19.920000076293945,18.56999969482422,18.93000030517578,22603,0.0,0.0
2020-12-21 00:00:00-05:00,18.84000015258789,19.170000076293945,18.0,18.75,35967,0.0,0.0
2020-12-22 00:00:00-05:00,19.799999237060547,20.399999618530273,18.65999984741211,19.079999923706055,26853,0.0,0.0
2020-12-23 00:00:00-05:00,18.93000030517578,19.559999465942383,18.600000381469727,19.350000381469727,24330,0.0,0.0
2020-12-24 00:00:00-05:00,20.489999771118164,20.489999771118164,18.75,19.200000762939453,17983,0.0,0.0
2020-12-28 00:00:00-05:00,19.200000762939453,20.25,18.780000686645508,19.829999923706055,28343,0.0,0.0
2020-12-29 00:00:00-05:00,19.5,23.700000762939453,18.510000228881836,22.799999237060547,197657,0.0,0.0
2020-12-30 00:00:00-05:00,22.5,22.739999771118164,20.1299991607666,20.700000762939453,77000,0.0,0.0
2020-12-31 00:00:00-05:00,21.0,21.0,19.799999237060547,20.100000381469727,26180,0.0,0.0
2021-01-04 00:00:00-05:00,20.700000762939453,21.8700008392334,19.229999542236328,20.700000762939453,40667,0.0,0.0
2021-01-05 00:00:00-05:00,21.0,22.5,20.850000381469727,21.75,55060,0.0,0.0
2021-01-06 00:00:00-05:00,22.350000381469727,24.0,21.899999618530273,23.549999237060547,92577,0.0,0.0
2021-01-07 00:00:00-05:00,23.25,24.600000381469727,22.5,23.06999969482422,119253,0.0,0.0
2021-01-08 00:00:00-05:00,23.399999618530273,69.30000305175781,21.299999237060547,63.900001525878906,7826203,0.0,0.0
2021-01-11 00:00:00-05:00,99.9000015258789,111.0,68.0999984741211,73.5,7404230,0.0,0.0
2021-01-12 00:00:00-05:00,59.70000076293945,65.0999984741211,55.5,59.099998474121094,1261010,0.0,0.0
2021-01-13 00:00:00-05:00,54.29999923706055,59.099998474121094,50.099998474121094,56.099998474121094,573080,0.0,0.0
2021-01-14 00:00:00-05:00,54.0,67.5,52.20000076293945,57.29999923706055,873453,0.0,0.0
2021-01-15 00:00:00-05:00,57.689998626708984,67.19999694824219,52.95000076293945,55.5,849027,0.0,0.0
2021-01-19 00:00:00-05:00,56.400001525878906,58.20000076293945,53.099998474121094,54.0,282690,0.0,0.0
2021-01-20 00:00:00-05:00,52.5,53.400001525878906,48.29999923706055,51.0,189340,0.0,0.0
2021-01-21 00:00:00-05:00,48.599998474121094,52.5,48.599998474121094,50.70000076293945,120657,0.0,0.0
2021-01-22 00:00:00-05:00,48.900001525878906,54.0,46.79999923706055,53.099998474121094,298607,0.0,0.0
2021-01-25 00:00:00-05:00,55.5,57.0,49.5,52.79999923706055,178667,0.0,0.0
2021-01-26 00:00:00-05:00,54.900001525878906,59.400001525878906,51.29999923706055,53.099998474121094,243663,0.0,0.0
2021-01-27 00:00:00-05:00,47.70000076293945,50.70000076293945,45.900001525878906,47.400001525878906,189680,0.0,0.0
2021-01-28 00:00:00-05:00,47.400001525878906,48.599998474121094,42.900001525878906,45.0,239110,0.0,0.0
2021-01-29 00:00:00-05:00,86.69999694824219,95.0999984741211,58.5,61.5,3409140,0.0,0.0
2021-02-01 00:00:00-05:00,57.0,57.29999923706055,52.5,55.20000076293945,248880,0.0,0.0
2021-02-02 00:00:00-05:00,53.400001525878906,58.20000076293945,51.599998474121094,54.29999923706055,150177,0.0,0.0
2021-02-03 00:00:00-05:00,53.099998474121094,56.70000076293945,52.79999923706055,55.79999923706055,120330,0.0,0.0
2021-02-04 00:00:00-05:00,55.20000076293945,55.5,53.099998474121094,54.0,87727,0.0,0.0
2021-02-05 00:00:00-05:00,54.0,57.0,52.5,54.900001525878906,113960,0.0,0.0
2021-02-08 00:00:00-05:00,56.400001525878906,61.20000076293945,54.27000045776367,60.0,164457,0.0,0.0
2021-02-09 00:00:00-05:00,60.900001525878906,62.099998474121094,57.0,59.400001525878906,219243,0.0,0.0
2021-02-10 00:00:00-05:00,66.0,66.0,56.400001525878906,61.20000076293945,245630,0.0,0.0
2021-02-11 00:00:00-05:00,63.0,66.0,58.5,62.70000076293945,229767,0.0,0.0
2021-02-12 00:00:00-05:00,62.099998474121094,62.400001525878906,58.79999923706055,59.70000076293945,91710,0.0,0.0
2021-02-16 00:00:00-05:00,60.900001525878906,61.5,56.70000076293945,57.599998474121094,119203,0.0,0.0
2021-02-17 00:00:00-05:00,59.099998474121094,60.0,55.79999923706055,60.0,122030,0.0,0.0
2021-02-18 00:00:00-05:00,57.599998474121094,58.79999923706055,54.599998474121094,54.900001525878906,85040,0.0,0.0
2021-02-19 00:00:00-05:00,55.79999923706055,65.4000015258789,54.900001525878906,58.5,176147,0.0,0.0
2021-02-22 00:00:00-05:00,57.599998474121094,61.560001373291016,55.79999923706055,56.400001525878906,114893,0.0,0.0
2021-02-23 00:00:00-05:00,52.5,52.79999923706055,44.099998474121094,49.79999923706055,152633,0.0,0.0
2021-02-24 00:00:00-05:00,51.29999923706055,56.400001525878906,49.5,54.0,92207,0.0,0.0
2021-02-25 00:00:00-05:00,53.099998474121094,53.70000076293945,48.0,48.599998474121094,78167,0.0,0.0
2021-02-26 00:00:00-05:00,48.900001525878906,48.900001525878906,45.900001525878906,46.5,44970,0.0,0.0
2021-03-01 00:00:00-05:00,49.5,49.79999923706055,46.79999923706055,48.0,33143,0.0,0.0
2021-03-02 00:00:00-05:00,48.0,48.599998474121094,45.599998474121094,47.400001525878906,55057,0.0,0.0
2021-03-03 00:00:00-05:00,46.5,48.29999923706055,42.599998474121094,42.900001525878906,76763,0.0,0.0
2021-03-04 00:00:00-05:00,40.79999923706055,42.0,34.5,36.0,84343,0.0,0.0
2021-03-05 00:00:00-05:00,36.29999923706055,38.400001525878906,33.0,37.79999923706055,66433,0.0,0.0
2021-03-08 00:00:00-05:00,38.099998474121094,39.599998474121094,36.65999984741211,38.099998474121094,32487,0.0,0.0
2021-03-09 00:00:00-05:00,40.79999923706055,41.70000076293945,39.0,41.099998474121094,39947,0.0,0.0
2021-03-10 00:00:00-05:00,42.84000015258789,45.900001525878906,40.79999923706055,44.70000076293945,43740,0.0,0.0
2021-03-11 00:00:00-05:00,44.06999969482422,48.29999923706055,42.599998474121094,46.20000076293945,88333,0.0,0.0
2021-03-12 00:00:00-05:00,44.70000076293945,45.599998474121094,43.2599983215332,45.29999923706055,23297,0.0,0.0
2021-03-15 00:00:00-04:00,45.0,48.0,44.400001525878906,48.0,70837,0.0,0.0
2021-03-16 00:00:00-04:00,48.0,48.27000045776367,44.099998474121094,45.0,44473,0.0,0.0
2021-03-17 00:00:00-04:00,43.5,48.900001525878906,42.65999984741211,48.599998474121094,83350,0.0,0.0
2021-03-18 00:00:00-04:00,47.400001525878906,53.70000076293945,44.400001525878906,45.29999923706055,187763,0.0,0.0
2021-03-19 00:00:00-04:00,45.029998779296875,46.470001220703125,43.5,44.099998474121094,67167,0.0,0.0
2021-03-22 00:00:00-04:00,44.400001525878906,45.0,42.599998474121094,42.599998474121094,31307,0.0,0.0
2021-03-23 00:00:00-04:00,43.20000076293945,51.599998474121094,42.0,47.70000076293945,252630,0.0,0.0
2021-03-24 00:00:00-04:00,46.5,46.529998779296875,40.79999923706055,41.70000076293945,86217,0.0,0.0
2021-03-25 00:00:00-04:00,39.0,41.70000076293945,38.099998474121094,41.099998474121094,55837,0.0,0.0
2021-03-26 00:00:00-04:00,41.099998474121094,42.150001525878906,38.400001525878906,39.599998474121094,43727,0.0,0.0
2021-03-29 00:00:00-04:00,39.900001525878906,40.20000076293945,37.5,38.400001525878906,39817,0.0,0.0
2021-03-30 00:00:00-04:00,38.400001525878906,39.29999923706055,37.20000076293945,38.400001525878906,17483,0.0,0.0
2021-03-31 00:00:00-04:00,39.0,40.20000076293945,38.099998474121094,38.70000076293945,24923,0.0,0.0
2021-04-01 00:00:00-04:00,39.599998474121094,40.20000076293945,38.25,39.900001525878906,32133,0.0,0.0
2021-04-05 00:00:00-04:00,39.29999923706055,40.79999923706055,38.400001525878906,39.599998474121094,28877,0.0,0.0
2021-04-06 00:00:00-04:00,40.5,42.599998474121094,38.70000076293945,42.0,58753,0.0,0.0
2021-04-07 00:00:00-04:00,41.400001525878906,41.70000076293945,38.400001525878906,39.29999923706055,27843,0.0,0.0
2021-04-08 00:00:00-04:00,38.70000076293945,39.869998931884766,38.400001525878906,38.70000076293945,12833,0.0,0.0
2021-04-09 00:00:00-04:00,39.0,39.0,36.29999923706055,36.900001525878906,25417,0.0,0.0
2021-04-12 00:00:00-04:00,36.599998474121094,36.599998474121094,33.599998474121094,34.79999923706055,77063,0.0,0.0
2021-04-13 00:00:00-04:00,34.5,36.45000076293945,33.0,36.29999923706055,51970,0.0,0.0
2021-04-14 00:00:00-04:00,35.70000076293945,36.29999923706055,33.599998474121094,34.5,18360,0.0,0.0
2021-04-15 00:00:00-04:00,35.099998474121094,35.459999084472656,31.5,31.799999237060547,33050,0.0,0.0
2021-04-16 00:00:00-04:00,31.200000762939453,32.400001525878906,29.219999313354492,31.799999237060547,35327,0.0,0.0
2021-04-19 00:00:00-04:00,30.899999618530273,31.799999237060547,30.0,30.899999618530273,16680,0.0,0.0
2021-04-20 00:00:00-04:00,30.299999237060547,30.299999237060547,28.3799991607666,28.559999465942383,42700,0.0,0.0
2021-04-21 00:00:00-04:00,27.8700008392334,31.799999237060547,27.030000686645508,31.200000762939453,29013,0.0,0.0
2021-04-22 00:00:00-04:00,33.0,33.900001525878906,31.799999237060547,33.0,24910,0.0,0.0
2021-04-23 00:00:00-04:00,34.20000076293945,36.29999923706055,31.5,32.400001525878906,118210,0.0,0.0
2021-04-26 00:00:00-04:00,31.799999237060547,35.400001525878906,31.799999237060547,35.400001525878906,101567,0.0,0.0
2021-04-27 00:00:00-04:00,35.099998474121094,35.400001525878906,34.04999923706055,35.099998474121094,27960,0.0,0.0
2021-04-28 00:00:00-04:00,34.79999923706055,35.400001525878906,33.599998474121094,34.79999923706055,15560,0.0,0.0
2021-04-29 00:00:00-04:00,34.79999923706055,37.04999923706055,34.20000076293945,34.79999923706055,36127,0.0,0.0
2021-04-30 00:00:00-04:00,34.20000076293945,34.5,32.70000076293945,32.70000076293945,14407,0.0,0.0
2021-05-03 00:00:00-04:00,33.0,33.0,31.5,32.70000076293945,16447,0.0,0.0
2021-05-04 00:00:00-04:00,32.400001525878906,32.70000076293945,30.600000381469727,31.5,17463,0.0,0.0
2021-05-05 00:00:00-04:00,31.5,31.799999237060547,30.299999237060547,30.299999237060547,18993,0.0,0.0
2021-05-06 00:00:00-04:00,23.850000381469727,25.110000610351562,21.899999618530273,22.770000457763672,153053,0.0,0.0
2021-05-07 00:00:00-04:00,21.360000610351562,38.400001525878906,21.18000030517578,26.81999969482422,1049767,0.0,0.2
2021-05-10 00:00:00-04:00,25.68000030517578,29.219999313354492,23.45400047302246,24.540000915527344,253900,0.0,0.0
2021-05-11 00:00:00-04:00,22.739999771118164,24.360000610351562,21.719999313354492,22.3799991607666,97517,0.0,0.0
2021-05-12 00:00:00-04:00,22.5,23.040000915527344,21.149999618530273,22.020000457763672,103533,0.0,0.0
2021-05-13 00:00:00-04:00,23.399999618530273,26.15999984741211,20.520000457763672,21.1200008392334,139733,0.0,0.0
2021-05-14 00:00:00-04:00,21.780000686645508,22.920000076293945,21.059999465942383,22.5,76167,0.0,0.0
2021-05-17 00:00:00-04:00,21.959999084472656,23.399999618530273,21.648000717163086,23.280000686645508,39233,0.0,0.0
2021-05-18 00:00:00-04:00,23.100000381469727,24.899999618530273,22.6560001373291,23.81999969482422,43183,0.0,0.0
2021-05-19 00:00:00-04:00,22.799999237060547,24.0,22.51799964904785,23.100000381469727,26617,0.0,0.0
2021-05-20 00:00:00-04:00,23.399999618530273,29.579999923706055,22.884000778198242,28.260000228881836,275933,0.0,0.0
2021-05-21 00:00:00-04:00,28.68000030517578,30.65999984741211,24.780000686645508,26.280000686645508,217783,0.0,0.0
2021-05-24 00:00:00-04:00,26.15999984741211,28.139999389648438,25.3799991607666,25.68000030517578,170200,0.0,0.0
2021-05-25 00:00:00-04:00,25.920000076293945,27.239999771118164,24.600000381469727,25.139999389648438,165817,0.0,0.0
2021-05-26 00:00:00-04:00,25.139999389648438,26.579999923706055,24.780000686645508,26.100000381469727,47767,0.0,0.0
2021-05-27 00:00:00-04:00,26.280000686645508,27.719999313354492,25.979999542236328,26.579999923706055,41650,0.0,0.0
2021-05-28 00:00:00-04:00,26.8799991607666,27.899999618530273,26.520000457763672,26.760000228881836,54467,0.0,0.0
2021-06-01 00:00:00-04:00,26.940000534057617,27.719999313354492,26.610000610351562,27.540000915527344,25567,0.0,0.0
2021-06-02 00:00:00-04:00,27.899999618530273,31.799999237060547,27.1200008392334,28.200000762939453,408833,0.0,0.0
2021-06-03 00:00:00-04:00,28.5,29.100000381469727,26.459999084472656,27.420000076293945,318300,0.0,0.0
2021-06-04 00:00:00-04:00,28.055999755859375,28.079999923706055,25.860000610351562,26.15999984741211,120317,0.0,0.0
2021-06-07 00:00:00-04:00,26.399999618530273,28.559999465942383,26.040000915527344,28.559999465942383,203083,0.0,0.0
2021-06-08 00:00:00-04:00,28.920000076293945,31.079999923706055,28.200000762939453,30.540000915527344,120550,0.0,0.0
2021-06-09 00:00:00-04:00,30.959999084472656,31.31999969482422,29.219999313354492,29.459999084472656,50417,0.0,0.0
2021-06-10 00:00:00-04:00,29.040000915527344,29.579999923706055,27.479999542236328,28.3799991607666,55467,0.0,0.0
2021-06-11 00:00:00-04:00,27.600000381469727,33.900001525878906,27.600000381469727,31.020000457763672,505417,0.0,0.0
2021-06-14 00:00:00-04:00,30.780000686645508,31.440000534057617,28.68000030517578,29.579999923706055,262817,0.0,0.0
2021-06-15 00:00:00-04:00,29.280000686645508,30.336000442504883,28.020000457763672,28.31999969482422,114150,0.0,0.0
2021-06-16 00:00:00-04:00,28.079999923706055,28.979999542236328,26.399999618530273,27.299999237060547,69500,0.0,0.0
2021-06-17 00:00:00-04:00,27.719999313354492,28.31999969482422,26.100000381469727,27.84000015258789,93917,0.0,0.0
2021-06-18 00:00:00-04:00,26.628000259399414,27.1560001373291,25.020000457763672,25.559999465942383,54300,0.0,0.0
2021-06-21 00:00:00-04:00,25.31999969482422,25.31999969482422,23.520000457763672,24.0,65000,0.0,0.0
2021-06-22 00:00:00-04:00,24.059999465942383,25.020000457763672,23.04599952697754,23.81999969482422,60317,0.0,0.0
2021-06-23 00:00:00-04:00,24.479999542236328,25.139999389648438,24.059999465942383,25.079999923706055,49083,0.0,0.0
2021-06-24 00:00:00-04:00,25.3799991607666,26.040000915527344,24.809999465942383,25.5,38900,0.0,0.0
2021-06-25 00:00:00-04:00,25.979999542236328,26.219999313354492,25.559999465942383,25.68000030517578,18383,0.0,0.0
2021-06-28 00:00:00-04:00,25.3799991607666,26.280000686645508,24.299999237060547,24.479999542236328,37200,0.0,0.0
2021-06-29 00:00:00-04:00,24.600000381469727,25.020000457763672,24.420000076293945,24.65999984741211,21417,0.0,0.0
2021-06-30 00:00:00-04:00,24.719999313354492,26.219999313354492,24.479999542236328,25.739999771118164,43317,0.0,0.0
2021-07-01 00:00:00-04:00,25.68000030517578,26.27400016784668,24.780000686645508,25.559999465942383,15983,0.0,0.0
2021-07-02 00:00:00-04:00,25.055999755859375,25.170000076293945,24.305999755859375,24.84000015258789,24983,0.0,0.0
2021-07-06 00:00:00-04:00,24.65999984741211,26.81999969482422,23.579999923706055,25.6200008392334,66083,0.0,0.0
2021-07-07 00:00:00-04:00,25.139999389648438,25.440000534057617,23.700000762939453,23.760000228881836,46050,0.0,0.0
2021-07-08 00:00:00-04:00,23.040000915527344,46.86000061035156,22.6200008392334,33.900001525878906,7661833,0.0,0.0
2021-07-09 00:00:00-04:00,33.2400016784668,35.34000015258789,26.700000762939453,28.139999389648438,1538883,0.0,0.0
2021-07-12 00:00:00-04:00,26.700000762939453,30.600000381469727,25.799999237060547,28.979999542236328,345817,0.0,0.0
2021-07-13 00:00:00-04:00,28.020000457763672,29.81999969482422,25.440000534057617,25.6200008392334,230367,0.0,0.0
2021-07-14 00:00:00-04:00,25.979999542236328,28.3799991607666,23.940000534057617,23.940000534057617,100850,0.0,0.0
2021-07-15 00:00:00-04:00,23.760000228881836,25.128000259399414,22.5,23.639999389648438,113600,0.0,0.0
2021-07-16 00:00:00-04:00,23.639999389648438,23.639999389648438,22.31999969482422,22.6200008392334,36550,0.0,0.0
2021-07-19 00:00:00-04:00,22.440000534057617,22.860000610351562,21.0,22.6200008392334,47000,0.0,0.0
2021-07-20 00:00:00-04:00,23.15999984741211,26.639999389648438,22.5,24.65999984741211,140267,0.0,0.0
2021-07-21 00:00:00-04:00,24.360000610351562,26.15999984741211,24.1200008392334,24.540000915527344,162433,0.0,0.0
2021-07-22 00:00:00-04:00,24.059999465942383,25.079999923706055,22.979999542236328,23.399999618530273,30650,0.0,0.0
2021-07-23 00:00:00-04:00,23.399999618530273,25.5,22.860000610351562,24.0,124467,0.0,0.0
2021-07-26 00:00:00-04:00,24.1200008392334,25.739999771118164,24.0,24.65999984741211,148017,0.0,0.0
2021-07-27 00:00:00-04:00,24.1200008392334,25.139999389648438,23.459999084472656,24.420000076293945,50167,0.0,0.0
2021-07-28 00:00:00-04:00,24.479999542236328,26.81999969482422,24.299999237060547,26.639999389648438,42417,0.0,0.0
2021-07-29 00:00:00-04:00,26.219999313354492,26.399999618530273,24.959999084472656,25.200000762939453,216133,0.0,0.0
2021-07-30 00:00:00-04:00,26.219999313354492,27.360000610351562,25.00200080871582,26.34000015258789,157217,0.0,0.0
2021-08-02 00:00:00-04:00,24.65999984741211,27.0,24.479999542236328,25.979999542236328,56350,0.0,0.0
2021-08-03 00:00:00-04:00,26.100000381469727,26.520000457763672,24.84000015258789,26.280000686645508,36717,0.0,0.0
2021-08-04 00:00:00-04:00,25.799999237060547,27.18000030517578,25.799999237060547,26.760000228881836,29983,0.0,0.0
2021-08-05 00:00:00-04:00,27.059999465942383,27.780000686645508,25.559999465942383,27.299999237060547,49933,0.0,0.0
2021-08-06 00:00:00-04:00,27.059999465942383,28.139999389648438,26.520000457763672,26.8799991607666,61000,0.0,0.0
2021-08-09 00:00:00-04:00,27.420000076293945,28.920000076293945,27.0,27.959999084472656,79550,0.0,0.0
2021-08-10 00:00:00-04:00,27.899999618530273,30.360000610351562,27.365999221801758,29.219999313354492,90183,0.0,0.0
2021-08-11 00:00:00-04:00,29.81999969482422,29.81999969482422,27.899999618530273,29.34000015258789,32533,0.0,0.0
2021-08-12 00:00:00-04:00,29.459999084472656,29.459999084472656,27.719999313354492,28.139999389648438,39283,0.0,0.0
2021-08-13 00:00:00-04:00,27.899999618530273,28.920000076293945,27.18000030517578,28.3799991607666,18000,0.0,0.0
2021-08-16 00:00:00-04:00,27.6299991607666,28.31999969482422,26.219999313354492,27.600000381469727,398983,0.0,0.0
2021-08-17 00:00:00-04:00,33.11399841308594,33.720001220703125,29.639999389648438,30.540000915527344,3456700,0.0,0.0
2021-08-18 00:00:00-04:00,29.34000015258789,31.260000228881836,27.65999984741211,30.719999313354492,199450,0.0,0.0
2021-08-19 00:00:00-04:00,30.420000076293945,30.959999084472656,28.176000595092773,28.440000534057617,66450,0.0,0.0
2021-08-20 00:00:00-04:00,28.139999389648438,29.940000534057617,27.420000076293945,29.520000457763672,41667,0.0,0.0
2021-08-23 00:00:00-04:00,29.700000762939453,30.959999084472656,29.280000686645508,30.540000915527344,41233,0.0,0.0
2021-08-24 00:00:00-04:00,30.899999618530273,32.939998626708984,30.360000610351562,31.68000030517578,79450,0.0,0.0
2021-08-25 00:00:00-04:00,32.099998474121094,32.099998474121094,30.600000381469727,31.559999465942383,34917,0.0,0.0
2021-08-26 00:00:00-04:00,31.739999771118164,32.939998626708984,31.121999740600586,32.81999969482422,33283,0.0,0.0
2021-08-27 00:00:00-04:00,32.81999969482422,33.41999816894531,30.959999084472656,31.139999389648438,46783,0.0,0.0
2021-08-30 00:00:00-04:00,31.583999633789062,32.099998474121094,30.479999542236328,31.3799991607666,21400,0.0,0.0
2021-08-31 00:00:00-04:00,31.079999923706055,31.440000534057617,30.360000610351562,30.899999618530273,18983,0.0,0.0
2021-09-01 00:00:00-04:00,30.65999984741211,31.110000610351562,30.1200008392334,30.299999237060547,16533,0.0,0.0
2021-09-02 00:00:00-04:00,30.65999984741211,31.139999389648438,30.0,30.360000610351562,19833,0.0,0.0
2021-09-03 00:00:00-04:00,30.0,30.474000930786133,29.040000915527344,29.399999618530273,31183,0.0,0.0
2021-09-07 00:00:00-04:00,29.15999984741211,30.059999465942383,26.459999084472656,26.579999923706055,82367,0.0,0.0
2021-09-08 00:00:00-04:00,26.700000762939453,27.719999313354492,26.34000015258789,26.579999923706055,26283,0.0,0.0
2021-09-09 00:00:00-04:00,26.700000762939453,28.506000518798828,26.579999923706055,28.139999389648438,29500,0.0,0.0
2021-09-10 00:00:00-04:00,27.84000015258789,27.84000015258789,26.280000686645508,26.8799991607666,41217,0.0,0.0
2021-09-13 00:00:00-04:00,26.940000534057617,28.979999542236328,26.459999084472656,28.920000076293945,29683,0.0,0.0
2021-09-14 00:00:00-04:00,28.559999465942383,28.559999465942383,26.700000762939453,26.81999969482422,20750,0.0,0.0
2021-09-15 00:00:00-04:00,28.260000228881836,29.219999313354492,25.6200008392334,28.200000762939453,506550,0.0,0.0
2021-09-16 00:00:00-04:00,27.540000915527344,28.3799991607666,26.15999984741211,26.15999984741211,33533,0.0,0.0
2021-09-17 00:00:00-04:00,26.639999389648438,26.8799991607666,25.6200008392334,26.100000381469727,30117,0.0,0.0
2021-09-20 00:00:00-04:00,25.020000457763672,25.68000030517578,24.540000915527344,24.65999984741211,27833,0.0,0.0
2021-09-21 00:00:00-04:00,25.200000762939453,25.6200008392334,23.520000457763672,23.760000228881836,40567,0.0,0.0
2021-09-22 00:00:00-04:00,24.239999771118164,25.266000747680664,24.0,24.780000686645508,13350,0.0,0.0
2021-09-23 00:00:00-04:00,24.65999984741211,25.559999465942383,24.18000030517578,25.260000228881836,16233,0.0,0.0
2021-09-24 00:00:00-04:00,24.899999618530273,25.5,24.65999984741211,25.440000534057617,7417,0.0,0.0
2021-09-27 00:00:00-04:00,25.440000534057617,26.219999313354492,25.3799991607666,25.5,21767,0.0,0.0
2021-09-28 00:00:00-04:00,25.200000762939453,25.68000030517578,24.510000228881836,25.200000762939453,8350,0.0,0.0
2021-09-29 00:00:00-04:00,24.959999084472656,25.3799991607666,23.459999084472656,23.760000228881836,26667,0.0,0.0
2021-09-30 00:00:00-04:00,24.239999771118164,25.374000549316406,24.16200065612793,24.540000915527344,10283,0.0,0.0
2021-10-01 00:00:00-04:00,24.540000915527344,28.440000534057617,24.11400032043457,27.1200008392334,147317,0.0,0.0
2021-10-04 00:00:00-04:00,27.45599937438965,27.45599937438965,25.559999465942383,26.399999618530273,24633,0.0,0.0
2021-10-05 00:00:00-04:00,26.700000762939453,29.34000015258789,25.6200008392334,26.700000762939453,122217,0.0,0.0
2021-10-06 00:00:00-04:00,29.399999618530273,30.780000686645508,25.739999771118164,28.3799991607666,1452667,0.0,0.0
2021-10-07 00:00:00-04:00,26.520000457763672,28.3799991607666,26.15999984741211,27.959999084472656,95483,0.0,0.0
2021-10-08 00:00:00-04:00,28.260000228881836,31.31999969482422,27.299999237060547,30.479999542236328,92867,0.0,0.0
2021-10-11 00:00:00-04:00,30.18000030517578,30.18000030517578,28.799999237060547,28.860000610351562,35817,0.0,0.0
2021-10-12 00:00:00-04:00,29.15999984741211,29.81999969482422,24.989999771118164,25.31999969482422,87867,0.0,0.0
2021-10-13 00:00:00-04:00,25.020000457763672,25.47599983215332,24.0,24.18000030517578,70267,0.0,0.0
2021-10-14 00:00:00-04:00,23.520000457763672,23.579999923706055,20.399999618530273,20.639999389648438,1020550,0.0,0.0
2021-10-15 00:00:00-04:00,29.399999618530273,34.5,26.219999313354492,28.5,10399033,0.0,0.0
2021-10-18 00:00:00-04:00,27.18000030517578,32.70000076293945,25.860000610351562,32.34000015258789,2524233,0.0,0.0
2021-10-19 00:00:00-04:00,31.200000762939453,36.84000015258789,29.760000228881836,36.599998474121094,751583,0.0,0.0
2021-10-20 00:00:00-04:00,35.58000183105469,38.400001525878906,34.20000076293945,36.36000061035156,449817,0.0,0.0
2021-10-21 00:00:00-04:00,36.959999084472656,38.70000076293945,35.15999984741211,38.52000045776367,232600,0.0,0.0
2021-10-22 00:00:00-04:00,37.7400016784668,44.15999984741211,36.599998474121094,39.47999954223633,486467,0.0,0.0
2021-10-25 00:00:00-04:00,38.880001068115234,41.09400177001953,37.2599983215332,39.779998779296875,342000,0.0,0.0
2021-10-26 00:00:00-04:00,38.52000045776367,40.11000061035156,37.02000045776367,39.0,123200,0.0,0.0
2021-10-27 00:00:00-04:00,39.41999816894531,39.540000915527344,35.400001525878906,35.70000076293945,97950,0.0,0.0
2021-10-28 00:00:00-04:00,35.63999938964844,38.880001068115234,35.63999938964844,37.439998626708984,65000,0.0,0.0
2021-10-29 00:00:00-04:00,37.97999954223633,39.0,35.880001068115234,36.41999816894531,134267,0.0,0.0
2021-11-01 00:00:00-04:00,36.47999954223633,38.279998779296875,35.63999938964844,37.08000183105469,53600,0.0,0.0
2021-11-02 00:00:00-04:00,37.02000045776367,40.97999954223633,36.060001373291016,40.380001068115234,97900,0.0,0.0
2021-11-03 00:00:00-04:00,39.540000915527344,40.7400016784668,38.81999969482422,39.84000015258789,42250,0.0,0.0
2021-11-04 00:00:00-04:00,39.060001373291016,40.5,38.70000076293945,39.540000915527344,46883,0.0,0.0
2021-11-05 00:00:00-04:00,39.18000030517578,41.279998779296875,39.071998596191406,41.15999984741211,64483,0.0,0.0
2021-11-08 00:00:00-05:00,41.63999938964844,45.84000015258789,39.959999084472656,40.31999969482422,290100,0.0,0.0
2021-11-09 00:00:00-05:00,39.720001220703125,40.5,37.439998626708984,39.900001525878906,98433,0.0,0.0
2021-11-10 00:00:00-05:00,39.599998474121094,40.439998626708984,38.279998779296875,39.599998474121094,63700,0.0,0.0
2021-11-11 00:00:00-05:00,40.02000045776367,40.5,38.459999084472656,39.2400016784668,27867,0.0,0.0
2021-11-12 00:00:00-05:00,38.400001525878906,40.560001373291016,37.91999816894531,40.2599983215332,108117,0.0,0.0
2021-11-15 00:00:00-05:00,39.779998779296875,40.560001373291016,39.18000030517578,39.65999984741211,26633,0.0,0.0
2021-11-16 00:00:00-05:00,39.060001373291016,39.599998474121094,37.58399963378906,37.7400016784668,50217,0.0,0.0
2021-11-17 00:00:00-05:00,37.5,39.0,36.88199996948242,37.5,36683,0.0,0.0
2021-11-18 00:00:00-05:00,37.5,37.5,35.400001525878906,37.20000076293945,36100,0.0,0.0
2021-11-19 00:00:00-05:00,36.84000015258789,38.70000076293945,36.209999084472656,37.650001525878906,23600,0.0,0.0
2021-11-22 00:00:00-05:00,37.02000045776367,37.79999923706055,34.68000030517578,35.7599983215332,46500,0.0,0.0
2021-11-23 00:00:00-05:00,35.7599983215332,36.599998474121094,34.5,35.34000015258789,27267,0.0,0.0
2021-11-24 00:00:00-05:00,35.7599983215332,35.7599983215332,34.31999969482422,35.58000183105469,21683,0.0,0.0
2021-11-26 00:00:00-05:00,34.5,34.79999923706055,33.36000061035156,33.65999984741211,51550,0.0,0.0
2021-11-29 00:00:00-05:00,34.20000076293945,34.2599983215332,32.15999984741211,32.7599983215332,39350,0.0,0.0
2021-11-30 00:00:00-05:00,32.58000183105469,34.290000915527344,31.200000762939453,31.68000030517578,78083,0.0,0.0
2021-12-01 00:00:00-05:00,32.099998474121094,33.41999816894531,31.260000228881836,31.5,29500,0.0,0.0
2021-12-02 00:00:00-05:00,31.3799991607666,31.799999237060547,29.399999618530273,29.700000762939453,50867,0.0,0.0
2021-12-03 00:00:00-05:00,29.700000762939453,31.3799991607666,29.459999084472656,30.299999237060547,64800,0.0,0.0
2021-12-06 00:00:00-05:00,30.059999465942383,33.0,28.260000228881836,32.400001525878906,41200,0.0,0.0
2021-12-07 00:00:00-05:00,33.18000030517578,35.70000076293945,33.18000030517578,35.58000183105469,47050,0.0,0.0
2021-12-08 00:00:00-05:00,35.70000076293945,39.47999954223633,35.58000183105469,39.47999954223633,85017,0.0,0.0
2021-12-09 00:00:00-05:00,38.25,38.70000076293945,36.599998474121094,36.65999984741211,23317,0.0,0.0
2021-12-10 00:00:00-05:00,37.31999969482422,38.34000015258789,36.0,38.279998779296875,22633,0.0,0.0
2021-12-13 00:00:00-05:00,37.7400016784668,38.040000915527344,33.55799865722656,33.84000015258789,22683,0.0,0.0
2021-12-14 00:00:00-05:00,33.720001220703125,34.79999923706055,33.0,33.720001220703125,20633,0.0,0.0
2021-12-15 00:00:00-05:00,33.41999816894531,35.7599983215332,32.63999938964844,35.400001525878906,22100,0.0,0.0
2021-12-16 00:00:00-05:00,35.939998626708984,35.939998626708984,33.41999816894531,33.959999084472656,23700,0.0,0.0
2021-12-17 00:00:00-05:00,33.47999954223633,36.47999954223633,32.220001220703125,32.58000183105469,65733,0.0,0.0
2021-12-20 00:00:00-05:00,31.68000030517578,31.99799919128418,30.540000915527344,31.860000610351562,20217,0.0,0.0
2021-12-21 00:00:00-05:00,31.979999542236328,32.880001068115234,31.799999237060547,32.34000015258789,5400,0.0,0.0
2021-12-22 00:00:00-05:00,31.860000610351562,32.34000015258789,31.139999389648438,32.279998779296875,2833,0.0,0.0
2021-12-23 00:00:00-05:00,32.099998474121094,32.58599853515625,31.020000457763672,32.279998779296875,5150,0.0,0.0
2021-12-27 00:00:00-05:00,32.220001220703125,33.29999923706055,31.554000854492188,32.52000045776367,15733,0.0,0.0
2021-12-28 00:00:00-05:00,32.939998626708984,32.939998626708984,30.540000915527344,30.780000686645508,13183,0.0,0.0
2021-12-29 00:00:00-05:00,30.780000686645508,30.780000686645508,29.520000457763672,29.639999389648438,11467,0.0,0.0
2021-12-30 00:00:00-05:00,29.520000457763672,30.420000076293945,29.15999984741211,29.399999618530273,13467,0.0,0.0
2021-12-31 00:00:00-05:00,29.399999618530273,29.8799991607666,28.920000076293945,29.15999984741211,20217,0.0,0.0
2022-01-03 00:00:00-05:00,29.219999313354492,30.299999237060547,28.979999542236328,29.399999618530273,21550,0.0,0.0
2022-01-04 00:00:00-05:00,29.579999923706055,29.579999923706055,28.559999465942383,29.280000686645508,3400,0.0,0.0
2022-01-05 00:00:00-05:00,29.100000381469727,29.34000015258789,27.149999618530273,27.479999542236328,8017,0.0,0.0
2022-01-06 00:00:00-05:00,27.540000915527344,28.799999237060547,26.579999923706055,28.079999923706055,5883,0.0,0.0
2022-01-07 00:00:00-05:00,28.079999923706055,28.200000762939453,26.760000228881836,27.780000686645508,7917,0.0,0.0
2022-01-10 00:00:00-05:00,27.18000030517578,27.65999984741211,26.940000534057617,27.479999542236328,4083,0.0,0.0
2022-01-11 00:00:00-05:00,27.65999984741211,28.979999542236328,27.18000030517578,27.479999542236328,20883,0.0,0.0
2022-01-12 00:00:00-05:00,27.299999237060547,27.77400016784668,26.399999618530273,26.639999389648438,7733,0.0,0.0
2022-01-13 00:00:00-05:00,26.459999084472656,26.940000534057617,25.3799991607666,25.559999465942383,22033,0.0,0.0
2022-01-14 00:00:00-05:00,25.200000762939453,26.100000381469727,24.299999237060547,24.959999084472656,10033,0.0,0.0
2022-01-18 00:00:00-05:00,24.479999542236328,24.84000015258789,24.1200008392334,24.479999542236328,5167,0.0,0.0
2022-01-19 00:00:00-05:00,24.540000915527344,24.65999984741211,23.700000762939453,24.239999771118164,5950,0.0,0.0
2022-01-20 00:00:00-05:00,24.239999771118164,25.559999465942383,23.81999969482422,24.1200008392334,8717,0.0,0.0
2022-01-21 00:00:00-05:00,23.700000762939453,23.77199935913086,21.600000381469727,21.959999084472656,9983,0.0,0.0
2022-01-24 00:00:00-05:00,21.0,22.079999923706055,19.860000610351562,22.020000457763672,12800,0.0,0.0
2022-01-25 00:00:00-05:00,21.479999542236328,21.479999542236328,19.908000946044922,20.639999389648438,9383,0.0,0.0
2022-01-26 00:00:00-05:00,21.18000030517578,21.780000686645508,19.31999969482422,19.739999771118164,19350,0.0,0.0
2022-01-27 00:00:00-05:00,19.979999542236328,20.520000457763672,17.8799991607666,19.020000457763672,16200,0.0,0.0
2022-01-28 00:00:00-05:00,18.899999618530273,19.440000534057617,17.760000228881836,19.200000762939453,6467,0.0,0.0
2022-01-31 00:00:00-05:00,19.583999633789062,21.540000915527344,19.583999633789062,21.0,4350,0.0,0.0
2022-02-01 00:00:00-05:00,20.81999969482422,21.947999954223633,19.871999740600586,21.479999542236328,11467,0.0,0.0
2022-02-02 00:00:00-05:00,21.479999542236328,23.040000915527344,19.260000228881836,22.739999771118164,23267,0.0,0.0
2022-02-03 00:00:00-05:00,22.020000457763672,22.020000457763672,20.280000686645508,20.520000457763672,3633,0.0,0.0
2022-02-04 00:00:00-05:00,21.0,23.459999084472656,21.0,22.559999465942383,25867,0.0,0.0
2022-02-07 00:00:00-05:00,23.15999984741211,25.6200008392334,23.118000030517578,23.639999389648438,36917,0.0,0.0
2022-02-08 00:00:00-05:00,23.639999389648438,24.299999237060547,22.6200008392334,23.940000534057617,13667,0.0,0.0
2022-02-09 00:00:00-05:00,23.940000534057617,24.996000289916992,23.100000381469727,24.84000015258789,6583,0.0,0.0
2022-02-10 00:00:00-05:00,24.0,25.200000762939453,23.399999618530273,23.579999923706055,23100,0.0,0.0
2022-02-11 00:00:00-05:00,23.34000015258789,24.18000030517578,22.134000778198242,22.5,12067,0.0,0.0
2022-02-14 00:00:00-05:00,22.260000228881836,22.559999465942383,20.052000045776367,20.34000015258789,17217,0.0,0.0
2022-02-15 00:00:00-05:00,21.059999465942383,22.302000045776367,20.531999588012695,22.200000762939453,7300,0.0,0.0
2022-02-16 00:00:00-05:00,21.899999618530273,21.899999618530273,21.02400016784668,21.299999237060547,5333,0.0,0.0
2022-02-17 00:00:00-05:00,21.299999237060547,21.420000076293945,19.895999908447266,19.920000076293945,9483,0.0,0.0
2022-02-18 00:00:00-05:00,19.799999237060547,20.280000686645508,18.959999084472656,19.31999969482422,5950,0.0,0.0
2022-02-22 00:00:00-05:00,18.959999084472656,19.5,16.920000076293945,17.700000762939453,20583,0.0,0.0
2022-02-23 00:00:00-05:00,17.850000381469727,17.8799991607666,16.260000228881836,16.31999969482422,11683,0.0,0.0
2022-02-24 00:00:00-05:00,15.479999542236328,18.600000381469727,15.119999885559082,18.479999542236328,19433,0.0,0.0
2022-02-25 00:00:00-05:00,18.600000381469727,18.600000381469727,17.555999755859375,18.18000030517578,3783,0.0,0.0
2022-02-28 00:00:00-05:00,17.700000762939453,18.288000106811523,17.520000457763672,17.81999969482422,4967,0.0,0.0
2022-03-01 00:00:00-05:00,18.299999237060547,19.200000762939453,17.940000534057617,18.239999771118164,6967,0.0,0.0
2022-03-02 00:00:00-05:00,18.600000381469727,18.600000381469727,17.940000534057617,17.940000534057617,2783,0.0,0.0
2022-03-03 00:00:00-05:00,17.940000534057617,18.18000030517578,16.920000076293945,16.920000076293945,3517,0.0,0.0
2022-03-04 00:00:00-05:00,16.920000076293945,17.118000030517578,15.696000099182129,16.799999237060547,5600,0.0,0.0
2022-03-07 00:00:00-05:00,16.559999465942383,16.559999465942383,14.760000228881836,14.880000114440918,15417,0.0,0.0
2022-03-08 00:00:00-05:00,14.819999694824219,15.960000038146973,14.220000267028809,15.539999961853027,11500,0.0,0.0
2022-03-09 00:00:00-05:00,15.600000381469727,18.239999771118164,15.180000305175781,17.8799991607666,75400,0.0,0.0
2022-03-10 00:00:00-05:00,17.06399917602539,18.84000015258789,16.020000457763672,17.100000381469727,23500,0.0,0.0
2022-03-11 00:00:00-05:00,17.100000381469727,17.399999618530273,16.3799991607666,16.3799991607666,7367,0.0,0.0
2022-03-14 00:00:00-04:00,16.3799991607666,16.3799991607666,15.539999961853027,15.720000267028809,5917,0.0,0.0
2022-03-15 00:00:00-04:00,15.359999656677246,16.739999771118164,14.520000457763672,14.880000114440918,35133,0.0,0.0
2022-03-16 00:00:00-04:00,15.0,15.600000381469727,14.640000343322754,15.119999885559082,16650,0.0,0.0
2022-03-17 00:00:00-04:00,14.760000228881836,16.739999771118164,14.760000228881836,16.139999389648438,29983,0.0,0.0
2022-03-18 00:00:00-04:00,16.31999969482422,17.15999984741211,15.960000038146973,16.979999542236328,10367,0.0,0.0
2022-03-21 00:00:00-04:00,16.979999542236328,16.979999542236328,16.020000457763672,16.31999969482422,5650,0.0,0.0
2022-03-22 00:00:00-04:00,16.68000030517578,18.0,16.5,17.040000915527344,32833,0.0,0.0
2022-03-23 00:00:00-04:00,17.040000915527344,17.399999618530273,16.68000030517578,17.100000381469727,6550,0.0,0.0
2022-03-24 00:00:00-04:00,16.979999542236328,17.399999618530273,16.68000030517578,17.100000381469727,9083,0.0,0.0
2022-03-25 00:00:00-04:00,17.34000015258789,18.719999313354492,16.722000122070312,17.219999313354492,32867,0.0,0.0
2022-03-28 00:00:00-04:00,17.459999084472656,19.139999389648438,17.43600082397461,18.479999542236328,45667,0.0,0.0
2022-03-29 00:00:00-04:00,18.0,18.959999084472656,17.940000534057617,18.059999465942383,7767,0.0,0.0
2022-03-30 00:00:00-04:00,18.059999465942383,18.600000381469727,18.0,18.059999465942383,8400,0.0,0.0
2022-03-31 00:00:00-04:00,17.639999389648438,17.760000228881836,17.100000381469727,17.15999984741211,3967,0.0,0.0
2022-04-01 00:00:00-04:00,17.459999084472656,18.059999465942383,17.399999618530273,18.0,5917,0.0,0.0
2022-04-04 00:00:00-04:00,18.1200008392334,18.239999771118164,17.700000762939453,18.059999465942383,3867,0.0,0.0
2022-04-05 00:00:00-04:00,17.8799991607666,18.1200008392334,17.399999618530273,17.459999084472656,7500,0.0,0.0
2022-04-06 00:00:00-04:00,17.280000686645508,17.399999618530273,16.5,16.559999465942383,5883,0.0,0.0
2022-04-07 00:00:00-04:00,16.799999237060547,17.100000381469727,15.539999961853027,15.779999732971191,7350,0.0,0.0
2022-04-08 00:00:00-04:00,16.31999969482422,16.31999969482422,15.420000076293945,15.479999542236328,4783,0.0,0.0
2022-04-11 00:00:00-04:00,15.420000076293945,15.479999542236328,14.460000038146973,14.579999923706055,6433,0.0,0.0
2022-04-12 00:00:00-04:00,14.640000343322754,15.300000190734863,14.399999618530273,14.520000457763672,11900,0.0,0.0
2022-04-13 00:00:00-04:00,14.460000038146973,14.9399995803833,14.460000038146973,14.9399995803833,2833,0.0,0.0
2022-04-14 00:00:00-04:00,14.760000228881836,14.970000267028809,14.220000267028809,14.34000015258789,3533,0.0,0.0
2022-04-18 00:00:00-04:00,13.979999542236328,14.244000434875488,13.649999618530273,13.979999542236328,3600,0.0,0.0
2022-04-19 00:00:00-04:00,14.039999961853027,15.239999771118164,14.039999961853027,15.0,3317,0.0,0.0
2022-04-20 00:00:00-04:00,14.640000343322754,15.300000190734863,14.579999923706055,14.699999809265137,3950,0.0,0.0
2022-04-21 00:00:00-04:00,14.579999923706055,14.814000129699707,13.859999656677246,13.979999542236328,3100,0.0,0.0
2022-04-22 00:00:00-04:00,13.920000076293945,14.819999694824219,13.5,14.760000228881836,7783,0.0,0.0
2022-04-25 00:00:00-04:00,14.34000015258789,14.760000228881836,14.14799976348877,14.640000343322754,3517,0.0,0.0
2022-04-26 00:00:00-04:00,14.28600025177002,14.640000343322754,13.859999656677246,14.220000267028809,1633,0.0,0.0
2022-04-27 00:00:00-04:00,14.640000343322754,15.239999771118164,13.920000076293945,13.920000076293945,6883,0.0,0.0
2022-04-28 00:00:00-04:00,13.739999771118164,14.699999809265137,13.5600004196167,14.640000343322754,6967,0.0,0.0
2022-04-29 00:00:00-04:00,14.100000381469727,14.723999977111816,13.800000190734863,13.979999542236328,3433,0.0,0.0
2022-05-02 00:00:00-04:00,13.859999656677246,14.14799976348877,13.5,13.979999542236328,3550,0.0,0.0
2022-05-03 00:00:00-04:00,13.739999771118164,14.069999694824219,13.680000305175781,13.800000190734863,4117,0.0,0.0
2022-05-04 00:00:00-04:00,13.680000305175781,13.739999771118164,13.380000114440918,13.680000305175781,5683,0.0,0.0
2022-05-05 00:00:00-04:00,13.800000190734863,14.3100004196167,13.380000114440918,13.920000076293945,34183,0.0,0.0
2022-05-06 00:00:00-04:00,14.399999618530273,14.399999618530273,12.72599983215332,13.680000305175781,29733,0.0,0.0
2022-05-09 00:00:00-04:00,13.800000190734863,13.800000190734863,10.800000190734863,10.979999542236328,23367,0.0,0.0
2022-05-10 00:00:00-04:00,11.15999984741211,11.279999732971191,9.359999656677246,9.779999732971191,25400,0.0,0.0
2022-05-11 00:00:00-04:00,9.84000015258789,9.899999618530273,6.71999979019165,6.840000152587891,50817,0.0,0.0
2022-05-12 00:00:00-04:00,6.900000095367432,7.139999866485596,6.360000133514404,6.599999904632568,42383,0.0,0.0
2022-05-13 00:00:00-04:00,6.900000095367432,7.6020002365112305,6.840000152587891,7.260000228881836,32433,0.0,0.0
2022-05-16 00:00:00-04:00,7.320000171661377,7.949999809265137,7.079999923706055,7.739999771118164,35650,0.0,0.0
2022-05-17 00:00:00-04:00,7.800000190734863,7.800000190734863,7.026000022888184,7.559999942779541,17183,0.0,0.0
2022-05-18 00:00:00-04:00,7.380000114440918,7.7820000648498535,6.900000095367432,6.960000038146973,21500,0.0,0.0
2022-05-19 00:00:00-04:00,6.960000038146973,8.220000267028809,6.960000038146973,7.920000076293945,19650,0.0,0.0
2022-05-20 00:00:00-04:00,7.679999828338623,7.920000076293945,7.139999866485596,7.380000114440918,7483,0.0,0.0
2022-05-23 00:00:00-04:00,7.440000057220459,7.800000190734863,7.380000114440918,7.559999942779541,3217,0.0,0.0
2022-05-24 00:00:00-04:00,7.380000114440918,7.860000133514404,7.260000228881836,7.800000190734863,6000,0.0,0.0
2022-05-25 00:00:00-04:00,7.800000190734863,7.800000190734863,7.320000171661377,7.320000171661377,5983,0.0,0.0
2022-05-26 00:00:00-04:00,7.271999835968018,7.800000190734863,7.260000228881836,7.679999828338623,8150,0.0,0.0
2022-05-27 00:00:00-04:00,7.440000057220459,8.399999618530273,7.260000228881836,8.279999732971191,117800,0.0,0.0
2022-05-31 00:00:00-04:00,8.579999923706055,9.300000190734863,8.039999961853027,8.9399995803833,93500,0.0,0.0
2022-06-01 00:00:00-04:00,9.0,9.0600004196167,8.178000450134277,8.34000015258789,28150,0.0,0.0
2022-06-02 00:00:00-04:00,8.699999809265137,8.699999809265137,8.15999984741211,8.640000343322754,15367,0.0,0.0
2022-06-03 00:00:00-04:00,8.399999618530273,8.543999671936035,8.220000267028809,8.279999732971191,3117,0.0,0.0
2022-06-06 00:00:00-04:00,8.760000228881836,8.760000228881836,6.239999771118164,7.019999980926514,81983,0.0,0.0
2022-06-07 00:00:00-04:00,6.995999813079834,7.079999923706055,6.659999847412109,6.659999847412109,16733,0.0,0.0
2022-06-08 00:00:00-04:00,6.71999979019165,7.019999980926514,6.0,6.599999904632568,29950,0.0,0.0
2022-06-09 00:00:00-04:00,6.539999961853027,6.659999847412109,6.269999980926514,6.420000076293945,20600,0.0,0.0
2022-06-10 00:00:00-04:00,6.360000133514404,7.019999980926514,6.059999942779541,6.78000020980835,54400,0.0,0.0
2022-06-13 00:00:00-04:00,6.420000076293945,6.599999904632568,5.130000114440918,5.796000003814697,69383,0.0,0.0
2022-06-14 00:00:00-04:00,5.98799991607666,5.98799991607666,5.052000045776367,5.159999847412109,43867,0.0,0.0
2022-06-15 00:00:00-04:00,5.159999847412109,5.519999980926514,5.159999847412109,5.297999858856201,15900,0.0,0.0
2022-06-16 00:00:00-04:00,5.202000141143799,5.202000141143799,4.668000221252441,4.739999771118164,45250,0.0,0.0
2022-06-17 00:00:00-04:00,4.800000190734863,5.453999996185303,4.739999771118164,4.986000061035156,68167,0.0,0.0
2022-06-21 00:00:00-04:00,4.998000144958496,6.300000190734863,4.980000019073486,5.7179999351501465,72850,0.0,0.0
2022-06-22 00:00:00-04:00,5.435999870300293,5.460000038146973,4.5,4.926000118255615,41333,0.0,0.0
2022-06-23 00:00:00-04:00,4.811999797821045,5.357999801635742,4.811999797821045,5.171999931335449,13150,0.0,0.0
2022-06-24 00:00:00-04:00,5.315999984741211,5.400000095367432,4.932000160217285,5.400000095367432,20733,0.0,0.0
2022-06-27 00:00:00-04:00,5.3520002365112305,5.736000061035156,5.3520002365112305,5.400000095367432,42367,0.0,0.0
2022-06-28 00:00:00-04:00,5.28000020980835,5.610000133514404,5.099999904632568,5.099999904632568,27533,0.0,0.0
2022-06-29 00:00:00-04:00,5.28000020980835,5.28000020980835,4.7820000648498535,4.860000133514404,20033,0.0,0.0
2022-06-30 00:00:00-04:00,4.860000133514404,4.889999866485596,4.631999969482422,4.889999866485596,10517,0.0,0.0
2022-07-01 00:00:00-04:00,5.21999979019165,5.699999809265137,4.421999931335449,4.553999900817871,51250,0.0,0.0
2022-07-05 00:00:00-04:00,4.5,4.638000011444092,4.427999973297119,4.5,30150,0.0,0.0
2022-07-06 00:00:00-04:00,4.5,4.716000080108643,4.380000114440918,4.53000020980835,18283,0.0,0.0
2022-07-07 00:00:00-04:00,4.728000164031982,4.883999824523926,4.5,4.883999824523926,10317,0.0,0.0
2022-07-08 00:00:00-04:00,4.769999980926514,5.24399995803833,4.644000053405762,5.081999778747559,14600,0.0,0.0
2022-07-11 00:00:00-04:00,5.159999847412109,5.159999847412109,4.757999897003174,4.860000133514404,2200,0.0,0.0
2022-07-12 00:00:00-04:00,4.920000076293945,5.118000030517578,4.920000076293945,5.015999794006348,4000,0.0,0.0
2022-07-13 00:00:00-04:00,4.961999893188477,5.159999847412109,4.679999828338623,5.1479997634887695,27417,0.0,0.0
2022-07-14 00:00:00-04:00,4.920000076293945,5.21999979019165,4.860000133514404,5.070000171661377,8217,0.0,0.0
2022-07-15 00:00:00-04:00,5.21999979019165,5.21999979019165,4.980000019073486,5.0879998207092285,5317,0.0,0.0
2022-07-18 00:00:00-04:00,5.196000099182129,5.495999813079834,5.184000015258789,5.495999813079834,10700,0.0,0.0
2022-07-19 00:00:00-04:00,5.513999938964844,5.604000091552734,5.460000038146973,5.519999980926514,13000,0.0,0.0
2022-07-20 00:00:00-04:00,5.550000190734863,6.659999847412109,5.538000106811523,6.659999847412109,71283,0.0,0.0
2022-07-21 00:00:00-04:00,6.659999847412109,7.440000057220459,5.940000057220459,6.300000190734863,42500,0.0,0.0
2022-07-22 00:00:00-04:00,6.420000076293945,6.420000076293945,5.730000019073486,5.765999794006348,18867,0.0,0.0
2022-07-25 00:00:00-04:00,5.748000144958496,5.98799991607666,5.610000133514404,5.610000133514404,5183,0.0,0.0
2022-07-26 00:00:00-04:00,5.742000102996826,5.742000102996826,5.460000038146973,5.519999980926514,4583,0.0,0.0
2022-07-27 00:00:00-04:00,5.460000038146973,5.874000072479248,5.460000038146973,5.760000228881836,5833,0.0,0.0
2022-07-28 00:00:00-04:00,5.760000228881836,6.480000019073486,5.5320000648498535,5.760000228881836,54600,0.0,0.0
2022-07-29 00:00:00-04:00,5.820000171661377,6.300000190734863,5.760000228881836,6.119999885559082,18367,0.0,0.0
2022-08-01 00:00:00-04:00,6.059999942779541,6.78000020980835,6.0,6.599999904632568,22783,0.0,0.0
2022-08-02 00:00:00-04:00,6.659999847412109,6.659999847412109,6.239999771118164,6.360000133514404,15400,0.0,0.0
2022-08-03 00:00:00-04:00,6.420000076293945,7.019999980926514,6.420000076293945,6.960000038146973,31983,0.0,0.0
2022-08-04 00:00:00-04:00,6.840000152587891,6.947999954223633,6.420000076293945,6.539999961853027,13750,0.0,0.0
2022-08-05 00:00:00-04:00,6.360000133514404,6.599999904632568,6.179999828338623,6.420000076293945,16083,0.0,0.0
2022-08-08 00:00:00-04:00,6.539999961853027,6.599999904632568,6.360000133514404,6.420000076293945,16033,0.0,0.0
2022-08-09 00:00:00-04:00,6.480000019073486,6.480000019073486,6.191999912261963,6.300000190734863,7150,0.0,0.0
2022-08-10 00:00:00-04:00,6.420000076293945,6.71999979019165,6.119999885559082,6.420000076293945,63567,0.0,0.0
2022-08-11 00:00:00-04:00,6.576000213623047,6.599999904632568,6.480000019073486,6.480000019073486,8017,0.0,0.0
2022-08-12 00:00:00-04:00,6.360000133514404,6.539999961853027,6.360000133514404,6.360000133514404,6617,0.0,0.0
2022-08-15 00:00:00-04:00,6.329999923706055,6.539999961853027,6.329999923706055,6.420000076293945,7150,0.0,0.0
2022-08-16 00:00:00-04:00,6.360000133514404,6.539999961853027,6.300000190734863,6.480000019073486,8367,0.0,0.0
2022-08-17 00:00:00-04:00,6.71999979019165,11.15999984741211,6.539999961853027,7.920000076293945,918450,0.0,0.0
2022-08-18 00:00:00-04:00,7.260000228881836,8.15999984741211,6.71999979019165,7.980000019073486,153167,0.0,0.0
2022-08-19 00:00:00-04:00,8.15999984741211,8.460000038146973,7.139999866485596,8.399999618530273,70500,0.0,0.0
2022-08-22 00:00:00-04:00,8.279999732971191,9.479999542236328,6.840000152587891,6.840000152587891,184350,0.0,0.0
2022-08-23 00:00:00-04:00,6.900000095367432,7.619999885559082,6.840000152587891,7.440000057220459,36517,0.0,0.0
2022-08-24 00:00:00-04:00,7.260000228881836,9.0,7.260000228881836,8.699999809265137,81933,0.0,0.0
2022-08-25 00:00:00-04:00,8.760000228881836,9.119999885559082,7.980000019073486,8.15999984741211,40817,0.0,0.0
2022-08-26 00:00:00-04:00,8.15999984741211,8.15999984741211,7.199999809265137,7.380000114440918,11300,0.0,0.0
2022-08-29 00:00:00-04:00,7.440000057220459,7.800000190734863,7.415999889373779,7.739999771118164,7667,0.0,0.0
2022-08-30 00:00:00-04:00,7.920000076293945,8.039999961853027,7.440000057220459,7.619999885559082,16317,0.0,0.0
2022-08-31 00:00:00-04:00,7.739999771118164,7.920000076293945,7.380000114440918,7.889999866485596,14517,0.0,0.0
2022-09-01 00:00:00-04:00,7.619999885559082,7.769999980926514,6.840000152587891,7.019999980926514,36933,0.0,0.0
2022-09-02 00:00:00-04:00,6.960000038146973,7.380000114440918,6.840000152587891,6.960000038146973,12300,0.0,0.0
2022-09-06 00:00:00-04:00,6.840000152587891,7.139999866485596,6.78000020980835,6.900000095367432,6000,0.0,0.0
2022-09-07 00:00:00-04:00,6.918000221252441,7.007999897003174,6.78000020980835,6.840000152587891,4967,0.0,0.0
2022-09-08 00:00:00-04:00,7.019999980926514,7.199999809265137,6.71999979019165,6.78000020980835,16350,0.0,0.0
2022-09-09 00:00:00-04:00,6.840000152587891,7.739999771118164,6.840000152587891,7.5,27533,0.0,0.0
2022-09-12 00:00:00-04:00,7.559999942779541,8.279999732971191,7.559999942779541,7.800000190734863,19583,0.0,0.0
2022-09-13 00:00:00-04:00,7.739999771118164,7.739999771118164,7.139999866485596,7.48199987411499,11217,0.0,0.0
2022-09-14 00:00:00-04:00,7.631999969482422,7.800000190734863,7.199999809265137,7.320000171661377,23600,0.0,0.0
2022-09-15 00:00:00-04:00,7.440000057220459,7.51800012588501,7.260000228881836,7.380000114440918,4233,0.0,0.0
2022-09-16 00:00:00-04:00,7.380000114440918,7.559999942779541,6.71999979019165,7.079999923706055,11833,0.0,0.0
2022-09-19 00:00:00-04:00,6.9720001220703125,6.9720001220703125,6.78000020980835,6.900000095367432,2317,0.0,0.0
2022-09-20 00:00:00-04:00,6.960000038146973,6.960000038146973,6.636000156402588,6.71999979019165,4700,0.0,0.0
2022-09-21 00:00:00-04:00,6.71999979019165,6.78000020980835,6.420000076293945,6.539999961853027,2367,0.0,0.0
2022-09-22 00:00:00-04:00,6.414000034332275,6.414000034332275,5.855999946594238,6.0,9967,0.0,0.0
2022-09-23 00:00:00-04:00,6.059999942779541,6.059999942779541,5.730000019073486,5.742000102996826,1983,0.0,0.0
2022-09-26 00:00:00-04:00,6.059999942779541,6.179999828338623,5.6579999923706055,5.820000171661377,5050,0.0,0.0
2022-09-27 00:00:00-04:00,5.705999851226807,6.119999885559082,5.705999851226807,5.820000171661377,7933,0.0,0.0
2022-09-28 00:00:00-04:00,6.059999942779541,6.119999885559082,5.765999794006348,5.940000057220459,1717,0.0,0.0
2022-09-29 00:00:00-04:00,5.940000057220459,6.0,5.526000022888184,5.796000003814697,3367,0.0,0.0
2022-09-30 00:00:00-04:00,5.96999979019165,6.0,5.538000106811523,5.820000171661377,1800,0.0,0.0
2022-10-03 00:00:00-04:00,5.760000228881836,6.179999828338623,5.538000106811523,6.179999828338623,7717,0.0,0.0
2022-10-04 00:00:00-04:00,6.119999885559082,6.144000053405762,6.0,6.0,2300,0.0,0.0
2022-10-05 00:00:00-04:00,5.940000057220459,6.119999885559082,5.5920000076293945,5.760000228881836,4450,0.0,0.0
2022-10-06 00:00:00-04:00,5.760000228881836,6.0,5.5980000495910645,5.5980000495910645,4250,0.0,0.0
2022-10-07 00:00:00-04:00,5.5980000495910645,5.789999961853027,5.5980000495910645,5.639999866485596,3133,0.0,0.0
2022-10-10 00:00:00-04:00,5.5980000495910645,6.0,5.579999923706055,5.789999961853027,2017,0.0,0.0
2022-10-11 00:00:00-04:00,5.880000114440918,6.0,5.519999980926514,5.699999809265137,10750,0.0,0.0
2022-10-12 00:00:00-04:00,5.98799991607666,5.98799991607666,5.639999866485596,5.699999809265137,3817,0.0,0.0
2022-10-13 00:00:00-04:00,5.526000022888184,5.730000019073486,5.526000022888184,5.699999809265137,1833,0.0,0.0
2022-10-14 00:00:00-04:00,5.639999866485596,5.639999866485596,5.118000030517578,5.489999771118164,10133,0.0,0.0
2022-10-17 00:00:00-04:00,5.369999885559082,5.550000190734863,5.369999885559082,5.460000038146973,3733,0.0,0.0
2022-10-18 00:00:00-04:00,5.5980000495910645,5.610000133514404,5.369999885559082,5.4120001792907715,4933,0.0,0.0
2022-10-19 00:00:00-04:00,5.519999980926514,6.420000076293945,5.28000020980835,5.460000038146973,99200,0.0,0.0
2022-10-20 00:00:00-04:00,5.400000095367432,5.7179999351501465,5.315999984741211,5.561999797821045,3550,0.0,0.0
2022-10-21 00:00:00-04:00,5.699999809265137,5.699999809265137,5.28000020980835,5.460000038146973,6217,0.0,0.0
2022-10-24 00:00:00-04:00,5.579999923706055,5.670000076293945,5.171999931335449,5.375999927520752,2050,0.0,0.0
2022-10-25 00:00:00-04:00,5.340000152587891,5.579999923706055,5.28000020980835,5.550000190734863,5917,0.0,0.0
2022-10-26 00:00:00-04:00,5.519999980926514,5.855999946594238,5.460000038146973,5.610000133514404,4950,0.0,0.0
2022-10-27 00:00:00-04:00,5.760000228881836,5.820000171661377,5.519999980926514,5.664000034332275,3450,0.0,0.0
2022-10-28 00:00:00-04:00,5.579999923706055,6.239999771118164,5.567999839782715,6.059999942779541,25200,0.0,0.0
2022-10-31 00:00:00-04:00,6.0,6.0,5.645999908447266,5.831999778747559,3150,0.0,0.0
2022-11-01 00:00:00-04:00,6.0,6.0,5.400000095367432,5.484000205993652,6200,0.0,0.0
2022-11-02 00:00:00-04:00,5.460000038146973,5.550000190734863,5.340000152587891,5.400000095367432,5700,0.0,0.0
2022-11-03 00:00:00-04:00,5.400000095367432,5.429999828338623,5.190000057220459,5.23799991607666,4967,0.0,0.0
2022-11-04 00:00:00-04:00,5.28000020980835,5.369999885559082,5.130000114440918,5.340000152587891,8500,0.0,0.0
2022-11-07 00:00:00-05:00,5.381999969482422,5.400000095367432,5.21999979019165,5.363999843597412,3083,0.0,0.0
2022-11-08 00:00:00-05:00,5.400000095367432,5.400000095367432,4.800000190734863,4.980000019073486,13367,0.0,0.0
2022-11-09 00:00:00-05:00,4.980000019073486,4.980000019073486,4.679999828338623,4.679999828338623,4750,0.0,0.0
2022-11-10 00:00:00-05:00,4.817999839782715,5.070000171661377,4.679999828338623,4.889999866485596,14267,0.0,0.0
2022-11-11 00:00:00-05:00,4.800000190734863,5.099999904632568,4.679999828338623,5.081999778747559,9917,0.0,0.0
2022-11-14 00:00:00-05:00,5.099999904632568,5.099999904632568,4.710000038146973,4.800000190734863,17483,0.0,0.0
2022-11-15 00:00:00-05:00,4.8480000495910645,4.877999782562256,4.697999954223633,4.703999996185303,6200,0.0,0.0
2022-11-16 00:00:00-05:00,4.697999954223633,4.745999813079834,4.572000026702881,4.578000068664551,5817,0.0,0.0
2022-11-17 00:00:00-05:00,4.625999927520752,4.697999954223633,4.559999942779541,4.679999828338623,3567,0.0,0.0
2022-11-18 00:00:00-05:00,4.619999885559082,4.823999881744385,4.559999942779541,4.703999996185303,9850,0.0,0.0
2022-11-21 00:00:00-05:00,4.619999885559082,4.794000148773193,4.446000099182129,4.47599983215332,7033,0.0,0.0
2022-11-22 00:00:00-05:00,4.559999942779541,4.644000053405762,4.386000156402588,4.386000156402588,2667,0.0,0.0
2022-11-23 00:00:00-05:00,4.3979997634887695,4.7220001220703125,4.3979997634887695,4.541999816894531,4950,0.0,0.0
2022-11-25 00:00:00-05:00,4.5,4.5,4.440000057220459,4.440000057220459,1533,0.0,0.0
2022-11-28 00:00:00-05:00,4.434000015258789,4.48199987411499,4.265999794006348,4.289999961853027,7750,0.0,0.0
2022-11-29 00:00:00-05:00,4.199999809265137,4.374000072479248,4.199999809265137,4.374000072479248,3167,0.0,0.0
2022-11-30 00:00:00-05:00,4.199999809265137,4.361999988555908,3.4800000190734863,4.019999980926514,18367,0.0,0.0
2022-12-01 00:00:00-05:00,4.050000190734863,4.205999851226807,4.019999980926514,4.019999980926514,11333,0.0,0.0
2022-12-02 00:00:00-05:00,3.9779999256134033,4.026000022888184,3.684000015258789,3.7799999713897705,14033,0.0,0.0
2022-12-05 00:00:00-05:00,3.75,3.9000000953674316,3.7260000705718994,3.7260000705718994,3333,0.0,0.0
2022-12-06 00:00:00-05:00,3.7260000705718994,4.751999855041504,3.618000030517578,3.7860000133514404,73383,0.0,0.0
2022-12-07 00:00:00-05:00,3.635999917984009,3.7799999713897705,3.4560000896453857,3.6480000019073486,17550,0.0,0.0
2022-12-08 00:00:00-05:00,3.509999990463257,3.7799999713897705,3.509999990463257,3.7799999713897705,11283,0.0,0.0
2022-12-09 00:00:00-05:00,3.7200000286102295,3.8399999141693115,3.6600000858306885,3.822000026702881,6967,0.0,0.0
2022-12-12 00:00:00-05:00,3.9000000953674316,3.9600000381469727,3.5999999046325684,3.822000026702881,3467,0.0,0.0
2022-12-13 00:00:00-05:00,3.7799999713897705,3.8399999141693115,3.5999999046325684,3.6540000438690186,6233,0.0,0.0
2022-12-14 00:00:00-05:00,3.6419999599456787,3.9000000953674316,3.6059999465942383,3.869999885559082,7300,0.0,0.0
2022-12-15 00:00:00-05:00,3.9000000953674316,4.139999866485596,3.6600000858306885,4.139999866485596,11850,0.0,0.0
2022-12-16 00:00:00-05:00,4.199999809265137,4.199999809265137,3.9000000953674316,4.193999767303467,3517,0.0,0.0
2022-12-19 00:00:00-05:00,4.139999866485596,4.193999767303467,3.9000000953674316,4.193999767303467,10333,0.0,0.0
2022-12-20 00:00:00-05:00,4.050000190734863,4.230000019073486,3.9000000953674316,4.1579999923706055,9583,0.0,0.0
2022-12-21 00:00:00-05:00,3.8459999561309814,4.139999866485596,3.8399999141693115,3.8399999141693115,7983,0.0,0.0
2022-12-22 00:00:00-05:00,3.9000000953674316,4.199999809265137,3.9000000953674316,3.9600000381469727,8383,0.0,0.0
2022-12-23 00:00:00-05:00,3.9000000953674316,4.019999980926514,3.8399999141693115,4.007999897003174,7300,0.0,0.0
2022-12-27 00:00:00-05:00,3.8399999141693115,3.8399999141693115,3.630000114440918,3.809999942779541,4567,0.0,0.0
2022-12-28 00:00:00-05:00,3.696000099182129,3.7799999713897705,3.5999999046325684,3.618000030517578,2167,0.0,0.0
2022-12-29 00:00:00-05:00,3.618000030517578,3.684000015258789,3.3420000076293945,3.5399999618530273,3583,0.0,0.0
2022-12-30 00:00:00-05:00,3.4800000190734863,3.5160000324249268,3.312000036239624,3.312000036239624,4367,0.0,0.0
2023-01-03 00:00:00-05:00,3.437999963760376,3.450000047683716,3.299999952316284,3.359999895095825,1267,0.0,0.0
2023-01-04 00:00:00-05:00,3.359999895095825,3.5999999046325684,3.359999895095825,3.5399999618530273,3317,0.0,0.0
2023-01-05 00:00:00-05:00,3.4140000343322754,3.7200000286102295,3.4140000343322754,3.7079999446868896,11783,0.0,0.0
2023-01-06 00:00:00-05:00,3.684000015258789,3.7799999713897705,3.4800000190734863,3.7200000286102295,7667,0.0,0.0
2023-01-09 00:00:00-05:00,3.7799999713897705,4.139999866485596,3.5999999046325684,4.079999923706055,4917,0.0,0.0
2023-01-10 00:00:00-05:00,4.044000148773193,4.260000228881836,3.875999927520752,4.085999965667725,2600,0.0,0.0
2023-01-11 00:00:00-05:00,4.260000228881836,4.302000045776367,4.085999965667725,4.199999809265137,3867,0.0,0.0
2023-01-12 00:00:00-05:00,4.079999923706055,4.8480000495910645,4.079999923706055,4.53000020980835,36750,0.0,0.0
2023-01-13 00:00:00-05:00,4.5,4.992000102996826,4.5,4.739999771118164,21617,0.0,0.0
2023-01-17 00:00:00-05:00,5.202000141143799,5.202000141143799,4.860000133514404,4.926000118255615,12200,0.0,0.0
2023-01-18 00:00:00-05:00,4.926000118255615,5.202000141143799,4.271999835968018,4.296000003814697,14450,0.0,0.0
2023-01-19 00:00:00-05:00,4.320000171661377,4.3379998207092285,4.199999809265137,4.2179999351501465,2017,0.0,0.0
2023-01-20 00:00:00-05:00,4.260000228881836,4.331999778747559,4.230000019073486,4.314000129699707,9417,0.0,0.0
2023-01-23 00:00:00-05:00,4.368000030517578,4.53000020980835,4.320000171661377,4.331999778747559,4400,0.0,0.0
2023-01-24 00:00:00-05:00,4.446000099182129,4.578000068664551,4.236000061035156,4.380000114440918,9650,0.0,0.0
2023-01-25 00:00:00-05:00,4.380000114440918,4.48199987411499,4.236000061035156,4.265999794006348,1983,0.0,0.0
2023-01-26 00:00:00-05:00,4.265999794006348,4.607999801635742,4.265999794006348,4.380000114440918,8483,0.0,0.0
2023-01-27 00:00:00-05:00,4.3979997634887695,4.458000183105469,4.2779998779296875,4.458000183105469,9283,0.0,0.0
2023-01-30 00:00:00-05:00,4.46999979019165,4.46999979019165,4.205999851226807,4.205999851226807,4233,0.0,0.0
2023-01-31 00:00:00-05:00,4.199999809265137,4.361999988555908,4.199999809265137,4.289999961853027,9667,0.0,0.0
2023-02-01 00:00:00-05:00,4.308000087738037,4.3379998207092285,4.199999809265137,4.223999977111816,8450,0.0,0.0
2023-02-02 00:00:00-05:00,4.170000076293945,4.559999942779541,4.170000076293945,4.349999904632568,14050,0.0,0.0
2023-02-03 00:00:00-05:00,4.320000171661377,4.49399995803833,4.170000076293945,4.176000118255615,16450,0.0,0.0
2023-02-06 00:00:00-05:00,4.176000118255615,5.010000228881836,4.176000118255615,4.895999908447266,63500,0.0,0.0
2023-02-07 00:00:00-05:00,4.679999828338623,4.920000076293945,4.656000137329102,4.889999866485596,19667,0.0,0.0
2023-02-08 00:00:00-05:00,4.860000133514404,4.920000076293945,4.739999771118164,4.800000190734863,11817,0.0,0.0
2023-02-09 00:00:00-05:00,4.920000076293945,4.980000019073486,4.6620001792907715,4.920000076293945,9467,0.0,0.0
2023-02-10 00:00:00-05:00,4.728000164031982,4.739999771118164,4.668000221252441,4.739999771118164,3267,0.0,0.0
2023-02-13 00:00:00-05:00,4.668000221252441,5.826000213623047,4.578000068664551,5.711999893188477,107633,0.0,0.0
2023-02-14 00:00:00-05:00,5.940000057220459,6.599999904632568,5.760000228881836,6.239999771118164,92150,0.0,0.0
2023-02-15 00:00:00-05:00,6.420000076293945,6.480000019073486,6.059999942779541,6.420000076293945,39300,0.0,0.0
2023-02-16 00:00:00-05:00,6.659999847412109,7.139999866485596,6.329999923706055,6.960000038146973,44000,0.0,0.0
2023-02-17 00:00:00-05:00,7.079999923706055,8.039999961853027,6.960000038146973,7.920000076293945,87533,0.0,0.0
2023-02-21 00:00:00-05:00,8.520000457763672,8.520000457763672,7.380000114440918,7.440000057220459,66167,0.0,0.0
2023-02-22 00:00:00-05:00,7.5,7.553999900817871,6.0,6.539999961853027,79250,0.0,0.0
2023-02-23 00:00:00-05:00,6.71999979019165,7.320000171661377,6.599999904632568,7.320000171661377,34533,0.0,0.0
2023-02-24 00:00:00-05:00,7.619999885559082,7.980000019073486,7.079999923706055,7.739999771118164,90000,0.0,0.0
2023-02-27 00:00:00-05:00,7.980000019073486,8.87399959564209,7.590000152587891,7.8480000495910645,210783,0.0,0.0
2023-02-28 00:00:00-05:00,8.100000381469727,8.489999771118164,7.260000228881836,7.860000133514404,89817,0.0,0.0
2023-03-01 00:00:00-05:00,7.679999828338623,7.800000190734863,6.119999885559082,6.71999979019165,150583,0.0,0.0
2023-03-02 00:00:00-05:00,6.659999847412109,6.659999847412109,5.699999809265137,5.754000186920166,85083,0.0,0.0
2023-03-03 00:00:00-05:00,5.940000057220459,6.179999828338623,4.9079999923706055,5.159999847412109,70200,0.0,0.0
2023-03-06 00:00:00-05:00,5.159999847412109,5.357999801635742,4.656000137329102,5.039999961853027,44517,0.0,0.0
2023-03-07 00:00:00-05:00,4.9079999923706055,5.039999961853027,4.559999942779541,4.745999813079834,37083,0.0,0.0
2023-03-08 00:00:00-05:00,4.728000164031982,5.076000213623047,4.5,4.5,18250,0.0,0.0
2023-03-09 00:00:00-05:00,4.553999900817871,4.638000011444092,4.380000114440918,4.452000141143799,16467,0.0,0.0
2023-03-10 00:00:00-05:00,4.386000156402588,4.48799991607666,4.386000156402588,4.386000156402588,10617,0.0,0.0
2023-03-13 00:00:00-04:00,4.265999794006348,4.613999843597412,4.205999851226807,4.380000114440918,20733,0.0,0.0
2023-03-14 00:00:00-04:00,4.5,4.745999813079834,4.380000114440918,4.5,25767,0.0,0.0
2023-03-15 00:00:00-04:00,4.5,4.5,4.380000114440918,4.380000114440918,5367,0.0,0.0
2023-03-16 00:00:00-04:00,4.409999847412109,4.535999774932861,4.380000114440918,4.5,26950,0.0,0.0
2023-03-17 00:00:00-04:00,4.535999774932861,4.9079999923706055,4.440000057220459,4.860000133514404,32600,0.0,0.0
2023-03-20 00:00:00-04:00,4.800000190734863,5.23799991607666,4.800000190734863,4.949999809265137,35867,0.0,0.0
2023-03-21 00:00:00-04:00,4.949999809265137,4.980000019073486,4.559999942779541,4.8480000495910645,28350,0.0,0.0
2023-03-22 00:00:00-04:00,4.829999923706055,4.9079999923706055,4.788000106811523,4.9079999923706055,7533,0.0,0.0
2023-03-23 00:00:00-04:00,4.889999866485596,4.9079999923706055,4.769999980926514,4.788000106811523,10317,0.0,0.0
2023-03-24 00:00:00-04:00,4.757999897003174,5.010000228881836,4.745999813079834,5.010000228881836,17667,0.0,0.0
2023-03-27 00:00:00-04:00,5.0279998779296875,5.0279998779296875,4.607999801635742,4.619999885559082,37283,0.0,0.0
2023-03-28 00:00:00-04:00,4.638000011444092,4.638000011444092,4.205999851226807,4.289999961853027,9767,0.0,0.0
2023-03-29 00:00:00-04:00,4.343999862670898,4.427999973297119,4.320000171661377,4.3379998207092285,8417,0.0,0.0
2023-03-30 00:00:00-04:00,4.320000171661377,4.464000225067139,4.296000003814697,4.464000225067139,2883,0.0,0.0
2023-03-31 00:00:00-04:00,4.46999979019165,4.679999828338623,4.440000057220459,4.679999828338623,15767,0.0,0.0
2023-04-03 00:00:00-04:00,4.650000095367432,4.877999782562256,4.5,4.776000022888184,20933,0.0,0.0
2023-04-04 00:00:00-04:00,4.559999942779541,4.739999771118164,4.51800012588501,4.572000026702881,6017,0.0,0.0
2023-04-05 00:00:00-04:00,4.572000026702881,4.739999771118164,4.572000026702881,4.716000080108643,15167,0.0,0.0
2023-04-06 00:00:00-04:00,4.590000152587891,4.889999866485596,4.590000152587891,4.679999828338623,9417,0.0,0.0
2023-04-10 00:00:00-04:00,4.800000190734863,4.829999923706055,4.685999870300293,4.7820000648498535,6583,0.0,0.0
2023-04-11 00:00:00-04:00,4.829999923706055,5.070000171661377,4.829999923706055,4.955999851226807,15317,0.0,0.0
2023-04-12 00:00:00-04:00,4.980000019073486,5.208000183105469,4.980000019073486,5.190000057220459,15283,0.0,0.0
2023-04-13 00:00:00-04:00,5.340000152587891,5.783999919891357,5.340000152587891,5.639999866485596,41133,0.0,0.0
2023-04-14 00:00:00-04:00,5.639999866485596,5.639999866485596,4.763999938964844,5.130000114440918,19800,0.0,0.0
2023-04-17 00:00:00-04:00,5.165999889373779,5.460000038146973,4.745999813079834,4.806000232696533,14283,0.0,0.0
2023-04-18 00:00:00-04:00,4.920000076293945,4.938000202178955,4.5,4.547999858856201,13017,0.0,0.0
2023-04-19 00:00:00-04:00,4.52400016784668,4.673999786376953,4.368000030517578,4.5,9067,0.0,0.0
2023-04-20 00:00:00-04:00,4.343999862670898,4.51800012588501,4.331999778747559,4.50600004196167,5367,0.0,0.0
2023-04-21 00:00:00-04:00,4.380000114440918,4.50600004196167,4.199999809265137,4.2179999351501465,12417,0.0,0.0
2023-04-24 00:00:00-04:00,4.320000171661377,4.440000057220459,4.248000144958496,4.289999961853027,8967,0.0,0.0
2023-04-25 00:00:00-04:00,4.248000144958496,4.458000183105469,4.248000144958496,4.296000003814697,2817,0.0,0.0
2023-04-26 00:00:00-04:00,4.320000171661377,4.320000171661377,4.182000160217285,4.199999809265137,10400,0.0,0.0
2023-04-27 00:00:00-04:00,4.188000202178955,4.260000228881836,4.188000202178955,4.260000228881836,9133,0.0,0.0
2023-04-28 00:00:00-04:00,4.199999809265137,5.070000171661377,4.188000202178955,4.679999828338623,51933,0.0,0.0
2023-05-01 00:00:00-04:00,4.380000114440918,4.619999885559082,4.3379998207092285,4.380000114440918,22083,0.0,0.0
2023-05-02 00:00:00-04:00,4.368000030517578,4.392000198364258,4.326000213623047,4.386000156402588,3050,0.0,0.0
2023-05-03 00:00:00-04:00,4.392000198364258,4.458000183105469,4.3379998207092285,4.368000030517578,4233,0.0,0.0
2023-05-04 00:00:00-04:00,4.355999946594238,4.51800012588501,4.355999946594238,4.51800012588501,6550,0.0,0.0
2023-05-05 00:00:00-04:00,4.415999889373779,4.553999900817871,4.415999889373779,4.458000183105469,1417,0.0,0.0
2023-05-08 00:00:00-04:00,4.553999900817871,4.553999900817871,4.2179999351501465,4.409999847412109,59667,0.0,0.0
2023-05-09 00:00:00-04:00,4.343999862670898,4.48799991607666,4.260000228881836,4.380000114440918,5350,0.0,0.0
2023-05-10 00:00:00-04:00,4.289999961853027,4.48199987411499,4.260000228881836,4.48199987411499,3800,0.0,0.0
2023-05-11 00:00:00-04:00,4.374000072479248,4.464000225067139,4.2779998779296875,4.380000114440918,2233,0.0,0.0
2023-05-12 00:00:00-04:00,4.440000057220459,4.5,4.320000171661377,4.458000183105469,2550,0.0,0.0
2023-05-15 00:00:00-04:00,7.739999771118164,8.220000267028809,5.3460001945495605,6.239999771118164,6980383,0.0,0.0
2023-05-16 00:00:00-04:00,5.099999904632568,5.27400016784668,4.716000080108643,4.800000190734863,235700,0.0,0.0
2023-05-17 00:00:00-04:00,4.656000137329102,5.1479997634887695,4.631999969482422,5.1479997634887695,84850,0.0,0.0
2023-05-18 00:00:00-04:00,4.986000061035156,5.039999961853027,4.607999801635742,4.607999801635742,32167,0.0,0.0
2023-05-19 00:00:00-04:00,4.619999885559082,4.769999980926514,4.5,4.5,12967,0.0,0.0
2023-05-22 00:00:00-04:00,4.5,4.619999885559082,4.5,4.50600004196167,10067,0.0,0.0
2023-05-23 00:00:00-04:00,4.619999885559082,4.860000133514404,4.5,4.607999801635742,20950,0.0,0.0
2023-05-24 00:00:00-04:00,4.51200008392334,4.739999771118164,4.5,4.5,9350,0.0,0.0
2023-05-25 00:00:00-04:00,4.53000020980835,4.619999885559082,4.320000171661377,4.380000114440918,15850,0.0,0.0
2023-05-26 00:00:00-04:00,4.380000114440918,4.49399995803833,4.320000171661377,4.409999847412109,5550,0.0,0.0
2023-05-30 00:00:00-04:00,4.619999885559082,4.619999885559082,4.326000213623047,4.409999847412109,8083,0.0,0.0
2023-05-31 00:00:00-04:00,4.48199987411499,4.48199987411499,3.7799999713897705,4.320000171661377,25667,0.0,0.0
2023-06-01 00:00:00-04:00,4.440000057220459,4.440000057220459,4.254000186920166,4.409999847412109,13783,0.0,0.0
2023-06-02 00:00:00-04:00,4.409999847412109,4.409999847412109,4.326000213623047,4.368000030517578,5017,0.0,0.0
2023-06-05 00:00:00-04:00,4.260000228881836,4.374000072479248,3.936000108718872,4.211999893188477,13167,0.0,0.0
2023-06-06 00:00:00-04:00,4.260000228881836,4.380000114440918,3.996000051498413,4.176000118255615,11067,0.0,0.0
2023-06-07 00:00:00-04:00,4.380000114440918,4.380000114440918,3.9660000801086426,4.085999965667725,7967,0.0,0.0
2023-06-08 00:00:00-04:00,4.170000076293945,4.260000228881836,4.019999980926514,4.164000034332275,7683,0.0,0.0
2023-06-09 00:00:00-04:00,4.164000034332275,4.415999889373779,4.164000034332275,4.331999778747559,18700,0.0,0.0
2023-06-12 00:00:00-04:00,4.260000228881836,4.5,4.199999809265137,4.440000057220459,11383,0.0,0.0
2023-06-13 00:00:00-04:00,4.320000171661377,4.440000057220459,4.079999923706055,4.260000228881836,6483,0.0,0.0
2023-06-14 00:00:00-04:00,4.254000186920166,4.368000030517578,4.139999866485596,4.139999866485596,21200,0.0,0.0
2023-06-15 00:00:00-04:00,4.139999866485596,4.440000057220459,4.050000190734863,4.182000160217285,7800,0.0,0.0
2023-06-16 00:00:00-04:00,4.236000061035156,4.320000171661377,4.079999923706055,4.320000171661377,8533,0.0,0.0
2023-06-20 00:00:00-04:00,4.188000202178955,4.320000171661377,4.176000118255615,4.2179999351501465,2783,0.0,0.0
2023-06-21 00:00:00-04:00,4.133999824523926,4.656000137329102,4.133999824523926,4.656000137329102,32850,0.0,0.0
2023-06-22 00:00:00-04:00,4.547999858856201,4.757999897003174,4.326000213623047,4.679999828338623,15033,0.0,0.0
2023-06-23 00:00:00-04:00,4.331999778747559,4.998000144958496,4.331999778747559,4.9679999351501465,42017,0.0,0.0
2023-06-26 00:00:00-04:00,4.920000076293945,4.980000019073486,4.685999870300293,4.817999839782715,10350,0.0,0.0
2023-06-27 00:00:00-04:00,4.644000053405762,4.800000190734863,4.48199987411499,4.619999885559082,16950,0.0,0.0
2023-06-28 00:00:00-04:00,4.739999771118164,4.739999771118164,4.079999923706055,4.176000118255615,17783,0.0,0.0
2023-06-29 00:00:00-04:00,4.199999809265137,4.331999778747559,4.139999866485596,4.199999809265137,3833,0.0,0.0
2023-06-30 00:00:00-04:00,4.320000171661377,4.320000171661377,4.139999866485596,4.199999809265137,3317,0.0,0.0
2023-07-03 00:00:00-04:00,4.199999809265137,4.320000171661377,4.1519999504089355,4.308000087738037,1900,0.0,0.0
2023-07-05 00:00:00-04:00,4.265999794006348,4.320000171661377,4.205999851226807,4.320000171661377,2800,0.0,0.0
2023-07-06 00:00:00-04:00,4.440000057220459,4.49399995803833,4.085999965667725,4.260000228881836,13417,0.0,0.0
2023-07-07 00:00:00-04:00,4.139999866485596,4.326000213623047,4.139999866485596,4.199999809265137,2367,0.0,0.0
2023-07-10 00:00:00-04:00,4.199999809265137,4.320000171661377,4.1519999504089355,4.242000102996826,15250,0.0,0.0
2023-07-11 00:00:00-04:00,4.116000175476074,4.349999904632568,4.116000175476074,4.230000019073486,7183,0.0,0.0
2023-07-12 00:00:00-04:00,4.380000114440918,4.644000053405762,4.380000114440918,4.440000057220459,31300,0.0,0.0
2023-07-13 00:00:00-04:00,4.440000057220459,5.165999889373779,4.260000228881836,4.625999927520752,129083,0.0,0.0
2023-07-14 00:00:00-04:00,4.8420000076293945,4.8420000076293945,4.331999778747559,4.374000072479248,30533,0.0,0.0
2023-07-17 00:00:00-04:00,4.331999778747559,4.584000110626221,4.271999835968018,4.271999835968018,9967,0.0,0.0
2023-07-18 00:00:00-04:00,4.331999778747559,4.368000030517578,4.260000228881836,4.260000228881836,7050,0.0,0.0
2023-07-19 00:00:00-04:00,4.260000228881836,4.565999984741211,4.260000228881836,4.446000099182129,6983,0.0,0.0
2023-07-20 00:00:00-04:00,4.434000015258789,4.446000099182129,4.380000114440918,4.440000057220459,5517,0.0,0.0
2023-07-21 00:00:00-04:00,4.296000003814697,4.458000183105469,4.260000228881836,4.271999835968018,4083,0.0,0.0
2023-07-24 00:00:00-04:00,4.320000171661377,4.5,4.260000228881836,4.320000171661377,5750,0.0,0.0
2023-07-25 00:00:00-04:00,4.260000228881836,4.374000072479248,4.127999782562256,4.139999866485596,10967,0.0,0.0
2023-07-26 00:00:00-04:00,4.127999782562256,4.260000228881836,4.085999965667725,4.199999809265137,5500,0.0,0.0
2023-07-27 00:00:00-04:00,4.176000118255615,4.248000144958496,3.9600000381469727,4.019999980926514,8100,0.0,0.0
2023-07-28 00:00:00-04:00,4.0980000495910645,4.260000228881836,4.0980000495910645,4.139999866485596,14500,0.0,0.0
2023-07-31 00:00:00-04:00,4.133999824523926,4.260000228881836,4.079999923706055,4.139999866485596,2167,0.0,0.0
2023-08-01 00:00:00-04:00,4.1579999923706055,4.199999809265137,4.145999908447266,4.193999767303467,4183,0.0,0.0
2023-08-02 00:00:00-04:00,4.170000076293945,4.170000076293945,4.127999782562256,4.139999866485596,2633,0.0,0.0
2023-08-03 00:00:00-04:00,4.127999782562256,4.139999866485596,4.0980000495910645,4.0980000495910645,1767,0.0,0.0
2023-08-04 00:00:00-04:00,4.139999866485596,4.199999809265137,4.0320000648498535,4.199999809265137,12533,0.0,0.0
2023-08-07 00:00:00-04:00,4.079999923706055,4.260000228881836,4.079999923706055,4.199999809265137,4050,0.0,0.0
2023-08-08 00:00:00-04:00,4.193999767303467,4.260000228881836,4.139999866485596,4.139999866485596,4433,0.0,0.0
2023-08-09 00:00:00-04:00,4.199999809265137,4.320000171661377,4.139999866485596,4.320000171661377,13367,0.0,0.0
2023-08-10 00:00:00-04:00,4.260000228881836,4.320000171661377,4.199999809265137,4.205999851226807,6267,0.0,0.0
2023-08-11 00:00:00-04:00,4.205999851226807,4.349999904632568,4.199999809265137,4.199999809265137,6600,0.0,0.0
2023-08-14 00:00:00-04:00,4.349999904632568,4.349999904632568,3.7679998874664307,3.7739999294281006,126967,0.0,0.0
2023-08-15 00:00:00-04:00,3.7980000972747803,3.822000026702881,3.7679998874664307,3.7679998874664307,9433,0.0,0.0
2023-08-16 00:00:00-04:00,3.7799999713897705,3.7799999713897705,3.5220000743865967,3.5220000743865967,19050,0.0,0.0
2023-08-17 00:00:00-04:00,3.5160000324249268,3.5820000171661377,3.4800000190734863,3.5280001163482666,5750,0.0,0.0
2023-08-18 00:00:00-04:00,3.3359999656677246,3.5399999618530273,3.305999994277954,3.4860000610351562,9917,0.0,0.0
2023-08-21 00:00:00-04:00,3.4260001182556152,3.569999933242798,3.359999895095825,3.569999933242798,2617,0.0,0.0
2023-08-22 00:00:00-04:00,3.4860000610351562,3.569999933242798,3.4260001182556152,3.563999891281128,1517,0.0,0.0
2023-08-23 00:00:00-04:00,3.4679999351501465,3.6600000858306885,3.4679999351501465,3.6600000858306885,3800,0.0,0.0
2023-08-24 00:00:00-04:00,3.618000030517578,3.671999931335449,3.6059999465942383,3.630000114440918,2833,0.0,0.0
2023-08-25 00:00:00-04:00,3.6480000019073486,3.690000057220459,3.630000114440918,3.630000114440918,4483,0.0,0.0
2023-08-28 00:00:00-04:00,3.6600000858306885,3.7679998874664307,3.6480000019073486,3.75600004196167,1517,0.0,0.0
2023-08-29 00:00:00-04:00,3.75,3.936000108718872,3.75,3.8399999141693115,32183,0.0,0.0
2023-08-30 00:00:00-04:00,3.7980000972747803,3.8340001106262207,3.6659998893737793,3.7799999713897705,8833,0.0,0.0
2023-08-31 00:00:00-04:00,3.7799999713897705,3.7799999713897705,3.4200000762939453,3.4560000896453857,18067,0.0,0.0
2023-09-01 00:00:00-04:00,3.4140000343322754,3.509999990463257,3.4140000343322754,3.4619998931884766,7150,0.0,0.0
2023-09-05 00:00:00-04:00,3.4800000190734863,3.5999999046325684,3.4800000190734863,3.5460000038146973,1400,0.0,0.0
2023-09-06 00:00:00-04:00,3.450000047683716,3.5999999046325684,3.450000047683716,3.5160000324249268,783,0.0,0.0
2023-09-07 00:00:00-04:00,3.5999999046325684,3.5999999046325684,3.3480000495910645,3.5399999618530273,2750,0.0,0.0
2023-09-08 00:00:00-04:00,3.4200000762939453,3.4800000190734863,3.359999895095825,3.4800000190734863,800,0.0,0.0
2023-09-11 00:00:00-04:00,3.390000104904175,3.4800000190734863,3.359999895095825,3.365999937057495,3533,0.0,0.0
2023-09-12 00:00:00-04:00,3.365999937057495,3.4800000190734863,3.305999994277954,3.359999895095825,2517,0.0,0.0
2023-09-13 00:00:00-04:00,3.384000062942505,3.4800000190734863,3.312000036239624,3.3239998817443848,1817,0.0,0.0
2023-09-14 00:00:00-04:00,3.4739999771118164,3.509999990463257,3.3239998817443848,3.4560000896453857,1317,0.0,0.0
2023-09-15 00:00:00-04:00,3.444000005722046,3.690000057220459,3.378000020980835,3.690000057220459,8683,0.0,0.0
2023-09-18 00:00:00-04:00,3.378000020980835,3.690000057220459,3.299999952316284,3.359999895095825,15950,0.0,0.0
2023-09-19 00:00:00-04:00,3.299999952316284,3.378000020980835,3.299999952316284,3.3359999656677246,4767,0.0,0.0
2023-09-20 00:00:00-04:00,3.299999952316284,3.4019999504089355,3.299999952316284,3.359999895095825,2250,0.0,0.0
2023-09-21 00:00:00-04:00,3.318000078201294,3.359999895095825,3.1440000534057617,3.1440000534057617,8317,0.0,0.0
2023-09-22 00:00:00-04:00,3.1619999408721924,3.191999912261963,3.0,3.059999942779541,3083,0.0,0.0
2023-09-25 00:00:00-04:00,3.0,3.114000082015991,2.8499999046325684,2.861999988555908,7883,0.0,0.0
2023-09-26 00:00:00-04:00,2.8559999465942383,3.0,2.8559999465942383,2.9760000705718994,2300,0.0,0.0
2023-09-27 00:00:00-04:00,3.0,3.0,2.8559999465942383,2.8559999465942383,3583,0.0,0.0
2023-09-28 00:00:00-04:00,2.921999931335449,2.927999973297119,2.7960000038146973,2.868000030517578,4650,0.0,0.0
2023-09-29 00:00:00-04:00,2.885999917984009,2.9700000286102295,2.7960000038146973,2.927999973297119,1283,0.0,0.0
2023-10-02 00:00:00-04:00,3.0179998874664307,3.065999984741211,2.940000057220459,3.059999942779541,6817,0.0,0.0
2023-10-03 00:00:00-04:00,2.885999917984009,2.9700000286102295,2.7960000038146973,2.885999917984009,1633,0.0,0.0
2023-10-04 00:00:00-04:00,3.0239999294281006,3.0239999294281006,2.759999990463257,2.880000114440918,1950,0.0,0.0
2023-10-05 00:00:00-04:00,2.880000114440918,2.9100000858306885,2.808000087738037,2.808000087738037,5133,0.0,0.0
2023-10-06 00:00:00-04:00,2.819999933242798,2.868000030517578,2.700000047683716,2.700000047683716,1100,0.0,0.0
2023-10-09 00:00:00-04:00,2.700000047683716,2.7300000190734863,2.2920000553131104,2.5199999809265137,7767,0.0,0.0
2023-10-10 00:00:00-04:00,2.4660000801086426,2.874000072479248,2.4059998989105225,2.700000047683716,600,0.0,0.0
2023-10-11 00:00:00-04:00,2.700000047683716,2.700000047683716,2.4059998989105225,2.4119999408721924,7900,0.0,0.0
2023-10-12 00:00:00-04:00,2.447999954223633,2.8499999046325684,2.447999954223633,2.5199999809265137,1383,0.0,0.0
2023-10-13 00:00:00-04:00,2.549999952316284,2.5799999237060547,2.315999984741211,2.5199999809265137,6783,0.0,0.0
2023-10-16 00:00:00-04:00,2.447999954223633,2.6760001182556152,2.447999954223633,2.5439999103546143,2700,0.0,0.0
2023-10-17 00:00:00-04:00,2.3459999561309814,2.700000047683716,2.2799999713897705,2.5139999389648438,6350,0.0,0.0
2023-10-18 00:00:00-04:00,2.5799999237060547,2.694000005722046,2.4000000953674316,2.6700000762939453,7533,0.0,0.0
2023-10-19 00:00:00-04:00,2.5799999237060547,2.640000104904175,2.4000000953674316,2.4600000381469727,11433,0.0,0.0
2023-10-20 00:00:00-04:00,2.5199999809265137,3.1559998989105225,2.5199999809265137,2.7899999618530273,874217,0.0,0.0
2023-10-23 00:00:00-04:00,2.7899999618530273,2.8259999752044678,2.25600004196167,2.4719998836517334,471467,0.0,0.0
2023-10-24 00:00:00-04:00,2.5920000076293945,2.7119998931884766,2.135999917984009,2.23799991607666,343367,0.0,0.0
2023-10-25 00:00:00-04:00,2.2019999027252197,2.9700000286102295,1.9800000190734863,2.640000104904175,236217,0.0,0.0
2023-10-26 00:00:00-04:00,2.309999942779541,2.4000000953674316,2.171999931335449,2.4000000953674316,40767,0.0,0.0
2023-10-27 00:00:00-04:00,2.315999984741211,2.4000000953674316,2.2200000286102295,2.3340001106262207,16317,0.0,0.0
2023-10-30 00:00:00-04:00,2.2260000705718994,2.3399999141693115,2.2260000705718994,2.2799999713897705,23867,0.0,0.0
2023-10-31 00:00:00-04:00,2.2200000286102295,2.322000026702881,2.171999931335449,2.322000026702881,16417,0.0,0.0
2023-11-01 00:00:00-04:00,2.309999942779541,2.369999885559082,2.063999891281128,2.2679998874664307,40117,0.0,0.0
2023-11-02 00:00:00-04:00,2.24399995803833,2.4000000953674316,2.130000114440918,2.4000000953674316,26917,0.0,0.0
2023-11-03 00:00:00-04:00,2.303999900817871,2.5739998817443848,2.2799999713897705,2.502000093460083,26967,0.0,0.0
2023-11-06 00:00:00-05:00,2.549999952316284,2.549999952316284,2.2799999713897705,2.447999954223633,10250,0.0,0.0
2023-11-07 00:00:00-05:00,2.369999885559082,2.555999994277954,2.2679998874664307,2.4059998989105225,4550,0.0,0.0
2023-11-08 00:00:00-05:00,2.4000000953674316,2.5199999809265137,2.2799999713897705,2.5139999389648438,6700,0.0,0.0
2023-11-09 00:00:00-05:00,2.4059998989105225,2.700000047683716,2.4000000953674316,2.4839999675750732,32950,0.0,0.0
2023-11-10 00:00:00-05:00,2.375999927520752,2.4839999675750732,2.2799999713897705,2.4000000953674316,6983,0.0,0.0
2023-11-13 00:00:00-05:00,2.436000108718872,2.502000093460083,2.1600000858306885,2.3399999141693115,10333,0.0,0.0
2023-11-14 00:00:00-05:00,2.2799999713897705,2.4119999408721924,2.177999973297119,2.3399999141693115,12750,0.0,0.0
2023-11-15 00:00:00-05:00,2.496000051498413,2.5799999237060547,2.2019999027252197,2.2860000133514404,365183,0.0,0.0
2023-11-16 00:00:00-05:00,2.26200008392334,2.309999942779541,1.8600000143051147,1.9259999990463257,84783,0.0,0.0
2023-11-17 00:00:00-05:00,1.878000020980835,1.9199999570846558,1.6859999895095825,1.7400000095367432,53800,0.0,0.0
2023-11-20 00:00:00-05:00,1.7699999809265137,1.9500000476837158,1.7699999809265137,1.8179999589920044,37150,0.0,0.0
2023-11-21 00:00:00-05:00,1.8179999589920044,1.8179999589920044,1.6740000247955322,1.6740000247955322,28117,0.0,0.0
2023-11-22 00:00:00-05:00,1.6799999475479126,1.7339999675750732,1.6319999694824219,1.6799999475479126,29467,0.0,0.0
2023-11-24 00:00:00-05:00,1.6799999475479126,1.8300000429153442,1.6380000114440918,1.8179999589920044,34933,0.0,0.0
2023-11-27 00:00:00-05:00,1.7999999523162842,2.0280001163482666,1.7699999809265137,1.8660000562667847,65767,0.0,0.0
2023-11-28 00:00:00-05:00,1.9019999504089355,1.9800000190734863,1.8420000076293945,1.937999963760376,55617,0.0,0.0
2023-11-29 00:00:00-05:00,1.937999963760376,2.0399999618530273,1.9320000410079956,1.9620000123977661,14367,0.0,0.0
2023-11-30 00:00:00-05:00,1.9199999570846558,1.9800000190734863,1.7999999523162842,1.8660000562667847,20850,0.0,0.0
2023-12-01 00:00:00-05:00,1.8300000429153442,2.0280001163482666,1.8300000429153442,1.9259999990463257,34117,0.0,0.0
2023-12-04 00:00:00-05:00,2.0399999618530273,2.369999885559082,1.8899999856948853,2.0280001163482666,383117,0.0,0.0
2023-12-05 00:00:00-05:00,2.0880000591278076,2.4600000381469727,1.9500000476837158,2.0339999198913574,1232050,0.0,0.0
2023-12-06 00:00:00-05:00,2.1600000858306885,2.1600000858306885,1.812000036239624,1.9500000476837158,262033,0.0,0.0
2023-12-07 00:00:00-05:00,1.8539999723434448,1.8839999437332153,1.7100000381469727,1.8240000009536743,127217,0.0,0.0
2023-12-08 00:00:00-05:00,1.7999999523162842,2.0999999046325684,1.7999999523162842,2.0339999198913574,181717,0.0,0.0
2023-12-11 00:00:00-05:00,2.058000087738037,2.309999942779541,1.944000005722046,1.9859999418258667,233233,0.0,0.0
2023-12-12 00:00:00-05:00,2.0999999046325684,2.0999999046325684,1.937999963760376,1.9800000190734863,67733,0.0,0.0
2023-12-13 00:00:00-05:00,2.0280001163482666,2.171999931335449,1.937999963760376,2.0999999046325684,167533,0.0,0.0
2023-12-14 00:00:00-05:00,1.9919999837875366,2.369999885559082,1.9919999837875366,2.2739999294281006,139500,0.0,0.0
2023-12-15 00:00:00-05:00,2.2200000286102295,2.24399995803833,1.8240000009536743,1.8600000143051147,292333,0.0,0.0
2023-12-18 00:00:00-05:00,1.8420000076293945,2.26200008392334,1.805999994277954,2.2019999027252197,281583,0.0,0.0
2023-12-19 00:00:00-05:00,2.4000000953674316,2.609999895095825,2.2260000705718994,2.364000082015991,262400,0.0,0.0
2023-12-20 00:00:00-05:00,2.4119999408721924,2.5799999237060547,2.25,2.4000000953674316,192367,0.0,0.0
2023-12-21 00:00:00-05:00,2.4600000381469727,2.7660000324249268,2.309999942779541,2.7300000190734863,159433,0.0,0.0
2023-12-22 00:00:00-05:00,3.0,3.497999906539917,2.880000114440918,3.4679999351501465,475850,0.0,0.0
2023-12-26 00:00:00-05:00,3.5399999618530273,4.2779998779296875,3.4800000190734863,4.139999866485596,469067,0.0,0.0
2023-12-27 00:00:00-05:00,4.320000171661377,5.820000171661377,4.265999794006348,5.489999771118164,697150,0.0,0.0
2023-12-28 00:00:00-05:00,5.519999980926514,5.519999980926514,3.9660000801086426,4.415999889373779,555467,0.0,0.0
2023-12-29 00:00:00-05:00,4.739999771118164,4.788000106811523,3.3420000076293945,3.7019999027252197,481250,0.0,0.0
2024-01-02 00:00:00-05:00,4.067999839782715,4.289999961853027,3.6059999465942383,3.7739999294281006,276250,0.0,0.0
2024-01-03 00:00:00-05:00,3.7200000286102295,4.1579999923706055,3.240000009536743,4.139999866485596,232100,0.0,0.0
2024-01-04 00:00:00-05:00,4.205999851226807,4.578000068664551,3.822000026702881,4.320000171661377,174283,0.0,0.0
2024-01-05 00:00:00-05:00,4.320000171661377,4.320000171661377,3.4200000762939453,3.8340001106262207,124767,0.0,0.0
2024-01-08 00:00:00-05:00,4.061999797821045,4.440000057220459,3.8399999141693115,4.188000202178955,267583,0.0,0.0
2024-01-09 00:00:00-05:00,4.314000129699707,4.314000129699707,3.930000066757202,4.236000061035156,126367,0.0,0.0
2024-01-10 00:00:00-05:00,4.079999923706055,4.464000225067139,3.9000000953674316,4.260000228881836,122533,0.0,0.0
2024-01-11 00:00:00-05:00,4.326000213623047,4.547999858856201,3.6659998893737793,3.9539999961853027,179200,0.0,0.0
2024-01-12 00:00:00-05:00,3.8340001106262207,3.8340001106262207,2.880000114440918,3.1740000247955322,177267,0.0,0.0
2024-01-16 00:00:00-05:00,3.252000093460083,3.2760000228881836,2.880000114440918,3.053999900817871,70317,0.0,0.0
2024-01-17 00:00:00-05:00,2.940000057220459,3.072000026702881,2.7300000190734863,3.053999900817871,51883,0.0,0.0
2024-01-18 00:00:00-05:00,3.119999885559082,3.2039999961853027,2.3340001106262207,2.5739998817443848,98917,0.0,0.0
2024-01-19 00:00:00-05:00,2.5739998817443848,2.700000047683716,2.3459999561309814,2.621999979019165,54967,0.0,0.0
2024-01-22 00:00:00-05:00,2.700000047683716,2.8440001010894775,2.4839999675750732,2.7660000324249268,52400,0.0,0.0
2024-01-23 00:00:00-05:00,2.7119998931884766,2.874000072479248,2.5799999237060547,2.7179999351501465,32350,0.0,0.0
2024-01-24 00:00:00-05:00,2.6700000762939453,2.99399995803833,2.5799999237060547,2.813999891281128,44217,0.0,0.0
2024-01-25 00:00:00-05:00,2.700000047683716,2.759999990463257,2.5199999809265137,2.634000062942505,26233,0.0,0.0
2024-01-26 00:00:00-05:00,2.6459999084472656,3.0,2.6459999084472656,3.0,78533,0.0,0.0
2024-01-29 00:00:00-05:00,3.065999984741211,3.2339999675750732,2.940000057220459,3.1740000247955322,30867,0.0,0.0
2024-01-30 00:00:00-05:00,3.1740000247955322,3.4140000343322754,2.946000099182129,3.1559998989105225,80600,0.0,0.0
2024-01-31 00:00:00-05:00,3.0480000972747803,3.240000009536743,2.8380000591278076,3.1740000247955322,36600,0.0,0.0
2024-02-01 00:00:00-05:00,3.1019999980926514,3.1019999980926514,2.7060000896453857,2.8259999752044678,49267,0.0,0.0
2024-02-02 00:00:00-05:00,2.759999990463257,2.9639999866485596,2.7060000896453857,2.868000030517578,10283,0.0,0.0
2024-02-05 00:00:00-05:00,2.868000030517578,2.880000114440918,2.5260000228881836,2.628000020980835,32733,0.0,0.0
2024-02-06 00:00:00-05:00,2.628000020980835,2.7060000896453857,2.4000000953674316,2.634000062942505,53033,0.0,0.0
2024-02-07 00:00:00-05:00,2.436000108718872,2.6040000915527344,2.2019999027252197,2.447999954223633,72250,0.0,0.0
2024-02-08 00:00:00-05:00,2.3580000400543213,2.6700000762939453,2.3399999141693115,2.5799999237060547,66367,0.0,0.0
2024-02-09 00:00:00-05:00,2.819999933242798,2.940000057220459,2.7179999351501465,2.8559999465942383,84300,0.0,0.0
2024-02-12 00:00:00-05:00,2.880000114440918,3.2939999103546143,2.7899999618530273,3.01200008392334,87050,0.0,0.0
2024-02-13 00:00:00-05:00,2.819999933242798,3.1019999980926514,2.6700000762939453,2.940000057220459,40300,0.0,0.0
2024-02-14 00:00:00-05:00,3.119999885559082,3.2639999389648438,2.940000057220459,3.1080000400543213,80050,0.0,0.0
2024-02-15 00:00:00-05:00,3.2699999809265137,4.380000114440918,3.246000051498413,3.5399999618530273,684367,0.0,0.0
2024-02-16 00:00:00-05:00,3.7200000286102295,3.7739999294281006,3.4200000762939453,3.5940001010894775,109600,0.0,0.0
2024-02-20 00:00:00-05:00,3.5399999618530273,3.5999999046325684,3.0899999141693115,3.2820000648498535,65500,0.0,0.0
2024-02-21 00:00:00-05:00,3.1559998989105225,3.299999952316284,2.880000114440918,3.053999900817871,47333,0.0,0.0
2024-02-22 00:00:00-05:00,3.0,3.180000066757202,2.8499999046325684,3.1740000247955322,49217,0.0,0.0
2024-02-23 00:00:00-05:00,3.119999885559082,3.119999885559082,2.5920000076293945,2.874000072479248,23283,0.0,0.0
2024-02-26 00:00:00-05:00,2.940000057220459,3.299999952316284,2.8499999046325684,3.240000009536743,134050,0.0,0.0
2024-02-27 00:00:00-05:00,3.359999895095825,3.4800000190734863,3.0899999141693115,3.2100000381469727,200383,0.0,0.0
2024-02-28 00:00:00-05:00,3.4200000762939453,3.8399999141693115,3.131999969482422,3.240000009536743,351517,0.0,0.0
2024-02-29 00:00:00-05:00,3.2339999675750732,3.6600000858306885,3.180000066757202,3.444000005722046,213250,0.0,0.0
2024-03-01 00:00:00-05:00,3.299999952316284,3.4200000762939453,3.180000066757202,3.4079999923706055,65283,0.0,0.0
2024-03-04 00:00:00-05:00,3.5820000171661377,3.7079999446868896,3.312000036239624,3.4739999771118164,138500,0.0,0.0
2024-03-05 00:00:00-05:00,3.240000009536743,3.4200000762939453,2.7960000038146973,2.861999988555908,122383,0.0,0.0
2024-03-06 00:00:00-05:00,2.874000072479248,3.0,2.7060000896453857,2.861999988555908,74317,0.0,0.0
2024-03-07 00:00:00-05:00,2.7839999198913574,3.119999885559082,2.759999990463257,2.874000072479248,41233,0.0,0.0
2024-03-08 00:00:00-05:00,2.759999990463257,2.7899999618530273,2.4059998989105225,2.6040000915527344,332817,0.0,0.0
2024-03-11 00:00:00-04:00,2.9639999866485596,3.6600000858306885,2.861999988555908,3.3959999084472656,1008050,0.0,0.0
2024-03-12 00:00:00-04:00,3.259999990463257,3.549999952316284,3.059999942779541,3.259999990463257,454800,0.0,0.16666666666666666
2024-03-13 00:00:00-04:00,3.259999990463257,3.5799999237060547,3.180000066757202,3.309999942779541,205800,0.0,0.0
2024-03-14 00:00:00-04:00,3.25,3.309999942779541,3.009999990463257,3.049999952316284,195800,0.0,0.0
2024-03-15 00:00:00-04:00,3.0299999713897705,3.2300000190734863,2.859999895095825,3.180000066757202,622000,0.0,0.0
2024-03-18 00:00:00-04:00,3.140000104904175,3.3570001125335693,2.869999885559082,2.869999885559082,153700,0.0,0.0
2024-03-19 00:00:00-04:00,2.75,2.75,2.559999942779541,2.7200000286102295,214100,0.0,0.0
2024-03-20 00:00:00-04:00,2.700000047683716,2.930000066757202,2.630000114440918,2.930000066757202,173200,0.0,0.0
2024-03-21 00:00:00-04:00,2.859999895095825,2.990000009536743,2.859999895095825,2.9000000953674316,43900,0.0,0.0
2024-03-22 00:00:00-04:00,2.819999933242798,2.8499999046325684,2.549999952316284,2.6700000762939453,90200,0.0,0.0
2024-03-25 00:00:00-04:00,2.7200000286102295,3.058000087738037,2.700000047683716,3.0299999713897705,240300,0.0,0.0
2024-03-26 00:00:00-04:00,2.990000009536743,2.990000009536743,2.7809998989105225,2.880000114440918,45800,0.0,0.0
2024-03-27 00:00:00-04:00,3.0,3.2300000190734863,2.884999990463257,3.200000047683716,112000,0.0,0.0
2024-03-28 00:00:00-04:00,3.25,3.740000009536743,3.200000047683716,3.6600000858306885,191200,0.0,0.0
2024-04-01 00:00:00-04:00,3.7699999809265137,3.7699999809265137,3.321000099182129,3.430000066757202,149400,0.0,0.0
2024-04-02 00:00:00-04:00,3.25,3.319999933242798,3.109999895095825,3.2200000286102295,85400,0.0,0.0
2024-04-03 00:00:00-04:00,3.200000047683716,3.4690001010894775,3.0999999046325684,3.3399999141693115,66500,0.0,0.0
2024-04-04 00:00:00-04:00,3.299999952316284,3.5199999809265137,3.2799999713897705,3.3399999141693115,78300,0.0,0.0
2024-04-05 00:00:00-04:00,3.299999952316284,3.4579999446868896,3.2200000286102295,3.25,32800,0.0,0.0
2024-04-08 00:00:00-04:00,3.4100000858306885,3.5799999237060547,3.2200000286102295,3.319999933242798,76400,0.0,0.0
2024-04-09 00:00:00-04:00,3.3610000610351562,3.440000057220459,3.190000057220459,3.299999952316284,50300,0.0,0.0
2024-04-10 00:00:00-04:00,3.2699999809265137,3.2880001068115234,3.0999999046325684,3.2799999713897705,22500,0.0,0.0
2024-04-11 00:00:00-04:00,3.200000047683716,3.200000047683716,2.9200000762939453,3.009999990463257,45000,0.0,0.0
2024-04-12 00:00:00-04:00,3.049999952316284,3.059999942779541,2.799999952316284,2.819999933242798,58300,0.0,0.0
2024-04-15 00:00:00-04:00,2.799999952316284,2.990000009536743,2.609999895095825,2.611999988555908,42500,0.0,0.0
2024-04-16 00:00:00-04:00,2.569999933242798,2.819999933242798,2.380000114440918,2.440000057220459,51500,0.0,0.0
2024-04-17 00:00:00-04:00,2.4600000381469727,2.5950000286102295,2.312999963760376,2.5,31300,0.0,0.0
2024-04-18 00:00:00-04:00,2.5199999809265137,2.7799999713897705,2.450000047683716,2.6700000762939453,22700,0.0,0.0
2024-04-19 00:00:00-04:00,2.680000066757202,2.8299999237060547,2.549999952316284,2.5899999141693115,70000,0.0,0.0
2024-04-22 00:00:00-04:00,2.5999999046325684,2.75,2.440000057220459,2.75,40000,0.0,0.0
2024-04-23 00:00:00-04:00,2.75,2.9800000190734863,2.75,2.809999942779541,56300,0.0,0.0
2024-04-24 00:00:00-04:00,2.8299999237060547,2.8299999237060547,2.680000066757202,2.7300000190734863,14800,0.0,0.0
2024-04-25 00:00:00-04:00,2.697000026702881,2.7300000190734863,2.578000068664551,2.690000057220459,18000,0.0,0.0
2024-04-26 00:00:00-04:00,2.744999885559082,2.7899999618530273,2.559999942779541,2.7200000286102295,34100,0.0,0.0
2024-04-29 00:00:00-04:00,2.640000104904175,2.700000047683716,2.5899999141693115,2.619999885559082,17000,0.0,0.0
2024-04-30 00:00:00-04:00,2.559999942779541,2.559999942779541,2.4000000953674316,2.450000047683716,24100,0.0,0.0
2024-05-01 00:00:00-04:00,2.371000051498413,2.490000009536743,2.316999912261963,2.38700008392334,22700,0.0,0.0
2024-05-02 00:00:00-04:00,2.4100000858306885,2.490000009536743,2.3499999046325684,2.4000000953674316,29900,0.0,0.0
2024-05-03 00:00:00-04:00,2.5999999046325684,2.5999999046325684,2.25,2.380000114440918,90000,0.0,0.0
2024-05-06 00:00:00-04:00,2.390000104904175,2.505000114440918,2.3299999237060547,2.440000057220459,29100,0.0,0.0
2024-05-07 00:00:00-04:00,2.4200000762939453,2.680999994277954,2.4200000762939453,2.450000047683716,54800,0.0,0.0
2024-05-08 00:00:00-04:00,2.4800000190734863,2.5399999618530273,2.359999895095825,2.4800000190734863,60000,0.0,0.0
2024-05-09 00:00:00-04:00,2.5799999237060547,2.5799999237060547,2.380000114440918,2.4100000858306885,190500,0.0,0.0
2024-05-10 00:00:00-04:00,2.4260001182556152,2.447000026702881,2.2300000190734863,2.319999933242798,83400,0.0,0.0
2024-05-13 00:00:00-04:00,2.299999952316284,2.490000009536743,2.299999952316284,2.369999885559082,61200,0.0,0.0
2024-05-14 00:00:00-04:00,2.5799999237060547,2.5799999237060547,2.319999933242798,2.369999885559082,63100,0.0,0.0
2024-05-15 00:00:00-04:00,2.3499999046325684,2.5299999713897705,2.2799999713897705,2.359999895095825,264600,0.0,0.0
2024-05-16 00:00:00-04:00,2.640000104904175,3.5999999046325684,2.5199999809265137,3.109999895095825,594700,0.0,0.0
2024-05-17 00:00:00-04:00,3.1500000953674316,3.240000009536743,2.8499999046325684,2.990000009536743,121600,0.0,0.0
2024-05-20 00:00:00-04:00,2.950000047683716,3.140000104904175,2.809999942779541,2.8499999046325684,176100,0.0,0.0
2024-05-21 00:00:00-04:00,3.2899999618530273,3.569999933242798,2.930999994277954,3.2699999809265137,1470000,0.0,0.0
2024-05-22 00:00:00-04:00,3.450000047683716,4.050000190734863,3.25,3.7300000190734863,929900,0.0,0.0
2024-05-23 00:00:00-04:00,3.3499999046325684,3.4200000762939453,3.0999999046325684,3.200000047683716,184300,0.0,0.0
2024-05-24 00:00:00-04:00,3.200000047683716,3.549999952316284,3.180000066757202,3.440000057220459,130100,0.0,0.0
2024-05-28 00:00:00-04:00,3.440000057220459,3.440000057220459,3.0999999046325684,3.1600000858306885,80700,0.0,0.0
2024-05-29 00:00:00-04:00,3.140000104904175,3.4000000953674316,2.9000000953674316,3.0799999237060547,68300,0.0,0.0
2024-05-30 00:00:00-04:00,3.069999933242798,3.2100000381469727,3.009999990463257,3.1700000762939453,49700,0.0,0.0
2024-05-31 00:00:00-04:00,3.2799999713897705,3.2799999713897705,3.059999942779541,3.200000047683716,37100,0.0,0.0
2024-06-03 00:00:00-04:00,3.319999933242798,3.380000114440918,3.1700000762939453,3.2699999809265137,51900,0.0,0.0
2024-06-04 00:00:00-04:00,3.2699999809265137,3.5999999046325684,3.130000114440918,3.380000114440918,199200,0.0,0.0
2024-06-05 00:00:00-04:00,3.3399999141693115,3.690000057220459,3.2799999713897705,3.6600000858306885,189200,0.0,0.0
2024-06-06 00:00:00-04:00,3.549999952316284,4.150000095367432,3.4839999675750732,3.9600000381469727,95700,0.0,0.0
2024-06-07 00:00:00-04:00,3.8499999046325684,4.989999771118164,3.809999942779541,4.78000020980835,438500,0.0,0.0
2024-06-10 00:00:00-04:00,4.800000190734863,5.635000228881836,4.760000228881836,5.429999828338623,274200,0.0,0.0
2024-06-11 00:00:00-04:00,5.079999923706055,5.190000057220459,4.840000152587891,5.050000190734863,77000,0.0,0.0
2024-06-12 00:00:00-04:00,5.300000190734863,5.849999904632568,5.001999855041504,5.690000057220459,138900,0.0,0.0
2024-06-13 00:00:00-04:00,5.880000114440918,6.111000061035156,3.940000057220459,5.010000228881836,235600,0.0,0.0
2024-06-14 00:00:00-04:00,4.789999961853027,5.880000114440918,4.599999904632568,5.429999828338623,185900,0.0,0.0
2024-06-17 00:00:00-04:00,5.340000152587891,5.650000095367432,5.059999942779541,5.639999866485596,70400,0.0,0.0
2024-06-18 00:00:00-04:00,5.46999979019165,5.71999979019165,5.25,5.46999979019165,68800,0.0,0.0
2024-06-20 00:00:00-04:00,5.369999885559082,5.630000114440918,5.309999942779541,5.360000133514404,53200,0.0,0.0
2024-06-21 00:00:00-04:00,5.380000114440918,5.400000095367432,4.730000019073486,4.96999979019165,90000,0.0,0.0
2024-06-24 00:00:00-04:00,4.739999771118164,4.949999809265137,4.010000228881836,4.420000076293945,149200,0.0,0.0
2024-06-25 00:00:00-04:00,4.329999923706055,4.71999979019165,4.25,4.380000114440918,29400,0.0,0.0
2024-06-26 00:00:00-04:00,4.25,4.570000171661377,4.210000038146973,4.260000228881836,96100,0.0,0.0
2024-06-27 00:00:00-04:00,4.260000228881836,4.599999904632568,4.179999828338623,4.269999980926514,40300,0.0,0.0
2024-06-28 00:00:00-04:00,4.21999979019165,4.389999866485596,4.019999980926514,4.050000190734863,18700,0.0,0.0
2024-07-01 00:00:00-04:00,4.039999961853027,4.610000133514404,4.039999961853027,4.550000190734863,43000,0.0,0.0
2024-07-02 00:00:00-04:00,4.539999961853027,4.800000190734863,4.360000133514404,4.369999885559082,10500,0.0,0.0
2024-07-03 00:00:00-04:00,4.28000020980835,4.389999866485596,4.050000190734863,4.28000020980835,41000,0.0,0.0
2024-07-05 00:00:00-04:00,4.019999980926514,4.090000152587891,3.490000009536743,3.5899999141693115,145700,0.0,0.0
2024-07-08 00:00:00-04:00,3.890000104904175,3.990999937057495,3.6700000762939453,3.809999942779541,101300,0.0,0.0
2024-07-09 00:00:00-04:00,3.940000057220459,4.289999961853027,3.940000057220459,4.110000133514404,69200,0.0,0.0
2024-07-10 00:00:00-04:00,4.380000114440918,4.78000020980835,4.300000190734863,4.539999961853027,59400,0.0,0.0
2024-07-11 00:00:00-04:00,4.699999809265137,5.079999923706055,4.420000076293945,4.5,72100,0.0,0.0
2024-07-12 00:00:00-04:00,4.429999828338623,4.724999904632568,4.289999961853027,4.570000171661377,23400,0.0,0.0
2024-07-15 00:00:00-04:00,4.940000057220459,5.349999904632568,4.610000133514404,5.289999961853027,108600,0.0,0.0
2024-07-16 00:00:00-04:00,5.21999979019165,5.349999904632568,4.929999828338623,5.210000038146973,48700,0.0,0.0
2024-07-17 00:00:00-04:00,5.059999942779541,5.114999771118164,4.400000095367432,4.610000133514404,68200,0.0,0.0
2024-07-18 00:00:00-04:00,4.639999866485596,4.820000171661377,3.890000104904175,3.950000047683716,87000,0.0,0.0
2024-07-19 00:00:00-04:00,3.9600000381469727,4.360000133514404,3.9600000381469727,4.190000057220459,64800,0.0,0.0
2024-07-22 00:00:00-04:00,4.239999771118164,4.480000019073486,4.010000228881836,4.46999979019165,56100,0.0,0.0
2024-07-23 00:00:00-04:00,4.480000019073486,4.52400016784668,4.21999979019165,4.301000118255615,21100,0.0,0.0
2024-07-24 00:00:00-04:00,4.260000228881836,4.420000076293945,3.6689999103546143,3.799999952316284,46700,0.0,0.0
2024-07-25 00:00:00-04:00,3.9000000953674316,3.9200000762939453,3.700000047683716,3.7300000190734863,58100,0.0,0.0
2024-07-26 00:00:00-04:00,3.799999952316284,3.9600000381469727,3.740000009536743,3.869999885559082,44700,0.0,0.0
2024-07-29 00:00:00-04:00,4.0,4.070000171661377,3.615000009536743,3.630000114440918,52500,0.0,0.0
2024-07-30 00:00:00-04:00,3.569999933242798,3.640000104904175,3.450000047683716,3.549999952316284,50000,0.0,0.0
2024-07-31 00:00:00-04:00,3.549999952316284,3.8550000190734863,3.549999952316284,3.609999895095825,16100,0.0,0.0
2024-08-01 00:00:00-04:00,3.640000104904175,3.8499999046325684,3.569999933242798,3.5999999046325684,31200,0.0,0.0
2024-08-02 00:00:00-04:00,3.569999933242798,3.569999933242798,3.319999933242798,3.4100000858306885,40100,0.0,0.0
2024-08-05 00:00:00-04:00,2.9800000190734863,3.259999990463257,2.759999990463257,3.130000114440918,49300,0.0,0.0
2024-08-06 00:00:00-04:00,3.2100000381469727,3.4000000953674316,3.0799999237060547,3.1449999809265137,12200,0.0,0.0
2024-08-07 00:00:00-04:00,3.2699999809265137,3.309999942779541,2.819999933242798,2.880000114440918,19600,0.0,0.0
2024-08-08 00:00:00-04:00,2.950000047683716,3.4200000762939453,2.9000000953674316,3.369999885559082,30300,0.0,0.0
2024-08-09 00:00:00-04:00,3.496000051498413,3.496000051498413,3.2290000915527344,3.369999885559082,10500,0.0,0.0
2024-08-12 00:00:00-04:00,3.240000009536743,3.4600000381469727,3.069999933242798,3.2100000381469727,34800,0.0,0.0
2024-08-13 00:00:00-04:00,3.256999969482422,3.259999990463257,2.9000000953674316,3.059999942779541,41200,0.0,0.0
2024-08-14 00:00:00-04:00,2.9600000381469727,3.119999885559082,2.7899999618530273,2.8299999237060547,61100,0.0,0.0
2024-08-15 00:00:00-04:00,3.0899999141693115,3.0899999141693115,2.7960000038146973,2.930000066757202,22000,0.0,0.0
2024-08-16 00:00:00-04:00,2.7200000286102295,3.069999933242798,2.7200000286102295,3.0,69000,0.0,0.0
2024-08-19 00:00:00-04:00,2.990000009536743,3.130000114440918,2.7699999809265137,2.950000047683716,60600,0.0,0.0
2024-08-20 00:00:00-04:00,2.950000047683716,3.0799999237060547,2.7300000190734863,2.8499999046325684,38100,0.0,0.0
2024-08-21 00:00:00-04:00,2.9000000953674316,3.1500000953674316,2.7899999618530273,3.0299999713897705,92000,0.0,0.0
2024-08-22 00:00:00-04:00,3.0199999809265137,3.2699999809265137,2.930000066757202,3.059999942779541,44900,0.0,0.0
2024-08-23 00:00:00-04:00,3.140000104904175,3.318000078201294,3.009999990463257,3.2200000286102295,69700,0.0,0.0
2024-08-26 00:00:00-04:00,3.2699999809265137,3.2699999809265137,2.700000047683716,2.940000057220459,98400,0.0,0.0
2024-08-27 00:00:00-04:00,2.9700000286102295,2.9700000286102295,2.7799999713897705,2.819999933242798,34700,0.0,0.0
2024-08-28 00:00:00-04:00,2.7300000190734863,2.9000000953674316,2.549999952316284,2.640000104904175,43900,0.0,0.0
2024-08-29 00:00:00-04:00,2.690000057220459,2.890000104904175,2.5899999141693115,2.680000066757202,34100,0.0,0.0
2024-08-30 00:00:00-04:00,2.7300000190734863,2.869999885559082,2.640000104904175,2.799999952316284,43200,0.0,0.0
2024-09-03 00:00:00-04:00,2.7799999713897705,2.7799999713897705,2.5,2.5299999713897705,21100,0.0,0.0
2024-09-04 00:00:00-04:00,2.5199999809265137,2.619999885559082,2.4600000381469727,2.5,13300,0.0,0.0
2024-09-05 00:00:00-04:00,2.509999990463257,2.618000030517578,2.4000000953674316,2.4000000953674316,22200,0.0,0.0
2024-09-06 00:00:00-04:00,2.5,2.5,2.2100000381469727,2.390000104904175,31800,0.0,0.0
2024-09-09 00:00:00-04:00,2.6500000953674316,2.6500000953674316,2.4000000953674316,2.5,12000,0.0,0.0
2024-09-10 00:00:00-04:00,2.5,2.559999942779541,2.359999895095825,2.5299999713897705,37700,0.0,0.0
2024-09-11 00:00:00-04:00,2.4000000953674316,2.4600000381469727,2.190000057220459,2.319999933242798,17100,0.0,0.0
2024-09-12 00:00:00-04:00,2.4100000858306885,2.7200000286102295,2.380000114440918,2.430000066757202,53700,0.0,0.0
2024-09-13 00:00:00-04:00,2.450000047683716,2.7899999618530273,2.3299999237060547,2.6500000953674316,61800,0.0,0.0
2024-09-16 00:00:00-04:00,2.6500000953674316,2.8299999237060547,2.4000000953674316,2.4700000286102295,30000,0.0,0.0
2024-09-17 00:00:00-04:00,2.5999999046325684,2.813999891281128,2.319999933242798,2.4600000381469727,30300,0.0,0.0
2024-09-18 00:00:00-04:00,2.430000066757202,2.6700000762939453,2.4000000953674316,2.4600000381469727,36600,0.0,0.0
2024-09-19 00:00:00-04:00,2.5999999046325684,2.619999885559082,2.365999937057495,2.5199999809265137,62600,0.0,0.0
2024-09-20 00:00:00-04:00,2.559999942779541,2.5799999237060547,2.4000000953674316,2.490000009536743,25300,0.0,0.0
2024-09-23 00:00:00-04:00,2.569999933242798,2.690000057220459,2.4200000762939453,2.559999942779541,55200,0.0,0.0
2024-09-24 00:00:00-04:00,2.5460000038146973,2.680000066757202,2.4600000381469727,2.5899999141693115,44500,0.0,0.0
2024-09-25 00:00:00-04:00,2.5299999713897705,3.1029999256134033,2.5299999713897705,2.819999933242798,115300,0.0,0.0
2024-09-26 00:00:00-04:00,2.990000009536743,3.1070001125335693,2.674999952316284,2.9200000762939453,123000,0.0,0.0
2024-09-27 00:00:00-04:00,2.927000045776367,3.0399999618530273,2.799999952316284,2.930000066757202,98200,0.0,0.0
2024-09-30 00:00:00-04:00,2.880000114440918,2.9200000762939453,2.622999906539917,2.6600000858306885,55300,0.0,0.0
2024-10-01 00:00:00-04:00,2.75,2.75,2.4700000286102295,2.549999952316284,29600,0.0,0.0
2024-10-02 00:00:00-04:00,2.5199999809265137,2.9100000858306885,2.4700000286102295,2.559999942779541,83900,0.0,0.0
2024-10-03 00:00:00-04:00,2.609999895095825,2.6480000019073486,2.509999990463257,2.569999933242798,31500,0.0,0.0
2024-10-04 00:00:00-04:00,2.700000047683716,2.700000047683716,2.490000009536743,2.549999952316284,49000,0.0,0.0
2024-10-07 00:00:00-04:00,2.5399999618530273,2.615999937057495,2.4000000953674316,2.430000066757202,38300,0.0,0.0
2024-10-08 00:00:00-04:00,2.490000009536743,2.490000009536743,2.240000009536743,2.299999952316284,58200,0.0,0.0
2024-10-09 00:00:00-04:00,2.2699999809265137,2.4049999713897705,2.259999990463257,2.390000104904175,34300,0.0,0.0
2024-10-10 00:00:00-04:00,2.390000104904175,2.4000000953674316,2.299999952316284,2.359999895095825,24500,0.0,0.0
2024-10-11 00:00:00-04:00,2.390000104904175,2.634999990463257,2.380000114440918,2.569999933242798,50300,0.0,0.0
2024-10-14 00:00:00-04:00,2.5899999141693115,3.049999952316284,2.5899999141693115,2.8399999141693115,160800,0.0,0.0
2024-10-15 00:00:00-04:00,2.8499999046325684,3.200000047683716,2.819999933242798,2.9649999141693115,154700,0.0,0.0
2024-10-16 00:00:00-04:00,3.009999990463257,3.059999942779541,2.890000104904175,2.9649999141693115,59900,0.0,0.0
2024-10-17 00:00:00-04:00,2.9600000381469727,2.984999895095825,2.6500000953674316,2.7699999809265137,143900,0.0,0.0
2024-10-18 00:00:00-04:00,2.809999942779541,3.1600000858306885,2.809999942779541,3.069999933242798,90000,0.0,0.0
2024-10-21 00:00:00-04:00,3.0399999618530273,3.0399999618530273,2.7799999713897705,2.8399999141693115,63200,0.0,0.0
2024-10-22 00:00:00-04:00,2.809999942779541,2.871000051498413,2.5999999046325684,2.740000009536743,44900,0.0,0.0
2024-10-23 00:00:00-04:00,2.680000066757202,2.7699999809265137,2.5899999141693115,2.5999999046325684,34500,0.0,0.0
2024-10-24 00:00:00-04:00,2.6700000762939453,2.9200000762939453,2.640000104904175,2.869999885559082,120700,0.0,0.0
2024-10-25 00:00:00-04:00,2.8499999046325684,3.0,2.7200000286102295,2.7899999618530273,81800,0.0,0.0
2024-10-28 00:00:00-04:00,2.880000114440918,3.0899999141693115,2.8299999237060547,3.059999942779541,144400,0.0,0.0
2024-10-29 00:00:00-04:00,3.0999999046325684,3.390000104904175,3.0399999618530273,3.119999885559082,242900,0.0,0.0
2024-10-30 00:00:00-04:00,3.0999999046325684,3.1600000858306885,2.930000066757202,2.9700000286102295,99100,0.0,0.0
2024-10-31 00:00:00-04:00,2.9100000858306885,2.9100000858306885,2.7860000133514404,2.7899999618530273,27500,0.0,0.0
2024-11-01 00:00:00-04:00,2.9260001182556152,2.9700000286102295,2.700000047683716,2.75,39400,0.0,0.0
2024-11-04 00:00:00-05:00,2.759999990463257,2.799999952316284,2.5999999046325684,2.630000114440918,38200,0.0,0.0
2024-11-05 00:00:00-05:00,2.6600000858306885,2.819999933242798,2.5999999046325684,2.6600000858306885,46200,0.0,0.0
2024-11-06 00:00:00-05:00,2.990000009536743,3.299999952316284,2.8499999046325684,3.1600000858306885,303400,0.0,0.0
2024-11-07 00:00:00-05:00,3.1600000858306885,3.240000009536743,3.009999990463257,3.2100000381469727,115500,0.0,0.0
2024-11-08 00:00:00-05:00,3.2100000381469727,3.25,2.990000009536743,3.119999885559082,82900,0.0,0.0
2024-11-11 00:00:00-05:00,3.25,3.7200000286102295,3.25,3.509999990463257,395600,0.0,0.0
2024-11-12 00:00:00-05:00,3.4200000762939453,4.380000114440918,3.2699999809265137,3.4000000953674316,1102300,0.0,0.0
2024-11-13 00:00:00-05:00,3.440000057220459,3.75,2.9100000858306885,2.940000057220459,608500,0.0,0.0
2024-11-14 00:00:00-05:00,3.0999999046325684,3.700000047683716,2.619999885559082,2.6500000953674316,911500,0.0,0.0
2024-11-15 00:00:00-05:00,2.8499999046325684,2.9600000381469727,2.4600000381469727,2.6500000953674316,365600,0.0,0.0
2024-11-18 00:00:00-05:00,2.619999885559082,2.8399999141693115,2.5,2.700000047683716,300700,0.0,0.0
2024-11-19 00:00:00-05:00,2.740000009536743,2.9000000953674316,2.609999895095825,2.799999952316284,229300,0.0,0.0
2024-11-20 00:00:00-05:00,2.940000057220459,3.140000104904175,2.799999952316284,2.930000066757202,262700,0.0,0.0
2024-11-21 00:00:00-05:00,3.299999952316284,3.4000000953674316,2.8499999046325684,3.0899999141693115,498200,0.0,0.0
2024-11-22 00:00:00-05:00,3.0899999141693115,3.119999885559082,2.859999895095825,3.0399999618530273,204400,0.0,0.0
2024-11-25 00:00:00-05:00,3.0799999237060547,3.0799999237060547,2.799999952316284,2.799999952316284,153500,0.0,0.0
2024-11-26 00:00:00-05:00,2.7799999713897705,2.890000104904175,2.6570000648498535,2.7100000381469727,111600,0.0,0.0
2024-11-27 00:00:00-05:00,2.7699999809265137,3.0299999713897705,2.759999990463257,2.9800000190734863,114400,0.0,0.0
2024-11-29 00:00:00-05:00,3.0299999713897705,3.0999999046325684,2.9200000762939453,3.0199999809265137,105500,0.0,0.0
2024-12-02 00:00:00-05:00,3.0,3.0299999713897705,2.809999942779541,3.0,93400,0.0,0.0
2024-12-03 00:00:00-05:00,2.9000000953674316,3.059999942779541,2.9000000953674316,2.990000009536743,47400,0.0,0.0
2024-12-04 00:00:00-05:00,3.0299999713897705,3.0999999046325684,2.8499999046325684,3.0899999141693115,150200,0.0,0.0
2024-12-05 00:00:00-05:00,3.25,3.3580000400543213,2.880000114440918,2.930000066757202,217400,0.0,0.0
2024-12-06 00:00:00-05:00,2.9700000286102295,3.0799999237060547,2.8499999046325684,2.950000047683716,179200,0.0,0.0
2024-12-09 00:00:00-05:00,2.9100000858306885,3.0,2.7899999618530273,2.8499999046325684,72800,0.0,0.0
2024-12-10 00:00:00-05:00,2.9000000953674316,2.940000057220459,2.7100000381469727,2.7699999809265137,91200,0.0,0.0
2024-12-11 00:00:00-05:00,2.8399999141693115,2.9240000247955322,2.7300000190734863,2.9000000953674316,66100,0.0,0.0
2024-12-12 00:00:00-05:00,2.880000114440918,2.880000114440918,2.690000057220459,2.740000009536743,58500,0.0,0.0
2024-12-13 00:00:00-05:00,2.75,2.8399999141693115,2.6700000762939453,2.7100000381469727,60200,0.0,0.0
2024-12-16 00:00:00-05:00,2.740000009536743,2.9000000953674316,2.6989998817443848,2.7899999618530273,159100,0.0,0.0
2024-12-17 00:00:00-05:00,2.7699999809265137,2.8499999046325684,2.5999999046325684,2.640000104904175,171000,0.0,0.0
2024-12-18 00:00:00-05:00,2.5799999237060547,2.6549999713897705,2.180000066757202,2.2799999713897705,298400,0.0,0.0
2024-12-19 00:00:00-05:00,2.390000104904175,2.430000066757202,2.2320001125335693,2.309999942779541,109300,0.0,0.0
2024-12-20 00:00:00-05:00,2.180000066757202,2.440000057220459,2.1449999809265137,2.259999990463257,90800,0.0,0.0
2024-12-23 00:00:00-05:00,2.259999990463257,2.365999937057495,2.109999895095825,2.2300000190734863,73800,0.0,0.0
2024-12-24 00:00:00-05:00,2.2300000190734863,2.3299999237060547,2.200000047683716,2.2300000190734863,40000,0.0,0.0
2024-12-26 00:00:00-05:00,2.200000047683716,2.4000000953674316,2.200000047683716,2.2950000762939453,71900,0.0,0.0
2024-12-27 00:00:00-05:00,2.5,2.5899999141693115,2.319999933242798,2.390000104904175,107500,0.0,0.0
2024-12-30 00:00:00-05:00,2.2899999618530273,2.440000057220459,2.2149999141693115,2.2699999809265137,95200,0.0,0.0
2024-12-31 00:00:00-05:00,2.2699999809265137,2.299999952316284,2.119999885559082,2.1500000953674316,86500,0.0,0.0
2025-01-02 00:00:00-05:00,2.130000114440918,2.390000104904175,2.130000114440918,2.369999885559082,71900,0.0,0.0
2025-01-03 00:00:00-05:00,2.3499999046325684,2.450000047683716,2.3499999046325684,2.390000104904175,40800,0.0,0.0
2025-01-06 00:00:00-05:00,2.430000066757202,2.549999952316284,2.359999895095825,2.380000114440918,86400,0.0,0.0
2025-01-07 00:00:00-05:00,2.380000114440918,2.380000114440918,2.200000047683716,2.25,104800,0.0,0.0
2025-01-08 00:00:00-05:00,2.240000009536743,2.309000015258789,2.059999942779541,2.1500000953674316,41500,0.0,0.0
2025-01-10 00:00:00-05:00,2.1500000953674316,2.1760001182556152,2.0,2.059999942779541,55600,0.0,0.0
2025-01-13 00:00:00-05:00,2.0399999618530273,2.049999952316284,1.850000023841858,1.9500000476837158,115300,0.0,0.0
2025-01-14 00:00:00-05:00,2.0,2.056999921798706,1.840000033378601,1.9299999475479126,33700,0.0,0.0
2025-01-15 00:00:00-05:00,1.9900000095367432,2.1500000953674316,1.9850000143051147,2.109999895095825,66600,0.0,0.0
2025-01-16 00:00:00-05:00,2.1500000953674316,2.180000066757202,2.0299999713897705,2.0899999141693115,34500,0.0,0.0
2025-01-17 00:00:00-05:00,2.1600000858306885,2.369999885559082,2.109999895095825,2.190000057220459,214000,0.0,0.0
2025-01-21 00:00:00-05:00,2.190000057220459,2.190000057220459,2.0299999713897705,2.075000047683716,93900,0.0,0.0
2025-01-22 00:00:00-05:00,2.052000045776367,2.140000104904175,1.899999976158142,1.9700000286102295,50600,0.0,0.0
2025-01-23 00:00:00-05:00,1.9500000476837158,2.109999895095825,1.940000057220459,2.049999952316284,138900,0.0,0.0
2025-01-24 00:00:00-05:00,2.0799999237060547,2.2799999713897705,2.0799999237060547,2.1600000858306885,139200,0.0,0.0
2025-01-27 00:00:00-05:00,2.130000114440918,2.130000114440918,1.909999966621399,1.9700000286102295,73800,0.0,0.0
2025-01-28 00:00:00-05:00,1.9700000286102295,2.0190000534057617,1.899999976158142,1.9299999475479126,36700,0.0,0.0
2025-01-29 00:00:00-05:00,1.9600000381469727,2.0,1.840000033378601,1.9500000476837158,45200,0.0,0.0
2025-01-30 00:00:00-05:00,1.9500000476837158,2.0399999618530273,1.9500000476837158,1.9600000381469727,50900,0.0,0.0
2025-01-31 00:00:00-05:00,1.940000057220459,1.9900000095367432,1.8700000047683716,1.8799999952316284,60100,0.0,0.0
2025-02-03 00:00:00-05:00,1.8200000524520874,1.940000057220459,1.75,1.8300000429153442,50600,0.0,0.0
2025-02-04 00:00:00-05:00,1.809999942779541,2.049999952316284,1.809999942779541,1.9199999570846558,44100,0.0,0.0
2025-02-05 00:00:00-05:00,2.0,2.0199999809265137,1.8509999513626099,1.899999976158142,23200,0.0,0.0
2025-02-06 00:00:00-05:00,1.940000057220459,1.940000057220459,1.8700000047683716,1.9149999618530273,9600,0.0,0.0
2025-02-07 00:00:00-05:00,2.009999990463257,2.009999990463257,1.909999966621399,1.9199999570846558,17600,0.0,0.0
2025-02-10 00:00:00-05:00,1.9500000476837158,1.9800000190734863,1.840000033378601,1.8799999952316284,22500,0.0,0.0
2025-02-11 00:00:00-05:00,1.899999976158142,1.9129999876022339,1.8200000524520874,1.8200000524520874,24400,0.0,0.0
2025-02-12 00:00:00-05:00,1.8200000524520874,1.906000018119812,1.7999999523162842,1.899999976158142,70100,0.0,0.0
2025-02-13 00:00:00-05:00,1.9299999475479126,2.0199999809265137,1.9199999570846558,1.9900000095367432,31500,0.0,0.0
2025-02-14 00:00:00-05:00,2.0,2.0350000858306885,1.850000023841858,1.8899999856948853,34800,0.0,0.0
2025-02-18 00:00:00-05:00,1.909999966621399,1.9500000476837158,1.8660000562667847,1.9149999618530273,35900,0.0,0.0
2025-02-19 00:00:00-05:00,1.940000057220459,1.9800000190734863,1.850000023841858,1.9299999475479126,21800,0.0,0.0
2025-02-20 00:00:00-05:00,1.9110000133514404,1.9199999570846558,1.805999994277954,1.809999942779541,45200,0.0,0.0
2025-02-21 00:00:00-05:00,1.850000023841858,1.8700000047683716,1.7300000190734863,1.7300000190734863,42600,0.0,0.0
2025-02-24 00:00:00-05:00,1.7699999809265137,1.7699999809265137,1.6200000047683716,1.6440000534057617,88800,0.0,0.0
2025-02-25 00:00:00-05:00,1.5499999523162842,1.590000033378601,1.4299999475479126,1.5099999904632568,89000,0.0,0.0
2025-02-26 00:00:00-05:00,1.5099999904632568,1.600000023841858,1.440000057220459,1.4800000190734863,47400,0.0,0.0
2025-02-27 00:00:00-05:00,1.5700000524520874,1.5700000524520874,1.3700000047683716,1.3700000047683716,40100,0.0,0.0
2025-02-28 00:00:00-05:00,1.3799999952316284,1.5399999618530273,1.3700000047683716,1.5,30400,0.0,0.0
