Date,Open,High,Low,Close,Volume,Dividends,Stock Splits
1997-03-27 00:00:00-05:00,1.5309627010772113,1.5541591056389872,1.4845698919536594,1.5019675493240356,10659200,0.0,0.0
1997-03-31 00:00:00-05:00,1.5193644486940825,1.5193644486940825,1.4845698429987981,1.5077662467956543,1594400,0.0,0.0
1997-04-01 00:00:00-05:00,1.5425608433894258,1.5541590452194214,1.5077662378994388,1.5541590452194214,2324000,0.0,0.0
1997-04-02 00:00:00-05:00,1.5831548467065548,1.5889535934636088,1.530962586402893,1.530962586402893,745600,0.0,0.0
1997-04-03 00:00:00-05:00,1.5541590452194214,1.5657572470494172,1.5193644397294344,1.5541590452194214,651200,0.0,0.0
1997-04-04 00:00:00-05:00,1.554159058000824,1.588953663776962,1.554159058000824,1.5831549167633057,1029600,0.0,0.0
1997-04-07 00:00:00-04:00,1.5889536418776582,1.612150045408719,1.5889536418776582,1.6005518436431885,299200,0.0,0.0
1997-04-08 00:00:00-04:00,1.6237482111504737,1.6353464126586914,1.6005518081340384,1.6353464126586914,464800,0.0,0.0
1997-04-09 00:00:00-04:00,1.6469446420669558,1.6759405002777246,1.6353464403622588,1.6469446420669556,406400,0.0,0.0
1997-04-10 00:00:00-04:00,1.6585426620311206,1.6817390628986888,1.6585426620311206,1.6701408624649048,343200,0.0,0.0
1997-04-11 00:00:00-04:00,1.6701410454763495,1.6817392471810464,1.6353464403622588,1.6469446420669556,656800,0.0,0.0
1997-04-14 00:00:00-04:00,1.6585426330566406,1.6585426330566406,1.63534623259431,1.6585426330566406,246400,0.0,0.0
1997-04-15 00:00:00-04:00,1.6817394495010378,1.6933376526010449,1.6585430433010233,1.6817394495010376,120000,0.0,0.0
1997-04-16 00:00:00-04:00,1.7165340588010591,1.7165340588010591,1.6817394495010378,1.6817394495010376,83200,0.0,0.0
1997-04-17 00:00:00-04:00,1.6933376526010449,1.7165340588010591,1.6701412464010306,1.6817394495010376,420000,0.0,0.0
1997-04-18 00:00:00-04:00,1.7165339533487955,1.7513285605112712,1.7165339533487955,1.7397303581237793,307200,0.0,0.0
1997-04-21 00:00:00-04:00,1.7629265501009708,1.7629265501009708,1.7281319471384518,1.7513283491134644,76000,0.0,0.0
1997-04-22 00:00:00-04:00,1.7397301761727584,1.7629265785217285,1.7397301761727584,1.7629265785217285,119200,0.0,0.0
1997-04-23 00:00:00-04:00,1.7397305276712725,1.7397305276712725,1.7165341206356555,1.7339317798614502,148000,0.0,0.0
1997-04-24 00:00:00-04:00,1.7513283491134644,1.7513283491134644,1.7281319471384518,1.7513283491134644,169600,0.0,0.0
1997-04-25 00:00:00-04:00,1.7397305449923954,1.7397305449923954,1.71653413772583,1.71653413772583,455200,0.0,0.0
1997-04-28 00:00:00-04:00,1.7165339646274096,1.7165339646274096,1.6933375597000122,1.6933375597000122,67200,0.0,0.0
1997-04-29 00:00:00-04:00,1.693337730459265,1.71653413772583,1.693337730459265,1.71653413772583,5600,0.0,0.0
1997-04-30 00:00:00-04:00,1.7281319527398973,1.7281319527398973,1.7049355506896973,1.7049355506896973,15200,0.0,0.0
1997-05-01 00:00:00-04:00,1.7281320095062256,1.7281320095062256,1.7281320095062256,1.7281320095062256,1600,0.0,0.0
1997-05-02 00:00:00-04:00,1.6933375597000122,1.704935762163711,1.6933375597000122,1.6933375597000122,165600,0.0,0.0
1997-05-05 00:00:00-04:00,1.6933376526010449,1.704935855701052,1.6701412464010306,1.6817394495010376,464000,0.0,0.0
1997-05-06 00:00:00-04:00,1.7513285720185057,1.7513285720185057,1.6817393572363135,1.6933375597000122,716800,0.0,0.0
1997-05-07 00:00:00-04:00,1.670140649280409,1.670140649280409,1.5889532566070557,1.5889532566070557,1116800,0.0,0.0
1997-05-08 00:00:00-04:00,1.6005518081340384,1.6353464126586914,1.6005518081340384,1.6353464126586914,239200,0.0,0.0
1997-05-09 00:00:00-04:00,1.6585427871772223,1.6643422417807026,1.6237481832504275,1.6237481832504272,714400,0.0,0.0
1997-05-12 00:00:00-04:00,1.612149837281969,1.6353462378184,1.5541588359408909,1.5657570362091064,859200,0.0,0.0
1997-05-13 00:00:00-04:00,1.5889539464431652,1.6005521504318014,1.5657575384658926,1.5773557424545288,895200,0.0,0.0
1997-05-14 00:00:00-04:00,1.6121499819414957,1.6469445858682905,1.6121499819414957,1.6237481832504272,1036000,0.0,0.0
1997-05-15 00:00:00-04:00,1.6469446420669558,1.6701410454763495,1.6469446420669558,1.6469446420669556,48000,0.0,0.0
1997-05-16 00:00:00-04:00,1.6817391897950855,1.6817391897950855,1.6237481832504275,1.6237481832504272,302400,0.0,0.0
1997-05-19 00:00:00-04:00,1.6585428156751267,1.6585428156751267,1.6353464126586914,1.6353464126586914,4800,0.0,0.0
1997-05-20 00:00:00-04:00,1.6353464126586914,1.6353464126586914,1.6353464126586914,1.6353464126586914,0,0.0,0.0
1997-05-21 00:00:00-04:00,1.6701408332878058,1.6701408332878058,1.6237480323631446,1.6585426330566406,120800,0.0,0.0
1997-05-22 00:00:00-04:00,1.6353465979047817,1.6469448007268015,1.6121501922607422,1.6121501922607422,332800,0.0,0.0
1997-05-23 00:00:00-04:00,1.6498439875694533,1.6585428156751267,1.6353464126586914,1.6353464126586914,447200,0.0,0.0
1997-05-27 00:00:00-04:00,1.6353465979047817,1.6353465979047817,1.6121501922607422,1.6121501922607422,88800,0.0,0.0
1997-05-28 00:00:00-04:00,1.623748395082762,1.623748395082762,1.6121501922607422,1.6121501922607422,64000,0.0,0.0
1997-05-29 00:00:00-04:00,1.6353464126586914,1.6353464126586914,1.6353464126586914,1.6353464126586914,1600,0.0,0.0
1997-05-30 00:00:00-04:00,1.5889532566070557,1.5889532566070557,1.5657568587003834,1.5889532566070557,49600,0.0,0.0
1997-06-02 00:00:00-04:00,1.6005518436431885,1.6005518436431885,1.6005518436431885,1.6005518436431885,31200,0.0,0.0
1997-06-03 00:00:00-04:00,1.600551455560392,1.600551455560392,1.5773550576537194,1.5889532566070557,34400,0.0,0.0
1997-06-04 00:00:00-04:00,1.5773557424545288,1.5773557424545288,1.5773557424545288,1.5773557424545288,81600,0.0,0.0
1997-06-05 00:00:00-04:00,1.5541588359408909,1.5889534367455378,1.5541588359408909,1.5657570362091064,16000,0.0,0.0
1997-06-06 00:00:00-04:00,1.5657573809726633,1.6353465979047817,1.5657573809726633,1.6121501922607422,244000,0.0,0.0
1997-06-09 00:00:00-04:00,1.612150045408719,1.6469446507053098,1.6005518436431885,1.6005518436431885,323200,0.0,0.0
1997-06-10 00:00:00-04:00,1.6237481832504275,1.6237481832504275,1.6237481832504275,1.6237481832504272,58400,0.0,0.0
1997-06-11 00:00:00-04:00,1.6237481832504275,1.6237481832504275,1.6237481832504275,1.6237481832504272,0,0.0,0.0
1997-06-12 00:00:00-04:00,1.6353464126586914,1.6585428156751267,1.6353464126586914,1.6353464126586914,50400,0.0,0.0
1997-06-13 00:00:00-04:00,1.6353464403622588,1.6585428437716525,1.623748238657562,1.6469446420669556,48000,0.0,0.0
1997-06-16 00:00:00-04:00,1.6469446420669558,1.6469446420669558,1.6469446420669558,1.6469446420669556,4800,0.0,0.0
1997-06-17 00:00:00-04:00,1.6237481832504275,1.6237481832504275,1.6237481832504275,1.6237481832504272,1600,0.0,0.0
1997-06-18 00:00:00-04:00,1.6353464126586914,1.6353464126586914,1.6353464126586914,1.6353464126586914,800,0.0,0.0
1997-06-19 00:00:00-04:00,1.5889536418776582,1.6005518436431885,1.5889536418776582,1.6005518436431885,28000,0.0,0.0
1997-06-20 00:00:00-04:00,1.6005518436431885,1.6237482471742493,1.6005518436431885,1.6005518436431885,9600,0.0,0.0
1997-06-23 00:00:00-04:00,1.600551455560392,1.600551455560392,1.5773550576537194,1.5889532566070557,49600,0.0,0.0
1997-06-24 00:00:00-04:00,1.5541589892271794,1.5541589892271794,1.530962586402893,1.530962586402893,106400,0.0,0.0
1997-06-25 00:00:00-04:00,1.5309625581930613,1.5309625581930613,1.519364356994629,1.519364356994629,24000,0.0,0.0
1997-06-26 00:00:00-04:00,1.5541593344772564,1.5773557424545288,1.5541593344772564,1.5773557424545288,34400,0.0,0.0
1997-06-27 00:00:00-04:00,1.5425608433894258,1.5657572470494172,1.5425608433894258,1.5541590452194214,95200,0.0,0.0
1997-06-30 00:00:00-04:00,1.565757161788358,1.565757161788358,1.519364356994629,1.519364356994629,221600,0.0,0.0
1997-07-01 00:00:00-04:00,1.5077662467956543,1.5077662467956543,1.5077662467956543,1.5077662467956543,214400,0.0,0.0
1997-07-02 00:00:00-04:00,1.4961680448972263,1.5309626505925105,1.4845698429987981,1.5077662467956543,370400,0.0,0.0
1997-07-03 00:00:00-04:00,1.5077662190725636,1.5309626224429107,1.4961680173873901,1.4961680173873901,86400,0.0,0.0
1997-07-07 00:00:00-04:00,1.5077663237048735,1.5077663237048735,1.426578906274611,1.4381771087646484,160800,0.0,0.0
1997-07-08 00:00:00-04:00,1.3685879707336426,1.3685879707336426,1.356989767591832,1.3685879707336426,33600,0.0,0.0
1997-07-09 00:00:00-04:00,1.2874004197331657,1.3221950256718997,1.2874004197331657,1.3105968236923218,36000,0.0,0.0
1997-07-10 00:00:00-04:00,1.3221949977534158,1.3366925729472507,1.2989985942840576,1.2989985942840576,476800,0.0,0.0
1997-07-11 00:00:00-04:00,1.356989566139553,1.356989566139553,1.3337931632995605,1.3337931632995605,96000,0.0,0.0
1997-07-14 00:00:00-04:00,1.356989566139553,1.356989566139553,1.3337931632995605,1.3337931632995605,3200,0.0,0.0
1997-07-15 00:00:00-04:00,1.3105967604595683,1.3337931632995605,1.3105967604595683,1.3337931632995605,15200,0.0,0.0
1997-07-16 00:00:00-04:00,1.3337933755757516,1.3337933755757516,1.3221951723098755,1.3221951723098755,36800,0.0,0.0
1997-07-17 00:00:00-04:00,1.380186096314461,1.472971716234761,1.374387349018493,1.4381771087646484,574400,0.0,0.0
1997-07-18 00:00:00-04:00,1.5193644207577373,1.5541590258132578,1.4845698157022165,1.4961680173873901,784800,0.0,0.0
1997-07-21 00:00:00-04:00,1.4497751835733652,1.484569787979126,1.4497751835733652,1.484569787979126,95200,0.0,0.0
1997-07-22 00:00:00-04:00,1.6005521504318014,1.6005521504318014,1.5541593344772564,1.5773557424545288,1110400,0.0,0.0
1997-07-23 00:00:00-04:00,1.5773553056039282,1.5889535063804276,1.5498099327087402,1.5498099327087402,120800,0.0,0.0
1997-07-24 00:00:00-04:00,1.5541591375393975,1.5541591375393975,1.5193645299825453,1.5425609350204468,92000,0.0,0.0
1997-07-25 00:00:00-04:00,1.5425609350204468,1.5425609350204468,1.5077663274635946,1.5425609350204468,92000,0.0,0.0
1997-07-28 00:00:00-04:00,1.5541589892271794,1.5541589892271794,1.530962586402893,1.530962586402893,122400,0.0,0.0
1997-07-29 00:00:00-04:00,1.5425608467629595,1.5425608467629595,1.4787710905075073,1.4787710905075073,136000,0.0,0.0
1997-07-30 00:00:00-04:00,1.4671730493755604,1.472971796989441,1.4497753907376387,1.472971796989441,1334400,0.0,0.0
1997-07-31 00:00:00-04:00,1.4961680173873901,1.5309626224429107,1.4961680173873901,1.4961680173873901,224000,0.0,0.0
1997-08-01 00:00:00-04:00,1.5193644486940825,1.5193644486940825,1.47297164110037,1.5077662467956543,68000,0.0,0.0
1997-08-04 00:00:00-04:00,1.5077662467956543,1.5077662467956543,1.5077662467956543,1.5077662467956543,29600,0.0,0.0
1997-08-05 00:00:00-04:00,1.4961679821664637,1.5425607878150362,1.4961679821664637,1.530962586402893,155200,0.0,0.0
1997-08-06 00:00:00-04:00,1.5541589958446527,1.6121500031522888,1.5425607943831254,1.6063512563705444,94400,0.0,0.0
1997-08-07 00:00:00-04:00,1.6121502685628324,1.6469448786756993,1.6121502685628324,1.6179497241973877,182400,0.0,0.0
1997-08-08 00:00:00-04:00,1.6353464126586914,1.646944614166909,1.612150009642256,1.6353464126586914,162400,0.0,0.0
1997-08-11 00:00:00-04:00,1.6469448007268015,1.6469448007268015,1.6121501922607422,1.6121501922607422,27200,0.0,0.0
1997-08-12 00:00:00-04:00,1.612150009642256,1.716533823216215,1.612150009642256,1.6353464126586914,658400,0.0,0.0
1997-08-13 00:00:00-04:00,1.7049354339813019,1.7165336342124673,1.6469444328254752,1.6585426330566406,462400,0.0,0.0
1997-08-14 00:00:00-04:00,1.6933376526010449,1.6933376526010449,1.6585430433010233,1.6817394495010376,255200,0.0,0.0
1997-08-15 00:00:00-04:00,1.646944614166909,1.6585428156751267,1.6237482111504737,1.6353464126586914,41600,0.0,0.0
1997-08-18 00:00:00-04:00,1.623748395082762,1.623748395082762,1.6005519894387226,1.6121501922607422,25600,0.0,0.0
1997-08-19 00:00:00-04:00,1.681739143188426,1.7513283491134644,1.681739143188426,1.7513283491134644,252000,0.0,0.0
1997-08-20 00:00:00-04:00,1.7629265558151972,1.7629265558151972,1.7049355506896973,1.7049355506896973,369600,0.0,0.0
1997-08-21 00:00:00-04:00,1.739730369554807,1.739730369554807,1.6817393572363135,1.6933375597000122,235200,0.0,0.0
1997-08-22 00:00:00-04:00,1.693337730459265,1.7208831101392257,1.6817395268259823,1.71653413772583,143200,0.0,0.0
1997-08-25 00:00:00-04:00,1.7049355506896973,1.7165337517147974,1.7049355506896973,1.7049355506896973,21600,0.0,0.0
1997-08-26 00:00:00-04:00,1.71653413772583,1.71653413772583,1.71653413772583,1.71653413772583,800,0.0,0.0
1997-08-27 00:00:00-04:00,1.71653413772583,1.71653413772583,1.71653413772583,1.71653413772583,0,0.0,0.0
1997-08-28 00:00:00-04:00,1.6701408332878058,1.6701408332878058,1.6469444328254752,1.6585426330566406,92000,0.0,0.0
1997-08-29 00:00:00-04:00,1.6237480607297685,1.6701408624649048,1.6237480607297685,1.6701408624649048,32800,0.0,0.0
1997-09-02 00:00:00-04:00,1.6701413231926996,1.7281323413591128,1.6469449159261342,1.71653413772583,240000,0.0,0.0
1997-09-03 00:00:00-04:00,1.6817393572363135,1.6933375597000122,1.658542952308916,1.6933375597000122,199200,0.0,0.0
1997-09-04 00:00:00-04:00,1.6817390628986888,1.6817390628986888,1.6585426620311206,1.6701408624649048,135200,0.0,0.0
1997-09-05 00:00:00-04:00,1.6933372633324728,1.6933372633324728,1.6701408624649048,1.6701408624649048,3200,0.0,0.0
1997-09-08 00:00:00-04:00,1.6701408332878058,1.6701408332878058,1.63534623259431,1.6585426330566406,26400,0.0,0.0
1997-09-09 00:00:00-04:00,1.6237481832504275,1.6237481832504275,1.6005517806325642,1.6237481832504272,67200,0.0,0.0
1997-09-10 00:00:00-04:00,1.6121501922607422,1.623748395082762,1.577355583794683,1.6121501922607422,104000,0.0,0.0
1997-09-11 00:00:00-04:00,1.5773557424545288,1.5889539464431652,1.5541593344772564,1.5773557424545288,120000,0.0,0.0
1997-09-12 00:00:00-04:00,1.5541593344772564,1.6005521504318014,1.5541593344772564,1.5773557424545288,209600,0.0,0.0
1997-09-15 00:00:00-04:00,1.5889539464431652,1.5889539464431652,1.5773557424545288,1.5773557424545288,20800,0.0,0.0
1997-09-16 00:00:00-04:00,1.5657568587003834,1.600551455560392,1.5657568587003834,1.5889532566070557,22400,0.0,0.0
1997-09-17 00:00:00-04:00,1.5889539464431652,1.6121503544204376,1.5773557424545288,1.5773557424545288,64000,0.0,0.0
1997-09-18 00:00:00-04:00,1.6353465979047817,1.6353465979047817,1.6121501922607422,1.6121501922607422,32800,0.0,0.0
1997-09-19 00:00:00-04:00,1.6469444615973365,1.6701408624649048,1.6353462611635525,1.6701408624649048,76800,0.0,0.0
1997-09-22 00:00:00-04:00,1.6701408332878058,1.6817390335189712,1.63534623259431,1.6585426330566406,74400,0.0,0.0
1997-09-23 00:00:00-04:00,1.6469448402010163,1.6817394495010378,1.6469448402010163,1.6817394495010376,88800,0.0,0.0
1997-09-24 00:00:00-04:00,1.6817392471810464,1.6817392471810464,1.6469446420669558,1.6469446420669556,44000,0.0,0.0
1997-09-25 00:00:00-04:00,1.6701412464010306,1.6817394495010378,1.6469448402010163,1.6817394495010376,55200,0.0,0.0
1997-09-26 00:00:00-04:00,1.6933374537407042,1.7281320589545541,1.6933374537407042,1.722333312034607,148800,0.0,0.0
1997-09-29 00:00:00-04:00,1.693337730459265,1.71653413772583,1.6817395268259823,1.71653413772583,176800,0.0,0.0
1997-09-30 00:00:00-04:00,1.681739107612665,1.7107349634170532,1.681739107612665,1.7107349634170532,68800,0.0,0.0
1997-10-01 00:00:00-04:00,1.7165341206356555,1.751328731189081,1.7165341206356555,1.7339317798614502,119200,0.0,0.0
1997-10-02 00:00:00-04:00,1.7339317971248396,1.7397305449923954,1.71653413772583,1.71653413772583,71200,0.0,0.0
1997-10-03 00:00:00-04:00,1.7165338081001436,1.7397302109123076,1.7165338081001436,1.7281320095062256,120000,0.0,0.0
1997-10-06 00:00:00-04:00,1.7165339533487955,1.7397303581237793,1.7165339533487955,1.7397303581237793,31200,0.0,0.0
1997-10-07 00:00:00-04:00,1.7165337517147974,1.7165337517147974,1.7049355506896973,1.7049355506896973,29600,0.0,0.0
1997-10-08 00:00:00-04:00,1.7165340588010591,1.7165340588010591,1.6585430433010233,1.6817394495010376,171200,0.0,0.0
1997-10-09 00:00:00-04:00,1.6817390628986888,1.6817390628986888,1.6701408624649048,1.6701408624649048,12000,0.0,0.0
1997-10-10 00:00:00-04:00,1.6469446420669558,1.6469446420669558,1.612150036952865,1.6469446420669556,136000,0.0,0.0
1997-10-13 00:00:00-04:00,1.6701410454763495,1.6701410454763495,1.6469446420669558,1.6469446420669556,51200,0.0,0.0
1997-10-14 00:00:00-04:00,1.6817394495010378,1.7165340588010591,1.6817394495010378,1.6817394495010376,152800,0.0,0.0
1997-10-15 00:00:00-04:00,1.6701408332878058,1.6701408332878058,1.6585426330566406,1.6585426330566406,20000,0.0,0.0
1997-10-16 00:00:00-04:00,1.6701412464010306,1.6933376526010449,1.6701412464010306,1.6817394495010376,68000,0.0,0.0
1997-10-17 00:00:00-04:00,1.6701410171833444,1.6701410171833444,1.6353464126586914,1.6353464126586914,16800,0.0,0.0
1997-10-20 00:00:00-04:00,1.6585426330566406,1.6585426330566406,1.6469444328254752,1.6585426330566406,40000,0.0,0.0
1997-10-21 00:00:00-04:00,1.6701411547726148,1.6933375597000122,1.6701411547726148,1.6933375597000122,49600,0.0,0.0
1997-10-22 00:00:00-04:00,1.6759406328201294,1.6759406328201294,1.6759406328201294,1.6759406328201294,4800,0.0,0.0
1997-10-23 00:00:00-04:00,1.5773550576537194,1.612149654513728,1.5541586597470471,1.5889532566070557,152800,0.0,0.0
1997-10-24 00:00:00-04:00,1.5889535934636088,1.5889535934636088,1.530962586402893,1.530962586402893,164800,0.0,0.0
1997-10-27 00:00:00-05:00,1.5309627286849485,1.5309627286849485,1.4381771087646484,1.4381771087646484,76000,0.0,0.0
1997-10-28 00:00:00-05:00,1.4265788424582708,1.4613734483718872,1.4149806404870653,1.4613734483718872,67200,0.0,0.0
1997-10-29 00:00:00-05:00,1.5309626224429107,1.5309626224429107,1.4845698157022165,1.4961680173873901,164800,0.0,0.0
1997-10-30 00:00:00-05:00,1.5077661557961965,1.5541589605899258,1.5077661557961965,1.519364356994629,110400,0.0,0.0
1997-10-31 00:00:00-05:00,1.5309625581930613,1.5309625581930613,1.519364356994629,1.519364356994629,18400,0.0,0.0
1997-11-03 00:00:00-05:00,1.5425608433894258,1.5599585000834497,1.5193644397294344,1.5541590452194214,404000,0.0,0.0
1997-11-04 00:00:00-05:00,1.6469448007268015,1.6469448007268015,1.6005519894387226,1.6121501922607422,359200,0.0,0.0
1997-11-05 00:00:00-05:00,1.6933373496645974,1.7049355506896973,1.6701409476143974,1.7049355506896973,170400,0.0,0.0
1997-11-06 00:00:00-05:00,1.7281319527398973,1.7397301537649972,1.7049355506896973,1.7049355506896973,157600,0.0,0.0
1997-11-07 00:00:00-05:00,1.6701410454763495,1.6701410454763495,1.612150036952865,1.6469446420669556,63200,0.0,0.0
1997-11-10 00:00:00-05:00,1.6701410454763495,1.6701410454763495,1.6469446420669558,1.6469446420669556,51200,0.0,0.0
1997-11-11 00:00:00-05:00,1.6817393572363135,1.6933375597000122,1.6817393572363135,1.6933375597000122,41600,0.0,0.0
1997-11-12 00:00:00-05:00,1.693337391104017,1.693337391104017,1.6237481832504275,1.6237481832504272,72800,0.0,0.0
1997-11-13 00:00:00-05:00,1.6701408624649048,1.6701408624649048,1.6701408624649048,1.6701408624649048,40000,0.0,0.0
1997-11-14 00:00:00-05:00,1.6817394495010378,1.6817394495010378,1.6701412464010306,1.6817394495010376,44000,0.0,0.0
1997-11-17 00:00:00-05:00,1.6701408332878058,1.6701408332878058,1.6585426330566406,1.6585426330566406,71200,0.0,0.0
1997-11-18 00:00:00-05:00,1.6469446420669558,1.6469446420669558,1.6469446420669558,1.6469446420669556,10400,0.0,0.0
1997-11-19 00:00:00-05:00,1.635346384559359,1.6585427871772223,1.6121499819414957,1.6237481832504272,92000,0.0,0.0
1997-11-20 00:00:00-05:00,1.6237481832504275,1.6237481832504275,1.6237481832504275,1.6237481832504272,1600,0.0,0.0
1997-11-21 00:00:00-05:00,1.6701410171833444,1.6701410171833444,1.6353464126586914,1.6353464126586914,20000,0.0,0.0
1997-11-24 00:00:00-05:00,1.612150045408719,1.612150045408719,1.6005518436431885,1.6005518436431885,12000,0.0,0.0
1997-11-25 00:00:00-05:00,1.6005519894387226,1.623748395082762,1.6005519894387226,1.6121501922607422,16800,0.0,0.0
1997-11-26 00:00:00-05:00,1.6005518436431885,1.6005518436431885,1.6005518436431885,1.6005518436431885,38400,0.0,0.0
1997-11-28 00:00:00-05:00,1.5773557424545288,1.5773557424545288,1.5773557424545288,1.5773557424545288,1600,0.0,0.0
1997-12-01 00:00:00-05:00,1.6005518436431885,1.612150045408719,1.577355440112128,1.6005518436431885,106400,0.0,0.0
1997-12-02 00:00:00-05:00,1.6585428437716525,1.6701410454763495,1.6469446420669558,1.6469446420669556,136000,0.0,0.0
1997-12-03 00:00:00-05:00,1.6469444328254752,1.6585426330566406,1.6469444328254752,1.6585426330566406,81600,0.0,0.0
1997-12-04 00:00:00-05:00,1.6701410454763495,1.6701410454763495,1.6469446420669558,1.6469446420669556,20800,0.0,0.0
1997-12-05 00:00:00-05:00,1.6469444615973365,1.6817390628986888,1.6469444615973365,1.6701408624649048,76000,0.0,0.0
1997-12-08 00:00:00-05:00,1.6469444328254752,1.6585426330566406,1.6237480323631446,1.6585426330566406,172000,0.0,0.0
1997-12-09 00:00:00-05:00,1.5541590452194214,1.6121500543693998,1.5541590452194214,1.5541590452194214,322400,0.0,0.0
1997-12-10 00:00:00-05:00,1.530962487357424,1.5425606880192226,1.4845696847102292,1.5135655403137207,224000,0.0,0.0
1997-12-11 00:00:00-05:00,1.484569753399332,1.519364356994629,1.484569753399332,1.519364356994629,17600,0.0,0.0
1997-12-12 00:00:00-05:00,1.530962586402893,1.5425607878150362,1.530962586402893,1.530962586402893,120000,0.0,0.0
1997-12-15 00:00:00-05:00,1.5541590258132578,1.5541590258132578,1.4613734123318693,1.4961680173873901,929600,0.0,0.0
1997-12-16 00:00:00-05:00,1.4613734063314432,1.4729716079689943,1.4497752046938919,1.4671728610992432,42400,0.0,0.0
1997-12-17 00:00:00-05:00,1.484569787979126,1.484569787979126,1.4613733850419521,1.484569787979126,114400,0.0,0.0
1997-12-18 00:00:00-05:00,1.4961680259704588,1.4961680259704588,1.449775218963623,1.449775218963623,107200,0.0,0.0
1997-12-19 00:00:00-05:00,1.44977522783043,1.44977522783043,1.403382420539856,1.403382420539856,96000,0.0,0.0
1997-12-22 00:00:00-05:00,1.4265787806361914,1.484569787979126,1.4265787806361914,1.484569787979126,166400,0.0,0.0
1997-12-23 00:00:00-05:00,1.449775218963623,1.449775218963623,1.449775218963623,1.449775218963623,4000,0.0,0.0
1997-12-24 00:00:00-05:00,1.449775218963623,1.449775218963623,1.449775218963623,1.449775218963623,0,0.0,0.0
1997-12-26 00:00:00-05:00,1.449775218963623,1.449775218963623,1.449775218963623,1.449775218963623,0,0.0,0.0
1997-12-29 00:00:00-05:00,1.4381771087646484,1.449775311254686,1.4381771087646484,1.4381771087646484,15200,0.0,0.0
1997-12-30 00:00:00-05:00,1.4265788910358588,1.4555747509002686,1.4265788910358588,1.4555747509002686,36000,0.0,0.0
1997-12-31 00:00:00-05:00,1.4149807155132292,1.4149807155132292,1.3917843103408813,1.3917843103408813,304800,0.0,0.0
1998-01-02 00:00:00-05:00,1.380186043801855,1.4149806499481201,1.380186043801855,1.4149806499481201,34400,0.0,0.0
1998-01-05 00:00:00-05:00,1.4381770540456305,1.4381770540456305,1.4149806499481201,1.4149806499481201,202400,0.0,0.0
1998-01-06 00:00:00-05:00,1.403382420539856,1.403382420539856,1.403382420539856,1.403382420539856,20000,0.0,0.0
1998-01-07 00:00:00-05:00,1.403382580159074,1.403382580159074,1.3685879707336426,1.3685879707336426,310400,0.0,0.0
1998-01-08 00:00:00-05:00,1.3453915788416277,1.3453915788416277,1.3221951723098755,1.3221951723098755,2400,0.0,0.0
1998-01-09 00:00:00-05:00,1.2989986314686066,1.3221950356019747,1.2642040252685547,1.2642040252685547,96800,0.0,0.0
1998-01-12 00:00:00-05:00,1.2410075664520264,1.2410075664520264,1.2410075664520264,1.2410075664520264,15200,0.0,0.0
1998-01-13 00:00:00-05:00,1.3337933755757516,1.3569897821075037,1.3105969690439994,1.3221951723098755,48000,0.0,0.0
1998-01-14 00:00:00-05:00,1.3569894417995165,1.380185842514038,1.322194840727734,1.380185842514038,67200,0.0,0.0
1998-01-15 00:00:00-05:00,1.3221949002681634,1.3685877037863448,1.3221949002681634,1.3569895029067993,222400,0.0,0.0
1998-01-16 00:00:00-05:00,1.3569895029067993,1.3569895029067993,1.3569895029067993,1.3569895029067993,0,0.0,0.0
1998-01-20 00:00:00-05:00,1.4381771206855773,1.4381771206855773,1.3917843103408813,1.3917843103408813,60000,0.0,0.0
1998-01-21 00:00:00-05:00,1.3917843103408813,1.3917843103408813,1.3917843103408813,1.3917843103408813,0,0.0,0.0
1998-01-22 00:00:00-05:00,1.3917843103408813,1.3917843103408813,1.3917843103408813,1.3917843103408813,0,0.0,0.0
1998-01-23 00:00:00-05:00,1.4497752464006817,1.4729716503430925,1.4381770444294761,1.4613734483718872,34400,0.0,0.0
1998-01-26 00:00:00-05:00,1.472971796989441,1.4961682032412433,1.4497753907376387,1.472971796989441,36000,0.0,0.0
1998-01-27 00:00:00-05:00,1.5077662467956543,1.5193644486940825,1.5077662467956543,1.5077662467956543,25600,0.0,0.0
1998-01-28 00:00:00-05:00,1.5077661557961965,1.519364356994629,1.484569753399332,1.519364356994629,317600,0.0,0.0
1998-01-29 00:00:00-05:00,1.4961680642894057,1.4961680642894057,1.4149806499481201,1.4149806499481201,170400,0.0,0.0
1998-01-30 00:00:00-05:00,1.438177017211914,1.449775218963623,1.438177017211914,1.449775218963623,13600,0.0,0.0
1998-02-02 00:00:00-05:00,1.4265788793563843,1.4381770816275743,1.414980677085194,1.4265788793563843,32800,0.0,0.0
1998-02-03 00:00:00-05:00,1.4149804435858206,1.4149804435858206,1.380185842514038,1.380185842514038,207200,0.0,0.0
1998-02-04 00:00:00-05:00,1.4265788250894689,1.5889536507094084,1.4033824214294774,1.5541590452194214,684000,0.0,0.0
1998-02-05 00:00:00-05:00,1.5425609350204468,1.577355542577299,1.5193645299825453,1.5425609350204468,57600,0.0,0.0
1998-02-06 00:00:00-05:00,1.4961680173873901,1.5425608241280844,1.4961680173873901,1.4961680173873901,39200,0.0,0.0
1998-02-09 00:00:00-05:00,1.472971796989441,1.472971796989441,1.472971796989441,1.472971796989441,16000,0.0,0.0
1998-02-10 00:00:00-05:00,1.4613734483718872,1.4613734483718872,1.4497752464006817,1.4613734483718872,9600,0.0,0.0
1998-02-11 00:00:00-05:00,1.449775218963623,1.449775218963623,1.449775218963623,1.449775218963623,3200,0.0,0.0
1998-02-12 00:00:00-05:00,1.4381771087646484,1.4381771087646484,1.4381771087646484,1.4381771087646484,8000,0.0,0.0
1998-02-13 00:00:00-05:00,1.4729716503430925,1.4961680542855036,1.4613734483718872,1.4613734483718872,60000,0.0,0.0
1998-02-17 00:00:00-05:00,1.4613734483718872,1.4613734483718872,1.4613734483718872,1.4613734483718872,0,0.0,0.0
1998-02-18 00:00:00-05:00,1.4381770540456305,1.4381770540456305,1.39178424585061,1.4149806499481201,75200,0.0,0.0
1998-02-19 00:00:00-05:00,1.39178424585061,1.4149806499481201,1.39178424585061,1.4149806499481201,21600,0.0,0.0
1998-02-20 00:00:00-05:00,1.403382420539856,1.403382420539856,1.403382420539856,1.403382420539856,20800,0.0,0.0
1998-02-23 00:00:00-05:00,1.4381771087646484,1.4613735137447235,1.4381771087646484,1.4381771087646484,54400,0.0,0.0
1998-02-24 00:00:00-05:00,1.426578906274611,1.472971716234761,1.426578906274611,1.4381771087646484,13600,0.0,0.0
1998-02-25 00:00:00-05:00,1.461373420715332,1.472971622467041,1.449775218963623,1.449775218963623,34400,0.0,0.0
1998-02-26 00:00:00-05:00,1.472971796989441,1.472971796989441,1.4497753907376387,1.472971796989441,12800,0.0,0.0
1998-02-27 00:00:00-05:00,1.449775311254686,1.449775311254686,1.4381771087646484,1.4381771087646484,65600,0.0,0.0
1998-03-02 00:00:00-05:00,1.438177017211914,1.449775218963623,1.438177017211914,1.449775218963623,33600,0.0,0.0
1998-03-03 00:00:00-05:00,1.4381771087646484,1.4381771087646484,1.4381771087646484,1.4381771087646484,9600,0.0,0.0
1998-03-04 00:00:00-05:00,1.4381770540456305,1.4381770540456305,1.4149806499481201,1.4149806499481201,16800,0.0,0.0
1998-03-05 00:00:00-05:00,1.4149806499481201,1.4149806499481201,1.4149806499481201,1.4149806499481201,49600,0.0,0.0
1998-03-06 00:00:00-05:00,1.4381770444294761,1.4613734483718872,1.4149806404870653,1.4613734483718872,96800,0.0,0.0
1998-03-09 00:00:00-05:00,1.4265788424582708,1.4729716503430925,1.4265788424582708,1.4613734483718872,226400,0.0,0.0
1998-03-10 00:00:00-05:00,1.403382501294536,1.4381771087646484,1.3917842988044986,1.4381771087646484,200000,0.0,0.0
1998-03-11 00:00:00-05:00,1.426578906274611,1.4381771087646484,1.426578906274611,1.4381771087646484,67200,0.0,0.0
1998-03-12 00:00:00-05:00,1.4265788424582708,1.4613734483718872,1.4265788424582708,1.4613734483718872,96800,0.0,0.0
1998-03-13 00:00:00-05:00,1.4381770089615222,1.5077662190725636,1.4381770089615222,1.4961680173873901,252000,0.0,0.0
1998-03-16 00:00:00-05:00,1.4961680173873901,1.5077662190725636,1.4961680173873901,1.4961680173873901,44800,0.0,0.0
1998-03-17 00:00:00-05:00,1.5193644486940825,1.5193644486940825,1.4845698429987981,1.5077662467956543,178400,0.0,0.0
1998-03-18 00:00:00-05:00,1.4845698157022165,1.5309626224429107,1.4845698157022165,1.4961680173873901,28800,0.0,0.0
1998-03-19 00:00:00-05:00,1.507766183578607,1.530962586402893,1.507766183578607,1.530962586402893,133600,0.0,0.0
1998-03-20 00:00:00-05:00,1.519364356994629,1.5425607593914934,1.519364356994629,1.519364356994629,16000,0.0,0.0
1998-03-23 00:00:00-05:00,1.519364356994629,1.5309625581930613,1.5077661557961965,1.519364356994629,232000,0.0,0.0
1998-03-24 00:00:00-05:00,1.5077662378994388,1.5541590452194214,1.5077662378994388,1.5541590452194214,69600,0.0,0.0
1998-03-25 00:00:00-05:00,1.5425608241280844,1.5425608241280844,1.4961680173873901,1.4961680173873901,30400,0.0,0.0
1998-03-26 00:00:00-05:00,1.5077661557961965,1.519364356994629,1.5019674091459916,1.519364356994629,120000,0.0,0.0
1998-03-27 00:00:00-05:00,1.5193643849907499,1.530962586402893,1.5193643849907499,1.530962586402893,1600,0.0,0.0
1998-03-30 00:00:00-05:00,1.4845698157022165,1.5077662190725636,1.4845698157022165,1.4961680173873901,401600,0.0,0.0
1998-03-31 00:00:00-05:00,1.46137359386354,1.472971796989441,1.46137359386354,1.472971796989441,196800,0.0,0.0
1998-04-01 00:00:00-05:00,1.40338243851586,1.4613734483718872,1.40338243851586,1.4613734483718872,36000,0.0,0.0
1998-04-02 00:00:00-05:00,1.4149806404870653,1.4613734483718872,1.4149806404870653,1.4613734483718872,4000,0.0,0.0
1998-04-03 00:00:00-05:00,1.4613734483718872,1.4613734483718872,1.4613734483718872,1.4613734483718872,14400,0.0,0.0
1998-04-06 00:00:00-04:00,1.4381770540456305,1.4381770540456305,1.39178424585061,1.4149806499481201,27200,0.0,0.0
1998-04-07 00:00:00-04:00,1.3917843103408813,1.3917843103408813,1.3685879051685332,1.3917843103408813,23200,0.0,0.0
1998-04-08 00:00:00-04:00,1.4033825129270552,1.4033825129270552,1.3917843103408813,1.3917843103408813,26400,0.0,0.0
1998-04-09 00:00:00-04:00,1.4149807155132292,1.4149807155132292,1.3917843103408813,1.3917843103408813,30400,0.0,0.0
1998-04-13 00:00:00-04:00,1.3917843103408813,1.3917843103408813,1.3917843103408813,1.3917843103408813,63200,0.0,0.0
1998-04-14 00:00:00-04:00,1.4149807155132292,1.4149807155132292,1.3917843103408813,1.3917843103408813,1600,0.0,0.0
1998-04-15 00:00:00-04:00,1.3801859976916477,1.3801859976916477,1.3453913927078247,1.3453913927078247,56800,0.0,0.0
1998-04-16 00:00:00-04:00,1.3453913578243388,1.3453913578243388,1.3047980070114136,1.3047980070114136,40800,0.0,0.0
1998-04-17 00:00:00-04:00,1.345391401222774,1.345391401222774,1.2989985942840576,1.2989985942840576,31200,0.0,0.0
1998-04-20 00:00:00-04:00,1.3453913927078247,1.3801859976916477,1.3453913927078247,1.3453913927078247,6400,0.0,0.0
1998-04-21 00:00:00-04:00,1.3337931632995605,1.3337931632995605,1.3337931632995605,1.3337931632995605,800,0.0,0.0
1998-04-22 00:00:00-04:00,1.3337931708172635,1.3337931708172635,1.2874003648757935,1.2874003648757935,43200,0.0,0.0
1998-04-23 00:00:00-04:00,1.3453913927078247,1.3453913927078247,1.3453913927078247,1.3453913927078247,9600,0.0,0.0
1998-04-24 00:00:00-04:00,1.3453913927078247,1.3453913927078247,1.3453913927078247,1.3453913927078247,0,0.0,0.0
1998-04-27 00:00:00-04:00,1.3221949403936213,1.3221949403936213,1.2758021354675293,1.2758021354675293,5600,0.0,0.0
1998-04-28 00:00:00-04:00,1.3105967604595683,1.3337931632995605,1.3105967604595683,1.3337931632995605,9600,0.0,0.0
1998-04-29 00:00:00-04:00,1.2874003576195758,1.3337931632995605,1.2874003576195758,1.3337931632995605,16800,0.0,0.0
1998-04-30 00:00:00-04:00,1.3337931632995605,1.3337931632995605,1.3337931632995605,1.3337931632995605,0,0.0,0.0
1998-05-01 00:00:00-04:00,1.345391429631056,1.345391429631056,1.3105968236923218,1.3105968236923218,16000,0.0,0.0
1998-05-04 00:00:00-04:00,1.3453913647195568,1.3453913647195568,1.3105967604595683,1.3337931632995605,26400,0.0,0.0
1998-05-05 00:00:00-04:00,1.3105968236923218,1.3105968236923218,1.3105968236923218,1.3105968236923218,4800,0.0,0.0
1998-05-06 00:00:00-04:00,1.3685878680004337,1.4613734861699545,1.3685878680004337,1.4265788793563843,800000,0.0,0.0
1998-05-07 00:00:00-04:00,1.4381770059980195,1.4381770059980195,1.3453913927078247,1.3453913927078247,232000,0.0,0.0
1998-05-08 00:00:00-04:00,1.3685879051685332,1.3917843103408813,1.3453914999961851,1.3917843103408813,40800,0.0,0.0
1998-05-11 00:00:00-04:00,1.3569894417995165,1.3917840428712989,1.3569894417995165,1.380185842514038,98400,0.0,0.0
1998-05-12 00:00:00-04:00,1.368587767559549,1.368587767559549,1.3337931632995605,1.3337931632995605,62400,0.0,0.0
1998-05-13 00:00:00-04:00,1.3105968236923218,1.3105968236923218,1.3105968236923218,1.3105968236923218,43200,0.0,0.0
1998-05-14 00:00:00-04:00,1.3279944165385804,1.356989566139553,1.3105967604595683,1.3337931632995605,873600,0.0,0.0
1998-05-15 00:00:00-04:00,1.3685878335902122,1.3685878335902122,1.2989986217127436,1.3105968236923218,504800,0.0,0.0
1998-05-18 00:00:00-04:00,1.3685878938244236,1.4381771087646484,1.3685878938244236,1.4381771087646484,124800,0.0,0.0
1998-05-19 00:00:00-04:00,1.4381770260077864,1.4381770260077864,1.403382420539856,1.403382420539856,68800,0.0,0.0
1998-05-20 00:00:00-04:00,1.4149807155132292,1.4149807155132292,1.3917843103408813,1.3917843103408813,76000,0.0,0.0
1998-05-21 00:00:00-04:00,1.403382420539856,1.403382420539856,1.3917842187172127,1.403382420539856,48000,0.0,0.0
1998-05-22 00:00:00-04:00,1.426578906274611,1.4381771087646484,1.403382501294536,1.4381771087646484,98400,0.0,0.0
1998-05-26 00:00:00-04:00,1.4497752560943855,1.4497752560943855,1.4149806499481201,1.4149806499481201,31200,0.0,0.0
1998-05-27 00:00:00-04:00,1.380186173875453,1.380186173875453,1.3685879707336426,1.3685879707336426,28800,0.0,0.0
1998-05-28 00:00:00-04:00,1.3685879707336426,1.3685879707336426,1.3685879707336426,1.3685879707336426,0,0.0,0.0
1998-05-29 00:00:00-04:00,1.3569895029067993,1.3917841055454352,1.3569895029067993,1.3569895029067993,27200,0.0,0.0
1998-06-01 00:00:00-04:00,1.3453913927078247,1.3453913927078247,1.3453913927078247,1.3453913927078247,8000,0.0,0.0
1998-06-02 00:00:00-04:00,1.380186173875453,1.380186173875453,1.3685879707336426,1.3685879707336426,120000,0.0,0.0
1998-06-03 00:00:00-04:00,1.3801860168945692,1.403382420539856,1.3801860168945692,1.403382420539856,25600,0.0,0.0
1998-06-04 00:00:00-04:00,1.4149804435858206,1.4149804435858206,1.380185842514038,1.380185842514038,27200,0.0,0.0
1998-06-05 00:00:00-04:00,1.4149806499481201,1.4149806499481201,1.4149806499481201,1.4149806499481201,8000,0.0,0.0
1998-06-08 00:00:00-04:00,1.3917840428712989,1.3917840428712989,1.380185842514038,1.380185842514038,23200,0.0,0.0
1998-06-09 00:00:00-04:00,1.3859853744506836,1.3859853744506836,1.380185919997487,1.3859853744506836,324800,0.0,0.0
1998-06-10 00:00:00-04:00,1.3685879707336426,1.3685879707336426,1.3685879707336426,1.3685879707336426,8000,0.0,0.0
1998-06-11 00:00:00-04:00,1.3453913647195568,1.3453913647195568,1.3337931632995605,1.3337931632995605,25600,0.0,0.0
1998-06-12 00:00:00-04:00,1.2989985942840576,1.2989985942840576,1.2989985942840576,1.2989985942840576,2400,0.0,0.0
1998-06-15 00:00:00-04:00,1.2526058333260672,1.2526058333260672,1.2178112268447876,1.2178112268447876,51200,0.0,0.0
1998-06-16 00:00:00-04:00,1.2642039409223593,1.2642039409223593,1.2294093370437622,1.2294093370437622,12000,0.0,0.0
1998-06-17 00:00:00-04:00,1.2758021354675293,1.2758021354675293,1.2758021354675293,1.2758021354675293,28000,0.0,0.0
1998-06-18 00:00:00-04:00,1.2758021354675293,1.2758021354675293,1.2758021354675293,1.2758021354675293,0,0.0,0.0
1998-06-19 00:00:00-04:00,1.287400523821513,1.287400523821513,1.25260591506958,1.25260591506958,9600,0.0,0.0
1998-06-22 00:00:00-04:00,1.2526058137944314,1.3105968236923218,1.2526058137944314,1.3105968236923218,4000,0.0,0.0
1998-06-23 00:00:00-04:00,1.3105968236923218,1.3105968236923218,1.3105968236923218,1.3105968236923218,3200,0.0,0.0
1998-06-24 00:00:00-04:00,1.2874003648757935,1.2874003648757935,1.2874003648757935,1.2874003648757935,2400,0.0,0.0
1998-06-25 00:00:00-04:00,1.252605760419691,1.2874003648757935,1.252605760419691,1.2874003648757935,3200,0.0,0.0
1998-06-26 00:00:00-04:00,1.2874003648757935,1.2874003648757935,1.2874003648757935,1.2874003648757935,0,0.0,0.0
1998-06-29 00:00:00-04:00,1.2642040252685547,1.2642040252685547,1.2642040252685547,1.2642040252685547,36000,0.0,0.0
1998-06-30 00:00:00-04:00,1.2642040252685547,1.2642040252685547,1.2642040252685547,1.2642040252685547,17600,0.0,0.0
1998-07-01 00:00:00-04:00,1.2642040252685547,1.2642040252685547,1.2642040252685547,1.2642040252685547,0,0.0,0.0
1998-07-02 00:00:00-04:00,1.2989986314686066,1.2989986314686066,1.2642040252685547,1.2642040252685547,3200,0.0,0.0
1998-07-06 00:00:00-04:00,1.25260591506958,1.25260591506958,1.25260591506958,1.25260591506958,2400,0.0,0.0
1998-07-07 00:00:00-04:00,1.2526057396294936,1.2526057396294936,1.2294093370437622,1.2294093370437622,80000,0.0,0.0
1998-07-08 00:00:00-04:00,1.2178112268447876,1.2178112268447876,1.1714184182030813,1.2178112268447876,243200,0.0,0.0
1998-07-09 00:00:00-04:00,1.2294095227351556,1.2294095227351556,1.206213116645813,1.206213116645813,241600,0.0,0.0
1998-07-10 00:00:00-04:00,1.1946147680282593,1.1946147680282593,1.1946147680282593,1.1946147680282593,83200,0.0,0.0
1998-07-13 00:00:00-04:00,1.2062130628847607,1.2062130628847607,1.1830166578292847,1.1830166578292847,160000,0.0,0.0
1998-07-14 00:00:00-04:00,1.206212934458031,1.241007538336628,1.206212934458031,1.2294093370437622,208000,0.0,0.0
1998-07-15 00:00:00-04:00,1.2642041539544338,1.3105969669435873,1.2642041539544338,1.2932000160217285,260000,0.0,0.0
1998-07-16 00:00:00-04:00,1.2932000160217285,1.2932000160217285,1.2932000160217285,1.2932000160217285,0,0.0,0.0
1998-07-17 00:00:00-04:00,1.2932000160217285,1.2932000160217285,1.2932000160217285,1.2932000160217285,5600,0.0,0.0
1998-07-20 00:00:00-04:00,1.3221950256718997,1.3221950256718997,1.3105968236923218,1.3105968236923218,40000,0.0,0.0
1998-07-21 00:00:00-04:00,1.2874003576195758,1.3337931632995605,1.2874003576195758,1.3337931632995605,24000,0.0,0.0
1998-07-22 00:00:00-04:00,1.2758022376469205,1.2874004398073469,1.2178112268447876,1.2178112268447876,122400,0.0,0.0
1998-07-23 00:00:00-04:00,1.2294095227351556,1.2294095227351556,1.206213116645813,1.206213116645813,76800,0.0,0.0
1998-07-24 00:00:00-04:00,1.2178110371826647,1.2294092375367853,1.206212836828544,1.2120122909545898,37600,0.0,0.0
1998-07-27 00:00:00-04:00,1.2120122909545898,1.2120122909545898,1.2120122909545898,1.2120122909545898,0,0.0,0.0
1998-07-28 00:00:00-04:00,1.2294095092349582,1.25260591506958,1.2294095092349582,1.25260591506958,9600,0.0,0.0
1998-07-29 00:00:00-04:00,1.2526056382450266,1.2526056382450266,1.2120122909545898,1.2120122909545898,88000,0.0,0.0
1998-07-30 00:00:00-04:00,1.206212836828544,1.2178110371826647,1.206212836828544,1.2120122909545898,88000,0.0,0.0
1998-07-31 00:00:00-04:00,1.2120123890534777,1.2294093370437622,1.2120123890534777,1.2294093370437622,34400,0.0,0.0
1998-08-03 00:00:00-04:00,1.2294093370437622,1.2294093370437622,1.2294093370437622,1.2294093370437622,0,0.0,0.0
1998-08-04 00:00:00-04:00,1.2294093370437622,1.2294093370437622,1.2294093370437622,1.2294093370437622,0,0.0,0.0
1998-08-05 00:00:00-04:00,1.1830166578292847,1.1830166578292847,1.1830166578292847,1.1830166578292847,8800,0.0,0.0
1998-08-06 00:00:00-04:00,1.159820318222046,1.159820318222046,1.159820318222046,1.159820318222046,800,0.0,0.0
1998-08-07 00:00:00-04:00,1.159820318222046,1.159820318222046,1.159820318222046,1.159820318222046,0,0.0,0.0
1998-08-10 00:00:00-04:00,1.1018290483590327,1.1482218503952026,1.1018290483590327,1.1482218503952026,6400,0.0,0.0
1998-08-11 00:00:00-04:00,1.1018290805319946,1.1134272813796997,1.1018290805319946,1.1134272813796997,21600,0.0,0.0
1998-08-12 00:00:00-04:00,1.183016486465931,1.183016486465931,1.1134272813796997,1.1134272813796997,91200,0.0,0.0
1998-08-13 00:00:00-04:00,1.1250257086753845,1.159820318222046,1.1250257086753845,1.159820318222046,36000,0.0,0.0
1998-08-14 00:00:00-04:00,1.1830166241397029,1.1830166241397029,1.0670346021652222,1.0670346021652222,121600,0.0,0.0
1998-08-17 00:00:00-04:00,1.1134274541115274,1.1366238594055176,1.1134274541115274,1.1366238594055176,8800,0.0,0.0
1998-08-18 00:00:00-04:00,1.1482220620525128,1.1482220620525128,1.1366238594055176,1.1366238594055176,104000,0.0,0.0
1998-08-19 00:00:00-04:00,1.159820318222046,1.159820318222046,1.159820318222046,1.159820318222046,10400,0.0,0.0
1998-08-20 00:00:00-04:00,1.159820318222046,1.159820318222046,1.159820318222046,1.159820318222046,0,0.0,0.0
1998-08-21 00:00:00-04:00,1.1366238594055176,1.1366238594055176,1.0670346435235472,1.1366238594055176,139200,0.0,0.0
1998-08-24 00:00:00-04:00,1.159820318222046,1.159820318222046,1.159820318222046,1.159820318222046,8000,0.0,0.0
1998-08-25 00:00:00-04:00,1.1830166578292847,1.1830166578292847,1.1830166578292847,1.1830166578292847,800,0.0,0.0
1998-08-26 00:00:00-04:00,1.1366238594055176,1.1366238594055176,1.1366238594055176,1.1366238594055176,800,0.0,0.0
1998-08-27 00:00:00-04:00,1.0206417401631673,1.0438381433486938,0.9974453369776407,1.0438381433486938,91200,0.0,0.0
1998-08-28 00:00:00-04:00,1.0786327481269835,1.0786327481269835,1.0438381433486938,1.0438381433486938,3200,0.0,0.0
1998-08-31 00:00:00-04:00,1.0438381433486938,1.0438381433486938,1.0438381433486938,1.0438381433486938,0,0.0,0.0
1998-09-01 00:00:00-04:00,1.020641803741455,1.0670346130024302,0.9974453991109674,1.020641803741455,14400,0.0,0.0
1998-09-02 00:00:00-04:00,1.020641803741455,1.020641803741455,1.020641803741455,1.020641803741455,8000,0.0,0.0
1998-09-03 00:00:00-04:00,1.1018290805319946,1.1134272813796997,1.078632678836584,1.1134272813796997,64000,0.0,0.0
1998-09-04 00:00:00-04:00,1.1250253928604945,1.1250253928604945,1.0786325931549072,1.0786325931549072,9600,0.0,0.0
1998-09-08 00:00:00-04:00,1.1250253915786743,1.1250253915786743,1.1250253915786743,1.1250253915786743,20000,0.0,0.0
1998-09-09 00:00:00-04:00,1.101828932762146,1.1366235306388455,1.101828932762146,1.101828932762146,20000,0.0,0.0
1998-09-10 00:00:00-04:00,1.0496374472878873,1.0786325931549072,1.0496374472878873,1.0786325931549072,12800,0.0,0.0
1998-09-11 00:00:00-04:00,1.0322400331497192,1.0322400331497192,1.0322400331497192,1.0322400331497192,1600,0.0,0.0
1998-09-14 00:00:00-04:00,1.0322400331497192,1.0322400331497192,1.0322400331497192,1.0322400331497192,0,0.0,0.0
1998-09-15 00:00:00-04:00,1.0322400331497192,1.0322400331497192,1.0322400331497192,1.0322400331497192,0,0.0,0.0
1998-09-16 00:00:00-04:00,1.0438381357395903,1.090230941772461,1.0438381357395903,1.090230941772461,4800,0.0,0.0
1998-09-17 00:00:00-04:00,1.090230941772461,1.090230941772461,1.090230941772461,1.090230941772461,12000,0.0,0.0
1998-09-18 00:00:00-04:00,1.0554364919662476,1.0554364919662476,1.0554364919662476,1.0554364919662476,16000,0.0,0.0
1998-09-21 00:00:00-04:00,1.0554364919662476,1.0554364919662476,1.0554364919662476,1.0554364919662476,0,0.0,0.0
1998-09-22 00:00:00-04:00,1.020641803741455,1.020641803741455,1.020641803741455,1.020641803741455,1600,0.0,0.0
1998-09-23 00:00:00-04:00,1.020641803741455,1.020641803741455,1.020641803741455,1.020641803741455,0,0.0,0.0
1998-09-24 00:00:00-04:00,1.0322400331497192,1.0322400331497192,1.0322400331497192,1.0322400331497192,4800,0.0,0.0
1998-09-25 00:00:00-04:00,0.9742488265037537,0.9742488265037537,0.9742488265037537,0.9742488265037537,1600,0.0,0.0
1998-09-28 00:00:00-04:00,1.009043574333191,1.009043574333191,1.009043574333191,1.009043574333191,16800,0.0,0.0
1998-09-29 00:00:00-04:00,0.9394544266760967,0.951052629474567,0.9336556792259215,0.9336556792259216,20800,0.0,0.0
1998-09-30 00:00:00-04:00,0.9278562906626109,0.9278562906626109,0.858267068862915,0.858267068862915,14400,0.0,0.0
1998-10-01 00:00:00-04:00,0.9278561472892761,0.9278561472892761,0.9278561472892761,0.9278561472892761,3200,0.0,0.0
1998-10-02 00:00:00-04:00,0.9046597436070443,0.9278561472892761,0.9046597436070443,0.9278561472892761,13600,0.0,0.0
1998-10-05 00:00:00-04:00,0.9278561472892761,0.9278561472892761,0.9278561472892761,0.9278561472892761,0,0.0,0.0
1998-10-06 00:00:00-04:00,0.8698651790618896,0.8698651790618896,0.8698651790618896,0.8698651790618896,8000,0.0,0.0
1998-10-07 00:00:00-04:00,0.8466687798500061,0.8466687798500061,0.8466687798500061,0.8466687798500061,2400,0.0,0.0
1998-10-08 00:00:00-04:00,0.80607528409698,0.8350704312324524,0.80607528409698,0.8350704312324524,25600,0.0,0.0
1998-10-09 00:00:00-04:00,0.8350704312324524,0.8350704312324524,0.8350704312324524,0.8350704312324524,0,0.0,0.0
1998-10-12 00:00:00-04:00,0.8350704312324524,0.8350704312324524,0.8350704312324524,0.8350704312324524,0,0.0,0.0
1998-10-13 00:00:00-04:00,0.8350704312324524,0.8350704312324524,0.8350704312324524,0.8350704312324524,0,0.0,0.0
1998-10-14 00:00:00-04:00,0.765481463249992,0.7886778712272644,0.7538832592613557,0.7886778712272644,23200,0.0,0.0
1998-10-15 00:00:00-04:00,0.7886778712272644,0.7886778712272644,0.7886778712272644,0.7886778712272644,0,0.0,0.0
1998-10-16 00:00:00-04:00,0.7886778712272644,0.7886778712272644,0.7886778712272644,0.7886778712272644,7200,0.0,0.0
1998-10-19 00:00:00-04:00,0.8466686316662364,0.8466686316662364,0.8350704312324524,0.8350704312324524,36000,0.0,0.0
1998-10-20 00:00:00-04:00,0.8466687798500061,0.8466687798500061,0.8350705773863074,0.8466687798500061,125600,0.0,0.0
1998-10-21 00:00:00-04:00,0.8466686316662364,0.8466686316662364,0.8350704312324524,0.8350704312324524,48800,0.0,0.0
1998-10-22 00:00:00-04:00,0.8466687798500061,0.8814633872411022,0.8350705773863074,0.8466687798500061,208000,0.0,0.0
1998-10-23 00:00:00-04:00,0.8350705773863074,0.8582669823137048,0.8350705773863074,0.8466687798500061,440800,0.0,0.0
1998-10-26 00:00:00-05:00,0.9046598457584373,0.9046598457584373,0.8234724237031928,0.8408700823783875,52000,0.0,0.0
1998-10-27 00:00:00-05:00,0.8408700823783875,0.8408700823783875,0.8408700823783875,0.8408700823783875,0,0.0,0.0
1998-10-28 00:00:00-05:00,0.9046598076820374,0.9046598076820374,0.9046598076820374,0.9046598076820374,1600,0.0,0.0
1998-10-29 00:00:00-05:00,0.8814632892608643,0.8814632892608643,0.8582668869118941,0.8814632892608643,71200,0.0,0.0
1998-10-30 00:00:00-05:00,0.9046597436070443,0.9278561472892761,0.9046597436070443,0.9278561472892761,69600,0.0,0.0
1998-11-02 00:00:00-05:00,0.9742489337921142,1.0438381433486938,0.9742489337921142,1.0438381433486938,67200,0.0,0.0
1998-11-03 00:00:00-05:00,1.0438382083719426,1.0438382083719426,0.9974453991109674,1.020641803741455,59200,0.0,0.0
1998-11-04 00:00:00-05:00,1.020641803741455,1.020641803741455,1.020641803741455,1.020641803741455,0,0.0,0.0
1998-11-05 00:00:00-05:00,0.9742488265037537,0.9742488265037537,0.9742488265037537,0.9742488265037537,4000,0.0,0.0
1998-11-06 00:00:00-05:00,1.020641803741455,1.020641803741455,1.020641803741455,1.020641803741455,2400,0.0,0.0
1998-11-09 00:00:00-05:00,0.9510524868965149,0.9510524868965149,0.9510524868965149,0.9510524868965149,28000,0.0,0.0
1998-11-10 00:00:00-05:00,1.0322400060566987,1.0438382083719426,0.9974453991109674,1.020641803741455,82400,0.0,0.0
1998-11-11 00:00:00-05:00,1.0438381433486938,1.0438381433486938,1.0438381433486938,1.0438381433486938,44800,0.0,0.0
1998-11-12 00:00:00-05:00,0.9858471967957236,1.020641803741455,0.9858471967957236,1.020641803741455,20800,0.0,0.0
1998-11-13 00:00:00-05:00,1.020641803741455,1.020641803741455,1.020641803741455,1.020641803741455,0,0.0,0.0
1998-11-16 00:00:00-05:00,1.0670345387560256,1.090230941772461,1.0670345387560256,1.090230941772461,279200,0.0,0.0
1998-11-17 00:00:00-05:00,1.1018291432806786,1.1018291432806786,1.0786327402642433,1.090230941772461,92800,0.0,0.0
1998-11-18 00:00:00-05:00,1.0902309497197469,1.0902309497197469,1.0438381433486938,1.0438381433486938,3200,0.0,0.0
1998-11-19 00:00:00-05:00,1.07863253417768,1.1134271320543792,1.07863253417768,1.101828932762146,203200,0.0,0.0
1998-11-20 00:00:00-05:00,1.101828993007701,1.1366235927868915,1.0786325931549072,1.0786325931549072,10400,0.0,0.0
1998-11-23 00:00:00-05:00,1.1134272488680752,1.1482218503952026,1.1134272488680752,1.1482218503952026,75200,0.0,0.0
1998-11-24 00:00:00-05:00,1.1598201651474822,1.1598201651474822,1.1134273585415828,1.1192268133163452,4800,0.0,0.0
1998-11-25 00:00:00-05:00,1.1134272813796997,1.1134272813796997,1.1134272813796997,1.1134272813796997,13600,0.0,0.0
1998-11-27 00:00:00-05:00,1.1134272813796997,1.1134272813796997,1.1134272813796997,1.1134272813796997,0,0.0,0.0
1998-11-30 00:00:00-05:00,1.2062127909709497,1.2062127909709497,1.113427191665492,1.1250253915786743,131200,0.0,0.0
1998-12-01 00:00:00-05:00,1.1366235927868915,1.140972652297561,1.0786325931549072,1.0786325931549072,83200,0.0,0.0
1998-12-02 00:00:00-05:00,1.1134273447888963,1.1134273447888963,1.090230941772461,1.090230941772461,11200,0.0,0.0
1998-12-03 00:00:00-05:00,1.0438379363009804,1.101828932762146,1.0438379363009804,1.101828932762146,3200,0.0,0.0
1998-12-04 00:00:00-05:00,1.101828932762146,1.101828932762146,1.101828932762146,1.101828932762146,0,0.0,0.0
1998-12-07 00:00:00-05:00,1.1134272813796997,1.1134272813796997,1.1134272813796997,1.1134272813796997,5600,0.0,0.0
1998-12-08 00:00:00-05:00,1.1134272813796997,1.1134272813796997,1.1134272813796997,1.1134272813796997,3200,0.0,0.0
1998-12-09 00:00:00-05:00,1.1134272813796997,1.1134272813796997,1.1134272813796997,1.1134272813796997,92000,0.0,0.0
1998-12-10 00:00:00-05:00,1.1134272813796997,1.1134272813796997,1.1134272813796997,1.1134272813796997,1600,0.0,0.0
1998-12-11 00:00:00-05:00,1.1134272813796997,1.1134272813796997,1.1134272813796997,1.1134272813796997,0,0.0,0.0
1998-12-14 00:00:00-05:00,1.0206418702768725,1.0206418702768725,0.9974454641342162,0.9974454641342163,10400,0.0,0.0
1998-12-15 00:00:00-05:00,1.0786328043626703,1.0786328043626703,1.0670346021652222,1.0670346021652222,2400,0.0,0.0
1998-12-16 00:00:00-05:00,1.0670346021652222,1.0670346021652222,1.0670346021652222,1.0670346021652222,2400,0.0,0.0
1998-12-17 00:00:00-05:00,1.1134271320543792,1.1482217299310784,1.0902307334699128,1.101828932762146,107200,0.0,0.0
1998-12-18 00:00:00-05:00,1.159820318222046,1.2062131309509276,1.159820318222046,1.159820318222046,32800,0.0,0.0
1998-12-21 00:00:00-05:00,1.1598202197448066,1.2062130285345989,1.0670346021652222,1.0670346021652222,70400,0.0,0.0
1998-12-22 00:00:00-05:00,1.0670346021652222,1.1366238153499106,1.055436399967774,1.0670346021652222,11200,0.0,0.0
1998-12-23 00:00:00-05:00,1.1366237478053316,1.159820150821767,1.0786327402642433,1.090230941772461,62400,0.0,0.0
1998-12-24 00:00:00-05:00,1.090230941772461,1.090230941772461,1.090230941772461,1.090230941772461,800,0.0,0.0
1998-12-28 00:00:00-05:00,1.1076283863572156,1.1424229842339149,1.101828932762146,1.101828932762146,36000,0.0,0.0
1998-12-29 00:00:00-05:00,1.1134271929340978,1.1134271929340978,1.0786325931549072,1.0786325931549072,12800,0.0,0.0
1998-12-30 00:00:00-05:00,1.0670346951746679,1.0670346951746679,1.0554364919662476,1.0554364919662476,32000,0.0,0.0
1998-12-31 00:00:00-05:00,1.0786328983830882,1.0786328983830882,1.0554364919662476,1.0554364919662476,4000,0.0,0.0
1999-01-04 00:00:00-05:00,1.1134271320543792,1.1134271320543792,1.0902307334699128,1.101828932762146,47200,0.0,0.0
1999-01-05 00:00:00-05:00,1.0786325931549072,1.0786325931549072,1.0786325931549072,1.0786325931549072,800,0.0,0.0
1999-01-06 00:00:00-05:00,1.1134272813796997,1.1134272813796997,1.1134272813796997,1.1134272813796997,4800,0.0,0.0
1999-01-07 00:00:00-05:00,1.0670346435235472,1.1366238594055176,1.0670346435235472,1.1366238594055176,11200,0.0,0.0
1999-01-08 00:00:00-05:00,1.0728340987961,1.1366238594055176,1.0728340987961,1.1366238594055176,10400,0.0,0.0
1999-01-11 00:00:00-05:00,1.1366236498861602,1.1482218503952026,1.1366236498861602,1.1482218503952026,35200,0.0,0.0
1999-01-12 00:00:00-05:00,1.1598202646995077,1.1598202646995077,1.1366238594055176,1.1366238594055176,13600,0.0,0.0
1999-01-13 00:00:00-05:00,1.0786325931549072,1.101828993007701,1.0786325931549072,1.0786325931549072,285600,0.0,0.0
1999-01-14 00:00:00-05:00,1.0670343932285102,1.0786325931549072,1.0670343932285102,1.0786325931549072,52800,0.0,0.0
1999-01-15 00:00:00-05:00,1.0728338956832886,1.0728338956832886,1.0728338956832886,1.0728338956832886,6400,0.0,0.0
1999-01-19 00:00:00-05:00,1.0438381433486938,1.0670345465342204,1.0438381433486938,1.0438381433486938,16000,0.0,0.0
1999-01-20 00:00:00-05:00,1.043838197770326,1.0670346021652222,1.0264412484231955,1.0670346021652222,32800,0.0,0.0
1999-01-21 00:00:00-05:00,1.0670346021652222,1.0670346021652222,1.0670346021652222,1.0670346021652222,0,0.0,0.0
1999-01-22 00:00:00-05:00,1.0206418913515822,1.0844323635101318,1.0206418913515822,1.0844323635101318,48800,0.0,0.0
1999-01-25 00:00:00-05:00,1.090230941772461,1.090230941772461,1.090230941772461,1.090230941772461,14400,0.0,0.0
1999-01-26 00:00:00-05:00,1.0902310991287232,1.1946149277687073,1.0902310991287232,1.159820318222046,80000,0.0,0.0
1999-01-27 00:00:00-05:00,1.1830167760174541,1.1830167760174541,1.125025757585226,1.1540216207504272,16000,0.0,0.0
1999-01-28 00:00:00-05:00,1.1134274541115274,1.1424233146780705,1.0670346435235472,1.1366238594055176,44800,0.0,0.0
1999-01-29 00:00:00-05:00,1.1598202646995077,1.1830166699934979,1.1134274541115274,1.1366238594055176,57600,0.0,0.0
1999-02-01 00:00:00-05:00,1.1366238594055176,1.1830166699934979,1.1366238594055176,1.1366238594055176,73600,0.0,0.0
1999-02-02 00:00:00-05:00,1.1366236498861602,1.1598200509042451,1.1134272488680752,1.1482218503952026,32000,0.0,0.0
1999-02-03 00:00:00-05:00,1.101829240135118,1.1830166578292847,1.101829240135118,1.1830166578292847,27200,0.0,0.0
1999-02-04 00:00:00-05:00,1.2062129617851471,1.2526057680076528,1.1830165586738943,1.2410075664520264,87200,0.0,0.0
1999-02-05 00:00:00-05:00,1.2062129728336737,1.2758021828048471,1.2062129728336737,1.2134621143341064,150400,0.0,0.0
1999-02-08 00:00:00-05:00,1.252605776184971,1.252605776184971,1.1946147680282593,1.1946147680282593,16800,0.0,0.0
1999-02-09 00:00:00-05:00,1.2294095227351556,1.2294095227351556,1.1946149136011417,1.206213116645813,15200,0.0,0.0
1999-02-10 00:00:00-05:00,1.206213116645813,1.206213116645813,1.206213116645813,1.206213116645813,0,0.0,0.0
1999-02-11 00:00:00-05:00,1.1946149136011417,1.2178113196904843,1.1946149136011417,1.206213116645813,5600,0.0,0.0
1999-02-12 00:00:00-05:00,1.2178111559635885,1.2874003648757935,1.2178111559635885,1.2874003648757935,84800,0.0,0.0
1999-02-16 00:00:00-05:00,1.2526058232018706,1.2989986314686066,1.2294094190685028,1.2642040252685547,410400,0.0,0.0
1999-02-17 00:00:00-05:00,1.2526058991019473,1.2758023046408722,1.2178112907935599,1.2700035572052002,160000,0.0,0.0
1999-02-18 00:00:00-05:00,1.2642039890800203,1.2989985942840576,1.2642039890800203,1.2989985942840576,173600,0.0,0.0
1999-02-19 00:00:00-05:00,1.2816016180821297,1.3105967678465285,1.2642039619050585,1.2874003648757935,143200,0.0,0.0
1999-02-22 00:00:00-05:00,1.2758021908146995,1.2989985942840576,1.2758021908146995,1.2989985942840576,488000,0.0,0.0
1999-02-23 00:00:00-05:00,1.3221950256718997,1.3221950256718997,1.2758022177535875,1.3105968236923218,252800,0.0,0.0
1999-02-24 00:00:00-05:00,1.2700034165967622,1.2874003648757935,1.2700034165967622,1.2874003648757935,2400,0.0,0.0
1999-02-25 00:00:00-05:00,1.2874003648757935,1.2874003648757935,1.2874003648757935,1.2874003648757935,800,0.0,0.0
1999-02-26 00:00:00-05:00,1.2410076066941187,1.2816016674041748,1.2410076066941187,1.2816016674041748,2400,0.0,0.0
1999-03-01 00:00:00-05:00,1.2178111357508967,1.2526057396294936,1.2178111357508967,1.2294093370437622,74400,0.0,0.0
1999-03-02 00:00:00-05:00,1.2178113196904843,1.2178113196904843,1.206213116645813,1.206213116645813,52000,0.0,0.0
1999-03-03 00:00:00-05:00,1.206213116645813,1.206213116645813,1.206213116645813,1.206213116645813,1600,0.0,0.0
1999-03-04 00:00:00-05:00,1.206213116645813,1.206213116645813,1.206213116645813,1.206213116645813,24800,0.0,0.0
1999-03-05 00:00:00-05:00,1.2062131034003365,1.25260591506958,1.2062131034003365,1.25260591506958,5600,0.0,0.0
1999-03-08 00:00:00-05:00,1.25260591506958,1.25260591506958,1.25260591506958,1.25260591506958,11200,0.0,0.0
1999-03-09 00:00:00-05:00,1.1830166578292847,1.1830166578292847,1.1830166578292847,1.1830166578292847,2400,0.0,0.0
1999-03-10 00:00:00-05:00,1.171418309211731,1.171418309211731,1.171418309211731,1.171418309211731,800,0.0,0.0
1999-03-11 00:00:00-05:00,1.171418330579434,1.2294093370437622,1.171418330579434,1.2294093370437622,23200,0.0,0.0
1999-03-12 00:00:00-05:00,1.2294093370437622,1.2294093370437622,1.2294093370437622,1.2294093370437622,0,0.0,0.0
1999-03-15 00:00:00-05:00,1.2294093370437622,1.2294093370437622,1.2294093370437622,1.2294093370437622,0,0.0,0.0
1999-03-16 00:00:00-05:00,1.1830166578292847,1.1830166578292847,1.1830166578292847,1.1830166578292847,4800,0.0,0.0
1999-03-17 00:00:00-05:00,1.1830166578292847,1.1830166578292847,1.1830166578292847,1.1830166578292847,0,0.0,0.0
1999-03-18 00:00:00-05:00,1.2294093648964,1.2642039695632792,1.2178111633407736,1.2410075664520264,119200,0.0,0.0
1999-03-19 00:00:00-05:00,1.2294093370437622,1.2584051942249406,1.2294093370437622,1.2294093370437622,27200,0.0,0.0
1999-03-22 00:00:00-05:00,1.206213116645813,1.206213116645813,1.206213116645813,1.206213116645813,800,0.0,0.0
1999-03-23 00:00:00-05:00,1.2062129124556438,1.2062129124556438,1.171418309211731,1.171418309211731,40000,0.0,0.0
1999-03-24 00:00:00-05:00,1.1482221150398255,1.1714185214042663,1.1482221150398255,1.159820318222046,26400,0.0,0.0
1999-03-25 00:00:00-05:00,1.229409467940237,1.229409467940237,1.1830166578292847,1.1830166578292847,3200,0.0,0.0
1999-03-26 00:00:00-05:00,1.1482220620525128,1.1482220620525128,1.1366238594055176,1.1366238594055176,3200,0.0,0.0
1999-03-29 00:00:00-05:00,1.1134272813796997,1.1134272813796997,1.1134272813796997,1.1134272813796997,4000,0.0,0.0
1999-03-30 00:00:00-05:00,1.2062128529404148,1.2062128529404148,1.1482218503952026,1.1482218503952026,11200,0.0,0.0
1999-03-31 00:00:00-05:00,1.2062129696596016,1.2062129696596016,1.1946147680282593,1.1946147680282593,16800,0.0,0.0
1999-04-01 00:00:00-05:00,1.1366238594055176,1.1366238594055176,1.1366238594055176,1.1366238594055176,6400,0.0,0.0
1999-04-05 00:00:00-04:00,1.206213116645813,1.206213116645813,1.206213116645813,1.206213116645813,4800,0.0,0.0
1999-04-06 00:00:00-04:00,1.2178113341331482,1.2178113341331482,1.159820318222046,1.159820318222046,15200,0.0,0.0
1999-04-07 00:00:00-04:00,1.2294094290052142,1.2294094290052142,1.2178112268447876,1.2178112268447876,64800,0.0,0.0
1999-04-08 00:00:00-04:00,1.3105967877240017,1.3801859976916477,1.3105967877240017,1.3453913927078247,86400,0.0,0.0
1999-04-09 00:00:00-04:00,1.3453915644500214,1.3917843770172635,1.3453915644500214,1.3685879707336426,70400,0.0,0.0
1999-04-12 00:00:00-04:00,1.3221949618795645,1.356989566139553,1.3105967604595683,1.3337931632995605,20000,0.0,0.0
1999-04-13 00:00:00-04:00,1.3105967877240017,1.3453913927078247,1.3105967877240017,1.3453913927078247,93600,0.0,0.0
1999-04-14 00:00:00-04:00,1.2989985942840576,1.2989985942840576,1.2989985942840576,1.2989985942840576,17600,0.0,0.0
1999-04-15 00:00:00-04:00,1.3105968236923218,1.3105968236923218,1.3105968236923218,1.3105968236923218,8000,0.0,0.0
1999-04-16 00:00:00-04:00,1.2989985942840576,1.2989985942840576,1.2989985942840576,1.2989985942840576,4000,0.0,0.0
1999-04-19 00:00:00-04:00,1.2642040252685547,1.2642040252685547,1.2642040252685547,1.2642040252685547,18400,0.0,0.0
1999-04-20 00:00:00-04:00,1.2062130628847607,1.2062130628847607,1.1714184553015465,1.1830166578292847,8800,0.0,0.0
1999-04-21 00:00:00-04:00,1.206213116645813,1.206213116645813,1.206213116645813,1.206213116645813,63200,0.0,0.0
1999-04-22 00:00:00-04:00,1.206213116645813,1.206213116645813,1.206213116645813,1.206213116645813,0,0.0,0.0
1999-04-23 00:00:00-04:00,1.1830166578292847,1.1830166578292847,1.1830166578292847,1.1830166578292847,9600,0.0,0.0
1999-04-26 00:00:00-04:00,1.252605760419691,1.345391372302631,1.252605760419691,1.2874003648757935,504800,0.0,0.0
1999-04-27 00:00:00-04:00,1.3221951701908758,1.3453915766854525,1.2874005604490106,1.2932000160217285,186400,0.0,0.0
1999-04-28 00:00:00-04:00,1.2989986217127436,1.345391429631056,1.2989986217127436,1.3105968236923218,62400,0.0,0.0
1999-04-29 00:00:00-04:00,1.3453915644500214,1.3685879707336426,1.3453915644500214,1.3685879707336426,291200,0.0,0.0
1999-04-30 00:00:00-04:00,1.356989594369099,1.3685877960303734,1.322194989385276,1.3453913927078247,116000,0.0,0.0
1999-05-03 00:00:00-04:00,1.3917843103408813,1.3917843103408813,1.3453914999961851,1.3917843103408813,51200,0.0,0.0
1999-05-04 00:00:00-04:00,1.380185842514038,1.380185842514038,1.380185842514038,1.380185842514038,1600,0.0,0.0
1999-05-05 00:00:00-04:00,1.3221951581664004,1.3685879707336426,1.3221951581664004,1.3685879707336426,5600,0.0,0.0
1999-05-06 00:00:00-04:00,1.3453913927078247,1.3685877960303734,1.3453913927078247,1.3453913927078247,20000,0.0,0.0
1999-05-07 00:00:00-04:00,1.39178424585061,1.4149806499481201,1.39178424585061,1.4149806499481201,86400,0.0,0.0
1999-05-10 00:00:00-04:00,1.4381770059980195,1.4381770059980195,1.3453913927078247,1.3453913927078247,35200,0.0,0.0
1999-05-11 00:00:00-04:00,1.3453913927078247,1.391784199352922,1.3453913927078247,1.3453913927078247,83200,0.0,0.0
1999-05-12 00:00:00-04:00,1.3917843770172635,1.3917843770172635,1.3685879707336426,1.3685879707336426,28000,0.0,0.0
1999-05-13 00:00:00-04:00,1.3917843103408813,1.3917843103408813,1.3917843103408813,1.3917843103408813,4000,0.0,0.0
1999-05-14 00:00:00-04:00,1.3453914999961851,1.3917843103408813,1.3453914999961851,1.3917843103408813,20000,0.0,0.0
1999-05-17 00:00:00-04:00,1.3569897821075037,1.3569897821075037,1.3221951723098755,1.3221951723098755,4000,0.0,0.0
1999-05-18 00:00:00-04:00,1.3105968236923218,1.345391429631056,1.3105968236923218,1.3105968236923218,36000,0.0,0.0
1999-05-19 00:00:00-04:00,1.368587804692132,1.368587804692132,1.2989985942840576,1.2989985942840576,25600,0.0,0.0
1999-05-20 00:00:00-04:00,1.3453915644500214,1.3685879707336426,1.3453915644500214,1.3685879707336426,200000,0.0,0.0
1999-05-21 00:00:00-04:00,1.3801858914777818,1.3801858914777818,1.3743871450424194,1.3743871450424194,163200,0.0,0.0
1999-05-24 00:00:00-04:00,1.3743872595084992,1.3743872595084992,1.2989985942840576,1.2989985942840576,3200,0.0,0.0
1999-05-25 00:00:00-04:00,1.3221951723098755,1.3221951723098755,1.3221951723098755,1.3221951723098755,24000,0.0,0.0
1999-05-26 00:00:00-04:00,1.3221951723098755,1.3221951723098755,1.3221951723098755,1.3221951723098755,0,0.0,0.0
1999-05-27 00:00:00-04:00,1.3221951723098755,1.3221951723098755,1.3221951723098755,1.3221951723098755,0,0.0,0.0
1999-05-28 00:00:00-04:00,1.2758021711189056,1.2758021711189056,1.2410075664520264,1.2410075664520264,2400,0.0,0.0
1999-06-01 00:00:00-04:00,1.2989986217127436,1.3105968236923218,1.2642040157740095,1.3105968236923218,52000,0.0,0.0
1999-06-02 00:00:00-04:00,1.2874003925493784,1.2989985942840576,1.2758021908146995,1.2989985942840576,48800,0.0,0.0
1999-06-03 00:00:00-04:00,1.3105968236923218,1.3105968236923218,1.3105968236923218,1.3105968236923218,28800,0.0,0.0
1999-06-04 00:00:00-04:00,1.3221951723098755,1.3221951723098755,1.3221951723098755,1.3221951723098755,8000,0.0,0.0
1999-06-07 00:00:00-04:00,1.3685877960303734,1.3685877960303734,1.3453913927078247,1.3453913927078247,8800,0.0,0.0
1999-06-08 00:00:00-04:00,1.3337930410849947,1.380185842514038,1.3337930410849947,1.380185842514038,117600,0.0,0.0
1999-06-09 00:00:00-04:00,1.3337931011477089,1.3569895029067993,1.3337931011477089,1.3569895029067993,16000,0.0,0.0
1999-06-10 00:00:00-04:00,1.3337931910465504,1.3685877960303734,1.3337931910465504,1.3453913927078247,82400,0.0,0.0
1999-06-11 00:00:00-04:00,1.3453913927078247,1.3453913927078247,1.3453913927078247,1.3453913927078247,16000,0.0,0.0
1999-06-14 00:00:00-04:00,1.3453913927078247,1.3453913927078247,1.3453913927078247,1.3453913927078247,80000,0.0,0.0
1999-06-15 00:00:00-04:00,1.3221951723098755,1.3221951723098755,1.3221951723098755,1.3221951723098755,3200,0.0,0.0
1999-06-16 00:00:00-04:00,1.3221950256718997,1.333793227651478,1.3105968236923218,1.3105968236923218,379200,0.0,0.0
1999-06-17 00:00:00-04:00,1.3163962508351037,1.3163962508351037,1.2989985942840576,1.2989985942840576,32800,0.0,0.0
1999-06-18 00:00:00-04:00,1.3105967960187366,1.3105967960187366,1.2989985942840576,1.2989985942840576,116000,0.0,0.0
1999-06-21 00:00:00-04:00,1.2989986217127436,1.3105968236923218,1.2989986217127436,1.3105968236923218,1600,0.0,0.0
1999-06-22 00:00:00-04:00,1.3279944165385804,1.3337931632995605,1.3105967604595683,1.3337931632995605,49600,0.0,0.0
1999-06-23 00:00:00-04:00,1.3337931632995605,1.3337931632995605,1.3337931632995605,1.3337931632995605,0,0.0,0.0
1999-06-24 00:00:00-04:00,1.3221951723098755,1.3221951723098755,1.3221951723098755,1.3221951723098755,1600,0.0,0.0
1999-06-25 00:00:00-04:00,1.3221951723098755,1.3221951723098755,1.3221951723098755,1.3221951723098755,8000,0.0,0.0
1999-06-28 00:00:00-04:00,1.3337931910465504,1.3453913927078247,1.3337931910465504,1.3453913927078247,66400,0.0,0.0
1999-06-29 00:00:00-04:00,1.3337931632995605,1.3337931632995605,1.3337931632995605,1.3337931632995605,800,0.0,0.0
1999-06-30 00:00:00-04:00,1.3685879707336426,1.3685879707336426,1.3685879707336426,1.3685879707336426,16000,0.0,0.0
1999-07-01 00:00:00-04:00,1.3685876421567773,1.3917840428712989,1.3685876421567773,1.380185842514038,36000,0.0,0.0
1999-07-02 00:00:00-04:00,1.3859853744506836,1.3859853744506836,1.3859853744506836,1.3859853744506836,20800,0.0,0.0
1999-07-06 00:00:00-04:00,1.3569894417995165,1.3917840428712989,1.3569894417995165,1.380185842514038,7200,0.0,0.0
1999-07-07 00:00:00-04:00,1.3569897025823592,1.3917843103408813,1.3569897025823592,1.3917843103408813,10400,0.0,0.0
1999-07-08 00:00:00-04:00,1.3685879051685332,1.3917843103408813,1.3685879051685332,1.3917843103408813,40000,0.0,0.0
1999-07-09 00:00:00-04:00,1.3917843103408813,1.4033825129270552,1.3685879051685332,1.3917843103408813,69600,0.0,0.0
1999-07-12 00:00:00-04:00,1.3685879707336426,1.3917843770172635,1.3685879707336426,1.3685879707336426,9600,0.0,0.0
1999-07-13 00:00:00-04:00,1.3337931910465504,1.3453913927078247,1.3337931910465504,1.3453913927078247,1600,0.0,0.0
1999-07-14 00:00:00-04:00,1.3453913927078247,1.3453913927078247,1.3453913927078247,1.3453913927078247,0,0.0,0.0
1999-07-15 00:00:00-04:00,1.380185842514038,1.380185842514038,1.380185842514038,1.380185842514038,800,0.0,0.0
1999-07-16 00:00:00-04:00,1.3917841210058695,1.3917841210058695,1.3453913169723404,1.3859853744506836,96000,0.0,0.0
1999-07-19 00:00:00-04:00,1.3801861077547073,1.3917843103408813,1.3685879051685332,1.3917843103408813,99200,0.0,0.0
1999-07-20 00:00:00-04:00,1.3975838325372394,1.4149807833008847,1.31059695502459,1.3685879707336426,80800,0.0,0.0
1999-07-21 00:00:00-04:00,1.368587718989105,1.3917841210058695,1.3453913169723404,1.3859853744506836,95200,0.0,0.0
1999-07-22 00:00:00-04:00,1.3917843770172635,1.3917843770172635,1.3685879707336426,1.3685879707336426,12000,0.0,0.0
1999-07-23 00:00:00-04:00,1.3685879853733798,1.3685879853733798,1.3221951723098755,1.3221951723098755,32800,0.0,0.0
1999-07-26 00:00:00-04:00,1.4149807155132292,1.4149807155132292,1.3685879051685332,1.3917843103408813,24800,0.0,0.0
1999-07-27 00:00:00-04:00,1.39178424585061,1.4381770540456305,1.380186043801855,1.4149806499481201,128800,0.0,0.0
1999-07-28 00:00:00-04:00,1.3917842187172127,1.4381770260077864,1.3917842187172127,1.403382420539856,17600,0.0,0.0
1999-07-29 00:00:00-04:00,1.403382420539856,1.4149806223624994,1.403382420539856,1.403382420539856,29600,0.0,0.0
1999-07-30 00:00:00-04:00,1.4149806223624994,1.4149806223624994,1.403382420539856,1.403382420539856,4000,0.0,0.0
1999-08-02 00:00:00-04:00,1.403382420539856,1.403382420539856,1.403382420539856,1.403382420539856,20000,0.0,0.0
1999-08-03 00:00:00-04:00,1.3917843103408813,1.3917843103408813,1.3917843103408813,1.3917843103408813,8000,0.0,0.0
1999-08-04 00:00:00-04:00,1.3917842680025174,1.414980672469226,1.3917842680025174,1.3975837230682373,38400,0.0,0.0
1999-08-05 00:00:00-04:00,1.409181875400208,1.409181875400208,1.3453914114266388,1.403382420539856,16800,0.0,0.0
1999-08-06 00:00:00-04:00,1.3453913927078247,1.3453913927078247,1.3453913927078247,1.3453913927078247,5600,0.0,0.0
1999-08-09 00:00:00-04:00,1.3917843103408813,1.3917843103408813,1.3917843103408813,1.3917843103408813,45600,0.0,0.0
1999-08-10 00:00:00-04:00,1.4149804435858206,1.4149804435858206,1.380185842514038,1.380185842514038,4000,0.0,0.0
1999-08-11 00:00:00-04:00,1.380185842514038,1.380185842514038,1.380185842514038,1.380185842514038,800,0.0,0.0
1999-08-12 00:00:00-04:00,1.3917843103408813,1.3917843103408813,1.3917843103408813,1.3917843103408813,72000,0.0,0.0
1999-08-13 00:00:00-04:00,1.333793227651478,1.3801860355697901,1.3105968236923218,1.3105968236923218,4800,0.0,0.0
1999-08-16 00:00:00-04:00,1.2874003925493784,1.2989985942840576,1.2874003925493784,1.2989985942840576,1600,0.0,0.0
1999-08-17 00:00:00-04:00,1.2989985942840576,1.2989985942840576,1.2989985942840576,1.2989985942840576,0,0.0,0.0
1999-08-18 00:00:00-04:00,1.380185842514038,1.380185842514038,1.380185842514038,1.380185842514038,2400,0.0,0.0
1999-08-19 00:00:00-04:00,1.380185842514038,1.380185842514038,1.3453912414422557,1.380185842514038,186400,0.0,0.0
1999-08-20 00:00:00-04:00,1.3337931632995605,1.3337931632995605,1.3337931632995605,1.3337931632995605,16000,0.0,0.0
1999-08-23 00:00:00-04:00,1.3105968236923218,1.3105968236923218,1.3105968236923218,1.3105968236923218,6400,0.0,0.0
1999-08-24 00:00:00-04:00,1.2989985379305753,1.2989985379305753,1.2758021354675293,1.2758021354675293,24000,0.0,0.0
1999-08-25 00:00:00-04:00,1.3917843770172635,1.4149807833008847,1.3685879707336426,1.3685879707336426,31200,0.0,0.0
1999-08-26 00:00:00-04:00,1.4265788793563843,1.4381770816275743,1.414980677085194,1.4265788793563843,24000,0.0,0.0
1999-08-27 00:00:00-04:00,1.4381770816275743,1.4381770816275743,1.3917842725428138,1.4265788793563843,8000,0.0,0.0
1999-08-30 00:00:00-04:00,1.4149807833008847,1.4149807833008847,1.3685879707336426,1.3685879707336426,11200,0.0,0.0
1999-08-31 00:00:00-04:00,1.4149806223624994,1.4381770260077864,1.403382420539856,1.403382420539856,10400,0.0,0.0
1999-09-01 00:00:00-04:00,1.403382420539856,1.403382420539856,1.403382420539856,1.403382420539856,0,0.0,0.0
1999-09-02 00:00:00-04:00,1.403382420539856,1.403382420539856,1.403382420539856,1.403382420539856,0,0.0,0.0
1999-09-03 00:00:00-04:00,1.3917842725428138,1.4265788793563843,1.3917842725428138,1.4265788793563843,3200,0.0,0.0
1999-09-07 00:00:00-04:00,1.461373420715332,1.507766227722168,1.449775218963623,1.449775218963623,54400,0.0,0.0
1999-09-08 00:00:00-04:00,1.472971796989441,1.4961682032412433,1.472971796989441,1.472971796989441,57600,0.0,0.0
1999-09-09 00:00:00-04:00,1.472971586510539,1.484569787979126,1.472971586510539,1.484569787979126,7200,0.0,0.0
1999-09-10 00:00:00-04:00,1.4613735137447235,1.4613735137447235,1.4381771087646484,1.4381771087646484,41600,0.0,0.0
1999-09-13 00:00:00-04:00,1.4381770444294761,1.484569852314298,1.4381770444294761,1.4613734483718872,29600,0.0,0.0
1999-09-14 00:00:00-04:00,1.4613734861699545,1.4613734861699545,1.4265788793563843,1.4265788793563843,16000,0.0,0.0
1999-09-15 00:00:00-04:00,1.420780104921535,1.4381770540456305,1.4149806499481201,1.4149806499481201,84000,0.0,0.0
1999-09-16 00:00:00-04:00,1.4381770540456305,1.4497752560943855,1.403382447899365,1.4149806499481201,18400,0.0,0.0
1999-09-17 00:00:00-04:00,1.4149806499481201,1.4149806499481201,1.4149806499481201,1.4149806499481201,2400,0.0,0.0
1999-09-20 00:00:00-04:00,1.5193643923848867,1.5193643923848867,1.484569787979126,1.484569787979126,33600,0.0,0.0
1999-09-21 00:00:00-04:00,1.5193647225113478,1.5773557424545288,1.5193647225113478,1.5773557424545288,44800,0.0,0.0
1999-09-22 00:00:00-04:00,1.5541592188707487,1.577355625122551,1.46137359386354,1.472971796989441,132800,0.0,0.0
1999-09-23 00:00:00-04:00,1.5309627286849485,1.5309627286849485,1.4381771087646484,1.4381771087646484,14400,0.0,0.0
1999-09-24 00:00:00-04:00,1.4149806499481201,1.4845698622406507,1.4149806499481201,1.4149806499481201,6400,0.0,0.0
1999-09-27 00:00:00-04:00,1.4381770816275743,1.4381770816275743,1.4265788793563843,1.4265788793563843,35200,0.0,0.0
1999-09-28 00:00:00-04:00,1.449775218963623,1.449775218963623,1.449775218963623,1.449775218963623,12000,0.0,0.0
1999-09-29 00:00:00-04:00,1.4381769821047783,1.484569787979126,1.4381769821047783,1.484569787979126,8000,0.0,0.0
1999-09-30 00:00:00-04:00,1.4497752106466957,1.4961680173873901,1.4497752106466957,1.4961680173873901,1600,0.0,0.0
1999-10-01 00:00:00-04:00,1.5077664063671443,1.5077664063671443,1.472971796989441,1.472971796989441,16000,0.0,0.0
1999-10-04 00:00:00-04:00,1.507766183578607,1.5541589892271794,1.4787710339972666,1.530962586402893,68800,0.0,0.0
1999-10-05 00:00:00-04:00,1.577355378014701,1.6469445858682905,1.577355378014701,1.6237481832504272,207200,0.0,0.0
1999-10-06 00:00:00-04:00,1.6237482471742493,1.6237482471742493,1.6005518436431885,1.6005518436431885,29600,0.0,0.0
1999-10-07 00:00:00-04:00,1.6237480607297685,1.6701408624649048,1.6121498602959843,1.6701408624649048,44000,0.0,0.0
1999-10-08 00:00:00-04:00,1.600551815058996,1.670141024409387,1.600551815058996,1.6266475915908813,56000,0.0,0.0
1999-10-11 00:00:00-04:00,1.6469444615973365,1.6933372633324728,1.6469444615973365,1.6701408624649048,79200,0.0,0.0
1999-10-12 00:00:00-04:00,1.6817392471810464,1.6817392471810464,1.623748238657562,1.6469446420669556,22400,0.0,0.0
1999-10-13 00:00:00-04:00,1.6701412464010306,1.6817394495010378,1.6585430433010233,1.6817394495010376,156000,0.0,0.0
1999-10-14 00:00:00-04:00,1.6701412464010306,1.6817394495010378,1.6469448402010163,1.6817394495010376,67200,0.0,0.0
1999-10-15 00:00:00-04:00,1.6701408332878058,1.6701408332878058,1.6469444328254752,1.6585426330566406,22400,0.0,0.0
1999-10-18 00:00:00-04:00,1.6469446420669558,1.6469446420669558,1.6469446420669558,1.6469446420669556,7200,0.0,0.0
1999-10-19 00:00:00-04:00,1.6469446420669558,1.6469446420669558,1.6469446420669558,1.6469446420669556,0,0.0,0.0
1999-10-20 00:00:00-04:00,1.5773550576537194,1.600551455560392,1.5773550576537194,1.5889532566070557,34400,0.0,0.0
1999-10-21 00:00:00-04:00,1.6005519894387226,1.6121501922607422,1.6005519894387226,1.6121501922607422,23200,0.0,0.0
1999-10-22 00:00:00-04:00,1.6701410454763495,1.6701410454763495,1.6469446420669558,1.6469446420669556,26400,0.0,0.0
1999-10-25 00:00:00-04:00,1.693337730459265,1.71653413772583,1.6817395268259823,1.71653413772583,36000,0.0,0.0
1999-10-26 00:00:00-04:00,1.7165339533487955,1.762926762898763,1.68173934618632,1.7397303581237793,444000,0.0,0.0
1999-10-27 00:00:00-04:00,1.7397304650010734,1.7397304650010734,1.623748434001002,1.6817394495010376,106400,0.0,0.0
1999-10-28 00:00:00-04:00,1.6701409884861538,1.6701409884861538,1.6237481832504275,1.6237481832504272,20800,0.0,0.0
1999-10-29 00:00:00-04:00,1.6121498602959843,1.6701408624649048,1.6121498602959843,1.6701408624649048,48000,0.0,0.0
1999-11-01 00:00:00-05:00,1.6759404020759532,1.7165337517147974,1.6759404020759532,1.7049355506896973,40800,0.0,0.0
1999-11-02 00:00:00-05:00,1.7165338081001436,1.7281320095062256,1.7049356066940615,1.7281320095062256,24800,0.0,0.0
1999-11-03 00:00:00-05:00,1.7049355090969778,1.7165337098391342,1.7049355090969778,1.7107349634170532,36000,0.0,0.0
1999-11-04 00:00:00-05:00,1.8093193832196686,1.8093193832196686,1.7455296307090113,1.7629265785217285,42400,0.0,0.0
1999-11-05 00:00:00-05:00,1.8093195884458482,1.8093195884458482,1.7629267784856981,1.7977213859558105,96000,0.0,0.0
1999-11-08 00:00:00-05:00,1.855712398405998,1.855712398405998,1.7629267784856981,1.7977213859558105,66400,0.0,0.0
1999-11-09 00:00:00-05:00,1.7861233949661255,1.7861233949661255,1.7513287833758762,1.7861233949661255,71200,0.0,0.0
1999-11-10 00:00:00-05:00,1.762926762898763,1.7861231676737468,1.7165339533487955,1.7397303581237793,293600,0.0,0.0
1999-11-11 00:00:00-05:00,1.797721158890497,1.797721158890497,1.7049355506896973,1.7049355506896973,118400,0.0,0.0
1999-11-12 00:00:00-05:00,1.751328265501393,1.751328265501393,1.6701408624649048,1.6701408624649048,28800,0.0,0.0
1999-11-15 00:00:00-05:00,1.8093194185969343,1.9716942382146079,1.8093194185969343,1.925301432609558,311200,0.0,0.0
1999-11-16 00:00:00-05:00,1.9426993299208282,2.0296854972839355,1.9426993299208282,2.0296854972839355,114400,0.0,0.0
1999-11-17 00:00:00-05:00,2.1340695026657346,2.215256929397583,2.0876766873903922,2.215256929397583,305600,0.0,0.0
1999-11-18 00:00:00-05:00,2.0644800662994385,2.1572656872567166,2.0528818636797785,2.0644800662994385,157600,0.0,0.0
1999-11-19 00:00:00-05:00,2.0412837646819733,2.110872983932495,2.0412837646819733,2.110872983932495,206400,0.0,0.0
1999-11-22 00:00:00-05:00,2.064480146696401,2.0876765528390573,1.9948909282684324,1.9948909282684326,124800,0.0,0.0
1999-11-23 00:00:00-05:00,2.1108727266559493,2.1108727266559493,2.041283515887072,2.0528817176818848,12000,0.0,0.0
1999-11-24 00:00:00-05:00,2.087676471538758,2.087676471538758,1.9948908505814797,2.0644800662994385,20000,0.0,0.0
1999-11-26 00:00:00-05:00,2.110872983932495,2.180462203183017,2.0876765775156545,2.110872983932495,42400,0.0,0.0
1999-11-29 00:00:00-05:00,2.1804620131202364,2.1804620131202364,2.1340692043304443,2.1340692043304443,44000,0.0,0.0
1999-11-30 00:00:00-05:00,2.110872386604227,2.186261040074779,2.110872386604227,2.1572651863098145,236000,0.0,0.0
1999-12-01 00:00:00-05:00,2.203658286561357,2.203658286561357,2.1224708760038338,2.180461883544922,65600,0.0,0.0
1999-12-02 00:00:00-05:00,2.2268549445429144,2.389229784249169,2.2152567417067535,2.3138418197631836,333600,0.0,0.0
1999-12-03 00:00:00-05:00,2.4008279232417835,2.4008279232417835,2.308042303019879,2.3660333156585693,129600,0.0,0.0
1999-12-06 00:00:00-05:00,2.4124260127824235,2.482015224689609,2.4124260127824235,2.470417022705078,79200,0.0,0.0
1999-12-07 00:00:00-05:00,2.621193740061191,2.70238115678875,2.5516045257232833,2.6849842071533203,240000,0.0,0.0
1999-12-08 00:00:00-05:00,2.644389923759129,2.667586326599121,2.5748007152391517,2.667586326599121,278400,0.0,0.0
1999-12-09 00:00:00-05:00,2.6095954091267815,2.6791846200368292,2.5052115927617105,2.6559882164001465,437600,0.0,0.0
1999-12-10 00:00:00-05:00,2.679184954417379,2.679184954417379,2.574801125024494,2.644390344619751,81600,0.0,0.0
1999-12-13 00:00:00-05:00,2.7487739382720573,2.8531577587127686,2.7487739382720573,2.8531577587127686,133600,0.0,0.0
1999-12-14 00:00:00-05:00,2.922746972339909,2.922746972339909,2.795166747356818,2.8531577587127686,128800,0.0,0.0
1999-12-15 00:00:00-05:00,2.644389768190022,2.7835681770421283,2.621193366714671,2.7487735748291016,3335200,0.0,0.0
1999-12-16 00:00:00-05:00,2.7255777383254745,2.783568754034527,2.690783128900043,2.737175941467285,70400,0.0,0.0
1999-12-17 00:00:00-05:00,2.760372347750906,2.760372347750906,2.6791849257582325,2.737175941467285,168800,0.0,0.0
1999-12-20 00:00:00-05:00,2.78936792897599,2.8763540898406856,2.771970272064209,2.771970272064209,36800,0.0,0.0
1999-12-21 00:00:00-05:00,2.806764841079712,2.806764841079712,2.7371756301438515,2.806764841079712,40800,0.0,0.0
1999-12-22 00:00:00-05:00,2.7835686206817627,2.7835686206817627,2.7139794051647184,2.7835686206817627,543200,0.0,0.0
1999-12-23 00:00:00-05:00,2.795166957176338,2.806765160318148,2.713979535183664,2.737175941467285,99200,0.0,0.0
1999-12-27 00:00:00-05:00,2.7023809870769235,2.7023809870769235,2.6907827854156494,2.6907827854156494,91200,0.0,0.0
1999-12-28 00:00:00-05:00,2.597996879697539,2.6675860818322943,2.5863986793417464,2.592198133468628,80800,0.0,0.0
1999-12-29 00:00:00-05:00,2.690782802445548,2.690782802445548,2.5979971885681152,2.5979971885681152,92800,0.0,0.0
1999-12-30 00:00:00-05:00,2.586399435122129,2.586399435122129,2.551604823887302,2.5574042797088623,76800,0.0,0.0
1999-12-31 00:00:00-05:00,2.5574042797088623,2.5574042797088623,2.5574042797088623,2.5574042797088623,1600,0.0,0.0
2000-01-03 00:00:00-05:00,2.5632029165098835,2.5748011197520095,2.528408306783505,2.5487053394317627,76000,0.0,0.0
2000-01-04 00:00:00-05:00,2.632791852441032,2.7371756703792225,2.609595448454767,2.696582317352295,772800,0.0,0.0
2000-01-05 00:00:00-05:00,2.7603720337891384,2.806764841079712,2.6907828228532775,2.806764841079712,164800,0.0,0.0
2000-01-06 00:00:00-05:00,2.922746841430664,2.9691396484375,2.8299612274169923,2.899550437927246,94400,0.0,0.0
2000-01-07 00:00:00-05:00,2.9227468246637387,3.0619252448858214,2.887952219608218,2.9923360347747803,995200,0.0,0.0
2000-01-10 00:00:00-05:00,3.386674810575959,3.5142550260428616,3.3286838035455486,3.456264019012451,217600,0.0,0.0
2000-01-11 00:00:00-05:00,3.5954423942921325,3.850602822274155,3.5954423942921325,3.7346208095550537,187200,0.0,0.0
2000-01-12 00:00:00-05:00,3.5722463353474936,3.5722463353474936,3.4794607162475586,3.4794607162475586,151200,0.0,0.0
2000-01-13 00:00:00-05:00,3.4330674214645547,3.4330674214645547,3.2706926109898795,3.328683614730835,50400,0.0,0.0
2000-01-14 00:00:00-05:00,3.3866746680541606,3.7578170974299594,3.3866746680541606,3.688227891921997,172000,0.0,0.0
2000-01-18 00:00:00-05:00,3.5258536094274278,3.6186392307281494,3.4910590014396568,3.6186392307281494,61600,0.0,0.0
2000-01-19 00:00:00-05:00,3.525853157043457,3.618638766439337,3.502656754694487,3.525853157043457,58400,0.0,0.0
2000-01-20 00:00:00-05:00,3.5026572041022472,3.6186392307281494,3.4794607987770667,3.6186392307281494,20000,0.0,0.0
2000-01-21 00:00:00-05:00,3.711424339108351,3.8390045507652,3.6882279369889237,3.8042099475860596,94400,0.0,0.0
2000-01-24 00:00:00-05:00,3.9201917066460563,3.9897809085391813,3.8042097034908475,3.8969953060150146,80800,0.0,0.0
2000-01-25 00:00:00-05:00,3.8969957351684568,4.314530992507934,3.8506029287974037,4.175352573394775,448800,0.0,0.0
2000-01-26 00:00:00-05:00,4.360922933879651,4.546494122555382,4.360922933879651,4.407315731048584,185600,0.0,0.0
2000-01-27 00:00:00-05:00,4.430513125199538,4.616084355574388,4.291334702418401,4.523298740386963,508000,0.0,0.0
2000-01-28 00:00:00-05:00,4.5464952613996426,4.5464952613996426,4.268138408660889,4.268138408660889,67200,0.0,0.0
2000-01-31 00:00:00-05:00,4.337727435859474,4.337727435859474,4.15215620865693,4.291334629058838,104800,0.0,0.0
2000-02-01 00:00:00-05:00,4.29133541296914,4.430513858795166,4.29133541296914,4.430513858795166,34400,0.0,0.0
2000-02-02 00:00:00-05:00,4.732066481454032,4.894441311700004,4.662477268491473,4.87124490737915,163200,0.0,0.0
2000-02-03 00:00:00-05:00,4.9060401548898165,5.265584468841553,4.848049136510505,5.265584468841553,137600,0.0,0.0
2000-02-04 00:00:00-05:00,5.625128492294067,5.799101538447491,5.590333883063382,5.775905132293701,221600,0.0,0.0
2000-02-07 00:00:00-05:00,6.41380616057691,6.506591783153068,6.1354492928484365,6.448600769042969,246400,0.0,0.0
2000-02-08 00:00:00-05:00,6.912528806705539,6.970519820184612,6.6805647527892456,6.935725212097168,498400,0.0,0.0
2000-02-09 00:00:00-05:00,6.494993024797582,6.494993024797582,5.938279336957789,6.2166361808776855,368800,0.0,0.0
2000-02-10 00:00:00-05:00,6.054261427105598,6.216636254652491,6.054261427105598,6.14704704284668,143200,0.0,0.0
2000-02-11 00:00:00-05:00,6.025266951415506,6.04266354739666,5.335173189640045,5.567137241363525,228800,0.0,0.0
2000-02-14 00:00:00-05:00,5.6135296316294285,5.75270805224834,5.567136824756458,5.665721893310547,143200,0.0,0.0
2000-02-15 00:00:00-05:00,5.6831192672252655,5.8686905086040495,5.474351620674133,5.567137241363525,119200,0.0,0.0
2000-02-16 00:00:00-05:00,5.625127883982068,5.775904507676432,5.613529682159424,5.613529682159424,44000,0.0,0.0
2000-02-17 00:00:00-05:00,5.636726410158219,5.845494054978894,5.636726410158219,5.752708435058594,230400,0.0,0.0
2000-02-18 00:00:00-05:00,5.752707565887065,5.752707565887065,5.497547149658203,5.497547149658203,51200,0.0,0.0
2000-02-22 00:00:00-05:00,5.775904731052678,5.799101135595058,5.590333494713636,5.706315517425537,148800,0.0,0.0
2000-02-23 00:00:00-05:00,5.799100949214055,5.799100949214055,5.70631533402663,5.729511737823486,41600,0.0,0.0
2000-02-24 00:00:00-05:00,6.077458890045391,6.332619377795388,6.0078696661135735,6.309422969818115,275200,0.0,0.0
2000-02-25 00:00:00-05:00,6.089055832242151,6.216636049679606,5.984672017975143,6.112252235412598,25600,0.0,0.0
2000-02-28 00:00:00-05:00,5.775904439216436,6.077457683030949,5.706315229105394,5.9846720695495605,34400,0.0,0.0
2000-02-29 00:00:00-05:00,5.973075100785343,6.0310661211813175,5.9382804885477585,5.949878692626953,52800,0.0,0.0
2000-03-01 00:00:00-05:00,5.9382791921096745,6.123850416863101,5.9382791921096745,6.054261207580566,49600,0.0,0.0
2000-03-02 00:00:00-05:00,6.379010937583279,6.680564181905398,6.379010937583279,6.587778568267822,107200,0.0,0.0
2000-03-03 00:00:00-05:00,6.866135303044723,6.866135303044723,6.680564078638109,6.8429388999938965,105600,0.0,0.0
2000-03-06 00:00:00-05:00,6.6805627690106375,6.912526754045729,6.6805627690106375,6.831339359283447,38400,0.0,0.0
2000-03-07 00:00:00-05:00,6.866135858509638,7.0517070979288174,6.773350238800049,6.773350238800049,81600,0.0,0.0
2000-03-08 00:00:00-05:00,6.402206548055013,6.402206548055013,6.123849741617839,6.263028144836426,80000,0.0,0.0
2000-03-09 00:00:00-05:00,6.123850930950599,6.123850930950599,5.752708450286926,5.810699462890625,174400,0.0,0.0
2000-03-10 00:00:00-05:00,6.26302895338639,6.402207374572754,6.077457725137904,6.402207374572754,89600,0.0,0.0
2000-03-13 00:00:00-05:00,6.077457996900861,6.077457996900861,5.7527083329443265,6.065859794616699,74400,0.0,0.0
2000-03-14 00:00:00-05:00,6.0252668482001175,7.051707051595052,6.0252668482001175,6.958921432495117,135200,0.0,0.0
2000-03-15 00:00:00-05:00,6.680563449859619,6.726956251594755,6.402206639448801,6.680563449859619,72800,0.0,0.0
2000-03-16 00:00:00-05:00,6.286225349426269,6.286225349426269,5.729511665344238,5.799100875854492,107200,0.0,0.0
2000-03-17 00:00:00-05:00,5.93827976473384,6.100654602050781,5.752708522085908,6.100654602050781,80800,0.0,0.0
2000-03-20 00:00:00-05:00,6.26303015386357,6.494994233636295,6.26303015386357,6.309422969818115,36800,0.0,0.0
2000-03-21 00:00:00-05:00,6.216636843449168,6.402208092507352,5.926681766795755,6.1934404373168945,60800,0.0,0.0
2000-03-22 00:00:00-05:00,6.031064734314428,6.123850345611572,5.984671928665855,6.123850345611572,21600,0.0,0.0
2000-03-23 00:00:00-05:00,5.9846720695495605,5.9846720695495605,5.9846720695495605,5.9846720695495605,1600,0.0,0.0
2000-03-24 00:00:00-05:00,6.031064680644445,6.726956759180342,6.031064680644445,6.494992733001709,136000,0.0,0.0
2000-03-27 00:00:00-05:00,6.402206548055013,6.402206548055013,6.263028144836426,6.263028144836426,15200,0.0,0.0
2000-03-28 00:00:00-05:00,6.0774575399629995,6.123850345611572,5.984671928665855,6.123850345611572,6400,0.0,0.0
2000-03-29 00:00:00-05:00,5.891886489868164,5.938279296875,5.799100875854492,5.799100875854492,20000,0.0,0.0
2000-03-30 00:00:00-05:00,5.8454935401678085,6.123850375413895,5.8454935401678085,5.938279151916504,64000,0.0,0.0
2000-03-31 00:00:00-05:00,6.170243037565974,6.170243037565974,6.077457427978516,6.077457427978516,6400,0.0,0.0
2000-04-03 00:00:00-04:00,5.938280034362033,5.938280034362033,5.590333938598633,5.590333938598633,44000,0.0,0.0
2000-04-04 00:00:00-04:00,5.474350981278853,5.474350981278853,5.103208541870117,5.103208541870117,80800,0.0,0.0
2000-04-05 00:00:00-04:00,4.964030311025422,5.451154780798944,4.964030311025422,5.381565570831299,40800,0.0,0.0
2000-04-06 00:00:00-04:00,5.665721852025474,5.729511607061957,5.625127792358398,5.625127792358398,39200,0.0,0.0
2000-04-07 00:00:00-04:00,5.752708435058594,5.938279674899194,5.752708435058594,5.752708435058594,16000,0.0,0.0
2000-04-10 00:00:00-04:00,5.659921774343283,5.752707377201369,5.520743370056152,5.520743370056152,20000,0.0,0.0
2000-04-11 00:00:00-04:00,5.427958377476396,5.427958377476396,5.311976360863652,5.381565570831299,16800,0.0,0.0
2000-04-12 00:00:00-04:00,5.311977038949223,5.47435188293457,5.311977038949223,5.47435188293457,47200,0.0,0.0
2000-04-13 00:00:00-04:00,5.0104232928074826,5.242387334141163,5.0104232928074826,5.056816101074219,20000,0.0,0.0
2000-04-14 00:00:00-04:00,4.824851463580954,4.853847319113967,4.708869457244873,4.708869457244873,74400,0.0,0.0
2000-04-17 00:00:00-04:00,4.500102580762377,4.77845944142809,4.459509225864345,4.732066631317139,64800,0.0,0.0
2000-04-18 00:00:00-04:00,5.010423715297993,5.010423715297993,4.824852466583252,4.824852466583252,18400,0.0,0.0
2000-04-19 00:00:00-04:00,5.242387294769287,5.242387294769287,5.242387294769287,5.242387294769287,3200,0.0,0.0
2000-04-20 00:00:00-04:00,5.242387876175997,5.381566315366511,5.195995063112493,5.288780689239502,36000,0.0,0.0
2000-04-24 00:00:00-04:00,5.195994825667987,5.195994825667987,5.080012798309326,5.080012798309326,12800,0.0,0.0
2000-04-25 00:00:00-04:00,5.36416853131784,5.532342098605248,5.35836907663653,5.393163681030273,195200,0.0,0.0
2000-04-26 00:00:00-04:00,5.920882858835545,5.96147621451842,5.781704425811768,5.781704425811768,124800,0.0,0.0
2000-04-27 00:00:00-04:00,5.961476406713171,5.961476406713171,5.84549437545416,5.891887187957764,366400,0.0,0.0
2000-04-28 00:00:00-04:00,6.036864228038839,6.216635632652239,6.036864228038839,6.042662620544434,96000,0.0,0.0
2000-05-01 00:00:00-04:00,6.123850345611572,6.26302876255729,6.04266293572657,6.123850345611572,50400,0.0,0.0
2000-05-02 00:00:00-04:00,6.32102003464332,6.4949930631197414,6.32102003464332,6.332618236541748,143200,0.0,0.0
2000-05-03 00:00:00-04:00,6.379011063348679,6.379011063348679,5.845493774414062,6.089056015014648,102400,0.0,0.0
2000-05-04 00:00:00-04:00,5.984672267184334,6.14124870300293,5.984672267184334,6.14124870300293,5600,0.0,0.0
2000-05-05 00:00:00-04:00,5.984671957790852,5.984671957790852,5.770105584571013,5.938279151916504,23200,0.0,0.0
2000-05-08 00:00:00-04:00,6.147047134788816,6.147047134788816,6.07745792194215,6.135448932647705,136800,0.0,0.0
2000-05-09 00:00:00-04:00,5.961475700378418,5.961475700378418,5.799100875854492,5.799100875854492,11200,0.0,0.0
2000-05-10 00:00:00-04:00,5.810698935762048,6.025266370828945,5.567136704921722,5.938279151916504,80800,0.0,0.0
2000-05-11 00:00:00-04:00,5.799101024377542,5.938279448962603,5.6599225997924805,5.6599225997924805,24000,0.0,0.0
2000-05-12 00:00:00-04:00,5.799101550820807,5.96147639424379,5.799101550820807,5.833896160125732,23200,0.0,0.0
2000-05-15 00:00:00-04:00,5.961475813199603,5.993370868620418,5.799100985602727,5.845493793487549,14400,0.0,0.0
2000-05-16 00:00:00-04:00,5.89188660137237,5.89188660137237,5.845493793487549,5.845493793487549,5600,0.0,0.0
2000-05-17 00:00:00-04:00,5.909283823170422,5.909283823170422,5.7179131507873535,5.7179131507873535,20800,0.0,0.0
2000-05-18 00:00:00-04:00,5.567137508069054,5.567137508069054,5.47435188293457,5.47435188293457,27200,0.0,0.0
2000-05-19 00:00:00-04:00,5.381566315366511,5.381566315366511,5.103209436985484,5.288780689239502,25600,0.0,0.0
2000-05-22 00:00:00-04:00,5.195994486850974,5.242387294769287,5.10320887101435,5.242387294769287,32800,0.0,0.0
2000-05-23 00:00:00-04:00,5.219190668415379,5.219190668415379,5.149601459503174,5.149601459503174,6400,0.0,0.0
2000-05-24 00:00:00-04:00,5.080012250590969,5.149601459503174,4.964030235737294,5.149601459503174,21600,0.0,0.0
2000-05-25 00:00:00-04:00,5.010423950335946,5.103209579045871,5.010423950335946,5.033620357513428,10400,0.0,0.0
2000-05-26 00:00:00-04:00,5.103208763258798,5.1959943771362305,4.940833938973291,5.1959943771362305,16000,0.0,0.0
2000-05-30 00:00:00-04:00,5.149601346796209,5.149601346796209,5.103208541870117,5.103208541870117,8800,0.0,0.0
2000-05-31 00:00:00-04:00,5.26558422638198,5.47435188293457,5.25398602324017,5.47435188293457,16800,0.0,0.0
2000-06-01 00:00:00-04:00,5.265583883921305,5.265583883921305,5.219191074371338,5.219191074371338,2400,0.0,0.0
2000-06-02 00:00:00-04:00,5.839694724583323,6.0310646926114,5.839694724583323,6.00786828994751,178400,0.0,0.0
2000-06-05 00:00:00-04:00,5.752707928419113,5.938279151916504,5.683118719607592,5.938279151916504,129600,0.0,0.0
2000-06-06 00:00:00-04:00,5.932481227780852,5.932481227780852,5.775905132293701,5.775905132293701,1600,0.0,0.0
2000-06-07 00:00:00-04:00,5.630927412891183,5.63672615992973,5.543940544128418,5.543940544128418,11200,0.0,0.0
2000-06-08 00:00:00-04:00,5.497547149658203,5.630926812090469,5.497547149658203,5.497547149658203,4000,0.0,0.0
2000-06-09 00:00:00-04:00,5.567136354084257,5.567136354084257,5.497547149658203,5.497547149658203,25600,0.0,0.0
2000-06-12 00:00:00-04:00,5.474351472001735,5.706315517425537,5.427958662916974,5.706315517425537,8800,0.0,0.0
2000-06-13 00:00:00-04:00,5.654123663820271,5.659922410701883,5.381565570831299,5.381565570831299,21600,0.0,0.0
2000-06-14 00:00:00-04:00,5.706315625098444,5.752708435058594,5.6251282076681814,5.752708435058594,116000,0.0,0.0
2000-06-15 00:00:00-04:00,5.601931427464341,5.752708049735637,5.601931427464341,5.741109848022461,33600,0.0,0.0
2000-06-16 00:00:00-04:00,5.752708163795546,5.752708163795546,5.706315356023002,5.7121148109436035,128800,0.0,0.0
2000-06-19 00:00:00-04:00,5.6599225997924805,5.752708216182522,5.6599225997924805,5.6599225997924805,68000,0.0,0.0
2000-06-20 00:00:00-04:00,5.9614757757920485,6.07745779477633,5.9382793719951925,6.031064987182617,32800,0.0,0.0
2000-06-21 00:00:00-04:00,6.123850602370042,6.123850602370042,6.031064987182617,6.031064987182617,10400,0.0,0.0
2000-06-22 00:00:00-04:00,5.84549340400987,6.077457427978516,5.84549340400987,6.077457427978516,15200,0.0,0.0
2000-06-23 00:00:00-04:00,5.9382793719951925,6.031064987182617,5.9382793719951925,6.031064987182617,13600,0.0,0.0
2000-06-26 00:00:00-04:00,5.961475525841569,6.123850345611572,5.938279123017282,6.123850345611572,72000,0.0,0.0
2000-06-27 00:00:00-04:00,6.2166361808776855,6.309421795517651,6.2166361808776855,6.2166361808776855,602400,0.0,0.0
2000-06-28 00:00:00-04:00,6.222437147801537,6.309422969818115,6.20503913392039,6.309422969818115,77600,0.0,0.0
2000-06-29 00:00:00-04:00,6.402207774500694,6.610975419321369,6.367413167030581,6.471796989440918,313600,0.0,0.0
2000-06-30 00:00:00-04:00,6.564582594453472,6.773350238800049,6.494993379671279,6.773350238800049,244000,0.0,0.0
2000-07-03 00:00:00-04:00,6.7733505429753595,6.8545379638671875,6.680564919098985,6.8545379638671875,182400,0.0,0.0
2000-07-05 00:00:00-04:00,6.773350194295247,7.005314242045085,6.680564575195312,6.958921432495117,88000,0.0,2.0
2000-07-06 00:00:00-04:00,6.958922318049839,7.237279210771833,6.854538483279092,7.144493579864502,55600,0.0,0.0
2000-07-07 00:00:00-04:00,7.1444934770172726,7.190886291803099,6.958922217873966,7.098100662231445,82000,0.0,0.0
2000-07-10 00:00:00-04:00,6.784947621317562,7.144491854242083,6.703760213882993,7.12129545211792,163200,0.0,0.0
2000-07-11 00:00:00-04:00,6.738555339603489,6.912528369025266,6.657367925873326,6.750153541564941,558800,0.0,0.0
2000-07-12 00:00:00-04:00,6.599377433318553,6.686364662745481,6.437002593131453,6.564582824707031,454800,0.0,0.0
2000-07-13 00:00:00-04:00,6.26302895338639,6.4717965851659365,6.077457725137904,6.402207374572754,92000,0.0,0.0
2000-07-14 00:00:00-04:00,6.402206813001467,6.65736722946167,6.309421207015938,6.65736722946167,54000,0.0,0.0
2000-07-17 00:00:00-04:00,6.680562597121636,6.680562597121636,6.158643644221508,6.355813026428223,35200,0.0,0.0
2000-07-18 00:00:00-04:00,6.587778791947798,6.587778791947798,6.379011154174805,6.379011154174805,44800,0.0,0.0
2000-07-19 00:00:00-04:00,6.031064951597755,6.263028988197669,6.031064951597755,6.2166361808776855,98000,0.0,0.0
2000-07-20 00:00:00-04:00,6.309420230614878,6.494991413868257,6.286223832708205,6.355813026428223,81200,0.0,0.0
2000-07-21 00:00:00-04:00,6.692161991482689,6.842938604808989,6.692161991482689,6.819742202758789,23600,0.0,0.0
2000-07-24 00:00:00-04:00,6.866134842929109,7.028509653403784,6.65736722946167,6.65736722946167,47200,0.0,0.0
2000-07-25 00:00:00-04:00,6.680564068733378,6.773349680799119,6.193439605388236,6.541385650634766,236400,0.0,0.0
2000-07-26 00:00:00-04:00,6.72695659455799,6.912527810959589,6.680563790457589,6.819742202758789,534000,0.0,0.0
2000-07-27 00:00:00-04:00,6.796545335462877,6.866134536849869,6.6341705322265625,6.6341705322265625,353600,0.0,0.0
2000-07-28 00:00:00-04:00,6.587779030764014,6.587779030764014,5.984672499778576,6.170243740081787,386000,0.0,0.0
2000-07-31 00:00:00-04:00,6.471795015961584,6.471795015961584,6.147045445268171,6.355813026428223,102800,0.0,0.0
2000-08-01 00:00:00-04:00,6.494992790800152,6.5645819992730114,6.0774575399629995,6.123850345611572,33200,0.0,0.0
2000-08-02 00:00:00-04:00,6.402207410157617,6.471796621137591,6.054261355257746,6.2166361808776855,345600,0.0,0.0
2000-08-03 00:00:00-04:00,5.9150828594385185,5.9846720695495605,5.752708035846089,5.9846720695495605,31600,0.0,0.0
2000-08-04 00:00:00-04:00,6.077457869563121,6.309421910386141,5.961475849151611,5.961475849151611,200400,0.0,0.0
2000-08-07 00:00:00-04:00,5.915082968198337,6.031064987182617,5.70631533402663,6.031064987182617,32800,0.0,0.0
2000-08-08 00:00:00-04:00,5.961475525841569,6.170243151260145,5.822297108895851,6.123850345611572,42800,0.0,0.0
2000-08-09 00:00:00-04:00,6.0310646926114,6.21663591392252,5.84549347130028,6.00786828994751,107200,0.0,0.0
2000-08-10 00:00:00-04:00,5.9382793719951925,6.054261390979474,5.845493756807768,6.031064987182617,33600,0.0,0.0
2000-08-11 00:00:00-04:00,5.659922691830864,5.938279545527464,5.567137073931997,5.648324489593506,35200,0.0,0.0
2000-08-14 00:00:00-04:00,5.659922491335401,5.915082931518555,5.4743512621112895,5.915082931518555,95200,0.0,0.0
2000-08-15 00:00:00-04:00,5.93827976473384,6.100654602050781,5.93827976473384,6.100654602050781,43200,0.0,0.0
2000-08-16 00:00:00-04:00,6.123850930005984,6.239832955195491,6.077458119930181,6.170243740081787,18400,0.0,0.0
2000-08-17 00:00:00-04:00,6.170243192339475,6.239832401275635,5.9846719685097165,6.239832401275635,51600,0.0,0.0
2000-08-18 00:00:00-04:00,5.984672144277772,6.2166361808776855,5.984672144277772,6.2166361808776855,12000,0.0,0.0
2000-08-21 00:00:00-04:00,6.21663655015759,6.286225765271294,6.007868904816477,6.170243740081787,89200,0.0,0.0
2000-08-22 00:00:00-04:00,6.031064734314428,6.309421568205862,6.031064734314428,6.123850345611572,149200,0.0,0.0
2000-08-23 00:00:00-04:00,6.309421870393574,6.402207486134655,6.14704704284668,6.14704704284668,502800,0.0,0.0
2000-08-24 00:00:00-04:00,6.181841648749586,6.355814678264115,6.007868619235057,6.14704704284668,311200,0.0,0.0
2000-08-25 00:00:00-04:00,6.355814373854435,6.44859998515158,6.123850345611572,6.123850345611572,354400,0.0,0.0
2000-08-28 00:00:00-04:00,6.170243539071038,6.170243539071038,5.984672304813262,6.135448932647705,163200,0.0,0.0
2000-08-29 00:00:00-04:00,6.147046635169109,6.193439439962838,6.0078682207879215,6.077457427978516,352800,0.0,0.0
2000-08-30 00:00:00-04:00,6.007868904816477,6.170243740081787,6.007868904816477,6.170243740081787,18000,0.0,0.0
2000-08-31 00:00:00-04:00,6.263029156199925,6.30942196476437,6.031065113377706,6.135448932647705,364800,0.0,0.0
2000-09-01 00:00:00-04:00,6.170242542690701,6.263028144836426,6.123849741617839,6.263028144836426,186800,0.0,0.0
2000-09-05 00:00:00-04:00,6.031065326434351,6.216636567247715,5.822297680519315,5.868690490722656,61600,0.0,0.0
2000-09-06 00:00:00-04:00,5.8686905086040495,5.915083318948746,5.567137241363525,5.567137241363525,48400,0.0,0.0
2000-09-07 00:00:00-04:00,5.7527074448605795,5.7527074448605795,5.4511542320251465,5.4511542320251465,64000,0.0,0.0
2000-09-08 00:00:00-04:00,5.520744719445952,5.6599231577513125,5.451155500293273,5.590333938598633,61600,0.0,0.0
2000-09-11 00:00:00-04:00,5.857092612017239,6.007869253514713,5.590333938598633,5.590333938598633,24800,0.0,0.0
2000-09-12 00:00:00-04:00,5.8222980024409,5.8222980024409,5.543941125830179,5.590333938598633,98400,0.0,0.0
2000-09-13 00:00:00-04:00,5.6367267269199175,5.717914148912591,5.47435188293457,5.47435188293457,53600,0.0,0.0
2000-09-14 00:00:00-04:00,5.683118893095285,5.683118893095285,5.520744067578277,5.613529682159424,40800,0.0,0.0
2000-09-15 00:00:00-04:00,5.659922431018561,5.659922431018561,5.381565590148796,5.43955659866333,120800,0.0,0.0
2000-09-18 00:00:00-04:00,5.52074388810146,5.636725902557373,5.52074388810146,5.636725902557373,13600,0.0,0.0
2000-09-19 00:00:00-04:00,5.230788532691666,5.497547149658203,5.152500323763359,5.497547149658203,14400,0.0,0.0
2000-09-20 00:00:00-04:00,5.4279579452321505,5.520743551133554,5.381565142281448,5.497547149658203,24800,0.0,0.0
2000-09-21 00:00:00-04:00,5.288779847518258,5.358369056038235,5.056815819118334,5.335172653198242,28400,0.0,0.0
2000-09-22 00:00:00-04:00,4.9640309031193075,4.9640309031193075,4.662477623957854,4.824852466583252,462000,0.0,0.0
2000-09-25 00:00:00-04:00,4.9176374595856,5.103208684475622,4.879943658478837,4.9640302658081055,894400,0.0,0.0
2000-09-26 00:00:00-04:00,5.0336196239178,5.138003441003653,5.010423220120944,5.126405239105225,475600,0.0,0.0
2000-09-27 00:00:00-04:00,5.381565388691784,5.474350998841642,5.2162913745613615,5.404761791229248,171600,0.0,0.0
2000-09-28 00:00:00-04:00,5.77590474756191,5.833895759083616,5.752708342953228,5.764306545257568,153600,0.0,0.0
2000-09-29 00:00:00-04:00,5.752708326510297,5.752708326510297,5.613529899256016,5.706315517425537,275200,0.0,0.0
2000-10-02 00:00:00-04:00,5.613529604056786,5.616428800523079,5.381565570831299,5.381565570831299,220400,0.0,0.0
2000-10-03 00:00:00-04:00,5.381565812950388,5.47435143041505,5.2307891845703125,5.2307891845703125,61600,0.0,0.0
2000-10-04 00:00:00-04:00,5.288780102687599,5.288780102687599,5.0800124670551945,5.242387294769287,63200,0.0,0.0
2000-10-05 00:00:00-04:00,5.114806237714044,5.288779238996835,5.045217037200928,5.045217037200928,125200,0.0,0.0
2000-10-06 00:00:00-04:00,5.172799182218664,5.172799182218664,4.929236888885498,4.929236888885498,82400,0.0,0.0
2000-10-09 00:00:00-04:00,4.848048779604246,4.964030807824444,4.824852373960207,4.836450576782227,60800,0.0,0.0
2000-10-10 00:00:00-04:00,4.824851716617411,4.917637326552361,4.824851716617411,4.859646320343018,69600,0.0,0.0
2000-10-11 00:00:00-04:00,4.68567323809193,4.68567323809193,4.430512814235438,4.442111015319824,66400,0.0,0.0
2000-10-12 00:00:00-04:00,5.033619269286051,5.033619269286051,4.685673236846924,4.685673236846924,66800,0.0,0.0
2000-10-13 00:00:00-04:00,4.917637429795824,5.219190668415379,4.824851817912884,5.149601459503174,118800,0.0,0.0
2000-10-16 00:00:00-04:00,5.149601346796209,5.311976164037532,5.103208541870117,5.103208541870117,43600,0.0,0.0
2000-10-17 00:00:00-04:00,4.964029854507808,5.010422656886385,4.894440650939941,4.894440650939941,26400,0.0,0.0
2000-10-18 00:00:00-04:00,4.291334629058838,4.453709452861064,4.26813822565852,4.291334629058838,64400,0.0,0.0
2000-10-19 00:00:00-04:00,4.546495543585883,5.01042366027832,4.465308123164707,5.01042366027832,120400,0.0,0.0
2000-10-20 00:00:00-04:00,4.917638090940622,5.1959949640127325,4.824852466583252,4.824852466583252,19600,0.0,0.0
2000-10-23 00:00:00-04:00,5.474351526896159,5.474351526896159,5.195994669596354,5.219191074371338,34800,0.0,0.0
2000-10-24 00:00:00-04:00,5.404761922735917,6.170243225097656,5.381565519634046,5.509145736694336,150000,0.0,0.0
2000-10-25 00:00:00-04:00,5.4743513670123995,5.6599225997924805,5.4743513670123995,5.6599225997924805,198800,0.0,0.0
2000-10-26 00:00:00-04:00,5.729511773775494,5.938279409257192,5.497547734351385,5.845493793487549,952400,0.0,0.0
2000-10-27 00:00:00-04:00,5.694717422608407,5.915083269919119,5.613530005178144,5.752708435058594,1149200,0.0,0.0
2000-10-30 00:00:00-05:00,5.52074414017809,5.752708179681371,5.52074414017809,5.543940544128418,199200,0.0,0.0
2000-10-31 00:00:00-05:00,5.52074414017809,5.659922563880058,5.52074414017809,5.543940544128418,50400,0.0,0.0
2000-11-01 00:00:00-05:00,5.648325163004349,5.70631618110501,5.38156647974131,5.683119773864746,35200,0.0,0.0
2000-11-02 00:00:00-05:00,5.659922316670418,5.938279151916504,5.659922316670418,5.938279151916504,44000,0.0,0.0
2000-11-03 00:00:00-05:00,5.961475813199603,5.961475813199603,5.845493793487549,5.845493793487549,676400,0.0,0.0
2000-11-06 00:00:00-05:00,5.845493828740101,5.961475849151611,5.845493828740101,5.961475849151611,1933200,0.0,0.0
2000-11-07 00:00:00-05:00,5.915082893371582,5.915082893371582,5.799100875854492,5.799100875854492,1728400,0.0,0.0
2000-11-08 00:00:00-05:00,5.868690459958969,5.868690459958969,5.752708435058594,5.752708435058594,451200,0.0,0.0
2000-11-09 00:00:00-05:00,5.706315672397613,5.752708482742309,5.567137241363525,5.567137241363525,16400,0.0,0.0
2000-11-10 00:00:00-05:00,5.474350815145379,5.567136422181741,5.288779601072654,5.427958011627197,12000,0.0,0.0
2000-11-13 00:00:00-05:00,5.0104229585179745,5.288779789546751,4.917637348175049,4.917637348175049,14400,0.0,0.0
2000-11-14 00:00:00-05:00,5.219190818253563,5.335172836436976,5.033619589160103,5.311976432800293,25600,0.0,0.0
2000-11-15 00:00:00-05:00,5.439557012915611,5.752708482742309,5.439557012915611,5.567137241363525,386000,0.0,0.0
2000-11-16 00:00:00-05:00,5.75270902425936,5.938280283106436,5.613530580124053,5.85709285736084,138000,0.0,0.0
2000-11-17 00:00:00-05:00,5.810699447508782,5.822297649998819,5.578735397708032,5.752708435058594,40800,0.0,0.0
2000-11-20 00:00:00-05:00,5.752708104031146,5.752708104031146,5.451154856642416,5.613529682159424,68800,0.0,0.0
2000-11-21 00:00:00-05:00,5.381565907796224,5.503347386813936,5.219191074371338,5.219191074371338,24000,0.0,0.0
2000-11-22 00:00:00-05:00,5.242387876175997,5.427959128430015,5.161200453314865,5.288780689239502,32800,0.0,0.0
2000-11-24 00:00:00-05:00,5.752708326510297,5.752708326510297,5.509146078815305,5.706315517425537,188800,0.0,0.0
2000-11-27 00:00:00-05:00,5.868689943104982,5.938279151916504,5.7063151225447655,5.938279151916504,17200,0.0,0.0
2000-11-28 00:00:00-05:00,5.590333076128098,5.938279118210759,5.578734874725342,5.578734874725342,52800,0.0,0.0
2000-11-29 00:00:00-05:00,5.683119003889991,5.845493832572562,5.56713698340244,5.6599225997924805,24000,0.0,0.0
2000-11-30 00:00:00-05:00,5.265583587544305,5.474351218768528,5.103208763258798,5.1959943771362305,22400,0.0,0.0
2000-12-01 00:00:00-05:00,5.195995063112493,5.381566315366511,5.010423810858475,5.288780689239502,50000,0.0,0.0
2000-12-04 00:00:00-05:00,5.056815763689437,5.056815763689437,4.824851737832124,4.917637348175049,13200,0.0,0.0
2000-12-05 00:00:00-05:00,5.381566257800086,5.555539304927244,5.24238782009836,5.47435188293457,59200,0.0,0.0
2000-12-06 00:00:00-05:00,5.555538630911282,5.659922446523394,5.1843961754015515,5.1959943771362305,135600,0.0,0.0
2000-12-07 00:00:00-05:00,5.19599441461688,5.38156564371034,5.080012396433468,5.311976432800293,557600,0.0,0.0
2000-12-08 00:00:00-05:00,5.311976853026647,5.311976853026647,5.080012798309326,5.080012798309326,35600,0.0,0.0
2000-12-11 00:00:00-05:00,5.1959952077557965,5.311977243643202,5.033620357513428,5.033620357513428,17200,0.0,0.0
2000-12-12 00:00:00-05:00,5.010423041678764,5.195994265444644,5.010423041678764,5.149601459503174,12800,0.0,0.0
2000-12-13 00:00:00-05:00,5.010422936487312,5.010422936487312,4.859646320343018,4.859646320343018,10800,0.0,0.0
2000-12-14 00:00:00-05:00,4.6392802036169805,4.761061662910916,4.5928874015808105,4.5928874015808105,104000,0.0,0.0
2000-12-15 00:00:00-05:00,3.989781510939292,4.1753527440062355,3.6418354489387723,3.792612075805664,1808000,0.0,0.0
2000-12-18 00:00:00-05:00,4.036174511641598,4.268138564034794,3.9897817011629595,4.128960132598877,343600,0.0,0.0
2000-12-19 00:00:00-05:00,4.221746037223122,4.221746037223122,3.827407121658325,3.827407121658325,512000,0.0,0.0
2000-12-20 00:00:00-05:00,3.781013978322347,3.781013978322347,3.456264311472575,3.4794607162475586,1056000,0.0,0.0
2000-12-21 00:00:00-05:00,3.5722463669315463,3.804210416732296,3.5722463669315463,3.595442771911621,210400,0.0,0.0
2000-12-22 00:00:00-05:00,3.9897816421550365,4.268138500910039,3.804210402985035,4.256540298461914,346800,0.0,0.0
2000-12-26 00:00:00-05:00,4.175352943077516,4.2449421587954745,4.105763727359557,4.128960132598877,39200,0.0,0.0
2000-12-27 00:00:00-05:00,4.268139005331469,4.430513858795166,4.268139005331469,4.430513858795166,104400,0.0,0.0
2000-12-28 00:00:00-05:00,4.639280339082083,4.674074941625198,4.337727117041747,4.453709125518799,210400,0.0,0.0
2000-12-29 00:00:00-05:00,4.639279965272883,4.720467364665159,4.453708766661968,4.500101566314697,92000,0.0,0.0
2001-01-02 00:00:00-05:00,4.639281527534205,4.662477935171876,4.407317451157495,4.430513858795166,175600,0.0,0.0
2001-01-03 00:00:00-05:00,4.152155903478464,4.50010192890962,4.036173895001411,4.453709125518799,118400,0.0,0.0
2001-01-04 00:00:00-05:00,4.569691229960476,4.627682235416827,4.500102023412855,4.624783039093018,17200,0.0,0.0
2001-01-05 00:00:00-05:00,4.708870491981506,4.836450726985931,4.569692053794861,4.639281272888184,63200,0.0,0.0
2001-01-08 00:00:00-05:00,4.592887797254197,4.592887797254197,4.268138155024102,4.360923767089844,180800,0.0,0.0
2001-01-09 00:00:00-05:00,4.523297966141062,4.546494365967426,4.3609231673565105,4.500101566314697,474000,0.0,0.0
2001-01-10 00:00:00-05:00,4.453708528217517,4.500101325386449,4.360922933879651,4.407315731048584,326800,0.0,0.0
2001-01-11 00:00:00-05:00,4.616084459849766,4.87124490737915,4.616084459849766,4.87124490737915,45600,0.0,0.0
2001-01-12 00:00:00-05:00,5.03361933448098,5.195994151722301,5.010422932017933,5.103208541870117,44400,0.0,0.0
2001-01-16 00:00:00-05:00,4.998825289455114,4.998825289455114,4.732066631317139,4.732066631317139,18400,0.0,0.0
2001-01-17 00:00:00-05:00,4.824851737832124,5.022021159810841,4.824851737832124,4.917637348175049,17200,0.0,0.0
2001-01-18 00:00:00-05:00,5.195995063112493,5.288780689239502,5.080013030453732,5.288780689239502,72800,0.0,0.0
2001-01-19 00:00:00-05:00,5.659922314715642,5.659922314715642,5.3003780693136235,5.393163681030273,1163200,0.0,0.0
2001-01-22 00:00:00-05:00,5.126405689451429,5.126405689451429,4.917638036939833,5.01042366027832,360000,0.0,0.0
2001-01-23 00:00:00-05:00,4.848048843581088,5.3467715715092865,4.821953240836236,5.24528694152832,228800,0.0,0.0
2001-01-24 00:00:00-05:00,5.567136744449013,5.567136744449013,5.381565519634046,5.509145736694336,409600,0.0,0.0
2001-01-25 00:00:00-05:00,5.427958524376778,5.5903333520290746,5.427958524376778,5.543940544128418,146800,0.0,0.0
2001-01-26 00:00:00-05:00,5.509146228432655,5.567137241363525,5.427958810329437,5.567137241363525,82800,0.0,0.0
2001-01-29 00:00:00-05:00,5.497547902878682,5.543940712185675,5.427958688918192,5.4627532958984375,45200,0.0,0.0
2001-01-30 00:00:00-05:00,5.567136874868851,5.683118893095285,5.567136874868851,5.613529682159424,50800,0.0,0.0
2001-01-31 00:00:00-05:00,5.567137508069054,5.659923133203539,5.47435188293457,5.47435188293457,39200,0.0,0.0
2001-02-01 00:00:00-05:00,5.613529296148391,5.683118502298991,5.567136492047991,5.601931095123291,8000,0.0,0.0
2001-02-02 00:00:00-05:00,5.799101810066067,5.845494624546596,5.671521570244614,5.683119773864746,60400,0.0,0.0
2001-02-05 00:00:00-05:00,5.82229844775581,6.042664325260512,5.79910203959742,5.949878692626953,62400,0.0,0.0
2001-02-06 00:00:00-05:00,5.92668092979717,5.92668092979717,5.880288124084473,5.880288124084473,44000,0.0,0.0
2001-02-07 00:00:00-05:00,5.752708435058594,5.752708435058594,5.636726410158219,5.752708435058594,56000,0.0,0.0
2001-02-08 00:00:00-05:00,5.683118547435706,5.752707754139001,5.683118547435706,5.7179131507873535,176800,0.0,0.0
2001-02-09 00:00:00-05:00,5.775905132293701,5.8222979446012815,5.775905132293701,5.775905132293701,70000,0.0,0.0
2001-02-12 00:00:00-05:00,5.6831192672252655,5.6831192672252655,5.567137241363525,5.567137241363525,22400,0.0,0.0
2001-02-13 00:00:00-05:00,5.497547902878682,5.57873531916592,5.4163604865914445,5.4627532958984375,140800,0.0,0.0
2001-02-14 00:00:00-05:00,5.555539131164551,5.555539131164551,5.451155306153109,5.555539131164551,68000,0.0,0.0
2001-02-15 00:00:00-05:00,5.381566088439708,5.474351710654186,5.381566088439708,5.436657905578613,41600,0.0,0.0
2001-02-16 00:00:00-05:00,5.253985385809626,5.358369201421738,5.1959943771362305,5.1959943771362305,139600,0.0,0.0
2001-02-20 00:00:00-05:00,5.277181900708022,5.358369314565068,5.230789092789709,5.242387294769287,66800,0.0,0.0
2001-02-21 00:00:00-05:00,5.219190554185348,5.219190554185348,5.045217535712503,5.103208541870117,336800,0.0,0.0
2001-02-22 00:00:00-05:00,4.871244739713217,5.01042316084788,4.639280704488778,4.65087890625,64000,0.0,0.0
2001-02-23 00:00:00-05:00,4.952432510385103,4.952432510385103,4.790057673979034,4.848048686981201,70400,0.0,0.0
2001-02-26 00:00:00-05:00,5.08001228136437,5.103208684475622,4.824851847140589,4.9640302658081055,137600,0.0,0.0
2001-02-27 00:00:00-05:00,5.126405313474323,5.126405313474323,5.022021494874167,5.056816101074219,108800,0.0,0.0
2001-02-28 00:00:00-05:00,5.1959948399804246,5.288780462122933,5.103209217837917,5.138003826141357,69200,0.0,0.0
2001-03-01 00:00:00-05:00,5.103208541870117,5.195994151722301,5.010422932017933,5.103208541870117,48800,0.0,0.0
2001-03-02 00:00:00-05:00,5.195994825667987,5.195994825667987,5.080012798309326,5.080012798309326,38800,0.0,0.0
2001-03-05 00:00:00-05:00,5.080011754481287,5.149600956597469,5.0336189530705,5.091609954833984,54400,0.0,0.0
2001-03-06 00:00:00-05:00,5.4511542320251465,5.57003543313628,5.381565029063124,5.4511542320251465,184400,0.0,0.0
2001-03-07 00:00:00-05:00,5.451154346707502,5.567136354084257,5.439556145969826,5.497547149658203,263600,0.0,0.0
2001-03-08 00:00:00-05:00,5.47435188293457,5.509146492360002,5.404762664083707,5.47435188293457,63200,0.0,0.0
2001-03-09 00:00:00-05:00,5.080012431511513,5.27718186378479,5.056816027714656,5.126405239105225,26400,0.0,0.0
2001-03-12 00:00:00-05:00,4.824851215749547,4.9060386160145635,4.801654815673828,4.801654815673828,374000,0.0,0.0
2001-03-13 00:00:00-05:00,4.824852747143614,4.871245562019995,4.755263524829043,4.790058135986328,70400,0.0,0.0
2001-03-14 00:00:00-05:00,4.4537100902253375,4.7088705641444975,4.4537100902253375,4.5117011070251465,164800,0.0,0.0
2001-03-15 00:00:00-05:00,4.685672793982897,4.685672793982897,4.5232979941914095,4.5580925941467285,47600,0.0,0.0
2001-03-16 00:00:00-05:00,4.2913348566402085,4.360924070531671,4.08256721496582,4.08256721496582,32800,0.0,0.0
2001-03-19 00:00:00-05:00,4.036174412139194,4.036174412139194,3.9201923888018606,4.007179260253906,92800,0.0,0.0
2001-03-20 00:00:00-05:00,4.082567031774144,4.244941856901525,4.082567031774144,4.1057634353637695,101200,0.0,0.0
2001-03-21 00:00:00-05:00,4.082566511063348,4.082566511063348,3.8969953060150146,3.8969953060150146,22000,0.0,0.0
2001-03-22 00:00:00-05:00,3.7114250876686787,3.896996342052113,3.7114250876686787,3.827407121658325,445200,0.0,0.0
2001-03-23 00:00:00-05:00,4.047772919738686,4.279736983907092,4.012978310113425,4.22174596786499,550400,0.0,0.0
2001-03-26 00:00:00-05:00,4.39571864994857,4.453709661161612,4.32612943649292,4.32612943649292,4800,0.0,0.0
2001-03-27 00:00:00-05:00,4.337727638735529,4.38701964431757,4.3029330320077035,4.32612943649292,26400,0.0,0.0
2001-03-28 00:00:00-05:00,4.453709643820058,4.453709643820058,4.2333438020685445,4.268138408660889,573600,0.0,0.0
2001-03-29 00:00:00-05:00,4.2565397992318506,4.3145308046709765,4.1521559894414235,4.198548793792725,285600,0.0,0.0
2001-03-30 00:00:00-05:00,4.1057635445834535,4.244941969823571,4.082567140376767,4.152156352996826,145200,0.0,0.0
2001-04-02 00:00:00-04:00,4.082567140376767,4.259439368503711,4.082567140376767,4.152156352996826,291600,0.0,0.0
2001-04-03 00:00:00-04:00,4.059370045076337,4.082566445333916,3.9433880437884414,3.9665844440460205,70000,0.0,0.0
2001-04-04 00:00:00-04:00,4.04777316550988,4.082567777247787,3.8274072911698003,4.012978553771973,184400,0.0,0.0
2001-04-05 00:00:00-04:00,4.175352573394775,4.2681381861368815,4.059370557467142,4.175352573394775,118800,0.0,0.0
2001-04-06 00:00:00-04:00,4.2913351871155125,4.2913351871155125,4.19854956144815,4.22174596786499,97600,0.0,0.0
2001-04-09 00:00:00-04:00,4.1567952502923555,4.286695245655778,4.1567952502923555,4.2495808601379395,126000,0.0,0.0
2001-04-10 00:00:00-04:00,4.333088662499599,4.333088662499599,4.21432282443975,4.240303039550781,60400,0.0,0.0
2001-04-11 00:00:00-04:00,4.54649519294105,4.730210670508456,4.54649519294105,4.583609580993652,448400,0.0,0.0
2001-04-12 00:00:00-04:00,4.546495511287956,4.546495511287956,4.448142623826188,4.449998378753662,22000,0.0,0.0
2001-04-16 00:00:00-04:00,4.425873756408691,4.453709369176239,4.425873756408691,4.425873756408691,22800,0.0,0.0
2001-04-17 00:00:00-04:00,4.453709315763127,4.490823701640759,4.368346723773194,4.448142051696777,124800,0.0,0.0
2001-04-18 00:00:00-04:00,4.565052843311787,4.65783846876955,4.5093812556676856,4.639281272888184,69600,0.0,0.0
2001-04-19 00:00:00-04:00,4.639281272888184,4.659694223752594,4.611445656040669,4.639281272888184,92800,0.0,0.0
2001-04-20 00:00:00-04:00,4.93619441986084,5.041969956423379,4.880522842652289,4.93619441986084,28000,0.0,0.0
2001-04-23 00:00:00-04:00,5.010423488417079,5.10320910857295,4.787737858463366,4.841553688049316,69600,0.0,0.0
2001-04-24 00:00:00-04:00,5.333317009446514,5.409401184028552,5.149601537605811,5.381565570831299,499600,0.0,0.0
2001-04-25 00:00:00-04:00,5.1124877742727985,5.2609449860136355,5.101353598425684,5.177437782287598,122800,0.0,0.0
2001-04-26 00:00:00-04:00,5.288779857715149,5.368575540270413,5.195994246176286,5.279501438140869,144800,0.0,0.0
2001-04-27 00:00:00-04:00,5.361153220564203,5.372287750244141,5.298058968174153,5.372287750244141,50400,0.0,0.0
2001-04-30 00:00:00-04:00,5.390844287629043,5.682191426731356,5.390844287629043,5.6413655281066895,72800,0.0,0.0
2001-05-01 00:00:00-04:00,5.7007479936906345,5.7007479936906345,5.6413652573942255,5.6896138191223145,55600,0.0,0.0
2001-05-02 00:00:00-04:00,5.7805436491007,6.031064876290254,5.7805436491007,5.9846720695495605,170400,0.0,0.0
2001-05-03 00:00:00-04:00,5.780543651566192,5.780543651566192,5.659922424778745,5.710026741027832,193600,0.0,0.0
2001-05-04 00:00:00-04:00,5.546723967182978,5.648788356342149,5.530022528119641,5.637653827667236,82800,0.0,0.0
2001-05-07 00:00:00-04:00,5.697036988990621,5.817658219530362,5.697036988990621,5.769409656524658,75200,0.0,0.0
2001-05-08 00:00:00-04:00,5.659921995303972,5.734150409698486,5.589405090116433,5.734150409698486,44000,0.0,0.0
2001-05-09 00:00:00-04:00,5.557857976852372,5.678479194641113,5.474350789333782,5.678479194641113,74800,0.0,0.0
2001-05-10 00:00:00-04:00,5.632087230833235,5.65992284617214,5.60425161549433,5.622808456420898,4800,0.0,0.0
2001-05-11 00:00:00-04:00,5.6042516312189035,5.658067107165243,5.548580046435836,5.567137241363525,30000,0.0,0.0
2001-05-14 00:00:00-04:00,5.363009267806937,5.363009267806937,5.15888081388714,5.205273628234863,232000,0.0,0.0
2001-05-15 00:00:00-04:00,5.1959943771362305,5.288779991013663,5.149601570197514,5.1959943771362305,86000,0.0,0.0
2001-05-16 00:00:00-04:00,5.186715946300753,5.286924225021835,5.103208752408995,5.260944366455078,152400,0.0,0.0
2001-05-17 00:00:00-04:00,5.381566163687957,5.481774806976318,5.353730547424211,5.481774806976318,7600,0.0,0.0
2001-05-18 00:00:00-04:00,5.565281228600755,5.6599225997924805,5.565281228600755,5.6599225997924805,19600,0.0,0.0
2001-05-21 00:00:00-04:00,5.637653771141125,5.637653771141125,5.5021868591625775,5.568992614746094,8400,0.0,0.0
2001-05-22 00:00:00-04:00,5.730438661394754,5.845492964367478,5.730438661394754,5.771264553070068,40000,0.0,0.0
2001-05-23 00:00:00-04:00,5.826936530897134,5.826936530897134,5.752708109945705,5.823225021362305,55200,0.0,0.0
2001-05-24 00:00:00-04:00,5.823224264003763,5.823224264003763,5.752707361758469,5.771264553070068,5200,0.0,0.0
2001-05-25 00:00:00-04:00,5.6599228151382945,5.789822824606334,5.6599228151382945,5.752708435058594,38400,0.0,0.0
2001-05-29 00:00:00-04:00,5.704459653185816,5.750852461380836,5.622808211656849,5.6599225997924805,8000,0.0,0.0
2001-05-30 00:00:00-04:00,5.671056774653556,5.734151022114705,5.6599225997924805,5.6599225997924805,30400,0.0,0.0
2001-05-31 00:00:00-04:00,5.502186993868932,5.617241314196337,5.474351379677329,5.594972610473633,42800,0.0,0.0
2001-06-01 00:00:00-04:00,5.617241577770706,5.617241577770706,5.502187252044678,5.502187252044678,7600,0.0,0.0
2001-06-04 00:00:00-04:00,5.530022851508146,5.576415661852843,5.530022851508146,5.567137241363525,55200,0.0,0.0
2001-06-05 00:00:00-04:00,5.565281132231223,5.565281132231223,5.492908465963903,5.557858467102051,16400,0.0,0.0
2001-06-06 00:00:00-04:00,5.6190979962779055,5.6190979962779055,5.615386486053467,5.615386486053467,2000,0.0,0.0
2001-06-07 00:00:00-04:00,5.6023959725733965,5.6023959725733965,5.530022946507036,5.559714317321777,27600,0.0,0.0
2001-06-08 00:00:00-04:00,5.585694630085634,5.724873065948486,5.585694630085634,5.724873065948486,75200,0.0,0.0
2001-06-11 00:00:00-04:00,5.732295014424931,5.739718033304196,5.533733860741889,5.57827091217041,96000,0.0,0.0
2001-06-12 00:00:00-04:00,5.567137241363525,5.567137241363525,5.530022851508146,5.567137241363525,138800,0.0,0.0
2001-06-13 00:00:00-04:00,5.556002862148371,5.556002862148371,5.418680191040039,5.418680191040039,7600,0.0,0.0
2001-06-14 00:00:00-04:00,5.455793622948306,5.455793622948306,5.427958011627197,5.427958011627197,5600,0.0,0.0
2001-06-15 00:00:00-04:00,5.350019336421428,5.363009267806937,5.195995206944952,5.205273628234863,26800,0.0,0.0
2001-06-18 00:00:00-04:00,5.138467172719671,5.255376885395857,5.103208541870117,5.103208541870117,8400,0.0,0.0
2001-06-19 00:00:00-04:00,5.105063931864493,5.288779383774354,5.105063931864493,5.214550971984863,10800,0.0,0.0
2001-06-20 00:00:00-04:00,5.290635602219339,5.335172653198242,5.290635602219339,5.335172653198242,2000,0.0,0.0
2001-06-21 00:00:00-04:00,5.381565059014046,5.567136267945565,5.381565059014046,5.522599220275879,26000,0.0,0.0
2001-06-22 00:00:00-04:00,5.53002205235547,5.53002205235547,5.307336807250977,5.307336807250977,9200,0.0,0.0
2001-06-25 00:00:00-04:00,5.437237491301148,5.5764159290028745,5.437237491301148,5.47435188293457,44400,0.0,0.0
2001-06-26 00:00:00-04:00,5.474351703293697,5.5894060304225395,5.474351703293697,5.524456024169922,60800,0.0,0.0
2001-06-27 00:00:00-04:00,5.567136874868851,5.6729124188595135,5.539301261284312,5.613529682159424,429600,0.0,0.0
2001-06-28 00:00:00-04:00,5.721160847374457,6.0087964582315525,5.6877579702730765,5.971682071685791,773600,0.0,0.0
2001-06-29 00:00:00-04:00,5.93271259347981,6.040343901752966,5.873329851528974,5.975394248962402,710800,0.0,0.0
2001-07-02 00:00:00-04:00,5.993950911504304,6.01250846024652,5.9382796810738565,6.006940841674805,136000,0.0,0.0
2001-07-03 00:00:00-04:00,5.956836373865917,5.956836373865917,5.8454939157723445,5.94570255279541,77600,0.0,0.0
2001-07-05 00:00:00-04:00,5.411256330367691,5.5671361714851955,5.409400575836652,5.520743370056152,122000,0.0,0.0
2001-07-06 00:00:00-04:00,5.619095874008597,5.622807028882277,5.511464595794678,5.511464595794678,36000,0.0,0.0
2001-07-09 00:00:00-04:00,5.359296909821621,5.46692820792212,5.357441509016447,5.414968490600586,66800,0.0,0.0
2001-07-10 00:00:00-04:00,5.429814940044165,5.492909194784353,5.357442264174158,5.411257743835449,154000,0.0,0.0
2001-07-11 00:00:00-04:00,5.288780670398624,5.344451904296875,5.288780670398624,5.344451904296875,90400,0.0,0.0
2001-07-12 00:00:00-04:00,5.48177429129563,5.613529694392446,5.476207026986978,5.557858467102051,181200,0.0,0.0
2001-07-13 00:00:00-04:00,5.570848480142984,5.750852448102389,5.570848480142984,5.7155938148498535,290000,0.0,0.0
2001-07-16 00:00:00-04:00,5.646932657091219,5.732295254077421,5.570848480142984,5.7155938148498535,47200,0.0,0.0
2001-07-17 00:00:00-04:00,5.511466082866319,5.743430137634277,5.446516076741479,5.743430137634277,358400,0.0,0.0
2001-07-18 00:00:00-04:00,5.7044595539808975,5.70631530875031,5.548579692840576,5.548579692840576,315200,0.0,0.0
2001-07-19 00:00:00-04:00,5.583837833436378,5.706314805830976,5.583837833436378,5.678479194641113,40400,0.0,0.0
2001-07-20 00:00:00-04:00,5.585694092766199,5.585694092766199,5.492908477783203,5.492908477783203,33200,0.0,0.0
2001-07-23 00:00:00-04:00,5.4465159266552545,5.594972776036192,5.4465159266552545,5.500331401824951,24800,0.0,0.0
2001-07-24 00:00:00-04:00,5.418679818839835,5.535589532851375,5.288779821983442,5.35558557510376,174000,0.0,0.0
2001-07-25 00:00:00-04:00,5.366720396166879,5.372287660914275,5.201562102100428,5.251666069030762,550400,0.0,0.0
2001-07-26 00:00:00-04:00,5.309192561870472,5.3630080300398495,5.1663026417102955,5.307336807250977,344000,0.0,0.0
2001-07-27 00:00:00-04:00,5.372287809183213,5.485486030578613,5.344451838627049,5.485486030578613,248000,0.0,0.0
2001-07-30 00:00:00-04:00,5.50033056318209,5.567136312192074,5.50033056318209,5.546723365783691,61200,0.0,0.0
2001-07-31 00:00:00-04:00,5.563425700551611,5.697037220126354,5.530022820657925,5.687758445739746,130800,0.0,0.0
2001-08-01 00:00:00-04:00,5.732295150450059,5.910443714340564,5.732295150450059,5.897453784942627,94800,0.0,0.0
2001-08-02 00:00:00-04:00,5.9141546303150445,5.999517571139957,5.851060390472412,5.851060390472412,36800,0.0,0.0
2001-08-03 00:00:00-04:00,5.877040958204504,5.925289521216819,5.862195273735256,5.869617938995361,42800,0.0,0.0
2001-08-06 00:00:00-04:00,5.89188660137237,5.893742356161647,5.826936599543813,5.845493793487549,13600,0.0,0.0
2001-08-07 00:00:00-04:00,5.919721540098869,5.945701750236361,5.776831623164142,5.851060390472412,9200,0.0,0.0
2001-08-08 00:00:00-04:00,5.724873248166316,5.724873248166316,5.641366042411014,5.674768924713135,20400,0.0,0.0
2001-08-09 00:00:00-04:00,5.606107116765556,5.606107116765556,5.474351703293697,5.524456024169922,351600,0.0,0.0
2001-08-10 00:00:00-04:00,5.65064409907671,5.702603816986084,5.531878271107357,5.702603816986084,114000,0.0,0.0
2001-08-13 00:00:00-04:00,5.6673457549863775,5.706315544909732,5.628375611113978,5.695181369781494,13200,0.0,0.0
2001-08-14 00:00:00-04:00,5.8287921211953515,5.845493559681793,5.752707947623351,5.808379173278809,26400,0.0,0.0
2001-08-15 00:00:00-04:00,5.893742619811336,5.938279674899194,5.728584329616899,5.752708435058594,199200,0.0,0.0
2001-08-16 00:00:00-04:00,5.6692004216118255,5.678479194641113,5.622807618312386,5.678479194641113,42000,0.0,0.0
2001-08-17 00:00:00-04:00,5.60053928960012,5.60053928960012,5.48362922668457,5.48362922668457,32800,0.0,0.0
2001-08-20 00:00:00-04:00,5.474351378001811,5.492908572106879,5.375998497009277,5.375998497009277,26400,0.0,0.0
2001-08-21 00:00:00-04:00,5.381565570831299,5.474351184121494,5.381565570831299,5.381565570831299,37600,0.0,0.0
2001-08-22 00:00:00-04:00,5.4576500892466955,5.587550097616313,5.455794334390096,5.465073108673096,7200,0.0,0.0
2001-08-23 00:00:00-04:00,5.459506197071016,5.5764159290028745,5.459506197071016,5.47435188293457,8800,0.0,0.0
2001-08-24 00:00:00-04:00,5.520743127082865,5.6691999435424805,5.520743127082865,5.6691999435424805,12800,0.0,0.0
2001-08-27 00:00:00-04:00,5.678480037249079,5.741574287414551,5.678480037249079,5.741574287414551,11600,0.0,0.0
2001-08-28 00:00:00-04:00,5.704459750935481,5.704459750935481,5.440948581714367,5.442804336547852,27200,0.0,0.0
2001-08-29 00:00:00-04:00,5.429814136897115,5.520743995526014,5.381565575470736,5.491052627563477,7200,0.0,0.0
2001-08-30 00:00:00-04:00,5.435381396435144,5.45579399067365,5.363008377383454,5.381565570831299,11200,0.0,0.0
2001-08-31 00:00:00-04:00,5.325894658186031,5.325894658186031,5.10506478644052,5.1477460861206055,46000,0.0,0.0
2001-09-04 00:00:00-04:00,4.591032273766199,4.6652606963675005,4.379481180865231,4.663404941558838,64400,0.0,0.0
2001-09-05 00:00:00-04:00,4.661549220697346,4.752479076385498,4.5836092938290705,4.752479076385498,22800,0.0,0.0
2001-09-06 00:00:00-04:00,4.778459616139804,4.79330530176014,4.663405287120403,4.791449546813965,12400,0.0,0.0
2001-09-07 00:00:00-04:00,4.546495568732017,4.639281192583692,4.427730083465576,4.427730083465576,63600,0.0,0.0
2001-09-10 00:00:00-04:00,4.167929294206749,4.257003745878029,4.158650875091553,4.158650875091553,49600,0.0,0.0
2001-09-17 00:00:00-04:00,3.863592432474477,3.8969953060150146,3.6186384984425133,3.8969953060150146,164800,0.0,0.0
2001-09-18 00:00:00-04:00,3.581524381101381,3.73925998786418,3.525853157043457,3.525853157043457,32400,0.0,0.0
2001-09-19 00:00:00-04:00,3.6186392307281494,3.6186392307281494,3.399665107826597,3.6186392307281494,36400,0.0,0.0
2001-09-20 00:00:00-04:00,3.507295566339882,3.507295566339882,3.3625502586364746,3.3625502586364746,22400,0.0,0.0
2001-09-21 00:00:00-04:00,3.340282135773048,3.683588981628418,3.163989325916525,3.683588981628418,52800,0.0,0.0
2001-09-24 00:00:00-04:00,3.665031392616824,3.94338820724595,3.653897219137377,3.8710155487060547,33200,0.0,0.0
2001-09-25 00:00:00-04:00,4.344222126934763,4.360923564647205,4.175352349130303,4.247725009918213,32800,0.0,0.0
2001-09-26 00:00:00-04:00,4.314531788012402,4.435153036027232,4.225457668304443,4.225457668304443,28800,0.0,0.0
2001-09-27 00:00:00-04:00,4.266282653835412,4.305252797272339,4.205044160390848,4.268138408660889,12800,0.0,0.0
2001-09-28 00:00:00-04:00,4.2124671137139975,4.364635467529297,4.17535272568386,4.364635467529297,9600,0.0,0.0
2001-10-01 00:00:00-04:00,4.110403324540216,4.121537500997443,3.911842133632425,3.973080635070801,424400,0.0,0.0
2001-10-02 00:00:00-04:00,3.832046220242885,3.943389040408951,3.5815249633565025,3.6000821590423584,431600,0.0,0.0
2001-10-03 00:00:00-04:00,3.5462666808973515,3.642763461355479,3.3959537143960814,3.6000821590423584,660800,0.0,0.0
2001-10-04 00:00:00-04:00,3.7002908851879655,4.10669167455326,3.7002908851879655,4.1011247634887695,129600,0.0,0.0
2001-10-05 00:00:00-04:00,4.064010081648804,4.082567276422352,3.8320460318520793,3.841324806213379,48400,0.0,0.0
2001-10-08 00:00:00-04:00,3.8227671400714027,3.9248311678172794,3.7949315283178913,3.8042099475860596,14400,0.0,0.0
2001-10-09 00:00:00-04:00,3.969368816792964,4.026896157579138,3.8877177238464355,3.8877177238464355,6800,0.0,0.0
2001-10-10 00:00:00-04:00,4.2959735510416275,4.3423663547331115,4.101123917116995,4.212466716766357,462400,0.0,0.0
2001-10-11 00:00:00-04:00,4.212467055958168,4.212467055958168,4.156795474676257,4.167929649353027,29200,0.0,0.0
2001-10-12 00:00:00-04:00,4.407317171040292,4.537217187134791,4.388759975319783,4.461133003234863,14400,0.0,0.0
2001-10-15 00:00:00-04:00,4.455565571343516,4.639281058798031,4.455565571343516,4.54649543762207,28000,0.0,0.0
2001-10-16 00:00:00-04:00,4.602166040190868,4.7506232261657715,4.602166040190868,4.7506232261657715,13600,0.0,0.0
2001-10-17 00:00:00-04:00,4.787737653149279,4.8062948471744695,4.574330806732178,4.574330806732178,20400,0.0,0.0
2001-10-18 00:00:00-04:00,4.327520761200959,4.435152053833008,4.305252413179988,4.435152053833008,121600,0.0,0.0
2001-10-19 00:00:00-04:00,4.524226030935287,4.524226030935287,4.416594741226542,4.453709125518799,18000,0.0,0.0
2001-10-22 00:00:00-04:00,4.490824082104143,4.774747848510742,4.481545307874128,4.774747848510742,42800,0.0,0.0
2001-10-23 00:00:00-04:00,4.964030437336934,5.41868009560722,4.945473243416895,5.4168243408203125,133600,0.0,0.0
2001-10-24 00:00:00-04:00,5.418678878346459,5.496618792142844,5.418678878346459,5.4557929039001465,37200,0.0,0.0
2001-10-25 00:00:00-04:00,5.561569961095686,5.622808456420898,5.474351605314037,5.622808456420898,29200,0.0,0.0
2001-10-26 00:00:00-04:00,5.483628849258944,5.544867331445374,5.407544685146983,5.429813385009766,44000,0.0,0.0
2001-10-29 00:00:00-05:00,5.474351499888885,5.613529927852162,5.455794305370639,5.585694313049316,77600,0.0,0.0
2001-10-30 00:00:00-05:00,5.513321608494811,5.567137440313393,5.4094018087146996,5.452083110809326,29200,0.0,0.0
2001-10-31 00:00:00-05:00,5.4836293334107,5.641364939014097,5.446515302294552,5.604250907897949,304000,0.0,0.0
2001-11-01 00:00:00-05:00,5.765698700092692,5.845494394490605,5.732295818349465,5.826937198638916,168800,0.0,0.0
2001-11-02 00:00:00-05:00,5.89188660137237,5.927145234470565,5.845493793487549,5.845493793487549,11600,0.0,0.0
2001-11-05 00:00:00-05:00,5.964258887428437,6.0310646397789025,5.93827902993615,5.94755744934082,52400,0.0,0.0
2001-11-06 00:00:00-05:00,6.07745779477633,6.160964990024625,6.003229019467164,6.031064987182617,50800,0.0,0.0
2001-11-07 00:00:00-05:00,6.168388009135155,6.168388009135155,6.031064987182617,6.031064987182617,8400,0.0,0.0
2001-11-08 00:00:00-05:00,6.220347466308367,6.300143148655755,6.086735959513107,6.123850345611572,39200,0.0,0.0
2001-11-09 00:00:00-05:00,6.216637251260393,6.352104187011719,6.170244435952481,6.352104187011719,51600,0.0,0.0
2001-11-12 00:00:00-05:00,6.261173115131625,6.263028515809335,6.079312701203804,6.160964488983154,44000,0.0,0.0
2001-11-13 00:00:00-05:00,6.1331301276112065,6.355815785772661,6.1331301276112065,6.309422969818115,40800,0.0,0.0
2001-11-14 00:00:00-05:00,6.196223503016368,6.272307682028232,6.1424076742792195,6.268596172332764,55600,0.0,0.0
2001-11-15 00:00:00-05:00,6.420763476983666,6.710254814654187,6.402206639448801,6.680563449859619,107200,0.0,0.0
2001-11-16 00:00:00-05:00,6.708399986330347,6.856856822967528,6.708399986330347,6.856856822967529,72800,0.0,0.0
2001-11-19 00:00:00-05:00,6.626748307333328,6.736235358935865,6.58777851978786,6.719533920288086,69600,0.0,0.0
2001-11-20 00:00:00-05:00,6.526539447681861,6.587778289885936,6.494992680169233,6.517261028289795,84800,0.0,0.0
2001-11-21 00:00:00-05:00,6.329835285409186,6.448600769042969,6.263029523890653,6.448600769042969,43600,0.0,0.0
2001-11-23 00:00:00-05:00,6.346535680352477,6.355814099502076,6.327978134155273,6.327978134155273,202400,0.0,0.0
2001-11-26 00:00:00-05:00,6.365092953958032,6.682419582703006,6.365092953958032,6.587778568267822,392400,0.0,0.0
2001-11-27 00:00:00-05:00,6.587778578876314,6.615614546171633,6.504271384888412,6.5135498046875,159200,0.0,0.0
2001-11-28 00:00:00-05:00,6.545097472772485,6.584067261806439,6.426331996917725,6.426331996917725,8800,0.0,0.0
2001-11-29 00:00:00-05:00,6.3539603846096835,6.383651758504665,6.2444733106410295,6.309422969818115,46800,0.0,0.0
2001-11-30 00:00:00-05:00,6.4207654409098645,6.6341726773257745,6.4207654409098645,6.507984161376953,39600,0.0,0.0
2001-12-03 00:00:00-05:00,6.569222000540428,6.569222000540428,6.420764446258546,6.420764446258545,15200,0.0,0.0
2001-12-04 00:00:00-05:00,6.60633468392421,6.736234670362187,6.587777846389346,6.680563449859619,112400,0.0,0.0
2001-12-05 00:00:00-05:00,6.7065448472844365,6.814176511843609,6.680564985604122,6.72695779800415,126400,0.0,0.0
2001-12-06 00:00:00-05:00,6.962631956396386,7.0795420181209545,6.903249225212033,7.035004615783691,811600,0.0,0.0
2001-12-07 00:00:00-05:00,7.098098817972263,7.266968591600258,7.0201592491737985,7.166759967803955,677200,0.0,0.0
2001-12-10 00:00:00-05:00,7.068408311138889,7.190885296912311,6.899538516998291,6.899538516998291,494000,0.0,0.0
2001-12-11 00:00:00-05:00,6.9589214451681025,7.0980998740714645,6.912528635533649,6.994179725646973,61600,0.0,0.0
2001-12-12 00:00:00-05:00,7.051706584561654,7.051706584561654,6.58777851978786,6.719533920288086,337200,0.0,0.0
2001-12-13 00:00:00-05:00,6.719534617069801,6.791907289415504,6.441177749341327,6.448600769042969,205200,0.0,0.0
2001-12-14 00:00:00-05:00,6.73623523803732,6.866135235422212,6.606335240652427,6.747369766235352,133200,0.0,0.0
2001-12-17 00:00:00-05:00,7.051706184345676,7.200163015068088,6.977477415035465,7.1166558265686035,105600,0.0,0.0
2001-12-18 00:00:00-05:00,7.05170676803632,7.313362175060693,7.05170676803632,7.272536277770996,259600,0.0,0.0
2001-12-19 00:00:00-05:00,7.0424288806916735,7.131502993234644,6.9032504471123834,6.940364837646484,36800,0.0,0.0
2001-12-20 00:00:00-05:00,6.986756794212108,7.088820824772716,6.847578377657269,6.877269744873047,26800,0.0,0.0
2001-12-21 00:00:00-05:00,6.819743212804351,6.875414444390477,6.736236011476103,6.77891731262207,13600,0.0,0.0
2001-12-24 00:00:00-05:00,6.940364827437929,6.940364827437929,6.866136046478909,6.8679914474487305,27200,0.0,0.0
2001-12-26 00:00:00-05:00,6.957066778863451,6.958922179969582,6.86613655090332,6.86613655090332,50000,0.0,0.0
2001-12-27 00:00:00-05:00,6.680563754823194,6.788195399553056,6.6620069164412214,6.730668067932129,59200,0.0,0.0
2001-12-28 00:00:00-05:00,6.680563670695035,6.773349277232466,6.57849964508346,6.589633464813232,108400,0.0,0.0
2001-12-31 00:00:00-05:00,6.810464643865163,6.875414294651425,6.689843054807132,6.699121475219727,100800,0.0,0.0
2002-01-02 00:00:00-05:00,6.873558208142936,6.888403537742757,6.777061088100986,6.879125118255615,100000,0.0,0.0
2002-01-03 00:00:00-05:00,7.005314429396634,7.103666961745535,6.968200039184446,7.053562641143799,160000,0.0,0.0
2002-01-04 00:00:00-05:00,7.320784904146497,7.485943179696107,7.283670517889744,7.459963321685791,372800,0.0,0.0
2002-01-07 00:00:00-05:00,7.485943413300632,7.5156347816529685,7.4135707471854415,7.497077941894531,196400,0.0,0.0
2002-01-08 00:00:00-05:00,7.328207579500263,7.443261534395319,7.2372773728280695,7.376455783843994,116800,0.0,0.0
2002-01-09 00:00:00-05:00,7.497076932595233,7.636255335740704,7.474807878405422,7.575016498565674,310000,0.0,0.0
2002-01-10 00:00:00-05:00,7.088821991811871,7.3207860575917225,7.088821991811871,7.2799601554870605,185200,0.0,0.0
2002-01-11 00:00:00-05:00,7.179751892670564,7.207587865210224,7.099956193148272,7.142638206481934,66800,0.0,0.0
2002-01-14 00:00:00-05:00,7.051706395830427,7.051706395830427,6.366948845394395,6.494992733001709,506000,0.0,0.0
2002-01-15 00:00:00-05:00,6.7826286747292786,6.864280473315552,6.637883334178123,6.699121475219727,196400,0.0,0.0
2002-01-16 00:00:00-05:00,6.680564619090459,6.819743048654844,6.674997708435275,6.773350238800049,164000,0.0,0.0
2002-01-17 00:00:00-05:00,6.867990861060939,6.912528267413379,6.8104642332325245,6.840155601501465,109600,0.0,0.0
2002-01-18 00:00:00-05:00,6.791906115380752,6.8345881173382095,6.572932027320575,6.589633464813232,113200,0.0,0.0
2002-01-22 00:00:00-05:00,6.736235975408179,7.3764569049659805,6.632316532443324,7.2910943031311035,391600,0.0,0.0
2002-01-23 00:00:00-05:00,7.302226507855764,7.654812074443876,7.294804197786022,7.563881874084473,496800,0.0,0.0
2002-01-24 00:00:00-05:00,7.671514380258295,7.961005742722055,7.656668342640547,7.755021572113037,241600,0.0,0.0
2002-01-25 00:00:00-05:00,7.660379117867879,7.853373341013659,7.610274807557072,7.793990612030029,236800,0.0,0.0
2002-01-28 00:00:00-05:00,7.775434898776496,7.793991738804897,7.296660780744549,7.524913311004639,236000,0.0,0.0
2002-01-29 00:00:00-05:00,7.502645028510755,7.545326327276371,7.205731338011657,7.337486743927002,178800,0.0,0.0
2002-01-30 00:00:00-05:00,7.463675200504137,7.766155799907085,7.459963690904963,7.613987445831299,128400,0.0,0.0
2002-01-31 00:00:00-05:00,7.799558518001317,7.903478660946832,7.793991607666077,7.827394485473633,62800,0.0,0.0
2002-02-01 00:00:00-05:00,7.910902426854244,8.00739955986428,7.858941996526915,7.988842010498047,143600,0.0,0.0
2002-02-04 00:00:00-05:00,7.922035721200321,7.923891829962445,7.678937857819927,7.810693264007568,96400,0.0,0.0
2002-02-05 00:00:00-05:00,7.677081305845187,7.814404322493201,7.608420151470199,7.790279865264893,53600,0.0,0.0
2002-02-06 00:00:00-05:00,7.729040880942592,7.73646319105326,7.608419315945252,7.727184772491455,29600,0.0,0.0
2002-02-07 00:00:00-05:00,7.571305216332626,7.742031097412109,7.534190832802478,7.742031097412109,52800,0.0,0.0
2002-02-08 00:00:00-05:00,7.70677371144911,7.782857894897461,7.5713067852068345,7.782857894897461,58800,0.0,0.0
2002-02-11 00:00:00-05:00,7.95915221746713,8.076062324010667,7.680795292867077,7.923893928527832,1130000,0.0,0.0
2002-02-12 00:00:00-05:00,7.957295237584631,8.155856414444601,7.912757827008487,8.007399559020996,358400,0.0,0.0
2002-02-13 00:00:00-05:00,8.061212992343597,8.098327375392744,7.992551843836357,8.081625938415527,134400,0.0,0.0
2002-02-14 00:00:00-05:00,8.053790332271822,8.059357241723129,7.812547206878662,7.812547206878662,206000,0.0,0.0
2002-02-15 00:00:00-05:00,8.020389137208696,8.0723488573493,7.844096319434092,7.8700761795043945,140000,0.0,0.0
2002-02-19 00:00:00-05:00,7.5341923804621125,7.721619737236238,7.5341923804621125,7.602854251861572,144400,0.0,0.0
2002-02-20 00:00:00-05:00,7.543470252396928,7.654812699410973,7.489654429584334,7.608419895172119,68000,0.0,0.0
2002-02-21 00:00:00-05:00,7.775435108022299,7.858941598295436,7.630689061892811,7.691927909851074,176000,0.0,0.0
2002-02-22 00:00:00-05:00,7.5249128774915395,7.636256034941645,7.495221510417784,7.558315753936768,157200,0.0,0.0
2002-02-25 00:00:00-05:00,7.589864596978142,7.690072536468506,7.5174912130432165,7.690072536468506,58800,0.0,0.0
2002-02-26 00:00:00-05:00,7.701205512265564,7.721618459417179,7.532335732963131,7.552748680114746,37600,0.0,0.0
2002-02-27 00:00:00-05:00,7.5267688145550204,7.7717227643043305,7.506355867426242,7.608419895172119,444400,0.0,0.0
2002-02-28 00:00:00-05:00,7.779147526193683,7.847809407789154,7.719764774688254,7.732754707336426,48000,0.0,0.0
2002-03-01 00:00:00-05:00,7.860797346827125,8.19668081711396,7.851518926988461,8.157711029052734,244800,0.0,0.0
2002-03-04 00:00:00-05:00,8.192969634270085,8.543699126297444,8.146576829337407,8.517719268798828,376000,0.0,0.0
2002-03-05 00:00:00-05:00,8.339570200634833,8.339570200634833,8.076059413439253,8.254207611083984,271600,0.0,0.0
2002-03-06 00:00:00-05:00,8.090905557437278,8.144721385446879,8.007399068061515,8.044512748718262,216400,0.0,0.0
2002-03-07 00:00:00-05:00,8.295033920723895,8.404520972075503,8.159567011068187,8.35070514678955,302400,0.0,0.0
2002-03-08 00:00:00-05:00,8.36926238215451,8.462047999286591,8.33214870162014,8.393386840820312,114000,0.0,0.0
2002-03-11 00:00:00-05:00,8.501020232330669,8.536278519197037,8.350707247040578,8.408234596252441,64400,0.0,0.0
2002-03-12 00:00:00-05:00,8.10018563626371,8.369263392098706,8.10018563626371,8.352561950683594,309600,0.0,0.0
2002-03-13 00:00:00-05:00,8.350706021653735,8.42493480278324,8.16699017770218,8.302457809448242,209200,0.0,0.0
2002-03-14 00:00:00-05:00,8.462048053243723,8.75525094504175,8.462048053243723,8.571535110473633,275600,0.0,0.0
2002-03-15 00:00:00-05:00,8.666177310114453,9.04659822197158,8.658754290395747,8.953812599182129,192800,0.0,0.0
2002-03-18 00:00:00-05:00,8.840613001329608,8.907418755257728,8.799787105507304,8.905563354492188,227200,0.0,0.0
2002-03-19 00:00:00-05:00,8.875872363674425,8.8870061845363,8.675455093383789,8.675455093383789,179600,0.0,0.0
2002-03-20 00:00:00-05:00,8.781231263194238,8.883295306439305,8.781231263194238,8.84618091583252,132800,0.0,0.0
2002-03-21 00:00:00-05:00,8.881440663464273,8.881440663464273,8.775665101341128,8.807211875915527,94400,0.0,0.0
2002-03-22 00:00:00-05:00,8.721847832642336,8.738549271701615,8.591947829725497,8.66246509552002,48800,0.0,0.0
2002-03-25 00:00:00-05:00,8.57339096069336,8.610505348243162,8.493595275225607,8.57339096069336,144000,0.0,0.0
2002-03-26 00:00:00-05:00,8.482460746591247,8.675454995531767,8.452769378131018,8.57339096069336,143600,0.0,0.0
2002-03-27 00:00:00-05:00,8.521430172481306,8.619783401489258,8.521430172481306,8.619783401489258,91600,0.0,0.0
2002-03-28 00:00:00-05:00,8.629062622214775,8.851748250819293,8.629062622214775,8.758962631225586,81200,0.0,0.0
2002-04-01 00:00:00-05:00,8.721847827617939,9.167219063676804,8.721847827617939,9.046597480773926,156400,0.0,0.0
2002-04-02 00:00:00-05:00,8.771951571177294,8.918553003482831,8.651329996161746,8.66988754272461,178000,0.0,0.0
2002-04-03 00:00:00-05:00,8.669887837964115,8.75153892192716,8.591947555541992,8.591947555541992,41200,0.0,0.0
2002-04-04 00:00:00-05:00,8.586380688102265,8.608649036948918,8.21894974659129,8.35070514678955,164400,0.0,0.0
2002-04-05 00:00:00-05:00,8.53813272357914,8.619784524937003,8.443491699521221,8.515864372253418,91600,0.0,0.0
2002-04-08 00:00:00-04:00,8.302458589174009,8.441637035939188,8.235652821463013,8.369263648986816,90800,0.0,0.0
2002-04-09 00:00:00-04:00,8.380396376208653,8.547410759546612,8.324725151062012,8.324725151062012,132000,0.0,0.0
2002-04-10 00:00:00-04:00,8.397097864413306,8.48060505657824,8.397097864413306,8.467615127563477,260400,0.0,0.0
2002-04-11 00:00:00-04:00,8.4787488613174,8.4787488613174,8.341426553735944,8.400809288024902,66000,0.0,0.0
2002-04-12 00:00:00-04:00,8.040801350084635,8.08719415535981,7.883065387410217,7.888632297515869,335600,0.0,0.0
2002-04-15 00:00:00-04:00,7.975851180000359,7.975851180000359,7.571305852135688,7.673369884490967,622800,0.0,0.0
2002-04-16 00:00:00-04:00,8.118741620670665,8.16513442993164,8.064925792032392,8.16513442993164,311200,0.0,0.0
2002-04-17 00:00:00-04:00,8.519573923005028,8.703289725915717,8.491737959325299,8.538130760192871,184800,0.0,0.0
2002-04-18 00:00:00-04:00,8.480605852396348,8.480605852396348,8.334004402160645,8.334004402160645,47200,0.0,0.0
2002-04-19 00:00:00-04:00,8.285755645373566,8.295034065229805,8.139154204791597,8.211526870727539,54000,0.0,0.0
2002-04-22 00:00:00-04:00,8.120597050745328,8.159567548667127,8.029667540690014,8.035234451293945,72400,0.0,0.0
2002-04-23 00:00:00-04:00,8.053791999816895,8.235651727825909,8.051935891016852,8.053791999816895,61600,0.0,0.0
2002-04-24 00:00:00-04:00,8.536276284580522,8.58081368971434,8.283899307250977,8.283899307250977,131200,0.0,0.0
2002-04-25 00:00:00-04:00,8.332148674200907,8.450914150475448,8.246785368717763,8.304312705993652,82000,0.0,0.0
2002-04-26 00:00:00-04:00,8.452768811227408,8.721847218044555,8.39709758758545,8.39709758758545,236400,0.0,0.0
2002-04-29 00:00:00-04:00,8.506585849876643,8.506585849876643,8.339571447184136,8.378541946411133,52800,0.0,0.0
2002-04-30 00:00:00-04:00,8.424934590242618,8.562256911600334,8.423078481417239,8.46390438079834,37600,0.0,0.0
2002-05-01 00:00:00-04:00,8.562257423320501,8.712570391744961,8.44349193572998,8.44349193572998,36400,0.0,0.0
2002-05-02 00:00:00-04:00,8.580814225235134,8.65689840333447,8.519575377841528,8.536276817321777,619600,0.0,0.0
2002-05-03 00:00:00-04:00,8.703291623935941,8.792365736079272,8.630918244165,8.632774353027344,129600,0.0,0.0
2002-05-06 00:00:00-04:00,8.629062226906617,8.629062226906617,8.463903944859622,8.47874927520752,165200,0.0,0.0
2002-05-07 00:00:00-04:00,8.211527239192616,8.269054577519537,8.103895581916069,8.16513442993164,140800,0.0,0.0
2002-05-08 00:00:00-04:00,8.434213319859397,8.719993210207113,8.434213319859397,8.712570190429688,94800,0.0,0.0
2002-05-09 00:00:00-04:00,8.836900744158255,8.901851091825003,8.72184679318302,8.779374122619629,85600,0.0,0.0
2002-05-10 00:00:00-04:00,8.916698620361561,8.929688551520258,8.777520179748535,8.777520179748535,206000,0.0,0.0
2002-05-13 00:00:00-04:00,8.656898185132949,8.703290992753386,8.61050537751251,8.66246509552002,172800,0.0,0.0
2002-05-14 00:00:00-04:00,8.682878674454546,8.90741970974208,8.682878674454546,8.887006759643555,152400,0.0,0.0
2002-05-15 00:00:00-04:00,9.185776164835275,9.295263222186609,9.1839207639539,9.263715744018555,286800,0.0,0.0
2002-05-16 00:00:00-04:00,9.297118050712742,9.37134682356355,9.232168405391814,9.289695739746094,49600,0.0,0.0
2002-05-17 00:00:00-04:00,9.538361595237426,9.881668090820312,9.538361595237426,9.881668090820312,134000,0.0,0.0
2002-05-20 00:00:00-04:00,9.770324141518063,9.770324141518063,9.629289630520605,9.647847175598145,142400,0.0,0.0
2002-05-21 00:00:00-04:00,9.406606101744776,9.451143511771559,9.271139178598068,9.414029121398926,119600,0.0,0.0
2002-05-22 00:00:00-04:00,9.239591760479628,9.239591760479628,9.109691757212753,9.154229164123535,64400,0.0,0.0
2002-05-23 00:00:00-04:00,8.833190549952338,8.989070416499642,8.768240900515163,8.898140907287598,248400,0.0,0.0
2002-05-24 00:00:00-04:00,8.903706622993166,8.935254096984863,8.825767054127779,8.935254096984863,42000,0.0,0.0
2002-05-28 00:00:00-04:00,8.998350097282664,9.137528532823097,8.907419874587736,9.074434280395508,43600,0.0,0.0
2002-05-29 00:00:00-04:00,8.942678024634132,9.02989673614502,8.916698163647428,9.02989673614502,38400,0.0,0.0
2002-05-30 00:00:00-04:00,8.916697719939584,9.055876146498157,8.916697719939584,9.028040885925293,44400,0.0,0.0
2002-05-31 00:00:00-04:00,8.814634332657878,8.951957368473412,8.773808431326586,8.868450164794922,41200,0.0,0.0
2002-06-03 00:00:00-04:00,8.823912281781942,8.848036741087773,8.68473385239138,8.758962631225586,56400,0.0,0.0
2002-06-04 00:00:00-04:00,8.313591153454876,8.5511228146837,8.313591153454876,8.393386840820312,353600,0.0,0.0
2002-06-05 00:00:00-04:00,8.478749946883664,8.666177301147371,8.478749946883664,8.645764350891113,89200,0.0,0.0
2002-06-06 00:00:00-04:00,8.721848254095297,8.846180644734929,8.649475583973947,8.81277847290039,36800,0.0,0.0
2002-06-07 00:00:00-04:00,8.526997771075608,8.758961797993344,8.478748857053821,8.731125831604004,143600,0.0,0.0
2002-06-10 00:00:00-04:00,8.77009570082351,9.046597134988554,8.77009570082351,8.963089942932129,50400,0.0,0.0
2002-06-11 00:00:00-04:00,9.046596745580786,9.046596745580786,8.790508270263672,8.790508270263672,169600,0.0,0.0
2002-06-12 00:00:00-04:00,8.32843622250039,8.441634775488138,8.031521857501735,8.19296932220459,764800,0.0,0.0
2002-06-13 00:00:00-04:00,8.295034159025251,8.341426966729086,8.072348540467232,8.094616889953613,112800,0.0,0.0
2002-06-14 00:00:00-04:00,7.684505749144087,7.769868357747237,7.498934491538194,7.6807942390441895,247200,0.0,0.0
2002-06-17 00:00:00-04:00,7.981418326583731,8.12245285843852,7.981418326583731,8.113174438476562,199200,0.0,0.0
2002-06-18 00:00:00-04:00,8.15585564369205,8.32843694303071,8.15585564369205,8.211526870727539,496400,0.0,0.0
2002-06-19 00:00:00-04:00,8.148434321516405,8.241219955197026,8.129877477939562,8.172558784484863,252400,0.0,0.0
2002-06-20 00:00:00-04:00,8.30431152881244,8.30431152881244,8.055646082650517,8.081625938415527,340000,0.0,0.0
2002-06-21 00:00:00-04:00,8.042657625745132,8.044513026682846,7.840384944425105,7.896056175231934,180000,0.0,0.0
2002-06-24 00:00:00-04:00,8.109462982657396,8.122452912269841,7.986985997812877,8.072348594665527,99200,0.0,0.0
2002-06-25 00:00:00-04:00,8.037089931920717,8.118741015288322,7.7902798652648935,7.790279865264893,94800,0.0,0.0
2002-06-26 00:00:00-04:00,7.747598482594739,7.923891284257339,7.747598482594739,7.907189846038818,128800,0.0,0.0
2002-06-27 00:00:00-04:00,8.536277300686267,8.58267011210304,8.31359166430613,8.426790237426758,208000,0.0,0.0
2002-06-28 00:00:00-04:00,8.629061801339805,8.757105689355106,8.469470437556717,8.731125831604004,228400,0.0,0.0
2002-07-01 00:00:00-04:00,8.582669178644815,8.582669178644815,8.35070514678955,8.35070514678955,146400,0.0,0.0
2002-07-02 00:00:00-04:00,8.142866648004217,8.146578157951899,7.636257220464889,7.868221282958984,146400,0.0,0.0
2002-07-03 00:00:00-04:00,7.858939843240915,7.858939843240915,7.714194537333966,7.751308917999268,293600,0.0,0.0
2002-07-05 00:00:00-04:00,8.30245631074966,8.341426095253954,8.165133302818058,8.196680068969727,89200,0.0,0.0
2002-07-08 00:00:00-04:00,8.53627621093984,8.63277333131562,8.350704988962887,8.436067581176758,108000,0.0,0.0
2002-07-09 00:00:00-04:00,8.57524626928614,8.629062095259638,8.237506691221801,8.28761100769043,152000,0.0,0.0
2002-07-10 00:00:00-04:00,8.257919910270925,8.41008826546879,8.120596885681152,8.120596885681152,62800,0.0,0.0
2002-07-11 00:00:00-04:00,8.21338145295254,8.257918854880945,7.699349823587708,7.998118877410889,179600,0.0,0.0
2002-07-12 00:00:00-04:00,8.202249128701812,8.202249128701812,7.973996583464964,7.996264934539795,87200,0.0,0.0
2002-07-15 00:00:00-04:00,8.462048451267037,8.517720390838337,7.7977037652239245,8.159567832946777,220000,0.0,0.0
2002-07-16 00:00:00-04:00,8.064924223915307,8.257918442811352,7.803268858874731,7.899765968322754,134000,0.0,0.0
2002-07-17 00:00:00-04:00,8.341427259882629,8.359984100457103,8.183691283407233,8.200392723083496,187600,0.0,0.0
2002-07-18 00:00:00-04:00,8.382252044664128,8.645763557024523,8.369262115311649,8.54184341430664,209600,0.0,0.0
2002-07-19 00:00:00-04:00,8.295032873689866,8.378540056196742,7.933168888092041,7.933168888092041,314400,0.0,0.0
2002-07-22 00:00:00-04:00,8.053791918982549,8.146577536906781,7.803270325848271,7.858941555023193,343600,0.0,0.0
2002-07-23 00:00:00-04:00,7.649245632918724,7.8496621750228925,6.474579513834688,6.847578048706055,842400,0.0,0.0
2002-07-24 00:00:00-04:00,6.8327333536443655,6.892116096884551,6.559943390204793,6.72695779800415,456000,0.0,0.0
2002-07-25 00:00:00-04:00,7.272536400019402,7.419137844662109,7.098099695036965,7.153770923614502,454000,0.0,0.0
2002-07-26 00:00:00-04:00,7.237278512343604,7.3467655745642135,7.1908857013670415,7.305939674377441,98800,0.0,0.0
2002-07-29 00:00:00-04:00,7.654812699410973,7.710483922917995,7.424704078911129,7.608419895172119,141200,0.0,0.0
2002-07-30 00:00:00-04:00,7.654813690726301,7.654813690726301,7.478520870208741,7.47852087020874,74400,0.0,0.0
2002-07-31 00:00:00-04:00,7.673369563454324,7.764299771539865,7.489654454480662,7.588006973266602,127600,0.0,0.0
2002-08-01 00:00:00-04:00,7.335631753006185,7.344910882415466,7.1426381787215565,7.144493579864502,138000,0.0,0.0
2002-08-02 00:00:00-04:00,7.233566866519596,7.233566866519596,6.875414315882309,6.916240215301514,36800,0.0,0.0
2002-08-05 00:00:00-04:00,6.866135607540651,6.866135607540651,6.513549982372577,6.572932720184326,99200,0.0,0.0
2002-08-06 00:00:00-04:00,6.699121405419776,7.005314231131793,6.699121405419776,6.814176082611084,177200,0.0,0.0
2002-08-07 00:00:00-04:00,7.0554183527218415,7.096244250446235,6.634171569514022,6.810464382171631,208800,0.0,0.0
2002-08-08 00:00:00-04:00,6.623036533237772,6.623036533237772,6.309421428824769,6.446744441986084,257200,0.0,0.0
2002-08-09 00:00:00-04:00,6.151685705420743,6.391072020954259,6.123849741617839,6.263028144836426,273600,0.0,0.0
2002-08-12 00:00:00-04:00,6.21849155153425,6.30942176491553,6.0811692389560585,6.127562046051025,62400,0.0,0.0
2002-08-13 00:00:00-04:00,5.993950555019744,6.168387963331573,5.806523925208038,5.897453784942627,354000,0.0,0.0
2002-08-14 00:00:00-04:00,5.993950328718092,6.446744563429997,5.993950328718092,6.235192775726318,667600,0.0,0.0
2002-08-15 00:00:00-04:00,6.550665110203713,6.643450736999512,6.402208248910068,6.643450736999512,612400,0.0,0.0
2002-08-16 00:00:00-04:00,6.624892852530187,6.780772709339064,6.457878467414233,6.467156887054443,164800,0.0,0.0
2002-08-19 00:00:00-04:00,6.457879289514831,6.790051993366103,6.368805175413028,6.7677836418151855,414800,0.0,0.0
2002-08-20 00:00:00-04:00,6.671286494888682,6.728813128607892,6.550664900751658,6.569222450256348,84800,0.0,0.0
2002-08-21 00:00:00-04:00,6.494993281321329,6.494993281321329,5.9698263419262645,6.1795220375061035,709200,0.0,0.0
2002-08-22 00:00:00-04:00,6.1090046332530585,6.183233409401888,5.901165051093637,6.044054985046387,114800,0.0,0.0
2002-08-23 00:00:00-04:00,6.12199628403983,6.263030132587334,5.999519278651827,6.1850905418396,386000,0.0,0.0
2002-08-26 00:00:00-04:00,6.142406929397746,6.476435682501724,6.142406929397746,6.29086446762085,571200,0.0,0.0
2002-08-27 00:00:00-04:00,6.456023959688719,6.548809584721676,6.309422502241093,6.363238334655762,258800,0.0,0.0
2002-08-28 00:00:00-04:00,6.467157781637864,6.467157781637864,6.363238334655762,6.363238334655762,168400,0.0,0.0
2002-08-29 00:00:00-04:00,6.400352009339964,6.4096304292243484,6.179521793442087,6.2166361808776855,71200,0.0,0.0
2002-08-30 00:00:00-04:00,6.164676486944674,6.214780803990957,6.077457782319878,6.08673620223999,20800,0.0,0.0
2002-09-03 00:00:00-04:00,6.140551418293292,6.157252855648134,5.906731649274489,5.930855751037598,322000,0.0,0.0
2002-09-04 00:00:00-04:00,5.891886489868164,5.917866348528303,5.5689925955744695,5.799100875854492,195600,0.0,0.0
2002-09-05 00:00:00-04:00,5.511465269950932,5.637653399815333,5.2887796686391555,5.440948009490967,368800,0.0,0.0
2002-09-06 00:00:00-04:00,5.531878594576762,5.7137386797407,5.38156598848683,5.513321399688721,162800,0.0,0.0
2002-09-09 00:00:00-04:00,5.533733513858798,5.787966231352634,5.49661948363604,5.734150409698486,310000,0.0,0.0
2002-09-10 00:00:00-04:00,5.65249984250222,5.659922862052917,5.492908815601822,5.567137241363525,429200,0.0,0.0
2002-09-11 00:00:00-04:00,5.671056963227293,5.9197224517371385,5.659922787995985,5.763842582702637,191600,0.0,0.0
2002-09-12 00:00:00-04:00,5.641364440935804,5.641364440935804,5.429813385009766,5.429813385009766,132000,0.0,0.0
2002-09-13 00:00:00-04:00,5.3444516908207405,5.363008886028609,4.936195165992926,4.997433662414551,465200,0.0,0.0
2002-09-16 00:00:00-04:00,5.019701699839192,5.175581563526347,5.008567524989835,5.112487316131592,132000,0.0,0.0
2002-09-17 00:00:00-04:00,5.149601155085592,5.2405310068816915,5.1032083518866225,5.108775615692139,93200,0.0,0.0
2002-09-18 00:00:00-04:00,5.084652081085189,5.251666132072293,5.008567898369408,5.119910717010498,180000,0.0,0.0
2002-09-19 00:00:00-04:00,5.010423587065435,5.084652013861778,4.453709855169275,4.570619583129883,368000,0.0,0.0
2002-09-20 00:00:00-04:00,4.639280261071086,4.746911548969975,4.407316248017532,4.505669116973877,356000,0.0,0.0
2002-09-23 00:00:00-04:00,4.544639281778294,4.544639281778294,4.119681358337402,4.119681358337402,368400,0.0,0.0
2002-09-24 00:00:00-04:00,4.219889468568909,4.591031905775839,4.175352418577959,4.435152053833008,293600,0.0,0.0
2002-09-25 00:00:00-04:00,4.546494784930494,4.861965993219559,4.546494784930494,4.826707363128662,341200,0.0,0.0
2002-09-26 00:00:00-04:00,5.175580978393555,5.247953991604735,5.073516953590525,5.175580978393555,669200,0.0,0.0
2002-09-27 00:00:00-04:00,5.632086787175973,5.69518103241352,5.103208721601964,5.162591457366943,482800,0.0,0.0
2002-09-30 00:00:00-04:00,5.0122787900312336,5.242387064735104,4.84897591511299,5.040114402770996,202000,0.0,0.0
2002-10-01 00:00:00-04:00,5.121766296577079,5.147746156922448,4.784026696291071,5.060527801513672,614000,0.0,0.0
2002-10-02 00:00:00-04:00,4.824852126984185,4.873100690727912,4.4741226048632585,4.631857872009277,494800,0.0,0.0
2002-10-03 00:00:00-04:00,4.411027239769847,4.639279716893246,4.292261438332092,4.407315731048584,217200,0.0,0.0
2002-10-04 00:00:00-04:00,4.15493905894876,4.312674649898473,4.010193749329356,4.117825031280518,446400,0.0,0.0
2002-10-07 00:00:00-04:00,4.240302573104054,4.264426676679432,4.112258328414221,4.175352573394775,116000,0.0,0.0
2002-10-08 00:00:00-04:00,3.9433885623506146,4.2143223830918775,3.869160142554996,4.054731369018555,267200,0.0,0.0
2002-10-09 00:00:00-04:00,4.169785056474022,4.2013321770521985,3.989781106086193,4.10297966003418,140800,0.0,0.0
2002-10-10 00:00:00-04:00,4.082567056339522,4.405460953776128,4.023184319424611,4.277416706085205,320800,0.0,0.0
2002-10-11 00:00:00-04:00,4.444431350208855,4.917637871760948,4.444431350208855,4.732066631317139,440800,0.0,0.0
2002-10-14 00:00:00-04:00,4.630002756837789,4.694952410165125,4.518659937785254,4.637425422668457,148400,0.0,0.0
2002-10-15 00:00:00-04:00,5.00114511643746,5.171870673336394,4.991866341962539,5.028980731964111,321200,0.0,0.0
2002-10-16 00:00:00-04:00,5.064239271042191,5.136611940828961,4.834130623714268,5.027124881744385,399600,0.0,0.0
2002-10-17 00:00:00-04:00,5.260943296383659,5.565279934089093,5.259087542013631,5.4557929039001465,342800,0.0,0.0
2002-10-18 00:00:00-04:00,5.431670053528266,5.552291283714793,5.288780119731608,5.505898475646973,210000,0.0,0.0
2002-10-21 00:00:00-04:00,5.5188881443385185,5.938279151916504,5.474351093173027,5.938279151916504,432400,0.0,0.0
2002-10-22 00:00:00-04:00,5.899309933327094,5.936423969233419,5.140323527771943,5.567137241363525,1143200,0.0,0.0
2002-10-23 00:00:00-04:00,5.57641593951379,5.891887207145293,5.530023126859103,5.826937198638916,221600,0.0,0.0
2002-10-24 00:00:00-04:00,5.752708682331243,5.769410122950711,5.624664422231681,5.724873065948486,141200,0.0,0.0
2002-10-25 00:00:00-04:00,5.680335523263553,5.843638051642276,5.661778329278712,5.789822578430176,126400,0.0,0.0
2002-10-28 00:00:00-05:00,5.771264820117559,5.921577404193687,5.715593243606733,5.723016262054443,216000,0.0,0.0
2002-10-29 00:00:00-05:00,5.520743598428019,5.568992156383958,5.184859801293244,5.374142169952393,130400,0.0,0.0
2002-10-30 00:00:00-05:00,5.754563905837614,5.917866433097784,5.6784797295750415,5.856627941131592,355600,0.0,0.0
2002-10-31 00:00:00-05:00,6.127561653032159,6.248182519003675,5.9382789272774295,6.010651588439941,478400,0.0,0.0
2002-11-01 00:00:00-05:00,6.4059188723431735,6.704688662539267,6.381794414503636,6.457878589630127,508800,0.0,0.0
2002-11-04 00:00:00-05:00,6.791906834161419,6.8846924505182585,6.7529370451870845,6.810464382171631,445600,0.0,0.0
2002-11-05 00:00:00-05:00,6.624892567116712,6.83273213127506,6.561798325224248,6.819742202758789,756400,0.0,0.0
2002-11-06 00:00:00-05:00,6.699120844781806,6.699120844781806,6.402207172132,6.637882709503174,560400,0.0,0.0
2002-11-07 00:00:00-05:00,6.5283952417558675,6.53952976922869,6.268595263907256,6.301998138427734,400800,0.0,0.0
2002-11-08 00:00:00-05:00,6.235192775726318,6.314988457814136,6.123850325691147,6.235192775726318,183600,0.0,0.0
2002-11-11 00:00:00-05:00,6.14240752569881,6.14240752569881,5.940134853526232,6.079313278198242,210400,0.0,0.0
2002-11-12 00:00:00-05:00,6.1108607317570955,6.374371541637379,6.077457853335922,6.318700313568115,293200,0.0,0.0
2002-11-13 00:00:00-05:00,6.051478937370183,6.235194089425134,6.021787563911898,6.099727153778076,160800,0.0,0.0
2002-11-14 00:00:00-05:00,6.216635920374408,6.5321071385103275,6.216635920374408,6.383650302886963,220000,0.0,0.0
2002-11-15 00:00:00-05:00,6.641594887100771,6.721390577384429,6.598913586606878,6.623037338256836,339600,0.0,0.0
2002-11-18 00:00:00-05:00,6.921807468504643,6.957066458983474,6.726957798004151,6.72695779800415,140000,0.0,0.0
2002-11-19 00:00:00-05:00,6.6805640594112585,6.7733496713475265,6.569221608246954,6.615614414215088,336000,0.0,0.0
2002-11-20 00:00:00-05:00,6.476437386338844,6.515407181820576,6.350248870390023,6.507984161376953,197600,0.0,0.0
2002-11-21 00:00:00-05:00,6.517260786335745,6.8828363015748915,6.517260786335745,6.775204658508301,686800,0.0,0.0
2002-11-22 00:00:00-05:00,6.84757978307658,6.9774790988702895,6.67499845449559,6.715823650360107,198000,0.0,0.0
2002-11-25 00:00:00-05:00,6.662007220901871,6.877269812301311,6.63602665492256,6.871702194213867,168400,0.0,0.0
2002-11-26 00:00:00-05:00,6.739946365356445,6.880980882944276,6.702831981365017,6.739946365356445,494400,0.0,0.0
2002-11-27 00:00:00-05:00,6.764072634724081,7.190886395318167,6.738092771333737,7.144493579864502,955200,0.0,0.0
2002-11-29 00:00:00-05:00,6.9496428067068905,6.95892122676296,6.810464382171632,6.810464382171631,416400,0.0,0.0
2002-12-02 00:00:00-05:00,7.190886252635234,7.2001646739622265,6.845723599245035,6.86613655090332,118800,0.0,0.0
2002-12-03 00:00:00-05:00,6.918095802635705,6.968200123846195,6.699121676411246,6.756649017333984,187600,0.0,0.0
2002-12-04 00:00:00-05:00,6.673140961660252,6.819742396681726,6.402207147905295,6.474579811096191,565200,0.0,0.0
2002-12-05 00:00:00-05:00,6.545097585268398,6.558087515169651,6.133129214405547,6.253750801086426,333200,0.0,0.0
2002-12-06 00:00:00-05:00,6.008796192139469,6.298286837000977,5.9586918787062055,6.194367408752441,310000,0.0,0.0
2002-12-09 00:00:00-05:00,6.116427195610538,6.123850214250609,6.023641586303711,6.023641586303711,51200,0.0,0.0
2002-12-10 00:00:00-05:00,6.216635806471556,6.216635806471556,5.984671783842021,5.9883832931518555,165200,0.0,0.0
2002-12-11 00:00:00-05:00,6.134985094837818,6.355814602837634,6.134985094837818,6.2166361808776855,180000,0.0,0.0
2002-12-12 00:00:00-05:00,6.225913890067889,6.494992283387838,6.225913890067889,6.493136882781982,222400,0.0,0.0
2002-12-13 00:00:00-05:00,6.446745431486849,6.48014760467659,6.311277798242641,6.316845417022705,148800,0.0,0.0
2002-12-16 00:00:00-05:00,6.359525783978444,6.506127217434934,6.292720031623688,6.461589813232422,155600,0.0,0.0
2002-12-17 00:00:00-05:00,6.370660189248585,6.398495446928032,6.2444717056539965,6.3057098388671875,147200,0.0,0.0
2002-12-18 00:00:00-05:00,5.938279381736193,6.012508157167122,5.75641966061829,5.856627941131592,557600,0.0,0.0
2002-12-19 00:00:00-05:00,5.56713711853107,5.6413655426550084,5.383421636093431,5.585694313049316,713600,0.0,0.0
2002-12-20 00:00:00-05:00,5.502187268145646,5.557858853253044,5.414968911611163,5.446516036987305,407600,0.0,0.0
2002-12-23 00:00:00-05:00,5.489196446835107,5.557857951138165,5.381565157836341,5.459505081176758,184800,0.0,0.0
2002-12-24 00:00:00-05:00,5.567137241363525,5.635798756411258,5.478063130449481,5.567137241363525,90800,0.0,0.0
2002-12-26 00:00:00-05:00,5.568992397147559,5.615385202501388,5.563425133083453,5.576415061950684,82800,0.0,0.0
2002-12-27 00:00:00-05:00,5.474351460819007,5.55785865858061,5.3815658428390245,5.442804336547852,89600,0.0,0.0
2002-12-30 00:00:00-05:00,5.465072674024684,5.56528095066798,5.418679868146543,5.48919677734375,139600,0.0,0.0
2002-12-31 00:00:00-05:00,5.483630341320906,5.672913102835809,5.474351920323715,5.661778926849365,166000,0.0,0.0
2003-01-02 00:00:00-05:00,5.567137063578122,5.845493916757028,5.567137063578122,5.726728439331055,130400,0.0,0.0
2003-01-03 00:00:00-05:00,5.659921759149462,5.869617065308266,5.659921759149462,5.771264553070068,306400,0.0,0.0
2003-01-06 00:00:00-05:00,5.901164560891522,6.134984690808549,5.901164560891522,6.064467430114746,254000,0.0,0.0
2003-01-07 00:00:00-05:00,6.066323362611685,6.170243508118034,6.03106508312289,6.133129119873047,303200,0.0,0.0
2003-01-08 00:00:00-05:00,5.962404100537972,6.057045120845769,5.945702660730937,5.992095470428467,239200,0.0,0.0
2003-01-09 00:00:00-05:00,5.9494133567880665,6.123850042550779,5.9494133567880665,6.092303276062012,102000,0.0,0.0
2003-01-10 00:00:00-05:00,6.0496219899432235,6.346536391276059,6.0496219899432235,6.255606174468994,306800,0.0,0.0
2003-01-13 00:00:00-05:00,6.513548735149716,6.621180369260361,6.2945746659365565,6.411484718322754,447200,0.0,0.0
2003-01-14 00:00:00-05:00,6.392928275110829,6.4022066939572575,6.251893760212379,6.307565689086914,122000,0.0,0.0
2003-01-15 00:00:00-05:00,6.216635708410268,6.216635708410268,5.980960180188446,5.9958062171936035,220400,0.0,0.0
2003-01-16 00:00:00-05:00,5.992095294019788,6.263029124781463,5.992095294019788,6.133129119873047,50800,0.0,0.0
2003-01-17 00:00:00-05:00,5.973538068042863,6.123851029985837,5.973538068042863,6.053333759307861,203200,0.0,0.0
2003-01-21 00:00:00-05:00,6.077457996826234,6.485714858803339,5.9772493591967635,6.417053699493408,782400,0.0,0.0
2003-01-22 00:00:00-05:00,6.430042870851227,6.430042870851227,6.25375007535222,6.346535682678223,258000,0.0,0.0
2003-01-23 00:00:00-05:00,6.402207646439192,6.485714844276711,6.353959436520895,6.454167366027832,223600,0.0,0.0
2003-01-24 00:00:00-05:00,6.441177284246981,6.483858582602376,6.149830507026803,6.28344202041626,333200,0.0,0.0
2003-01-27 00:00:00-05:00,6.233337438860811,6.27230722598268,6.129417298637787,6.157253265380859,114000,0.0,0.0
2003-01-28 00:00:00-05:00,6.133128391720461,6.300142765045166,6.133128391720461,6.300142765045166,217600,0.0,0.0
2003-01-29 00:00:00-05:00,6.058900103275017,6.335400801246417,6.040342558107093,6.263028144836426,696000,0.0,0.0
2003-01-30 00:00:00-05:00,6.2370485289931485,6.337257153053913,6.1405514141084865,6.225914001464844,686000,0.0,0.0
2003-01-31 00:00:00-05:00,6.12385056623772,6.290864955748883,6.107149127286604,6.2166361808776855,189600,0.0,0.0
2003-02-03 00:00:00-05:00,6.216636153450787,6.309421767681395,6.179521766178931,6.218491554260254,91600,0.0,0.0
2003-02-04 00:00:00-05:00,6.198079313763888,6.28158580025299,6.170243346335482,6.218491554260254,81600,0.0,0.0
2003-02-05 00:00:00-05:00,6.237048440629552,6.251893769225644,6.125705290617941,6.177665710449219,131600,0.0,0.0
2003-02-06 00:00:00-05:00,6.225915270243332,6.283442612349408,6.125706625761061,6.201790809631348,57600,0.0,0.0
2003-02-07 00:00:00-05:00,6.266740263244879,6.266740263244879,6.125705737846385,6.1980791091918945,120800,0.0,0.0
2003-02-10 00:00:00-05:00,5.938279478475175,5.97539386679526,5.808379473303915,5.858483791351318,246000,0.0,0.0
2003-02-11 00:00:00-05:00,5.947557682577394,6.031064876290254,5.8733292625820885,5.9846720695495605,58800,0.0,0.0
2003-02-12 00:00:00-05:00,5.9290009080300585,6.016218904287913,5.834359538767764,5.897453784942627,54400,0.0,0.0
2003-02-13 00:00:00-05:00,5.687758445739746,5.778688311034196,5.619097285024105,5.687758445739746,134800,0.0,0.0
2003-02-14 00:00:00-05:00,5.659922888704053,5.9364239971865285,5.659922888704053,5.919722557067871,104800,0.0,0.0
2003-02-18 00:00:00-05:00,5.706315462847606,6.114572320468351,5.687758268601383,6.057044982910156,139200,0.0,0.0
2003-02-19 00:00:00-05:00,6.086735959513107,6.212924447509067,6.071890629812542,6.123850345611572,102400,0.0,0.0
2003-02-20 00:00:00-05:00,6.201790346315795,6.294575964001415,6.160965155904818,6.255606174468994,167200,0.0,0.0
2003-02-21 00:00:00-05:00,6.164675946059184,6.198078821159288,6.125705453177061,6.18323278427124,136800,0.0,0.0
2003-02-24 00:00:00-05:00,6.175809846002404,6.309421348137382,6.175809846002404,6.3057098388671875,190000,0.0,0.0
2003-02-25 00:00:00-05:00,6.183232864542794,6.309421348137382,6.146118479738854,6.3057098388671875,453200,0.0,0.0
2003-02-26 00:00:00-05:00,6.25189470651999,6.25189470651999,6.1257062089939,6.1795220375061035,66000,0.0,0.0
2003-02-27 00:00:00-05:00,6.155397879899703,6.199935290341588,6.0737467866373915,6.138697147369385,105200,0.0,0.0
2003-02-28 00:00:00-05:00,6.218491418028985,6.2982871011510335,6.190656159108436,6.211069107055664,26400,0.0,0.0
2003-03-03 00:00:00-05:00,6.309422673846671,6.346537066448931,6.225915467466128,6.277875900268555,246800,0.0,0.0
2003-03-04 00:00:00-05:00,5.98467193173486,6.032920138158981,5.8473492694185465,5.9586920738220215,222000,0.0,0.0
2003-03-05 00:00:00-05:00,5.891886614423248,5.891886614423248,5.617241276084515,5.789822578430176,568000,0.0,0.0
2003-03-06 00:00:00-05:00,5.5504352734323845,5.669200743355556,5.502186712788841,5.598683834075928,462400,0.0,0.0
2003-03-07 00:00:00-05:00,5.236819767846855,5.511465445955032,5.158879840293687,5.390843868255615,610800,0.0,0.0
2003-03-10 00:00:00-05:00,5.420535037439688,5.5764148868498085,5.381565252061661,5.461360931396484,275200,0.0,0.0
2003-03-11 00:00:00-05:00,5.496620325377171,5.619097316371244,5.496620325377171,5.567137241363525,276400,0.0,0.0
2003-03-12 00:00:00-05:00,5.507753601911334,5.697036322175303,5.335172318961775,5.600539207458496,270000,0.0,0.0
2003-03-13 00:00:00-05:00,5.615385494665251,5.799100970951098,5.613529739880663,5.791677951812744,300800,0.0,0.0
2003-03-14 00:00:00-05:00,5.771265396924758,5.771265396924758,5.632086972661052,5.7155938148498535,80800,0.0,0.0
2003-03-17 00:00:00-05:00,5.559714096114586,5.854772391551875,5.559714096114586,5.804668426513672,136400,0.0,0.0
2003-03-18 00:00:00-05:00,5.910444088166533,6.003229354584462,5.689614212587382,5.741574287414551,230800,0.0,0.0
2003-03-19 00:00:00-05:00,5.9011649096899195,5.9011649096899195,5.6877580682482805,5.799100875854492,73200,0.0,0.0
2003-03-20 00:00:00-05:00,5.873329448599932,5.917866502007676,5.715593829896025,5.869617938995361,141600,0.0,0.0
2003-03-21 00:00:00-05:00,5.94755754256739,6.123850345611572,5.810234880321497,6.123850345611572,193200,0.0,0.0
2003-03-24 00:00:00-05:00,5.706315407987501,5.7786880755080405,5.641365405724665,5.6599225997924805,403200,0.0,0.0
2003-03-25 00:00:00-05:00,5.45764985021299,5.750852379682219,5.439092656408804,5.711882591247559,225200,0.0,0.0
2003-03-26 00:00:00-05:00,5.678480253994202,5.7991014942855275,5.678480253994202,5.724873065948486,76800,0.0,0.0
2003-03-27 00:00:00-05:00,5.583838325561348,5.598684009767615,5.511465659299423,5.548579692840576,153200,0.0,0.0
2003-03-28 00:00:00-05:00,5.405689812098869,5.452082619924448,5.346307074713974,5.4168243408203125,144800,0.0,0.0
2003-03-31 00:00:00-05:00,5.379710419529199,5.530023030814027,5.346307538366112,5.517033100128174,103600,0.0,0.0
2003-04-01 00:00:00-05:00,5.335172768785644,5.492908382304764,5.320327084804375,5.491052627563477,189200,0.0,0.0
2003-04-02 00:00:00-05:00,5.585694860454804,5.826937350986948,5.585694860454804,5.806524753570557,244000,0.0,0.0
2003-04-03 00:00:00-05:00,5.851061248764488,5.901165213913627,5.750852610568117,5.839926719665527,123600,0.0,0.0
2003-04-04 00:00:00-05:00,5.808379378681101,5.878896644550677,5.782399519649696,5.856627941131592,146400,0.0,0.0
2003-04-07 00:00:00-04:00,5.929001043475069,5.993950691948497,5.674768298203947,5.7044596672058105,320800,0.0,0.0
2003-04-08 00:00:00-04:00,5.877040929725729,5.921577982917657,5.6784797681808294,5.780543804168701,98400,0.0,0.0
2003-04-09 00:00:00-04:00,5.83621538641776,5.960547772033413,5.765698120065172,5.789822578430176,94400,0.0,0.0
2003-04-10 00:00:00-04:00,5.921577906819252,6.051477909088135,5.903020713073835,6.051477909088135,158000,0.0,0.0
2003-04-11 00:00:00-04:00,6.0793131956049296,6.235193057435726,5.992095198699435,6.031064987182617,94000,0.0,0.0
2003-04-14 00:00:00-04:00,6.031064428599705,6.147974491119385,6.031064428599705,6.147974491119385,77200,0.0,0.0
2003-04-15 00:00:00-04:00,6.172099593578564,6.175811103604547,5.847350253184765,5.882608890533447,90000,0.0,0.0
2003-04-16 00:00:00-04:00,6.188800543454429,6.1943681620005,5.9457026731849565,6.027353763580322,188000,0.0,0.0
2003-04-17 00:00:00-04:00,6.1015827997294645,6.318700818933985,5.93827990415376,6.298287868499756,232400,0.0,0.0
2003-04-21 00:00:00-04:00,6.28158666498217,6.29086579400105,6.218492410303818,6.244472980499268,116400,0.0,0.0
2003-04-22 00:00:00-04:00,6.257461806095632,6.467156776388651,6.251894188088345,6.439321517944336,234000,0.0,0.0
2003-04-23 00:00:00-04:00,6.467156278718802,6.743657688535323,6.4114850582162335,6.680563449859619,203200,0.0,0.0
2003-04-24 00:00:00-04:00,6.643449513895271,6.8104638945384846,6.58963369036601,6.682419300079346,148000,0.0,0.0
2003-04-25 00:00:00-04:00,6.647161649831316,6.693554459061238,6.355814864499256,6.452311992645264,117600,0.0,0.0
2003-04-28 00:00:00-04:00,6.585923160427177,6.810464175294449,6.5785001414485755,6.752936840057373,109600,0.0,0.0
2003-04-29 00:00:00-04:00,6.6861317458638725,6.804897229667351,6.6304605138182575,6.756649017333984,155200,0.0,0.0
2003-04-30 00:00:00-04:00,6.780772808356022,6.86242389343945,6.75850375141668,6.771494388580322,148000,0.0,0.0
2003-05-01 00:00:00-04:00,6.85314609333565,6.958921645718726,6.687987799540958,6.77891731262207,76000,0.0,0.0
2003-05-02 00:00:00-04:00,6.886547671792367,7.094387227435745,6.88283616266863,7.062840461730957,140400,0.0,0.0
2003-05-05 00:00:00-04:00,7.083254022957738,7.131502942679469,7.027582791500299,7.1073784828186035,192000,0.0,0.0
2003-05-06 00:00:00-04:00,7.166759984172037,7.367177232222373,7.14449163702133,7.294804573059082,225200,0.0,0.0
2003-05-07 00:00:00-04:00,7.29294845817871,7.6084196587809325,7.2521232730875935,7.571305274963379,343200,0.0,0.0
2003-05-08 00:00:00-04:00,7.233565662503835,7.302226811818236,6.962631866486594,6.968198776245117,318800,0.0,0.0
2003-05-09 00:00:00-04:00,7.060984083966869,7.17789413926356,7.020158900958498,7.083252429962158,95200,0.0,0.0
2003-05-12 00:00:00-04:00,7.237277576883188,7.291093400555538,7.190884771903168,7.250267505645752,67600,0.0,0.0
2003-05-13 00:00:00-04:00,7.289238481801789,7.4414068503438155,7.274393149891858,7.432128429412842,184000,0.0,0.0
2003-05-14 00:00:00-04:00,7.266969146098641,7.305938933471421,7.1463475666327465,7.198307991027832,142400,0.0,0.0
2003-05-15 00:00:00-04:00,7.218721760525808,7.302228254999466,7.051707355782242,7.172328948974609,121600,0.0,0.0
2003-05-16 00:00:00-04:00,7.41357065800627,7.419137568287224,7.30222749710083,7.30222749710083,88800,0.0,0.0
2003-05-19 00:00:00-04:00,7.285525651789203,7.441405502039459,7.257690394039736,7.315217018127441,340800,0.0,0.0
2003-05-20 00:00:00-04:00,7.419138009770797,7.419138009770797,7.3319193013895365,7.396869659423828,218000,0.0,0.0
2003-05-21 00:00:00-04:00,7.29480651660247,7.330064801309728,7.261403633027938,7.328209400177002,60800,0.0,0.0
2003-05-22 00:00:00-04:00,7.328208067975577,7.420993681504324,7.291093680984468,7.411714553833008,71600,0.0,0.0
2003-05-23 00:00:00-04:00,7.372745571042598,7.400581541299724,7.239134046445399,7.3319196701049805,31600,0.0,0.0
2003-05-27 00:00:00-04:00,7.365322493383985,7.448829695601108,7.283671400048423,7.391303062438965,86800,0.0,0.0
2003-05-28 00:00:00-04:00,7.441405956303502,7.636256311934561,7.42470451747507,7.610275745391846,200800,0.0,0.0
2003-05-29 00:00:00-04:00,7.560172367613534,7.8682205870440445,7.560172367613534,7.665947914123535,98400,0.0,0.0
2003-05-30 00:00:00-04:00,7.831105225718356,7.996263489821585,7.701205236771528,7.886776447296143,97600,0.0,0.0
2003-06-02 00:00:00-04:00,7.86079686758238,8.029666646783694,7.7494537126124285,7.792135715484619,239600,0.0,0.0
2003-06-03 00:00:00-04:00,7.608420880479475,7.747599311219953,7.218721557565378,7.47852087020874,188800,0.0,0.0
2003-06-04 00:00:00-04:00,7.797705078475528,7.855232428701892,7.606566891311066,7.732754707336426,36400,0.0,0.0
2003-06-05 00:00:00-04:00,7.645535799513761,7.886778287917488,7.61584442721635,7.873788356781006,148800,0.0,0.0
2003-06-06 00:00:00-04:00,7.899766881796002,7.977707163319463,7.701205730438233,7.701205730438232,91600,0.0,0.0
2003-06-09 00:00:00-04:00,7.751309817175552,7.751309817175552,7.567594000914562,7.608419895172119,54400,0.0,0.0
2003-06-10 00:00:00-04:00,7.684504370029295,7.691927388896904,7.530480621965628,7.63996696472168,40400,0.0,0.0
2003-06-11 00:00:00-04:00,7.686360572627746,7.821828203450269,7.656669201957987,7.779146194458008,90000,0.0,0.0
2003-06-12 00:00:00-04:00,7.660380829142021,7.747599541526123,7.51006857252889,7.625122547149658,326800,0.0,0.0
2003-06-13 00:00:00-04:00,7.331918988873578,7.469242010605827,7.291093799627285,7.311506748199463,188000,0.0,0.0
2003-06-16 00:00:00-04:00,7.562026605719612,7.793990612030029,7.562026605719612,7.793990612030029,113600,0.0,0.0
2003-06-17 00:00:00-04:00,7.708629029892184,7.74017579906114,7.437695205189859,7.497077941894531,125600,0.0,0.0
2003-06-18 00:00:00-04:00,7.469242704596338,7.469242704596338,7.233567135553225,7.3319196701049805,132800,0.0,0.0
2003-06-19 00:00:00-04:00,7.231712299444812,7.2762490058573475,7.094389254226761,7.144493579864502,169200,0.0,0.0
2003-06-20 00:00:00-04:00,7.131502942679469,7.176039644686174,7.005314440496947,7.1073784828186035,109600,0.0,0.0
2003-06-23 00:00:00-04:00,7.218721580804881,7.2465568423037245,7.14634820195243,7.203875541687012,48400,0.0,0.0
2003-06-24 00:00:00-04:00,7.0962453514631285,7.11665759559431,6.873559696076339,7.036861896514893,126400,0.0,0.0
2003-06-25 00:00:00-04:00,6.999746599352587,7.237277532878674,6.999746599352587,7.051706314086914,318800,0.0,0.0
2003-06-26 00:00:00-04:00,7.265113706991612,7.285525947009149,7.155626656451907,7.255834579467773,34000,0.0,0.0
2003-06-27 00:00:00-04:00,7.168616372999079,7.196451631051314,7.107377531067726,7.125935077667236,164400,0.0,0.0
2003-06-30 00:00:00-04:00,7.0776872701803315,7.0776872701803315,6.88840451268109,6.986757755279541,332400,0.0,0.0
2003-07-01 00:00:00-04:00,6.9700548847632815,7.016447687145603,6.906960645207405,6.968198776245117,458400,0.0,0.0
2003-07-02 00:00:00-04:00,7.090677213965048,7.190885857749234,7.072120372330109,7.185318946838379,158800,0.0,0.0
2003-07-03 00:00:00-04:00,7.190885534295704,7.190885534295704,6.962632994541961,7.046140193939209,289200,0.0,0.0
2003-07-07 00:00:00-04:00,7.283669678466423,7.56202648146514,7.276246660490948,7.452539443969727,316800,0.0,0.0
2003-07-08 00:00:00-04:00,7.5193453516103474,7.608419445537172,7.5193453516103474,7.606564044952393,182400,0.0,0.0
2003-07-09 00:00:00-04:00,5.359297339657192,6.123851016205943,5.288780423086951,5.75456428527832,20095600,0.0,0.0
2003-07-10 00:00:00-04:00,5.214551570701523,5.442804095892241,5.149601570197514,5.1959943771362305,11372400,0.0,0.0
2003-07-11 00:00:00-04:00,5.06052716203039,5.30733686596997,5.0382584602990645,5.210839748382568,8232400,0.0,0.0
2003-07-14 00:00:00-04:00,5.279501182639988,5.335172405289495,5.158879610317721,5.188570976257324,3458400,0.0,0.0
2003-07-15 00:00:00-04:00,5.385277064066185,5.41867994138174,5.272078502929918,5.327749729156494,2140400,0.0,0.0
2003-07-16 00:00:00-04:00,5.32589399181894,5.429813772717889,5.112486812221577,5.36300802230835,1183600,0.0,0.0
2003-07-17 00:00:00-04:00,5.379709713795838,5.424246764854371,5.260944244306415,5.2702226638793945,1451200,0.0,0.0
2003-07-18 00:00:00-04:00,5.2516658377877405,5.29620324590771,5.199706118229515,5.233108997344971,428800,0.0,0.0
2003-07-21 00:00:00-04:00,5.413113551907725,5.544868973777758,5.327750590090579,5.543013572692871,1447600,0.0,0.0
2003-07-22 00:00:00-04:00,5.47991810249937,5.65064363433669,5.440947963323426,5.646932125091553,823200,0.0,0.0
2003-07-23 00:00:00-04:00,5.5671366353840375,5.5671366353840375,5.401978361797996,5.4762067794799805,519600,0.0,0.0
2003-07-24 00:00:00-04:00,5.375998953549604,5.3834219734016235,5.234964761902842,5.286924839019775,645200,0.0,0.0
2003-07-25 00:00:00-04:00,5.444660250369452,5.578271416740517,5.429814565217111,5.567137241363525,691600,0.0,0.0
2003-07-28 00:00:00-04:00,5.498475223700101,5.509609752008339,5.46507270062245,5.478062629699707,242800,0.0,0.0
2003-07-29 00:00:00-04:00,5.418680000108989,5.4390925945071515,5.344451225737036,5.414968490600586,645600,0.0,0.0
2003-07-30 00:00:00-04:00,5.4038351646104275,5.4038351646104275,5.337029398764502,5.368576526641846,189200,0.0,0.0
2003-07-31 00:00:00-04:00,5.381565582286939,5.381565582286939,5.288779968799233,5.325894355773926,342000,0.0,0.0
2003-08-01 00:00:00-04:00,5.324038072848899,5.400122240044821,5.285067934996676,5.3481621742248535,205600,0.0,0.0
2003-08-04 00:00:00-04:00,5.3500183110273944,5.375998168819067,5.288779821983442,5.35558557510376,75200,0.0,0.0
2003-08-05 00:00:00-04:00,5.396411125774861,5.407545299997746,5.242387025553721,5.290635585784912,206800,0.0,0.0
2003-08-06 00:00:00-04:00,5.400122305158721,5.46136079056577,5.312903609553928,5.426102161407471,514000,0.0,0.0
2003-08-07 00:00:00-04:00,5.446516041717468,5.465073236769383,5.329605960654739,5.337028980255127,159600,0.0,0.0
2003-08-08 00:00:00-04:00,5.5485806542345095,5.581983537973534,5.364865147618966,5.403835296630859,151600,0.0,0.0
2003-08-11 00:00:00-04:00,5.440948554371823,5.492908627601152,5.383421570619057,5.4539384841918945,76800,0.0,0.0
2003-08-12 00:00:00-04:00,5.585694068574886,5.62651961156894,5.539301261284312,5.613529682159424,430000,0.0,0.0
2003-08-13 00:00:00-04:00,5.620953055487483,5.65992284617214,5.60425161549433,5.622808456420898,161600,0.0,0.0
2003-08-14 00:00:00-04:00,5.613529275822388,5.6580663251236265,5.613529275822388,5.63579797744751,101200,0.0,0.0
2003-08-15 00:00:00-04:00,5.5671365228327945,5.6970365166118295,5.517032209179537,5.604250907897949,294000,0.0,0.0
2003-08-18 00:00:00-04:00,5.620952595140123,5.6970367693448445,5.596828137592856,5.676623821258545,210000,0.0,0.0
2003-08-19 00:00:00-04:00,5.761986360993791,5.761986360993791,5.615385278154109,5.698892116546631,464400,0.0,0.0
2003-08-20 00:00:00-04:00,5.741573188551104,5.799100163062973,5.706314560453966,5.771264553070068,192000,0.0,0.0
2003-08-21 00:00:00-04:00,5.7619871901325395,5.841782884530454,5.737863083289693,5.826937198638916,115600,0.0,0.0
2003-08-22 00:00:00-04:00,5.778687458335195,5.800956159628049,5.715593217612608,5.734150409698486,96800,0.0,0.0
2003-08-25 00:00:00-04:00,5.685902375671445,5.7063153242413645,5.556002727001223,5.602395534515381,195600,0.0,0.0
2003-08-26 00:00:00-04:00,5.567136968138535,5.568992722935132,5.4186801239011215,5.505898475646973,384000,0.0,0.0
2003-08-27 00:00:00-04:00,5.550435530005005,5.678479779402992,5.531878335984435,5.606106758117676,175600,0.0,0.0
2003-08-28 00:00:00-04:00,5.678479768470165,5.789822578430176,5.659922574485324,5.789822578430176,164000,0.0,0.0
2003-08-29 00:00:00-04:00,5.901165049844115,5.997662175657933,5.877040945365179,5.934567928314209,392800,0.0,0.0
2003-09-02 00:00:00-04:00,5.938279819358242,5.984672630446979,5.8659071473235125,5.941991329193115,306000,0.0,0.0
2003-09-03 00:00:00-04:00,6.118283900079532,6.170243619824348,5.969826344411903,5.979105472564697,226400,0.0,0.0
2003-09-04 00:00:00-04:00,5.966115055398711,6.031064699775542,5.951269017885131,6.016218662261963,447600,0.0,0.0
2003-09-05 00:00:00-04:00,5.966115161468243,6.040343226661721,5.956836033908269,5.971682071685791,222000,0.0,0.0
2003-09-08 00:00:00-04:00,5.936424605607056,6.166532927110044,5.923434673949893,6.153542995452881,968400,0.0,0.0
2003-09-09 00:00:00-04:00,6.057044600841122,6.123850354333905,6.021786323341281,6.04962158203125,224000,0.0,0.0
2003-09-10 00:00:00-04:00,5.865906715034974,6.008796647605769,5.7991009587267515,5.856627941131592,730000,0.0,0.0
2003-09-11 00:00:00-04:00,5.7118824269906865,5.761986388687404,5.6172410598650755,5.6970367431640625,597600,0.0,0.0
2003-09-12 00:00:00-04:00,5.763841560545628,5.802811697867831,5.7081703403127495,5.760130405426025,193600,0.0,0.0
2003-09-15 00:00:00-04:00,5.659923171860113,5.734151601684857,5.622808779973204,5.661778926849365,417600,0.0,0.0
2003-09-16 00:00:00-04:00,5.659922469518007,5.843637943267822,5.659922469518007,5.843637943267822,311200,0.0,0.0
2003-09-17 00:00:00-04:00,5.864051514707102,5.975394334432053,5.845494319094765,5.923434257507324,182800,0.0,0.0
2003-09-18 00:00:00-04:00,5.941991268952664,6.073746681213379,5.941991268952664,6.073746681213379,187200,0.0,0.0
2003-09-19 00:00:00-04:00,5.997663109048567,6.025499081404995,5.919723165138567,5.954981803894043,45200,0.0,0.0
2003-09-22 00:00:00-04:00,5.908588628774988,5.947558421382461,5.862195816271383,5.891887187957764,893600,0.0,0.0
2003-09-23 00:00:00-04:00,5.826937018805767,5.925289906019965,5.778688452660069,5.877041339874268,394000,0.0,0.0
2003-09-24 00:00:00-04:00,5.895598014671934,5.904876434517761,5.804668155176511,5.843637943267822,643200,0.0,0.0
2003-09-25 00:00:00-04:00,5.750852012438798,5.795389062355334,5.678479350568052,5.748996257781982,327200,0.0,0.0
2003-09-26 00:00:00-04:00,5.765697739462305,5.825080473134619,5.734150617955262,5.7823991775512695,224400,0.0,0.0
2003-09-29 00:00:00-04:00,5.7879664415639285,5.797244860969348,5.723016443878956,5.7823991775512695,167200,0.0,0.0
2003-09-30 00:00:00-04:00,5.817658192432919,5.817658192432919,5.739718260855816,5.789822578430176,72000,0.0,0.0
2003-10-01 00:00:00-04:00,5.799100780358363,5.817657973645314,5.737862290275739,5.797245025634766,39600,0.0,0.0
2003-10-02 00:00:00-04:00,5.813946926983759,5.919722477005303,5.806524261447554,5.8621954917907715,100400,0.0,0.0
2003-10-03 00:00:00-04:00,5.938279836530526,5.938279836530526,5.854772634749692,5.877041339874268,227600,0.0,0.0
2003-10-06 00:00:00-04:00,5.967970566636767,6.083024527905124,5.967970566636767,6.0626115798950195,121600,0.0,0.0
2003-10-07 00:00:00-04:00,6.086736672684724,6.253751075747566,6.051478391103954,6.214781284332275,440400,0.0,0.0
2003-10-08 00:00:00-04:00,6.253750568313284,6.285297337499803,6.151686533788935,6.2166361808776855,195200,0.0,0.0
2003-10-09 00:00:00-04:00,6.281586249064274,6.392929418835166,6.261174007109481,6.366949558258057,338800,0.0,0.0
2003-10-10 00:00:00-04:00,6.448599935635692,6.604479789733887,6.420763969301074,6.604479789733887,435200,0.0,0.0
2003-10-13 00:00:00-04:00,6.522828784082651,6.585923028339226,6.476435978243935,6.543241024017334,464800,0.0,0.0
2003-10-14 00:00:00-04:00,6.4096303362366704,6.47272458159243,6.318700123733526,6.333546161651611,283200,0.0,0.0
2003-10-15 00:00:00-04:00,6.417053479315854,6.450455649481516,6.274163547131705,6.324267864227295,76400,0.0,0.0
2003-10-16 00:00:00-04:00,6.376227126721027,6.506127120146385,6.376227126721027,6.450455188751221,300800,0.0,0.0
2003-10-17 00:00:00-04:00,6.50798279962007,6.587778482946762,6.476436031182936,6.520972728729248,278000,0.0,0.0
2003-10-20 00:00:00-04:00,6.448599858729627,6.483858135488027,6.096014259553547,6.151686191558838,932800,0.0,0.0
2003-10-21 00:00:00-04:00,6.20550158764396,7.7253303926715216,6.160964889503565,7.356043338775635,5284800,0.0,0.0
2003-10-22 00:00:00-04:00,7.025727162051572,7.12036818166151,6.981189753595189,7.070263862609863,2132400,0.0,0.0
2003-10-23 00:00:00-04:00,7.08696490216131,7.31521742635509,7.031293675657616,7.30222749710083,366800,0.0,0.0
2003-10-24 00:00:00-04:00,7.211297805202552,7.330063274101524,7.164904999670264,7.317073345184326,122400,0.0,0.0
2003-10-27 00:00:00-05:00,7.289237812720165,7.315217672101449,7.213153635432945,7.283670902252197,232400,0.0,0.0
2003-10-28 00:00:00-05:00,7.215009221779511,7.252123607307511,7.0869646271028115,7.159337997436523,229200,0.0,0.0
2003-10-29 00:00:00-05:00,7.252124873400207,7.367178851515174,7.250268764455849,7.335631370544434,246000,0.0,0.0
2003-10-30 00:00:00-05:00,7.420994587573466,7.420994587573466,7.246557159786664,7.343054294586182,128400,0.0,0.0
2003-10-31 00:00:00-05:00,7.422849519478307,7.459963908655317,7.3671782896618385,7.396869659423828,265600,0.0,0.0
2003-11-03 00:00:00-05:00,7.5620279609223,7.599142350162887,7.413571111858046,7.450685501098633,231200,0.0,0.0
2003-11-04 00:00:00-05:00,7.432126289292617,7.432126289292617,7.318927745995687,7.357898235321045,98400,0.0,0.0
2003-11-05 00:00:00-05:00,7.216863611016327,7.246554973697705,7.142635558261845,7.181605339050293,195200,0.0,0.0
2003-11-06 00:00:00-05:00,7.229856108307119,7.348621601256186,7.20944315647559,7.24099063873291,155600,0.0,0.0
2003-11-07 00:00:00-05:00,7.376457034184434,7.489655607595367,7.376457034184434,7.42656135559082,95200,0.0,0.0
2003-11-10 00:00:00-05:00,7.430272401796788,7.48037672007656,7.335630675746749,7.35233211517334,366400,0.0,0.0
2003-11-11 00:00:00-05:00,7.196451357968784,7.270680125754038,7.144491645257903,7.1463470458984375,62400,0.0,0.0
2003-11-12 00:00:00-05:00,7.300371514602329,7.420993085664073,7.200162890141618,7.218720436096191,301200,0.0,0.0
2003-11-13 00:00:00-05:00,7.4228488851661005,7.432127304692951,7.237277663036948,7.317073345184326,31200,0.0,0.0
2003-11-14 00:00:00-05:00,7.348620814528512,7.39315822356542,7.161194173764671,7.190885543823242,114400,0.0,0.0
2003-11-17 00:00:00-05:00,7.189030049194187,7.190885450093245,7.070263862609863,7.070263862609863,193600,0.0,0.0
2003-11-18 00:00:00-05:00,7.437695136128615,7.5156347118680324,7.341198012905012,7.4655303955078125,302400,0.0,0.0
2003-11-19 00:00:00-05:00,7.549039360670129,7.59914368878631,7.495223522186279,7.495223522186279,132400,0.0,0.0
2003-11-20 00:00:00-05:00,7.5267692403585436,7.619554854085309,7.454395867017301,7.4655303955078125,93200,0.0,0.0
2003-11-21 00:00:00-05:00,7.578727819242627,7.60841918285982,7.46924078317336,7.515633583068848,89200,0.0,0.0
2003-11-24 00:00:00-05:00,7.575018377032772,7.7475996963620295,7.487799662905603,7.595431327819824,108800,0.0,0.0
2003-11-25 00:00:00-05:00,7.6659487734229925,7.6789387045979804,7.578730057335369,7.65481424331665,45200,0.0,0.0
2003-11-26 00:00:00-05:00,7.793990444034547,7.884920644023383,7.793990444034547,7.844094753265381,101600,0.0,0.0
2003-11-28 00:00:00-05:00,7.979562733142506,8.04451237920654,7.959149784980082,7.999975681304932,114000,0.0,0.0
2003-12-01 00:00:00-05:00,8.18369196850512,8.209672538541675,8.128020734223087,8.148433685302734,110800,0.0,0.0
2003-12-02 00:00:00-05:00,8.077915436691507,8.202248529226633,8.035234138626631,8.059358596801758,130000,0.0,0.0
2003-12-03 00:00:00-05:00,8.211527143241408,8.350705569398043,8.17626886345837,8.282044410705566,464800,0.0,0.0
2003-12-04 00:00:00-05:00,8.328436676134006,8.53627624742508,8.302456818209876,8.359983444213867,528800,0.0,0.0
2003-12-05 00:00:00-05:00,8.304313642087994,8.434213661867885,8.211528014802095,8.215239524841309,170000,0.0,0.0
2003-12-08 00:00:00-05:00,8.23008407973777,8.248641628181014,8.081627231682267,8.16513442993164,335600,0.0,0.0
2003-12-09 00:00:00-05:00,8.122452586575863,8.124307987346926,7.860797188177241,7.877498626708984,186800,0.0,0.0
2003-12-10 00:00:00-05:00,7.948014639996811,7.948014639996811,7.7012046102858,7.751308917999268,179600,0.0,0.0
2003-12-11 00:00:00-05:00,7.905334389330277,8.165134403510294,7.905334389330277,8.057502746582031,196000,0.0,0.0
2003-12-12 00:00:00-05:00,8.228228155397051,8.230083556174298,8.03523391125334,8.131731033325195,215200,0.0,0.0
2003-12-15 00:00:00-05:00,8.198536027706634,8.200391428311894,7.9832734546996305,8.005541801452637,145200,0.0,0.0
2003-12-16 00:00:00-05:00,7.925746485062303,7.96471627062314,7.829249367555936,7.959149360656738,166400,0.0,0.0
2003-12-17 00:00:00-05:00,7.89048936539319,7.907190805638562,7.758733952289767,7.779146194458008,80000,0.0,0.0
2003-12-18 00:00:00-05:00,7.69192852917791,7.927604103926648,7.675227088198924,7.916469573974609,338400,0.0,0.0
2003-12-19 00:00:00-05:00,7.756876731190028,7.803269535453004,7.729041473371051,7.792135715484619,38800,0.0,0.0
2003-12-22 00:00:00-05:00,7.751310621301026,7.753166022187934,7.608420684474108,7.693783283233643,180000,0.0,0.0
2003-12-23 00:00:00-05:00,7.66594875226482,7.732753809024022,7.651102712164006,7.729043006896973,207200,0.0,0.0
2003-12-24 00:00:00-05:00,7.682649612426758,7.881210782420905,7.682649612426758,7.682649612426758,99600,0.0,0.0
2003-12-26 00:00:00-05:00,7.660380829142021,7.673370759765424,7.615844126404102,7.625122547149658,44400,0.0,0.0
2003-12-29 00:00:00-05:00,7.7475992632106,7.793992073169945,7.634400693646102,7.682649612426758,620000,0.0,0.0
2003-12-30 00:00:00-05:00,7.712339707809264,7.979561994165966,7.712339707809264,7.964715957641602,252400,0.0,0.0
2003-12-31 00:00:00-05:00,7.979563664724965,7.986986684541191,7.860798179257876,7.892344951629639,60800,0.0,0.0
2004-01-02 00:00:00-05:00,7.9517273899820475,8.118741789963394,7.933170549049946,7.970284938812256,120400,0.0,0.0
2004-01-05 00:00:00-05:00,8.202248002394972,8.387819220965456,8.185546564407709,8.374829292297363,346400,0.0,0.0
2004-01-06 00:00:00-05:00,8.337716000595513,8.337716000595513,8.176269217474948,8.181836128234863,897200,0.0,0.0
2004-01-07 00:00:00-05:00,8.077916276571958,8.100185336232704,7.922036398437438,7.977708339691162,226000,0.0,0.0
2004-01-08 00:00:00-05:00,8.372973686227327,8.515863618050492,8.224516844040295,8.335859298706055,1523600,0.0,0.0
2004-01-09 00:00:00-05:00,8.473182904160064,8.629062776174626,8.452769954221544,8.601226806640625,1143200,0.0,0.0
2004-01-12 00:00:00-05:00,8.584525953801904,8.827624552949457,8.5399892489783,8.701436042785645,550000,0.0,0.0
2004-01-13 00:00:00-05:00,8.833190263380281,8.870304650953758,8.75339457786163,8.792365074157715,282400,0.0,0.0
2004-01-14 00:00:00-05:00,8.907420168215568,9.016907236099144,8.892574128144094,8.942678451538086,325200,0.0,0.0
2004-01-15 00:00:00-05:00,8.94638683616144,8.94638683616144,8.694009906298781,8.814631462097168,274400,0.0,0.0
2004-01-16 00:00:00-05:00,8.684732142773145,8.9055623269898,8.66431919721719,8.874014854431152,439200,0.0,0.0
2004-01-20 00:00:00-05:00,9.445575507222694,9.462276945561518,9.183920111846483,9.20433235168457,1212400,0.0,0.0
2004-01-21 00:00:00-05:00,9.046598394043611,9.055876814919413,8.861027144935026,8.868450164794922,506400,0.0,0.0
2004-01-22 00:00:00-05:00,8.888861635729985,8.933398331679056,8.78679689939249,8.816488265991211,189200,0.0,0.0
2004-01-23 00:00:00-05:00,8.8406140277569,8.84432553761694,8.547411827794809,8.699580192565918,149200,0.0,0.0
2004-01-26 00:00:00-05:00,8.792364743870229,8.823911511988879,8.703290641778816,8.744115829467773,307200,0.0,0.0
2004-01-27 00:00:00-05:00,8.931544081249138,9.117115323365026,8.929687972405038,9.039175033569336,378800,0.0,0.0
2004-01-28 00:00:00-05:00,9.139383412769652,9.27856184037528,9.020617934476542,9.041030883789062,250000,0.0,0.0
2004-01-29 00:00:00-05:00,9.024328313793907,9.037318242111496,8.86288084830729,8.907418251037598,121200,0.0,0.0
2004-01-30 00:00:00-05:00,9.055875345080521,9.109691168482838,8.946388297561127,9.089278221130371,159600,0.0,0.0
2004-02-02 00:00:00-05:00,9.139382988066581,9.260004569545464,9.10226860085015,9.109691619873047,100800,0.0,0.0
2004-02-03 00:00:00-05:00,9.22845680881799,9.311964000512107,9.170929475006924,9.20433235168457,180000,0.0,0.0
2004-02-04 00:00:00-05:00,9.111546496239518,9.126392533430806,8.872160163663102,8.892572402954102,164000,0.0,0.0
2004-02-05 00:00:00-05:00,8.983502964711008,9.029895770913377,8.796076339128572,8.810921669006348,169600,0.0,0.0
2004-02-06 00:00:00-05:00,8.96865790380756,9.07628884931798,8.948244955202636,9.046597480773926,315200,0.0,0.0
2004-02-09 00:00:00-05:00,9.091135174057108,9.232169002111696,9.078144536255232,9.152373313903809,128400,0.0,0.0
2004-02-10 00:00:00-05:00,9.260003591043334,9.271137410503115,9.198764752422608,9.239590644836426,106000,0.0,0.0
2004-02-11 00:00:00-05:00,9.399184057757827,9.50310350428397,9.382482617009249,9.465989112854004,89200,0.0,0.0
2004-02-12 00:00:00-05:00,9.384337275654167,9.454854543002838,9.30639769692517,9.323099136352539,55600,0.0,0.0
2004-02-13 00:00:00-05:00,9.510526185005288,9.595888786721495,9.3713477530296,9.401039123535156,197600,0.0,0.0
2004-02-17 00:00:00-05:00,9.52908337542102,9.592177628545462,9.493825092871356,9.519804954528809,42000,0.0,0.0
2004-02-18 00:00:00-05:00,9.514236395963277,9.514236395963277,9.354645035820848,9.371346473693848,45200,0.0,0.0
2004-02-19 00:00:00-05:00,9.538361767684137,9.57733155716117,9.388048812403762,9.4121732711792,38800,0.0,0.0
2004-02-20 00:00:00-05:00,9.3843364897015,9.412172455715167,9.222889727357082,9.272994041442871,89200,0.0,0.0
2004-02-23 00:00:00-05:00,9.371347373256024,9.376914283782057,9.14866174953963,9.174641609191895,58000,0.0,0.0
2004-02-24 00:00:00-05:00,8.9705137807511,9.115259121598541,8.874016650886773,8.937110900878906,116000,0.0,0.0
2004-02-25 00:00:00-05:00,8.911130960278212,8.953812260197704,8.749684180948291,8.888862609863281,104800,0.0,0.0
2004-02-26 00:00:00-05:00,8.82762336730957,8.829479476035186,8.710713294028045,8.82762336730957,138800,0.0,0.0
2004-02-27 00:00:00-05:00,8.877727144594383,8.94082138736546,8.86288110728447,8.92411994934082,29600,0.0,0.0
2004-03-01 00:00:00-05:00,8.940820847017596,9.180207874937137,8.937109337914427,9.150516510009766,60800,0.0,0.0
2004-03-02 00:00:00-05:00,9.016905242718638,9.035462080807438,8.909273599689206,8.929686546325684,69200,0.0,0.0
2004-03-03 00:00:00-05:00,8.74782886435054,8.842470601006502,8.660610147804487,8.75525188446045,100800,0.0,0.0
2004-03-04 00:00:00-05:00,8.814632098823044,8.953810500383408,8.760816280324194,8.950098991394043,90800,0.0,0.0
2004-03-05 00:00:00-05:00,8.907419833347806,8.942678115344815,8.844325581212335,8.877728462219238,25600,0.0,0.0
2004-03-08 00:00:00-05:00,8.814632779075986,8.84246874469543,8.749683136494632,8.768239974975586,89200,0.0,0.0
2004-03-09 00:00:00-05:00,8.7960777299025,8.85731587566519,8.679167641576074,8.777520179748535,248400,0.0,0.0
2004-03-10 00:00:00-05:00,8.560400884848447,8.565967795121397,8.296889374859289,8.328436851501465,191200,0.0,0.0
2004-03-11 00:00:00-05:00,8.35256014618438,8.49359466719783,8.28946590423584,8.28946590423584,129200,0.0,0.0
2004-03-12 00:00:00-05:00,8.42307889911327,8.497307682051128,8.202249367115256,8.322870254516602,330000,0.0,0.0
2004-03-15 00:00:00-05:00,8.295034813908028,8.295034813908028,8.018533346688574,8.118741989135742,282000,0.0,0.0
2004-03-16 00:00:00-05:00,8.257920665482489,8.458337956256093,8.213383253788972,8.35441780090332,350000,0.0,0.0
2004-03-17 00:00:00-05:00,8.560399910052803,8.662463931523563,8.463902798221078,8.623494148254395,194800,0.0,0.0
2004-03-18 00:00:00-05:00,8.528855012997289,8.660610438833967,8.514009680176766,8.606795310974121,167600,0.0,0.0
2004-03-19 00:00:00-05:00,8.443489747305417,8.486171039102283,8.32286818204187,8.39153003692627,116000,0.0,0.0
2004-03-22 00:00:00-05:00,8.324726517110962,8.324726517110962,8.077916410999812,8.148433685302734,290400,0.0,0.0
2004-03-23 00:00:00-05:00,8.165133302818058,8.257918908531899,8.165133302818058,8.196680068969727,64800,0.0,0.0
2004-03-24 00:00:00-05:00,8.18369099650589,8.18369099650589,8.04822408294673,8.113174438476562,134800,0.0,0.0
2004-03-25 00:00:00-05:00,8.109463908687784,8.272766809760942,8.092762467579186,8.256065368652344,107600,0.0,0.0
2004-03-26 00:00:00-05:00,8.204104219815317,8.22637327794721,8.115030110982016,8.16513442993164,120000,0.0,0.0
2004-03-29 00:00:00-05:00,8.192968891979678,8.272764565866167,8.15956601882264,8.226371765136719,230000,0.0,0.0
2004-03-30 00:00:00-05:00,8.244928989733825,8.434211710552933,8.244928989733825,8.380395889282227,68800,0.0,0.0
2004-03-31 00:00:00-05:00,8.42493517029265,8.543700658962106,8.384109268100719,8.491740226745605,217600,0.0,0.0
2004-04-01 00:00:00-05:00,8.515861796745305,8.597513573408685,8.426787710483548,8.4564790725708,523600,0.0,0.0
2004-04-02 00:00:00-05:00,8.495450592629759,8.573390876508832,8.439779365800739,8.506585121154785,188000,0.0,0.0
2004-04-05 00:00:00-04:00,8.295033974067655,8.341426780737052,8.16698937460537,8.328436851501465,348000,0.0,0.0
2004-04-06 00:00:00-04:00,8.313590691600192,8.350705077970781,8.217093570195875,8.337715148925781,270800,0.0,0.0
2004-04-07 00:00:00-04:00,8.460193376666032,8.562257423320501,8.41008905385788,8.44349193572998,105600,0.0,0.0
2004-04-08 00:00:00-04:00,8.565967304225886,8.814632762039338,8.564111903540581,8.73298168182373,132000,0.0,0.0
2004-04-12 00:00:00-04:00,8.723702554703175,8.790508305742312,8.705145716258086,8.73298168182373,120000,0.0,0.0
2004-04-13 00:00:00-04:00,8.629061909573192,8.640196437848193,8.445346086474883,8.502873420715332,108800,0.0,0.0
2004-04-14 00:00:00-04:00,8.42493346762657,8.617926993761662,8.378540663747344,8.495450019836426,159200,0.0,0.0
2004-04-15 00:00:00-04:00,8.59194689386216,8.619782858561663,8.488027469166388,8.532564163208008,185200,0.0,0.0
2004-04-16 00:00:00-04:00,8.560403330126663,8.81092427454346,8.54184577741911,8.74040699005127,262800,0.0,0.0
2004-04-19 00:00:00-04:00,8.7719532589119,8.809067651280463,8.642053239571005,8.74226188659668,110400,0.0,0.0
2004-04-20 00:00:00-04:00,8.807210734218254,8.81648915448452,8.582669707443385,8.584525108337402,160000,0.0,0.0
2004-04-21 00:00:00-04:00,8.649475793297851,8.721848465170675,8.597516071522104,8.632774353027344,209600,0.0,0.0
2004-04-22 00:00:00-04:00,8.68102127673947,8.868448601727973,8.649474509742245,8.768239974975586,183200,0.0,0.0
2004-04-23 00:00:00-04:00,8.616071786423484,8.671743010748198,8.551122142694323,8.66431999206543,181200,0.0,0.0
2004-04-26 00:00:00-04:00,8.480604987517669,8.541843122674578,8.430500672626726,8.454625129699707,211600,0.0,0.0
2004-04-27 00:00:00-04:00,8.46204851926018,8.675455734936588,8.417511816723028,8.426790237426758,106800,0.0,0.0
2004-04-28 00:00:00-04:00,8.326581221104577,8.335859641391814,8.148433003156494,8.200392723083496,136400,0.0,0.0
2004-04-29 00:00:00-04:00,8.142866940565188,8.146578450646219,8.009255409240723,8.009255409240723,263600,0.0,0.0
2004-04-30 00:00:00-04:00,8.148433774195514,8.165135215452139,7.951727989161739,7.961007118225098,243200,0.0,0.0
2004-05-03 00:00:00-04:00,8.19111415278931,8.272765948777097,8.077915586823028,8.120596885681152,105600,0.0,0.0
2004-05-04 00:00:00-04:00,8.244929817183847,8.304312554235924,8.15028809332718,8.224516868591309,48400,0.0,0.0
2004-05-05 00:00:00-04:00,8.25977554302981,8.413800011314251,8.24307410319051,8.28575611114502,111200,0.0,0.0
2004-05-06 00:00:00-04:00,8.246786231289766,8.270910692399479,8.135443762611047,8.202249526977539,167600,0.0,0.0
2004-05-07 00:00:00-04:00,8.174412837066281,8.202248805737364,8.064925779070425,8.111318588256836,140000,0.0,0.0
2004-05-10 00:00:00-04:00,7.9981205548286,8.046369476028282,7.925747880927215,7.9795637130737305,196800,0.0,0.0
2004-05-11 00:00:00-04:00,7.9999749859359826,8.063069225727396,7.936880746144568,7.998118877410889,191600,0.0,0.0
2004-05-12 00:00:00-04:00,8.265343080941006,8.276476902126523,8.038945944860957,8.218950271606445,329200,0.0,0.0
2004-05-13 00:00:00-04:00,8.1874013730206,8.211525827901573,8.10575029759773,8.163277626037598,69200,0.0,0.0
2004-05-14 00:00:00-04:00,8.128019470514111,8.17070076709104,8.11317414069946,8.153999328613281,36000,0.0,0.0
2004-05-17 00:00:00-04:00,8.120597050758459,8.131731579864432,8.050080490114903,8.053791999816895,40800,0.0,0.0
2004-05-18 00:00:00-04:00,8.231940966068697,8.269055358562689,8.150289161002284,8.215239524841309,79200,0.0,0.0
2004-05-19 00:00:00-04:00,8.350704142235456,8.489882544606047,8.34513723266798,8.37297248840332,56400,0.0,0.0
2004-05-20 00:00:00-04:00,8.350705817726674,8.350705817726674,8.226373426453833,8.244930267333984,43600,0.0,0.0
2004-05-21 00:00:00-04:00,8.53627579405585,8.53627579405585,8.473181553349082,8.523285865783691,100000,0.0,0.0
2004-05-24 00:00:00-04:00,8.489884511057053,8.515864372253418,8.441636298534963,8.515864372253418,47600,0.0,0.0
2004-05-25 00:00:00-04:00,8.523288234997969,8.636486819605102,8.46019397675292,8.614217758178711,83200,0.0,0.0
2004-05-26 00:00:00-04:00,8.489883300870925,8.52514157776896,8.439778986606548,8.499161720275879,100000,0.0,0.0
2004-05-27 00:00:00-04:00,8.682876742221676,8.907417727541269,8.682876742221676,8.874014854431152,108400,0.0,0.0
2004-05-28 00:00:00-04:00,8.647620642420101,8.66617819360876,8.543701187356396,8.614217758178711,74400,0.0,0.0
2004-06-01 00:00:00-04:00,8.526998288891303,8.599370956420898,8.469470951878973,8.599370956420898,54400,0.0,0.0
2004-06-02 00:00:00-04:00,8.599371573760962,8.599371573760962,8.489884510231127,8.534421920776367,49200,0.0,0.0
2004-06-03 00:00:00-04:00,8.64576354890602,8.786797370842518,8.573390883182155,8.707001686096191,150800,0.0,0.0
2004-06-04 00:00:00-04:00,8.833189705908692,8.868448690432393,8.794219919970093,8.83504581451416,92800,0.0,0.0
2004-06-07 00:00:00-04:00,8.99278120726023,9.08185530846671,8.93154307238616,9.0447416305542,143600,0.0,0.0
2004-06-08 00:00:00-04:00,9.09299049364334,9.146806321562483,9.048453085872788,9.085567474365234,74800,0.0,0.0
2004-06-09 00:00:00-04:00,9.092989711569777,9.137527115509737,8.853602669675784,8.870304107666016,137600,0.0,0.0
2004-06-10 00:00:00-04:00,8.979791670961665,9.091134833260643,8.970513251077934,9.068865776062012,76800,0.0,0.0
2004-06-14 00:00:00-04:00,8.799786933743075,8.892572543965914,8.758961746615682,8.771951675415039,75200,0.0,0.0
2004-06-15 00:00:00-04:00,8.694011795307896,8.718136253288845,8.545554953690631,8.6309175491333,68000,0.0,0.0
2004-06-16 00:00:00-04:00,8.580815632477304,8.619785428356185,8.536278217259872,8.55669116973877,36000,0.0,0.0
2004-06-17 00:00:00-04:00,8.541842584896138,8.604936824723767,8.525141147650649,8.551121711730957,200400,0.0,0.0
2004-06-18 00:00:00-04:00,8.558546386536515,8.64205359583377,8.538133434497386,8.606795310974121,72800,0.0,0.0
2004-06-21 00:00:00-04:00,8.502873635491573,8.517719673566576,8.385963563294133,8.395242691040039,52800,0.0,0.0
2004-06-22 00:00:00-04:00,8.437924544556113,8.55854542632085,8.42679001526631,8.552978515625,60400,0.0,0.0
2004-06-23 00:00:00-04:00,8.565968580925315,8.604938372206991,8.426790148149514,8.578958511352539,93600,0.0,0.0
2004-06-24 00:00:00-04:00,8.74411633336926,8.814633600383791,8.695868124084418,8.723703384399414,57200,0.0,0.0
2004-06-25 00:00:00-04:00,8.6476190278949,8.675454995531767,8.539988082688344,8.57339096069336,82400,0.0,0.0
2004-06-28 00:00:00-04:00,8.58267020083809,8.64761985433383,8.480606156245587,8.547411918640137,55600,0.0,0.0
2004-06-29 00:00:00-04:00,8.434212339837055,8.443490759531656,8.311735359333397,8.35070514678955,97200,0.0,0.0
2004-06-30 00:00:00-04:00,8.501017881909535,8.501017881909535,8.408232271485325,8.476893424987793,109600,0.0,0.0
2004-07-01 00:00:00-04:00,8.629061717478045,8.668031503725969,8.489883302680012,8.517719268798828,41200,0.0,0.0
2004-07-02 00:00:00-04:00,8.636485344561173,8.705146502486935,8.582669517152679,8.599370956420898,63200,0.0,0.0
2004-07-06 00:00:00-04:00,8.604938973001643,8.604938973001643,8.352561950683594,8.352561950683594,126000,0.0,0.0
2004-07-07 00:00:00-04:00,8.517720548315577,8.558545741418365,8.506586018615836,8.528854370117188,59600,0.0,0.0
2004-07-08 00:00:00-04:00,8.443490376959328,8.603081736908395,8.424933538410931,8.526997566223145,244400,0.0,0.0
2004-07-09 00:00:00-04:00,8.491739721518602,8.54555555158828,8.447203019866402,8.530710220336914,43200,0.0,0.0
2004-07-12 00:00:00-04:00,8.489884567070202,8.534421977913617,8.443491755228289,8.493596076965332,56000,0.0,0.0
2004-07-13 00:00:00-04:00,8.421223361144502,8.423078762133613,8.213383055457742,8.315447807312012,107200,0.0,0.0
2004-07-14 00:00:00-04:00,8.265342596582421,8.265342596582421,8.100184318293541,8.10946273803711,378400,0.0,0.0
2004-07-15 00:00:00-04:00,8.029665730357223,8.102038383483887,8.024098821008383,8.102038383483887,106400,0.0,0.0
2004-07-16 00:00:00-04:00,8.209671069734837,8.21152647045642,8.0482235989342,8.150287628173828,169600,0.0,0.0
2004-07-19 00:00:00-04:00,8.107607620137863,8.107607620137863,7.942449321665853,7.9795637130737305,98800,0.0,0.0
2004-07-20 00:00:00-04:00,7.979563154065502,8.022244453430176,7.951727185485109,8.022244453430176,480800,0.0,0.0
2004-07-21 00:00:00-04:00,8.224516737619773,8.283899473726207,8.01482105255127,8.01482105255127,338400,0.0,0.0
2004-07-22 00:00:00-04:00,8.389676747546144,8.578959523398387,8.389676747546144,8.55669116973877,396000,0.0,0.0
2004-07-23 00:00:00-04:00,8.450914868513681,8.454626378449873,8.3228702533586,8.34142780303955,120800,0.0,0.0
2004-07-26 00:00:00-04:00,8.369262449950982,8.424934386999675,8.319158839244098,8.406376838684082,32400,0.0,0.0
2004-07-27 00:00:00-04:00,8.437923329402523,8.510295989618529,8.376684488974824,8.501017570495605,225200,0.0,0.0
2004-07-28 00:00:00-04:00,8.46204795855283,8.484317016243951,8.406376730121181,8.469470977783203,241200,0.0,0.0
2004-07-29 00:00:00-04:00,8.452768773025829,8.452768773025829,8.2671975564593,8.28946590423584,231200,0.0,0.0
2004-07-30 00:00:00-04:00,8.192968986043134,8.192968986043134,7.793990612030029,7.793990612030029,169600,0.0,0.0
2004-08-02 00:00:00-04:00,8.142865594217396,8.285755523169824,7.9034785428075605,8.239362716674805,657600,0.0,0.0
2004-08-03 00:00:00-04:00,8.441637091975773,8.458338534014388,8.341428439744082,8.36555290222168,187200,0.0,0.0
2004-08-04 00:00:00-04:00,8.33771547640971,8.437924111176825,8.324725546854499,8.367406845092773,24800,0.0,0.0
2004-08-05 00:00:00-04:00,8.430500760903234,8.476893566891961,8.337715148925781,8.337715148925781,48400,0.0,0.0
2004-08-06 00:00:00-04:00,8.324724888438208,8.385963021798196,8.272765174326944,8.28946590423584,84400,0.0,0.0
2004-08-09 00:00:00-04:00,8.308021923556783,8.397096006188496,8.267196036888876,8.296887397766113,59600,0.0,0.0
2004-08-10 00:00:00-04:00,8.287612294012698,8.45462670816381,8.27462236267852,8.352561950683594,79600,0.0,0.0
2004-08-11 00:00:00-04:00,8.207816812884905,8.230085166057993,8.115031182115828,8.15585708618164,140800,0.0,0.0
2004-08-12 00:00:00-04:00,7.986985873482539,8.016677241834227,7.903478678775275,7.972139835357666,131600,0.0,0.0
2004-08-13 00:00:00-04:00,7.979562950263069,8.04265719725549,7.942448562403162,7.983274459838867,96000,0.0,0.0
2004-08-16 00:00:00-04:00,8.129876859809197,8.278333720831089,8.129876859809197,8.256065368652344,93600,0.0,0.0
2004-08-17 00:00:00-04:00,8.35070468143429,8.541842806504201,8.35070468143429,8.46019172668457,150000,0.0,0.0
2004-08-18 00:00:00-04:00,8.332148741805925,8.536276817321777,8.289466734769002,8.536276817321777,65600,0.0,0.0
2004-08-19 00:00:00-04:00,8.47132578177776,8.525140893164119,8.402663926319287,8.404520034790039,46800,0.0,0.0
2004-08-20 00:00:00-04:00,8.34513808039684,8.454625129699707,8.332148151487857,8.454625129699707,53600,0.0,0.0
2004-08-23 00:00:00-04:00,8.49916079309605,8.577101064970751,8.408231301789838,8.423076629638672,45600,0.0,0.0
2004-08-24 00:00:00-04:00,8.452769700021381,8.653186975683575,8.452769700021381,8.584525108337402,59200,0.0,0.0
2004-08-25 00:00:00-04:00,8.612362007331713,8.825769235998301,8.608650497244675,8.803500175476074,240400,0.0,0.0
2004-08-26 00:00:00-04:00,8.573390322763126,8.73298168182373,8.495450043918128,8.73298168182373,80800,0.0,0.0
2004-08-27 00:00:00-04:00,8.55112210846338,8.629061680626373,8.536276071157273,8.57524585723877,166400,0.0,0.0
2004-08-30 00:00:00-04:00,8.510297190859372,8.510297190859372,8.417511570737307,8.46390438079834,73600,0.0,0.0
2004-08-31 00:00:00-04:00,8.380398622269682,8.463905836319734,8.35627415867784,8.408234596252441,48000,0.0,0.0
2004-09-01 00:00:00-04:00,8.460193128789124,8.545555732006486,8.430501757761427,8.480606079101562,24000,0.0,0.0
2004-09-02 00:00:00-04:00,8.567822476918751,8.627205915738447,8.528852692482255,8.621638298034668,24800,0.0,0.0
2004-09-03 00:00:00-04:00,8.593803840567684,8.593803840567684,8.493595207353403,8.56040096282959,33200,0.0,0.0
2004-09-07 00:00:00-04:00,8.60679417947954,8.666176918751223,8.582669720432264,8.638340950012207,27200,0.0,0.0
2004-09-08 00:00:00-04:00,8.526998249408173,8.675455093383789,8.523286739821524,8.675455093383789,50800,0.0,0.0
2004-09-09 00:00:00-04:00,8.640197879341502,8.660610122737435,8.590093555591865,8.612361907958984,94400,0.0,0.0
2004-09-10 00:00:00-04:00,8.675455710098682,8.861026955234482,8.666177289421515,8.84618091583252,139600,0.0,0.0
2004-09-13 00:00:00-04:00,8.857315198871847,8.972369169442448,8.79793245871295,8.883295059204102,299600,0.0,0.0
2004-09-14 00:00:00-04:00,8.84432601928711,8.911131784609925,8.777520253964296,8.84432601928711,160000,0.0,0.0
2004-09-15 00:00:00-04:00,8.72184718319361,8.731125602447193,8.387819134778564,8.47318172454834,187200,0.0,0.0
2004-09-16 00:00:00-04:00,8.434213391451348,8.543700456454276,8.365552227672671,8.452770233154297,147200,0.0,0.0
2004-09-17 00:00:00-04:00,8.562255275701515,8.56596678474505,8.350704215505711,8.404520034790039,138800,0.0,0.0
2004-09-20 00:00:00-04:00,8.3581281969413,8.49359510710329,8.332148338540103,8.439779281616211,102400,0.0,0.0
2004-09-21 00:00:00-04:00,8.578957145108296,8.712568645822124,8.454624771420264,8.666175842285156,1141200,0.0,0.0
2004-09-22 00:00:00-04:00,8.664321113559483,8.727415364733769,8.536277210249068,8.578958511352539,284000,0.0,0.0
2004-09-23 00:00:00-04:00,8.515864326293986,8.673600309403398,8.486172955387222,8.610506057739258,136800,0.0,0.0
2004-09-24 00:00:00-04:00,8.547410532119134,8.653186069452712,8.536276004226856,8.58081340789795,344800,0.0,0.0
2004-09-27 00:00:00-04:00,8.363693544905114,8.423076269557768,8.339569091796875,8.339569091796875,252000,0.0,0.0
2004-09-28 00:00:00-04:00,8.56967903392272,8.72184737836014,8.5065847905293,8.642051696777344,303600,0.0,0.0
2004-09-29 00:00:00-04:00,8.72184754952781,8.786797194928907,8.695867691367372,8.757105827331543,224000,0.0,0.0
2004-09-30 00:00:00-04:00,8.912986765528524,9.005772389014426,8.892573815097924,8.966802597045898,342800,0.0,0.0
2004-10-01 00:00:00-04:00,8.933399504786747,9.261860689110284,8.90741964408852,9.146806716918945,450400,0.0,0.0
2004-10-04 00:00:00-04:00,9.104124619571927,9.278561317497584,9.092990091147632,9.226601600646973,267600,0.0,0.0
2004-10-05 00:00:00-04:00,9.19319970867671,9.19319970867671,9.055876674983164,9.096702575683594,224400,0.0,0.0
2004-10-06 00:00:00-04:00,9.05402009900593,9.174640968670097,9.031751042660334,9.169074058532715,184000,0.0,0.0
2004-10-07 00:00:00-04:00,9.182065278542826,9.278562412581447,9.180209877535487,9.234025001525879,106800,0.0,0.0
2004-10-08 00:00:00-04:00,9.081856223022145,9.211756232491137,9.011339661568833,9.102269172668457,192400,0.0,0.0
2004-10-11 00:00:00-04:00,9.018761893375931,9.083712251484897,8.950100733453283,9.035463333129883,146400,0.0,0.0
2004-10-12 00:00:00-04:00,9.057731591153052,9.228456775422742,9.011338785701763,9.11525821685791,102000,0.0,0.0
2004-10-13 00:00:00-04:00,9.03175042071917,9.115257606519634,8.994636745161618,9.03360652923584,206800,0.0,0.0
2004-10-14 00:00:00-04:00,9.133815796830014,9.278561123834459,9.105979830299296,9.20433235168457,386000,0.0,0.0
2004-10-15 00:00:00-04:00,9.157938838780726,9.248869042246731,9.131958982904148,9.185774803161621,124400,0.0,0.0
2004-10-18 00:00:00-04:00,9.092991667890205,9.44372123324512,9.076290226306725,9.285985946655273,459200,0.0,0.0
2004-10-19 00:00:00-04:00,9.50495775025884,9.54763904427356,9.419594454331401,9.443718910217285,212000,0.0,0.0
2004-10-20 00:00:00-04:00,9.443718924844,9.612588700510749,9.315675042601521,9.332376480102539,416000,0.0,0.0
2004-10-21 00:00:00-04:00,9.124535953285546,9.38248052691876,9.100412205943416,9.297117233276367,173200,0.0,0.0
2004-10-22 00:00:00-04:00,9.28784191464092,9.306399466365306,9.198767790058518,9.243305206298828,170800,0.0,0.0
2004-10-25 00:00:00-04:00,9.443719604291015,9.538361326238642,9.391759887393055,9.427018165588379,206000,0.0,0.0
2004-10-26 00:00:00-04:00,9.465987794125748,9.566196424656926,9.239591382949206,9.512380599975586,352000,0.0,0.0
2004-10-27 00:00:00-04:00,9.478978797312914,9.556918374361294,9.417739951433703,9.484545707702637,259600,0.0,0.0
2004-10-28 00:00:00-04:00,9.631146501167638,9.928060166925839,9.603310535297425,9.809294700622559,513600,0.0,0.0
2004-10-29 00:00:00-04:00,9.736921984809136,9.736921984809136,9.582897534871837,9.666404724121094,91200,0.0,0.0
2004-11-01 00:00:00-05:00,9.53465018999768,9.816718550296075,9.376914216543025,9.618157386779785,355200,0.0,0.0
2004-11-02 00:00:00-05:00,9.530938949090812,9.774036819146104,9.503102980079273,9.651559829711914,347600,0.0,0.0
2004-11-03 00:00:00-05:00,9.890946905172035,9.955897263613766,9.835275675006336,9.924349784851074,330000,0.0,0.0
2004-11-04 00:00:00-05:00,9.82599637863537,9.993010054243106,9.772180554183729,9.937338829040527,258800,0.0,0.0
2004-11-05 00:00:00-05:00,9.970742171393661,10.033836418342677,9.915070943591134,9.993010520935059,95200,0.0,0.0
2004-11-08 00:00:00-05:00,9.989300391870879,10.020847163520497,9.796306128455678,9.887235641479492,228400,0.0,0.0
2004-11-09 00:00:00-05:00,9.861254242531038,9.905791645564134,9.822284457313332,9.85939884185791,87600,0.0,0.0
2004-11-10 00:00:00-05:00,9.898368682630895,10.020845656786813,9.872388825673278,10.002288818359375,137200,0.0,0.0
2004-11-11 00:00:00-05:00,10.018990550206404,10.265799906446762,9.993009984588129,10.108064651489258,193200,0.0,0.0
2004-11-12 00:00:00-05:00,10.158168569028973,10.241675049036825,10.106208147721993,10.230541229248047,115600,0.0,0.0
2004-11-15 00:00:00-05:00,10.275078236819404,10.362296936607825,10.165591188877906,10.206417083740234,123600,0.0,0.0
2004-11-16 00:00:00-05:00,10.07837385467841,10.135900483486083,10.02826953714078,10.100642204284668,55600,0.0,0.0
2004-11-17 00:00:00-05:00,10.221263344815737,10.358585653979587,10.221263344815737,10.299202919006348,58800,0.0,0.0
2004-11-18 00:00:00-05:00,10.237964671018739,10.237964671018739,10.117343793292003,10.161880493164062,43600,0.0,0.0
2004-11-19 00:00:00-05:00,10.39755420612581,10.531165697895174,10.377141260672383,10.393842697143555,196400,0.0,0.0
2004-11-22 00:00:00-05:00,10.304769205657761,10.371574955434797,10.115486483922162,10.328893661499023,117600,0.0,0.0
2004-11-23 00:00:00-05:00,10.382710074789314,10.453227337783957,10.328894250190821,10.375287055969238,207200,0.0,0.0
2004-11-24 00:00:00-05:00,10.391987907915432,10.520031789794682,10.280645463489824,10.494051933288574,188000,0.0,0.0
2004-11-26 00:00:00-05:00,10.527455621367338,10.657355621829737,10.510754182623629,10.651788711547852,56000,0.0,0.0
2004-11-29 00:00:00-05:00,10.668489611354802,10.735294655056817,10.59797235045499,10.729727745056152,141600,0.0,0.0
2004-11-30 00:00:00-05:00,10.854062683776863,10.983961991977266,10.831793624172677,10.970972061157227,366800,0.0,0.0
2004-12-01 00:00:00-05:00,10.859629361234107,11.060045938075636,10.859629361234107,11.043344497680664,113200,0.0,0.0
2004-12-02 00:00:00-05:00,10.867052670594125,10.980250538623757,10.837361298867016,10.94870376586914,285600,0.0,0.0
2004-12-03 00:00:00-05:00,10.967259692974457,11.106438119067523,10.965404292101704,11.07303524017334,145600,0.0,0.0
2004-12-06 00:00:00-05:00,11.041488182976591,11.065612641083627,10.943135657621994,10.985816955566406,150800,0.0,0.0
2004-12-07 00:00:00-05:00,10.714882934226837,10.887463523680394,10.705603806579377,10.763131141662598,608000,0.0,0.0
2004-12-08 00:00:00-05:00,10.679623743071975,10.74457409586689,10.566425183767674,10.724161148071289,196000,0.0,0.0
2004-12-09 00:00:00-05:00,10.74828485985287,10.800245283487005,10.649932338524383,10.78168773651123,81200,0.0,0.0
2004-12-10 00:00:00-05:00,10.609106478644888,10.714882727016354,10.609106478644888,10.70560359954834,66400,0.0,0.0
2004-12-13 00:00:00-05:00,10.67034646206798,10.764987484430284,10.642510492485949,10.727873802185059,118800,0.0,0.0
2004-12-14 00:00:00-05:00,10.807667686870687,11.01365113733749,10.777976321298159,10.995094299316406,101600,0.0,0.0
2004-12-15 00:00:00-05:00,10.957981478348048,10.9709714083952,10.85035052825763,10.930146217346191,259200,0.0,0.0
2004-12-16 00:00:00-05:00,10.881897870068876,10.94128061280037,10.820659726332458,10.904166221618652,263600,0.0,0.0
2004-12-17 00:00:00-05:00,10.829936304905123,10.943134860199327,10.815090267798599,10.881896018981934,118400,0.0,0.0
2004-12-20 00:00:00-05:00,10.833649836075674,10.970972165449552,10.833649836075674,10.87261962890625,139200,0.0,0.0
2004-12-21 00:00:00-05:00,10.809524894684344,10.867052234804095,10.674057972368262,10.70931625366211,75600,0.0,0.0
2004-12-22 00:00:00-05:00,10.787254828099417,11.078601576369076,10.718592969487025,11.06190013885498,293200,0.0,0.0
2004-12-23 00:00:00-05:00,11.104582207347523,11.355103079631029,11.104582207347523,11.25860595703125,339600,0.0,0.0
2004-12-27 00:00:00-05:00,11.121285266306922,11.256752196260909,11.121285266306922,11.206647872924805,176400,0.0,0.0
2004-12-28 00:00:00-05:00,11.273452377636577,11.319845185775,11.227059569498156,11.284586906433105,243600,0.0,0.0
2004-12-29 00:00:00-05:00,11.18066751813804,11.358815743552242,11.18066751813804,11.26231861114502,211600,0.0,0.0
2004-12-30 00:00:00-05:00,11.264173984987254,11.366238021560427,11.264173984987254,11.355103492736816,117200,0.0,0.0
2004-12-31 00:00:00-05:00,11.297576576339923,11.373660751621777,11.186233414628731,11.267885208129883,132400,0.0,0.0
2005-01-03 00:00:00-05:00,11.256752061821603,11.312423295564118,11.175100966192456,11.180667877197266,206400,0.0,0.0
2005-01-04 00:00:00-05:00,11.310567210001086,11.310567210001086,10.985817540276106,11.013652801513672,209600,0.0,0.0
2005-01-05 00:00:00-05:00,10.898599210759967,10.926435180865518,10.763132285902419,10.766843795776367,344000,0.0,0.0
2005-01-06 00:00:00-05:00,10.45137158995306,10.521888855382244,10.345596045758318,10.51261043548584,253200,0.0,0.0
2005-01-07 00:00:00-05:00,10.477352242084478,10.520033543157878,10.106209754943848,10.106209754943848,182800,0.0,0.0
2005-01-10 00:00:00-05:00,10.109922472162735,10.174872839908055,10.104355560718181,10.141469955444336,159600,0.0,0.0
2005-01-11 00:00:00-05:00,10.193427394718494,10.464361211963078,10.193427394718494,10.353018760681152,186800,0.0,0.0
2005-01-12 00:00:00-05:00,10.423534584581349,10.456937459201209,10.295490703803887,10.42724609375,108400,0.0,0.0
2005-01-13 00:00:00-05:00,10.505188087788225,10.544157878582489,10.338173687386938,10.388278007507324,38800,0.0,0.0
2005-01-14 00:00:00-05:00,10.618385712205393,10.661067008972168,10.430958378688207,10.661067008972168,223600,0.0,0.0
2005-01-18 00:00:00-05:00,10.649933433677168,10.672201784439961,10.577560762774514,10.642510414123535,178000,0.0,0.0
2005-01-19 00:00:00-05:00,10.659211168804372,10.703748575364399,10.495908996513087,10.51261043548584,330800,0.0,0.0
2005-01-20 00:00:00-05:00,10.794678767451112,10.985817627375365,10.753853575732718,10.86148452758789,595600,0.0,0.0
2005-01-21 00:00:00-05:00,10.781687286962702,10.911587278784735,10.779831886291504,10.779831886291504,212800,0.0,0.0
2005-01-24 00:00:00-05:00,10.764986855954588,10.809524263106056,10.742718506327888,10.757564544677734,196400,0.0,0.0
2005-01-25 00:00:00-05:00,10.8559176521355,11.004374504089355,10.84663923161928,11.004374504089355,156400,0.0,0.0
2005-01-26 00:00:00-05:00,10.946847761896253,11.067468643188477,10.933857123826652,11.067468643188477,314000,0.0,0.0
2005-01-27 00:00:00-05:00,11.024786922647511,11.189945206730352,10.987672534473171,11.136129379272461,328000,0.0,0.0
2005-01-28 00:00:00-05:00,11.099015418704397,11.26974060893761,11.099015418704397,11.267885208129883,574000,0.0,0.0
2005-01-31 00:00:00-05:00,11.26974085576527,11.455312088116877,11.241905595651373,11.431187629699707,425200,0.0,0.0
2005-02-01 00:00:00-05:00,11.210357370194219,11.470157361314266,11.208501969469628,11.434898376464844,115200,0.0,0.0
2005-02-02 00:00:00-05:00,11.47572631957956,11.551810505031712,11.390363713052391,11.460880279541016,267600,0.0,0.0
2005-02-03 00:00:00-05:00,11.459025025309401,11.653874701973896,11.412632211441752,11.613049507141113,245600,0.0,0.0
2005-02-04 00:00:00-05:00,11.709543147615419,11.837587736442472,11.709543147615419,11.82645320892334,130000,0.0,0.0
2005-02-07 00:00:00-05:00,11.715112045286665,11.820887590632212,11.676141548660881,11.690987586975098,509200,0.0,0.0
2005-02-08 00:00:00-05:00,11.687274480061767,11.690985989133058,11.614901822916524,11.666861534118652,86800,0.0,0.0
2005-02-09 00:00:00-05:00,11.48685836543185,11.50541520356873,11.379226722123555,11.468300819396973,223600,0.0,0.0
2005-02-10 00:00:00-05:00,11.42933396431441,11.640885088054082,11.42933396431441,11.5889253616333,118400,0.0,0.0
2005-02-11 00:00:00-05:00,11.538818287870908,11.538818287870908,11.395928366351033,11.507270812988281,100000,0.0,0.0
2005-02-14 00:00:00-05:00,11.698411658014091,11.915529678646507,11.698411658014091,11.846868515014648,266400,0.0,0.0
2005-02-15 00:00:00-05:00,11.921095307086324,11.921095307086324,11.57036579893606,11.63346004486084,333600,0.0,0.0
2005-02-16 00:00:00-05:00,11.5982027836245,11.702122935409097,11.549954571519793,11.665008544921875,317200,0.0,0.0
2005-02-17 00:00:00-05:00,11.755936555283789,11.876558131970828,11.66686245424177,11.761504173278809,243200,0.0,0.0
2005-02-18 00:00:00-05:00,11.82459834848614,11.932229995727539,11.815319221180621,11.932229995727539,303200,0.0,0.0
2005-02-22 00:00:00-05:00,12.065842291621696,12.156773225300487,12.017594785037044,12.038007736206055,254800,0.0,0.0
2005-02-23 00:00:00-05:00,12.065840081001253,12.065840081001253,11.878414168492048,11.89511489868164,83600,0.0,0.0
2005-02-24 00:00:00-05:00,11.995324121214363,12.03243780067091,11.926662256844022,11.978623390197754,166800,0.0,0.0
2005-02-25 00:00:00-05:00,12.166049316957356,12.18831837411805,11.978623395090288,12.160482406616211,208400,0.0,0.0
2005-02-28 00:00:00-05:00,12.24770195863913,12.290383967202905,12.20130914818974,12.242135047912598,268400,0.0,0.0
2005-03-01 00:00:00-05:00,12.192028914042002,12.192028914042002,11.895115237253325,12.125223159790039,221600,0.0,0.0
2005-03-02 00:00:00-05:00,11.787484850771499,12.089966159944748,11.74294744320381,11.935941696166992,330000,0.0,0.0
2005-03-03 00:00:00-05:00,11.800473161703868,11.900681076162945,11.741090431691829,11.822741508483887,102400,0.0,0.0
2005-03-04 00:00:00-05:00,11.837588516794085,11.967487806923828,11.837588516794085,11.876558303833008,236800,0.0,0.0
2005-03-07 00:00:00-05:00,11.767070892149569,11.889547867579228,11.715111177693961,11.757792472839355,188000,0.0,0.0
2005-03-08 00:00:00-05:00,11.874704599897774,11.900683753737951,11.7206801225947,11.783774375915527,158000,0.0,0.0
2005-03-09 00:00:00-05:00,11.876558219107372,11.904394185592619,11.765215768962454,11.828310012817383,344800,0.0,0.0
2005-03-10 00:00:00-05:00,11.839444838851456,11.997180815837435,11.741092309271817,11.98790168762207,176800,0.0,0.0
2005-03-11 00:00:00-05:00,11.987901606785213,12.108523193790639,11.900682899015194,11.958210945129395,286000,0.0,0.0
2005-03-14 00:00:00-05:00,11.948932568736192,11.978624648056247,11.889549825892347,11.919241905212402,84000,0.0,0.0
2005-03-15 00:00:00-05:00,11.88583789523046,11.967488274014794,11.830165959689937,11.91367244720459,136000,0.0,0.0
2005-03-16 00:00:00-05:00,11.811608192709318,11.930373657797752,11.778205317165947,11.820886611938477,139600,0.0,0.0
2005-03-17 00:00:00-05:00,11.802329065582152,11.913671512128055,11.715111075350466,11.820886611938477,142000,0.0,0.0
2005-03-18 00:00:00-05:00,11.601912740147284,11.850578202851679,11.588922811400623,11.72995662689209,145600,0.0,0.0
2005-03-21 00:00:00-05:00,11.809753922398773,11.846868312990535,11.687276928974642,11.80789852142334,747600,0.0,0.0
2005-03-22 00:00:00-05:00,11.68913258418151,11.68913258418151,11.492426817208194,11.533252716064453,648800,0.0,0.0
2005-03-23 00:00:00-05:00,11.234483091445098,11.356960082095522,11.171388841237418,11.245616912841797,457200,0.0,0.0
2005-03-24 00:00:00-05:00,11.260461977939487,11.570365583576635,11.260461977939487,11.394073486328125,154000,0.0,0.0
2005-03-28 00:00:00-05:00,11.52211796871653,11.626038114792314,11.394074071862685,11.42190933227539,281200,0.0,0.0
2005-03-29 00:00:00-05:00,11.405207081850058,11.405207081850058,11.288297722213507,11.301287651062012,459600,0.0,0.0
2005-03-30 00:00:00-05:00,11.21963686210152,11.27901960153714,11.188090091481763,11.260462760925293,81600,0.0,0.0
2005-03-31 00:00:00-05:00,11.286442443121468,11.377372659642319,11.286442443121468,11.292009353637695,94800,0.0,0.0
2005-04-01 00:00:00-05:00,11.518406183159389,11.518406183159389,11.321700424623822,11.369949340820312,115200,0.0,0.0
2005-04-04 00:00:00-04:00,11.462734534115128,11.53696259860517,11.323556116811007,11.438610076904297,78000,0.0,0.0
2005-04-05 00:00:00-04:00,11.42190922397995,11.590779017315679,11.390362454231706,11.485003471374512,132400,0.0,0.0
2005-04-06 00:00:00-04:00,11.481293529429715,11.481293529429715,11.364384146625465,11.366239547729492,65200,0.0,0.0
2005-04-07 00:00:00-04:00,11.505416969302207,11.520263008408527,11.355104008892198,11.407064437866211,80400,0.0,0.0
2005-04-08 00:00:00-04:00,11.533252606574742,11.67985334508866,11.522118077565622,11.596346855163574,208400,0.0,0.0
2005-04-11 00:00:00-04:00,11.689132459533084,11.689132459533084,11.483148274443,11.52397346496582,315200,0.0,0.0
2005-04-12 00:00:00-04:00,11.538818393486839,11.538818393486839,11.347680265447451,11.46273422241211,98800,0.0,0.0
2005-04-13 00:00:00-04:00,11.62789351596719,11.744803591818268,11.614903586194634,11.640883445739746,122000,0.0,0.0
2005-04-14 00:00:00-04:00,11.609336053629315,11.733668434189703,11.605624544193446,11.689131736755371,126000,0.0,0.0
2005-04-15 00:00:00-04:00,11.722535384817434,11.722535384817434,11.436756201181623,11.449746131896973,153200,0.0,0.0
2005-04-18 00:00:00-04:00,11.507272326437882,11.620470896549296,11.42005432466363,11.483148574829102,146800,0.0,0.0
2005-04-19 00:00:00-04:00,11.130563107214112,11.27345304974716,10.855917751608375,11.178812026977539,835200,0.0,0.0
2005-04-20 00:00:00-04:00,11.20850251008595,11.36438237069688,11.175099632248033,11.191801071166992,164000,0.0,0.0
2005-04-21 00:00:00-04:00,11.1992243030704,11.217781852227215,10.781689003666644,11.048912048339844,460800,0.0,0.0
2005-04-22 00:00:00-04:00,11.112005521749214,11.323556612039848,11.112005521749214,11.217781066894531,546800,0.0,0.0
2005-04-25 00:00:00-04:00,11.273453918768435,11.366239547729492,11.249329457027072,11.366239547729492,120400,0.0,0.0
2005-04-26 00:00:00-04:00,11.16767676034151,11.16767676034151,11.030353737654243,11.05262279510498,102400,0.0,0.0
2005-04-27 00:00:00-04:00,10.911589117253381,10.970971859309058,10.841071845600467,10.932002067565918,118800,0.0,0.0
2005-04-28 00:00:00-04:00,10.73344093927069,10.781689151945725,10.571994152825688,10.601685523986816,280000,0.0,0.0
2005-04-29 00:00:00-04:00,10.681481114900764,10.761276806866608,10.57941636385274,10.700037956237793,96000,0.0,0.0
2005-05-02 00:00:00-04:00,10.833648858623189,10.841071169994004,10.707460362644307,10.783544540405273,130400,0.0,0.0
2005-05-03 00:00:00-04:00,10.672200950790224,10.72044986622181,10.596116776054002,10.633231163024902,168000,0.0,0.0
2005-05-04 00:00:00-04:00,10.718594008546582,10.844782502464001,10.629519902469237,10.833648681640625,270400,0.0,0.0
2005-05-05 00:00:00-04:00,10.874474513486566,10.889320552658745,10.802101842267467,10.839216232299805,329200,0.0,0.0
2005-05-06 00:00:00-04:00,10.94684657979207,11.026641553129654,10.87447320935431,10.939423561096191,246000,0.0,0.0
2005-05-09 00:00:00-04:00,11.10829407919785,11.212213516235352,11.045199831897337,11.212213516235352,82800,0.0,0.0
2005-05-10 00:00:00-04:00,11.065613309531681,11.137985980326592,11.026642810882176,11.099016189575195,146400,0.0,0.0
2005-05-11 00:00:00-04:00,11.124996474386865,11.301289301807474,11.124996474386865,11.266030311584473,192800,0.0,0.0
2005-05-12 00:00:00-04:00,11.14169755789185,11.145409067685724,11.060045758222829,11.112006187438965,230000,0.0,0.0
2005-05-13 00:00:00-04:00,11.112006155648457,11.238194656686737,11.099016225356113,11.223348617553711,139600,0.0,0.0
2005-05-16 00:00:00-04:00,11.264172100753077,11.292007356308801,11.189943336808566,11.243759155273438,136400,0.0,0.0
2005-05-17 00:00:00-04:00,11.18808953780627,11.310566520318364,11.104582343389376,11.303143501281738,48000,0.0,0.0
2005-05-18 00:00:00-04:00,11.29572025580958,11.436754783086041,11.191800822972233,11.394073486328125,282800,0.0,0.0
2005-05-19 00:00:00-04:00,11.258604807014597,11.421907667648794,11.258604807014597,11.403350830078125,170800,0.0,0.0
2005-05-20 00:00:00-04:00,11.317991076084352,11.403353682901702,11.273453663715474,11.34953784942627,158000,0.0,0.0
2005-05-23 00:00:00-04:00,11.364381459926296,11.364381459926296,11.243759887634287,11.33469009399414,183600,0.0,0.0
2005-05-24 00:00:00-04:00,11.33283640827521,11.351393250488318,11.258607623626462,11.34953784942627,38400,0.0,0.0
2005-05-25 00:00:00-04:00,11.204791721223726,11.282731302593039,11.186234172399052,11.245616912841797,78000,0.0,0.0
2005-05-26 00:00:00-04:00,11.249328176956487,11.31799004426126,11.215925297699595,11.282731056213379,244000,0.0,0.0
2005-05-27 00:00:00-04:00,11.240049323304685,11.319845008686286,11.240049323304685,11.316133499145508,81200,0.0,0.0
2005-05-31 00:00:00-04:00,11.04520056155576,11.132419273029491,10.980250201218556,11.119428634643555,483200,0.0,0.0
2005-06-01 00:00:00-04:00,11.060044877256272,11.175099548007596,11.045199547161362,11.124995231628418,414000,0.0,0.0
2005-06-02 00:00:00-04:00,11.112005075131831,11.208502196418918,11.112005075131831,11.197367668151855,253600,0.0,0.0
2005-06-03 00:00:00-04:00,11.219637083865745,11.267886003047169,11.117573042687035,11.13427448272705,68400,0.0,0.0
2005-06-06 00:00:00-04:00,11.15097524164281,11.230770927193452,11.123139273977026,11.186233520507812,128400,0.0,0.0
2005-06-07 00:00:00-04:00,11.189944178731256,11.282729786694032,11.11571611709984,11.123138427734375,91600,0.0,0.0
2005-06-08 00:00:00-04:00,11.175100879262354,11.24932895437558,11.00251956047435,11.078603744506836,318000,0.0,0.0
2005-06-09 00:00:00-04:00,11.123139762864055,11.134274291999368,10.893031823919001,11.130562782287598,322800,0.0,0.0
2005-06-10 00:00:00-04:00,11.189944407316384,11.273451597768346,11.189944407316384,11.234481811523438,446800,0.0,0.0
2005-06-13 00:00:00-04:00,11.217780080402788,11.31242108851079,11.217780080402788,11.293864250183105,129600,0.0,0.0
2005-06-14 00:00:00-04:00,11.245615975583135,11.33840158827903,11.227059136203176,11.299431800842285,347200,0.0,0.0
2005-06-15 00:00:00-04:00,11.18994610647319,11.28273173042056,11.130563363778725,11.195513725280762,178000,0.0,0.0
2005-06-16 00:00:00-04:00,11.440464973449707,11.52768295768228,11.420052027810819,11.440464973449707,246000,0.0,0.0
2005-06-17 00:00:00-04:00,10.143325165797794,11.520264299735876,10.143325165797794,11.41819953918457,381600,0.0,0.0
2005-06-20 00:00:00-04:00,11.449745806692036,11.470158756635836,11.321701196280234,11.401496887207031,114000,0.0,0.0
2005-06-21 00:00:00-04:00,11.360671817999975,11.462735860923944,11.31984591767114,11.392218589782715,59600,0.0,0.0
2005-06-22 00:00:00-04:00,11.479435323498464,11.763359052219394,11.479435323498464,11.728100776672363,740400,0.0,0.0
2005-06-23 00:00:00-04:00,11.683565041721174,11.867280879872013,11.639028340768187,11.800475120544434,702400,0.0,0.0
2005-06-24 00:00:00-04:00,11.830164445731715,11.967486742482832,11.81902991846893,11.921093940734863,701200,0.0,0.0
2005-06-27 00:00:00-04:00,11.869135284997583,11.898827360339283,11.791195710919737,11.876558303833008,720000,0.0,0.0
2005-06-28 00:00:00-04:00,11.960065768863227,12.269970813522384,11.909962157360503,12.203165054321289,649600,0.0,0.0
2005-06-29 00:00:00-04:00,12.253268021091593,12.271824860827445,12.11594570809094,12.160482406616211,763600,0.0,0.0
2005-06-30 00:00:00-04:00,12.097388565882465,12.097388565882465,11.774494324106357,11.835732460021973,374800,0.0,0.0
2005-07-01 00:00:00-04:00,11.798620301951267,11.99161457000106,11.705834677838652,11.846868515014648,251800,0.0,2.0
2005-07-05 00:00:00-04:00,11.97676596668566,12.128934301026364,11.917383236596505,12.025014877319336,205000,0.0,0.0
2005-07-06 00:00:00-04:00,12.173472595806441,12.299661090817809,12.08810999856289,12.195741653442383,316600,0.0,0.0
2005-07-07 00:00:00-04:00,12.05841826965298,12.05841826965298,11.850577997511703,12.021303176879883,227200,0.0,0.0
2005-07-08 00:00:00-04:00,12.166050325700406,12.42956256866455,12.166050325700406,12.42956256866455,248000,0.0,0.0
2005-07-11 00:00:00-04:00,12.359042389088426,12.68564811739052,12.359042389088426,12.600285530090332,237000,0.0,0.0
2005-07-12 00:00:00-04:00,12.652248647405994,12.74503427802182,12.552039996445336,12.704208374023438,171800,0.0,0.0
2005-07-13 00:00:00-04:00,12.737608857113742,12.804414611830458,12.433272159313633,12.778434753417969,299800,0.0,0.0
2005-07-14 00:00:00-04:00,12.78585725225821,13.338858691167363,12.759877394902535,13.075347900390625,729400,0.0,0.0
2005-07-15 00:00:00-04:00,12.98998568920379,13.082771301269531,12.871220219023328,13.082771301269531,310400,0.0,0.0
2005-07-18 00:00:00-04:00,12.882355654835415,13.08277294182036,12.882355654835415,12.993698120117188,815600,0.0,0.0
2005-07-19 00:00:00-04:00,12.804414790420127,12.804414790420127,12.340486718303456,12.36275577545166,522600,0.0,0.0
2005-07-20 00:00:00-04:00,12.488944303058908,12.759878128046598,12.381312650232035,12.652246475219727,289600,0.0,0.0
2005-07-21 00:00:00-04:00,12.860086365365499,13.093905087793177,12.804414431951624,12.975139617919922,1421000,0.0,0.0
2005-07-22 00:00:00-04:00,13.160710185127915,13.43164398824962,13.160710185127915,13.283187866210938,645200,0.0,0.0
2005-07-25 00:00:00-04:00,13.298035726824194,13.453914888711221,13.17926883079134,13.398242950439453,653800,0.0,0.0
2005-07-26 00:00:00-04:00,13.405665102032074,13.546699631605952,13.338859346749507,13.50216293334961,629600,0.0,0.0
2005-07-27 00:00:00-04:00,13.591237060621465,14.099703271588133,13.546700359970522,14.066300392150879,988800,0.0,0.0
2005-07-28 00:00:00-04:00,13.973512852332139,13.973512852332139,13.717423673251933,13.84732437133789,328400,0.0,0.0
2005-07-29 00:00:00-04:00,14.12196792307246,14.530225409261027,14.12196792307246,14.44486141204834,697000,0.0,0.0
2005-08-01 00:00:00-04:00,14.504245898641145,14.585896265178143,14.370634406022157,14.53022575378418,551200,0.0,0.0
2005-08-02 00:00:00-04:00,14.530229222435006,14.530229222435006,14.329811935662986,14.411463737487793,541800,0.0,0.0
2005-08-03 00:00:00-04:00,14.415172965668713,14.634147070094885,14.35207801229366,14.60445499420166,302600,0.0,0.0
2005-08-04 00:00:00-04:00,14.114546434192158,14.448575194003137,13.992070166125492,14.251870155334473,714600,0.0,0.0
2005-08-05 00:00:00-04:00,14.110835679524216,14.251870202555706,14.032896107242093,14.173929214477539,482600,0.0,0.0
2005-08-08 00:00:00-04:00,14.173930332324453,14.455999400633207,14.103413773145341,14.307541847229004,282600,0.0,0.0
2005-08-09 00:00:00-04:00,14.348369743949032,14.585900729847166,14.348369743949032,14.48198127746582,231400,0.0,0.0
2005-08-10 00:00:00-04:00,14.444863438168163,14.786315227525249,14.444863438168163,14.619300842285156,342600,0.0,0.0
2005-08-11 00:00:00-04:00,14.623012437729523,14.845697331381839,14.519091593668552,14.667549133300781,225800,0.0,0.0
2005-08-12 00:00:00-04:00,14.504247421174645,14.597033032367023,14.493112185090233,14.522804260253906,179000,0.0,0.0
2005-08-15 00:00:00-04:00,14.47455544953183,14.500535307587816,14.381769837675856,14.441152572631836,370000,0.0,0.0
2005-08-16 00:00:00-04:00,14.463421821594238,14.608167151487965,14.407749887421527,14.463421821594238,171000,0.0,0.0
2005-08-17 00:00:00-04:00,14.381769130372726,14.530226668359493,14.381769130372726,14.422595024108887,178000,0.0,0.0
2005-08-18 00:00:00-04:00,14.363214739410449,14.422597481564132,14.211046374154366,14.344657897949219,127800,0.0,0.0
2005-08-19 00:00:00-04:00,14.333523921849812,14.378062044231818,14.196201583996231,14.285276412963867,221400,0.0,0.0
2005-08-22 00:00:00-04:00,14.430018198013801,14.507957769188138,14.311252732663567,14.33723258972168,79000,0.0,0.0
2005-08-23 00:00:00-04:00,14.363213893597944,14.363213893597944,14.255582237346212,14.263005256652832,142600,0.0,0.0
2005-08-24 00:00:00-04:00,13.969801054385332,14.170218309471089,13.743403942062091,13.925264358520508,228400,0.0,0.0
2005-08-25 00:00:00-04:00,13.91042108109583,14.266717550294889,13.91042108109583,14.077435493469238,286200,0.0,0.0
2005-08-26 00:00:00-04:00,14.10341451324927,14.185066313486033,13.932689308932611,13.995782852172852,123600,0.0,0.0
2005-08-29 00:00:00-04:00,14.018050872234891,14.088567429888622,13.928976058959963,13.928976058959961,118000,0.0,0.0
2005-08-30 00:00:00-04:00,13.843612740873073,13.847324958122087,13.587524966737071,13.691444396972656,165400,0.0,0.0
2005-08-31 00:00:00-04:00,13.84361256960497,13.940110395740794,13.68773342618007,13.925264358520508,217800,0.0,0.0
2005-09-01 00:00:00-04:00,14.032897617723503,14.396617076653035,14.032897617723503,14.203622817993164,173600,0.0,0.0
2005-09-02 00:00:00-04:00,14.162796888920148,14.381771007341191,14.162796888920148,14.31496524810791,64400,0.0,0.0
2005-09-06 00:00:00-04:00,14.222180272493244,14.41517453948153,14.222180272493244,14.411463737487793,150600,0.0,0.0
2005-09-07 00:00:00-04:00,14.229600559446801,14.363212058301059,14.032895528242468,14.292694091796875,160200,0.0,0.0
2005-09-08 00:00:00-04:00,14.35579114717227,14.381771007341191,14.24073646942691,14.31496524810791,124400,0.0,0.0
2005-09-09 00:00:00-04:00,14.359501031266966,14.648993108041498,14.314964333223232,14.60445499420166,182800,0.0,0.0
2005-09-12 00:00:00-04:00,14.522805321593054,14.74549023841034,14.348367906748605,14.660127639770508,567400,0.0,0.0
2005-09-13 00:00:00-04:00,14.437441352035396,14.541360781242895,14.326097488403319,14.32609748840332,193200,0.0,0.0
2005-09-14 00:00:00-04:00,14.430018783069317,14.530227413983225,14.344656189875117,14.511669158935547,474400,0.0,0.0
2005-09-15 00:00:00-04:00,14.734355805642252,14.734355805642252,14.344656509491472,14.378059387207031,751400,0.0,0.0
2005-09-16 00:00:00-04:00,14.422596414764337,14.72322090527014,14.389193536286342,14.571052551269531,566600,0.0,0.0
2005-09-19 00:00:00-04:00,14.392907329389143,14.604458465119576,14.378062703710638,14.415176391601562,239000,0.0,0.0
2005-09-20 00:00:00-04:00,14.938486154659234,15.213132237347454,14.585900483998694,14.934775352478027,1125200,0.0,0.0
2005-09-21 00:00:00-04:00,15.042402668561792,15.142611297446622,14.931060219510666,14.938483238220215,417800,0.0,0.0
2005-09-22 00:00:00-04:00,14.808586487045382,14.886526073152833,14.567343292945598,14.671262741088867,154400,0.0,0.0
2005-09-23 00:00:00-04:00,14.708376097632259,14.91992718673267,14.708376097632259,14.841987609863281,215800,0.0,0.0
2005-09-26 00:00:00-04:00,14.990441275702322,15.176012475284269,14.990441275702322,15.031267166137695,291600,0.0,0.0
2005-09-27 00:00:00-04:00,14.923637441989985,15.068382769675361,14.77889211430461,14.882811546325684,206800,0.0,0.0
2005-09-28 00:00:00-04:00,15.031269917724027,15.031269917724027,14.841987882451143,14.89394760131836,168400,0.0,0.0
2005-09-29 00:00:00-04:00,14.942194968911451,15.124055399114914,14.897658269680536,15.086941719055176,553400,0.0,0.0
2005-09-30 00:00:00-04:00,15.105499974332599,15.142613657869552,14.957042408592237,15.124056816101074,191200,0.0,0.0
2005-10-03 00:00:00-04:00,15.142612591306307,15.402412605154902,15.053539190772955,15.387566566467285,324400,0.0,0.0
2005-10-04 00:00:00-04:00,15.046117590588365,15.235399646422069,15.03127155050046,15.06096363067627,530600,0.0,0.0
2005-10-05 00:00:00-04:00,15.020133441155423,15.205704641897958,14.98673056838993,15.09807300567627,373200,0.0,0.0
2005-10-06 00:00:00-04:00,14.938484050248785,15.00900060812857,14.60445526914216,14.693530082702637,461600,0.0,0.0
2005-10-07 00:00:00-04:00,14.511669571261352,14.656416319447132,14.511669571261352,14.626724243164062,336600,0.0,0.0
2005-10-10 00:00:00-04:00,14.790027845018843,14.790027845018843,14.53394003340505,14.663839340209961,757800,0.0,0.0
2005-10-11 00:00:00-04:00,14.604456841228359,14.827143191202396,14.604456841228359,14.682397842407227,164600,0.0,0.0
2005-10-12 00:00:00-04:00,14.708376530543834,14.71579954986361,14.474556377257516,14.552495956420898,330800,0.0,0.0
2005-10-13 00:00:00-04:00,14.140529583958726,14.378061988350444,14.140529583958726,14.288987159729004,374200,0.0,0.0
2005-10-14 00:00:00-04:00,14.018050450411689,14.33352096533336,14.018050450411689,14.218467712402344,403400,0.0,0.0
2005-10-17 00:00:00-04:00,14.19990843721284,14.389191865204518,14.196197635944525,14.33351993560791,173800,0.0,0.0
2005-10-18 00:00:00-04:00,13.828767119762668,13.958667827263662,13.583813158407649,13.769384384155273,406400,0.0,0.0
2005-10-19 00:00:00-04:00,13.50216363452779,14.088568008709753,13.10504129961193,13.95866870880127,754800,0.0,0.0
2005-10-20 00:00:00-04:00,14.615589573908627,14.656415468529529,14.177641384732471,14.251870155334473,1232800,0.0,0.0
2005-10-21 00:00:00-04:00,14.103412092540704,14.26671424918883,14.066298416510309,14.181351661682129,466200,0.0,0.0
2005-10-24 00:00:00-04:00,14.281561237464398,14.593320950597862,14.244447558961209,14.511669158935547,290200,0.0,0.0
2005-10-25 00:00:00-04:00,14.4114633010516,14.58218850351845,14.307542443022728,14.407751083374023,174800,0.0,0.0
2005-10-26 00:00:00-04:00,14.263008693886253,14.578479303563723,14.263008693886253,14.47084903717041,500400,0.0,0.0
2005-10-27 00:00:00-04:00,14.474555191637217,14.507958067942067,14.240735057503258,14.277850151062012,538800,0.0,0.0
2005-10-28 00:00:00-04:00,14.27042890499276,14.288985746179202,14.136817383176416,14.214756965637207,202200,0.0,0.0
2005-10-31 00:00:00-05:00,14.151660767496647,14.4559974364066,14.114545676290577,14.23702335357666,179800,0.0,0.0
2005-11-01 00:00:00-05:00,14.352076083768083,14.84569616069317,14.352076083768083,14.756621360778809,642000,0.0,0.0
2005-11-02 00:00:00-05:00,14.660124950194911,15.135186774007295,14.660124950194911,15.0164213180542,341400,0.0,0.0
2005-11-03 00:00:00-05:00,15.398699409892854,15.918297941030364,15.398699409892854,15.610250473022461,503600,0.0,0.0
2005-11-04 00:00:00-05:00,15.59169415314458,15.710461043116924,15.550869671730862,15.680768966674805,453600,0.0,0.0
2005-11-07 00:00:00-05:00,15.688192773854801,15.773555374219741,15.550870452902178,15.766132354736328,248400,0.0,0.0
2005-11-08 00:00:00-05:00,15.472930277912418,15.60654180411686,15.324474127749033,15.52117919921875,279200,0.0,0.0
2005-11-09 00:00:00-05:00,15.587984331279035,15.766132553740963,15.55458145108016,15.569427490234375,338800,0.0,0.0
2005-11-10 00:00:00-05:00,16.02964387615946,16.08902661882688,15.736442380624485,16.04077911376953,712200,0.0,0.0
2005-11-11 00:00:00-05:00,15.821805189538365,15.858918873262347,15.458085709017473,15.517468452453613,202800,0.0,0.0
2005-11-14 00:00:00-05:00,15.680767819740856,15.773553428141689,15.569425372819062,15.658498764038086,115600,0.0,0.0
2005-11-15 00:00:00-05:00,15.63251944650026,15.758707934912584,15.558290674058409,15.580559730529785,176800,0.0,0.0
2005-11-16 00:00:00-05:00,15.773555238498634,15.82551495863924,15.658500561190017,15.740152359008789,105000,0.0,0.0
2005-11-17 00:00:00-05:00,15.877476115901654,15.951704901019573,15.75871062603151,15.922014236450195,177200,0.0,0.0
2005-11-18 00:00:00-05:00,15.951701873959577,16.033353663674344,15.899742158976016,15.970258712768555,289600,0.0,0.0
2005-11-21 00:00:00-05:00,16.14469639391655,16.14469639391655,15.996238849263255,16.05933380126953,119600,0.0,0.0
2005-11-22 00:00:00-05:00,15.97768066948329,16.230057624739924,15.829224553082652,16.163251876831055,152200,0.0,0.0
2005-11-23 00:00:00-05:00,16.13356679394628,16.237486252910042,16.070471825435106,16.174392700195312,117600,0.0,0.0
2005-11-25 00:00:00-05:00,16.241194068793384,16.411920683148622,16.181811329477355,16.400785446166992,107800,0.0,0.0
2005-11-28 00:00:00-05:00,16.65687074544715,16.719964271732657,16.53439307800467,16.590065002441406,251000,0.0,0.0
2005-11-29 00:00:00-05:00,16.612335208162218,16.701410017874483,16.463879079703197,16.649450302124023,194000,0.0,0.0
2005-11-30 00:00:00-05:00,16.80532920217742,17.072552211587436,16.7014097722051,16.998323440551758,258200,0.0,0.0
2005-12-01 00:00:00-05:00,16.757084093060616,17.06884384321325,16.757084093060616,17.031728744506836,1176200,0.0,0.0
2005-12-02 00:00:00-05:00,17.350912218606076,17.99298858642578,17.332355376397846,17.99298858642578,1711000,0.0,0.0
2005-12-05 00:00:00-05:00,18.004120306613338,18.052369223358735,17.614421002552575,17.78885841369629,698600,0.0,0.0
2005-12-06 00:00:00-05:00,17.54390293459445,17.70720509502566,17.306372004586855,17.46596336364746,461400,0.0,0.0
2005-12-07 00:00:00-05:00,17.629264551185088,17.73689619034124,17.514209893901338,17.57730484008789,166600,0.0,0.0
2005-12-08 00:00:00-05:00,17.54019295453323,17.866798732847524,17.495656253425526,17.696073532104492,291000,0.0,0.0
2005-12-09 00:00:00-05:00,17.414001286957348,17.454827178794147,17.165336550563666,17.3175048828125,437400,0.0,0.0
2005-12-12 00:00:00-05:00,17.380600055103802,17.60328493882413,17.380600055103802,17.558748245239258,312400,0.0,0.0
2005-12-13 00:00:00-05:00,17.38802422274303,17.38802422274303,17.165339306170637,17.287817001342773,305200,0.0,0.0
2005-12-14 00:00:00-05:00,17.33977612113827,17.55132720930454,17.272970365317754,17.36946678161621,180400,0.0,0.0
2005-12-15 00:00:00-05:00,17.202455220900767,17.23585810430392,16.93152135142912,17.009462356567383,308000,0.0,0.0
2005-12-16 00:00:00-05:00,17.06142105136517,17.091111714930634,16.849869941199746,16.905540466308594,199600,0.0,0.0
2005-12-19 00:00:00-05:00,17.02059253422422,17.024303335675985,16.775638580322266,16.775638580322266,111600,0.0,0.0
2005-12-20 00:00:00-05:00,16.99832505052399,17.04286175104521,16.79790777448424,16.8758487701416,155800,0.0,0.0
2005-12-21 00:00:00-05:00,17.21358843523482,17.562461853027344,17.206165415818443,17.562461853027344,310200,0.0,0.0
2005-12-22 00:00:00-05:00,17.584731828792176,17.803705957713976,17.566174987181096,17.710920333862305,145600,0.0,0.0
2005-12-23 00:00:00-05:00,17.65524824000343,17.72205400186053,17.439986330749857,17.540193557739258,75200,0.0,0.0
2005-12-27 00:00:00-05:00,17.69978067435016,17.718338927121124,17.410290053310728,17.499364852905273,149800,0.0,0.0
2005-12-28 00:00:00-05:00,17.58844256857396,17.7220540929751,17.425140380859375,17.425140380859375,95400,0.0,0.0
2005-12-29 00:00:00-05:00,17.406582777273435,17.58473099674374,17.31008494018773,17.410293579101562,188600,0.0,0.0
2005-12-30 00:00:00-05:00,17.43998538455213,17.566173881680776,17.16905013405543,17.358333587646484,206600,0.0,0.0
2006-01-03 00:00:00-05:00,18.026388341418286,18.323302012628965,17.866796977680785,18.15999984741211,433400,0.0,0.0
2006-01-04 00:00:00-05:00,18.341856146974365,18.805784132267675,18.341856146974365,18.627635955810547,498000,0.0,0.0
2006-01-05 00:00:00-05:00,18.53114574285363,18.62021915291379,18.24165503646363,18.59052848815918,446200,0.0,0.0
2006-01-06 00:00:00-05:00,18.49031876618962,18.9468238596768,18.46804970706967,18.89115333557129,419000,0.0,0.0
2006-01-09 00:00:00-05:00,18.813211661579288,18.95053539753113,18.56083466379279,18.724138259887695,762200,0.0,0.0
2006-01-10 00:00:00-05:00,18.63135119574893,18.653618836546915,18.490316668912,18.579391479492188,441600,0.0,0.0
2006-01-11 00:00:00-05:00,18.55712441751918,18.55712441751918,18.211961790089624,18.42722511291504,530800,0.0,0.0
2006-01-12 00:00:00-05:00,18.226809028950836,18.865174603980172,18.226809028950836,18.7686767578125,523000,0.0,0.0
2006-01-13 00:00:00-05:00,18.638774245378528,18.701867782138404,18.453203020843247,18.6499080657959,259800,0.0,0.0
2006-01-17 00:00:00-05:00,18.557124439495638,19.08043529205757,18.364130175429338,19.04332160949707,520400,0.0,0.0
2006-01-18 00:00:00-05:00,18.631350124912842,18.73898176857059,17.629265288511913,17.814836502075195,1700200,0.0,0.0
2006-01-19 00:00:00-05:00,15.773552657846622,15.947990046176338,15.19828219701376,15.829224586486816,6603800,0.0,0.0
2006-01-20 00:00:00-05:00,15.929434672594171,15.98881882897075,15.717883570789358,15.792112350463867,2358200,0.0,0.0
2006-01-23 00:00:00-05:00,15.973976778870133,16.12614517809381,15.851499049452837,16.1038761138916,1406000,0.0,0.0
2006-01-24 00:00:00-05:00,15.870051524646579,15.892320582716174,15.242821254879537,15.495198249816895,1837000,0.0,0.0
2006-01-25 00:00:00-05:00,15.06838321181245,15.253954440607163,14.864255143297486,14.886524200439453,984800,0.0,0.0
2006-01-26 00:00:00-05:00,15.346740311065634,15.391278426092692,14.845698551278444,15.086941719055176,1033000,0.0,0.0
2006-01-27 00:00:00-05:00,15.331896544731329,15.39870230520655,14.975598683598074,15.131479263305664,716000,0.0,0.0
2006-01-30 00:00:00-05:00,15.61396399481688,15.87747481539511,15.432104972759983,15.766132354736328,901600,0.0,0.0
2006-01-31 00:00:00-05:00,15.929432031850892,15.951701086800398,15.636230595226944,15.773552894592285,622400,0.0,0.0
2006-02-01 00:00:00-05:00,15.602831057655795,15.769845466006277,15.365300083911237,15.517468452453613,514400,0.0,0.0
2006-02-02 00:00:00-05:00,15.25395603056373,15.3133387733358,15.1723056441248,15.276225090026855,341200,0.0,0.0
2006-02-03 00:00:00-05:00,15.176013424572757,15.320758742773426,15.116630693623867,15.142610549926758,208400,0.0,0.0
2006-02-06 00:00:00-05:00,15.30591582810811,15.42839210493248,15.005289922781882,15.049826622009277,171000,0.0,0.0
2006-02-07 00:00:00-05:00,14.957041387837988,14.990444267060152,14.678684532918686,14.875391006469727,399800,0.0,0.0
2006-02-08 00:00:00-05:00,14.938483971357346,14.971886849291606,14.418883962556903,14.845698356628418,601200,0.0,0.0
2006-02-09 00:00:00-05:00,15.317049620460047,15.465505756207122,14.957040978235243,14.979310035705566,297800,0.0,0.0
2006-02-10 00:00:00-05:00,15.554580796972806,15.73644122947373,15.454372160590193,15.472929000854492,655200,0.0,0.0
2006-02-13 00:00:00-05:00,15.250242666028054,15.350451293079503,15.120343380477673,15.216839790344238,445600,0.0,0.0
2006-02-14 00:00:00-05:00,15.365299194445422,15.56200425522898,15.27622437654943,15.476641654968262,514400,0.0,0.0
2006-02-15 00:00:00-05:00,15.51375579691261,15.587984578062633,15.387567293696444,15.550870895385742,470600,0.0,0.0
2006-02-16 00:00:00-05:00,15.643653378747445,15.907164153946322,15.643653378747445,15.829224586486816,224600,0.0,0.0
2006-02-17 00:00:00-05:00,15.643656596087279,15.77355590190209,15.536024933671436,15.617676734924316,224400,0.0,0.0
2006-02-21 00:00:00-05:00,15.888609723032063,15.959126282967858,15.61025286925937,15.717883110046387,353400,0.0,0.0
2006-02-22 00:00:00-05:00,15.5731378011165,15.847783853625245,15.5100442603947,15.643655776977539,266600,0.0,0.0
2006-02-23 00:00:00-05:00,15.714173468647802,15.810669895464189,15.498910139585918,15.52117919921875,382000,0.0,0.0
2006-02-24 00:00:00-05:00,15.639940597831762,15.639940597831762,15.484061468533142,15.539731979370117,173400,0.0,0.0
2006-02-27 00:00:00-05:00,15.454371786598925,15.754997688471704,15.454371786598925,15.72159481048584,409800,0.0,0.0
2006-02-28 00:00:00-05:00,15.587983477609795,15.636232394320555,14.845698550104567,15.049826622009277,843400,0.0,0.0
2006-03-01 00:00:00-05:00,15.458082139617026,15.754995788237881,15.176013111580248,15.610250473022461,656800,0.0,0.0
2006-03-02 00:00:00-05:00,15.673346734519864,15.933146753248387,15.662212913193107,15.803247451782227,344600,0.0,0.0
2006-03-03 00:00:00-05:00,15.680773419136326,15.884901547350392,15.680773419136326,15.847787857055664,486000,0.0,0.0
2006-03-06 00:00:00-05:00,15.740148930014348,15.877471219869717,15.309623808044213,15.487771987915039,500200,0.0,0.0
2006-03-07 00:00:00-05:00,15.305913692899141,15.339316566608947,15.049824522525315,15.213128089904785,195200,0.0,0.0
2006-03-08 00:00:00-05:00,15.005289467239,15.320759985532952,14.994155646719197,15.194571495056152,276200,0.0,0.0
2006-03-09 00:00:00-05:00,15.17972875720278,15.354164768781988,15.038694211329064,15.124056816101074,225600,0.0,0.0
2006-03-10 00:00:00-05:00,14.931063069352732,15.317051621145296,14.726934971165077,15.265091896057129,385000,0.0,0.0
2006-03-13 00:00:00-05:00,15.112920412140726,15.224262859524885,15.060960697747856,15.176013946533203,215400,0.0,0.0
2006-03-14 00:00:00-05:00,14.997866767318838,15.109209222273574,14.879101293260968,15.023846626281738,221200,0.0,0.0
2006-03-15 00:00:00-05:00,15.064674148863457,15.26509143888381,15.020137445235472,15.190862655639648,240600,0.0,0.0
2006-03-16 00:00:00-05:00,15.142614029161575,15.276225558444755,14.61188012995133,14.697242736816406,619800,0.0,0.0
2006-03-17 00:00:00-05:00,14.745489800697861,14.771469659695473,14.552495551146936,14.693530082702637,321800,0.0,0.0
2006-03-20 00:00:00-05:00,14.73435597992635,14.87167829402746,14.660127204591975,14.693530082702637,303800,0.0,0.0
2006-03-21 00:00:00-05:00,14.615591049194336,14.715799687252607,14.548785290488823,14.615591049194336,278000,0.0,0.0
2006-03-22 00:00:00-05:00,14.886523523049426,14.990442953391003,14.652703388984824,14.938483238220215,396800,0.0,0.0
2006-03-23 00:00:00-05:00,15.009000003304651,15.12034386971741,14.715798547033131,14.812294960021973,312200,0.0,0.0
2006-03-24 00:00:00-05:00,14.99415683809267,15.161169822344274,14.91621584087288,14.95704174041748,197400,0.0,0.0
2006-03-27 00:00:00-05:00,14.797451383778792,14.816008226002277,14.656418250243265,14.697242736816406,171600,0.0,0.0
2006-03-28 00:00:00-05:00,14.719509828705478,14.801161622526102,14.515381759950039,14.556207656860352,157200,0.0,0.0
2006-03-29 00:00:00-05:00,14.630434962608009,14.682396095811464,14.37805939460037,14.597033500671387,623000,0.0,0.0
2006-03-30 00:00:00-05:00,14.708376529813421,14.841988045970396,14.567341994337038,14.808585166931152,166200,0.0,0.0
2006-03-31 00:00:00-05:00,14.608166571115175,14.827140665940787,14.530226999006748,14.764045715332031,308000,0.0,0.0
2006-04-03 00:00:00-04:00,14.964463337654287,14.971886356483802,14.84569786797418,14.882811546325684,243400,0.0,0.0
2006-04-04 00:00:00-04:00,14.80116063581058,14.80116063581058,14.537648432173574,14.667549133300781,490800,0.0,0.0
2006-04-05 00:00:00-04:00,14.98673056838993,15.10549602360148,14.912501804933736,15.09807300567627,320600,0.0,0.0
2006-04-06 00:00:00-04:00,15.313334949973644,15.324470184823147,15.06095941805149,15.127763748168945,697600,0.0,0.0
2006-04-07 00:00:00-04:00,15.213129828283051,15.213129828283051,14.98302048718977,15.07951831817627,615600,0.0,0.0
2006-04-10 00:00:00-04:00,15.15003690799108,15.172305967929468,14.97188867587286,14.997868537902832,479800,0.0,0.0
2006-04-11 00:00:00-04:00,14.882809415103642,14.908789269388588,14.678681381809398,14.71579647064209,207200,0.0,0.0
2006-04-12 00:00:00-04:00,14.56734254421332,14.623014483312241,14.452287864113783,14.474556922912598,317800,0.0,0.0
2006-04-13 00:00:00-04:00,14.652705145914437,14.652705145914437,14.42259720151159,14.474556922912598,384800,0.0,0.0
2006-04-17 00:00:00-04:00,14.552495504496093,14.567341542674603,13.698868130377571,13.928976058959961,983200,0.0,0.0
2006-04-18 00:00:00-04:00,14.66013111981759,14.693534006849035,14.114551103569497,14.47084903717041,1380800,0.0,0.0
2006-04-19 00:00:00-04:00,14.756625193928883,15.19457345769353,14.66383956882275,15.190862655639648,732400,0.0,0.0
2006-04-20 00:00:00-04:00,15.521178923424051,16.512130114634665,15.268801915254858,16.014799118041992,2489200,0.0,0.0
2006-04-21 00:00:00-04:00,15.8848970656171,15.944279802812455,15.402412148930317,15.751285552978516,716000,0.0,0.0
2006-04-24 00:00:00-04:00,15.680769857792354,15.933146858708094,15.595407256864414,15.903454780578613,449000,0.0,0.0
2006-04-25 00:00:00-04:00,15.402413333085697,15.706750061584174,15.350453611019553,15.550870895385742,442600,0.0,0.0
2006-04-26 00:00:00-04:00,15.428390542897047,15.714170380948538,15.428390542897047,15.536022186279297,297000,0.0,0.0
2006-04-27 00:00:00-04:00,15.283647426270283,15.562004286026353,15.21684166666513,15.365299224853516,221400,0.0,0.0
2006-04-28 00:00:00-04:00,15.357877161286218,15.491488688812918,15.187150534004163,15.328185081481934,267600,0.0,0.0
2006-05-01 00:00:00-04:00,15.41354606984028,15.41354606984028,15.235397857097011,15.268800735473633,233200,0.0,0.0
2006-05-02 00:00:00-04:00,15.124054526616483,15.198283298249885,15.0980746689142,15.116631507873535,403400,0.0,0.0
2006-05-03 00:00:00-04:00,15.157456306529223,15.272510965027427,15.03126782862008,15.09065055847168,151600,0.0,0.0
2006-05-04 00:00:00-04:00,15.150034245178132,15.446947913188776,15.105497548925547,15.420968055725098,195600,0.0,0.0
2006-05-05 00:00:00-04:00,15.829225605183476,15.996238570260335,15.777264474403866,15.970258712768555,832800,0.0,0.0
2006-05-08 00:00:00-04:00,16.19665767353614,16.31171235254037,16.05933535174131,16.12242889404297,383600,0.0,0.0
2006-05-09 00:00:00-04:00,15.999956645874427,16.15954806649884,15.985110603072956,16.1038761138916,110200,0.0,0.0
2006-05-10 00:00:00-04:00,16.111293236149685,16.144696112324265,15.873762301484234,15.970258712768555,262600,0.0,0.0
2006-05-11 00:00:00-04:00,16.371094758540327,16.500994058152585,16.33026885986328,16.33026885986328,713800,0.0,0.0
2006-05-12 00:00:00-04:00,16.304291245490553,16.371097013291045,15.866342952485716,16.05191421508789,484800,0.0,0.0
2006-05-15 00:00:00-04:00,15.773552429108392,15.829224356941266,15.4580819468446,15.587981224060059,381400,0.0,0.0
2006-05-16 00:00:00-04:00,15.51746706182926,15.573137582426224,15.242821013177311,15.33189582824707,188400,0.0,0.0
2006-05-17 00:00:00-04:00,15.034979669054064,15.034979669054064,14.597032890999786,14.827140808105469,582000,0.0,0.0
2006-05-18 00:00:00-04:00,14.12197077551284,14.634147783262115,14.029185157518937,14.222179412841797,1178800,0.0,0.0
2006-05-19 00:00:00-04:00,14.248157299787703,14.381768797726192,14.121968820156459,14.374345779418945,361600,0.0,0.0
2006-05-22 00:00:00-04:00,14.073720707149024,14.21846744865466,13.83618977103114,13.980935096740723,428400,0.0,0.0
2006-05-23 00:00:00-04:00,14.20733307250683,14.307541707708051,14.044030897991583,14.06258773803711,470400,0.0,0.0
2006-05-24 00:00:00-04:00,14.671260827856848,14.671260827856848,14.140527002685657,14.489401817321777,944000,0.0,0.0
2006-05-25 00:00:00-04:00,14.567341262767298,14.660126875905943,14.4894016875219,14.645280838012695,394400,0.0,0.0
2006-05-26 00:00:00-04:00,15.309625243229744,15.454370564456555,15.164879922002935,15.302202224731445,564200,0.0,0.0
2006-05-30 00:00:00-04:00,15.19828534227133,15.23168822320892,14.85312271118164,14.85312271118164,271600,0.0,0.0
2006-05-31 00:00:00-04:00,15.098076383068053,15.153748322062812,14.919928160399536,15.131479263305664,422400,0.0,0.0
2006-06-01 00:00:00-04:00,14.886524451935282,15.365298570105217,14.801161855143114,15.305915832519531,624000,0.0,0.0
2006-06-02 00:00:00-04:00,15.424679275828858,15.443236113418154,15.190859157975055,15.313335418701172,222400,0.0,0.0
2006-06-05 00:00:00-04:00,15.328182856313875,15.354162714473025,14.986732482910154,14.986732482910156,228600,0.0,0.0
2006-06-06 00:00:00-04:00,14.674973130165192,14.693529969907301,14.374347229476996,14.556207656860352,460200,0.0,0.0
2006-06-07 00:00:00-04:00,14.422596085562404,14.59703349316545,14.314964433390479,14.378059387207031,562000,0.0,0.0
2006-06-08 00:00:00-04:00,13.773096394392745,14.237024451785137,13.171846028435104,13.932687759399414,1256800,0.0,0.0
2006-06-09 00:00:00-04:00,14.04032080201952,14.326099267836451,14.029185564795592,14.118260383605957,347800,0.0,0.0
2006-06-12 00:00:00-04:00,14.121971055994381,14.199910636866164,13.795365277746077,13.873306274414062,242200,0.0,0.0
2006-06-13 00:00:00-04:00,13.606084847216573,13.95495830942343,13.502165393749928,13.821348190307617,1034800,0.0,0.0
2006-06-14 00:00:00-04:00,13.843615472713159,14.047743572013138,13.71000394130333,13.884441375732422,212800,0.0,0.0
2006-06-15 00:00:00-04:00,14.199909003310198,14.430018333406855,14.166506127379783,14.32609748840332,211600,0.0,0.0
2006-06-16 00:00:00-04:00,14.3372324352951,14.563629543616717,14.326097199678685,14.422595024108887,380800,0.0,0.0
2006-06-19 00:00:00-04:00,14.185064037683896,14.185064037683896,14.036606500307105,14.13310432434082,309800,0.0,0.0
2006-06-20 00:00:00-04:00,14.010628019591175,14.199910053329388,13.95866830114524,14.06258773803711,265200,0.0,0.0
2006-06-21 00:00:00-04:00,14.040319125906493,14.218467326463934,14.032896107242093,14.173929214477539,270200,0.0,0.0
2006-06-22 00:00:00-04:00,14.292694440260398,14.36692320985539,14.218467086461429,14.22960090637207,313000,0.0,0.0
2006-06-23 00:00:00-04:00,14.16279613338345,14.344656560660459,14.16279613338345,14.300118446350098,94600,0.0,0.0
2006-06-26 00:00:00-04:00,14.281562510027669,14.281562510027669,14.047742350393928,14.159086227416992,141200,0.0,0.0
2006-06-27 00:00:00-04:00,14.225893374280524,14.266717861933502,14.018053054809569,14.01805305480957,119200,0.0,0.0
2006-06-28 00:00:00-04:00,14.125683267637315,14.170219968717115,13.973514907801487,14.092280387878418,159400,0.0,0.0
2006-06-29 00:00:00-04:00,14.077432533900783,14.47084402080526,14.077432533900783,14.452285766601562,176800,0.0,0.0
2006-06-30 00:00:00-04:00,14.385483032188025,14.456001015038542,14.326100287353878,14.404041290283203,192000,0.0,0.0
2006-07-03 00:00:00-04:00,14.448574104399572,14.552493525927922,14.363211520173296,14.51909065246582,92800,0.0,0.0
2006-07-05 00:00:00-04:00,14.533941168692502,14.533941168692502,14.240738235234208,14.288987159729004,258200,0.0,0.0
2006-07-06 00:00:00-04:00,14.28527226424657,14.288983065469194,14.199908262370592,14.23702335357666,145800,0.0,0.0
2006-07-07 00:00:00-04:00,14.340945001511116,14.41146297784136,14.125683102314616,14.177642822265625,213000,0.0,0.0
2006-07-10 00:00:00-04:00,14.136815095792937,14.136815095792937,13.780518705796771,13.877015113830566,303800,0.0,0.0
2006-07-11 00:00:00-04:00,14.044029518755544,14.185064037683896,13.60979214219583,14.13310432434082,145000,0.0,0.0
2006-07-12 00:00:00-04:00,14.003204212078394,14.051453126117423,13.461336584795982,13.646907806396484,424200,0.0,0.0
2006-07-13 00:00:00-04:00,13.476183563410707,13.899285751679395,13.387108747871748,13.609793663024902,461800,0.0,0.0
2006-07-14 00:00:00-04:00,13.717424735393772,13.732270773318152,13.260919687689809,13.435357093811035,347200,0.0,0.0
2006-07-17 00:00:00-04:00,12.93802581693188,13.242362507573294,12.848951007472802,13.168133735656738,350600,0.0,2.0
2006-07-18 00:00:00-04:00,12.752455329684729,12.759878348883618,12.381312864517168,12.74503231048584,880200,0.0,0.0
2006-07-19 00:00:00-04:00,12.94544919075548,13.4130880598023,12.863797397828217,13.324014663696289,529600,0.0,0.0
2006-07-20 00:00:00-04:00,14.66012744938001,14.971887178353102,14.392904420032744,14.674973487854004,916800,0.0,0.0
2006-07-21 00:00:00-04:00,14.378060292073325,14.47455671388221,13.962379695275748,14.162796974182129,486600,0.0,0.0
2006-07-24 00:00:00-04:00,14.474559092526974,14.637861300807229,14.340947551299296,14.526518821716309,449200,0.0,0.0
2006-07-25 00:00:00-04:00,14.652704592815958,14.830852809093201,14.556208173256014,14.808585166931152,315000,0.0,0.0
2006-07-26 00:00:00-04:00,14.845699500328,14.994157061649773,14.74920307652621,14.867968559265137,286100,0.0,0.0
2006-07-27 00:00:00-04:00,14.905078033191899,15.098072242099061,14.756620513787672,14.860541343688965,157500,0.0,0.0
2006-07-28 00:00:00-04:00,15.031270519971645,15.105499299525809,14.801162577570327,14.95704174041748,526300,0.0,0.0
2006-07-31 00:00:00-04:00,15.053536883237914,15.179725361147057,14.957039062356593,15.09065055847168,528600,0.0,0.0
2006-08-01 00:00:00-04:00,14.964462971436022,15.053537779414256,14.585897515171608,14.764045715332031,485300,0.0,0.0
2006-08-02 00:00:00-04:00,14.816005124355904,15.164879914626217,14.79373748466785,14.971885681152344,768600,0.0,0.0
2006-08-03 00:00:00-04:00,14.85312135319192,15.127765979527483,14.786315597424649,14.994155883789062,369400,0.0,0.0
2006-08-04 00:00:00-04:00,15.038694570544413,15.216842804210343,15.001579470324652,15.06096363067627,754700,0.0,0.0
2006-08-07 00:00:00-04:00,14.905078033191899,14.949614722694834,14.719506841834532,14.860541343688965,385200,0.0,0.0
2006-08-08 00:00:00-04:00,14.771467786017682,15.031267758835762,14.726931092784739,14.801159858703613,389100,0.0,0.0
2006-08-09 00:00:00-04:00,14.882811182105646,14.94961693414031,14.726932037888792,14.764045715332031,439300,0.0,0.0
2006-08-10 00:00:00-04:00,14.541363410814453,14.64528285881411,14.25929431510639,14.600746154785156,397500,0.0,0.0
2006-08-11 00:00:00-04:00,14.652704730242517,14.652704730242517,14.452287454127356,14.578475952148438,200900,0.0,0.0
2006-08-14 00:00:00-04:00,14.489400931020764,14.942193736755396,14.489400931020764,14.630434036254883,468400,0.0,0.0
2006-08-15 00:00:00-04:00,14.637857903453204,14.919926961866627,14.637857903453204,14.71208667755127,452500,0.0,0.0
2006-08-16 00:00:00-04:00,15.083231310631094,15.350454369659195,14.84570033184892,15.23911190032959,846300,0.0,0.0
2006-08-17 00:00:00-04:00,15.58798492786496,15.95912742614746,15.432105758168522,15.959127426147461,778300,0.0,0.0
2006-08-18 00:00:00-04:00,15.82551069380138,15.907162469615708,15.69932222926824,15.884893417358398,203400,0.0,0.0
2006-08-21 00:00:00-04:00,15.959130351508714,16.025936126708984,15.780982089573504,16.025936126708984,543400,0.0,0.0
2006-08-22 00:00:00-04:00,15.788400707427861,16.048200714549143,15.721594950859643,15.966548919677734,172700,0.0,0.0
2006-08-23 00:00:00-04:00,15.417259789398688,15.773556249598512,15.35787704603205,15.736442565917969,513800,0.0,0.0
2006-08-24 00:00:00-04:00,15.565714617528435,15.565714617528435,15.083229691689585,15.253954887390137,610200,0.0,0.0
2006-08-25 00:00:00-04:00,15.187150009330255,15.647367319823402,15.187150009330255,15.550870895385742,211100,0.0,0.0
2006-08-28 00:00:00-04:00,15.506331585073156,15.803246686846068,15.506331585073156,15.751285552978516,134600,0.0,0.0
2006-08-29 00:00:00-04:00,16.04077750273089,16.07046816318452,15.773554479667645,15.944279670715332,314600,0.0,0.0
2006-08-30 00:00:00-04:00,15.818090509224188,16.10015955848227,15.818090509224188,16.033353805541992,180900,0.0,0.0
2006-08-31 00:00:00-04:00,16.011085190496917,16.233771511699533,15.959125473621805,16.18181037902832,303400,0.0,0.0
2006-09-01 00:00:00-04:00,16.08531673128525,16.3154246952288,15.988820299888392,16.152122497558594,266200,0.0,0.0
2006-09-05 00:00:00-04:00,16.25603953626444,16.25603953626444,16.01108556822004,16.189233779907227,143700,0.0,0.0
2006-09-06 00:00:00-04:00,15.92943010607721,16.04077395156795,15.773550987663464,15.884893417358398,273000,0.0,0.0
2006-09-07 00:00:00-04:00,15.558288492096064,15.595403581009846,15.283643913113469,15.417255401611328,487300,0.0,0.0
2006-09-08 00:00:00-04:00,15.439527625149855,15.476642725087896,15.231688728682027,15.394990921020508,267500,0.0,0.0
2006-09-11 00:00:00-04:00,15.239110075761113,15.387566211827263,15.172304319002697,15.305915832519531,302300,0.0,0.0
2006-09-12 00:00:00-04:00,15.372721034536756,15.818092299273566,15.112922427920154,15.639944076538086,715200,0.0,0.0
2006-09-13 00:00:00-04:00,15.550869782837523,16.23377197212796,15.498908648692568,15.855206489562988,452500,0.0,0.0
2006-09-14 00:00:00-04:00,15.639943854743395,15.884897834505441,15.639943854743395,15.803247451782227,331800,0.0,0.0
2006-09-15 00:00:00-04:00,15.84778330334398,15.870050944803808,15.617675374883651,15.72159481048584,260500,0.0,0.0
2006-09-18 00:00:00-04:00,15.795824103652151,16.033355058988906,15.684480229516396,15.936857223510742,297300,0.0,0.0
2006-09-19 00:00:00-04:00,15.803246047855339,15.840359726178228,15.446948223293669,15.580559730529785,253900,0.0,0.0
2006-09-20 00:00:00-04:00,15.72159128152555,15.92943010607721,15.72159128152555,15.884893417358398,106600,0.0,0.0
2006-09-21 00:00:00-04:00,16.256039645408592,16.33026842139233,15.95170293809179,16.144697189331055,299200,0.0,0.0
2006-09-22 00:00:00-04:00,16.077891432525302,16.33026842139233,16.02593171407553,16.144697189331055,187900,0.0,0.0
2006-09-25 00:00:00-04:00,16.09273433260336,16.218922802428594,15.803243720096706,16.204076766967773,174400,0.0,0.0
2006-09-26 00:00:00-04:00,16.263464316464056,16.842447128989043,16.256041296532114,16.70883560180664,661400,0.0,0.0
2006-09-27 00:00:00-04:00,16.538107401698994,16.69398654470768,16.374803824303953,16.463878631591797,490300,0.0,0.0
2006-09-28 00:00:00-04:00,16.367381942812465,16.567799211286772,16.263462506920362,16.449033737182617,292300,0.0,0.0
2006-09-29 00:00:00-04:00,16.300578654768866,16.300578654768866,16.107585791975147,16.152122497558594,362200,0.0,0.0
2006-10-02 00:00:00-04:00,16.09273883662899,16.2411949853994,15.959127311678234,16.04077911376953,270300,0.0,0.0
2006-10-03 00:00:00-04:00,15.77355279135691,15.825512503436377,15.52117583343152,15.818089485168457,361200,0.0,0.0
2006-10-04 00:00:00-04:00,15.847786021814263,15.959128495601044,15.780980254382921,15.914591789245605,330700,0.0,0.0
2006-10-05 00:00:00-04:00,16.122426234404607,16.122426234404607,15.92201040336974,15.996237754821777,160200,0.0,0.0
2006-10-06 00:00:00-04:00,15.936857444055956,15.936857444055956,15.625097706913076,15.8106689453125,340500,0.0,0.0
2006-10-09 00:00:00-04:00,15.751284221485387,15.862628083136137,15.691901489309794,15.780976295471191,226600,0.0,0.0
2006-10-10 00:00:00-04:00,16.055622374991337,16.196656907780827,15.988818033981731,16.144697189331055,404800,0.0,0.0
2006-10-11 00:00:00-04:00,16.07789317878903,16.211504706912443,15.959127690634062,16.048202514648438,455400,0.0,0.0
2006-10-12 00:00:00-04:00,16.011085190496917,16.211502454840442,15.855206039871577,16.18181037902832,925900,0.0,0.0
2006-10-13 00:00:00-04:00,16.382229389402475,16.590069694850808,16.31542362750109,16.486148834228516,764600,0.0,0.0
2006-10-16 00:00:00-04:00,16.38223102252924,16.486150477714897,16.308002233483887,16.43419075012207,388300,0.0,0.0
2006-10-17 00:00:00-04:00,16.367383461500715,16.4713043228315,16.12985249125251,16.441612243652344,572300,0.0,0.0
2006-10-18 00:00:00-04:00,16.590069310320573,16.686565733165807,16.419344107550273,16.515840530395508,655300,0.0,0.0
2006-10-19 00:00:00-04:00,18.223097932438165,18.96538300367062,18.111755454912583,18.86146354675293,3662000,0.0,0.0
2006-10-20 00:00:00-04:00,18.453203583069747,18.557123018920944,18.185980558542525,18.46062660217285,868600,0.0,0.0
2006-10-23 00:00:00-04:00,18.46062957022362,18.839193694773545,18.31217199588519,18.668468475341797,558100,0.0,0.0
2006-10-24 00:00:00-04:00,18.371550585512693,19.18064120941108,18.371550585512693,18.957956314086914,952600,0.0,0.0
2006-10-25 00:00:00-04:00,18.713002614618386,18.794654410884664,18.52000977656454,18.646198272705078,468000,0.0,0.0
2006-10-26 00:00:00-04:00,18.9208399456461,19.715084478774678,18.9208399456461,19.49982261657715,709400,0.0,0.0
2006-10-27 00:00:00-04:00,19.574054554657017,19.826430132548516,19.306831522329794,19.40332794189453,411800,0.0,0.0
2006-10-30 00:00:00-05:00,19.232601198617903,19.670549392700195,19.106412711919685,19.670549392700195,356100,0.0,0.0
2006-10-31 00:00:00-05:00,19.574053467538942,19.729932617208377,19.388482242239466,19.63343620300293,365800,0.0,0.0
2006-11-01 00:00:00-05:00,19.72250749689127,19.893232666185167,19.418170833090528,19.49982261657715,416000,0.0,0.0
2006-11-02 00:00:00-05:00,19.291984621539747,19.700242171105497,19.121259432203065,19.507247924804688,357500,0.0,0.0
2006-11-03 00:00:00-05:00,19.65570145911958,19.65570145911958,19.34394178181016,19.410747528076172,197000,0.0,0.0
2006-11-06 00:00:00-05:00,19.373635346232398,19.744777780390887,19.373635346232398,19.66312599182129,340200,0.0,0.0
2006-11-07 00:00:00-05:00,19.618591255230616,19.692820032633904,19.4033279423407,19.44044303894043,257200,0.0,0.0
2006-11-08 00:00:00-05:00,19.42559591849443,19.65570384141342,19.373636201944603,19.59632110595703,369600,0.0,0.0
2006-11-09 00:00:00-05:00,20.108499036934045,20.37572206704756,19.97488752187729,20.182727813720703,395500,0.0,0.0
2006-11-10 00:00:00-05:00,20.279222870522478,20.54644588268915,20.234686173760053,20.286645889282227,217200,0.0,0.0
2006-11-13 00:00:00-05:00,20.19757184028759,20.40541212599637,20.093652405331255,20.30149269104004,388600,0.0,0.0
2006-11-14 00:00:00-05:00,20.294072606273282,20.442530176929846,20.115924370963196,20.368301391601562,282100,0.0,0.0
2006-11-15 00:00:00-05:00,20.412834614246815,20.783977061778575,20.264377068915678,20.598405838012695,536200,0.0,0.0
2006-11-16 00:00:00-05:00,20.991820829298756,21.511419492682656,20.939859688743685,21.207082748413086,530800,0.0,0.0
2006-11-17 00:00:00-05:00,21.28130923710529,21.43718839456183,20.8804746908522,21.236772537231445,407200,0.0,0.0
2006-11-20 00:00:00-05:00,21.118005646248108,21.42976535608102,21.118005646248108,21.16254234313965,364800,0.0,0.0
2006-11-21 00:00:00-05:00,21.1328492262074,21.229347049810666,20.999239142119492,21.095735549926758,380000,0.0,0.0
2006-11-22 00:00:00-05:00,21.214503641862123,21.60791517184972,21.19965760319176,21.370384216308594,314000,0.0,0.0
2006-11-24 00:00:00-05:00,20.999243094714544,21.33327049150082,20.79882580716502,21.192235946655273,136200,0.0,0.0
2006-11-27 00:00:00-05:00,21.147696880356325,21.162542918322366,20.501909802590735,20.568714141845703,253300,0.0,0.0
2006-11-28 00:00:00-05:00,20.494486028997134,20.74686300194283,20.2866457525136,20.628097534179688,356600,0.0,0.0
2006-11-29 00:00:00-05:00,21.318424721212438,22.031019058459343,21.311001701306125,21.89740753173828,330400,0.0,0.0
2006-11-30 00:00:00-05:00,21.637607386705273,22.053286588742836,21.55595699974914,21.941944122314453,308700,0.0,0.0
2006-12-01 00:00:00-05:00,22.001323779832855,22.001323779832855,21.32584464033245,21.51883888244629,419900,0.0,0.0
2006-12-04 00:00:00-05:00,22.001326981102203,22.587732811594808,21.85287083034949,22.513504028320312,652900,0.0,0.0
2006-12-05 00:00:00-05:00,22.37246579233318,22.550613993336565,22.2314326847447,22.431848526000977,459900,0.0,0.0
2006-12-06 00:00:00-05:00,22.49123462980668,22.93660590694861,22.49123462980668,22.684228897094727,562300,0.0,0.0
2006-12-07 00:00:00-05:00,22.93660486130742,22.93660486130742,22.595154461069054,22.654537200927734,411100,0.0,0.0
2006-12-08 00:00:00-05:00,22.56546118297585,22.906912980848457,22.439272690513643,22.454118728637695,738200,0.0,0.0
2006-12-11 00:00:00-05:00,21.927099344496554,22.10524757269103,21.704412997406262,21.808332443237305,558300,0.0,0.0
2006-12-12 00:00:00-05:00,21.281304839395222,21.35553360104328,20.33860282279537,20.835933685302734,1116000,0.0,0.0
2006-12-13 00:00:00-05:00,21.593071250696283,21.711836740113544,21.437190660963438,21.645030975341797,384500,0.0,0.0
2006-12-14 00:00:00-05:00,21.311001135778053,21.674722022553933,21.2219277308586,21.578224182128906,239200,0.0,0.0
2006-12-15 00:00:00-05:00,21.533686394294072,21.6153381911849,21.24419571920285,21.370384216308594,234600,0.0,0.0
2006-12-18 00:00:00-05:00,21.244194240888174,21.32584461630104,20.947279151326956,21.118005752563477,385900,0.0,0.0
2006-12-19 00:00:00-05:00,21.21450542547238,21.466882440902477,21.00666511400163,21.3778076171875,233000,0.0,0.0
2006-12-20 00:00:00-05:00,21.466878819406766,21.481724856820758,21.251615524291992,21.251615524291992,208800,0.0,0.0
2006-12-21 00:00:00-05:00,21.355538448796228,21.45203486978649,21.221926930658796,21.385229110717773,109300,0.0,0.0
2006-12-22 00:00:00-05:00,21.31100192926916,21.340694009212026,21.06604793292571,21.155122756958008,176600,0.0,0.0
2006-12-26 00:00:00-05:00,21.066044895001202,21.236771498459678,20.7988232930328,21.169965744018555,149500,0.0,0.0
2006-12-27 00:00:00-05:00,21.414920588969704,21.91967456967217,21.273886055350804,21.50399398803711,162500,0.0,0.0
2006-12-28 00:00:00-05:00,21.392653004767755,21.474304806033604,21.20708175883355,21.355539321899414,177000,0.0,0.0
2006-12-29 00:00:00-05:00,21.30357599798774,21.42234146204347,21.192232136613985,21.229347229003906,125200,0.0,0.0
2007-01-03 00:00:00-05:00,21.897406905607678,21.897406905607678,21.22192768720687,21.400075912475586,282300,0.0,0.0
2007-01-04 00:00:00-05:00,21.778637897147068,21.778637897147068,21.452032162451903,21.63018035888672,294400,0.0,0.0
2007-01-05 00:00:00-05:00,21.16996672411806,21.236772481652068,20.87305303274255,21.021509170532227,301600,0.0,0.0
2007-01-08 00:00:00-05:00,21.15512008594856,21.207079803491933,20.984394895221445,21.140274047851562,325900,0.0,0.0
2007-01-09 00:00:00-05:00,21.57822471811965,21.71183624461391,21.503995934978807,21.682144165039062,395600,0.0,0.0
2007-01-10 00:00:00-05:00,21.652451324985993,21.748947742312897,21.459457074536047,21.66729736328125,313900,0.0,0.0
2007-01-11 00:00:00-05:00,21.756370761460527,21.756370761460527,21.511416792773314,21.66729736328125,264800,0.0,0.0
2007-01-12 00:00:00-05:00,21.563377161036893,21.786063494790216,21.55595555746168,21.726680755615234,511500,0.0,0.0
2007-01-16 00:00:00-05:00,22.231434348536713,22.26854802893314,19.314254330219086,20.405412673950195,3070000,0.0,0.0
2007-01-17 00:00:00-05:00,21.414918443565483,21.481724194071333,20.620673871769284,21.229347229003906,1380900,0.0,0.0
2007-01-18 00:00:00-05:00,22.023592161514774,22.268546112116212,21.392649738512276,21.459455490112305,3099200,0.0,0.0
2007-01-19 00:00:00-05:00,21.50398894293493,21.919669427046202,21.48914432377053,21.823171615600586,1618800,0.0,0.0
2007-01-22 00:00:00-05:00,21.55595356216998,21.65987299215802,20.947278772222163,21.11058235168457,837600,0.0,0.0
2007-01-23 00:00:00-05:00,20.969546993198254,21.043775761289126,20.895318225107378,20.917587280273438,686600,0.0,0.0
2007-01-24 00:00:00-05:00,21.043774804144043,21.095734514705548,20.680055414417595,20.769128799438477,831800,0.0,0.0
2007-01-25 00:00:00-05:00,20.65778889159138,20.754285306487628,20.338606155263932,20.390565872192383,635200,0.0,0.0
2007-01-26 00:00:00-05:00,20.449948824435356,20.449948824435356,20.190150237044524,20.30149269104004,527000,0.0,0.0
2007-01-29 00:00:00-05:00,20.331183138535337,20.494486724095363,20.294069459524113,20.42768096923828,375800,0.0,0.0
2007-01-30 00:00:00-05:00,20.427682056522627,20.798824529573707,20.427682056522627,20.672636032104492,401700,0.0,0.0
2007-01-31 00:00:00-05:00,20.75428546349751,22.082976135787533,20.68005810492167,21.659873962402344,10896900,0.0,0.0
2007-02-01 00:00:00-05:00,21.956788198257204,22.00874791689014,21.62275941305098,21.8009090423584,1067100,0.0,0.0
2007-02-02 00:00:00-05:00,21.47430349103287,21.711834444755805,21.34069197561468,21.674720764160156,916100,0.0,0.0
2007-02-05 00:00:00-05:00,21.58564556845347,21.852868594583565,21.55595490765909,21.66729736328125,439300,0.0,0.0
2007-02-06 00:00:00-05:00,21.645031323375267,21.6821450084913,21.2293521037311,21.474306106567383,823700,0.0,0.0
2007-02-07 00:00:00-05:00,21.548534546113892,21.741528820366014,21.46688274121591,21.645030975341797,556300,0.0,0.0
2007-02-08 00:00:00-05:00,21.273886055350804,21.615337860565592,21.273886055350804,21.50399398803711,540600,0.0,0.0
2007-02-09 00:00:00-05:00,21.311000341088846,21.511417618378402,20.94728088367234,20.98439598083496,522800,0.0,0.0
2007-02-12 00:00:00-05:00,20.754286956362407,21.03635603610596,20.665213553345865,20.77655601501465,475500,0.0,0.0
2007-02-13 00:00:00-05:00,20.83593837304325,20.9324362096349,20.694903835761092,20.80624771118164,302400,0.0,0.0
2007-02-14 00:00:00-05:00,20.88047308716201,21.31842128037472,20.84335940941695,21.28873062133789,476200,0.0,0.0
2007-02-15 00:00:00-05:00,21.303581410224663,21.659877892910014,21.29615838986084,21.615341186523438,558400,0.0,0.0
2007-02-16 00:00:00-05:00,21.57821836021568,21.689560794222363,21.422339235765495,21.62275505065918,425100,0.0,0.0
2007-02-20 00:00:00-05:00,21.021507406602428,21.459455595556314,20.9472786360381,21.414918899536133,558400,0.0,0.0
2007-02-21 00:00:00-05:00,21.01408366476818,21.207077895275134,20.976969988661303,21.177387237548828,334700,0.0,0.0
2007-02-22 00:00:00-05:00,21.118006087465098,21.310998916625977,21.051200332833986,21.310998916625977,375600,0.0,0.0
2007-02-23 00:00:00-05:00,21.22193017026009,21.273889898401773,21.043781924147297,21.103164672851562,428700,0.0,0.0
2007-02-26 00:00:00-05:00,20.783975699735034,20.843358430816725,20.53159873868886,20.70232391357422,509300,0.0,0.0
2007-02-27 00:00:00-05:00,19.618594698848852,19.93035448602838,19.25487518310547,19.25487518310547,1333700,0.0,0.0
2007-02-28 00:00:00-05:00,19.188062651053407,19.59631873086045,19.15837057902588,19.410747528076172,1270400,0.0,0.0
2007-03-01 00:00:00-05:00,19.440441853015614,19.960040431549224,19.202910912452126,19.6779727935791,906400,0.0,0.0
2007-03-02 00:00:00-05:00,19.68539581244622,20.056538261025693,19.603744020703992,19.6779727935791,810800,0.0,0.0
2007-03-05 00:00:00-05:00,19.2103348901678,19.626015503333463,19.113838464559215,19.16579818725586,631100,0.0,0.0
2007-03-06 00:00:00-05:00,19.343942998494516,19.633435055787523,19.306829321921676,19.61116600036621,864900,0.0,0.0
2007-03-07 00:00:00-05:00,19.47013223648121,19.729932229960486,19.381058842931555,19.588897705078125,728800,0.0,0.0
2007-03-08 00:00:00-05:00,19.707664217850997,19.841275731050715,19.611167800426834,19.692819595336914,626700,0.0,0.0
2007-03-09 00:00:00-05:00,19.82643100350037,19.900659784162734,19.64085975974258,19.811586380004883,417600,0.0,0.0
2007-03-12 00:00:00-04:00,19.70024391808841,19.811586381190505,19.618592117775304,19.774471282958984,389600,0.0,0.0
2007-03-13 00:00:00-04:00,19.551783645482043,19.640857037293294,18.943110276853027,18.957956314086914,616000,0.0,0.0
2007-03-14 00:00:00-04:00,18.891154663828413,19.240028119793187,18.675891324588882,19.15095329284668,668600,0.0,0.0
2007-03-15 00:00:00-04:00,18.950532913208008,19.1138350720986,18.88372716279913,18.950532913208008,534700,0.0,0.0
2007-03-16 00:00:00-04:00,19.032183840066782,19.291983830815404,18.913418372718162,19.054452896118164,886600,0.0,0.0
2007-03-19 00:00:00-04:00,19.306831683460175,19.574054718017578,19.24744894420255,19.574054718017578,503800,0.0,0.0
2007-03-20 00:00:00-04:00,19.58147572380639,19.767046955295744,19.50724836384756,19.692819595336914,619600,0.0,0.0
2007-03-21 00:00:00-04:00,19.774468620127212,20.49448585510254,19.69281824660538,20.49448585510254,605600,0.0,0.0
2007-03-22 00:00:00-04:00,20.449951016102638,20.69490500746349,20.35345458984375,20.35345458984375,707000,0.0,0.0
2007-03-23 00:00:00-04:00,20.605831146240234,20.783979370952853,20.56871604788579,20.605831146240234,294500,0.0,0.0
2007-03-26 00:00:00-04:00,20.865630014228117,21.073468890300312,20.635520664582252,21.058624267578125,445800,0.0,0.0
2007-03-27 00:00:00-04:00,20.783976569524985,20.917588073999298,20.583559312813513,20.63551902770996,473700,0.0,0.0
2007-03-28 00:00:00-04:00,20.56871561863895,20.865630736093255,20.390567397644094,20.420259475708008,616400,0.0,0.0
2007-03-29 00:00:00-04:00,20.605829131593065,20.702325546287618,20.36829818853315,20.650365829467773,366200,0.0,0.0
2007-03-30 00:00:00-04:00,20.50932978664997,20.724593072775082,20.442525452668928,20.657787322998047,289300,0.0,0.0
2007-04-02 00:00:00-04:00,20.657787605313654,20.8062451436906,20.605827891620528,20.746862411499023,313700,0.0,0.0
2007-04-03 00:00:00-04:00,20.754286413434333,20.754286413434333,20.59840725433504,20.672636032104492,386600,0.0,0.0
2007-04-04 00:00:00-04:00,20.72459477229521,20.783977508544922,20.65036599803404,20.783977508544922,314300,0.0,0.0
2007-04-05 00:00:00-04:00,21.177391816915154,21.184814836900873,21.021511228807707,21.155122756958008,379700,0.0,0.0
2007-04-09 00:00:00-04:00,21.118008336613652,21.184814098359833,20.739442825317383,20.739442825317383,369800,0.0,0.0
2007-04-10 00:00:00-04:00,21.058623885823824,21.18481237934987,20.976972091249284,21.05120086669922,514500,0.0,0.0
2007-04-11 00:00:00-04:00,20.902742036658587,20.910165055328942,20.53159959791707,20.63551902770996,568300,0.0,0.0
2007-04-12 00:00:00-04:00,20.576138196265354,20.769132452147456,20.4128360178095,20.672636032104492,590000,0.0,0.0
2007-04-13 00:00:00-04:00,20.999243053202502,21.05862579578909,20.74686604326044,21.014087677001953,401800,0.0,0.0
2007-04-16 00:00:00-04:00,21.303575863781813,21.503991698240792,21.281306808488146,21.49656867980957,312100,0.0,0.0
2007-04-17 00:00:00-04:00,21.385232016604643,21.444614764313023,21.16254706664731,21.273889541625977,280700,0.0,0.0
2007-04-18 00:00:00-04:00,21.177389360225266,21.259039739003672,20.92501237317317,21.05120086669922,428100,0.0,0.0
2007-04-19 00:00:00-04:00,19.1212595360013,19.670550201933338,19.017340101196787,19.425596237182617,2587300,0.0,0.0
2007-04-20 00:00:00-04:00,20.18272656106353,20.264376936244616,20.034269016704346,20.204994201660156,1288800,0.0,0.0
2007-04-23 00:00:00-04:00,20.28664637848261,20.301492416360112,20.115921190279664,20.24953269958496,580000,0.0,0.0
2007-04-24 00:00:00-04:00,20.41283563736382,20.420258656582035,19.937773733767212,20.227264404296875,752800,0.0,0.0
2007-04-25 00:00:00-04:00,20.212418421137237,20.427681731665743,20.07138530299389,20.405412673950195,622000,0.0,0.0
2007-04-26 00:00:00-04:00,20.31633806782758,20.37572080241204,20.078805713693672,20.204994201660156,503900,0.0,0.0
2007-04-27 00:00:00-04:00,20.00457650176629,20.041690176515534,19.52209023525046,19.72250747680664,823900,0.0,0.0
2007-04-30 00:00:00-04:00,19.93777226299464,20.39056507553491,19.90065716964147,19.974885940551758,713800,0.0,0.0
2007-05-01 00:00:00-04:00,19.99715489102959,20.123343376172315,19.811583672631237,20.01942253112793,767300,0.0,0.0
2007-05-02 00:00:00-04:00,19.87839088300086,19.88581390217695,19.626013894198454,19.833852767944336,519400,0.0,0.0
2007-05-03 00:00:00-04:00,19.49982810491456,19.69282238287758,19.395907237829036,19.62601661682129,674700,0.0,0.0
2007-05-04 00:00:00-04:00,19.73735656677618,19.73735656677618,19.559208351984132,19.707664489746094,427900,0.0,0.0
2007-05-07 00:00:00-04:00,19.75962313185921,19.92292528753554,19.75962313185921,19.863542556762695,435900,0.0,0.0
2007-05-08 00:00:00-04:00,19.707667007492933,19.737359088316325,19.425599318652424,19.62601661682129,608000,0.0,0.0
2007-05-09 00:00:00-04:00,19.41075305206179,19.80416462360954,19.41075305206179,19.715089797973633,560800,0.0,0.0
2007-05-10 00:00:00-04:00,19.73735667807819,19.826430078078435,19.165796934191317,19.26229476928711,1002000,0.0,0.0
2007-05-11 00:00:00-04:00,19.34394649834811,19.551786805829696,19.269717715976384,19.5220947265625,482500,0.0,0.0
2007-05-14 00:00:00-04:00,19.677972942603812,19.7373556781944,19.26971539659694,19.37363624572754,461000,0.0,0.0
2007-05-15 00:00:00-04:00,19.410749967055292,19.54436147637573,19.04703053379193,19.11383628845215,1022200,0.0,0.0
2007-05-16 00:00:00-04:00,19.299406779783844,19.551783750937005,19.05445282728766,19.536937713623047,1093900,0.0,0.0
2007-05-17 00:00:00-04:00,19.395901224063135,19.40332424196745,19.128679658487286,19.1361026763916,691700,0.0,0.0
2007-05-18 00:00:00-04:00,19.05445393333642,19.23260214405674,18.713002134275367,19.121259689331055,1495300,0.0,0.0
2007-05-21 00:00:00-04:00,18.85403618318953,19.43301891507108,18.846613164291497,19.15837287902832,641000,0.0,0.0
2007-05-22 00:00:00-04:00,19.091568425985635,19.395905142567415,19.091568425985635,19.27713966369629,436900,0.0,0.0
2007-05-23 00:00:00-04:00,19.536936876991046,19.715085069741594,19.37363472091871,19.381057739257812,656000,0.0,0.0
2007-05-24 00:00:00-04:00,19.75220327183678,19.774470914564617,19.277139933897296,19.366214752197266,807300,0.0,0.0
2007-05-25 00:00:00-04:00,19.477555954584876,19.522092652958793,19.262294065947508,19.425596237182617,473400,0.0,0.0
2007-05-29 00:00:00-04:00,19.7299317432335,19.93034899747013,19.522091470418175,19.66312599182129,707800,0.0,0.0
2007-05-30 00:00:00-04:00,19.655700129738403,20.071380615234375,19.611163440505198,20.071380615234375,628200,0.0,0.0
2007-05-31 00:00:00-04:00,19.9971567429276,20.071385520320334,19.685397010515057,19.841276168823242,743400,0.0,0.0
2007-06-01 00:00:00-04:00,19.96746433821083,20.160458589948608,19.937773677218328,20.012001037597656,742400,0.0,0.0
2007-06-04 00:00:00-04:00,19.86354293917759,19.989731421473778,19.811583225725514,19.8709659576416,625600,0.0,0.0
2007-06-05 00:00:00-04:00,19.744777882180287,19.804160615319937,19.46270883791992,19.58147430419922,1334200,0.0,0.0
2007-06-06 00:00:00-04:00,19.57405477669669,19.57405477669669,19.262295040710523,19.314254760742188,585300,0.0,0.0
2007-06-07 00:00:00-04:00,19.017340796765726,19.217756654676727,18.802077484458877,18.8243465423584,741500,0.0,0.0
2007-06-08 00:00:00-04:00,19.054455541673597,19.49240379425068,19.039609502244755,19.470134735107422,845600,0.0,0.0
2007-06-11 00:00:00-04:00,19.150952147686457,19.329101790926746,19.039609682508473,19.16579818725586,438700,0.0,0.0
2007-06-12 00:00:00-04:00,19.180645254986853,19.470135963126765,19.15837619443904,19.23260498046875,733900,0.0,0.0
2007-06-13 00:00:00-04:00,19.180638312562152,19.291980743408203,19.05444984672441,19.291980743408203,768100,0.0,0.0
2007-06-14 00:00:00-04:00,19.38105932698335,19.61859027010964,19.38105932698335,19.55178451538086,796500,0.0,0.0
2007-06-15 00:00:00-04:00,19.78931770362725,19.83385440656714,19.66312919880067,19.78189468383789,1207500,0.0,0.0
2007-06-18 00:00:00-04:00,19.9748893743168,20.316341212882673,19.930352670433003,19.967466354370117,1041100,0.0,0.0
2007-06-19 00:00:00-04:00,20.145612230079358,20.338606478737415,20.09365251232452,20.256956100463867,520500,0.0,0.0
2007-06-20 00:00:00-04:00,20.78397760221802,20.81366967837475,20.256955992601057,20.30149269104004,811300,0.0,0.0
2007-06-21 00:00:00-04:00,20.457371521969403,20.53160029539855,20.22726359855553,20.472217559814453,633900,0.0,0.0
2007-06-22 00:00:00-04:00,20.546448858157795,20.590985561369877,20.22726608424596,20.35345458984375,583800,0.0,0.0
2007-06-25 00:00:00-04:00,20.35345439216245,20.36087741192508,19.945198215791606,20.04169464111328,495400,0.0,0.0
2007-06-26 00:00:00-04:00,20.123347593339684,20.160461278478703,19.85612452979048,20.0268497467041,462100,0.0,0.0
2007-06-27 00:00:00-04:00,19.819009379628213,20.227265549164414,19.78189428143641,20.212419509887695,559600,0.0,0.0
2007-06-28 00:00:00-04:00,20.13076639870677,20.264376486710816,19.997154894906682,20.056537628173828,459800,0.0,0.0
2007-06-29 00:00:00-04:00,20.10849769203668,20.12334372956031,19.44044157723001,19.588897705078125,811900,0.0,0.0
2007-07-02 00:00:00-04:00,19.93035392560233,20.012004318565403,19.841279096428714,19.945199966430664,944700,0.0,0.0
2007-07-03 00:00:00-04:00,19.96004234827022,20.123345947436384,19.96004234827022,20.115922927856445,403400,0.0,0.0
2007-07-05 00:00:00-04:00,20.375720975039584,20.42768069126669,20.160457675474618,20.338605880737305,703000,0.0,0.0
2007-07-06 00:00:00-04:00,20.375720489858015,20.457370863786625,20.301491718817058,20.41283416748047,457000,0.0,0.0
2007-07-09 00:00:00-04:00,20.79140052755065,20.917589019055804,20.72459477229521,20.783977508544922,704300,0.0,0.0
2007-07-10 00:00:00-04:00,20.93985522927463,21.1402724813447,20.702324300508334,20.746862411499023,906500,0.0,0.0
2007-07-11 00:00:00-04:00,20.99181878067606,21.140274920384982,20.82109216710634,21.073469161987305,851800,0.0,0.0
2007-07-12 00:00:00-04:00,21.229348603955792,21.526262283325195,21.16996586808191,21.526262283325195,641300,0.0,0.0
2007-07-13 00:00:00-04:00,21.30357735861858,21.310998961774562,20.939856508947035,21.088314056396484,566000,0.0,0.0
2007-07-16 00:00:00-04:00,21.073466905709605,21.125426619834354,20.82851295641005,20.843358993530273,488700,0.0,0.0
2007-07-17 00:00:00-04:00,21.021509442299372,21.259040398470592,21.021509442299372,21.073469161987305,894700,0.0,0.0
2007-07-18 00:00:00-04:00,21.23676990910541,21.303575658546805,20.70232391357422,20.70232391357422,1309800,0.0,0.0
2007-07-19 00:00:00-04:00,20.427682097340814,21.934519634829584,20.412836058598025,21.726680755615234,3448300,0.0,0.0
2007-07-20 00:00:00-04:00,21.11800414308795,21.259037242505233,20.798821437192903,20.91016387939453,1717200,0.0,0.0
2007-07-23 00:00:00-04:00,20.87305276155736,20.96954917907715,20.746864267387704,20.96954917907715,1258700,0.0,0.0
2007-07-24 00:00:00-04:00,20.68748109306268,20.969548736299785,20.65036599803404,20.783977508544922,1224900,0.0,0.0
2007-07-25 00:00:00-04:00,20.531602590511856,20.680060153965393,20.242111899153333,20.479642868041992,755200,0.0,0.0
2007-07-26 00:00:00-04:00,19.945198285698265,20.19015227553857,19.381061523927446,19.81900978088379,1307500,0.0,0.0
2007-07-27 00:00:00-04:00,19.60374543851642,19.759626014407598,19.314254760742188,19.314254760742188,839600,0.0,0.0
2007-07-30 00:00:00-04:00,19.819010016110227,20.383145368780355,19.819010016110227,20.27180290222168,1459500,0.0,0.0
2007-07-31 00:00:00-04:00,20.13819113701804,20.316340780353045,19.81900978088379,19.81900978088379,1031700,0.0,0.0
2007-08-01 00:00:00-04:00,19.863544687435095,20.167881392265247,19.395904393615798,20.1381893157959,1065600,0.0,0.0
2007-08-02 00:00:00-04:00,19.84869886369802,20.123344910822954,19.72993338812944,20.049116134643555,718800,0.0,0.0
2007-08-03 00:00:00-04:00,19.833850709995303,19.93034853347574,19.462708284477305,19.477554321289062,686600,0.0,0.0
2007-08-06 00:00:00-04:00,19.707664491025685,20.182727812964824,19.618591091521957,20.145612716674805,855400,0.0,0.0
2007-08-07 00:00:00-04:00,19.819008418142207,20.04169333330491,19.648281806334897,19.922927856445312,920800,0.0,0.0
2007-08-08 00:00:00-04:00,20.175305168877536,20.680059161438702,20.123345448901446,20.590984344482422,1015000,0.0,0.0
2007-08-09 00:00:00-04:00,20.702323450495836,21.06604284720985,20.516752243041992,20.516752243041992,1706300,0.0,0.0
2007-08-10 00:00:00-04:00,20.115920705196213,20.45737107336824,19.967463161593383,20.286645889282227,1318500,0.0,0.0
2007-08-13 00:00:00-04:00,19.922925848682798,20.063960369164164,19.71508557722584,20.00457763671875,943300,0.0,0.0
2007-08-14 00:00:00-04:00,19.893235723795666,20.034270258096264,19.640858732224554,19.707664489746094,788000,0.0,0.0
2007-08-15 00:00:00-04:00,19.26229652553723,19.49982750158978,19.054456213593095,19.128684997558594,1040100,0.0,0.0
2007-08-16 00:00:00-04:00,18.920842421347142,19.217756105881016,18.59423666046182,19.121259689331055,931300,0.0,0.0
2007-08-17 00:00:00-04:00,19.02476040741774,19.32909850364695,18.638773354831557,19.26971435546875,1465700,0.0,0.0
2007-08-20 00:00:00-04:00,19.447867398809972,19.922929341663355,19.31425587343339,19.73735809326172,1548400,0.0,0.0
2007-08-21 00:00:00-04:00,19.611164495900578,19.70023929495646,19.06929693104866,19.1361026763916,821300,0.0,0.0
2007-08-22 00:00:00-04:00,19.514674145326257,19.72251304790463,19.447868379269966,19.62601661682129,420800,0.0,0.0
2007-08-23 00:00:00-04:00,19.640859941150353,19.707665702783892,19.32910160792217,19.470134735107422,478300,0.0,0.0
2007-08-24 00:00:00-04:00,19.655702844780425,20.00457763671875,19.655702844780425,20.00457763671875,420300,0.0,0.0
2007-08-27 00:00:00-04:00,19.863546101729668,19.997157623762675,19.72993457969666,19.811586380004883,293900,0.0,0.0
2007-08-28 00:00:00-04:00,19.767047617988727,19.81158573441254,19.25487202128057,19.27713966369629,432500,0.0,0.0
2007-08-29 00:00:00-04:00,19.640856254517537,19.863542556762695,19.477554098841207,19.863542556762695,578700,0.0,0.0
2007-08-30 00:00:00-04:00,19.66313007293449,19.856124348648688,19.529518542378785,19.715089797973633,453000,0.0,0.0
2007-08-31 00:00:00-04:00,20.12334610581983,20.331184992508998,19.848700042385424,20.212419509887695,618800,0.0,0.0
2007-09-04 00:00:00-04:00,20.20499540189872,20.63552060715958,20.138189644548227,20.405412673950195,645100,0.0,0.0
2007-09-05 00:00:00-04:00,20.234685756871368,20.242108775478183,19.744777855189927,19.878389358520508,1274200,0.0,0.0
2007-09-06 00:00:00-04:00,20.346027421266566,20.405410152039412,19.78189077102654,19.863542556762695,1420000,0.0,0.0
2007-09-07 00:00:00-04:00,20.16045659875803,20.234685367602143,19.692817761893338,19.8709659576416,1521200,0.0,0.0
2007-09-10 00:00:00-04:00,20.00457815625315,20.086228530613607,19.648280336531315,19.670549392700195,1298700,0.0,0.0
2007-09-11 00:00:00-04:00,19.93777504085556,20.012002406311645,19.72251171680344,19.908082962036133,1148500,0.0,0.0
2007-09-12 00:00:00-04:00,19.90065901769421,20.093653273664742,19.65570504200011,19.79673957824707,904300,0.0,0.0
2007-09-13 00:00:00-04:00,19.952618243169454,19.952618243169454,19.752202388599656,19.833852767944336,474300,0.0,0.0
2007-09-14 00:00:00-04:00,19.737357824123173,19.796740566170104,19.59632328083812,19.68539810180664,431400,0.0,0.0
2007-09-17 00:00:00-04:00,19.663126373977235,19.796737879398417,19.499824209460268,19.670549392700195,782400,0.0,0.0
2007-09-18 00:00:00-04:00,19.677972343502955,20.212416947546945,19.49240112345762,20.190149307250977,928900,0.0,0.0
2007-09-19 00:00:00-04:00,20.294069457296132,20.44994860808148,20.212417664525084,20.390565872192383,854700,0.0,0.0
2007-09-20 00:00:00-04:00,20.449948398846793,20.724594434396387,20.353451984937852,20.553869247436523,836500,0.0,0.0
2007-09-21 00:00:00-04:00,20.657789775607245,20.858207048733018,20.501910618151307,20.798824310302734,1484200,0.0,0.0
2007-09-24 00:00:00-04:00,20.880475296549818,20.99924219265218,20.58356159578442,20.6429443359375,592700,0.0,0.0
2007-09-25 00:00:00-04:00,20.76171066705989,21.014087677001953,20.74686604326044,21.014087677001953,605900,0.0,0.0
2007-09-26 00:00:00-04:00,21.00665941392256,21.014082431867624,20.843357266518876,20.93985366821289,483500,0.0,0.0
2007-09-27 00:00:00-04:00,21.192230996861745,21.444607948355937,21.16996335842139,21.244192123413086,1016500,0.0,0.0
2007-09-28 00:00:00-04:00,21.682139942684778,22.045860767664713,21.659872303136293,21.93451690673828,1808900,0.0,0.0
2007-10-01 00:00:00-04:00,22.045862695511897,22.45411883528962,21.919674202450324,22.372467041015625,1122000,0.0,0.0
2007-10-02 00:00:00-04:00,22.186894403037112,22.42442533589246,22.16462676295445,22.335351943969727,865200,0.0,0.0
2007-10-03 00:00:00-04:00,22.33535314802155,22.535770414345837,22.194318618112295,22.498655319213867,840800,0.0,0.0
2007-10-04 00:00:00-04:00,22.261120688082997,22.71391486315725,22.224007014891548,22.676799774169922,853800,0.0,0.0
2007-10-05 00:00:00-04:00,22.37246709925873,22.71391889964207,22.313084362121995,22.550615310668945,1267800,0.0,0.0
2007-10-08 00:00:00-04:00,22.528347550875896,22.602576325856262,22.127513015459588,22.194318771362305,1033800,0.0,0.0
2007-10-09 00:00:00-04:00,22.04586284503351,22.06813048668026,21.541108869363832,21.66729736328125,2375200,0.0,0.0
2007-10-10 00:00:00-04:00,21.47430256641006,21.54110832124269,21.340691056744806,21.526262283325195,1506700,0.0,0.0
2007-10-11 00:00:00-04:00,22.001325729560442,22.082977528097267,21.52626380890154,21.55595588684082,1218700,0.0,0.0
2007-10-12 00:00:00-04:00,21.667299314122676,21.860293581949094,21.555956848475663,21.808332443237305,626900,0.0,0.0
2007-10-15 00:00:00-04:00,21.860288917283086,21.912248629111165,21.55595224875065,21.652448654174805,881700,0.0,0.0
2007-10-16 00:00:00-04:00,21.541110164534025,21.867714531890133,21.414921663029457,21.78606414794922,900200,0.0,0.0
2007-10-17 00:00:00-04:00,21.93451701126732,21.93451701126732,21.719255138428796,21.88998031616211,1235500,0.0,0.0
2007-10-18 00:00:00-04:00,24.822003948149895,27.635264162029575,24.822003948149895,26.915246963500977,14699900,0.0,0.0
2007-10-19 00:00:00-04:00,25.675635360201838,26.187810932918463,25.23768714645554,25.527177810668945,3851600,0.0,0.0
2007-10-22 00:00:00-04:00,25.022423488060635,26.09131556433795,24.896236413273563,25.99481773376465,2426300,0.0,0.0
2007-10-23 00:00:00-04:00,25.690483978843556,26.31400348423851,25.56429405800793,26.27688980102539,1540100,0.0,0.0
2007-10-24 00:00:00-04:00,25.60140692553391,25.809245787191823,25.0150011868938,25.757286071777344,1266300,0.0,0.0
2007-10-25 00:00:00-04:00,25.571715263915696,25.705326771881893,25.104074986034004,25.430679321289062,1122900,0.0,0.0
2007-10-26 00:00:00-04:00,25.660787824014864,26.083889974947986,25.638520183942195,25.93543243408203,749000,0.0,0.0
2007-10-29 00:00:00-04:00,25.794401390404033,26.14327621459961,25.73501723667189,26.14327621459961,756400,0.0,0.0
2007-10-30 00:00:00-04:00,25.52717493274047,26.061620918168654,25.42325550926097,25.97254753112793,1104100,0.0,0.0
2007-10-31 00:00:00-04:00,25.76470834930524,26.314000424401332,25.49748533069591,26.21750259399414,1354900,0.0,0.0
2007-11-01 00:00:00-04:00,25.83893918576826,26.351114763200922,25.83893918576826,26.314001083374023,1958400,0.0,0.0
2007-11-02 00:00:00-04:00,26.51442034309293,27.09340172032172,26.306578623591136,27.03401756286621,1487700,0.0,0.0
2007-11-05 00:00:00-05:00,26.410496900763746,26.581222080212942,26.054197673157013,26.39565086364746,686100,0.0,0.0
2007-11-06 00:00:00-05:00,26.625758868118897,27.011747360229496,26.596069623796705,27.011747360229492,532800,0.0,0.0
2007-11-07 00:00:00-05:00,26.72225943485132,26.86329256249529,26.291732784792092,26.365962982177734,624500,0.0,0.0
2007-11-08 00:00:00-05:00,26.031929858203554,26.64802765222164,25.97997014444203,26.262039184570312,1399100,0.0,0.0
2007-11-09 00:00:00-05:00,25.73501513954103,25.95770286629757,25.430678455444774,25.49748420715332,875600,0.0,0.0
2007-11-12 00:00:00-05:00,24.940769636952396,25.118919245492783,24.53993797302246,24.53993797302246,1306500,0.0,0.0
2007-11-13 00:00:00-05:00,24.881389920823906,25.37129783630371,24.539939550069654,25.37129783630371,893900,0.0,0.0
2007-11-14 00:00:00-05:00,25.22284619472532,25.46037718924102,24.992736804966384,25.066967010498047,688700,0.0,0.0
2007-11-15 00:00:00-05:00,24.747777419629855,25.193147204324166,24.643857991973984,25.00757598876953,709900,0.0,0.0
2007-11-16 00:00:00-05:00,25.378722467657393,25.920590163711058,25.20799726190836,25.794403076171875,1219300,0.0,0.0
2007-11-19 00:00:00-05:00,24.5102481842041,24.75520073323757,24.287563276466706,24.5102481842041,1303300,0.0,0.0
2007-11-20 00:00:00-05:00,24.844277899441543,25.000157057582708,24.09456852279479,24.584476470947266,766500,0.0,0.0
2007-11-21 00:00:00-05:00,24.087147681909205,24.384059968970277,23.77538652416379,24.161375045776367,805600,0.0,0.0
2007-11-23 00:00:00-05:00,24.1316818818539,24.577054539795828,24.079722163166185,24.391483306884766,400900,0.0,0.0
2007-11-26 00:00:00-05:00,24.87396675491457,24.977889023637534,24.16137390179655,24.176219940185547,541900,0.0,0.0
2007-11-27 00:00:00-05:00,24.25787099207304,24.747778917526002,24.25044655730994,24.673551559448242,882900,0.0,0.0
2007-11-28 00:00:00-05:00,24.836849580577592,25.185724354656966,24.59931866295518,25.10407257080078,1194200,0.0,0.0
2007-11-29 00:00:00-05:00,24.755202529427017,25.10407737020436,24.428598163153872,25.029850006103516,1098600,0.0,0.0
2007-11-30 00:00:00-05:00,25.564293081129378,25.73501828265988,25.05953908025989,25.25995635986328,529600,0.0,0.0
2007-12-03 00:00:00-05:00,25.311912367477966,25.423256228121137,25.15603322785113,25.252531051635742,551900,0.0,0.0
2007-12-04 00:00:00-05:00,25.54202240036694,25.965124552007822,25.415835330954643,25.786977767944336,783900,0.0,0.0
2007-12-05 00:00:00-05:00,25.95770071524324,25.9799683534368,25.720169802539164,25.88347053527832,1097000,0.0,0.0
2007-12-06 00:00:00-05:00,25.727595364317935,26.09131622314453,25.616251493030212,26.09131622314453,465000,0.0,0.0
2007-12-07 00:00:00-05:00,25.898318830072363,26.21750155278043,25.824091475225313,26.15069580078125,417900,0.0,0.0
2007-12-10 00:00:00-05:00,26.17296132375649,26.789059079200083,26.17296132375649,26.53668212890625,666500,0.0,0.0
2007-12-11 00:00:00-05:00,26.180391219816162,26.588647386812497,25.72759693526675,25.74986457824707,685600,0.0,0.0
2007-12-12 00:00:00-05:00,26.12843044820662,26.432767160271737,25.876053455401962,26.195236206054688,505000,0.0,0.0
2007-12-13 00:00:00-05:00,25.645941413095095,26.054197520833924,25.645941413095095,25.965124130249023,643100,0.0,0.0
2007-12-14 00:00:00-05:00,25.519759932932722,26.143279466722106,25.349034717103713,25.8240966796875,987200,0.0,0.0
2007-12-17 00:00:00-05:00,25.44552291093401,25.683053828556424,25.066958895845758,25.10407257080078,970200,0.0,0.0
2007-12-18 00:00:00-05:00,25.21541955318669,25.423258423973888,24.911082850280177,25.304492950439453,895000,0.0,0.0
2007-12-19 00:00:00-05:00,25.14861134754542,25.400988308170312,24.96304013625041,25.200571060180664,756800,0.0,0.0
2007-12-20 00:00:00-05:00,25.170880371500036,25.57913649248978,25.104074618495016,25.53460121154785,785200,0.0,0.0
2007-12-21 00:00:00-05:00,25.905745423855894,26.269463457152657,25.846361269754688,26.20265769958496,1526400,0.0,0.0
2007-12-24 00:00:00-05:00,25.98739513344066,26.67772037090171,25.87605408869712,26.655452728271484,232600,0.0,0.0
2007-12-26 00:00:00-05:00,26.38080846488289,26.85587039175473,26.35853799034097,26.625761032104492,291300,0.0,0.0
2007-12-27 00:00:00-05:00,26.87813478680004,26.9746326139079,26.484724707071827,26.581222534179688,400600,0.0,0.0
2007-12-28 00:00:00-05:00,27.182471708301083,27.612998300962442,27.09339831490609,27.51650047302246,807300,0.0,0.0
2007-12-31 00:00:00-05:00,27.264124786862293,27.56103988766313,27.14535931286041,27.19731903076172,429600,0.0,0.0
2008-01-02 00:00:00-05:00,27.093399365813138,27.427428143490925,26.373382092995712,26.84844398498535,1043500,0.0,0.0
2008-01-03 00:00:00-05:00,26.937519942485686,26.982055224666624,26.737102677894843,26.87071418762207,1274000,0.0,0.0
2008-01-04 00:00:00-05:00,26.74452195006098,26.900403918884518,25.022421343218497,25.207992553710938,2008500,0.0,0.0
2008-01-07 00:00:00-05:00,24.822010050256793,24.822010050256793,24.020343701058152,24.24302864074707,1685600,0.0,0.0
2008-01-08 00:00:00-05:00,24.784891289463893,24.844275438068077,23.515584844766057,23.59723663330078,1622400,0.0,0.0
2008-01-09 00:00:00-05:00,23.240941569761233,23.38197610778669,22.550616334337285,23.055370330810547,2779800,0.0,0.0
2008-01-10 00:00:00-05:00,24.421174300284456,25.519755610588177,24.27271675422348,24.547361373901367,3933200,0.0,0.0
2008-01-11 00:00:00-05:00,23.938689603035947,23.98322771934508,22.617421884251524,22.780725479125977,2569600,0.0,0.0
2008-01-14 00:00:00-05:00,24.012915836400158,24.10199206483078,23.218672620706045,23.37455177307129,1391700,0.0,0.0
2008-01-15 00:00:00-05:00,22.79557010842972,22.825262185977387,22.082977236839913,22.342777252197266,1688200,0.0,0.0
2008-01-16 00:00:00-05:00,21.934516732173172,22.506076405968898,21.355535455784352,21.83802032470703,3436400,0.0,0.0
2008-01-17 00:00:00-05:00,20.52417712328555,21.028931079881005,19.566630342164476,19.6779727935791,7188100,0.0,0.0
2008-01-18 00:00:00-05:00,19.870967827362588,21.10316069240927,19.63343687734821,20.96954917907715,3593500,0.0,0.0
2008-01-22 00:00:00-05:00,18.59423789307874,20.568715795862815,18.37897598844546,20.115922927856445,2938400,0.0,0.0
2008-01-23 00:00:00-05:00,19.091567386566997,20.397988998818917,18.980224933161754,20.34602928161621,2479900,0.0,0.0
2008-01-24 00:00:00-05:00,19.98230995133574,20.52417759903107,19.960040894218192,20.30149269104004,1199500,0.0,0.0
2008-01-25 00:00:00-05:00,21.103161134704607,21.214503592882924,20.256956753593993,20.279224395751953,1076100,0.0,0.0
2008-01-28 00:00:00-05:00,20.56129378375446,21.14027514152938,20.449949908062802,20.98439598083496,920200,0.0,0.0
2008-01-29 00:00:00-05:00,22.01617220477238,22.01617220477238,21.362962050923272,21.741527557373047,1325700,0.0,0.0
2008-01-30 00:00:00-05:00,22.372468024335948,22.773302578430098,21.882560068751673,22.261125564575195,1793600,0.0,0.0
2008-01-31 00:00:00-05:00,22.112664867576154,22.743605814825134,21.919670649715606,22.506074905395508,1658100,0.0,0.0
2008-02-01 00:00:00-05:00,22.751029400220933,22.788144490617544,22.424423683710394,22.609994888305664,985200,0.0,0.0
2008-02-04 00:00:00-05:00,22.506075992687247,22.565458722913494,21.949362365892693,22.090396881103516,1140500,0.0,0.0
2008-02-05 00:00:00-05:00,21.08831430384395,21.20707977687865,20.30149269104004,20.30149269104004,1996200,0.0,0.0
2008-02-06 00:00:00-05:00,20.472217323246976,20.87305184565486,20.123343932696326,20.160457611083984,1128300,0.0,0.0
2008-02-07 00:00:00-05:00,19.87096866618085,20.754286746860025,19.737357147208552,20.46479606628418,1107100,0.0,0.0
2008-02-08 00:00:00-05:00,20.182727652345637,20.539024079117375,19.94519670116448,20.449949264526367,754800,0.0,0.0
2008-02-11 00:00:00-05:00,20.35345263370913,20.68005839606618,20.21984112111778,20.613252639770508,757100,0.0,0.0
2008-02-12 00:00:00-05:00,20.294069290161133,20.687480797058978,20.153034762662497,20.294069290161133,736500,0.0,0.0
2008-02-13 00:00:00-05:00,20.249533571749527,20.680058778167407,20.249533571749527,20.583560943603516,932900,0.0,0.0
2008-02-14 00:00:00-05:00,20.821090954396524,20.984394539099867,20.390565767462782,20.472217559814453,1050800,0.0,0.0
2008-02-15 00:00:00-05:00,20.331182836607347,20.375720949714726,19.707663411064868,19.900657653808594,1830500,0.0,0.0
2008-02-19 00:00:00-05:00,20.227262375729055,20.234685394202824,19.522091194476975,19.61116600036621,834500,0.0,0.0
2008-02-20 00:00:00-05:00,19.514671383002668,19.870967807671157,19.38105986980295,19.692819595336914,1150700,0.0,0.0
2008-02-21 00:00:00-05:00,19.514671204568188,19.603744602022786,19.054453931732333,19.084144592285156,1224300,0.0,0.0
2008-02-22 00:00:00-05:00,19.136106325803503,19.45528766178415,18.97280273235704,19.44044303894043,692900,0.0,0.0
2008-02-25 00:00:00-05:00,19.2548685626729,19.90807857913287,19.17321677969193,19.767044067382812,1504200,0.0,0.0
2008-02-26 00:00:00-05:00,19.722508390010024,20.38314145854801,19.648279621278608,20.093650817871094,1521500,0.0,0.0
2008-02-27 00:00:00-05:00,20.034269016704346,20.4128344806038,20.00457835731015,20.204994201660156,892500,0.0,0.0
2008-02-28 00:00:00-05:00,19.722512818092987,19.878393409006744,19.588901287537283,19.715089797973633,1505100,0.0,0.0
2008-02-29 00:00:00-05:00,19.2474480128584,19.2474480128584,18.839190461395308,18.987648010253906,1578100,0.0,0.0
2008-03-03 00:00:00-05:00,18.77238606140337,19.00991700617622,18.60908247502495,18.809499740600586,1152500,0.0,0.0
2008-03-04 00:00:00-05:00,18.312166979221065,18.401241782581128,17.799990045441625,18.32701301574707,1360400,0.0,0.0
2008-03-05 00:00:00-05:00,18.742695284824745,19.321678064696062,18.713003206771557,18.928266525268555,1816400,0.0,0.0
2008-03-06 00:00:00-05:00,18.913419668167144,19.19548873428709,18.757540512518872,18.77238655090332,1056500,0.0,0.0
2008-03-07 00:00:00-05:00,18.460625072609492,18.883727215857192,18.223092728379406,18.430932998657227,1501100,0.0,0.0
2008-03-10 00:00:00-04:00,18.468051615468777,18.549703424883194,18.215675998344604,18.27505874633789,1159500,0.0,0.0
2008-03-11 00:00:00-04:00,18.56454577682907,18.809499740600586,18.200826340671128,18.809499740600586,1066400,0.0,0.0
2008-03-12 00:00:00-04:00,19.06929878951577,19.06929878951577,18.571967867824675,18.661041259765625,1037200,0.0,0.0
2008-03-13 00:00:00-04:00,18.33443591400182,18.742692005222946,18.141441687814897,18.631349563598633,818300,0.0,0.0
2008-03-14 00:00:00-04:00,18.831769788023976,18.928266208489482,18.089484838671446,18.260210037231445,1354500,0.0,0.0
2008-03-17 00:00:00-04:00,17.547612753798322,18.08948175031943,17.362041548142095,17.83710479736328,1587100,0.0,0.0
2008-03-18 00:00:00-04:00,18.200828255803952,18.631353492454625,18.08206277092075,18.549701690673828,1402400,0.0,0.0
2008-03-19 00:00:00-04:00,18.312166334835428,18.445777827275894,17.748029708862305,17.748029708862305,1735800,0.0,0.0
2008-03-20 00:00:00-04:00,17.733187837739056,18.237941854042088,17.673805095573773,18.193405151367188,1198900,0.0,0.0
2008-03-24 00:00:00-04:00,18.215670068593965,19.202908817479074,18.215670068593965,18.883726119995117,819500,0.0,0.0
2008-03-25 00:00:00-04:00,18.750119551761532,18.94311382455832,18.609085003218436,18.868885040283203,646800,0.0,0.0
2008-03-26 00:00:00-04:00,18.727850302603912,18.809502106061554,18.51258838775597,18.557125091552734,1051600,0.0,0.0
2008-03-27 00:00:00-04:00,18.816924421249436,18.846615084069853,18.275056728661603,18.28247833251953,815300,0.0,0.0
2008-03-28 00:00:00-04:00,18.8466141851211,18.91341994302583,18.27505585697513,18.34928321838379,1295400,0.0,0.0
2008-03-31 00:00:00-04:00,18.898570740313776,19.047028269867777,18.735268590441116,18.883726119995117,802500,0.0,0.0
2008-04-01 00:00:00-04:00,19.492402863469437,19.79673957824707,19.262294926495265,19.79673957824707,1328000,0.0,0.0
2008-04-02 00:00:00-04:00,19.97488674788126,20.056538540762322,19.55920759609751,19.72993278503418,831500,0.0,0.0
2008-04-03 00:00:00-04:00,18.824347131678323,19.28456301630668,18.750118352152267,19.106414794921875,1136100,0.0,0.0
2008-04-04 00:00:00-04:00,19.633436308004057,19.707663665883945,19.225178760684162,19.55178451538086,727200,0.0,0.0
2008-04-07 00:00:00-04:00,20.10849730369516,20.19014909270218,19.5369376122381,19.618589401245117,888900,0.0,0.0
2008-04-08 00:00:00-04:00,19.017342265234817,19.299409941428408,18.965381126123635,19.039609909057617,1054100,0.0,0.0
2008-04-09 00:00:00-04:00,18.86145830762796,19.00249282841013,18.690733128457765,18.787229537963867,947500,0.0,0.0
2008-04-10 00:00:00-04:00,18.067215723768896,18.750117931660597,18.052369685037384,18.520009994506836,1852200,0.0,0.0
2008-04-11 00:00:00-04:00,18.089482696757607,18.252784856592488,17.814836675066747,17.911333084106445,878800,0.0,0.0
2008-04-14 00:00:00-04:00,18.022680666596,18.34186203364798,17.859377057252424,17.99298858642578,872000,0.0,0.0
2008-04-15 00:00:00-04:00,18.10433028685028,18.141445385487327,17.792570537280337,18.015256881713867,708900,0.0,0.0
2008-04-16 00:00:00-04:00,18.586817281464167,19.217758405680154,18.586817281464167,19.128684997558594,1319600,0.0,0.0
2008-04-17 00:00:00-04:00,18.987648071987888,19.26971571678097,18.950534392550626,19.202911376953125,1160100,0.0,0.0
2008-04-18 00:00:00-04:00,19.4478660032364,19.75220271551226,19.202912029555918,19.70024299621582,1673000,0.0,0.0
2008-04-21 00:00:00-04:00,19.63343760923952,20.1233455658559,19.462710993730756,20.10849952697754,1361300,0.0,0.0
2008-04-22 00:00:00-04:00,21.548531295270788,22.379889595771658,21.251616200724378,21.748947143554688,3615200,0.0,0.0
2008-04-23 00:00:00-04:00,22.424426018355707,22.825260541595107,22.22401017253209,22.795568466186523,2635500,0.0,0.0
2008-04-24 00:00:00-04:00,22.246278547954052,22.617421008041482,21.956787882140617,22.372467041015625,1292200,0.0,0.0
2008-04-25 00:00:00-04:00,22.72134321672522,23.233518822864283,22.58030867704526,23.107330322265625,1351200,0.0,0.0
2008-04-28 00:00:00-04:00,22.795567149630184,22.929178649659928,22.62484197327929,22.713916778564453,874700,0.0,0.0
2008-04-29 00:00:00-04:00,22.46896612058713,22.82526256225564,22.46896612058713,22.751033782958984,823100,0.0,0.0
2008-04-30 00:00:00-04:00,22.758454764917936,22.85495259410306,22.35762165787625,22.39473533630371,956100,0.0,0.0
2008-05-01 00:00:00-04:00,22.372466797921806,23.19640350341797,21.97905670061335,23.19640350341797,842600,0.0,0.0
2008-05-02 00:00:00-04:00,23.41166413177328,23.508160536368553,22.736183636422552,22.95886993408203,1056900,0.0,0.0
2008-05-05 00:00:00-04:00,22.869799201532583,23.04052581819105,22.788148818744137,23.010833740234375,486800,0.0,0.0
2008-05-06 00:00:00-04:00,22.958871598941396,23.419087432377427,22.936602542821827,23.344860076904297,613300,0.0,0.0
2008-05-07 00:00:00-04:00,23.19640331488186,23.23351699386723,22.535770201528777,22.62484359741211,624600,0.0,0.0
2008-05-08 00:00:00-04:00,22.862375209963247,23.404244283263303,22.854953606585838,23.159290313720703,689800,0.0,0.0
2008-05-09 00:00:00-04:00,23.374551219866966,23.508162727758496,23.12217424180432,23.233516693115234,691400,0.0,0.0
2008-05-12 00:00:00-04:00,23.233514972341833,23.456201274266643,22.98856103128173,23.40424156188965,450600,0.0,0.0
2008-05-13 00:00:00-04:00,23.070215283761684,23.381975007155603,22.862374996233694,23.248363494873047,959100,0.0,0.0
2008-05-14 00:00:00-04:00,23.240942452771666,23.35970793694876,22.966297801535738,22.98856544494629,582700,0.0,0.0
2008-05-15 00:00:00-04:00,23.092483340331636,23.68631068496858,22.981139474390652,23.656620025634766,718900,0.0,0.0
2008-05-16 00:00:00-04:00,23.61950602208964,23.94611036881924,23.456203848724844,23.82734489440918,1079500,0.0,0.0
2008-05-19 00:00:00-04:00,23.574970984072714,23.574970984072714,22.832686008815244,22.97372055053711,840700,0.0,0.0
2008-05-20 00:00:00-04:00,23.15186686517919,23.381974792107176,23.09990714772411,23.37455177307129,815800,0.0,0.0
2008-05-21 00:00:00-04:00,23.463628006133597,23.75311868707757,23.292901389565113,23.448781967163086,1642200,0.0,0.0
2008-05-22 00:00:00-04:00,23.693734188943036,23.805076641367986,23.37455145374104,23.545276641845703,859700,0.0,0.0
2008-05-23 00:00:00-04:00,23.515585773888947,23.7308476579002,23.21867209811683,23.708580017089844,1269400,0.0,0.0
2008-05-27 00:00:00-04:00,23.240939361093737,23.70115661290572,23.166710589408442,23.66404151916504,1213200,0.0,0.0
2008-05-28 00:00:00-04:00,24.10941337663002,24.44344215022646,23.975801867191443,24.384057998657227,1409500,0.0,0.0
2008-05-29 00:00:00-04:00,24.443443025572478,24.525094821108112,24.15395235528599,24.391483306884766,836500,0.0,0.0
2008-05-30 00:00:00-04:00,24.272719995974356,24.53251861258442,24.176222153408098,24.443445205688477,664900,0.0,0.0
2008-06-02 00:00:00-04:00,24.332098931404808,24.62901403399308,23.916421185691952,24.116838455200195,931700,0.0,0.0
2008-06-03 00:00:00-04:00,23.908996414078153,24.257871229967872,23.57496905206414,23.7753849029541,719500,0.0,0.0
2008-06-04 00:00:00-04:00,23.753120379039743,24.354372258007523,23.753120379039743,24.191068649291992,782500,0.0,0.0
2008-06-05 00:00:00-04:00,24.539939079170534,24.777470013536547,24.41374917751804,24.747777938842773,572400,0.0,0.0
2008-06-06 00:00:00-04:00,24.33952164605402,24.487979186855338,23.908995060889406,23.953533172607422,790500,0.0,0.0
2008-06-09 00:00:00-04:00,23.931266593242896,23.931266593242896,23.04052414054695,23.32259178161621,792700,0.0,0.0
2008-06-10 00:00:00-04:00,22.275971825236237,22.513502785970058,22.060708507198584,22.134937286376953,969900,0.0,0.0
2008-06-11 00:00:00-04:00,22.186895396896627,22.24627813277051,21.466879547451313,21.526262283325195,1026400,0.0,0.0
2008-06-12 00:00:00-04:00,21.867714531890133,22.21658937382429,21.637606587662823,21.78606414794922,919600,0.0,0.0
2008-06-13 00:00:00-04:00,22.031017941201377,22.558039585656207,21.904829440786017,22.491233825683594,992800,0.0,0.0
2008-06-16 00:00:00-04:00,22.417002081427004,22.788144490617544,22.34277331642971,22.609994888305664,823200,0.0,0.0
2008-06-17 00:00:00-04:00,22.810415198546767,22.84753029393778,22.19431877301719,22.231433868408203,848300,0.0,0.0
2008-06-18 00:00:00-04:00,22.04586482995954,22.142361255974617,21.771218759953722,21.808332443237305,970400,0.0,0.0
2008-06-19 00:00:00-04:00,21.55595570889295,22.365045004912407,21.518840611775236,22.261125564575195,917900,0.0,0.0
2008-06-20 00:00:00-04:00,21.05862426426306,21.184812760056808,19.930350821377324,20.145612716674805,2235900,0.0,0.0
2008-06-23 00:00:00-04:00,20.182725623507995,20.605827764742255,19.8264278167564,20.093650817871094,1293000,0.0,0.0
2008-06-24 00:00:00-04:00,20.034271663697382,20.47964293982276,19.870969475963122,20.2198429107666,1176500,0.0,0.0
2008-06-25 00:00:00-04:00,20.435104534661154,20.754285863762867,20.368298778017596,20.531600952148438,690200,0.0,0.0
2008-06-26 00:00:00-04:00,20.40541317391587,20.732018949432184,19.811585778246386,19.89323616027832,1168200,0.0,0.0
2008-06-27 00:00:00-04:00,20.2569574682828,20.390567573332998,19.81158620406015,20.115922927856445,983900,0.0,0.0
2008-06-30 00:00:00-04:00,20.056539755934573,20.256957032896594,19.89323616027832,19.89323616027832,1386700,0.0,0.0
2008-07-01 00:00:00-04:00,19.529514389149902,19.885812200125418,19.247446763581806,19.74477767944336,1665300,0.0,0.0
2008-07-02 00:00:00-04:00,19.707664825570145,19.737356903106193,19.069300732303102,19.09899139404297,845600,0.0,0.0
2008-07-03 00:00:00-04:00,19.388483486834716,19.44786622611063,19.06187771291909,19.09899139404297,735100,0.0,0.0
2008-07-07 00:00:00-04:00,19.38848304748535,19.60374494155907,19.024762184891703,19.38848304748535,936600,0.0,0.0
2008-07-08 00:00:00-04:00,18.750117229714682,19.121259689331055,18.438357507005083,19.121259689331055,1397100,0.0,0.0
2008-07-09 00:00:00-04:00,18.854037204421203,18.965379662330356,18.31216953767946,18.34928321838379,1265700,0.0,0.0
2008-07-10 00:00:00-04:00,18.698157287212826,18.89857313699235,18.408665209449318,18.809499740600586,1271800,0.0,0.0
2008-07-11 00:00:00-04:00,18.260209547869405,18.50516351795928,17.926180763294052,18.33443832397461,1272800,0.0,0.0
2008-07-14 00:00:00-04:00,18.557124485429025,18.868884233416082,18.31959351854293,18.67588996887207,993300,0.0,0.0
2008-07-15 00:00:00-04:00,18.47546977893354,19.470131608182125,18.35670431416917,19.26971435546875,2038900,0.0,0.0
2008-07-16 00:00:00-04:00,18.928266029542286,20.115922220437504,18.80950055203238,19.841276168823242,1710400,0.0,0.0
2008-07-17 00:00:00-04:00,20.464793120601975,20.732016120082758,20.108496731824932,20.435102462768555,821900,0.0,0.0
2008-07-18 00:00:00-04:00,20.360877383597664,20.73944289618756,20.242111899153333,20.479642868041992,1069800,0.0,0.0
2008-07-21 00:00:00-04:00,20.835936175239897,21.229347667930984,19.93777215777396,20.01942253112793,2043900,0.0,0.0
2008-07-22 00:00:00-04:00,20.101077881817794,20.14561458570159,19.2251813492575,19.967466354370117,2399800,0.0,0.0
2008-07-23 00:00:00-04:00,20.03427069761704,20.29407071414528,19.76704766166843,19.93035125732422,1591900,0.0,0.0
2008-07-24 00:00:00-04:00,19.9006586880266,19.967464445363415,19.52951622095369,19.566631317138672,823800,0.0,0.0
2008-07-25 00:00:00-04:00,19.982308581128212,20.160456778464457,19.729931614286198,20.00457763671875,696200,0.0,0.0
2008-07-28 00:00:00-04:00,20.153035621363223,20.153035621363223,19.24002549476157,19.38848304748535,657300,0.0,0.0
2008-07-29 00:00:00-04:00,19.63343249301971,20.115917304467576,19.574049768776835,20.071380615234375,895700,0.0,0.0
2008-07-30 00:00:00-04:00,20.10107557894393,20.17530435411045,19.722510099811185,19.997156143188477,605800,0.0,0.0
2008-07-31 00:00:00-04:00,19.663129000293615,19.989734788746887,19.410751993188303,19.470134735107422,935600,0.0,0.0
2008-08-01 00:00:00-04:00,19.796739193781526,20.167881659794833,19.054454261754916,19.38848304748535,943600,0.0,0.0
2008-08-04 00:00:00-04:00,19.633434416335156,19.655702055235214,19.321674729570727,19.329097747802734,776900,0.0,0.0
2008-08-05 00:00:00-04:00,19.82643210730026,20.353455205127467,19.529518383916916,20.197574615478516,883900,0.0,0.0
2008-08-06 00:00:00-04:00,20.294069459524113,20.524177384145123,20.108498232875792,20.42768096923828,773000,0.0,0.0
2008-08-07 00:00:00-04:00,20.19015132501233,20.36829954416409,20.004580086421395,20.10849952697754,534600,0.0,0.0
2008-08-08 00:00:00-04:00,19.455288297221163,20.034271080921787,19.447866693454987,19.937774658203125,694800,0.0,0.0
2008-08-11 00:00:00-04:00,19.900658098264657,20.20499479898164,19.767046587550638,20.12334442138672,602000,0.0,0.0
2008-08-12 00:00:00-04:00,20.049116787260285,20.21241896753368,19.90065923006906,20.10849952697754,496100,0.0,0.0
2008-08-13 00:00:00-04:00,19.92292721481839,20.44252722119229,19.856121459261857,20.30149269104004,712300,0.0,0.0
2008-08-14 00:00:00-04:00,20.650364963423648,20.932434008324833,20.494485819501442,20.71717071533203,823500,0.0,0.0
2008-08-15 00:00:00-04:00,20.50932981525011,20.635518296583143,20.219839176343257,20.435102462768555,827000,0.0,0.0
2008-08-18 00:00:00-04:00,20.13818953235712,20.420258598664695,19.833852824254205,20.012001037597656,735800,0.0,0.0
2008-08-19 00:00:00-04:00,19.34394385423212,19.663126583744205,19.225178384989867,19.544361114501953,762300,0.0,0.0
2008-08-20 00:00:00-04:00,19.262296028660703,19.425598216535334,18.98022694002713,19.16579818725586,755600,0.0,0.0
2008-08-21 00:00:00-04:00,19.38105791360462,19.566629126363623,19.225177358673143,19.477554321289062,463500,0.0,0.0
2008-08-22 00:00:00-04:00,19.52209275982756,19.544361817034485,19.15837332022456,19.343944549560547,670900,0.0,0.0
2008-08-25 00:00:00-04:00,19.38105941611196,19.440442152166618,18.920842149841278,19.069299697875977,634000,0.0,0.0
2008-08-26 00:00:00-04:00,19.232598019237255,19.43301524423764,19.22517500174141,19.291980743408203,530900,0.0,0.0
2008-08-27 00:00:00-04:00,19.507249875665853,19.83385424902584,19.48498081647466,19.68539810180664,452000,0.0,0.0
2008-08-28 00:00:00-04:00,19.997157669320973,20.086231073681756,19.893236809838417,19.989734649658203,502700,0.0,0.0
2008-08-29 00:00:00-04:00,20.093654047566385,20.15303678893703,19.611169096955372,19.811586380004883,570000,0.0,0.0
2008-09-02 00:00:00-04:00,20.22726219073094,20.22726219073094,19.373634895198744,19.477554321289062,814400,0.0,0.0
2008-09-03 00:00:00-04:00,19.70024244741851,19.774469806747835,19.410750366008862,19.559207916259766,924900,0.0,0.0
2008-09-04 00:00:00-04:00,19.150950841391097,19.240025656935405,18.111752210953686,18.208250045776367,1182000,0.0,0.0
2008-09-05 00:00:00-04:00,18.282476046434006,18.44577962681326,18.148865956754697,18.31216812133789,1321600,0.0,0.0
2008-09-08 00:00:00-04:00,18.245362853517985,18.31959162695446,17.933603137721658,18.237939834594727,1147800,0.0,0.0
2008-09-09 00:00:00-04:00,17.71091794756084,18.1340201087899,16.95378701915301,17.050283432006836,1857000,0.0,0.0
2008-09-10 00:00:00-04:00,17.45111917910945,17.569884656720884,17.005747930168493,17.287817001342773,1842000,0.0,0.0
2008-09-11 00:00:00-04:00,16.864711427451155,17.31750564290262,16.82759775095015,17.295236587524414,1012500,0.0,0.0
2008-09-12 00:00:00-04:00,17.191318065292453,17.31008353530031,16.886981371422806,17.005746841430664,1354000,0.0,0.0
2008-09-15 00:00:00-04:00,16.864713792472653,17.109667772799988,16.308000072110882,16.38222885131836,1537400,0.0,0.0
2008-09-16 00:00:00-04:00,16.233770986411464,17.376888968063554,16.20407891156011,17.176471710205078,2094300,0.0,0.0
2008-09-17 00:00:00-04:00,16.812751047677477,16.983476218089205,16.337689211472338,16.352535247802734,1451400,0.0,0.0
2008-09-18 00:00:00-04:00,16.753368636532727,17.31008226733889,16.24861471807445,17.065128326416016,1601300,0.0,0.0
2008-09-19 00:00:00-04:00,17.725762285308353,18.408664430533072,17.50307738795518,18.39381980895996,2184000,0.0,0.0
2008-09-22 00:00:00-04:00,18.40124304364041,18.40124304364041,17.517923630951703,17.569883346557617,678400,0.0,0.0
2008-09-23 00:00:00-04:00,18.12659338298037,18.260204862527466,17.59957048207748,17.658954620361328,1139900,0.0,0.0
2008-09-24 00:00:00-04:00,17.844532659973872,18.05237156062419,17.636692343527226,17.903915405273438,543600,0.0,0.0
2008-09-25 00:00:00-04:00,18.126600346197733,18.371554347532985,17.68122904855282,17.903915405273438,691200,0.0,0.0
2008-09-26 00:00:00-04:00,17.696074447175377,17.970719103303765,17.48823413826492,17.844532012939453,763900,0.0,0.0
2008-09-29 00:00:00-04:00,17.324929993468654,17.34719905055912,16.16696592489072,16.31542205810547,1421100,0.0,0.0
2008-09-30 00:00:00-04:00,16.731103925379234,17.324931335841473,16.456457863167806,17.31008529663086,1307000,0.0,0.0
2008-10-01 00:00:00-04:00,16.938944211790925,17.131938490098527,16.523264990095658,16.768218994140625,1102200,0.0,0.0
2008-10-02 00:00:00-04:00,16.33026813034797,16.337691149393663,15.61025227246923,15.654788970947266,1088500,0.0,0.0
2008-10-03 00:00:00-04:00,15.751283581629139,16.181808726362195,15.28364476171749,15.313335418701172,1059700,0.0,0.0
2008-10-06 00:00:00-04:00,15.112922901352729,15.320761793156843,14.392905552470575,15.276225090026855,1698900,0.0,0.0
2008-10-07 00:00:00-04:00,14.823431176871281,15.009002429832696,13.858461227790436,14.0143404006958,1758800,0.0,0.0
2008-10-08 00:00:00-04:00,13.717424084824607,14.615589515507429,13.108750716753226,13.925264358520508,2051800,0.0,0.0
2008-10-09 00:00:00-04:00,14.24444748193962,14.24444748193962,13.004831654968386,13.234939575195312,1727700,0.0,0.0
2008-10-10 00:00:00-04:00,13.012253971653974,14.036606444968141,12.782144648047547,13.658041000366211,2243000,0.0,0.0
2008-10-13 00:00:00-04:00,14.088566961340119,15.38756552703978,13.84361300272574,15.320759773254395,1509400,0.0,0.0
2008-10-14 00:00:00-04:00,15.216838981999654,15.335604441278415,14.259290873794203,14.541359901428223,1381600,0.0,0.0
2008-10-15 00:00:00-04:00,14.23702396143123,14.459708854991401,13.168133357591161,13.19782543182373,1017600,0.0,0.0
2008-10-16 00:00:00-04:00,13.583813017194291,14.110836029052734,12.700495011191505,14.110836029052734,1805000,0.0,0.0
2008-10-17 00:00:00-04:00,13.324014554108857,14.214755586823319,13.220093705111767,13.331436157226562,1641900,0.0,0.0
2008-10-20 00:00:00-04:00,13.027098425386365,13.620927149129697,12.693071095589472,13.561544418334961,1662400,0.0,0.0
2008-10-21 00:00:00-04:00,11.134274337041282,12.00274779196235,11.08231461666248,11.527685165405273,4112700,0.0,0.0
2008-10-22 00:00:00-04:00,10.659211128813586,11.876558644743051,10.310337728310863,10.570137023925781,1546800,0.0,0.0
2008-10-23 00:00:00-04:00,10.763132053693965,11.22334864966276,10.503332031307625,11.112006187438965,2134100,0.0,0.0
2008-10-24 00:00:00-04:00,10.102497779595087,11.5128395904789,10.095075468196866,11.126851081848145,2789800,0.0,0.0
2008-10-27 00:00:00-04:00,10.443948322080784,10.792822423479574,10.09507492858004,10.147034645080566,1767700,0.0,0.0
2008-10-28 00:00:00-04:00,10.391987679666023,10.763130096796951,9.916925130895159,10.696324348449707,2076800,0.0,0.0
2008-10-29 00:00:00-04:00,10.800245993213133,10.933856800728627,10.48106324323541,10.599828720092773,1528400,0.0,0.0
2008-10-30 00:00:00-04:00,11.267883788836201,11.31984349968445,10.770552903037899,11.08231258392334,919500,0.0,0.0
2008-10-31 00:00:00-04:00,11.01550794096962,11.208502183318219,10.792822331174934,10.9783935546875,799500,0.0,0.0
2008-11-03 00:00:00-05:00,11.126850783525668,11.230770927193452,10.963548610773804,11.186233520507812,1501900,0.0,0.0
2008-11-04 00:00:00-05:00,11.817176167449972,12.188318633242,11.68356465323746,12.158626556396484,1170800,0.0,0.0
2008-11-05 00:00:00-05:00,11.846867922927848,12.00274779196235,11.46087940611933,11.527685165405273,1507700,0.0,0.0
2008-11-06 00:00:00-05:00,10.874475117982907,11.46088024781731,10.636944141208916,10.666635513305664,1421900,0.0,0.0
2008-11-07 00:00:00-05:00,10.74086285357982,11.112005308844795,10.74086285357982,10.941279411315918,1319800,0.0,0.0
2008-11-10 00:00:00-05:00,10.933856800728627,10.99324024705539,10.458794893299174,10.599828720092773,616200,0.0,0.0
2008-11-11 00:00:00-05:00,10.629519730154735,10.70374850463157,10.317760009988918,10.481062889099121,1077600,0.0,0.0
2008-11-12 00:00:00-05:00,10.139611110880942,10.265799594167584,9.582897463874467,9.634857177734375,752500,0.0,0.0
2008-11-13 00:00:00-05:00,10.10249654435772,10.481061987404782,9.434440463131843,10.458793640136719,1526200,0.0,0.0
2008-11-14 00:00:00-05:00,10.013423390554198,10.0876521656367,9.53093847621214,9.560629844665527,856700,0.0,0.0
2008-11-17 00:00:00-05:00,9.41959448651104,9.746200218719098,9.28598369415138,9.367634773254395,473100,0.0,0.0
2008-11-18 00:00:00-05:00,9.308250949872683,9.449284744127729,8.93710856637234,9.211753845214844,627800,0.0,0.0
2008-11-19 00:00:00-05:00,9.167218755254464,9.300829555258462,8.714424515318898,8.721847534179688,652000,0.0,0.0
2008-11-20 00:00:00-05:00,8.447201599829945,8.951955519689454,8.239362041963437,8.291321754455566,1202100,0.0,0.0
2008-11-21 00:00:00-05:00,8.788653061976767,9.382481105496446,8.617927172062025,9.308252334594727,2058700,0.0,0.0
2008-11-24 00:00:00-05:00,9.182064709601288,9.30825320722532,8.944533753084562,9.241447448730469,2008000,0.0,0.0
2008-11-25 00:00:00-05:00,9.701661237970583,9.723930289656673,9.15979372243766,9.375056266784668,1067800,0.0,0.0
2008-11-26 00:00:00-05:00,9.122680956658977,9.90950322452738,9.063298224129062,9.87238883972168,731000,0.0,0.0
2008-11-28 00:00:00-05:00,9.746200858454356,9.842697980763575,9.530938264963964,9.68681812286377,227400,0.0,0.0
2008-12-01 00:00:00-05:00,9.27856100517431,9.34536675767525,8.699578996662881,8.736693382263184,906000,0.0,0.0
2008-12-02 00:00:00-05:00,8.96680160059782,9.278561317497584,8.803498723198409,9.226601600646973,648000,0.0,0.0
2008-12-03 00:00:00-05:00,8.870306213256947,9.464134395327736,8.773809071729351,9.360214233398438,989100,0.0,0.0
2008-12-04 00:00:00-05:00,9.16721869927453,9.22660143400214,8.551122295552064,8.744115829467773,741100,0.0,0.0
2008-12-05 00:00:00-05:00,8.662463287529837,9.271136569943065,8.491737423012761,9.211753845214844,719500,0.0,0.0
2008-12-08 00:00:00-05:00,9.300829947950602,9.813006944601122,9.234024191178962,9.716509819030762,1072900,0.0,0.0
2008-12-09 00:00:00-05:00,9.300827510293471,9.761043960004386,9.19690810068326,9.375056266784668,817400,0.0,0.0
2008-12-10 00:00:00-05:00,9.694241028705646,10.295491396521388,9.694241028705646,10.080228805541992,549400,0.0,0.0
2008-12-11 00:00:00-05:00,10.013424335890429,10.362298479077399,9.827853088563039,9.909504890441895,653500,0.0,0.0
2008-12-12 00:00:00-05:00,9.746201217980813,10.109920663864878,9.66455013050625,10.006000518798828,479700,0.0,0.0
2008-12-15 00:00:00-05:00,10.043114733452251,10.065383790659173,9.530938451960068,9.671972274780273,445500,0.0,0.0
2008-12-16 00:00:00-05:00,9.924349873950682,10.51817798614502,9.805584393091435,10.51817798614502,762000,0.0,0.0
2008-12-17 00:00:00-05:00,10.369721323614593,10.74828612376203,10.295492542778874,10.503332138061523,605300,0.0,0.0
2008-12-18 00:00:00-05:00,10.547867459992261,10.577558824868957,10.102496278943851,10.258376121520996,691000,0.0,0.0
2008-12-19 00:00:00-05:00,10.518177550011405,10.718594113676634,10.377143016415433,10.5330228805542,977500,0.0,0.0
2008-12-22 00:00:00-05:00,10.614675400462602,10.636943751745287,10.169304127420151,10.369721412658691,598200,0.0,0.0
2008-12-23 00:00:00-05:00,10.495907598415576,10.68890111340667,10.28806733935137,10.362296104431152,442500,0.0,0.0
2008-12-24 00:00:00-05:00,10.510753139884242,10.726015713504262,10.391987679666023,10.696324348449707,177500,0.0,0.0
2008-12-26 00:00:00-05:00,10.733441277497887,10.748286609597187,10.592407437012868,10.666635513305664,240600,0.0,0.0
2008-12-29 00:00:00-05:00,11.089737604598374,11.223349131319436,10.79282388732728,10.94870376586914,724400,0.0,0.0
2008-12-30 00:00:00-05:00,11.24561634812158,11.713255936548352,11.24561634812158,11.690987586975098,1074600,0.0,0.0
2008-12-31 00:00:00-05:00,11.698409859814259,11.705832878497803,11.505415621430226,11.564798355102539,551800,0.0,0.0
2009-01-02 00:00:00-05:00,11.334690932704701,11.935941314294892,11.334690932704701,11.928518295288086,598000,0.0,0.0
2009-01-05 00:00:00-05:00,11.787485039270857,12.173472843471659,11.698410930609134,11.958210945129395,919600,0.0,0.0
2009-01-06 00:00:00-05:00,11.386648943200893,11.453454688452462,10.510752652832224,11.253037452697754,2811300,0.0,0.0
2009-01-07 00:00:00-05:00,11.282731677462712,11.349537439654952,10.763132327375914,10.963549613952637,815900,0.0,0.0
2009-01-08 00:00:00-05:00,10.829937064868487,10.97839390686125,10.62951979725471,10.896742820739746,742400,0.0,0.0
2009-01-09 00:00:00-05:00,10.703747438020889,10.718592766698109,10.295490634876522,10.41425609588623,857400,0.0,0.0
2009-01-12 00:00:00-05:00,10.19157227687653,10.243532706037977,9.89465857266017,10.057961463928223,659600,0.0,0.0
2009-01-13 00:00:00-05:00,9.954040129968138,10.147034368710814,9.842697681100148,10.095074653625488,822700,0.0,0.0
2009-01-14 00:00:00-05:00,10.0282701831668,10.087652924540999,9.686819066316103,9.887235641479492,1657500,0.0,0.0
2009-01-15 00:00:00-05:00,9.79816025881102,10.325182551087346,9.657126443310831,10.206417083740234,1498100,0.0,0.0
2009-01-16 00:00:00-05:00,9.954039830168488,10.087651331104334,9.471554955741492,9.805583000183105,1190000,0.0,0.0
2009-01-20 00:00:00-05:00,8.60308145908328,8.677309518777786,8.165133287663124,8.17997932434082,2618000,0.0,0.0
2009-01-21 00:00:00-05:00,8.187401963771638,8.536276052838211,8.12059621183357,8.521430015563965,1474200,0.0,0.0
2009-01-22 00:00:00-05:00,7.793991983862249,8.09090568104062,7.6306890964650975,8.053791999816895,1643600,0.0,0.0
2009-01-23 00:00:00-05:00,7.311507623830582,7.875643692823949,7.311507623830582,7.697495460510254,1540200,0.0,0.0
2009-01-26 00:00:00-05:00,7.497076702761782,7.645533519986206,7.1185112879160455,7.22243070602417,1804300,0.0,0.0
2009-01-27 00:00:00-05:00,7.237277594720986,7.400580466864599,7.222431557299736,7.304083347320557,687700,0.0,0.0
2009-01-28 00:00:00-05:00,7.430270671844482,7.534190085949941,7.341196584940696,7.430270671844482,1000200,0.0,0.0
2009-01-29 00:00:00-05:00,7.326351459084084,7.504499655000888,7.2224313241836136,7.266968727111816,775000,0.0,0.0
2009-01-30 00:00:00-05:00,7.326351232256448,7.326351232256448,7.081397293480243,7.11851167678833,1131700,0.0,0.0
2009-02-02 00:00:00-05:00,7.044284017285803,7.140781145893593,6.910673207434942,7.01459264755249,844500,0.0,0.0
2009-02-03 00:00:00-05:00,7.05170629636562,7.185317800087283,6.940363848529581,7.16304874420166,794700,0.0,0.0
2009-02-04 00:00:00-05:00,7.155627166562203,7.459963882531365,7.155627166562203,7.289237976074219,1039900,0.0,0.0
2009-02-05 00:00:00-05:00,7.022014617919922,7.140780079110434,6.829020389536345,7.022014617919922,1212700,0.0,0.0
2009-02-06 00:00:00-05:00,7.244700569935834,7.68264876066097,7.222431513937658,7.600996971130371,1794600,0.0,0.0
2009-02-09 00:00:00-05:00,7.6752253649475035,7.719762058959933,7.526768538409426,7.556459903717041,765500,0.0,0.0
2009-02-10 00:00:00-05:00,7.43769534931523,7.556460825025976,7.022015476429546,7.029438495635986,1119200,0.0,0.0
2009-02-11 00:00:00-05:00,7.363466840720485,7.400581230203778,7.007169692738216,7.155627250671387,1160300,0.0,0.0
2009-02-12 00:00:00-05:00,7.155627951983837,7.3486215219953905,7.096245206149794,7.318930149078369,1063600,0.0,0.0
2009-02-13 00:00:00-05:00,7.341196867701652,7.415424922364892,7.207585378250699,7.22243070602417,622400,0.0,0.0
2009-02-17 00:00:00-05:00,6.955210066153255,6.984901436561349,6.784484863281249,6.78448486328125,960100,0.0,0.0
2009-02-18 00:00:00-05:00,6.636026583431137,6.6508726209736615,6.457878380309047,6.584066867828369,978500,0.0,0.0
2009-02-19 00:00:00-05:00,6.695411350777473,6.739948056423141,6.405919932487936,6.4133429527282715,584300,0.0,0.0
2009-02-20 00:00:00-05:00,6.279731196523644,6.43561107653267,6.242616804540896,6.376228332519531,981400,0.0,0.0
2009-02-23 00:00:00-05:00,6.272308200444281,6.272308200444281,5.826937264699855,5.84920597076416,734400,0.0,0.0
2009-02-24 00:00:00-05:00,5.826936299716318,6.2648841429289,5.812090616115028,6.235192775726318,1487200,0.0,0.0
2009-02-25 00:00:00-05:00,6.36138166743,6.524684551367322,6.264884540916949,6.405919075012207,1680300,0.0,0.0
2009-02-26 00:00:00-05:00,6.465301385505305,6.539530157266003,6.383650302886963,6.383650302886963,1478100,0.0,0.0
2009-02-27 00:00:00-05:00,6.301998186019061,6.43560968510998,6.301998186019061,6.353958606719971,1092900,0.0,0.0
2009-03-02 00:00:00-05:00,6.138696916483264,6.250039376553024,6.086736488272358,6.1015825271606445,1554700,0.0,0.0
2009-03-03 00:00:00-05:00,6.079313142140842,6.175810266034895,5.997662056337287,6.071890830993652,1658500,0.0,0.0
2009-03-04 00:00:00-05:00,6.09415957198959,6.301999163330938,6.057045182275537,6.205502033233643,1755600,0.0,0.0
2009-03-05 00:00:00-05:00,5.916010528301283,6.027353334675257,5.878896495475974,5.886319160461426,1144600,0.0,0.0
2009-03-06 00:00:00-05:00,5.901165144819131,6.012508310810788,5.8269367214404015,5.94570255279541,1990500,0.0,0.0
2009-03-09 00:00:00-04:00,5.619097501503104,5.930856899973763,5.604251815861645,5.671057224273682,1235300,0.0,0.0
2009-03-10 00:00:00-04:00,5.7749766110972995,6.057044600841122,5.7749766110972995,6.04962158203125,1179700,0.0,0.0
2009-03-11 00:00:00-04:00,6.094158691688567,6.175809770946503,5.997661575530278,6.109004020690918,898400,0.0,0.0
2009-03-12 00:00:00-04:00,6.079312701203804,6.198078873619404,5.975393273699916,6.160964488983154,1429900,0.0,0.0
2009-03-13 00:00:00-04:00,6.532107716038933,6.932941561610286,6.450455918303412,6.814176082611084,2072600,0.0,0.0
2009-03-16 00:00:00-04:00,6.866134709735887,6.940363476243576,6.628603789548054,6.658295154571533,982200,0.0,0.0
2009-03-17 00:00:00-04:00,6.598912623209398,7.0591291488788475,6.554375220384224,6.992323398590088,963400,0.0,0.0
2009-03-18 00:00:00-04:00,7.014592274540533,7.304083644969744,7.007169255527413,7.244700908660889,925700,0.0,0.0
2009-03-19 00:00:00-04:00,7.51192438139515,7.56388410671003,7.370890537869832,7.467387676239014,786400,0.0,0.0
2009-03-20 00:00:00-04:00,7.497078700012647,7.534192383282525,7.096244832774035,7.185318946838379,1041900,0.0,0.0
2009-03-23 00:00:00-04:00,7.3560439694755715,7.85337495803833,7.341198638121967,7.85337495803833,805800,0.0,0.0
2009-03-24 00:00:00-04:00,7.853375340759274,7.979563848956011,7.600998324365798,7.697495460510254,654400,0.0,0.0
2009-03-25 00:00:00-04:00,7.801415519696982,8.187403351580125,7.586152898018387,7.868221282958984,1266700,0.0,0.0
2009-03-26 00:00:00-04:00,8.105751370290669,8.358128355957657,7.92760315966623,8.335859298706055,1063800,0.0,0.0
2009-03-27 00:00:00-04:00,7.949872378113575,8.09832923653017,7.801415519696982,7.868221282958984,837300,0.0,0.0
2009-03-30 00:00:00-04:00,7.645536706018061,7.660382039977848,7.281817175275306,7.534193515777588,860300,0.0,0.0
2009-03-31 00:00:00-04:00,7.652958202485585,7.808838071452546,7.526769703421945,7.6306891441345215,617500,0.0,0.0
2009-04-01 00:00:00-04:00,7.727185187890796,7.942447766427402,7.623265761775329,7.897911071777344,683400,0.0,0.0
2009-04-02 00:00:00-04:00,8.194826901125824,8.551124092252087,8.150289486773222,8.298747062683105,1337200,0.0,0.0
2009-04-03 00:00:00-04:00,8.328436316906668,8.424933433532715,8.165133449701202,8.424933433532715,510700,0.0,0.0
2009-04-06 00:00:00-04:00,8.454624769103782,8.714424044100817,8.328436286885964,8.647618293762207,1123200,0.0,0.0
2009-04-07 00:00:00-04:00,8.35070638784855,8.476894896563447,8.194826506959451,8.202249526977539,1027300,0.0,0.0
2009-04-08 00:00:00-04:00,8.20967132689669,8.410087882312654,8.03152241242933,8.35070514678955,733200,0.0,0.0
2009-04-09 00:00:00-04:00,8.677309078730783,8.951955080156278,8.58823498687574,8.914840698242188,961500,0.0,0.0
2009-04-13 00:00:00-04:00,8.640197464659881,8.751539929049812,8.217094542602263,8.462048530578613,1596800,0.0,0.0
2009-04-14 00:00:00-04:00,8.744119397034797,8.77381077651257,8.46947395989082,8.51401138305664,999700,0.0,0.0
2009-04-15 00:00:00-04:00,8.573390883182155,8.840613196908285,8.462047721539392,8.707001686096191,1090600,0.0,0.0
2009-04-16 00:00:00-04:00,9.115259396118612,9.130105435574745,8.877728428005488,8.989070892333984,1528300,0.0,0.0
2009-04-17 00:00:00-04:00,9.130104117725155,9.182063832525447,9.003915632154717,9.10783576965332,893900,0.0,0.0
2009-04-20 00:00:00-04:00,8.833191102928788,8.840614122728615,8.469471627514832,8.528854370117188,1220900,0.0,0.0
2009-04-21 00:00:00-04:00,8.491738852926419,8.840612950374647,8.469470504378075,8.744115829467773,1011000,0.0,0.0
2009-04-22 00:00:00-04:00,8.528851983938177,8.907417393037786,8.499160620943968,8.714423179626465,1416200,0.0,0.0
2009-04-23 00:00:00-04:00,7.704917387640719,8.402664885850681,7.660379981930357,8.239362716674805,4117800,0.0,0.0
2009-04-24 00:00:00-04:00,8.751538823684742,9.248869756554111,8.38781939752596,9.20433235168457,2450700,0.0,0.0
2009-04-27 00:00:00-04:00,8.855458589721112,9.085566499466717,8.781229820701107,8.885149955749512,1048800,0.0,0.0
2009-04-28 00:00:00-04:00,8.796076907835003,9.130104992508894,8.751539499526041,9.041030883789062,767000,0.0,0.0
2009-04-29 00:00:00-04:00,9.352790426694513,9.902081106498665,9.300830000081959,9.694241523742676,1213100,0.0,0.0
2009-04-30 00:00:00-04:00,9.998578812479701,10.22868675833019,9.783316198023703,9.887235641479492,1014600,0.0,0.0
2009-05-01 00:00:00-04:00,10.228685729281116,10.614674217279443,10.102497239581512,10.147034645080566,1189000,0.0,0.0
2009-05-04 00:00:00-04:00,10.577558661131935,10.703747136879029,10.43652485712528,10.622096061706543,2318700,0.0,0.0
2009-05-05 00:00:00-04:00,11.112007460378228,11.134275813794323,10.540447628812322,10.636944770812988,1667400,0.0,0.0
2009-05-06 00:00:00-04:00,11.14169648381513,11.14169648381513,10.80024540257429,10.956125259399414,1608400,0.0,0.0
2009-05-07 00:00:00-04:00,11.557377322680534,11.61676006655842,10.622098752654736,10.68890380859375,2317300,0.0,0.0
2009-05-08 00:00:00-04:00,10.919010071967719,11.178810050251194,10.666633112011885,10.852204322814941,1203500,0.0,0.0
2009-05-11 00:00:00-04:00,10.867050487842493,10.874472798359822,10.510753390784739,10.547867774963379,1085500,0.0,0.0
2009-05-12 00:00:00-04:00,10.525600146803244,10.525600146803244,10.095074959869503,10.236108779907227,1107600,0.0,0.0
2009-05-13 00:00:00-04:00,9.835275849927278,9.879813259590797,9.575475827335993,9.620013236999512,849300,0.0,0.0
2009-05-14 00:00:00-04:00,9.850120593137278,9.96888605941658,9.723932108241018,9.79073715209961,1235700,0.0,0.0
2009-05-15 00:00:00-04:00,9.924348797331543,10.08022865102358,9.768468943639508,9.835274696350098,605700,0.0,0.0
2009-05-18 00:00:00-04:00,10.191570841377066,10.37714205734881,10.154457164501126,10.332605361938477,670700,0.0,0.0
2009-05-19 00:00:00-04:00,10.636941895028462,10.874472821643552,10.57755916337469,10.748284339904785,884000,0.0,0.0
2009-05-20 00:00:00-04:00,10.696325625827162,10.874473837429324,10.458794677024283,10.52560043334961,762500,0.0,0.0
2009-05-21 00:00:00-04:00,10.414257319783195,10.540445813910344,10.057960894881651,10.265800476074219,878300,0.0,0.0
2009-05-22 00:00:00-04:00,10.607250835164214,10.614673853809549,10.184148682952344,10.22868537902832,972700,0.0,0.0
2009-05-26 00:00:00-04:00,10.310337889940001,10.785399790122232,10.265800482848881,10.70374870300293,627200,0.0,0.0
2009-05-27 00:00:00-04:00,10.726017216517937,10.755708585733078,10.354874747379613,10.399412155151367,649700,0.0,0.0
2009-05-28 00:00:00-04:00,10.503331566007205,10.58498336205903,10.250955282287062,10.510754585266113,648100,0.0,0.0
2009-05-29 00:00:00-04:00,10.666633054480858,10.688901401445682,10.295490634876522,10.41425609588623,913700,0.0,0.0
2009-06-01 00:00:00-04:00,10.570138377016693,10.822515393788134,10.481064260726447,10.666635513305664,968100,0.0,0.0
2009-06-02 00:00:00-04:00,10.65921029420716,10.867050563903062,10.65921029420716,10.7260160446167,663700,0.0,0.0
2009-06-03 00:00:00-04:00,11.067468856068327,11.238194768303204,10.815091851485185,11.178812026977539,1543300,0.0,0.0
2009-06-04 00:00:00-04:00,11.201079587862584,11.431187517292924,11.09715944392426,11.275307655334473,1030500,0.0,0.0
2009-06-05 00:00:00-04:00,11.468302713965635,11.468302713965635,11.052623524685968,11.178812026977539,684100,0.0,0.0
2009-06-08 00:00:00-04:00,10.96354762702221,10.993238992849097,10.666633260855349,10.748284339904785,939200,0.0,0.0
2009-06-09 00:00:00-04:00,10.948701070294458,10.970969416632778,10.56271262497441,10.622096061706543,1227200,0.0,0.0
2009-06-10 00:00:00-04:00,11.022931616650641,11.15654242417075,10.510754612812963,10.837360382080078,2386900,0.0,0.0
2009-06-11 00:00:00-04:00,11.067467902737853,11.171388045055346,10.889319694106199,10.941279411315918,1224100,0.0,0.0
2009-06-12 00:00:00-04:00,11.015507521348603,11.060044216872152,10.763130553721789,10.881896018981934,846800,0.0,0.0
2009-06-15 00:00:00-04:00,10.688901060833123,10.711170114986308,10.317758653055613,10.384564399719238,885500,0.0,0.0
2009-06-16 00:00:00-04:00,10.354874218980719,10.399411624479775,10.09507492858004,10.147034645080566,756500,0.0,0.0
2009-06-17 00:00:00-04:00,10.072807064389831,10.2286869402439,9.909504876655571,10.1099214553833,559400,0.0,0.0
2009-06-18 00:00:00-04:00,10.117343001819481,10.139611350013475,9.954040129968138,10.095074653625488,531800,0.0,0.0
2009-06-19 00:00:00-04:00,10.169303047628881,10.243531821220278,10.057960595139832,10.12476634979248,706900,0.0,0.0
2009-06-22 00:00:00-04:00,9.924350810286287,9.931773830514858,9.523516920619686,9.57547664642334,732100,0.0,0.0
2009-06-23 00:00:00-04:00,9.842698396669155,9.887235096294981,9.679395512945613,9.783315658569336,676000,0.0,0.0
2009-06-24 00:00:00-04:00,9.909503135121875,10.087651331104334,9.709085883718105,9.805583000183105,688200,0.0,0.0
2009-06-25 00:00:00-04:00,9.66454898990354,9.968885662088875,9.627434606196015,9.931771278381348,591400,0.0,0.0
2009-06-26 00:00:00-04:00,10.154457551918165,10.562713676313546,10.13218849546537,10.540445327758789,1214900,0.0,0.0
2009-06-29 00:00:00-04:00,10.40683650970459,10.45879623552339,10.295493329938083,10.40683650970459,702200,0.0,0.0
2009-06-30 00:00:00-04:00,10.36229638366898,10.451370479426261,10.169302155579208,10.41425609588623,765500,0.0,0.0
2009-07-01 00:00:00-04:00,10.429101800127645,10.562712585556932,10.362296053464018,10.384564399719238,720600,0.0,0.0
2009-07-02 00:00:00-04:00,10.31033667145173,10.458793497713865,10.184148192154415,10.41425609588623,1068500,0.0,0.0
2009-07-06 00:00:00-04:00,10.429101882883062,10.577558705592486,10.340027789257407,10.562712669372559,758300,0.0,0.0
2009-07-07 00:00:00-04:00,10.688904442919991,10.74828719032191,10.258379170306988,10.280648231506348,1139600,0.0,0.0
2009-07-08 00:00:00-04:00,10.243533212133732,10.243533212133732,9.857544669684062,9.983733177185059,964200,0.0,0.0
2009-07-09 00:00:00-04:00,10.206416585180257,10.213839603501361,9.924348260060244,9.931771278381348,443700,0.0,0.0
2009-07-10 00:00:00-04:00,9.783316198023703,9.916927012166592,9.716510437003203,9.887235641479492,512800,0.0,0.0
2009-07-13 00:00:00-04:00,10.065383914041616,10.310337883135947,9.91692636243457,10.265800476074219,541600,0.0,0.0
2009-07-14 00:00:00-04:00,10.161879679536057,10.340028588454748,10.072805579025722,10.206417083740234,869800,0.0,0.0
2009-07-15 00:00:00-04:00,10.674058474235572,11.02293262536536,10.674058474235572,11.015509605407715,599900,0.0,0.0
2009-07-16 00:00:00-04:00,10.933856695611317,11.349536568513852,10.911588345889168,11.319845199584961,1046700,0.0,0.0
2009-07-17 00:00:00-04:00,11.067468052512044,11.423765182495117,11.030353664903673,11.423765182495117,1718900,0.0,0.0
2009-07-20 00:00:00-04:00,11.639027057975797,12.054706191247494,11.639027057975797,12.047283172607422,1205200,0.0,0.0
2009-07-21 00:00:00-04:00,12.299661254784569,12.544615228860806,11.94336482263662,12.292238235473633,2103200,0.0,0.0
2009-07-22 00:00:00-04:00,11.928517221904135,12.359042374985442,11.802328741735684,12.26996898651123,1409200,0.0,0.0
2009-07-23 00:00:00-04:00,11.356960869470775,11.735526396962703,11.126852203378185,11.34953784942627,2634100,0.0,0.0
2009-07-24 00:00:00-04:00,11.342112337951798,11.50541520356873,11.141695796061109,11.468300819396973,862000,0.0,0.0
2009-07-27 00:00:00-04:00,11.676141792919902,11.898828124903215,11.527684946162442,11.89140510559082,1042200,0.0,0.0
2009-07-28 00:00:00-04:00,11.809753440383371,12.203164973541584,11.802330420988365,12.136359214782715,1395000,0.0,0.0
2009-07-29 00:00:00-04:00,12.240279163843708,12.448119468160252,12.143782739287317,12.351621627807617,1246100,0.0,0.0
2009-07-30 00:00:00-04:00,12.277392934736984,12.544614536194901,12.188318123720283,12.344197273254395,1206400,0.0,0.0
2009-07-31 00:00:00-04:00,12.307084435609493,12.648536249412835,12.173472917851496,12.425849914550781,761800,0.0,0.0
2009-08-03 00:00:00-04:00,12.670803884364737,12.982563620350698,12.670803884364737,12.863798141479492,1138200,0.0,0.0
2009-08-04 00:00:00-04:00,12.737608161328964,12.789567875315672,12.514923268301347,12.611419677734375,976600,0.0,0.0
2009-08-05 00:00:00-04:00,12.448119083447553,12.448119083447553,12.17347302608143,12.38131332397461,803800,0.0,0.0
2009-08-06 00:00:00-04:00,12.388737380637295,12.492656830385949,12.025017890720688,12.121514320373535,943900,0.0,0.0
2009-08-07 00:00:00-04:00,12.203164161522414,12.425849065370029,12.121512369406782,12.344197273254395,1039500,0.0,0.0
2009-08-10 00:00:00-04:00,12.329353553279336,12.418426955016667,12.114090236787764,12.203165054321289,1018600,0.0,0.0
2009-08-11 00:00:00-04:00,12.299662970559332,12.366468737880844,12.114091709287655,12.307085990905762,1626600,0.0,0.0
2009-08-12 00:00:00-04:00,12.336775921588615,12.73018602079067,12.336775921588615,12.544614791870117,1838600,0.0,0.0
2009-08-13 00:00:00-04:00,12.59657419040704,12.759877773830652,12.388735325389472,12.715339660644531,1509500,0.0,0.0
2009-08-14 00:00:00-04:00,12.989986558101874,13.049369297164207,12.552038326593602,12.834107398986816,1739600,0.0,0.0
2009-08-17 00:00:00-04:00,12.500078803971798,12.500078803971798,12.262547843977421,12.38131332397461,1076000,0.0,0.0
2009-08-18 00:00:00-04:00,12.514923268301347,12.707917502963426,12.507500249760957,12.611419677734375,871400,0.0,0.0
2009-08-19 00:00:00-04:00,12.529767861886771,12.960293025705491,12.50007720358687,12.871219635009766,909800,0.0,0.0
2009-08-20 00:00:00-04:00,12.900911117992848,13.086482345566829,12.900911117992848,13.027099609375,883800,0.0,0.0
2009-08-21 00:00:00-04:00,13.190405232241336,13.420513193536967,13.108753426447652,13.309170722961426,820300,0.0,0.0
2009-08-24 00:00:00-04:00,13.301745436222118,13.35370515258377,13.145864871341079,13.19040298461914,937700,0.0,0.0
2009-08-25 00:00:00-04:00,13.375974101177784,13.487316551881388,13.138443162131141,13.234939575195312,1130600,0.0,0.0
2009-08-26 00:00:00-04:00,13.338858116007719,13.5689674366588,13.316590476832182,13.561544418334961,916300,0.0,0.0
2009-08-27 00:00:00-04:00,13.568966848883951,13.84361143598917,13.368549610209817,13.791651725769043,752300,0.0,0.0
2009-08-28 00:00:00-04:00,14.029184639462418,14.155373131906204,13.754540013188139,13.969801902770996,811700,0.0,0.0
2009-08-31 00:00:00-04:00,13.739694929434505,13.828768332760674,13.524431609103196,13.5689697265625,1125500,0.0,0.0
2009-09-01 00:00:00-04:00,13.479895472525808,13.650620682554722,12.79699321661387,12.945450782775879,1743300,0.0,0.0
2009-09-02 00:00:00-04:00,12.915758443685554,13.279477916097703,12.834108058153847,13.182981491088867,1452200,0.0,0.0
2009-09-03 00:00:00-04:00,13.361129724643844,13.5615470103046,13.331437645673546,13.509587287902832,1176400,0.0,0.0
2009-09-04 00:00:00-04:00,13.413089937523775,14.051455500765865,13.368553233236,14.0143404006958,957600,0.0,0.0
2009-09-08 00:00:00-04:00,14.318677824714493,14.45971095036843,14.118260541989974,14.214756965637207,742400,0.0,0.0
2009-09-09 00:00:00-04:00,14.199909592147629,14.303830441460523,14.073721101821763,14.207332611083984,1018300,0.0,0.0
2009-09-10 00:00:00-04:00,14.125682234376258,14.237024686829411,13.999493744050392,14.207332611083984,906600,0.0,0.0
2009-09-11 00:00:00-04:00,13.95495616458156,14.18506551302814,13.702579174269676,13.947534561157227,1778700,0.0,0.0
2009-09-14 00:00:00-04:00,14.021762275697128,14.177642851669637,13.888150757948175,14.02918529510498,1284300,0.0,0.0
2009-09-15 00:00:00-04:00,14.125681684115413,14.16279536155535,14.036606876145111,14.103412628173828,1177600,0.0,0.0
2009-09-16 00:00:00-04:00,13.865883174595108,13.940111953193682,13.695157974875725,13.806500434875488,1578000,0.0,0.0
2009-09-17 00:00:00-04:00,13.724848858991033,13.784231599671836,13.583814318950544,13.643197059631348,1114000,0.0,0.0
2009-09-18 00:00:00-04:00,13.717425566573475,13.747117644221369,13.524431309250726,13.628352165222168,1405900,0.0,0.0
2009-09-21 00:00:00-04:00,13.479894018590947,13.836190439994272,13.450203358038733,13.747117042541504,860300,0.0,0.0
2009-09-22 00:00:00-04:00,14.110834886966968,14.177640635398262,13.925263678168026,14.125680923461914,701500,0.0,0.0
2009-09-23 00:00:00-04:00,14.274139242775192,14.496825577160331,14.1479507446958,14.177642822265625,709200,0.0,0.0
2009-09-24 00:00:00-04:00,14.118261925781152,14.214758358886412,13.66546759431128,13.821348190307617,914000,0.0,0.0
2009-09-25 00:00:00-04:00,13.658042444567538,13.88815037670958,13.583813668322838,13.620928764343262,599300,0.0,0.0
2009-09-28 00:00:00-04:00,13.539277695699672,13.880729518436395,13.47247193507284,13.710002899169922,701000,0.0,0.0
2009-09-29 00:00:00-04:00,13.687735208194871,13.79165465067414,13.457625848710459,13.5689697265625,840100,0.0,0.0
2009-09-30 00:00:00-04:00,13.613506397189054,13.806500658350718,13.324015713344668,13.643197059631348,985300,0.0,0.0
2009-10-01 00:00:00-04:00,13.524430113504069,13.554122188526774,12.73760853075122,12.767300605773926,1936200,0.0,0.0
2009-10-02 00:00:00-04:00,12.45554147917485,12.789568844015987,12.22543213438201,12.64853572845459,2511900,0.0,0.0
2009-10-05 00:00:00-04:00,12.544613898934731,12.886065672057727,12.49265418506289,12.871219635009766,983800,0.0,0.0
2009-10-06 00:00:00-04:00,13.064216536007631,13.361130258594923,13.041947475889968,13.286901473999023,1358200,0.0,0.0
2009-10-07 00:00:00-04:00,13.145864523783331,13.145864523783331,12.841527836743241,12.923179626464844,1583400,0.0,0.0
2009-10-08 00:00:00-04:00,13.049369812011719,13.220095016577165,12.97514103130615,13.049369812011719,997300,0.0,0.0
2009-10-09 00:00:00-04:00,12.98256364205925,13.153288841247559,12.952872980189895,13.153288841247559,440700,0.0,0.0
2009-10-12 00:00:00-04:00,13.554123477578731,13.598660178552345,13.108752220453999,13.220094680786133,946600,0.0,0.0
2009-10-13 00:00:00-04:00,13.301744860045673,13.3240139157201,13.093904587805763,13.19782543182373,463300,0.0,0.0
2009-10-14 00:00:00-04:00,14.147950721686108,14.15537374106649,13.658042768950224,13.85103702545166,1586600,0.0,0.0
2009-10-15 00:00:00-04:00,13.754538918480531,13.843612308530355,13.524429593293798,13.761961936950684,747400,0.0,0.0
2009-10-16 00:00:00-04:00,13.60608230576013,13.613505324734982,13.257208908718729,13.324014663696289,898900,0.0,0.0
2009-10-19 00:00:00-04:00,13.465048946441904,13.717425950324614,13.361129503359457,13.635775566101074,988700,0.0,0.0
2009-10-20 00:00:00-04:00,14.00691994618168,14.044033633501776,13.279479498858615,13.531856536865234,2321000,0.0,0.0
2009-10-21 00:00:00-04:00,13.598657997307013,13.94753277706284,13.420509806191598,13.457623481750488,1739700,0.0,0.0
2009-10-22 00:00:00-04:00,14.65270476740956,14.66755080622527,13.895573777362587,14.066300392150879,4270100,0.0,0.0
2009-10-23 00:00:00-04:00,14.496824049337208,14.526514707981747,13.858458606825256,13.925264358520508,3030100,0.0,0.0
2009-10-26 00:00:00-04:00,14.222180086091965,14.504249170991885,13.865883635920081,13.880729675292969,1992000,0.0,0.0
2009-10-27 00:00:00-04:00,13.791654959139406,13.98464922505759,13.442781526015912,13.509587287902832,1170500,0.0,0.0
2009-10-28 00:00:00-04:00,13.309170096887623,13.331437740477448,12.485233304953855,12.522348403930664,2522400,0.0,0.0
2009-10-29 00:00:00-04:00,13.138442521528438,13.175556198021363,12.923179233640655,13.064213752746582,1842200,0.0,0.0
2009-10-30 00:00:00-04:00,13.153290669745891,13.175559731090772,12.581732253191149,12.61884593963623,974800,0.0,0.0
2009-11-02 00:00:00-05:00,12.915756520194908,13.14586443463637,12.670802568487273,12.85637378692627,1113100,0.0,0.0
2009-11-03 00:00:00-05:00,12.69307191660309,12.848951064098356,12.618843144359408,12.796991348266602,847300,0.0,0.0
2009-11-04 00:00:00-05:00,13.027100786334175,13.286900811569117,12.908335303220413,12.938027381896973,1456700,0.0,0.0
2009-11-05 00:00:00-05:00,13.0716371499439,13.182979598444735,12.915756589405893,13.03452205657959,772000,0.0,0.0
2009-11-06 00:00:00-05:00,13.004831778802584,13.182979984783923,12.91575696791387,13.041945457458496,706600,0.0,0.0
2009-11-09 00:00:00-05:00,13.30174426104394,13.465046414581202,13.279475206372329,13.427932739257812,555700,0.0,0.0
2009-11-10 00:00:00-05:00,13.427936746750039,13.531856201306478,13.257211524036922,13.413090705871582,391600,0.0,0.0
2009-11-11 00:00:00-05:00,13.78422964725231,13.799075684268749,12.796990838395352,13.131019592285156,2788400,0.0,0.0
2009-11-12 00:00:00-05:00,13.10875136365328,13.138443439559117,12.455541267481996,12.737608909606934,2090200,0.0,0.0
2009-11-13 00:00:00-05:00,12.782144828518023,12.989985099801412,12.693071437822297,12.871219635009766,1022000,0.0,0.0
2009-11-16 00:00:00-05:00,13.450201805697713,13.46504642636248,13.227515506174647,13.316590309143066,1578200,0.0,0.0
2009-11-17 00:00:00-05:00,13.398241634341908,13.442779746902865,13.10132796291585,13.279476165771484,662500,0.0,0.0
2009-11-18 00:00:00-05:00,13.368552737164224,13.375975756902788,12.989987225274946,13.182981491088867,550400,0.0,0.0
2009-11-19 00:00:00-05:00,12.930603433048603,12.930603433048603,12.507501252884966,12.789568901062012,1010300,0.0,0.0
2009-11-20 00:00:00-05:00,12.492657423608014,12.648538021429404,12.418428634921465,12.61884593963623,684900,0.0,0.0
2009-11-23 00:00:00-05:00,12.730185890630473,12.886066457543913,12.670803154614902,12.737608909606934,641000,0.0,0.0
2009-11-24 00:00:00-05:00,12.700494294314652,12.737607970665042,12.462963367761756,12.626265525817871,393300,0.0,0.0
2009-11-25 00:00:00-05:00,12.648534670262848,12.71533900500524,12.470385058296431,12.693071365356445,414900,0.0,0.0
2009-11-27 00:00:00-05:00,12.32193123234091,12.552039184968935,12.314508212475971,12.403581619262695,208800,0.0,0.0
2009-11-30 00:00:00-05:00,12.292236625731793,12.359042374985442,12.158625127224493,12.26996898651123,1077300,0.0,0.0
2009-12-01 00:00:00-05:00,12.462964628753872,12.522347366400389,12.351620756845023,12.418426513671875,484400,0.0,0.0
2009-12-02 00:00:00-05:00,12.321929907346638,12.492655098493104,12.269970189675636,12.433272361755371,607300,0.0,0.0
2009-12-03 00:00:00-05:00,12.403579366096881,12.455540495712485,12.203163529335049,12.210586547851562,443700,0.0,0.0
2009-12-04 00:00:00-05:00,12.269971118858265,12.366467542441034,11.965634393056,12.106667518615723,774300,0.0,0.0
2009-12-07 00:00:00-05:00,12.22543212235106,12.396158729951058,12.143781743894847,12.17347240447998,350600,0.0,0.0
2009-12-08 00:00:00-05:00,12.292237321149448,12.307083358667041,11.980477612260337,12.069552421569824,641000,0.0,0.0
2009-12-09 00:00:00-05:00,11.958210037030796,12.255123710022445,11.913671924234993,12.247700691223145,511000,0.0,0.0
2009-12-10 00:00:00-05:00,12.106668514171707,12.173474280528826,11.965635377014543,11.995326042175293,533900,0.0,0.0
2009-12-11 00:00:00-05:00,12.025017819700459,12.062131504163977,11.639029271776096,11.765217781066895,969400,0.0,0.0
2009-12-14 00:00:00-05:00,12.002746919980726,12.448118144266063,11.995323901066426,12.232854843139648,1426000,0.0,0.0
2009-12-15 00:00:00-05:00,12.062130436628838,12.240278654720429,12.054707417233832,12.136359214782715,332200,0.0,0.0
2009-12-16 00:00:00-05:00,12.35904456903909,12.507502130579185,12.23285606646888,12.284815788269043,573700,0.0,0.0
2009-12-17 00:00:00-05:00,12.292236810087598,12.321928883888305,12.106665596221196,12.218008041381836,431300,0.0,0.0
2009-12-18 00:00:00-05:00,12.425850562387222,12.537193027725127,12.188319592120687,12.522348403930664,1228500,0.0,0.0
2009-12-21 00:00:00-05:00,12.566883346758859,12.84152796173856,12.537191271736155,12.767300605773926,1160000,0.0,0.0
2009-12-22 00:00:00-05:00,12.759878539641791,12.819261278324516,12.596574946417167,12.730186462402344,727700,0.0,0.0
2009-12-23 00:00:00-05:00,12.819260763698214,12.930603217283986,12.745031989375661,12.915757179260254,463200,0.0,0.0
2009-12-24 00:00:00-05:00,12.923179332802572,13.012254139183488,12.878642637510122,12.982562065124512,124000,0.0,0.0
2009-12-28 00:00:00-05:00,12.960295406755058,13.012256545969155,12.878645019582603,12.945450782775879,298000,0.0,0.0
2009-12-29 00:00:00-05:00,12.989984983964725,13.108750447697293,12.9528713074718,13.064213752746582,611200,0.0,0.0
2009-12-30 00:00:00-05:00,12.886066926695399,12.938026645626243,12.707918712162726,12.811838150024414,367900,0.0,0.0
2009-12-31 00:00:00-05:00,12.811837215219747,12.938025701614341,12.648535051095703,12.700494766235352,262100,0.0,0.0
2010-01-04 00:00:00-05:00,13.197828370292248,13.316593862073361,13.027101737035101,13.227519035339355,1116000,0.0,0.0
2010-01-05 00:00:00-05:00,13.390821132918365,13.479894533775406,13.034523282101661,13.123598098754883,853900,0.0,0.0
2010-01-06 00:00:00-05:00,13.175557899496715,13.42793489646908,13.131021198794588,13.153288841247559,1201900,0.0,0.0
2010-01-07 00:00:00-05:00,12.975140872862859,13.101329373782532,12.871221430621793,12.952873229980469,535800,0.0,0.0
2010-01-08 00:00:00-05:00,13.479895098819654,13.620929641184002,13.346283576137244,13.517008781433105,1415000,0.0,0.0
2010-01-11 00:00:00-05:00,13.932690013958402,13.962380678222038,13.658043936589173,13.724849700927734,996200,0.0,0.0
2010-01-12 00:00:00-05:00,13.643196264747937,13.680311360383664,13.220094085073578,13.375974655151367,1105700,0.0,0.0
2010-01-13 00:00:00-05:00,13.435358238591215,13.487317959957755,13.294323697884733,13.420512199401855,1139800,0.0,0.0
2010-01-14 00:00:00-05:00,13.457622636554792,13.509583761188216,13.405662927717248,13.450201034545898,724500,0.0,0.0
2010-01-15 00:00:00-05:00,13.739693792280343,13.776807471295195,13.249785867144574,13.435357093811035,1374100,0.0,0.0
2010-01-19 00:00:00-05:00,13.353704152655398,13.606081112482018,13.338858116007719,13.561544418334961,1453800,0.0,0.0
2010-01-20 00:00:00-05:00,13.769386215382841,13.806501314946061,13.479895517771155,13.702580451965332,2495200,0.0,0.0
2010-01-21 00:00:00-05:00,13.947534960708245,14.029185342880291,12.774723374605147,13.079061508178711,5607000,0.0,0.0
2010-01-22 00:00:00-05:00,13.324015265025775,13.361128945778916,12.655957685099894,12.730186462402344,3186500,0.0,0.0
2010-01-25 00:00:00-05:00,13.071638325958446,13.131021064887774,12.856375012467023,12.908334732055664,1491700,0.0,0.0
2010-01-26 00:00:00-05:00,13.168133179563577,13.331435338246857,13.02709866045765,13.064213752746582,2137000,0.0,0.0
2010-01-27 00:00:00-05:00,12.997410123453852,13.019679182461271,12.74503311788805,12.938027381896973,1416100,0.0,0.0
2010-01-28 00:00:00-05:00,13.116174382629739,13.138443439559117,12.61884343757579,12.737608909606934,1467700,0.0,0.0
2010-01-29 00:00:00-05:00,12.834107487233121,12.856375129661997,12.366467175080137,12.425849914550781,2197100,0.0,0.0
2010-02-01 00:00:00-05:00,12.65595628855724,12.685648362520265,12.470385073676365,12.5817289352417,989500,0.0,0.0
2010-02-02 00:00:00-05:00,12.5817289352417,12.648534685862495,12.433271397018595,12.5817289352417,1441000,0.0,0.0
2010-02-03 00:00:00-05:00,12.418425835822628,12.47780857022779,12.29223734823715,12.470385551452637,841000,0.0,0.0
2010-02-04 00:00:00-05:00,12.173473150854647,12.26254796966362,11.787485336907565,11.898828506469727,2240400,0.0,0.0
2010-02-05 00:00:00-05:00,11.646449883772053,11.809752761585445,11.386650590962349,11.750370025634766,2374000,0.0,0.0
2010-02-08 00:00:00-05:00,11.690987449244497,11.809752922766783,11.54253060734164,11.64645004272461,798800,0.0,0.0
2010-02-09 00:00:00-05:00,11.757792142369336,11.92109429975369,11.579643948187497,11.728100776672363,930700,0.0,0.0
2010-02-10 00:00:00-05:00,11.587066615397038,11.668718404500869,11.379227049119867,11.497992515563965,656200,0.0,0.0
2010-02-11 00:00:00-05:00,11.386649916430308,11.676140560066258,11.20107870060295,11.601912498474121,1029900,0.0,0.0
2010-02-12 00:00:00-05:00,11.260462623895862,11.527684948104302,11.230771254539368,11.45345687866211,1097400,0.0,0.0
2010-02-16 00:00:00-05:00,11.542531145153076,11.79490814209619,11.505416755973542,11.787485122680664,699100,0.0,0.0
2010-02-17 00:00:00-05:00,11.93594161465257,11.95821067223337,11.809753119953664,11.906250953674316,745400,0.0,0.0
2010-02-18 00:00:00-05:00,11.839445325843394,11.965634537361575,11.794908623329329,11.950788497924805,771000,0.0,0.0
2010-02-19 00:00:00-05:00,11.80975303623082,11.83202138575568,11.661296192901641,11.802330017089844,1511600,0.0,0.0
2010-02-22 00:00:00-05:00,11.943365880583476,11.950788900551947,11.705834904777612,11.720680236816406,873800,0.0,0.0
2010-02-23 00:00:00-05:00,11.690985980619274,11.705832016893627,11.505414774577698,11.52026081085205,748600,0.0,0.0
2010-02-24 00:00:00-05:00,11.60933622748647,11.728101699620666,11.549953491419373,11.63902759552002,798700,0.0,0.0
2010-02-25 00:00:00-05:00,11.275307766208435,11.483148056128845,11.178811348335904,11.431187629699707,914700,0.0,0.0
2010-02-26 00:00:00-05:00,11.290153034893581,11.57964439246963,11.260461668057424,11.564798355102539,1460500,0.0,0.0
2010-03-01 00:00:00-05:00,11.505415381296134,11.698409615652107,11.408918264118148,11.601912498474121,1252000,0.0,0.0
2010-03-02 00:00:00-05:00,11.698409687505176,11.846866519499299,11.639026954707527,11.780060768127441,1379600,0.0,0.0
2010-03-03 00:00:00-05:00,11.891404341503858,12.039860470824124,11.817175568945686,11.876558303833008,1051400,0.0,0.0
2010-03-04 00:00:00-05:00,11.913673321268979,12.002748141509697,11.809753877485006,11.88398265838623,547200,0.0,0.0
2010-03-05 00:00:00-05:00,12.084397775427979,12.314505680748336,12.03985966539489,12.26996898651123,1275200,0.0,0.0
2010-03-08 00:00:00-05:00,12.128935839858055,12.128935839858055,11.9359415886336,12.017593383789062,971100,0.0,0.0
2010-03-09 00:00:00-05:00,11.913672531101344,12.084399140589687,11.913672531101344,12.017593383789062,475000,0.0,0.0
2010-03-10 00:00:00-05:00,12.017592788746043,12.166048917555282,12.017592788746043,12.0992431640625,561100,0.0,0.0
2010-03-11 00:00:00-05:00,12.032437685585455,12.188318252563477,11.965633346361852,12.188318252563477,538800,0.0,0.0
2010-03-12 00:00:00-05:00,12.336775779724121,12.396158515663991,12.203164269910385,12.336775779724121,594700,0.0,0.0
2010-03-15 00:00:00-04:00,12.307083703856133,12.388735496696995,12.232854929982269,12.336775779724121,466300,0.0,0.0
2010-03-16 00:00:00-04:00,12.440695924265976,12.62626716165217,12.388736204325232,12.574307441711426,1018500,0.0,0.0
2010-03-17 00:00:00-04:00,12.589150517796625,12.715339000345589,12.589150517796625,12.655956268310547,448100,0.0,0.0
2010-03-18 00:00:00-04:00,12.559461432312936,12.693072950070977,12.359044155675877,12.46296501159668,654000,0.0,0.0
2010-03-19 00:00:00-04:00,12.411002875096795,12.462964006765906,12.017592788746043,12.0992431640625,1600600,0.0,0.0
2010-03-22 00:00:00-04:00,11.898828149876747,12.240278544186504,11.891405130548772,12.180895805358887,989000,0.0,0.0
2010-03-23 00:00:00-04:00,12.15862739496166,12.314507977559197,12.128936731864568,12.27739429473877,690000,0.0,0.0
2010-03-24 00:00:00-04:00,12.0398611339948,12.09182226870486,11.85429060817399,11.935941696166992,951600,0.0,0.0
2010-03-25 00:00:00-04:00,12.143781599097132,12.269970090620614,11.898827635056971,11.928518295288086,2276500,0.0,0.0
2010-03-26 00:00:00-04:00,12.099243818501607,12.269970428771012,12.047284099818107,12.158626556396484,1744400,0.0,0.0
2010-03-29 00:00:00-04:00,12.321929762602894,12.351620422724928,12.114089478564233,12.188318252563477,1086500,0.0,0.0
2010-03-30 00:00:00-04:00,12.203166125631089,12.232856790217996,11.958212125654748,12.121514320373535,1065800,0.0,0.0
2010-03-31 00:00:00-04:00,12.307083058710456,12.381311828693198,12.091821183136135,12.128934860229492,1497700,0.0,0.0
2010-04-01 00:00:00-04:00,12.359042772959565,12.4035794686308,12.084398164558259,12.128934860229492,1299400,0.0,0.0
2010-04-05 00:00:00-04:00,12.136359642525182,12.329353906208812,12.025017179268227,12.284815788269043,573700,0.0,0.0
2010-04-06 00:00:00-04:00,12.529769001106503,12.759878348883618,12.485232301709319,12.74503231048584,1390600,0.0,0.0
2010-04-07 00:00:00-04:00,12.678225744992295,12.715339422823826,12.403579715332373,12.440694808959961,1924800,0.0,0.0
2010-04-08 00:00:00-04:00,12.500078663507031,12.603998103387767,12.359044126671614,12.537192344665527,1353700,0.0,0.0
2010-04-09 00:00:00-04:00,12.759878027399393,12.938026236295853,12.737608970363794,12.915757179260254,1488800,0.0,0.0
2010-04-12 00:00:00-04:00,13.071638600160531,13.108752281846325,12.915758022328548,12.960294723510742,892100,0.0,0.0
2010-04-13 00:00:00-04:00,12.923180880915096,12.945449939127016,12.752455682012261,12.863798141479492,777800,0.0,0.0
2010-04-14 00:00:00-04:00,13.145867037879565,13.242364883422852,13.079062688544784,13.242364883422852,1766000,0.0,0.0
2010-04-15 00:00:00-04:00,13.16813356109901,13.197825635790458,13.004831397684189,13.03452205657959,2160100,0.0,0.0
2010-04-16 00:00:00-04:00,12.93060268290924,12.93060268290924,12.500077508585807,12.700494766235352,3219100,0.0,0.0
2010-04-19 00:00:00-04:00,12.633688633299645,12.789567774025246,12.552036845798039,12.693071365356445,1777400,0.0,0.0
2010-04-20 00:00:00-04:00,12.915759316747879,12.93060535722855,12.75245711884953,12.826685905456543,954400,0.0,0.0
2010-04-21 00:00:00-04:00,12.989985276836624,13.027098954166313,12.834106133096682,13.004831314086914,1373200,0.0,0.0
2010-04-22 00:00:00-04:00,12.5446146636073,12.759877966536312,12.396158531466424,12.737608909606934,2726500,0.0,0.0
2010-04-23 00:00:00-04:00,12.633689245983328,13.116174144317943,12.581729529888289,12.975139617919922,1315300,0.0,0.0
2010-04-26 00:00:00-04:00,12.908335303220413,13.056792865010733,12.863798601001813,12.938027381896973,762600,0.0,0.0
2010-04-27 00:00:00-04:00,12.767302743305457,12.930604935882576,12.566885450736061,12.641114234924316,1542300,0.0,0.0
2010-04-28 00:00:00-04:00,12.58915096804277,12.915756713814426,12.47780851846945,12.878643035888672,1762900,0.0,0.0
2010-04-29 00:00:00-04:00,12.492655865417822,12.58173068389079,12.106667345028644,12.411004066467285,5000300,0.0,0.0
2010-04-30 00:00:00-04:00,12.462964401952398,12.492655062337274,12.06955288733094,12.143781661987305,1539900,0.0,0.0
2010-05-03 00:00:00-04:00,12.136359295120194,12.299661475502763,12.121513256231907,12.203165054321289,1259900,0.0,0.0
2010-05-04 00:00:00-04:00,11.780062610375605,11.787485630110679,11.483148899953926,11.512840270996094,2163200,0.0,0.0
2010-05-05 00:00:00-04:00,11.230771581680163,11.394074471846762,11.134274451486178,11.245616912841797,2047800,0.0,0.0
2010-05-06 00:00:00-04:00,11.312421435608869,11.646449491042189,10.659210654280274,11.193655967712402,2822000,0.0,0.0
2010-05-07 00:00:00-04:00,11.089734662890748,11.201077808255684,10.711169950764239,10.859626770019531,3513000,0.0,0.0
2010-05-10 00:00:00-04:00,11.490569514800352,11.55737526675352,11.215924196246899,11.386650085449219,1755900,0.0,0.0
2010-05-11 00:00:00-04:00,11.230769907675912,11.549952620903412,11.208501560303622,11.356958389282227,990800,0.0,0.0
2010-05-12 00:00:00-04:00,11.527684622776686,11.683564484473646,11.483147923947877,11.624181747436523,955200,0.0,0.0
2010-05-13 00:00:00-04:00,11.475725338733184,11.683564926221385,11.349536840783683,11.371805191040039,872100,0.0,0.0
2010-05-14 00:00:00-04:00,11.245616111369507,11.245616111369507,10.748285164682597,10.941279411315918,1490000,0.0,0.0
2010-05-17 00:00:00-04:00,10.970971513415837,11.082314682183393,10.711172202087745,11.067468643188477,1179200,0.0,0.0
2010-05-18 00:00:00-04:00,11.208504017625204,11.267886762235554,10.711173000589895,10.733441352844238,1641100,0.0,0.0
2010-05-19 00:00:00-04:00,10.651788688873584,10.822513877536478,10.421680056438758,10.763131141662598,2475700,0.0,0.0
2010-05-20 00:00:00-04:00,10.443950028653449,10.540447166420952,10.043116145256677,10.184150695800781,3485000,0.0,0.0
2010-05-21 00:00:00-04:00,10.340028589283879,10.696324991353784,10.288068166391833,10.555291175842285,1933300,0.0,0.0
2010-05-24 00:00:00-04:00,10.533022262844646,10.533022262844646,10.213840241963196,10.250954627990723,1543300,0.0,0.0
2010-05-25 00:00:00-04:00,10.035694221498886,10.280648231506348,9.991156806998353,10.280648231506348,1626600,0.0,0.0
2010-05-26 00:00:00-04:00,10.42910422686976,10.51817834051521,10.09507612372479,10.1099214553833,1890100,0.0,0.0
2010-05-27 00:00:00-04:00,10.518176158122378,10.696324348449707,10.391987679666023,10.696324348449707,1453300,0.0,0.0
2010-05-28 00:00:00-04:00,10.674057414150171,10.674057414150171,10.406835093297174,10.5330228805542,1122800,0.0,0.0
2010-06-01 00:00:00-04:00,10.458793164433926,10.696324078884185,10.384564399719238,10.384564399719238,1618400,0.0,0.0
2010-06-02 00:00:00-04:00,10.540445692059052,10.896742820739746,10.525600361808806,10.896742820739746,1636500,0.0,0.0
2010-06-03 00:00:00-04:00,10.926434516906738,11.01550862477442,10.711171912585323,10.926434516906738,1067600,0.0,0.0
2010-06-04 00:00:00-04:00,10.748286961671457,10.829938768535742,10.443950210736295,10.49591064453125,1156600,0.0,0.0
2010-06-07 00:00:00-04:00,10.599827852246296,10.651788275040763,10.295491165741936,10.31775951385498,981200,0.0,0.0
2010-06-08 00:00:00-04:00,10.466217588839038,10.688902497109522,10.406834852247167,10.570137023925781,1781600,0.0,0.0
2010-06-09 00:00:00-04:00,10.674057385660333,10.822514230182424,10.399412046319949,10.443948745727539,946500,0.0,0.0
2010-06-10 00:00:00-04:00,10.926435414048344,10.970972117689938,10.777978555412798,10.94870376586914,957500,0.0,0.0
2010-06-11 00:00:00-04:00,10.733439099718572,10.859627582501066,10.644365001501164,10.81509017944336,753200,0.0,0.0
2010-06-14 00:00:00-04:00,11.000661837115018,11.082313628024055,10.80024528503418,10.80024528503418,727200,0.0,0.0
2010-06-15 00:00:00-04:00,11.067468449834568,11.312422425786384,11.022931749424105,11.282731056213379,1048400,0.0,0.0
2010-06-16 00:00:00-04:00,11.141696494480335,11.238193616216643,11.082313759242306,11.15654182434082,784900,0.0,0.0
2010-06-17 00:00:00-04:00,11.394074359779408,11.43861106072437,11.238194490675847,11.327268600463867,1610100,0.0,0.0
2010-06-18 00:00:00-04:00,11.416341120873668,11.446032486669388,11.260461273471632,11.356958389282227,1261900,0.0,0.0
2010-06-21 00:00:00-04:00,11.668719149653077,11.6761414608563,11.327268057872578,11.423765182495117,1299300,0.0,0.0
2010-06-22 00:00:00-04:00,11.557376458103391,11.64645056725682,11.186233982681722,11.260462760925293,1507500,0.0,0.0
2010-06-23 00:00:00-04:00,11.29757624665004,11.349535962526788,11.149119409932164,11.23819351196289,1222800,0.0,0.0
2010-06-24 00:00:00-04:00,10.822513085248524,10.867050487842493,10.481062025021426,10.547867774963379,2429700,0.0,0.0
2010-06-25 00:00:00-04:00,10.52560073358451,10.577560453142736,10.39941223645903,10.466217994689941,1643500,0.0,0.0
2010-06-28 00:00:00-04:00,10.592407768083932,10.614676120877965,10.332607723193584,10.40683650970459,1683100,0.0,0.0
2010-06-29 00:00:00-04:00,10.18415054517919,10.19899587728639,9.983733252495854,10.050539016723633,1619000,0.0,0.0
2010-06-30 00:00:00-04:00,10.102498335624597,10.236109858719537,9.909504778585168,9.954041481018066,1032000,0.0,0.0
2010-07-01 00:00:00-04:00,10.095075304707914,10.117343654338105,9.77589255911686,9.916926383972168,2600400,0.0,0.0
2010-07-02 00:00:00-04:00,10.295491546851398,10.40683470733427,10.043114565901213,10.325182914733887,3735100,0.0,0.0
2010-07-06 00:00:00-04:00,10.325184051843179,10.332607071605809,9.95404155848923,10.02084732055664,1375900,0.0,0.0
2010-07-07 00:00:00-04:00,10.10992207155874,10.429104862498622,10.080230698533972,10.40683650970459,983300,0.0,0.0
2010-07-08 00:00:00-04:00,10.51075428733391,10.599828392221717,10.391988814150169,10.570137023925781,1131200,0.0,0.0
2010-07-09 00:00:00-04:00,10.53302234135384,10.62951946258545,10.503330973890117,10.62951946258545,601800,0.0,0.0
2010-07-12 00:00:00-04:00,10.533022239253995,10.740862517383436,10.510753890846566,10.71117115020752,1031800,0.0,0.0
2010-07-13 00:00:00-04:00,10.755709722899152,10.867052900151448,10.696326978190521,10.822515487670898,2343000,0.0,0.0
2010-07-14 00:00:00-04:00,10.829935406168474,10.941277843635454,10.763129660529103,10.859626770019531,1198300,0.0,0.0
2010-07-15 00:00:00-04:00,10.86705207204384,11.097160013280204,10.807669331860385,11.067468643188477,1183800,0.0,0.0
2010-07-16 00:00:00-04:00,11.037778671793657,11.045201692231752,10.562715982228417,10.636944770812988,1480700,0.0,0.0
2010-07-19 00:00:00-04:00,10.696325738221983,10.740863145539546,10.51075450554527,10.681480407714844,676300,0.0,0.0
2010-07-20 00:00:00-04:00,10.458793750876543,10.733439063083981,10.40683403740157,10.7260160446167,898600,0.0,0.0
2010-07-21 00:00:00-04:00,10.718593339508647,10.755707725032101,10.510753771634535,10.555291175842285,513400,0.0,0.0
2010-07-22 00:00:00-04:00,10.740862550499262,10.881896368045183,10.733439531707887,10.80024528503418,956800,0.0,0.0
2010-07-23 00:00:00-04:00,10.688902191164601,10.9783935546875,10.674056861390577,10.9783935546875,1611600,0.0,0.0
2010-07-26 00:00:00-04:00,10.963547998861374,11.223347281683468,10.933855924129453,11.215924263000488,890900,0.0,0.0
2010-07-27 00:00:00-04:00,11.230771471218986,11.394074359779408,11.223348451762126,11.327268600463867,1553900,0.0,0.0
2010-07-28 00:00:00-04:00,11.327268057872578,11.601913393537622,11.327268057872578,11.423765182495117,1815700,0.0,0.0
2010-07-29 00:00:00-04:00,12.210587549025872,12.25512424798061,11.676141498384471,11.91367244720459,4187600,0.0,0.0
2010-07-30 00:00:00-04:00,11.690987205010776,11.780061308291666,11.379227489578646,11.683564186096191,2057700,0.0,0.0
2010-08-02 00:00:00-04:00,11.980477420642822,12.136357980492233,11.869134972633837,12.047283172607422,1313000,0.0,0.0
2010-08-03 00:00:00-04:00,12.01759270280641,12.047283362037504,11.898827234289898,12.032437324523926,1075100,0.0,0.0
2010-08-04 00:00:00-04:00,12.017594757816086,12.166050910949707,11.995325697737707,12.166050910949707,1120500,0.0,0.0
2010-08-05 00:00:00-04:00,11.995325810337462,12.218010750026384,11.943366085463136,12.121514320373535,1097800,0.0,0.0
2010-08-06 00:00:00-04:00,12.084398712241931,12.240277862053947,11.995323901066426,12.232854843139648,1298500,0.0,0.0
2010-08-09 00:00:00-04:00,12.17347134647678,12.240277096732365,12.128934651571726,12.218008041381836,520500,0.0,0.0
2010-08-10 00:00:00-04:00,11.987902188713703,12.403581382646719,11.95821152561661,12.27739429473877,2242300,0.0,0.0
2010-08-11 00:00:00-04:00,11.772638922269891,11.794907980210825,11.386651120635479,11.45345687866211,2801600,0.0,0.0
2010-08-12 00:00:00-04:00,11.304998863925091,11.423765044415964,11.253039146640248,11.379227638244629,1161100,0.0,0.0
2010-08-13 00:00:00-04:00,11.327267613993616,11.379227329870364,11.193656106998509,11.23819351196289,1098100,0.0,0.0
2010-08-16 00:00:00-04:00,11.297576689365494,11.51283928801637,11.28273065116292,11.423765182495117,900900,0.0,0.0
2010-08-17 00:00:00-04:00,11.535107474439751,11.63160459769886,11.453456389173455,11.490570068359375,1148000,0.0,0.0
2010-08-18 00:00:00-04:00,11.468300819396973,11.572220953498293,11.319843990607945,11.468300819396973,709900,0.0,0.0
2010-08-19 00:00:00-04:00,11.624180233180631,11.653871597831365,11.408917662488323,11.52026081085205,1344200,0.0,0.0
2010-08-20 00:00:00-04:00,11.386650138282839,11.401495467731303,11.245615615083308,11.364381790161133,883000,0.0,0.0
2010-08-23 00:00:00-04:00,11.386651508526446,11.505416989998215,11.223348617553711,11.223348617553711,783700,0.0,0.0
2010-08-24 00:00:00-04:00,11.141696218464578,11.245615648607687,11.03035306172807,11.104581832885742,778900,0.0,0.0
2010-08-25 00:00:00-04:00,11.000662828645606,11.13427434734109,10.926434757735525,11.089736938476562,633800,0.0,0.0
2010-08-26 00:00:00-04:00,11.119428283154653,11.186234042350598,10.970971433773714,11.000662803649902,663900,0.0,0.0
2010-08-27 00:00:00-04:00,11.10458345021549,11.141697841199859,10.822515069791654,10.963549613952637,1646000,0.0,0.0
2010-08-30 00:00:00-04:00,10.963548383300486,11.07489083585734,10.874473571777344,10.874473571777344,936800,0.0,0.0
2010-08-31 00:00:00-04:00,10.963548468318415,11.097159270843129,10.889319694106199,10.941279411315918,1585100,0.0,0.0
2010-09-01 00:00:00-04:00,11.201080611928026,11.45345762178191,11.15654320105458,11.342114448547363,1334500,0.0,0.0
2010-09-02 00:00:00-04:00,11.490570263868463,11.713255882263184,11.431187526682946,11.713255882263184,1141300,0.0,0.0
2010-09-03 00:00:00-04:00,11.65387420576469,11.728102987951615,11.624182834469549,11.668720245361328,977900,0.0,0.0
2010-09-07 00:00:00-04:00,11.772637854958584,11.832020588287913,11.690986773605264,11.73552417755127,686300,0.0,0.0
2010-09-08 00:00:00-04:00,11.88398189501427,12.010170389701717,11.82459915726701,11.869135856628418,1017600,0.0,0.0
2010-09-09 00:00:00-04:00,11.965632800125931,11.965632800125931,11.698409792245934,11.73552417755127,1437700,0.0,0.0
2010-09-10 00:00:00-04:00,11.735525907761415,11.735525907761415,11.453457528911757,11.512840270996094,3089100,0.0,0.0
2010-09-13 00:00:00-04:00,11.78748428619782,11.965633200037866,11.780061267309058,11.943364143371582,1591400,0.0,0.0
2010-09-14 00:00:00-04:00,12.151203915963123,12.225431270149837,12.025015431731271,12.128934860229492,1912700,0.0,0.0
2010-09-15 00:00:00-04:00,11.683564839588154,11.787484986510735,11.631605120075905,11.742947578430176,1333200,0.0,0.0
2010-09-16 00:00:00-04:00,11.579645483393948,11.64645053414552,11.512839724744284,11.609336853027344,1151600,0.0,0.0
2010-09-17 00:00:00-04:00,11.453456551002201,11.51283928801637,11.334691076973865,11.423765182495117,1837800,0.0,0.0
2010-09-20 00:00:00-04:00,11.50541621989141,11.690987449244497,11.490570181752094,11.64645004272461,1131300,0.0,0.0
2010-09-21 00:00:00-04:00,11.639026679581443,11.787483508066309,11.594489277086986,11.728100776672363,761400,0.0,0.0
2010-09-22 00:00:00-04:00,11.802330042739442,11.839444430626912,11.631604849514371,11.690987586975098,1177800,0.0,0.0
2010-09-23 00:00:00-04:00,11.535108622303188,11.668720145942007,11.43861148944161,11.512840270996094,915400,0.0,0.0
2010-09-24 00:00:00-04:00,11.66871859451172,11.854289815826927,11.63160420866907,11.83202075958252,768100,0.0,0.0
2010-09-27 00:00:00-04:00,11.86171390322977,11.89882900252925,11.794908848185113,11.824600219726562,639400,0.0,0.0
2010-09-28 00:00:00-04:00,12.17347240447998,12.218009103255746,11.921095418423771,12.17347240447998,2048800,0.0,0.0
2010-09-29 00:00:00-04:00,12.180895830060548,12.767301615994091,12.17347281071752,12.507501602172852,3660200,0.0,0.0
2010-09-30 00:00:00-04:00,12.722764058880632,13.131021645905893,12.70049641566945,12.938027381896973,4047100,0.0,0.0
2010-10-01 00:00:00-04:00,12.960294753988034,13.041946552844237,12.848952292872617,12.886067390441895,1734900,0.0,0.0
2010-10-04 00:00:00-04:00,12.789570001924629,12.834108120572626,12.559462052095006,12.63369083404541,1588400,0.0,0.0
2010-10-05 00:00:00-04:00,12.871221051148398,13.00483256768843,12.767301611971117,12.908334732055664,2496300,0.0,0.0
2010-10-06 00:00:00-04:00,13.034522075124087,13.04194509380751,12.804414159122176,12.923179626464844,2554400,0.0,0.0
2010-10-07 00:00:00-04:00,13.012254274941313,13.012254274941313,12.67822551727295,12.67822551727295,2548000,0.0,0.0
2010-10-08 00:00:00-04:00,12.893488575605515,13.131019503070652,12.841527446401011,13.064213752746582,3333800,0.0,0.0
2010-10-11 00:00:00-04:00,13.249784727713607,13.70257751909997,13.242361709389767,13.561544418334961,2281700,0.0,0.0
2010-10-12 00:00:00-04:00,13.828770637512207,13.888153388225332,13.583816613846016,13.828770637512207,2568300,0.0,0.0
2010-10-13 00:00:00-04:00,13.96237813793766,13.969801156602118,13.828766633569522,13.843612670898438,2081200,0.0,0.0
2010-10-14 00:00:00-04:00,13.932688522716257,13.977225222243016,13.851036727087074,13.947534561157227,1118600,0.0,0.0
2010-10-15 00:00:00-04:00,14.103414391688002,14.311254692410042,14.051454670456545,14.296408653259277,2148000,0.0,0.0
2010-10-18 00:00:00-04:00,14.140527400217982,14.385481371352908,14.133105796792329,14.348367691040039,864800,0.0,0.0
2010-10-19 00:00:00-04:00,13.962377741818587,14.088566223942243,13.880727370418109,13.984646797180176,1814900,0.0,0.0
2010-10-20 00:00:00-04:00,13.977225890498945,14.452287816953644,13.96237985134818,14.296408653259277,2020500,0.0,0.0
2010-10-21 00:00:00-04:00,14.296410891394878,14.481982162442376,14.266718808444987,14.415176391601562,1789600,0.0,0.0
2010-10-22 00:00:00-04:00,14.437440285177516,14.585896399390025,14.370634538253311,14.51909065246582,1564000,0.0,0.0
2010-10-25 00:00:00-04:00,14.645280922442621,14.83085214978973,14.623013281270477,14.71208667755127,1410300,0.0,0.0
2010-10-26 00:00:00-04:00,14.296406625021836,14.56362962863967,14.266714550932736,14.452285766601562,2140700,0.0,0.0
2010-10-27 00:00:00-04:00,14.237023924911172,14.392903066844232,14.066298745899909,14.22960090637207,3143300,0.0,0.0
2010-10-28 00:00:00-04:00,14.088566780090332,14.14794951426937,13.61350490665803,14.088566780090332,3325000,0.0,0.0
2010-10-29 00:00:00-04:00,14.029185789258724,14.229603072941506,13.925266345480795,13.954957008361816,2084300,0.0,0.0
2010-11-01 00:00:00-04:00,14.073722491478375,14.133106648832891,13.828768505575942,13.954957008361816,1957100,0.0,0.0
2010-11-02 00:00:00-04:00,14.162796783396963,14.26671622329837,14.051454324103144,14.140527725219727,1794200,0.0,0.0
2010-11-03 00:00:00-04:00,14.170219802789376,14.229602542132493,13.96980252658279,14.140527725219727,1202800,0.0,0.0
2010-11-04 00:00:00-04:00,14.155372342908153,14.22217809493687,13.984647161410784,14.103412628173828,1101500,0.0,0.0
2010-11-05 00:00:00-04:00,14.088567815467702,14.18506565047286,13.95495629979666,14.155373573303223,1234600,0.0,0.0
2010-11-08 00:00:00-05:00,14.177644524809294,14.489404297749681,14.170221504525433,14.48198127746582,1129300,0.0,0.0
2010-11-09 00:00:00-05:00,14.62301071107818,17.28781318067118,14.541358932342105,16.248613357543945,12512100,0.0,0.0
2010-11-10 00:00:00-05:00,15.714170098494757,15.85520461432972,15.291067966785842,15.484062194824219,4633400,0.0,0.0
2010-11-11 00:00:00-05:00,15.446948137743146,15.51375389099121,15.194571162316247,15.513753890991211,1886900,0.0,0.0
2010-11-12 00:00:00-05:00,15.320759985532952,15.550869325446948,15.068383004579351,15.194571495056152,1522300,0.0,0.0
2010-11-15 00:00:00-05:00,15.305919453894147,15.357879184600758,15.060965426422639,15.068387031555176,903500,0.0,0.0
2010-11-16 00:00:00-05:00,15.142608931601997,15.16487798425138,14.726929859384327,14.860541343688965,1276300,0.0,0.0
2010-11-17 00:00:00-05:00,15.03127155050046,15.261379508677749,15.016425510412557,15.06096363067627,881300,0.0,0.0
2010-11-18 00:00:00-05:00,15.201993942260744,15.36529752132194,15.179726302058613,15.201993942260742,759300,0.0,0.0
2010-11-19 00:00:00-05:00,15.13518997796524,15.291070556774377,15.016424496870762,15.283647537231445,711300,0.0,0.0
2010-11-22 00:00:00-05:00,15.2019962377603,15.54344806897795,15.150036515048024,15.498909950256348,1361200,0.0,0.0
2010-11-23 00:00:00-05:00,15.19457394166994,15.216843002091386,14.927352295594229,15.009002685546875,1133100,0.0,0.0
2010-11-24 00:00:00-05:00,15.135189410746609,15.365298760565084,15.105498749483807,15.253954887390137,841100,0.0,0.0
2010-11-26 00:00:00-05:00,15.083227250357847,15.194569689715037,15.060959611963966,15.150032997131348,399700,0.0,0.0
2010-11-29 00:00:00-05:00,15.023844343955233,15.046113397881658,14.637855904005992,14.905078887939453,2466500,0.0,0.0
2010-11-30 00:00:00-05:00,14.467133744047095,14.630435926051963,14.185066081348467,14.34094524383545,1731500,0.0,0.0
2010-12-01 00:00:00-05:00,14.61559110027572,14.919927817310635,14.61559110027572,14.793739318847656,1181300,0.0,0.0
2010-12-02 00:00:00-05:00,15.01642253624134,15.239108846065458,14.957039803447447,15.216839790344238,1056600,0.0,0.0
2010-12-03 00:00:00-05:00,15.372720940154197,15.409836037868855,15.187149698969549,15.283647537231445,1448600,0.0,0.0
2010-12-06 00:00:00-05:00,15.135186961004807,15.187146671651767,15.001575467457807,15.150032997131348,865600,0.0,0.0
2010-12-07 00:00:00-05:00,15.56571259745173,15.56571259745173,15.105496789132681,15.112919807434082,924200,0.0,0.0
2010-12-08 00:00:00-05:00,15.253952222027976,15.305913347801859,15.053536400083795,15.127763748168945,1066100,0.0,0.0
2010-12-09 00:00:00-05:00,14.97188903747542,15.031271782949043,14.734358055580921,14.934775352478027,969500,0.0,0.0
2010-12-10 00:00:00-05:00,15.023846734850075,15.060961830633948,14.89023522162041,14.979310035705566,992300,0.0,0.0
2010-12-13 00:00:00-05:00,14.971884634690898,14.994153688618466,14.697238632767872,14.756621360778809,1481800,0.0,0.0
2010-12-14 00:00:00-05:00,14.585899000931056,14.593322020335041,14.378060120804212,14.50424861907959,1669200,0.0,0.0
2010-12-15 00:00:00-05:00,14.259293395991016,14.452287655404989,14.147950935197315,14.162796974182129,1501700,0.0,0.0
2010-12-16 00:00:00-05:00,14.2592950782564,14.318679241201608,14.044033150765504,14.288987159729004,1240900,0.0,0.0
2010-12-17 00:00:00-05:00,14.340944890610299,14.355790929280404,13.895573641080329,14.222179412841797,6271100,0.0,0.0
2010-12-20 00:00:00-05:00,14.370636967950512,14.415173668164655,14.110836954408347,14.222179412841797,2550700,0.0,0.0
2010-12-21 00:00:00-05:00,14.422595008750132,14.563629528107771,14.296406526334563,14.533937454223633,1919300,0.0,0.0
2010-12-22 00:00:00-05:00,14.600743377814657,14.67497214760926,14.571051303578406,14.630434036254883,906300,0.0,0.0
2010-12-23 00:00:00-05:00,14.244448821695347,14.34094524383545,14.088568243412158,14.34094524383545,1062500,0.0,0.0
2010-12-27 00:00:00-05:00,14.03660565666101,14.095988384883428,13.732268997546623,13.791651725769043,2083900,0.0,0.0
2010-12-28 00:00:00-05:00,14.14795077403823,14.281562291787186,13.954956516822651,14.02918529510498,1313600,0.0,0.0
2010-12-29 00:00:00-05:00,14.170217995958023,14.177641014403934,14.066298569307286,14.095989227294922,706500,0.0,0.0
2010-12-30 00:00:00-05:00,14.303830681532817,14.370636437285182,13.94753426138429,13.969801902770996,1460700,0.0,0.0
2010-12-31 00:00:00-05:00,13.96980164775377,14.006916742380952,13.62092825303483,13.769384384155273,1798400,0.0,0.0
2011-01-03 00:00:00-05:00,13.95495830942343,14.029187097240905,13.732273361767373,13.821348190307617,2944100,0.0,0.0
2011-01-04 00:00:00-05:00,14.20733281280211,14.20733281280211,13.294322707608645,13.68031120300293,5735500,0.0,0.0
2011-01-05 00:00:00-05:00,13.220093520129595,13.39082012116589,13.182979841876007,13.383397102355957,2919600,0.0,0.0
2011-01-06 00:00:00-05:00,13.568969726562498,13.620929447802133,13.405666127470825,13.5689697265625,1032300,0.0,0.0
2011-01-07 00:00:00-05:00,13.63577560011097,13.73227202381446,13.42051227799331,13.48731803894043,1298900,0.0,0.0
2011-01-10 00:00:00-05:00,13.316591138352104,13.479893302200889,13.168133596092444,13.4724702835083,1013600,0.0,0.0
2011-01-11 00:00:00-05:00,13.531856536865234,13.650622035245242,13.457627746428626,13.531856536865234,988400,0.0,0.0
2011-01-12 00:00:00-05:00,13.717424989382742,13.717424989382742,13.561545835678817,13.59865951538086,786100,0.0,0.0
2011-01-13 00:00:00-05:00,13.583811107644202,13.583811107644202,13.413085945522024,13.450201034545898,1552800,0.0,0.0
2011-01-14 00:00:00-05:00,13.63577692866211,13.851038855956785,13.63577692866211,13.821348190307617,1083500,0.0,0.0
2011-01-18 00:00:00-05:00,14.437441373941452,14.459709014064824,14.125681670049884,14.251870155334473,2147200,0.0,0.0
2011-01-19 00:00:00-05:00,14.16279536155535,14.20733205764248,13.99207018005798,14.103412628173828,2020800,0.0,0.0
2011-01-20 00:00:00-05:00,13.969801951969552,13.969801951969552,13.68773430564095,13.747117042541504,1825800,0.0,0.0
2011-01-21 00:00:00-05:00,13.8361914788915,13.984649040187959,13.710002976528381,13.813923835754395,1356100,0.0,0.0
2011-01-24 00:00:00-05:00,13.954956192301424,14.27413894043554,13.851036754600514,14.199910163879395,1495800,0.0,0.0
2011-01-25 00:00:00-05:00,14.33352110140985,14.37805921502799,14.006916762986748,14.207332611083984,2393300,0.0,0.0
2011-01-26 00:00:00-05:00,14.25187248647886,14.467134399058887,14.244449466624891,14.400328636169434,1962000,0.0,0.0
2011-01-27 00:00:00-05:00,14.600743338551002,14.712085785045478,13.947533280866331,14.22960090637207,3999600,0.0,0.0
2011-01-28 00:00:00-05:00,14.17764252196986,14.30383101737646,13.962379211536653,14.199910163879395,1428600,0.0,0.0
2011-01-31 00:00:00-05:00,14.155372464718177,14.185064539562465,13.895572473014868,13.910418510437012,1173900,0.0,0.0
2011-02-01 00:00:00-05:00,14.08114336718209,14.400326085383334,14.036606671743504,14.22960090637207,1485000,0.0,0.0
2011-02-02 00:00:00-05:00,14.006916494215018,14.251870451230095,13.984647437833258,14.192487716674805,751200,0.0,0.0
2011-02-03 00:00:00-05:00,13.917843103828442,14.118260384314663,13.821346681258898,14.081145286560059,922300,0.0,0.0
2011-02-04 00:00:00-05:00,14.073722156069449,14.199910655847962,13.954956675783341,14.162796974182129,622400,0.0,0.0
2011-02-07 00:00:00-05:00,14.333522004354569,14.56363135848914,14.296408323130896,14.467133522033691,1029200,0.0,0.0
2011-02-08 00:00:00-05:00,14.363212603339452,14.407749299382235,14.244447136694667,14.251870155334473,826600,0.0,0.0
2011-02-09 00:00:00-05:00,14.348367909945352,14.415173668164655,14.192488751297757,14.222179412841797,1696900,0.0,0.0
2011-02-10 00:00:00-05:00,14.118258543177767,14.266714667447644,13.97722402169476,14.259291648864746,970000,0.0,0.0
2011-02-11 00:00:00-05:00,14.029184134800708,14.207332338466575,13.992070456627179,14.192487716674805,464400,0.0,0.0
2011-02-14 00:00:00-05:00,14.251871272748891,14.504248263105621,14.251871272748891,14.348367691040039,518000,0.0,0.0
2011-02-15 00:00:00-05:00,14.311252120192837,14.422594562219118,14.21475429885302,14.23702335357666,659800,0.0,0.0
2011-02-16 00:00:00-05:00,14.318677680259238,14.511670525606679,14.27413956290563,14.407751083374023,672300,0.0,0.0
2011-02-17 00:00:00-05:00,14.504250181877397,14.660129358768133,14.452289040450813,14.637860298156738,579400,0.0,0.0
2011-02-18 00:00:00-05:00,14.511669482273152,14.511669482273152,14.199909762193306,14.378059387207031,1286300,0.0,0.0
2011-02-22 00:00:00-05:00,14.118260384314663,14.311254645249962,14.014339526397984,14.081145286560059,1145200,0.0,0.0
2011-02-23 00:00:00-05:00,13.962378628828333,13.992070704530079,13.643195894015046,13.769384384155273,2136700,0.0,0.0
2011-02-24 00:00:00-05:00,13.784230697713285,13.977224946246546,13.724847960918137,13.85845947265625,764700,0.0,0.0
2011-02-25 00:00:00-05:00,14.029185722180335,14.214756965637207,14.006918079075097,14.214756965637207,792000,0.0,0.0
2011-02-28 00:00:00-05:00,14.303831657200877,14.311254676768147,14.006917953491211,14.006917953491211,1183600,0.0,0.0
2011-03-01 00:00:00-05:00,14.118259477058569,14.133105515206386,13.776807678639376,13.85845947265625,1192800,0.0,0.0
2011-03-02 00:00:00-05:00,14.036608443905267,14.318677520819051,14.02176240495271,14.311254501342773,1265100,0.0,0.0
2011-03-03 00:00:00-05:00,14.281561237464398,14.63043462910105,14.281561237464398,14.511669158935547,1321500,0.0,0.0
2011-03-04 00:00:00-05:00,14.467133522059664,14.563631358515286,14.392904743815997,14.50424861907959,1058400,0.0,0.0
2011-03-07 00:00:00-05:00,14.571052125604135,14.927349957559564,14.571052125604135,14.823429107666016,3234700,0.0,0.0
2011-03-08 00:00:00-05:00,14.652702918168169,14.74920074249561,14.504246796135504,14.533937454223633,944900,0.0,0.0
2011-03-09 00:00:00-05:00,14.585896594708771,14.615588667426437,14.474554153609427,14.541359901428223,919600,0.0,0.0
2011-03-10 00:00:00-05:00,14.27413675086785,14.27413675086785,14.03660583496094,14.036605834960938,1126600,0.0,0.0
2011-03-11 00:00:00-05:00,13.954958298929679,14.14052956043564,13.93269065365864,14.073723793029785,783100,0.0,0.0
2011-03-14 00:00:00-04:00,13.858458795255562,14.006916337884896,13.813922098785183,13.910418510437012,667800,0.0,0.0
2011-03-15 00:00:00-04:00,13.294323962756925,13.554123990562028,13.190404517953384,13.509587287902832,1391800,0.0,0.0
2011-03-16 00:00:00-04:00,13.301744770586161,13.435356272142082,13.071636860015415,13.131019592285156,1914000,0.0,0.0
2011-03-17 00:00:00-04:00,13.494738395243782,13.53185207031351,13.33885784519983,13.361126899719238,405800,0.0,0.0
2011-03-18 00:00:00-04:00,13.517008541877052,13.524431561427436,13.31659267720156,13.39082145690918,775700,0.0,0.0
2011-03-21 00:00:00-04:00,13.761964114039504,13.87330657711373,13.69515835303572,13.813923835754395,528800,0.0,0.0
2011-03-22 00:00:00-04:00,13.769383830429996,13.769383830429996,13.598658649398828,13.665464401245117,675500,0.0,0.0
2011-03-23 00:00:00-04:00,13.606083106986247,13.702579527749528,13.568969425722567,13.628352165222168,562900,0.0,0.0
2011-03-24 00:00:00-04:00,13.68773525615846,13.799077718604439,13.509587033085648,13.710002899169922,560200,0.0,0.0
2011-03-25 00:00:00-04:00,13.450204814992949,13.76938617553524,13.405666695645978,13.524432182312012,1138700,0.0,0.0
2011-03-28 00:00:00-04:00,13.517008891849155,13.702580138024764,13.494741248417682,13.509587287902832,942000,0.0,0.0
2011-03-29 00:00:00-04:00,13.405665102032074,13.524430574579725,13.346282365758249,13.50216293334961,690500,0.0,0.0
2011-03-30 00:00:00-04:00,13.457625091535071,13.635774719756496,13.442780469013401,13.554122924804688,913600,0.0,0.0
2011-03-31 00:00:00-04:00,13.435355842733541,13.509584609647291,13.34628103927785,13.457623481750488,750900,0.0,0.0
2011-04-01 00:00:00-04:00,11.082313027423437,11.312420934301148,10.919010162353516,10.919010162353516,16295200,0.0,0.0
2011-04-04 00:00:00-04:00,10.755708884965948,10.933857105213038,10.726017514924767,10.77797794342041,3493000,0.0,0.0
2011-04-05 00:00:00-04:00,10.659212568132222,10.755709705098582,10.644367235928712,10.733441352844238,2507900,0.0,0.0
2011-04-06 00:00:00-04:00,10.86705274574551,11.141698113095124,10.822515333897776,11.015509605407715,2505100,0.0,0.0
2011-04-07 00:00:00-04:00,10.963548552304434,11.067467987519944,10.844782371075471,11.008085250854492,2813400,0.0,0.0
2011-04-08 00:00:00-04:00,10.96354815895422,10.985816507430306,10.755707880183973,10.80024528503418,1283800,0.0,0.0
2011-04-11 00:00:00-04:00,10.763132592390182,10.763132592390182,10.644367104634407,10.68890380859375,1670700,0.0,0.0
2011-04-12 00:00:00-04:00,10.666634861536684,10.666634861536684,10.503331971033871,10.60725212097168,1783000,0.0,0.0
2011-04-13 00:00:00-04:00,10.666633328051834,10.75570742609363,10.525599516460154,10.614673614501953,2843500,0.0,0.0
2011-04-14 00:00:00-04:00,10.377142425257711,10.45879421623487,10.08765177113298,10.102497100830078,4850100,0.0,0.0
2011-04-15 00:00:00-04:00,10.07280556091742,10.354873899308735,9.924348727000417,10.31775951385498,4312900,0.0,0.0
2011-04-18 00:00:00-04:00,10.198994745235817,10.228686114052735,10.050537901151218,10.154458045959473,1833400,0.0,0.0
2011-04-19 00:00:00-04:00,9.954039919975811,10.035691708127954,9.805583088651021,9.87238883972168,2961000,0.0,0.0
2011-04-20 00:00:00-04:00,10.258377096981137,10.31033752137971,10.050537523080985,10.147034645080566,1570700,0.0,0.0
2011-04-21 00:00:00-04:00,10.198993682861328,10.310336835250311,10.080228219964813,10.198993682861328,1529400,0.0,0.0
2011-04-25 00:00:00-04:00,10.250956461016603,10.347452890885945,10.176727675688321,10.184150695800781,562300,0.0,0.0
2011-04-26 00:00:00-04:00,10.243533665114217,10.443950257250235,10.14703652523459,10.347453117370605,2000000,0.0,0.0
2011-04-27 00:00:00-04:00,10.37714189090083,10.555290793378708,10.273222464678236,10.547867774963379,1852000,0.0,0.0
2011-04-28 00:00:00-04:00,10.466216880665439,10.4810622098599,10.117342795870455,10.22126293182373,2800000,0.0,0.0
2011-04-29 00:00:00-04:00,10.236108590420498,10.273222976448025,10.206417223178084,10.250954627990723,854000,0.0,0.0
2011-05-02 00:00:00-04:00,10.191572857283713,10.236110269401616,10.020847644611083,10.050539016723633,1257600,0.0,0.0
2011-05-03 00:00:00-04:00,9.835274163900976,9.98373099083309,9.761045396485923,9.931771278381348,2200000,0.0,0.0
2011-05-04 00:00:00-04:00,10.028269576390315,10.072806275777141,9.924349431324265,10.006000518798828,1250200,0.0,0.0
2011-05-05 00:00:00-04:00,9.835274696350098,9.916925778608583,9.768468943639508,9.835274696350098,2200000,0.0,0.0
2011-05-06 00:00:00-04:00,9.894659390647648,9.894659390647648,9.68681978051418,9.723934173583984,1336600,0.0,0.0
2011-05-09 00:00:00-04:00,9.634857676524428,9.864966307341463,9.612589327702795,9.798160552978516,1724600,0.0,0.0
2011-05-10 00:00:00-04:00,9.738779655923832,9.86496816956393,9.701665262282948,9.820430755615234,1586000,0.0,0.0
2011-05-11 00:00:00-04:00,9.864967517022043,9.931773279576973,9.723933679993518,9.76104736328125,705900,0.0,0.0
2011-05-12 00:00:00-04:00,9.738779011728985,9.805584774283913,9.65712791743859,9.76104736328125,618000,0.0,0.0
2011-05-13 00:00:00-04:00,9.560628320291485,9.612588029825792,9.493822574948547,9.5680513381958,1191100,0.0,0.0
2011-05-16 00:00:00-04:00,9.523514866816257,9.523514866816257,9.315675300525328,9.330520629882812,1066500,0.0,0.0
2011-05-17 00:00:00-04:00,9.107836076202522,9.271138244756395,9.08556701948314,9.248869895935059,1278400,0.0,0.0
2011-05-18 00:00:00-04:00,9.26371487802908,9.360211996495803,9.241446530043843,9.330520629882812,841700,0.0,0.0
2011-05-19 00:00:00-04:00,9.42701773462287,9.582897586088595,9.404749386670057,9.478978157043457,1756700,0.0,0.0
2011-05-20 00:00:00-04:00,9.545783699003579,9.620012473250256,9.493823981769737,9.6051664352417,1245900,0.0,0.0
2011-05-23 00:00:00-04:00,9.300830841064453,9.323099900725438,9.211756726114935,9.300830841064453,1100000,0.0,0.0
2011-05-24 00:00:00-04:00,9.196911025804537,9.22660239626492,9.085567855654517,9.09299087524414,1210400,0.0,0.0
2011-05-25 00:00:00-04:00,8.862880699275088,9.10041233001256,8.810920986878449,9.011338233947754,1712700,0.0,0.0
2011-05-26 00:00:00-04:00,8.944532999581577,9.055875449094588,8.929686962100892,9.02618408203125,1135100,0.0,0.0
2011-05-27 00:00:00-04:00,8.944533052266712,9.048452483651488,8.937110033482647,9.003915786743164,905900,0.0,0.0
2011-05-31 00:00:00-04:00,9.271138359916538,9.449286568496175,9.055875764241627,9.404749870300293,3097400,0.0,0.0
2011-06-01 00:00:00-04:00,9.649702610316012,9.738776703309634,9.434440041940267,9.441863059997559,2133500,0.0,0.0
2011-06-02 00:00:00-04:00,9.605167974180976,9.916927743330264,9.538362916133131,9.723934173583984,2763700,0.0,0.0
2011-06-03 00:00:00-04:00,9.686818750088914,9.7313554507166,9.620012991249293,9.657127380371094,1354600,0.0,0.0
2011-06-06 00:00:00-04:00,9.560629449426788,9.582897797871734,9.337943841283229,9.352789878845215,1112300,0.0,0.0
2011-06-07 00:00:00-04:00,9.315676006299643,9.33052133678184,9.1449501044169,9.167219161987305,1319300,0.0,0.0
2011-06-08 00:00:00-04:00,8.989070926976835,9.018762298105402,8.840614071333997,8.877728462219238,1641400,0.0,0.0
2011-06-09 00:00:00-04:00,8.899996813591132,9.003916966490182,8.81092270020543,8.877728462219238,1043900,0.0,0.0
2011-06-10 00:00:00-04:00,8.80349811659888,8.951955653767907,8.788652787620777,8.907418251037598,1885000,0.0,0.0
2011-06-13 00:00:00-04:00,8.914842796927118,9.011339929461412,8.833190995914496,8.899996757507324,828100,0.0,0.0
2011-06-14 00:00:00-04:00,8.959380014875542,9.0039174277993,8.91484330984995,8.951957702636719,1468000,0.0,0.0
2011-06-15 00:00:00-04:00,8.751539531047452,8.892573360053975,8.662465422006791,8.692156791687012,2128700,0.0,0.0
2011-06-16 00:00:00-04:00,8.565966886166436,8.684732345373918,8.528852503189603,8.617926597595215,1360500,0.0,0.0
2011-06-17 00:00:00-04:00,8.70700016609248,8.70700016609248,8.536275005768124,8.603080749511719,937200,0.0,0.0
2011-06-20 00:00:00-04:00,8.462049336335687,8.46947235677467,8.313592467046993,8.36555290222168,2117900,0.0,0.0
2011-06-21 00:00:00-04:00,8.402664548962074,8.565967419488684,8.402664548962074,8.521430015563965,1424700,0.0,0.0
2011-06-22 00:00:00-04:00,8.313589958199119,8.417510089289625,8.246784210205078,8.246784210205078,1402400,0.0,0.0
2011-06-23 00:00:00-04:00,7.942448670995566,8.14286594344041,7.912757301881301,8.120596885681152,1716800,0.0,0.0
2011-06-24 00:00:00-04:00,7.994409097470748,8.009254428078101,7.79399182503589,7.920180320739746,1632800,0.0,0.0
2011-06-27 00:00:00-04:00,7.808837508661464,7.905333922969087,7.75687708415192,7.801414489746094,1540900,0.0,0.0
2011-06-28 00:00:00-04:00,7.608420990081422,7.816260584769735,7.586152639053632,7.779146194458008,1481500,0.0,0.0
2011-06-29 00:00:00-04:00,8.135442469968314,8.491738879446704,8.120596432291029,8.283899307250977,2155100,0.0,0.0
2011-06-30 00:00:00-04:00,8.25420953368939,8.365552714075381,8.209672827853536,8.343283653259277,1140700,0.0,0.0
2011-07-01 00:00:00-04:00,8.528854201577733,8.669888743394928,8.439780089434402,8.632774353027344,1142000,0.0,0.0
2011-07-05 00:00:00-04:00,8.157711137453182,8.20224854432787,8.046368682113565,8.113174438476562,1392500,0.0,0.0
2011-07-06 00:00:00-04:00,8.128019660830173,8.231939803558165,8.068636924385052,8.157711029052734,1046500,0.0,0.0
2011-07-07 00:00:00-04:00,8.031521370867452,8.15028682651165,7.986984678949854,8.083481788635254,821800,0.0,0.0
2011-07-08 00:00:00-04:00,7.949871594374119,7.979562963130309,7.831106119349359,7.927603244781494,651300,0.0,0.0
2011-07-11 00:00:00-04:00,7.608421439280539,7.77172434155463,7.600998419200318,7.690072536468506,1389700,0.0,0.0
2011-07-12 00:00:00-04:00,7.578729580503837,7.883066305280986,7.578729580503837,7.76430082321167,1662600,0.0,0.0
2011-07-13 00:00:00-04:00,7.563883154925118,7.74945438815378,7.5490378243738245,7.593574523925781,1539200,0.0,0.0
2011-07-14 00:00:00-04:00,7.497077941894531,7.690071482235686,7.459963554479596,7.497077941894531,1134000,0.0,0.0
2011-07-15 00:00:00-04:00,7.430272143460403,7.504500209965974,7.311506670733046,7.445117473602295,1537600,0.0,0.0
2011-07-18 00:00:00-04:00,7.2743918999357176,7.318928595910926,7.140780396214056,7.16304874420166,1721600,0.0,0.0
2011-07-19 00:00:00-04:00,7.378311800876734,7.615843456890537,7.348620432362267,7.511923313140869,1077600,0.0,0.0
2011-07-20 00:00:00-04:00,7.8385279189269905,7.920178993328015,7.675225062226981,7.727184772491455,1636700,0.0,0.0
2011-07-21 00:00:00-04:00,7.808836791244901,7.927602251387367,7.719761988240071,7.838528156280518,909000,0.0,0.0
2011-07-22 00:00:00-04:00,7.89048881473713,7.94244853280855,7.808837728068032,7.875642776489258,681200,0.0,0.0
2011-07-25 00:00:00-04:00,7.779145293945615,7.779145293945615,7.675225862580211,7.7568769454956055,637600,0.0,0.0
2011-07-26 00:00:00-04:00,7.489655353100338,7.756877683622848,7.4525409635532425,7.682649612426758,2508600,0.0,0.0
2011-07-27 00:00:00-04:00,7.652957916259765,7.72718598429284,7.549037771535776,7.652957916259766,1733900,0.0,0.0
2011-07-28 00:00:00-04:00,7.1778954094789515,7.1778954094789515,7.007169505575173,7.133358001708984,4929300,0.0,0.0
2011-07-29 00:00:00-04:00,7.13335738840902,7.2224314883926075,7.029437959043844,7.125935077667236,2153900,0.0,0.0
2011-08-01 00:00:00-04:00,7.185318964160076,7.200164295924188,6.851290150740876,6.947787284851074,3078300,0.0,0.0
2011-08-02 00:00:00-04:00,6.843867219036343,6.918095286931177,6.739947074505892,6.777061462402344,2931800,0.0,0.0
2011-08-03 00:00:00-04:00,6.836445177918044,6.918096276653012,6.710256665756075,6.86613655090332,4299200,0.0,0.0
2011-08-04 00:00:00-04:00,6.517261726290088,6.59149050517258,6.331690486981957,6.391073226928711,2703400,0.0,0.0
2011-08-05 00:00:00-04:00,6.598912626697361,6.695409742954574,6.361380991334221,6.532106876373291,3326500,0.0,0.0
2011-08-08 00:00:00-04:00,6.071890316633013,6.220347145471645,5.9085874509615195,5.982816219329834,2686800,0.0,0.0
2011-08-09 00:00:00-04:00,6.346536681790233,6.554376276708464,6.153542418274245,6.524684906005859,3137800,0.0,0.0
2011-08-10 00:00:00-04:00,6.220347853938762,6.361381680424023,6.071891008191623,6.1312737464904785,2046800,0.0,0.0
2011-08-11 00:00:00-04:00,5.856628399572416,6.235193555737644,5.8269370286554985,6.175810813903809,5147900,0.0,0.0
2011-08-12 00:00:00-04:00,6.435610209795497,6.487569926834609,6.294575680834976,6.368804454803467,1696700,0.0,0.0
2011-08-15 00:00:00-04:00,6.517261239827538,6.687987135354677,6.405918787712742,6.665718078613281,2531500,0.0,0.0
2011-08-16 00:00:00-04:00,6.695410415595159,6.84386726017528,6.650873008272086,6.791906833648682,1966900,0.0,0.0
2011-08-17 00:00:00-04:00,6.710255934537736,6.858712783286737,6.650873195038135,6.814176082611084,3018600,0.0,0.0
2011-08-18 00:00:00-04:00,6.517261649479896,6.962632901729659,6.457878910233007,6.92551851272583,2353100,0.0,0.0
2011-08-19 00:00:00-04:00,6.6063348661465,6.843866498952846,6.6063348661465,6.739946365356445,2150200,0.0,0.0
2011-08-22 00:00:00-04:00,6.754792330241269,7.18531748100587,6.6879865813471095,7.022014617919922,2661200,0.0,0.0
2011-08-23 00:00:00-04:00,7.192740147171446,7.630688337896583,7.11108906553887,7.600996971130371,2209800,0.0,0.0
2011-08-24 00:00:00-04:00,7.764301428843365,8.046369824708968,7.70491868317673,7.9350266456604,2056900,0.0,0.0
2011-08-25 00:00:00-04:00,7.95729360461765,8.17997919600339,7.667802265026389,7.949870586395264,2115300,0.0,0.0
2011-08-26 00:00:00-04:00,7.704916785882944,8.083482227211693,7.638111036483989,7.994408130645752,1353600,0.0,0.0
2011-08-29 00:00:00-04:00,8.01667684995841,8.439779005262146,8.00925383125883,8.387819290161133,1764100,0.0,0.0
2011-08-30 00:00:00-04:00,8.269056162359895,8.833192293092663,8.194827370156471,8.640198707580566,2407200,0.0,0.0
2011-08-31 00:00:00-04:00,8.929685742605146,8.974223141066854,8.551121041221338,8.603080749511719,2054200,0.0,0.0
2011-09-01 00:00:00-04:00,8.291323097131833,8.32843748687842,8.053792135390651,8.061214447021484,1570400,0.0,0.0
2011-09-02 00:00:00-04:00,8.128019721231773,8.165134108760295,7.764300280827985,7.86079740524292,1150000,0.0,0.0
2011-09-06 00:00:00-04:00,7.029438393534408,7.326352078498643,7.014592355337164,7.311506748199463,2876300,0.0,0.0
2011-09-07 00:00:00-04:00,7.4451164181931375,7.675225019906065,7.415425054220304,7.563881874084473,916300,0.0,0.0
2011-09-08 00:00:00-04:00,7.333774833151654,7.526769075368339,7.333774833151654,7.459963321685791,1385500,0.0,0.0
2011-09-09 00:00:00-04:00,7.0962453514631285,7.266970572257484,6.984902169820642,7.036861896514893,2093000,0.0,0.0
2011-09-12 00:00:00-04:00,6.739947850926795,7.022016240375926,6.710256478768894,7.0071702003479,2680000,0.0,0.0
2011-09-13 00:00:00-04:00,7.036860997877951,7.103666756752428,6.955209908085864,7.01459264755249,901100,0.0,0.0
2011-09-14 00:00:00-04:00,7.066551964895797,7.1853174251632925,6.94778579673032,7.11851167678833,881900,0.0,0.0
2011-09-15 00:00:00-04:00,7.259545087304761,7.333773849865945,7.096242942306867,7.22243070602417,1008200,0.0,0.0
2011-09-16 00:00:00-04:00,7.222432495315141,7.229855514989834,7.029438939059991,7.140781402587891,779900,0.0,0.0
2011-09-19 00:00:00-04:00,6.762214320759373,6.962631557961227,6.687986264975613,6.918094158172607,1716100,0.0,0.0
2011-09-20 00:00:00-04:00,6.658296507395262,6.747370620563658,6.546953335011173,6.591490745544434,986000,0.0,0.0
2011-09-21 00:00:00-04:00,6.509838865484726,6.673141032611434,6.44303311170651,6.487569808959961,1133200,0.0,0.0
2011-09-22 00:00:00-04:00,5.626520337144236,6.057045587687863,5.500331828409227,5.730440139770508,7068900,0.0,0.0
2011-09-23 00:00:00-04:00,5.678480009912164,5.789822824606334,5.65621130539371,5.752708435058594,3481800,0.0,0.0
2011-09-26 00:00:00-04:00,5.782399533881579,5.9234337120188165,5.700748093076013,5.901165008544922,2923000,0.0,0.0
2011-09-27 00:00:00-04:00,6.027353502349242,6.034776521490218,5.826936586880333,5.901165008544922,3215700,0.0,0.0
2011-09-28 00:00:00-04:00,5.864051165780464,5.960547940114479,5.715593963664438,5.804668426513672,771100,0.0,0.0
2011-09-29 00:00:00-04:00,5.997661886803826,6.064467640526573,5.789822314698199,5.938279151916504,878800,0.0,0.0
2011-09-30 00:00:00-04:00,5.819513728368912,5.9902389155516005,5.760130993009885,5.797245025634766,1027000,0.0,0.0
2011-10-03 00:00:00-04:00,5.797245731587203,6.146119521279667,5.76755436029206,5.834360122680664,1123600,0.0,0.0
2011-10-04 00:00:00-04:00,5.7824004729095275,6.168389036145743,5.7527090994219865,6.153542995452881,790800,0.0,0.0
2011-10-05 00:00:00-04:00,6.153541470476303,6.22034722124195,5.997661621322462,6.160964488983154,1006400,0.0,0.0
2011-10-06 00:00:00-04:00,6.220347107629053,6.450455013954529,6.168387394826137,6.353958606719971,695300,0.0,0.0
2011-10-07 00:00:00-04:00,6.457879033811475,6.457879033811475,6.168388351417695,6.205502033233643,587400,0.0,0.0
2011-10-10 00:00:00-04:00,6.1980789283709425,6.465301225896068,6.175809872653672,6.450455188751221,778000,0.0,0.0
2011-10-11 00:00:00-04:00,6.405919235885398,6.643450194560793,6.391073197019138,6.5395307540893555,667300,0.0,0.0
2011-10-12 00:00:00-04:00,6.732524719489497,6.866136245937855,6.6657189562653185,6.762216091156006,861400,0.0,0.0
2011-10-13 00:00:00-04:00,6.598913565521393,6.598913565521393,6.235193396221618,6.443033695220947,858700,0.0,0.0
2011-10-14 00:00:00-04:00,6.554375378633494,6.576643726634728,6.376227178827582,6.428186893463135,526100,0.0,0.0
2011-10-17 00:00:00-04:00,6.3242680417088755,6.3613817224673905,6.086736379045491,6.146119117736816,646000,0.0,0.0
2011-10-18 00:00:00-04:00,6.146119050315844,6.242616176605225,5.982816874655115,6.242616176605225,959400,0.0,0.0
2011-10-19 00:00:00-04:00,5.953125517492986,6.034776605485988,5.812090983443708,5.967970848083496,2155400,0.0,0.0
2011-10-20 00:00:00-04:00,6.101582240430621,6.2203477143634105,5.945702378919318,6.08673620223999,920300,0.0,0.0
2011-10-21 00:00:00-04:00,6.094158978312407,6.138696383210172,6.005084876414912,6.123850345611572,619000,0.0,0.0
2011-10-24 00:00:00-04:00,6.494993616146313,6.8215986979402095,6.450456205588991,6.754793643951416,1163200,0.0,0.0
2011-10-25 00:00:00-04:00,6.628604335357982,6.673141032611434,6.428187074023333,6.487569808959961,874700,0.0,0.0
2011-10-26 00:00:00-04:00,6.732524026542423,6.791906763763453,6.443033359564415,6.687987327575684,1203200,0.0,0.0
2011-10-27 00:00:00-04:00,7.912757651803342,8.04636917267521,7.497078465821261,7.67522668838501,1911600,0.0,0.0
2011-10-28 00:00:00-04:00,7.400580058877563,7.586151269024657,7.3486196386657445,7.556459903717041,1222600,0.0,0.0
2011-10-31 00:00:00-04:00,7.252123290265818,7.437694501895162,7.21500890636035,7.3857340812683105,2145100,0.0,0.0
2011-11-01 00:00:00-04:00,6.665718245489278,7.0591297629930985,6.606335508488336,6.79932975769043,2369500,0.0,0.0
2011-11-02 00:00:00-04:00,6.79190759533452,6.910673792215854,6.732524850842929,6.806753635406494,620200,0.0,0.0
2011-11-03 00:00:00-04:00,6.895827301181452,7.096244581657612,6.7176790793569365,7.0591301918029785,632600,0.0,0.0
2011-11-04 00:00:00-04:00,6.836444584520884,6.8884043057605195,6.717679102888513,6.78448486328125,637100,0.0,0.0
2011-11-07 00:00:00-05:00,6.70283317565918,6.747370585964058,6.606336043247043,6.70283317565918,697400,0.0,0.0
2011-11-08 00:00:00-05:00,6.710256498633121,6.8141766554424805,6.613759361859747,6.806753635406494,664900,0.0,0.0
2011-11-09 00:00:00-05:00,6.5395308327620105,6.5395308327620105,6.123850942181211,6.205502033233643,924300,0.0,0.0
2011-11-10 00:00:00-05:00,6.301998549406562,6.309421568205862,6.101581997111707,6.123850345611572,426900,0.0,0.0
2011-11-11 00:00:00-05:00,6.212924659312327,6.346536170662503,6.198079329105673,6.272307395935059,418300,0.0,0.0
2011-11-14 00:00:00-05:00,6.1906566367960725,6.212924987230405,6.057045118393882,6.1015825271606445,325000,0.0,0.0
2011-11-15 00:00:00-05:00,5.938279277479374,6.042199419678562,5.88631920637978,6.019930362701416,540900,0.0,0.0
2011-11-16 00:00:00-05:00,5.982816219329834,6.071890316633013,5.9382788167292455,5.982816219329834,286200,0.0,0.0
2011-11-17 00:00:00-05:00,5.975393978880223,5.975393978880223,5.685902594031042,5.804668426513672,662500,0.0,0.0
2011-11-18 00:00:00-05:00,5.878896850597163,5.89374253541386,5.745285333297835,5.804668426513672,442500,0.0,0.0
2011-11-21 00:00:00-05:00,5.6339423094102425,5.700747707414401,5.5374451907998905,5.693325042724609,621100,0.0,0.0
2011-11-22 00:00:00-05:00,5.5968275582938345,5.648787623522192,5.515176128348983,5.574559211730957,614200,0.0,0.0
2011-11-23 00:00:00-05:00,5.507753670122381,5.507753670122381,5.344450804125507,5.374142169952393,445100,0.0,0.0
2011-11-25 00:00:00-05:00,5.455794724847549,5.633943310391267,5.4483720588389755,5.507754802703857,439100,0.0,0.0
2011-11-28 00:00:00-05:00,5.975394170212615,5.9902395015556165,5.84178264863504,5.908588409423828,673800,0.0,0.0
2011-11-29 00:00:00-05:00,5.856627760993791,5.893742147567694,5.774976676849642,5.797245025634766,570100,0.0,0.0
2011-11-30 00:00:00-05:00,6.086735959513107,6.175810061410602,6.057044592213942,6.123850345611572,751800,0.0,0.0
2011-12-01 00:00:00-05:00,6.071890455182313,6.109004132315337,5.982816355846628,5.990238666534424,298200,0.0,0.0
2011-12-02 00:00:00-05:00,6.2277706363211545,6.2574620043412414,6.086736107302204,6.094159126281738,428600,0.0,0.0
2011-12-05 00:00:00-05:00,6.212925012512253,6.272307752510847,6.1312739219887105,6.190656661987305,293800,0.0,0.0
2011-12-06 00:00:00-05:00,6.109004688704848,6.168388134901783,6.05704496966787,6.1312737464904785,306200,0.0,0.0
2011-12-07 00:00:00-05:00,6.116427482882426,6.324267767177985,6.071890784746274,6.2945756912231445,344800,0.0,0.0
2011-12-08 00:00:00-05:00,6.07189059668086,6.116427293437573,5.967970457751813,6.034776210784912,672400,0.0,0.0
2011-12-09 00:00:00-05:00,6.064468201797969,6.2723077931393165,6.057045182275537,6.205502033233643,419100,0.0,0.0
2011-12-12 00:00:00-05:00,6.071891381607042,6.094159732864075,5.938279858268599,5.975394248962402,324400,0.0,0.0
2011-12-13 00:00:00-05:00,6.005084518814231,6.057044231519078,5.901164385506543,5.930855751037598,351800,0.0,0.0
2011-12-14 00:00:00-05:00,5.656211538632221,5.715594281198062,5.619097501503104,5.671057224273682,485900,0.0,0.0
2011-12-15 00:00:00-05:00,5.656210287726821,5.708170352955178,5.537444828860847,5.574559211730957,877000,0.0,0.0
2011-12-16 00:00:00-05:00,5.626519748369956,5.678479821220386,5.574560029468564,5.6487884521484375,457400,0.0,0.0
2011-12-19 00:00:00-05:00,5.567136951996056,5.596828320757445,5.322182982740075,5.351874351501465,411700,0.0,0.0
2011-12-20 00:00:00-05:00,5.530022214305767,5.656210700534993,5.530022214305767,5.552290916442871,617200,0.0,0.0
2011-12-21 00:00:00-05:00,5.604250985463438,5.61909666890517,5.46321681579248,5.552290916442871,594500,0.0,0.0
2011-12-22 00:00:00-05:00,5.715593855585803,5.715593855585803,5.64136543290593,5.6487884521484375,749600,0.0,0.0
2011-12-23 00:00:00-05:00,5.78239942126366,5.797245105307444,5.708171001044741,5.7452850341796875,293200,0.0,0.0
2011-12-27 00:00:00-05:00,5.76755412008788,5.76755412008788,5.715594045510854,5.752708435058594,254600,0.0,0.0
2011-12-28 00:00:00-05:00,5.730439636825706,5.752708340979982,5.6413655281066895,5.6413655281066895,229800,0.0,0.0
2011-12-29 00:00:00-05:00,5.693325613413914,5.834359796147068,5.671056909214344,5.804668426513672,183300,0.0,0.0
2011-12-30 00:00:00-05:00,5.834359466255804,5.856627815247212,5.752708027406246,5.77497673034668,401800,0.0,0.0
2012-01-03 00:00:00-05:00,6.109004456342755,6.160964881301447,6.057044739282117,6.094159126281738,516900,0.0,0.0
2012-01-04 00:00:00-05:00,5.886319128673304,5.886319128673304,5.774976676849642,5.797245025634766,282600,0.0,0.0
2012-01-05 00:00:00-05:00,5.671057224273682,5.723017300993324,5.619097501503104,5.671057224273682,219500,0.0,0.0
2012-01-06 00:00:00-05:00,5.678479393624721,5.797244860969348,5.648788026788563,5.7823991775512695,527700,0.0,0.0
2012-01-09 00:00:00-05:00,5.69332569494145,5.760131454547762,5.648788639853592,5.752708435058594,565700,0.0,0.0
2012-01-10 00:00:00-05:00,5.767553806304932,5.834359562276686,5.752708122083322,5.767553806304932,320100,0.0,0.0
2012-01-11 00:00:00-05:00,5.752708027406246,5.81209076331537,5.723016659451684,5.77497673034668,202100,0.0,0.0
2012-01-12 00:00:00-05:00,5.871473681503705,5.982816845713486,5.871473681503705,5.953125476837158,301700,0.0,0.0
2012-01-13 00:00:00-05:00,5.871473595856192,5.901164964299409,5.7304394187763945,5.767553806304932,258900,0.0,0.0
2012-01-17 00:00:00-05:00,5.797245129220159,5.797245129220159,5.567136848617838,5.633942604064941,1008700,0.0,0.0
2012-01-18 00:00:00-05:00,5.834360122680664,5.871474159825061,5.774977380090378,5.834360122680664,631100,0.0,0.0
2012-01-19 00:00:00-05:00,6.019930299378066,6.123850440484124,6.005084969447513,6.116427421569824,663200,0.0,0.0
2012-01-20 00:00:00-05:00,6.0347769909132385,6.049622322451886,5.930856838550214,5.975394248962402,348600,0.0,0.0
2012-01-23 00:00:00-05:00,6.079312940713807,6.153541712910737,6.005084876414912,6.123850345611572,707000,0.0,0.0
2012-01-24 00:00:00-05:00,5.990239225203369,6.079313332846391,5.960547855989028,6.057044982910156,394900,0.0,0.0
2012-01-25 00:00:00-05:00,5.938279319771417,6.08673616118609,5.871473564160299,6.071890830993652,548900,0.0,0.0
2012-01-26 00:00:00-05:00,5.29249218037826,5.418680688093307,5.270223474449516,5.344451904296875,1820400,0.0,0.0
2012-01-27 00:00:00-05:00,5.366720182581868,5.6784799170474685,5.3592971632140936,5.6413655281066895,1139100,0.0,0.0
2012-01-30 00:00:00-05:00,5.552291623185699,5.626520049842782,5.5226002525228655,5.5894060134887695,641500,0.0,0.0
2012-01-31 00:00:00-05:00,5.715593522873556,5.745284890217132,5.619096755981445,5.619096755981445,1170800,0.0,0.0
2012-02-01 00:00:00-05:00,5.797244652358046,6.0570442798001505,5.760130622122888,5.982816219329834,837000,0.0,0.0
2012-02-02 00:00:00-05:00,5.982816073615091,6.027352767232965,5.945701690334874,6.012507438659668,292300,0.0,0.0
2012-02-03 00:00:00-05:00,6.057044729051263,6.1683878898620605,6.057044729051263,6.1683878898620605,447800,0.0,0.0
2012-02-06 00:00:00-05:00,6.175810851848598,6.250039633546022,6.175810851848598,6.227771282196045,368800,0.0,0.0
2012-02-07 00:00:00-05:00,6.383650900250025,6.465301990509033,6.309422121543219,6.465301990509033,606400,0.0,0.0
2012-02-08 00:00:00-05:00,6.532106994645303,6.569221379708234,6.294575354981355,6.339112758636475,1012400,0.0,0.0
2012-02-09 00:00:00-05:00,6.39849624639658,6.428187616369957,6.331690486981957,6.391073226928711,408900,0.0,0.0
2012-02-10 00:00:00-05:00,6.3391131945344705,6.376227582149507,6.264884419304397,6.324267864227295,423800,0.0,0.0
2012-02-13 00:00:00-05:00,6.413341475742306,6.435609823436763,6.339112706230104,6.3613810539245605,217300,0.0,0.0
2012-02-14 00:00:00-05:00,6.33911252210582,6.383649924099121,6.250038426017208,6.301998138427734,220800,0.0,0.0
2012-02-15 00:00:00-05:00,6.368804072455383,6.435609823436763,6.339112706230104,6.3613810539245605,333900,0.0,0.0
2012-02-16 00:00:00-05:00,6.301998315665277,6.443032836028864,6.301998315665277,6.435609817504883,352800,0.0,0.0
2012-02-17 00:00:00-05:00,6.4727253913879395,6.524685114805759,6.450456331724755,6.4727253913879395,122300,0.0,0.0
2012-02-21 00:00:00-05:00,6.606336497458816,6.658296931036681,6.54695375156826,6.613759517669678,293700,0.0,0.0
2012-02-22 00:00:00-05:00,6.502416395252449,6.524684745757956,6.294576097540711,6.391073226928711,458000,0.0,0.0
2012-02-23 00:00:00-05:00,6.405919305549774,6.46530204586441,6.301999156050109,6.443033695220947,353100,0.0,0.0
2012-02-24 00:00:00-05:00,6.576643660237438,6.680563796357394,6.576643660237438,6.598912715911865,515700,0.0,0.0
2012-02-27 00:00:00-05:00,6.316844802351137,6.3910728691805225,6.227770697417039,6.272307395935059,757700,0.0,0.0
2012-02-28 00:00:00-05:00,6.2648849651466305,6.279731004645366,6.205502222947943,6.227771282196045,348000,0.0,0.0
2012-02-29 00:00:00-05:00,6.391072287193637,6.4133413423228305,6.250038477532052,6.279729843139648,486100,0.0,0.0
2012-03-01 00:00:00-05:00,6.279730592237617,6.279730592237617,6.064467988929747,6.1312737464904785,698400,0.0,0.0
2012-03-02 00:00:00-05:00,6.30199891464514,6.316844953104157,6.212924807585267,6.242616176605225,508600,0.0,0.0
2012-03-05 00:00:00-05:00,6.12385089290108,6.12385089290108,5.990239374164938,6.027353763580322,442200,0.0,0.0
2012-03-06 00:00:00-05:00,5.841782242236823,5.849205261340979,5.760131155785297,5.812090873718262,435400,0.0,0.0
2012-03-07 00:00:00-05:00,5.864050553153932,5.923433286216917,5.819513503356693,5.878896236419678,278000,0.0,0.0
2012-03-08 00:00:00-05:00,5.908587403863804,5.960547116568652,5.8492046728016955,5.930855751037598,256100,0.0,0.0
2012-03-09 00:00:00-05:00,5.7823993575275034,5.841782093048096,5.745284970852622,5.841782093048096,422800,0.0,0.0
2012-03-12 00:00:00-04:00,5.737862986634784,5.737862986634784,5.604251815861645,5.671057224273682,459800,0.0,0.0
2012-03-13 00:00:00-04:00,5.752708674644488,5.856628474177489,5.730439969198598,5.834360122680664,415600,0.0,0.0
2012-03-14 00:00:00-04:00,5.834359879694192,5.834359879694192,5.708171379970736,5.752708435058594,392100,0.0,0.0
2012-03-15 00:00:00-04:00,5.708171367645264,5.737862737639724,5.656211293180434,5.708171367645264,263100,0.0,0.0
2012-03-16 00:00:00-04:00,5.7007481304196865,5.760131222089391,5.678479780748954,5.7155938148498535,308500,0.0,0.0
2012-03-19 00:00:00-04:00,5.83436014330699,5.9679713146074915,5.812091437782373,5.923434257507324,474200,0.0,0.0
2012-03-20 00:00:00-04:00,5.797244638543493,5.878896071184668,5.760130608396776,5.864050388336182,294300,0.0,0.0
2012-03-21 00:00:00-04:00,5.774976478006369,5.774976478006369,5.663633676067426,5.693325042724609,458900,0.0,0.0
2012-03-22 00:00:00-04:00,5.589405714004539,5.700748171049829,5.581982694762032,5.6487884521484375,425400,0.0,0.0
2012-03-23 00:00:00-04:00,5.648788547474463,5.656211212893192,5.589405808328452,5.6413655281066895,122900,0.0,0.0
2012-03-26 00:00:00-04:00,5.700747982048336,5.774976756216281,5.656210929916985,5.7452850341796875,312900,0.0,0.0
2012-03-27 00:00:00-04:00,5.85662857042199,5.878897276233832,5.812091512747379,5.826937198638916,345000,0.0,0.0
2012-03-28 00:00:00-04:00,5.812090873718262,5.841782242236823,5.75270813668114,5.812090873718262,226200,0.0,0.0
2012-03-29 00:00:00-04:00,5.73786315978978,5.752708845879247,5.67848041543191,5.730440139770508,208800,0.0,0.0
2012-03-30 00:00:00-04:00,5.767553874858559,5.812090928052756,5.737862506062428,5.789822578430176,161000,0.0,0.0
2012-04-02 00:00:00-04:00,5.745285186804797,5.960547788132685,5.730439502366634,5.953125476837158,328800,0.0,0.0
2012-04-03 00:00:00-04:00,5.930856362613487,5.953125419981606,5.8195139073651605,5.856627941131592,363400,0.0,0.0
2012-04-04 00:00:00-04:00,5.7155938148498535,5.7304394992800205,5.656211077129186,5.7155938148498535,582600,0.0,0.0
2012-04-05 00:00:00-04:00,5.671057224273682,5.760131692071506,5.641365852990762,5.671057224273682,266200,0.0,0.0
2012-04-09 00:00:00-04:00,5.567137116955334,5.700748280340606,5.567137116955334,5.6859025955200195,158000,0.0,0.0
2012-04-10 00:00:00-04:00,5.6784798485454475,5.745285252304284,5.6562111446598085,5.737862586975098,652200,0.0,0.0
2012-04-11 00:00:00-04:00,5.7675544550727675,5.849205904450757,5.737863083289693,5.826937198638916,345000,0.0,0.0
2012-04-12 00:00:00-04:00,5.812090406039222,6.205501184228248,5.812090406039222,6.160964488983154,612200,0.0,0.0
2012-04-13 00:00:00-04:00,5.997661500456968,6.0125075371714924,5.819513307270641,5.930855751037598,677500,0.0,0.0
2012-04-16 00:00:00-04:00,5.8492045293315,5.967969988542621,5.804667482127329,5.960546970367432,506500,0.0,0.0
2012-04-17 00:00:00-04:00,5.856627654012985,6.042199229543709,5.856627654012985,6.034776210784912,606600,0.0,0.0
2012-04-18 00:00:00-04:00,5.901164288819018,6.027352767232965,5.878895942010081,6.012507438659668,1412500,0.0,0.0
2012-04-19 00:00:00-04:00,5.945702877986984,5.99023958050105,5.893742801805472,5.975394248962402,687700,0.0,0.0
2012-04-20 00:00:00-04:00,5.864051123834357,5.908588177965873,5.834359754413345,5.871473789215088,699100,0.0,0.0
2012-04-23 00:00:00-04:00,5.6710561947674725,5.730438926553153,5.633942164375923,5.723016262054443,741600,0.0,0.0
2012-04-24 00:00:00-04:00,5.619096964088845,5.804668193833469,5.611673945003525,5.767553806304932,923300,0.0,0.0
2012-04-25 00:00:00-04:00,5.737862127297034,5.812090544387427,5.685902058359253,5.7823991775512695,1023400,0.0,0.0
2012-04-26 00:00:00-04:00,6.606334795855141,7.304082942196382,6.606334795855141,7.022014617919922,6982600,0.0,0.0
2012-04-27 00:00:00-04:00,7.16305038262106,7.831107346137409,7.155628070192817,7.52677059173584,4368600,0.0,0.0
2012-04-30 00:00:00-04:00,7.645536706018061,7.697496436724672,7.46738845111119,7.534193515777588,1698600,0.0,0.0
2012-05-01 00:00:00-04:00,7.482230757307151,7.62326526629433,7.482230757307151,7.549036502838135,681300,0.0,0.0
2012-05-02 00:00:00-04:00,7.311505744895051,7.400579838161336,7.185317269126656,7.25954532623291,959100,0.0,0.0
2012-05-03 00:00:00-04:00,7.348620025006476,7.437694833510262,7.31892865813789,7.415425777435303,763000,0.0,0.0
2012-05-04 00:00:00-04:00,7.37088948519231,7.4080031648892914,7.29666071000222,7.311506748199463,1020700,0.0,0.0
2012-05-07 00:00:00-04:00,7.274392630856069,7.437695517602312,7.274392630856069,7.363466739654541,758700,0.0,0.0
2012-05-08 00:00:00-04:00,7.378311771769177,7.459963565785393,7.348620403371842,7.422849178314209,995800,0.0,0.0
2012-05-09 00:00:00-04:00,7.2447009049214115,7.54161458631243,7.222431847893543,7.519346237182617,1316700,0.0,0.0
2012-05-10 00:00:00-04:00,7.578728250723256,7.615842634332273,7.445116752889992,7.556459903717041,509000,0.0,0.0
2012-05-11 00:00:00-04:00,7.437695503234863,7.549037962043349,7.400581114332672,7.437695503234863,417500,0.0,0.0
2012-05-14 00:00:00-04:00,7.333775901291517,7.408003976718055,7.296661509629177,7.341198921203613,375200,0.0,0.0
2012-05-15 00:00:00-04:00,7.296660750783431,7.422849244573017,7.2669693821210615,7.326352119445801,418500,0.0,0.0
2012-05-16 00:00:00-04:00,7.6158424250791406,8.046367564159437,7.593573370786803,7.793990612030029,1547000,0.0,0.0
2012-05-17 00:00:00-04:00,7.7717237872961995,7.890489268517083,7.660380617728041,7.786569118499756,2667700,0.0,0.0
2012-05-18 00:00:00-04:00,8.128020100315178,8.194825859402666,7.868220791294841,7.90533447265625,1282500,0.0,0.0
2012-05-21 00:00:00-04:00,8.194825341766228,8.439779304348795,8.172556992776371,8.328436851501465,1633100,0.0,0.0
2012-05-22 00:00:00-04:00,8.432358013814722,8.514009823344251,8.165135647468205,8.217095375061035,1315700,0.0,0.0
2012-05-23 00:00:00-04:00,8.024101449564847,8.053792822314932,7.88306689807832,8.009255409240723,2182500,0.0,0.0
2012-05-24 00:00:00-04:00,8.001830310027417,8.001830310027417,7.742031042940269,7.838528156280518,1194100,0.0,0.0
2012-05-25 00:00:00-04:00,7.7420323466738346,7.942448917439261,7.719763288223597,7.883066177368164,724700,0.0,0.0
2012-05-29 00:00:00-04:00,7.949870728413784,8.128018921545669,7.927602381246796,7.994408130645752,845500,0.0,0.0
2012-05-30 00:00:00-04:00,7.897912320538751,7.920180671384692,7.571306537940435,7.67522668838501,1610900,0.0,0.0
2012-05-31 00:00:00-04:00,7.556460843598509,7.615843581599835,7.482232067147814,7.593574523925781,658300,0.0,0.0
2012-06-01 00:00:00-04:00,7.459964545443572,7.534192622235664,7.289238623815268,7.348621368408203,1579600,0.0,0.0
2012-06-04 00:00:00-04:00,7.296660582235494,7.296660582235494,7.103666336439096,7.192740440368652,1256700,0.0,0.0
2012-06-05 00:00:00-04:00,7.111089959855469,7.237278461456299,7.081398589355162,7.237278461456299,1014800,0.0,0.0
2012-06-06 00:00:00-04:00,7.393157568003244,7.526769075368339,7.363466200577449,7.459963321685791,556600,0.0,0.0
2012-06-07 00:00:00-04:00,7.682648426416041,7.712339791890486,7.534190891145824,7.571305274963379,640500,0.0,0.0
2012-06-08 00:00:00-04:00,7.586152443228588,7.6900718839411635,7.534192014974203,7.6306891441345215,448000,0.0,0.0
2012-06-11 00:00:00-04:00,7.660379503402592,7.660379503402592,7.266968727111816,7.266968727111816,640500,0.0,0.0
2012-06-12 00:00:00-04:00,7.385736427747578,7.459965219141311,7.2743939485552,7.370891094207764,807700,0.0,0.0
2012-06-13 00:00:00-04:00,7.2001625973887196,7.422848184503415,7.148202886624545,7.25954532623291,995000,0.0,0.0
2012-06-14 00:00:00-04:00,7.311506805478609,7.541614736154067,7.2818154367495795,7.489655017852783,571400,0.0,0.0
2012-06-15 00:00:00-04:00,7.600996255432207,7.801413493156672,7.56388187349457,7.712339401245117,589200,0.0,0.0
2012-06-18 00:00:00-04:00,7.578729651951537,7.742032545285424,7.5341922418066165,7.667803764343262,418200,0.0,0.0
2012-06-19 00:00:00-04:00,7.652958851863712,7.764301321474408,7.586153086938031,7.690072536468506,422300,0.0,0.0
2012-06-20 00:00:00-04:00,7.816259974536792,7.979562854420102,7.793991625247542,7.972139835357666,880300,0.0,0.0
2012-06-21 00:00:00-04:00,7.9201807360629495,8.009254848072226,7.742032512044395,7.779146194458008,339300,0.0,0.0
2012-06-22 00:00:00-04:00,7.845951367072286,7.890488773686126,7.786568630185874,7.86079740524292,212600,0.0,0.0
2012-06-25 00:00:00-04:00,7.7717236820988695,7.7717236820988695,7.578729423778233,7.6306891441345215,522400,0.0,0.0
2012-06-26 00:00:00-04:00,7.74945478400395,7.801415213332859,7.704918082177013,7.76430082321167,528400,0.0,0.0
2012-06-27 00:00:00-04:00,7.771724148013663,7.927604026325621,7.742032776330345,7.868221282958984,420800,0.0,0.0
2012-06-28 00:00:00-04:00,7.779145314329052,7.838528756848071,7.526769046138895,7.645534515380859,834100,0.0,0.0
2012-06-29 00:00:00-04:00,7.927603339992462,8.001831408825385,7.860797582514176,7.920180320739746,466300,0.0,0.0
2012-07-02 00:00:00-04:00,7.942448078659812,8.061213546259522,7.927602749158861,8.038945198059082,233300,0.0,0.0
2012-07-03 00:00:00-04:00,8.009254726115127,8.061214447021484,7.949871985679831,8.061214447021484,91000,0.0,0.0
2012-07-05 00:00:00-04:00,7.690072232628965,7.816260737414318,7.652958549490555,7.749454975128174,461500,0.0,0.0
2012-07-06 00:00:00-04:00,7.608420396241277,7.645534783656212,7.452540535416996,7.497077941894531,254700,0.0,0.0
2012-07-09 00:00:00-04:00,7.393158593203593,7.897912617333769,7.326352830257171,7.816260814666748,1419800,0.0,0.0
2012-07-10 00:00:00-04:00,7.734610833471496,7.742033854400509,7.511925160888788,7.534193515777588,786400,0.0,0.0
2012-07-11 00:00:00-04:00,7.341197732975654,7.400580466864599,7.244700613431611,7.304083347320557,741400,0.0,0.0
2012-07-12 00:00:00-04:00,7.289236312070618,7.326350692645102,7.1407794976706125,7.21500825881958,1007700,0.0,0.0
2012-07-13 00:00:00-04:00,7.081399310751523,7.177896451682405,7.022016563701471,7.036861896514893,854900,0.0,0.0
2012-07-16 00:00:00-04:00,7.066552351381305,7.10366602882124,7.007168910101762,7.051706314086914,655100,0.0,0.0
2012-07-17 00:00:00-04:00,7.096243533250158,7.096243533250158,6.888403263930018,6.992323398590088,627400,0.0,0.0
2012-07-18 00:00:00-04:00,6.880981430564231,7.222431808345171,6.858712373658303,7.192740440368652,678200,0.0,0.0
2012-07-19 00:00:00-04:00,7.326351459084084,7.370888862012287,7.252123398067752,7.266968727111816,666200,0.0,0.0
2012-07-20 00:00:00-04:00,7.036859613744985,7.066551685536034,6.903248830175037,6.918094158172607,614100,0.0,0.0
2012-07-23 00:00:00-04:00,6.925517042716287,6.925517042716287,6.598912046183538,6.725100517272949,1042000,0.0,0.0
2012-07-24 00:00:00-04:00,6.584067841594477,6.717679367645849,6.54695345014708,6.673141956329346,1422800,0.0,0.0
2012-07-25 00:00:00-04:00,6.814176071511036,6.836444421812589,6.517261666598601,6.650873184204102,1774800,0.0,0.0
2012-07-26 00:00:00-04:00,6.361381134757769,6.955209174707047,6.346535805405497,6.502415657043457,2544400,0.0,0.0
2012-07-27 00:00:00-04:00,6.279730093942402,6.539530084308381,6.25746174582184,6.517261028289795,1458100,0.0,0.0
2012-07-30 00:00:00-04:00,6.509838940830985,6.636026723108314,6.509838940830985,6.628604412078857,571400,0.0,0.0
2012-07-31 00:00:00-04:00,6.6657178194085445,6.67314083803369,6.391072501360332,6.502415657043457,1139500,0.0,0.0
2012-08-01 00:00:00-04:00,6.52468395867943,6.561798343643534,6.405918493112707,6.450455188751221,898400,0.0,0.0
2012-08-02 00:00:00-04:00,6.457879231241431,6.494993622090143,6.220348262446677,6.227771282196045,1620100,0.0,0.0
2012-08-03 00:00:00-04:00,6.160964935842457,6.2129246533630775,5.982816726144849,6.071890830993652,2252500,0.0,0.0
2012-08-06 00:00:00-04:00,6.131273364410872,6.168387750509337,6.086735959513107,6.123850345611572,1723200,0.0,0.0
2012-08-07 00:00:00-04:00,6.198079656240216,6.212924987230405,6.0496220989497385,6.1015825271606445,1479200,0.0,0.0
2012-08-08 00:00:00-04:00,6.198079477024327,6.30199891464514,6.175810419335801,6.242616176605225,1639900,0.0,0.0
2012-08-09 00:00:00-04:00,6.301998401552643,6.524684005020875,6.301998401552643,6.502415657043457,1070200,0.0,0.0
2012-08-10 00:00:00-04:00,6.420763774673692,6.532106928739079,6.405918445537112,6.509838581085205,442200,0.0,0.0
2012-08-13 00:00:00-04:00,6.428187221480717,6.50241599580327,6.368804485181897,6.457878589630127,612100,0.0,0.0
2012-08-14 00:00:00-04:00,6.472724596779742,6.4949929458110685,6.294575680834976,6.368804454803467,745100,0.0,0.0
2012-08-15 00:00:00-04:00,6.339113506449826,6.391073226928711,6.331690486981957,6.391073226928711,282300,0.0,0.0
2012-08-16 00:00:00-04:00,6.361381881405387,6.517261751339267,6.33911353081429,6.480147361755371,392300,0.0,0.0
2012-08-17 00:00:00-04:00,6.554375312461024,6.680563796357394,6.509838616908195,6.598912715911865,962400,0.0,0.0
2012-08-20 00:00:00-04:00,6.487569525533322,6.517260891704491,6.428186793190986,6.509838581085205,425100,0.0,0.0
2012-08-21 00:00:00-04:00,6.472724832436478,6.487570163031829,6.3465363368346495,6.405919075012207,993000,0.0,0.0
2012-08-22 00:00:00-04:00,6.450455570618261,6.532107363952679,6.420764202468851,6.457878589630127,919500,0.0,0.0
2012-08-23 00:00:00-04:00,6.888405034069655,6.962633821887131,6.821599266613563,6.910674095153809,1697900,0.0,0.0
2012-08-24 00:00:00-04:00,7.0517059284133685,7.118511676788331,6.903249103078999,7.11851167678833,838200,0.0,0.0
2012-08-27 00:00:00-04:00,6.999746721516142,6.999746721516142,6.836443847917892,6.858712196350098,557900,0.0,0.0
2012-08-28 00:00:00-04:00,6.8512894398807695,7.029438357853095,6.843867128717887,6.984900951385498,1002600,0.0,0.0
2012-08-29 00:00:00-04:00,7.029438660356932,7.051707010599993,6.851289734718173,6.92551851272583,434000,0.0,0.0
2012-08-30 00:00:00-04:00,6.895827923888597,6.970056710300875,6.829022157697182,6.86613655090332,544300,0.0,0.0
2012-08-31 00:00:00-04:00,6.918095989400176,6.999747792642973,6.843867913968164,6.851290225982666,231000,0.0,0.0
2012-09-04 00:00:00-04:00,6.925519103888211,7.05913063254784,6.925519103888211,7.0071702003479,687500,0.0,0.0
2012-09-05 00:00:00-04:00,6.98490068396265,6.98490068396265,6.829020829141146,6.858712196350098,442800,0.0,0.0
2012-09-06 00:00:00-04:00,6.903249300837743,7.0294377829613985,6.903249300837743,6.992323398590088,685700,0.0,0.0
2012-09-07 00:00:00-04:00,7.103665640305903,7.192739735506524,7.073974275239029,7.11851167678833,710600,0.0,0.0
2012-09-10 00:00:00-04:00,7.125935920606617,7.215010031126936,7.103666862052958,7.170472621917725,379000,0.0,0.0
2012-09-11 00:00:00-04:00,7.400581892399345,7.586153148522411,7.333776126931336,7.5045013427734375,1186900,0.0,0.0
2012-09-12 00:00:00-04:00,7.615843511925674,7.638111861497928,7.370889542936667,7.489655017852783,1566900,0.0,0.0
2012-09-13 00:00:00-04:00,7.5115323861038545,7.568253524046102,7.365677148232309,7.527738094329834,916800,0.847,0.0
2012-09-14 00:00:00-04:00,7.859964816677617,7.949098934634042,7.722212791442871,7.722212791442871,969500,0.0,0.0
2012-09-17 00:00:00-04:00,7.665490304455613,7.714108976018025,7.495326113138522,7.552047252655029,440400,0.0,0.0
2012-09-18 00:00:00-04:00,7.608770255526923,7.63307920840862,7.50343042934933,7.56015157699585,725800,0.0,0.0
2012-09-19 00:00:00-04:00,7.454810819072969,7.624975013512103,7.430501869229544,7.519635200500488,1152500,0.0,0.0
2012-09-20 00:00:00-04:00,7.454810906470705,7.471017388401376,7.308956432932629,7.349471092224121,550100,0.0,0.0
2012-09-21 00:00:00-04:00,7.552048854992434,7.5925642944294465,7.341369960901886,7.373782157897949,925100,0.0,0.0
2012-09-24 00:00:00-04:00,7.300853344114773,7.300853344114773,7.114482661866114,7.1306891441345215,367900,0.0,0.0
2012-09-25 00:00:00-04:00,7.114483452505336,7.17930784324775,6.968628959718751,6.984834671020508,678000,0.0,0.0
2012-09-26 00:00:00-04:00,6.936217023940615,6.936217023940615,6.757949556343338,6.7822585105896,487100,0.0,0.0
2012-09-27 00:00:00-04:00,7.171204644959965,7.260337979977614,7.122585970461856,7.187410354614258,2040100,0.0,0.0
2012-09-28 00:00:00-04:00,7.519635279258093,7.552047470311325,7.341368614849113,7.389986515045166,1071300,0.0,0.0
2012-10-01 00:00:00-04:00,7.479120383646742,7.60876992992563,7.4467081902689305,7.4872236251831055,608600,0.0,0.0
2012-10-02 00:00:00-04:00,7.673593685966533,7.7141091175506284,7.487223009786728,7.519635200500488,478300,0.0,0.0
2012-10-03 00:00:00-04:00,7.503430108255834,7.52773906009728,7.430502479963848,7.4872236251831055,655500,0.0,0.0
2012-10-04 00:00:00-04:00,7.495327173830932,7.657388147360228,7.446708495388305,7.6006669998168945,672200,0.0,0.0
2012-10-05 00:00:00-04:00,7.54394585227356,7.624975952654369,7.495327173830932,7.6006669998168945,477100,0.0,0.0
2012-10-08 00:00:00-04:00,7.503429739942282,7.600666315302758,7.462914307016849,7.576357364654541,324000,0.0,0.0
2012-10-09 00:00:00-04:00,7.560151604949264,7.560151604949264,7.422399583497516,7.47912073135376,263100,0.0,0.0
2012-10-10 00:00:00-04:00,7.349472274064554,7.381884470370384,7.227926731109619,7.227926731109619,266100,0.0,0.0
2012-10-11 00:00:00-04:00,7.122587092650094,7.163102532320597,7.041556213309088,7.073968410491943,664400,0.0,0.0
2012-10-12 00:00:00-04:00,7.138792123426331,7.163101073169713,6.936215739107132,6.9686279296875,290300,0.0,0.0
2012-10-15 00:00:00-04:00,7.041556265855404,7.114483903252972,7.041556265855404,7.065865993499756,491400,0.0,0.0
2012-10-16 00:00:00-04:00,7.138792709464957,7.203617095947266,7.098277274721603,7.203617095947266,575000,0.0,0.0
2012-10-17 00:00:00-04:00,7.284648680113542,7.284648680113542,7.090175480957272,7.12258768081665,826600,0.0,0.0
2012-10-18 00:00:00-04:00,7.146894931793213,7.236029039709009,7.098277029991522,7.146894931793213,380100,0.0,0.0
2012-10-19 00:00:00-04:00,7.17930784324775,7.17930784324775,6.887598084906887,6.984834671020508,507400,0.0,0.0
2012-10-22 00:00:00-04:00,7.057761786767483,7.187410558754637,7.057761786767483,7.106380462646484,340400,0.0,0.0
2012-10-23 00:00:00-04:00,6.944319200549312,6.9605256845415955,6.83897937290254,6.847082614898682,401200,0.0,0.0
2012-10-24 00:00:00-04:00,6.911906406065631,7.211719379019684,6.911906406065631,7.0982770919799805,924800,0.0,0.0
2012-10-25 00:00:00-04:00,6.49865203169426,6.531064228518043,5.777479686405419,5.785582542419434,4659800,0.0,0.0
2012-10-26 00:00:00-04:00,6.101601600646973,6.190734942287289,5.996261775380596,6.101601600646973,2193600,0.0,0.0
2012-10-31 00:00:00-04:00,6.052983169287674,6.052983169287674,5.76127340703602,5.809891700744629,556400,0.0,0.0
2012-11-01 00:00:00-04:00,5.866613065159039,6.061086633502626,5.80989191361272,6.012468338012695,749300,0.0,0.0
2012-11-02 00:00:00-04:00,5.874715268700075,5.874715268700075,5.745066503654337,5.7774786949157715,1350800,0.0,0.0
2012-11-05 00:00:00-05:00,5.769375453908514,5.809890886177206,5.7531693582777965,5.7774786949157715,239000,0.0,0.0
2012-11-06 00:00:00-05:00,5.753169665816659,5.7693757623136825,5.728860714263034,5.76127290725708,246900,0.0,0.0
2012-11-07 00:00:00-05:00,5.793685450310177,5.801788305856359,5.712654962929134,5.753170013427734,218800,0.0,0.0
2012-11-08 00:00:00-05:00,5.720757146590041,5.7369632421628936,5.664035618893159,5.688344955444336,289000,0.0,0.0
2012-11-09 00:00:00-05:00,5.655933366510117,5.745067094843153,5.63162402737062,5.696448802947998,264500,0.0,0.0
2012-11-12 00:00:00-05:00,5.655934149621139,5.688346348705647,5.615418707573558,5.680243492126465,239200,0.0,0.0
2012-11-13 00:00:00-05:00,5.558696928277025,5.6559335146135234,5.501975393055478,5.534387588500977,557700,0.0,0.0
2012-11-14 00:00:00-05:00,5.526284979316032,5.534387835346888,5.364223608476392,5.372326850891113,471700,0.0,0.0
2012-11-15 00:00:00-05:00,5.372325454331831,5.437149831262762,5.339913265866365,5.420943737030029,221300,0.0,0.0
2012-11-16 00:00:00-05:00,5.437151106210115,5.49387264251709,5.372326714078634,5.49387264251709,330100,0.0,0.0
2012-11-19 00:00:00-05:00,5.566799913123769,5.607315351562726,5.501975520728524,5.5424909591674805,447700,0.0,0.0
2012-11-20 00:00:00-05:00,5.493872504517755,5.493872504517755,5.372326579132383,5.39663553237915,344400,0.0,0.0
2012-11-21 00:00:00-05:00,5.477665424346924,5.501974373233323,5.412840659087715,5.477665424346924,318200,0.0,0.0
2012-11-23 00:00:00-05:00,5.631623427747455,5.688344955444336,5.574902286434369,5.688344955444336,153600,0.0,0.0
2012-11-26 00:00:00-05:00,5.696448494186714,5.728860687026665,5.6721391563648424,5.7126545906066895,234800,0.0,0.0
2012-11-27 00:00:00-05:00,5.704551985377391,5.712655227682962,5.631624350162691,5.639727592468262,347000,0.0,0.0
2012-11-28 00:00:00-05:00,5.485768214334908,5.566798686981201,5.445252784819877,5.566798686981201,447100,0.0,0.0
2012-11-29 00:00:00-05:00,5.696448802947998,5.736963853002042,5.672139463808501,5.696448802947998,292600,0.0,0.0
2012-11-30 00:00:00-05:00,5.672139526046693,5.753170013427734,5.672139526046693,5.753170013427734,363700,0.0,0.0
2012-12-03 00:00:00-05:00,5.76937642247184,5.793685763190869,5.7288613697852755,5.736964225769043,209300,0.0,0.0
2012-12-04 00:00:00-05:00,5.704551696777344,5.7288610360803585,5.67213950196255,5.704551696777344,214600,0.0,0.0
2012-12-05 00:00:00-05:00,5.77747950493889,5.834200654407008,5.769376262795529,5.809891700744629,157500,0.0,0.0
2012-12-06 00:00:00-05:00,5.9800563233840105,6.052983575650924,5.923334783724076,5.9881591796875,335100,0.0,0.0
2012-12-07 00:00:00-05:00,6.044879939281881,6.158322617578587,6.044879939281881,6.093498229980469,476800,0.0,0.0
2012-12-10 00:00:00-05:00,6.093498525422979,6.134013962828102,6.093498525422979,6.117807865142822,464300,0.0,0.0
2012-12-11 00:00:00-05:00,6.125910308997778,6.223146888573023,6.117807453891751,6.1745285987854,577600,0.0,0.0
2012-12-12 00:00:00-05:00,6.215044006213367,6.215044006213367,6.109704185610201,6.12591028213501,298900,0.0,0.0
2012-12-13 00:00:00-05:00,6.247456253626446,6.312280640289763,6.190734722104132,6.223146915435791,300700,0.0,0.0
2012-12-14 00:00:00-05:00,6.231249640090853,6.279867926055551,6.182631354126155,6.215043544769287,301700,0.0,0.0
2012-12-17 00:00:00-05:00,6.2717651933822705,6.296074531526216,6.215044048352767,6.263662338256836,319800,0.0,0.0
2012-12-18 00:00:00-05:00,6.287971703044101,6.320383896450817,6.27986846150051,6.312280654907227,258800,0.0,0.0
2012-12-19 00:00:00-05:00,6.312281297886098,6.360899592948508,6.296075199531962,6.328487396240234,249600,0.0,0.0
2012-12-20 00:00:00-05:00,6.352796720748508,6.377105675025735,6.312281281774646,6.369002819061279,247700,0.0,0.0
2012-12-21 00:00:00-05:00,6.231250966300471,6.279869262612698,6.158323328640194,6.255559921264648,400000,0.0,0.0
2012-12-24 00:00:00-05:00,6.247457357369058,6.296075655955974,6.190735815825709,6.279869556427002,141400,0.0,0.0
2012-12-26 00:00:00-05:00,6.279869262612698,6.320384702731491,6.206941624952421,6.255559921264648,452800,0.0,0.0
2012-12-27 00:00:00-05:00,6.287972505190005,6.320384702731491,6.215044867529729,6.255559921264648,356800,0.0,0.0
2012-12-28 00:00:00-05:00,6.206940908277175,6.206940908277175,6.093498229980469,6.093498229980469,284500,0.0,0.0
2012-12-31 00:00:00-05:00,6.093497921559898,6.158322305876949,6.093497921559898,6.10970401763916,261900,0.0,0.0
2013-01-02 00:00:00-05:00,6.263662295787793,6.31228058536222,6.061085896035775,6.12591028213501,486200,0.0,0.0
2013-01-03 00:00:00-05:00,6.182631660984684,6.255558900359385,6.174528419729822,6.198837757110596,426500,0.0,0.0
2013-01-04 00:00:00-05:00,6.3933114765805295,6.417620816113254,6.30417813318951,6.344693183898926,274700,0.0,0.0
2013-01-07 00:00:00-05:00,6.2717651933822705,6.312280628160906,6.231250144987457,6.263662338256836,195700,0.0,0.0
2013-01-08 00:00:00-05:00,6.206941209219939,6.206941209219939,6.085395669772263,6.117807865142822,187000,0.0,0.0
2013-01-09 00:00:00-05:00,6.052982782086746,6.142116508042694,6.012467733113189,6.134013652801514,197800,0.0,0.0
2013-01-10 00:00:00-05:00,6.101601522778452,6.239353154387458,6.069188942323815,6.19073486328125,182000,0.0,0.0
2013-01-11 00:00:00-05:00,6.1826324462890625,6.190735302189321,6.15832310582057,6.1826324462890625,224500,0.0,0.0
2013-01-14 00:00:00-05:00,6.360898115180341,6.401413544845043,6.304176977310288,6.320383071899414,403000,0.0,0.0
2013-01-15 00:00:00-05:00,6.093498034351185,6.117807372111952,5.9719521183149835,6.0286736488342285,790400,0.0,0.0
2013-01-16 00:00:00-05:00,5.939540036033811,5.939540036033811,5.809891262588389,5.817994117736816,798500,0.0,0.0
2013-01-17 00:00:00-05:00,5.9071281287264865,5.947643565582061,5.874715933795564,5.882819175720215,556300,0.0,0.0
2013-01-18 00:00:00-05:00,5.907127869464573,5.9314372077877575,5.842303482447847,5.866612434387207,419500,0.0,0.0
2013-01-22 00:00:00-05:00,5.874715933795564,5.915231370651139,5.850406594405451,5.882819175720215,630600,0.0,0.0
2013-01-23 00:00:00-05:00,6.312281061518816,6.352796499078963,6.0691892089256285,6.166426181793213,1154900,0.0,0.0
2013-01-24 00:00:00-05:00,5.631623130845067,5.712653990821131,5.526283708366979,5.664035320281982,2271800,0.0,0.0
2013-01-25 00:00:00-05:00,5.639727592468262,5.664036546617256,5.6154182519354086,5.639727592468262,862100,0.0,0.0
2013-01-28 00:00:00-05:00,5.566799602231124,5.574902844019911,5.526284552438694,5.558696746826172,836500,0.0,0.0
2013-01-29 00:00:00-05:00,5.558696928277025,5.566799783946476,5.510078635108776,5.534387588500977,806400,0.0,0.0
2013-01-30 00:00:00-05:00,5.445253350388182,5.57490250647196,5.445253350388182,5.526284217834473,744000,0.0,0.0
2013-01-31 00:00:00-05:00,5.469563964725827,5.501976164717194,5.380430221557617,5.380430221557617,649700,0.0,0.0
2013-02-01 00:00:00-05:00,5.5100781216219765,5.550593168961311,5.5100781216219765,5.526284217834473,879900,0.0,0.0
2013-02-04 00:00:00-05:00,5.526284217834473,5.542490314046969,5.469562687898831,5.526284217834473,808400,0.0,0.0
2013-02-05 00:00:00-05:00,5.485768517621589,5.58300509017297,5.4695624221963595,5.55059289932251,1135200,0.0,0.0
2013-02-06 00:00:00-05:00,5.550593505037385,5.623521135601128,5.550593505037385,5.558696746826172,261400,0.0,0.0
2013-02-07 00:00:00-05:00,5.510078468580564,5.526284565813525,5.469563032306243,5.518181324005127,658400,0.0,0.0
2013-02-08 00:00:00-05:00,5.493872371347603,5.534387421238088,5.469563032306243,5.518181324005127,212700,0.0,0.0
2013-02-11 00:00:00-05:00,5.510078762969858,5.550593815024958,5.485769422629713,5.5424909591674805,306500,0.0,0.0
2013-02-12 00:00:00-05:00,5.5424909591674805,5.550593815024958,5.518181618827335,5.5424909591674805,170500,0.0,0.0
2013-02-13 00:00:00-05:00,5.647830906658066,5.688346348705647,5.639728050078884,5.680243492126465,500100,0.0,0.0
2013-02-14 00:00:00-05:00,5.6721396975902705,5.890922213327684,5.6721396975902705,5.8585100173950195,390700,0.0,0.0
2013-02-15 00:00:00-05:00,5.842304232425736,5.947644068042326,5.801788792147394,5.931437969207764,458800,0.0,0.0
2013-02-19 00:00:00-05:00,5.907128295986306,5.939540491834978,5.8747161001376345,5.8990254402160645,471800,0.0,0.0
2013-02-20 00:00:00-05:00,5.850406914228831,5.850406914228831,5.720758127417645,5.736964225769043,328700,0.0,0.0
2013-02-21 00:00:00-05:00,5.558695832908458,5.566798686981201,5.485768214334908,5.566798686981201,468800,0.0,0.0
2013-02-22 00:00:00-05:00,5.591109004432356,5.623521199186319,5.591109004432356,5.615417957305908,173400,0.0,0.0
2013-02-25 00:00:00-05:00,5.6721389701916145,5.70455116196772,5.599211345503476,5.607314586639404,771100,0.0,0.0
2013-02-26 00:00:00-05:00,5.607316330420064,5.62352243134794,5.510079724852807,5.5911102294921875,1605800,0.0,0.0
2013-02-27 00:00:00-05:00,5.469563080913075,5.623521199186319,5.469563080913075,5.615417957305908,345300,0.0,0.0
2013-02-28 00:00:00-05:00,5.550592657389897,5.558695897941215,5.477665424346924,5.477665424346924,378100,0.0,0.0
2013-03-01 00:00:00-05:00,5.526284527295787,5.542490624415794,5.4857690913038555,5.510078430175781,137000,0.0,0.0
2013-03-04 00:00:00-05:00,5.404739089904372,5.477666726669769,5.348017551710857,5.4695634841918945,534100,0.0,0.0
2013-03-05 00:00:00-05:00,5.46145995555668,5.550593686223727,5.453357099887228,5.534387588500977,393900,0.0,0.0
2013-03-06 00:00:00-05:00,5.461460113525391,5.510078794483747,5.420945061238572,5.461460113525391,173600,0.0,0.0
2013-03-07 00:00:00-05:00,5.469563174197207,5.518181467157343,5.461459932178594,5.485769271850586,264400,0.0,0.0
2013-03-08 00:00:00-05:00,5.445253085866618,5.558696140227021,5.429046990441388,5.55059289932251,328600,0.0,0.0
2013-03-11 00:00:00-04:00,5.485769116262429,5.574902844019911,5.477666260857477,5.558696746826172,437300,0.0,0.0
2013-03-12 00:00:00-04:00,5.566798712934277,5.655932426452637,5.542489764218944,5.655932426452637,496200,0.0,0.0
2013-03-13 00:00:00-04:00,5.501975552196068,5.534387748579066,5.404738963047073,5.461460113525391,360300,0.0,0.0
2013-03-14 00:00:00-04:00,5.477666726669769,5.518181779907536,5.46146024171402,5.4695634841918945,98800,0.0,0.0
2013-03-15 00:00:00-04:00,5.518180678007881,5.574902204874941,5.477665632860373,5.501974582672119,137600,0.0,0.0
2013-03-18 00:00:00-04:00,5.429047596031921,5.550593518471049,5.429047596031921,5.518181324005127,342200,0.0,0.0
2013-03-19 00:00:00-04:00,5.49387264251709,5.501975498341598,5.437151106210115,5.49387264251709,134600,0.0,0.0
2013-03-20 00:00:00-04:00,5.485769014557096,5.615417789703339,5.469562917663816,5.599211692810059,376600,0.0,0.0
2013-03-21 00:00:00-04:00,5.501975393055478,5.566799783946476,5.493872537386026,5.534387588500977,277200,0.0,0.0
2013-03-22 00:00:00-04:00,5.5343876944073385,5.56679989047308,5.47766654448422,5.49387264251709,89900,0.0,0.0
2013-03-25 00:00:00-04:00,5.42904806137085,5.461460258614912,5.388533008007705,5.42904806137085,294700,0.0,0.0
2013-03-26 00:00:00-04:00,5.4371509788904495,5.4938725138691975,5.4371509788904495,5.485769271850586,431400,0.0,0.0
2013-03-27 00:00:00-04:00,5.4209448479125735,5.429047703497529,5.291296067482542,5.34801721572876,318600,0.0,0.0
2013-03-28 00:00:00-04:00,5.396635768896811,5.655933728657566,5.396635768896811,5.647830486297607,415100,0.0,0.0
2013-04-01 00:00:00-04:00,5.583005866970139,5.647830257690467,5.542490815961858,5.5749030113220215,282000,0.0,0.0
2013-04-02 00:00:00-04:00,5.542491003104568,5.639727592468262,5.542491003104568,5.639727592468262,860100,0.0,0.0
2013-04-03 00:00:00-04:00,5.583004951477051,5.63162323654494,5.566798856454421,5.583004951477051,494300,0.0,0.0
2013-04-04 00:00:00-04:00,5.558696503970829,5.6478298414503065,5.558696503970829,5.6316237449646,270100,0.0,0.0
2013-04-05 00:00:00-04:00,5.615417648478893,5.696448517291245,5.607314793427949,5.6316237449646,288400,0.0,0.0
2013-04-08 00:00:00-04:00,5.639727128235174,5.66403608038318,5.591108837555333,5.599211692810059,109700,0.0,0.0
2013-04-09 00:00:00-04:00,5.631624065252139,5.712654938672962,5.615417967844742,5.704551696777344,130200,0.0,0.0
2013-04-10 00:00:00-04:00,5.71265445071499,5.7450666427612305,5.688345113488407,5.7450666427612305,146200,0.0,0.0
2013-04-11 00:00:00-04:00,5.647830304708383,5.728861180167217,5.631624206893386,5.672139644622803,573500,0.0,0.0
2013-04-12 00:00:00-04:00,5.70455172099911,5.793685450310177,5.6802427679767185,5.753170013427734,271100,0.0,0.0
2013-04-15 00:00:00-04:00,5.688346348705647,5.785582945959171,5.672140249163393,5.680243492126465,189000,0.0,0.0
2013-04-16 00:00:00-04:00,5.826098150856369,5.971953040799656,5.817994908223138,5.890922546386719,620600,0.0,0.0
2013-04-17 00:00:00-04:00,5.882818652149654,5.882818652149654,5.696448354691871,5.7450666427612305,1391800,0.0,0.0
2013-04-18 00:00:00-04:00,5.817994051804751,5.842303389742195,5.728860714263034,5.76127290725708,815000,0.0,0.0
2013-04-19 00:00:00-04:00,5.826097669585847,5.850406622709726,5.777479376954247,5.801788330078125,553500,0.0,0.0
2013-04-22 00:00:00-04:00,5.817994571759677,5.834200669705041,5.7288612262521,5.769376277923584,522700,0.0,0.0
2013-04-23 00:00:00-04:00,5.809891715978921,5.817994571759677,5.736964082032856,5.769376277923584,432900,0.0,0.0
2013-04-24 00:00:00-04:00,5.785582520823238,5.826097959893665,5.736964225769043,5.736964225769043,300100,0.0,0.0
2013-04-25 00:00:00-04:00,5.388532652805066,5.461459898605037,5.32370826259005,5.34801721572876,717000,0.0,0.0
2013-04-26 00:00:00-04:00,5.177852402646276,5.194058498335944,5.05630649178187,5.0644097328186035,746200,0.0,0.0
2013-04-29 00:00:00-04:00,5.113028798864218,5.137338139294179,5.0725137466594274,5.088719844818115,316200,0.0,0.0
2013-04-30 00:00:00-04:00,5.1616466753068755,5.16974991692188,5.104925529537151,5.145440578460693,369800,0.0,0.0
2013-05-01 00:00:00-04:00,5.129234610057273,5.169750046379201,5.129234610057273,5.153543949127197,296900,0.0,0.0
2013-05-02 00:00:00-04:00,5.080616356093771,5.16975008483474,5.072513500599414,5.161646842956543,206700,0.0,0.0
2013-05-03 00:00:00-04:00,5.10492539449725,5.331810744342033,5.0887192980797655,5.307501792907715,500200,0.0,0.0
2013-05-06 00:00:00-04:00,5.2345741658371265,5.315604647924549,5.226470924436476,5.307501792907715,319100,0.0,0.0
2013-05-07 00:00:00-04:00,5.275089003551638,5.283191857652179,5.218367479312754,5.258882522583008,189000,0.0,0.0
2013-05-08 00:00:00-04:00,5.3075019988553285,5.3480170482792415,5.291295901808997,5.33181095123291,137500,0.0,0.0
2013-05-09 00:00:00-04:00,5.315604647924549,5.388532274995137,5.1940587316015066,5.307501792907715,150600,0.0,0.0
2013-05-10 00:00:00-04:00,5.234574204057984,5.323707928196878,5.185955914450538,5.3156046867370605,324800,0.0,0.0
2013-05-13 00:00:00-04:00,5.3237080574035645,5.356120251261841,5.299398718817943,5.3237080574035645,241500,0.0,0.0
2013-05-14 00:00:00-04:00,5.299398590201245,5.323707928196878,5.275089638589432,5.3156046867370605,345000,0.0,0.0
2013-05-15 00:00:00-04:00,5.283192825513744,5.34801721572876,5.283192825513744,5.34801721572876,272700,0.0,0.0
2013-05-16 00:00:00-04:00,5.2993985786148565,5.420944495559637,5.291295723556574,5.3561201095581055,652900,0.0,0.0
2013-05-17 00:00:00-04:00,5.275090260217649,5.396635805367548,5.266987017802927,5.372326850891113,397600,0.0,0.0
2013-05-20 00:00:00-04:00,5.38853236818313,5.4452535134333395,5.38853236818313,5.412841320037842,204000,0.0,0.0
2013-05-21 00:00:00-04:00,5.396634539004946,5.429046728290327,5.364222349719566,5.388531684875488,241900,0.0,0.0
2013-05-22 00:00:00-04:00,5.3561204334516646,5.38853262841245,5.283192801597976,5.299398899078369,407800,0.0,0.0
2013-05-23 00:00:00-04:00,5.510078762969858,5.615418207420204,5.493872664871047,5.5424909591674805,822400,0.0,0.0
2013-05-24 00:00:00-04:00,5.380429072880322,5.412841265951952,5.266986397129615,5.3156046867370605,367100,0.0,0.0
2013-05-28 00:00:00-04:00,5.356120037214967,5.37232613349646,5.169749736785889,5.169749736785889,941700,0.0,0.0
2013-05-29 00:00:00-04:00,5.2831921024474475,5.510077823531896,5.25888276625191,5.501974582672119,822400,0.0,0.0
2013-05-30 00:00:00-04:00,5.59110808724081,5.6802418013842155,5.566798751971235,5.664035320281982,542800,0.0,0.0
2013-05-31 00:00:00-04:00,5.6883454189150155,5.72886085434013,5.591108837555333,5.599211692810059,333900,0.0,0.0
2013-06-03 00:00:00-04:00,5.647830327617963,5.728861203405486,5.631624229737228,5.720757961273193,260000,0.0,0.0
2013-06-04 00:00:00-04:00,5.7288617907532275,5.769376846416917,5.647830906658066,5.680243492126465,326600,0.0,0.0
2013-06-05 00:00:00-04:00,5.688345887150109,5.712655227682962,5.591109297786415,5.639727592468262,243500,0.0,0.0
2013-06-06 00:00:00-04:00,5.680242909763283,5.728861203405486,5.639727471869521,5.720757961273193,316900,0.0,0.0
2013-06-07 00:00:00-04:00,5.777479352833968,5.801788305856359,5.728861060405343,5.753170013427734,192300,0.0,0.0
2013-06-10 00:00:00-04:00,5.769376262795529,5.826097798647499,5.769376262795529,5.809891700744629,190000,0.0,0.0
2013-06-11 00:00:00-04:00,5.688344655551557,5.720756844988473,5.647829225563524,5.664035320281982,143800,0.0,0.0
2013-06-12 00:00:00-04:00,5.61541728102343,5.63162337644866,5.5424900448017915,5.55059289932251,174200,0.0,0.0
2013-06-13 00:00:00-04:00,5.534387470421001,5.615417957305908,5.51818137304402,5.615417957305908,126700,0.0,0.0
2013-06-14 00:00:00-04:00,5.550593671609976,5.615418062330303,5.542490815961858,5.5749030113220215,197900,0.0,0.0
2013-06-17 00:00:00-04:00,5.647830760301068,5.688346201298738,5.607315705687279,5.62352180480957,144200,0.0,0.0
2013-06-18 00:00:00-04:00,5.583006985836287,5.61541918769204,5.558698027636435,5.5911102294921875,411700,0.0,0.0
2013-06-19 00:00:00-04:00,5.58300509017297,5.623520521927942,5.51818070847205,5.55059289932251,144500,0.0,0.0
2013-06-20 00:00:00-04:00,5.510078468580564,5.566799615704011,5.469563032306243,5.518181324005127,185600,0.0,0.0
2013-06-21 00:00:00-04:00,5.5424909591674805,5.5992121093213925,5.518181618827335,5.5424909591674805,433100,0.0,0.0
2013-06-24 00:00:00-04:00,5.485768784111327,5.558696410259465,5.445253350388182,5.526284217834473,458100,0.0,0.0
2013-06-25 00:00:00-04:00,5.412841461071911,5.558696721535799,5.412841461071911,5.510078430175781,384900,0.0,0.0
2013-06-26 00:00:00-04:00,5.51007761378464,5.51007761378464,5.445252848525431,5.477665424346924,158700,0.0,0.0
2013-06-27 00:00:00-04:00,5.44525414314214,5.5262850223854105,5.396635847426499,5.4695634841918945,587600,0.0,0.0
2013-06-28 00:00:00-04:00,5.485768854343217,5.75316963846472,5.485768854343217,5.7126545906066895,1370400,0.0,0.0
2013-07-01 00:00:00-04:00,5.647830448389973,5.696449129455679,5.6154182519354086,5.639727592468262,528500,0.0,0.0
2013-07-02 00:00:00-04:00,5.631624387961552,5.704552023665735,5.631624387961552,5.647830486297607,242600,0.0,0.0
2013-07-03 00:00:00-04:00,5.623520211025491,5.631623065098235,5.550592592451943,5.566798686981201,129300,0.0,0.0
2013-07-05 00:00:00-04:00,5.566799602231124,5.599211796618602,5.550593505037385,5.558696746826172,93900,0.0,0.0
2013-07-08 00:00:00-04:00,5.534387878479417,5.550593977051297,5.4695634841918945,5.4695634841918945,113400,0.0,0.0
2013-07-09 00:00:00-04:00,5.412841226429457,5.412841226429457,5.299398551507065,5.307501792907715,268200,0.0,0.0
2013-07-10 00:00:00-04:00,5.299398718817943,5.364223106534496,5.2912958635452885,5.3237080574035645,175400,0.0,0.0
2013-07-11 00:00:00-04:00,5.396635518051356,5.4533570527829625,5.364223322885822,5.437150955200195,2229500,0.0,0.0
2013-07-12 00:00:00-04:00,5.404739106629736,5.4452541599928805,5.364223666882723,5.42904806137085,206100,0.0,0.0
2013-07-15 00:00:00-04:00,5.364223322885822,5.445253810799657,5.364223322885822,5.437150955200195,142500,0.0,0.0
2013-07-16 00:00:00-04:00,5.42904776011118,5.534387588500977,5.41284166238843,5.534387588500977,456200,0.0,0.0
2013-07-17 00:00:00-04:00,5.518181467157343,5.5343875648107215,5.461459932178594,5.485769271850586,343100,0.0,0.0
2013-07-18 00:00:00-04:00,5.46956335581307,5.501975552196068,5.453357257621571,5.461460113525391,353300,0.0,0.0
2013-07-19 00:00:00-04:00,5.429047389857515,5.445253486475031,5.364223003387451,5.364223003387451,588600,0.0,0.0
2013-07-22 00:00:00-04:00,5.396635864126787,5.453357402495831,5.396635864126787,5.42904806137085,370400,0.0,0.0
2013-07-23 00:00:00-04:00,5.412841083827755,5.429047179818288,5.331810603875086,5.339913845062256,214300,0.0,0.0
2013-07-24 00:00:00-04:00,5.323708083183383,5.331810938495275,5.234574356449582,5.242677211761475,383200,0.0,0.0
2013-07-25 00:00:00-04:00,5.94764306558266,5.94764306558266,5.745066671102421,5.793684959411621,2928300,0.0,0.0
2013-07-26 00:00:00-04:00,5.7531699503004265,5.769376047598811,5.672139463808501,5.696448802947998,604900,0.0,0.0
2013-07-29 00:00:00-04:00,5.761273429597026,5.874716115361352,5.745067331630693,5.8585100173950195,633600,0.0,0.0
2013-07-30 00:00:00-04:00,5.858509864673581,5.858509864673581,5.769376134990392,5.801788330078125,300700,0.0,0.0
2013-07-31 00:00:00-04:00,5.793685425709945,5.809891523117341,5.67213950196255,5.704551696777344,418500,0.0,0.0
2013-08-01 00:00:00-04:00,5.7531703241204415,5.785582520823238,5.639727635660654,5.736964225769043,689300,0.0,0.0
2013-08-02 00:00:00-04:00,5.745067468136674,5.785582520823238,5.712655271433877,5.736964225769043,345500,0.0,0.0
2013-08-05 00:00:00-04:00,5.753170164892659,5.809891700744629,5.728861211230281,5.809891700744629,308200,0.0,0.0
2013-08-06 00:00:00-04:00,5.899025455502777,5.915231553469109,5.826097821462355,5.8585100173950195,531400,0.0,0.0
2013-08-07 00:00:00-04:00,5.842303482447847,5.87471567595621,5.809891288939485,5.866612434387207,311500,0.0,0.0
2013-08-08 00:00:00-04:00,5.874715524022575,5.939539909362793,5.874715524022575,5.939539909362793,494100,0.0,0.0
2013-08-09 00:00:00-04:00,5.971953080696644,6.044880719347435,5.971953080696644,5.9881591796875,966300,0.0,0.0
2013-08-12 00:00:00-04:00,6.004365095572441,6.085395974439524,5.996262239516052,6.012468338012695,406900,0.0,0.0
2013-08-13 00:00:00-04:00,5.9800545546726145,5.9800545546726145,5.9314362720798,5.955745220184326,320000,0.0,0.0
2013-08-14 00:00:00-04:00,5.939540218883687,5.980055655024568,5.907128024524516,5.923334121704102,372000,0.0,0.0
2013-08-15 00:00:00-04:00,5.899025287356465,5.899025287356465,5.793685460385992,5.84230375289917,550500,0.0,0.0
2013-08-16 00:00:00-04:00,5.858509994453239,5.866612850212747,5.809891700744629,5.809891700744629,261700,0.0,0.0
2013-08-19 00:00:00-04:00,5.826097359269067,5.866612407778849,5.817994117736816,5.817994117736816,429500,0.0,0.0
2013-08-20 00:00:00-04:00,5.834200496939989,5.9314374681166,5.817994399474527,5.882819175720215,592200,0.0,0.0
2013-08-21 00:00:00-04:00,5.842302662420417,5.882818091811024,5.834199421988787,5.8747148513793945,292500,0.0,0.0
2013-08-22 00:00:00-04:00,5.882819690137363,5.915231887902538,5.8666132048709,5.890922546386719,243300,0.0,0.0
2013-08-23 00:00:00-04:00,6.028673983269413,6.077292275104186,5.9719524496035925,6.061086177825928,427300,0.0,0.0
2013-08-26 00:00:00-04:00,6.296074021377117,6.344692307341814,6.198837449447721,6.215043544769287,524000,0.0,0.0
2013-08-27 00:00:00-04:00,6.174528714478115,6.190734811377645,6.085395374722618,6.093498229980469,355500,0.0,0.0
2013-08-28 00:00:00-04:00,6.061086022723355,6.125910410177537,6.004364490509033,6.004364490509033,208800,0.0,0.0
2013-08-29 00:00:00-04:00,5.996261582363224,6.00436443753159,5.907127857208252,5.907127857208252,404600,0.0,0.0
2013-08-30 00:00:00-04:00,5.931437363485812,5.947643460665397,5.874715830165345,5.923334121704102,352100,0.0,0.0
2013-09-03 00:00:00-04:00,6.279868755758098,6.352796387532313,6.239353318909348,6.33659029006958,581500,0.0,0.0
2013-09-04 00:00:00-04:00,6.498650846378871,6.498650846378871,6.29607407360323,6.352795600891113,796400,0.0,0.0
2013-09-05 00:00:00-04:00,6.498651594914003,6.51485730585283,6.393311382740921,6.474341869354248,553700,0.0,0.0
2013-09-06 00:00:00-04:00,6.522960994965759,6.563476434242363,6.458136214846421,6.555373191833496,406800,0.0,0.0
2013-09-09 00:00:00-04:00,6.603990124576365,6.757948616516395,6.571577932499666,6.741742134094238,572200,0.0,0.0
2013-09-10 00:00:00-04:00,6.8794945380624135,6.911906731997534,6.847082344127294,6.871391296386719,605200,0.0,0.0
2013-09-11 00:00:00-04:00,6.9200096130371085,6.952421805283068,6.806566553792441,6.920009613037109,512100,0.0,0.0
2013-09-12 00:00:00-04:00,6.863289242973967,6.928113634768597,6.806567320577885,6.814670562744141,301200,0.0,0.0
2013-09-13 00:00:00-04:00,6.806567320577885,6.8389795164752005,6.766052655282021,6.814670562744141,307000,0.0,0.0
2013-09-16 00:00:00-04:00,6.855186000807712,6.879494954538772,6.806567320577885,6.814670562744141,235100,0.0,0.0
2013-09-17 00:00:00-04:00,6.798464866476561,6.822773820262318,6.7336404745360685,6.774155139923096,187300,0.0,0.0
2013-09-18 00:00:00-04:00,6.847081910012465,6.944318485652886,6.75794857553398,6.903803825378418,271600,0.0,0.0
2013-09-19 00:00:00-04:00,6.895701294107842,6.9038045361039835,6.806567177685663,6.847082614898682,219200,0.0,0.0
2013-09-20 00:00:00-04:00,6.822773804910396,6.855186000807712,6.798464851179336,6.814670562744141,207400,0.0,0.0
2013-09-23 00:00:00-04:00,6.814671000214605,6.814671000214605,6.709331163594071,6.717434406280518,152000,0.0,0.0
2013-09-24 00:00:00-04:00,6.741742055902131,6.766051779253417,6.676917672500581,6.725536346435547,184600,0.0,0.0
2013-09-25 00:00:00-04:00,6.814670419681804,6.8875980521117,6.806567177685663,6.847082614898682,158500,0.0,0.0
2013-09-26 00:00:00-04:00,7.073967739670521,7.276544146045063,7.065865270718964,7.268441677093506,845000,0.0,0.0
2013-09-27 00:00:00-04:00,7.260338054013573,7.2765437638331205,7.033452707166543,7.0982770919799805,381800,0.0,0.0
2013-09-30 00:00:00-04:00,7.146896269249304,7.203618195656262,7.122587313799328,7.171205997467041,533000,0.0,0.0
2013-10-01 00:00:00-04:00,7.090174198150635,7.1387928755271535,7.065865245846206,7.090174198150635,153300,0.0,0.0
2013-10-02 00:00:00-04:00,7.171204902706111,7.252234999425176,7.171204902706111,7.203617095947266,338900,0.0,0.0
2013-10-03 00:00:00-04:00,7.325163235919241,7.357575431852913,7.211720163767535,7.3170599937438965,530800,0.0,0.0
2013-10-04 00:00:00-04:00,7.349470809164748,7.462913860007492,7.3251618599725745,7.454810619354248,317800,0.0,0.0
2013-10-07 00:00:00-04:00,7.381883879309693,7.406193604168395,7.349471685599077,7.398090362548828,162100,0.0,0.0
2013-10-08 00:00:00-04:00,7.454812306225046,7.511534230865204,7.438606594019098,7.4710187911987305,280500,0.0,0.0
2013-10-09 00:00:00-04:00,7.406192728639129,7.438604918518111,7.317058626896258,7.414295196533203,241200,0.0,0.0
2013-10-10 00:00:00-04:00,7.462914059943304,7.576357113825254,7.454810819072969,7.519635200500488,264500,0.0,0.0
2013-10-11 00:00:00-04:00,7.543945229829095,7.6897997075872935,7.535841988629302,7.673593997955322,317700,0.0,0.0
2013-10-14 00:00:00-04:00,7.53584267234259,7.657388210296631,7.519636188472621,7.657388210296631,217100,0.0,0.0
2013-10-15 00:00:00-04:00,7.511532783508301,7.568253924451431,7.479119819806412,7.511532783508301,235500,0.0,0.0
2013-10-16 00:00:00-04:00,7.381883213213819,7.414295403999758,7.284646640856004,7.292749881744385,773200,0.0,0.0
2013-10-17 00:00:00-04:00,7.414296057899552,7.422399299502594,7.122586315098926,7.179307460784912,1508200,0.0,0.0
2013-10-18 00:00:00-04:00,7.211719424069194,7.2441316166783825,7.09827713632085,7.236029148101807,618700,0.0,0.0
2013-10-21 00:00:00-04:00,7.276544715413691,7.349472351057729,7.211720322122929,7.2441325187683105,536000,0.0,0.0
2013-10-22 00:00:00-04:00,7.27654356599324,7.787036162095137,7.236028906162101,7.624975204467773,1793600,0.0,0.0
2013-10-23 00:00:00-04:00,7.665491075144888,7.7222122203641455,7.422399238427484,7.4872236251831055,874100,0.0,0.0
2013-10-24 00:00:00-04:00,8.313736827701106,8.597343364506626,8.15977830898382,8.402870178222656,2764800,0.0,0.0
2013-10-25 00:00:00-04:00,8.394766138848208,8.435281575337287,8.240808407510922,8.329941749572754,512200,0.0,0.0
2013-10-28 00:00:00-04:00,8.143571107639367,8.20029225007672,8.022024808858118,8.167880058288574,543500,0.0,0.0
2013-10-29 00:00:00-04:00,8.135468740285674,8.216499614842915,8.07064434974696,8.1516752243042,522500,0.0,0.0
2013-10-30 00:00:00-04:00,8.175984789123003,8.257014896973555,8.127366106198474,8.224602699279785,385000,0.0,0.0
2013-10-31 00:00:00-04:00,8.224602991569906,8.338046073913574,8.184088322588673,8.338046073913574,244000,0.0,0.0
2013-11-01 00:00:00-04:00,8.362353376431491,8.362353376431491,8.265116799120383,8.35425090789795,283000,0.0,0.0
2013-11-04 00:00:00-05:00,8.30563246210588,8.39476580057603,8.281323510299048,8.297529220581055,204600,0.0,0.0
2013-11-05 00:00:00-05:00,8.127364809520452,8.354250929946115,8.119262340965527,8.27322006225586,495200,0.0,0.0
2013-11-06 00:00:00-05:00,8.305633579898085,8.362354732670246,8.216500229432153,8.224602699279785,225000,0.0,0.0
2013-11-07 00:00:00-05:00,8.208394601624883,8.321837646972721,8.200291361364139,8.265115737915039,372300,0.0,0.0
2013-11-08 00:00:00-05:00,8.23270516565957,8.386663669764534,8.216499454724545,8.329941749572754,458600,0.0,0.0
2013-11-11 00:00:00-05:00,8.508208763235881,8.597342100654386,8.459590087428202,8.467693328857422,463100,0.0,0.0
2013-11-12 00:00:00-05:00,8.5487243036363,8.589239738517234,8.467693433874429,8.556827545166016,862900,0.0,0.0
2013-11-13 00:00:00-05:00,8.410972644350425,8.532518181365004,8.410972644350425,8.508209228515625,291700,0.0,0.0
2013-11-14 00:00:00-05:00,8.57303320363894,8.613548638274985,8.516312058809064,8.564929962158203,233700,0.0,0.0
2013-11-15 00:00:00-05:00,8.678372461633773,8.751300084694428,8.678372461633773,8.694578170776367,407800,0.0,0.0
2013-11-18 00:00:00-05:00,8.678372174084716,8.775608744021225,8.65406322479248,8.65406322479248,297800,0.0,0.0
2013-11-19 00:00:00-05:00,8.589239686600413,8.64596083143029,8.532517769002895,8.564929962158203,262900,0.0,0.0
2013-11-20 00:00:00-05:00,8.637857979700556,8.678373416164707,8.556827879539929,8.589240074157715,202300,0.0,0.0
2013-11-21 00:00:00-05:00,8.84043410234851,9.067319457309734,8.767506473633349,9.018701553344727,686800,0.0,0.0
2013-11-22 00:00:00-05:00,8.953877476500143,8.970083187460853,8.816125455879549,8.872846603393555,324200,0.0,0.0
2013-11-25 00:00:00-05:00,8.897155652837519,9.10783530698839,8.889053183653013,9.067319869995117,440600,0.0,0.0
2013-11-26 00:00:00-05:00,9.115936958507845,9.294204386515801,9.099730477430962,9.180761337280273,423800,0.0,0.0
2013-11-27 00:00:00-05:00,9.164555899523856,9.318513610461576,9.164555899523856,9.30230712890625,736100,0.0,0.0
2013-11-29 00:00:00-05:00,9.286103248596191,9.302308960574925,9.24558780949777,9.286103248596191,568100,0.0,0.0
2013-12-02 00:00:00-05:00,9.188864849089269,9.440059131056218,9.14834941796853,9.30230712890625,519500,0.0,0.0
2013-12-03 00:00:00-05:00,9.318514057347889,9.448162824937736,9.277998624284157,9.423853874206543,354200,0.0,0.0
2013-12-04 00:00:00-05:00,9.245587553584082,9.326618429538026,9.196969646225881,9.269896507263184,233800,0.0,0.0
2013-12-05 00:00:00-05:00,9.440059465924628,9.480574898482576,9.213174125474762,9.22938060760498,581200,0.0,0.0
2013-12-06 00:00:00-05:00,9.577811411299603,9.780387800017564,9.561605702041316,9.764182090759277,826800,0.0,0.0
2013-12-09 00:00:00-05:00,9.764181751926994,9.804697182818158,9.658841940716998,9.731769561767578,535600,0.0,0.0
2013-12-10 00:00:00-05:00,9.926243372272971,10.039686431866722,9.918140130994642,9.982964515686035,415600,0.0,0.0
2013-12-11 00:00:00-05:00,9.974862458952867,10.031583604707466,9.90193482997258,9.926243782043457,877000,0.0,0.0
2013-12-12 00:00:00-05:00,10.298984039676139,10.388117376032444,10.266571847113152,10.339499473571777,690000,0.0,0.0
2013-12-13 00:00:00-05:00,10.242260801931868,10.250363268840408,10.128817764770154,10.23415756225586,240900,0.0,0.0
2013-12-16 00:00:00-05:00,10.226057802494289,10.274676484327747,10.185542363094363,10.201748847961426,288900,0.0,0.0
2013-12-17 00:00:00-05:00,10.153130070671846,10.169336555386542,9.991069087363512,10.112614631652832,355500,0.0,0.0
2013-12-18 00:00:00-05:00,10.258468588130366,10.533972610825547,10.258468588130366,10.525869369506836,472000,0.0,0.0
2013-12-19 00:00:00-05:00,10.712240915395116,10.760858821672535,10.623106799273705,10.69603443145752,321300,0.0,0.0
2013-12-20 00:00:00-05:00,10.922920528581093,10.939127013603837,10.728447344914617,10.75275707244873,433700,0.0,0.0
2013-12-23 00:00:00-05:00,10.817581337979258,10.849993534870412,10.655519580755753,10.744653701782227,212100,0.0,0.0
2013-12-24 00:00:00-05:00,10.720344999934074,10.809479129486187,10.720344999934074,10.760860443115234,71500,0.0,0.0
2013-12-26 00:00:00-05:00,10.841887474060059,10.874299662525525,10.76085661651263,10.841887474060059,219500,0.0,0.0
2013-12-27 00:00:00-05:00,11.149805637311612,11.182217831551625,10.979641424359631,11.020156860351562,286500,0.0,0.0
2013-12-30 00:00:00-05:00,11.166010722772604,11.182217205368913,11.044465194370792,11.052568435668945,284000,0.0,0.0
2013-12-31 00:00:00-05:00,11.028259943238588,11.182218454024701,11.0201574738033,11.093084335327148,188000,0.0,0.0
2014-01-02 00:00:00-05:00,10.947229962390193,10.971538916504334,10.631210467835478,10.817581176757812,431500,0.0,0.0
2014-01-03 00:00:00-05:00,10.898611562488712,10.922920517229825,10.793271728253574,10.8580961227417,289200,0.0,0.0
2014-01-06 00:00:00-05:00,11.133598059269799,11.182216732233975,11.003949295055447,11.012052536010742,460600,0.0,0.0
2014-01-07 00:00:00-05:00,11.376690993480073,11.522546253898941,11.311866605020057,11.384794235229492,760900,0.0,0.0
2014-01-08 00:00:00-05:00,11.498236189588003,11.579267059157399,11.295659788432157,11.352381706237793,983700,0.0,0.0
2014-01-09 00:00:00-05:00,11.174113273620605,11.238937654465081,11.028258030336747,11.174113273620605,444700,0.0,0.0
2014-01-10 00:00:00-05:00,11.230835579406678,11.279454256470348,11.166011191833556,11.198423385620117,658500,0.0,0.0
2014-01-13 00:00:00-05:00,11.352382949249334,11.401000858100199,11.247043116382155,11.287558555603027,669000,0.0,0.0
2014-01-14 00:00:00-05:00,11.757534569086468,11.862874390961997,11.579267118776524,11.814255714416504,1424200,0.0,0.0
2014-01-15 00:00:00-05:00,11.830463854841174,12.016833800044079,11.749432973503017,11.976318359375,664900,0.0,0.0
2014-01-16 00:00:00-05:00,11.49823546406013,11.554957378286666,11.00394935462521,11.109289169311523,1895300,0.0,0.0
2014-01-17 00:00:00-05:00,11.19031997318927,11.222732164242856,10.963433863046566,11.012052536010742,1125300,0.0,0.0
2014-01-21 00:00:00-05:00,10.793269903389886,10.91481620208058,10.687930086964993,10.768960952758789,917700,0.0,0.0
2014-01-22 00:00:00-05:00,10.987744246006539,11.03636214912387,10.655518301789144,10.712240219116211,1140000,0.0,0.0
2014-01-23 00:00:00-05:00,12.413882355461437,13.20798152439536,12.39767664424222,13.151260375976562,6848700,0.0,0.0
2014-01-24 00:00:00-05:00,12.50301572475355,12.8352408989566,12.40577914494541,12.527324676513672,2565500,0.0,0.0
2014-01-27 00:00:00-05:00,12.665076537240507,12.697488730116131,12.413881462878692,12.600252151489258,647700,0.0,0.0
2014-01-28 00:00:00-05:00,12.721798999272945,13.151260792549454,12.543531533608698,13.094539642333984,2828600,0.0,0.0
2014-01-29 00:00:00-05:00,12.972993688726715,13.33763030521986,12.932478251527137,13.151260375976562,1387500,0.0,0.0
2014-01-30 00:00:00-05:00,12.997303139902955,13.070229225231392,12.843344636353262,12.851447105407715,694200,0.0,0.0
2014-01-31 00:00:00-05:00,12.802829408488565,12.835241603537186,12.721798534483167,12.770417213439941,533800,0.0,0.0
2014-02-03 00:00:00-05:00,12.851447033157847,12.851447033157847,12.292336487624903,12.470603942871094,1247900,0.0,0.0
2014-02-04 00:00:00-05:00,12.61645845273869,12.827138102686318,12.61645845273869,12.754210472106934,759900,0.0,0.0
2014-02-05 00:00:00-05:00,12.632664810186988,12.67318024596741,12.31664533842089,12.3814697265625,1042300,0.0,0.0
2014-02-06 00:00:00-05:00,12.632664497831067,12.68938564286057,12.421984855196278,12.527324676513672,724200,0.0,0.0
2014-02-07 00:00:00-05:00,12.713692989874234,12.762311660025384,12.543528803496526,12.640766143798828,548800,0.0,0.0
2014-02-10 00:00:00-05:00,12.85144682210599,12.883859015912314,12.681282611430877,12.810932159423828,679100,0.0,0.0
2014-02-11 00:00:00-05:00,12.827136993408203,12.908167858770643,12.729900418633836,12.827136993408203,540500,0.0,0.0
2014-02-12 00:00:00-05:00,13.15125983496284,13.289011852113983,12.956786671726283,12.9891996383667,2338200,0.0,0.0
2014-02-13 00:00:00-05:00,12.964891526210355,13.054025650024414,12.843345977259235,13.054025650024414,739100,0.0,0.0
2014-02-14 00:00:00-05:00,13.029713588690242,13.280907884277356,13.029713588690242,13.19177532196045,473800,0.0,0.0
2014-02-18 00:00:00-05:00,13.10264356049776,13.151261470971107,12.972994768878497,13.054025650024414,733300,0.0,0.0
2014-02-19 00:00:00-05:00,13.143158228302964,13.224189109448881,13.013509436683702,13.054025650024414,688800,0.0,0.0
2014-02-20 00:00:00-05:00,12.883860518656125,13.086436946765609,12.754211728308894,13.04592227935791,1120800,0.0,0.0
2014-02-21 00:00:00-05:00,13.029713725911598,13.102641352097699,12.819034088655666,12.859549522399902,582900,0.0,0.0
2014-02-24 00:00:00-05:00,12.81093152839238,12.843343720602169,12.559736459190812,12.58404541015625,707000,0.0,0.0
2014-02-25 00:00:00-05:00,12.705593473926742,12.76231462497429,12.624562595772195,12.656974792480469,473200,0.0,0.0
2014-02-26 00:00:00-05:00,12.891962541750669,12.964890172614453,12.7461072800231,12.851447105407715,475100,0.0,0.0
2014-02-27 00:00:00-05:00,12.981097341903046,13.102642884584112,12.908169707187323,13.094539642333984,708400,0.0,0.0
2014-02-28 00:00:00-05:00,13.062127450805239,13.070229147043552,12.80282912342209,12.835241317749023,538400,0.0,0.0
2014-03-03 00:00:00-05:00,12.608355207300553,12.608355207300553,12.397675570326456,12.494912147521973,869500,0.0,0.0
2014-03-04 00:00:00-05:00,12.632665595785175,12.835242014517412,12.575944445825815,12.819035530090332,842600,0.0,0.0
2014-03-05 00:00:00-05:00,12.85144687375982,12.997302905625999,12.81903467982322,12.90816879272461,1033900,0.0,0.0
2014-03-06 00:00:00-05:00,13.532104875063178,13.677958592755559,13.426764275827423,13.66175365447998,1012200,0.0,0.0
2014-03-07 00:00:00-05:00,13.442971037045561,13.483485701873606,13.02971496455085,13.159363746643066,963700,0.0,0.0
2014-03-10 00:00:00-04:00,13.191777252287123,13.256601645973785,13.126952858600461,13.216085433959961,654000,0.0,0.0
2014-03-11 00:00:00-04:00,13.175568994937395,13.305217764868727,13.151259270999551,13.224186897277832,398000,0.0,0.0
2014-03-12 00:00:00-04:00,13.00540542602539,13.10264278676557,12.948684276233378,13.00540542602539,604800,0.0,0.0
2014-03-13 00:00:00-04:00,12.98919963751446,13.013507816957864,12.6569736843809,12.729901313781738,575900,0.0,0.0
2014-03-14 00:00:00-04:00,12.762313971485865,12.875757040539884,12.721798534483167,12.770417213439941,482600,0.0,0.0
2014-03-17 00:00:00-04:00,12.964888813531005,13.102640818996178,12.932476622407881,13.062126159667969,280200,0.0,0.0
2014-03-18 00:00:00-04:00,13.110744588343735,13.329527466817662,13.102641347044488,13.305217742919922,342900,0.0,0.0
2014-03-19 00:00:00-04:00,13.167465201242427,13.29711396573492,12.964888813531005,13.062126159667969,328800,0.0,0.0
2014-03-20 00:00:00-04:00,12.819034144035744,12.981095879712822,12.762313000209343,12.956786155700684,423000,0.0,0.0
2014-03-21 00:00:00-04:00,12.92437476624055,12.932478008081466,12.616458531194839,12.665077209472656,368900,0.0,0.0
2014-03-24 00:00:00-04:00,12.494913353622339,12.535428791223222,11.976317452419963,12.073554039001465,746800,0.0,0.0
2014-03-25 00:00:00-04:00,12.178892472796848,12.349056673017337,12.049243705536972,12.211304664611816,420400,0.0,0.0
2014-03-26 00:00:00-04:00,12.308541523104338,12.357160198328634,12.114068367742414,12.146480560302734,663400,0.0,0.0
2014-03-27 00:00:00-04:00,12.40577885108758,12.462499994773522,12.146480538306946,12.227511405944824,881200,0.0,0.0
2014-03-28 00:00:00-04:00,12.17079101094489,12.178893479993002,11.927699165845091,11.943904876708984,998300,0.0,0.0
2014-03-31 00:00:00-04:00,12.049244185398248,12.219408392395529,11.992523040655035,12.065450668334961,1268800,0.0,0.0
2014-04-01 00:00:00-04:00,12.259923396345421,12.389572164214707,12.251820155161688,12.308541297912598,1038900,0.0,0.0
2014-04-02 00:00:00-04:00,12.365263417268642,12.365263417268642,12.105965104488007,12.227511405944824,1038800,0.0,0.0
2014-04-03 00:00:00-04:00,12.357160468657518,12.559736869783052,12.332851516897396,12.527324676513672,1062600,0.0,0.0
2014-04-04 00:00:00-04:00,12.486808968569918,12.486808968569918,12.138377318970749,12.146480560302734,1005200,0.0,0.0
2014-04-07 00:00:00-04:00,12.178893083820935,12.178893083820935,11.781843520975391,11.814255714416504,793700,0.0,0.0
2014-04-08 00:00:00-04:00,11.69271140250385,11.733226068957784,11.514443933589178,11.571165084838867,993800,0.0,0.0
2014-04-09 00:00:00-04:00,11.846668243408203,11.887183679549084,11.635988593689756,11.846668243408203,875600,0.0,0.0
2014-04-10 00:00:00-04:00,11.887182391585894,11.976315723224198,11.619781623903396,11.627884864807129,1363400,0.0,0.0
2014-04-11 00:00:00-04:00,11.571163087517393,11.579266328516555,11.012052595624372,11.109289169311523,1784800,0.0,0.0
2014-04-14 00:00:00-04:00,11.060673015840209,11.271352693208232,11.012055104304677,11.255146980285645,850200,0.0,0.0
2014-04-15 00:00:00-04:00,11.093084259195523,11.198424088808416,10.914817568559275,11.076878547668457,1675200,0.0,0.0
2014-04-16 00:00:00-04:00,11.149804445676335,11.392896262879825,11.133597963904563,11.368586540222168,371200,0.0,0.0
2014-04-17 00:00:00-04:00,11.506338090061277,11.903387604587293,11.506338090061277,11.854769706726074,624300,0.0,0.0
2014-04-21 00:00:00-04:00,11.903387604587293,11.903387604587293,11.708914467607313,11.854769706726074,469700,0.0,0.0
2014-04-22 00:00:00-04:00,12.1464810245202,12.211305412118318,12.057347684764702,12.186996459960938,1011100,0.0,0.0
2014-04-23 00:00:00-04:00,12.170790358706947,12.203202551465425,12.041140814905402,12.057347297668457,1002200,0.0,0.0
2014-04-24 00:00:00-04:00,11.75753509992758,11.765638341845623,10.955332696465655,11.222733497619629,2738200,0.0,0.0
2014-04-25 00:00:00-04:00,11.263248349674951,11.27135159172825,11.060671934948655,11.068775177001953,678100,0.0,0.0
2014-04-28 00:00:00-04:00,10.979639468230172,11.028257364544608,10.493455868480652,10.841887474060059,1270400,0.0,0.0
2014-04-29 00:00:00-04:00,11.0120530019458,11.060670904199476,10.931022134499509,11.052568435668945,651500,0.0,0.0
2014-04-30 00:00:00-04:00,11.012054140324121,11.012054140324121,10.866198872949962,10.898611068725586,554800,0.0,0.0
2014-05-01 00:00:00-04:00,10.833787301288801,11.157910050484855,10.833787301288801,11.044466972351074,474900,0.0,0.0
2014-05-02 00:00:00-04:00,10.817579996337074,11.036362105026152,10.777064562056093,10.97964096069336,575100,0.0,0.0
2014-05-05 00:00:00-04:00,10.817581455762424,10.939127002235725,10.76896277351246,10.8580961227417,223800,0.0,0.0
2014-05-06 00:00:00-04:00,10.623106992615071,10.623106992615071,10.428633818430598,10.436737060546875,665600,0.0,0.0
2014-05-07 00:00:00-04:00,10.736549373916546,10.752755857107536,10.217953503319695,10.371912002563477,1227100,0.0,0.0
2014-05-08 00:00:00-04:00,10.428633484357592,10.558282262994044,10.347603384093647,10.404324531555176,433400,0.0,0.0
2014-05-09 00:00:00-04:00,10.185541825136912,10.258469457651504,10.088305239373355,10.145027160644531,652700,0.0,0.0
2014-05-12 00:00:00-04:00,10.825683260009887,10.866198697266293,10.69603447900354,10.7932710647583,1100200,0.0,0.0
2014-05-13 00:00:00-04:00,10.671724655840235,10.712240089793983,10.598797029277012,10.704136848449707,508200,0.0,0.0
2014-05-14 00:00:00-04:00,10.655518869056445,10.687931063782738,10.566385526751061,10.582592010498047,395100,0.0,0.0
2014-05-15 00:00:00-04:00,10.420529698840786,10.436736181708657,10.21795329959823,10.347602844238281,514900,0.0,0.0
2014-05-16 00:00:00-04:00,10.242264416001413,10.242264416001413,10.12882133881035,10.20985221862793,280100,0.0,0.0
2014-05-19 00:00:00-04:00,10.088305772195177,10.226057802494289,10.072100060095845,10.201748847961426,337300,0.0,0.0
2014-05-20 00:00:00-04:00,10.347604163295832,10.396222072561722,10.258470041695476,10.298985481262207,416900,0.0,0.0
2014-05-21 00:00:00-04:00,10.36380978946525,10.404325228695793,10.339500835034015,10.388118743896484,245000,0.0,0.0
2014-05-22 00:00:00-04:00,9.829007049608418,10.096407836572595,9.788491614935861,9.999171257019043,1777500,0.0,0.0
2014-05-23 00:00:00-04:00,10.088304033221139,10.185540607359144,10.04778860080507,10.128819465637207,567000,0.0,0.0
2014-05-27 00:00:00-04:00,10.307088932001578,10.550180801546322,10.307088932001578,10.501562118530273,446300,0.0,0.0
2014-05-28 00:00:00-04:00,10.598798085526841,10.679828961509674,10.49345825585624,10.533973693847656,463500,0.0,0.0
2014-05-29 00:00:00-04:00,10.696035435365324,10.728447633514975,10.485355761008721,10.509665489196777,340900,0.0,0.0
2014-05-30 00:00:00-04:00,10.542076445500017,10.671725222826117,10.485354525844098,10.574488639831543,344100,0.0,0.0
2014-06-02 00:00:00-04:00,10.655520368266117,10.69603581056634,10.428634973259765,10.461047172546387,311900,0.0,0.0
2014-06-03 00:00:00-04:00,10.849991818552585,10.86619752805078,10.736548760994793,10.768960952758789,621700,0.0,0.0
2014-06-04 00:00:00-04:00,10.979642035556022,11.149806257980421,10.931023355105745,11.093084335327148,579500,0.0,0.0
2014-06-05 00:00:00-04:00,10.94722781334049,11.166009902954102,10.94722781334049,11.166009902954102,259500,0.0,0.0
2014-06-06 00:00:00-04:00,11.109289109171506,11.109289109171506,11.012052536010742,11.012052536010742,240200,0.0,0.0
2014-06-09 00:00:00-04:00,11.036362571087736,11.036362571087736,10.947229230119618,11.020156860351562,270800,0.0,0.0
2014-06-10 00:00:00-04:00,10.858096089140519,10.939126968383789,10.809478179808744,10.939126968383789,339200,0.0,0.0
2014-06-11 00:00:00-04:00,10.914817552997249,10.914817552997249,10.84188991931017,10.898611068725586,232400,0.0,0.0
2014-06-12 00:00:00-04:00,10.81757996452227,10.858094625916461,10.752755578970406,10.801373481750488,266900,0.0,0.0
2014-06-13 00:00:00-04:00,10.906714025105348,10.995847367961092,10.874301830178924,10.963435173034668,329700,0.0,0.0
2014-06-16 00:00:00-04:00,10.849993085518092,10.931023188006252,10.83378660135984,10.882405281066895,270300,0.0,0.0
2014-06-17 00:00:00-04:00,10.71224073203426,10.866198462967713,10.687931006543971,10.849992752075195,385500,0.0,0.0
2014-06-18 00:00:00-04:00,10.696033866493693,10.825682640075684,10.655518431557407,10.825682640075684,315100,0.0,0.0
2014-06-19 00:00:00-04:00,10.62310766691877,10.631210909549404,10.469149920775491,10.501562118530273,477400,0.0,0.0
2014-06-20 00:00:00-04:00,10.752755912671486,10.939125833724992,10.66362180019576,10.833786010742188,658700,0.0,0.0
2014-06-23 00:00:00-04:00,10.777064683011272,10.801373634745634,10.663621620304838,10.728446006774902,250400,0.0,0.0
2014-06-24 00:00:00-04:00,10.752756771495827,10.760859241012685,10.639313697814941,10.639313697814941,206600,0.0,0.0
2014-06-25 00:00:00-04:00,10.63121062627932,10.744653701782227,10.590695186973443,10.744653701782227,327600,0.0,0.0
2014-06-26 00:00:00-04:00,10.64741829708871,10.696036211456962,10.5663874094512,10.687932968139648,228300,0.0,0.0
2014-06-27 00:00:00-04:00,10.444841620504713,10.574490419652347,10.404326177579128,10.566387176513672,278600,0.0,0.0
2014-06-30 00:00:00-04:00,10.47725180103193,10.631209527155834,10.412427413951587,10.558281898498535,408000,0.0,0.0
2014-07-01 00:00:00-04:00,10.598798429388165,10.801374853149817,10.574489474911731,10.744653701782227,521900,0.0,0.0
2014-07-02 00:00:00-04:00,10.704138390148241,10.760859542192362,10.687931905125499,10.75275707244873,372200,0.0,0.0
2014-07-03 00:00:00-04:00,10.663622188078309,10.663622188078309,10.590694556224621,10.598797798156738,337900,0.0,0.0
2014-07-07 00:00:00-04:00,10.53397414598576,10.55018063098502,10.388118872063357,10.396222114562988,371400,0.0,0.0
2014-07-08 00:00:00-04:00,10.37191184294404,10.37191184294404,10.12882000819386,10.185541152954102,451200,0.0,0.0
2014-07-09 00:00:00-04:00,10.201747817459298,10.315190108998747,10.12071694684456,10.290881156921387,782100,0.0,0.0
2014-07-10 00:00:00-04:00,10.226057597728436,10.242264082270982,10.07209985841283,10.17743968963623,463600,0.0,0.0
2014-07-11 00:00:00-04:00,10.217953451151484,10.323293273052135,10.193644499256763,10.274675369262695,598700,0.0,0.0
2014-07-14 00:00:00-04:00,10.355706674832572,10.436737554293403,10.331397720101418,10.396222114562988,496600,0.0,0.0
2014-07-15 00:00:00-04:00,10.34760449570832,10.363810208394973,10.290882569385634,10.331398010253906,425700,0.0,0.0
2014-07-16 00:00:00-04:00,10.558282053249135,10.582591778336303,10.452942229507718,10.48535442352295,453600,0.0,0.0
2014-07-17 00:00:00-04:00,10.469148920873403,10.57448874670744,10.371912336896063,10.404324531555176,335600,0.0,0.0
2014-07-18 00:00:00-04:00,10.404326016986746,10.485356128819406,10.380017060713726,10.461047172546387,229900,0.0,0.0
2014-07-21 00:00:00-04:00,10.469149302168471,10.550180178151304,10.436737106328879,10.533973693847656,252700,0.0,0.0
2014-07-22 00:00:00-04:00,10.598797083709005,10.82568243314053,10.566384890933072,10.801373481750488,514500,0.0,0.0
2014-07-23 00:00:00-04:00,10.777064530360446,10.939125494240107,10.777064530360446,10.801373481750488,573500,0.0,0.0
2014-07-24 00:00:00-04:00,12.446294114704111,12.575943663754995,12.30043962776932,12.3814697265625,3674500,0.0,0.0
2014-07-25 00:00:00-04:00,12.235614517741391,12.276129178363835,12.097862507875755,12.21940803527832,776300,0.0,0.0
2014-07-28 00:00:00-04:00,12.365265096417955,12.43008949022408,12.259925263291072,12.38957405090332,444700,0.0,0.0
2014-07-29 00:00:00-04:00,12.251822600640397,12.527326673737385,12.227513645004711,12.438193321228027,465300,0.0,0.0
2014-07-30 00:00:00-04:00,12.292336926026278,12.462501145564739,12.268027972597269,12.332852363586426,466700,0.0,0.0
2014-07-31 00:00:00-04:00,12.033039832374456,12.08165774113268,11.822360167041548,11.830463409423828,963900,0.0,0.0
2014-08-01 00:00:00-04:00,11.854772353251276,11.854772353251276,11.546856097908263,11.652195930480957,466700,0.0,0.0
2014-08-04 00:00:00-04:00,11.798052038457374,11.854773193568029,11.554960159348058,11.64409351348877,1418300,0.0,0.0
2014-08-05 00:00:00-04:00,11.571165170941315,11.603577368006281,11.417207428074656,11.48203182220459,1225200,0.0,0.0
2014-08-06 00:00:00-04:00,11.263248003289261,11.490134137197883,11.263248003289261,11.401000022888184,454400,0.0,0.0
2014-08-07 00:00:00-04:00,11.40910318771008,11.514443012149522,11.368587751730654,11.384794235229492,263400,0.0,0.0
2014-08-08 00:00:00-04:00,11.22273260030716,11.417205754185026,11.174113925453883,11.319969177246094,1056700,0.0,0.0
2014-08-11 00:00:00-04:00,11.400999405512014,11.554957900382112,11.230835200678957,11.433411598205566,735200,0.0,0.0
2014-08-12 00:00:00-04:00,11.498237025296152,11.506340267395576,11.295660609416766,11.344279289245605,831700,0.0,0.0
2014-08-13 00:00:00-04:00,11.490134936273348,11.530649602576048,11.44151625483529,11.473928451538086,312300,0.0,0.0
2014-08-14 00:00:00-04:00,11.514441957562852,11.644090722608588,11.514441957562852,11.554957389831543,232600,0.0,0.0
2014-08-15 00:00:00-04:00,11.465826051701745,11.473929294664817,11.303765056279204,11.36048698425293,256000,0.0,0.0
2014-08-18 00:00:00-04:00,11.279452872256716,11.384792682327658,11.238937441803651,11.336174011230469,276200,0.0,0.0
2014-08-19 00:00:00-04:00,11.425309925858269,11.579267658690327,11.401000200068195,11.506340026855469,292600,0.0,0.0
2014-08-20 00:00:00-04:00,11.449618623689508,11.490134059668934,11.384794235229492,11.384794235229492,131200,0.0,0.0
2014-08-21 00:00:00-04:00,11.360485487716337,11.425309877345924,11.328072520133864,11.409103393554688,309900,0.0,0.0
2014-08-22 00:00:00-04:00,11.295658451127048,11.368586070551997,11.255143793906567,11.328070640563965,478200,0.0,0.0
2014-08-25 00:00:00-04:00,11.368588242776177,11.409103680505593,11.263248413786773,11.344279289245605,272000,0.0,0.0
2014-08-26 00:00:00-04:00,11.287557319689334,11.42530933429672,11.271350836668397,11.352381706237793,205300,0.0,0.0
2014-08-27 00:00:00-04:00,11.417204872136598,11.449617061945537,11.295658580777404,11.336174011230469,264000,0.0,0.0
2014-08-28 00:00:00-04:00,11.117392747336403,11.182217131759668,11.10928950609159,11.141701698303223,381200,0.0,0.0
2014-08-29 00:00:00-04:00,11.157909264676007,11.198423929300443,11.044466194531587,11.149806022644043,269600,0.0,0.0
2014-09-02 00:00:00-04:00,11.101186337922622,11.14980501294392,11.003949760647647,11.052568435668945,350400,0.0,0.0
2014-09-03 00:00:00-04:00,11.425308391850038,11.425308391850038,11.214628766562189,11.271349906921387,420700,0.0,0.0
2014-09-04 00:00:00-04:00,11.247040764451034,11.2875561951995,11.10928876356679,11.166009902954102,450200,0.0,0.0
2014-09-05 00:00:00-04:00,11.10118579864502,11.141701230399992,11.060670366890047,11.10118579864502,329100,0.0,0.0
2014-09-08 00:00:00-04:00,11.109290743490293,11.109290743490293,10.995847671730013,11.076878547668457,236800,0.0,0.0
2014-09-09 00:00:00-04:00,10.947229748772873,11.012054140324121,10.85809563081413,10.898611068725586,682200,0.0,0.0
2014-09-10 00:00:00-04:00,10.874301497847116,10.955332369070614,10.801373868299498,10.931022644042969,250900,0.0,0.0
2014-09-11 00:00:00-04:00,10.8743026077476,10.890508319985761,10.76085953100951,10.8580961227417,856500,0.0,0.0
2014-09-12 00:00:00-04:00,10.96852322189819,10.97676343819106,10.861392551038625,10.894355773925781,210700,0.224,0.0
2014-09-15 00:00:00-04:00,10.877873723110195,10.919077948019615,10.828429281943068,10.869632720947266,274400,0.0,0.0
2014-09-16 00:00:00-04:00,10.811945681534283,10.811945681534283,10.647129592132334,10.77074146270752,225900,0.0,0.0
2014-09-17 00:00:00-04:00,10.713056376795334,10.795464817132736,10.647129938887465,10.787223815917969,770000,0.0,0.0
2014-09-18 00:00:00-04:00,10.729539508107647,10.803706169128418,10.688335283603744,10.803706169128418,622200,0.0,0.0
2014-09-19 00:00:00-04:00,10.754262395915712,10.803706839665015,10.713058168854449,10.721299171447754,768200,0.0,0.0
2014-09-22 00:00:00-04:00,10.696575909571212,10.696575909571212,10.531759791146625,10.564723014831543,392200,0.0,0.0
2014-09-23 00:00:00-04:00,10.474073940372952,10.540000385188572,10.38342527522778,10.507037162780762,515700,0.0,0.0
2014-09-24 00:00:00-04:00,10.482313916602834,10.671852230422328,10.46583191405933,10.647130012512207,936500,0.0,0.0
2014-09-25 00:00:00-04:00,10.630649462201378,10.630649462201378,10.498796567461708,10.564723014831543,654500,0.0,0.0
2014-09-26 00:00:00-04:00,10.507035722783435,10.66361081128549,10.46583150394444,10.589444160461426,641300,0.0,0.0
2014-09-29 00:00:00-04:00,10.605926211842009,10.671852652815131,10.515277551980256,10.614167213439941,399400,0.0,0.0
2014-09-30 00:00:00-04:00,10.482315348571872,10.655372469393999,10.449352124886955,10.564723014831543,332300,0.0,0.0
2014-10-01 00:00:00-04:00,10.457591176052022,10.498795397542944,10.350461300442845,10.432868957519531,636800,0.0,0.0
2014-10-02 00:00:00-04:00,10.416388282779222,10.416388282779222,10.235090170323256,10.375184059143066,347200,0.0,0.0
2014-10-03 00:00:00-04:00,10.185644601222052,10.383424710823535,10.152681380606,10.358701705932617,641500,0.0,0.0
2014-10-06 00:00:00-04:00,10.39990574498214,10.39990574498214,10.309257086361088,10.342220306396484,510600,0.0,0.0
2014-10-07 00:00:00-04:00,10.284533622259183,10.317497626726476,10.152680748010493,10.16916275024414,526600,0.0,0.0
2014-10-08 00:00:00-04:00,10.127960609281716,10.202128062745409,9.946662477026615,10.185646057128906,1108400,0.0,0.0
2014-10-09 00:00:00-04:00,10.086756299448284,10.127960527250522,9.773605268418661,9.823050498962402,689100,0.0,0.0
2014-10-10 00:00:00-04:00,9.773603021882186,9.781844022729432,9.608786934462733,9.625268936157227,1325700,0.0,0.0
2014-10-13 00:00:00-04:00,9.823050273303432,9.83129127585562,9.658234151785978,9.781846046447754,1250900,0.0,0.0
2014-10-14 00:00:00-04:00,9.71591961712508,9.864254519737836,9.633511163250157,9.691197395324707,772100,0.0,0.0
2014-10-15 00:00:00-04:00,9.476934014744929,9.575823666677135,9.287395711684475,9.509897232055664,676100,0.0,0.0
2014-10-16 00:00:00-04:00,9.2379506069136,9.501656348657935,9.229709606007814,9.485175132751465,835100,0.0,0.0
2014-10-17 00:00:00-04:00,10.004348179848781,10.045551619892805,9.930180730321155,9.946661949157715,983300,0.0,0.0
2014-10-20 00:00:00-04:00,9.847771153462663,9.946660812901094,9.790085715266533,9.930179595947266,364500,0.0,0.0
2014-10-21 00:00:00-04:00,10.053790382539367,10.218606463714424,10.053790382539367,10.210366249084473,417300,0.0,0.0
2014-10-22 00:00:00-04:00,10.38342456092025,10.647130322041601,10.38342456092025,10.548240661621094,1606300,0.0,0.0
2014-10-23 00:00:00-04:00,11.20750590910922,11.24046912942227,10.787224260688962,11.05093002319336,2413200,0.0,0.0
2014-10-24 00:00:00-04:00,11.199265767240608,11.33111865861419,11.149820540022901,11.281673431396484,796000,0.0,0.0
2014-10-27 00:00:00-04:00,11.19102310475064,11.331116977527017,11.17454188872671,11.3228759765625,315300,0.0,0.0
2014-10-28 00:00:00-04:00,11.537139355262871,11.8008451461792,11.537139355262871,11.8008451461792,452400,0.0,0.0
2014-10-29 00:00:00-04:00,11.751398032705378,11.767879247939494,11.619545167212173,11.636026382446289,324400,0.0,0.0
2014-10-30 00:00:00-04:00,11.520657964529414,11.734919324023553,11.495935741789411,11.69371509552002,407000,0.0,0.0
2014-10-31 00:00:00-04:00,11.693713537813855,11.751399764396602,11.61130587768951,11.710195541381836,664200,0.0,0.0
2014-11-03 00:00:00-05:00,11.5371378663022,11.627786523754436,11.504174646691828,11.561860084533691,429800,0.0,0.0
2014-11-04 00:00:00-05:00,11.58658415116438,11.627787590026855,11.52065691999294,11.627787590026855,278800,0.0,0.0
2014-11-05 00:00:00-05:00,11.66899181479455,11.677232816929132,11.545379926396688,11.627787590026855,226400,0.0,0.0
2014-11-06 00:00:00-05:00,11.553621018304803,11.578343238995426,11.471212568129086,11.487693786621094,241600,0.0,0.0
2014-11-07 00:00:00-05:00,11.421766400478955,11.43824840351921,11.306395522817805,11.39704418182373,492200,0.0,0.0
2014-11-10 00:00:00-05:00,11.537138970375734,11.701955084200057,11.45473052051096,11.652510643005371,596800,0.0,0.0
2014-11-11 00:00:00-05:00,11.668991097940125,11.668991097940125,11.487692991642984,11.57834243774414,245100,0.0,0.0
2014-11-12 00:00:00-05:00,11.49593311584913,11.49593311584913,11.355839242481013,11.438247680664062,286400,0.0,0.0
2014-11-13 00:00:00-05:00,11.413525759867136,11.520655632019043,11.413525759867136,11.520655632019043,272500,0.0,0.0
2014-11-14 00:00:00-05:00,11.677232248143191,11.75964069366455,11.627787023649342,11.75964069366455,250800,0.0,0.0
2014-11-17 00:00:00-05:00,11.80908447734489,11.850288697820465,11.70195381847045,11.751399040222168,269600,0.0,0.0
2014-11-18 00:00:00-05:00,11.767879603166167,11.858529040357903,11.734916385797835,11.833806037902832,394200,0.0,0.0
2014-11-19 00:00:00-05:00,11.668991088867188,11.776121752236511,11.636027868284716,11.668991088867188,296600,0.0,0.0
2014-11-20 00:00:00-05:00,11.842049502659025,11.998625407165681,11.842049502659025,11.98214340209961,292100,0.0,0.0
2014-11-21 00:00:00-05:00,11.924456484875078,11.982141923678274,11.858530044555664,11.858530044555664,292200,0.0,0.0
2014-11-24 00:00:00-05:00,11.949180177872721,12.064551855619454,11.949180177872721,11.98214340209961,418900,0.0,0.0
2014-11-25 00:00:00-05:00,11.92445709257109,12.00686475421745,11.734917977564583,11.842048645019531,673800,0.0,0.0
2014-11-26 00:00:00-05:00,11.891492423445618,12.031586295689648,11.87501042157921,12.015104293823242,185000,0.0,0.0
2014-11-28 00:00:00-05:00,12.328255538729088,12.361218757312384,12.179920662151702,12.2623291015625,424500,0.0,0.0
2014-12-01 00:00:00-05:00,12.287051697761587,12.352978136960303,12.056309160566082,12.113994598388672,519300,0.0,0.0
2014-12-02 00:00:00-05:00,12.361220359802246,12.4024245848493,12.303534916279508,12.361220359802246,312900,0.0,0.0
2014-12-03 00:00:00-05:00,12.270570635773845,12.328256074324448,12.196403194262983,12.295292854309082,166000,0.0,0.0
2014-12-04 00:00:00-05:00,12.336497682063612,12.402424125334205,12.2623302369079,12.27881145477295,332200,0.0,0.0
2014-12-05 00:00:00-05:00,12.270571768126855,12.328257212000786,12.179922315290415,12.311775207519531,330200,0.0,0.0
2014-12-08 00:00:00-05:00,12.245847781884523,12.262329785047417,12.081031679781432,12.105753898620605,284100,0.0,0.0
2014-12-09 00:00:00-05:00,11.94917929999776,11.990383523730518,11.825567414704691,11.932697296142578,334800,0.0,0.0
2014-12-10 00:00:00-05:00,11.932697296142578,12.08103218721842,11.891493858315021,11.932697296142578,243100,0.0,0.0
2014-12-11 00:00:00-05:00,11.95742109512488,11.97390231416815,11.80084519173493,11.825568199157715,151700,0.0,0.0
2014-12-12 00:00:00-05:00,11.619544991809464,11.668989422670492,11.405283695664851,11.454728126525879,355100,0.0,0.0
2014-12-15 00:00:00-05:00,11.347600055503312,11.446489718739516,11.223987387029169,11.298154830932617,371400,0.0,0.0
2014-12-16 00:00:00-05:00,11.256950378417969,11.504174924416633,11.215746156433998,11.256950378417969,308600,0.0,0.0
2014-12-17 00:00:00-05:00,11.495934788819712,11.528898011708952,11.35584089506413,11.487693786621094,281100,0.0,0.0
2014-12-18 00:00:00-05:00,11.553620218764358,11.627786875703706,11.462970772663201,11.57834243774414,256500,0.0,0.0
2014-12-19 00:00:00-05:00,11.594822165503395,11.66898959881959,11.537136733326385,11.636026382446289,129800,0.0,0.0
2014-12-22 00:00:00-05:00,11.54537921713604,11.627786875703706,11.520656212251085,11.57834243774414,214500,0.0,0.0
2014-12-23 00:00:00-05:00,11.594823071128157,11.627786290076081,11.504174415497646,11.520655632019043,193100,0.0,0.0
2014-12-24 00:00:00-05:00,11.584502617198066,11.72731380894563,11.584502617198066,11.668509483337402,64300,0.266,0.0
2014-12-26 00:00:00-05:00,11.744112086850336,11.77771546674391,11.702109464280712,11.75251293182373,82500,0.0,0.0
2014-12-29 00:00:00-05:00,11.466891154553792,11.542497160594817,11.416487684625583,11.43328857421875,214400,0.0,0.0
2014-12-30 00:00:00-05:00,11.39968796564943,11.483694831591778,11.340883640179097,11.441691398620605,166500,0.0,0.0
2014-12-31 00:00:00-05:00,11.483695220363835,11.483695220363835,11.256877155330047,11.282079696655273,115400,0.0,0.0
2015-01-02 00:00:00-05:00,11.332481751550583,11.332481751550583,11.038459350079789,11.172869682312012,255000,0.0,0.0
2015-01-05 00:00:00-05:00,11.45849056593417,11.45849056593417,11.24847424853093,11.298877716064453,428800,0.0,0.0
2015-01-06 00:00:00-05:00,11.22327385435262,11.33248245637069,11.038460036613264,11.10566520690918,301000,0.0,0.0
2015-01-07 00:00:00-05:00,10.996456604891112,11.10566520690918,10.937652281169392,11.10566520690918,249300,0.0,0.0
2015-01-08 00:00:00-05:00,11.298879492897338,11.408088091258728,11.24007517114459,11.265276908874512,191600,0.0,0.0
2015-01-09 00:00:00-05:00,11.240075182141258,11.307280350252663,11.172870014029852,11.248476028442383,326100,0.0,0.0
2015-01-12 00:00:00-05:00,11.248475211297153,11.248475211297153,11.063660611842243,11.080461502075195,409000,0.0,0.0
2015-01-13 00:00:00-05:00,11.391287006412627,11.433289634866414,11.172869813398286,11.206472396850586,369600,0.0,0.0
2015-01-14 00:00:00-05:00,11.223272952161697,11.307279808853052,11.04685919402886,11.130866050720215,383800,0.0,0.0
2015-01-15 00:00:00-05:00,11.702110147348423,11.744112772369794,11.340881803893843,11.685308456420898,1168500,0.0,0.0
2015-01-16 00:00:00-05:00,11.424889009221982,11.550898490476776,11.298878726818444,11.525696754455566,361300,0.0,0.0
2015-01-20 00:00:00-05:00,11.710509508105433,11.802917200515418,11.676906929360532,11.75251293182373,250000,0.0,0.0
2015-01-21 00:00:00-05:00,11.886925579791415,11.954130750471245,11.609704050449906,11.836522102355957,532600,0.0,0.0
2015-01-22 00:00:00-05:00,12.752192557990025,12.794195185521678,12.500172787056272,12.77739429473877,1287700,0.0,0.0
2015-01-23 00:00:00-05:00,12.676586495555883,12.752192506646477,12.491771890795405,12.550576210021973,625500,0.0,0.0
2015-01-26 00:00:00-05:00,12.466569552686781,12.68498672948881,12.424566126201974,12.609380722045898,408800,0.0,0.0
2015-01-27 00:00:00-05:00,12.533774920757606,12.58417839244943,12.332159431692837,12.44976806640625,497200,0.0,0.0
2015-01-28 00:00:00-05:00,12.483371366646114,12.500173058943236,12.164146423339844,12.164146423339844,379300,0.0,0.0
2015-01-29 00:00:00-05:00,12.273354994741663,12.43296786664299,12.273354994741663,12.382563591003418,433000,0.0,0.0
2015-01-30 00:00:00-05:00,12.315360829067604,12.399367704487966,12.21455305925253,12.273357391357422,310500,0.0,0.0
2015-02-02 00:00:00-05:00,12.105341700035945,12.281755457545193,12.029735689510728,12.264954566955566,230900,0.0,0.0
2015-02-03 00:00:00-05:00,12.14734548261641,12.18934891203901,11.920527444423639,12.122143745422363,493500,0.0,0.0
2015-02-04 00:00:00-05:00,12.113742735849165,12.390964244689297,12.113742735849165,12.323759078979492,414500,0.0,0.0
2015-02-05 00:00:00-05:00,12.189351317085999,12.323761676839428,12.130546183832168,12.273357391357422,279600,0.0,0.0
2015-02-06 00:00:00-05:00,12.23135130100858,12.390963357858615,12.172546184359653,12.332159042358398,326900,0.0,0.0
2015-02-09 00:00:00-05:00,12.264954399371494,12.49177162669923,12.264954399371494,12.483370780944824,825600,0.0,0.0
2015-02-10 00:00:00-05:00,12.483372191586296,12.659785966620134,12.466571299327702,12.592580795288086,415200,0.0,0.0
2015-02-11 00:00:00-05:00,12.424567611287268,12.57577964424718,12.374163333251024,12.525375366210938,359500,0.0,0.0
2015-02-12 00:00:00-05:00,12.340559748491733,12.600980361807881,12.281755429837565,12.50017261505127,616200,0.0,0.0
2015-02-13 00:00:00-05:00,12.500172472453636,12.533775054322513,12.449768199075946,12.483370780944824,210000,0.0,0.0
2015-02-17 00:00:00-05:00,12.357362054748558,12.474971499054604,12.3153586245572,12.424567222595215,393200,0.0,0.0
2015-02-18 00:00:00-05:00,12.458169877447217,12.491772461561855,12.34896127878744,12.432968139648438,221000,0.0,0.0
2015-02-19 00:00:00-05:00,12.39096464961219,12.449768971242735,12.315358635430748,12.407766342163086,224500,0.0,0.0
2015-02-20 00:00:00-05:00,12.256554500986148,12.4833717458457,12.256554500986148,12.466570854187012,148200,0.0,0.0
2015-02-23 00:00:00-05:00,12.424565929033628,12.458168509458483,12.340559077397135,12.348959922790527,124400,0.0,0.0
2015-02-24 00:00:00-05:00,12.32375954098866,12.449769031131357,12.32375954098866,12.432968139648438,114500,0.0,0.0
2015-02-25 00:00:00-05:00,12.357362125103299,12.458169877447217,12.32375954098866,12.432968139648438,157400,0.0,0.0
2015-02-26 00:00:00-05:00,12.466569623356122,12.659784264673306,12.466569623356122,12.617781639099121,209000,0.0,0.0
2015-02-27 00:00:00-05:00,12.474971427934163,12.550576640469025,12.407766260470646,12.416166305541992,213600,0.0,0.0
2015-03-02 00:00:00-05:00,12.298557342125509,12.432967673545114,12.298557342125509,12.323759078979492,220100,0.0,0.0
2015-03-03 00:00:00-05:00,12.29015908690107,12.340562571234138,12.180950469314174,12.273357391357422,232200,0.0,0.0
2015-03-04 00:00:00-05:00,12.164146098497447,12.164146098497447,12.021335723529564,12.071739196777344,227000,0.0,0.0
2015-03-05 00:00:00-05:00,11.878525240997181,12.012935579037796,11.844922656487027,11.987733840942383,261300,0.0,0.0
2015-03-06 00:00:00-05:00,11.550899051893486,11.601303327534485,11.332481859363792,11.42488956451416,665100,0.0,0.0
2015-03-09 00:00:00-04:00,11.441690505076618,11.517296518290475,11.39128703036657,11.46689224243164,197600,0.0,0.0
2015-03-10 00:00:00-04:00,11.315681185483152,11.32408123062726,11.181270849391842,11.265276908874512,232000,0.0,0.0
2015-03-11 00:00:00-04:00,11.349282775924964,11.349282775924964,10.744435515317052,10.786438941955566,669100,0.0,0.0
2015-03-12 00:00:00-04:00,10.484016628815082,10.534420909269457,10.391609715989063,10.5092191696167,799400,0.0,0.0
2015-03-13 00:00:00-04:00,10.626825602581926,10.727634142435855,10.509216974666828,10.69403076171875,332900,0.0,0.0
2015-03-16 00:00:00-04:00,10.668829391972954,10.694031127223445,10.509217333854886,10.517618179321289,209600,0.0,0.0
2015-03-17 00:00:00-04:00,10.584824157739787,10.626826786016318,10.458813869463848,10.50081729888916,152600,0.0,0.0
2015-03-18 00:00:00-04:00,10.467216418356822,10.719236234757814,10.425212982098506,10.702434539794922,228300,0.0,0.0
2015-03-19 00:00:00-04:00,10.50081654097689,10.635226864517598,10.50081654097689,10.55962085723877,226500,0.0,0.0
2015-03-20 00:00:00-04:00,10.74443666495604,10.88724785011834,10.719234926735874,10.82844352722168,321100,0.0,0.0
2015-03-23 00:00:00-04:00,10.9376510089829,11.130865650823157,10.9376510089829,11.030057907104492,378900,0.0,0.0
2015-03-24 00:00:00-04:00,11.626504920221706,11.626504920221706,11.340882564487837,11.408087730407715,588900,0.0,0.0
2015-03-25 00:00:00-04:00,11.52569662337078,11.592901786095496,11.25687517132319,11.290477752685547,331400,0.0,0.0
2015-03-26 00:00:00-04:00,11.172870377205095,11.172870377205095,11.055260928612832,11.10566520690918,169600,0.0,0.0
2015-03-27 00:00:00-04:00,11.114065625274394,11.265277664088638,11.114065625274394,11.223274230957031,164300,0.0,0.0
2015-03-30 00:00:00-04:00,11.206471576721698,11.240074157714844,11.13926641473541,11.240074157714844,287500,0.0,0.0
2015-03-31 00:00:00-04:00,11.004856161885279,11.14766733231629,11.004856161885279,11.046858787536621,215300,0.0,0.0
2015-04-01 00:00:00-04:00,10.996455325864938,11.080461378389458,10.954451899028312,11.030057907104492,255600,0.0,0.0
2015-04-02 00:00:00-04:00,11.080462296174561,11.265276908874512,11.080462296174561,11.265276908874512,245900,0.0,0.0
2015-04-06 00:00:00-04:00,11.198071056401211,11.433289130184443,11.198071056401211,11.332481384277344,177800,0.0,0.0
2015-04-07 00:00:00-04:00,11.340882230056788,11.458491667522779,11.332481384277344,11.332481384277344,352400,0.0,0.0
2015-04-08 00:00:00-04:00,11.584501072221304,11.609702808242515,11.399686472052029,11.525696754455566,318200,0.0,0.0
2015-04-09 00:00:00-04:00,11.466893026640996,11.66010849597342,11.458492981047373,11.651707649230957,299600,0.0,0.0
2015-04-10 00:00:00-04:00,11.56770183936626,11.760916511794285,11.559300992439253,11.718913078308105,314600,0.0,0.0
2015-04-13 00:00:00-04:00,11.702111504074479,11.802919257880973,11.693710657636736,11.769316673278809,263200,0.0,0.0
2015-04-14 00:00:00-04:00,11.870123994381546,11.970931744513276,11.86172314825004,11.903726577758789,241300,0.0,0.0
2015-04-15 00:00:00-04:00,11.912126797197782,12.046537123635481,11.844921633978933,11.996132850646973,212600,0.0,0.0
2015-04-16 00:00:00-04:00,11.962532562424444,12.096942914630512,11.912129080921616,12.0801420211792,210800,0.0,0.0
2015-04-17 00:00:00-04:00,11.92052658549793,11.928927431006889,11.777716217589246,11.912126541137695,204200,0.0,0.0
2015-04-20 00:00:00-04:00,11.96253136083891,12.080140807780294,11.954130514382635,12.012935638427734,298400,0.0,0.0
2015-04-21 00:00:00-04:00,12.038136203938034,12.222950802228038,12.012934468173086,12.189348220825195,270900,0.0,0.0
2015-04-22 00:00:00-04:00,11.98773414635829,12.105342794565784,11.928929021105715,12.096941947937012,881600,0.0,0.0
2015-04-23 00:00:00-04:00,12.357362419548728,13.012613225971597,12.357362419548728,13.004212379455566,970900,0.0,0.0
2015-04-24 00:00:00-04:00,12.869800524184008,12.920204796195524,12.584178185465777,12.609380722045898,707000,0.0,0.0
2015-04-27 00:00:00-04:00,12.432969278048958,12.584180519835796,12.424568430963891,12.49177360534668,284600,0.0,0.0
2015-04-28 00:00:00-04:00,12.189347866059643,12.382562503215382,12.130542749454614,12.348959922790527,483800,0.0,0.0
2015-04-29 00:00:00-04:00,12.58417893503384,12.69338752993979,12.474971141276663,12.567378044128418,417800,0.0,0.0
2015-04-30 00:00:00-04:00,12.642984814196295,12.67658739917085,12.516974519680092,12.525375366210938,325800,0.0,0.0
2015-05-01 00:00:00-04:00,12.500172326684694,12.76059213284446,12.500172326684694,12.668185234069824,312000,0.0,0.0
2015-05-04 00:00:00-04:00,12.693387697922137,12.878202307220226,12.693387697922137,12.844599723815918,265700,0.0,0.0
2015-05-05 00:00:00-04:00,12.777394917361883,12.861401778816251,12.65978547155553,12.701788902282715,261900,0.0,0.0
2015-05-06 00:00:00-04:00,12.735392212235672,12.995812856662674,12.693388779115336,12.86140251159668,724700,0.0,0.0
2015-05-07 00:00:00-04:00,12.743791843156643,12.869801329345764,12.718590106148575,12.810997009277344,470500,0.0,0.0
2015-05-08 00:00:00-04:00,12.836198948499893,12.987410975227968,12.802596364910187,12.85300064086914,232000,0.0,0.0
2015-05-11 00:00:00-04:00,12.592581317725402,12.743793360070374,12.575780424769778,12.710190773010254,582600,0.0,0.0
2015-05-12 00:00:00-04:00,12.676586141309413,12.760592194835711,12.651384405366397,12.693387031555176,251100,0.0,0.0
2015-05-13 00:00:00-04:00,12.75219289010002,12.920205808048554,12.75219289010002,12.85300064086914,122400,0.0,0.0
2015-05-14 00:00:00-04:00,13.00421202965221,13.180625795999376,13.00421202965221,13.13022232055664,176000,0.0,0.0
2015-05-15 00:00:00-04:00,12.626182461358828,12.869801389981363,12.626182461358828,12.836198806762695,405300,0.0,0.0
2015-05-18 00:00:00-04:00,12.886602737357567,13.021013066635811,12.827798418585523,12.96220874786377,239000,0.0,0.0
2015-05-19 00:00:00-04:00,12.920205177582009,12.995811187256704,12.911804331807321,12.945406913757324,416600,0.0,0.0
2015-05-20 00:00:00-04:00,12.911804534487617,13.021013127826595,12.886602797916703,12.987410545349121,366000,0.0,0.0
2015-05-21 00:00:00-04:00,13.02101333090334,13.06301675994246,12.953808164900257,13.029414176940918,167900,0.0,0.0
2015-05-22 00:00:00-04:00,12.76899330650456,12.85300016292942,12.760592460632324,12.760592460632324,130100,0.0,0.0
2015-05-26 00:00:00-04:00,12.777396145000194,12.819399579763022,12.68498922944108,12.75219440460205,171600,0.0,0.0
2015-05-27 00:00:00-04:00,13.063016880829759,13.222628951276963,13.046215188599115,13.079817771911621,787800,0.0,0.0
2015-05-28 00:00:00-04:00,13.491448957467076,13.499849803171237,13.29823431316384,13.390641212463379,459900,0.0,0.0
2015-05-29 00:00:00-04:00,13.567056420601663,13.676265824163146,13.415845187463917,13.466249465942383,511000,0.0,0.0
2015-06-01 00:00:00-04:00,13.508251742219821,13.55025437184279,13.390642296288611,13.42424488067627,176000,0.0,0.0
2015-06-02 00:00:00-04:00,13.558655257199785,13.76027076410526,13.491450088231293,13.651062965393066,276400,0.0,0.0
2015-06-03 00:00:00-04:00,13.567054677006833,13.642660684433475,13.48304782405529,13.558653831481934,172400,0.0,0.0
2015-06-04 00:00:00-04:00,13.541854309327618,13.541854309327618,13.331837168161542,13.441045761108398,240800,0.0,0.0
2015-06-05 00:00:00-04:00,13.105020117507769,13.121821008342522,12.895003774606353,13.021013259887695,457900,0.0,0.0
2015-06-08 00:00:00-04:00,12.995811462402344,13.012612353158676,12.911804605174378,12.995811462402344,214100,0.0,0.0
2015-06-09 00:00:00-04:00,13.012612220768732,13.021013066635811,12.93700621026253,12.96220874786377,192000,0.0,0.0
2015-06-10 00:00:00-04:00,12.886602524631176,12.979009424197368,12.819397361101446,12.937005996704102,376700,0.0,0.0
2015-06-11 00:00:00-04:00,12.794195377452168,12.920205665383754,12.752192749290415,12.836198806762695,243900,0.0,0.0
2015-06-12 00:00:00-04:00,12.97060851674022,12.97060851674022,12.878201617613804,12.91180419921875,135900,0.0,0.0
2015-06-15 00:00:00-04:00,12.592579030992484,12.634582457477293,12.508572979171591,12.609380722045898,242500,0.0,0.0
2015-06-16 00:00:00-04:00,12.516973277656584,12.735390458892697,12.516973277656584,12.693387031555176,119700,0.0,0.0
2015-06-17 00:00:00-04:00,12.735392513018127,12.810998534190611,12.609383011829898,12.710190773010254,253400,0.0,0.0
2015-06-18 00:00:00-04:00,12.651386445942263,12.78579679418274,12.651386445942263,12.710190773010254,137500,0.0,0.0
2015-06-19 00:00:00-04:00,12.73539224394029,12.777395677165192,12.651386178639337,12.659786224365234,143700,0.0,0.0
2015-06-22 00:00:00-04:00,12.642985598890016,12.794196840086117,12.642985598890016,12.710190773010254,91800,0.0,0.0
2015-06-23 00:00:00-04:00,12.68498922944108,12.75219440460205,12.642985794678252,12.75219440460205,96900,0.0,0.0
2015-06-24 00:00:00-04:00,12.726989551367435,12.802595559977927,12.659784388413383,12.668185234069824,132000,0.0,0.0
2015-06-25 00:00:00-04:00,12.659784264673306,12.752191963693463,12.600979947950464,12.617781639099121,114900,0.0,0.0
2015-06-26 00:00:00-04:00,12.668185526312291,12.710188954414734,12.474970878649305,12.50017261505127,180900,0.0,0.0
2015-06-29 00:00:00-04:00,12.441369470504734,12.575779812198023,12.340560913085938,12.340560913085938,251200,0.0,0.0
2015-06-30 00:00:00-04:00,12.424567717993014,12.491772888519304,12.214551359811152,12.315359115600586,358100,0.0,0.0
2015-07-01 00:00:00-04:00,12.500172472453636,12.634582799929145,12.399364726847002,12.483370780944824,372900,0.0,0.0
2015-07-02 00:00:00-04:00,12.500174452431747,12.558978779729468,12.441370125134025,12.49177360534668,174200,0.0,0.0
2015-07-06 00:00:00-04:00,12.323760231461748,12.458170575451017,12.306958537888665,12.365763664245605,99300,0.0,0.0
2015-07-07 00:00:00-04:00,12.17254624586096,12.37416172957925,12.096940239179423,12.35736083984375,211600,0.0,0.0
2015-07-08 00:00:00-04:00,12.088542485558802,12.09694253144393,11.93733044354237,11.979333877563477,254000,0.0,0.0
2015-07-09 00:00:00-04:00,12.088540550934447,12.180947450073178,11.979331960416632,11.996132850646973,343200,0.0,0.0
2015-07-10 00:00:00-04:00,12.516972824914802,12.516972824914802,12.256553026909353,12.348959922790527,291800,0.0,0.0
2015-07-13 00:00:00-04:00,12.441368985964298,12.550576783475274,12.374163016586218,12.432968139648438,106700,0.0,0.0
2015-07-14 00:00:00-04:00,12.35736133449779,12.374162224905813,12.155745842709013,12.231351852416992,216400,0.0,0.0
2015-07-15 00:00:00-04:00,12.004534388511935,12.063338709431871,11.853322361976344,11.92892837524414,222000,0.0,0.0
2015-07-16 00:00:00-04:00,11.895325862327102,12.02133615223789,11.895325862327102,11.937329292297363,171100,0.0,0.0
2015-07-17 00:00:00-04:00,11.92052582554824,11.92052582554824,11.69370861930732,11.75251293182373,175600,0.0,0.0
2015-07-20 00:00:00-04:00,11.794518209742048,11.811319902330206,11.702111303953572,11.727313041687012,197100,0.0,0.0
2015-07-21 00:00:00-04:00,11.727313371342975,11.828121126259246,11.718912524812747,11.802919387817383,322500,0.0,0.0
2015-07-22 00:00:00-04:00,11.508897334069898,11.576102510820611,11.105666273565616,11.1560697555542,944400,0.0,0.0
2015-07-23 00:00:00-04:00,12.516973668399832,12.676586537035307,12.256553852845396,12.29855728149414,1213200,0.0,0.0
2015-07-24 00:00:00-04:00,12.105340409219536,12.155744677911226,11.744112086850336,11.75251293182373,869400,0.0,0.0
2015-07-27 00:00:00-04:00,11.903726037089525,11.920526927440656,11.73571312783448,11.786116600036621,672100,0.0,0.0
2015-07-28 00:00:00-04:00,11.802917606164144,11.903725345863462,11.693709021202707,11.853321075439453,303100,0.0,0.0
2015-07-29 00:00:00-04:00,11.912126797197782,12.113742286854329,11.912126797197782,11.996132850646973,247100,0.0,0.0
2015-07-30 00:00:00-04:00,11.861723208150275,11.945730067591999,11.811319733404268,11.92892837524414,260500,0.0,0.0
2015-07-31 00:00:00-04:00,12.122144227494196,12.18934939678345,12.004534780663596,12.029736518859863,152000,0.0,0.0
2015-08-03 00:00:00-04:00,12.071740791490813,12.113744225511917,11.962532183495487,11.979333877563477,429700,0.0,0.0
2015-08-04 00:00:00-04:00,11.9793316215311,11.99613251128616,11.86172218865082,11.920526504516602,261800,0.0,0.0
2015-08-05 00:00:00-04:00,11.836521340433185,11.895325660705566,11.786117065093446,11.895325660705566,369800,0.0,0.0
2015-08-06 00:00:00-04:00,11.828121372687571,11.920528282998829,11.828121372687571,11.88692569732666,190800,0.0,0.0
2015-08-07 00:00:00-04:00,11.84492205533899,11.928928111776534,11.79451778055745,11.861722946166992,141000,0.0,0.0
2015-08-10 00:00:00-04:00,11.769316303683405,11.954130112617143,11.718912027788614,11.92892837524414,328000,0.0,0.0
2015-08-11 00:00:00-04:00,11.861723711231337,11.903727142733654,11.718912524812747,11.802919387817383,147000,0.0,0.0
2015-08-12 00:00:00-04:00,11.567702725534168,11.702113082067642,11.525699288830229,11.69371223449707,200100,0.0,0.0
2015-08-13 00:00:00-04:00,11.651707762327625,11.67690950165079,11.4332905517966,11.441691398620605,201700,0.0,0.0
2015-08-14 00:00:00-04:00,11.441690455628638,11.475293039006377,11.391286981136423,11.42488956451416,92900,0.0,0.0
2015-08-17 00:00:00-04:00,11.357684185777845,11.492094516780154,11.340882493828174,11.399686813354492,113800,0.0,0.0
2015-08-18 00:00:00-04:00,11.22327405557781,11.265277488053055,11.130867145051344,11.147668838500977,184400,0.0,0.0
2015-08-19 00:00:00-04:00,11.055260370740843,11.298879301057214,11.004856896136786,11.206472396850586,796900,0.0,0.0
2015-08-20 00:00:00-04:00,11.139266298289952,11.17286887893183,10.946050858737621,10.971253395080566,253200,0.0,0.0
2015-08-21 00:00:00-04:00,10.929250111837277,11.030057855080475,10.736034669759604,10.786438941955566,465500,0.0,0.0
2015-08-24 00:00:00-04:00,10.752839074665708,10.786441664227363,10.626828762947804,10.76963996887207,619800,0.0,0.0
2015-08-25 00:00:00-04:00,10.971255276809181,11.063662189136284,10.744437217712402,10.744437217712402,418900,0.0,0.0
2015-08-26 00:00:00-04:00,11.114064009783696,11.290477762374646,11.021657111245096,11.273676872253418,300800,0.0,0.0
2015-08-27 00:00:00-04:00,11.22327431334703,11.357685460584653,11.114065706862695,11.214874267578125,230300,0.0,0.0
2015-08-28 00:00:00-04:00,11.139267159415366,11.231674063036902,11.130866313318288,11.198071479797363,137000,0.0,0.0
2015-08-31 00:00:00-04:00,11.08886255143517,11.25687546259428,11.046859123358203,11.122465133666992,138000,0.0,0.0
2015-09-01 00:00:00-04:00,10.971254146127995,11.072061894954516,10.904048179094877,10.929250717163086,188600,0.0,0.0
2015-09-02 00:00:00-04:00,11.004856374974358,11.088862429052398,10.929250365499998,11.072061538696289,147500,0.0,0.0
2015-09-03 00:00:00-04:00,11.240075924669213,11.340883683495758,11.164469905262093,11.223274230957031,136800,0.0,0.0
2015-09-04 00:00:00-04:00,11.097263397280313,11.189670298130636,11.055259969203348,11.122465133666992,153100,0.0,0.0
2015-09-08 00:00:00-04:00,11.366084240957386,11.475292835283433,11.349283350141176,11.382885932922363,155100,0.0,0.0
2015-09-09 00:00:00-04:00,11.567701436389413,11.634906607166574,11.366085122909105,11.374485969543457,269200,0.0,0.0
2015-09-10 00:00:00-04:00,11.651706352985872,11.895325273372935,11.643305507177999,11.777716636657715,316800,0.0,0.0
2015-09-11 00:00:00-04:00,11.811319649533171,12.130543790387858,11.777717066224847,12.122143745422363,607900,0.0,0.0
2015-09-14 00:00:00-04:00,12.012933930824898,12.063337400100208,11.550897856341498,11.853321075439453,913900,0.0,0.0
2015-09-15 00:00:00-04:00,11.819719253343271,11.853321835397422,11.74411324343424,11.794517517089844,765700,0.0,0.0
2015-09-16 00:00:00-04:00,12.012934418202398,12.088540426331479,11.920526718867421,11.94572925567627,629800,0.0,0.0
2015-09-17 00:00:00-04:00,11.626505910152412,11.79451883925745,11.57610163084648,11.651707649230957,567700,0.0,0.0
2015-09-18 00:00:00-04:00,12.185418156421841,12.272769158620493,11.905896282251588,11.932101249694824,500700,0.531,0.0
2015-09-21 00:00:00-04:00,12.036923691729692,12.089334467229921,11.870957763220828,11.879693031311035,389000,0.0,0.0
2015-09-22 00:00:00-04:00,11.731197059788244,11.774871735102309,11.608905803002175,11.748666763305664,337400,0.0,0.0
2015-09-23 00:00:00-04:00,11.61764088390024,11.70499106616053,11.591435912526254,11.626376152038574,232700,0.0,0.0
2015-09-24 00:00:00-04:00,11.521554666767301,11.521554666767301,11.250768017248694,11.373059272766113,550000,0.0,0.0
2015-09-25 00:00:00-04:00,11.294442907153043,11.338117579624281,11.128476152814812,11.198356628417969,517600,0.0,0.0
2015-09-28 00:00:00-04:00,11.172151544261805,11.224562316949559,11.023655326860968,11.032390594482422,447200,0.0,0.0
2015-09-29 00:00:00-04:00,11.128475156837624,11.137210423766474,10.93630428264836,10.988714218139648,328600,0.0,0.0
2015-09-30 00:00:00-04:00,11.26823705182166,11.477879310700951,11.23329681418194,11.45167350769043,493900,0.0,0.0
2015-10-01 00:00:00-04:00,11.355586442255351,11.416731641140576,11.268235444098583,11.3643217086792,370100,0.0,0.0
2015-10-02 00:00:00-04:00,11.320646787832304,11.442938024889951,11.172150583205482,11.425467491149902,891600,0.0,0.0
2015-10-05 00:00:00-04:00,11.37305890071842,11.573965064237965,11.338117829107023,11.504084587097168,744900,0.0,0.0
2015-10-06 00:00:00-04:00,11.704989276678573,11.844751046401818,11.704989276678573,11.792340278625488,593500,0.0,0.0
2015-10-07 00:00:00-04:00,11.73993005861726,11.757400593038149,11.530288643812167,11.713725090026855,408200,0.0,0.0
2015-10-08 00:00:00-04:00,11.783606208373516,12.028188705444336,11.748665970654969,12.028188705444336,393700,0.0,0.0
2015-10-09 00:00:00-04:00,12.124274180921722,12.272770399853377,12.124274180921722,12.23783016204834,360000,0.0,0.0
2015-10-12 00:00:00-04:00,12.141743190093132,12.17668342590332,12.028188048490717,12.17668342590332,423000,0.0,0.0
2015-10-13 00:00:00-04:00,11.92336773272524,12.307711199155998,11.888427493326171,12.159214973449707,635400,0.0,0.0
2015-10-14 00:00:00-04:00,12.26403524349476,12.47367667222845,12.229095005372479,12.403796195983887,410600,0.0,0.0
2015-10-15 00:00:00-04:00,12.34265050706801,12.386326011280953,12.246565064232298,12.368855476379395,390300,0.0,0.0
2015-10-16 00:00:00-04:00,12.377590968443563,12.473676413022917,12.33391546343805,12.46494197845459,290100,0.0,0.0
2015-10-19 00:00:00-04:00,12.29897604196618,12.421267297486327,12.246566098915421,12.395061492919922,414500,0.0,0.0
2015-10-20 00:00:00-04:00,12.39506091885691,12.438736424737112,12.325180442664982,12.333915710449219,434000,0.0,0.0
2015-10-21 00:00:00-04:00,12.499881799121832,12.499881799121832,12.246564878184259,12.316445350646973,564300,0.0,0.0
2015-10-22 00:00:00-04:00,12.814343557975544,13.417062823954192,12.814343557975544,13.303506851196289,1116200,0.0,0.0
2015-10-23 00:00:00-04:00,13.329713081113091,13.539354499235952,13.329713081113091,13.521883964538574,559600,0.0,0.0
2015-10-26 00:00:00-04:00,13.486944000528599,13.556825307688287,13.303507547706703,13.364653587341309,499700,0.0,0.0
2015-10-27 00:00:00-04:00,13.146277503407488,13.18121774207734,12.989046012872647,13.032721519470215,318900,0.0,0.0
2015-10-28 00:00:00-04:00,13.058925924591943,13.102601429297795,12.892960006358862,13.04145622253418,540500,0.0,0.0
2015-10-29 00:00:00-04:00,12.94537087995644,12.94537087995644,12.814345189422552,12.90169620513916,384000,0.0,0.0
2015-10-30 00:00:00-04:00,12.858019358685606,12.980309768308482,12.823079122644652,12.892959594726562,563300,0.0,0.0
2015-11-02 00:00:00-05:00,13.00651571587316,13.22489240183653,13.00651571587316,13.198686599731445,341700,0.0,0.0
2015-11-03 00:00:00-05:00,13.137541394234804,13.259832638269033,13.137541394234804,13.198686599731445,266900,0.0,0.0
2015-11-04 00:00:00-05:00,13.224892781041452,13.259833018475815,13.137541770935059,13.137541770935059,332100,0.0,0.0
2015-11-05 00:00:00-05:00,13.155012787703388,13.216157997191461,13.093866745174314,13.17248249053955,158400,0.0,0.0
2015-11-06 00:00:00-05:00,13.155012621064282,13.303508008934132,13.155012621064282,13.259833335876465,327200,0.0,0.0
2015-11-09 00:00:00-05:00,13.277303029438563,13.364654041576319,13.137542076450945,13.189952850341797,470900,0.0,0.0
2015-11-10 00:00:00-05:00,13.09386544413298,13.09386544413298,12.858019064512593,12.910429000854492,173700,0.0,0.0
2015-11-11 00:00:00-05:00,13.469474056864042,13.478209324232404,13.18995216540403,13.198686599731445,335600,0.0,0.0
2015-11-12 00:00:00-05:00,12.971576310058222,13.1550127713352,12.945370506275081,13.032721519470215,222100,0.0,0.0
2015-11-13 00:00:00-05:00,13.19868728512278,13.320978535507441,13.163747046875876,13.189952850341797,424000,0.0,0.0
2015-11-16 00:00:00-05:00,13.111335864971645,13.224891836785684,13.07639563003201,13.20742130279541,235600,0.0,0.0
2015-11-17 00:00:00-05:00,13.207422561949878,13.31224327676206,13.172482323679152,13.259833335876465,473300,0.0,0.0
2015-11-18 00:00:00-05:00,13.233627062224539,13.30350753628326,13.120071916659837,13.29477310180664,239200,0.0,0.0
2015-11-19 00:00:00-05:00,13.120072482419308,13.390859122813385,13.120072482419308,13.355918884277344,292700,0.0,0.0
2015-11-20 00:00:00-05:00,13.233627514250578,13.242362782066532,13.006516382322692,13.120072364807129,330000,0.0,0.0
2015-11-23 00:00:00-05:00,13.058924953198357,13.111335721554974,12.919164014968576,12.971574783325195,283000,0.0,0.0
2015-11-24 00:00:00-05:00,12.761933946033823,12.962840941608267,12.744464243354868,12.936635971069336,158100,0.0,0.0
2015-11-25 00:00:00-05:00,12.83181268502986,12.875488185373802,12.77066748437287,12.849283218383789,141900,0.0,0.0
2015-11-27 00:00:00-05:00,12.639643593686145,12.770669280101066,12.613437789970362,12.753199577331543,159500,0.0,0.0
2015-11-30 00:00:00-05:00,13.05019065704258,13.120071964396521,13.01525041988609,13.04145622253418,246000,0.0,0.0
2015-12-01 00:00:00-05:00,13.102602096928718,13.155012871854476,13.023986351060586,13.128807067871094,181500,0.0,0.0
2015-12-02 00:00:00-05:00,13.172482474149627,13.25983348734476,12.989046012872647,13.032721519470215,628200,0.0,0.0
2015-12-03 00:00:00-05:00,13.443270466034452,13.495680409535918,13.303508672934804,13.347184181213379,430300,0.0,0.0
2015-12-04 00:00:00-05:00,13.41706357131355,13.670380499101963,13.408329136800198,13.64417552947998,255900,0.0,0.0
2015-12-07 00:00:00-05:00,13.617970663354882,13.748996345501563,13.609235395734178,13.74026107788086,264300,0.0,0.0
2015-12-08 00:00:00-05:00,13.548089658924715,13.548089658924715,13.382122912782265,13.425798416137695,154100,0.0,0.0
2015-12-09 00:00:00-05:00,13.320978059759096,13.390858533757177,13.17248184425293,13.224892616271973,165300,0.0,0.0
2015-12-10 00:00:00-05:00,13.181217750321473,13.21615798901318,13.050191230446824,13.102602005004883,344500,0.0,0.0
2015-12-11 00:00:00-05:00,12.971575334078945,13.02398527161991,12.823079122644652,12.892959594726562,219900,0.0,0.0
2015-12-14 00:00:00-05:00,12.89295968863143,13.006515664851845,12.82307921604055,12.919164657592773,366600,0.0,0.0
2015-12-15 00:00:00-05:00,12.954106239689146,13.015251451298301,12.88422575983839,12.927901268005371,153000,0.0,0.0
2015-12-16 00:00:00-05:00,12.927899791151999,13.155011741242728,12.927899791151999,13.146276473999023,172700,0.0,0.0
2015-12-17 00:00:00-05:00,13.093866636139444,13.21615788713825,12.98904592087232,13.006516456604004,242000,0.0,0.0
2015-12-18 00:00:00-05:00,12.718258643469687,12.92790006348928,12.63090763527438,12.692052841186523,687200,0.0,0.0
2015-12-21 00:00:00-05:00,12.840549488666769,13.015250677912654,12.735728775119238,12.980310440063477,392700,0.0,0.0
2015-12-22 00:00:00-05:00,12.98031028595994,13.181217275988256,12.971575851382077,13.137541770935059,176000,0.0,0.0
2015-12-23 00:00:00-05:00,13.093866828934258,13.181217842796853,13.058926589997421,13.128807067871094,229500,0.0,0.0
2015-12-24 00:00:00-05:00,13.076396188738162,13.312242576397312,13.076396188738162,13.198686599731445,84400,0.0,0.0
2015-12-28 00:00:00-05:00,13.198687081627735,13.28603809241873,13.181217379294123,13.233627319335938,148200,0.0,0.0
2015-12-29 00:00:00-05:00,13.233627176568522,13.52188434281165,13.233627176568522,13.460739135742188,241100,0.0,0.0
2015-12-30 00:00:00-05:00,13.644175518240347,13.652910785787467,13.530619539250676,13.574295043945312,188600,0.0,0.0
2015-12-31 00:00:00-05:00,13.443270542217917,13.443270542217917,13.163747787475586,13.163747787475586,214300,0.0,0.0
2016-01-04 00:00:00-05:00,13.120072130573421,13.181217338111493,12.744463951603045,12.954105377197266,388300,0.0,0.0
2016-01-05 00:00:00-05:00,13.05892618348437,13.076396718929448,12.892960261961024,12.980310440063477,327300,0.0,0.0
2016-01-06 00:00:00-05:00,12.831813263300724,12.936634802066362,12.761932792817579,12.910429000854492,257000,0.0,0.0
2016-01-07 00:00:00-05:00,12.657113025915132,12.674583561352227,12.307710647583008,12.307710647583008,694900,0.0,0.0
2016-01-08 00:00:00-05:00,12.50861704474764,12.543557283245331,12.01071843789528,12.0369234085083,743100,0.0,0.0
2016-01-11 00:00:00-05:00,12.23782967886936,12.307710151720386,12.089333465800694,12.202889442443848,533700,0.0,0.0
2016-01-12 00:00:00-05:00,12.316444649205167,12.368854584046899,12.185418146019048,12.255298614501953,318000,0.0,0.0
2016-01-13 00:00:00-05:00,12.255299009956403,12.298974512427765,11.86222115379598,11.870956420898438,318100,0.0,0.0
2016-01-14 00:00:00-05:00,12.001982299416564,12.14174324326942,11.853486088312673,11.993247032165527,513700,0.0,0.0
2016-01-15 00:00:00-05:00,11.713726613826445,11.809812899559022,11.573965652442014,11.774871826171875,507000,0.0,0.0
2016-01-19 00:00:00-05:00,12.185418094270227,12.211623061579807,11.9932463902379,12.04565715789795,772700,0.0,0.0
2016-01-20 00:00:00-05:00,12.001982985235275,12.141743937074366,11.687520843597317,11.984513282775879,1168800,0.0,0.0
2016-01-21 00:00:00-05:00,12.95410458335112,13.076395823974051,12.674582699688328,12.866753578186035,1841700,0.0,0.0
2016-01-22 00:00:00-05:00,12.962840894054786,13.286038306319263,12.962840894054786,13.259833335876465,974200,0.0,0.0
2016-01-25 00:00:00-05:00,13.224893189603797,13.382123846395341,13.19868738593771,13.286038398742676,641200,0.0,0.0
2016-01-26 00:00:00-05:00,13.320978579982635,13.548090545866275,13.286038341619074,13.539355278015137,568000,0.0,0.0
2016-01-27 00:00:00-05:00,13.53062011054767,13.810142852570927,13.521884842631724,13.635440826416016,962200,0.0,0.0
2016-01-28 00:00:00-05:00,13.714056863484004,13.801407878420742,13.486944891081293,13.548090934753418,732400,0.0,0.0
2016-01-29 00:00:00-05:00,13.661645832697827,13.871287252197202,13.644175297885738,13.84508228302002,371300,0.0,0.0
2016-02-01 00:00:00-05:00,13.74899837510823,13.880024909637822,13.705322863598365,13.810144424438477,549300,0.0,0.0
2016-02-02 00:00:00-05:00,13.058924662940626,13.163745364283134,12.6134360574543,12.665846824645996,1187100,0.0,0.0
2016-02-03 00:00:00-05:00,13.085131560939798,13.128807067871094,12.910430366255616,13.128807067871094,1091900,0.0,0.0
2016-02-04 00:00:00-05:00,12.87548942441335,13.329713338836001,12.87548942441335,13.29477310180664,1234800,0.0,0.0
2016-02-05 00:00:00-05:00,13.36465397630028,13.452004154970409,13.286038232368476,13.37338924407959,928900,0.0,0.0
2016-02-08 00:00:00-05:00,13.015250004349436,13.067660774931339,12.761933084792277,12.892959594726562,1205700,0.0,0.0
2016-02-09 00:00:00-05:00,12.342650530769982,12.604702723509915,12.342650530769982,12.50861644744873,1326100,0.0,0.0
2016-02-10 00:00:00-05:00,12.456207191368698,12.578497610452573,12.403796416732037,12.499882698059082,725500,0.0,0.0
2016-02-11 00:00:00-05:00,12.325179903508173,12.499881919386757,12.298974934342766,12.48241138458252,814300,0.0,0.0
2016-02-12 00:00:00-05:00,12.246565357455221,12.360120504870421,12.185419316876683,12.351386070251465,773100,0.0,0.0
2016-02-16 00:00:00-05:00,12.534821743537327,12.82307889399551,12.482410973889964,12.796873092651367,554100,0.0,0.0
2016-02-17 00:00:00-05:00,12.840548373010737,13.093865283667977,12.840548373010737,12.997779846191406,601800,0.0,0.0
2016-02-18 00:00:00-05:00,13.146277038553892,13.233627215619315,13.085130998263029,13.137541770935059,637600,0.0,0.0
2016-02-19 00:00:00-05:00,13.032721611409423,13.067661850325763,12.919165626671072,13.058926582336426,312500,0.0,0.0
2016-02-22 00:00:00-05:00,13.111336696847157,13.172481903610773,13.01525041988609,13.04145622253418,456900,0.0,0.0
2016-02-23 00:00:00-05:00,13.137541154346591,13.417063040702605,13.023985179754227,13.329712867736816,970800,0.0,0.0
2016-02-24 00:00:00-05:00,12.892959992317524,13.504414558410645,12.892959992317524,13.504414558410645,762500,0.0,0.0
2016-02-25 00:00:00-05:00,13.294772752295474,13.504414168960299,13.268566950431667,13.495678901672363,687700,0.0,0.0
2016-02-26 00:00:00-05:00,13.408329257374497,13.417063691966392,13.198686999390528,13.277302742004395,617100,0.0,0.0
2016-02-29 00:00:00-05:00,13.504414629702154,13.600500074024861,13.39085865020752,13.39085865020752,530000,0.0,0.0
2016-03-01 00:00:00-05:00,13.486943816740732,13.853816717385113,13.460738847563547,13.84508228302002,629400,0.0,0.0
2016-03-02 00:00:00-05:00,13.521885706220145,13.757732956767288,13.469475761459258,13.748997688293457,546800,0.0,0.0
2016-03-03 00:00:00-05:00,13.949902484582948,14.142074195310482,13.880022013962193,14.133338928222656,698300,0.0,0.0
2016-03-04 00:00:00-05:00,13.906226810825213,14.290570227544206,13.906226810825213,14.150809288024902,754300,0.0,0.0
2016-03-07 00:00:00-05:00,14.177014776232033,14.500213021024303,14.177014776232033,14.465271949768066,732600,0.0,0.0
2016-03-08 00:00:00-05:00,14.089662887539545,14.107133422080677,13.783936030438165,13.818876266479492,466100,0.0,0.0
2016-03-09 00:00:00-05:00,13.897491858829426,14.011048666063743,13.810141686170539,13.976107597351074,321200,0.0,0.0
2016-03-10 00:00:00-05:00,13.888756171860644,14.045987644151586,13.70531973186818,13.827610969543457,646400,0.0,0.0
2016-03-11 00:00:00-05:00,13.932431689734777,13.97610719131582,13.810141284956943,13.897491455078125,884800,0.0,0.0
2016-03-14 00:00:00-04:00,13.932431689734777,13.958636657467041,13.862551220421471,13.897491455078125,449200,0.0,0.0
2016-03-15 00:00:00-04:00,13.82761134472329,13.853816313135821,13.722790638032231,13.76646614074707,349800,0.0,0.0
2016-03-16 00:00:00-04:00,13.722792005837801,14.08966409930365,13.705321469794137,14.05472469329834,807700,0.0,0.0
2016-03-17 00:00:00-04:00,13.984844965146927,14.308041568876133,13.984844965146927,14.238161087036133,418000,0.0,0.0
2016-03-18 00:00:00-04:00,14.133339656658315,14.203220130880725,14.011049243289579,14.037253379821777,784600,0.0,0.0
2016-03-21 00:00:00-04:00,13.923697389673237,14.028518100921955,13.81014224393451,13.96737289428711,540100,0.0,0.0
2016-03-22 00:00:00-04:00,13.810141686170539,14.072193870229057,13.792671151814204,13.976107597351074,454600,0.0,0.0
2016-03-23 00:00:00-04:00,13.888758080915848,13.941168856563827,13.740261855127756,13.757732391357422,308000,0.0,0.0
2016-03-24 00:00:00-04:00,13.670380122063742,13.748995861802383,13.600499649638493,13.705320358276367,290400,0.0,0.0
2016-03-28 00:00:00-04:00,13.757730310224138,13.853815745829394,13.714054809297787,13.775200843811035,167800,0.0,0.0
2016-03-29 00:00:00-04:00,13.460739097883922,13.801407035686294,13.399593890986432,13.783936500549316,465600,0.0,0.0
2016-03-30 00:00:00-04:00,13.87128703706195,13.923696974603473,13.810141832249863,13.818876266479492,234000,0.0,0.0
2016-03-31 00:00:00-04:00,13.958636657467041,14.011048259013378,13.888756188153735,13.897491455078125,290700,0.0,0.0
2016-04-01 00:00:00-04:00,13.714056987202774,13.97610920133603,13.705321719022093,13.923698425292969,619100,0.0,0.0
2016-04-04 00:00:00-04:00,13.99357811742708,14.011048651765588,13.862551609011069,13.906227111816406,325200,0.0,0.0
2016-04-05 00:00:00-04:00,13.853818718175608,14.028519926322382,13.801408772252113,13.941169738769531,1426300,0.0,0.0
2016-04-06 00:00:00-04:00,14.045988348564805,14.395390712244149,14.045988348564805,14.351716041564941,496100,0.0,0.0
2016-04-07 00:00:00-04:00,14.194484131755587,14.238158801112867,14.089662592783535,14.133338928222656,250300,0.0,0.0
2016-04-08 00:00:00-04:00,14.150810437473906,14.351716596091983,14.11586936671496,14.273100852966309,438000,0.0,0.0
2016-04-11 00:00:00-04:00,14.18574959580464,14.238159534950967,14.011049243289579,14.037253379821777,417100,0.0,0.0
2016-04-12 00:00:00-04:00,14.037254157254676,14.115869903369147,13.90622846909123,14.05472469329834,524500,0.0,0.0
2016-04-13 00:00:00-04:00,14.29057118534543,14.37792052883807,14.255630115082827,14.31677532196045,468000,0.0,0.0
2016-04-14 00:00:00-04:00,14.42159707152792,14.45653647620491,14.255630317586835,14.273100852966309,505800,0.0,0.0
2016-04-15 00:00:00-04:00,14.185748673971371,14.255629143652735,14.054723001579042,14.080928802490234,615800,0.0,0.0
2016-04-18 00:00:00-04:00,14.15080966509807,14.325510011111486,14.08092919347633,14.255629539489746,628300,0.0,0.0
2016-04-19 00:00:00-04:00,14.404126769251771,14.517683584974092,14.299306887442533,14.439067840576172,682600,0.0,0.0
2016-04-20 00:00:00-04:00,14.37791879204717,14.404124591578574,14.194483193572541,14.203218460083008,451400,0.0,0.0
2016-04-21 00:00:00-04:00,13.722790866380423,13.757731102525517,13.52188388376543,13.565559387207031,1095900,0.0,0.0
2016-04-22 00:00:00-04:00,13.583030801721197,13.74899672590158,13.583030801721197,13.679116249084473,378700,0.0,0.0
2016-04-25 00:00:00-04:00,13.65291222652767,13.670381930424458,13.565561207920572,13.609236717224121,285200,0.0,0.0
2016-04-26 00:00:00-04:00,13.626705451578667,13.757731129115776,13.57429468073926,13.705320358276367,396400,0.0,0.0
2016-04-27 00:00:00-04:00,13.810141845625735,13.923696988089329,13.775201609550566,13.88875675201416,504700,0.0,0.0
2016-04-28 00:00:00-04:00,13.46947491084863,13.565560358869732,12.945370498091165,12.962841033935547,1496200,0.0,0.0
2016-04-29 00:00:00-04:00,13.530619516610633,13.530619516610633,13.312242826543807,13.434534072875977,1078100,0.0,0.0
2016-05-02 00:00:00-04:00,13.609236067685524,13.679116546019541,13.548090857403512,13.661646842956543,843600,0.0,0.0
2016-05-03 00:00:00-04:00,13.61797101368875,13.63544071633861,13.460739524635043,13.469474792480469,504000,0.0,0.0
2016-05-04 00:00:00-04:00,13.390858072116961,13.399593339325818,13.294772631942314,13.329712867736816,384800,0.0,0.0
2016-05-05 00:00:00-04:00,13.320979209462646,13.347184181213379,13.146278009389375,13.347184181213379,468300,0.0,0.0
2016-05-06 00:00:00-04:00,13.146276661603165,13.198686599731445,13.0327206849373,13.198686599731445,387800,0.0,0.0
2016-05-09 00:00:00-04:00,13.320978071318422,13.390858545377142,13.27730256677148,13.29477310180664,449400,0.0,0.0
2016-05-10 00:00:00-04:00,13.21615649073324,13.294772227137377,13.181216256002616,13.251096725463867,218900,0.0,0.0
2016-05-11 00:00:00-04:00,13.251097167951198,13.286037403848566,13.076395988464355,13.076395988464355,323000,0.0,0.0
2016-05-12 00:00:00-04:00,13.102603219342308,13.102603219342308,12.796875477674556,12.831815719604492,559500,0.0,0.0
2016-05-13 00:00:00-04:00,12.901697036505443,12.936637278435379,12.823081283902816,12.831815719604492,250200,0.0,0.0
2016-05-16 00:00:00-04:00,12.770669771820653,12.997781747856127,12.770669771820653,12.927901268005371,135200,0.0,0.0
2016-05-17 00:00:00-04:00,12.779404732011866,12.962841195458582,12.753199760959765,12.805609703063965,482700,0.0,0.0
2016-05-18 00:00:00-04:00,12.753199364068577,12.875489780533258,12.674583620317861,12.726993560791016,248000,0.0,0.0
2016-05-19 00:00:00-04:00,12.648377324868749,12.65711259228803,12.543556614960224,12.622172355651855,268400,0.0,0.0
2016-05-20 00:00:00-04:00,12.683320045471191,12.735729990726922,12.648378971245956,12.683320045471191,228300,0.0,0.0
2016-05-23 00:00:00-04:00,12.936635286102472,13.023985460954233,12.884224514758657,12.945369720458984,352900,0.0,0.0
2016-05-24 00:00:00-04:00,13.11133736492318,13.233627784681604,13.067661857991883,13.128807067871094,691100,0.0,0.0
2016-05-25 00:00:00-04:00,13.382122980440188,13.408328782410504,13.303507240611133,13.31224250793457,525800,0.0,0.0
2016-05-26 00:00:00-04:00,13.469474392399263,13.504414629702154,13.355918412904629,13.39085865020752,517100,0.0,0.0
2016-05-27 00:00:00-04:00,13.34718275718241,13.425798497088008,13.338448322891411,13.382122993469238,288200,0.0,0.0
2016-05-31 00:00:00-04:00,13.478209268038722,13.539354473280435,13.364653291846295,13.382122993469238,371800,0.0,0.0
2016-06-01 00:00:00-04:00,13.382123382621554,13.4607391248133,13.320978175601738,13.39085865020752,435200,0.0,0.0
2016-06-02 00:00:00-04:00,13.46947430996503,13.530619516610633,13.364653598697869,13.434534072875977,268500,0.0,0.0
2016-06-03 00:00:00-04:00,13.583030311492433,13.635440250693227,13.5131498371974,13.574295043945312,430800,0.0,0.0
2016-06-06 00:00:00-04:00,13.687851821249293,13.801407806861873,13.687851821249293,13.731527328491211,366200,0.0,0.0
2016-06-07 00:00:00-04:00,13.949903074965496,13.958637509382056,13.792671592894047,13.801406860351562,631500,0.0,0.0
2016-06-08 00:00:00-04:00,13.90622918865822,13.949904697986327,13.722792715913014,13.748997688293457,302800,0.0,0.0
2016-06-09 00:00:00-04:00,13.635439885851119,13.757731129115776,13.556824979153419,13.705320358276367,296600,0.0,0.0
2016-06-10 00:00:00-04:00,13.478209186772402,13.530619124366167,13.399593447340813,13.425798416137695,206500,0.0,0.0
2016-06-13 00:00:00-04:00,13.259833503843371,13.2947737425567,13.146277519764807,13.17248249053955,351600,0.0,0.0
2016-06-14 00:00:00-04:00,13.20742173240148,13.460738652213854,13.20742173240148,13.425798416137695,437100,0.0,0.0
2016-06-15 00:00:00-04:00,14.107135589853925,14.159545535449023,13.976109892825116,13.984845161437988,793000,0.0,0.0
2016-06-16 00:00:00-04:00,13.81014260971005,13.862552550202059,13.661646389914385,13.836347579956055,463800,0.0,0.0
2016-06-17 00:00:00-04:00,13.923696627884457,14.072193668663491,13.871286691648013,14.019782066345215,453900,0.0,0.0
2016-06-20 00:00:00-04:00,14.246895790100098,14.351717341741026,14.229426919894976,14.246895790100098,263200,0.0,0.0
2016-06-21 00:00:00-04:00,14.238159607274078,14.369186954928338,14.185749667861533,14.290571212768555,247300,0.0,0.0
2016-06-22 00:00:00-04:00,14.342981551564558,14.404126760262116,14.33424628373891,14.369187355041504,301200,0.0,0.0
2016-06-23 00:00:00-04:00,14.57009390337061,14.613768577575684,14.43906821467337,14.613768577575684,493500,0.0,0.0
2016-06-24 00:00:00-04:00,13.775202828509574,14.028518937689627,13.661646842956543,13.661646842956543,1004300,0.0,0.0
2016-06-27 00:00:00-04:00,13.146276945255241,13.181217182441634,12.93663552213688,13.111336708068848,750600,0.0,0.0
2016-06-28 00:00:00-04:00,13.460739358783568,13.626706113637804,13.41706385313556,13.556825637817383,488400,0.0,0.0
2016-06-29 00:00:00-04:00,13.722791598168723,13.836347579956055,13.714056330406393,13.836347579956055,363100,0.0,0.0
2016-06-30 00:00:00-04:00,14.080929778186835,14.229425994809569,14.028518172732742,14.220690727233887,500300,0.0,0.0
2016-07-01 00:00:00-04:00,14.203219790178574,14.246894460739204,14.124604050303931,14.142074584960938,311700,0.0,0.0
2016-07-05 00:00:00-04:00,13.827612777990616,13.862553017175948,13.652911582063963,13.731527328491211,273200,0.0,0.0
2016-07-06 00:00:00-04:00,13.469474901218051,13.635440826416016,13.382123888140596,13.635440826416016,595900,0.0,0.0
2016-07-07 00:00:00-04:00,13.679116063734238,13.775202342836552,13.583030617672907,13.62670612335205,472900,0.0,0.0
2016-07-08 00:00:00-04:00,13.757731074992511,13.88875675201416,13.6965858701212,13.88875675201416,371100,0.0,0.0
2016-07-11 00:00:00-04:00,14.019781933697452,14.115868204290008,13.984842531897678,14.080928802490234,286700,0.0,0.0
2016-07-12 00:00:00-04:00,14.412862980252475,14.474008192989503,14.290572554778421,14.299307823181152,376100,0.0,0.0
2016-07-13 00:00:00-04:00,14.238159219308315,14.325510226670344,14.21195508335703,14.281835556030273,321300,0.0,0.0
2016-07-14 00:00:00-04:00,14.290570796647945,14.35171600186244,14.255629727335725,14.308039665222168,403800,0.0,0.0
2016-07-15 00:00:00-04:00,14.072194125275594,14.25562974109615,14.072194125275594,14.211955070495605,350900,0.0,0.0
2016-07-18 00:00:00-04:00,14.561358229640739,14.587564033082916,14.447803080221927,14.465271949768066,316200,0.0,0.0
2016-07-19 00:00:00-04:00,14.517684725535032,14.596298810027172,14.456537845913413,14.49147891998291,242000,0.0,0.0
2016-07-20 00:00:00-04:00,14.5526234030536,14.70985489630987,14.5526234030536,14.657444953918457,345300,0.0,0.0
2016-07-21 00:00:00-04:00,14.55262201612121,14.596296686271318,14.508947345971102,14.535151481628418,277400,0.0,0.0
2016-07-22 00:00:00-04:00,14.701118105923713,14.753528042888057,14.666178703308105,14.666178703308105,217300,0.0,0.0
2016-07-25 00:00:00-04:00,14.936967279414738,14.989377223249294,14.87582206726074,14.875822067260742,502000,0.0,0.0
2016-07-26 00:00:00-04:00,14.893289163192424,14.980640169896336,14.81467342376709,14.81467342376709,226100,0.0,0.0
2016-07-27 00:00:00-04:00,15.059257000739843,15.583361412865859,15.050521732828175,15.55715560913086,2325800,0.0,0.0
2016-07-28 00:00:00-04:00,17.243023351597092,17.66230619919097,17.10326240239913,17.531280517578125,2451600,0.0,0.0
2016-07-29 00:00:00-04:00,17.531281647746678,17.56622272033964,17.25175973133115,17.513811111450195,1465700,0.0,0.0
2016-08-01 00:00:00-04:00,17.129469499988197,17.39152088302261,16.762596564090778,17.33037567138672,587700,0.0,0.0
2016-08-02 00:00:00-04:00,17.566221977653168,17.601161382686875,17.36531415090195,17.540016174316406,806600,0.0,0.0
2016-08-03 00:00:00-04:00,17.62736893678084,17.906890869140625,17.61863366813433,17.906890869140625,545800,0.0,0.0
2016-08-04 00:00:00-04:00,17.854480364308372,18.011711862858267,17.854480364308372,17.985506057739258,356600,0.0,0.0
2016-08-05 00:00:00-04:00,17.662306665203225,17.889418630162645,17.60989672439166,17.86321449279785,393800,0.0,0.0
2016-08-08 00:00:00-04:00,18.064121645298005,18.238822012947846,17.96803536013725,18.212617874145508,748700,0.0,0.0
2016-08-09 00:00:00-04:00,18.037913148268835,18.19514462194446,18.01170901337745,18.055383682250977,763400,0.0,0.0
2016-08-10 00:00:00-04:00,18.21261622315193,18.754189479678914,18.19514568814605,18.684309005737305,1060900,0.0,0.0
2016-08-11 00:00:00-04:00,18.806603965340557,18.850278643463074,18.684311867649583,18.754192352294922,401200,0.0,0.0
2016-08-12 00:00:00-04:00,18.99877336917749,19.05991858011436,18.88521821544931,19.042448043823242,322900,0.0,0.0
2016-08-15 00:00:00-04:00,19.04244578763675,19.295763535598248,19.04244578763675,19.0773868560791,437600,0.0,0.0
2016-08-16 00:00:00-04:00,19.147267326881952,19.225883064795394,19.0773868560791,19.0773868560791,330100,0.0,0.0
2016-08-17 00:00:00-04:00,18.99003791809082,19.086124200684278,18.86774749739517,18.99003791809082,503900,0.0,0.0
2016-08-18 00:00:00-04:00,19.42679215306657,19.58402365271252,19.42679215306657,19.566553115844727,365300,0.0,0.0
2016-08-19 00:00:00-04:00,19.48793274779427,19.514138546885743,19.339436551772675,19.409317016601562,228400,0.0,0.0
2016-08-22 00:00:00-04:00,19.2520891247101,19.383114800965078,19.217148055798443,19.313234329223633,314400,0.0,0.0
2016-08-23 00:00:00-04:00,18.771660282568188,19.06865271757877,18.762925014940592,19.059917449951172,736900,0.0,0.0
2016-08-24 00:00:00-04:00,18.893952399660066,18.90268766807477,18.727987298026974,18.867748260498047,521200,0.0,0.0
2016-08-25 00:00:00-04:00,18.640634357264698,18.82406997680664,18.588224418264417,18.82406997680664,768400,0.0,0.0
2016-08-26 00:00:00-04:00,18.885216872321113,19.156003501246758,18.876481604796812,18.963830947875977,602800,0.0,0.0
2016-08-29 00:00:00-04:00,18.710517146106906,18.972568539610517,18.710517146106906,18.876483917236328,338300,0.0,0.0
2016-08-30 00:00:00-04:00,18.81533678205898,18.876481989894586,18.72798577111585,18.73672103881836,398800,0.0,0.0
2016-08-31 00:00:00-04:00,18.509610134750194,18.579490614282456,18.317437566474933,18.396053314208984,505900,0.0,0.0
2016-09-01 00:00:00-04:00,18.422260109129223,18.631901558995583,18.378585431854535,18.509611129760742,316700,0.0,0.0
2016-09-02 00:00:00-04:00,18.78039530532006,18.859011046861443,18.70177956377868,18.82406997680664,292800,0.0,0.0
2016-09-06 00:00:00-04:00,18.61443138300425,18.76292762113586,18.55328616719985,18.754192352294922,263000,0.0,0.0
2016-09-07 00:00:00-04:00,19.033714659118804,19.15600508238906,18.998773586137553,19.138534545898438,379700,0.0,0.0
2016-09-08 00:00:00-04:00,19.138531859111247,19.28702806627061,19.094857190098068,19.121061325073242,347600,0.0,0.0
2016-09-09 00:00:00-04:00,18.727988388965915,18.78039833642502,18.509611664123764,18.527080535888672,524300,0.0,0.0
2016-09-12 00:00:00-04:00,18.51834492596453,18.96383193020676,18.49213912203416,18.9376277923584,433600,0.0,0.0
2016-09-13 00:00:00-04:00,18.83280482861111,18.876481165215512,18.55328293867046,18.675573348999023,411800,0.0,0.0
2016-09-14 00:00:00-04:00,18.850274909449368,19.35690873929051,18.850274909449368,19.0773868560791,1682700,0.0,0.0
2016-09-15 00:00:00-04:00,18.911420525378205,19.287028688911843,18.893949990776203,19.22588348388672,1162700,0.0,0.0
2016-09-16 00:00:00-04:00,19.14726713651537,19.225882873647194,18.928890459167377,19.02497673034668,531800,0.0,0.0
2016-09-19 00:00:00-04:00,19.01624411130933,19.156005070987025,18.963832501868648,18.9987735748291,859700,0.0,0.0
2016-09-20 00:00:00-04:00,19.016243332882684,19.042447470448305,18.911421784374237,18.98130226135254,349200,0.0,0.0
2016-09-21 00:00:00-04:00,18.998773800929975,19.260825186923764,18.955099125291703,19.234621047973633,476000,0.0,0.0
2016-09-22 00:00:00-04:00,18.832802793124298,18.99876952211925,18.81533392645249,18.90268325805664,236800,0.0,0.0
2016-09-23 00:00:00-04:00,19.247252253764806,19.471579195130463,19.193412555572355,19.301090240478516,489100,0.574,0.0
2016-09-26 00:00:00-04:00,19.498501691782465,19.74974853841244,19.417743837918515,19.597206115722656,367000,0.0,0.0
2016-09-27 00:00:00-04:00,19.381850607781505,19.740773418550262,19.372877323577413,19.686935424804688,337100,0.0,0.0
2016-09-28 00:00:00-04:00,20.000989968747295,20.13558578491211,19.956123555706583,20.13558578491211,467000,0.0,0.0
2016-09-29 00:00:00-04:00,20.171477898765882,20.216344313352227,19.947150960270324,20.054828643798828,411500,0.0,0.0
2016-09-30 00:00:00-04:00,20.054829335660628,20.21634501078608,20.054829335660628,20.153532028198242,271300,0.0,0.0
2016-10-03 00:00:00-04:00,20.745758217782203,21.284141557891424,20.745758217782203,21.10468101501465,1145000,0.0,0.0
2016-10-04 00:00:00-04:00,20.943165941599112,21.095708348824154,20.853434811793978,20.934192657470703,560000,0.0,0.0
2016-10-05 00:00:00-04:00,20.988029156287688,21.095706846682337,20.925217883340324,21.0059757232666,404800,0.0,0.0
2016-10-06 00:00:00-04:00,21.13159911891155,21.17646553816301,20.862407449318354,20.97008514404297,416300,0.0,0.0
2016-10-07 00:00:00-04:00,20.575268945432352,20.763702769410287,20.48553781957096,20.700891494750977,479800,0.0,0.0
2016-10-10 00:00:00-04:00,20.682945106708935,20.98802991039697,20.656026966752215,20.880353927612305,307400,0.0,0.0
2016-10-11 00:00:00-04:00,20.6739739353619,20.6739739353619,20.359915841770622,20.39580726623535,308000,0.0,0.0
2016-10-12 00:00:00-04:00,20.04585753831337,20.10866881407825,19.965099694764547,20.081748962402344,378500,0.0,0.0
2016-10-13 00:00:00-04:00,19.848448022143533,19.848448022143533,19.615147803657404,19.74077033996582,469200,0.0,0.0
2016-10-14 00:00:00-04:00,19.893315117335504,19.965099676928226,19.758719282034015,19.76769256591797,292900,0.0,0.0
2016-10-17 00:00:00-04:00,19.597201238048,19.857419593469537,19.597201238048,19.74077033996582,281900,0.0,0.0
2016-10-18 00:00:00-04:00,19.767693654066,19.78563851134281,19.62412452697754,19.62412452697754,242500,0.0,0.0
2016-10-19 00:00:00-04:00,19.41774075166001,19.62412285177611,19.35492947785553,19.51644515991211,204500,0.0,0.0
2016-10-20 00:00:00-04:00,19.480552258470308,19.507472109628008,19.34595642563955,19.408767700195312,188400,0.0,0.0
2016-10-21 00:00:00-04:00,19.040870535086846,19.32801046322808,18.96908598092123,19.238279342651367,318900,0.0,0.0
2016-10-24 00:00:00-04:00,19.25622526182068,19.31006496402954,19.193413987389214,19.274171829223633,385300,0.0,0.0
2016-10-25 00:00:00-04:00,19.148547065501482,19.301089447824694,19.013951248505396,19.292116165161133,557100,0.0,0.0
2016-10-26 00:00:00-04:00,22.172474973047994,23.21335359826358,22.11863698412473,22.630102157592773,4408000,0.0,0.0
2016-10-27 00:00:00-04:00,21.8853377025216,21.957122261369356,21.607172750921404,21.6610107421875,1505800,0.0,0.0
2016-10-28 00:00:00-04:00,21.634094182070864,21.885339300645132,21.634094182070864,21.678958892822266,724200,0.0,0.0
2016-10-31 00:00:00-04:00,21.62511640347687,21.822523485828363,21.607169838314373,21.75971221923828,482200,0.0,0.0
2016-11-01 00:00:00-04:00,21.78663702902191,22.073775291104727,21.750743890522035,21.885339736938477,378600,0.0,0.0
2016-11-02 00:00:00-04:00,21.894311959836372,22.037881083915643,21.795609256706225,21.84944725036621,276000,0.0,0.0
2016-11-03 00:00:00-04:00,21.750743400631873,21.83150124895864,21.705878689996556,21.72382354736328,383300,0.0,0.0
2016-11-04 00:00:00-04:00,21.678955499296695,21.72382020302518,21.445655274655344,21.571279525756836,354200,0.0,0.0
2016-11-07 00:00:00-05:00,22.23528629521471,22.405773532644396,22.190419881565834,22.34296226501465,430500,0.0,0.0
2016-11-08 00:00:00-05:00,22.28912428011468,22.441666663563495,22.244259577944486,22.34296226501465,308900,0.0,0.0
2016-11-09 00:00:00-05:00,22.26220432505595,22.33398887507087,21.94814627693617,22.07377052307129,593000,0.0,0.0
2016-11-10 00:00:00-05:00,21.81355249159576,21.921230182388,21.454629708086348,21.696903228759766,559200,0.0,0.0
2016-11-11 00:00:00-05:00,21.472575854687076,21.822525347821703,21.40976458273766,21.80457878112793,387100,0.0,0.0
2016-11-14 00:00:00-05:00,21.24824995668262,21.66998402597833,21.194411965416524,21.6610107421875,446400,0.0,0.0
2016-11-15 00:00:00-05:00,21.86739474325412,22.271182279993763,21.84944817411573,22.217344284057617,446000,0.0,0.0
2016-11-16 00:00:00-05:00,22.172475300774092,22.531399796177865,22.163503728719952,22.432695388793945,712000,0.0,0.0
2016-11-17 00:00:00-05:00,22.57626468722945,22.648049244602245,22.450642139696775,22.612157821655273,314400,0.0,0.0
2016-11-18 00:00:00-05:00,22.665997256527078,22.70188868176174,22.47756171173849,22.58523941040039,268500,0.0,0.0
2016-11-21 00:00:00-05:00,22.45961709361498,22.674970781749124,22.423723956519805,22.477561950683594,346500,0.0,0.0
2016-11-22 00:00:00-05:00,21.98404401969561,22.23529085319601,21.88533960091348,22.217344284057617,646400,0.0,0.0
2016-11-23 00:00:00-05:00,21.966098380368997,22.091722658176316,21.840475814040783,21.89431381225586,487000,0.0,0.0
2016-11-25 00:00:00-05:00,21.91225712430761,22.109664229399087,21.9032838406927,22.010961532592773,324600,0.0,0.0
2016-11-28 00:00:00-05:00,21.777664530876677,22.01096480511415,21.678960107916453,21.89431381225586,434400,0.0,0.0
2016-11-29 00:00:00-05:00,21.84047502529268,22.046855437229823,21.7327973212721,21.885339736938477,568500,0.0,0.0
2016-11-30 00:00:00-05:00,22.163503785980986,22.217341775839113,21.948148403590803,21.966094970703125,407800,0.0,0.0
2016-12-01 00:00:00-05:00,21.70587737555207,21.993015613779445,21.56230825643838,21.975069046020508,980200,0.0,0.0
2016-12-02 00:00:00-05:00,21.58922676887783,21.97506942495384,21.553335344219953,21.91225814819336,559800,0.0,0.0
2016-12-05 00:00:00-05:00,21.73279413668739,22.1724747500086,21.73279413668739,22.13658332824707,312100,0.0,0.0
2016-12-06 00:00:00-05:00,21.616146212865893,21.903284450623424,21.580253077406752,21.840473175048828,365200,0.0,0.0
2016-12-07 00:00:00-05:00,21.661008023927913,21.95711950595047,21.589223474088463,21.93917465209961,425400,0.0,0.0
2016-12-08 00:00:00-05:00,21.66101167433265,21.84047393491434,21.65203839015567,21.71485137939453,337600,0.0,0.0
2016-12-09 00:00:00-05:00,21.544361871267053,21.61614643143227,21.382846183025592,21.418739318847656,244800,0.0,0.0
2016-12-12 00:00:00-05:00,21.27517032435605,21.481552450198198,21.167494330548816,21.463605880737305,662800,0.0,0.0
2016-12-13 00:00:00-05:00,21.3469556339669,21.90328557018866,21.293115928026225,21.831501007080078,409200,0.0,0.0
2016-12-14 00:00:00-05:00,21.768687366254238,21.867391771623105,21.589225122216085,21.625118255615234,470200,0.0,0.0
2016-12-15 00:00:00-05:00,21.81355337680237,21.930204355850965,21.71485067700614,21.795608520507812,351600,0.0,0.0
2016-12-16 00:00:00-05:00,21.72382090306641,22.23528778403815,21.7148493312146,22.091718673706055,557600,0.0,0.0
2016-12-19 00:00:00-05:00,21.849443909413267,22.199393381911577,21.804577495324573,22.055824279785156,350600,0.0,0.0
2016-12-20 00:00:00-05:00,21.984039728721946,22.073770845420633,21.930201743294216,22.055824279785156,188900,0.0,0.0
2016-12-21 00:00:00-05:00,21.885338350286254,22.181449878232453,21.813553789313808,21.867393493652344,288800,0.0,0.0
2016-12-22 00:00:00-05:00,21.993016047484385,22.02890747223114,21.804580505257388,21.867393493652344,317500,0.0,0.0
2016-12-23 00:00:00-05:00,21.69690238676472,21.81355164507389,21.678955820415993,21.7327938079834,193400,0.0,0.0
2016-12-27 00:00:00-05:00,21.930203962098,22.154530920801804,21.912257394646765,22.037879943847656,272600,0.0,0.0
2016-12-28 00:00:00-05:00,22.07377233675028,22.199394881728427,21.957121363717306,21.984041213989258,240700,0.0,0.0
2016-12-29 00:00:00-05:00,22.262209729051115,22.477563431371472,22.208371731340797,22.271183013916016,444000,0.0,0.0
2016-12-30 00:00:00-05:00,22.34296572260766,22.46858998878629,22.181450031434373,22.226316452026367,241800,0.0,0.0
2017-01-03 00:00:00-05:00,22.28912539263636,22.441667783699057,22.190420989160863,22.3339900970459,586100,0.0,0.0
2017-01-04 00:00:00-05:00,22.701885644189883,22.85442803185428,22.701885644189883,22.773670196533203,496100,0.0,0.0
2017-01-05 00:00:00-05:00,22.764698868630592,22.9710792448912,22.746752302483042,22.908267974853516,221100,0.0,0.0
2017-01-06 00:00:00-05:00,22.54934442047286,22.73777994977491,22.495506431306055,22.540372848510742,413800,0.0,0.0
2017-01-09 00:00:00-05:00,22.369886911183304,22.791621021065808,22.342967057220104,22.665998458862305,385400,0.0,0.0
2017-01-10 00:00:00-05:00,22.692915610539714,22.773671739854727,22.585237918988287,22.65702247619629,493800,0.0,0.0
2017-01-11 00:00:00-05:00,22.935186671068486,23.20438003540039,22.88134868279362,23.20438003540039,591900,0.0,0.0
2017-01-12 00:00:00-05:00,22.93518442101011,22.971077550657913,22.71983077755915,22.800588607788086,275100,0.0,0.0
2017-01-13 00:00:00-05:00,22.692914315519133,23.033890514928885,22.665994466297803,22.908267974853516,365700,0.0,0.0
2017-01-17 00:00:00-05:00,22.971083339498737,23.01594805138603,22.827514207684544,22.935190200805664,439300,0.0,0.0
2017-01-18 00:00:00-05:00,22.648046705283065,23.04286258230575,22.621126857481975,23.006969451904297,555100,0.0,0.0
2017-01-19 00:00:00-05:00,22.719834956533298,22.87237736263712,22.683943531762424,22.737781524658203,291100,0.0,0.0
2017-01-20 00:00:00-05:00,22.65702238377933,22.77367164696196,22.504479986399684,22.567291259765625,350700,0.0,0.0
2017-01-23 00:00:00-05:00,22.468587132683133,22.809563328444227,22.468587132683133,22.773670196533203,718100,0.0,0.0
2017-01-24 00:00:00-05:00,22.450644434520992,23.105678801437858,22.423724580949976,22.998001098632812,1176800,0.0,0.0
2017-01-25 00:00:00-05:00,26.829503578686854,26.829503578686854,25.75273521744108,26.021926879882812,2566600,0.0,0.0
2017-01-26 00:00:00-05:00,26.030898997820966,26.219332810796267,25.806572052005354,26.075763702392578,1116300,0.0,0.0
2017-01-27 00:00:00-05:00,26.26420100207208,26.39879683636317,26.138576740118694,26.273174285888672,905900,0.0,0.0
2017-01-30 00:00:00-05:00,25.896303824050822,25.96808838005841,25.65403030572065,25.860410690307617,382400,0.0,0.0
2017-01-31 00:00:00-05:00,26.003981687444305,26.021928255616917,25.573274320175244,25.72581672668457,448700,0.0,0.0
2017-02-01 00:00:00-05:00,25.53738021850586,25.81554688022971,25.438677520245378,25.53738021850586,389500,0.0,0.0
2017-02-02 00:00:00-05:00,26.102685371694758,26.156523363229603,25.78862728336351,25.986034393310547,616200,0.0,0.0
2017-02-03 00:00:00-05:00,26.057822009347635,26.192417850873316,26.021928872151996,26.11166000366211,316500,0.0,0.0
2017-02-06 00:00:00-05:00,25.743761106697367,25.896303500240943,25.698894690079378,25.87835693359375,251900,0.0,0.0
2017-02-07 00:00:00-05:00,26.147550293645818,26.3987971086653,26.039874309693833,26.300092697143555,410300,0.0,0.0
2017-02-08 00:00:00-05:00,26.066791395513196,26.27317349411746,25.959115415916816,26.26420021057129,350300,0.0,0.0
2017-02-09 00:00:00-05:00,26.04884376077724,26.25522412588417,25.995004065244306,26.16549301147461,361500,0.0,0.0
2017-02-10 00:00:00-05:00,26.452632208906227,26.470578774762654,26.30008982208404,26.35392951965332,207000,0.0,0.0
2017-02-13 00:00:00-05:00,26.479552057690867,26.551336609637854,26.318036387940467,26.35392951965332,290700,0.0,0.0
2017-02-14 00:00:00-05:00,26.62312307677305,26.65901449958911,26.398796121866464,26.53339195251465,242500,0.0,0.0
2017-02-15 00:00:00-05:00,26.470579939333255,26.578257627730366,26.434686806041288,26.47955322265625,191500,0.0,0.0
2017-02-16 00:00:00-05:00,26.51544506194369,26.614149468571867,26.42571565025861,26.55133819580078,217700,0.0,0.0
2017-02-17 00:00:00-05:00,26.255228130935784,26.371877399427188,26.2013901386689,26.344959259033203,188200,0.0,0.0
2017-02-21 00:00:00-05:00,26.380850305373187,26.443661580697682,26.282147606211364,26.40777015686035,204600,0.0,0.0
2017-02-22 00:00:00-05:00,26.102685961697553,26.30009307610661,26.075766109582208,26.237281799316406,234600,0.0,0.0
2017-02-23 00:00:00-05:00,26.264201672416107,26.30906638116526,26.039874705712474,26.05782127380371,190600,0.0,0.0
2017-02-24 00:00:00-05:00,25.645058945778015,26.111659450563867,25.591220952603937,25.99500846862793,227000,0.0,0.0
2017-02-27 00:00:00-05:00,25.959114171456463,26.15652126557217,25.905276184239224,26.048845291137695,204200,0.0,0.0
2017-02-28 00:00:00-05:00,26.05781870473412,26.111656692220944,25.824518476986203,25.851436614990234,250000,0.0,0.0
2017-03-01 00:00:00-05:00,25.70786654904483,26.147547138667626,25.600190578085087,26.084735870361328,276400,0.0,0.0
2017-03-02 00:00:00-05:00,25.88732917817951,25.950140447445577,25.546351271479814,25.55532455444336,259600,0.0,0.0
2017-03-03 00:00:00-05:00,25.923225484194756,26.075767900366536,25.824522775951166,26.012956619262695,247800,0.0,0.0
2017-03-06 00:00:00-05:00,26.24625434447997,26.255227628265807,25.87835826665514,26.183443069458008,312700,0.0,0.0
2017-03-07 00:00:00-05:00,26.030902130679973,26.461609507727335,25.896306289287544,26.291120529174805,648500,0.0,0.0
2017-03-08 00:00:00-05:00,26.524418387119205,26.712853917207614,26.362902707465953,26.68593406677246,771800,0.0,0.0
2017-03-09 00:00:00-05:00,26.488529205322266,26.578260336217543,26.39879807442699,26.488529205322266,278100,0.0,0.0
2017-03-10 00:00:00-05:00,26.5513385196621,26.70388091745773,26.488527246124868,26.53339195251465,287100,0.0,0.0
2017-03-13 00:00:00-04:00,26.91923532098759,27.87935444026619,26.91923532098759,27.74475860595703,783900,0.0,0.0
2017-03-14 00:00:00-04:00,27.547350861854856,27.67297340945253,27.278157487958456,27.358915328979492,511700,0.0,0.0
2017-03-15 00:00:00-04:00,27.49351106032918,27.789622572504516,27.37686179676628,27.690919876098633,305900,0.0,0.0
2017-03-16 00:00:00-04:00,28.112653357846696,28.345953591658226,27.96908424649788,28.175464630126953,413100,0.0,0.0
2017-03-17 00:00:00-04:00,28.193412727375332,28.363901698161484,28.13060145168541,28.238277435302734,293200,0.0,0.0
2017-03-20 00:00:00-04:00,27.97805974652462,28.220333282925036,27.942166610104287,28.157520294189453,274600,0.0,0.0
2017-03-21 00:00:00-04:00,28.606170915004885,28.642064047265066,27.655025159333775,27.672971725463867,546700,0.0,0.0
2017-03-22 00:00:00-04:00,27.825516109504836,28.013949932943923,27.68194699312871,27.94216537475586,219000,0.0,0.0
2017-03-23 00:00:00-04:00,28.148548019447933,28.345955130398963,28.058816892114226,28.238277435302734,194400,0.0,0.0
2017-03-24 00:00:00-04:00,28.43568229675293,28.624116097574607,28.328004616655782,28.43568229675293,205100,0.0,0.0
2017-03-27 00:00:00-04:00,28.103680812127454,28.319034484803357,27.924220273970295,28.22930335998535,221700,0.0,0.0
2017-03-28 00:00:00-04:00,28.148548721563316,28.26519799197151,28.01395117146601,28.157520294189453,269300,0.0,0.0
2017-03-29 00:00:00-04:00,28.112651703626927,28.543359012329468,28.085731855028502,28.489521026611328,236400,0.0,0.0
2017-03-30 00:00:00-04:00,28.471579315284107,28.86639355983792,28.46260603088802,28.76769256591797,244400,0.0,0.0
2017-03-31 00:00:00-04:00,28.363900159853657,28.66898494935473,28.363900159853657,28.597200393676758,232100,0.0,0.0
2017-04-03 00:00:00-04:00,28.43568229675293,28.61514281494329,28.15751566961808,28.43568229675293,339300,0.0,0.0
2017-04-04 00:00:00-04:00,28.615147863312696,28.63309443174152,28.345956182796233,28.51644515991211,196600,0.0,0.0
2017-04-05 00:00:00-04:00,28.372875712218306,28.462605130382293,27.951139916340193,27.978059768676758,414000,0.0,0.0
2017-04-06 00:00:00-04:00,28.193410454051524,28.202383737209242,28.01394821385472,28.121625900268555,323300,0.0,0.0
2017-04-07 00:00:00-04:00,28.139575932939874,28.453632324752974,28.112656080150618,28.31903648376465,606300,0.0,0.0
2017-04-10 00:00:00-04:00,28.345957511491076,28.480553358058387,28.229306522714776,28.265199661254883,207400,0.0,0.0
2017-04-11 00:00:00-04:00,28.220332686064182,28.274170678077063,27.879354743198483,28.148548126220703,162700,0.0,0.0
2017-04-12 00:00:00-04:00,28.41773782125645,28.471575809524793,28.103679751979982,28.193410873413086,245600,0.0,0.0
2017-04-13 00:00:00-04:00,27.90627358791485,28.11265397608251,27.816542463478825,27.825515747070312,184400,0.0,0.0
2017-04-17 00:00:00-04:00,27.91524954923246,28.067791961962435,27.86140984251905,28.013952255249023,126000,0.0,0.0
2017-04-18 00:00:00-04:00,27.852436714907057,27.92422127503913,27.699894310691537,27.816543579101562,285800,0.0,0.0
2017-04-19 00:00:00-04:00,27.951136849772528,28.013948120187766,27.753729755399103,27.852434158325195,188000,0.0,0.0
2017-04-20 00:00:00-04:00,28.031896215173,28.13957390709905,27.933191806864027,28.094707489013672,414800,0.0,0.0
2017-04-21 00:00:00-04:00,27.79859622008817,27.906273912961378,27.664000387605817,27.80756950378418,620200,0.0,0.0
2017-04-24 00:00:00-04:00,27.681947565710097,27.780650265585983,27.493512026894486,27.637081146240234,657100,0.0,0.0
2017-04-25 00:00:00-04:00,28.489524192427773,28.74974429002596,28.148547963017933,28.52541732788086,1249200,0.0,0.0
2017-04-26 00:00:00-04:00,30.499494439200088,30.634088559004894,29.279155251073362,29.43169593811035,1645800,0.0,0.0
2017-04-27 00:00:00-04:00,29.539372076019035,29.575265210674743,29.189422570520183,29.297101974487305,903600,0.0,0.0
2017-04-28 00:00:00-04:00,29.78164613289232,30.095705932307393,29.575265739369275,29.772674560546875,740800,0.0,0.0
2017-05-01 00:00:00-04:00,29.727805559771106,30.077755020987883,29.611154598379752,30.03289031982422,512600,0.0,0.0
2017-05-02 00:00:00-04:00,30.535379619915574,30.84943936544251,30.36489239094303,30.714841842651367,565900,0.0,0.0
2017-05-03 00:00:00-04:00,30.678952010300847,30.73279170979441,30.52641132950544,30.553329467773438,411200,0.0,0.0
2017-05-04 00:00:00-04:00,30.45462521436631,30.589222752288133,30.284137966228567,30.41873550415039,582900,0.0,0.0
2017-05-05 00:00:00-04:00,30.60716888677033,30.975064939210863,30.562304182415637,30.885332107543945,537400,0.0,0.0
2017-05-08 00:00:00-04:00,30.85841029143224,30.85841029143224,30.687923066022186,30.750734329223633,292800,0.0,0.0
2017-05-09 00:00:00-04:00,31.01993435210427,31.127610343491256,30.92122993376701,30.984041213989258,341700,0.0,0.0
2017-05-10 00:00:00-04:00,31.145551456419593,31.28912056077092,30.98403578615467,31.073768615722656,319500,0.0,0.0
2017-05-11 00:00:00-04:00,31.046852494211503,31.127610343491256,30.83150051143753,30.984041213989258,179100,0.0,0.0
2017-05-12 00:00:00-04:00,31.05582187655189,31.396799781093055,31.05582187655189,31.316041946411133,236000,0.0,0.0
2017-05-15 00:00:00-04:00,31.74675178527832,31.890320900262104,31.59420767519434,31.74675178527832,358700,0.0,0.0
2017-05-16 00:00:00-04:00,32.33000412281144,32.41076197467937,32.06978742053313,32.26719284057617,338100,0.0,0.0
2017-05-17 00:00:00-04:00,32.069780956010064,32.07875252753885,31.181444764530777,31.19041633605957,478700,0.0,0.0
2017-05-18 00:00:00-04:00,31.055822887390686,31.45961207394327,30.93020034556489,31.21733856201172,706100,0.0,0.0
2017-05-19 00:00:00-04:00,31.45961310121455,31.683940054073577,31.45961310121455,31.54037094116211,452900,0.0,0.0
2017-05-22 00:00:00-04:00,31.63907209441936,31.74675149689734,31.441666702458413,31.657018661499023,388800,0.0,0.0
2017-05-23 00:00:00-04:00,31.86339863712993,31.926213332576665,31.657018252814634,31.8275089263916,285300,0.0,0.0
2017-05-24 00:00:00-04:00,31.989024317077615,32.22232283808574,31.9621027555692,32.15951156616211,367000,0.0,0.0
2017-05-25 00:00:00-04:00,32.60817121659947,33.30807032604512,32.572278076895024,33.16450119018555,1261400,0.0,0.0
2017-05-26 00:00:00-04:00,32.949146053436515,33.182444593334594,32.80557693127818,33.128604888916016,699800,0.0,0.0
2017-05-30 00:00:00-04:00,32.84146739925245,33.08374094026635,32.76968454800275,33.00298309326172,335300,0.0,0.0
2017-05-31 00:00:00-04:00,33.01195358035065,33.10168298789731,32.608164400475694,32.724815368652344,301600,0.0,0.0
2017-06-01 00:00:00-04:00,32.92222400461482,33.09271468794906,32.877359296406055,33.029903411865234,404100,0.0,0.0
2017-06-02 00:00:00-04:00,33.21833796723632,33.60418062760151,33.14655169416471,33.5772590637207,275400,0.0,0.0
2017-06-05 00:00:00-04:00,33.38882457041402,33.586233394495366,33.24525545007064,33.299095153808594,185300,0.0,0.0
2017-06-06 00:00:00-04:00,33.54136583106531,33.792610914540155,33.51444427000905,33.666988372802734,334300,0.0,0.0
2017-06-07 00:00:00-04:00,34.05282811051747,34.13358594093598,33.74774335370946,34.07974624633789,477000,0.0,0.0
2017-06-08 00:00:00-04:00,34.106670835313025,34.40278407719276,33.972076707787785,34.3758659362793,355800,0.0,0.0
2017-06-09 00:00:00-04:00,34.17845997461935,34.32202910979428,32.563306348161845,32.98503875732422,768700,0.0,0.0
2017-06-12 00:00:00-04:00,32.3210303683909,32.3748700736557,31.54037346831986,32.240272521972656,769200,0.0,0.0
2017-06-13 00:00:00-04:00,32.52740734643296,33.02092594571835,32.4735676468362,32.91324996948242,584100,0.0,0.0
2017-06-14 00:00:00-04:00,32.79660781137948,32.87736567099652,32.06979049778464,32.34795379638672,529100,0.0,0.0
2017-06-15 00:00:00-04:00,31.836477321759407,32.2761596082702,31.746747919430163,32.25821304321289,481100,0.0,0.0
2017-06-16 00:00:00-04:00,32.626114553760964,33.00298221444187,32.590221417612916,32.90427780151367,413600,0.0,0.0
2017-06-19 00:00:00-04:00,33.1555252827836,33.46958165674981,33.1555252827836,33.42471694946289,238200,0.0,0.0
2017-06-20 00:00:00-04:00,32.96708952770069,33.17346990750017,32.662004743875926,32.68892288208008,274300,0.0,0.0
2017-06-21 00:00:00-04:00,33.08374181598281,33.2362859412329,32.985037397813585,33.101688385009766,195500,0.0,0.0
2017-06-22 00:00:00-04:00,33.056819218626785,33.227306466968045,32.886331970285525,33.137577056884766,142100,0.0,0.0
2017-06-23 00:00:00-04:00,33.09271101458113,33.4157423545595,33.04784631135245,33.25422668457031,225200,0.0,0.0
2017-06-26 00:00:00-04:00,33.559312865995516,33.675960414690266,33.011954563962526,33.09271240234375,301500,0.0,0.0
2017-06-27 00:00:00-04:00,33.00298172443045,33.173472407123384,32.71584348542508,32.80557632446289,363500,0.0,0.0
2017-06-28 00:00:00-04:00,32.84146692446939,33.308067431199724,32.62611495087563,33.21833801269531,322600,0.0,0.0
2017-06-29 00:00:00-04:00,32.71584626757864,32.72482126372456,31.989029035831845,32.213356018066406,654400,0.0,0.0
2017-06-30 00:00:00-04:00,32.88633406114923,33.18244387161632,32.85044092565085,32.89530563354492,312800,0.0,0.0
2017-07-03 00:00:00-04:00,33.146548488486545,33.37985043044823,32.86838526463058,32.91324996948242,247400,0.0,0.0
2017-07-05 00:00:00-04:00,32.97606419416686,33.245255870343996,32.931199485296986,33.128604888916016,261700,0.0,0.0
2017-07-06 00:00:00-04:00,32.52741094778393,32.97606489189129,32.428706532407034,32.73379135131836,465000,0.0,0.0
2017-07-07 00:00:00-04:00,32.599193750469944,33.27217459496727,32.563300617253596,33.137577056884766,358100,0.0,0.0
2017-07-10 00:00:00-04:00,33.13758324146753,33.71185978827794,33.065796961637126,33.613155364990234,392400,0.0,0.0
2017-07-11 00:00:00-04:00,33.11065714396162,33.882338929011,32.94016648179983,33.8285026550293,658700,0.0,0.0
2017-07-12 00:00:00-04:00,34.48353681856954,35.201382327987595,34.45661868164055,35.165489196777344,713100,0.0,0.0
2017-07-13 00:00:00-04:00,34.62711198458737,34.860410532396045,34.36689187217764,34.7437629699707,531400,0.0,0.0
2017-07-14 00:00:00-04:00,34.5014854870904,34.95911095756316,34.44764578699341,34.878353118896484,241300,0.0,0.0
2017-07-17 00:00:00-04:00,35.01294782062162,35.07575908749981,34.65402336163996,34.887325286865234,218100,0.0,0.0
2017-07-18 00:00:00-04:00,34.27716152231938,34.51046006380454,34.17845710835947,34.3758659362793,501000,0.0,0.0
2017-07-19 00:00:00-04:00,34.42073211587616,34.55532624915114,34.339974266727964,34.483543395996094,389300,0.0,0.0
2017-07-20 00:00:00-04:00,34.29510902014343,34.806574249109886,34.151539893117025,34.7437629699707,299000,0.0,0.0
2017-07-21 00:00:00-04:00,34.23229485289846,34.860407591297715,34.2053732905687,34.842464447021484,411000,0.0,0.0
2017-07-24 00:00:00-04:00,35.04884708554383,36.628107450967455,34.99500738038607,36.5652961730957,1688000,0.0,0.0
2017-07-25 00:00:00-04:00,34.295106190519256,34.295106190519256,32.32999986171987,32.796600341796875,3442900,0.0,0.0
2017-07-26 00:00:00-04:00,33.5952035032722,33.65801477675097,33.29011870796494,33.50547409057617,1619800,0.0,0.0
2017-07-27 00:00:00-04:00,33.34395928007325,33.4336886951124,31.60318329842622,32.13259506225586,1055600,0.0,0.0
2017-07-28 00:00:00-04:00,32.31205242161851,32.742763178483955,32.16848331031589,32.69789505004883,802100,0.0,0.0
2017-07-31 00:00:00-04:00,32.79659947184916,32.92222201643044,32.321027432232164,32.33897399902344,518600,0.0,0.0
2017-08-01 00:00:00-04:00,32.51843400198902,32.63508154365356,31.962100738689,32.35691833496094,474600,0.0,0.0
2017-08-02 00:00:00-04:00,32.715837635594326,32.77864890021077,32.22231908948343,32.47356414794922,739200,0.0,0.0
2017-08-03 00:00:00-04:00,32.33000432328137,32.733793585124815,32.15054547175822,32.71584701538086,721400,0.0,0.0
2017-08-04 00:00:00-04:00,32.41973295566443,32.53638050939229,31.944157476695985,32.08772659301758,630300,0.0,0.0
2017-08-07 00:00:00-04:00,32.16848194430802,32.51843484727044,32.15053880124505,32.50048828125,448200,0.0,0.0
2017-08-08 00:00:00-04:00,32.5094581081006,32.61713407548716,32.177455211933655,32.25821304321289,323800,0.0,0.0
2017-08-09 00:00:00-04:00,32.06978191570086,32.23129416875471,31.890319673137327,32.0249137878418,385300,0.0,0.0
2017-08-10 00:00:00-04:00,31.657017974159345,31.746750807609374,30.912254282790894,30.95711898803711,613600,0.0,0.0
2017-08-11 00:00:00-04:00,30.92122405259699,31.342959787839767,30.8673877786221,31.226308822631836,339300,0.0,0.0
2017-08-14 00:00:00-04:00,31.369881557025142,31.612155086836268,31.34296341692095,31.468585968017578,297400,0.0,0.0
2017-08-15 00:00:00-04:00,31.253227742668177,31.495497801005833,31.181441486155457,31.3519287109375,369500,0.0,0.0
2017-08-16 00:00:00-04:00,31.289120854418496,31.549340928171638,31.235284579129903,31.522422790527344,279800,0.0,0.0
2017-08-17 00:00:00-04:00,31.531396935089273,31.594208210023098,31.04684988020742,31.064796447753906,289500,0.0,0.0
2017-08-18 00:00:00-04:00,31.02890408824493,31.136580061379217,30.822520290547796,30.83149528503418,302200,0.0,0.0
2017-08-21 00:00:00-04:00,31.01095512231985,31.15452421637404,30.84046446984742,31.091712951660156,228300,0.0,0.0
2017-08-22 00:00:00-04:00,31.31604342910646,31.51344881648622,31.307068434296077,31.42371940612793,314700,0.0,0.0
2017-08-23 00:00:00-04:00,31.369880963137327,31.531396646620298,31.316044683948157,31.459613800048828,355100,0.0,0.0
2017-08-24 00:00:00-04:00,31.540373436942975,31.567291578069632,31.14555577797638,31.235288619995117,218900,0.0,0.0
2017-08-25 00:00:00-04:00,31.495507657735818,31.576265510107785,31.360913519087994,31.44167137145996,190500,0.0,0.0
2017-08-28 00:00:00-04:00,31.522422221441644,31.549340358599977,31.28014871814438,31.405771255493164,111900,0.0,0.0
2017-08-29 00:00:00-04:00,31.253236007124997,31.50448112544336,31.253236007124997,31.37885856628418,223600,0.0,0.0
2017-08-30 00:00:00-04:00,31.316044361514972,31.58523602356239,31.26220465992241,31.47756004333496,381400,0.0,0.0
2017-08-31 00:00:00-04:00,31.630103358433985,31.76470091212115,31.54037393794786,31.710861206054688,473700,0.0,0.0
2017-09-01 00:00:00-04:00,31.86340051772338,31.93518678935215,31.40577501644238,31.450639724731445,212600,0.0,0.0
2017-09-05 00:00:00-04:00,31.540372385998662,31.558315530846606,30.993014048275413,31.271177291870117,386300,0.0,0.0
2017-09-06 00:00:00-04:00,31.48653165170888,31.549342925493676,31.271176268048364,31.36988067626953,211400,0.0,0.0
2017-09-07 00:00:00-04:00,32.11464438499045,32.20437378854705,31.88134245901154,32.0428581237793,575300,0.0,0.0
2017-09-08 00:00:00-04:00,32.186437401970245,32.195412398938586,31.980056970157886,32.114654541015625,217800,0.0,0.0
2017-09-11 00:00:00-04:00,33.08373870340514,33.18244311228807,32.89530488078738,33.02092742919922,518400,0.0,0.0
2017-09-12 00:00:00-04:00,33.25423388086563,33.29012359744072,32.92222747462007,32.98503875732422,257000,0.0,0.0
2017-09-13 00:00:00-04:00,33.19141601067739,33.343956688981876,32.95811407297259,33.26319885253906,325800,0.0,0.0
2017-09-14 00:00:00-04:00,33.24525702938255,33.46958400451058,33.14655261265294,33.31704330444336,200700,0.0,0.0
2017-09-15 00:00:00-04:00,33.254228761168605,33.451634152293465,33.18244249315399,33.37087631225586,223300,0.0,0.0
2017-09-18 00:00:00-04:00,33.54136583106531,33.81055748092515,33.53239083639405,33.666988372802734,294100,0.0,0.0
2017-09-19 00:00:00-04:00,34.106668354101025,34.27715902870443,33.891316396544035,33.94515609741211,293200,0.0,0.0
2017-09-20 00:00:00-04:00,33.87337110393459,34.0707799249199,33.146550518181385,33.5593147277832,314200,0.0,0.0
2017-09-21 00:00:00-04:00,33.326012936674026,33.326012936674026,32.895305580264534,32.94017028808594,309300,0.0,0.0
2017-09-22 00:00:00-04:00,33.083741110059925,33.28114994218617,33.029904827085836,33.18244552612305,338300,0.0,0.0
2017-09-25 00:00:00-04:00,33.27189859904152,33.31753836613857,32.74246755086083,33.00718307495117,412500,0.628,0.0
2017-09-26 00:00:00-04:00,32.8885174695667,33.098463187554856,32.70595839798819,32.815494537353516,304000,0.0,0.0
2017-09-27 00:00:00-04:00,32.678572244332884,33.18974670589745,32.678572244332884,33.043697357177734,255500,0.0,0.0
2017-09-28 00:00:00-04:00,33.06195212471901,33.32666416063333,32.98892571336958,33.26276779174805,245100,0.0,0.0
2017-09-29 00:00:00-04:00,33.01630941057464,33.344921302780044,32.788107094553226,33.28102493286133,345300,0.0,0.0
2017-10-02 00:00:00-04:00,33.00718395682611,33.326665817132316,32.95241414559171,33.10759353637695,226800,0.0,0.0
2017-10-03 00:00:00-04:00,33.071080521909195,33.171490102046086,32.92503117318949,33.043697357177734,240000,0.0,0.0
2017-10-04 00:00:00-04:00,33.180616857337775,33.23538666921275,32.91590480516996,32.979801177978516,263300,0.0,0.0
2017-10-05 00:00:00-04:00,32.87025943811662,32.99805565759767,32.623804005773366,32.69682693481445,245600,0.0,0.0
2017-10-06 00:00:00-04:00,32.26780715855288,32.52339612876208,32.19478422570105,32.413856506347656,277200,0.0,0.0
2017-10-09 00:00:00-04:00,32.55077944499454,32.82462153812436,32.51426623735293,32.559906005859375,184900,0.0,0.0
2017-10-10 00:00:00-04:00,32.95241659515549,32.99805984895601,32.61467810599822,32.77898406982422,155400,0.0,0.0
2017-10-11 00:00:00-04:00,32.94329017451594,33.281028665117375,32.888520358975946,32.92503356933594,238400,0.0,0.0
2017-10-12 00:00:00-04:00,32.92502865095772,33.20800076583987,32.90677204850491,33.09846115112305,179200,0.0,0.0
2017-10-13 00:00:00-04:00,33.25363723576563,33.344916756893724,33.189740874557856,33.32666015625,191400,0.0,0.0
2017-10-16 00:00:00-04:00,33.262766858884525,33.445329400047136,33.22625713632468,33.29015350341797,130100,0.0,0.0
2017-10-17 00:00:00-04:00,33.57313029082739,33.84697591014754,33.42708091883277,33.51836395263672,212100,0.0,0.0
2017-10-18 00:00:00-04:00,33.700921039614414,33.801330629745046,33.58225832590684,33.59138488769531,197400,0.0,0.0
2017-10-19 00:00:00-04:00,33.50010265438634,33.50010265438634,33.299283490232874,33.41794967651367,270800,0.0,0.0
2017-10-20 00:00:00-04:00,33.1532326914744,33.64615053719339,33.09846288125305,33.50922775268555,534200,0.0,0.0
2017-10-23 00:00:00-04:00,33.326661176777144,33.974758332158544,33.29927801601829,33.91086196899414,902700,0.0,0.0
2017-10-24 00:00:00-04:00,32.231293155911395,32.29518951946153,31.400636947668925,31.55581283569336,2193500,0.0,0.0
2017-10-25 00:00:00-04:00,31.756633496000195,31.966579198065038,31.035513378848677,31.126792907714844,1478300,0.0,0.0
2017-10-26 00:00:00-04:00,31.090285397533346,31.692739384351498,31.053772190552593,31.418893814086914,412100,0.0,0.0
2017-10-27 00:00:00-04:00,31.537556588701648,31.73837572331007,31.382380698933822,31.63796615600586,388200,0.0,0.0
2017-10-30 00:00:00-04:00,31.875297253970597,31.993963431141015,31.738377956088673,31.93006706237793,414600,0.0,0.0
2017-10-31 00:00:00-04:00,32.4047230165811,32.769848049040704,32.286056858718176,32.70595169067383,463900,0.0,0.0
2017-11-01 00:00:00-04:00,33.18061488222302,33.317537662714386,32.72421025670638,32.84287643432617,566100,0.0,0.0
2017-11-02 00:00:00-04:00,32.705955379036055,32.75159514271786,32.35908690729093,32.43210983276367,420800,0.0,0.0
2017-11-03 00:00:00-04:00,32.82462344729635,33.02544261891428,32.79724028101803,32.906776428222656,346300,0.0,0.0
2017-11-06 00:00:00-05:00,32.99805536416184,33.354050410037445,32.99805536416184,33.30841064453125,345300,0.0,0.0
2017-11-07 00:00:00-05:00,33.317541618956724,33.445334372141396,33.061956112587396,33.198875427246094,248400,0.0,0.0
2017-11-08 00:00:00-05:00,32.92502449745508,33.15322677619102,32.88851129715562,33.01630401611328,383800,0.0,0.0
2017-11-09 00:00:00-05:00,32.541653077529006,32.605549450236005,32.09437498648886,32.496009826660156,593400,0.0,0.0
2017-11-10 00:00:00-05:00,32.24041891845245,32.42298144497826,32.22216231759081,32.35908508300781,252700,0.0,0.0
2017-11-13 00:00:00-05:00,31.784022488329455,32.05786460724916,31.73838271552475,32.039608001708984,377500,0.0,0.0
2017-11-14 00:00:00-05:00,31.857044354598994,31.98483709301306,31.61058543819003,31.656225204467773,371400,0.0,0.0
2017-11-15 00:00:00-05:00,31.473661319552743,31.574070890350686,31.409764953061476,31.464534759521484,205600,0.0,0.0
2017-11-16 00:00:00-05:00,31.920944159431453,32.176529663768044,31.90268755453722,32.130889892578125,208300,0.0,0.0
2017-11-17 00:00:00-05:00,32.27693535907998,32.623803846077294,32.24955219608498,32.550777435302734,365400,0.0,0.0
2017-11-20 00:00:00-05:00,32.43211428191961,32.85200921883096,32.39560455522008,32.806365966796875,275100,0.0,0.0
2017-11-21 00:00:00-05:00,32.879386523085785,33.23538154010569,32.806360118522406,33.217124938964844,454500,0.0,0.0
2017-11-22 00:00:00-05:00,32.861133766663684,33.05282287793404,32.660314612709385,32.797237396240234,941600,0.0,0.0
2017-11-24 00:00:00-05:00,32.34083065636688,32.56903295934317,32.24042108592278,32.51426315307617,207400,0.0,0.0
2017-11-27 00:00:00-05:00,32.40473449555737,32.44124770815576,32.24955856515163,32.368221282958984,208400,0.0,0.0
2017-11-28 00:00:00-05:00,32.50514187330182,32.56903824994741,32.27693953325571,32.42298889160156,169800,0.0,0.0
2017-11-29 00:00:00-05:00,32.28606691316475,32.29519695696921,31.583203270154723,31.82053565979004,373600,0.0,0.0
2017-11-30 00:00:00-05:00,31.628839596292156,32.012217781900205,31.519299987183544,31.63796615600586,374500,0.0,0.0
2017-12-01 00:00:00-05:00,31.135926513985936,31.354998801178272,30.807314601106206,31.31848907470703,579400,0.0,0.0
2017-12-04 00:00:00-05:00,30.9533651536046,31.06290130144847,30.23224492594214,30.241374969482422,509300,0.0,0.0
2017-12-05 00:00:00-05:00,29.83060498958573,30.542595052629853,29.812348387701164,30.1318302154541,574900,0.0,0.0
2017-12-06 00:00:00-05:00,29.91276159630795,30.11358075937971,29.85799178399078,29.98578453063965,384200,0.0,0.0
2017-12-07 00:00:00-05:00,30.09532587109966,30.18660541474121,29.949276512018354,30.0496826171875,585400,0.0,0.0
2017-12-08 00:00:00-05:00,30.150089072784734,30.268755252866104,30.058809538624313,30.213985443115234,344800,0.0,0.0
2017-12-11 00:00:00-05:00,29.931016351462777,30.159218665550615,29.92188630892832,30.122705459594727,294000,0.0,0.0
2017-12-12 00:00:00-05:00,30.195731871506503,30.34178121323908,30.122705459594727,30.122705459594727,323400,0.0,0.0
2017-12-13 00:00:00-05:00,30.506083508446487,30.652136331468526,30.47870034517533,30.533470153808594,203800,0.0,0.0
2017-12-14 00:00:00-05:00,30.515214330004223,30.597367304006063,30.305268614686423,30.360034942626953,213500,0.0,0.0
2017-12-15 00:00:00-05:00,30.44218651715682,30.633879102409416,30.332650384220255,30.58823585510254,293200,0.0,0.0
2017-12-18 00:00:00-05:00,30.743417990528677,30.935107110869303,30.734287947412724,30.89859390258789,285000,0.0,0.0
2017-12-19 00:00:00-05:00,30.716033309213174,30.834696007133758,30.60649368977583,30.77079963684082,270800,0.0,0.0
2017-12-20 00:00:00-05:00,30.752540130347736,30.84382313792777,30.55172447785305,30.6612606048584,348100,0.0,0.0
2017-12-21 00:00:00-05:00,31.035521265414115,31.06290443461425,30.807318903168422,30.85295867919922,240000,0.0,0.0
2017-12-22 00:00:00-05:00,31.03551820578254,31.03551820578254,30.871212242596382,30.944238662719727,150200,0.0,0.0
2017-12-26 00:00:00-05:00,30.816440032275292,30.88946644672261,30.597367753115535,30.716033935546875,220600,0.0,0.0
2017-12-27 00:00:00-05:00,30.898590274635904,31.09028285456018,30.78905414474402,30.834693908691406,216200,0.0,0.0
2017-12-28 00:00:00-05:00,31.03551820578254,31.11767118737562,30.907725452658056,30.944238662719727,121900,0.0,0.0
2017-12-29 00:00:00-05:00,30.87120940572909,31.035515353816578,30.7069034576416,30.7069034576416,197300,0.0,0.0
2018-01-02 00:00:00-05:00,30.63388033568068,30.77079963684082,30.29613839888541,30.77079963684082,212500,0.0,0.0
2018-01-03 00:00:00-05:00,31.145053370806675,31.354999098897466,31.10854364398877,31.26371955871582,201100,0.0,0.0
2018-01-04 00:00:00-05:00,31.354993001814524,31.41888936393507,31.117664154236877,31.181560516357422,323200,0.0,0.0
2018-01-05 00:00:00-05:00,31.583200208700738,31.893555508230705,31.537560440376858,31.774892807006836,255600,0.0,0.0
2018-01-08 00:00:00-05:00,31.92094109361875,32.10350016084472,31.89355444786205,32.08524703979492,256100,0.0,0.0
2018-01-09 00:00:00-05:00,31.99396262481354,32.10349875677668,31.756633758544922,31.756633758544922,265100,0.0,0.0
2018-01-10 00:00:00-05:00,31.902683665086478,31.92094026775494,31.464535647316193,31.564945220947266,486500,0.0,0.0
2018-01-11 00:00:00-05:00,31.81140152344041,31.975707469867945,31.74750515339537,31.95745086669922,214100,0.0,0.0
2018-01-12 00:00:00-05:00,32.386471651685206,32.7242100979435,32.295192119861106,32.69682693481445,217100,0.0,0.0
2018-01-16 00:00:00-05:00,32.81548946637618,32.888512387305134,32.496004176301675,32.63292694091797,257000,0.0,0.0
2018-01-17 00:00:00-05:00,32.97980399731759,33.37231231074797,32.970673953512346,33.299285888671875,246900,0.0,0.0
2018-01-18 00:00:00-05:00,33.36317782353319,33.71004631801475,33.29928145377225,33.61876678466797,441000,0.0,0.0
2018-01-19 00:00:00-05:00,34.403784694832055,34.44029790617571,34.029532983788364,34.07517623901367,554000,0.0,0.0
2018-01-22 00:00:00-05:00,34.42203794630737,34.53157756966442,34.20296566377557,34.303375244140625,694500,0.0,0.0
2018-01-23 00:00:00-05:00,36.57626313388,38.09152621557622,36.23852471623734,38.02762985229492,3006800,0.0,0.0
2018-01-24 00:00:00-05:00,38.55706314182134,38.976954549028214,38.328860835892705,38.66659927368164,1568000,0.0,0.0
2018-01-25 00:00:00-05:00,39.30556491864853,39.74371291137001,39.049975977992965,39.17776870727539,979000,0.0,0.0
2018-01-26 00:00:00-05:00,39.28731618321004,39.59767150878906,39.26905957792992,39.59767150878906,523900,0.0,0.0
2018-01-29 00:00:00-05:00,39.3603352667764,39.378591870268224,38.922187229245935,39.11387634277344,521800,0.0,0.0
2018-01-30 00:00:00-05:00,38.9678228755533,39.09561908647986,38.52967488436293,38.6118278503418,423700,0.0,0.0
2018-01-31 00:00:00-05:00,38.66659765502461,38.812646985421395,38.173679859151434,38.6118278503418,1016500,0.0,0.0
2018-02-01 00:00:00-05:00,38.648345947265625,38.76701213139233,38.49316655539361,38.648345947265625,476200,0.0,0.0
2018-02-02 00:00:00-05:00,38.118918560636054,38.18281842140382,37.70815712117178,37.72641372680664,696900,0.0,0.0
2018-02-05 00:00:00-05:00,37.07831563120706,37.443440772012046,36.101609883958865,36.15637969970703,541900,0.0,0.0
2018-02-06 00:00:00-05:00,35.6908394244255,36.31154997807558,35.572176731882735,36.16550064086914,957800,0.0,0.0
2018-02-07 00:00:00-05:00,35.97381765184068,36.348069359660826,35.68171892779039,35.69084548950195,429300,0.0,0.0
2018-02-08 00:00:00-05:00,35.75474046976419,35.75474046976419,34.79629135131836,34.79629135131836,1595300,0.0,0.0
2018-02-09 00:00:00-05:00,34.65023695917774,34.83279949856155,33.50922544064245,34.61372375488281,747500,0.0,0.0
2018-02-12 00:00:00-05:00,34.61372480250643,34.98797993472045,34.60459824220189,34.86018371582031,456200,0.0,0.0
2018-02-13 00:00:00-05:00,34.94233735058991,35.280079283818665,34.87844098097171,35.23443603515625,403800,0.0,0.0
2018-02-14 00:00:00-05:00,35.42613303642652,36.35719901517755,35.42613303642652,36.30242919921875,542300,0.0,0.0
2018-02-15 00:00:00-05:00,36.99615795053157,37.543845592188816,36.78621223996146,37.52558898925781,647700,0.0,0.0
2018-02-16 00:00:00-05:00,37.406925884255095,37.82681733988967,37.406925884255095,37.571231842041016,585100,0.0,0.0
2018-02-20 00:00:00-05:00,36.77708801640874,37.069186717683245,36.55801224940726,36.631038665771484,620300,0.0,0.0
2018-02-21 00:00:00-05:00,36.71318511247589,37.13307648560497,36.530622586131344,36.53974914550781,319300,0.0,0.0
2018-02-22 00:00:00-05:00,36.40283273341512,36.88662050660763,36.32980632428146,36.567138671875,319700,0.0,0.0
2018-02-23 00:00:00-05:00,36.448475870637935,36.914007084622405,36.439345827606004,36.90488052368164,301600,0.0,0.0
2018-02-26 00:00:00-05:00,36.74970113095937,36.97790345748123,36.576268616355584,36.90488052368164,269700,0.0,0.0
2018-02-27 00:00:00-05:00,36.56713832000191,36.8227237853286,36.448472147347026,36.4849853515625,376200,0.0,0.0
2018-02-28 00:00:00-05:00,36.475857774843625,36.56714079155207,35.937300163582464,35.94643020629883,300400,0.0,0.0
2018-03-01 00:00:00-05:00,35.18879925321099,35.28008227618723,34.659371648313886,34.9240837097168,684900,0.0,0.0
2018-03-02 00:00:00-05:00,34.87844098097171,35.2618226807719,34.67762531163922,35.23443603515625,383900,0.0,0.0
2018-03-05 00:00:00-05:00,35.55391962213272,36.01032422965152,35.426126889161985,35.93729782104492,516100,0.0,0.0
2018-03-06 00:00:00-05:00,36.06509594224435,36.31155488497707,35.9464332336663,36.20201873779297,264600,0.0,0.0
2018-03-07 00:00:00-05:00,35.40787423705979,35.964688477484614,35.39874419392002,35.87340545654297,340900,0.0,0.0
2018-03-08 00:00:00-05:00,36.055965613740575,36.17463179201177,35.84601990270136,35.992069244384766,215200,0.0,0.0
2018-03-09 00:00:00-05:00,35.56305135476485,36.09248244789535,35.535668188599935,36.05596923828125,388700,0.0,0.0
2018-03-12 00:00:00-04:00,35.973810299284644,36.13811623324247,35.88253077245952,35.98293685913086,190400,0.0,0.0
2018-03-13 00:00:00-04:00,36.065095563431086,36.17463519155596,35.47177158049887,35.553924560546875,288100,0.0,0.0
2018-03-14 00:00:00-04:00,35.90991885987909,36.45760306013761,35.60869011227306,35.80950927734375,539600,0.0,0.0
2018-03-15 00:00:00-04:00,35.946430475692935,36.53975441933468,35.900790708042194,36.4484748840332,549300,0.0,0.0
2018-03-16 00:00:00-04:00,35.718230223027355,36.29329759648046,35.66346040942128,36.03771209716797,1136700,0.0,0.0
2018-03-19 00:00:00-04:00,36.055965996086464,36.35719472517897,35.59043480268742,35.86427688598633,385600,0.0,0.0
2018-03-20 00:00:00-04:00,35.70909479656473,36.05596326626356,35.690838194781556,35.98293685913086,223600,0.0,0.0
2018-03-21 00:00:00-04:00,35.353100009432694,35.626942073876535,35.270947041890466,35.28920364379883,301700,0.0,0.0
2018-03-22 00:00:00-04:00,34.67762528686591,34.869314395583565,34.22122065729568,34.24860382080078,453400,0.0,0.0
2018-03-23 00:00:00-04:00,34.53157194029517,34.577211701541465,33.66440254825329,33.68265914916992,311300,0.0,0.0
2018-03-26 00:00:00-04:00,34.202966792069574,34.285119771251864,33.72830552147092,34.212093353271484,323500,0.0,0.0
2018-03-27 00:00:00-04:00,34.00214398670868,34.20296313257712,33.08933475216617,33.244510650634766,261100,0.0,0.0
2018-03-28 00:00:00-04:00,33.54574061224538,33.78306948989905,33.08020941750162,33.42707443237305,375100,0.0,0.0
2018-03-29 00:00:00-04:00,33.335791985199194,33.76481341810606,33.144102891296825,33.52748107910156,222100,0.0,0.0
2018-04-02 00:00:00-04:00,33.490968517518745,33.65527445318039,32.56903275149799,32.78810501098633,186100,0.0,0.0
2018-04-03 00:00:00-04:00,33.016309444695885,33.21712859727139,32.760723964756885,33.07107925415039,156200,0.0,0.0
2018-04-04 00:00:00-04:00,32.295195115610305,32.988928675261626,32.23129874098813,32.952415466308594,243500,0.0,0.0
2018-04-05 00:00:00-04:00,33.16236555750274,33.32666803797258,32.97980298998015,33.052825927734375,190500,0.0,0.0
2018-04-06 00:00:00-04:00,33.02544429581341,33.29015985691618,32.596422764515225,32.75160217285156,182700,0.0,0.0
2018-04-09 00:00:00-04:00,32.88851693053344,33.25364203188834,32.75159762909363,32.797237396240234,184000,0.0,0.0
2018-04-10 00:00:00-04:00,33.49096802590424,33.98388582565362,33.43620170288146,33.88347625732422,290400,0.0,0.0
2018-04-11 00:00:00-04:00,33.27189255016749,33.80132002000654,33.27189255016749,33.48183822631836,195100,0.0,0.0
2018-04-12 00:00:00-04:00,33.74656115268435,33.9108671063102,33.700917901717375,33.75568771362305,114400,0.0,0.0
2018-04-13 00:00:00-04:00,33.96563122274955,34.0295275914301,33.68266258490453,33.810455322265625,193000,0.0,0.0
2018-04-16 00:00:00-04:00,34.01127277495825,34.12081239738456,33.81045709802559,34.09342575073242,194400,0.0,0.0
2018-04-17 00:00:00-04:00,34.37639872563892,34.61372761584698,34.275989143673165,34.40378189086914,189600,0.0,0.0
2018-04-18 00:00:00-04:00,34.62285544456674,34.64111204758296,34.403779690463054,34.45854949951172,139000,0.0,0.0
2018-04-19 00:00:00-04:00,34.60460307033624,34.64111628083071,34.20296820117132,34.33076095581055,222600,0.0,0.0
2018-04-20 00:00:00-04:00,34.45855404864336,34.58634680453681,34.29424808189708,34.41291427612305,172800,0.0,0.0
2018-04-23 00:00:00-04:00,34.59546955093171,34.67762251697599,34.139064957817,34.28511428833008,226600,0.0,0.0
2018-04-24 00:00:00-04:00,34.62285605837531,34.76890540300334,33.78306971519592,34.056915283203125,279000,0.0,0.0
2018-04-25 00:00:00-04:00,33.88348119386144,34.01127394232056,33.55486927948587,33.71004867553711,344900,0.0,0.0
2018-04-26 00:00:00-04:00,34.22122197689645,34.321628074317225,33.9382498420985,34.09342575073242,452300,0.0,0.0
2018-04-27 00:00:00-04:00,34.76890780209378,34.787164406693385,34.066044194419675,34.148197174072266,287000,0.0,0.0
2018-04-30 00:00:00-04:00,34.09342726567915,34.12994047477706,33.6552792027781,33.79220199584961,289500,0.0,0.0
2018-05-01 00:00:00-04:00,33.500096785049216,34.12080729087175,33.33579085809087,34.03865432739258,326600,0.0,0.0
2018-05-02 00:00:00-04:00,34.11168078624585,34.212090361141584,33.49097021606398,33.53661346435547,377600,0.0,0.0
2018-05-03 00:00:00-04:00,36.32981030770943,36.859241385706035,35.93730202080608,36.50324630737305,1833800,0.0,0.0
2018-05-04 00:00:00-04:00,36.475861244846676,36.53063106008208,35.79125422381536,36.07422637939453,1264600,0.0,0.0
2018-05-07 00:00:00-04:00,36.65841784844978,36.959646560091215,36.357192618899155,36.4849853515625,393200,0.0,0.0
2018-05-08 00:00:00-04:00,36.822727396768315,36.950520141965114,36.585398510273,36.75883102416992,340700,0.0,0.0
2018-05-09 00:00:00-04:00,36.7953437341526,36.80447029493269,36.293295838970174,36.5306282043457,242100,0.0,0.0
2018-05-10 00:00:00-04:00,36.79534408079981,36.79534408079981,36.35719603531464,36.6127815246582,200500,0.0,0.0
2018-05-11 00:00:00-04:00,36.968779981961234,37.04180640394678,36.85011378728044,36.950523376464844,203100,0.0,0.0
2018-05-14 00:00:00-04:00,37.09656925427063,37.379541389750976,36.96877650988954,37.03267288208008,209700,0.0,0.0
2018-05-15 00:00:00-04:00,37.02354926150965,37.03267582307976,36.72232049832506,36.93226623535156,218900,0.0,0.0
2018-05-16 00:00:00-04:00,37.251745702971306,37.288255425559875,37.05092655932531,37.133079528808594,208500,0.0,0.0
2018-05-17 00:00:00-04:00,37.13308192277992,37.21523489755961,36.86836639492414,37.0144157409668,138500,0.0,0.0
2018-05-18 00:00:00-04:00,37.11482639631056,37.2334925815673,37.02354685816918,37.05093002319336,117700,0.0,0.0
2018-05-21 00:00:00-04:00,37.169587652051106,37.32476352758837,37.050921494111186,37.160457611083984,162000,0.0,0.0
2018-05-22 00:00:00-04:00,37.33389956445641,37.425179096245024,37.21523338745847,37.233489990234375,187100,0.0,0.0
2018-05-23 00:00:00-04:00,36.658419061559975,36.89574793263268,36.56713953009146,36.87749481201172,233500,0.0,0.0
2018-05-24 00:00:00-04:00,37.25174972532558,37.297389495057516,36.74970181200068,37.06918716430664,165100,0.0,0.0
2018-05-25 00:00:00-04:00,37.27913377209694,37.397799961878434,37.06005799727659,37.16959762573242,127900,0.0,0.0
2018-05-29 00:00:00-04:00,36.69493812418067,36.85011404886431,36.41196596011514,36.67668151855469,232200,0.0,0.0
2018-05-30 00:00:00-04:00,37.21523046927001,37.406919560249584,37.12394746254831,37.33389663696289,163700,0.0,0.0
2018-05-31 00:00:00-04:00,37.288260530743024,37.44343993083097,37.07831479822867,37.1057014465332,232900,0.0,0.0
2018-06-01 00:00:00-04:00,37.77204910371766,37.954611656727145,37.54384678297859,37.91809844970703,372600,0.0,0.0
2018-06-04 00:00:00-04:00,38.3653711656024,38.392757810569016,38.10065913292504,38.34711456298828,220600,0.0,0.0
2018-06-05 00:00:00-04:00,39.04997850211085,39.21428444526317,38.87654599860159,39.12300491333008,241800,0.0,0.0
2018-06-06 00:00:00-04:00,39.442485759135224,39.9810433409311,39.39684599432355,39.86237716674805,315800,0.0,0.0
2018-06-07 00:00:00-04:00,40.45570654514443,40.51047635486648,39.75284298978769,39.99930191040039,476600,0.0,0.0
2018-06-08 00:00:00-04:00,40.008434732250166,40.47396595990713,39.84412877376152,40.44658279418945,299500,0.0,0.0
2018-06-11 00:00:00-04:00,40.52874091914433,40.9577589922536,40.42833132264268,40.85734939575195,263800,0.0,0.0
2018-06-12 00:00:00-04:00,40.82082475138382,41.149436590033524,40.756928391878645,41.067283630371094,284100,0.0,0.0
2018-06-13 00:00:00-04:00,41.10379971718575,41.51456457914147,41.02164674479461,41.09467315673828,281600,0.0,0.0
2018-06-14 00:00:00-04:00,41.496312683301575,42.09876672181252,41.47805607824471,41.97097396850586,474100,0.0,0.0
2018-06-15 00:00:00-04:00,41.10380025519361,41.322876011801135,40.82083161043554,41.11293029785156,336300,0.0,0.0
2018-06-18 00:00:00-04:00,40.83908620999044,41.459793278727744,40.75693324055463,41.395896911621094,179500,0.0,0.0
2018-06-19 00:00:00-04:00,39.98104181385734,40.5561125783741,39.82586592300639,40.5013427734375,262100,0.0,0.0
2018-06-20 00:00:00-04:00,40.48309306532358,40.69304227895236,40.37355691888909,40.54698944091797,144400,0.0,0.0
2018-06-21 00:00:00-04:00,40.54698292831679,40.54698292831679,40.11796497281863,40.163604736328125,145700,0.0,0.0
2018-06-22 00:00:00-04:00,40.60175600997019,40.60175600997019,40.190991141058284,40.35529708862305,116000,0.0,0.0
2018-06-25 00:00:00-04:00,39.953661128001016,39.98104429112065,39.40597349097195,39.54289627075195,218600,0.0,0.0
2018-06-26 00:00:00-04:00,39.63417428344239,40.14534869532566,39.55202479723214,39.97191619873047,252500,0.0,0.0
2018-06-27 00:00:00-04:00,40.29140251824564,40.48309163827166,39.63417869862363,39.652435302734375,237500,0.0,0.0
2018-06-28 00:00:00-04:00,39.031727523463594,39.72546460164443,38.95870458381329,39.67982482910156,154700,0.0,0.0
2018-06-29 00:00:00-04:00,40.15447963028405,40.30965552825274,40.06319661786934,40.07232666015625,126000,0.0,0.0
2018-07-02 00:00:00-04:00,39.515514755983396,40.40093739399821,39.47900154890682,40.37355422973633,237300,0.0,0.0
2018-07-03 00:00:00-04:00,40.273142323286855,40.355295293414656,40.02668341290346,40.07232666015625,102300,0.0,0.0
2018-07-05 00:00:00-04:00,40.145356234360364,40.41919835275934,39.844130948748926,40.391815185546875,140300,0.0,0.0
2018-07-06 00:00:00-04:00,40.12709092410751,40.73867488854973,40.09057772101738,40.69303512573242,124200,0.0,0.0
2018-07-09 00:00:00-04:00,41.06729200162862,41.16769809982489,40.79344642553889,41.10380172729492,108300,0.0,0.0
2018-07-10 00:00:00-04:00,41.4141534708558,41.64235577659661,41.38677030843598,41.5236930847168,123600,0.0,0.0
2018-07-11 00:00:00-04:00,41.28636099343299,41.478050095745104,41.058158686273565,41.12205505371094,124400,0.0,0.0
2018-07-12 00:00:00-04:00,41.22246526732228,41.79753606529626,41.176825501598515,41.70625305175781,134000,0.0,0.0
2018-07-13 00:00:00-04:00,41.35026402975659,41.45980017987344,41.213344712633386,41.35939407348633,93800,0.0,0.0
2018-07-16 00:00:00-04:00,41.770147238557854,41.82491704382033,41.50543521834943,41.55107498168945,112700,0.0,0.0
2018-07-17 00:00:00-04:00,41.103798195764675,41.62409917428644,41.103798195764675,41.5236930847168,99400,0.0,0.0
2018-07-18 00:00:00-04:00,41.65148691499939,41.76102304965236,41.46892436918381,41.642356872558594,119400,0.0,0.0
2018-07-19 00:00:00-04:00,41.56020731942989,41.80666625423886,41.56020731942989,41.7701530456543,99100,0.0,0.0
2018-07-20 00:00:00-04:00,42.42737774315086,42.68296324430937,42.4182511818629,42.564300537109375,285800,0.0,0.0
2018-07-23 00:00:00-04:00,42.463886579596846,42.76511182035788,42.24481082824168,42.755985260009766,237600,0.0,0.0
2018-07-24 00:00:00-04:00,42.911159749391814,43.05720908479531,42.299579245543065,42.427371978759766,323000,0.0,0.0
2018-07-25 00:00:00-04:00,42.646452007920516,42.89291093906953,42.44563284577884,42.86552429199219,418300,0.0,0.0
2018-07-26 00:00:00-04:00,42.48214487434566,42.65557738459481,42.263069114265235,42.47301483154297,291200,0.0,0.0
2018-07-27 00:00:00-04:00,42.77424548106551,42.801628646517145,41.95271569660422,42.04399871826172,689900,0.0,0.0
2018-07-30 00:00:00-04:00,42.226554554269505,42.354350774774865,41.897946147814324,41.93445587158203,413600,0.0,0.0
2018-07-31 00:00:00-04:00,41.40503165670525,41.57846417539487,39.49726002275443,40.02668762207031,810400,0.0,0.0
2018-08-01 00:00:00-04:00,39.74371426901137,39.898890164986334,39.378589188225476,39.84412384033203,298200,0.0,0.0
2018-08-02 00:00:00-04:00,40.76606123510668,41.43241157415915,40.72042146872327,41.30461883544922,329800,0.0,0.0
2018-08-03 00:00:00-04:00,41.83404873041975,41.952711423350806,41.50543685010725,41.68799591064453,468700,0.0,0.0
2018-08-06 00:00:00-04:00,41.43240825779427,41.761020120797355,41.30461552931323,41.74276351928711,108800,0.0,0.0
2018-08-07 00:00:00-04:00,41.64235936535978,41.98922787496458,41.59671959669653,41.79753875732422,476600,0.0,0.0
2018-08-08 00:00:00-04:00,41.596718110664355,42.19917208893377,41.45066876690483,42.09876251220703,683500,0.0,0.0
2018-08-09 00:00:00-04:00,42.30870545437679,42.66470397092773,42.290452334432345,42.345218658447266,293200,0.0,0.0
2018-08-10 00:00:00-04:00,41.56933102807579,41.89794289107887,41.5328178250553,41.74276351928711,145800,0.0,0.0
2018-08-13 00:00:00-04:00,41.870557516718364,42.09875981937644,41.706251580237286,41.71538162231445,112400,0.0,0.0
2018-08-14 00:00:00-04:00,42.509527795897824,42.737730115387116,42.30870864047811,42.66470718383789,252300,0.0,0.0
2018-08-15 00:00:00-04:00,42.107892710115586,42.31783842491326,41.75189765101992,42.24481201171875,132500,0.0,0.0
2018-08-16 00:00:00-04:00,42.50039637310444,42.719468624780845,42.39085676517558,42.418243408203125,109100,0.0,0.0
2018-08-17 00:00:00-04:00,42.46388764798124,42.83813930930709,42.3726046317487,42.79249954223633,139100,0.0,0.0
2018-08-20 00:00:00-04:00,43.340181947888965,43.62315406356004,43.26715901996504,43.495361328125,205500,0.0,0.0
2018-08-21 00:00:00-04:00,43.942642549577634,44.20735810278989,43.915259382725125,44.02479553222656,154100,0.0,0.0
2018-08-22 00:00:00-04:00,44.07956260388478,44.207355350696055,44.024792791498015,44.06130599975586,85100,0.0,0.0
2018-08-23 00:00:00-04:00,44.24386362363459,44.435552722468934,44.15258061317242,44.23473358154297,122600,0.0,0.0
2018-08-24 00:00:00-04:00,44.481198718903805,44.937603388888974,44.435558948323546,44.809810638427734,274100,0.0,0.0
2018-08-27 00:00:00-04:00,45.18406222537355,45.38488139397776,45.11103580693882,45.22970199584961,196600,0.0,0.0
2018-08-28 00:00:00-04:00,45.36662115446713,45.46703073072413,45.028882701495306,45.165802001953125,170300,0.0,0.0
2018-08-29 00:00:00-04:00,45.19318435998323,45.60394921821613,45.174931239253716,45.5491828918457,117400,0.0,0.0
2018-08-30 00:00:00-04:00,45.05626259770626,45.457897391516866,44.96497958859651,45.18405532836914,110800,0.0,0.0
2018-08-31 00:00:00-04:00,44.88283167005198,45.25708682636358,44.83719190140873,45.15667724609375,164800,0.0,0.0
2018-09-04 00:00:00-04:00,44.32601564041056,44.526831294934595,44.17083626700168,44.47206497192383,364000,0.0,0.0
2018-09-05 00:00:00-04:00,44.17996900830336,44.24386537711383,43.39495249767084,43.5318717956543,357700,0.0,0.0
2018-09-06 00:00:00-04:00,43.568381394196656,43.568381394196656,42.79249499025436,43.04808044433594,375100,0.0,0.0
2018-09-07 00:00:00-04:00,42.783366827477664,43.175875067535415,42.482141597951255,42.491268157958984,279800,0.0,0.0
2018-09-10 00:00:00-04:00,42.80162508700684,42.819881689820065,42.28132409414821,42.33609390258789,138900,0.0,0.0
2018-09-11 00:00:00-04:00,42.701217367219634,43.15762201110044,42.50040169173402,43.10285568237305,276500,0.0,0.0
2018-09-12 00:00:00-04:00,42.892915027402886,43.276293302115555,42.326970695077264,43.15762710571289,289300,0.0,0.0
2018-09-13 00:00:00-04:00,43.258031242854535,43.38582398498138,42.911162741302334,43.02070236206055,155700,0.0,0.0
2018-09-14 00:00:00-04:00,43.102860770520515,43.39495949851822,43.002451179879145,43.15762710571289,144800,0.0,0.0
2018-09-17 00:00:00-04:00,42.98419234123268,43.03896215567145,42.5916840429831,42.646453857421875,161400,0.0,0.0
2018-09-18 00:00:00-04:00,42.53690517608554,42.8472604276746,42.53690517608554,42.73772430419922,211100,0.0,0.0
2018-09-19 00:00:00-04:00,42.77664307481834,42.80444056898132,42.19294871232424,42.5172233581543,383600,0.692,0.0
2018-09-20 00:00:00-04:00,42.767378851772506,43.360340213394615,42.66546295505711,43.22136688232422,207100,0.0,0.0
2018-09-21 00:00:00-04:00,42.83223308996328,42.92488551017982,42.294863190021125,42.3319206237793,224900,0.0,0.0
2018-09-24 00:00:00-04:00,42.202208127999945,42.257799576649916,41.70189569313488,41.766754150390625,232400,0.0,0.0
2018-09-25 00:00:00-04:00,42.24853009996719,42.378243472572855,42.04470186881433,42.091026306152344,170200,0.0,0.0
2018-09-26 00:00:00-04:00,42.11882268867913,42.42457035451837,42.04470429153303,42.10029220581055,178800,0.0,0.0
2018-09-27 00:00:00-04:00,41.67410160149162,41.91499434386924,41.62777716159691,41.71116256713867,190900,0.0,0.0
2018-09-28 00:00:00-04:00,41.674105324540484,41.776021222010655,41.38688811660897,41.4332160949707,180100,0.0,0.0
2018-10-01 00:00:00-04:00,41.85940397589912,41.90572841698958,41.359091529734194,41.39615249633789,184400,0.0,0.0
2018-10-02 00:00:00-04:00,40.97922767807778,41.21085343040763,40.68274699784185,40.849517822265625,281300,0.0,0.0
2018-10-03 00:00:00-04:00,41.108938727172045,41.12746921201574,40.70127866359649,40.81245803833008,133700,0.0,0.0
2018-10-04 00:00:00-04:00,40.47891464522839,40.49744512927804,39.663594553014775,40.015663146972656,268700,0.0,0.0
2018-10-05 00:00:00-04:00,39.663598274522684,39.839632588018354,39.154018751166404,39.43197250366211,228400,0.0,0.0
2018-10-08 00:00:00-04:00,38.57031756817,38.78341281575536,38.171921029627924,38.505462646484375,332300,0.0,0.0
2018-10-09 00:00:00-04:00,38.116331851523086,38.58885034831329,38.06074393495603,38.459136962890625,244400,0.0,0.0
2018-10-10 00:00:00-04:00,37.0879143341847,37.236154674311116,35.883461128866514,35.93905258178711,444800,0.0,0.0
2018-10-11 00:00:00-04:00,36.11508404892251,36.476419628747756,35.512859260656505,35.651832580566406,391500,0.0,0.0
2018-10-12 00:00:00-04:00,36.569072479965754,36.680251844087756,35.83713430297869,36.235530853271484,244400,0.0,0.0
2018-10-15 00:00:00-04:00,36.4208297064998,36.550539544995615,36.0687576203483,36.33744430541992,286800,0.0,0.0
2018-10-16 00:00:00-04:00,37.42145662250004,37.55116648053604,36.97673559452151,37.46778106689453,224600,0.0,0.0
2018-10-17 00:00:00-04:00,37.42145430367871,37.838381346051364,37.03232475368313,37.73646545410156,219800,0.0,0.0
2018-10-18 00:00:00-04:00,37.301009878895854,37.301009878895854,36.63393011054327,36.77290344238281,149400,0.0,0.0
2018-10-19 00:00:00-04:00,36.393034523100745,36.837755512269574,36.17993927001953,36.17993927001953,372900,0.0,0.0
2018-10-22 00:00:00-04:00,36.83775866286506,37.22689177062404,36.550544987522194,37.078651428222656,504700,0.0,0.0
2018-10-23 00:00:00-04:00,33.354108124366945,33.92853899689685,32.69629184015299,33.51161193847656,1023400,0.0,0.0
2018-10-24 00:00:00-04:00,33.196605259360375,33.27998713909987,31.593751907348633,31.593751907348633,541900,0.0,0.0
2018-10-25 00:00:00-04:00,32.77967182398404,32.96497310085737,32.46466071359773,32.65922546386719,320000,0.0,0.0
2018-10-26 00:00:00-04:00,32.69628899941001,33.22439538274954,32.307155933917194,32.6129035949707,310800,0.0,0.0
2018-10-29 00:00:00-04:00,33.5116075998566,33.75250032879129,32.21450568354803,32.62216567993164,487400,0.0,0.0
2018-10-30 00:00:00-04:00,32.853798284678426,33.37264128051206,32.65923348661409,33.326316833496094,283800,0.0,0.0
2018-10-31 00:00:00-04:00,34.10457339700409,34.49370292281269,34.00265751138904,34.206485748291016,344700,0.0,0.0
2018-11-01 00:00:00-04:00,35.04961261030121,35.53139109340911,34.7068039318781,35.44800567626953,270100,0.0,0.0
2018-11-02 00:00:00-04:00,35.97611564975841,36.09655850328863,34.975490644768065,35.253440856933594,242100,0.0,0.0
2018-11-05 00:00:00-05:00,34.243545400907635,34.243545400907635,33.61352316336108,33.96559524536133,387500,0.0,0.0
2018-11-06 00:00:00-05:00,33.872947669452834,34.35472960687881,33.872947669452834,34.206485748291016,241600,0.0,0.0
2018-11-07 00:00:00-05:00,34.41958608268449,34.679005778275666,34.16942986150944,34.66973876953125,156000,0.0,0.0
2018-11-08 00:00:00-05:00,34.27134177266913,34.47516999511326,33.97485761085173,34.19721984863281,225700,0.0,0.0
2018-11-09 00:00:00-05:00,34.12310653686289,34.1694309791153,33.68764900416775,34.02119064331055,190000,0.0,0.0
2018-11-12 00:00:00-05:00,33.27998598044868,33.34484444186896,32.58510873218324,32.649967193603516,211500,0.0,0.0
2018-11-13 00:00:00-05:00,32.54804866382378,33.215128364819726,32.334953415723724,32.724082946777344,166800,0.0,0.0
2018-11-14 00:00:00-05:00,32.77041106649124,32.9186514093979,32.24230462399074,32.36275100708008,154900,0.0,0.0
2018-11-15 00:00:00-05:00,32.14038624411896,32.42760343259441,31.76978718262914,32.38127899169922,287200,0.0,0.0
2018-11-16 00:00:00-05:00,31.667872354048598,32.15891780579581,31.630811386358282,32.06626892089844,201000,0.0,0.0
2018-11-19 00:00:00-05:00,31.55669476564223,31.584488725813817,30.602394232584086,30.65798568725586,266600,0.0,0.0
2018-11-20 00:00:00-05:00,29.722218297687125,30.46341999982914,29.675890319661338,30.06502342224121,271800,0.0,0.0
2018-11-21 00:00:00-05:00,30.259589427826832,30.500478665373546,30.148410051599782,30.2225284576416,224900,0.0,0.0
2018-11-23 00:00:00-05:00,29.75927690620049,30.15767349950716,29.740746421124754,30.027963638305664,259600,0.0,0.0
2018-11-26 00:00:00-05:00,30.898868838523782,31.352856793136457,30.84328092912527,31.121231079101562,308800,0.0,0.0
2018-11-27 00:00:00-05:00,30.620922853701806,30.889609566768595,30.472682517928472,30.852548599243164,245500,0.0,0.0
2018-11-28 00:00:00-05:00,31.03784652680559,31.677132242611563,30.65798048680587,31.658601760864258,617800,0.0,0.0
2018-11-29 00:00:00-05:00,31.686401428287294,31.982882087963695,31.54742457279537,31.769786834716797,295100,0.0,0.0
2018-11-30 00:00:00-05:00,31.23241510008348,31.50110181675937,31.065644278307303,31.3250675201416,256500,0.0,0.0
2018-12-03 00:00:00-05:00,32.79820743886203,32.89085632463667,32.49245975401452,32.7889404296875,411800,0.0,0.0
2018-12-04 00:00:00-05:00,32.075531087050834,32.14038601069875,30.91740240144054,30.972993850708008,227000,0.0,0.0
2018-12-06 00:00:00-05:00,30.370767553135654,31.26021312930329,30.25958818148789,31.22315216064453,230300,0.0,0.0
2018-12-07 00:00:00-05:00,31.102703198879404,31.399183854891568,30.203994222282912,30.305910110473633,173600,0.0,0.0
2018-12-10 00:00:00-05:00,30.09281467323948,30.380031853238673,29.62029796796387,30.055753707885742,298400,0.0,0.0
2018-12-11 00:00:00-05:00,31.223151147227174,31.426979399577625,30.620922796218817,30.769163131713867,445900,0.0,0.0
2018-12-12 00:00:00-05:00,31.371392966347596,31.630812682150392,31.13976721028694,31.149030685424805,207700,0.0,0.0
2018-12-13 00:00:00-05:00,31.260211406313886,31.315799321909644,30.472681770200364,30.509742736816406,229300,0.0,0.0
2018-12-14 00:00:00-05:00,30.33370937323159,30.537537627187838,29.796335943873263,29.833396911621094,245800,0.0,0.0
2018-12-17 00:00:00-05:00,29.57397436825677,29.97236915413824,29.12925337436759,29.240432739257812,288900,0.0,0.0
2018-12-18 00:00:00-05:00,29.759275408437134,30.027962127019496,29.35161536027416,29.50912094116211,333300,0.0,0.0
2018-12-19 00:00:00-05:00,29.712949285352785,29.963105505648876,28.6752669723058,28.87909698486328,363300,0.0,0.0
2018-12-20 00:00:00-05:00,28.730856774594525,28.925421546418047,27.887739229030966,28.082304000854492,472600,0.0,0.0
2018-12-21 00:00:00-05:00,28.684530398806935,28.767915805433105,27.57272792239821,27.66537857055664,289500,0.0,0.0
2018-12-24 00:00:00-05:00,27.535667852436116,27.730234396617526,27.11874257290028,27.15580177307129,129900,0.0,0.0
2018-12-26 00:00:00-05:00,27.10021331151695,28.27687257001677,26.924177243063497,28.24907684326172,177900,0.0,0.0
2018-12-27 00:00:00-05:00,28.276869600336944,28.53628928748237,27.619051606866588,28.508495330810547,236700,0.0,0.0
2018-12-28 00:00:00-05:00,29.416469226995982,29.45353019394596,28.777181684422228,28.860567092895508,292300,0.0,0.0
2018-12-31 00:00:00-05:00,29.138519831175607,29.258964442690452,28.66600309277574,28.981014251708984,156400,0.0,0.0
2019-01-02 00:00:00-05:00,28.332458807951305,29.12925187297384,27.92479703431605,28.916154861450195,153600,0.0,0.0
2019-01-03 00:00:00-05:00,27.387428123828556,27.517139745209597,27.03535776216968,27.081682205200195,481600,0.0,0.0
2019-01-04 00:00:00-05:00,27.878475541380382,28.879098715360076,27.822885855927133,28.684532165527344,306700,0.0,0.0
2019-01-07 00:00:00-05:00,28.9624828028641,29.601770341421023,28.9624828028641,29.51838493347168,232200,0.0,0.0
2019-01-08 00:00:00-05:00,29.814866944801988,29.963107284035715,29.56471070965849,29.842660903930664,310100,0.0,0.0
2019-01-09 00:00:00-05:00,30.657982070221223,30.99152369024336,30.40782585520462,30.796958923339844,525900,0.0,0.0
2019-01-10 00:00:00-05:00,30.398564206920117,30.73210231264818,30.278117829271192,30.71357536315918,297500,0.0,0.0
2019-01-11 00:00:00-05:00,30.56533514080528,30.95446469943508,30.48194973048055,30.880346298217773,329100,0.0,0.0
2019-01-14 00:00:00-05:00,30.361503124952737,30.695044763753184,30.278117715252627,30.546804428100586,254900,0.0,0.0
2019-01-15 00:00:00-05:00,30.018696524394144,30.38929557800293,30.000166041564473,30.38929557800293,272200,0.0,0.0
2019-01-16 00:00:00-05:00,30.908141334386205,30.97299626308544,30.648721619589256,30.676515579223633,171800,0.0,0.0
2019-01-17 00:00:00-05:00,30.287380544499705,30.620922176191957,30.231792628769874,30.481948852539062,198500,0.0,0.0
2019-01-18 00:00:00-05:00,30.991524851881206,31.241681076274272,30.935933401684416,30.982257843017578,269200,0.0,0.0
2019-01-22 00:00:00-05:00,31.14903022332702,31.593751244246587,31.01005689234944,31.22315216064453,1458100,0.0,0.0
2019-01-23 00:00:00-05:00,32.76114682392023,33.41896310926408,32.67776141209295,33.17807388305664,1409600,0.0,0.0
2019-01-24 00:00:00-05:00,32.696294137408294,33.16880914726474,32.66849664200823,32.93718338012695,560000,0.0,0.0
2019-01-25 00:00:00-05:00,33.55794130838757,33.68765116876016,33.40970096305767,33.502349853515625,367100,0.0,0.0
2019-01-28 00:00:00-05:00,33.35410978988849,33.95633818593738,33.30778534426827,33.80809783935547,507000,0.0,0.0
2019-01-29 00:00:00-05:00,33.77103790807153,33.80809887943932,33.428232758741295,33.52088165283203,289200,0.0,0.0
2019-01-30 00:00:00-05:00,33.400431593892456,33.60426337969492,33.13174488248527,33.57646942138672,422100,0.0,0.0
2019-01-31 00:00:00-05:00,33.55793774455266,33.947067284345074,33.44675484661633,33.724708557128906,207700,0.0,0.0
2019-02-01 00:00:00-05:00,33.26145803478785,33.3819008761644,33.00203479985973,33.24292755126953,271600,0.0,0.0
2019-02-04 00:00:00-05:00,33.159541995545666,33.372637253568776,33.05762610381106,33.29851531982422,212800,0.0,0.0
2019-02-05 00:00:00-05:00,33.270723912778394,33.409700782040964,33.21513245820765,33.363372802734375,163200,0.0,0.0
2019-02-06 00:00:00-05:00,33.62279484360762,33.761768173528736,33.50234846354655,33.51161193847656,195100,0.0,0.0
2019-02-07 00:00:00-05:00,33.08542240924001,33.150277338703845,32.66849533816635,32.91865158081055,156000,0.0,0.0
2019-02-08 00:00:00-05:00,32.297893822034965,32.7240843363323,32.233038897438774,32.714820861816406,187400,0.0,0.0
2019-02-11 00:00:00-05:00,32.6777610391452,32.72408548200311,32.39054383850066,32.48319625854492,226200,0.0,0.0
2019-02-12 00:00:00-05:00,33.2336594611837,33.70617793970791,33.187335021059106,33.66911697387695,299400,0.0,0.0
2019-02-13 00:00:00-05:00,33.9841269156457,34.086042800920616,33.780295145095884,33.81735610961914,196400,0.0,0.0
2019-02-14 00:00:00-05:00,33.891483306884766,34.011926158815285,33.80809789090974,33.891483306884766,125200,0.0,0.0
2019-02-15 00:00:00-05:00,34.29914211516092,34.32693607468717,34.11384080488602,34.262081146240234,137100,0.0,0.0
2019-02-19 00:00:00-05:00,33.900745576170216,34.150901815195226,33.83589064764468,34.03972244262695,87300,0.0,0.0
2019-02-20 00:00:00-05:00,34.03045408530494,34.49370557604037,34.03045408530494,34.24354934692383,166100,0.0,0.0
2019-02-21 00:00:00-05:00,34.16942603416648,34.419582227321335,34.05824314765684,34.252811431884766,113700,0.0,0.0
2019-02-22 00:00:00-05:00,34.54002774503162,34.7067985534668,34.484439831772,34.7067985534668,138100,0.0,0.0
2019-02-25 00:00:00-05:00,35.04034426029903,35.17005411881562,34.89210391709028,34.92916488647461,124900,0.0,0.0
2019-02-26 00:00:00-05:00,35.36461906817365,35.5035959368356,35.123729834732,35.1793212890625,183400,0.0,0.0
2019-02-27 00:00:00-05:00,35.040342922949776,35.095934374904566,34.78092321581761,35.021812438964844,87500,0.0,0.0
2019-02-28 00:00:00-05:00,34.88283775336833,34.984750109827644,34.7438608960528,34.8087158203125,141600,0.0,0.0
2019-03-01 00:00:00-05:00,35.14225893107588,35.234907816970995,35.040343035994184,35.18858337402344,144100,0.0,0.0
2019-03-04 00:00:00-05:00,35.45727255991582,35.48506652075384,34.743864779000894,35.086669921875,200600,0.0,0.0
2019-03-05 00:00:00-05:00,34.77165497309645,35.114463613163494,34.688269565286674,34.975486755371094,115300,0.0,0.0
2019-03-06 00:00:00-05:00,35.957586726403434,36.02244166091513,35.46653767810635,35.49433517456055,233100,0.0,0.0
2019-03-07 00:00:00-05:00,35.48506126731909,35.54065271509371,34.901363435834185,34.98474884033203,274500,0.0,0.0
2019-03-08 00:00:00-05:00,34.23428862715277,34.50297536164018,34.169433695977006,34.336204528808594,285800,0.0,0.0
2019-03-11 00:00:00-04:00,34.45664512096522,35.12372840852986,34.438114636940824,34.9940185546875,196700,0.0,0.0
2019-03-12 00:00:00-04:00,34.86430719659131,34.98475003606063,34.77165478046689,34.836509704589844,90900,0.0,0.0
2019-03-13 00:00:00-04:00,34.96622596262058,35.22564568044583,34.92916499312309,35.0959358215332,108900,0.0,0.0
2019-03-14 00:00:00-04:00,35.38314824962868,35.642571492620014,35.30902984758006,35.46653366088867,144900,0.0,0.0
2019-03-15 00:00:00-04:00,35.744486505100234,35.97611224906487,35.744486505100234,35.80934143066406,270600,0.0,0.0
2019-03-18 00:00:00-04:00,35.49433249238799,35.568450897231,35.17932131956588,35.37388610839844,197200,0.0,0.0
2019-03-19 00:00:00-04:00,35.42947504524788,35.74448619568609,35.30902866981694,35.50359344482422,110800,0.0,0.0
2019-03-20 00:00:00-04:00,34.929162373714966,35.25343699667852,34.688269624374904,35.05887222290039,164000,0.0,0.0
2019-03-21 00:00:00-04:00,35.05887350202945,35.51286152507058,35.05887350202945,35.29976272583008,230000,0.0,0.0
2019-03-22 00:00:00-04:00,35.10520001877524,35.197852444424605,34.262082384173624,34.308406829833984,301800,0.0,0.0
2019-03-25 00:00:00-04:00,34.215755462646484,34.33620184011078,33.937805274468296,34.215755462646484,165800,0.0,0.0
2019-03-26 00:00:00-04:00,34.62341831679122,34.725334218749005,34.30840713543474,34.50297546386719,186200,0.0,0.0
2019-03-27 00:00:00-04:00,35.1237281617096,35.271968498534655,34.55856077308647,34.77165603637695,213400,0.0,0.0
2019-03-28 00:00:00-04:00,35.5962411540828,35.75374849127223,35.18858113403474,35.429473876953125,182100,0.0,0.0
2019-03-29 00:00:00-04:00,36.124352841789076,36.485688439461626,36.09655534897153,36.44862747192383,190400,0.0,0.0
2019-04-01 00:00:00-04:00,36.856288930670424,36.86555594007581,36.50422032849332,36.74510955810547,126900,0.0,0.0
2019-04-02 00:00:00-04:00,36.670988647816515,36.92114133540604,36.57833623173864,36.87481689453125,140200,0.0,0.0
2019-04-03 00:00:00-04:00,37.32880518487974,37.66234681667137,37.28248074364831,37.402923583984375,151200,0.0,0.0
2019-04-04 00:00:00-04:00,37.31953819006138,37.35659915679178,37.0601184916052,37.291744232177734,188300,0.0,0.0
2019-04-05 00:00:00-04:00,37.46777871555185,37.67161049929014,37.35659934911658,37.430721282958984,140700,0.0,0.0
2019-04-08 00:00:00-04:00,37.54190067910377,37.73646545410156,37.43072131258051,37.73646545410156,120100,0.0,0.0
2019-04-09 00:00:00-04:00,37.61601885524795,37.65307982197835,37.24541979092889,37.291744232177734,134700,0.0,0.0
2019-04-10 00:00:00-04:00,37.56969468106828,38.0144156820095,37.55116419757135,37.9310302734375,177200,0.0,0.0
2019-04-11 00:00:00-04:00,37.82912063598633,37.85691459606621,37.61602182761192,37.82912063598633,87400,0.0,0.0
2019-04-12 00:00:00-04:00,38.08853809746611,38.496198136566626,38.00515268784006,38.486934661865234,178800,0.0,0.0
2019-04-15 00:00:00-04:00,38.25530881704302,38.31089673376331,38.10706848190832,38.208984375,105800,0.0,0.0
2019-04-16 00:00:00-04:00,38.42207724227026,38.57958104227016,38.375749268784965,38.505462646484375,75000,0.0,0.0
2019-04-17 00:00:00-04:00,38.65370171620149,38.71855663577943,38.44060647554137,38.570316314697266,138900,0.0,0.0
2019-04-18 00:00:00-04:00,38.46840299631515,38.58884936970321,38.32942613976521,38.52399444580078,106100,0.0,0.0
2019-04-22 00:00:00-04:00,38.40354917829802,38.51472854614258,38.28310280144154,38.51472854614258,59200,0.0,0.0
2019-04-23 00:00:00-04:00,38.042214771412134,38.394283369648385,38.01441727783565,38.36648941040039,180400,0.0,0.0
2019-04-24 00:00:00-04:00,38.62591179426678,38.709297212109014,38.21825171499847,38.29237365722656,104400,0.0,0.0
2019-04-25 00:00:00-04:00,38.25530743794496,38.33869284434772,37.82911693158783,38.1070671081543,167400,0.0,0.0
2019-04-26 00:00:00-04:00,38.07927233489708,38.440611477990075,37.90323803518138,38.422080993652344,147500,0.0,0.0
2019-04-29 00:00:00-04:00,38.09780410409138,38.996513185973726,38.079273619128706,38.85753631591797,400200,0.0,0.0
2019-04-30 00:00:00-04:00,36.800705868697264,36.930415742864234,35.494336582070076,35.874202728271484,962700,0.0,0.0
2019-05-01 00:00:00-04:00,36.096553639874,36.30964889163413,35.60550821339754,35.62403869628906,304600,0.0,0.0
2019-05-02 00:00:00-04:00,36.967471925719934,37.26395260948584,36.837758534034876,37.0230598449707,320500,0.0,0.0
2019-05-03 00:00:00-04:00,37.47704419819772,37.69940292201274,37.33806734506719,37.38439178466797,385300,0.0,0.0
2019-05-06 00:00:00-04:00,36.0039080303882,36.948941537734434,35.9668470612385,36.88408660888672,367500,0.0,0.0
2019-05-07 00:00:00-04:00,36.420833413761535,36.52274577271899,35.98537588220511,36.170677185058594,172200,0.0,0.0
2019-05-08 00:00:00-04:00,36.569072576899146,36.847022755105044,36.42083224623411,36.62466049194336,261900,0.0,0.0
2019-05-09 00:00:00-04:00,35.800076792652014,36.03170255195678,35.3553557589063,35.73522186279297,206600,0.0,0.0
2019-05-10 00:00:00-04:00,35.911253831707384,36.13361610128129,35.410944910240744,36.00390625,142800,0.0,0.0
2019-05-13 00:00:00-04:00,34.39178837279076,34.45664329627747,33.993391823184766,34.11383819580078,388100,0.0,0.0
2019-05-14 00:00:00-04:00,34.90136359050991,35.021809960724624,34.68826834125507,34.8179817199707,154600,0.0,0.0
2019-05-15 00:00:00-04:00,35.10519805687154,35.5869800403372,35.09593458198863,35.46653366088867,157900,0.0,0.0
2019-05-16 00:00:00-04:00,35.994643131752696,36.36524577632573,35.9112577134402,35.97611618041992,127800,0.0,0.0
2019-05-17 00:00:00-04:00,35.52212275695052,35.846397371269624,35.33682146262751,35.429473876953125,195900,0.0,0.0
2019-05-20 00:00:00-04:00,34.77165724260225,34.96622556307653,34.52150100284551,34.623416900634766,301900,0.0,0.0
2019-05-21 00:00:00-04:00,35.290499194322564,35.38314808002135,35.02181247773626,35.21637725830078,214700,0.0,0.0
2019-05-22 00:00:00-04:00,35.559184939408816,35.85566560673902,35.54065445590963,35.698158264160156,235700,0.0,0.0
2019-05-23 00:00:00-04:00,34.54003019195255,34.623415602077415,34.25281652822234,34.49370574951172,157000,0.0,0.0
2019-05-24 00:00:00-04:00,34.5585595042519,34.71606684440529,34.22501787505958,34.419586181640625,134000,0.0,0.0
2019-05-28 00:00:00-04:00,34.67900850545834,34.86430981730782,34.5585621226069,34.56782913208008,88900,0.0,0.0
2019-05-29 00:00:00-04:00,33.56720232300778,33.91000743376672,33.43749247214377,33.7154426574707,279900,0.0,0.0
2019-05-30 00:00:00-04:00,33.706179430584896,34.030454060128434,33.706179430584896,33.93780517578125,146900,0.0,0.0
2019-05-31 00:00:00-04:00,33.51161084454546,33.75250359680406,33.391168002744514,33.409698486328125,162700,0.0,0.0
2019-06-03 00:00:00-04:00,33.4838165001368,33.63205683276756,33.07615646898429,33.131744384765625,182700,0.0,0.0
2019-06-04 00:00:00-04:00,33.808095176450074,34.00265995332725,33.57646943226437,33.99339294433594,152700,0.0,0.0
2019-06-05 00:00:00-04:00,34.60488249300595,34.62341297544219,34.19722248239315,34.234283447265625,199000,0.0,0.0
2019-06-06 00:00:00-04:00,33.965592680885685,34.10456951532978,33.71543649948295,34.01191711425781,136700,0.0,0.0
2019-06-07 00:00:00-04:00,34.57708895998893,35.06813438041467,34.52149751199937,35.040340423583984,259400,0.0,0.0
2019-06-10 00:00:00-04:00,35.05887229655594,35.3182919954718,34.99401737182697,35.03107833862305,117800,0.0,0.0
2019-06-11 00:00:00-04:00,35.957585215703176,36.05023410844772,35.30903236350527,35.33682632446289,197600,0.0,0.0
2019-06-12 00:00:00-04:00,35.19785283388446,35.32756269690014,35.04034547570207,35.086669921875,113300,0.0,0.0
2019-06-13 00:00:00-04:00,35.21637727625506,35.21637727625506,34.93842708468855,35.10519790649414,191300,0.0,0.0
2019-06-14 00:00:00-04:00,34.64194491154998,34.65121192032104,34.29913980791489,34.419586181640625,193300,0.0,0.0
2019-06-17 00:00:00-04:00,34.33620197224531,34.66974007874564,34.25281656203813,34.27134704589844,198300,0.0,0.0
2019-06-18 00:00:00-04:00,34.90136624689796,35.4480031572276,34.817984370012454,35.160789489746094,260700,0.0,0.0
2019-06-19 00:00:00-04:00,35.633304558518596,35.67036552678526,35.21637750133983,35.43873977661133,380200,0.0,0.0
2019-06-20 00:00:00-04:00,36.83776214596867,36.89335360499871,36.51348747078232,36.68952178955078,224200,0.0,0.0
2019-06-21 00:00:00-04:00,36.254062477897506,36.29111991088618,35.966845282682954,36.00390625,191200,0.0,0.0
2019-06-24 00:00:00-04:00,36.1799431369691,36.383774937496995,35.911256406151175,36.263328552246094,138600,0.0,0.0
2019-06-25 00:00:00-04:00,36.02243886175964,36.19847316542265,35.392416517463445,35.40167999267578,122700,0.0,0.0
2019-06-26 00:00:00-04:00,35.72595340103145,35.87419372492253,35.633300989644454,35.66109848022461,83600,0.0,0.0
2019-06-27 00:00:00-04:00,36.23553331767981,36.254063802015125,35.994640555649184,36.022438049316406,92100,0.0,0.0
2019-06-28 00:00:00-04:00,37.032325423440746,37.08791334054356,36.8099631520443,36.8377571105957,261900,0.0,0.0
2019-07-01 00:00:00-04:00,38.12560132460038,38.32016611381675,37.73646821183907,37.82912063598633,325600,0.0,0.0
2019-07-02 00:00:00-04:00,36.73584610384467,36.80996450748713,36.43936542061778,36.63393020629883,371600,0.0,0.0
2019-07-03 00:00:00-04:00,36.680254629581874,36.782170527069965,36.39303742159984,36.74510955810547,156800,0.0,0.0
2019-07-05 00:00:00-04:00,36.47642016127833,36.70804589883796,36.235530949320754,36.62466049194336,109000,0.0,0.0
2019-07-08 00:00:00-04:00,36.62466316306216,36.65246065693987,36.42083490248726,36.43936538696289,104500,0.0,0.0
2019-07-09 00:00:00-04:00,35.29049956656044,35.9297853670134,35.28123609162422,35.9112548828125,168000,0.0,0.0
2019-07-10 00:00:00-04:00,35.94831734775431,36.15214914812134,35.83713797224895,36.068763732910156,151500,0.0,0.0
2019-07-11 00:00:00-04:00,36.365240553827455,36.49495040050146,36.03169892847818,36.29111862182617,188100,0.0,0.0
2019-07-12 00:00:00-04:00,36.383768870067506,36.69877999365663,36.383768870067506,36.615394592285156,83200,0.0,0.0
2019-07-15 00:00:00-04:00,36.61539577333859,36.689514168988396,36.47641892179399,36.57833480834961,82600,0.0,0.0
2019-07-16 00:00:00-04:00,36.28185798164228,36.532014220195165,36.217003053239154,36.355979919433594,82300,0.0,0.0
2019-07-17 00:00:00-04:00,36.34671136186175,36.48568822213649,36.00390625,36.00390625,133100,0.0,0.0
2019-07-18 00:00:00-04:00,35.80007196446414,36.27259042894352,35.790808490445855,36.24479293823242,121200,0.0,0.0
2019-07-19 00:00:00-04:00,36.235531904146235,36.411566196971975,36.07802456060459,36.142879486083984,240000,0.0,0.0
2019-07-22 00:00:00-04:00,36.059495949784214,36.93041105315958,36.04096899953791,36.88408660888672,349500,0.0,0.0
2019-07-23 00:00:00-04:00,38.48693311226713,38.690761356446465,37.782788896147274,38.023681640625,558000,0.0,0.0
2019-07-24 00:00:00-04:00,38.449873866824646,38.88533140063883,38.43134338301038,38.737091064453125,280100,0.0,0.0
2019-07-25 00:00:00-04:00,38.366486604322375,38.385017087241906,37.78278876250597,37.96809005737305,244900,0.0,0.0
2019-07-26 00:00:00-04:00,38.116335608912784,38.30163692916893,37.98662574503209,38.26457595825195,127500,0.0,0.0
2019-07-29 00:00:00-04:00,38.40354807241272,38.57031888654133,38.218246775122225,38.52399444580078,210200,0.0,0.0
2019-07-30 00:00:00-04:00,38.116333174182955,38.403550378950044,38.05147824638531,38.36648941040039,123900,0.0,0.0
2019-07-31 00:00:00-04:00,38.672235864087,38.746354264490165,37.91250017040222,38.208984375,266800,0.0,0.0
2019-08-01 00:00:00-04:00,38.07000865859879,38.866801809265695,37.940298803249014,37.977359771728516,256000,0.0,0.0
2019-08-02 00:00:00-04:00,37.449246581163315,37.47704407229295,36.97673164389768,37.217620849609375,225100,0.0,0.0
2019-08-05 00:00:00-04:00,36.068758479751004,36.13361340054419,35.48506065828419,35.77227783203125,278300,0.0,0.0
2019-08-06 00:00:00-04:00,36.06876243760666,36.18920881843703,35.614774407909735,35.93905258178711,162800,0.0,0.0
2019-08-07 00:00:00-04:00,35.827867294277034,36.29111876816835,35.42020726961085,36.235530853271484,137200,0.0,0.0
2019-08-08 00:00:00-04:00,36.10582737421536,36.71731928623024,36.02244195283475,36.68952178955078,107000,0.0,0.0
2019-08-09 00:00:00-04:00,36.56907272338867,36.80069846187615,36.27259206087096,36.56907272338867,103100,0.0,0.0
2019-08-12 00:00:00-04:00,36.1706794512294,36.23553438114216,35.78154633742422,35.929786682128906,168700,0.0,0.0
2019-08-13 00:00:00-04:00,35.77228204272228,36.95820477319413,35.63330517647638,36.66172409057617,168400,0.0,0.0
2019-08-14 00:00:00-04:00,35.633305826841855,35.772282695624305,35.27197020920178,35.37388610839844,168100,0.0,0.0
2019-08-15 00:00:00-04:00,35.040343035994184,35.35535419609741,34.86430873906208,35.18858337402344,130000,0.0,0.0
2019-08-16 00:00:00-04:00,35.642571772077844,36.013170853883594,35.642571772077844,35.883460998535156,101500,0.0,0.0
2019-08-19 00:00:00-04:00,36.61539563722568,36.74510547987677,36.45788830377211,36.522743225097656,123300,0.0,0.0
2019-08-20 00:00:00-04:00,36.60612862884881,36.643189593700015,36.39303338244656,36.522743225097656,101700,0.0,0.0
2019-08-21 00:00:00-04:00,37.33806728248846,37.430719695862926,37.16203299856925,37.30100631713867,104900,0.0,0.0
2019-08-22 00:00:00-04:00,37.4214567735247,37.55116663208418,37.12497608700915,37.412193298339844,113000,0.0,0.0
2019-08-23 00:00:00-04:00,37.375130538112224,37.78279057895591,36.754371700613085,36.8377571105957,265800,0.0,0.0
2019-08-26 00:00:00-04:00,37.30100889096178,37.40292478554194,37.078650152176365,37.25468444824219,125700,0.0,0.0
2019-08-27 00:00:00-04:00,37.152767194916514,37.338068493346505,36.78216813238484,37.041587829589844,125300,0.0,0.0
2019-08-28 00:00:00-04:00,36.26332106180385,36.61539313517582,36.040962356547375,36.430091857910156,244800,0.0,0.0
2019-08-29 00:00:00-04:00,36.73584872911082,37.08791735664742,36.67099379591572,36.97673797607422,120200,0.0,0.0
2019-08-30 00:00:00-04:00,37.782788785292944,37.86617419131701,37.504838609988816,37.745731353759766,116400,0.0,0.0
2019-09-03 00:00:00-04:00,37.449249416835485,37.51410787816362,37.189829708836726,37.39366149902344,117200,0.0,0.0
2019-09-04 00:00:00-04:00,37.84764369693974,38.060742483414295,37.70867037649382,37.856910705566406,169900,0.0,0.0
2019-09-05 00:00:00-04:00,38.26457616172666,38.56105686198156,38.12560282154209,38.29237365722656,143600,0.0,0.0
2019-09-06 00:00:00-04:00,38.44987506294479,38.681500816336026,38.32942868156937,38.58885192871094,84700,0.0,0.0
2019-09-09 00:00:00-04:00,38.72782016454727,38.913121449745,38.65370177106501,38.876060485839844,88300,0.0,0.0
2019-09-10 00:00:00-04:00,37.94029745810612,38.42207942827302,37.65308026406575,38.18118667602539,162000,0.0,0.0
2019-09-11 00:00:00-04:00,38.57958251501553,39.00577302645575,38.53325807408999,38.99650955200195,147500,0.0,0.0
2019-09-12 00:00:00-04:00,38.72782278672856,39.12621933986347,38.57031898095946,38.913124084472656,101200,0.0,0.0
2019-09-13 00:00:00-04:00,39.0150436709364,39.08916207645848,38.78341791039589,38.85753631591797,108800,0.0,0.0
2019-09-16 00:00:00-04:00,38.57958227500623,38.77414704628005,38.496196868127704,38.662967681884766,121200,0.0,0.0
2019-09-17 00:00:00-04:00,38.746353580560516,39.23739901933998,38.58884977352873,39.2188720703125,257100,0.0,0.0
2019-09-18 00:00:00-04:00,38.63517869955694,38.70003363166648,38.162660154954615,38.43134689331055,117400,0.0,0.0
2019-09-19 00:00:00-04:00,38.63517859876424,38.64444207432913,38.199721026311614,38.26457595825195,89200,0.0,0.0
2019-09-20 00:00:00-04:00,37.7272043714355,37.97736061271901,37.46778112066266,37.55116653442383,139300,0.0,0.0
2019-09-23 00:00:00-04:00,37.0508561934103,37.29174541614923,36.893348846969566,37.25468444824219,156600,0.0,0.0
2019-09-24 00:00:00-04:00,37.45851358964925,37.541898994381796,37.013792609185074,37.217620849609375,122700,0.0,0.0
2019-09-25 00:00:00-04:00,36.45788996328312,37.226889114472826,36.3467105979969,37.152767181396484,120100,0.0,0.0
2019-09-26 00:00:00-04:00,36.9304074208306,37.21762106767025,36.772900084600415,37.134239196777344,225900,0.0,0.0
2019-09-27 00:00:00-04:00,37.52337502571759,37.7086763499943,37.17130286302472,37.44925308227539,146700,0.0,0.0
2019-09-30 00:00:00-04:00,37.384392238103345,37.81984975115436,37.32880432363946,37.745731353759766,129600,0.0,0.0
2019-10-01 00:00:00-04:00,37.89397257139765,38.005151937260536,37.24541979092889,37.291744232177734,195200,0.0,0.0
2019-10-02 00:00:00-04:00,36.46715532058068,36.58760168921089,36.21699910926939,36.411563873291016,289700,0.0,0.0
2019-10-03 00:00:00-04:00,36.9489378212398,37.27321243286133,36.52274378754384,37.27321243286133,172100,0.0,0.0
2019-10-04 00:00:00-04:00,37.64381911830661,37.829120431269764,37.39366287595564,37.80132293701172,76500,0.0,0.0
2019-10-07 00:00:00-04:00,37.71793759843552,38.1163341850892,37.71793759843552,37.773529052734375,80000,0.0,0.0
2019-10-08 00:00:00-04:00,37.32880634445464,37.50484064033372,37.041589144972384,37.06011962890625,103200,0.0,0.0
2019-10-09 00:00:00-04:00,37.24542372800934,37.4955799783902,37.08791636991976,37.34733963012695,81300,0.0,0.0
2019-10-10 00:00:00-04:00,37.36586759643263,37.6901422319198,37.25468469198407,37.477046966552734,105900,0.0,0.0
2019-10-11 00:00:00-04:00,38.27383785943114,38.44987214629698,38.023681640625,38.023681640625,113300,0.0,0.0
2019-10-14 00:00:00-04:00,37.7827926567484,37.977360980293355,37.67161328210028,37.82912063598633,111300,0.0,0.0
2019-10-15 00:00:00-04:00,37.69014225160158,38.11633278255827,37.643817808554715,37.78279113769531,164600,0.0,0.0
2019-10-16 00:00:00-04:00,37.98661930247968,38.07926817973009,37.79205453965695,37.810585021972656,74000,0.0,0.0
2019-10-17 00:00:00-04:00,38.283101333759554,38.283101333759554,37.88470478540106,38.023681640625,122800,0.0,0.0
2019-10-18 00:00:00-04:00,36.985998930066096,37.34733807736781,36.79143414374647,37.1064453125,591500,0.0,0.0
2019-10-21 00:00:00-04:00,37.42145560789522,37.85691314891975,37.375131164756716,37.75499725341797,440800,0.0,0.0
2019-10-22 00:00:00-04:00,37.42145522979554,37.73646638801438,37.023058661038526,37.06011962890625,353900,0.0,0.0
2019-10-23 00:00:00-04:00,37.51410906731453,37.736467814268124,37.26395282624532,37.35660171508789,357700,0.0,0.0
2019-10-24 00:00:00-04:00,38.42207976112699,38.820476325786956,38.394282268347844,38.79267883300781,302400,0.0,0.0
2019-10-25 00:00:00-04:00,38.68149579801046,39.04283136093053,38.67223232418115,38.8482666015625,223400,0.0,0.0
2019-10-28 00:00:00-04:00,39.18180569242366,39.29298504287577,38.95017998395721,38.97797393798828,131000,0.0,0.0
2019-10-29 00:00:00-04:00,38.18118786085716,38.30163424071864,37.65308143250941,37.727203369140625,237700,0.0,0.0
2019-10-30 00:00:00-04:00,38.02368566506246,38.35722732543945,37.75499893483337,38.35722732543945,220300,0.0,0.0
2019-10-31 00:00:00-04:00,37.96809251931784,37.96809251931784,37.569695946535504,37.75499725341797,163800,0.0,0.0
2019-11-01 00:00:00-04:00,37.72720451029248,37.98662422769157,37.532636187914584,37.91250228881836,146000,0.0,0.0
2019-11-04 00:00:00-05:00,38.551788403379454,38.64443728486056,38.32942613976521,38.52399444580078,294900,0.0,0.0
2019-11-05 00:00:00-05:00,38.46840291061095,38.75562009748773,38.38501750373242,38.662967681884766,96600,0.0,0.0
2019-11-06 00:00:00-05:00,38.78341669306802,39.00577543698352,38.588851908559825,38.70003128051758,78600,0.0,0.0
2019-11-07 00:00:00-05:00,39.05210075876067,39.098425199398015,38.542521308765046,38.662967681884766,155900,0.0,0.0
2019-11-08 00:00:00-05:00,38.3108954505324,38.53325771295058,38.07000623938028,38.49619674682617,83600,0.0,0.0
2019-11-11 00:00:00-05:00,38.45913707908744,38.700029832700395,38.38501867866464,38.62590789794922,73200,0.0,0.0
2019-11-12 00:00:00-05:00,38.39428463227999,38.5981164316778,38.1997198424886,38.3016357421875,103400,0.0,0.0
2019-11-13 00:00:00-05:00,38.68149948120117,38.75562141620565,38.58885059677396,38.68149948120117,77500,0.0,0.0
2019-11-14 00:00:00-05:00,38.25531122140331,38.43134552596197,38.190456291601244,38.329429626464844,121200,0.0,0.0
2019-11-15 00:00:00-05:00,39.82110095575994,40.117581651179336,39.74698254906943,39.85816192626953,316100,0.0,0.0
2019-11-18 00:00:00-05:00,39.728450860267436,40.15464140523058,39.65432892149373,40.00640106201172,130100,0.0,0.0
2019-11-19 00:00:00-05:00,39.885948049837566,39.95080296832174,39.58946741267335,39.60799789428711,119600,0.0,0.0
2019-11-20 00:00:00-05:00,39.663597055724956,39.85816184903027,39.35784935110632,39.5802116394043,108000,0.0,0.0
2019-11-21 00:00:00-05:00,39.756240855665155,39.85815674415171,39.552409078692044,39.64506149291992,74100,0.0,0.0
2019-11-22 00:00:00-05:00,39.663595684010396,39.71918360341595,39.43196992827778,39.478294372558594,54200,0.0,0.0
2019-11-25 00:00:00-05:00,40.07125366375906,40.30287940748021,40.07125366375906,40.27508544921875,96200,0.0,0.0
2019-11-26 00:00:00-05:00,40.40479008147988,40.44185104392724,40.09904244278107,40.17316436767578,101200,0.0,0.0
2019-11-27 00:00:00-05:00,40.41405487060547,40.432585352432405,40.28434503214494,40.41405487060547,73700,0.0,0.0
2019-11-29 00:00:00-05:00,40.673478225565674,40.673478225565674,40.25655121880655,40.35846710205078,62100,0.0,0.0
2019-12-02 00:00:00-05:00,40.617890292519625,40.62715376710292,40.05272291607364,40.163902282714844,204100,0.0,0.0
2019-12-03 00:00:00-05:00,39.746978612390215,39.839627495159256,39.38563948720298,39.80256652832031,173500,0.0,0.0
2019-12-04 00:00:00-05:00,39.83962485845979,39.904479778971506,39.66359057911774,39.7655029296875,113000,0.0,0.0
2019-12-05 00:00:00-05:00,40.367729119032525,40.367729119032525,40.034187525662155,40.17316436767578,106200,0.0,0.0
2019-12-06 00:00:00-05:00,40.39552833400782,40.58082963604661,40.38626485935365,40.46965026855469,65500,0.0,0.0
2019-12-09 00:00:00-05:00,40.32140712570897,40.42332301144906,40.071250915527344,40.071250915527344,74800,0.0,0.0
2019-12-10 00:00:00-05:00,40.302876699607424,40.386262103117666,40.154636374959004,40.26581573486328,62700,0.0,0.0
2019-12-11 00:00:00-05:00,40.40479917572248,40.673485912449486,40.40479917572248,40.66421890258789,71100,0.0,0.0
2019-12-12 00:00:00-05:00,40.701273796973645,41.20158622494568,40.701273796973645,41.127464294433594,92400,0.0,0.0
2019-12-13 00:00:00-05:00,41.82234453190139,42.04470680529067,41.683371203570466,41.970584869384766,161500,0.0,0.0
2019-12-16 00:00:00-05:00,42.30412655150885,42.443103414297,42.128092255061844,42.1651496887207,85300,0.0,0.0
2019-12-17 00:00:00-05:00,42.58207595950888,42.822968712666935,42.55428200119386,42.78590774536133,96300,0.0,0.0
2019-12-18 00:00:00-05:00,42.8415039171918,42.89709183994729,41.80381792425845,41.94279479980469,189900,0.0,0.0
2019-12-19 00:00:00-05:00,42.75810977135773,42.79516720085466,42.526484048943715,42.64692687988281,127900,0.0,0.0
2019-12-20 00:00:00-05:00,42.924887220574234,43.03606659493572,42.832234796665844,42.93415069580078,103000,0.0,0.0
2019-12-23 00:00:00-05:00,43.22137049404661,43.351080360949375,43.07313014125362,43.193572998046875,116000,0.0,0.0
2019-12-24 00:00:00-05:00,43.24916074692974,43.3603401184082,43.11945089115011,43.3603401184082,46500,0.0,0.0
2019-12-26 00:00:00-05:00,43.49004510101989,43.49931210929632,43.314010821376684,43.45298767089844,74200,0.0,0.0
2019-12-27 00:00:00-05:00,43.60122791524204,43.73093775625196,43.47151453990402,43.59196090698242,92100,0.0,0.0
2019-12-30 00:00:00-05:00,43.777268641959665,43.91624551169733,43.64755878184644,43.74020767211914,107700,0.0,0.0
2019-12-31 00:00:00-05:00,43.63828672549643,43.81432454471602,43.41592800082607,43.693878173828125,89300,0.0,0.0
2020-01-02 00:00:00-05:00,43.86991641222876,44.194194588561594,43.78653099938072,44.16639709472656,176400,0.0,0.0
2020-01-03 00:00:00-05:00,43.7587381570394,44.036688362186126,43.573436842165385,43.74020767211914,254000,0.0,0.0
2020-01-06 00:00:00-05:00,43.314013417255595,43.75873441431871,43.25842196724959,43.71240997314453,164200,0.0,0.0
2020-01-07 00:00:00-05:00,43.925504104583965,43.96256507030509,43.721672327446,43.832855224609375,95200,0.0,0.0
2020-01-08 00:00:00-05:00,44.06448349368165,44.28684223214314,43.888445663543855,44.12007141113281,142300,0.0,0.0
2020-01-09 00:00:00-05:00,44.388757040415015,44.462878974307415,44.175661781966866,44.435081481933594,126000,0.0,0.0
2020-01-10 00:00:00-05:00,44.16639447674902,44.39802021711626,43.99962719526665,44.01815414428711,144900,0.0,0.0
2020-01-13 00:00:00-05:00,44.055215611262426,44.4628791809082,43.95329971885098,44.4628791809082,128800,0.0,0.0
2020-01-14 00:00:00-05:00,43.72167219294675,43.96256493506479,43.66608427886429,43.77726364135742,216900,0.0,0.0
2020-01-15 00:00:00-05:00,43.619763400015565,43.77726721521166,43.415931606864376,43.55490493774414,253700,0.0,0.0
2020-01-16 00:00:00-05:00,43.55490369645676,43.57343418024499,43.30475100113668,43.50857925415039,159800,0.0,0.0
2020-01-17 00:00:00-05:00,43.04533141214086,43.15651432429716,42.82297265648566,43.147247314453125,251100,0.0,0.0
2020-01-21 00:00:00-05:00,44.16639354877658,44.842743806647185,43.96256530487926,44.2775764465332,571200,0.0,0.0
2020-01-22 00:00:00-05:00,44.620383265542635,45.083634754401814,44.620383265542635,44.99098587036133,531600,0.0,0.0
2020-01-23 00:00:00-05:00,44.59258786977573,44.96318692831996,44.49993545439347,44.91686248779297,199100,0.0,0.0
2020-01-24 00:00:00-05:00,44.953922090545234,45.24113926802686,44.564789026398245,44.592586517333984,155000,0.0,0.0
2020-01-27 00:00:00-05:00,43.30475219983322,43.721675726459594,43.21209977832741,43.3603401184082,267000,0.0,0.0
2020-01-28 00:00:00-05:00,42.80443342594444,43.44371913575443,42.74884198122393,43.40665817260742,263700,0.0,0.0
2020-01-29 00:00:00-05:00,43.508577978079316,43.564169427813546,43.09165094089332,43.15650939941406,201800,0.0,0.0
2020-01-30 00:00:00-05:00,42.443102517574914,42.721052702950345,42.17441580683637,42.619136810302734,165500,0.0,0.0
2020-01-31 00:00:00-05:00,42.035437002669305,42.035437002669305,41.18305600236706,41.34982681274414,223300,0.0,0.0
2020-02-03 00:00:00-05:00,41.56292472931091,41.99838226593565,41.47953931877273,41.69263458251953,197300,0.0,0.0
2020-02-04 00:00:00-05:00,42.146624053222766,42.28559738601578,42.10029607462988,42.18368148803711,146000,0.0,0.0
2020-02-05 00:00:00-05:00,42.73031878238847,42.77664322705355,42.26706726708058,42.46163558959961,138400,0.0,0.0
2020-02-06 00:00:00-05:00,42.10029245100715,42.489425524857246,41.97984961315223,42.433834075927734,129600,0.0,0.0
2020-02-07 00:00:00-05:00,41.86866504028795,42.1188212489706,41.748222207251494,41.803810119628906,221300,0.0,0.0
2020-02-10 00:00:00-05:00,41.68336858858382,41.989112719193876,41.627777140141895,41.93352127075195,130000,0.0,0.0
2020-02-11 00:00:00-05:00,42.39677318298206,42.55428052138945,42.322654785276654,42.40604019165039,181000,0.0,0.0
2020-02-12 00:00:00-05:00,42.6839904295557,43.0916504533428,42.01690717760566,42.48942565917969,397100,0.0,0.0
2020-02-13 00:00:00-05:00,40.21023318538859,40.98849587718091,40.08051979148271,40.81245803833008,319300,0.0,0.0
2020-02-14 00:00:00-05:00,40.8309872825544,40.951433663214466,40.645685974076265,40.76613235473633,188600,0.0,0.0
2020-02-18 00:00:00-05:00,39.37637866690982,40.05272545283379,39.320787212904136,39.92301559448242,262100,0.0,0.0
2020-02-19 00:00:00-05:00,39.79330449963546,40.061991217487865,39.79330449963546,39.87668991088867,345300,0.0,0.0
2020-02-20 00:00:00-05:00,39.75623814167422,39.94153942315201,39.20960130519511,39.63579177856445,110400,0.0,0.0
2020-02-21 00:00:00-05:00,39.394908775251984,39.50608814787273,39.09842809204431,39.339317321777344,99800,0.0,0.0
2020-02-24 00:00:00-05:00,36.93967477435479,37.773528914135134,36.79143443109702,37.412193298339844,327700,0.0,0.0
2020-02-25 00:00:00-05:00,37.12497410686076,37.26395096752102,36.09655523409436,36.281856536865234,286900,0.0,0.0
2020-02-26 00:00:00-05:00,36.85628998749906,37.14350720371685,36.25406512903604,36.34671401977539,241400,0.0,0.0
2020-02-27 00:00:00-05:00,35.82786679304195,36.75436972786272,35.63330202496835,35.67962646484375,500800,0.0,0.0
2020-02-28 00:00:00-05:00,34.98474956428797,36.142878242763615,34.87357020076621,36.096553802490234,453600,0.0,0.0
2020-03-02 00:00:00-05:00,36.596865585522345,37.217620849609375,36.06875920032562,37.217620849609375,470600,0.0,0.0
2020-03-03 00:00:00-05:00,37.28247927197166,37.92176501811845,36.6339265173474,36.800697326660156,385200,0.0,0.0
2020-03-04 00:00:00-05:00,37.884708743227236,38.28310533320633,37.254686393229065,38.273841857910156,265000,0.0,0.0
2020-03-05 00:00:00-05:00,37.42144907151009,37.782784612935956,36.87481225556823,37.328800201416016,326500,0.0,0.0
2020-03-06 00:00:00-05:00,35.976112787668946,37.023058621346664,35.88346036809895,36.86555480957031,421800,0.0,0.0
2020-03-09 00:00:00-04:00,34.771656185414656,35.46653342994703,34.52149995326359,34.716068267822266,410200,0.0,0.0
2020-03-10 00:00:00-04:00,36.6339262008214,36.79143000029581,35.14225593837244,36.38376998901367,479500,0.0,0.0
2020-03-11 00:00:00-04:00,35.21637706435848,35.42947586208332,34.28987407515925,34.66047668457031,259600,0.0,0.0
2020-03-12 00:00:00-04:00,32.24230299913551,32.955710717899194,29.18484387181142,31.62154769897461,373000,0.0,0.0
2020-03-13 00:00:00-04:00,34.45664707237356,34.577093458189275,32.19598090829343,34.14163589477539,441900,0.0,0.0
2020-03-16 00:00:00-04:00,29.064399032404186,32.69629075623132,29.064399032404186,31.399185180664062,484800,0.0,0.0
2020-03-17 00:00:00-04:00,31.853173469014095,33.95633565951636,31.853173469014095,33.93780517578125,420000,0.0,0.0
2020-03-18 00:00:00-04:00,31.667871510783364,35.18858205805875,31.667871510783364,35.17005157470703,907800,0.0,0.0
2020-03-19 00:00:00-04:00,37.02305532393494,40.30287646370259,36.643189273351325,39.59873580932617,1217400,0.0,0.0
2020-03-20 00:00:00-04:00,39.57093900439327,41.45174234196361,38.36648591101489,38.78341293334961,1138400,0.0,0.0
2020-03-23 00:00:00-04:00,39.320782419458915,39.376373866687665,37.25468134422033,38.06074142456055,632900,0.0,0.0
2020-03-24 00:00:00-04:00,38.91312619388036,39.25593131597638,37.45851675937921,38.31089782714844,386500,0.0,0.0
2020-03-25 00:00:00-04:00,38.62590910200198,39.82109882965854,37.884707403027235,38.47766876220703,486900,0.0,0.0
2020-03-26 00:00:00-04:00,38.0607408681227,39.376373291015625,37.99588241347331,39.376373291015625,578000,0.0,0.0
2020-03-27 00:00:00-04:00,38.31089263184349,38.885326961523525,37.078645640658635,38.09779739379883,424400,0.0,0.0
2020-03-30 00:00:00-04:00,39.74698038895564,40.49744556218195,39.58020956505458,40.37700271606445,316000,0.0,0.0
2020-03-31 00:00:00-04:00,40.33067301034373,40.43258890217548,39.209605268851135,39.77477264404297,390500,0.0,0.0
2020-04-01 00:00:00-04:00,39.41343813050484,40.35847160652625,39.14475141456838,39.45976257324219,345100,0.0,0.0
2020-04-02 00:00:00-04:00,39.60800157574078,39.858157799285905,39.01504024629824,39.55241012573242,177400,0.0,0.0
2020-04-03 00:00:00-04:00,40.15464274994591,40.51597837774689,39.65433024945438,39.913753509521484,245800,0.0,0.0
2020-04-06 00:00:00-04:00,41.69263208431514,41.952051775188075,41.12746472834636,41.71116256713867,397200,0.0,0.0
2020-04-07 00:00:00-04:00,41.49806894106889,41.701897191452396,40.302879259613945,40.33067321777344,380700,0.0,0.0
2020-04-08 00:00:00-04:00,41.07187637128335,41.40541445552529,40.775392183632455,41.238643646240234,190900,0.0,0.0
2020-04-09 00:00:00-04:00,41.618511032429964,41.69263296529028,40.960694782771945,41.25717544555664,175100,0.0,0.0
2020-04-13 00:00:00-04:00,41.4424804692784,41.4424804692784,40.7846641604792,41.09040832519531,146800,0.0,0.0
2020-04-14 00:00:00-04:00,42.27633550878849,42.89709086091577,42.100297665870436,42.50796127319336,303100,0.0,0.0
2020-04-15 00:00:00-04:00,42.11882518912875,42.37824843036172,41.655573692897256,42.081764221191406,186300,0.0,0.0
2020-04-16 00:00:00-04:00,42.313389015775165,42.498690316957685,41.70189719590269,42.45236587524414,184200,0.0,0.0
2020-04-17 00:00:00-04:00,42.86002618799921,43.05459449938172,42.47089663389094,42.980472564697266,241300,0.0,0.0
2020-04-20 00:00:00-04:00,42.785907729620426,43.47151795288001,42.758113771315635,42.89708709716797,294500,0.0,0.0
2020-04-21 00:00:00-04:00,43.48078337898463,43.48078337898463,42.378246149648284,42.545013427734375,343400,0.0,0.0
2020-04-22 00:00:00-04:00,43.70314410705465,43.94403686238452,43.314014549822645,43.48078536987305,274500,0.0,0.0
2020-04-23 00:00:00-04:00,43.47151567534971,43.869912217044934,43.11018009900478,43.2491569519043,156100,0.0,0.0
2020-04-24 00:00:00-04:00,43.67534903815551,44.27757737684168,43.31401344867514,44.01815414428711,257400,0.0,0.0
2020-04-27 00:00:00-04:00,44.27757896665877,44.74083046402663,44.18492654658814,44.56479263305664,321700,0.0,0.0
2020-04-28 00:00:00-04:00,43.99035749636203,44.28683814315567,43.656815885137156,43.78652572631836,384000,0.0,0.0
2020-04-29 00:00:00-04:00,44.462879340422816,45.361584823134095,44.20345610399161,44.824214935302734,410700,0.0,0.0
2020-04-30 00:00:00-04:00,44.67597565026055,44.87980390627516,44.323903521757565,44.731563568115234,248400,0.0,0.0
2020-05-01 00:00:00-04:00,43.79579901464191,44.10154317922117,43.08239125151883,43.26769256591797,321600,0.0,0.0
2020-05-04 00:00:00-04:00,44.953922217853,45.00024665710622,44.22198406093638,44.75935745239258,443600,0.0,0.0
2020-05-05 00:00:00-04:00,44.59258886861483,45.028042860516344,44.231253276351055,44.62964630126953,384200,0.0,0.0
2020-05-06 00:00:00-04:00,45.157754606475464,46.16764294698676,45.07436920095331,45.70439147949219,380600,0.0,0.0
2020-05-07 00:00:00-04:00,46.380739684813726,46.41779711731186,45.398645269882564,46.195438385009766,381000,0.0,0.0
2020-05-08 00:00:00-04:00,46.343675713877516,47.6963691064034,46.3158817577235,47.61298370361328,633700,0.0,0.0
2020-05-11 00:00:00-04:00,46.46412808542363,47.835352137358136,46.41780010674275,47.344303131103516,1958900,0.0,0.0
2020-05-12 00:00:00-04:00,50.012628075861635,50.02189508444816,47.86314154645606,48.04844284057617,2687600,0.0,0.0
2020-05-13 00:00:00-04:00,49.512320124028854,50.42955966907397,48.233748500949474,49.299224853515625,2070200,0.0,0.0
2020-05-14 00:00:00-04:00,48.15035900203769,48.93788508860262,48.06697359592731,48.79890823364258,792900,0.0,0.0
2020-05-15 00:00:00-04:00,48.86376942116164,49.46599424620237,48.307865504591234,49.113922119140625,672300,0.0,0.0
2020-05-18 00:00:00-04:00,50.45735179930353,50.9113398178178,49.864390453403736,50.624122619628906,737700,0.0,0.0
2020-05-19 00:00:00-04:00,51.07810995961762,52.08799834291541,51.07810995961762,51.522830963134766,705100,0.0,0.0
2020-05-20 00:00:00-04:00,52.875525153177506,53.60746336070106,52.46786511150373,53.05155944824219,821600,0.0,0.0
2020-05-21 00:00:00-04:00,52.23624102462683,52.643901079253425,50.966929348161976,51.365325927734375,546400,0.0,0.0
2020-05-22 00:00:00-04:00,51.8285730793122,52.51418680853596,51.532092421898746,52.31962203979492,465100,0.0,0.0
2020-05-26 00:00:00-04:00,53.14421021574438,53.21832861450489,52.28256218239257,52.31035614013672,613800,0.0,0.0
2020-05-27 00:00:00-04:00,50.67971411146883,50.9484008260209,49.85512701827588,50.818687438964844,613200,0.0,0.0
2020-05-28 00:00:00-04:00,52.810672760009766,53.48701954843081,52.254772355214776,52.810672760009766,1088100,0.0,0.0
2020-05-29 00:00:00-04:00,55.117662814471856,55.49752888786323,54.07997695137437,55.07133483886719,1236700,0.0,0.0
2020-06-01 00:00:00-04:00,54.8767714667014,55.33075948519443,54.56176030991582,54.95089340209961,468400,0.0,0.0
2020-06-02 00:00:00-04:00,52.80140602508464,53.90394329140473,52.58830723092945,53.86688232421875,799900,0.0,0.0
2020-06-03 00:00:00-04:00,53.403633097547484,53.79276620081255,53.31098420998978,53.51481246948242,501400,0.0,0.0
2020-06-04 00:00:00-04:00,53.95953773245555,54.77485784975941,53.89467926912166,54.59882354736328,491600,0.0,0.0
2020-06-05 00:00:00-04:00,53.34804543763586,53.65378959552282,53.13494663342769,53.62599563598633,631700,0.0,0.0
2020-06-08 00:00:00-04:00,53.060827972389774,53.76496870708243,52.616106950321495,53.51481246948242,548800,0.0,0.0
2020-06-09 00:00:00-04:00,53.69084751912683,55.30296069871805,53.69084751912683,55.23810577392578,552700,0.0,0.0
2020-06-10 00:00:00-04:00,55.92372268293906,56.32211926307603,55.51605909340624,56.025638580322266,430100,0.0,0.0
2020-06-11 00:00:00-04:00,55.21030979304343,55.52532093091879,53.653784586403795,53.77423095703125,622200,0.0,0.0
2020-06-12 00:00:00-04:00,54.191159248250386,54.47837290156282,53.181270888625775,53.70937728881836,468400,0.0,0.0
2020-06-15 00:00:00-04:00,54.042920905770536,55.80327445974329,53.85761960158172,55.36781692504883,410900,0.0,0.0
2020-06-16 00:00:00-04:00,56.38697170337497,56.655658414742035,55.89592625691874,56.349910736083984,507400,0.0,0.0
2020-06-17 00:00:00-04:00,57.396858203246694,58.16585381046455,57.36906071152751,57.50803756713867,564200,0.0,0.0
2020-06-18 00:00:00-04:00,57.5821616537193,57.70260449647186,56.70198311534938,56.98919677734375,435700,0.0,0.0
2020-06-19 00:00:00-04:00,57.016993174484625,57.32273731433395,56.24799401894327,56.88728332519531,615800,0.0,0.0
2020-06-22 00:00:00-04:00,58.323365422434414,58.49939972268867,57.95276280320297,58.397483825683594,301100,0.0,0.0
2020-06-23 00:00:00-04:00,58.61984489464778,58.87000112731852,58.05467750242815,58.12879943847656,497400,0.0,0.0
2020-06-24 00:00:00-04:00,58.23071018566211,58.46233592790313,57.36906214177923,57.69334030151367,452000,0.0,0.0
2020-06-25 00:00:00-04:00,57.67481270036943,58.34189600234678,57.12817577998877,58.25851058959961,332800,0.0,0.0
2020-06-26 00:00:00-04:00,58.51792620226679,58.92558622805937,57.86937343016131,58.14732360839844,240500,0.0,0.0
2020-06-29 00:00:00-04:00,59.00896737815217,59.277654062607695,58.499391499089356,59.18500518798828,363100,0.0,0.0
2020-06-30 00:00:00-04:00,59.77796501899635,60.56549815237494,59.592667263293315,60.42652130126953,427500,0.0,0.0
2020-07-01 00:00:00-04:00,59.852090037424716,60.19489867868798,59.03676997413775,59.84282302856445,675800,0.0,0.0
2020-07-02 00:00:00-04:00,59.82429528608308,60.7415312286982,59.69458543838626,60.1578369140625,396100,0.0,0.0
2020-07-06 00:00:00-04:00,60.59330095323305,61.482743034014376,60.55623998295166,61.00095748901367,331100,0.0,0.0
2020-07-07 00:00:00-04:00,60.48211158119797,61.19552281275197,60.343134724653744,60.35240173339844,467000,0.0,0.0
2020-07-08 00:00:00-04:00,60.963902840068975,61.36229942988853,60.77859799093359,61.288177490234375,296300,0.0,0.0
2020-07-09 00:00:00-04:00,61.908927288721,62.59453749750802,61.42714886140875,62.58527755737305,460300,0.0,0.0
2020-07-10 00:00:00-04:00,62.84469793775724,62.89101884490562,61.816279079063754,62.103492736816406,252400,0.0,0.0
2020-07-13 00:00:00-04:00,62.68718978289432,63.33573898725209,60.78785600510114,60.9916877746582,367600,0.0,0.0
2020-07-14 00:00:00-04:00,60.64888670127514,61.3437639646747,59.9076885281765,61.214054107666016,416200,0.0,0.0
2020-07-15 00:00:00-04:00,61.927462575478856,62.159088345857505,61.18626435146172,61.881141662597656,335800,0.0,0.0
2020-07-16 00:00:00-04:00,62.18688763413144,63.26162750288315,62.03864375228577,63.15045166015625,532000,0.0,0.0
2020-07-17 00:00:00-04:00,63.39133564648492,65.15169281805952,63.36354168655675,64.83668518066406,651100,0.0,0.0
2020-07-20 00:00:00-04:00,64.54945991799114,66.40246584922319,64.31783417658713,66.18010711669922,1319800,0.0,0.0
2020-07-21 00:00:00-04:00,66.1801068147039,66.46732047076411,64.89226826386685,65.23507690429688,1374000,0.0,0.0
2020-07-22 00:00:00-04:00,67.56059024776557,68.42223823358569,66.19862984417996,67.21778869628906,1282700,0.0,0.0
2020-07-23 00:00:00-04:00,66.78233478423331,67.03248747221662,64.44754337599171,64.7347640991211,884500,0.0,0.0
2020-07-24 00:00:00-04:00,63.80826020160823,64.28077161290179,62.71498644659346,63.81752014160156,831000,0.0,0.0
2020-07-27 00:00:00-04:00,64.75328919604401,66.2356924699427,64.69770128222792,66.11524963378906,459600,0.0,0.0
2020-07-28 00:00:00-04:00,65.114624059176,65.23507396266528,64.31783098281926,64.66990661621094,373400,0.0,0.0
2020-07-29 00:00:00-04:00,65.18874143611008,66.37466395939448,65.15168047367547,66.06891632080078,270800,0.0,0.0
2020-07-30 00:00:00-04:00,65.73538053835973,67.4401496177695,65.7168535898326,67.42161560058594,363200,0.0,0.0
2020-07-31 00:00:00-04:00,67.85706607013968,67.97751596336411,66.67114356508985,67.83853912353516,371400,0.0,0.0
2020-08-03 00:00:00-04:00,68.3388643665649,69.00594766835921,68.16282653174223,68.57975006103516,492100,0.0,0.0
2020-08-04 00:00:00-04:00,66.736008273057,67.59765632403538,66.70821431474427,67.56986236572266,334000,0.0,0.0
2020-08-05 00:00:00-04:00,67.8941374983972,68.51489280085087,67.8107556228393,68.43151092529297,308100,0.0,0.0
2020-08-06 00:00:00-04:00,68.39446007501876,69.07081046321748,67.82929260600085,68.91329956054688,286000,0.0,0.0
2020-08-07 00:00:00-04:00,68.57974973417718,68.84843645548914,66.79159864097879,67.66251373291016,579600,0.0,0.0
2020-08-10 00:00:00-04:00,66.73601032062285,67.18999481385882,66.02260611696633,66.7730712890625,381100,0.0,0.0
2020-08-11 00:00:00-04:00,66.65262569809023,67.50500673112653,66.43025989661032,66.5692367553711,379600,0.0,0.0
2020-08-12 00:00:00-04:00,67.64397698804135,68.81136552292229,67.26410741574645,68.32032012939453,236600,0.0,0.0
2020-08-13 00:00:00-04:00,68.62607347447938,69.71934724221992,68.51489057535683,69.08932495117188,338200,0.0,0.0
2020-08-14 00:00:00-04:00,68.97814668137293,69.1634515256802,68.10723865342834,68.35739135742188,200400,0.0,0.0
2020-08-17 00:00:00-04:00,69.24682906344061,70.3401028360229,69.23756912329848,70.03435516357422,316600,0.0,0.0
2020-08-18 00:00:00-04:00,68.59827951686289,69.17271389267795,68.2184099130199,69.08932495117188,397700,0.0,0.0
2020-08-19 00:00:00-04:00,69.06153336002014,69.82126552508257,68.7372587289551,69.01520538330078,444000,0.0,0.0
2020-08-20 00:00:00-04:00,69.23756659143136,70.02509266276685,68.98740684360966,69.96949768066406,264800,0.0,0.0
2020-08-21 00:00:00-04:00,68.15356028285228,69.40434502200188,68.01459048397533,69.3302230834961,501700,0.0,0.0
2020-08-24 00:00:00-04:00,69.53404938312804,69.5618433407062,68.3759206929937,68.7001953125,400300,0.0,0.0
2020-08-25 00:00:00-04:00,68.45003017215988,68.62606798118186,68.01457975659687,68.45929718017578,390200,0.0,0.0
2020-08-26 00:00:00-04:00,68.5797481503185,69.47845718082685,68.45930530643906,69.32095336914062,331500,0.0,0.0
2020-08-27 00:00:00-04:00,69.48771782654934,69.48771782654934,66.89350686689569,67.49573516845703,492100,0.0,0.0
2020-08-28 00:00:00-04:00,66.70821632325422,67.32897163978461,66.51365154055023,66.99542999267578,629900,0.0,0.0
2020-08-31 00:00:00-04:00,68.08870011158534,70.41422450539525,68.06090615394984,69.28388977050781,1103200,0.0,0.0
2020-09-01 00:00:00-04:00,69.95097595694381,70.48834938924963,69.38580856583887,70.26598358154297,592200,0.0,0.0
2020-09-02 00:00:00-04:00,70.4698154065978,70.90527294442259,69.3672816512861,70.04362487792969,525300,0.0,0.0
2020-09-03 00:00:00-04:00,68.56122423887771,68.57049124840427,64.88300607777981,65.25360870361328,865900,0.0,0.0
2020-09-04 00:00:00-04:00,65.02198043478796,65.5500868588907,62.816905852661186,64.96639251708984,727100,0.0,0.0
2020-09-08 00:00:00-04:00,62.307324327422876,63.585895872994115,61.87186680336883,61.964515686035156,684900,0.0,0.0
2020-09-09 00:00:00-04:00,64.03988167668308,64.89226263068899,63.548829212103136,64.43827819824219,510600,0.0,0.0
2020-09-10 00:00:00-04:00,64.95712807263345,65.01271599252635,62.891023203175635,63.15970993041992,367200,0.0,0.0
2020-09-11 00:00:00-04:00,64.6884326453573,64.89226441576055,63.17823545256553,63.72486877441406,425900,0.0,0.0
2020-09-14 00:00:00-04:00,64.8274158791626,65.60567500426458,64.74402693366916,65.29993438720703,343800,0.0,0.0
2020-09-15 00:00:00-04:00,66.26348610208709,66.54143980711798,65.21654034129591,65.80950164794922,422100,0.0,0.0
2020-09-16 00:00:00-04:00,66.94911080299337,67.1158816308307,64.87373893020508,64.89227294921875,315900,0.0,0.0
2020-09-17 00:00:00-04:00,65.35551959725629,66.14304569892991,64.67916932675843,65.29066467285156,916900,0.0,0.0
2020-09-18 00:00:00-04:00,67.7429612734564,67.7429612734564,65.3976156796208,66.21379852294922,936900,0.874,0.0
2020-09-21 00:00:00-04:00,66.60781018366887,68.82181684124126,66.27946325509377,68.7280044555664,705900,0.0,0.0
2020-09-22 00:00:00-04:00,68.09006523847385,68.90624080739076,67.27388251213125,68.7655258178711,444400,0.0,0.0
2020-09-23 00:00:00-04:00,69.11264255099847,70.02263779067187,68.38089586763174,68.46533203125,534700,0.0,0.0
2020-09-24 00:00:00-04:00,66.53274749833467,72.21786883816533,66.34512275494231,68.69046783447266,2661300,0.0,0.0
2020-09-25 00:00:00-04:00,67.50841427781114,68.69047024342784,67.28326314635929,68.61541748046875,640700,0.0,0.0
2020-09-28 00:00:00-04:00,68.80304542827355,70.43541089008856,68.62480405474317,70.34159851074219,659800,0.0,0.0
2020-09-29 00:00:00-04:00,70.97954041419392,72.71509467145385,70.92324725453594,72.36798095703125,615600,0.0,0.0
2020-09-30 00:00:00-04:00,72.37735980856266,73.63446149581452,72.0114865021281,72.52745819091797,719900,0.0,0.0
2020-10-01 00:00:00-04:00,73.6438456716836,74.01910236773791,72.61189512560382,73.66260528564453,488800,0.0,0.0
2020-10-02 00:00:00-04:00,72.66817986889309,73.6344610132688,72.59312709949424,72.9683837890625,363200,0.0,0.0
2020-10-05 00:00:00-04:00,74.41312466074726,75.86724179083745,74.40374127429926,75.77342224121094,441900,0.0,0.0
2020-10-06 00:00:00-04:00,71.19530882988234,72.6400425452739,70.46356216463533,71.13902282714844,1657500,0.0,0.0
2020-10-07 00:00:00-04:00,71.87076898058253,72.03963414500826,71.20469170907727,71.57994842529297,309300,0.0,0.0
2020-10-08 00:00:00-04:00,72.19910768784354,72.60250735921197,72.03962592780678,72.24601745605469,352700,0.0,0.0
2020-10-09 00:00:00-04:00,73.55002995298929,74.73208598687842,73.4093078036696,74.6195068359375,322000,0.0,0.0
2020-10-12 00:00:00-04:00,75.31372740242391,76.68340820371608,75.11671925539824,76.1955795288086,416000,0.0,0.0
2020-10-13 00:00:00-04:00,75.95166343034967,76.17681458127801,75.35125558959007,75.66084289550781,451900,0.0,0.0
2020-10-14 00:00:00-04:00,76.15806131593119,76.20497109010512,75.05105792523689,75.19178009033203,289500,0.0,0.0
2020-10-15 00:00:00-04:00,74.41312280802781,75.04167369328626,73.80333153777156,74.84466552734375,314200,0.0,0.0
2020-10-16 00:00:00-04:00,75.56703166543939,75.8766118186548,74.85404465962355,74.89157104492188,296800,0.0,0.0
2020-10-19 00:00:00-04:00,75.55764556380713,75.84846609263279,74.49755205758308,75.07919311523438,748400,0.0,0.0
2020-10-20 00:00:00-04:00,87.97859558316534,89.78920251998193,85.27676025647281,86.90911865234375,7572900,0.0,0.0
2020-10-21 00:00:00-04:00,87.20932461625154,89.28260914139722,86.13046427452085,86.4869613647461,1931700,0.0,0.0
2020-10-22 00:00:00-04:00,86.47757055054865,86.66519530802586,82.9126428990759,83.57872009277344,1166400,0.0,0.0
2020-10-23 00:00:00-04:00,82.89389136199378,83.02523013650827,81.449157684908,82.57492065429688,820700,0.0,0.0
2020-10-26 00:00:00-04:00,80.28585885086142,81.77749496708023,79.75112042991545,80.52039337158203,1118200,0.0,0.0
2020-10-27 00:00:00-04:00,82.76255143507277,82.83760420730067,81.49606632278854,81.65554809570312,667300,0.0,0.0
2020-10-28 00:00:00-04:00,80.25772278396282,80.55792671011133,79.39463023353795,80.2858657836914,985300,0.0,0.0
2020-10-29 00:00:00-04:00,81.85255965924787,81.89008604692268,79.76050828029395,79.79803466796875,646100,0.0,0.0
2020-10-30 00:00:00-04:00,79.83555806269445,79.91999422115398,78.19381623995866,79.41339874267578,635000,0.0,0.0
2020-11-02 00:00:00-05:00,79.53535104175243,80.10761588462293,78.8036044315052,79.8167953491211,488600,0.0,0.0
2020-11-03 00:00:00-05:00,81.4022480951616,82.99708732237681,80.95194576936481,82.6875,545400,0.0,0.0
2020-11-04 00:00:00-05:00,82.39667770274167,84.42305244071734,82.37791093106595,84.12284851074219,571400,0.0,0.0
2020-11-05 00:00:00-05:00,87.12489204695285,88.50394910698064,86.6182965900866,87.8941650390625,695600,0.0,0.0
2020-11-06 00:00:00-05:00,87.8284963341168,88.72910810080937,87.37818687205747,88.12870025634766,530300,0.0,0.0
2020-11-09 00:00:00-05:00,78.64411780537387,78.8129829478771,70.4729359000645,71.22344207763672,5070900,0.0,0.0
2020-11-10 00:00:00-05:00,74.95724635380721,75.21992391422907,71.24221980478359,73.29673767089844,2928600,0.0,0.0
2020-11-11 00:00:00-05:00,77.25567003121765,78.6253507793156,76.2237195670261,77.72473907470703,1413300,0.0,0.0
2020-11-12 00:00:00-05:00,78.02495565408172,78.33454299086998,75.99858077881454,76.78661346435547,896300,0.0,0.0
2020-11-13 00:00:00-05:00,77.62154813359109,78.4283475110969,76.66465037470743,78.01557159423828,853400,0.0,0.0
2020-11-16 00:00:00-05:00,76.03609916061616,78.31577512863164,75.85785062352112,77.79041290283203,635000,0.0,0.0
2020-11-17 00:00:00-05:00,76.85227774034874,77.28382044286799,75.52950663266981,75.92352294921875,650800,0.0,0.0
2020-11-18 00:00:00-05:00,76.95547400346545,76.9742407752835,75.26682956858349,76.04547882080078,841800,0.0,0.0
2020-11-19 00:00:00-05:00,77.30258642038078,78.87865882781064,76.72093817995594,78.60659790039062,721900,0.0,0.0
2020-11-20 00:00:00-05:00,77.85608009957775,79.25391104319363,77.62154557100908,78.54092407226562,626200,0.0,0.0
2020-11-23 00:00:00-05:00,78.74732335273295,78.77546635374283,76.19558628558129,76.4113540649414,668100,0.0,0.0
2020-11-24 00:00:00-05:00,76.1017756460487,77.55588560526049,75.78280492660808,77.44331359863281,665700,0.0,0.0
2020-11-25 00:00:00-05:00,78.08124262311807,80.72679196215154,78.06247585165919,80.62359619140625,1062900,0.0,0.0
2020-11-27 00:00:00-05:00,80.63297538689275,81.75874552078825,80.15453005847796,81.57111358642578,543700,0.0,0.0
2020-11-30 00:00:00-05:00,83.46614940366695,84.77016081353085,82.27470998707567,84.71387481689453,1189300,0.0,0.0
2020-12-01 00:00:00-05:00,81.59926102937172,82.88450573921152,81.11142517368884,82.7625503540039,971900,0.0,0.0
2020-12-02 00:00:00-05:00,81.96513805267745,82.26534199383055,80.82060829033543,81.13019561767578,601400,0.0,0.0
2020-12-03 00:00:00-05:00,81.84317200369001,81.94636777505595,81.10204198998298,81.30843353271484,610500,0.0,0.0
2020-12-04 00:00:00-05:00,80.39844167368128,81.9369877643323,79.96689895629639,81.91822814941406,688700,0.0,0.0
2020-12-07 00:00:00-05:00,81.22399988652033,83.37233703331177,81.21461650127124,82.92202758789062,625200,0.0,0.0
2020-12-08 00:00:00-05:00,82.55615918289409,84.89212122842164,82.4435800255167,84.11347198486328,559500,0.0,0.0
2020-12-09 00:00:00-05:00,84.33862601309113,84.4981077900682,82.03080688899287,82.69688415527344,458000,0.0,0.0
2020-12-10 00:00:00-05:00,82.40605705582787,84.36676963956366,82.19967266155312,84.05718231201172,368300,0.0,0.0
2020-12-11 00:00:00-05:00,83.55058383727894,85.58634912306049,83.37234245051953,84.23542785644531,527400,0.0,0.0
2020-12-14 00:00:00-05:00,84.56377206786266,85.06098414099534,83.75697268818189,83.86016845703125,440700,0.0,0.0
2020-12-15 00:00:00-05:00,84.96718289909155,85.35182302568013,84.27296258278702,84.80770111083984,563300,0.0,0.0
2020-12-16 00:00:00-05:00,85.92407100914147,86.36499709142991,85.29552015701489,85.79273223876953,664000,0.0,0.0
2020-12-17 00:00:00-05:00,87.612721796659,88.24127264325621,86.96540417878737,87.91292572021484,603600,0.0,0.0
2020-12-18 00:00:00-05:00,87.856643641994,89.00117338832287,87.1717996084373,88.98240661621094,570700,0.0,0.0
2020-12-21 00:00:00-05:00,87.62210718937484,89.32951838572617,87.07798532877052,89.17941284179688,573000,0.0,0.0
2020-12-22 00:00:00-05:00,88.700964931903,90.00497638760946,88.50394962189819,89.14188385009766,705000,0.0,0.0
2020-12-23 00:00:00-05:00,88.8698292851128,89.12312343402627,87.89416475915445,88.0067367553711,324200,0.0,0.0
2020-12-24 00:00:00-05:00,88.23188663731766,88.56961690856947,87.05921407253366,87.20931243896484,182600,0.0,0.0
2020-12-28 00:00:00-05:00,89.63909993202003,89.63909993202003,87.5751917804017,88.41951751708984,445000,0.0,0.0
2020-12-29 00:00:00-05:00,90.25826861939616,90.80239045252405,89.37641648690793,90.34270477294922,724500,0.0,0.0
2020-12-30 00:00:00-05:00,91.71238067044222,91.90938880827717,90.92434096167683,91.28083801269531,604200,0.0,0.0
2020-12-31 00:00:00-05:00,91.91878046012856,92.22836061461187,90.64291198446475,91.17765045166016,512500,0.0,0.0
2021-01-04 00:00:00-05:00,93.52300114445649,94.01082986803584,89.60158311104283,92.37847137451172,1161100,0.0,0.0
2021-01-05 00:00:00-05:00,92.85691517465534,93.6168047689079,92.48165849150158,93.48546600341797,624900,0.0,0.0
2021-01-06 00:00:00-05:00,91.14949967894704,93.99205692833954,90.91496515794204,92.8569107055664,750500,0.0,0.0
2021-01-07 00:00:00-05:00,93.9264018422188,97.48194658061874,93.9264018422188,96.89091491699219,739000,0.0,0.0
2021-01-08 00:00:00-05:00,97.81028671038474,99.30192295142699,97.35997724365102,98.36378479003906,1206100,0.0,0.0
2021-01-11 00:00:00-05:00,95.94338553883058,96.33740900183415,94.76133662209813,95.6525650024414,945600,0.0,0.0
2021-01-12 00:00:00-05:00,96.12163223122923,96.39369314864206,94.78947780038789,95.62442016601562,489800,0.0,0.0
2021-01-13 00:00:00-05:00,96.82523559863952,98.03543464598344,96.52503168314982,97.3036880493164,537800,0.0,0.0
2021-01-14 00:00:00-05:00,96.40307420794758,98.06357551372935,96.309261828413,97.38811492919922,1236200,0.0,0.0
2021-01-15 00:00:00-05:00,96.8346231291543,97.37874498596682,94.25474315961442,94.66752624511719,809000,0.0,0.0
2021-01-19 00:00:00-05:00,96.58132529333511,97.04101816690161,90.30518557208318,91.68424987792969,3431300,0.0,0.0
2021-01-20 00:00:00-05:00,94.30165129099043,95.87772379634474,92.81939833414037,94.18907928466797,1656400,0.0,0.0
2021-01-21 00:00:00-05:00,96.1591666342504,99.02986726973543,95.44617958976092,98.4388427734375,1344500,0.0,0.0
2021-01-22 00:00:00-05:00,96.85337842844153,98.16677324045295,96.74080643372044,97.75399017333984,767000,0.0,0.0
2021-01-25 00:00:00-05:00,98.65461519926703,99.41450484050527,96.45936811940739,98.17616271972656,1057500,0.0,0.0
2021-01-26 00:00:00-05:00,97.23802341202405,97.8290478864624,95.34298028760206,96.25297546386719,683100,0.0,0.0
2021-01-27 00:00:00-05:00,96.09349095597857,101.19696478050572,94.89267526960185,100.36202239990234,1596500,0.0,0.0
2021-01-28 00:00:00-05:00,100.37139593618355,102.93251616533612,99.67717572813274,100.54964447021484,1001900,0.0,0.0
2021-01-29 00:00:00-05:00,98.50451139224528,99.31131082005207,96.1591658829061,98.42945861816406,1055800,0.0,0.0
2021-02-01 00:00:00-05:00,99.01110376477243,99.78976016714712,98.06358220474328,99.39573669433594,677800,0.0,0.0
2021-02-02 00:00:00-05:00,100.97181427688524,103.69241655270133,100.83109926949909,103.0638656616211,903000,0.0,0.0
2021-02-03 00:00:00-05:00,103.57045406951174,103.57045406951174,101.63788459707851,102.39778137207031,689000,0.0,0.0
2021-02-04 00:00:00-05:00,102.85746369756635,103.12952461335591,101.41273012273173,102.91374969482422,593300,0.0,0.0
2021-02-05 00:00:00-05:00,103.38282616294366,104.99642500254724,103.14829161433677,104.93075561523438,668800,0.0,0.0
2021-02-08 00:00:00-05:00,105.54054280507943,107.65135366118102,105.22157926683306,106.77888488769531,951200,0.0,0.0
2021-02-09 00:00:00-05:00,107.23857269137132,109.64021129084419,107.21981307710432,108.94598388671875,653600,0.0,0.0
2021-02-10 00:00:00-05:00,110.26875665752728,110.31565926957106,107.7545461828659,108.63639831542969,584800,0.0,0.0
2021-02-11 00:00:00-05:00,109.48072147740973,111.33823820160401,109.13361493557518,111.29132843017578,765500,0.0,0.0
2021-02-12 00:00:00-05:00,110.15617952405857,111.36637859281151,109.87474237436028,111.25379943847656,674200,0.0,0.0
2021-02-16 00:00:00-05:00,112.62349261877833,112.80173400790169,110.49391491844393,110.99112701416016,707800,0.0,0.0
2021-02-17 00:00:00-05:00,109.34000355426208,110.17494592988979,106.24414481586257,107.98908233642578,653400,0.0,0.0
2021-02-18 00:00:00-05:00,107.89526756914103,109.01164706886323,106.57248937967054,108.62701416015625,576500,0.0,0.0
2021-02-19 00:00:00-05:00,110.03422292414017,110.12803530633495,108.80526425530873,109.20866394042969,485700,0.0,0.0
2021-02-22 00:00:00-05:00,108.7958778090216,108.8146374219624,105.63434980027867,106.02836608886719,707500,0.0,0.0
2021-02-23 00:00:00-05:00,101.27201092044335,104.21776415312873,96.93781722718613,103.73931884765625,1692300,0.0,0.0
2021-02-24 00:00:00-05:00,102.81994443907803,103.41097608094822,101.02810421374289,103.35468292236328,805800,0.0,0.0
2021-02-25 00:00:00-05:00,102.25706128098562,103.53292977414982,98.62646395974873,99.28316497802734,1071500,0.0,0.0
2021-02-26 00:00:00-05:00,100.54026255557267,102.62293036761581,99.16119834719676,101.3564453125,960800,0.0,0.0
2021-03-01 00:00:00-05:00,100.92490521921854,102.16324730717224,100.2869709825499,100.83109283447266,1212000,0.0,0.0
2021-03-02 00:00:00-05:00,102.43531274394485,102.45407235874966,100.52150994966325,100.89676666259766,617300,0.0,0.0
2021-03-03 00:00:00-05:00,99.78036622169263,100.15562288314801,93.19463292755586,94.52679443359375,1862800,0.0,0.0
2021-03-04 00:00:00-05:00,93.45732392700828,94.32979268204464,87.54705079193279,88.56024169921875,3025100,0.0,0.0
2021-03-05 00:00:00-05:00,90.89620063262423,91.00877978215978,85.75520781340525,89.3013687133789,2159700,0.0,0.0
2021-03-08 00:00:00-05:00,87.64086189785769,88.67281240361511,85.35180974047825,85.51129150390625,1635200,0.0,0.0
2021-03-09 00:00:00-05:00,90.2207409235488,91.80619663041513,89.65785948527417,90.99939727783203,1285900,0.0,0.0
2021-03-10 00:00:00-05:00,92.10640750735683,92.42537105544629,89.3013763316545,89.8642578125,790600,0.0,0.0
2021-03-11 00:00:00-05:00,93.62619749283913,94.5549523292764,92.22836638760315,94.30165100097656,795600,0.0,0.0
2021-03-12 00:00:00-05:00,92.33156215469046,93.13836159875713,91.30899492757494,92.8381576538086,656500,0.0,0.0
2021-03-15 00:00:00-04:00,93.34473845510821,94.686276188549,92.57546551996614,94.52679443359375,517600,0.0,0.0
2021-03-16 00:00:00-04:00,95.25855428338858,96.12163971501076,94.32041607751407,95.51184844970703,686000,0.0,0.0
2021-03-17 00:00:00-04:00,93.07268801368537,95.40865007867883,91.98445144634042,94.91143798828125,608600,0.0,0.0
2021-03-18 00:00:00-04:00,94.14216613769531,95.48370403858058,93.72000681425699,94.14216613769531,772600,0.0,0.0
2021-03-19 00:00:00-04:00,94.75195707041772,96.05596858027786,93.89824788303048,95.25855255126953,668900,0.0,0.0
2021-03-22 00:00:00-04:00,97.63203460488249,98.65460888532361,96.87214501227756,98.08234405517578,718400,0.0,0.0
2021-03-23 00:00:00-04:00,99.33944653076452,100.68098434995233,98.8234676936054,99.21749114990234,902500,0.0,0.0
2021-03-24 00:00:00-04:00,99.05800620524937,99.18935213424018,95.00524958607889,95.90586853027344,1028700,0.0,0.0
2021-03-25 00:00:00-04:00,95.19288181030666,96.11225321411027,94.4705114070347,95.91524505615234,514600,0.0,0.0
2021-03-26 00:00:00-04:00,96.22483702139161,97.80090951863647,96.14040801708417,97.55699157714844,855700,0.0,0.0
2021-03-29 00:00:00-04:00,97.66018018546906,97.88533133785535,95.76514426781773,96.55317687988281,540200,0.0,0.0
2021-03-30 00:00:00-04:00,96.26236113955648,97.07854394908506,95.50247148899892,96.84400939941406,443600,0.0,0.0
2021-03-31 00:00:00-04:00,97.37874468309141,99.11429886208039,97.26616552627911,98.03543853759766,517600,0.0,0.0
2021-04-01 00:00:00-04:00,99.8835726209475,101.45026165515654,99.48955630529485,101.30016326904297,439900,0.0,0.0
2021-04-05 00:00:00-04:00,102.7355134280206,102.84808542813596,101.10314785208527,102.65107727050781,448000,0.0,0.0
2021-04-06 00:00:00-04:00,102.51035443675714,102.63231697931263,100.34325755971597,100.72789764404297,950100,0.0,0.0
2021-04-07 00:00:00-04:00,99.43326336446805,100.24006276918736,98.77656950361572,99.28316497802734,622500,0.0,0.0
2021-04-08 00:00:00-04:00,101.98499366938496,102.72612363946489,100.98118617217307,102.21952819824219,562700,0.0,0.0
2021-04-09 00:00:00-04:00,101.66602591949852,102.26643371582031,101.36582202133764,102.26643371582031,492100,0.0,0.0
2021-04-12 00:00:00-04:00,101.90994202520196,102.43530424268008,101.09376643653879,101.45025634765625,526100,0.0,0.0
2021-04-13 00:00:00-04:00,103.17643631353329,104.09580768727123,101.90994409212274,102.71674346923828,521200,0.0,0.0
2021-04-14 00:00:00-04:00,104.13333925287097,104.17086563942082,102.9700498995309,103.01695251464844,435500,0.0,0.0
2021-04-15 00:00:00-04:00,104.2083842607777,104.62116016721497,103.40158490364118,104.24591064453125,434900,0.0,0.0
2021-04-16 00:00:00-04:00,104.67746406744229,106.71322228243247,104.33035035015773,106.43177795410156,585700,0.0,0.0
2021-04-19 00:00:00-04:00,106.28166513983902,107.55753351561154,106.13155960978314,107.0040283203125,725300,0.0,0.0
2021-04-20 00:00:00-04:00,106.06589274875363,106.6475409553956,104.94951326150841,105.9157943725586,741600,0.0,0.0
2021-04-21 00:00:00-04:00,104.33972239183304,107.10722697066817,104.26466962478153,106.92898559570312,542000,0.0,0.0
2021-04-22 00:00:00-04:00,107.39804954087282,107.91402118558057,106.35671570924067,107.19165802001953,710200,0.0,0.0
2021-04-23 00:00:00-04:00,108.86154950860566,109.89350002054245,108.28928467647758,109.76216125488281,518900,0.0,0.0
2021-04-26 00:00:00-04:00,108.7489714492173,108.91783660068049,107.52939616191738,107.86712646484375,616700,0.0,0.0
2021-04-27 00:00:00-04:00,107.00404460012743,107.58569288144871,106.2629145369271,107.46373748779297,499200,0.0,0.0
2021-04-28 00:00:00-04:00,106.8726961846547,107.04156133772175,104.64931335293569,105.19342803955078,906600,0.0,0.0
2021-04-29 00:00:00-04:00,105.41859444866304,105.59683584356613,99.770998351251,102.3884048461914,1836500,0.0,0.0
2021-04-30 00:00:00-04:00,103.44850230336178,106.60064741500405,103.38283291176202,104.02076721191406,1508700,0.0,0.0
2021-05-03 00:00:00-04:00,104.03952713896135,104.06767013959119,102.81056123785554,103.4672622680664,1016300,0.0,0.0
2021-05-04 00:00:00-04:00,103.88941513059378,104.82755326617868,102.81993822862106,104.38662719726562,921600,0.0,0.0
2021-05-05 00:00:00-04:00,106.35672974895107,106.84455846110697,105.19343323374797,105.83136749267578,522500,0.0,0.0
2021-05-06 00:00:00-04:00,104.97766692683841,105.05271970127518,103.44849706675188,104.94952392578125,442100,0.0,0.0
2021-05-07 00:00:00-04:00,105.5593036600205,108.4675377107819,105.54992743167442,107.47310638427734,920500,0.0,0.0
2021-05-10 00:00:00-04:00,104.93074864309128,104.93074864309128,101.56283618444269,101.6847915649414,1203200,0.0,0.0
2021-05-11 00:00:00-04:00,98.35440208011971,99.77099271762792,97.12544337063396,99.16120147705078,1414300,0.0,0.0
2021-05-12 00:00:00-04:00,97.14420584968303,97.72584690728645,93.10082565793299,93.59803771972656,1622800,0.0,0.0
2021-05-13 00:00:00-04:00,94.8926706686556,95.58689086166494,92.4535130292891,93.7856674194336,903000,0.0,0.0
2021-05-14 00:00:00-04:00,95.65256486358813,99.161199538619,95.04277363493136,98.79532623291016,1212800,0.0,0.0
2021-05-17 00:00:00-04:00,99.29254700172639,99.96800767369896,98.41070193103039,99.2550277709961,706700,0.0,0.0
2021-05-18 00:00:00-04:00,101.72231956955282,101.76922933987511,100.27758596422423,100.47459411621094,744400,0.0,0.0
2021-05-19 00:00:00-04:00,99.98676734385249,102.59479029737396,99.56460087514522,102.40716552734375,652700,0.0,0.0
2021-05-20 00:00:00-04:00,103.67365052551325,106.00961255019484,103.55168798341955,105.88765716552734,642300,0.0,0.0
2021-05-21 00:00:00-04:00,106.00960801215513,106.81640737139037,103.67364608747094,103.6924057006836,844600,0.0,0.0
2021-05-24 00:00:00-04:00,103.69240704018316,107.6888775041347,103.69240704018316,106.51620483398438,622600,0.0,0.0
2021-05-25 00:00:00-04:00,107.8858791258595,109.02102534298835,107.71701398527853,108.88968658447266,580100,0.0,0.0
2021-05-26 00:00:00-04:00,110.28751422493475,112.43585136164195,110.28751422493475,112.2013168334961,878000,0.0,0.0
2021-05-27 00:00:00-04:00,111.63844343091621,114.54667035771533,111.63844343091621,114.4528579711914,831800,0.0,0.0
2021-05-28 00:00:00-04:00,114.23707681676662,116.07583384810447,114.23707681676662,115.48480224609375,499700,0.0,0.0
2021-06-01 00:00:00-04:00,118.64633391930369,120.22239915270939,117.39860845209805,119.68766784667969,1234100,0.0,0.0
2021-06-02 00:00:00-04:00,120.71023418265716,123.9374317127748,120.19425533658855,123.15877532958984,1263700,0.0,0.0
2021-06-03 00:00:00-04:00,122.99929354040152,123.72166392477257,121.78910162424293,122.03301239013672,939700,0.0,0.0
2021-06-04 00:00:00-04:00,122.32383171115175,124.84742560244284,122.31445548308244,124.03125,626400,0.0,0.0
2021-06-07 00:00:00-04:00,124.8755710450695,125.10072935680708,123.74980811608616,125.08196258544922,544600,0.0,0.0
2021-06-08 00:00:00-04:00,127.02388746722532,128.59059062288028,126.5266754411255,128.14027404785156,885900,0.0,0.0
2021-06-09 00:00:00-04:00,129.45368094510656,131.49881512206866,129.13470311336505,130.1197509765625,1116100,0.0,0.0
2021-06-10 00:00:00-04:00,125.26020752928302,127.42730432618801,123.07434396155907,124.35958862304688,1517000,0.0,0.0
2021-06-11 00:00:00-04:00,120.97291671712244,121.57332458602704,119.3593250428328,120.30684661865234,1451600,0.0,0.0
2021-06-14 00:00:00-04:00,120.11920952347616,121.71405592457302,119.09664231513278,121.01045227050781,728300,0.0,0.0
2021-06-15 00:00:00-04:00,122.52085028141596,122.58651250935338,120.40064886343744,120.60704040527344,494600,0.0,0.0
2021-06-16 00:00:00-04:00,121.03859014983819,121.62023123183415,118.67447796405565,120.1473617553711,463900,0.0,0.0
2021-06-17 00:00:00-04:00,117.64253280573026,119.18107889544683,117.37047186630852,118.3273696899414,794200,0.0,0.0
2021-06-18 00:00:00-04:00,116.58242739907995,117.68943072751951,114.36842789962705,116.12274169921875,1017900,0.0,0.0
2021-06-21 00:00:00-04:00,116.32913597859276,119.50004049552929,116.15088743147493,118.52437591552734,520700,0.0,0.0
2021-06-22 00:00:00-04:00,116.18841391663021,118.33675124017365,115.71934481954456,118.29922485351562,678200,0.0,0.0
2021-06-23 00:00:00-04:00,117.45490264892578,118.35552164148214,117.2578944809999,117.45490264892578,398900,0.0,0.0
2021-06-24 00:00:00-04:00,118.98406246243398,118.98406246243398,117.34232071124626,117.86767578125,395000,0.0,0.0
2021-06-25 00:00:00-04:00,114.40594480450093,114.91254026560965,112.91430857798035,113.28018188476562,1458500,0.0,0.0
2021-06-28 00:00:00-04:00,113.65544463791052,114.98759916736815,113.65544463791052,114.2652359008789,584900,0.0,0.0
2021-06-29 00:00:00-04:00,114.35904394093163,115.67243880566728,114.34027716944081,115.66305541992188,619400,0.0,0.0
2021-06-30 00:00:00-04:00,113.55224590606254,114.14327038143566,112.88616865867898,113.43966674804688,623300,0.0,0.0
2021-07-01 00:00:00-04:00,113.48656778074951,113.55223716184514,112.22008276966206,112.85801696777344,405300,0.0,0.0
2021-07-02 00:00:00-04:00,114.4622445821315,115.93512128007788,114.15265725619606,115.8506851196289,531600,0.0,0.0
2021-07-06 00:00:00-04:00,116.5730454671129,116.873249380946,115.7756294920024,116.48860931396484,545400,0.0,0.0
2021-07-07 00:00:00-04:00,117.3516966753965,120.47569840412685,115.97263961973832,118.98406219482422,871500,0.0,0.0
2021-07-08 00:00:00-04:00,116.80758731332304,119.30303116131589,116.50738338069023,118.73076629638672,677300,0.0,0.0
2021-07-09 00:00:00-04:00,117.26727187472508,118.82458468078603,116.89201517324071,118.37427520751953,625300,0.0,0.0
2021-07-12 00:00:00-04:00,119.61261199984631,119.7627175367439,117.01397251978374,117.17345428466797,510100,0.0,0.0
2021-07-13 00:00:00-04:00,113.28956070450681,115.98201251221262,113.15822194107852,114.66862487792969,555200,0.0,0.0
2021-07-14 00:00:00-04:00,114.26523865334111,115.11894071611997,113.4678154362519,113.63668060302734,428900,0.0,0.0
2021-07-15 00:00:00-04:00,113.35524001348841,113.86183549854594,111.24442907112858,112.12627410888672,601000,0.0,0.0
2021-07-16 00:00:00-04:00,112.77358874427165,113.15822883017562,110.55958208679722,110.61587524414062,545400,0.0,0.0
2021-07-19 00:00:00-04:00,109.48071890013813,111.80730465414004,109.30247751924448,110.69091796875,571500,0.0,0.0
2021-07-20 00:00:00-04:00,110.57834857524568,111.30071181622928,109.86536156260678,110.72844696044922,324500,0.0,0.0
2021-07-21 00:00:00-04:00,113.26141919712393,113.93687263617795,111.55400809265564,113.68357849121094,543600,0.0,0.0
2021-07-22 00:00:00-04:00,114.64985702762588,114.79996256008774,112.47337690890926,112.85801696777344,1233000,0.0,0.0
2021-07-23 00:00:00-04:00,113.59914482813289,113.67419759770387,111.76039491820045,112.82049560546875,1257700,0.0,0.0
2021-07-26 00:00:00-04:00,113.43028761551321,114.69677269170255,112.57657845996064,113.39276123046875,1292400,0.0,0.0
2021-07-27 00:00:00-04:00,104.77127851980622,104.79942152170788,100.10873034005006,101.7410888671875,4098500,0.0,0.0
2021-07-28 00:00:00-04:00,101.58159723304479,102.16324545983365,99.82728348199753,101.36582946777344,1837900,0.0,0.0
2021-07-29 00:00:00-04:00,102.08820531957763,102.81995201828366,100.8873894901701,101.553466796875,1394500,0.0,0.0
2021-07-30 00:00:00-04:00,102.43530910816547,103.2983945070822,101.65665270901341,102.30397033691406,987200,0.0,0.0
2021-08-02 00:00:00-04:00,103.13890940221889,103.31715078176964,101.17819696775277,101.46902465820312,1160200,0.0,0.0
2021-08-03 00:00:00-04:00,101.34706712666411,102.53850663149281,101.09377296561605,101.994384765625,733100,0.0,0.0
2021-08-04 00:00:00-04:00,102.09757976853831,102.8387097890586,101.41273574839826,101.98500061035156,907200,0.0,0.0
2021-08-05 00:00:00-04:00,103.19519555614048,104.27405585025805,102.54787794818472,103.49539947509766,710700,0.0,0.0
2021-08-06 00:00:00-04:00,102.42592573976395,102.87623521086392,100.03367054205872,100.73727416992188,811600,0.0,0.0
2021-08-09 00:00:00-04:00,101.58159926612592,102.4915944305141,101.00933441341637,102.0694351196289,520900,0.0,0.0
2021-08-10 00:00:00-04:00,102.34148645267454,102.48220860542875,100.65284209190209,101.14067077636719,583200,0.0,0.0
2021-08-11 00:00:00-04:00,102.8199347077621,102.88560408870728,100.95304188595533,101.52530670166016,488600,0.0,0.0
2021-08-12 00:00:00-04:00,101.70356104134989,102.45406727253418,101.41273334561464,102.06005096435547,511200,0.0,0.0
2021-08-13 00:00:00-04:00,101.76922993609458,102.02252408801112,100.39954193486079,100.93428039550781,553200,0.0,0.0
2021-08-16 00:00:00-04:00,101.37520936233602,102.0694367683482,100.39016856855056,101.98500061035156,512900,0.0,0.0
2021-08-17 00:00:00-04:00,102.06944570361742,102.11634832223142,100.68099792747313,101.553466796875,529200,0.0,0.0
2021-08-18 00:00:00-04:00,101.30015637365926,101.45025474955581,98.88914171471933,98.9548110961914,816800,0.0,0.0
2021-08-19 00:00:00-04:00,96.92843618798898,97.42564827674745,96.05596739684208,96.59070587158203,1220900,0.0,0.0
2021-08-20 00:00:00-04:00,98.17615512279282,98.87975870873149,97.61327368552706,98.7390365600586,548800,0.0,0.0
2021-08-23 00:00:00-04:00,99.88358037120346,101.03748640763915,99.49894025410701,100.97181701660156,458300,0.0,0.0
2021-08-24 00:00:00-04:00,100.8310854128596,100.87798802306722,99.4989238807868,99.7146987915039,698700,0.0,0.0
2021-08-25 00:00:00-04:00,99.09552712767203,99.35821181374497,97.77275609914885,98.41069030761719,862300,0.0,0.0
2021-08-26 00:00:00-04:00,98.23244659978982,99.1142987670754,98.05419805769776,98.26058959960938,474100,0.0,0.0
2021-08-27 00:00:00-04:00,97.09729664489578,98.87037714146936,96.9002884961016,98.20429992675781,1009200,0.0,0.0
2021-08-30 00:00:00-04:00,97.77275804626339,99.67717732430668,97.61327628032673,99.33944702148438,780900,0.0,0.0
2021-08-31 00:00:00-04:00,97.20987973037478,97.5569862724445,95.70885293276885,96.01844024658203,887300,0.0,0.0
2021-09-01 00:00:00-04:00,97.04101485553109,98.06358202800998,96.75018715500097,97.03163146972656,597500,0.0,0.0
2021-09-02 00:00:00-04:00,96.55317626069431,96.69389841406809,94.83638173587153,94.96772766113281,617800,0.0,0.0
2021-09-03 00:00:00-04:00,96.50627899169922,97.05977709287863,96.1310222810654,96.50627899169922,468000,0.0,0.0
2021-09-07 00:00:00-04:00,97.20049382364195,97.8290446633175,96.73142475091225,96.88152313232422,404400,0.0,0.0
2021-09-08 00:00:00-04:00,95.62442061873168,95.8589551530504,93.43855704109883,94.62061309814453,803800,0.0,0.0
2021-09-09 00:00:00-04:00,94.47989798003844,95.56814173586093,94.4142285918372,94.72381591796875,491000,0.0,0.0
2021-09-10 00:00:00-04:00,95.75577302998855,96.2436017816168,94.75196536636473,94.93021392822266,298300,0.0,0.0
2021-09-13 00:00:00-04:00,93.57927515673856,94.08587058790673,92.33154977019989,92.98825073242188,633300,0.0,0.0
2021-09-14 00:00:00-04:00,93.86072773711557,94.1327815106794,92.53794946824215,92.88506317138672,591600,0.0,0.0
2021-09-15 00:00:00-04:00,92.08764126833722,92.24712303090925,91.00878099916166,92.01258850097656,554400,0.0,0.0
2021-09-16 00:00:00-04:00,90.08003160894202,92.11579705093295,89.74230842380017,91.74992370605469,962900,0.0,0.0
2021-09-17 00:00:00-04:00,88.34446956702095,90.35208467404328,88.29756695307442,89.83611297607422,1844000,0.0,0.0
2021-09-20 00:00:00-04:00,88.98247523270227,90.75416897553542,88.74561812833821,90.40361785888672,1023700,0.939,0.0
2021-09-21 00:00:00-04:00,91.62580156225862,91.99529806751778,90.29940032958984,90.29940032958984,729600,0.0,0.0
2021-09-22 00:00:00-04:00,94.08911159757388,94.4301863980498,92.57322761118361,92.86692810058594,981700,0.0,0.0
2021-09-23 00:00:00-04:00,94.75231433571574,95.48183100807708,94.11753182741649,94.81863403320312,729900,0.0,0.0
2021-09-24 00:00:00-04:00,93.80489195982861,94.39229296708616,93.40696652112837,94.12701416015625,500500,0.0,0.0
2021-09-27 00:00:00-04:00,92.39321843587994,92.90483066169354,91.62580371131224,91.69212341308594,1126400,0.0,0.0
2021-09-28 00:00:00-04:00,85.70437437036166,87.58028583039547,84.18849033757463,85.52436065673828,2493800,0.0,0.0
2021-09-29 00:00:00-04:00,85.84648675505785,86.20650694005693,84.05584768125141,84.45376586914062,783000,0.0,0.0
2021-09-30 00:00:00-04:00,84.2453324296522,85.19276083905892,83.38317633581075,83.51581573486328,1139800,0.0,0.0
2021-10-01 00:00:00-04:00,84.02743285958049,84.16954134666182,82.17047393589378,83.85689544677734,754000,0.0,0.0
2021-10-04 00:00:00-04:00,83.84741830502695,83.93268339642849,82.03782648558041,82.74839782714844,844000,0.0,0.0
2021-10-05 00:00:00-04:00,82.79576873779297,83.36422434201904,82.35047622551923,82.79576873779297,903300,0.0,0.0
2021-10-06 00:00:00-04:00,81.64937905113855,82.96630393677748,81.13776685244137,82.82418823242188,1260100,0.0,0.0
2021-10-07 00:00:00-04:00,82.92840382273573,84.12216558930787,82.71996842542737,83.1557846069336,559400,0.0,0.0
2021-10-08 00:00:00-04:00,84.19796364755148,84.21690903490314,83.07999785787322,83.23158264160156,559400,0.0,0.0
2021-10-11 00:00:00-04:00,83.18421170166397,83.55370817847971,82.34100105166861,82.47364044189453,499600,0.0,0.0
2021-10-12 00:00:00-04:00,82.87156297088467,83.90425645314058,82.35047446166057,82.91893005371094,1053000,0.0,0.0
2021-10-13 00:00:00-04:00,83.80951941983771,85.31593440687104,83.77162141462182,84.28323364257812,1158900,0.0,0.0
2021-10-14 00:00:00-04:00,85.78016619107208,86.11176467763208,84.44428870882413,84.974853515625,575800,0.0,0.0
2021-10-15 00:00:00-04:00,83.59160443617614,83.89478121155524,82.70101949611679,83.307373046875,1067700,0.0,0.0
2021-10-18 00:00:00-04:00,84.12217426177526,86.33915339994674,84.02743286095097,85.88439178466797,1008500,0.0,0.0
2021-10-19 00:00:00-04:00,85.884387405336,86.26336021761446,85.16433978483744,85.23065948486328,697500,0.0,0.0
2021-10-20 00:00:00-04:00,85.89386371342688,86.26336021761446,85.10749639290248,85.23065948486328,545700,0.0,0.0
2021-10-21 00:00:00-04:00,85.95070657850262,86.01702627812193,85.03169986355984,85.5433120727539,874000,0.0,0.0
2021-10-22 00:00:00-04:00,85.54330909662853,85.62857418104187,84.58640441115124,84.974853515625,872700,0.0,0.0
2021-10-25 00:00:00-04:00,84.27375602869493,85.36330016978062,83.83793981792172,84.70957946777344,987500,0.0,0.0
2021-10-26 00:00:00-04:00,78.11546757006366,82.86208581001746,78.0775767955147,79.88716125488281,4091000,0.0,0.0
2021-10-27 00:00:00-04:00,80.19034020135298,80.72089779893552,78.8449935913086,78.8449935913086,754900,0.0,0.0
2021-10-28 00:00:00-04:00,79.23343494311818,80.32297905501265,79.09132646494919,79.86821746826172,539700,0.0,0.0
2021-10-29 00:00:00-04:00,79.27132393018549,79.75451438591585,78.37126993873285,78.66497039794922,626600,0.0,0.0
2021-11-01 00:00:00-04:00,77.32910274283297,78.78814323552467,77.2248850484761,78.42811584472656,882600,0.0,0.0
2021-11-02 00:00:00-04:00,77.34805341738864,77.91650900746247,75.97428513901812,76.02165222167969,1208800,0.0,0.0
2021-11-03 00:00:00-04:00,75.36792928893345,76.57116013142047,75.24475897543071,76.45746612548828,873600,0.0,0.0
2021-11-04 00:00:00-04:00,77.34805641380606,77.79334893224419,76.50484568973165,76.5901107788086,480600,0.0,0.0
2021-11-05 00:00:00-04:00,75.34897587170279,75.84164266385973,74.61945921924176,75.15001678466797,709500,0.0,0.0
2021-11-08 00:00:00-05:00,76.00270357969475,76.13534297075527,75.1594929243937,75.25423431396484,820600,0.0,0.0
2021-11-09 00:00:00-05:00,75.34898173903055,75.73743086418328,74.93211091756037,75.27318572998047,458300,0.0,0.0
2021-11-10 00:00:00-05:00,75.3395022011601,75.67110791946259,74.0225773206664,74.50576782226562,511400,0.0,0.0
2021-11-11 00:00:00-05:00,74.5815717010471,75.07423133414885,74.39208166654201,74.7047348022461,495700,0.0,0.0
2021-11-12 00:00:00-05:00,76.47642227428629,77.18699358050927,75.70900757662312,76.92171478271484,977000,0.0,0.0
2021-11-15 00:00:00-05:00,76.65643387380986,77.10171914167019,75.78479426866933,75.83216857910156,355700,0.0,0.0
2021-11-16 00:00:00-05:00,75.5384680069553,75.94586249996803,74.82789672111714,75.52899169921875,517000,0.0,0.0
2021-11-17 00:00:00-05:00,75.90797295221537,76.50485029661188,75.36793900395975,75.4153060913086,686300,0.0,0.0
2021-11-18 00:00:00-05:00,75.47215439475796,75.86059630361781,74.31629052006804,75.85111999511719,739400,0.0,0.0
2021-11-19 00:00:00-05:00,77.70807112326541,78.81656780106564,76.94065646258467,77.27225494384766,1239500,0.0,0.0
2021-11-22 00:00:00-05:00,77.13014671801915,77.67964967659069,76.2395617412406,76.7606430053711,964800,0.0,0.0
2021-11-23 00:00:00-05:00,76.19218681617308,77.27225456603729,75.24475845816553,76.0595474243164,872500,0.0,0.0
2021-11-24 00:00:00-05:00,74.88474129252981,76.42904697592915,74.67630588886627,76.22061157226562,555000,0.0,0.0
2021-11-26 00:00:00-05:00,78.9018332084724,81.99992801489121,78.9018332084724,80.3134994506836,2322300,0.0,0.0
2021-11-29 00:00:00-05:00,76.67537708273439,77.67964882628405,76.67537708273439,77.28173065185547,1116200,0.0,0.0
2021-11-30 00:00:00-05:00,76.42904698401411,77.00697888394049,74.40155079448071,75.51004028320312,766500,0.0,0.0
2021-12-01 00:00:00-05:00,76.34378318459794,77.10172157732252,74.98896026611328,74.98896026611328,856800,0.0,0.0
2021-12-02 00:00:00-05:00,74.90368558168468,75.48161747307573,73.9752098150041,75.12159729003906,713600,0.0,0.0
2021-12-03 00:00:00-05:00,74.80894514292964,74.81842145079759,72.66775494798934,73.4825439453125,539400,0.0,0.0
2021-12-06 00:00:00-05:00,73.37832631876152,74.80894521947486,72.76250364451006,74.49629211425781,615300,0.0,0.0
2021-12-07 00:00:00-05:00,75.06475135050442,77.29120652733016,75.06475135050442,77.1869888305664,776900,0.0,0.0
2021-12-08 00:00:00-05:00,77.91650576998755,78.12494116429184,77.11119311515206,78.09651947021484,796000,0.0,0.0
2021-12-09 00:00:00-05:00,78.13442582116444,78.76920115106503,77.35753477738771,77.67965698242188,759600,0.0,0.0
2021-12-10 00:00:00-05:00,77.54702188448081,77.90704934340603,76.59011706808793,77.01646423339844,427500,0.0,0.0
2021-12-13 00:00:00-05:00,78.92078946202165,79.29975504346253,77.47121792262024,77.52806854248047,1068400,0.0,0.0
2021-12-14 00:00:00-05:00,77.74597780916595,77.77439950669101,76.68486255060091,77.2627944946289,585700,0.0,0.0
2021-12-15 00:00:00-05:00,77.85966752068047,78.7407762367455,76.34378350065062,78.63655853271484,588400,0.0,0.0
2021-12-16 00:00:00-05:00,78.71235889165366,79.4418756318875,77.76493042322733,78.27654266357422,936300,0.0,0.0
2021-12-17 00:00:00-05:00,78.27654000023493,79.14817242673675,77.80282578213976,78.92079162597656,1127300,0.0,0.0
2021-12-20 00:00:00-05:00,77.25331124357811,77.65122942978071,76.4953656455975,77.55648803710938,500900,0.0,0.0
2021-12-21 00:00:00-05:00,78.0112427353344,79.74503825874784,77.83123627362073,79.67871856689453,670700,0.0,0.0
2021-12-22 00:00:00-05:00,80.5977326289848,81.01460343250874,80.37035183992856,80.90090942382812,540800,0.0,0.0
2021-12-23 00:00:00-05:00,80.86300340385057,80.88195601757077,79.99137110863127,80.39876556396484,448000,0.0,0.0
2021-12-27 00:00:00-05:00,80.37035632370328,80.90091393720208,80.01980519860993,80.43667602539062,361300,0.0,0.0
2021-12-28 00:00:00-05:00,80.53141567092868,80.71142938372135,79.451347850783,79.8492660522461,433300,0.0,0.0
2021-12-29 00:00:00-05:00,79.93453786598623,80.12402065740399,79.4039730390672,79.45134735107422,429200,0.0,0.0
2021-12-30 00:00:00-05:00,79.49872191370909,80.06717751805965,79.46082390964503,79.65030670166016,372800,0.0,0.0
2021-12-31 00:00:00-05:00,79.44187029874612,79.79242141072046,78.11546908633294,78.1438980102539,441600,0.0,0.0
2022-01-03 00:00:00-05:00,80.66404867416152,80.79668806412994,79.36606923997957,80.74932098388672,785500,0.0,0.0
2022-01-04 00:00:00-05:00,80.62615626677864,81.27040787488215,79.88716326331095,80.67353057861328,695800,0.0,0.0
2022-01-05 00:00:00-05:00,81.43147289431501,82.96630959508244,80.77775217498345,81.02407836914062,1498100,0.0,0.0
2022-01-06 00:00:00-05:00,79.52714864472993,79.74505314651286,76.27746868061992,76.5427474975586,1553700,0.0,0.0
2022-01-07 00:00:00-05:00,75.63321785390802,77.26279600811797,75.48162582639745,76.73223114013672,669700,0.0,0.0
2022-01-10 00:00:00-05:00,76.13535230100513,78.53234516959488,75.55742035700061,78.27654266357422,1002700,0.0,0.0
2022-01-11 00:00:00-05:00,78.23863618230513,81.5925334646229,78.21021448786,81.43146514892578,2057100,0.0,0.0
2022-01-12 00:00:00-05:00,80.88196342929614,81.72517410950807,79.27133084578537,79.48924255371094,934300,0.0,0.0
2022-01-13 00:00:00-05:00,79.68820146425797,79.73557577448732,77.94492948974788,78.17231750488281,461200,0.0,0.0
2022-01-14 00:00:00-05:00,78.57971499938516,80.5882586116954,78.43759929157137,80.46509552001953,745900,0.0,0.0
2022-01-18 00:00:00-05:00,77.85965567791416,78.06809105427163,76.11638389880959,76.35324096679688,951700,0.0,0.0
2022-01-19 00:00:00-05:00,75.79427100601337,76.82696447888392,75.1215977182316,75.21633911132812,671700,0.0,0.0
2022-01-20 00:00:00-05:00,76.59010765093528,77.74597144436459,73.94678880122696,73.99415588378906,911900,0.0,0.0
2022-01-21 00:00:00-05:00,73.25516466164466,73.27411004946529,70.65921283190833,70.72553253173828,2152300,0.0,0.0
2022-01-24 00:00:00-05:00,69.10542211013288,70.69710193393857,67.37162659649906,70.5360336303711,2190400,0.0,0.0
2022-01-25 00:00:00-05:00,73.35938810819258,74.86579593438661,71.22767401038958,73.69098663330078,3415700,0.0,0.0
2022-01-26 00:00:00-05:00,78.01125398023049,78.36180510387332,74.79000307925345,75.47215270996094,2175300,0.0,0.0
2022-01-27 00:00:00-05:00,77.33857462284429,77.43332324173095,75.47214682063625,76.56168365478516,1471500,0.0,0.0
2022-01-28 00:00:00-05:00,76.41957745947458,77.5943866399561,75.48161814835076,77.54701232910156,812600,0.0,0.0
2022-01-31 00:00:00-05:00,77.25330909512087,79.09132242070947,77.25330909512087,79.00605010986328,946100,0.0,0.0
2022-02-01 00:00:00-05:00,77.2438319531461,77.54700873497056,75.81321312564408,76.98802947998047,844200,0.0,0.0
2022-02-02 00:00:00-05:00,78.15336269061527,78.55128809175329,77.34805003750836,78.20073699951172,728300,0.0,0.0
2022-02-03 00:00:00-05:00,76.46694635432105,76.6280074497557,75.16896682617713,75.2921371459961,726800,0.0,0.0
2022-02-04 00:00:00-05:00,75.19740033126666,75.53847515902673,74.14575415039072,75.1310806274414,517300,0.0,0.0
2022-02-07 00:00:00-05:00,74.38261253307913,75.11212928756345,74.06995939759767,74.40155792236328,401700,0.0,0.0
2022-02-08 00:00:00-05:00,72.84776722464709,74.8373653678288,72.51616873883428,74.72367858886719,541100,0.0,0.0
2022-02-09 00:00:00-05:00,75.8605844614625,76.4858906153922,75.56688399854032,76.41957092285156,539100,0.0,0.0
2022-02-10 00:00:00-05:00,75.85111000133755,77.7459666666984,75.59530753196783,75.98374938964844,529300,0.0,0.0
2022-02-11 00:00:00-05:00,76.02165240883254,76.41957782833835,73.81414974147289,74.49629211425781,464000,0.0,0.0
2022-02-14 00:00:00-05:00,73.87099732292297,75.02686118719842,73.50150080608809,74.54367065429688,389000,0.0,0.0
2022-02-15 00:00:00-05:00,76.05954665761655,76.32482543865582,75.55741078946296,76.1732406616211,550300,0.0,0.0
2022-02-16 00:00:00-05:00,76.70380070418548,77.19646750916594,75.87006633277109,77.05435180664062,398500,0.0,0.0
2022-02-17 00:00:00-05:00,72.29826196741854,72.37405797743708,69.62651405486103,71.51190185546875,2119400,0.0,0.0
2022-02-18 00:00:00-05:00,70.06232117841263,71.31292626821283,69.53176363374116,70.82026672363281,1226900,0.0,0.0
2022-02-22 00:00:00-05:00,70.24234281646669,71.72032884567743,69.30439070010642,69.9012680053711,724900,0.0,0.0
2022-02-23 00:00:00-05:00,71.2276689418969,71.32241033828528,68.66961509788425,68.68856048583984,599600,0.0,0.0
2022-02-24 00:00:00-05:00,66.37683235392925,70.78237592350534,66.24419295426934,70.72553253173828,939800,0.0,0.0
2022-02-25 00:00:00-05:00,70.93396496071702,71.3697811453429,70.02443458911017,70.86764526367188,689200,0.0,0.0
2022-02-28 00:00:00-05:00,69.95810364735928,71.36030074077476,69.67387948847137,70.71604919433594,650800,0.0,0.0
2022-03-01 00:00:00-05:00,72.46879875437108,73.44464888299906,69.96758827165102,70.60236358642578,826500,0.0,0.0
2022-03-02 00:00:00-05:00,71.1708247920713,73.82362000423184,70.26129438547582,73.67203521728516,887400,0.0,0.0
2022-03-03 00:00:00-05:00,73.95625319760468,74.35417859009739,71.21818589954553,72.02349853515625,1279200,0.0,0.0
2022-03-04 00:00:00-05:00,69.52229767540076,73.50150153767544,68.83067894861786,69.36123657226562,1948100,0.0,0.0
2022-03-07 00:00:00-05:00,68.96331533917159,69.30439014754782,66.01681238410788,66.0547103881836,975900,0.0,0.0
2022-03-08 00:00:00-05:00,65.33465848810606,66.77475363543994,63.81877456588991,65.70415496826172,1526800,0.0,0.0
2022-03-09 00:00:00-05:00,67.65586892465036,69.90126971974344,67.61797091934302,69.47492980957031,707100,0.0,0.0
2022-03-10 00:00:00-05:00,68.03482782694745,68.22431783483964,66.49052221122588,67.5326919555664,732300,0.0,0.0
2022-03-11 00:00:00-05:00,68.67908506072642,68.68856136897867,66.34841198374116,66.44315338134766,617800,0.0,0.0
2022-03-14 00:00:00-04:00,66.67054030487985,67.20109790532946,65.65679218784639,66.0547103881836,570900,0.0,0.0
2022-03-15 00:00:00-04:00,66.41472558933727,66.98318115110857,65.78942663988023,66.83159637451172,640000,0.0,0.0
2022-03-16 00:00:00-04:00,68.53696792630237,69.96758685384673,67.31479163445037,69.71178436279297,700600,0.0,0.0
2022-03-17 00:00:00-04:00,68.12010526991725,69.60756760949272,68.06325464911397,69.4938735961914,644700,0.0,0.0
2022-03-18 00:00:00-04:00,68.5464462510286,70.84869765146635,68.35696345417745,70.80133056640625,601000,0.0,0.0
2022-03-21 00:00:00-04:00,70.33708456783843,70.50762197424592,69.20964965221049,69.69283294677734,689700,0.0,0.0
2022-03-22 00:00:00-04:00,69.57914528838356,70.55499540179734,69.32333556782925,70.21392059326172,665900,0.0,0.0
2022-03-23 00:00:00-04:00,68.73593464784311,69.60756705799817,68.03483241383104,68.08220672607422,465300,0.0,0.0
2022-03-24 00:00:00-04:00,70.82027435133125,73.30253941239053,70.34656014162336,73.25516510009766,1738600,0.0,0.0
2022-03-25 00:00:00-04:00,72.75302726881739,73.22674146598773,72.15614998257256,72.77197265625,821100,0.0,0.0
2022-03-28 00:00:00-04:00,73.89941089972814,74.3731250721623,71.90033651379164,73.43517303466797,742000,0.0,0.0
2022-03-29 00:00:00-04:00,74.62893561320774,74.8089493312521,73.27411264443941,73.93731689453125,530900,0.0,0.0
2022-03-30 00:00:00-04:00,73.47307330953073,73.62465809068215,72.09929782997655,72.28878784179688,414600,0.0,0.0
2022-03-31 00:00:00-04:00,71.43610465530126,71.54979144012962,69.83494830478612,69.9012680053711,947900,0.0,0.0
2022-04-01 00:00:00-04:00,68.88751116192837,69.38964700685123,67.39057270582694,67.68428039550781,1493700,0.0,0.0
2022-04-04 00:00:00-04:00,70.97186065718628,72.46879194589889,70.4697175635251,72.42142486572266,1431800,0.0,0.0
2022-04-05 00:00:00-04:00,70.8297500807287,71.14239596306946,69.57914486645026,70.11917877197266,869600,0.0,0.0
2022-04-06 00:00:00-04:00,67.674810888922,68.20536847976865,66.63264109477103,67.58953857421875,1317600,0.0,0.0
2022-04-07 00:00:00-04:00,69.1338474350709,69.55071821959005,67.38110644390432,68.3569564819336,686700,0.0,0.0
2022-04-08 00:00:00-04:00,68.46117175704892,68.55591314246074,67.30530806143344,67.77902221679688,521700,0.0,0.0
2022-04-11 00:00:00-04:00,66.90739711300128,67.61796842258933,66.33893428268671,67.27689361572266,546400,0.0,0.0
2022-04-12 00:00:00-04:00,67.7600776087475,68.27168982438474,66.44315267950365,66.86002349853516,775300,0.0,0.0
2022-04-13 00:00:00-04:00,66.07365451042277,66.9073961275077,65.0125393298493,66.57579040527344,917100,0.0,0.0
2022-04-14 00:00:00-04:00,67.30530625013212,67.30530625013212,65.45781675695122,65.66625213623047,596000,0.0,0.0
2022-04-18 00:00:00-04:00,65.4199329043428,66.13997327287991,64.96516409888864,66.0831298828125,517100,0.0,0.0
2022-04-19 00:00:00-04:00,66.26315203064028,67.36216533901296,65.94102257984262,67.28636932373047,804400,0.0,0.0
2022-04-20 00:00:00-04:00,66.94529724121094,67.49480024455056,66.16839897890259,66.94529724121094,765600,0.0,0.0
2022-04-21 00:00:00-04:00,67.9685159895542,68.60329855400357,66.18735307926383,66.41473388671875,1195900,0.0,0.0
2022-04-22 00:00:00-04:00,62.710285520592144,63.136625391672275,61.61126515236951,61.838645935058594,1791600,0.0,0.0
2022-04-25 00:00:00-04:00,62.312358356086676,64.72830349947142,62.22709327560005,64.40618133544922,1410600,0.0,0.0
2022-04-26 00:00:00-04:00,62.82397675961733,63.5156026926437,61.49758274280829,61.734439849853516,2413300,0.0,0.0
2022-04-27 00:00:00-04:00,61.061755025321155,62.46395218120786,60.62594246045186,60.720680236816406,2326900,0.0,0.0
2022-04-28 00:00:00-04:00,60.796477757394314,63.364007814476885,59.96274338041742,62.5302734375,1619200,0.0,0.0
2022-04-29 00:00:00-04:00,62.55869555191922,63.80930073992092,61.69653947412884,61.8670768737793,1091700,0.0,0.0
2022-05-02 00:00:00-04:00,61.76286101825021,63.58192185001578,61.41230990062973,62.85239791870117,1946500,0.0,0.0
2022-05-03 00:00:00-04:00,59.13847471140923,61.87654201090079,59.04373332392979,60.900691986083984,2911600,0.0,0.0
2022-05-04 00:00:00-04:00,60.10485988572525,62.662917437124754,59.03426833373636,62.41658401489258,1644400,0.0,0.0
2022-05-05 00:00:00-04:00,60.682791020704,61.20387229607326,58.9774170344111,59.839576721191406,1304400,0.0,0.0
2022-05-06 00:00:00-04:00,58.26684737548634,59.07216008054342,57.186779563375886,57.73628616333008,1133200,0.0,0.0
2022-05-09 00:00:00-04:00,55.33929189139911,56.173029883188015,53.965520008627685,54.155006408691406,1350800,0.0,0.0
2022-05-10 00:00:00-04:00,55.62352171123994,56.75096384491722,54.39186548717508,55.651947021484375,1621600,0.0,0.0
2022-05-11 00:00:00-04:00,55.56667503163282,56.64674278905484,53.92762078035636,54.06973648071289,1205200,0.0,0.0
2022-05-12 00:00:00-04:00,53.35917149257194,56.12566452254533,53.273902785144436,54.84663391113281,1413600,0.0,0.0
2022-05-13 00:00:00-04:00,55.74668473854884,56.7130620975677,55.46245695393209,56.10670852661133,864500,0.0,0.0
2022-05-16 00:00:00-04:00,55.59509790229169,55.97407070182561,54.90347561517188,55.272972106933594,791600,0.0,0.0
2022-05-17 00:00:00-04:00,56.83623076688493,58.29526774228361,55.87932606803998,58.05841064453125,1579200,0.0,0.0
2022-05-18 00:00:00-04:00,55.775112088437524,56.47621073479342,54.799261937111595,55.4719352722168,1447400,0.0,0.0
2022-05-19 00:00:00-04:00,54.96979456195909,56.665692214767375,54.543451071846334,55.43403244018555,984500,0.0,0.0
2022-05-20 00:00:00-04:00,56.32462133371788,56.40041372936052,53.98447193650119,55.58562469482422,961700,0.0,0.0
2022-05-23 00:00:00-04:00,55.557200958822676,55.99301715668971,54.86557865851563,55.462459564208984,880300,0.0,0.0
2022-05-24 00:00:00-04:00,55.48140763863012,55.5950980330968,53.65287056275879,54.30659484863281,1162700,0.0,0.0
2022-05-25 00:00:00-04:00,53.81393546540684,54.7803129222038,53.57707835190228,54.458187103271484,1022600,0.0,0.0
2022-05-26 00:00:00-04:00,54.20237735372068,55.99301643352151,54.20237735372068,55.775108337402344,685400,0.0,0.0
2022-05-27 00:00:00-04:00,56.22040019747269,57.18677757849092,56.20145119617989,57.05413818359375,594300,0.0,0.0
2022-05-31 00:00:00-04:00,57.44258503162569,58.44685682480001,56.949921828832466,57.594173431396484,721300,0.0,0.0
2022-06-01 00:00:00-04:00,58.276321341495574,58.53212745218243,56.87412769392337,57.110984802246094,614300,0.0,0.0
2022-06-02 00:00:00-04:00,57.42363729692037,58.702664222323264,57.30994689812186,58.69319152832031,542400,0.0,0.0
2022-06-03 00:00:00-04:00,57.85945288962486,58.07736099090468,56.73201437931123,57.02571487426758,586000,0.0,0.0
2022-06-06 00:00:00-04:00,57.31941493174267,57.75523110349655,56.64674167349398,56.97834014892578,478400,0.0,0.0
2022-06-07 00:00:00-04:00,55.111909445581325,57.11098398964582,55.111909445581325,57.073089599609375,565800,0.0,0.0
2022-06-08 00:00:00-04:00,56.9972899300068,57.2625687139847,56.14460296128875,56.258296966552734,349400,0.0,0.0
2022-06-09 00:00:00-04:00,55.87932451260385,56.011963905388676,54.06973648071289,54.06973648071289,563700,0.0,0.0
2022-06-10 00:00:00-04:00,53.19810662480415,53.302320713933014,52.23172921367528,52.26015090942383,713000,0.0,0.0
2022-06-13 00:00:00-04:00,50.1663329581403,50.857955235145994,49.13363588937236,49.19047927856445,935200,0.0,0.0
2022-06-14 00:00:00-04:00,49.23785641771819,50.05264544171328,48.716767892498574,49.256805419921875,855900,0.0,0.0
2022-06-15 00:00:00-04:00,49.40839199588649,51.075864372455115,49.40839199588649,50.64952087402344,1107400,0.0,0.0
2022-06-16 00:00:00-04:00,49.61682357616222,49.61682357616222,48.36621839543906,48.470436096191406,832100,0.0,0.0
2022-06-17 00:00:00-04:00,49.02941633765323,50.535827534912436,48.5936001709373,50.23265075683594,1237900,0.0,0.0
2022-06-21 00:00:00-04:00,50.924275673376606,51.83380605521614,50.78215997002248,51.009544372558594,845700,0.0,0.0
2022-06-22 00:00:00-04:00,50.346344207982376,51.12323520083592,50.07158910671277,50.393714904785156,972900,0.0,0.0
2022-06-23 00:00:00-04:00,49.95789945025743,51.15166126659295,49.474712553080465,50.9432258605957,2050700,0.0,0.0
2022-06-24 00:00:00-04:00,52.16540936437897,53.52023227484238,52.10856235889253,53.22652816772461,765100,0.0,0.0
2022-06-27 00:00:00-04:00,52.80965927310191,52.99914205699659,51.89065259177247,52.184356689453125,583400,0.0,0.0
2022-06-28 00:00:00-04:00,52.21277889857689,52.42121429989735,50.412663520624236,50.4505615234375,432900,0.0,0.0
2022-06-29 00:00:00-04:00,49.73051876713645,50.21370566538758,49.275749950467365,49.825260162353516,577800,0.0,0.0
2022-06-30 00:00:00-04:00,49.446287022011546,49.957899226723306,48.67887232909645,49.323123931884766,579600,0.0,0.0
2022-07-01 00:00:00-04:00,48.74519014309829,49.54103011493406,48.32831934908997,48.991519927978516,625000,0.0,0.0
2022-07-05 00:00:00-04:00,47.24825014337271,48.72623964984798,47.087189060912806,48.70729064941406,842500,0.0,0.0
2022-07-06 00:00:00-04:00,49.0957384284581,49.68314301288495,48.697820243116425,48.98204803466797,718600,0.0,0.0
2022-07-07 00:00:00-04:00,49.3041753192045,50.914804338885,49.266277315411415,50.83900833129883,753600,0.0,0.0
2022-07-08 00:00:00-04:00,50.60215378631211,51.80538836141121,50.47898707483588,51.615901947021484,682000,0.0,0.0
2022-07-11 00:00:00-04:00,51.265353145345436,51.30325115010454,50.308448403017586,50.36529541015625,509700,0.0,0.0
2022-07-12 00:00:00-04:00,50.791638714548874,51.18955692038683,50.09054008606672,50.31792449951172,618500,0.0,0.0
2022-07-13 00:00:00-04:00,49.010469155477466,49.91999952344932,48.546231278016855,49.74946212768555,619700,0.0,0.0
2022-07-14 00:00:00-04:00,49.10521750829357,49.787363523695426,48.43254057285946,49.65472412109375,595200,0.0,0.0
2022-07-15 00:00:00-04:00,50.346346830366365,50.49793523652252,49.47471439850666,50.46003723144531,519000,0.0,0.0
2022-07-18 00:00:00-04:00,51.54010836528303,52.04224427984609,50.53583292200426,50.82006072998047,852100,0.0,0.0
2022-07-19 00:00:00-04:00,51.78643925254817,53.29285064192606,51.66327254132407,53.037044525146484,951100,0.0,0.0
2022-07-20 00:00:00-04:00,52.84755643737012,53.88025356611246,52.69596803380027,53.567604064941406,714500,0.0,0.0
2022-07-21 00:00:00-04:00,53.61497550150088,54.24027812660392,53.416016396730065,54.16448211669922,654600,0.0,0.0
2022-07-22 00:00:00-04:00,52.77176403035145,53.11283884184221,51.50220979544283,51.843284606933594,1394600,0.0,0.0
2022-07-25 00:00:00-04:00,51.6348492955209,51.78643769934532,50.19475765211265,50.57373046875,1704700,0.0,0.0
2022-07-26 00:00:00-04:00,50.213704509544364,52.73386387432521,50.128435810150734,52.17488098144531,2446800,0.0,0.0
2022-07-27 00:00:00-04:00,49.730518641231065,51.82433455193921,49.70209333141586,51.6537971496582,2102400,0.0,0.0
2022-07-28 00:00:00-04:00,52.32646946373255,52.49700686279663,51.23692898543705,52.478057861328125,681900,0.0,0.0
2022-07-29 00:00:00-04:00,52.84755568555562,54.297123614107825,52.108562680434645,53.72866439819336,984800,0.0,0.0
2022-08-01 00:00:00-04:00,52.72439143000448,54.32554411046467,52.72439143000448,53.79498291015625,730600,0.0,0.0
2022-08-02 00:00:00-04:00,52.52542679450952,53.57707284871403,52.373838402003166,53.26442337036133,1107700,0.0,0.0
2022-08-03 00:00:00-04:00,53.501281915901515,55.67089016505433,53.463383913205206,55.528778076171875,921400,0.0,0.0
2022-08-04 00:00:00-04:00,55.756156754288476,55.94564314644757,55.38666027736202,55.860374450683594,528200,0.0,0.0
2022-08-05 00:00:00-04:00,54.609773689925085,55.367715705029184,54.28764788173677,55.24455261230469,599200,0.0,0.0
2022-08-08 00:00:00-04:00,54.382393342889436,55.47193386920295,54.23080493861309,54.62872314453125,623200,0.0,0.0
2022-08-09 00:00:00-04:00,53.823406837399624,53.93709722949181,52.0138188007592,52.544376373291016,799700,0.0,0.0
2022-08-10 00:00:00-04:00,54.23080472801262,55.045590138988416,53.776035902797005,54.58135223388672,623700,0.0,0.0
2022-08-11 00:00:00-04:00,55.83195714720318,56.400412754229095,54.931899424284964,54.941375732421875,552800,0.0,0.0
2022-08-12 00:00:00-04:00,55.46245951167271,56.19197981479521,55.111908400798534,56.02144241333008,782700,0.0,0.0
2022-08-15 00:00:00-04:00,55.53825297158914,55.76563738262919,54.884528662846975,55.50035858154297,466700,0.0,0.0
2022-08-16 00:00:00-04:00,54.770840564030145,55.46246290600977,54.59082684360414,55.11191177368164,375900,0.0,0.0
2022-08-17 00:00:00-04:00,54.01289014438004,54.24027454492645,53.25494816614605,53.605499267578125,670600,0.0,0.0
2022-08-18 00:00:00-04:00,53.38758947564434,53.671820890061184,52.989671278104865,53.27389907836914,587100,0.0,0.0
2022-08-19 00:00:00-04:00,52.733866782056815,52.90440419024746,51.397992827331905,51.5780029296875,413600,0.0,0.0
2022-08-22 00:00:00-04:00,50.45055998150678,50.848478156426935,49.71156701999656,50.01474380493164,519600,0.0,0.0
2022-08-23 00:00:00-04:00,49.24732742244542,50.251602819875686,49.22837842089174,49.683143615722656,528700,0.0,0.0
2022-08-24 00:00:00-04:00,49.67367476592037,50.22318139688969,49.664198457333974,49.83473587036133,404700,0.0,0.0
2022-08-25 00:00:00-04:00,50.08106657337817,51.05691668387483,50.01474687348923,51.037967681884766,291200,0.0,0.0
2022-08-26 00:00:00-04:00,50.6684685052414,50.67794481281277,48.025142500603955,48.12936019897461,616500,0.0,0.0
2022-08-29 00:00:00-04:00,48.186205901773675,48.91572615653176,47.95882151017737,48.45148468017578,520300,0.0,0.0
2022-08-30 00:00:00-04:00,48.52728481617937,48.82098531324454,47.71249579692902,48.09146499633789,486100,0.0,0.0
2022-08-31 00:00:00-04:00,47.437741373682705,47.90198289630011,47.3051019712642,47.627227783203125,674300,0.0,0.0
2022-09-01 00:00:00-04:00,46.31029974570125,47.18193211146127,45.87447994866883,47.05876541137695,864400,0.0,0.0
2022-09-02 00:00:00-04:00,47.07771538837006,47.636698282921756,45.96922590709012,46.23450469970703,483300,0.0,0.0
2022-09-06 00:00:00-04:00,46.26292871454325,46.329248410841785,45.02179625753046,45.28707504272461,595700,0.0,0.0
2022-09-07 00:00:00-04:00,45.14496159986359,46.04501562662136,45.08811459867953,46.01659393310547,556700,0.0,0.0
2022-09-08 00:00:00-04:00,44.21648068089269,45.74184094823473,44.00804889528834,45.68499755859375,760600,0.0,0.0
2022-09-09 00:00:00-04:00,47.144034952415524,48.11988864876352,47.12508956512748,47.91145324707031,613400,0.0,0.0
2022-09-12 00:00:00-04:00,49.36101713483407,50.109486422165226,49.18100704379279,49.389442443847656,814400,0.0,0.0
2022-09-13 00:00:00-04:00,48.05357059450492,48.4704377979981,47.03034616663174,47.229305267333984,779700,0.0,0.0
2022-09-14 00:00:00-04:00,47.10613810385486,47.45668557681802,46.556627933232136,47.03034210205078,564100,0.0,0.0
2022-09-15 00:00:00-04:00,46.94507620911264,47.71249450949865,46.130287211847815,46.28187561035156,512300,0.0,0.0
2022-09-16 00:00:00-04:00,46.291348902691404,46.84085545616414,45.92185243129292,46.27239990234375,581600,0.0,0.0
2022-09-19 00:00:00-04:00,45.495511203752244,45.94080369851354,45.3628718089261,45.836585998535156,629000,0.0,0.0
2022-09-20 00:00:00-04:00,45.372344669816556,45.8934295574777,45.00284817882324,45.02179718017578,500200,0.0,0.0
2022-09-21 00:00:00-04:00,45.11653702472637,45.77973759269926,44.55755415354023,44.58597946166992,360200,0.0,0.0
2022-09-22 00:00:00-04:00,44.3017497547889,44.5575558527976,43.619603774251516,44.207008361816406,591300,0.0,0.0
2022-09-23 00:00:00-04:00,43.2406334080313,43.733296630355255,43.022725300606744,43.66697692871094,773600,0.0,0.0
2022-09-26 00:00:00-04:00,43.46369495998792,44.257463676957364,43.086167571768804,43.13457107543945,669500,0.98,0.0
2022-09-27 00:00:00-04:00,43.9670569603703,45.00283210672627,43.9670569603703,44.36394500732422,837100,0.0,0.0
2022-09-28 00:00:00-04:00,44.847951538338144,46.07732226251361,44.702748410830715,45.903079986572266,684900,0.0,0.0
2022-09-29 00:00:00-04:00,44.170341449099475,44.78986787702543,43.87993889759279,44.78018569946289,735900,0.0,0.0
2022-09-30 00:00:00-04:00,44.431707607053916,45.573960914088,44.402664765235066,44.528507232666016,788900,0.0,0.0
2022-10-03 00:00:00-04:00,43.71537562085792,44.60594764084818,43.395933918290474,44.22842025756836,1103700,0.0,0.0
2022-10-04 00:00:00-04:00,46.27092371113181,46.96789279244606,45.90307850791942,46.6097297668457,1182200,0.0,0.0
2022-10-05 00:00:00-04:00,45.63203710057839,46.658130070857496,45.27387407118625,46.396766662597656,452700,0.0,0.0
2022-10-06 00:00:00-04:00,46.03860250001217,46.29028372436259,45.2835514416234,45.53523635864258,459500,0.0,0.0
2022-10-07 00:00:00-04:00,43.124887738766844,43.666975208358544,42.35047970554212,42.61184310913086,1251000,0.0,0.0
2022-10-10 00:00:00-04:00,42.921606304059914,43.12488772031905,42.185919595978326,42.88288497924805,818100,0.0,0.0
2022-10-11 00:00:00-04:00,42.47632375331078,43.04745039154681,41.87615427403298,42.176239013671875,698300,0.0,0.0
2022-10-12 00:00:00-04:00,42.05039334399236,42.38919938407959,41.59543071926864,42.09879684448242,571600,0.0,0.0
2022-10-13 00:00:00-04:00,40.68549771827011,43.65729094231337,40.472537827239,43.395931243896484,785400,0.0,0.0
2022-10-14 00:00:00-04:00,43.88961618163088,43.94769816741056,42.49568175693667,42.631202697753906,579100,0.0,0.0
2022-10-17 00:00:00-04:00,44.05418018981361,44.44138607746867,43.60889600387859,43.71537780761719,565400,0.0,0.0
2022-10-18 00:00:00-04:00,44.9253905013389,45.138354103652084,43.27977105771187,43.59921646118164,652300,0.0,0.0
2022-10-19 00:00:00-04:00,42.418242274916885,42.78608749363657,41.67287335212627,41.89551544189453,571400,0.0,0.0
2022-10-20 00:00:00-04:00,42.24399566948733,43.27008856704081,41.80839001992838,42.040714263916016,571700,0.0,0.0
2022-10-21 00:00:00-04:00,42.089117890723884,43.33785296856192,41.837436655176234,43.192649841308594,848100,0.0,0.0
2022-10-24 00:00:00-04:00,43.97673962923239,44.48010578781789,43.38625233372499,44.15098190307617,1186600,0.0,0.0
2022-10-25 00:00:00-04:00,48.44895011047742,49.87192747091363,48.071426408974496,49.020076751708984,4017100,0.0,0.0
2022-10-26 00:00:00-04:00,48.60383229248649,50.06553099650694,48.28439057696474,49.213680267333984,934000,0.0,0.0
2022-10-27 00:00:00-04:00,49.90096331720847,50.44305077404186,49.32015822912667,49.6202392578125,518500,0.0,0.0
2022-10-28 00:00:00-04:00,48.64254936966475,49.746081242149565,48.54574975345925,49.49440002441406,573300,0.0,0.0
2022-10-31 00:00:00-04:00,48.72967139211266,48.90391365860269,47.848781574932445,48.05206298828125,586100,0.0,0.0
2022-11-01 00:00:00-04:00,49.271758342345066,49.48471823821368,48.35214721045153,48.60382843017578,407700,0.0,0.0
2022-11-02 00:00:00-04:00,48.74903316458407,49.72672262200786,47.75198304459056,47.761661529541016,404500,0.0,0.0
2022-11-03 00:00:00-04:00,46.69684981948914,47.190533778863006,46.387082918454716,46.764610290527344,617100,0.0,0.0
2022-11-04 00:00:00-04:00,48.19726835246657,49.59120285663389,48.042386740892425,49.571842193603516,608400,0.0,0.0
2022-11-07 00:00:00-05:00,51.023859304815545,51.836988698594915,50.59793579099548,51.730506896972656,758800,0.0,0.0
2022-11-08 00:00:00-05:00,53.25996666539161,53.81173265036149,52.21451299323669,52.80500030517578,1118400,0.0,0.0
2022-11-09 00:00:00-05:00,52.42747440503027,53.14380415330945,52.04995071455065,52.098350524902344,482400,0.0,0.0
2022-11-10 00:00:00-05:00,55.35086939951273,56.90936770383398,55.05078465947911,56.68672561645508,1078700,0.0,0.0
2022-11-11 00:00:00-05:00,59.1938743352492,61.3041386180844,59.048671207670964,60.54908752441406,1365100,0.0,0.0
2022-11-14 00:00:00-05:00,59.81339742623848,60.66524440265535,59.319709774343366,59.38747024536133,523100,0.0,0.0
2022-11-15 00:00:00-05:00,60.18124069077021,60.47164693811704,59.42619331007365,60.036041259765625,633700,0.0,0.0
2022-11-16 00:00:00-05:00,59.06802950524122,59.18418978705034,57.42241012682537,57.47080993652344,869100,0.0,0.0
2022-11-17 00:00:00-05:00,56.43504122895057,57.38369157705044,56.3866414169119,57.151371002197266,469400,0.0,0.0
2022-11-18 00:00:00-05:00,56.890005933099445,57.122326501202764,56.30919712750345,57.04488754272461,548000,0.0,0.0
2022-11-21 00:00:00-05:00,55.563829639623044,56.42535878859874,55.486386991654186,55.99943161010742,563600,0.0,0.0
2022-11-22 00:00:00-05:00,55.75743052871692,56.34791781266074,55.41862816547152,56.10591506958008,573900,0.0,0.0
2022-11-23 00:00:00-05:00,56.144635387787666,57.248167285617185,56.10591406334869,57.07392501831055,387000,0.0,0.0
2022-11-25 00:00:00-05:00,57.3159327705715,57.664417335667295,57.015851711592724,57.190093994140625,268800,0.0,0.0
2022-11-28 00:00:00-05:00,57.81929612631912,58.051620389242856,56.31887982680449,56.49312210083008,319900,0.0,0.0
2022-11-29 00:00:00-05:00,56.59960606415224,56.98680826026622,56.115600549507995,56.38664245605469,239000,0.0,0.0
2022-11-30 00:00:00-05:00,56.90936670133622,58.67114639883773,56.42536120877715,58.60338592529297,566800,0.0,0.0
2022-12-01 00:00:00-05:00,59.71659527955886,60.307082560796644,59.34875377048351,59.91019821166992,490000,0.0,0.0
2022-12-02 00:00:00-05:00,59.81340194352091,61.02341572118073,59.80371976540499,60.73301315307617,543200,0.0,0.0
2022-12-05 00:00:00-05:00,59.687556649415676,60.2296441254905,58.99058756484358,59.35843276977539,371700,0.0,0.0
2022-12-06 00:00:00-05:00,59.4455543727318,59.4455543727318,57.79993496159185,58.06129837036133,322100,0.0,0.0
2022-12-07 00:00:00-05:00,57.441771371146835,57.82897723799151,57.112647492129504,57.66441345214844,315500,0.0,0.0
2022-12-08 00:00:00-05:00,57.286890892457365,58.29362321196802,57.11264861820864,58.25490188598633,451000,0.0,0.0
2022-12-09 00:00:00-05:00,58.28394211726886,58.903468573813456,58.07098220574975,58.167781829833984,340600,0.0,0.0
2022-12-12 00:00:00-05:00,58.322662872602805,59.077710272535974,58.25490239787388,59.058349609375,330900,0.0,0.0
2022-12-13 00:00:00-05:00,62.417351622924706,62.5335082146213,60.423243969859776,60.771728515625,965300,0.0,0.0
2022-12-14 00:00:00-05:00,60.30708208180806,60.95565134532855,58.8647478190074,59.91987991333008,597500,0.0,0.0
2022-12-15 00:00:00-05:00,59.80371575664294,60.016679348889774,58.738905180746265,58.903465270996094,593000,0.0,0.0
2022-12-16 00:00:00-05:00,57.10297328967693,57.712817590590525,56.173679878089814,56.63832473754883,802000,0.0,0.0
2022-12-19 00:00:00-05:00,57.76121473437679,57.91610003970593,56.43504069518189,56.61896514892578,781900,0.0,0.0
2022-12-20 00:00:00-05:00,57.00616572030799,57.62569215340909,56.725441651350046,57.32561111450195,623200,0.0,0.0
2022-12-21 00:00:00-05:00,58.81634690099148,60.10380330710108,58.68082595143657,59.80371856689453,945500,0.0,0.0
2022-12-22 00:00:00-05:00,59.764999321832086,59.84243827977459,58.225861721285646,59.0873908996582,657000,0.0,0.0
2022-12-23 00:00:00-05:00,59.68755507704502,59.794036872457205,58.95186837923069,59.65851593017578,509300,0.0,0.0
2022-12-27 00:00:00-05:00,59.803719650272726,59.987644107431095,59.387474616145575,59.71659851074219,312400,0.0,0.0
2022-12-28 00:00:00-05:00,59.98764141436934,60.287722453871396,58.835705988661246,58.95186996459961,341900,0.0,0.0
2022-12-29 00:00:00-05:00,60.0554030651424,60.80077197502209,59.82307880137813,60.55876922607422,359900,0.0,0.0
2022-12-30 00:00:00-05:00,60.30708206043556,60.45228518148132,59.71659478409698,60.25868225097656,233800,0.0,0.0
2023-01-03 00:00:00-05:00,60.82013046825359,61.478374524653034,60.11347921698752,60.8007698059082,456700,0.0,0.0
2023-01-04 00:00:00-05:00,62.38830682636873,62.814234035346715,61.275096377151186,61.62358093261719,589400,0.0,0.0
2023-01-05 00:00:00-05:00,61.623578877927294,62.04950238003492,61.178294713087205,62.00110626220703,422100,0.0,0.0
2023-01-06 00:00:00-05:00,62.949753439678304,64.03392840619463,62.397987471303416,63.88872528076172,768300,0.0,0.0
2023-01-09 00:00:00-05:00,65.00193598966094,65.3600953102477,63.995203727499415,64.08232116699219,649400,0.0,0.0
2023-01-10 00:00:00-05:00,64.51792953891278,65.05033111572266,63.96616360784087,65.05033111572266,507400,0.0,0.0
2023-01-11 00:00:00-05:00,65.4181818680572,65.98930478442091,64.9148120375405,65.9699478149414,517400,0.0,0.0
2023-01-12 00:00:00-05:00,54.63454005832048,56.0187960976104,53.73428952388245,54.847503662109375,5048100,0.0,0.0
2023-01-13 00:00:00-05:00,52.34035284909488,53.44388476399636,52.282270861537874,52.988922119140625,2104800,0.0,0.0
2023-01-17 00:00:00-05:00,53.10508286752904,53.49228504329998,52.679155673711534,53.11476135253906,968800,0.0,0.0
2023-01-18 00:00:00-05:00,54.37317493622709,55.002383549856134,53.97629058241042,53.99565124511719,859800,0.0,0.0
2023-01-19 00:00:00-05:00,54.22797667818295,54.518379239729825,53.56005041735823,54.247337341308594,629000,0.0,0.0
2023-01-20 00:00:00-05:00,53.14380482450538,54.20861543636646,52.68883847758183,54.053733825683594,1120800,0.0,0.0
2023-01-23 00:00:00-05:00,53.83109079137772,55.728391411935974,53.82140861375462,55.6993522644043,1336400,0.0,0.0
2023-01-24 00:00:00-05:00,55.399266446631444,56.9480861884183,55.37022729966946,56.05751419067383,1515100,0.0,0.0
2023-01-25 00:00:00-05:00,54.86686433129851,55.91231430170267,54.5861402522138,55.863914489746094,674400,0.0,0.0
2023-01-26 00:00:00-05:00,56.53184289738666,57.19009066139293,55.66063153541695,57.112648010253906,952200,0.0,0.0
2023-01-27 00:00:00-05:00,56.58024221549393,57.7999344189655,56.551199375235186,57.39337158203125,750500,0.0,0.0
2023-01-30 00:00:00-05:00,56.648002053813954,56.98680441413097,56.14463590943668,56.25111770629883,529100,0.0,0.0
2023-01-31 00:00:00-05:00,55.91231269792087,56.54152131331514,55.86391288735258,56.50279998779297,481900,0.0,0.0
2023-02-01 00:00:00-05:00,56.17367615183649,57.674096129354474,55.93167340612957,57.383689880371094,574400,0.0,0.0
2023-02-02 00:00:00-05:00,57.82897517055485,59.09706713843156,57.53856893446921,58.584022521972656,882400,0.0,0.0
2023-02-03 00:00:00-05:00,58.0322582282667,59.38747136688771,58.0322582282667,58.69050598144531,708400,0.0,0.0
2023-02-06 00:00:00-05:00,57.7224953961546,57.76121302867462,56.589920636728465,56.64800262451172,587400,0.0,0.0
2023-02-07 00:00:00-05:00,56.29951757812872,57.28688920557415,55.82519058049236,57.13200759887695,870500,0.0,0.0
2023-02-08 00:00:00-05:00,57.11265124029267,57.286893522540986,55.93167659231388,56.17367935180664,461900,0.0,0.0
2023-02-09 00:00:00-05:00,56.47376027300995,56.74480216360627,55.951033461715205,56.10591506958008,642900,0.0,0.0
2023-02-10 00:00:00-05:00,55.0798252722874,55.389588485036825,54.6829409251604,55.23470687866211,577000,0.0,0.0
2023-02-13 00:00:00-05:00,55.3411829216895,56.47375762641767,55.31214377553473,56.425357818603516,533200,0.0,0.0
2023-02-14 00:00:00-05:00,56.115596271799085,56.9093649598929,55.767111736993265,56.53184127807617,345000,0.0,0.0
2023-02-15 00:00:00-05:00,56.20272010110889,56.841607214672436,56.16399877479136,56.82224655151367,328100,0.0,0.0
2023-02-16 00:00:00-05:00,56.18335723423542,56.94808678200101,56.096236099772646,56.25111770629883,315700,0.0,0.0
2023-02-17 00:00:00-05:00,55.786472904794,56.115596780352355,55.41862770442437,55.98007583618164,323800,0.0,0.0
2023-02-21 00:00:00-05:00,54.80878168066877,55.09918424157662,52.99860214809661,53.02764129638672,1195600,0.0,0.0
2023-02-22 00:00:00-05:00,52.72755862642423,53.01796117838857,52.243553142260744,52.51459503173828,538900,0.0,0.0
2023-02-23 00:00:00-05:00,53.7342889487255,53.879492075694436,53.06636268854001,53.56972885131836,457000,0.0,0.0
2023-02-24 00:00:00-05:00,52.90180203777874,53.463246491336804,52.69851692361481,53.17284393310547,440500,0.0,0.0
2023-02-27 00:00:00-05:00,53.59876478087842,53.75364638376535,53.29868375241112,53.5600471496582,269700,0.0,0.0
2023-02-28 00:00:00-05:00,52.93084277149124,53.240606001907004,52.79532181976797,52.80500030517578,396600,0.0,0.0
2023-03-01 00:00:00-05:00,52.53395565847499,52.5436341433774,51.16906034176954,51.29490280151367,717300,0.0,0.0
2023-03-02 00:00:00-05:00,50.75281740444541,52.17579476672653,50.69473541465083,51.730506896972656,454100,0.0,0.0
2023-03-03 00:00:00-05:00,51.91443144327596,52.359715621146755,51.60466821582941,52.00155258178711,375100,0.0,0.0
2023-03-06 00:00:00-05:00,52.175794293416764,52.38875420206047,51.55626415256813,51.672428131103516,276600,0.0,0.0
2023-03-07 00:00:00-05:00,51.29490154359381,51.391701160919276,49.76544247970436,50.02680587768555,526100,0.0,0.0
2023-03-08 00:00:00-05:00,48.65223008239537,51.91442973381812,48.65223008239537,51.01417922973633,1662800,0.0,0.0
2023-03-09 00:00:00-05:00,51.47882462788825,52.67915618489531,51.31426083977038,51.34330368041992,778500,0.0,0.0
2023-03-10 00:00:00-05:00,51.89506676857419,51.89506676857419,50.6076104537242,50.91737365722656,652300,0.0,0.0
2023-03-13 00:00:00-04:00,50.39465381617711,51.91443078554081,50.31721116396217,51.40138244628906,768100,0.0,0.0
2023-03-14 00:00:00-04:00,51.69178985277948,51.98219241972721,51.256184156023394,51.78858947753906,629100,0.0,0.0
2023-03-15 00:00:00-04:00,49.99776575350869,51.246497040335306,49.99776575350869,51.06257629394531,723000,0.0,0.0
2023-03-16 00:00:00-04:00,50.54953492945217,51.933790936458,50.52049208882352,51.7498664855957,540900,0.0,0.0
2023-03-17 00:00:00-04:00,52.00154866309737,52.011227147683066,51.13033734363788,51.5272216796875,769300,0.0,0.0
2023-03-20 00:00:00-04:00,51.178738807640045,51.711144101125825,51.06257852551032,51.56594467163086,563000,0.0,0.0
2023-03-21 00:00:00-04:00,52.17579258625774,52.282270690761244,51.67242644041431,51.97250747680664,322200,0.0,0.0
2023-03-22 00:00:00-04:00,51.982191259894435,52.71787799259189,51.3626648128505,51.40138244628906,264800,0.0,0.0
2023-03-23 00:00:00-04:00,52.25323548161814,52.8630834705967,51.65306967093158,52.108036041259766,299600,0.0,0.0
2023-03-24 00:00:00-04:00,51.34330259227022,51.61434448146252,50.849614931048485,51.56594467163086,415700,0.0,0.0
2023-03-27 00:00:00-04:00,51.7885884239433,51.93379155079762,51.33362207295741,51.60466766357422,327800,0.0,0.0
2023-03-28 00:00:00-04:00,51.87571061689028,51.93379260734742,51.08194187732096,51.78858947753906,371600,0.0,0.0
2023-03-29 00:00:00-04:00,53.163161256706296,53.53100646310607,52.98892267753676,53.45356750488281,324100,0.0,0.0
2023-03-30 00:00:00-04:00,55.14758735018438,55.17662649826627,54.557100054726796,54.595821380615234,395600,0.0,0.0
2023-03-31 00:00:00-04:00,55.650954661095234,56.686726147711,55.515430017679385,56.202720642089844,547800,0.0,0.0
2023-04-03 00:00:00-04:00,55.41862868686965,55.592870958940566,55.12822613097441,55.48638916015625,372900,0.0,0.0
2023-04-04 00:00:00-04:00,56.13496071050511,56.45440242712171,55.49607358460294,55.65095520019531,469000,0.0,0.0
2023-04-05 00:00:00-04:00,55.0314227468192,55.176625870915466,54.605499244895725,54.87654113769531,265800,0.0,0.0
2023-04-06 00:00:00-04:00,55.157262563127446,55.68966783816754,54.8765385060935,55.19598388671875,401700,0.0,0.0
2023-04-10 00:00:00-04:00,55.002384755677305,55.27342665417646,54.40221896928535,55.26374816894531,408200,0.0,0.0
2023-04-11 00:00:00-04:00,55.437989882977604,55.49607187178299,54.828141924862166,54.86686325073242,422500,0.0,0.0
2023-04-12 00:00:00-04:00,55.85423487198812,55.89295619783589,54.93462369278222,55.205665588378906,595900,0.0,0.0
2023-04-13 00:00:00-04:00,55.62191075649364,56.309197675097195,55.350868860181,56.22208023071289,497600,0.0,0.0
2023-04-14 00:00:00-04:00,56.82224214121822,57.383686558569835,56.34791516231599,56.76416015625,335400,0.0,0.0
2023-04-17 00:00:00-04:00,56.89968285259376,57.46113097995506,56.744801247230086,57.4127311706543,357200,0.0,0.0
2023-04-18 00:00:00-04:00,57.42241287231445,57.55793382301611,56.928728881519994,57.42241287231445,439700,0.0,0.0
2023-04-19 00:00:00-04:00,55.39926635912979,55.902632497465305,55.379905696962794,55.44766616821289,720300,0.0,0.0
2023-04-20 00:00:00-04:00,54.54741511991492,55.225023518038505,54.460293987403766,54.9830207824707,348500,0.0,0.0
2023-04-21 00:00:00-04:00,55.128226159750795,55.37022890523463,54.924944739784905,55.147586822509766,282900,0.0,0.0
2023-04-24 00:00:00-04:00,55.67999208920568,55.834873698511686,55.25406858678139,55.55414962768555,328300,0.0,0.0
2023-04-25 00:00:00-04:00,54.86686370246501,55.012066829339524,53.811731566161114,53.908531188964844,599400,0.0,0.0
2023-04-26 00:00:00-04:00,54.56677687789197,55.37022774859591,54.40221678688153,54.48933792114258,578300,0.0,0.0
2023-04-27 00:00:00-04:00,54.73134177629485,55.77679171605149,54.59582082972166,55.48638916015625,404300,0.0,0.0
2023-04-28 00:00:00-04:00,57.00616782671257,57.59665513403984,56.812564886047554,57.55793380737305,907200,0.0,0.0
2023-05-01 00:00:00-04:00,57.896737260287345,59.61979559973431,57.848333757806785,59.0293083190918,928800,0.0,0.0
2023-05-02 00:00:00-04:00,60.984692782253255,61.71070102966103,60.53940861008369,61.30413818359375,1303500,0.0,0.0
2023-05-03 00:00:00-04:00,60.50068449106474,61.68165903398432,60.11347863325443,60.6749267578125,986700,0.0,0.0
2023-05-04 00:00:00-04:00,60.6555688555293,62.068867715974974,60.568447718191344,61.71070098876953,668100,0.0,0.0
2023-05-05 00:00:00-04:00,62.0107810318661,62.67871097155053,61.73006065402029,62.27214813232422,465800,0.0,0.0
2023-05-08 00:00:00-04:00,62.0785419612369,62.47543001102021,61.9623853693688,62.46574783325195,238600,0.0,0.0
2023-05-09 00:00:00-04:00,61.20733268908571,62.010779867422876,61.09117240758358,61.88494110107422,359300,0.0,0.0
2023-05-10 00:00:00-04:00,62.53350836311992,62.53350836311992,61.27509481694404,61.85590362548828,342900,0.0,0.0
2023-05-11 00:00:00-04:00,61.710698346472974,62.146300321842496,61.31381400285339,62.097904205322266,372600,0.0,0.0
2023-05-12 00:00:00-04:00,61.20733155027319,61.3525346689508,60.76204740224259,60.955650329589844,337300,0.0,0.0
2023-05-15 00:00:00-04:00,61.38157922303128,61.88494540141073,61.34285789561693,61.80750274658203,274400,0.0,0.0
2023-05-16 00:00:00-04:00,61.5654945498518,61.972057373775,61.013728607288186,61.29445266723633,599200,0.0,0.0
2023-05-17 00:00:00-04:00,61.12989636183045,61.584859022562824,60.849172284511816,61.497737884521484,351900,0.0,0.0
2023-05-18 00:00:00-04:00,61.59453963115204,62.243108907305995,61.5461398207331,61.73006057739258,224200,0.0,0.0
2023-05-19 00:00:00-04:00,63.39503646702369,63.77256015514946,63.10463760672411,63.29823684692383,505500,0.0,0.0
2023-05-22 00:00:00-04:00,63.51120374009089,64.15976935230734,63.40472193685082,63.71448516845703,403400,0.0,0.0
2023-05-23 00:00:00-04:00,63.27888304648859,63.34664352248617,62.56254957412788,62.69807052612305,350700,0.0,0.0
2023-05-24 00:00:00-04:00,61.99142280131949,62.001104978819725,61.2944537280531,61.47837448120117,511200,0.0,0.0
2023-05-25 00:00:00-04:00,63.25951873324883,63.30792223842482,62.0688693134346,62.35926818847656,554600,0.0,0.0
2023-05-26 00:00:00-04:00,63.62736772144497,64.17913370853535,63.48216459108687,63.71448516845703,429400,0.0,0.0
2023-05-30 00:00:00-04:00,63.462796485515504,63.63703875458349,62.74647043949712,62.9691162109375,386600,0.0,0.0
2023-05-31 00:00:00-04:00,61.836542370321055,62.291505019420455,61.488057827066136,61.797821044921875,486300,0.0,0.0
2023-06-01 00:00:00-04:00,61.584860698595655,61.981745073214306,61.16861566025548,61.46870040893555,482400,0.0,0.0
2023-06-02 00:00:00-04:00,61.662299516847575,61.943023584339436,61.17829403193146,61.604217529296875,385400,0.0,0.0
2023-06-05 00:00:00-04:00,60.98469272805911,61.323495099480766,60.42324457808162,60.626529693603516,453300,0.0,0.0
2023-06-06 00:00:00-04:00,60.41356391860491,61.459017528798086,60.249003827742335,61.207332611083984,373200,0.0,0.0
2023-06-07 00:00:00-04:00,61.081490646588556,61.62357811840966,60.713649137212,60.92660903930664,659500,0.0,0.0
2023-06-08 00:00:00-04:00,61.158937211352125,61.410618454544576,60.936295117424834,61.19765853881836,290600,0.0,0.0
2023-06-09 00:00:00-04:00,61.294455910560536,61.5364586593207,60.93629287634279,61.0330924987793,314500,0.0,0.0
2023-06-12 00:00:00-04:00,61.42997633050665,61.58485794067383,61.052452636515966,61.58485794067383,327700,0.0,0.0
2023-06-13 00:00:00-04:00,61.884942773481384,62.233427320074156,61.468697753125454,61.85590362548828,376800,0.0,0.0
2023-06-14 00:00:00-04:00,54.944302794640656,55.82519265788646,53.88917065579291,54.992706298828125,5196000,0.0,0.0
2023-06-15 00:00:00-04:00,54.74101929090202,56.028475645861356,54.673258818816656,55.98007583618164,1086600,0.0,0.0
2023-06-16 00:00:00-04:00,55.76711266054662,56.27047880886136,54.973343959307286,55.08950424194336,868300,0.0,0.0
2023-06-20 00:00:00-04:00,54.59582129023109,55.0120663111705,53.91821285898075,54.257015228271484,652200,0.0,0.0
2023-06-21 00:00:00-04:00,52.92115736949609,53.04699982814532,52.18547066524341,52.795318603515625,830700,0.0,0.0
2023-06-22 00:00:00-04:00,53.521327938709966,54.431256930009724,53.482606613292404,53.92789077758789,792800,0.0,0.0
2023-06-23 00:00:00-04:00,53.802054733195554,54.12149645239298,53.67621226555099,54.0150146484375,476100,0.0,0.0
2023-06-26 00:00:00-04:00,53.62781132510304,54.024695690712065,53.45356904823381,53.492286682128906,386900,0.0,0.0
2023-06-27 00:00:00-04:00,54.61518108545561,55.699356108602885,54.47966013072947,55.49607467651367,664600,0.0,0.0
2023-06-28 00:00:00-04:00,55.93167442432713,56.49312257706901,55.854235464479,56.48344039916992,739000,0.0,0.0
2023-06-29 00:00:00-04:00,56.6189634769545,56.85128404274988,56.270478935592614,56.64800262451172,364500,0.0,0.0
2023-06-30 00:00:00-04:00,57.102970678075664,57.71281495109806,57.073927836977745,57.499855041503906,403700,0.0,0.0
2023-07-03 00:00:00-04:00,57.14168874097368,57.38369149348354,56.77384721588034,56.812564849853516,240700,0.0,0.0
2023-07-05 00:00:00-04:00,57.65473821913713,57.89674097639777,57.32561432155589,57.403053283691406,760000,0.0,0.0
2023-07-06 00:00:00-04:00,56.53184450221013,56.59960497754592,55.921996531518985,56.47376251220703,390400,0.0,0.0
2023-07-07 00:00:00-04:00,57.43209347000662,58.15810170821906,57.25785119742213,57.79025650024414,531900,0.0,0.0
2023-07-10 00:00:00-04:00,57.84833586439768,58.012899654952975,57.47081216438172,57.83865737915039,478000,0.0,0.0
2023-07-11 00:00:00-04:00,58.75826751119074,58.9325097838543,58.43882211375125,58.874427795410156,525600,0.0,0.0
2023-07-12 00:00:00-04:00,60.03603841426004,60.08443822230092,59.232587568640646,59.47459030151367,487000,0.0,0.0
2023-07-13 00:00:00-04:00,60.365168395291974,60.81045258265715,60.14252630160939,60.79109191894531,424800,0.0,0.0
2023-07-14 00:00:00-04:00,60.975016368728205,61.25573676083518,60.75237058240999,60.85885238647461,582900,0.0,0.0
2023-07-17 00:00:00-04:00,61.35253688638854,61.95270265945474,61.09117347892371,61.73006057739258,444600,0.0,0.0
2023-07-18 00:00:00-04:00,62.010780354211064,62.04950167923866,61.44933591198608,61.73973846435547,484000,0.0,0.0
2023-07-19 00:00:00-04:00,61.40093779936208,61.62357988542214,61.139574387204036,61.37189865112305,376700,0.0,0.0
2023-07-20 00:00:00-04:00,61.236374536631146,61.488059465764536,60.723329885759995,60.88789367675781,370500,0.0,0.0
2023-07-21 00:00:00-04:00,61.21701703261696,61.5654978894535,60.907250116536304,61.439659118652344,465600,0.0,0.0
2023-07-24 00:00:00-04:00,61.31381766121482,61.730062691879496,60.936293957279176,60.94597244262695,836300,0.0,0.0
2023-07-25 00:00:00-04:00,66.00866875105511,69.63870979745563,65.99898657370356,69.23213958740234,4143300,0.0,0.0
2023-07-26 00:00:00-04:00,68.73846583580591,70.23887851261969,68.41902042097283,70.06463623046875,1326600,0.0,0.0
2023-07-27 00:00:00-04:00,70.8971181348907,71.3424022745006,69.096617222147,69.26118469238281,868500,0.0,0.0
2023-07-28 00:00:00-04:00,68.25445620811637,69.2127850095853,68.24477403043028,69.19342803955078,761700,0.0,0.0
2023-07-31 00:00:00-04:00,67.98341399151215,69.28054515243406,67.00572083933194,67.16059875488281,1002000,0.0,0.0
2023-08-01 00:00:00-04:00,66.53139922840505,66.88955857151352,65.99899022467919,66.7249984741211,1022200,0.0,0.0
2023-08-02 00:00:00-04:00,66.04739374267326,66.85083725936794,65.87315146735703,66.5894775390625,512700,0.0,0.0
2023-08-03 00:00:00-04:00,66.13450742733325,66.59915593020311,65.9699473392629,65.97962951660156,499300,0.0,0.0
2023-08-04 00:00:00-04:00,66.77340637618173,67.24772972916334,66.0280337218723,66.10547637939453,600000,0.0,0.0
2023-08-07 00:00:00-04:00,66.62819938719042,66.63787417981757,65.94091245843106,66.17323303222656,556300,0.0,0.0
2023-08-08 00:00:00-04:00,65.5053007469737,65.93122793824924,65.0793809410358,65.66986083984375,573400,0.0,0.0
2023-08-09 00:00:00-04:00,65.46658111684471,65.76666954816653,65.21490357488165,65.36978149414062,217400,0.0,0.0
2023-08-10 00:00:00-04:00,66.58947351244937,67.03475765903424,65.6698586873685,65.84410095214844,711800,0.0,0.0
2023-08-11 00:00:00-04:00,65.36009933009018,65.71826605804263,65.06970046191651,65.23426055908203,324000,0.0,0.0
2023-08-14 00:00:00-04:00,64.79865804062285,65.8247473268211,64.65345491504026,65.78602600097656,326700,0.0,0.0
2023-08-15 00:00:00-04:00,65.58274509529231,65.98930794185216,65.36978149414062,65.36978149414062,311800,0.0,0.0
2023-08-16 00:00:00-04:00,65.29233675341439,65.47626120040566,64.49856805608971,64.59537506103516,285600,0.0,0.0
2023-08-17 00:00:00-04:00,64.43080786019665,64.60505013037323,63.966166729950814,63.9758415222168,399500,0.0,0.0
2023-08-18 00:00:00-04:00,63.39503876594546,64.24689317852565,63.31760349826007,64.14041137695312,263800,0.0,0.0
2023-08-21 00:00:00-04:00,64.15008445139924,64.85673571696852,64.14040965903386,64.71153259277344,346900,0.0,0.0
2023-08-22 00:00:00-04:00,65.19554307806244,65.52467067714278,64.95354031430918,65.0309829711914,327900,0.0,0.0
2023-08-23 00:00:00-04:00,65.29233572500944,66.34747150252751,65.27297875552779,65.83442687988281,327400,0.0,0.0
2023-08-24 00:00:00-04:00,65.65051102674624,65.74731065749656,64.32433319091797,64.32433319091797,252100,0.0,0.0
2023-08-25 00:00:00-04:00,64.96322034507928,65.35042623135118,64.28561558310695,65.0697021484375,251000,0.0,0.0
2023-08-28 00:00:00-04:00,65.64082551441301,65.86347130063592,65.49562976833073,65.60210418701172,197300,0.0,0.0
2023-08-29 00:00:00-04:00,65.19553769951881,66.70563984278782,65.19553769951881,66.61851501464844,341400,0.0,0.0
2023-08-30 00:00:00-04:00,66.53139802419156,66.9573178341253,66.13450997671815,66.87987518310547,375500,0.0,0.0
2023-08-31 00:00:00-04:00,67.17996315271849,67.41228371886078,66.47331189130789,66.61851501464844,572800,0.0,0.0
2023-09-01 00:00:00-04:00,67.36387873397919,67.71236326819488,67.0541155241583,67.32516479492188,370700,0.0,0.0
2023-09-05 00:00:00-04:00,68.15766176432061,69.35799340175191,67.94469815107638,69.09662628173828,796200,0.0,0.0
2023-09-06 00:00:00-04:00,69.57095807875169,70.14208106360448,69.33863010511207,69.89039611816406,772400,0.0,0.0
2023-09-07 00:00:00-04:00,68.44805144936116,68.7094185342465,67.93500684204794,68.58357238769531,447100,0.0,0.0
2023-09-08 00:00:00-04:00,68.39965751367265,68.75781683982235,67.72204541507564,67.86724853515625,300600,0.0,0.0
2023-09-11 00:00:00-04:00,68.50613355720377,68.78685762662866,67.7704505325085,68.51581573486328,252200,0.0,0.0
2023-09-12 00:00:00-04:00,68.2447738647461,68.77718285612386,68.2350916870835,68.2447738647461,493000,0.0,0.0
2023-09-13 00:00:00-04:00,68.24477719422916,68.44805862303524,67.91565699102065,68.32221984863281,269000,0.0,0.0
2023-09-14 00:00:00-04:00,67.84788298019342,68.1770105389103,67.33483836560924,68.02212524414062,285400,0.0,0.0
2023-09-15 00:00:00-04:00,68.45774233473477,69.77423794773645,68.45774233473477,69.24182891845703,1013100,0.0,0.0
2023-09-18 00:00:00-04:00,69.24181866871274,69.61934232983101,68.89333415301324,69.29022216796875,356700,0.0,0.0
2023-09-19 00:00:00-04:00,69.6193428032674,69.84198856188725,69.27085828519809,69.68710327148438,374700,0.0,0.0
2023-09-20 00:00:00-04:00,69.61934567416904,69.93879105979511,69.34830379012416,69.50318908691406,473100,0.0,0.0
2023-09-21 00:00:00-04:00,69.25150060159125,69.53222464854531,68.60293507173381,68.61260986328125,314000,0.0,0.0
2023-09-22 00:00:00-04:00,68.69973850787274,69.10630133560326,68.45773576965159,68.54485321044922,339000,0.0,0.0
2023-09-25 00:00:00-04:00,67.1767171459767,67.76728019043165,66.73379673998961,67.71807098388672,396600,1.17,0.0
2023-09-26 00:00:00-04:00,65.76919944939942,65.91684207613245,64.2829433566079,65.37548828125,675100,0.0,0.0
2023-09-27 00:00:00-04:00,67.78696463860514,67.78696463860514,66.01526813282936,66.51725006103516,497300,0.0,0.0
2023-09-28 00:00:00-04:00,67.1963989200722,67.71807057409065,66.65505259485467,67.18656158447266,405300,0.0,0.0
2023-09-29 00:00:00-04:00,68.79092296099411,68.84997700974378,67.78696658516895,67.85586547851562,335700,0.0,0.0
2023-10-02 00:00:00-04:00,67.67869395523036,68.21020290755865,67.61963239869435,68.14130401611328,302100,0.0,0.0
2023-10-03 00:00:00-04:00,67.57042401541855,68.05271626138558,67.3342003146574,67.58026885986328,209700,0.0,0.0
2023-10-04 00:00:00-04:00,68.90903855579732,69.28306004683975,68.4464284822298,68.99761962890625,342900,0.0,0.0
2023-10-05 00:00:00-04:00,69.34211641171443,69.47007686747853,68.64328261043146,69.24369049072266,307700,0.0,0.0
2023-10-06 00:00:00-04:00,69.41101133574878,70.56261782465016,69.08620656600243,70.11968994140625,336200,0.0,0.0
2023-10-09 00:00:00-04:00,69.302748085444,70.18858883309983,69.00746282994805,70.11968994140625,296400,0.0,0.0
2023-10-10 00:00:00-04:00,70.39528819624526,70.85789827645968,70.13938230842066,70.23780822753906,325800,0.0,0.0
2023-10-11 00:00:00-04:00,70.3657624422534,70.6413580245287,69.40117790428988,70.20828247070312,268000,0.0,0.0
2023-10-12 00:00:00-04:00,70.86774235714962,71.16302762073757,70.04095563416932,70.3165512084961,379800,0.0,0.0
2023-10-13 00:00:00-04:00,71.48783028866434,71.6551626047789,68.62359635786083,69.94252014160156,776000,0.0,0.0
2023-10-16 00:00:00-04:00,70.6905750588723,71.31066512179157,70.53309508661096,71.22208404541016,320600,0.0,0.0
2023-10-17 00:00:00-04:00,69.85393870284119,71.23192403594699,69.7850398116567,71.03506469726562,486800,0.0,0.0
2023-10-18 00:00:00-04:00,69.7555168113031,70.21811938769868,69.44054936066334,69.67677307128906,420900,0.0,0.0
2023-10-19 00:00:00-04:00,69.63740296038303,70.06064118687932,68.93856914629221,69.21416473388672,712900,0.0,0.0
2023-10-20 00:00:00-04:00,69.18463468466778,69.18463468466778,67.72790555893359,68.08224487304688,1023400,0.0,0.0
2023-10-23 00:00:00-04:00,67.0389151538767,69.01730836283794,66.75347473989395,67.27513885498047,1039700,0.0,0.0
2023-10-24 00:00:00-04:00,74.27333120018872,76.10408183683458,72.8362917505643,75.94660186767578,2301300,0.0,0.0
2023-10-25 00:00:00-04:00,76.51747143874132,76.97023665324087,75.13948610668155,75.55288696289062,1042500,0.0,0.0
2023-10-26 00:00:00-04:00,75.3757226264579,75.7989608473674,74.30285980672228,75.30682373046875,814300,0.0,0.0
2023-10-27 00:00:00-04:00,76.43873755304587,76.82260388816593,75.60209848014793,75.79895782470703,429100,0.0,0.0
2023-10-30 00:00:00-04:00,76.28125432985831,76.89150706788715,76.17298356166906,76.41905212402344,297600,0.0,0.0
2023-10-31 00:00:00-04:00,77.07851094687523,77.60017507643032,76.77338834492782,77.39347839355469,614800,0.0,0.0
2023-11-01 00:00:00-04:00,77.55096957939023,78.28917527184733,77.07851463207436,77.78719329833984,635200,0.0,0.0
2023-11-02 00:00:00-04:00,78.53523724790826,78.64350800780612,78.08247202897905,78.54508209228516,431600,0.0,0.0
2023-11-03 00:00:00-04:00,78.62381878108503,78.88957701491096,77.91514767952003,78.11199951171875,468000,0.0,0.0
2023-11-06 00:00:00-05:00,77.76750663825396,77.89545958085363,77.2556798490229,77.47222137451172,372500,0.0,0.0
2023-11-07 00:00:00-05:00,78.42696924107905,79.6277849770693,78.32854332210299,79.49982452392578,627500,0.0,0.0
2023-11-08 00:00:00-05:00,79.39156242578457,79.89353687269738,78.87973562458953,79.77542877197266,430900,0.0,0.0
2023-11-09 00:00:00-05:00,80.05102460408065,80.43489095147329,79.51951562090245,79.64746856689453,366400,0.0,0.0
2023-11-10 00:00:00-05:00,80.31677665597145,80.5628452165041,79.61794284518874,80.27740478515625,250200,0.0,0.0
2023-11-13 00:00:00-05:00,80.43488640614883,80.9171786470057,80.27739893436605,80.29708862304688,604300,0.0,0.0
2023-11-14 00:00:00-05:00,82.78730416134965,82.78730416134965,82.09831522013437,82.57076263427734,436800,0.0,0.0
2023-11-15 00:00:00-05:00,83.4861356613542,84.20465911701888,83.47629081691603,83.94874572753906,590500,0.0,0.0
2023-11-16 00:00:00-05:00,83.92905574348968,84.21449615586404,83.23022197915908,83.59440612792969,465800,0.0,0.0
2023-11-17 00:00:00-05:00,83.76173361882444,84.23418854291988,83.53535475620374,83.7125244140625,326400,0.0,0.0
2023-11-20 00:00:00-05:00,84.03732791436026,85.01176477243494,84.03732791436026,84.88380432128906,337400,0.0,0.0
2023-11-21 00:00:00-05:00,84.45073102776313,84.7263266076868,84.1160738882727,84.47041320800781,329500,0.0,0.0
2023-11-22 00:00:00-05:00,84.7755379860927,85.16924918582569,84.27356352811427,84.53931427001953,357800,0.0,0.0
2023-11-24 00:00:00-05:00,83.44676410814846,83.55503486912895,82.9939988846919,83.33849334716797,228500,0.0,0.0
2023-11-27 00:00:00-05:00,83.55503794279845,83.68299088802044,83.17117159771615,83.50582122802734,293600,0.0,0.0
2023-11-28 00:00:00-05:00,83.0530563560141,83.6337820533383,82.95463043545199,83.37786865234375,181300,0.0,0.0
2023-11-29 00:00:00-05:00,84.23419155620712,85.04129613545464,84.11607594360387,85.0216064453125,431100,0.0,0.0
2023-11-30 00:00:00-05:00,85.88777100487542,86.35038109228684,85.41531607257413,86.32084655761719,368200,0.0,0.0
2023-12-01 00:00:00-05:00,84.78538037237242,85.90745237795024,84.65742742767189,85.74012756347656,255000,0.0,0.0
2023-12-04 00:00:00-05:00,84.97239398434472,85.7007547939605,84.38183096278014,85.6417007446289,346200,0.0,0.0
2023-12-05 00:00:00-05:00,84.47041161280761,85.2676713124474,84.47041161280761,85.11019134521484,221500,0.0,0.0
2023-12-06 00:00:00-05:00,85.62201266531268,85.75981045595508,84.87396966165862,85.00192260742188,170500,0.0,0.0
2023-12-07 00:00:00-05:00,85.31688532689736,86.01571908622925,85.20861456748099,85.9566650390625,235100,0.0,0.0
2023-12-08 00:00:00-05:00,86.52754557389488,87.91536824364105,86.5078558852937,87.70867156982422,429400,0.0,0.0
2023-12-11 00:00:00-05:00,87.8760006644523,88.93901861831655,87.75789256474492,88.81106567382812,293700,0.0,0.0
2023-12-12 00:00:00-05:00,89.46068113338718,90.6122801412158,89.42130926439097,90.59259796142578,215600,0.0,0.0
2023-12-13 00:00:00-05:00,91.75403953529386,92.1182161729868,90.60244055606334,91.9705810546875,323300,0.0,0.0
2023-12-14 00:00:00-05:00,92.03948200495007,93.73243482052979,92.03948200495007,93.48636627197266,512700,0.0,0.0
2023-12-15 00:00:00-05:00,92.35444872631155,93.61431848358986,92.27570498912762,92.60051727294922,510000,0.0,0.0
2023-12-18 00:00:00-05:00,91.76388729880362,92.27570658049362,91.0945805400298,91.96073913574219,382700,0.0,0.0
2023-12-19 00:00:00-05:00,92.46272406413743,92.97454336233382,92.2166555053203,92.61035919189453,220600,0.0,0.0
2023-12-20 00:00:00-05:00,91.19301008003319,92.17728432264678,91.10442149330137,91.21269226074219,312300,0.0,0.0
2023-12-21 00:00:00-05:00,92.10837996063718,92.17727885315524,91.15363280044684,91.76388549804688,219500,0.0,0.0
2023-12-22 00:00:00-05:00,90.73039617842699,91.5571829030194,90.37605686519703,91.12410736083984,220600,0.0,0.0
2023-12-26 00:00:00-05:00,91.14378795596825,92.01979137916192,91.14378795596825,91.76388549804688,140500,0.0,0.0
2023-12-27 00:00:00-05:00,92.25602563658212,93.08281237410057,92.0394841073988,93.07296752929688,281400,0.0,0.0
2023-12-28 00:00:00-05:00,93.25013679819303,93.3879345872024,92.80721640629379,93.02375793457031,163900,0.0,0.0
2023-12-29 00:00:00-05:00,93.6635350495685,93.98833982346382,93.06312719596232,93.56510162353516,275300,0.0,0.0
2024-01-02 00:00:00-05:00,92.86627141532985,92.86627141532985,91.64577348174657,92.1575927734375,204500,0.0,0.0
2024-01-03 00:00:00-05:00,89.56895386236373,92.19696422287865,89.54927168214155,91.62608337402344,485000,0.0,0.0
2024-01-04 00:00:00-05:00,91.47844937761077,91.98042382834166,91.05521115815647,91.41938781738281,221600,0.0,0.0
2024-01-05 00:00:00-05:00,90.55322475458341,91.49812706828392,90.53354257508417,91.10441589355469,273300,0.0,0.0
2024-01-08 00:00:00-05:00,92.30523333954571,93.38793345842551,92.30523333954571,93.23045349121094,198500,0.0,0.0
2024-01-09 00:00:00-05:00,92.77768641462785,93.17139758895746,92.36428555140294,92.55130004882812,473600,0.0,0.0
2024-01-10 00:00:00-05:00,93.84069627193406,94.64780830474827,93.73243302130993,94.43126678466797,389300,0.0,0.0
2024-01-11 00:00:00-05:00,93.86039136686597,94.30331176751163,92.74816418806518,93.88007354736328,200700,0.0,0.0
2024-01-12 00:00:00-05:00,94.87418882576127,95.13010221847865,94.22457176352934,94.4509506225586,234800,0.0,0.0
2024-01-16 00:00:00-05:00,93.1812396593938,93.3288822959475,91.95089687047368,92.56114959716797,350100,0.0,0.0
2024-01-17 00:00:00-05:00,91.66545074143447,92.34460232169367,90.82881919888408,92.27570343017578,387000,0.0,0.0
2024-01-18 00:00:00-05:00,92.994229785681,93.4273053275832,92.00011074034386,93.23045349121094,321800,0.0,0.0
2024-01-19 00:00:00-05:00,92.68909916943826,93.26982484956353,92.35444954755495,93.18123626708984,478600,0.0,0.0
2024-01-22 00:00:00-05:00,93.60447547262322,95.13994834012227,92.93516871228164,94.42142486572266,838100,0.0,0.0
2024-01-23 00:00:00-05:00,83.33849818650184,85.77950160842151,82.58061032504516,83.5255126953125,2813800,0.0,0.0
2024-01-24 00:00:00-05:00,86.14367187537536,86.27163232323586,85.22829659879955,85.77949523925781,816100,0.0,0.0
2024-01-25 00:00:00-05:00,84.79522160643025,85.56295426077449,83.51566217624584,83.89952850341797,722800,0.0,0.0
2024-01-26 00:00:00-05:00,84.56883681166005,84.56883681166005,83.80110414306819,84.2243423461914,340100,0.0,0.0
2024-01-29 00:00:00-05:00,83.74205186068468,83.80110591046302,81.91130122339317,82.61997985839844,637800,0.0,0.0
2024-01-30 00:00:00-05:00,83.35818249701623,83.41723654465419,82.47233423536679,83.11211395263672,389600,0.0,0.0
2024-01-31 00:00:00-05:00,83.09242980903267,83.56488474991393,82.03925666918092,82.07862854003906,418200,0.0,0.0
2024-02-01 00:00:00-05:00,82.52154728309576,84.10622938348004,81.93098425095506,83.86016082763672,550900,0.0,0.0
2024-02-02 00:00:00-05:00,83.21054189602903,83.2695959451059,82.51170811409322,83.00384521484375,307700,0.0,0.0
2024-02-05 00:00:00-05:00,82.7479304108002,83.0825875385085,82.22626629439404,82.856201171875,384500,0.0,0.0
2024-02-06 00:00:00-05:00,83.4073950590168,84.43104114598721,83.39755772362501,83.63378143310547,344100,0.0,0.0
2024-02-07 00:00:00-05:00,82.18689879837488,82.7479348131488,81.94083023909832,82.02941131591797,318300,0.0,0.0
2024-02-08 00:00:00-05:00,82.846361687353,83.51566847665609,82.65935468655624,83.26959991455078,313100,0.0,0.0
2024-02-09 00:00:00-05:00,83.70267793670587,84.54915434002966,83.57472499552107,83.87000274658203,369600,0.0,0.0
2024-02-12 00:00:00-05:00,83.85032565690233,84.59836867919806,83.51566850741924,83.92906188964844,206700,0.0,0.0
2024-02-13 00:00:00-05:00,82.81682855957565,84.12591501578412,82.72824748826423,84.07669830322266,389500,0.0,0.0
2024-02-14 00:00:00-05:00,85.38579115902942,85.75981267051475,84.80507295624302,85.73028564453125,330500,0.0,0.0
2024-02-15 00:00:00-05:00,85.86808332004453,86.68503274840293,85.70075850009158,86.03541564941406,435600,0.0,0.0
2024-02-16 00:00:00-05:00,86.00587781532013,86.07477670968267,84.54915618896484,84.54915618896484,482400,0.0,0.0
2024-02-20 00:00:00-05:00,86.2421066486097,86.59644595536938,85.37594056123449,86.40943145751953,466700,0.0,0.0
2024-02-21 00:00:00-05:00,85.38579089002423,85.85824583252153,84.9330256377316,85.37594604492188,512400,0.0,0.0
2024-02-22 00:00:00-05:00,86.45864116812773,87.88584324800712,86.41927680884896,87.60040283203125,364000,0.0,0.0
2024-02-23 00:00:00-05:00,88.58467836450428,88.58467836450428,87.71851976833008,88.23033905029297,288400,0.0,0.0
2024-02-26 00:00:00-05:00,88.6634209751282,88.78152907208528,88.19096605905153,88.4370346069336,397000,0.0,0.0
2024-02-27 00:00:00-05:00,88.95870269340983,89.36225873444985,88.46656557570238,88.52562713623047,251900,0.0,0.0
2024-02-28 00:00:00-05:00,88.40750670268929,88.40750670268929,86.88187871724004,87.37401580810547,380300,0.0,0.0
2024-02-29 00:00:00-05:00,87.7381988169559,87.8464695762906,86.23226054001177,86.43895721435547,335200,0.0,0.0
2024-03-01 00:00:00-05:00,86.3897473665534,86.95078338704145,86.29132144372359,86.51770782470703,318500,0.0,0.0
2024-03-04 00:00:00-05:00,85.67123065910859,85.67123065910859,83.55503954348846,84.97239685058594,630700,0.0,0.0
2024-03-05 00:00:00-05:00,85.09050590961247,85.09050590961247,83.11212007387196,83.44676971435547,455000,0.0,0.0
2024-03-06 00:00:00-05:00,85.5728057144436,87.55119155054354,85.42516307503195,86.8720474243164,538100,0.0,0.0
2024-03-07 00:00:00-05:00,87.62008835426033,88.54530853034592,87.33465543681169,88.1220703125,351000,0.0,0.0
2024-03-08 00:00:00-05:00,88.97839152687375,89.9725105977099,88.8898029416426,89.08666229248047,458900,0.0,0.0
2024-03-11 00:00:00-04:00,89.03744626400047,90.01187565255863,86.88188328955634,89.9725112915039,556400,0.0,0.0
2024-03-12 00:00:00-04:00,89.70675085419286,91.07489140466159,89.14571485514753,91.04536437988281,311000,0.0,0.0
2024-03-13 00:00:00-04:00,92.2658590451594,92.7481587976016,91.55718043778114,91.84262084960938,329200,0.0,0.0
2024-03-14 00:00:00-04:00,92.80721825103316,93.21076678132019,91.8524710443361,92.078857421875,367000,0.0,0.0
2024-03-15 00:00:00-04:00,92.6694174971922,94.0769299045608,92.32492302883266,93.23045349121094,578500,0.0,0.0
2024-03-18 00:00:00-04:00,85.67123075324643,88.08269963755066,84.59836792671834,86.77362060546875,1386000,0.0,0.0
2024-03-19 00:00:00-04:00,87.61025220139798,89.15556245775714,87.32481177067986,89.05713653564453,515700,0.0,0.0
2024-03-20 00:00:00-04:00,87.34448933797059,89.31303771391396,87.16731968375905,89.04728698730469,513000,0.0,0.0
2024-03-21 00:00:00-04:00,88.25002722675562,88.65357573860157,87.53150376597377,88.38782501220703,311400,0.0,0.0
2024-03-22 00:00:00-04:00,88.48625582512305,89.51973927319285,88.39766723847906,89.41146850585938,195400,0.0,0.0
2024-03-25 00:00:00-04:00,90.20872923340019,90.32683732784076,89.45083391679863,89.68706512451172,219400,0.0,0.0
2024-03-26 00:00:00-04:00,89.82486260854198,90.04140412684997,89.19492774223652,89.33272552490234,303100,0.0,0.0
2024-03-27 00:00:00-04:00,88.38782474433269,88.42718910341428,86.15351814094069,87.06889343261719,446900,0.0,0.0
2024-03-28 00:00:00-04:00,87.31496737375359,88.33861348969451,87.28544034790991,87.96459197998047,322400,0.0,0.0
2024-04-01 00:00:00-04:00,88.26971063290819,88.60436025667856,86.95077929886823,87.8759994506836,313100,0.0,0.0
2024-04-02 00:00:00-04:00,87.6397795231013,87.72836060047689,86.98031758236125,87.30512237548828,204600,0.0,0.0
2024-04-03 00:00:00-04:00,87.22638485165291,89.21461548950349,87.17716813645085,88.95870208740234,208200,0.0,0.0
2024-04-04 00:00:00-04:00,88.53545911309962,88.6142028494267,86.17320709861488,86.18304443359375,393000,0.0,0.0
2024-04-05 00:00:00-04:00,85.65154127794739,86.57676146890788,85.39563538167806,85.98619842529297,323400,0.0,0.0
2024-04-08 00:00:00-04:00,86.79329727452253,87.04921066331549,86.30116018576008,86.36021423339844,229900,0.0,0.0
2024-04-09 00:00:00-04:00,86.99999544067977,87.18700994062553,86.09446498410811,87.16732025146484,269700,0.0,0.0
2024-04-10 00:00:00-04:00,85.17909454257935,85.88777320447247,84.57868664899861,84.58853149414062,234800,0.0,0.0
2024-04-11 00:00:00-04:00,85.6515417839094,86.60628900627805,85.05114140110273,86.03541564941406,312800,0.0,0.0
2024-04-12 00:00:00-04:00,86.64565389853833,87.12794613872842,85.41531118724609,85.474365234375,243100,0.0,0.0
2024-04-15 00:00:00-04:00,82.47233687595877,82.47233687595877,79.08643119387395,79.98212432861328,1224300,0.0,0.0
2024-04-16 00:00:00-04:00,78.9683223233069,79.05690339673458,77.94467625478407,78.43681335449219,1005700,0.0,0.0
2024-04-17 00:00:00-04:00,79.19469930808933,79.27344304443739,77.26552282405805,77.75765991210938,625700,0.0,0.0
2024-04-18 00:00:00-04:00,77.30489995529224,77.74782036092687,76.46826835052876,76.85213470458984,659600,0.0,0.0
2024-04-19 00:00:00-04:00,76.91118769401231,77.36395293846198,75.90723128404419,76.09423828125,362000,0.0,0.0
2024-04-22 00:00:00-04:00,76.68480368620672,77.30489370584951,76.44857248017678,76.99977111816406,445500,0.0,0.0
2024-04-23 00:00:00-04:00,76.64543743257444,77.78719164101875,76.54700400147739,77.76750946044922,349700,0.0,0.0
2024-04-24 00:00:00-04:00,78.64350898447329,78.64350898447329,77.59033590554616,78.16121673583984,232900,0.0,0.0
2024-04-25 00:00:00-04:00,76.6355869127358,78.13168033597802,76.58637020083177,77.48206329345703,565700,0.0,0.0
2024-04-26 00:00:00-04:00,77.99388300422943,78.76161565410294,77.7871863299878,78.0135726928711,538300,0.0,0.0
2024-04-29 00:00:00-04:00,78.18089764833617,79.02737403555861,76.79306746367521,78.19074249267578,1248000,0.0,0.0
2024-04-30 00:00:00-04:00,74.51940181625424,77.79703683802138,73.54497242119953,77.15725708007812,1650200,0.0,0.0
2024-05-01 00:00:00-04:00,76.07455657364405,79.20454894335172,75.99581283253299,77.76750946044922,655300,0.0,0.0
2024-05-02 00:00:00-04:00,80.17897773404528,80.68095969310146,79.50967095844251,80.48410034179688,772900,0.0,0.0
2024-05-03 00:00:00-04:00,80.08054868294889,80.808909480765,79.82463529096417,80.79906463623047,444800,0.0,0.0
2024-05-06 00:00:00-04:00,82.33454069956669,82.9251037346662,81.80303171515222,82.5904541015625,450800,0.0,0.0
2024-05-07 00:00:00-04:00,82.69871675749255,83.2991246331518,82.57076381213199,83.02352905273438,370300,0.0,0.0
2024-05-08 00:00:00-04:00,83.2105393561174,83.6337775502206,82.79714600636522,83.06289672851562,265300,0.0,0.0
2024-05-09 00:00:00-04:00,82.92509974893174,83.48613573172295,82.68887604812915,83.4664535522461,163200,0.0,0.0
2024-05-10 00:00:00-04:00,83.93890517216106,84.0767029636722,83.26959839507128,83.42708587646484,350700,0.0,0.0
2024-05-13 00:00:00-04:00,83.69283608690269,85.06097665786395,83.6042550112396,85.00192260742188,357500,0.0,0.0
2024-05-14 00:00:00-04:00,86.82282835939971,87.97442739870898,86.78345648932721,87.76773071289062,397200,0.0,0.0
2024-05-15 00:00:00-04:00,87.91537253481069,88.01379845437299,87.13779500426068,87.18701171875,414500,0.0,0.0
2024-05-16 00:00:00-04:00,88.58467768310268,88.96854401897616,87.8071001667544,87.82678985595703,424600,0.0,0.0
2024-05-17 00:00:00-04:00,90.28747282918098,90.28747282918098,88.41735040614253,88.54530334472656,605100,0.0,0.0
2024-05-20 00:00:00-04:00,87.74804908472574,88.57483583320179,87.64962316363332,88.47640991210938,304300,0.0,0.0
2024-05-21 00:00:00-04:00,89.80517338292877,91.19300357046737,89.80517338292877,91.00598907470703,520300,0.0,0.0
2024-05-22 00:00:00-04:00,91.53749942024653,93.54541966349801,91.45875568300151,93.25997924804688,497300,0.0,0.0
2024-05-23 00:00:00-04:00,94.21472837305105,95.14978586670377,93.55526645607846,93.63400268554688,597100,0.0,0.0
2024-05-24 00:00:00-04:00,93.4469947552625,95.13010273260682,93.34856132793573,94.50016784667969,525800,0.0,0.0
2024-05-28 00:00:00-04:00,94.24425822706239,94.30331227829062,93.4469984978154,93.92929077148438,361100,0.0,0.0
2024-05-29 00:00:00-04:00,92.8072152049026,94.31315352916516,92.37413215395581,93.7127456665039,346100,0.0,0.0
2024-05-30 00:00:00-04:00,95.55334185917911,97.30534874689086,95.52381483446294,96.22264862060547,611100,0.0,0.0
2024-05-31 00:00:00-04:00,96.42934324729652,98.486472692442,96.2817006174469,98.43726348876953,654100,0.0,0.0
2024-06-03 00:00:00-04:00,97.70889524010637,97.78763897732685,94.79544454769366,95.36632537841797,664600,0.0,0.0
2024-06-04 00:00:00-04:00,96.09468578298193,96.71478332429875,95.84861723723172,96.45886993408203,374600,0.0,0.0
2024-06-05 00:00:00-04:00,96.69509972219952,98.51600557349155,96.66557269635737,98.4175796508789,314100,0.0,0.0
2024-06-06 00:00:00-04:00,100.86842138988834,100.97668464115368,99.54949008223147,100.49439239501953,542800,0.0,0.0
2024-06-07 00:00:00-04:00,99.71681669388798,100.20895379336928,99.34279520167202,99.54949188232422,244600,0.0,0.0
2024-06-10 00:00:00-04:00,99.15577883242203,100.13021567781294,98.89987295229356,99.83493041992188,266000,0.0,0.0
2024-06-11 00:00:00-04:00,98.78176051841406,99.04751125151449,97.47267401417638,98.55537414550781,405300,0.0,0.0
2024-06-12 00:00:00-04:00,99.90383468281605,100.8881089161443,99.6183942540209,100.24832916259766,262400,0.0,0.0
2024-06-13 00:00:00-04:00,99.92351372358748,100.76015280316115,99.81525046998631,100.56329345703125,239500,0.0,0.0
2024-06-14 00:00:00-04:00,97.30534731028422,98.14197887236115,96.94116315552353,97.21675872802734,469100,0.0,0.0
2024-06-17 00:00:00-04:00,96.91163818442307,97.68921571441334,96.09468878475295,97.59078979492188,337600,0.0,0.0
2024-06-18 00:00:00-04:00,97.89591149509143,98.70301604254206,96.97069133969086,97.49236297607422,269000,0.0,0.0
2024-06-20 00:00:00-04:00,96.26201954770487,96.61635885966284,94.89387901352897,95.64192199707031,404900,0.0,0.0
2024-06-21 00:00:00-04:00,95.03167771975791,95.82893742466757,94.41158016312482,94.59859466552734,662700,0.0,0.0
2024-06-24 00:00:00-04:00,96.03563436594263,96.60651520998245,95.5139702361676,96.09468841552734,513500,0.0,0.0
2024-06-25 00:00:00-04:00,95.11041698731925,96.46872024282504,94.76592250563898,96.38997650146484,342500,0.0,0.0
2024-06-26 00:00:00-04:00,94.40174119819419,95.15962902059817,93.76196147260241,94.75607299804688,330800,0.0,0.0
2024-06-27 00:00:00-04:00,95.0415139264813,95.1891565577082,94.37220717308004,94.80529022216797,260800,0.0,0.0
2024-06-28 00:00:00-04:00,95.27774722925264,95.7994113628649,94.81513714565946,95.35648345947266,275800,0.0,0.0
2024-07-01 00:00:00-04:00,95.57302777084828,95.85846820327686,94.54938165402685,94.9923095703125,234600,0.0,0.0
2024-07-02 00:00:00-04:00,93.18123648986183,93.57494767080759,92.15759042316934,92.87611389160156,458600,0.0,0.0
2024-07-03 00:00:00-04:00,93.60447782638377,93.89976309932469,93.26982819250607,93.7029037475586,141200,0.0,0.0
2024-07-05 00:00:00-04:00,93.33872224912695,93.53557408127084,92.34460322514346,92.37413024902344,316400,0.0,0.0
2024-07-08 00:00:00-04:00,92.89579991628725,93.51589749250236,92.53162325410783,93.4469985961914,425600,0.0,0.0
2024-07-09 00:00:00-04:00,93.0926530257736,93.72258789534226,92.80721261465405,93.11233520507812,315100,0.0,0.0
2024-07-10 00:00:00-04:00,91.99027035169169,92.16744001677526,88.15159928115864,88.9783935546875,1106900,0.0,0.0
2024-07-11 00:00:00-04:00,90.36621130358353,90.53354362363731,89.80517531365672,90.2382583618164,544200,0.0,0.0
2024-07-12 00:00:00-04:00,90.30715975268197,91.88199700397898,90.0709360423415,91.32096099853516,324400,0.0,0.0
2024-07-15 00:00:00-04:00,90.73039311717112,91.1142594419825,90.02171451462212,90.95677947998047,448700,0.0,0.0
2024-07-16 00:00:00-04:00,89.1260355395179,91.14379322821686,89.06697397864592,91.0355224609375,595700,0.0,0.0
2024-07-17 00:00:00-04:00,88.71263159345123,89.50005396299464,88.41735383693465,88.58467864990234,634600,0.0,0.0
2024-07-18 00:00:00-04:00,88.68310646055639,88.87996581184983,87.5315074158013,88.29924011230469,497000,0.0,0.0
2024-07-19 00:00:00-04:00,87.75789106528528,88.50593404870506,87.3838620641592,87.52165985107422,679700,0.0,0.0
2024-07-22 00:00:00-04:00,88.46656668497711,90.66150156161771,88.46656668497711,90.60244750976562,1472200,0.0,0.0
2024-07-23 00:00:00-04:00,87.9941177368164,89.19493349991832,86.44880749481224,87.9941177368164,1402500,0.0,0.0
2024-07-24 00:00:00-04:00,89.42130828200627,90.05124316019287,87.17716433978947,87.24606323242188,589300,0.0,0.0
2024-07-25 00:00:00-04:00,86.85235444036746,87.49213418061147,85.42515983548307,87.00984191894531,540500,0.0,0.0
2024-07-26 00:00:00-04:00,87.72835653144676,88.48625186889556,87.1870102283995,87.52165985107422,317600,0.0,0.0
2024-07-29 00:00:00-04:00,87.35433970427236,87.59056342168108,86.63581619749111,86.8720474243164,301800,0.0,0.0
2024-07-30 00:00:00-04:00,87.71851702110592,88.3681340705374,87.20669024575652,87.4527587890625,403800,0.0,0.0
2024-07-31 00:00:00-04:00,89.16539598596782,89.38193751101903,88.2008114772694,89.14571380615234,487800,0.0,0.0
2024-08-01 00:00:00-04:00,88.57483543475136,89.04729036705267,85.58264088862018,86.32084655761719,517000,0.0,0.0
2024-08-02 00:00:00-04:00,84.3719831709923,86.261787777755,83.38770899962638,86.13383483886719,1430200,0.0,0.0
2024-08-05 00:00:00-04:00,82.53138896136446,84.47041030851919,82.4821797577337,83.51566314697266,424100,0.0,0.0
2024-08-06 00:00:00-04:00,82.43296830527608,83.54519550260207,82.1081560010371,83.26959991455078,501600,0.0,0.0
2024-08-07 00:00:00-04:00,83.55503966458554,84.49994203421448,82.37391357990349,82.38375091552734,499400,0.0,0.0
2024-08-08 00:00:00-04:00,83.27944378617714,84.26371802309268,82.738089952107,84.1357650756836,344000,0.0,0.0
2024-08-09 00:00:00-04:00,84.42119929817824,84.84443752695643,83.86016327485987,84.76570129394531,485700,0.0,0.0
2024-08-12 00:00:00-04:00,84.66726359144351,85.90745118917933,84.42119504082858,85.28736114501953,402400,0.0,0.0
2024-08-13 00:00:00-04:00,85.26767105115458,86.81298124130817,85.26767105115458,86.3799057006836,418700,0.0,0.0
2024-08-14 00:00:00-04:00,87.37402188513285,87.4133937562704,86.36022060894484,86.8720474243164,367200,0.0,0.0
2024-08-15 00:00:00-04:00,87.33465059954162,88.28939023862347,87.19684530677708,87.75788879394531,412700,0.0,0.0
2024-08-16 00:00:00-04:00,88.2401848271881,89.02759969309709,88.11222437328337,88.81106567382812,288400,0.0,0.0
2024-08-19 00:00:00-04:00,89.27366857998321,89.86423911839003,89.09649892034443,89.82486724853516,312900,0.0,0.0
2024-08-20 00:00:00-04:00,90.06109123821273,90.73039800899359,90.03156421308387,90.17920684814453,324300,0.0,0.0
2024-08-21 00:00:00-04:00,90.76976552371012,91.27174745506406,90.43510839966883,91.18315887451172,251000,0.0,0.0
2024-08-22 00:00:00-04:00,90.90756763925634,91.12410916935187,89.61817081294478,89.69690704345703,357700,0.0,0.0
2024-08-23 00:00:00-04:00,89.50990137597242,90.87804196251197,89.35241389377852,90.80914306640625,222400,0.0,0.0
2024-08-26 00:00:00-04:00,89.6083219960278,90.1693579766715,89.35240860731186,89.43115234375,234300,0.0,0.0
2024-08-27 00:00:00-04:00,88.79137427293033,89.67722255074365,88.69294835526577,89.45083618164062,330300,0.0,0.0
2024-08-28 00:00:00-04:00,89.1653956971551,89.56895172151907,88.36813600242728,88.79137420654297,296600,0.0,0.0
2024-08-29 00:00:00-04:00,89.54927263216136,90.15951784793494,88.80122211570531,88.95870208740234,341300,0.0,0.0
2024-08-30 00:00:00-04:00,89.04728742149251,89.64769527983607,88.62404921822436,89.57879638671875,285900,0.0,0.0
2024-09-03 00:00:00-04:00,88.69294929449707,88.80122005789947,87.1377942469135,87.26575469970703,328800,0.0,0.0
2024-09-04 00:00:00-04:00,84.00780139520005,85.39563162051522,83.31881245956454,84.93302154541016,558600,0.0,0.0
2024-09-05 00:00:00-04:00,84.1652876880323,84.99207439916843,84.12591581949019,84.48025512695312,278000,0.0,0.0
2024-09-06 00:00:00-04:00,84.7558512418336,84.86412200366597,83.2105410613544,83.56488037109375,379100,0.0,0.0
2024-09-09 00:00:00-04:00,83.68299125891116,84.46056879735954,83.0235293307871,83.37786865234375,352300,0.0,0.0
2024-09-10 00:00:00-04:00,84.05701558317122,84.05701558317122,83.26959324374873,83.8503189086914,229200,0.0,0.0
2024-09-11 00:00:00-04:00,83.44676613659973,83.58456392493979,81.99988184961288,83.230224609375,459900,0.0,0.0
2024-09-12 00:00:00-04:00,82.708557867012,83.61408830732073,82.2754748262487,83.59440612792969,373900,0.0,0.0
2024-09-13 00:00:00-04:00,84.03733243693479,84.8444370184399,83.91922433341772,84.71648406982422,229000,0.0,0.0
2024-09-16 00:00:00-04:00,84.8247545659524,84.91333564330648,84.18497480609017,84.36214447021484,319500,0.0,0.0
2024-09-17 00:00:00-04:00,85.75981050311589,85.94682500884043,85.12003826453137,85.66138458251953,378700,0.0,0.0
2024-09-18 00:00:00-04:00,85.92714273324313,85.97635193877858,84.0767023866506,84.34246063232422,535100,0.0,0.0
2024-09-19 00:00:00-04:00,85.43500228853809,85.95666640524497,85.23814294582675,85.62200927734375,335600,0.0,0.0
2024-09-20 00:00:00-04:00,85.09050320390593,85.82870886794011,84.77553575429467,85.43500518798828,337900,0.0,0.0
2024-09-23 00:00:00-04:00,87.01000213623047,87.56999969482422,86.86000061035156,86.94999694824219,285600,1.365,0.0
2024-09-24 00:00:00-04:00,85.6500015258789,85.98999786376953,85.22000122070312,85.31999969482422,451600,0.0,0.0
2024-09-25 00:00:00-04:00,85.5,85.7699966430664,85.23999786376953,85.73999786376953,460000,0.0,0.0
2024-09-26 00:00:00-04:00,88.22000122070312,88.83000183105469,87.55000305175781,87.76000213623047,432100,0.0,0.0
2024-09-27 00:00:00-04:00,88.62000274658203,89.43000030517578,88.37999725341797,89.08999633789062,327600,0.0,0.0
2024-09-30 00:00:00-04:00,88.86000061035156,89.83999633789062,88.77999877929688,89.7300033569336,507000,0.0,0.0
2024-10-01 00:00:00-04:00,88.63999938964844,88.80999755859375,85.6500015258789,86.61000061035156,713000,0.0,0.0
2024-10-02 00:00:00-04:00,85.73999786376953,86.98999786376953,85.58999633789062,86.54000091552734,467200,0.0,0.0
2024-10-03 00:00:00-04:00,84.75,86.05000305175781,84.68000030517578,85.61000061035156,564800,0.0,0.0
2024-10-04 00:00:00-04:00,85.36000061035156,85.72000122070312,84.76000213623047,85.66000366210938,473000,0.0,0.0
2024-10-07 00:00:00-04:00,85.83999633789062,86.30999755859375,85.55999755859375,85.61000061035156,265700,0.0,0.0
2024-10-08 00:00:00-04:00,85.83999633789062,85.86000061035156,85.2699966430664,85.72000122070312,286200,0.0,0.0
2024-10-09 00:00:00-04:00,84.81999969482422,85.4800033569336,84.55999755859375,85.2699966430664,363800,0.0,0.0
2024-10-10 00:00:00-04:00,85.12000274658203,85.44000244140625,84.81999969482422,85.19000244140625,256600,0.0,0.0
2024-10-11 00:00:00-04:00,84.69000244140625,86.33999633789062,84.66000366210938,86.27999877929688,508200,0.0,0.0
2024-10-14 00:00:00-04:00,86.56999969482422,88.23999786376953,86.56999969482422,88.19000244140625,470900,0.0,0.0
2024-10-15 00:00:00-04:00,88.91000366210938,89.73999786376953,86.87999725341797,87.41000366210938,1220400,0.0,0.0
2024-10-16 00:00:00-04:00,86.05999755859375,87.30999755859375,85.91999816894531,86.12999725341797,1029900,0.0,0.0
2024-10-17 00:00:00-04:00,86.44000244140625,88.0,85.87999725341797,87.5999984741211,656300,0.0,0.0
2024-10-18 00:00:00-04:00,88.27999877929688,88.6500015258789,87.75,88.62999725341797,513400,0.0,0.0
2024-10-21 00:00:00-04:00,87.87999725341797,92.16999816894531,87.48999786376953,91.80999755859375,1825800,0.0,0.0
2024-10-22 00:00:00-04:00,82.33999633789062,84.73999786376953,81.91000366210938,83.98999786376953,4129600,0.0,0.0
2024-10-23 00:00:00-04:00,84.16999816894531,84.23999786376953,80.08999633789062,80.44000244140625,1639600,0.0,0.0
2024-10-24 00:00:00-04:00,81.47000122070312,81.62000274658203,80.95999908447266,80.95999908447266,588200,0.0,0.0
2024-10-25 00:00:00-04:00,80.91999816894531,81.30999755859375,80.55999755859375,80.70999908447266,446500,0.0,0.0
2024-10-28 00:00:00-04:00,82.20999908447266,83.83999633789062,82.06999969482422,83.72000122070312,637000,0.0,0.0
2024-10-29 00:00:00-04:00,84.55999755859375,84.95999908447266,83.95999908447266,84.62000274658203,392900,0.0,0.0
2024-10-30 00:00:00-04:00,84.01000213623047,84.4800033569336,82.58999633789062,82.69999694824219,644300,0.0,0.0
2024-10-31 00:00:00-04:00,82.87999725341797,82.87999725341797,81.05999755859375,81.69999694824219,433100,0.0,0.0
2024-11-01 00:00:00-04:00,82.80000305175781,83.48999786376953,82.52999877929688,83.44999694824219,423900,0.0,0.0
2024-11-04 00:00:00-05:00,82.9800033569336,84.13999938964844,82.9800033569336,83.5199966430664,697400,0.0,0.0
2024-11-05 00:00:00-05:00,83.5,84.06999969482422,83.30000305175781,83.62999725341797,679400,0.0,0.0
2024-11-06 00:00:00-05:00,77.41999816894531,78.86000061035156,77.16000366210938,78.62000274658203,1258100,0.0,0.0
2024-11-07 00:00:00-05:00,81.69999694824219,82.4800033569336,80.81999969482422,81.11000061035156,764100,0.0,0.0
2024-11-08 00:00:00-05:00,80.27999877929688,80.31999969482422,79.13999938964844,79.4000015258789,494400,0.0,0.0
2024-11-11 00:00:00-05:00,79.41000366210938,79.47000122070312,78.75,78.77999877929688,396300,0.0,0.0
2024-11-12 00:00:00-05:00,78.12000274658203,78.16000366210938,76.94999694824219,77.29000091552734,580500,0.0,0.0
2024-11-13 00:00:00-05:00,76.8499984741211,77.4800033569336,76.33999633789062,77.08000183105469,487700,0.0,0.0
2024-11-14 00:00:00-05:00,79.6500015258789,79.87999725341797,78.19000244140625,78.23999786376953,840400,0.0,0.0
2024-11-15 00:00:00-05:00,78.25,78.30999755859375,77.44999694824219,77.5999984741211,330800,0.0,0.0
2024-11-18 00:00:00-05:00,77.70999908447266,78.77999877929688,77.66999816894531,78.48999786376953,422300,0.0,0.0
2024-11-19 00:00:00-05:00,77.58000183105469,78.26000213623047,77.37000274658203,77.93000030517578,313300,0.0,0.0
2024-11-20 00:00:00-05:00,77.75,78.19999694824219,77.08999633789062,78.0999984741211,651400,0.0,0.0
2024-11-21 00:00:00-05:00,79.05999755859375,79.70999908447266,78.68000030517578,79.45999908447266,479400,0.0,0.0
2024-11-22 00:00:00-05:00,79.41000366210938,79.73999786376953,79.22000122070312,79.58000183105469,344800,0.0,0.0
2024-11-25 00:00:00-05:00,80.8499984741211,81.94999694824219,80.33000183105469,81.76000213623047,681100,0.0,0.0
2024-11-26 00:00:00-05:00,81.9000015258789,81.91999816894531,80.88999938964844,81.01000213623047,335000,0.0,0.0
2024-11-27 00:00:00-05:00,80.08999633789062,80.63999938964844,78.73999786376953,79.25,476300,0.0,0.0
2024-11-29 00:00:00-05:00,80.30000305175781,81.08999633789062,80.30000305175781,80.88999938964844,284700,0.0,0.0
2024-12-02 00:00:00-05:00,81.2699966430664,82.31999969482422,81.01000213623047,82.2300033569336,283700,0.0,0.0
2024-12-03 00:00:00-05:00,81.0,82.0199966430664,80.87999725341797,81.76000213623047,311100,0.0,0.0
2024-12-04 00:00:00-05:00,83.33000183105469,84.04000091552734,83.0199966430664,83.66000366210938,397800,0.0,0.0
2024-12-05 00:00:00-05:00,84.44000244140625,84.58999633789062,83.9000015258789,84.30999755859375,294700,0.0,0.0
2024-12-06 00:00:00-05:00,85.05999755859375,85.44000244140625,84.80000305175781,84.88999938964844,303600,0.0,0.0
2024-12-09 00:00:00-05:00,85.4800033569336,85.80000305175781,85.25,85.36000061035156,296900,0.0,0.0
2024-12-10 00:00:00-05:00,85.16000366210938,85.30999755859375,84.22000122070312,84.44999694824219,405600,0.0,0.0
2024-12-11 00:00:00-05:00,84.77999877929688,85.16999816894531,84.5999984741211,85.01000213623047,251200,0.0,0.0
2024-12-12 00:00:00-05:00,84.62000274658203,85.23999786376953,84.58000183105469,84.62999725341797,194200,0.0,0.0
2024-12-13 00:00:00-05:00,85.33999633789062,85.47000122070312,84.29000091552734,84.38999938964844,273300,0.0,0.0
2024-12-16 00:00:00-05:00,80.29000091552734,83.31999969482422,80.16999816894531,82.41000366210938,717800,0.0,0.0
2024-12-17 00:00:00-05:00,84.12999725341797,84.30000305175781,83.41000366210938,83.66000366210938,572600,0.0,0.0
2024-12-18 00:00:00-05:00,83.66000366210938,84.05000305175781,81.58000183105469,81.66000366210938,338500,0.0,0.0
2024-12-19 00:00:00-05:00,81.31999969482422,81.77999877929688,80.75,81.05999755859375,465100,0.0,0.0
2024-12-20 00:00:00-05:00,81.13999938964844,82.18000030517578,80.94000244140625,81.7699966430664,410100,0.0,0.0
2024-12-23 00:00:00-05:00,82.27999877929688,82.9000015258789,82.20999908447266,82.83999633789062,264700,0.0,0.0
2024-12-24 00:00:00-05:00,82.54000091552734,83.13999938964844,82.5199966430664,83.02999877929688,99300,0.0,0.0
2024-12-26 00:00:00-05:00,83.37999725341797,84.12000274658203,83.19999694824219,83.77999877929688,215000,0.0,0.0
2024-12-27 00:00:00-05:00,83.4000015258789,83.55000305175781,82.80000305175781,83.41999816894531,293200,0.0,0.0
2024-12-30 00:00:00-05:00,82.69000244140625,83.19999694824219,82.26000213623047,82.63999938964844,305800,0.0,0.0
2024-12-31 00:00:00-05:00,82.5999984741211,83.0999984741211,81.72000122070312,82.3499984741211,192400,0.0,0.0
2025-01-02 00:00:00-05:00,82.83999633789062,82.87999725341797,81.44999694824219,81.63999938964844,274200,0.0,0.0
2025-01-03 00:00:00-05:00,81.9000015258789,82.7699966430664,81.6500015258789,82.69999694824219,228400,0.0,0.0
2025-01-06 00:00:00-05:00,85.0,86.5,84.83000183105469,86.3499984741211,689500,0.0,0.0
2025-01-07 00:00:00-05:00,89.12000274658203,89.76000213623047,86.97000122070312,87.0199966430664,1099200,0.0,0.0
2025-01-08 00:00:00-05:00,86.25,87.05000305175781,85.98999786376953,86.9800033569336,393300,0.0,0.0
2025-01-10 00:00:00-05:00,85.52999877929688,86.18000030517578,85.25,85.76000213623047,370800,0.0,0.0
2025-01-13 00:00:00-05:00,84.48999786376953,85.66000366210938,84.08000183105469,85.55000305175781,487000,0.0,0.0
2025-01-14 00:00:00-05:00,86.7300033569336,87.1500015258789,86.3499984741211,87.0199966430664,370400,0.0,0.0
2025-01-15 00:00:00-05:00,88.08000183105469,88.87999725341797,87.62999725341797,88.23999786376953,863800,0.0,0.0
2025-01-16 00:00:00-05:00,88.12999725341797,88.66999816894531,87.23999786376953,88.19999694824219,787600,0.0,0.0
2025-01-17 00:00:00-05:00,87.30000305175781,88.11000061035156,86.69000244140625,87.22000122070312,831700,0.0,0.0
2025-01-21 00:00:00-05:00,88.13999938964844,90.48999786376953,88.0,90.19999694824219,1457700,0.0,0.0
2025-01-22 00:00:00-05:00,89.41999816894531,89.87999725341797,87.66999816894531,87.8499984741211,714100,0.0,0.0
2025-01-23 00:00:00-05:00,89.91000366210938,91.73999786376953,89.26000213623047,91.55000305175781,1250500,0.0,0.0
2025-01-24 00:00:00-05:00,91.13999938964844,91.47000122070312,90.83000183105469,91.18000030517578,657200,0.0,0.0
2025-01-27 00:00:00-05:00,90.5999984741211,92.12000274658203,90.48999786376953,91.98999786376953,1051900,0.0,0.0
2025-01-28 00:00:00-05:00,92.26000213623047,93.4800033569336,91.0999984741211,92.95999908447266,1379800,0.0,0.0
2025-01-29 00:00:00-05:00,97.0,99.23999786376953,95.55000305175781,96.79000091552734,2005600,0.0,0.0
2025-01-30 00:00:00-05:00,100.37999725341797,100.44999694824219,98.8499984741211,99.26000213623047,1456900,0.0,0.0
2025-01-31 00:00:00-05:00,100.41999816894531,100.98999786376953,96.6500015258789,97.41999816894531,1244200,0.0,0.0
2025-02-03 00:00:00-05:00,96.5999984741211,97.6500015258789,95.45999908447266,96.44999694824219,2044900,0.0,0.0
2025-02-04 00:00:00-05:00,97.58000183105469,98.80999755859375,97.41000366210938,98.55999755859375,995200,0.0,0.0
2025-02-05 00:00:00-05:00,99.63999938964844,100.83000183105469,99.08999633789062,100.56999969482422,835200,0.0,0.0
2025-02-06 00:00:00-05:00,99.31999969482422,99.62000274658203,98.69999694824219,99.41999816894531,427600,0.0,0.0
2025-02-07 00:00:00-05:00,99.91999816894531,100.33000183105469,98.38999938964844,98.62999725341797,737700,0.0,0.0
2025-02-10 00:00:00-05:00,99.58000183105469,100.73999786376953,99.44999694824219,100.52999877929688,498900,0.0,0.0
2025-02-11 00:00:00-05:00,100.0,100.3499984741211,99.5999984741211,99.8499984741211,351300,0.0,0.0
2025-02-12 00:00:00-05:00,99.68000030517578,100.44999694824219,99.30000305175781,100.37999725341797,383200,0.0,0.0
2025-02-13 00:00:00-05:00,101.5199966430664,103.54000091552734,101.20999908447266,103.30000305175781,794500,0.0,0.0
2025-02-14 00:00:00-05:00,104.62999725341797,105.6500015258789,104.38999938964844,105.05999755859375,868900,0.0,0.0
2025-02-18 00:00:00-05:00,105.16000366210938,105.23999786376953,104.30999755859375,104.63999938964844,484300,0.0,0.0
2025-02-19 00:00:00-05:00,103.9800033569336,104.30999755859375,103.47000122070312,104.05000305175781,463600,0.0,0.0
2025-02-20 00:00:00-05:00,103.7300033569336,103.83999633789062,102.87999725341797,103.2699966430664,389500,0.0,0.0
2025-02-21 00:00:00-05:00,104.26000213623047,104.30999755859375,102.9800033569336,104.0,681400,0.0,0.0
2025-02-24 00:00:00-05:00,104.38999938964844,104.54000091552734,103.19000244140625,103.37999725341797,430700,0.0,0.0
2025-02-25 00:00:00-05:00,104.68000030517578,105.06999969482422,103.69000244140625,104.41999816894531,463800,0.0,0.0
2025-02-26 00:00:00-05:00,104.87000274658203,105.62999725341797,104.62000274658203,104.83999633789062,441800,0.0,0.0
2025-02-27 00:00:00-05:00,104.05000305175781,104.08999633789062,101.18000030517578,101.20999908447266,744800,0.0,0.0
2025-02-28 00:00:00-05:00,98.36000061035156,98.94000244140625,97.41000366210938,98.94000244140625,1039300,0.0,0.0
