Date,Open,High,Low,Close,Volume,Dividends,Stock Splits
2020-02-05 00:00:00-05:00,23.0094052599759,23.478797337936804,22.981793341691738,22.990997314453125,7403400,0.0,0.0
2020-02-06 00:00:00-05:00,23.037017054243915,23.046221026955756,22.99099719068472,23.0094051361084,1749800,0.0,0.0
2020-02-07 00:00:00-05:00,23.027811692918988,23.046219637232635,22.917365782515276,22.954181671142578,900100,0.0,0.0
2020-02-10 00:00:00-05:00,22.972589893243402,23.009405785129218,22.926571783864485,22.935775756835938,918800,0.0,0.0
2020-02-11 00:00:00-05:00,22.96338653564453,22.99099669770973,22.9173666730721,22.96338653564453,899600,0.0,0.0
2020-02-12 00:00:00-05:00,22.944977050917533,23.000199126820576,22.871347031220765,22.908161163330078,910300,0.0,0.0
2020-02-13 00:00:00-05:00,22.972587211129984,22.990995154923713,22.908161163330078,22.908161163330078,1016500,0.0,0.0
2020-02-14 00:00:00-05:00,22.91736602783203,22.954181916853422,22.898958083321332,22.91736602783203,684900,0.0,0.0
2020-02-18 00:00:00-05:00,22.97258696655913,22.981790938358007,22.944976806640625,22.944976806640625,334900,0.0,0.0
2020-02-19 00:00:00-05:00,22.97258696655913,23.00019888195576,22.944976806640625,22.944976806640625,372900,0.0,0.0
2020-02-20 00:00:00-05:00,22.96338411213246,23.018606185913086,22.944976169046225,23.018606185913086,292100,0.0,0.0
2020-02-21 00:00:00-05:00,23.018609232737287,23.055423368304528,22.990997314453125,22.990997314453125,435800,0.0,0.0
2020-02-24 00:00:00-05:00,22.843733226966165,22.871345140373993,22.73328908429085,22.80691909790039,868600,0.0,0.0
2020-02-25 00:00:00-05:00,22.917365403052987,22.917365403052987,22.73329122939893,22.770105361938477,466700,0.0,0.0
2020-02-26 00:00:00-05:00,22.77010625407539,22.843736277517483,22.77010625407539,22.77931022644043,315200,0.0,0.0
2020-02-27 00:00:00-05:00,22.742494486546967,22.742494486546967,22.089028243635635,22.54001235961914,549900,0.0,0.0
2020-02-28 00:00:00-05:00,22.438769547954145,22.438769547954145,21.91415542839555,22.309917449951172,3321300,0.0,0.0
2020-03-02 00:00:00-05:00,22.19947495074005,22.401957084905195,21.900351980391303,22.22708511352539,510800,0.0,0.0
2020-03-03 00:00:00-05:00,22.282305411516273,22.678067430900946,22.227083334886228,22.328325271606445,243700,0.0,0.0
2020-03-04 00:00:00-05:00,22.705679435491753,22.77010548439105,22.3191213866178,22.751697540283203,67700,0.0,0.0
2020-03-05 00:00:00-05:00,22.484788509744373,22.65966046110161,22.484788509744373,22.641252517700195,212000,0.0,0.0
2020-03-06 00:00:00-05:00,22.411161023208113,22.540013130617098,22.153455052911838,22.447975158691406,168800,0.0,0.0
2020-03-09 00:00:00-04:00,22.08902767526834,22.16910030228441,21.187059466509652,21.950971603393555,210000,0.0,0.0
2020-03-10 00:00:00-04:00,22.08902951504322,22.171863516162897,21.49354668420757,21.628841400146484,110500,0.0,0.0
2020-03-11 00:00:00-04:00,21.490782718595707,21.52759685048798,20.248274607494725,20.496776580810547,228400,0.0,0.0
2020-03-12 00:00:00-04:00,17.781665969750428,19.337102070164185,15.508337634898085,16.09737777709961,487900,0.0,0.0
2020-03-13 00:00:00-04:00,17.026957713382345,17.361974906014616,16.13419353551765,16.3366756439209,330500,0.0,0.0
2020-03-16 00:00:00-04:00,16.106582115202475,16.190335977062077,15.186205994333763,15.287447929382324,796100,0.0,0.0
2020-03-17 00:00:00-04:00,15.462318601381705,15.922506675892805,14.01732832829336,14.127774238586426,491800,0.0,0.0
2020-03-18 00:00:00-04:00,13.713603789029763,13.778030714067413,8.099310003272874,9.084112167358398,865400,0.0,0.0
2020-03-19 00:00:00-04:00,9.268187426623896,14.841065221791858,9.258984332327746,13.81484603881836,1155300,0.0,0.0
2020-03-20 00:00:00-04:00,13.80564144290385,14.707609595858827,12.922080355448442,12.995710372924805,812800,0.0,0.0
2020-03-23 00:00:00-04:00,13.207398737633373,13.483510893697208,11.75320442104208,13.170583724975586,515900,0.0,0.0
2020-03-24 00:00:00-04:00,13.345454499148843,15.48993091051708,13.345454499148843,14.302645683288574,668400,0.0,0.0
2020-03-25 00:00:00-04:00,13.943697962214292,17.367498275523136,13.943697962214292,14.836463928222656,419300,0.0,0.0
2020-03-26 00:00:00-04:00,15.655597636597253,18.766468075220214,15.655597636597253,17.542367935180664,563900,0.0,0.0
2020-03-27 00:00:00-04:00,17.211034775255637,18.812489071931513,16.81527274831401,18.637617111206055,678800,0.0,0.0
2020-03-30 00:00:00-04:00,19.226655444131286,19.226655444131286,17.036161180926275,17.293867111206055,568100,0.0,0.0
2020-03-31 00:00:00-04:00,16.934919753025202,16.934919753025202,16.3366756439209,16.3366756439209,273500,0.0,0.0
2020-04-01 00:00:00-04:00,15.701618606977839,16.198622633264943,15.425506429359501,15.545154571533203,804100,0.0,0.0
2020-04-02 00:00:00-04:00,15.591172799831622,16.640401071104527,15.315058895748384,16.612789154052734,502900,0.0,0.0
2020-04-03 00:00:00-04:00,17.072975809218246,17.072975809218246,15.674005483147495,16.557565689086914,375700,0.0,0.0
2020-04-06 00:00:00-04:00,17.22023767447197,18.978157812636717,17.22023767447197,18.886119842529297,492200,0.0,0.0
2020-04-07 00:00:00-04:00,19.281880843091976,19.478840227670478,18.458143776139693,18.775672912597656,204400,0.0,0.0
2020-04-08 00:00:00-04:00,18.95974930117631,19.557993455787095,18.95974930117631,19.502771377563477,312500,0.0,0.0
2020-04-09 00:00:00-04:00,20.018181889556175,20.082607941197768,19.419937724412215,19.788087844848633,643700,0.0,0.0
2020-04-13 00:00:00-04:00,20.05499691036845,20.05499691036845,18.646820785801513,19.33710289001465,322200,0.0,0.0
2020-04-14 00:00:00-04:00,19.419936485268593,19.668438459011153,19.08399941208838,19.373916625976562,154300,0.0,0.0
2020-04-15 00:00:00-04:00,18.61000726935555,18.95054725657768,18.23265314473228,18.3983211517334,139300,0.0,0.0
2020-04-16 00:00:00-04:00,18.79408110656571,18.85850715637207,18.177429014096226,18.85850715637207,63800,0.0,0.0
2020-04-17 00:00:00-04:00,19.668436420766362,19.889326456042813,19.00576455945905,19.834102630615234,226700,0.0,0.0
2020-04-20 00:00:00-04:00,19.567198322814168,20.050395479191806,19.42914224320317,19.51197624206543,120300,0.0,0.0
2020-04-21 00:00:00-04:00,19.327900630879224,19.788088741138253,18.922934602317348,19.677642822265625,130600,0.0,0.0
2020-04-22 00:00:00-04:00,20.008978356785402,20.008978356785402,19.245066181789376,19.29108428955078,48000,0.0,0.0
2020-04-23 00:00:00-04:00,19.281880562021193,19.502770621834422,19.143822738594547,19.254268646240234,122500,0.0,0.0
2020-04-24 00:00:00-04:00,19.235862022363573,19.26347394003928,18.830896007177884,18.886119842529297,156500,0.0,0.0
2020-04-27 00:00:00-04:00,18.959750357591705,19.291084600873177,18.904528276291177,19.051788330078125,167300,0.0,0.0
2020-04-28 00:00:00-04:00,19.079396922040306,19.63162295601163,19.079396922040306,19.557992935180664,66200,0.0,0.0
2020-04-29 00:00:00-04:00,19.59481057285637,19.870922736755603,19.300288707757982,19.797292709350586,261100,0.0,0.0
2020-04-30 00:00:00-04:00,19.35551152748198,20.229867837520494,19.35551152748198,20.027385711669922,110400,0.0,0.0
2020-05-01 00:00:00-04:00,19.383121349892434,19.77888337776863,19.383121349892434,19.742069244384766,44000,0.0,0.0
2020-05-04 00:00:00-04:00,19.69604990314423,19.907736003253525,19.567197799682617,19.567197799682617,58500,0.0,0.0
2020-05-05 00:00:00-04:00,19.659234360966305,19.93534649303367,19.613214501969665,19.732864379882812,63000,0.0,0.0
2020-05-06 00:00:00-04:00,19.696049109556434,19.861717096176747,19.696049109556434,19.760475158691406,28800,0.0,0.0
2020-05-07 00:00:00-04:00,19.861717495865204,20.054997402637774,19.696049505911063,19.723661422729492,64500,0.0,0.0
2020-05-08 00:00:00-04:00,19.880125291280883,20.064199468921604,19.806495269128956,19.84330940246582,46100,0.0,0.0
2020-05-11 00:00:00-04:00,19.834104950393666,19.834104950393666,19.447546904578914,19.576400756835938,58100,0.0,0.0
2020-05-12 00:00:00-04:00,19.41993752779775,19.815699561564404,19.116213462077933,19.143823623657227,168200,0.0,0.0
2020-05-13 00:00:00-04:00,19.143823293516668,19.189843154485576,18.44433896157123,18.637617111206055,153900,0.0,0.0
2020-05-14 00:00:00-04:00,18.591600108247032,18.876916241261487,18.039374032219023,18.830896377563477,90900,0.0,0.0
2020-05-15 00:00:00-04:00,18.68363419071439,18.95054410324253,18.453540164939692,18.86771011352539,75300,0.0,0.0
2020-05-18 00:00:00-04:00,19.005768159377833,19.29108428955078,18.830896190023577,19.29108428955078,55800,0.0,0.0
2020-05-19 00:00:00-04:00,19.272675830133608,19.493565881236695,19.121732803056798,19.34630584716797,76600,0.0,0.0
2020-05-20 00:00:00-04:00,19.350908468100762,19.548789483503455,19.311332967211513,19.502771377563477,35900,0.0,0.0
2020-05-21 00:00:00-04:00,19.465956625933405,19.511976490040794,19.259793252262913,19.475160598754883,28800,0.0,0.0
2020-05-22 00:00:00-04:00,19.511976365936032,19.511976365936032,19.32790042163391,19.493568420410156,19600,0.0,0.0
2020-05-26 00:00:00-04:00,19.58560439821126,19.84330858741893,19.58560439821126,19.663835525512695,43000,0.0,0.0
2020-05-27 00:00:00-04:00,19.778883500888135,19.80649541770656,19.55799343277535,19.723661422729492,46000,0.0,0.0
2020-05-28 00:00:00-04:00,19.788087349984146,19.815699266630695,19.67764143887615,19.742069244384766,57600,0.0,0.0
2020-05-29 00:00:00-04:00,19.769680795413095,19.788088741138253,19.65003265915621,19.677642822265625,28500,0.0,0.0
2020-06-01 00:00:00-04:00,19.668439222138836,19.907735477829455,19.668439222138836,19.742069244384766,74400,0.0,0.0
2020-06-02 00:00:00-04:00,19.788087074954184,19.797291047041774,19.61321511624628,19.760475158691406,45300,0.0,0.0
2020-06-03 00:00:00-04:00,19.797291694115483,19.944551741373797,19.78808772172706,19.806495666503906,89000,0.0,0.0
2020-06-04 00:00:00-04:00,19.83410607523656,19.921542936276545,19.714457943653226,19.76968002319336,212400,0.0,0.0
2020-06-05 00:00:00-04:00,19.972163632888535,20.115742442102725,19.79729166868954,20.027385711669922,231500,0.0,0.0
2020-06-08 00:00:00-04:00,20.20225562652007,20.33110771576509,20.054995594389172,20.266681671142578,202100,0.0,0.0
2020-06-09 00:00:00-04:00,20.26668370156602,20.32190578027803,20.097334472101384,20.248275756835938,129100,0.0,0.0
2020-06-10 00:00:00-04:00,20.24827713931937,20.377129250271057,19.926145106461803,20.303499221801758,93000,0.0,0.0
2020-06-11 00:00:00-04:00,19.880124917204878,19.98136509858491,19.622418966783172,19.77888298034668,159100,0.0,0.0
2020-06-12 00:00:00-04:00,19.87092196524882,20.14703411842774,19.475159925008306,19.76968002319336,159400,0.0,0.0
2020-06-15 00:00:00-04:00,18.987360181381913,19.815700163486937,18.830896157592992,19.631624221801758,86100,0.0,0.0
2020-06-16 00:00:00-04:00,19.815699762185705,20.202257827513506,19.76047592751156,19.788087844848633,101100,0.0,0.0
2020-06-17 00:00:00-04:00,19.788086266867516,19.788086266867516,19.677640361804865,19.700651168823242,28300,0.0,0.0
2020-06-18 00:00:00-04:00,19.55799178640653,19.622417831414673,19.39876641489894,19.465953826904297,39500,0.0,0.0
2020-06-19 00:00:00-04:00,19.58560537263801,19.631623478577986,19.46595548842892,19.502771377563477,42500,0.0,0.0
2020-06-22 00:00:00-04:00,19.383123467598008,19.70525550842285,19.281883273122723,19.70525550842285,30300,0.0,0.0
2020-06-23 00:00:00-04:00,19.67672169078163,19.82490336225218,19.65003140002523,19.723661422729492,176800,0.0,0.0
2020-06-24 00:00:00-04:00,19.788088091780267,19.788088091780267,19.51197593687697,19.751272201538086,83200,0.0,0.0
2020-06-25 00:00:00-04:00,19.60401053260835,19.634383815097724,19.355510315908067,19.392324447631836,83800,0.0,0.0
2020-06-26 00:00:00-04:00,19.4567521605782,19.4567521605782,19.254270030066326,19.429141998291016,43200,0.0,0.0
2020-06-29 00:00:00-04:00,19.429143263766985,19.429143263766985,19.134623143665582,19.38312339782715,54800,0.0,0.0
2020-06-30 00:00:00-04:00,19.282817476888827,19.7093454599218,19.217198062267595,19.254695892333984,238800,0.383,0.0
2020-07-01 00:00:00-04:00,19.310940543680204,19.507798784426964,19.301566086312036,19.479677200317383,115100,0.0,0.0
2020-07-02 00:00:00-04:00,19.592167422956752,19.695284667644376,19.207823604750995,19.254695892333984,101600,0.0,0.0
2020-07-06 00:00:00-04:00,19.54998337936811,19.640913651048564,19.451554256825855,19.62966537475586,256300,0.0,0.0
2020-07-07 00:00:00-04:00,19.545296723744276,19.64841217938379,19.498424436640015,19.610916137695312,87900,0.0,0.0
2020-07-08 00:00:00-04:00,19.62966653627287,19.976512547086596,19.57341978749627,19.94839096069336,37700,0.0,0.0
2020-07-09 00:00:00-04:00,19.807774327718622,19.916516603120026,19.59216717158798,19.73278045654297,31000,0.0,0.0
2020-07-10 00:00:00-04:00,19.79090282888631,19.92026784958921,19.61091787920951,19.845273971557617,79700,0.0,0.0
2020-07-13 00:00:00-04:00,19.939015486156254,20.004634901722223,19.639039993286133,19.639039993286133,74500,0.0,0.0
2020-07-14 00:00:00-04:00,19.639041834576457,19.779655136543383,19.620292917515496,19.760906219482422,62800,0.0,0.0
2020-07-15 00:00:00-04:00,19.76090327732991,20.06087875366211,19.76090327732991,20.06087875366211,370300,0.0,0.0
2020-07-16 00:00:00-04:00,20.00463218228476,20.26711159686205,19.95776168839351,20.20149040222168,139200,0.0,0.0
2020-07-17 00:00:00-04:00,20.126498973340453,20.20993039359156,20.028069851467766,20.107751846313477,29000,0.0,0.0
2020-07-20 00:00:00-04:00,20.117123643021024,20.445222489689918,20.117123643021024,20.41710090637207,76700,0.0,0.0
2020-07-21 00:00:00-04:00,20.417102020169814,20.688954139043403,20.417102020169814,20.61396026611328,88300,0.0,0.0
2020-07-22 00:00:00-04:00,20.623335627314518,20.640208936563962,20.417102914719592,20.548341751098633,18700,0.0,0.0
2020-07-23 00:00:00-04:00,20.576463538113863,20.717076821673757,20.557714623507234,20.567089080810547,54500,0.0,0.0
2020-07-24 00:00:00-04:00,20.445222854614258,20.576463468421238,20.435848397342696,20.445222854614258,22400,0.0,0.0
2020-07-27 00:00:00-04:00,20.435849306857893,20.698328758158823,20.351480975653843,20.623334884643555,40200,0.0,0.0
2020-07-28 00:00:00-04:00,20.529591020064988,20.717076588027,20.388977738090926,20.435848236083984,65700,0.0,0.0
2020-07-29 00:00:00-04:00,20.58583631793969,20.773321889022696,20.538965819166396,20.698328018188477,35500,0.0,0.0
2020-07-30 00:00:00-04:00,20.642083960935686,20.810820624659165,20.54834117131209,20.632709503173828,37300,0.0,0.0
2020-07-31 00:00:00-04:00,20.735826750559287,20.810820624659165,20.58583721436453,20.632709503173828,39800,0.0,0.0
2020-08-03 00:00:00-04:00,20.71707841992545,20.84831725630666,20.642084543708325,20.792072296142578,25900,0.0,0.0
2020-08-04 00:00:00-04:00,20.942059400762208,20.942059400762208,20.65145836290958,20.754573822021484,30900,0.0,0.0
2020-08-05 00:00:00-04:00,20.815506324404602,20.904560988432472,20.773322159760884,20.83894157409668,38900,0.0,0.0
2020-08-06 00:00:00-04:00,20.84831593798651,20.951433181762695,20.71707710990404,20.951433181762695,26100,0.0,0.0
2020-08-07 00:00:00-04:00,20.72645156733778,20.998303680936452,20.72645156733778,20.951433181762695,30700,0.0,0.0
2020-08-10 00:00:00-04:00,20.95143287857686,21.32640223052558,20.89518792278328,21.176414489746094,100600,0.0,0.0
2020-08-11 00:00:00-04:00,21.185788947044173,21.354525602419827,21.16704003244801,21.176414489746094,56000,0.0,0.0
2020-08-12 00:00:00-04:00,21.185789108276367,21.242034064497993,21.133293577403524,21.185789108276367,27600,0.0,0.0
2020-08-13 00:00:00-04:00,21.157666797315766,21.373273963641395,21.04517687923066,21.129545211791992,85100,0.0,0.0
2020-08-14 00:00:00-04:00,21.0545472824428,21.251407299891238,21.027362609231055,21.23265838623047,24400,0.0,0.0
2020-08-17 00:00:00-04:00,21.167039732582214,21.401395797729492,21.07329694892433,21.401395797729492,19400,0.0,0.0
2020-08-18 00:00:00-04:00,21.36389772775641,21.36389772775641,21.247656615542308,21.27015495300293,47500,0.0,0.0
2020-08-19 00:00:00-04:00,21.223283843589037,21.41076940344904,21.195162261206406,21.345149993896484,33400,0.0,0.0
2020-08-20 00:00:00-04:00,21.4295200169491,21.54200993139261,21.34983802188957,21.4576416015625,26800,0.0,0.0
2020-08-21 00:00:00-04:00,21.467015788350594,21.55138411711663,21.27484388127128,21.317028045654297,28700,0.0,0.0
2020-08-24 00:00:00-04:00,21.44826752079335,21.44826752079335,21.326403146673012,21.35452651977539,31200,0.0,0.0
2020-08-25 00:00:00-04:00,21.26078292838393,21.392021755252127,21.26078292838393,21.307653427124023,41400,0.0,0.0
2020-08-26 00:00:00-04:00,21.37327311130115,21.56075868462631,21.307653697035825,21.448266983032227,65300,0.0,0.0
2020-08-27 00:00:00-04:00,21.4435808092558,21.471704181864155,21.32640277204675,21.4576416015625,16400,0.0,0.0
2020-08-28 00:00:00-04:00,21.429518845787882,21.467014885888176,21.335776063544863,21.382646560668945,17700,0.0,0.0
2020-08-31 00:00:00-04:00,21.326401374205282,21.412643517092892,21.063921944383075,21.120168685913086,69700,0.0,0.0
2020-09-01 00:00:00-04:00,21.20453728755048,21.334839200874686,20.998302808566077,21.26078224182129,36700,0.0,0.0
2020-09-02 00:00:00-04:00,21.218598443017935,21.392021431324135,21.092045952742097,21.288904190063477,18100,0.0,0.0
2020-09-03 00:00:00-04:00,20.998303856064524,21.232659929877734,20.998303856064524,21.204538345336914,41300,0.0,0.0
2020-09-04 00:00:00-04:00,21.22328531113382,21.23640919395182,21.09204648295382,21.19516372680664,48400,0.0,0.0
2020-09-08 00:00:00-04:00,21.16703987121582,21.326402068079506,21.08267154417064,21.16703987121582,54300,0.0,0.0
2020-09-09 00:00:00-04:00,21.20453779096036,21.30765324490573,21.16703996189302,21.29359245300293,36100,0.0,0.0
2020-09-10 00:00:00-04:00,21.24297097383646,21.326402392827895,21.129544152054738,21.185789108276367,48400,0.0,0.0
2020-09-11 00:00:00-04:00,21.185789363451384,21.256095112576496,21.026427162241546,21.082672119140625,41300,0.0,0.0
2020-09-14 00:00:00-04:00,21.09204684461848,21.302030761302003,21.09204684461848,21.223285675048828,48500,0.0,0.0
2020-09-15 00:00:00-04:00,21.27953338623047,21.326403888369526,21.19516505198413,21.27953338623047,26600,0.0,0.0
2020-09-16 00:00:00-04:00,21.326403307220204,21.401397181396124,21.27953280635838,21.363901138305664,37000,0.0,0.0
2020-09-17 00:00:00-04:00,21.32640261196733,21.465142079267544,21.32640261196733,21.448266983032227,37600,0.0,0.0
2020-09-18 00:00:00-04:00,21.457641923269716,21.504514211653046,21.401396965204697,21.476390838623047,66400,0.0,0.0
2020-09-21 00:00:00-04:00,21.46701562603323,21.46701562603323,21.232659556342924,21.307653427124023,60600,0.0,0.0
2020-09-22 00:00:00-04:00,21.401395620192886,21.45764057472308,21.24203342569494,21.436080932617188,105500,0.0,0.0
2020-09-23 00:00:00-04:00,21.3732728916801,21.43889409326607,21.02642690898599,21.185789108276367,410600,0.0,0.0
2020-09-24 00:00:00-04:00,21.167041677903665,21.298280514289065,21.041426085938323,21.27953338623047,123000,0.0,0.0
2020-09-25 00:00:00-04:00,21.279532325353024,21.420145612755057,21.27015786779356,21.335777282714844,20000,0.0,0.0
2020-09-28 00:00:00-04:00,21.485764812895233,21.51388818529249,21.298279239570075,21.448266983032227,106600,0.0,0.0
2020-09-29 00:00:00-04:00,21.42952025277233,21.438894710411613,21.15766634521812,21.349838256835938,35100,0.0,0.0
2020-09-30 00:00:00-04:00,21.357465125304298,21.393696641813502,21.071428368507295,21.090497970581055,92200,0.383,0.0
2020-10-01 00:00:00-04:00,21.11910057067871,21.166774575898245,21.023754378816992,21.11910057067871,81500,0.0,0.0
2020-10-02 00:00:00-04:00,21.02375406899622,21.11910025945285,20.83306350666028,20.98561668395996,59700,0.0,0.0
2020-10-05 00:00:00-04:00,21.023753912603105,21.11910010235047,20.918874740600586,20.918874740600586,34000,0.0,0.0
2020-10-06 00:00:00-04:00,20.966546961232325,21.25258553095254,20.88073557217399,20.928409576416016,78200,0.0,0.0
2020-10-07 00:00:00-04:00,20.92840955759589,21.080962733878565,20.92840955759589,20.947477340698242,39200,0.0,0.0
2020-10-08 00:00:00-04:00,20.976080859296363,21.405137786121955,20.890269473931244,21.319326400756836,72700,0.0,0.0
2020-10-09 00:00:00-04:00,21.309795062470247,21.309795062470247,21.042826062563037,21.19537925720215,23600,0.0,0.0
2020-10-12 00:00:00-04:00,21.150565750353238,21.26211910436871,21.119100724820957,21.185842514038086,23400,0.0,0.0
2020-10-13 00:00:00-04:00,21.176307628033317,21.185842429108593,21.11910064015902,21.13817024230957,11300,0.0,0.0
2020-10-14 00:00:00-04:00,21.18012466280114,21.18012466280114,20.918876912317202,21.04282569885254,44600,0.0,0.0
2020-10-15 00:00:00-04:00,20.91887494683654,21.061893323578925,20.91887494683654,21.023754119873047,14100,0.0,0.0
2020-10-16 00:00:00-04:00,21.04282423775392,21.214447021484375,20.947478044728403,21.214447021484375,36500,0.0,0.0
2020-10-19 00:00:00-04:00,21.22398156358434,21.22398156358434,21.071428384036526,21.11910057067871,56300,0.0,0.0
2020-10-20 00:00:00-04:00,21.071428384036526,21.11910057067871,21.06189358299262,21.11910057067871,13500,0.0,0.0
2020-10-21 00:00:00-04:00,21.10003088338907,21.166774490426906,21.033289094928573,21.071428298950195,37300,0.0,0.0
2020-10-22 00:00:00-04:00,21.033290747442813,21.090499557969945,20.937944548475073,20.976083755493164,28800,0.0,0.0
2020-10-23 00:00:00-04:00,20.97608393854364,21.147706734467757,20.97608393854364,21.05236053466797,63800,0.0,0.0
2020-10-26 00:00:00-04:00,21.004685901577734,21.10956507244213,20.737716936897662,20.83306312561035,50300,0.0,0.0
2020-10-27 00:00:00-04:00,20.976083433778605,21.02375562324257,20.761554944035833,20.86166763305664,42500,0.0,0.0
2020-10-28 00:00:00-04:00,20.785388505462638,20.861665090454938,20.480282165493442,20.594697952270508,104700,0.0,0.0
2020-10-29 00:00:00-04:00,20.59470008030406,20.737718464620443,20.499353884567334,20.680511474609375,54100,0.0,0.0
2020-10-30 00:00:00-04:00,20.57563034034986,20.699579120977564,20.375404967356474,20.642372131347656,88000,0.0,0.0
2020-11-02 00:00:00-05:00,20.58516258132828,20.745342859799713,20.28005624981478,20.39447021484375,70500,0.0,0.0
2020-11-03 00:00:00-05:00,20.356335062164195,20.632837023414968,20.29912807338427,20.508888244628906,36300,0.0,0.0
2020-11-04 00:00:00-05:00,20.518421367278208,20.7567859227013,20.38493597960876,20.594697952270508,115000,0.0,0.0
2020-11-05 00:00:00-05:00,20.642372536234195,20.90934152403921,20.594700347037115,20.804460525512695,217400,0.0,0.0
2020-11-06 00:00:00-05:00,20.709114109068604,20.909341302444744,20.58516532732332,20.71864891052246,76800,0.0,0.0
2020-11-09 00:00:00-05:00,21.061894829675712,21.061894829675712,20.756788452520418,20.86166763305664,63800,0.0,0.0
2020-11-10 00:00:00-05:00,20.933175840637805,21.061892922830022,20.756786573297635,20.84259796142578,174700,0.0,0.0
2020-11-11 00:00:00-05:00,20.88073652014547,20.937943509255746,20.461214356656182,20.56609535217285,72800,0.0,0.0
2020-11-12 00:00:00-05:00,20.585164420578415,20.604234022646143,20.299127663871896,20.346799850463867,78200,0.0,0.0
2020-11-13 00:00:00-05:00,20.44214824237352,20.651908431962553,20.375406446530533,20.451683044433594,70500,0.0,0.0
2020-11-16 00:00:00-05:00,20.651905007239773,20.77490084183642,20.346798666223567,20.613767623901367,272600,0.0,0.0
2020-11-17 00:00:00-05:00,20.690046069069037,20.880736640057506,20.499353679503162,20.623302459716797,202500,0.0,0.0
2020-11-18 00:00:00-05:00,20.508886881098203,20.899804612496087,20.508886881098203,20.728181838989258,267200,0.0,0.0
2020-11-19 00:00:00-05:00,20.737718849303846,20.957013830562033,20.709114444478992,20.86166763305664,134000,0.0,0.0
2020-11-20 00:00:00-05:00,20.85308763917993,20.918876497445027,20.761554998362843,20.852134704589844,70000,0.0,0.0
2020-11-23 00:00:00-05:00,20.880735777766574,21.09049776134219,20.842598392574764,21.033288955688477,167800,0.0,0.0
2020-11-24 00:00:00-05:00,21.084778463155306,21.214448494499543,20.99515350831837,21.04282569885254,328800,0.0,0.0
2020-11-25 00:00:00-05:00,21.166774903352728,21.28118888049492,20.890271124533903,21.233516693115234,91500,0.0,0.0
2020-11-27 00:00:00-05:00,21.26211929321289,21.338395884220983,21.252586310592086,21.26211929321289,40200,0.0,0.0
2020-11-30 00:00:00-05:00,21.443276878823628,21.452811680021814,21.23351670819572,21.26211929321289,169200,0.0,0.0
2020-12-01 00:00:00-05:00,21.338395918946844,21.529088306066097,21.262119327814617,21.27165412902832,284000,0.0,0.0
2020-12-02 00:00:00-05:00,21.34793108040727,21.443277275575866,21.262119686613275,21.395605087280273,166300,0.0,0.0
2020-12-03 00:00:00-05:00,21.45281070578714,21.672105667654414,21.328861932994382,21.614898681640625,115500,0.0,0.0
2020-12-04 00:00:00-05:00,21.643503619063132,21.83419418334961,21.551018049789235,21.83419418334961,121100,0.0,0.0
2020-12-07 00:00:00-05:00,21.910470772779668,22.02488656621343,21.748382792918626,21.83419418334961,166700,0.0,0.0
2020-12-08 00:00:00-05:00,21.958143446030782,22.072557413948033,21.881866861226868,22.06302261352539,79100,0.0,0.0
2020-12-09 00:00:00-05:00,22.063024471285537,22.120233278638516,21.92954089128336,22.024887084960938,27000,0.0,0.0
2020-12-10 00:00:00-05:00,22.015353940413384,22.043958346242384,21.81512673676543,21.929542541503906,90700,0.0,0.0
2020-12-11 00:00:00-05:00,21.843729346272085,22.015352129977618,21.796057159054936,21.958145141601562,132600,0.0,0.0
2020-12-14 00:00:00-05:00,22.04109376432445,22.04109376432445,21.691174052044012,21.872331619262695,121700,0.0,0.0
2020-12-15 00:00:00-05:00,21.967678246453424,22.072557413948033,21.843727659536295,22.06302261352539,79600,0.0,0.0
2020-12-16 00:00:00-05:00,22.050631425111085,22.25371742248535,22.034422444474792,22.25371742248535,80300,0.0,0.0
2020-12-17 00:00:00-05:00,22.35859662619113,22.35859662619113,22.01535107522492,22.310922622680664,107900,0.0,0.0
2020-12-18 00:00:00-05:00,22.358596853052852,22.463476024685463,22.12023228881381,22.3967342376709,87700,0.0,0.0
2020-12-21 00:00:00-05:00,22.253715862842935,22.3967342376709,22.191740566939142,22.3967342376709,40700,0.0,0.0
2020-12-22 00:00:00-05:00,22.310922883926246,22.406269073486328,22.186974110502252,22.406269073486328,73000,0.0,0.0
2020-12-23 00:00:00-05:00,22.406270878133746,22.406270878133746,22.196510699068888,22.377666473388672,109800,0.0,0.0
2020-12-24 00:00:00-05:00,22.406269557065993,22.587427139282227,22.32999296748716,22.587427139282227,50300,0.0,0.0
2020-12-28 00:00:00-05:00,22.587429093743225,22.69230827687834,22.545476329342677,22.625566482543945,61500,0.0,0.0
2020-12-29 00:00:00-05:00,22.59696084097611,22.94020456809363,22.57312293029833,22.902067184448242,99400,0.0,0.0
2020-12-30 00:00:00-05:00,22.943731592249872,23.17142546296079,22.788706528630176,23.059999465942383,128700,0.383,0.0
2020-12-31 00:00:00-05:00,23.01155317183543,23.185956817877496,22.86621741614851,23.147199630737305,145500,0.0,0.0
2021-01-04 00:00:00-05:00,23.069688620871847,23.069688620871847,22.779017090392166,23.00186538696289,81600,0.0,0.0
2021-01-05 00:00:00-05:00,22.953420814965135,23.14720121983629,22.914663625164188,23.021244049072266,77600,0.0,0.0
2021-01-06 00:00:00-05:00,22.943731130913527,23.03286970908248,22.75963817855005,22.87590789794922,49100,0.0,0.0
2021-01-07 00:00:00-05:00,22.98248689280508,23.089067316868668,22.866219019321647,23.030933380126953,145000,0.0,0.0
2021-01-08 00:00:00-05:00,23.021241969324706,23.04062056247451,22.90497225847024,22.972795486450195,41400,0.0,0.0
2021-01-11 00:00:00-05:00,22.94373141691396,23.001865353315956,22.875908183104215,22.992176055908203,77100,0.0,0.0
2021-01-12 00:00:00-05:00,22.909819657582176,22.972797318274267,22.817772256803035,22.93404197692871,48500,0.0,0.0
2021-01-13 00:00:00-05:00,23.030933869899997,23.25378217218608,22.972798083877443,23.224714279174805,59600,0.0,0.0
2021-01-14 00:00:00-05:00,23.253780364990234,23.3409821892025,23.184018536011536,23.253780364990234,57300,0.0,0.0
2021-01-15 00:00:00-05:00,23.21502535401907,23.389429018796122,23.142358392391692,23.35067367553711,22500,0.0,0.0
2021-01-19 00:00:00-05:00,23.360361345076416,23.44756317138672,23.19564698960634,23.44756317138672,41700,0.0,0.0
2021-01-20 00:00:00-05:00,23.350672467260136,23.689790481440735,23.350672467260136,23.602588653564453,49300,0.0,0.0
2021-01-21 00:00:00-05:00,23.6219653663973,23.73823508608095,23.437874261627897,23.592899322509766,52600,0.0,0.0
2021-01-22 00:00:00-05:00,23.59289723224827,23.637466517493085,23.40880429574446,23.525074005126953,43500,0.0,0.0
2021-01-25 00:00:00-05:00,23.447564839104366,23.525077373777247,23.25378257839986,23.360363006591797,139700,0.0,0.0
2021-01-26 00:00:00-05:00,23.418494965252,23.431091236182873,23.22471272093426,23.34098243713379,58100,0.0,0.0
2021-01-27 00:00:00-05:00,23.26734678585626,23.331294671953454,23.185958903195207,23.215024948120117,69100,0.0,0.0
2021-01-28 00:00:00-05:00,23.302225181040313,23.34098236900852,23.098755488340554,23.321603775024414,81800,0.0,0.0
2021-01-29 00:00:00-05:00,23.32160359536768,23.32160359536768,23.08906601348311,23.253780364990234,84800,0.0,0.0
2021-02-01 00:00:00-05:00,23.147201712569238,23.37973931219135,23.108446369987835,23.215024948120117,57500,0.0,0.0
2021-02-02 00:00:00-05:00,23.253780476140854,23.447562719326466,23.156889354548046,23.30222511291504,63500,0.0,0.0
2021-02-03 00:00:00-05:00,23.544452061708277,23.544452061708277,23.185957313224577,23.321603775024414,46800,0.0,0.0
2021-02-04 00:00:00-05:00,23.20533587330177,23.379737674770546,23.20533587330177,23.311914443969727,17200,0.0,0.0
2021-02-05 00:00:00-05:00,23.331293284595404,23.49600763887216,23.32160398751507,23.39911651611328,41000,0.0,0.0
2021-02-08 00:00:00-05:00,23.421403886426063,23.486320149010552,23.35067367553711,23.35067367553711,55500,0.0,0.0
2021-02-09 00:00:00-05:00,23.399117656528507,23.399117656528507,23.22471399667141,23.249906539916992,39700,0.0,0.0
2021-02-10 00:00:00-05:00,23.287691662053906,23.287691662053906,23.02124246862048,23.147199630737305,47200,0.0,0.0
2021-02-11 00:00:00-05:00,23.147199518458354,23.19467577884372,23.001863763476404,23.0987548828125,27200,0.0,0.0
2021-02-12 00:00:00-05:00,23.14720118603375,23.14720118603375,22.943731484009493,23.011554718017578,51000,0.0,0.0
2021-02-16 00:00:00-05:00,23.129760697106196,23.129760697106196,22.7693273411673,22.83715057373047,36600,0.0,0.0
2021-02-17 00:00:00-05:00,22.963109623668785,23.05999890001991,22.827461310297135,22.846839904785156,44200,0.0,0.0
2021-02-18 00:00:00-05:00,22.90497228323188,22.99217410445591,22.841994627493474,22.96310806274414,22400,0.0,0.0
2021-02-19 00:00:00-05:00,23.00186514264592,23.00186514264592,22.79839544308022,22.914663314819336,34000,0.0,0.0
2021-02-22 00:00:00-05:00,23.001864964600337,23.001864964600337,22.837150607541147,22.846839904785156,27500,0.0,0.0
2021-02-23 00:00:00-05:00,22.817772080531213,22.914663205213355,22.817772080531213,22.86621856689453,33400,0.0,0.0
2021-02-24 00:00:00-05:00,22.875907302135964,22.90400496990522,22.653057166428827,22.672435760498047,44600,0.0,0.0
2021-02-25 00:00:00-05:00,22.65305684124627,22.740258665261535,22.430208556782542,22.546478271484375,112500,0.0,0.0
2021-02-26 00:00:00-05:00,22.53678933190449,22.719912056413275,22.381764275207107,22.682125091552734,68100,0.0,0.0
2021-03-01 00:00:00-05:00,22.720882415771484,22.846839582075503,22.42051974958324,22.720882415771484,58000,0.0,0.0
2021-03-02 00:00:00-05:00,22.677282756872717,22.866219440799238,22.641432540398185,22.8516845703125,37100,0.0,0.0
2021-03-03 00:00:00-05:00,22.9049741937495,22.982486724853516,22.810990041880867,22.982486724853516,28400,0.0,0.0
2021-03-04 00:00:00-05:00,23.011553538129814,23.011553538129814,22.77901595572036,22.938884735107422,47300,0.0,0.0
2021-03-05 00:00:00-05:00,23.00186514264592,23.00186514264592,22.82746148699275,22.914663314819336,24000,0.0,0.0
2021-03-08 00:00:00-05:00,22.86621863440137,23.00089672521336,22.817772147895024,22.885597229003906,97900,0.0,0.0
2021-03-09 00:00:00-05:00,22.970858760794698,23.059997332509184,22.927257850182684,22.96310806274414,40700,0.0,0.0
2021-03-10 00:00:00-05:00,23.069688654589577,23.079377952025666,22.963110078881666,23.011554718017578,36500,0.0,0.0
2021-03-11 00:00:00-05:00,23.021242502689375,23.156888961791992,23.001863909090602,23.156888961791992,22600,0.0,0.0
2021-03-12 00:00:00-05:00,23.079375925679937,23.147199153733215,22.914661579817256,22.96310806274414,63500,0.0,0.0
2021-03-15 00:00:00-04:00,23.06968921253713,23.224714279174805,22.953421336581158,23.224714279174805,86500,0.0,0.0
2021-03-16 00:00:00-04:00,23.205335907208678,23.321603775024414,23.05999830037235,23.321603775024414,73700,0.0,0.0
2021-03-17 00:00:00-04:00,23.39911605390397,23.39911605390397,23.195646363369526,23.23440170288086,99000,0.0,0.0
2021-03-18 00:00:00-04:00,23.23440357684523,23.25378217218608,23.079378510207555,23.224714279174805,58900,0.0,0.0
2021-03-19 00:00:00-04:00,23.09875709811823,23.282850057707964,23.09875709811823,23.205337524414062,93600,0.0,0.0
2021-03-22 00:00:00-04:00,23.486319663085656,23.486319663085656,23.166580233624565,23.17626953125,152200,0.0,0.0
2021-03-23 00:00:00-04:00,23.32160331129277,23.389426540844077,23.09875502904007,23.156888961791992,121600,0.0,0.0
2021-03-24 00:00:00-04:00,23.185956739842293,23.224712078807652,23.108444213867188,23.108444213867188,120400,0.0,0.0
2021-03-25 00:00:00-04:00,23.14720129523403,23.195647782643018,23.059999465942383,23.059999465942383,109000,0.0,0.0
2021-03-26 00:00:00-04:00,23.156888961791992,23.185956852190156,23.059997841842524,23.156888961791992,237900,0.0,0.0
2021-03-29 00:00:00-04:00,23.16657814633742,23.27315856256984,23.079376323609875,23.108444213867188,130600,0.0,0.0
2021-03-30 00:00:00-04:00,23.156890935999133,23.22471417133261,23.08906770066565,23.17626953125,136900,0.0,0.0
2021-03-31 00:00:00-04:00,23.376158098751798,23.421452632259037,23.287537297737053,23.29738426208496,151300,0.383,0.0
2021-04-01 00:00:00-04:00,23.415545281015657,23.454931259155273,23.336771446620062,23.454931259155273,60300,0.0,0.0
2021-04-05 00:00:00-04:00,23.454930829994954,23.504165649414062,23.41554485257599,23.504165649414062,77900,0.0,0.0
2021-04-06 00:00:00-04:00,23.514010165379595,23.701098718405948,23.514010165379595,23.691251754760742,62100,0.0,0.0
2021-04-07 00:00:00-04:00,23.661713475770654,23.701099453456692,23.533704822529277,23.5622615814209,70900,0.0,0.0
2021-04-08 00:00:00-04:00,23.582940255508213,23.582940255508213,23.454931598938234,23.54355239868164,38700,0.0,0.0
2021-04-09 00:00:00-04:00,23.5435521813584,23.5435521813584,23.43523745420153,23.484472274780273,34300,0.0,0.0
2021-04-12 00:00:00-04:00,23.51401138305664,23.529766901328127,23.454931476242223,23.51401138305664,63600,0.0,0.0
2021-04-13 00:00:00-04:00,23.533705772466533,23.533705772466533,23.45493193579842,23.464778900146484,248300,0.0,0.0
2021-04-14 00:00:00-04:00,23.51401172077756,23.53370564937068,23.415545834044767,23.435237884521484,177600,0.0,0.0
2021-04-15 00:00:00-04:00,23.484471816189444,23.56324564946082,23.40471197184429,23.53370475769043,168900,0.0,0.0
2021-04-16 00:00:00-04:00,23.533705555356217,23.55241535087986,23.405698776245117,23.405698776245117,94100,0.0,0.0
2021-04-19 00:00:00-04:00,23.484471377949372,23.500225017439874,23.386003618668564,23.415544509887695,82600,0.0,0.0
2021-04-20 00:00:00-04:00,23.38600484773067,23.494319576443722,23.356463954959004,23.405698776245117,50700,0.0,0.0
2021-04-21 00:00:00-04:00,23.36631101256197,23.479548284797804,23.36631101256197,23.435237884521484,25700,0.0,0.0
2021-04-22 00:00:00-04:00,23.4588696691576,23.504166079475244,23.386004388823675,23.454931259155273,64800,0.0,0.0
2021-04-23 00:00:00-04:00,23.543551502495475,23.602631407370072,23.43523677846179,23.474624633789062,85400,0.0,0.0
2021-04-26 00:00:00-04:00,23.59967646332128,23.64300272733332,23.494317897343233,23.632171630859375,89800,0.0,0.0
2021-04-27 00:00:00-04:00,23.698144577425698,23.92954352912457,23.63217198655233,23.888187408447266,93400,0.0,0.0
2021-04-28 00:00:00-04:00,23.799566955030542,23.996502475659824,23.799566955030542,23.976808547973633,47300,0.0,0.0
2021-04-29 00:00:00-04:00,24.065430238541722,24.065430238541722,23.850770926266218,23.878341674804688,48100,0.0,0.0
2021-04-30 00:00:00-04:00,23.87834145319635,23.98567016927982,23.651866912841797,23.651866912841797,161100,0.0,0.0
2021-05-03 00:00:00-04:00,23.6617132085539,23.86849381483213,23.6617132085539,23.80941390991211,106800,0.0,0.0
2021-05-04 00:00:00-04:00,23.917729656558144,24.104816343155914,23.829108856331246,24.07527732849121,89200,0.0,0.0
2021-05-05 00:00:00-04:00,24.20525288985905,24.20525288985905,23.937420360149034,24.05558204650879,37800,0.0,0.0
2021-05-06 00:00:00-04:00,24.043766168777644,24.08019974854323,23.937421584671934,24.04573631286621,37100,0.0,0.0
2021-05-07 00:00:00-04:00,24.026041042953526,24.193435668945312,24.026041042953526,24.193435668945312,89100,0.0,0.0
2021-05-10 00:00:00-04:00,24.301750516141425,24.301750516141425,24.11170768494152,24.222976684570312,63700,0.0,0.0
2021-05-11 00:00:00-04:00,24.173742872916208,24.173742872916208,23.88818842587044,23.986656188964844,65300,0.0,0.0
2021-05-12 00:00:00-04:00,23.986656397398665,23.986656397398665,23.50416641997145,23.54355239868164,123400,0.0,0.0
2021-05-13 00:00:00-04:00,23.779873018393943,24.222977000584887,23.71094614963453,23.80941390991211,340800,0.0,0.0
2021-05-14 00:00:00-04:00,23.858647533507206,24.045736095574938,23.71094682792378,23.986656188964844,27200,0.0,0.0
2021-05-17 00:00:00-04:00,24.02604250718938,24.07527732849121,23.87834179951668,24.07527732849121,56500,0.0,0.0
2021-05-18 00:00:00-04:00,24.096939617784468,24.282058039128202,23.976809658321677,24.2722110748291,41600,0.0,0.0
2021-05-19 00:00:00-04:00,24.262363222787496,24.40021883981447,24.14420341175447,24.370677947998047,39800,0.0,0.0
2021-05-20 00:00:00-04:00,24.360831660564738,24.39824937332477,24.232824882038127,24.380525588989258,34400,0.0,0.0
2021-05-21 00:00:00-04:00,24.390371209921675,24.5577658360782,24.292887584270602,24.52822494506836,167700,0.0,0.0
2021-05-24 00:00:00-04:00,24.567613595199486,24.567613595199486,24.380525035645505,24.400218963623047,188800,0.0,0.0
2021-05-25 00:00:00-04:00,24.488839092770256,24.55776596069336,24.370677406247584,24.55776596069336,60400,0.0,0.0
2021-05-26 00:00:00-04:00,24.557765732135906,24.597151708532703,24.46914493759776,24.582382202148438,80100,0.0,0.0
2021-05-27 00:00:00-04:00,24.59715283335024,24.764547466453145,24.4691460565616,24.626693725585938,143400,0.0,0.0
2021-05-28 00:00:00-04:00,24.616845970593147,24.761592393853157,24.606999006830954,24.75469970703125,118800,0.0,0.0
2021-06-01 00:00:00-04:00,24.666080044040303,24.75470084385352,24.478993358315858,24.715314865112305,75600,0.0,0.0
2021-06-02 00:00:00-04:00,24.76454802352045,24.76454802352045,24.60700035095215,24.60700035095215,97600,0.0,0.0
2021-06-03 00:00:00-04:00,24.616845875903692,24.764546575535856,24.557765971674087,24.725160598754883,232500,0.0,0.0
2021-06-04 00:00:00-04:00,24.764547471405855,24.86301523409485,24.718268806155336,24.79408836364746,68600,0.0,0.0
2021-06-07 00:00:00-04:00,24.863014430299078,24.892555321585657,24.715313730098778,24.75469970703125,48400,0.0,0.0
2021-06-08 00:00:00-04:00,24.813782505520397,24.813782505520397,24.65623483510765,24.685773849487305,50700,0.0,0.0
2021-06-09 00:00:00-04:00,24.833473330153275,24.892555112229534,24.734021438542744,24.863014221191406,61600,0.0,0.0
2021-06-10 00:00:00-04:00,24.764546462513927,24.882708148550158,24.74583854620451,24.863014221191406,58900,0.0,0.0
2021-06-11 00:00:00-04:00,24.831505952189953,24.902402966346767,24.716298538949676,24.76454734802246,64300,0.0,0.0
2021-06-14 00:00:00-04:00,24.79408824011689,24.803935204148363,24.715314405981434,24.76454734802246,46200,0.0,0.0
2021-06-15 00:00:00-04:00,24.80393418013793,24.80393418013793,24.636539554746303,24.666078567504883,61200,0.0,0.0
2021-06-16 00:00:00-04:00,24.774393414411147,24.774393414411147,24.631615258302517,24.695619583129883,92500,0.0,0.0
2021-06-17 00:00:00-04:00,24.735992803295645,24.77439464885902,24.626693942611617,24.685773849487305,73100,0.0,0.0
2021-06-18 00:00:00-04:00,24.65623483510765,24.754700720528334,24.65623483510765,24.685773849487305,31400,0.0,0.0
2021-06-21 00:00:00-04:00,24.675927008254703,24.80393566492552,24.675927008254703,24.715314865112305,41400,0.0,0.0
2021-06-22 00:00:00-04:00,24.72516102797237,24.774393969332323,24.666079244600837,24.675926208496094,217200,0.0,0.0
2021-06-23 00:00:00-04:00,24.774393539260174,24.83347344348978,24.695619707581933,24.725160598754883,37600,0.0,0.0
2021-06-24 00:00:00-04:00,24.79408814559336,24.833474123452756,24.725161275752157,24.735008239746094,52500,0.0,0.0
2021-06-25 00:00:00-04:00,24.725161829326705,24.794088700711118,24.705467900897904,24.715314865112305,130200,0.0,0.0
2021-06-28 00:00:00-04:00,24.695620136286603,24.744853077646557,24.666079244600837,24.675926208496094,95800,0.0,0.0
2021-06-29 00:00:00-04:00,24.61684731525222,24.79408891642066,24.60700035095215,24.60700035095215,128700,0.0,0.0
2021-06-30 00:00:00-04:00,24.75,25.079999923706055,24.700000762939453,25.049999237060547,143600,0.383,0.0
2021-07-01 00:00:00-04:00,25.049999237060547,25.110000610351562,24.950000762939453,25.059999465942383,104800,0.0,0.0
2021-07-02 00:00:00-04:00,25.06999969482422,25.190000534057617,25.020000457763672,25.18000030517578,50700,0.0,0.0
2021-07-06 00:00:00-04:00,25.149999618530273,25.329999923706055,25.100000381469727,25.329999923706055,51500,0.0,0.0
2021-07-07 00:00:00-04:00,25.288000106811523,25.5,25.288000106811523,25.489999771118164,43500,0.0,0.0
2021-07-08 00:00:00-04:00,25.479999542236328,25.479999542236328,25.329999923706055,25.3700008392334,49400,0.0,0.0
2021-07-09 00:00:00-04:00,25.459999084472656,25.47800064086914,25.280000686645508,25.31999969482422,47400,0.0,0.0
2021-07-12 00:00:00-04:00,25.459999084472656,25.459999084472656,25.312999725341797,25.43000030517578,32700,0.0,0.0
2021-07-13 00:00:00-04:00,25.440000534057617,25.450000762939453,25.209999084472656,25.209999084472656,33300,0.0,0.0
2021-07-14 00:00:00-04:00,25.299999237060547,25.399999618530273,25.290000915527344,25.329999923706055,52200,0.0,0.0
2021-07-15 00:00:00-04:00,25.399999618530273,25.399999618530273,25.1299991607666,25.1299991607666,31000,0.0,0.0
2021-07-16 00:00:00-04:00,25.260000228881836,25.260000228881836,25.15999984741211,25.25,14600,0.0,0.0
2021-07-19 00:00:00-04:00,25.200000762939453,25.209999084472656,24.89900016784668,25.010000228881836,102600,0.0,0.0
2021-07-20 00:00:00-04:00,24.959999084472656,25.139999389648438,24.950000762939453,25.1299991607666,42500,0.0,0.0
2021-07-21 00:00:00-04:00,25.1299991607666,25.139999389648438,25.06999969482422,25.1200008392334,52300,0.0,0.0
2021-07-22 00:00:00-04:00,25.149999618530273,25.219999313354492,25.139999389648438,25.170000076293945,105300,0.0,0.0
2021-07-23 00:00:00-04:00,25.170000076293945,25.194000244140625,25.149999618530273,25.174999237060547,33600,0.0,0.0
2021-07-26 00:00:00-04:00,25.149999618530273,25.200000762939453,25.104000091552734,25.200000762939453,23300,0.0,0.0
2021-07-27 00:00:00-04:00,25.200000762939453,25.200000762939453,25.100000381469727,25.190000534057617,25600,0.0,0.0
2021-07-28 00:00:00-04:00,25.219999313354492,25.219999313354492,25.1200008392334,25.18000030517578,30000,0.0,0.0
2021-07-29 00:00:00-04:00,25.200000762939453,25.3799991607666,25.1299991607666,25.350000381469727,50900,0.0,0.0
2021-07-30 00:00:00-04:00,25.3700008392334,25.399999618530273,25.299999237060547,25.399999618530273,33000,0.0,0.0
2021-08-02 00:00:00-04:00,25.280000686645508,25.399999618530273,25.280000686645508,25.299999237060547,68300,0.0,0.0
2021-08-03 00:00:00-04:00,25.25,25.360000610351562,25.219999313354492,25.219999313354492,25900,0.0,0.0
2021-08-04 00:00:00-04:00,25.16200065612793,25.399999618530273,25.16200065612793,25.25,55000,0.0,0.0
2021-08-05 00:00:00-04:00,25.190000534057617,25.5,25.190000534057617,25.5,29800,0.0,0.0
2021-08-06 00:00:00-04:00,25.448999404907227,25.479999542236328,25.34000015258789,25.399999618530273,38200,0.0,0.0
2021-08-09 00:00:00-04:00,25.399999618530273,25.399999618530273,25.270000457763672,25.31999969482422,40800,0.0,0.0
2021-08-10 00:00:00-04:00,25.25,25.299999237060547,25.1200008392334,25.200000762939453,77000,0.0,0.0
2021-08-11 00:00:00-04:00,25.260000228881836,25.290000915527344,25.170000076293945,25.18000030517578,20600,0.0,0.0
2021-08-12 00:00:00-04:00,25.170000076293945,25.270000457763672,25.139999389648438,25.200000762939453,40800,0.0,0.0
2021-08-13 00:00:00-04:00,25.229999542236328,25.329999923706055,25.18000030517578,25.229999542236328,31800,0.0,0.0
2021-08-16 00:00:00-04:00,25.25,25.309999465942383,25.1200008392334,25.309999465942383,98800,0.0,0.0
2021-08-17 00:00:00-04:00,25.100000381469727,25.299999237060547,25.040000915527344,25.100000381469727,90100,0.0,0.0
2021-08-18 00:00:00-04:00,25.118000030517578,25.159000396728516,25.059999465942383,25.1299991607666,33300,0.0,0.0
2021-08-19 00:00:00-04:00,25.1299991607666,25.16900062561035,25.079999923706055,25.139999389648438,24800,0.0,0.0
2021-08-20 00:00:00-04:00,25.149999618530273,25.290000915527344,25.1299991607666,25.25,52700,0.0,0.0
2021-08-23 00:00:00-04:00,25.25,25.360000610351562,25.22100067138672,25.270000457763672,30800,0.0,0.0
2021-08-24 00:00:00-04:00,25.299999237060547,25.420000076293945,25.270000457763672,25.420000076293945,70500,0.0,0.0
2021-08-25 00:00:00-04:00,25.357999801635742,25.43600082397461,25.350000381469727,25.420000076293945,61500,0.0,0.0
2021-08-26 00:00:00-04:00,25.469999313354492,25.469999313354492,25.299999237060547,25.35300064086914,25400,0.0,0.0
2021-08-27 00:00:00-04:00,25.3700008392334,25.5,25.299999237060547,25.469999313354492,17100,0.0,0.0
2021-08-30 00:00:00-04:00,25.488000869750977,25.5,25.469999313354492,25.489999771118164,38800,0.0,0.0
2021-08-31 00:00:00-04:00,25.489999771118164,25.59000015258789,25.3700008392334,25.56999969482422,109900,0.0,0.0
2021-09-01 00:00:00-04:00,25.549999237060547,25.559999465942383,25.440000534057617,25.559999465942383,59600,0.0,0.0
2021-09-02 00:00:00-04:00,25.469999313354492,25.559999465942383,25.469999313354492,25.5,21100,0.0,0.0
2021-09-03 00:00:00-04:00,25.549999237060547,25.549999237060547,25.3799991607666,25.459999084472656,11700,0.0,0.0
2021-09-07 00:00:00-04:00,25.600000381469727,25.600000381469727,25.350000381469727,25.350000381469727,15900,0.0,0.0
2021-09-08 00:00:00-04:00,25.489999771118164,25.489999771118164,25.350000381469727,25.469999313354492,14900,0.0,0.0
2021-09-09 00:00:00-04:00,25.520000457763672,25.639999389648438,25.40999984741211,25.56999969482422,33700,0.0,0.0
2021-09-10 00:00:00-04:00,25.540000915527344,25.65999984741211,25.34000015258789,25.34000015258789,38300,0.0,0.0
2021-09-13 00:00:00-04:00,25.459999084472656,25.639999389648438,25.459999084472656,25.610000610351562,22500,0.0,0.0
2021-09-14 00:00:00-04:00,25.709999084472656,25.709999084472656,25.409000396728516,25.440000534057617,95400,0.0,0.0
2021-09-15 00:00:00-04:00,25.4950008392334,25.55900001525879,25.40999984741211,25.469999313354492,36400,0.0,0.0
2021-09-16 00:00:00-04:00,25.440000534057617,25.540000915527344,25.3799991607666,25.5,40200,0.0,0.0
2021-09-17 00:00:00-04:00,25.510000228881836,25.562999725341797,25.450000762939453,25.520000457763672,42700,0.0,0.0
2021-09-20 00:00:00-04:00,25.40999984741211,25.530000686645508,25.399999618530273,25.469999313354492,20700,0.0,0.0
2021-09-21 00:00:00-04:00,25.5,25.549999237060547,25.399999618530273,25.549999237060547,22400,0.0,0.0
2021-09-22 00:00:00-04:00,25.549999237060547,25.59000015258789,25.520000457763672,25.520000457763672,55700,0.0,0.0
2021-09-23 00:00:00-04:00,25.530000686645508,25.59000015258789,25.5,25.59000015258789,16800,0.0,0.0
2021-09-24 00:00:00-04:00,25.59000015258789,25.59000015258789,25.469999313354492,25.469999313354492,14600,0.0,0.0
2021-09-27 00:00:00-04:00,25.549999237060547,25.549999237060547,25.3700008392334,25.3799991607666,13600,0.0,0.0
2021-09-28 00:00:00-04:00,25.360000610351562,25.420000076293945,25.219999313354492,25.229999542236328,64600,0.0,0.0
2021-09-29 00:00:00-04:00,25.299999237060547,25.489999771118164,25.280000686645508,25.489999771118164,28200,0.0,0.0
2021-09-30 00:00:00-04:00,25.170000076293945,25.249000549316406,25.149999618530273,25.239999771118164,50800,0.0,0.0
2021-10-01 00:00:00-04:00,25.25,25.280000686645508,25.149999618530273,25.149999618530273,23500,0.0,0.0
2021-10-04 00:00:00-04:00,25.049999237060547,25.149999618530273,25.010000228881836,25.100000381469727,32500,0.0,0.0
2021-10-05 00:00:00-04:00,25.1299991607666,25.200000762939453,25.100000381469727,25.100000381469727,30100,0.0,0.0
2021-10-06 00:00:00-04:00,25.100000381469727,25.17799949645996,25.0,25.139999389648438,33800,0.0,0.0
2021-10-07 00:00:00-04:00,25.190000534057617,25.190000534057617,25.049999237060547,25.110000610351562,29600,0.0,0.0
2021-10-08 00:00:00-04:00,25.200000762939453,25.200000762939453,24.913999557495117,25.1299991607666,26900,0.0,0.0
2021-10-11 00:00:00-04:00,25.0,25.1299991607666,25.0,25.06999969482422,11800,0.0,0.0
2021-10-12 00:00:00-04:00,25.149999618530273,25.15999984741211,25.030000686645508,25.06999969482422,11900,0.0,0.0
2021-10-13 00:00:00-04:00,25.15999984741211,25.290000915527344,25.1200008392334,25.219999313354492,31800,0.0,0.0
2021-10-14 00:00:00-04:00,25.450000762939453,25.5,25.350000381469727,25.5,78600,0.0,0.0
2021-10-15 00:00:00-04:00,25.5,25.5,25.209999084472656,25.219999313354492,45900,0.0,0.0
2021-10-18 00:00:00-04:00,25.110000610351562,25.239999771118164,25.110000610351562,25.110000610351562,28100,0.0,0.0
2021-10-19 00:00:00-04:00,25.11199951171875,25.299999237060547,25.11199951171875,25.260000228881836,28700,0.0,0.0
2021-10-20 00:00:00-04:00,25.200000762939453,25.3700008392334,25.134000778198242,25.31999969482422,13300,0.0,0.0
2021-10-21 00:00:00-04:00,25.290000915527344,25.389999389648438,25.290000915527344,25.309999465942383,13400,0.0,0.0
2021-10-22 00:00:00-04:00,25.110000610351562,25.31999969482422,25.110000610351562,25.299999237060547,12600,0.0,0.0
2021-10-25 00:00:00-04:00,25.350000381469727,25.350000381469727,25.239999771118164,25.239999771118164,42500,0.0,0.0
2021-10-26 00:00:00-04:00,25.389999389648438,25.389999389648438,25.209999084472656,25.229999542236328,44800,0.0,0.0
2021-10-27 00:00:00-04:00,25.290000915527344,25.469999313354492,25.190000534057617,25.469999313354492,62600,0.0,0.0
2021-10-28 00:00:00-04:00,25.350000381469727,25.450000762939453,25.340999603271484,25.350000381469727,23200,0.0,0.0
2021-10-29 00:00:00-04:00,25.34000015258789,25.450000762939453,25.270000457763672,25.329999923706055,104700,0.0,0.0
2021-11-01 00:00:00-04:00,25.299999237060547,25.3799991607666,25.15999984741211,25.280000686645508,34100,0.0,0.0
2021-11-02 00:00:00-04:00,25.40999984741211,25.40999984741211,25.22599983215332,25.325000762939453,25700,0.0,0.0
2021-11-03 00:00:00-04:00,25.290000915527344,25.40999984741211,25.25,25.309999465942383,54200,0.0,0.0
2021-11-04 00:00:00-04:00,25.389999389648438,25.399999618530273,25.290000915527344,25.3799991607666,25800,0.0,0.0
2021-11-05 00:00:00-04:00,25.40999984741211,25.489999771118164,25.3700008392334,25.399999618530273,27000,0.0,0.0
2021-11-08 00:00:00-05:00,25.399999618530273,25.479999542236328,25.395000457763672,25.479999542236328,14400,0.0,0.0
2021-11-09 00:00:00-05:00,25.40999984741211,25.450000762939453,25.350000381469727,25.450000762939453,10000,0.0,0.0
2021-11-10 00:00:00-05:00,25.399999618530273,25.43000030517578,25.329999923706055,25.389999389648438,26300,0.0,0.0
2021-11-11 00:00:00-05:00,25.299999237060547,25.440000534057617,25.200000762939453,25.440000534057617,25600,0.0,0.0
2021-11-12 00:00:00-05:00,25.399999618530273,25.479999542236328,25.260000228881836,25.40999984741211,20200,0.0,0.0
2021-11-15 00:00:00-05:00,25.479999542236328,25.479999542236328,25.239999771118164,25.350000381469727,36700,0.0,0.0
2021-11-16 00:00:00-05:00,25.350000381469727,25.350000381469727,25.200000762939453,25.200000762939453,42300,0.0,0.0
2021-11-17 00:00:00-05:00,25.209999084472656,25.235000610351562,25.15999984741211,25.15999984741211,15700,0.0,0.0
2021-11-18 00:00:00-05:00,25.149999618530273,25.200000762939453,25.100000381469727,25.170000076293945,42700,0.0,0.0
2021-11-19 00:00:00-05:00,25.079999923706055,25.170000076293945,25.079999923706055,25.15999984741211,18000,0.0,0.0
2021-11-22 00:00:00-05:00,25.110000610351562,25.18000030517578,25.06800079345703,25.110000610351562,35800,0.0,0.0
2021-11-23 00:00:00-05:00,25.110000610351562,25.110000610351562,25.009000778198242,25.020000457763672,46800,0.0,0.0
2021-11-24 00:00:00-05:00,25.15999984741211,25.200000762939453,25.059999465942383,25.079999923706055,44700,0.0,0.0
2021-11-26 00:00:00-05:00,25.049999237060547,25.06999969482422,25.0,25.0,57500,0.0,0.0
2021-11-29 00:00:00-05:00,25.020000457763672,25.110000610351562,24.899999618530273,24.969999313354492,81500,0.0,0.0
2021-11-30 00:00:00-05:00,24.940000534057617,25.100000381469727,24.81999969482422,24.84000015258789,78800,0.0,0.0
2021-12-01 00:00:00-05:00,24.989999771118164,25.100000381469727,24.850000381469727,24.860000610351562,13900,0.0,0.0
2021-12-02 00:00:00-05:00,24.950000762939453,25.059999465942383,24.899999618530273,25.035999298095703,31600,0.0,0.0
2021-12-03 00:00:00-05:00,25.059999465942383,25.15999984741211,24.979999542236328,25.100000381469727,30800,0.0,0.0
2021-12-06 00:00:00-05:00,25.100000381469727,25.100000381469727,24.959999084472656,24.969999313354492,162400,0.0,0.0
2021-12-07 00:00:00-05:00,25.049999237060547,25.360000610351562,24.969999313354492,25.350000381469727,64600,0.0,0.0
2021-12-08 00:00:00-05:00,25.389999389648438,25.389999389648438,25.2450008392334,25.360000610351562,111900,0.0,0.0
2021-12-09 00:00:00-05:00,25.34000015258789,25.34000015258789,25.25,25.299999237060547,18500,0.0,0.0
2021-12-10 00:00:00-05:00,25.25,25.360000610351562,25.209999084472656,25.25,65000,0.0,0.0
2021-12-13 00:00:00-05:00,25.219999313354492,25.31999969482422,25.200000762939453,25.31999969482422,12200,0.0,0.0
2021-12-14 00:00:00-05:00,25.25,25.25,25.059999465942383,25.06999969482422,9400,0.0,0.0
2021-12-15 00:00:00-05:00,25.010000228881836,25.100000381469727,24.959999084472656,25.06999969482422,33100,0.0,0.0
2021-12-16 00:00:00-05:00,25.219999313354492,25.219999313354492,24.950000762939453,25.040000915527344,70700,0.0,0.0
2021-12-17 00:00:00-05:00,25.1200008392334,25.1299991607666,25.010000228881836,25.1299991607666,22000,0.0,0.0
2021-12-20 00:00:00-05:00,25.229999542236328,25.229999542236328,25.0,25.020000457763672,37000,0.0,0.0
2021-12-21 00:00:00-05:00,25.110000610351562,25.3700008392334,25.030000686645508,25.3700008392334,25700,0.0,0.0
2021-12-22 00:00:00-05:00,25.320999145507812,25.540000915527344,25.280000686645508,25.350000381469727,104800,0.0,0.0
2021-12-23 00:00:00-05:00,25.40999984741211,25.40999984741211,25.0,25.25,69200,0.0,0.0
2021-12-27 00:00:00-05:00,25.25,25.450000762939453,25.219999313354492,25.25,29800,0.0,0.0
2021-12-28 00:00:00-05:00,25.350000381469727,25.3799991607666,25.280000686645508,25.3700008392334,18900,0.0,0.0
2021-12-29 00:00:00-05:00,25.349000930786133,25.399999618530273,25.299999237060547,25.389999389648438,11100,0.0,0.0
2021-12-30 00:00:00-05:00,25.100000381469727,25.149999618530273,25.049999237060547,25.100000381469727,45300,0.0,0.0
2021-12-31 00:00:00-05:00,25.100000381469727,25.350000381469727,25.06599998474121,25.260000228881836,166000,0.0,0.0
2022-01-03 00:00:00-05:00,25.17099952697754,25.354999542236328,25.141000747680664,25.309999465942383,23300,0.0,0.0
2022-01-04 00:00:00-05:00,25.309999465942383,25.309999465942383,25.049999237060547,25.09000015258789,25900,0.0,0.0
2022-01-05 00:00:00-05:00,25.093000411987305,25.149999618530273,24.920000076293945,24.979999542236328,27300,0.0,0.0
2022-01-06 00:00:00-05:00,25.020999908447266,25.170000076293945,24.75,25.170000076293945,52400,0.0,0.0
2022-01-07 00:00:00-05:00,25.06999969482422,25.110000610351562,25.010000228881836,25.020000457763672,24400,0.0,0.0
2022-01-10 00:00:00-05:00,25.0,25.09000015258789,24.940000534057617,25.010000228881836,37000,0.0,0.0
2022-01-11 00:00:00-05:00,24.920000076293945,25.19499969482422,24.899999618530273,25.139999389648438,35600,0.0,0.0
2022-01-12 00:00:00-05:00,25.200000762939453,25.200000762939453,24.969999313354492,24.989999771118164,50200,0.0,0.0
2022-01-13 00:00:00-05:00,24.989999771118164,25.139999389648438,24.889999389648438,24.979999542236328,73800,0.0,0.0
2022-01-14 00:00:00-05:00,24.979999542236328,25.100000381469727,24.92099952697754,25.100000381469727,66800,0.0,0.0
2022-01-18 00:00:00-05:00,25.0,25.049999237060547,24.950000762939453,24.969999313354492,32700,0.0,0.0
2022-01-19 00:00:00-05:00,25.0,25.100000381469727,24.917999267578125,24.920000076293945,60100,0.0,0.0
2022-01-20 00:00:00-05:00,25.049999237060547,25.049999237060547,24.75,24.75,93200,0.0,0.0
2022-01-21 00:00:00-05:00,24.75,24.89900016784668,24.68000030517578,24.850000381469727,62300,0.0,0.0
2022-01-24 00:00:00-05:00,24.75,24.950000762939453,24.600000381469727,24.950000762939453,49400,0.0,0.0
2022-01-25 00:00:00-05:00,24.90999984741211,24.90999984741211,24.650999069213867,24.700000762939453,36200,0.0,0.0
2022-01-26 00:00:00-05:00,24.829999923706055,24.829999923706055,24.59000015258789,24.639999389648438,56500,0.0,0.0
2022-01-27 00:00:00-05:00,24.8700008392334,24.8700008392334,24.5,24.5,123000,0.0,0.0
2022-01-28 00:00:00-05:00,24.510000228881836,24.67300033569336,24.360000610351562,24.389999389648438,87300,0.0,0.0
2022-01-31 00:00:00-05:00,24.260000228881836,24.716999053955078,24.25,24.530000686645508,46500,0.0,0.0
2022-02-01 00:00:00-05:00,24.649999618530273,24.780000686645508,24.46500015258789,24.559999465942383,28300,0.0,0.0
2022-02-02 00:00:00-05:00,24.559999465942383,24.649999618530273,24.030000686645508,24.18000030517578,96900,0.0,0.0
2022-02-03 00:00:00-05:00,24.0,24.066999435424805,23.649999618530273,23.93000030517578,145100,0.0,0.0
2022-02-04 00:00:00-05:00,23.87700080871582,23.87700080871582,23.479999542236328,23.649999618530273,214300,0.0,0.0
2022-02-07 00:00:00-05:00,23.600000381469727,23.889999389648438,23.600000381469727,23.75,124800,0.0,0.0
2022-02-08 00:00:00-05:00,23.959999084472656,24.09000015258789,23.719999313354492,23.84000015258789,119700,0.0,0.0
2022-02-09 00:00:00-05:00,23.979999542236328,24.07900047302246,23.749000549316406,23.770000457763672,70600,0.0,0.0
2022-02-10 00:00:00-05:00,23.719999313354492,23.790000915527344,23.514999389648438,23.65999984741211,104300,0.0,0.0
2022-02-11 00:00:00-05:00,23.670000076293945,23.68000030517578,23.280000686645508,23.5,96600,0.0,0.0
2022-02-14 00:00:00-05:00,23.600000381469727,23.700000762939453,23.299999237060547,23.399999618530273,142900,0.0,0.0
2022-02-15 00:00:00-05:00,23.889999389648438,23.889999389648438,23.450000762939453,23.547000885009766,63800,0.0,0.0
2022-02-16 00:00:00-05:00,23.479999542236328,23.56999969482422,23.360000610351562,23.5,59500,0.0,0.0
2022-02-17 00:00:00-05:00,23.489999771118164,23.649999618530273,23.3799991607666,23.5,53000,0.0,0.0
2022-02-18 00:00:00-05:00,23.579999923706055,23.579999923706055,23.40999984741211,23.5,60600,0.0,0.0
2022-02-22 00:00:00-05:00,23.399999618530273,23.700000762939453,23.299999237060547,23.469999313354492,35700,0.0,0.0
2022-02-23 00:00:00-05:00,23.489999771118164,23.549999237060547,23.299999237060547,23.3700008392334,66300,0.0,0.0
2022-02-24 00:00:00-05:00,22.950000762939453,23.270000457763672,22.770000457763672,23.25,91800,0.0,0.0
2022-02-25 00:00:00-05:00,23.440000534057617,23.59000015258789,23.360000610351562,23.5,40000,0.0,0.0
2022-02-28 00:00:00-05:00,23.5,23.690000534057617,23.399999618530273,23.40999984741211,86300,0.0,0.0
2022-03-01 00:00:00-05:00,23.530000686645508,23.652999877929688,23.329999923706055,23.549999237060547,100900,0.0,0.0
2022-03-02 00:00:00-05:00,23.700000762939453,23.709999084472656,23.549999237060547,23.709999084472656,53000,0.0,0.0
2022-03-03 00:00:00-05:00,23.75,24.0,23.729999542236328,23.899999618530273,86600,0.0,0.0
2022-03-04 00:00:00-05:00,23.899999618530273,23.920000076293945,23.743000030517578,23.780000686645508,51600,0.0,0.0
2022-03-07 00:00:00-05:00,23.84000015258789,23.84000015258789,23.260000228881836,23.360000610351562,95600,0.0,0.0
2022-03-08 00:00:00-05:00,23.43000030517578,23.549999237060547,23.34000015258789,23.350000381469727,26900,0.0,0.0
2022-03-09 00:00:00-05:00,23.729999542236328,23.729999542236328,23.350000381469727,23.350000381469727,30800,0.0,0.0
2022-03-10 00:00:00-05:00,23.350000381469727,23.4950008392334,23.34000015258789,23.399999618530273,25700,0.0,0.0
2022-03-11 00:00:00-05:00,23.420000076293945,23.549999237060547,23.329999923706055,23.329999923706055,17300,0.0,0.0
2022-03-14 00:00:00-04:00,23.5,23.5,22.920000076293945,23.030000686645508,76500,0.0,0.0
2022-03-15 00:00:00-04:00,23.100000381469727,23.299999237060547,22.969999313354492,23.190000534057617,21400,0.0,0.0
2022-03-16 00:00:00-04:00,23.329999923706055,23.448999404907227,23.010000228881836,23.15999984741211,90600,0.0,0.0
2022-03-17 00:00:00-04:00,23.040000915527344,23.6200008392334,23.040000915527344,23.610000610351562,61700,0.0,0.0
2022-03-18 00:00:00-04:00,23.510000228881836,23.690000534057617,23.510000228881836,23.670000076293945,47200,0.0,0.0
2022-03-21 00:00:00-04:00,23.649999618530273,23.68000030517578,23.469999313354492,23.600000381469727,51100,0.0,0.0
2022-03-22 00:00:00-04:00,23.600000381469727,23.84000015258789,23.520000457763672,23.829999923706055,30800,0.0,0.0
2022-03-23 00:00:00-04:00,23.6200008392334,23.829999923706055,23.6200008392334,23.799999237060547,29600,0.0,0.0
2022-03-24 00:00:00-04:00,23.850000381469727,23.850000381469727,23.700000762939453,23.760000228881836,35400,0.0,0.0
2022-03-25 00:00:00-04:00,23.829999923706055,23.829999923706055,23.450000762939453,23.450000762939453,76700,0.0,0.0
2022-03-28 00:00:00-04:00,23.5,23.780000686645508,23.479999542236328,23.59000015258789,84100,0.0,0.0
2022-03-29 00:00:00-04:00,23.65999984741211,23.75,23.549999237060547,23.600000381469727,53800,0.0,0.0
2022-03-30 00:00:00-04:00,23.615999221801758,23.788999557495117,23.615999221801758,23.719999313354492,42600,0.0,0.0
2022-03-31 00:00:00-04:00,23.3700008392334,23.5,23.329999923706055,23.329999923706055,47200,0.0,0.0
2022-04-01 00:00:00-04:00,23.440000534057617,23.441999435424805,23.209999084472656,23.3799991607666,53000,0.0,0.0
2022-04-04 00:00:00-04:00,23.479999542236328,23.649999618530273,23.43000030517578,23.510000228881836,52500,0.0,0.0
2022-04-05 00:00:00-04:00,23.5,23.540000915527344,23.260000228881836,23.260000228881836,69500,0.0,0.0
2022-04-06 00:00:00-04:00,23.200000762939453,23.34000015258789,23.1200008392334,23.219999313354492,56100,0.0,0.0
2022-04-07 00:00:00-04:00,23.1200008392334,23.268999099731445,23.059999465942383,23.059999465942383,93400,0.0,0.0
2022-04-08 00:00:00-04:00,23.100000381469727,23.190000534057617,23.06999969482422,23.100000381469727,36500,0.0,0.0
2022-04-11 00:00:00-04:00,23.1299991607666,23.139999389648438,23.0,23.049999237060547,95000,0.0,0.0
2022-04-12 00:00:00-04:00,23.100000381469727,23.25,23.0,23.040000915527344,47500,0.0,0.0
2022-04-13 00:00:00-04:00,23.049999237060547,23.270000457763672,23.040000915527344,23.15999984741211,19200,0.0,0.0
2022-04-14 00:00:00-04:00,23.149999618530273,23.18000030517578,22.959999084472656,22.959999084472656,48500,0.0,0.0
2022-04-18 00:00:00-04:00,23.110000610351562,23.1200008392334,22.809999465942383,22.809999465942383,41700,0.0,0.0
2022-04-19 00:00:00-04:00,22.65999984741211,22.849000930786133,22.649999618530273,22.65999984741211,53400,0.0,0.0
2022-04-20 00:00:00-04:00,22.65999984741211,22.8799991607666,22.6299991607666,22.81999969482422,49100,0.0,0.0
2022-04-21 00:00:00-04:00,22.81999969482422,23.1200008392334,22.81999969482422,23.1200008392334,65400,0.0,0.0
2022-04-22 00:00:00-04:00,22.969999313354492,23.040000915527344,22.940000534057617,22.959999084472656,54100,0.0,0.0
2022-04-25 00:00:00-04:00,22.959999084472656,23.040000915527344,22.940000534057617,22.959999084472656,36100,0.0,0.0
2022-04-26 00:00:00-04:00,23.049999237060547,23.05500030517578,22.90999984741211,22.959999084472656,23800,0.0,0.0
2022-04-27 00:00:00-04:00,22.989999771118164,23.049999237060547,22.81999969482422,22.8700008392334,39900,0.0,0.0
2022-04-28 00:00:00-04:00,22.8700008392334,22.8700008392334,22.670000076293945,22.8700008392334,35300,0.0,0.0
2022-04-29 00:00:00-04:00,22.8700008392334,23.149999618530273,22.719999313354492,23.1200008392334,117500,0.0,0.0
2022-05-02 00:00:00-04:00,23.0,23.18000030517578,22.799999237060547,22.899999618530273,46100,0.0,0.0
2022-05-03 00:00:00-04:00,23.059999465942383,23.059999465942383,22.700000762939453,22.760000228881836,38100,0.0,0.0
2022-05-04 00:00:00-04:00,22.709999084472656,22.8700008392334,22.65999984741211,22.75,32400,0.0,0.0
2022-05-05 00:00:00-04:00,22.65999984741211,22.829999923706055,22.649999618530273,22.670000076293945,29100,0.0,0.0
2022-05-06 00:00:00-04:00,22.700000762939453,22.760000228881836,22.479999542236328,22.520000457763672,42500,0.0,0.0
2022-05-09 00:00:00-04:00,22.459999084472656,22.489999771118164,22.149999618530273,22.149999618530273,34400,0.0,0.0
2022-05-10 00:00:00-04:00,22.149999618530273,22.3700008392334,22.010000228881836,22.010000228881836,36300,0.0,0.0
2022-05-11 00:00:00-04:00,22.020000457763672,22.399999618530273,22.020000457763672,22.299999237060547,159300,0.0,0.0
2022-05-12 00:00:00-04:00,22.190000534057617,22.360000610351562,21.600000381469727,21.600000381469727,43200,0.0,0.0
2022-05-13 00:00:00-04:00,21.6200008392334,21.875,21.389999389648438,21.40999984741211,56300,0.0,0.0
2022-05-16 00:00:00-04:00,21.40999984741211,21.690000534057617,21.049999237060547,21.219999313354492,76100,0.0,0.0
2022-05-17 00:00:00-04:00,21.520999908447266,21.545000076293945,21.139999389648438,21.139999389648438,63500,0.0,0.0
2022-05-18 00:00:00-04:00,21.100000381469727,21.27400016784668,21.0,21.09000015258789,33500,0.0,0.0
2022-05-19 00:00:00-04:00,21.0,21.440000534057617,20.979999542236328,21.219999313354492,20400,0.0,0.0
2022-05-20 00:00:00-04:00,21.367000579833984,21.3799991607666,21.049999237060547,21.100000381469727,28700,0.0,0.0
2022-05-23 00:00:00-04:00,21.34000015258789,21.34000015258789,21.091999053955078,21.219999313354492,51400,0.0,0.0
2022-05-24 00:00:00-04:00,21.18000030517578,21.25,21.049999237060547,21.149999618530273,31700,0.0,0.0
2022-05-25 00:00:00-04:00,21.15999984741211,21.399999618530273,21.1560001373291,21.260000228881836,37000,0.0,0.0
2022-05-26 00:00:00-04:00,21.290000915527344,21.87299919128418,21.290000915527344,21.649999618530273,70200,0.0,0.0
2022-05-27 00:00:00-04:00,21.770000457763672,22.389999389648438,21.75,22.329999923706055,67100,0.0,0.0
2022-05-31 00:00:00-04:00,22.399999618530273,22.549999237060547,22.059999465942383,22.399999618530273,107500,0.0,0.0
2022-06-01 00:00:00-04:00,22.5,22.799999237060547,22.420000076293945,22.760000228881836,109400,0.0,0.0
2022-06-02 00:00:00-04:00,22.8799991607666,22.8799991607666,22.600000381469727,22.780000686645508,31600,0.0,0.0
2022-06-03 00:00:00-04:00,22.764999389648438,22.93000030517578,22.670000076293945,22.729999542236328,20500,0.0,0.0
2022-06-06 00:00:00-04:00,22.889999389648438,22.899999618530273,22.3700008392334,22.43000030517578,90800,0.0,0.0
2022-06-07 00:00:00-04:00,22.3799991607666,22.59000015258789,22.260000228881836,22.31999969482422,29200,0.0,0.0
2022-06-08 00:00:00-04:00,22.40999984741211,22.600000381469727,22.270000457763672,22.600000381469727,28500,0.0,0.0
2022-06-09 00:00:00-04:00,22.454999923706055,22.540000915527344,22.040000915527344,22.43000030517578,40600,0.0,0.0
2022-06-10 00:00:00-04:00,22.299999237060547,22.299999237060547,21.79400062561035,22.049999237060547,61100,0.0,0.0
2022-06-13 00:00:00-04:00,21.850000381469727,21.899999618530273,21.1299991607666,21.219999313354492,134000,0.0,0.0
2022-06-14 00:00:00-04:00,21.350000381469727,21.770000457763672,21.110000610351562,21.459999084472656,76100,0.0,0.0
2022-06-15 00:00:00-04:00,21.850000381469727,21.850000381469727,21.190000534057617,21.459999084472656,83300,0.0,0.0
2022-06-16 00:00:00-04:00,21.229999542236328,21.229999542236328,20.270000457763672,20.68000030517578,121400,0.0,0.0
2022-06-17 00:00:00-04:00,20.610000610351562,21.381999969482422,20.299999237060547,21.200000762939453,257100,0.0,0.0
2022-06-21 00:00:00-04:00,21.079999923706055,21.09000015258789,20.719999313354492,20.84000015258789,86700,0.0,0.0
2022-06-22 00:00:00-04:00,20.8700008392334,20.920000076293945,20.809999465942383,20.84000015258789,21300,0.0,0.0
2022-06-23 00:00:00-04:00,20.84000015258789,21.059999465942383,20.520000457763672,20.530000686645508,89600,0.0,0.0
2022-06-24 00:00:00-04:00,20.739999771118164,20.920000076293945,20.6200008392334,20.829999923706055,39700,0.0,0.0
2022-06-27 00:00:00-04:00,21.049999237060547,21.8700008392334,20.75,20.760000228881836,64400,0.0,0.0
2022-06-28 00:00:00-04:00,20.739999771118164,20.989999771118164,20.540000915527344,20.65999984741211,32400,0.0,0.0
2022-06-29 00:00:00-04:00,20.6200008392334,20.739999771118164,20.360000610351562,20.549999237060547,62700,0.0,0.0
2022-06-30 00:00:00-04:00,20.170000076293945,20.510000228881836,20.170000076293945,20.200000762939453,72800,0.0,0.0
2022-07-01 00:00:00-04:00,20.079999923706055,20.48200035095215,20.010000228881836,20.34000015258789,83500,0.0,0.0
2022-07-05 00:00:00-04:00,20.31999969482422,20.31999969482422,20.094999313354492,20.18000030517578,70500,0.0,0.0
2022-07-06 00:00:00-04:00,20.200000762939453,20.25,19.760000228881836,19.790000915527344,34900,0.0,0.0
2022-07-07 00:00:00-04:00,19.739999771118164,20.110000610351562,19.729999542236328,20.100000381469727,48300,0.0,0.0
2022-07-08 00:00:00-04:00,20.09000015258789,20.190000534057617,19.770000457763672,19.989999771118164,42800,0.0,0.0
2022-07-11 00:00:00-04:00,20.059999465942383,20.06599998474121,19.860000610351562,20.030000686645508,63700,0.0,0.0
2022-07-12 00:00:00-04:00,20.0,20.08300018310547,19.81999969482422,19.8700008392334,52300,0.0,0.0
2022-07-13 00:00:00-04:00,19.799999237060547,20.079999923706055,19.75,20.079999923706055,66900,0.0,0.0
2022-07-14 00:00:00-04:00,20.010000228881836,20.190000534057617,19.8700008392334,20.0,58100,0.0,0.0
2022-07-15 00:00:00-04:00,20.139999389648438,20.329999923706055,20.049999237060547,20.204999923706055,33600,0.0,0.0
2022-07-18 00:00:00-04:00,20.200000762939453,20.39900016784668,20.1200008392334,20.1200008392334,35900,0.0,0.0
2022-07-19 00:00:00-04:00,20.200000762939453,20.420000076293945,20.1200008392334,20.1299991607666,58500,0.0,0.0
2022-07-20 00:00:00-04:00,20.25,20.5,20.15999984741211,20.5,24900,0.0,0.0
2022-07-21 00:00:00-04:00,20.440000534057617,20.75,20.440000534057617,20.75,21400,0.0,0.0
2022-07-22 00:00:00-04:00,20.75,20.976999282836914,20.65999984741211,20.65999984741211,35200,0.0,0.0
2022-07-25 00:00:00-04:00,20.739999771118164,20.799999237060547,20.540000915527344,20.6299991607666,73900,0.0,0.0
2022-07-26 00:00:00-04:00,20.6299991607666,20.709999084472656,20.389999389648438,20.5,30000,0.0,0.0
2022-07-27 00:00:00-04:00,20.469999313354492,20.940000534057617,20.469999313354492,20.940000534057617,19500,0.0,0.0
2022-07-28 00:00:00-04:00,20.76099967956543,21.110000610351562,20.76099967956543,21.110000610351562,36400,0.0,0.0
2022-07-29 00:00:00-04:00,21.15999984741211,22.290000915527344,21.079999923706055,22.290000915527344,146700,0.0,0.0
2022-08-01 00:00:00-04:00,22.219999313354492,22.34000015258789,21.350000381469727,21.8700008392334,104600,0.0,0.0
2022-08-02 00:00:00-04:00,21.760000228881836,21.959999084472656,21.5,21.959999084472656,69100,0.0,0.0
2022-08-03 00:00:00-04:00,21.8700008392334,22.079999923706055,21.700000762939453,22.079999923706055,72800,0.0,0.0
2022-08-04 00:00:00-04:00,21.829999923706055,22.350000381469727,21.829999923706055,22.350000381469727,83300,0.0,0.0
2022-08-05 00:00:00-04:00,22.200000762939453,22.239999771118164,21.825000762939453,22.219999313354492,64500,0.0,0.0
2022-08-08 00:00:00-04:00,22.09000015258789,22.170000076293945,21.719999313354492,21.719999313354492,39400,0.0,0.0
2022-08-09 00:00:00-04:00,21.850000381469727,21.90999984741211,21.5,21.59000015258789,20600,0.0,0.0
2022-08-10 00:00:00-04:00,21.940000534057617,21.969999313354492,21.760000228881836,21.969999313354492,12900,0.0,0.0
2022-08-11 00:00:00-04:00,21.959999084472656,21.959999084472656,21.770000457763672,21.829999923706055,18500,0.0,0.0
2022-08-12 00:00:00-04:00,21.804000854492188,21.899999618530273,21.610000610351562,21.770000457763672,26800,0.0,0.0
2022-08-15 00:00:00-04:00,21.700000762939453,22.0,21.700000762939453,21.790000915527344,20000,0.0,0.0
2022-08-16 00:00:00-04:00,21.8700008392334,21.8700008392334,21.649999618530273,21.850000381469727,30400,0.0,0.0
2022-08-17 00:00:00-04:00,21.829999923706055,21.850000381469727,21.530000686645508,21.565000534057617,14700,0.0,0.0
2022-08-18 00:00:00-04:00,21.59000015258789,21.65999984741211,21.549999237060547,21.56999969482422,14200,0.0,0.0
2022-08-19 00:00:00-04:00,21.5,21.649999618530273,21.34000015258789,21.59000015258789,28400,0.0,0.0
2022-08-22 00:00:00-04:00,21.5,21.549999237060547,21.299999237060547,21.420000076293945,22700,0.0,0.0
2022-08-23 00:00:00-04:00,21.3799991607666,21.639999389648438,21.079999923706055,21.549999237060547,37800,0.0,0.0
2022-08-24 00:00:00-04:00,21.399999618530273,21.700000762939453,21.399999618530273,21.700000762939453,31900,0.0,0.0
2022-08-25 00:00:00-04:00,21.770000457763672,21.850000381469727,21.559999465942383,21.799999237060547,13000,0.0,0.0
2022-08-26 00:00:00-04:00,21.639999389648438,21.739999771118164,21.25,21.25,14400,0.0,0.0
2022-08-29 00:00:00-04:00,21.479999542236328,21.93000030517578,21.399999618530273,21.655000686645508,41500,0.0,0.0
2022-08-30 00:00:00-04:00,21.719999313354492,21.760000228881836,21.52400016784668,21.719999313354492,10300,0.0,0.0
2022-08-31 00:00:00-04:00,21.799999237060547,21.799999237060547,21.06999969482422,21.459999084472656,92200,0.0,0.0
2022-09-01 00:00:00-04:00,21.399999618530273,21.577999114990234,21.209999084472656,21.540000915527344,35900,0.0,0.0
2022-09-02 00:00:00-04:00,21.600000381469727,21.649999618530273,21.299999237060547,21.610000610351562,23200,0.0,0.0
2022-09-06 00:00:00-04:00,21.59000015258789,21.59000015258789,21.079999923706055,21.200000762939453,43900,0.0,0.0
2022-09-07 00:00:00-04:00,21.219999313354492,21.299999237060547,21.100000381469727,21.1299991607666,70100,0.0,0.0
2022-09-08 00:00:00-04:00,21.149999618530273,21.450000762939453,21.149999618530273,21.25,58900,0.0,0.0
2022-09-09 00:00:00-04:00,21.479999542236328,21.479999542236328,21.299999237060547,21.399999618530273,104200,0.0,0.0
2022-09-12 00:00:00-04:00,21.43000030517578,22.299999237060547,21.399999618530273,21.700000762939453,168500,0.0,0.0
2022-09-13 00:00:00-04:00,21.600000381469727,21.610000610351562,21.280000686645508,21.299999237060547,85500,0.0,0.0
2022-09-14 00:00:00-04:00,21.25,21.38599967956543,20.950000762939453,21.0,70200,0.0,0.0
2022-09-15 00:00:00-04:00,20.989999771118164,21.0,20.709999084472656,20.899999618530273,68800,0.0,0.0
2022-09-16 00:00:00-04:00,20.81999969482422,20.84000015258789,20.610000610351562,20.790000915527344,61800,0.0,0.0
2022-09-19 00:00:00-04:00,20.75,20.959999084472656,20.600000381469727,20.760000228881836,51700,0.0,0.0
2022-09-20 00:00:00-04:00,20.864999771118164,20.864999771118164,20.299999237060547,20.350000381469727,50200,0.0,0.0
2022-09-21 00:00:00-04:00,20.530000686645508,20.69499969482422,20.299999237060547,20.329999923706055,22800,0.0,0.0
2022-09-22 00:00:00-04:00,20.350000381469727,20.3700008392334,20.030000686645508,20.219999313354492,40100,0.0,0.0
2022-09-23 00:00:00-04:00,20.100000381469727,20.3700008392334,19.635000228881836,20.149999618530273,90800,0.0,0.0
2022-09-26 00:00:00-04:00,20.100000381469727,20.139999389648438,19.329999923706055,19.459999084472656,91500,0.0,0.0
2022-09-27 00:00:00-04:00,19.459999084472656,19.71299934387207,18.709999084472656,19.059999465942383,73300,0.0,0.0
2022-09-28 00:00:00-04:00,19.06999969482422,19.8799991607666,19.06999969482422,19.559999465942383,69900,0.0,0.0
2022-09-29 00:00:00-04:00,19.190000534057617,19.670000076293945,18.81999969482422,18.989999771118164,38500,0.0,0.0
2022-09-30 00:00:00-04:00,18.920000076293945,19.3700008392334,18.670000076293945,19.260000228881836,191200,0.0,0.0
2022-10-03 00:00:00-04:00,19.229999542236328,19.663999557495117,19.200000762939453,19.510000228881836,67800,0.0,0.0
2022-10-04 00:00:00-04:00,19.670000076293945,20.09000015258789,19.59000015258789,19.700000762939453,45400,0.0,0.0
2022-10-05 00:00:00-04:00,19.799999237060547,19.850000381469727,19.219999313354492,19.420000076293945,63300,0.0,0.0
2022-10-06 00:00:00-04:00,19.510000228881836,19.510000228881836,19.18000030517578,19.18000030517578,51500,0.0,0.0
2022-10-07 00:00:00-04:00,19.100000381469727,19.100000381469727,18.799999237060547,18.920000076293945,32600,0.0,0.0
2022-10-10 00:00:00-04:00,18.850000381469727,18.850000381469727,18.0049991607666,18.3799991607666,107700,0.0,0.0
2022-10-11 00:00:00-04:00,18.200000762939453,18.690000534057617,18.200000762939453,18.690000534057617,147600,0.0,0.0
2022-10-12 00:00:00-04:00,18.75,18.75,18.450000762939453,18.68000030517578,88300,0.0,0.0
2022-10-13 00:00:00-04:00,18.40999984741211,18.850000381469727,18.40999984741211,18.559999465942383,97900,0.0,0.0
2022-10-14 00:00:00-04:00,18.690000534057617,18.690000534057617,18.1200008392334,18.219999313354492,25400,0.0,0.0
2022-10-17 00:00:00-04:00,18.219999313354492,18.299999237060547,17.709999084472656,17.709999084472656,80100,0.0,0.0
2022-10-18 00:00:00-04:00,17.81999969482422,18.065000534057617,17.770000457763672,17.780000686645508,46800,0.0,0.0
2022-10-19 00:00:00-04:00,17.75,17.770000457763672,17.450000762939453,17.459999084472656,90600,0.0,0.0
2022-10-20 00:00:00-04:00,17.360000610351562,17.559999465942383,17.15999984741211,17.25,76100,0.0,0.0
2022-10-21 00:00:00-04:00,17.139999389648438,17.274999618530273,16.8700008392334,17.170000076293945,65900,0.0,0.0
2022-10-24 00:00:00-04:00,17.170000076293945,17.316999435424805,16.790000915527344,17.020000457763672,378500,0.0,0.0
2022-10-25 00:00:00-04:00,17.200000762939453,17.77899932861328,17.09000015258789,17.739999771118164,465600,0.0,0.0
2022-10-26 00:00:00-04:00,17.84000015258789,18.25,17.69499969482422,18.079999923706055,160600,0.0,0.0
2022-10-27 00:00:00-04:00,18.09000015258789,18.600000381469727,18.017000198364258,18.31999969482422,66400,0.0,0.0
2022-10-28 00:00:00-04:00,18.309999465942383,18.649999618530273,18.26099967956543,18.579999923706055,139900,0.0,0.0
2022-10-31 00:00:00-04:00,18.559999465942383,18.709999084472656,18.280000686645508,18.600000381469727,63500,0.0,0.0
2022-11-01 00:00:00-04:00,18.780000686645508,18.780000686645508,18.43000030517578,18.43000030517578,42200,0.0,0.0
2022-11-02 00:00:00-04:00,18.459999084472656,18.889999389648438,18.174999237060547,18.6200008392334,100800,0.0,0.0
2022-11-03 00:00:00-04:00,18.549999237060547,18.722999572753906,18.5,18.649999618530273,91600,0.0,0.0
2022-11-04 00:00:00-04:00,18.68000030517578,18.899999618530273,18.579999923706055,18.709999084472656,65000,0.0,0.0
2022-11-07 00:00:00-05:00,18.709999084472656,19.299999237060547,18.709999084472656,19.270000457763672,57900,0.0,0.0
2022-11-08 00:00:00-05:00,19.270000457763672,19.84000015258789,19.270000457763672,19.739999771118164,43600,0.0,0.0
2022-11-09 00:00:00-05:00,19.600000381469727,19.760000228881836,19.54400062561035,19.739999771118164,74700,0.0,0.0
2022-11-10 00:00:00-05:00,20.0,20.332000732421875,19.75,19.760000228881836,95700,0.0,0.0
2022-11-11 00:00:00-05:00,19.959999084472656,20.18000030517578,19.850000381469727,20.040000915527344,22400,0.0,0.0
2022-11-14 00:00:00-05:00,20.0,20.229999542236328,19.809999465942383,20.229999542236328,76400,0.0,0.0
2022-11-15 00:00:00-05:00,20.25,20.690000534057617,20.139999389648438,20.360000610351562,68700,0.0,0.0
2022-11-16 00:00:00-05:00,20.399999618530273,20.399999618530273,20.020000457763672,20.049999237060547,44500,0.0,0.0
2022-11-17 00:00:00-05:00,20.030000686645508,20.030000686645508,19.3799991607666,19.600000381469727,48600,0.0,0.0
2022-11-18 00:00:00-05:00,19.610000610351562,19.940000534057617,19.520000457763672,19.899999618530273,76200,0.0,0.0
2022-11-21 00:00:00-05:00,20.049999237060547,20.19499969482422,19.700000762939453,19.815000534057617,52600,0.0,0.0
2022-11-22 00:00:00-05:00,19.850000381469727,20.079999923706055,19.639999389648438,19.969999313354492,22600,0.0,0.0
2022-11-23 00:00:00-05:00,19.860000610351562,20.152999877929688,19.799999237060547,20.100000381469727,19700,0.0,0.0
2022-11-25 00:00:00-05:00,20.100000381469727,20.173999786376953,19.850000381469727,20.06999969482422,9500,0.0,0.0
2022-11-28 00:00:00-05:00,19.889999389648438,19.98200035095215,19.75,19.825000762939453,47200,0.0,0.0
2022-11-29 00:00:00-05:00,19.770000457763672,19.90999984741211,19.65999984741211,19.670000076293945,45200,0.0,0.0
2022-11-30 00:00:00-05:00,19.639999389648438,20.889999389648438,19.600000381469727,20.56999969482422,118500,0.0,0.0
2022-12-01 00:00:00-05:00,20.43000030517578,20.6299991607666,20.1299991607666,20.350000381469727,40800,0.0,0.0
2022-12-02 00:00:00-05:00,20.350000381469727,20.572999954223633,20.18000030517578,20.329999923706055,36600,0.0,0.0
2022-12-05 00:00:00-05:00,20.25,20.420000076293945,20.131000518798828,20.229999542236328,22900,0.0,0.0
2022-12-06 00:00:00-05:00,20.200000762939453,20.200000762939453,19.704999923706055,20.170000076293945,45500,0.0,0.0
2022-12-07 00:00:00-05:00,20.100000381469727,20.264999389648438,19.885000228881836,20.049999237060547,53400,0.0,0.0
2022-12-08 00:00:00-05:00,20.06999969482422,20.06999969482422,19.670000076293945,19.889999389648438,57900,0.0,0.0
2022-12-09 00:00:00-05:00,19.68000030517578,19.929000854492188,19.420000076293945,19.540000915527344,49700,0.0,0.0
2022-12-12 00:00:00-05:00,19.5,19.700000762939453,19.450000762939453,19.450000762939453,35100,0.0,0.0
2022-12-13 00:00:00-05:00,19.649999618530273,19.860000610351562,19.559999465942383,19.739999771118164,57700,0.0,0.0
2022-12-14 00:00:00-05:00,19.739999771118164,19.860000610351562,19.610000610351562,19.850000381469727,43200,0.0,0.0
2022-12-15 00:00:00-05:00,19.770000457763672,19.780000686645508,19.496000289916992,19.600000381469727,53100,0.0,0.0
2022-12-16 00:00:00-05:00,19.600000381469727,19.8700008392334,19.399999618530273,19.860000610351562,71200,0.0,0.0
2022-12-19 00:00:00-05:00,19.709999084472656,19.93199920654297,19.520000457763672,19.549999237060547,87500,0.0,0.0
2022-12-20 00:00:00-05:00,19.59000015258789,19.66699981689453,19.40999984741211,19.639999389648438,82800,0.0,0.0
2022-12-21 00:00:00-05:00,19.719999313354492,20.082000732421875,19.649999618530273,19.899999618530273,53900,0.0,0.0
2022-12-22 00:00:00-05:00,19.825000762939453,19.950000762939453,19.72599983215332,19.75,60500,0.0,0.0
2022-12-23 00:00:00-05:00,19.75,19.989999771118164,19.70800018310547,19.940000534057617,58800,0.0,0.0
2022-12-27 00:00:00-05:00,19.950000762939453,19.950000762939453,19.75,19.844999313354492,31600,0.0,0.0
2022-12-28 00:00:00-05:00,19.809999465942383,19.940000534057617,19.75,19.899999618530273,34000,0.0,0.0
2022-12-29 00:00:00-05:00,19.579999923706055,19.649999618530273,19.3799991607666,19.600000381469727,106200,0.0,0.0
2022-12-30 00:00:00-05:00,19.450000762939453,19.610000610351562,19.149999618530273,19.280000686645508,143400,0.0,0.0
2023-01-03 00:00:00-05:00,19.270000457763672,19.450000762939453,19.23900032043457,19.450000762939453,42000,0.0,0.0
2023-01-04 00:00:00-05:00,19.450000762939453,19.780000686645508,19.440000534057617,19.6200008392334,29300,0.0,0.0
2023-01-05 00:00:00-05:00,19.56999969482422,19.770000457763672,19.5,19.530000686645508,28900,0.0,0.0
2023-01-06 00:00:00-05:00,19.829999923706055,19.989999771118164,19.579999923706055,19.989999771118164,47700,0.0,0.0
2023-01-09 00:00:00-05:00,19.899999618530273,20.09000015258789,19.860000610351562,20.059999465942383,35800,0.0,0.0
2023-01-10 00:00:00-05:00,20.0,20.1200008392334,19.899999618530273,20.100000381469727,36700,0.0,0.0
2023-01-11 00:00:00-05:00,20.149999618530273,20.399999618530273,20.128000259399414,20.34000015258789,29300,0.0,0.0
2023-01-12 00:00:00-05:00,20.459999084472656,20.489999771118164,20.299999237060547,20.360000610351562,42600,0.0,0.0
2023-01-13 00:00:00-05:00,20.399999618530273,20.479999542236328,20.31999969482422,20.344999313354492,15700,0.0,0.0
2023-01-17 00:00:00-05:00,20.5,20.700000762939453,20.3700008392334,20.520000457763672,53400,0.0,0.0
2023-01-18 00:00:00-05:00,20.610000610351562,20.790000915527344,20.31999969482422,20.760000228881836,56300,0.0,0.0
2023-01-19 00:00:00-05:00,20.6200008392334,20.981000900268555,20.559999465942383,20.84000015258789,19500,0.0,0.0
2023-01-20 00:00:00-05:00,20.8799991607666,21.079999923706055,20.799999237060547,21.049999237060547,22700,0.0,0.0
2023-01-23 00:00:00-05:00,21.020000457763672,21.5,21.020000457763672,21.479999542236328,43300,0.0,0.0
2023-01-24 00:00:00-05:00,21.399999618530273,21.5,21.23200035095215,21.420000076293945,36900,0.0,0.0
2023-01-25 00:00:00-05:00,21.280000686645508,21.5,21.274999618530273,21.5,30600,0.0,0.0
2023-01-26 00:00:00-05:00,21.489999771118164,21.56999969482422,21.34600067138672,21.3799991607666,24900,0.0,0.0
2023-01-27 00:00:00-05:00,21.309999465942383,21.492000579833984,21.309999465942383,21.440000534057617,21400,0.0,0.0
2023-01-30 00:00:00-05:00,21.350000381469727,21.59000015258789,21.25,21.59000015258789,29900,0.0,0.0
2023-01-31 00:00:00-05:00,21.579999923706055,21.700000762939453,21.34000015258789,21.600000381469727,69800,0.0,0.0
2023-02-01 00:00:00-05:00,21.75,21.75,21.440000534057617,21.450000762939453,32600,0.0,0.0
2023-02-02 00:00:00-05:00,21.600000381469727,21.78700065612793,21.3799991607666,21.43000030517578,148700,0.0,0.0
2023-02-03 00:00:00-05:00,21.350000381469727,21.399999618530273,21.200000762939453,21.270000457763672,16700,0.0,0.0
2023-02-06 00:00:00-05:00,21.350000381469727,21.350000381469727,21.155000686645508,21.290000915527344,17200,0.0,0.0
2023-02-07 00:00:00-05:00,21.264999389648438,21.290000915527344,21.049999237060547,21.2549991607666,33200,0.0,0.0
2023-02-08 00:00:00-05:00,21.34000015258789,21.350000381469727,21.149999618530273,21.28700065612793,17500,0.0,0.0
2023-02-09 00:00:00-05:00,21.309999465942383,21.422000885009766,21.190000534057617,21.239999771118164,21800,0.0,0.0
2023-02-10 00:00:00-05:00,21.350000381469727,21.354999542236328,21.020000457763672,21.290000915527344,44000,0.0,0.0
2023-02-13 00:00:00-05:00,21.290000915527344,21.329999923706055,21.187999725341797,21.309999465942383,25300,0.0,0.0
2023-02-14 00:00:00-05:00,21.209999084472656,21.368000030517578,21.049999237060547,21.200000762939453,20300,0.0,0.0
2023-02-15 00:00:00-05:00,21.209999084472656,21.389999389648438,21.209999084472656,21.309999465942383,15300,0.0,0.0
2023-02-16 00:00:00-05:00,21.315000534057617,21.358999252319336,21.125,21.1299991607666,49000,0.0,0.0
2023-02-17 00:00:00-05:00,21.200000762939453,21.309999465942383,21.110000610351562,21.309999465942383,15100,0.0,0.0
2023-02-21 00:00:00-05:00,21.149999618530273,21.280000686645508,20.959999084472656,21.0,36100,0.0,0.0
2023-02-22 00:00:00-05:00,21.059999465942383,21.43000030517578,20.950000762939453,21.299999237060547,54600,0.0,0.0
2023-02-23 00:00:00-05:00,21.360000610351562,21.59000015258789,21.299999237060547,21.46500015258789,53100,0.0,0.0
2023-02-24 00:00:00-05:00,21.3700008392334,21.479999542236328,21.280000686645508,21.31999969482422,30100,0.0,0.0
2023-02-27 00:00:00-05:00,21.360000610351562,21.5,21.200000762939453,21.329999923706055,46600,0.0,0.0
2023-02-28 00:00:00-05:00,21.309999465942383,21.6299991607666,21.100000381469727,21.6299991607666,77300,0.0,0.0
2023-03-01 00:00:00-05:00,21.469999313354492,21.56999969482422,21.170000076293945,21.34000015258789,42600,0.0,0.0
2023-03-02 00:00:00-05:00,21.170000076293945,21.190000534057617,20.81999969482422,21.100000381469727,71400,0.0,0.0
2023-03-03 00:00:00-05:00,21.219999313354492,21.360000610351562,21.0939998626709,21.274999618530273,70400,0.0,0.0
2023-03-06 00:00:00-05:00,21.34000015258789,21.549999237060547,21.219999313354492,21.420000076293945,24100,0.0,0.0
2023-03-07 00:00:00-05:00,21.459999084472656,21.549999237060547,21.200000762939453,21.229999542236328,17700,0.0,0.0
2023-03-08 00:00:00-05:00,21.360000610351562,21.5,21.253999710083008,21.309999465942383,26600,0.0,0.0
2023-03-09 00:00:00-05:00,21.420000076293945,21.450000762939453,20.290000915527344,20.649999618530273,104000,0.0,0.0
2023-03-10 00:00:00-05:00,20.559999465942383,20.913000106811523,20.139999389648438,20.3799991607666,48700,0.0,0.0
2023-03-13 00:00:00-04:00,20.049999237060547,20.354999542236328,19.6200008392334,19.75,145600,0.0,0.0
2023-03-14 00:00:00-04:00,19.950000762939453,20.469999313354492,19.5,19.559999465942383,144800,0.0,0.0
2023-03-15 00:00:00-04:00,19.5,19.56999969482422,18.899999618530273,18.899999618530273,66600,0.0,0.0
2023-03-16 00:00:00-04:00,18.920000076293945,19.579999923706055,18.799999237060547,19.559999465942383,185800,0.0,0.0
2023-03-17 00:00:00-04:00,19.540000915527344,19.799999237060547,19.260000228881836,19.5,119300,0.0,0.0
2023-03-20 00:00:00-04:00,19.5,19.700000762939453,19.322999954223633,19.549999237060547,46000,0.0,0.0
2023-03-21 00:00:00-04:00,19.59000015258789,19.979999542236328,19.5,19.6299991607666,29600,0.0,0.0
2023-03-22 00:00:00-04:00,19.65999984741211,19.969999313354492,19.540000915527344,19.540000915527344,53200,0.0,0.0
2023-03-23 00:00:00-04:00,19.479999542236328,19.867000579833984,18.690000534057617,18.799999237060547,43000,0.0,0.0
2023-03-24 00:00:00-04:00,18.860000610351562,19.040000915527344,18.309999465942383,18.799999237060547,235000,0.0,0.0
2023-03-27 00:00:00-04:00,18.850000381469727,19.09000015258789,18.850000381469727,19.040000915527344,68100,0.0,0.0
2023-03-28 00:00:00-04:00,19.030000686645508,19.270000457763672,18.90999984741211,19.09000015258789,31600,0.0,0.0
2023-03-29 00:00:00-04:00,19.100000381469727,19.8799991607666,19.09000015258789,19.719999313354492,99300,0.0,0.0
2023-03-30 00:00:00-04:00,19.530000686645508,19.75,19.360000610351562,19.579999923706055,52700,0.0,0.0
2023-03-31 00:00:00-04:00,19.739999771118164,19.920000076293945,19.469999313354492,19.510000228881836,153300,0.0,0.0
2023-04-03 00:00:00-04:00,19.690000534057617,19.690000534057617,19.3700008392334,19.56999969482422,41100,0.0,0.0
2023-04-04 00:00:00-04:00,19.549999237060547,19.549999237060547,19.34000015258789,19.34000015258789,34600,0.0,0.0
2023-04-05 00:00:00-04:00,19.229999542236328,19.3799991607666,19.110000610351562,19.1200008392334,78600,0.0,0.0
2023-04-06 00:00:00-04:00,19.200000762939453,19.225000381469727,19.010000228881836,19.049999237060547,42100,0.0,0.0
2023-04-10 00:00:00-04:00,19.06999969482422,19.25,19.030000686645508,19.200000762939453,28900,0.0,0.0
2023-04-11 00:00:00-04:00,19.190000534057617,19.3799991607666,19.100000381469727,19.299999237060547,63300,0.0,0.0
2023-04-12 00:00:00-04:00,19.3700008392334,19.648000717163086,19.174999237060547,19.510000228881836,66800,0.0,0.0
2023-04-13 00:00:00-04:00,19.530000686645508,19.790000915527344,19.41699981689453,19.75,31500,0.0,0.0
2023-04-14 00:00:00-04:00,19.780000686645508,20.100000381469727,19.56999969482422,20.100000381469727,40700,0.0,0.0
2023-04-17 00:00:00-04:00,19.81999969482422,20.18000030517578,19.81999969482422,19.959999084472656,24900,0.0,0.0
2023-04-18 00:00:00-04:00,20.0,20.06999969482422,19.670000076293945,19.729999542236328,25700,0.0,0.0
2023-04-19 00:00:00-04:00,19.780000686645508,20.0,19.670000076293945,20.0,32800,0.0,0.0
2023-04-20 00:00:00-04:00,19.850000381469727,20.149999618530273,19.850000381469727,19.969999313354492,160100,0.0,0.0
2023-04-21 00:00:00-04:00,20.010000228881836,20.010000228881836,19.780000686645508,19.799999237060547,89800,0.0,0.0
2023-04-24 00:00:00-04:00,19.81999969482422,20.049999237060547,19.670000076293945,19.940000534057617,110000,0.0,0.0
2023-04-25 00:00:00-04:00,19.850000381469727,20.020000457763672,19.639999389648438,19.8700008392334,812600,0.0,0.0
2023-04-26 00:00:00-04:00,19.799999237060547,20.0,19.704999923706055,19.83799934387207,36000,0.0,0.0
2023-04-27 00:00:00-04:00,19.940000534057617,20.299999237060547,19.760000228881836,20.280000686645508,46400,0.0,0.0
2023-04-28 00:00:00-04:00,20.290000915527344,20.639999389648438,20.219999313354492,20.43000030517578,93100,0.0,0.0
2023-05-01 00:00:00-04:00,20.399999618530273,20.43000030517578,20.110000610351562,20.15999984741211,60400,0.0,0.0
2023-05-02 00:00:00-04:00,20.1200008392334,20.309999465942383,19.65999984741211,19.719999313354492,79900,0.0,0.0
2023-05-03 00:00:00-04:00,19.649999618530273,20.059999465942383,19.510000228881836,19.510000228881836,52800,0.0,0.0
2023-05-04 00:00:00-04:00,19.489999771118164,19.690000534057617,19.149999618530273,19.510000228881836,65000,0.0,0.0
2023-05-05 00:00:00-04:00,19.579999923706055,19.799999237060547,19.579999923706055,19.790000915527344,25100,0.0,0.0
2023-05-08 00:00:00-04:00,19.71500015258789,19.790000915527344,19.610000610351562,19.719999313354492,34800,0.0,0.0
2023-05-09 00:00:00-04:00,19.850000381469727,19.850000381469727,19.36400032043457,19.700000762939453,70600,0.0,0.0
2023-05-10 00:00:00-04:00,19.850000381469727,20.0,19.68000030517578,19.81999969482422,44900,0.0,0.0
2023-05-11 00:00:00-04:00,19.8799991607666,19.889999389648438,19.649999618530273,19.729999542236328,22900,0.0,0.0
2023-05-12 00:00:00-04:00,19.781999588012695,19.93000030517578,19.75,19.905000686645508,36400,0.0,0.0
2023-05-15 00:00:00-04:00,19.899999618530273,20.010000228881836,19.8700008392334,19.979999542236328,24800,0.0,0.0
2023-05-16 00:00:00-04:00,19.979999542236328,19.979999542236328,19.649999618530273,19.719999313354492,28100,0.0,0.0
2023-05-17 00:00:00-04:00,19.829999923706055,19.969999313354492,19.75,19.90999984741211,71400,0.0,0.0
2023-05-18 00:00:00-04:00,19.940000534057617,20.149999618530273,19.90999984741211,20.040000915527344,37700,0.0,0.0
2023-05-19 00:00:00-04:00,20.110000610351562,20.19499969482422,20.010000228881836,20.174999237060547,36700,0.0,0.0
2023-05-22 00:00:00-04:00,20.149999618530273,20.34000015258789,20.020000457763672,20.270000457763672,28700,0.0,0.0
2023-05-23 00:00:00-04:00,20.229999542236328,20.420000076293945,20.229999542236328,20.290000915527344,42900,0.0,0.0
2023-05-24 00:00:00-04:00,20.200000762939453,20.34000015258789,20.170000076293945,20.170000076293945,67700,0.0,0.0
2023-05-25 00:00:00-04:00,20.059999465942383,20.079999923706055,19.700000762939453,19.81999969482422,35200,0.0,0.0
2023-05-26 00:00:00-04:00,19.81999969482422,20.079999923706055,19.760000228881836,19.889999389648438,24700,0.0,0.0
2023-05-30 00:00:00-04:00,19.920000076293945,20.1299991607666,19.889999389648438,19.940000534057617,27500,0.0,0.0
2023-05-31 00:00:00-04:00,19.8799991607666,20.579999923706055,19.829999923706055,20.440000534057617,143700,0.0,0.0
2023-06-01 00:00:00-04:00,20.399999618530273,20.881000518798828,20.385000228881836,20.739999771118164,38800,0.0,0.0
2023-06-02 00:00:00-04:00,20.81999969482422,20.940000534057617,20.799999237060547,20.920000076293945,26800,0.0,0.0
2023-06-05 00:00:00-04:00,20.920000076293945,20.920000076293945,20.695999145507812,20.729999542236328,15200,0.0,0.0
2023-06-06 00:00:00-04:00,20.700000762939453,20.829999923706055,20.670000076293945,20.760000228881836,35900,0.0,0.0
2023-06-07 00:00:00-04:00,20.799999237060547,20.881000518798828,20.670000076293945,20.75,33100,0.0,0.0
2023-06-08 00:00:00-04:00,20.700000762939453,20.84000015258789,20.610000610351562,20.709999084472656,24600,0.0,0.0
2023-06-09 00:00:00-04:00,20.639999389648438,20.84000015258789,20.639999389648438,20.84000015258789,17500,0.0,0.0
2023-06-12 00:00:00-04:00,20.790000915527344,20.860000610351562,20.700000762939453,20.860000610351562,37900,0.0,0.0
2023-06-13 00:00:00-04:00,20.889999389648438,21.0,20.639999389648438,20.639999389648438,40000,0.0,0.0
2023-06-14 00:00:00-04:00,20.639999389648438,20.649999618530273,20.270000457763672,20.31999969482422,79800,0.0,0.0
2023-06-15 00:00:00-04:00,20.3700008392334,20.565000534057617,20.280000686645508,20.34000015258789,187700,0.0,0.0
2023-06-16 00:00:00-04:00,20.399999618530273,20.600000381469727,20.280000686645508,20.420000076293945,400600,0.0,0.0
2023-06-20 00:00:00-04:00,20.399999618530273,20.6200008392334,20.299999237060547,20.6200008392334,19800,0.0,0.0
2023-06-21 00:00:00-04:00,20.549999237060547,20.780000686645508,20.510000228881836,20.780000686645508,35700,0.0,0.0
2023-06-22 00:00:00-04:00,20.790000915527344,20.790000915527344,20.695999145507812,20.760000228881836,14000,0.0,0.0
2023-06-23 00:00:00-04:00,20.8700008392334,21.0,20.75,20.84000015258789,49400,0.0,0.0
2023-06-26 00:00:00-04:00,20.790000915527344,21.125,20.790000915527344,21.0,33500,0.0,0.0
2023-06-27 00:00:00-04:00,21.040000915527344,21.200000762939453,21.010000228881836,21.09000015258789,31300,0.0,0.0
2023-06-28 00:00:00-04:00,21.100000381469727,21.200000762939453,20.809999465942383,20.850000381469727,58500,0.0,0.0
2023-06-29 00:00:00-04:00,20.59000015258789,20.788000106811523,20.459999084472656,20.65999984741211,49600,0.0,0.0
2023-06-30 00:00:00-04:00,20.5,21.139999389648438,20.459999084472656,20.989999771118164,137500,0.0,0.0
2023-07-03 00:00:00-04:00,20.780000686645508,21.0,20.700000762939453,20.989999771118164,29100,0.0,0.0
2023-07-05 00:00:00-04:00,20.850000381469727,21.17099952697754,20.84000015258789,21.09000015258789,42600,0.0,0.0
2023-07-06 00:00:00-04:00,21.0,21.003000259399414,20.549999237060547,20.829999923706055,41900,0.0,0.0
2023-07-07 00:00:00-04:00,20.8799991607666,21.09000015258789,20.860000610351562,21.09000015258789,25900,0.0,0.0
2023-07-10 00:00:00-04:00,21.139999389648438,21.149999618530273,20.97100067138672,21.139999389648438,53500,0.0,0.0
2023-07-11 00:00:00-04:00,21.149999618530273,21.315000534057617,21.06999969482422,21.270000457763672,65100,0.0,0.0
2023-07-12 00:00:00-04:00,21.299999237060547,21.670000076293945,21.299999237060547,21.600000381469727,44600,0.0,0.0
2023-07-13 00:00:00-04:00,21.670000076293945,21.729999542236328,21.5,21.6299991607666,32500,0.0,0.0
2023-07-14 00:00:00-04:00,21.649999618530273,21.649999618530273,21.5,21.5,31200,0.0,0.0
2023-07-17 00:00:00-04:00,21.510000228881836,21.649999618530273,21.0,21.079999923706055,127100,0.0,0.0
2023-07-18 00:00:00-04:00,21.1200008392334,21.3799991607666,20.929000854492188,21.139999389648438,64100,0.0,0.0
2023-07-19 00:00:00-04:00,21.139999389648438,21.264999389648438,21.100000381469727,21.100000381469727,19300,0.0,0.0
2023-07-20 00:00:00-04:00,21.100000381469727,21.100000381469727,20.88800048828125,21.100000381469727,21000,0.0,0.0
2023-07-21 00:00:00-04:00,21.079999923706055,21.200000762939453,20.959999084472656,21.040000915527344,17900,0.0,0.0
2023-07-24 00:00:00-04:00,21.079999923706055,21.149999618530273,21.05299949645996,21.1299991607666,61200,0.0,0.0
2023-07-25 00:00:00-04:00,21.100000381469727,21.329999923706055,21.100000381469727,21.260000228881836,44400,0.0,0.0
2023-07-26 00:00:00-04:00,21.25,21.3799991607666,21.25,21.360000610351562,69500,0.0,0.0
2023-07-27 00:00:00-04:00,21.360000610351562,21.399999618530273,21.100000381469727,21.200000762939453,362200,0.0,0.0
2023-07-28 00:00:00-04:00,21.229999542236328,21.229999542236328,21.066999435424805,21.149999618530273,92400,0.0,0.0
2023-07-31 00:00:00-04:00,21.170000076293945,21.33799934387207,21.079999923706055,21.239999771118164,153800,0.0,0.0
2023-08-01 00:00:00-04:00,21.141000747680664,21.25,21.094999313354492,21.15999984741211,27300,0.0,0.0
2023-08-02 00:00:00-04:00,21.100000381469727,21.1299991607666,20.90999984741211,21.1200008392334,108400,0.0,0.0
2023-08-03 00:00:00-04:00,21.049999237060547,21.049999237060547,20.8799991607666,20.920000076293945,72600,0.0,0.0
2023-08-04 00:00:00-04:00,20.950000762939453,21.149999618530273,20.895000457763672,20.899999618530273,70100,0.0,0.0
2023-08-07 00:00:00-04:00,20.920000076293945,21.047000885009766,20.920000076293945,20.950000762939453,82700,0.0,0.0
2023-08-08 00:00:00-04:00,20.959999084472656,21.190000534057617,20.93000030517578,20.93000030517578,40400,0.0,0.0
2023-08-09 00:00:00-04:00,20.969999313354492,21.049999237060547,20.93000030517578,20.979999542236328,83500,0.0,0.0
2023-08-10 00:00:00-04:00,21.0,21.125,20.90999984741211,20.969999313354492,42000,0.0,0.0
2023-08-11 00:00:00-04:00,20.940000534057617,21.1200008392334,20.93000030517578,21.06999969482422,23700,0.0,0.0
2023-08-14 00:00:00-04:00,20.989999771118164,21.18000030517578,20.989999771118164,21.18000030517578,15900,0.0,0.0
2023-08-15 00:00:00-04:00,21.1200008392334,21.219999313354492,21.024999618530273,21.209999084472656,22400,0.0,0.0
2023-08-16 00:00:00-04:00,21.18000030517578,21.31999969482422,21.0,21.309999465942383,40600,0.0,0.0
2023-08-17 00:00:00-04:00,21.260000228881836,21.329999923706055,21.020000457763672,21.239999771118164,29800,0.0,0.0
2023-08-18 00:00:00-04:00,21.200000762939453,21.450000762939453,21.200000762939453,21.325000762939453,31400,0.0,0.0
2023-08-21 00:00:00-04:00,21.239999771118164,21.334999084472656,21.190000534057617,21.270000457763672,36500,0.0,0.0
2023-08-22 00:00:00-04:00,21.360000610351562,21.360000610351562,21.149999618530273,21.325000762939453,39300,0.0,0.0
2023-08-23 00:00:00-04:00,21.350000381469727,21.469999313354492,21.30500030517578,21.40999984741211,21400,0.0,0.0
2023-08-24 00:00:00-04:00,21.219999313354492,21.40999984741211,21.219999313354492,21.3700008392334,25000,0.0,0.0
2023-08-25 00:00:00-04:00,21.34000015258789,21.39900016784668,21.299999237060547,21.389999389648438,13900,0.0,0.0
2023-08-28 00:00:00-04:00,21.350000381469727,21.469999313354492,21.350000381469727,21.399999618530273,54400,0.0,0.0
2023-08-29 00:00:00-04:00,21.399999618530273,21.5,21.3700008392334,21.3700008392334,44500,0.0,0.0
2023-08-30 00:00:00-04:00,21.299999237060547,21.56999969482422,21.270000457763672,21.530000686645508,31900,0.0,0.0
2023-08-31 00:00:00-04:00,21.479999542236328,21.93000030517578,21.479999542236328,21.829999923706055,134500,0.0,0.0
2023-09-01 00:00:00-04:00,21.700000762939453,21.799999237060547,21.614999771118164,21.75,26200,0.0,0.0
2023-09-05 00:00:00-04:00,21.75,21.75,21.6299991607666,21.649999618530273,24000,0.0,0.0
2023-09-06 00:00:00-04:00,21.6200008392334,21.68000030517578,21.43000030517578,21.649999618530273,40500,0.0,0.0
2023-09-07 00:00:00-04:00,21.597000122070312,21.700000762939453,21.530000686645508,21.639999389648438,24900,0.0,0.0
2023-09-08 00:00:00-04:00,21.579999923706055,21.700000762939453,21.5,21.674999237060547,54000,0.0,0.0
2023-09-11 00:00:00-04:00,21.56999969482422,21.790000915527344,21.56999969482422,21.729999542236328,49800,0.0,0.0
2023-09-12 00:00:00-04:00,21.770000457763672,21.770000457763672,21.68000030517578,21.719999313354492,36900,0.0,0.0
2023-09-13 00:00:00-04:00,21.709999084472656,21.8799991607666,21.709999084472656,21.8799991607666,33900,0.0,0.0
2023-09-14 00:00:00-04:00,21.899999618530273,22.100000381469727,21.860000610351562,22.100000381469727,51100,0.0,0.0
2023-09-15 00:00:00-04:00,22.030000686645508,22.143999099731445,22.010000228881836,22.1299991607666,20000,0.0,0.0
2023-09-18 00:00:00-04:00,22.1200008392334,22.1299991607666,22.0,22.1299991607666,31800,0.0,0.0
2023-09-19 00:00:00-04:00,22.075000762939453,22.200000762939453,22.075000762939453,22.190000534057617,36200,0.0,0.0
2023-09-20 00:00:00-04:00,22.15999984741211,22.34000015258789,22.149999618530273,22.329999923706055,66100,0.0,0.0
2023-09-21 00:00:00-04:00,22.079999923706055,22.138999938964844,21.829999923706055,22.014999389648438,48000,0.0,0.0
2023-09-22 00:00:00-04:00,22.049999237060547,22.190000534057617,21.969999313354492,22.079999923706055,19800,0.0,0.0
2023-09-25 00:00:00-04:00,22.040000915527344,22.219999313354492,22.010000228881836,22.020000457763672,49100,0.0,0.0
2023-09-26 00:00:00-04:00,21.950000762939453,22.1200008392334,21.9060001373291,21.950000762939453,53000,0.0,0.0
2023-09-27 00:00:00-04:00,22.023000717163086,22.131000518798828,21.930999755859375,22.075000762939453,35200,0.0,0.0
2023-09-28 00:00:00-04:00,21.579999923706055,21.899999618530273,21.565000534057617,21.799999237060547,42000,0.0,0.0
2023-09-29 00:00:00-04:00,21.84000015258789,22.09000015258789,21.540000915527344,21.6299991607666,106600,0.0,0.0
2023-10-02 00:00:00-04:00,21.66699981689453,21.780000686645508,21.48200035095215,21.559999465942383,31300,0.0,0.0
2023-10-03 00:00:00-04:00,21.549999237060547,21.559999465942383,21.299999237060547,21.350000381469727,64300,0.0,0.0
2023-10-04 00:00:00-04:00,21.399999618530273,21.540000915527344,21.170000076293945,21.3799991607666,87700,0.0,0.0
2023-10-05 00:00:00-04:00,21.3799991607666,21.416000366210938,21.059999465942383,21.15999984741211,26000,0.0,0.0
2023-10-06 00:00:00-04:00,20.959999084472656,21.301000595092773,20.940000534057617,21.1200008392334,40800,0.0,0.0
2023-10-09 00:00:00-04:00,21.149999618530273,21.479999542236328,21.049999237060547,21.360000610351562,91000,0.0,0.0
2023-10-10 00:00:00-04:00,21.299999237060547,21.427000045776367,21.139999389648438,21.360000610351562,35000,0.0,0.0
2023-10-11 00:00:00-04:00,21.299999237060547,21.448999404907227,21.299999237060547,21.34000015258789,54000,0.0,0.0
2023-10-12 00:00:00-04:00,21.420000076293945,21.420000076293945,21.110000610351562,21.280000686645508,37500,0.0,0.0
2023-10-13 00:00:00-04:00,21.25,21.3799991607666,21.219999313354492,21.3700008392334,35800,0.0,0.0
2023-10-16 00:00:00-04:00,21.34000015258789,21.43000030517578,21.260000228881836,21.34000015258789,42900,0.0,0.0
2023-10-17 00:00:00-04:00,21.270000457763672,21.399999618530273,21.110000610351562,21.270000457763672,56800,0.0,0.0
2023-10-18 00:00:00-04:00,21.25,21.290000915527344,21.100000381469727,21.209999084472656,54600,0.0,0.0
2023-10-19 00:00:00-04:00,21.270000457763672,21.270000457763672,20.950000762939453,21.030000686645508,49000,0.0,0.0
2023-10-20 00:00:00-04:00,21.0,21.219999313354492,20.84000015258789,20.909000396728516,47900,0.0,0.0
2023-10-23 00:00:00-04:00,20.8799991607666,20.920000076293945,20.649999618530273,20.799999237060547,48000,0.0,0.0
2023-10-24 00:00:00-04:00,20.600000381469727,20.850000381469727,20.40999984741211,20.790000915527344,60000,0.0,0.0
2023-10-25 00:00:00-04:00,20.68000030517578,20.68000030517578,20.350000381469727,20.3799991607666,92500,0.0,0.0
2023-10-26 00:00:00-04:00,20.280000686645508,20.5,20.170000076293945,20.299999237060547,78000,0.0,0.0
2023-10-27 00:00:00-04:00,20.270000457763672,20.329999923706055,19.850000381469727,19.899999618530273,95900,0.0,0.0
2023-10-30 00:00:00-04:00,19.920000076293945,19.934999465942383,19.610000610351562,19.65999984741211,111800,0.0,0.0
2023-10-31 00:00:00-04:00,19.65999984741211,19.989999771118164,19.6299991607666,19.989999771118164,129500,0.0,0.0
2023-11-01 00:00:00-04:00,20.1200008392334,20.360000610351562,20.041000366210938,20.360000610351562,76500,0.0,0.0
2023-11-02 00:00:00-04:00,20.360000610351562,20.6299991607666,20.350000381469727,20.530000686645508,141500,0.0,0.0
2023-11-03 00:00:00-04:00,20.610000610351562,20.950000762939453,20.549999237060547,20.8799991607666,71400,0.0,0.0
2023-11-06 00:00:00-05:00,20.84000015258789,20.8799991607666,20.579999923706055,20.610000610351562,36800,0.0,0.0
2023-11-07 00:00:00-05:00,20.579999923706055,20.75,20.579999923706055,20.700000762939453,31400,0.0,0.0
2023-11-08 00:00:00-05:00,20.600000381469727,20.739999771118164,20.600000381469727,20.719999313354492,16300,0.0,0.0
2023-11-09 00:00:00-05:00,20.770000457763672,20.790000915527344,20.424999237060547,20.530000686645508,28200,0.0,0.0
2023-11-10 00:00:00-05:00,20.530000686645508,20.799999237060547,20.530000686645508,20.739999771118164,22600,0.0,0.0
2023-11-13 00:00:00-05:00,20.767000198364258,20.790000915527344,20.5,20.790000915527344,45200,0.0,0.0
2023-11-14 00:00:00-05:00,20.889999389648438,21.020000457763672,20.81399917602539,20.940000534057617,89900,0.0,0.0
2023-11-15 00:00:00-05:00,20.950000762939453,21.200000762939453,20.920000076293945,21.100000381469727,25800,0.0,0.0
2023-11-16 00:00:00-05:00,21.100000381469727,21.2549991607666,20.850000381469727,20.8700008392334,139700,0.0,0.0
2023-11-17 00:00:00-05:00,20.920000076293945,21.399999618530273,20.920000076293945,21.3799991607666,33600,0.0,0.0
2023-11-20 00:00:00-05:00,21.361000061035156,21.530000686645508,21.239999771118164,21.360000610351562,34600,0.0,0.0
2023-11-21 00:00:00-05:00,21.360000610351562,21.549999237060547,21.31999969482422,21.520000457763672,26100,0.0,0.0
2023-11-22 00:00:00-05:00,21.559999465942383,21.56999969482422,21.3700008392334,21.5,38100,0.0,0.0
2023-11-24 00:00:00-05:00,21.5,21.5,21.3700008392334,21.3700008392334,9100,0.0,0.0
2023-11-27 00:00:00-05:00,21.1299991607666,21.389999389648438,21.1299991607666,21.290000915527344,59600,0.0,0.0
2023-11-28 00:00:00-05:00,21.18000030517578,21.420000076293945,21.09000015258789,21.290000915527344,44600,0.0,0.0
2023-11-29 00:00:00-05:00,21.1299991607666,21.43000030517578,21.1299991607666,21.360000610351562,36000,0.0,0.0
2023-11-30 00:00:00-05:00,21.3799991607666,21.559999465942383,21.260000228881836,21.559999465942383,122000,0.0,0.0
2023-12-01 00:00:00-05:00,21.579999923706055,21.777999877929688,21.475000381469727,21.729999542236328,24400,0.0,0.0
2023-12-04 00:00:00-05:00,21.020000457763672,21.729999542236328,21.020000457763672,21.649999618530273,23200,0.0,0.0
2023-12-05 00:00:00-05:00,21.649999618530273,21.729999542236328,21.559999465942383,21.729999542236328,20600,0.0,0.0
2023-12-06 00:00:00-05:00,21.729999542236328,21.829999923706055,21.690000534057617,21.700000762939453,24100,0.0,0.0
2023-12-07 00:00:00-05:00,21.83300018310547,21.878999710083008,21.75,21.75,22300,0.0,0.0
2023-12-08 00:00:00-05:00,21.81999969482422,21.920000076293945,21.780000686645508,21.799999237060547,24400,0.0,0.0
2023-12-11 00:00:00-05:00,21.850000381469727,21.850000381469727,21.690000534057617,21.770000457763672,48900,0.0,0.0
2023-12-12 00:00:00-05:00,21.719999313354492,21.82900047302246,21.700000762939453,21.790000915527344,20000,0.0,0.0
2023-12-13 00:00:00-05:00,21.719999313354492,21.940000534057617,21.68199920654297,21.889999389648438,100700,0.0,0.0
2023-12-14 00:00:00-05:00,21.940000534057617,22.06999969482422,21.850000381469727,21.959999084472656,55100,0.0,0.0
2023-12-15 00:00:00-05:00,21.979999542236328,21.979999542236328,21.860000610351562,21.959999084472656,38500,0.0,0.0
2023-12-18 00:00:00-05:00,21.959999084472656,22.09000015258789,21.889999389648438,22.0,71200,0.0,0.0
2023-12-19 00:00:00-05:00,22.040000915527344,22.139999389648438,21.958999633789062,22.06999969482422,100000,0.0,0.0
2023-12-20 00:00:00-05:00,22.13599967956543,22.149999618530273,21.924999237060547,22.079999923706055,44200,0.0,0.0
2023-12-21 00:00:00-05:00,22.139999389648438,22.18000030517578,21.950000762939453,22.18000030517578,34600,0.0,0.0
2023-12-22 00:00:00-05:00,22.200000762939453,22.25,22.111000061035156,22.25,35900,0.0,0.0
2023-12-26 00:00:00-05:00,22.25,22.399999618530273,22.1200008392334,22.149999618530273,73400,0.0,0.0
2023-12-27 00:00:00-05:00,22.110000610351562,22.350000381469727,22.049999237060547,22.200000762939453,54500,0.0,0.0
2023-12-28 00:00:00-05:00,21.889999389648438,21.969999313354492,21.719999313354492,21.969999313354492,45700,0.0,0.0
2023-12-29 00:00:00-05:00,21.850000381469727,21.950000762939453,21.75,21.760000228881836,72500,0.0,0.0
2024-01-02 00:00:00-05:00,21.65999984741211,21.889999389648438,21.6200008392334,21.799999237060547,34200,0.0,0.0
2024-01-03 00:00:00-05:00,21.799999237060547,21.889999389648438,21.610000610351562,21.81999969482422,21300,0.0,0.0
2024-01-04 00:00:00-05:00,21.899999618530273,21.97800064086914,21.75,21.950000762939453,10200,0.0,0.0
2024-01-05 00:00:00-05:00,22.06999969482422,22.06999969482422,21.8799991607666,22.059999465942383,38600,0.0,0.0
2024-01-08 00:00:00-05:00,22.06800079345703,22.31999969482422,22.010000228881836,22.31999969482422,32800,0.0,0.0
2024-01-09 00:00:00-05:00,22.350000381469727,22.3799991607666,22.15999984741211,22.3799991607666,30900,0.0,0.0
2024-01-10 00:00:00-05:00,22.389999389648438,22.48900032043457,22.3700008392334,22.469999313354492,24200,0.0,0.0
2024-01-11 00:00:00-05:00,22.450000762939453,22.6200008392334,22.408000946044922,22.514999389648438,39900,0.0,0.0
2024-01-12 00:00:00-05:00,22.399999618530273,22.739999771118164,22.399999618530273,22.690000534057617,14800,0.0,0.0
2024-01-16 00:00:00-05:00,22.75,22.75,22.530000686645508,22.690000534057617,19500,0.0,0.0
2024-01-17 00:00:00-05:00,22.559999465942383,22.790000915527344,22.559999465942383,22.700000762939453,99600,0.0,0.0
2024-01-18 00:00:00-05:00,22.700000762939453,22.764999389648438,22.30500030517578,22.649999618530273,101100,0.0,0.0
2024-01-19 00:00:00-05:00,22.4950008392334,22.829999923706055,22.43199920654297,22.829999923706055,21000,0.0,0.0
2024-01-22 00:00:00-05:00,22.75,22.8700008392334,22.670000076293945,22.860000610351562,42700,0.0,0.0
2024-01-23 00:00:00-05:00,22.81999969482422,22.90999984741211,22.649999618530273,22.867000579833984,14600,0.0,0.0
2024-01-24 00:00:00-05:00,22.84000015258789,22.950000762939453,22.809999465942383,22.8799991607666,18900,0.0,0.0
2024-01-25 00:00:00-05:00,22.850000381469727,23.079999923706055,22.850000381469727,22.979999542236328,77400,0.0,0.0
2024-01-26 00:00:00-05:00,23.020999908447266,23.059999465942383,22.899999618530273,23.059999465942383,24300,0.0,0.0
2024-01-29 00:00:00-05:00,23.059999465942383,23.059999465942383,22.850000381469727,23.0,56100,0.0,0.0
2024-01-30 00:00:00-05:00,22.920000076293945,23.110000610351562,22.920000076293945,23.110000610351562,31100,0.0,0.0
2024-01-31 00:00:00-05:00,23.049999237060547,23.219999313354492,23.040000915527344,23.09000015258789,32100,0.0,0.0
2024-02-01 00:00:00-05:00,23.139999389648438,23.420000076293945,23.09000015258789,23.309999465942383,56600,0.0,0.0
2024-02-02 00:00:00-05:00,23.239999771118164,23.329999923706055,23.165000915527344,23.25,32800,0.0,0.0
2024-02-05 00:00:00-05:00,23.229999542236328,23.239999771118164,23.09000015258789,23.09000015258789,31300,0.0,0.0
2024-02-06 00:00:00-05:00,23.09000015258789,23.219999313354492,23.09000015258789,23.190000534057617,37100,0.0,0.0
2024-02-07 00:00:00-05:00,23.200000762939453,23.200000762939453,23.09000015258789,23.09000015258789,29500,0.0,0.0
2024-02-08 00:00:00-05:00,23.09000015258789,23.239999771118164,23.030000686645508,23.209999084472656,29600,0.0,0.0
2024-02-09 00:00:00-05:00,23.209999084472656,23.40999984741211,23.19499969482422,23.3799991607666,49800,0.0,0.0
2024-02-12 00:00:00-05:00,23.469999313354492,23.530000686645508,23.34000015258789,23.450000762939453,54800,0.0,0.0
2024-02-13 00:00:00-05:00,23.190000534057617,23.399999618530273,23.09000015258789,23.290000915527344,25800,0.0,0.0
2024-02-14 00:00:00-05:00,23.239999771118164,23.239999771118164,23.1200008392334,23.200000762939453,21200,0.0,0.0
2024-02-15 00:00:00-05:00,23.149999618530273,23.3700008392334,23.05500030517578,23.290000915527344,41700,0.0,0.0
2024-02-16 00:00:00-05:00,23.23900032043457,23.360000610351562,23.1200008392334,23.360000610351562,30900,0.0,0.0
2024-02-20 00:00:00-05:00,23.25,23.459999084472656,23.200000762939453,23.459999084472656,29600,0.0,0.0
2024-02-21 00:00:00-05:00,23.43000030517578,23.450000762939453,23.200000762939453,23.219999313354492,20000,0.0,0.0
2024-02-22 00:00:00-05:00,23.25,23.43000030517578,23.200000762939453,23.40999984741211,36000,0.0,0.0
2024-02-23 00:00:00-05:00,23.440000534057617,23.719999313354492,23.399999618530273,23.68000030517578,41700,0.0,0.0
2024-02-26 00:00:00-05:00,23.729999542236328,23.729999542236328,23.549999237060547,23.639999389648438,15800,0.0,0.0
2024-02-27 00:00:00-05:00,23.600000381469727,23.719999313354492,23.58099937438965,23.700000762939453,26500,0.0,0.0
2024-02-28 00:00:00-05:00,23.635000228881836,23.700000762939453,23.600000381469727,23.670000076293945,29000,0.0,0.0
2024-02-29 00:00:00-05:00,23.639999389648438,23.75,23.510000228881836,23.510000228881836,93500,0.0,0.0
2024-03-01 00:00:00-05:00,23.5,23.579999923706055,23.469999313354492,23.5,22000,0.0,0.0
2024-03-04 00:00:00-05:00,23.5,23.520000457763672,23.31999969482422,23.489999771118164,62800,0.0,0.0
2024-03-05 00:00:00-05:00,23.399999618530273,23.48900032043457,23.299999237060547,23.40999984741211,40900,0.0,0.0
2024-03-06 00:00:00-05:00,23.3799991607666,23.479999542236328,23.25,23.440000534057617,29100,0.0,0.0
2024-03-07 00:00:00-05:00,23.510000228881836,23.510000228881836,23.399999618530273,23.469999313354492,27700,0.0,0.0
2024-03-08 00:00:00-05:00,23.420000076293945,23.518999099731445,23.34000015258789,23.459999084472656,37700,0.0,0.0
2024-03-11 00:00:00-04:00,23.424999237060547,23.548999786376953,23.299999237060547,23.479999542236328,15500,0.0,0.0
2024-03-12 00:00:00-04:00,23.450000762939453,23.549999237060547,23.450000762939453,23.517000198364258,36000,0.0,0.0
2024-03-13 00:00:00-04:00,23.5,23.549999237060547,23.450000762939453,23.5,70700,0.0,0.0
2024-03-14 00:00:00-04:00,23.5,23.649999618530273,23.450000762939453,23.649999618530273,63800,0.0,0.0
2024-03-15 00:00:00-04:00,23.559999465942383,23.610000610351562,23.5,23.610000610351562,71500,0.0,0.0
2024-03-18 00:00:00-04:00,23.59000015258789,23.700000762939453,23.540000915527344,23.700000762939453,35800,0.0,0.0
2024-03-19 00:00:00-04:00,23.68000030517578,23.75,23.639999389648438,23.639999389648438,81800,0.0,0.0
2024-03-20 00:00:00-04:00,23.709999084472656,23.709999084472656,23.59000015258789,23.649999618530273,53200,0.0,0.0
2024-03-21 00:00:00-04:00,23.674999237060547,23.81999969482422,23.6299991607666,23.760000228881836,57000,0.0,0.0
2024-03-22 00:00:00-04:00,23.739999771118164,23.78700065612793,23.70199966430664,23.780000686645508,13800,0.0,0.0
2024-03-25 00:00:00-04:00,23.7450008392334,23.780000686645508,23.68000030517578,23.770000457763672,22900,0.0,0.0
2024-03-26 00:00:00-04:00,23.799999237060547,23.850000381469727,23.75,23.81999969482422,39600,0.0,0.0
2024-03-27 00:00:00-04:00,23.799999237060547,23.8700008392334,23.729999542236328,23.799999237060547,43800,0.0,0.0
2024-03-28 00:00:00-04:00,23.469999313354492,23.549999237060547,22.90999984741211,22.959999084472656,162700,0.0,0.0
2024-04-01 00:00:00-04:00,23.139999389648438,23.350000381469727,23.139999389648438,23.25,73600,0.0,0.0
2024-04-02 00:00:00-04:00,23.25,23.350000381469727,23.149999618530273,23.280000686645508,90300,0.0,0.0
2024-04-03 00:00:00-04:00,23.22100067138672,23.506000518798828,23.22100067138672,23.459999084472656,75800,0.0,0.0
2024-04-04 00:00:00-04:00,23.475000381469727,23.56999969482422,23.465999603271484,23.530000686645508,28400,0.0,0.0
2024-04-05 00:00:00-04:00,23.5,23.579999923706055,23.309999465942383,23.309999465942383,41300,0.0,0.0
2024-04-08 00:00:00-04:00,23.329999923706055,23.5,23.31999969482422,23.469999313354492,18400,0.0,0.0
2024-04-09 00:00:00-04:00,23.450000762939453,23.549999237060547,23.450000762939453,23.530000686645508,62900,0.0,0.0
2024-04-10 00:00:00-04:00,23.399999618530273,23.479999542236328,23.350000381469727,23.3700008392334,59200,0.0,0.0
2024-04-11 00:00:00-04:00,23.440000534057617,23.440000534057617,23.3700008392334,23.399999618530273,48400,0.0,0.0
2024-04-12 00:00:00-04:00,23.420000076293945,23.510000228881836,23.389999389648438,23.389999389648438,33400,0.0,0.0
2024-04-15 00:00:00-04:00,23.479999542236328,23.518999099731445,23.25,23.399999618530273,108600,0.0,0.0
2024-04-16 00:00:00-04:00,23.31999969482422,23.489999771118164,23.299999237060547,23.459999084472656,40200,0.0,0.0
2024-04-17 00:00:00-04:00,23.479999542236328,23.493999481201172,23.3700008392334,23.469999313354492,79600,0.0,0.0
2024-04-18 00:00:00-04:00,23.364999771118164,23.399999618530273,23.270000457763672,23.309999465942383,44800,0.0,0.0
2024-04-19 00:00:00-04:00,23.309999465942383,23.322999954223633,23.270000457763672,23.309999465942383,19700,0.0,0.0
2024-04-22 00:00:00-04:00,23.399999618530273,23.399999618530273,23.209999084472656,23.219999313354492,50400,0.0,0.0
2024-04-23 00:00:00-04:00,23.229999542236328,23.37299919128418,23.200000762939453,23.239999771118164,24600,0.0,0.0
2024-04-24 00:00:00-04:00,23.15999984741211,23.40999984741211,23.15999984741211,23.280000686645508,40200,0.0,0.0
2024-04-25 00:00:00-04:00,23.170000076293945,23.31599998474121,23.079999923706055,23.219999313354492,130900,0.0,0.0
2024-04-26 00:00:00-04:00,23.15999984741211,23.280000686645508,23.15999984741211,23.229999542236328,63900,0.0,0.0
2024-04-29 00:00:00-04:00,23.200000762939453,23.299999237060547,23.059999465942383,23.18000030517578,79400,0.0,0.0
2024-04-30 00:00:00-04:00,23.290000915527344,23.360000610351562,23.059999465942383,23.360000610351562,377000,0.0,0.0
2024-05-01 00:00:00-04:00,23.280000686645508,23.6299991607666,23.280000686645508,23.600000381469727,60900,0.0,0.0
2024-05-02 00:00:00-04:00,23.600000381469727,23.8700008392334,23.559999465942383,23.829999923706055,88900,0.0,0.0
2024-05-03 00:00:00-04:00,23.899999618530273,23.90999984741211,23.781999588012695,23.860000610351562,60000,0.0,0.0
2024-05-06 00:00:00-04:00,23.829999923706055,23.950000762939453,23.790000915527344,23.93000030517578,40900,0.0,0.0
2024-05-07 00:00:00-04:00,23.780000686645508,23.96500015258789,23.780000686645508,23.899999618530273,54000,0.0,0.0
2024-05-08 00:00:00-04:00,23.690000534057617,23.920000076293945,23.690000534057617,23.84000015258789,18200,0.0,0.0
2024-05-09 00:00:00-04:00,23.739999771118164,23.889999389648438,23.739999771118164,23.860000610351562,21200,0.0,0.0
2024-05-10 00:00:00-04:00,23.809999465942383,23.899999618530273,23.65999984741211,23.8799991607666,58300,0.0,0.0
2024-05-13 00:00:00-04:00,23.889999389648438,23.920000076293945,23.809999465942383,23.809999465942383,15900,0.0,0.0
2024-05-14 00:00:00-04:00,23.780000686645508,23.91699981689453,23.780000686645508,23.850000381469727,35200,0.0,0.0
2024-05-15 00:00:00-04:00,23.920000076293945,24.049999237060547,23.899999618530273,24.030000686645508,109100,0.0,0.0
2024-05-16 00:00:00-04:00,24.0,24.059999465942383,23.9950008392334,24.040000915527344,41000,0.0,0.0
2024-05-17 00:00:00-04:00,24.0,24.170000076293945,23.950000762939453,24.170000076293945,41200,0.0,0.0
2024-05-20 00:00:00-04:00,24.0,24.027999877929688,23.90999984741211,24.0,32000,0.0,0.0
2024-05-21 00:00:00-04:00,24.0,24.100000381469727,23.969999313354492,24.100000381469727,35700,0.0,0.0
2024-05-22 00:00:00-04:00,24.100000381469727,24.100000381469727,24.010000228881836,24.09000015258789,14800,0.0,0.0
2024-05-23 00:00:00-04:00,24.049999237060547,24.059999465942383,23.940000534057617,23.989999771118164,46300,0.0,0.0
2024-05-24 00:00:00-04:00,24.0,24.07900047302246,23.899999618530273,23.940000534057617,28400,0.0,0.0
2024-05-28 00:00:00-04:00,23.920000076293945,23.959999084472656,23.84000015258789,23.959999084472656,20900,0.0,0.0
2024-05-29 00:00:00-04:00,23.905000686645508,23.969999313354492,23.829999923706055,23.969999313354492,34500,0.0,0.0
2024-05-30 00:00:00-04:00,23.9060001373291,24.06999969482422,23.9060001373291,24.018999099731445,16300,0.0,0.0
2024-05-31 00:00:00-04:00,23.920000076293945,24.200000762939453,23.920000076293945,24.049999237060547,99700,0.0,0.0
2024-06-03 00:00:00-04:00,24.03499984741211,24.170000076293945,24.020000457763672,24.079999923706055,144700,0.0,0.0
2024-06-04 00:00:00-04:00,24.055999755859375,24.200000762939453,24.049999237060547,24.139999389648438,50000,0.0,0.0
2024-06-05 00:00:00-04:00,24.0939998626709,24.197999954223633,24.0939998626709,24.139999389648438,83400,0.0,0.0
2024-06-06 00:00:00-04:00,24.1200008392334,24.18000030517578,24.100000381469727,24.139999389648438,80700,0.0,0.0
2024-06-07 00:00:00-04:00,24.059999465942383,24.204999923706055,24.059999465942383,24.18000030517578,65600,0.0,0.0
2024-06-10 00:00:00-04:00,24.03499984741211,24.125,24.03499984741211,24.079999923706055,9900,0.0,0.0
2024-06-11 00:00:00-04:00,23.920000076293945,24.1299991607666,23.899999618530273,24.100000381469727,44000,0.0,0.0
2024-06-12 00:00:00-04:00,24.1200008392334,24.200000762939453,24.1200008392334,24.149999618530273,53600,0.0,0.0
2024-06-13 00:00:00-04:00,24.149999618530273,24.17099952697754,24.1200008392334,24.15999984741211,32600,0.0,0.0
2024-06-14 00:00:00-04:00,24.149999618530273,24.190000534057617,24.100000381469727,24.190000534057617,71300,0.0,0.0
2024-06-17 00:00:00-04:00,24.100000381469727,24.18899917602539,24.100000381469727,24.18000030517578,24200,0.0,0.0
2024-06-18 00:00:00-04:00,24.18000030517578,24.190000534057617,24.139999389648438,24.170000076293945,217700,0.0,0.0
2024-06-20 00:00:00-04:00,24.0,24.18000030517578,23.979999542236328,24.18000030517578,55600,0.0,0.0
2024-06-21 00:00:00-04:00,24.076000213623047,24.139999389648438,24.040000915527344,24.049999237060547,53400,0.0,0.0
2024-06-24 00:00:00-04:00,23.989999771118164,24.149999618530273,23.989999771118164,24.139999389648438,31700,0.0,0.0
2024-06-25 00:00:00-04:00,24.197999954223633,24.25,24.030000686645508,24.209999084472656,348700,0.0,0.0
2024-06-26 00:00:00-04:00,24.229999542236328,24.235000610351562,24.030000686645508,24.1299991607666,29200,0.0,0.0
2024-06-27 00:00:00-04:00,24.149999618530273,24.219999313354492,24.110000610351562,24.219999313354492,14300,0.0,0.0
2024-06-28 00:00:00-04:00,24.170000076293945,24.25,24.1200008392334,24.1299991607666,85400,0.0,0.0
2024-07-01 00:00:00-04:00,23.8799991607666,23.940000534057617,23.739999771118164,23.8700008392334,42100,0.0,0.0
2024-07-02 00:00:00-04:00,23.850000381469727,24.15999984741211,23.850000381469727,24.149999618530273,66400,0.0,0.0
2024-07-03 00:00:00-04:00,24.100000381469727,24.200000762939453,24.062999725341797,24.200000762939453,18800,0.0,0.0
2024-07-05 00:00:00-04:00,24.111000061035156,24.219999313354492,24.079999923706055,24.200000762939453,12000,0.0,0.0
2024-07-08 00:00:00-04:00,24.149999618530273,24.149999618530273,24.030000686645508,24.059999465942383,13400,0.0,0.0
2024-07-09 00:00:00-04:00,24.100000381469727,24.160999298095703,24.076000213623047,24.139999389648438,29200,0.0,0.0
2024-07-10 00:00:00-04:00,24.100000381469727,24.100000381469727,24.0,24.059999465942383,49100,0.0,0.0
2024-07-11 00:00:00-04:00,24.100000381469727,24.1200008392334,24.05699920654297,24.059999465942383,11300,0.0,0.0
2024-07-12 00:00:00-04:00,24.100000381469727,24.239999771118164,24.059999465942383,24.079999923706055,17000,0.0,0.0
2024-07-15 00:00:00-04:00,24.18000030517578,24.200000762939453,23.969999313354492,24.010000228881836,125200,0.0,0.0
2024-07-16 00:00:00-04:00,24.049999237060547,24.136999130249023,24.030000686645508,24.110000610351562,16200,0.0,0.0
2024-07-17 00:00:00-04:00,24.030000686645508,24.200000762939453,24.030000686645508,24.138999938964844,24600,0.0,0.0
2024-07-18 00:00:00-04:00,24.200000762939453,24.239999771118164,24.149999618530273,24.200000762939453,37200,0.0,0.0
2024-07-19 00:00:00-04:00,24.100000381469727,24.209999084472656,24.100000381469727,24.209999084472656,139400,0.0,0.0
2024-07-22 00:00:00-04:00,24.18000030517578,24.200000762939453,24.149999618530273,24.170000076293945,29000,0.0,0.0
2024-07-23 00:00:00-04:00,24.149999618530273,24.170000076293945,24.040000915527344,24.100000381469727,131600,0.0,0.0
2024-07-24 00:00:00-04:00,24.100000381469727,24.139999389648438,24.049999237060547,24.059999465942383,43700,0.0,0.0
2024-07-25 00:00:00-04:00,24.1200008392334,24.1200008392334,24.049999237060547,24.09000015258789,44000,0.0,0.0
2024-07-26 00:00:00-04:00,24.100000381469727,24.100000381469727,24.020000457763672,24.030000686645508,16600,0.0,0.0
2024-07-29 00:00:00-04:00,24.049999237060547,24.110000610351562,24.049999237060547,24.049999237060547,19100,0.0,0.0
2024-07-30 00:00:00-04:00,24.049999237060547,24.06999969482422,24.030000686645508,24.049999237060547,37500,0.0,0.0
2024-07-31 00:00:00-04:00,24.010000228881836,24.09000015258789,24.010000228881836,24.049999237060547,89300,0.0,0.0
2024-08-01 00:00:00-04:00,24.06999969482422,24.170000076293945,24.040000915527344,24.100000381469727,25000,0.0,0.0
2024-08-02 00:00:00-04:00,24.149999618530273,24.15999984741211,24.049999237060547,24.049999237060547,21000,0.0,0.0
