Date,Open,High,Low,Close,Volume,Dividends,Stock Splits
2021-06-24 00:00:00-04:00,9.869999885559082,9.899999618530273,9.869999885559082,9.899999618530273,664300,0.0,0.0
2021-06-25 00:00:00-04:00,9.880000114440918,9.9399995803833,9.880000114440918,9.9399995803833,77800,0.0,0.0
2021-06-28 00:00:00-04:00,9.859999656677246,10.050000190734863,9.859999656677246,9.949999809265137,18100,0.0,0.0
2021-06-29 00:00:00-04:00,9.890000343322754,10.050000190734863,9.869999885559082,9.920000076293945,4300,0.0,0.0
2021-06-30 00:00:00-04:00,9.899999618530273,9.975000381469727,9.880000114440918,9.890000343322754,103700,0.0,0.0
2021-07-01 00:00:00-04:00,10.0,10.0,10.0,10.0,200,0.0,0.0
2021-07-02 00:00:00-04:00,10.0,10.0,10.0,10.0,0,0.0,0.0
2021-07-06 00:00:00-04:00,9.920000076293945,9.975000381469727,9.920000076293945,9.975000381469727,800,0.0,0.0
2021-07-07 00:00:00-04:00,10.199999809265137,10.199999809265137,10.199999809265137,10.199999809265137,200,0.0,0.0
2021-07-08 00:00:00-04:00,10.050000190734863,10.050000190734863,9.895000457763672,9.9399995803833,52700,0.0,0.0
2021-07-09 00:00:00-04:00,9.9399995803833,9.970000267028809,9.930000305175781,9.930000305175781,804200,0.0,0.0
2021-07-12 00:00:00-04:00,9.9399995803833,9.989999771118164,9.9399995803833,9.949999809265137,419200,0.0,0.0
2021-07-13 00:00:00-04:00,9.90999984741211,9.9399995803833,9.90999984741211,9.930000305175781,32700,0.0,0.0
2021-07-14 00:00:00-04:00,9.930000305175781,9.970000267028809,9.930000305175781,9.949999809265137,24700,0.0,0.0
2021-07-15 00:00:00-04:00,9.970000267028809,9.979999542236328,9.9399995803833,9.9399995803833,9600,0.0,0.0
2021-07-16 00:00:00-04:00,9.954999923706055,10.029999732971191,9.954999923706055,10.029999732971191,53200,0.0,0.0
2021-07-19 00:00:00-04:00,10.029999732971191,10.029999732971191,10.029999732971191,10.029999732971191,100,0.0,0.0
2021-07-20 00:00:00-04:00,9.96500015258789,9.96500015258789,9.930000305175781,9.930000305175781,1800,0.0,0.0
2021-07-21 00:00:00-04:00,9.90999984741211,9.90999984741211,9.90999984741211,9.90999984741211,10600,0.0,0.0
2021-07-22 00:00:00-04:00,9.90999984741211,9.90999984741211,9.890000343322754,9.899999618530273,66400,0.0,0.0
2021-07-23 00:00:00-04:00,9.8100004196167,9.899999618530273,9.8100004196167,9.899999618530273,226500,0.0,0.0
2021-07-26 00:00:00-04:00,9.899999618530273,9.899999618530273,9.899999618530273,9.899999618530273,7400,0.0,0.0
2021-07-27 00:00:00-04:00,9.8100004196167,9.899999618530273,9.8100004196167,9.899999618530273,1500,0.0,0.0
2021-07-28 00:00:00-04:00,9.899999618530273,9.989999771118164,9.899999618530273,9.899999618530273,108400,0.0,0.0
2021-07-29 00:00:00-04:00,9.899999618530273,9.899999618530273,9.899999618530273,9.899999618530273,174400,0.0,0.0
2021-07-30 00:00:00-04:00,9.899999618530273,9.899999618530273,9.899999618530273,9.899999618530273,0,0.0,0.0
2021-08-02 00:00:00-04:00,9.930000305175781,9.930000305175781,9.930000305175781,9.930000305175781,100,0.0,0.0
2021-08-03 00:00:00-04:00,9.944999694824219,9.944999694824219,9.944999694824219,9.944999694824219,100,0.0,0.0
2021-08-04 00:00:00-04:00,9.930000305175781,10.039999961853027,9.90999984741211,10.039999961853027,17800,0.0,0.0
2021-08-05 00:00:00-04:00,9.90999984741211,9.920000076293945,9.90999984741211,9.920000076293945,2200,0.0,0.0
2021-08-06 00:00:00-04:00,9.920000076293945,9.920000076293945,9.920000076293945,9.920000076293945,0,0.0,0.0
2021-08-09 00:00:00-04:00,9.920000076293945,9.920000076293945,9.920000076293945,9.920000076293945,0,0.0,0.0
2021-08-10 00:00:00-04:00,9.920000076293945,9.920000076293945,9.920000076293945,9.920000076293945,0,0.0,0.0
2021-08-11 00:00:00-04:00,9.920000076293945,9.920000076293945,9.920000076293945,9.920000076293945,0,0.0,0.0
2021-08-12 00:00:00-04:00,9.930000305175781,9.949999809265137,9.920000076293945,9.949999809265137,6900,0.0,0.0
2021-08-13 00:00:00-04:00,9.949999809265137,9.949999809265137,9.949999809265137,9.949999809265137,0,0.0,0.0
2021-08-16 00:00:00-04:00,9.949999809265137,9.949999809265137,9.949999809265137,9.949999809265137,7500,0.0,0.0
2021-08-17 00:00:00-04:00,9.949999809265137,9.949999809265137,9.949999809265137,9.949999809265137,0,0.0,0.0
2021-08-18 00:00:00-04:00,9.949999809265137,9.949999809265137,9.949999809265137,9.949999809265137,0,0.0,0.0
2021-08-19 00:00:00-04:00,9.949999809265137,9.949999809265137,9.949999809265137,9.949999809265137,0,0.0,0.0
2021-08-20 00:00:00-04:00,9.92300033569336,9.92300033569336,9.92300033569336,9.92300033569336,200,0.0,0.0
2021-08-23 00:00:00-04:00,9.92300033569336,9.92300033569336,9.92300033569336,9.92300033569336,0,0.0,0.0
2021-08-24 00:00:00-04:00,9.92300033569336,9.92300033569336,9.92300033569336,9.92300033569336,0,0.0,0.0
2021-08-25 00:00:00-04:00,9.92300033569336,9.92300033569336,9.92300033569336,9.92300033569336,0,0.0,0.0
2021-08-26 00:00:00-04:00,9.92300033569336,9.92300033569336,9.92300033569336,9.92300033569336,0,0.0,0.0
2021-08-27 00:00:00-04:00,9.92300033569336,9.92300033569336,9.92300033569336,9.92300033569336,0,0.0,0.0
2021-08-30 00:00:00-04:00,9.930000305175781,9.930000305175781,9.930000305175781,9.930000305175781,1000,0.0,0.0
2021-08-31 00:00:00-04:00,9.930000305175781,9.930000305175781,9.930000305175781,9.930000305175781,0,0.0,0.0
2021-09-01 00:00:00-04:00,9.930000305175781,9.930000305175781,9.930000305175781,9.930000305175781,0,0.0,0.0
2021-09-02 00:00:00-04:00,10.039999961853027,10.0600004196167,10.039999961853027,10.039999961853027,5200,0.0,0.0
2021-09-03 00:00:00-04:00,10.039999961853027,10.039999961853027,10.039999961853027,10.039999961853027,0,0.0,0.0
2021-09-07 00:00:00-04:00,10.039999961853027,10.039999961853027,10.039999961853027,10.039999961853027,0,0.0,0.0
2021-09-08 00:00:00-04:00,10.0,10.0,10.0,10.0,500,0.0,0.0
2021-09-09 00:00:00-04:00,10.0,10.0,10.0,10.0,500,0.0,0.0
2021-09-10 00:00:00-04:00,10.020000457763672,10.0600004196167,10.020000457763672,10.050000190734863,5200,0.0,0.0
2021-09-13 00:00:00-04:00,10.050000190734863,10.050000190734863,10.050000190734863,10.050000190734863,100,0.0,0.0
2021-09-14 00:00:00-04:00,10.050000190734863,10.050000190734863,10.050000190734863,10.050000190734863,100,0.0,0.0
2021-09-15 00:00:00-04:00,10.029999732971191,10.029999732971191,10.029999732971191,10.029999732971191,100,0.0,0.0
2021-09-16 00:00:00-04:00,10.017000198364258,10.050000190734863,10.0,10.050000190734863,7400,0.0,0.0
2021-09-17 00:00:00-04:00,10.050000190734863,10.050000190734863,10.050000190734863,10.050000190734863,0,0.0,0.0
2021-09-20 00:00:00-04:00,10.050000190734863,10.050000190734863,10.050000190734863,10.050000190734863,0,0.0,0.0
2021-09-21 00:00:00-04:00,10.050000190734863,10.050000190734863,10.050000190734863,10.050000190734863,0,0.0,0.0
2021-09-22 00:00:00-04:00,10.0,10.0,9.989999771118164,10.0,50300,0.0,0.0
2021-09-23 00:00:00-04:00,10.050000190734863,10.050000190734863,10.050000190734863,10.050000190734863,1600,0.0,0.0
2021-09-24 00:00:00-04:00,10.050000190734863,10.079999923706055,10.050000190734863,10.079999923706055,700,0.0,0.0
2021-09-27 00:00:00-04:00,10.0600004196167,10.069999694824219,10.0600004196167,10.069999694824219,1000,0.0,0.0
2021-09-28 00:00:00-04:00,10.079999923706055,10.079999923706055,10.04800033569336,10.04800033569336,2200,0.0,0.0
2021-09-29 00:00:00-04:00,10.050000190734863,10.050000190734863,10.050000190734863,10.050000190734863,3300,0.0,0.0
2021-09-30 00:00:00-04:00,10.050000190734863,10.050000190734863,10.050000190734863,10.050000190734863,7500,0.0,0.0
2021-10-01 00:00:00-04:00,10.050000190734863,10.050000190734863,10.050000190734863,10.050000190734863,2100,0.0,0.0
2021-10-04 00:00:00-04:00,10.050000190734863,10.050000190734863,10.050000190734863,10.050000190734863,0,0.0,0.0
2021-10-05 00:00:00-04:00,10.050000190734863,10.050000190734863,10.050000190734863,10.050000190734863,0,0.0,0.0
2021-10-06 00:00:00-04:00,10.050000190734863,10.050000190734863,10.050000190734863,10.050000190734863,0,0.0,0.0
2021-10-07 00:00:00-04:00,10.050000190734863,10.050000190734863,10.050000190734863,10.050000190734863,0,0.0,0.0
2021-10-08 00:00:00-04:00,10.069999694824219,10.079999923706055,10.050000190734863,10.050000190734863,17100,0.0,0.0
2021-10-11 00:00:00-04:00,10.050000190734863,10.050000190734863,10.050000190734863,10.050000190734863,0,0.0,0.0
2021-10-12 00:00:00-04:00,10.050000190734863,10.050000190734863,10.050000190734863,10.050000190734863,0,0.0,0.0
2021-10-13 00:00:00-04:00,10.0600004196167,10.0600004196167,10.0600004196167,10.0600004196167,500000,0.0,0.0
2021-10-14 00:00:00-04:00,10.0600004196167,10.0600004196167,10.0600004196167,10.0600004196167,0,0.0,0.0
2021-10-15 00:00:00-04:00,10.0600004196167,10.0600004196167,10.0600004196167,10.0600004196167,0,0.0,0.0
2021-10-18 00:00:00-04:00,10.0600004196167,10.0600004196167,10.0600004196167,10.0600004196167,0,0.0,0.0
2021-10-19 00:00:00-04:00,10.09000015258789,10.09000015258789,10.039999961853027,10.039999961853027,141500,0.0,0.0
2021-10-20 00:00:00-04:00,10.050000190734863,10.0600004196167,10.029999732971191,10.050000190734863,107300,0.0,0.0
2021-10-21 00:00:00-04:00,10.079999923706055,10.079999923706055,10.039999961853027,10.039999961853027,52400,0.0,0.0
2021-10-22 00:00:00-04:00,10.050000190734863,10.055000305175781,10.029999732971191,10.050000190734863,57600,0.0,0.0
2021-10-25 00:00:00-04:00,10.170000076293945,10.170000076293945,10.0600004196167,10.100000381469727,302100,0.0,0.0
2021-10-26 00:00:00-04:00,10.100000381469727,10.100000381469727,10.100000381469727,10.100000381469727,0,0.0,0.0
2021-10-27 00:00:00-04:00,10.050000190734863,10.050000190734863,10.050000190734863,10.050000190734863,600,0.0,0.0
2021-10-28 00:00:00-04:00,10.050000190734863,10.079999923706055,10.050000190734863,10.079999923706055,51300,0.0,0.0
2021-10-29 00:00:00-04:00,10.0600004196167,10.0600004196167,10.0600004196167,10.0600004196167,10400,0.0,0.0
2021-11-01 00:00:00-04:00,10.0600004196167,10.0600004196167,10.0600004196167,10.0600004196167,0,0.0,0.0
2021-11-02 00:00:00-04:00,10.050000190734863,10.079999923706055,10.050000190734863,10.079999923706055,42300,0.0,0.0
2021-11-03 00:00:00-04:00,10.0600004196167,10.0600004196167,10.0600004196167,10.0600004196167,12500,0.0,0.0
2021-11-04 00:00:00-04:00,10.0600004196167,10.0600004196167,10.0600004196167,10.0600004196167,0,0.0,0.0
2021-11-05 00:00:00-04:00,10.079999923706055,10.079999923706055,10.079999923706055,10.079999923706055,28700,0.0,0.0
2021-11-08 00:00:00-05:00,10.0600004196167,10.100000381469727,10.0600004196167,10.069999694824219,20300,0.0,0.0
2021-11-09 00:00:00-05:00,10.0600004196167,10.0600004196167,10.0600004196167,10.0600004196167,400,0.0,0.0
2021-11-10 00:00:00-05:00,10.0600004196167,10.069999694824219,10.0600004196167,10.069999694824219,420600,0.0,0.0
2021-11-11 00:00:00-05:00,10.069999694824219,10.069999694824219,10.069999694824219,10.069999694824219,0,0.0,0.0
2021-11-12 00:00:00-05:00,10.180000305175781,10.180000305175781,10.0600004196167,10.069999694824219,42000,0.0,0.0
2021-11-15 00:00:00-05:00,10.109999656677246,10.170000076293945,10.109999656677246,10.140000343322754,17300,0.0,0.0
2021-11-16 00:00:00-05:00,10.0600004196167,10.0600004196167,10.0600004196167,10.0600004196167,800,0.0,0.0
2021-11-17 00:00:00-05:00,10.0600004196167,10.0600004196167,10.0600004196167,10.0600004196167,0,0.0,0.0
2021-11-18 00:00:00-05:00,10.0600004196167,10.0600004196167,10.0600004196167,10.0600004196167,0,0.0,0.0
2021-11-19 00:00:00-05:00,10.0600004196167,10.109999656677246,10.0600004196167,10.09000015258789,52000,0.0,0.0
2021-11-22 00:00:00-05:00,10.09000015258789,10.09000015258789,10.09000015258789,10.09000015258789,57700,0.0,0.0
2021-11-23 00:00:00-05:00,10.088000297546387,10.088000297546387,10.083999633789062,10.083999633789062,9900,0.0,0.0
2021-11-24 00:00:00-05:00,10.095000267028809,10.095000267028809,10.069999694824219,10.09000015258789,58600,0.0,0.0
2021-11-26 00:00:00-05:00,10.069999694824219,10.069999694824219,10.069999694824219,10.069999694824219,1000,0.0,0.0
2021-11-29 00:00:00-05:00,10.069999694824219,10.069999694824219,10.069999694824219,10.069999694824219,0,0.0,0.0
2021-11-30 00:00:00-05:00,10.09000015258789,10.095000267028809,10.069999694824219,10.069999694824219,11200,0.0,0.0
2021-12-01 00:00:00-05:00,10.069999694824219,10.069999694824219,10.069999694824219,10.069999694824219,0,0.0,0.0
2021-12-02 00:00:00-05:00,10.109999656677246,10.109999656677246,10.109999656677246,10.109999656677246,200,0.0,0.0
2021-12-03 00:00:00-05:00,10.069999694824219,10.069999694824219,10.069999694824219,10.069999694824219,3600,0.0,0.0
2021-12-06 00:00:00-05:00,10.100000381469727,10.100000381469727,10.069999694824219,10.069999694824219,1300,0.0,0.0
2021-12-07 00:00:00-05:00,10.071999549865723,10.071999549865723,10.071999549865723,10.071999549865723,200,0.0,0.0
2021-12-08 00:00:00-05:00,10.069999694824219,10.079999923706055,10.069999694824219,10.069999694824219,8100,0.0,0.0
2021-12-09 00:00:00-05:00,10.119999885559082,10.119999885559082,10.069999694824219,10.09000015258789,86000,0.0,0.0
2021-12-10 00:00:00-05:00,10.119999885559082,10.119999885559082,10.069999694824219,10.069999694824219,10400,0.0,0.0
2021-12-13 00:00:00-05:00,10.109999656677246,10.109999656677246,10.069999694824219,10.069999694824219,11200,0.0,0.0
2021-12-14 00:00:00-05:00,10.069999694824219,10.069999694824219,10.069999694824219,10.069999694824219,0,0.0,0.0
2021-12-15 00:00:00-05:00,10.069999694824219,10.069999694824219,10.069999694824219,10.069999694824219,0,0.0,0.0
2021-12-16 00:00:00-05:00,10.0600004196167,10.095000267028809,10.0600004196167,10.0600004196167,52900,0.0,0.0
2021-12-17 00:00:00-05:00,10.0600004196167,10.09000015258789,10.0600004196167,10.09000015258789,8100,0.0,0.0
2021-12-20 00:00:00-05:00,10.09000015258789,10.09000015258789,10.09000015258789,10.09000015258789,0,0.0,0.0
2021-12-21 00:00:00-05:00,10.09000015258789,10.09000015258789,10.09000015258789,10.09000015258789,400,0.0,0.0
2021-12-22 00:00:00-05:00,10.069999694824219,10.069999694824219,10.069999694824219,10.069999694824219,16400,0.0,0.0
2021-12-23 00:00:00-05:00,10.109999656677246,10.109999656677246,10.0600004196167,10.095000267028809,60000,0.0,0.0
2021-12-27 00:00:00-05:00,10.095000267028809,10.095000267028809,10.095000267028809,10.095000267028809,0,0.0,0.0
2021-12-28 00:00:00-05:00,10.095000267028809,10.095000267028809,10.095000267028809,10.095000267028809,0,0.0,0.0
2021-12-29 00:00:00-05:00,10.095000267028809,10.095000267028809,10.095000267028809,10.095000267028809,0,0.0,0.0
2021-12-30 00:00:00-05:00,10.095000267028809,10.095000267028809,10.095000267028809,10.095000267028809,0,0.0,0.0
2021-12-31 00:00:00-05:00,10.100000381469727,10.100000381469727,10.100000381469727,10.100000381469727,34100,0.0,0.0
2022-01-03 00:00:00-05:00,10.067000389099121,10.067000389099121,10.067000389099121,10.067000389099121,200,0.0,0.0
2022-01-04 00:00:00-05:00,10.067000389099121,10.067000389099121,10.067000389099121,10.067000389099121,0,0.0,0.0
2022-01-05 00:00:00-05:00,10.109999656677246,10.109999656677246,10.109999656677246,10.109999656677246,100,0.0,0.0
2022-01-06 00:00:00-05:00,10.109999656677246,10.109999656677246,10.109999656677246,10.109999656677246,0,0.0,0.0
2022-01-07 00:00:00-05:00,10.109999656677246,10.109999656677246,10.109999656677246,10.109999656677246,0,0.0,0.0
2022-01-10 00:00:00-05:00,10.109999656677246,10.109999656677246,10.109999656677246,10.109999656677246,0,0.0,0.0
2022-01-11 00:00:00-05:00,10.109999656677246,10.109999656677246,10.109999656677246,10.109999656677246,0,0.0,0.0
2022-01-12 00:00:00-05:00,10.109999656677246,10.114999771118164,10.109999656677246,10.109999656677246,300,0.0,0.0
2022-01-13 00:00:00-05:00,10.069999694824219,10.074999809265137,10.069999694824219,10.074999809265137,3600,0.0,0.0
2022-01-14 00:00:00-05:00,10.095000267028809,10.119999885559082,10.079999923706055,10.09000015258789,230500,0.0,0.0
2022-01-18 00:00:00-05:00,10.100000381469727,10.109999656677246,10.100000381469727,10.109999656677246,42900,0.0,0.0
2022-01-19 00:00:00-05:00,10.119999885559082,10.119999885559082,10.109999656677246,10.109999656677246,700,0.0,0.0
2022-01-20 00:00:00-05:00,10.119999885559082,10.119999885559082,10.119999885559082,10.119999885559082,500,0.0,0.0
2022-01-21 00:00:00-05:00,10.109999656677246,10.109999656677246,10.100000381469727,10.100000381469727,76300,0.0,0.0
2022-01-24 00:00:00-05:00,10.100000381469727,10.130000114440918,10.100000381469727,10.114999771118164,3200,0.0,0.0
2022-01-25 00:00:00-05:00,10.119999885559082,10.119999885559082,10.119999885559082,10.119999885559082,27400,0.0,0.0
2022-01-26 00:00:00-05:00,10.119999885559082,10.119999885559082,10.119999885559082,10.119999885559082,0,0.0,0.0
2022-01-27 00:00:00-05:00,10.114999771118164,10.135000228881836,10.079999923706055,10.085000038146973,55700,0.0,0.0
2022-01-28 00:00:00-05:00,10.085000038146973,10.085000038146973,10.085000038146973,10.085000038146973,0,0.0,0.0
2022-01-31 00:00:00-05:00,10.085000038146973,10.085000038146973,10.085000038146973,10.085000038146973,0,0.0,0.0
2022-02-01 00:00:00-05:00,10.130000114440918,10.135000228881836,10.130000114440918,10.135000228881836,500,0.0,0.0
2022-02-02 00:00:00-05:00,10.130000114440918,10.144000053405762,10.130000114440918,10.135000228881836,12000,0.0,0.0
2022-02-03 00:00:00-05:00,10.140000343322754,10.140000343322754,10.140000343322754,10.140000343322754,47600,0.0,0.0
2022-02-04 00:00:00-05:00,10.140000343322754,10.140000343322754,10.140000343322754,10.140000343322754,0,0.0,0.0
2022-02-07 00:00:00-05:00,10.140000343322754,10.140000343322754,10.140000343322754,10.140000343322754,0,0.0,0.0
2022-02-08 00:00:00-05:00,10.140000343322754,10.140000343322754,10.130000114440918,10.130000114440918,6300,0.0,0.0
2022-02-09 00:00:00-05:00,10.130000114440918,10.130000114440918,10.130000114440918,10.130000114440918,0,0.0,0.0
2022-02-10 00:00:00-05:00,10.130000114440918,10.130000114440918,10.130000114440918,10.130000114440918,0,0.0,0.0
2022-02-11 00:00:00-05:00,10.130000114440918,10.130000114440918,10.130000114440918,10.130000114440918,0,0.0,0.0
2022-02-14 00:00:00-05:00,10.149999618530273,10.149999618530273,10.149999618530273,10.149999618530273,100,0.0,0.0
2022-02-15 00:00:00-05:00,10.149999618530273,10.149999618530273,10.149999618530273,10.149999618530273,0,0.0,0.0
2022-02-16 00:00:00-05:00,10.149999618530273,10.149999618530273,10.149999618530273,10.149999618530273,0,0.0,0.0
2022-02-17 00:00:00-05:00,10.149999618530273,10.149999618530273,10.149999618530273,10.149999618530273,0,0.0,0.0
2022-02-18 00:00:00-05:00,10.149999618530273,10.149999618530273,10.149999618530273,10.149999618530273,0,0.0,0.0
2022-02-22 00:00:00-05:00,10.149999618530273,10.149999618530273,10.149999618530273,10.149999618530273,0,0.0,0.0
2022-02-23 00:00:00-05:00,10.1899995803833,10.1899995803833,10.149999618530273,10.149999618530273,1300,0.0,0.0
2022-02-24 00:00:00-05:00,10.135000228881836,10.135000228881836,10.135000228881836,10.135000228881836,200,0.0,0.0
2022-02-25 00:00:00-05:00,10.135000228881836,10.135000228881836,10.119999885559082,10.119999885559082,1000,0.0,0.0
2022-02-28 00:00:00-05:00,10.140000343322754,10.149999618530273,10.130000114440918,10.149999618530273,19200,0.0,0.0
2022-03-01 00:00:00-05:00,10.149999618530273,10.194999694824219,10.149999618530273,10.149999618530273,500,0.0,0.0
2022-03-02 00:00:00-05:00,10.130000114440918,10.130000114440918,10.130000114440918,10.130000114440918,2500,0.0,0.0
2022-03-03 00:00:00-05:00,10.149999618530273,10.149999618530273,10.149999618530273,10.149999618530273,800,0.0,0.0
2022-03-04 00:00:00-05:00,10.149999618530273,10.149999618530273,10.149999618530273,10.149999618530273,0,0.0,0.0
2022-03-07 00:00:00-05:00,10.164999961853027,10.164999961853027,10.149999618530273,10.149999618530273,500,0.0,0.0
2022-03-08 00:00:00-05:00,10.149999618530273,10.149999618530273,10.149999618530273,10.149999618530273,0,0.0,0.0
2022-03-09 00:00:00-05:00,10.149999618530273,10.149999618530273,10.149999618530273,10.149999618530273,0,0.0,0.0
2022-03-10 00:00:00-05:00,10.149999618530273,10.149999618530273,10.149999618530273,10.149999618530273,0,0.0,0.0
2022-03-11 00:00:00-05:00,10.149999618530273,10.149999618530273,10.149999618530273,10.149999618530273,0,0.0,0.0
2022-03-14 00:00:00-04:00,10.170000076293945,10.170000076293945,10.15999984741211,10.15999984741211,800,0.0,0.0
2022-03-15 00:00:00-04:00,10.149999618530273,10.149999618530273,10.149999618530273,10.149999618530273,24100,0.0,0.0
2022-03-16 00:00:00-04:00,10.149999618530273,10.149999618530273,10.149999618530273,10.149999618530273,0,0.0,0.0
2022-03-17 00:00:00-04:00,10.149999618530273,10.149999618530273,10.149999618530273,10.149999618530273,0,0.0,0.0
2022-03-18 00:00:00-04:00,10.149999618530273,10.149999618530273,10.149999618530273,10.149999618530273,0,0.0,0.0
2022-03-21 00:00:00-04:00,10.149999618530273,10.149999618530273,10.149999618530273,10.149999618530273,0,0.0,0.0
2022-03-22 00:00:00-04:00,10.149999618530273,10.149999618530273,10.149999618530273,10.149999618530273,0,0.0,0.0
2022-03-23 00:00:00-04:00,10.149999618530273,10.164999961853027,10.149999618530273,10.164999961853027,14200,0.0,0.0
2022-03-24 00:00:00-04:00,10.15999984741211,10.15999984741211,10.15999984741211,10.15999984741211,100000,0.0,0.0
2022-03-25 00:00:00-04:00,10.15999984741211,10.15999984741211,10.15999984741211,10.15999984741211,56100,0.0,0.0
2022-03-28 00:00:00-04:00,10.170000076293945,10.170000076293945,10.170000076293945,10.170000076293945,12400,0.0,0.0
2022-03-29 00:00:00-04:00,10.170000076293945,10.170000076293945,10.170000076293945,10.170000076293945,0,0.0,0.0
2022-03-30 00:00:00-04:00,10.175000190734863,10.175000190734863,10.175000190734863,10.175000190734863,300,0.0,0.0
2022-03-31 00:00:00-04:00,10.175000190734863,10.175000190734863,10.175000190734863,10.175000190734863,0,0.0,0.0
2022-04-01 00:00:00-04:00,10.180000305175781,10.180000305175781,10.180000305175781,10.180000305175781,300,0.0,0.0
2022-04-04 00:00:00-04:00,10.180000305175781,10.180000305175781,10.180000305175781,10.180000305175781,8500,0.0,0.0
2022-04-05 00:00:00-04:00,10.180000305175781,10.180000305175781,10.180000305175781,10.180000305175781,2500,0.0,0.0
2022-04-06 00:00:00-04:00,10.170000076293945,10.180000305175781,10.170000076293945,10.178000450134277,13300,0.0,0.0
2022-04-07 00:00:00-04:00,10.180000305175781,10.180000305175781,10.180000305175781,10.180000305175781,35000,0.0,0.0
2022-04-08 00:00:00-04:00,10.180000305175781,10.1899995803833,10.180000305175781,10.1899995803833,5400,0.0,0.0
2022-04-11 00:00:00-04:00,10.1899995803833,10.1899995803833,10.1899995803833,10.1899995803833,2100,0.0,0.0
2022-04-12 00:00:00-04:00,10.1899995803833,10.1899995803833,10.1899995803833,10.1899995803833,200,0.0,0.0
2022-04-13 00:00:00-04:00,10.1899995803833,10.1899995803833,10.1899995803833,10.1899995803833,15300,0.0,0.0
2022-04-14 00:00:00-04:00,10.1899995803833,10.199999809265137,10.1899995803833,10.194999694824219,10100,0.0,0.0
2022-04-18 00:00:00-04:00,10.194999694824219,10.194999694824219,10.1899995803833,10.1899995803833,33500,0.0,0.0
2022-04-19 00:00:00-04:00,10.1899995803833,10.199999809265137,10.1899995803833,10.199999809265137,5200,0.0,0.0
2022-04-20 00:00:00-04:00,10.199999809265137,10.199999809265137,10.199999809265137,10.199999809265137,350100,0.0,0.0
2022-04-21 00:00:00-04:00,10.199999809265137,10.199999809265137,10.199999809265137,10.199999809265137,0,0.0,0.0
2022-04-22 00:00:00-04:00,10.199999809265137,10.199999809265137,10.199999809265137,10.199999809265137,2700,0.0,0.0
2022-04-25 00:00:00-04:00,10.210000038146973,10.220000267028809,10.210000038146973,10.210000038146973,107600,0.0,0.0
2022-04-26 00:00:00-04:00,10.210000038146973,10.234999656677246,10.210000038146973,10.210000038146973,85200,0.0,0.0
2022-04-27 00:00:00-04:00,10.210000038146973,10.210000038146973,10.210000038146973,10.210000038146973,700,0.0,0.0
2022-04-28 00:00:00-04:00,10.210000038146973,10.220000267028809,10.210000038146973,10.220000267028809,208300,0.0,0.0
2022-04-29 00:00:00-04:00,10.210000038146973,10.229999542236328,10.210000038146973,10.210000038146973,10900,0.0,0.0
2022-05-02 00:00:00-04:00,10.225000381469727,10.225000381469727,10.210000038146973,10.210000038146973,1200,0.0,0.0
2022-05-03 00:00:00-04:00,10.210000038146973,10.210000038146973,10.210000038146973,10.210000038146973,700,0.0,0.0
2022-05-04 00:00:00-04:00,10.210000038146973,10.210000038146973,10.210000038146973,10.210000038146973,0,0.0,0.0
2022-05-05 00:00:00-04:00,10.220000267028809,10.220000267028809,10.220000267028809,10.220000267028809,700,0.0,0.0
2022-05-06 00:00:00-04:00,10.220000267028809,10.220000267028809,10.220000267028809,10.220000267028809,7600,0.0,0.0
2022-05-09 00:00:00-04:00,10.220000267028809,10.220000267028809,10.210000038146973,10.220000267028809,12600,0.0,0.0
2022-05-10 00:00:00-04:00,10.210000038146973,10.229999542236328,10.210000038146973,10.229999542236328,22800,0.0,0.0
2022-05-11 00:00:00-04:00,10.229999542236328,10.229999542236328,10.229999542236328,10.229999542236328,0,0.0,0.0
2022-05-12 00:00:00-04:00,10.210000038146973,10.220000267028809,10.210000038146973,10.210000038146973,500,0.0,0.0
2022-05-13 00:00:00-04:00,10.210000038146973,10.210000038146973,10.210000038146973,10.210000038146973,200,0.0,0.0
2022-05-16 00:00:00-04:00,10.199999809265137,10.199999809265137,10.199999809265137,10.199999809265137,600,0.0,0.0
2022-05-17 00:00:00-04:00,10.199999809265137,10.199999809265137,10.199999809265137,10.199999809265137,0,0.0,0.0
2022-05-18 00:00:00-04:00,10.210000038146973,10.210000038146973,10.210000038146973,10.210000038146973,600,0.0,0.0
2022-05-19 00:00:00-04:00,10.210000038146973,10.210000038146973,10.210000038146973,10.210000038146973,600,0.0,0.0
2022-05-20 00:00:00-04:00,10.210000038146973,10.210000038146973,10.210000038146973,10.210000038146973,0,0.0,0.0
2022-05-23 00:00:00-04:00,10.210000038146973,10.210000038146973,10.210000038146973,10.210000038146973,0,0.0,0.0
2022-05-24 00:00:00-04:00,10.210000038146973,10.210000038146973,10.210000038146973,10.210000038146973,0,0.0,0.0
2022-05-25 00:00:00-04:00,10.229999542236328,10.229999542236328,10.229999542236328,10.229999542236328,1000,0.0,0.0
2022-05-26 00:00:00-04:00,10.229999542236328,10.229999542236328,10.229999542236328,10.229999542236328,0,0.0,0.0
2022-05-27 00:00:00-04:00,10.239999771118164,10.239999771118164,10.239999771118164,10.239999771118164,1000,0.0,0.0
2022-05-31 00:00:00-04:00,10.220000267028809,10.220000267028809,10.220000267028809,10.220000267028809,600,0.0,0.0
2022-06-01 00:00:00-04:00,10.229999542236328,10.229999542236328,10.220000267028809,10.220000267028809,18900,0.0,0.0
2022-06-02 00:00:00-04:00,10.239999771118164,10.239999771118164,10.229999542236328,10.239999771118164,11600,0.0,0.0
2022-06-03 00:00:00-04:00,10.25,10.25,10.229999542236328,10.229999542236328,700,0.0,0.0
2022-06-06 00:00:00-04:00,10.260000228881836,10.260000228881836,10.229999542236328,10.229999542236328,1000,0.0,0.0
2022-06-07 00:00:00-04:00,10.229999542236328,10.229999542236328,10.229999542236328,10.229999542236328,0,0.0,0.0
2022-06-08 00:00:00-04:00,10.239999771118164,10.239999771118164,10.239999771118164,10.239999771118164,2400,0.0,0.0
2022-06-09 00:00:00-04:00,10.25,10.25,10.229999542236328,10.229999542236328,300,0.0,0.0
2022-06-10 00:00:00-04:00,10.229999542236328,10.229999542236328,10.229999542236328,10.229999542236328,0,0.0,0.0
2022-06-13 00:00:00-04:00,10.229999542236328,10.229999542236328,10.229999542236328,10.229999542236328,0,0.0,0.0
2022-06-14 00:00:00-04:00,10.239999771118164,10.239999771118164,10.239999771118164,10.239999771118164,4300,0.0,0.0
2022-06-15 00:00:00-04:00,10.239999771118164,10.239999771118164,10.239999771118164,10.239999771118164,400,0.0,0.0
2022-06-16 00:00:00-04:00,10.244999885559082,10.244999885559082,10.244999885559082,10.244999885559082,400,0.0,0.0
2022-06-17 00:00:00-04:00,10.244999885559082,10.244999885559082,10.244999885559082,10.244999885559082,0,0.0,0.0
2022-06-21 00:00:00-04:00,10.239999771118164,10.239999771118164,10.239999771118164,10.239999771118164,6000,0.0,0.0
2022-06-22 00:00:00-04:00,10.239999771118164,10.239999771118164,10.239999771118164,10.239999771118164,1100,0.0,0.0
2022-06-23 00:00:00-04:00,10.239999771118164,10.239999771118164,10.239999771118164,10.239999771118164,0,0.0,0.0
2022-06-24 00:00:00-04:00,10.239999771118164,10.239999771118164,10.239999771118164,10.239999771118164,0,0.0,0.0
2022-06-27 00:00:00-04:00,10.239999771118164,10.239999771118164,10.239999771118164,10.239999771118164,0,0.0,0.0
2022-06-28 00:00:00-04:00,10.25,10.25,10.25,10.25,900,0.0,0.0
2022-06-29 00:00:00-04:00,10.25,10.25,10.25,10.25,0,0.0,0.0
2022-06-30 00:00:00-04:00,10.25,10.25,10.25,10.25,0,0.0,0.0
2022-07-01 00:00:00-04:00,10.260000228881836,10.260000228881836,10.260000228881836,10.260000228881836,10900,0.0,0.0
2022-07-05 00:00:00-04:00,10.260000228881836,10.260000228881836,10.260000228881836,10.260000228881836,0,0.0,0.0
2022-07-06 00:00:00-04:00,10.260000228881836,10.260000228881836,10.260000228881836,10.260000228881836,0,0.0,0.0
2022-07-07 00:00:00-04:00,10.260000228881836,10.260000228881836,10.260000228881836,10.260000228881836,0,0.0,0.0
2022-07-08 00:00:00-04:00,10.260000228881836,10.260000228881836,10.260000228881836,10.260000228881836,0,0.0,0.0
2022-07-11 00:00:00-04:00,10.260000228881836,10.260000228881836,10.260000228881836,10.260000228881836,0,0.0,0.0
2022-07-12 00:00:00-04:00,10.260000228881836,10.260000228881836,10.260000228881836,10.260000228881836,0,0.0,0.0
2022-07-13 00:00:00-04:00,10.260000228881836,10.260000228881836,10.260000228881836,10.260000228881836,0,0.0,0.0
2022-07-14 00:00:00-04:00,10.260000228881836,10.260000228881836,10.260000228881836,10.260000228881836,0,0.0,0.0
2022-07-15 00:00:00-04:00,10.279000282287598,10.279999732971191,10.274999618530273,10.279999732971191,13000,0.0,0.0
2022-07-18 00:00:00-04:00,10.279999732971191,10.279999732971191,10.279999732971191,10.279999732971191,0,0.0,0.0
2022-07-19 00:00:00-04:00,10.289999961853027,10.289999961853027,10.289999961853027,10.289999961853027,400,0.0,0.0
2022-07-20 00:00:00-04:00,10.289999961853027,10.289999961853027,10.289999961853027,10.289999961853027,0,0.0,0.0
2022-07-21 00:00:00-04:00,10.289999961853027,10.289999961853027,10.289999961853027,10.289999961853027,0,0.0,0.0
2022-07-22 00:00:00-04:00,10.289999961853027,10.289999961853027,10.289999961853027,10.289999961853027,0,0.0,0.0
2022-07-25 00:00:00-04:00,10.289999961853027,10.289999961853027,10.289999961853027,10.289999961853027,300,0.0,0.0
2022-07-26 00:00:00-04:00,10.300000190734863,10.300000190734863,10.289999961853027,10.289999961853027,16600,0.0,0.0
2022-07-27 00:00:00-04:00,10.300000190734863,10.300000190734863,10.300000190734863,10.300000190734863,100,0.0,0.0
2022-07-28 00:00:00-04:00,10.289999961853027,10.305000305175781,10.289999961853027,10.300000190734863,22800,0.0,0.0
2022-07-29 00:00:00-04:00,10.300000190734863,10.300000190734863,10.300000190734863,10.300000190734863,3700,0.0,0.0
2022-08-01 00:00:00-04:00,10.300000190734863,10.300000190734863,10.300000190734863,10.300000190734863,0,0.0,0.0
2022-08-02 00:00:00-04:00,10.300000190734863,10.300000190734863,10.300000190734863,10.300000190734863,0,0.0,0.0
2022-08-03 00:00:00-04:00,10.300000190734863,10.300000190734863,10.300000190734863,10.300000190734863,0,0.0,0.0
2022-08-04 00:00:00-04:00,10.300000190734863,10.300000190734863,10.300000190734863,10.300000190734863,0,0.0,0.0
2022-08-05 00:00:00-04:00,10.3100004196167,10.3100004196167,10.305000305175781,10.3100004196167,15500,0.0,0.0
2022-08-08 00:00:00-04:00,10.300000190734863,10.300000190734863,10.300000190734863,10.300000190734863,2500,0.0,0.0
2022-08-09 00:00:00-04:00,10.300000190734863,10.305000305175781,10.300000190734863,10.300000190734863,200,0.0,0.0
2022-08-10 00:00:00-04:00,10.300000190734863,10.300000190734863,10.300000190734863,10.300000190734863,100,0.0,0.0
2022-08-11 00:00:00-04:00,10.3100004196167,10.3100004196167,10.3100004196167,10.3100004196167,700,0.0,0.0
2022-08-12 00:00:00-04:00,10.3100004196167,10.3100004196167,10.3100004196167,10.3100004196167,100,0.0,0.0
2022-08-15 00:00:00-04:00,10.319999694824219,10.319999694824219,10.319999694824219,10.319999694824219,1100,0.0,0.0
2022-08-16 00:00:00-04:00,10.319999694824219,10.319999694824219,10.319999694824219,10.319999694824219,0,0.0,0.0
2022-08-17 00:00:00-04:00,10.329999923706055,10.329999923706055,10.329999923706055,10.329999923706055,11000,0.0,0.0
2022-08-18 00:00:00-04:00,10.329999923706055,10.329999923706055,10.329999923706055,10.329999923706055,0,0.0,0.0
2022-08-19 00:00:00-04:00,10.335000038146973,10.34000015258789,10.335000038146973,10.34000015258789,7500,0.0,0.0
2022-08-22 00:00:00-04:00,10.333000183105469,10.333000183105469,10.333000183105469,10.333000183105469,600,0.0,0.0
2022-08-23 00:00:00-04:00,10.333000183105469,10.333000183105469,10.333000183105469,10.333000183105469,0,0.0,0.0
2022-08-24 00:00:00-04:00,10.333000183105469,10.333000183105469,10.333000183105469,10.333000183105469,0,0.0,0.0
2022-08-25 00:00:00-04:00,10.329999923706055,10.329999923706055,10.329999923706055,10.329999923706055,1400,0.0,0.0
2022-08-26 00:00:00-04:00,10.34000015258789,10.34000015258789,10.34000015258789,10.34000015258789,1000,0.0,0.0
2022-08-29 00:00:00-04:00,10.34000015258789,10.34000015258789,10.34000015258789,10.34000015258789,0,0.0,0.0
2022-08-30 00:00:00-04:00,10.34000015258789,10.34000015258789,10.34000015258789,10.34000015258789,200,0.0,0.0
2022-08-31 00:00:00-04:00,10.34000015258789,10.34000015258789,10.34000015258789,10.34000015258789,400,0.0,0.0
2022-09-01 00:00:00-04:00,10.34000015258789,10.34000015258789,10.34000015258789,10.34000015258789,0,0.0,0.0
2022-09-02 00:00:00-04:00,10.350000381469727,10.350000381469727,10.329999923706055,10.350000381469727,4100,0.0,0.0
2022-09-06 00:00:00-04:00,10.350000381469727,10.350000381469727,10.34000015258789,10.34000015258789,3000,0.0,0.0
2022-09-07 00:00:00-04:00,10.350000381469727,10.350000381469727,10.350000381469727,10.350000381469727,500,0.0,0.0
2022-09-08 00:00:00-04:00,10.350000381469727,10.350000381469727,10.34000015258789,10.34000015258789,3300,0.0,0.0
2022-09-09 00:00:00-04:00,10.359999656677246,10.359999656677246,10.359999656677246,10.359999656677246,600,0.0,0.0
2022-09-12 00:00:00-04:00,10.359999656677246,10.359999656677246,10.359999656677246,10.359999656677246,2700,0.0,0.0
2022-09-13 00:00:00-04:00,10.359999656677246,10.359999656677246,10.34000015258789,10.350000381469727,42700,0.0,0.0
2022-09-14 00:00:00-04:00,10.350000381469727,10.354999542236328,10.350000381469727,10.354999542236328,19400,0.0,0.0
2022-09-15 00:00:00-04:00,10.359999656677246,10.359999656677246,10.359999656677246,10.359999656677246,400,0.0,0.0
2022-09-16 00:00:00-04:00,10.359999656677246,10.359999656677246,10.359999656677246,10.359999656677246,0,0.0,0.0
2022-09-19 00:00:00-04:00,10.359999656677246,10.359999656677246,10.359999656677246,10.359999656677246,9000,0.0,0.0
2022-09-20 00:00:00-04:00,10.369999885559082,10.369999885559082,10.359999656677246,10.359999656677246,30600,0.0,0.0
2022-09-21 00:00:00-04:00,10.359999656677246,10.359999656677246,10.359999656677246,10.359999656677246,0,0.0,0.0
2022-09-22 00:00:00-04:00,10.359999656677246,10.359999656677246,10.359999656677246,10.359999656677246,0,0.0,0.0
2022-09-23 00:00:00-04:00,10.359999656677246,10.359999656677246,10.359999656677246,10.359999656677246,0,0.0,0.0
2022-09-26 00:00:00-04:00,10.359999656677246,10.359999656677246,10.359999656677246,10.359999656677246,300,0.0,0.0
2022-09-27 00:00:00-04:00,10.359999656677246,10.359999656677246,10.359999656677246,10.359999656677246,11700,0.0,0.0
2022-09-28 00:00:00-04:00,10.369999885559082,10.369999885559082,10.359999656677246,10.369999885559082,1700,0.0,0.0
2022-09-29 00:00:00-04:00,10.359999656677246,10.359999656677246,10.359999656677246,10.359999656677246,11200,0.0,0.0
2022-09-30 00:00:00-04:00,10.359999656677246,10.359999656677246,10.359999656677246,10.359999656677246,11900,0.0,0.0
2022-10-03 00:00:00-04:00,10.369999885559082,10.369999885559082,10.369999885559082,10.369999885559082,4600,0.0,0.0
2022-10-04 00:00:00-04:00,10.390000343322754,10.390000343322754,10.369999885559082,10.380000114440918,19200,0.0,0.0
2022-10-05 00:00:00-04:00,10.380000114440918,10.380000114440918,10.380000114440918,10.380000114440918,0,0.0,0.0
2022-10-06 00:00:00-04:00,10.390000343322754,10.399999618530273,10.390000343322754,10.399999618530273,11200,0.0,0.0
2022-10-07 00:00:00-04:00,10.399999618530273,10.399999618530273,10.399999618530273,10.399999618530273,0,0.0,0.0
2022-10-10 00:00:00-04:00,10.399999618530273,10.40999984741211,10.399999618530273,10.40999984741211,2000,0.0,0.0
2022-10-11 00:00:00-04:00,10.399999618530273,10.40999984741211,10.399999618530273,10.399999618530273,5900,0.0,0.0
2022-10-12 00:00:00-04:00,10.40999984741211,10.40999984741211,10.40999984741211,10.40999984741211,700,0.0,0.0
2022-10-13 00:00:00-04:00,10.399999618530273,10.399999618530273,10.399999618530273,10.399999618530273,356800,0.0,0.0
2022-10-14 00:00:00-04:00,10.420000076293945,10.420000076293945,10.399999618530273,10.399999618530273,6500,0.0,0.0
2022-10-17 00:00:00-04:00,10.420000076293945,10.420000076293945,10.420000076293945,10.420000076293945,200,0.0,0.0
2022-10-18 00:00:00-04:00,10.420000076293945,10.420000076293945,10.420000076293945,10.420000076293945,0,0.0,0.0
2022-10-19 00:00:00-04:00,10.40999984741211,10.40999984741211,10.40999984741211,10.40999984741211,151000,0.0,0.0
2022-10-20 00:00:00-04:00,10.40999984741211,10.40999984741211,10.40999984741211,10.40999984741211,0,0.0,0.0
2022-10-21 00:00:00-04:00,10.413999557495117,10.420000076293945,10.399999618530273,10.420000076293945,41900,0.0,0.0
2022-10-24 00:00:00-04:00,10.420000076293945,10.420000076293945,10.420000076293945,10.420000076293945,0,0.0,0.0
2022-10-25 00:00:00-04:00,10.420000076293945,10.420000076293945,10.420000076293945,10.420000076293945,200,0.0,0.0
2022-10-26 00:00:00-04:00,10.4399995803833,10.4399995803833,10.4399995803833,10.4399995803833,100,0.0,0.0
2022-10-27 00:00:00-04:00,10.430000305175781,10.430000305175781,10.430000305175781,10.430000305175781,400,0.0,0.0
2022-10-28 00:00:00-04:00,10.430000305175781,10.430000305175781,10.420000076293945,10.430000305175781,191100,0.0,0.0
2022-10-31 00:00:00-04:00,10.430000305175781,10.430000305175781,10.430000305175781,10.430000305175781,17800,0.0,0.0
2022-11-01 00:00:00-04:00,10.430000305175781,10.430000305175781,10.420000076293945,10.420000076293945,29700,0.0,0.0
2022-11-02 00:00:00-04:00,10.420000076293945,10.420000076293945,10.40999984741211,10.420000076293945,43800,0.0,0.0
2022-11-03 00:00:00-04:00,10.420000076293945,10.420000076293945,10.40999984741211,10.40999984741211,60700,0.0,0.0
2022-11-04 00:00:00-04:00,10.420000076293945,10.4399995803833,10.40999984741211,10.4399995803833,35800,0.0,0.0
2022-11-07 00:00:00-05:00,10.4399995803833,10.4399995803833,10.4399995803833,10.4399995803833,0,0.0,0.0
2022-11-08 00:00:00-05:00,10.460000038146973,10.479999542236328,10.399999618530273,10.449999809265137,656200,0.0,0.0
2022-11-09 00:00:00-05:00,10.449999809265137,10.460000038146973,10.449999809265137,10.449999809265137,118400,0.0,0.0
2022-11-10 00:00:00-05:00,10.449999809265137,10.449999809265137,10.449999809265137,10.449999809265137,0,0.0,0.0
2022-11-11 00:00:00-05:00,10.449999809265137,10.449999809265137,10.449999809265137,10.449999809265137,0,0.0,0.0
2022-11-14 00:00:00-05:00,10.479999542236328,10.479999542236328,10.479999542236328,10.479999542236328,140000,0.0,0.0
2022-11-15 00:00:00-05:00,10.550000190734863,10.5600004196167,10.460000038146973,10.460000038146973,1900,0.0,0.0
2022-11-16 00:00:00-05:00,10.5,10.5,10.5,10.5,400,0.0,0.0
2022-11-17 00:00:00-05:00,10.5,10.5,10.5,10.5,0,0.0,0.0
2022-11-18 00:00:00-05:00,10.5,10.5,10.5,10.5,0,0.0,0.0
2022-11-21 00:00:00-05:00,10.460000038146973,10.460000038146973,10.4399995803833,10.4399995803833,2500,0.0,0.0
2022-11-22 00:00:00-05:00,10.4399995803833,10.4399995803833,10.4399995803833,10.4399995803833,100,0.0,0.0
2022-11-23 00:00:00-05:00,10.4399995803833,10.4399995803833,10.4399995803833,10.4399995803833,1200,0.0,0.0
2022-11-25 00:00:00-05:00,10.4399995803833,10.4399995803833,10.4399995803833,10.4399995803833,0,0.0,0.0
2022-11-28 00:00:00-05:00,10.4399995803833,10.4399995803833,10.4399995803833,10.4399995803833,200,0.0,0.0
2022-11-29 00:00:00-05:00,10.4399995803833,10.4399995803833,10.4399995803833,10.4399995803833,0,0.0,0.0
2022-11-30 00:00:00-05:00,10.489999771118164,10.489999771118164,10.489999771118164,10.489999771118164,400,0.0,0.0
2022-12-01 00:00:00-05:00,10.489999771118164,10.489999771118164,10.489999771118164,10.489999771118164,0,0.0,0.0
2022-12-02 00:00:00-05:00,10.4399995803833,10.4399995803833,10.4399995803833,10.4399995803833,100,0.0,0.0
2022-12-05 00:00:00-05:00,10.4399995803833,10.4399995803833,10.4399995803833,10.4399995803833,0,0.0,0.0
2022-12-06 00:00:00-05:00,10.4399995803833,10.4399995803833,10.4399995803833,10.4399995803833,0,0.0,0.0
2022-12-07 00:00:00-05:00,10.4399995803833,10.4399995803833,10.4399995803833,10.4399995803833,0,0.0,0.0
2022-12-08 00:00:00-05:00,10.510000228881836,10.510000228881836,10.510000228881836,10.510000228881836,200,0.0,0.0
2022-12-09 00:00:00-05:00,10.510000228881836,10.510000228881836,10.510000228881836,10.510000228881836,0,0.0,0.0
2022-12-12 00:00:00-05:00,10.510000228881836,10.510000228881836,10.510000228881836,10.510000228881836,0,0.0,0.0
2022-12-13 00:00:00-05:00,10.510000228881836,10.510000228881836,10.510000228881836,10.510000228881836,0,0.0,0.0
2022-12-14 00:00:00-05:00,10.4399995803833,10.4399995803833,10.4399995803833,10.4399995803833,200,0.0,0.0
2022-12-15 00:00:00-05:00,10.4399995803833,10.4399995803833,10.4399995803833,10.4399995803833,8500,0.0,0.0
2022-12-16 00:00:00-05:00,10.4399995803833,10.4399995803833,10.4399995803833,10.4399995803833,0,0.0,0.0
2022-12-19 00:00:00-05:00,10.4399995803833,10.4399995803833,10.4399995803833,10.4399995803833,0,0.0,0.0
2022-12-20 00:00:00-05:00,10.4399995803833,10.4399995803833,10.4399995803833,10.4399995803833,0,0.0,0.0
2022-12-21 00:00:00-05:00,10.4399995803833,10.4399995803833,10.4399995803833,10.4399995803833,0,0.0,0.0
2022-12-22 00:00:00-05:00,10.4399995803833,10.4399995803833,10.4399995803833,10.4399995803833,100,0.0,0.0
2022-12-23 00:00:00-05:00,10.4399995803833,10.4399995803833,10.4399995803833,10.4399995803833,100,0.0,0.0
2022-12-27 00:00:00-05:00,10.4399995803833,10.4399995803833,10.4399995803833,10.4399995803833,600,0.0,0.0
2022-12-28 00:00:00-05:00,10.4399995803833,10.4399995803833,10.4399995803833,10.4399995803833,200,0.0,0.0
2022-12-29 00:00:00-05:00,10.4399995803833,10.4399995803833,10.4399995803833,10.4399995803833,0,0.0,0.0
2022-12-30 00:00:00-05:00,10.4399995803833,10.4399995803833,10.4399995803833,10.4399995803833,0,0.0,0.0
2023-01-03 00:00:00-05:00,10.4399995803833,10.4399995803833,10.4399995803833,10.4399995803833,300,0.0,0.0
2023-01-04 00:00:00-05:00,10.4399995803833,10.4399995803833,10.4399995803833,10.4399995803833,500,0.0,0.0
2023-01-05 00:00:00-05:00,10.449999809265137,10.449999809265137,10.449999809265137,10.449999809265137,200,0.0,0.0
2023-01-06 00:00:00-05:00,10.449999809265137,10.449999809265137,10.449999809265137,10.449999809265137,0,0.0,0.0
2023-01-09 00:00:00-05:00,10.449999809265137,10.449999809265137,10.449999809265137,10.449999809265137,0,0.0,0.0
2023-01-10 00:00:00-05:00,10.449999809265137,10.449999809265137,10.449999809265137,10.449999809265137,100,0.0,0.0
2023-01-11 00:00:00-05:00,10.479999542236328,10.479999542236328,10.470000267028809,10.479999542236328,1600,0.0,0.0
2023-01-12 00:00:00-05:00,10.479999542236328,10.520000457763672,10.479999542236328,10.520000457763672,124100,0.0,0.0
2023-01-13 00:00:00-05:00,10.520000457763672,10.520000457763672,10.520000457763672,10.520000457763672,0,0.0,0.0
2023-01-17 00:00:00-05:00,10.520000457763672,10.520000457763672,10.520000457763672,10.520000457763672,0,0.0,0.0
2023-01-18 00:00:00-05:00,10.529999732971191,10.569999694824219,10.529999732971191,10.550000190734863,10400,0.0,0.0
2023-01-19 00:00:00-05:00,10.5600004196167,10.569999694824219,10.5600004196167,10.569999694824219,900,0.0,0.0
2023-01-20 00:00:00-05:00,10.550000190734863,10.550000190734863,10.550000190734863,10.550000190734863,1000,0.0,0.0
2023-01-23 00:00:00-05:00,10.569999694824219,10.585000038146973,10.569999694824219,10.585000038146973,1900,0.0,0.0
2023-01-24 00:00:00-05:00,10.579999923706055,10.59000015258789,10.579999923706055,10.59000015258789,1600,0.0,0.0
2023-01-25 00:00:00-05:00,10.59000015258789,10.59000015258789,10.59000015258789,10.59000015258789,0,0.0,0.0
2023-01-26 00:00:00-05:00,10.579999923706055,10.579999923706055,10.579999923706055,10.579999923706055,400,0.0,0.0
2023-01-27 00:00:00-05:00,10.59000015258789,10.600000381469727,10.59000015258789,10.600000381469727,2700,0.0,0.0
2023-01-30 00:00:00-05:00,10.619999885559082,10.619999885559082,10.619999885559082,10.619999885559082,300,0.0,0.0
2023-01-31 00:00:00-05:00,10.619999885559082,10.619999885559082,10.600000381469727,10.600000381469727,134900,0.0,0.0
2023-02-01 00:00:00-05:00,10.59000015258789,10.59000015258789,10.579999923706055,10.59000015258789,2300,0.0,0.0
2023-02-02 00:00:00-05:00,10.59000015258789,10.59000015258789,10.59000015258789,10.59000015258789,200,0.0,0.0
2023-02-03 00:00:00-05:00,10.619999885559082,10.619999885559082,10.604999542236328,10.609999656677246,1000,0.0,0.0
2023-02-06 00:00:00-05:00,10.609999656677246,10.609999656677246,10.609999656677246,10.609999656677246,0,0.0,0.0
2023-02-07 00:00:00-05:00,10.619999885559082,10.619999885559082,10.614999771118164,10.619999885559082,120500,0.0,0.0
2023-02-08 00:00:00-05:00,10.619999885559082,10.619999885559082,10.619999885559082,10.619999885559082,0,0.0,0.0
2023-02-09 00:00:00-05:00,10.609999656677246,10.609999656677246,10.609999656677246,10.609999656677246,1500,0.0,0.0
2023-02-10 00:00:00-05:00,10.609999656677246,10.609999656677246,10.609999656677246,10.609999656677246,1200,0.0,0.0
2023-02-13 00:00:00-05:00,10.609999656677246,10.609999656677246,10.609999656677246,10.609999656677246,0,0.0,0.0
2023-02-14 00:00:00-05:00,10.625,10.625,10.625,10.625,100,0.0,0.0
2023-02-15 00:00:00-05:00,10.625,10.625,10.625,10.625,100,0.0,0.0
2023-02-16 00:00:00-05:00,10.625,10.625,10.625,10.625,0,0.0,0.0
2023-02-17 00:00:00-05:00,10.625,10.625,10.625,10.625,100,0.0,0.0
2023-02-21 00:00:00-05:00,10.625,10.625,10.625,10.625,0,0.0,0.0
2023-02-22 00:00:00-05:00,10.630000114440918,10.630000114440918,10.630000114440918,10.630000114440918,100,0.0,0.0
2023-02-23 00:00:00-05:00,10.630000114440918,10.630000114440918,10.630000114440918,10.630000114440918,0,0.0,0.0
2023-02-24 00:00:00-05:00,10.630000114440918,10.630000114440918,10.630000114440918,10.630000114440918,0,0.0,0.0
2023-02-27 00:00:00-05:00,10.630000114440918,10.630000114440918,10.630000114440918,10.630000114440918,200,0.0,0.0
2023-02-28 00:00:00-05:00,10.630000114440918,10.630000114440918,10.630000114440918,10.630000114440918,0,0.0,0.0
2023-03-01 00:00:00-05:00,10.649999618530273,10.680000305175781,10.649999618530273,10.675000190734863,42700,0.0,0.0
2023-03-02 00:00:00-05:00,10.670000076293945,10.670000076293945,10.670000076293945,10.670000076293945,2700,0.0,0.0
2023-03-03 00:00:00-05:00,10.680000305175781,10.6899995803833,10.680000305175781,10.6899995803833,2100,0.0,0.0
2023-03-06 00:00:00-05:00,10.699999809265137,10.699999809265137,10.6899995803833,10.6899995803833,1200,0.0,0.0
2023-03-07 00:00:00-05:00,10.6899995803833,10.6899995803833,10.6899995803833,10.6899995803833,0,0.0,0.0
2023-03-08 00:00:00-05:00,10.6899995803833,10.6899995803833,10.6899995803833,10.6899995803833,0,0.0,0.0
2023-03-09 00:00:00-05:00,10.6899995803833,10.6899995803833,10.6899995803833,10.6899995803833,100,0.0,0.0
2023-03-10 00:00:00-05:00,10.6899995803833,10.6899995803833,10.6899995803833,10.6899995803833,0,0.0,0.0
2023-03-13 00:00:00-04:00,10.6899995803833,10.6899995803833,10.6899995803833,10.6899995803833,0,0.0,0.0
2023-03-14 00:00:00-04:00,10.649999618530273,10.649999618530273,10.649999618530273,10.649999618530273,100,0.0,0.0
2023-03-15 00:00:00-04:00,10.649999618530273,10.649999618530273,10.649999618530273,10.649999618530273,0,0.0,0.0
2023-03-16 00:00:00-04:00,10.649999618530273,10.649999618530273,10.649999618530273,10.649999618530273,0,0.0,0.0
2023-03-17 00:00:00-04:00,10.649999618530273,10.649999618530273,10.649999618530273,10.649999618530273,0,0.0,0.0
2023-03-20 00:00:00-04:00,10.649999618530273,10.649999618530273,10.649999618530273,10.649999618530273,0,0.0,0.0
2023-03-21 00:00:00-04:00,10.649999618530273,10.649999618530273,10.649999618530273,10.649999618530273,100,0.0,0.0
2023-03-22 00:00:00-04:00,10.649999618530273,10.649999618530273,10.649999618530273,10.649999618530273,100,0.0,0.0
2023-03-23 00:00:00-04:00,10.649999618530273,10.649999618530273,10.649999618530273,10.649999618530273,100,0.0,0.0
2023-03-24 00:00:00-04:00,10.649999618530273,10.649999618530273,10.649999618530273,10.649999618530273,100,0.0,0.0
2023-03-27 00:00:00-04:00,10.65999984741211,10.65999984741211,10.65999984741211,10.65999984741211,1400,0.0,0.0
2023-03-28 00:00:00-04:00,10.729999542236328,10.729999542236328,10.729999542236328,10.729999542236328,600,0.0,0.0
2023-03-29 00:00:00-04:00,10.65999984741211,10.65999984741211,10.649999618530273,10.65999984741211,6500,0.0,0.0
2023-03-30 00:00:00-04:00,10.65999984741211,10.65999984741211,10.65999984741211,10.65999984741211,0,0.0,0.0
2023-03-31 00:00:00-04:00,10.6899995803833,10.6899995803833,10.6899995803833,10.6899995803833,100,0.0,0.0
2023-04-03 00:00:00-04:00,10.710000038146973,10.729999542236328,10.694999694824219,10.729999542236328,6000,0.0,0.0
2023-04-04 00:00:00-04:00,10.729999542236328,10.729999542236328,10.729999542236328,10.729999542236328,0,0.0,0.0
2023-04-05 00:00:00-04:00,10.680000305175781,10.729999542236328,10.680000305175781,10.729999542236328,7100,0.0,0.0
2023-04-06 00:00:00-04:00,10.729999542236328,10.729999542236328,10.729999542236328,10.729999542236328,0,0.0,0.0
2023-04-10 00:00:00-04:00,10.739999771118164,10.739999771118164,10.729999542236328,10.739999771118164,4000,0.0,0.0
2023-04-11 00:00:00-04:00,10.699999809265137,10.739999771118164,10.699999809265137,10.739999771118164,1800,0.0,0.0
2023-04-12 00:00:00-04:00,10.739999771118164,10.739999771118164,10.739999771118164,10.739999771118164,0,0.0,0.0
2023-04-13 00:00:00-04:00,10.739999771118164,10.739999771118164,10.739999771118164,10.739999771118164,0,0.0,0.0
2023-04-14 00:00:00-04:00,10.739999771118164,10.739999771118164,10.739999771118164,10.739999771118164,0,0.0,0.0
2023-04-17 00:00:00-04:00,10.739999771118164,10.739999771118164,10.739999771118164,10.739999771118164,0,0.0,0.0
2023-04-18 00:00:00-04:00,10.739999771118164,10.739999771118164,10.739999771118164,10.739999771118164,0,0.0,0.0
2023-04-19 00:00:00-04:00,10.699999809265137,10.699999809265137,10.699999809265137,10.699999809265137,100,0.0,0.0
2023-04-20 00:00:00-04:00,10.699999809265137,10.699999809265137,10.699999809265137,10.699999809265137,0,0.0,0.0
2023-04-21 00:00:00-04:00,10.699999809265137,10.739999771118164,10.699999809265137,10.699999809265137,400,0.0,0.0
2023-04-24 00:00:00-04:00,10.75,10.75,10.75,10.75,3400,0.0,0.0
2023-04-25 00:00:00-04:00,10.75,10.75,10.75,10.75,0,0.0,0.0
2023-04-26 00:00:00-04:00,10.699999809265137,10.699999809265137,10.699999809265137,10.699999809265137,100,0.0,0.0
2023-04-27 00:00:00-04:00,10.744999885559082,10.744999885559082,10.739999771118164,10.739999771118164,1000,0.0,0.0
2023-04-28 00:00:00-04:00,10.699999809265137,10.699999809265137,10.699999809265137,10.699999809265137,100,0.0,0.0
2023-05-01 00:00:00-04:00,10.75,10.75,10.710000038146973,10.729999542236328,400,0.0,0.0
2023-05-02 00:00:00-04:00,10.75,10.770000457763672,10.75,10.770000457763672,5700,0.0,0.0
2023-05-03 00:00:00-04:00,10.739999771118164,10.739999771118164,10.739999771118164,10.739999771118164,700,0.0,0.0
2023-05-04 00:00:00-04:00,10.789999961853027,10.789999961853027,10.789999961853027,10.789999961853027,500,0.0,0.0
2023-05-05 00:00:00-04:00,10.739999771118164,10.739999771118164,10.739999771118164,10.739999771118164,300,0.0,0.0
2023-05-08 00:00:00-04:00,10.739999771118164,10.739999771118164,10.739999771118164,10.739999771118164,0,0.0,0.0
2023-05-09 00:00:00-04:00,10.739999771118164,10.739999771118164,10.739999771118164,10.739999771118164,0,0.0,0.0
2023-05-10 00:00:00-04:00,10.795000076293945,10.800000190734863,10.795000076293945,10.800000190734863,300,0.0,0.0
2023-05-11 00:00:00-04:00,10.850000381469727,10.850000381469727,10.850000381469727,10.850000381469727,2600,0.0,0.0
2023-05-12 00:00:00-04:00,10.880000114440918,10.920000076293945,10.880000114440918,10.920000076293945,1400,0.0,0.0
2023-05-15 00:00:00-04:00,10.88700008392334,10.88700008392334,10.88700008392334,10.88700008392334,300,0.0,0.0
2023-05-16 00:00:00-04:00,10.88700008392334,10.88700008392334,10.88700008392334,10.88700008392334,0,0.0,0.0
2023-05-17 00:00:00-04:00,10.920000076293945,10.970000267028809,10.920000076293945,10.9399995803833,118100,0.0,0.0
2023-05-18 00:00:00-04:00,10.9399995803833,10.9399995803833,10.9399995803833,10.9399995803833,0,0.0,0.0
2023-05-19 00:00:00-04:00,10.9399995803833,10.9399995803833,10.9399995803833,10.9399995803833,0,0.0,0.0
2023-05-22 00:00:00-04:00,10.9399995803833,10.9399995803833,10.9399995803833,10.9399995803833,0,0.0,0.0
2023-05-23 00:00:00-04:00,10.899999618530273,10.899999618530273,10.899999618530273,10.899999618530273,1800,0.0,0.0
2023-05-24 00:00:00-04:00,10.899999618530273,10.899999618530273,10.899999618530273,10.899999618530273,0,0.0,0.0
2023-05-25 00:00:00-04:00,10.899999618530273,10.930000305175781,10.899999618530273,10.930000305175781,800,0.0,0.0
2023-05-26 00:00:00-04:00,10.920000076293945,10.979999542236328,10.920000076293945,10.920000076293945,70000,0.0,0.0
2023-05-30 00:00:00-04:00,10.920000076293945,10.920000076293945,10.920000076293945,10.920000076293945,100,0.0,0.0
2023-05-31 00:00:00-04:00,10.819999694824219,10.819999694824219,10.800000190734863,10.800000190734863,700,0.0,0.0
2023-06-01 00:00:00-04:00,10.800000190734863,10.800000190734863,10.800000190734863,10.800000190734863,0,0.0,0.0
2023-06-02 00:00:00-04:00,10.800000190734863,10.800000190734863,10.800000190734863,10.800000190734863,0,0.0,0.0
2023-06-05 00:00:00-04:00,10.800000190734863,10.800000190734863,10.800000190734863,10.800000190734863,0,0.0,0.0
2023-06-06 00:00:00-04:00,10.869999885559082,10.930000305175781,10.859999656677246,10.930000305175781,7900,0.0,0.0
2023-06-07 00:00:00-04:00,10.930000305175781,10.930000305175781,10.930000305175781,10.930000305175781,0,0.0,0.0
2023-06-08 00:00:00-04:00,10.930000305175781,10.930000305175781,10.930000305175781,10.930000305175781,100,0.0,0.0
2023-06-09 00:00:00-04:00,10.904999732971191,10.904999732971191,10.904999732971191,10.904999732971191,800,0.0,0.0
2023-06-12 00:00:00-04:00,10.904999732971191,10.904999732971191,10.904999732971191,10.904999732971191,0,0.0,0.0
2023-06-13 00:00:00-04:00,10.904999732971191,10.904999732971191,10.904999732971191,10.904999732971191,0,0.0,0.0
2023-06-14 00:00:00-04:00,10.904999732971191,10.904999732971191,10.904999732971191,10.904999732971191,0,0.0,0.0
2023-06-15 00:00:00-04:00,10.904999732971191,10.904999732971191,10.904999732971191,10.904999732971191,0,0.0,0.0
2023-06-16 00:00:00-04:00,10.904999732971191,10.904999732971191,10.904999732971191,10.904999732971191,0,0.0,0.0
2023-06-20 00:00:00-04:00,10.9399995803833,10.9399995803833,10.9399995803833,10.9399995803833,2200,0.0,0.0
2023-06-21 00:00:00-04:00,10.9399995803833,10.9399995803833,10.9399995803833,10.9399995803833,0,0.0,0.0
2023-06-22 00:00:00-04:00,10.9399995803833,10.9399995803833,10.9399995803833,10.9399995803833,100,0.0,0.0
2023-06-23 00:00:00-04:00,10.9399995803833,10.9399995803833,10.9399995803833,10.9399995803833,0,0.0,0.0
2023-06-26 00:00:00-04:00,10.890000343322754,10.890000343322754,10.890000343322754,10.890000343322754,300,0.0,0.0
2023-06-27 00:00:00-04:00,10.890000343322754,10.890000343322754,10.890000343322754,10.890000343322754,0,0.0,0.0
2023-06-28 00:00:00-04:00,10.890000343322754,10.890000343322754,10.890000343322754,10.890000343322754,0,0.0,0.0
2023-06-29 00:00:00-04:00,10.890000343322754,10.890000343322754,10.890000343322754,10.890000343322754,0,0.0,0.0
2023-06-30 00:00:00-04:00,10.890000343322754,10.890000343322754,10.890000343322754,10.890000343322754,0,0.0,0.0
2023-07-03 00:00:00-04:00,10.890000343322754,10.890000343322754,10.890000343322754,10.890000343322754,0,0.0,0.0
2023-07-05 00:00:00-04:00,10.9399995803833,10.9399995803833,10.930000305175781,10.930000305175781,3900,0.0,0.0
2023-07-06 00:00:00-04:00,10.9399995803833,10.949999809265137,10.9399995803833,10.949999809265137,9100,0.0,0.0
2023-07-07 00:00:00-04:00,10.949999809265137,10.949999809265137,10.949999809265137,10.949999809265137,0,0.0,0.0
2023-07-10 00:00:00-04:00,10.949999809265137,10.949999809265137,10.949999809265137,10.949999809265137,0,0.0,0.0
2023-07-11 00:00:00-04:00,10.949999809265137,10.949999809265137,10.949999809265137,10.949999809265137,100,0.0,0.0
2023-07-12 00:00:00-04:00,10.949999809265137,10.949999809265137,10.949999809265137,10.949999809265137,0,0.0,0.0
2023-07-13 00:00:00-04:00,10.949999809265137,10.949999809265137,10.949999809265137,10.949999809265137,0,0.0,0.0
2023-07-14 00:00:00-04:00,10.949999809265137,10.949999809265137,10.949999809265137,10.949999809265137,100,0.0,0.0
2023-07-17 00:00:00-04:00,10.949999809265137,10.949999809265137,10.949999809265137,10.949999809265137,0,0.0,0.0
2023-07-18 00:00:00-04:00,10.949999809265137,10.949999809265137,10.949999809265137,10.949999809265137,100,0.0,0.0
2023-07-19 00:00:00-04:00,10.979999542236328,11.503000259399414,10.979999542236328,11.100000381469727,20500,0.0,0.0
2023-07-20 00:00:00-04:00,11.100000381469727,11.100000381469727,11.100000381469727,11.100000381469727,0,0.0,0.0
2023-07-21 00:00:00-04:00,11.100000381469727,11.100000381469727,11.100000381469727,11.100000381469727,0,0.0,0.0
2023-07-24 00:00:00-04:00,11.050000190734863,11.050000190734863,11.050000190734863,11.050000190734863,1100,0.0,0.0
2023-07-25 00:00:00-04:00,11.09000015258789,11.100000381469727,11.079999923706055,11.079999923706055,3600,0.0,0.0
2023-07-26 00:00:00-04:00,11.0600004196167,11.09000015258789,11.0600004196167,11.079999923706055,22600,0.0,0.0
2023-07-27 00:00:00-04:00,11.079999923706055,11.079999923706055,11.079999923706055,11.079999923706055,0,0.0,0.0
2023-07-28 00:00:00-04:00,11.0,11.0,11.0,11.0,200,0.0,0.0
2023-07-31 00:00:00-04:00,11.079999923706055,11.119999885559082,11.079999923706055,11.119999885559082,5700,0.0,0.0
2023-08-01 00:00:00-04:00,11.0600004196167,11.069999694824219,11.050000190734863,11.050000190734863,10400,0.0,0.0
2023-08-02 00:00:00-04:00,11.050000190734863,11.0600004196167,11.050000190734863,11.050000190734863,7400,0.0,0.0
2023-08-03 00:00:00-04:00,11.050000190734863,11.050000190734863,11.050000190734863,11.050000190734863,100,0.0,0.0
2023-08-04 00:00:00-04:00,11.050000190734863,11.050000190734863,11.050000190734863,11.050000190734863,0,0.0,0.0
2023-08-07 00:00:00-04:00,11.09000015258789,11.09000015258789,11.09000015258789,11.09000015258789,100,0.0,0.0
2023-08-08 00:00:00-04:00,11.09000015258789,11.09000015258789,11.09000015258789,11.09000015258789,0,0.0,0.0
2023-08-09 00:00:00-04:00,11.140000343322754,11.869999885559082,11.0649995803833,11.199999809265137,17500,0.0,0.0
2023-08-10 00:00:00-04:00,11.199999809265137,11.199999809265137,11.199999809265137,11.199999809265137,100,0.0,0.0
2023-08-11 00:00:00-04:00,11.199999809265137,11.199999809265137,11.199999809265137,11.199999809265137,100,0.0,0.0
2023-08-14 00:00:00-04:00,11.0600004196167,11.09000015258789,11.0600004196167,11.0600004196167,11800,0.0,0.0
2023-08-15 00:00:00-04:00,11.0600004196167,11.0600004196167,11.0600004196167,11.0600004196167,0,0.0,0.0
2023-08-16 00:00:00-04:00,11.09000015258789,11.09000015258789,11.09000015258789,11.09000015258789,200,0.0,0.0
2023-08-17 00:00:00-04:00,11.09000015258789,11.09000015258789,11.09000015258789,11.09000015258789,0,0.0,0.0
2023-08-18 00:00:00-04:00,11.239999771118164,11.25,11.229999542236328,11.25,53300,0.0,0.0
2023-08-21 00:00:00-04:00,11.175000190734863,11.175000190734863,11.175000190734863,11.175000190734863,100,0.0,0.0
2023-08-22 00:00:00-04:00,11.175000190734863,11.175000190734863,11.175000190734863,11.175000190734863,0,0.0,0.0
2023-08-23 00:00:00-04:00,11.175000190734863,11.175000190734863,11.175000190734863,11.175000190734863,0,0.0,0.0
2023-08-24 00:00:00-04:00,11.175000190734863,11.175000190734863,11.175000190734863,11.175000190734863,0,0.0,0.0
2023-08-25 00:00:00-04:00,11.25,11.25,11.25,11.25,1200,0.0,0.0
2023-08-28 00:00:00-04:00,11.25,11.25,11.25,11.25,0,0.0,0.0
2023-08-29 00:00:00-04:00,11.25,11.25,11.25,11.25,0,0.0,0.0
2023-08-30 00:00:00-04:00,11.15999984741211,11.15999984741211,11.15999984741211,11.15999984741211,100,0.0,0.0
2023-08-31 00:00:00-04:00,11.300000190734863,11.300000190734863,11.270000457763672,11.270000457763672,107100,0.0,0.0
2023-09-01 00:00:00-04:00,11.270000457763672,11.270000457763672,11.270000457763672,11.270000457763672,0,0.0,0.0
2023-09-05 00:00:00-04:00,11.270000457763672,11.270000457763672,11.270000457763672,11.270000457763672,0,0.0,0.0
2023-09-06 00:00:00-04:00,11.270000457763672,11.270000457763672,11.270000457763672,11.270000457763672,0,0.0,0.0
2023-09-07 00:00:00-04:00,11.270000457763672,11.270000457763672,11.270000457763672,11.270000457763672,0,0.0,0.0
2023-09-08 00:00:00-04:00,11.1899995803833,11.1899995803833,11.170000076293945,11.170000076293945,1900,0.0,0.0
2023-09-11 00:00:00-04:00,11.170000076293945,11.170000076293945,11.170000076293945,11.170000076293945,0,0.0,0.0
2023-09-12 00:00:00-04:00,11.170000076293945,11.170000076293945,11.170000076293945,11.170000076293945,0,0.0,0.0
2023-09-13 00:00:00-04:00,11.170000076293945,11.170000076293945,11.170000076293945,11.170000076293945,0,0.0,0.0
2023-09-14 00:00:00-04:00,11.170000076293945,11.170000076293945,11.170000076293945,11.170000076293945,0,0.0,0.0
2023-09-15 00:00:00-04:00,11.170000076293945,11.170000076293945,11.170000076293945,11.170000076293945,0,0.0,0.0
2023-09-18 00:00:00-04:00,11.170000076293945,11.170000076293945,11.170000076293945,11.170000076293945,500,0.0,0.0
2023-09-19 00:00:00-04:00,11.260000228881836,11.593000411987305,11.239999771118164,11.25,188900,0.0,0.0
2023-09-20 00:00:00-04:00,11.25,11.25,11.170000076293945,11.170000076293945,10400,0.0,0.0
2023-09-21 00:00:00-04:00,11.170000076293945,11.170000076293945,11.170000076293945,11.170000076293945,0,0.0,0.0
2023-09-22 00:00:00-04:00,11.170000076293945,11.170000076293945,11.170000076293945,11.170000076293945,200,0.0,0.0
2023-09-25 00:00:00-04:00,11.170000076293945,11.170000076293945,11.170000076293945,11.170000076293945,0,0.0,0.0
2023-09-26 00:00:00-04:00,11.170000076293945,11.170000076293945,11.170000076293945,11.170000076293945,0,0.0,0.0
2023-09-27 00:00:00-04:00,11.25,11.25,11.25,11.25,3500,0.0,0.0
2023-09-28 00:00:00-04:00,11.260000228881836,11.260000228881836,11.260000228881836,11.260000228881836,300,0.0,0.0
2023-09-29 00:00:00-04:00,11.260000228881836,11.260000228881836,11.260000228881836,11.260000228881836,0,0.0,0.0
2023-10-02 00:00:00-04:00,11.25,11.25,11.25,11.25,100,0.0,0.0
2023-10-03 00:00:00-04:00,11.359999656677246,11.359999656677246,11.260000228881836,11.260000228881836,1600,0.0,0.0
2023-10-04 00:00:00-04:00,11.260000228881836,11.260000228881836,11.260000228881836,11.260000228881836,0,0.0,0.0
2023-10-05 00:00:00-04:00,11.510000228881836,11.739999771118164,11.291999816894531,11.34000015258789,178700,0.0,0.0
2023-10-06 00:00:00-04:00,11.479999542236328,11.489999771118164,11.414999961853027,11.414999961853027,1200,0.0,0.0
2023-10-09 00:00:00-04:00,11.479999542236328,11.489999771118164,11.470000267028809,11.470000267028809,800,0.0,0.0
2023-10-10 00:00:00-04:00,11.470000267028809,11.470000267028809,11.25,11.25,602000,0.0,0.0
2023-10-11 00:00:00-04:00,11.260000228881836,11.260000228881836,11.199999809265137,11.199999809265137,66700,0.0,0.0
2023-10-12 00:00:00-04:00,11.029999732971191,11.029999732971191,10.092000007629395,10.729999542236328,24400,0.0,0.0
2023-10-13 00:00:00-04:00,10.989999771118164,11.199999809265137,10.699999809265137,10.920000076293945,24600,0.0,0.0
2023-10-16 00:00:00-04:00,11.010000228881836,11.510000228881836,10.75,10.930000305175781,4100,0.0,0.0
2023-10-17 00:00:00-04:00,9.920000076293945,11.260000228881836,9.920000076293945,11.260000228881836,5800,0.0,0.0
2023-10-18 00:00:00-04:00,10.989999771118164,11.149999618530273,10.699999809265137,10.960000038146973,31300,0.0,0.0
2023-10-19 00:00:00-04:00,12.170000076293945,13.5,7.75,7.75,166800,0.0,0.0
2023-10-20 00:00:00-04:00,7.03000020980835,7.03000020980835,5.769999980926514,6.690000057220459,33100,0.0,0.0
2023-10-23 00:00:00-04:00,6.53000020980835,6.980000019073486,5.5,6.090000152587891,29900,0.0,0.0
2023-10-24 00:00:00-04:00,6.699999809265137,8.0,6.0,6.320000171661377,51200,0.0,0.0
2023-10-25 00:00:00-04:00,7.119999885559082,13.510000228881836,6.539999961853027,7.099999904632568,1455100,0.0,0.0
2023-10-26 00:00:00-04:00,6.389999866485596,7.179999828338623,5.710000038146973,6.46999979019165,135400,0.0,0.0
2023-10-27 00:00:00-04:00,6.21999979019165,8.65999984741211,6.03000020980835,6.489999771118164,199700,0.0,0.0
2023-10-30 00:00:00-04:00,6.260000228881836,6.5,5.5,5.78000020980835,30200,0.0,0.0
2023-10-31 00:00:00-04:00,5.230000019073486,6.300000190734863,5.0,5.510000228881836,61200,0.0,0.0
2023-11-01 00:00:00-04:00,5.590000152587891,6.570000171661377,5.449999809265137,6.190000057220459,43400,0.0,0.0
2023-11-02 00:00:00-04:00,6.179999828338623,6.880000114440918,5.619999885559082,5.800000190734863,66200,0.0,0.0
2023-11-03 00:00:00-04:00,5.659999847412109,6.159999847412109,5.510000228881836,5.730000019073486,17600,0.0,0.0
2023-11-06 00:00:00-05:00,5.804999828338623,6.425000190734863,5.699999809265137,5.71999979019165,39000,0.0,0.0
2023-11-07 00:00:00-05:00,6.349999904632568,9.574000358581543,5.849999904632568,7.760000228881836,187200,0.0,0.0
2023-11-08 00:00:00-05:00,5.25,5.395999908447266,3.950000047683716,5.289999961853027,106000,0.0,0.0
2023-11-09 00:00:00-05:00,4.429999828338623,5.090000152587891,4.110000133514404,4.489999771118164,45300,0.0,0.0
2023-11-10 00:00:00-05:00,4.300000190734863,6.46999979019165,4.25,4.570000171661377,107800,0.0,0.0
2023-11-13 00:00:00-05:00,4.400000095367432,4.599999904632568,4.099999904632568,4.210000038146973,38700,0.0,0.0
2023-11-14 00:00:00-05:00,4.210000038146973,4.659999847412109,3.799999952316284,4.199999809265137,23300,0.0,0.0
2023-11-15 00:00:00-05:00,4.5,4.520999908447266,3.759999990463257,4.159999847412109,28300,0.0,0.0
2023-11-16 00:00:00-05:00,3.75,4.449999809265137,3.7100000381469727,4.449999809265137,10500,0.0,0.0
2023-11-17 00:00:00-05:00,4.119999885559082,5.0,4.119999885559082,4.880000114440918,38800,0.0,0.0
2023-11-20 00:00:00-05:00,4.489999771118164,5.0,4.447999954223633,4.739999771118164,22500,0.0,0.0
2023-11-21 00:00:00-05:00,4.25,4.699999809265137,3.628999948501587,4.25,26000,0.0,0.0
2023-11-22 00:00:00-05:00,3.9100000858306885,4.460000038146973,3.809999942779541,4.099999904632568,6300,0.0,0.0
2023-11-24 00:00:00-05:00,3.809999942779541,4.389999866485596,3.809999942779541,4.059999942779541,6700,0.0,0.0
2023-11-27 00:00:00-05:00,3.7100000381469727,4.050000190734863,3.5999999046325684,3.7899999618530273,10900,0.0,0.0
2023-11-28 00:00:00-05:00,3.490000009536743,3.740000009536743,3.4000000953674316,3.6500000953674316,10500,0.0,0.0
2023-11-29 00:00:00-05:00,3.6500000953674316,3.7300000190734863,3.5399999618530273,3.5399999618530273,3900,0.0,0.0
2023-11-30 00:00:00-05:00,3.5,4.269999980926514,3.5,4.260000228881836,10300,0.0,0.0
2023-12-01 00:00:00-05:00,4.389999866485596,4.429999828338623,3.309999942779541,4.139999866485596,48300,0.0,0.0
2023-12-04 00:00:00-05:00,4.0,4.0,3.0190000534057617,3.2699999809265137,18400,0.0,0.0
2023-12-05 00:00:00-05:00,3.1700000762939453,3.1700000762939453,1.6699999570846558,1.8650000095367432,143700,0.0,0.0
2023-12-06 00:00:00-05:00,1.8600000143051147,1.9550000429153442,1.6799999475479126,1.6799999475479126,40700,0.0,0.0
2023-12-07 00:00:00-05:00,1.6699999570846558,1.8200000524520874,1.340000033378601,1.3600000143051147,77800,0.0,0.0
2023-12-08 00:00:00-05:00,1.3799999952316284,1.440000057220459,1.190000057220459,1.190000057220459,29700,0.0,0.0
2023-12-11 00:00:00-05:00,1.1799999475479126,1.25600004196167,1.0,1.100000023841858,79500,0.0,0.0
2023-12-12 00:00:00-05:00,1.190000057220459,1.2599999904632568,0.8999999761581421,1.0210000276565552,73800,0.0,0.0
2023-12-13 00:00:00-05:00,1.0,1.0399999618530273,0.7860000133514404,0.8500000238418579,77600,0.0,0.0
2023-12-14 00:00:00-05:00,0.9599999785423279,0.9700000286102295,0.8500000238418579,0.925000011920929,97100,0.0,0.0
2023-12-15 00:00:00-05:00,0.9480000138282776,0.9700000286102295,0.8500000238418579,0.9200000166893005,46800,0.0,0.0
2023-12-18 00:00:00-05:00,0.8420000076293945,0.9620000123977661,0.8050000071525574,0.824999988079071,80500,0.0,0.0
2023-12-19 00:00:00-05:00,0.75,0.9100000262260437,0.75,0.8700000047683716,84500,0.0,0.0
2023-12-20 00:00:00-05:00,0.8619999885559082,0.8619999885559082,0.7609999775886536,0.800000011920929,46900,0.0,0.0
2023-12-21 00:00:00-05:00,0.7710000276565552,1.5199999809265137,0.7599999904632568,1.149999976158142,2195900,0.0,0.0
2023-12-22 00:00:00-05:00,1.159999966621399,1.440000057220459,0.9350000023841858,1.0199999809265137,840100,0.0,0.0
2023-12-26 00:00:00-05:00,1.0099999904632568,1.0199999809265137,0.8999999761581421,0.9100000262260437,104700,0.0,0.0
2023-12-27 00:00:00-05:00,0.9300000071525574,0.9300000071525574,0.6800000071525574,0.8600000143051147,177900,0.0,0.0
2023-12-28 00:00:00-05:00,0.8500000238418579,0.8500000238418579,0.7099999785423279,0.7799999713897705,121000,0.0,0.0
2023-12-29 00:00:00-05:00,0.7450000047683716,0.8999999761581421,0.7450000047683716,0.8100000023841858,70100,0.0,0.0
2024-01-02 00:00:00-05:00,0.7850000262260437,0.7850000262260437,0.7289999723434448,0.7409999966621399,30500,0.0,0.0
2024-01-03 00:00:00-05:00,0.7770000100135803,1.0399999618530273,0.7770000100135803,0.7950000166893005,546400,0.0,0.0
2024-01-04 00:00:00-05:00,0.7710000276565552,0.8370000123977661,0.75,0.7540000081062317,93300,0.0,0.0
2024-01-05 00:00:00-05:00,0.7789999842643738,0.7919999957084656,0.7509999871253967,0.7540000081062317,49000,0.0,0.0
2024-01-08 00:00:00-05:00,0.7760000228881836,0.7799999713897705,0.7599999904632568,0.7630000114440918,19500,0.0,0.0
2024-01-09 00:00:00-05:00,0.7509999871253967,0.7820000052452087,0.75,0.7519999742507935,17300,0.0,0.0
2024-01-10 00:00:00-05:00,0.7649999856948853,0.8500000238418579,0.7509999871253967,0.781000018119812,106400,0.0,0.0
2024-01-11 00:00:00-05:00,0.8100000023841858,0.8100000023841858,0.7160000205039978,0.7300000190734863,90200,0.0,0.0
2024-01-12 00:00:00-05:00,0.8500000238418579,0.8500000238418579,0.7300000190734863,0.7599999904632568,104700,0.0,0.0
2024-01-16 00:00:00-05:00,0.7699999809265137,0.7900000214576721,0.6510000228881836,0.6740000247955322,76100,0.0,0.0
2024-01-17 00:00:00-05:00,0.6510000228881836,0.6510000228881836,0.5550000071525574,0.5889999866485596,43800,0.0,0.0
2024-01-18 00:00:00-05:00,0.5799999833106995,0.5799999833106995,0.5120000243186951,0.5299999713897705,44800,0.0,0.0
2024-01-19 00:00:00-05:00,0.47999998927116394,0.5109999775886536,0.41999998688697815,0.4300000071525574,120300,0.0,0.0
2024-01-22 00:00:00-05:00,0.44999998807907104,0.5,0.4300000071525574,0.4410000145435333,51700,0.0,0.0
2024-01-23 00:00:00-05:00,0.49000000953674316,0.5299999713897705,0.4659999907016754,0.5299999713897705,79400,0.0,0.0
2024-01-24 00:00:00-05:00,0.5370000004768372,0.5979999899864197,0.5,0.5979999899864197,83200,0.0,0.0
2024-01-25 00:00:00-05:00,0.5540000200271606,0.5989999771118164,0.5,0.5690000057220459,537400,0.0,0.0
2024-01-26 00:00:00-05:00,0.5519999861717224,0.5989999771118164,0.5009999871253967,0.5109999775886536,96200,0.0,0.0
2024-01-29 00:00:00-05:00,1.2300000190734863,1.649999976158142,0.9819999933242798,1.3700000047683716,77679800,0.0,0.0
2024-01-30 00:00:00-05:00,1.0700000524520874,2.0999999046325684,0.9800000190734863,1.5,15210800,0.0,0.0
2024-01-31 00:00:00-05:00,1.6200000047683716,2.130000114440918,1.4600000381469727,1.8899999856948853,14093900,0.0,0.0
2024-02-01 00:00:00-05:00,1.6399999856948853,1.9500000476837158,1.5,1.6699999570846558,4500600,0.0,0.0
2024-02-02 00:00:00-05:00,1.7000000476837158,1.7269999980926514,1.1399999856948853,1.2000000476837158,1157400,0.0,0.0
2024-02-05 00:00:00-05:00,1.2300000190734863,1.4700000286102295,1.1200000047683716,1.2100000381469727,709300,0.0,0.0
2024-02-06 00:00:00-05:00,1.1799999475479126,1.2890000343322754,1.1399999856948853,1.2599999904632568,324500,0.0,0.0
2024-02-07 00:00:00-05:00,1.190000057220459,1.2480000257492065,1.100000023841858,1.1699999570846558,332800,0.0,0.0
2024-02-08 00:00:00-05:00,1.1399999856948853,1.159999966621399,1.0199999809265137,1.090000033378601,176400,0.0,0.0
2024-02-09 00:00:00-05:00,1.0399999618530273,1.25,0.9900000095367432,1.100000023841858,480500,0.0,0.0
2024-02-12 00:00:00-05:00,1.1399999856948853,1.1399999856948853,0.8790000081062317,0.9660000205039978,496200,0.0,0.0
2024-02-13 00:00:00-05:00,0.949999988079071,1.0,0.8399999737739563,0.8769999742507935,215500,0.0,0.0
2024-02-14 00:00:00-05:00,0.9010000228881836,0.9399999976158142,0.8410000205039978,0.8960000276565552,138000,0.0,0.0
2024-02-15 00:00:00-05:00,0.8690000176429749,0.8690000176429749,0.753000020980835,0.753000020980835,162500,0.0,0.0
2024-02-16 00:00:00-05:00,0.7770000100135803,2.0199999809265137,0.75,0.949999988079071,18095500,0.0,0.0
2024-02-20 00:00:00-05:00,1.159999966621399,1.2599999904632568,0.9010000228881836,0.9399999976158142,2332800,0.0,0.0
2024-02-21 00:00:00-05:00,0.9350000023841858,1.0099999904632568,0.8149999976158142,0.8980000019073486,760800,0.0,0.0
2024-02-22 00:00:00-05:00,0.8799999952316284,0.8799999952316284,0.7549999952316284,0.781000018119812,605300,0.0,0.0
2024-02-23 00:00:00-05:00,0.7749999761581421,0.800000011920929,0.6499999761581421,0.6930000185966492,744300,0.0,0.0
2024-02-26 00:00:00-05:00,0.7049999833106995,0.7049999833106995,0.6399999856948853,0.6700000166893005,280100,0.0,0.0
2024-02-27 00:00:00-05:00,0.6629999876022339,0.6819999814033508,0.6209999918937683,0.6700000166893005,143800,0.0,0.0
2024-02-28 00:00:00-05:00,0.6850000023841858,0.6949999928474426,0.6299999952316284,0.6899999976158142,247600,0.0,0.0
2024-02-29 00:00:00-05:00,0.7099999785423279,1.0499999523162842,0.7099999785423279,0.9810000061988831,2480100,0.0,0.0
2024-03-01 00:00:00-05:00,0.9810000061988831,1.0,0.7020000219345093,0.7990000247955322,923300,0.0,0.0
2024-03-04 00:00:00-05:00,0.800000011920929,0.8500000238418579,0.7210000157356262,0.7480000257492065,360900,0.0,0.0
2024-03-05 00:00:00-05:00,0.7300000190734863,0.800000011920929,0.6600000262260437,0.7289999723434448,215400,0.0,0.0
2024-03-06 00:00:00-05:00,0.7409999966621399,0.800000011920929,0.7009999752044678,0.7929999828338623,165900,0.0,0.0
2024-03-07 00:00:00-05:00,0.7929999828338623,0.847000002861023,0.7609999775886536,0.8059999942779541,104800,0.0,0.0
2024-03-08 00:00:00-05:00,0.8199999928474426,0.8500000238418579,0.7400000095367432,0.8009999990463257,93600,0.0,0.0
2024-03-11 00:00:00-04:00,0.8199999928474426,0.9100000262260437,0.7689999938011169,0.8700000047683716,243300,0.0,0.0
2024-03-12 00:00:00-04:00,0.8870000243186951,0.8999999761581421,0.8159999847412109,0.8550000190734863,241200,0.0,0.0
2024-03-13 00:00:00-04:00,0.8769999742507935,0.8899999856948853,0.7599999904632568,0.8510000109672546,101500,0.0,0.0
2024-03-14 00:00:00-04:00,0.8420000076293945,0.8529999852180481,0.800000011920929,0.8399999737739563,98700,0.0,0.0
2024-03-15 00:00:00-04:00,0.8399999737739563,0.9200000166893005,0.8209999799728394,0.8339999914169312,282900,0.0,0.0
2024-03-18 00:00:00-04:00,0.8489999771118164,0.8619999885559082,0.7210000157356262,0.7279999852180481,226000,0.0,0.0
2024-03-19 00:00:00-04:00,0.7170000076293945,0.8650000095367432,0.7170000076293945,0.8500000238418579,357200,0.0,0.0
2024-03-20 00:00:00-04:00,0.8600000143051147,0.8600000143051147,0.7599999904632568,0.8399999737739563,128300,0.0,0.0
2024-03-21 00:00:00-04:00,0.8500000238418579,0.8500000238418579,0.800000011920929,0.8009999990463257,51500,0.0,0.0
2024-03-22 00:00:00-04:00,0.7710000276565552,0.8399999737739563,0.7250000238418579,0.7570000290870667,233100,0.0,0.0
2024-03-25 00:00:00-04:00,0.7900000214576721,0.8029999732971191,0.7049999833106995,0.734000027179718,124300,0.0,0.0
2024-03-26 00:00:00-04:00,0.7350000143051147,0.7350000143051147,0.6930000185966492,0.7179999947547913,91600,0.0,0.0
2024-03-27 00:00:00-04:00,0.7289999723434448,0.7329999804496765,0.6809999942779541,0.6959999799728394,78800,0.0,0.0
2024-03-28 00:00:00-04:00,0.7089999914169312,0.7300000190734863,0.6800000071525574,0.7099999785423279,78400,0.0,0.0
2024-04-01 00:00:00-04:00,0.7179999947547913,0.7519999742507935,0.6909999847412109,0.7490000128746033,119500,0.0,0.0
2024-04-02 00:00:00-04:00,0.7350000143051147,0.8199999928474426,0.7099999785423279,0.7900000214576721,5947100,0.0,0.0
2024-04-03 00:00:00-04:00,0.875,1.090000033378601,0.8610000014305115,1.059999942779541,8682300,0.0,0.0
2024-04-04 00:00:00-04:00,1.0199999809265137,1.0700000524520874,0.8999999761581421,0.9290000200271606,901300,0.0,0.0
2024-04-05 00:00:00-04:00,0.8899999856948853,0.8899999856948853,0.7699999809265137,0.800000011920929,591900,0.0,0.0
2024-04-08 00:00:00-04:00,0.7490000128746033,0.8199999928474426,0.7409999966621399,0.7710000276565552,271000,0.0,0.0
2024-04-09 00:00:00-04:00,0.7369999885559082,0.746999979019165,0.7099999785423279,0.7099999785423279,309100,0.0,0.0
2024-04-10 00:00:00-04:00,0.7070000171661377,0.7300000190734863,0.640999972820282,0.640999972820282,253800,0.0,0.0
2024-04-11 00:00:00-04:00,0.6639999747276306,0.7049999833106995,0.6499999761581421,0.6700000166893005,147400,0.0,0.0
2024-04-12 00:00:00-04:00,0.6940000057220459,0.6949999928474426,0.640999972820282,0.6430000066757202,168300,0.0,0.0
2024-04-15 00:00:00-04:00,0.6430000066757202,0.6800000071525574,0.5910000205039978,0.6800000071525574,249500,0.0,0.0
2024-04-16 00:00:00-04:00,0.6510000228881836,0.699999988079071,0.6290000081062317,0.6510000228881836,66300,0.0,0.0
2024-04-17 00:00:00-04:00,0.6840000152587891,0.699999988079071,0.6110000014305115,0.6200000047683716,102200,0.0,0.0
2024-04-18 00:00:00-04:00,0.656000018119812,0.6890000104904175,0.6200000047683716,0.6489999890327454,70900,0.0,0.0
2024-04-19 00:00:00-04:00,0.6489999890327454,0.6489999890327454,0.5809999704360962,0.6019999980926514,117400,0.0,0.0
2024-04-22 00:00:00-04:00,0.6200000047683716,0.6349999904632568,0.6100000143051147,0.6110000014305115,42200,0.0,0.0
2024-04-23 00:00:00-04:00,0.6200000047683716,0.6349999904632568,0.550000011920929,0.6000000238418579,124800,0.0,0.0
2024-04-24 00:00:00-04:00,0.6019999980926514,0.6150000095367432,0.5299999713897705,0.5789999961853027,65200,0.0,0.0
2024-04-25 00:00:00-04:00,0.5609999895095825,0.6000000238418579,0.5450000166893005,0.5600000023841858,41600,0.0,0.0
2024-04-26 00:00:00-04:00,0.5540000200271606,0.5820000171661377,0.5400000214576721,0.5649999976158142,45300,0.0,0.0
2024-04-29 00:00:00-04:00,0.5400000214576721,0.5899999737739563,0.5400000214576721,0.5699999928474426,72200,0.0,0.0
2024-04-30 00:00:00-04:00,0.5799999833106995,0.5920000076293945,0.5490000247955322,0.5799999833106995,67300,0.0,0.0
2024-05-01 00:00:00-04:00,0.574999988079071,0.6000000238418579,0.5550000071525574,0.5649999976158142,43900,0.0,0.0
2024-05-02 00:00:00-04:00,0.5759999752044678,0.5899999737739563,0.5619999766349792,0.5879999995231628,37900,0.0,0.0
2024-05-03 00:00:00-04:00,0.5889999866485596,0.6000000238418579,0.5619999766349792,0.5989999771118164,77100,0.0,0.0
2024-05-06 00:00:00-04:00,0.5809999704360962,0.6899999976158142,0.5799999833106995,0.6520000100135803,313900,0.0,0.0
2024-05-07 00:00:00-04:00,0.6399999856948853,0.6690000295639038,0.6100000143051147,0.6340000033378601,44800,0.0,0.0
2024-05-08 00:00:00-04:00,0.6399999856948853,0.6600000262260437,0.5320000052452087,0.5600000023841858,311700,0.0,0.0
2024-05-09 00:00:00-04:00,0.5899999737739563,0.5899999737739563,0.5210000276565552,0.5210000276565552,64100,0.0,0.0
2024-05-10 00:00:00-04:00,0.5339999794960022,0.5339999794960022,0.49300000071525574,0.5099999904632568,86800,0.0,0.0
2024-05-13 00:00:00-04:00,0.5099999904632568,0.5400000214576721,0.5,0.5199999809265137,62600,0.0,0.0
2024-05-14 00:00:00-04:00,0.5199999809265137,0.5289999842643738,0.5,0.5099999904632568,62300,0.0,0.0
2024-05-15 00:00:00-04:00,0.5019999742507935,0.5210000276565552,0.5,0.5,45100,0.0,0.0
2024-05-16 00:00:00-04:00,0.5099999904632568,0.5249999761581421,0.48100000619888306,0.5009999871253967,74200,0.0,0.0
2024-05-17 00:00:00-04:00,0.49000000953674316,0.515999972820282,0.4569999873638153,0.4650000035762787,61400,0.0,0.0
2024-05-20 00:00:00-04:00,0.49900001287460327,0.5040000081062317,0.4699999988079071,0.4699999988079071,35400,0.0,0.0
2024-05-21 00:00:00-04:00,0.4950000047683716,0.5,0.47999998927116394,0.47999998927116394,38400,0.0,0.0
2024-05-22 00:00:00-04:00,0.5,0.5,0.4650000035762787,0.49000000953674316,69800,0.0,0.0
2024-05-23 00:00:00-04:00,1.399999976158142,1.659999966621399,1.0499999523162842,1.4700000286102295,198183000,0.0,0.0
2024-05-24 00:00:00-04:00,1.600000023841858,3.2200000286102295,1.600000023841858,2.299999952316284,135654400,0.0,0.0
2024-05-28 00:00:00-04:00,1.9500000476837158,2.369999885559082,1.6299999952316284,2.009999990463257,11726300,0.0,0.0
2024-05-29 00:00:00-04:00,1.7200000286102295,2.200000047683716,1.6749999523162842,1.9500000476837158,8672000,0.0,0.0
2024-05-30 00:00:00-04:00,2.690000057220459,3.369999885559082,2.299999952316284,2.609999895095825,55205700,0.0,0.0
2024-05-31 00:00:00-04:00,2.2100000381469727,2.619999885559082,2.1700000762939453,2.4200000762939453,3009400,0.0,0.0
2024-06-03 00:00:00-04:00,2.2899999618530273,2.319999933242798,2.009999990463257,2.049999952316284,1871700,0.0,0.0
2024-06-04 00:00:00-04:00,2.069999933242798,2.069999933242798,1.7899999618530273,1.8200000524520874,887600,0.0,0.0
2024-06-05 00:00:00-04:00,1.7999999523162842,1.840000033378601,1.590000033378601,1.600000023841858,1010200,0.0,0.0
2024-06-06 00:00:00-04:00,1.809999942779541,2.1600000858306885,1.649999976158142,1.8600000143051147,9408100,0.0,0.0
2024-06-07 00:00:00-04:00,1.7000000476837158,1.8700000047683716,1.659999966621399,1.75,692700,0.0,0.0
2024-06-10 00:00:00-04:00,1.75,1.75,1.3700000047683716,1.409999966621399,828500,0.0,0.0
2024-06-11 00:00:00-04:00,1.3899999856948853,1.434999942779541,1.2350000143051147,1.3700000047683716,335600,0.0,0.0
2024-06-12 00:00:00-04:00,1.3799999952316284,1.468000054359436,1.3359999656677246,1.350000023841858,372200,0.0,0.0
2024-06-13 00:00:00-04:00,1.2999999523162842,1.340000033378601,1.159999966621399,1.215000033378601,381000,0.0,0.0
2024-06-14 00:00:00-04:00,1.3700000047683716,1.5299999713897705,1.1799999475479126,1.2000000476837158,4868400,0.0,0.0
2024-06-17 00:00:00-04:00,1.1299999952316284,1.2999999523162842,1.0499999523162842,1.2300000190734863,649700,0.0,0.0
2024-06-18 00:00:00-04:00,1.1799999475479126,1.2699999809265137,1.159999966621399,1.2300000190734863,227800,0.0,0.0
2024-06-20 00:00:00-04:00,1.2699999809265137,1.2699999809265137,1.159999966621399,1.2200000286102295,154200,0.0,0.0
2024-06-21 00:00:00-04:00,1.1699999570846558,1.1699999570846558,1.1200000047683716,1.159999966621399,303500,0.0,0.0
2024-06-24 00:00:00-04:00,1.149999976158142,1.149999976158142,0.9700000286102295,0.9800000190734863,337900,0.0,0.0
2024-06-25 00:00:00-04:00,0.9599999785423279,1.0099999904632568,0.9100000262260437,0.9160000085830688,261900,0.0,0.0
2024-06-26 00:00:00-04:00,0.8999999761581421,0.9350000023841858,0.8389999866485596,0.9100000262260437,253900,0.0,0.0
2024-06-27 00:00:00-04:00,0.9100000262260437,1.0299999713897705,0.871999979019165,1.0,322300,0.0,0.0
2024-06-28 00:00:00-04:00,0.9800000190734863,1.0149999856948853,0.949999988079071,0.9829999804496765,68800,0.0,0.0
2024-07-01 00:00:00-04:00,0.9610000252723694,0.9829999804496765,0.9229999780654907,0.9330000281333923,102400,0.0,0.0
2024-07-02 00:00:00-04:00,0.9800000190734863,0.9800000190734863,0.9110000133514404,0.9120000004768372,79800,0.0,0.0
2024-07-03 00:00:00-04:00,0.9110000133514404,0.9449999928474426,0.8899999856948853,0.9129999876022339,71000,0.0,0.0
2024-07-05 00:00:00-04:00,0.8899999856948853,0.8899999856948853,0.8510000109672546,0.8880000114440918,78800,0.0,0.0
2024-07-08 00:00:00-04:00,0.9300000071525574,0.9800000190734863,0.8899999856948853,0.9599999785423279,212500,0.0,0.0
2024-07-09 00:00:00-04:00,0.9700000286102295,1.2589999437332153,0.9599999785423279,1.2300000190734863,1588200,0.0,0.0
2024-07-10 00:00:00-04:00,1.2200000286102295,1.3109999895095825,1.0299999713897705,1.090000033378601,1049400,0.0,0.0
2024-07-11 00:00:00-04:00,1.059999942779541,1.1349999904632568,1.0499999523162842,1.100000023841858,287500,0.0,0.0
2024-07-12 00:00:00-04:00,1.1100000143051147,1.1200000047683716,1.0399999618530273,1.090000033378601,122300,0.0,0.0
2024-07-15 00:00:00-04:00,1.0800000429153442,1.1200000047683716,1.0499999523162842,1.0499999523162842,200300,0.0,0.0
2024-07-16 00:00:00-04:00,1.0,1.0299999713897705,0.949999988079071,0.9919999837875366,175200,0.0,0.0
2024-07-17 00:00:00-04:00,0.9729999899864197,1.0299999713897705,0.9599999785423279,0.9900000095367432,112200,0.0,0.0
2024-07-18 00:00:00-04:00,0.9700000286102295,0.9869999885559082,0.9100000262260437,0.9430000185966492,114600,0.0,0.0
2024-07-19 00:00:00-04:00,0.949999988079071,0.968999981880188,0.9100000262260437,0.9100000262260437,62300,0.0,0.0
2024-07-22 00:00:00-04:00,0.9200000166893005,0.9399999976158142,0.8830000162124634,0.8830000162124634,651800,0.0,0.0
2024-07-23 00:00:00-04:00,0.8799999952316284,0.9150000214576721,0.8209999799728394,0.8349999785423279,403600,0.0,0.0
2024-07-24 00:00:00-04:00,0.8399999737739563,0.8579999804496765,0.7860000133514404,0.8270000219345093,160800,0.0,0.0
2024-07-25 00:00:00-04:00,0.8489999771118164,0.8489999771118164,0.7860000133514404,0.8159999847412109,155700,0.0,0.0
2024-07-26 00:00:00-04:00,0.9160000085830688,1.350000023841858,0.7900000214576721,0.9919999837875366,8869300,0.0,0.0
2024-07-29 00:00:00-04:00,0.9900000095367432,1.2699999809265137,0.8999999761581421,1.149999976158142,2195300,0.0,0.0
2024-07-30 00:00:00-04:00,1.1200000047683716,1.600000023841858,1.1200000047683716,1.4600000381469727,3165200,0.0,0.0
2024-07-31 00:00:00-04:00,1.3300000429153442,1.5099999904632568,1.2300000190734863,1.409999966621399,705700,0.0,0.0
2024-08-01 00:00:00-04:00,1.399999976158142,1.4900000095367432,1.2899999618530273,1.350000023841858,320400,0.0,0.0
2024-08-02 00:00:00-04:00,1.2899999618530273,1.4800000190734863,1.2000000476837158,1.2400000095367432,583000,0.0,0.0
