Date,Open,High,Low,Close,Volume,Dividends,Stock Splits
2021-09-30 00:00:00-04:00,29.104000091552734,30.799999237060547,29.104000091552734,30.799999237060547,100,0.0,0.0
2021-10-01 00:00:00-04:00,29.0,30.799999237060547,28.799999237060547,30.799999237060547,114500,0.0,0.0
2021-10-04 00:00:00-04:00,10.0,10.0,9.699999809265137,9.699999809265137,15100,0.0,0.0
2021-10-05 00:00:00-04:00,9.75,9.793000221252441,9.75,9.791000366210938,105300,0.0,0.0
2021-10-06 00:00:00-04:00,9.75,9.760000228881836,9.75,9.760000228881836,375300,0.0,0.0
2021-10-07 00:00:00-04:00,9.800000190734863,9.800000190734863,9.800000190734863,9.800000190734863,300,0.0,0.0
2021-10-08 00:00:00-04:00,9.800000190734863,9.899999618530273,9.800000190734863,9.899999618530273,122300,0.0,0.0
2021-10-11 00:00:00-04:00,9.899999618530273,9.899999618530273,9.899999618530273,9.899999618530273,2600,0.0,0.0
2021-10-12 00:00:00-04:00,9.779999732971191,9.899999618530273,9.770000457763672,9.899999618530273,410600,0.0,0.0
2021-10-13 00:00:00-04:00,9.800000190734863,9.829999923706055,9.789999961853027,9.829999923706055,278100,0.0,0.0
2021-10-14 00:00:00-04:00,9.84000015258789,9.84000015258789,9.789999961853027,9.789999961853027,105100,0.0,0.0
2021-10-15 00:00:00-04:00,9.819999694824219,9.819999694824219,9.800000190734863,9.800000190734863,367600,0.0,0.0
2021-10-18 00:00:00-04:00,9.789999961853027,9.8100004196167,9.779999732971191,9.789999961853027,15500,0.0,0.0
2021-10-19 00:00:00-04:00,9.789999961853027,9.800000190734863,9.779999732971191,9.779999732971191,547700,0.0,0.0
2021-10-20 00:00:00-04:00,9.789999961853027,9.798999786376953,9.789999961853027,9.789999961853027,191100,0.0,0.0
2021-10-21 00:00:00-04:00,9.779999732971191,9.800000190734863,9.770000457763672,9.800000190734863,65400,0.0,0.0
2021-10-22 00:00:00-04:00,9.789999961853027,9.8100004196167,9.765000343322754,9.789999961853027,768000,0.0,0.0
2021-10-25 00:00:00-04:00,9.800000190734863,9.84000015258789,9.800000190734863,9.84000015258789,35500,0.0,0.0
2021-10-26 00:00:00-04:00,9.84000015258789,9.84000015258789,9.8100004196167,9.824999809265137,81100,0.0,0.0
2021-10-27 00:00:00-04:00,9.8100004196167,9.824999809265137,9.8100004196167,9.824999809265137,2400,0.0,0.0
2021-10-28 00:00:00-04:00,9.819999694824219,9.850000381469727,9.819999694824219,9.829999923706055,44000,0.0,0.0
2021-10-29 00:00:00-04:00,9.850000381469727,9.859999656677246,9.829999923706055,9.829999923706055,23400,0.0,0.0
2021-11-01 00:00:00-04:00,9.859999656677246,9.859999656677246,9.835000038146973,9.84000015258789,89800,0.0,0.0
2021-11-02 00:00:00-04:00,9.819999694824219,9.819999694824219,9.819999694824219,9.819999694824219,400,0.0,0.0
2021-11-03 00:00:00-04:00,9.819999694824219,9.819999694824219,9.819999694824219,9.819999694824219,0,0.0,0.0
2021-11-04 00:00:00-04:00,9.819999694824219,9.819999694824219,9.819999694824219,9.819999694824219,0,0.0,0.0
2021-11-05 00:00:00-04:00,9.829999923706055,9.829999923706055,9.819999694824219,9.819999694824219,1900,0.0,0.0
2021-11-08 00:00:00-05:00,9.859999656677246,9.880000114440918,9.859999656677246,9.880000114440918,7100,0.0,0.0
2021-11-09 00:00:00-05:00,9.880000114440918,9.880000114440918,9.880000114440918,9.880000114440918,0,0.0,0.0
2021-11-10 00:00:00-05:00,9.880000114440918,9.880000114440918,9.880000114440918,9.880000114440918,375000,0.0,0.0
2021-11-11 00:00:00-05:00,9.880000114440918,9.880000114440918,9.880000114440918,9.880000114440918,0,0.0,0.0
2021-11-12 00:00:00-05:00,9.859999656677246,9.859999656677246,9.84000015258789,9.84000015258789,18200,0.0,0.0
2021-11-15 00:00:00-05:00,9.84000015258789,9.84000015258789,9.84000015258789,9.84000015258789,500,0.0,0.0
2021-11-16 00:00:00-05:00,9.84000015258789,9.84000015258789,9.84000015258789,9.84000015258789,0,0.0,0.0
2021-11-17 00:00:00-05:00,9.84000015258789,9.84000015258789,9.84000015258789,9.84000015258789,0,0.0,0.0
2021-11-18 00:00:00-05:00,9.84000015258789,9.84000015258789,9.84000015258789,9.84000015258789,0,0.0,0.0
2021-11-19 00:00:00-05:00,9.84000015258789,9.84000015258789,9.84000015258789,9.84000015258789,0,0.0,0.0
2021-11-22 00:00:00-05:00,9.850000381469727,9.850000381469727,9.850000381469727,9.850000381469727,800,0.0,0.0
2021-11-23 00:00:00-05:00,9.850000381469727,9.850000381469727,9.850000381469727,9.850000381469727,0,0.0,0.0
2021-11-24 00:00:00-05:00,9.850000381469727,9.850000381469727,9.850000381469727,9.850000381469727,0,0.0,0.0
2021-11-26 00:00:00-05:00,9.800000190734863,9.800000190734863,9.800000190734863,9.800000190734863,100,0.0,0.0
2021-11-29 00:00:00-05:00,9.84000015258789,9.84000015258789,9.819999694824219,9.819999694824219,325000,0.0,0.0
2021-11-30 00:00:00-05:00,9.84000015258789,9.84000015258789,9.819999694824219,9.819999694824219,58000,0.0,0.0
2021-12-01 00:00:00-05:00,9.829999923706055,9.829999923706055,9.829999923706055,9.829999923706055,285200,0.0,0.0
2021-12-02 00:00:00-05:00,9.829999923706055,9.84000015258789,9.829999923706055,9.84000015258789,63600,0.0,0.0
2021-12-03 00:00:00-05:00,9.8100004196167,9.8100004196167,9.8100004196167,9.8100004196167,4400,0.0,0.0
2021-12-06 00:00:00-05:00,9.8100004196167,9.8100004196167,9.8100004196167,9.8100004196167,2400,0.0,0.0
2021-12-07 00:00:00-05:00,9.8100004196167,9.8100004196167,9.8100004196167,9.8100004196167,0,0.0,0.0
2021-12-08 00:00:00-05:00,9.8100004196167,9.8100004196167,9.8100004196167,9.8100004196167,0,0.0,0.0
2021-12-09 00:00:00-05:00,9.819999694824219,9.829999923706055,9.800000190734863,9.829999923706055,30700,0.0,0.0
2021-12-10 00:00:00-05:00,9.800000190734863,9.859999656677246,9.800000190734863,9.829999923706055,46100,0.0,0.0
2021-12-13 00:00:00-05:00,9.829999923706055,9.829999923706055,9.829999923706055,9.829999923706055,0,0.0,0.0
2021-12-14 00:00:00-05:00,9.829999923706055,9.829999923706055,9.829999923706055,9.829999923706055,1500,0.0,0.0
2021-12-15 00:00:00-05:00,9.819999694824219,9.819999694824219,9.819999694824219,9.819999694824219,5700,0.0,0.0
2021-12-16 00:00:00-05:00,9.819999694824219,9.819999694824219,9.819999694824219,9.819999694824219,0,0.0,0.0
2021-12-17 00:00:00-05:00,9.819999694824219,9.819999694824219,9.819999694824219,9.819999694824219,0,0.0,0.0
2021-12-20 00:00:00-05:00,9.819999694824219,9.819999694824219,9.819999694824219,9.819999694824219,0,0.0,0.0
2021-12-21 00:00:00-05:00,9.819999694824219,9.819999694824219,9.819999694824219,9.819999694824219,0,0.0,0.0
2021-12-22 00:00:00-05:00,9.819999694824219,9.819999694824219,9.819999694824219,9.819999694824219,0,0.0,0.0
2021-12-23 00:00:00-05:00,9.829999923706055,9.84000015258789,9.819999694824219,9.819999694824219,4300,0.0,0.0
2021-12-27 00:00:00-05:00,9.819999694824219,9.819999694824219,9.819999694824219,9.819999694824219,0,0.0,0.0
2021-12-28 00:00:00-05:00,9.850000381469727,9.850000381469727,9.821999549865723,9.821999549865723,2700,0.0,0.0
2021-12-29 00:00:00-05:00,9.821999549865723,9.821999549865723,9.821999549865723,9.821999549865723,0,0.0,0.0
2021-12-30 00:00:00-05:00,9.821999549865723,9.821999549865723,9.821999549865723,9.821999549865723,0,0.0,0.0
2021-12-31 00:00:00-05:00,9.821999549865723,9.821999549865723,9.821999549865723,9.821999549865723,0,0.0,0.0
2022-01-03 00:00:00-05:00,9.821999549865723,9.821999549865723,9.821999549865723,9.821999549865723,0,0.0,0.0
2022-01-04 00:00:00-05:00,9.821999549865723,9.821999549865723,9.821999549865723,9.821999549865723,0,0.0,0.0
2022-01-05 00:00:00-05:00,9.821999549865723,9.821999549865723,9.821999549865723,9.821999549865723,0,0.0,0.0
2022-01-06 00:00:00-05:00,9.821999549865723,9.821999549865723,9.821999549865723,9.821999549865723,0,0.0,0.0
2022-01-07 00:00:00-05:00,9.859999656677246,9.859999656677246,9.859999656677246,9.859999656677246,500000,0.0,0.0
2022-01-10 00:00:00-05:00,9.850000381469727,9.850000381469727,9.850000381469727,9.850000381469727,249100,0.0,0.0
2022-01-11 00:00:00-05:00,9.84000015258789,9.84000015258789,9.84000015258789,9.84000015258789,1100,0.0,0.0
2022-01-12 00:00:00-05:00,9.829999923706055,9.829999923706055,9.829999923706055,9.829999923706055,1900,0.0,0.0
2022-01-13 00:00:00-05:00,9.819999694824219,9.829999923706055,9.819999694824219,9.829999923706055,1400,0.0,0.0
2022-01-14 00:00:00-05:00,9.829999923706055,9.829999923706055,9.829999923706055,9.829999923706055,0,0.0,0.0
2022-01-18 00:00:00-05:00,9.850000381469727,9.850000381469727,9.850000381469727,9.850000381469727,100,0.0,0.0
2022-01-19 00:00:00-05:00,9.850000381469727,9.850000381469727,9.850000381469727,9.850000381469727,0,0.0,0.0
2022-01-20 00:00:00-05:00,9.850000381469727,9.850000381469727,9.850000381469727,9.850000381469727,0,0.0,0.0
2022-01-21 00:00:00-05:00,9.850000381469727,9.850000381469727,9.850000381469727,9.850000381469727,0,0.0,0.0
2022-01-24 00:00:00-05:00,9.840999603271484,9.845000267028809,9.84000015258789,9.84000015258789,54300,0.0,0.0
2022-01-25 00:00:00-05:00,9.829999923706055,9.859999656677246,9.829999923706055,9.84000015258789,18100,0.0,0.0
2022-01-26 00:00:00-05:00,9.84000015258789,9.84000015258789,9.84000015258789,9.84000015258789,0,0.0,0.0
2022-01-27 00:00:00-05:00,9.829999923706055,9.829999923706055,9.829999923706055,9.829999923706055,200,0.0,0.0
2022-01-28 00:00:00-05:00,9.850000381469727,9.850000381469727,9.850000381469727,9.850000381469727,700,0.0,0.0
2022-01-31 00:00:00-05:00,9.869999885559082,9.869999885559082,9.869999885559082,9.869999885559082,100,0.0,0.0
2022-02-01 00:00:00-05:00,9.869999885559082,9.869999885559082,9.869999885559082,9.869999885559082,100,0.0,0.0
2022-02-02 00:00:00-05:00,9.850000381469727,9.850000381469727,9.829999923706055,9.84000015258789,1300,0.0,0.0
2022-02-03 00:00:00-05:00,9.84000015258789,9.84000015258789,9.84000015258789,9.84000015258789,0,0.0,0.0
2022-02-04 00:00:00-05:00,9.84000015258789,9.84000015258789,9.84000015258789,9.84000015258789,0,0.0,0.0
2022-02-07 00:00:00-05:00,9.859999656677246,9.859999656677246,9.859999656677246,9.859999656677246,100,0.0,0.0
2022-02-08 00:00:00-05:00,9.859999656677246,9.859999656677246,9.859999656677246,9.859999656677246,0,0.0,0.0
2022-02-09 00:00:00-05:00,9.84000015258789,9.859999656677246,9.829999923706055,9.84000015258789,176200,0.0,0.0
2022-02-10 00:00:00-05:00,9.859999656677246,9.859999656677246,9.850000381469727,9.850000381469727,500,0.0,0.0
2022-02-11 00:00:00-05:00,9.850000381469727,9.850000381469727,9.850000381469727,9.850000381469727,0,0.0,0.0
2022-02-14 00:00:00-05:00,9.859999656677246,9.859999656677246,9.859999656677246,9.859999656677246,2400,0.0,0.0
2022-02-15 00:00:00-05:00,9.90999984741211,9.90999984741211,9.90999984741211,9.90999984741211,300,0.0,0.0
2022-02-16 00:00:00-05:00,9.8100004196167,9.880000114440918,9.805000305175781,9.880000114440918,400,0.0,0.0
2022-02-17 00:00:00-05:00,9.862000465393066,9.862000465393066,9.859999656677246,9.859999656677246,55800,0.0,0.0
2022-02-18 00:00:00-05:00,9.854999542236328,9.869999885559082,9.84000015258789,9.869999885559082,17200,0.0,0.0
2022-02-22 00:00:00-05:00,9.869999885559082,9.869999885559082,9.869999885559082,9.869999885559082,0,0.0,0.0
2022-02-23 00:00:00-05:00,9.864999771118164,9.869999885559082,9.864999771118164,9.869999885559082,5000,0.0,0.0
2022-02-24 00:00:00-05:00,9.869999885559082,9.869999885559082,9.864999771118164,9.869999885559082,17100,0.0,0.0
2022-02-25 00:00:00-05:00,9.869999885559082,9.869999885559082,9.869999885559082,9.869999885559082,0,0.0,0.0
2022-02-28 00:00:00-05:00,9.869999885559082,9.869999885559082,9.869999885559082,9.869999885559082,0,0.0,0.0
2022-03-01 00:00:00-05:00,9.880000114440918,9.890000343322754,9.880000114440918,9.890000343322754,2200,0.0,0.0
2022-03-02 00:00:00-05:00,9.880000114440918,9.880000114440918,9.859999656677246,9.859999656677246,1500,0.0,0.0
2022-03-03 00:00:00-05:00,9.859999656677246,9.880000114440918,9.859999656677246,9.859999656677246,4500,0.0,0.0
2022-03-04 00:00:00-05:00,9.890000343322754,9.895000457763672,9.880000114440918,9.895000457763672,8200,0.0,0.0
2022-03-07 00:00:00-05:00,9.895000457763672,9.895000457763672,9.895000457763672,9.895000457763672,45700,0.0,0.0
2022-03-08 00:00:00-05:00,9.895000457763672,9.895000457763672,9.895000457763672,9.895000457763672,0,0.0,0.0
2022-03-09 00:00:00-05:00,9.890000343322754,9.890000343322754,9.890000343322754,9.890000343322754,300,0.0,0.0
2022-03-10 00:00:00-05:00,9.890000343322754,9.890000343322754,9.890000343322754,9.890000343322754,0,0.0,0.0
2022-03-11 00:00:00-05:00,9.899999618530273,9.899999618530273,9.890000343322754,9.899999618530273,43600,0.0,0.0
2022-03-14 00:00:00-04:00,9.899999618530273,9.899999618530273,9.899999618530273,9.899999618530273,0,0.0,0.0
2022-03-15 00:00:00-04:00,9.899999618530273,9.899999618530273,9.899999618530273,9.899999618530273,0,0.0,0.0
2022-03-16 00:00:00-04:00,9.859999656677246,9.899999618530273,9.859999656677246,9.899999618530273,7700,0.0,0.0
2022-03-17 00:00:00-04:00,9.890000343322754,9.890000343322754,9.890000343322754,9.890000343322754,9200,0.0,0.0
2022-03-18 00:00:00-04:00,9.899999618530273,9.899999618530273,9.899999618530273,9.899999618530273,4800,0.0,0.0
2022-03-21 00:00:00-04:00,9.899999618530273,9.899999618530273,9.899999618530273,9.899999618530273,500,0.0,0.0
2022-03-22 00:00:00-04:00,9.890000343322754,9.902000427246094,9.890000343322754,9.890000343322754,3300,0.0,0.0
2022-03-23 00:00:00-04:00,9.899999618530273,9.899999618530273,9.899999618530273,9.899999618530273,1200,0.0,0.0
2022-03-24 00:00:00-04:00,9.930000305175781,9.930000305175781,9.899999618530273,9.899999618530273,400,0.0,0.0
2022-03-25 00:00:00-04:00,9.899999618530273,9.899999618530273,9.899999618530273,9.899999618530273,0,0.0,0.0
2022-03-28 00:00:00-04:00,9.949999809265137,9.949999809265137,9.949999809265137,9.949999809265137,200,0.0,0.0
2022-03-29 00:00:00-04:00,9.949999809265137,9.949999809265137,9.949999809265137,9.949999809265137,0,0.0,0.0
2022-03-30 00:00:00-04:00,9.90999984741211,9.90999984741211,9.90999984741211,9.90999984741211,300,0.0,0.0
2022-03-31 00:00:00-04:00,9.90999984741211,9.90999984741211,9.90999984741211,9.90999984741211,0,0.0,0.0
2022-04-01 00:00:00-04:00,9.90999984741211,9.920000076293945,9.90999984741211,9.920000076293945,500,0.0,0.0
2022-04-04 00:00:00-04:00,9.920000076293945,9.920000076293945,9.920000076293945,9.920000076293945,0,0.0,0.0
2022-04-05 00:00:00-04:00,9.920000076293945,9.920000076293945,9.920000076293945,9.920000076293945,0,0.0,0.0
2022-04-06 00:00:00-04:00,9.930000305175781,9.930000305175781,9.930000305175781,9.930000305175781,400,0.0,0.0
2022-04-07 00:00:00-04:00,9.930000305175781,9.930000305175781,9.930000305175781,9.930000305175781,0,0.0,0.0
2022-04-08 00:00:00-04:00,9.930000305175781,9.930000305175781,9.920000076293945,9.920000076293945,57800,0.0,0.0
2022-04-11 00:00:00-04:00,9.920000076293945,9.920000076293945,9.920000076293945,9.920000076293945,600,0.0,0.0
2022-04-12 00:00:00-04:00,9.930000305175781,9.930000305175781,9.90999984741211,9.930000305175781,11300,0.0,0.0
2022-04-13 00:00:00-04:00,9.930000305175781,9.930000305175781,9.930000305175781,9.930000305175781,0,0.0,0.0
2022-04-14 00:00:00-04:00,9.930000305175781,9.930000305175781,9.930000305175781,9.930000305175781,0,0.0,0.0
2022-04-18 00:00:00-04:00,9.920000076293945,9.9350004196167,9.920000076293945,9.9350004196167,400,0.0,0.0
2022-04-19 00:00:00-04:00,9.9350004196167,9.9350004196167,9.9350004196167,9.9350004196167,0,0.0,0.0
2022-04-20 00:00:00-04:00,9.9350004196167,9.9350004196167,9.9350004196167,9.9350004196167,0,0.0,0.0
2022-04-21 00:00:00-04:00,9.9350004196167,9.9350004196167,9.9350004196167,9.9350004196167,0,0.0,0.0
2022-04-22 00:00:00-04:00,9.9350004196167,9.9350004196167,9.9350004196167,9.9350004196167,0,0.0,0.0
2022-04-25 00:00:00-04:00,9.9399995803833,9.9399995803833,9.9399995803833,9.9399995803833,400,0.0,0.0
2022-04-26 00:00:00-04:00,9.9399995803833,9.9399995803833,9.9399995803833,9.9399995803833,0,0.0,0.0
2022-04-27 00:00:00-04:00,9.949999809265137,9.949999809265137,9.949999809265137,9.949999809265137,500,0.0,0.0
2022-04-28 00:00:00-04:00,9.9399995803833,9.9399995803833,9.9399995803833,9.9399995803833,5800,0.0,0.0
2022-04-29 00:00:00-04:00,9.949999809265137,9.949999809265137,9.949999809265137,9.949999809265137,300,0.0,0.0
2022-05-02 00:00:00-04:00,9.949999809265137,9.949999809265137,9.949999809265137,9.949999809265137,0,0.0,0.0
2022-05-03 00:00:00-04:00,9.949999809265137,9.949999809265137,9.949999809265137,9.949999809265137,0,0.0,0.0
2022-05-04 00:00:00-04:00,9.949999809265137,9.949999809265137,9.949999809265137,9.949999809265137,0,0.0,0.0
2022-05-05 00:00:00-04:00,9.949999809265137,9.954999923706055,9.949999809265137,9.949999809265137,5200,0.0,0.0
2022-05-06 00:00:00-04:00,9.949999809265137,9.949999809265137,9.949999809265137,9.949999809265137,0,0.0,0.0
2022-05-09 00:00:00-04:00,9.949999809265137,9.949999809265137,9.949999809265137,9.949999809265137,0,0.0,0.0
2022-05-10 00:00:00-04:00,9.9399995803833,9.9399995803833,9.9399995803833,9.9399995803833,1200,0.0,0.0
2022-05-11 00:00:00-04:00,9.9399995803833,9.949999809265137,9.9399995803833,9.9399995803833,114500,0.0,0.0
2022-05-12 00:00:00-04:00,9.930000305175781,9.930000305175781,9.920000076293945,9.920000076293945,1900,0.0,0.0
2022-05-13 00:00:00-04:00,9.920000076293945,9.920000076293945,9.90999984741211,9.90999984741211,7500,0.0,0.0
2022-05-16 00:00:00-04:00,9.90999984741211,9.90999984741211,9.90999984741211,9.90999984741211,0,0.0,0.0
2022-05-17 00:00:00-04:00,9.90999984741211,9.90999984741211,9.90999984741211,9.90999984741211,0,0.0,0.0
2022-05-18 00:00:00-04:00,9.90999984741211,9.90999984741211,9.90999984741211,9.90999984741211,0,0.0,0.0
2022-05-19 00:00:00-04:00,9.90999984741211,9.90999984741211,9.90999984741211,9.90999984741211,0,0.0,0.0
2022-05-20 00:00:00-04:00,9.90999984741211,9.90999984741211,9.90999984741211,9.90999984741211,0,0.0,0.0
2022-05-23 00:00:00-04:00,9.90999984741211,9.90999984741211,9.90999984741211,9.90999984741211,0,0.0,0.0
2022-05-24 00:00:00-04:00,9.90999984741211,9.90999984741211,9.90999984741211,9.90999984741211,0,0.0,0.0
2022-05-25 00:00:00-04:00,9.95199966430664,9.95199966430664,9.95199966430664,9.95199966430664,800,0.0,0.0
2022-05-26 00:00:00-04:00,9.920000076293945,9.920000076293945,9.920000076293945,9.920000076293945,700,0.0,0.0
2022-05-27 00:00:00-04:00,9.920000076293945,9.920000076293945,9.920000076293945,9.920000076293945,0,0.0,0.0
2022-05-31 00:00:00-04:00,9.920000076293945,9.920000076293945,9.920000076293945,9.920000076293945,0,0.0,0.0
2022-06-01 00:00:00-04:00,9.920000076293945,9.920000076293945,9.920000076293945,9.920000076293945,0,0.0,0.0
2022-06-02 00:00:00-04:00,9.954999923706055,9.954999923706055,9.954999923706055,9.954999923706055,111900,0.0,0.0
2022-06-03 00:00:00-04:00,9.954999923706055,9.954999923706055,9.954999923706055,9.954999923706055,3500,0.0,0.0
2022-06-06 00:00:00-04:00,9.970000267028809,9.970000267028809,9.960000038146973,9.960000038146973,300,0.0,0.0
2022-06-07 00:00:00-04:00,9.930000305175781,9.9399995803833,9.930000305175781,9.9399995803833,1300,0.0,0.0
2022-06-08 00:00:00-04:00,9.9399995803833,9.9399995803833,9.930000305175781,9.9399995803833,14500,0.0,0.0
2022-06-09 00:00:00-04:00,9.9399995803833,9.9399995803833,9.9399995803833,9.9399995803833,200,0.0,0.0
2022-06-10 00:00:00-04:00,9.930000305175781,9.930000305175781,9.930000305175781,9.930000305175781,200,0.0,0.0
2022-06-13 00:00:00-04:00,9.930000305175781,9.930000305175781,9.930000305175781,9.930000305175781,0,0.0,0.0
2022-06-14 00:00:00-04:00,9.930000305175781,9.930000305175781,9.930000305175781,9.930000305175781,0,0.0,0.0
2022-06-15 00:00:00-04:00,9.979999542236328,9.979999542236328,9.9399995803833,9.9399995803833,1700,0.0,0.0
2022-06-16 00:00:00-04:00,9.9399995803833,9.9399995803833,9.9399995803833,9.9399995803833,0,0.0,0.0
2022-06-17 00:00:00-04:00,9.9399995803833,9.9399995803833,9.9399995803833,9.9399995803833,0,0.0,0.0
2022-06-21 00:00:00-04:00,10.050000190734863,10.050000190734863,9.970000267028809,9.970000267028809,200,0.0,0.0
2022-06-22 00:00:00-04:00,9.9399995803833,9.9399995803833,9.930000305175781,9.930000305175781,700,0.0,0.0
2022-06-23 00:00:00-04:00,9.9399995803833,9.9399995803833,9.930000305175781,9.930000305175781,5700,0.0,0.0
2022-06-24 00:00:00-04:00,9.930000305175781,9.930000305175781,9.930000305175781,9.930000305175781,0,0.0,0.0
2022-06-27 00:00:00-04:00,9.9399995803833,9.9399995803833,9.9399995803833,9.9399995803833,500,0.0,0.0
2022-06-28 00:00:00-04:00,9.9399995803833,9.9399995803833,9.930000305175781,9.930000305175781,251000,0.0,0.0
2022-06-29 00:00:00-04:00,9.9399995803833,9.9399995803833,9.9399995803833,9.9399995803833,150000,0.0,0.0
2022-06-30 00:00:00-04:00,9.9399995803833,9.9399995803833,9.9399995803833,9.9399995803833,0,0.0,0.0
2022-07-01 00:00:00-04:00,9.9399995803833,9.9399995803833,9.9399995803833,9.9399995803833,0,0.0,0.0
2022-07-05 00:00:00-04:00,9.9399995803833,9.9399995803833,9.9399995803833,9.9399995803833,0,0.0,0.0
2022-07-06 00:00:00-04:00,9.9399995803833,9.9399995803833,9.9399995803833,9.9399995803833,0,0.0,0.0
2022-07-07 00:00:00-04:00,9.979999542236328,9.979999542236328,9.979999542236328,9.979999542236328,100,0.0,0.0
2022-07-08 00:00:00-04:00,9.979999542236328,9.979999542236328,9.979999542236328,9.979999542236328,800,0.0,0.0
2022-07-11 00:00:00-04:00,9.949999809265137,9.970000267028809,9.949999809265137,9.970000267028809,500,0.0,0.0
2022-07-12 00:00:00-04:00,9.970000267028809,9.970000267028809,9.970000267028809,9.970000267028809,0,0.0,0.0
2022-07-13 00:00:00-04:00,9.970000267028809,9.970000267028809,9.970000267028809,9.970000267028809,0,0.0,0.0
2022-07-14 00:00:00-04:00,9.970000267028809,9.970000267028809,9.970000267028809,9.970000267028809,0,0.0,0.0
2022-07-15 00:00:00-04:00,10.0,10.0,10.0,10.0,200,0.0,0.0
2022-07-18 00:00:00-04:00,9.989999771118164,9.989999771118164,9.989999771118164,9.989999771118164,300,0.0,0.0
2022-07-19 00:00:00-04:00,9.989999771118164,9.989999771118164,9.989999771118164,9.989999771118164,200,0.0,0.0
2022-07-20 00:00:00-04:00,9.979999542236328,9.979999542236328,9.970000267028809,9.970000267028809,600,0.0,0.0
2022-07-21 00:00:00-04:00,9.970000267028809,9.970000267028809,9.970000267028809,9.970000267028809,0,0.0,0.0
2022-07-22 00:00:00-04:00,9.970000267028809,9.970000267028809,9.970000267028809,9.970000267028809,0,0.0,0.0
2022-07-25 00:00:00-04:00,9.970000267028809,9.970000267028809,9.970000267028809,9.970000267028809,0,0.0,0.0
2022-07-26 00:00:00-04:00,9.970000267028809,9.970000267028809,9.970000267028809,9.970000267028809,0,0.0,0.0
2022-07-27 00:00:00-04:00,9.979999542236328,9.979999542236328,9.979999542236328,9.979999542236328,1100,0.0,0.0
2022-07-28 00:00:00-04:00,9.979999542236328,9.989999771118164,9.979999542236328,9.989999771118164,24200,0.0,0.0
2022-07-29 00:00:00-04:00,9.989999771118164,9.989999771118164,9.989999771118164,9.989999771118164,0,0.0,0.0
2022-08-01 00:00:00-04:00,9.989999771118164,9.989999771118164,9.989999771118164,9.989999771118164,0,0.0,0.0
2022-08-02 00:00:00-04:00,9.989999771118164,9.989999771118164,9.989999771118164,9.989999771118164,0,0.0,0.0
2022-08-03 00:00:00-04:00,9.989999771118164,9.989999771118164,9.989999771118164,9.989999771118164,0,0.0,0.0
2022-08-04 00:00:00-04:00,9.989999771118164,9.989999771118164,9.989999771118164,9.989999771118164,0,0.0,0.0
2022-08-05 00:00:00-04:00,9.979999542236328,9.979999542236328,9.979999542236328,9.979999542236328,2200,0.0,0.0
2022-08-08 00:00:00-04:00,9.979999542236328,9.979999542236328,9.979999542236328,9.979999542236328,0,0.0,0.0
2022-08-09 00:00:00-04:00,9.979999542236328,9.979999542236328,9.979999542236328,9.979999542236328,0,0.0,0.0
2022-08-10 00:00:00-04:00,9.979999542236328,9.979999542236328,9.979999542236328,9.979999542236328,100,0.0,0.0
2022-08-11 00:00:00-04:00,10.0,10.0,10.0,10.0,300,0.0,0.0
2022-08-12 00:00:00-04:00,10.0,10.010000228881836,10.0,10.010000228881836,2500,0.0,0.0
2022-08-15 00:00:00-04:00,10.010000228881836,10.010000228881836,10.010000228881836,10.010000228881836,0,0.0,0.0
2022-08-16 00:00:00-04:00,10.010000228881836,10.010000228881836,10.010000228881836,10.010000228881836,0,0.0,0.0
2022-08-17 00:00:00-04:00,10.010000228881836,10.010000228881836,10.010000228881836,10.010000228881836,0,0.0,0.0
2022-08-18 00:00:00-04:00,10.010000228881836,10.010000228881836,10.010000228881836,10.010000228881836,0,0.0,0.0
2022-08-19 00:00:00-04:00,10.010000228881836,10.010000228881836,10.010000228881836,10.010000228881836,0,0.0,0.0
2022-08-22 00:00:00-04:00,10.010000228881836,10.010000228881836,10.010000228881836,10.010000228881836,0,0.0,0.0
2022-08-23 00:00:00-04:00,10.010000228881836,10.010000228881836,10.010000228881836,10.010000228881836,0,0.0,0.0
2022-08-24 00:00:00-04:00,10.010000228881836,10.010000228881836,10.010000228881836,10.010000228881836,0,0.0,0.0
2022-08-25 00:00:00-04:00,10.010000228881836,10.010000228881836,10.010000228881836,10.010000228881836,0,0.0,0.0
2022-08-26 00:00:00-04:00,10.010000228881836,10.010000228881836,10.010000228881836,10.010000228881836,0,0.0,0.0
2022-08-29 00:00:00-04:00,10.010000228881836,10.010000228881836,10.010000228881836,10.010000228881836,0,0.0,0.0
2022-08-30 00:00:00-04:00,10.010000228881836,10.010000228881836,10.010000228881836,10.010000228881836,0,0.0,0.0
2022-08-31 00:00:00-04:00,10.010000228881836,10.010000228881836,10.010000228881836,10.010000228881836,0,0.0,0.0
2022-09-01 00:00:00-04:00,9.979999542236328,9.979999542236328,9.979999542236328,9.979999542236328,830100,0.0,0.0
2022-09-02 00:00:00-04:00,9.979999542236328,9.979999542236328,9.979999542236328,9.979999542236328,100,0.0,0.0
2022-09-06 00:00:00-04:00,10.0,10.0,10.0,10.0,100400,0.0,0.0
2022-09-07 00:00:00-04:00,10.0,10.0,10.0,10.0,1100,0.0,0.0
2022-09-08 00:00:00-04:00,10.0,10.0,10.0,10.0,0,0.0,0.0
2022-09-09 00:00:00-04:00,10.0,10.0,10.0,10.0,1200,0.0,0.0
2022-09-12 00:00:00-04:00,10.0,10.0,10.0,10.0,300,0.0,0.0
2022-09-13 00:00:00-04:00,10.020000457763672,10.020000457763672,10.020000457763672,10.020000457763672,10000,0.0,0.0
2022-09-14 00:00:00-04:00,10.020000457763672,10.020000457763672,10.020000457763672,10.020000457763672,0,0.0,0.0
2022-09-15 00:00:00-04:00,10.020000457763672,10.020000457763672,10.020000457763672,10.020000457763672,0,0.0,0.0
2022-09-16 00:00:00-04:00,10.020000457763672,10.020000457763672,10.020000457763672,10.020000457763672,0,0.0,0.0
2022-09-19 00:00:00-04:00,10.0,10.0,10.0,10.0,155700,0.0,0.0
2022-09-20 00:00:00-04:00,10.0,10.0,10.0,10.0,0,0.0,0.0
2022-09-21 00:00:00-04:00,10.0,10.020000457763672,10.0,10.020000457763672,19900,0.0,0.0
2022-09-22 00:00:00-04:00,10.020000457763672,10.020000457763672,10.020000457763672,10.020000457763672,0,0.0,0.0
2022-09-23 00:00:00-04:00,10.020000457763672,10.020000457763672,10.020000457763672,10.020000457763672,0,0.0,0.0
2022-09-26 00:00:00-04:00,10.0,10.0,10.0,10.0,10000,0.0,0.0
2022-09-27 00:00:00-04:00,10.0,10.0,10.0,10.0,0,0.0,0.0
2022-09-28 00:00:00-04:00,10.0,10.0,10.0,10.0,0,0.0,0.0
2022-09-29 00:00:00-04:00,10.029999732971191,10.029999732971191,10.029999732971191,10.029999732971191,200,0.0,0.0
2022-09-30 00:00:00-04:00,10.029999732971191,10.029999732971191,10.029999732971191,10.029999732971191,33700,0.0,0.0
2022-10-03 00:00:00-04:00,10.029999732971191,10.029999732971191,10.029999732971191,10.029999732971191,0,0.0,0.0
2022-10-04 00:00:00-04:00,10.029999732971191,10.029999732971191,10.029999732971191,10.029999732971191,0,0.0,0.0
2022-10-05 00:00:00-04:00,10.029999732971191,10.039999961853027,10.029999732971191,10.039999961853027,300,0.0,0.0
2022-10-06 00:00:00-04:00,10.039999961853027,10.039999961853027,10.039999961853027,10.039999961853027,0,0.0,0.0
2022-10-07 00:00:00-04:00,10.039999961853027,10.039999961853027,10.039999961853027,10.039999961853027,0,0.0,0.0
2022-10-10 00:00:00-04:00,10.039999961853027,10.039999961853027,10.039999961853027,10.039999961853027,0,0.0,0.0
2022-10-11 00:00:00-04:00,10.039999961853027,10.039999961853027,10.039999961853027,10.039999961853027,0,0.0,0.0
2022-10-12 00:00:00-04:00,10.039999961853027,10.039999961853027,10.039999961853027,10.039999961853027,120700,0.0,0.0
2022-10-13 00:00:00-04:00,10.039999961853027,10.039999961853027,10.039999961853027,10.039999961853027,7300,0.0,0.0
2022-10-14 00:00:00-04:00,10.039999961853027,10.039999961853027,10.039999961853027,10.039999961853027,0,0.0,0.0
2022-10-17 00:00:00-04:00,10.039999961853027,10.039999961853027,10.039999961853027,10.039999961853027,0,0.0,0.0
2022-10-18 00:00:00-04:00,10.050000190734863,10.050000190734863,10.050000190734863,10.050000190734863,100,0.0,0.0
2022-10-19 00:00:00-04:00,10.050000190734863,10.050000190734863,10.050000190734863,10.050000190734863,0,0.0,0.0
2022-10-20 00:00:00-04:00,10.050000190734863,10.050000190734863,10.050000190734863,10.050000190734863,0,0.0,0.0
2022-10-21 00:00:00-04:00,10.0600004196167,10.0600004196167,10.0600004196167,10.0600004196167,100,0.0,0.0
2022-10-24 00:00:00-04:00,10.020000457763672,10.039999961853027,10.020000457763672,10.039999961853027,9000,0.0,0.0
2022-10-25 00:00:00-04:00,10.039999961853027,10.039999961853027,10.039999961853027,10.039999961853027,0,0.0,0.0
2022-10-26 00:00:00-04:00,10.0600004196167,10.069999694824219,10.050000190734863,10.050000190734863,28400,0.0,0.0
2022-10-27 00:00:00-04:00,10.069999694824219,10.069999694824219,10.069999694824219,10.069999694824219,275300,0.0,0.0
2022-10-28 00:00:00-04:00,10.069999694824219,10.069999694824219,10.069999694824219,10.069999694824219,0,0.0,0.0
2022-10-31 00:00:00-04:00,10.104999542236328,10.104999542236328,10.09000015258789,10.09000015258789,2500,0.0,0.0
2022-11-01 00:00:00-04:00,10.09000015258789,10.09000015258789,10.09000015258789,10.09000015258789,0,0.0,0.0
2022-11-02 00:00:00-04:00,10.09000015258789,10.100000381469727,10.09000015258789,10.100000381469727,15300,0.0,0.0
2022-11-03 00:00:00-04:00,10.100000381469727,10.100000381469727,10.100000381469727,10.100000381469727,0,0.0,0.0
2022-11-04 00:00:00-04:00,10.100000381469727,10.100000381469727,10.100000381469727,10.100000381469727,0,0.0,0.0
2022-11-07 00:00:00-05:00,10.09000015258789,10.09000015258789,10.09000015258789,10.09000015258789,100,0.0,0.0
2022-11-08 00:00:00-05:00,10.09000015258789,10.09000015258789,10.09000015258789,10.09000015258789,0,0.0,0.0
2022-11-09 00:00:00-05:00,10.130000114440918,10.154999732971191,10.130000114440918,10.154999732971191,12200,0.0,0.0
2022-11-10 00:00:00-05:00,10.149999618530273,10.154999732971191,10.149999618530273,10.154999732971191,900,0.0,0.0
2022-11-11 00:00:00-05:00,10.149999618530273,10.154999732971191,10.149999618530273,10.154999732971191,18600,0.0,0.0
2022-11-14 00:00:00-05:00,10.149999618530273,10.149999618530273,10.130000114440918,10.130000114440918,669300,0.0,0.0
2022-11-15 00:00:00-05:00,10.149999618530273,10.15999984741211,10.149999618530273,10.15999984741211,500800,0.0,0.0
2022-11-16 00:00:00-05:00,10.15999984741211,10.15999984741211,10.15999984741211,10.15999984741211,0,0.0,0.0
2022-11-17 00:00:00-05:00,10.140000343322754,10.140000343322754,10.135000228881836,10.140000343322754,17800,0.0,0.0
2022-11-18 00:00:00-05:00,10.140000343322754,10.140000343322754,10.135000228881836,10.140000343322754,16900,0.0,0.0
2022-11-21 00:00:00-05:00,10.149999618530273,10.149999618530273,10.149999618530273,10.149999618530273,300,0.0,0.0
2022-11-22 00:00:00-05:00,10.149999618530273,10.260000228881836,10.140000343322754,10.15999984741211,840200,0.0,0.0
2022-11-23 00:00:00-05:00,10.15999984741211,10.170000076293945,10.15999984741211,10.170000076293945,5100,0.0,0.0
2022-11-25 00:00:00-05:00,10.149999618530273,10.149999618530273,10.125,10.149999618530273,500,0.0,0.0
2022-11-28 00:00:00-05:00,10.180000305175781,10.579999923706055,10.15999984741211,10.579999923706055,4000,0.0,0.0
2022-11-29 00:00:00-05:00,10.281000137329102,10.675000190734863,10.100000381469727,10.199999809265137,45900,0.0,0.0
2022-11-30 00:00:00-05:00,10.246000289916992,10.664999961853027,10.15999984741211,10.1899995803833,18500,0.0,0.0
2022-12-01 00:00:00-05:00,10.680000305175781,10.694999694824219,10.170000076293945,10.220000267028809,14600,0.0,0.0
2022-12-02 00:00:00-05:00,10.220000267028809,10.6850004196167,10.1899995803833,10.220000267028809,22300,0.0,0.0
2022-12-05 00:00:00-05:00,10.210000038146973,10.255000114440918,10.199999809265137,10.229999542236328,41700,0.0,0.0
2022-12-06 00:00:00-05:00,10.229999542236328,10.239999771118164,10.229999542236328,10.239999771118164,5500,0.0,0.0
2022-12-07 00:00:00-05:00,10.239999771118164,10.239999771118164,10.239999771118164,10.239999771118164,100,0.0,0.0
2022-12-08 00:00:00-05:00,10.239999771118164,10.239999771118164,10.239999771118164,10.239999771118164,500,0.0,0.0
2022-12-09 00:00:00-05:00,10.25,10.25,10.229999542236328,10.229999542236328,600,0.0,0.0
2022-12-12 00:00:00-05:00,10.229999542236328,10.25,10.229999542236328,10.229999542236328,1400,0.0,0.0
2022-12-13 00:00:00-05:00,10.229999542236328,10.229999542236328,10.229999542236328,10.229999542236328,400,0.0,0.0
2022-12-14 00:00:00-05:00,10.229999542236328,10.229999542236328,10.229999542236328,10.229999542236328,0,0.0,0.0
2022-12-15 00:00:00-05:00,10.229999542236328,10.229999542236328,10.229999542236328,10.229999542236328,100,0.0,0.0
2022-12-16 00:00:00-05:00,10.229999542236328,10.229999542236328,10.229999542236328,10.229999542236328,400,0.0,0.0
2022-12-19 00:00:00-05:00,10.239999771118164,10.25,10.239999771118164,10.25,1300,0.0,0.0
2022-12-20 00:00:00-05:00,10.25,10.25,10.25,10.25,0,0.0,0.0
2022-12-21 00:00:00-05:00,10.25,10.25,10.25,10.25,0,0.0,0.0
2022-12-22 00:00:00-05:00,10.289999961853027,10.300000190734863,10.279999732971191,10.300000190734863,5600,0.0,0.0
2022-12-23 00:00:00-05:00,10.300000190734863,10.300000190734863,10.300000190734863,10.300000190734863,0,0.0,0.0
2022-12-27 00:00:00-05:00,10.300000190734863,10.300000190734863,10.300000190734863,10.300000190734863,0,0.0,0.0
2022-12-28 00:00:00-05:00,10.300000190734863,10.300000190734863,10.300000190734863,10.300000190734863,0,0.0,0.0
2022-12-29 00:00:00-05:00,10.300000190734863,10.300000190734863,10.300000190734863,10.300000190734863,0,0.0,0.0
2022-12-30 00:00:00-05:00,10.359999656677246,10.359999656677246,10.359999656677246,10.359999656677246,100,0.0,0.0
2023-01-03 00:00:00-05:00,10.359999656677246,10.359999656677246,10.359999656677246,10.359999656677246,0,0.0,0.0
2023-01-04 00:00:00-05:00,10.359999656677246,10.359999656677246,10.359999656677246,10.359999656677246,0,0.0,0.0
2023-01-05 00:00:00-05:00,10.359999656677246,10.359999656677246,10.359999656677246,10.359999656677246,0,0.0,0.0
2023-01-06 00:00:00-05:00,10.359999656677246,10.359999656677246,10.359999656677246,10.359999656677246,0,0.0,0.0
2023-01-09 00:00:00-05:00,10.380000114440918,10.399999618530273,10.350000381469727,10.390000343322754,4900,0.0,0.0
2023-01-10 00:00:00-05:00,10.395000457763672,10.399999618530273,10.390000343322754,10.390000343322754,3200,0.0,0.0
2023-01-11 00:00:00-05:00,10.390000343322754,10.390000343322754,10.390000343322754,10.390000343322754,0,0.0,0.0
2023-01-12 00:00:00-05:00,10.390000343322754,10.390000343322754,10.390000343322754,10.390000343322754,0,0.0,0.0
2023-01-13 00:00:00-05:00,10.390000343322754,10.390000343322754,10.390000343322754,10.390000343322754,0,0.0,0.0
2023-01-17 00:00:00-05:00,10.449999809265137,10.449999809265137,10.449999809265137,10.449999809265137,400,0.0,0.0
2023-01-18 00:00:00-05:00,10.4399995803833,10.449999809265137,10.4399995803833,10.449999809265137,1000,0.0,0.0
2023-01-19 00:00:00-05:00,10.449999809265137,10.449999809265137,10.449999809265137,10.449999809265137,0,0.0,0.0
2023-01-20 00:00:00-05:00,10.449999809265137,10.449999809265137,10.449999809265137,10.449999809265137,0,0.0,0.0
2023-01-23 00:00:00-05:00,10.449999809265137,10.449999809265137,10.449999809265137,10.449999809265137,0,0.0,0.0
2023-01-24 00:00:00-05:00,10.369999885559082,10.369999885559082,10.359999656677246,10.359999656677246,2300,0.0,0.0
2023-01-25 00:00:00-05:00,10.359999656677246,10.359999656677246,10.359999656677246,10.359999656677246,0,0.0,0.0
2023-01-26 00:00:00-05:00,10.359999656677246,10.359999656677246,10.359999656677246,10.359999656677246,0,0.0,0.0
2023-01-27 00:00:00-05:00,10.359999656677246,10.359999656677246,10.359999656677246,10.359999656677246,0,0.0,0.0
2023-01-30 00:00:00-05:00,10.359999656677246,10.359999656677246,10.359999656677246,10.359999656677246,0,0.0,0.0
2023-01-31 00:00:00-05:00,10.359999656677246,10.359999656677246,10.359999656677246,10.359999656677246,0,0.0,0.0
2023-02-01 00:00:00-05:00,10.369999885559082,10.369999885559082,10.369999885559082,10.369999885559082,100,0.0,0.0
2023-02-02 00:00:00-05:00,10.369999885559082,10.369999885559082,10.369999885559082,10.369999885559082,100,0.0,0.0
2023-02-03 00:00:00-05:00,10.369999885559082,10.369999885559082,10.369999885559082,10.369999885559082,100,0.0,0.0
2023-02-06 00:00:00-05:00,10.369999885559082,10.369999885559082,10.369999885559082,10.369999885559082,100,0.0,0.0
2023-02-07 00:00:00-05:00,10.369999885559082,10.369999885559082,10.369999885559082,10.369999885559082,100,0.0,0.0
2023-02-08 00:00:00-05:00,10.369999885559082,10.369999885559082,10.369999885559082,10.369999885559082,100,0.0,0.0
2023-02-09 00:00:00-05:00,10.399999618530273,10.399999618530273,10.399999618530273,10.399999618530273,100,0.0,0.0
2023-02-10 00:00:00-05:00,10.390000343322754,10.390000343322754,10.390000343322754,10.390000343322754,100,0.0,0.0
2023-02-13 00:00:00-05:00,10.5,10.5,10.390000343322754,10.390000343322754,200,0.0,0.0
2023-02-14 00:00:00-05:00,10.390000343322754,10.390000343322754,10.390000343322754,10.390000343322754,0,0.0,0.0
2023-02-15 00:00:00-05:00,10.449999809265137,10.449999809265137,10.449999809265137,10.449999809265137,200,0.0,0.0
2023-02-16 00:00:00-05:00,10.449999809265137,10.449999809265137,10.449999809265137,10.449999809265137,0,0.0,0.0
2023-02-17 00:00:00-05:00,10.489999771118164,10.489999771118164,10.454999923706055,10.454999923706055,200,0.0,0.0
2023-02-21 00:00:00-05:00,10.489999771118164,10.489999771118164,10.489999771118164,10.489999771118164,100,0.0,0.0
2023-02-22 00:00:00-05:00,10.489999771118164,10.489999771118164,10.489999771118164,10.489999771118164,200,0.0,0.0
2023-02-23 00:00:00-05:00,10.489999771118164,10.489999771118164,10.489999771118164,10.489999771118164,0,0.0,0.0
2023-02-24 00:00:00-05:00,10.489999771118164,10.489999771118164,10.489999771118164,10.489999771118164,0,0.0,0.0
2023-02-27 00:00:00-05:00,10.489999771118164,10.489999771118164,10.489999771118164,10.489999771118164,0,0.0,0.0
2023-02-28 00:00:00-05:00,10.470000267028809,10.470000267028809,10.470000267028809,10.470000267028809,700,0.0,0.0
2023-03-01 00:00:00-05:00,10.5,10.5,10.489999771118164,10.5,1200,0.0,0.0
2023-03-02 00:00:00-05:00,10.5,10.5,10.5,10.5,0,0.0,0.0
2023-03-03 00:00:00-05:00,10.5,10.5,10.5,10.5,0,0.0,0.0
2023-03-06 00:00:00-05:00,10.5,10.5,10.5,10.5,0,0.0,0.0
2023-03-07 00:00:00-05:00,10.5,10.5,10.5,10.5,0,0.0,0.0
2023-03-08 00:00:00-05:00,10.479999542236328,10.489999771118164,10.479999542236328,10.489999771118164,1400,0.0,0.0
2023-03-09 00:00:00-05:00,10.489999771118164,10.489999771118164,10.489999771118164,10.489999771118164,100,0.0,0.0
2023-03-10 00:00:00-05:00,10.489999771118164,10.489999771118164,10.489999771118164,10.489999771118164,0,0.0,0.0
2023-03-13 00:00:00-04:00,10.489999771118164,10.489999771118164,10.489999771118164,10.489999771118164,0,0.0,0.0
2023-03-14 00:00:00-04:00,10.489999771118164,10.489999771118164,10.489999771118164,10.489999771118164,0,0.0,0.0
2023-03-15 00:00:00-04:00,10.550000190734863,10.550000190734863,10.550000190734863,10.550000190734863,700,0.0,0.0
2023-03-16 00:00:00-04:00,10.550000190734863,10.550000190734863,10.550000190734863,10.550000190734863,0,0.0,0.0
2023-03-17 00:00:00-04:00,10.550000190734863,10.550000190734863,10.550000190734863,10.550000190734863,0,0.0,0.0
2023-03-20 00:00:00-04:00,10.550000190734863,10.550000190734863,10.550000190734863,10.550000190734863,0,0.0,0.0
2023-03-21 00:00:00-04:00,10.550000190734863,10.550000190734863,10.550000190734863,10.550000190734863,0,0.0,0.0
2023-03-22 00:00:00-04:00,10.550000190734863,10.550000190734863,10.550000190734863,10.550000190734863,0,0.0,0.0
2023-03-23 00:00:00-04:00,10.5600004196167,10.5600004196167,10.5600004196167,10.5600004196167,200,0.0,0.0
2023-03-24 00:00:00-04:00,10.5600004196167,10.5600004196167,10.5600004196167,10.5600004196167,1100,0.0,0.0
2023-03-27 00:00:00-04:00,10.5600004196167,10.5600004196167,10.5600004196167,10.5600004196167,400,0.0,0.0
2023-03-28 00:00:00-04:00,10.5600004196167,10.5600004196167,10.5600004196167,10.5600004196167,100,0.0,0.0
2023-03-29 00:00:00-04:00,10.5600004196167,10.5600004196167,10.5600004196167,10.5600004196167,100,0.0,0.0
2023-03-30 00:00:00-04:00,10.5600004196167,10.5600004196167,10.5600004196167,10.5600004196167,0,0.0,0.0
2023-03-31 00:00:00-04:00,10.579999923706055,10.579999923706055,10.579999923706055,10.579999923706055,200,0.0,0.0
2023-04-03 00:00:00-04:00,10.579999923706055,10.579999923706055,10.579999923706055,10.579999923706055,0,0.0,0.0
2023-04-04 00:00:00-04:00,10.59000015258789,10.600000381469727,10.579999923706055,10.579999923706055,300,0.0,0.0
2023-04-05 00:00:00-04:00,10.600000381469727,10.600000381469727,10.579999923706055,10.579999923706055,200,0.0,0.0
2023-04-06 00:00:00-04:00,10.579999923706055,10.579999923706055,10.579999923706055,10.579999923706055,100,0.0,0.0
2023-04-10 00:00:00-04:00,10.579999923706055,10.579999923706055,10.579999923706055,10.579999923706055,0,0.0,0.0
2023-04-11 00:00:00-04:00,10.579999923706055,10.579999923706055,10.579999923706055,10.579999923706055,0,0.0,0.0
2023-04-12 00:00:00-04:00,10.579999923706055,10.579999923706055,10.579999923706055,10.579999923706055,0,0.0,0.0
2023-04-13 00:00:00-04:00,10.579999923706055,10.579999923706055,10.579999923706055,10.579999923706055,0,0.0,0.0
2023-04-14 00:00:00-04:00,10.59000015258789,10.59000015258789,10.59000015258789,10.59000015258789,200,0.0,0.0
2023-04-17 00:00:00-04:00,10.59000015258789,10.600000381469727,10.59000015258789,10.600000381469727,1200,0.0,0.0
2023-04-18 00:00:00-04:00,10.600000381469727,10.600000381469727,10.600000381469727,10.600000381469727,0,0.0,0.0
2023-04-19 00:00:00-04:00,10.600000381469727,10.600000381469727,10.600000381469727,10.600000381469727,0,0.0,0.0
2023-04-20 00:00:00-04:00,10.600000381469727,10.600000381469727,10.600000381469727,10.600000381469727,0,0.0,0.0
2023-04-21 00:00:00-04:00,10.600000381469727,10.600000381469727,10.600000381469727,10.600000381469727,0,0.0,0.0
2023-04-24 00:00:00-04:00,10.75,10.75,10.670000076293945,10.694999694824219,1500,0.0,0.0
2023-04-25 00:00:00-04:00,10.694999694824219,10.694999694824219,10.694999694824219,10.694999694824219,0,0.0,0.0
2023-04-26 00:00:00-04:00,10.694999694824219,10.694999694824219,10.694999694824219,10.694999694824219,0,0.0,0.0
2023-04-27 00:00:00-04:00,10.694999694824219,10.694999694824219,10.694999694824219,10.694999694824219,0,0.0,0.0
2023-04-28 00:00:00-04:00,10.694999694824219,10.694999694824219,10.694999694824219,10.694999694824219,0,0.0,0.0
2023-05-01 00:00:00-04:00,10.694999694824219,10.694999694824219,10.694999694824219,10.694999694824219,0,0.0,0.0
2023-05-02 00:00:00-04:00,10.720000267028809,10.720000267028809,10.710000038146973,10.710000038146973,3700,0.0,0.0
2023-05-03 00:00:00-04:00,10.710000038146973,10.710000038146973,10.710000038146973,10.710000038146973,200,0.0,0.0
2023-05-04 00:00:00-04:00,10.710000038146973,10.710000038146973,10.710000038146973,10.710000038146973,0,0.0,0.0
2023-05-05 00:00:00-04:00,10.710000038146973,10.710000038146973,10.710000038146973,10.710000038146973,0,0.0,0.0
2023-05-08 00:00:00-04:00,10.710000038146973,10.710000038146973,10.710000038146973,10.710000038146973,0,0.0,0.0
2023-05-09 00:00:00-04:00,10.710000038146973,10.710000038146973,10.710000038146973,10.710000038146973,0,0.0,0.0
2023-05-10 00:00:00-04:00,10.710000038146973,10.710000038146973,10.710000038146973,10.710000038146973,0,0.0,0.0
2023-05-11 00:00:00-04:00,10.680000305175781,10.680000305175781,10.680000305175781,10.680000305175781,100,0.0,0.0
2023-05-12 00:00:00-04:00,10.710000038146973,10.710000038146973,10.710000038146973,10.710000038146973,100,0.0,0.0
2023-05-15 00:00:00-04:00,10.710000038146973,10.710000038146973,10.710000038146973,10.710000038146973,100,0.0,0.0
2023-05-16 00:00:00-04:00,10.710000038146973,10.710000038146973,10.710000038146973,10.710000038146973,100,0.0,0.0
2023-05-17 00:00:00-04:00,10.72599983215332,10.72599983215332,10.710000038146973,10.710000038146973,200,0.0,0.0
2023-05-18 00:00:00-04:00,10.710000038146973,10.710000038146973,10.710000038146973,10.710000038146973,0,0.0,0.0
2023-05-19 00:00:00-04:00,10.75,10.75,10.71500015258789,10.720000267028809,600,0.0,0.0
2023-05-22 00:00:00-04:00,10.720000267028809,10.720000267028809,10.720000267028809,10.720000267028809,0,0.0,0.0
2023-05-23 00:00:00-04:00,10.720000267028809,10.720000267028809,10.720000267028809,10.720000267028809,0,0.0,0.0
2023-05-24 00:00:00-04:00,10.720000267028809,10.720000267028809,10.720000267028809,10.720000267028809,0,0.0,0.0
2023-05-25 00:00:00-04:00,10.720000267028809,10.720000267028809,10.699999809265137,10.720000267028809,900,0.0,0.0
2023-05-26 00:00:00-04:00,10.720000267028809,10.720000267028809,10.720000267028809,10.720000267028809,0,0.0,0.0
2023-05-30 00:00:00-04:00,10.720000267028809,10.720000267028809,10.720000267028809,10.720000267028809,0,0.0,0.0
2023-05-31 00:00:00-04:00,10.720000267028809,10.720000267028809,10.720000267028809,10.720000267028809,0,0.0,0.0
2023-06-01 00:00:00-04:00,10.720000267028809,10.720000267028809,10.720000267028809,10.720000267028809,0,0.0,0.0
2023-06-02 00:00:00-04:00,10.720000267028809,10.720000267028809,10.720000267028809,10.720000267028809,0,0.0,0.0
2023-06-05 00:00:00-04:00,10.720000267028809,10.729999542236328,10.720000267028809,10.720000267028809,3700,0.0,0.0
2023-06-06 00:00:00-04:00,10.739999771118164,10.739999771118164,10.73900032043457,10.73900032043457,600,0.0,0.0
2023-06-07 00:00:00-04:00,10.739999771118164,10.739999771118164,10.73900032043457,10.73900032043457,800,0.0,0.0
2023-06-08 00:00:00-04:00,10.680000305175781,10.739999771118164,10.680000305175781,10.739999771118164,5100,0.0,0.0
2023-06-09 00:00:00-04:00,10.739999771118164,10.739999771118164,10.739999771118164,10.739999771118164,500,0.0,0.0
2023-06-12 00:00:00-04:00,10.739999771118164,10.739999771118164,10.739999771118164,10.739999771118164,0,0.0,0.0
2023-06-13 00:00:00-04:00,10.739999771118164,10.739999771118164,10.739999771118164,10.739999771118164,400,0.0,0.0
2023-06-14 00:00:00-04:00,10.739999771118164,10.739999771118164,10.739999771118164,10.739999771118164,0,0.0,0.0
2023-06-15 00:00:00-04:00,10.75,10.899999618530273,10.75,10.850000381469727,19000,0.0,0.0
2023-06-16 00:00:00-04:00,10.850000381469727,10.850000381469727,10.850000381469727,10.850000381469727,0,0.0,0.0
2023-06-20 00:00:00-04:00,10.850000381469727,10.850000381469727,10.850000381469727,10.850000381469727,0,0.0,0.0
2023-06-21 00:00:00-04:00,10.850000381469727,10.850000381469727,10.850000381469727,10.850000381469727,0,0.0,0.0
2023-06-22 00:00:00-04:00,10.850000381469727,10.850000381469727,10.850000381469727,10.850000381469727,0,0.0,0.0
2023-06-23 00:00:00-04:00,10.850000381469727,10.850000381469727,10.850000381469727,10.850000381469727,0,0.0,0.0
2023-06-26 00:00:00-04:00,10.850000381469727,10.850000381469727,10.850000381469727,10.850000381469727,0,0.0,0.0
2023-06-27 00:00:00-04:00,10.850000381469727,10.850000381469727,10.850000381469727,10.850000381469727,0,0.0,0.0
2023-06-28 00:00:00-04:00,10.75,10.760000228881836,10.75,10.75,600,0.0,0.0
2023-06-29 00:00:00-04:00,10.760000228881836,10.760000228881836,10.75,10.75,1300,0.0,0.0
2023-06-30 00:00:00-04:00,10.75,10.75,10.75,10.75,200,0.0,0.0
2023-07-03 00:00:00-04:00,10.75,10.75,10.75,10.75,0,0.0,0.0
2023-07-05 00:00:00-04:00,10.75,10.75,10.75,10.75,0,0.0,0.0
2023-07-06 00:00:00-04:00,10.760000228881836,10.767999649047852,10.75,10.75,1000,0.0,0.0
2023-07-07 00:00:00-04:00,10.789999961853027,10.789999961853027,10.760000228881836,10.760000228881836,11400,0.0,0.0
2023-07-10 00:00:00-04:00,10.789999961853027,10.850000381469727,10.777000427246094,10.850000381469727,12500,0.0,0.0
2023-07-11 00:00:00-04:00,10.850000381469727,10.850000381469727,10.850000381469727,10.850000381469727,0,0.0,0.0
2023-07-12 00:00:00-04:00,10.850000381469727,10.850000381469727,10.850000381469727,10.850000381469727,0,0.0,0.0
2023-07-13 00:00:00-04:00,10.850000381469727,10.850000381469727,10.850000381469727,10.850000381469727,1100,0.0,0.0
2023-07-14 00:00:00-04:00,10.850000381469727,10.850000381469727,10.850000381469727,10.850000381469727,0,0.0,0.0
2023-07-17 00:00:00-04:00,10.789999961853027,10.791999816894531,10.789999961853027,10.789999961853027,800,0.0,0.0
2023-07-18 00:00:00-04:00,10.789999961853027,10.789999961853027,10.789999961853027,10.789999961853027,0,0.0,0.0
2023-07-19 00:00:00-04:00,10.789999961853027,10.789999961853027,10.789999961853027,10.789999961853027,0,0.0,0.0
2023-07-20 00:00:00-04:00,10.8100004196167,10.8100004196167,10.8100004196167,10.8100004196167,2100,0.0,0.0
2023-07-21 00:00:00-04:00,10.8100004196167,10.8100004196167,10.8100004196167,10.8100004196167,0,0.0,0.0
2023-07-24 00:00:00-04:00,10.8100004196167,10.8100004196167,10.8100004196167,10.8100004196167,0,0.0,0.0
2023-07-25 00:00:00-04:00,10.850000381469727,10.850000381469727,10.850000381469727,10.850000381469727,100,0.0,0.0
2023-07-26 00:00:00-04:00,10.850000381469727,10.850000381469727,10.850000381469727,10.850000381469727,100,0.0,0.0
2023-07-27 00:00:00-04:00,10.850000381469727,10.850000381469727,10.850000381469727,10.850000381469727,200,0.0,0.0
2023-07-28 00:00:00-04:00,10.850000381469727,10.850000381469727,10.850000381469727,10.850000381469727,300,0.0,0.0
2023-07-31 00:00:00-04:00,10.850000381469727,10.850000381469727,10.850000381469727,10.850000381469727,0,0.0,0.0
2023-08-01 00:00:00-04:00,10.850000381469727,10.850000381469727,10.850000381469727,10.850000381469727,0,0.0,0.0
2023-08-02 00:00:00-04:00,10.819999694824219,10.850000381469727,10.819999694824219,10.850000381469727,3600,0.0,0.0
2023-08-03 00:00:00-04:00,10.850000381469727,10.850000381469727,10.850000381469727,10.850000381469727,0,0.0,0.0
2023-08-04 00:00:00-04:00,10.850000381469727,10.850000381469727,10.850000381469727,10.850000381469727,0,0.0,0.0
2023-08-07 00:00:00-04:00,10.850000381469727,10.850000381469727,10.850000381469727,10.850000381469727,0,0.0,0.0
2023-08-08 00:00:00-04:00,10.850000381469727,10.850000381469727,10.850000381469727,10.850000381469727,0,0.0,0.0
2023-08-09 00:00:00-04:00,10.850000381469727,10.850000381469727,10.850000381469727,10.850000381469727,0,0.0,0.0
2023-08-10 00:00:00-04:00,10.850000381469727,10.850000381469727,10.850000381469727,10.850000381469727,0,0.0,0.0
2023-08-11 00:00:00-04:00,10.850000381469727,10.850000381469727,10.850000381469727,10.850000381469727,0,0.0,0.0
2023-08-14 00:00:00-04:00,10.850000381469727,10.850000381469727,10.850000381469727,10.850000381469727,1300,0.0,0.0
2023-08-15 00:00:00-04:00,10.84000015258789,10.850000381469727,10.84000015258789,10.850000381469727,7900,0.0,0.0
2023-08-16 00:00:00-04:00,10.850000381469727,10.850000381469727,10.850000381469727,10.850000381469727,100,0.0,0.0
2023-08-17 00:00:00-04:00,10.850000381469727,10.850000381469727,10.850000381469727,10.850000381469727,0,0.0,0.0
2023-08-18 00:00:00-04:00,10.850000381469727,10.850000381469727,10.850000381469727,10.850000381469727,0,0.0,0.0
2023-08-21 00:00:00-04:00,10.850000381469727,10.850000381469727,10.850000381469727,10.850000381469727,0,0.0,0.0
2023-08-22 00:00:00-04:00,10.850000381469727,10.850000381469727,10.850000381469727,10.850000381469727,0,0.0,0.0
2023-08-23 00:00:00-04:00,10.989999771118164,10.989999771118164,10.989999771118164,10.989999771118164,100,0.0,0.0
2023-08-24 00:00:00-04:00,10.989999771118164,10.989999771118164,10.989999771118164,10.989999771118164,100,0.0,0.0
2023-08-25 00:00:00-04:00,10.989999771118164,10.989999771118164,10.989999771118164,10.989999771118164,100,0.0,0.0
2023-08-28 00:00:00-04:00,11.0,11.0,11.0,11.0,100,0.0,0.0
2023-08-29 00:00:00-04:00,11.0,11.0,11.0,11.0,100,0.0,0.0
2023-08-30 00:00:00-04:00,11.0,11.0,11.0,11.0,100,0.0,0.0
2023-08-31 00:00:00-04:00,11.0,11.0,11.0,11.0,100,0.0,0.0
2023-09-01 00:00:00-04:00,11.0,11.0,11.0,11.0,0,0.0,0.0
2023-09-05 00:00:00-04:00,11.0,11.0,11.0,11.0,100,0.0,0.0
2023-09-06 00:00:00-04:00,11.0,11.0,11.0,11.0,100,0.0,0.0
2023-09-07 00:00:00-04:00,11.0,11.0,11.0,11.0,100,0.0,0.0
2023-09-08 00:00:00-04:00,11.0,11.0,11.0,11.0,100,0.0,0.0
2023-09-11 00:00:00-04:00,11.0,11.0,11.0,11.0,100,0.0,0.0
2023-09-12 00:00:00-04:00,11.199999809265137,11.199999809265137,11.0,11.0,1800,0.0,0.0
2023-09-13 00:00:00-04:00,11.0,11.0,11.0,11.0,0,0.0,0.0
2023-09-14 00:00:00-04:00,11.0,11.0,11.0,11.0,0,0.0,0.0
2023-09-15 00:00:00-04:00,10.800000190734863,10.869999885559082,10.800000190734863,10.869999885559082,543500,0.0,0.0
2023-09-18 00:00:00-04:00,10.979999542236328,10.979999542236328,10.979999542236328,10.979999542236328,500,0.0,0.0
2023-09-19 00:00:00-04:00,10.95199966430664,10.989999771118164,10.95199966430664,10.989999771118164,800,0.0,0.0
2023-09-20 00:00:00-04:00,10.979999542236328,10.979999542236328,10.979999542236328,10.979999542236328,800,0.0,0.0
2023-09-21 00:00:00-04:00,10.979999542236328,10.979999542236328,10.979999542236328,10.979999542236328,0,0.0,0.0
2023-09-22 00:00:00-04:00,10.989999771118164,10.989999771118164,10.989999771118164,10.989999771118164,200,0.0,0.0
2023-09-25 00:00:00-04:00,10.989999771118164,10.989999771118164,10.989999771118164,10.989999771118164,0,0.0,0.0
2023-09-26 00:00:00-04:00,10.989999771118164,10.989999771118164,10.989999771118164,10.989999771118164,0,0.0,0.0
2023-09-27 00:00:00-04:00,10.899999618530273,11.0,10.880000114440918,10.90999984741211,5800,0.0,0.0
2023-09-28 00:00:00-04:00,10.90999984741211,10.90999984741211,10.90999984741211,10.90999984741211,0,0.0,0.0
2023-09-29 00:00:00-04:00,10.90999984741211,10.90999984741211,10.90999984741211,10.90999984741211,0,0.0,0.0
2023-10-02 00:00:00-04:00,10.925000190734863,10.925000190734863,10.920000076293945,10.920000076293945,200,0.0,0.0
2023-10-03 00:00:00-04:00,10.920000076293945,10.920000076293945,10.920000076293945,10.920000076293945,0,0.0,0.0
2023-10-04 00:00:00-04:00,10.920000076293945,10.920000076293945,10.920000076293945,10.920000076293945,0,0.0,0.0
2023-10-05 00:00:00-04:00,10.920000076293945,10.920000076293945,10.920000076293945,10.920000076293945,0,0.0,0.0
2023-10-06 00:00:00-04:00,10.930000305175781,10.949999809265137,10.930000305175781,10.9399995803833,11200,0.0,0.0
2023-10-09 00:00:00-04:00,10.9399995803833,10.9399995803833,10.9399995803833,10.9399995803833,0,0.0,0.0
2023-10-10 00:00:00-04:00,10.9399995803833,10.9399995803833,10.9399995803833,10.9399995803833,0,0.0,0.0
2023-10-11 00:00:00-04:00,10.960000038146973,10.960000038146973,10.960000038146973,10.960000038146973,300,0.0,0.0
2023-10-12 00:00:00-04:00,10.960000038146973,10.960000038146973,10.960000038146973,10.960000038146973,0,0.0,0.0
2023-10-13 00:00:00-04:00,10.960000038146973,10.960000038146973,10.960000038146973,10.960000038146973,0,0.0,0.0
2023-10-16 00:00:00-04:00,10.970000267028809,10.979999542236328,10.970000267028809,10.970000267028809,1700,0.0,0.0
2023-10-17 00:00:00-04:00,10.989999771118164,10.989999771118164,10.989999771118164,10.989999771118164,60000,0.0,0.0
2023-10-18 00:00:00-04:00,10.989999771118164,10.989999771118164,10.989999771118164,10.989999771118164,500,0.0,0.0
2023-10-19 00:00:00-04:00,10.989999771118164,10.989999771118164,10.989999771118164,10.989999771118164,900,0.0,0.0
2023-10-20 00:00:00-04:00,10.989999771118164,10.989999771118164,10.989999771118164,10.989999771118164,0,0.0,0.0
2023-10-23 00:00:00-04:00,10.989999771118164,10.989999771118164,10.989999771118164,10.989999771118164,40300,0.0,0.0
2023-10-24 00:00:00-04:00,10.989999771118164,10.989999771118164,10.989999771118164,10.989999771118164,200,0.0,0.0
2023-10-25 00:00:00-04:00,10.989999771118164,10.989999771118164,10.989999771118164,10.989999771118164,0,0.0,0.0
2023-10-26 00:00:00-04:00,10.989999771118164,10.989999771118164,10.989999771118164,10.989999771118164,0,0.0,0.0
2023-10-27 00:00:00-04:00,10.989999771118164,10.989999771118164,10.989999771118164,10.989999771118164,500,0.0,0.0
2023-10-30 00:00:00-04:00,10.989999771118164,10.989999771118164,10.989999771118164,10.989999771118164,0,0.0,0.0
2023-10-31 00:00:00-04:00,10.989999771118164,10.989999771118164,10.989999771118164,10.989999771118164,0,0.0,0.0
2023-11-01 00:00:00-04:00,10.989999771118164,10.989999771118164,10.989999771118164,10.989999771118164,2000,0.0,0.0
2023-11-02 00:00:00-04:00,10.989999771118164,11.015000343322754,10.989999771118164,11.015000343322754,1000,0.0,0.0
2023-11-03 00:00:00-04:00,11.015000343322754,11.015000343322754,11.015000343322754,11.015000343322754,0,0.0,0.0
2023-11-06 00:00:00-05:00,11.039999961853027,11.039999961853027,11.039999961853027,11.039999961853027,800,0.0,0.0
2023-11-07 00:00:00-05:00,11.039999961853027,11.130000114440918,11.039999961853027,11.130000114440918,1900,0.0,0.0
2023-11-08 00:00:00-05:00,11.130000114440918,11.130000114440918,11.130000114440918,11.130000114440918,0,0.0,0.0
2023-11-09 00:00:00-05:00,11.039999961853027,11.039999961853027,11.039999961853027,11.039999961853027,6500,0.0,0.0
2023-11-10 00:00:00-05:00,11.039999961853027,11.039999961853027,11.039999961853027,11.039999961853027,0,0.0,0.0
2023-11-13 00:00:00-05:00,11.050000190734863,11.076000213623047,11.050000190734863,11.050000190734863,800,0.0,0.0
2023-11-14 00:00:00-05:00,11.050000190734863,11.050000190734863,11.050000190734863,11.050000190734863,1400,0.0,0.0
2023-11-15 00:00:00-05:00,11.050000190734863,11.050000190734863,11.050000190734863,11.050000190734863,0,0.0,0.0
2023-11-16 00:00:00-05:00,11.050000190734863,11.050000190734863,11.050000190734863,11.050000190734863,0,0.0,0.0
2023-11-17 00:00:00-05:00,11.050000190734863,11.050000190734863,11.050000190734863,11.050000190734863,0,0.0,0.0
2023-11-20 00:00:00-05:00,11.050000190734863,11.050000190734863,11.050000190734863,11.050000190734863,500,0.0,0.0
2023-11-21 00:00:00-05:00,11.050000190734863,11.050000190734863,11.050000190734863,11.050000190734863,0,0.0,0.0
2023-11-22 00:00:00-05:00,11.0,11.0,11.0,11.0,100,0.0,0.0
2023-11-24 00:00:00-05:00,11.0,12.0,11.0,11.100000381469727,4000,0.0,0.0
2023-11-27 00:00:00-05:00,11.0,11.050000190734863,11.0,11.010000228881836,4100,0.0,0.0
2023-11-28 00:00:00-05:00,11.0,11.0,11.0,11.0,1000,0.0,0.0
2023-11-29 00:00:00-05:00,11.039999961853027,11.039999961853027,11.039999961853027,11.039999961853027,200,0.0,0.0
2023-11-30 00:00:00-05:00,11.0,11.0,11.0,11.0,200,0.0,0.0
2023-12-01 00:00:00-05:00,11.34000015258789,11.34000015258789,11.100000381469727,11.100000381469727,1200,0.0,0.0
2023-12-04 00:00:00-05:00,11.050000190734863,11.199999809265137,11.010000228881836,11.029999732971191,10700,0.0,0.0
2023-12-05 00:00:00-05:00,11.5,11.5,11.199999809265137,11.239999771118164,4400,0.0,0.0
2023-12-06 00:00:00-05:00,11.239999771118164,11.239999771118164,11.239999771118164,11.239999771118164,0,0.0,0.0
2023-12-07 00:00:00-05:00,11.170000076293945,11.199999809265137,11.0,11.039999961853027,2900,0.0,0.0
2023-12-08 00:00:00-05:00,11.020000457763672,11.050000190734863,11.0,11.010000228881836,1900,0.0,0.0
2023-12-11 00:00:00-05:00,11.010000228881836,11.010000228881836,11.0,11.0,700,0.0,0.0
2023-12-12 00:00:00-05:00,11.0,11.0,11.0,11.0,0,0.0,0.0
2023-12-13 00:00:00-05:00,11.100000381469727,11.100000381469727,10.989999771118164,10.989999771118164,900,0.0,0.0
2023-12-14 00:00:00-05:00,10.989999771118164,10.989999771118164,10.989999771118164,10.989999771118164,0,0.0,0.0
2023-12-15 00:00:00-05:00,10.989999771118164,10.989999771118164,10.989999771118164,10.989999771118164,100,0.0,0.0
2023-12-18 00:00:00-05:00,10.989999771118164,10.989999771118164,10.989999771118164,10.989999771118164,0,0.0,0.0
2023-12-19 00:00:00-05:00,10.989999771118164,10.989999771118164,10.989999771118164,10.989999771118164,0,0.0,0.0
2023-12-20 00:00:00-05:00,10.989999771118164,10.989999771118164,10.989999771118164,10.989999771118164,0,0.0,0.0
2023-12-21 00:00:00-05:00,10.989999771118164,10.989999771118164,10.989999771118164,10.989999771118164,0,0.0,0.0
2023-12-22 00:00:00-05:00,10.989999771118164,10.989999771118164,10.989999771118164,10.989999771118164,0,0.0,0.0
2023-12-26 00:00:00-05:00,10.989999771118164,10.989999771118164,10.989999771118164,10.989999771118164,0,0.0,0.0
2023-12-27 00:00:00-05:00,10.989999771118164,10.989999771118164,10.989999771118164,10.989999771118164,0,0.0,0.0
2023-12-28 00:00:00-05:00,10.989999771118164,10.989999771118164,10.989999771118164,10.989999771118164,0,0.0,0.0
2023-12-29 00:00:00-05:00,10.989999771118164,10.989999771118164,10.989999771118164,10.989999771118164,0,0.0,0.0
2024-01-02 00:00:00-05:00,10.989999771118164,10.989999771118164,10.989999771118164,10.989999771118164,0,0.0,0.0
2024-01-03 00:00:00-05:00,10.989999771118164,10.989999771118164,10.989999771118164,10.989999771118164,0,0.0,0.0
2024-01-04 00:00:00-05:00,10.989999771118164,10.989999771118164,10.989999771118164,10.989999771118164,0,0.0,0.0
2024-01-05 00:00:00-05:00,10.989999771118164,10.989999771118164,10.989999771118164,10.989999771118164,0,0.0,0.0
2024-01-08 00:00:00-05:00,10.989999771118164,10.989999771118164,10.989999771118164,10.989999771118164,0,0.0,0.0
2024-01-09 00:00:00-05:00,10.989999771118164,10.989999771118164,10.989999771118164,10.989999771118164,0,0.0,0.0
2024-01-10 00:00:00-05:00,10.989999771118164,10.989999771118164,10.989999771118164,10.989999771118164,0,0.0,0.0
2024-01-11 00:00:00-05:00,10.989999771118164,10.989999771118164,10.989999771118164,10.989999771118164,0,0.0,0.0
2024-01-12 00:00:00-05:00,10.989999771118164,10.989999771118164,10.989999771118164,10.989999771118164,0,0.0,0.0
2024-01-16 00:00:00-05:00,10.989999771118164,10.989999771118164,10.989999771118164,10.989999771118164,0,0.0,0.0
2024-01-17 00:00:00-05:00,11.029999732971191,11.029999732971191,11.020000457763672,11.020000457763672,200,0.0,0.0
2024-01-18 00:00:00-05:00,11.020000457763672,11.020000457763672,11.020000457763672,11.020000457763672,0,0.0,0.0
2024-01-19 00:00:00-05:00,11.020000457763672,11.020000457763672,11.020000457763672,11.020000457763672,0,0.0,0.0
2024-01-22 00:00:00-05:00,11.020000457763672,11.020000457763672,11.0,11.0,51700,0.0,0.0
2024-01-23 00:00:00-05:00,11.010000228881836,11.010000228881836,11.008000373840332,11.010000228881836,4400,0.0,0.0
2024-01-24 00:00:00-05:00,11.100000381469727,11.100000381469727,11.0,11.0,700,0.0,0.0
2024-01-25 00:00:00-05:00,11.0,11.0,11.0,11.0,0,0.0,0.0
2024-01-26 00:00:00-05:00,11.0600004196167,11.0600004196167,11.0600004196167,11.0600004196167,100,0.0,0.0
2024-01-29 00:00:00-05:00,11.0600004196167,11.0600004196167,11.0600004196167,11.0600004196167,0,0.0,0.0
2024-01-30 00:00:00-05:00,11.0600004196167,11.0600004196167,11.0600004196167,11.0600004196167,0,0.0,0.0
2024-01-31 00:00:00-05:00,11.0600004196167,11.0600004196167,11.0600004196167,11.0600004196167,0,0.0,0.0
2024-02-01 00:00:00-05:00,11.199999809265137,11.199999809265137,11.199999809265137,11.199999809265137,100,0.0,0.0
2024-02-02 00:00:00-05:00,11.199999809265137,11.199999809265137,11.199999809265137,11.199999809265137,0,0.0,0.0
2024-02-05 00:00:00-05:00,11.0600004196167,11.100000381469727,11.010000228881836,11.0600004196167,4000,0.0,0.0
2024-02-06 00:00:00-05:00,11.0600004196167,11.0600004196167,11.0600004196167,11.0600004196167,0,0.0,0.0
2024-02-07 00:00:00-05:00,11.199999809265137,11.199999809265137,11.199999809265137,11.199999809265137,100,0.0,0.0
2024-02-08 00:00:00-05:00,11.199999809265137,11.199999809265137,11.199999809265137,11.199999809265137,0,0.0,0.0
2024-02-09 00:00:00-05:00,11.0600004196167,11.109999656677246,11.020000457763672,11.0600004196167,3000,0.0,0.0
2024-02-12 00:00:00-05:00,11.199999809265137,11.199999809265137,11.199999809265137,11.199999809265137,100,0.0,0.0
2024-02-13 00:00:00-05:00,11.0600004196167,11.25,11.0600004196167,11.25,10500,0.0,0.0
2024-02-14 00:00:00-05:00,11.100000381469727,11.100000381469727,11.100000381469727,11.100000381469727,2100,0.0,0.0
2024-02-15 00:00:00-05:00,11.210000038146973,11.25,11.210000038146973,11.25,500,0.0,0.0
2024-02-16 00:00:00-05:00,11.100000381469727,11.100000381469727,11.100000381469727,11.100000381469727,2600,0.0,0.0
2024-02-20 00:00:00-05:00,11.20199966430664,11.210000038146973,11.20199966430664,11.210000038146973,200,0.0,0.0
2024-02-21 00:00:00-05:00,11.100000381469727,11.100000381469727,11.100000381469727,11.100000381469727,2100,0.0,0.0
2024-02-22 00:00:00-05:00,11.100000381469727,11.100000381469727,11.100000381469727,11.100000381469727,300,0.0,0.0
2024-02-23 00:00:00-05:00,11.170000076293945,11.170000076293945,11.170000076293945,11.170000076293945,200,0.0,0.0
2024-02-26 00:00:00-05:00,11.100000381469727,11.100000381469727,11.100000381469727,11.100000381469727,2500,0.0,0.0
2024-02-27 00:00:00-05:00,11.170000076293945,11.170000076293945,11.170000076293945,11.170000076293945,100,0.0,0.0
2024-02-28 00:00:00-05:00,11.100000381469727,11.100000381469727,11.100000381469727,11.100000381469727,1000,0.0,0.0
2024-02-29 00:00:00-05:00,11.208999633789062,11.208999633789062,11.208999633789062,11.208999633789062,100,0.0,0.0
2024-03-01 00:00:00-05:00,11.100000381469727,11.100000381469727,11.100000381469727,11.100000381469727,1800,0.0,0.0
2024-03-04 00:00:00-05:00,11.210000038146973,11.210000038146973,11.210000038146973,11.210000038146973,500,0.0,0.0
2024-03-05 00:00:00-05:00,11.100000381469727,11.100000381469727,11.100000381469727,11.100000381469727,700,0.0,0.0
2024-03-06 00:00:00-05:00,11.210000038146973,11.210000038146973,11.210000038146973,11.210000038146973,600,0.0,0.0
2024-03-07 00:00:00-05:00,11.100000381469727,11.100000381469727,11.100000381469727,11.100000381469727,3400,0.0,0.0
2024-03-08 00:00:00-05:00,11.170000076293945,11.170000076293945,11.170000076293945,11.170000076293945,100,0.0,0.0
2024-03-11 00:00:00-04:00,11.100000381469727,11.100000381469727,11.100000381469727,11.100000381469727,700,0.0,0.0
2024-03-12 00:00:00-04:00,11.180000305175781,11.180000305175781,11.100000381469727,11.100000381469727,900,0.0,0.0
2024-03-13 00:00:00-04:00,11.210000038146973,11.210000038146973,11.210000038146973,11.210000038146973,200,0.0,0.0
2024-03-14 00:00:00-04:00,11.100000381469727,11.100000381469727,11.100000381469727,11.100000381469727,1500,0.0,0.0
2024-03-15 00:00:00-04:00,11.210000038146973,11.210000038146973,11.210000038146973,11.210000038146973,200,0.0,0.0
2024-03-18 00:00:00-04:00,11.210000038146973,11.210000038146973,11.210000038146973,11.210000038146973,0,0.0,0.0
2024-03-19 00:00:00-04:00,11.210000038146973,11.210000038146973,11.210000038146973,11.210000038146973,0,0.0,0.0
2024-03-20 00:00:00-04:00,11.210000038146973,11.210000038146973,11.210000038146973,11.210000038146973,0,0.0,0.0
2024-03-21 00:00:00-04:00,11.079999923706055,11.100000381469727,11.079999923706055,11.100000381469727,1100,0.0,0.0
2024-03-22 00:00:00-04:00,11.180000305175781,11.180000305175781,11.180000305175781,11.180000305175781,100,0.0,0.0
2024-03-25 00:00:00-04:00,11.180000305175781,11.180000305175781,11.180000305175781,11.180000305175781,0,0.0,0.0
2024-03-26 00:00:00-04:00,11.100000381469727,11.100000381469727,11.100000381469727,11.100000381469727,800,0.0,0.0
2024-03-27 00:00:00-04:00,11.210000038146973,11.210000038146973,11.210000038146973,11.210000038146973,200,0.0,0.0
2024-03-28 00:00:00-04:00,11.210000038146973,11.210000038146973,11.210000038146973,11.210000038146973,0,0.0,0.0
2024-04-01 00:00:00-04:00,11.119999885559082,11.119999885559082,11.119999885559082,11.119999885559082,3100,0.0,0.0
2024-04-02 00:00:00-04:00,16.739999771118164,16.739999771118164,11.0600004196167,11.109999656677246,6200,0.0,0.0
2024-04-03 00:00:00-04:00,11.050000190734863,11.25,11.050000190734863,11.0600004196167,2000,0.0,0.0
2024-04-04 00:00:00-04:00,11.199999809265137,11.199999809265137,11.064000129699707,11.199000358581543,700,0.0,0.0
2024-04-05 00:00:00-04:00,11.100000381469727,11.220000267028809,11.069999694824219,11.069999694824219,4400,0.0,0.0
2024-04-08 00:00:00-04:00,11.199999809265137,11.199999809265137,11.050000190734863,11.09000015258789,1200,0.0,0.0
2024-04-09 00:00:00-04:00,11.170000076293945,11.170000076293945,11.170000076293945,11.170000076293945,100,0.0,0.0
2024-04-10 00:00:00-04:00,11.210000038146973,11.210000038146973,11.100000381469727,11.180000305175781,1100,0.0,0.0
2024-04-11 00:00:00-04:00,11.210000038146973,11.210000038146973,11.100000381469727,11.100000381469727,400,0.0,0.0
2024-04-12 00:00:00-04:00,11.210000038146973,11.220000267028809,11.10099983215332,11.149999618530273,600,0.0,0.0
2024-04-15 00:00:00-04:00,11.210000038146973,11.220000267028809,11.210000038146973,11.220000267028809,200,0.0,0.0
2024-04-16 00:00:00-04:00,11.220000267028809,11.220000267028809,11.220000267028809,11.220000267028809,0,0.0,0.0
2024-04-17 00:00:00-04:00,11.220000267028809,11.220000267028809,11.220000267028809,11.220000267028809,0,0.0,0.0
2024-04-18 00:00:00-04:00,11.069999694824219,11.25,11.069999694824219,11.25,300,0.0,0.0
2024-04-19 00:00:00-04:00,11.25,11.25,11.25,11.25,0,0.0,0.0
2024-04-22 00:00:00-04:00,11.25,11.25,11.25,11.25,0,0.0,0.0
2024-04-23 00:00:00-04:00,11.069999694824219,11.25,11.0600004196167,11.25,1700,0.0,0.0
2024-04-24 00:00:00-04:00,11.25,11.25,11.25,11.25,0,0.0,0.0
2024-04-25 00:00:00-04:00,11.069999694824219,11.25,11.0600004196167,11.100000381469727,8800,0.0,0.0
2024-04-26 00:00:00-04:00,11.229999542236328,11.229999542236328,11.229999542236328,11.229999542236328,100,0.0,0.0
2024-04-29 00:00:00-04:00,11.100000381469727,11.100000381469727,11.079999923706055,11.079999923706055,300,0.0,0.0
2024-04-30 00:00:00-04:00,11.079999923706055,11.079999923706055,11.079999923706055,11.079999923706055,0,0.0,0.0
2024-05-01 00:00:00-04:00,11.229999542236328,11.229999542236328,11.229999542236328,11.229999542236328,200,0.0,0.0
2024-05-02 00:00:00-04:00,11.229999542236328,11.229999542236328,11.229999542236328,11.229999542236328,0,0.0,0.0
2024-05-03 00:00:00-04:00,11.229999542236328,11.229999542236328,11.229999542236328,11.229999542236328,0,0.0,0.0
2024-05-06 00:00:00-04:00,11.229999542236328,11.229999542236328,11.229999542236328,11.229999542236328,0,0.0,0.0
2024-05-07 00:00:00-04:00,11.229999542236328,11.229999542236328,11.229999542236328,11.229999542236328,0,0.0,0.0
2024-05-08 00:00:00-04:00,11.229999542236328,11.229999542236328,11.229999542236328,11.229999542236328,0,0.0,0.0
2024-05-09 00:00:00-04:00,11.229999542236328,11.229999542236328,11.229999542236328,11.229999542236328,0,0.0,0.0
2024-05-10 00:00:00-04:00,11.229999542236328,11.229999542236328,11.229999542236328,11.229999542236328,100,0.0,0.0
2024-05-13 00:00:00-04:00,11.180000305175781,11.199999809265137,11.180000305175781,11.180000305175781,500,0.0,0.0
2024-05-14 00:00:00-04:00,11.220000267028809,11.220000267028809,11.220000267028809,11.220000267028809,2700,0.0,0.0
2024-05-15 00:00:00-04:00,11.199999809265137,11.220000267028809,11.199999809265137,11.220000267028809,600,0.0,0.0
2024-05-16 00:00:00-04:00,11.199999809265137,11.199999809265137,11.199999809265137,11.199999809265137,10600,0.0,0.0
2024-05-17 00:00:00-04:00,11.218999862670898,11.220000267028809,11.218999862670898,11.220000267028809,200,0.0,0.0
2024-05-20 00:00:00-04:00,11.220000267028809,11.220000267028809,11.220000267028809,11.220000267028809,0,0.0,0.0
2024-05-21 00:00:00-04:00,11.220000267028809,11.220000267028809,11.220000267028809,11.220000267028809,0,0.0,0.0
2024-05-22 00:00:00-04:00,11.220000267028809,11.300000190734863,11.220000267028809,11.300000190734863,3800,0.0,0.0
2024-05-23 00:00:00-04:00,11.220000267028809,11.25,11.220000267028809,11.25,600,0.0,0.0
2024-05-24 00:00:00-04:00,11.25,11.25,11.25,11.25,100,0.0,0.0
2024-05-28 00:00:00-04:00,11.25,11.25,11.149999618530273,11.25,3400,0.0,0.0
2024-05-29 00:00:00-04:00,11.239999771118164,11.25,11.239999771118164,11.25,1200,0.0,0.0
2024-05-30 00:00:00-04:00,11.300000190734863,11.300000190734863,11.300000190734863,11.300000190734863,3500,0.0,0.0
2024-05-31 00:00:00-04:00,11.300000190734863,11.300000190734863,11.300000190734863,11.300000190734863,0,0.0,0.0
2024-06-03 00:00:00-04:00,11.805000305175781,11.805000305175781,11.805000305175781,11.805000305175781,600,0.0,0.0
2024-06-04 00:00:00-04:00,11.5,11.5,11.300000190734863,11.489999771118164,2200,0.0,0.0
2024-06-05 00:00:00-04:00,11.460000038146973,11.5,11.289999961853027,11.5,5800,0.0,0.0
2024-06-06 00:00:00-04:00,11.5,11.5,11.5,11.5,300,0.0,0.0
2024-06-07 00:00:00-04:00,11.5,11.5,11.5,11.5,0,0.0,0.0
2024-06-10 00:00:00-04:00,11.5,11.5,11.5,11.5,0,0.0,0.0
2024-06-11 00:00:00-04:00,11.5,11.5,11.5,11.5,0,0.0,0.0
2024-06-12 00:00:00-04:00,11.5,11.5,11.5,11.5,0,0.0,0.0
2024-06-13 00:00:00-04:00,11.489999771118164,11.489999771118164,11.479999542236328,11.479999542236328,300,0.0,0.0
2024-06-14 00:00:00-04:00,11.489999771118164,11.489999771118164,11.489999771118164,11.489999771118164,500,0.0,0.0
2024-06-17 00:00:00-04:00,11.699999809265137,11.699999809265137,11.699999809265137,11.699999809265137,100,0.0,0.0
2024-06-18 00:00:00-04:00,11.699999809265137,11.699999809265137,11.699999809265137,11.699999809265137,300,0.0,0.0
2024-06-20 00:00:00-04:00,11.699999809265137,11.699999809265137,11.699999809265137,11.699999809265137,0,0.0,0.0
2024-06-21 00:00:00-04:00,11.699999809265137,11.699999809265137,11.699999809265137,11.699999809265137,0,0.0,0.0
2024-06-24 00:00:00-04:00,11.699999809265137,11.699999809265137,11.699999809265137,11.699999809265137,0,0.0,0.0
2024-06-25 00:00:00-04:00,11.699999809265137,11.699999809265137,11.699999809265137,11.699999809265137,0,0.0,0.0
2024-06-26 00:00:00-04:00,11.479999542236328,11.789999961853027,11.479999542236328,11.550000190734863,1600,0.0,0.0
2024-06-27 00:00:00-04:00,11.699999809265137,11.699999809265137,11.699999809265137,11.699999809265137,200,0.0,0.0
2024-06-28 00:00:00-04:00,11.699999809265137,11.699999809265137,11.699999809265137,11.699999809265137,0,0.0,0.0
2024-07-01 00:00:00-04:00,11.520000457763672,11.949999809265137,11.5,11.949999809265137,1100,0.0,0.0
2024-07-02 00:00:00-04:00,11.949999809265137,11.949999809265137,11.949999809265137,11.949999809265137,300,0.0,0.0
2024-07-03 00:00:00-04:00,11.949999809265137,11.949999809265137,11.949999809265137,11.949999809265137,0,0.0,0.0
2024-07-05 00:00:00-04:00,11.949999809265137,11.949999809265137,11.949999809265137,11.949999809265137,0,0.0,0.0
2024-07-08 00:00:00-04:00,11.300000190734863,11.300000190734863,11.300000190734863,11.300000190734863,100,0.0,0.0
2024-07-09 00:00:00-04:00,11.4399995803833,11.449999809265137,11.4399995803833,11.449999809265137,900,0.0,0.0
2024-07-10 00:00:00-04:00,11.449999809265137,11.449999809265137,11.449999809265137,11.449999809265137,0,0.0,0.0
2024-07-11 00:00:00-04:00,11.449999809265137,11.449999809265137,11.449999809265137,11.449999809265137,0,0.0,0.0
2024-07-12 00:00:00-04:00,11.449999809265137,11.449999809265137,11.449999809265137,11.449999809265137,200,0.0,0.0
2024-07-15 00:00:00-04:00,11.449999809265137,11.449999809265137,11.4399995803833,11.449999809265137,1200,0.0,0.0
2024-07-16 00:00:00-04:00,11.449999809265137,11.449999809265137,11.449999809265137,11.449999809265137,200,0.0,0.0
2024-07-17 00:00:00-04:00,11.4399995803833,11.449999809265137,11.4399995803833,11.449999809265137,200,0.0,0.0
2024-07-18 00:00:00-04:00,11.449999809265137,11.699999809265137,11.430000305175781,11.699999809265137,1400,0.0,0.0
2024-07-19 00:00:00-04:00,11.430000305175781,11.859999656677246,11.430000305175781,11.859999656677246,1100,0.0,0.0
2024-07-22 00:00:00-04:00,11.859999656677246,11.859999656677246,11.859999656677246,11.859999656677246,0,0.0,0.0
2024-07-23 00:00:00-04:00,11.859999656677246,11.859999656677246,11.859999656677246,11.859999656677246,0,0.0,0.0
2024-07-24 00:00:00-04:00,11.859999656677246,11.859999656677246,11.859999656677246,11.859999656677246,0,0.0,0.0
2024-07-25 00:00:00-04:00,11.449999809265137,11.970000267028809,11.350000381469727,11.970000267028809,2900,0.0,0.0
2024-07-26 00:00:00-04:00,11.489999771118164,11.800000190734863,11.489999771118164,11.699999809265137,3200,0.0,0.0
2024-07-29 00:00:00-04:00,11.5,11.5,11.489999771118164,11.489999771118164,2000,0.0,0.0
2024-07-30 00:00:00-04:00,11.5,11.5,11.5,11.5,100,0.0,0.0
2024-07-31 00:00:00-04:00,11.854999542236328,11.854999542236328,11.630000114440918,11.630000114440918,500,0.0,0.0
2024-08-01 00:00:00-04:00,11.630000114440918,11.630000114440918,11.630000114440918,11.630000114440918,0,0.0,0.0
2024-08-02 00:00:00-04:00,11.630000114440918,11.630000114440918,11.630000114440918,11.630000114440918,0,0.0,0.0
