Date,Open,High,Low,Close,Volume,Dividends,Stock Splits
2001-01-01 00:00:00+09:00,465.21966552734375,465.21966552734375,465.21966552734375,465.21966552734375,0,0.0,0.0
2001-01-02 00:00:00+09:00,465.21966552734375,465.21966552734375,465.21966552734375,465.21966552734375,0,0.0,0.0
2001-01-03 00:00:00+09:00,465.21966552734375,465.21966552734375,465.21966552734375,465.21966552734375,0,0.0,0.0
2001-01-04 00:00:00+09:00,461.6316860293967,465.21949706071325,456.2499694824219,456.2499694824219,43000,0.0,0.0
2001-01-05 00:00:00+09:00,456.24991545589575,460.4356944967755,454.4560101526616,455.6519470214844,99000,0.0,0.0
2001-01-08 00:00:00+09:00,455.6519470214844,455.6519470214844,455.6519470214844,455.6519470214844,0,0.0,0.0
2001-01-09 00:00:00+09:00,454.45607163718284,454.45607163718284,447.2804494534379,447.87841796875,98000,0.0,0.0
2001-01-10 00:00:00+09:00,447.87832810685444,448.4762965021907,440.70270736281935,442.4966125488281,116000,0.0,0.0
2001-01-11 00:00:00+09:00,439.50701904296875,443.69280017671133,439.50701904296875,439.50701904296875,120000,0.0,0.0
2001-01-12 00:00:00+09:00,436.5169982910156,436.5169982910156,427.54747092887146,436.5169982910156,188000,0.0,0.0
2001-01-15 00:00:00+09:00,435.9191050686679,439.50691663301905,435.3211364746093,435.3211364746094,25000,0.0,0.0
2001-01-16 00:00:00+09:00,437.1149667818252,440.7027777266829,431.7332503645387,436.5169982910156,115000,0.0,0.0
2001-01-17 00:00:00+09:00,442.4966125488281,445.48645452550943,438.31083378147434,442.4966125488281,164000,0.0,0.0
2001-01-18 00:00:00+09:00,447.87854281715727,447.87854281715727,434.72323181318205,440.1049499511719,181000,0.0,0.0
2001-01-19 00:00:00+09:00,440.7029820513982,448.4765760360226,438.3111069792061,444.8887634277344,216000,0.0,0.0
2001-01-22 00:00:00+09:00,448.47647647729656,449.6724137479027,442.49679012426594,445.48663330078125,187000,0.0,0.0
2001-01-23 00:00:00+09:00,451.4663031728644,454.4561462402343,446.68255426507244,454.4561462402344,96000,0.0,0.0
2001-01-24 00:00:00+09:00,457.44593085683925,457.44593085683925,449.07437133789057,449.0743713378906,132000,0.0,0.0
2001-01-25 00:00:00+09:00,451.4662290606225,452.06419757593454,446.6824809381258,447.87841796875,32000,0.0,0.0
2001-01-26 00:00:00+09:00,453.85809546154417,456.2499694824219,449.07434741978875,456.2499694824219,225000,0.0,0.0
2001-01-29 00:00:00+09:00,456.2500771117366,457.4460144042968,451.4663279414956,457.4460144042969,34000,0.0,0.0
2001-01-30 00:00:00+09:00,458.04418197293637,460.43605759681594,453.26043072517723,458.64215087890625,120000,0.0,0.0
2001-01-31 00:00:00+09:00,456.8479796570617,460.435791015625,453.2601682984984,460.435791015625,59000,0.0,0.0
2001-02-01 00:00:00+09:00,460.43605759681594,460.43605759681594,453.26043072517723,458.64215087890625,71000,0.0,0.0
2001-02-02 00:00:00+09:00,464.0237107351036,464.0237107351036,456.84808634229273,461.6318359375,154000,0.0,0.0
2001-02-05 00:00:00+09:00,451.46633188560526,453.2602378401176,451.46633188560526,452.0643005371094,28000,0.0,0.0
2001-02-06 00:00:00+09:00,451.4662742359411,451.4662742359411,445.4865884844717,446.6825256347656,58000,0.0,0.0
2001-02-07 00:00:00+09:00,445.48663330078125,450.27038238320574,443.69272739487207,445.48663330078125,65000,0.0,0.0
2001-02-08 00:00:00+09:00,443.09490135627067,448.47662080594193,440.10505721756437,441.3009948730469,147000,0.0,0.0
2001-02-09 00:00:00+09:00,438.9089062077386,452.0642140232294,438.9089062077386,449.0743713378906,165000,0.0,0.0
2001-02-12 00:00:00+09:00,449.07437133789057,449.07437133789057,449.07437133789057,449.0743713378906,0,0.0,0.0
2001-02-13 00:00:00+09:00,456.25002283711666,456.25002283711666,446.6825256347656,446.6825256347656,102000,0.0,0.0
2001-02-14 00:00:00+09:00,451.46633188560526,455.6521124461341,449.6724259310929,452.0643005371094,133000,0.0,0.0
2001-02-15 00:00:00+09:00,452.0643005371094,457.4460184006464,452.0643005371094,452.0643005371094,111000,0.0,0.0
2001-02-16 00:00:00+09:00,452.0642628436674,460.43582326669826,451.46629424202234,452.6622314453125,139000,0.0,0.0
2001-02-19 00:00:00+09:00,449.0745397722262,453.8582898630089,447.87860224953056,450.2704772949219,84000,0.0,0.0
2001-02-20 00:00:00+09:00,445.48661703812445,455.0541148537083,445.48661703812445,454.4561462402344,48000,0.0,0.0
2001-02-21 00:00:00+09:00,449.0744287189684,457.4459893076043,449.0744287189684,454.4561462402344,64000,0.0,0.0
2001-02-22 00:00:00+09:00,455.6521124461341,455.6521124461341,452.0643005371094,452.0643005371094,65000,0.0,0.0
2001-02-23 00:00:00+09:00,448.4764351750052,451.4662780761719,448.4764351750052,451.4662780761719,263000,0.0,0.0
2001-02-26 00:00:00+09:00,456.2500110973011,460.435791015625,454.4561054180195,460.435791015625,260000,0.0,0.0
2001-02-27 00:00:00+09:00,460.4357159851463,469.40524291992193,456.2499367489177,469.4052429199219,281000,0.0,0.0
2001-02-28 00:00:00+09:00,467.61152293150906,467.61152293150906,457.4460550416936,461.6318359375,53000,0.0,0.0
2001-03-01 00:00:00+09:00,461.63177138723006,464.6216144661629,456.84802246093756,456.8480224609375,27000,0.0,0.0
2001-03-02 00:00:00+09:00,456.25008109763814,456.25008109763814,450.86836323410114,452.0643005371094,109000,0.0,0.0
2001-03-05 00:00:00+09:00,458.0439167765828,462.82766525466724,450.2703254996956,460.435791015625,271000,0.0,0.0
2001-03-06 00:00:00+09:00,460.4357668201027,469.4052947451696,459.8377982917649,467.61138916015625,147000,0.0,0.0
2001-03-07 00:00:00+09:00,467.61174753602876,469.40565449588564,464.023933616315,465.8178405761719,93000,0.0,0.0
2001-03-08 00:00:00+09:00,459.8378817406398,461.03381901434756,458.0439758300781,458.0439758300781,247000,0.0,0.0
2001-03-09 00:00:00+09:00,467.0133714180331,474.18899300192095,464.0235290914132,471.797119140625,217000,0.0,0.0
2001-03-12 00:00:00+09:00,470.0034350770892,473.5912475585937,468.80749758325436,473.59124755859375,170000,0.0,0.0
2001-03-13 00:00:00+09:00,469.40524291992193,472.39508523151375,464.02352675905655,469.4052429199219,164000,0.0,0.0
2001-03-14 00:00:00+09:00,469.40524291992193,469.40524291992193,469.40524291992193,469.4052429199219,0,0.0,0.0
2001-03-15 00:00:00+09:00,465.8174721994708,465.8174721994708,456.2499759797127,463.42559814453125,132000,0.0,0.0
2001-03-16 00:00:00+09:00,464.02371356670676,469.40543189415564,464.02371356670676,466.41558837890625,77000,0.0,0.0
2001-03-19 00:00:00+09:00,466.41549869459504,471.797215987225,466.41549869459504,468.807373046875,147000,0.0,0.0
2001-03-20 00:00:00+09:00,468.807373046875,468.807373046875,468.807373046875,468.807373046875,0,0.0,0.0
2001-03-21 00:00:00+09:00,468.80742521367523,490.3342967796093,464.6216446314103,489.736328125,456000,0.0,0.0
2001-03-22 00:00:00+09:00,489.7365255320644,489.7365255320644,481.36496099305475,486.1487121582031,159000,0.0,0.0
2001-03-23 00:00:00+09:00,490.3343346183049,490.932303319059,484.9526163115187,489.1383972167969,134000,0.0,0.0
2001-03-26 00:00:00+09:00,494.51999196466414,507.0773315429688,490.9321806565771,507.07733154296875,297000,0.0,0.0
2001-03-27 00:00:00+09:00,495.6619873046875,501.069208984375,492.05717285156254,495.6619873046875,247000,4.0,0.0
2001-03-28 00:00:00+09:00,495.66212368011475,498.66613655090333,480.6420593261719,480.6420593261719,398000,0.0,0.0
2001-03-29 00:00:00+09:00,481.242919921875,491.4565649139747,480.6421172752809,481.242919921875,233000,0.0,0.0
2001-03-30 00:00:00+09:00,487.2508876419068,492.0573082351685,480.6420593261719,480.6420593261719,134000,0.0,0.0
2001-04-02 00:00:00+09:00,483.64607294594373,492.6581115722656,483.64607294594373,492.6581115722656,78000,0.0,0.0
2001-04-03 00:00:00+09:00,486.65019492259484,492.65822202040465,481.242970534566,489.05340576171875,91000,0.0,0.0
2001-04-04 00:00:00+09:00,483.64624812685213,489.0534732611896,481.84383974873964,487.85186767578125,73000,0.0,0.0
2001-04-05 00:00:00+09:00,494.46039012528837,502.2708215610463,492.65798287088273,500.4684143066406,364000,0.0,0.0
2001-04-06 00:00:00+09:00,499.867717565709,499.867717565709,490.85567938844264,491.45648193359375,191000,0.0,0.0
2001-04-09 00:00:00+09:00,489.0533081503475,495.06133404900044,487.25090038075166,490.2549133300781,88000,0.0,0.0
2001-04-10 00:00:00+09:00,502.8718271430586,502.8718271430586,490.85577392578125,490.85577392578125,72000,0.0,0.0
2001-04-11 00:00:00+09:00,493.8596921141981,493.8596921141981,490.85567938844264,491.45648193359375,51000,0.0,0.0
2001-04-12 00:00:00+09:00,490.2550513929562,492.0574596701362,482.4446155251763,487.25103759765625,79000,0.0,0.0
2001-04-13 00:00:00+09:00,491.4565213600301,491.4565213600301,481.84367986643537,483.6460876464844,104000,0.0,0.0
2001-04-16 00:00:00+09:00,484.247022062763,489.05344411797654,481.8438110351562,481.84381103515625,122000,0.0,0.0
2001-04-17 00:00:00+09:00,481.8437919994392,486.04941113160385,481.2429892662728,485.4486083984375,81000,0.0,0.0
2001-04-18 00:00:00+09:00,486.6499938964844,486.6499938964844,481.8435742036796,486.6499938964844,99000,0.0,0.0
2001-04-19 00:00:00+09:00,489.65409869682503,492.6581115722656,484.2468755210318,492.6581115722656,183000,0.0,0.0
2001-04-20 00:00:00+09:00,486.6501793494591,492.658206255008,484.24696858723956,492.0574035644531,129000,0.0,0.0
2001-04-23 00:00:00+09:00,492.6580185124904,498.06524066689576,486.6499938964844,486.6499938964844,155000,0.0,0.0
2001-04-24 00:00:00+09:00,484.84782656141624,489.0534458748362,477.6381934526963,487.25103759765625,743000,0.0,0.0
2001-04-25 00:00:00+09:00,489.6542583497865,496.86389160156256,489.0534555788052,496.8638916015625,375000,0.0,0.0
2001-04-26 00:00:00+09:00,489.6542583497865,496.86389160156256,489.0534555788052,496.8638916015625,375000,0.0,0.0
2001-04-27 00:00:00+09:00,499.8676041666667,501.069208984375,492.65797526041666,495.6619873046875,199000,0.0,0.0
2001-04-30 00:00:00+09:00,495.6619873046875,495.6619873046875,495.6619873046875,495.6619873046875,0,0.0,0.0
2001-05-01 00:00:00+09:00,498.66633829167137,501.06954956054693,496.26312702279586,501.0695495605469,165000,0.0,0.0
2001-05-02 00:00:00+09:00,502.2708215610463,503.4724263973167,498.06520463409976,500.4684143066406,184000,0.0,0.0
2001-05-03 00:00:00+09:00,500.4684143066406,500.4684143066406,500.4684143066406,500.4684143066406,0,0.0,0.0
2001-05-04 00:00:00+09:00,500.4684143066406,500.4684143066406,500.4684143066406,500.4684143066406,0,0.0,0.0
2001-05-07 00:00:00+09:00,500.4686186210961,502.2710266113281,495.6621973138106,502.2710266113281,1800,0.0,0.0
2001-05-08 00:00:00+09:00,498.66599934895834,501.069208984375,492.65797526041666,495.6619873046875,2300,0.0,0.0
2001-05-09 00:00:00+09:00,495.6622197077824,495.6622197077824,486.6501793494591,492.0574035644531,700,0.0,0.0
2001-05-10 00:00:00+09:00,496.2630223983373,496.2630223983373,489.6541928022335,492.0574035644531,1300,0.0,0.0
2001-05-11 00:00:00+09:00,490.8557435216514,493.85975663989893,484.24691466150676,484.84771728515625,1300,0.0,0.0
2001-05-14 00:00:00+09:00,484.84773580143957,485.4485384480337,480.6421172752809,481.242919921875,2200,0.0,0.0
2001-05-15 00:00:00+09:00,482.4446266575863,483.04542943050984,478.23900724712166,479.44061279296875,167000,0.0,0.0
2001-05-16 00:00:00+09:00,480.0414187863301,484.2470382250088,478.8398132324219,478.8398132324219,136000,0.0,0.0
2001-05-17 00:00:00+09:00,480.6420623435544,480.6420623435544,474.63403656426,480.041259765625,112000,0.0,0.0
2001-05-18 00:00:00+09:00,477.63804002241653,481.84365798487806,475.83563232421875,475.83563232421875,84000,0.0,0.0
2001-05-21 00:00:00+09:00,481.24294357018283,489.65418103582897,479.44053554183006,488.45257568359375,160000,0.0,0.0
2001-05-22 00:00:00+09:00,494.46051929753,495.0613218726182,489.65409869682503,492.6581115722656,171000,0.0,0.0
2001-05-23 00:00:00+09:00,489.6542137498693,495.0614381961869,486.65020016858176,493.8598327636719,216000,0.0,0.0
2001-05-24 00:00:00+09:00,499.26701380842826,501.0694218005164,495.66219782425185,496.26300048828125,404000,0.0,0.0
2001-05-25 00:00:00+09:00,500.46847411812723,500.46847411812723,492.6580417489368,494.46044921875,129000,0.0,0.0
2001-05-28 00:00:00+09:00,494.4606354799294,498.6662544937319,489.6542137498693,493.8598327636719,59000,0.0,0.0
2001-05-29 00:00:00+09:00,492.65831096625766,492.65831096625766,489.65429687499994,489.654296875,52000,0.0,0.0
2001-05-30 00:00:00+09:00,489.0533356507028,489.65413827435236,484.24691466150676,484.84771728515625,64000,0.0,0.0
2001-05-31 00:00:00+09:00,481.84386023773004,489.65429687499994,481.84386023773004,489.654296875,79000,0.0,0.0
2001-06-01 00:00:00+09:00,484.8478743289877,489.65429687499994,483.6462686924846,489.654296875,84000,0.0,0.0
2001-06-04 00:00:00+09:00,489.65409869682503,493.85971672244193,486.6500858213844,492.6581115722656,62000,0.0,0.0
2001-06-05 00:00:00+09:00,492.6582900174146,492.6582900174146,486.65026209037296,487.85186767578125,100000,0.0,0.0
2001-06-06 00:00:00+09:00,483.6461059419422,492.0573425670195,483.6461059419422,486.04931640625,60000,0.0,0.0
2001-06-07 00:00:00+09:00,486.0492832462962,492.6581115722656,486.0492832462962,492.6581115722656,64000,0.0,0.0
2001-06-08 00:00:00+09:00,497.4645358825611,504.6741668373808,492.65811524601463,504.0733642578125,673000,0.0,0.0
2001-06-11 00:00:00+09:00,507.0773039576846,509.480513929048,503.4724890006394,506.47650146484375,476000,0.0,0.0
2001-06-12 00:00:00+09:00,506.4765559579084,506.4765559579084,499.2669252681161,501.6701354980469,314000,0.0,0.0
2001-06-13 00:00:00+09:00,498.0655175738116,511.8839818732056,497.46471477818574,510.0815734863281,632000,0.0,0.0
2001-06-14 00:00:00+09:00,511.8838256835937,517.2910491943359,510.08141784667964,516.6902465820312,1076000,0.0,0.0
2001-06-15 00:00:00+09:00,513.6863805206729,515.488788873377,508.27915546256054,511.88397216796875,477000,0.0,0.0
2001-06-18 00:00:00+09:00,511.8839818732056,514.2871930557089,506.47675671257315,510.0815734863281,307000,0.0,0.0
2001-06-19 00:00:00+09:00,510.6820954839435,514.2869102755949,509.48049055339305,511.28289794921875,297000,0.0,0.0
2001-06-20 00:00:00+09:00,511.2829552149829,511.8837577475504,505.87573242187494,505.875732421875,185000,0.0,0.0
2001-06-21 00:00:00+09:00,505.87576085308336,519.6942198787614,505.87576085308336,518.4926147460938,471000,0.0,0.0
2001-06-22 00:00:00+09:00,519.0933133168799,540.7222013717499,516.6901035330054,540.1213989257812,1070000,0.0,0.0
2001-06-25 00:00:00+09:00,540.1216409404626,540.1216409404626,531.1096002128687,534.7144165039062,737000,0.0,0.0
2001-06-26 00:00:00+09:00,537.7183625088678,537.7183625088678,530.5087308327713,535.9159545898438,382000,0.0,0.0
2001-06-27 00:00:00+09:00,532.9119385733339,535.9159517558218,529.3071227543486,530.5087280273438,118000,0.0,0.0
2001-06-28 00:00:00+09:00,525.1014464492098,529.3070644413659,517.8918156055136,523.8998413085938,186000,0.0,0.0
2001-06-29 00:00:00+09:00,519.0933112219182,525.101335657357,517.2909038912866,521.4965209960938,210000,0.0,0.0
2001-07-02 00:00:00+09:00,527.5047859981142,527.5047859981142,517.8919425175108,522.6983642578125,212000,0.0,0.0
2001-07-03 00:00:00+09:00,522.6982206456801,523.8998257506128,517.8918002259497,520.8958129882812,115000,0.0,0.0
2001-07-04 00:00:00+09:00,519.6941324630719,520.2949349283472,511.2828979492187,511.28289794921875,208000,0.0,0.0
2001-07-05 00:00:00+09:00,511.2829552149829,516.6901780080908,504.67412735673986,505.875732421875,126000,0.0,0.0
2001-07-06 00:00:00+09:00,503.47249777657646,510.08132531302317,503.47249777657646,504.6741027832031,110000,0.0,0.0
2001-07-09 00:00:00+09:00,502.87177439323534,507.077392578125,493.25893282777326,507.077392578125,246000,0.0,0.0
2001-07-10 00:00:00+09:00,510.68215268241534,510.68215268241534,501.6701146939021,505.875732421875,163000,0.0,0.0
2001-07-11 00:00:00+09:00,502.2709164252648,503.47252148848315,499.26690376721893,499.8677062988281,185000,0.0,0.0
2001-07-12 00:00:00+09:00,501.069279029276,506.47650146484375,500.46847653643516,506.47650146484375,56000,0.0,0.0
2001-07-13 00:00:00+09:00,506.4765559579084,510.08137130280454,499.86772782559876,501.6701354980469,123000,0.0,0.0
2001-07-16 00:00:00+09:00,501.67000490611946,505.8756217137157,499.867597702864,503.472412109375,111000,0.0,0.0
2001-07-17 00:00:00+09:00,499.8676118885054,502.2708215610463,499.8676118885054,500.4684143066406,69000,0.0,0.0
2001-07-18 00:00:00+09:00,501.06947702601343,501.06947702601343,496.86385791428427,497.46466064453125,130000,0.0,0.0
2001-07-19 00:00:00+09:00,497.46439453125004,498.0651969401042,493.25877766927084,495.6619873046875,131000,0.0,0.0
2001-07-20 00:00:00+09:00,495.6619873046875,495.6619873046875,495.6619873046875,495.6619873046875,0,0.0,0.0
2001-07-23 00:00:00+09:00,493.25898456923676,495.6621952126922,489.6541686040535,490.85577392578125,268000,0.0,0.0
2001-07-24 00:00:00+09:00,490.25501646612685,494.4606354799294,489.6542137498693,493.8598327636719,132000,0.0,0.0
2001-07-25 00:00:00+09:00,493.85991575392035,501.06954956054693,493.85991575392035,501.0695495605469,61000,0.0,0.0
2001-07-26 00:00:00+09:00,504.67426477794584,504.67426477794584,497.46463242397516,502.8718566894531,93000,0.0,0.0
2001-07-27 00:00:00+09:00,502.2710266113281,502.2710266113281,498.66621063086404,502.2710266113281,36000,0.0,0.0
2001-07-30 00:00:00+09:00,501.6700113932292,501.6700113932292,490.8555680338542,495.6619873046875,65000,0.0,0.0
2001-07-31 00:00:00+09:00,494.46071857113924,501.67035237776577,492.65831011948256,501.0695495605469,57000,0.0,0.0
2001-08-01 00:00:00+09:00,496.26302703164674,502.8718566894532,496.26302703164674,502.8718566894531,46000,0.0,0.0
2001-08-02 00:00:00+09:00,498.06519049960843,507.077226515886,498.06519049960843,503.472412109375,90000,0.0,0.0
2001-08-03 00:00:00+09:00,499.8677062988281,505.8757316149198,499.8677062988281,499.8677062988281,24000,0.0,0.0
2001-08-06 00:00:00+09:00,504.67419433593744,507.0774047851562,497.4645629882812,498.6661682128906,102000,0.0,0.0
2001-08-07 00:00:00+09:00,504.6740169115453,505.2748193126305,501.0692025050343,503.472412109375,102000,0.0,0.0
2001-08-08 00:00:00+09:00,506.47642411480086,507.077226515886,501.67000490611946,503.472412109375,128000,0.0,0.0
2001-08-09 00:00:00+09:00,503.47265389399877,503.47265389399877,498.0654296875,498.0654296875,48000,0.0,0.0
2001-08-10 00:00:00+09:00,504.07343460156017,504.07343460156017,498.66621063086404,502.2710266113281,65000,0.0,0.0
2001-08-13 00:00:00+09:00,504.67419433593744,504.67419433593744,496.86376037597654,498.6661682128906,74000,0.0,0.0
2001-08-14 00:00:00+09:00,501.6700191429111,504.6740312335872,499.8676118885054,500.4684143066406,96000,0.0,0.0
2001-08-15 00:00:00+09:00,504.6741482854603,504.6741482854603,501.6701354980469,501.6701354980469,26000,0.0,0.0
2001-08-16 00:00:00+09:00,499.867597702864,503.472412109375,499.867597702864,503.472412109375,53000,0.0,0.0
2001-08-17 00:00:00+09:00,506.4765719065947,515.4886105526195,505.27496675379143,510.68218994140625,365000,0.0,0.0
2001-08-20 00:00:00+09:00,505.274950842943,505.8757534004257,500.4685303830815,501.6701354980469,96000,0.0,0.0
2001-08-21 00:00:00+09:00,503.47254317049493,507.0773585153911,501.6701354980469,501.6701354980469,66000,0.0,0.0
2001-08-22 00:00:00+09:00,501.6701963526257,509.4806305473372,498.6661832008136,507.67822265625,105000,0.0,0.0
2001-08-23 00:00:00+09:00,507.67824388899896,510.68225716644866,507.67824388899896,509.48065185546875,105000,0.0,0.0
2001-08-24 00:00:00+09:00,504.07321451046016,507.077226515886,502.2708073072046,503.472412109375,93000,0.0,0.0
2001-08-27 00:00:00+09:00,510.68225716644866,513.6862704438984,508.2790465444889,509.48065185546875,166000,0.0,0.0
2001-08-28 00:00:00+09:00,505.27500603866133,508.8798217773438,505.27500603866133,508.87982177734375,101000,0.0,0.0
2001-08-29 00:00:00+09:00,505.27505493164057,510.0814763816443,505.27505493164057,505.2750549316406,220000,0.0,0.0
2001-08-30 00:00:00+09:00,503.4725590245864,510.6821899414063,502.27095387178315,510.68218994140625,113000,0.0,0.0
2001-08-31 00:00:00+09:00,504.67426705867683,512.4847021441087,504.67426705867683,508.2790832519531,151000,0.0,0.0
2001-09-03 00:00:00+09:00,508.27908095493115,509.4806863472596,502.8718566894532,502.8718566894531,216000,0.0,0.0
2001-09-04 00:00:00+09:00,503.4725769910767,507.6781951759664,503.4725769910767,507.077392578125,191000,0.0,0.0
2001-09-05 00:00:00+09:00,507.07751650882915,512.4847412109375,505.87591101947174,512.4847412109375,150000,0.0,0.0
2001-09-06 00:00:00+09:00,511.2828979492187,511.88370041449394,508.8796880881178,511.28289794921875,158000,0.0,0.0
2001-09-07 00:00:00+09:00,507.67811529976984,507.67811529976984,502.87169527326313,504.6741027832031,219000,0.0,0.0
2001-09-10 00:00:00+09:00,501.67035237776577,504.67436646386017,499.86794392610915,501.0695495605469,106000,0.0,0.0
2001-09-11 00:00:00+09:00,502.2709565191076,505.87577199651747,502.2709565191076,504.0733642578125,114000,0.0,0.0
2001-09-12 00:00:00+09:00,492.0573301398442,498.66615874978106,477.6380677181638,482.4444885253906,468000,0.0,0.0
2001-09-13 00:00:00+09:00,481.2428772730857,483.6460876464844,481.2428772730857,483.6460876464844,82000,0.0,0.0
2001-09-14 00:00:00+09:00,489.65409869682503,495.6621244477063,483.64607294594373,492.6581115722656,116000,0.0,0.0
2001-09-17 00:00:00+09:00,486.6502827837423,489.65429687499994,481.2430574194785,489.654296875,121000,0.0,0.0
2001-09-18 00:00:00+09:00,485.44862757656637,487.25103584727145,480.6422055213528,481.84381103515625,144000,0.0,0.0
2001-09-19 00:00:00+09:00,483.6461029052734,504.07339172363277,483.0453002929687,498.6661682128906,221000,0.0,0.0
2001-09-20 00:00:00+09:00,483.6460876464844,492.6581265467294,480.642074679736,483.6460876464844,132000,0.0,0.0
2001-09-21 00:00:00+09:00,483.0452703708556,494.46051929753,483.0452703708556,492.6581115722656,119000,0.0,0.0
2001-09-24 00:00:00+09:00,492.6581115722656,492.6581115722656,492.6581115722656,492.6581115722656,0,0.0,0.0
2001-09-25 00:00:00+09:00,486.62071220584033,501.1106589712748,486.62071220584033,495.07318115234375,146000,4.0,0.0
2001-09-26 00:00:00+09:00,499.299294052124,499.299294052124,482.99810791015625,482.99810791015625,153000,0.0,0.0
2001-09-27 00:00:00+09:00,479.97933406167044,482.99807201174383,464.2818967212888,469.11187744140625,142000,0.0,0.0
2001-09-28 00:00:00+09:00,469.1118774414062,469.1118774414062,469.1118774414062,469.11187744140625,0,0.0,0.0
2001-10-01 00:00:00+09:00,470.31946008769705,492.05437737031207,467.3007215762227,487.2243957519531,131000,0.0,0.0
2001-10-02 00:00:00+09:00,475.1494010273535,482.3943728346321,470.9231674731077,480.5831298828125,86000,0.0,0.0
2001-10-03 00:00:00+09:00,476.96063946329235,477.5643871081826,467.9044247899387,469.7156677246094,110000,0.0,0.0
2001-10-04 00:00:00+09:00,481.79074336792615,483.60198676404616,468.50829179637935,475.7532653808594,104000,0.0,0.0
2001-10-05 00:00:00+09:00,469.71573696684277,473.9419711040766,462.4707641601562,462.47076416015625,65000,0.0,0.0
2001-10-08 00:00:00+09:00,462.4707641601562,462.4707641601562,462.4707641601562,462.47076416015625,0,0.0,0.0
2001-10-09 00:00:00+09:00,462.4706604402829,462.4706604402829,457.0369320539088,461.8669128417969,107000,0.0,0.0
2001-10-10 00:00:00+09:00,459.45196781987727,459.45196781987727,444.3582763671875,444.3582763671875,250000,0.0,0.0
2001-10-11 00:00:00+09:00,444.3584695080863,458.2446716802139,443.1509736670317,447.98095703125,200000,0.0,0.0
2001-10-12 00:00:00+09:00,452.8109454468593,457.03718093769663,447.98096202875945,449.7922058105469,181000,0.0,0.0
2001-10-15 00:00:00+09:00,447.377214101497,452.20719751959683,447.377214101497,449.7922058105469,71000,0.0,0.0
2001-10-16 00:00:00+09:00,445.56585250227414,450.3958346432202,438.92462705847333,440.7358703613281,84000,0.0,0.0
2001-10-17 00:00:00+09:00,441.9434560347576,446.1696912700627,441.9434560347576,443.75469970703125,119000,0.0,0.0
2001-10-18 00:00:00+09:00,443.7545768119193,448.5845586003484,443.1508290883657,446.7733154296875,82000,0.0,0.0
2001-10-19 00:00:00+09:00,440.7358213912609,444.35830759447674,440.7358213912609,441.3395690917969,84000,0.0,0.0
2001-10-22 00:00:00+09:00,443.1509736670317,448.58470495177727,443.1509736670317,447.98095703125,40000,0.0,0.0
2001-10-23 00:00:00+09:00,451.6033929213785,466.69708920885773,451.6033929213785,465.4895935058594,189000,0.0,0.0
2001-10-24 00:00:00+09:00,458.8482971191406,463.678279194079,456.43330608167145,458.8482971191406,132000,0.0,0.0
2001-10-25 00:00:00+09:00,458.8482730432676,468.5082366862838,456.43328213251357,457.6407775878906,174000,0.0,0.0
2001-10-26 00:00:00+09:00,463.67819990013317,466.696938180733,453.41448974609375,453.41448974609375,221000,0.0,0.0
2001-10-29 00:00:00+09:00,459.45191600117136,469.1118774414062,459.45191600117136,469.11187744140625,127000,0.0,0.0
2001-10-30 00:00:00+09:00,461.2631652433109,461.8669128417969,458.84817484936684,461.8669128417969,100000,0.0,0.0
2001-10-31 00:00:00+09:00,453.4143138377877,459.4517880566664,453.4143138377877,458.2442932128906,91000,0.0,0.0
2001-11-01 00:00:00+09:00,452.8107926652238,452.8107926652238,444.35832453547295,446.7733154296875,163000,0.0,0.0
2001-11-02 00:00:00+09:00,446.7734323654278,452.81091118117683,444.3584408391282,444.9621887207031,58000,0.0,0.0
2001-11-05 00:00:00+09:00,446.16961555070776,450.9995978570754,446.16961555070776,449.1883544921875,155000,0.0,0.0
2001-11-06 00:00:00+09:00,455.22573320731397,455.22573320731397,450.39575195312494,450.395751953125,97000,0.0,0.0
2001-11-07 00:00:00+09:00,449.18825615325403,454.01823740221374,447.3770131848941,453.41448974609375,91000,0.0,0.0
2001-11-08 00:00:00+09:00,449.1884578832844,452.8109454468593,449.1884578832844,449.7922058105469,54000,0.0,0.0
2001-11-09 00:00:00+09:00,449.7922058105469,449.7922058105469,449.7922058105469,449.7922058105469,0,0.0,0.0
2001-11-12 00:00:00+09:00,452.20699492344585,454.62198555054033,449.18825663957773,450.395751953125,73000,0.0,0.0
2001-11-13 00:00:00+09:00,449.79200380937397,453.41448974609375,449.18825615325403,453.41448974609375,172000,0.0,0.0
2001-11-14 00:00:00+09:00,455.8295053084266,460.6594868216285,449.18828072777404,451.603271484375,167000,0.0,0.0
2001-11-15 00:00:00+09:00,452.8107957663825,457.6407775878906,447.3770662171859,457.6407775878906,160000,0.0,0.0
2001-11-16 00:00:00+09:00,448.5847099560219,455.2259371559092,447.377214101497,449.7922058105469,109000,0.0,0.0
2001-11-19 00:00:00+09:00,450.9997016650719,454.62218922864673,447.377214101497,449.7922058105469,81000,0.0,0.0
2001-11-20 00:00:00+09:00,448.58470495177727,451.6034445544137,444.3584695080863,447.98095703125,117000,0.0,0.0
2001-11-21 00:00:00+09:00,447.98076132603046,450.39575195312494,447.98076132603046,450.395751953125,49000,0.0,0.0
2001-11-22 00:00:00+09:00,446.77319335937494,457.0369018554687,446.77319335937494,452.8106689453125,125000,0.0,0.0
2001-11-23 00:00:00+09:00,452.81066894531244,452.81066894531244,452.81066894531244,452.8106689453125,0,0.0,0.0
2001-11-26 00:00:00+09:00,458.2442932128906,458.2442932128906,449.7918293064605,458.2442932128906,58000,0.0,0.0
2001-11-27 00:00:00+09:00,458.8483246135584,458.8483246135584,450.9996032714844,450.9996032714844,52000,0.0,0.0
2001-11-28 00:00:00+09:00,457.0370812269259,457.0370812269259,450.3958554759402,450.9996032714844,36000,0.0,0.0
2001-11-29 00:00:00+09:00,449.18843072385204,450.9996743961256,441.9434560347576,443.75469970703125,90000,0.0,0.0
2001-11-30 00:00:00+09:00,443.7547201776701,446.1697118521064,440.1322326660156,440.1322326660156,73000,0.0,0.0
2001-12-03 00:00:00+09:00,440.7358480894466,443.15083903788195,433.4908752441407,433.4908752441406,117000,0.0,0.0
2001-12-04 00:00:00+09:00,449.7920641460791,449.7920641460791,432.88712750703183,433.4908752441406,89000,0.0,0.0
2001-12-05 00:00:00+09:00,433.4908937589893,434.6983892847803,431.0759027074072,432.88714599609375,53000,0.0,0.0
2001-12-06 00:00:00+09:00,438.92453672620985,438.92453672620985,431.6795650058323,434.69830322265625,85000,0.0,0.0
2001-12-07 00:00:00+09:00,434.69838276360395,442.54710356350233,432.28339174825055,434.0946350097656,54000,0.0,0.0
2001-12-10 00:00:00+09:00,446.1696002698924,446.1696002698924,437.7171315232368,440.7358703613281,80000,0.0,0.0
2001-12-11 00:00:00+09:00,438.9247368287975,440.7359805846247,438.3209889101884,440.1322326660156,68000,0.0,0.0
2001-12-12 00:00:00+09:00,437.71720864919314,439.5284522711898,431.67972990920424,432.2834777832031,86000,0.0,0.0
2001-12-13 00:00:00+09:00,428.6609202716367,429.8684158216977,420.81219919624056,425.6421813964844,234000,0.0,0.0
2001-12-14 00:00:00+09:00,416.585973434118,420.81220794721776,416.585973434118,418.397216796875,128000,0.0,0.0
2001-12-17 00:00:00+09:00,417.18976412231626,417.18976412231626,404.5110592792357,405.11480712890625,75000,0.0,0.0
2001-12-18 00:00:00+09:00,396.0583863775414,414.7745601240411,396.0583863775414,400.88836669921875,144000,0.0,0.0
2001-12-19 00:00:00+09:00,395.45469522854034,398.47343336005594,376.1347711868407,380.9647521972656,137000,0.0,0.0
2001-12-20 00:00:00+09:00,380.3611034557132,408.7372492690759,380.3611034557132,393.6435546875,156000,0.0,0.0
2001-12-21 00:00:00+09:00,397.8696706884047,414.17085598216335,397.8696706884047,410.5483703613281,153000,0.0,0.0
2001-12-24 00:00:00+09:00,410.54837036132807,410.54837036132807,410.54837036132807,410.5483703613281,0,0.0,0.0
2001-12-25 00:00:00+09:00,411.152338225266,421.416052982725,411.152338225266,420.20855712890625,111000,0.0,0.0
2001-12-26 00:00:00+09:00,429.86847070588755,430.47221855800257,426.2459835931975,426.8497314453125,109000,0.0,0.0
2001-12-27 00:00:00+09:00,426.84952997793494,430.47201538085943,425.6420348436268,430.4720153808594,57000,0.0,0.0
2001-12-28 00:00:00+09:00,422.62335035536023,437.11329379611544,422.62335035536023,434.69830322265625,85000,0.0,0.0
2001-12-31 00:00:00+09:00,434.69830322265625,434.69830322265625,434.69830322265625,434.69830322265625,0,0.0,0.0
2002-01-01 00:00:00+09:00,434.69830322265625,434.69830322265625,434.69830322265625,434.69830322265625,0,0.0,0.0
2002-01-02 00:00:00+09:00,434.69830322265625,434.69830322265625,434.69830322265625,434.69830322265625,0,0.0,0.0
2002-01-03 00:00:00+09:00,434.69830322265625,434.69830322265625,434.69830322265625,434.69830322265625,0,0.0,0.0
2002-01-04 00:00:00+09:00,434.69833438046334,436.5095774403819,431.6795959472656,431.6795959472656,24000,0.0,0.0
2002-01-07 00:00:00+09:00,432.88707234756953,438.9245489493488,432.88707234756953,435.30206298828125,119000,0.0,0.0
2002-01-08 00:00:00+09:00,437.7170317354258,437.7170317354258,412.96337890624994,412.96337890625,304000,0.0,0.0
2002-01-09 00:00:00+09:00,412.96356554729186,412.96356554729186,395.45487636473126,396.0586242675781,175000,0.0,0.0
2002-01-10 00:00:00+09:00,403.90729019095573,404.51103800887944,397.26606419379505,397.86981201171875,196000,0.0,0.0
2002-01-11 00:00:00+09:00,397.2660180853319,397.2660180853319,386.398558624031,389.41729736328125,294000,0.0,0.0
2002-01-14 00:00:00+09:00,389.41729736328125,389.41729736328125,389.41729736328125,389.41729736328125,0,0.0,0.0
2002-01-15 00:00:00+09:00,391.8321655273437,391.8321655273437,380.3609619140625,386.3984375,138000,0.0,0.0
2002-01-16 00:00:00+09:00,389.41729642427885,392.43603515625,386.3985576923077,392.43603515625,114000,0.0,0.0
2002-01-17 00:00:00+09:00,392.4359312844932,394.8509216308593,386.39845541857795,394.8509216308594,152000,0.0,0.0
2002-01-18 00:00:00+09:00,395.4546692174509,395.4546692174509,389.4171933515356,394.8509216308594,80000,0.0,0.0
2002-01-21 00:00:00+09:00,394.8511452414773,399.6811286695076,392.4361535274621,398.4736328125,158000,0.0,0.0
2002-01-22 00:00:00+09:00,404.5110147862347,404.5110147862347,393.6435546875,393.6435546875,98000,0.0,0.0
2002-01-23 00:00:00+09:00,393.0398294683292,401.492298919261,392.43608165040547,397.86981201171875,188000,0.0,0.0
2002-01-24 00:00:00+09:00,400.88839749677464,402.09589266995766,394.8509216308593,394.8509216308594,133000,0.0,0.0
2002-01-25 00:00:00+09:00,394.8509705618001,394.8509705618001,392.43597991616224,394.2472229003906,41000,0.0,0.0
2002-01-28 00:00:00+09:00,398.4734313318481,399.0771789550781,396.05844083892777,399.0771789550781,81000,0.0,0.0
2002-01-29 00:00:00+09:00,399.68105546548986,401.492298919261,397.86981201171875,397.86981201171875,24000,0.0,0.0
2002-01-30 00:00:00+09:00,397.26588145796075,401.4921142394284,395.45463883733174,400.88836669921875,106000,0.0,0.0
2002-01-31 00:00:00+09:00,400.88836669921875,400.88836669921875,400.88836669921875,400.88836669921875,0,0.0,0.0
2002-02-01 00:00:00+09:00,388.20976001817104,394.24723684582534,380.96478782498593,385.7947692871094,170000,0.0,0.0
2002-02-04 00:00:00+09:00,389.4172372893086,389.4172372893086,377.34228419506644,383.3797607421875,104000,0.0,0.0
2002-02-05 00:00:00+09:00,380.3610849609375,380.3610849609375,362.24865234375,377.34234619140625,177000,0.0,0.0
2002-02-06 00:00:00+09:00,377.3424258598915,377.9461737412673,371.90869492750903,376.7386779785156,45000,0.0,0.0
2002-02-07 00:00:00+09:00,373.71989915955743,383.9836120605469,368.2861688002101,383.9836120605469,33000,0.0,0.0
2002-02-08 00:00:00+09:00,391.8322912791418,391.8322912791418,380.36108398437494,380.361083984375,127000,0.0,0.0
2002-02-11 00:00:00+09:00,380.36108398437494,380.36108398437494,380.36108398437494,380.361083984375,0,0.0,0.0
2002-02-12 00:00:00+09:00,383.983447265625,387.00218505859374,383.983447265625,386.3984375,51000,0.0,0.0
2002-02-13 00:00:00+09:00,386.3984253687888,390.62465814625995,380.96469751204023,388.81341552734375,78000,0.0,0.0
2002-02-14 00:00:00+09:00,388.81348241130945,393.64346355927603,388.81348241130945,390.6247253417969,138000,0.0,0.0
2002-02-15 00:00:00+09:00,392.43597556286915,392.43597556286915,373.1160506120817,383.3797607421875,173000,0.0,0.0
2002-02-18 00:00:00+09:00,388.8135449755323,388.8135449755323,383.3798153097252,384.5873107910156,110000,0.0,0.0
2002-02-19 00:00:00+09:00,384.5873436448677,386.3985870215311,374.32363117710827,378.54986572265625,112000,0.0,0.0
2002-02-20 00:00:00+09:00,377.94611139100385,379.7573547363281,374.32362470035525,379.7573547363281,138000,0.0,0.0
2002-02-21 00:00:00+09:00,385.7948137555803,387.00230926029263,378.5498407273065,380.361083984375,172000,0.0,0.0
2002-02-22 00:00:00+09:00,386.39849901574803,386.39849901574803,381.5685177780512,383.3797607421875,57000,0.0,0.0
2002-02-25 00:00:00+09:00,386.3985615079365,388.20980476500495,379.7573362320188,380.361083984375,137000,0.0,0.0
2002-02-26 00:00:00+09:00,388.8135862288936,388.8135862288936,374.32363891601557,374.3236389160156,163000,0.0,0.0
2002-02-27 00:00:00+09:00,380.3610401422205,385.7947692871094,376.7385540456279,385.7947692871094,150000,0.0,0.0
2002-02-28 00:00:00+09:00,386.3985576923077,392.43603515625,385.19106219951925,392.43603515625,129000,0.0,0.0
2002-03-01 00:00:00+09:00,392.4361535274621,398.4736328125,390.02116181344695,398.4736328125,338000,0.0,0.0
2002-03-04 00:00:00+09:00,404.5109836550524,416.5859383910242,403.3034881814553,413.56719970703125,685000,0.0,0.0
2002-03-05 00:00:00+09:00,419.6045844134162,419.6045844134162,410.54837036132807,410.5483703613281,365000,0.0,0.0
2002-03-06 00:00:00+09:00,410.5484554704683,419.60467139996393,408.13346455593614,411.7559509277344,164000,0.0,0.0
2002-03-07 00:00:00+09:00,416.58587060120425,417.7933658783092,412.96338476988944,414.7746276855469,200000,0.0,0.0
2002-03-08 00:00:00+09:00,415.3784414438101,451.60330552321216,414.7746937091534,439.5283508300781,1024000,0.0,0.0
2002-03-11 00:00:00+09:00,446.77343916082054,450.39592650536775,433.49098556414754,443.75469970703125,418000,0.0,0.0
2002-03-12 00:00:00+09:00,443.75459907117903,443.75459907117903,432.28339174825055,434.0946350097656,140000,0.0,0.0
2002-03-13 00:00:00+09:00,428.66090817884964,432.8871424848383,423.2271783568642,425.0384216308594,162000,0.0,0.0
2002-03-14 00:00:00+09:00,425.03844557808077,426.84968895412374,422.6234544100235,426.2459411621094,96000,0.0,0.0
2002-03-15 00:00:00+09:00,426.2459835931975,426.8497314453125,425.64223574108246,426.8497314453125,72000,0.0,0.0
2002-03-18 00:00:00+09:00,428.6608758493632,433.4908575490743,428.0571281368993,431.07586669921875,137000,0.0,0.0
2002-03-19 00:00:00+09:00,433.4908752441407,437.7171094039025,428.66089334727,433.4908752441406,160000,0.0,0.0
2002-03-20 00:00:00+09:00,434.69827865663905,436.50952148437506,431.6795406104124,436.509521484375,148000,0.0,0.0
2002-03-21 00:00:00+09:00,436.50952148437506,436.50952148437506,436.50952148437506,436.509521484375,0,0.0,0.0
2002-03-22 00:00:00+09:00,436.5096413470329,436.5096413470329,421.41594697127107,425.6421813964844,171000,0.0,0.0
2002-03-25 00:00:00+09:00,428.66082850864956,428.66082850864956,414.77463265555247,422.62335205078125,295000,0.0,0.0
2002-03-26 00:00:00+09:00,423.8326054083261,423.8326054083261,420.8095483084094,422.6233825683594,117000,1.0,0.0
2002-03-27 00:00:00+09:00,431.6925659179688,432.9017887916886,429.8787316073891,431.69256591796875,69000,0.0,0.0
2002-03-28 00:00:00+09:00,432.9019098961116,432.9019098961116,424.4373474121094,424.4373474121094,85000,0.0,0.0
2002-03-29 00:00:00+09:00,425.04188408434305,427.46033008197804,420.80960358848193,421.4142150878906,55000,0.0,0.0
2002-04-01 00:00:00+09:00,433.50643078578,433.50643078578,418.3911437988281,418.3911437988281,89000,0.0,0.0
2002-04-02 00:00:00+09:00,424.4371745377136,424.4371745377136,419.60028365979093,420.20489501953125,63000,0.0,0.0
2002-04-03 00:00:00+09:00,417.18187978850926,423.8326054083261,408.1127084887591,422.6233825683594,123000,0.0,0.0
2002-04-04 00:00:00+09:00,421.414229176324,423.8326752548108,417.1819485389721,417.78656005859375,162000,0.0,0.0
2002-04-05 00:00:00+09:00,420.8096751432106,427.46040276760044,420.20506354099336,423.8327331542969,85000,0.0,0.0
2002-04-08 00:00:00+09:00,429.27407548525105,429.27407548525105,425.6464072417137,428.6694641113281,96000,0.0,0.0
2002-04-09 00:00:00+09:00,428.66960497808185,435.3203322767545,428.66960497808185,432.9018859863281,211000,0.0,0.0
2002-04-10 00:00:00+09:00,437.7386388262829,439.5524729650659,432.90174778952843,435.9248046875,158000,0.0,0.0
2002-04-11 00:00:00+09:00,436.5295619074324,436.5295619074324,425.0419418572368,427.46038818359375,80000,0.0,0.0
2002-04-12 00:00:00+09:00,428.0648573521205,434.7155825369698,423.2279663085937,423.22796630859375,146000,0.0,0.0
2002-04-15 00:00:00+09:00,423.2280439425461,427.46032438197153,421.4142094685066,426.855712890625,117000,0.0,0.0
2002-04-16 00:00:00+09:00,426.8556470750929,434.7155952506966,423.8325900844761,432.2971496582031,122000,0.0,0.0
2002-04-17 00:00:00+09:00,435.320196178151,436.5294189453125,432.90175064382794,436.5294189453125,94000,0.0,0.0
2002-04-18 00:00:00+09:00,437.13406312063836,438.34328597851015,430.48333740234375,430.48333740234375,56000,0.0,0.0
2002-04-19 00:00:00+09:00,429.2742165506885,432.90188598632807,428.66960497808185,432.9018859863281,80000,0.0,0.0
2002-04-22 00:00:00+09:00,435.3203322767545,435.3203322767545,429.2742165506885,432.9018859863281,92000,0.0,0.0
2002-04-23 00:00:00+09:00,437.7387660387751,445.5987162577034,435.3203198175664,443.7848815917969,164000,0.0,0.0
2002-04-24 00:00:00+09:00,453.4585149933762,453.4585149933762,446.80779010680664,451.0400695800781,332000,0.0,0.0
2002-04-25 00:00:00+09:00,450.43552388172833,450.43552388172833,429.27412343090884,438.9479064941406,185000,0.0,0.0
2002-04-26 00:00:00+09:00,448.62162565148395,448.62162565148395,438.94784396627676,444.99395751953125,185000,0.0,0.0
2002-04-29 00:00:00+09:00,444.99395751953125,444.99395751953125,444.99395751953125,444.99395751953125,0,0.0,0.0
2002-04-30 00:00:00+09:00,444.99402090866045,444.99402090866045,438.9479064941406,438.9479064941406,75000,0.0,0.0
2002-05-01 00:00:00+09:00,444.99415268132714,444.99415268132714,438.9480364764178,440.7618713378906,55000,0.0,0.0
2002-05-02 00:00:00+09:00,446.20324379156443,446.20324379156443,438.9479064941406,438.9479064941406,61000,0.0,0.0
2002-05-03 00:00:00+09:00,438.9479064941406,438.9479064941406,438.9479064941406,438.9479064941406,0,0.0,0.0
2002-05-06 00:00:00+09:00,438.9479064941406,438.9479064941406,438.9479064941406,438.9479064941406,0,0.0,0.0
2002-05-07 00:00:00+09:00,438.9479145698229,438.9479145698229,432.9018000440678,434.11102294921875,43000,0.0,0.0
2002-05-08 00:00:00+09:00,440.1572184806035,444.38949942753237,438.3433837890625,438.3433837890625,59000,0.0,0.0
2002-05-09 00:00:00+09:00,444.389443167958,444.389443167958,438.34332829492456,439.55255126953125,108000,0.0,0.0
2002-05-10 00:00:00+09:00,444.3894151540903,444.3894151540903,438.94791211138715,440.1571350097656,67000,0.0,0.0
2002-05-13 00:00:00+09:00,440.1570286836532,440.1570286836532,433.50630434914746,437.13397216796875,63000,0.0,0.0
2002-05-14 00:00:00+09:00,439.55266549969247,439.55266549969247,430.4834908332614,437.73883056640625,92000,0.0,0.0
2002-05-15 00:00:00+09:00,443.18022289972987,446.80789184570307,438.9479424627611,446.8078918457031,103000,0.0,0.0
2002-05-16 00:00:00+09:00,447.412289465381,452.8537902832032,444.99384465746,452.8537902832031,186000,0.0,0.0
2002-05-17 00:00:00+09:00,452.2491790812229,457.6906798990451,446.8076782634007,452.8537902832031,196000,0.0,0.0
2002-05-20 00:00:00+09:00,457.08630959384413,457.08630959384413,442.57563309880146,451.6448059082031,184000,0.0,0.0
2002-05-21 00:00:00+09:00,451.0399566772624,455.2722350911241,449.2261230713217,452.8537902832031,64000,0.0,0.0
2002-05-22 00:00:00+09:00,458.2955672168855,470.99241010811846,452.2494515543936,466.155517578125,238000,0.0,0.0
2002-05-23 00:00:00+09:00,466.7599280662786,467.3645393720639,460.1092037026399,462.52764892578125,157000,0.0,0.0
2002-05-24 00:00:00+09:00,464.94619519842144,470.9923095703125,462.527749449665,470.9923095703125,143000,0.0,0.0
2002-05-27 00:00:00+09:00,471.59682343825415,474.0152686866554,465.5507103172509,469.7829895019531,163000,0.0,0.0
2002-05-28 00:00:00+09:00,469.1786114494057,469.1786114494057,459.50482564632523,467.3647766113281,127000,0.0,0.0
2002-05-29 00:00:00+09:00,466.15536832238,466.15536832238,453.45852949647866,454.0631408691406,88000,0.0,0.0
2002-05-30 00:00:00+09:00,451.64468093340264,455.27234905334967,447.41240146013115,451.0400695800781,97000,0.0,0.0
2002-05-31 00:00:00+09:00,450.4354091389974,460.1091897379557,450.4354091389974,453.4584655761719,81000,0.0,0.0
2002-06-03 00:00:00+09:00,456.4818115234375,458.2956465361134,453.45875316897764,456.4818115234375,60000,0.0,0.0
2002-06-04 00:00:00+09:00,448.62167147372634,454.66778564453125,448.62167147372634,454.66778564453125,141000,0.0,0.0
2002-06-05 00:00:00+09:00,459.50445243021244,461.92289691668725,455.2721745788815,458.89984130859375,72000,0.0,0.0
2002-06-06 00:00:00+09:00,453.45855141706005,459.5046654359542,451.0401058095024,452.24932861328125,124000,0.0,0.0
2002-06-07 00:00:00+09:00,447.4124298903047,457.0862121582032,447.4124298903047,457.0862121582031,76000,0.0,0.0
2002-06-10 00:00:00+09:00,469.17861289677654,469.17861289677654,454.063322532834,460.71405029296875,94000,0.0,0.0
2002-06-11 00:00:00+09:00,464.34173583984375,464.34173583984375,461.3186776638031,464.34173583984375,103000,0.0,0.0
2002-06-12 00:00:00+09:00,460.71395319888467,462.5277876602976,452.8540038660953,459.5047302246094,56000,0.0,0.0
2002-06-13 00:00:00+09:00,447.41250902985877,452.24940101937074,441.3663940429688,441.36639404296875,138000,0.0,0.0
2002-06-14 00:00:00+09:00,441.3663940429688,442.5756170403468,438.34333654952377,441.36639404296875,383000,0.0,0.0
2002-06-17 00:00:00+09:00,441.3663686832911,443.1802030751403,429.2741394042969,429.2741394042969,91000,0.0,0.0
2002-06-18 00:00:00+09:00,435.9249375336746,444.38949942753237,432.90187971443964,438.3433837890625,108000,0.0,0.0
2002-06-19 00:00:00+09:00,444.38950586585355,444.38950586585355,432.90188598632807,432.9018859863281,94000,0.0,0.0
2002-06-20 00:00:00+09:00,432.9017887916886,437.7386802865678,431.6925659179688,431.69256591796875,106000,0.0,0.0
2002-06-21 00:00:00+09:00,429.2741394042969,432.90180818799513,426.855693548498,429.2741394042969,103000,0.0,0.0
2002-06-24 00:00:00+09:00,423.22788318778487,431.08782958984375,420.2048268793007,431.08782958984375,48000,0.0,0.0
2002-06-25 00:00:00+09:00,425.0418728915128,427.4603188254617,420.8095925071023,425.646484375,233000,0.0,0.0
2002-06-26 00:00:00+09:00,431.69260201961436,431.69260201961436,420.20498375858824,426.2510986328125,123000,0.0,0.0
2002-06-27 00:00:00+09:00,423.8326172387901,436.529457412848,422.6233943650703,431.69256591796875,74000,0.0,0.0
2002-06-28 00:00:00+09:00,443.78483155903064,459.5047302246094,440.15716263620476,459.5047302246094,125000,0.0,0.0
2002-07-01 00:00:00+09:00,447.4124174336834,456.48158805733914,447.4124174336834,448.01702880859375,82000,0.0,0.0
2002-07-02 00:00:00+09:00,446.80775301815896,446.80775301815896,437.13397216796875,437.13397216796875,69000,0.0,0.0
2002-07-03 00:00:00+09:00,440.1571789813298,453.45863219230404,437.73873294297084,449.8309631347656,53000,0.0,0.0
2002-07-04 00:00:00+09:00,444.99397193404184,450.4354743082353,444.3893605591315,448.01702880859375,50000,0.0,0.0
2002-07-05 00:00:00+09:00,447.41247558593756,450.4355328534101,447.41247558593756,447.4124755859375,50000,0.0,0.0
2002-07-08 00:00:00+09:00,450.43560870012084,450.43560870012084,443.7848815917969,443.7848815917969,62000,0.0,0.0
2002-07-09 00:00:00+09:00,441.9711060389576,451.0402805814807,438.9480478581166,450.4356689453125,148000,0.0,0.0
2002-07-10 00:00:00+09:00,454.0631648117934,454.0631648117934,442.5755481254764,446.2032165527344,157000,0.0,0.0
2002-07-11 00:00:00+09:00,440.1572597173997,443.18031781985434,437.134201614945,440.7618713378906,76000,0.0,0.0
2002-07-12 00:00:00+09:00,435.3203259698276,441.9710531721444,435.3203259698276,438.3433837890625,94000,0.0,0.0
2002-07-15 00:00:00+09:00,432.29717168915136,438.34328597851015,430.48333740234375,430.48333740234375,69000,0.0,0.0
2002-07-16 00:00:00+09:00,436.5295946844693,436.5295946844693,420.8096923828125,420.8096923828125,99000,0.0,0.0
2002-07-17 00:00:00+09:00,432.9017767080763,432.9017767080763,418.9957140484593,422.6233825683594,31000,0.0,0.0
2002-07-18 00:00:00+09:00,434.11104514382106,434.11104514382106,425.0418728915128,425.646484375,27000,0.0,0.0
2002-07-19 00:00:00+09:00,426.8556575451867,433.5063830876755,425.04182330632614,428.06488037109375,65000,0.0,0.0
2002-07-22 00:00:00+09:00,426.2510740657371,440.1571374749739,419.6003480874065,434.11102294921875,95000,0.0,0.0
2002-07-23 00:00:00+09:00,434.1111028421336,443.78488786368536,430.48343345905175,438.3433837890625,126000,0.0,0.0
2002-07-24 00:00:00+09:00,432.2971496582032,434.7155952506966,431.6925382600798,432.2971496582031,49000,0.0,0.0
2002-07-25 00:00:00+09:00,432.29730865101754,444.99415268132714,432.29730865101754,440.7618713378906,114000,0.0,0.0
2002-07-26 00:00:00+09:00,440.76184297855707,440.76184297855707,426.85577660200454,427.46038818359375,83000,0.0,0.0
2002-07-29 00:00:00+09:00,427.460377417791,434.71571621413256,425.04193115234375,425.04193115234375,82000,0.0,0.0
2002-07-30 00:00:00+09:00,429.8788518661108,432.2972982901114,424.4373474121094,424.4373474121094,30000,0.0,0.0
2002-07-31 00:00:00+09:00,434.71571621413256,434.71571621413256,425.04193115234375,425.04193115234375,72000,0.0,0.0
2002-08-01 00:00:00+09:00,425.6464871453901,431.69260201961436,423.22804119570037,426.2510986328125,53000,0.0,0.0
2002-08-02 00:00:00+09:00,425.04187007308695,426.2510930320431,418.3911437988281,418.3911437988281,77000,0.0,0.0
2002-08-05 00:00:00+09:00,417.1819152832031,417.7865267546281,416.5773038117782,417.1819152832031,51000,0.0,0.0
2002-08-06 00:00:00+09:00,414.1588068008423,415.97264099121094,405.089635848999,406.2988586425781,119000,0.0,0.0
2002-08-07 00:00:00+09:00,411.1358171683744,412.94965165588195,405.08970221001596,407.5081481933594,122000,0.0,0.0
2002-08-08 00:00:00+09:00,408.7174377441406,414.15894209280526,407.50821455554853,408.7174377441406,91000,0.0,0.0
2002-08-09 00:00:00+09:00,420.80967109147895,420.80967109147895,411.1358855491461,415.9727783203125,47000,0.0,0.0
2002-08-12 00:00:00+09:00,405.08969946035126,415.36809481979304,405.08969946035126,406.9035339355469,39000,0.0,0.0
2002-08-13 00:00:00+09:00,405.0897221427767,408.11277977070785,398.4389953613281,398.4389953613281,84000,0.0,0.0
2002-08-14 00:00:00+09:00,397.22971031392575,397.22971031392575,384.5328702582295,385.1374816894531,202000,0.0,0.0
2002-08-15 00:00:00+09:00,387.5558909018209,389.3697250246063,379.6959430364173,383.92822265625,350000,0.0,0.0
2002-08-16 00:00:00+09:00,392.9974413674976,395.4158871605283,380.30060095408606,380.90521240234375,223000,0.0,0.0
2002-08-19 00:00:00+09:00,382.1144352988592,385.7421039884053,374.8590979197669,380.90521240234375,268000,0.0,0.0
2002-08-20 00:00:00+09:00,380.9051396671576,385.74203032959764,378.4866943359375,378.4866943359375,94000,0.0,0.0
2002-08-21 00:00:00+09:00,377.2775851474719,381.5098657500878,374.85913908883424,376.6729736328125,123000,0.0,0.0
2002-08-22 00:00:00+09:00,377.8821551610553,385.7421039884053,375.4637093680246,380.90521240234375,167000,0.0,0.0
2002-08-23 00:00:00+09:00,380.90521240234375,380.90521240234375,380.90521240234375,380.90521240234375,0,0.0,0.0
2002-08-26 00:00:00+09:00,390.5788819686226,393.6019383306089,384.5327692446501,389.3696594238281,121000,0.0,0.0
2002-08-27 00:00:00+09:00,387.5559325977495,387.5559325977495,379.69598388671875,379.69598388671875,119000,0.0,0.0
2002-08-28 00:00:00+09:00,385.74210936320577,385.74210936320577,375.4637145996094,375.4637145996094,71000,0.0,0.0
2002-08-29 00:00:00+09:00,374.85924749091123,374.85924749091123,365.7900721483892,366.3946838378906,218000,0.0,0.0
2002-08-30 00:00:00+09:00,365.1853548542837,378.4868081767907,365.1853548542837,376.6729736328125,101000,0.0,0.0
2002-09-02 00:00:00+09:00,376.0684097438183,376.6730213350463,368.81307064908225,373.64996337890625,75000,0.0,0.0
2002-09-03 00:00:00+09:00,369.41751504182025,371.2313489945624,363.371401866013,363.97601318359375,147000,0.0,0.0
2002-09-04 00:00:00+09:00,354.30225479825447,360.95297971767565,352.48842072932143,356.1160888671875,204000,0.0,0.0
2002-09-05 00:00:00+09:00,360.95298849569787,360.95298849569787,355.5114861565668,357.929931640625,174000,0.0,0.0
2002-09-06 00:00:00+09:00,359.74374681511176,361.557580832667,357.9299127975566,360.3483581542969,80000,0.0,0.0
2002-09-09 00:00:00+09:00,372.4407467896911,372.4407467896911,366.3946307703779,368.2084655761719,70000,0.0,0.0
2002-09-10 00:00:00+09:00,373.045313145087,374.2545362022834,369.41764397349783,371.8360900878906,99000,0.0,0.0
2002-09-11 00:00:00+09:00,374.2545306904281,376.6729767692031,370.6268615722656,370.6268615722656,87000,0.0,0.0
2002-09-12 00:00:00+09:00,366.99916489128253,368.81299931413895,364.5807189941406,364.5807189941406,73000,0.0,0.0
2002-09-13 00:00:00+09:00,354.3022533283011,362.76681228153694,354.3022533283011,362.1622009277344,208000,0.0,0.0
2002-09-16 00:00:00+09:00,362.1622009277344,362.1622009277344,362.1622009277344,362.1622009277344,0,0.0,0.0
2002-09-17 00:00:00+09:00,363.97614554184184,373.0453186035157,363.97614554184184,373.0453186035156,101000,0.0,0.0
2002-09-18 00:00:00+09:00,373.0454124224068,373.0454124224068,360.9531786323774,366.3946838378906,100000,0.0,0.0
2002-09-19 00:00:00+09:00,371.8360900878906,377.8822053738726,371.23147855929244,371.8360900878906,105000,0.0,0.0
2002-09-20 00:00:00+09:00,371.8359591914158,379.695906296275,368.8129026126238,370.0221252441406,104000,0.0,0.0
2002-09-23 00:00:00+09:00,370.02212524414057,370.02212524414057,370.02212524414057,370.0221252441406,0,0.0,0.0
2002-09-24 00:00:00+09:00,371.2315235858284,376.06841640127897,368.2084655761719,368.2084655761719,132000,0.0,0.0
2002-09-25 00:00:00+09:00,362.42173322146573,371.5584155715867,362.42173322146573,369.7310791015625,60000,4.5,0.0
2002-09-26 00:00:00+09:00,381.9134625026158,381.9134625026158,372.16766441642466,375.2132263183594,56000,0.0,0.0
2002-09-27 00:00:00+09:00,380.6952274206913,382.5225645123106,376.43144087357956,381.9134521484375,105000,0.0,0.0
2002-09-30 00:00:00+09:00,384.3498950683594,384.3498950683594,373.9949850585937,380.6952209472656,80000,0.0,0.0
2002-10-01 00:00:00+09:00,380.0861511230469,380.0861511230469,373.3859144846598,380.0861511230469,60000,0.0,0.0
2002-10-02 00:00:00+09:00,381.3043566459977,383.1316938184226,375.822345128723,376.43145751953125,77000,0.0,0.0
2002-10-03 00:00:00+09:00,382.52254935384383,383.13166169357925,372.16763957834166,373.3858642578125,64000,0.0,0.0
2002-10-04 00:00:00+09:00,361.8127539498465,375.2132263183594,361.8127539498465,375.2132263183594,48000,0.0,0.0
2002-10-07 00:00:00+09:00,360.59444518008473,362.42178189552436,359.376220703125,359.376220703125,84000,0.0,0.0
2002-10-08 00:00:00+09:00,359.3764278960467,364.8584412029356,359.3764278960467,364.24932861328125,104000,0.0,0.0
2002-10-09 00:00:00+09:00,362.4219294956752,363.64015446876994,358.15814208984375,358.15814208984375,73000,0.0,0.0
2002-10-10 00:00:00+09:00,364.2490687216482,364.2490687216482,356.33061070596017,358.7670593261719,97000,0.0,0.0
2002-10-11 00:00:00+09:00,364.85824146009475,364.85824146009475,347.80309828666793,355.7215576171875,176000,0.0,0.0
2002-10-14 00:00:00+09:00,355.7215576171875,355.7215576171875,355.7215576171875,355.7215576171875,0,0.0,0.0
2002-10-15 00:00:00+09:00,366.07648771911107,367.29471230386685,362.42181396484375,362.42181396484375,69000,0.0,0.0
2002-10-16 00:00:00+09:00,374.6040329229636,374.6040329229636,369.1220226850666,371.5584716796875,68000,0.0,0.0
2002-10-17 00:00:00+09:00,371.55852723860625,373.38586425781256,371.55852723860625,373.3858642578125,25000,0.0,0.0
2002-10-18 00:00:00+09:00,374.60412034710635,378.2587946919562,373.38589556548976,376.43145751953125,128000,0.0,0.0
2002-10-21 00:00:00+09:00,382.5225580078125,382.5225580078125,377.6496591796875,380.6952209472656,62000,0.0,0.0
2002-10-22 00:00:00+09:00,383.7406247161156,383.7406247161156,366.68548583984375,366.68548583984375,38000,0.0,0.0
2002-10-23 00:00:00+09:00,360.59452383506664,377.64967023267116,360.59452383506664,377.0405578613281,81000,0.0,0.0
2002-10-24 00:00:00+09:00,377.0404803819893,377.0404803819893,368.51290893554693,368.5129089355469,33000,0.0,0.0
2002-10-25 00:00:00+09:00,368.5131103213471,369.73133547943416,366.07666000517287,369.1222229003906,42000,0.0,0.0
2002-10-28 00:00:00+09:00,375.2133486908261,375.2133486908261,366.6857725842164,369.1222229003906,55000,0.0,0.0
2002-10-29 00:00:00+09:00,366.07646144179046,373.9949206743084,366.07646144179046,371.5584716796875,63000,0.0,0.0
2002-10-30 00:00:00+09:00,369.12208623046877,380.6952209472656,369.12208623046877,380.6952209472656,75000,0.0,0.0
2002-10-31 00:00:00+09:00,380.6952123346376,380.6952123346376,370.3403025591354,373.3858642578125,23000,0.0,0.0
2002-11-01 00:00:00+09:00,373.9950745125127,379.4770870053671,373.38596201330665,374.60418701171875,36000,0.0,0.0
2002-11-04 00:00:00+09:00,374.60418701171875,374.60418701171875,374.60418701171875,374.60418701171875,0,0.0,0.0
2002-11-05 00:00:00+09:00,380.6952209472656,381.9134456542969,377.04054682617186,380.6952209472656,46000,0.0,0.0
2002-11-06 00:00:00+09:00,381.3042973803867,382.5225219726563,380.08607278811706,382.52252197265625,73000,0.0,0.0
2002-11-07 00:00:00+09:00,381.9134162539528,383.7407531738282,372.77673165457594,383.7407531738281,104000,0.0,0.0
2002-11-08 00:00:00+09:00,384.9589777870784,385.5680900937035,379.4769670274523,383.7407531738281,107000,0.0,0.0
2002-11-11 00:00:00+09:00,381.9134192567204,382.5225315681346,372.1676222740927,375.8222961425781,76000,0.0,0.0
2002-11-12 00:00:00+09:00,375.21317441903864,382.5225219726563,373.994949826769,382.52252197265625,62000,0.0,0.0
2002-11-13 00:00:00+09:00,382.5225570186492,382.5225570186492,371.55853468371976,377.649658203125,49000,0.0,0.0
2002-11-14 00:00:00+09:00,372.7768983746519,376.4315738489132,369.1222229003906,369.1222229003906,70000,0.0,0.0
2002-11-15 00:00:00+09:00,374.6040329229636,374.6040329229636,367.90379818775614,371.5584716796875,48000,0.0,0.0
2002-11-18 00:00:00+09:00,370.34019027217744,370.34019027217744,356.9397228610131,358.7670593261719,77000,0.0,0.0
2002-11-19 00:00:00+09:00,359.37620727109237,360.5944317025198,344.14840187824944,345.9757385253906,101000,0.0,0.0
2002-11-20 00:00:00+09:00,339.8846645790999,351.4577983192484,339.8846645790999,346.58489990234375,120000,0.0,0.0
2002-11-21 00:00:00+09:00,347.1940483389811,352.67605962854395,340.49381231840425,344.7575988769531,71000,0.0,0.0
2002-11-22 00:00:00+09:00,341.7120653211313,345.9758522324467,335.0118287462072,335.6209411621094,169000,0.0,0.0
2002-11-25 00:00:00+09:00,343.53931756602304,355.7215628697827,342.93020530083504,353.89422607421875,168000,0.0,0.0
2002-11-26 00:00:00+09:00,363.6400047889123,363.6400047889123,353.2850967798478,356.3306579589844,146000,0.0,0.0
2002-11-27 00:00:00+09:00,350.23955770842343,361.81269091965834,350.23955770842343,352.06689453125,58000,0.0,0.0
2002-11-28 00:00:00+09:00,355.1124453609937,359.3762311543504,354.5033331047999,355.7215576171875,116000,0.0,0.0
2002-11-29 00:00:00+09:00,354.50335151270815,371.5584955717388,354.50335151270815,370.34027099609375,101000,0.0,0.0
2002-12-02 00:00:00+09:00,370.34027099609375,370.34027099609375,370.34027099609375,370.34027099609375,0,0.0,0.0
2002-12-03 00:00:00+09:00,359.3762498152883,375.82228158649644,358.1580252396433,370.34027099609375,89000,0.0,0.0
2002-12-04 00:00:00+09:00,370.3403295610244,370.3403295610244,360.5945314146817,361.2036437988281,74000,0.0,0.0
2002-12-05 00:00:00+09:00,364.8581897812402,364.8581897812402,358.7670680820542,363.0308532714844,27000,0.0,0.0
2002-12-06 00:00:00+09:00,363.03096332901487,370.34031158396147,359.37628920154157,363.64007568359375,48000,0.0,0.0
2002-12-09 00:00:00+09:00,357.5490296032964,359.3763670629384,357.5490296032964,358.15814208984375,59000,0.0,0.0
2002-12-10 00:00:00+09:00,358.15809813188145,358.15809813188145,351.4578616022034,352.67608642578125,125000,0.0,0.0
2002-12-11 00:00:00+09:00,358.7671417289218,358.7671417289218,347.194008124763,351.4577941894531,77000,0.0,0.0
2002-12-12 00:00:00+09:00,353.28517562293354,362.42186119938873,351.45783850764246,356.9398498535156,79000,0.0,0.0
2002-12-13 00:00:00+09:00,350.84868189449736,357.54891713901037,350.23956959954165,351.4577941894531,133000,0.0,0.0
2002-12-16 00:00:00+09:00,345.3666794720818,350.8486902573529,341.7120056152344,341.7120056152344,25000,0.0,0.0
2002-12-17 00:00:00+09:00,342.9303343091692,344.75767179216655,341.1029968261719,341.1029968261719,74000,0.0,0.0
2002-12-18 00:00:00+09:00,344.1484414996108,344.1484414996108,335.6208694978505,339.2755432128906,44000,0.0,0.0
2002-12-19 00:00:00+09:00,336.23000559471484,355.11248779296875,336.23000559471484,355.11248779296875,89000,0.0,0.0
2002-12-20 00:00:00+09:00,349.0213331598724,353.28511907980106,341.7119858685662,352.06689453125,115000,0.0,0.0
2002-12-23 00:00:00+09:00,352.06689453125,352.06689453125,352.06689453125,352.06689453125,0,0.0,0.0
2002-12-24 00:00:00+09:00,350.239610166516,350.239610166516,340.49381231840425,344.7575988769531,74000,0.0,0.0
2002-12-25 00:00:00+09:00,344.75764202987943,349.02142912212173,344.1485295881305,347.194091796875,44000,0.0,0.0
2002-12-26 00:00:00+09:00,353.2851138090308,353.89422607421875,350.23955248309085,353.89422607421875,55000,0.0,0.0
2002-12-27 00:00:00+09:00,353.285074798903,355.72152359061954,349.02128941339896,349.6304016113281,45000,0.0,0.0
2002-12-30 00:00:00+09:00,347.19398603047415,355.7215576171875,347.19398603047415,355.7215576171875,11000,0.0,0.0
2002-12-31 00:00:00+09:00,355.7215576171875,355.7215576171875,355.7215576171875,355.7215576171875,0,0.0,0.0
2003-01-01 00:00:00+09:00,355.7215576171875,355.7215576171875,355.7215576171875,355.7215576171875,0,0.0,0.0
2003-01-02 00:00:00+09:00,355.7215576171875,355.7215576171875,355.7215576171875,355.7215576171875,0,0.0,0.0
2003-01-03 00:00:00+09:00,355.7215576171875,355.7215576171875,355.7215576171875,355.7215576171875,0,0.0,0.0
2003-01-06 00:00:00+09:00,361.81268310546875,364.24913214995007,361.81268310546875,361.81268310546875,30000,0.0,0.0
2003-01-07 00:00:00+09:00,364.2491292039009,364.2491292039009,355.7215576171875,355.7215576171875,35000,0.0,0.0
2003-01-08 00:00:00+09:00,353.89423668902856,353.89423668902856,348.4122261379076,350.23956298828125,24000,0.0,0.0
2003-01-09 00:00:00+09:00,344.7575923838514,348.4122665080618,343.53936767578125,343.53936767578125,36000,0.0,0.0
2003-01-10 00:00:00+09:00,349.63044543414793,352.06689453125,343.5393226913927,352.06689453125,60000,0.0,0.0
2003-01-13 00:00:00+09:00,352.06689453125,352.06689453125,352.06689453125,352.06689453125,0,0.0,0.0
2003-01-14 00:00:00+09:00,345.97584989610317,352.67608642578125,345.97584989610317,352.67608642578125,41000,0.0,0.0
2003-01-15 00:00:00+09:00,347.80311385444975,353.2851244055707,347.80311385444975,350.23956298828125,34000,0.0,0.0
2003-01-16 00:00:00+09:00,350.84869384765625,354.50336774190265,350.84869384765625,350.84869384765625,43000,0.0,0.0
2003-01-17 00:00:00+09:00,356.9397927254542,356.9397927254542,351.4577822569745,352.06689453125,41000,0.0,0.0
2003-01-20 00:00:00+09:00,354.5032958984375,358.1579690520296,352.6759593216414,354.5032958984375,101000,0.0,0.0
2003-01-21 00:00:00+09:00,357.54885716756183,366.07642786661785,357.54885716756183,365.4673156738281,89000,0.0,0.0
2003-01-22 00:00:00+09:00,366.076468933311,369.1220302389126,356.33067275538593,361.81268310546875,94000,0.0,0.0
2003-01-23 00:00:00+09:00,361.81264251708984,367.29465225219724,361.81264251708984,365.4673156738281,50000,0.0,0.0
2003-01-24 00:00:00+09:00,369.73104635346374,370.34015845618774,362.4217011207758,366.68548583984375,119000,0.0,0.0
2003-01-27 00:00:00+09:00,365.4673156738281,365.4673156738281,361.81264251708984,365.4673156738281,56000,0.0,0.0
2003-01-28 00:00:00+09:00,364.8583003927515,365.4674127473304,363.64007568359375,363.64007568359375,56000,0.0,0.0
2003-01-29 00:00:00+09:00,364.24915084197744,364.24915084197744,358.76714021057643,362.42181396484375,34000,0.0,0.0
2003-01-30 00:00:00+09:00,362.4219294956752,362.4219294956752,356.93991711674903,358.15814208984375,24000,0.0,0.0
2003-01-31 00:00:00+09:00,356.33071245092066,361.2036110827281,355.11248779296875,355.11248779296875,46000,0.0,0.0
2003-02-03 00:00:00+09:00,355.1124453609937,359.3762311543504,353.28510859241226,355.7215576171875,53000,0.0,0.0
2003-02-04 00:00:00+09:00,356.3307374817519,361.20363645586133,354.5034003664609,356.9398498535156,68000,0.0,0.0
2003-02-05 00:00:00+09:00,356.9397850165062,365.4673566721907,356.9397850165062,361.81268310546875,86000,0.0,0.0
2003-02-06 00:00:00+09:00,362.4218313665761,363.6400560098251,359.9853820800781,359.9853820800781,34000,0.0,0.0
2003-02-07 00:00:00+09:00,358.15800290494354,363.6400131534886,358.15800290494354,360.5944519042969,61000,0.0,0.0
2003-02-10 00:00:00+09:00,362.42176648173387,364.85821533203125,360.59442984401085,364.85821533203125,73000,0.0,0.0
2003-02-11 00:00:00+09:00,364.85821533203125,364.85821533203125,364.85821533203125,364.85821533203125,0,0.0,0.0
2003-02-12 00:00:00+09:00,365.467397436963,373.99497004382545,365.467397436963,372.1676330566406,108000,0.0,0.0
2003-02-13 00:00:00+09:00,372.1676078595613,373.38583243520634,367.2947095569811,370.34027099609375,72000,0.0,0.0
2003-02-14 00:00:00+09:00,370.94943965565074,375.2132263183594,370.94943965565074,375.2132263183594,107000,0.0,0.0
2003-02-17 00:00:00+09:00,375.8222973201053,383.13164507997766,374.6040726934599,378.86785888671875,202000,0.0,0.0
2003-02-18 00:00:00+09:00,381.9133925136132,386.7862906637071,377.649606632281,384.9589538574219,121000,0.0,0.0
2003-02-19 00:00:00+09:00,386.1771783949454,386.1771783949454,382.52250478237494,384.9589538574219,61000,0.0,0.0
2003-02-20 00:00:00+09:00,379.4769499865992,386.78629733786596,379.4769499865992,386.17718505859375,67000,0.0,0.0
2003-02-21 00:00:00+09:00,386.17720240032867,386.17720240032867,377.6496301075769,383.7407531738281,71000,0.0,0.0
2003-02-24 00:00:00+09:00,384.34989407447074,386.17723113029234,377.649658203125,377.649658203125,91000,0.0,0.0
2003-02-25 00:00:00+09:00,377.6496301075769,383.7407531738282,377.0405178009518,383.7407531738281,192000,0.0,0.0
2003-02-26 00:00:00+09:00,383.7407345915826,384.3498468687121,381.30428548306463,383.1316223144531,84000,0.0,0.0
2003-02-27 00:00:00+09:00,380.6951850842519,382.5225219726563,378.2587358997127,382.52252197265625,30000,0.0,0.0
2003-02-28 00:00:00+09:00,381.9133925136132,386.1771783949454,381.30428024485144,384.9589538574219,53000,0.0,0.0
2003-03-03 00:00:00+09:00,384.349853515625,384.95896580328844,381.3042920773078,384.349853515625,30000,0.0,0.0
2003-03-04 00:00:00+09:00,384.3498613602689,390.440984361224,381.30429985979134,388.6136474609375,72000,0.0,0.0
2003-03-05 00:00:00+09:00,388.61365943800894,388.61365943800894,384.95898552479883,388.0045471191406,50000,0.0,0.0
2003-03-06 00:00:00+09:00,388.0045272416056,388.0045272416056,384.349853515625,384.349853515625,32000,0.0,0.0
2003-03-07 00:00:00+09:00,384.3497906767141,386.78623942902294,381.3042297363281,381.3042297363281,70000,0.0,0.0
2003-03-10 00:00:00+09:00,380.6953120037792,380.6953120037792,372.16773701489456,374.60418701171875,50000,0.0,0.0
2003-03-11 00:00:00+09:00,374.60405701085136,374.60405701085136,370.34027099609375,370.34027099609375,25000,0.0,0.0
2003-03-12 00:00:00+09:00,370.34029067844057,373.9949645996094,370.34029067844057,373.9949645996094,81000,0.0,0.0
2003-03-13 00:00:00+09:00,373.9949447230289,374.60405701085136,368.5129341326262,370.34027099609375,97000,0.0,0.0
2003-03-14 00:00:00+09:00,364.2491232123257,372.1675824125937,364.2491232123257,368.5129089355469,194000,0.0,0.0
2003-03-17 00:00:00+09:00,370.949303414912,374.60397635496037,365.46729400483935,369.7310791015625,63000,0.0,0.0
2003-03-18 00:00:00+09:00,373.9949206743084,373.9949206743084,370.340247182377,371.5584716796875,88000,0.0,0.0
2003-03-19 00:00:00+09:00,372.16752968582455,379.47687560436776,370.34019320618876,372.7766418457031,107000,0.0,0.0
2003-03-20 00:00:00+09:00,372.7767453857022,381.9134303216263,372.1676330566406,372.1676330566406,151000,0.0,0.0
2003-03-21 00:00:00+09:00,372.1676330566406,372.1676330566406,372.1676330566406,372.1676330566406,0,0.0,0.0
2003-03-24 00:00:00+09:00,380.0860622658714,386.78629733786596,380.0860622658714,386.17718505859375,181000,0.0,0.0
2003-03-25 00:00:00+09:00,383.7406938207431,389.222703732468,378.2586839090182,386.7862548828125,103000,0.0,0.0
2003-03-26 00:00:00+09:00,390.1602318992077,392.6140698356807,388.31985344685296,392.0006103515625,136000,4.5,0.0
2003-03-27 00:00:00+09:00,392.00069241845625,392.61415203100466,388.93339435571403,390.7737731933594,106000,0.0,0.0
2003-03-28 00:00:00+09:00,387.0929724856912,396.9083251953125,387.0929724856912,396.9083251953125,140000,0.0,0.0
2003-03-31 00:00:00+09:00,396.9084999511719,397.521959765625,382.79892421875,383.4123840332031,135000,0.0,0.0
2003-04-01 00:00:00+09:00,380.3449597800358,392.00069241845625,380.3449597800358,390.7737731933594,90000,0.0,0.0
2003-04-02 00:00:00+09:00,393.84102430343626,395.06794338226314,391.38718614578244,392.6141052246094,120000,0.0,0.0
2003-04-03 00:00:00+09:00,395.68146224361453,397.5218411377709,393.2276237180727,396.294921875,137000,0.0,0.0
2003-04-04 00:00:00+09:00,396.90843531173493,401.8161130281088,394.45459645354805,399.3622741699219,212000,0.0,0.0
2003-04-07 00:00:00+09:00,399.9756732618953,407.3371887207032,399.9756732618953,407.3371887207031,236000,0.0,0.0
2003-04-08 00:00:00+09:00,407.9506483422705,409.17756758540514,406.1102694775685,407.3371887207031,140000,0.0,0.0
2003-04-09 00:00:00+09:00,407.3371887207032,407.9506483422705,404.88335023443386,407.3371887207031,135000,0.0,0.0
2003-04-10 00:00:00+09:00,407.9506388315621,407.9506388315621,404.8833407952346,406.1102600097656,118000,0.0,0.0
2003-04-11 00:00:00+09:00,407.33727279229726,411.01803128138425,407.33727279229726,410.4045715332031,170000,0.0,0.0
2003-04-14 00:00:00+09:00,411.0180800099252,414.0853791144769,411.0180800099252,412.85845947265625,105000,0.0,0.0
2003-04-15 00:00:00+09:00,416.53912108483973,420.21987915039057,413.4718226968807,420.2198791503906,106000,0.0,0.0
2003-04-16 00:00:00+09:00,420.83329463382415,426.35443115234375,414.08523888896696,426.35443115234375,113000,0.0,0.0
2003-04-17 00:00:00+09:00,422.67371786075785,423.2871775383496,417.1525807624315,420.2198791503906,111000,0.0,0.0
2003-04-18 00:00:00+09:00,420.83335027777156,427.5814069148787,420.83335027777156,425.74102783203125,89000,0.0,0.0
2003-04-21 00:00:00+09:00,428.19482642377733,428.8082860604876,424.5140686035156,424.5140686035156,62000,0.0,0.0
2003-04-22 00:00:00+09:00,423.2870531979242,425.7408911874774,423.2870531979242,423.9005126953125,102000,0.0,0.0
2003-04-23 00:00:00+09:00,424.51421216881795,428.1949712338655,423.28729248046875,423.28729248046875,93000,0.0,0.0
2003-04-24 00:00:00+09:00,423.28729248046875,425.12767201299255,423.28729248046875,423.28729248046875,110000,0.0,0.0
2003-04-25 00:00:00+09:00,423.90060896680535,428.19482642377733,423.2871493300951,424.5140686035156,65000,0.0,0.0
2003-04-28 00:00:00+09:00,426.96805154551635,426.96805154551635,422.6738326362942,423.28729248046875,46000,0.0,0.0
2003-04-29 00:00:00+09:00,423.28729248046875,423.28729248046875,423.28729248046875,423.28729248046875,0,0.0,0.0
2003-04-30 00:00:00+09:00,424.51421216881795,426.96805154551635,422.0603727921196,423.28729248046875,112000,0.0,0.0
2003-05-01 00:00:00+09:00,423.2870531979242,424.5139721927008,423.2870531979242,423.9005126953125,90000,0.0,0.0
2003-05-02 00:00:00+09:00,423.90061367194545,425.7409926025038,423.28715402842596,425.1275329589844,41000,0.0,0.0
2003-05-05 00:00:00+09:00,425.1275329589843,425.1275329589843,425.1275329589843,425.1275329589844,0,0.0,0.0
2003-05-06 00:00:00+09:00,426.96789076551255,431.26210805769443,426.35443115234375,426.35443115234375,68000,0.0,0.0
2003-05-07 00:00:00+09:00,426.3544149316826,430.03517247066117,426.3544149316826,428.1947937011719,54000,0.0,0.0
2003-05-08 00:00:00+09:00,428.8082908201011,429.4217504636205,425.1275329589843,425.1275329589844,32000,0.0,0.0
2003-05-09 00:00:00+09:00,431.2622993576694,435.55651855468744,429.42191970180454,435.5565185546875,146000,0.0,0.0
2003-05-12 00:00:00+09:00,436.16974045773776,436.16974045773776,432.48898315429693,432.4889831542969,78000,0.0,0.0
2003-05-13 00:00:00+09:00,435.55641314602303,435.55641314602303,432.4891144618961,433.7160339355469,96000,0.0,0.0
2003-05-14 00:00:00+09:00,433.71603573069854,438.62371364561454,433.71603573069854,438.01025390625,109000,0.0,0.0
2003-05-15 00:00:00+09:00,440.46399602047353,440.46399602047353,435.55631918459085,437.3966979980469,110000,0.0,0.0
2003-05-16 00:00:00+09:00,435.55645266351064,449.6660278906384,435.55645266351064,447.2121887207031,119000,0.0,0.0
2003-05-19 00:00:00+09:00,447.8256133362487,448.4390730805449,444.1448548704713,446.59869384765625,88000,0.0,0.0
2003-05-20 00:00:00+09:00,444.7582006454468,453.9600944519043,444.7582006454468,451.5062561035156,134000,0.0,0.0
2003-05-21 00:00:00+09:00,450.27938838540763,450.27938838540763,442.3044128417969,442.3044128417969,124000,0.0,0.0
2003-05-22 00:00:00+09:00,444.7582699742098,452.7332458496094,442.3044312433176,452.7332458496094,74000,0.0,0.0
2003-05-23 00:00:00+09:00,452.1197579389061,453.9601368721717,449.0524597167969,449.0524597167969,106000,0.0,0.0
2003-05-26 00:00:00+09:00,453.9601534203378,457.027451754259,453.9601534203378,455.18707275390625,101000,0.0,0.0
2003-05-27 00:00:00+09:00,455.1870821060673,458.25438050300846,450.89286435034967,456.41400146484375,196000,0.0,0.0
2003-05-28 00:00:00+09:00,455.8004732131958,455.8004732131958,451.5062561035156,451.5062561035156,99000,0.0,0.0
2003-05-29 00:00:00+09:00,454.5735710900846,459.4812479709492,452.73319225976036,457.640869140625,197000,0.0,0.0
2003-05-30 00:00:00+09:00,457.64098662306,458.8679061582424,453.9602280175126,457.02752685546875,92000,0.0,0.0
2003-06-02 00:00:00+09:00,456.4140670878775,458.8679061582424,453.34676824992135,457.02752685546875,141000,0.0,0.0
2003-06-03 00:00:00+09:00,454.57359651659357,455.80051580543727,446.59862113910947,449.0524597167969,287000,0.0,0.0
2003-06-04 00:00:00+09:00,446.5985955086119,452.7331916007631,442.91783785332115,449.6658935546875,217000,0.0,0.0
2003-06-05 00:00:00+09:00,449.6660278906384,450.89294747560604,445.9852691357355,447.2121887207031,143000,0.0,0.0
2003-06-06 00:00:00+09:00,446.5987289282193,447.2121887207031,443.53142996580027,447.2121887207031,279000,0.0,0.0
2003-06-09 00:00:00+09:00,447.2122272048866,447.2122272048866,444.1449279785156,444.1449279785156,115000,0.0,0.0
2003-06-10 00:00:00+09:00,441.0774460160783,441.0774460160783,433.10247133150386,436.1697692871094,260000,0.0,0.0
2003-06-11 00:00:00+09:00,433.1025368795545,434.9429159314506,425.74102067197,428.8083190917969,283000,0.0,0.0
2003-06-12 00:00:00+09:00,432.4892445099659,438.62384372287323,430.6488647460937,430.64886474609375,340000,0.0,0.0
2003-06-13 00:00:00+09:00,434.94286900233556,441.07746518008355,430.6486516779119,438.6236267089844,424000,0.0,0.0
2003-06-16 00:00:00+09:00,439.23714023166235,441.69097900390625,436.1698417663574,441.69097900390625,126000,0.0,0.0
2003-06-17 00:00:00+09:00,442.9178180374913,447.8254946916463,438.62360096510565,439.237060546875,180000,0.0,0.0
2003-06-18 00:00:00+09:00,437.39677494624175,445.3717512075337,435.55639580902056,443.5313720703125,368000,0.0,0.0
2003-06-19 00:00:00+09:00,447.8254985809326,452.1197156906128,445.37166023254395,451.5062561035156,245000,0.0,0.0
2003-06-20 00:00:00+09:00,453.34666806371183,457.0274258558394,453.34666806371183,455.8005065917969,185000,0.0,0.0
2003-06-23 00:00:00+09:00,457.0273277976296,461.9350038008256,454.5734897960316,458.8677062988281,210000,0.0,0.0
2003-06-24 00:00:00+09:00,458.8679061582424,458.8679061582424,453.34676824992135,457.02752685546875,206000,0.0,0.0
2003-06-25 00:00:00+09:00,456.41396875000004,462.5485651041667,453.3466705729167,460.0947265625,212000,0.0,0.0
2003-06-26 00:00:00+09:00,464.3890242437469,464.3890242437469,458.8678865711,462.54864501953125,155000,0.0,0.0
2003-06-27 00:00:00+09:00,464.3888257226043,464.3888257226043,460.70806884765625,460.70806884765625,126000,0.0,0.0
2003-06-30 00:00:00+09:00,455.8005115907132,466.2293254494509,455.8005115907132,464.3889465332031,122000,0.0,0.0
2003-07-01 00:00:00+09:00,463.16188485569006,465.61572265625,460.0945876049901,465.61572265625,103000,0.0,0.0
2003-07-02 00:00:00+09:00,470.5234889610141,470.5234889610141,465.6158124138327,469.29656982421875,194000,0.0,0.0
2003-07-03 00:00:00+09:00,469.29647935708994,469.9099388072299,460.7080470551301,465.61572265625,131000,0.0,0.0
2003-07-04 00:00:00+09:00,465.6159437265573,465.6159437265573,457.0275073468843,462.54864501953125,92000,0.0,0.0
2003-07-07 00:00:00+09:00,458.25442682969475,462.54864501953125,458.25442682969475,462.54864501953125,85000,0.0,0.0
2003-07-08 00:00:00+09:00,466.22920416007827,466.22920416007827,455.8003930143923,460.70806884765625,116000,0.0,0.0
2003-07-09 00:00:00+09:00,460.70824778277904,480.95241845765486,460.70824778277904,480.3389587402344,388000,0.0,0.0
2003-07-10 00:00:00+09:00,487.08711521846607,490.76787427553256,483.4063561613996,489.54095458984375,537000,0.0,0.0
2003-07-11 00:00:00+09:00,488.31392035658695,488.92738005552735,483.40624276506344,486.4735412597656,227000,0.0,0.0
2003-07-14 00:00:00+09:00,481.5658662400979,484.0197050489646,479.72548713344787,482.79278564453125,110000,0.0,0.0
2003-07-15 00:00:00+09:00,486.47350596279784,487.70042527165737,477.88507080078125,477.88507080078125,141000,0.0,0.0
2003-07-16 00:00:00+09:00,479.1120393053934,480.95241845765486,478.4985795879729,480.3389587402344,145000,0.0,0.0
2003-07-17 00:00:00+09:00,477.88515448445423,477.88515448445423,466.22941900922365,468.6832580566406,115000,0.0,0.0
2003-07-18 00:00:00+09:00,465.002427260081,476.0447012583415,463.7755079269409,471.13702392578125,151000,0.0,0.0
2003-07-21 00:00:00+09:00,471.13702392578125,471.13702392578125,471.13702392578125,471.13702392578125,0,0.0,0.0
2003-07-22 00:00:00+09:00,474.2042204057579,476.6580585449856,469.9100036621094,469.9100036621094,129000,0.0,0.0
2003-07-23 00:00:00+09:00,470.52355724102773,475.43123450038655,469.29663792618805,474.2043151855469,117000,0.0,0.0
2003-07-24 00:00:00+09:00,476.0447012583415,478.49853992462164,469.91010459264123,471.13702392578125,142000,0.0,0.0
2003-07-25 00:00:00+09:00,469.91010227278565,470.52356193632716,463.1620459738292,466.8428039550781,115000,0.0,0.0
2003-07-28 00:00:00+09:00,472.3640487413616,475.4313477591627,471.7505889378014,472.9775085449219,125000,0.0,0.0
2003-07-29 00:00:00+09:00,475.4312065320137,479.11196426000345,473.5908276680188,478.4985046386719,152000,0.0,0.0
2003-07-30 00:00:00+09:00,479.1118628494537,486.4733767472686,475.43110590054624,477.271484375,112000,0.0,0.0
2003-07-31 00:00:00+09:00,481.5659301992262,481.5659301992262,478.4986312807598,479.1120910644531,92000,0.0,0.0
2003-08-01 00:00:00+09:00,484.0197524245904,487.70051099816146,476.04477551518653,480.95245361328125,171000,0.0,0.0
2003-08-04 00:00:00+09:00,482.7926969360044,487.0869140625,481.56577775700566,487.0869140625,146000,0.0,0.0
2003-08-05 00:00:00+09:00,487.70046326226475,487.70046326226475,482.79278564453125,482.79278564453125,133000,0.0,0.0
2003-08-06 00:00:00+09:00,476.6582233022312,486.47357925182666,476.6582233022312,483.4062805175781,95000,0.0,0.0
2003-08-07 00:00:00+09:00,479.1119393990082,487.70037365199937,479.1119393990082,487.0869140625,123000,0.0,0.0
2003-08-08 00:00:00+09:00,488.3140349041549,493.8351734897546,486.47365537562166,489.54095458984375,333000,0.0,0.0
2003-08-11 00:00:00+09:00,490.7678237782683,497.5158813552195,490.7678237782683,495.0620422363281,350000,0.0,0.0
2003-08-12 00:00:00+09:00,495.6755621337891,495.6755621337891,490.76788330078125,490.76788330078125,254000,0.0,0.0
2003-08-13 00:00:00+09:00,493.83512267688246,495.675502016051,490.7678237782683,495.0620422363281,194000,0.0,0.0
2003-08-14 00:00:00+09:00,495.6754148903776,504.2638502968941,493.2215762028015,503.650390625,247000,0.0,0.0
2003-08-15 00:00:00+09:00,503.036865234375,503.036865234375,503.036865234375,503.036865234375,198000,0.0,0.0
2003-08-18 00:00:00+09:00,503.0370254984663,503.0370254984663,496.2889678393405,499.9697265625,142000,0.0,0.0
2003-08-19 00:00:00+09:00,498.1292582045506,506.10423401324414,498.1292582045506,504.26385498046875,186000,0.0,0.0
2003-08-20 00:00:00+09:00,504.2639252005271,506.10430448958016,499.9697068594034,505.4908447265625,197000,0.0,0.0
2003-08-21 00:00:00+09:00,505.4906950398616,511.62529085345216,503.03685671442537,509.784912109375,173000,0.0,0.0
2003-08-22 00:00:00+09:00,510.39838033536586,510.39838033536586,503.036865234375,503.036865234375,113000,0.0,0.0
2003-08-25 00:00:00+09:00,504.2638549804687,506.10423401324414,503.6503953028769,504.26385498046875,58000,0.0,0.0
2003-08-26 00:00:00+09:00,504.8773146580605,508.55807272361136,499.3561775597342,504.26385498046875,172000,0.0,0.0
2003-08-27 00:00:00+09:00,508.5579798422869,518.3733328911127,506.1041415800804,515.9194946289062,233000,0.0,0.0
2003-08-28 00:00:00+09:00,515.3062361316568,518.9869949611686,514.0793165218196,518.37353515625,187000,0.0,0.0
2003-08-29 00:00:00+09:00,518.9869384765625,524.5080761199301,514.0792605713467,518.9869384765625,347000,0.0,0.0
2003-09-01 00:00:00+09:00,519.6002949793198,525.1214315257353,518.9868353630515,521.440673828125,337000,0.0,0.0
2003-09-02 00:00:00+09:00,521.4407395251909,524.5080379929861,521.4407395251909,522.05419921875,201000,0.0,0.0
2003-09-03 00:00:00+09:00,522.0541047733542,523.8944835210864,516.5329685301577,517.7598876953125,99000,0.0,0.0
2003-09-04 00:00:00+09:00,516.532977155706,516.532977155706,509.17146204184803,511.0118408203125,182000,0.0,0.0
2003-09-05 00:00:00+09:00,506.7178320719886,518.3735691293346,506.7178320719886,514.6928100585938,138000,0.0,0.0
2003-09-08 00:00:00+09:00,514.6927964790016,514.6927964790016,512.2389571632494,512.8524169921875,45000,0.0,0.0
2003-09-09 00:00:00+09:00,512.8521968011481,522.667549849974,512.8521968011481,515.9194946289062,143000,0.0,0.0
2003-09-10 00:00:00+09:00,520.2139008220754,520.2139008220754,512.8523833576121,516.5331420898438,175000,0.0,0.0
2003-09-11 00:00:00+09:00,515.9195372817095,523.2810526769301,515.9195372817095,521.440673828125,419000,0.0,0.0
2003-09-12 00:00:00+09:00,527.5752420325263,531.2559995350788,522.0541057786975,525.73486328125,534000,0.0,0.0
2003-09-15 00:00:00+09:00,525.73486328125,525.73486328125,525.73486328125,525.73486328125,0,0.0,0.0
2003-09-16 00:00:00+09:00,526.3484217684033,529.4157202635572,521.4407441761572,522.6676635742188,329000,0.0,0.0
2003-09-17 00:00:00+09:00,526.9619290876445,526.9619290876445,520.8273315429688,520.8273315429688,131000,0.0,0.0
2003-09-18 00:00:00+09:00,520.8272007432095,527.5752563476562,520.2137411428052,527.5752563476562,151000,0.0,0.0
2003-09-19 00:00:00+09:00,532.4829474987326,532.4829474987326,528.1887301801944,529.4156494140625,223000,0.0,0.0
2003-09-22 00:00:00+09:00,529.415677507347,529.415677507347,523.2810810124763,525.1214599609375,87000,0.0,0.0
2003-09-23 00:00:00+09:00,525.1214599609375,525.1214599609375,525.1214599609375,525.1214599609375,0,0.0,0.0
2003-09-24 00:00:00+09:00,521.4407209583895,522.667640301821,508.55806785235876,511.6253662109375,206000,0.0,0.0
2003-09-25 00:00:00+09:00,495.2805199438287,495.89730763989826,471.22579979711725,477.3936767578125,664000,4.5,0.0
2003-09-26 00:00:00+09:00,483.5615965557583,487.26232306001157,476.1601435472518,486.02874755859375,230000,0.0,0.0
2003-09-29 00:00:00+09:00,473.69286605992266,481.71110467812446,473.69286605992266,478.6271667480469,123000,0.0,0.0
2003-09-30 00:00:00+09:00,479.86080114976414,491.5797667305424,479.86080114976414,490.34619140625,212000,0.0,0.0
2003-10-01 00:00:00+09:00,492.1966220026852,492.1966220026852,481.71123030588615,485.4119567871094,136000,0.0,0.0
2003-10-02 00:00:00+09:00,481.094424434569,486.0287262236415,480.477636710935,481.7112121582031,149000,0.0,0.0
2003-10-03 00:00:00+09:00,482.32804242759755,484.17840576171875,479.86089131543594,484.17840576171875,272000,0.0,0.0
2003-10-06 00:00:00+09:00,484.79523186934625,492.1966857910157,484.79523186934625,492.1966857910156,308000,0.0,0.0
2003-10-07 00:00:00+09:00,492.81344902038575,498.98132698059084,490.96308563232424,493.43023681640625,1054000,0.0,0.0
2003-10-08 00:00:00+09:00,494.0470102103653,494.0470102103653,482.94483020563797,484.17840576171875,860000,0.0,0.0
2003-10-09 00:00:00+09:00,484.79506181877895,485.4118494292354,482.3279113769531,482.3279113769531,481000,0.0,0.0
2003-10-10 00:00:00+09:00,487.2621765136719,489.1125392092934,484.178238687636,487.2621765136719,501000,0.0,0.0
2003-10-13 00:00:00+09:00,487.2621765136719,487.2621765136719,487.2621765136719,487.2621765136719,0,0.0,0.0
2003-10-14 00:00:00+09:00,490.3461175621988,492.19648026998067,486.0286045773744,487.87896728515625,568000,0.0,0.0
2003-10-15 00:00:00+09:00,489.11262800364136,489.11262800364136,484.79511426338223,486.6454772949219,372000,0.0,0.0
2003-10-16 00:00:00+09:00,484.17827420832253,486.0286370396919,482.3279113769531,482.3279113769531,193000,0.0,0.0
2003-10-17 00:00:00+09:00,482.3278373188715,484.17819986613057,478.01032470860025,479.8606872558594,360000,0.0,0.0
2003-10-20 00:00:00+09:00,480.4775888119103,490.9629790683962,476.1600751768868,490.34619140625,1055000,0.0,0.0
2003-10-21 00:00:00+09:00,487.2623446519208,487.2623446519208,481.71125464955713,484.17840576171875,1579000,0.0,0.0
2003-10-22 00:00:00+09:00,484.17832658620233,486.6454772949218,481.09438820030294,486.6454772949219,605000,0.0,0.0
2003-10-23 00:00:00+09:00,480.47747392616725,481.71104895550275,468.1417236328125,468.1417236328125,572000,0.0,0.0
2003-10-24 00:00:00+09:00,466.2914545898438,474.3096938883464,459.50679056803386,462.5907287597656,356000,0.0,0.0
2003-10-27 00:00:00+09:00,467.5249490600426,470.60888671875006,463.20743633785224,470.60888671875,149000,0.0,0.0
2003-10-28 00:00:00+09:00,471.842577980633,471.842577980633,468.75863956245894,469.37542724609375,336000,0.0,0.0
2003-10-29 00:00:00+09:00,474.92644123195373,479.2439543340624,471.8425033018761,478.6271667480469,250000,0.0,0.0
2003-10-30 00:00:00+09:00,479.2440612636668,482.9447876054712,477.3936980927647,481.7112121582031,206000,0.0,0.0
2003-10-31 00:00:00+09:00,483.5615965557583,487.26232306001157,479.86087005150506,486.02874755859375,703000,0.0,0.0
2003-11-03 00:00:00+09:00,486.0287475585938,486.0287475585938,486.0287475585938,486.02874755859375,0,0.0,0.0
2003-11-04 00:00:00+09:00,487.26215246951944,488.4957275390625,484.1782147956617,488.4957275390625,690000,0.0,0.0
2003-11-05 00:00:00+09:00,487.26220504512474,492.81329345703125,485.41184224115597,492.81329345703125,743000,0.0,0.0
2003-11-06 00:00:00+09:00,492.81347361782144,497.13098840546195,488.49595883018094,492.1966857910156,1176000,0.0,0.0
2003-11-07 00:00:00+09:00,493.4301154996142,499.5979919433594,492.81332785523966,499.5979919433594,828000,0.0,0.0
2003-11-10 00:00:00+09:00,502.6820925329004,503.9156682200977,498.3645776277098,501.4485168457031,672000,0.0,0.0
2003-11-11 00:00:00+09:00,498.36446530174084,499.5980407109036,487.2622866192763,497.1308898925781,608000,0.0,0.0
2003-11-12 00:00:00+09:00,494.6638370982388,496.51420057865613,490.9631101374041,492.1966857910156,346000,0.0,0.0
2003-11-13 00:00:00+09:00,496.5141021879968,497.1308898925781,492.1965882559272,497.1308898925781,397000,0.0,0.0
2003-11-14 00:00:00+09:00,498.36439679431675,500.83154727349654,487.87900725780264,489.7293701171875,297000,0.0,0.0
2003-11-17 00:00:00+09:00,478.01046445388204,487.2622798949249,476.1601013656735,477.3936767578125,238000,0.0,0.0
2003-11-18 00:00:00+09:00,476.77688906174296,478.01046445388204,474.9265259735344,477.3936767578125,344000,0.0,0.0
2003-11-19 00:00:00+09:00,472.45936844196723,472.45936844196723,460.12361469674613,463.8243408203125,481000,0.0,0.0
2003-11-20 00:00:00+09:00,460.1235782063802,465.67466695149744,460.1235782063802,462.5907287597656,262000,0.0,0.0
2003-11-21 00:00:00+09:00,462.59072729142963,479.2439934739211,462.59072729142963,474.3096923828125,397000,0.0,0.0
2003-11-24 00:00:00+09:00,474.3096923828125,474.3096923828125,474.3096923828125,474.3096923828125,0,0.0,0.0
2003-11-25 00:00:00+09:00,479.24391216313074,479.24391216313074,469.37531165526707,470.60888671875,109000,0.0,0.0
2003-11-26 00:00:00+09:00,470.60890919078486,478.01035992510907,470.60890919078486,474.9264221191406,222000,0.0,0.0
2003-11-27 00:00:00+09:00,477.39360939776964,477.39360939776964,472.45930852544126,476.1600341796875,180000,0.0,0.0
2003-11-28 00:00:00+09:00,470.60890759919823,471.22569515830594,465.05781956722865,468.758544921875,189000,0.0,0.0
2003-12-01 00:00:00+09:00,462.5908317366195,471.22586059570307,461.9740439609707,471.2258605957031,220000,0.0,0.0
2003-12-02 00:00:00+09:00,471.22578096012325,471.22578096012325,464.4411165745717,467.5250549316406,239000,0.0,0.0
2003-12-03 00:00:00+09:00,471.8425418372582,476.1600552919782,468.7586036553153,474.3096923828125,247000,0.0,0.0
2003-12-04 00:00:00+09:00,474.3096119091989,478.0103370996478,468.7585241235256,470.60888671875,126000,0.0,0.0
2003-12-05 00:00:00+09:00,470.6090209235288,474.92653487695566,466.2915069701019,466.9082946777344,153000,0.0,0.0
2003-12-08 00:00:00+09:00,466.90827925661773,467.5250669438788,463.2075531330514,463.8243408203125,104000,0.0,0.0
2003-12-09 00:00:00+09:00,463.8243315305824,466.29148223021315,460.1236054811363,461.9739685058594,150000,0.0,0.0
2003-12-10 00:00:00+09:00,464.4411992220271,464.4411992220271,456.42295806679954,459.50689697265625,182000,0.0,0.0
2003-12-11 00:00:00+09:00,459.50664230732724,464.4409418220368,458.88985486798856,463.2073669433594,199000,0.0,0.0
2003-12-12 00:00:00+09:00,475.5432242599188,475.5432242599188,466.90819813846764,471.8424987792969,337000,0.0,0.0
2003-12-15 00:00:00+09:00,475.5432801635269,479.24400607919637,472.459341900469,476.77685546875,255000,0.0,0.0
2003-12-16 00:00:00+09:00,470.6089456983181,479.24397222489273,468.75858287119496,476.1600341796875,187000,0.0,0.0
2003-12-17 00:00:00+09:00,476.1601013656735,481.09440293422966,474.9265259735344,477.3936767578125,224000,0.0,0.0
2003-12-18 00:00:00+09:00,477.3935870002298,477.3935870002298,469.3753484588823,471.8424987792969,150000,0.0,0.0
2003-12-19 00:00:00+09:00,476.7768704891205,479.8608088493347,473.0761444568634,473.69293212890625,132000,0.0,0.0
2003-12-22 00:00:00+09:00,476.77682178872857,480.47754744297487,473.69288374352334,476.1600341796875,100000,0.0,0.0
2003-12-23 00:00:00+09:00,476.1600341796875,476.1600341796875,476.1600341796875,476.1600341796875,0,0.0,0.0
2003-12-24 00:00:00+09:00,478.01047353732076,478.01047353732076,471.84259645941984,473.076171875,169000,0.0,0.0
2003-12-25 00:00:00+09:00,471.842577980633,471.842577980633,468.75863956245894,469.37542724609375,77000,0.0,0.0
2003-12-26 00:00:00+09:00,469.99221492972856,473.69294103153743,468.75863956245894,469.37542724609375,263000,0.0,0.0
2003-12-29 00:00:00+09:00,474.30963455794694,474.9264221191406,469.99212162959117,474.9264221191406,152000,0.0,0.0
2003-12-30 00:00:00+09:00,478.01046445388204,480.4776152381601,476.77688906174296,477.3936767578125,71000,0.0,0.0
2003-12-31 00:00:00+09:00,477.3936767578125,477.3936767578125,477.3936767578125,477.3936767578125,0,0.0,0.0
2004-01-01 00:00:00+09:00,477.3936767578125,477.3936767578125,477.3936767578125,477.3936767578125,0,0.0,0.0
2004-01-02 00:00:00+09:00,477.3936767578125,477.3936767578125,477.3936767578125,477.3936767578125,0,0.0,0.0
2004-01-05 00:00:00+09:00,483.56149391923805,493.43009583595716,479.8607682004683,489.7293701171875,237000,0.0,0.0
2004-01-06 00:00:00+09:00,492.813191175757,498.364278435559,490.3460412825117,496.513916015625,446000,0.0,0.0
2004-01-07 00:00:00+09:00,500.2149047851562,502.0652681814022,497.7477535901616,500.21490478515625,471000,0.0,0.0
2004-01-08 00:00:00+09:00,498.9812530063222,499.5980407109036,495.28052677883403,497.1308898925781,398000,0.0,0.0
2004-01-09 00:00:00+09:00,494.66382629768975,504.53243131111003,494.66382629768975,502.68206787109375,265000,0.0,0.0
2004-01-12 00:00:00+09:00,502.68206787109375,502.68206787109375,502.68206787109375,502.68206787109375,0,0.0,0.0
2004-01-13 00:00:00+09:00,502.68193016523196,503.915505453981,499.5979919433594,499.5979919433594,199000,0.0,0.0
2004-01-14 00:00:00+09:00,497.1307166327063,500.83144157041875,495.8971416534688,498.9810791015625,216000,0.0,0.0
2004-01-15 00:00:00+09:00,498.98127754173464,500.21485301155354,495.28055113227805,495.8973388671875,319000,0.0,0.0
2004-01-16 00:00:00+09:00,494.6637724506515,498.36449892783844,494.0469847044537,497.7477111816406,235000,0.0,0.0
2004-01-19 00:00:00+09:00,498.36431884765625,500.8314689409615,497.13074380100363,498.36431884765625,365000,0.0,0.0
2004-01-20 00:00:00+09:00,499.5979919433594,501.4483548764829,499.5979919433594,499.5979919433594,237000,0.0,0.0
2004-01-21 00:00:00+09:00,499.59811698640755,501.4484803826535,499.59811698640755,500.21490478515625,230000,0.0,0.0
2004-01-22 00:00:00+09:00,500.83172900210445,502.06530468930174,499.59815331490717,501.4485168457031,300000,0.0,0.0
2004-01-23 00:00:00+09:00,501.4484922444162,502.68206787109375,499.5981288043999,502.68206787109375,265000,0.0,0.0
2004-01-26 00:00:00+09:00,502.68188157890006,502.68188157890006,500.83151882462187,502.0650939941406,370000,0.0,0.0
2004-01-27 00:00:00+09:00,503.29881863229036,507.6163330078125,502.68203086435864,507.6163330078125,435000,0.0,0.0
2004-01-28 00:00:00+09:00,506.38270271070076,513.1673674242425,504.5323396070076,508.849853515625,517000,0.0,0.0
2004-01-29 00:00:00+09:00,503.91554275104306,506.9994812011719,503.91554275104306,506.9994812011719,238000,0.0,0.0
2004-01-30 00:00:00+09:00,505.7659058211203,509.46663196127486,505.7659058211203,506.9994812011719,194000,0.0,0.0
2004-02-02 00:00:00+09:00,504.5323365591105,510.0834258366557,504.5323365591105,508.2330627441406,203000,0.0,0.0
2004-02-03 00:00:00+09:00,508.23298268213244,508.23298268213244,497.1308058759694,504.5322570800781,213000,0.0,0.0
2004-02-04 00:00:00+09:00,505.76603175089366,505.76603175089366,496.5142140969139,501.4485168457031,273000,0.0,0.0
2004-02-05 00:00:00+09:00,500.8314689409615,501.4482564642878,497.13074380100363,498.36431884765625,218000,0.0,0.0
2004-02-06 00:00:00+09:00,497.1307887627209,499.59793907916116,493.4300632880604,495.2804260253906,171000,0.0,0.0
2004-02-09 00:00:00+09:00,494.04686865967716,497.7475942676148,492.1965058557083,492.81329345703125,87000,0.0,0.0
2004-02-10 00:00:00+09:00,497.7477020719158,502.6820039511913,492.19661245773085,495.8973388671875,144000,0.0,0.0
2004-02-11 00:00:00+09:00,495.8973388671875,495.8973388671875,495.8973388671875,495.8973388671875,0,0.0,0.0
2004-02-12 00:00:00+09:00,499.597978448149,499.597978448149,490.96295166015625,490.96295166015625,125000,0.0,0.0
2004-02-13 00:00:00+09:00,488.4957548544169,489.7293299929381,485.41181700811376,487.87896728515625,328000,0.0,0.0
2004-02-16 00:00:00+09:00,493.43019695825586,498.98128667403626,492.81340921205805,497.7477111816406,335000,0.0,0.0
2004-02-17 00:00:00+09:00,498.9813654713085,502.6820925329004,494.66385056611796,501.4485168457031,240000,0.0,0.0
2004-02-18 00:00:00+09:00,500.8315142373813,501.44830181649144,494.6636384462806,495.2804260253906,136000,0.0,0.0
2004-02-19 00:00:00+09:00,495.28034106900236,499.5978533821817,495.28034106900236,496.513916015625,65000,0.0,0.0
2004-02-20 00:00:00+09:00,494.6637542762709,498.36448061748985,493.43017882919787,494.0469665527344,60000,0.0,0.0
2004-02-23 00:00:00+09:00,494.0468508671705,498.9811515000511,492.81327570895036,495.2804260253906,58000,0.0,0.0
2004-02-24 00:00:00+09:00,496.513916015625,498.9810659088704,495.8971285423137,496.513916015625,91000,0.0,0.0
2004-02-25 00:00:00+09:00,493.430238998921,503.2988437788995,493.430238998921,500.21490478515625,181000,0.0,0.0
2004-02-26 00:00:00+09:00,500.21470724367623,503.9154325747022,500.21470724367623,503.29864501953125,167000,0.0,0.0
2004-02-27 00:00:00+09:00,503.9155488616055,508.2330627441406,503.9155488616055,508.2330627441406,280000,0.0,0.0
2004-03-01 00:00:00+09:00,508.84980810693946,515.0176845688418,508.84980810693946,511.9337463378906,399000,0.0,0.0
2004-03-02 00:00:00+09:00,515.0176498125185,523.035888671875,515.0176498125185,523.035888671875,494000,0.0,0.0
2004-03-03 00:00:00+09:00,523.0359285491334,526.7366544586791,523.0359285491334,524.8862915039062,360000,0.0,0.0
2004-03-04 00:00:00+09:00,524.26949132854,524.8862789653971,518.101614959969,522.4191284179688,303000,0.0,0.0
2004-03-05 00:00:00+09:00,522.419027102502,522.419027102502,515.6343644128592,520.5686645507812,225000,0.0,0.0
2004-03-08 00:00:00+09:00,521.8023407811116,524.26949132854,518.101614959969,522.4191284179688,231000,0.0,0.0
2004-03-09 00:00:00+09:00,522.4191655080172,529.8206176757812,521.8023778273702,529.8206176757812,331000,0.0,0.0
2004-03-10 00:00:00+09:00,532.904296875,535.9882337782118,530.4371473524305,532.904296875,486000,0.0,0.0
2004-03-11 00:00:00+09:00,530.4374000610213,542.1563658763229,527.3534616885735,540.9227905273438,748000,0.0,0.0
2004-03-12 00:00:00+09:00,536.6051297906628,539.0722798126889,533.5211922631303,535.9883422851562,335000,0.0,0.0
2004-03-15 00:00:00+09:00,540.9227103617653,540.9227103617653,536.6051972802005,537.2219848632812,236000,0.0,0.0
2004-03-16 00:00:00+09:00,534.7549287288562,539.6892302626864,534.7549287288562,537.8388671875,179000,0.0,0.0
2004-03-17 00:00:00+09:00,538.4557730667167,543.3900756835938,536.6054095853877,543.3900756835938,357000,0.0,0.0
2004-03-18 00:00:00+09:00,544.0066353029034,544.0066353029034,532.2876715038612,534.7548217773438,261000,0.0,0.0
2004-03-19 00:00:00+09:00,537.838787122907,539.6891499226418,531.6709111237911,534.1380615234375,152000,0.0,0.0
2004-03-22 00:00:00+09:00,527.3533871864238,534.1380506473017,521.1855113128984,526.1198120117188,330000,0.0,0.0
2004-03-23 00:00:00+09:00,521.1855321547564,529.2037711109834,515.6344436465993,524.2694702148438,222000,0.0,0.0
2004-03-24 00:00:00+09:00,524.8862599339978,525.5030475484914,518.7183837890625,518.7183837890625,206000,0.0,0.0
2004-03-25 00:00:00+09:00,519.9520446993016,527.3534972928859,519.9520446993016,523.6527709960938,207000,0.0,0.0
2004-03-26 00:00:00+09:00,535.1239444591381,538.2243149368851,531.4034998858417,535.7440185546875,301000,4.5,0.0
2004-03-29 00:00:00+09:00,541.3247953770524,551.8660571426994,540.0846469340352,548.7656860351562,371000,0.0,0.0
2004-03-30 00:00:00+09:00,550.6258684196728,554.3463134765625,545.6652750104865,554.3463134765625,392000,0.0,0.0
2004-03-31 00:00:00+09:00,558.0667042811978,558.0667042811978,552.4860372383858,556.2064819335938,317000,0.0,0.0
2004-04-01 00:00:00+09:00,553.1062803600239,556.2066518867057,551.8661317493512,552.4862060546875,272000,0.0,0.0
2004-04-02 00:00:00+09:00,560.5471830822172,583.4899328322638,558.6869601295108,572.9486694335938,1850000,0.0,0.0
2004-04-05 00:00:00+09:00,579.1493394785914,581.0095621964027,574.1887455644279,575.4288940429688,443000,0.0,0.0
2004-04-06 00:00:00+09:00,579.7693054132659,579.7693054132659,564.8875264507864,568.6079711914062,277000,0.0,0.0
2004-04-07 00:00:00+09:00,568.6080639357164,575.4288804060467,568.6080639357164,571.7084350585938,311000,0.0,0.0
2004-04-08 00:00:00+09:00,566.1277105612833,570.4682297003073,561.1671172595416,567.3678588867188,367000,0.0,0.0
2004-04-09 00:00:00+09:00,564.2674489215822,570.4681901185227,558.6867818443358,562.4072265625,295000,0.0,0.0
2004-04-12 00:00:00+09:00,585.970213211794,587.2103618111839,577.9092473157586,579.7694702148438,480000,0.0,0.0
2004-04-13 00:00:00+09:00,582.8696794725931,582.8696794725931,574.1886416932141,574.8087158203125,321000,0.0,0.0
2004-04-14 00:00:00+09:00,576.6689419953719,576.6689419953719,568.6079782900603,570.4682006835938,240000,0.0,0.0
2004-04-15 00:00:00+09:00,576.6692879966702,576.6692879966702,559.9272764096701,563.0276489257812,220000,0.0,0.0
2004-04-16 00:00:00+09:00,561.1671708759508,569.8482099834241,561.1671708759508,565.5076904296875,191000,0.0,0.0
2004-04-19 00:00:00+09:00,565.507891622156,566.7480405072922,553.726477213361,558.6870727539062,213000,0.0,0.0
2004-04-20 00:00:00+09:00,559.30712890625,565.5078731291575,558.0669800616686,559.30712890625,129000,0.0,0.0
2004-04-21 00:00:00+09:00,559.3069068857487,559.3069068857487,552.4860909481176,554.3463134765625,482000,0.0,0.0
2004-04-22 00:00:00+09:00,559.9270088246326,566.1277508935655,558.0667862039528,561.7872314453125,202000,0.0,0.0
2004-04-23 00:00:00+09:00,567.3679130955746,569.8482099834241,565.5076904296875,565.5076904296875,309000,0.0,0.0
2004-04-26 00:00:00+09:00,561.7873288044887,564.2676260619037,556.206659975305,560.5471801757812,184000,0.0,0.0
2004-04-27 00:00:00+09:00,564.2677001953125,566.7479977785886,549.3859146956559,564.2677001953125,411000,0.0,0.0
2004-04-28 00:00:00+09:00,558.0669983113381,564.2677427370197,555.5867005410655,558.6870727539062,219000,0.0,0.0
2004-04-29 00:00:00+09:00,558.6870727539062,558.6870727539062,558.6870727539062,558.6870727539062,0,0.0,0.0
2004-04-30 00:00:00+09:00,559.3068559640299,562.4072265625,546.2852994504549,562.4072265625,278000,0.0,0.0
2004-05-03 00:00:00+09:00,562.4072265625,562.4072265625,562.4072265625,562.4072265625,0,0.0,0.0
2004-05-04 00:00:00+09:00,562.4072265625,562.4072265625,562.4072265625,562.4072265625,0,0.0,0.0
2004-05-05 00:00:00+09:00,562.4072265625,562.4072265625,562.4072265625,562.4072265625,0,0.0,0.0
2004-05-06 00:00:00+09:00,564.8878724354479,573.5689154805591,563.0276489257812,563.0276489257812,378000,0.0,0.0
2004-05-07 00:00:00+09:00,565.5079469386701,565.5079469386701,559.9272764096701,563.0276489257812,243000,0.0,0.0
2004-05-10 00:00:00+09:00,558.6868469380887,558.6868469380887,527.0630631491402,530.7835083007812,270000,0.0,0.0
2004-05-11 00:00:00+09:00,521.4823143570511,537.6042408413357,521.4823143570511,535.7440185546875,196000,0.0,0.0
2004-05-12 00:00:00+09:00,529.5433448166721,538.2243832562896,522.1024547255713,537.6043090820312,343000,0.0,0.0
2004-05-13 00:00:00+09:00,530.7836496342125,547.5256572745438,530.1635752771631,536.3643188476562,237000,0.0,0.0
2004-05-14 00:00:00+09:00,536.3643188476562,540.0847649899521,528.3033522060151,536.3643188476562,183000,0.0,0.0
2004-05-17 00:00:00+09:00,536.3641331929865,536.3641331929865,512.1812416386206,519.6221313476562,306000,0.0,0.0
2004-05-18 00:00:00+09:00,520.8623144187793,536.3641690145763,520.8623144187793,528.9232788085938,248000,0.0,0.0
2004-05-19 00:00:00+09:00,547.5255900391744,548.1456643200795,540.7047729492188,540.7047729492188,230000,0.0,0.0
2004-05-20 00:00:00+09:00,553.1064208984375,579.7696228027344,551.8662719726562,576.6692504882812,1400000,0.0,0.0
2004-05-21 00:00:00+09:00,581.6296864783815,581.6296864783815,572.3285720890683,577.9092407226562,488000,0.0,0.0
2004-05-24 00:00:00+09:00,578.5292515289241,578.5292515289241,571.7084350585938,571.7084350585938,202000,0.0,0.0
2004-05-25 00:00:00+09:00,571.7085453964464,575.428991461933,567.3680249867119,574.1888427734375,139000,0.0,0.0
2004-05-26 00:00:00+09:00,577.2891144929108,579.7694114402489,567.9880009403935,569.2281494140625,193000,0.0,0.0
2004-05-27 00:00:00+09:00,572.9487417367789,575.4290393200549,563.0275514036745,564.2677001953125,300000,0.0,0.0
2004-05-28 00:00:00+09:00,564.2676532654731,574.1888427734375,564.2676532654731,574.1888427734375,173000,0.0,0.0
2004-05-31 00:00:00+09:00,574.8087369478666,581.6295525966547,571.0882920485276,580.389404296875,396000,0.0,0.0
2004-06-01 00:00:00+09:00,581.629587327895,595.2712194400632,581.629587327895,589.6905517578125,676000,0.0,0.0
2004-06-02 00:00:00+09:00,589.070583034206,598.3716975031672,577.2891713735219,596.511474609375,774000,0.0,0.0
2004-06-03 00:00:00+09:00,593.4109787500205,594.6511270859662,585.9700887343463,590.3106079101562,407000,0.0,0.0
2004-06-04 00:00:00+09:00,586.5902167783522,592.7909590275948,585.9701425534279,588.450439453125,172000,0.0,0.0
2004-06-07 00:00:00+09:00,590.9306138948871,599.6116512448644,589.0703916056062,598.9915771484375,313000,0.0,0.0
2004-06-08 00:00:00+09:00,603.9523268766724,610.7731437099818,601.4720298463781,608.2928466796875,672000,0.0,0.0
2004-06-09 00:00:00+09:00,608.9129409327652,613.87353515625,606.4326438210228,613.87353515625,267000,0.0,0.0
2004-06-10 00:00:00+09:00,612.6332254506906,612.6332254506906,601.4718913837752,608.9127807617188,369000,0.0,0.0
2004-06-11 00:00:00+09:00,613.8735149978497,614.4935892554233,605.8125496493931,608.2928466796875,428000,0.0,0.0
2004-06-14 00:00:00+09:00,612.0132854438267,612.6333596945298,606.4326171875,606.4326171875,257000,0.0,0.0
2004-06-15 00:00:00+09:00,606.4325785528753,610.1530238200709,598.9916880184842,601.4719848632812,215000,0.0,0.0
2004-06-16 00:00:00+09:00,601.4722350886033,607.0529053110748,596.5116393352952,603.3324584960938,271000,0.0,0.0
2004-06-17 00:00:00+09:00,603.9522773797339,605.8125,598.9916837256909,605.8125,143000,0.0,0.0
2004-06-18 00:00:00+09:00,605.8126945139092,605.8126945139092,597.1316528320312,597.1316528320312,278000,0.0,0.0
2004-06-21 00:00:00+09:00,597.1316528320312,602.7123224846671,594.6513552086376,597.1316528320312,729000,0.0,0.0
2004-06-22 00:00:00+09:00,591.550756246102,594.6511270859662,587.8303112382648,590.3106079101562,460000,0.0,0.0
2004-06-23 00:00:00+09:00,591.5509162902832,598.9918083190918,591.5509162902832,595.2713623046875,776000,0.0,0.0
2004-06-24 00:00:00+09:00,598.371627369865,607.6727407486712,598.371627369865,605.1924438476562,748000,0.0,0.0
2004-06-25 00:00:00+09:00,607.052719909668,621.3144283447266,607.052719909668,620.0742797851562,688000,0.0,0.0
2004-06-28 00:00:00+09:00,644.8771740141368,688.2823684189345,643.0169513967884,677.1210327148438,2611000,0.0,0.0
2004-06-29 00:00:00+09:00,664.7195749627977,668.4400203450521,644.257125360398,651.0779418945312,910000,0.0,0.0
2004-06-30 00:00:00+09:00,651.0779094433325,678.3611742200054,651.0779094433325,675.2608032226562,904000,0.0,0.0
2004-07-01 00:00:00+09:00,681.461451062417,683.9417475176033,670.3001170140791,672.1603393554688,687000,0.0,0.0
2004-07-02 00:00:00+09:00,678.3612611378338,700.6839351789325,672.7805926275591,699.4437866210938,1645000,0.0,0.0
2004-07-05 00:00:00+09:00,696.9634399414062,698.2035884110528,688.9024748887031,696.9634399414062,434000,0.0,0.0
2004-07-06 00:00:00+09:00,691.3828839571448,694.4832556340828,682.0817689263313,682.7018432617188,389000,0.0,0.0
2004-07-07 00:00:00+09:00,669.6801780210722,678.3612173657898,664.0995098708966,675.8809204101562,682000,0.0,0.0
2004-07-08 00:00:00+09:00,677.1211637004038,677.1211637004038,660.9992312313466,662.2393798828125,444000,0.0,0.0
2004-07-09 00:00:00+09:00,658.5186627646639,666.5796256798623,649.8376257790657,665.3394775390625,363000,0.0,0.0
2004-07-12 00:00:00+09:00,675.8809249751125,675.8809249751125,660.3790688977017,671.5404052734375,314000,0.0,0.0
2004-07-13 00:00:00+09:00,680.8416202555561,687.0423636094318,672.7806538955176,682.7018432617188,294000,0.0,0.0
2004-07-14 00:00:00+09:00,688.282336328643,705.0243391042047,688.282336328643,701.3038940429688,801000,0.0,0.0
2004-07-15 00:00:00+09:00,699.4438463460141,700.6839950097482,688.9025827042746,693.2431030273438,412000,0.0,0.0
2004-07-16 00:00:00+09:00,692.6229940498824,705.0244800668902,685.8021767405282,700.6839599609375,651000,0.0,0.0
2004-07-19 00:00:00+09:00,700.6839599609375,700.6839599609375,700.6839599609375,700.6839599609375,0,0.0,0.0
2004-07-20 00:00:00+09:00,692.0026556750231,692.0026556750231,669.6799893629255,674.0205078125,436000,0.0,0.0
2004-07-21 00:00:00+09:00,681.4618347167968,699.4439941406249,680.2216857910156,694.4833984375,384000,0.0,0.0
2004-07-22 00:00:00+09:00,682.0819091796875,688.9027282714843,675.8811645507812,688.2826538085938,401000,0.0,0.0
2004-07-23 00:00:00+09:00,675.8810255724554,683.9419919324939,667.1999848770295,682.7018432617188,390000,0.0,0.0
2004-07-26 00:00:00+09:00,657.8986527834779,664.7194682223264,652.9380597370426,660.9990234375,153000,0.0,0.0
2004-07-27 00:00:00+09:00,660.37905054185,660.37905054185,637.436304184997,638.6764526367188,437000,0.0,0.0
2004-07-28 00:00:00+09:00,638.6764983829897,644.8772410857372,626.2750129774947,628.7553100585938,754000,0.0,0.0
2004-07-29 00:00:00+09:00,629.3755493164062,636.8164425102949,620.0744328240456,629.3755493164062,430000,0.0,0.0
2004-07-30 00:00:00+09:00,632.4757416213769,652.3181178291063,629.3753703389191,641.77685546875,780000,0.0,0.0
2004-08-02 00:00:00+09:00,641.7768284388951,657.2786841982887,641.7768284388951,651.0779418945312,379000,0.0,0.0
2004-08-03 00:00:00+09:00,651.0779896001707,656.0385838066481,646.1173953936932,647.3575439453125,276000,0.0,0.0
2004-08-04 00:00:00+09:00,643.0170939127604,643.6371682559743,631.8557557349111,632.475830078125,293000,0.0,0.0
2004-08-05 00:00:00+09:00,638.6762874443863,639.2963615098663,633.0956208550664,638.0562133789062,402000,0.0,0.0
2004-08-06 00:00:00+09:00,626.2751832973278,631.855853247502,626.2751832973278,631.2357788085938,185000,0.0,0.0
2004-08-09 00:00:00+09:00,626.2750866459864,635.5762017941943,620.074343213848,632.475830078125,346000,0.0,0.0
2004-08-10 00:00:00+09:00,637.4362253065137,644.257040946953,633.0957062625978,639.2964477539062,316000,0.0,0.0
2004-08-11 00:00:00+09:00,640.5366349573659,645.4972284517114,638.6764123969863,644.257080078125,137000,0.0,0.0
2004-08-12 00:00:00+09:00,643.6370916449027,657.8987998412733,643.6370916449027,645.497314453125,329000,0.0,0.0
2004-08-13 00:00:00+09:00,636.1963324992843,651.0781180548231,635.5762581011369,643.0171508789062,175000,0.0,0.0
2004-08-16 00:00:00+09:00,633.0960327029112,638.6767029226235,623.7949156700574,634.336181640625,145000,0.0,0.0
2004-08-17 00:00:00+09:00,634.336151003135,635.5762998809514,626.895257736236,631.2357788085938,146000,0.0,0.0
2004-08-18 00:00:00+09:00,629.9956112758609,631.2357601169552,623.1747926498427,625.6550903320312,165000,0.0,0.0
2004-08-19 00:00:00+09:00,638.0564411456769,647.9776297349197,638.0564411456769,644.8772583007812,250000,0.0,0.0
2004-08-20 00:00:00+09:00,635.5760703465003,643.0169609261666,635.5760703465003,641.15673828125,170000,0.0,0.0
2004-08-23 00:00:00+09:00,636.1961918099845,638.676488854078,632.4757462438442,637.4363403320312,65000,0.0,0.0
2004-08-24 00:00:00+09:00,632.4759031280759,635.5762752022331,625.6550845649299,629.99560546875,170000,0.0,0.0
2004-08-25 00:00:00+09:00,628.135221825936,643.6370782382246,628.135221825936,641.77685546875,195000,0.0,0.0
2004-08-26 00:00:00+09:00,643.0169858601103,646.7374312942092,640.5366889040442,642.3969116210938,365000,0.0,0.0
2004-08-27 00:00:00+09:00,643.637177069601,647.9776975315347,643.0171027178961,646.737548828125,191000,0.0,0.0
2004-08-30 00:00:00+09:00,651.0780144831874,651.6980887826952,647.9776429856485,648.5977172851562,332000,0.0,0.0
2004-08-31 00:00:00+09:00,649.2176943480514,652.3180653812321,648.5976201414152,649.8377685546875,135000,0.0,0.0
2004-09-01 00:00:00+09:00,646.7373975215068,654.1782880011406,646.1173233148706,649.8377685546875,232000,0.0,0.0
2004-09-02 00:00:00+09:00,649.2177439642496,656.0385607585255,644.8772241860742,652.318115234375,128000,0.0,0.0
2004-09-03 00:00:00+09:00,643.0169858601103,649.8378024892917,641.7768373820772,642.3969116210938,179000,0.0,0.0
2004-09-06 00:00:00+09:00,642.3968959396639,657.2786773127835,642.3968959396639,649.2177124023438,108000,0.0,0.0
2004-09-07 00:00:00+09:00,646.7375024898193,656.65869140625,639.9166851097733,656.65869140625,152000,0.0,0.0
2004-09-08 00:00:00+09:00,651.0779374482617,657.8987539358149,649.8377889959793,655.41845703125,145000,0.0,0.0
2004-09-09 00:00:00+09:00,648.597685800162,654.1783542248288,645.497314453125,645.497314453125,146000,0.0,0.0
2004-09-10 00:00:00+09:00,644.8774476111926,645.4975220800495,632.4759582340542,634.336181640625,291000,0.0,0.0
2004-09-13 00:00:00+09:00,634.9559961315281,643.6370351411388,634.9559961315281,641.15673828125,116000,0.0,0.0
2004-09-14 00:00:00+09:00,641.7768124962222,642.3968867111944,638.056367206389,641.15673828125,119000,0.0,0.0
2004-09-15 00:00:00+09:00,636.1963496170645,640.5368705208846,628.7554566390871,629.99560546875,329000,0.0,0.0
2004-09-16 00:00:00+09:00,625.0350159114842,632.4759089580494,624.414941490937,625.6550903320312,179000,0.0,0.0
2004-09-17 00:00:00+09:00,629.3754156859512,636.8163072999723,629.3754156859512,631.855712890625,148000,0.0,0.0
2004-09-20 00:00:00+09:00,631.855712890625,631.855712890625,631.855712890625,631.855712890625,0,0.0,0.0
2004-09-21 00:00:00+09:00,633.715894765891,645.4973057253352,631.8556719828208,637.4363403320312,155000,0.0,0.0
2004-09-22 00:00:00+09:00,643.6370944976807,643.6370944976807,631.8556833267212,634.9560546875,381000,0.0,0.0
2004-09-23 00:00:00+09:00,634.9560546875,634.9560546875,634.9560546875,634.9560546875,0,0.0,0.0
2004-09-24 00:00:00+09:00,626.2749928336831,627.5151413343439,620.6943245807097,623.1746215820312,143000,0.0,0.0
2004-09-27 00:00:00+09:00,623.1744926762651,635.0266602046426,613.1937200207894,629.4124755859375,239000,6.0,0.0
2004-09-28 00:00:00+09:00,630.0363967449883,630.6601951576071,618.8080253178499,619.4318237304688,203000,0.0,0.0
2004-09-29 00:00:00+09:00,620.0557537214681,621.9271493564423,611.9463726365797,613.1939697265625,135000,0.0,0.0
2004-09-30 00:00:00+09:00,613.1938396042807,626.9174046818944,613.1938396042807,619.4318237304688,143000,0.0,0.0
2004-10-01 00:00:00+09:00,622.5506903646481,636.2742526772956,619.4316989299555,627.5410766601562,131000,0.0,0.0
2004-10-04 00:00:00+09:00,628.7889597039474,645.6315211245889,628.7889597039474,640.017333984375,115000,0.0,0.0
2004-10-05 00:00:00+09:00,640.0171699933309,647.5027509289254,633.1553874690359,639.3933715820312,212000,0.0,0.0
2004-10-06 00:00:00+09:00,638.7694781553398,643.7598647034284,636.2742848812956,642.5122680664062,260000,0.0,0.0
2004-10-07 00:00:00+09:00,642.5123599177472,642.5123599177472,632.5315853947529,637.52197265625,150000,0.0,0.0
2004-10-08 00:00:00+09:00,626.2935751405789,641.2647362993177,626.2935751405789,634.4029541015625,105000,0.0,0.0
2004-10-11 00:00:00+09:00,634.4029541015625,634.4029541015625,634.4029541015625,634.4029541015625,0,0.0,0.0
2004-10-12 00:00:00+09:00,628.1651126098633,633.155500793457,621.3033288574219,623.7985229492188,186000,0.0,0.0
2004-10-13 00:00:00+09:00,620.6795303344727,626.2937170410156,620.6795303344727,623.7985229492188,109000,0.0,0.0
2004-10-14 00:00:00+09:00,620.6794397292599,623.7984318887035,616.9366491379277,618.8080444335938,206000,0.0,0.0
2004-10-15 00:00:00+09:00,618.8080600012653,621.303253791593,606.9558894972088,616.3128662109375,188000,0.0,0.0
2004-10-18 00:00:00+09:00,611.3224569104382,614.4414490375323,605.08447265625,605.08447265625,210000,0.0,0.0
2004-10-19 00:00:00+09:00,605.0844155090764,618.8079795721688,605.0844155090764,616.9365844726562,236000,0.0,0.0
2004-10-20 00:00:00+09:00,611.3224870490637,616.3128746984439,605.0845024873387,610.0748901367188,124000,0.0,0.0
2004-10-21 00:00:00+09:00,611.3224798759805,613.8176736713928,605.0844953874501,606.3320922851562,228000,0.0,0.0
2004-10-22 00:00:00+09:00,606.3320006057929,613.8175808601854,600.0940170604658,601.3416137695312,174000,0.0,0.0
2004-10-25 00:00:00+09:00,595.7275054414393,598.2226991815082,587.6181257862156,588.86572265625,197000,0.0,0.0
2004-10-26 00:00:00+09:00,588.865822178543,593.85621050209,586.3706280167695,587.6182250976562,99000,0.0,0.0
2004-10-27 00:00:00+09:00,591.9847304973197,591.9847304973197,585.1229475305436,586.3705444335938,42000,0.0,0.0
2004-10-28 00:00:00+09:00,592.6085553850447,592.6085553850447,587.6181675502232,589.4895629882812,78000,0.0,0.0
2004-10-29 00:00:00+09:00,583.2516061264135,588.2419942002225,580.7564120895091,582.6278076171875,125000,0.0,0.0
2004-11-01 00:00:00+09:00,586.994384765625,589.489578749751,583.2515937894361,586.994384765625,65000,0.0,0.0
2004-11-02 00:00:00+09:00,582.6276146261919,597.5987738885351,582.6276146261919,596.9749755859375,181000,0.0,0.0
2004-11-03 00:00:00+09:00,596.9749755859375,596.9749755859375,596.9749755859375,596.9749755859375,0,0.0,0.0
2004-11-04 00:00:00+09:00,598.2228519270766,605.7084350585938,595.7276575499043,605.7084350585938,138000,0.0,0.0
2004-11-05 00:00:00+09:00,606.9558871400122,611.3224762561274,603.8368949142157,604.460693359375,136000,0.0,0.0
2004-11-08 00:00:00+09:00,605.7083571046965,605.7083571046965,592.6085883104652,596.3513793945312,180000,0.0,0.0
2004-11-09 00:00:00+09:00,590.1133315372365,595.1037191189467,583.2515486123849,584.4991455078125,114000,0.0,0.0
2004-11-10 00:00:00+09:00,583.2514762878418,583.8752746582031,578.8848876953125,578.8848876953125,174000,0.0,0.0
2004-11-11 00:00:00+09:00,578.8849147185115,582.0039067159172,572.0231323242188,572.0231323242188,236000,0.0,0.0
2004-11-12 00:00:00+09:00,570.775489765347,572.0230864642876,568.2802963674657,569.5278930664062,258000,0.0,0.0
2004-11-15 00:00:00+09:00,571.399366475768,589.4895210912672,571.399366475768,588.86572265625,731000,0.0,0.0
2004-11-16 00:00:00+09:00,597.5989140012136,618.184262813364,597.5989140012136,606.3320922851562,691000,0.0,0.0
2004-11-17 00:00:00+09:00,596.3513135723039,613.1938715916053,594.4799182368259,604.460693359375,346000,0.0,0.0
2004-11-18 00:00:00+09:00,606.9558330886179,620.6793976599946,604.4606395301857,618.1842041015625,369000,0.0,0.0
2004-11-19 00:00:00+09:00,618.1841621167731,625.6697422836766,613.8175736860795,617.5603637695312,420000,0.0,0.0
2004-11-22 00:00:00+09:00,616.9365531012185,616.9365531012185,595.7274097185679,601.9653930664062,148000,0.0,0.0
2004-11-23 00:00:00+09:00,601.9653930664062,601.9653930664062,601.9653930664062,601.9653930664062,0,0.0,0.0
2004-11-24 00:00:00+09:00,608.203369140625,611.9461591045673,605.7081758313302,608.203369140625,134000,0.0,0.0
2004-11-25 00:00:00+09:00,612.5699620083784,621.3031386561557,606.3319786885374,620.0555419921875,175000,0.0,0.0
2004-11-26 00:00:00+09:00,617.5604136055763,620.6794055934832,601.9654536660415,611.9462280273438,172000,0.0,0.0
2004-11-29 00:00:00+09:00,605.7082622482116,623.7984163215361,604.4606654155684,621.30322265625,374000,0.0,0.0
2004-11-30 00:00:00+09:00,609.4510491285679,620.6794205557063,605.7082586528551,619.4318237304688,197000,0.0,0.0
2004-12-01 00:00:00+09:00,611.3224569104382,612.5700537612759,603.8368758054124,605.08447265625,230000,0.0,0.0
2004-12-02 00:00:00+09:00,617.5604163943314,634.4029732050858,616.936617993933,633.7791748046875,402000,0.0,0.0
2004-12-03 00:00:00+09:00,642.5123524102639,647.5027396134504,633.7791748046875,633.7791748046875,282000,0.0,0.0
2004-12-06 00:00:00+09:00,646.2551660444038,646.2551660444038,631.284003896657,635.0267944335938,213000,0.0,0.0
2004-12-07 00:00:00+09:00,635.026566451127,638.1455574454842,624.4219970703125,624.4219970703125,141000,0.0,0.0
2004-12-08 00:00:00+09:00,620.6794279020231,630.6602026220557,620.6794279020231,623.1746215820312,141000,0.0,0.0
2004-12-09 00:00:00+09:00,623.7986102307302,623.7986102307302,613.1940338568078,615.0654296875,212000,0.0,0.0
2004-12-10 00:00:00+09:00,615.6890376499721,621.9270218206912,609.451053479253,611.3224487304688,249000,0.0,0.0
2004-12-13 00:00:00+09:00,616.9366270218053,616.9366270218053,605.7082556503265,607.5796508789062,266000,0.0,0.0
2004-12-14 00:00:00+09:00,608.827250715949,619.4318237304688,603.8368634149987,619.4318237304688,271000,0.0,0.0
2004-12-15 00:00:00+09:00,616.3128089327383,620.6793976599946,613.8176153743062,618.1842041015625,97000,0.0,0.0
2004-12-16 00:00:00+09:00,618.1841888274379,623.1745758209995,615.6889953306571,620.6793823242188,98000,0.0,0.0
2004-12-17 00:00:00+09:00,619.4316989299555,628.1648749470949,614.4413126344473,627.5410766601562,259000,0.0,0.0
2004-12-20 00:00:00+09:00,627.5411908007044,633.7791748046875,625.6697955995094,633.7791748046875,263000,0.0,0.0
2004-12-21 00:00:00+09:00,639.3933715820312,643.1361620498285,636.8981779368331,639.3933715820312,239000,0.0,0.0
2004-12-22 00:00:00+09:00,647.5024368064991,648.7500330238527,641.8882538284081,645.6310424804688,171000,0.0,0.0
2004-12-23 00:00:00+09:00,645.6310424804688,645.6310424804688,645.6310424804688,645.6310424804688,0,0.0,0.0
2004-12-24 00:00:00+09:00,651.2454910714285,658.1072730654762,651.2454910714285,654.98828125,193000,0.0,0.0
2004-12-27 00:00:00+09:00,663.0976372051955,665.5928305719132,658.1072504717604,663.721435546875,284000,0.0,0.0
2004-12-28 00:00:00+09:00,664.3452338885544,664.3452338885544,657.483452130081,663.721435546875,213000,0.0,0.0
2004-12-29 00:00:00+09:00,657.4834671884213,661.2262573242188,654.9882737645563,661.2262573242188,145000,0.0,0.0
2004-12-30 00:00:00+09:00,664.3452644348145,664.3452644348145,658.1072807312012,658.7310791015625,91000,0.0,0.0
2004-12-31 00:00:00+09:00,658.7310791015625,658.7310791015625,658.7310791015625,658.7310791015625,0,0.0,0.0
2005-01-03 00:00:00+09:00,658.7310791015625,658.7310791015625,658.7310791015625,658.7310791015625,0,0.0,0.0
2005-01-04 00:00:00+09:00,658.7309464663688,663.7213324244474,656.2357534873295,663.0975341796875,45000,0.0,0.0
2005-01-05 00:00:00+09:00,638.7696172248803,658.1073693088367,638.7696172248803,651.869384765625,150000,0.0,0.0
2005-01-06 00:00:00+09:00,642.5123139880952,656.8596763392857,639.393322172619,654.98828125,368000,0.0,0.0
2005-01-07 00:00:00+09:00,653.1169167663222,653.1169167663222,646.2551344507257,649.9979248046875,171000,0.0,0.0
2005-01-10 00:00:00+09:00,649.9979248046875,649.9979248046875,649.9979248046875,649.9979248046875,0,0.0,0.0
2005-01-11 00:00:00+09:00,649.9981527237318,657.4837360564427,649.9981527237318,652.4933471679688,193000,0.0,0.0
2005-01-12 00:00:00+09:00,649.3739771755589,649.9977754245268,640.0170034410409,646.8787841796875,157000,0.0,0.0
2005-01-13 00:00:00+09:00,646.2548405891456,648.7500330238527,638.7692632850242,645.6310424804688,141000,0.0,0.0
2005-01-14 00:00:00+09:00,646.2552524305974,653.1170359988758,644.383856911976,648.1266479492188,243000,0.0,0.0
2005-01-17 00:00:00+09:00,651.8693008496001,651.8693008496001,642.5123252393187,650.6217041015625,257000,0.0,0.0
2005-01-18 00:00:00+09:00,645.0075646889777,648.7503551997454,640.6409757597486,643.1361694335938,107000,0.0,0.0
2005-01-19 00:00:00+09:00,651.8691701714305,653.1167666693663,645.6311876817517,646.8787841796875,149000,0.0,0.0
2005-01-20 00:00:00+09:00,647.5028494430117,649.374244961633,643.7600584057687,648.1266479492188,259000,0.0,0.0
2005-01-21 00:00:00+09:00,642.5124149340658,658.1073764615917,642.5124149340658,655.6121826171875,358000,0.0,0.0
2005-01-24 00:00:00+09:00,658.1073514671926,674.9499092772535,656.2359561549636,674.3261108398438,440000,0.0,0.0
2005-01-25 00:00:00+09:00,673.7024310789657,673.7024310789657,666.840647058717,672.454833984375,205000,0.0,0.0
2005-01-26 00:00:00+09:00,683.0593938593644,692.4163718574379,680.5641997265448,686.8021850585938,302000,0.0,0.0
2005-01-27 00:00:00+09:00,686.1783063995861,690.5448956221288,684.3069110184963,687.4259033203125,365000,0.0,0.0
2005-01-28 00:00:00+09:00,687.4258117125916,693.6637954849381,685.5544165808876,692.4161987304688,273000,0.0,0.0
2005-01-31 00:00:00+09:00,687.4258302951389,703.0207901475695,686.8020319010417,701.773193359375,260000,0.0,0.0
2005-02-01 00:00:00+09:00,698.6543215981012,698.6543215981012,684.93075456671,689.921142578125,168000,0.0,0.0
2005-02-02 00:00:00+09:00,686.1783481573691,689.9211391473184,678.6927661774705,688.0497436523438,338000,0.0,0.0
2005-02-03 00:00:00+09:00,679.9402388139205,688.6734161931818,679.9402388139205,686.17822265625,229000,0.0,0.0
2005-02-04 00:00:00+09:00,680.564022064209,685.5544090270996,674.949836730957,678.692626953125,260000,0.0,0.0
2005-02-07 00:00:00+09:00,679.9400271059253,699.9015691860992,679.9400271059253,699.2777709960938,338000,0.0,0.0
2005-02-08 00:00:00+09:00,694.2875938621728,695.5351906166421,690.5448035987648,692.4161987304688,177000,0.0,0.0
2005-02-09 00:00:00+09:00,692.4162450905055,693.6638419285064,674.9498893584928,684.9306640625,151000,0.0,0.0
2005-02-10 00:00:00+09:00,684.9306492252244,686.1782460361993,662.473906627676,677.445068359375,411000,0.0,0.0
2005-02-11 00:00:00+09:00,677.445068359375,677.445068359375,677.445068359375,677.445068359375,0,0.0,0.0
2005-02-14 00:00:00+09:00,677.4451102473479,681.8116993557562,673.7023195829979,678.0689086914062,116000,0.0,0.0
2005-02-15 00:00:00+09:00,676.1974067441424,679.940196818372,666.8404315585685,675.5736083984375,312000,0.0,0.0
2005-02-16 00:00:00+09:00,676.1975967505309,681.8117834394191,673.7024026665806,679.3165893554688,134000,0.0,0.0
2005-02-17 00:00:00+09:00,677.445193792506,681.8117834394191,674.9499997085558,679.3165893554688,83000,0.0,0.0
2005-02-18 00:00:00+09:00,679.9402388139205,689.9210129616478,679.3164404296875,686.17822265625,166000,0.0,0.0
2005-02-21 00:00:00+09:00,694.91153058954,694.91153058954,686.8021500709906,689.921142578125,146000,0.0,0.0
2005-02-22 00:00:00+09:00,692.4162910032186,692.4162910032186,683.683112558133,687.4259033203125,176000,0.0,0.0
2005-02-23 00:00:00+09:00,679.9403040235812,679.9403040235812,670.5833273627063,678.0689086914062,200000,0.0,0.0
2005-02-24 00:00:00+09:00,677.4451161308048,692.4162789182259,673.7023254339495,691.79248046875,209000,0.0,0.0
2005-02-25 00:00:00+09:00,691.7922906543231,700.5254665507708,686.8019044277816,698.0302734375,207000,0.0,0.0
2005-02-28 00:00:00+09:00,698.6542358398438,706.1398169381278,689.9210578918456,698.6542358398438,405000,0.0,0.0
2005-03-01 00:00:00+09:00,692.4162137444644,701.773189605876,692.4162137444644,699.9017944335938,222000,0.0,0.0
2005-03-02 00:00:00+09:00,696.1590421404157,706.1398169381278,696.1590421404157,698.6542358398438,198000,0.0,0.0
2005-03-03 00:00:00+09:00,693.0399367771182,703.6445082669571,689.9209451624597,702.3969116210938,246000,0.0,0.0
2005-03-04 00:00:00+09:00,702.3971398817754,711.1303192408739,696.1591546252765,704.892333984375,261000,0.0,0.0
2005-03-07 00:00:00+09:00,709.882357726135,716.1203397799675,702.396779261536,706.7633666992188,208000,0.0,0.0
2005-03-08 00:00:00+09:00,707.3873252160354,709.2587202562894,704.89213182903,705.5159301757812,213000,0.0,0.0
2005-03-09 00:00:00+09:00,706.7637170742978,713.6255007352133,705.5161200450405,709.2589111328125,190000,0.0,0.0
2005-03-10 00:00:00+09:00,709.8825339154005,710.5063322756073,702.3969535929182,703.020751953125,162000,0.0,0.0
2005-03-11 00:00:00+09:00,704.8921470337456,711.1301306358141,703.020751953125,703.020751953125,363000,0.0,0.0
2005-03-14 00:00:00+09:00,708.0111044624248,708.0111044624248,703.0207178230421,706.1397094726562,221000,0.0,0.0
2005-03-15 00:00:00+09:00,703.0208248138428,706.1398169381278,696.7828405652727,698.6542358398438,231000,0.0,0.0
2005-03-16 00:00:00+09:00,703.6446582469171,703.6446582469171,693.0400844967419,695.5352783203125,136000,0.0,0.0
2005-03-17 00:00:00+09:00,695.5352711656052,696.1590696150811,690.5448835697982,691.79248046875,140000,0.0,0.0
2005-03-18 00:00:00+09:00,692.4162062778267,698.6541901181675,692.4162062778267,696.1589965820312,122000,0.0,0.0
2005-03-21 00:00:00+09:00,696.1589965820312,696.1589965820312,696.1589965820312,696.1589965820312,0,0.0,0.0
2005-03-22 00:00:00+09:00,701.1493149752304,703.6445082669571,696.7827267147084,702.3969116210938,240000,0.0,0.0
2005-03-23 00:00:00+09:00,703.0207178230421,710.5062977821161,689.2971545647396,706.1397094726562,326000,0.0,0.0
2005-03-24 00:00:00+09:00,706.1395684938356,710.5061559315183,702.396779261536,706.7633666992188,186000,0.0,0.0
2005-03-25 00:00:00+09:00,707.3875280869745,708.0113266126244,699.9019457791759,704.892333984375,255000,0.0,0.0
2005-03-28 00:00:00+09:00,709.9180307124107,712.4310148919236,700.494340039237,703.00732421875,221000,8.0,0.0
2005-03-29 00:00:00+09:00,699.8662290219906,700.4944751880787,690.4425365306712,695.468505859375,255000,0.0,0.0
2005-03-30 00:00:00+09:00,685.416436806525,689.8141591325063,682.2752065736811,689.1859130859375,283000,0.0,0.0
2005-03-31 00:00:00+09:00,691.6990670151707,702.3792524277574,682.9036202048052,696.7250366210938,257000,0.0,0.0
2005-04-01 00:00:00+09:00,694.2120292656707,703.0074757903036,684.1600903803759,697.9815063476562,179000,0.0,0.0
2005-04-04 00:00:00+09:00,694.8402165083452,703.0074161598899,689.8142474920099,691.0707397460938,174000,0.0,0.0
2005-04-05 00:00:00+09:00,686.6730974092476,699.2380214240553,686.6730974092476,696.7250366210938,419000,0.0,0.0
2005-04-06 00:00:00+09:00,715.5724330818075,724.3678800204777,709.2899709827574,713.0594482421875,737000,0.0,0.0
2005-04-07 00:00:00+09:00,713.0593571269812,713.0593571269812,694.8402193677896,701.1226806640625,291000,0.0,0.0
2005-04-08 00:00:00+09:00,713.6876134946878,724.9960439902022,713.6876134946878,724.3677978515625,555000,0.0,0.0
2005-04-11 00:00:00+09:00,723.111419117044,723.111419117044,716.2007105068898,718.08544921875,309000,0.0,0.0
2005-04-12 00:00:00+09:00,718.0855446263364,718.7137909470944,713.0595740602728,716.2008056640625,257000,0.0,0.0
2005-04-13 00:00:00+09:00,716.2007291552046,716.8289754088496,704.2640503359513,713.687744140625,207000,0.0,0.0
2005-04-14 00:00:00+09:00,714.3159477565011,714.3159477565011,704.2640082981862,709.2899780273438,327000,0.0,0.0
2005-04-15 00:00:00+09:00,697.3533512782964,697.9815975407092,687.9296573421032,692.9556274414062,240000,0.0,0.0
2005-04-18 00:00:00+09:00,686.673043046484,686.673043046484,648.9782739862928,659.0302124023438,370000,0.0,0.0
2005-04-19 00:00:00+09:00,675.3646561593721,675.3646561593721,654.0042856389827,663.427978515625,344000,0.0,0.0
2005-04-20 00:00:00+09:00,688.5575840913707,688.5575840913707,670.9666969065546,676.6209106445312,201000,0.0,0.0
2005-04-21 00:00:00+09:00,662.1716194044357,665.9410973137589,647.7219540853636,662.7998657226562,430000,0.0,0.0
2005-04-22 00:00:00+09:00,667.1975365867078,675.3647380703493,663.4280589788733,669.082275390625,263000,0.0,0.0
2005-04-25 00:00:00+09:00,663.427978515625,674.7364099675959,662.7997323238488,663.427978515625,174000,0.0,0.0
2005-04-26 00:00:00+09:00,661.5433040053081,664.0562890157745,654.6325952265252,656.517333984375,243000,0.0,0.0
2005-04-27 00:00:00+09:00,651.4911438749026,660.9148344806148,649.6064057537602,655.2606201171875,232000,0.0,0.0
2005-04-28 00:00:00+09:00,659.0302507888692,666.5692050400289,652.1195427253062,660.2867431640625,284000,0.0,0.0
2005-04-29 00:00:00+09:00,660.2867431640625,660.2867431640625,660.2867431640625,660.2867431640625,0,0.0,0.0
2005-05-02 00:00:00+09:00,660.2867047043502,660.2867047043502,652.747750892312,659.0302124023438,116000,0.0,0.0
2005-05-03 00:00:00+09:00,659.0302124023438,659.0302124023438,659.0302124023438,659.0302124023438,0,0.0,0.0
2005-05-04 00:00:00+09:00,659.0302124023438,659.0302124023438,659.0302124023438,659.0302124023438,0,0.0,0.0
2005-05-05 00:00:00+09:00,659.0302124023438,659.0302124023438,659.0302124023438,659.0302124023438,0,0.0,0.0
2005-05-06 00:00:00+09:00,667.1976846416345,675.9931343450082,665.312945419483,670.9671630859375,247000,0.0,0.0
2005-05-09 00:00:00+09:00,683.5319436331775,685.4166824483426,664.6845554815275,672.2235107421875,313000,0.0,0.0
2005-05-10 00:00:00+09:00,672.8517044067382,685.4166288587782,672.8517044067382,678.5059204101562,442000,0.0,0.0
2005-05-11 00:00:00+09:00,675.9932451440654,687.9299288408472,670.9672730612099,684.7886962890625,490000,0.0,0.0
2005-05-12 00:00:00+09:00,684.7886962890626,689.1864218615611,681.0192172269209,684.7886962890625,262000,0.0,0.0
2005-05-13 00:00:00+09:00,684.7884138892679,685.4166601405425,678.5059513765223,683.5319213867188,276000,0.0,0.0
2005-05-16 00:00:00+09:00,684.1598622951666,687.9293381204843,674.7361727318723,676.6209106445312,337000,0.0,0.0
2005-05-17 00:00:00+09:00,677.8776958918168,678.5059421345339,665.9410172801906,667.197509765625,154000,0.0,0.0
2005-05-18 00:00:00+09:00,664.0560646825189,665.3125567632804,655.2606201171875,655.2606201171875,304000,0.0,0.0
2005-05-19 00:00:00+09:00,671.5951400843699,674.7363708611911,659.6584631324494,662.1714477539062,515000,0.0,0.0
2005-05-20 00:00:00+09:00,668.4537740567835,672.8514962545255,666.5690359720369,669.7102661132812,205000,0.0,0.0
2005-05-23 00:00:00+09:00,675.3647320938456,697.9815975407092,672.8517470441941,692.9556274414062,667000,0.0,0.0
2005-05-24 00:00:00+09:00,714.9439254747251,717.4569093955502,703.0072518508061,710.5462036132812,604000,0.0,0.0
2005-05-25 00:00:00+09:00,706.1486883539327,706.1486883539327,675.364626317151,685.4165649414062,153000,0.0,0.0
2005-05-26 00:00:00+09:00,675.9927963916599,684.7882416978711,675.9927963916599,682.9035034179688,188000,0.0,0.0
2005-05-27 00:00:00+09:00,670.3389378686929,682.2756199863173,669.7106914414495,679.7626342773438,381000,0.0,0.0
2005-05-30 00:00:00+09:00,683.531933505213,697.3533512782964,679.7624559307358,692.9556274414062,242000,0.0,0.0
2005-05-31 00:00:00+09:00,692.9554967062813,704.2639272962298,691.0707582746232,703.6356811523438,398000,0.0,0.0
2005-06-01 00:00:00+09:00,696.7250115977677,706.1487042704156,696.0967654195911,704.8922119140625,247000,0.0,0.0
2005-06-02 00:00:00+09:00,704.891989791425,714.9439254747251,703.6354978310125,710.5462036132812,525000,0.0,0.0
2005-06-03 00:00:00+09:00,714.9442343346948,731.9068831282244,713.0594955798581,730.650390625,725000,0.0,0.0
2005-06-06 00:00:00+09:00,731.9068193841833,745.0999895190055,731.9068193841833,737.56103515625,739000,0.0,0.0
2005-06-07 00:00:00+09:00,744.4715861901451,747.6128165116226,736.9326334185994,739.4456176757812,622000,0.0,0.0
2005-06-08 00:00:00+09:00,746.3563243830316,757.0365074760548,736.9326334185994,739.4456176757812,853000,0.0,0.0
2005-06-09 00:00:00+09:00,742.5869705352276,758.9213709023308,742.5869705352276,756.4083862304688,544000,0.0,0.0
2005-06-10 00:00:00+09:00,765.8319563501938,769.601432755527,749.49755859375,749.49755859375,440000,0.0,0.0
2005-06-13 00:00:00+09:00,750.7541053905599,762.6907815432131,748.2411209373697,753.26708984375,279000,0.0,0.0
2005-06-14 00:00:00+09:00,758.2931745473775,759.5496669658486,748.2412351996077,757.0366821289062,240000,0.0,0.0
2005-06-15 00:00:00+09:00,757.0365665235353,757.0365665235353,747.6128748240722,753.26708984375,346000,0.0,0.0
2005-06-16 00:00:00+09:00,750.1259245508137,761.4343555741928,748.8694322148826,756.4083862304688,513000,0.0,0.0
2005-06-17 00:00:00+09:00,758.9216148501537,770.8582958784259,758.9216148501537,766.4605712890625,348000,0.0,0.0
2005-06-20 00:00:00+09:00,766.4604911006146,766.4604911006146,748.2413482793704,750.7543334960938,260000,0.0,0.0
2005-06-21 00:00:00+09:00,750.7542070661272,757.0366690499442,741.9587602887834,747.6129760742188,258000,0.0,0.0
2005-06-22 00:00:00+09:00,746.9848365204732,752.0108068250685,741.958866215878,745.10009765625,230000,0.0,0.0
2005-06-23 00:00:00+09:00,744.4718704542854,757.0367965379021,744.4718704542854,750.7543334960938,189000,0.0,0.0
2005-06-24 00:00:00+09:00,738.1892985434988,751.3824689855528,736.3045599089196,750.1259765625,223000,0.0,0.0
2005-06-27 00:00:00+09:00,750.1258807842547,750.7541269155648,735.0479736328124,735.0479736328125,112000,0.0,0.0
2005-06-28 00:00:00+09:00,736.3045445033481,752.0106994628906,736.3045445033481,747.6129760742188,390000,0.0,0.0
2005-06-29 00:00:00+09:00,747.6129917163945,755.1519462547111,745.100006870289,750.1259765625,373000,0.0,0.0
2005-06-30 00:00:00+09:00,739.4457667981164,745.728228708041,738.817520607124,741.3305053710938,253000,0.0,0.0
2005-07-01 00:00:00+09:00,743.8435357541455,743.8435357541455,735.0480885408363,738.8175659179688,422000,0.0,0.0
2005-07-04 00:00:00+09:00,747.6129647486356,757.0366575816016,745.7282261820424,748.2412109375,370000,0.0,0.0
2005-07-05 00:00:00+09:00,758.2932580885209,762.6909820376673,745.1000862410818,745.7283325195312,415000,0.0,0.0
2005-07-06 00:00:00+09:00,747.6131057739258,747.6131057739258,739.4459037780762,743.8436279296875,254000,0.0,0.0
2005-07-07 00:00:00+09:00,743.8435936841829,746.9848250764303,738.1893771781375,745.7283325195312,213000,0.0,0.0
2005-07-08 00:00:00+09:00,748.8694322148826,758.2931247343653,748.8694322148826,756.4083862304688,246000,0.0,0.0
2005-07-11 00:00:00+09:00,752.010597617155,759.5495509767254,752.010597617155,753.26708984375,243000,0.0,0.0
2005-07-12 00:00:00+09:00,757.6649311008166,757.6649311008166,749.4977303509736,750.1259765625,110000,0.0,0.0
2005-07-13 00:00:00+09:00,750.7541549682617,753.8953857421875,748.241170349121,753.8953857421875,157000,0.0,0.0
2005-07-14 00:00:00+09:00,750.7540718370586,758.2930248596901,750.1258257518393,755.1517944335938,135000,0.0,0.0
2005-07-15 00:00:00+09:00,750.7541956929575,753.2671804484152,747.6129647486356,748.2412109375,273000,0.0,0.0
2005-07-18 00:00:00+09:00,748.2412109375,748.2412109375,748.2412109375,748.2412109375,0,0.0,0.0
2005-07-19 00:00:00+09:00,752.0105478735718,756.4082703757564,748.8693175148685,752.6387939453125,121000,0.0,0.0
2005-07-20 00:00:00+09:00,748.869398722297,760.1778292399156,748.2411525824293,758.2930908203125,318000,0.0,0.0
2005-07-21 00:00:00+09:00,756.4083703613281,759.5496011352539,752.010647277832,753.8953857421875,138000,0.0,0.0
2005-07-22 00:00:00+09:00,751.3824168867446,758.9213709023308,751.3824168867446,756.4083862304688,244000,0.0,0.0
2005-07-25 00:00:00+09:00,757.0366051870025,762.6908204954531,752.0106360239351,754.5236206054688,329000,0.0,0.0
2005-07-26 00:00:00+09:00,753.8952860887938,756.4082703757564,750.7540557300905,752.6387939453125,210000,0.0,0.0
2005-07-27 00:00:00+09:00,753.8956369447315,760.1781005859375,752.6391442164902,760.1781005859375,182000,0.0,0.0
2005-07-28 00:00:00+09:00,758.2931088256836,760.177847290039,753.8953857421875,753.8953857421875,109000,0.0,0.0
2005-07-29 00:00:00+09:00,750.7539750144992,757.0364350564615,713.0592147627252,719.3416748046875,714000,0.0,0.0
2005-08-01 00:00:00+09:00,703.6357235701906,740.7022482939774,701.7509850249133,724.99609375,1249000,0.0,0.0
2005-08-02 00:00:00+09:00,730.6504248783506,735.0481488458041,726.252700910897,728.7656860351562,322000,0.0,0.0
2005-08-03 00:00:00+09:00,747.6128278459821,782.7946079799108,741.3303671077806,769.6014404296875,1305000,0.0,0.0
2005-08-04 00:00:00+09:00,779.0255318836225,779.0255318836225,747.6132120496055,751.3826904296875,606000,0.0,0.0
2005-08-05 00:00:00+09:00,751.3827102442966,762.691145682756,738.1895355660942,746.9849853515625,286000,0.0,0.0
2005-08-08 00:00:00+09:00,735.6763009030096,744.4717477114145,731.9068236994076,740.7022705078125,456000,0.0,0.0
2005-08-09 00:00:00+09:00,736.9329148041155,755.1520576253596,736.9329148041155,750.7543334960938,392000,0.0,0.0
2005-08-10 00:00:00+09:00,758.9213303631235,768.9732685136285,753.895361287871,762.0625610351562,323000,0.0,0.0
2005-08-11 00:00:00+09:00,770.8582958784259,772.114788618244,760.1781075899718,766.4605712890625,229000,0.0,0.0
2005-08-12 00:00:00+09:00,768.3453033195054,768.3453033195054,757.0368687653345,760.1781005859375,210000,0.0,0.0
2005-08-15 00:00:00+09:00,760.8062896351755,771.4864770206405,760.1780433183835,763.3192749023438,175000,0.0,0.0
2005-08-16 00:00:00+09:00,768.3451466075379,772.7428702594208,761.4344380117219,772.1146240234375,145000,0.0,0.0
2005-08-17 00:00:00+09:00,763.3191797416198,774.6276120340883,763.3191797416198,765.2039184570312,185000,0.0,0.0
2005-08-18 00:00:00+09:00,761.4345359519675,768.3452454366801,760.8062896351755,763.3192749023438,118000,0.0,0.0
2005-08-19 00:00:00+09:00,762.6909521403735,766.4604296633078,758.2932283636168,760.8062133789062,128000,0.0,0.0
2005-08-22 00:00:00+09:00,755.1521296729726,760.1781005859375,755.1521296729726,760.1781005859375,123000,0.0,0.0
2005-08-23 00:00:00+09:00,761.4345551547625,765.2040331505782,757.6650771589468,758.9215698242188,119000,0.0,0.0
2005-08-24 00:00:00+09:00,758.2930974777693,761.4343282046863,753.8953744600855,754.5236206054688,138000,0.0,0.0
2005-08-25 00:00:00+09:00,750.7544440330072,755.1521688097696,748.2414584462858,751.3826904296875,113000,0.0,0.0
2005-08-26 00:00:00+09:00,758.9212709449095,758.9212709449095,746.9845953257428,755.1517944335938,111000,0.0,0.0
2005-08-29 00:00:00+09:00,757.665154396491,757.665154396491,747.6132120496055,751.3826904296875,191000,0.0,0.0
2005-08-30 00:00:00+09:00,758.9213421862389,783.4229418098012,758.9213421862389,778.39697265625,876000,0.0,0.0
2005-08-31 00:00:00+09:00,777.7686719066809,778.3969180067671,772.7427031059915,774.62744140625,331000,0.0,0.0
2005-09-01 00:00:00+09:00,775.2556875063362,776.5121797065086,769.6014726055607,774.62744140625,229000,0.0,0.0
2005-09-02 00:00:00+09:00,775.2559129284275,782.1666220388105,775.2559129284275,779.025390625,226000,0.0,0.0
2005-09-05 00:00:00+09:00,782.1663036894874,787.8205179330258,773.9991053377096,786.5640258789062,254000,0.0,0.0
2005-09-06 00:00:00+09:00,793.4751400012149,801.0140962007514,784.6796911017557,787.8209228515625,405000,0.0,0.0
2005-09-07 00:00:00+09:00,794.7314391795461,794.7314391795461,779.653530452029,781.5382690429688,282000,0.0,0.0
2005-09-08 00:00:00+09:00,782.1664125028675,784.6793969607081,769.6014902136649,770.229736328125,178000,0.0,0.0
2005-09-09 00:00:00+09:00,777.1406556891629,782.1666259765625,770.8581928299134,782.1666259765625,333000,0.0,0.0
2005-09-12 00:00:00+09:00,789.7057279554568,790.9622207604774,777.1407999052507,780.9102783203125,140000,0.0,0.0
2005-09-13 00:00:00+09:00,784.6794659722395,789.705435329948,778.397004275104,783.4229736328125,242000,0.0,0.0
2005-09-14 00:00:00+09:00,775.2557260366586,780.9099412184495,772.1144953801081,775.8839721679688,249000,0.0,0.0
2005-09-15 00:00:00+09:00,777.1405187171856,781.538241943556,770.8580569652278,779.6535034179688,280000,0.0,0.0
2005-09-16 00:00:00+09:00,775.2560204677894,777.1407595775166,760.8063539598809,766.4605712890625,383000,0.0,0.0
2005-09-19 00:00:00+09:00,766.4605712890624,766.4605712890624,766.4605712890624,766.4605712890625,0,0.0,0.0
2005-09-20 00:00:00+09:00,765.2039070911736,768.973384466007,762.6909221746181,765.8321533203125,482000,0.0,0.0
2005-09-21 00:00:00+09:00,766.4604305152302,772.1146468059163,758.2932292064613,770.858154296875,356000,0.0,0.0
2005-09-22 00:00:00+09:00,761.434456433485,768.3451651964953,761.434456433485,767.7169189453125,289000,0.0,0.0
2005-09-23 00:00:00+09:00,767.7169189453125,767.7169189453125,767.7169189453125,767.7169189453125,0,0.0,0.0
2005-09-26 00:00:00+09:00,769.6015108548677,776.5122182992787,768.9732647235576,775.8839721679688,314000,0.0,0.0
2005-09-27 00:00:00+09:00,786.6338728215144,835.3242331167368,784.7368457970252,822.0450439453125,849000,8.0,0.0
2005-09-28 00:00:00+09:00,822.044871113088,833.4270308669614,814.4567646105056,830.2653198242188,268000,0.0,0.0
2005-09-29 00:00:00+09:00,825.8390545785119,860.6178815324308,825.8390545785119,855.5591430664062,467000,0.0,0.0
2005-09-30 00:00:00+09:00,859.3533976786845,859.3533976786845,837.8537541753178,842.2801513671875,285000,0.0,0.0
2005-10-03 00:00:00+09:00,842.9123468614162,842.9123468614162,830.2654999467662,841.0153198242188,305000,0.0,0.0
2005-10-04 00:00:00+09:00,847.3386272593539,848.6033117776514,828.3683594848907,842.9122314453125,336000,0.0,0.0
2005-10-05 00:00:00+09:00,842.9123955810356,842.9123955810356,803.7071678795921,813.8246459960938,577000,0.0,0.0
2005-10-06 00:00:00+09:00,791.6925569507183,813.192195078773,791.6925569507183,800.5453491210938,350000,0.0,0.0
2005-10-07 00:00:00+09:00,801.8099809835513,803.0746654961437,784.1043978072584,791.6925048828125,179000,0.0,0.0
2005-10-10 00:00:00+09:00,791.6925048828125,791.6925048828125,791.6925048828125,791.6925048828125,0,0.0,0.0
2005-10-11 00:00:00+09:00,798.0159080685594,803.0746459960938,783.4720365268978,803.0746459960938,173000,0.0,0.0
2005-10-12 00:00:00+09:00,815.7213817339763,828.3682248616349,798.6481435116373,817.618408203125,417000,0.0,0.0
2005-10-13 00:00:00+09:00,809.3980282447224,815.7214503403843,796.1188418438325,808.7656860351562,338000,0.0,0.0
2005-10-14 00:00:00+09:00,808.1336977238406,818.8835199940326,808.1336977238406,811.29541015625,333000,0.0,0.0
2005-10-17 00:00:00+09:00,811.2953115425858,813.1923387714461,801.1778329886642,806.236572265625,159000,0.0,0.0
2005-10-18 00:00:00+09:00,806.2364548162708,815.0892472613122,798.0160046887323,801.81005859375,489000,0.0,0.0
2005-10-19 00:00:00+09:00,805.6042037806809,807.5012309481393,786.6339321060965,798.6484375,367000,0.0,0.0
2005-10-20 00:00:00+09:00,805.604014959861,808.7657261645701,796.7512235866757,803.0746459960938,153000,0.0,0.0
2005-10-21 00:00:00+09:00,797.383705036954,802.4424438476562,787.2662274155493,802.4424438476562,225000,0.0,0.0
2005-10-24 00:00:00+09:00,834.6920324167232,841.0154569047287,815.0894165039062,815.0894165039062,448000,0.0,0.0
2005-10-25 00:00:00+09:00,834.6920617164538,867.5738702083142,830.89800689047,860.6181030273438,696000,0.0,0.0
2005-10-26 00:00:00+09:00,867.5736355643741,875.7940854640365,857.4561587647895,875.1617431640625,428000,0.0,0.0
2005-10-27 00:00:00+09:00,896.0289708917791,899.1906821511008,874.5293343283913,890.337890625,508000,0.0,0.0
2005-10-28 00:00:00+09:00,884.6467676006824,894.1319009202037,869.4705542894484,889.7055053710938,254000,0.0,0.0
2005-10-31 00:00:00+09:00,890.9703297159177,908.0435723719361,887.8086181129514,906.1465454101562,238000,0.0,0.0
2005-11-01 00:00:00+09:00,904.2495506157309,954.8369380627648,894.1320731263241,932.7049560546875,404000,0.0,0.0
2005-11-02 00:00:00+09:00,911.2052497809965,911.2052497809965,890.9702962813491,896.661376953125,604000,0.0,0.0
2005-11-03 00:00:00+09:00,896.6613769531249,896.6613769531249,896.6613769531249,896.661376953125,0,0.0,0.0
2005-11-04 00:00:00+09:00,901.7202919087799,905.5143464329403,872.6325405568838,888.4411010742188,377000,0.0,0.0
2005-11-07 00:00:00+09:00,899.8232212338352,899.8232212338352,875.7942104067897,887.8087158203125,326000,0.0,0.0
2005-11-08 00:00:00+09:00,892.8674744905012,897.2938713187119,885.27936564214,893.4998168945312,214000,0.0,0.0
2005-11-09 00:00:00+09:00,887.8083052201705,892.8670420020518,875.1614632654672,876.4261474609375,370000,0.0,0.0
2005-11-10 00:00:00+09:00,885.2793017823493,888.4410135744291,868.2060581051182,880.8529052734375,192000,0.0,0.0
2005-11-11 00:00:00+09:00,885.2788995413199,895.396372678935,878.3231367592095,892.8670043945312,292000,0.0,0.0
2005-11-14 00:00:00+09:00,899.1907798836303,910.5729416543091,888.4409604335447,906.1465454101562,446000,0.0,0.0
2005-11-15 00:00:00+09:00,918.1610309231667,941.5576963117046,909.9405809217884,940.9253540039062,939000,0.0,0.0
2005-11-16 00:00:00+09:00,934.6022285285169,966.2193539861798,933.3375435102104,957.9989013671875,748000,0.0,0.0
2005-11-17 00:00:00+09:00,955.4692450136615,964.9543798086349,944.0870832596933,957.3662719726562,504000,0.0,0.0
2005-11-18 00:00:00+09:00,957.9985624961628,973.1747773475871,957.9985624961628,965.586669921875,374000,0.0,0.0
2005-11-21 00:00:00+09:00,964.9545384799434,964.9545384799434,949.1459778888566,949.7783203125,425000,0.0,0.0
2005-11-22 00:00:00+09:00,961.1606619371481,1037.041766826923,960.5283193964001,1011.11572265625,1381000,0.0,0.0
2005-11-23 00:00:00+09:00,1011.11572265625,1011.11572265625,1011.11572265625,1011.11572265625,0,0.0,0.0
2005-11-24 00:00:00+09:00,1004.7919631792352,1060.4380882640512,994.0421435605775,1048.423583984375,1282000,0.0,0.0
2005-11-25 00:00:00+09:00,1061.070204637396,1071.1876797710065,1050.3203873079349,1064.8642578125,979000,0.0,0.0
2005-11-28 00:00:00+09:00,1071.8203564276532,1071.8203564276532,1033.247470444121,1049.0560302734375,583000,0.0,0.0
2005-11-29 00:00:00+09:00,1043.3648048222385,1054.7469663293903,1019.3357971960295,1054.1146240234375,812000,0.0,0.0
2005-11-30 00:00:00+09:00,1056.6436672345965,1069.9228515625,1052.8496145694812,1069.9228515625,547000,0.0,0.0
2005-12-01 00:00:00+09:00,1074.9823597814307,1093.95263671875,1074.9823597814307,1093.95263671875,371000,0.0,0.0
2005-12-02 00:00:00+09:00,1098.3784802813864,1099.0108225267986,1083.2022663914881,1087.628662109375,442000,0.0,0.0
2005-12-05 00:00:00+09:00,1087.62873046875,1106.5989990234375,1085.099361328125,1106.5989990234375,410000,0.0,0.0
2005-12-06 00:00:00+09:00,1087.6289217692392,1093.952345733014,1056.6441443467436,1074.3497314453125,456000,0.0,0.0
2005-12-07 00:00:00+09:00,1074.3494845575772,1131.8926294043927,1073.0848000554493,1095.84912109375,491000,0.0,0.0
2005-12-08 00:00:00+09:00,1096.4815538194443,1107.231372974537,1058.541015625,1075.6142578125,389000,0.0,0.0
2005-12-09 00:00:00+09:00,1092.055277819511,1118.613657476963,1086.9965388371393,1109.7608642578125,602000,0.0,0.0
2005-12-12 00:00:00+09:00,1128.730970110212,1141.3778157136878,1109.7607017049984,1115.4517822265625,485000,0.0,0.0
2005-12-13 00:00:00+09:00,1115.4519456129808,1115.4519456129808,1093.9523049379006,1109.7608642578125,338000,0.0,0.0
2005-12-14 00:00:00+09:00,1112.2902324596112,1135.0545578538954,1076.2467172519944,1080.040771484375,477000,0.0,0.0
2005-12-15 00:00:00+09:00,1104.7020807528713,1124.3046935195223,1097.1139725851356,1102.8050537109375,527000,0.0,0.0
2005-12-16 00:00:00+09:00,1119.2459930368748,1131.8928404158223,1106.599145657927,1131.260498046875,435000,0.0,0.0
2005-12-19 00:00:00+09:00,1119.245935444369,1130.6280974997353,1113.5548544166857,1120.5106201171875,393000,0.0,0.0
2005-12-20 00:00:00+09:00,1134.4222016205658,1135.0545439849027,1087.6288666596283,1123.0400390625,501000,0.0,0.0
2005-12-21 00:00:00+09:00,1129.9960273015263,1142.642877075466,1128.0989998354353,1140.745849609375,319000,0.0,0.0
2005-12-22 00:00:00+09:00,1138.2162179709142,1141.3779296875,1120.5106323580333,1141.3779296875,362000,0.0,0.0
2005-12-23 00:00:00+09:00,1141.3779296875,1141.3779296875,1141.3779296875,1141.3779296875,0,0.0,0.0
2005-12-26 00:00:00+09:00,1160.3482666015625,1160.3482666015625,1148.3337613887943,1160.3482666015625,266000,0.0,0.0
2005-12-27 00:00:00+09:00,1166.0394596741482,1179.3186509177258,1155.9219806314225,1169.201171875,372000,0.0,0.0
2005-12-28 00:00:00+09:00,1169.8332338832895,1178.6860259234873,1122.4075622393723,1170.465576171875,324000,0.0,0.0
2005-12-29 00:00:00+09:00,1175.5245127910334,1190.0683878820469,1170.4657736289419,1180.583251953125,190000,0.0,0.0
2005-12-30 00:00:00+09:00,1181.2153023979974,1181.2153023979974,1152.7599016442985,1156.553955078125,105000,0.0,0.0
2006-01-02 00:00:00+09:00,1156.553955078125,1156.553955078125,1156.553955078125,1156.553955078125,0,0.0,0.0
2006-01-03 00:00:00+09:00,1156.553955078125,1156.553955078125,1156.553955078125,1156.553955078125,0,0.0,0.0
2006-01-04 00:00:00+09:00,1191.965330754364,1228.0088447347346,1171.0980331867809,1209.03857421875,219000,0.0,0.0
2006-01-05 00:00:00+09:00,1190.0682655666187,1200.8180851811949,1158.451149053159,1163.5098876953125,1801000,0.0,0.0
2006-01-06 00:00:00+09:00,1174.2597012828364,1211.5678985772292,1171.0979896477184,1202.082763671875,705000,0.0,0.0
2006-01-09 00:00:00+09:00,1202.082763671875,1202.082763671875,1202.082763671875,1202.082763671875,0,0.0,0.0
2006-01-10 00:00:00+09:00,1221.0529417536318,1222.9499685921926,1199.5533042499428,1205.244384765625,396000,0.0,0.0
2006-01-11 00:00:00+09:00,1186.2743490615094,1210.935702799995,1186.2743490615094,1197.024169921875,321000,0.0,0.0
2006-01-12 00:00:00+09:00,1212.2002715354008,1228.0088301104581,1201.4504517043617,1222.3177490234375,433000,0.0,0.0
2006-01-13 00:00:00+09:00,1226.1115451866472,1264.6844199965417,1220.4204652966628,1257.0963134765625,536000,0.0,0.0
2006-01-16 00:00:00+09:00,1260.890552662037,1305.7868561921296,1250.1407335069443,1280.4931640625,376000,0.0,0.0
2006-01-17 00:00:00+09:00,1245.7145814010178,1258.3614299431601,1237.4941298486253,1246.346923828125,485000,0.0,0.0
2006-01-18 00:00:00+09:00,1217.2588524451621,1227.3763286213298,1142.6424656459262,1150.8629150390625,659000,0.0,0.0
2006-01-19 00:00:00+09:00,1119.245971365882,1243.817415636548,1119.245971365882,1229.9058837890625,744000,0.0,0.0
2006-01-20 00:00:00+09:00,1228.6409772834522,1235.596741951552,1217.2588169174705,1224.846923828125,253000,0.0,0.0
2006-01-23 00:00:00+09:00,1187.5390056874019,1239.3910815480872,1152.76017431743,1206.50927734375,709000,0.0,0.0
2006-01-24 00:00:00+09:00,1225.4792420019583,1271.0078825716903,1225.4792420019583,1251.4052734375,623000,0.0,0.0
2006-01-25 00:00:00+09:00,1232.435099053137,1235.5968104411645,1213.4648307249718,1226.7440185546875,863000,0.0,0.0
2006-01-26 00:00:00+09:00,1215.36243040447,1258.361725548853,1215.36243040447,1248.8765869140625,495000,0.0,0.0
2006-01-27 00:00:00+09:00,1258.3608477388448,1274.169401102398,1245.714005048002,1271.0076904296875,433000,0.0,0.0
2006-01-30 00:00:00+09:00,1277.3315465590533,1308.9486640481389,1240.0233479219323,1289.9783935546875,604000,0.0,0.0
2006-01-31 00:00:00+09:00,1308.9484544065906,1308.9484544065906,1274.1696307387826,1305.7867431640625,180000,0.0,0.0
2006-02-01 00:00:00+09:00,1315.272012867647,1365.8593979779412,1302.6251665900736,1343.7274169921875,505000,0.0,0.0
2006-02-02 00:00:00+09:00,1369.0209438176253,1410.1231892440205,1365.8592326309795,1387.9912109375,530000,0.0,0.0
2006-02-03 00:00:00+09:00,1327.9187069299087,1365.8592414136203,1321.5952845159566,1340.5655517578125,626000,0.0,0.0
2006-02-06 00:00:00+09:00,1375.344322027162,1403.7997217932411,1353.2123444313227,1359.5357666015625,536000,0.0,0.0
2006-02-07 00:00:00+09:00,1359.5362459508383,1362.6979581507242,1280.4934409536966,1296.302001953125,977000,0.0,0.0
2006-02-08 00:00:00+09:00,1296.3018312429708,1296.3018312429708,1229.9058837890625,1229.9058837890625,1379000,0.0,0.0
2006-02-09 00:00:00+09:00,1264.051938366865,1267.8459912083863,1195.7589872194806,1210.3028564453125,1101000,0.0,0.0
2006-02-10 00:00:00+09:00,1234.964375516794,1234.964375516794,1195.1268150162523,1212.8323974609375,760000,0.0,0.0
2006-02-13 00:00:00+09:00,1204.612001546224,1204.612001546224,1123.6721925184463,1138.216064453125,644000,0.0,0.0
2006-02-14 00:00:00+09:00,1126.2016245385648,1173.627296543277,1125.5692822451688,1161.61279296875,578000,0.0,0.0
2006-02-15 00:00:00+09:00,1180.5830035784709,1206.5090363297925,1169.2008428583786,1185.0093994140625,531000,0.0,0.0
2006-02-16 00:00:00+09:00,1172.9947222307592,1174.8917487357146,1142.0099559831542,1165.4066162109375,247000,0.0,0.0
2006-02-17 00:00:00+09:00,1165.406991121611,1174.2597843260075,1125.5694217018274,1126.8341064453125,324000,0.0,0.0
2006-02-20 00:00:00+09:00,1081.9374643022493,1098.3783608959714,1059.8054881183925,1061.7025146484375,612000,0.0,0.0
2006-02-21 00:00:00+09:00,1087.6289777057927,1119.8784415796274,1082.570238274603,1114.8197021484375,563000,0.0,0.0
2006-02-22 00:00:00+09:00,1138.2159210514728,1169.2006877912072,1121.1426822357007,1121.7750244140625,532000,0.0,0.0
2006-02-23 00:00:00+09:00,1150.862828958677,1156.553908882099,1135.0542736158382,1149.59814453125,456000,0.0,0.0
2006-02-24 00:00:00+09:00,1157.1862356531012,1174.259475195524,1149.5981291898022,1167.3037109375,294000,0.0,0.0
2006-02-27 00:00:00+09:00,1186.2740658854166,1226.7439700520833,1185.6417236328125,1185.6417236328125,545000,0.0,0.0
2006-02-28 00:00:00+09:00,1201.4502516627247,1201.4502516627247,1163.5097173996912,1178.0535888671875,226000,0.0,0.0
2006-03-01 00:00:00+09:00,1157.1863924965683,1171.7302651891482,1151.4953118777328,1166.0391845703125,479000,0.0,0.0
2006-03-02 00:00:00+09:00,1171.7301870800993,1185.6417165543369,1151.495235117572,1155.921630859375,563000,0.0,0.0
2006-03-03 00:00:00+09:00,1156.554201115514,1164.7746519709003,1134.4222180433198,1139.48095703125,387000,0.0,0.0
2006-03-06 00:00:00+09:00,1196.3918014437136,1197.6564862232524,1148.3337798212387,1189.43603515625,531000,0.0,0.0
2006-03-07 00:00:00+09:00,1195.1271898516582,1206.5093535645312,1179.9509715678278,1186.90673828125,459000,0.0,0.0
2006-03-08 00:00:00+09:00,1179.9509489870952,1183.1126610690542,1157.1866219969907,1162.245361328125,456000,0.0,0.0
2006-03-09 00:00:00+09:00,1160.9807147322028,1187.5390970953579,1149.5985508622794,1173.6275634765625,578000,0.0,0.0
2006-03-10 00:00:00+09:00,1188.8032129392102,1283.65453312053,1188.8032129392102,1271.0076904296875,1463000,0.0,0.0
2006-03-13 00:00:00+09:00,1271.0082934460283,1280.4934299642823,1248.876308236769,1262.787841796875,743000,0.0,0.0
2006-03-14 00:00:00+09:00,1264.6846960086632,1289.9783899288366,1264.6846960086632,1277.33154296875,590000,0.0,0.0
2006-03-15 00:00:00+09:00,1264.6847134077764,1277.331560541854,1227.376514362247,1229.9058837890625,636000,0.0,0.0
2006-03-16 00:00:00+09:00,1214.7294658314097,1215.3618080832741,1152.1275828968394,1168.5684814453125,1666000,0.0,0.0
2006-03-17 00:00:00+09:00,1168.5685269508135,1180.5830302040956,1154.0246545915772,1175.5242919921875,816000,0.0,0.0
2006-03-20 00:00:00+09:00,1159.0833240340094,1169.2007998575468,1151.4952171663563,1156.553955078125,1004000,0.0,0.0
2006-03-21 00:00:00+09:00,1156.553955078125,1156.553955078125,1156.553955078125,1156.553955078125,0,0.0,0.0
2006-03-22 00:00:00+09:00,1147.701249010637,1175.524309592713,1146.4365644387244,1157.8187255859375,793000,0.0,0.0
2006-03-23 00:00:00+09:00,1154.6570950715438,1166.6715993466585,1154.6570950715438,1163.5098876953125,595000,0.0,0.0
2006-03-24 00:00:00+09:00,1163.5100826354847,1167.3041372527744,1157.1866582733353,1160.980712890625,454000,0.0,0.0
2006-03-27 00:00:00+09:00,1163.5100385273972,1167.3040930008563,1147.7014782213184,1154.02490234375,443000,0.0,0.0
2006-03-28 00:00:00+09:00,1140.0979283095446,1164.1532982572196,1128.7032793869619,1159.7220458984375,600000,2.0,0.0
2006-03-29 00:00:00+09:00,1145.7952717163555,1162.8872453828424,1143.2631274694684,1156.556884765625,501000,0.0,0.0
2006-03-30 00:00:00+09:00,1164.786243061129,1184.4103591127023,1164.1532070594653,1183.144287109375,753000,0.0,0.0
2006-03-31 00:00:00+09:00,1181.8782705331778,1188.8416668780437,1167.9514778434457,1169.8505859375,564000,0.0,0.0
2006-04-03 00:00:00+09:00,1173.0159716323838,1185.6766944778492,1173.0159716323838,1176.18115234375,441000,0.0,0.0
2006-04-04 00:00:00+09:00,1183.7776507066478,1198.3374827741627,1181.8785421761024,1193.273193359375,611000,0.0,0.0
2006-04-05 00:00:00+09:00,1203.4016687271444,1215.4293550531916,1187.5757656665558,1190.10791015625,824000,0.0,0.0
2006-04-06 00:00:00+09:00,1209.099063745281,1234.4205101064388,1204.6678106320785,1226.1910400390625,1043000,0.0,0.0
2006-04-07 00:00:00+09:00,1230.621867572906,1237.5852629141107,1222.3924003514824,1231.887939453125,592000,0.0,0.0
2006-04-10 00:00:00+09:00,1202.768609609333,1205.9337901609365,1179.346273527467,1181.87841796875,1018000,0.0,0.0
2006-04-11 00:00:00+09:00,1180.6119127046986,1182.5110203390761,1150.226190554658,1172.3824462890625,988000,0.0,0.0
2006-04-12 00:00:00+09:00,1152.1257302613385,1153.3918024923948,1141.3641162973588,1144.529296875,960000,0.0,0.0
2006-04-13 00:00:00+09:00,1140.7311843713733,1165.419595131908,1135.6668949845969,1159.0892333984375,721000,0.0,0.0
2006-04-14 00:00:00+09:00,1159.72204145707,1166.0524019453728,1142.6300681386526,1148.327392578125,696000,0.0,0.0
2006-04-17 00:00:00+09:00,1154.657848111283,1154.657848111283,1124.2721152662493,1124.9051513671875,455000,0.0,0.0
2006-04-18 00:00:00+09:00,1124.2720793235826,1143.263161744589,1110.3452855481778,1138.8319091796875,465000,0.0,0.0
2006-04-19 00:00:00+09:00,1146.4281471053714,1150.2263629433792,1116.0424204013086,1117.9415283203125,859000,0.0,0.0
2006-04-20 00:00:00+09:00,1136.9327392578125,1142.6300636750289,1123.638982284308,1136.9327392578125,734000,0.0,0.0
2006-04-21 00:00:00+09:00,1147.6944350179037,1147.6944350179037,1133.1346048990886,1139.4649658203125,649000,0.0,0.0
2006-04-24 00:00:00+09:00,1133.1346345851123,1133.7676706938191,1101.482829149774,1102.7489013671875,495000,0.0,0.0
2006-04-25 00:00:00+09:00,1098.3176648027331,1107.813206573362,1085.023906323853,1088.1890869140625,612000,0.0,0.0
2006-04-26 00:00:00+09:00,1097.0511707525143,1107.812780621408,1093.2529555046694,1101.482421875,591000,0.0,0.0
2006-04-27 00:00:00+09:00,1119.2078857421875,1123.6391386834746,1116.6757412043094,1119.2078857421875,607000,0.0,0.0
2006-04-28 00:00:00+09:00,1118.5747220100611,1118.5747220100611,1091.987207395221,1104.014892578125,473000,0.0,0.0
2006-05-01 00:00:00+09:00,1120.4733828391638,1120.4733828391638,1092.6198072205632,1112.876953125,337900,0.0,0.0
2006-05-02 00:00:00+09:00,1119.2077194092076,1119.2077194092076,1102.7487823590723,1110.34521484375,290700,0.0,0.0
2006-05-03 00:00:00+09:00,1110.34521484375,1110.34521484375,1110.34521484375,1110.34521484375,0,0.0,0.0
2006-05-04 00:00:00+09:00,1110.34521484375,1110.34521484375,1110.34521484375,1110.34521484375,0,0.0,0.0
2006-05-05 00:00:00+09:00,1110.34521484375,1110.34521484375,1110.34521484375,1110.34521484375,0,0.0,0.0
2006-05-08 00:00:00+09:00,1159.0892289100584,1160.9883374227454,1120.4740224854197,1136.2999267578125,743000,0.0,0.0
2006-05-09 00:00:00+09:00,1145.7949931739158,1145.7949931739158,1124.2717723076655,1129.3360595703125,411200,0.0,0.0
2006-05-10 00:00:00+09:00,1122.3729398018972,1125.5381201171874,1102.11578578404,1107.8131103515625,481200,0.0,0.0
2006-05-11 00:00:00+09:00,1107.813269142213,1113.5105945263729,1083.757895297982,1090.0882568359375,379300,0.0,0.0
2006-05-12 00:00:00+09:00,1076.1614968462025,1076.1614968462025,1050.8400498615858,1064.766845703125,331500,0.0,0.0
2006-05-15 00:00:00+09:00,1050.8394509311438,1059.068916510725,1027.4171258200279,1042.6099853515625,620200,0.0,0.0
2006-05-16 00:00:00+09:00,1030.5828420155083,1057.1703600527635,1013.4908661344157,1017.922119140625,778200,0.0,0.0
2006-05-17 00:00:00+09:00,1013.4907486318516,1029.949686460976,983.7380533253574,1029.316650390625,704400,0.0,0.0
2006-05-18 00:00:00+09:00,1024.8856211650013,1033.1150918723176,995.7659555852669,1032.4820556640625,346300,0.0,0.0
2006-05-19 00:00:00+09:00,1008.4263018836273,1033.1147047546012,1008.4263018836273,1031.8486328125,203200,0.0,0.0
2006-05-22 00:00:00+09:00,1057.1704258927543,1062.8677515412783,1026.151652917458,1031.2159423828125,323300,0.0,0.0
2006-05-23 00:00:00+09:00,1012.2243922224441,1015.3895716853035,990.701171875,990.701171875,459200,0.0,0.0
2006-05-24 00:00:00+09:00,990.7016793994425,993.8668604837857,968.5454118090396,981.8391723632812,562600,0.0,0.0
2006-05-25 00:00:00+09:00,986.9031594618679,995.7656637803195,979.9397632116559,991.3344116210938,597200,0.0,0.0
2006-05-26 00:00:00+09:00,1019.1881927886567,1038.1792771263335,1010.9587229089967,1023.6194458007812,905300,0.0,0.0
2006-05-29 00:00:00+09:00,1022.3535557043709,1026.7848095061854,1000.8303229526999,1012.2249755859375,513100,0.0,0.0
2006-05-30 00:00:00+09:00,1007.7935974702381,1007.7935974702381,988.8025120907738,997.031982421875,437300,0.0,0.0
2006-05-31 00:00:00+09:00,970.4441054249538,995.1325073242189,970.4441054249538,995.1325073242188,295400,0.0,0.0
2006-06-01 00:00:00+09:00,1006.5275020648397,1006.5275020648397,976.774802318269,985.0042724609375,162500,0.0,0.0
2006-06-02 00:00:00+09:00,977.4078172913977,983.7381788023524,947.0220820388154,980.572998046875,382200,0.0,0.0
2006-06-05 00:00:00+09:00,985.637266646984,985.637266646984,968.5452909247821,979.93994140625,291500,0.0,0.0
2006-06-06 00:00:00+09:00,968.5451408098423,972.3433570483123,953.3522758559625,956.5174560546875,213500,0.0,0.0
2006-06-07 00:00:00+09:00,950.1870584422145,955.8843825767781,914.1040055899784,917.9022216796875,403900,0.0,0.0
2006-06-08 00:00:00+09:00,886.2505493164062,892.580910382952,869.7916105433873,886.2505493164062,437700,0.0,0.0
2006-06-09 00:00:00+09:00,900.8105674481677,916.6364734117686,879.2873353376704,903.3427124023438,525900,0.0,0.0
2006-06-12 00:00:00+09:00,878.02118331684,910.9390647389566,876.755110954451,900.8104858398438,368500,0.0,0.0
2006-06-13 00:00:00+09:00,878.6541725819943,881.1863171715678,869.1586303710938,869.1586303710938,403300,0.0,0.0
2006-06-14 00:00:00+09:00,847.6351679821179,884.3512544219706,847.6351679821179,878.6539306640625,475100,0.0,0.0
2006-06-15 00:00:00+09:00,891.3148364485982,902.7094863463785,875.4889338127921,880.55322265625,274300,0.0,0.0
2006-06-16 00:00:00+09:00,911.5719405556518,916.6362291142943,906.5076519970094,912.8380126953125,341400,0.0,0.0
2006-06-19 00:00:00+09:00,918.5353019172376,934.3612030529584,909.6727972812339,926.7647705078125,545500,0.0,0.0
2006-06-20 00:00:00+09:00,911.5717234764235,914.7369030718278,881.1859993605427,889.4154663085938,523300,0.0,0.0
2006-06-21 00:00:00+09:00,886.2505487484341,888.1496570671808,861.5621406047277,884.3514404296875,579100,0.0,0.0
2006-06-22 00:00:00+09:00,886.2504971035659,913.4710480860325,885.6174610342063,910.9389038085938,421700,0.0,0.0
2006-06-23 00:00:00+09:00,898.2781018932274,915.3700742336904,888.7825617040811,910.3057861328125,360000,0.0,0.0
2006-06-26 00:00:00+09:00,898.2782638359862,916.6363115112812,888.7827219349715,915.3702392578125,343500,0.0,0.0
2006-06-27 00:00:00+09:00,924.2327070953745,926.1318153976252,908.4068045766181,925.498779296875,278600,0.0,0.0
2006-06-28 00:00:00+09:00,900.1774493150308,909.0399558483715,893.2140513245489,898.911376953125,264300,0.0,0.0
2006-06-29 00:00:00+09:00,897.0121102826806,917.9023005715504,894.4799660052419,910.9389038085938,331300,0.0,0.0
2006-06-30 00:00:00+09:00,924.8656425944454,928.0308227539061,914.7370660841708,928.0308227539062,385800,0.0,0.0
2006-07-03 00:00:00+09:00,933.0952125058781,939.4255735133806,922.3335987931238,925.498779296875,235500,0.0,0.0
2006-07-04 00:00:00+09:00,922.3336386765635,933.7282889827942,917.269349651572,922.9666748046875,193900,0.0,0.0
2006-07-05 00:00:00+09:00,919.1682703653971,919.8013063642713,907.7736223856608,911.5718383789062,212600,0.0,0.0
2006-07-06 00:00:00+09:00,905.241738762654,905.241738762654,886.8836895150198,898.911376953125,219700,0.0,0.0
2006-07-07 00:00:00+09:00,903.9754987568491,903.9754987568491,884.9844168501926,888.1495971679688,219400,0.0,0.0
2006-07-10 00:00:00+09:00,891.9479169838821,896.3791699426381,870.4246883270674,893.2139892578125,352400,0.0,0.0
2006-07-11 00:00:00+09:00,867.8922178590452,879.2868640453785,860.9288229673972,877.3877563476562,538500,0.0,0.0
2006-07-12 00:00:00+09:00,864.7271435656355,874.8557191857309,839.4057045153974,847.0021362304688,350100,0.0,0.0
2006-07-13 00:00:00+09:00,834.9744507844025,859.6628538022886,826.1119471369562,843.2039184570312,441900,0.0,0.0
2006-07-14 00:00:00+09:00,819.1488044621394,828.6443470177284,810.9193342472958,822.947021484375,576100,0.0,0.0
2006-07-17 00:00:00+09:00,822.947021484375,822.947021484375,822.947021484375,822.947021484375,0,0.0,0.0
2006-07-18 00:00:00+09:00,810.2864802354919,810.2864802354919,752.68017578125,752.68017578125,913500,0.0,0.0
2006-07-19 00:00:00+09:00,765.340639011026,780.5335052941233,765.340639011026,771.0379638671875,908600,0.0,0.0
2006-07-20 00:00:00+09:00,809.020053726525,810.2861257980845,779.9003960806564,793.1941528320312,578000,0.0,0.0
2006-07-21 00:00:00+09:00,780.5333862304688,785.5976742189875,771.6708822505607,780.5333862304688,439700,0.0,0.0
2006-07-24 00:00:00+09:00,763.4415301287617,773.5701076429077,752.6799165199814,769.1388549804688,333800,0.0,0.0
2006-07-25 00:00:00+09:00,791.2950645343101,803.955785566859,787.4968482245454,791.9281005859375,405500,0.0,0.0
2006-07-26 00:00:00+09:00,795.7264169622122,802.6898144057956,769.7719355815832,783.69873046875,356600,0.0,0.0
2006-07-27 00:00:00+09:00,790.6620071276533,794.4602233348318,773.5700341953501,789.3959350585938,431300,0.0,0.0
2006-07-28 00:00:00+09:00,788.7630638412282,803.3228956777838,787.4969915076147,800.15771484375,220400,0.0,0.0
2006-07-31 00:00:00+09:00,817.24965662471,829.910379422924,813.4514397852458,827.3782348632812,458700,0.0,0.0
2006-08-01 00:00:00+09:00,842.5708192851209,850.8002863404978,824.2127773923572,839.4056396484375,549100,0.0,0.0
2006-08-02 00:00:00+09:00,844.4700588201056,864.0941756292684,828.0111221414528,860.2959594726562,727600,0.0,0.0
2006-08-03 00:00:00+09:00,862.8280741220498,865.9932541445078,832.442345906453,840.6718139648438,681500,0.0,0.0
2006-08-04 00:00:00+09:00,830.5431581884399,846.3690567819696,830.5431581884399,841.9378051757812,570000,0.0,0.0
2006-08-07 00:00:00+09:00,829.9099787278881,830.543014562158,809.65283203125,809.65283203125,573600,0.0,0.0
2006-08-08 00:00:00+09:00,796.9926368336618,822.9471230212553,796.9926368336618,820.4149780273438,553500,0.0,0.0
2006-08-09 00:00:00+09:00,817.2493574806324,831.1761474609375,801.4234597757402,831.1761474609375,390600,0.0,0.0
2006-08-10 00:00:00+09:00,821.0479934727896,825.4792470998593,810.2863775213343,815.9837036132812,495900,0.0,0.0
2006-08-11 00:00:00+09:00,803.9556584515816,828.0110246099754,803.9556584515816,823.5797729492188,465400,0.0,0.0
2006-08-14 00:00:00+09:00,822.9469619879202,830.5433954831933,820.4148174894958,828.644287109375,345700,0.0,0.0
2006-08-15 00:00:00+09:00,828.0111100706335,834.3414702393693,822.946821935645,831.809326171875,349800,0.0,0.0
2006-08-16 00:00:00+09:00,853.3326459707703,868.52551207114,843.8371046580392,866.6264038085938,564800,0.0,0.0
2006-08-17 00:00:00+09:00,884.984430704575,884.984430704575,867.8924567210101,869.7915649414062,339200,0.0,0.0
2006-08-18 00:00:00+09:00,869.7912818233231,874.2225328952031,857.7636003425056,872.3234252929688,340000,0.0,0.0
2006-08-21 00:00:00+09:00,879.920142116852,883.7183585576443,868.5254927944756,869.7915649414062,297400,0.0,0.0
2006-08-22 00:00:00+09:00,870.4247631639482,871.6908355467322,862.1952926758527,865.3604736328125,279100,0.0,0.0
2006-08-23 00:00:00+09:00,860.9292588894839,863.4614037685707,845.7363896149636,849.5346069335938,629600,0.0,0.0
2006-08-24 00:00:00+09:00,848.2682081829807,850.8003520880045,839.4057045153974,847.0021362304688,231000,0.0,0.0
2006-08-25 00:00:00+09:00,845.1029848944871,857.1306678255697,840.0386973445576,841.9378051757812,491200,0.0,0.0
2006-08-28 00:00:00+09:00,841.9380622084774,841.9380622084774,809.0201830845369,812.1853637695312,552300,0.0,0.0
2006-08-29 00:00:00+09:00,810.2860717773438,814.717323732376,808.3869637966155,810.2860717773438,854000,0.0,0.0
2006-08-30 00:00:00+09:00,810.2860032764099,810.9190392164695,790.6618891345594,796.9922485351562,455000,0.0,0.0
2006-08-31 00:00:00+09:00,791.2951465621887,804.5889050244334,788.12996597594,794.4603271484375,704500,0.0,0.0
2006-09-01 00:00:00+09:00,799.5245797225248,809.0201210493956,793.1942188379442,808.3870849609375,508200,0.0,0.0
2006-09-04 00:00:00+09:00,832.4424803837823,835.6076609175609,814.0844332878662,818.5156860351562,461600,0.0,0.0
2006-09-05 00:00:00+09:00,826.1119157176906,831.8092392743644,818.5154843087923,821.6806640625,493200,0.0,0.0
2006-09-06 00:00:00+09:00,822.9468567083495,827.3781090137022,815.9834602285097,817.882568359375,284400,0.0,0.0
2006-09-07 00:00:00+09:00,811.5522447544205,815.98349726088,804.5888479585558,807.7540283203125,531100,0.0,0.0
2006-09-08 00:00:00+09:00,809.6531215606055,835.6076000469111,807.1209773180392,822.3138427734375,662800,0.0,0.0
2006-09-11 00:00:00+09:00,824.8458996295929,827.378043603897,807.7539278030396,810.2860717773438,528100,0.0,0.0
2006-09-12 00:00:00+09:00,815.9833929630643,817.8825009373771,798.2583852028115,804.5887451171875,373900,0.0,0.0
2006-09-13 00:00:00+09:00,814.7172548568277,821.0476142574247,796.9922485351562,796.9922485351562,273300,0.0,0.0
2006-09-14 00:00:00+09:00,807.7539816549655,807.7539816549655,793.1941528320311,793.1941528320312,560300,0.0,0.0
2006-09-15 00:00:00+09:00,791.9280807604716,795.0932609393705,785.5977204026741,793.1941528320312,401400,0.0,0.0
2006-09-18 00:00:00+09:00,793.1941528320311,793.1941528320311,793.1941528320311,793.1941528320312,0,0.0,0.0
2006-09-19 00:00:00+09:00,796.3594137338491,801.4237025334285,786.8638722346378,790.029052734375,433600,0.0,0.0
2006-09-20 00:00:00+09:00,788.1298629895343,791.295043162183,778.6343224715881,789.3959350585938,475600,0.0,0.0
2006-09-21 00:00:00+09:00,778.6342194120763,791.2949384269068,767.8726082494703,784.33154296875,668500,0.0,0.0
2006-09-22 00:00:00+09:00,774.2031449451493,778.0013615188786,768.5058200845555,772.9370727539062,405400,0.0,0.0
2006-09-25 00:00:00+09:00,768.505835471692,769.1388715799883,737.4870661651739,756.4781494140625,962900,0.0,0.0
2006-09-26 00:00:00+09:00,765.4230773572976,779.4792607478323,759.6728205157153,773.72900390625,654100,11.0,0.0
2006-09-27 00:00:00+09:00,790.9797267193776,795.4521484375,786.5073050012551,795.4521484375,429100,0.0,0.0
2006-09-28 00:00:00+09:00,798.0078650729115,805.0359567589019,795.452195368915,801.8413696289062,312000,0.0,0.0
2006-09-29 00:00:00+09:00,811.4250555830039,824.8423202816205,805.6747992835968,808.23046875,471000,0.0,0.0
2006-10-02 00:00:00+09:00,819.7310489470008,821.6478012048659,805.0359483033678,805.6748657226562,467700,0.0,0.0
2006-10-03 00:00:00+09:00,768.6174579685438,792.2573964098041,768.6174579685438,786.5071411132812,656900,0.0,0.0
2006-10-04 00:00:00+09:00,785.2295104578922,791.61868466829,774.367914300216,776.923583984375,378500,0.0,0.0
2006-10-05 00:00:00+09:00,783.9516313993014,797.368896484375,779.4792097042769,797.368896484375,748700,0.0,0.0
2006-10-06 00:00:00+09:00,790.3407795058529,792.896448962622,777.5624322220073,780.7570190429688,288100,0.0,0.0
2006-10-09 00:00:00+09:00,780.7570190429686,780.7570190429686,780.7570190429686,780.7570190429688,0,0.0,0.0
2006-10-10 00:00:00+09:00,781.396001701574,792.2575978004512,775.645744943345,778.84033203125,350300,0.0,0.0
2006-10-11 00:00:00+09:00,776.2845301224013,778.2012820486294,752.005672390178,753.9224243164062,493000,0.0,0.0
2006-10-12 00:00:00+09:00,734.7548790011112,743.0608037202543,732.8381271428475,736.671630859375,901300,0.0,0.0
2006-10-13 00:00:00+09:00,737.9496374795604,749.4501513104107,733.4772154342297,741.7831420898438,720600,0.0,0.0
2006-10-16 00:00:00+09:00,744.338697293104,747.5332839767655,734.1160199053876,737.9495239257812,1019000,0.0,0.0
2006-10-17 00:00:00+09:00,738.5882998889172,750.7277269632159,729.6434588868023,748.1720581054688,838400,0.0,0.0
2006-10-18 00:00:00+09:00,744.3386583288008,758.3948390011043,739.2273199025086,757.1170043945312,667800,0.0,0.0
2006-10-19 00:00:00+09:00,773.0901136974361,773.0901136974361,757.1171774640179,761.589599609375,449400,0.0,0.0
2006-10-20 00:00:00+09:00,766.7010051448171,770.5345101705412,759.033995093369,759.6729125976562,320500,0.0,0.0
2006-10-23 00:00:00+09:00,753.9222869489339,768.6173823725148,753.9222869489339,762.2282104492188,393400,0.0,0.0
2006-10-24 00:00:00+09:00,775.0067391195888,776.9234911536851,760.9505575362163,762.8673095703125,456700,0.0,0.0
2006-10-25 00:00:00+09:00,760.3115948000939,761.5894294132032,753.2835044279922,755.2002563476562,392500,0.0,0.0
2006-10-26 00:00:00+09:00,760.3117065429686,763.5062935452501,752.0057803370371,760.3117065429688,350100,0.0,0.0
2006-10-27 00:00:00+09:00,764.1449884663883,764.1449884663883,746.8942236765953,748.1720581054688,433200,0.0,0.0
2006-10-30 00:00:00+09:00,735.3939264325755,741.7831004241705,727.0880002435022,732.8382568359375,657000,0.0,0.0
2006-10-31 00:00:00+09:00,745.616472864606,745.616472864606,728.3657061402321,736.671630859375,446800,0.0,0.0
2006-11-01 00:00:00+09:00,734.7549216197716,750.0889373753147,732.8381696503287,745.6165161132812,301400,0.0,0.0
2006-11-02 00:00:00+09:00,734.7547445919915,748.1720051454105,733.4769102535706,743.6995849609375,241200,0.0,0.0
2006-11-03 00:00:00+09:00,743.6995849609375,743.6995849609375,743.6995849609375,743.6995849609375,0,0.0,0.0
2006-11-06 00:00:00+09:00,737.9497174518865,762.2285826148058,737.3107999475991,759.6729125976562,604000,0.0,0.0
2006-11-07 00:00:00+09:00,766.7008311944327,766.7008311944327,752.6446492892014,754.5614013671875,303700,0.0,0.0
2006-11-08 00:00:00+09:00,749.4499688662776,754.5613071023647,738.5883751145924,740.505126953125,418900,0.0,0.0
2006-11-09 00:00:00+09:00,749.450214464911,762.2285642426589,737.949699664938,741.144287109375,380300,0.0,0.0
2006-11-10 00:00:00+09:00,752.6447384856468,753.9225733557413,741.7831420898438,741.7831420898438,345100,0.0,0.0
2006-11-13 00:00:00+09:00,742.4220108456083,743.6998456319174,725.8101586235895,736.0328369140625,445800,0.0,0.0
2006-11-14 00:00:00+09:00,757.7557901029115,764.7838792185372,748.810949410297,762.2282104492188,475500,0.0,0.0
2006-11-15 00:00:00+09:00,767.3399271715753,776.2847722843163,750.7280719621989,757.7561645507812,428600,0.0,0.0
2006-11-16 00:00:00+09:00,766.0617974983378,769.8953010721409,747.5331968916223,750.727783203125,418300,0.0,0.0
2006-11-17 00:00:00+09:00,741.1439492668903,741.7828664645342,723.254267732862,725.8099365234375,526600,0.0,0.0
2006-11-20 00:00:00+09:00,721.9764720529749,722.6153892848803,697.0587000086688,705.3646240234375,449100,0.0,0.0
2006-11-21 00:00:00+09:00,713.6706149569425,717.5041187078302,693.8641789106889,702.8090209960938,536900,0.0,0.0
2006-11-22 00:00:00+09:00,694.5031332108117,714.9484876383609,689.3917946039244,714.3095703125,366800,0.0,0.0
2006-11-23 00:00:00+09:00,714.3095703125,714.3095703125,714.3095703125,714.3095703125,0,0.0,0.0
2006-11-24 00:00:00+09:00,716.8652435713284,722.6154995358044,711.7539049362388,712.392822265625,349700,0.0,0.0
2006-11-27 00:00:00+09:00,712.3929260470343,721.9766873839899,709.8372563571794,720.6988525390625,240200,0.0,0.0
2006-11-28 00:00:00+09:00,716.22624245599,727.7267530395831,708.5592354002613,723.8932495117188,322300,0.0,0.0
2006-11-29 00:00:00+09:00,718.7819114745663,723.8932495117188,714.3094906920578,723.8932495117188,539800,0.0,0.0
2006-11-30 00:00:00+09:00,730.2823011970014,730.9212183459052,710.4758695809847,722.6152954101562,545700,0.0,0.0
2006-12-01 00:00:00+09:00,726.4490897317276,732.1993463786805,722.6155853004256,729.6436767578125,440600,0.0,0.0
2006-12-04 00:00:00+09:00,734.116132869277,744.3388118300328,723.2545364734739,741.7831420898438,512100,0.0,0.0
2006-12-05 00:00:00+09:00,742.4221017790346,745.6166891360872,720.6989077510766,723.2545776367188,745000,0.0,0.0
2006-12-06 00:00:00+09:00,736.0327059965488,743.0607960711686,727.7267813629072,740.505126953125,604800,0.0,0.0
2006-12-07 00:00:00+09:00,744.3385548188481,750.7277269632159,738.5882998889172,748.1720581054688,526900,0.0,0.0
2006-12-08 00:00:00+09:00,752.0055613920895,757.1168991075838,743.6996376044114,748.1720581054688,585900,0.0,0.0
2006-12-11 00:00:00+09:00,760.3118301019437,762.2285826148058,754.5615725633576,759.6729125976562,331000,0.0,0.0
2006-12-12 00:00:00+09:00,766.0618466405426,766.7007639438292,755.2002524846718,757.1170043945312,309900,0.0,0.0
2006-12-13 00:00:00+09:00,757.1170708045022,757.1170708045022,750.0889798518866,754.5614013671875,320800,0.0,0.0
2006-12-14 00:00:00+09:00,752.6445922851562,755.839178839847,746.2554191757746,752.6445922851562,480800,0.0,0.0
2006-12-15 00:00:00+09:00,765.4227846927279,773.0897908833061,760.3114472323424,768.6173706054688,609100,0.0,0.0
2006-12-18 00:00:00+09:00,774.3679031671263,785.8684165804995,773.0900683434181,782.034912109375,493100,0.0,0.0
2006-12-19 00:00:00+09:00,778.8400467096669,779.4789638931859,765.4227858557678,767.9784545898438,410900,0.0,0.0
2006-12-20 00:00:00+09:00,775.0065774473852,782.673583984375,772.450908601722,782.673583984375,231700,0.0,0.0
2006-12-21 00:00:00+09:00,783.3124424083645,785.2291938987602,778.8400222641079,781.3956909179688,222000,0.0,0.0
2006-12-22 00:00:00+09:00,783.3125876272368,783.3125876272368,767.9785728612876,769.8953247070312,276200,0.0,0.0
2006-12-25 00:00:00+09:00,766.70057167034,768.6173230995158,753.2833116661091,760.9503173828125,388100,0.0,0.0
2006-12-26 00:00:00+09:00,760.9504740497853,775.0066540910072,755.8391358529774,774.3677368164062,333200,0.0,0.0
2006-12-27 00:00:00+09:00,774.3677343026025,778.8401552102907,769.2563961223872,775.6455688476562,165200,0.0,0.0
2006-12-28 00:00:00+09:00,780.1183151761115,795.4523361132341,775.6458924027842,793.5355834960938,554300,0.0,0.0
2006-12-29 00:00:00+09:00,801.8412594619188,814.6196062262521,792.2574993886686,796.0910034179688,388300,0.0,0.0
2007-01-04 00:00:00+09:00,792.2575711202544,798.0078276848369,782.6738101792836,790.979736328125,281100,0.0,0.0
2007-01-05 00:00:00+09:00,796.0911383663539,803.7581477246173,789.0630464546124,790.3408813476562,430300,0.0,0.0
2007-01-09 00:00:00+09:00,790.340617722544,804.396796857464,787.1460315555167,800.5632934570312,325400,0.0,0.0
2007-01-10 00:00:00+09:00,796.0909578147159,797.3687924179497,782.034777179143,788.4239501953125,454000,0.0,0.0
2007-01-11 00:00:00+09:00,782.6740189849353,791.6188649161917,776.2848433197522,779.4794311523438,325100,0.0,0.0
2007-01-12 00:00:00+09:00,791.6186441076808,800.5634875439257,788.4240571661646,795.4521484375,294500,0.0,0.0
2007-01-15 00:00:00+09:00,799.2854950358712,813.3416748046875,799.2854950358712,813.3416748046875,286400,0.0,0.0
2007-01-16 00:00:00+09:00,811.4251126551102,813.3418648897285,803.7581037166367,810.1472778320312,277800,0.0,0.0
2007-01-17 00:00:00+09:00,812.7026264271077,818.452880859375,802.4799518808547,818.452880859375,312200,0.0,0.0
2007-01-18 00:00:00+09:00,811.4250008719308,817.8141741071429,800.5634063720703,805.0358276367188,623700,0.0,0.0
2007-01-19 00:00:00+09:00,812.0638960656844,817.8141518206735,806.3136403106953,815.8973999023438,363100,0.0,0.0
2007-01-22 00:00:00+09:00,827.3978920101013,829.9535611746112,819.7308845165713,825.4811401367188,257100,0.0,0.0
2007-01-23 00:00:00+09:00,816.5363069408135,824.8422318157983,810.147133960056,821.0087280273438,279100,0.0,0.0
2007-01-24 00:00:00+09:00,828.6757421016692,828.6757421016692,817.1752306461334,817.8141479492188,240200,0.0,0.0
2007-01-25 00:00:00+09:00,824.2034029150196,824.2034029150196,806.3137166501975,808.23046875,334500,0.0,0.0
2007-01-26 00:00:00+09:00,812.7028768382353,815.8974636182598,805.6747859221814,814.61962890625,216300,0.0,0.0
2007-01-29 00:00:00+09:00,805.6747992835968,814.6196424160079,801.841295083992,808.23046875,271300,0.0,0.0
2007-01-30 00:00:00+09:00,807.5913756887908,815.2583824200134,804.3967895507812,804.3967895507812,146700,0.0,0.0
2007-01-31 00:00:00+09:00,811.4249982395565,816.5363368111442,802.480155739278,806.3136596679688,308700,0.0,0.0
2007-02-01 00:00:00+09:00,798.646774110484,806.952700561233,788.4240954018697,805.6748657226562,418400,0.0,0.0
2007-02-02 00:00:00+09:00,808.230364581454,835.0648905201267,808.230364581454,829.9535522460938,850300,0.0,0.0
2007-02-05 00:00:00+09:00,859.9828921201653,907.2627836631759,854.2326350406099,895.1233520507812,1949100,0.0,0.0
2007-02-06 00:00:00+09:00,891.9284570590722,916.8462291402354,882.3446985663172,897.039794921875,1249900,0.0,0.0
2007-02-07 00:00:00+09:00,889.3729885622752,894.4843275770008,880.4281452865051,888.0951538085938,945600,0.0,0.0
2007-02-08 00:00:00+09:00,879.1501048368567,883.6225254283232,867.0106775171618,868.9274291992188,491400,0.0,0.0
2007-02-09 00:00:00+09:00,862.5384320269574,877.8724485963255,859.9827625987293,872.1221923828125,548000,0.0,0.0
2007-02-13 00:00:00+09:00,866.3717423650569,881.0668382901279,866.3717423650569,878.5111694335938,441200,0.0,0.0
2007-02-14 00:00:00+09:00,874.6777889690371,887.4561350460135,872.7610370574906,877.8723754882812,292300,0.0,0.0
2007-02-15 00:00:00+09:00,887.456236431753,891.2897406927973,881.7059800401865,888.0951538085938,411700,0.0,0.0
2007-02-16 00:00:00+09:00,888.0951981265603,897.6789592574224,884.9006110829395,895.76220703125,585500,0.0,0.0
2007-02-19 00:00:00+09:00,893.8450460502768,893.8450460502768,882.3445379524176,885.5391235351562,280100,0.0,0.0
2007-02-20 00:00:00+09:00,881.7058793113741,885.539383134467,869.5664505382465,877.8723754882812,248300,0.0,0.0
2007-02-21 00:00:00+09:00,884.9003857035187,895.1230616394439,884.9003857035187,887.4560546875,546200,0.0,0.0
2007-02-22 00:00:00+09:00,897.6787744958488,900.2344436047338,890.6506844464151,896.4009399414062,406800,0.0,0.0
2007-02-23 00:00:00+09:00,894.4841357561784,902.1511426340885,890.6506323172233,891.928466796875,540600,0.0,0.0
2007-02-26 00:00:00+09:00,892.5676339686602,895.1233036435883,886.1784597813398,889.373046875,487600,0.0,0.0
2007-02-27 00:00:00+09:00,897.0399970843638,897.6789144612045,882.9838147938681,888.0951538085938,322300,0.0,0.0
2007-02-28 00:00:00+09:00,824.2033502563205,866.3718937578067,824.2033502563205,863.1773071289062,504500,0.0,0.0
2007-03-01 00:00:00+09:00,851.6767539749603,870.205355524303,844.6486637321061,853.593505859375,490900,0.0,0.0
2007-03-02 00:00:00+09:00,844.6485655950432,854.2323239036103,836.3426417276185,841.4539794921875,440000,0.0,0.0
2007-03-05 00:00:00+09:00,824.2035200464443,831.8705295352485,811.4251708984375,811.4251708984375,769700,0.0,0.0
2007-03-06 00:00:00+09:00,810.7861596509883,828.6758463887563,810.7861596509883,826.7590942382812,529300,0.0,0.0
2007-03-07 00:00:00+09:00,847.8432375021819,849.7599893578763,826.7589670895428,829.3146362304688,876300,0.0,0.0
2007-03-08 00:00:00+09:00,835.0647513279911,840.8150059278013,827.3977451949108,838.8982543945312,595800,0.0,0.0
2007-03-09 00:00:00+09:00,851.676699253601,863.8161270749201,849.7599474923401,850.3988647460938,702500,0.0,0.0
2007-03-12 00:00:00+09:00,863.1772135998829,865.7328826260854,840.8151096206113,848.4821166992188,412900,0.0,0.0
2007-03-13 00:00:00+09:00,846.5654466210342,852.9546198030797,834.4260175751476,838.259521484375,717000,0.0,0.0
2007-03-14 00:00:00+09:00,813.3416161705997,829.3145465745785,809.5081128736447,812.0637817382812,583700,0.0,0.0
2007-03-15 00:00:00+09:00,824.8420868387982,838.2593477401265,819.730749352578,833.1480102539062,523100,0.0,0.0
2007-03-16 00:00:00+09:00,842.7321369975006,845.2878068595097,833.7872924804688,833.7872924804688,570900,0.0,0.0
2007-03-19 00:00:00+09:00,821.0086249149207,845.926396410393,821.0086249149207,843.3707275390625,420300,0.0,0.0
2007-03-20 00:00:00+09:00,844.0097912072429,865.7329803829024,842.0930392211552,861.2605590820312,431300,0.0,0.0
2007-03-22 00:00:00+09:00,874.0389539131536,874.6778712771252,856.1492677219487,867.6497802734375,568300,0.0,0.0
2007-03-23 00:00:00+09:00,862.5382751691741,866.3717786143703,851.037764833585,859.3436889648438,429100,0.0,0.0
2007-03-26 00:00:00+09:00,871.4831190300982,871.4831190300982,847.8431810505427,858.0658569335938,455200,0.0,0.0
2007-03-27 00:00:00+09:00,855.489131875707,865.1520362267128,850.9797765119043,854.2007446289062,413500,11.0,0.0
2007-03-28 00:00:00+09:00,846.4704211481017,858.7100999927089,840.6726785374982,854.2007446289062,463100,0.0,0.0
2007-03-29 00:00:00+09:00,828.4329783197321,869.6613691536845,828.4329783197321,867.0845947265625,794200,0.0,0.0
2007-03-30 00:00:00+09:00,861.2869428054877,883.8337214129612,852.9124250369974,877.3917846679688,640400,0.0,0.0
2007-04-02 00:00:00+09:00,876.1034058166229,883.1895363048455,858.71017643644,859.3543701171875,702000,0.0,0.0
2007-04-03 00:00:00+09:00,869.6615852067093,880.6128792426457,856.1335161034939,867.72900390625,655000,0.0,0.0
2007-04-04 00:00:00+09:00,876.1034048144675,885.1221163346164,870.9498553743823,879.9685668945312,398500,0.0,0.0
2007-04-05 00:00:00+09:00,870.305747167615,891.5641406957654,869.6615534243377,888.9873657226562,599400,0.0,0.0
2007-04-06 00:00:00+09:00,887.6986694335938,894.1406046254195,883.1893147993158,887.6986694335938,290000,0.0,0.0
2007-04-09 00:00:00+09:00,901.8713091374466,907.6690532676158,894.7851774227952,902.5155029296875,487700,0.0,0.0
2007-04-10 00:00:00+09:00,905.0920097290654,905.0920097290654,886.4103952933765,894.784912109375,427400,0.0,0.0
2007-04-11 00:00:00+09:00,889.6312258919878,901.870902424897,889.6312258919878,899.2941284179688,376700,0.0,0.0
2007-04-12 00:00:00+09:00,887.054622602983,892.2081716086649,878.0359118430398,885.7662353515625,434900,0.0,0.0
2007-04-13 00:00:00+09:00,885.1221591645638,888.9873214316578,871.5940912297342,873.5266723632812,487600,0.0,0.0
2007-04-16 00:00:00+09:00,886.4106086125273,890.919964906341,876.1035085123816,884.47802734375,504500,0.0,0.0
2007-04-17 00:00:00+09:00,890.2755923102884,894.7849476982566,868.3730089973001,876.1033325195312,351200,0.0,0.0
2007-04-18 00:00:00+09:00,888.9871685321515,907.6687829433343,884.4778133294521,904.4478149414062,779100,0.0,0.0
2007-04-19 00:00:00+09:00,892.852311652324,893.4965052393748,878.035859150157,888.3429565429688,632900,0.0,0.0
2007-04-20 00:00:00+09:00,887.0545495578718,893.4964852845085,877.3916459679168,881.9010009765625,334000,0.0,0.0
2007-04-23 00:00:00+09:00,882.5452703880112,889.631400296236,858.7101061512546,866.4404296875,503100,0.0,0.0
2007-04-24 00:00:00+09:00,853.5567303331371,868.3731867842029,836.8076926058453,841.9612426757812,835900,0.0,0.0
2007-04-25 00:00:00+09:00,841.3169580721097,845.8263138963861,825.8563095317342,831.654052734375,580400,0.0,0.0
2007-04-26 00:00:00+09:00,857.4217762543353,858.0659699254505,841.9611281475704,844.5379028320312,779200,0.0,0.0
2007-04-27 00:00:00+09:00,856.1335271064578,861.9312710823481,843.2496516044795,849.6915893554688,550600,0.0,0.0
2007-05-01 00:00:00+09:00,856.1333541697376,860.6427096845518,844.5378685602152,853.5565795898438,395100,0.0,0.0
2007-05-02 00:00:00+09:00,863.8638448637446,876.1035264837379,862.5754573247979,869.0173950195312,628800,0.0,0.0
2007-05-07 00:00:00+09:00,889.6313437170703,890.275537304121,884.4777950206644,888.3429565429688,628600,0.0,0.0
2007-05-08 00:00:00+09:00,873.5266226209733,878.6801720169672,870.305654248477,877.3917846679688,302300,0.0,0.0
2007-05-09 00:00:00+09:00,870.9499011931608,880.6128069016648,867.7289326236595,874.8150634765625,325500,0.0,0.0
2007-05-10 00:00:00+09:00,873.5267656926469,878.6803159327214,871.5941843526189,874.1709594726562,565600,0.0,0.0
2007-05-11 00:00:00+09:00,863.2195971825879,867.728953287273,854.8450787024583,860.642822265625,365000,0.0,0.0
2007-05-14 00:00:00+09:00,873.5265149856361,877.3916765563691,851.623932751483,861.9310302734375,577200,0.0,0.0
2007-05-15 00:00:00+09:00,840.0285471342248,853.5566142276441,837.451772449764,844.5379028320312,551200,0.0,0.0
2007-05-16 00:00:00+09:00,843.8938239520072,855.4893116093631,839.3844676408133,841.9612426757812,688300,0.0,0.0
2007-05-17 00:00:00+09:00,838.0961280068861,838.7403218024333,814.2609575716403,814.9051513671875,1123000,0.0,0.0
2007-05-18 00:00:00+09:00,811.68408203125,817.4818254743304,802.6653700086806,811.68408203125,615700,0.0,0.0
2007-05-21 00:00:00+09:00,822.6351522769568,822.6351522769568,809.7512814503795,819.4141845703125,378900,0.0,0.0
2007-05-22 00:00:00+09:00,808.4631847164543,829.0773854422922,800.7328594442652,826.5006103515625,614700,0.0,0.0
2007-05-23 00:00:00+09:00,830.3657477632465,834.8751040350407,825.2121977383389,828.4331665039062,311100,0.0,0.0
2007-05-24 00:00:00+09:00,841.9608438442167,845.8260045657662,831.6537485867511,841.316650390625,468200,0.0,0.0
2007-05-25 00:00:00+09:00,832.9424038525694,833.5865975137083,818.1259496463751,829.721435546875,411200,0.0,0.0
2007-05-28 00:00:00+09:00,828.4329654798596,843.2494182061712,828.4329654798596,842.605224609375,834800,0.0,0.0
2007-05-29 00:00:00+09:00,841.9612640542817,852.9125582309632,833.5867449779959,849.6915893554688,473100,0.0,0.0
2007-05-30 00:00:00+09:00,830.3655950543335,840.6726932086153,827.7888205157631,838.7401123046875,587500,0.0,0.0
2007-05-31 00:00:00+09:00,838.0958733245616,846.4703901218094,833.5865181260436,843.8936157226562,470100,0.0,0.0
2007-06-01 00:00:00+09:00,832.9425588153516,837.4519152822561,828.4332023484471,830.3657836914062,660100,0.0,0.0
2007-06-04 00:00:00+09:00,827.7889043418182,827.7889043418182,820.7027736431723,825.8563232421875,495600,0.0,0.0
2007-06-05 00:00:00+09:00,821.9909302600969,841.3167358304753,821.9909302600969,839.3841552734375,528000,0.0,0.0
2007-06-06 00:00:00+09:00,837.4518863645874,847.7589865044591,836.1634988471034,841.9612426757812,540500,0.0,0.0
2007-06-07 00:00:00+09:00,831.0098320222976,843.24951171875,827.7888636811259,843.24951171875,430700,0.0,0.0
2007-06-08 00:00:00+09:00,838.0959396421127,838.0959396421127,831.0098094837244,835.5191650390625,737200,0.0,0.0
2007-06-11 00:00:00+09:00,834.8750211802866,843.2495391396567,830.3656653560104,831.654052734375,516900,0.0,0.0
2007-06-12 00:00:00+09:00,827.7888893594547,829.0772767358897,810.3956597775829,820.7027587890625,403400,0.0,0.0
2007-06-13 00:00:00+09:00,804.5978146879056,809.107169934355,801.3768466547274,806.5303955078125,629200,0.0,0.0
2007-06-14 00:00:00+09:00,813.6167637760932,819.4145079360178,811.0399885939045,814.9051513671875,330100,0.0,0.0
2007-06-15 00:00:00+09:00,826.500617465217,830.3657801345789,822.6354547958551,829.077392578125,335800,0.0,0.0
2007-06-18 00:00:00+09:00,835.519201190655,839.38436326247,832.9424264761118,837.4517822265625,310500,0.0,0.0
2007-06-19 00:00:00+09:00,829.0772418857362,832.2982101914305,821.9911116132084,829.721435546875,380400,0.0,0.0
2007-06-20 00:00:00+09:00,824.567886257764,836.1633721582638,821.3469179520696,829.721435546875,433800,0.0,0.0
2007-06-21 00:00:00+09:00,812.3281483017172,825.2120205983343,812.3281483017172,820.0584716796875,869100,0.0,0.0
2007-06-22 00:00:00+09:00,821.3470062496156,821.3470062496156,813.6166814849133,818.1260375976562,621600,0.0,0.0
2007-06-25 00:00:00+09:00,830.365772987657,836.163516941799,818.1260913066908,826.5006103515625,637100,0.0,0.0
2007-06-26 00:00:00+09:00,823.9238423523091,829.721586356352,822.6354547958551,829.077392578125,278700,0.0,0.0
2007-06-27 00:00:00+09:00,821.3467530164672,821.9909465482449,814.9048176986911,815.5490112304688,365300,0.0,0.0
2007-06-28 00:00:00+09:00,824.5678900193798,833.5866013164667,814.9049850582152,831.0098266601562,349400,0.0,0.0
2007-06-29 00:00:00+09:00,831.654025690532,849.0472547328591,828.4330573493602,843.24951171875,665700,0.0,0.0
2007-07-02 00:00:00+09:00,856.7775191225078,861.2868744863105,850.9797765119043,854.2007446289062,501400,0.0,0.0
2007-07-03 00:00:00+09:00,841.3169741181255,851.6240733416247,841.3169741181255,847.7589111328125,282300,0.0,0.0
2007-07-04 00:00:00+09:00,845.8261479488434,845.8261479488434,836.807438069724,838.0958251953125,406500,0.0,0.0
2007-07-05 00:00:00+09:00,840.6726932086153,843.8936613818285,836.8075314007597,838.7401123046875,279800,0.0,0.0
2007-07-06 00:00:00+09:00,837.4520195855035,837.4520195855035,819.4145914713542,834.875244140625,598300,0.0,0.0
2007-07-09 00:00:00+09:00,835.5192590749762,853.556683326402,832.9424841819153,847.11474609375,507400,0.0,0.0
2007-07-10 00:00:00+09:00,849.0474243164061,850.3358119102095,832.2983855969627,849.0474243164062,973400,0.0,0.0
2007-07-11 00:00:00+09:00,849.6914621206431,849.6914621206431,827.7888770470253,837.4517822265625,658600,0.0,0.0
2007-07-12 00:00:00+09:00,827.1447106419413,831.0098728412028,821.3469673430492,825.8563232421875,595400,0.0,0.0
2007-07-13 00:00:00+09:00,838.7402665537215,840.0286540599484,823.923810232112,828.4331665039062,656100,0.0,0.0
2007-07-17 00:00:00+09:00,847.7587851607092,848.4029787664545,846.4703979492188,846.4703979492188,598700,0.0,0.0
2007-07-18 00:00:00+09:00,843.249583098848,843.8937768216126,827.7889337524979,836.1634521484375,441200,0.0,0.0
2007-07-19 00:00:00+09:00,839.3844207622604,840.6728082077897,834.8750647029083,836.1634521484375,489300,0.0,0.0
2007-07-20 00:00:00+09:00,837.4518034356902,837.4518034356902,831.6540601811354,834.2308349609375,471100,0.0,0.0
2007-07-23 00:00:00+09:00,820.7027339352793,823.2795086101153,818.1259592604432,822.6353149414062,344000,0.0,0.0
2007-07-24 00:00:00+09:00,823.2796199627508,825.8563949861084,815.549294892678,818.770263671875,471300,0.0,0.0
2007-07-25 00:00:00+09:00,807.1747296751962,814.2608605821613,805.2421485187513,812.9724731445312,655500,0.0,0.0
2007-07-26 00:00:00+09:00,805.8861169682716,806.5303105070152,787.2045043447066,789.1370849609375,719000,0.0,0.0
2007-07-27 00:00:00+09:00,784.627943621084,785.2721373350587,769.1672944856932,778.8302001953125,420800,0.0,0.0
2007-07-30 00:00:00+09:00,761.4370050713567,782.0512048702428,760.7928113276415,780.7628173828125,326700,0.0,0.0
2007-07-31 00:00:00+09:00,777.5417915859568,786.5605033359183,775.6092104966795,782.0511474609375,307000,0.0,0.0
2007-08-01 00:00:00+09:00,780.7626667321466,794.2907327398818,778.1858922544827,781.4068603515625,770700,0.0,0.0
2007-08-02 00:00:00+09:00,794.2908062328561,794.2908062328561,773.032414825164,785.2720947265625,872200,0.0,0.0
2007-08-03 00:00:00+09:00,773.676489085454,775.6090698242188,768.5229404487483,775.6090698242188,672800,0.0,0.0
2007-08-06 00:00:00+09:00,762.081057027181,775.6091231282553,762.081057027181,773.0323486328125,528700,0.0,0.0
2007-08-07 00:00:00+09:00,762.0810756197608,764.6578501780693,757.5717201427208,758.860107421875,568700,0.0,0.0
2007-08-08 00:00:00+09:00,771.7440863371901,771.7440863371901,760.1485992302875,763.3695678710938,1109800,0.0,0.0
2007-08-09 00:00:00+09:00,744.0437372237291,761.4369674445435,738.8901875286729,745.976318359375,1614900,0.0,0.0
2007-08-10 00:00:00+09:00,724.7178383178169,735.6691300968417,722.1410637815758,726.0062255859375,1016200,0.0,0.0
2007-08-13 00:00:00+09:00,747.90876030001,751.1297282599584,741.4668243801133,750.4855346679688,1062400,0.0,0.0
2007-08-14 00:00:00+09:00,731.8038815161026,739.5342042081742,729.8713008430848,737.6016235351562,671300,0.0,0.0
2007-08-15 00:00:00+09:00,727.9388064881184,735.6691300968417,723.4294510496964,726.0062255859375,658400,0.0,0.0
2007-08-16 00:00:00+09:00,715.0549147015932,723.429431720621,709.9013657668071,719.5642700195312,685400,0.0,0.0
2007-08-17 00:00:00+09:00,718.9202079203592,720.2085953897505,688.643102389663,690.57568359375,564700,0.0,0.0
2007-08-20 00:00:00+09:00,694.440702390538,701.526832006768,691.2197343831607,693.7965087890625,329800,0.0,0.0
2007-08-21 00:00:00+09:00,704.747802734375,716.3432876056902,703.4594155264512,704.747802734375,536100,0.0,0.0
2007-08-22 00:00:00+09:00,707.3246097094392,708.6129969766696,702.171060640518,705.3920288085938,248300,0.0,0.0
2007-08-23 00:00:00+09:00,717.6316814028455,721.4968430621069,708.6129708645692,716.9874877929688,370800,0.0,0.0
2007-08-24 00:00:00+09:00,717.631595844009,721.4967570424507,711.1896605132729,718.9199829101562,218500,0.0,0.0
2007-08-27 00:00:00+09:00,720.208520945733,724.0736829543863,716.3433589370796,718.2759399414062,288000,0.0,0.0
2007-08-28 00:00:00+09:00,715.6990030924479,717.6315836588542,713.7664225260417,715.0548095703125,187300,0.0,0.0
2007-08-29 00:00:00+09:00,696.3733707920986,702.8153076171875,694.440789744572,702.8153076171875,291500,0.0,0.0
2007-08-30 00:00:00+09:00,711.1899090902652,711.1899090902652,704.1037777496919,710.5457153320312,219800,0.0,0.0
2007-08-31 00:00:00+09:00,726.0064947720232,748.5532803239494,723.4297192803746,747.264892578125,609200,0.0,0.0
2007-09-03 00:00:00+09:00,747.9087692604528,749.1971564598679,741.4668332633773,743.3994140625,215600,0.0,0.0
2007-09-04 00:00:00+09:00,743.3995398287129,746.6205083721649,738.2459901591898,744.6879272460938,221000,0.0,0.0
2007-09-05 00:00:00+09:00,742.1109871031746,744.0435677987558,727.9387286689126,730.5155029296875,536100,0.0,0.0
2007-09-06 00:00:00+09:00,727.9387201700669,737.6016235351562,727.9387201700669,737.6016235351562,416000,0.0,0.0
2007-09-07 00:00:00+09:00,738.2459617621341,747.2646733368896,734.3807996586675,745.3320922851562,341000,0.0,0.0
2007-09-10 00:00:00+09:00,736.9576055474912,740.1785741032057,729.8714747249192,735.0250244140625,406000,0.0,0.0
2007-09-11 00:00:00+09:00,728.5829137277395,739.5342042081742,720.852591035668,737.6016235351562,390800,0.0,0.0
2007-09-12 00:00:00+09:00,728.5828407803465,729.227034273521,720.2083253690781,724.073486328125,670100,0.0,0.0
2007-09-13 00:00:00+09:00,728.583162179684,730.5157435117256,727.9389684023369,729.2273559570312,328800,0.0,0.0
2007-09-14 00:00:00+09:00,740.1785377006329,742.7553124184767,730.5156325087187,733.0924072265625,561500,0.0,0.0
2007-09-18 00:00:00+09:00,725.3619384765625,733.7364546401462,724.0735513744727,725.3619384765625,417300,0.0,0.0
2007-09-19 00:00:00+09:00,739.5343491299564,745.9762859690674,739.5343491299564,745.3320922851562,294600,0.0,0.0
2007-09-20 00:00:00+09:00,751.129743883372,758.2158735426491,749.1971630672056,755.6390991210938,457300,0.0,0.0
2007-09-21 00:00:00+09:00,739.5344628488916,756.2835012060965,739.5344628488916,753.7067260742188,387700,0.0,0.0
2007-09-25 00:00:00+09:00,754.3570382254464,771.2650408063616,751.7558070591517,764.761962890625,586600,11.0,0.0
2007-09-26 00:00:00+09:00,782.9705418503631,784.921465127399,775.1668487422199,783.620849609375,311300,0.0,0.0
2007-09-27 00:00:00+09:00,782.3201904296875,783.6208058751233,769.9643436980465,782.3201904296875,505900,0.0,0.0
2007-09-28 00:00:00+09:00,782.9705418503631,787.5226961634467,773.2159254651842,783.620849609375,664500,0.0,0.0
2007-10-01 00:00:00+09:00,777.7681751616492,785.5718692268163,771.915404612774,781.0197143554688,409800,0.0,0.0
2007-10-02 00:00:00+09:00,785.5715771887913,795.3261911439502,779.718808815696,786.8721923828125,373500,0.0,0.0
2007-10-03 00:00:00+09:00,789.4735030503593,795.3262720186075,778.4182727770018,794.6759643554688,291400,0.0,0.0
2007-10-04 00:00:00+09:00,784.9214606515184,786.8723839174293,771.9153055454451,781.669921875,288000,0.0,0.0
2007-10-05 00:00:00+09:00,769.3140740185877,773.8662283027213,768.6637662637114,772.5656127929688,435400,0.0,0.0
2007-10-09 00:00:00+09:00,775.1668264180673,778.4183651194853,765.412210313813,773.8662109375,422800,0.0,0.0
2007-10-10 00:00:00+09:00,786.8723165133835,786.8723165133835,766.7127778258505,770.6146240234375,356400,0.0,0.0
2007-10-11 00:00:00+09:00,769.9641948605372,786.8721923828125,769.3138872635266,786.8721923828125,522300,0.0,0.0
2007-10-12 00:00:00+09:00,776.4674245335111,776.4674245335111,775.1668090820312,775.1668090820312,522300,0.0,0.0
2007-10-15 00:00:00+09:00,782.3200634765625,786.2219091796875,770.6145263671874,780.369140625,204200,0.0,0.0
2007-10-16 00:00:00+09:00,771.9153050380926,772.5656127929689,771.9153050380926,772.5656127929688,204200,0.0,0.0
2007-10-17 00:00:00+09:00,774.5165104173459,779.0686645507811,774.5165104173459,779.0686645507812,204200,0.0,0.0
2007-10-18 00:00:00+09:00,776.4674642602438,783.620849609375,776.4674642602438,783.620849609375,204200,0.0,0.0
2007-10-19 00:00:00+09:00,758.2588327486221,759.5594482421875,758.2588327486221,759.5594482421875,204200,0.0,0.0
2007-10-22 00:00:00+09:00,738.0992010726862,747.8538160648363,735.4979704081129,745.9028930664062,185500,0.0,0.0
2007-10-23 00:00:00+09:00,752.4059496123216,754.3568725585938,752.4059496123216,754.3568725585938,185500,0.0,0.0
2007-10-24 00:00:00+09:00,753.7068013509114,753.7068013509114,741.3509521484375,741.3509521484375,185500,0.0,0.0
2007-10-25 00:00:00+09:00,749.154431397123,749.154431397123,745.9028930664062,745.9028930664062,185500,0.0,0.0
2007-10-26 00:00:00+09:00,745.902975200135,745.902975200135,737.4489746093749,737.448974609375,185500,0.0,0.0
2007-10-29 00:00:00+09:00,742.6513452554982,747.2034988603917,738.7494993084465,742.0010375976562,220600,0.0,0.0
2007-10-30 00:00:00+09:00,738.7496776648688,738.7496776648688,730.9459838867188,730.9459838867188,220600,0.0,0.0
2007-10-31 00:00:00+09:00,731.5961075825106,747.853798862122,729.6451846289573,747.2034912109375,405200,0.0,0.0
2007-11-01 00:00:00+09:00,747.2034988603917,747.2034988603917,742.0010375976562,742.0010375976562,405200,0.0,0.0
2007-11-02 00:00:00+09:00,730.9459795854009,730.9459795854009,728.9950561523438,728.9950561523438,405200,0.0,0.0
2007-11-05 00:00:00+09:00,725.0930912602055,726.3937066705377,716.6390910930462,721.841552734375,354900,0.0,0.0
2007-11-06 00:00:00+09:00,728.9950561523438,728.9950561523438,728.9950561523438,728.9950561523438,354900,0.0,0.0
2007-11-07 00:00:00+09:00,731.596186836773,731.596186836773,729.645263671875,729.645263671875,354900,0.0,0.0
2007-11-08 00:00:00+09:00,727.6943661257518,727.6943661257518,723.1422119140625,723.1422119140625,354900,0.0,0.0
2007-11-09 00:00:00+09:00,723.1422955069124,723.1422955069124,705.583984375,705.583984375,354900,0.0,0.0
2007-11-12 00:00:00+09:00,705.5838118619364,705.5838118619364,693.2279663085938,693.2279663085938,354900,0.0,0.0
2007-11-13 00:00:00+09:00,673.0684423262549,681.5224420849421,669.8169039575289,673.71875,395400,0.0,0.0
2007-11-14 00:00:00+09:00,673.718781132026,678.2709350585938,673.718781132026,678.2709350585938,395400,0.0,0.0
2007-11-15 00:00:00+09:00,678.9211336023667,707.53466796875,678.9211336023667,707.53466796875,395400,0.0,0.0
2007-11-16 00:00:00+09:00,699.0807806498021,703.6329345703125,699.0807806498021,703.6329345703125,395400,0.0,0.0
2007-11-19 00:00:00+09:00,691.9272681007923,692.5775756835938,691.9272681007923,692.5775756835938,395400,0.0,0.0
2007-11-20 00:00:00+09:00,675.019529554579,702.3324584960938,675.019529554579,702.3324584960938,395400,0.0,0.0
2007-11-21 00:00:00+09:00,702.9827693523747,722.4920043945312,702.9827693523747,722.4920043945312,395400,0.0,0.0
2007-11-22 00:00:00+09:00,720.5408422720069,724.4426879882812,720.5408422720069,724.4426879882812,395400,0.0,0.0
2007-11-26 00:00:00+09:00,725.7433225587672,740.7003982028996,724.4427072853645,732.2463989257812,439300,0.0,0.0
2007-11-27 00:00:00+09:00,732.2463420923206,732.2463420923206,717.9395751953125,717.9395751953125,395400,0.0,0.0
2007-11-28 00:00:00+09:00,718.5899024881343,725.7432861328125,718.5899024881343,725.7432861328125,395400,0.0,0.0
2007-11-29 00:00:00+09:00,746.5531493928881,749.8046875,746.5531493928881,749.8046875,395400,0.0,0.0
2007-11-30 00:00:00+09:00,749.4297722983607,762.8108520507812,749.4297722983607,762.8108520507812,395400,0.0,0.0
2007-12-03 00:00:00+09:00,762.8109914778034,762.8109914778034,761.5103759765625,761.5103759765625,395400,0.0,0.0
2007-12-04 00:00:00+09:00,747.8538083823728,753.0562696580763,747.8538083823728,751.1053466796875,395400,0.0,0.0
2007-12-05 00:00:00+09:00,751.1053371180442,751.1053371180442,747.2034912109375,747.2034912109375,395400,0.0,0.0
2007-12-06 00:00:00+09:00,745.2525767180879,767.363037109375,745.2525767180879,767.363037109375,395400,0.0,0.0
2007-12-07 00:00:00+09:00,767.363034239544,774.5164184570312,767.363034239544,774.5164184570312,395400,0.0,0.0
2007-12-10 00:00:00+09:00,777.7680923436183,777.7680923436183,771.2650146484375,771.2650146484375,395400,0.0,0.0
2007-12-11 00:00:00+09:00,775.1668090820312,775.1668090820312,775.1668090820312,775.1668090820312,395400,0.0,0.0
2007-12-12 00:00:00+09:00,760.8599605237023,767.363037109375,760.8599605237023,767.363037109375,395400,0.0,0.0
2007-12-13 00:00:00+09:00,769.9643231405846,769.9643231405846,756.307861328125,756.307861328125,395400,0.0,0.0
2007-12-14 00:00:00+09:00,760.8599490461679,760.8599490461679,754.3568725585938,754.3568725585938,395400,0.0,0.0
2007-12-17 00:00:00+09:00,752.4060349262936,752.4060349262936,738.7495727539062,738.7495727539062,395400,0.0,0.0
2007-12-18 00:00:00+09:00,726.3939873553622,749.1547658311346,726.3939873553622,739.400146484375,224200,0.0,0.0
2007-12-19 00:00:00+09:00,742.001028025623,742.001028025623,738.0991821289062,738.0991821289062,395400,0.0,0.0
2007-12-20 00:00:00+09:00,730.9458606067004,730.9458606067004,721.841552734375,721.841552734375,395400,0.0,0.0
2007-12-21 00:00:00+09:00,732.2463989257812,732.2463989257812,732.2463989257812,732.2463989257812,395400,0.0,0.0
2007-12-25 00:00:00+09:00,729.6453202889369,729.6453202889369,727.6943969726562,727.6943969726562,395400,0.0,0.0
2007-12-26 00:00:00+09:00,741.3507565161027,744.602294921875,738.0992181103303,744.602294921875,386900,0.0,0.0
2007-12-27 00:00:00+09:00,745.2526816431571,752.4060668945312,745.2526816431571,752.4060668945312,386900,0.0,0.0
2007-12-28 00:00:00+09:00,739.399872359696,749.8047958053909,736.1483337829163,743.9520263671875,140500,0.0,0.0
2008-01-04 00:00:00+09:00,726.3937814284693,742.6514757308074,723.1422425680016,727.6943969726562,397000,0.0,0.0
2008-01-07 00:00:00+09:00,725.3293299083849,725.3293299083849,710.7863159179688,710.7863159179688,386900,0.0,0.0
2008-01-08 00:00:00+09:00,710.7863588853637,710.7863588853637,702.982666015625,702.982666015625,386900,0.0,0.0
2008-01-09 00:00:00+09:00,702.9826268673824,703.6329345703125,702.9826268673824,703.6329345703125,386900,0.0,0.0
2008-01-10 00:00:00+09:00,706.1308423364604,706.1308423364604,691.9274291992188,691.9274291992188,386900,0.0,0.0
2008-01-11 00:00:00+09:00,691.9273071876503,691.9273071876503,675.6696166992188,675.6696166992188,386900,0.0,0.0
2008-01-15 00:00:00+09:00,676.3199143182665,676.3199143182665,655.5100708007812,655.5100708007812,386900,0.0,0.0
2008-01-16 00:00:00+09:00,648.3567957560222,648.3567957560222,616.4917175292968,624.29541015625,730900,0.0,0.0
2008-01-17 00:00:00+09:00,626.8966591917438,632.09912109375,626.8966591917438,632.09912109375,730900,0.0,0.0
2008-01-18 00:00:00+09:00,634.8488287704981,645.1053466796875,634.8488287704981,645.1053466796875,730900,0.0,0.0
2008-01-21 00:00:00+09:00,646.4059630705182,646.4059630705182,617.7924194335938,617.7924194335938,730900,0.0,0.0
2008-01-22 00:00:00+09:00,620.8503252630093,620.8503252630093,580.0744018554688,580.0744018554688,730900,0.0,0.0
2008-01-23 00:00:00+09:00,583.9761494821453,596.9822998046875,583.9761494821453,596.9822998046875,730900,0.0,0.0
2008-01-24 00:00:00+09:00,596.9824484868577,599.5836791992188,596.9824484868577,599.5836791992188,730900,0.0,0.0
2008-01-25 00:00:00+09:00,607.3873593032237,628.1972045898438,607.3873593032237,628.1972045898438,730900,0.0,0.0
2008-01-28 00:00:00+09:00,621.6942183223083,623.6451416015625,621.6942183223083,623.6451416015625,730900,0.0,0.0
2008-01-29 00:00:00+09:00,619.9344179998352,636.0009155273438,619.9344179998352,636.0009155273438,730900,0.0,0.0
2008-01-30 00:00:00+09:00,632.3439034613918,632.3439034613918,626.2462768554688,626.2462768554688,730900,0.0,0.0
2008-01-31 00:00:00+09:00,646.4060316678278,649.0072631835938,646.4060316678278,649.0072631835938,730900,0.0,0.0
2008-02-01 00:00:00+09:00,649.0070893185073,652.908935546875,649.0070893185073,652.908935546875,730900,0.0,0.0
2008-02-04 00:00:00+09:00,679.5714478696127,686.0745239257812,679.5714478696127,686.0745239257812,730900,0.0,0.0
2008-02-05 00:00:00+09:00,684.1236649436512,684.1236649436512,678.9212036132812,678.9212036132812,730900,0.0,0.0
2008-02-06 00:00:00+09:00,681.5224723259839,681.5224723259839,669.1666259765625,669.1666259765625,730900,0.0,0.0
2008-02-07 00:00:00+09:00,666.565185546875,666.565185546875,666.565185546875,666.565185546875,730900,0.0,0.0
2008-02-08 00:00:00+09:00,669.5981870248531,669.5981870248531,658.7616577148438,658.7616577148438,730900,0.0,0.0
2008-02-12 00:00:00+09:00,656.1603978175743,663.3137817382812,656.1603978175743,663.3137817382812,730900,0.0,0.0
2008-02-13 00:00:00+09:00,660.6937223772564,660.6937223772564,656.8107299804688,656.8107299804688,730900,0.0,0.0
2008-02-14 00:00:00+09:00,668.5162809525413,678.9212036132812,668.5162809525413,678.9212036132812,730900,0.0,0.0
2008-02-15 00:00:00+09:00,676.319893049314,689.9763524281944,670.4671247440796,687.3751220703125,343400,0.0,0.0
2008-02-18 00:00:00+09:00,684.774039625335,689.9765014648438,684.774039625335,689.9765014648438,343400,0.0,0.0
2008-02-19 00:00:00+09:00,693.0468736858791,693.0468736858791,684.1237182617188,684.1237182617188,343400,0.0,0.0
2008-02-20 00:00:00+09:00,687.3751965961995,687.3751965961995,667.865966796875,667.865966796875,343400,0.0,0.0
2008-02-21 00:00:00+09:00,678.2709037162163,678.2709037162163,673.71875,673.71875,343400,0.0,0.0
2008-02-22 00:00:00+09:00,676.5820153179098,676.5820153179098,669.81689453125,669.81689453125,343400,0.0,0.0
2008-02-25 00:00:00+09:00,672.462699735889,678.2709350585938,672.462699735889,678.2709350585938,343400,0.0,0.0
2008-02-26 00:00:00+09:00,680.8721423316094,680.8721423316094,668.5162963867188,668.5162963867188,343400,0.0,0.0
2008-02-27 00:00:00+09:00,668.5161951199384,692.5775756835938,668.5161951199384,692.5775756835938,343400,0.0,0.0
2008-02-28 00:00:00+09:00,689.8420130153888,689.8420130153888,685.4242553710938,685.4242553710938,343400,0.0,0.0
2008-02-29 00:00:00+09:00,686.0745288293618,688.0254516601562,686.0745288293618,688.0254516601562,343400,0.0,0.0
2008-03-03 00:00:00+09:00,688.0255888989691,688.0255888989691,659.4120483398438,659.4120483398438,343400,0.0,0.0
2008-03-04 00:00:00+09:00,656.8073332371576,656.8073332371576,654.85986328125,654.85986328125,343400,0.0,0.0
2008-03-05 00:00:00+09:00,656.160548487941,656.160548487941,649.657470703125,649.657470703125,343400,0.0,0.0
2008-03-06 00:00:00+09:00,674.3691277970737,677.6206665039062,674.3691277970737,677.6206665039062,343400,0.0,0.0
2008-03-07 00:00:00+09:00,675.0193491688133,675.0193491688133,658.7616577148438,658.7616577148438,343400,0.0,0.0
2008-03-10 00:00:00+09:00,630.7983762731103,630.7983762731103,621.0437622070312,621.0437622070312,343400,0.0,0.0
2008-03-11 00:00:00+09:00,623.6450491512522,623.6450491512522,619.0928955078125,619.0928955078125,343400,0.0,0.0
2008-03-12 00:00:00+09:00,622.0956281446156,622.0956281446156,617.7924194335938,617.7924194335938,343400,0.0,0.0
2008-03-13 00:00:00+09:00,620.3935462271813,620.3935462271813,591.1296997070312,591.1296997070312,343400,0.0,0.0
2008-03-14 00:00:00+09:00,593.4647181231032,593.4647181231032,589.8291625976562,589.8291625976562,343400,0.0,0.0
2008-03-17 00:00:00+09:00,587.8781727308638,587.8781727308638,578.7738647460938,578.7738647460938,343400,0.0,0.0
2008-03-18 00:00:00+09:00,576.822932385751,576.822932385751,574.8720092773438,574.8720092773438,343400,0.0,0.0
2008-03-19 00:00:00+09:00,574.8719239373602,581.375,574.8719239373602,581.375,343400,0.0,0.0
2008-03-21 00:00:00+09:00,583.9763384007696,609.9886474609375,583.9763384007696,609.9886474609375,343400,0.0,0.0
2008-03-24 00:00:00+09:00,609.9886595484222,609.9886595484222,597.6328125,597.6328125,343400,0.0,0.0
2008-03-25 00:00:00+09:00,608.6879805225437,613.8904418945312,608.6879805225437,613.8904418945312,343400,0.0,0.0
2008-03-26 00:00:00+09:00,613.2324871376995,613.2324871376995,607.9686889648438,607.9686889648438,343400,11.0,0.0
2008-03-27 00:00:00+09:00,610.6007236842105,625.076171875,610.6007236842105,625.076171875,343400,0.0,0.0
2008-03-28 00:00:00+09:00,623.1022992362103,632.971923828125,623.1022992362103,632.971923828125,343400,0.0,0.0
2008-03-31 00:00:00+09:00,648.7631122445017,661.922607421875,648.7631122445017,661.922607421875,343400,0.0,0.0
2008-04-01 00:00:00+09:00,659.2908081546906,659.2908081546906,652.7110595703125,652.7110595703125,343400,0.0,0.0
2008-04-02 00:00:00+09:00,652.7109547673133,669.8182983398438,652.7109547673133,669.8182983398438,343400,0.0,0.0
2008-04-03 00:00:00+09:00,671.7922679537996,671.7922679537996,670.476318359375,670.476318359375,343400,0.0,0.0
2008-04-04 00:00:00+09:00,664.5543996326959,664.5543996326959,661.2645263671875,661.2645263671875,343400,0.0,0.0
2008-04-07 00:00:00+09:00,661.2648870778638,679.0302124023438,661.2648870778638,679.0302124023438,343400,0.0,0.0
2008-04-08 00:00:00+09:00,667.8443802516929,667.8443802516929,661.922607421875,661.922607421875,343400,0.0,0.0
2008-04-09 00:00:00+09:00,661.9228497970203,661.9228497970203,636.9197998046875,636.9197998046875,343400,0.0,0.0
2008-04-10 00:00:00+09:00,635.603624005184,635.603624005184,633.6296997070312,633.6296997070312,343400,0.0,0.0
2008-04-11 00:00:00+09:00,634.2876776333513,648.7631225585938,634.2876776333513,648.7631225585938,343400,0.0,0.0
2008-04-14 00:00:00+09:00,648.1051347235672,648.1051347235672,626.3919677734375,626.3919677734375,343400,0.0,0.0
2008-04-15 00:00:00+09:00,639.5513828002547,639.5513828002547,629.6817626953125,629.6817626953125,343400,0.0,0.0
2008-04-16 00:00:00+09:00,629.6819559192556,629.6819559192556,619.1543579101562,619.1543579101562,343400,0.0,0.0
2008-04-17 00:00:00+09:00,621.7861506685298,621.7861506685298,618.4962768554688,618.4962768554688,343400,0.0,0.0
2008-04-18 00:00:00+09:00,621.1282366937047,636.2616577148438,621.1282366937047,636.2616577148438,343400,0.0,0.0
2008-04-21 00:00:00+09:00,632.9716567447651,644.1572265625,632.9716567447651,644.1572265625,343400,0.0,0.0
2008-04-22 00:00:00+09:00,633.6295729417067,641.5252685546875,633.6295729417067,641.5252685546875,343400,0.0,0.0
2008-04-23 00:00:00+09:00,643.4993011097849,643.4993011097849,639.5514526367188,639.5514526367188,343400,0.0,0.0
2008-04-24 00:00:00+09:00,640.2093783915348,644.1572265625,640.2093783915348,644.1572265625,343400,0.0,0.0
2008-04-25 00:00:00+09:00,666.5284992425255,666.5284992425255,654.0269775390625,654.0269775390625,343400,0.0,0.0
2008-04-28 00:00:00+09:00,655.3429113340138,655.3429113340138,654.6849365234375,654.6849365234375,343400,0.0,0.0
2008-04-30 00:00:00+09:00,654.6849816870019,655.3429565429688,654.6849816870019,655.3429565429688,343400,0.0,0.0
2008-05-01 00:00:00+09:00,659.9486810967475,664.5545043945312,659.9486810967475,664.5545043945312,343400,0.0,0.0
2008-05-02 00:00:00+09:00,689.5574951171875,689.5574951171875,689.5574951171875,689.5574951171875,343400,0.0,0.0
2008-05-07 00:00:00+09:00,673.76611936721,686.2676391601562,673.76611936721,686.2676391601562,343400,0.0,0.0
2008-05-08 00:00:00+09:00,682.9778442382812,682.9778442382812,682.9778442382812,682.9778442382812,343400,0.0,0.0
2008-05-09 00:00:00+09:00,682.9777306885461,692.8473510742188,682.9777306885461,692.8473510742188,343400,0.0,0.0
2008-05-12 00:00:00+09:00,681.0038238991308,689.5574951171875,681.0038238991308,689.5574951171875,343400,0.0,0.0
2008-05-13 00:00:00+09:00,696.1372641729816,701.4010620117188,696.1372641729816,701.4010620117188,343400,0.0,0.0
2008-05-14 00:00:00+09:00,701.4011938476563,723.7723388671875,701.4011938476563,723.7723388671875,343400,0.0,0.0
2008-05-15 00:00:00+09:00,758.6451534113553,758.6451534113553,748.1175537109375,748.1175537109375,343400,0.0,0.0
2008-05-16 00:00:00+09:00,750.7489304427586,750.7489304427586,682.319580078125,682.319580078125,343400,0.0,0.0
2008-05-19 00:00:00+09:00,682.3198694365103,682.9778442382812,682.3198694365103,682.9778442382812,343400,0.0,0.0
2008-05-20 00:00:00+09:00,675.0820330416386,675.0820330416386,672.4501342773438,672.4501342773438,343400,0.0,0.0
2008-05-21 00:00:00+09:00,657.9748083043982,657.9748083043982,657.3168334960938,657.3168334960938,343400,0.0,0.0
2008-05-22 00:00:00+09:00,657.3170006103516,657.9749755859375,657.3170006103516,657.9749755859375,343400,0.0,0.0
2008-05-23 00:00:00+09:00,654.0270117632291,654.0270117632291,650.0791625976562,650.0791625976562,343400,0.0,0.0
2008-05-26 00:00:00+09:00,650.737064321586,650.737064321586,627.7079467773438,627.7079467773438,343400,0.0,0.0
2008-05-27 00:00:00+09:00,632.3138403067317,634.9457397460938,632.3138403067317,634.9457397460938,343400,0.0,0.0
2008-05-28 00:00:00+09:00,630.3398343401449,630.3398343401449,623.1021118164062,623.1021118164062,343400,0.0,0.0
2008-05-29 00:00:00+09:00,617.8384081590189,619.1543579101562,617.8384081590189,619.1543579101562,343400,0.0,0.0
2008-05-30 00:00:00+09:00,619.1544493994445,632.971923828125,619.1544493994445,632.971923828125,343400,0.0,0.0
2008-06-02 00:00:00+09:00,628.365892041631,628.365892041631,626.3919677734375,626.3919677734375,343400,0.0,0.0
2008-06-03 00:00:00+09:00,609.2846385080577,609.2846385080577,607.9686889648438,607.9686889648438,343400,0.0,0.0
2008-06-04 00:00:00+09:00,615.1310027581803,615.20654296875,615.1310027581803,615.20654296875,343400,0.0,0.0
2008-06-05 00:00:00+09:00,592.8353539312293,596.783203125,592.8353539312293,596.783203125,343400,0.0,0.0
2008-06-06 00:00:00+09:00,593.4933922515228,594.1513671875,593.4933922515228,594.1513671875,343400,0.0,0.0
2008-06-09 00:00:00+09:00,579.017790710034,580.333740234375,579.017790710034,580.333740234375,343400,0.0,0.0
2008-06-10 00:00:00+09:00,580.3337340898962,588.2294311523438,580.3337340898962,588.2294311523438,343400,0.0,0.0
2008-06-11 00:00:00+09:00,588.2295664911685,590.2034912109375,588.2295664911685,590.2034912109375,343400,0.0,0.0
2008-06-12 00:00:00+09:00,596.1252061388927,596.1252061388927,587.571533203125,587.571533203125,343400,0.0,0.0
2008-06-13 00:00:00+09:00,590.2033554179557,590.2033554179557,588.2294311523438,588.2294311523438,343400,0.0,0.0
2008-06-16 00:00:00+09:00,586.913572890455,604.6788940429688,586.913572890455,604.6788940429688,343400,0.0,0.0
2008-06-17 00:00:00+09:00,604.020751953125,604.020751953125,604.020751953125,604.020751953125,343400,0.0,0.0
2008-06-18 00:00:00+09:00,606.6528638756794,606.6528638756794,605.3369140625,605.3369140625,343400,0.0,0.0
2008-06-19 00:00:00+09:00,595.4672241210938,595.4672241210938,595.4672241210938,595.4672241210938,343400,0.0,0.0
2008-06-20 00:00:00+09:00,591.5194758319961,591.5194758319961,586.2556762695312,586.2556762695312,343400,0.0,0.0
2008-06-23 00:00:00+09:00,582.3075858097873,583.62353515625,582.3075858097873,583.62353515625,343400,0.0,0.0
2008-06-24 00:00:00+09:00,580.3337106878107,580.3337106878107,579.0177612304688,579.0177612304688,343400,0.0,0.0
2008-06-25 00:00:00+09:00,577.0440270352176,586.2556762695312,577.0440270352176,586.2556762695312,343400,0.0,0.0
2008-06-26 00:00:00+09:00,578.3598042689732,578.3598042689732,575.7279052734375,575.7279052734375,343400,0.0,0.0
2008-06-27 00:00:00+09:00,575.7280165149319,575.7280165149319,571.1221923828125,571.1221923828125,343400,0.0,0.0
2008-06-30 00:00:00+09:00,571.780119693375,573.0960693359375,571.780119693375,573.0960693359375,343400,0.0,0.0
2008-07-01 00:00:00+09:00,573.0959867589613,581.649658203125,573.0959867589613,581.649658203125,343400,0.0,0.0
2008-07-02 00:00:00+09:00,581.6496960870152,581.6496960870152,572.4380493164062,572.4380493164062,343400,0.0,0.0
2008-07-03 00:00:00+09:00,572.4381264487465,572.4381264487465,538.8814086914062,538.8814086914062,343400,0.0,0.0
2008-07-04 00:00:00+09:00,539.5394287109375,539.5394287109375,539.5394287109375,539.5394287109375,343400,0.0,0.0
2008-07-07 00:00:00+09:00,533.617625565284,538.2234497070312,533.617625565284,538.2234497070312,343400,0.0,0.0
2008-07-08 00:00:00+09:00,541.5132052197869,541.5132052197869,532.9595336914062,532.9595336914062,343400,0.0,0.0
2008-07-09 00:00:00+09:00,545.4610697554127,545.4610697554127,532.3015747070312,532.3015747070312,343400,0.0,0.0
2008-07-10 00:00:00+09:00,532.3014807952693,536.2493286132812,532.3014807952693,536.2493286132812,343400,0.0,0.0
2008-07-11 00:00:00+09:00,523.08989277951,523.08989277951,518.4840698242188,518.4840698242188,343400,0.0,0.0
2008-07-14 00:00:00+09:00,523.7478973002374,523.7478973002374,519.800048828125,519.800048828125,343400,0.0,0.0
2008-07-15 00:00:00+09:00,519.1421532892118,519.1421532892118,516.51025390625,516.51025390625,343400,0.0,0.0
2008-07-16 00:00:00+09:00,509.2723395787373,509.2723395787373,507.95639038085943,507.9563903808594,343400,0.0,0.0
2008-07-17 00:00:00+09:00,507.9564947376227,511.2463684082031,507.9564947376227,511.2463684082031,343400,0.0,0.0
2008-07-18 00:00:00+09:00,511.2464136354108,511.9043884277344,511.2464136354108,511.9043884277344,343400,0.0,0.0
2008-07-22 00:00:00+09:00,525.0638289541569,525.0638289541569,512.5623092171531,523.0899047851562,207800,0.0,0.0
2008-07-23 00:00:00+09:00,525.0637348760827,527.0376586914062,525.0637348760827,527.0376586914062,207800,0.0,0.0
2008-07-24 00:00:00+09:00,534.9335753200689,538.2234497070312,534.9335753200689,538.2234497070312,207800,0.0,0.0
2008-07-25 00:00:00+09:00,538.2233315550251,538.2233315550251,532.9595336914062,532.9595336914062,207800,0.0,0.0
2008-07-28 00:00:00+09:00,531.6436315297784,531.6436315297784,530.9856567382812,530.9856567382812,207800,0.0,0.0
2008-07-29 00:00:00+09:00,534.2755306957674,534.2755306957674,530.9856567382812,530.9856567382812,207800,0.0,0.0
2008-07-30 00:00:00+09:00,544.8031121351048,549.408935546875,544.8031121351048,549.408935546875,207800,0.0,0.0
2008-07-31 00:00:00+09:00,550.7249344675164,562.5684814453125,550.7249344675164,562.5684814453125,207800,0.0,0.0
2008-08-01 00:00:00+09:00,563.2265200407609,563.2265200407609,559.9366455078125,559.9366455078125,207800,0.0,0.0
2008-08-04 00:00:00+09:00,559.9365362792379,559.9365362792379,544.1451416015625,544.1451416015625,207800,0.0,0.0
2008-08-05 00:00:00+09:00,544.145024249305,544.145024249305,536.2493286132812,536.2493286132812,207800,0.0,0.0
2008-08-06 00:00:00+09:00,535.5913119007196,558.6204223632812,535.5913119007196,558.6204223632812,207800,0.0,0.0
2008-08-07 00:00:00+09:00,542.1712488162879,542.8292236328125,542.1712488162879,542.8292236328125,207800,0.0,0.0
2008-08-08 00:00:00+09:00,528.353844749385,534.93359375,528.353844749385,534.93359375,207800,0.0,0.0
2008-08-11 00:00:00+09:00,546.1191089336688,547.43505859375,546.1191089336688,547.43505859375,207800,0.0,0.0
2008-08-12 00:00:00+09:00,536.9075158258108,537.5654907226562,536.9075158258108,537.5654907226562,207800,0.0,0.0
2008-08-13 00:00:00+09:00,537.5652683258057,537.5652683258057,526.3796997070312,526.3796997070312,207800,0.0,0.0
2008-08-14 00:00:00+09:00,526.3799700488523,530.3278198242188,526.3799700488523,530.3278198242188,207800,0.0,0.0
2008-08-15 00:00:00+09:00,532.301613243827,540.8552856445312,532.301613243827,540.8552856445312,207800,0.0,0.0
2008-08-18 00:00:00+09:00,554.0145718358448,555.3305209375927,550.7246990814753,554.6725463867188,311500,0.0,0.0
2008-08-19 00:00:00+09:00,534.275483157311,534.275483157311,532.9595336914062,532.9595336914062,311500,0.0,0.0
2008-08-20 00:00:00+09:00,532.9595789221447,533.6175537109375,532.9595789221447,533.6175537109375,311500,0.0,0.0
2008-08-21 00:00:00+09:00,525.0638857944816,528.353759765625,525.0638857944816,528.353759765625,311500,0.0,0.0
2008-08-22 00:00:00+09:00,529.0117550328637,529.0117550328637,522.4320068359375,522.4320068359375,311500,0.0,0.0
2008-08-25 00:00:00+09:00,522.4319710043532,529.01171875,522.4319710043532,529.01171875,311500,0.0,0.0
2008-08-26 00:00:00+09:00,521.1159057617188,521.1159057617188,521.1159057617188,521.1159057617188,311500,0.0,0.0
2008-08-27 00:00:00+09:00,521.1160120537122,521.7739868164062,521.1160120537122,521.7739868164062,311500,0.0,0.0
2008-08-28 00:00:00+09:00,508.61446947173874,511.2463684082031,508.61446947173874,511.2463684082031,311500,0.0,0.0
2008-08-29 00:00:00+09:00,521.1159806161556,523.0899047851562,521.1159806161556,523.0899047851562,311500,0.0,0.0
2008-09-01 00:00:00+09:00,523.0898545839387,523.0898545839387,505.98251342773443,505.9825134277344,311500,0.0,0.0
2008-09-02 00:00:00+09:00,506.64047971684886,506.64047971684886,494.79693603515625,494.79693603515625,311500,0.0,0.0
2008-09-03 00:00:00+09:00,494.13899365593403,494.13899365593403,492.1650695800781,492.1650695800781,311500,0.0,0.0
2008-09-04 00:00:00+09:00,492.1651158671143,492.1651158671143,491.50714111328125,491.50714111328125,311500,0.0,0.0
2008-09-05 00:00:00+09:00,496.77092028549555,496.77092028549555,496.11294555664057,496.1129455566406,311500,0.0,0.0
2008-09-08 00:00:00+09:00,496.1128106045364,523.7477416992188,496.1128106045364,523.7477416992188,311500,0.0,0.0
2008-09-09 00:00:00+09:00,523.7479119889066,523.7479119889066,501.3767700195312,501.37677001953125,311500,0.0,0.0
2008-09-10 00:00:00+09:00,510.58833604671247,510.58833604671247,500.0607414890483,505.9825134277344,524500,0.0,0.0
2008-09-11 00:00:00+09:00,484.2694002312414,484.2694002312414,475.7157287597657,475.7157287597656,524500,0.0,0.0
2008-09-12 00:00:00+09:00,490.1911936537895,490.1911936537895,488.87524414062494,488.875244140625,524500,0.0,0.0
2008-09-16 00:00:00+09:00,488.8752034088301,488.8752034088301,481.63748168945307,481.6374816894531,524500,0.0,0.0
2008-09-17 00:00:00+09:00,501.3769255455712,512.5625,501.3769255455712,512.5625,524500,0.0,0.0
2008-09-18 00:00:00+09:00,512.5622750418527,512.5622750418527,506.6405029296875,506.6405029296875,524500,0.0,0.0
2008-09-19 00:00:00+09:00,497.4287752453188,497.4287752453188,490.8490295410156,490.8490295410156,524500,0.0,0.0
2008-09-22 00:00:00+09:00,502.6927442717072,502.6927442717072,490.19122314453125,490.19122314453125,524500,0.0,0.0
2008-09-24 00:00:00+09:00,490.1912216610379,490.1912216610379,473.7418518066406,473.7418518066406,524500,0.0,0.0
2008-09-25 00:00:00+09:00,467.72823199608825,475.0782470703125,467.72823199608825,475.0782470703125,524500,11.0,0.0
2008-09-26 00:00:00+09:00,475.74643770310274,475.74643770310274,469.0646057128906,469.0646057128906,524500,0.0,0.0
2008-09-29 00:00:00+09:00,469.06462271681977,469.06462271681977,455.7009582519531,455.7009582519531,524500,0.0,0.0
2008-09-30 00:00:00+09:00,455.7010416543176,455.7010416543176,440.3328247070312,440.33282470703125,524500,0.0,0.0
2008-10-01 00:00:00+09:00,440.3327130769428,440.3327130769428,431.6463317871094,431.6463317871094,524500,0.0,0.0
2008-10-02 00:00:00+09:00,432.3144753825529,432.3144753825529,412.26898193359375,412.26898193359375,524500,0.0,0.0
2008-10-03 00:00:00+09:00,383.53713282590047,389.55078125,383.53713282590047,389.55078125,524500,0.0,0.0
2008-10-06 00:00:00+09:00,387.54625822368416,387.54625822368416,368.1689453125,368.1689453125,524500,0.0,0.0
2008-10-07 00:00:00+09:00,353.4688811105286,372.1780090332031,353.4688811105286,372.1780090332031,524500,0.0,0.0
2008-10-08 00:00:00+09:00,372.1780917358398,372.1780917358398,334.0916442871094,334.0916442871094,524500,0.0,0.0
2008-10-09 00:00:00+09:00,344.1143243143878,344.1143243143878,339.4370422363281,339.4370422363281,524500,0.0,0.0
2008-10-10 00:00:00+09:00,339.43704132729385,339.43704132729385,314.04608154296875,314.04608154296875,524500,0.0,0.0
2008-10-14 00:00:00+09:00,344.11433186167005,358.8143615722656,344.11433186167005,358.8143615722656,524500,0.0,0.0
2008-10-15 00:00:00+09:00,352.80072534660104,373.514404296875,352.80072534660104,373.514404296875,524500,0.0,0.0
2008-10-16 00:00:00+09:00,373.5143721977717,373.5143721977717,348.1234130859375,348.1234130859375,524500,0.0,0.0
2008-10-17 00:00:00+09:00,361.48711409135296,367.5007629394531,361.48711409135296,367.5007629394531,524500,0.0,0.0
2008-10-20 00:00:00+09:00,365.4960796402966,381.532470703125,365.4960796402966,381.532470703125,524500,0.0,0.0
2008-10-21 00:00:00+09:00,382.2006536640762,382.2006536640762,381.532470703125,381.532470703125,524500,0.0,0.0
2008-10-22 00:00:00+09:00,381.5325608217627,381.5325608217627,355.4734191894531,355.4734191894531,524500,0.0,0.0
2008-10-23 00:00:00+09:00,340.1052088899433,354.1370544433594,340.1052088899433,354.1370544433594,524500,0.0,0.0
2008-10-24 00:00:00+09:00,348.7916071965144,348.7916071965144,338.76885986328125,338.76885986328125,524500,0.0,0.0
2008-10-27 00:00:00+09:00,338.7688548414013,338.7688548414013,316.71881103515625,316.71881103515625,524500,0.0,0.0
2008-10-28 00:00:00+09:00,318.7234372782662,349.4598693847656,318.7234372782662,349.4598693847656,524500,0.0,0.0
2008-10-29 00:00:00+09:00,349.4597703887195,383.537109375,349.4597703887195,383.537109375,524500,0.0,0.0
2008-10-30 00:00:00+09:00,416.9463806152344,416.9463806152344,416.9463806152344,416.9463806152344,524500,0.0,0.0
2008-10-31 00:00:00+09:00,417.6145753050162,417.6145753050162,408.9281921386719,408.9281921386719,524500,0.0,0.0
2008-11-04 00:00:00+09:00,409.5962616300062,428.3053894042968,409.5962616300062,428.3053894042969,556000,0.0,0.0
2008-11-05 00:00:00+09:00,428.3055244874158,440.3328247070312,428.3055244874158,440.33282470703125,556000,0.0,0.0
2008-11-06 00:00:00+09:00,441.0009738007282,443.0055236816406,441.0009738007282,443.0055236816406,556000,0.0,0.0
2008-11-07 00:00:00+09:00,443.005445781507,443.005445781507,406.25537109375,406.25537109375,556000,0.0,0.0
2008-11-10 00:00:00+09:00,412.2690554053806,426.3009033203125,412.2690554053806,426.3009033203125,556000,0.0,0.0
2008-11-11 00:00:00+09:00,426.9690112324504,426.9690112324504,411.6007995605469,411.6007995605469,556000,0.0,0.0
2008-11-12 00:00:00+09:00,412.9372004182756,412.9372004182756,408.25991821289057,408.2599182128906,556000,0.0,0.0
2008-11-13 00:00:00+09:00,384.873501481681,387.5462341308593,384.873501481681,387.5462341308594,556000,0.0,0.0
2008-11-14 00:00:00+09:00,387.5461315550533,399.57342529296875,387.5461315550533,399.57342529296875,556000,0.0,0.0
2008-11-17 00:00:00+09:00,399.5735326852766,399.5735326852766,386.2098693847656,386.2098693847656,556000,0.0,0.0
2008-11-18 00:00:00+09:00,386.8780988420759,386.8780988420759,374.1826171875,374.1826171875,556000,0.0,0.0
2008-11-19 00:00:00+09:00,371.509854721042,373.514404296875,371.509854721042,373.514404296875,556000,0.0,0.0
2008-11-20 00:00:00+09:00,374.18253506341404,374.18253506341404,365.49615478515625,365.49615478515625,556000,0.0,0.0
2008-11-21 00:00:00+09:00,365.4962291145661,378.8598937988281,365.4962291145661,378.8598937988281,556000,0.0,0.0
2008-11-25 00:00:00+09:00,379.52796917962144,394.89617919921875,379.52796917962144,394.89617919921875,25500,0.0,0.0
2008-11-26 00:00:00+09:00,394.8962489160998,394.8962489160998,387.5462341308593,387.5462341308594,25500,0.0,0.0
2008-11-27 00:00:00+09:00,396.19733662838985,396.19733662838985,388.8825988769531,388.8825988769531,25500,0.0,0.0
2008-11-28 00:00:00+09:00,389.5508699905343,391.55541992187494,389.5508699905343,391.555419921875,25500,0.0,0.0
2008-12-01 00:00:00+09:00,391.55533470497,391.55533470497,386.2098693847656,386.2098693847656,25500,0.0,0.0
2008-12-02 00:00:00+09:00,386.2098308333095,386.2098308333095,365.49615478515625,365.49615478515625,25500,0.0,0.0
2008-12-03 00:00:00+09:00,368.83705547493946,379.5279846191406,368.83705547493946,379.5279846191406,25500,0.0,0.0
2008-12-04 00:00:00+09:00,379.52803695757774,386.8780517578125,379.52803695757774,386.8780517578125,25500,0.0,0.0
2008-12-05 00:00:00+09:00,387.54623334297014,388.21441650390625,387.54623334297014,388.21441650390625,25500,0.0,0.0
2008-12-08 00:00:00+09:00,403.5825729246062,410.93258666992193,403.5825729246062,410.9325866699219,25500,0.0,0.0
2008-12-09 00:00:00+09:00,402.2462696631099,408.25991821289057,402.2462696631099,408.2599182128906,25500,0.0,0.0
2008-12-10 00:00:00+09:00,408.92808588333247,421.6235656738281,408.92808588333247,421.6235656738281,25500,0.0,0.0
2008-12-11 00:00:00+09:00,410.26450570324744,426.3009033203125,410.26450570324744,426.3009033203125,25500,0.0,0.0
2008-12-12 00:00:00+09:00,426.96908073237375,426.96908073237375,406.923583984375,406.923583984375,25500,0.0,0.0
2008-12-15 00:00:00+09:00,426.96899342536926,427.6371765136719,426.96899342536926,427.6371765136719,25500,0.0,0.0
2008-12-16 00:00:00+09:00,414.2735572190384,416.2781066894531,414.2735572190384,416.2781066894531,142600,0.0,0.0
2008-12-17 00:00:00+09:00,416.9463806152344,416.9463806152344,416.9463806152344,416.9463806152344,135500,0.0,0.0
2008-12-18 00:00:00+09:00,414.27353202522573,414.27353202522573,411.6007995605469,411.6007995605469,104700,0.0,0.0
2008-12-19 00:00:00+09:00,412.2690567803661,412.2690567803661,401.578125,401.578125,125000,0.0,0.0
2008-12-22 00:00:00+09:00,401.578144764239,409.5963439941406,401.578144764239,409.5963439941406,152900,0.0,0.0
2008-12-24 00:00:00+09:00,410.264410652602,410.264410652602,404.2507629394531,404.2507629394531,89100,0.0,0.0
2008-12-25 00:00:00+09:00,401.57805209414886,412.26898193359375,401.57805209414886,412.26898193359375,53300,0.0,0.0
2008-12-26 00:00:00+09:00,421.6235395507813,421.6235395507813,407.5916943359375,417.61444091796875,70100,0.0,0.0
2008-12-29 00:00:00+09:00,420.2871632464055,432.3144588560006,413.60533235218605,426.968994140625,86700,0.0,0.0
2008-12-30 00:00:00+09:00,432.9827496254281,441.00094869256566,427.6372835806697,438.99639892578125,68200,0.0,0.0
2009-01-05 00:00:00+09:00,440.3326665039063,440.3326665039063,413.60534228515627,417.61444091796875,218200,0.0,0.0
2009-01-06 00:00:00+09:00,415.60995819190555,415.60995819190555,412.9372253417969,412.9372253417969,291400,0.0,0.0
2009-01-07 00:00:00+09:00,412.93714881781955,412.93714881781955,398.9053039550781,398.9053039550781,441800,0.0,0.0
2009-01-08 00:00:00+09:00,398.90533833890345,398.90533833890345,395.5644226074219,395.5644226074219,310900,0.0,0.0
2009-01-09 00:00:00+09:00,385.5416862197401,386.2098693847656,385.5416862197401,386.2098693847656,232800,0.0,0.0
2009-01-13 00:00:00+09:00,387.5462479532083,387.5462479532083,376.1871337890625,376.1871337890625,361100,0.0,0.0
2009-01-14 00:00:00+09:00,375.5188882743363,377.5234375,375.5188882743363,377.5234375,205400,0.0,0.0
2009-01-15 00:00:00+09:00,377.52348823943356,386.2098693847656,377.52348823943356,386.2098693847656,513400,0.0,0.0
2009-01-16 00:00:00+09:00,386.2097655841738,399.57342529296875,386.2097655841738,399.57342529296875,242100,0.0,0.0
2009-01-19 00:00:00+09:00,395.56432738033027,399.57342529296875,395.56432738033027,399.57342529296875,209600,0.0,0.0
2009-01-20 00:00:00+09:00,387.54623255778836,388.8825988769531,387.54623255778836,388.8825988769531,196300,0.0,0.0
2009-01-21 00:00:00+09:00,392.2235162669214,392.2235162669214,387.5462341308593,387.5462341308594,275900,0.0,0.0
2009-01-22 00:00:00+09:00,387.54618799963663,402.2462158203125,387.54618799963663,402.2462158203125,326200,0.0,0.0
2009-01-23 00:00:00+09:00,402.2462532854,402.2462532854,396.23260498046875,396.23260498046875,190800,0.0,0.0
2009-01-26 00:00:00+09:00,396.23270026370506,396.23270026370506,393.5599670410156,393.5599670410156,246000,0.0,0.0
2009-01-27 00:00:00+09:00,389.55075048828127,417.61444091796875,389.55075048828127,417.61444091796875,249600,0.0,0.0
2009-01-28 00:00:00+09:00,417.6144431258321,417.6144431258321,415.6098937988281,415.6098937988281,180700,0.0,0.0
2009-01-29 00:00:00+09:00,416.2781599020656,422.29180908203125,416.2781599020656,422.29180908203125,246600,0.0,0.0
2009-01-30 00:00:00+09:00,422.29170755920916,422.29170755920916,402.9143981933594,402.9143981933594,287700,0.0,0.0
2009-02-02 00:00:00+09:00,402.9144751143782,402.9144751143782,390.218994140625,390.218994140625,332700,0.0,0.0
2009-02-03 00:00:00+09:00,390.21893237513353,390.8871154785156,390.21893237513353,390.8871154785156,235800,0.0,0.0
2009-02-04 00:00:00+09:00,390.8871020386551,403.58258056640625,390.8871020386551,403.58258056640625,302700,0.0,0.0
2009-02-05 00:00:00+09:00,403.5826275728988,403.5826275728988,389.55078125,389.55078125,388200,0.0,0.0
2009-02-06 00:00:00+09:00,389.550807835186,389.550807835186,368.1689453125,368.1689453125,642600,0.0,0.0
2009-02-09 00:00:00+09:00,368.16899301532754,368.16899301532754,333.4234619140625,333.4234619140625,824500,0.0,0.0
2009-02-10 00:00:00+09:00,332.0870666503906,337.4325325119663,328.7461504869058,332.0870666503906,745200,0.0,0.0
2009-02-12 00:00:00+09:00,330.0824520086259,330.0824520086259,308.03240966796875,308.03240966796875,691100,0.0,0.0
2009-02-13 00:00:00+09:00,308.0324464630935,328.07794189453125,308.0324464630935,328.07794189453125,904400,0.0,0.0
2009-02-16 00:00:00+09:00,351.4643249511719,351.4643249511719,351.4643249511719,351.4643249511719,669300,0.0,0.0
2009-02-17 00:00:00+09:00,345.4506573761046,345.4506573761046,341.4415588378906,341.4415588378906,562100,0.0,0.0
2009-02-18 00:00:00+09:00,358.14624206314375,358.14624206314375,356.80987548828125,356.80987548828125,424500,0.0,0.0
2009-02-19 00:00:00+09:00,365.4961584450134,365.4961584450134,362.1552429199219,362.1552429199219,460500,0.0,0.0
2009-02-20 00:00:00+09:00,350.12798748594344,352.80072021484375,350.12798748594344,352.80072021484375,493000,0.0,0.0
2009-02-23 00:00:00+09:00,353.4688690929878,356.1416015625,353.4688690929878,356.1416015625,460000,0.0,0.0
2009-02-24 00:00:00+09:00,346.1188682778368,346.1188682778368,344.11431884765625,344.11431884765625,400400,0.0,0.0
2009-02-25 00:00:00+09:00,344.11428904255075,344.11428904255075,343.44610595703125,343.44610595703125,537900,0.0,0.0
2009-02-26 00:00:00+09:00,343.44610595703125,343.44610595703125,343.44610595703125,343.44610595703125,283100,0.0,0.0
2009-02-27 00:00:00+09:00,340.10520674542687,356.1416015625,340.10520674542687,356.1416015625,279100,0.0,0.0
2009-03-02 00:00:00+09:00,356.1416867856626,360.8189697265625,356.1416867856626,360.8189697265625,505200,0.0,0.0
2009-03-03 00:00:00+09:00,360.8189697265625,360.8189697265625,360.8189697265625,360.8189697265625,416400,0.0,0.0
2009-03-04 00:00:00+09:00,370.1734596129166,372.1780090332031,370.1734596129166,372.1780090332031,360600,0.0,0.0
2009-03-05 00:00:00+09:00,371.5098132621951,383.537109375,371.5098132621951,383.537109375,347100,0.0,0.0
2009-03-06 00:00:00+09:00,380.8643986628606,380.8643986628606,364.8280029296875,364.8280029296875,443400,0.0,0.0
2009-03-09 00:00:00+09:00,364.82808699074207,370.1735534667969,364.82808699074207,370.1735534667969,248600,0.0,0.0
2009-03-10 00:00:00+09:00,364.15979745454877,364.15979745454877,357.4779663085937,357.47796630859375,358600,0.0,0.0
2009-03-11 00:00:00+09:00,378.8598999023437,378.8598999023437,374.1826171875,374.1826171875,300800,0.0,0.0
2009-03-12 00:00:00+09:00,374.18259584187155,374.18259584187155,366.83258056640625,366.83258056640625,329300,0.0,0.0
2009-03-13 00:00:00+09:00,366.8326783504786,382.86907958984375,366.8326783504786,382.86907958984375,464100,0.0,0.0
2009-03-16 00:00:00+09:00,398.90539812800864,398.90539812800864,396.9008483886719,396.9008483886719,220100,0.0,0.0
2009-03-17 00:00:00+09:00,396.2326651422263,396.9008483886719,396.2326651422263,396.9008483886719,183700,0.0,0.0
2009-03-18 00:00:00+09:00,410.2645587796479,410.2645587796479,408.9281921386719,408.9281921386719,236800,0.0,0.0
2009-03-19 00:00:00+09:00,408.9279870891252,408.9279870891252,399.57342529296875,399.57342529296875,291300,0.0,0.0
2009-03-23 00:00:00+09:00,415.6099674112133,429.6418151855469,415.6099674112133,429.6418151855469,327300,0.0,0.0
2009-03-24 00:00:00+09:00,432.31447402491716,441.0008544921875,432.31447402491716,441.0008544921875,275300,0.0,0.0
2009-03-25 00:00:00+09:00,441.0010080525654,441.0010080525654,440.3328247070312,440.33282470703125,254300,0.0,0.0
2009-03-26 00:00:00+09:00,433.55830330045524,446.4295654296875,433.55830330045524,446.4295654296875,295100,9.0,0.0
2009-03-27 00:00:00+09:00,445.7522145977457,445.7522145977457,443.71990966796875,443.71990966796875,312300,0.0,0.0
2009-03-30 00:00:00+09:00,443.7199359949263,443.7199359949263,419.332275390625,419.332275390625,268600,0.0,0.0
2009-03-31 00:00:00+09:00,420.00973260598107,420.00973260598107,413.2353820800781,413.2353820800781,293400,0.0,0.0
2009-04-01 00:00:00+09:00,413.9127330966415,415.9450378417969,413.9127330966415,415.9450378417969,412000,0.0,0.0
2009-04-02 00:00:00+09:00,416.6225956843449,440.33282470703125,416.6225956843449,440.33282470703125,232600,0.0,0.0
2009-04-03 00:00:00+09:00,430.1710841655731,433.5582580566406,430.1710841655731,433.5582580566406,361100,0.0,0.0
2009-04-06 00:00:00+09:00,441.6876072853989,441.6876072853989,436.26812744140625,436.26812744140625,221200,0.0,0.0
2009-04-07 00:00:00+09:00,436.2681030078748,436.2681030078748,424.751708984375,424.751708984375,300500,0.0,0.0
2009-04-08 00:00:00+09:00,426.1066360473633,426.1066360473633,414.5902404785156,414.5902404785156,222400,0.0,0.0
2009-04-09 00:00:00+09:00,417.29997750614467,422.0420227050781,417.29997750614467,422.0420227050781,380700,0.0,0.0
2009-04-10 00:00:00+09:00,428.81621460914613,433.5582580566406,428.81621460914613,433.5582580566406,480300,0.0,0.0
2009-04-13 00:00:00+09:00,439.6551710605621,439.6551710605621,433.5582580566406,433.5582580566406,269500,0.0,0.0
2009-04-14 00:00:00+09:00,430.1710841655731,433.5582580566406,430.1710841655731,433.5582580566406,175900,0.0,0.0
2009-04-15 00:00:00+09:00,433.55838426656146,433.55838426656146,429.4937744140625,429.4937744140625,265400,0.0,0.0
2009-04-16 00:00:00+09:00,429.4938271484375,429.4938271484375,423.39691162109375,423.39691162109375,214900,0.0,0.0
2009-04-17 00:00:00+09:00,424.07421875,424.07421875,424.07421875,424.07421875,413200,0.0,0.0
2009-04-20 00:00:00+09:00,424.7516334834061,430.1711120605469,424.7516334834061,430.1711120605469,340400,0.0,0.0
2009-04-21 00:00:00+09:00,426.1066670193568,432.2035827636719,426.1066670193568,432.2035827636719,498800,0.0,0.0
2009-04-22 00:00:00+09:00,434.796806244927,434.796806244927,432.2035827636719,432.2035827636719,257600,0.0,0.0
2009-04-23 00:00:00+09:00,425.42906830554875,430.1711120605469,425.42906830554875,430.1711120605469,457700,0.0,0.0
2009-04-24 00:00:00+09:00,427.4613727719765,430.1711120605469,427.4613727719765,430.1711120605469,314200,0.0,0.0
2009-04-27 00:00:00+09:00,430.848659051913,434.91326904296875,430.848659051913,434.91326904296875,405500,0.0,0.0
2009-04-28 00:00:00+09:00,435.5907915260649,435.5907915260649,417.97747802734375,417.97747802734375,268700,0.0,0.0
2009-04-30 00:00:00+09:00,429.4938271484375,429.4938271484375,423.39691162109375,423.39691162109375,290300,0.0,0.0
2009-05-01 00:00:00+09:00,437.6229974024044,437.6229974024044,436.26812744140625,436.26812744140625,374600,0.0,0.0
2009-05-07 00:00:00+09:00,434.8937755995797,447.10699462890625,434.8937755995797,447.10699462890625,283700,0.0,0.0
2009-05-08 00:00:00+09:00,447.1070518149986,451.1716613769531,447.1070518149986,451.1716613769531,218600,0.0,0.0
2009-05-11 00:00:00+09:00,451.1715310990899,455.91357421875,451.1715310990899,455.91357421875,270200,0.0,0.0
2009-05-12 00:00:00+09:00,457.34994934861214,457.34994934861214,453.2041320800781,453.2041320800781,273200,0.0,0.0
2009-05-13 00:00:00+09:00,453.8812838676281,453.8812838676281,450.4941101074219,450.4941101074219,151600,0.0,0.0
2009-05-14 00:00:00+09:00,437.6228332519531,437.6228332519531,437.6228332519531,437.6228332519531,236000,0.0,0.0
2009-05-15 00:00:00+09:00,446.42966859489457,446.42966859489457,445.0747985839844,445.0747985839844,368500,0.0,0.0
2009-05-18 00:00:00+09:00,445.0747985839844,445.0747985839844,445.0747985839844,445.0747985839844,257900,0.0,0.0
2009-05-19 00:00:00+09:00,440.332757859003,441.01019287109375,440.332757859003,441.01019287109375,338300,0.0,0.0
2009-05-20 00:00:00+09:00,439.6553185403438,445.0747985839844,439.6553185403438,445.0747985839844,287100,0.0,0.0
2009-05-21 00:00:00+09:00,445.75206684313326,450.4941101074219,445.75206684313326,450.4941101074219,404200,0.0,0.0
2009-05-22 00:00:00+09:00,451.17174583043214,451.17174583043214,448.4620056152344,448.4620056152344,622700,0.0,0.0
2009-05-25 00:00:00+09:00,447.78461677934865,485.0435485839843,447.78461677934865,485.0435485839844,625200,0.0,0.0
2009-05-26 00:00:00+09:00,485.04356795821445,489.7856140136719,485.04356795821445,489.7856140136719,437400,0.0,0.0
2009-05-27 00:00:00+09:00,482.3334634509923,486.3980712890625,482.3334634509923,486.3980712890625,500800,0.0,0.0
2009-05-28 00:00:00+09:00,486.39834871396914,493.1726989746094,486.39834871396914,493.1726989746094,367200,0.0,0.0
2009-05-29 00:00:00+09:00,491.81775959294015,555.4966430664062,491.81775959294015,555.4966430664062,1151400,0.0,0.0
2009-06-01 00:00:00+09:00,540.5932182699947,559.5614013671875,540.5932182699947,559.5614013671875,1303400,0.0,0.0
2009-06-02 00:00:00+09:00,558.0502588911457,558.0502588911457,552.7867431640625,552.7867431640625,917000,0.0,0.0
2009-06-03 00:00:00+09:00,546.0123958213657,552.7867431640625,546.0123958213657,552.7867431640625,974400,0.0,0.0
2009-06-04 00:00:00+09:00,552.7869166900224,604.27197265625,552.7869166900224,604.27197265625,1125100,0.0,0.0
2009-06-05 00:00:00+09:00,602.4229405508255,602.4229405508255,573.1099853515625,573.1099853515625,632000,0.0,0.0
2009-06-08 00:00:00+09:00,581.2392173105582,585.9812622070312,581.2392173105582,585.9812622070312,712700,0.0,0.0
2009-06-09 00:00:00+09:00,577.1744328953877,577.8518676757812,577.1744328953877,577.8518676757812,758600,0.0,0.0
2009-06-10 00:00:00+09:00,580.5616937045394,589.3683471679688,580.5616937045394,589.3683471679688,916800,0.0,0.0
2009-06-11 00:00:00+09:00,586.6586076407598,592.7555215769801,586.6586076407598,589.3683471679688,366500,0.0,0.0
2009-06-12 00:00:00+09:00,571.7551382531783,573.7874432469692,552.7869583111298,556.1741333007812,1753100,0.0,0.0
2009-06-15 00:00:00+09:00,562.2710687757113,569.7228540245461,558.2064586399833,560.9161987304688,899600,0.0,0.0
2009-06-16 00:00:00+09:00,545.3351613946091,546.690031360807,537.2059415974225,543.3028564453125,438800,0.0,0.0
2009-06-17 00:00:00+09:00,543.3028199285524,561.5935632428552,540.5930801782853,554.8192138671875,562300,0.0,0.0
2009-06-18 00:00:00+09:00,560.9159824005164,560.9159824005164,551.4318957415705,557.52880859375,358800,0.0,0.0
2009-06-19 00:00:00+09:00,543.9802285882967,551.432012541561,538.5607493495589,550.7545776367188,503700,0.0,0.0
2009-06-22 00:00:00+09:00,541.9478749229347,554.8191369523544,538.5607007046664,549.399658203125,357800,0.0,0.0
2009-06-23 00:00:00+09:00,535.1735012010596,537.2058056360004,528.3991530845905,530.4314575195312,463200,0.0,0.0
2009-06-24 00:00:00+09:00,535.1734563583973,543.9801081718898,528.3991088095568,535.8508911132812,349900,0.0,0.0
2009-06-25 00:00:00+09:00,529.076564868979,554.1416518089945,529.076564868979,548.0447387695312,590300,0.0,0.0
2009-06-26 00:00:00+09:00,554.1415860684034,572.4323230168715,547.3672390504523,571.0774536132812,585800,0.0,0.0
2009-06-29 00:00:00+09:00,591.4007655552456,594.7879406156994,575.8197602771578,583.2715454101562,822800,0.0,0.0
2009-06-30 00:00:00+09:00,603.5944246269383,625.9497736871953,597.4975112468683,625.2723388671875,988800,0.0,0.0
2009-07-01 00:00:00+09:00,612.4010732443528,617.8205517686391,592.755463593815,611.0462036132812,1024300,0.0,0.0
2009-07-02 00:00:00+09:00,604.2719807017934,606.9817205255682,585.9812368913131,596.1427612304688,666100,0.0,0.0
2009-07-03 00:00:00+09:00,589.3683682553716,599.5298918459815,577.8519748526804,594.1104125976562,536600,0.0,0.0
2009-07-06 00:00:00+09:00,606.9818209134615,615.7884767972506,595.4654247577374,598.8526000976562,345100,0.0,0.0
2009-07-07 00:00:00+09:00,603.5944507533482,606.981625,585.3037098214286,592.7554931640625,320100,0.0,0.0
2009-07-08 00:00:00+09:00,585.9811799731843,599.5298777760325,577.174526401333,581.2391357421875,517400,0.0,0.0
2009-07-09 00:00:00+09:00,576.4971474367301,577.17458239259,557.5289686726544,560.2387084960938,437200,0.0,0.0
2009-07-10 00:00:00+09:00,576.4970889074401,580.5616982299367,556.8514771820397,567.0130004882812,751100,0.0,0.0
2009-07-13 00:00:00+09:00,572.4324945916695,579.2068436400916,546.6899682076655,550.7545776367188,397600,0.0,0.0
2009-07-14 00:00:00+09:00,557.5289593908781,565.6581787258606,540.5930857763313,554.1417846679688,509200,0.0,0.0
2009-07-15 00:00:00+09:00,551.4319441945929,567.0129450747842,543.3027263440584,566.3355102539062,831900,0.0,0.0
2009-07-16 00:00:00+09:00,566.3355786962417,566.3355786962417,557.5289249605346,558.2063598632812,466200,0.0,0.0
2009-07-17 00:00:00+09:00,557.5288535276073,559.5611579754601,546.6898964723927,552.109375,318100,0.0,0.0
2009-07-21 00:00:00+09:00,558.2062593944848,572.4323897916744,553.464215928755,570.4000854492188,264000,0.0,0.0
2009-07-22 00:00:00+09:00,575.1421391958427,590.0457046402579,567.6903564736351,583.9487915039062,419400,0.0,0.0
2009-07-23 00:00:00+09:00,580.5617700310745,585.9812497979923,572.4325503806978,573.1099853515625,242700,0.0,0.0
2009-07-24 00:00:00+09:00,575.8197488265408,584.6264038085938,569.7228338389657,584.6264038085938,396600,0.0,0.0
2009-07-27 00:00:00+09:00,598.175103780983,602.9171487713191,582.5940988127354,584.6264038085938,334500,0.0,0.0
2009-07-28 00:00:00+09:00,585.3036610897622,585.9810958826902,573.1098348170588,583.9487915039062,229700,0.0,0.0
2009-07-29 00:00:00+09:00,577.1746303013393,585.9812854585193,571.0777151925223,583.2715454101562,298000,0.0,0.0
2009-07-30 00:00:00+09:00,586.658485988401,586.658485988401,570.4000521965746,574.4646606445312,336700,0.0,0.0
2009-07-31 00:00:00+09:00,575.1420953858574,579.2067038338139,565.658009007292,574.4646606445312,286200,0.0,0.0
2009-08-03 00:00:00+09:00,579.8843002677523,592.0781290117004,572.4325160353396,577.174560546875,372600,0.0,0.0
2009-08-04 00:00:00+09:00,583.9487915039062,591.4005742261139,581.9164871251223,583.9487915039062,225100,0.0,0.0
2009-08-05 00:00:00+09:00,595.4652824097375,601.5621965641035,591.4006729734936,594.1104125976562,393800,0.0,0.0
2009-08-06 00:00:00+09:00,589.3682585822211,594.110302042078,578.5293021025481,585.3036499023438,529500,0.0,0.0
2009-08-07 00:00:00+09:00,589.3684799697373,628.6597119677198,585.3038697630494,616.4658813476562,1045600,0.0,0.0
2009-08-10 00:00:00+09:00,616.4657783508301,621.8852577209473,602.9170799255371,606.981689453125,634200,0.0,0.0
2009-08-11 00:00:00+09:00,612.4011026558974,612.4011026558974,592.0780572137768,600.207275390625,650000,0.0,0.0
2009-08-12 00:00:00+09:00,600.8847501405405,604.2719246058198,591.4006616377586,595.4652709960938,446200,0.0,0.0
2009-08-13 00:00:00+09:00,594.7878913185814,600.2073709661311,590.0458466269753,596.1427612304688,309300,0.0,0.0
2009-08-14 00:00:00+09:00,592.0779696377841,598.174882368608,585.303622159091,588.6907958984375,403000,0.0,0.0
2009-08-17 00:00:00+09:00,585.3038504464286,592.0782005673364,576.4971952892486,583.2715454101562,365400,0.0,0.0
2009-08-18 00:00:00+09:00,576.4971256166557,587.336084500165,569.045341384243,577.174560546875,290000,0.0,0.0
2009-08-19 00:00:00+09:00,579.2066982525397,581.9164371917329,569.7226119653636,575.14208984375,236100,0.0,0.0
2009-08-20 00:00:00+09:00,572.4324443022037,581.9165321367965,565.6580958489233,578.5293579101562,355600,0.0,0.0
2009-08-21 00:00:00+09:00,581.9167438275197,581.9167438275197,559.5613857992215,568.3680419921875,289100,0.0,0.0
2009-08-24 00:00:00+09:00,583.2714164183312,591.400634765625,581.9165466937823,591.400634765625,348800,0.0,0.0
2009-08-25 00:00:00+09:00,583.9488890070463,598.1750220339002,579.2068446647618,594.1104125976562,391000,0.0,0.0
2009-08-26 00:00:00+09:00,599.5299382737298,630.6919463647938,596.8201984397243,624.5950317382812,835500,0.0,0.0
2009-08-27 00:00:00+09:00,617.8205815741356,638.1436270206532,615.1108421812667,636.7887573242188,960500,0.0,0.0
2009-08-28 00:00:00+09:00,630.0143100694215,643.5630049096242,625.2722668753506,641.5307006835938,507300,0.0,0.0
2009-08-31 00:00:00+09:00,646.272998569101,650.3376086229947,629.3371233445438,633.4017333984375,332500,0.0,0.0
2009-09-02 00:00:00+09:00,629.3371175782294,636.7889026087573,623.9176375560272,634.0791625976562,286500,0.0,0.0
2009-09-03 00:00:00+09:00,631.3693523715615,633.4016571538733,625.2724380246258,627.982177734375,214600,0.0,0.0
2009-09-04 00:00:00+09:00,623.2401430923327,623.9175780304765,611.7237491438874,612.4011840820312,278100,0.0,0.0
2009-09-07 00:00:00+09:00,614.4334602649718,623.9175489570441,611.7237206386653,615.788330078125,356200,0.0,0.0
2009-09-08 00:00:00+09:00,615.1108454963995,616.4657152001362,604.9493227183754,614.4334106445312,244700,0.0,0.0
2009-09-09 00:00:00+09:00,617.8207455749176,632.0468811638137,609.6915252384056,617.143310546875,457300,0.0,0.0
2009-09-10 00:00:00+09:00,623.9176035109599,641.5309126220185,620.5304286819102,638.1437377929688,314400,0.0,0.0
2009-09-11 00:00:00+09:00,633.4016571538733,634.756527008748,622.5626983148766,627.982177734375,350300,0.0,0.0
2009-09-14 00:00:00+09:00,627.3046384312106,629.3369428753722,611.7236376926384,618.4979858398438,218400,0.0,0.0
2009-09-15 00:00:00+09:00,621.2077194647925,626.6271979334057,615.1108061876026,619.1754150390625,196600,0.0,0.0
2009-09-16 00:00:00+09:00,623.2402257992591,626.6274009394724,611.0463952944909,617.143310546875,295000,0.0,0.0
2009-09-17 00:00:00+09:00,617.143310546875,624.5950958553444,611.0463952944909,617.143310546875,286300,0.0,0.0
2009-09-18 00:00:00+09:00,611.0463693186723,617.1432843118741,607.659194322449,613.0786743164062,153300,0.0,0.0
2009-09-21 00:00:00+09:00,613.0786743164062,613.0786743164062,613.0786743164062,613.0786743164062,0,0.0,0.0
2009-09-24 00:00:00+09:00,604.9494459844857,621.2078857421875,598.8525310753475,621.2078857421875,450300,0.0,0.0
2009-09-25 00:00:00+09:00,621.8920137189708,621.8920137189708,606.1565722277318,617.1029663085938,202600,9.0,0.0
2009-09-28 00:00:00+09:00,608.8931291932764,608.8931291932764,591.7893896091956,595.894287109375,271600,0.0,0.0
2009-09-29 00:00:00+09:00,597.9467599864329,598.6309095974012,583.5796181560952,587.0003662109375,282200,0.0,0.0
2009-09-30 00:00:00+09:00,591.1051881785913,615.050421496011,584.2636929450427,614.3662719726562,430900,0.0,0.0
2009-10-01 00:00:00+09:00,602.0517623493756,604.1042115392031,582.8955699109864,589.0529174804688,379500,0.0,0.0
2009-10-02 00:00:00+09:00,569.2123605247286,569.2123605247286,558.9501184479607,567.159912109375,351400,0.0,0.0
2009-10-05 00:00:00+09:00,565.1074862012675,569.8965326944987,552.1086457196403,558.2659912109375,333700,0.0,0.0
2009-10-06 00:00:00+09:00,551.4244448454484,557.5817897630775,543.8988010572351,550.7402954101562,349000,0.0,0.0
2009-10-07 00:00:00+09:00,547.3197097413278,576.0539945027474,541.1623630067378,571.9490966796875,397200,0.0,0.0
2009-10-08 00:00:00+09:00,566.4757819002535,569.212379880448,554.1610909893784,565.1074829101562,386100,0.0,0.0
2009-10-09 00:00:00+09:00,578.7905143881744,582.8954116533388,569.2124207694576,580.1588134765625,503600,0.0,0.0
2009-10-13 00:00:00+09:00,587.000241187311,604.1039778186429,582.8953443957913,593.8417358398438,477500,0.0,0.0
2009-10-14 00:00:00+09:00,593.8419090477196,594.5260587125211,578.7906164220861,582.2113647460938,256300,0.0,0.0
2009-10-15 00:00:00+09:00,589.0527733518367,598.6308672274763,577.42223078856,584.9478759765625,191000,0.0,0.0
2009-10-16 00:00:00+09:00,585.6319324582122,588.3685302734375,578.1062884663427,588.3685302734375,177500,0.0,0.0
2009-10-19 00:00:00+09:00,581.5271321133044,587.0003286508414,569.8965894710383,578.1063842773438,247500,0.0,0.0
2009-10-20 00:00:00+09:00,583.5795833400038,588.3686303310707,580.8429850593942,584.2637329101562,115900,0.0,0.0
2009-10-21 00:00:00+09:00,577.422308834705,581.5272067648094,574.0015605596178,576.7381591796875,128900,0.0,0.0
2009-10-22 00:00:00+09:00,576.7381591796875,576.7381591796875,563.0551660793391,576.7381591796875,161800,0.0,0.0
2009-10-23 00:00:00+09:00,571.9490920623707,581.5271869055205,570.5807927990636,578.7905883789062,203200,0.0,0.0
2009-10-26 00:00:00+09:00,582.8954143724475,592.4735080358445,581.5271152776764,586.316162109375,260800,0.0,0.0
2009-10-27 00:00:00+09:00,576.0538748309341,578.10632331608,560.3184364448159,565.1074829101562,331100,0.0,0.0
2009-10-28 00:00:00+09:00,565.1073946311941,569.2122909602342,549.3719587032068,554.8451538085938,324800,0.0,0.0
2009-10-29 00:00:00+09:00,545.9513382523148,559.6343291859569,531.5841977719908,554.1611328125,645400,0.0,0.0
2009-10-30 00:00:00+09:00,567.8440522693453,578.1062941778274,556.8976609002976,574.685546875,608900,0.0,0.0
2009-11-02 00:00:00+09:00,558.2659626788404,569.8965035679829,556.897663750706,567.8440551757812,242700,0.0,0.0
2009-11-04 00:00:00+09:00,561.6867512385815,570.5806949244542,555.5294056099002,569.8965454101562,265700,0.0,0.0
2009-11-05 00:00:00+09:00,563.0551409785419,567.1600387256515,552.1087469862495,560.3185424804688,256800,0.0,0.0
2009-11-06 00:00:00+09:00,567.1600188837724,582.8954596971944,554.1611764726848,562.3709716796875,324500,0.0,0.0
2009-11-09 00:00:00+09:00,548.687910900069,561.0026021671529,537.7415186626612,556.897705078125,488300,0.0,0.0
2009-11-10 00:00:00+09:00,552.1086945229389,558.9501901180187,543.8988998088431,546.635498046875,299300,0.0,0.0
2009-11-11 00:00:00+09:00,547.3196890586034,556.897783617129,546.6355394472803,548.68798828125,288400,0.0,0.0
2009-11-12 00:00:00+09:00,554.1610975241838,554.1610975241838,543.8988549774397,551.4244995117188,359000,0.0,0.0
2009-11-13 00:00:00+09:00,546.6354877989969,554.8452823591822,541.8464409722222,554.1611328125,396600,0.0,0.0
2009-11-16 00:00:00+09:00,547.3194532237674,548.003602540297,537.0572134758218,541.162109375,210200,0.0,0.0
2009-11-17 00:00:00+09:00,537.0573110555545,540.47805825973,521.3218739163472,524.0584716796875,222300,0.0,0.0
2009-11-18 00:00:00+09:00,519.9536164560305,532.9524568674314,517.2170184746831,526.1109619140625,241800,0.0,0.0
2009-11-19 00:00:00+09:00,526.7950887417575,526.7950887417575,513.7962488896882,522.0060424804688,213800,0.0,0.0
2009-11-20 00:00:00+09:00,511.7438130723349,520.6377563476562,509.00721514146676,520.6377563476562,243200,0.0,0.0
2009-11-24 00:00:00+09:00,534.32080078125,540.4781467569622,528.8476043583947,534.32080078125,401900,0.0,0.0
2009-11-25 00:00:00+09:00,527.4792386808664,537.7414806785487,524.7426408148178,535.0048828125,201000,0.0,0.0
2009-11-26 00:00:00+09:00,528.1634870706146,535.004983017125,524.7427390973593,530.9000854492188,194600,0.0,0.0
2009-11-27 00:00:00+09:00,530.9000741106719,530.9000741106719,516.5329329298419,519.26953125,309200,0.0,0.0
2009-11-30 00:00:00+09:00,534.3208443448042,544.5830884743458,533.636694736168,542.5306396484375,219200,0.0,0.0
2009-12-01 00:00:00+09:00,543.2147084990894,557.5818481445312,539.1098114575345,557.5818481445312,244600,0.0,0.0
2009-12-02 00:00:00+09:00,557.5818545929629,560.3184526523149,550.056209929745,556.897705078125,161500,0.0,0.0
2009-12-03 00:00:00+09:00,565.1075957458352,578.7905883789062,561.6868475875674,578.7905883789062,236600,0.0,0.0
2009-12-04 00:00:00+09:00,571.9490683288207,575.3698163451413,563.0551234863868,568.5283203125,227400,0.0,0.0
2009-12-07 00:00:00+09:00,588.3685948988971,598.6308378331802,579.4746510225184,581.527099609375,295500,0.0,0.0
2009-12-08 00:00:00+09:00,574.68561712301,584.9478602859209,573.317318034622,580.1588134765625,166400,0.0,0.0
2009-12-09 00:00:00+09:00,568.5283160306044,578.7905600022759,566.4758672362701,575.3698120117188,148000,0.0,0.0
2009-12-10 00:00:00+09:00,576.0538748309341,582.8953697814203,559.6342869497673,565.1074829101562,193800,0.0,0.0
2009-12-11 00:00:00+09:00,562.3710164243216,578.7906081447397,557.5819688391996,576.7381591796875,335600,0.0,0.0
2009-12-14 00:00:00+09:00,574.0013974144346,576.7379952566964,564.4233049665179,574.685546875,122700,0.0,0.0
2009-12-15 00:00:00+09:00,570.5808450703405,579.4747910966169,567.8442462930248,573.3174438476562,99500,0.0,0.0
2009-12-16 00:00:00+09:00,574.685675492588,584.263770084131,570.580777810498,574.0015258789062,151000,0.0,0.0
2009-12-17 00:00:00+09:00,574.0014263457882,576.0538748309341,565.1074829101562,565.1074829101562,148500,0.0,0.0
2009-12-18 00:00:00+09:00,561.6867576012245,569.8965518657978,558.2660099909856,569.21240234375,110400,0.0,0.0
2009-12-21 00:00:00+09:00,562.3708880578687,580.1587750280688,562.3708880578687,571.2648315429688,271000,0.0,0.0
2009-12-22 00:00:00+09:00,571.9489490327381,578.1062941778274,569.2123511904762,574.685546875,182200,0.0,0.0
2009-12-24 00:00:00+09:00,569.2124981309809,574.6856952283941,565.7917499450975,571.9490966796875,205800,0.0,0.0
2009-12-25 00:00:00+09:00,568.528211052944,569.2123605247286,563.7391647504523,567.159912109375,105300,0.0,0.0
2009-12-28 00:00:00+09:00,565.7916355521379,577.4221770326534,558.2659910647455,571.2648315429688,203800,0.0,0.0
2009-12-29 00:00:00+09:00,569.2123541039157,569.8965035679829,565.7916067835796,567.8440551757812,122700,0.0,0.0
2009-12-30 00:00:00+09:00,554.8452437157724,563.7391872032016,554.8452437157724,558.2659912109375,110400,0.0,0.0
2010-01-04 00:00:00+09:00,555.5292885688791,563.054931640625,552.1085417180856,563.054931640625,104000,0.0,0.0
2010-01-05 00:00:00+09:00,569.2123897622699,569.8965392691957,556.8976986376055,557.5818481445312,142400,0.0,0.0
2010-01-06 00:00:00+09:00,552.7928966107677,561.6868417295053,550.7404477372129,560.3185424804688,147200,0.0,0.0
2010-01-07 00:00:00+09:00,562.3708849299618,567.8440808903507,557.5818384646215,565.1074829101562,236300,0.0,0.0
2010-01-08 00:00:00+09:00,569.8965894710383,584.2637303820729,567.844140769462,578.1063842773438,284100,0.0,0.0
2010-01-12 00:00:00+09:00,578.106382864493,593.8418228714554,577.4222332989729,591.105224609375,335400,0.0,0.0
2010-01-13 00:00:00+09:00,587.0003662109375,605.4724057070858,584.9479173780321,587.0003662109375,304400,0.0,0.0
2010-01-14 00:00:00+09:00,587.6844574643392,593.8418033516256,584.2637097491801,593.1576538085938,125000,0.0,0.0
2010-01-15 00:00:00+09:00,602.0516640183615,612.9980579096045,591.1052701271186,605.472412109375,400500,0.0,0.0
2010-01-18 00:00:00+09:00,593.1575764500817,596.5783237191133,588.3685302734375,588.3685302734375,178600,0.0,0.0
2010-01-19 00:00:00+09:00,596.5783498883928,605.4722931780134,595.8942004045759,598.6307983398438,184200,0.0,0.0
2010-01-20 00:00:00+09:00,597.2626016047658,602.7357984121405,589.7369559946255,600.683349609375,271100,0.0,0.0
2010-01-21 00:00:00+09:00,593.8418642523568,615.7346518745636,590.421116186387,612.3139038085938,389400,0.0,0.0
2010-01-22 00:00:00+09:00,595.8943045873116,608.208997449047,592.4735565701628,606.8406982421875,333100,0.0,0.0
2010-01-25 00:00:00+09:00,593.8420412940065,603.4201387342324,589.0529925738936,599.9993896484375,268900,0.0,0.0
2010-01-26 00:00:00+09:00,604.1040779659345,619.8395182753529,602.0516292299234,602.7357788085938,438100,0.0,0.0
2010-01-27 00:00:00+09:00,598.6308501528484,600.6832987819439,593.1576538085938,593.1576538085938,274700,0.0,0.0
2010-01-28 00:00:00+09:00,589.052918532799,598.6310147691047,578.106522834164,595.2102661132812,390600,0.0,0.0
2010-01-29 00:00:00+09:00,597.2625862761015,601.3674837762809,592.4735391925589,595.894287109375,228900,0.0,0.0
2010-02-01 00:00:00+09:00,589.7370026250185,589.7370026250185,576.05400952467,576.7381591796875,232100,0.0,0.0
2010-02-02 00:00:00+09:00,576.0538992507466,602.7357306887266,569.2124040102389,601.367431640625,369800,0.0,0.0
2010-02-03 00:00:00+09:00,602.0516770774349,609.5773230409028,595.2101807470094,604.1041259765625,298700,0.0,0.0
2010-02-04 00:00:00+09:00,593.8420412940065,605.4725881857095,591.1054420253705,599.9993896484375,212900,0.0,0.0
2010-02-05 00:00:00+09:00,588.36869660147,614.3663831954884,574.6857036572497,577.4223022460938,535100,0.0,0.0
2010-02-08 00:00:00+09:00,567.8441369129204,593.8418202896564,562.3709404125549,584.9478759765625,673900,0.0,0.0
2010-02-09 00:00:00+09:00,580.1587588547816,580.8429083345632,569.8965166580579,579.474609375,302300,0.0,0.0
2010-02-10 00:00:00+09:00,576.7381112079416,578.7905600022759,570.5807648249387,575.3698120117188,303200,0.0,0.0
2010-02-12 00:00:00+09:00,583.5796405116907,584.2637901488673,565.1076003079208,571.9490966796875,266300,0.0,0.0
2010-02-15 00:00:00+09:00,568.5282787378284,572.633176057235,561.6867832054838,566.475830078125,352400,0.0,0.0
2010-02-16 00:00:00+09:00,566.4758891011332,569.2124875992064,559.6343928559505,560.3185424804688,202700,0.0,0.0
2010-02-17 00:00:00+09:00,565.7917434528309,572.6332397460938,562.3709953061996,572.6332397460938,392800,0.0,0.0
2010-02-18 00:00:00+09:00,576.7380851429596,587.0003286508414,566.4758416350777,578.1063842773438,593000,0.0,0.0
2010-02-19 00:00:00+09:00,574.6856952283941,576.0539945027474,565.1076003079208,571.9490966796875,449000,0.0,0.0
2010-02-22 00:00:00+09:00,576.0539747199513,584.9479196978127,567.1600297420897,574.0015258789062,393100,0.0,0.0
2010-02-23 00:00:00+09:00,565.107498810071,574.0014424959437,555.5294056099002,569.8965454101562,444600,0.0,0.0
2010-02-24 00:00:00+09:00,561.0026790047389,564.4234270474507,552.7928837022305,561.6868286132812,263400,0.0,0.0
2010-02-25 00:00:00+09:00,567.8439772317361,574.0013215631645,558.9500354196728,563.054931640625,380000,0.0,0.0
2010-02-26 00:00:00+09:00,563.739177514737,573.3172703365893,561.6867290529115,565.7916259765625,269600,0.0,0.0
2010-03-01 00:00:00+09:00,563.739158391378,574.0014003523861,558.2659626788404,567.8440551757812,206700,0.0,0.0
2010-03-02 00:00:00+09:00,570.5807974053341,572.6332463168642,555.5295053874477,571.9490966796875,256800,0.0,0.0
2010-03-03 00:00:00+09:00,571.9491115945655,577.422308834705,567.844213664461,576.7381591796875,219700,0.0,0.0
2010-03-04 00:00:00+09:00,579.4747030298954,587.6844981141442,573.3173567167088,576.053955078125,288500,0.0,0.0
2010-03-05 00:00:00+09:00,582.8955423230323,590.421188996217,578.7906441376588,585.6321411132812,327500,0.0,0.0
2010-03-08 00:00:00+09:00,591.7894883913415,591.7894883913415,582.8955423230323,585.6321411132812,335100,0.0,0.0
2010-03-09 00:00:00+09:00,580.8429850593942,584.9478824803086,578.7905363489369,584.2637329101562,214800,0.0,0.0
2010-03-10 00:00:00+09:00,578.7905883789062,587.6845335904025,574.6856905889849,578.7905883789062,268600,0.0,0.0
2010-03-11 00:00:00+09:00,581.5271125649507,584.9478602859209,574.68561712301,580.1588134765625,268000,0.0,0.0
2010-03-12 00:00:00+09:00,581.5272282936268,583.5796773346631,575.3698811705177,580.8430786132812,390700,0.0,0.0
2010-03-15 00:00:00+09:00,581.5271125649507,587.0003089185032,576.0539162113981,580.1588134765625,187000,0.0,0.0
2010-03-16 00:00:00+09:00,579.474683411728,581.5271321133044,576.0539355757675,578.1063842773438,166100,0.0,0.0
2010-03-17 00:00:00+09:00,582.8954298231337,593.8418228714554,580.1588315610533,591.105224609375,365200,0.0,0.0
2010-03-18 00:00:00+09:00,593.8419090477196,594.5260587125211,581.5272150812923,582.2113647460938,198700,0.0,0.0
2010-03-19 00:00:00+09:00,588.368607007371,595.2101024376892,586.3161583782755,593.1576538085938,259500,0.0,0.0
2010-03-23 00:00:00+09:00,582.8953346429869,592.4734269962754,582.8953346429869,588.3685302734375,255300,0.0,0.0
2010-03-24 00:00:00+09:00,594.5260670565337,594.5260670565337,584.9479716148866,587.6845703125,203600,0.0,0.0
2010-03-25 00:00:00+09:00,596.5784211335359,601.3674680921766,589.0527759128147,591.105224609375,571100,0.0,0.0
2010-03-26 00:00:00+09:00,599.9992560309333,607.52490234375,595.8943580421242,607.52490234375,374600,0.0,0.0
2010-03-29 00:00:00+09:00,615.1447764781111,622.0720825195312,612.373854061543,622.0720825195312,247500,11.0,0.0
2010-03-30 00:00:00+09:00,617.2231057261507,652.5523744040785,617.2231057261507,650.4741821289062,671100,0.0,0.0
2010-03-31 00:00:00+09:00,654.6305360324378,657.4014589362788,643.5468444170738,647.010498046875,342800,0.0,0.0
2010-04-01 00:00:00+09:00,643.5469477450093,650.4742561168609,633.8487160244172,646.31787109375,320700,0.0,0.0
2010-04-02 00:00:00+09:00,647.7030566643025,648.3957872061894,637.3120985359981,642.8539428710938,151600,0.0,0.0
2010-04-05 00:00:00+09:00,646.3176511442879,647.0103817457286,639.3903451298796,644.9321899414062,236900,0.0,0.0
2010-04-06 00:00:00+09:00,651.1667898319765,654.6304429693807,641.468561047245,643.5467529296875,307500,0.0,0.0
2010-04-07 00:00:00+09:00,647.0105283369526,655.3232974376415,643.5468745449989,650.4741821289062,273900,0.0,0.0
2010-04-08 00:00:00+09:00,649.7815331500509,649.7815331500509,635.2341853929603,637.3123779296875,312600,0.0,0.0
2010-04-09 00:00:00+09:00,632.4632555795258,641.4687564804392,631.7705247409941,639.3905639648438,238900,0.0,0.0
2010-04-12 00:00:00+09:00,640.0830804164113,644.9321946619903,635.2339661708324,635.9266967773438,314500,0.0,0.0
2010-04-13 00:00:00+09:00,633.1559082834344,638.0050235547517,626.228600752981,631.7704467773438,259400,0.0,0.0
2010-04-14 00:00:00+09:00,626.9212397444608,631.0776236543688,618.6084719246447,621.37939453125,307600,0.0,0.0
2010-04-15 00:00:00+09:00,626.9211259503855,639.3902754168021,625.5356648985614,633.1557006835938,343000,0.0,0.0
2010-04-16 00:00:00+09:00,628.9995367867606,628.9995367867606,615.1449214390346,620.686767578125,467300,0.0,0.0
2010-04-19 00:00:00+09:00,609.6029787365668,623.4575918896705,609.6029787365668,612.3739013671875,562900,0.0,0.0
2010-04-20 00:00:00+09:00,610.2957148415077,610.2957148415077,603.368408203125,603.368408203125,344700,0.0,0.0
2010-04-21 00:00:00+09:00,603.3685168553367,618.6085942041511,597.1339397580944,614.4522094726562,420900,0.0,0.0
2010-04-22 00:00:00+09:00,619.9939696029817,622.0721616798633,605.4466250648112,615.8375854492188,321300,0.0,0.0
2010-04-23 00:00:00+09:00,615.1448851719798,621.379461710885,608.9103086330746,619.30126953125,201900,0.0,0.0
2010-04-26 00:00:00+09:00,624.8430117780991,629.6921260601907,621.3793587194622,626.9212036132812,258800,0.0,0.0
2010-04-27 00:00:00+09:00,628.3067016601562,629.6921629648093,619.993933832238,628.3067016601562,155900,0.0,0.0
2010-04-28 00:00:00+09:00,608.910375796436,616.5304146289284,607.5249141905283,610.2958374023438,217800,0.0,0.0
2010-04-30 00:00:00+09:00,619.3011716834098,620.686632917601,613.7593267466456,617.9157104492188,217500,0.0,0.0
2010-05-06 00:00:00+09:00,610.988617674111,612.3740793921928,599.9049239294559,607.5249633789062,320000,0.0,0.0
2010-05-07 00:00:00+09:00,597.1337636192733,598.5192247877635,586.7428048555968,591.5919189453125,318600,0.0,0.0
2010-05-10 00:00:00+09:00,590.8992210969719,611.6811397756462,588.8210292291045,608.9102172851562,294300,0.0,0.0
2010-05-11 00:00:00+09:00,613.066618098769,616.5302713083667,595.7483520507812,595.7483520507812,335000,0.0,0.0
2010-05-12 00:00:00+09:00,599.2121029775077,619.9940256241265,592.9775261835221,604.0612182617188,407100,0.0,0.0
2010-05-13 00:00:00+09:00,621.3794611863457,649.0886902247557,617.9158075565445,647.010498046875,993900,0.0,0.0
2010-05-14 00:00:00+09:00,637.3122072426272,649.0886284634148,633.1558232823492,640.0831298828125,404400,0.0,0.0
2010-05-17 00:00:00+09:00,640.0832216679985,643.5468754649032,628.3067987585223,636.6195678710938,489900,0.0,0.0
2010-05-18 00:00:00+09:00,642.1613147066867,643.5467760113397,624.8430483985236,628.3067016601562,452800,0.0,0.0
2010-05-19 00:00:00+09:00,624.1503171378554,626.2285090928094,607.5247814982233,621.37939453125,223900,0.0,0.0
2010-05-20 00:00:00+09:00,612.3739622657997,628.3067689763352,611.6812315392547,619.30126953125,236500,0.0,0.0
2010-05-21 00:00:00+09:00,608.9104265787197,613.0668117430796,596.4412710856401,600.59765625,273000,0.0,0.0
2010-05-24 00:00:00+09:00,597.8265747775921,603.3684201984736,589.5138066462698,599.2120361328125,221600,0.0,0.0
2010-05-25 00:00:00+09:00,589.5136811581914,592.9773338089446,574.2736094948774,578.4299926757812,231000,0.0,0.0
2010-05-26 00:00:00+09:00,587.4355633670085,588.1282939841866,568.0391060860223,574.273681640625,298500,0.0,0.0
2010-05-27 00:00:00+09:00,563.882722382954,576.3518734921593,560.4190692970635,574.273681640625,276100,0.0,0.0
2010-05-28 00:00:00+09:00,584.6646972076344,592.977465414378,576.3519290008908,583.2792358398438,295200,0.0,0.0
2010-05-31 00:00:00+09:00,585.357434380457,599.9047789035216,582.5865116141589,595.0556640625,189700,0.0,0.0
2010-06-01 00:00:00+09:00,587.4355836397059,593.6701594094669,583.2791997931986,588.821044921875,145800,0.0,0.0
2010-06-02 00:00:00+09:00,588.8210627752026,595.7483693960872,578.4301028438754,582.5864868164062,238200,0.0,0.0
2010-06-03 00:00:00+09:00,596.441070979517,602.6756466343551,593.6701484662556,599.9047241210938,203500,0.0,0.0
2010-06-04 00:00:00+09:00,599.9048771697609,604.0612620000363,592.9775691193017,596.4412231445312,126300,0.0,0.0
2010-06-07 00:00:00+09:00,579.8154537360825,588.1282200978902,577.7372621456307,578.4299926757812,123500,0.0,0.0
2010-06-08 00:00:00+09:00,577.0445627848308,585.3573295956567,572.8881793794178,581.8936767578125,114700,0.0,0.0
2010-06-09 00:00:00+09:00,581.8938111229766,581.8938111229766,572.1955809375936,577.7374267578125,137500,0.0,0.0
2010-06-10 00:00:00+09:00,580.5083251661091,580.5083251661091,572.8882874849311,579.1228637695312,161000,0.0,0.0
2010-06-11 00:00:00+09:00,581.8937443504649,587.435589534755,577.7373604622472,586.7428588867188,307900,0.0,0.0
2010-06-14 00:00:00+09:00,591.5919681992641,597.1338133346203,591.5919681992641,595.7483520507812,82800,0.0,0.0
2010-06-15 00:00:00+09:00,590.2066165572362,591.5920780984504,583.9720396217724,586.0502319335938,228000,0.0,0.0
2010-06-16 00:00:00+09:00,590.899376704164,604.0612620000363,590.899376704164,596.4412231445312,311400,0.0,0.0
2010-06-17 00:00:00+09:00,595.0556638468281,599.2120479947687,585.3574341683001,588.1283569335938,224200,0.0,0.0
2010-06-18 00:00:00+09:00,588.1283690971836,590.8992919197852,579.8156006293789,583.9719848632812,171200,0.0,0.0
2010-06-21 00:00:00+09:00,584.6646610753677,597.1338126148897,583.2791997931986,588.821044921875,203500,0.0,0.0
2010-06-22 00:00:00+09:00,586.7429627042007,588.128424245415,580.5083857687371,586.0502319335938,173200,0.0,0.0
2010-06-23 00:00:00+09:00,575.6592163954765,586.7429076858829,572.888293572875,583.9719848632812,276700,0.0,0.0
2010-06-24 00:00:00+09:00,590.8992056761973,592.9773974898299,577.7373241898576,585.3573608398438,219000,0.0,0.0
2010-06-25 00:00:00+09:00,574.9665390442465,593.6702698324328,574.9665390442465,592.9775390625,270000,0.0,0.0
2010-06-28 00:00:00+09:00,595.7484256735237,595.7484256735237,574.2737731201757,577.7374267578125,229100,0.0,0.0
2010-06-29 00:00:00+09:00,576.3519409763755,593.6702084335984,574.2737488815088,579.1228637695312,230300,0.0,0.0
2010-06-30 00:00:00+09:00,572.1954306419473,587.4355026445173,569.4245084596618,581.200927734375,296000,0.0,0.0
2010-07-01 00:00:00+09:00,581.893867022181,583.2793286103291,570.8101743169966,572.8883666992188,196700,0.0,0.0
2010-07-02 00:00:00+09:00,567.34644175384,574.9664794330736,565.2682496595037,572.195556640625,107700,0.0,0.0
2010-07-05 00:00:00+09:00,588.8210374481824,588.8210374481824,573.5809635377589,577.0446166992188,144900,0.0,0.0
2010-07-06 00:00:00+09:00,570.1173407433995,584.6646847963902,564.5754953898792,580.50830078125,140300,0.0,0.0
2010-07-07 00:00:00+09:00,577.0446218351038,578.4300831120188,565.9609316197837,568.0391235351562,255900,0.0,0.0
2010-07-08 00:00:00+09:00,578.4301513526033,583.9719971140653,574.9664977516894,579.8156127929688,197500,0.0,0.0
2010-07-09 00:00:00+09:00,582.5863758566851,583.9718369169864,569.424495783823,578.4299926757812,213100,0.0,0.0
2010-07-12 00:00:00+09:00,573.5809452350322,591.5919410999004,572.1954840146578,576.3518676757812,145000,0.0,0.0
2010-07-13 00:00:00+09:00,579.1228335059639,588.1283321131141,574.9664495334331,582.5864868164062,191000,0.0,0.0
2010-07-14 00:00:00+09:00,592.2846032067928,608.2174053983205,586.7427589662614,601.2901000976562,198400,0.0,0.0
2010-07-15 00:00:00+09:00,613.7594932706791,617.2231472959087,595.0557615344395,596.4412231445312,316500,0.0,0.0
2010-07-16 00:00:00+09:00,595.0556574660638,599.2120415694357,580.5083131042626,583.2792358398438,226600,0.0,0.0
2010-07-21 00:00:00+09:00,581.2009878124059,583.27917966394,568.7318367032004,574.273681640625,158900,0.0,0.0
2010-07-22 00:00:00+09:00,574.273717845401,574.9664485062519,568.7318725585938,568.7318725585938,129400,0.0,0.0
2010-07-23 00:00:00+09:00,577.7374022255221,581.8937864141949,569.4246338481764,572.195556640625,167900,0.0,0.0
2010-07-26 00:00:00+09:00,576.351832217262,585.3573295956567,574.9663710821243,581.8936767578125,225400,0.0,0.0
2010-07-27 00:00:00+09:00,578.4301392180781,585.357446274582,574.9664856898262,583.9719848632812,195700,0.0,0.0
2010-07-28 00:00:00+09:00,586.0502071780758,595.055706815564,583.2792842126948,594.3629760742188,144900,0.0,0.0
2010-07-29 00:00:00+09:00,589.5138427307057,600.597534250907,587.435650570668,593.6702270507812,193700,0.0,0.0
2010-07-30 00:00:00+09:00,592.2848088690574,592.2848088690574,581.2011165393441,586.0502319335938,202400,0.0,0.0
2010-08-02 00:00:00+09:00,588.8210138625647,597.133781117095,583.2791690262112,585.3573608398438,173400,0.0,0.0
2010-08-03 00:00:00+09:00,595.748382389894,595.748382389894,583.9719608775357,592.2847290039062,133000,0.0,0.0
2010-08-04 00:00:00+09:00,588.8210138625647,590.8992056761973,580.5082466080344,585.3573608398438,149900,0.0,0.0
2010-08-05 00:00:00+09:00,595.7483644838687,598.519287109375,588.1283272637262,598.519287109375,213900,0.0,0.0
2010-08-06 00:00:00+09:00,597.1339281369444,619.9940437152729,590.8993511610366,611.6812744140625,305900,0.0,0.0
2010-08-09 00:00:00+09:00,606.1393553423251,610.9884701850636,597.1338563486677,601.9829711914062,241100,0.0,0.0
2010-08-10 00:00:00+09:00,606.1392860233505,608.2174778611447,588.1282900957995,590.2064819335938,293100,0.0,0.0
2010-08-11 00:00:00+09:00,588.821099802834,590.2065612141348,575.6592163954765,583.9719848632812,325300,0.0,0.0
2010-08-12 00:00:00+09:00,577.0447606032457,599.212146364715,577.0447606032457,596.4412231445312,586700,0.0,0.0
2010-08-13 00:00:00+09:00,592.9774717728578,595.0556638468281,577.0446658724188,588.1283569335938,390700,0.0,0.0
2010-08-16 00:00:00+09:00,585.3575005932389,596.4411929121642,581.201115973642,592.9775390625,307500,0.0,0.0
2010-08-17 00:00:00+09:00,581.8938467435747,595.7484621422313,576.3520005841121,592.9775390625,660600,0.0,0.0
2010-08-18 00:00:00+09:00,595.0556640625,601.2902402866706,583.2792423057334,595.0556640625,335700,0.0,0.0
2010-08-19 00:00:00+09:00,592.9775390625,601.9830390716268,590.8993467527015,592.9775390625,365200,0.0,0.0
2010-08-20 00:00:00+09:00,583.9720396217724,591.5920780984504,583.2793088511654,586.0502319335938,165400,0.0,0.0
2010-08-23 00:00:00+09:00,586.7430390354671,605.4467722750865,586.0503081747405,600.59765625,430800,0.0,0.0
2010-08-24 00:00:00+09:00,595.7483650399564,607.5247862093509,590.8992504407939,605.4465942382812,545600,0.0,0.0
2010-08-25 00:00:00+09:00,608.2176211642236,626.9213521111872,601.2903134060889,604.7539672851562,876300,0.0,0.0
2010-08-26 00:00:00+09:00,610.295807163465,622.0722302301834,602.6757687085296,606.8321533203125,460700,0.0,0.0
2010-08-27 00:00:00+09:00,607.5249141905283,613.759491417113,601.9830677668975,610.2958374023438,330800,0.0,0.0
2010-08-30 00:00:00+09:00,615.1449530230207,622.0722610525593,608.910375796436,610.2958374023438,443200,0.0,0.0
2010-08-31 00:00:00+09:00,599.9048035308945,612.3739564911209,593.6702270507812,593.6702270507812,442600,0.0,0.0
2010-09-01 00:00:00+09:00,589.513793437291,590.899254761468,577.0446415196985,582.5864868164062,563800,0.0,0.0
2010-09-02 00:00:00+09:00,586.7428707889371,587.4356014510256,576.35191085761,582.5864868164062,504100,0.0,0.0
2010-09-03 00:00:00+09:00,582.5865051559484,586.7428892593202,577.7373903686813,583.2792358398438,419400,0.0,0.0
2010-09-06 00:00:00+09:00,584.6646739818432,600.5974790785048,584.6646739818432,598.519287109375,338000,0.0,0.0
2010-09-07 00:00:00+09:00,591.5919681992641,600.5974665442178,589.5137762735056,595.7483520507812,227100,0.0,0.0
2010-09-08 00:00:00+09:00,592.2848088690574,592.9775396396645,584.6647703923795,586.0502319335938,261700,0.0,0.0
2010-09-09 00:00:00+09:00,589.5137523111224,597.1337890625,588.1282910835992,597.1337890625,223400,0.0,0.0
2010-09-10 00:00:00+09:00,590.8991421466599,607.5246748682541,590.8991421466599,601.2901000976562,396900,0.0,0.0
2010-09-13 00:00:00+09:00,606.1395016608243,612.3740793921928,604.0613090837015,607.5249633789062,308800,0.0,0.0
2010-09-14 00:00:00+09:00,604.061087162537,604.061087162537,582.5864384216669,585.3573608398438,475900,0.0,0.0
2010-09-16 00:00:00+09:00,593.6702761364988,594.3630069137877,586.0502375863222,590.8993530273438,178000,0.0,0.0
2010-09-17 00:00:00+09:00,597.1338563486677,604.7538939586855,597.1338563486677,601.9829711914062,264000,0.0,0.0
2010-09-21 00:00:00+09:00,608.910234247252,609.6029648891715,593.6701601250227,595.7483520507812,237200,0.0,0.0
2010-09-22 00:00:00+09:00,597.8267328070934,603.3685796929066,594.3630785034602,600.59765625,236000,0.0,0.0
2010-09-24 00:00:00+09:00,593.6702761364988,602.6757762412533,590.8993530273438,590.8993530273438,328300,0.0,0.0
2010-09-27 00:00:00+09:00,600.5975280761719,602.6757202148438,593.6702209472656,602.6757202148438,151800,0.0,0.0
2010-09-28 00:00:00+09:00,604.0788786982147,606.8852846387407,595.6596608766368,597.7644653320312,238000,11.0,0.0
2010-09-29 00:00:00+09:00,599.1676379606214,614.6028698518786,599.1676379606214,606.88525390625,293000,0.0,0.0
2010-09-30 00:00:00+09:00,606.183695211039,613.1997102019075,593.5548682274757,594.2564697265625,155000,0.0,0.0
2010-10-01 00:00:00+09:00,601.2724323385834,601.2724323385834,590.0468093310952,591.4500122070312,169200,0.0,0.0
2010-10-04 00:00:00+09:00,589.345221844198,599.1676422082679,585.8372145713158,587.2404174804688,233800,0.0,0.0
2010-10-05 00:00:00+09:00,583.030884216879,604.0789305784991,582.3292826714917,600.5709228515625,282100,0.0,0.0
2010-10-06 00:00:00+09:00,608.2884825272994,618.812504716353,604.0788736516779,617.4093017578125,369900,0.0,0.0
2010-10-07 00:00:00+09:00,616.7079310530323,623.7239484711556,616.00632931122,620.9175415039062,208400,0.0,0.0
2010-10-08 00:00:00+09:00,623.0223467293432,634.2479745983404,620.215939762094,620.9175415039062,300200,0.0,0.0
2010-10-12 00:00:00+09:00,625.1269693963047,627.9333755439874,601.9741186779231,602.6757202148438,213100,0.0,0.0
2010-10-13 00:00:00+09:00,611.0951031923569,623.0223325313581,607.5870945632389,608.2886962890625,309800,0.0,0.0
2010-10-14 00:00:00+09:00,617.4093136160715,626.5301330217634,612.4981031668527,613.9013061523438,282300,0.0,0.0
2010-10-15 00:00:00+09:00,610.3931974979251,614.6028057565316,605.4819878628844,607.5867919921875,279800,0.0,0.0
2010-10-18 00:00:00+09:00,604.0789136477721,616.7077411107917,604.0789136477721,605.4821166992188,330900,0.0,0.0
2010-10-19 00:00:00+09:00,602.6757705276077,625.1270215833509,599.8693641456398,623.022216796875,364200,0.0,0.0
2010-10-20 00:00:00+09:00,608.2885300747184,609.6917331429415,601.9741162677144,603.3773193359375,274800,0.0,0.0
2010-10-21 00:00:00+09:00,605.4822637542759,620.9175010689852,599.1678484891676,615.3046875,488800,0.0,0.0
2010-10-22 00:00:00+09:00,615.3046396119254,630.7398757253375,612.4982330458505,628.6350708007812,457100,0.0,0.0
2010-10-25 00:00:00+09:00,625.1269897042888,627.2317943834279,613.1997631891677,614.6029663085938,405700,0.0,0.0
2010-10-26 00:00:00+09:00,615.3045678683068,623.7237865848628,613.1997631891677,614.6029663085938,349000,0.0,0.0
2010-10-27 00:00:00+09:00,621.6189395183792,622.320541030251,604.0789017215852,608.9901123046875,316000,0.0,0.0
2010-10-28 00:00:00+09:00,611.0949534587256,616.0061643361206,598.4661254882812,598.4661254882812,395900,0.0,0.0
2010-10-29 00:00:00+09:00,611.0949362111646,611.0949362111646,598.4661085971566,603.3773193359375,394100,0.0,0.0
2010-11-01 00:00:00+09:00,603.3772772130832,604.0788786982147,593.5548564212423,597.7644653320312,210400,0.0,0.0
2010-11-02 00:00:00+09:00,599.1676754361749,602.6756829035999,592.85326199481,595.65966796875,178900,0.0,0.0
2010-11-04 00:00:00+09:00,598.4661471912309,612.498178778364,597.7645456118743,609.6917724609375,251400,0.0,0.0
2010-11-05 00:00:00+09:00,613.1998079028718,618.8126207898547,593.554962798432,601.9741821289062,470100,0.0,0.0
2010-11-08 00:00:00+09:00,605.4821239382721,610.3933346770531,597.764507063045,603.3773193359375,335600,0.0,0.0
2010-11-09 00:00:00+09:00,600.5709036367911,613.9013325726545,600.5709036367911,606.1837158203125,502100,0.0,0.0
2010-11-10 00:00:00+09:00,609.6917503508985,617.4093674439478,594.2565161647998,598.4661254882812,507000,0.0,0.0
2010-11-11 00:00:00+09:00,597.7644392991151,598.4660407536916,583.7324102075866,587.2404174804688,690800,0.0,0.0
2010-11-12 00:00:00+09:00,589.345212521366,599.1676327300554,589.345212521366,590.0468139648438,313300,0.0,0.0
2010-11-15 00:00:00+09:00,594.9581397178614,594.9581397178614,586.5389207595897,592.1517333984375,241400,0.0,0.0
2010-11-16 00:00:00+09:00,592.8533399133387,596.36134784182,587.2405272277687,590.74853515625,333800,0.0,0.0
2010-11-17 00:00:00+09:00,586.5389207595897,593.5549365581494,584.4341160200219,592.1517333984375,252000,0.0,0.0
2010-11-18 00:00:00+09:00,597.0628336118136,606.88525390625,593.5548263638005,606.88525390625,354200,0.0,0.0
2010-11-19 00:00:00+09:00,608.9902782686729,608.9902782686729,595.6598459102572,597.0630493164062,259000,0.0,0.0
2010-11-22 00:00:00+09:00,598.4661206340231,601.9741283751371,596.3613159893549,599.8693237304688,236600,0.0,0.0
2010-11-24 00:00:00+09:00,592.1516136449992,594.2564179589033,587.2404035792232,591.4500122070312,329400,0.0,0.0
2010-11-25 00:00:00+09:00,591.4500637302151,597.7644772219968,587.240454735694,594.2564697265625,289100,0.0,0.0
2010-11-26 00:00:00+09:00,591.4500901071649,594.2564962286698,585.1356763337787,586.5388793945312,437000,0.0,0.0
2010-11-29 00:00:00+09:00,587.2405370744145,589.3453418667959,581.6277242947308,587.942138671875,395300,0.0,0.0
2010-11-30 00:00:00+09:00,585.1356691490055,594.958090453665,585.1356691490055,588.6436767578125,284600,0.0,0.0
2010-12-01 00:00:00+09:00,588.6436839856599,592.8532931679173,583.7324732730262,586.5388793945312,293200,0.0,0.0
2010-12-02 00:00:00+09:00,592.8533399133387,594.2565430847312,587.2405272277687,590.74853515625,204100,0.0,0.0
2010-12-03 00:00:00+09:00,592.1517383276424,593.554941499035,589.3453319848575,590.74853515625,139400,0.0,0.0
2010-12-06 00:00:00+09:00,594.2565381380055,596.3613428775733,590.7485302387256,592.1517333984375,173700,0.0,0.0
2010-12-07 00:00:00+09:00,591.4501269184951,594.2565332146683,590.7485253444518,593.554931640625,164700,0.0,0.0
2010-12-08 00:00:00+09:00,591.4500956241133,602.6757202148438,591.4500956241133,602.6757202148438,364900,0.0,0.0
2010-12-09 00:00:00+09:00,604.7805614054408,611.7965771990074,604.0789598260842,609.6917724609375,387200,0.0,0.0
2010-12-10 00:00:00+09:00,615.3045850957907,615.3045850957907,607.5869677228675,609.6917724609375,410200,0.0,0.0
2010-12-13 00:00:00+09:00,615.3045413459167,623.7237596995667,612.4981352280334,622.320556640625,481400,0.0,0.0
2010-12-14 00:00:00+09:00,626.530226389567,639.8606567382812,625.8286247922663,639.8606567382812,586300,0.0,0.0
2010-12-15 00:00:00+09:00,642.666895340556,648.9813080677012,626.5300628156293,634.9492797851562,498800,0.0,0.0
2010-12-16 00:00:00+09:00,633.5461843178641,641.9654027141148,630.7397781857806,639.1589965820312,567100,0.0,0.0
2010-12-17 00:00:00+09:00,637.0541405388644,641.9653508734151,632.8445316806781,636.3525390625,352300,0.0,0.0
2010-12-20 00:00:00+09:00,637.054084027538,641.2636925123015,632.8444755427746,634.9492797851562,309700,0.0,0.0
2010-12-21 00:00:00+09:00,630.7397295886581,638.4573458572623,627.933323672802,635.6509399414062,255900,0.0,0.0
2010-12-22 00:00:00+09:00,631.4412957729575,635.6509044114438,625.8284842549756,627.9332885742188,239500,0.0,0.0
2010-12-24 00:00:00+09:00,625.1270215833509,627.9334279653189,621.619013605891,623.022216796875,187700,0.0,0.0
2010-12-27 00:00:00+09:00,619.5140851152761,624.425295303053,619.5140851152761,623.7236938476562,134400,0.0,0.0
2010-12-28 00:00:00+09:00,623.0221605839095,623.0221605839095,618.8125513907748,621.6189575195312,177200,0.0,0.0
2010-12-29 00:00:00+09:00,625.126927073409,632.8445434570312,623.0221226051483,632.8445434570312,258700,0.0,0.0
2010-12-30 00:00:00+09:00,630.7397484726257,631.4413499725953,624.4253349728998,630.0381469726562,120300,0.0,0.0
2011-01-04 00:00:00+09:00,634.247785850885,641.2638011810939,630.7397781857806,639.1589965820312,218000,0.0,0.0
2011-01-05 00:00:00+09:00,641.9654027141148,642.6670042471357,634.247785850885,639.1589965820312,219800,0.0,0.0
2011-01-06 00:00:00+09:00,644.0703327579213,658.8039678210109,643.3687310882503,655.2959594726562,360000,0.0,0.0
2011-01-07 00:00:00+09:00,658.1024025295093,659.5056059464165,645.4735717773438,645.4735717773438,436300,0.0,0.0
2011-01-11 00:00:00+09:00,639.8606851773649,658.8039291464315,638.457481920397,648.9815063476562,212800,0.0,0.0
2011-01-12 00:00:00+09:00,658.8037743151569,664.4165860239123,655.2957669971848,658.1021728515625,318700,0.0,0.0
2011-01-13 00:00:00+09:00,665.1181804077279,665.8197818638541,656.6989629342123,660.2069702148438,167400,0.0,0.0
2011-01-14 00:00:00+09:00,656.6991954985119,663.7152125444361,652.4895852709573,663.0136108398438,221300,0.0,0.0
2011-01-17 00:00:00+09:00,670.7312165912829,692.4808690121299,662.3119962993421,666.5216064453125,521500,0.0,0.0
2011-01-18 00:00:00+09:00,670.0293840231355,688.9726231525854,661.6101666322688,680.5534057617188,457000,0.0,0.0
2011-01-19 00:00:00+09:00,683.3598704470666,687.569479505262,675.6422538403748,681.2550659179688,224600,0.0,0.0
2011-01-20 00:00:00+09:00,679.1502401546556,689.6742624711017,670.7310223014987,687.5694580078125,472200,0.0,0.0
2011-01-21 00:00:00+09:00,688.9725798608855,688.9725798608855,674.9405517578125,674.9405517578125,412700,0.0,0.0
2011-01-24 00:00:00+09:00,670.7311709065083,681.2551955546229,665.1183577608471,679.150390625,408700,0.0,0.0
2011-01-25 00:00:00+09:00,682.6583178785982,686.166325678591,670.029489798624,684.7631225585938,426200,0.0,0.0
2011-01-26 00:00:00+09:00,677.7468544798908,677.7468544798908,667.2228350003894,668.6260375976562,381500,0.0,0.0
2011-01-27 00:00:00+09:00,669.327868766904,675.6422826231956,667.2230641481401,672.8358764648438,200000,0.0,0.0
2011-01-28 00:00:00+09:00,668.62612128637,672.1341282186174,658.1021004896276,661.610107421875,434700,0.0,0.0
2011-01-31 00:00:00+09:00,662.3117745832227,664.4165789516015,654.5941585658335,660.2069702148438,194500,0.0,0.0
2011-02-01 00:00:00+09:00,668.6264115182977,670.0296149002878,657.4007844623766,666.5216064453125,294400,0.0,0.0
2011-02-02 00:00:00+09:00,673.5374051802386,683.3598256724505,672.8358037165092,676.3438110351562,223700,0.0,0.0
2011-02-03 00:00:00+09:00,674.2390254830716,674.2390254830716,660.9085972997434,670.7310180664062,220000,0.0,0.0
2011-02-04 00:00:00+09:00,681.2551245041835,685.4647339243949,673.5375072337963,681.9567260742188,227400,0.0,0.0
2011-02-07 00:00:00+09:00,687.5696334761253,691.7792434769996,683.3600234752511,689.6744384765625,225600,0.0,0.0
2011-02-08 00:00:00+09:00,679.1502478887355,695.2870822910505,667.2230224609375,667.2230224609375,567200,0.0,0.0
2011-02-09 00:00:00+09:00,673.5374359227129,674.9406389142185,663.0134134864205,667.2230224609375,345700,0.0,0.0
2011-02-10 00:00:00+09:00,664.4166141157391,674.2390350213573,661.6102081427053,667.9246215820312,221900,0.0,0.0
2011-02-14 00:00:00+09:00,673.5376233552631,673.5376233552631,662.3119962993421,666.5216064453125,252100,0.0,0.0
2011-02-15 00:00:00+09:00,667.223197889028,670.731206290127,662.3119861274895,669.3280029296875,338200,0.0,0.0
2011-02-16 00:00:00+09:00,664.4165907639723,667.9245981069711,655.2957716721754,656.698974609375,351800,0.0,0.0
2011-02-17 00:00:00+09:00,663.0134040872464,670.0294189453125,656.698990714987,670.0294189453125,378300,0.0,0.0
2011-02-18 00:00:00+09:00,668.6264244765831,668.6264244765831,660.9088057260665,663.0136108398438,161400,0.0,0.0
2011-02-21 00:00:00+09:00,655.9974511088031,658.8038573167553,645.4734278289828,651.787841796875,340900,0.0,0.0
2011-02-22 00:00:00+09:00,645.4734745235234,646.8766777290092,634.247848879636,638.4574584960938,405200,0.0,0.0
2011-02-23 00:00:00+09:00,636.3524826134108,641.2636925123015,634.247678371029,634.9492797851562,289000,0.0,0.0
2011-02-24 00:00:00+09:00,630.0381283846768,631.4413313432174,613.9012943614613,617.4093017578125,457800,0.0,0.0
2011-02-25 00:00:00+09:00,613.9012552556917,631.44129112014,613.9012552556917,629.3364868164062,483100,0.0,0.0
2011-02-28 00:00:00+09:00,635.6510397989242,641.9654541015625,625.8286175503757,641.9654541015625,314200,0.0,0.0
2011-03-01 00:00:00+09:00,641.9654467214946,648.279860951542,640.5622435592618,644.0702514648438,157200,0.0,0.0
2011-03-02 00:00:00+09:00,633.5461737814915,637.7557829096077,623.7237524825536,624.4253540039062,278900,0.0,0.0
2011-03-03 00:00:00+09:00,620.9173368927617,627.9333519988945,620.2157353821484,627.2317504882812,201600,0.0,0.0
2011-03-04 00:00:00+09:00,631.4413098570199,634.2477156786066,620.2156865706728,623.7236938476562,263400,0.0,0.0
2011-03-07 00:00:00+09:00,627.2317224675959,627.2317224675959,613.9012943614613,617.4093017578125,312200,0.0,0.0
2011-03-08 00:00:00+09:00,614.6029076450893,623.0221255580358,613.9013061523438,613.9013061523438,191200,0.0,0.0
2011-03-09 00:00:00+09:00,619.5141433544374,626.5301585679645,618.110940311732,624.4253540039062,231600,0.0,0.0
2011-03-10 00:00:00+09:00,624.4253881445758,625.1269897042888,611.7965600697416,614.6029663085938,219200,0.0,0.0
2011-03-11 00:00:00+09:00,606.1837352146612,607.5869383054359,599.1677197607878,600.5709228515625,366000,0.0,0.0
2011-03-14 00:00:00+09:00,537.426786953954,560.579638089046,502.3467094765418,529.007568359375,396600,0.0,0.0
2011-03-15 00:00:00+09:00,512.8706655025481,512.8706655025481,423.7672803878784,449.0249328613281,453500,0.0,0.0
2011-03-16 00:00:00+09:00,442.7105586400201,471.47622092883284,428.6785282552334,455.3393859863281,1048000,0.0,0.0
2011-03-17 00:00:00+09:00,438.5010880160044,473.5811750572848,434.9930793118764,465.8635559082031,834800,0.0,0.0
2011-03-18 00:00:00+09:00,458.84745627597397,482.7019111894038,452.53304174006604,472.1778869628906,1191600,0.0,0.0
2011-03-22 00:00:00+09:00,503.74990986863224,521.9915500588613,491.8226835904056,512.1691284179688,1303600,0.0,0.0
2011-03-23 00:00:00+09:00,520.5883469673051,525.4995577877514,498.1370975024079,512.1691284179688,562300,0.0,0.0
2011-03-24 00:00:00+09:00,512.1690195949672,532.5154600994247,506.5562084213237,526.9026489257812,933300,0.0,0.0
2011-03-25 00:00:00+09:00,527.6043556233509,539.5315817478149,523.3947464029518,531.81396484375,524500,0.0,0.0
2011-03-28 00:00:00+09:00,538.8299900530504,541.6363962512434,523.394755962989,529.007568359375,336000,0.0,0.0
2011-03-29 00:00:00+09:00,537.5515790780385,553.21533370018,532.5676571528116,546.8074340820312,431000,11.0,0.0
2011-03-30 00:00:00+09:00,553.2150610947028,585.2545433974848,549.6551186166159,583.83056640625,1258500,0.0,0.0
2011-03-31 00:00:00+09:00,573.1507374943404,580.9826109259402,563.1828985813954,577.4226684570312,517600,0.0,0.0
2011-04-01 00:00:00+09:00,573.1507015228271,582.406551361084,565.3188285827637,569.5907592773438,284900,0.0,0.0
2011-04-04 00:00:00+09:00,570.3028904212962,571.7268676757812,566.0309586578408,571.7268676757812,371600,0.0,0.0
2011-04-05 00:00:00+09:00,570.3029174804688,570.3029174804688,547.519280327691,551.0792236328125,343500,0.0,0.0
2011-04-06 00:00:00+09:00,551.7911576170605,554.639111978955,538.9753629885353,547.5192260742188,470800,0.0,0.0
2011-04-07 00:00:00+09:00,548.2313096260438,558.1991516192445,538.975456346643,548.9432983398438,525400,0.0,0.0
2011-04-08 00:00:00+09:00,552.5031532988356,555.3511076972833,543.247301503881,550.3671875,940100,0.0,0.0
2011-04-11 00:00:00+09:00,551.0791690265869,551.7911576170605,544.6712717123243,547.5192260742188,356300,0.0,0.0
2011-04-12 00:00:00+09:00,538.9752673951806,548.2311174297081,531.1433942890419,539.687255859375,625300,0.0,0.0
2011-04-13 00:00:00+09:00,540.3992711627294,549.6551216569527,531.8554091680618,538.2633056640625,567700,0.0,0.0
2011-04-14 00:00:00+09:00,531.1435079712074,549.6552120023755,524.0236218053735,543.247314453125,520300,0.0,0.0
2011-04-15 00:00:00+09:00,546.8071851023018,562.4709325922114,546.8071851023018,556.7750244140625,537700,0.0,0.0
2011-04-18 00:00:00+09:00,557.4871215820312,560.3350762261285,548.2312689887153,551.0792236328125,298400,0.0,0.0
2011-04-19 00:00:00+09:00,544.6712717123243,551.7911576170605,542.5353059409034,547.5192260742188,267000,0.0,0.0
2011-04-20 00:00:00+09:00,552.5030517578125,553.9270286953326,543.2472016639316,552.5030517578125,284800,0.0,0.0
2011-04-21 00:00:00+09:00,557.4870810472328,562.4710013120228,553.2151493916984,559.623046875,339600,0.0,0.0
2011-04-22 00:00:00+09:00,553.927070324988,559.622978503137,551.7911047581821,556.7750244140625,268100,0.0,0.0
2011-04-25 00:00:00+09:00,560.3349400734414,563.8948825135523,556.0630091453085,558.198974609375,218000,0.0,0.0
2011-04-26 00:00:00+09:00,561.0469481166654,561.0469481166654,551.7910974497661,553.9270629882812,138600,0.0,0.0
2011-04-27 00:00:00+09:00,560.3350084953502,565.3189285200864,556.0630770455762,561.0469970703125,146900,0.0,0.0
2011-04-28 00:00:00+09:00,566.0310125052556,572.4389107600321,561.0470916404295,568.8789672851562,272800,0.0,0.0
2011-05-02 00:00:00+09:00,574.5748561699794,580.2707655248244,570.3029241538458,579.5587768554688,160600,0.0,0.0
2011-05-06 00:00:00+09:00,571.726812912408,571.726812912408,563.1829502038788,568.1668701171875,162600,0.0,0.0
2011-05-09 00:00:00+09:00,571.0148993172639,571.0148993172639,562.4710354870805,567.4549560546875,197100,0.0,0.0
2011-05-10 00:00:00+09:00,568.1669245395684,574.5748221847515,566.0309586578408,571.7268676757812,193100,0.0,0.0
2011-05-11 00:00:00+09:00,573.1508788312682,579.5587768554688,566.7429808070677,579.5587768554688,315900,0.0,0.0
2011-05-12 00:00:00+09:00,570.3028830999061,574.5748148085196,560.3350424464745,562.4710083007812,442900,0.0,0.0
2011-05-13 00:00:00+09:00,560.3351177606447,561.7590951882448,541.1114224880432,548.9432983398438,332200,0.0,0.0
2011-05-16 00:00:00+09:00,538.975341796875,543.2472731717511,536.8393761094369,538.975341796875,178600,0.0,0.0
2011-05-17 00:00:00+09:00,544.6711786014517,561.0469133829333,541.8232247264115,552.5030517578125,521600,0.0,0.0
2011-05-18 00:00:00+09:00,550.3671204240892,553.9270629882812,543.9592238085436,553.9270629882812,298300,0.0,0.0
2011-05-19 00:00:00+09:00,554.6390901714209,554.6390901714209,538.2633532343956,538.975341796875,385700,0.0,0.0
2011-05-20 00:00:00+09:00,549.6551513671875,555.3510596715107,546.8071972150259,549.6551513671875,292700,0.0,0.0
2011-05-23 00:00:00+09:00,550.3672280831657,550.3672280831657,538.2634209972488,541.8233642578125,214600,0.0,0.0
2011-05-24 00:00:00+09:00,541.8233914381588,546.095323565135,536.8394706233531,540.3994140625,292300,0.0,0.0
2011-05-25 00:00:00+09:00,536.8394165039062,538.2633937360121,532.5674848075887,536.8394165039062,137700,0.0,0.0
2011-05-26 00:00:00+09:00,544.6712986275923,550.3672076328481,541.1113554993074,546.0952758789062,436500,0.0,0.0
2011-05-27 00:00:00+09:00,551.0791690265869,552.5031462075342,543.2472945313771,547.5192260742188,434400,0.0,0.0
2011-05-30 00:00:00+09:00,542.5352989047182,551.7911504608354,536.8393902547998,544.6712646484375,145800,0.0,0.0
2011-05-31 00:00:00+09:00,548.2313496357687,558.199192356419,547.5193608700079,553.2152709960938,281200,0.0,0.0
2011-06-01 00:00:00+09:00,558.9109852086359,566.7428588867188,554.6390541114998,566.7428588867188,352800,0.0,0.0
2011-06-02 00:00:00+09:00,551.7912790766211,562.4711102845557,551.0792903294255,560.3351440429688,229200,0.0,0.0
2011-06-03 00:00:00+09:00,555.3510056328528,561.7589018516934,550.3670863515323,552.5030517578125,223200,0.0,0.0
2011-06-06 00:00:00+09:00,546.8072645045632,553.2151621354761,541.8233441249644,546.0952758789062,190800,0.0,0.0
2011-06-07 00:00:00+09:00,541.1114234468376,543.9593783070842,533.2795475811598,536.1275024414062,412200,0.0,0.0
2011-06-08 00:00:00+09:00,538.2635679244995,550.3673783143361,537.5515790780385,546.8074340820312,199000,0.0,0.0
2011-06-09 00:00:00+09:00,544.6713665338951,544.6713665338951,536.1275019608145,542.535400390625,172700,0.0,0.0
2011-06-10 00:00:00+09:00,540.3994140625,543.9593575016469,534.7035045598649,540.3994140625,775500,0.0,0.0
2011-06-13 00:00:00+09:00,539.6873579574504,544.6712781496697,534.7034377652313,543.9592895507812,219000,0.0,0.0
2011-06-14 00:00:00+09:00,545.3832406123993,556.7750576486895,545.3832406123993,551.7911376953125,348400,0.0,0.0
2011-06-15 00:00:00+09:00,549.6552870536439,549.6552870536439,543.2473886294433,548.9432983398438,160300,0.0,0.0
2011-06-16 00:00:00+09:00,538.2634951942846,545.3833826968545,538.2634951942846,541.1114501953125,240300,0.0,0.0
2011-06-17 00:00:00+09:00,542.5353946170292,542.5353946170292,523.3116995321737,526.8716430664062,370300,0.0,0.0
2011-06-20 00:00:00+09:00,527.5834618182563,531.8553926831814,524.0235194308186,526.1594848632812,332300,0.0,0.0
2011-06-21 00:00:00+09:00,525.4474734971415,526.1594619436146,512.6316814606258,517.6156005859375,408400,0.0,0.0
2011-06-22 00:00:00+09:00,520.4636909744366,526.8715886745323,516.9037478077169,523.3116455078125,377100,0.0,0.0
2011-06-23 00:00:00+09:00,519.7517706121056,520.4637593389715,508.35995098225123,513.3438720703125,445300,0.0,0.0
2011-06-24 00:00:00+09:00,556.0630482095511,561.7589565138743,544.6712316009047,549.6551513671875,1617000,0.0,0.0
2011-06-27 00:00:00+09:00,554.6391185341081,556.063095731885,543.9592895507812,543.9592895507812,513000,0.0,0.0
2011-06-28 00:00:00+09:00,548.9434006214142,553.21533370018,544.6714675426483,546.8074340820312,283000,0.0,0.0
2011-06-29 00:00:00+09:00,552.5030667051977,558.198974609375,548.9431242650869,558.198974609375,398600,0.0,0.0
2011-06-30 00:00:00+09:00,561.7590601215784,580.98275419418,560.3350827828672,579.5587768554688,876600,0.0,0.0
2011-07-01 00:00:00+09:00,584.5427307568008,607.3263694708295,583.8307420469873,593.798583984375,1112200,0.0,0.0
2011-07-04 00:00:00+09:00,604.4782976318942,606.6142633479079,593.7984690518254,596.6464233398438,419700,0.0,0.0
2011-07-05 00:00:00+09:00,594.5105726941883,596.6465388236286,587.3906855960544,593.798583984375,371000,0.0,0.0
2011-07-06 00:00:00+09:00,594.5104235781437,596.6463891718377,590.2384923907558,595.222412109375,461400,0.0,0.0
2011-07-07 00:00:00+09:00,597.3584119118483,600.2063661998667,594.5104576238299,596.6464233398438,275100,0.0,0.0
2011-07-08 00:00:00+09:00,603.7663640828885,604.4783527197786,595.2225004402061,600.2064208984375,260400,0.0,0.0
2011-07-11 00:00:00+09:00,598.0705092092521,601.63045271645,596.6465318063729,597.3585205078125,213400,0.0,0.0
2011-07-12 00:00:00+09:00,590.950615908274,590.950615908274,587.3906724389471,588.1026611328125,225400,0.0,0.0
2011-07-13 00:00:00+09:00,588.1026743058678,598.7825049530687,586.6786968862409,593.798583984375,291900,0.0,0.0
2011-07-14 00:00:00+09:00,593.0863990281157,596.6463413992328,586.6785027601048,594.5103759765625,433900,0.0,0.0
2011-07-15 00:00:00+09:00,595.2224596540846,598.0704140064964,593.0864938897756,595.9344482421875,302200,0.0,0.0
2011-07-19 00:00:00+09:00,598.0704004838528,603.054320487885,594.5104576238299,596.6464233398438,249500,0.0,0.0
2011-07-20 00:00:00+09:00,597.3585275334419,599.4944936628822,591.6626178549348,593.798583984375,265400,0.0,0.0
2011-07-21 00:00:00+09:00,593.0866023340903,596.6465459255315,588.1026813060728,590.2386474609375,281200,0.0,0.0
2011-07-22 00:00:00+09:00,594.5104235781437,598.0703662343002,588.8145153282932,595.222412109375,270200,0.0,0.0
2011-07-25 00:00:00+09:00,589.5264683948864,594.5103878136838,585.2545374644886,587.3905029296875,363100,0.0,0.0
2011-07-26 00:00:00+09:00,584.5425829812434,593.0864453390691,584.5425829812434,588.8145141601562,403000,0.0,0.0
2011-07-27 00:00:00+09:00,585.2546862103136,585.2546862103136,575.286844839335,579.5587768554688,263600,0.0,0.0
2011-07-28 00:00:00+09:00,577.4227766937217,577.4227766937217,568.1669245395684,571.7268676757812,327700,0.0,0.0
2011-07-29 00:00:00+09:00,571.726853702953,572.4388423127948,561.0470245553263,566.0309448242188,306200,0.0,0.0
2011-08-01 00:00:00+09:00,569.5908429126066,585.2545910927032,569.5908429126066,584.5426025390625,380700,0.0,0.0
2011-08-02 00:00:00+09:00,580.9826183857361,584.5425609003547,578.1346643740414,580.2706298828125,299500,0.0,0.0
2011-08-03 00:00:00+09:00,572.4388086789862,575.2867629510209,567.4548887029254,571.0148315429688,242800,0.0,0.0
2011-08-04 00:00:00+09:00,560.3350496399001,591.6625492385731,558.9110723854151,571.7268676757812,575000,0.0,0.0
2011-08-05 00:00:00+09:00,551.7913133670122,563.8951228215144,547.5193806183644,555.3512573242188,337100,0.0,0.0
2011-08-08 00:00:00+09:00,544.671175108736,551.0790712864858,538.2632789309861,539.687255859375,193900,0.0,0.0
2011-08-09 00:00:00+09:00,524.023694766465,531.1435819236181,505.5119881578671,529.7196044921875,385100,0.0,0.0
2011-08-10 00:00:00+09:00,542.5353529099253,546.0952961704891,533.9914890845721,541.8233642578125,186900,0.0,0.0
2011-08-11 00:00:00+09:00,530.431545744551,535.4154663085938,524.7356365285021,535.4154663085938,263000,0.0,0.0
2011-08-12 00:00:00+09:00,541.1113065831802,548.9431807574103,529.7194896024816,532.5674438476562,182300,0.0,0.0
2011-08-15 00:00:00+09:00,543.9593030697084,548.9432233857921,536.8394169038745,543.247314453125,298700,0.0,0.0
2011-08-16 00:00:00+09:00,543.2473213762784,547.5192531302202,541.8233441249644,546.0952758789062,312300,0.0,0.0
2011-08-17 00:00:00+09:00,541.1113554993074,547.5192531302202,539.6873782479934,546.0952758789062,253600,0.0,0.0
2011-08-18 00:00:00+09:00,542.535434990687,544.671401270178,533.9915698727235,537.551513671875,303500,0.0,0.0
2011-08-19 00:00:00+09:00,526.8715886745323,533.2794863746279,519.7517023410927,523.3116455078125,321800,0.0,0.0
2011-08-22 00:00:00+09:00,520.4634715549195,524.7354015540022,514.0555765562953,515.4795532226562,209300,0.0,0.0
2011-08-23 00:00:00+09:00,516.1915415558367,523.3114248876414,512.6315998899344,515.4795532226562,258100,0.0,0.0
2011-08-24 00:00:00+09:00,521.8875156874783,527.5834230892516,509.78371245871006,511.919677734375,289200,0.0,0.0
2011-08-25 00:00:00+09:00,517.6157295863703,527.5835703211835,516.9037409624551,520.4636840820312,246300,0.0,0.0
2011-08-26 00:00:00+09:00,520.4637447047878,528.2956204800993,520.4637447047878,526.8716430664062,255500,0.0,0.0
2011-08-29 00:00:00+09:00,529.7194904846433,543.9592617342305,529.0075019221639,538.975341796875,266400,0.0,0.0
2011-08-30 00:00:00+09:00,546.8072645045632,547.5192531302202,541.8233441249644,546.0952758789062,184100,0.0,0.0
2011-08-31 00:00:00+09:00,541.8233237541159,546.0952553474466,536.1274149630082,543.9592895507812,176700,0.0,0.0
2011-09-01 00:00:00+09:00,554.6389999679006,568.1667804549226,553.2150230745299,563.182861328125,516000,0.0,0.0
2011-09-02 00:00:00+09:00,563.1831137167441,566.7430575455478,549.6553271672901,553.2152709960938,592400,0.0,0.0
2011-09-05 00:00:00+09:00,547.5192531302202,550.3672076328481,543.2473213762784,546.0952758789062,175400,0.0,0.0
2011-09-06 00:00:00+09:00,546.8071405013193,551.0790712864858,533.9913481458195,539.687255859375,272400,0.0,0.0
2011-09-07 00:00:00+09:00,546.0952553474466,548.2312211441119,539.6873579574504,543.9592895507812,144000,0.0,0.0
2011-09-08 00:00:00+09:00,552.5031532988356,552.5031532988356,544.6712787031048,550.3671875,160000,0.0,0.0
2011-09-09 00:00:00+09:00,541.8232348095214,549.65510811163,541.8232348095214,544.5665893554688,294000,0.0,0.0
2011-09-12 00:00:00+09:00,533.9915362962214,536.1275024414062,532.5675588660981,536.1275024414062,173500,0.0,0.0
2011-09-13 00:00:00+09:00,541.8232977885585,555.3510805191532,537.5513663999496,551.7911376953125,259100,0.0,0.0
2011-09-14 00:00:00+09:00,550.3671578993648,563.1829520031016,547.51920365409,549.5580444335938,316100,0.0,0.0
2011-09-15 00:00:00+09:00,558.9111609871958,568.8790033487509,555.3512172866403,564.922607421875,364800,0.0,0.0
2011-09-16 00:00:00+09:00,568.1670376090116,583.1188017566172,568.1670376090116,581.69482421875,378000,0.0,0.0
2011-09-20 00:00:00+09:00,573.8627914196344,577.422734294446,561.0469970703125,561.0469970703125,286400,0.0,0.0
2011-09-21 00:00:00+09:00,561.046952033191,573.1507568359375,560.3349635153824,573.1507568359375,191200,0.0,0.0
2011-09-22 00:00:00+09:00,563.895087778947,567.4550315149252,553.2152565710123,560.3351440429688,336900,0.0,0.0
2011-09-26 00:00:00+09:00,562.470986474165,562.470986474165,545.3832603027979,547.5192260742188,294900,0.0,0.0
2011-09-27 00:00:00+09:00,561.0469802689174,585.966579646344,559.6230031616359,584.5426025390625,370200,0.0,0.0
2011-09-28 00:00:00+09:00,593.2025587952253,597.532504479862,589.5942707246948,594.6458740234375,268400,11.0,0.0
2011-09-29 00:00:00+09:00,591.7592689050394,606.1924218051624,590.3159536150272,605.4707641601562,267200,0.0,0.0
2011-09-30 00:00:00+09:00,611.2439977954248,611.9656554079342,586.7076389701067,602.5841064453125,391000,0.0,0.0
2011-10-03 00:00:00+09:00,585.9859747958543,585.9859747958543,560.7279586408606,574.439453125,387900,0.0,0.0
2011-10-04 00:00:00+09:00,574.439431014151,578.0477188974057,565.0578825176887,573.7177734375,396100,0.0,0.0
2011-10-05 00:00:00+09:00,572.9960833810932,573.7177409168376,554.2329874517375,560.7279052734375,289500,0.0,0.0
2011-10-06 00:00:00+09:00,565.7796556877367,575.8828638250178,561.4497093431878,571.5529174804688,189200,0.0,0.0
2011-10-07 00:00:00+09:00,575.1610545970775,591.7591778790509,574.4393970630787,584.5426025390625,314900,0.0,0.0
2011-10-11 00:00:00+09:00,606.1923958491353,606.9140534632414,593.9242164093314,594.6458740234375,193900,0.0,0.0
2011-10-12 00:00:00+09:00,588.1509231324586,593.2025261532283,578.7693746653151,589.59423828125,251900,0.0,0.0
2011-10-13 00:00:00+09:00,590.3158804439989,591.037537999554,570.8311264440136,575.1610717773438,422000,0.0,0.0
2011-10-14 00:00:00+09:00,570.1095139556729,574.4394596312857,564.336253054856,568.6661987304688,205300,0.0,0.0
2011-10-17 00:00:00+09:00,568.6661044034091,581.6559392755682,563.614501953125,579.490966796875,232300,0.0,0.0
2011-10-18 00:00:00+09:00,572.2744971594822,573.7178124108302,567.2228937797643,572.9961547851562,146900,0.0,0.0
2011-10-19 00:00:00+09:00,577.3260444440087,578.7693595551189,567.2228386662387,575.1610717773438,180500,0.0,0.0
2011-10-20 00:00:00+09:00,567.2227894176136,567.9444469105114,559.2845569957386,563.614501953125,148300,0.0,0.0
2011-10-21 00:00:00+09:00,562.1713377486828,565.057968494504,551.3464724518532,558.5630493164062,240400,0.0,0.0
2011-10-24 00:00:00+09:00,562.8930053710938,567.222951566256,557.119743777544,562.8930053710938,202300,0.0,0.0
2011-10-25 00:00:00+09:00,562.8929954351381,563.6146531215934,554.9547608841298,558.5630493164062,226700,0.0,0.0
2011-10-26 00:00:00+09:00,558.5628547668457,558.5628547668457,549.1813081105549,554.23291015625,218700,0.0,0.0
2011-10-27 00:00:00+09:00,554.2330962276214,565.0579613883172,549.9031501633432,564.3363037109375,164200,0.0,0.0
2011-10-28 00:00:00+09:00,577.3260595165239,591.7592110044369,572.2744564957543,589.59423828125,467300,0.0,0.0
2011-10-31 00:00:00+09:00,581.6560067806604,591.7592128537736,567.2228552476415,573.7177734375,303000,0.0,0.0
2011-11-01 00:00:00+09:00,570.8310318091102,571.5526892450256,557.8411979626324,562.171142578125,191900,0.0,0.0
2011-11-02 00:00:00+09:00,551.3463798433426,558.5629554957424,547.7380920171427,553.5113525390625,174700,0.0,0.0
2011-11-04 00:00:00+09:00,554.2329933355006,555.6763084223119,549.1813905316615,554.9546508789062,216100,0.0,0.0
2011-11-07 00:00:00+09:00,554.2331031976744,559.2847070028615,543.4082379008448,558.5630493164062,322200,0.0,0.0
2011-11-08 00:00:00+09:00,549.9029763397976,554.9545784846515,546.2946890934735,550.6246337890625,207100,0.0,0.0
2011-11-09 00:00:00+09:00,556.3978830908014,562.8928000140404,553.5112533471397,562.171142578125,122700,0.0,0.0
2011-11-10 00:00:00+09:00,542.6866089854278,544.8515821595719,533.3050585641372,535.4700317382812,367100,0.0,0.0
2011-11-11 00:00:00+09:00,535.4698708124789,540.5214733673137,528.2532957341436,536.1915283203125,215100,0.0,0.0
2011-11-14 00:00:00+09:00,538.3565006812624,545.5730757574188,537.6348431736468,544.1297607421875,81400,0.0,0.0
2011-11-15 00:00:00+09:00,541.9647883829807,545.5730759221483,532.5832407811448,536.1915283203125,91900,0.0,0.0
2011-11-16 00:00:00+09:00,536.1916871123261,537.635002555428,523.9235058459607,525.3668212890625,204200,0.0,0.0
2011-11-17 00:00:00+09:00,519.5934606481482,528.9750092431841,515.9851727269804,526.08837890625,191900,0.0,0.0
2011-11-18 00:00:00+09:00,520.3150246744341,523.2016544923227,515.9850799476011,521.0366821289062,283800,0.0,0.0
2011-11-21 00:00:00+09:00,518.1501557849703,532.5833077566964,518.1501557849703,530.4183349609375,140600,0.0,0.0
2011-11-22 00:00:00+09:00,523.9233955604902,529.6966561176306,517.4284774337073,521.7584228515625,350100,0.0,0.0
2011-11-24 00:00:00+09:00,513.8202294029096,520.3151480330026,510.2119412750802,513.0985717773438,145200,0.0,0.0
2011-11-25 00:00:00+09:00,508.7686512833935,517.4285432201322,508.7686512833935,510.9336242675781,237100,0.0,0.0
2011-11-28 00:00:00+09:00,515.2635924173848,517.4285654947687,510.2119885701555,511.6553039550781,277600,0.0,0.0
2011-11-29 00:00:00+09:00,515.263345960754,522.4799194335938,510.21174452976624,522.4799194335938,246400,0.0,0.0
2011-11-30 00:00:00+09:00,521.7584552921661,526.81005859375,515.9851943760702,526.81005859375,173700,0.0,0.0
2011-12-01 00:00:00+09:00,536.9132363307751,542.6864969364824,529.696660573641,531.8616333007812,225800,0.0,0.0
2011-12-02 00:00:00+09:00,536.913202164021,547.0164075810858,536.1915446342306,542.6864624023438,200400,0.0,0.0
2011-12-05 00:00:00+09:00,560.7278212603401,562.171136115579,549.1813024184282,552.0679321289062,315400,0.0,0.0
2011-12-06 00:00:00+09:00,550.6247357342694,550.6247357342694,533.3049537452491,534.026611328125,173800,0.0,0.0
2011-12-07 00:00:00+09:00,530.4182627102665,544.8514127159881,528.9749477096943,541.9647827148438,247300,0.0,0.0
2011-12-08 00:00:00+09:00,536.9132928250596,536.9132928250596,525.3667703987143,529.6967163085938,399800,0.0,0.0
2011-12-09 00:00:00+09:00,534.0266823449019,543.40823216988,534.0266823449019,538.3566284179688,492400,0.0,0.0
2011-12-12 00:00:00+09:00,545.5731811523438,551.346442328559,541.9648929172092,545.5731811523438,200000,0.0,0.0
2011-12-13 00:00:00+09:00,537.6350488970356,543.4083111670709,536.1917333295269,536.9133911132812,165700,0.0,0.0
2011-12-14 00:00:00+09:00,539.0781583516466,542.6864458908142,533.3048982889784,536.1915283203125,185300,0.0,0.0
2011-12-15 00:00:00+09:00,530.4184253399188,535.4700293907753,523.9235058459607,525.3668212890625,221000,0.0,0.0
2011-12-16 00:00:00+09:00,530.418279718664,535.4698823826513,523.2017044843965,524.64501953125,131800,0.0,0.0
2011-12-19 00:00:00+09:00,523.9233119467949,525.3666268557392,516.7067374020733,521.0366821289062,140900,0.0,0.0
2011-12-20 00:00:00+09:00,517.4284057617188,521.0366931101269,513.8201184133108,517.4284057617188,178200,0.0,0.0
2011-12-21 00:00:00+09:00,525.36681640625,526.0884741210937,519.5935546874999,523.2018432617188,103000,0.0,0.0
2011-12-22 00:00:00+09:00,520.3152124023437,526.8101318359375,519.5935546874999,523.2018432617188,104700,0.0,0.0
2011-12-26 00:00:00+09:00,528.2532848011364,529.6965997869319,522.4800248579545,523.92333984375,94100,0.0,0.0
2011-12-27 00:00:00+09:00,526.0885969479448,533.30517578125,521.0369917646312,533.30517578125,183000,0.0,0.0
2011-12-28 00:00:00+09:00,531.1398256309686,535.4697698616559,528.2531961438438,528.974853515625,177100,0.0,0.0
2011-12-29 00:00:00+09:00,528.9750082479941,534.7482689110009,523.2017475849873,534.026611328125,150000,0.0,0.0
2011-12-30 00:00:00+09:00,534.0266587999132,547.0164964463976,530.4183705647787,545.5731811523438,231600,0.0,0.0
2012-01-04 00:00:00+09:00,556.398193359375,560.7281403894091,553.511562006019,556.398193359375,210000,0.0,0.0
2012-01-05 00:00:00+09:00,550.6248068966985,550.6248068966985,542.6865724591314,546.2948608398438,144500,0.0,0.0
2012-01-06 00:00:00+09:00,544.1299144910729,544.1299144910729,527.5317871259606,531.1400756835938,284700,0.0,0.0
2012-01-10 00:00:00+09:00,531.8616501581101,538.356568545387,528.9750197637649,530.4183349609375,236200,0.0,0.0
2012-01-11 00:00:00+09:00,537.6349470350477,546.2948387993706,535.469974093967,545.5731811523438,264900,0.0,0.0
2012-01-12 00:00:00+09:00,541.2432591333466,542.6865744910355,534.0266823449019,538.3566284179688,126900,0.0,0.0
2012-01-13 00:00:00+09:00,542.6864624023438,550.6246952300376,539.078174753392,542.6864624023438,184000,0.0,0.0
2012-01-16 00:00:00+09:00,536.9131082214765,538.3564230285235,528.9748767827182,537.634765625,178300,0.0,0.0
2012-01-17 00:00:00+09:00,537.6350488970356,539.8000222482989,531.140128843246,536.9133911132812,141000,0.0,0.0
2012-01-18 00:00:00+09:00,541.2433346375724,555.6764902279077,538.3567035195053,544.8516235351562,173000,0.0,0.0
2012-01-19 00:00:00+09:00,547.0164626272101,552.7897234464947,544.1298322175678,548.4597778320312,174500,0.0,0.0
2012-01-20 00:00:00+09:00,555.6763252347824,557.1196403652624,549.1814071476226,553.5113525390625,175900,0.0,0.0
2012-01-23 00:00:00+09:00,554.23291015625,557.8411973317463,549.9029655456543,554.23291015625,218000,0.0,0.0
2012-01-24 00:00:00+09:00,555.6763538561369,555.6763538561369,547.7381202296207,548.4597778320312,127800,0.0,0.0
2012-01-25 00:00:00+09:00,549.9031787109375,560.0063867187499,549.1815209960937,559.2847290039062,156400,0.0,0.0
2012-01-26 00:00:00+09:00,558.5628657309755,560.0061806295053,549.1813188905328,550.6246337890625,207800,0.0,0.0
2012-01-27 00:00:00+09:00,551.3464304138264,558.5630067281435,548.4597998880995,549.1814575195312,178600,0.0,0.0
2012-01-30 00:00:00+09:00,549.1813576365394,553.5113026376159,546.2947276358217,549.9030151367188,200600,0.0,0.0
2012-01-31 00:00:00+09:00,550.6245833021985,551.3462406852944,544.129666854335,547.0162963867188,234200,0.0,0.0
2012-02-01 00:00:00+09:00,547.738037109375,557.1195845170455,544.8514071377841,547.738037109375,221600,0.0,0.0
2012-02-02 00:00:00+09:00,549.9031270345052,562.1713070339626,544.8515235053168,545.5731811523438,423700,0.0,0.0
2012-02-03 00:00:00+09:00,549.1814993924874,560.7280223757722,548.459841706032,558.5630493164062,281900,0.0,0.0
2012-02-06 00:00:00+09:00,562.8930348227279,562.8930348227279,554.9547997162537,557.8414306640625,130100,0.0,0.0
2012-02-07 00:00:00+09:00,558.5629280577315,565.0578458258445,535.4698871044402,542.6864624023438,582500,0.0,0.0
2012-02-08 00:00:00+09:00,541.2430869486197,550.6246337890625,536.9131422530307,550.6246337890625,345000,0.0,0.0
2012-02-09 00:00:00+09:00,558.5630493164062,560.7280223757722,550.6248147653979,558.5630493164062,269600,0.0,0.0
2012-02-10 00:00:00+09:00,555.6762250264485,557.8411973317463,550.6246229807535,554.23291015625,228400,0.0,0.0
2012-02-13 00:00:00+09:00,554.9548386489789,560.7281009496185,554.233180861399,557.1198120117188,148800,0.0,0.0
2012-02-14 00:00:00+09:00,555.67626953125,564.3361594460227,554.9546120383523,563.614501953125,186400,0.0,0.0
2012-02-15 00:00:00+09:00,560.7279052734375,569.3877957023709,557.8412751304597,560.7279052734375,257900,0.0,0.0
2012-02-16 00:00:00+09:00,560.7279570730109,560.7279570730109,544.1298322175678,548.4597778320312,429700,0.0,0.0
2012-02-17 00:00:00+09:00,555.6762751381542,555.6762751381542,548.45970013636,549.9030151367188,273000,0.0,0.0
2012-02-20 00:00:00+09:00,550.6247727823946,555.6763762024166,546.2948269938043,549.1814575195312,278100,0.0,0.0
2012-02-21 00:00:00+09:00,549.1813905316615,560.0062536827455,549.1813905316615,554.9546508789062,298700,0.0,0.0
2012-02-22 00:00:00+09:00,559.2845460537433,569.3877507566496,558.5628885749642,567.2227783203125,307200,0.0,0.0
2012-02-23 00:00:00+09:00,565.7796411039272,567.9446142203964,557.8414063435405,565.0579833984375,262100,0.0,0.0
2012-02-24 00:00:00+09:00,564.3361148858713,567.9444020654485,559.2845128344633,562.171142578125,243500,0.0,0.0
2012-02-27 00:00:00+09:00,568.6661987304688,570.8311715682751,563.614595442254,568.6661987304688,507300,0.0,0.0
2012-02-28 00:00:00+09:00,560.7279700895326,581.6560410452552,557.1196819937184,570.8311767578125,415700,0.0,0.0
2012-02-29 00:00:00+09:00,578.0476061682646,582.3775507837572,560.7278277062941,562.171142578125,498200,0.0,0.0
2012-03-01 00:00:00+09:00,572.9962255859375,573.7178833007812,555.6764404296874,559.2847290039062,383200,0.0,0.0
2012-03-02 00:00:00+09:00,570.1095139556729,570.8311715682751,561.4496226044475,568.6661987304688,229400,0.0,0.0
2012-03-05 00:00:00+09:00,565.7796657705369,570.8312699292023,552.789826505397,557.8414306640625,311800,0.0,0.0
2012-03-06 00:00:00+09:00,554.2329933355006,560.727911226151,552.7896782486895,554.9546508789062,370000,0.0,0.0
2012-03-07 00:00:00+09:00,547.0166029855995,557.8414697992987,547.0166029855995,557.1198120117188,312900,0.0,0.0
2012-03-08 00:00:00+09:00,562.8929612814308,565.0579342094362,559.2846730680883,561.4496459960938,268700,0.0,0.0
2012-03-09 00:00:00+09:00,565.0579342094362,567.2229071374418,557.1197001400827,561.4496459960938,506900,0.0,0.0
2012-03-12 00:00:00+09:00,561.4496730014185,569.3879074525954,560.0063576466591,564.3363037109375,411700,0.0,0.0
2012-03-13 00:00:00+09:00,564.3361929521598,572.2744258453487,560.006247737693,560.7279052734375,331600,0.0,0.0
2012-03-14 00:00:00+09:00,566.501204893761,568.6661776513168,560.0062866210938,560.0062866210938,296700,0.0,0.0
2012-03-15 00:00:00+09:00,560.7280616118713,564.3363502966324,557.1197729271103,557.8414306640625,403700,0.0,0.0
2012-03-16 00:00:00+09:00,557.8412751304597,564.3361929521598,557.8412751304597,560.7279052734375,229500,0.0,0.0
2012-03-19 00:00:00+09:00,563.6145074805435,567.944452480394,559.2845624806929,565.7794799804688,265900,0.0,0.0
2012-03-21 00:00:00+09:00,565.7795630971337,572.2744815510549,565.0579054911425,566.501220703125,240600,0.0,0.0
2012-03-22 00:00:00+09:00,567.2228230951375,569.3877957023709,560.006247737693,560.7279052734375,397000,0.0,0.0
2012-03-23 00:00:00+09:00,552.7898652862391,557.8414697992987,550.6248919234993,557.1198120117188,261200,0.0,0.0
2012-03-26 00:00:00+09:00,558.5629554957424,560.7279281914623,552.0680374085825,553.5113525390625,238900,0.0,0.0
2012-03-27 00:00:00+09:00,564.3362144402527,570.1094749460353,562.892899313807,569.3878173828125,290700,0.0,0.0
2012-03-28 00:00:00+09:00,576.706496880979,576.706496880979,568.6560254778182,573.779052734375,341100,11.0,0.0
2012-03-29 00:00:00+09:00,573.7790212729542,573.7790212729542,563.5329673216514,567.9241333007812,232500,0.0,0.0
2012-03-30 00:00:00+09:00,578.902103181407,579.633964247376,573.0472146536557,575.2427978515625,254600,0.0,0.0
2012-04-02 00:00:00+09:00,578.9021141754823,578.9021141754823,559.8737260989178,564.264892578125,287800,0.0,0.0
2012-04-03 00:00:00+09:00,562.0691789215687,563.5329007416768,557.6780134612438,559.8735961914062,194800,0.0,0.0
2012-04-04 00:00:00+09:00,559.873530511385,559.873530511385,544.5044532032293,548.1637573242188,194500,0.0,0.0
2012-04-05 00:00:00+09:00,546.7002068177902,552.5550952442189,541.5771794446649,547.4320678710938,286300,0.0,0.0
2012-04-06 00:00:00+09:00,547.4319922264586,551.0912969873307,543.7726874655866,550.3594360351562,259900,0.0,0.0
2012-04-09 00:00:00+09:00,544.504566054004,548.8957319092782,543.772705078125,543.772705078125,166100,0.0,0.0
2012-04-10 00:00:00+09:00,544.5044840937076,549.627510153729,536.4540145708168,538.6495971679688,177000,0.0,0.0
2012-04-11 00:00:00+09:00,530.5991907289351,536.4540783507716,527.6717469180169,534.9903564453125,189000,0.0,0.0
2012-04-12 00:00:00+09:00,534.9904447165869,547.4320829658099,531.3311393491683,544.504638671875,255600,0.0,0.0
2012-04-13 00:00:00+09:00,545.2364007781082,553.2868711251675,544.5045398374665,545.96826171875,230500,0.0,0.0
2012-04-16 00:00:00+09:00,537.1859304310489,551.0912883032423,537.1859304310489,545.96826171875,168000,0.0,0.0
2012-04-17 00:00:00+09:00,547.4321174672649,549.6277008260907,543.040950749613,546.7002563476562,169400,0.0,0.0
2012-04-18 00:00:00+09:00,553.28693779929,557.6781039723003,549.6276326551148,554.018798828125,226300,0.0,0.0
2012-04-19 00:00:00+09:00,548.1639289243974,550.3595120843082,544.5046236578794,547.4320678710938,374100,0.0,0.0
2012-04-20 00:00:00+09:00,549.6276510310046,550.3595120843082,542.3090404979686,547.4320678710938,221200,0.0,0.0
2012-04-23 00:00:00+09:00,545.236534108439,551.8232841849167,543.7728118692216,546.7002563476562,177000,0.0,0.0
2012-04-24 00:00:00+09:00,543.040844102246,548.8957319092782,540.1134001987298,543.772705078125,245400,0.0,0.0
2012-04-25 00:00:00+09:00,548.1639824633328,548.895843588117,540.8453712154912,543.0409545898438,272500,0.0,0.0
2012-04-26 00:00:00+09:00,547.4320414577438,552.5550685836853,545.2364584037689,549.6276245117188,324600,0.0,0.0
2012-04-27 00:00:00+09:00,551.8230927508811,556.2142579451852,537.9177363022515,538.6495971679688,297300,0.0,0.0
2012-05-01 00:00:00+09:00,540.1133567539807,542.3089395050132,535.7221912519159,537.1859130859375,182000,0.0,0.0
2012-05-02 00:00:00+09:00,539.3814580336862,540.1133188994035,534.990292839382,538.6495971679688,215800,0.0,0.0
2012-05-07 00:00:00+09:00,524.7444114364496,529.8674391631653,521.085105917367,522.548828125,181500,0.0,0.0
2012-05-08 00:00:00+09:00,523.2806049304062,526.2080488740728,518.8894390149063,521.0850219726562,326600,0.0,0.0
2012-05-09 00:00:00+09:00,515.9620014418903,518.1575844267494,510.107113482266,513.7664184570312,283500,0.0,0.0
2012-05-10 00:00:00+09:00,513.7662589333274,556.2141834605824,509.3750943270596,515.22998046875,858500,0.0,0.0
2012-05-11 00:00:00+09:00,504.25221307487544,515.2301277281746,501.324769167329,507.1796569824219,433200,0.0,0.0
2012-05-14 00:00:00+09:00,507.1795417988195,507.1795417988195,488.8830215319068,496.2016296386719,374100,0.0,0.0
2012-05-15 00:00:00+09:00,494.00597788121576,507.17947062471484,490.3466743413549,501.3245849609375,627500,0.0,0.0
2012-05-16 00:00:00+09:00,501.3247521578303,506.4477788222169,493.27428168522283,498.3973083496094,344700,0.0,0.0
2012-05-17 00:00:00+09:00,492.5422564652714,507.17947062471484,489.61481363338277,501.3245849609375,364400,0.0,0.0
2012-05-18 00:00:00+09:00,486.6874955283911,493.2742435881738,480.10074746860835,484.4919128417969,315100,0.0,0.0
2012-05-21 00:00:00+09:00,479.3688609187764,491.81049547697364,479.3688609187764,486.6874694824219,190700,0.0,0.0
2012-05-22 00:00:00+09:00,490.34684387297995,493.2742877169977,488.1512609899666,491.0787048339844,254400,0.0,0.0
2012-05-23 00:00:00+09:00,488.15123478888006,488.15123478888006,477.9051818847656,477.9051818847656,275700,0.0,0.0
2012-05-24 00:00:00+09:00,478.63712352405895,485.2238729303533,476.44154038862746,483.0282897949219,246300,0.0,0.0
2012-05-25 00:00:00+09:00,482.2963607240578,483.028221665976,466.9272809437768,469.12286376953125,374700,0.0,0.0
2012-05-28 00:00:00+09:00,472.0504265668624,472.0504265668624,463.99995417579964,466.9273986816406,166400,0.0,0.0
2012-05-29 00:00:00+09:00,466.19551867053167,474.9778518322999,461.8043520896475,473.5141296386719,304200,0.0,0.0
2012-05-30 00:00:00+09:00,473.514061220989,479.3689491495329,469.1228952745811,474.977783203125,309600,0.0,0.0
2012-05-31 00:00:00+09:00,469.8547909823331,485.2238729303533,469.8547909823331,483.0282897949219,305600,0.0,0.0
2012-06-01 00:00:00+09:00,484.4919065132668,485.95562828521025,474.245854109663,476.4414367675781,229200,0.0,0.0
2012-06-04 00:00:00+09:00,469.1228098503674,472.7821141393718,458.1448969833541,467.6590881347656,320500,0.0,0.0
2012-06-05 00:00:00+09:00,460.34044727775625,473.5139417944488,454.4855608258929,471.318359375,511800,0.0,0.0
2012-06-06 00:00:00+09:00,472.7821554327084,480.100764649933,467.6591289806512,477.9051818847656,321200,0.0,0.0
2012-06-07 00:00:00+09:00,482.29644022839153,484.49202341607764,474.977829602771,483.7601623535156,424500,0.0,0.0
2012-06-08 00:00:00+09:00,484.4918467046307,484.4918467046307,466.9271876095988,472.7820739746094,499700,0.0,0.0
2012-06-11 00:00:00+09:00,480.10084561434655,485.2238729303533,477.1734014337713,483.0282897949219,233100,0.0,0.0
2012-06-12 00:00:00+09:00,474.9778177460278,480.10084505607745,469.8547904359782,477.17340087890625,204200,0.0,0.0
2012-06-13 00:00:00+09:00,477.1732976535498,481.56446296938003,472.7821323377196,476.4414367675781,173900,0.0,0.0
2012-06-14 00:00:00+09:00,477.17327171582326,482.29629763915267,474.9776891772535,478.6369934082031,174600,0.0,0.0
2012-06-15 00:00:00+09:00,481.5645141601562,486.68754090654085,478.6370703050793,481.56451416015625,200900,0.0,0.0
2012-06-18 00:00:00+09:00,488.88299560546875,491.81043869292665,483.02810943055295,488.88299560546875,179000,0.0,0.0
2012-06-19 00:00:00+09:00,488.88312071373025,492.5424255094917,483.0282330405119,485.22381591796875,147400,0.0,0.0
2012-06-20 00:00:00+09:00,491.8104879940257,497.6653747558593,491.8104879940257,497.6653747558594,186400,0.0,0.0
2012-06-21 00:00:00+09:00,502.0566131098855,504.98405691810643,496.2017254934437,498.3973083496094,240800,0.0,0.0
2012-06-22 00:00:00+09:00,491.07870909014514,497.6654577962723,488.1512652207553,493.2742919921875,195900,0.0,0.0
2012-06-25 00:00:00+09:00,496.9335734049479,499.12915620349696,491.0786859421503,491.810546875,178200,0.0,0.0
2012-06-26 00:00:00+09:00,492.5423563333382,496.2016606151609,479.3688609187764,486.6874694824219,359600,0.0,0.0
2012-06-27 00:00:00+09:00,486.68758409491545,488.1513061523438,477.1733907216314,488.15130615234375,278600,0.0,0.0
2012-06-28 00:00:00+09:00,493.27431094664166,497.66547691946045,488.1512839783531,492.5424499511719,160800,0.0,0.0
2012-06-29 00:00:00+09:00,491.0787595353037,507.17970247088743,488.8831764077241,504.25225830078125,227000,0.0,0.0
2012-07-02 00:00:00+09:00,507.1795986530393,512.3026249020598,502.78843329673595,503.5202941894531,152400,0.0,0.0
2012-07-03 00:00:00+09:00,502.05670166015625,507.9115903092543,500.59297949788174,502.05670166015625,188300,0.0,0.0
2012-07-04 00:00:00+09:00,502.0567092449344,507.1797368902909,497.6655426917717,500.5929870605469,221400,0.0,0.0
2012-07-05 00:00:00+09:00,502.0566301442156,510.1071008899683,502.0566301442156,507.1796569824219,163400,0.0,0.0
2012-07-06 00:00:00+09:00,505.7160530422045,510.83908107591714,502.05674730383834,504.98419189453125,163100,0.0,0.0
2012-07-09 00:00:00+09:00,500.5930363038169,507.9116479456856,500.5930363038169,505.716064453125,144600,0.0,0.0
2012-07-10 00:00:00+09:00,508.64341635306096,511.57086047595624,498.39736192292736,499.861083984375,290500,0.0,0.0
2012-07-11 00:00:00+09:00,496.2018280476769,507.17974459740424,494.73810584104655,499.1292724609375,176900,0.0,0.0
2012-07-12 00:00:00+09:00,498.3973083496094,502.78847406194075,493.27428168522283,498.3973083496094,193500,0.0,0.0
2012-07-13 00:00:00+09:00,492.5424499511719,496.93361592399066,491.0787279602323,492.5424499511719,174100,0.0,0.0
2012-07-17 00:00:00+09:00,491.07870668915626,491.07870668915626,480.83265319638696,481.56451416015625,232700,0.0,0.0
2012-07-18 00:00:00+09:00,485.22386203748715,491.81061129591455,478.6371127790597,488.15130615234375,185700,0.0,0.0
2012-07-19 00:00:00+09:00,485.9557230662013,492.5424723246287,482.2964179226305,488.15130615234375,137400,0.0,0.0
2012-07-20 00:00:00+09:00,484.4919549588165,485.95567687712105,479.36892824475046,485.22381591796875,172700,0.0,0.0
2012-07-23 00:00:00+09:00,472.7821445013243,478.6370317397308,469.85470088212105,473.4037170410156,116100,0.0,0.0
2012-07-24 00:00:00+09:00,472.7822108758944,480.1008209513726,465.46360080041615,469.8547668457031,128300,0.0,0.0
2012-07-25 00:00:00+09:00,463.2680358886719,468.39106314178514,459.6087307078767,463.2680358886719,137200,0.0,0.0
2012-07-26 00:00:00+09:00,466.9273986816407,469.85484318748166,463.26809304933937,466.9273986816406,150100,0.0,0.0
2012-07-27 00:00:00+09:00,473.5140549423843,483.0282477001138,473.5140549423843,482.29638671875,97600,0.0,0.0
2012-07-30 00:00:00+09:00,486.68753783627335,488.88312071373025,481.5645111222073,485.22381591796875,80200,0.0,0.0
2012-07-31 00:00:00+09:00,485.2238159179688,488.15125975457795,482.2963720813596,485.22381591796875,126400,0.0,0.0
2012-08-01 00:00:00+09:00,483.02823608769467,487.4194018703101,479.36893126884854,481.56451416015625,82100,0.0,0.0
2012-08-02 00:00:00+09:00,480.8326816078088,492.5424577200233,480.1008206007954,486.9194030761719,293900,0.0,0.0
2012-08-03 00:00:00+09:00,476.441482397695,476.441482397695,457.4130975400297,458.14495849609375,318800,0.0,0.0
2012-08-06 00:00:00+09:00,463.26804739293243,471.3185189905979,463.26804739293243,463.9999084472656,177100,0.0,0.0
2012-08-07 00:00:00+09:00,463.267904881607,477.1732606363472,460.34046156481963,473.21453857421875,209300,0.0,0.0
2012-08-08 00:00:00+09:00,483.0281611558902,490.3467696582522,478.636996054473,482.37469482421875,159800,0.0,0.0
2012-08-09 00:00:00+09:00,483.02819105073405,486.6874955283911,479.36888657307696,484.4919128417969,126400,0.0,0.0
2012-08-10 00:00:00+09:00,485.95579326080417,485.95579326080417,476.4415985132282,482.057373046875,120300,0.0,0.0
2012-08-13 00:00:00+09:00,477.905179730529,480.83262340422294,472.05029238314125,478.564453125,168300,0.0,0.0
2012-08-14 00:00:00+09:00,474.9777149956347,480.83260208340835,473.51399322369133,476.4414367675781,229600,0.0,0.0
2012-08-15 00:00:00+09:00,474.2458026009317,479.36882824631215,469.8546377620342,471.318359375,169700,0.0,0.0
2012-08-16 00:00:00+09:00,474.9777149956347,477.1732976535498,466.927245249946,476.4414367675781,246100,0.0,0.0
2012-08-17 00:00:00+09:00,474.2458283310636,479.368854254393,469.8546632539241,478.6369934082031,214900,0.0,0.0
2012-08-20 00:00:00+09:00,482.2963474151004,485.22379110199023,474.9777381978758,477.9051818847656,178400,0.0,0.0
2012-08-21 00:00:00+09:00,476.4415778996394,479.3690223106971,474.2459945913462,475.709716796875,140100,0.0,0.0
2012-08-22 00:00:00+09:00,475.7095575705754,476.44141842837627,463.9997838457612,467.6590881347656,202300,0.0,0.0
2012-08-23 00:00:00+09:00,464.7317010651594,468.391005797956,461.0723963323629,465.46356201171875,167000,0.0,0.0
2012-08-24 00:00:00+09:00,461.0723500312129,464.73165439654,459.6086282850821,462.53607177734375,140300,0.0,0.0
2012-08-27 00:00:00+09:00,466.927313543429,466.927313543429,458.8768426202665,459.60870361328125,141800,0.0,0.0
2012-08-28 00:00:00+09:00,459.60861020033207,460.34047104460006,439.84836740509485,444.2395324707031,439900,0.0,0.0
2012-08-29 00:00:00+09:00,447.16712207268665,455.21759399216216,447.16712207268665,451.55828857421875,261500,0.0,0.0
2012-08-30 00:00:00+09:00,449.36258830408894,456.681197234123,448.63072741108556,453.7537536621094,236700,0.0,0.0
2012-08-31 00:00:00+09:00,453.02197603604696,457.41314220117823,448.63080987091564,449.3626708984375,214600,0.0,0.0
2012-09-03 00:00:00+09:00,453.7538370635688,458.14500322870015,447.8989488433937,449.3626708984375,265900,0.0,0.0
2012-09-04 00:00:00+09:00,447.8988702210081,449.362592019116,439.84840033141484,440.58026123046875,193500,0.0,0.0
2012-09-05 00:00:00+09:00,436.1891534402709,436.1891534402709,422.283794521873,423.0156555175781,368700,0.0,0.0
2012-09-06 00:00:00+09:00,428.1385896169595,432.5297546386719,427.4067287800074,432.5297546386719,209300,0.0,0.0
2012-09-07 00:00:00+09:00,439.84851400441136,440.58037509260504,423.01570897595633,424.47943115234375,448400,0.0,0.0
2012-09-10 00:00:00+09:00,428.13876342773443,431.79806909805694,422.28387435521836,428.1387634277344,378500,0.0,0.0
2012-09-11 00:00:00+09:00,425.21120488214245,427.4067876956475,419.3563173794623,426.6749267578125,264000,0.0,0.0
2012-09-12 00:00:00+09:00,428.87045045391153,446.4351105407612,428.87045045391153,432.5297546386719,342700,0.0,0.0
2012-09-13 00:00:00+09:00,433.2617040032508,439.8484528816786,431.79798203026684,436.18914794921875,159900,0.0,0.0
2012-09-14 00:00:00+09:00,439.1165065608268,445.7032541592392,435.45720233948657,444.2395324707031,319500,0.0,0.0
2012-09-18 00:00:00+09:00,444.9714283427254,448.63073285212283,439.84840202956906,446.4351501464844,235100,0.0,0.0
2012-09-19 00:00:00+09:00,448.6306786775205,457.4130084395601,444.97137461000403,454.4855651855469,353300,0.0,0.0
2012-09-20 00:00:00+09:00,450.0946009553821,456.6813512132657,440.58040613843906,442.04412841796875,384400,0.0,0.0
2012-09-21 00:00:00+09:00,441.3122672782039,445.703434116793,439.8485449986742,442.04412841796875,258500,0.0,0.0
2012-09-24 00:00:00+09:00,445.703434116793,447.1671563963227,440.58040613843906,442.04412841796875,250900,0.0,0.0
2012-09-25 00:00:00+09:00,442.04403786254085,449.3626477609273,441.3121768727022,447.89892578125,314500,0.0,0.0
2012-09-26 00:00:00+09:00,450.8799600040211,456.8420090619255,441.9368864171645,443.4273986816406,261800,11.0,0.0
2012-09-27 00:00:00+09:00,439.701165093316,443.42744615342883,434.48437160915796,435.9748840332031,331400,0.0,0.0
2012-09-28 00:00:00+09:00,436.7200424116617,441.9368347271594,432.99376218630624,438.955810546875,384600,0.0,0.0
2012-10-01 00:00:00+09:00,432.9937591285505,435.22952724797506,420.3244064518115,425.54119873046875,435300,0.0,0.0
2012-10-02 00:00:00+09:00,420.3243610174006,423.30538485440337,409.8907775878906,409.8907775878906,820400,0.0,0.0
2012-10-03 00:00:00+09:00,409.8907811681652,409.8907811681652,392.00463798991797,400.20245361328125,1251600,0.0,0.0
2012-10-04 00:00:00+09:00,403.1835742143351,415.1076725275133,401.69306192518786,412.12664794921875,474200,0.0,0.0
2012-10-05 00:00:00+09:00,414.36244401382527,430.01282409348414,410.6361630424779,427.03179931640625,707200,0.0,0.0
2012-10-09 00:00:00+09:00,427.03177263983366,435.9748464123956,427.03177263983366,432.2485656738281,608700,0.0,0.0
2012-10-10 00:00:00+09:00,428.5222259158797,438.955810546875,423.305433600382,438.955810546875,524500,0.0,0.0
2012-10-11 00:00:00+09:00,438.9559088812934,441.93693372938367,433.7391153971354,435.9748840332031,409000,0.0,0.0
2012-10-12 00:00:00+09:00,437.4653635576737,452.37048667718557,437.4653635576737,450.8799743652344,430300,0.0,0.0
2012-10-15 00:00:00+09:00,450.13466170566534,457.5872223299313,444.17261320625255,456.0967102050781,458000,0.0,0.0
2012-10-16 00:00:00+09:00,458.3324271497635,468.0207548781325,458.3324271497635,466.5302429199219,361800,0.0,0.0
2012-10-17 00:00:00+09:00,467.2756247859431,473.98293040488005,460.56831916700605,471.7471618652344,781800,0.0,0.0
2012-10-18 00:00:00+09:00,471.0019053923778,471.74716157179614,462.05883123935797,465.03985595703125,384700,0.0,0.0
2012-10-19 00:00:00+09:00,465.78503726573473,471.001829683111,459.07773272910816,464.2945251464844,612100,0.0,0.0
2012-10-22 00:00:00+09:00,453.11573687803394,465.78509136311055,451.625224585672,460.56829833984375,474300,0.0,0.0
2012-10-23 00:00:00+09:00,459.8229627765593,459.8229627765593,452.37040260189866,454.6061706542969,388800,0.0,0.0
2012-10-24 00:00:00+09:00,451.62530517578125,459.0778679674608,450.8800488966133,451.62530517578125,387700,0.0,0.0
2012-10-25 00:00:00+09:00,450.87996843949105,462.0588106322057,450.87996843949105,460.56829833984375,307100,0.0,0.0
2012-10-26 00:00:00+09:00,460.5683529076986,465.0398903145695,447.15374068708604,450.134765625,334000,0.0,0.0
2012-10-29 00:00:00+09:00,450.8798935538844,455.3514296883031,447.89886946427197,453.11566162109375,296600,0.0,0.0
2012-10-30 00:00:00+09:00,455.35148694233567,459.0777675228785,447.1536696651414,447.89892578125,226100,0.0,0.0
2012-10-31 00:00:00+09:00,447.89887848407324,453.86092678336206,447.89887848407324,448.6441345214844,250000,0.0,0.0
2012-11-01 00:00:00+09:00,455.35151180304615,460.56830490062606,450.13471870546624,457.5872802734375,172100,0.0,0.0
2012-11-02 00:00:00+09:00,460.5682448483585,466.53029332535993,458.332476669483,464.2945251464844,210500,0.0,0.0
2012-11-05 00:00:00+09:00,458.33256012113225,460.56832870708894,450.13474197262417,453.86102294921875,263200,0.0,0.0
2012-11-06 00:00:00+09:00,453.11570267747544,458.3324953069859,452.3704465875454,455.3514709472656,150300,0.0,0.0
2012-11-07 00:00:00+09:00,460.5683805257967,461.3136368049647,450.8800488966133,451.62530517578125,178800,0.0,0.0
2012-11-08 00:00:00+09:00,450.87997486226334,459.0777925870318,449.3894625486691,457.5872802734375,270600,0.0,0.0
2012-11-09 00:00:00+09:00,454.60627914453767,457.58730392581333,447.8989733866674,453.86102294921875,303300,0.0,0.0
2012-11-12 00:00:00+09:00,453.1156620098527,472.49231860895827,453.1156620098527,468.0207824707031,476800,0.0,0.0
2012-11-13 00:00:00+09:00,466.5303683158679,468.02088067470453,460.56831888052136,465.03985595703125,329000,0.0,0.0
2012-11-14 00:00:00+09:00,466.5302205274676,472.4922680741445,466.5302205274676,470.2565002441406,296000,0.0,0.0
2012-11-15 00:00:00+09:00,473.98294081577035,482.18075897453366,470.25665983451427,480.69024658203125,277000,0.0,0.0
2012-11-16 00:00:00+09:00,481.4353912730276,484.41641536759744,474.72808706024546,482.9259033203125,313500,0.0,0.0
2012-11-19 00:00:00+09:00,488.8880238335254,491.86904836909565,481.4354624945997,485.1617431640625,278900,0.0,0.0
2012-11-20 00:00:00+09:00,488.14273384409694,489.63324600850643,482.92594126866385,486.6522216796875,128400,0.0,0.0
2012-11-21 00:00:00+09:00,488.8880380696861,499.3216242480026,486.65226960290397,492.61431884765625,236000,0.0,0.0
2012-11-22 00:00:00+09:00,500.0669482047098,510.5005357976545,498.5764356914319,509.7552795410156,331500,0.0,0.0
2012-11-26 00:00:00+09:00,521.679351896135,523.1698643301239,506.7742275562454,508.2647399902344,389900,0.0,0.0
2012-11-27 00:00:00+09:00,500.81198686611157,504.5382665302939,492.6141716049103,497.8309631347656,637500,0.0,0.0
2012-11-28 00:00:00+09:00,490.378438534944,491.8689505061748,473.9828068514048,479.9448547363281,608600,0.0,0.0
2012-11-29 00:00:00+09:00,483.6712046800051,491.12376561498206,478.4544120255212,490.3785095214844,372200,0.0,0.0
2012-11-30 00:00:00+09:00,492.6143221355896,497.08585909899887,489.6332974933167,491.1238098144531,333000,0.0,0.0
2012-12-03 00:00:00+09:00,493.3595338954752,497.83107045646136,490.3785095214844,490.3785095214844,192800,0.0,0.0
2012-12-04 00:00:00+09:00,491.8691165369413,502.3027038574219,491.8691165369413,502.3027038574219,427800,0.0,0.0
2012-12-05 00:00:00+09:00,497.0858122821346,507.51939754742676,494.85004401100053,498.5763244628906,460200,0.0,0.0
2012-12-06 00:00:00+09:00,503.79310142730577,508.26463783050673,503.0478453601056,506.02886962890625,357800,0.0,0.0
2012-12-07 00:00:00+09:00,509.0098921181499,515.7171966995018,509.0098921181499,514.2266845703125,291400,0.0,0.0
2012-12-10 00:00:00+09:00,521.6792344005868,521.6792344005868,510.50039366343134,511.99090576171875,332100,0.0,0.0
2012-12-11 00:00:00+09:00,515.7172072989944,517.9529755387299,510.50041473961153,516.4624633789062,317200,0.0,0.0
2012-12-12 00:00:00+09:00,520.9338989257812,523.1696667323297,516.4623633126844,520.9338989257812,324400,0.0,0.0
2012-12-13 00:00:00+09:00,523.1698540965829,528.3866475135004,520.1888292869157,526.15087890625,285400,0.0,0.0
2012-12-14 00:00:00+09:00,524.6602554213681,530.6223037784291,522.4244872874702,528.3865356445312,398100,0.0,0.0
2012-12-17 00:00:00+09:00,536.5843241690241,538.0748361806046,524.6602280763791,526.89599609375,263100,0.0,0.0
2012-12-18 00:00:00+09:00,530.6223459442181,541.0559313981774,529.8770898403639,537.3296508789062,298300,0.0,0.0
2012-12-19 00:00:00+09:00,559.6872691170114,564.1588052218077,535.8390765580974,545.5274047851562,706100,0.0,0.0
2012-12-20 00:00:00+09:00,545.5275034186312,558.1968580062224,542.5464788097862,549.2537841796875,495000,0.0,0.0
2012-12-21 00:00:00+09:00,556.706177006597,561.922968491264,544.7820821845013,548.5083618164062,361300,0.0,0.0
2012-12-25 00:00:00+09:00,549.2537633058311,553.7253000491621,544.0369704386115,544.7822265625,274700,0.0,0.0
2012-12-26 00:00:00+09:00,544.7821580820365,557.4515105955722,543.2916460216205,555.9609985351562,294400,0.0,0.0
2012-12-27 00:00:00+09:00,555.961082963004,558.9421075365321,548.5085215291836,552.2348022460938,318900,0.0,0.0
2012-12-28 00:00:00+09:00,557.4516397563596,558.1968959592423,544.0370281044685,552.9801025390625,282800,0.0,0.0
2013-01-04 00:00:00+09:00,564.1587741996794,569.3755660350795,559.6872383407652,568.6303100585938,160300,0.0,0.0
2013-01-07 00:00:00+09:00,568.6304690755209,569.3757252604166,555.2158577473958,558.942138671875,297300,0.0,0.0
2013-01-08 00:00:00+09:00,558.1969302615604,567.1400052457242,550.7443677747572,551.4896240234375,285800,0.0,0.0
2013-01-09 00:00:00+09:00,540.3106219007885,561.9230467768201,537.3295977799567,555.9609985351562,391800,0.0,0.0
2013-01-10 00:00:00+09:00,552.9801594403635,564.1590036339019,550.7443906016559,561.177978515625,195100,0.0,0.0
2013-01-11 00:00:00+09:00,564.9041710661826,565.649427228539,554.4705847931924,559.6873779296875,213500,0.0,0.0
2013-01-15 00:00:00+09:00,566.3947724726096,569.3757975908865,558.1969533973481,561.177978515625,177100,0.0,0.0
2013-01-16 00:00:00+09:00,561.1779030004041,561.1779030004041,537.3297052633351,540.3107299804688,542800,0.0,0.0
2013-01-17 00:00:00+09:00,545.5274169247454,548.5084410609461,528.3865281415908,539.5653686523438,376500,0.0,0.0
2013-01-18 00:00:00+09:00,548.5084288550205,548.5084288550205,538.0748446104956,545.5274047851562,224400,0.0,0.0
2013-01-21 00:00:00+09:00,548.5085485363392,557.4516226972578,543.2917552758033,553.725341796875,219200,0.0,0.0
2013-01-22 00:00:00+09:00,558.1968656049746,570.1209642026777,556.7063532802617,559.6873779296875,422600,0.0,0.0
2013-01-23 00:00:00+09:00,555.9610933693507,562.6683987853348,552.2348125826928,554.4705810546875,239300,0.0,0.0
2013-01-24 00:00:00+09:00,554.4705347521552,561.923095703125,548.5084859913793,561.923095703125,151900,0.0,0.0
2013-01-25 00:00:00+09:00,570.1207663796165,582.0448608398438,570.1207663796165,582.0448608398438,266100,0.0,0.0
2013-01-28 00:00:00+09:00,584.2807699731794,585.0260260573289,573.1019287109375,573.1019287109375,171800,0.0,0.0
2013-01-29 00:00:00+09:00,571.6112670898438,582.7901054292801,570.1207553112523,571.6112670898438,137700,0.0,0.0
2013-01-30 00:00:00+09:00,573.1019267546825,583.5355118971604,572.3566706730769,581.2997436523438,122400,0.0,0.0
2013-01-31 00:00:00+09:00,583.5354446878239,586.5164686709035,570.8660927597357,584.2807006835938,158500,0.0,0.0
2013-02-01 00:00:00+09:00,588.752336199897,591.7333606869851,585.7713117128089,588.007080078125,147400,0.0,0.0
2013-02-04 00:00:00+09:00,594.7143325140586,602.1668930718789,593.2238204024945,598.4406127929688,230600,0.0,0.0
2013-02-05 00:00:00+09:00,589.4974867147843,594.7142786326142,585.7712067734772,587.26171875,150600,0.0,0.0
2013-02-06 00:00:00+09:00,585.771204969618,608.8741405345776,585.771204969618,603.6573486328125,232200,0.0,0.0
2013-02-07 00:00:00+09:00,603.6574858526626,634.2129882229825,593.2238996774314,624.524658203125,504100,0.0,0.0
2013-02-08 00:00:00+09:00,625.2698783112469,644.6465372338838,617.0720610747467,634.2129516601562,556700,0.0,0.0
2013-02-12 00:00:00+09:00,640.9201400245776,643.155907954896,621.5434846284858,623.0339965820312,245300,0.0,0.0
2013-02-13 00:00:00+09:00,623.0340252914336,627.5055613581186,607.3836490580363,616.3267211914062,239000,0.0,0.0
2013-02-14 00:00:00+09:00,622.2888246024415,624.5245928345461,612.600495596655,619.3078002929688,272900,0.0,0.0
2013-02-15 00:00:00+09:00,619.3077744015271,619.3077744015271,598.4406051076129,609.6194458007812,319200,0.0,0.0
2013-02-18 00:00:00+09:00,617.8173437442757,640.9202842220473,617.8173437442757,635.7034912109375,363400,0.0,0.0
2013-02-19 00:00:00+09:00,624.5245865690495,632.7224033378556,617.8172819400262,622.288818359375,283600,0.0,0.0
2013-02-20 00:00:00+09:00,621.5435641390607,626.7603566438249,607.3836987689862,614.0910034179688,530400,0.0,0.0
2013-02-21 00:00:00+09:00,613.345692332198,621.543508390101,606.6383882848228,611.1099243164062,416300,0.0,0.0
2013-02-22 00:00:00+09:00,605.1478606047453,607.3836285626446,597.695300745081,603.6573486328125,438900,0.0,0.0
2013-02-25 00:00:00+09:00,609.6194123058784,617.8172283637815,600.6763402427116,611.1099243164062,356900,0.0,0.0
2013-02-26 00:00:00+09:00,595.4595112207517,602.1668148515236,594.714255261777,599.185791015625,361100,0.0,0.0
2013-02-27 00:00:00+09:00,601.4216093713425,608.8741695866007,594.71430517761,596.9500732421875,314600,0.0,0.0
2013-02-28 00:00:00+09:00,599.1859108392447,612.6005207834069,599.1859108392447,607.3837280273438,295300,0.0,0.0
2013-03-01 00:00:00+09:00,602.9121429556808,605.1479111001394,593.2238143296934,601.421630859375,500900,0.0,0.0
2013-03-04 00:00:00+09:00,601.4216791632717,610.3647524593798,600.6764230552627,607.3837280273438,307700,0.0,0.0
2013-03-05 00:00:00+09:00,609.6195539719988,614.091091042698,599.9312236521504,602.1669921875,277200,0.0,0.0
2013-03-06 00:00:00+09:00,605.8931716806472,608.1289398418304,599.9311232508254,606.638427734375,308900,0.0,0.0
2013-03-07 00:00:00+09:00,610.3648650070717,610.3648650070717,601.421790061913,605.1480712890625,337200,0.0,0.0
2013-03-08 00:00:00+09:00,605.1479156269195,611.1099640567414,602.1668914120086,606.638427734375,484200,0.0,0.0
2013-03-11 00:00:00+09:00,605.147955344142,625.2698701154374,605.147955344142,623.7793579101562,522700,0.0,0.0
2013-03-12 00:00:00+09:00,623.7794529367399,624.5247091529128,607.3838161809355,608.8743286132812,366800,0.0,0.0
2013-03-13 00:00:00+09:00,602.9121429556808,606.6384231964452,596.9500945704577,601.421630859375,384300,0.0,0.0
2013-03-14 00:00:00+09:00,604.402647440741,613.3457199059554,600.6763672469017,612.6004638671875,249000,0.0,0.0
2013-03-15 00:00:00+09:00,617.072059292467,623.0341081745198,615.5815470719538,620.79833984375,328400,0.0,0.0
2013-03-18 00:00:00+09:00,617.0720446228546,618.562556807934,610.3647397899975,613.3457641601562,250500,0.0,0.0
2013-03-19 00:00:00+09:00,618.5625465851369,634.2129242698211,614.0910101037986,632.722412109375,356100,0.0,0.0
2013-03-21 00:00:00+09:00,642.410834323554,647.6276276417268,633.4677600638294,639.4298095703125,395700,0.0,0.0
2013-03-22 00:00:00+09:00,629.7414512907407,638.6845251552245,624.524658203125,624.524658203125,256800,0.0,0.0
2013-03-25 00:00:00+09:00,632.7224096855962,640.1749704592781,619.3078002929688,619.3078002929688,339700,0.0,0.0
2013-03-26 00:00:00+09:00,615.5816311306423,619.3079121907551,611.110093858507,617.0721435546875,259500,0.0,0.0
2013-03-27 00:00:00+09:00,617.0722045898438,618.5827852620342,608.7640108927957,617.0722045898438,210100,11.0,0.0
2013-03-28 00:00:00+09:00,615.5614850079571,627.6461276584201,610.2744538483796,611.7850341796875,445300,0.0,0.0
2013-03-29 00:00:00+09:00,608.0085049411873,611.784955282437,603.4767645316878,606.4979248046875,187600,0.0,0.0
2013-04-01 00:00:00+09:00,605.7426871219758,609.5191377898185,585.349853515625,585.349853515625,276000,0.0,0.0
2013-04-02 00:00:00+09:00,581.5734960677776,581.5734960677776,564.2018202112076,567.978271484375,397500,0.0,0.0
2013-04-03 00:00:00+09:00,568.7335342925148,584.5946288743778,565.712373419779,578.5523071289062,345700,0.0,0.0
2013-04-04 00:00:00+09:00,570.2440868392301,592.1475020953064,567.9782162954981,591.3922119140625,323100,0.0,0.0
2013-04-05 00:00:00+09:00,614.8062206359024,623.1144128066578,600.4557068864157,603.4768676757812,399900,0.0,0.0
2013-04-08 00:00:00+09:00,614.8061134140336,620.8484339389872,598.189731970411,611.0296630859375,287300,0.0,0.0
2013-04-09 00:00:00+09:00,611.7851956372191,620.8486800170298,607.2534534473137,613.2957763671875,261700,0.0,0.0
2013-04-10 00:00:00+09:00,611.0297928432974,614.8062439733549,597.4345687750905,599.700439453125,443200,0.0,0.0
2013-04-11 00:00:00+09:00,604.2321578731227,612.5403500438781,599.7004166890742,603.4768676757812,368100,0.0,0.0
2013-04-12 00:00:00+09:00,603.4768676757812,609.5191892545125,598.9451264917328,603.4768676757812,278700,0.0,0.0
2013-04-15 00:00:00+09:00,600.4557511300752,603.4769121420504,597.4345901181,598.1898803710938,340400,0.0,0.0
2013-04-16 00:00:00+09:00,595.1685611270607,596.6791412314441,586.860370552952,589.8815307617188,387400,0.0,0.0
2013-04-17 00:00:00+09:00,595.1687193591185,601.211041383069,594.4134291061247,598.1898803710938,231500,0.0,0.0
2013-04-18 00:00:00+09:00,598.1897213358275,598.1897213358275,589.126240709527,589.8815307617188,414300,0.0,0.0
2013-04-19 00:00:00+09:00,590.6369072455864,593.658067896459,578.5522646420961,581.5734252929688,461300,0.0,0.0
2013-04-22 00:00:00+09:00,586.8605510166714,599.7004858523,586.1052607322226,592.1475830078125,324200,0.0,0.0
2013-04-23 00:00:00+09:00,580.8181493766463,603.4768548139667,580.8181493766463,591.3922119140625,517300,0.0,0.0
2013-04-24 00:00:00+09:00,600.4556473775126,605.7426782349246,598.9450671325377,601.2109375,757100,0.0,0.0
2013-04-25 00:00:00+09:00,610.2743820917038,637.4648248581659,610.2743820917038,634.4436645507812,678800,0.0,0.0
2013-04-26 00:00:00+09:00,641.2412581478256,645.0177084313817,623.8695868434676,626.8907470703125,477300,0.0,0.0
2013-04-30 00:00:00+09:00,638.2202200693627,666.9212477174524,632.933188660504,661.6342163085938,778800,0.0,0.0
2013-05-01 00:00:00+09:00,665.4105949190632,688.0692984917895,660.8788542045179,682.0269775390625,1029700,0.0,0.0
2013-05-02 00:00:00+09:00,681.2717098924259,685.8034507564553,674.4740985963816,678.2505493164062,468400,0.0,0.0
2013-05-07 00:00:00+09:00,689.5799073139339,743.2055079922354,689.5799073139339,738.6737670898438,1192900,0.0,0.0
2013-05-08 00:00:00+09:00,731.8760493729275,731.8760493729275,703.9303178695237,704.6856079101562,683100,0.0,0.0
2013-05-09 00:00:00+09:00,704.6857441746911,762.0877983625545,704.6857441746911,746.9819946289062,822200,0.0,0.0
2013-05-10 00:00:00+09:00,758.3113125344331,780.2147269403082,746.9819602555323,771.1512451171875,713800,0.0,0.0
2013-05-13 00:00:00+09:00,781.7253389825738,789.2782408084925,770.3959862436959,786.257080078125,573500,0.0,0.0
2013-05-14 00:00:00+09:00,783.9910749710577,783.9910749710577,762.0876634352575,769.6405639648438,488200,0.0,0.0
2013-05-15 00:00:00+09:00,777.9487995491746,778.7040896458243,753.7795164563847,762.0877075195312,330000,0.0,0.0
2013-05-16 00:00:00+09:00,755.2902566334061,759.8219981732066,717.5257438017358,735.6527099609375,427500,0.0,0.0
2013-05-17 00:00:00+09:00,726.5890185204049,756.800620122085,726.5890185204049,753.024169921875,422500,0.0,0.0
2013-05-20 00:00:00+09:00,757.5559879670432,768.130049613642,756.0454077318149,760.5771484375,255500,0.0,0.0
2013-05-21 00:00:00+09:00,753.779600648375,762.8430828204997,741.6949577522087,756.0454711914062,339500,0.0,0.0
2013-05-22 00:00:00+09:00,751.5137803336025,762.8431338059684,741.6950073242188,741.6950073242188,444900,0.0,0.0
2013-05-23 00:00:00+09:00,753.024298037203,768.8853915766025,709.2174682617188,709.2174682617188,530100,0.0,0.0
2013-05-24 00:00:00+09:00,709.2174234983164,730.3655468827178,694.8669112017584,716.7703247070312,393000,0.0,0.0
2013-05-27 00:00:00+09:00,710.7281118801662,712.9939825875418,675.2294707979476,676.7400512695312,383500,0.0,0.0
2013-05-28 00:00:00+09:00,665.4105754437837,685.8034080623787,663.8999952498137,681.2716674804688,419700,0.0,0.0
2013-05-29 00:00:00+09:00,697.132850778514,716.7703958708665,677.4953056861615,700.9093017578125,472100,0.0,0.0
2013-05-30 00:00:00+09:00,679.761129604416,702.4198339245632,673.7188084523767,678.2505493164062,475300,0.0,0.0
2013-05-31 00:00:00+09:00,694.1116744562951,706.9516074984682,689.579933382587,693.3563842773438,529700,0.0,0.0
2013-06-03 00:00:00+09:00,692.6011070311404,693.356397224195,671.4529816256094,672.9635620117188,437100,0.0,0.0
2013-06-04 00:00:00+09:00,673.7187850312156,688.0692972684275,670.6976245602235,684.2928466796875,476800,0.0,0.0
2013-06-05 00:00:00+09:00,672.9635508052638,711.4833500096055,668.4318097224001,691.0905151367188,781300,0.0,0.0
2013-06-06 00:00:00+09:00,675.9846935823474,675.9846935823474,650.3048281278225,653.3259887695312,487300,0.0,0.0
2013-06-07 00:00:00+09:00,636.7095870705847,660.8788715145452,625.3802349874782,650.3048095703125,521200,0.0,0.0
2013-06-10 00:00:00+09:00,684.2928590846706,698.6433715820312,680.5164084274704,698.6433715820312,277400,0.0,0.0
2013-06-11 00:00:00+09:00,697.8880484396581,697.8880484396581,673.7187653768128,683.5375366210938,242600,0.0,0.0
2013-06-12 00:00:00+09:00,675.229450997294,682.0270629200855,663.1448075789979,675.9847412109375,232500,0.0,0.0
2013-06-13 00:00:00+09:00,664.6553222089141,671.4529334587779,642.7519081815748,650.3048095703125,323300,0.0,0.0
2013-06-14 00:00:00+09:00,667.676471332172,685.8034343547649,663.1447305765238,670.6976318359375,608500,0.0,0.0
2013-06-17 00:00:00+09:00,667.6765387256073,694.8669860040256,664.6553779168942,691.8458251953125,325600,0.0,0.0
2013-06-18 00:00:00+09:00,692.6010607381772,698.6433818787502,679.7611283144597,680.5164184570312,280600,0.0,0.0
2013-06-19 00:00:00+09:00,696.3774766188401,709.9726985051082,685.0481250469501,706.9515380859375,272300,0.0,0.0
2013-06-20 00:00:00+09:00,697.8879741086798,716.0149344751391,694.8668140476033,712.9937744140625,379600,0.0,0.0
2013-06-21 00:00:00+09:00,689.5799581748561,721.3021468313117,680.5164757015831,717.5256958007812,618500,0.0,0.0
2013-06-24 00:00:00+09:00,734.8971986632416,737.9183587810761,722.8125581919036,729.6101684570312,345500,0.0,0.0
2013-06-25 00:00:00+09:00,737.9185037573344,737.9185037573344,714.5045082440515,728.0997314453125,409300,0.0,0.0
2013-06-26 00:00:00+09:00,737.9185283453395,742.4502695634276,710.7280810368111,722.0574340820312,436400,0.0,0.0
2013-06-27 00:00:00+09:00,733.3866555907953,738.6736860636435,715.2596939696016,737.9183959960938,410600,0.0,0.0
2013-06-28 00:00:00+09:00,753.7796327482272,772.6618880775916,749.2478914691798,768.8854370117188,564400,0.0,0.0
2013-07-01 00:00:00+09:00,774.9278152005234,777.9489762734298,762.0878806406706,775.68310546875,457400,0.0,0.0
2013-07-02 00:00:00+09:00,791.5439633627074,799.0968637764736,781.7251928248112,796.8309936523438,464000,0.0,0.0
2013-07-03 00:00:00+09:00,804.3839510602156,808.9156916295689,796.8310501112934,805.89453125,495200,0.0,0.0
2013-07-04 00:00:00+09:00,812.6921332517645,813.4474233384298,771.1511784851781,782.4805297851562,533300,0.0,0.0
2013-07-05 00:00:00+09:00,785.5017216640108,801.362814120688,784.7464315470262,799.8522338867188,466200,0.0,0.0
2013-07-08 00:00:00+09:00,804.3839411510655,812.6921320925319,783.9911088401934,784.7463989257812,406500,0.0,0.0
2013-07-09 00:00:00+09:00,796.831173766457,802.1182052511634,785.5018205849435,801.3629150390625,419000,0.0,0.0
2013-07-10 00:00:00+09:00,806.6497959698052,821.7555973924607,805.1392158275396,816.4685668945312,698400,0.0,0.0
2013-07-11 00:00:00+09:00,812.6921230542245,812.6921230542245,787.0122604298344,802.8733520507812,393800,0.0,0.0
2013-07-12 00:00:00+09:00,807.4051046766992,821.0003262708813,807.4051046766992,819.48974609375,316400,0.0,0.0
2013-07-16 00:00:00+09:00,822.5110034246513,830.8191953784358,817.223972181334,827.7980346679688,276000,0.0,0.0
2013-07-17 00:00:00+09:00,830.0638464691442,830.0638464691442,815.713334109805,823.2662353515625,299600,0.0,0.0
2013-07-18 00:00:00+09:00,829.3084736918355,830.8190537896348,815.7132528116414,824.7767333984375,1441600,0.0,0.0
2013-07-19 00:00:00+09:00,824.7767824547313,833.8402635806075,805.1392400153329,808.160400390625,376400,0.0,0.0
2013-07-22 00:00:00+09:00,822.5109452273867,826.2873958482654,809.6710131163991,823.2662353515625,311700,0.0,0.0
2013-07-23 00:00:00+09:00,821.7556895380435,836.1062024987262,814.2027879797894,833.84033203125,309000,0.0,0.0
2013-07-24 00:00:00+09:00,833.8405243844697,834.5958147145282,811.9371048127763,822.5111694335938,291300,0.0,0.0
2013-07-25 00:00:00+09:00,824.7768595264889,833.8403414993074,811.9369267316627,817.979248046875,274300,0.0,0.0
2013-07-26 00:00:00+09:00,802.1180912898136,808.9157022329476,783.235838669997,785.501708984375,406200,0.0,0.0
2013-07-29 00:00:00+09:00,766.61959722668,767.374887470253,749.2479216244991,753.7796630859375,418400,0.0,0.0
2013-07-30 00:00:00+09:00,750.0032171952097,777.1936661569695,746.2267659505208,774.9277954101562,316000,0.0,0.0
2013-07-31 00:00:00+09:00,764.353502061632,774.1722723450324,746.9818315602312,747.7371215820312,305200,0.0,0.0
2013-08-01 00:00:00+09:00,748.4924395371968,776.4381713867188,728.8548982375327,776.4381713867188,542400,0.0,0.0
2013-08-02 00:00:00+09:00,776.4383022094611,795.320556640625,771.9065611459818,795.320556640625,209800,0.0,0.0
2013-08-05 00:00:00+09:00,787.0124977762384,787.0124977762384,771.9066916768865,779.4595947265625,184700,0.0,0.0
2013-08-06 00:00:00+09:00,783.9911685291956,791.5440699601127,773.4171065259117,787.0123291015625,316300,0.0,0.0
2013-08-07 00:00:00+09:00,771.906597864417,784.7465314883848,768.8854370117188,768.8854370117188,345500,0.0,0.0
2013-08-08 00:00:00+09:00,766.6194743247488,777.1935360395729,749.2478015075377,751.513671875,313000,0.0,0.0
2013-08-09 00:00:00+09:00,759.0665505981445,772.6617723999024,754.5348099975587,755.2901000976562,528400,0.0,0.0
2013-08-12 00:00:00+09:00,748.4927721300402,767.3750317700512,745.4716105876383,754.5350952148438,396300,0.0,0.0
2013-08-13 00:00:00+09:00,767.3748268906551,795.3205636967124,766.6195367067075,783.9912109375,366800,0.0,0.0
2013-08-14 00:00:00+09:00,790.7886352539062,798.3415353040868,775.682835153545,790.7886352539062,236000,0.0,0.0
2013-08-15 00:00:00+09:00,789.2782408084925,818.7345579295749,781.7253389825738,786.257080078125,502500,0.0,0.0
2013-08-16 00:00:00+09:00,776.4382722428702,787.0123343162167,771.1512412061969,777.9488525390625,220900,0.0,0.0
2013-08-19 00:00:00+09:00,773.4171155729676,776.4382761806745,765.1089239017737,771.1512451171875,198600,0.0,0.0
2013-08-20 00:00:00+09:00,778.7040501826227,819.4897133347679,774.1723098323844,802.1180419921875,821900,0.0,0.0
2013-08-21 00:00:00+09:00,804.3839070524677,838.3719594631355,802.873326945327,813.4473876953125,1144000,0.0,0.0
2013-08-22 00:00:00+09:00,815.7132588818087,832.3296400812528,800.6074577914047,811.1815185546875,600200,0.0,0.0
2013-08-23 00:00:00+09:00,824.7769226074219,853.4779510498047,822.5110519409179,845.925048828125,487000,0.0,0.0
2013-08-26 00:00:00+09:00,852.7225439011241,856.4989944941318,832.329710698883,834.5955810546875,233100,0.0,0.0
2013-08-27 00:00:00+09:00,830.063881252123,843.6591040569803,823.2662698496943,833.84033203125,273100,0.0,0.0
2013-08-28 00:00:00+09:00,811.9368264677346,823.2661775347262,799.0968952584774,816.4685668945312,166400,0.0,0.0
2013-08-29 00:00:00+09:00,820.2451569052303,833.085090300616,814.9581255071303,821.7557373046875,252600,0.0,0.0
2013-08-30 00:00:00+09:00,822.5108693724903,827.0426096996115,807.4050682820865,811.1815185546875,291900,0.0,0.0
2013-09-02 00:00:00+09:00,811.936964708216,825.5321883033304,802.8734823114731,821.7557373046875,197300,0.0,0.0
2013-09-03 00:00:00+09:00,831.5746619709993,838.3722750116341,826.287629606061,836.8616943359375,237400,0.0,0.0
2013-09-04 00:00:00+09:00,823.2662966560708,860.275515496573,814.2028144910498,855.7437744140625,293400,0.0,0.0
2013-09-05 00:00:00+09:00,861.030755377435,879.1577186485389,846.680242787811,872.360107421875,414600,0.0,0.0
2013-09-06 00:00:00+09:00,886.7105997439274,888.9764701010243,860.2754455777967,871.6047973632812,604600,0.0,0.0
2013-09-09 00:00:00+09:00,882.9340691005239,890.4869696060887,854.9883372299341,866.3176879882812,411700,0.0,0.0
2013-09-10 00:00:00+09:00,865.562577921726,871.6048995826105,854.9885150151778,870.849609375,403900,0.0,0.0
2013-09-11 00:00:00+09:00,873.1153950325689,893.5082286535719,873.1153950325689,876.891845703125,440200,0.0,0.0
2013-09-12 00:00:00+09:00,876.1365581033549,881.4235890574269,865.562496195211,872.360107421875,260000,0.0,0.0
2013-09-13 00:00:00+09:00,873.1154253160631,896.5294202856115,873.1154253160631,894.2635498046875,432600,0.0,0.0
2013-09-17 00:00:00+09:00,904.8376093503808,912.3905109309349,898.039997927882,898.7952880859375,254500,0.0,0.0
2013-09-18 00:00:00+09:00,916.9222837842201,928.251636549264,905.5929310191761,913.901123046875,405700,0.0,0.0
2013-09-19 00:00:00+09:00,921.4538200637149,924.4749801294976,898.7951195703449,913.1456298828125,442800,0.0,0.0
2013-09-20 00:00:00+09:00,911.635175374349,925.2303975423177,898.795243326823,906.34814453125,316500,0.0,0.0
2013-09-24 00:00:00+09:00,904.8372998737457,920.6983877680267,898.0396907761966,907.8584594726562,251000,0.0,0.0
2013-09-25 00:00:00+09:00,901.8166126094012,905.59306408599,892.7531290655882,898.0401611328125,311100,0.0,0.0
2013-09-26 00:00:00+09:00,907.9505167744701,921.6726908315151,892.703656711087,917.0986328125,181900,11.0,0.0
2013-09-27 00:00:00+09:00,919.3856228183179,921.6726517308012,891.9412758685173,895.7529907226562,319100,0.0,0.0
2013-09-30 00:00:00+09:00,874.4072642761336,892.7034929968199,870.595549959324,885.8424072265625,249200,0.0,0.0
2013-10-01 00:00:00+09:00,878.9816381962108,889.6544421292091,873.6452362297117,885.0803833007812,213700,0.0,0.0
2013-10-02 00:00:00+09:00,884.3178912070005,885.0802342166617,860.685257907503,869.8333740234375,211400,0.0,0.0
2013-10-03 00:00:00+09:00,875.169599492221,901.0892566200394,873.6449137788198,889.6541137695312,430300,0.0,0.0
2013-10-04 00:00:00+09:00,883.555477867992,884.317820816972,872.8826765822698,873.64501953125,273600,0.0,0.0
2013-10-07 00:00:00+09:00,872.8827155459244,873.645058528934,853.8241409706859,861.4475708007812,247600,0.0,0.0
2013-10-08 00:00:00+09:00,850.0124725422746,866.021676061008,843.9137283446619,862.2099609375,221400,0.0,0.0
2013-10-09 00:00:00+09:00,857.6358584907111,871.3580322265626,846.9630566961602,871.3580322265625,238900,0.0,0.0
2013-10-10 00:00:00+09:00,872.8828213340358,883.5556243896484,863.734704429225,869.0711059570312,205000,0.0,0.0
2013-10-11 00:00:00+09:00,884.3177680394158,920.910227406564,884.3177680394158,910.2374267578125,634000,0.0,0.0
2013-10-15 00:00:00+09:00,903.376285190141,903.376285190141,887.3670851994297,889.6541137695312,461200,0.0,0.0
2013-10-16 00:00:00+09:00,891.178955078125,902.6140999251497,885.0802111597119,891.178955078125,243700,0.0,0.0
2013-10-17 00:00:00+09:00,903.3763670309996,904.1387099567642,887.367165589944,891.9412231445312,155600,0.0,0.0
2013-10-18 00:00:00+09:00,896.5153281116568,913.2868733654462,888.8918984508433,892.70361328125,364800,0.0,0.0
2013-10-21 00:00:00+09:00,902.6138378657761,906.4255517081147,888.8916680333572,898.8021240234375,204500,0.0,0.0
2013-10-22 00:00:00+09:00,903.3763704275742,907.1880850707284,898.802312855789,901.8516845703125,285500,0.0,0.0
2013-10-23 00:00:00+09:00,905.6634181701031,910.9998187822165,887.3671875,887.3671875,284700,0.0,0.0
2013-10-24 00:00:00+09:00,884.3178681699102,893.4659840475299,875.9320952820921,891.178955078125,224600,0.0,0.0
2013-10-25 00:00:00+09:00,891.9412412550515,891.9412412550515,858.3981518403316,860.6851806640625,338300,0.0,0.0
2013-10-28 00:00:00+09:00,867.5462326023451,883.5554337312109,857.6357747606663,882.7930908203125,269200,0.0,0.0
2013-10-29 00:00:00+09:00,869.0710279381794,879.7438300356658,863.7346268894362,876.6944580078125,199200,0.0,0.0
2013-10-30 00:00:00+09:00,880.5060620876174,884.3177766421093,870.5956042459386,882.7930908203125,288700,0.0,0.0
2013-10-31 00:00:00+09:00,885.0802786236322,910.9999422525758,876.6945050966211,877.4568481445312,604400,0.0,0.0
2013-11-01 00:00:00+09:00,884.3179355757221,886.6049647194525,869.07107461752,877.4568481445312,330400,0.0,0.0
2013-11-05 00:00:00+09:00,885.0801062076649,885.8424491070687,852.299361533307,859.9227905273438,369900,0.0,0.0
2013-11-06 00:00:00+09:00,855.348826936705,874.4074015119435,855.348826936705,861.4475708007812,475000,0.0,0.0
2013-11-07 00:00:00+09:00,862.209793512785,866.0215078961307,850.012307486079,854.5863647460938,270700,0.0,0.0
2013-11-08 00:00:00+09:00,849.2498779296875,859.9226771137231,840.1017643433713,849.2498779296875,239400,0.0,0.0
2013-11-11 00:00:00+09:00,860.6852278177718,866.783971681848,850.7747690386477,861.4475708007812,335200,0.0,0.0
2013-11-12 00:00:00+09:00,861.4475323475676,878.981420174111,860.6851893985875,873.64501953125,247600,0.0,0.0
2013-11-13 00:00:00+09:00,872.8826329786336,885.842462463906,871.357947156837,882.7930908203125,251700,0.0,0.0
2013-11-14 00:00:00+09:00,886.6048053748043,888.1294911966011,871.357947156837,882.7930908203125,337300,0.0,0.0
2013-11-15 00:00:00+09:00,896.5152272498659,907.9503704545835,882.0307125238902,888.1294555664062,719800,0.0,0.0
2013-11-18 00:00:00+09:00,899.564606765221,904.138664087756,878.2190059267242,884.3177490234375,336500,0.0,0.0
2013-11-19 00:00:00+09:00,883.5555784967211,892.7036949263679,869.8334038522509,878.2191772460938,398100,0.0,0.0
2013-11-20 00:00:00+09:00,881.2684350649793,883.5554638757015,871.3579768851828,874.4073486328125,245700,0.0,0.0
2013-11-21 00:00:00+09:00,874.4073599414909,882.7931323559254,870.595645207657,880.506103515625,206000,0.0,0.0
2013-11-22 00:00:00+09:00,888.8920940639856,891.1791234655224,876.6946039224557,882.031005859375,253200,0.0,0.0
2013-11-25 00:00:00+09:00,884.31804016271,889.6544421292091,875.1699225058544,885.0803833007812,154500,0.0,0.0
2013-11-26 00:00:00+09:00,883.5554099834991,900.326953572487,883.5554099834991,894.2282104492188,465300,0.0,0.0
2013-11-27 00:00:00+09:00,885.8425177584268,886.6048607169107,859.9228571699701,862.9722290039062,310100,0.0,0.0
2013-11-28 00:00:00+09:00,865.2593105722124,870.5957116065784,860.6852525427557,866.7839965820312,264700,0.0,0.0
2013-11-29 00:00:00+09:00,866.0215040948749,871.3579042081356,862.9721326015831,868.3085327148438,176200,0.0,0.0
2013-12-02 00:00:00+09:00,870.5957170330987,876.6944611103884,868.3086880041151,869.8333740234375,169700,0.0,0.0
2013-12-03 00:00:00+09:00,874.407479414798,875.1698224657263,868.3087350073713,870.5957641601562,159500,0.0,0.0
2013-12-04 00:00:00+09:00,869.8332263334297,882.7930552972057,856.1110544894317,864.496826171875,340000,0.0,0.0
2013-12-05 00:00:00+09:00,865.2592548714673,866.0215978273012,850.0123957547895,853.061767578125,279700,0.0,0.0
2013-12-06 00:00:00+09:00,847.725347484739,853.8240909918235,845.4383186695824,850.7747192382812,245500,0.0,0.0
2013-12-09 00:00:00+09:00,868.3087177806431,880.5062063535055,861.447630458408,878.2191772460938,293400,0.0,0.0
2013-12-10 00:00:00+09:00,880.5063195916838,889.6544371978312,876.6946039224557,882.031005859375,279000,0.0,0.0
2013-12-11 00:00:00+09:00,875.1696559436607,882.7930850024034,872.1202843201636,879.7437133789062,179300,0.0,0.0
2013-12-12 00:00:00+09:00,869.8332184614897,871.3579042081356,859.9227611082913,868.3085327148438,221300,0.0,0.0
2013-12-13 00:00:00+09:00,862.9722094877934,866.7839241940115,854.5864371341135,860.6851806640625,505100,0.0,0.0
2013-12-16 00:00:00+09:00,846.9630375883005,851.5370953970582,833.2408641620274,835.5278930664062,259200,0.0,0.0
2013-12-17 00:00:00+09:00,838.577078745652,853.0615919239859,829.4289651593358,849.2498779296875,442600,0.0,0.0
2013-12-18 00:00:00+09:00,841.6267388237848,843.9137680053711,822.568162310565,823.3305053710938,574500,0.0,0.0
2013-12-19 00:00:00+09:00,836.2903213786722,837.8150074705202,812.6576869550269,814.182373046875,677400,0.0,0.0
2013-12-20 00:00:00+09:00,814.1822191126206,835.5278203627643,810.3705046036664,829.4290771484375,521700,0.0,0.0
2013-12-24 00:00:00+09:00,821.8057722174756,834.0032604878648,818.7564001498783,822.568115234375,450900,0.0,0.0
2013-12-25 00:00:00+09:00,817.2317299567485,833.2409336219459,817.2317299567485,831.7162475585938,303400,0.0,0.0
2013-12-26 00:00:00+09:00,849.2499978259962,859.9227985168076,832.4784538832924,856.111083984375,389600,0.0,0.0
2013-12-27 00:00:00+09:00,860.685254861583,879.7438300356658,850.7747957710599,876.6944580078125,437100,0.0,0.0
2013-12-30 00:00:00+09:00,884.3177766421093,893.4658915728896,880.5060620876174,882.7930908203125,305200,0.0,0.0
2014-01-06 00:00:00+09:00,878.9815479648767,906.4258981181599,875.932175725623,903.3765258789062,604400,0.0,0.0
2014-01-07 00:00:00+09:00,895.7531822685961,899.5648979378242,877.4569470563014,882.031005859375,399800,0.0,0.0
2014-01-08 00:00:00+09:00,891.1788802187667,893.4659089960604,882.7931080353566,891.9412231445312,257700,0.0,0.0
2014-01-09 00:00:00+09:00,889.6541589365839,897.277587890625,887.3671302503717,897.277587890625,220600,0.0,0.0
2014-01-10 00:00:00+09:00,888.12972866759,897.2778460444237,879.7439544054927,896.5155029296875,359000,0.0,0.0
2014-01-14 00:00:00+09:00,890.4164601351719,890.4164601351719,875.1696029410765,875.9319458007812,469700,0.0,0.0
2014-01-15 00:00:00+09:00,888.1295085157085,894.228251921825,876.6943646292401,891.9412231445312,217500,0.0,0.0
2014-01-16 00:00:00+09:00,897.2778180418678,904.9012489513145,889.6543871324212,898.0401611328125,230900,0.0,0.0
2014-01-17 00:00:00+09:00,901.8517727491169,922.4350338346842,901.8517727491169,917.0986328125,374200,0.0,0.0
2014-01-20 00:00:00+09:00,920.1480048251767,930.0584638663757,914.0492607998234,917.0986328125,318600,0.0,0.0
2014-01-21 00:00:00+09:00,918.6232149278795,919.3855578448322,900.3269849210172,902.614013671875,186300,0.0,0.0
2014-01-22 00:00:00+09:00,904.1386739492618,906.4257026354742,887.3671302503717,897.277587890625,279200,0.0,0.0
2014-01-23 00:00:00+09:00,901.0894986363393,907.1882431279557,886.60498046875,886.60498046875,296500,0.0,0.0
2014-01-24 00:00:00+09:00,863.73459974981,870.5956865968958,843.9136821915619,861.4475708007812,453600,0.0,0.0
2014-01-27 00:00:00+09:00,838.5770579746792,863.7343697139196,834.0030012948173,853.8239135742188,607400,0.0,0.0
2014-01-28 00:00:00+09:00,850.7747635782083,864.4969371843084,850.7747635782083,858.398193359375,460700,0.0,0.0
2014-01-29 00:00:00+09:00,875.932175725623,906.4258981181599,875.932175725623,903.3765258789062,488100,0.0,0.0
2014-01-30 00:00:00+09:00,886.604697941903,897.2774974012209,871.3578415714491,875.1695556640625,598500,0.0,0.0
2014-01-31 00:00:00+09:00,876.6945367110403,883.5556243896484,859.9229890522204,869.0711059570312,439500,0.0,0.0
2014-02-03 00:00:00+09:00,854.5863647460938,864.4968221427924,846.2005931027334,854.5863647460938,277300,0.0,0.0
2014-02-04 00:00:00+09:00,823.3302581152528,834.0030577574876,800.4599731676069,806.5587158203125,361500,0.0,0.0
2014-02-05 00:00:00+09:00,807.3212890625001,814.1823765049576,786.7380267351275,807.3212890625,445300,0.0,0.0
2014-02-06 00:00:00+09:00,784.450820092534,869.0708794028072,784.450820092534,854.5863647460938,550900,0.0,0.0
2014-02-07 00:00:00+09:00,882.030724202682,899.5646106820785,871.3579237369624,894.2282104492188,666600,0.0,0.0
2014-02-10 00:00:00+09:00,901.8516635927717,901.8516635927717,875.9320046222272,882.7930908203125,439900,0.0,0.0
2014-02-12 00:00:00+09:00,891.1788388875846,898.8022677916699,876.6943239698222,894.2282104492188,325600,0.0,0.0
2014-02-13 00:00:00+09:00,895.7528566231356,898.0398851932372,885.080056629328,889.6541137695312,180600,0.0,0.0
2014-02-14 00:00:00+09:00,882.7930908203125,894.228234483788,868.3085755132435,882.7930908203125,268600,0.0,0.0
2014-02-17 00:00:00+09:00,837.0525293764861,857.63578829558,824.8550426096156,841.6265869140625,644600,0.0,0.0
2014-02-18 00:00:00+09:00,842.3889561772863,883.5554753026921,842.3889561772863,880.506103515625,531600,0.0,0.0
2014-02-19 00:00:00+09:00,873.6449627166098,873.6449627166098,852.299361533307,859.9227905273438,343100,0.0,0.0
2014-02-20 00:00:00+09:00,862.9721805170058,866.02155217961,842.388921794427,845.4382934570312,498000,0.0,0.0
2014-02-21 00:00:00+09:00,858.3981277359115,875.1696719723147,856.111098976402,872.1203002929688,197600,0.0,0.0
2014-02-24 00:00:00+09:00,874.4073763518355,886.6048637290189,858.3981741692822,872.8826904296875,251900,0.0,0.0
2014-02-25 00:00:00+09:00,885.0801195530076,888.1294911966011,873.644975889532,882.7930908203125,298600,0.0,0.0
2014-02-26 00:00:00+09:00,875.9319415025309,881.2683414942783,863.7344558071084,866.021484375,316600,0.0,0.0
2014-02-27 00:00:00+09:00,861.4474763261511,877.4566772136282,853.8240473321143,859.9227905273438,259200,0.0,0.0
2014-02-28 00:00:00+09:00,850.7747525401107,875.1697275233397,837.0525791120444,852.2994384765625,428400,0.0,0.0
2014-03-03 00:00:00+09:00,840.8643466765831,858.398236045179,822.5681142919611,839.3396606445312,220700,0.0,0.0
2014-03-04 00:00:00+09:00,840.8643344151103,872.8827406213068,837.0526193905631,866.7839965820312,307100,0.0,0.0
2014-03-05 00:00:00+09:00,884.317834845797,886.6048637290189,871.3580045075396,872.8826904296875,217700,0.0,0.0
2014-03-06 00:00:00+09:00,872.8828053626129,892.7037249603666,866.7840608709964,886.60498046875,228100,0.0,0.0
2014-03-07 00:00:00+09:00,896.5152391204443,907.1880395861639,888.8918102163589,894.2282104492188,307100,0.0,0.0
2014-03-10 00:00:00+09:00,895.7530130169349,907.1881578639596,887.3672401291168,891.178955078125,369600,0.0,0.0
2014-03-11 00:00:00+09:00,885.8424269254627,894.9905414892369,876.6943123616886,888.1294555664062,341700,0.0,0.0
2014-03-12 00:00:00+09:00,869.8333380311251,874.4073958998251,856.8735074031416,858.398193359375,176500,0.0,0.0
2014-03-13 00:00:00+09:00,851.5370265454558,864.4968559557268,851.5370265454558,856.111083984375,201200,0.0,0.0
2014-03-14 00:00:00+09:00,835.5278986150568,842.388985373757,821.8057250976562,821.8057250976562,508500,0.0,0.0
2014-03-17 00:00:00+09:00,824.0925451551166,860.6849985940116,821.8055168151856,853.8239135742188,613000,0.0,0.0
2014-03-18 00:00:00+09:00,864.497005421332,869.833406689365,837.8149990811675,844.6760864257812,591500,0.0,0.0
2014-03-19 00:00:00+09:00,859.1605665329369,886.6049147096766,859.1605665329369,866.7839965820312,643700,0.0,0.0
2014-03-20 00:00:00+09:00,879.7438170890498,893.4659910124492,843.9136962890625,843.9136962890625,630300,0.0,0.0
2014-03-24 00:00:00+09:00,850.012307486079,875.1696224161602,844.6759073493951,854.5863647460938,390100,0.0,0.0
2014-03-25 00:00:00+09:00,871.3580546114879,872.8827406213068,851.5371364838425,866.7839965820312,619500,0.0,0.0
2014-03-26 00:00:00+09:00,875.9320148921513,890.4165303690451,856.8734418962385,872.1203002929688,607200,0.0,0.0
2014-03-27 00:00:00+09:00,879.0478718728335,903.6796861459777,869.8109415204044,902.1401977539062,542600,11.0,0.0
2014-03-28 00:00:00+09:00,903.6796861459777,912.1468723023711,889.8242906173341,902.1401977539062,448600,0.0,0.0
2014-03-31 00:00:00+09:00,915.9956665039064,920.6141320493042,890.5941060042181,915.9956665039062,411800,0.0,0.0
2014-04-01 00:00:00+09:00,915.9956677328021,920.614133284396,905.9889923710151,917.53515625,379500,0.0,0.0
2014-04-02 00:00:00+09:00,918.3049905197875,923.6932008581265,912.9167801814484,915.2260131835938,230800,0.0,0.0
2014-04-03 00:00:00+09:00,902.9100897043611,915.2259988563387,886.7454589423904,895.212646484375,573800,0.0,0.0
2014-04-04 00:00:00+09:00,896.7522291941185,908.2983952352445,888.2850407639594,899.0614624023438,191700,0.0,0.0
2014-04-07 00:00:00+09:00,889.0547121488131,896.7521555440409,879.0480357350169,880.5875244140625,185500,0.0,0.0
2014-04-08 00:00:00+09:00,877.5084767443068,881.3571981335363,866.7320568544644,868.2715454101562,236700,0.0,0.0
2014-04-09 00:00:00+09:00,859.0347514963888,860.5742402983536,843.6398634767403,845.9490966796875,279800,0.0,0.0
2014-04-10 00:00:00+09:00,854.4161027232193,863.6530335634703,844.4094276462807,849.0278930664062,230400,0.0,0.0
2014-04-11 00:00:00+09:00,839.0213942462332,848.2583270269256,835.1726722542779,841.3306274414062,260000,0.0,0.0
2014-04-14 00:00:00+09:00,839.02142063718,844.4096315954004,832.8634652563567,834.4029541015625,125300,0.0,0.0
2014-04-15 00:00:00+09:00,835.9421712912148,844.4093571882712,831.3237062564566,838.2514038085938,172600,0.0,0.0
2014-04-16 00:00:00+09:00,850.567575141059,866.7322077907986,850.567575141059,865.9624633789062,173000,0.0,0.0
2014-04-17 00:00:00+09:00,866.732047211352,869.0412800191975,855.9556274414062,855.9556274414062,145100,0.0,0.0
2014-04-18 00:00:00+09:00,862.1136463690742,862.8833906961895,849.0279928081151,860.5741577148438,167700,0.0,0.0
2014-04-21 00:00:00+09:00,872.8900342453755,880.5874772281389,853.6464267884669,858.264892578125,221200,0.0,0.0
2014-04-22 00:00:00+09:00,859.0346579629867,861.3438909145001,845.1792602539062,845.1792602539062,161600,0.0,0.0
2014-04-23 00:00:00+09:00,855.9555433618099,878.2781249782599,855.1857991681392,864.4227294921875,408000,0.0,0.0
2014-04-24 00:00:00+09:00,860.5742488031208,871.3506705233746,855.9557823515835,859.8045043945312,186700,0.0,0.0
2014-04-25 00:00:00+09:00,869.8109767045925,884.4361170208643,864.4227671143869,872.8899536132812,307500,0.0,0.0
2014-04-28 00:00:00+09:00,872.8901640139751,876.7388860775288,859.8045089978926,867.501953125,215400,0.0,0.0
2014-04-30 00:00:00+09:00,867.501798745152,871.3505201237906,860.5741002636023,865.1925659179688,189700,0.0,0.0
2014-05-01 00:00:00+09:00,874.4295194169536,899.0613368653184,868.2715650548623,894.44287109375,403400,0.0,0.0
2014-05-02 00:00:00+09:00,894.4429181595923,894.4429181595923,868.271610743563,874.4295654296875,262800,0.0,0.0
2014-05-07 00:00:00+09:00,862.1137291003186,866.7321955062131,845.1793522787051,845.9490966796875,197300,0.0,0.0
2014-05-08 00:00:00+09:00,846.7187810442211,855.9557132010672,844.4095480050096,847.488525390625,111500,0.0,0.0
2014-05-09 00:00:00+09:00,842.1002388068244,869.8110327712172,840.5607502532471,866.7320556640625,263900,0.0,0.0
2014-05-12 00:00:00+09:00,874.4296283922697,894.4429825632196,874.4296283922697,877.5086059570312,309200,0.0,0.0
2014-05-13 00:00:00+09:00,892.9033538425429,901.370540818636,886.7453996781115,896.7520751953125,414900,0.0,0.0
2014-05-14 00:00:00+09:00,892.1338831801767,901.3708172596953,885.2061826205377,897.5220947265625,194300,0.0,0.0
2014-05-15 00:00:00+09:00,885.2061190959291,892.9035636098068,875.9691856792759,891.3640747070312,137500,0.0,0.0
2014-05-16 00:00:00+09:00,872.8901686051904,877.508635105747,866.732213271115,875.1994018554688,193800,0.0,0.0
2014-05-19 00:00:00+09:00,870.580741984595,879.8176729340336,858.2648340520101,861.3438110351562,252200,0.0,0.0
2014-05-20 00:00:00+09:00,869.0413818359375,875.9690810711221,865.1926600386126,869.0413818359375,131100,0.0,0.0
2014-05-21 00:00:00+09:00,855.9557860243056,869.0414410264757,855.9557860243056,865.9624633789062,148500,0.0,0.0
2014-05-22 00:00:00+09:00,864.4229156791478,873.6598479927272,856.7254720844982,869.0413818359375,225300,0.0,0.0
2014-05-23 00:00:00+09:00,879.048006944066,889.8244273444311,877.5085183154424,882.896728515625,196800,0.0,0.0
2014-05-26 00:00:00+09:00,890.5944294489409,910.6077874140856,887.515451300457,909.0682983398438,267800,0.0,0.0
2014-05-27 00:00:00+09:00,909.0682055436087,914.4564167534353,906.7589721679688,906.7589721679688,123500,0.0,0.0
2014-05-28 00:00:00+09:00,913.6865212705715,915.9957542645155,909.0680552826831,910.6075439453125,186400,0.0,0.0
2014-05-29 00:00:00+09:00,902.1403519780586,909.0680509266955,898.2916303399269,904.4495849609375,88100,0.0,0.0
2014-05-30 00:00:00+09:00,899.8312712169828,914.4564159159758,898.2917823012993,905.219482421875,177900,0.0,0.0
2014-06-02 00:00:00+09:00,910.6075196130391,923.6931728957287,909.0680309915463,919.07470703125,218100,0.0,0.0
2014-06-03 00:00:00+09:00,919.844389025797,922.923366060193,909.8377136640102,917.53515625,188400,0.0,0.0
2014-06-04 00:00:00+09:00,916.7656890894593,922.9236450195312,912.1472221419054,922.9236450195312,199900,0.0,0.0
2014-06-05 00:00:00+09:00,928.3114949645238,946.0156113693199,926.7720065814981,930.6207275390625,536500,0.0,0.0
2014-06-06 00:00:00+09:00,945.2459623045328,983.7331757534145,944.4762180355552,972.18701171875,1276800,0.0,0.0
2014-06-09 00:00:00+09:00,977.5753573468714,997.5887111193271,968.3384248365072,992.2005004882812,573400,0.0,0.0
2014-06-10 00:00:00+09:00,992.9699922112068,992.9699922112068,970.6474109909548,982.9633178710938,457600,0.0,0.0
2014-06-11 00:00:00+09:00,977.5752928925156,996.0491566952088,974.4963155920667,986.04248046875,441600,0.0,0.0
2014-06-12 00:00:00+09:00,976.0359497070312,983.7333941053516,962.1805497900544,976.0359497070312,320200,0.0,0.0
2014-06-13 00:00:00+09:00,965.2592552805286,977.5751628439165,960.6407899442581,975.2659301757812,391300,0.0,0.0
2014-06-16 00:00:00+09:00,976.8055397727273,982.19375,966.7988636363636,973.7265625,167000,0.0,0.0
2014-06-17 00:00:00+09:00,975.2658335367838,978.3448101225354,963.7196713402158,969.8776245117188,198500,0.0,0.0
2014-06-18 00:00:00+09:00,982.9635020741455,992.9701782894657,971.4173372103145,984.5029907226562,215300,0.0,0.0
2014-06-19 00:00:00+09:00,991.430458450611,1009.9043179248459,985.2725052925326,999.8976440429688,484300,0.0,0.0
2014-06-20 00:00:00+09:00,1006.0558535537547,1018.3717630081235,999.8978988265702,1015.2927856445312,754900,0.0,0.0
2014-06-23 00:00:00+09:00,1029.9175931490386,1046.8519631410256,1003.7462940705128,1020.6806640625,746700,0.0,0.0
2014-06-24 00:00:00+09:00,1035.3062452548336,1049.931389239846,1020.6811012698209,1037.615478515625,637000,0.0,0.0
2014-06-25 00:00:00+09:00,1037.615246867576,1073.0234822948078,1029.917804383395,1053.0101318359375,691000,0.0,0.0
2014-06-26 00:00:00+09:00,1046.0824572816875,1057.628621269344,1034.5362932940309,1044.54296875,563600,0.0,0.0
2014-06-27 00:00:00+09:00,1046.0827278488634,1058.3986392878494,1024.5298828306381,1036.0760498046875,357200,0.0,0.0
2014-06-30 00:00:00+09:00,1036.0757225772052,1046.8521416827632,1029.1480245807752,1046.0823974609375,281400,0.0,0.0
2014-07-01 00:00:00+09:00,1045.312686864232,1057.6285948096133,1036.075755905196,1049.93115234375,356600,0.0,0.0
2014-07-02 00:00:00+09:00,1067.6355844022926,1073.7935401883187,1016.8324491675764,1057.62890625,384100,0.0,0.0
2014-07-03 00:00:00+09:00,1065.3262592329545,1071.4842144886363,1051.4708599076705,1058.3985595703125,223400,0.0,0.0
2014-07-04 00:00:00+09:00,1066.0957343031316,1069.9444553655978,1055.3193153282264,1066.865478515625,201300,0.0,0.0
2014-07-07 00:00:00+09:00,1066.8654418147466,1068.4049301867738,1059.1679999546116,1059.937744140625,231900,0.0,0.0
2014-07-08 00:00:00+09:00,1052.240694937227,1066.096095455786,1048.3919725709607,1057.62890625,344300,0.0,0.0
2014-07-09 00:00:00+09:00,1050.701053894443,1057.62875315089,1047.6220764471334,1056.8590087890625,193000,0.0,0.0
2014-07-10 00:00:00+09:00,1058.3984871220782,1063.0169532477018,1040.6943669738544,1041.464111328125,263200,0.0,0.0
2014-07-11 00:00:00+09:00,1031.4574942317033,1045.3128934079502,1028.3785166369819,1039.9246826171875,278800,0.0,0.0
2014-07-14 00:00:00+09:00,1033.7663322844328,1043.773005642361,1022.2201707175925,1039.154541015625,230500,0.0,0.0
2014-07-15 00:00:00+09:00,1039.1546511182598,1072.2536511168414,1039.1546511182598,1059.937744140625,383300,0.0,0.0
2014-07-16 00:00:00+09:00,1049.161523581962,1053.0102452385356,1040.6943359375,1040.6943359375,277400,0.0,0.0
2014-07-17 00:00:00+09:00,1040.694240096422,1042.2337286172747,1032.9967974921585,1035.3060302734375,230400,0.0,0.0
2014-07-18 00:00:00+09:00,1012.9834951724646,1022.2204267393868,1003.7465636055424,1019.9111938476562,404300,0.0,0.0
2014-07-22 00:00:00+09:00,1020.6808304478702,1042.2336684965433,1016.83210936775,1036.845458984375,415600,0.0,0.0
2014-07-23 00:00:00+09:00,1039.1546836595855,1039.9244278697038,1023.7597994572214,1027.6085205078125,315500,0.0,0.0
2014-07-24 00:00:00+09:00,1036.8457267692497,1036.8457267692497,1021.4508384727501,1025.299560546875,345800,0.0,0.0
2014-07-25 00:00:00+09:00,1032.2272602802998,1032.2272602802998,1009.1349278355505,1025.299560546875,425300,0.0,0.0
2014-07-28 00:00:00+09:00,1029.9177557879013,1054.549570575056,1025.2992905153098,1030.6875,657000,0.0,0.0
2014-07-29 00:00:00+09:00,1037.6152110208563,1046.8521416827632,1036.0757225772052,1046.0823974609375,231200,0.0,0.0
2014-07-30 00:00:00+09:00,1056.0893572430277,1066.8657792557117,1055.3196128135503,1059.1683349609375,557000,0.0,0.0
2014-07-31 00:00:00+09:00,1082.2608411080191,1104.583433136563,1078.4121183444772,1099.9649658203125,1073100,0.0,0.0
2014-08-01 00:00:00+09:00,1086.8786811582856,1090.727401700631,1064.5561020126836,1075.33251953125,676900,0.0,0.0
2014-08-04 00:00:00+09:00,1053.7798236518317,1057.6285447024227,1024.5295436673396,1027.6085205078125,702600,0.0,0.0
2014-08-05 00:00:00+09:00,1022.220285243591,1026.0690061970683,994.5094943785539,998.3582153320312,508100,0.0,0.0
2014-08-06 00:00:00+09:00,998.3584923341343,1011.4441472066712,996.8190035256006,1002.2072143554688,468200,0.0,0.0
2014-08-07 00:00:00+09:00,1008.3649212994451,1009.1346655141775,987.5818275016703,999.1279907226562,194600,0.0,0.0
2014-08-08 00:00:00+09:00,996.049125289917,1002.9768239974976,982.1937278747558,985.272705078125,363400,0.0,0.0
2014-08-11 00:00:00+09:00,1005.2861092128567,1018.3717630081235,994.5096884402839,1015.2927856445312,291700,0.0,0.0
2014-08-12 00:00:00+09:00,1019.9111627307904,1026.838861194622,1014.5229528144768,1019.1414184570312,220800,0.0,0.0
2014-08-13 00:00:00+09:00,1020.6809070045495,1026.838861194622,1013.7532085407177,1019.1414184570312,215300,0.0,0.0
2014-08-14 00:00:00+09:00,1029.917915299094,1052.2405009072208,1026.0691936425203,1040.6943359375,292900,0.0,0.0
2014-08-15 00:00:00+09:00,1042.23375275253,1043.0034970307815,1016.0624472919791,1026.8388671875,338500,0.0,0.0
2014-08-18 00:00:00+09:00,1021.450569454817,1032.226988424197,1020.6808252427185,1030.6875,105500,0.0,0.0
2014-08-19 00:00:00+09:00,1036.075865609305,1043.0035645621163,1030.6876553126742,1034.536376953125,90100,0.0,0.0
2014-08-20 00:00:00+09:00,1034.536226336303,1042.2336684965433,1033.7664821202789,1036.845458984375,136900,0.0,0.0
2014-08-21 00:00:00+09:00,1040.694403853633,1056.8590358661525,1038.3851707089873,1051.4708251953125,335800,0.0,0.0
2014-08-22 00:00:00+09:00,1062.2472816051136,1066.865748046875,1056.0893263494318,1058.3985595703125,255100,0.0,0.0
2014-08-25 00:00:00+09:00,1058.3985975418968,1073.7934862334153,1058.3985975418968,1071.4842529296875,166400,0.0,0.0
2014-08-26 00:00:00+09:00,1065.3259794137773,1070.7141888472286,1051.47058372776,1054.549560546875,209200,0.0,0.0
2014-08-27 00:00:00+09:00,1053.7800394034882,1070.7144154932448,1053.7800394034882,1069.1749267578125,181500,0.0,0.0
2014-08-28 00:00:00+09:00,1068.4050937471977,1075.3327924818698,1060.7076507086733,1073.0235595703125,231200,0.0,0.0
2014-08-29 00:00:00+09:00,1064.5563080097825,1071.484006326549,1061.4773309801085,1068.405029296875,192400,0.0,0.0
2014-09-01 00:00:00+09:00,1065.3260081937322,1092.267056088805,1065.3260081937322,1088.4183349609375,250800,0.0,0.0
2014-09-02 00:00:00+09:00,1085.3395705820394,1093.806758721332,1082.2605930768423,1087.6488037109375,223000,0.0,0.0
2014-09-03 00:00:00+09:00,1093.0372272838244,1093.8069718100808,1083.0305484424937,1083.80029296875,193300,0.0,0.0
2014-09-04 00:00:00+09:00,1078.412136511494,1078.412136511494,1057.6290332382532,1069.9449462890625,290700,0.0,0.0
2014-09-05 00:00:00+09:00,1075.332443757365,1075.332443757365,1050.7006340220496,1061.47705078125,272400,0.0,0.0
2014-09-08 00:00:00+09:00,1062.2470602891312,1062.2470602891312,1045.312686864232,1049.93115234375,351900,0.0,0.0
2014-09-09 00:00:00+09:00,1063.0170641493523,1076.102719537143,1060.7078308456246,1071.4842529296875,297300,0.0,0.0
2014-09-10 00:00:00+09:00,1063.7864253648056,1086.8787500832889,1063.0166812075227,1083.030029296875,234800,0.0,0.0
2014-09-11 00:00:00+09:00,1085.3394730114903,1085.3394730114903,1076.102541326286,1079.1815185546875,143400,0.0,0.0
2014-09-12 00:00:00+09:00,1071.4842458325763,1071.4842458325763,1056.8591016725052,1059.1683349609375,406800,0.0,0.0
2014-09-16 00:00:00+09:00,1059.9379862363721,1062.2472193218546,1046.8523320853058,1056.8590087890625,335900,0.0,0.0
2014-09-17 00:00:00+09:00,1058.3983390561996,1063.0168045357177,1049.93115234375,1049.93115234375,222300,0.0,0.0
2014-09-18 00:00:00+09:00,1059.937744140625,1069.1746743727874,1052.2403022804897,1059.937744140625,277200,0.0,0.0
2014-09-19 00:00:00+09:00,1068.4054024436257,1096.1162053888495,1063.7869352860885,1083.80029296875,446400,0.0,0.0
2014-09-22 00:00:00+09:00,1081.4907514759884,1091.497427468293,1065.3261210268813,1079.1815185546875,409700,0.0,0.0
2014-09-24 00:00:00+09:00,1083.7999200932964,1119.2081561190719,1083.7999200932964,1113.8199462890625,538600,0.0,0.0
2014-09-25 00:00:00+09:00,1121.5175264002914,1136.1426691604872,1120.7477820444915,1135.3729248046875,350600,0.0,0.0
2014-09-26 00:00:00+09:00,1128.388531389985,1143.9096941326259,1126.836415115721,1136.9251708984375,322000,12.0,0.0
2014-09-29 00:00:00+09:00,1145.4616953843943,1152.4462179172258,1132.2687083779344,1138.4771728515625,270600,0.0,0.0
2014-09-30 00:00:00+09:00,1129.9405695826124,1134.5969180836398,1114.4194079125216,1121.4039306640625,205300,0.0,0.0
2014-10-01 00:00:00+09:00,1130.7165781094882,1139.2532166538977,1119.8517654166037,1123.7320556640625,193100,0.0,0.0
2014-10-02 00:00:00+09:00,1110.5389492173579,1115.1952970128184,1086.4811522741447,1088.809326171875,155800,0.0,0.0
2014-10-03 00:00:00+09:00,1076.3926092769937,1091.9137716313844,1071.7362605706764,1082.60107421875,266400,0.0,0.0
2014-10-06 00:00:00+09:00,1103.5545831649208,1103.5545831649208,1089.5855378084027,1095.0179443359375,179400,0.0,0.0
2014-10-07 00:00:00+09:00,1094.2415842262437,1099.6739892543173,1081.0486005866367,1084.15283203125,162700,0.0,0.0
2014-10-08 00:00:00+09:00,1070.960042023917,1082.6009120459162,1063.199462009251,1074.84033203125,196200,0.0,0.0
2014-10-09 00:00:00+09:00,1074.840275587234,1078.720565390798,1050.7824788051369,1052.3345947265625,147900,0.0,0.0
2014-10-10 00:00:00+09:00,1032.9330972939888,1036.0373289913412,1027.5006918236222,1031.3809814453125,155900,0.0,0.0
2014-10-14 00:00:00+09:00,1004.2190431200378,1018.9641449896519,1001.1148111474874,1001.890869140625,210800,0.0,0.0
2014-10-15 00:00:00+09:00,1001.1149835879086,1011.9797973632812,994.9065185734099,1011.9797973632812,119800,0.0,0.0
2014-10-16 00:00:00+09:00,984.8176020232725,1004.9951100237494,984.0415440232541,991.8021240234375,223100,0.0,0.0
2014-10-17 00:00:00+09:00,988.6978356122398,994.9062992581565,969.29638671875,969.29638671875,312600,0.0,0.0
2014-10-20 00:00:00+09:00,993.3544551403643,1023.6207236954222,991.026280636129,1022.8446655273438,218400,0.0,0.0
2014-10-21 00:00:00+09:00,1021.2922735214233,1021.2922735214233,991.02601313591,993.3541870117188,193200,0.0,0.0
2014-10-22 00:00:00+09:00,1011.9796373820755,1029.8289714770046,1011.9796373820755,1028.27685546875,119600,0.0,0.0
2014-10-23 00:00:00+09:00,1019.7403307025935,1039.1417829610143,1017.4121564315831,1026.724853515625,125500,0.0,0.0
2014-10-24 00:00:00+09:00,1036.037459627835,1040.6938077609939,1029.0529374280968,1032.9332275390625,86000,0.0,0.0
2014-10-27 00:00:00+09:00,1036.8133224066921,1050.0063062995916,1025.9485121419514,1042.2457275390625,145900,0.0,0.0
2014-10-28 00:00:00+09:00,1042.245997301642,1043.7981134554793,1025.948777686352,1035.261474609375,109600,0.0,0.0
2014-10-29 00:00:00+09:00,1047.6782796646241,1054.662801529055,1041.46981578513,1046.9022216796875,154300,0.0,0.0
2014-10-30 00:00:00+09:00,1046.126355543046,1070.184157488027,1035.2615417614415,1060.8714599609375,341600,0.0,0.0
2014-10-31 00:00:00+09:00,1074.0644703180017,1105.8828541930293,1065.5278307417748,1102.0025634765625,337000,0.0,0.0
2014-11-04 00:00:00+09:00,1138.4772962113502,1148.5660520741637,1098.1222727600957,1102.0025634765625,397400,0.0,0.0
2014-11-05 00:00:00+09:00,1098.122116702605,1121.403857692766,1088.8094203065405,1119.07568359375,257100,0.0,0.0
2014-11-06 00:00:00+09:00,1126.060331391386,1140.8054356618452,1102.0025296869526,1107.4349365234375,241100,0.0,0.0
2014-11-07 00:00:00+09:00,1108.211093846213,1112.8674429800208,1094.2420464447903,1102.7786865234375,331000,0.0,0.0
2014-11-10 00:00:00+09:00,1094.2417635924353,1108.210807382977,1086.481183708801,1106.65869140625,194200,0.0,0.0
2014-11-11 00:00:00+09:00,1106.6587392836186,1119.075667634627,1104.3305652178046,1115.971435546875,164000,0.0,0.0
2014-11-12 00:00:00+09:00,1125.2840498653393,1133.8206874850075,1111.3150064877007,1112.091064453125,188600,0.0,0.0
2014-11-13 00:00:00+09:00,1104.3306044267686,1127.6123459115213,1101.2263722288014,1123.7320556640625,194800,0.0,0.0
2014-11-14 00:00:00+09:00,1140.0291916333108,1140.0291916333108,1115.9713938520767,1131.4925537109375,261400,0.0,0.0
2014-11-17 00:00:00+09:00,1108.2109921034946,1112.0912826920924,1079.496841747872,1082.60107421875,404100,0.0,0.0
2014-11-18 00:00:00+09:00,1083.3772430419922,1095.794174194336,1083.3772430419922,1092.68994140625,317900,0.0,0.0
2014-11-19 00:00:00+09:00,1089.5854251190317,1105.1065850210123,1084.1530191533384,1084.9290771484375,291200,0.0,0.0
2014-11-20 00:00:00+09:00,1101.2262536264366,1102.0023115923468,1086.4811522741447,1088.809326171875,165800,0.0,0.0
2014-11-21 00:00:00+09:00,1088.0330826914806,1103.5542393632563,1081.8246200227702,1099.6739501953125,145000,0.0,0.0
2014-11-25 00:00:00+09:00,1109.763179274206,1109.763179274206,1090.3617250910906,1096.5701904296875,327700,0.0,0.0
2014-11-26 00:00:00+09:00,1096.570183831292,1136.925208289344,1094.2420093433277,1119.8519287109375,271200,0.0,0.0
2014-11-27 00:00:00+09:00,1119.075396035032,1119.075396035032,1091.9133718594246,1099.6739501953125,237500,0.0,0.0
2014-11-28 00:00:00+09:00,1112.0911134519777,1121.4038094473885,1105.1065914554197,1109.762939453125,191800,0.0,0.0
2014-12-01 00:00:00+09:00,1115.9712889261086,1128.3882156457316,1105.1064780464385,1111.31494140625,214300,0.0,0.0
2014-12-02 00:00:00+09:00,1115.971555180822,1129.9406010732105,1109.7630903397603,1127.6124267578125,288400,0.0,0.0
2014-12-03 00:00:00+09:00,1126.0598841463582,1126.8359419576238,1102.0020919971253,1105.1063232421875,427700,0.0,0.0
2014-12-04 00:00:00+09:00,1106.658770760395,1124.5081057726595,1098.89819032028,1122.179931640625,218600,0.0,0.0
2014-12-05 00:00:00+09:00,1119.0758705482826,1122.1801031989019,1103.5547072951858,1119.8519287109375,229500,0.0,0.0
2014-12-08 00:00:00+09:00,1127.6121827003417,1140.0291096949773,1118.299487454365,1139.2530517578125,222100,0.0,0.0
2014-12-09 00:00:00+09:00,1126.8362625739962,1136.925016990981,1122.1799143815417,1130.716552734375,244800,0.0,0.0
2014-12-10 00:00:00+09:00,1109.7630738871924,1112.0912481680746,1084.153156797488,1088.033447265625,331500,0.0,0.0
2014-12-11 00:00:00+09:00,1088.033447265625,1102.0024929509184,1082.6010406102332,1088.033447265625,316800,0.0,0.0
2014-12-12 00:00:00+09:00,1078.720622038583,1097.3460140737816,1074.84033203125,1074.84033203125,287800,0.0,0.0
2014-12-15 00:00:00+09:00,1060.8713792081096,1074.8404244354292,1056.9910888671875,1056.9910888671875,117900,0.0,0.0
2014-12-16 00:00:00+09:00,1033.7093584555378,1041.4699392247237,1025.948777686352,1035.261474609375,232900,0.0,0.0
2014-12-17 00:00:00+09:00,1032.156983329461,1064.75141438197,1032.156983329461,1043.7978515625,221800,0.0,0.0
2014-12-18 00:00:00+09:00,1077.9445559818162,1081.8248459601523,1064.7515700554727,1073.2882080078125,272800,0.0,0.0
2014-12-19 00:00:00+09:00,1096.5701203377016,1096.5701203377016,1072.5123186883961,1082.60107421875,199700,0.0,0.0
2014-12-22 00:00:00+09:00,1091.1374265834263,1095.0177161516463,1079.4965578787667,1086.4810791015625,197500,0.0,0.0
2014-12-24 00:00:00+09:00,1106.658939945805,1121.404045036247,1095.7941256686372,1119.8519287109375,266500,0.0,0.0
2014-12-25 00:00:00+09:00,1111.3148176991442,1111.3148176991442,1092.6894296930134,1099.6739501953125,187100,0.0,0.0
2014-12-26 00:00:00+09:00,1104.3306044267686,1123.7320556640625,1101.2263722288014,1123.7320556640625,189600,0.0,0.0
2014-12-29 00:00:00+09:00,1129.9406010732105,1140.0293564399358,1119.0757876013529,1127.6124267578125,253600,0.0,0.0
2014-12-30 00:00:00+09:00,1128.3882156457316,1128.3882156457316,1110.5388834862736,1111.31494140625,151400,0.0,0.0
2015-01-05 00:00:00+09:00,1103.5547447124054,1117.5237921138282,1096.570221011694,1102.7786865234375,180700,0.0,0.0
2015-01-06 00:00:00+09:00,1078.720482397568,1079.4965402985736,1057.7669190704212,1060.0950927734375,335600,0.0,0.0
2015-01-07 00:00:00+09:00,1046.90233398079,1067.079843753585,1046.90233398079,1056.9910888671875,235000,0.0,0.0
2015-01-08 00:00:00+09:00,1063.19963434271,1067.8559831062546,1054.662994942878,1060.8714599609375,321300,0.0,0.0
2015-01-09 00:00:00+09:00,1060.8714908558238,1071.736304953835,1056.991200106534,1067.0799560546875,189400,0.0,0.0
2015-01-13 00:00:00+09:00,1055.4389727308187,1063.199553412663,1041.4699275034989,1056.9910888671875,210200,0.0,0.0
2015-01-14 00:00:00+09:00,1045.3500406046337,1063.9754310831127,1032.1570556823776,1034.4852294921875,220100,0.0,0.0
2015-01-15 00:00:00+09:00,1042.2460109262402,1064.7516954510809,1041.4699528391768,1050.006591796875,211400,0.0,0.0
2015-01-16 00:00:00+09:00,1024.3964557400752,1030.604919108197,1010.4274131618015,1018.9640502929688,305700,0.0,0.0
2015-01-19 00:00:00+09:00,1028.2767740885415,1038.3655273437498,1023.6204264322917,1036.037353515625,169600,0.0,0.0
2015-01-20 00:00:00+09:00,1036.037272740474,1046.9020830913103,1031.3809254472583,1043.7978515625,307400,0.0,0.0
2015-01-21 00:00:00+09:00,1044.5740806704662,1048.4543707175333,1033.7092685386783,1041.4698486328125,201700,0.0,0.0
2015-01-22 00:00:00+09:00,1038.36572265625,1038.36572265625,1027.5009094147047,1038.36572265625,128900,0.0,0.0
2015-01-23 00:00:00+09:00,1047.6781744706002,1063.1993326109055,1039.9175954004477,1061.647216796875,215400,0.0,0.0
2015-01-26 00:00:00+09:00,1054.662856502007,1070.9600750351506,1047.6783342735168,1069.407958984375,175600,0.0,0.0
2015-01-27 00:00:00+09:00,1077.1686339548414,1089.5855634528798,1075.6165177675864,1088.033447265625,252700,0.0,0.0
2015-01-28 00:00:00+09:00,1088.0332356770832,1121.4037272135415,1088.0332356770832,1117.5234375,344100,0.0,0.0
2015-01-29 00:00:00+09:00,1113.643304262578,1119.0757106248348,1097.3460851758089,1100.4503173828125,327700,0.0,0.0
2015-01-30 00:00:00+09:00,1115.1953842320393,1140.8052991100194,1114.419326205434,1129.1644287109375,396400,0.0,0.0
2015-02-02 00:00:00+09:00,1115.9714422586446,1135.3728929237811,1114.419326205434,1129.1644287109375,196900,0.0,0.0
2015-02-03 00:00:00+09:00,1129.9407231373152,1131.4928395152513,1097.346279200662,1102.7786865234375,150800,0.0,0.0
2015-02-04 00:00:00+09:00,1126.0600418858023,1126.0600418858023,1103.5543622064856,1111.31494140625,158100,0.0,0.0
2015-02-05 00:00:00+09:00,1125.2843856811523,1125.2843856811523,1081.0490684509277,1092.68994140625,262400,0.0,0.0
2015-02-06 00:00:00+09:00,1086.4814098011364,1095.0180494495737,1060.0954327059658,1067.0799560546875,287700,0.0,0.0
2015-02-09 00:00:00+09:00,1088.0333099254904,1089.585425916825,1065.52762805114,1073.2882080078125,242900,0.0,0.0
2015-02-10 00:00:00+09:00,1073.287980589148,1084.1527902263483,1063.1992287831763,1076.3922119140625,325100,0.0,0.0
2015-02-12 00:00:00+09:00,1091.1375824434672,1097.3460466394472,1076.392479978015,1081.048828125,270500,0.0,0.0
2015-02-13 00:00:00+09:00,1086.481202053249,1088.809376057649,1063.9755200107174,1074.84033203125,307400,0.0,0.0
2015-02-16 00:00:00+09:00,1091.9138832092285,1104.3308143615723,1088.033592224121,1092.68994140625,231000,0.0,0.0
2015-02-17 00:00:00+09:00,1104.3306182466076,1144.6856373251908,1101.2263860097937,1138.4771728515625,566800,0.0,0.0
2015-02-18 00:00:00+09:00,1146.237573192295,1159.4305581240953,1129.164298574671,1139.2530517578125,304100,0.0,0.0
2015-02-19 00:00:00+09:00,1138.47732244914,1159.4308928009648,1123.732217386745,1156.32666015625,234100,0.0,0.0
2015-02-20 00:00:00+09:00,1156.3263427898557,1160.2066325307615,1141.5812417744148,1153.9981689453125,237800,0.0,0.0
2015-02-23 00:00:00+09:00,1164.087152770461,1164.087152770461,1137.7011773076638,1150.8941650390625,272000,0.0,0.0
2015-02-24 00:00:00+09:00,1154.7744917730438,1177.280177432599,1147.0139105111282,1170.295654296875,395500,0.0,0.0
2015-02-25 00:00:00+09:00,1169.5196686699878,1177.280250412987,1157.102737881189,1172.6239013671875,140500,0.0,0.0
2015-02-26 00:00:00+09:00,1172.623695532481,1195.1293786366782,1167.1912892659507,1192.025146484375,246600,0.0,0.0
2015-02-27 00:00:00+09:00,1187.368791691954,1193.5772559622387,1171.847631016242,1178.8321533203125,181900,0.0,0.0
2015-03-02 00:00:00+09:00,1161.7588687260527,1181.9363774681217,1117.523561099209,1177.280029296875,226000,0.0,0.0
2015-03-03 00:00:00+09:00,1171.847927390854,1175.728218541155,1149.3422387191092,1164.8634033203125,286200,0.0,0.0
2015-03-04 00:00:00+09:00,1166.415210205078,1167.9673262532551,1145.4616435546875,1164.0870361328125,185200,0.0,0.0
2015-03-05 00:00:00+09:00,1158.6546140456583,1164.087020139643,1143.1334537771295,1160.9827880859375,194200,0.0,0.0
2015-03-06 00:00:00+09:00,1164.0870281469042,1181.1603045597255,1153.2222158841998,1162.534912109375,470200,0.0,0.0
2015-03-09 00:00:00+09:00,1164.8634033203125,1180.384567921516,1152.44647163935,1164.8634033203125,250000,0.0,0.0
2015-03-10 00:00:00+09:00,1178.832096300627,1195.1293142218337,1171.8475743343954,1179.608154296875,329100,0.0,0.0
2015-03-11 00:00:00+09:00,1181.160131610478,1193.5770580925853,1174.9516683694242,1176.5037841796875,219300,0.0,0.0
2015-03-12 00:00:00+09:00,1188.1448133870495,1222.291365829264,1188.1448133870495,1219.1871337890625,386500,0.0,0.0
2015-03-13 00:00:00+09:00,1236.2602033943965,1236.2602033943965,1215.306640625,1215.306640625,361000,0.0,0.0
2015-03-16 00:00:00+09:00,1205.9942548299573,1212.2027194622865,1190.473093249134,1204.442138671875,227200,0.0,0.0
2015-03-17 00:00:00+09:00,1214.5308039890524,1216.8589780542072,1195.1293534460963,1199.0096435546875,267800,0.0,0.0
2015-03-18 00:00:00+09:00,1202.8898521522422,1202.8898521522422,1188.1447507387632,1195.1292724609375,125500,0.0,0.0
2015-03-19 00:00:00+09:00,1182.7125424059195,1192.0252395902182,1170.2956128268547,1174.1759033203125,449900,0.0,0.0
2015-03-20 00:00:00+09:00,1182.7124831384892,1186.5927734375,1171.8476703012589,1186.5927734375,320800,0.0,0.0
2015-03-23 00:00:00+09:00,1183.4886571701861,1214.5309826041582,1182.7125990343368,1209.8746337890625,247700,0.0,0.0
2015-03-24 00:00:00+09:00,1206.770231793138,1225.3956244381768,1199.7857095512484,1200.561767578125,209600,0.0,0.0
2015-03-25 00:00:00+09:00,1201.3379141906973,1212.9787854522351,1188.920984845057,1205.9942626953125,216600,0.0,0.0
2015-03-26 00:00:00+09:00,1188.9208510693522,1196.6814310371678,1164.8630531691238,1167.96728515625,313600,0.0,0.0
2015-03-27 00:00:00+09:00,1171.1007771270954,1221.234857218155,1168.750742122827,1182.8509521484375,461000,14.0,0.0
2015-03-30 00:00:00+09:00,1186.7676346903102,1211.8346738388843,1186.7676346903102,1208.7012939453125,295900,0.0,0.0
2015-03-31 00:00:00+09:00,1236.9014919285917,1248.6516644294966,1214.1844917601754,1217.31787109375,388400,0.0,0.0
2015-04-01 00:00:00+09:00,1208.7011097131603,1250.2183869748567,1203.2176957352003,1230.634765625,597200,0.0,0.0
2015-04-02 00:00:00+09:00,1236.9018247030615,1275.2857318661077,1236.9018247030615,1252.5687255859375,543400,0.0,0.0
2015-04-03 00:00:00+09:00,1253.3521104023168,1263.5355962993358,1242.3852794362967,1251.0020751953125,174900,0.0,0.0
2015-04-06 00:00:00+09:00,1237.6852033837738,1242.3852737763702,1225.9350274022822,1241.6019287109375,208400,0.0,0.0
2015-04-07 00:00:00+09:00,1249.4351609308917,1254.918575430275,1239.2516768606085,1250.218505859375,226100,0.0,0.0
2015-04-08 00:00:00+09:00,1255.7022184174637,1280.7692620789476,1252.5688379597782,1272.1524658203125,343100,0.0,0.0
2015-04-09 00:00:00+09:00,1280.7690992742448,1280.7690992742448,1261.185473903079,1273.718994140625,196200,0.0,0.0
2015-04-10 00:00:00+09:00,1277.635278684023,1281.552002407763,1254.1349363415823,1261.9683837890625,191100,0.0,0.0
2015-04-13 00:00:00+09:00,1269.0190146405178,1269.0190146405178,1244.7353174467794,1255.7021484375,144800,0.0,0.0
2015-04-14 00:00:00+09:00,1261.1856342184133,1280.7692620789476,1255.7022184174637,1272.1524658203125,210500,0.0,0.0
2015-04-15 00:00:00+09:00,1262.7521711893935,1262.7521711893935,1251.7853409185177,1254.1353759765625,125100,0.0,0.0
2015-04-16 00:00:00+09:00,1267.4519951016296,1291.7356859842935,1261.1852361641677,1278.4188232421875,408200,0.0,0.0
2015-04-17 00:00:00+09:00,1260.4019145276745,1266.66867358064,1247.8683964217437,1258.0518798828125,181400,0.0,0.0
2015-04-20 00:00:00+09:00,1258.0518798828125,1276.068812160088,1256.4851901195711,1258.0518798828125,219000,0.0,0.0
2015-04-21 00:00:00+09:00,1258.052008894082,1271.3688732472574,1258.052008894082,1267.4521484375,207600,0.0,0.0
2015-04-22 00:00:00+09:00,1276.069029185165,1279.2024092445515,1267.452234021852,1273.718994140625,197200,0.0,0.0
2015-04-23 00:00:00+09:00,1269.802001953125,1278.4187953038247,1261.185208602425,1269.802001953125,211500,0.0,0.0
2015-04-24 00:00:00+09:00,1278.4191159739078,1307.4028826963554,1273.719045694592,1290.95263671875,534900,0.0,0.0
2015-04-27 00:00:00+09:00,1298.7859909489905,1315.236235707693,1290.952541063894,1299.5693359375,349200,0.0,0.0
2015-04-28 00:00:00+09:00,1310.535864667641,1316.8026231358663,1303.4857613908873,1306.619140625,279600,0.0,0.0
2015-04-30 00:00:00+09:00,1301.1360842439458,1340.3033354252807,1300.352739220319,1326.203125,738800,0.0,0.0
2015-05-01 00:00:00+09:00,1313.6695556640625,1330.9031455415875,1309.7528306918978,1313.6695556640625,310000,0.0,0.0
2015-05-07 00:00:00+09:00,1298.7859745460685,1326.9863937762605,1298.7859745460685,1305.052734375,227300,0.0,0.0
2015-05-08 00:00:00+09:00,1305.8360561161858,1317.5862305863373,1290.1691568226502,1301.135986328125,194900,0.0,0.0
2015-05-11 00:00:00+09:00,1323.8529972822028,1330.119757032651,1298.7859582804094,1310.5361328125,328400,0.0,0.0
2015-05-12 00:00:00+09:00,1287.8192003856745,1308.9695157204756,1264.318850013673,1298.002685546875,292500,0.0,0.0
2015-05-13 00:00:00+09:00,1278.4190116582242,1318.3696057725435,1269.0188718666195,1314.452880859375,322600,0.0,0.0
2015-05-14 00:00:00+09:00,1293.302572571405,1293.302572571405,1263.5354630876295,1265.885498046875,319600,0.0,0.0
2015-05-15 00:00:00+09:00,1280.7688503623515,1303.4858513779527,1280.7688503623515,1293.3023681640625,151800,0.0,0.0
2015-05-18 00:00:00+09:00,1308.1859130859375,1323.8528102486432,1305.8358785115315,1308.1859130859375,144800,0.0,0.0
2015-05-19 00:00:00+09:00,1309.7528306918978,1329.3364555527216,1309.7528306918978,1313.6695556640625,127800,0.0,0.0
2015-05-20 00:00:00+09:00,1322.2861205323727,1330.1195691137257,1300.3524645045845,1308.1859130859375,139100,0.0,0.0
2015-05-21 00:00:00+09:00,1312.8863669995867,1321.503162964381,1301.136190683958,1302.702880859375,175500,0.0,0.0
2015-05-22 00:00:00+09:00,1310.5360662753765,1319.9362054237952,1299.569237268888,1303.4859619140625,166900,0.0,0.0
2015-05-25 00:00:00+09:00,1320.7196377061696,1354.4034718825428,1316.0195678210944,1338.736572265625,323400,0.0,0.0
2015-05-26 00:00:00+09:00,1337.953197145575,1337.953197145575,1317.5862281023751,1325.419677734375,120300,0.0,0.0
2015-05-27 00:00:00+09:00,1326.9864470133848,1339.519967174078,1316.0196168727784,1322.286376953125,396100,0.0,0.0
2015-05-28 00:00:00+09:00,1331.6863656323185,1345.786574209602,1322.2862265807962,1337.953125,463300,0.0,0.0
2015-05-29 00:00:00+09:00,1340.303331131725,1373.203822018652,1340.303331131725,1350.48681640625,374800,0.0,0.0
2015-06-01 00:00:00+09:00,1331.6864707657617,1353.6201302842567,1327.7697458517448,1343.4366455078125,426200,0.0,0.0
2015-06-02 00:00:00+09:00,1351.2700590641775,1366.9369582997042,1346.5699892935195,1349.703369140625,195200,0.0,0.0
2015-06-03 00:00:00+09:00,1333.2529730489357,1341.8697666467842,1326.986214068682,1336.3863525390625,157700,0.0,0.0
2015-06-04 00:00:00+09:00,1331.6865328165927,1352.0535033184935,1331.6865328165927,1345.7867431640625,210500,0.0,0.0
2015-06-05 00:00:00+09:00,1336.3866846838664,1350.4868958938953,1324.6365086755088,1347.353515625,189200,0.0,0.0
2015-06-08 00:00:00+09:00,1360.670235129487,1364.5869600435042,1341.0866105594025,1343.4366455078125,101500,0.0,0.0
2015-06-09 00:00:00+09:00,1337.9533374095881,1339.5200275002317,1317.5863662312222,1319.9364013671875,337600,0.0,0.0
2015-06-10 00:00:00+09:00,1319.9364013671875,1337.9533374095881,1316.0196761405787,1319.9364013671875,348500,0.0,0.0
2015-06-11 00:00:00+09:00,1331.6865661334543,1350.486847067103,1322.28642566663,1334.8199462890625,339800,0.0,0.0
2015-06-12 00:00:00+09:00,1344.2201037791874,1352.8368993162335,1325.4198226074507,1329.3365478515625,465300,0.0,0.0
2015-06-15 00:00:00+09:00,1316.0193814597064,1324.6361750287879,1303.4858635410426,1307.402587890625,412900,0.0,0.0
2015-06-16 00:00:00+09:00,1300.3527300023322,1321.503045490322,1297.2193499300374,1312.1029052734375,194900,0.0,0.0
2015-06-17 00:00:00+09:00,1326.9862100758273,1352.8365907915902,1325.419520335478,1331.686279296875,535800,0.0,0.0
2015-06-18 00:00:00+09:00,1316.0196502576164,1334.0365859456672,1305.052819838803,1311.319580078125,525300,0.0,0.0
2015-06-19 00:00:00+09:00,1330.1193700169538,1352.0530227616384,1329.3360252760722,1335.602783203125,407800,0.0,0.0
2015-06-22 00:00:00+09:00,1343.4367112161942,1355.9702315540712,1336.3866060261385,1350.48681640625,275000,0.0,0.0
2015-06-23 00:00:00+09:00,1362.2369875133547,1374.7705078125,1344.2200520833335,1374.7705078125,347200,0.0,0.0
2015-06-24 00:00:00+09:00,1379.4705381876513,1389.6540231373613,1374.770468210862,1376.337158203125,198800,0.0,0.0
2015-06-25 00:00:00+09:00,1363.803529651887,1371.6369789893474,1355.9700803144262,1366.153564453125,164300,0.0,0.0
2015-06-26 00:00:00+09:00,1352.0532894959024,1364.5868078226315,1342.6531507508555,1359.1033935546875,251900,0.0,0.0
2015-06-29 00:00:00+09:00,1322.2861253752928,1350.4865403714484,1319.9360907922799,1337.169677734375,218900,0.0,0.0
2015-06-30 00:00:00+09:00,1330.9029344267005,1334.8196587775735,1319.9361062442556,1331.686279296875,184700,0.0,0.0
2015-07-01 00:00:00+09:00,1330.90283203125,1358.3199003779796,1326.2027631718106,1330.90283203125,382700,0.0,0.0
2015-07-02 00:00:00+09:00,1347.35354101224,1373.9872737996911,1342.653470520337,1355.9703369140625,323900,0.0,0.0
2015-07-03 00:00:00+09:00,1355.970158859779,1363.020263671875,1342.6532942147091,1363.020263671875,268900,0.0,0.0
2015-07-06 00:00:00+09:00,1343.4366250052346,1347.3533498594775,1313.6695161129906,1315.2362060546875,227100,0.0,0.0
2015-07-07 00:00:00+09:00,1330.1194872213434,1334.8195560807828,1314.452591023212,1330.90283203125,383200,0.0,0.0
2015-07-08 00:00:00+09:00,1316.8030375722717,1323.0697980128298,1280.7691650390625,1280.7691650390625,281400,0.0,0.0
2015-07-09 00:00:00+09:00,1253.3521780009305,1262.7523193359375,1218.1016479946543,1262.7523193359375,272700,0.0,0.0
2015-07-10 00:00:00+09:00,1283.9023012080395,1284.6856461142067,1247.085090618181,1256.4852294921875,491300,0.0,0.0
2015-07-13 00:00:00+09:00,1267.4519282145332,1278.41875577634,1261.1851696077865,1271.36865234375,114400,0.0,0.0
2015-07-14 00:00:00+09:00,1294.8690496867134,1297.2190842596476,1272.9353936726613,1283.9022216796875,491500,0.0,0.0
2015-07-15 00:00:00+09:00,1285.4689000016551,1296.4357279114804,1276.8521066439353,1294.085693359375,308000,0.0,0.0
2015-07-16 00:00:00+09:00,1305.0529161225008,1305.0529161225008,1275.2858027895745,1302.702880859375,316300,0.0,0.0
2015-07-17 00:00:00+09:00,1302.7024867170949,1302.7024867170949,1283.9022103002515,1294.085693359375,216300,0.0,0.0
2015-07-21 00:00:00+09:00,1309.7529238045934,1316.0196842055723,1294.086022802146,1300.352783203125,211900,0.0,0.0
2015-07-22 00:00:00+09:00,1287.0358061758504,1294.8692560004142,1280.7690463161991,1285.4691162109375,188100,0.0,0.0
2015-07-23 00:00:00+09:00,1282.3355195541428,1288.6022783546518,1258.0518292021707,1269.802001953125,440800,0.0,0.0
2015-07-24 00:00:00+09:00,1265.1023546696892,1273.7191508934457,1258.8355937796846,1262.7523193359375,240700,0.0,0.0
2015-07-27 00:00:00+09:00,1262.7518930146189,1262.7518930146189,1238.4682027643378,1240.8182373046875,229800,0.0,0.0
2015-07-28 00:00:00+09:00,1226.7179826787344,1242.384879009242,1222.0179137795822,1232.9847412109375,243700,0.0,0.0
2015-07-29 00:00:00+09:00,1232.9849027289083,1236.9016273246164,1219.6680391035006,1231.418212890625,222900,0.0,0.0
2015-07-30 00:00:00+09:00,1243.1682718450372,1254.135099700003,1237.6848579175544,1240.8182373046875,170600,0.0,0.0
2015-07-31 00:00:00+09:00,1237.6849906245122,1255.7019240323375,1237.6849906245122,1254.9185791015625,103000,0.0,0.0
2015-08-03 00:00:00+09:00,1241.6018692131909,1247.8686294363488,1232.2017288784537,1243.951904296875,167100,0.0,0.0
2015-08-04 00:00:00+09:00,1244.735381777174,1284.6859824509538,1229.851824663413,1262.7523193359375,523800,0.0,0.0
2015-08-05 00:00:00+09:00,1345.0034317947889,1366.9370928840458,1321.503080627728,1334.8199462890625,897500,0.0,0.0
2015-08-06 00:00:00+09:00,1352.8367478991743,1355.1867827826125,1314.4528448030194,1320.7196044921875,432300,0.0,0.0
2015-08-07 00:00:00+09:00,1316.0195939171122,1323.8530438809046,1303.4860739750445,1318.36962890625,204500,0.0,0.0
2015-08-10 00:00:00+09:00,1334.8199462890625,1337.1699814057686,1315.2363203165116,1334.8199462890625,242800,0.0,0.0
2015-08-11 00:00:00+09:00,1345.0034317947889,1352.0535371449073,1317.586355433218,1334.8199462890625,152500,0.0,0.0
2015-08-12 00:00:00+09:00,1326.2031903384575,1350.4868872672776,1323.0698100895775,1333.2532958984375,187700,0.0,0.0
2015-08-13 00:00:00+09:00,1319.1528395166936,1330.1196683487801,1305.8359759348743,1328.552978515625,138100,0.0,0.0
2015-08-14 00:00:00+09:00,1323.0697874609834,1343.436758730365,1311.319611728648,1329.3365478515625,172400,0.0,0.0
2015-08-17 00:00:00+09:00,1330.9032692132994,1348.9202057594478,1327.769888944404,1347.353515625,142400,0.0,0.0
2015-08-18 00:00:00+09:00,1351.2702070717994,1367.7204530709344,1341.0867214532873,1358.3203125,226600,0.0,0.0
2015-08-19 00:00:00+09:00,1348.1367622845546,1348.1367622845546,1314.4529268526917,1322.286376953125,147400,0.0,0.0
2015-08-20 00:00:00+09:00,1310.5362057452758,1316.8029658444761,1296.435995522075,1298.002685546875,124200,0.0,0.0
2015-08-21 00:00:00+09:00,1265.885498046875,1279.9857078023476,1262.7521181012144,1265.885498046875,176700,0.0,0.0
2015-08-24 00:00:00+09:00,1233.7680794313192,1246.3015964287165,1204.0009765625,1204.0009765625,240700,0.0,0.0
2015-08-25 00:00:00+09:00,1135.849960421403,1191.4674412420372,1130.3665468193688,1141.3333740234375,281400,0.0,0.0
2015-08-26 00:00:00+09:00,1143.683472907759,1175.0172666860537,1129.5832657075264,1167.9671630859375,392700,0.0,0.0
2015-08-27 00:00:00+09:00,1190.6845050359861,1204.0013712107307,1182.85105434496,1183.6343994140625,387900,0.0,0.0
2015-08-28 00:00:00+09:00,1225.9346685165015,1232.2014272054037,1211.0511166303586,1222.0179443359375,451900,0.0,0.0
2015-08-31 00:00:00+09:00,1215.7514923615663,1219.668217530257,1188.334416180732,1195.384521484375,375800,0.0,0.0
2015-09-01 00:00:00+09:00,1191.4678040973986,1207.134704874485,1175.8009033203125,1175.8009033203125,382400,0.0,0.0
2015-09-02 00:00:00+09:00,1156.2169472669384,1184.4173606149125,1156.2169472669384,1164.833740234375,325300,0.0,0.0
2015-09-03 00:00:00+09:00,1175.0176094673775,1192.2512010728992,1155.4339826429214,1159.3507080078125,361000,0.0,0.0
2015-09-04 00:00:00+09:00,1178.1508792390935,1182.0676042365637,1135.0669042669192,1149.1671142578125,339500,0.0,0.0
2015-09-07 00:00:00+09:00,1142.1168097542063,1168.7505350845513,1130.366636814348,1152.30029296875,233400,0.0,0.0
2015-09-08 00:00:00+09:00,1153.8671341625927,1164.8339636794128,1136.633544921875,1136.633544921875,129000,0.0,0.0
2015-09-09 00:00:00+09:00,1170.3173734535071,1185.984272696526,1149.9504044375826,1185.200927734375,403800,0.0,0.0
2015-09-10 00:00:00+09:00,1159.3508609799537,1185.2012517991013,1146.033992982211,1182.06787109375,411100,0.0,0.0
2015-09-11 00:00:00+09:00,1163.2671528477822,1200.867707283266,1163.2671528477822,1189.90087890625,392000,0.0,0.0
2015-09-14 00:00:00+09:00,1214.9680871222038,1214.9680871222038,1160.9172824726668,1168.750732421875,200300,0.0,0.0
2015-09-15 00:00:00+09:00,1182.0675971740363,1222.8015369043544,1175.800837215526,1197.7344970703125,438100,0.0,0.0
2015-09-16 00:00:00+09:00,1206.3509671982022,1207.134311982097,1185.2006580330387,1200.8675537109375,147600,0.0,0.0
2015-09-17 00:00:00+09:00,1210.2679710093992,1225.151525345437,1200.8678314287436,1218.884765625,278200,0.0,0.0
2015-09-18 00:00:00+09:00,1211.834654022375,1221.2347935493747,1195.3844098501256,1209.484619140625,454000,0.0,0.0
2015-09-24 00:00:00+09:00,1185.9842890806565,1200.8678435671377,1175.017459459039,1179.717529296875,292900,0.0,0.0
2015-09-25 00:00:00+09:00,1185.200833057794,1199.3010412501537,1175.017349363312,1193.817626953125,354300,0.0,0.0
2015-09-28 00:00:00+09:00,1208.8394308604018,1219.9079410187048,1193.8178813598472,1203.30517578125,252300,14.0,0.0
2015-09-29 00:00:00+09:00,1187.4928097022446,1187.4928097022446,1158.240323710911,1164.565185546875,387500,0.0,0.0
2015-09-30 00:00:00+09:00,1187.4930184122454,1211.2112544657523,1174.8432925170418,1203.30517578125,372700,0.0,0.0
2015-10-01 00:00:00+09:00,1214.3734130859375,1220.6982746124268,1187.4927515983582,1214.3734130859375,270700,0.0,0.0
2015-10-02 00:00:00+09:00,1208.0487171519887,1226.2326965332031,1181.9586597789419,1217.5360107421875,259700,0.0,0.0
2015-10-05 00:00:00+09:00,1234.9292943344503,1254.6944879057444,1232.557471105895,1245.997802734375,217200,0.0,0.0
2015-10-06 00:00:00+09:00,1263.3911965942382,1277.6221362304686,1261.8099810791016,1264.972412109375,264600,0.0,0.0
2015-10-07 00:00:00+09:00,1253.1132544540778,1271.2972322789635,1240.4635307498095,1264.1817626953125,342000,0.0,0.0
2015-10-08 00:00:00+09:00,1264.1818820121593,1283.156469359434,1249.9509415017035,1261.81005859375,388100,0.0,0.0
2015-10-09 00:00:00+09:00,1280.7845943320804,1327.430453014545,1261.8100077493827,1321.1055908203125,376000,0.0,0.0
2015-10-13 00:00:00+09:00,1308.455888180932,1315.5713582677165,1291.062516857681,1305.29345703125,383100,0.0,0.0
2015-10-14 00:00:00+09:00,1314.780438670796,1314.780438670796,1286.318565073593,1287.8997802734375,239600,0.0,0.0
2015-10-15 00:00:00+09:00,1299.7592163818654,1325.849273645005,1295.015569606749,1317.152587890625,299400,0.0,0.0
2015-10-16 00:00:00+09:00,1328.2210040596676,1329.802219540691,1302.921556363293,1308.455810546875,248000,0.0,0.0
2015-10-19 00:00:00+09:00,1303.7121611588227,1318.7337081946125,1288.6906141230327,1306.083984375,162800,0.0,0.0
2015-10-20 00:00:00+09:00,1311.6181874803735,1323.4773030995452,1293.4342101976438,1298.1778564453125,171100,0.0,0.0
2015-10-21 00:00:00+09:00,1296.5966013070379,1333.7551624420566,1282.3656630000094,1329.8021240234375,172900,0.0,0.0
2015-10-22 00:00:00+09:00,1313.9901348942115,1339.2895839415128,1311.6183115460271,1332.9647216796875,181700,0.0,0.0
2015-10-23 00:00:00+09:00,1344.8237662405338,1359.0547055658303,1334.5458656167084,1340.8707275390625,391400,0.0,0.0
2015-10-26 00:00:00+09:00,1354.3113622904518,1362.2174414631922,1341.6616356140669,1355.892578125,150000,0.0,0.0
2015-10-27 00:00:00+09:00,1351.939232922558,1353.5204483996604,1333.7552549358802,1338.4989013671875,282000,0.0,0.0
2015-10-28 00:00:00+09:00,1349.5672263532365,1387.5163926478795,1326.6396050502233,1383.5633544921875,503600,0.0,0.0
2015-10-29 00:00:00+09:00,1384.3539816049429,1410.4440337996677,1369.3324364019195,1397.7943115234375,890900,0.0,0.0
2015-10-30 00:00:00+09:00,1397.794413385242,1419.9314289818408,1382.77286708755,1413.6065673828125,475500,0.0,0.0
2015-11-02 00:00:00+09:00,1389.0980016110746,1389.0980016110746,1361.426726678583,1370.1234130859375,346900,0.0,0.0
2015-11-04 00:00:00+09:00,1389.0979172449315,1393.8415640881128,1363.7984674146312,1368.5421142578125,255400,0.0,0.0
2015-11-05 00:00:00+09:00,1355.1016635916774,1393.8414427725363,1345.614370731059,1370.913818359375,415100,0.0,0.0
2015-11-06 00:00:00+09:00,1393.84148512079,1393.84148512079,1347.9862349012744,1371.7044677734375,293400,0.0,0.0
2015-11-09 00:00:00+09:00,1381.9822883326885,1412.8159892737497,1374.0762111683139,1404.909912109375,336000,0.0,0.0
2015-11-10 00:00:00+09:00,1383.5635096988046,1415.18781849192,1380.401078819493,1409.653564453125,295900,0.0,0.0
2015-11-11 00:00:00+09:00,1412.025414364641,1437.324861878453,1407.2817679558011,1431.0,451500,0.0,0.0
2015-11-12 00:00:00+09:00,1435.743517552141,1442.0683788629433,1414.3971106281829,1426.2562255859375,384900,0.0,0.0
2015-11-13 00:00:00+09:00,1419.9316715358018,1425.4659263803176,1402.5382991673232,1411.2349853515625,336200,0.0,0.0
2015-11-16 00:00:00+09:00,1389.8881752599066,1417.5594415477888,1378.0290611365285,1412.8157958984375,294200,0.0,0.0
2015-11-17 00:00:00+09:00,1423.0940854068883,1441.2780653870875,1418.3504384555322,1431.790771484375,247400,0.0,0.0
2015-11-18 00:00:00+09:00,1430.209413394182,1434.1624521266149,1412.0254352249913,1415.1878662109375,190300,0.0,0.0
2015-11-19 00:00:00+09:00,1430.9999522009757,1437.3248138681624,1415.1877980330091,1425.4656982421875,170000,0.0,0.0
2015-11-20 00:00:00+09:00,1426.2565167077926,1431.790771484375,1413.6067915041758,1431.790771484375,166400,0.0,0.0
2015-11-24 00:00:00+09:00,1423.0936585975985,1449.183709005221,1413.606367540281,1444.4400634765625,229700,0.0,0.0
2015-11-25 00:00:00+09:00,1454.7181934700486,1473.6927786022666,1435.7436083378304,1464.99609375,361600,0.0,0.0
2015-11-26 00:00:00+09:00,1464.9960228535545,1483.9706070675238,1461.8335921512262,1472.902099609375,359700,0.0,0.0
2015-11-27 00:00:00+09:00,1472.9020416474561,1491.876625114734,1454.718065824648,1460.2523193359375,351200,0.0,0.0
2015-11-30 00:00:00+09:00,1447.6028133182735,1453.9276754190635,1423.8845804403118,1438.9061279296875,347000,0.0,0.0
2015-12-01 00:00:00+09:00,1439.696628863675,1459.4618214620232,1434.9529826400715,1450.76513671875,277100,0.0,0.0
2015-12-02 00:00:00+09:00,1446.0214394932577,1446.8120471693064,1423.8844245638911,1442.8590087890625,313700,0.0,0.0
2015-12-03 00:00:00+09:00,1442.8590474256891,1446.0214782145674,1429.4187165729568,1441.27783203125,232600,0.0,0.0
2015-12-04 00:00:00+09:00,1417.5594768759645,1426.256160783179,1400.9567166894642,1408.86279296875,301200,0.0,0.0
2015-12-07 00:00:00+09:00,1431.7907890597644,1441.2780830789345,1411.2349853515625,1411.2349853515625,281000,0.0,0.0
2015-12-08 00:00:00+09:00,1417.5594177591706,1417.5594177591706,1392.2599747205238,1396.2130126953125,248700,0.0,0.0
2015-12-09 00:00:00+09:00,1383.5632465585645,1392.2599298226469,1360.6356270441654,1365.3792724609375,450500,0.0,0.0
2015-12-10 00:00:00+09:00,1362.2171154244518,1376.4480545292922,1351.9392149598448,1356.682861328125,380700,0.0,0.0
2015-12-11 00:00:00+09:00,1344.033137679378,1369.332584976872,1343.242529951331,1356.682861328125,336900,0.0,0.0
2015-12-14 00:00:00+09:00,1325.0585463495981,1355.101639882584,1321.896115451389,1351.939208984375,219200,0.0,0.0
2015-12-15 00:00:00+09:00,1347.1955414631439,1360.6358725692903,1335.33642578125,1335.33642578125,263400,0.0,0.0
2015-12-16 00:00:00+09:00,1345.614228880482,1362.2169896363516,1344.0330135703991,1354.3109130859375,223900,0.0,0.0
2015-12-17 00:00:00+09:00,1383.563506185083,1391.4695833632836,1372.4949981356024,1374.8668212890625,242300,0.0,0.0
2015-12-18 00:00:00+09:00,1368.541720586418,1400.166023777323,1349.567138671875,1349.567138671875,366300,0.0,0.0
2015-12-21 00:00:00+09:00,1344.0331702489207,1355.8922864569993,1332.1740540408418,1350.3580322265625,189700,0.0,0.0
2015-12-22 00:00:00+09:00,1349.567273524419,1367.7512496761835,1349.567273524419,1359.0545654296875,169800,0.0,0.0
2015-12-24 00:00:00+09:00,1378.0295048466435,1378.0295048466435,1341.6615431582065,1344.823974609375,110900,0.0,0.0
2015-12-25 00:00:00+09:00,1344.823974609375,1344.823974609375,1344.823974609375,1344.823974609375,0,0.0,0.0
2015-12-28 00:00:00+09:00,1339.2894853915388,1359.8452862298977,1339.2894853915388,1351.939208984375,91000,0.0,0.0
2015-12-29 00:00:00+09:00,1354.3111737282684,1370.1233298722063,1343.242664427512,1368.5421142578125,133400,0.0,0.0
2015-12-30 00:00:00+09:00,1371.7044648837823,1382.7729735341413,1358.2641329512035,1369.3326416015625,120100,0.0,0.0
2016-01-04 00:00:00+09:00,1357.473432413737,1376.4480173746745,1326.6397318522136,1328.220947265625,168300,0.0,0.0
2016-01-05 00:00:00+09:00,1344.0332277856692,1352.7299133772235,1322.6868176973085,1330.5928955078125,229100,0.0,0.0
2016-01-06 00:00:00+09:00,1328.220892930789,1342.4518310693331,1306.083878048609,1317.9429931640625,205500,0.0,0.0
2016-01-07 00:00:00+09:00,1316.3618546378893,1325.0585395634248,1282.36572265625,1282.36572265625,232800,0.0,0.0
2016-01-08 00:00:00+09:00,1276.0407489553907,1285.5280407691855,1244.4164429094083,1259.43798828125,461000,0.0,0.0
2016-01-12 00:00:00+09:00,1242.0447432048834,1257.8568977969253,1229.39501953125,1229.39501953125,327900,0.0,0.0
2016-01-13 00:00:00+09:00,1239.6730018969024,1264.9724509152065,1236.5105707696143,1263.3912353515625,245700,0.0,0.0
2016-01-14 00:00:00+09:00,1225.4421413443738,1238.09186667438,1213.5830238474928,1227.81396484375,234700,0.0,0.0
2016-01-15 00:00:00+09:00,1253.903731355962,1263.3910231442794,1221.4888177458772,1227.0230712890625,299800,0.0,0.0
2016-01-18 00:00:00+09:00,1196.980090909551,1230.185615228046,1185.9115828033862,1219.90771484375,229600,0.0,0.0
2016-01-19 00:00:00+09:00,1209.629929988665,1233.3481639100114,1204.8862832043958,1215.1641845703125,282600,0.0,0.0
2016-01-20 00:00:00+09:00,1215.1642273030927,1228.6045603311684,1181.1680908203125,1181.1680908203125,282700,0.0,0.0
2016-01-21 00:00:00+09:00,1178.7962257274683,1203.3050674427946,1144.8000904449189,1145.5906982421875,174800,0.0,0.0
2016-01-22 00:00:00+09:00,1186.7020968629924,1210.420326647063,1169.3087283546743,1208.839111328125,272600,0.0,0.0
2016-01-25 00:00:00+09:00,1224.6512229792763,1251.5318824894737,1224.6512229792763,1238.091552734375,293000,0.0,0.0
2016-01-26 00:00:00+09:00,1212.7922272028688,1220.6983043032787,1204.886150102459,1205.6767578125,150500,0.0,0.0
2016-01-27 00:00:00+09:00,1235.7198991526939,1247.579015267403,1228.6044294838684,1243.6259765625,257800,0.0,0.0
2016-01-28 00:00:00+09:00,1237.3012029755198,1260.228829100945,1228.604517203807,1249.950927734375,236600,0.0,0.0
2016-01-29 00:00:00+09:00,1261.0191530654786,1286.3185968887358,1233.3478863837909,1281.574951171875,283400,0.0,0.0
2016-02-01 00:00:00+09:00,1287.1095162432723,1313.1995740049604,1287.1095162432723,1303.7122802734375,199800,0.0,0.0
2016-02-02 00:00:00+09:00,1287.8998121276893,1305.2931797561787,1280.7843435523982,1281.574951171875,251400,0.0,0.0
2016-02-03 00:00:00+09:00,1257.857118216345,1257.857118216345,1227.0234113587476,1240.4637451171875,183000,0.0,0.0
2016-02-04 00:00:00+09:00,1229.3950082632211,1322.6867195012019,1221.4889310396636,1284.737548828125,429400,0.0,0.0
2016-02-05 00:00:00+09:00,1267.3442117913726,1268.925427277076,1222.2795704488221,1245.997802734375,440700,0.0,0.0
2016-02-08 00:00:00+09:00,1241.254021621332,1302.9214188738567,1210.4203229950695,1296.5965576171875,347800,0.0,0.0
2016-02-09 00:00:00+09:00,1248.3695437908173,1248.3695437908173,1198.5612592697144,1214.3734130859375,249900,0.0,0.0
2016-02-10 00:00:00+09:00,1219.1169094509548,1230.9760233561199,1176.424099392361,1195.398681640625,654000,0.0,0.0
2016-02-12 00:00:00+09:00,1148.7530803107397,1159.821588999212,1102.8978300299254,1105.2696533203125,525800,0.0,0.0
2016-02-15 00:00:00+09:00,1146.3810562041062,1178.7959688278086,1130.5689037047393,1170.889892578125,546200,0.0,0.0
2016-02-16 00:00:00+09:00,1156.659090253168,1170.0994214454468,1147.1717976468535,1150.334228515625,456600,0.0,0.0
2016-02-17 00:00:00+09:00,1159.8214560274685,1192.2363706131032,1141.6374795526003,1162.98388671875,479100,0.0,0.0
2016-02-18 00:00:00+09:00,1194.6081865403307,1200.9330478853492,1172.4711718327667,1188.2833251953125,450700,0.0,0.0
2016-02-19 00:00:00+09:00,1177.2149241457703,1185.9116092804938,1163.7745925739246,1176.42431640625,395500,0.0,0.0
2016-02-22 00:00:00+09:00,1162.9839115410746,1190.655180680393,1162.9839115410746,1181.95849609375,167600,0.0,0.0
2016-02-23 00:00:00+09:00,1185.9116818811315,1190.6553286086562,1165.355879395192,1168.518310546875,181500,0.0,0.0
2016-02-24 00:00:00+09:00,1159.0309786409946,1179.5867804449958,1149.5436855006863,1170.0994873046875,283100,0.0,0.0
2016-02-25 00:00:00+09:00,1178.7962395544077,1197.7708269114203,1178.7962395544077,1192.236572265625,338500,0.0,0.0
2016-02-26 00:00:00+09:00,1204.0955270527215,1215.164034852287,1190.655196153249,1193.817626953125,172700,0.0,0.0
2016-02-29 00:00:00+09:00,1207.257984752961,1212.792238776059,1182.7491455078125,1182.7491455078125,354400,0.0,0.0
2016-03-01 00:00:00+09:00,1185.1208976755738,1193.0269743778792,1167.727528930502,1190.6551513671875,189700,0.0,0.0
2016-03-02 00:00:00+09:00,1217.5358916781431,1226.2325766187014,1208.839206737585,1219.90771484375,226700,0.0,0.0
2016-03-03 00:00:00+09:00,1213.5831009610536,1224.651611328125,1207.2582378941556,1224.651611328125,168600,0.0,0.0
2016-03-04 00:00:00+09:00,1229.394957798106,1247.5789346658592,1217.5358424495712,1244.41650390625,265000,0.0,0.0
2016-03-07 00:00:00+09:00,1244.416816055239,1244.416816055239,1222.2797951851333,1231.76708984375,154200,0.0,0.0
2016-03-08 00:00:00+09:00,1230.185627260852,1242.8353509344856,1205.6767876431873,1229.39501953125,215900,0.0,0.0
2016-03-09 00:00:00+09:00,1223.0702625440947,1234.1387717073897,1195.398989635857,1215.1641845703125,166600,0.0,0.0
2016-03-10 00:00:00+09:00,1228.6043470396046,1245.2071084860856,1225.441916287894,1242.044677734375,224600,0.0,0.0
2016-03-11 00:00:00+09:00,1217.5359153138959,1245.2071861164845,1203.3049760439933,1238.88232421875,378800,0.0,0.0
2016-03-14 00:00:00+09:00,1255.484965917483,1277.621980429882,1251.5319276116975,1271.297119140625,228700,0.0,0.0
2016-03-15 00:00:00+09:00,1279.2033662683825,1287.1094439338235,1268.9254653033088,1276.83154296875,314100,0.0,0.0
2016-03-16 00:00:00+09:00,1274.4596751217216,1285.5281834664513,1268.925420949357,1273.6690673828125,202200,0.0,0.0
2016-03-17 00:00:00+09:00,1287.109272363767,1295.8059566364952,1264.972257851368,1271.297119140625,266100,0.0,0.0
2016-03-18 00:00:00+09:00,1262.6006468563987,1278.412802734375,1242.0448442150298,1245.207275390625,354400,0.0,0.0
2016-03-22 00:00:00+09:00,1255.485068727889,1271.2972232458726,1245.2071682911999,1257.0662841796875,329400,0.0,0.0
2016-03-23 00:00:00+09:00,1256.275685380145,1264.9723704268292,1252.322646722561,1264.1817626953125,312800,0.0,0.0
2016-03-24 00:00:00+09:00,1257.0662101119776,1269.715932981029,1250.741348677452,1262.6004638671875,256300,0.0,0.0
2016-03-25 00:00:00+09:00,1261.8099839656113,1270.5066693187578,1256.2757296499728,1267.34423828125,226900,0.0,0.0
2016-03-28 00:00:00+09:00,1274.4599006853239,1294.22509765625,1264.1819982604422,1294.22509765625,201400,0.0,0.0
2016-03-29 00:00:00+09:00,1292.6281268665184,1312.5884129515482,1292.6281268665184,1305.4027099609375,188200,16.0,0.0
2016-03-30 00:00:00+09:00,1299.813716832603,1323.7660580518768,1293.4264258407966,1309.3946533203125,244700,0.0,0.0
2016-03-31 00:00:00+09:00,1325.3627873221621,1339.7341910401133,1310.991383604211,1311.789794921875,405900,0.0,0.0
2016-04-01 00:00:00+09:00,1310.9914873201885,1310.9914873201885,1252.7074565197172,1257.4979248046875,309100,0.0,0.0
2016-04-04 00:00:00+09:00,1259.8932178938865,1277.458269093928,1254.3043379666005,1262.2884521484375,214500,0.0,0.0
2016-04-05 00:00:00+09:00,1259.0947726177485,1259.8931840144623,1222.3678483689112,1223.166259765625,185900,0.0,0.0
2016-04-06 00:00:00+09:00,1219.9726523721874,1227.9567665892828,1197.6171325643202,1206.399658203125,202700,0.0,0.0
2016-04-07 00:00:00+09:00,1200.8105649356012,1215.9803792532716,1199.2137423758463,1208.794677734375,158900,0.0,0.0
2016-04-08 00:00:00+09:00,1189.632981103643,1239.1344876999021,1182.4472785332184,1223.166259765625,273800,0.0,0.0
2016-04-11 00:00:00+09:00,1217.5772108789963,1223.9645011655746,1188.0359933035713,1212.7867431640625,242100,0.0,0.0
2016-04-12 00:00:00+09:00,1204.0046687101194,1226.3601930628272,1199.2141992059678,1219.972900390625,178500,0.0,0.0
2016-04-13 00:00:00+09:00,1232.7474246900908,1253.5061248467891,1227.158543878672,1251.9093017578125,165700,0.0,0.0
2016-04-14 00:00:00+09:00,1261.4901963506256,1291.829833984375,1259.8933733172705,1291.829833984375,208700,0.0,0.0
2016-04-15 00:00:00+09:00,1280.6518135640158,1291.031161180183,1277.4581681436566,1283.845458984375,133900,0.0,0.0
2016-04-18 00:00:00+09:00,1238.33635529323,1261.49029101438,1238.33635529323,1252.707763671875,162100,0.0,0.0
2016-04-19 00:00:00+09:00,1279.0551416833973,1291.8297248712465,1270.272615741751,1286.2408447265625,166800,0.0,0.0
2016-04-20 00:00:00+09:00,1295.0230321116017,1306.9992007192923,1283.845274744424,1288.6357421875,174800,0.0,0.0
2016-04-21 00:00:00+09:00,1318.1771659735268,1319.7739887063838,1304.6041727442416,1314.9835205078125,213400,0.0,0.0
2016-04-22 00:00:00+09:00,1302.2090641873326,1306.9995328477398,1287.8376582061114,1305.4027099609375,213600,0.0,0.0
2016-04-25 00:00:00+09:00,1302.208984375,1306.2010413473329,1287.039167880135,1302.208984375,222200,0.0,0.0
2016-04-26 00:00:00+09:00,1292.6279715617743,1295.023205604199,1274.264510569853,1289.434326171875,219300,0.0,0.0
2016-04-27 00:00:00+09:00,1292.6279240487963,1292.6279240487963,1263.885116596198,1279.054931640625,261500,0.0,0.0
2016-04-28 00:00:00+09:00,1291.0311455699061,1300.6120817151373,1201.6090748810814,1243.12646484375,292600,0.0,0.0
2016-05-02 00:00:00+09:00,1183.2457105419305,1210.3916985030814,1183.2457105419305,1198.41552734375,279800,0.0,0.0
2016-05-06 00:00:00+09:00,1200.0121500651042,1206.3994402850115,1170.4709327980324,1185.6407470703125,243200,0.0,0.0
2016-05-09 00:00:00+09:00,1192.82666015625,1205.6012428620734,1188.8346030606804,1192.82666015625,193400,0.0,0.0
2016-05-10 00:00:00+09:00,1188.8345697069292,1223.166259765625,1187.2377469135015,1223.166259765625,278500,0.0,0.0
2016-05-11 00:00:00+09:00,1234.3441506002969,1243.126676898229,1213.5854520779114,1227.158447265625,387500,0.0,0.0
2016-05-12 00:00:00+09:00,1205.6009888493156,1253.5056639029308,1196.0200538385927,1221.5692138671875,381200,0.0,0.0
2016-05-13 00:00:00+09:00,1211.1899809721665,1219.9725055540346,1183.2455845753136,1184.8424072265625,311300,0.0,0.0
2016-05-16 00:00:00+09:00,1183.2453708507585,1196.8183609347416,1180.8501373065262,1187.2374267578125,208100,0.0,0.0
2016-05-17 00:00:00+09:00,1196.8184814453125,1205.6010053251648,1183.245489994632,1196.8184814453125,207000,0.0,0.0
2016-05-18 00:00:00+09:00,1195.2218607219156,1204.8027974812094,1186.4393353592295,1200.0123291015625,267400,0.0,0.0
2016-05-19 00:00:00+09:00,1204.8028564453125,1209.5933250594092,1196.020330652802,1204.8028564453125,210600,0.0,0.0
2016-05-20 00:00:00+09:00,1199.2139135983912,1211.1900845064974,1198.4155022045172,1209.59326171875,274600,0.0,0.0
2016-05-23 00:00:00+09:00,1200.8107109375,1207.198001953125,1183.2456606445312,1197.6170654296875,247500,0.0,0.0
2016-05-24 00:00:00+09:00,1195.2215801709742,1195.2215801709742,1182.4470008237893,1184.0438232421875,193200,0.0,0.0
2016-05-25 00:00:00+09:00,1206.3994765981884,1217.5772348194819,1194.4233070753737,1201.6090087890625,218800,0.0,0.0
2016-05-26 00:00:00+09:00,1211.19008010029,1213.5853142731976,1187.2377383712137,1196.020263671875,164000,0.0,0.0
2016-05-27 00:00:00+09:00,1196.8185738140248,1197.6169851374498,1184.0439926392255,1194.42333984375,133200,0.0,0.0
2016-05-30 00:00:00+09:00,1197.6170444615514,1209.5932149061668,1181.648817202064,1199.2138671875,217500,0.0,0.0
2016-05-31 00:00:00+09:00,1192.8266514714057,1215.980582457129,1185.6409487516985,1211.988525390625,374900,0.0,0.0
2016-06-01 00:00:00+09:00,1192.826755837357,1217.5775118152405,1192.826755837357,1204.0045166015625,234300,0.0,0.0
2016-06-02 00:00:00+09:00,1186.4395875526357,1189.6332338179186,1163.2856521293338,1167.2777099609375,355500,0.0,0.0
2016-06-03 00:00:00+09:00,1167.2774996773917,1174.4632024797831,1147.3172141151927,1160.091796875,371000,0.0,0.0
2016-06-06 00:00:00+09:00,1143.3252001265405,1145.7204344843474,1120.1712680010728,1133.7442626953125,429400,0.0,0.0
2016-06-07 00:00:00+09:00,1134.5426530153943,1141.728355954971,1128.1553615135483,1135.341064453125,345700,0.0,0.0
2016-06-08 00:00:00+09:00,1137.736181453999,1149.7123517850937,1126.5584224783106,1148.9139404296875,359100,0.0,0.0
2016-06-09 00:00:00+09:00,1138.5345525156586,1143.3250204785575,1115.3806240283134,1119.3726806640625,312600,0.0,0.0
2016-06-10 00:00:00+09:00,1112.1868896484375,1119.3725910173075,1102.6059544899442,1112.1868896484375,347600,0.0,0.0
2016-06-13 00:00:00+09:00,1091.4284602034297,1091.4284602034297,1062.6856477913423,1064.282470703125,329100,0.0,0.0
2016-06-14 00:00:00+09:00,1060.2901519982993,1073.863143401892,1053.9028619260205,1056.298095703125,277500,0.0,0.0
2016-06-15 00:00:00+09:00,1061.0885287693568,1086.6376882280622,1057.0964726039342,1073.064697265625,319800,0.0,0.0
2016-06-16 00:00:00+09:00,1072.2664306077656,1074.6616646299722,1036.3379202746685,1038.733154296875,255200,0.0,0.0
2016-06-17 00:00:00+09:00,1050.7093244079074,1058.6934378152623,1036.3379202746685,1038.733154296875,896000,0.0,0.0
2016-06-20 00:00:00+09:00,1057.096717444984,1069.072888715131,1057.096717444984,1063.4840087890625,223400,0.0,0.0
2016-06-21 00:00:00+09:00,1048.3138511256168,1065.0804854543585,1038.7329172234786,1061.8868408203125,377200,0.0,0.0
2016-06-22 00:00:00+09:00,1053.9031019692766,1056.298336291934,1034.7412273880168,1042.725341796875,348900,0.0,0.0
2016-06-23 00:00:00+09:00,1039.5317595027043,1041.9269939716046,1024.3619411996694,1037.9349365234375,313100,0.0,0.0
2016-06-24 00:00:00+09:00,1045.918565921213,1049.9106215163322,958.0933428285921,961.2869873046875,647800,0.0,0.0
2016-06-27 00:00:00+09:00,979.6505829947336,991.6267514910016,967.6744144984655,983.6426391601562,327100,0.0,0.0
2016-06-28 00:00:00+09:00,974.0619623795416,995.6190713830232,966.8762593783811,991.6270141601562,420700,0.0,0.0
2016-06-29 00:00:00+09:00,995.6189366043617,1002.0062272962901,980.4491212110314,997.2157592773438,319400,0.0,0.0
2016-06-30 00:00:00+09:00,1004.4013723314678,1004.4013723314678,978.8522118270107,985.239501953125,393200,0.0,0.0
2016-07-01 00:00:00+09:00,998.0142126121674,1004.4015035728853,982.8443965804624,994.0221557617188,337600,0.0,0.0
2016-07-04 00:00:00+09:00,990.8283899290317,993.2236237483605,974.0617531937298,989.2315673828125,303000,0.0,0.0
2016-07-05 00:00:00+09:00,986.0382565755742,986.0382565755742,968.4732026122847,973.263671875,234600,0.0,0.0
2016-07-06 00:00:00+09:00,955.6984803069503,955.6984803069503,934.141371728598,946.9159545898438,364300,0.0,0.0
2016-07-07 00:00:00+09:00,946.9158916089359,958.0936508690751,943.7222461060389,951.7063598632812,414800,0.0,0.0
2016-07-08 00:00:00+09:00,953.3029523351704,954.1013635180307,924.5601497522003,926.9553833007812,329700,0.0,0.0
2016-07-11 00:00:00+09:00,926.9553833007812,926.9553833007812,926.9553833007812,926.9553833007812,0,0.0,0.0
2016-07-12 00:00:00+09:00,978.0537890388925,997.2156591914912,972.4649102443846,990.828369140625,317600,0.0,0.0
2016-07-13 00:00:00+09:00,1000.4093686081293,1022.7648852250708,1000.4093686081293,1013.9823608398438,460300,0.0,0.0
2016-07-14 00:00:00+09:00,1018.7728621871382,1036.3379115351925,1013.1839828491211,1034.7410888671875,456300,0.0,0.0
2016-07-15 00:00:00+09:00,1042.72542924192,1057.0968363830798,1034.741314163498,1049.9111328125,417300,0.0,0.0
2016-07-19 00:00:00+09:00,1065.879150390625,1071.4680298308756,1045.1204553268376,1065.879150390625,337500,0.0,0.0
2016-07-20 00:00:00+09:00,1057.096671173119,1062.6855508545477,1040.3300321288323,1053.1046142578125,251700,0.0,0.0
2016-07-21 00:00:00+09:00,1071.4679343894675,1079.4520471643518,1053.9028862847222,1077.855224609375,312300,0.0,0.0
2016-07-22 00:00:00+09:00,1064.2823949759995,1079.452211558553,1060.2903379805907,1074.6617431640625,249200,0.0,0.0
2016-07-25 00:00:00+09:00,1081.8474748276487,1106.598228864296,1081.0490634071118,1100.2109375,435200,0.0,0.0
2016-07-26 00:00:00+09:00,1090.6299884166588,1090.6299884166588,1057.0967091241994,1059.491943359375,351100,0.0,0.0
2016-07-27 00:00:00+09:00,1077.855584905011,1092.2269927037446,1061.0889424731554,1087.4365234375,443300,0.0,0.0
2016-07-28 00:00:00+09:00,1075.4600587910716,1090.62987402272,1073.064824807127,1086.6378173828125,163200,0.0,0.0
2016-07-29 00:00:00+09:00,1078.6534307994982,1097.0168866902372,1063.4836194114964,1093.8232421875,295800,0.0,0.0
2016-08-01 00:00:00+09:00,1076.2585153345726,1078.653749419145,1059.4918767425652,1073.86328125,160000,0.0,0.0
2016-08-02 00:00:00+09:00,1049.9109061762972,1072.266423570165,1048.3140835053066,1057.89501953125,249800,0.0,0.0
2016-08-03 00:00:00+09:00,1036.3379959187548,1059.4919264901291,1036.3379959187548,1051.5078125,285400,0.0,0.0
2016-08-04 00:00:00+09:00,1093.8235686744392,1237.5376141937086,1029.950659554764,1143.3250732421875,1043700,0.0,0.0
2016-08-05 00:00:00+09:00,1126.558522873311,1141.7283399779126,1101.0093572234555,1104.2030029296875,525600,0.0,0.0
2016-08-08 00:00:00+09:00,1118.5741772200288,1127.356701095418,1107.3964195604426,1121.767822265625,304600,0.0,0.0
2016-08-09 00:00:00+09:00,1130.5507308690371,1134.542788534535,1111.3888540746466,1129.7523193359375,324500,0.0,0.0
2016-08-10 00:00:00+09:00,1117.77598385747,1141.7283263687016,1110.5902811041005,1132.94580078125,246300,0.0,0.0
2016-08-12 00:00:00+09:00,1136.1396116007343,1138.5348462000331,1114.582500207045,1129.7523193359375,286200,0.0,0.0
2016-08-15 00:00:00+09:00,1116.1789459644765,1121.767824806931,1108.1948333323987,1112.1868896484375,187400,0.0,0.0
2016-08-16 00:00:00+09:00,1120.9696428874051,1124.961700020195,1104.2030029296875,1104.2030029296875,257000,0.0,0.0
2016-08-17 00:00:00+09:00,1094.6218123840772,1113.7836821851113,1091.428167417238,1109.7916259765625,264600,0.0,0.0
2016-08-18 00:00:00+09:00,1109.7917182993872,1120.1710653050648,1105.0012504506128,1107.396484375,231000,0.0,0.0
2016-08-19 00:00:00+09:00,1121.7680536113448,1133.7442250022132,1117.7759964810552,1127.35693359375,227300,0.0,0.0
2016-08-22 00:00:00+09:00,1134.5425652068795,1155.301260981249,1127.356862823444,1151.3092041015625,347200,0.0,0.0
2016-08-23 00:00:00+09:00,1148.9138747446325,1176.8582705862325,1143.3249955763126,1163.2852783203125,457900,0.0,0.0
2016-08-24 00:00:00+09:00,1169.672712712763,1169.672712712763,1146.5187818809063,1161.6885986328125,315800,0.0,0.0
2016-08-25 00:00:00+09:00,1156.8982226158962,1168.8743946926654,1154.5029882005424,1159.29345703125,319600,0.0,0.0
2016-08-26 00:00:00+09:00,1160.890208297488,1166.4790882549037,1151.3092712276325,1160.091796875,339300,0.0,0.0
2016-08-29 00:00:00+09:00,1196.8186750628442,1199.213909235752,1184.044092807337,1196.020263671875,386800,0.0,0.0
2016-08-30 00:00:00+09:00,1201.6089940509144,1219.9724537606626,1193.6248811336327,1216.77880859375,424500,0.0,0.0
2016-08-31 00:00:00+09:00,1216.7789010493714,1234.3439508020524,1210.3916102302146,1214.3836669921875,419300,0.0,0.0
2016-09-01 00:00:00+09:00,1200.012231297746,1214.3836352653836,1176.059891351683,1188.83447265625,406900,0.0,0.0
2016-09-02 00:00:00+09:00,1181.6486009220444,1184.8422457894014,1169.6724326694562,1178.4549560546875,321300,0.0,0.0
2016-09-05 00:00:00+09:00,1183.245638783255,1184.8424615076588,1172.8662910746298,1176.0599365234375,262000,0.0,0.0
2016-09-06 00:00:00+09:00,1172.0676551042018,1192.826346543377,1172.0676551042018,1184.0438232421875,228900,0.0,0.0
2016-09-07 00:00:00+09:00,1172.866299640826,1181.6488246891915,1152.906015439995,1180.052001953125,296100,0.0,0.0
2016-09-08 00:00:00+09:00,1179.2537895957764,1179.2537895957764,1157.6966790209044,1169.6728515625,262600,0.0,0.0
2016-09-09 00:00:00+09:00,1164.8823373337423,1167.277571749096,1153.7045767287577,1159.29345703125,303400,0.0,0.0
2016-09-12 00:00:00+09:00,1142.526746171244,1142.526746171244,1130.55057482773,1136.9378662109375,214700,0.0,0.0
2016-09-13 00:00:00+09:00,1142.5268767392245,1144.1236997675112,1129.7522925129297,1140.9300537109375,235000,0.0,0.0
2016-09-14 00:00:00+09:00,1130.5505241492558,1131.3489355363668,1109.7918280843683,1112.9854736328125,355100,0.0,0.0
2016-09-15 00:00:00+09:00,1099.4123564667755,1101.80759035886,1082.645719222184,1089.8314208984375,401800,0.0,0.0
2016-09-16 00:00:00+09:00,1100.2109080255682,1106.59819921875,1093.8236168323865,1097.815673828125,233900,0.0,0.0
2016-09-20 00:00:00+09:00,1089.0333329528853,1103.4047405724982,1080.250806074233,1093.025390625,279200,0.0,0.0
2016-09-21 00:00:00+09:00,1093.025060270569,1108.9932861328125,1075.4600118221013,1108.9932861328125,470500,0.0,0.0
2016-09-23 00:00:00+09:00,1114.5824399049254,1116.179262884732,1097.8157986169574,1111.3887939453125,237700,0.0,0.0
2016-09-26 00:00:00+09:00,1105.799719399371,1111.388598847599,1088.2346697049406,1089.0330810546875,209800,0.0,0.0
2016-09-27 00:00:00+09:00,1069.871315220424,1118.5744124058315,1067.4760809326172,1117.7760009765625,376300,0.0,0.0
2016-09-28 00:00:00+09:00,1121.0042208225607,1125.8465716684466,1102.4418759133318,1121.811279296875,334100,15.0,0.0
2016-09-29 00:00:00+09:00,1137.95238753174,1138.7594459626134,1125.0394526377627,1132.302978515625,215200,0.0,0.0
2016-09-30 00:00:00+09:00,1100.020700490389,1129.0748055657036,1091.1430572729316,1121.811279296875,400900,0.0,0.0
2016-10-03 00:00:00+09:00,1121.8114199583558,1129.0749471379422,1112.1267170522406,1123.425537109375,246000,0.0,0.0
2016-10-04 00:00:00+09:00,1124.2323991924313,1146.0229769226507,1114.5476979790005,1137.952392578125,342500,0.0,0.0
2016-10-05 00:00:00+09:00,1141.1807389185567,1155.7077921721168,1129.8819197213431,1147.63720703125,472600,0.0,0.0
2016-10-06 00:00:00+09:00,1161.357225078207,1167.0066347901927,1152.4795812450866,1154.9007568359375,255100,0.0,0.0
2016-10-07 00:00:00+09:00,1156.5148551625919,1162.1642647830652,1147.6372114732767,1153.28662109375,201400,0.0,0.0
2016-10-11 00:00:00+09:00,1155.7074358841835,1170.234484659264,1145.215678435514,1158.9356689453125,225400,0.0,0.0
2016-10-12 00:00:00+09:00,1141.1808233220756,1156.5149362238574,1141.1808233220756,1144.4090576171875,189300,0.0,0.0
2016-10-13 00:00:00+09:00,1154.0934219253945,1166.199296980556,1148.4440135663192,1157.3216552734375,313400,0.0,0.0
2016-10-14 00:00:00+09:00,1162.164329386646,1171.8490321315346,1156.5149194521275,1169.4278564453125,347900,0.0,0.0
2016-10-17 00:00:00+09:00,1168.6204700404337,1179.9192867397196,1164.5851783621172,1172.65576171875,208300,0.0,0.0
2016-10-18 00:00:00+09:00,1173.4630682266256,1200.0959989360333,1170.2348342012428,1199.2889404296875,347300,0.0,0.0
2016-10-19 00:00:00+09:00,1209.7806208119364,1216.2370884346817,1200.9029778306613,1208.16650390625,429400,0.0,0.0
2016-10-20 00:00:00+09:00,1209.7805793398902,1224.3076309930711,1208.1664624895368,1220.2723388671875,430400,0.0,0.0
2016-10-21 00:00:00+09:00,1234.7993919660273,1258.2040863235534,1232.3782166876626,1241.255859375,677400,0.0,0.0
2016-10-24 00:00:00+09:00,1245.2913114594733,1250.1336626381878,1236.4136676318296,1244.4842529296875,346000,0.0,0.0
2016-10-25 00:00:00+09:00,1257.3971651186157,1271.924218374158,1254.1689310618285,1258.2042236328125,400100,0.0,0.0
2016-10-26 00:00:00+09:00,1247.7123605849115,1262.2394126486427,1243.677068344986,1259.8182373046875,354200,0.0,0.0
2016-10-27 00:00:00+09:00,1260.6251411145302,1272.7310163493046,1251.7474992756954,1262.2392578125,360900,0.0,0.0
2016-10-28 00:00:00+09:00,1268.6956133570757,1296.9426530946696,1267.8885550788589,1288.8720703125,1283700,0.0,0.0
2016-10-31 00:00:00+09:00,1291.2933618317609,1295.3286535874852,1276.7663115111536,1283.2227783203125,332500,0.0,0.0
2016-11-01 00:00:00+09:00,1268.6959228515625,1275.152390652334,1255.78298725002,1268.6959228515625,361900,0.0,0.0
2016-11-02 00:00:00+09:00,1243.6771144233314,1250.9406407243114,1177.498319236626,1190.4112548828125,920600,0.0,0.0
2016-11-04 00:00:00+09:00,1190.4111297893396,1207.3593560439674,1181.5334874654868,1205.7452392578125,561800,0.0,0.0
2016-11-07 00:00:00+09:00,1226.72873536772,1240.4487278027536,1213.8158013112177,1219.4652099609375,288900,0.0,0.0
2016-11-08 00:00:00+09:00,1206.5523354870295,1214.6229196708891,1203.3241018134856,1208.9735107421875,236900,0.0,0.0
2016-11-09 00:00:00+09:00,1223.5005424205044,1231.57112647341,1139.566468270285,1150.0582275390625,342000,0.0,0.0
2016-11-10 00:00:00+09:00,1243.6771811661479,1250.133649335732,1218.6583670090092,1227.5360107421875,324800,0.0,0.0
2016-11-11 00:00:00+09:00,1243.6771582787003,1243.6771582787003,1193.6395308852677,1199.2889404296875,343300,0.0,0.0
2016-11-14 00:00:00+09:00,1226.7289665443602,1230.7642591974666,1214.623088585041,1223.500732421875,161100,0.0,0.0
2016-11-15 00:00:00+09:00,1218.6583581632071,1222.6936507399064,1204.1313048870895,1216.2371826171875,171700,0.0,0.0
2016-11-16 00:00:00+09:00,1224.3076499223394,1225.921766797649,1211.3947149198625,1221.886474609375,307400,0.0,0.0
2016-11-17 00:00:00+09:00,1212.2016845541548,1221.8863850965315,1210.587567797092,1219.4652099609375,165400,0.0,0.0
2016-11-18 00:00:00+09:00,1233.9922607745025,1233.9922607745025,1215.4299180682804,1219.4652099609375,320700,0.0,0.0
2016-11-21 00:00:00+09:00,1226.7289665443602,1235.6066103811945,1223.500732421875,1223.500732421875,169300,0.0,0.0
2016-11-22 00:00:00+09:00,1223.5007181361973,1232.3783618693756,1221.8866010938013,1227.5360107421875,188700,0.0,0.0
2016-11-24 00:00:00+09:00,1242.8699330028242,1246.0981665950392,1227.5358234398022,1232.378173828125,218500,0.0,0.0
2016-11-25 00:00:00+09:00,1235.6065673828125,1247.7124449208543,1226.7289238549151,1235.6065673828125,234300,0.0,0.0
2016-11-28 00:00:00+09:00,1228.342900697198,1238.0276016225373,1217.8511413614137,1233.9923095703125,174600,0.0,0.0
2016-11-29 00:00:00+09:00,1229.9571578650596,1241.2559769005654,1228.3430408599872,1235.6065673828125,288400,0.0,0.0
2016-11-30 00:00:00+09:00,1242.0628662109375,1246.9052165665357,1233.185223892341,1242.0628662109375,228300,0.0,0.0
2016-12-01 00:00:00+09:00,1265.4676048937183,1305.013467546647,1260.6252543647881,1271.924072265625,451600,0.0,0.0
2016-12-02 00:00:00+09:00,1271.9241565936286,1277.5735659186005,1247.71240234375,1247.71240234375,308700,0.0,0.0
2016-12-05 00:00:00+09:00,1261.432482055189,1266.2748332339038,1235.6066091020436,1244.4842529296875,216200,0.0,0.0
2016-12-06 00:00:00+09:00,1259.818214638907,1274.3452664412775,1254.975864038117,1273.5382080078125,291800,0.0,0.0
2016-12-07 00:00:00+09:00,1305.8207304228508,1306.6277889707019,1286.451325274428,1305.013671875,383500,0.0,0.0
2016-12-08 00:00:00+09:00,1313.0842740786472,1327.611328125,1305.0136884973404,1327.611328125,275500,0.0,0.0
2016-12-09 00:00:00+09:00,1321.1546720252404,1323.5758473557694,1299.3640940504808,1311.469970703125,422100,0.0,0.0
2016-12-12 00:00:00+09:00,1304.206533371084,1321.1547618369214,1297.7500653840987,1313.8912353515625,260000,0.0,0.0
2016-12-13 00:00:00+09:00,1321.961852546752,1334.0677303173265,1312.2771503302922,1332.45361328125,248600,0.0,0.0
2016-12-14 00:00:00+09:00,1339.71686182172,1342.138036873205,1328.4180449147898,1334.87451171875,193700,0.0,0.0
2016-12-15 00:00:00+09:00,1333.2605965649727,1340.5241228174452,1321.1547194775183,1325.9970703125,199500,0.0,0.0
2016-12-16 00:00:00+09:00,1347.7877340230857,1351.8230266399212,1338.1030317426803,1343.75244140625,307000,0.0,0.0
2016-12-19 00:00:00+09:00,1348.5946182672287,1354.244027200724,1330.8393330476722,1344.559326171875,279300,0.0,0.0
2016-12-20 00:00:00+09:00,1339.7171487894145,1346.1736169763515,1326.8042124155406,1343.75244140625,191800,0.0,0.0
2016-12-21 00:00:00+09:00,1339.7171072995047,1339.7171072995047,1306.6277088662039,1313.8912353515625,383300,0.0,0.0
2016-12-22 00:00:00+09:00,1303.3993862680288,1311.469970703125,1296.1358602764424,1311.469970703125,414100,0.0,0.0
2016-12-26 00:00:00+09:00,1299.364278439766,1300.97839555584,1275.1525216986522,1279.994873046875,447300,0.0,0.0
2016-12-27 00:00:00+09:00,1275.1524887901196,1300.9783619808054,1273.5383717157017,1282.416015625,486800,0.0,0.0
2016-12-28 00:00:00+09:00,1284.8367591678284,1311.4696819395233,1284.8367591678284,1302.592041015625,253100,0.0,0.0
2016-12-29 00:00:00+09:00,1292.9074785340506,1294.5215952363403,1278.3804282134433,1283.2227783203125,271700,0.0,0.0
2016-12-30 00:00:00+09:00,1271.9239614042845,1284.8368950226022,1262.2392611905464,1283.2227783203125,152300,0.0,0.0
2017-01-04 00:00:00+09:00,1284.837216431637,1317.92661710607,1284.837216431637,1316.3125,241100,0.0,0.0
2017-01-05 00:00:00+09:00,1322.7687889122597,1337.2958408954328,1303.3993862680288,1311.469970703125,391600,0.0,0.0
2017-01-06 00:00:00+09:00,1299.3638270916326,1307.4344098685992,1286.450894648486,1304.2061767578125,262100,0.0,0.0
2017-01-10 00:00:00+09:00,1302.5925148203464,1317.1195688889748,1292.1007535485592,1306.6278076171875,332500,0.0,0.0
2017-01-11 00:00:00+09:00,1311.4698676148587,1318.7333930354948,1301.7851670540103,1313.083984375,192400,0.0,0.0
2017-01-12 00:00:00+09:00,1319.5406923647279,1319.5406923647279,1292.1007024317612,1307.434814453125,221700,0.0,0.0
2017-01-13 00:00:00+09:00,1307.434678485577,1319.5405551382212,1302.5923278245193,1311.469970703125,249100,0.0,0.0
2017-01-16 00:00:00+09:00,1303.399428089213,1308.2417789056435,1292.1006095175417,1299.3641357421875,209600,0.0,0.0
2017-01-17 00:00:00+09:00,1300.1709456010299,1305.0132954915364,1278.38037109375,1278.38037109375,237700,0.0,0.0
2017-01-18 00:00:00+09:00,1275.1522432393695,1301.7851698386728,1253.3616669308487,1297.7498779296875,367500,0.0,0.0
2017-01-19 00:00:00+09:00,1311.4701444879543,1321.1548470934038,1307.4348517356837,1310.6630859375,249500,0.0,0.0
2017-01-20 00:00:00+09:00,1307.4346373023056,1329.2252145906773,1306.6275788842177,1323.5758056640625,175900,0.0,0.0
2017-01-23 00:00:00+09:00,1314.6982094259822,1328.4182030172908,1312.2770340863397,1317.119384765625,170700,0.0,0.0
2017-01-24 00:00:00+09:00,1312.277038157984,1321.961739546604,1298.557044524106,1301.7852783203125,334100,0.0,0.0
2017-01-25 00:00:00+09:00,1325.1900777193416,1330.8394873076702,1315.5053755679214,1321.15478515625,323100,0.0,0.0
2017-01-26 00:00:00+09:00,1329.225234875576,1349.4016956356788,1321.961709001939,1346.1734619140625,529800,0.0,0.0
2017-01-27 00:00:00+09:00,1346.1733943605884,1349.4016279202062,1326.8039930028822,1330.0322265625,411300,0.0,0.0
2017-01-30 00:00:00+09:00,1342.138353090776,1342.94541163142,1325.9971822778984,1335.681884765625,250400,0.0,0.0
2017-01-31 00:00:00+09:00,1321.1546868177113,1344.5593819415437,1321.1546868177113,1328.418212890625,320800,0.0,0.0
2017-02-01 00:00:00+09:00,1307.4348641717324,1333.2607380319148,1300.1713371485562,1327.611328125,310700,0.0,0.0
2017-02-02 00:00:00+09:00,1327.6109774270078,1327.6109774270078,1301.785110388914,1308.2415771484375,354400,0.0,0.0
2017-02-03 00:00:00+09:00,1285.6438371996321,1320.3473431629618,1275.1520795828114,1288.8720703125,746900,0.0,0.0
2017-02-06 00:00:00+09:00,1308.2419163593993,1310.6630920220016,1291.2936867211838,1295.3289794921875,471400,0.0,0.0
2017-02-07 00:00:00+09:00,1281.6086043540877,1286.4509542445944,1259.0109715317235,1278.38037109375,488800,0.0,0.0
2017-02-08 00:00:00+09:00,1261.4323127862765,1272.7311306871134,1244.4840859350213,1271.924072265625,518200,0.0,0.0
2017-02-09 00:00:00+09:00,1252.5548382275454,1257.3971894062602,1242.06307734033,1244.4842529296875,552200,0.0,0.0
2017-02-10 00:00:00+09:00,1246.9053578818005,1268.6959369515794,1236.4135975889437,1264.66064453125,723700,0.0,0.0
2017-02-13 00:00:00+09:00,1262.23948779328,1273.538306737721,1259.011253809154,1266.2747802734375,401200,0.0,0.0
2017-02-14 00:00:00+09:00,1270.3099971284933,1277.573523160359,1255.782945064762,1259.8182373046875,351500,0.0,0.0
2017-02-15 00:00:00+09:00,1270.3101190520144,1283.2230554591506,1266.2748264247844,1280.8018798828125,646400,0.0,0.0
2017-02-16 00:00:00+09:00,1279.9944877239188,1281.6086043540877,1269.5027296278213,1278.38037109375,235500,0.0,0.0
2017-02-17 00:00:00+09:00,1278.3804496284965,1278.3804496284965,1259.8181072412142,1269.5028076171875,341700,0.0,0.0
2017-02-20 00:00:00+09:00,1261.4324247040302,1263.046541690216,1250.940664293824,1260.6253662109375,228600,0.0,0.0
2017-02-21 00:00:00+09:00,1262.2394503169928,1264.6606257332019,1251.747690180087,1263.0465087890625,372600,0.0,0.0
2017-02-22 00:00:00+09:00,1271.1172289084666,1284.0301658370606,1269.5031117923925,1279.994873046875,486400,0.0,0.0
2017-02-23 00:00:00+09:00,1283.2229801731219,1287.2582725636034,1260.6253427864253,1274.3453369140625,297200,0.0,0.0
2017-02-24 00:00:00+09:00,1264.6604898829369,1275.9593072781897,1259.0110811853106,1267.0816650390625,392500,0.0,0.0
2017-02-27 00:00:00+09:00,1261.4323918449231,1267.081801149411,1244.4841639314598,1263.0465087890625,357200,0.0,0.0
2017-02-28 00:00:00+09:00,1271.1170982768517,1284.8370923534908,1266.2747474262733,1268.6959228515625,392400,0.0,0.0
2017-03-01 00:00:00+09:00,1264.660527657069,1270.3099365234375,1254.9758267432944,1270.3099365234375,427600,0.0,0.0
2017-03-02 00:00:00+09:00,1291.2936595342983,1295.328952220343,1280.801898550582,1282.416015625,274400,0.0,0.0
2017-03-03 00:00:00+09:00,1277.5734812160433,1284.02994858795,1269.50289700116,1271.924072265625,317300,0.0,0.0
2017-03-06 00:00:00+09:00,1275.152194808864,1284.0298366714574,1269.5027863508499,1283.2227783203125,328500,0.0,0.0
2017-03-07 00:00:00+09:00,1285.644266726577,1317.1195500927643,1285.644266726577,1305.013671875,589400,0.0,0.0
2017-03-08 00:00:00+09:00,1321.9617265019103,1346.1734797345462,1315.5052589732077,1326.8040771484375,790800,0.0,0.0
2017-03-09 00:00:00+09:00,1334.0675155740337,1346.9804497840666,1324.382814916509,1345.3663330078125,381000,0.0,0.0
2017-03-10 00:00:00+09:00,1338.102858819309,1350.2087351053701,1330.8393330476722,1344.559326171875,546300,0.0,0.0
2017-03-13 00:00:00+09:00,1344.5595743985357,1351.8231015111328,1339.7172229901375,1350.208984375,300600,0.0,0.0
2017-03-14 00:00:00+09:00,1350.208754066083,1353.4369877876995,1342.1381697620418,1346.1734619140625,216500,0.0,0.0
2017-03-15 00:00:00+09:00,1331.6465458202886,1334.874779870762,1318.733609618395,1321.15478515625,258500,0.0,0.0
2017-03-16 00:00:00+09:00,1303.3994469275842,1324.3829674353967,1299.3641545222356,1321.9617919921875,469800,0.0,0.0
2017-03-17 00:00:00+09:00,1309.855862810829,1310.6629212598807,1298.557044524106,1301.7852783203125,424600,0.0,0.0
2017-03-21 00:00:00+09:00,1292.100469257108,1300.9781114568757,1290.4863524935138,1297.7498779296875,338100,0.0,0.0
2017-03-22 00:00:00+09:00,1277.5733967841427,1284.836922097508,1273.538104943384,1275.1522216796875,350700,0.0,0.0
2017-03-23 00:00:00+09:00,1284.8370311267745,1288.0652648733242,1276.7664467604002,1279.1876220703125,340700,0.0,0.0
2017-03-24 00:00:00+09:00,1292.1003025923626,1305.8202933132059,1279.9944284269125,1304.2061767578125,417300,0.0,0.0
2017-03-27 00:00:00+09:00,1287.2581888771413,1307.4346495178488,1287.2581888771413,1298.5570068359375,424700,0.0,0.0
2017-03-28 00:00:00+09:00,1307.434767364577,1314.6982938499357,1302.5924163743377,1313.8912353515625,369500,0.0,0.0
2017-03-29 00:00:00+09:00,1317.129150390625,1321.9864183084762,1307.4146145549228,1317.129150390625,183600,5.0,0.0
2017-03-30 00:00:00+09:00,1317.1293434495192,1327.653425480769,1315.51025390625,1315.51025390625,275000,0.0,0.0
2017-03-31 00:00:00+09:00,1334.939250527416,1342.2251530469714,1313.08154296875,1313.08154296875,516900,0.0,0.0
2017-04-03 00:00:00+09:00,1315.5101771419352,1319.5579007639103,1305.7956404491947,1313.08154296875,249800,0.0,0.0
2017-04-04 00:00:00+09:00,1309.8433802663308,1309.8433802663308,1284.747493499794,1290.414306640625,315500,0.0,0.0
2017-04-05 00:00:00+09:00,1292.0334331191589,1305.7956939982475,1291.2238883615653,1299.3193359375,294700,0.0,0.0
2017-04-06 00:00:00+09:00,1295.27147941783,1301.747836814919,1273.413773202654,1275.8424072265625,334200,0.0,0.0
2017-04-07 00:00:00+09:00,1277.4618275608184,1292.0336354797632,1275.033192907661,1286.3668212890625,295500,0.0,0.0
2017-04-10 00:00:00+09:00,1294.4619396972655,1298.5096630859375,1287.1760375976562,1295.271484375,331400,0.0,0.0
2017-04-11 00:00:00+09:00,1289.6048893168095,1295.271703017511,1286.3667100592656,1294.462158203125,344100,0.0,0.0
2017-04-12 00:00:00+09:00,1282.3189642376506,1285.557143440271,1273.4139714304447,1278.271240234375,299600,0.0,0.0
2017-04-13 00:00:00+09:00,1258.842249889763,1270.9854227182816,1253.9849807583555,1269.3663330078125,292800,0.0,0.0
2017-04-14 00:00:00+09:00,1272.6042433154676,1275.8424220516392,1252.3656262143945,1253.1751708984375,147900,0.0,0.0
2017-04-17 00:00:00+09:00,1242.6511856996403,1253.9848121490181,1242.6511856996403,1252.36572265625,145900,0.0,0.0
2017-04-18 00:00:00+09:00,1258.8421575730847,1271.7948743069558,1249.1276200226814,1254.79443359375,151700,0.0,0.0
2017-04-19 00:00:00+09:00,1242.651166098107,1258.8420607703952,1241.8416213644928,1255.6038818359375,191400,0.0,0.0
2017-04-20 00:00:00+09:00,1249.1273193359375,1257.2227653458917,1245.0795963309604,1249.1273193359375,223600,0.0,0.0
2017-04-21 00:00:00+09:00,1260.4610912008159,1267.7469934620922,1253.1751889395393,1265.318359375,157700,0.0,0.0
2017-04-24 00:00:00+09:00,1282.3186741960335,1286.3663972837735,1273.4136834030055,1280.6995849609375,183700,0.0,0.0
2017-04-25 00:00:00+09:00,1291.2236904949136,1300.9382260973832,1287.175967327218,1296.8905029296875,207000,0.0,0.0
2017-04-26 00:00:00+09:00,1308.2242862477021,1321.9865466847139,1305.7956520529353,1321.177001953125,193000,0.0,0.0
2017-04-27 00:00:00+09:00,1317.1293909714839,1334.939376590029,1313.8912117681123,1332.5107421875,314300,0.0,0.0
2017-04-28 00:00:00+09:00,1334.129928523936,1338.1776528216421,1326.0344799285238,1331.7012939453125,184400,0.0,0.0
2017-05-01 00:00:00+09:00,1335.7489323270495,1340.606201171875,1332.5107530971657,1340.606201171875,125100,0.0,0.0
2017-05-02 00:00:00+09:00,1347.8920245740971,1355.987472169137,1347.8920245740971,1353.558837890625,156000,0.0,0.0
2017-05-08 00:00:00+09:00,1370.559176847992,1385.9405261451636,1368.9400874482894,1385.1309814453125,287100,0.0,0.0
2017-05-09 00:00:00+09:00,1381.892642319623,1383.5117315314797,1372.9876516544118,1376.225830078125,196200,0.0,0.0
2017-05-10 00:00:00+09:00,1375.4166769288975,1382.7025804558898,1368.9403182382375,1377.0357666015625,226800,0.0,0.0
2017-05-11 00:00:00+09:00,1383.5123017371602,1386.7504814954684,1334.9396053625378,1339.796875,461700,0.0,0.0
2017-05-12 00:00:00+09:00,1347.082307260479,1355.9872984743404,1335.748682079201,1351.9395751953125,310400,0.0,0.0
2017-05-15 00:00:00+09:00,1341.4157238799378,1347.8920822330094,1323.605738408991,1324.415283203125,190300,0.0,0.0
2017-05-16 00:00:00+09:00,1329.2723719138467,1330.0819165983253,1304.986031379489,1318.748291015625,210700,0.0,0.0
2017-05-17 00:00:00+09:00,1309.0339155909016,1318.7484529978842,1304.9861916713255,1312.2720947265625,212800,0.0,0.0
2017-05-18 00:00:00+09:00,1295.2716519254852,1300.128920620206,1288.7952936658578,1292.843017578125,193600,0.0,0.0
2017-05-19 00:00:00+09:00,1300.1288294896287,1308.2242767467249,1281.5093007983078,1297.7001953125,116300,0.0,0.0
2017-05-22 00:00:00+09:00,1300.9384510235056,1303.3670853440224,1291.2239137414383,1300.12890625,160300,0.0,0.0
2017-05-23 00:00:00+09:00,1299.3192077636718,1307.4146545410156,1292.842850341797,1295.271484375,209900,0.0,0.0
2017-05-24 00:00:00+09:00,1308.2245127454391,1312.2722371041812,1300.9386088997032,1309.0340576171875,187200,0.0,0.0
2017-05-25 00:00:00+09:00,1299.3193359375,1303.3670597254672,1292.0334331191589,1299.3193359375,116600,0.0,0.0
2017-05-26 00:00:00+09:00,1297.7002092502646,1297.7002092502646,1285.5570382341984,1290.414306640625,215300,0.0,0.0
2017-05-29 00:00:00+09:00,1292.033447265625,1295.2716263314537,1285.5570891339678,1292.033447265625,124600,0.0,0.0
2017-05-30 00:00:00+09:00,1291.2236649121887,1300.1286557046865,1279.8900402671914,1296.0809326171875,122000,0.0,0.0
2017-05-31 00:00:00+09:00,1303.3670909651905,1313.8911730661516,1296.8907327492145,1304.1766357421875,293300,0.0,0.0
2017-06-01 00:00:00+09:00,1308.2242746223799,1316.3197218663302,1299.3192826540344,1313.08154296875,343800,0.0,0.0
2017-06-02 00:00:00+09:00,1324.4151878720238,1371.3687825520833,1321.9865536644345,1360.03515625,459400,0.0,0.0
2017-06-05 00:00:00+09:00,1349.5113925038527,1369.750015666778,1349.5113925038527,1362.464111328125,254300,0.0,0.0
2017-06-06 00:00:00+09:00,1358.4161064476489,1364.0829197641765,1351.939748371617,1353.558837890625,170200,0.0,0.0
2017-06-07 00:00:00+09:00,1341.4156581747434,1368.1306350726109,1338.9870239113009,1364.8924560546875,216600,0.0,0.0
2017-06-08 00:00:00+09:00,1363.273656254642,1368.940470740261,1356.7972968425058,1362.464111328125,160300,0.0,0.0
2017-06-09 00:00:00+09:00,1364.0826608452464,1378.6544637504182,1354.368125575132,1360.844482421875,237000,0.0,0.0
2017-06-12 00:00:00+09:00,1360.8446597706593,1387.5596352450389,1359.2255703479698,1381.892822265625,250000,0.0,0.0
2017-06-13 00:00:00+09:00,1378.6546944427937,1391.6074103036772,1377.0356049601833,1383.511962890625,142600,0.0,0.0
2017-06-14 00:00:00+09:00,1392.417195638021,1408.6080932617188,1379.4644775390625,1379.4644775390625,305300,0.0,0.0
2017-06-15 00:00:00+09:00,1373.797425049121,1373.797425049121,1347.0824486044419,1348.7015380859375,239000,0.0,0.0
2017-06-16 00:00:00+09:00,1356.7967593926605,1365.7017500569323,1351.9394917576033,1360.844482421875,253000,0.0,0.0
2017-06-19 00:00:00+09:00,1360.03515625,1368.9401483444942,1355.1778878348216,1360.03515625,200200,0.0,0.0
2017-06-20 00:00:00+09:00,1360.035263793295,1375.4166149909572,1354.3684501941561,1367.3211669921875,246500,0.0,0.0
2017-06-21 00:00:00+09:00,1351.9396142695641,1360.0350610615974,1341.4155334399209,1345.4632568359375,272300,0.0,0.0
2017-06-22 00:00:00+09:00,1342.2251351038233,1353.5587610938435,1342.2251351038233,1351.130126953125,214900,0.0,0.0
2017-06-23 00:00:00+09:00,1351.9398957302096,1360.035344207636,1344.6539921005258,1354.3685302734375,144300,0.0,0.0
2017-06-26 00:00:00+09:00,1355.9876252130048,1365.702163423486,1352.749445809511,1358.416259765625,150000,0.0,0.0
2017-06-27 00:00:00+09:00,1365.7020773924337,1372.9879805913263,1364.0829877926797,1367.3211669921875,143400,0.0,0.0
2017-06-28 00:00:00+09:00,1361.654296875,1373.7974683691289,1360.8447521087246,1361.654296875,212000,0.0,0.0
2017-06-29 00:00:00+09:00,1373.7976633707683,1383.512201944987,1368.940394083659,1379.4644775390625,244200,0.0,0.0
2017-06-30 00:00:00+09:00,1380.2739311352111,1387.5598345840187,1369.7498483758225,1384.3216552734375,372400,0.0,0.0
2017-07-03 00:00:00+09:00,1380.2737642322725,1393.2264799083525,1375.4164958537426,1386.7501220703125,242300,0.0,0.0
2017-07-04 00:00:00+09:00,1390.7979960598536,1391.6075408771178,1345.4634862930598,1352.7493896484375,398100,0.0,0.0
2017-07-05 00:00:00+09:00,1352.749304445972,1361.654296875,1344.6538567832192,1361.654296875,308300,0.0,0.0
2017-07-06 00:00:00+09:00,1355.9874778570131,1361.654291197311,1347.892030228016,1357.6065673828125,182400,0.0,0.0
2017-07-07 00:00:00+09:00,1347.8921767042702,1368.9403428269798,1347.8921767042702,1358.416259765625,188500,0.0,0.0
2017-07-10 00:00:00+09:00,1360.8448943182452,1367.3212531252327,1354.3685355112577,1358.416259765625,190400,0.0,0.0
2017-07-11 00:00:00+09:00,1354.3686620629549,1365.702291034193,1351.130482356887,1362.464111328125,185900,0.0,0.0
2017-07-12 00:00:00+09:00,1355.987645448892,1363.2735492154832,1351.1303762711646,1355.1781005859375,174700,0.0,0.0
2017-07-13 00:00:00+09:00,1361.6542082295723,1361.6542082295723,1346.2728586716878,1351.130126953125,142500,0.0,0.0
2017-07-14 00:00:00+09:00,1353.5589359789824,1375.4166460695521,1346.2730326154592,1372.178466796875,252400,0.0,0.0
2017-07-17 00:00:00+09:00,1372.178466796875,1372.178466796875,1372.178466796875,1372.178466796875,0,0.0,0.0
2017-07-18 00:00:00+09:00,1367.3210369654425,1381.083297254615,1360.8446791823023,1378.6546630859375,215500,0.0,0.0
2017-07-19 00:00:00+09:00,1378.6545604865223,1383.5118284623998,1371.3686585227063,1375.4163818359375,123000,0.0,0.0
2017-07-20 00:00:00+09:00,1373.7974259949624,1388.3692313384563,1370.5592470297415,1383.511962890625,206800,0.0,0.0
2017-07-21 00:00:00+09:00,1382.7023669769699,1388.3691799563835,1374.6069198635214,1381.892822265625,217000,0.0,0.0
2017-07-24 00:00:00+09:00,1368.9401997714774,1368.9401997714774,1351.9397596796966,1361.654296875,220700,0.0,0.0
2017-07-25 00:00:00+09:00,1355.1778248299797,1363.2732718122377,1348.7014672441733,1350.320556640625,187100,0.0,0.0
2017-07-26 00:00:00+09:00,1362.463878291356,1372.9879605360306,1360.0352439272,1370.559326171875,314000,0.0,0.0
2017-07-27 00:00:00+09:00,1370.559306246432,1386.750201772084,1367.3211271413018,1373.7974853515625,281600,0.0,0.0
2017-07-28 00:00:00+09:00,1373.7976126575581,1381.083516319266,1361.6544398880453,1377.8453369140625,245200,0.0,0.0
2017-07-31 00:00:00+09:00,1371.368998281526,1379.4644469136483,1364.8926393758281,1374.607177734375,208900,0.0,0.0
2017-08-01 00:00:00+09:00,1378.6547872060698,1407.7983998539962,1377.8452424102943,1398.0838623046875,427600,0.0,0.0
2017-08-02 00:00:00+09:00,1407.798396404393,1415.8938443423137,1401.3220380540567,1413.4652099609375,334800,0.0,0.0
2017-08-03 00:00:00+09:00,1428.8463647364222,1497.65766275489,1413.465015767588,1430.4654541015625,839700,0.0,0.0
2017-08-04 00:00:00+09:00,1432.8943816154235,1511.4202319073422,1432.8943816154235,1505.75341796875,944600,0.0,0.0
2017-08-07 00:00:00+09:00,1515.4676948159429,1539.754036079019,1507.3722477282508,1528.42041015625,459400,0.0,0.0
2017-08-08 00:00:00+09:00,1523.563547856757,1528.4208174035905,1508.9917392162567,1521.9444580078125,242500,0.0,0.0
2017-08-09 00:00:00+09:00,1522.7536469745066,1522.7536469745066,1489.562312829927,1495.2291259765625,268200,0.0,0.0
2017-08-10 00:00:00+09:00,1490.3718202545233,1504.1340804089648,1479.8477389599504,1486.3240966796875,245400,0.0,0.0
2017-08-11 00:00:00+09:00,1486.3240966796875,1486.3240966796875,1486.3240966796875,1486.3240966796875,0,0.0,0.0
2017-08-14 00:00:00+09:00,1471.7525135869564,1496.0388586956522,1464.4666100543477,1489.5625,384600,0.0,0.0
2017-08-15 00:00:00+09:00,1486.324051475836,1504.9435793538014,1480.6572386434118,1488.752685546875,183900,0.0,0.0
2017-08-16 00:00:00+09:00,1491.181384757096,1501.705466191321,1482.2763927742903,1483.0859375,160600,0.0,0.0
2017-08-17 00:00:00+09:00,1482.2763906650966,1505.7531876772691,1482.2763906650966,1498.46728515625,345500,0.0,0.0
2017-08-18 00:00:00+09:00,1473.371541964408,1486.3242588168423,1466.0856387349136,1479.847900390625,259300,0.0,0.0
2017-08-21 00:00:00+09:00,1483.8955078125,1493.610044688523,1482.2764183331628,1483.8955078125,146600,0.0,0.0
2017-08-22 00:00:00+09:00,1477.4192968137652,1487.9433794760002,1471.7524830725615,1484.7052001953125,149200,0.0,0.0
2017-08-23 00:00:00+09:00,1500.895895557414,1501.7054402691492,1479.0381883405582,1482.2763671875,195000,0.0,0.0
2017-08-24 00:00:00+09:00,1469.3236517997336,1491.9909037283246,1462.8472941058506,1482.2763671875,174600,0.0,0.0
2017-08-25 00:00:00+09:00,1487.9434208720438,1500.896138355152,1479.0384276024072,1497.657958984375,131300,0.0,0.0
2017-08-28 00:00:00+09:00,1512.22954921875,1521.1345412109374,1508.1818255859375,1517.8963623046875,256800,0.0,0.0
2017-08-29 00:00:00+09:00,1509.8010763894702,1513.0392556417798,1503.3247178848503,1511.420166015625,169700,0.0,0.0
2017-08-30 00:00:00+09:00,1513.8487094567538,1519.5155228076615,1502.5150827549385,1516.27734375,182400,0.0,0.0
2017-08-31 00:00:00+09:00,1511.4202677952549,1519.5157164711802,1505.7534537221072,1514.658447265625,196600,0.0,0.0
2017-09-01 00:00:00+09:00,1524.3727201171876,1524.3727201171876,1499.2768335937499,1517.8963623046875,215700,0.0,0.0
2017-09-04 00:00:00+09:00,1508.9913134033725,1517.8963050597229,1483.0858831303533,1512.2294921875,242300,0.0,0.0
2017-09-05 00:00:00+09:00,1511.4201182719817,1515.467842209507,1490.3719537968495,1494.419677734375,214700,0.0,0.0
2017-09-06 00:00:00+09:00,1476.6097033270476,1505.7533158927129,1475.8001585335567,1502.51513671875,171800,0.0,0.0
2017-09-07 00:00:00+09:00,1510.6107229276624,1516.27753700081,1499.277094781367,1514.658447265625,173200,0.0,0.0
2017-09-08 00:00:00+09:00,1508.1820480890767,1525.1824898549762,1502.5152341671103,1521.134765625,253900,0.0,0.0
2017-09-11 00:00:00+09:00,1530.8488641036186,1548.658845600329,1530.8488641036186,1538.134765625,175000,0.0,0.0
2017-09-12 00:00:00+09:00,1559.1831291830465,1559.1831291830465,1516.2772590653406,1525.1822509765625,361600,0.0,0.0
2017-09-13 00:00:00+09:00,1533.2778232022652,1548.6591741214008,1525.1823753500885,1544.6114501953125,183100,0.0,0.0
2017-09-14 00:00:00+09:00,1551.087762869571,1559.1832104837129,1542.992315255429,1547.0400390625,161200,0.0,0.0
2017-09-15 00:00:00+09:00,1555.1355435527528,1558.3737227168397,1542.9923716874268,1552.7069091796875,247500,0.0,0.0
2017-09-18 00:00:00+09:00,1552.7069091796875,1552.7069091796875,1552.7069091796875,1552.7069091796875,0,0.0,0.0
2017-09-19 00:00:00+09:00,1564.850124776059,1585.8982899308328,1564.850124776059,1585.0887451171875,236700,0.0,0.0
2017-09-20 00:00:00+09:00,1572.9456480200536,1581.0410965430594,1565.659744349348,1568.08837890625,133500,0.0,0.0
2017-09-21 00:00:00+09:00,1563.2308247563215,1567.2785482797713,1538.1349389109325,1539.7540283203125,265500,0.0,0.0
2017-09-22 00:00:00+09:00,1534.896773784172,1536.515863207995,1521.1345136816767,1532.4681396484375,180000,0.0,0.0
2017-09-25 00:00:00+09:00,1536.516097333668,1542.992456015791,1518.70611095783,1524.3729248046875,228200,0.0,0.0
2017-09-26 00:00:00+09:00,1520.3251066387825,1547.8496293361832,1520.3251066387825,1544.6114501953125,252800,0.0,0.0
2017-09-27 00:00:00+09:00,1605.0565764392436,1616.492094032195,1578.9182505124977,1614.0416259765625,544900,17.0,0.0
2017-09-28 00:00:00+09:00,1617.308668531813,1633.6451197291042,1602.605862454251,1632.011474609375,455700,0.0,0.0
2017-09-29 00:00:00+09:00,1629.5608690049914,1680.2038634302091,1624.6599340606156,1676.1197509765625,367600,0.0,0.0
2017-10-02 00:00:00+09:00,1668.7683627591275,1674.4861202428838,1644.263687828744,1649.9814453125,266800,0.0,0.0
2017-10-03 00:00:00+09:00,1663.0508360694548,1663.0508360694548,1632.82839946112,1644.263916015625,192800,0.0,0.0
2017-10-04 00:00:00+09:00,1637.7291039758722,1647.530973924855,1628.744056522638,1636.095458984375,228000,0.0,0.0
2017-10-05 00:00:00+09:00,1614.8584486617733,1628.7444343103573,1607.507044494876,1614.0416259765625,244400,0.0,0.0
2017-10-06 00:00:00+09:00,1612.4076269233215,1620.5758519837234,1602.6057568508393,1605.873046875,202800,0.0,0.0
2017-10-09 00:00:00+09:00,1605.873046875,1605.873046875,1605.873046875,1605.873046875,0,0.0,0.0
2017-10-10 00:00:00+09:00,1602.6058224567776,1612.4076929305195,1592.8039519830359,1610.7740478515625,254800,0.0,0.0
2017-10-11 00:00:00+09:00,1612.407793290966,1617.3087288328838,1600.1554544361716,1609.1405029296875,169200,0.0,0.0
2017-10-12 00:00:00+09:00,1614.858296152284,1614.858296152284,1602.60595703125,1602.60595703125,182600,0.0,0.0
2017-10-13 00:00:00+09:00,1600.1554892070433,1610.7741831119395,1593.6209083424917,1602.60595703125,152400,0.0,0.0
2017-10-16 00:00:00+09:00,1605.0563372609072,1608.3236275148734,1594.437643935517,1596.0712890625,135200,0.0,0.0
2017-10-17 00:00:00+09:00,1605.8730811644134,1605.8730811644134,1591.1702757417486,1599.3385009765625,250500,0.0,0.0
2017-10-18 00:00:00+09:00,1602.6058412609384,1609.9572442025024,1593.6207932212492,1598.521728515625,179600,0.0,0.0
2017-10-19 00:00:00+09:00,1600.9722244434492,1605.0563372609072,1591.9871762450423,1596.0712890625,213600,0.0,0.0
2017-10-20 00:00:00+09:00,1591.9871294435575,1612.4076929305195,1591.9871294435575,1610.7740478515625,126100,0.0,0.0
2017-10-23 00:00:00+09:00,1621.3927785150336,1621.3927785150336,1610.7740852552374,1618.12548828125,198800,0.0,0.0
2017-10-24 00:00:00+09:00,1617.3087376229817,1625.4769635705725,1609.140511675391,1618.9423828125,247100,0.0,0.0
2017-10-25 00:00:00+09:00,1624.660081558576,1632.8283072074375,1607.5068076959667,1609.957275390625,246000,0.0,0.0
2017-10-26 00:00:00+09:00,1609.9574273481778,1625.4770575458517,1591.9873292245552,1621.3929443359375,379200,0.0,0.0
2017-10-27 00:00:00+09:00,1623.0265896199032,1624.660234903869,1607.506959422229,1621.3929443359375,238300,0.0,0.0
2017-10-30 00:00:00+09:00,1609.9572442025024,1612.4077118496903,1587.9030353778105,1598.521728515625,363500,0.0,0.0
2017-10-31 00:00:00+09:00,1594.4376220703125,1605.056315250084,1589.5366867565717,1594.4376220703125,349000,0.0,0.0
2017-11-01 00:00:00+09:00,1612.4076929305195,1619.7590957858258,1598.5217097593852,1610.7740478515625,484300,0.0,0.0
2017-11-02 00:00:00+09:00,1625.4768756530207,1687.5553894970556,1604.239489337956,1612.40771484375,721600,0.0,0.0
2017-11-03 00:00:00+09:00,1612.40771484375,1612.40771484375,1612.40771484375,1612.40771484375,0,0.0,0.0
2017-11-06 00:00:00+09:00,1630.3779739330503,1639.3630228875911,1511.121869627326,1514.38916015625,844000,0.0,0.0
2017-11-07 00:00:00+09:00,1502.9533133294963,1507.854248046875,1483.349574459981,1507.854248046875,585300,0.0,0.0
2017-11-08 00:00:00+09:00,1510.3047360670118,1533.175765060996,1505.4038012825868,1527.4580078125,468900,0.0,0.0
2017-11-09 00:00:00+09:00,1535.6264211170708,1559.3142754853661,1513.5722118776234,1532.359130859375,442800,0.0,0.0
2017-11-10 00:00:00+09:00,1514.3888045430565,1533.9925431131933,1512.7551596622118,1524.190673828125,218800,0.0,0.0
2017-11-13 00:00:00+09:00,1519.2899295291386,1525.8245098711993,1510.304881558805,1511.1217041015625,160000,0.0,0.0
2017-11-14 00:00:00+09:00,1524.190811735643,1551.1459547084598,1517.6562316210207,1529.9085693359375,431200,0.0,0.0
2017-11-15 00:00:00+09:00,1517.6563004933305,1519.2899455961222,1481.716108231917,1484.9833984375,385300,0.0,0.0
2017-11-16 00:00:00+09:00,1481.7163531507324,1524.191132844138,1477.632239718674,1512.755615234375,290800,0.0,0.0
2017-11-17 00:00:00+09:00,1544.611517537654,1551.1460982570095,1514.3890817106349,1517.6563720703125,337900,0.0,0.0
2017-11-20 00:00:00+09:00,1511.1214985060012,1523.3738349803743,1504.5869190530025,1518.472900390625,145300,0.0,0.0
2017-11-21 00:00:00+09:00,1529.9088052773207,1542.9779675220814,1518.4732883131549,1520.10693359375,296800,0.0,0.0
2017-11-22 00:00:00+09:00,1552.7795971872938,1560.9478223171586,1542.9777270314562,1547.878662109375,463700,0.0,0.0
2017-11-23 00:00:00+09:00,1547.878662109375,1547.878662109375,1547.878662109375,1547.878662109375,0,0.0,0.0
2017-11-24 00:00:00+09:00,1516.0225093233882,1542.1608284496535,1510.3047520145178,1533.17578125,253900,0.0,0.0
2017-11-27 00:00:00+09:00,1542.1611463325346,1542.1611463325346,1528.2751614344133,1533.992919921875,184100,0.0,0.0
2017-11-28 00:00:00+09:00,1542.9777331478383,1553.596425858755,1535.626330501819,1543.7945556640625,187300,0.0,0.0
2017-11-29 00:00:00+09:00,1538.076798050492,1547.0618457289602,1524.1908152746776,1543.7945556640625,272200,0.0,0.0
2017-11-30 00:00:00+09:00,1544.611443885771,1551.1460242935375,1520.9235899076182,1548.695556640625,241100,0.0,0.0
2017-12-01 00:00:00+09:00,1554.413395493489,1565.0320892094194,1537.260121029294,1559.3143310546875,193700,0.0,0.0
2017-12-04 00:00:00+09:00,1559.3141349199523,1590.3533895700089,1559.3141349199523,1576.4674072265625,295100,0.0,0.0
2017-12-05 00:00:00+09:00,1564.2152279661511,1587.0862600199644,1561.7647602460997,1583.8189697265625,252800,0.0,0.0
2017-12-06 00:00:00+09:00,1582.1855743618894,1585.4528651711034,1533.9930349259826,1538.0771484375,168900,0.0,0.0
2017-12-07 00:00:00+09:00,1535.6263863835804,1575.6506911350673,1528.274983470042,1570.749755859375,298300,0.0,0.0
2017-12-08 00:00:00+09:00,1572.383453699656,1585.4526148732634,1569.9329859796044,1583.8189697265625,341200,0.0,0.0
2017-12-11 00:00:00+09:00,1582.185295709632,1621.3927785150336,1578.1011829174029,1618.12548828125,272400,0.0,0.0
2017-12-12 00:00:00+09:00,1618.1256754106773,1632.8284831630206,1610.7742715345055,1623.026611328125,238600,0.0,0.0
2017-12-13 00:00:00+09:00,1623.0262972643322,1625.4767647488782,1600.155267408569,1604.2393798828125,237700,0.0,0.0
2017-12-14 00:00:00+09:00,1604.2394018629197,1609.9571594052009,1597.7048218145983,1605.873046875,265800,0.0,0.0
2017-12-15 00:00:00+09:00,1602.6057629388308,1614.0412780668346,1591.98707031997,1601.7889404296875,301400,0.0,0.0
2017-12-18 00:00:00+09:00,1614.8580898000232,1644.2636999329525,1614.8580898000232,1641.813232421875,264000,0.0,0.0
2017-12-19 00:00:00+09:00,1640.1796687956778,1641.81331388412,1619.759105190154,1620.575927734375,174100,0.0,0.0
2017-12-20 00:00:00+09:00,1615.6750592144253,1618.1255269483197,1589.5367367195508,1593.620849609375,328200,0.0,0.0
2017-12-21 00:00:00+09:00,1586.2692931593233,1587.0861156583755,1578.1010681688017,1582.1851806640625,283400,0.0,0.0
2017-12-22 00:00:00+09:00,1582.1852775343718,1607.5067765553142,1582.1852775343718,1598.521728515625,159300,0.0,0.0
2017-12-25 00:00:00+09:00,1609.1405029296875,1612.407793290966,1602.6059222071303,1609.1405029296875,116800,0.0,0.0
2017-12-26 00:00:00+09:00,1605.05623046626,1612.4076330485484,1600.1552954114013,1601.7889404296875,101700,0.0,0.0
2017-12-27 00:00:00+09:00,1600.9720109335742,1632.011264206776,1597.7047211153424,1625.4766845703125,162400,0.0,0.0
2017-12-28 00:00:00+09:00,1632.828159027636,1644.2636738982649,1624.6599341200442,1626.2935791015625,138300,0.0,0.0
2017-12-29 00:00:00+09:00,1628.744348113783,1631.1948160397317,1620.5761216939547,1621.3929443359375,75500,0.0,0.0
2018-01-01 00:00:00+09:00,1621.3929443359375,1621.3929443359375,1621.3929443359375,1621.3929443359375,0,0.0,0.0
2018-01-02 00:00:00+09:00,1621.3929443359375,1621.3929443359375,1621.3929443359375,1621.3929443359375,0,0.0,0.0
2018-01-03 00:00:00+09:00,1621.3929443359375,1621.3929443359375,1621.3929443359375,1621.3929443359375,0,0.0,0.0
2018-01-04 00:00:00+09:00,1649.9815547548492,1661.417070480873,1638.5460390288256,1658.1497802734375,202200,0.0,0.0
2018-01-05 00:00:00+09:00,1674.4861438053433,1685.1048364245967,1670.4020312594766,1683.47119140625,136000,0.0,0.0
2018-01-08 00:00:00+09:00,1683.47119140625,1683.47119140625,1683.47119140625,1683.47119140625,0,0.0,0.0
2018-01-09 00:00:00+09:00,1655.6992468551214,1668.7684071657684,1640.1796189862278,1653.248779296875,400100,0.0,0.0
2018-01-10 00:00:00+09:00,1649.1646228148206,1658.966492786974,1635.2786403542698,1649.9814453125,318400,0.0,0.0
2018-01-11 00:00:00+09:00,1635.278777646347,1640.1797130438883,1596.071294466015,1623.84326171875,474900,0.0,0.0
2018-01-12 00:00:00+09:00,1620.5757674050633,1626.293524648932,1610.7738978441455,1613.224365234375,212700,0.0,0.0
2018-01-15 00:00:00+09:00,1624.6600787847044,1625.476901348196,1587.0862408640928,1596.0712890625,296200,0.0,0.0
2018-01-16 00:00:00+09:00,1595.2546102137653,1600.972368673313,1587.9032064800615,1597.705078125,161300,0.0,0.0
2018-01-17 00:00:00+09:00,1596.0714328508436,1603.4228365845477,1593.620964939609,1597.705078125,179200,0.0,0.0
2018-01-18 00:00:00+09:00,1611.5909478095787,1614.8582381244485,1561.7647705078125,1561.7647705078125,250600,0.0,0.0
2018-01-19 00:00:00+09:00,1563.398365521269,1569.1161233889015,1555.2301399960795,1562.58154296875,143700,0.0,0.0
2018-01-22 00:00:00+09:00,1565.8488423929587,1578.101180752841,1565.0320198356333,1572.3834228515625,172000,0.0,0.0
2018-01-23 00:00:00+09:00,1584.6358076764036,1592.8040334891684,1578.1012270261915,1589.5367431640625,216800,0.0,0.0
2018-01-24 00:00:00+09:00,1589.5367277400157,1596.88813090017,1583.002147153212,1583.8189697265625,177500,0.0,0.0
2018-01-25 00:00:00+09:00,1581.3682816164019,1581.3682816164019,1564.2150099666371,1567.4822998046875,184800,0.0,0.0
2018-01-26 00:00:00+09:00,1578.9178364489117,1587.9028836299453,1568.2991443258718,1569.115966796875,132600,0.0,0.0
2018-01-29 00:00:00+09:00,1569.9327000817589,1583.8186812999638,1565.031765534157,1580.5513916015625,93100,0.0,0.0
2018-01-30 00:00:00+09:00,1591.170529803014,1598.5219336881407,1563.3985595703125,1563.3985595703125,205800,0.0,0.0
2018-01-31 00:00:00+09:00,1596.0711470055458,1600.1552594595005,1574.0169397541897,1576.4674072265625,323500,0.0,0.0
2018-02-01 00:00:00+09:00,1583.8190026297787,1612.407793290966,1579.7348896781805,1609.1405029296875,209000,0.0,0.0
2018-02-02 00:00:00+09:00,1589.536661762804,1591.9871293811434,1574.8338560527677,1578.91796875,125900,0.0,0.0
2018-02-05 00:00:00+09:00,1547.8785079291201,1556.8635546769938,1512.755143369251,1518.472900390625,232000,0.0,0.0
2018-02-06 00:00:00+09:00,1453.1273655192056,1484.1666234673394,1403.3011882866754,1470.2806396484375,608800,0.0,0.0
2018-02-07 00:00:00+09:00,1600.9720064281653,1609.140230950758,1518.4729387499792,1525.8243408203125,657900,0.0,0.0
2018-02-08 00:00:00+09:00,1532.3589498454537,1579.734652985665,1528.2748375057804,1573.2000732421875,432500,0.0,0.0
2018-02-09 00:00:00+09:00,1519.289813366917,1559.314114901852,1516.8393459260026,1556.8636474609375,272600,0.0,0.0
2018-02-12 00:00:00+09:00,1556.8636474609375,1556.8636474609375,1556.8636474609375,1556.8636474609375,0,0.0,0.0
2018-02-13 00:00:00+09:00,1589.5366744161954,1596.8880773297337,1559.3142402160931,1570.749755859375,369000,0.0,0.0
2018-02-14 00:00:00+09:00,1573.2000970670335,1584.6356117913006,1537.2599079336226,1556.8636474609375,178400,0.0,0.0
2018-02-15 00:00:00+09:00,1572.3834328204236,1572.3834328204236,1547.8787559453003,1550.3292236328125,188300,0.0,0.0
2018-02-16 00:00:00+09:00,1558.4974547202544,1590.3535347695677,1556.8638095895203,1578.1011962890625,148000,0.0,0.0
2018-02-19 00:00:00+09:00,1600.9722425192745,1618.9423391189807,1592.8040167921354,1615.675048828125,151400,0.0,0.0
2018-02-20 00:00:00+09:00,1604.239489337956,1614.8581824954883,1600.155376585059,1612.40771484375,145500,0.0,0.0
2018-02-21 00:00:00+09:00,1603.4224303666297,1614.0411219584616,1587.9028041939523,1590.353271484375,294500,0.0,0.0
2018-02-22 00:00:00+09:00,1557.680560573715,1567.482430907687,1538.893642433602,1545.42822265625,319100,0.0,0.0
2018-02-23 00:00:00+09:00,1546.245067172142,1580.551613828893,1542.1609544749097,1578.91796875,154500,0.0,0.0
2018-02-26 00:00:00+09:00,1594.4377309505608,1608.3237152877327,1586.2695048698713,1602.60595703125,148400,0.0,0.0
2018-02-27 00:00:00+09:00,1613.2244714876501,1618.9422291081125,1596.0711986262625,1607.5067138671875,235100,0.0,0.0
2018-02-28 00:00:00+09:00,1602.6058412609384,1617.3086471440663,1598.521728515625,1598.521728515625,182700,0.0,0.0
2018-03-01 00:00:00+09:00,1584.6355037245642,1591.9869055459667,1559.314008561955,1580.5513916015625,213900,0.0,0.0
2018-03-02 00:00:00+09:00,1547.878731102814,1554.413311497971,1533.1759252137108,1534.8095703125,217300,0.0,0.0
2018-03-05 00:00:00+09:00,1519.28977734375,1539.7103388671876,1519.28977734375,1531.5421142578125,190400,0.0,0.0
2018-03-06 00:00:00+09:00,1554.413264248958,1560.1310219209195,1542.977748905035,1549.5123291015625,168100,0.0,0.0
2018-03-07 00:00:00+09:00,1542.977748905035,1577.284294936804,1538.0768137576395,1549.5123291015625,191200,0.0,0.0
2018-03-08 00:00:00+09:00,1564.2151820907065,1568.2992948376798,1525.8245222691592,1534.8095703125,150300,0.0,0.0
2018-03-09 00:00:00+09:00,1567.4824782838637,1578.1011714666101,1553.5964948910416,1562.58154296875,236500,0.0,0.0
2018-03-12 00:00:00+09:00,1592.8037387747977,1594.4373836350796,1578.100935032261,1590.353271484375,106300,0.0,0.0
2018-03-13 00:00:00+09:00,1565.84871484628,1578.1010522081444,1558.4973124291612,1576.4674072265625,188800,0.0,0.0
2018-03-14 00:00:00+09:00,1578.917768041232,1618.942067386302,1558.49720715089,1600.1551513671875,210400,0.0,0.0
2018-03-15 00:00:00+09:00,1597.7050213828365,1615.6751187603531,1577.284456181113,1602.60595703125,156500,0.0,0.0
2018-03-16 00:00:00+09:00,1604.2394769742127,1609.140412239918,1586.2693809999598,1588.7198486328125,173300,0.0,0.0
2018-03-19 00:00:00+09:00,1582.1851263329238,1595.2542858689728,1565.0318544418597,1569.115966796875,102700,0.0,0.0
2018-03-20 00:00:00+09:00,1543.7945276130397,1553.5963976296305,1522.5571425770931,1546.2449951171875,258000,0.0,0.0
2018-03-21 00:00:00+09:00,1546.2449951171875,1546.2449951171875,1546.2449951171875,1546.2449951171875,0,0.0,0.0
2018-03-22 00:00:00+09:00,1522.5574082999394,1525.0078762317526,1489.88450254243,1516.0228271484375,495400,0.0,0.0
2018-03-23 00:00:00+09:00,1486.6168110367967,1501.3196146624352,1455.577558938226,1458.8448486328125,286200,0.0,0.0
2018-03-26 00:00:00+09:00,1449.8598562361265,1471.9140625,1437.6075194228636,1471.9140625,214600,0.0,0.0
2018-03-27 00:00:00+09:00,1481.7159069261622,1526.641141149392,1477.6317947240505,1524.190673828125,316200,0.0,0.0
2018-03-28 00:00:00+09:00,1513.445478478594,1532.4565358270415,1506.0063690813752,1525.843994140625,188600,22.0,0.0
2018-03-29 00:00:00+09:00,1548.9880403593834,1561.3865572245866,1535.7629557031667,1552.2943115234375,258900,0.0,0.0
2018-03-30 00:00:00+09:00,1584.5302438427684,1594.4490560107981,1570.4785932713928,1585.3568115234375,258900,0.0,0.0
2018-04-02 00:00:00+09:00,1577.0911385095453,1577.9177061922023,1558.0800818084344,1561.3863525390625,139200,0.0,0.0
2018-04-03 00:00:00+09:00,1544.0287284668746,1563.8663566698751,1529.150507314624,1556.42724609375,160800,0.0,0.0
2018-04-04 00:00:00+09:00,1555.6004568321855,1558.0801600046066,1539.069102349378,1548.9879150390625,168100,0.0,0.0
2018-04-05 00:00:00+09:00,1564.692715890067,1577.0912318638393,1552.2941999162947,1562.2130126953125,178800,0.0,0.0
2018-04-06 00:00:00+09:00,1577.0910450563592,1580.3973155910685,1558.9065571154579,1560.5596923828125,208500,0.0,0.0
2018-04-09 00:00:00+09:00,1558.0802495845303,1559.733385127856,1534.9363519779695,1546.50830078125,149000,0.0,0.0
2018-04-10 00:00:00+09:00,1544.0284238873105,1563.8660481770833,1533.2830440636837,1554.7738037109375,127000,0.0,0.0
2018-04-11 00:00:00+09:00,1556.4271436110178,1580.3976094446448,1546.5083301626205,1576.2647705078125,199700,0.0,0.0
2018-04-12 00:00:00+09:00,1577.0911048411817,1577.0911048411817,1556.4269132159043,1558.9066162109375,135100,0.0,0.0
2018-04-13 00:00:00+09:00,1571.3051718598203,1597.7553378248463,1562.2129273093426,1595.275634765625,171500,0.0,0.0
2018-04-16 00:00:00+09:00,1573.7849112270908,1606.0210517406708,1565.5192341723266,1601.0616455078125,145100,0.0,0.0
2018-04-17 00:00:00+09:00,1601.0618599182064,1613.4603771607326,1591.969613940354,1601.888427734375,153600,0.0,0.0
2018-04-18 00:00:00+09:00,1598.5820187619886,1629.1650253256873,1597.7554510170237,1615.93994140625,157000,0.0,0.0
2018-04-19 00:00:00+09:00,1629.991564959781,1653.1354614196564,1623.3790231141024,1647.3494873046875,150800,0.0,0.0
2018-04-20 00:00:00+09:00,1653.1355175830397,1654.788653100623,1635.7775946484178,1642.39013671875,94900,0.0,0.0
2018-04-23 00:00:00+09:00,1627.5117520531583,1639.083699503003,1621.725778328236,1629.991455078125,95400,0.0,0.0
2018-04-24 00:00:00+09:00,1628.3381723067225,1640.736686309058,1619.2459287050099,1634.1241455078125,154600,0.0,0.0
2018-04-25 00:00:00+09:00,1619.2460753032692,1634.1242934530694,1615.9398046033134,1629.991455078125,84900,0.0,0.0
2018-04-26 00:00:00+09:00,1628.33834196801,1629.9914773405662,1614.2866913012808,1622.5523681640625,170700,0.0,0.0
2018-04-27 00:00:00+09:00,1612.633507810993,1620.8991844271436,1602.714695871612,1606.8475341796875,209600,0.0,0.0
2018-04-30 00:00:00+09:00,1606.8475341796875,1606.8475341796875,1606.8475341796875,1606.8475341796875,0,0.0,0.0
2018-05-01 00:00:00+09:00,1604.3678570295376,1614.2866691286383,1588.6630712059614,1602.7147216796875,139100,0.0,0.0
2018-05-02 00:00:00+09:00,1604.3679929767422,1621.7259156210039,1594.4491800371643,1615.93994140625,95000,0.0,0.0
2018-05-03 00:00:00+09:00,1615.93994140625,1615.93994140625,1615.93994140625,1615.93994140625,0,0.0,0.0
2018-05-04 00:00:00+09:00,1615.93994140625,1615.93994140625,1615.93994140625,1615.93994140625,0,0.0,0.0
2018-05-07 00:00:00+09:00,1619.2461422643196,1625.0321162285104,1597.7553818258957,1607.6741943359375,127300,0.0,0.0
2018-05-08 00:00:00+09:00,1606.0210553365291,1621.7258417757437,1601.0616490925665,1604.367919921875,176500,0.0,0.0
2018-05-09 00:00:00+09:00,1607.6739663800556,1622.552183035501,1595.275452500518,1620.8990478515625,164200,0.0,0.0
2018-05-10 00:00:00+09:00,1626.6853459483737,1649.0026753897384,1617.5931006204103,1639.0838623046875,216400,0.0,0.0
2018-05-11 00:00:00+09:00,1638.2571464025987,1698.5965872135926,1638.2571464025987,1697.77001953125,245800,0.0,0.0
2018-05-14 00:00:00+09:00,1679.5856079879843,1689.5044206335826,1675.4527693856517,1685.37158203125,138500,0.0,0.0
2018-05-15 00:00:00+09:00,1694.4637304120556,1716.7810575930923,1694.4637304120556,1708.515380859375,145900,0.0,0.0
2018-05-16 00:00:00+09:00,1702.7294957360555,1715.1280114817064,1701.9029280196787,1706.0357666015625,92700,0.0,0.0
2018-05-17 00:00:00+09:00,1715.1280949788802,1730.8328823545903,1701.903010873019,1727.526611328125,73300,0.0,0.0
2018-05-18 00:00:00+09:00,1731.659483201072,1734.965754290716,1709.3421533459746,1730.00634765625,142900,0.0,0.0
2018-05-21 00:00:00+09:00,1718.434470547394,1744.8846403682294,1697.7702753748665,1741.578369140625,197500,0.0,0.0
2018-05-22 00:00:00+09:00,1739.9249488888806,1748.1906256056923,1729.1795691570253,1732.48583984375,129200,0.0,0.0
2018-05-23 00:00:00+09:00,1731.6594260185234,1731.6594260185234,1701.0764194492226,1704.3826904296875,201600,0.0,0.0
2018-05-24 00:00:00+09:00,1691.9841323746468,1691.9841323746468,1657.2682879390165,1664.7073974609375,190200,0.0,0.0
2018-05-25 00:00:00+09:00,1656.4416691518081,1665.5339138427612,1639.9103151682573,1645.6962890625,161400,0.0,0.0
2018-05-28 00:00:00+09:00,1637.4306745361696,1650.6557582275268,1630.818132690491,1647.3494873046875,151000,0.0,0.0
2018-05-29 00:00:00+09:00,1643.216515638803,1644.0430833026053,1625.0320270351542,1637.4305419921875,79100,0.0,0.0
2018-05-30 00:00:00+09:00,1610.1538048261477,1619.2460491039135,1596.1021545786916,1606.8475341796875,149200,0.0,0.0
2018-05-31 00:00:00+09:00,1624.2055035366188,1638.257154203348,1617.5929620463935,1622.5523681640625,395700,0.0,0.0
2018-06-01 00:00:00+09:00,1599.4085065009863,1604.3679127226947,1586.183423243097,1597.75537109375,185000,0.0,0.0
2018-06-04 00:00:00+09:00,1644.8695202618158,1648.1757906543019,1623.3787627106565,1630.81787109375,209400,0.0,0.0
2018-06-05 00:00:00+09:00,1657.2683563769974,1657.2683563769974,1634.9510268896263,1642.39013671875,172900,0.0,0.0
2018-06-06 00:00:00+09:00,1640.7371073394604,1640.7371073394604,1620.072912032918,1625.85888671875,193200,0.0,0.0
2018-06-07 00:00:00+09:00,1633.2979080055743,1660.5746443234812,1626.6853658679,1658.9215087890625,165000,0.0,0.0
2018-06-08 00:00:00+09:00,1653.135577377204,1659.748119686713,1638.2573571808093,1640.737060546875,164600,0.0,0.0
2018-06-11 00:00:00+09:00,1642.3900407007798,1661.4010980415537,1615.9398739657897,1638.2572021484375,89300,0.0,0.0
2018-06-12 00:00:00+09:00,1644.0434117970733,1646.5231152839467,1620.072944757297,1628.338623046875,117900,0.0,0.0
2018-06-13 00:00:00+09:00,1630.818019029571,1636.6039927412824,1621.7257746254527,1626.6851806640625,153700,0.0,0.0
2018-06-14 00:00:00+09:00,1625.032149735907,1635.7775301766835,1606.8476597592082,1610.1539306640625,111500,0.0,0.0
2018-06-15 00:00:00+09:00,1621.7258390538832,1627.511812995462,1567.1723704618566,1573.784912109375,295700,0.0,0.0
2018-06-18 00:00:00+09:00,1558.080032672581,1558.080032672581,1511.7922439035283,1518.40478515625,307500,0.0,0.0
2018-06-19 00:00:00+09:00,1498.5672463410153,1506.8329233754391,1480.3827568652832,1485.3421630859375,347100,0.0,0.0
2018-06-20 00:00:00+09:00,1479.5562221950954,1488.6484671359592,1467.157706366645,1487.8218994140625,260000,0.0,0.0
2018-06-21 00:00:00+09:00,1484.515491434277,1501.8734119911364,1472.9435443963705,1474.5966796875,218000,0.0,0.0
2018-06-22 00:00:00+09:00,1455.5857372799435,1484.515607129346,1455.5857372799435,1467.9842529296875,258900,0.0,0.0
2018-06-25 00:00:00+09:00,1470.4639560596363,1481.2093362894145,1466.3311175097217,1467.9842529296875,171800,0.0,0.0
2018-06-26 00:00:00+09:00,1458.8920479696023,1481.2093767487409,1448.1466674463136,1477.0765380859375,229800,0.0,0.0
2018-06-27 00:00:00+09:00,1469.6374319514237,1487.8219221105528,1469.6374319514237,1480.3828125,188500,0.0,0.0
2018-06-28 00:00:00+09:00,1481.2094099162011,1490.3016551779635,1472.9437324055082,1479.5562744140625,205200,0.0,0.0
2018-06-29 00:00:00+09:00,1475.423332562122,1476.249900255434,1451.4528694560706,1468.810791015625,244700,0.0,0.0
2018-07-02 00:00:00+09:00,1460.545080825832,1482.0358403626014,1436.5746182655892,1439.0543212890625,219200,0.0,0.0
2018-07-03 00:00:00+09:00,1443.187278628967,1455.5857947683912,1422.5230850632602,1435.7481689453125,219600,0.0,0.0
2018-07-04 00:00:00+09:00,1425.8292310993174,1437.4011784821525,1423.34952808871,1432.4417724609375,139800,0.0,0.0
2018-07-05 00:00:00+09:00,1426.6557946834926,1427.4823623513278,1396.8993586414265,1401.8587646484375,161700,0.0,0.0
2018-07-06 00:00:00+09:00,1401.8588640945748,1415.0839477181084,1390.2869159239826,1409.2979736328125,232500,0.0,0.0
2018-07-09 00:00:00+09:00,1415.0840012900549,1433.2684919608382,1400.205781650323,1431.6153564453125,206900,0.0,0.0
2018-07-10 00:00:00+09:00,1478.7297662357,1483.6891729419126,1435.7482414485248,1447.3201904296875,400000,0.0,0.0
2018-07-11 00:00:00+09:00,1436.5747797717786,1455.5858384223834,1430.7888053998556,1448.146728515625,221700,0.0,0.0
2018-07-12 00:00:00+09:00,1458.8919567014582,1461.3716597440102,1447.3200091695487,1448.97314453125,118100,0.0,0.0
2018-07-13 00:00:00+09:00,1477.076423496257,1488.64837085437,1470.463882148764,1483.68896484375,224200,0.0,0.0
2018-07-16 00:00:00+09:00,1483.68896484375,1483.68896484375,1483.68896484375,1483.68896484375,0,0.0,0.0
2018-07-17 00:00:00+09:00,1483.6889466142231,1515.0985176288975,1482.0358112976614,1494.434326171875,190800,0.0,0.0
2018-07-18 00:00:00+09:00,1503.5264557153644,1523.3640780007786,1500.220185334462,1501.0467529296875,176700,0.0,0.0
2018-07-19 00:00:00+09:00,1498.5672238372094,1510.1391715116279,1491.9546823089702,1492.78125,158100,0.0,0.0
2018-07-20 00:00:00+09:00,1491.1282628899744,1506.0064828079453,1477.076610745224,1488.6485595703125,95700,0.0,0.0
2018-07-23 00:00:00+09:00,1470.4640120166841,1484.5156636211157,1462.1983346023128,1463.02490234375,131700,0.0,0.0
2018-07-24 00:00:00+09:00,1463.8514298118605,1479.5562164670978,1450.6263463127132,1453.9326171875,139100,0.0,0.0
2018-07-25 00:00:00+09:00,1463.8513848557523,1473.7701971754977,1456.4122756159434,1468.810791015625,161600,0.0,0.0
2018-07-26 00:00:00+09:00,1484.5156819260571,1513.4455532330794,1483.689114174428,1510.1392822265625,156700,0.0,0.0
2018-07-27 00:00:00+09:00,1523.3643638692877,1539.069151125672,1517.5783896169355,1537.416015625,161900,0.0,0.0
2018-07-30 00:00:00+09:00,1539.0689377250428,1569.6519402469692,1535.762667182132,1563.865966796875,249600,0.0,0.0
2018-07-31 00:00:00+09:00,1562.2129795092658,1577.917766075761,1552.294166940953,1559.7332763671875,231100,0.0,0.0
2018-08-01 00:00:00+09:00,1569.652132726242,1573.784971411672,1540.7222619282334,1572.1318359375,147300,0.0,0.0
2018-08-02 00:00:00+09:00,1573.7848939672901,1588.6631125026954,1556.426972342651,1557.2535400390625,193800,0.0,0.0
2018-08-03 00:00:00+09:00,1562.2129053542528,1565.5191760534153,1533.2830367365816,1548.1612548828125,209000,0.0,0.0
2018-08-06 00:00:00+09:00,1531.6300207067418,1547.3348077512255,1512.6189627055248,1517.578369140625,177100,0.0,0.0
2018-08-07 00:00:00+09:00,1515.0986328125,1518.404903696979,1492.7813043422668,1515.0986328125,156900,0.0,0.0
2018-08-08 00:00:00+09:00,1501.046863632033,1517.5782167557336,1488.6483487892572,1491.1280517578125,191700,0.0,0.0
2018-08-09 00:00:00+09:00,1484.5154380442607,1511.7921693669002,1484.5154380442607,1506.832763671875,274400,0.0,0.0
2018-08-10 00:00:00+09:00,1515.0985813541308,1515.9251490471772,1491.9546859488303,1496.0875244140625,197400,0.0,0.0
2018-08-13 00:00:00+09:00,1477.9030665071,1478.7296342176744,1439.0543841101012,1440.70751953125,200400,0.0,0.0
2018-08-14 00:00:00+09:00,1442.3605263826535,1462.1981496681456,1435.7479852874894,1461.37158203125,109600,0.0,0.0
2018-08-15 00:00:00+09:00,1460.545174634826,1467.984284183051,1429.9621687143458,1439.8809814453125,144400,0.0,0.0
2018-08-16 00:00:00+09:00,1415.0838476901388,1430.7886333829617,1401.858765001446,1429.135498046875,177400,0.0,0.0
2018-08-17 00:00:00+09:00,1422.5230006646673,1441.5340576171875,1415.0838914223768,1441.5340576171875,131300,0.0,0.0
2018-08-20 00:00:00+09:00,1435.748181536481,1435.748181536481,1411.7777167900458,1418.3902587890625,164400,0.0,0.0
2018-08-21 00:00:00+09:00,1409.2980032907406,1411.7777065223372,1391.9400806695644,1408.471435546875,190900,0.0,0.0
2018-08-22 00:00:00+09:00,1429.1354618778935,1467.984141292735,1423.3494883480234,1450.626220703125,335400,0.0,0.0
2018-08-23 00:00:00+09:00,1459.7185793758777,1476.2499336156952,1455.5857408159234,1471.29052734375,200300,0.0,0.0
2018-08-24 00:00:00+09:00,1487.8219186092263,1490.3016218069083,1472.9436994231341,1477.0765380859375,103400,0.0,0.0
2018-08-27 00:00:00+09:00,1489.4748907642775,1498.5671348255466,1478.7295114191413,1495.2608642578125,122800,0.0,0.0
2018-08-28 00:00:00+09:00,1506.8329450009223,1517.5783252998867,1498.567267847873,1505.1798095703125,97800,0.0,0.0
2018-08-29 00:00:00+09:00,1502.7001986623989,1513.4455796209309,1501.8736308963578,1506.0064697265625,88000,0.0,0.0
2018-08-30 00:00:00+09:00,1539.0690507180118,1562.2129462175308,1525.8439675754296,1557.2535400390625,254600,0.0,0.0
2018-08-31 00:00:00+09:00,1530.8032404457247,1536.5892138167399,1513.445320332679,1520.057861328125,222000,0.0,0.0
2018-09-03 00:00:00+09:00,1496.9140661991003,1508.4860137014678,1491.9546601266572,1500.2203369140625,179300,0.0,0.0
2018-09-04 00:00:00+09:00,1507.6594087043695,1512.6188146540549,1489.4749202221894,1494.434326171875,189100,0.0,0.0
2018-09-05 00:00:00+09:00,1490.301506191243,1498.5671828756094,1472.9435851540738,1483.68896484375,198900,0.0,0.0
2018-09-06 00:00:00+09:00,1472.943528947787,1482.0357729536377,1458.065311483668,1461.37158203125,257800,0.0,0.0
2018-09-07 00:00:00+09:00,1447.3200495367416,1465.5045390226403,1443.1872110172194,1458.0654296875,173800,0.0,0.0
2018-09-10 00:00:00+09:00,1465.5045497997387,1483.6890394193633,1458.8920081198753,1467.9842529296875,181600,0.0,0.0
2018-09-11 00:00:00+09:00,1463.0249882014853,1466.3312593612627,1449.799903562376,1457.239013671875,147000,0.0,0.0
2018-09-12 00:00:00+09:00,1461.3716822632955,1462.1982499568835,1430.7886776005457,1441.5340576171875,197300,0.0,0.0
2018-09-13 00:00:00+09:00,1452.2796197883729,1484.5157638815697,1451.4530519911116,1470.464111328125,203400,0.0,0.0
2018-09-14 00:00:00+09:00,1501.873575223092,1521.7112008727092,1491.1281946628828,1510.9658203125,306000,0.0,0.0
2018-09-17 00:00:00+09:00,1510.9658203125,1510.9658203125,1510.9658203125,1510.9658203125,0,0.0,0.0
2018-09-18 00:00:00+09:00,1522.5378354030263,1548.9880040962385,1505.179912198106,1546.50830078125,286400,0.0,0.0
2018-09-19 00:00:00+09:00,1554.7738910956512,1584.530329202745,1553.9473233704541,1579.5709228515625,240800,0.0,0.0
2018-09-20 00:00:00+09:00,1595.2755939270942,1597.7552969228357,1574.611402295914,1586.183349609375,172100,0.0,0.0
2018-09-21 00:00:00+09:00,1603.541285817216,1628.3383160102658,1599.4084474517078,1626.6851806640625,254100,0.0,0.0
2018-09-24 00:00:00+09:00,1626.6851806640625,1626.6851806640625,1626.6851806640625,1626.6851806640625,0,0.0,0.0
2018-09-25 00:00:00+09:00,1644.86962890625,1644.86962890625,1622.5523022828988,1644.86962890625,331600,0.0,0.0
2018-09-26 00:00:00+09:00,1661.577466227419,1661.577466227419,1625.6559825432666,1653.2236328125,202800,21.0,0.0
2018-09-27 00:00:00+09:00,1653.223628937252,1659.071312313988,1631.503662109375,1631.503662109375,240000,0.0,0.0
2018-09-28 00:00:00+09:00,1644.0343359375,1651.5527856445312,1625.6559033203125,1628.9974365234375,228700,0.0,0.0
2018-10-01 00:00:00+09:00,1621.4791630516368,1630.6683803589876,1603.100728436935,1617.30224609375,214200,0.0,0.0
2018-10-02 00:00:00+09:00,1634.845205165541,1656.5651721222628,1624.8206050316696,1633.1744384765625,240400,0.0,0.0
2018-10-03 00:00:00+09:00,1629.8327078956227,1635.6803905995023,1595.5819949157556,1599.7589111328125,217300,0.0,0.0
2018-10-04 00:00:00+09:00,1616.4666943208283,1628.9974438892068,1605.6067113615668,1619.8082275390625,418000,0.0,0.0
2018-10-05 00:00:00+09:00,1660.7422236873415,1664.9191407489293,1621.4792033084154,1645.705322265625,522200,0.0,0.0
2018-10-08 00:00:00+09:00,1645.705322265625,1645.705322265625,1645.705322265625,1645.705322265625,0,0.0,0.0
2018-10-09 00:00:00+09:00,1631.5037249173367,1649.0467757228994,1606.4422237665328,1610.619140625,406300,0.0,0.0
2018-10-10 00:00:00+09:00,1613.9606433546685,1630.6683104701413,1592.240676104554,1594.746826171875,303800,0.0,0.0
2018-10-11 00:00:00+09:00,1547.9652367423441,1562.16675267576,1527.9160377775215,1542.1175537109375,380500,0.0,0.0
2018-10-12 00:00:00+09:00,1540.4466587574045,1562.1666224925957,1537.9405090956516,1551.306640625,358300,0.0,0.0
2018-10-15 00:00:00+09:00,1547.1299467667288,1552.1422468102496,1514.549996483844,1537.1053466796875,359000,0.0,0.0
2018-10-16 00:00:00+09:00,1533.7636650015227,1552.9774799770319,1524.5744491436703,1542.952880859375,294600,0.0,0.0
2018-10-17 00:00:00+09:00,1572.1914159689738,1583.051399182362,1564.6729660520127,1573.8621826171875,231600,0.0,0.0
2018-10-18 00:00:00+09:00,1566.3435046639095,1566.3435046639095,1531.2574101594378,1535.434326171875,242800,0.0,0.0
2018-10-19 00:00:00+09:00,1532.0930641128482,1544.623814364589,1513.7146304102948,1529.5869140625,234800,0.0,0.0
2018-10-22 00:00:00+09:00,1514.5499485036714,1533.7637647284835,1498.6776655353483,1528.75146484375,162700,0.0,0.0
2018-10-23 00:00:00+09:00,1510.3732019203312,1510.3732019203312,1460.2501974318247,1462.75634765625,220300,0.0,0.0
2018-10-24 00:00:00+09:00,1469.4391991881805,1481.1345651851302,1443.5423173377917,1467.7684326171875,228500,0.0,0.0
2018-10-25 00:00:00+09:00,1415.1392230057688,1426.8345884851553,1400.1023245322717,1405.1146240234375,258900,0.0,0.0
2018-10-26 00:00:00+09:00,1409.2917236179621,1410.9624903323877,1356.662572113557,1373.3702392578125,334200,0.0,0.0
2018-10-29 00:00:00+09:00,1356.6625704130902,1391.7486713720493,1355.8271870569245,1362.51025390625,226600,0.0,0.0
2018-10-30 00:00:00+09:00,1360.004105542408,1391.7486731164938,1357.4979554707697,1373.3702392578125,779600,0.0,0.0
2018-10-31 00:00:00+09:00,1387.5717327229381,1403.4440162399374,1379.2178992929385,1400.9378662109375,204500,0.0,0.0
2018-11-01 00:00:00+09:00,1411.7979822846096,1416.8102828134306,1393.4195470122656,1402.6087646484375,176400,0.0,0.0
2018-11-02 00:00:00+09:00,1405.1146688394613,1433.5177001953125,1395.9254528125682,1433.5177001953125,261400,0.0,0.0
2018-11-05 00:00:00+09:00,1414.303972402831,1421.8224223447244,1399.2670725190442,1406.7855224609375,162500,0.0,0.0
2018-11-06 00:00:00+09:00,1411.7977253614536,1447.7192059475733,1411.7977253614536,1431.846923828125,186000,0.0,0.0
2018-11-07 00:00:00+09:00,1451.896368835198,1455.2379024803884,1417.6456489719972,1420.9871826171875,138400,0.0,0.0
2018-11-08 00:00:00+09:00,1446.0486498121302,1456.9086338950635,1441.036349466161,1446.884033203125,285600,0.0,0.0
2018-11-09 00:00:00+09:00,1447.7192311418164,1461.085363685538,1438.530015018008,1456.908447265625,195300,0.0,0.0
2018-11-12 00:00:00+09:00,1443.5423007502832,1480.2991648897578,1434.3530847154143,1475.286865234375,245500,0.0,0.0
2018-11-13 00:00:00+09:00,1441.8715499940502,1441.8715499940502,1412.633135017346,1425.999267578125,209200,0.0,0.0
2018-11-14 00:00:00+09:00,1429.3408656548856,1510.3730479859926,1429.3408656548856,1468.6038818359375,666100,0.0,0.0
2018-11-15 00:00:00+09:00,1471.1099374920234,1494.5006690364735,1415.9746417086767,1431.846923828125,394600,0.0,0.0
2018-11-16 00:00:00+09:00,1433.517766100484,1443.5423658634245,1412.633183261025,1434.3531494140625,164000,0.0,0.0
2018-11-19 00:00:00+09:00,1446.8837359201289,1446.8837359201289,1418.4807064621125,1427.669921875,147100,0.0,0.0
2018-11-20 00:00:00+09:00,1409.29154337205,1419.3161423764748,1390.913111863938,1415.974609375,304400,0.0,0.0
2018-11-21 00:00:00+09:00,1379.2178272005362,1414.3039257725668,1379.2178272005362,1409.2916259765625,206900,0.0,0.0
2018-11-22 00:00:00+09:00,1398.4316165568275,1421.8223484944565,1393.4193168559068,1415.1392822265625,166700,0.0,0.0
2018-11-23 00:00:00+09:00,1415.1392822265625,1415.1392822265625,1415.1392822265625,1415.1392822265625,0,0.0,0.0
2018-11-26 00:00:00+09:00,1412.6331183160103,1441.8715329470335,1400.1023691884288,1433.5177001953125,258400,0.0,0.0
2018-11-27 00:00:00+09:00,1446.883729446766,1456.908328034157,1425.999149056368,1436.859130859375,198700,0.0,0.0
2018-11-28 00:00:00+09:00,1446.0485375216263,1460.2500540657438,1431.8470209775087,1448.5546875,405200,0.0,0.0
2018-11-29 00:00:00+09:00,1478.628253659102,1503.6897494838327,1471.9451881058405,1491.994384765625,369500,0.0,0.0
2018-11-30 00:00:00+09:00,1488.6529766971234,1510.3729415647583,1481.1345273198651,1502.8544921875,277200,0.0,0.0
2018-12-03 00:00:00+09:00,1516.2206909179688,1521.2329907226563,1499.5130249023437,1503.68994140625,217600,0.0,0.0
2018-12-04 00:00:00+09:00,1501.183847102152,1501.183847102152,1450.2254638671875,1450.2254638671875,286100,0.0,0.0
2018-12-05 00:00:00+09:00,1416.8102476242689,1441.8717496459246,1414.3040974221033,1428.505615234375,183400,0.0,0.0
2018-12-06 00:00:00+09:00,1417.645458969903,1424.3285253645756,1391.7485766905472,1409.2916259765625,182700,0.0,0.0
2018-12-07 00:00:00+09:00,1400.1022426266643,1422.6575890174279,1395.0899434287167,1411.797607421875,212700,0.0,0.0
2018-12-10 00:00:00+09:00,1410.9625116999362,1410.9625116999362,1375.876410165657,1387.57177734375,258900,0.0,0.0
2018-12-11 00:00:00+09:00,1393.4192014401415,1398.4315007258974,1343.2962085825823,1344.131591796875,238800,0.0,0.0
2018-12-12 00:00:00+09:00,1365.0165080745046,1381.7241764719893,1360.8395909751334,1370.02880859375,241400,0.0,0.0
2018-12-13 00:00:00+09:00,1375.8762723088978,1399.2670043214353,1374.2055057365737,1395.090087890625,224000,0.0,0.0
2018-12-14 00:00:00+09:00,1428.5054517512212,1429.3408350563388,1375.8763035288077,1410.96240234375,455000,0.0,0.0
2018-12-17 00:00:00+09:00,1431.8469925017691,1436.023909049324,1401.773193359375,1401.773193359375,235200,0.0,0.0
2018-12-18 00:00:00+09:00,1400.9377854726847,1403.4439353572511,1372.5347534475975,1376.711669921875,226400,0.0,0.0
2018-12-19 00:00:00+09:00,1381.724100363422,1388.4071673542971,1361.6748993907968,1367.5225830078125,184700,0.0,0.0
2018-12-20 00:00:00+09:00,1351.6502632203926,1359.1687133866371,1313.2226290373653,1319.0703125,290300,0.0,0.0
2018-12-21 00:00:00+09:00,1324.082577144618,1328.2594937917618,1281.47802734375,1281.47802734375,402200,0.0,0.0
2018-12-24 00:00:00+09:00,1281.47802734375,1281.47802734375,1281.47802734375,1281.47802734375,0,0.0,0.0
2018-12-25 00:00:00+09:00,1236.3672421710987,1237.2026254428358,1187.9150124103394,1193.7626953125,305100,0.0,0.0
2018-12-26 00:00:00+09:00,1198.7751054085827,1238.0381227982714,1193.7628053162819,1233.8612060546875,191900,0.0,0.0
2018-12-27 00:00:00+09:00,1266.4411146505538,1312.3871973060818,1266.4411146505538,1310.7164306640625,166300,0.0,0.0
2018-12-28 00:00:00+09:00,1306.5395087884494,1340.7902248116761,1304.8687421531702,1330.765625,222200,0.0,0.0
2018-12-31 00:00:00+09:00,1330.765625,1330.765625,1330.765625,1330.765625,0,0.0,0.0
2019-01-04 00:00:00+09:00,1313.2226498252467,1335.7780006810237,1294.8442157946133,1333.2718505859375,352700,0.0,0.0
2019-01-07 00:00:00+09:00,1374.2054146190035,1392.583845695975,1368.3577320036036,1369.193115234375,255200,0.0,0.0
2019-01-08 00:00:00+09:00,1370.864006282631,1397.5962720967955,1364.1809398290898,1380.05322265625,222400,0.0,0.0
2019-01-09 00:00:00+09:00,1380.8887377073572,1391.748721730464,1366.687220138679,1381.72412109375,171000,0.0,0.0
2019-01-10 00:00:00+09:00,1367.5224490371047,1400.9377807179135,1363.3455325770035,1396.7608642578125,192400,0.0,0.0
2019-01-11 00:00:00+09:00,1415.974609375,1429.3407413808995,1400.9377108683627,1415.974609375,238500,0.0,0.0
2019-01-15 00:00:00+09:00,1421.8223493383564,1462.756130253503,1401.7731505227744,1456.908447265625,283100,0.0,0.0
2019-01-16 00:00:00+09:00,1453.5668016749562,1456.0729513330164,1416.8099400234055,1427.669921875,171300,0.0,0.0
2019-01-17 00:00:00+09:00,1440.2005312545475,1460.249726585237,1425.1636347565302,1435.188232421875,213500,0.0,0.0
2019-01-18 00:00:00+09:00,1445.2132960852728,1476.9578655946602,1441.8717624527055,1462.75634765625,192000,0.0,0.0
2019-01-21 00:00:00+09:00,1470.274558595948,1485.3114574906795,1466.93302550823,1484.47607421875,149200,0.0,0.0
2019-01-22 00:00:00+09:00,1493.665371627634,1501.1838214848199,1466.93310546875,1466.93310546875,136000,0.0,0.0
2019-01-23 00:00:00+09:00,1446.8837859379544,1448.5545524344186,1431.011504221545,1436.0238037109375,142700,0.0,0.0
2019-01-24 00:00:00+09:00,1427.6699154875998,1437.6945140749908,1410.1268679596656,1436.859130859375,204600,0.0,0.0
2019-01-25 00:00:00+09:00,1431.0116472376108,1464.4269805064398,1423.493197252124,1450.2254638671875,128300,0.0,0.0
2019-01-28 00:00:00+09:00,1453.566851923811,1454.4022351720432,1432.6822707180092,1436.0238037109375,103200,0.0,0.0
2019-01-29 00:00:00+09:00,1441.8715160778984,1448.554582201087,1425.999234035326,1441.0361328125,174700,0.0,0.0
2019-01-30 00:00:00+09:00,1456.9084219114643,1456.9084219114643,1430.1761572892358,1431.846923828125,191400,0.0,0.0
2019-01-31 00:00:00+09:00,1451.8961222947964,1453.5668888336859,1429.340774019791,1431.846923828125,180500,0.0,0.0
2019-02-01 00:00:00+09:00,1421.822282208681,1431.0114978986312,1406.7853838069439,1414.3038330078125,192400,0.0,0.0
2019-02-04 00:00:00+09:00,1429.340870999135,1450.225454152249,1423.493187716263,1448.5546875,184900,0.0,0.0
2019-02-05 00:00:00+09:00,1445.2133694401493,1454.4025873961273,1436.8595349347152,1443.5426025390625,162900,0.0,0.0
2019-02-06 00:00:00+09:00,1449.3899654664854,1451.8961152626812,1433.517683423913,1441.0361328125,122600,0.0,0.0
2019-02-07 00:00:00+09:00,1431.8468344346534,1431.8468344346534,1409.2914875678298,1416.8099365234375,121700,0.0,0.0
2019-02-08 00:00:00+09:00,1392.5838927476507,1395.090042524641,1363.3454786827629,1366.68701171875,231600,0.0,0.0
2019-02-12 00:00:00+09:00,1377.5469702480111,1430.1761146540903,1375.8762037589293,1414.3038330078125,187100,0.0,0.0
2019-02-13 00:00:00+09:00,1425.999483084973,1429.3410167301633,1406.7856646251287,1420.9871826171875,172300,0.0,0.0
2019-02-14 00:00:00+09:00,1397.5961551794114,1437.6945505461847,1336.6131788924436,1370.8638916015625,617700,0.0,0.0
2019-02-15 00:00:00+09:00,1378.3823861648789,1402.6085008308069,1374.205469843167,1399.2669677734375,220600,0.0,0.0
2019-02-18 00:00:00+09:00,1431.0115405586803,1439.3653732531268,1412.633108630898,1431.846923828125,170700,0.0,0.0
2019-02-19 00:00:00+09:00,1441.871463260135,1460.2498944256756,1436.023780616554,1452.7314453125,176100,0.0,0.0
2019-02-20 00:00:00+09:00,1471.1099403968904,1471.1099403968904,1436.023843010934,1442.7069091796875,218500,0.0,0.0
2019-02-21 00:00:00+09:00,1445.2130561392394,1446.8838226781286,1426.8346242114571,1431.846923828125,136000,0.0,0.0
2019-02-22 00:00:00+09:00,1425.1640900897587,1427.670240306798,1413.4687224102413,1419.31640625,104200,0.0,0.0
2019-02-25 00:00:00+09:00,1424.3284186093522,1437.6945503968886,1420.151502425747,1432.6822509765625,146900,0.0,0.0
2019-02-26 00:00:00+09:00,1427.6702499075682,1435.1887006092463,1413.4687319155094,1420.9871826171875,150600,0.0,0.0
2019-02-27 00:00:00+09:00,1417.6452821584849,1431.0114132807805,1383.3945711576023,1390.07763671875,280200,0.0,0.0
2019-02-28 00:00:00+09:00,1381.7238308360365,1401.7730278977444,1358.3331009307105,1384.22998046875,326200,0.0,0.0
2019-03-01 00:00:00+09:00,1385.0654066272948,1391.7484725217569,1367.5223586543314,1370.8638916015625,245400,0.0,0.0
2019-03-04 00:00:00+09:00,1376.7117435515872,1380.0532769097222,1362.510226779514,1368.35791015625,244400,0.0,0.0
2019-03-05 00:00:00+09:00,1346.6378300625192,1359.1685791015625,1341.6255304469018,1359.1685791015625,470900,0.0,0.0
2019-03-06 00:00:00+09:00,1360.004150390625,1365.8518340839507,1344.1318660801694,1360.004150390625,229000,0.0,0.0
2019-03-07 00:00:00+09:00,1348.3086035700128,1361.6747359474107,1339.1193875605518,1349.9793701171875,260600,0.0,0.0
2019-03-08 00:00:00+09:00,1332.4363099705533,1336.6132263027494,1306.5394287109375,1306.5394287109375,284500,0.0,0.0
2019-03-11 00:00:00+09:00,1318.234958010893,1325.7534083417538,1314.8934245305106,1324.0826416015625,87700,0.0,0.0
2019-03-12 00:00:00+09:00,1326.5886672992447,1356.6624658022504,1326.5886672992447,1354.99169921875,122900,0.0,0.0
2019-03-13 00:00:00+09:00,1334.942617315995,1350.8149012515419,1327.424167030736,1333.2718505859375,100700,0.0,0.0
2019-03-14 00:00:00+09:00,1345.8025521161728,1345.8025521161728,1319.9056687421187,1324.91796875,112500,0.0,0.0
2019-03-15 00:00:00+09:00,1319.9056418706841,1341.6256081293157,1319.9056418706841,1330.765625,193900,0.0,0.0
2019-03-18 00:00:00+09:00,1344.1316247888512,1344.9670080236485,1318.234744510135,1329.0947265625,99200,0.0,0.0
2019-03-19 00:00:00+09:00,1333.2717868178638,1345.8025366939714,1322.4118035919037,1343.29638671875,130200,0.0,0.0
2019-03-20 00:00:00+09:00,1340.790443561174,1360.0042630016144,1335.7781428375808,1358.33349609375,250500,0.0,0.0
2019-03-22 00:00:00+09:00,1361.6746364950916,1365.0161693453863,1344.9669722436179,1364.1807861328125,272800,0.0,0.0
2019-03-25 00:00:00+09:00,1338.2842350342412,1348.3088360457336,1320.7411832641294,1326.5888671875,129900,0.0,0.0
2019-03-26 00:00:00+09:00,1342.4611836429933,1377.5472880070292,1334.9427327078429,1375.0411376953125,144800,0.0,0.0
2019-03-27 00:00:00+09:00,1390.3001674970976,1400.4730955519544,1359.7813833325272,1369.1065673828125,192300,24.0,0.0
2019-03-28 00:00:00+09:00,1367.4111757659912,1374.1931282806395,1341.9788538360594,1356.3905029296875,132900,0.0,0.0
2019-03-29 00:00:00+09:00,1382.6705019910323,1394.5389183171355,1363.172389455291,1375.8885498046875,275500,0.0,0.0
2019-04-01 00:00:00+09:00,1395.38680275068,1434.3830317461427,1395.38680275068,1421.6668701171875,175200,0.0,0.0
2019-04-02 00:00:00+09:00,1439.469394623216,1443.7081148665116,1428.448721990647,1440.317138671875,166700,0.0,0.0
2019-04-03 00:00:00+09:00,1442.8603772989318,1456.4242821384046,1436.9261689316622,1455.5765380859375,106900,0.0,0.0
2019-04-04 00:00:00+09:00,1447.946962613586,1450.4901949835162,1427.6011036541445,1434.383056640625,134300,0.0,0.0
2019-04-05 00:00:00+09:00,1414.8848298610465,1428.4487347608529,1407.2551333549054,1422.5145263671875,268200,0.0,0.0
2019-04-08 00:00:00+09:00,1431.839680672834,1431.839680672834,1413.1893118304406,1415.7325439453125,107500,0.0,0.0
2019-04-09 00:00:00+09:00,1402.1686104054832,1403.8640984470858,1379.2795218438457,1381.82275390625,183500,0.0,0.0
2019-04-10 00:00:00+09:00,1364.8678734902223,1381.82275390625,1354.6949452406059,1381.82275390625,114200,0.0,0.0
2019-04-11 00:00:00+09:00,1372.4976525341676,1388.6047899017706,1369.9544203182304,1386.9093017578125,68500,0.0,0.0
2019-04-12 00:00:00+09:00,1391.1478843688965,1391.1478843688965,1375.8884925842285,1383.5181884765625,131000,0.0,0.0
2019-04-15 00:00:00+09:00,1449.64241162627,1449.64241162627,1425.9055768160151,1439.469482421875,215200,0.0,0.0
2019-04-16 00:00:00+09:00,1432.6875731697423,1440.3172703049659,1419.971411277703,1428.4488525390625,160100,0.0,0.0
2019-04-17 00:00:00+09:00,1437.7739644970416,1447.9468934911242,1422.5145710059173,1432.6875,203500,0.0,0.0
2019-04-18 00:00:00+09:00,1428.4489707283153,1439.4696452799285,1406.4076216250892,1413.1895751953125,141800,0.0,0.0
2019-04-19 00:00:00+09:00,1426.7534427038581,1431.8399077402355,1414.0372801129147,1418.2760009765625,87600,0.0,0.0
2019-04-22 00:00:00+09:00,1412.3417917674556,1425.057954358399,1406.4075825583486,1418.2760009765625,101600,0.0,0.0
2019-04-23 00:00:00+09:00,1425.9055563259808,1436.0784853841922,1414.0371390914006,1420.819091796875,202500,0.0,0.0
2019-04-24 00:00:00+09:00,1430.9919537673188,1430.9919537673188,1390.300239442182,1391.9957275390625,266800,0.0,0.0
2019-04-25 00:00:00+09:00,1404.7120214371125,1408.1029979523498,1379.2796975728315,1401.321044921875,214800,0.0,0.0
2019-04-26 00:00:00+09:00,1395.3868796042136,1414.88499517584,1381.822973119604,1411.4940185546875,136400,0.0,0.0
2019-05-07 00:00:00+09:00,1406.4075041397757,1406.4075041397757,1363.1725537412656,1364.8680419921875,218400,0.0,0.0
2019-05-08 00:00:00+09:00,1347.9132525166453,1352.151973436509,1332.6538572051363,1336.892578125,204000,0.0,0.0
2019-05-09 00:00:00+09:00,1325.0239272961658,1325.0239272961658,1295.352886057928,1297.8961181640625,261600,0.0,0.0
2019-05-10 00:00:00+09:00,1296.2005462346312,1310.6121939036884,1286.0276184682377,1292.8095703125,254200,0.0,0.0
2019-05-13 00:00:00+09:00,1280.0936572008295,1301.2872607968698,1266.5297508993638,1286.8756103515625,202900,0.0,0.0
2019-05-14 00:00:00+09:00,1247.0316220947414,1397.0823339307503,1246.1838779600748,1389.45263671875,598400,0.0,0.0
2019-05-15 00:00:00+09:00,1374.1930046081543,1401.3208122253418,1363.1723327636719,1383.5181884765625,259700,0.0,0.0
2019-05-16 00:00:00+09:00,1371.6499998172374,1375.0409763310006,1344.5221877071313,1358.933837890625,196200,0.0,0.0
2019-05-17 00:00:00+09:00,1366.563451185328,1370.8021715674165,1344.522105198468,1353.8472900390625,176300,0.0,0.0
2019-05-20 00:00:00+09:00,1348.760922823784,1360.6293407493235,1332.6537842105524,1341.1312255859375,118600,0.0,0.0
2019-05-21 00:00:00+09:00,1328.4151117508713,1353.8474368003456,1325.0241350776082,1345.3699951171875,147400,0.0,0.0
2019-05-22 00:00:00+09:00,1347.9131538668635,1353.8473627203655,1323.328574330927,1328.4150390625,175700,0.0,0.0
2019-05-23 00:00:00+09:00,1319.9375087023554,1323.328484961064,1304.6781155381664,1308.069091796875,118800,0.0,0.0
2019-05-24 00:00:00+09:00,1284.3323921741173,1311.460205078125,1278.3981831013657,1311.460205078125,173000,0.0,0.0
2019-05-27 00:00:00+09:00,1313.155644867781,1329.2627831844288,1303.8304595265636,1328.4150390625,125400,0.0,0.0
2019-05-28 00:00:00+09:00,1323.328574330927,1336.8924802817885,1314.8511331116385,1328.4150390625,175800,0.0,0.0
2019-05-29 00:00:00+09:00,1305.5258509955042,1322.4807321772641,1293.6574341682724,1319.9375,170300,0.0,0.0
2019-05-30 00:00:00+09:00,1301.2872027367662,1317.3943407510974,1301.2872027367662,1315.6988525390625,129000,0.0,0.0
2019-05-31 00:00:00+09:00,1301.2870486211118,1309.7644886772753,1287.72314453125,1287.72314453125,153900,0.0,0.0
2019-06-03 00:00:00+09:00,1263.9863201762355,1283.484432425768,1263.9863201762355,1275.854736328125,140500,0.0,0.0
2019-06-04 00:00:00+09:00,1296.2008347322044,1302.9827880859375,1280.9414396863053,1302.9827880859375,149200,0.0,0.0
2019-06-05 00:00:00+09:00,1339.4356510295204,1364.8679735174226,1325.024001619709,1363.1724853515625,222100,0.0,0.0
2019-06-06 00:00:00+09:00,1358.9337888486098,1373.3454385120074,1348.7608596744467,1354.695068359375,211700,0.0,0.0
2019-06-07 00:00:00+09:00,1360.629242650404,1367.4111952617457,1347.0653374277208,1353.8472900390625,111900,0.0,0.0
2019-06-10 00:00:00+09:00,1354.6949193050987,1369.954311387384,1352.1516872913846,1369.1065673828125,208900,0.0,0.0
2019-06-11 00:00:00+09:00,1359.7817274171432,1374.193379141639,1355.5430063217032,1371.650146484375,180700,0.0,0.0
2019-06-12 00:00:00+09:00,1357.2385022234346,1364.020456013433,1340.2836177484385,1344.5223388671875,223300,0.0,0.0
2019-06-13 00:00:00+09:00,1336.0445289204724,1359.781360652562,1332.6535529587454,1350.4561767578125,238200,0.0,0.0
2019-06-14 00:00:00+09:00,1349.6084971910113,1364.867889747191,1333.5013606039327,1358.0859375,192300,0.0,0.0
2019-06-17 00:00:00+09:00,1343.6743744980865,1351.304071261798,1335.196933649518,1336.044677734375,135000,0.0,0.0
2019-06-18 00:00:00+09:00,1334.3492228714463,1346.2176403556903,1311.4601320089753,1315.6988525390625,182000,0.0,0.0
2019-06-19 00:00:00+09:00,1320.785231286884,1350.45627306804,1314.0032788797628,1337.7401123046875,224400,0.0,0.0
2019-06-20 00:00:00+09:00,1347.9130132310443,1354.6949654988734,1335.1968527288648,1352.1517333984375,156900,0.0,0.0
2019-06-21 00:00:00+09:00,1339.4355688202247,1362.3246576544943,1336.8923367275281,1358.0859375,215400,0.0,0.0
2019-06-24 00:00:00+09:00,1354.6950296987025,1375.8886315400464,1348.7608211831262,1359.781494140625,121900,0.0,0.0
2019-06-25 00:00:00+09:00,1346.2174145166575,1352.9993662270688,1327.5670473130263,1334.3489990234375,185200,0.0,0.0
2019-06-26 00:00:00+09:00,1326.7195314055036,1347.9131341436107,1324.1762990769307,1330.958251953125,198000,0.0,0.0
2019-06-27 00:00:00+09:00,1345.3699271065848,1364.8680419921875,1336.892485851975,1364.8680419921875,137900,0.0,0.0
2019-06-28 00:00:00+09:00,1364.0202926559066,1376.736454489243,1348.7608984559026,1349.608642578125,216800,0.0,0.0
2019-07-01 00:00:00+09:00,1391.1479451448015,1398.7776413704585,1364.8678803675384,1397.0821533203125,245900,0.0,0.0
2019-07-02 00:00:00+09:00,1395.3866721493284,1414.884784822132,1389.4524639445622,1412.341552734375,159400,0.0,0.0
2019-07-03 00:00:00+09:00,1391.1482327802466,1398.777930583429,1380.12755817565,1386.061767578125,147200,0.0,0.0
2019-07-04 00:00:00+09:00,1394.5389021302194,1401.3208542378434,1386.0614619956891,1399.6253662109375,81500,0.0,0.0
2019-07-05 00:00:00+09:00,1403.01630785393,1408.9505158025568,1388.6046599786932,1398.777587890625,108300,0.0,0.0
2019-07-08 00:00:00+09:00,1390.3002134392286,1397.9299097324927,1377.584052950455,1379.279541015625,157600,0.0,0.0
2019-07-09 00:00:00+09:00,1379.279697277622,1391.995859207041,1368.259023605459,1380.12744140625,197200,0.0,0.0
2019-07-10 00:00:00+09:00,1376.7364645878822,1376.7364645878822,1353.8473731199801,1358.933837890625,221100,0.0,0.0
2019-07-11 00:00:00+09:00,1354.6949805664674,1358.085956738098,1347.9130282232059,1355.542724609375,153100,0.0,0.0
2019-07-12 00:00:00+09:00,1358.086040175964,1364.8679929358939,1352.9995756060164,1360.6292724609375,101700,0.0,0.0
2019-07-16 00:00:00+09:00,1351.3040534040874,1359.781494140625,1343.6743567412036,1359.781494140625,106200,0.0,0.0
2019-07-17 00:00:00+09:00,1352.9994162447626,1375.888504113565,1350.45618425934,1365.715576171875,182900,0.0,0.0
2019-07-18 00:00:00+09:00,1353.8473724935104,1357.2383490057045,1314.8511426032778,1316.546630859375,235500,0.0,0.0
2019-07-19 00:00:00+09:00,1320.7852710587722,1358.9337544975685,1299.5916691483299,1353.8472900390625,271000,0.0,0.0
2019-07-22 00:00:00+09:00,1353.8472214653948,1369.1066140680105,1348.760757264523,1352.1517333984375,162800,0.0,0.0
2019-07-23 00:00:00+09:00,1348.7608461621514,1376.7364011108323,1348.7608461621514,1372.4976806640625,108400,0.0,0.0
2019-07-24 00:00:00+09:00,1381.8227120795507,1382.6704560746916,1360.62911220103,1365.715576171875,100800,0.0,0.0
2019-07-25 00:00:00+09:00,1372.4976144249345,1393.6912156359433,1372.4976144249345,1391.9957275390625,151600,0.0,0.0
2019-07-26 00:00:00+09:00,1369.9543733388055,1376.736325682067,1349.6085163090213,1355.542724609375,115700,0.0,0.0
2019-07-29 00:00:00+09:00,1358.933773945386,1358.933773945386,1346.2176126171385,1351.3040771484375,86400,0.0,0.0
2019-07-30 00:00:00+09:00,1355.542716284679,1367.4111328125,1351.3039960961717,1367.4111328125,147600,0.0,0.0
2019-07-31 00:00:00+09:00,1351.3040385437012,1369.9544079589843,1350.45629447937,1356.3905029296875,157200,0.0,0.0
2019-08-01 00:00:00+09:00,1334.349086793001,1342.8265269886365,1329.26262267562,1333.5013427734375,171000,0.0,0.0
2019-08-02 00:00:00+09:00,1284.332063988534,1288.5707836716645,1244.4880989671076,1258.052001953125,364800,0.0,0.0
2019-08-05 00:00:00+09:00,1235.1631033639128,1237.7063355602695,1193.623644156753,1211.42626953125,269600,0.0,0.0
2019-08-06 00:00:00+09:00,1185.9938467488548,1210.5784225570872,1173.2776868480453,1208.8829345703125,190400,0.0,0.0
2019-08-07 00:00:00+09:00,1197.862548828125,1214.8174327464283,1195.3193162403795,1197.862548828125,149000,0.0,0.0
2019-08-08 00:00:00+09:00,1195.3190808026939,1199.5578009473843,1180.9074323107466,1185.993896484375,148700,0.0,0.0
2019-08-09 00:00:00+09:00,1198.710326117913,1203.7967914338305,1089.3513218256846,1104.6107177734375,501800,0.0,0.0
2019-08-13 00:00:00+09:00,1101.2197428958518,1103.7629755584287,1052.0505780860292,1083.4171142578125,452500,0.0,0.0
2019-08-14 00:00:00+09:00,1098.6762845552885,1102.9150047889123,1077.4826833871696,1102.0672607421875,314400,0.0,0.0
2019-08-15 00:00:00+09:00,1069.0051877493026,1087.6555558147147,1069.0051877493026,1082.569091796875,179300,0.0,0.0
2019-08-16 00:00:00+09:00,1069.0051916407788,1085.1123277559057,1066.461959622601,1076.6348876953125,182500,0.0,0.0
2019-08-19 00:00:00+09:00,1093.58982027494,1110.544701209435,1083.4168917142429,1102.0672607421875,207900,0.0,0.0
2019-08-20 00:00:00+09:00,1097.8286233758854,1108.001552704465,1094.4376469330255,1107.15380859375,150600,0.0,0.0
2019-08-21 00:00:00+09:00,1086.8079980164998,1101.2196485362194,1085.9602538682811,1090.198974609375,162700,0.0,0.0
2019-08-22 00:00:00+09:00,1096.9808589186625,1100.3718352986275,1080.0259770188377,1088.50341796875,198300,0.0,0.0
2019-08-23 00:00:00+09:00,1089.3510976753983,1097.828538124234,1077.4826810470283,1080.8736572265625,248400,0.0,0.0
2019-08-26 00:00:00+09:00,1055.4414304663778,1055.4414304663778,1037.6388039283906,1046.9639892578125,304200,0.0,0.0
2019-08-27 00:00:00+09:00,1058.832172228475,1063.9186358260497,1049.5069889662545,1056.2889404296875,204300,0.0,0.0
2019-08-28 00:00:00+09:00,1053.7459963313565,1054.5937404957422,1039.3343455368006,1045.2685546875,164000,0.0,0.0
2019-08-29 00:00:00+09:00,1057.9847753202562,1067.309961641188,1039.3344026783927,1058.83251953125,219700,0.0,0.0
2019-08-30 00:00:00+09:00,1081.7212720919804,1100.3716388521868,1080.8735281483346,1092.741943359375,357700,0.0,0.0
2019-09-02 00:00:00+09:00,1086.8078655407476,1096.9807940793505,1069.0052405981924,1080.8736572265625,251900,0.0,0.0
2019-09-03 00:00:00+09:00,1082.569406996163,1108.0017344901999,1082.569406996163,1099.5242919921875,174100,0.0,0.0
2019-09-04 00:00:00+09:00,1085.9601753516547,1090.1988957862825,1077.4827344823989,1079.17822265625,193500,0.0,0.0
2019-09-05 00:00:00+09:00,1093.5900181627237,1130.0430187681477,1093.5900181627237,1113.088134765625,199700,0.0,0.0
2019-09-06 00:00:00+09:00,1113.9355068799132,1113.9355068799132,1088.5031893712394,1091.8941650390625,167000,0.0,0.0
2019-09-09 00:00:00+09:00,1095.2854975218415,1103.762939453125,1082.569334624916,1103.762939453125,226100,0.0,0.0
2019-09-10 00:00:00+09:00,1103.762717440049,1124.1085739827229,1096.9807652591578,1122.4130859375,277700,0.0,0.0
2019-09-11 00:00:00+09:00,1130.890472546944,1163.104743878866,1130.042728564525,1151.236328125,446000,0.0,0.0
2019-09-12 00:00:00+09:00,1162.2570759146238,1181.7551887855475,1153.7796355359615,1168.1912841796875,459400,0.0,0.0
2019-09-13 00:00:00+09:00,1169.8867872930987,1174.1255075369143,1150.388674171547,1171.582275390625,501400,0.0,0.0
2019-09-17 00:00:00+09:00,1165.648067049283,1180.9074599270193,1152.9319063178364,1171.582275390625,246400,0.0,0.0
2019-09-18 00:00:00+09:00,1169.0390712640226,1178.364256023924,1147.8454695369735,1157.170654296875,449800,0.0,0.0
2019-09-19 00:00:00+09:00,1169.038818359375,1191.9279032728653,1163.1046111595813,1169.038818359375,524900,0.0,0.0
2019-09-20 00:00:00+09:00,1191.0804294365632,1195.319149826017,1175.821036034529,1187.689453125,555100,0.0,0.0
2019-09-24 00:00:00+09:00,1177.5165075185348,1181.755227847975,1157.170649937221,1163.1048583984375,316200,0.0,0.0
2019-09-25 00:00:00+09:00,1154.6274764091206,1185.1462643318287,1153.7797323001564,1176.6688232421875,314400,0.0,0.0
2019-09-26 00:00:00+09:00,1202.101231141275,1204.6444636472158,1174.973417744575,1181.75537109375,340500,0.0,0.0
2019-09-27 00:00:00+09:00,1186.0680474175347,1188.6558322482638,1148.1138699001735,1164.503173828125,265000,24.0,0.0
2019-09-30 00:00:00+09:00,1160.1904169338852,1171.4041533057368,1143.8011099288713,1155.87744140625,222500,0.0,0.0
2019-10-01 00:00:00+09:00,1165.3658354048296,1189.5184952059658,1165.3658354048296,1186.068115234375,228000,0.0,0.0
2019-10-02 00:00:00+09:00,1172.2666573889667,1187.7933680828603,1163.6407070034702,1182.6177978515625,187800,0.0,0.0
2019-10-03 00:00:00+09:00,1152.4269360279118,1162.778076171875,1151.5643410159148,1162.778076171875,176900,0.0,0.0
2019-10-04 00:00:00+09:00,1159.3278050539836,1168.816351077491,1155.0148295887532,1158.4652099609375,203200,0.0,0.0
2019-10-07 00:00:00+09:00,1155.8774959406203,1167.0912328415368,1148.9767347708255,1166.2286376953125,177300,0.0,0.0
2019-10-08 00:00:00+09:00,1176.5795703125,1192.106280184659,1176.5795703125,1186.068115234375,214400,0.0,0.0
2019-10-09 00:00:00+09:00,1173.1295474060016,1194.6944287921413,1167.953975873328,1192.96923828125,267300,0.0,0.0
2019-10-10 00:00:00+09:00,1207.6329971794412,1211.0833771713824,1191.2436922177203,1204.1826171875,285500,0.0,0.0
2019-10-11 00:00:00+09:00,1221.4346461218684,1225.7476215672139,1207.6331246967625,1222.2972412109375,256600,0.0,0.0
2019-10-15 00:00:00+09:00,1261.976671927914,1265.427052438995,1246.4499596280489,1257.6636962890625,379100,0.0,0.0
2019-10-16 00:00:00+09:00,1281.8161247289922,1297.342834180622,1255.9382756429427,1261.9764404296875,438900,0.0,0.0
2019-10-17 00:00:00+09:00,1269.7401045236463,1269.7401045236463,1256.8011768280928,1258.5263671875,253400,0.0,0.0
2019-10-18 00:00:00+09:00,1262.839250192505,1280.953747633791,1256.801084378743,1260.25146484375,215600,0.0,0.0
2019-10-21 00:00:00+09:00,1272.3277421055693,1283.541478137686,1270.602551946782,1274.91552734375,193600,0.0,0.0
2019-10-23 00:00:00+09:00,1274.052924752395,1292.1674213128556,1252.4880478947039,1288.717041015625,366400,0.0,0.0
2019-10-24 00:00:00+09:00,1309.4193577926726,1338.7475911029169,1307.6941675979524,1308.5567626953125,388300,0.0,0.0
2019-10-25 00:00:00+09:00,1304.24358985921,1311.144349593915,1293.8924502571529,1307.6939697265625,222600,0.0,0.0
2019-10-28 00:00:00+09:00,1308.5568007028444,1323.2209177838915,1303.3812299683573,1321.4957275390625,350800,0.0,0.0
2019-10-29 00:00:00+09:00,1337.0222893030389,1350.8238097087476,1335.297099252325,1344.78564453125,253900,0.0,0.0
2019-10-30 00:00:00+09:00,1345.6482915413237,1363.7627877736109,1331.8467706024383,1362.03759765625,443100,0.0,0.0
2019-10-31 00:00:00+09:00,1354.2742030151055,1360.3123682514786,1332.709327170916,1349.0986328125,253500,0.0,0.0
2019-11-01 00:00:00+09:00,1322.358268644211,1340.4727654749536,1319.7704833826765,1336.1597900390625,109600,0.0,0.0
2019-11-05 00:00:00+09:00,1363.762901569235,1376.7018285290949,1352.5491648706898,1375.8392333984375,212000,0.0,0.0
2019-11-06 00:00:00+09:00,1376.701728570114,1392.228439794589,1365.487992685771,1391.3658447265625,237500,0.0,0.0
2019-11-07 00:00:00+09:00,1388.7781603582976,1402.5796824488148,1381.0148041823816,1400.8544921875,183000,0.0,0.0
2019-11-08 00:00:00+09:00,1417.2437152781088,1425.869666071037,1408.6177644851807,1413.7933349609375,407400,0.0,0.0
2019-11-11 00:00:00+09:00,1425.8694009676847,1425.8694009676847,1408.6175025893704,1423.2816162109375,384600,0.0,0.0
2019-11-12 00:00:00+09:00,1405.1674887207625,1416.3812255859375,1392.2285615686376,1416.3812255859375,363500,0.0,0.0
2019-11-13 00:00:00+09:00,1407.755138328853,1476.7627431488947,1402.57956796735,1443.984130859375,589200,0.0,0.0
2019-11-14 00:00:00+09:00,1442.2590376735086,1470.7246765749594,1408.617828062703,1460.37353515625,525100,0.0,0.0
2019-11-15 00:00:00+09:00,1475.0374690792928,1500.9153194140172,1465.5489239565604,1488.8389892578125,340400,0.0,0.0
2019-11-18 00:00:00+09:00,1473.312357691154,1494.0146390638633,1457.785646661622,1482.8009033203125,301100,0.0,0.0
2019-11-19 00:00:00+09:00,1468.9993204318191,1470.7245104734302,1436.220709641209,1454.335205078125,289800,0.0,0.0
2019-11-20 00:00:00+09:00,1437.0833906860719,1442.2589611207156,1425.869654744344,1434.49560546875,260000,0.0,0.0
2019-11-21 00:00:00+09:00,1427.5948949073506,1431.0452753180027,1399.991851622133,1426.7322998046875,231300,0.0,0.0
2019-11-22 00:00:00+09:00,1426.73225355811,1440.5337747533517,1418.9688978857864,1427.5948486328125,262400,0.0,0.0
2019-11-25 00:00:00+09:00,1440.53369140625,1452.6100217533683,1435.3581212574852,1440.53369140625,148500,0.0,0.0
2019-11-26 00:00:00+09:00,1455.1978987669931,1457.7856840048717,1413.7933349609375,1413.7933349609375,237500,0.0,0.0
2019-11-27 00:00:00+09:00,1418.1062604293083,1422.419235673923,1406.89252479331,1421.556640625,236800,0.0,0.0
2019-11-28 00:00:00+09:00,1416.3811369431924,1419.8315173011538,1403.4422106008367,1411.20556640625,163700,0.0,0.0
2019-11-29 00:00:00+09:00,1412.930908203125,1418.1064792954442,1405.1675515646464,1412.930908203125,169900,0.0,0.0
2019-12-02 00:00:00+09:00,1416.3810307120136,1441.3962864310442,1414.6558406624251,1440.53369140625,193800,0.0,0.0
2019-12-03 00:00:00+09:00,1410.3430428084632,1418.968994140625,1400.8544963430852,1418.968994140625,260600,0.0,0.0
2019-12-04 00:00:00+09:00,1404.3048056903272,1411.20556640625,1395.6788547954234,1411.20556640625,184200,0.0,0.0
2019-12-05 00:00:00+09:00,1418.1062604293083,1424.144425771769,1407.7551198422332,1421.556640625,169600,0.0,0.0
2019-12-06 00:00:00+09:00,1419.831538983383,1437.0834410366442,1415.5185634700679,1426.7322998046875,122400,0.0,0.0
2019-12-09 00:00:00+09:00,1449.1597605035756,1456.9231163634163,1438.8086193571214,1447.4345703125,137900,0.0,0.0
2019-12-10 00:00:00+09:00,1466.4115855717985,1471.5871558738168,1444.8467093133897,1446.5718994140625,271300,0.0,0.0
2019-12-11 00:00:00+09:00,1450.0222630092076,1455.1978332519532,1439.6711225237166,1449.15966796875,180700,0.0,0.0
2019-12-12 00:00:00+09:00,1459.5108419438843,1464.6864123053874,1442.258940738874,1443.984130859375,177400,0.0,0.0
2019-12-13 00:00:00+09:00,1489.7017219840707,1491.4269121658704,1459.5108938025753,1461.236083984375,356600,0.0,0.0
2019-12-16 00:00:00+09:00,1465.5491100096208,1470.72468073361,1448.2972075963232,1453.4727783203125,130800,0.0,0.0
2019-12-17 00:00:00+09:00,1457.7856816767508,1457.7856816767508,1436.2208047288698,1445.7093505859375,206100,0.0,0.0
2019-12-18 00:00:00+09:00,1442.2590204615328,1442.2590204615328,1424.1445231949704,1437.946044921875,293700,0.0,0.0
2019-12-19 00:00:00+09:00,1426.732308518765,1443.1216155694642,1424.1445231949704,1437.946044921875,114000,0.0,0.0
2019-12-20 00:00:00+09:00,1436.2207623682314,1450.022283207806,1432.7703821583377,1439.671142578125,186900,0.0,0.0
2019-12-23 00:00:00+09:00,1449.1597385636296,1449.1597385636296,1430.1826467491057,1431.9078369140625,122500,0.0,0.0
2019-12-24 00:00:00+09:00,1431.9078536370323,1437.9460192848992,1425.8696879891652,1429.320068359375,95500,0.0,0.0
2019-12-25 00:00:00+09:00,1431.9077180950173,1431.9077180950173,1413.7932228661045,1425.0069580078125,93800,0.0,0.0
2019-12-26 00:00:00+09:00,1420.6941427632441,1440.5338302456696,1418.9689525473811,1437.946044921875,183500,0.0,0.0
2019-12-27 00:00:00+09:00,1451.7475123462089,1458.6482729515383,1445.7093468165453,1452.610107421875,117300,0.0,0.0
2019-12-30 00:00:00+09:00,1445.709298396456,1445.709298396456,1425.0070172738338,1428.4573974609375,109900,0.0,0.0
2020-01-06 00:00:00+09:00,1381.8774370086858,1389.640793396375,1369.8011048500582,1388.7781982421875,220700,0.0,0.0
2020-01-07 00:00:00+09:00,1399.1292557091347,1407.7552067307693,1391.3658997896634,1401.717041015625,177500,0.0,0.0
2020-01-08 00:00:00+09:00,1379.2894988298567,1379.2894988298567,1352.5490520107664,1362.03759765625,254500,0.0,0.0
2020-01-09 00:00:00+09:00,1383.6023084262354,1394.8160428461485,1373.2511689617,1387.915283203125,144500,0.0,0.0
2020-01-10 00:00:00+09:00,1391.3656765206301,1399.1290311943346,1387.052701701905,1392.228271484375,122500,0.0,0.0
2020-01-14 00:00:00+09:00,1392.2283873477224,1395.6787674898483,1364.6253462107168,1374.1138916015625,156700,0.0,0.0
2020-01-15 00:00:00+09:00,1365.4880960292612,1374.1140473623582,1358.5873349627836,1368.9384765625,186900,0.0,0.0
2020-01-16 00:00:00+09:00,1367.2131216314774,1368.075716660898,1360.3123613961136,1362.900146484375,94000,0.0,0.0
2020-01-17 00:00:00+09:00,1380.1521753981885,1384.4651509463079,1371.52622430195,1381.0147705078125,110400,0.0,0.0
2020-01-20 00:00:00+09:00,1389.640562339759,1397.4039174366294,1388.7779673289958,1393.0909423828125,102800,0.0,0.0
2020-01-21 00:00:00+09:00,1395.678651339355,1401.7168160855697,1387.9152966656502,1392.228271484375,112800,0.0,0.0
2020-01-22 00:00:00+09:00,1394.8162762559562,1417.2437488488165,1391.3658958570547,1408.6177978515625,171400,0.0,0.0
2020-01-23 00:00:00+09:00,1407.7552532327586,1415.5186094086746,1399.9918970568428,1400.8544921875,173800,0.0,0.0
2020-01-24 00:00:00+09:00,1410.3429193779975,1410.3429193779975,1390.503233050356,1393.95361328125,151400,0.0,0.0
2020-01-27 00:00:00+09:00,1432.770512021821,1432.770512021821,1398.266706795528,1400.8544921875,410800,0.0,0.0
2020-01-28 00:00:00+09:00,1366.3505786132812,1386.190265045166,1355.136842803955,1380.152099609375,293700,0.0,0.0
2020-01-29 00:00:00+09:00,1384.4651847050109,1405.1674678407867,1382.739994443696,1400.8544921875,207300,0.0,0.0
2020-01-30 00:00:00+09:00,1406.0299514770506,1415.5184971618653,1376.7017193603515,1380.152099609375,272000,0.0,0.0
2020-01-31 00:00:00+09:00,1387.9154977946826,1401.717019214642,1381.0147370847028,1386.1903076171875,157200,0.0,0.0
2020-02-03 00:00:00+09:00,1359.4498510037643,1387.9154887468633,1356.8620657543916,1374.9765625,170500,0.0,0.0
2020-02-04 00:00:00+09:00,1367.213092059912,1393.953537393576,1362.0375219953319,1393.0909423828125,99500,0.0,0.0
2020-02-05 00:00:00+09:00,1411.2054509669174,1416.381021080488,1396.541335645134,1397.4039306640625,158200,0.0,0.0
2020-02-06 00:00:00+09:00,1425.8697134108336,1450.884971540848,1418.1063574394495,1437.946044921875,182900,0.0,0.0
2020-02-07 00:00:00+09:00,1441.3962300004946,1444.846609964589,1418.9687602338802,1430.1824951171875,105900,0.0,0.0
2020-02-10 00:00:00+09:00,1398.2666566548578,1425.007104746345,1397.4040615551323,1408.6177978515625,147200,0.0,0.0
2020-02-12 00:00:00+09:00,1423.2819095734626,1428.4574801537299,1389.6407008017263,1390.5032958984375,197400,0.0,0.0
2020-02-13 00:00:00+09:00,1392.2285069329228,1404.304838467657,1379.2895802885648,1381.0147705078125,138900,0.0,0.0
2020-02-14 00:00:00+09:00,1375.8390617846253,1384.46501201525,1365.4879215078759,1383.6024169921875,241000,0.0,0.0
2020-02-17 00:00:00+09:00,1366.350691162571,1376.7018327622873,1355.9995495628543,1368.9384765625,146200,0.0,0.0
2020-02-18 00:00:00+09:00,1355.9995198776912,1355.9995198776912,1331.8468566737629,1342.197998046875,131500,0.0,0.0
2020-02-19 00:00:00+09:00,1353.4116449565272,1355.1368350711946,1327.533793236517,1337.0223388671875,172600,0.0,0.0
2020-02-20 00:00:00+09:00,1347.3734963336296,1356.862042082458,1329.258999904048,1334.4345703125,148400,0.0,0.0
2020-02-21 00:00:00+09:00,1335.297069748013,1355.1367548928479,1330.9840947165271,1343.0604248046875,164400,0.0,0.0
2020-02-25 00:00:00+09:00,1285.2665553870095,1301.6558604557029,1277.5032003544704,1286.129150390625,283400,0.0,0.0
2020-02-26 00:00:00+09:00,1276.6407644162932,1302.518617749056,1268.0148133053722,1299.0682373046875,242000,0.0,0.0
2020-02-27 00:00:00+09:00,1299.068189566771,1299.9307846461645,1268.8773617879947,1274.91552734375,245600,0.0,0.0
2020-02-28 00:00:00+09:00,1232.6483487137923,1249.037654959812,1213.6712572710328,1227.4727783203125,219600,0.0,0.0
2020-03-02 00:00:00+09:00,1224.8850314971967,1254.2132646457212,1211.9461051081419,1240.4117431640625,216400,0.0,0.0
2020-03-03 00:00:00+09:00,1251.6255389063053,1257.6637048417597,1218.846923828125,1218.846923828125,256700,0.0,0.0
2020-03-04 00:00:00+09:00,1199.0070638589925,1247.3123844173404,1198.144468849022,1233.5108642578125,400500,0.0,0.0
2020-03-05 00:00:00+09:00,1249.0376940900992,1259.388835201343,1233.5109824232334,1240.4117431640625,309000,0.0,0.0
2020-03-06 00:00:00+09:00,1207.6331403711642,1213.67130607302,1177.4423118618852,1194.6942138671875,276700,0.0,0.0
2020-03-09 00:00:00+09:00,1152.4270471920463,1158.465212858472,1111.0224826222723,1126.5491943359375,306800,0.0,0.0
2020-03-10 00:00:00+09:00,1104.9843334042832,1129.1369964295136,1060.9919828940426,1123.96142578125,376600,0.0,0.0
2020-03-11 00:00:00+09:00,1117.0604519314236,1156.7398193359375,1117.0604519314236,1125.6864013671875,308500,0.0,0.0
2020-03-12 00:00:00+09:00,1100.6712884409806,1103.259073601892,1073.0682467245922,1084.281982421875,379500,0.0,0.0
2020-03-13 00:00:00+09:00,1032.5261855657022,1050.6406800493112,993.7094116722549,1029.0758056640625,547100,0.0,0.0
2020-03-16 00:00:00+09:00,1046.327941947193,1046.327941947193,998.0226123931594,999.747802734375,294800,0.0,0.0
2020-03-17 00:00:00+09:00,973.8697788381739,1028.2132651683821,939.3659779935973,1010.9613647460938,494600,0.0,0.0
2020-03-18 00:00:00+09:00,1023.90029006281,1051.5033307384713,1006.6483896405216,1010.9613647460938,431000,0.0,0.0
2020-03-19 00:00:00+09:00,1015.2744087826421,1059.266757846291,995.4347219500162,997.159912109375,359200,0.0,0.0
2020-03-23 00:00:00+09:00,978.1826804639131,1018.7246434108301,959.2055914249306,1010.0986938476562,407200,0.0,0.0
2020-03-24 00:00:00+09:00,1030.8011294014846,1097.2209511286096,1030.8011294014846,1090.3201904296875,512200,0.0,0.0
2020-03-25 00:00:00+09:00,1069.618042938469,1146.3890153751818,1063.5798765670422,1112.747802734375,750600,0.0,0.0
2020-03-26 00:00:00+09:00,1110.159845576826,1127.411746828991,1074.7934480098875,1120.510986328125,345800,0.0,0.0
2020-03-27 00:00:00+09:00,1161.0529358502731,1247.3124407425669,1149.839200214275,1243.862060546875,543400,0.0,0.0
2020-03-30 00:00:00+09:00,1228.0727367305276,1241.2306589097832,1159.6515413983982,1221.932373046875,309800,24.0,0.0
2020-03-31 00:00:00+09:00,1235.0903150444117,1247.3710426087737,1166.6691186143944,1185.0902099609375,389400,0.0,0.0
2020-04-01 00:00:00+09:00,1165.791717000646,1176.3180530457985,1102.6337007297307,1114.0372314453125,205200,0.0,0.0
2020-04-02 00:00:00+09:00,1081.5811315465855,1105.2653899016204,1061.4056522071116,1065.7916259765625,206500,0.0,0.0
2020-04-03 00:00:00+09:00,1146.4933549879445,1172.8091932814702,1073.686202375856,1088.5985107421875,156200,0.0,0.0
2020-04-06 00:00:00+09:00,1087.721682708575,1146.4937413710545,1070.1777846003722,1134.2130126953125,185900,0.0,0.0
2020-04-07 00:00:00+09:00,1159.651354211157,1172.8092742665028,1122.8091780561883,1155.265380859375,249000,0.0,0.0
2020-04-08 00:00:00+09:00,1166.6687964237096,1171.931963926373,1147.3705155806108,1157.8968505859375,328900,0.0,0.0
2020-04-09 00:00:00+09:00,1157.896959660171,1157.896959660171,1134.212703667122,1153.510986328125,158800,0.0,0.0
2020-04-10 00:00:00+09:00,1164.037265788975,1177.1951851460472,1127.1950915891732,1175.4407958984375,156900,0.0,0.0
2020-04-13 00:00:00+09:00,1167.5461912374892,1167.5461912374892,1138.5987650084605,1142.1075439453125,75600,0.0,0.0
2020-04-14 00:00:00+09:00,1148.2477684491946,1151.7565469624083,1127.1950973699122,1136.84423828125,159900,0.0,0.0
2020-04-15 00:00:00+09:00,1130.7040155783118,1137.721573471738,1092.1074471644672,1100.87939453125,330800,0.0,0.0
2020-04-16 00:00:00+09:00,1078.9494218455714,1107.8968453585014,1072.8090592822227,1106.1424560546875,247500,0.0,0.0
2020-04-17 00:00:00+09:00,1117.5460889084718,1146.4935150732908,1100.002194263127,1141.2303466796875,237000,0.0,0.0
2020-04-20 00:00:00+09:00,1140.3533770331835,1163.1604445738471,1117.5463094925199,1134.2130126953125,97800,0.0,0.0
2020-04-21 00:00:00+09:00,1114.9144493264084,1127.195174968084,1112.2828652603353,1121.9320068359375,112500,0.0,0.0
2020-04-22 00:00:00+09:00,1105.2652975643382,1128.949553940717,1103.510908203125,1118.4232177734375,149600,0.0,0.0
2020-04-23 00:00:00+09:00,1137.7214848944482,1158.7741569356715,1134.2127062209108,1154.38818359375,157400,0.0,0.0
2020-04-24 00:00:00+09:00,1158.7743068945165,1169.3006442773585,1151.7567486392886,1164.0374755859375,166500,0.0,0.0
2020-04-27 00:00:00+09:00,1180.703989981192,1191.230325701678,1177.1952114076967,1184.2127685546875,192100,0.0,0.0
2020-04-28 00:00:00+09:00,1193.8621434094737,1198.2481174851882,1176.318247106616,1179.8270263671875,151400,0.0,0.0
2020-04-30 00:00:00+09:00,1210.5287608778012,1219.3007084203941,1192.9848657926157,1193.862060546875,185800,0.0,0.0
2020-05-01 00:00:00+09:00,1173.6865613307234,1194.739235076566,1169.3005876336729,1186.844482421875,184800,0.0,0.0
2020-05-07 00:00:00+09:00,1182.4586400233743,1193.8621729019378,1178.0726658393112,1190.3533935546875,188100,0.0,0.0
2020-05-08 00:00:00+09:00,1214.9145822381665,1232.4584751224722,1209.6514143728748,1225.44091796875,192500,0.0,0.0
2020-05-11 00:00:00+09:00,1240.353183888019,1259.6514653912272,1234.2128215915436,1251.7567138671875,132200,0.0,0.0
2020-05-12 00:00:00+09:00,1264.037430409635,1270.1777926670031,1243.86195442114,1249.1251220703125,96200,0.0,0.0
2020-05-13 00:00:00+09:00,1229.8270083484929,1267.5463816430613,1227.1954241651508,1265.7919921875,117700,0.0,0.0
2020-05-14 00:00:00+09:00,1244.7392001414862,1266.6690662468682,1225.44091796875,1225.44091796875,57200,0.0,0.0
2020-05-15 00:00:00+09:00,1242.9848529143444,1249.1252156316348,1215.7918180234872,1239.47607421875,91100,0.0,0.0
2020-05-18 00:00:00+09:00,1260.5287463923169,1260.5287463923169,1230.7041274797639,1239.47607421875,83600,0.0,0.0
2020-05-19 00:00:00+09:00,1271.0550194530435,1278.0725764962624,1254.3883214753982,1259.6514892578125,113800,0.0,0.0
2020-05-20 00:00:00+09:00,1272.8094404020362,1280.7041922722074,1263.1602992273827,1270.1778564453125,133200,0.0,0.0
2020-05-21 00:00:00+09:00,1274.5638375574765,1282.4585894762772,1264.914696323387,1272.8094482421875,78800,0.0,0.0
2020-05-22 00:00:00+09:00,1271.0552457921644,1275.4412197251947,1239.4762334743468,1252.6341552734375,81800,0.0,0.0
2020-05-25 00:00:00+09:00,1271.054953088806,1278.9497043502272,1250.879477642952,1278.072509765625,59100,0.0,0.0
2020-05-26 00:00:00+09:00,1300.0024805470316,1319.300762984302,1285.9673660471985,1313.160400390625,128300,0.0,0.0
2020-05-27 00:00:00+09:00,1328.0727616312006,1335.9675138469738,1310.528867818371,1330.704345703125,136000,0.0,0.0
2020-05-28 00:00:00+09:00,1338.5991801364194,1339.4763748809387,1296.493832399494,1316.6693115234375,218800,0.0,0.0
2020-05-29 00:00:00+09:00,1314.9149169921875,1326.3184486272098,1307.0201643217874,1314.9149169921875,216200,0.0,0.0
2020-06-01 00:00:00+09:00,1305.2655852214868,1307.897169062659,1277.195357582315,1292.107666015625,150300,0.0,0.0
2020-06-02 00:00:00+09:00,1280.704193013169,1319.3007577341139,1278.9498037076714,1311.406005859375,163800,0.0,0.0
2020-06-03 00:00:00+09:00,1343.8624880764764,1343.8624880764764,1312.2834739963505,1321.9326171875,152900,0.0,0.0
2020-06-04 00:00:00+09:00,1355.265807503544,1355.265807503544,1323.6867983966654,1334.213134765625,117900,0.0,0.0
2020-06-05 00:00:00+09:00,1344.739496850251,1344.739496850251,1322.8096289955504,1342.985107421875,134600,0.0,0.0
2020-06-08 00:00:00+09:00,1363.1606038940588,1368.4237722488622,1337.721956845843,1349.12548828125,116200,0.0,0.0
2020-06-09 00:00:00+09:00,1359.6516913820587,1360.5288860216601,1321.0551272396003,1345.6165771484375,104200,0.0,0.0
2020-06-10 00:00:00+09:00,1332.4585069943162,1349.1252032635011,1325.440950670449,1335.96728515625,140100,0.0,0.0
2020-06-11 00:00:00+09:00,1324.5640809736976,1324.5640809736976,1273.686785148218,1279.8271484375,151400,0.0,0.0
2020-06-12 00:00:00+09:00,1232.4585424169886,1256.1427991040055,1207.0198963457483,1248.248046875,185900,0.0,0.0
2020-06-15 00:00:00+09:00,1241.2303894263312,1252.6339195058663,1214.91455078125,1214.91455078125,111300,0.0,0.0
2020-06-16 00:00:00+09:00,1244.7393484213917,1279.8271383698452,1231.5814271907216,1276.318359375,137400,0.0,0.0
2020-06-17 00:00:00+09:00,1281.5814208984375,1300.002509083836,1269.300695441505,1281.5814208984375,163600,0.0,0.0
2020-06-18 00:00:00+09:00,1276.3183543342438,1280.7043280604785,1250.8797067220837,1274.56396484375,115500,0.0,0.0
2020-06-19 00:00:00+09:00,1285.0901335394815,1285.0901335394815,1252.6339322145936,1259.6514892578125,149000,0.0,0.0
2020-06-22 00:00:00+09:00,1257.897239637474,1276.318328920868,1254.3884607263515,1265.7919921875,64600,0.0,0.0
2020-06-23 00:00:00+09:00,1271.0550847924956,1297.3709250573504,1266.6691114150196,1281.5814208984375,114500,0.0,0.0
2020-06-24 00:00:00+09:00,1277.195518520125,1279.8271026928999,1259.6516240349583,1264.03759765625,108200,0.0,0.0
2020-06-25 00:00:00+09:00,1254.3885021358412,1254.3885021358412,1232.4586332173824,1237.7218017578125,111300,0.0,0.0
2020-06-26 00:00:00+09:00,1249.1255144817073,1260.5290479706555,1249.1255144817073,1258.774658203125,124500,0.0,0.0
2020-06-29 00:00:00+09:00,1246.4937289965978,1247.3709237390303,1228.072639405515,1230.7042236328125,151900,0.0,0.0
2020-06-30 00:00:00+09:00,1263.160243846356,1275.4409684393067,1250.8795192534053,1251.7567138671875,197800,0.0,0.0
2020-07-01 00:00:00+09:00,1260.528908352892,1271.0552457921644,1248.2481813404072,1252.6341552734375,174900,0.0,0.0
2020-07-02 00:00:00+09:00,1252.6341126223645,1252.6341126223645,1232.4586332173824,1237.7218017578125,258700,0.0,0.0
2020-07-03 00:00:00+09:00,1262.283297926104,1262.283297926104,1238.5990386877406,1252.6341552734375,114800,0.0,0.0
2020-07-06 00:00:00+09:00,1243.8620270868307,1273.6866455078125,1243.8620270868307,1273.6866455078125,111500,0.0,0.0
2020-07-07 00:00:00+09:00,1271.9323552819646,1271.9323552819646,1251.7568765430094,1265.7919921875,96200,0.0,0.0
2020-07-08 00:00:00+09:00,1261.4059463339222,1276.3182558524734,1241.23046875,1241.23046875,84200,0.0,0.0
2020-07-09 00:00:00+09:00,1239.476117754316,1264.9147641908871,1233.3357548213505,1254.388427734375,116800,0.0,0.0
2020-07-10 00:00:00+09:00,1264.0373619793993,1272.8093075864736,1226.31799586898,1227.1951904296875,226900,0.0,0.0
2020-07-13 00:00:00+09:00,1253.511446586422,1288.5992407525919,1239.4763289199539,1287.7220458984375,155200,0.0,0.0
2020-07-14 00:00:00+09:00,1291.230528846154,1326.3183149561037,1285.9673609296615,1311.406005859375,248300,0.0,0.0
2020-07-15 00:00:00+09:00,1328.072838109521,1342.10795396801,1297.3710221690762,1314.9149169921875,143800,0.0,0.0
2020-07-16 00:00:00+09:00,1321.055264901572,1321.055264901572,1300.8797860883342,1309.6517333984375,116100,0.0,0.0
2020-07-17 00:00:00+09:00,1315.7919313589625,1316.6691259798686,1283.3357303854414,1295.616455078125,96500,0.0,0.0
2020-07-20 00:00:00+09:00,1293.8622080998791,1302.6341552734375,1277.1955084701178,1302.6341552734375,82100,0.0,0.0
2020-07-21 00:00:00+09:00,1300.0025558007417,1302.6341399217956,1276.3182987112543,1297.3709716796875,126800,0.0,0.0
2020-07-22 00:00:00+09:00,1307.897219415005,1328.0726963073894,1298.2480782925604,1308.7744140625,138800,0.0,0.0
2020-07-27 00:00:00+09:00,1295.6164943500755,1314.0375819474698,1278.072601400176,1308.7744140625,157500,0.0,0.0
2020-07-28 00:00:00+09:00,1307.8973337843404,1328.9500071651748,1300.0025812665274,1306.1429443359375,176400,0.0,0.0
2020-07-29 00:00:00+09:00,1289.4760953621872,1306.142793193399,1281.5813437579288,1296.49365234375,107100,0.0,0.0
2020-07-30 00:00:00+09:00,1289.4761493777442,1292.9849280155067,1271.9322561889312,1273.6866455078125,110600,0.0,0.0
2020-07-31 00:00:00+09:00,1273.6866315569198,1273.6866315569198,1224.5637311662947,1228.072509765625,120500,0.0,0.0
2020-08-03 00:00:00+09:00,1236.8446491145287,1261.4061031394979,1236.8446491145287,1252.6341552734375,80100,0.0,0.0
2020-08-04 00:00:00+09:00,1254.388393548017,1290.353375460932,1254.388393548017,1284.2130126953125,112500,0.0,0.0
2020-08-05 00:00:00+09:00,1287.721829902489,1300.8797505077596,1266.669156934056,1297.3709716796875,105700,0.0,0.0
2020-08-06 00:00:00+09:00,1286.844511494101,1302.6340147026176,1284.212927626015,1296.49365234375,81900,0.0,0.0
2020-08-07 00:00:00+09:00,1295.6164257679272,1301.756787975358,1284.212895954127,1285.96728515625,128600,0.0,0.0
2020-08-11 00:00:00+09:00,1297.3709474587488,1331.5815403937665,1297.3709474587488,1330.704345703125,151500,0.0,0.0
2020-08-12 00:00:00+09:00,1357.019986695881,1394.7393528419204,1301.7567293191257,1385.9674072265625,324000,0.0,0.0
2020-08-13 00:00:00+09:00,1407.897473826912,1456.143181652756,1400.0027216372282,1412.283447265625,230700,0.0,0.0
2020-08-14 00:00:00+09:00,1391.2308868290677,1392.108081587472,1360.5290702849206,1366.66943359375,163600,0.0,0.0
2020-08-17 00:00:00+09:00,1352.6343243311323,1352.6343243311323,1326.3184814453125,1326.3184814453125,142300,0.0,0.0
2020-08-18 00:00:00+09:00,1322.8095035690196,1346.493758606396,1317.546335782936,1341.2305908203125,126600,0.0,0.0
2020-08-19 00:00:00+09:00,1334.212896075283,1339.4760633181836,1327.1953397514158,1335.96728515625,56300,0.0,0.0
2020-08-20 00:00:00+09:00,1315.791986972213,1326.3183228679907,1311.4060136823057,1314.03759765625,60800,0.0,0.0
2020-08-21 00:00:00+09:00,1325.4412538860543,1332.4588118152988,1314.9149169921875,1314.9149169921875,53900,0.0,0.0
2020-08-24 00:00:00+09:00,1314.9149668168047,1334.2132518534756,1302.6342399752868,1332.4588623046875,143700,0.0,0.0
2020-08-25 00:00:00+09:00,1359.651611328125,1368.4235572076614,1357.0200275642642,1359.651611328125,129700,0.0,0.0
2020-08-26 00:00:00+09:00,1351.7569788125656,1359.6517307978434,1335.0902801769791,1358.7745361328125,137600,0.0,0.0
2020-08-27 00:00:00+09:00,1366.6692855006966,1368.4236748273984,1355.265754877135,1357.8973388671875,69100,0.0,0.0
2020-08-28 00:00:00+09:00,1359.651720361802,1384.2131707941444,1340.3534378792476,1355.2657470703125,176300,0.0,0.0
2020-08-31 00:00:00+09:00,1360.5288059160787,1377.1955030871975,1356.1428329763105,1359.651611328125,106100,0.0,0.0
2020-09-01 00:00:00+09:00,1354.3886309718587,1354.3886309718587,1323.6868161506054,1340.353515625,100800,0.0,0.0
2020-09-02 00:00:00+09:00,1343.862161471149,1343.862161471149,1313.160349688192,1336.8446044921875,141900,0.0,0.0
2020-09-03 00:00:00+09:00,1357.020080806702,1357.8972754290724,1333.3358260027067,1336.8446044921875,123600,0.0,0.0
2020-09-04 00:00:00+09:00,1324.5637561299654,1336.8444796967333,1316.6690052656147,1335.96728515625,119300,0.0,0.0
2020-09-07 00:00:00+09:00,1339.4763412475586,1363.1605987548828,1335.9675623575847,1347.37109375,133300,0.0,0.0
2020-09-08 00:00:00+09:00,1342.107925415039,1349.125483194987,1324.5640309651694,1347.37109375,152600,0.0,0.0
2020-09-09 00:00:00+09:00,1321.0552066606967,1333.3359323534257,1311.4060650449812,1331.58154296875,207100,0.0,0.0
2020-09-10 00:00:00+09:00,1336.8447970360824,1361.40625,1330.7044337951031,1361.40625,232400,0.0,0.0
2020-09-11 00:00:00+09:00,1378.0728744676587,1427.1957776950228,1364.914953960329,1419.301025390625,375500,0.0,0.0
2020-09-14 00:00:00+09:00,1414.9150518881818,1430.7045564969774,1409.65188368525,1419.301025390625,164000,0.0,0.0
2020-09-15 00:00:00+09:00,1411.4062214303524,1411.4062214303524,1387.721965383976,1401.757080078125,77300,0.0,0.0
2020-09-16 00:00:00+09:00,1392.985104806632,1403.5114406112161,1389.476326205104,1392.10791015625,179400,0.0,0.0
2020-09-17 00:00:00+09:00,1397.3713181745366,1407.02046098679,1389.476564964511,1390.353759765625,197400,0.0,0.0
2020-09-18 00:00:00+09:00,1402.6344094660158,1410.5291622397458,1386.844903918556,1406.1431884765625,383600,0.0,0.0
2020-09-23 00:00:00+09:00,1379.8273310461266,1417.5467050035222,1379.8273310461266,1400.8800048828125,326800,0.0,0.0
2020-09-24 00:00:00+09:00,1392.9851676765306,1410.529061475983,1370.1781057372423,1371.9324951171875,258900,0.0,0.0
2020-09-25 00:00:00+09:00,1390.3535338742051,1407.8974270461194,1388.5991445570137,1396.493896484375,240000,0.0,0.0
2020-09-28 00:00:00+09:00,1401.7570956032769,1414.0378210966724,1386.8447860755825,1407.020263671875,401700,0.0,0.0
2020-09-29 00:00:00+09:00,1421.268619399473,1421.268619399473,1386.5383711810648,1404.3487548828125,251900,24.0,0.0
2020-09-30 00:00:00+09:00,1389.2099021240072,1389.2099021240072,1345.574462890625,1345.574462890625,240300,0.0,0.0
2020-10-02 00:00:00+09:00,1362.494494803174,1362.494494803174,1300.1581453677345,1309.953857421875,203400,0.0,0.0
2020-10-05 00:00:00+09:00,1345.5744544495928,1356.2606843988947,1330.4356286880818,1339.3408203125,146800,0.0,0.0
2020-10-06 00:00:00+09:00,1345.5744874334366,1353.5891600918753,1336.669295590727,1350.9176025390625,127000,0.0,0.0
2020-10-07 00:00:00+09:00,1333.1072509765625,1340.2314046223958,1317.9684244791667,1335.77880859375,142400,0.0,0.0
2020-10-08 00:00:00+09:00,1343.7934161247092,1344.683935287151,1326.8735520383145,1339.3408203125,207600,0.0,0.0
2020-10-09 00:00:00+09:00,1333.9978509157697,1345.5746012908733,1325.0926583195364,1344.68408203125,206200,0.0,0.0
2020-10-12 00:00:00+09:00,1340.2314209635852,1340.2314209635852,1320.639998198669,1334.8883056640625,124900,0.0,0.0
2020-10-13 00:00:00+09:00,1333.9978274927594,1334.8883467367466,1309.953807905106,1325.983154296875,118800,0.0,0.0
2020-10-14 00:00:00+09:00,1296.5958815419551,1309.0631496337046,1285.0191325996161,1286.8001708984375,212800,0.0,0.0
2020-10-15 00:00:00+09:00,1287.690771484375,1290.3623291015624,1262.7562337239583,1268.9898681640625,213200,0.0,0.0
2020-10-16 00:00:00+09:00,1262.7563313113878,1286.8003517242282,1260.9752927622885,1263.6468505859375,164700,0.0,0.0
2020-10-19 00:00:00+09:00,1264.5370221454118,1276.11376953125,1260.0844269970123,1276.11376953125,234500,0.0,0.0
2020-10-20 00:00:00+09:00,1251.1795828306392,1261.8658141430717,1236.0407551380265,1236.9312744140625,260900,0.0,0.0
2020-10-21 00:00:00+09:00,1228.9165431736233,1276.1140625853639,1228.0260239394395,1273.4425048828125,247500,0.0,0.0
2020-10-22 00:00:00+09:00,1254.7413723600005,1266.3181202951885,1243.1646244248122,1245.836181640625,151900,0.0,0.0
2020-10-23 00:00:00+09:00,1252.0698802223342,1258.3035140498991,1230.6974213849687,1242.274169921875,249200,0.0,0.0
2020-10-26 00:00:00+09:00,1247.617192106427,1274.332763671875,1247.617192106427,1274.332763671875,203900,0.0,0.0
2020-10-27 00:00:00+09:00,1262.7561435699463,1262.7561435699463,1241.3836841583252,1253.8509521484375,148100,0.0,0.0
2020-10-28 00:00:00+09:00,1253.8510334996436,1258.3036294992874,1240.4932455007129,1249.3984375,159400,0.0,0.0
2020-10-29 00:00:00+09:00,1233.3689146334993,1251.1792960722503,1230.6973574176868,1245.836181640625,121800,0.0,0.0
2020-10-30 00:00:00+09:00,1251.1793907459837,1251.1793907459837,1195.9672041080826,1200.4197998046875,159700,0.0,0.0
2020-11-02 00:00:00+09:00,1211.1061841388082,1240.493319489235,1211.1061841388082,1225.3544921875,135400,0.0,0.0
2020-11-04 00:00:00+09:00,1239.6028398661354,1252.0701098073177,1229.8071277694921,1243.1649169921875,192000,0.0,0.0
2020-11-05 00:00:00+09:00,1237.8217287990974,1239.6027672578011,1223.5734211294675,1227.135498046875,299100,0.0,0.0
2020-11-06 00:00:00+09:00,1253.8509163533836,1325.9829648083721,1247.6172825362858,1302.8294677734375,550600,0.0,0.0
2020-11-09 00:00:00+09:00,1332.2166578367494,1336.6692536182893,1302.8295256785857,1319.7493896484375,314600,0.0,0.0
2020-11-10 00:00:00+09:00,1346.4649643376772,1349.136521806601,1309.9536789290496,1319.7493896484375,270500,0.0,0.0
2020-11-11 00:00:00+09:00,1355.3702311197917,1359.8228271484375,1330.435693359375,1335.77880859375,239800,0.0,0.0
2020-11-12 00:00:00+09:00,1319.749332329901,1320.6398514475325,1301.9389499772708,1316.187255859375,178900,0.0,0.0
2020-11-13 00:00:00+09:00,1296.5960100994596,1372.290145304442,1285.019260009286,1359.8228759765625,383700,0.0,0.0
2020-11-16 00:00:00+09:00,1431.0643554229164,1479.1523922572894,1423.0496826171875,1423.0496826171875,551400,0.0,0.0
2020-11-17 00:00:00+09:00,1415.9255290120952,1442.6411050311913,1397.2246257987279,1423.0496826171875,417500,0.0,0.0
2020-11-18 00:00:00+09:00,1412.363492797544,1424.8307619647355,1399.8962236303526,1414.14453125,165800,0.0,0.0
2020-11-19 00:00:00+09:00,1416.816048434647,1486.2765460951764,1416.816048434647,1463.123046875,438500,0.0,0.0
2020-11-20 00:00:00+09:00,1463.123087173618,1480.9334716796875,1454.2178949205831,1480.9334716796875,209300,0.0,0.0
2020-11-24 00:00:00+09:00,1540.5980386287233,1564.642054260501,1527.2402521666245,1539.70751953125,406700,0.0,0.0
2020-11-25 00:00:00+09:00,1557.5181999206543,1557.5181999206543,1508.5396401747219,1510.3206787109375,262300,0.0,0.0
2020-11-26 00:00:00+09:00,1499.6343901985338,1537.0361980300886,1488.948159389518,1533.47412109375,249100,0.0,0.0
2020-11-27 00:00:00+09:00,1515.6637364120572,1549.5034673072735,1511.211140241634,1533.47412109375,311700,0.0,0.0
2020-11-30 00:00:00+09:00,1533.4739370311556,1540.598090048722,1472.9186363818417,1476.480712890625,411400,0.0,0.0
2020-12-01 00:00:00+09:00,1485.386113393822,1557.518172857191,1477.3714401201144,1545.0509033203125,444900,0.0,0.0
2020-12-02 00:00:00+09:00,1550.393756057411,1551.2842751591097,1513.882472887765,1532.5833740234375,383600,0.0,0.0
2020-12-03 00:00:00+09:00,1510.3205890689,1535.255127095981,1504.9774737773826,1521.8973388671875,184500,0.0,0.0
2020-12-04 00:00:00+09:00,1504.0869863689568,1533.47412109375,1498.7438709644491,1533.47412109375,186200,0.0,0.0
2020-12-07 00:00:00+09:00,1552.1749093802418,1552.1749093802418,1512.9920659994439,1526.349853515625,163600,0.0,0.0
2020-12-08 00:00:00+09:00,1516.5540857861613,1537.0360258760509,1506.7583753083882,1522.7877197265625,136100,0.0,0.0
2020-12-09 00:00:00+09:00,1529.911899352538,1554.846435546875,1523.6782653039538,1554.846435546875,138000,0.0,0.0
2020-12-10 00:00:00+09:00,1557.518003009105,1611.8396714959863,1551.2843689204465,1587.795654296875,340500,0.0,0.0
2020-12-11 00:00:00+09:00,1575.3284100142246,1593.1387933948263,1554.8464691265324,1579.781005859375,205200,0.0,0.0
2020-12-14 00:00:00+09:00,1637.6647300119964,1659.9277089409252,1626.9785001261107,1641.226806640625,349400,0.0,0.0
2020-12-15 00:00:00+09:00,1625.1975912576193,1635.8838219946558,1604.7156490116329,1620.7449951171875,204300,0.0,0.0
2020-12-16 00:00:00+09:00,1636.7743412227421,1644.7890142755193,1596.7009759588557,1620.7449951171875,267900,0.0,0.0
2020-12-17 00:00:00+09:00,1616.2923418581152,1619.8544186445793,1577.1094972070093,1590.46728515625,320300,0.0,0.0
2020-12-18 00:00:00+09:00,1586.9049258497616,1605.605825649338,1576.2186973928608,1599.3721923828125,330800,0.0,0.0
2020-12-21 00:00:00+09:00,1594.0292729902028,1607.3870601940314,1576.218890051765,1602.0439453125,174100,0.0,0.0
2020-12-22 00:00:00+09:00,1574.4377076598419,1577.9997839215157,1541.4885022393587,1549.503173828125,140200,0.0,0.0
2020-12-23 00:00:00+09:00,1553.06557659402,1559.2992113624593,1532.583633783434,1545.0509033203125,80100,0.0,0.0
2020-12-24 00:00:00+09:00,1550.3937550220096,1595.8102291783118,1546.8316786175935,1593.138671875,176300,0.0,0.0
2020-12-25 00:00:00+09:00,1593.138786133356,1605.606054442952,1587.7956711435293,1600.262939453125,86300,0.0,0.0
2020-12-28 00:00:00+09:00,1602.9345053526883,1617.1828120669345,1593.1387944866442,1606.49658203125,146000,0.0,0.0
2020-12-29 00:00:00+09:00,1610.9491053509817,1620.7448157760014,1597.5913184077729,1617.1827392578125,122600,0.0,0.0
2020-12-30 00:00:00+09:00,1620.7449379793345,1620.7449379793345,1588.6862468984245,1603.8250732421875,123000,0.0,0.0
2021-01-04 00:00:00+09:00,1600.262830516085,1600.262830516085,1561.079989924706,1572.65673828125,145400,0.0,0.0
2021-01-05 00:00:00+09:00,1558.4084968696793,1573.5473222678418,1548.612786317927,1569.0947265625,125200,0.0,0.0
2021-01-06 00:00:00+09:00,1558.408464704241,1572.6567706672513,1553.065349968112,1570.875732421875,105800,0.0,0.0
2021-01-07 00:00:00+09:00,1597.5914469355653,1612.730273355802,1587.7957357224711,1596.700927734375,180000,0.0,0.0
2021-01-08 00:00:00+09:00,1561.0800796311955,1610.9491523404636,1557.518003009105,1587.795654296875,312800,0.0,0.0
2021-01-12 00:00:00+09:00,1588.6861839024182,1635.8836994555732,1586.9051455796578,1634.1026611328125,201200,0.0,0.0
2021-01-13 00:00:00+09:00,1634.1027506421815,1640.336385113296,1622.5260009101116,1635.8837890625,128000,0.0,0.0
2021-01-14 00:00:00+09:00,1631.4310401496764,1665.270766965008,1624.3068871359224,1651.0224609375,224800,0.0,0.0
2021-01-15 00:00:00+09:00,1649.2414600993607,1653.6940558339702,1602.0439453125,1602.0439453125,184200,0.0,0.0
2021-01-18 00:00:00+09:00,1586.9051343822912,1586.9051343822912,1566.4231938150674,1574.4378662109375,139700,0.0,0.0
2021-01-19 00:00:00+09:00,1580.6714667078436,1580.6714667078436,1551.2843352141203,1562.861083984375,155300,0.0,0.0
2021-01-20 00:00:00+09:00,1571.7662134485047,1594.029190976104,1558.4084269319453,1593.138671875,185200,0.0,0.0
2021-01-21 00:00:00+09:00,1602.9345053526883,1615.4017737276538,1585.1241219598808,1606.49658203125,243300,0.0,0.0
2021-01-22 00:00:00+09:00,1588.6861812279928,1610.0586410651408,1575.3283938297755,1580.6715087890625,149200,0.0,0.0
2021-01-25 00:00:00+09:00,1587.7955268868313,1610.0585039884413,1576.218778793994,1608.2774658203125,98800,0.0,0.0
2021-01-26 00:00:00+09:00,1601.153283898305,1605.605879237288,1575.3282309322033,1576.21875,134600,0.0,0.0
2021-01-27 00:00:00+09:00,1572.6570542681911,1593.1389977835754,1571.7665349849137,1588.6864013671875,94100,0.0,0.0
2021-01-28 00:00:00+09:00,1569.0946954102112,1595.8102691118606,1565.5326189166578,1584.2335205078125,237300,0.0,0.0
2021-01-29 00:00:00+09:00,1573.5474693354918,1592.2483730457607,1559.2991617467153,1561.0802001953125,189600,0.0,0.0
2021-02-01 00:00:00+09:00,1558.408714565835,1591.3579273880841,1558.408714565835,1577.109619140625,143600,0.0,0.0
2021-02-02 00:00:00+09:00,1567.3136892409962,1586.9051103565084,1552.1748638335546,1582.4525146484375,269500,0.0,0.0
2021-02-03 00:00:00+09:00,1582.4525808537885,1620.7449055452419,1578.8905041383043,1618.9638671875,126400,0.0,0.0
2021-02-04 00:00:00+09:00,1611.8398028363238,1627.8691489418784,1602.93461055546,1620.7449951171875,165000,0.0,0.0
2021-02-05 00:00:00+09:00,1635.883707281404,1635.883707281404,1607.3870939809115,1626.978515625,135800,0.0,0.0
2021-02-08 00:00:00+09:00,1635.883772921511,1673.2855793791612,1627.8691001091574,1663.4898681640625,211100,0.0,0.0
2021-02-09 00:00:00+09:00,1658.1467446505958,1659.037263847508,1632.321687940141,1643.8984375,182200,0.0,0.0
2021-02-10 00:00:00+09:00,1630.5405210229571,1665.270766965008,1627.8689636427994,1651.0224609375,121400,0.0,0.0
2021-02-12 00:00:00+09:00,1660.8184288942962,1770.3522984674858,1631.4312931551478,1716.921142578125,346600,0.0,0.0
2021-02-15 00:00:00+09:00,1706.2347659779136,1765.0090324468813,1691.9864589551335,1724.9356689453125,308900,0.0,0.0
2021-02-16 00:00:00+09:00,1718.7018468743915,1726.7165186991945,1698.219907766562,1715.1397705078125,226200,0.0,0.0
2021-02-17 00:00:00+09:00,1698.220117083776,1704.4537514936274,1659.9277914232607,1676.84765625,202900,0.0,0.0
2021-02-18 00:00:00+09:00,1670.6139395624496,1673.2854970350973,1643.0078456784217,1654.5845947265625,171300,0.0,0.0
2021-02-19 00:00:00+09:00,1658.14657409406,1665.2707269365694,1647.460344830296,1659.9276123046875,137000,0.0,0.0
2021-02-22 00:00:00+09:00,1688.4243643694645,1689.3148835489842,1651.9130780091543,1659.0372314453125,161600,0.0,0.0
2021-02-24 00:00:00+09:00,1656.3655402861446,1662.5991740399095,1624.3068524096384,1626.087890625,127000,0.0,0.0
2021-02-25 00:00:00+09:00,1647.460514287649,1654.5846678629468,1618.073380789545,1643.8984375,120000,0.0,0.0
2021-02-26 00:00:00+09:00,1621.635283110327,1629.6499550202627,1593.138671875,1593.138671875,182700,0.0,0.0
2021-03-01 00:00:00+09:00,1628.7594450848605,1676.847476815086,1627.8689259787454,1673.285400390625,147500,0.0,0.0
2021-03-02 00:00:00+09:00,1673.2855383176286,1674.1760574971483,1644.7889245729964,1659.0372314453125,195100,0.0,0.0
2021-03-03 00:00:00+09:00,1659.9278469573228,1711.577962366939,1643.8985007957176,1707.1253662109375,229400,0.0,0.0
2021-03-04 00:00:00+09:00,1690.2054448763374,1814.878133118006,1690.2054448763374,1810.425537109375,604200,0.0,0.0
2021-03-05 00:00:00+09:00,1795.2865989963502,1831.79788399578,1779.2572543624542,1830.016845703125,593200,0.0,0.0
2021-03-08 00:00:00+09:00,1855.8418922424316,1871.8712368011475,1807.7538585662842,1823.783203125,292100,0.0,0.0
2021-03-09 00:00:00+09:00,1868.3091793607343,1878.9954091759532,1818.440106889714,1862.966064453125,416000,0.0,0.0
2021-03-10 00:00:00+09:00,1844.265083544182,1888.791039206765,1828.2357395056522,1880.7763671875,338700,0.0,0.0
2021-03-11 00:00:00+09:00,1902.148949885402,1911.0541415983487,1871.8712980613834,1894.13427734375,245900,0.0,0.0
2021-03-12 00:00:00+09:00,1886.1194906482274,1887.010009765625,1854.0608024219118,1887.010009765625,299600,0.0,0.0
2021-03-15 00:00:00+09:00,1893.2437086750147,1907.492015043218,1864.747095938608,1883.447998046875,283300,0.0,0.0
2021-03-16 00:00:00+09:00,1869.199700128122,1893.2437172331527,1860.2945086077405,1889.681640625,179900,0.0,0.0
2021-03-17 00:00:00+09:00,1881.6670333354396,1921.7403965631227,1861.185092130179,1899.4774169921875,439500,0.0,0.0
2021-03-18 00:00:00+09:00,1900.3678302585968,1919.9592511890976,1882.5574475945048,1898.5867919921875,262800,0.0,0.0
2021-03-19 00:00:00+09:00,1854.0609219047053,1883.4480546726472,1846.9367685064162,1873.65234375,631000,0.0,0.0
2021-03-22 00:00:00+09:00,1873.6521136404454,1890.5719758833961,1844.264984481636,1859.40380859375,286000,0.0,0.0
2021-03-23 00:00:00+09:00,1861.1851317889423,1882.5575926324516,1845.1557861563101,1850.4989013671875,256900,0.0,0.0
2021-03-24 00:00:00+09:00,1830.9074623010385,1840.7031734320265,1803.3013672955267,1811.3160400390625,271100,0.0,0.0
2021-03-25 00:00:00+09:00,1855.841763090229,1911.0539460612436,1838.031381486676,1904.8203125,336400,0.0,0.0
2021-03-26 00:00:00+09:00,1929.7549413347724,1965.3757062878833,1929.7549413347724,1946.6748046875,339700,0.0,0.0
2021-03-29 00:00:00+09:00,1966.26641431859,1989.419913762559,1946.674991712155,1983.186279296875,356700,0.0,0.0
2021-03-30 00:00:00+09:00,1977.784823238574,1978.685043913694,1907.5676105792163,1946.277099609375,507600,24.0,0.0
2021-03-31 00:00:00+09:00,1947.1773108382251,2011.0929784616712,1936.3746627891921,1955.279296875,469600,0.0,0.0
2021-04-01 00:00:00+09:00,1961.5807797221667,1983.1860751390238,1934.5741604510952,1967.88232421875,318900,0.0,0.0
2021-04-02 00:00:00+09:00,2025.4966052010107,2075.90896515268,2022.7959430607427,2048.90234375,486900,0.0,0.0
2021-04-05 00:00:00+09:00,2106.5164860150285,2151.527522040991,2093.913395927759,2122.720458984375,633700,0.0,0.0
2021-04-06 00:00:00+09:00,2122.7201003502155,2139.8242911503235,2070.5073073814656,2088.51171875,373000,0.0,0.0
2021-04-07 00:00:00+09:00,2109.217010056516,2120.019657995346,2078.6095075631647,2115.5185546875,276900,0.0,0.0
2021-04-08 00:00:00+09:00,2096.6142370391312,2100.21512022855,2043.501209995203,2052.50341796875,287700,0.0,0.0
2021-04-09 00:00:00+09:00,2070.507622189936,2075.0087257164355,2015.5941591666376,2020.9954833984375,194500,0.0,0.0
2021-04-12 00:00:00+09:00,2039.9002147177139,2042.6008769613827,2019.1951375162544,2022.7960205078125,82700,0.0,0.0
2021-04-13 00:00:00+09:00,2009.2928521062527,2017.3948394131328,1995.7895399281192,2004.791748046875,151300,0.0,0.0
2021-04-14 00:00:00+09:00,1984.986516423762,1984.986516423762,1953.4787939408452,1967.88232421875,267800,0.0,0.0
2021-04-15 00:00:00+09:00,1968.7829053925304,2011.0932833319218,1967.8826845853093,1993.0888671875,135600,0.0,0.0
2021-04-16 00:00:00+09:00,1992.1883808275738,2000.2903670125934,1978.685070519208,1990.387939453125,103500,0.0,0.0
2021-04-19 00:00:00+09:00,1993.9887770205617,2013.7936316907433,1986.7870116859501,2010.1927490234375,138500,0.0,0.0
2021-04-20 00:00:00+09:00,1982.285788750287,1982.285788750287,1952.578508537408,1959.7802734375,226400,0.0,0.0
2021-04-21 00:00:00+09:00,1908.467918602196,1934.574319375528,1903.0665943042652,1931.8736572265625,211000,0.0,0.0
2021-04-22 00:00:00+09:00,1962.4810717615344,1975.084161213214,1934.5742308328154,1946.277099609375,194100,0.0,0.0
2021-04-23 00:00:00+09:00,1905.7672564532306,1934.574319375528,1905.7672564532306,1931.8736572265625,193200,0.0,0.0
2021-04-26 00:00:00+09:00,1932.77392578125,1956.1796649849355,1930.0732635654401,1932.77392578125,156300,0.0,0.0
2021-04-27 00:00:00+09:00,1934.5743672584565,1942.6763539058861,1921.9712769180105,1932.77392578125,139200,0.0,0.0
2021-04-28 00:00:00+09:00,1932.7736118617483,1937.2747148236992,1918.3700823835052,1929.1727294921875,115900,0.0,0.0
2021-04-30 00:00:00+09:00,1925.5720310023046,1931.8735757507927,1911.1685001486173,1916.56982421875,157500,0.0,0.0
2021-05-06 00:00:00+09:00,1935.4745302218012,1975.0842415379682,1928.2727645279526,1940.8758544921875,162200,0.0,0.0
2021-05-07 00:00:00+09:00,1914.7693288539197,1966.9821267258178,1912.9688875479922,1945.3768310546875,193400,0.0,0.0
2021-05-10 00:00:00+09:00,1939.9757511013158,1973.283919449691,1922.871556544042,1966.0821533203125,119200,0.0,0.0
2021-05-11 00:00:00+09:00,1957.980029296875,1959.780470703125,1902.166345703125,1912.968994140625,179400,0.0,0.0
2021-05-12 00:00:00+09:00,1895.8647727315972,1899.4656554908215,1840.9513106534264,1848.153076171875,365200,0.0,0.0
2021-05-13 00:00:00+09:00,1825.6476263552295,1873.3593246771363,1727.5235675422512,1764.4326171875,545700,0.0,0.0
2021-05-14 00:00:00+09:00,1783.337222612084,1808.5434024369895,1760.831704911275,1791.439208984375,463500,0.0,0.0
2021-05-17 00:00:00+09:00,1795.9403188522008,1803.1420845418336,1728.4237655118925,1741.02685546875,206900,0.0,0.0
2021-05-18 00:00:00+09:00,1739.2263614430149,1751.8294510186888,1709.5190788717832,1744.627685546875,257300,0.0,0.0
2021-05-19 00:00:00+09:00,1708.6187179589792,1722.1220271103937,1683.4125408763389,1691.5145263671875,229400,0.0,0.0
2021-05-20 00:00:00+09:00,1672.6099062510325,1718.5211577143277,1670.8094650171777,1703.2174072265625,225200,0.0,0.0
2021-05-21 00:00:00+09:00,1694.2153438839875,1708.6188749690798,1687.0135783414412,1705.918212890625,240300,0.0,0.0
2021-05-24 00:00:00+09:00,1711.3194789376694,1795.94022118919,1711.3194789376694,1785.1375732421875,334000,0.0,0.0
2021-05-25 00:00:00+09:00,1789.6387724830763,1822.9469387717452,1777.0356825360125,1786.9381103515625,472100,0.0,0.0
2021-05-26 00:00:00+09:00,1765.3328279911564,1795.9403324030377,1751.8295172212088,1773.434814453125,354400,0.0,0.0
2021-05-27 00:00:00+09:00,1749.1289425256116,1763.5324747337484,1705.0181251381928,1717.6212158203125,809600,0.0,0.0
2021-05-28 00:00:00+09:00,1753.6298546709113,1786.9380192616834,1736.5256620432176,1780.636474609375,261100,0.0,0.0
2021-05-31 00:00:00+09:00,1757.230828270424,1762.6321525376486,1735.6255312015253,1741.02685546875,229300,0.0,0.0
2021-06-01 00:00:00+09:00,1752.7295139723558,1779.7361320612981,1741.0266461338142,1755.43017578125,199800,0.0,0.0
2021-06-02 00:00:00+09:00,1763.5321612079326,1799.5409853265226,1742.8270873397437,1755.43017578125,262400,0.0,0.0
2021-06-03 00:00:00+09:00,1751.8294533939159,1777.935853264637,1751.8294533939159,1765.332763671875,215400,0.0,0.0
2021-06-04 00:00:00+09:00,1734.7251842827327,1745.52783203125,1718.521212659957,1745.52783203125,331800,0.0,0.0
2021-06-07 00:00:00+09:00,1766.2329068825748,1768.933568819704,1741.926949448411,1745.52783203125,122200,0.0,0.0
2021-06-08 00:00:00+09:00,1750.9293098528688,1773.4348279743708,1733.825116080527,1739.2264404296875,166500,0.0,0.0
2021-06-09 00:00:00+09:00,1733.8250009256517,1733.8250009256517,1708.6188223036797,1709.51904296875,174200,0.0,0.0
2021-06-10 00:00:00+09:00,1692.4149189807213,1716.7208779235295,1680.71204986011,1713.1199951171875,174900,0.0,0.0
2021-06-11 00:00:00+09:00,1729.3240387437256,1750.029115730246,1714.0202861884713,1737.426025390625,463400,0.0,0.0
2021-06-14 00:00:00+09:00,1768.933441772461,1812.144029663086,1765.3325594482421,1800.441162109375,392700,0.0,0.0
2021-06-15 00:00:00+09:00,1800.4414227854209,1837.350471952522,1800.4414227854209,1807.6431884765625,297000,0.0,0.0
2021-06-16 00:00:00+09:00,1816.6454805499263,1831.9492333593162,1793.239740959095,1797.7408447265625,212000,0.0,0.0
2021-06-17 00:00:00+09:00,1800.4412497243575,1804.042132223806,1776.1352928530785,1786.0377197265625,214400,0.0,0.0
2021-06-18 00:00:00+09:00,1782.4368372271138,1796.8403672249087,1771.6341897287678,1786.0377197265625,360300,0.0,0.0
2021-06-21 00:00:00+09:00,1737.4259442231198,1739.226385616097,1712.2197647214373,1722.1221923828125,215900,0.0,0.0
2021-06-22 00:00:00+09:00,1785.1376186848636,1813.0444599250202,1769.8338670370356,1811.2440185546875,220800,0.0,0.0
2021-06-23 00:00:00+09:00,1820.246179069946,1820.246179069946,1782.4369112554368,1785.1375732421875,290200,0.0,0.0
2021-06-24 00:00:00+09:00,1785.1376523378224,1789.6387558485078,1775.2352246143146,1779.736328125,120800,0.0,0.0
2021-06-25 00:00:00+09:00,1817.5455043452027,1851.7538892709667,1807.6430771298499,1844.5521240234375,256500,0.0,0.0
2021-06-28 00:00:00+09:00,1839.150933251811,1861.6564512798557,1829.2485053194714,1856.255126953125,337800,0.0,0.0
2021-06-29 00:00:00+09:00,1882.3613613512389,1883.2615819927269,1815.745033881133,1825.6474609375,239700,0.0,0.0
2021-06-30 00:00:00+09:00,1870.6584167041367,1900.3656966614208,1865.2570930755396,1876.9599609375,318000,0.0,0.0
2021-07-01 00:00:00+09:00,1877.8602882932603,1877.8602882932603,1831.9490348402612,1844.5521240234375,212800,0.0,0.0
2021-07-02 00:00:00+09:00,1847.2527798259637,1877.860282025809,1842.7516765612804,1874.2593994140625,179000,0.0,0.0
2021-07-05 00:00:00+09:00,1874.2594951256224,1889.5632470070516,1864.3570674376388,1876.0599365234375,143300,0.0,0.0
2021-07-06 00:00:00+09:00,1878.760694377603,1885.9624603359262,1876.0600321432316,1877.8604736328125,78300,0.0,0.0
2021-07-07 00:00:00+09:00,1846.3525514824446,1865.2571851153707,1833.7494623938273,1858.055419921875,120500,0.0,0.0
2021-07-08 00:00:00+09:00,1876.960225176869,1883.2617702973669,1854.4547068893767,1858.955810546875,201700,0.0,0.0
2021-07-09 00:00:00+09:00,1876.9600270539954,1887.7626746917163,1822.9467888653912,1859.8558349609375,327200,0.0,0.0
2021-07-12 00:00:00+09:00,1890.4633818961966,1925.571987559983,1886.8624992640132,1911.16845703125,153900,0.0,0.0
2021-07-13 00:00:00+09:00,1915.6695707818276,1948.0775146484375,1912.068688129982,1948.0775146484375,131600,0.0,0.0
2021-07-14 00:00:00+09:00,2038.0995896950571,2067.8068717003293,2010.1927490234375,2010.1927490234375,555100,0.0,0.0
2021-07-15 00:00:00+09:00,1998.489874694573,2010.1927433301719,1964.2814894520532,1968.7825927734375,213800,0.0,0.0
2021-07-16 00:00:00+09:00,1957.9801037053394,1995.7893746734426,1951.6785585439889,1978.6851806640625,268700,0.0,0.0
2021-07-19 00:00:00+09:00,1951.678292801131,1957.0796164896951,1923.7714537435502,1930.072998046875,192700,0.0,0.0
2021-07-20 00:00:00+09:00,1912.9687938245772,1924.6716617397392,1885.9621755588184,1893.1639404296875,197900,0.0,0.0
2021-07-21 00:00:00+09:00,1938.1751905853514,1955.2793840926072,1920.1707763671875,1920.1707763671875,192500,0.0,0.0
2021-07-26 00:00:00+09:00,1964.2814738868065,2013.793610029691,1961.5808119153762,2007.4920654296875,231500,0.0,0.0
2021-07-27 00:00:00+09:00,2025.4966034870172,2038.0996934642699,2004.7915270958165,2028.197265625,184400,0.0,0.0
2021-07-28 00:00:00+09:00,1983.186422019403,2045.3016572074823,1977.7850972204394,2027.2972412109375,246500,0.0,0.0
2021-07-29 00:00:00+09:00,1998.4900292275538,2029.0975341796875,1998.4900292275538,2029.0975341796875,147000,0.0,0.0
2021-07-30 00:00:00+09:00,2020.995501415173,2023.6961635551488,1979.5853486022118,1982.2860107421875,196800,0.0,0.0
2021-08-02 00:00:00+09:00,1993.0887367282146,2054.303747612369,1992.188515979918,2043.5010986328125,186900,0.0,0.0
2021-08-03 00:00:00+09:00,2012.8936926421848,2029.9978877048866,2009.2928094710896,2020.095458984375,158600,0.0,0.0
2021-08-04 00:00:00+09:00,2025.4964210881672,2029.0973036145463,2002.090684666704,2015.593994140625,134600,0.0,0.0
2021-08-05 00:00:00+09:00,1999.3901084110187,2032.6982732067,1999.3901084110187,2026.396728515625,90100,0.0,0.0
2021-08-06 00:00:00+09:00,2020.995390472008,2057.0042170283023,2017.3945078163786,2039.9000244140625,111500,0.0,0.0
2021-08-10 00:00:00+09:00,2038.099769059066,2062.405729202438,2026.396899360405,2048.002197265625,172600,0.0,0.0
2021-08-11 00:00:00+09:00,2075.008470811538,2165.9307508774664,2041.7003088071876,2075.90869140625,762900,0.0,0.0
2021-08-12 00:00:00+09:00,2158.7291522654946,2174.9331242174458,2106.516353753652,2156.9287109375,592200,0.0,0.0
2021-08-13 00:00:00+09:00,2127.2213396898824,2130.8222221946476,2097.514059025572,2125.4208984375,289100,0.0,0.0
2021-08-16 00:00:00+09:00,2106.5163201800847,2107.4165408297345,2050.702639901809,2071.40771484375,181800,0.0,0.0
2021-08-17 00:00:00+09:00,2084.9111523777765,2092.112918016387,2062.4056347571186,2066.90673828125,129000,0.0,0.0
2021-08-18 00:00:00+09:00,2036.2991492276435,2079.5097412536943,2019.194956550665,2056.10400390625,145900,0.0,0.0
2021-08-19 00:00:00+09:00,2051.6030091526673,2065.1063198754796,2021.8957255624794,2023.6961669921875,130400,0.0,0.0
2021-08-20 00:00:00+09:00,2013.7939893178198,2019.1953142779928,1967.8827271563496,1977.78515625,180700,0.0,0.0
2021-08-23 00:00:00+09:00,2009.2926355545208,2031.7981534258752,2008.3924148396666,2023.6961669921875,146400,0.0,0.0
2021-08-24 00:00:00+09:00,2035.398540346641,2060.604714220903,2035.398540346641,2057.904052734375,131900,0.0,0.0
2021-08-25 00:00:00+09:00,2069.6073452124847,2079.50977270154,2039.90006274532,2049.802490234375,126800,0.0,0.0
2021-08-26 00:00:00+09:00,2055.2040485070165,2063.3060355576354,2035.3991912721701,2058.804931640625,101500,0.0,0.0
2021-08-27 00:00:00+09:00,2042.6005249825475,2066.0062603944234,2033.598319054903,2055.20361328125,133200,0.0,0.0
2021-08-30 00:00:00+09:00,2068.707328812851,2086.7117442072185,2059.7051211156668,2085.8115234375,155300,0.0,0.0
2021-08-31 00:00:00+09:00,2106.5162513974105,2179.4341216380903,2102.015148296134,2164.13037109375,343000,0.0,0.0
2021-09-01 00:00:00+09:00,2162.3302582973124,2172.232686624236,2135.323635587521,2154.228271484375,243000,0.0,0.0
2021-09-02 00:00:00+09:00,2161.42967869028,2182.134752663573,2142.5250459320564,2170.431884765625,234600,0.0,0.0
2021-09-03 00:00:00+09:00,2192.0372828129616,2310.866408616375,2189.336620862884,2284.760009765625,733600,0.0,0.0
2021-09-06 00:00:00+09:00,2339.673519225839,2339.673519225839,2295.5627064355094,2331.571533203125,498600,0.0,0.0
2021-09-07 00:00:00+09:00,2349.5761942782765,2401.7889985955717,2349.5761942782765,2393.68701171875,325400,0.0,0.0
2021-09-08 00:00:00+09:00,2417.99262682714,2472.906085589782,2400.8884347535304,2442.298583984375,359400,0.0,0.0
2021-09-09 00:00:00+09:00,2406.2900089852424,2444.999500338166,2403.589346797829,2433.296630859375,372800,0.0,0.0
2021-09-10 00:00:00+09:00,2421.5939916834222,2504.414306640625,2421.5939916834222,2504.414306640625,395600,0.0,0.0
2021-09-13 00:00:00+09:00,2484.608877905009,2502.6132900637413,2468.4049069621506,2493.611083984375,264300,0.0,0.0
2021-09-14 00:00:00+09:00,2475.6071254185267,2520.6181640625,2460.3033722795763,2520.6181640625,335100,0.0,0.0
2021-09-15 00:00:00+09:00,2463.9041370103573,2470.2056821178007,2426.995087095332,2454.001708984375,366400,0.0,0.0
2021-09-16 00:00:00+09:00,2475.6068881931046,2476.50710887972,2429.695633175705,2449.50048828125,273100,0.0,0.0
2021-09-17 00:00:00+09:00,2423.394201477962,2446.7999404223997,2393.686917433098,2412.591552734375,521600,0.0,0.0
2021-09-21 00:00:00+09:00,2344.174356865423,2405.389355431801,2330.6710483581332,2379.282958984375,475500,0.0,0.0
2021-09-22 00:00:00+09:00,2372.981803197254,2379.2833481981575,2333.3720917630058,2336.07275390625,285200,0.0,0.0
2021-09-24 00:00:00+09:00,2414.3917555915305,2416.192196870868,2372.981606166769,2382.884033203125,290000,0.0,0.0
2021-09-27 00:00:00+09:00,2386.485135801578,2395.487343028291,2327.070568105273,2338.7734375,243800,0.0,0.0
2021-09-28 00:00:00+09:00,2336.0726677056114,2336.0726677056114,2280.2589854714115,2325.27001953125,431900,0.0,0.0
2021-09-29 00:00:00+09:00,2265.2045283234174,2291.5970278498858,2257.923838798875,2289.77685546875,334300,28.0,0.0
2021-09-30 00:00:00+09:00,2297.057235675539,2323.449731648039,2267.9344814989868,2301.607666015625,331000,0.0,0.0
2021-10-01 00:00:00+09:00,2273.3951761083667,2274.3052622477217,2220.6101800257866,2227.890869140625,333700,0.0,0.0
2021-10-04 00:00:00+09:00,2257.92365605428,2259.7438282881003,2162.364613778706,2179.65625,279200,0.0,0.0
2021-10-05 00:00:00+09:00,2138.702448088661,2166.0050325323464,2074.9964177200627,2101.388916015625,343100,0.0,0.0
2021-10-06 00:00:00+09:00,2117.770605829027,2174.1959507200454,2085.917588551839,2096.838623046875,289400,0.0,0.0
2021-10-07 00:00:00+09:00,2101.3886622715663,2133.2416736095934,2079.5465973540618,2082.27685546875,201300,0.0,0.0
2021-10-08 00:00:00+09:00,2122.3205232869377,2149.6231029175588,2112.3095774223766,2125.05078125,240200,0.0,0.0
2021-10-11 00:00:00+09:00,2113.2198570850164,2174.1956238484513,2096.8383078052875,2168.735107421875,297100,0.0,0.0
2021-10-12 00:00:00+09:00,2166.9154486089205,2166.9154486089205,2126.8716519945597,2127.78173828125,245300,0.0,0.0
2021-10-13 00:00:00+09:00,2117.7701999240453,2142.3425228281917,2077.726414450621,2129.601318359375,242500,0.0,0.0
2021-10-14 00:00:00+09:00,2138.7023642136674,2169.645292036333,2135.062019763942,2154.173828125,139900,0.0,0.0
2021-10-15 00:00:00+09:00,2199.6783371532206,2232.4414402303887,2186.9371304009883,2229.711181640625,246200,0.0,0.0
2021-10-18 00:00:00+09:00,2275.215368301343,2290.686832805792,2241.542180850483,2278.855712890625,369700,0.0,0.0
2021-10-19 00:00:00+09:00,2288.8664368130017,2342.561514257124,2275.2151459373777,2323.44970703125,440700,0.0,0.0
2021-10-20 00:00:00+09:00,2358.0333241338312,2364.4039274796196,2297.9676354449725,2302.51806640625,244100,0.0,0.0
2021-10-21 00:00:00+09:00,2293.4174388627916,2302.518301715422,2257.924073737534,2264.294677734375,215600,0.0,0.0
2021-10-22 00:00:00+09:00,2258.833709275933,2279.765689660037,2248.822762135709,2267.9345703125,177900,0.0,0.0
2021-10-25 00:00:00+09:00,2255.1931520226885,2276.1251304312927,2249.732635916096,2258.83349609375,130700,0.0,0.0
2021-10-26 00:00:00+09:00,2283.4061752111315,2288.8666921705844,2261.564107373321,2269.7548828125,123900,0.0,0.0
2021-10-27 00:00:00+09:00,2294.3265816337666,2307.977870298783,2267.0240043037334,2280.67529296875,101900,0.0,0.0
2021-10-28 00:00:00+09:00,2279.7660128552966,2307.9786860682766,2267.9348918304986,2294.327392578125,189600,0.0,0.0
2021-10-29 00:00:00+09:00,2303.428152598505,2314.3491869055706,2269.7549634850543,2302.51806640625,203600,0.0,0.0
2021-11-01 00:00:00+09:00,2348.0224590397884,2349.842631488656,2311.619010062427,2341.65185546875,223800,0.0,0.0
2021-11-02 00:00:00+09:00,2331.640528438376,2342.561561358462,2266.114330917859,2273.39501953125,326400,0.0,0.0
2021-11-04 00:00:00+09:00,2325.2698312397874,2369.8640471813724,2307.0681104473038,2367.1337890625,408300,0.0,0.0
2021-11-05 00:00:00+09:00,2340.741663092022,2351.662697289963,2318.89959469614,2337.101318359375,224100,0.0,0.0
2021-11-08 00:00:00+09:00,2382.605279219778,2382.605279219778,2340.741320914159,2351.662353515625,252700,0.0,0.0
2021-11-09 00:00:00+09:00,2345.2920140149604,2348.022272471322,2309.7986540822544,2310.708740234375,151100,0.0,0.0
2021-11-10 00:00:00+09:00,2329.8204163408914,2352.5725688442203,2325.2699858402257,2328.000244140625,160700,0.0,0.0
2021-11-11 00:00:00+09:00,2318.8993831392936,2338.01119124209,2309.7985221379618,2328.000244140625,142600,0.0,0.0
2021-11-12 00:00:00+09:00,2348.022160198092,2381.6953462164365,2285.226218704422,2378.965087890625,426200,0.0,0.0
2021-11-15 00:00:00+09:00,2397.166819717671,2416.278628075329,2303.42795015392,2318.8994140625,282400,0.0,0.0
2021-11-16 00:00:00+09:00,2303.428098213721,2320.7197354583122,2239.7220662599634,2247.912841796875,490100,0.0,0.0
2021-11-17 00:00:00+09:00,2264.294095044305,2297.9672789336296,2247.9125461251742,2285.22607421875,228500,0.0,0.0
2021-11-18 00:00:00+09:00,2266.1144945369456,2283.4061312422477,2232.4413072687257,2247.002685546875,224300,0.0,0.0
2021-11-19 00:00:00+09:00,2247.0027334404904,2283.406179911782,2239.722044146232,2282.49609375,135500,0.0,0.0
2021-11-22 00:00:00+09:00,2277.0356488007997,2301.6079759461322,2268.844873085689,2289.77685546875,119400,0.0,0.0
2021-11-24 00:00:00+09:00,2276.125231899041,2300.6975554741207,2246.0923919739434,2250.642822265625,137700,0.0,0.0
2021-11-25 00:00:00+09:00,2266.114747853674,2274.3055240507356,2256.103799168377,2272.4853515625,63100,0.0,0.0
2021-11-26 00:00:00+09:00,2262.4742205291627,2276.125513090682,2228.801032210748,2247.912841796875,227100,0.0,0.0
2021-11-29 00:00:00+09:00,2190.577074961247,2218.7897419009223,2170.5551822943803,2183.29638671875,198300,0.0,0.0
2021-11-30 00:00:00+09:00,2240.6321684791064,2258.8338920248343,2192.3976010829274,2194.2177734375,321400,0.0,0.0
2021-12-01 00:00:00+09:00,2185.117159291318,2225.160955629851,2147.803621794048,2213.329833984375,176300,0.0,0.0
2021-12-02 00:00:00+09:00,2172.3757704988534,2221.5204255499375,2160.544649838407,2182.38671875,268100,0.0,0.0
2021-12-03 00:00:00+09:00,2197.858106825087,2265.204483597367,2192.3975897894966,2260.654052734375,188300,0.0,0.0
2021-12-06 00:00:00+09:00,2288.866701542055,2328.9104927419958,2288.866701542055,2295.2373046875,249900,0.0,0.0
2021-12-07 00:00:00+09:00,2336.1908371169848,2388.975826814213,2310.708428297633,2382.605224609375,246000,0.0,0.0
2021-12-08 00:00:00+09:00,2393.526570201833,2395.3467424985643,2352.5726935253756,2377.14501953125,249300,0.0,0.0
2021-12-09 00:00:00+09:00,2384.4255990835336,2403.5374073204625,2358.9431881009614,2366.223876953125,247000,0.0,0.0
2021-12-10 00:00:00+09:00,2365.3139580252378,2388.066112296354,2339.8315452415877,2346.2021484375,260000,0.0,0.0
2021-12-13 00:00:00+09:00,2380.7852122264717,2387.1558148585764,2340.7414242532436,2349.84228515625,130800,0.0,0.0
2021-12-14 00:00:00+09:00,2351.662545711436,2354.39280408494,2295.2372059923537,2309.798583984375,142300,0.0,0.0
2021-12-15 00:00:00+09:00,2345.292134366843,2363.4938583433027,2336.191272378613,2353.48291015625,226300,0.0,0.0
2021-12-16 00:00:00+09:00,2390.7962207326173,2414.45845968924,2373.5045845720083,2410.818115234375,254900,0.0,0.0
2021-12-17 00:00:00+09:00,2407.177849955738,2415.368625248593,2341.6516476128977,2345.2919921875,243300,0.0,0.0
2021-12-20 00:00:00+09:00,2299.7875007136877,2307.9782753501827,2241.5419921875,2241.5419921875,158000,0.0,0.0
2021-12-21 00:00:00+09:00,2287.0467027167106,2313.439203464337,2272.4853229938826,2294.327392578125,183400,0.0,0.0
2021-12-22 00:00:00+09:00,2287.9562319800966,2298.8772641136534,2262.473823668465,2293.416748046875,131600,0.0,0.0
2021-12-23 00:00:00+09:00,2306.1580627344983,2318.899267500987,2287.046255584765,2304.337890625,95400,0.0,0.0
2021-12-24 00:00:00+09:00,2309.7987559442936,2323.450048828125,2297.0575492527173,2302.51806640625,142500,0.0,0.0
2021-12-27 00:00:00+09:00,2286.136645224269,2301.608111374274,2266.114747853674,2272.4853515625,239500,0.0,0.0
2021-12-28 00:00:00+09:00,2302.517727688626,2328.9102233814997,2295.2370392216267,2323.44970703125,194000,0.0,0.0
2021-12-29 00:00:00+09:00,2323.4496766446487,2353.4825161782455,2314.3488161799223,2332.550537109375,120300,0.0,0.0
2021-12-30 00:00:00+09:00,2308.8883361459752,2354.392639183933,2308.8883361459752,2336.19091796875,161000,0.0,0.0
2022-01-04 00:00:00+09:00,2358.9433324971333,2382.605572715083,2325.2701444946665,2380.785400390625,222100,0.0,0.0
2022-01-05 00:00:00+09:00,2385.335719211771,2388.0659775702734,2345.2919299537325,2363.49365234375,200800,0.0,0.0
2022-01-06 00:00:00+09:00,2338.9213003468785,2352.5725919831443,2299.78759765625,2299.78759765625,160900,0.0,0.0
2022-01-07 00:00:00+09:00,2299.7873668931934,2326.1798614083905,2244.2721198095037,2258.83349609375,263200,0.0,0.0
2022-01-11 00:00:00+09:00,2257.924070785387,2271.5753650464835,2219.700446854316,2251.553466796875,221800,0.0,0.0
2022-01-12 00:00:00+09:00,2275.2149501045315,2348.0218285078763,2273.3947781444476,2339.8310546875,187900,0.0,0.0
2022-01-13 00:00:00+09:00,2339.8313267408353,2355.302790200421,2307.0682276499488,2324.35986328125,130500,0.0,0.0
2022-01-14 00:00:00+09:00,2300.697500124651,2300.697500124651,2247.9125100110314,2281.585693359375,186400,0.0,0.0
2022-01-17 00:00:00+09:00,2284.31640625,2308.888734125996,2274.3054578560755,2284.31640625,111800,0.0,0.0
2022-01-18 00:00:00+09:00,2297.9672630692144,2303.4277793378938,2247.9125306063206,2253.373046875,104400,0.0,0.0
2022-01-19 00:00:00+09:00,2200.5878796249217,2222.4299429462612,2169.644956586358,2181.47607421875,182000,0.0,0.0
2022-01-20 00:00:00+09:00,2166.0048667042524,2220.6100314110827,2166.0048667042524,2206.958740234375,191400,0.0,0.0
2022-01-21 00:00:00+09:00,2183.296571585332,2209.689068699119,2162.364591115777,2207.868896484375,153400,0.0,0.0
2022-01-24 00:00:00+09:00,2186.026631107112,2232.441018362092,2177.8358568856447,2224.250244140625,112400,0.0,0.0
2022-01-25 00:00:00+09:00,2228.801011393364,2231.531269880167,2164.1848938723642,2190.577392578125,239100,0.0,0.0
2022-01-26 00:00:00+09:00,2191.487514905641,2219.700186401519,2177.836222246345,2194.2177734375,167200,0.0,0.0
2022-01-27 00:00:00+09:00,2196.947893745626,2205.138668825871,2100.4787650227445,2113.219970703125,323400,0.0,0.0
2022-01-28 00:00:00+09:00,2151.4435525011663,2206.9588049134213,2122.3207971373604,2195.127685546875,256800,0.0,0.0
2022-01-31 00:00:00+09:00,2184.2067063894524,2266.1144578790568,2176.015931240492,2243.3623046875,316700,0.0,0.0
2022-02-01 00:00:00+09:00,2253.3731391014667,2269.7546885779716,2225.160470558597,2226.070556640625,178300,0.0,0.0
2022-02-02 00:00:00+09:00,2235.1716223876183,2322.5398942724764,2235.1716223876183,2307.978515625,224700,0.0,0.0
2022-02-03 00:00:00+09:00,2317.989499742403,2331.6407924381765,2299.7877761480377,2311.618896484375,205900,0.0,0.0
2022-02-04 00:00:00+09:00,2341.651742648367,2347.1122597318845,2275.215451465572,2317.989501953125,197400,0.0,0.0
2022-02-07 00:00:00+09:00,2297.057757138262,2330.7309492991635,2277.035859096645,2298.8779296875,212700,0.0,0.0
2022-02-08 00:00:00+09:00,2292.506897876338,2319.80948101897,2267.934573047969,2274.30517578125,261100,0.0,0.0
2022-02-09 00:00:00+09:00,2281.585802975511,2296.1471802581627,2247.9126180093785,2292.5068359375,270200,0.0,0.0
2022-02-10 00:00:00+09:00,2315.258935546875,2410.8179718017577,2267.0243743896485,2402.627197265625,549600,0.0,0.0
2022-02-14 00:00:00+09:00,2374.4145785673163,2429.9298293502243,2331.640532882125,2358.943115234375,380700,0.0,0.0
2022-02-15 00:00:00+09:00,2389.8859924316407,2440.8508117675783,2384.4254760742188,2402.627197265625,436400,0.0,0.0
2022-02-16 00:00:00+09:00,2443.58110018234,2471.7937683781133,2408.997829490746,2466.333251953125,236400,0.0,0.0
2022-02-17 00:00:00+09:00,2457.2326682703406,2491.8159428608124,2439.0309448016715,2463.603271484375,236600,0.0,0.0
2022-02-18 00:00:00+09:00,2418.098910805329,2456.3225292674383,2409.9081354205914,2415.36865234375,242400,0.0,0.0
2022-02-21 00:00:00+09:00,2375.3249127519,2382.605602139645,2323.4500008642144,2365.31396484375,156700,0.0,0.0
2022-02-22 00:00:00+09:00,2328.9105066546413,2348.0223162051484,2312.5289556113494,2333.4609375,116800,0.0,0.0
2022-02-24 00:00:00+09:00,2308.8885081314243,2341.6516087592254,2293.4170439460736,2335.281005859375,170100,0.0,0.0
2022-02-25 00:00:00+09:00,2353.482822387834,2408.9980784457066,2345.292046903886,2399.897216796875,264900,0.0,0.0
2022-02-28 00:00:00+09:00,2413.54844624753,2435.3905136343856,2378.0550867438897,2418.098876953125,347600,0.0,0.0
2022-03-01 00:00:00+09:00,2446.311293984109,2446.311293984109,2393.5263032657017,2405.357421875,195500,0.0,0.0
2022-03-02 00:00:00+09:00,2366.223860346218,2366.223860346218,2321.629641439693,2328.000244140625,235600,0.0,0.0
2022-03-03 00:00:00+09:00,2362.583667784607,2369.8643570535887,2326.1802214396976,2355.302978515625,194600,0.0,0.0
2022-03-04 00:00:00+09:00,2351.6625213068182,2351.6625213068182,2245.18244584517,2252.463134765625,305600,0.0,0.0
2022-03-07 00:00:00+09:00,2182.386760043183,2189.6674498181396,2074.9965858625765,2087.73779296875,478400,0.0,0.0
2022-03-08 00:00:00+09:00,2059.524966658573,2084.097292818441,1987.6281604871072,1998.5491943359375,438400,0.0,0.0
2022-03-09 00:00:00+09:00,2010.380035081198,2052.243992353147,1993.998486583479,2001.2791748046875,368800,0.0,0.0
2022-03-10 00:00:00+09:00,2085.91738248725,2189.6671999408045,2085.91738248725,2186.02685546875,336800,0.0,0.0
2022-03-11 00:00:00+09:00,2160.5444255006905,2173.285631042818,2125.9611533149173,2141.4326171875,290600,0.0,0.0
2022-03-14 00:00:00+09:00,2163.2747204584866,2258.8337636423907,2163.2747204584866,2230.62109375,306700,0.0,0.0
2022-03-15 00:00:00+09:00,2234.2615317239542,2358.943336141951,2234.2615317239542,2295.2373046875,281000,0.0,0.0
2022-03-16 00:00:00+09:00,2327.0904604548446,2327.0904604548446,2277.0357184427144,2290.68701171875,254300,0.0,0.0
2022-03-17 00:00:00+09:00,2352.572890161958,2369.8645284262047,2321.6299585312013,2341.65185546875,279900,0.0,0.0
2022-03-18 00:00:00+09:00,2335.28118617979,2386.2460133138775,2312.529031209215,2353.48291015625,663100,0.0,0.0
2022-03-22 00:00:00+09:00,2394.4366833364024,2404.4476310812524,2353.4828061983794,2355.302978515625,225700,0.0,0.0
2022-03-23 00:00:00+09:00,2381.6950385271934,2404.4471883029596,2348.9319428500903,2390.7958984375,178100,0.0,0.0
2022-03-24 00:00:00+09:00,2368.044004559248,2431.7500308156464,2366.223832380494,2422.649169921875,234000,0.0,0.0
2022-03-25 00:00:00+09:00,2448.131427596101,2506.3769336801715,2447.221341563537,2468.1533203125,265700,0.0,0.0
2022-03-28 00:00:00+09:00,2466.3334937453756,2479.0746999861262,2441.761167423927,2459.962890625,185800,0.0,0.0
2022-03-29 00:00:00+09:00,2460.8729549548525,2502.7369179459483,2452.682179587029,2494.546142578125,219300,0.0,0.0
2022-03-30 00:00:00+09:00,2542.6067429375403,2547.2279838370996,2481.606363063357,2510.258056640625,336100,42.0,0.0
2022-03-31 00:00:00+09:00,2482.531010554387,2524.1221853402944,2459.424802339994,2499.16748046875,248800,0.0,0.0
2022-04-01 00:00:00+09:00,2462.1970559756546,2537.9854037947252,2462.1970559756546,2505.63671875,209600,0.0,0.0
2022-04-04 00:00:00+09:00,2496.3946611063225,2531.516096545804,2486.2279297948935,2521.349365234375,179000,0.0,0.0
2022-04-05 00:00:00+09:00,2543.5312731910944,2579.5769562050673,2486.2278796817022,2490.84912109375,300200,0.0,0.0
2022-04-06 00:00:00+09:00,2453.879276699167,2453.879276699167,2410.439605887543,2422.454833984375,229800,0.0,0.0
2022-04-07 00:00:00+09:00,2367.9238249163486,2397.4997665234223,2339.2721314844957,2391.030029296875,301700,0.0,0.0
2022-04-08 00:00:00+09:00,2416.909144850619,2437.242606107489,2371.620981142137,2396.57568359375,240000,0.0,0.0
2022-04-11 00:00:00+09:00,2398.4243728690453,2449.2580300974837,2398.4243728690453,2405.818359375,215000,0.0,0.0
2022-04-12 00:00:00+09:00,2391.9541615768426,2418.7573573595814,2376.241943359375,2376.241943359375,215500,0.0,0.0
2022-04-13 00:00:00+09:00,2392.87908944851,2428.924776775081,2387.333599090576,2425.227783203125,243600,0.0,0.0
2022-04-14 00:00:00+09:00,2451.1066970825195,2489.000880559285,2447.409703572591,2484.379638671875,202900,0.0,0.0
2022-04-15 00:00:00+09:00,2464.0459665442213,2489.924918931032,2453.8792352494024,2464.97021484375,151900,0.0,0.0
2022-04-18 00:00:00+09:00,2430.772773281606,2446.4849927286737,2378.090625723792,2431.697021484375,118500,0.0,0.0
2022-04-19 00:00:00+09:00,2450.182117700397,2465.894337994968,2427.075911384852,2456.65185546875,198300,0.0,0.0
2022-04-20 00:00:00+09:00,2469.5912558615955,2469.5912558615955,2417.8333552896456,2439.091064453125,319500,0.0,0.0
2022-04-21 00:00:00+09:00,2439.0913250847584,2455.727794903449,2425.227600235849,2449.258056640625,197000,0.0,0.0
2022-04-22 00:00:00+09:00,2403.0455236405774,2424.303234042013,2377.1665718475247,2417.83349609375,207900,0.0,0.0
2022-04-25 00:00:00+09:00,2371.6210537364536,2375.318046805411,2318.0146542365646,2334.651123046875,281200,0.0,0.0
2022-04-26 00:00:00+09:00,2318.0145627535308,2332.8025344457383,2274.5748959076714,2306.923583984375,299200,0.0,0.0
2022-04-27 00:00:00+09:00,2264.408294499269,2269.0295359166143,2199.7109146564326,2212.650390625,782200,0.0,0.0
2022-04-28 00:00:00+09:00,2212.650422240333,2316.1662314679506,2209.8776773503073,2312.46923828125,309800,0.0,0.0
2022-05-02 00:00:00+09:00,2267.181084239269,2311.545002724179,2242.226380091507,2266.2568359375,268900,0.0,0.0
2022-05-06 00:00:00+09:00,2273.650787884149,2301.378236516882,2249.6203324024464,2285.666015625,287300,0.0,0.0
2022-05-09 00:00:00+09:00,2270.877858863448,2270.877858863448,2226.5139446487774,2230.2109375,237000,0.0,0.0
2022-05-10 00:00:00+09:00,2199.7107041620575,2199.7107041620575,2157.195287190858,2193.240966796875,319300,0.0,0.0
2022-05-11 00:00:00+09:00,2194.165362590068,2210.8018312196473,2166.4379148741027,2188.619873046875,273200,0.0,0.0
2022-05-12 00:00:00+09:00,2165.51349942897,2182.149966774135,2138.7103020395375,2143.33154296875,265900,0.0,0.0
2022-05-13 00:00:00+09:00,2162.7411163788606,2247.7719636894826,2155.347129656198,2214.4990234375,431100,0.0,0.0
2022-05-16 00:00:00+09:00,2257.938695433144,2330.9543143194387,2211.7262784165014,2214.4990234375,446300,0.0,0.0
2022-05-17 00:00:00+09:00,2214.499071682663,2269.029724950308,2207.1050847989145,2244.999267578125,209100,0.0,0.0
2022-05-18 00:00:00+09:00,2255.165788517442,2293.0599677507266,2255.165788517442,2265.33251953125,228600,0.0,0.0
2022-05-19 00:00:00+09:00,2193.241148523307,2214.498858770267,2163.6652038318844,2208.953369140625,308900,0.0,0.0
2022-05-20 00:00:00+09:00,2213.574593730646,2247.771779521057,2208.953352407618,2238.529296875,221400,0.0,0.0
2022-05-23 00:00:00+09:00,2255.165999543279,2271.8024700317133,2244.0750192176565,2244.999267578125,216600,0.0,0.0
2022-05-24 00:00:00+09:00,2257.014117670496,2259.7868622867986,2219.119941247691,2220.044189453125,215300,0.0,0.0
2022-05-25 00:00:00+09:00,2231.1354816895546,2250.54469673325,2211.726266645859,2220.96875,207100,0.0,0.0
2022-05-26 00:00:00+09:00,2223.741178345179,2263.483851108622,2223.741178345179,2243.150390625,209400,0.0,0.0
2022-05-27 00:00:00+09:00,2282.893085629921,2282.893085629921,2221.8927035847496,2230.2109375,145600,0.0,0.0
2022-05-30 00:00:00+09:00,2276.423426621295,2341.1208037481692,2269.953688908608,2327.257080078125,611900,0.0,0.0
2022-05-31 00:00:00+09:00,2327.256757394636,2353.135704657166,2315.2415318798903,2332.80224609375,252800,0.0,0.0
2022-06-01 00:00:00+09:00,2331.8782299081377,2419.6818097104656,2331.8782299081377,2402.12109375,237200,0.0,0.0
2022-06-02 00:00:00+09:00,2385.4848124026503,2385.4848124026503,2338.348150088611,2354.984619140625,192200,0.0,0.0
2022-06-03 00:00:00+09:00,2380.8633459944754,2384.5603387677584,2335.575184521754,2342.044921875,123000,0.0,0.0
2022-06-06 00:00:00+09:00,2329.1056221932986,2348.514835711576,2309.696408675021,2341.120849609375,155600,0.0,0.0
2022-06-07 00:00:00+09:00,2368.8480730915694,2403.9695037499696,2366.0753285659066,2391.030029296875,106100,0.0,0.0
2022-06-08 00:00:00+09:00,2396.575881160429,2438.1670553417707,2386.409149693879,2422.454833984375,213800,0.0,0.0
2022-06-09 00:00:00+09:00,2414.136485949496,2436.3184444727685,2395.6515205134356,2407.666748046875,236200,0.0,0.0
2022-06-10 00:00:00+09:00,2371.621218143204,2397.500171419903,2349.4392581917477,2379.939453125,292100,0.0,0.0
2022-06-13 00:00:00+09:00,2313.3934126080785,2335.5753710190234,2290.2872059300116,2294.908447265625,193800,0.0,0.0
2022-06-14 00:00:00+09:00,2248.695917561196,2305.9993071579056,2240.37768358748,2303.2265625,281800,0.0,0.0
2022-06-15 00:00:00+09:00,2303.2267438782883,2343.893668730072,2288.4387712049124,2318.93896484375,297400,0.0,0.0
2022-06-16 00:00:00+09:00,2338.3482642289146,2369.7727073055084,2322.6360426906176,2330.030029296875,192600,0.0,0.0
2022-06-17 00:00:00+09:00,2283.8175870853756,2326.333009588786,2261.635627518379,2286.59033203125,327000,0.0,0.0
2022-06-20 00:00:00+09:00,2307.8479223907816,2323.560142927683,2214.4988474362485,2215.423095703125,180200,0.0,0.0
2022-06-21 00:00:00+09:00,2255.1659008284355,2300.4540685090064,2230.2111961881205,2280.12060546875,243000,0.0,0.0
2022-06-22 00:00:00+09:00,2301.3780955188677,2301.3780955188677,2200.6350383254717,2204.33203125,290600,0.0,0.0
2022-06-23 00:00:00+09:00,2178.4532780958307,2178.4532780958307,2027.8008027756691,2054.60400390625,630700,0.0,0.0
2022-06-24 00:00:00+09:00,2059.2251046956912,2118.3769928018514,2040.7401396625164,2115.604248046875,456700,0.0,0.0
2022-06-27 00:00:00+09:00,2147.0285037309695,2165.513467172476,2122.9980512570114,2162.74072265625,232100,0.0,0.0
2022-06-28 00:00:00+09:00,2173.831889802632,2201.5593373766446,2161.8166625205595,2195.089599609375,242000,0.0,0.0
2022-06-29 00:00:00+09:00,2194.165300707547,2220.0442511792453,2173.8318396226414,2204.33203125,593300,0.0,0.0
2022-06-30 00:00:00+09:00,2199.710857474392,2208.029091809379,2144.2559619078106,2165.513671875,302600,0.0,0.0
2022-07-01 00:00:00+09:00,2172.9074665776984,2206.1804009872253,2115.6040795390695,2133.164794921875,288200,0.0,0.0
2022-07-04 00:00:00+09:00,2156.2713083301537,2183.0745093338287,2135.013597189308,2157.195556640625,186400,0.0,0.0
2022-07-05 00:00:00+09:00,2171.983426538498,2171.983426538498,2121.149771874831,2135.937744140625,167000,0.0,0.0
2022-07-06 00:00:00+09:00,2097.1191622782703,2119.30111904102,2073.088709118625,2084.1796875,252400,0.0,0.0
2022-07-07 00:00:00+09:00,2114.679816447513,2119.3010573051347,2043.512707240145,2099.891845703125,269400,0.0,0.0
2022-07-08 00:00:00+09:00,2124.846719349718,2163.665145714524,2116.5284851286883,2122.073974609375,298600,0.0,0.0
2022-07-11 00:00:00+09:00,2152.574133084774,2182.150076519172,2129.4679272766507,2141.483154296875,137900,0.0,0.0
2022-07-12 00:00:00+09:00,2124.846535602752,2126.6950319364646,2092.49784976278,2106.361572265625,231000,0.0,0.0
2022-07-13 00:00:00+09:00,2125.770762493867,2132.240499597109,2108.2100474993526,2119.301025390625,152200,0.0,0.0
2022-07-14 00:00:00+09:00,2098.9678638363753,2135.013547099087,2091.5738775260756,2126.6953125,109000,0.0,0.0
2022-07-15 00:00:00+09:00,2135.9378588354107,2135.9378588354107,2079.5587115446447,2110.983154296875,106600,0.0,0.0
2022-07-19 00:00:00+09:00,2161.8165932045326,2171.0590754328546,2131.3164018510697,2154.422607421875,266000,0.0,0.0
2022-07-20 00:00:00+09:00,2208.953324310833,2236.6807718963246,2200.6350900351854,2234.832275390625,226200,0.0,0.0
2022-07-21 00:00:00+09:00,2217.2716656615403,2249.620356073443,2216.3474173640575,2232.98388671875,132700,0.0,0.0
2022-07-22 00:00:00+09:00,2223.741063906315,2238.5290344061077,2215.4228305001816,2228.3623046875,149300,0.0,0.0
2022-07-25 00:00:00+09:00,2205.2560825602213,2245.9230010986325,2195.0893529256186,2218.195556640625,192100,0.0,0.0
2022-07-26 00:00:00+09:00,2220.044613444347,2253.3175551945533,2214.4991231526456,2235.7568359375,179300,0.0,0.0
2022-07-27 00:00:00+09:00,2220.9683010864255,2232.9835270182293,2207.104578857422,2218.195556640625,110100,0.0,0.0
2022-07-28 00:00:00+09:00,2245.923362883511,2266.2568254281355,2218.195913959023,2232.98388671875,199800,0.0,0.0
2022-07-29 00:00:00+09:00,2217.2715637487595,2232.059535828784,2201.5593434137327,2211.72607421875,155000,0.0,0.0
2022-08-01 00:00:00+09:00,2236.680777914614,2259.7869842980294,2232.9837848932675,2251.46875,162000,0.0,0.0
2022-08-02 00:00:00+09:00,2220.968625176222,2226.5141148770363,2196.0139215225563,2212.650390625,224400,0.0,0.0
2022-08-03 00:00:00+09:00,2214.4990234375,2220.96876181983,2194.1655599501773,2214.4990234375,199200,0.0,0.0
2022-08-04 00:00:00+09:00,2229.2871495077056,2237.605385140197,2205.256691013841,2226.514404296875,235600,0.0,0.0
2022-08-05 00:00:00+09:00,2208.953096145157,2220.0440740337517,2196.937870099179,2205.256103515625,238700,0.0,0.0
2022-08-08 00:00:00+09:00,2215.423062080781,2239.4535166548735,2207.1048278051335,2234.832275390625,250000,0.0,0.0
2022-08-09 00:00:00+09:00,2239.4535397497257,2288.438697655931,2208.0290988287634,2261.635498046875,422800,0.0,0.0
2022-08-10 00:00:00+09:00,2280.1204801048034,2317.0904108726154,2085.1040953045954,2192.31689453125,974100,0.0,0.0
2022-08-12 00:00:00+09:00,2261.6353835588816,2315.241780063342,2238.5291781690275,2246.847412109375,584000,0.0,0.0
2022-08-15 00:00:00+09:00,2257.0142964114925,2271.802268869553,2221.8928618235987,2258.86279296875,252100,0.0,0.0
2022-08-16 00:00:00+09:00,2233.907743785658,2257.0139471760763,2210.8015403952395,2237.604736328125,233000,0.0,0.0
2022-08-17 00:00:00+09:00,2264.408254154393,2278.27197815942,2233.908061343334,2255.165771484375,227700,0.0,0.0
2022-08-18 00:00:00+09:00,2234.8321427521173,2244.074624732068,2207.1046968122646,2209.87744140625,321800,0.0,0.0
2022-08-19 00:00:00+09:00,2239.453441700969,2239.453441700969,2217.271484375,2217.271484375,145000,0.0,0.0
2022-08-22 00:00:00+09:00,2186.771421879918,2205.2563874072207,2157.195477036233,2202.483642578125,233900,0.0,0.0
2022-08-23 00:00:00+09:00,2171.983154296875,2186.771124709109,2161.816424638464,2171.983154296875,169800,0.0,0.0
2022-08-24 00:00:00+09:00,2218.1958120037607,2270.87796253885,2203.407839923736,2211.72607421875,296600,0.0,0.0
2022-08-25 00:00:00+09:00,2211.726266645859,2227.4384883478983,2185.8473132542654,2220.96875,159700,0.0,0.0
2022-08-26 00:00:00+09:00,2223.7410455322265,2232.9835270182293,2214.4985640462237,2218.195556640625,137400,0.0,0.0
2022-08-29 00:00:00+09:00,2148.877270799448,2169.210733146798,2148.877270799448,2166.43798828125,189000,0.0,0.0
2022-08-30 00:00:00+09:00,2178.4530807783017,2204.33203125,2174.7560878537734,2204.33203125,156800,0.0,0.0
2022-08-31 00:00:00+09:00,2171.983686451176,2195.089895881508,2168.286692942323,2185.847412109375,193700,0.0,0.0
2022-09-01 00:00:00+09:00,2159.968267948982,2176.604737278499,2127.619577586032,2136.862060546875,249800,0.0,0.0
2022-09-02 00:00:00+09:00,2114.679813343492,2123.9222950451676,2100.8160907909773,2122.998046875,245100,0.0,0.0
2022-09-05 00:00:00+09:00,2128.543685383766,2166.4378630219485,2128.543685383766,2158.11962890625,234900,0.0,0.0
2022-09-06 00:00:00+09:00,2153.4982409354966,2182.1499342698316,2136.861773838141,2162.74072265625,234400,0.0,0.0
2022-09-07 00:00:00+09:00,2155.346787402763,2161.8165247577454,2135.937575337815,2153.498291015625,160700,0.0,0.0
2022-09-08 00:00:00+09:00,2181.225814564172,2213.5745024920307,2172.90758052558,2210.8017578125,227900,0.0,0.0
2022-09-09 00:00:00+09:00,2196.937977426004,2217.271437881777,2193.2409846158635,2203.40771484375,188000,0.0,0.0
2022-09-12 00:00:00+09:00,2225.589826638767,2227.4383231725205,2200.6351234331,2215.423095703125,153200,0.0,0.0
2022-09-13 00:00:00+09:00,2217.271506485849,2220.9684994103773,2190.4683077830186,2204.33203125,150500,0.0,0.0
2022-09-14 00:00:00+09:00,2122.0740940642763,2135.9378185464034,2098.0436382952557,2113.755859375,443500,0.0,0.0
2022-09-15 00:00:00+09:00,2103.5890998857044,2110.058837890625,2082.331389298107,2110.058837890625,268300,0.0,0.0
2022-09-16 00:00:00+09:00,2094.346388801158,2123.9223307436278,2078.6341696442205,2080.482666015625,239700,0.0,0.0
2022-09-20 00:00:00+09:00,2112.8315032918986,2138.710454338344,2098.9677795170173,2115.604248046875,257900,0.0,0.0
2022-09-21 00:00:00+09:00,2108.210409348149,2133.1651138866846,2097.119429553244,2110.983154296875,210900,0.0,0.0
2022-09-22 00:00:00+09:00,2074.937301770776,2093.4222665972416,2073.088805288129,2088.801025390625,245300,0.0,0.0
2022-09-26 00:00:00+09:00,2075.8615356613223,2077.7100321311896,2015.785400390625,2015.785400390625,280000,0.0,0.0
2022-09-27 00:00:00+09:00,2037.043192992717,2053.679661901006,2016.7097309936971,2018.5582275390625,229000,0.0,0.0
2022-09-28 00:00:00+09:00,2012.0883645945582,2029.6490806842673,1985.2851663523707,2010.2398681640625,279300,0.0,0.0
2022-09-29 00:00:00+09:00,2069.4196107438875,2069.4196107438875,2034.6631306723832,2050.63232421875,306700,35.0,0.0
2022-09-30 00:00:00+09:00,2035.6027393685288,2064.7230369783233,2013.9973572709393,2029.966552734375,248100,0.0,0.0
2022-10-03 00:00:00+09:00,2015.8759314009558,2059.086692279075,2002.724830264137,2051.57177734375,198800,0.0,0.0
2022-10-04 00:00:00+09:00,2108.87353515625,2122.964004210746,2095.722430705387,2108.87353515625,205000,0.0,0.0
2022-10-05 00:00:00+09:00,2151.1443984340613,2153.9624915324466,2122.963467450209,2134.23583984375,255000,0.0,0.0
2022-10-06 00:00:00+09:00,2135.1754253186677,2154.9020790501645,2129.53923853824,2141.7509765625,262900,0.0,0.0
2022-10-07 00:00:00+09:00,2105.115611337682,2130.4784500284973,2091.964509794296,2111.691162109375,214000,0.0,0.0
2022-10-11 00:00:00+09:00,2072.2378602103995,2091.9645125514776,2044.9962926917678,2060.026123046875,354100,0.0,0.0
2022-10-12 00:00:00+09:00,2059.086965556463,2069.4199749639088,2003.6644605528902,2013.05810546875,404900,0.0,0.0
2022-10-13 00:00:00+09:00,2007.4218763780282,2007.4218763780282,1988.6345869407044,1997.0888671875,323200,0.0,0.0
2022-10-14 00:00:00+09:00,2048.7536065923123,2072.237714875122,2018.693947990316,2046.8748779296875,283800,0.0,0.0
2022-10-17 00:00:00+09:00,2019.6336452162539,2028.0879255915777,2004.6038134379003,2016.8155517578125,239500,0.0,0.0
2022-10-18 00:00:00+09:00,2046.8750117896004,2053.4505625388097,2019.6334444000188,2032.7845458984375,384800,0.0,0.0
2022-10-19 00:00:00+09:00,2026.2089396589536,2052.511141935472,2017.7546603557869,2041.23876953125,335800,0.0,0.0
2022-10-20 00:00:00+09:00,2032.78461434908,2034.6633431978314,1999.9068594959294,2010.2398681640625,317400,0.0,0.0
2022-10-21 00:00:00+09:00,2007.4217731994572,2034.6633414833993,2004.6036799287047,2030.9058837890625,471300,0.0,0.0
2022-10-24 00:00:00+09:00,2055.3292350365277,2061.9047856056577,2033.7238545951018,2041.23876953125,355100,0.0,0.0
2022-10-25 00:00:00+09:00,2056.268840993845,2075.9954950189117,2045.9358317426197,2072.238037109375,336400,0.0,0.0
2022-10-26 00:00:00+09:00,2085.3889827195108,2103.236906445489,2072.237881026685,2083.51025390625,353200,0.0,0.0
2022-10-27 00:00:00+09:00,2071.298649485518,2085.389116488821,2051.5719956808944,2079.7529296875,623800,0.0,0.0
2022-10-28 00:00:00+09:00,2050.6326541295402,2077.87422397368,2044.9964672652354,2072.238037109375,2015100,0.0,0.0
2022-10-31 00:00:00+09:00,2110.7520452535377,2117.3275967963837,2084.449839082154,2091.025390625,297500,0.0,0.0
2022-11-01 00:00:00+09:00,2102.2976974953012,2104.176426447487,2084.4497724495413,2092.904052734375,163100,0.0,0.0
2022-11-02 00:00:00+09:00,2093.8431063664866,2107.9335714160593,2081.6313699901907,2094.782470703125,326500,0.0,0.0
2022-11-04 00:00:00+09:00,2066.601651238074,2084.449574589675,2061.9048293034416,2067.541015625,231000,0.0,0.0
2022-11-07 00:00:00+09:00,2094.782693911115,2094.782693911115,2071.298582992829,2081.631591796875,173700,0.0,0.0
2022-11-08 00:00:00+09:00,2094.7828862272354,2129.5393735771936,2088.207334566432,2127.66064453125,166600,0.0,0.0
2022-11-09 00:00:00+09:00,2124.8425941215323,2133.296875,2113.570219616909,2133.296875,185400,0.0,0.0
2022-11-10 00:00:00+09:00,2095.7218797210126,2103.2367945743376,2064.7228559510468,2069.419677734375,285800,0.0,0.0
2022-11-11 00:00:00+09:00,2107.9340234907186,2112.630846181206,1975.4836236189756,2068.480712890625,725900,0.0,0.0
2022-11-14 00:00:00+09:00,2066.601642396418,2075.0559218425847,2008.3610506561552,2009.3004150390625,459200,0.0,0.0
2022-11-15 00:00:00+09:00,2073.177311866292,2088.2071428539953,2056.268752005126,2081.631591796875,420300,0.0,0.0
2022-11-16 00:00:00+09:00,2052.511339777166,2081.631637961648,2049.6932464044744,2066.601806640625,263000,0.0,0.0
2022-11-17 00:00:00+09:00,2066.60204835199,2085.3893397006445,2061.9052255148267,2076.93505859375,249000,0.0,0.0
2022-11-18 00:00:00+09:00,2087.2680254393426,2097.60103546627,2063.7839117417802,2071.298828125,192500,0.0,0.0
2022-11-21 00:00:00+09:00,2066.601782545629,2086.3284359244735,2066.601782545629,2084.44970703125,164900,0.0,0.0
2022-11-22 00:00:00+09:00,2102.297804337428,2122.0244593379134,2094.782888146767,2117.32763671875,230100,0.0,0.0
2022-11-24 00:00:00+09:00,2137.9934067157583,2177.4467121120947,2137.9934067157583,2158.659423828125,226100,0.0,0.0
2022-11-25 00:00:00+09:00,2165.2351541381677,2170.871341090371,2148.326593281557,2150.205322265625,149300,0.0,0.0
2022-11-28 00:00:00+09:00,2155.841152807747,2155.841152807747,2115.448486328125,2115.448486328125,173600,0.0,0.0
2022-11-29 00:00:00+09:00,2102.297629319361,2123.9030115688447,2087.267798189285,2105.11572265625,207500,0.0,0.0
2022-11-30 00:00:00+09:00,2101.358021277094,2123.9027653587436,2097.6005639301525,2115.448486328125,318900,0.0,0.0
2022-12-01 00:00:00+09:00,2130.4787835315265,2134.2362417035397,2113.5702217574667,2122.9638671875,196800,0.0,0.0
2022-12-02 00:00:00+09:00,2090.0859180797233,2097.6008337402345,2049.6932464044744,2066.601806640625,355400,0.0,0.0
2022-12-05 00:00:00+09:00,2070.3591087857794,2090.0857609112336,2063.7835580772944,2067.541015625,187000,0.0,0.0
2022-12-06 00:00:00+09:00,2052.5112197637777,2062.8442281927946,2040.2994825294852,2045.9356689453125,167100,0.0,0.0
2022-12-07 00:00:00+09:00,2042.178488440945,2074.1168824644005,2035.6029367302338,2044.99658203125,227800,0.0,0.0
2022-12-08 00:00:00+09:00,2052.5111634911354,2066.6016291443925,2028.0876896921561,2064.722900390625,277200,0.0,0.0
2022-12-09 00:00:00+09:00,2062.8444356245764,2078.813632075222,2060.9657066303826,2077.874267578125,261000,0.0,0.0
2022-12-12 00:00:00+09:00,2070.359042091041,2086.3282361543565,2068.4803133777095,2069.419677734375,184900,0.0,0.0
2022-12-13 00:00:00+09:00,2101.3582681849384,2106.055090420488,2071.2986058774204,2074.11669921875,140800,0.0,0.0
2022-12-14 00:00:00+09:00,2075.995205965909,2105.115500710227,2075.995205965909,2097.6005859375,131400,0.0,0.0
2022-12-15 00:00:00+09:00,2092.9043368944876,2126.7214626252785,2091.964972290855,2108.87353515625,133400,0.0,0.0
2022-12-16 00:00:00+09:00,2085.3891617035424,2098.540264525096,2070.359329907481,2075.05615234375,207300,0.0,0.0
2022-12-19 00:00:00+09:00,2071.298828125,2082.57120269983,2062.8445471938776,2071.298828125,119000,0.0,0.0
2022-12-20 00:00:00+09:00,2085.388973856104,2101.3581687009478,2029.0271096978306,2045.9356689453125,241300,0.0,0.0
2022-12-21 00:00:00+09:00,2043.117623017213,2053.450631685346,2009.3005037396867,2010.2398681640625,234500,0.0,0.0
2022-12-22 00:00:00+09:00,2035.6025613393426,2054.3898484767615,2013.9971811313108,2028.087646484375,183500,0.0,0.0
2022-12-23 00:00:00+09:00,2026.2092502170137,2043.1178114149304,2014.9368760850693,2029.02734375,136100,0.0,0.0
2022-12-26 00:00:00+09:00,2045.9357897887876,2064.723078951219,2033.724051833207,2056.268798828125,124200,0.0,0.0
2022-12-27 00:00:00+09:00,2060.026234730601,2069.419879211817,2048.753861353142,2053.45068359375,96700,0.0,0.0
2022-12-28 00:00:00+09:00,2040.299617095397,2043.1177104891754,2023.391056732728,2031.8453369140625,143400,0.0,0.0
2022-12-29 00:00:00+09:00,2027.148514591099,2043.1177104891754,2018.6942344097645,2031.8453369140625,125600,0.0,0.0
2022-12-30 00:00:00+09:00,2031.8451815056933,2048.753740575089,2031.8451815056933,2032.7845458984375,110300,0.0,0.0
2023-01-04 00:00:00+09:00,2014.9369392719216,2017.7550328932807,1989.5740966796875,1989.5740966796875,119100,0.0,0.0
2023-01-05 00:00:00+09:00,1989.5740966796875,1995.2102839224062,1973.6048994919847,1989.5740966796875,170000,0.0,0.0
2023-01-06 00:00:00+09:00,1987.695375135329,2013.9975823677435,1983.9379169592696,2006.482666015625,119300,0.0,0.0
2023-01-10 00:00:00+09:00,2027.1484163198897,2028.0877807389445,2002.7249414244695,2013.997314453125,107100,0.0,0.0
2023-01-11 00:00:00+09:00,2019.633510706052,2034.6633414833993,2016.8154174352994,2030.9058837890625,141400,0.0,0.0
2023-01-12 00:00:00+09:00,2027.1486501569411,2032.7848373214183,2016.8156403553999,2017.7550048828125,84700,0.0,0.0
2023-01-13 00:00:00+09:00,2003.664473856302,2019.6336703192917,1997.0889223715415,1998.9676513671875,119600,0.0,0.0
2023-01-16 00:00:00+09:00,1986.7557744565217,1999.9068765096617,1940.7269172705314,1944.484375,254200,0.0,0.0
2023-01-17 00:00:00+09:00,1944.4843060037363,1989.573797157446,1944.4843060037363,1987.695068359375,152700,0.0,0.0
2023-01-18 00:00:00+09:00,1982.0589039088309,1993.3312768220565,1962.3322513106862,1990.51318359375,253300,0.0,0.0
2023-01-19 00:00:00+09:00,1980.1802320766585,1982.9983253860655,1965.1504010931546,1971.7259521484375,146100,0.0,0.0
2023-01-20 00:00:00+09:00,1969.8471566390447,1976.4227074718883,1960.453512592125,1973.6046142578125,78800,0.0,0.0
2023-01-23 00:00:00+09:00,1996.1496560314622,2006.482666015625,1981.1198233272253,2006.482666015625,106700,0.0,0.0
2023-01-24 00:00:00+09:00,2018.6941690400672,2027.1484489476338,1998.9675159224118,2023.3909912109375,268500,0.0,0.0
2023-01-25 00:00:00+09:00,2004.6039369275954,2009.3007596476696,1995.2102914874474,2006.482666015625,125100,0.0,0.0
2023-01-26 00:00:00+09:00,2009.3006926376872,2009.3006926376872,1992.3921314093195,2008.361328125,152100,0.0,0.0
2023-01-27 00:00:00+09:00,1983.9376952221194,2031.8452816124263,1981.1196019050426,2029.966552734375,333300,0.0,0.0
2023-01-30 00:00:00+09:00,2038.4206544099554,2060.026034617987,2023.3908247000204,2028.087646484375,149600,0.0,0.0
2023-01-31 00:00:00+09:00,2017.7548345651303,2057.208141386236,2016.8154701170088,2053.45068359375,197800,0.0,0.0
2023-02-01 00:00:00+09:00,2077.874240226271,2083.5104271346604,2032.7847449591548,2037.4815673828125,156400,0.0,0.0
2023-02-02 00:00:00+09:00,2043.117736730562,2043.117736730562,2002.7250642342797,2003.6644287109375,149900,0.0,0.0
2023-02-03 00:00:00+09:00,1988.634611632171,1988.634611632171,1964.2111350604014,1979.240966796875,206800,0.0,0.0
2023-02-06 00:00:00+09:00,2005.5430141447175,2015.8760226485076,1980.18017508996,1990.51318359375,121400,0.0,0.0
2023-02-07 00:00:00+09:00,2006.4822443181818,2013.997159090909,1999.9066938920455,2004.603515625,112900,0.0,0.0
2023-02-08 00:00:00+09:00,2017.7548958608033,2022.451718244092,1990.5133260377293,2003.6644287109375,87100,0.0,0.0
2023-02-09 00:00:00+09:00,1997.0886776662428,2020.5727872342843,1992.3918557526345,2019.6334228515625,72500,0.0,0.0
2023-02-10 00:00:00+09:00,1992.3918915232136,2022.4515523099853,1956.6960443389223,1967.029052734375,349600,0.0,0.0
2023-02-13 00:00:00+09:00,1972.6653757593388,1983.9377493351064,1928.5152459209155,1942.605712890625,362700,0.0,0.0
2023-02-14 00:00:00+09:00,1965.1503452250356,1982.99826901054,1951.0598790785846,1980.18017578125,164300,0.0,0.0
2023-02-15 00:00:00+09:00,1975.4834340609036,1979.2408918527456,1939.7875850384053,1953.8780517578125,130600,0.0,0.0
2023-02-16 00:00:00+09:00,1986.7558144623379,2008.3611968418338,1986.7558144623379,1991.45263671875,177100,0.0,0.0
2023-02-17 00:00:00+09:00,1982.9981913509903,1987.6950132158672,1960.4534463995817,1975.4832763671875,169600,0.0,0.0
2023-02-20 00:00:00+09:00,1993.3314643802498,2010.2400253410626,1982.9984549041976,1998.9676513671875,123300,0.0,0.0
2023-02-21 00:00:00+09:00,2007.4217635197426,2016.8154077102888,2004.6036702625788,2013.997314453125,94400,0.0,0.0
2023-02-22 00:00:00+09:00,2005.5429357192095,2015.8759438189338,1995.2099276194851,1996.1492919921875,111600,0.0,0.0
2023-02-24 00:00:00+09:00,2010.2401325113378,2072.2381926729026,2001.7858515802154,2071.298828125,225500,0.0,0.0
2023-02-27 00:00:00+09:00,2076.9345483069997,2102.2973853962303,2075.9951839703617,2094.782470703125,225100,0.0,0.0
2023-02-28 00:00:00+09:00,2101.35820058417,2111.691209169966,2074.116632494344,2075.995361328125,223700,0.0,0.0
2023-03-01 00:00:00+09:00,2081.6317022100225,2099.479627454603,2080.6923377234657,2085.38916015625,172700,0.0,0.0
2023-03-02 00:00:00+09:00,2104.1760472670253,2109.812233107919,2091.0249469716064,2096.6611328125,136000,0.0,0.0
2023-03-03 00:00:00+09:00,2115.448905732616,2137.9936542839405,2104.176531456954,2127.66064453125,245500,0.0,0.0
2023-03-06 00:00:00+09:00,2132.3571325625135,2158.6593350787034,2129.539039435779,2157.719970703125,206800,0.0,0.0
2023-03-07 00:00:00+09:00,2160.5383068064884,2188.7192412430945,2160.5383068064884,2168.05322265625,239100,0.0,0.0
2023-03-08 00:00:00+09:00,2172.749777786917,2190.597700734583,2164.2954984959174,2185.90087890625,254200,0.0,0.0
2023-03-09 00:00:00+09:00,2209.385032263225,2227.2329555680726,2194.355202111775,2201.8701171875,234900,0.0,0.0
2023-03-10 00:00:00+09:00,2154.9020764891943,2190.597926056147,2154.9020764891943,2162.4169921875,324300,0.0,0.0
2023-03-13 00:00:00+09:00,2134.2361981477375,2139.8723852907333,2106.0552624327584,2117.32763671875,221500,0.0,0.0
2023-03-14 00:00:00+09:00,2075.9955674588323,2085.389212560456,2013.0581452779536,2039.3603515625,343100,0.0,0.0
2023-03-15 00:00:00+09:00,2085.3890485553716,2093.843328481947,2067.5411242659334,2091.964599609375,254100,0.0,0.0
2023-03-16 00:00:00+09:00,2019.6335542685872,2051.571945359346,2002.7249942793617,2036.5421142578125,255000,0.0,0.0
2023-03-17 00:00:00+09:00,2048.7539966641234,2050.6327256844484,2018.6943323389278,2039.3603515625,193900,0.0,0.0
2023-03-20 00:00:00+09:00,2012.1186973561068,2039.3602670215257,1999.9069592302294,2007.421875,187700,0.0,0.0
2023-03-22 00:00:00+09:00,2054.3900175386816,2055.3293819728556,2012.1186180008488,2023.3909912109375,217900,0.0,0.0
2023-03-23 00:00:00+09:00,2011.1792834282794,2054.3900480418715,2004.6037322914283,2053.45068359375,238200,0.0,0.0
2023-03-24 00:00:00+09:00,2037.4816916026484,2042.1785143126592,2020.5731298466098,2027.148681640625,185200,0.0,0.0
2023-03-27 00:00:00+09:00,2050.632635187414,2056.268821999656,2035.6028036881019,2048.75390625,216000,0.0,0.0
2023-03-28 00:00:00+09:00,2066.601685803346,2073.177236621811,2028.0877452951927,2045.9356689453125,176900,0.0,0.0
2023-03-29 00:00:00+09:00,2059.0865605398744,2098.539861426131,2058.147196233059,2096.6611328125,243900,0.0,0.0
2023-03-30 00:00:00+09:00,2130.063034119898,2130.063034119898,2090.9355321490575,2104.296142578125,195100,35.0,0.0
2023-03-31 00:00:00+09:00,2130.0631686295947,2170.1450024478936,2120.5198748633334,2154.875732421875,402900,0.0,0.0
2023-04-03 00:00:00+09:00,2181.5968569506094,2188.2771622868536,2158.6929529406293,2163.464599609375,183600,0.0,0.0
2023-04-04 00:00:00+09:00,2135.7889191930194,2159.6471510874903,2135.7889191930194,2155.829833984375,143500,0.0,0.0
2023-04-05 00:00:00+09:00,2119.565245831257,2127.199879764913,2089.026710096633,2094.752685546875,135900,0.0,0.0
2023-04-06 00:00:00+09:00,2073.7576652710186,2073.7576652710186,2054.6710783840326,2065.168701171875,158900,0.0,0.0
2023-04-07 00:00:00+09:00,2065.1687338592164,2078.5293448915772,2062.305745780853,2067.077392578125,108800,0.0,0.0
2023-04-10 00:00:00+09:00,2088.07270496639,2098.5703282546124,2069.9404465594607,2085.209716796875,130100,0.0,0.0
2023-04-11 00:00:00+09:00,2108.1134105270066,2111.9307277031535,2088.0724953522367,2101.43310546875,122500,0.0,0.0
2023-04-12 00:00:00+09:00,2112.8851080817144,2130.063035789696,2108.1134614961643,2118.611083984375,139100,0.0,0.0
2023-04-13 00:00:00+09:00,2121.47412109375,2125.291438450644,2108.113510344622,2121.47412109375,116500,0.0,0.0
2023-04-14 00:00:00+09:00,2166.327389871466,2176.8250115845,2146.2864756920385,2152.012451171875,303600,0.0,0.0
2023-04-17 00:00:00+09:00,2152.0127116534727,2157.7386878263865,2130.0631363239695,2152.967041015625,158000,0.0,0.0
2023-04-18 00:00:00+09:00,2156.7844726994035,2172.053743302585,2150.1041668105113,2159.6474609375,116700,0.0,0.0
2023-04-19 00:00:00+09:00,2159.6472822743785,2170.144904945619,2149.1496596031375,2163.464599609375,117900,0.0,0.0
2023-04-20 00:00:00+09:00,2152.012761232616,2179.6883133726365,2149.1497730802,2170.14501953125,105800,0.0,0.0
2023-04-21 00:00:00+09:00,2150.1039726614217,2173.962205824553,2148.195314008371,2162.51025390625,152500,0.0,0.0
2023-04-24 00:00:00+09:00,2175.8708314929327,2175.8708314929327,2156.7842452517666,2160.6015625,136900,0.0,0.0
2023-04-25 00:00:00+09:00,2177.779407327288,2188.277029360855,2152.9668461570386,2155.829833984375,141600,0.0,0.0
2023-04-26 00:00:00+09:00,2130.0632156757674,2136.7435214596967,2110.022298323979,2114.7939453125,161700,0.0,0.0
2023-04-27 00:00:00+09:00,2114.7937538211427,2146.28662109375,2113.8394245098516,2146.28662109375,119800,0.0,0.0
2023-04-28 00:00:00+09:00,2168.236247671998,2186.368505024889,2166.327589003273,2177.779541015625,156800,0.0,0.0
2023-05-01 00:00:00+09:00,2206.409392641129,2219.770003150202,2201.637746030746,2218.815673828125,154800,0.0,0.0
2023-05-02 00:00:00+09:00,2218.8156887237665,2218.8156887237665,2182.5511742413996,2205.455078125,97500,0.0,0.0
2023-05-08 00:00:00+09:00,2205.4551924013494,2224.5417799599936,2200.6835455116884,2212.135498046875,158600,0.0,0.0
2023-05-09 00:00:00+09:00,2208.31800231145,2221.6786125242247,2195.9117213995883,2215.95263671875,124500,0.0,0.0
2023-05-10 00:00:00+09:00,2219.7699210331357,2227.4045553273168,2200.6833352976832,2214.0439453125,127200,0.0,0.0
2023-05-11 00:00:00+09:00,2194.9573574769524,2211.1809553365647,2191.140040333514,2199.72900390625,81500,0.0,0.0
2023-05-12 00:00:00+09:00,2214.0439927020147,2214.0439927020147,2188.277101407638,2202.592041015625,242800,0.0,0.0
2023-05-15 00:00:00+09:00,2227.404770988291,2272.2582518093923,2215.952818438223,2269.395263671875,381100,0.0,0.0
2023-05-16 00:00:00+09:00,2290.390354836249,2345.741455078125,2288.4816962072186,2345.741455078125,330200,0.0,0.0
2023-05-17 00:00:00+09:00,2346.695913330479,2355.2848776330306,2310.4313973863723,2324.746337890625,359800,0.0,0.0
2023-05-18 00:00:00+09:00,2344.7870948510536,2371.5083153051964,2336.1981311336503,2358.147705078125,250800,0.0,0.0
2023-05-19 00:00:00+09:00,2381.0514478097716,2395.366386373758,2367.690838483384,2377.234130859375,323400,0.0,0.0
2023-05-22 00:00:00+09:00,2363.8739092745764,2364.828238668712,2325.700733509141,2357.193603515625,163300,0.0,0.0
2023-05-23 00:00:00+09:00,2366.7366999974574,2388.6862742313047,2332.3808446749135,2345.741455078125,216800,0.0,0.0
2023-05-24 00:00:00+09:00,2325.7003926985503,2352.4216118185996,2320.9287464271133,2337.15234375,103800,0.0,0.0
2023-05-25 00:00:00+09:00,2327.609315439356,2415.4076168007423,2319.0203511757427,2409.681640625,389400,0.0,0.0
2023-05-26 00:00:00+09:00,2415.4076331735882,2445.9461729845543,2407.772998220847,2410.635986328125,327700,0.0,0.0
2023-05-29 00:00:00+09:00,2433.539922055918,2453.580839061084,2368.6455241344265,2369.599853515625,242900,0.0,0.0
2023-05-30 00:00:00+09:00,2359.1022296330534,2368.6455234422483,2332.381006967307,2355.284912109375,80400,0.0,0.0
2023-05-31 00:00:00+09:00,2330.472266103707,2346.695865007787,2315.202996546926,2336.1982421875,247500,0.0,0.0
2023-06-01 00:00:00+09:00,2312.340088591603,2353.3762519467164,2304.7054535487914,2326.655029296875,138600,0.0,0.0
2023-06-02 00:00:00+09:00,2358.1477087875787,2386.777587890625,2333.335146898272,2386.777587890625,149900,0.0,0.0
2023-06-05 00:00:00+09:00,2424.9507646694037,2424.9507646694037,2398.229544122082,2422.56494140625,208000,0.0,0.0
2023-06-06 00:00:00+09:00,2386.7776385796074,2403.95556640625,2369.5997107529647,2403.95556640625,196300,0.0,0.0
2023-06-07 00:00:00+09:00,2418.7477355664996,2429.7225230823865,2387.732031717255,2393.4580078125,186100,0.0,0.0
2023-06-08 00:00:00+09:00,2393.4579085707305,2407.2956835604737,2372.9398284135254,2380.574462890625,162400,0.0,0.0
2023-06-09 00:00:00+09:00,2396.7980300796826,2401.0925119173726,2375.8027855398645,2392.980712890625,224100,0.0,0.0
2023-06-12 00:00:00+09:00,2396.321223624729,2422.088118502414,2388.2094233854577,2421.1337890625,155400,0.0,0.0
2023-06-13 00:00:00+09:00,2416.362157659637,2451.195182444225,2411.113345705795,2443.560546875,218900,0.0,0.0
2023-06-14 00:00:00+09:00,2452.626398715373,2456.443716067459,2434.016976623953,2441.651611328125,199400,0.0,0.0
2023-06-15 00:00:00+09:00,2429.7225288394066,2479.8248197915154,2406.8186244041567,2465.03271484375,321300,0.0,0.0
2023-06-16 00:00:00+09:00,2471.7129874866814,2471.7129874866814,2428.768167240774,2463.1240234375,466800,0.0,0.0
2023-06-19 00:00:00+09:00,2464.0782182338635,2464.0782182338635,2413.4987660392876,2434.016845703125,177700,0.0,0.0
2023-06-20 00:00:00+09:00,2413.976171807398,2425.905289082588,2397.275407622132,2412.544677734375,106800,0.0,0.0
2023-06-21 00:00:00+09:00,2420.1791516937305,2437.8342440858178,2400.138236005415,2431.631103515625,185500,0.0,0.0
2023-06-22 00:00:00+09:00,2440.6969423229066,2466.463830863559,2440.6969423229066,2450.240234375,174500,0.0,0.0
2023-06-23 00:00:00+09:00,2462.16957421644,2484.596312586241,2405.8641459688547,2420.65625,274200,0.0,0.0
2023-06-26 00:00:00+09:00,2451.6719167572332,2575.257558337639,2440.2199654138753,2510.84033203125,585400,0.0,0.0
2023-06-27 00:00:00+09:00,2558.5569286951654,2566.191563320142,2484.5964057657084,2511.317626953125,363000,0.0,0.0
2023-06-28 00:00:00+09:00,2542.8104250504816,2606.75048828125,2540.901766446578,2606.75048828125,329500,0.0,0.0
2023-06-29 00:00:00+09:00,2635.8575841040984,2661.1473111058212,2624.405632254262,2631.0859375,368200,0.0,0.0
2023-06-30 00:00:00+09:00,2636.811927556948,2650.649702782998,2593.867107889897,2610.56787109375,264100,0.0,0.0
2023-07-03 00:00:00+09:00,2658.2844102887884,2696.4575843729926,2653.512763528263,2693.117431640625,273700,0.0,0.0
2023-07-04 00:00:00+09:00,2691.2087734968636,2719.838654065979,2674.030845155394,2700.27490234375,330800,0.0,0.0
2023-07-05 00:00:00+09:00,2683.574108705162,2733.6763991415137,2668.304839238845,2726.99609375,241800,0.0,0.0
2023-07-06 00:00:00+09:00,2698.8433225130066,2719.361402935224,2657.329997007591,2659.7158203125,327600,0.0,0.0
2023-07-07 00:00:00+09:00,2624.40554938001,2644.9236291297084,2601.9788110489444,2619.15673828125,221500,0.0,0.0
2023-07-10 00:00:00+09:00,2633.9488926383847,2649.218161581216,2619.156788350017,2629.17724609375,198000,0.0,0.0
2023-07-11 00:00:00+09:00,2640.6295079602214,2645.4011550653177,2559.988671884096,2561.420166015625,204500,0.0,0.0
2023-07-12 00:00:00+09:00,2587.664026215636,2587.664026215636,2539.9475588319806,2542.810546875,208800,0.0,0.0
2023-07-13 00:00:00+09:00,2565.7143052366796,2574.780433523735,2538.993085022201,2555.69384765625,170700,0.0,0.0
2023-07-14 00:00:00+09:00,2580.5065070016863,2586.709647643517,2527.0640645489884,2547.10498046875,208600,0.0,0.0
2023-07-18 00:00:00+09:00,2537.0843646875146,2573.348876953125,2528.9725658912594,2573.348876953125,120000,0.0,0.0
2023-07-19 00:00:00+09:00,2590.0497950289964,2656.852847959,2589.095465701425,2653.5126953125,274700,0.0,0.0
2023-07-20 00:00:00+09:00,2653.5127253810456,2662.5788540957083,2624.882845229479,2626.79150390625,200700,0.0,0.0
2023-07-21 00:00:00+09:00,2595.298796402269,2628.700325313495,2591.4814788124145,2622.02001953125,182900,0.0,0.0
2023-07-24 00:00:00+09:00,2649.218145991762,2660.19293297984,2624.405584105672,2635.38037109375,142300,0.0,0.0
2023-07-25 00:00:00+09:00,2657.807162454291,2670.213443643485,2643.0150579594824,2666.873291015625,153400,0.0,0.0
2023-07-26 00:00:00+09:00,2672.1218755574387,2689.299801900308,2665.91873548918,2674.98486328125,114800,0.0,0.0
2023-07-27 00:00:00+09:00,2658.284245328464,2670.213361489514,2645.400799874529,2662.1015625,102900,0.0,0.0
2023-07-28 00:00:00+09:00,2638.7206591201516,2701.229231696054,2621.542730778682,2700.27490234375,184400,0.0,0.0
2023-07-31 00:00:00+09:00,2743.2195316742236,2760.3974588163824,2732.7219095317932,2746.08251953125,170900,0.0,0.0
2023-08-01 00:00:00+09:00,2720.3155460910234,2739.402131224095,2709.817924267834,2734.1533203125,183400,0.0,0.0
2023-08-02 00:00:00+09:00,2701.7062713899127,2762.783347111903,2697.8889541572885,2742.742431640625,180000,0.0,0.0
2023-08-03 00:00:00+09:00,2699.7975643956383,2699.7975643956383,2622.9740564656813,2626.314208984375,318000,0.0,0.0
2023-08-04 00:00:00+09:00,2622.49701851692,2656.375709986116,2586.2325037048226,2591.004150390625,248300,0.0,0.0
2023-08-07 00:00:00+09:00,2603.4103547527225,2635.380386601775,2589.095415118818,2629.17724609375,308000,0.0,0.0
2023-08-08 00:00:00+09:00,2629.1770513477836,2646.832142255201,2589.0952233417556,2632.0400390625,291900,0.0,0.0
2023-08-09 00:00:00+09:00,2607.704709864498,2645.4007157344513,2499.865503198555,2643.014892578125,606600,0.0,0.0
2023-08-10 00:00:00+09:00,2650.172639131891,2684.051331493858,2539.4704331040557,2637.766357421875,341200,0.0,0.0
2023-08-14 00:00:00+09:00,2638.7205899909563,2650.172541918584,2612.476533490142,2646.355224609375,266700,0.0,0.0
2023-08-15 00:00:00+09:00,2648.2639452374347,2649.21827458707,2601.978971780132,2607.227783203125,161000,0.0,0.0
2023-08-16 00:00:00+09:00,2575.734810625264,2575.734810625264,2531.358497659693,2544.241943359375,240500,0.0,0.0
2023-08-17 00:00:00+09:00,2545.1961752064785,2547.104833755565,2505.1143456756677,2545.67333984375,129500,0.0,0.0
2023-08-18 00:00:00+09:00,2521.3381516680224,2543.764891472791,2513.7035168408675,2529.449951171875,139300,0.0,0.0
2023-08-21 00:00:00+09:00,2538.516161916306,2555.6940908315287,2525.1555505377987,2534.2216796875,113500,0.0,0.0
2023-08-22 00:00:00+09:00,2553.7853198587586,2564.2829426234994,2528.97275696028,2563.32861328125,92500,0.0,0.0
2023-08-23 00:00:00+09:00,2555.694093370236,2595.298762853008,2544.7193054412746,2591.4814453125,112100,0.0,0.0
2023-08-24 00:00:00+09:00,2576.6890807756954,2602.455971583452,2570.9631050406383,2590.52685546875,164300,0.0,0.0
2023-08-25 00:00:00+09:00,2571.917355194904,2604.841714658438,2563.3283918565908,2600.070068359375,152600,0.0,0.0
2023-08-28 00:00:00+09:00,2621.065512950352,2641.583593608802,2606.273408289609,2640.152099609375,131700,0.0,0.0
2023-08-29 00:00:00+09:00,2645.8778753696643,2645.8778753696643,2608.18186957089,2614.385009765625,188300,0.0,0.0
2023-08-30 00:00:00+09:00,2610.0906079696374,2623.4512180287143,2588.618198946121,2604.841796875,733300,0.0,0.0
2023-08-31 00:00:00+09:00,2603.8876833341465,2683.5741856461864,2580.029449108985,2674.508056640625,260600,0.0,0.0
2023-09-01 00:00:00+09:00,2665.91888167663,2687.8684554294714,2647.309460451395,2676.41650390625,154000,0.0,0.0
2023-09-04 00:00:00+09:00,2670.690679194789,2736.062239503827,2669.736349847212,2735.10791015625,178700,0.0,0.0
2023-09-05 00:00:00+09:00,2737.970719542819,2745.605353825267,2710.772334911599,2738.925048828125,156900,0.0,0.0
2023-09-06 00:00:00+09:00,2743.696808565088,2754.194431136989,2722.7015634212853,2731.29052734375,110900,0.0,0.0
2023-09-07 00:00:00+09:00,2725.5645178297545,2740.833786837204,2713.158236761202,2722.224365234375,123900,0.0,0.0
2023-09-08 00:00:00+09:00,2717.452646864062,2728.904598317045,2674.0306642715022,2675.462158203125,143700,0.0,0.0
2023-09-11 00:00:00+09:00,2674.0305132302346,2688.3454517378914,2634.9030146426403,2652.55810546875,131600,0.0,0.0
2023-09-12 00:00:00+09:00,2671.644954031172,2691.6858699213863,2641.5835801958506,2667.82763671875,114200,0.0,0.0
2023-09-13 00:00:00+09:00,2656.3755506629323,2656.3755506629323,2620.111038025896,2638.720458984375,138700,0.0,0.0
2023-09-14 00:00:00+09:00,2653.0355633703953,2673.5536441662452,2641.106446628622,2655.42138671875,144300,0.0,0.0
2023-09-15 00:00:00+09:00,2678.8026033598803,2691.686050151957,2619.1570163595266,2656.85302734375,332900,0.0,0.0
2023-09-19 00:00:00+09:00,2641.58378948313,2663.533365768575,2622.9743661106877,2658.76171875,182200,0.0,0.0
2023-09-20 00:00:00+09:00,2653.03552763134,2655.8985156107983,2624.8828125,2624.8828125,153000,0.0,0.0
2023-09-21 00:00:00+09:00,2608.6590943375254,2624.4055275025407,2569.054429104305,2582.4150390625,146200,0.0,0.0
2023-09-22 00:00:00+09:00,2557.602603093387,2560.4655910819242,2531.8357111965506,2547.10498046875,178100,0.0,0.0
2023-09-25 00:00:00+09:00,2559.0339683900893,2574.7804015351335,2546.150523089598,2560.942626953125,127100,0.0,0.0
2023-09-26 00:00:00+09:00,2562.374231688625,2563.8057256728084,2528.018376068219,2531.835693359375,186200,0.0,0.0
2023-09-27 00:00:00+09:00,2516.089502246773,2538.993408203125,2492.2312668755726,2538.993408203125,229500,0.0,0.0
2023-09-28 00:00:00+09:00,2545.7754631027738,2545.7754631027738,2502.1751221552477,2506.53515625,293400,40.0,0.0
2023-09-29 00:00:00+09:00,2506.535229783456,2506.535229783456,2458.0904050872164,2476.98388671875,400200,0.0,0.0
2023-10-02 00:00:00+09:00,2537.055394913268,2559.824461852532,2501.6906739224974,2506.53515625,352300,0.0,0.0
2023-10-03 00:00:00+09:00,2492.970604873285,2507.0196036181987,2457.605883894709,2462.934814453125,338000,0.0,0.0
2023-10-04 00:00:00+09:00,2436.7746826512107,2456.152612533129,2415.458959781101,2433.383544921875,222400,0.0,0.0
2023-10-05 00:00:00+09:00,2432.4146958634497,2484.735107564954,2430.9613510939635,2479.890625,208500,0.0,0.0
2023-10-06 00:00:00+09:00,2477.4682135355965,2511.3795891608393,2474.56152419629,2493.939453125,202700,0.0,0.0
2023-10-10 00:00:00+09:00,2528.8197765236127,2596.1580809176326,2523.006397727007,2588.891357421875,338200,0.0,0.0
2023-10-11 00:00:00+09:00,2576.780150288165,2576.780150288165,2514.2863282563594,2521.068603515625,281700,0.0,0.0
2023-10-12 00:00:00+09:00,2548.19775390625,2585.0158203124997,2535.1176513671876,2582.109130859375,168200,0.0,0.0
2023-10-13 00:00:00+09:00,2556.433251442079,2587.4379374553996,2542.384253092293,2545.775390625,205800,0.0,0.0
2023-10-16 00:00:00+09:00,2534.633129587651,2550.6199211160133,2510.8951664091733,2524.459716796875,137900,0.0,0.0
2023-10-17 00:00:00+09:00,2543.837622385452,2573.388964028094,2538.0242437016536,2552.0732421875,108000,0.0,0.0
2023-10-18 00:00:00+09:00,2570.9669685782965,2576.2958995476506,2542.868968921703,2556.91796875,107900,0.0,0.0
2023-10-19 00:00:00+09:00,2529.7886481418077,2580.171263884195,2527.3664070003465,2553.526611328125,226200,0.0,0.0
2023-10-20 00:00:00+09:00,2576.295702996117,2591.798046451528,2558.3711183757982,2569.513427734375,198800,0.0,0.0
2023-10-23 00:00:00+09:00,2565.6379403928504,2574.3580089213756,2517.193115234375,2517.193115234375,173200,0.0,0.0
2023-10-24 00:00:00+09:00,2520.099900234464,2565.1535893390014,2488.6107626882813,2556.91796875,132300,0.0,0.0
2023-10-25 00:00:00+09:00,2550.6199447488334,2566.6067364253217,2468.748193435908,2472.623779296875,535200,0.0,0.0
2023-10-26 00:00:00+09:00,2443.072635865153,2462.450566746495,2365.5609123397867,2377.672119140625,601800,0.0,0.0
2023-10-27 00:00:00+09:00,2425.1478762704755,2460.028149361062,2415.9433597604598,2454.69921875,386700,0.0,0.0
2023-10-30 00:00:00+09:00,2414.489989938686,2420.7878169589912,2373.311890190534,2399.95654296875,388400,0.0,0.0
2023-10-31 00:00:00+09:00,2406.739012792617,2438.2281504398634,2379.6099095888353,2421.2724609375,220600,0.0,0.0
2023-11-01 00:00:00+09:00,2469.2328130291717,2482.797364483913,2436.7747791910406,2458.574951171875,227700,0.0,0.0
2023-11-02 00:00:00+09:00,2497.3306884765625,2516.224169921875,2453.7303466796875,2480.375,238400,0.0,0.0
2023-11-06 00:00:00+09:00,2546.7442865963762,2546.7442865963762,2514.2862559321275,2536.08642578125,260800,0.0,0.0
2023-11-07 00:00:00+09:00,2533.6642816385597,2539.4776604874437,2467.779321351209,2474.0771484375,238100,0.0,0.0
2023-11-08 00:00:00+09:00,2453.7303971932606,2462.934913984311,2366.5297118043586,2371.858642578125,301100,0.0,0.0
2023-11-09 00:00:00+09:00,2400.441136971498,2441.6192392202524,2394.6277578304976,2418.36572265625,326700,0.0,0.0
2023-11-10 00:00:00+09:00,2406.7387815918314,2761.354882261159,2400.925402892334,2745.8525390625,1683800,0.0,0.0
2023-11-13 00:00:00+09:00,2778.310643240402,2786.061815043688,2597.127002338587,2638.78955078125,875600,0.0,0.0
2023-11-14 00:00:00+09:00,2652.8385502037677,2711.4567869778098,2644.6029301611334,2696.92333984375,280100,0.0,0.0
2023-11-15 00:00:00+09:00,2712.91018039246,2754.088281344845,2667.856493468085,2743.430419921875,281800,0.0,0.0
2023-11-16 00:00:00+09:00,2732.772558671903,2755.057178012252,2710.9723875780833,2724.052490234375,241100,0.0,0.0
2023-11-17 00:00:00+09:00,2735.1946550047765,2806.8929916928223,2727.9279316917987,2773.466064453125,337500,0.0,0.0
2023-11-20 00:00:00+09:00,2770.0748510249236,2822.3952574451214,2733.256787247747,2735.194580078125,300300,0.0,0.0
2023-11-21 00:00:00+09:00,2727.443408756614,2758.4480940426574,2712.9099625287813,2735.194580078125,214500,0.0,0.0
2023-11-22 00:00:00+09:00,2737.132520078152,2792.8440669469996,2735.679175377226,2768.13720703125,222300,0.0,0.0
2023-11-24 00:00:00+09:00,2769.590673930759,2795.7508797016635,2759.901708830424,2765.715087890625,202600,0.0,0.0
2023-11-27 00:00:00+09:00,2780.7328856010163,2788.9685056454796,2761.8394043225426,2764.74609375,205800,0.0,0.0
2023-11-28 00:00:00+09:00,2778.795068848162,2818.519824016493,2764.261621835358,2806.89306640625,288300,0.0,0.0
2023-11-29 00:00:00+09:00,2758.4482669106014,2819.488744892817,2750.212646865382,2793.81298828125,244500,0.0,0.0
2023-11-30 00:00:00+09:00,2796.2353275695896,2816.5821542774765,2778.310742136451,2780.24853515625,425600,0.0,0.0
2023-12-01 00:00:00+09:00,2820.457814644421,2837.8979522822083,2774.4352292113704,2779.76416015625,251300,0.0,0.0
2023-12-04 00:00:00+09:00,2749.7282226562497,2768.137255859375,2700.7989501953125,2741.97705078125,359700,0.0,0.0
2023-12-05 00:00:00+09:00,2716.785618730275,2735.679099317023,2682.874243318164,2686.265380859375,274000,0.0,0.0
2023-12-06 00:00:00+09:00,2696.923316181022,2745.368139536169,2664.465284533074,2739.0703125,257600,0.0,0.0
2023-12-07 00:00:00+09:00,2693.5323007520724,2699.8301280739747,2650.416406009818,2659.136474609375,246900,0.0,0.0
2023-12-08 00:00:00+09:00,2658.652002511058,2664.465381525295,2603.4249018758064,2628.6162109375,341500,0.0,0.0
2023-12-11 00:00:00+09:00,2689.6564933448026,2691.594286207443,2650.4161878763357,2675.123046875,185400,0.0,0.0
2023-12-12 00:00:00+09:00,2741.0080532473025,2741.0080532473025,2648.962890625,2648.962890625,253700,0.0,0.0
2023-12-13 00:00:00+09:00,2644.118700245886,2668.825562413812,2634.914182967639,2656.71435546875,155800,0.0,0.0
2023-12-14 00:00:00+09:00,2641.211742880858,2677.0609118047723,2611.1759527013614,2631.038330078125,185900,0.0,0.0
2023-12-15 00:00:00+09:00,2645.087257241303,2675.1230466092447,2631.522707204168,2670.278564453125,236800,0.0,0.0
2023-12-18 00:00:00+09:00,2646.056152611448,2659.6207026431434,2617.9581561172217,2650.900634765625,138700,0.0,0.0
2023-12-19 00:00:00+09:00,2680.9364254629213,2680.9364254629213,2635.882741406533,2675.123046875,149200,0.0,0.0
2023-12-20 00:00:00+09:00,2674.1541764410185,2725.0212395798426,2646.540627879943,2710.48779296875,204700,0.0,0.0
2023-12-21 00:00:00+09:00,2701.7677008490273,2730.834593811362,2697.892115120716,2713.87890625,210700,0.0,0.0
2023-12-22 00:00:00+09:00,2717.754807137915,2771.528565354013,2710.972531326876,2756.9951171875,250900,0.0,0.0
2023-12-25 00:00:00+09:00,2777.3418713417714,2788.9686295682154,2741.0082518841346,2742.946044921875,157700,0.0,0.0
2023-12-26 00:00:00+09:00,2757.47939453125,2772.4972900390626,2737.132568359375,2751.666015625,152600,0.0,0.0
2023-12-27 00:00:00+09:00,2773.466210903432,2783.639624078798,2761.3550047422814,2777.341796875,172700,0.0,0.0
2023-12-28 00:00:00+09:00,2755.0571051444717,2796.7196532440717,2755.0571051444717,2792.359619140625,133600,0.0,0.0
2023-12-29 00:00:00+09:00,2797.6885986328125,2805.92421875,2759.4171874999997,2780.73291015625,190900,0.0,0.0
2024-01-04 00:00:00+09:00,2741.9770269029723,2803.501953125,2712.42568438688,2803.501953125,180600,0.0,0.0
2024-01-05 00:00:00+09:00,2809.7997552973493,2817.0664788024287,2766.6838625005453,2777.826171875,155900,0.0,0.0
2024-01-09 00:00:00+09:00,2796.7198974271114,2818.0356215717143,2765.2307594862204,2797.204345703125,180800,0.0,0.0
2024-01-10 00:00:00+09:00,2797.204345703125,2808.831104327454,2780.2486560426455,2797.204345703125,150800,0.0,0.0
2024-01-11 00:00:00+09:00,2814.644238398625,2857.760131207141,2801.079687852126,2821.426513671875,193600,0.0,0.0
2024-01-12 00:00:00+09:00,2828.2088874143556,2831.115576918379,2769.590649083226,2788.484130859375,169200,0.0,0.0
2024-01-15 00:00:00+09:00,2781.2173826351886,2801.564208984375,2781.2173826351886,2801.564208984375,17800,0.0,0.0
2024-01-16 00:00:00+09:00,2824.817700195312,2824.817700195312,2745.3681884765624,2746.821533203125,180000,0.0,0.0
2024-01-17 00:00:00+09:00,2756.5102764902313,2808.830682441188,2733.7412109375,2733.7412109375,214100,0.0,0.0
2024-01-18 00:00:00+09:00,2719.692260284342,2731.3190173642893,2701.7676764527564,2712.425537109375,130000,0.0,0.0
2024-01-19 00:00:00+09:00,2733.256982421875,2768.6217041015625,2730.8347412109374,2756.510498046875,161400,0.0,0.0
2024-01-22 00:00:00+09:00,2793.3285644531247,2795.266357421875,2762.323876953125,2795.266357421875,114200,0.0,0.0
2024-01-23 00:00:00+09:00,2795.2664309316024,2826.2711192469615,2775.888500734503,2785.093017578125,125200,0.0,0.0
2024-01-24 00:00:00+09:00,2775.8885496982616,2802.0487559257845,2755.5417226324107,2778.310791015625,158000,0.0,0.0
2024-01-25 00:00:00+09:00,2777.82631606432,2847.58686533416,2773.950729993773,2844.68017578125,203500,0.0,0.0
2024-01-26 00:00:00+09:00,2811.7376721172163,2848.5557394984894,2756.9950193003237,2765.715087890625,205900,0.0,0.0
2024-01-29 00:00:00+09:00,2789.9373534137408,2809.7997308212703,2776.8572512185383,2786.061767578125,119700,0.0,0.0
2024-01-30 00:00:00+09:00,2797.6886231829103,2797.6886231829103,2772.0128661216645,2782.186279296875,114300,0.0,0.0
2024-01-31 00:00:00+09:00,2771.0440173086013,2819.00439453125,2755.5416731558257,2819.00439453125,277700,0.0,0.0
2024-02-01 00:00:00+09:00,2821.911060588635,2821.911060588635,2759.4172362425516,2764.26171875,185400,0.0,0.0
2024-02-02 00:00:00+09:00,2782.6706544662993,2809.315307320695,2756.5104498456203,2792.359619140625,157700,0.0,0.0
2024-02-05 00:00:00+09:00,2796.719628626068,2807.3774896740106,2774.91945830073,2786.061767578125,153100,0.0,0.0
2024-02-06 00:00:00+09:00,2781.7017821626177,2794.2974363486555,2756.994922028467,2774.43505859375,113700,0.0,0.0
2024-02-07 00:00:00+09:00,2758.448315179309,2805.4397950831362,2755.5416257007214,2787.03076171875,130200,0.0,0.0
2024-02-08 00:00:00+09:00,2796.2353286109515,2796.2353286109515,2707.0968496670125,2741.49267578125,317400,0.0,0.0
2024-02-09 00:00:00+09:00,2732.2879901161273,2940.6007269512224,2732.2879901161273,2784.6083984375,733800,0.0,0.0
2024-02-13 00:00:00+09:00,2829.6621345543163,2883.4358885237616,2776.857277052789,2874.7158203125,486400,0.0,0.0
2024-02-14 00:00:00+09:00,2874.7159426926883,2896.5161141489016,2830.6311515256784,2862.604736328125,300700,0.0,0.0
2024-02-15 00:00:00+09:00,2868.9023913423925,2871.8090806953232,2790.9062270387576,2833.05322265625,322100,0.0,0.0
2024-02-16 00:00:00+09:00,2848.5556640625,2952.227587890625,2842.74228515625,2892.156005859375,354900,0.0,0.0
2024-02-19 00:00:00+09:00,2903.782666243186,2945.4452136734353,2887.3114265614595,2910.56494140625,173300,0.0,0.0
2024-02-20 00:00:00+09:00,2929.9427920371004,2936.7250670186677,2807.377394155919,2833.53759765625,531200,0.0,0.0
2024-02-21 00:00:00+09:00,2821.9108905292424,2874.715746678202,2815.1286154275413,2865.51123046875,537300,0.0,0.0
2024-02-22 00:00:00+09:00,2914.4404793869794,2948.351854645804,2902.329273937399,2931.880615234375,346300,0.0,0.0
2024-02-26 00:00:00+09:00,3011.3304697606727,3061.713090232859,2993.890331904916,2995.828125,481000,0.0,0.0
2024-02-27 00:00:00+09:00,2989.0455551624455,2997.7656232326112,2929.942871575765,2944.476318359375,223400,0.0,0.0
2024-02-28 00:00:00+09:00,2954.165476569406,3042.3350595040783,2952.227683537875,3014.237060546875,347000,0.0,0.0
2024-02-29 00:00:00+09:00,3012.2990714739885,3018.112450190246,2964.823145291221,2988.07666015625,281900,0.0,0.0
2024-03-01 00:00:00+09:00,3006.4859360510477,3038.459521577856,2976.450143586471,3036.521728515625,273000,0.0,0.0
2024-03-04 00:00:00+09:00,3080.1219730588923,3093.6865240569496,3042.335009564304,3054.9306640625,351300,0.0,0.0
2024-03-05 00:00:00+09:00,3076.246142146563,3093.686277755583,3042.3347673512467,3069.4638671875,263500,0.0,0.0
2024-03-06 00:00:00+09:00,3042.3349609375,3089.810888671875,3022.95703125,3071.40185546875,180400,0.0,0.0
2024-03-07 00:00:00+09:00,3100.4686010012715,3121.784322633155,3012.299025160298,3048.148193359375,294200,0.0,0.0
2024-03-08 00:00:00+09:00,3047.179443359375,3083.9975097656247,3023.925927734375,3076.246337890625,280300,0.0,0.0
2024-03-11 00:00:00+09:00,3052.023828403223,3068.4950681120654,3010.3612809043852,3060.743896484375,359000,0.0,0.0
2024-03-12 00:00:00+09:00,3016.1746111415523,3054.9304686570235,2943.5073783000435,3052.99267578125,259600,0.0,0.0
2024-03-13 00:00:00+09:00,3105.3131333435967,3141.162302121666,3037.4903816013025,3060.743896484375,289100,0.0,0.0
2024-03-14 00:00:00+09:00,3042.3349609375,3079.1530273437497,3015.205859375,3066.557373046875,179800,0.0,0.0
2024-03-15 00:00:00+09:00,3061.71274464877,3105.3130843668696,3042.33481588517,3072.37060546875,209700,0.0,0.0
2024-03-18 00:00:00+09:00,3097.562060546875,3183.79384765625,3084.96640625,3177.98046875,345000,0.0,0.0
2024-03-19 00:00:00+09:00,3191.5449230466406,3232.2385741601684,3169.260304579709,3230.30078125,272900,0.0,0.0
2024-03-21 00:00:00+09:00,3238.0519520018347,3261.305466917467,3186.7004398964796,3201.23388671875,324700,0.0,0.0
2024-03-22 00:00:00+09:00,3208.016308490737,3241.9276859589268,3164.4159660316363,3214.798583984375,219400,0.0,0.0
2024-03-25 00:00:00+09:00,3211.8918953093876,3211.8918953093876,3145.038036854984,3161.50927734375,239800,0.0,0.0
2024-03-26 00:00:00+09:00,3139.224609375,3148.91357421875,3115.002197265625,3129.53564453125,296400,0.0,0.0
2024-03-27 00:00:00+09:00,3129.535450599687,3181.855857513737,3129.535450599687,3151.820068359375,294800,0.0,0.0
2024-03-28 00:00:00+09:00,3148.8681450345694,3181.3408477802386,3125.25163394681,3131.15576171875,169100,50.0,0.0
2024-03-29 00:00:00+09:00,3148.8681767294624,3193.1491354647205,3120.331558877852,3186.260986328125,138000,0.0,0.0
2024-04-01 00:00:00+09:00,3198.0691546686926,3198.0691546686926,3070.146388481945,3106.55517578125,367500,0.0,0.0
2024-04-02 00:00:00+09:00,3168.548549411084,3223.653741574755,3114.4273785360497,3161.660400390625,530500,0.0,0.0
2024-04-03 00:00:00+09:00,3148.8682445418203,3219.7177800440113,3128.2037966870143,3200.037353515625,312700,0.0,0.0
2024-04-04 00:00:00+09:00,3216.765693713353,3261.04665309454,3180.356904888821,3230.5419921875,333100,0.0,0.0
2024-04-05 00:00:00+09:00,3186.2611070946655,3237.4302169059447,3150.8363387637796,3224.637939453125,234800,0.0,0.0
2024-04-08 00:00:00+09:00,3274.8228789933696,3294.503304948859,3244.3182187623615,3264.982666015625,264100,0.0,0.0
2024-04-09 00:00:00+09:00,3240.3820495881646,3279.742900479002,3207.909347603224,3262.030517578125,204300,0.0,0.0
2024-04-10 00:00:00+09:00,3269.9027819849903,3300.407442304441,3253.1744198743236,3273.8388671875,172400,0.0,0.0
2024-04-11 00:00:00+09:00,3247.2703732060363,3258.0946077833896,3212.829626823548,3248.25439453125,202600,0.0,0.0
2024-04-12 00:00:00+09:00,3261.0466877018425,3264.9827730219413,3227.589962481003,3237.43017578125,243100,0.0,0.0
2024-04-15 00:00:00+09:00,3236.446057763657,3274.8228884881273,3212.8295465485985,3273.8388671875,266700,0.0,0.0
2024-04-16 00:00:00+09:00,3229.5579773753543,3248.2543824850836,3182.3249539402486,3210.861572265625,193400,0.0,0.0
2024-04-17 00:00:00+09:00,3228.5738735620716,3228.5738735620716,3141.979999476896,3159.6923828125,250600,0.0,0.0
2024-04-18 00:00:00+09:00,3139.02807837134,3181.3409960421764,3115.4115661829665,3167.564697265625,170800,0.0,0.0
2024-04-19 00:00:00+09:00,3119.347654073643,3139.0280809132246,3033.7377973214643,3090.81103515625,285800,0.0,0.0
2024-04-22 00:00:00+09:00,3114.427490234375,3134.107916712949,3089.826957136157,3114.427490234375,200300,0.0,0.0
2024-04-23 00:00:00+09:00,3102.61918757512,3118.3635285206333,3056.3701860476763,3070.146484375,312800,0.0,0.0
2024-04-24 00:00:00+09:00,3115.4114019536187,3138.0438916077355,3084.9067419850267,3113.443359375,254700,0.0,0.0
2024-04-25 00:00:00+09:00,3120.331498783553,3131.155732932597,3069.1623918971623,3104.587158203125,281500,0.0,0.0
2024-04-26 00:00:00+09:00,3125.2516221485103,3185.276920936627,3102.6191324415154,3170.5166015625,278400,0.0,0.0
2024-04-30 00:00:00+09:00,3193.149107866064,3239.398108812044,3170.5166180414353,3236.446044921875,195000,0.0,0.0
2024-05-01 00:00:00+09:00,3197.085205078125,3227.5898653912745,3183.308906872187,3197.085205078125,128000,0.0,0.0
2024-05-02 00:00:00+09:00,3197.0853397012343,3212.829681170985,3172.484806154749,3196.101318359375,80400,0.0,0.0
2024-05-07 00:00:00+09:00,3216.7656310866087,3221.6857375887294,3184.292928172611,3197.085205078125,162000,0.0,0.0
2024-05-08 00:00:00+09:00,3191.180981831658,3243.3341091943093,3191.180981831658,3233.493896484375,204700,0.0,0.0
2024-05-09 00:00:00+09:00,3257.110477896962,3351.576521968898,3237.4300520486418,3324.02392578125,301800,0.0,0.0
2024-05-10 00:00:00+09:00,3357.4807814438304,3390.9375066985463,3346.6565468025988,3371.257080078125,309500,0.0,0.0
2024-05-13 00:00:00+09:00,3364.3689189672186,3376.1771748980777,3304.3436179853525,3333.8642578125,417100,0.0,0.0
2024-05-14 00:00:00+09:00,3374.209065579766,3375.1930868878967,3143.94807947721,3195.1171875,601700,0.0,0.0
2024-05-15 00:00:00+09:00,3204.9573003672235,3265.966619563652,3140.011896061348,3202.9892578125,311000,0.0,0.0
2024-05-16 00:00:00+09:00,3220.7018286379107,3225.6219353116626,3095.731119124616,3121.315673828125,265100,0.0,0.0
2024-05-17 00:00:00+09:00,3096.714953334086,3129.1876554186188,3081.954634204753,3097.698974609375,247100,0.0,0.0
2024-05-20 00:00:00+09:00,3136.075930695036,3180.356889867071,3113.443440451551,3164.612548828125,353800,0.0,0.0
2024-05-21 00:00:00+09:00,3199.0531840797535,3209.8774181692265,3159.6923328453054,3163.62841796875,194300,0.0,0.0
2024-05-22 00:00:00+09:00,3148.868119896357,3149.8521411838246,3120.3315025597963,3133.123779296875,199300,0.0,0.0
2024-05-23 00:00:00+09:00,3158.708321166689,3181.340810695298,3113.443342109472,3172.484619140625,203100,0.0,0.0
2024-05-24 00:00:00+09:00,3128.203689579889,3217.749627218068,3126.2356469944343,3199.05322265625,249500,0.0,0.0
2024-05-27 00:00:00+09:00,3202.989313803897,3206.9253989821505,3149.8521638974726,3179.372802734375,148300,0.0,0.0
2024-05-28 00:00:00+09:00,3164.6124488698047,3197.0851512369386,3156.7402785989843,3172.484619140625,138300,0.0,0.0
2024-05-29 00:00:00+09:00,3168.5485900878907,3176.420760498047,3142.964036254883,3148.8681640625,171600,0.0,0.0
2024-05-30 00:00:00+09:00,3134.1078817888597,3199.053288444453,3060.3062833165945,3184.29296875,241700,0.0,0.0
2024-05-31 00:00:00+09:00,3285.647169662964,3360.4327895774254,3275.8069565163246,3318.119873046875,546100,0.0,0.0
2024-06-03 00:00:00+09:00,3325.992071427258,3352.56064714576,3297.455453062941,3344.6884765625,287100,0.0,0.0
2024-06-04 00:00:00+09:00,3298.4394660986563,3324.0240204299703,3183.3089716077425,3259.07861328125,549200,0.0,0.0
2024-06-05 00:00:00+09:00,3263.998616017168,3293.519254690824,3205.9413599589793,3238.4140625,301700,0.0,0.0
2024-06-06 00:00:00+09:00,3237.430012272853,3270.8867358039406,3178.3887354532876,3211.845458984375,262700,0.0,0.0
2024-06-07 00:00:00+09:00,3198.0693632049606,3224.637939453125,3179.372957696993,3224.637939453125,196700,0.0,0.0
2024-06-10 00:00:00+09:00,3213.8136796779695,3232.5100850404565,3197.0853169852185,3226.60595703125,184700,0.0,0.0
2024-06-11 00:00:00+09:00,3207.90945504314,3232.509987673839,3181.340879801985,3186.260986328125,187900,0.0,0.0
2024-06-12 00:00:00+09:00,3176.42082043438,3198.0692894707977,3148.868223478939,3153.788330078125,123100,0.0,0.0
2024-06-13 00:00:00+09:00,3182.324888305664,3190.1970587158203,3144.932078857422,3148.8681640625,198600,0.0,0.0
2024-06-14 00:00:00+09:00,3146.9000905638964,3197.0851764359286,3138.04389893942,3170.5166015625,210500,0.0,0.0
2024-06-17 00:00:00+09:00,3148.868059924505,3161.660336417948,3091.7948263383732,3128.20361328125,257700,0.0,0.0
2024-06-18 00:00:00+09:00,3126.2356896386996,3139.0279666186498,3106.5552635156982,3138.0439453125,164900,0.0,0.0
2024-06-19 00:00:00+09:00,3139.027951049805,3167.5645687866213,3114.4274185180666,3148.8681640625,159800,0.0,0.0
2024-06-20 00:00:00+09:00,3126.2356457161745,3142.9640076856977,3079.9866449769047,3122.299560546875,147700,0.0,0.0
2024-06-21 00:00:00+09:00,3143.9479492187497,3156.7402256944442,3082.9386306423607,3099.6669921875,248700,0.0,0.0
2024-06-24 00:00:00+09:00,3107.5391720889224,3152.8041505297365,3088.842767950325,3108.523193359375,253900,0.0,0.0
2024-06-25 00:00:00+09:00,3131.15587124838,3140.0120632160847,3107.5393593345016,3132.139892578125,236500,0.0,0.0
2024-06-26 00:00:00+09:00,3132.1399358503145,3149.8523200304294,3108.5234236101614,3147.88427734375,266200,0.0,0.0
2024-06-27 00:00:00+09:00,3177.4049037969858,3207.9095653075797,3169.532733084575,3187.2451171875,232100,0.0,0.0
2024-06-28 00:00:00+09:00,3188.229028938581,3205.941412432684,3166.580560223566,3186.260986328125,215900,0.0,0.0
2024-07-01 00:00:00+09:00,3198.069122201005,3204.9572710795915,3146.9000162457887,3176.420654296875,271800,0.0,0.0
2024-07-02 00:00:00+09:00,3167.564478093065,3176.420669550921,3146.9000313580686,3165.596435546875,254000,0.0,0.0
2024-07-03 00:00:00+09:00,3172.4847836135255,3235.4621490450595,3158.7084849253774,3226.60595703125,286800,0.0,0.0
2024-07-04 00:00:00+09:00,3226.6058106939477,3273.8388326254235,3210.8614700501225,3266.95068359375,195700,0.0,0.0
2024-07-05 00:00:00+09:00,3251.206421085375,3257.110548968702,3191.181120938218,3212.82958984375,191500,0.0,0.0
2024-07-08 00:00:00+09:00,3212.829501490972,3228.573842080208,3180.3567990256724,3181.3408203125,197800,0.0,0.0
2024-07-09 00:00:00+09:00,3176.4207423672356,3208.893445123778,3158.708359045485,3207.909423828125,222300,0.0,0.0
2024-07-10 00:00:00+09:00,3198.069326747387,3199.053348078694,3150.8363028446565,3189.213134765625,270500,0.0,0.0
2024-07-11 00:00:00+09:00,3202.989336238393,3227.5898687747863,3196.101187128203,3225.621826171875,234100,0.0,0.0
2024-07-12 00:00:00+09:00,3160.67645098712,3224.6378362032356,3160.67645098712,3203.973388671875,208800,0.0,0.0
2024-07-16 00:00:00+09:00,3223.6537490326923,3231.525919360001,3207.909408378076,3218.733642578125,181500,0.0,0.0
2024-07-17 00:00:00+09:00,3247.27032944492,3254.158478628591,3208.8934982787528,3232.510009765625,170400,0.0,0.0
2024-07-18 00:00:00+09:00,3186.2609422282353,3207.909410643622,3157.7243247715896,3170.5166015625,274100,0.0,0.0
2024-07-19 00:00:00+09:00,3161.6604443193037,3177.40478515625,3124.267634831556,3177.40478515625,299400,0.0,0.0
2024-07-22 00:00:00+09:00,3166.5805536618022,3167.564574964991,3129.187744140625,3129.187744140625,222600,0.0,0.0
2024-07-23 00:00:00+09:00,3130.1718841074403,3163.6286096841936,3119.34764936202,3139.028076171875,117900,0.0,0.0
2024-07-24 00:00:00+09:00,3131.15586609375,3142.96412203125,3073.098607734375,3075.066650390625,172300,0.0,0.0
2024-07-25 00:00:00+09:00,3024.88138785451,3045.545834550979,2996.3447709879583,3012.089111328125,246400,0.0,0.0
2024-07-26 00:00:00+09:00,3053.418162758112,3102.619228867653,3023.8975230923875,3057.354248046875,229000,0.0,0.0
2024-07-29 00:00:00+09:00,3114.427334830505,3157.724270922936,3104.5871220822255,3145.916015625,172500,0.0,0.0
2024-07-30 00:00:00+09:00,3127.2196380945047,3140.011914776452,3081.9546590660757,3095.73095703125,197100,0.0,0.0
2024-07-31 00:00:00+09:00,3070.146454046972,3183.3089034749855,3057.3541771551095,3168.548583984375,236400,0.0,0.0
2024-08-01 00:00:00+09:00,3124.267716796875,3136.075972734375,3051.450138515625,3075.066650390625,194000,0.0,0.0
2024-08-02 00:00:00+09:00,2969.776216481334,2974.696322870468,2842.345461002761,2856.61376953125,352500,0.0,0.0
2024-08-05 00:00:00+09:00,2671.6177599031357,2682.9340045583426,2410.8521221962,2438.896728515625,369200,0.0,0.0
2024-08-06 00:00:00+09:00,2626.844919883417,2841.361568145108,2622.4168239330606,2798.556640625,386800,0.0,0.0
2024-08-07 00:00:00+09:00,2700.154365063903,2828.569140807649,2683.9180141077973,2762.147705078125,238700,0.0,0.0
2024-08-08 00:00:00+09:00,2732.1351694011123,2804.952746399377,2725.739030880994,2729.18310546875,236400,0.0,0.0
2024-08-09 00:00:00+09:00,2874.818192313484,2952.063863405939,2742.4673291041177,2820.697021484375,949800,0.0,0.0
2024-08-13 00:00:00+09:00,2814.3009595788044,2852.185780188519,2776.9081496263584,2829.061279296875,352500,0.0,0.0
2024-08-14 00:00:00+09:00,2857.5978004539406,2889.5784920912524,2847.7575876424603,2865.469970703125,199300,0.0,0.0
2024-08-15 00:00:00+09:00,2891.0544878237133,2907.7828493938305,2859.565807221141,2906.798828125,227000,0.0,0.0
2024-08-16 00:00:00+09:00,2952.06396484375,2954.032007486979,2912.703111979167,2952.06396484375,210200,0.0,0.0
2024-08-19 00:00:00+09:00,2983.5524957461816,3026.849431700282,2960.9200064974475,2963.8720703125,351400,0.0,0.0
2024-08-20 00:00:00+09:00,3001.2649581381283,3004.2170220313787,2961.90410622812,2986.504638671875,160900,0.0,0.0
2024-08-21 00:00:00+09:00,2942.2237595096217,2967.80831394014,2932.383546267115,2946.65185546875,122100,0.0,0.0
2024-08-22 00:00:00+09:00,2960.9200064974475,2982.5684744744976,2943.699634242976,2963.8720703125,137600,0.0,0.0
2024-08-23 00:00:00+09:00,3006.185190954287,3006.185190954287,2932.8756011912446,2976.66455078125,178900,0.0,0.0
2024-08-26 00:00:00+09:00,2956.984094020372,2980.60060591937,2911.7191128806257,2921.559326171875,141100,0.0,0.0
2024-08-27 00:00:00+09:00,2919.5911470999513,2926.479296081987,2888.102466039217,2908.27490234375,147600,0.0,0.0
2024-08-28 00:00:00+09:00,2887.1185038224644,2915.1631109659343,2868.914109711791,2913.195068359375,127500,0.0,0.0
2024-08-29 00:00:00+09:00,2893.022724584735,2945.667866001498,2868.422191212416,2925.00341796875,228900,0.0,0.0
2024-08-30 00:00:00+09:00,2947.1438517791544,2990.4407898353425,2941.731734522131,2971.744384765625,172800,0.0,0.0
2024-09-02 00:00:00+09:00,3085.8908985008106,3088.842962498101,3025.865597222574,3035.705810546875,262400,0.0,0.0
2024-09-03 00:00:00+09:00,3030.785622714762,3071.1304962638874,3030.785622714762,3061.290283203125,216000,0.0,0.0
2024-09-04 00:00:00+09:00,2971.744275189425,3018.97729678184,2955.015913375445,2970.76025390625,214300,0.0,0.0
2024-09-05 00:00:00+09:00,2952.063914780293,3008.1531291611186,2937.3035952063915,2956.0,185200,0.0,0.0
2024-09-06 00:00:00+09:00,2981.584601670313,2981.584601670313,2914.671151863851,2923.52734375,122400,0.0,0.0
2024-09-09 00:00:00+09:00,2847.2656936868552,2867.9301414378224,2821.6811393285147,2861.0419921875,194100,0.0,0.0
2024-09-10 00:00:00+09:00,2856.121943692983,2875.3103598521607,2836.9335275338053,2851.69384765625,153800,0.0,0.0
2024-09-11 00:00:00+09:00,2821.680996226323,2844.3134854724276,2761.655698660567,2790.684326171875,198800,0.0,0.0
2024-09-12 00:00:00+09:00,2847.75756073919,2881.2142839821518,2816.2688800399314,2853.169677734375,201600,0.0,0.0
2024-09-13 00:00:00+09:00,2819.220972251026,2842.3454723724567,2812.332823278685,2817.2529296875,217200,0.0,0.0
2024-09-17 00:00:00+09:00,2833.9813088697015,2834.4733195136027,2772.971989025979,2820.697021484375,222200,0.0,0.0
2024-09-18 00:00:00+09:00,2830.5372092952,2848.249592318775,2798.0645070853125,2822.6650390625,141100,0.0,0.0
2024-09-19 00:00:00+09:00,2864.9779232007327,2874.326125251362,2826.6010937297287,2844.3134765625,183000,0.0,0.0
2024-09-20 00:00:00+09:00,2893.022541368179,2908.2748710930796,2850.709626647488,2867.43798828125,294900,0.0,0.0
2024-09-24 00:00:00+09:00,2895.9746108091363,2913.686993749865,2845.789525810405,2847.757568359375,205600,0.0,0.0
2024-09-25 00:00:00+09:00,2829.061249738376,2884.166442776758,2825.1251645213483,2864.97802734375,195000,0.0,0.0
2024-09-26 00:00:00+09:00,2896.958721704394,2961.904127829561,2888.5945406125165,2956.0,312300,0.0,0.0
2024-09-27 00:00:00+09:00,2985.5,3018.0,2974.5,2994.0,203300,48.0,0.0
2024-09-30 00:00:00+09:00,2877.0,2949.5,2875.5,2916.5,210700,0.0,0.0
2024-10-01 00:00:00+09:00,2920.0,2970.0,2900.0,2953.5,200400,0.0,0.0
2024-10-02 00:00:00+09:00,2926.5,2970.5,2886.0,2902.5,152000,0.0,0.0
2024-10-03 00:00:00+09:00,2971.0,2978.5,2892.5,2895.5,138700,0.0,0.0
2024-10-04 00:00:00+09:00,2917.5,2936.5,2900.5,2934.0,167900,0.0,0.0
2024-10-07 00:00:00+09:00,2984.0,2994.0,2950.0,2958.0,141900,0.0,0.0
2024-10-08 00:00:00+09:00,2930.0,2951.0,2916.5,2925.0,128400,0.0,0.0
2024-10-09 00:00:00+09:00,2938.5,2945.0,2893.0,2917.5,163600,0.0,0.0
2024-10-10 00:00:00+09:00,2929.5,2929.5,2898.5,2914.0,140000,0.0,0.0
2024-10-11 00:00:00+09:00,2906.5,2936.5,2899.0,2917.0,171500,0.0,0.0
2024-10-15 00:00:00+09:00,2950.0,2950.0,2906.0,2914.0,212400,0.0,0.0
2024-10-16 00:00:00+09:00,2874.0,2897.0,2835.0,2846.5,176300,0.0,0.0
2024-10-17 00:00:00+09:00,2844.5,2844.5,2788.5,2799.0,341400,0.0,0.0
2024-10-18 00:00:00+09:00,2829.0,2829.0,2780.0,2806.0,217600,0.0,0.0
2024-10-21 00:00:00+09:00,2800.0,2820.0,2778.0,2782.5,212000,0.0,0.0
2024-10-22 00:00:00+09:00,2778.0,2788.5,2732.0,2750.0,199800,0.0,0.0
2024-10-23 00:00:00+09:00,2750.0,2764.0,2722.5,2735.0,138700,0.0,0.0
2024-10-24 00:00:00+09:00,2713.5,2733.0,2693.0,2723.5,134600,0.0,0.0
2024-10-25 00:00:00+09:00,2720.0,2723.5,2679.5,2697.5,162900,0.0,0.0
2024-10-28 00:00:00+09:00,2686.5,2724.5,2666.0,2724.5,309800,0.0,0.0
2024-10-29 00:00:00+09:00,2733.5,2746.5,2704.0,2746.5,194400,0.0,0.0
2024-10-30 00:00:00+09:00,2762.5,2782.5,2746.0,2757.0,325000,0.0,0.0
2024-10-31 00:00:00+09:00,2769.0,2794.5,2748.5,2788.0,226800,0.0,0.0
2024-11-01 00:00:00+09:00,2739.0,2771.5,2730.5,2745.5,244500,0.0,0.0
2024-11-05 00:00:00+09:00,2775.0,2785.0,2740.0,2751.5,283000,0.0,0.0
2024-11-06 00:00:00+09:00,2761.5,2802.0,2757.0,2793.0,190500,0.0,0.0
2024-11-07 00:00:00+09:00,2800.0,2836.0,2789.5,2824.5,219200,0.0,0.0
2024-11-08 00:00:00+09:00,2816.5,2837.5,2785.5,2792.0,178100,0.0,0.0
2024-11-11 00:00:00+09:00,2766.0,2794.0,2761.0,2794.0,237200,0.0,0.0
2024-11-12 00:00:00+09:00,2823.5,2955.0,2802.0,2845.0,880700,0.0,0.0
2024-11-13 00:00:00+09:00,2828.5,2892.0,2808.0,2822.0,381000,0.0,0.0
2024-11-14 00:00:00+09:00,2818.0,2850.0,2811.0,2832.5,270700,0.0,0.0
2024-11-15 00:00:00+09:00,2850.0,2854.5,2800.0,2826.0,308400,0.0,0.0
2024-11-18 00:00:00+09:00,2800.0,2829.0,2793.5,2808.0,340100,0.0,0.0
2024-11-19 00:00:00+09:00,2815.0,2842.0,2811.0,2824.5,157400,0.0,0.0
2024-11-20 00:00:00+09:00,2820.0,2848.5,2810.5,2832.0,172000,0.0,0.0
2024-11-21 00:00:00+09:00,2832.0,2848.0,2808.0,2811.5,161300,0.0,0.0
2024-11-22 00:00:00+09:00,2804.5,2853.0,2804.5,2844.5,198800,0.0,0.0
2024-11-25 00:00:00+09:00,2881.0,2895.0,2850.5,2857.0,185100,0.0,0.0
2024-11-26 00:00:00+09:00,2856.0,2876.5,2782.5,2794.0,198800,0.0,0.0
2024-11-27 00:00:00+09:00,2779.0,2783.5,2708.5,2732.0,334100,0.0,0.0
2024-11-28 00:00:00+09:00,2732.0,2780.0,2711.0,2777.5,187900,0.0,0.0
2024-11-29 00:00:00+09:00,2769.0,2775.0,2733.5,2751.5,195100,0.0,0.0
2024-12-02 00:00:00+09:00,2738.0,2767.0,2710.5,2720.0,356000,0.0,0.0
2024-12-03 00:00:00+09:00,2738.0,2758.0,2730.0,2732.5,291100,0.0,0.0
2024-12-04 00:00:00+09:00,2758.5,2790.5,2737.0,2748.0,204300,0.0,0.0
2024-12-05 00:00:00+09:00,2756.0,2761.5,2724.5,2726.5,196300,0.0,0.0
2024-12-06 00:00:00+09:00,2729.5,2736.0,2703.0,2718.5,191900,0.0,0.0
2024-12-09 00:00:00+09:00,2730.0,2758.0,2724.0,2740.0,163800,0.0,0.0
2024-12-10 00:00:00+09:00,2779.5,2795.0,2750.0,2776.5,290400,0.0,0.0
2024-12-11 00:00:00+09:00,2776.5,2779.5,2744.5,2759.5,99400,0.0,0.0
2024-12-12 00:00:00+09:00,2780.0,2809.0,2770.0,2787.0,204900,0.0,0.0
2024-12-13 00:00:00+09:00,2760.0,2809.5,2756.5,2772.5,164800,0.0,0.0
2024-12-16 00:00:00+09:00,2773.5,2806.5,2773.5,2790.0,185200,0.0,0.0
2024-12-17 00:00:00+09:00,2790.0,2805.0,2781.0,2781.0,180800,0.0,0.0
2024-12-18 00:00:00+09:00,2788.5,2814.0,2784.0,2784.0,230000,0.0,0.0
2024-12-19 00:00:00+09:00,2775.5,2812.0,2775.5,2800.0,184000,0.0,0.0
2024-12-20 00:00:00+09:00,2806.0,2810.0,2790.5,2792.0,214100,0.0,0.0
2024-12-23 00:00:00+09:00,2792.0,2811.5,2778.0,2803.0,128300,0.0,0.0
2024-12-24 00:00:00+09:00,2803.0,2840.0,2800.5,2806.5,119200,0.0,0.0
2024-12-25 00:00:00+09:00,2800.5,2800.5,2756.0,2790.5,147600,0.0,0.0
2024-12-26 00:00:00+09:00,2787.0,2800.0,2773.5,2796.5,177000,0.0,0.0
2024-12-27 00:00:00+09:00,2800.0,2840.0,2796.5,2837.0,152300,0.0,0.0
2024-12-30 00:00:00+09:00,2845.0,2857.0,2826.0,2832.5,179200,0.0,0.0
2025-01-06 00:00:00+09:00,2846.5,2867.0,2824.0,2830.0,230700,0.0,0.0
2025-01-07 00:00:00+09:00,2850.0,2853.0,2815.0,2829.5,258500,0.0,0.0
2025-01-08 00:00:00+09:00,2815.0,2824.5,2802.5,2811.0,193500,0.0,0.0
2025-01-09 00:00:00+09:00,2798.5,2812.5,2790.0,2802.5,219600,0.0,0.0
2025-01-10 00:00:00+09:00,2797.0,2813.5,2793.5,2800.0,278700,0.0,0.0
2025-01-14 00:00:00+09:00,2800.0,2813.0,2785.0,2804.0,298000,0.0,0.0
2025-01-15 00:00:00+09:00,2802.5,2831.5,2767.5,2768.0,309500,0.0,0.0
2025-01-16 00:00:00+09:00,2782.0,2815.0,2782.0,2800.0,247500,0.0,0.0
2025-01-17 00:00:00+09:00,2790.0,2828.0,2782.0,2820.0,271100,0.0,0.0
2025-01-20 00:00:00+09:00,2830.0,2851.5,2805.0,2835.0,173100,0.0,0.0
2025-01-21 00:00:00+09:00,2851.0,2857.0,2826.0,2840.0,115200,0.0,0.0
2025-01-22 00:00:00+09:00,2855.0,2926.5,2846.5,2923.0,274800,0.0,0.0
2025-01-23 00:00:00+09:00,2937.0,2957.0,2917.5,2941.5,296300,0.0,0.0
2025-01-24 00:00:00+09:00,2963.0,2963.0,2900.5,2913.0,235800,0.0,0.0
2025-01-27 00:00:00+09:00,2934.0,2958.0,2922.0,2942.5,175300,0.0,0.0
2025-01-28 00:00:00+09:00,2905.0,2923.0,2873.0,2874.5,237100,0.0,0.0
2025-01-29 00:00:00+09:00,2894.5,2943.5,2875.0,2918.5,339900,0.0,0.0
2025-01-30 00:00:00+09:00,2906.0,2932.5,2892.5,2912.5,209300,0.0,0.0
2025-01-31 00:00:00+09:00,2902.0,2914.5,2886.0,2902.5,211300,0.0,0.0
2025-02-03 00:00:00+09:00,2860.0,2865.0,2788.0,2802.5,321500,0.0,0.0
2025-02-04 00:00:00+09:00,2826.5,2842.5,2781.0,2791.5,305700,0.0,0.0
2025-02-05 00:00:00+09:00,2795.0,2804.0,2773.5,2787.0,332000,0.0,0.0
2025-02-06 00:00:00+09:00,2808.5,2844.0,2808.5,2821.5,235300,0.0,0.0
2025-02-07 00:00:00+09:00,2810.0,2814.0,2787.0,2802.5,210000,0.0,0.0
2025-02-10 00:00:00+09:00,2809.5,2830.0,2783.0,2812.5,280300,0.0,0.0
2025-02-12 00:00:00+09:00,2850.0,2942.0,2814.5,2834.5,505800,0.0,0.0
2025-02-13 00:00:00+09:00,2906.5,2920.0,2862.0,2911.0,347100,0.0,0.0
2025-02-14 00:00:00+09:00,2904.5,2905.0,2834.0,2841.5,244800,0.0,0.0
2025-02-17 00:00:00+09:00,2858.0,2860.0,2807.0,2821.0,148900,0.0,0.0
2025-02-18 00:00:00+09:00,2812.0,2821.0,2782.0,2794.0,232200,0.0,0.0
2025-02-19 00:00:00+09:00,2817.5,2855.5,2799.5,2811.5,349700,0.0,0.0
2025-02-20 00:00:00+09:00,2811.0,2811.0,2760.0,2765.0,350100,0.0,0.0
2025-02-21 00:00:00+09:00,2766.0,2825.0,2766.0,2790.0,488400,0.0,0.0
2025-02-25 00:00:00+09:00,2789.0,2819.0,2771.5,2771.5,246300,0.0,0.0
2025-02-26 00:00:00+09:00,2760.0,2770.5,2715.5,2744.0,211800,0.0,0.0
2025-02-27 00:00:00+09:00,2739.0,2791.5,2738.0,2778.5,154600,0.0,0.0
2025-02-28 00:00:00+09:00,2760.0,2780.5,2734.5,2769.0,234900,0.0,0.0
