Date,Open,High,Low,Close,Volume,Dividends,Stock Splits
2001-01-31 00:00:00+09:00,1105.231189546131,1105.231189546131,1054.993408203125,1054.993408203125,7300,0.0,0.0
2001-02-01 00:00:00+09:00,1011.9325658624822,1011.9325658624822,940.1642987800367,947.3411254882812,9300,0.0,0.0
2001-02-02 00:00:00+09:00,950.9294835532584,950.9294835532584,904.9977952910633,912.1746215820312,13000,0.0,0.0
2001-02-05 00:00:00+09:00,929.3990587176698,947.3411254882812,929.3990587176698,947.3411254882812,7900,0.0,0.0
2001-02-06 00:00:00+09:00,932.9870789725825,965.2827855524026,932.9870789725825,950.9291381835938,8300,0.0,0.0
2001-02-07 00:00:00+09:00,947.3409690856932,947.3409690856932,904.2800159454346,918.6336669921875,13700,0.0,0.0
2001-02-08 00:00:00+09:00,925.8104567989227,925.8104567989227,882.749505319903,889.9263305664062,5300,0.0,0.0
2001-02-09 00:00:00+09:00,868.3961495651106,875.5729772474668,867.678466796875,867.678466796875,6300,0.0,0.0
2001-02-12 00:00:00+09:00,867.678466796875,867.678466796875,867.678466796875,867.678466796875,0,0.0,0.0
2001-02-13 00:00:00+09:00,882.7494996235233,882.7494996235233,861.9367065429688,861.9367065429688,5000,0.0,0.0
2001-02-14 00:00:00+09:00,861.9367019127155,868.3958445581897,832.51171875,832.51171875,6800,0.0,0.0
2001-02-15 00:00:00+09:00,854.0421371903899,895.6677203475685,854.0421371903899,863.3720092773438,10700,0.0,0.0
2001-02-16 00:00:00+09:00,882.7496422400842,932.9874267578125,875.5728158804087,932.9874267578125,3900,0.0,0.0
2001-02-19 00:00:00+09:00,918.6337017276423,925.8105275223895,882.7495727539064,882.7495727539062,1300,0.0,0.0
2001-02-20 00:00:00+09:00,882.7499194335937,897.1035766601562,868.3962622070312,897.1035766601562,6300,0.0,0.0
2001-02-21 00:00:00+09:00,997.5788144867995,1040.6397705078125,983.2251624797952,1040.6397705078125,54700,0.0,0.0
2001-02-22 00:00:00+09:00,1033.4633393158783,1076.5243117873733,997.5791955896326,1062.170654296875,23500,0.0,0.0
2001-02-23 00:00:00+09:00,1019.109292497306,1047.8165965113146,1019.109292497306,1040.6397705078125,12100,0.0,0.0
2001-02-26 00:00:00+09:00,1047.8165965113146,1047.8165965113146,1011.9324664938038,1040.6397705078125,9000,0.0,0.0
2001-02-27 00:00:00+09:00,1013.3681307627539,1029.8748354423171,1011.9327651384441,1015.5211791992188,17900,0.0,0.0
2001-02-28 00:00:00+09:00,972.4598601876872,1047.8165283203125,972.4598601876872,1047.8165283203125,81200,0.0,0.0
2001-03-01 00:00:00+09:00,1004.7553638866467,1004.7553638866467,972.4596557617188,972.4596557617188,16000,0.0,0.0
2001-03-02 00:00:00+09:00,948.7764908299301,957.3886828798236,917.1984533136541,947.3411254882812,10800,0.0,0.0
2001-03-05 00:00:00+09:00,939.4463716733203,939.4463716733203,912.8921197620041,913.6098022460938,6400,0.0,0.0
2001-03-06 00:00:00+09:00,884.902552893854,897.82083833756,862.6543946296939,889.9263305664062,31000,0.0,0.0
2001-03-07 00:00:00+09:00,911.4568063059162,911.4568063059162,878.4434101720011,889.9263305664062,10100,0.0,0.0
2001-03-08 00:00:00+09:00,890.6442148398593,929.3990799497323,890.6442148398593,900.6917724609375,4100,0.0,0.0
2001-03-09 00:00:00+09:00,932.98705274062,932.98705274062,897.1029353275193,897.8206176757812,24500,0.0,0.0
2001-03-12 00:00:00+09:00,912.1742646410215,912.1742646410215,897.8206176757812,897.8206176757812,6800,0.0,0.0
2001-03-13 00:00:00+09:00,896.3855281339147,896.3855281339147,861.9367648429395,864.8074951171875,6300,0.0,0.0
2001-03-14 00:00:00+09:00,864.8074951171875,864.8074951171875,864.8074951171875,864.8074951171875,0,0.0,0.0
2001-03-15 00:00:00+09:00,854.042411295573,861.2192382812501,825.3351033528646,861.21923828125,2900,0.0,0.0
2001-03-16 00:00:00+09:00,847.5831165247723,883.4672450821292,825.3349568192109,829.6410522460938,30900,0.0,0.0
2001-03-19 00:00:00+09:00,846.86572265625,847.5834054720605,838.2535288665255,846.86572265625,8600,0.0,0.0
2001-03-20 00:00:00+09:00,846.86572265625,846.86572265625,846.86572265625,846.86572265625,0,0.0,0.0
2001-03-21 00:00:00+09:00,846.865430903138,882.031876762675,829.6410492576504,864.8074951171875,10200,0.0,0.0
2001-03-22 00:00:00+09:00,864.8078260185305,874.1377029797262,864.0901431753616,868.396240234375,16800,0.0,0.0
2001-03-23 00:00:00+09:00,897.1030863114414,976.0481579068482,889.9262616209498,974.61279296875,18300,0.0,0.0
2001-03-26 00:00:00+09:00,974.6129136926987,976.0482788085936,925.810499752269,976.0482788085938,11800,0.0,0.0
2001-03-27 00:00:00+09:00,974.6077772404598,975.3281081918569,935.709905865009,936.4302368164062,5800,5.0,0.0
2001-03-28 00:00:00+09:00,936.4301715818021,936.4301715818021,893.2103175087959,921.30322265625,8600,0.0,0.0
2001-03-29 00:00:00+09:00,911.2184753417969,911.2184753417969,893.210205078125,893.210205078125,5500,0.0,0.0
2001-03-30 00:00:00+09:00,892.4900285993303,893.2103595344388,882.4053955078125,882.4053955078125,4800,0.0,0.0
2001-04-02 00:00:00+09:00,867.9987768056442,882.4053955078125,864.397122130102,882.4053955078125,6400,0.0,0.0
2001-04-03 00:00:00+09:00,882.4053747527845,882.4053747527845,852.1514761898319,857.9141235351562,15200,0.0,0.0
2001-04-04 00:00:00+09:00,861.515708762068,898.9729134908536,849.9904149993648,886.0069580078125,6500,0.0,0.0
2001-04-05 00:00:00+09:00,900.4138793945312,900.4138793945312,871.6006352539063,900.4138793945312,2800,0.0,0.0
2001-04-06 00:00:00+09:00,929.2268705822172,936.430179656498,893.9306561182416,907.616943359375,6800,0.0,0.0
2001-04-09 00:00:00+09:00,929.2267583871817,932.8284124894576,887.4475708007812,887.4475708007812,3000,0.0,0.0
2001-04-10 00:00:00+09:00,916.9812791090745,916.9812791090745,886.0070489427821,889.6087036132812,5400,0.0,0.0
2001-04-11 00:00:00+09:00,889.6086647815416,906.8966064453125,878.8037012416848,906.8966064453125,2200,0.0,0.0
2001-04-12 00:00:00+09:00,906.8965529527121,906.8965529527121,886.0069580078124,886.0069580078125,2900,0.0,0.0
2001-04-13 00:00:00+09:00,887.447704840711,888.8883666992188,883.846050194442,888.8883666992188,3600,0.0,0.0
2001-04-16 00:00:00+09:00,886.7274898086634,889.608813902274,886.7274898086634,888.1681518554688,3200,0.0,0.0
2001-04-17 00:00:00+09:00,900.4135131835938,900.4135131835938,882.4052429199219,893.210205078125,1700,0.0,0.0
2001-04-18 00:00:00+09:00,907.616883812881,907.616883812881,882.4053037069676,886.0069580078125,12500,0.0,0.0
2001-04-19 00:00:00+09:00,900.4137514112854,914.820371433866,899.6934204101562,899.6934204101562,4800,0.0,0.0
2001-04-20 00:00:00+09:00,900.4136676247786,904.0153222952777,884.5663870745825,889.6087036132812,15100,0.0,0.0
2001-04-23 00:00:00+09:00,886.0068223965878,900.4134373949063,849.9902849007916,870.1595458984375,22400,0.0,0.0
2001-04-24 00:00:00+09:00,871.6003114059258,873.7613039135439,849.9903863297459,867.9986572265625,4600,0.0,0.0
2001-04-25 00:00:00+09:00,872.320773608769,873.7614354974704,854.3125,854.3125,8600,0.0,0.0
2001-04-26 00:00:00+09:00,872.320773608769,873.7614354974704,854.3125,854.3125,8600,0.0,0.0
2001-04-27 00:00:00+09:00,864.3969666967555,886.727221669755,864.3969666967555,885.2865600585938,7800,0.0,0.0
2001-04-30 00:00:00+09:00,885.2865600585938,885.2865600585938,885.2865600585938,885.2865600585938,0,0.0,0.0
2001-05-01 00:00:00+09:00,886.0068616163412,922.0234007064364,886.0068616163412,917.701416015625,9500,0.0,0.0
2001-05-02 00:00:00+09:00,922.0235931274901,922.0235931274901,886.0070465209475,904.0153198242188,15400,0.0,0.0
2001-05-03 00:00:00+09:00,904.0153198242189,904.0153198242189,904.0153198242189,904.0153198242188,0,0.0,0.0
2001-05-04 00:00:00+09:00,904.0153198242189,904.0153198242189,904.0153198242189,904.0153198242188,0,0.0,0.0
2001-05-07 00:00:00+09:00,918.4217467974269,918.4217467974269,904.7354619431908,917.701416015625,79,0.0,0.0
2001-05-08 00:00:00+09:00,932.1084198676215,972.4469604492188,922.0237847222222,972.4469604492188,300,0.0,0.0
2001-05-09 00:00:00+09:00,979.6502712673611,979.6502712673611,942.9133860948351,972.4469604492188,200,0.0,0.0
2001-05-10 00:00:00+09:00,972.4471149657296,986.8537388911478,936.4305551521841,968.845458984375,100,0.0,0.0
2001-05-11 00:00:00+09:00,954.4384777228641,968.84509625453,947.2351684570311,947.2351684570312,29,0.0,0.0
2001-05-14 00:00:00+09:00,922.023527992278,936.4301456171573,922.023527992278,932.8284912109375,64,0.0,0.0
2001-05-15 00:00:00+09:00,947.2351950512563,947.2351950512563,929.9472523278873,935.7098999023438,4900,0.0,0.0
2001-05-16 00:00:00+09:00,934.9894539833069,943.633424282074,922.0234985351562,922.0234985351562,4000,0.0,0.0
2001-05-17 00:00:00+09:00,923.4639468894394,935.7095686500638,914.8199785878222,925.6249389648438,5200,0.0,0.0
2001-05-18 00:00:00+09:00,923.4641668408242,925.6251594309352,908.3372187100463,915.54052734375,5900,0.0,0.0
2001-05-21 00:00:00+09:00,918.4219571789747,936.4302308491507,918.4219571789747,935.7098999023438,5400,0.0,0.0
2001-05-22 00:00:00+09:00,943.6336500592366,943.6336500592366,918.4220639889517,919.1423950195312,8500,0.0,0.0
2001-05-23 00:00:00+09:00,929.2270449097532,932.8287001225817,922.0237344840962,928.5067138671875,12300,0.0,0.0
2001-05-24 00:00:00+09:00,918.4218467154153,918.4218467154153,886.0069580078124,886.0069580078125,10300,0.0,0.0
2001-05-25 00:00:00+09:00,900.4141674844192,928.507089509933,886.0075408046685,890.3295288085938,13400,0.0,0.0
2001-05-28 00:00:00+09:00,913.3795595432929,913.3795595432929,911.2185668945311,911.2185668945312,1100,0.0,0.0
2001-05-29 00:00:00+09:00,911.2184753417969,911.2184753417969,893.210205078125,893.210205078125,5800,0.0,0.0
2001-05-30 00:00:00+09:00,907.6168212890625,911.2184753417969,871.6002807617188,893.210205078125,8500,0.0,0.0
2001-05-31 00:00:00+09:00,893.2102861899732,893.2102861899732,873.7613525390625,873.7613525390625,2300,0.0,0.0
2001-06-01 00:00:00+09:00,880.9648143808016,910.4983854270918,880.9648143808016,899.6934204101562,1900,0.0,0.0
2001-06-04 00:00:00+09:00,900.4135949495698,901.1339258255294,873.0410216631029,873.7613525390625,5900,0.0,0.0
2001-06-05 00:00:00+09:00,899.6932443510226,899.6932443510226,878.8036494061229,886.0069580078125,1200,0.0,0.0
2001-06-06 00:00:00+09:00,879.5242251036597,886.0072046498783,875.9225698002049,878.8038940429688,2000,0.0,0.0
2001-06-07 00:00:00+09:00,878.8038270995693,878.8038270995693,874.4818410646534,878.08349609375,2100,0.0,0.0
2001-06-08 00:00:00+09:00,921.3031701560911,921.3031701560911,878.8036494061229,886.0069580078125,23400,0.0,0.0
2001-06-11 00:00:00+09:00,886.0068908641744,886.0068908641744,878.8035828083681,885.2865600585938,1300,0.0,0.0
2001-06-12 00:00:00+09:00,880.2446203310627,880.2446203310627,870.8803158594557,871.6006469726562,5400,0.0,0.0
2001-06-13 00:00:00+09:00,865.8377636349771,865.8377636349771,857.1937926169907,857.9141235351562,8300,0.0,0.0
2001-06-14 00:00:00+09:00,878.0836151855469,900.4138793945312,857.1940131835938,900.4138793945312,8100,0.0,0.0
2001-06-15 00:00:00+09:00,895.3715162774095,895.3715162774095,857.1939697265625,857.1939697265625,5700,0.0,0.0
2001-06-18 00:00:00+09:00,864.3972803965336,871.6005910665048,849.2703279895943,857.1939697265625,4800,0.0,0.0
2001-06-19 00:00:00+09:00,878.08349609375,878.08349609375,861.5158829599056,878.08349609375,900,0.0,0.0
2001-06-20 00:00:00+09:00,876.64296476506,876.64296476506,871.6006469726562,871.6006469726562,1700,0.0,0.0
2001-06-21 00:00:00+09:00,876.642528288955,882.4051743253655,860.0749209342746,863.6765747070312,1600,0.0,0.0
2001-06-22 00:00:00+09:00,891.0492126464843,893.210205078125,881.684912109375,893.210205078125,3300,0.0,0.0
2001-06-25 00:00:00+09:00,893.2104551206185,898.9731032181709,878.8038348767375,893.9307861328125,3900,0.0,0.0
2001-06-26 00:00:00+09:00,871.6005834360592,878.8038940429688,871.6005834360592,878.8038940429688,6100,0.0,0.0
2001-06-27 00:00:00+09:00,889.6089248026698,889.6089248026698,865.1176669538513,871.6006469726562,2000,0.0,0.0
2001-06-28 00:00:00+09:00,864.3972013548339,899.6934204101562,853.5922363378985,899.6934204101562,8200,0.0,0.0
2001-06-29 00:00:00+09:00,898.9729997087722,899.693330638026,864.3971151045887,888.8883666992188,4400,0.0,0.0
2001-07-02 00:00:00+09:00,889.6087182577065,889.6087182577065,872.3207755547228,876.6427612304688,1100,0.0,0.0
2001-07-03 00:00:00+09:00,878.8039581046617,878.8039581046617,871.6006469726562,871.6006469726562,200,0.0,0.0
2001-07-04 00:00:00+09:00,874.4819043130298,874.4819043130298,869.4395869076005,870.8802490234375,4000,0.0,0.0
2001-07-05 00:00:00+09:00,870.8802599995076,870.8802599995076,857.1939697265625,857.1939697265625,2200,0.0,0.0
2001-07-06 00:00:00+09:00,857.1938117774757,857.1938117774757,846.3888477634739,852.871826171875,2700,0.0,0.0
2001-07-09 00:00:00+09:00,830.5416693380604,835.5839864979619,821.1773660411005,828.3806762695312,3500,0.0,0.0
2001-07-10 00:00:00+09:00,836.3041275335266,836.3041275335266,805.3299005878405,813.2535400390625,3900,0.0,0.0
2001-07-11 00:00:00+09:00,813.2534851074219,813.2534851074219,785.1605834960938,785.1605834960938,12200,0.0,0.0
2001-07-12 00:00:00+09:00,777.9575692923966,792.3641909459594,777.9575692923966,791.6438598632812,5800,0.0,0.0
2001-07-13 00:00:00+09:00,794.5250934787326,810.3723754882812,777.2371494683159,810.3723754882812,16600,0.0,0.0
2001-07-16 00:00:00+09:00,808.2113824869791,824.7789954969618,801.7284034830728,810.3723754882812,6300,0.0,0.0
2001-07-17 00:00:00+09:00,824.7786741348493,835.5836349313757,814.6940440580913,823.3380126953125,6000,0.0,0.0
2001-07-18 00:00:00+09:00,837.7447326660156,842.7870483398438,825.4991088867188,835.583740234375,4800,0.0,0.0
2001-07-19 00:00:00+09:00,842.7870179521277,846.388671875,834.8633793218086,846.388671875,4600,0.0,0.0
2001-07-20 00:00:00+09:00,846.388671875,846.388671875,846.388671875,846.388671875,0,0.0,0.0
2001-07-23 00:00:00+09:00,848.5500604144597,849.99072265625,821.1774778204449,849.99072265625,5100,0.0,0.0
2001-07-24 00:00:00+09:00,846.3887571378518,849.2700805664062,817.575522852308,849.2700805664062,7900,0.0,0.0
2001-07-25 00:00:00+09:00,848.5498075584917,848.5498075584917,823.3382258398608,826.9398803710938,3800,0.0,0.0
2001-07-26 00:00:00+09:00,855.7531367564361,858.6344604492188,851.4311512172621,858.6344604492188,3700,0.0,0.0
2001-07-27 00:00:00+09:00,821.1772467087138,857.9141235351562,821.1772467087138,857.9141235351562,6200,0.0,0.0
2001-07-30 00:00:00+09:00,862.956526467044,864.3971884477903,829.1009699195056,831.261962890625,2100,0.0,0.0
2001-07-31 00:00:00+09:00,845.6685286677908,857.193823777403,845.6685286677908,854.3125,4800,0.0,0.0
2001-08-01 00:00:00+09:00,854.3124689443285,860.7954472078184,854.3124689443285,857.9141235351562,5600,0.0,0.0
2001-08-02 00:00:00+09:00,864.3971078347839,871.6004170667404,858.6344604492188,858.6344604492188,8900,0.0,0.0
2001-08-03 00:00:00+09:00,857.9139286706206,871.6002130070957,857.9139286706206,863.6765747070312,4600,0.0,0.0
2001-08-06 00:00:00+09:00,857.9142821428094,857.9142821428094,839.9060058593751,839.906005859375,2400,0.0,0.0
2001-08-07 00:00:00+09:00,837.7446675431837,864.3969054615825,837.7446675431837,863.6765747070312,5800,0.0,0.0
2001-08-08 00:00:00+09:00,843.5074523300848,848.5497684413663,843.5074523300848,844.227783203125,800,0.0,0.0
2001-08-09 00:00:00+09:00,832.7023741564126,842.7870049852964,828.3803895154623,830.5413818359375,7400,0.0,0.0
2001-08-10 00:00:00+09:00,835.5836972503794,853.591966587672,830.5413818359375,830.5413818359375,4400,0.0,0.0
2001-08-13 00:00:00+09:00,831.261830036716,831.261830036716,815.41455078125,815.41455078125,3000,0.0,0.0
2001-08-14 00:00:00+09:00,819.7365713086277,828.380542183587,819.7365713086277,826.9398803710938,1900,0.0,0.0
2001-08-15 00:00:00+09:00,828.3806168405633,828.3806168405633,821.1773071289062,821.1773071289062,4000,0.0,0.0
2001-08-16 00:00:00+09:00,835.5838268786877,835.5838268786877,823.3382018296035,824.0585327148438,2400,0.0,0.0
2001-08-17 00:00:00+09:00,842.7873972947685,842.7873972947685,821.1774640308001,825.4994506835938,5900,0.0,0.0
2001-08-20 00:00:00+09:00,828.3804321289062,842.0667175292969,825.4991088867188,835.583740234375,2300,0.0,0.0
2001-08-21 00:00:00+09:00,842.0668294022723,842.7871603085189,820.4569022148744,826.9398803710938,6300,0.0,0.0
2001-08-22 00:00:00+09:00,824.778753468688,824.778753468688,818.2957763671875,818.2957763671875,4400,0.0,0.0
2001-08-23 00:00:00+09:00,817.5756522730777,823.3383000424034,806.7706877055921,821.1773071289062,7000,0.0,0.0
2001-08-24 00:00:00+09:00,821.1773181712703,821.1773181712703,800.2877197265625,800.2877197265625,2200,0.0,0.0
2001-08-27 00:00:00+09:00,835.5839265522204,835.5839265522204,821.1773071289062,821.1773071289062,1500,0.0,0.0
2001-08-28 00:00:00+09:00,821.1773164393537,828.3806262326814,806.7706968526984,807.4910278320312,8500,0.0,0.0
2001-08-29 00:00:00+09:00,808.2111694335937,808.2111694335937,806.7705078125,806.7705078125,1200,0.0,0.0
2001-08-30 00:00:00+09:00,807.4912873822509,808.9319498039855,801.7286376953125,801.7286376953125,8500,0.0,0.0
2001-08-31 00:00:00+09:00,801.7283894007522,806.7707063152224,792.3640865595934,793.8047485351562,8600,0.0,0.0
2001-09-03 00:00:00+09:00,793.8047453962054,807.491034109933,756.3475341796875,756.3475341796875,15900,0.0,0.0
2001-09-04 00:00:00+09:00,713.1275024414062,777.957275390625,713.1275024414062,777.957275390625,6800,0.0,0.0
2001-09-05 00:00:00+09:00,770.7541800345508,773.6355040720632,729.6953125,729.6953125,5700,0.0,0.0
2001-09-06 00:00:00+09:00,787.3215386587814,787.3215386587814,772.914923129801,773.63525390625,11200,0.0,0.0
2001-09-07 00:00:00+09:00,744.8220279091283,752.7456665039062,731.8560738449462,752.7456665039062,3000,0.0,0.0
2001-09-10 00:00:00+09:00,767.1524733369574,767.8728042978372,731.1359252929688,731.1359252929688,4400,0.0,0.0
2001-09-11 00:00:00+09:00,745.5425643920898,745.5425643920898,720.3309800889757,726.0936279296875,11200,0.0,0.0
2001-09-12 00:00:00+09:00,720.3309720155423,720.3309720155423,680.7127685546875,680.7127685546875,7900,0.0,0.0
2001-09-13 00:00:00+09:00,680.7130212732263,680.7130212732263,644.696459301098,666.306396484375,31000,0.0,0.0
2001-09-14 00:00:00+09:00,669.9079157902645,702.3228149414062,669.9079157902645,702.3228149414062,10300,0.0,0.0
2001-09-17 00:00:00+09:00,698.7210515366469,702.3227064414749,671.3484742599535,696.56005859375,2900,0.0,0.0
2001-09-18 00:00:00+09:00,696.5599552790324,709.5259110132853,691.5176391601562,691.5176391601562,7300,0.0,0.0
2001-09-19 00:00:00+09:00,720.3308721985479,720.3308721985479,705.924254754577,713.1275634765625,3800,0.0,0.0
2001-09-20 00:00:00+09:00,718.8902104541509,718.8902104541509,704.4835930101799,713.1275634765625,6300,0.0,0.0
2001-09-21 00:00:00+09:00,713.1275823521347,713.1275823521347,707.3649352220165,708.0852661132812,3600,0.0,0.0
2001-09-24 00:00:00+09:00,708.0852661132812,708.0852661132812,708.0852661132812,708.0852661132812,0,0.0,0.0
2001-09-25 00:00:00+09:00,709.5331809303977,709.5331809303977,666.0923739346591,676.9525756835938,2800,5.0,0.0
2001-09-26 00:00:00+09:00,691.4327894846598,709.5331242879232,684.1926555633545,695.0528564453125,3100,0.0,0.0
2001-09-27 00:00:00+09:00,698.6731610519473,698.6731610519473,673.3326837080944,686.3649291992188,5200,0.0,0.0
2001-09-28 00:00:00+09:00,686.3649291992188,686.3649291992188,686.3649291992188,686.3649291992188,0,0.0,0.0
2001-10-01 00:00:00+09:00,698.6731485513834,723.2896118164062,698.6731485513834,723.2896118164062,8600,0.0,0.0
2001-10-02 00:00:00+09:00,723.2896340549582,731.2537841796875,721.8416067595529,731.2537841796875,5400,0.0,0.0
2001-10-03 00:00:00+09:00,832.6158237206089,832.6158237206089,810.1713971681403,824.6516723632812,8800,0.0,0.0
2001-10-04 00:00:00+09:00,832.6155742359581,832.6155742359581,805.1030596090309,821.75537109375,7300,0.0,0.0
2001-10-05 00:00:00+09:00,832.6154674183239,832.6154674183239,777.5904452237216,796.414794921875,3300,0.0,0.0
2001-10-08 00:00:00+09:00,796.414794921875,796.414794921875,796.414794921875,796.414794921875,0,0.0,0.0
2001-10-09 00:00:00+09:00,818.8593169224945,832.6155742359581,818.1353033796806,821.75537109375,3500,0.0,0.0
2001-10-10 00:00:00+09:00,821.7552656693892,821.7552656693892,796.414794921875,796.414794921875,4100,0.0,0.0
2001-10-11 00:00:00+09:00,825.3754563155618,825.3754563155618,803.6550495704155,823.9274291992188,6900,0.0,0.0
2001-10-12 00:00:00+09:00,828.9955562123081,828.9955562123081,810.8952165570175,825.37548828125,6200,0.0,0.0
2001-10-15 00:00:00+09:00,810.895058420907,818.1351928710938,789.8986685153658,818.1351928710938,4300,0.0,0.0
2001-10-16 00:00:00+09:00,821.7552300219266,821.7552300219266,724.0134185215212,767.4542236328125,4300,0.0,0.0
2001-10-17 00:00:00+09:00,803.6550325234031,821.75537109375,767.4543553827092,821.75537109375,4600,0.0,0.0
2001-10-18 00:00:00+09:00,814.5151256460005,818.1351928710938,796.4147895205338,818.1351928710938,10000,0.0,0.0
2001-10-19 00:00:00+09:00,818.1351984197444,821.0312522194603,763.1101762251421,796.414794921875,3100,0.0,0.0
2001-10-22 00:00:00+09:00,810.8952929338104,814.5153612058363,809.447265625,809.447265625,1700,0.0,0.0
2001-10-23 00:00:00+09:00,792.7951489257813,815.9635916341146,792.7951489257813,814.5155639648438,4400,0.0,0.0
2001-10-24 00:00:00+09:00,814.5152356656113,821.75537109375,813.0672085799835,821.75537109375,7600,0.0,0.0
2001-10-25 00:00:00+09:00,821.7554573390795,832.6156616210938,810.8952530570651,832.6156616210938,8100,0.0,0.0
2001-10-26 00:00:00+09:00,844.923979020319,868.8164308692227,835.5118010192358,861.5762939453125,12900,0.0,0.0
2001-10-29 00:00:00+09:00,887.640464649089,887.640464649089,868.0921020507812,868.0921020507812,4100,0.0,0.0
2001-10-30 00:00:00+09:00,795.690781471946,839.8556019176137,781.9345259232955,796.414794921875,8600,0.0,0.0
2001-10-31 00:00:00+09:00,810.8954947916667,814.5155639648438,801.4833149414063,814.5155639648438,2900,0.0,0.0
2001-11-01 00:00:00+09:00,831.1677650203018,865.1964104523177,814.5154491705919,844.2000122070312,5200,0.0,0.0
2001-11-02 00:00:00+09:00,844.1997878718017,844.1997878718017,804.3790431608677,818.8593139648438,5300,0.0,0.0
2001-11-05 00:00:00+09:00,832.6157888847937,861.5763380633952,831.1677614258635,859.404296875,4200,0.0,0.0
2001-11-06 00:00:00+09:00,832.6155708931587,832.6155708931587,796.4148938978041,803.655029296875,9000,0.0,0.0
2001-11-07 00:00:00+09:00,818.1352119035619,818.1352119035619,789.898686890961,807.9990234375,12800,0.0,0.0
2001-11-08 00:00:00+09:00,767.4542695732526,808.7230368993615,767.4542695732526,807.9990234375,3500,0.0,0.0
2001-11-09 00:00:00+09:00,807.9990234375,807.9990234375,807.9990234375,807.9990234375,0,0.0,0.0
2001-11-12 00:00:00+09:00,807.2752661923907,807.2752661923907,803.6551977341289,804.3792114257812,2000,0.0,0.0
2001-11-13 00:00:00+09:00,781.9346262389868,821.75537109375,781.9346262389868,821.75537109375,2600,0.0,0.0
2001-11-14 00:00:00+09:00,832.6156241433663,832.6156241433663,813.0672573156525,825.37548828125,2400,0.0,0.0
2001-11-15 00:00:00+09:00,828.995593527089,832.6156616210938,822.4794709578804,832.6156616210938,6000,0.0,0.0
2001-11-16 00:00:00+09:00,831.8916038500187,854.3360248416205,829.7195631088958,849.991943359375,5400,0.0,0.0
2001-11-19 00:00:00+09:00,792.0707605346347,797.8628684727308,792.0707605346347,797.1388549804688,2300,0.0,0.0
2001-11-20 00:00:00+09:00,845.6479610638477,845.6479610638477,805.8272094726562,805.8272094726562,1200,0.0,0.0
2001-11-21 00:00:00+09:00,798.5870159621467,798.5870159621467,760.2142944335938,760.2142944335938,3500,0.0,0.0
2001-11-22 00:00:00+09:00,796.414794921875,846.3717229669745,796.414794921875,836.2355346679688,11500,0.0,0.0
2001-11-23 00:00:00+09:00,836.2355346679688,836.2355346679688,836.2355346679688,836.2355346679688,0,0.0,0.0
2001-11-26 00:00:00+09:00,836.2356825608474,847.0958862304688,836.2356825608474,847.0958862304688,2300,0.0,0.0
2001-11-27 00:00:00+09:00,847.0957306718404,852.8878382319898,818.1351928710938,818.1351928710938,5000,0.0,0.0
2001-11-28 00:00:00+09:00,810.8954004691689,826.0996892279659,810.17138671875,810.17138671875,500,0.0,0.0
2001-11-29 00:00:00+09:00,796.4150761898762,796.4150761898762,785.5548706054688,785.5548706054688,3100,0.0,0.0
2001-11-30 00:00:00+09:00,796.4149607238492,796.4149607238492,787.0027839152946,794.242919921875,3900,0.0,0.0
2001-12-03 00:00:00+09:00,796.4151075972501,796.4151075972501,766.0065307617188,766.0065307617188,3600,0.0,0.0
2001-12-04 00:00:00+09:00,782.6587164597285,782.6587164597285,745.7340221586683,760.2142944335938,5100,0.0,0.0
2001-12-05 00:00:00+09:00,760.9383080473401,760.9383080473401,759.4902808198475,760.2142944335938,2400,0.0,0.0
2001-12-06 00:00:00+09:00,763.8343625023252,781.9347028459822,760.2142944335938,760.2142944335938,19700,0.0,0.0
2001-12-07 00:00:00+09:00,760.2142249213325,781.9346313476562,738.4938184950087,781.9346313476562,1800,0.0,0.0
2001-12-10 00:00:00+09:00,781.9346096212719,781.9346096212719,746.4579467773438,746.4579467773438,4900,0.0,0.0
2001-12-11 00:00:00+09:00,746.4581377370419,746.4581377370419,736.3219457600112,737.0459594726562,4100,0.0,0.0
2001-12-12 00:00:00+09:00,738.4938550177421,762.3863032683162,737.7698414343914,758.7662353515625,4600,0.0,0.0
2001-12-13 00:00:00+09:00,758.7662480124756,766.7303975622248,738.4938673403865,739.94189453125,1500,0.0,0.0
2001-12-14 00:00:00+09:00,724.737634921029,768.9024658203125,724.0136212997293,768.9024658203125,20100,0.0,0.0
2001-12-17 00:00:00+09:00,747.1820192128479,747.1820192128479,727.6336524311164,728.357666015625,2900,0.0,0.0
2001-12-18 00:00:00+09:00,752.9742822265625,752.9742822265625,716.0495818481445,724.0137329101562,6400,0.0,0.0
2001-12-19 00:00:00+09:00,730.5295938297194,731.2536073022959,701.5690549266582,709.533203125,6900,0.0,0.0
2001-12-20 00:00:00+09:00,724.0135833507277,758.7662353515625,709.5333116837131,758.7662353515625,9800,0.0,0.0
2001-12-21 00:00:00+09:00,758.7663920898437,760.2144195556641,723.2897191772461,724.0137329101562,5600,0.0,0.0
2001-12-24 00:00:00+09:00,724.0137329101562,724.0137329101562,724.0137329101562,724.0137329101562,0,0.0,0.0
2001-12-25 00:00:00+09:00,658.8524792623468,687.8130278013512,658.8524792623468,679.848876953125,23500,0.0,0.0
2001-12-26 00:00:00+09:00,673.3327762088261,673.3327762088261,666.0926388302365,669.7127075195312,2900,0.0,0.0
2001-12-27 00:00:00+09:00,673.3325660779319,674.0565795898438,666.0924309588144,674.0565795898438,4400,0.0,0.0
2001-12-28 00:00:00+09:00,687.8130462646484,738.4940075683594,687.8130462646484,724.0137329101562,4100,0.0,0.0
2001-12-31 00:00:00+09:00,724.0137329101562,724.0137329101562,724.0137329101562,724.0137329101562,0,0.0,0.0
2002-01-01 00:00:00+09:00,724.0137329101562,724.0137329101562,724.0137329101562,724.0137329101562,0,0.0,0.0
2002-01-02 00:00:00+09:00,724.0137329101562,724.0137329101562,724.0137329101562,724.0137329101562,0,0.0,0.0
2002-01-03 00:00:00+09:00,724.0137329101562,724.0137329101562,724.0137329101562,724.0137329101562,0,0.0,0.0
2002-01-04 00:00:00+09:00,738.4939042911973,747.1820678710938,724.0136316580366,747.1820678710938,3200,0.0,0.0
2002-01-07 00:00:00+09:00,747.9060615353468,747.9060615353468,724.0136123285062,742.1139526367188,4400,0.0,0.0
2002-01-08 00:00:00+09:00,741.3898631840796,745.7339444136737,713.1533351917171,727.6336059570312,6700,0.0,0.0
2002-01-09 00:00:00+09:00,727.633801574707,734.8739389038086,716.7735955810547,724.0137329101562,4100,0.0,0.0
2002-01-10 00:00:00+09:00,751.5262678136777,751.5262678136777,718.945649266842,720.3936767578125,6500,0.0,0.0
2002-01-11 00:00:00+09:00,742.1140891223696,742.1140891223696,720.3936767578125,720.3936767578125,11000,0.0,0.0
2002-01-14 00:00:00+09:00,720.3936767578125,720.3936767578125,720.3936767578125,720.3936767578125,0,0.0,0.0
2002-01-15 00:00:00+09:00,717.4975732668481,738.4939704663825,716.7735595703125,716.7735595703125,1600,0.0,0.0
2002-01-16 00:00:00+09:00,724.0136477026608,731.2537841796875,709.5333747486077,731.2537841796875,3000,0.0,0.0
2002-01-17 00:00:00+09:00,729.8058061079545,729.8058061079545,687.8130117088857,716.7735595703125,3300,0.0,0.0
2002-01-18 00:00:00+09:00,720.3936767578125,723.2897317397534,718.945649266842,720.3936767578125,6600,0.0,0.0
2002-01-21 00:00:00+09:00,724.0136123285062,742.1139526367188,720.3935442668636,742.1139526367188,8500,0.0,0.0
2002-01-22 00:00:00+09:00,745.734144897461,745.734144897461,720.3936642456055,724.0137329101562,5500,0.0,0.0
2002-01-23 00:00:00+09:00,724.0135084542977,726.9095624881148,699.3970491668516,713.8773193359375,9700,0.0,0.0
2002-01-24 00:00:00+09:00,713.1534024050994,716.7734704376127,703.0172119140625,703.0172119140625,4600,0.0,0.0
2002-01-25 00:00:00+09:00,718.2213287666838,718.2213287666838,705.1890869140625,705.1890869140625,1900,0.0,0.0
2002-01-28 00:00:00+09:00,710.2573883963103,734.8738524182007,710.2573883963103,731.2537841796875,3200,0.0,0.0
2002-01-29 00:00:00+09:00,731.2538829400911,731.2538829400911,716.7736080303863,720.3936767578125,2600,0.0,0.0
2002-01-30 00:00:00+09:00,724.013640073115,724.013640073115,721.1175855128225,722.5656127929688,3600,0.0,0.0
2002-01-31 00:00:00+09:00,722.5656127929688,722.5656127929688,722.5656127929688,722.5656127929688,0,0.0,0.0
2002-02-01 00:00:00+09:00,752.9742822265625,752.9742822265625,723.2897191772461,724.0137329101562,4400,0.0,0.0
2002-02-04 00:00:00+09:00,724.0137454852387,724.0137454852387,716.7736080303863,720.3936767578125,3600,0.0,0.0
2002-02-05 00:00:00+09:00,720.393405213648,720.393405213648,708.8091896524235,709.533203125,6600,0.0,0.0
2002-02-06 00:00:00+09:00,703.0170818718112,710.2572165975765,703.0170818718112,709.533203125,3000,0.0,0.0
2002-02-07 00:00:00+09:00,709.5333570181231,716.7734933142264,709.5333570181231,710.9813842773438,2600,0.0,0.0
2002-02-08 00:00:00+09:00,717.4972641888787,745.7337861902573,710.2571303423713,738.49365234375,14800,0.0,0.0
2002-02-11 00:00:00+09:00,738.49365234375,738.49365234375,738.49365234375,738.49365234375,0,0.0,0.0
2002-02-12 00:00:00+09:00,745.7340571337406,750.8021526676594,731.2537841796875,731.2537841796875,5200,0.0,0.0
2002-02-13 00:00:00+09:00,759.4901733398438,760.2141868511305,753.6980652495495,759.4901733398438,4700,0.0,0.0
2002-02-14 00:00:00+09:00,759.4904530410839,767.4546045982354,755.1463703735467,766.7305908203125,8600,0.0,0.0
2002-02-15 00:00:00+09:00,766.730210214291,779.7624517476784,758.7660626105543,767.4542236328125,8500,0.0,0.0
2002-02-18 00:00:00+09:00,752.974074568395,767.4543452331719,742.1138715698124,752.2500610351562,3200,0.0,0.0
2002-02-19 00:00:00+09:00,745.734144897461,748.6301998291016,716.7735955810547,724.0137329101562,13100,0.0,0.0
2002-02-20 00:00:00+09:00,724.0138304381566,760.2145219600644,724.0138304381566,758.04248046875,3500,0.0,0.0
2002-02-21 00:00:00+09:00,758.7659615500969,762.3860281605458,745.7337217524807,747.90576171875,13000,0.0,0.0
2002-02-22 00:00:00+09:00,760.2142944335938,775.4185803222657,760.2142944335938,760.2142944335938,3100,0.0,0.0
2002-02-25 00:00:00+09:00,760.2140894475973,774.6943578180277,760.2140894475973,767.4542236328125,4100,0.0,0.0
2002-02-26 00:00:00+09:00,767.4542911862865,768.9023181507889,745.73388671875,745.73388671875,9500,0.0,0.0
2002-02-27 00:00:00+09:00,767.4543603967737,784.1066719902886,752.9740894458912,781.9346313476562,24900,0.0,0.0
2002-02-28 00:00:00+09:00,781.210518068688,794.2427602607513,774.6943969726562,774.6943969726562,9500,0.0,0.0
2002-03-01 00:00:00+09:00,774.6943969726562,774.6943969726562,760.2141278703637,774.6943969726562,5600,0.0,0.0
2002-03-04 00:00:00+09:00,774.6944073268345,810.8950805664062,773.9703938620431,810.8950805664062,20700,0.0,0.0
2002-03-05 00:00:00+09:00,810.8950639204546,810.8950639204546,796.414794921875,796.414794921875,5200,0.0,0.0
2002-03-06 00:00:00+09:00,810.8950639204546,839.8556019176137,803.6549294211649,836.2355346679688,9000,0.0,0.0
2002-03-07 00:00:00+09:00,839.8557504507212,854.3360220102163,825.375478891226,847.0958862304688,8700,0.0,0.0
2002-03-08 00:00:00+09:00,789.1746261884581,832.6154312997494,767.4542236328125,767.4542236328125,56500,0.0,0.0
2002-03-11 00:00:00+09:00,796.4148112705775,818.1352152143206,792.7947439466204,810.8950805664062,19200,0.0,0.0
2002-03-12 00:00:00+09:00,796.4149022985388,809.447146154333,781.9346313476562,781.9346313476562,12000,0.0,0.0
2002-03-13 00:00:00+09:00,778.3144586736506,803.6549294211649,767.454256924716,796.414794921875,32000,0.0,0.0
2002-03-14 00:00:00+09:00,797.1389158460829,831.891566128201,781.2106178001121,781.9346313476562,8000,0.0,0.0
2002-03-15 00:00:00+09:00,810.8950606809296,847.0957330327569,810.8950606809296,833.3394775390625,14700,0.0,0.0
2002-03-18 00:00:00+09:00,839.8557600054825,854.3360317297149,825.37548828125,825.37548828125,7900,0.0,0.0
2002-03-19 00:00:00+09:00,825.3755279541016,883.2966176350911,796.4149831136067,868.8163452148438,32700,0.0,0.0
2002-03-20 00:00:00+09:00,890.5368521554129,939.7697838192895,890.5368521554129,912.2572631835938,30900,0.0,0.0
2002-03-21 00:00:00+09:00,912.2572631835938,912.2572631835938,912.2572631835938,912.2572631835938,0,0.0,0.0
2002-03-22 00:00:00+09:00,926.7375214530892,958.5941237530392,923.1174530099131,949.1819458007812,34100,0.0,0.0
2002-03-25 00:00:00+09:00,949.1819659098119,949.1819659098119,912.2572670071418,936.1497192382812,22200,0.0,0.0
2002-03-26 00:00:00+09:00,923.0666664774103,952.1396323507146,923.0666664774103,937.6031494140625,30600,5.0,0.0
2002-03-27 00:00:00+09:00,936.1496905048077,973.9445537860577,930.3350961538462,944.87158203125,15200,0.0,0.0
2002-03-28 00:00:00+09:00,973.9447681568288,988.4812572337963,952.8668589952258,981.2130126953125,12200,0.0,0.0
2002-03-29 00:00:00+09:00,981.2130126953126,987.7544327799479,963.7692258029515,981.2130126953125,29900,0.0,0.0
2002-04-01 00:00:00+09:00,981.2127075668086,981.2127075668086,937.6032538971726,938.330078125,18400,0.0,0.0
2002-04-02 00:00:00+09:00,938.3301633864182,973.9445537860577,938.3301633864182,944.87158203125,16100,0.0,0.0
2002-04-03 00:00:00+09:00,944.8714582887415,1061.163330078125,944.8714582887415,1061.163330078125,47700,0.0,0.0
2002-04-04 00:00:00+09:00,1059.7098889160156,1162.9189453125,1032.0905639648438,1162.9189453125,74600,0.0,0.0
2002-04-05 00:00:00+09:00,1097.504276323922,1148.3819580078125,1092.4165081555332,1148.3819580078125,32800,0.0,0.0
2002-04-08 00:00:00+09:00,1126.5772727683739,1191.9914369936341,1126.5772727683739,1177.4549560546875,42300,0.0,0.0
2002-04-09 00:00:00+09:00,1188.3573167588975,1221.0643988715278,1162.1916510687934,1177.4549560546875,32300,0.0,0.0
2002-04-10 00:00:00+09:00,1141.1137537073205,1184.7231965241608,1126.5772727683739,1177.4549560546875,60800,0.0,0.0
2002-04-11 00:00:00+09:00,1184.723524798769,1215.9769674775093,1162.191973100142,1199.260009765625,61300,0.0,0.0
2002-04-12 00:00:00+09:00,1162.9187004122589,1181.0893051062003,1162.1918762245011,1168.0064697265625,28600,0.0,0.0
2002-04-15 00:00:00+09:00,1162.9182681165018,1177.454746467958,1148.3817897650456,1176.0010986328125,40000,0.0,0.0
2002-04-16 00:00:00+09:00,1170.1871887207033,1173.8213104248048,1147.6556341552734,1162.9189453125,27700,0.0,0.0
2002-04-17 00:00:00+09:00,1166.5527178165664,1166.5527178165664,1152.0162353515625,1152.0162353515625,21000,0.0,0.0
2002-04-18 00:00:00+09:00,1152.0163073417468,1162.918669871795,1133.845703125,1133.845703125,36800,0.0,0.0
2002-04-19 00:00:00+09:00,1116.4020967741935,1126.57763671875,1090.2364226310483,1126.57763671875,20700,0.0,0.0
2002-04-22 00:00:00+09:00,1126.5776914125913,1126.5776914125913,1093.8705971457741,1119.3094482421875,12100,0.0,0.0
2002-04-23 00:00:00+09:00,1126.5775620259167,1162.918773704172,1098.9582411504425,1149.8359375,79300,0.0,0.0
2002-04-24 00:00:00+09:00,1162.9189453125,1181.0895538330078,1155.650701904297,1162.9189453125,30100,0.0,0.0
2002-04-25 00:00:00+09:00,1162.1917753219604,1162.1917753219604,1114.9482072194419,1116.40185546875,15400,0.0,0.0
2002-04-26 00:00:00+09:00,1119.3095189788016,1161.46533203125,1105.4998560823099,1161.46533203125,21600,0.0,0.0
2002-04-29 00:00:00+09:00,1161.46533203125,1161.46533203125,1161.46533203125,1161.46533203125,0,0.0,0.0
2002-04-30 00:00:00+09:00,1117.8556788096766,1135.2994605336248,1104.7728425167156,1114.2215576171875,5700,0.0,0.0
2002-05-01 00:00:00+09:00,1133.1187041142864,1137.479648453405,1106.9530380795757,1115.6749267578125,8900,0.0,0.0
2002-05-02 00:00:00+09:00,1159.2846656927343,1177.455271738075,1133.8458172292574,1169.460205078125,28200,0.0,0.0
2002-05-03 00:00:00+09:00,1169.460205078125,1169.460205078125,1169.460205078125,1169.460205078125,0,0.0,0.0
2002-05-06 00:00:00+09:00,1169.460205078125,1169.460205078125,1169.460205078125,1169.460205078125,0,0.0,0.0
2002-05-07 00:00:00+09:00,1145.474678951972,1162.918455788804,1133.845494394084,1142.5673828125,6700,0.0,0.0
2002-05-08 00:00:00+09:00,1142.5677843227509,1162.9188644506369,1141.1141357421875,1141.1141357421875,6300,0.0,0.0
2002-05-09 00:00:00+09:00,1235.6010567083702,1257.4057812385179,1199.2598491581239,1236.327880859375,187300,0.0,0.0
2002-05-10 00:00:00+09:00,1242.8693704044117,1271.9423381331699,1221.791468801062,1223.2451171875,65200,0.0,0.0
2002-05-13 00:00:00+09:00,1204.3475873993664,1211.6158287234423,1189.084280618807,1191.9915771484375,12300,0.0,0.0
2002-05-14 00:00:00+09:00,1213.796718810656,1213.796718810656,1164.3726607992041,1170.187255859375,14100,0.0,0.0
2002-05-15 00:00:00+09:00,1183.9963031630805,1199.2596072554222,1178.1817111279026,1185.449951171875,17100,0.0,0.0
2002-05-16 00:00:00+09:00,1207.2550764973957,1207.2550764973957,1185.4503490471118,1199.260009765625,8100,0.0,0.0
2002-05-17 00:00:00+09:00,1213.0697794024654,1213.0697794024654,1189.8114013671875,1189.8114013671875,20100,0.0,0.0
2002-05-20 00:00:00+09:00,1184.7232666015625,1191.9915075009585,1183.996442511623,1184.7232666015625,13400,0.0,0.0
2002-05-21 00:00:00+09:00,1191.2647002293513,1213.7962473355808,1184.723283327543,1209.435302734375,21100,0.0,0.0
2002-05-22 00:00:00+09:00,1221.0645603740847,1228.3328018048828,1148.3821460661036,1191.2647705078125,43500,0.0,0.0
2002-05-23 00:00:00+09:00,1162.9184567247332,1170.1866970792628,1148.3819760156741,1157.8306884765625,20200,0.0,0.0
2002-05-24 00:00:00+09:00,1152.7434706788626,1170.187255859375,1149.1093487662558,1170.187255859375,14200,0.0,0.0
2002-05-27 00:00:00+09:00,1170.1872422535416,1180.362783490529,1160.738525390625,1160.738525390625,8100,0.0,0.0
2002-05-28 00:00:00+09:00,1163.6453679933138,1184.7232666015625,1154.9234789140385,1184.7232666015625,26500,0.0,0.0
2002-05-29 00:00:00+09:00,1182.542655154286,1194.898663229039,1182.542655154286,1185.449951171875,14300,0.0,0.0
2002-05-30 00:00:00+09:00,1191.9917454586064,1221.0647148600358,1185.4503273432847,1220.337890625,23800,0.0,0.0
2002-05-31 00:00:00+09:00,1213.7961606358635,1264.67384401581,1213.7961606358635,1228.3326416015625,30700,0.0,0.0
2002-06-03 00:00:00+09:00,1243.5965085736443,1256.6793473546645,1228.333196662454,1235.6014404296875,23100,0.0,0.0
2002-06-04 00:00:00+09:00,1228.3326038463192,1232.6935480019865,1177.4549220301994,1189.0841064453125,26400,0.0,0.0
2002-06-05 00:00:00+09:00,1178.18232406711,1183.9969191272808,1167.2799583292897,1170.187255859375,12100,0.0,0.0
2002-06-06 00:00:00+09:00,1198.5329243104152,1198.5329243104152,1176.7282016122267,1184.7232666015625,14400,0.0,0.0
2002-06-07 00:00:00+09:00,1162.9189806099398,1206.5284423828125,1155.6507369811277,1206.5284423828125,17800,0.0,0.0
2002-06-10 00:00:00+09:00,1198.53315564063,1198.53315564063,1170.1870106618642,1175.2747802734375,4000,0.0,0.0
2002-06-11 00:00:00+09:00,1174.5478690982973,1177.4551658039861,1173.821044921875,1173.821044921875,2300,0.0,0.0
2002-06-12 00:00:00+09:00,1155.650181229829,1155.650181229829,1148.381941096308,1154.196533203125,12600,0.0,0.0
2002-06-13 00:00:00+09:00,1154.9235712954871,1162.918636924342,1101.1385843377363,1104.772705078125,14600,0.0,0.0
2002-06-14 00:00:00+09:00,1112.0410040386653,1112.0410040386653,1072.065673828125,1072.065673828125,31800,0.0,0.0
2002-06-17 00:00:00+09:00,1028.4563327843036,1039.3586967360807,1003.7443078269422,1032.0904541015625,17700,0.0,0.0
2002-06-18 00:00:00+09:00,1035.7245987563747,1035.7245987563747,1003.7443304438972,1011.0125732421875,15100,0.0,0.0
2002-06-19 00:00:00+09:00,1010.2855719211971,1038.6317138671875,996.4759130244324,1038.6317138671875,32700,0.0,0.0
2002-06-20 00:00:00+09:00,1032.0905514039855,1053.16845703125,1010.2858214447464,1053.16845703125,8200,0.0,0.0
2002-06-21 00:00:00+09:00,1051.7144078807448,1054.6217041015625,1029.9096862246133,1054.6217041015625,6700,0.0,0.0
2002-06-24 00:00:00+09:00,1053.8948816503841,1105.4993896484375,1031.3633359047553,1105.4993896484375,14200,0.0,0.0
2002-06-25 00:00:00+09:00,1105.4995105312958,1136.0261242343295,1098.958093309217,1120.7628173828125,56100,0.0,0.0
2002-06-26 00:00:00+09:00,1119.3092659728168,1119.3092659728168,1055.3487364886557,1061.163330078125,14400,0.0,0.0
2002-06-27 00:00:00+09:00,1042.9923877665472,1102.5919527817784,1042.9923877665472,1096.050537109375,12900,0.0,0.0
2002-06-28 00:00:00+09:00,1125.850867095551,1125.850867095551,1056.0757326596743,1119.3094482421875,28200,0.0,0.0
2002-07-01 00:00:00+09:00,1125.850867095551,1147.6555966067624,1118.5826239251471,1119.3094482421875,2400,0.0,0.0
2002-07-02 00:00:00+09:00,1075.6999940853357,1104.046142578125,1061.163507678777,1104.046142578125,2500,0.0,0.0
2002-07-03 00:00:00+09:00,1090.236374977052,1118.5825207264554,1082.968132477205,1113.4947509765625,7800,0.0,0.0
2002-07-04 00:00:00+09:00,1111.3143310546875,1111.3143310546875,1093.1437239413015,1111.3143310546875,4400,0.0,0.0
2002-07-05 00:00:00+09:00,1107.6801975621047,1108.4070218387203,1090.9632391999469,1091.6900634765625,14600,0.0,0.0
2002-07-08 00:00:00+09:00,1098.2314819661026,1112.041143221798,1082.9681721571758,1091.6900634765625,7000,0.0,0.0
2002-07-09 00:00:00+09:00,1087.3290721921994,1096.7777873917305,1062.6170478241947,1063.3438720703125,4600,0.0,0.0
2002-07-10 00:00:00+09:00,1063.3440354241266,1063.3440354241266,1035.7247098286946,1046.6270751953125,7400,0.0,0.0
2002-07-11 00:00:00+09:00,1046.6267274982283,1046.6267274982283,1017.5537628454997,1025.548828125,7300,0.0,0.0
2002-07-12 00:00:00+09:00,1025.5488827912704,1027.7293552564538,995.7490924337635,1003.017333984375,10200,0.0,0.0
2002-07-15 00:00:00+09:00,996.4763211378411,996.4763211378411,957.9546252805795,973.9447631835938,7700,0.0,0.0
2002-07-16 00:00:00+09:00,959.4078369140625,975.3979675292969,957.954188676314,959.4078369140625,8900,0.0,0.0
2002-07-17 00:00:00+09:00,973.9447681568288,988.4812572337963,959.4082790798611,981.2130126953125,9400,0.0,0.0
2002-07-18 00:00:00+09:00,1010.2855704471983,1053.89501953125,1006.651449690194,1053.89501953125,28200,0.0,0.0
2002-07-19 00:00:00+09:00,1052.4415167521217,1052.4415167521217,1002.2906433709777,1027.7294921875,2100,0.0,0.0
2002-07-22 00:00:00+09:00,1027.7297777416088,1027.7297777416088,963.0424013491031,981.2130126953125,9400,0.0,0.0
2002-07-23 00:00:00+09:00,981.2126880687671,1010.285656604138,981.2126880687671,992.1150512695312,5900,0.0,0.0
2002-07-24 00:00:00+09:00,989.2078411431248,989.2078411431248,960.8616943359375,960.8616943359375,5100,0.0,0.0
2002-07-25 00:00:00+09:00,981.2123249486549,993.5683320035639,981.2123249486549,987.0269165039062,8100,0.0,0.0
2002-07-26 00:00:00+09:00,988.4807477678571,992.1148681640625,981.2125069754463,981.9393310546875,14300,0.0,0.0
2002-07-29 00:00:00+09:00,981.9398371491609,995.7495017722802,981.2130126953126,981.2130126953125,13900,0.0,0.0
2002-07-30 00:00:00+09:00,995.7490227389574,1039.3584689902987,995.7490227389574,1016.10009765625,5300,0.0,0.0
2002-07-31 00:00:00+09:00,1028.4566769212568,1045.900465081052,1028.4566769212568,1037.9053955078125,5600,0.0,0.0
2002-08-01 00:00:00+09:00,1031.363133804021,1031.363133804021,996.4755859375,996.4755859375,2100,0.0,0.0
2002-08-02 00:00:00+09:00,981.9393480652076,1006.6513671875,981.9393480652076,1006.6513671875,2800,0.0,0.0
2002-08-05 00:00:00+09:00,994.2952349219325,998.656178934748,981.212402883486,986.3001708984375,3000,0.0,0.0
2002-08-06 00:00:00+09:00,981.2122848798645,981.2122848798645,963.0416870117189,963.0416870117188,9100,0.0,0.0
2002-08-07 00:00:00+09:00,948.5054064010826,977.5783690493917,948.5054064010826,972.4906005859375,2800,0.0,0.0
2002-08-08 00:00:00+09:00,1002.2908211119303,1032.0906207243952,987.7543334960938,987.7543334960938,7600,0.0,0.0
2002-08-09 00:00:00+09:00,1031.3636298381107,1032.0904541015625,1023.3685629401409,1032.0904541015625,8300,0.0,0.0
2002-08-12 00:00:00+09:00,1021.914682455624,1021.914682455624,963.0419304791619,988.4807739257812,4900,0.0,0.0
2002-08-13 00:00:00+09:00,959.4080269031955,973.9445121593045,952.139784275141,966.67626953125,2600,0.0,0.0
2002-08-14 00:00:00+09:00,966.676523618345,981.2130126953126,960.1351035337095,981.2130126953125,2700,0.0,0.0
2002-08-15 00:00:00+09:00,981.2125329410329,988.4807739257814,974.6711160547594,988.4807739257812,2900,0.0,0.0
2002-08-16 00:00:00+09:00,988.4809256417411,1017.5538940429688,973.9444414411272,1017.5538940429688,4500,0.0,0.0
2002-08-19 00:00:00+09:00,1017.553765271467,1017.553765271467,976.1247905425573,979.7589111328125,5700,0.0,0.0
2002-08-20 00:00:00+09:00,981.2130126953126,988.4812572337963,963.7692258029515,981.2130126953125,5500,0.0,0.0
2002-08-21 00:00:00+09:00,965.9491677474147,1016.8268515264358,965.9491677474147,1003.7440185546875,4800,0.0,0.0
2002-08-22 00:00:00+09:00,1010.2855561623936,1024.822038984874,994.295425057665,1024.09521484375,12800,0.0,0.0
2002-08-23 00:00:00+09:00,1024.09521484375,1024.09521484375,1024.09521484375,1024.09521484375,0,0.0,0.0
2002-08-26 00:00:00+09:00,998.6565550467428,1031.3636474609375,998.6565550467428,1031.3636474609375,6600,0.0,0.0
2002-08-27 00:00:00+09:00,1034.9974617885348,1034.9974617885348,1000.1099068967866,1000.8367309570312,5100,0.0,0.0
2002-08-28 00:00:00+09:00,1003.0176792536313,1015.3736941429877,981.2129470959437,991.3884887695312,3500,0.0,0.0
2002-08-29 00:00:00+09:00,981.212754787359,989.2078216782189,966.67626953125,966.67626953125,7700,0.0,0.0
2002-08-30 00:00:00+09:00,966.67626953125,970.3103908452772,959.4080269031955,966.67626953125,9800,0.0,0.0
2002-09-02 00:00:00+09:00,944.8717900028936,981.2130126953126,944.8717900028936,981.2130126953125,6200,0.0,0.0
2002-09-03 00:00:00+09:00,976.851732466603,976.851732466603,937.6032253585698,952.1397094726562,5800,0.0,0.0
2002-09-04 00:00:00+09:00,930.3350219726562,952.1397490501403,923.7936038494109,930.3350219726562,12800,0.0,0.0
2002-09-05 00:00:00+09:00,930.3350694444443,944.8715549045138,915.798583984375,915.798583984375,9000,0.0,0.0
2002-09-06 00:00:00+09:00,909.2570028793125,917.9788925951812,894.7205200195312,894.7205200195312,10600,0.0,0.0
2002-09-09 00:00:00+09:00,911.4376044649528,947.0519925182084,911.4376044649528,912.1644287109375,3900,0.0,0.0
2002-09-10 00:00:00+09:00,915.7985638786764,947.0520069316789,915.7985638786764,926.700927734375,5700,0.0,0.0
2002-09-11 00:00:00+09:00,897.6276700839951,925.973807034016,897.6276700839951,923.7933349609375,4200,0.0,0.0
2002-09-12 00:00:00+09:00,921.6132003956734,921.6132003956734,899.8084716796874,899.8084716796875,19600,0.0,0.0
2002-09-13 00:00:00+09:00,841.662525604483,856.1990113662184,840.9357013163963,849.6575927734375,31100,0.0,0.0
2002-09-16 00:00:00+09:00,849.6575927734375,849.6575927734375,849.6575927734375,849.6575927734375,0,0.0,0.0
2002-09-17 00:00:00+09:00,852.5650076358877,922.3401489257812,852.5650076358877,922.3401489257812,6900,0.0,0.0
2002-09-18 00:00:00+09:00,864.1940128274495,907.803466796875,864.1940128274495,907.803466796875,9400,0.0,0.0
2002-09-19 00:00:00+09:00,878.7305643977448,914.3449545180836,864.9209029225116,909.9840087890625,7600,0.0,0.0
2002-09-20 00:00:00+09:00,912.164262597117,921.6129760742188,909.9837902562475,921.6129760742188,4900,0.0,0.0
2002-09-23 00:00:00+09:00,921.6129760742188,921.6129760742188,921.6129760742188,921.6129760742188,0,0.0,0.0
2002-09-24 00:00:00+09:00,908.5302910296987,908.5302910296987,893.2669821403998,907.803466796875,5300,0.0,0.0
2002-09-25 00:00:00+09:00,912.1820173765484,912.1820173765484,884.4516840483013,887.3706665039062,7300,5.0,0.0
2002-09-26 00:00:00+09:00,931.1553511700638,945.0205170573923,927.5066233049773,944.290771484375,6200,0.0,0.0
2002-09-27 00:00:00+09:00,958.8854472440831,1002.6701708625345,952.3177387013155,992.4537353515625,17600,0.0,0.0
2002-09-30 00:00:00+09:00,991.7245585749699,992.4543043870192,912.1822650615985,948.6695556640625,3100,0.0,0.0
2002-10-01 00:00:00+09:00,882.9920649334666,916.5603583111026,882.9920649334666,897.5869750976562,5900,0.0,0.0
2002-10-02 00:00:00+09:00,915.830655082727,940.642003507279,897.5870165352624,913.6414184570312,10900,0.0,0.0
2002-10-03 00:00:00+09:00,928.2362145439898,928.2362145439898,896.8571601215123,912.9115600585938,4400,0.0,0.0
2002-10-04 00:00:00+09:00,883.7218104416761,904.884430179751,875.6946098513719,897.5869750976562,14200,0.0,0.0
2002-10-07 00:00:00+09:00,751.637939453125,751.637939453125,751.637939453125,751.637939453125,8200,0.0,0.0
2002-10-08 00:00:00+09:00,751.6379344135249,817.3150354787844,751.6379344135249,795.4226684570312,23300,0.0,0.0
2002-10-09 00:00:00+09:00,794.6928978881836,795.4226434326172,726.0968167114257,729.7455444335938,31300,0.0,0.0
2002-10-10 00:00:00+09:00,726.0967559814453,758.935302734375,726.0967559814453,758.935302734375,12900,0.0,0.0
2002-10-11 00:00:00+09:00,766.9624117379511,836.2882244069382,766.9624117379511,820.2338256835938,18700,0.0,0.0
2002-10-14 00:00:00+09:00,820.2338256835938,820.2338256835938,820.2338256835938,820.2338256835938,0,0.0,0.0
2002-10-15 00:00:00+09:00,878.613421293218,879.3431666597406,825.3420095370678,857.4508056640625,6400,0.0,0.0
2002-10-16 00:00:00+09:00,876.4245878156358,876.4245878156358,834.0993371134653,836.28857421875,3900,0.0,0.0
2002-10-17 00:00:00+09:00,850.88316961058,867.6673144656772,850.88316961058,851.6129150390625,4900,0.0,0.0
2002-10-18 00:00:00+09:00,851.6131220686445,874.2352358511022,845.0454116156731,854.5321044921875,3000,0.0,0.0
2002-10-21 00:00:00+09:00,854.5322451539619,874.2353797561454,854.5322451539619,872.046142578125,5900,0.0,0.0
2002-10-22 00:00:00+09:00,873.5053107184333,873.5053107184333,810.0174560546875,810.0174560546875,7100,0.0,0.0
2002-10-23 00:00:00+09:00,810.7472526755776,841.3965637578226,802.7200521540371,839.9370727539062,6500,0.0,0.0
2002-10-24 00:00:00+09:00,818.0445512544742,828.2609863281251,814.395824442456,828.260986328125,2700,0.0,0.0
2002-10-25 00:00:00+09:00,834.8287215541416,846.504647729724,828.2610130803764,845.77490234375,6900,0.0,0.0
2002-10-28 00:00:00+09:00,845.7749739250477,874.2350463867188,845.7749739250477,874.2350463867188,3000,0.0,0.0
2002-10-29 00:00:00+09:00,873.5056538441358,874.2353995866957,842.1265869140625,842.1265869140625,4400,0.0,0.0
2002-10-30 00:00:00+09:00,842.1263057792935,868.3971437412125,842.1263057792935,859.6401977539062,5800,0.0,0.0
2002-10-31 00:00:00+09:00,853.8025000699419,858.1809744292749,812.9367393828335,815.1259765625,10900,0.0,0.0
2002-11-01 00:00:00+09:00,858.91024817105,858.91024817105,824.6122178702519,846.5045776367188,2900,0.0,0.0
2002-11-04 00:00:00+09:00,846.5045776367188,846.5045776367188,846.5045776367188,846.5045776367188,0,0.0,0.0
2002-11-05 00:00:00+09:00,861.0994841476967,864.7482107754412,833.3691617768386,846.5045776367188,5500,0.0,0.0
2002-11-06 00:00:00+09:00,867.6674670452105,868.3972126020188,849.423828125,849.423828125,6500,0.0,0.0
2002-11-07 00:00:00+09:00,867.6672246949286,867.6672246949286,841.3963919875968,853.8020629882812,7400,0.0,0.0
2002-11-08 00:00:00+09:00,795.4227099609375,830.4504990234375,794.6929643554688,820.9638061523438,13800,0.0,0.0
2002-11-11 00:00:00+09:00,816.5852651016489,816.5852651016489,791.7739165641547,792.503662109375,5400,0.0,0.0
2002-11-12 00:00:00+09:00,788.1252413393646,830.4504857816637,780.0980398072044,826.8017578125,12000,0.0,0.0
2002-11-13 00:00:00+09:00,803.4497492993638,804.1794947574014,788.1250946805749,790.3143310546875,8000,0.0,0.0
2002-11-14 00:00:00+09:00,781.5575468718116,799.8011870882405,781.5575468718116,782.2872924804688,5000,0.0,0.0
2002-11-15 00:00:00+09:00,780.8276763152369,790.3143677097211,780.8276763152369,787.3953857421875,8700,0.0,0.0
2002-11-18 00:00:00+09:00,784.4765778036239,784.4765778036239,737.043110308521,745.0703125,5600,0.0,0.0
2002-11-19 00:00:00+09:00,716.6099738843513,734.1238632664537,716.6099738843513,722.4479370117188,3100,0.0,0.0
2002-11-20 00:00:00+09:00,722.4480133823414,746.5296138284194,722.4480133823414,726.0967407226562,14300,0.0,0.0
2002-11-21 00:00:00+09:00,722.448034570895,737.0429443602059,715.1505796762394,734.1239624023438,24900,0.0,0.0
2002-11-22 00:00:00+09:00,792.5036612548828,792.5036612548828,729.7455444335938,729.7455444335938,11700,0.0,0.0
2002-11-25 00:00:00+09:00,773.5300757179797,773.5300757179797,725.3668823242188,725.3668823242188,18000,0.0,0.0
2002-11-26 00:00:00+09:00,788.125297214674,789.5847885058123,744.3405584805254,755.2867431640625,14300,0.0,0.0
2002-11-27 00:00:00+09:00,755.2867668379489,776.4493912227803,744.340581811312,758.2057495117188,13500,0.0,0.0
2002-11-28 00:00:00+09:00,773.5301659688995,780.0978749252392,758.9352571770335,762.583984375,16100,0.0,0.0
2002-11-29 00:00:00+09:00,762.5840301513672,788.1251220703125,762.5840301513672,788.1251220703125,11700,0.0,0.0
2002-12-02 00:00:00+09:00,788.1251220703125,788.1251220703125,788.1251220703125,788.1251220703125,0,0.0,0.0
2002-12-03 00:00:00+09:00,767.6922485351562,789.5846130371093,767.6922485351562,788.1251220703125,7600,0.0,0.0
2002-12-04 00:00:00+09:00,788.125257349726,789.5847485670403,782.2872924804688,782.2872924804688,5400,0.0,0.0
2002-12-05 00:00:00+09:00,782.2870579277418,783.7465487074577,747.9890246044173,761.8541870117188,7400,0.0,0.0
2002-12-06 00:00:00+09:00,761.854477853931,761.854477853931,746.5298188166394,758.2057495117188,10500,0.0,0.0
2002-12-09 00:00:00+09:00,762.584039018152,787.3953857421875,758.935311558735,787.3953857421875,12100,0.0,0.0
2002-12-10 00:00:00+09:00,753.0974360895112,781.5575136161498,753.0974360895112,780.0980224609375,16200,0.0,0.0
2002-12-11 00:00:00+09:00,780.8277587890625,787.3954689097183,780.0980132201008,780.8277587890625,5100,0.0,0.0
2002-12-12 00:00:00+09:00,784.4762598325128,809.2876020039597,783.7465144745291,799.0711669921875,43100,0.0,0.0
2002-12-13 00:00:00+09:00,801.9903472345526,802.7200927734375,799.0713650790128,802.7200927734375,25300,0.0,0.0
2002-12-16 00:00:00+09:00,802.7201818580518,802.7201818580518,766.232900864504,766.962646484375,14000,0.0,0.0
2002-12-17 00:00:00+09:00,777.1789521772146,781.557425147227,767.6922607421875,767.6922607421875,10200,0.0,0.0
2002-12-18 00:00:00+09:00,766.2324588085223,800.5304831551895,765.502713609657,798.3412475585938,11400,0.0,0.0
2002-12-19 00:00:00+09:00,798.3418488846249,798.3418488846249,766.9627816981177,789.5848999023438,18500,0.0,0.0
2002-12-20 00:00:00+09:00,802.7201854007344,828.9910278320312,795.4227291698187,828.9910278320312,15300,0.0,0.0
2002-12-23 00:00:00+09:00,828.9910278320312,828.9910278320312,828.9910278320312,828.9910278320312,0,0.0,0.0
2002-12-24 00:00:00+09:00,802.7201208604121,826.0719789218059,802.7201208604121,824.6124877929688,15000,0.0,0.0
2002-12-25 00:00:00+09:00,824.6120740633111,843.58544921875,824.6120740633111,843.58544921875,9900,0.0,0.0
2002-12-26 00:00:00+09:00,843.5859218288113,864.018798828125,843.5859218288113,864.018798828125,5600,0.0,0.0
2002-12-27 00:00:00+09:00,868.3970556965875,882.2622187707346,864.7483285718118,876.4242553710938,11200,0.0,0.0
2002-12-30 00:00:00+09:00,879.3433227539062,890.2895051948262,870.5863768011702,879.3433227539062,4800,0.0,0.0
2002-12-31 00:00:00+09:00,879.3433227539062,879.3433227539062,879.3433227539062,879.3433227539062,0,0.0,0.0
2003-01-01 00:00:00+09:00,879.3433227539062,879.3433227539062,879.3433227539062,879.3433227539062,0,0.0,0.0
2003-01-02 00:00:00+09:00,879.3433227539062,879.3433227539062,879.3433227539062,879.3433227539062,0,0.0,0.0
2003-01-03 00:00:00+09:00,879.3433227539062,879.3433227539062,879.3433227539062,879.3433227539062,0,0.0,0.0
2003-01-06 00:00:00+09:00,875.6948852539062,875.6948852539062,857.4512418111166,875.6948852539062,2300,0.0,0.0
2003-01-07 00:00:00+09:00,861.0996794203503,882.9920441513761,861.0996794203503,874.96484375,5900,0.0,0.0
2003-01-08 00:00:00+09:00,845.7750954423803,869.126953125,845.7750954423803,869.126953125,2100,0.0,0.0
2003-01-09 00:00:00+09:00,838.477516039112,868.3970792746243,838.477516039112,864.7483520507812,10200,0.0,0.0
2003-01-10 00:00:00+09:00,850.1534789723635,857.4509337274911,839.2072968396722,847.2344970703125,15200,0.0,0.0
2003-01-13 00:00:00+09:00,847.2344970703125,847.2344970703125,847.2344970703125,847.2344970703125,0,0.0,0.0
2003-01-14 00:00:00+09:00,840.6666466346154,861.0995165180956,840.6666466346154,853.8020629882812,6600,0.0,0.0
2003-01-15 00:00:00+09:00,853.802152407099,866.937570136439,851.6129161188758,866.2078247070312,9500,0.0,0.0
2003-01-16 00:00:00+09:00,866.207701426539,866.9374467520878,843.5855963345232,846.5045776367188,7400,0.0,0.0
2003-01-17 00:00:00+09:00,842.8560512782357,859.6401977539062,842.8560512782357,859.6401977539062,7900,0.0,0.0
2003-01-20 00:00:00+09:00,859.6401824567464,870.5863647460938,845.0452727376166,870.5863647460938,11500,0.0,0.0
2003-01-21 00:00:00+09:00,869.1272324131131,894.6683349609376,868.3974866260323,894.6683349609375,19100,0.0,0.0
2003-01-22 00:00:00+09:00,909.2630174948276,912.18199989449,897.5870878961781,898.3168334960938,16400,0.0,0.0
2003-01-23 00:00:00+09:00,883.7218433389409,907.8034460063109,883.7218433389409,899.7762451171875,24200,0.0,0.0
2003-01-24 00:00:00+09:00,890.2895531573146,905.6142094001864,890.2895531573146,899.7762451171875,10600,0.0,0.0
2003-01-27 00:00:00+09:00,900.5060702958405,904.884543895334,897.5870878961781,898.3168334960938,14000,0.0,0.0
2003-01-28 00:00:00+09:00,897.5870381951428,907.07373046875,875.6946714098954,907.07373046875,21100,0.0,0.0
2003-01-29 00:00:00+09:00,904.8844719542483,919.47938279222,904.8844719542483,913.6414184570312,18300,0.0,0.0
2003-01-30 00:00:00+09:00,913.6413089414186,923.8577453033834,913.6413089414186,922.3982543945312,13100,0.0,0.0
2003-01-31 00:00:00+09:00,907.8033664598653,930.4254760742189,907.8033664598653,930.4254760742188,21500,0.0,0.0
2003-02-03 00:00:00+09:00,930.4256292263789,955.2369793390824,930.4256292263789,947.2097778320312,16100,0.0,0.0
2003-02-04 00:00:00+09:00,948.6689814814814,985.15625,948.6689814814814,985.15625,29600,0.0,0.0
2003-02-05 00:00:00+09:00,970.5613642535911,1021.6435413195696,970.5613642535911,1012.8865966796875,30000,0.0,0.0
2003-02-06 00:00:00+09:00,1013.6162719726561,1013.6162719726561,1003.3998372659483,1013.6162719726562,44500,0.0,0.0
2003-02-07 00:00:00+09:00,1007.0486323471537,1079.2934255372754,1007.0486323471537,1071.9959716796875,39400,0.0,0.0
2003-02-10 00:00:00+09:00,1058.1310994193059,1090.9696507805945,1058.1310994193059,1087.3209228515625,61800,0.0,0.0
2003-02-11 00:00:00+09:00,1087.3209228515625,1087.3209228515625,1087.3209228515625,1087.3209228515625,0,0.0,0.0
2003-02-12 00:00:00+09:00,1090.2400937754478,1152.998225010179,1090.2400937754478,1120.15966796875,51400,0.0,0.0
2003-02-13 00:00:00+09:00,1142.0518812752496,1152.998065440827,1138.403153220057,1151.53857421875,46400,0.0,0.0
2003-02-14 00:00:00+09:00,1152.9981401771497,1152.9981401771497,1133.2950074019707,1145.70068359375,22000,0.0,0.0
2003-02-17 00:00:00+09:00,1081.4832089409153,1126.7274457522087,1081.4832089409153,1115.051513671875,20700,0.0,0.0
2003-02-18 00:00:00+09:00,1123.8077404724424,1181.4576180681067,1123.8077404724424,1173.430419921875,77700,0.0,0.0
2003-02-19 00:00:00+09:00,1176.349392091361,1198.241750504972,1172.7006656890926,1174.16015625,42900,0.0,0.0
2003-02-20 00:00:00+09:00,1167.5925747533909,1185.8362087339126,1149.3489407728691,1183.64697265625,19800,0.0,0.0
2003-02-21 00:00:00+09:00,1167.5927974907636,1185.106689453125,1167.5927974907636,1185.106689453125,21100,0.0,0.0
2003-02-24 00:00:00+09:00,1196.053270023447,1196.053270023447,1174.1608977838478,1182.9178466796875,9300,0.0,0.0
2003-02-25 00:00:00+09:00,1180.7285624694823,1180.7285624694823,1165.4039025115967,1167.5931396484375,17600,0.0,0.0
2003-02-26 00:00:00+09:00,1163.944411087036,1171.241868209839,1156.6469539642333,1167.5931396484375,26400,0.0,0.0
2003-02-27 00:00:00+09:00,1168.3227572557403,1202.6208019721798,1168.3227572557403,1196.7828369140625,15800,0.0,0.0
2003-02-28 00:00:00+09:00,1196.7825017755683,1204.0799560546875,1191.6742837801846,1204.0799560546875,42000,0.0,0.0
2003-03-03 00:00:00+09:00,1204.079861111111,1207.7285879629628,1196.7824074074074,1201.890625,18500,0.0,0.0
2003-03-04 00:00:00+09:00,1201.890625,1204.079861111111,1196.052662037037,1201.890625,9500,0.0,0.0
2003-03-05 00:00:00+09:00,1194.593157716337,1198.9716298887854,1188.755194819739,1193.1336669921875,13600,0.0,0.0
2003-03-06 00:00:00+09:00,1182.9177996063231,1207.7291538238526,1167.5931396484375,1167.5931396484375,31300,0.0,0.0
2003-03-07 00:00:00+09:00,1167.5931396484375,1167.5931396484375,1142.7817854309083,1167.5931396484375,56000,0.0,0.0
2003-03-10 00:00:00+09:00,1166.8625776095575,1166.8625776095575,1139.132259942789,1154.4569091796875,25500,0.0,0.0
2003-03-11 00:00:00+09:00,1154.4576322708565,1160.2955975415055,1142.051956070727,1155.1873779296875,24100,0.0,0.0
2003-03-12 00:00:00+09:00,1154.4577168273925,1177.079833908081,1145.7007682800293,1167.5931396484375,28200,0.0,0.0
2003-03-13 00:00:00+09:00,1167.5925747533909,1183.64697265625,1167.5925747533909,1183.64697265625,6500,0.0,0.0
2003-03-14 00:00:00+09:00,1184.3769410770922,1188.7554140570444,1174.890249620529,1175.6199951171875,27400,0.0,0.0
2003-03-17 00:00:00+09:00,1168.3228853607177,1173.4311053466797,1161.7551739501953,1167.5931396484375,19600,0.0,0.0
2003-03-18 00:00:00+09:00,1152.9978847207674,1188.0256685603856,1152.9978847207674,1175.6199951171875,12600,0.0,0.0
2003-03-19 00:00:00+09:00,1179.9983821695607,1179.9983821695607,1166.8629641862262,1172.700927734375,9700,0.0,0.0
2003-03-20 00:00:00+09:00,1167.5928494937696,1182.1877601124415,1155.1871754678982,1171.2415771484375,21000,0.0,0.0
2003-03-21 00:00:00+09:00,1171.2415771484375,1171.2415771484375,1171.2415771484375,1171.2415771484375,0,0.0,0.0
2003-03-24 00:00:00+09:00,1158.8359168304255,1189.4852294921875,1158.8359168304255,1189.4852294921875,20000,0.0,0.0
2003-03-25 00:00:00+09:00,1189.4855205829326,1189.4855205829326,1167.5931490384614,1185.8367919921875,11600,0.0,0.0
2003-03-26 00:00:00+09:00,1163.8766556490384,1190.2285799278845,1163.8766556490384,1189.49658203125,9200,5.0,0.0
2003-03-27 00:00:00+09:00,1190.9603913367014,1190.9603913367014,1188.0324002086456,1190.2283935546875,5700,0.0,0.0
2003-03-28 00:00:00+09:00,1185.8364120911215,1186.568409876363,1171.1964563862928,1174.8564453125,11700,0.0,0.0
2003-03-31 00:00:00+09:00,1173.391800672743,1174.8557954334078,1152.8958740234375,1152.8958740234375,21600,0.0,0.0
2003-04-01 00:00:00+09:00,1152.8967115064759,1152.8967115064759,1128.740780408245,1129.4727783203125,23600,0.0,0.0
2003-04-02 00:00:00+09:00,1085.5527064169607,1134.5965576171875,1064.3247708228328,1134.5965576171875,32200,0.0,0.0
2003-04-03 00:00:00+09:00,1138.2568601021212,1155.0928136599018,1138.2568601021212,1146.308837890625,7000,0.0,0.0
2003-04-04 00:00:00+09:00,1149.2366813068318,1152.8966707377451,1135.3287214693605,1152.1646728515625,19800,0.0,0.0
2003-04-07 00:00:00+09:00,1151.4323976949381,1151.4323976949381,1131.6684595272563,1145.576416015625,14100,0.0,0.0
2003-04-08 00:00:00+09:00,1144.845117836379,1144.845117836379,1090.6772542047343,1101.6572265625,23200,0.0,0.0
2003-04-09 00:00:00+09:00,1101.6568331805595,1121.4207763671875,1095.0688521183502,1121.4207763671875,24300,0.0,0.0
2003-04-10 00:00:00+09:00,1119.956749449385,1119.956749449385,1097.9968131856715,1100.9248046875,10500,0.0,0.0
2003-04-11 00:00:00+09:00,1100.924328125,1112.6362890625,1094.3363500976564,1097.996337890625,14900,0.0,0.0
2003-04-14 00:00:00+09:00,1090.676731057363,1097.9967091181506,1066.5208034567636,1068.716796875,34400,0.0,0.0
2003-04-15 00:00:00+09:00,1068.7168918726138,1105.3167854298952,1068.7168918726138,1102.3887939453125,22500,0.0,0.0
2003-04-16 00:00:00+09:00,1112.6363806846016,1121.420352111059,1105.3164044958871,1120.6883544921875,19700,0.0,0.0
2003-04-17 00:00:00+09:00,1121.420647930757,1122.8846435546875,1119.9566523068265,1122.8846435546875,11400,0.0,0.0
2003-04-18 00:00:00+09:00,1122.1522667993472,1156.55615234375,1117.0282838459254,1156.55615234375,15800,0.0,0.0
2003-04-21 00:00:00+09:00,1166.8042572308484,1167.5362548828125,1155.092294799422,1167.5362548828125,16400,0.0,0.0
2003-04-22 00:00:00+09:00,1167.5364600501073,1167.5364600501073,1149.2365155352154,1162.4124755859375,15400,0.0,0.0
2003-04-23 00:00:00+09:00,1167.5370010477027,1230.4888393487074,1167.5370010477027,1215.848876953125,24500,0.0,0.0
2003-04-24 00:00:00+09:00,1207.796401977539,1309.5440988714045,1207.796401977539,1288.316162109375,91000,0.0,0.0
2003-04-25 00:00:00+09:00,1281.728342366164,1283.1923381883983,1266.3563862327035,1279.5323486328125,17700,0.0,0.0
2003-04-28 00:00:00+09:00,1273.6761474609375,1273.6761474609375,1242.9322404532597,1273.6761474609375,13700,0.0,0.0
2003-04-29 00:00:00+09:00,1273.6761474609375,1273.6761474609375,1273.6761474609375,1273.6761474609375,0,0.0,0.0
2003-04-30 00:00:00+09:00,1280.9961253199085,1317.596014614763,1273.6761474609375,1273.6761474609375,18400,0.0,0.0
2003-05-01 00:00:00+09:00,1251.7164215959822,1288.3163169642858,1251.7164215959822,1280.996337890625,9800,0.0,0.0
2003-05-02 00:00:00+09:00,1272.9442846060897,1280.9962611044607,1266.3563038346954,1270.748291015625,10900,0.0,0.0
2003-05-05 00:00:00+09:00,1270.748291015625,1270.748291015625,1270.748291015625,1270.748291015625,0,0.0,0.0
2003-05-06 00:00:00+09:00,1272.9437082361933,1304.4196021143741,1272.9437082361933,1292.7076416015625,25200,0.0,0.0
2003-05-07 00:00:00+09:00,1291.9758518420672,1313.2037836853647,1291.9758518420672,1301.4918212890625,26100,0.0,0.0
2003-05-08 00:00:00+09:00,1522.5555419921875,1522.5555419921875,1433.251803471492,1522.5555419921875,341000,0.0,0.0
2003-05-09 00:00:00+09:00,1573.7955086186246,1588.4354668383328,1515.235675739792,1551.8355712890625,241500,0.0,0.0
2003-05-12 00:00:00+09:00,1537.1954991267278,1537.1954991267278,1515.2355634249175,1522.5555419921875,40900,0.0,0.0
2003-05-13 00:00:00+09:00,1507.9158855802448,1522.555845634422,1456.676025390625,1456.676025390625,30400,0.0,0.0
2003-05-14 00:00:00+09:00,1412.755827466786,1471.3156545120414,1412.755827466786,1461.7996826171875,53400,0.0,0.0
2003-05-15 00:00:00+09:00,1461.7994566101959,1461.7994566101959,1412.7556090424027,1414.2196044921875,36300,0.0,0.0
2003-05-16 00:00:00+09:00,1412.7556045354986,1427.3955589866437,1385.6716888008802,1386.4036865234375,37100,0.0,0.0
2003-05-19 00:00:00+09:00,1376.1556976010102,1388.5996586963383,1343.9477982954545,1376.8876953125,25900,0.0,0.0
2003-05-20 00:00:00+09:00,1379.8159911703826,1383.4759805368822,1321.9881591796875,1321.9881591796875,26700,0.0,0.0
2003-05-21 00:00:00+09:00,1306.616057244516,1319.7920174856372,1306.616057244516,1313.93603515625,61600,0.0,0.0
2003-05-22 00:00:00+09:00,1313.9365372053408,1317.5965275596734,1302.224568071477,1311.008544921875,23700,0.0,0.0
2003-05-23 00:00:00+09:00,1317.5960885242475,1354.1959798721432,1311.0081080816262,1313.2041015625,58300,0.0,0.0
2003-05-26 00:00:00+09:00,1314.6682886956146,1336.6282267027796,1313.2042928284702,1324.916259765625,38000,0.0,0.0
2003-05-27 00:00:00+09:00,1368.8358293528267,1393.723753522878,1356.391867267801,1379.8157958984375,67400,0.0,0.0
2003-05-28 00:00:00+09:00,1423.7358137292056,1489.615620020017,1423.7358137292056,1471.315673828125,58200,0.0,0.0
2003-05-29 00:00:00+09:00,1420.075632705878,1496.9353963317114,1420.075632705878,1474.9754638671875,46500,0.0,0.0
2003-05-30 00:00:00+09:00,1478.635762991463,1485.9557420161732,1447.8918510876802,1460.3358154296875,31200,0.0,0.0
2003-06-02 00:00:00+09:00,1449.35582942642,1455.9438104692674,1428.1278905105787,1436.911865234375,9800,0.0,0.0
2003-06-03 00:00:00+09:00,1434.7157945090194,1457.4077279936007,1426.6638181112646,1440.57177734375,19500,0.0,0.0
2003-06-04 00:00:00+09:00,1440.5719175921254,1474.9758200955957,1427.3959549312217,1450.087890625,33600,0.0,0.0
2003-06-05 00:00:00+09:00,1450.8197410032114,1450.8197410032114,1428.1278076171875,1428.1278076171875,19500,0.0,0.0
2003-06-06 00:00:00+09:00,1428.1277179951571,1456.6756323989557,1426.6637223847058,1434.7156982421875,23900,0.0,0.0
2003-06-09 00:00:00+09:00,1428.127884027612,1438.3758544921875,1423.7358966856511,1438.3758544921875,61400,0.0,0.0
2003-06-10 00:00:00+09:00,1431.0559016536192,1441.3038723048473,1427.3959121353237,1432.5198974609375,37000,0.0,0.0
2003-06-11 00:00:00+09:00,1420.0756256748807,1432.5195873431658,1406.8996662614024,1419.3436279296875,37800,0.0,0.0
2003-06-12 00:00:00+09:00,1427.3957537438876,1537.1954271088018,1427.3957537438876,1496.935546875,91500,0.0,0.0
2003-06-13 00:00:00+09:00,1474.9756757571372,1485.9556435667437,1445.6957615981867,1482.295654296875,70100,0.0,0.0
2003-06-16 00:00:00+09:00,1482.2953792637632,1496.935333626862,1450.8194773831005,1489.6153564453125,24200,0.0,0.0
2003-06-17 00:00:00+09:00,1496.9355599116352,1515.2355056318265,1482.2956033354824,1507.91552734375,81800,0.0,0.0
2003-06-18 00:00:00+09:00,1507.9155142114914,1507.9155142114914,1485.9555795385086,1496.935546875,30800,0.0,0.0
2003-06-19 00:00:00+09:00,1493.2759255260678,1496.935915539612,1455.944027387916,1456.676025390625,24900,0.0,0.0
2003-06-20 00:00:00+09:00,1449.3556865985577,1457.4076626352164,1421.5397693810096,1427.395751953125,37400,0.0,0.0
2003-06-23 00:00:00+09:00,1427.3960971832275,1427.3960971832275,1401.776167233785,1405.4361572265625,16000,0.0,0.0
2003-06-24 00:00:00+09:00,1405.4357890499193,1405.4357890499193,1357.8559316081253,1363.7119140625,34200,0.0,0.0
2003-06-25 00:00:00+09:00,1342.4837918413364,1379.8156748205668,1342.4837918413364,1350.5357666015625,25500,0.0,0.0
2003-06-26 00:00:00+09:00,1350.5359855064978,1375.4239115266716,1350.5359855064978,1370.2999267578125,36600,0.0,0.0
2003-06-27 00:00:00+09:00,1368.103747823964,1427.3955635402515,1368.103747823964,1414.2196044921875,25700,0.0,0.0
2003-06-30 00:00:00+09:00,1414.2197001277004,1414.2197001277004,1399.579744639836,1406.167724609375,16500,0.0,0.0
2003-07-01 00:00:00+09:00,1412.7559357317386,1431.7878809799383,1406.167954684285,1423.00390625,28800,0.0,0.0
2003-07-02 00:00:00+09:00,1423.00390625,1423.00390625,1403.9719610018003,1423.00390625,31900,0.0,0.0
2003-07-03 00:00:00+09:00,1423.0037054184654,1433.2516744904092,1379.8158357581315,1398.8477783203125,48800,0.0,0.0
2003-07-04 00:00:00+09:00,1412.0237068045208,1412.755704578914,1401.7757379630157,1406.167724609375,11700,0.0,0.0
2003-07-07 00:00:00+09:00,1406.1677571825412,1420.0757152181832,1405.4357593911916,1412.7557373046875,26000,0.0,0.0
2003-07-08 00:00:00+09:00,1412.7557373046875,1423.0037063835816,1398.115781477696,1412.7557373046875,64100,0.0,0.0
2003-07-09 00:00:00+09:00,1423.735917238845,1449.3558437701354,1420.075927734375,1420.075927734375,69900,0.0,0.0
2003-07-10 00:00:00+09:00,1434.715723756884,1438.3757128481004,1423.7357564832344,1428.8597412109375,43200,0.0,0.0
2003-07-11 00:00:00+09:00,1420.0756773079459,1428.1276527978364,1420.0756773079459,1421.5396728515625,29800,0.0,0.0
2003-07-14 00:00:00+09:00,1420.0757737379806,1431.055741060697,1420.0757737379806,1427.395751953125,18200,0.0,0.0
2003-07-15 00:00:00+09:00,1434.7157880908946,1456.675723622898,1427.3958095802268,1442.0357666015625,22900,0.0,0.0
2003-07-16 00:00:00+09:00,1463.9956885562356,1573.7953651979533,1434.7157747851109,1570.1353759765625,77900,0.0,0.0
2003-07-17 00:00:00+09:00,1540.8554296400941,1555.495386216247,1496.9355599116352,1507.91552734375,44800,0.0,0.0
2003-07-18 00:00:00+09:00,1507.9155791859566,1507.9155791859566,1455.2117336998456,1482.295654296875,23500,0.0,0.0
2003-07-21 00:00:00+09:00,1482.295654296875,1482.295654296875,1482.295654296875,1482.295654296875,0,0.0,0.0
2003-07-22 00:00:00+09:00,1463.9960054177134,1467.6559954312577,1449.3560453635364,1456.676025390625,11100,0.0,0.0
2003-07-23 00:00:00+09:00,1485.9554757599783,1485.9554757599783,1463.9955426206684,1478.635498046875,12900,0.0,0.0
2003-07-24 00:00:00+09:00,1478.635498046875,1482.2954869034268,1474.9755091903232,1478.635498046875,18300,0.0,0.0
2003-07-25 00:00:00+09:00,1478.635435814951,1504.255356732537,1478.635435814951,1493.275390625,23600,0.0,0.0
2003-07-28 00:00:00+09:00,1500.5953222176367,1518.8952651715103,1478.6353906729885,1489.6153564453125,12000,0.0,0.0
2003-07-29 00:00:00+09:00,1518.8957176772244,1518.8957176772244,1485.955810546875,1485.955810546875,9400,0.0,0.0
2003-07-30 00:00:00+09:00,1478.635665027006,1500.595600646219,1478.635665027006,1482.295654296875,14500,0.0,0.0
2003-07-31 00:00:00+09:00,1485.955810546875,1496.9357795903247,1478.635831184575,1485.955810546875,11300,0.0,0.0
2003-08-01 00:00:00+09:00,1485.9553824075838,1507.9153141673019,1485.9553824075838,1500.5953369140625,25600,0.0,0.0
2003-08-04 00:00:00+09:00,1507.9153141673019,1507.9153141673019,1500.5953369140625,1500.5953369140625,7900,0.0,0.0
2003-08-05 00:00:00+09:00,1500.5955877351523,1507.9155662119092,1463.995695351368,1471.315673828125,7600,0.0,0.0
2003-08-06 00:00:00+09:00,1463.9954833984375,1474.9754495239258,1460.3354946899412,1463.9954833984375,16300,0.0,0.0
2003-08-07 00:00:00+09:00,1463.995695351368,1485.9556307816388,1463.995695351368,1471.315673828125,12400,0.0,0.0
2003-08-08 00:00:00+09:00,1485.955461687578,1485.955461687578,1463.9955287562345,1467.655517578125,18000,0.0,0.0
2003-08-11 00:00:00+09:00,1471.3155064000157,1485.955461687578,1463.9955287562345,1467.655517578125,15600,0.0,0.0
2003-08-12 00:00:00+09:00,1478.6356013141808,1500.5955359871637,1467.6556339776894,1496.935546875,14000,0.0,0.0
2003-08-13 00:00:00+09:00,1471.3154751231002,1500.5953850757987,1467.655486379013,1474.9754638671875,10500,0.0,0.0
2003-08-14 00:00:00+09:00,1471.3156864872685,1504.255589916088,1471.3156864872685,1482.295654296875,9900,0.0,0.0
2003-08-15 00:00:00+09:00,1518.8954815479829,1518.8954815479829,1493.2755577628361,1496.935546875,14300,0.0,0.0
2003-08-18 00:00:00+09:00,1500.5953222176367,1515.2352765807357,1482.2953792637632,1489.6153564453125,11300,0.0,0.0
2003-08-19 00:00:00+09:00,1515.235595703125,1515.235595703125,1474.975712725506,1515.235595703125,12800,0.0,0.0
2003-08-20 00:00:00+09:00,1485.955810546875,1507.9157486337747,1463.9958724599753,1485.955810546875,25000,0.0,0.0
2003-08-21 00:00:00+09:00,1478.6354508333072,1478.6354508333072,1456.6755183951889,1461.0675048828125,9800,0.0,0.0
2003-08-22 00:00:00+09:00,1463.9954833984375,1471.3154608154296,1463.9954833984375,1463.9954833984375,16500,0.0,0.0
2003-08-25 00:00:00+09:00,1463.9955287562345,1467.655517578125,1463.2635309918564,1467.655517578125,12100,0.0,0.0
2003-08-26 00:00:00+09:00,1467.6556467593296,1515.2355056318265,1460.335668471253,1507.91552734375,39700,0.0,0.0
2003-08-27 00:00:00+09:00,1478.6354051543444,1511.5753027939215,1478.6354051543444,1500.5953369140625,20200,0.0,0.0
2003-08-28 00:00:00+09:00,1500.5956259029047,1515.2355832287865,1500.5956259029047,1504.255615234375,19700,0.0,0.0
2003-08-29 00:00:00+09:00,1507.9155592129225,1570.1353759765625,1507.9155592129225,1570.1353759765625,42400,0.0,0.0
2003-09-01 00:00:00+09:00,1592.0950927734375,1606.735047649515,1581.1151266163793,1592.0950927734375,35700,0.0,0.0
2003-09-02 00:00:00+09:00,1592.0954228790713,1592.0954228790713,1507.915664887764,1559.155517578125,13600,0.0,0.0
2003-09-03 00:00:00+09:00,1570.1354860117738,1584.7754439233054,1559.155517578125,1559.155517578125,11600,0.0,0.0
2003-09-04 00:00:00+09:00,1540.8556353672986,1588.4355005924172,1540.8556353672986,1544.515625,18800,0.0,0.0
2003-09-05 00:00:00+09:00,1540.855210007663,1540.855210007663,1493.275357917165,1529.875244140625,28500,0.0,0.0
2003-09-08 00:00:00+09:00,1566.4754638671875,1566.4754638671875,1529.875569851599,1566.4754638671875,17200,0.0,0.0
2003-09-09 00:00:00+09:00,1570.1355010986329,1610.3953857421875,1559.1555325594816,1610.3953857421875,24700,0.0,0.0
2003-09-10 00:00:00+09:00,1581.115046574519,1734.8345649914863,1581.115046574519,1712.8746337890625,79200,0.0,0.0
2003-09-11 00:00:00+09:00,1683.5947574798718,1683.5947574798718,1621.374951225181,1676.2747802734375,42600,0.0,0.0
2003-09-12 00:00:00+09:00,1705.5547733090632,1705.5547733090632,1577.4551658716873,1614.0550537109375,131800,0.0,0.0
2003-09-15 00:00:00+09:00,1614.0550537109375,1614.0550537109375,1614.0550537109375,1614.0550537109375,0,0.0,0.0
2003-09-16 00:00:00+09:00,1643.3347774130257,1646.994765781429,1592.0949402553813,1599.4149169921875,6900,0.0,0.0
2003-09-17 00:00:00+09:00,1599.4153604769924,1610.3953286267201,1588.4353923272647,1595.75537109375,5900,0.0,0.0
2003-09-18 00:00:00+09:00,1581.1155093973748,1581.1155093973748,1526.215665321077,1533.53564453125,27000,0.0,0.0
2003-09-19 00:00:00+09:00,1504.2552629337756,1573.7950439453125,1493.2752975109013,1573.7950439453125,36900,0.0,0.0
2003-09-22 00:00:00+09:00,1603.0754250580408,1603.0754250580408,1511.575686184865,1551.8355712890625,11600,0.0,0.0
2003-09-23 00:00:00+09:00,1551.8355712890623,1551.8355712890623,1551.8355712890623,1551.8355712890625,0,0.0,0.0
2003-09-24 00:00:00+09:00,1511.575503323655,1540.8554162209657,1489.6155686506722,1496.935546875,16300,0.0,0.0
2003-09-25 00:00:00+09:00,1526.2869753370098,1526.2869753370098,1441.9009166044348,1496.935302734375,17200,5.0,0.0
2003-09-26 00:00:00+09:00,1438.2321293896969,1493.2665220959352,1438.2321293896969,1482.2596435546875,5200,0.0,0.0
2003-09-29 00:00:00+09:00,1467.5841400588768,1533.6254263615263,1467.5841400588768,1518.9495849609375,10200,0.0,0.0
2003-09-30 00:00:00+09:00,1467.5841400588768,1526.2875056612318,1467.5841400588768,1518.9495849609375,17000,0.0,0.0
2003-10-01 00:00:00+09:00,1467.5839349287976,1471.2528947661197,1446.30396787233,1449.2391357421875,24000,0.0,0.0
2003-10-02 00:00:00+09:00,1467.583796953914,1471.252756446299,1432.3617858270202,1452.907958984375,13300,0.0,0.0
2003-10-03 00:00:00+09:00,1460.2458779691444,1463.9148374615293,1440.4334967102666,1452.907958984375,12000,0.0,0.0
2003-10-06 00:00:00+09:00,1452.9077013145466,1471.2524955230635,1433.0953235693482,1456.57666015625,35600,0.0,0.0
2003-10-07 00:00:00+09:00,1460.2458099889805,1464.648561174877,1442.6348052453948,1451.4403076171875,6100,0.0,0.0
2003-10-08 00:00:00+09:00,1452.9078502039756,1458.7781849522744,1452.9078502039756,1455.843017578125,8500,0.0,0.0
2003-10-09 00:00:00+09:00,1456.5769184767596,1457.3107103752366,1449.2389994919902,1452.907958984375,23800,0.0,0.0
2003-10-10 00:00:00+09:00,1425.0243727350066,1452.1746826171875,1425.0243727350066,1452.1746826171875,29100,0.0,0.0
2003-10-13 00:00:00+09:00,1452.1746826171875,1452.1746826171875,1452.1746826171875,1452.1746826171875,0,0.0,0.0
2003-10-14 00:00:00+09:00,1452.9080747624034,1452.9080747624034,1423.556396484375,1423.556396484375,15500,0.0,0.0
2003-10-15 00:00:00+09:00,1424.2901884413257,1434.5632758386357,1411.081933216213,1423.556396484375,22100,0.0,0.0
2003-10-16 00:00:00+09:00,1430.8943676279612,1430.8943676279612,1372.191008956045,1386.133056640625,96000,0.0,0.0
2003-10-17 00:00:00+09:00,1390.535508647718,1408.146512451172,1372.19071301912,1394.2044677734375,83200,0.0,0.0
2003-10-20 00:00:00+09:00,1442.63507051719,1442.63507051719,1408.8806385518844,1421.3551025390625,13400,0.0,0.0
2003-10-21 00:00:00+09:00,1421.355214711782,1429.4269273405016,1401.5428291685616,1411.81591796875,31400,0.0,0.0
2003-10-22 00:00:00+09:00,1401.54284472134,1401.54284472134,1366.320825586982,1372.191162109375,16500,0.0,0.0
2003-10-23 00:00:00+09:00,1328.1630441044153,1328.1630441044153,1159.390944577335,1306.1492919921875,91700,0.0,0.0
2003-10-24 00:00:00+09:00,1328.1635155182719,1357.5151954192281,1321.5593875405566,1342.83935546875,14200,0.0,0.0
2003-10-27 00:00:00+09:00,1320.82583314515,1336.2354678651768,1306.1499905546484,1320.092041015625,57600,0.0,0.0
2003-10-28 00:00:00+09:00,1291.4741448596515,1335.5016725253215,1290.7403527318904,1326.6961669921875,9300,0.0,0.0
2003-10-29 00:00:00+09:00,1370.7234141791043,1370.7234141791043,1327.4296875,1327.4296875,11100,0.0,0.0
2003-10-30 00:00:00+09:00,1349.4431664396589,1394.2044677734375,1323.026660734478,1394.2044677734375,36100,0.0,0.0
2003-10-31 00:00:00+09:00,1343.5730459985978,1430.894287109375,1343.5730459985978,1430.894287109375,18000,0.0,0.0
2003-11-03 00:00:00+09:00,1430.894287109375,1430.894287109375,1430.894287109375,1430.894287109375,0,0.0,0.0
2003-11-04 00:00:00+09:00,1437.4984916282938,1437.4984916282938,1392.0033887794145,1399.34130859375,14200,0.0,0.0
2003-11-05 00:00:00+09:00,1388.3341054911411,1415.4844024801328,1379.5286037649817,1408.146484375,9500,0.0,0.0
2003-11-06 00:00:00+09:00,1386.8670034153577,1403.0104288519385,1372.191162109375,1372.191162109375,18200,0.0,0.0
2003-11-07 00:00:00+09:00,1350.1769595902294,1389.067926361035,1288.538446217632,1374.39208984375,31200,0.0,0.0
2003-11-10 00:00:00+09:00,1379.5290827623662,1379.5290827623662,1320.8257175384358,1372.191162109375,28000,0.0,0.0
2003-11-11 00:00:00+09:00,1342.8390167571688,1343.5728085696044,1292.2073816991115,1335.5010986328125,30300,0.0,0.0
2003-11-12 00:00:00+09:00,1291.473671002095,1318.6239697674798,1287.8047117094754,1313.4874267578125,42500,0.0,0.0
2003-11-13 00:00:00+09:00,1320.8256504899364,1320.8256504899364,1281.2008809752383,1298.8118896484375,25800,0.0,0.0
2003-11-14 00:00:00+09:00,1297.3441930498395,1325.962079661233,1297.3441930498395,1314.9552001953125,16500,0.0,0.0
2003-11-17 00:00:00+09:00,1192.4116472516741,1284.1356201171875,1174.0668526785714,1284.1356201171875,26700,0.0,0.0
2003-11-18 00:00:00+09:00,1210.7571113400343,1232.7708770007623,1175.5350862828698,1203.419189453125,53300,0.0,0.0
2003-11-19 00:00:00+09:00,1210.022637261285,1269.4597710503474,1182.1385498046875,1267.9921875,12200,0.0,0.0
2003-11-20 00:00:00+09:00,1229.8350288850716,1254.7839495187782,1218.0943603515625,1218.0943603515625,4200,0.0,0.0
2003-11-21 00:00:00+09:00,1221.76362827846,1237.907051595052,1221.76362827846,1232.7705078125,11300,0.0,0.0
2003-11-24 00:00:00+09:00,1232.7705078125,1232.7705078125,1232.7705078125,1232.7705078125,0,0.0,0.0
2003-11-25 00:00:00+09:00,1262.8559843551282,1262.8559843551282,1232.770513490189,1262.1221923828125,7900,0.0,0.0
2003-11-26 00:00:00+09:00,1262.1221522140727,1269.4600717036892,1248.1801051838008,1259.9207763671875,23300,0.0,0.0
2003-11-27 00:00:00+09:00,1262.1224081503378,1357.515380859375,1262.1224081503378,1357.515380859375,24400,0.0,0.0
2003-11-28 00:00:00+09:00,1401.542705078125,1467.583984375,1357.515185546875,1467.583984375,38600,0.0,0.0
2003-12-01 00:00:00+09:00,1357.5151203588111,1427.2253562691285,1357.5151203588111,1423.556396484375,24200,0.0,0.0
2003-12-02 00:00:00+09:00,1467.583796953914,1467.583796953914,1427.2252425376814,1452.907958984375,54500,0.0,0.0
2003-12-03 00:00:00+09:00,1448.5053455123825,1448.5053455123825,1417.6860828419062,1442.635009765625,12300,0.0,0.0
2003-12-04 00:00:00+09:00,1444.102595450626,1444.102595450626,1412.5495407736053,1436.0308837890625,6900,0.0,0.0
2003-12-05 00:00:00+09:00,1435.2967396748966,1435.2967396748966,1408.8802352637022,1419.1533203125,21100,0.0,0.0
2003-12-08 00:00:00+09:00,1416.2187338957372,1416.2187338957372,1379.5291293906662,1390.5360107421875,20800,0.0,0.0
2003-12-09 00:00:00+09:00,1394.2044677734375,1411.8154715768915,1374.392088494552,1394.2044677734375,22300,0.0,0.0
2003-12-10 00:00:00+09:00,1394.2047871449624,1394.2047871449624,1355.3138115035504,1369.255859375,28300,0.0,0.0
2003-12-11 00:00:00+09:00,1359.7163349625118,1365.586669921875,1309.0846959380037,1365.586669921875,96700,0.0,0.0
2003-12-12 00:00:00+09:00,1366.3207505247833,1366.3207505247833,1324.4946051005554,1354.580078125,54100,0.0,0.0
2003-12-15 00:00:00+09:00,1354.5797685487753,1359.7163115497729,1307.6170896825124,1333.2998046875,30400,0.0,0.0
2003-12-16 00:00:00+09:00,1267.258474726299,1306.149441234981,1254.784013770684,1305.4156494140625,26700,0.0,0.0
2003-12-17 00:00:00+09:00,1349.443459764871,1349.443459764871,1298.0780208396177,1330.3648681640625,14300,0.0,0.0
2003-12-18 00:00:00+09:00,1337.7025022448465,1364.1190080489139,1304.6818699897626,1321.55908203125,38600,0.0,0.0
2003-12-19 00:00:00+09:00,1343.5729163782416,1345.7742919921875,1320.0915764961535,1345.7742919921875,15200,0.0,0.0
2003-12-22 00:00:00+09:00,1346.5084993929477,1363.3857176414695,1346.5084993929477,1357.515380859375,11500,0.0,0.0
2003-12-23 00:00:00+09:00,1357.515380859375,1357.515380859375,1357.515380859375,1357.515380859375,0,0.0,0.0
2003-12-24 00:00:00+09:00,1379.528828507341,1386.866747807912,1349.443359375,1349.443359375,22400,0.0,0.0
2003-12-25 00:00:00+09:00,1349.4435418923356,1370.7235107421875,1343.5732056578936,1370.7235107421875,21500,0.0,0.0
2003-12-26 00:00:00+09:00,1370.7233478565704,1466.8500922726362,1335.5013346354167,1430.894287109375,34500,0.0,0.0
2003-12-29 00:00:00+09:00,1430.894013195503,1504.273193359375,1430.1602213938643,1504.273193359375,44100,0.0,0.0
2003-12-30 00:00:00+09:00,1504.2736185008082,1504.2736185008082,1482.2598582300645,1489.5977783203125,3500,0.0,0.0
2003-12-31 00:00:00+09:00,1489.5977783203125,1489.5977783203125,1489.5977783203125,1489.5977783203125,0,0.0,0.0
2004-01-01 00:00:00+09:00,1489.5977783203125,1489.5977783203125,1489.5977783203125,1489.5977783203125,0,0.0,0.0
2004-01-02 00:00:00+09:00,1489.5977783203125,1489.5977783203125,1489.5977783203125,1489.5977783203125,0,0.0,0.0
2004-01-05 00:00:00+09:00,1507.9422643860776,1507.9422643860776,1467.5837122978855,1474.921630859375,22500,0.0,0.0
2004-01-06 00:00:00+09:00,1445.5702050284272,1466.1163805313693,1405.2116460047907,1441.9012451171875,48200,0.0,0.0
2004-01-07 00:00:00+09:00,1416.2181942906461,1416.2181942906461,1386.8665218701146,1408.146484375,58900,0.0,0.0
2004-01-08 00:00:00+09:00,1403.7439393183204,1403.7439393183204,1381.7301817754299,1392.737060546875,12800,0.0,0.0
2004-01-09 00:00:00+09:00,1400.0750491638023,1400.0750491638023,1384.6654181195465,1387.6005859375,33400,0.0,0.0
2004-01-12 00:00:00+09:00,1387.6005859375,1387.6005859375,1387.6005859375,1387.6005859375,0,0.0,0.0
2004-01-13 00:00:00+09:00,1365.586561269479,1381.7299811232826,1358.98243496565,1368.521728515625,41300,0.0,0.0
2004-01-14 00:00:00+09:00,1379.5290827623662,1379.5290827623662,1369.9897859134776,1372.191162109375,29300,0.0,0.0
2004-01-15 00:00:00+09:00,1364.8528939829298,1364.8528939829298,1328.1633000586576,1348.70947265625,43900,0.0,0.0
2004-01-16 00:00:00+09:00,1328.1635652254877,1357.515246224946,1328.1635652254877,1354.580078125,27000,0.0,0.0
2004-01-19 00:00:00+09:00,1357.5151786886947,1364.8530985734985,1335.5014190342833,1353.1124267578125,47100,0.0,0.0
2004-01-20 00:00:00+09:00,1375.126254824621,1375.126254824621,1343.5731977502032,1354.580078125,23800,0.0,0.0
2004-01-21 00:00:00+09:00,1351.6450440772803,1361.9181334459458,1350.1774598817567,1357.515380859375,34100,0.0,0.0
2004-01-22 00:00:00+09:00,1379.5287541096573,1390.5356324669153,1361.183956847561,1380.996337890625,55900,0.0,0.0
2004-01-23 00:00:00+09:00,1392.7367358702345,1433.8290737041298,1381.729859664727,1414.75048828125,39600,0.0,0.0
2004-01-26 00:00:00+09:00,1420.6211079104091,1439.6996971695366,1416.2183565429182,1416.9521484375,94700,0.0,0.0
2004-01-27 00:00:00+09:00,1438.2318654436747,1438.2318654436747,1402.276068807583,1403.74365234375,57300,0.0,0.0
2004-01-28 00:00:00+09:00,1401.5425108241732,1410.3480135099794,1380.996337890625,1380.996337890625,41400,0.0,0.0
2004-01-29 00:00:00+09:00,1380.9965857149534,1417.6861868232147,1375.8600415597969,1410.3482666015625,40100,0.0,0.0
2004-01-30 00:00:00+09:00,1401.5426109034888,1427.225328904338,1401.5426109034888,1424.2901611328125,30400,0.0,0.0
2004-02-02 00:00:00+09:00,1416.218670311688,1423.5565908832511,1408.8807497401249,1411.81591796875,30100,0.0,0.0
2004-02-03 00:00:00+09:00,1394.2050660209816,1395.6726503010038,1366.320964700562,1391.2698974609375,48900,0.0,0.0
2004-02-04 00:00:00+09:00,1391.2694649370026,1391.2694649370026,1335.5012796336207,1383.19775390625,15600,0.0,0.0
2004-02-05 00:00:00+09:00,1361.1838803585601,1380.9962602883072,1321.5591204990656,1343.5728759765625,64900,0.0,0.0
2004-02-06 00:00:00+09:00,1321.5593516791043,1327.4296875,1240.108442164179,1327.4296875,75800,0.0,0.0
2004-02-09 00:00:00+09:00,1356.7810611934453,1356.7810611934453,1328.1631805084564,1335.5010986328125,25100,0.0,0.0
2004-02-10 00:00:00+09:00,1335.5012960994945,1335.5012960994945,1292.9413646853347,1297.3441162109375,47800,0.0,0.0
2004-02-11 00:00:00+09:00,1297.3441162109375,1297.3441162109375,1297.3441162109375,1297.3441162109375,0,0.0,0.0
2004-02-12 00:00:00+09:00,1309.818467465193,1319.3577616260038,1306.8833000310972,1313.4874267578125,33200,0.0,0.0
2004-02-13 00:00:00+09:00,1309.8184292987712,1309.8184292987712,1284.8695068359375,1284.8695068359375,16000,0.0,0.0
2004-02-16 00:00:00+09:00,1250.3814921649207,1269.4600830078125,1250.3814921649207,1269.4600830078125,33300,0.0,0.0
2004-02-17 00:00:00+09:00,1280.4668100661315,1284.1357694072951,1254.7840946779856,1283.4019775390625,57100,0.0,0.0
2004-02-18 00:00:00+09:00,1273.1289725287265,1287.8048108287694,1273.1289725287265,1281.20068359375,113400,0.0,0.0
2004-02-19 00:00:00+09:00,1284.1358857996322,1314.221355124081,1280.4669261259191,1309.818603515625,54100,0.0,0.0
2004-02-20 00:00:00+09:00,1276.7980197087072,1309.0848661840998,1276.7980197087072,1308.35107421875,57100,0.0,0.0
2004-02-23 00:00:00+09:00,1306.8832963907103,1346.508056640625,1304.6819208212705,1346.508056640625,70800,0.0,0.0
2004-02-24 00:00:00+09:00,1335.501435493511,1345.0407314613217,1320.8255955430327,1342.83935546875,76400,0.0,0.0
2004-02-25 00:00:00+09:00,1320.8251551577919,1341.3713242380243,1309.8182788648103,1338.4361572265625,97900,0.0,0.0
2004-02-26 00:00:00+09:00,1322.2928998588336,1335.5011530205754,1299.5453527469447,1334.0335693359375,346400,0.0,0.0
2004-02-27 00:00:00+09:00,1312.0198140663676,1334.0335693359375,1312.0198140663676,1334.0335693359375,103500,0.0,0.0
2004-03-01 00:00:00+09:00,1320.0918035455088,1343.573147466274,1315.6890515603654,1342.83935546875,77300,0.0,0.0
2004-03-02 00:00:00+09:00,1342.8390400133635,1394.2044677734375,1337.702497237356,1394.2044677734375,145100,0.0,0.0
2004-03-03 00:00:00+09:00,1372.191008956045,1388.3344325908217,1364.8530891220553,1386.133056640625,56300,0.0,0.0
2004-03-04 00:00:00+09:00,1372.1907403532161,1386.8665771484375,1372.1907403532161,1386.8665771484375,53400,0.0,0.0
2004-03-05 00:00:00+09:00,1387.6008096692954,1405.2118194165523,1380.2628889412715,1404.47802734375,84300,0.0,0.0
2004-03-08 00:00:00+09:00,1438.2322502826228,1438.2322502826228,1408.8805717054263,1419.887451171875,49900,0.0,0.0
2004-03-09 00:00:00+09:00,1408.8804659031753,1415.4845930870965,1407.4128820845262,1409.6142578125,47900,0.0,0.0
2004-03-10 00:00:00+09:00,1408.8805573453608,1426.4915643121778,1401.5426377758538,1423.556396484375,48400,0.0,0.0
2004-03-11 00:00:00+09:00,1438.2320284612442,1446.3037388250573,1417.6858566260837,1438.9658203125,66400,0.0,0.0
2004-03-12 00:00:00+09:00,1438.232257955557,1449.972929449072,1438.232257955557,1442.635009765625,77300,0.0,0.0
2004-03-15 00:00:00+09:00,1443.3688486328126,1489.597744140625,1443.3688486328126,1467.583984375,66700,0.0,0.0
2004-03-16 00:00:00+09:00,1467.583631931391,1474.921550091048,1460.245713771734,1463.9146728515625,54900,0.0,0.0
2004-03-17 00:00:00+09:00,1463.914808050998,1474.9216863070208,1463.914808050998,1466.8499755859375,52400,0.0,0.0
2004-03-18 00:00:00+09:00,1466.8497449130193,1478.5904132064702,1452.9077013145466,1456.57666015625,87500,0.0,0.0
2004-03-19 00:00:00+09:00,1445.5700399996053,1467.583796953914,1440.4334967102666,1452.907958984375,37200,0.0,0.0
2004-03-22 00:00:00+09:00,1452.9084262468957,1453.6422183813638,1438.2325835575332,1440.4339599609375,26900,0.0,0.0
2004-03-23 00:00:00+09:00,1430.8946349227501,1460.9801118621515,1427.9594664408573,1441.167724609375,19400,0.0,0.0
2004-03-24 00:00:00+09:00,1445.5704773322143,1452.1746064164731,1441.167724609375,1441.167724609375,25900,0.0,0.0
2004-03-25 00:00:00+09:00,1438.2325561274822,1449.2394379345803,1408.8808713085539,1441.167724609375,29300,0.0,0.0
2004-03-26 00:00:00+09:00,1452.938228700219,1463.9732025890814,1445.5815794409775,1447.78857421875,28100,5.0,0.0
2004-03-29 00:00:00+09:00,1463.2376477439777,1463.2376477439777,1450.7313430624054,1454.40966796875,38600,0.0,0.0
2004-03-30 00:00:00+09:00,1463.2373118025967,1463.2373118025967,1449.2596803675794,1451.4666748046875,38000,0.0,0.0
2004-03-31 00:00:00+09:00,1463.9730874994088,1463.9730874994088,1445.581465797155,1458.0877685546875,24200,0.0,0.0
2004-04-01 00:00:00+09:00,1456.6159883206076,1467.650957929097,1456.6159883206076,1460.2943115234375,51400,0.0,0.0
2004-04-02 00:00:00+09:00,1459.558869949495,1460.2945347024936,1416.1546495225693,1456.6162109375,23400,0.0,0.0
2004-04-05 00:00:00+09:00,1469.8583822021485,1489.7213333129882,1463.973063354492,1471.3297119140625,70400,0.0,0.0
2004-04-06 00:00:00+09:00,1471.329832781712,1530.1830260929803,1471.329832781712,1493.3997802734375,58600,0.0,0.0
2004-04-07 00:00:00+09:00,1508.1129364086855,1592.7143938169777,1493.399639468113,1533.8612060546875,141700,0.0,0.0
2004-04-08 00:00:00+09:00,1500.7564294373462,1537.539675256889,1471.329832781712,1493.3997802734375,47500,0.0,0.0
2004-04-09 00:00:00+09:00,1478.6863726123024,1508.1129670921491,1457.3520916144134,1464.708740234375,50100,0.0,0.0
2004-04-12 00:00:00+09:00,1464.7088861290383,1530.1830653683576,1464.7088861290383,1522.826416015625,56500,0.0,0.0
2004-04-13 00:00:00+09:00,1515.4695441923946,1544.896137283509,1515.4695441923946,1526.5045166015625,25400,0.0,0.0
2004-04-14 00:00:00+09:00,1511.79087211795,1544.895781726372,1489.7209323790016,1508.112548828125,24600,0.0,0.0
2004-04-15 00:00:00+09:00,1504.4346427821683,1508.1129670921491,1458.8234213384058,1464.708740234375,19400,0.0,0.0
2004-04-16 00:00:00+09:00,1493.3993132870087,1504.4342835822329,1456.6160789695946,1497.07763671875,19400,0.0,0.0
2004-04-19 00:00:00+09:00,1489.721242411581,1489.721242411581,1442.6386945032643,1468.386962890625,277800,0.0,0.0
2004-04-20 00:00:00+09:00,1468.3869574134844,1559.6093936455848,1454.40932605534,1541.2177734375,48100,0.0,0.0
2004-04-21 00:00:00+09:00,1537.5395302898307,1537.5395302898307,1478.6863425275405,1533.8612060546875,106100,0.0,0.0
2004-04-22 00:00:00+09:00,1489.7210109935088,1511.7909518971164,1482.3643640256396,1500.7559814453125,25700,0.0,0.0
2004-04-23 00:00:00+09:00,1493.3997790882888,1519.1480511415352,1493.3997790882888,1515.4697265625,21600,0.0,0.0
2004-04-26 00:00:00+09:00,1566.9661031869741,1566.9661031869741,1522.8262129563552,1530.182861328125,45500,0.0,0.0
2004-04-27 00:00:00+09:00,1530.1830653683576,1533.8613900447237,1522.826416015625,1522.826416015625,33900,0.0,0.0
2004-04-28 00:00:00+09:00,1526.504093151914,1555.9306780801437,1526.504093151914,1537.5390625,77900,0.0,0.0
2004-04-29 00:00:00+09:00,1537.5390625,1537.5390625,1537.5390625,1537.5390625,0,0.0,0.0
2004-04-30 00:00:00+09:00,1541.2178361839224,1574.32275390625,1522.8262152270736,1574.32275390625,55700,0.0,0.0
2004-05-03 00:00:00+09:00,1574.32275390625,1574.32275390625,1574.32275390625,1574.32275390625,0,0.0,0.0
2004-05-04 00:00:00+09:00,1574.32275390625,1574.32275390625,1574.32275390625,1574.32275390625,0,0.0,0.0
2004-05-05 00:00:00+09:00,1574.32275390625,1574.32275390625,1574.32275390625,1574.32275390625,0,0.0,0.0
2004-05-06 00:00:00+09:00,1555.9309947518223,1592.7142333984375,1555.9309947518223,1592.7142333984375,62100,0.0,0.0
2004-05-07 00:00:00+09:00,1589.0360924956994,1614.784362512991,1559.6094981902236,1603.7493896484375,56800,0.0,0.0
2004-05-10 00:00:00+09:00,1574.322795885181,1625.8193359375,1574.322795885181,1625.8193359375,75300,0.0,0.0
2004-05-11 00:00:00+09:00,1581.6790674603174,1622.140625,1508.1125992063492,1622.140625,135800,0.0,0.0
2004-05-12 00:00:00+09:00,1622.1408097550675,1640.5324289132882,1592.7142191019143,1633.17578125,150000,0.0,0.0
2004-05-13 00:00:00+09:00,1647.8889213931718,1669.9588623046875,1625.8189804816561,1669.9588623046875,94700,0.0,0.0
2004-05-14 00:00:00+09:00,1677.31591796875,1688.3508911132812,1611.1060791015625,1655.2459716796875,80000,0.0,0.0
2004-05-17 00:00:00+09:00,1618.4627070946926,1618.4627070946926,1544.8962204085701,1585.3577880859375,62200,0.0,0.0
2004-05-18 00:00:00+09:00,1585.3575018324773,1592.7141491727673,1548.5742651310277,1578.0008544921875,86100,0.0,0.0
2004-05-19 00:00:00+09:00,1581.6794022889894,1585.3577264803591,1574.32275390625,1574.32275390625,91800,0.0,0.0
2004-05-20 00:00:00+09:00,1596.3927416218892,1644.2109573847567,1589.0360930429863,1625.8193359375,124100,0.0,0.0
2004-05-21 00:00:00+09:00,1651.5678312229097,1673.6377799697636,1625.8195576849132,1644.211181640625,62900,0.0,0.0
2004-05-24 00:00:00+09:00,1651.5674681819341,1706.7423279207517,1636.854172251583,1688.3507080078125,135600,0.0,0.0
2004-05-25 00:00:00+09:00,1692.0291131017507,1692.0291131017507,1662.6025198304158,1680.994140625,41000,0.0,0.0
2004-05-26 00:00:00+09:00,1710.4203373786006,1798.7000967271736,1669.9587810105047,1739.846923828125,79400,0.0,0.0
2004-05-27 00:00:00+09:00,1787.6656494140625,1875.9454345703125,1765.595703125,1831.8055419921875,114500,0.0,0.0
2004-05-28 00:00:00+09:00,1831.80517670778,1956.868180740038,1831.80517670778,1938.4765625,174600,0.0,0.0
2004-05-31 00:00:00+09:00,1879.62333223713,1971.5814208984375,1872.2666851442252,1971.5814208984375,102100,0.0,0.0
2004-06-01 00:00:00+09:00,1949.5116285034655,1964.2249238129257,1861.2318566467047,1890.658447265625,56900,0.0,0.0
2004-06-02 00:00:00+09:00,1835.4838254374843,1868.5887441327495,1809.735555341167,1824.4488525390625,86900,0.0,0.0
2004-06-03 00:00:00+09:00,1831.8060954117975,1831.8060954117975,1721.4563306279542,1750.8829345703125,103700,0.0,0.0
2004-06-04 00:00:00+09:00,1765.595541709711,1783.9871619358537,1692.0290608051396,1780.308837890625,62900,0.0,0.0
2004-06-07 00:00:00+09:00,1783.9877872505888,1817.0927152614242,1780.3094619160513,1806.0577392578125,76900,0.0,0.0
2004-06-08 00:00:00+09:00,1813.4144679478236,1817.0927934406184,1725.134656120749,1750.8829345703125,91700,0.0,0.0
2004-06-09 00:00:00+09:00,1747.2039794921873,1769.2739244962993,1736.1690069901315,1747.2039794921875,26100,0.0,0.0
2004-06-10 00:00:00+09:00,1736.168564514544,1765.5951503537735,1714.098625135122,1754.5601806640625,53800,0.0,0.0
2004-06-11 00:00:00+09:00,1736.1696325991334,1754.5612600631073,1721.4563306279542,1750.8829345703125,47600,0.0,0.0
2004-06-14 00:00:00+09:00,1750.8823036595393,1761.9172761615953,1736.1690069901315,1747.2039794921875,15100,0.0,0.0
2004-06-15 00:00:00+09:00,1750.8823036595393,1750.8823036595393,1699.3857653166117,1747.2039794921875,22600,0.0,0.0
2004-06-16 00:00:00+09:00,1725.133630603363,1750.8818937466965,1725.133630603363,1739.846923828125,12400,0.0,0.0
2004-06-17 00:00:00+09:00,1765.59619140625,1765.59619140625,1739.847913614909,1765.59619140625,35800,0.0,0.0
2004-06-18 00:00:00+09:00,1765.5949925285863,1769.2733154296875,1721.4551177153717,1769.2733154296875,22500,0.0,0.0
2004-06-21 00:00:00+09:00,1739.8473311574835,1769.2739244962993,1728.8123586554275,1747.2039794921875,20800,0.0,0.0
2004-06-22 00:00:00+09:00,1717.777808237884,1736.16943359375,1692.0295327396716,1736.16943359375,54600,0.0,0.0
2004-06-23 00:00:00+09:00,1750.8825281843356,1754.5608528233781,1717.777606432951,1743.52587890625,22900,0.0,0.0
2004-06-24 00:00:00+09:00,1750.8825066871086,1765.5958050626307,1736.1692083115868,1761.91748046875,36700,0.0,0.0
2004-06-25 00:00:00+09:00,1798.7007638184584,1817.0923871703853,1783.9874651369169,1813.4140625,48500,0.0,0.0
2004-06-28 00:00:00+09:00,1835.483866373698,1835.483866373698,1780.3090006510417,1809.735595703125,24400,0.0,0.0
2004-06-29 00:00:00+09:00,1824.4487896239732,1824.4487896239732,1780.3088995524256,1791.3438720703125,16200,0.0,0.0
2004-06-30 00:00:00+09:00,1806.0572713216145,1835.483866373698,1806.0572713216145,1831.8055419921875,58500,0.0,0.0
2004-07-01 00:00:00+09:00,1835.4835375581192,1835.4835375581192,1765.5953868294534,1817.0919189453125,32700,0.0,0.0
2004-07-02 00:00:00+09:00,1802.3790884888438,1831.805685851927,1780.3091404665315,1813.4140625,14100,0.0,0.0
2004-07-05 00:00:00+09:00,1820.7705282395887,1831.8055011380102,1813.4138796406407,1824.4488525390625,40100,0.0,0.0
2004-07-06 00:00:00+09:00,1824.4488525390625,1868.5887441327495,1817.0922039401146,1824.4488525390625,69700,0.0,0.0
2004-07-07 00:00:00+09:00,1765.5954619984568,1795.0220530317642,1761.9171381192932,1787.6654052734375,18600,0.0,0.0
2004-07-08 00:00:00+09:00,1831.8051284478636,1831.8051284478636,1787.665245834662,1802.3785400390625,29600,0.0,0.0
2004-07-09 00:00:00+09:00,1824.4485663904352,1824.4485663904352,1795.0219766099444,1817.0919189453125,26400,0.0,0.0
2004-07-12 00:00:00+09:00,1802.3792066554986,1864.9107301517097,1802.3792066554986,1835.484130859375,20800,0.0,0.0
2004-07-13 00:00:00+09:00,1835.4839685083155,1835.4839685083155,1802.3790472326145,1828.1273193359375,9900,0.0,0.0
2004-07-14 00:00:00+09:00,1835.484341934111,1835.484341934111,1743.5262085706784,1806.0577392578125,23200,0.0,0.0
2004-07-15 00:00:00+09:00,1802.3786411402416,1802.3786411402416,1765.5954035659508,1798.7003173828125,18500,0.0,0.0
2004-07-16 00:00:00+09:00,1798.7010885887378,1806.0577392578125,1739.8478832361411,1806.0577392578125,14900,0.0,0.0
2004-07-19 00:00:00+09:00,1806.0577392578125,1806.0577392578125,1806.0577392578125,1806.0577392578125,0,0.0,0.0
2004-07-20 00:00:00+09:00,1806.0571884218589,1806.0571884218589,1761.917297869797,1772.9522705078125,14800,0.0,0.0
2004-07-21 00:00:00+09:00,1743.5256578261358,1791.3438720703125,1743.5256578261358,1791.3438720703125,27500,0.0,0.0
2004-07-22 00:00:00+09:00,1732.4904897490894,1798.7003173828125,1703.0638996896569,1798.7003173828125,34200,0.0,0.0
2004-07-23 00:00:00+09:00,1824.4486864433914,1824.4486864433914,1743.5255592221117,1795.0220947265625,31800,0.0,0.0
2004-07-26 00:00:00+09:00,1813.4138368472024,1813.4138368472024,1725.134055743079,1772.9522705078125,24900,0.0,0.0
2004-07-27 00:00:00+09:00,1772.9516383307887,1772.9516383307887,1714.098471913169,1769.2733154296875,26200,0.0,0.0
2004-07-28 00:00:00+09:00,1761.9173995223382,1761.9173995223382,1636.8543690760762,1725.1341552734375,69400,0.0,0.0
2004-07-29 00:00:00+09:00,1706.7421499399038,1721.4554443359375,1647.8889723557693,1721.4554443359375,33400,0.0,0.0
2004-07-30 00:00:00+09:00,1662.6019552027926,1728.811767578125,1644.2103406540891,1728.811767578125,85100,0.0,0.0
2004-08-02 00:00:00+09:00,1706.742225713315,1706.742225713315,1658.9240168032438,1692.0289306640625,21100,0.0,0.0
2004-08-03 00:00:00+09:00,1680.9942423502605,1692.0292154947917,1651.567647298177,1655.2459716796875,35800,0.0,0.0
2004-08-04 00:00:00+09:00,1636.8539148855418,1688.3504425448623,1618.462297864356,1684.672119140625,60300,0.0,0.0
2004-08-05 00:00:00+09:00,1695.7074372606676,1695.7074372606676,1611.10598160558,1680.994140625,76100,0.0,0.0
2004-08-06 00:00:00+09:00,1651.567688820579,1651.567688820579,1618.4627685546875,1618.4627685546875,27300,0.0,0.0
2004-08-09 00:00:00+09:00,1559.6088592872193,1647.8886060393259,1559.6088592872193,1636.8536376953125,30200,0.0,0.0
2004-08-10 00:00:00+09:00,1644.211039316494,1651.5676882619816,1618.462768007287,1640.53271484375,18400,0.0,0.0
2004-08-11 00:00:00+09:00,1655.2455319067276,1684.672119140625,1629.4972680770675,1684.672119140625,37600,0.0,0.0
2004-08-12 00:00:00+09:00,1692.0288555438701,1721.4554443359375,1655.2456195537861,1721.4554443359375,28900,0.0,0.0
2004-08-13 00:00:00+09:00,1725.1340305320023,1725.1340305320023,1666.2808439893327,1680.994140625,29800,0.0,0.0
2004-08-16 00:00:00+09:00,1680.9938327604455,1684.672156245698,1651.5672448784246,1669.9588623046875,19300,0.0,0.0
2004-08-17 00:00:00+09:00,1673.6376548918668,1695.707601989342,1644.2110587619,1666.281005859375,19500,0.0,0.0
2004-08-18 00:00:00+09:00,1680.9936812828328,1706.741943359375,1655.2454192062905,1706.741943359375,26100,0.0,0.0
2004-08-19 00:00:00+09:00,1703.0643310546875,1706.7426557437905,1677.3160582309665,1703.0643310546875,27400,0.0,0.0
2004-08-20 00:00:00+09:00,1692.0293370366612,1703.064310973857,1680.9943630994658,1699.385986328125,18600,0.0,0.0
2004-08-23 00:00:00+09:00,1692.0285384807182,1728.811767578125,1692.0285384807182,1728.811767578125,17200,0.0,0.0
2004-08-24 00:00:00+09:00,1721.4558308485475,1725.1341552734375,1710.4208575738774,1725.1341552734375,16800,0.0,0.0
2004-08-25 00:00:00+09:00,1725.134656120749,1750.8829345703125,1714.0996796423647,1750.8829345703125,22100,0.0,0.0
2004-08-26 00:00:00+09:00,1721.4553531829968,1747.203617012657,1684.672119140625,1684.672119140625,11900,0.0,0.0
2004-08-27 00:00:00+09:00,1710.4211580955375,1736.16943359375,1692.0295327396716,1736.16943359375,16100,0.0,0.0
2004-08-30 00:00:00+09:00,1750.8825281843356,1750.8825281843356,1717.777606432951,1743.52587890625,15700,0.0,0.0
2004-08-31 00:00:00+09:00,1725.1342345299454,1761.91748046875,1717.7775853421842,1761.91748046875,22500,0.0,0.0
2004-09-01 00:00:00+09:00,1761.9172176644822,1780.308837890625,1736.1689493478823,1780.308837890625,35000,0.0,0.0
2004-09-02 00:00:00+09:00,1765.595622082469,1772.9522705078125,1721.455731530407,1772.9522705078125,35000,0.0,0.0
2004-09-03 00:00:00+09:00,1758.239177462421,1765.5958267405063,1739.8475542672072,1743.52587890625,28900,0.0,0.0
2004-09-06 00:00:00+09:00,1736.169188431616,1758.2391357421875,1721.4558902245685,1758.2391357421875,19300,0.0,0.0
2004-09-07 00:00:00+09:00,1747.2039794921873,1750.8823036595393,1725.1340344880755,1747.2039794921875,14700,0.0,0.0
2004-09-08 00:00:00+09:00,1743.5256946194559,1743.5256946194559,1710.4207763671875,1710.4207763671875,14500,0.0,0.0
2004-09-09 00:00:00+09:00,1714.0991006174397,1736.1690461189517,1710.4207763671875,1710.4207763671875,28100,0.0,0.0
2004-09-10 00:00:00+09:00,1721.4557491179437,1725.1340733681957,1699.3858036164315,1710.4207763671875,40600,0.0,0.0
2004-09-13 00:00:00+09:00,1684.6722867908395,1714.098876953125,1684.6722867908395,1714.098876953125,15600,0.0,0.0
2004-09-14 00:00:00+09:00,1717.7772007234107,1728.8121720342676,1706.7422294125536,1714.098876953125,130800,0.0,0.0
2004-09-15 00:00:00+09:00,1692.0285384807182,1736.1684133976064,1692.0285384807182,1728.811767578125,36700,0.0,0.0
2004-09-16 00:00:00+09:00,1714.0994831667108,1736.16943359375,1699.386182882018,1736.16943359375,50300,0.0,0.0
2004-09-17 00:00:00+09:00,1732.4908041232177,1736.1691285481077,1717.7775064236573,1725.1341552734375,64600,0.0,0.0
2004-09-20 00:00:00+09:00,1725.1341552734375,1725.1341552734375,1725.1341552734375,1725.1341552734375,0,0.0,0.0
2004-09-21 00:00:00+09:00,1728.8123976184477,1728.8123976184477,1706.7424521169355,1710.4207763671875,34400,0.0,0.0
2004-09-22 00:00:00+09:00,1695.706861390459,1728.811767578125,1695.706861390459,1728.811767578125,45200,0.0,0.0
2004-09-23 00:00:00+09:00,1728.811767578125,1728.811767578125,1728.811767578125,1728.811767578125,0,0.0,0.0
2004-09-24 00:00:00+09:00,1706.7425331489871,1725.1341552734375,1692.029235449427,1725.1341552734375,58500,0.0,0.0
2004-09-27 00:00:00+09:00,1728.8280910057358,1750.9925537109375,1706.6636283005341,1750.9925537109375,41400,10.0,0.0
2004-09-28 00:00:00+09:00,1754.686586416451,1754.686586416451,1699.2754310559314,1739.9102783203125,84600,0.0,0.0
2004-09-29 00:00:00+09:00,1739.9102783203125,1743.6043553443471,1714.05173915207,1739.9102783203125,27600,0.0,0.0
2004-09-30 00:00:00+09:00,1743.604295620316,1743.604295620316,1725.1339111328125,1725.1339111328125,45100,0.0,0.0
2004-10-01 00:00:00+09:00,1702.969508079966,1739.9102783203125,1702.969508079966,1739.9102783203125,19700,0.0,0.0
2004-10-04 00:00:00+09:00,1739.9104579564143,1754.686767578125,1728.8282257401315,1754.686767578125,18300,0.0,0.0
2004-10-05 00:00:00+09:00,1758.3802801794586,1765.7684326171875,1750.9921277417297,1765.7684326171875,31200,0.0,0.0
2004-10-06 00:00:00+09:00,1765.7692594127493,1765.7692594127493,1754.6870255670626,1758.381103515625,15900,0.0,0.0
2004-10-07 00:00:00+09:00,1754.6865531233623,1762.07470703125,1750.9924761694183,1762.07470703125,16200,0.0,0.0
2004-10-08 00:00:00+09:00,1765.7690572400181,1769.463134765625,1732.5223595095576,1769.463134765625,17200,0.0,0.0
2004-10-11 00:00:00+09:00,1769.463134765625,1769.463134765625,1769.463134765625,1769.463134765625,0,0.0,0.0
2004-10-12 00:00:00+09:00,1765.7686006251652,1765.7686006251652,1736.2159880624008,1747.2982177734375,11900,0.0,0.0
2004-10-13 00:00:00+09:00,1747.2983248435846,1750.992401640294,1728.8279408600372,1743.604248046875,6900,0.0,0.0
2004-10-14 00:00:00+09:00,1743.6039753040009,1765.7684326171875,1714.0513655530858,1765.7684326171875,13300,0.0,0.0
2004-10-15 00:00:00+09:00,1743.6042179188828,1743.6042179188828,1706.663450590093,1736.216064453125,25700,0.0,0.0
2004-10-18 00:00:00+09:00,1736.2161418253147,1758.3806032103187,1714.0516804403105,1725.1339111328125,19700,0.0,0.0
2004-10-19 00:00:00+09:00,1739.9107789931493,1739.9107789931493,1710.358154296875,1710.358154296875,19400,0.0,0.0
2004-10-20 00:00:00+09:00,1706.6632369192023,1706.6632369192023,1669.7224742153235,1684.498779296875,37700,0.0,0.0
2004-10-21 00:00:00+09:00,1673.416717732296,1677.1107943718819,1666.028564453125,1666.028564453125,10900,0.0,0.0
2004-10-22 00:00:00+09:00,1680.8052189589587,1691.8874511718748,1677.1111415546532,1691.887451171875,19500,0.0,0.0
2004-10-25 00:00:00+09:00,1677.111083984375,1680.8051612618738,1666.0288521518792,1677.111083984375,10800,0.0,0.0
2004-10-26 00:00:00+09:00,1669.7227931412115,1688.193178021092,1662.3346391892592,1673.4168701171875,17000,0.0,0.0
2004-10-27 00:00:00+09:00,1673.4167024739584,1673.4167024739584,1658.6403960503474,1662.33447265625,8000,0.0,0.0
2004-10-28 00:00:00+09:00,1669.722929429378,1677.111083984375,1658.640697596882,1677.111083984375,16900,0.0,0.0
2004-10-29 00:00:00+09:00,1677.110836727061,1736.216064453125,1669.722683261303,1736.216064453125,23200,0.0,0.0
2004-11-01 00:00:00+09:00,1728.8275255050164,1728.8275255050164,1695.5808423222277,1702.968994140625,11000,0.0,0.0
2004-11-02 00:00:00+09:00,1688.192855567263,1706.6632369192023,1673.4165504857112,1684.498779296875,16400,0.0,0.0
2004-11-03 00:00:00+09:00,1684.498779296875,1684.498779296875,1684.498779296875,1684.498779296875,0,0.0,0.0
2004-11-04 00:00:00+09:00,1684.499296363264,1721.440070406318,1669.7229867460424,1691.887451171875,76500,0.0,0.0
2004-11-05 00:00:00+09:00,1721.439926705309,1732.5221579931115,1695.5813870337702,1717.745849609375,37600,0.0,0.0
2004-11-08 00:00:00+09:00,1714.0520960159631,1714.0520960159631,1695.581707050274,1706.6639404296875,12200,0.0,0.0
2004-11-09 00:00:00+09:00,1706.6637607890964,1706.6637607890964,1680.8052189589587,1691.887451171875,8900,0.0,0.0
2004-11-10 00:00:00+09:00,1699.2756059804856,1699.2756059804856,1680.8052189589587,1691.887451171875,16000,0.0,0.0
2004-11-11 00:00:00+09:00,1699.275297124335,1736.216064453125,1684.498990192819,1736.216064453125,41500,0.0,0.0
2004-11-12 00:00:00+09:00,1710.3578313082585,1721.4400634765625,1706.6637539188237,1721.4400634765625,22900,0.0,0.0
2004-11-15 00:00:00+09:00,1728.828383195629,1743.604694163113,1721.4402277118868,1732.5224609375,21600,0.0,0.0
2004-11-16 00:00:00+09:00,1732.5224849816523,1732.5224849816523,1669.723162498309,1706.6639404296875,53100,0.0,0.0
2004-11-17 00:00:00+09:00,1710.357639876949,1710.357639876949,1636.4761003574263,1673.4168701171875,66700,0.0,0.0
2004-11-18 00:00:00+09:00,1684.4989476510532,1710.3574841281527,1666.028564453125,1666.028564453125,43600,0.0,0.0
2004-11-19 00:00:00+09:00,1647.55852232021,1695.5815285761803,1647.55852232021,1691.887451171875,22600,0.0,0.0
2004-11-22 00:00:00+09:00,1680.8051612618738,1680.8051612618738,1643.8643884868875,1677.111083984375,54400,0.0,0.0
2004-11-23 00:00:00+09:00,1677.111083984375,1677.111083984375,1677.111083984375,1677.111083984375,0,0.0,0.0
2004-11-24 00:00:00+09:00,1666.0285795768805,1695.5811929618362,1654.9463495575221,1669.72265625,25000,0.0,0.0
2004-11-25 00:00:00+09:00,1669.722929429378,1677.111083984375,1651.2525430418848,1677.111083984375,30400,0.0,0.0
2004-11-26 00:00:00+09:00,1677.111083984375,1677.111083984375,1651.2525430418848,1677.111083984375,29600,0.0,0.0
2004-11-29 00:00:00+09:00,1680.8053958777225,1706.6639404296875,1666.029084705171,1706.6639404296875,14100,0.0,0.0
2004-11-30 00:00:00+09:00,1706.663916744403,1732.5224609375,1684.4994502931768,1732.5224609375,24100,0.0,0.0
2004-12-01 00:00:00+09:00,1728.828218255432,1728.828218255432,1680.805212192781,1721.4400634765625,29600,0.0,0.0
2004-12-02 00:00:00+09:00,1732.5222956448665,1732.5222956448665,1688.1933669716502,1721.4400634765625,44400,0.0,0.0
2004-12-03 00:00:00+09:00,1750.993013254252,1750.993013254252,1699.275920035772,1710.358154296875,36600,0.0,0.0
2004-12-06 00:00:00+09:00,1732.5221625730817,1732.5221625730817,1680.8050830932882,1688.1932373046875,75200,0.0,0.0
2004-12-07 00:00:00+09:00,1691.8873144103868,1691.8873144103868,1677.1110059875887,1688.1932373046875,11300,0.0,0.0
2004-12-08 00:00:00+09:00,1677.1106267560992,1684.498779296875,1669.7224742153235,1684.498779296875,18000,0.0,0.0
2004-12-09 00:00:00+09:00,1688.192855567263,1695.5810081080388,1662.3343216745477,1684.498779296875,44100,0.0,0.0
2004-12-10 00:00:00+09:00,1680.8053542326218,1699.2757427406725,1669.7231211277913,1695.5816650390625,30200,0.0,0.0
2004-12-13 00:00:00+09:00,1706.6639404296875,1710.3580182228252,1680.8053958777225,1706.6639404296875,27200,0.0,0.0
2004-12-14 00:00:00+09:00,1710.3576182830027,1728.8280029296875,1706.6635413536658,1728.8280029296875,40200,0.0,0.0
2004-12-15 00:00:00+09:00,1739.910141186004,1758.3805248503988,1736.216064453125,1736.216064453125,55700,0.0,0.0
2004-12-16 00:00:00+09:00,1758.3807079460048,1758.3807079460048,1736.2162452408031,1750.9925537109375,33100,0.0,0.0
2004-12-17 00:00:00+09:00,1736.216700906115,1736.216700906115,1684.4996076876348,1710.358154296875,58400,0.0,0.0
2004-12-20 00:00:00+09:00,1699.2749182314265,1710.3571459590225,1699.2749182314265,1702.968994140625,25400,0.0,0.0
2004-12-21 00:00:00+09:00,1714.051389459978,1714.051389459978,1662.3343216745477,1684.498779296875,39300,0.0,0.0
2004-12-22 00:00:00+09:00,1688.1930396155974,1688.1930396155974,1651.2522728844026,1669.72265625,42000,0.0,0.0
2004-12-23 00:00:00+09:00,1669.72265625,1669.72265625,1669.72265625,1669.72265625,0,0.0,0.0
2004-12-24 00:00:00+09:00,1684.4992385393723,1684.4992385393723,1669.722929429378,1677.111083984375,37100,0.0,0.0
2004-12-27 00:00:00+09:00,1688.193178021092,1688.193178021092,1669.7227931412115,1673.4168701171875,18900,0.0,0.0
2004-12-28 00:00:00+09:00,1669.722929429378,1677.111083984375,1647.558465764386,1677.111083984375,30400,0.0,0.0
2004-12-29 00:00:00+09:00,1684.4986145946314,1706.6630700498238,1684.4986145946314,1702.968994140625,24100,0.0,0.0
2004-12-30 00:00:00+09:00,1714.051908697693,1728.828218255432,1710.3578313082585,1721.4400634765625,10600,0.0,0.0
2004-12-31 00:00:00+09:00,1721.4400634765625,1721.4400634765625,1721.4400634765625,1721.4400634765625,0,0.0,0.0
2005-01-03 00:00:00+09:00,1721.4400634765625,1721.4400634765625,1721.4400634765625,1721.4400634765625,0,0.0,0.0
2005-01-04 00:00:00+09:00,1725.133834254488,1736.216064453125,1699.275297124335,1736.216064453125,9700,0.0,0.0
2005-01-05 00:00:00+09:00,1732.5214028194032,1736.215478305159,1710.3569499048695,1714.051025390625,18500,0.0,0.0
2005-01-06 00:00:00+09:00,1691.886766413029,1721.4393736866189,1691.886766413029,1702.968994140625,6500,0.0,0.0
2005-01-07 00:00:00+09:00,1721.4393736866189,1721.4393736866189,1666.0282350486375,1702.968994140625,12500,0.0,0.0
2005-01-10 00:00:00+09:00,1702.968994140625,1702.968994140625,1702.968994140625,1702.968994140625,0,0.0,0.0
2005-01-11 00:00:00+09:00,1710.35760354281,1732.522064927814,1706.6635266453093,1725.1339111328125,11700,0.0,0.0
2005-01-12 00:00:00+09:00,1710.357838193402,1714.0519155977072,1688.1933737675695,1691.887451171875,12000,0.0,0.0
2005-01-13 00:00:00+09:00,1987.4135589291352,1987.4135589291352,1813.791928316367,1828.5682373046875,271900,0.0,0.0
2005-01-14 00:00:00+09:00,1813.7910727694689,1883.9785073572896,1769.4621667140034,1854.4259033203125,123400,0.0,0.0
2005-01-17 00:00:00+09:00,1876.5903563480451,1891.3666583665338,1832.2614502925796,1854.4259033203125,50800,0.0,0.0
2005-01-18 00:00:00+09:00,1872.8972087078782,1872.8972087078782,1821.1801260216648,1839.6505126953125,43300,0.0,0.0
2005-01-19 00:00:00+09:00,1847.038588837949,1858.1208203709766,1832.2622801272453,1850.732666015625,47800,0.0,0.0
2005-01-20 00:00:00+09:00,1824.8742532169117,1832.2624080882351,1802.709788602941,1821.18017578125,54100,0.0,0.0
2005-01-21 00:00:00+09:00,1817.486005563447,1839.650469045928,1806.4037738222066,1828.5682373046875,23200,0.0,0.0
2005-01-24 00:00:00+09:00,1813.7921801807945,1832.2625689810063,1784.2395581004557,1799.015869140625,50600,0.0,0.0
2005-01-25 00:00:00+09:00,1806.4036865234373,1824.8740718662127,1799.015532386327,1806.4036865234375,17600,0.0,0.0
2005-01-26 00:00:00+09:00,1828.5681489347678,1828.5681489347678,1806.4036865234373,1806.4036865234375,8100,0.0,0.0
2005-01-27 00:00:00+09:00,1810.0977635919924,1817.4859177291025,1806.4036865234373,1806.4036865234375,7500,0.0,0.0
2005-01-28 00:00:00+09:00,1799.0162459129779,1847.0392668511065,1799.0162459129779,1835.95703125,40000,0.0,0.0
2005-01-31 00:00:00+09:00,1839.6504344825971,1865.5089747263285,1832.2622801272453,1850.732666015625,66900,0.0,0.0
2005-02-01 00:00:00+09:00,1880.2854351704348,1983.7196044921877,1865.5091252673274,1983.7196044921875,127100,0.0,0.0
2005-02-02 00:00:00+09:00,1987.4129515481652,2042.824093319954,1987.4129515481652,2013.271484375,157500,0.0,0.0
2005-02-03 00:00:00+09:00,2042.824756705848,2042.824756705848,2020.6602927994554,2024.3543701171875,45400,0.0,0.0
2005-02-04 00:00:00+09:00,2046.5188278088467,2064.989214341417,2020.6602866632475,2053.906982421875,62500,0.0,0.0
2005-02-07 00:00:00+09:00,2101.9301473627647,2101.9301473627647,2057.6012163111773,2094.5419921875,48900,0.0,0.0
2005-02-08 00:00:00+09:00,2064.988572307329,2090.847105413145,2064.988572307329,2076.07080078125,29800,0.0,0.0
2005-02-09 00:00:00+09:00,2079.765799136145,2087.1539547281027,2046.5190989723344,2061.29541015625,39700,0.0,0.0
2005-02-10 00:00:00+09:00,2061.2941406249997,2061.2941406249997,2050.2119140625,2050.2119140625,34800,0.0,0.0
2005-02-11 00:00:00+09:00,2050.2119140625,2050.2119140625,2050.2119140625,2050.2119140625,0,0.0,0.0
2005-02-14 00:00:00+09:00,2050.212969572648,2053.9070469953012,2031.7425824593809,2039.1307373046875,9700,0.0,0.0
2005-02-15 00:00:00+09:00,2016.9658198718128,2046.5184326171873,2016.9658198718128,2046.5184326171875,12500,0.0,0.0
2005-02-16 00:00:00+09:00,2016.9658198718128,2046.5184326171873,2016.9658198718128,2046.5184326171875,19100,0.0,0.0
2005-02-17 00:00:00+09:00,2016.9658656719605,2028.0480957031252,1980.0250989014119,2028.048095703125,22700,0.0,0.0
2005-02-18 00:00:00+09:00,2031.7421262445,2050.2125092103593,1998.4954369059537,2046.5184326171875,15800,0.0,0.0
2005-02-21 00:00:00+09:00,2046.5190989723344,2064.989487952229,2031.7427877884186,2061.29541015625,21900,0.0,0.0
2005-02-22 00:00:00+09:00,2042.8245849609375,2083.4594320397264,2039.130507953775,2042.8245849609375,22200,0.0,0.0
2005-02-23 00:00:00+09:00,2046.5181450204047,2064.988525390625,2031.7418407242287,2064.988525390625,67600,0.0,0.0
2005-02-24 00:00:00+09:00,2083.4594133649553,2083.4594133649553,2046.518643624442,2068.68310546875,25400,0.0,0.0
2005-02-25 00:00:00+09:00,2057.6007767504802,2216.446079084898,2046.5185463550556,2164.72900390625,131300,0.0,0.0
2005-02-28 00:00:00+09:00,2135.1767016312397,2183.19970703125,2113.0122376004656,2183.19970703125,74100,0.0,0.0
2005-03-01 00:00:00+09:00,2201.6695858712924,2201.6695858712924,2164.72882100768,2179.505126953125,36200,0.0,0.0
2005-03-02 00:00:00+09:00,2201.6696928653682,2253.3867661877093,2197.975616199487,2205.36376953125,68100,0.0,0.0
2005-03-03 00:00:00+09:00,2223.8344138665343,2268.163339059887,2205.364028369304,2209.05810546875,51600,0.0,0.0
2005-03-04 00:00:00+09:00,2179.5052775065105,2223.834198404948,2172.1171240234376,2216.446044921875,22800,0.0,0.0
2005-03-07 00:00:00+09:00,2194.281723459897,2216.446185313027,2149.952799753636,2190.587646484375,44400,0.0,0.0
2005-03-08 00:00:00+09:00,2161.034912109375,2183.199372746394,2120.4000676081732,2161.034912109375,32500,0.0,0.0
2005-03-09 00:00:00+09:00,2135.1760874744955,2157.34054512994,2127.7879349226805,2149.952392578125,17900,0.0,0.0
2005-03-10 00:00:00+09:00,2142.564682507556,2149.9528365851684,2131.4824513911376,2138.87060546875,8800,0.0,0.0
2005-03-11 00:00:00+09:00,2142.5646229619565,2153.6468537703804,2124.09423828125,2124.09423828125,49200,0.0,0.0
2005-03-14 00:00:00+09:00,2094.5422910566717,2113.0126816303637,2094.5422910566717,2109.318603515625,31700,0.0,0.0
2005-03-15 00:00:00+09:00,2109.3190789473683,2113.0131578947367,2050.2138157894738,2105.625,45800,0.0,0.0
2005-03-16 00:00:00+09:00,2105.624525400887,2135.177150318794,2087.154134827195,2109.318603515625,13700,0.0,0.0
2005-03-17 00:00:00+09:00,2138.8709232390875,2138.8709232390875,2068.683449074074,2094.5419921875,21800,0.0,0.0
2005-03-18 00:00:00+09:00,2124.0943801235144,2138.8706888548086,2098.23583984375,2098.23583984375,13500,0.0,0.0
2005-03-21 00:00:00+09:00,2098.23583984375,2098.23583984375,2098.23583984375,2098.23583984375,0,0.0,0.0
2005-03-22 00:00:00+09:00,2157.341040405885,2216.446274389608,2142.5647319099544,2212.752197265625,57200,0.0,0.0
2005-03-23 00:00:00+09:00,2216.4463182620434,2231.2226270504566,2197.9759322765262,2223.83447265625,54900,0.0,0.0
2005-03-24 00:00:00+09:00,2223.8344138665343,2223.8344138665343,2179.5054886731814,2209.05810546875,20200,0.0,0.0
2005-03-25 00:00:00+09:00,2209.057891438802,2216.446044921875,2194.281584472656,2216.446044921875,32400,0.0,0.0
2005-03-28 00:00:00+09:00,2194.13319445535,2220.165283203125,2194.13319445535,2220.165283203125,20600,20.0,0.0
2005-03-29 00:00:00+09:00,2220.1651781094783,2246.197265625,2216.446308464404,2246.197265625,46900,0.0,0.0
2005-03-30 00:00:00+09:00,2227.6031635145937,2253.63525390625,2216.446553346741,2253.63525390625,36300,0.0,0.0
2005-03-31 00:00:00+09:00,2268.510129957933,2484.2045357572115,2261.072391826923,2417.264892578125,108000,0.0,0.0
2005-04-01 00:00:00+09:00,2417.266097158756,2417.266097158756,2328.0131951098174,2365.201904296875,60200,0.0,0.0
2005-04-04 00:00:00+09:00,2298.262227760171,2372.6396461342865,2290.8244859227593,2365.201904296875,67300,0.0,0.0
2005-04-05 00:00:00+09:00,2365.200689716399,2387.5139037703275,2365.200689716399,2372.638427734375,86800,0.0,0.0
2005-04-06 00:00:00+09:00,2409.828362295561,2409.828362295561,2365.2019111419395,2387.51513671875,44800,0.0,0.0
2005-04-07 00:00:00+09:00,2424.7026603929926,2506.5177808357007,2424.7026603929926,2454.45361328125,58100,0.0,0.0
2005-04-08 00:00:00+09:00,2461.891345548775,2469.32908375285,2432.1403927324754,2447.015869140625,56600,0.0,0.0
2005-04-11 00:00:00+09:00,2484.204833984375,2551.144485199523,2454.4538778887536,2484.204833984375,48200,0.0,0.0
2005-04-12 00:00:00+09:00,2484.20506930064,2484.20506930064,2461.891850115305,2469.32958984375,30200,0.0,0.0
2005-04-13 00:00:00+09:00,2476.76709496047,2499.0803120321857,2469.3293559365643,2484.204833984375,38000,0.0,0.0
2005-04-14 00:00:00+09:00,2484.2045661695074,2484.2045661695074,2439.5781368371213,2454.45361328125,20400,0.0,0.0
2005-04-15 00:00:00+09:00,2417.265407412434,2461.891845703125,2417.265407412434,2461.891845703125,19900,0.0,0.0
2005-04-18 00:00:00+09:00,2439.578106971154,2439.578106971154,2357.762987530048,2417.264892578125,149100,0.0,0.0
2005-04-19 00:00:00+09:00,2365.200689716399,2380.0761657523512,2298.2610475546144,2372.638427734375,76800,0.0,0.0
2005-04-20 00:00:00+09:00,2387.5139037703275,2394.9516417883033,2305.69878557259,2372.638427734375,50600,0.0,0.0
2005-04-21 00:00:00+09:00,2261.072333829365,2342.887451171875,2261.072333829365,2342.887451171875,47500,0.0,0.0
2005-04-22 00:00:00+09:00,2380.077387971698,2409.8283553213446,2335.450936947229,2365.201904296875,23800,0.0,0.0
2005-04-25 00:00:00+09:00,2357.7641624594635,2387.5151298091096,2357.7641624594635,2365.201904296875,22000,0.0,0.0
2005-04-26 00:00:00+09:00,2328.012223255785,2350.325439453125,2313.136745790892,2350.325439453125,33900,0.0,0.0
2005-04-27 00:00:00+09:00,2313.1364994109626,2357.7629270523316,2305.698761470734,2342.887451171875,23200,0.0,0.0
2005-04-28 00:00:00+09:00,2357.762939453125,2380.0761533911673,2313.1365115770404,2357.762939453125,24900,0.0,0.0
2005-04-29 00:00:00+09:00,2357.762939453125,2357.762939453125,2357.762939453125,2357.762939453125,0,0.0,0.0
2005-05-02 00:00:00+09:00,2350.325439453125,2350.325439453125,2313.136745790892,2350.325439453125,11000,0.0,0.0
2005-05-03 00:00:00+09:00,2350.325439453125,2350.325439453125,2350.325439453125,2350.325439453125,0,0.0,0.0
2005-05-04 00:00:00+09:00,2350.325439453125,2350.325439453125,2350.325439453125,2350.325439453125,0,0.0,0.0
2005-05-05 00:00:00+09:00,2350.325439453125,2350.325439453125,2350.325439453125,2350.325439453125,0,0.0,0.0
2005-05-06 00:00:00+09:00,2380.076416015625,2402.3896324157713,2342.887722015381,2380.076416015625,24700,0.0,0.0
2005-05-09 00:00:00+09:00,2372.6389733739643,2551.1447268566453,2261.072877447289,2469.32958984375,167100,0.0,0.0
2005-05-10 00:00:00+09:00,2469.3290594951923,2491.642273888221,2342.887511268029,2417.264892578125,113200,0.0,0.0
2005-05-11 00:00:00+09:00,2380.076201923077,2432.140368840144,2380.076201923077,2417.264892578125,85100,0.0,0.0
2005-05-12 00:00:00+09:00,2417.26463483214,2417.26463483214,2365.2004734665247,2402.38916015625,42100,0.0,0.0
2005-05-13 00:00:00+09:00,2394.9514228183048,2402.38916015625,2335.4495241147447,2402.38916015625,56400,0.0,0.0
2005-05-16 00:00:00+09:00,2402.3896324157713,2402.3896324157713,2350.3254608154293,2380.076416015625,83700,0.0,0.0
2005-05-17 00:00:00+09:00,2357.7623263320793,2357.7623263320793,2130.911376953125,2130.911376953125,167400,0.0,0.0
2005-05-18 00:00:00+09:00,2134.630797678813,2168.1006185483416,2026.7835970992214,2060.25341796875,129300,0.0,0.0
2005-05-19 00:00:00+09:00,2086.2857427182407,2116.0366980511208,2023.0649626358695,2052.81591796875,50400,0.0,0.0
2005-05-20 00:00:00+09:00,2112.318579545454,2112.318579545454,2041.6600355113635,2045.37890625,42000,0.0,0.0
2005-05-23 00:00:00+09:00,2015.6271945579654,2023.0649332832716,1989.595109019394,2011.9083251953125,26500,0.0,0.0
2005-05-24 00:00:00+09:00,2019.3456604219577,2127.1928503892445,2019.3456604219577,2104.879638671875,126000,0.0,0.0
2005-05-25 00:00:00+09:00,2086.2853500869246,2093.72308752039,2026.783450619205,2030.5023193359375,42700,0.0,0.0
2005-05-26 00:00:00+09:00,2015.6276746152053,2037.9408961054105,1900.3426969158115,1993.314453125,32700,0.0,0.0
2005-05-27 00:00:00+09:00,1997.0328477447001,2030.5026720085777,1997.0328477447001,2011.9083251953125,41500,0.0,0.0
2005-05-30 00:00:00+09:00,2037.9408961054105,2037.9408961054105,1963.5634911380598,1993.314453125,30500,0.0,0.0
2005-05-31 00:00:00+09:00,2037.9411647727272,2056.535518465909,2023.0656818181817,2045.37890625,26300,0.0,0.0
2005-06-01 00:00:00+09:00,2049.0974060949616,2049.0974060949616,2023.065315636405,2037.9407958984375,21100,0.0,0.0
2005-06-02 00:00:00+09:00,2060.253525586293,2075.129002305328,2041.6591796875,2041.6591796875,23400,0.0,0.0
2005-06-03 00:00:00+09:00,2023.065315636405,2056.5351462259778,2015.627575505389,2037.9407958984375,19700,0.0,0.0
2005-06-06 00:00:00+09:00,2041.659162152538,2041.659162152538,2000.751601526531,2019.345947265625,21200,0.0,0.0
2005-06-07 00:00:00+09:00,2008.1895875143348,2030.502805153383,2004.4707179078268,2026.783935546875,29300,0.0,0.0
2005-06-08 00:00:00+09:00,2045.3783361579585,2108.59912109375,2034.2217270516423,2108.59912109375,67100,0.0,0.0
2005-06-09 00:00:00+09:00,2108.599219013461,2116.0369587630676,2060.253910641018,2067.691650390625,27800,0.0,0.0
2005-06-10 00:00:00+09:00,2086.286866535302,2097.443480794849,2071.411380855906,2093.724609375,23800,0.0,0.0
2005-06-13 00:00:00+09:00,2101.161891616638,2175.5393037092626,2101.161891616638,2168.1015625,42600,0.0,0.0
2005-06-14 00:00:00+09:00,2171.8195859108364,2190.413931680621,2171.8195859108364,2179.25732421875,24100,0.0,0.0
2005-06-15 00:00:00+09:00,2190.414182079082,2190.414182079082,2138.350007971939,2186.6953125,23600,0.0,0.0
2005-06-16 00:00:00+09:00,2216.4456686032045,2357.7626743195165,2209.007931460241,2335.449462890625,104900,0.0,0.0
2005-06-17 00:00:00+09:00,2342.8876392802254,2342.8876392802254,2268.51025390625,2268.51025390625,53800,0.0,0.0
2005-06-20 00:00:00+09:00,2305.699179946192,2328.0123978166393,2238.759526334851,2246.197265625,30000,0.0,0.0
2005-06-21 00:00:00+09:00,2253.6347823797487,2290.8234751582922,2246.19704382404,2275.947998046875,18700,0.0,0.0
2005-06-22 00:00:00+09:00,2283.3859620757453,2283.3859620757453,2231.321787044702,2246.197265625,18000,0.0,0.0
2005-06-23 00:00:00+09:00,2253.635111593122,2253.635111593122,2216.4464133820143,2220.165283203125,9000,0.0,0.0
2005-06-24 00:00:00+09:00,2246.197010091146,2246.197010091146,2201.5705794270834,2231.321533203125,15100,0.0,0.0
2005-06-27 00:00:00+09:00,2238.7592484757706,2238.7592484757706,2179.2573415395377,2201.570556640625,40300,0.0,0.0
2005-06-28 00:00:00+09:00,2201.5709340975714,2227.6030228453465,2190.414324634239,2220.165283203125,36600,0.0,0.0
2005-06-29 00:00:00+09:00,2246.19704382404,2283.3857366025836,2231.3215667126224,2275.947998046875,44700,0.0,0.0
2005-06-30 00:00:00+09:00,2275.948256409284,2320.574692809466,2275.948256409284,2298.261474609375,32100,0.0,0.0
2005-07-01 00:00:00+09:00,2298.2612359816026,2328.0121904926914,2298.2612359816026,2305.698974609375,22600,0.0,0.0
2005-07-04 00:00:00+09:00,2335.449713231647,2365.2006649925597,2305.698761470734,2342.887451171875,32900,0.0,0.0
2005-07-05 00:00:00+09:00,2350.325439453125,2365.2009169180183,2328.012223255785,2350.325439453125,30400,0.0,0.0
2005-07-06 00:00:00+09:00,2313.136713237147,2328.0121904926914,2298.2612359816026,2305.698974609375,16200,0.0,0.0
2005-07-07 00:00:00+09:00,2283.386474609375,2290.8242155690145,2275.9487336497355,2283.386474609375,19400,0.0,0.0
2005-07-08 00:00:00+09:00,2275.9484742419554,2305.6994346895626,2253.63525390625,2253.63525390625,16600,0.0,0.0
2005-07-11 00:00:00+09:00,2283.386214353857,2283.386214353857,2253.63525390625,2253.63525390625,12500,0.0,0.0
2005-07-12 00:00:00+09:00,2246.19731257512,2328.012446476863,2201.5708759014424,2320.57470703125,56600,0.0,0.0
2005-07-13 00:00:00+09:00,2320.574505615234,2387.5141548156735,2305.6990280151367,2380.076416015625,54900,0.0,0.0
2005-07-14 00:00:00+09:00,2402.389416316106,2447.0158451021634,2387.5139400540866,2417.264892578125,44800,0.0,0.0
2005-07-15 00:00:00+09:00,2394.9524001133295,2424.7033616054205,2372.639178994261,2409.827880859375,61900,0.0,0.0
2005-07-18 00:00:00+09:00,2409.827880859375,2409.827880859375,2409.827880859375,2409.827880859375,0,0.0,0.0
2005-07-19 00:00:00+09:00,2402.3901404863523,2424.7033616054205,2380.076919367284,2409.827880859375,36200,0.0,0.0
2005-07-20 00:00:00+09:00,2439.577926772388,2513.9553025886194,2439.577926772388,2491.64208984375,55600,0.0,0.0
2005-07-21 00:00:00+09:00,2484.2045661695074,2484.2045661695074,2454.45361328125,2454.45361328125,21200,0.0,0.0
2005-07-22 00:00:00+09:00,2424.703369140625,2432.1411095367616,2394.952407556077,2424.703369140625,10800,0.0,0.0
2005-07-25 00:00:00+09:00,2603.2096794059685,2618.085163288288,2476.76806640625,2476.76806640625,56600,0.0,0.0
2005-07-26 00:00:00+09:00,2454.4543230975114,2454.4543230975114,2357.7636982482154,2409.827880859375,39400,0.0,0.0
2005-07-27 00:00:00+09:00,2394.951678185096,2417.264892578125,2357.762987530048,2417.264892578125,31200,0.0,0.0
2005-07-28 00:00:00+09:00,2380.076416015625,2394.9518936157224,2372.638677215576,2380.076416015625,15600,0.0,0.0
2005-07-29 00:00:00+09:00,2417.265407412434,2484.2050648484706,2417.265407412434,2461.891845703125,31100,0.0,0.0
2005-08-01 00:00:00+09:00,2454.4541103868596,2476.7673295721947,2447.016370658415,2469.32958984375,27400,0.0,0.0
2005-08-02 00:00:00+09:00,2461.891616912659,2491.64257300828,2461.891616912659,2484.204833984375,22300,0.0,0.0
2005-08-03 00:00:00+09:00,2469.3290897253787,2476.7668279474433,2424.7026603929926,2454.45361328125,28100,0.0,0.0
2005-08-04 00:00:00+09:00,2417.264922170928,2461.8913515033146,2417.264922170928,2454.45361328125,48000,0.0,0.0
2005-08-05 00:00:00+09:00,2528.831342899355,2632.959692312858,2506.51812516789,2595.77099609375,201300,0.0,0.0
2005-08-08 00:00:00+09:00,2528.8313137755104,2551.14453125,2499.0803571428573,2551.14453125,78300,0.0,0.0
2005-08-09 00:00:00+09:00,2513.956059008573,2595.771197023645,2506.518319189021,2521.393798828125,27000,0.0,0.0
2005-08-10 00:00:00+09:00,2528.8315641983695,2573.458003566576,2528.8315641983695,2566.020263671875,23200,0.0,0.0
2005-08-11 00:00:00+09:00,2588.3328190651264,2655.2724609375,2566.019605107668,2655.2724609375,46000,0.0,0.0
2005-08-12 00:00:00+09:00,2640.3974657380177,2655.272944418232,2640.3974657380177,2647.835205078125,26000,0.0,0.0
2005-08-15 00:00:00+09:00,2655.2732175716683,2714.7751384136104,2655.2732175716683,2699.899658203125,36700,0.0,0.0
2005-08-16 00:00:00+09:00,2737.087408960027,2751.9628840087225,2692.4609838139395,2744.525146484375,16300,0.0,0.0
2005-08-17 00:00:00+09:00,2744.5261029253948,2789.1525436233687,2707.33740234375,2707.33740234375,47400,0.0,0.0
2005-08-18 00:00:00+09:00,2729.6506307633194,2744.526111039959,2707.3374103483607,2722.212890625,38600,0.0,0.0
2005-08-19 00:00:00+09:00,2744.5256241218917,2744.5256241218917,2729.650146484375,2729.650146484375,29500,0.0,0.0
2005-08-22 00:00:00+09:00,2737.088134765625,2774.2768322488537,2685.023958289105,2737.088134765625,64800,0.0,0.0
2005-08-23 00:00:00+09:00,2729.6495756767163,2744.525050203565,2632.9589912522006,2640.396728515625,63100,0.0,0.0
2005-08-24 00:00:00+09:00,2603.209231993412,2662.7111572961185,2603.209231993412,2610.64697265625,52600,0.0,0.0
2005-08-25 00:00:00+09:00,2588.333251953125,2632.9596873316273,2573.4577734936242,2588.333251953125,43000,0.0,0.0
2005-08-26 00:00:00+09:00,2595.77172004832,2625.52268532108,2566.02075477556,2573.45849609375,47600,0.0,0.0
2005-08-29 00:00:00+09:00,2566.020263671875,2603.20896314538,2566.020263671875,2566.020263671875,34200,0.0,0.0
2005-08-30 00:00:00+09:00,2573.4570382857532,2595.7702496003694,2573.4570382857532,2580.894775390625,28800,0.0,0.0
2005-08-31 00:00:00+09:00,2588.332512495497,2588.332512495497,2580.894775390625,2580.894775390625,14100,0.0,0.0
2005-09-01 00:00:00+09:00,2588.3332270408164,2595.7709661989797,2551.14453125,2551.14453125,21300,0.0,0.0
2005-09-02 00:00:00+09:00,2573.45774872449,2573.45774872449,2551.14453125,2551.14453125,14200,0.0,0.0
2005-09-05 00:00:00+09:00,2566.020014563272,2566.020014563272,2536.2690578726833,2558.582275390625,31400,0.0,0.0
2005-09-06 00:00:00+09:00,2566.0199254587155,2566.0199254587155,2372.6387136850153,2432.140625,55300,0.0,0.0
2005-09-07 00:00:00+09:00,2469.33032446509,2499.0812922297296,2454.4548405827704,2476.76806640625,77800,0.0,0.0
2005-09-08 00:00:00+09:00,2484.2048027224655,2484.2048027224655,2424.7028912800115,2439.578369140625,25000,0.0,0.0
2005-09-09 00:00:00+09:00,2447.015869140625,2447.015869140625,2409.827178120251,2447.015869140625,46300,0.0,0.0
2005-09-12 00:00:00+09:00,2469.32958984375,2521.393767942865,2461.891850115305,2469.32958984375,31500,0.0,0.0
2005-09-13 00:00:00+09:00,2469.3290897253787,2491.642304391572,2439.5781368371213,2454.45361328125,48700,0.0,0.0
2005-09-14 00:00:00+09:00,2424.7026545284007,2476.7668219569246,2424.7026545284007,2447.015869140625,50800,0.0,0.0
2005-09-15 00:00:00+09:00,2499.0808249080883,2580.8959709616265,2499.0808249080883,2528.831787109375,109600,0.0,0.0
2005-09-16 00:00:00+09:00,2536.268804539017,2551.144281398483,2528.8310661092837,2543.70654296875,62800,0.0,0.0
2005-09-19 00:00:00+09:00,2543.70654296875,2543.70654296875,2543.70654296875,2543.70654296875,0,0.0,0.0
2005-09-20 00:00:00+09:00,2566.019301180881,2580.894775390625,2558.581564076009,2580.894775390625,63800,0.0,0.0
2005-09-21 00:00:00+09:00,2603.2087353375714,2610.6464745813932,2588.333256849928,2595.77099609375,63400,0.0,0.0
2005-09-22 00:00:00+09:00,2595.7709404759153,2603.2086795603736,2499.0803323779587,2513.955810546875,46800,0.0,0.0
2005-09-23 00:00:00+09:00,2513.955810546875,2513.955810546875,2513.955810546875,2513.955810546875,0,0.0,0.0
2005-09-26 00:00:00+09:00,2484.2050997303654,2521.393798828125,2476.7673599108134,2521.393798828125,52900,0.0,0.0
2005-09-27 00:00:00+09:00,2510.187932728293,2525.129527565962,2487.775540471791,2495.246337890625,29600,15.0,0.0
2005-09-28 00:00:00+09:00,2487.775281404194,2562.483247812728,2487.775281404194,2555.012451171875,31100,0.0,0.0
2005-09-29 00:00:00+09:00,2562.4835642292715,2696.957920369583,2525.129576412518,2607.308349609375,63800,0.0,0.0
2005-09-30 00:00:00+09:00,2569.9534926470587,2614.778262867647,2540.0703125,2540.0703125,48500,0.0,0.0
2005-10-03 00:00:00+09:00,2510.186862244898,2577.4240103407433,2510.186862244898,2562.482421875,33000,0.0,0.0
2005-10-04 00:00:00+09:00,2540.0703408061595,2577.42431640625,2540.0703408061595,2577.42431640625,22500,0.0,0.0
2005-10-05 00:00:00+09:00,2584.895637735289,2584.895637735289,2540.070857890168,2555.012451171875,16700,0.0,0.0
2005-10-06 00:00:00+09:00,2540.0704708614862,2562.482857369088,2487.77490234375,2487.77490234375,16000,0.0,0.0
2005-10-07 00:00:00+09:00,2480.304140033144,2510.187322443182,2465.362548828125,2465.362548828125,21300,0.0,0.0
2005-10-10 00:00:00+09:00,2465.362548828125,2465.362548828125,2465.362548828125,2465.362548828125,0,0.0,0.0
2005-10-11 00:00:00+09:00,2525.1287541148927,2532.59954924541,2487.774778462305,2517.657958984375,18600,0.0,0.0
2005-10-12 00:00:00+09:00,2540.0702518259986,2555.011841542622,2517.657867251063,2525.128662109375,19600,0.0,0.0
2005-10-13 00:00:00+09:00,2510.186668882979,2525.1282561977587,2435.478732309081,2457.89111328125,47300,0.0,0.0
2005-10-14 00:00:00+09:00,2442.950417465305,2457.8920102326765,2375.713250012131,2405.596435546875,39800,0.0,0.0
2005-10-17 00:00:00+09:00,2413.0667120034013,2428.0083015514097,2338.358764263358,2368.241943359375,40200,0.0,0.0
2005-10-18 00:00:00+09:00,2383.183657710164,2383.183657710164,2278.592525396865,2338.35888671875,63500,0.0,0.0
2005-10-19 00:00:00+09:00,2375.7132855358545,2405.5964715174373,2330.88850656348,2383.18408203125,78300,0.0,0.0
2005-10-20 00:00:00+09:00,2420.5388707822085,2502.7176596050613,2390.655674846626,2435.48046875,79200,0.0,0.0
2005-10-21 00:00:00+09:00,2360.7716925450627,2413.067268012833,2338.3593030588754,2383.18408203125,117800,0.0,0.0
2005-10-24 00:00:00+09:00,2457.891666565886,2457.891666565886,2405.596099192144,2413.06689453125,41700,0.0,0.0
2005-10-25 00:00:00+09:00,2450.42087122678,2450.42087122678,2383.1837131748257,2413.06689453125,32400,0.0,0.0
2005-10-26 00:00:00+09:00,2413.0668026017556,2420.53759765625,2383.183622383777,2420.53759765625,34600,0.0,0.0
2005-10-27 00:00:00+09:00,2435.4793404447114,2435.4793404447114,2405.5961583533654,2428.008544921875,10600,0.0,0.0
2005-10-28 00:00:00+09:00,2413.0663513369113,2457.89111328125,2413.0663513369113,2457.89111328125,14400,0.0,0.0
2005-10-31 00:00:00+09:00,2532.599456967687,2547.54104668431,2502.7162775344395,2525.128662109375,45100,0.0,0.0
2005-11-01 00:00:00+09:00,2532.599244943513,2562.482421875,2532.599244943513,2562.482421875,5500,0.0,0.0
2005-11-02 00:00:00+09:00,2689.4866746471776,2801.5486194241435,2659.60348937332,2779.13623046875,199400,0.0,0.0
2005-11-03 00:00:00+09:00,2353.2998046875,2353.2998046875,2353.2998046875,2353.2998046875,199400,0.0,0.0
2005-11-04 00:00:00+09:00,2801.548884465144,2898.669245793269,2786.6072904146636,2816.490478515625,110400,0.0,0.0
2005-11-07 00:00:00+09:00,2831.431640625,2838.9024365105543,2801.548457082784,2831.431640625,40800,0.0,0.0
2005-11-08 00:00:00+09:00,2823.9612755408652,2831.4320725661055,2816.490478515625,2816.490478515625,24800,0.0,0.0
2005-11-09 00:00:00+09:00,2816.490478515625,2823.9612755408652,2794.078087439904,2816.490478515625,44600,0.0,0.0
2005-11-10 00:00:00+09:00,2779.136160714286,2831.4317336309523,2756.7237723214284,2823.9609375,50400,0.0,0.0
2005-11-11 00:00:00+09:00,2809.019228358957,2823.9608199991644,2786.606840898646,2794.07763671875,86000,0.0,0.0
2005-11-14 00:00:00+09:00,2801.548159219385,2801.548159219385,2756.723388671875,2756.723388671875,34400,0.0,0.0
2005-11-15 00:00:00+09:00,2741.781798489372,2786.606569036882,2734.31100339812,2756.723388671875,61400,0.0,0.0
2005-11-16 00:00:00+09:00,2749.2522306467827,2838.901759907004,2704.427466016672,2786.606201171875,143300,0.0,0.0
2005-11-17 00:00:00+09:00,2726.840087890625,2756.723266936002,2704.4277036065923,2726.840087890625,68400,0.0,0.0
2005-11-18 00:00:00+09:00,2704.428900824653,2719.3704969618057,2659.6041124131943,2689.4873046875,65600,0.0,0.0
2005-11-21 00:00:00+09:00,2652.132260647507,2741.781801852493,2652.132260647507,2696.95703125,85400,0.0,0.0
2005-11-22 00:00:00+09:00,2696.9573339036674,2719.3697217200415,2674.5449460872933,2711.89892578125,47600,0.0,0.0
2005-11-23 00:00:00+09:00,2711.89892578125,2711.89892578125,2711.89892578125,2711.89892578125,0,0.0,0.0
2005-11-24 00:00:00+09:00,2696.957216225627,2734.3111942896935,2682.015625,2682.015625,52500,0.0,0.0
2005-11-25 00:00:00+09:00,2689.4866302658843,2704.42822265625,2667.074241680335,2704.42822265625,16600,0.0,0.0
2005-11-28 00:00:00+09:00,2696.9573000715077,2741.7820751419486,2696.9573000715077,2734.311279296875,67600,0.0,0.0
2005-11-29 00:00:00+09:00,2734.31100339812,2786.606569036882,2726.840208306868,2756.723388671875,76500,0.0,0.0
2005-11-30 00:00:00+09:00,2779.1357739456303,2779.1357739456303,2734.31100339812,2756.723388671875,34300,0.0,0.0
2005-12-01 00:00:00+09:00,2749.2525935806234,2779.1357739456303,2741.781798489372,2756.723388671875,16800,0.0,0.0
2005-12-02 00:00:00+09:00,2764.1947671641474,2786.607157168181,2741.782377160114,2749.253173828125,52500,0.0,0.0
2005-12-05 00:00:00+09:00,2764.19473077409,2794.077917052729,2749.253137634771,2771.66552734375,94700,0.0,0.0
2005-12-06 00:00:00+09:00,2771.665293291581,2771.665293291581,2711.89892578125,2711.89892578125,69100,0.0,0.0
2005-12-07 00:00:00+09:00,2734.311186829445,2741.781982421875,2704.428004459724,2741.781982421875,25200,0.0,0.0
2005-12-08 00:00:00+09:00,2704.427985412253,2704.427985412253,2622.2492344743114,2644.66162109375,31700,0.0,0.0
2005-12-09 00:00:00+09:00,2614.778564453125,2629.72015625,2592.3661767578124,2614.778564453125,79900,0.0,0.0
2005-12-12 00:00:00+09:00,2622.249260097493,2682.015625,2622.249260097493,2682.015625,39200,0.0,0.0
2005-12-13 00:00:00+09:00,2719.369293129281,2741.7816774133134,2696.9569088452486,2726.840087890625,40400,0.0,0.0
2005-12-14 00:00:00+09:00,2741.781798489372,2756.723388671875,2704.4278230331133,2756.723388671875,50000,0.0,0.0
2005-12-15 00:00:00+09:00,2764.1946378318216,2809.0194157426076,2741.782248876428,2779.13623046875,118800,0.0,0.0
2005-12-16 00:00:00+09:00,2786.606968565245,2809.0193570523647,2756.723783915752,2764.194580078125,45400,0.0,0.0
2005-12-19 00:00:00+09:00,2794.0772094726562,2846.372772216797,2794.0772094726562,2809.018798828125,41800,0.0,0.0
2005-12-20 00:00:00+09:00,2838.902575306057,2973.376907820554,2838.902575306057,2898.6689453125,55600,0.0,0.0
2005-12-21 00:00:00+09:00,2950.9643394909604,2950.9643394909604,2846.3731983444454,2853.843994140625,30800,0.0,0.0
2005-12-22 00:00:00+09:00,2838.902402548266,2906.1395647138825,2838.902402548266,2853.843994140625,18600,0.0,0.0
2005-12-23 00:00:00+09:00,2853.843994140625,2853.843994140625,2853.843994140625,2853.843994140625,0,0.0,0.0
2005-12-26 00:00:00+09:00,2921.0804997641894,2936.0220879982776,2823.9601762426178,2846.37255859375,25800,0.0,0.0
2005-12-27 00:00:00+09:00,2853.8432957848836,2928.5512354651164,2838.9017078488373,2891.197265625,26000,0.0,0.0
2005-12-28 00:00:00+09:00,2853.843117368252,2906.138671875,2838.901530366324,2906.138671875,18100,0.0,0.0
2005-12-29 00:00:00+09:00,2868.7848214285714,2906.1387904575895,2838.9016462053573,2876.255615234375,25100,0.0,0.0
2005-12-30 00:00:00+09:00,2838.9020703125,2838.9020703125,2779.1357109375,2801.548095703125,31100,0.0,0.0
2006-01-02 00:00:00+09:00,2801.548095703125,2801.548095703125,2801.548095703125,2801.548095703125,0,0.0,0.0
2006-01-03 00:00:00+09:00,2801.548095703125,2801.548095703125,2801.548095703125,2801.548095703125,0,0.0,0.0
2006-01-04 00:00:00+09:00,2838.9019775390625,2838.9019775390625,2779.1356201171875,2809.018798828125,13600,0.0,0.0
2006-01-05 00:00:00+09:00,2846.37255859375,2906.1389115301017,2831.430970359662,2846.37255859375,50400,0.0,0.0
2006-01-06 00:00:00+09:00,2913.609804095644,3010.730130898832,2883.72662661774,2958.4345703125,63800,0.0,0.0
2006-01-09 00:00:00+09:00,2958.4345703125,2958.4345703125,2958.4345703125,2958.4345703125,0,0.0,0.0
2006-01-10 00:00:00+09:00,3145.2057618390163,3145.2057618390163,3003.2606086918872,3033.143798828125,69200,0.0,0.0
2006-01-11 00:00:00+09:00,2988.318581882911,2995.7893783376185,2913.6106173358385,2950.964599609375,51300,0.0,0.0
2006-01-12 00:00:00+09:00,2988.3190136237686,3048.0853938962437,2965.90662102159,3033.143798828125,34700,0.0,0.0
2006-01-13 00:00:00+09:00,3033.143798828125,3063.0269889643628,2995.789811157828,3033.143798828125,67000,0.0,0.0
2006-01-16 00:00:00+09:00,2995.788449996064,3010.7300382753465,2936.022096878936,2965.9052734375,63700,0.0,0.0
2006-01-17 00:00:00+09:00,2965.9052734375,3003.2592441357056,2965.9052734375,2965.9052734375,71100,0.0,0.0
2006-01-18 00:00:00+09:00,2950.9636762323653,2950.9636762323653,2689.4858821358266,2846.37255859375,86400,0.0,0.0
2006-01-19 00:00:00+09:00,2913.6097144600126,2980.8468617167823,2838.901773063602,2965.9052734375,80000,0.0,0.0
2006-01-20 00:00:00+09:00,2988.317473370927,3025.671441788064,2965.9050923206455,2980.8466796875,55200,0.0,0.0
2006-01-23 00:00:00+09:00,2950.963685158218,3003.2592441357056,2950.963685158218,2965.9052734375,51200,0.0,0.0
2006-01-24 00:00:00+09:00,2973.3774185556495,3063.0269889643628,2973.3774185556495,3033.143798828125,37500,0.0,0.0
2006-01-25 00:00:00+09:00,3033.1433192869927,3212.4424317571597,3033.1433192869927,3130.263671875,45300,0.0,0.0
2006-01-26 00:00:00+09:00,3137.7329261280665,3197.499267578125,3122.791340765552,3197.499267578125,36100,0.0,0.0
2006-01-27 00:00:00+09:00,3264.737548828125,3331.9747065843108,3219.9127769906677,3264.737548828125,27200,0.0,0.0
2006-01-30 00:00:00+09:00,3287.149418422154,3399.2113304138184,3264.737036023821,3346.915771484375,29600,0.0,0.0
2006-01-31 00:00:00+09:00,3324.503509246551,3324.503509246551,3257.26635962134,3317.03271484375,28300,0.0,0.0
2006-02-01 00:00:00+09:00,3257.26712480153,3302.09190174834,3204.9715516969186,3234.854736328125,30100,0.0,0.0
2006-02-02 00:00:00+09:00,3219.912156906803,3399.2112097275995,3219.912156906803,3376.798828125,65900,0.0,0.0
2006-02-03 00:00:00+09:00,3361.85773097047,3399.211705759031,3242.3250116470754,3257.2666015625,55500,0.0,0.0
2006-02-06 00:00:00+09:00,3444.0371812757558,3444.0371812757558,3361.858419900412,3399.21240234375,72200,0.0,0.0
2006-02-07 00:00:00+09:00,3324.5043137084403,3324.5043137084403,3227.3839629708905,3272.208740234375,65500,0.0,0.0
2006-02-08 00:00:00+09:00,3257.266665152616,3324.5038210846656,3212.44189453125,3212.44189453125,56100,0.0,0.0
2006-02-09 00:00:00+09:00,3197.500241900803,3257.2666015625,3100.3799074505446,3257.2666015625,68500,0.0,0.0
2006-02-10 00:00:00+09:00,3219.9134208258392,3234.8550144259593,3070.49748482464,3115.322265625,33300,0.0,0.0
2006-02-13 00:00:00+09:00,3190.030042698389,3190.030042698389,3122.7928755220764,3130.263671875,61400,0.0,0.0
2006-02-14 00:00:00+09:00,3092.9095750188253,3130.263555393449,2988.3184299698796,3100.38037109375,61200,0.0,0.0
2006-02-15 00:00:00+09:00,3137.7337646484375,3175.0877380371094,3100.3797912597656,3107.8505859375,47100,0.0,0.0
2006-02-16 00:00:00+09:00,3092.9092773437496,3100.3800726996524,3010.730528428819,3025.672119140625,30900,0.0,0.0
2006-02-17 00:00:00+09:00,3025.6730012940657,3100.38097663466,3025.6730012940657,3033.143798828125,34100,0.0,0.0
2006-02-20 00:00:00+09:00,3025.671597290039,3048.083979492187,2913.609686279297,2988.317626953125,66000,0.0,0.0
2006-02-21 00:00:00+09:00,2913.6097144600126,2988.3176558564232,2876.2557437618075,2965.9052734375,29600,0.0,0.0
2006-02-22 00:00:00+09:00,2936.021728515625,2980.846487729604,2861.3137964923267,2936.021728515625,31500,0.0,0.0
2006-02-23 00:00:00+09:00,2906.139009726168,3033.14251400726,2906.139009726168,2958.4345703125,31000,0.0,0.0
2006-02-24 00:00:00+09:00,2965.9049013249446,2988.317280931934,2898.667762503976,2936.021728515625,41100,0.0,0.0
2006-02-27 00:00:00+09:00,2958.435396064082,3063.026546429984,2943.4938031546676,2950.964599609375,95400,0.0,0.0
2006-02-28 00:00:00+09:00,2958.4349930037315,3040.6137428093907,2950.9641975668533,3003.259765625,54300,0.0,0.0
2006-03-01 00:00:00+09:00,2965.90593108332,2965.90593108332,2794.077627771188,2853.843994140625,117700,0.0,0.0
2006-03-02 00:00:00+09:00,2853.8440282816623,2891.1980077094327,2831.431640625,2831.431640625,25600,0.0,0.0
2006-03-03 00:00:00+09:00,2801.548457082784,2891.1980077094327,2786.6068653116754,2831.431640625,79700,0.0,0.0
2006-03-06 00:00:00+09:00,2809.0196814903843,2853.8444636418267,2779.136493389423,2816.490478515625,37300,0.0,0.0
2006-03-07 00:00:00+09:00,2838.902869591346,2838.902869591346,2816.490478515625,2816.490478515625,19700,0.0,0.0
2006-03-08 00:00:00+09:00,2816.490478515625,2868.7860576923076,2786.6072904146636,2816.490478515625,47700,0.0,0.0
2006-03-09 00:00:00+09:00,2764.1944534383356,2801.5484325388534,2741.7820659780245,2794.07763671875,122700,0.0,0.0
2006-03-10 00:00:00+09:00,2756.7241023137017,2816.490478515625,2749.2533052884614,2816.490478515625,85900,0.0,0.0
2006-03-13 00:00:00+09:00,2891.1973892563137,2943.492949268702,2861.314212106378,2921.08056640625,74200,0.0,0.0
2006-03-14 00:00:00+09:00,2950.963897705078,2965.905487060547,2891.197540283203,2928.551513671875,57400,0.0,0.0
2006-03-15 00:00:00+09:00,2950.964577699319,2958.4353740985575,2898.669002904647,2913.610595703125,53600,0.0,0.0
2006-03-16 00:00:00+09:00,2913.6104793252107,2950.96445982938,2883.727294921875,2883.727294921875,30700,0.0,0.0
2006-03-17 00:00:00+09:00,2921.081413790546,2958.435396064082,2906.139820881131,2950.964599609375,68900,0.0,0.0
2006-03-20 00:00:00+09:00,3018.2015332988663,3085.4386961693854,3003.259941549862,3048.084716796875,57600,0.0,0.0
2006-03-21 00:00:00+09:00,3048.084716796875,3048.084716796875,3048.084716796875,3048.084716796875,0,0.0,0.0
2006-03-22 00:00:00+09:00,3025.672237330952,3077.9678068650674,3010.7306460354907,3055.555419921875,31300,0.0,0.0
2006-03-23 00:00:00+09:00,3033.1432975732187,3160.146834663723,3033.1432975732187,3092.90966796875,64800,0.0,0.0
2006-03-24 00:00:00+09:00,3070.497233475789,3092.9096220413057,3010.7308639677444,3018.20166015625,38800,0.0,0.0
2006-03-27 00:00:00+09:00,2980.846770473461,3018.2007400282664,2958.434388740578,2973.3759765625,89500,0.0,0.0
2006-03-28 00:00:00+09:00,2954.5815815172696,3014.72573584841,2894.4374271861293,2999.689697265625,42400,25.0,0.0
2006-03-29 00:00:00+09:00,3007.2082820197043,3089.9065097752464,2954.5821370843596,3052.31640625,66500,0.0,0.0
2006-03-30 00:00:00+09:00,3052.315535195509,3059.8335537551034,2969.6173310399654,2992.17138671875,52700,0.0,0.0
2006-03-31 00:00:00+09:00,3067.3524476600983,3119.9785925954434,3037.2803648399013,3052.31640625,60100,0.0,0.0
2006-04-03 00:00:00+09:00,3127.4961405875297,3150.0501992936897,3082.3880231752096,3135.01416015625,36400,0.0,0.0
2006-04-04 00:00:00+09:00,3127.4961405875297,3135.01416015625,3074.8700036064897,3135.01416015625,71100,0.0,0.0
2006-04-05 00:00:00+09:00,3127.49560546875,3195.157770010141,3097.4235323392427,3127.49560546875,74800,0.0,0.0
2006-04-06 00:00:00+09:00,3135.0135783870046,3135.0135783870046,3044.797360303925,3082.387451171875,143500,0.0,0.0
2006-04-07 00:00:00+09:00,3089.9055140568657,3127.49560546875,3052.315422644982,3127.49560546875,79000,0.0,0.0
2006-04-10 00:00:00+09:00,3082.3879863803986,3150.050161691188,3074.8699669014222,3089.906005859375,85200,0.0,0.0
2006-04-11 00:00:00+09:00,3119.977925131766,3142.531982421875,3082.3878296482508,3142.531982421875,68500,0.0,0.0
2006-04-12 00:00:00+09:00,3150.0498997921613,3195.158012915677,3142.531880938242,3165.0859375,85500,0.0,0.0
2006-04-13 00:00:00+09:00,3195.157770010141,3195.157770010141,3119.977587186373,3127.49560546875,32700,0.0,0.0
2006-04-14 00:00:00+09:00,3157.568020615281,3157.568020615281,3135.013963325172,3142.531982421875,20200,0.0,0.0
2006-04-17 00:00:00+09:00,3127.4955602134146,3142.5315965605946,3074.869432998285,3082.387451171875,30800,0.0,0.0
2006-04-18 00:00:00+09:00,3104.942185259096,3119.9782248971546,3082.388125802008,3112.460205078125,28000,0.0,0.0
2006-04-19 00:00:00+09:00,3119.97812101881,3165.08623843113,3112.46010145009,3135.01416015625,34500,0.0,0.0
2006-04-20 00:00:00+09:00,3097.4243625151335,3135.0144640019676,3089.9063422177665,3104.9423828125,15400,0.0,0.0
2006-04-21 00:00:00+09:00,3067.3523719879518,3127.4965361445784,3067.3523719879518,3119.978515625,35100,0.0,0.0
2006-04-24 00:00:00+09:00,3157.5677950298364,3157.5677950298364,2954.581293920776,2992.17138671875,129700,0.0,0.0
2006-04-25 00:00:00+09:00,2962.0993124803704,3014.7254423975346,2939.5452568015858,2992.17138671875,73000,0.0,0.0
2006-04-26 00:00:00+09:00,2969.6170905892177,2984.653126490935,2879.400875178912,2954.5810546875,53700,0.0,0.0
2006-04-27 00:00:00+09:00,2916.9915955682545,2939.545654296875,2894.437536839634,2939.545654296875,56600,0.0,0.0
2006-04-28 00:00:00+09:00,2924.5096616161113,2962.0997600944675,2886.919563137755,2947.063720703125,33500,0.0,0.0
2006-05-01 00:00:00+09:00,2984.653230265828,2984.653230265828,2871.8829570819803,2894.43701171875,39200,0.0,0.0
2006-05-02 00:00:00+09:00,2879.4014976872204,2947.063673873082,2871.8834781110136,2939.545654296875,20700,0.0,0.0
2006-05-03 00:00:00+09:00,2939.545654296875,2939.545654296875,2939.545654296875,2939.545654296875,0,0.0,0.0
2006-05-04 00:00:00+09:00,2939.545654296875,2939.545654296875,2939.545654296875,2939.545654296875,0,0.0,0.0
2006-05-05 00:00:00+09:00,2939.545654296875,2939.545654296875,2939.545654296875,2939.545654296875,0,0.0,0.0
2006-05-08 00:00:00+09:00,2969.617801686232,2969.617801686232,2826.7754264152486,2871.883544921875,70900,0.0,0.0
2006-05-09 00:00:00+09:00,2849.3297734273006,2947.0640400620105,2841.8117529169385,2879.40185546875,96200,0.0,0.0
2006-05-10 00:00:00+09:00,2901.955354858706,3029.7616787773536,2894.437335804668,2984.653564453125,134500,0.0,0.0
2006-05-11 00:00:00+09:00,2984.6537617384784,3022.243859493371,2969.6177226365216,2977.1357421875,81400,0.0,0.0
2006-05-12 00:00:00+09:00,2962.0997600944675,2977.13579948581,2894.4375828334264,2947.063720703125,42600,0.0,0.0
2006-05-15 00:00:00+09:00,2916.9913929667823,3007.2076216152395,2916.9913929667823,2984.653564453125,46400,0.0,0.0
2006-05-16 00:00:00+09:00,2999.689170366957,3022.2432242794907,2774.148631241622,2804.220703125,60500,0.0,0.0
2006-05-17 00:00:00+09:00,2826.7748478084413,2916.9910663555193,2826.7748478084413,2894.43701171875,34500,0.0,0.0
2006-05-18 00:00:00+09:00,2781.667012819102,2819.2571075869278,2563.644463165713,2668.896728515625,191000,0.0,0.0
2006-05-19 00:00:00+09:00,2631.307294840268,2744.0776074762794,2608.753232313066,2698.969482421875,127900,0.0,0.0
2006-05-22 00:00:00+09:00,2856.84765625,2856.84765625,2856.84765625,2856.84765625,34500,0.0,0.0
2006-05-23 00:00:00+09:00,2541.0912576687115,2623.7894938650306,2420.8029141104294,2450.875,72700,0.0,0.0
2006-05-24 00:00:00+09:00,2428.320068359375,2480.946199871807,2398.247993209414,2428.320068359375,52100,0.0,0.0
2006-05-25 00:00:00+09:00,2428.319535220962,2518.535740863846,2428.319535220962,2495.981689453125,33100,0.0,0.0
2006-05-26 00:00:00+09:00,2503.500639486169,2556.1267790549473,2458.3925198557877,2488.464599609375,50800,0.0,0.0
2006-05-29 00:00:00+09:00,2488.4640670072117,2511.0181219951924,2428.3199203725962,2443.35595703125,48100,0.0,0.0
2006-05-30 00:00:00+09:00,2420.8026428222656,2443.356704711914,2345.6224365234375,2405.7666015625,78400,0.0,0.0
2006-05-31 00:00:00+09:00,2368.176498413086,2428.3206634521484,2360.658477783203,2405.7666015625,40400,0.0,0.0
2006-06-01 00:00:00+09:00,2480.94708588957,2533.5732361963187,2420.8029141104294,2450.875,37200,0.0,0.0
2006-06-02 00:00:00+09:00,2480.9466384747707,2480.9466384747707,2330.5862361429663,2458.392578125,78300,0.0,0.0
2006-06-05 00:00:00+09:00,2405.7658730158732,2428.319928075397,2345.6217261904762,2368.17578125,43000,0.0,0.0
2006-06-06 00:00:00+09:00,2360.6581188288883,2360.6581188288883,2292.9959434484426,2308.031982421875,24100,0.0,0.0
2006-06-07 00:00:00+09:00,2255.406227175501,2292.996330961759,2232.852164903746,2251.647216796875,28900,0.0,0.0
2006-06-08 00:00:00+09:00,2214.0570049186026,2214.0570049186026,2108.804719455579,2153.912841796875,48200,0.0,0.0
2006-06-09 00:00:00+09:00,2153.9125506239056,2199.020666867338,2003.5521631457968,2146.39453125,66900,0.0,0.0
2006-06-12 00:00:00+09:00,2308.031544902537,2330.5855990872524,2255.4054184715346,2277.95947265625,54100,0.0,0.0
2006-06-13 00:00:00+09:00,2255.4052734375,2375.6935546875,2251.6462646484374,2255.4052734375,55700,0.0,0.0
2006-06-14 00:00:00+09:00,2255.4052734375,2255.4052734375,2255.4052734375,2255.4052734375,55700,0.0,0.0
2006-06-15 00:00:00+09:00,2398.2486884180303,2435.8387932521687,2360.658583583892,2383.212646484375,60300,0.0,0.0
2006-06-16 00:00:00+09:00,2503.5009644312886,2503.5009644312886,2413.284713460792,2420.802734375,53700,0.0,0.0
2006-06-19 00:00:00+09:00,2405.7666471962616,2450.8747718311915,2405.7666471962616,2413.28466796875,24000,0.0,0.0
2006-06-20 00:00:00+09:00,2450.873975360577,2548.6082136418268,2428.3199203725962,2443.35595703125,58200,0.0,0.0
2006-06-21 00:00:00+09:00,2450.873968050373,2518.5361328125,2443.35594974347,2518.5361328125,40300,0.0,0.0
2006-06-22 00:00:00+09:00,2556.1271348110463,2586.19921875,2526.055050872093,2586.19921875,25600,0.0,0.0
2006-06-23 00:00:00+09:00,2556.127641615966,2586.1997315173303,2503.5014842885785,2548.609619140625,30900,0.0,0.0
2006-06-26 00:00:00+09:00,2586.1993729440787,2631.307501541941,2541.091244346217,2571.163330078125,28200,0.0,0.0
2006-06-27 00:00:00+09:00,2578.681709041989,2578.681709041989,2533.5735741899425,2548.609619140625,19700,0.0,0.0
2006-06-28 00:00:00+09:00,2511.019158614309,2578.681351511102,2503.501137181332,2571.163330078125,22900,0.0,0.0
2006-06-29 00:00:00+09:00,2578.6796824438334,2586.197699010725,2541.089599609375,2541.089599609375,20200,0.0,0.0
2006-06-30 00:00:00+09:00,2578.680171631551,2653.8603515625,2578.680171631551,2653.8603515625,36800,0.0,0.0
2006-07-03 00:00:00+09:00,2631.3070363011852,2631.3070363011852,2593.716935782597,2616.27099609375,19800,0.0,0.0
2006-07-04 00:00:00+09:00,2616.2711167279413,2616.2711167279413,2511.018830422794,2556.126953125,30700,0.0,0.0
2006-07-05 00:00:00+09:00,2548.6076161762667,2563.64364931005,2518.5355499087,2541.089599609375,23800,0.0,0.0
2006-07-06 00:00:00+09:00,2503.500051202745,2503.500051202745,2458.3919421720652,2473.427978515625,35000,0.0,0.0
2006-07-07 00:00:00+09:00,2511.018020257717,2526.0540563071645,2465.909912109375,2465.909912109375,18800,0.0,0.0
2006-07-10 00:00:00+09:00,2465.909912109375,2465.909912109375,2465.909912109375,2465.909912109375,18800,0.0,0.0
2006-07-11 00:00:00+09:00,2465.909912109375,2511.018020257717,2450.8738760599276,2465.909912109375,31600,0.0,0.0
2006-07-12 00:00:00+09:00,2511.0185546875,2593.7167705604415,2503.500535062687,2511.0185546875,42800,0.0,0.0
2006-07-13 00:00:00+09:00,2473.429064417178,2518.5371932515336,2443.356978527607,2450.875,14400,0.0,0.0
2006-07-14 00:00:00+09:00,2420.8027513185134,2450.874835185824,2368.1766045507193,2383.212646484375,28600,0.0,0.0
2006-07-17 00:00:00+09:00,2856.84765625,2856.84765625,2856.84765625,2856.84765625,28600,0.0,0.0
2006-07-18 00:00:00+09:00,2390.7295395934466,2435.8376441140776,2323.0673828125,2323.0673828125,31200,0.0,0.0
2006-07-19 00:00:00+09:00,2300.5143127441406,2345.6224365234375,2240.370147705078,2285.478271484375,28900,0.0,0.0
2006-07-20 00:00:00+09:00,2308.032498003195,2375.6946884984027,2285.4784345047924,2353.140625,58600,0.0,0.0
2006-07-21 00:00:00+09:00,2330.5860408820236,2360.6581188288883,2292.9959434484426,2308.031982421875,29300,0.0,0.0
2006-07-24 00:00:00+09:00,2300.5143127441406,2323.068374633789,2255.4061889648438,2285.478271484375,18600,0.0,0.0
2006-07-25 00:00:00+09:00,2398.2477616413985,2405.76577970297,2270.441454594678,2277.95947265625,43300,0.0,0.0
2006-07-26 00:00:00+09:00,2330.5863012856994,2338.1043216124276,2270.442138671875,2270.442138671875,27900,0.0,0.0
2006-07-27 00:00:00+09:00,2277.960250854492,2300.5143127441406,2236.6111373901367,2285.478271484375,23400,0.0,0.0
2006-07-28 00:00:00+09:00,2308.0316904105393,2345.6217830882356,2285.477634803922,2300.513671875,31700,0.0,0.0
2006-07-31 00:00:00+09:00,2383.2118179563495,2390.7298363095238,2353.139744543651,2368.17578125,29800,0.0,0.0
2006-08-01 00:00:00+09:00,2375.6945190429688,2435.8386840820312,2375.6945190429688,2405.7666015625,13700,0.0,0.0
2006-08-02 00:00:00+09:00,2413.283642578125,2511.0178710937503,2413.283642578125,2480.94580078125,37200,0.0,0.0
2006-08-03 00:00:00+09:00,2511.0188903808594,2548.6089935302734,2503.5008697509766,2526.054931640625,31400,0.0,0.0
2006-08-04 00:00:00+09:00,2556.1267555214445,2608.7528946057096,2533.5726959139024,2563.644775390625,36400,0.0,0.0
2006-08-07 00:00:00+09:00,2563.64469206119,2593.7167705604415,2428.3203388145585,2511.0185546875,106500,0.0,0.0
2006-08-08 00:00:00+09:00,2480.946919053135,2511.0190029204455,2383.212646484375,2383.212646484375,70300,0.0,0.0
2006-08-09 00:00:00+09:00,2368.1757737379808,2450.873975360577,2353.139737079327,2443.35595703125,53600,0.0,0.0
2006-08-10 00:00:00+09:00,2450.874124721846,2465.9101622968265,2413.2840307843944,2428.320068359375,14000,0.0,0.0
2006-08-11 00:00:00+09:00,2405.766011996904,2450.874124721846,2398.247993209414,2428.320068359375,14200,0.0,0.0
2006-08-14 00:00:00+09:00,2428.320497658639,2473.4286183581803,2360.6583166093274,2458.392578125,33600,0.0,0.0
2006-08-15 00:00:00+09:00,2465.909960343845,2488.464014859185,2458.3919421720652,2473.427978515625,10100,0.0,0.0
2006-08-16 00:00:00+09:00,2503.500639486169,2511.018659424566,2450.8744999173905,2488.464599609375,20300,0.0,0.0
2006-08-17 00:00:00+09:00,2375.693742282485,2480.945996687405,2368.175724110705,2473.427978515625,79300,0.0,0.0
2006-08-18 00:00:00+09:00,2458.3919421720652,2488.464014859185,2450.873924000285,2473.427978515625,37000,0.0,0.0
2006-08-21 00:00:00+09:00,2458.3919936899038,2488.4640670072117,2443.35595703125,2443.35595703125,9300,0.0,0.0
2006-08-22 00:00:00+09:00,2465.9100120192306,2488.4640670072117,2435.837938701923,2443.35595703125,32800,0.0,0.0
2006-08-23 00:00:00+09:00,2443.3567971176244,2458.3928389460402,2413.284713460792,2420.802734375,15400,0.0,0.0
2006-08-24 00:00:00+09:00,2435.8387762034163,2435.8387762034163,2413.284713460792,2420.802734375,8800,0.0,0.0
2006-08-25 00:00:00+09:00,2420.802734375,2458.3928389460402,2413.284713460792,2420.802734375,14100,0.0,0.0
2006-08-28 00:00:00+09:00,2405.7655744336566,2413.283591853762,2315.5493653923945,2323.0673828125,24000,0.0,0.0
2006-08-29 00:00:00+09:00,2375.6947852760736,2473.429064417178,2375.6947852760736,2450.875,32800,0.0,0.0
2006-08-30 00:00:00+09:00,2443.3563985942324,2443.3563985942324,2413.2843198423034,2435.83837890625,21000,0.0,0.0
2006-08-31 00:00:00+09:00,2465.909765625,2503.499853515625,2435.8376953125003,2480.94580078125,35700,0.0,0.0
2006-09-01 00:00:00+09:00,2443.356479978994,2503.500639486169,2443.356479978994,2488.464599609375,18900,0.0,0.0
2006-09-04 00:00:00+09:00,2480.9465796709783,2495.982619547772,2473.428559732581,2488.464599609375,11300,0.0,0.0
2006-09-05 00:00:00+09:00,2495.982515437874,2511.0185546875,2458.39241731381,2511.0185546875,10800,0.0,0.0
2006-09-06 00:00:00+09:00,2518.536911010742,2526.054931640625,2480.946807861328,2526.054931640625,22100,0.0,0.0
2006-09-07 00:00:00+09:00,2526.0549795560746,2526.0549795560746,2413.28466796875,2413.28466796875,29200,0.0,0.0
2006-09-08 00:00:00+09:00,2420.8018039610324,2465.909912109375,2413.283785936309,2465.909912109375,26200,0.0,0.0
2006-09-11 00:00:00+09:00,2428.3206634521484,2443.356704711914,2383.2125396728516,2405.7666015625,38700,0.0,0.0
2006-09-12 00:00:00+09:00,2405.7667731629394,2428.320836661342,2353.140625,2353.140625,23000,0.0,0.0
2006-09-13 00:00:00+09:00,2465.9101622968265,2480.946199871807,2420.8020495718847,2428.320068359375,25900,0.0,0.0
2006-09-14 00:00:00+09:00,2405.766555642633,2443.3566580745496,2398.24853515625,2398.24853515625,18100,0.0,0.0
2006-09-15 00:00:00+09:00,2405.7666015625,2420.8026428222656,2405.7666015625,2405.7666015625,12300,0.0,0.0
2006-09-18 00:00:00+09:00,2405.7666015625,2405.7666015625,2405.7666015625,2405.7666015625,0,0.0,0.0
2006-09-19 00:00:00+09:00,2443.356704711914,2443.356704711914,2368.176498413086,2405.7666015625,23900,0.0,0.0
2006-09-20 00:00:00+09:00,2413.283891369048,2413.283891369048,2360.6577628968257,2368.17578125,22900,0.0,0.0
2006-09-21 00:00:00+09:00,2368.1757330438895,2383.211769444168,2353.139696643611,2360.65771484375,13400,0.0,0.0
2006-09-22 00:00:00+09:00,2338.10341765271,2353.1394524929206,2292.995313132079,2323.0673828125,16600,0.0,0.0
2006-09-25 00:00:00+09:00,2330.586544012873,2390.730712890625,2270.442375135122,2390.730712890625,46700,0.0,0.0
2006-09-26 00:00:00+09:00,2398.295266676683,2481.5168689903844,2368.0328658353365,2458.820068359375,32200,20.0,0.0
2006-09-27 00:00:00+09:00,2496.648708609647,2602.567138671875,2481.5175043150434,2602.567138671875,51700,0.0,0.0
2006-09-28 00:00:00+09:00,2587.4361063342744,2595.001708984375,2542.0424904336733,2595.001708984375,17700,0.0,0.0
2006-09-29 00:00:00+09:00,2602.566867795389,2700.919685473703,2602.566867795389,2625.263671875,54400,0.0,0.0
2006-10-02 00:00:00+09:00,2632.8294458995665,2655.526251467666,2610.132640331467,2617.6982421875,25200,0.0,0.0
2006-10-03 00:00:00+09:00,2625.2639451137807,2632.8295472610826,2595.001536524573,2602.567138671875,8300,0.0,0.0
2006-10-04 00:00:00+09:00,2610.1324498793656,2625.263652487362,2481.517227711397,2572.304443359375,20100,0.0,0.0
2006-10-05 00:00:00+09:00,2579.870232907334,2647.960649611633,2579.870232907334,2617.6982421875,34700,0.0,0.0
2006-10-06 00:00:00+09:00,2640.394727977808,2640.394727977808,2579.869920459692,2610.13232421875,20300,0.0,0.0
2006-10-09 00:00:00+09:00,2610.13232421875,2610.13232421875,2610.13232421875,2610.13232421875,0,0.0,0.0
2006-10-10 00:00:00+09:00,2595.001708984375,2640.395324884976,2572.304901034074,2595.001708984375,25600,0.0,0.0
2006-10-11 00:00:00+09:00,2557.173498165246,2587.435906427557,2458.8206713127365,2496.648681640625,67300,0.0,0.0
2006-10-12 00:00:00+09:00,2511.779541015625,2534.4763440970914,2443.6891317712257,2511.779541015625,33800,0.0,0.0
2006-10-13 00:00:00+09:00,2549.6079393946484,2549.6079393946484,2489.083121842253,2526.9111328125,45700,0.0,0.0
2006-10-16 00:00:00+09:00,2564.738718580163,2632.8291270380437,2564.738718580163,2610.13232421875,34100,0.0,0.0
2006-10-17 00:00:00+09:00,2625.264119584776,2625.264119584776,2587.4361063342744,2595.001708984375,6200,0.0,0.0
2006-10-18 00:00:00+09:00,2595.0011523143357,2595.0011523143357,2511.779541015625,2511.779541015625,33700,0.0,0.0
2006-10-19 00:00:00+09:00,2587.4359932622965,2587.4359932622965,2526.911174706453,2557.173583984375,17600,0.0,0.0
2006-10-20 00:00:00+09:00,2557.1735415886974,2572.3047459767963,2511.779928424401,2526.9111328125,12700,0.0,0.0
2006-10-23 00:00:00+09:00,2526.910835535386,2595.0012472713693,2504.2140316233917,2572.304443359375,20100,0.0,0.0
2006-10-24 00:00:00+09:00,2572.304443359375,2595.0012472713693,2564.738842055377,2572.304443359375,10900,0.0,0.0
2006-10-25 00:00:00+09:00,2610.132740819177,2625.2639451137807,2595.001536524573,2602.567138671875,18700,0.0,0.0
2006-10-26 00:00:00+09:00,2602.567311634475,2610.1329142845752,2579.8705036841743,2595.001708984375,12800,0.0,0.0
2006-10-27 00:00:00+09:00,2557.173583984375,2587.4359932622965,2557.173583984375,2557.173583984375,31200,0.0,0.0
2006-10-30 00:00:00+09:00,2542.042236328125,2572.3046439034597,2526.9110325404577,2542.042236328125,17500,0.0,0.0
2006-10-31 00:00:00+09:00,2549.6075202600277,2572.3043231110073,2534.476318359375,2534.476318359375,17000,0.0,0.0
2006-11-01 00:00:00+09:00,2496.648338961314,2542.041945124247,2496.648338961314,2511.779541015625,11200,0.0,0.0
2006-11-02 00:00:00+09:00,2511.7796671922783,2519.345268599484,2458.820457341839,2473.95166015625,18000,0.0,0.0
2006-11-03 00:00:00+09:00,2473.95166015625,2473.95166015625,2473.95166015625,2473.95166015625,0,0.0,0.0
2006-11-06 00:00:00+09:00,2458.820441957853,2738.747692273055,2458.820441957853,2625.263671875,100800,0.0,0.0
2006-11-07 00:00:00+09:00,2625.2638440435335,2708.485464459899,2549.607825483201,2617.6982421875,63200,0.0,0.0
2006-11-08 00:00:00+09:00,2602.567154752994,2610.1327569470436,2526.9111328125,2526.9111328125,36800,0.0,0.0
2006-11-09 00:00:00+09:00,2496.6480932768827,2504.21369355954,2360.467288189053,2436.123291015625,59300,0.0,0.0
2006-11-10 00:00:00+09:00,2420.9928487460816,2451.2552593554074,2398.296040789087,2413.42724609375,33100,0.0,0.0
2006-11-13 00:00:00+09:00,2405.8615302796575,2436.1239394655654,2352.9023142043193,2375.59912109375,50000,0.0,0.0
2006-11-14 00:00:00+09:00,2360.4679576945755,2428.5583795511498,2352.9023552660674,2405.861572265625,38100,0.0,0.0
2006-11-15 00:00:00+09:00,2466.3860587490444,2511.7796671922783,2428.558051713016,2473.95166015625,88100,0.0,0.0
2006-11-16 00:00:00+09:00,2511.779780505952,2511.779780505952,2383.16455078125,2383.16455078125,37600,0.0,0.0
2006-11-17 00:00:00+09:00,2360.467745535714,2420.992559523809,2360.467745535714,2383.16455078125,26900,0.0,0.0
2006-11-20 00:00:00+09:00,2398.2963468264907,2420.9931576797385,2307.5091034135007,2315.07470703125,28600,0.0,0.0
2006-11-21 00:00:00+09:00,2315.0743697648195,2315.0743697648195,2201.59033203125,2201.59033203125,51100,0.0,0.0
2006-11-22 00:00:00+09:00,2231.852978434109,2284.8122016511893,2212.9389701422942,2265.898193359375,46000,0.0,0.0
2006-11-23 00:00:00+09:00,2265.898193359375,2265.898193359375,2265.898193359375,2265.898193359375,0,0.0,0.0
2006-11-24 00:00:00+09:00,2201.5902846486947,2315.0743199398644,2194.02468229595,2299.943115234375,44400,0.0,0.0
2006-11-27 00:00:00+09:00,2265.8982835158804,2322.640310648999,2265.8982835158804,2315.07470703125,44400,0.0,0.0
2006-11-28 00:00:00+09:00,2277.246688942504,2322.640310648999,2277.246688942504,2315.07470703125,13600,0.0,0.0
2006-11-29 00:00:00+09:00,2299.9431564529223,2330.20556640625,2284.811951476258,2330.20556640625,30700,0.0,0.0
2006-11-30 00:00:00+09:00,2345.3355245804864,2383.1635169124297,2345.3355245804864,2352.901123046875,12700,0.0,0.0
2006-12-01 00:00:00+09:00,2345.3360846103765,2368.0328854291865,2345.3360846103765,2360.46728515625,21300,0.0,0.0
2006-12-04 00:00:00+09:00,2360.467745535714,2390.7301525297617,2337.7709402901783,2383.16455078125,42100,0.0,0.0
2006-12-05 00:00:00+09:00,2383.1647411145664,2383.1647411145664,2299.943115234375,2299.943115234375,59900,0.0,0.0
2006-12-06 00:00:00+09:00,2277.246688942504,2330.205914266748,2262.1154817070055,2315.07470703125,45400,0.0,0.0
2006-12-07 00:00:00+09:00,2337.7699261140974,2360.4667215132636,2330.204327647709,2352.901123046875,37600,0.0,0.0
2006-12-08 00:00:00+09:00,2383.1648354844237,2428.558451398413,2383.1648354844237,2413.42724609375,48100,0.0,0.0
2006-12-11 00:00:00+09:00,2458.820841595032,2504.2144571321714,2443.6896364159857,2489.083251953125,45600,0.0,0.0
2006-12-12 00:00:00+09:00,2489.083251953125,2489.083251953125,2489.083251953125,2489.083251953125,45600,0.0,0.0
2006-12-13 00:00:00+09:00,2489.083251953125,2489.083251953125,2489.083251953125,2489.083251953125,45600,0.0,0.0
2006-12-14 00:00:00+09:00,2504.2143262303516,2542.042337200599,2504.2143262303516,2526.9111328125,24700,0.0,0.0
2006-12-15 00:00:00+09:00,2534.4766629422393,2557.173468879035,2519.345458984375,2519.345458984375,29900,0.0,0.0
2006-12-18 00:00:00+09:00,2496.648681640625,2534.476691968513,2481.5174775094697,2496.648681640625,24900,0.0,0.0
2006-12-19 00:00:00+09:00,2496.648854542648,2504.2144571321714,2466.3864441845553,2489.083251953125,37200,0.0,0.0
2006-12-20 00:00:00+09:00,2519.345234231388,2572.304443359375,2519.345234231388,2572.304443359375,39500,0.0,0.0
2006-12-21 00:00:00+09:00,2572.304370621313,2587.435572801438,2549.6075673511245,2564.73876953125,17100,0.0,0.0
2006-12-22 00:00:00+09:00,2534.4763440970914,2534.4763440970914,2496.648338961314,2511.779541015625,11700,0.0,0.0
2006-12-25 00:00:00+09:00,2511.7805879745015,2519.346192155148,2466.386962890625,2466.386962890625,16900,0.0,0.0
2006-12-26 00:00:00+09:00,2458.820841595032,2496.648854542648,2458.820841595032,2489.083251953125,18600,0.0,0.0
2006-12-27 00:00:00+09:00,2519.3456623112174,2519.3456623112174,2443.6896364159857,2489.083251953125,17200,0.0,0.0
2006-12-28 00:00:00+09:00,2496.648681640625,2504.2142837062024,2443.689467181581,2496.648681640625,28500,0.0,0.0
2006-12-29 00:00:00+09:00,2504.2142837062024,2504.2142837062024,2489.083079575047,2496.648681640625,4400,0.0,0.0
2007-01-04 00:00:00+09:00,2572.304443359375,2572.304443359375,2572.304443359375,2572.304443359375,35900,0.0,0.0
2007-01-05 00:00:00+09:00,2579.8700446633734,2587.4356459673713,2542.0420381433823,2572.304443359375,37700,0.0,0.0
2007-01-09 00:00:00+09:00,2542.042321493459,2632.8295472610826,2542.042321493459,2602.567138671875,25800,0.0,0.0
2007-01-10 00:00:00+09:00,2602.5671979012573,2610.132800220738,2557.173583984375,2557.173583984375,17100,0.0,0.0
2007-01-11 00:00:00+09:00,2572.304370621313,2625.2635782517514,2557.1731684411875,2564.73876953125,26000,0.0,0.0
2007-01-12 00:00:00+09:00,2549.6079236407613,2610.132740819177,2496.648708609647,2602.567138671875,33000,0.0,0.0
2007-01-15 00:00:00+09:00,2617.6979251585144,2632.8291270380437,2579.869920459692,2610.13232421875,14100,0.0,0.0
2007-01-16 00:00:00+09:00,2610.132514105903,2655.526123046875,2610.132514105903,2655.526123046875,25200,0.0,0.0
2007-01-17 00:00:00+09:00,2625.2635260982793,2625.2635260982793,2572.3043195199275,2610.13232421875,21900,0.0,0.0
2007-01-18 00:00:00+09:00,2610.13232421875,2632.8291270380437,2602.5667232789856,2610.13232421875,11200,0.0,0.0
2007-01-19 00:00:00+09:00,2617.6979251585144,2617.6979251585144,2572.3043195199275,2610.13232421875,16800,0.0,0.0
2007-01-22 00:00:00+09:00,2625.2638159809276,2647.960621306411,2617.6982142057664,2640.39501953125,11100,0.0,0.0
2007-01-23 00:00:00+09:00,2647.96044921875,2663.0916517857145,2640.394847935268,2647.96044921875,21800,0.0,0.0
2007-01-24 00:00:00+09:00,2647.960303295618,2647.960303295618,2625.2635006959413,2632.8291015625,5000,0.0,0.0
2007-01-25 00:00:00+09:00,2640.3945048371256,2640.3945048371256,2579.869702433982,2587.435302734375,19100,0.0,0.0
2007-01-26 00:00:00+09:00,2572.304370621313,2617.697977161689,2549.6075673511245,2564.73876953125,24600,0.0,0.0
2007-01-29 00:00:00+09:00,2519.3454306466238,2564.7390420096262,2519.3454306466238,2542.042236328125,19800,0.0,0.0
2007-01-30 00:00:00+09:00,2549.607838221959,2564.7390420096262,2519.3454306466238,2542.042236328125,14400,0.0,0.0
2007-01-31 00:00:00+09:00,2549.607472030778,2549.607472030778,2504.2138671875,2504.2138671875,16000,0.0,0.0
2007-02-01 00:00:00+09:00,2504.2139399884695,2511.779541015625,2458.8203338255366,2511.779541015625,19200,0.0,0.0
2007-02-02 00:00:00+09:00,2526.911060963307,2549.607866900103,2511.779857005443,2519.345458984375,9200,0.0,0.0
2007-02-05 00:00:00+09:00,2557.173468879035,2610.1326827315597,2496.648653047579,2519.345458984375,44100,0.0,0.0
2007-02-06 00:00:00+09:00,2549.6075673511245,2572.304370621313,2489.082758630623,2564.73876953125,24700,0.0,0.0
2007-02-07 00:00:00+09:00,2557.173121210354,2564.738722160681,2526.910717409048,2534.476318359375,19300,0.0,0.0
2007-02-08 00:00:00+09:00,2557.173583984375,2579.870390942816,2549.6079816648944,2557.173583984375,21500,0.0,0.0
2007-02-09 00:00:00+09:00,2519.3449000308387,2595.000903034768,2519.3449000308387,2587.435302734375,30400,0.0,0.0
2007-02-13 00:00:00+09:00,2572.304730082667,2617.698342966479,2572.304730082667,2602.567138671875,26300,0.0,0.0
2007-02-14 00:00:00+09:00,2610.132740819177,2625.2639451137807,2595.001536524573,2602.567138671875,21200,0.0,0.0
2007-02-15 00:00:00+09:00,2632.829433484024,2700.9198498672313,2625.2638316636676,2693.354248046875,29700,0.0,0.0
2007-02-16 00:00:00+09:00,2708.4853515625,2708.4853515625,2693.3541484811453,2708.4853515625,16200,0.0,0.0
2007-02-19 00:00:00+09:00,2716.051520342384,2769.0107421875,2693.354710980191,2769.0107421875,26900,0.0,0.0
2007-02-20 00:00:00+09:00,2769.0103257514475,2799.272733683157,2746.3135198026653,2776.575927734375,16700,0.0,0.0
2007-02-21 00:00:00+09:00,2791.706787109375,2837.1003934038363,2723.6163776676826,2791.706787109375,35700,0.0,0.0
2007-02-22 00:00:00+09:00,2806.8384212239584,2837.100830078125,2799.2728190104167,2837.100830078125,28600,0.0,0.0
2007-02-23 00:00:00+09:00,2844.6664322916668,2859.79763671875,2829.5352278645832,2837.100830078125,19500,0.0,0.0
2007-02-26 00:00:00+09:00,2837.1001710282994,2874.928173308677,2829.534570572224,2844.665771484375,28200,0.0,0.0
2007-02-27 00:00:00+09:00,2867.363137485494,2867.363137485494,2837.100729702006,2852.23193359375,14300,0.0,0.0
2007-02-28 00:00:00+09:00,2625.263861248944,2837.1007146062075,2625.263861248944,2799.272705078125,30100,0.0,0.0
2007-03-01 00:00:00+09:00,2806.838278762776,2829.535084251424,2769.0102696150298,2821.969482421875,39100,0.0,0.0
2007-03-02 00:00:00+09:00,2806.8383069837414,2821.9695107949747,2769.0102974556585,2799.272705078125,36200,0.0,0.0
2007-03-05 00:00:00+09:00,2776.5756710379464,2784.1412723214285,2632.8292466517855,2647.96044921875,45400,0.0,0.0
2007-03-06 00:00:00+09:00,2647.96025335452,2678.22265625,2640.3946526306495,2678.22265625,12600,0.0,0.0
2007-03-07 00:00:00+09:00,2716.0508607700895,2716.0508607700895,2647.96044921875,2647.96044921875,23900,0.0,0.0
2007-03-08 00:00:00+09:00,2647.96044921875,2647.96044921875,2647.96044921875,2647.96044921875,23900,0.0,0.0
2007-03-09 00:00:00+09:00,2647.96044921875,2655.526050502232,2647.96044921875,2647.96044921875,30800,0.0,0.0
2007-03-12 00:00:00+09:00,2647.9598652232776,2685.787863297896,2640.394265608354,2663.091064453125,19600,0.0,0.0
2007-03-13 00:00:00+09:00,2617.6982421875,2617.6982421875,2617.6982421875,2617.6982421875,19600,0.0,0.0
2007-03-14 00:00:00+09:00,2496.648266380287,2549.607472030778,2489.082665573074,2504.2138671875,32500,0.0,0.0
2007-03-15 00:00:00+09:00,2542.041871223565,2542.041871223565,2489.082665573074,2504.2138671875,31700,0.0,0.0
2007-03-16 00:00:00+09:00,2511.780059721694,2511.780059721694,2481.517649363602,2489.083251953125,17400,0.0,0.0
2007-03-19 00:00:00+09:00,2511.779541015625,2519.3451420427805,2481.517136907003,2511.779541015625,11200,0.0,0.0
2007-03-20 00:00:00+09:00,2519.344870042067,2519.344870042067,2451.2544681490385,2458.820068359375,21700,0.0,0.0
2007-03-22 00:00:00+09:00,2496.648338961314,2534.4763440970914,2481.517136907003,2511.779541015625,33100,0.0,0.0
2007-03-23 00:00:00+09:00,2511.7797404963794,2511.7797404963794,2451.25492747237,2481.517333984375,38600,0.0,0.0
2007-03-26 00:00:00+09:00,2519.345458984375,2519.345458984375,2481.517449089715,2519.345458984375,46300,0.0,0.0
2007-03-27 00:00:00+09:00,2496.5117306231,2542.179628134498,2488.9004143712004,2504.123046875,35100,20.0,0.0
2007-03-28 00:00:00+09:00,2504.122257361779,2511.7335712139425,2473.677001953125,2473.677001953125,18700,0.0,0.0
2007-03-29 00:00:00+09:00,2466.06640625,2466.06640625,2466.06640625,2466.06640625,18700,0.0,0.0
2007-03-30 00:00:00+09:00,2466.06640625,2488.9003544560187,2450.8437741126545,2466.06640625,9400,0.0,0.0
2007-04-02 00:00:00+09:00,2435.62106918239,2473.677648388365,2412.787121658805,2420.3984375,19600,0.0,0.0
2007-04-03 00:00:00+09:00,2458.455041503906,2466.0663574218747,2428.009777832031,2435.62109375,19800,0.0,0.0
2007-04-04 00:00:00+09:00,2458.45559785995,2481.28955078125,2458.45559785995,2481.28955078125,17600,0.0,0.0
2007-04-05 00:00:00+09:00,2488.899915741711,2504.122545195789,2488.899915741711,2496.51123046875,11900,0.0,0.0
2007-04-06 00:00:00+09:00,2481.289226280858,2488.9005429258914,2428.010009765625,2428.010009765625,37800,0.0,0.0
2007-04-09 00:00:00+09:00,2428.010009765625,2428.010009765625,2428.010009765625,2428.010009765625,37800,0.0,0.0
2007-04-10 00:00:00+09:00,2443.232177734375,2458.4548081252433,2443.232177734375,2443.232177734375,17100,0.0,0.0
2007-04-11 00:00:00+09:00,2428.009777832031,2458.455041503906,2420.3984619140624,2435.62109375,31500,0.0,0.0
2007-04-12 00:00:00+09:00,2420.398153831845,2458.454728577629,2367.118949187748,2397.564208984375,42400,0.0,0.0
2007-04-13 00:00:00+09:00,2405.175236628606,2443.2318068284253,2367.118666428786,2374.72998046875,63000,0.0,0.0
2007-04-16 00:00:00+09:00,2420.398509837963,2572.62483121142,2412.7871937692903,2466.06640625,102200,0.0,0.0
2007-04-17 00:00:00+09:00,2450.8430603966344,2519.3448850661057,2450.8430603966344,2473.677001953125,85300,0.0,0.0
2007-04-18 00:00:00+09:00,2610.6811135684743,2648.737689568015,2549.79059196921,2587.84716796875,247800,0.0,0.0
2007-04-19 00:00:00+09:00,2587.847048479985,2618.2923078738672,2511.7338999952794,2519.34521484375,126500,0.0,0.0
2007-04-20 00:00:00+09:00,2534.568077503551,2534.568077503551,2481.2888686671404,2511.734130859375,96500,0.0,0.0
2007-04-23 00:00:00+09:00,2534.5683118825987,2557.402260638298,2481.289098119301,2504.123046875,83900,0.0,0.0
2007-04-24 00:00:00+09:00,2511.7341682502815,2534.568115234375,2466.0662742820946,2534.568115234375,43500,0.0,0.0
2007-04-25 00:00:00+09:00,2488.89990234375,2488.89990234375,2488.89990234375,2488.89990234375,43500,0.0,0.0
2007-04-26 00:00:00+09:00,2557.40185546875,2580.235800606864,2542.179225376674,2557.40185546875,30200,0.0,0.0
2007-04-27 00:00:00+09:00,2557.4021241678993,2572.624755859375,2542.179492476424,2572.624755859375,54800,0.0,0.0
2007-05-01 00:00:00+09:00,2580.236108326842,2633.5153200032073,2572.6247923730753,2595.458740234375,31900,0.0,0.0
2007-05-02 00:00:00+09:00,2610.681100490874,2641.1263611379977,2580.23583984375,2580.23583984375,19500,0.0,0.0
2007-05-07 00:00:00+09:00,2656.348863623608,2656.348863623608,2641.1262340326416,2648.737548828125,46700,0.0,0.0
2007-05-08 00:00:00+09:00,2603.0697983685664,2610.6811135684743,2580.235852768842,2587.84716796875,20100,0.0,0.0
2007-05-09 00:00:00+09:00,2587.847048479985,2587.847048479985,2496.5112702983383,2519.34521484375,57200,0.0,0.0
2007-05-10 00:00:00+09:00,2603.069732392724,2603.069732392724,2504.1226373017726,2549.79052734375,43900,0.0,0.0
2007-05-11 00:00:00+09:00,2519.345446407434,2526.9567619554928,2511.734130859375,2511.734130859375,19400,0.0,0.0
2007-05-14 00:00:00+09:00,2526.9565296922206,2549.790474237632,2511.7338999952794,2519.34521484375,24200,0.0,0.0
2007-05-15 00:00:00+09:00,2473.6772188830305,2473.6772188830305,2458.45458984375,2458.45458984375,47300,0.0,0.0
2007-05-16 00:00:00+09:00,2466.06590436339,2466.06590436339,2443.23196080447,2458.45458984375,23700,0.0,0.0
2007-05-17 00:00:00+09:00,2458.45458984375,2466.06590436339,2450.84327532411,2458.45458984375,22800,0.0,0.0
2007-05-18 00:00:00+09:00,2466.0663574218747,2466.0663574218747,2405.175830078125,2435.62109375,36900,0.0,0.0
2007-05-21 00:00:00+09:00,2435.6211451480262,2450.8437773052015,2306.2287718120374,2313.840087890625,72700,0.0,0.0
2007-05-22 00:00:00+09:00,2374.72998046875,2374.72998046875,2374.72998046875,2374.72998046875,72700,0.0,0.0
2007-05-23 00:00:00+09:00,2374.730793250392,2458.455276345758,2374.730793250392,2428.010009765625,80100,0.0,0.0
2007-05-24 00:00:00+09:00,2405.175756369427,2405.175756369427,2382.3418093152864,2389.953125,51900,0.0,0.0
2007-05-25 00:00:00+09:00,2313.84012367671,2374.73065324715,2306.228807480405,2336.674072265625,72000,0.0,0.0
2007-05-28 00:00:00+09:00,2420.398693120592,2435.621326410658,2420.398693120592,2428.010009765625,66300,0.0,0.0
2007-05-29 00:00:00+09:00,2397.564743185492,2428.010009765625,2389.953426540458,2428.010009765625,40500,0.0,0.0
2007-05-30 00:00:00+09:00,2496.5115369275527,2542.1794308957396,2481.2889056048234,2534.568115234375,57700,0.0,0.0
2007-05-31 00:00:00+09:00,2534.568115234375,2549.790746557104,2534.568115234375,2534.568115234375,39900,0.0,0.0
2007-06-01 00:00:00+09:00,2557.4023203592815,2565.013636788922,2534.5683710703593,2542.1796875,46700,0.0,0.0
2007-06-04 00:00:00+09:00,2526.956995630699,2534.5683118825987,2488.9004143712004,2504.123046875,61100,0.0,0.0
2007-06-05 00:00:00+09:00,2481.2888686671404,2511.734130859375,2481.2888686671404,2511.734130859375,41200,0.0,0.0
2007-06-06 00:00:00+09:00,2534.568115234375,2549.790746557104,2526.9567995730104,2534.568115234375,32400,0.0,0.0
2007-06-07 00:00:00+09:00,2481.2888686671404,2519.345446407434,2481.2888686671404,2511.734130859375,46100,0.0,0.0
2007-06-08 00:00:00+09:00,2450.84327532411,2466.06590436339,2443.23196080447,2458.45458984375,75200,0.0,0.0
2007-06-11 00:00:00+09:00,2488.9008684216833,2488.9008684216833,2466.0669155003834,2481.28955078125,26600,0.0,0.0
2007-06-12 00:00:00+09:00,2504.122545195789,2519.3451746498663,2481.288601014672,2496.51123046875,49800,0.0,0.0
2007-06-13 00:00:00+09:00,2481.2885876576834,2504.122531715883,2481.2885876576834,2488.89990234375,21300,0.0,0.0
2007-06-14 00:00:00+09:00,2504.122585146809,2526.9565296922206,2488.899955449868,2519.34521484375,19700,0.0,0.0
2007-06-15 00:00:00+09:00,2511.7338999952794,2519.34521484375,2504.122585146809,2519.34521484375,22500,0.0,0.0
2007-06-18 00:00:00+09:00,2580.2361323854316,2610.681396484375,2580.2361323854316,2610.681396484375,33100,0.0,0.0
2007-06-19 00:00:00+09:00,2618.2926880956743,2618.2926880956743,2565.013476419309,2595.458740234375,29700,0.0,0.0
2007-06-20 00:00:00+09:00,2595.458265516493,2618.2922092013887,2587.8469509548613,2603.069580078125,44600,0.0,0.0
2007-06-21 00:00:00+09:00,2603.069580078125,2603.069580078125,2587.8469509548613,2603.069580078125,16000,0.0,0.0
2007-06-22 00:00:00+09:00,2603.0697983685664,2603.0697983685664,2580.235852768842,2587.84716796875,11500,0.0,0.0
2007-06-25 00:00:00+09:00,2587.8473875508507,2587.8473875508507,2572.624755859375,2572.624755859375,27300,0.0,0.0
2007-06-26 00:00:00+09:00,2565.013170514788,2565.013170514788,2557.40185546875,2557.40185546875,4800,0.0,0.0
2007-06-27 00:00:00+09:00,2565.013377879833,2565.013377879833,2534.568115234375,2534.568115234375,18400,0.0,0.0
2007-06-28 00:00:00+09:00,2633.5149059460555,2641.126220703125,2618.2922764319164,2641.126220703125,55400,0.0,0.0
2007-06-29 00:00:00+09:00,2648.737767566835,2648.737767566835,2595.458559598537,2633.51513671875,33400,0.0,0.0
2007-07-02 00:00:00+09:00,2603.069660055226,2648.737548828125,2603.069660055226,2648.737548828125,19300,0.0,0.0
2007-07-03 00:00:00+09:00,2625.9036044416753,2656.348863623608,2625.9036044416753,2648.737548828125,14300,0.0,0.0
2007-07-04 00:00:00+09:00,2633.5149059460555,2648.7375354601945,2633.5149059460555,2641.126220703125,10000,0.0,0.0
2007-07-05 00:00:00+09:00,2641.1264900273104,2656.34912109375,2625.9038589608704,2656.34912109375,7800,0.0,0.0
2007-07-06 00:00:00+09:00,2633.5148791326997,2633.5148791326997,2610.6809350939766,2625.903564453125,17800,0.0,0.0
2007-07-09 00:00:00+09:00,2610.6811904466217,2641.1264521427925,2610.6811904466217,2633.51513671875,16500,0.0,0.0
2007-07-10 00:00:00+09:00,2648.7378055605304,2656.34912109375,2641.1264900273104,2656.34912109375,9700,0.0,0.0
2007-07-11 00:00:00+09:00,2656.34912109375,2671.57175216019,2633.5151744940904,2656.34912109375,14400,0.0,0.0
2007-07-12 00:00:00+09:00,2648.737741869549,2656.3490572197493,2603.06984976835,2618.29248046875,25200,0.0,0.0
2007-07-13 00:00:00+09:00,2610.681396484375,2633.5153445585825,2580.2361323854316,2610.681396484375,27300,0.0,0.0
2007-07-17 00:00:00+09:00,2587.8474242806083,2603.0700561881413,2587.8474242806083,2595.458740234375,23300,0.0,0.0
2007-07-18 00:00:00+09:00,2549.790540422712,2565.013170514788,2542.179225376674,2557.40185546875,20800,0.0,0.0
2007-07-19 00:00:00+09:00,2580.236071705113,2580.236071705113,2473.6776498647837,2572.624755859375,25500,0.0,0.0
2007-07-20 00:00:00+09:00,2534.567844540691,2534.567844540691,2511.7338999952794,2519.34521484375,32500,0.0,0.0
2007-07-23 00:00:00+09:00,2519.345446407434,2526.9567619554928,2511.734130859375,2511.734130859375,22200,0.0,0.0
2007-07-24 00:00:00+09:00,2466.0669155003834,2488.9008684216833,2466.0669155003834,2481.28955078125,24400,0.0,0.0
2007-07-25 00:00:00+09:00,2534.568212604243,2641.126635956974,2534.568212604243,2595.458740234375,54300,0.0,0.0
2007-07-26 00:00:00+09:00,2663.9601649743336,2663.9601649743336,2618.2922764319164,2641.126220703125,49600,0.0,0.0
2007-07-27 00:00:00+09:00,2641.126220703125,2656.348850217264,2641.126220703125,2641.126220703125,47100,0.0,0.0
2007-07-30 00:00:00+09:00,2641.1266469375864,2755.29638671875,2641.1266469375864,2755.29638671875,48700,0.0,0.0
2007-07-31 00:00:00+09:00,2755.29638671875,2770.5190186895716,2755.29638671875,2755.29638671875,32000,0.0,0.0
2007-08-01 00:00:00+09:00,2694.405543638079,2732.4621191131932,2694.405543638079,2709.628173828125,37200,0.0,0.0
2007-08-02 00:00:00+09:00,2694.4051287114785,2770.5182679406166,2656.34855909691,2747.684326171875,51400,0.0,0.0
2007-08-03 00:00:00+09:00,2747.684801567925,2770.5187472873263,2724.850855848524,2740.073486328125,20100,0.0,0.0
2007-08-06 00:00:00+09:00,2702.0170337573904,2854.24334551837,2686.794402581292,2816.186767578125,46500,0.0,0.0
2007-08-07 00:00:00+09:00,2656.349230162491,2656.349230162491,2534.568176630686,2572.624755859375,35400,0.0,0.0
2007-08-08 00:00:00+09:00,2549.79052734375,2549.79052734375,2481.2886922807834,2549.79052734375,47600,0.0,0.0
2007-08-09 00:00:00+09:00,2565.0135768901973,2580.236209393997,2504.123046875,2504.123046875,70300,0.0,0.0
2007-08-10 00:00:00+09:00,2359.5080208545396,2367.119337050845,2313.84012367671,2336.674072265625,76900,0.0,0.0
2007-08-13 00:00:00+09:00,2435.62109375,2473.6776733398438,2412.7871459960934,2435.62109375,74800,0.0,0.0
2007-08-14 00:00:00+09:00,2443.23196080447,2473.6772188830305,2443.23196080447,2458.45458984375,30400,0.0,0.0
2007-08-15 00:00:00+09:00,2466.06640625,2481.289038387346,2458.4550901813273,2466.06640625,19400,0.0,0.0
2007-08-16 00:00:00+09:00,2344.284438840008,2367.118378179359,2321.4504995006573,2351.895751953125,20500,0.0,0.0
2007-08-17 00:00:00+09:00,2329.06293150436,2359.5081985828488,2264.3667389625725,2291.00634765625,32200,0.0,0.0
2007-08-20 00:00:00+09:00,2329.0627560693197,2397.5646018360644,2306.228807480405,2336.674072265625,25600,0.0,0.0
2007-08-21 00:00:00+09:00,2405.1747261856913,2420.397351034968,2359.5068516378615,2367.1181640625,27700,0.0,0.0
2007-08-22 00:00:00+09:00,2359.508032860694,2359.508032860694,2336.67408415559,2344.285400390625,12700,0.0,0.0
2007-08-23 00:00:00+09:00,2412.7871459960934,2443.2324096679686,2412.7871459960934,2435.62109375,17900,0.0,0.0
2007-08-24 00:00:00+09:00,2435.6199758842445,2435.6199758842445,2359.5068516378615,2367.1181640625,17300,0.0,0.0
2007-08-27 00:00:00+09:00,2458.45458984375,2466.06590436339,2443.23196080447,2458.45458984375,53600,0.0,0.0
2007-08-28 00:00:00+09:00,2481.289038387346,2488.9003544560187,2420.398509837963,2466.06640625,21400,0.0,0.0
2007-08-29 00:00:00+09:00,2389.9531741352203,2428.009753341195,2367.1192266116354,2420.3984375,51400,0.0,0.0
2007-08-30 00:00:00+09:00,2435.620390139751,2450.843017578125,2428.0090764205647,2450.843017578125,11500,0.0,0.0
2007-08-31 00:00:00+09:00,2458.45495862073,2534.568115234375,2450.8436429593658,2534.568115234375,21700,0.0,0.0
2007-09-03 00:00:00+09:00,2557.4023203592815,2557.4023203592815,2504.1231053517963,2542.1796875,19400,0.0,0.0
2007-09-04 00:00:00+09:00,2549.790474237632,2549.790474237632,2488.899955449868,2519.34521484375,19100,0.0,0.0
2007-09-05 00:00:00+09:00,2481.289038387346,2496.5116705246915,2458.4550901813273,2466.06640625,15900,0.0,0.0
2007-09-06 00:00:00+09:00,2466.066010904456,2549.790474237632,2435.620751510574,2519.34521484375,18000,0.0,0.0
2007-09-07 00:00:00+09:00,2526.9566463694855,2610.6811135684743,2511.734015969669,2587.84716796875,43100,0.0,0.0
2007-09-10 00:00:00+09:00,2580.235636393229,2603.069580078125,2572.624321831597,2603.069580078125,27800,0.0,0.0
2007-09-11 00:00:00+09:00,2534.5677490234375,2618.2922092013887,2534.5677490234375,2603.069580078125,22200,0.0,0.0
2007-09-12 00:00:00+09:00,2641.126660583318,2641.126660583318,2610.681396484375,2610.681396484375,16500,0.0,0.0
2007-09-13 00:00:00+09:00,2587.8473875508507,2603.0700192423265,2572.624755859375,2572.624755859375,33100,0.0,0.0
2007-09-14 00:00:00+09:00,2610.681100490874,2610.681100490874,2580.23583984375,2580.23583984375,46800,0.0,0.0
2007-09-18 00:00:00+09:00,2587.8475860778444,2587.8475860778444,2542.1796875,2542.1796875,9000,0.0,0.0
2007-09-19 00:00:00+09:00,2565.013440013637,2572.624755859375,2542.179492476424,2572.624755859375,16400,0.0,0.0
2007-09-20 00:00:00+09:00,2557.4023203592815,2565.013636788922,2511.734421781437,2542.1796875,15800,0.0,0.0
2007-09-21 00:00:00+09:00,2534.568115234375,2534.568115234375,2534.568115234375,2534.568115234375,15800,0.0,0.0
2007-09-25 00:00:00+09:00,2572.854962384259,2572.854962384259,2465.652672284915,2480.96728515625,15300,20.0,0.0
2007-09-26 00:00:00+09:00,2503.93853302002,2503.93853302002,2442.680097961426,2450.33740234375,13600,0.0,0.0
2007-09-27 00:00:00+09:00,2480.9676116756136,2503.939534005943,2473.3103042321704,2496.2822265625,9900,0.0,0.0
2007-09-28 00:00:00+09:00,2480.9671322900836,2526.9109680732336,2473.3098263262254,2519.253662109375,18800,0.0,0.0
2007-10-01 00:00:00+09:00,2519.252839348003,2542.224749737194,2496.2809289588113,2503.938232421875,11600,0.0,0.0
2007-10-02 00:00:00+09:00,2519.2531841232117,2542.22509765625,2519.2531841232117,2542.22509765625,9600,0.0,0.0
2007-10-03 00:00:00+09:00,2580.511620211314,2580.511620211314,2519.2531841232117,2542.22509765625,10300,0.0,0.0
2007-10-04 00:00:00+09:00,2511.596277225379,2526.910888671875,2511.596277225379,2526.910888671875,4600,0.0,0.0
2007-10-05 00:00:00+09:00,2496.281083233173,2496.281083233173,2480.9664753605766,2488.623779296875,11300,0.0,0.0
2007-10-09 00:00:00+09:00,2488.624438253942,2534.5682740370917,2488.624438253942,2519.253662109375,8500,0.0,0.0
2007-10-10 00:00:00+09:00,2549.8822107872593,2549.8822107872593,2480.9664753605766,2488.623779296875,11900,0.0,0.0
2007-10-11 00:00:00+09:00,2496.2812705901733,2557.5397066782757,2496.2812705901733,2542.22509765625,13900,0.0,0.0
2007-10-12 00:00:00+09:00,2526.9109680732336,2549.8828859648083,2519.253662109375,2519.253662109375,15700,0.0,0.0
2007-10-15 00:00:00+09:00,2500.1105512454187,2500.1105512454187,2480.96728515625,2480.96728515625,15700,0.0,0.0
2007-10-16 00:00:00+09:00,2480.967275943396,2480.967275943396,2435.0234375,2435.0234375,34400,0.0,0.0
2007-10-17 00:00:00+09:00,2418.9428375244142,2418.9428375244142,2389.079345703125,2389.079345703125,34400,0.0,0.0
2007-10-18 00:00:00+09:00,2427.365576323515,2465.652099609375,2427.365576323515,2465.652099609375,12700,0.0,0.0
2007-10-19 00:00:00+09:00,2467.1834719848634,2467.1834719848634,2450.33740234375,2450.33740234375,12700,0.0,0.0
2007-10-22 00:00:00+09:00,2450.33740234375,2465.6520111083987,2396.7362716674807,2450.33740234375,21200,0.0,0.0
2007-10-23 00:00:00+09:00,2416.6458123252796,2416.6458123252796,2396.73681640625,2396.73681640625,21200,0.0,0.0
2007-10-24 00:00:00+09:00,2395.2053551817094,2396.73681640625,2395.2053551817094,2396.73681640625,21200,0.0,0.0
2007-10-25 00:00:00+09:00,2356.152830264443,2356.152830264443,2327.82080078125,2327.82080078125,21200,0.0,0.0
2007-10-26 00:00:00+09:00,2312.50634765625,2320.1636534431914,2304.8490418693086,2312.50634765625,12900,0.0,0.0
2007-10-29 00:00:00+09:00,2312.5062686932756,2327.8208797442244,2304.8489631678012,2320.16357421875,15200,0.0,0.0
2007-10-30 00:00:00+09:00,2297.9566482747396,2297.9566482747396,2297.19091796875,2297.19091796875,15200,0.0,0.0
2007-10-31 00:00:00+09:00,2327.8212858181064,2327.8212858181064,2289.5347515118874,2304.849365234375,14900,0.0,0.0
2007-11-01 00:00:00+09:00,2381.421937641345,2435.023074501439,2258.9050533897,2327.82080078125,184200,0.0,0.0
2007-11-02 00:00:00+09:00,2297.957705208769,2297.957705208769,2289.53466796875,2289.53466796875,184200,0.0,0.0
2007-11-05 00:00:00+09:00,2297.1917568108975,2304.8490626669336,2224.4473511785523,2239.761962890625,39500,0.0,0.0
2007-11-06 00:00:00+09:00,2234.401809307007,2243.590576171875,2234.401809307007,2243.590576171875,39500,0.0,0.0
2007-11-07 00:00:00+09:00,2322.7157601326608,2322.7157601326608,2320.16357421875,2320.16357421875,39500,0.0,0.0
2007-11-08 00:00:00+09:00,2320.1628271484374,2320.1628271484374,2297.19091796875,2297.19091796875,39500,0.0,0.0
2007-11-09 00:00:00+09:00,2287.0161319758186,2289.53466796875,2287.0161319758186,2289.53466796875,39500,0.0,0.0
2007-11-12 00:00:00+09:00,2271.9229425007866,2281.87744140625,2271.9229425007866,2281.87744140625,39500,0.0,0.0
2007-11-13 00:00:00+09:00,2288.002216730891,2288.002216730891,2266.561767578125,2266.561767578125,39500,0.0,0.0
2007-11-14 00:00:00+09:00,2302.3129653572646,2335.4775390625,2302.3129653572646,2335.4775390625,39500,0.0,0.0
2007-11-15 00:00:00+09:00,2335.4786791832616,2343.135986328125,2332.4157563253166,2343.135986328125,39500,0.0,0.0
2007-11-16 00:00:00+09:00,2347.7297327170418,2381.421875,2347.7297327170418,2381.421875,39500,0.0,0.0
2007-11-19 00:00:00+09:00,2413.582164754747,2419.7080078125,2413.582164754747,2419.7080078125,39500,0.0,0.0
2007-11-20 00:00:00+09:00,2393.673009207589,2412.050537109375,2393.673009207589,2412.050537109375,39500,0.0,0.0
2007-11-21 00:00:00+09:00,2414.3482867765274,2414.3482867765274,2381.421875,2381.421875,39500,0.0,0.0
2007-11-22 00:00:00+09:00,2377.593227367305,2377.593227367305,2285.70556640625,2285.70556640625,39500,0.0,0.0
2007-11-26 00:00:00+09:00,2270.391120210116,2320.1636068251773,2270.391120210116,2293.363037109375,29700,0.0,0.0
2007-11-27 00:00:00+09:00,2291.0658914528144,2312.50634765625,2291.0658914528144,2312.50634765625,39500,0.0,0.0
2007-11-28 00:00:00+09:00,2274.220010638438,2274.220010638438,2255.076744555623,2270.391357421875,42800,0.0,0.0
2007-11-29 00:00:00+09:00,2274.21907084697,2274.21907084697,2266.561767578125,2266.561767578125,42800,0.0,0.0
2007-11-30 00:00:00+09:00,2265.4290924317743,2327.82080078125,2265.4290924317743,2327.82080078125,42800,0.0,0.0
2007-12-03 00:00:00+09:00,2333.1810732809913,2333.1810732809913,2312.50634765625,2312.50634765625,42800,0.0,0.0
2007-12-04 00:00:00+09:00,2278.048095703125,2278.048095703125,2278.048095703125,2278.048095703125,42800,0.0,0.0
2007-12-05 00:00:00+09:00,2278.0479376833027,2366.10693359375,2278.0479376833027,2366.10693359375,42800,0.0,0.0
2007-12-06 00:00:00+09:00,2347.7297327170418,2381.421875,2347.7297327170418,2381.421875,42800,0.0,0.0
2007-12-07 00:00:00+09:00,2400.5651376607716,2400.5651376607716,2381.421875,2381.421875,42800,0.0,0.0
2007-12-10 00:00:00+09:00,2389.84555991179,2389.84555991179,2343.135986328125,2343.135986328125,42800,0.0,0.0
2007-12-11 00:00:00+09:00,2326.6032219434646,2327.82080078125,2326.6032219434646,2327.82080078125,42800,0.0,0.0
2007-12-12 00:00:00+09:00,2297.191657642327,2320.16357421875,2297.191657642327,2320.16357421875,42800,0.0,0.0
2007-12-13 00:00:00+09:00,2278.0477224813926,2278.0477224813926,2266.561767578125,2266.561767578125,42800,0.0,0.0
2007-12-14 00:00:00+09:00,2262.7337133495926,2262.7337133495926,2232.1044921875,2232.1044921875,42800,0.0,0.0
2007-12-17 00:00:00+09:00,2193.8173299440195,2193.8173299440195,2174.674072265625,2174.674072265625,42800,0.0,0.0
2007-12-18 00:00:00+09:00,2167.0171780770283,2205.3037006578948,2167.0171780770283,2182.331787109375,17700,0.0,0.0
2007-12-19 00:00:00+09:00,2173.9088205140683,2173.9088205140683,2151.70263671875,2151.70263671875,42800,0.0,0.0
2007-12-20 00:00:00+09:00,2153.233919505866,2153.233919505866,2121.0732421875,2121.0732421875,42800,0.0,0.0
2007-12-21 00:00:00+09:00,2121.0732535226,2144.045166015625,2121.0732535226,2144.045166015625,42800,0.0,0.0
2007-12-25 00:00:00+09:00,2131.0281883445946,2131.0281883445946,2124.90234375,2124.90234375,42800,0.0,0.0
2007-12-26 00:00:00+09:00,2144.045331961744,2159.3599414757564,2140.216679583241,2151.70263671875,12000,0.0,0.0
2007-12-27 00:00:00+09:00,2150.937024122317,2150.937024122317,2140.216796875,2140.216796875,12000,0.0,0.0
2007-12-28 00:00:00+09:00,2140.216796875,2140.216796875,2140.216796875,2140.216796875,12000,0.0,0.0
2008-01-04 00:00:00+09:00,2067.47265625,2067.47265625,2067.47265625,2067.47265625,12000,0.0,0.0
2008-01-07 00:00:00+09:00,2033.0139781010994,2033.0139781010994,2002.384765625,2002.384765625,12000,0.0,0.0
2008-01-08 00:00:00+09:00,1967.9272900958395,1975.5845947265625,1967.9272900958395,1975.5845947265625,12000,0.0,0.0
2008-01-09 00:00:00+09:00,1970.9910246294262,2013.8719482421875,1970.9910246294262,2013.8719482421875,12000,0.0,0.0
2008-01-10 00:00:00+09:00,2020.7622783373126,2020.7622783373126,1979.412841796875,1979.412841796875,12000,0.0,0.0
2008-01-11 00:00:00+09:00,1980.178933228964,1980.178933228964,1967.92724609375,1967.92724609375,12000,0.0,0.0
2008-01-15 00:00:00+09:00,1969.4586855702191,1969.4586855702191,1921.9833984375,1921.9833984375,12000,0.0,0.0
2008-01-16 00:00:00+09:00,1791.8093308369826,1841.581812249121,1745.8655018411625,1803.2952880859375,57300,0.0,0.0
2008-01-17 00:00:00+09:00,1895.1832275390627,1895.1832275390627,1895.1832275390627,1895.1832275390625,57300,0.0,0.0
2008-01-18 00:00:00+09:00,1885.2280299440642,1941.1263427734373,1885.2280299440642,1941.1263427734375,57300,0.0,0.0
2008-01-21 00:00:00+09:00,1899.777018212387,1899.777018212387,1856.8961181640623,1856.8961181640625,57300,0.0,0.0
2008-01-22 00:00:00+09:00,1786.4493664524302,1786.4493664524302,1765.0089111328125,1765.0089111328125,57300,0.0,0.0
2008-01-23 00:00:00+09:00,1787.9802246093752,1787.9802246093752,1787.9802246093752,1787.980224609375,57300,0.0,0.0
2008-01-24 00:00:00+09:00,1787.9810095646278,1841.5821533203125,1787.9810095646278,1841.5821533203125,57300,0.0,0.0
2008-01-25 00:00:00+09:00,1902.8405788574219,1914.3265380859375,1902.8405788574219,1914.3265380859375,57300,0.0,0.0
2008-01-28 00:00:00+09:00,1899.777728982937,1899.777728982937,1872.21142578125,1872.21142578125,57300,0.0,0.0
2008-01-29 00:00:00+09:00,1912.7950768554688,1914.3265380859375,1912.7950768554688,1914.3265380859375,57300,0.0,0.0
2008-01-30 00:00:00+09:00,1915.0920559215738,1915.0920559215738,1887.5257568359373,1887.5257568359375,57300,0.0,0.0
2008-01-31 00:00:00+09:00,1964.098876953125,1964.098876953125,1964.098876953125,1964.098876953125,57300,0.0,0.0
2008-02-01 00:00:00+09:00,1910.4975978131276,1910.4975978131276,1906.6689453125,1906.6689453125,57300,0.0,0.0
2008-02-04 00:00:00+09:00,1898.2457601233757,1933.4693603515625,1898.2457601233757,1933.4693603515625,57300,0.0,0.0
2008-02-05 00:00:00+09:00,1958.739208793267,1958.739208793267,1956.4420166015625,1956.4420166015625,57300,0.0,0.0
2008-02-06 00:00:00+09:00,1906.6689846107897,1925.8122475084886,1899.0116794517103,1902.84033203125,40000,0.0,0.0
2008-02-07 00:00:00+09:00,1906.6688472560193,1906.6688472560193,1868.38232421875,1868.38232421875,40000,0.0,0.0
2008-02-08 00:00:00+09:00,1960.2702241715401,1967.92752973471,1952.61291860837,1964.098876953125,44700,0.0,0.0
2008-02-12 00:00:00+09:00,1964.8645865023925,2025.3572998046875,1964.8645865023925,2025.3572998046875,44700,0.0,0.0
2008-02-13 00:00:00+09:00,2036.8426513671875,2036.8426513671875,2036.8426513671875,2036.8426513671875,44700,0.0,0.0
2008-02-14 00:00:00+09:00,2121.8389839390343,2144.045166015625,2121.8389839390343,2144.045166015625,44700,0.0,0.0
2008-02-15 00:00:00+09:00,2090.4443132267443,2151.7027546399822,2086.615660638417,2140.216796875,19600,0.0,0.0
2008-02-18 00:00:00+09:00,2148.6394856770835,2148.6394856770835,2101.929931640625,2101.929931640625,19600,0.0,0.0
2008-02-19 00:00:00+09:00,2078.192366209152,2094.272705078125,2078.192366209152,2094.272705078125,19600,0.0,0.0
2008-02-20 00:00:00+09:00,2042.2027636076275,2042.2027636076275,2036.8426513671875,2036.8426513671875,19600,0.0,0.0
2008-02-21 00:00:00+09:00,2089.6788547681726,2113.41650390625,2089.6788547681726,2113.41650390625,19600,0.0,0.0
2008-02-22 00:00:00+09:00,2100.398444525629,2128.73046875,2100.398444525629,2128.73046875,19600,0.0,0.0
2008-02-25 00:00:00+09:00,2186.1600934227927,2216.789306640625,2182.3314417705633,2216.789306640625,19600,0.0,0.0
2008-02-26 00:00:00+09:00,2231.3387616584478,2232.1044921875,2231.3387616584478,2232.1044921875,19600,0.0,0.0
2008-02-27 00:00:00+09:00,2147.874632476479,2147.874632476479,2136.388671875,2136.388671875,19600,0.0,0.0
2008-02-28 00:00:00+09:00,2140.163213051002,2151.70263671875,2140.163213051002,2151.70263671875,19600,0.0,0.0
2008-02-29 00:00:00+09:00,2101.9311933308622,2101.9311933308622,2098.1025390625,2098.1025390625,19600,0.0,0.0
2008-03-03 00:00:00+09:00,2098.1017392113095,2098.1017392113095,2010.0427246093748,2010.042724609375,19600,0.0,0.0
2008-03-04 00:00:00+09:00,2003.9167936885196,2003.9167936885196,1994.72802734375,1994.72802734375,19600,0.0,0.0
2008-03-05 00:00:00+09:00,1995.724617767242,1995.724617767242,1990.8991699218748,1990.899169921875,19600,0.0,0.0
2008-03-06 00:00:00+09:00,2010.8081052858734,2044.500244140625,2010.8081052858734,2044.500244140625,19600,0.0,0.0
2008-03-07 00:00:00+09:00,2044.5003913704675,2044.5003913704675,2006.2138671875,2006.2138671875,19600,0.0,0.0
2008-03-10 00:00:00+09:00,1971.7563450336456,1971.7563450336456,1960.2703857421875,1960.2703857421875,19600,0.0,0.0
2008-03-11 00:00:00+09:00,1979.4133093492042,2029.185791015625,1979.4133093492042,2029.185791015625,19600,0.0,0.0
2008-03-12 00:00:00+09:00,2003.1508010007024,2044.500244140625,2003.1508010007024,2044.500244140625,19600,0.0,0.0
2008-03-13 00:00:00+09:00,1937.2980908494346,1944.9553955563495,1921.9834814356052,1925.8121337890625,27400,0.0,0.0
2008-03-14 00:00:00+09:00,1907.4347066533542,1907.4347066533542,1879.868408203125,1879.868408203125,27400,0.0,0.0
2008-03-17 00:00:00+09:00,1761.1802230342741,1780.323486328125,1761.1802230342741,1780.323486328125,27400,0.0,0.0
2008-03-18 00:00:00+09:00,1803.2952880859375,1803.2952880859375,1803.2952880859375,1803.2952880859375,27400,0.0,0.0
2008-03-19 00:00:00+09:00,1842.7858317295127,1842.7858317295127,1830.0963134765623,1830.0963134765625,27400,0.0,0.0
2008-03-21 00:00:00+09:00,1841.5821977780188,1860.7254638671875,1841.5821977780188,1860.7254638671875,27400,0.0,0.0
2008-03-24 00:00:00+09:00,1853.8334454645876,1868.38232421875,1853.8334454645876,1868.38232421875,27400,0.0,0.0
2008-03-25 00:00:00+09:00,1882.1654824693194,1891.354248046875,1882.1654824693194,1891.354248046875,27400,0.0,0.0
2008-03-26 00:00:00+09:00,1904.4780012493675,1906.7939453125,1904.4780012493675,1906.7939453125,27400,20.0,0.0
2008-03-27 00:00:00+09:00,1895.2142419033364,1895.2142419033364,1883.634521484375,1883.634521484375,27400,0.0,0.0
2008-03-28 00:00:00+09:00,1887.4950477846207,1914.514404296875,1887.4950477846207,1914.514404296875,27400,0.0,0.0
2008-03-31 00:00:00+09:00,1926.9456229375617,1926.9456229375617,1879.774658203125,1879.774658203125,27400,0.0,0.0
2008-04-01 00:00:00+09:00,1909.8820809713222,1909.8820809713222,1899.0743408203125,1899.0743408203125,27400,0.0,0.0
2008-04-02 00:00:00+09:00,1899.073987714339,1941.532958984375,1899.073987714339,1941.532958984375,27400,0.0,0.0
2008-04-03 00:00:00+09:00,1946.1649418474678,1946.1649418474678,1922.2335205078123,1922.2335205078125,27400,0.0,0.0
2008-04-04 00:00:00+09:00,1923.0060014204546,1923.0060014204546,1910.654296875,1910.654296875,27400,0.0,0.0
2008-04-07 00:00:00+09:00,1929.1813444400264,1933.813232421875,1929.1813444400264,1933.813232421875,27400,0.0,0.0
2008-04-08 00:00:00+09:00,1891.3543266094387,1902.9340469764352,1891.3543266094387,1895.2142333984375,27400,0.0,0.0
2008-04-09 00:00:00+09:00,1895.9862147562371,1895.9862147562371,1895.2142333984375,1895.2142333984375,27400,0.0,0.0
2008-04-10 00:00:00+09:00,1883.6352857940053,1891.3551025390627,1883.6352857940053,1891.3551025390625,27400,0.0,0.0
2008-04-11 00:00:00+09:00,1891.3543182249493,1906.7939453125,1891.3543182249493,1906.7939453125,27400,0.0,0.0
2008-04-14 00:00:00+09:00,1905.25020703125,1929.95361328125,1905.25020703125,1929.95361328125,27400,0.0,0.0
2008-04-15 00:00:00+09:00,1902.1620656186353,1902.1620656186353,1895.2142333984375,1895.2142333984375,27400,0.0,0.0
2008-04-16 00:00:00+09:00,1895.986415062881,1899.0743408203125,1895.986415062881,1899.0743408203125,27400,0.0,0.0
2008-04-17 00:00:00+09:00,1926.0934271754988,1926.0934271754988,1922.2335205078123,1922.2335205078125,27400,0.0,0.0
2008-04-18 00:00:00+09:00,1932.3527196080322,1937.6730957031248,1932.3527196080322,1937.673095703125,27400,0.0,0.0
2008-04-21 00:00:00+09:00,1937.6730957031248,1937.6730957031248,1937.6730957031248,1937.673095703125,27400,0.0,0.0
2008-04-22 00:00:00+09:00,1956.9725849007518,1956.9725849007518,1941.532958984375,1941.532958984375,27400,0.0,0.0
2008-04-23 00:00:00+09:00,1922.2333553826404,1929.9531680548598,1914.513542710421,1926.09326171875,12500,0.0,0.0
2008-04-24 00:00:00+09:00,1928.41007336032,1928.41007336032,1914.514404296875,1914.514404296875,12500,0.0,0.0
2008-04-25 00:00:00+09:00,1955.428665902795,1955.428665902795,1937.6730957031248,1937.673095703125,12500,0.0,0.0
2008-04-28 00:00:00+09:00,1939.2171537034708,1939.2171537034708,1918.3736572265625,1918.3736572265625,12500,0.0,0.0
2008-04-30 00:00:00+09:00,1921.46180256169,1921.46180256169,1899.0743408203125,1899.0743408203125,12500,0.0,0.0
2008-05-01 00:00:00+09:00,1885.9512308175224,1891.3551025390627,1885.9512308175224,1891.3551025390625,12500,0.0,0.0
2008-05-02 00:00:00+09:00,1925.3214458419616,1925.3214458419616,1922.2335205078123,1922.2335205078125,12500,0.0,0.0
2008-05-07 00:00:00+09:00,1993.2557468539258,2003.29150390625,1993.2557468539258,2003.29150390625,12500,0.0,0.0
2008-05-08 00:00:00+09:00,2017.5341044103895,2018.730712890625,2017.5341044103895,2018.730712890625,12500,0.0,0.0
2008-05-09 00:00:00+09:00,1992.4838954245397,1992.4838954245397,1991.7119140625,1991.7119140625,12500,0.0,0.0
2008-05-12 00:00:00+09:00,1992.4838954245397,1992.4838954245397,1991.7119140625,1991.7119140625,12500,0.0,0.0
2008-05-13 00:00:00+09:00,2007.1509956082696,2018.730712890625,2007.1509956082696,2018.730712890625,12500,0.0,0.0
2008-05-14 00:00:00+09:00,2065.8214150354324,2076.629150390625,2065.8214150354324,2076.629150390625,12500,0.0,0.0
2008-05-15 00:00:00+09:00,2087.4372767857144,2107.5087890625,2087.4372767857144,2107.5087890625,12500,0.0,0.0
2008-05-16 00:00:00+09:00,2052.462022603813,2053.469970703125,2052.462022603813,2053.469970703125,12500,0.0,0.0
2008-05-19 00:00:00+09:00,2045.7508010007023,2061.1904296875,2045.7508010007023,2061.1904296875,12500,0.0,0.0
2008-05-20 00:00:00+09:00,2026.4512063882382,2045.7507416871738,2026.4512063882382,2034.1710205078125,11400,0.0,0.0
2008-05-21 00:00:00+09:00,1980.1326572246514,1980.1326572246514,1972.412841796875,1972.412841796875,11400,0.0,0.0
2008-05-22 00:00:00+09:00,1977.8160499469052,1987.8518066406248,1977.8160499469052,1987.851806640625,11400,0.0,0.0
2008-05-23 00:00:00+09:00,1977.8162495457848,1991.7119140625,1977.8162495457848,1991.7119140625,11400,0.0,0.0
2008-05-26 00:00:00+09:00,1973.9561002865107,1973.9561002865107,1926.0932617187502,1926.09326171875,11400,0.0,0.0
2008-05-27 00:00:00+09:00,1981.6764192708333,1981.6764192708333,1968.552734375,1968.552734375,11400,0.0,0.0
2008-05-28 00:00:00+09:00,2003.291475882326,2003.291475882326,1983.991943359375,1983.991943359375,31300,0.0,0.0
2008-05-29 00:00:00+09:00,2014.8716397204337,2045.7508985667237,2014.8716397204337,2041.8909912109375,16600,0.0,0.0
2008-05-30 00:00:00+09:00,2041.1188003913608,2049.610595703125,2041.1188003913608,2049.610595703125,16600,0.0,0.0
2008-06-02 00:00:00+09:00,2030.310983103626,2045.7506103515625,2030.310983103626,2045.7506103515625,16600,0.0,0.0
2008-06-03 00:00:00+09:00,2013.4247925023888,2013.4247925023888,2011.0115966796875,2011.0115966796875,16600,0.0,0.0
2008-06-04 00:00:00+09:00,2038.802908979557,2038.802908979557,2034.1710205078125,2034.1710205078125,16600,0.0,0.0
2008-06-05 00:00:00+09:00,2038.031083855151,2045.7508985667237,2034.171176499365,2041.8909912109375,11000,0.0,0.0
2008-06-06 00:00:00+09:00,2031.8543924772946,2031.8543924772946,2018.730712890625,2018.730712890625,11000,0.0,0.0
2008-06-09 00:00:00+09:00,1964.6927490234375,1964.6927490234375,1964.6927490234375,1964.6927490234375,11000,0.0,0.0
2008-06-10 00:00:00+09:00,1964.6923467039153,2022.5909423828125,1964.6923467039153,2022.5909423828125,11000,0.0,0.0
2008-06-11 00:00:00+09:00,2022.5916193181818,2122.94921875,2022.5916193181818,2122.94921875,11000,0.0,0.0
2008-06-12 00:00:00+09:00,2126.0363973274507,2146.10791015625,2126.0363973274507,2146.10791015625,11000,0.0,0.0
2008-06-13 00:00:00+09:00,2107.0873657090324,2107.5087890625,2107.0873657090324,2107.5087890625,11000,0.0,0.0
2008-06-16 00:00:00+09:00,2102.1050482177734,2161.547607421875,2102.1050482177734,2161.547607421875,11000,0.0,0.0
2008-06-17 00:00:00+09:00,2160.776227338306,2215.5869140625,2160.776227338306,2215.5869140625,11000,0.0,0.0
2008-06-18 00:00:00+09:00,2171.6423375151085,2173.127685546875,2171.6423375151085,2173.127685546875,11000,0.0,0.0
2008-06-19 00:00:00+09:00,2068.9106652899723,2099.7899289510165,2061.190849374711,2088.210205078125,31700,0.0,0.0
2008-06-20 00:00:00+09:00,2108.2808133242543,2108.2808133242543,2103.64892578125,2103.64892578125,31700,0.0,0.0
2008-06-23 00:00:00+09:00,2080.490190067998,2103.6496355975114,2080.490190067998,2084.35009765625,8700,0.0,0.0
2008-06-24 00:00:00+09:00,2049.611104936742,2068.91064453125,2045.7511970178405,2068.91064453125,9200,0.0,0.0
2008-06-25 00:00:00+09:00,2061.190652126736,2084.35009765625,2061.190652126736,2084.35009765625,9200,0.0,0.0
2008-06-26 00:00:00+09:00,2075.0862081005585,2075.0862081005585,2072.770263671875,2072.770263671875,9200,0.0,0.0
2008-06-27 00:00:00+09:00,2043.4347974513016,2043.4347974513016,2034.1710205078125,2034.1710205078125,9200,0.0,0.0
2008-06-30 00:00:00+09:00,2031.8550919976635,2065.05029296875,2031.8550919976635,2065.05029296875,9200,0.0,0.0
2008-07-01 00:00:00+09:00,2095.930020993386,2095.930020993386,2088.210205078125,2088.210205078125,9200,0.0,0.0
2008-07-02 00:00:00+09:00,2088.209779889396,2088.209779889396,2061.1904296875,2061.1904296875,9200,0.0,0.0
2008-07-03 00:00:00+09:00,2025.6786477913533,2053.469970703125,2025.6786477913533,2053.469970703125,9200,0.0,0.0
2008-07-04 00:00:00+09:00,2053.4706591522045,2057.33056640625,2053.4706591522045,2057.33056640625,9200,0.0,0.0
2008-07-07 00:00:00+09:00,2068.138218640479,2068.138218640479,2065.05029296875,2065.05029296875,9200,0.0,0.0
2008-07-08 00:00:00+09:00,2053.469970703125,2053.469970703125,2053.469970703125,2053.469970703125,9200,0.0,0.0
2008-07-09 00:00:00+09:00,2075.0859021226415,2075.0859021226415,2045.7506103515625,2045.7506103515625,9200,0.0,0.0
2008-07-10 00:00:00+09:00,2035.7149396029388,2038.0308837890627,2035.7149396029388,2038.0308837890625,9200,0.0,0.0
2008-07-11 00:00:00+09:00,2012.5553586519682,2012.5553586519682,2007.1514892578125,2007.1514892578125,9200,0.0,0.0
2008-07-14 00:00:00+09:00,2030.3113895843387,2030.3113895843387,1999.43212890625,1999.43212890625,9200,0.0,0.0
2008-07-15 00:00:00+09:00,2017.187771277978,2017.187771277978,1972.412841796875,1972.412841796875,9200,0.0,0.0
2008-07-16 00:00:00+09:00,1921.4620054699126,1945.3934326171875,1921.4620054699126,1945.3934326171875,9200,0.0,0.0
2008-07-17 00:00:00+09:00,1914.5137071724396,1933.8132405108715,1895.2141738340079,1922.2335205078125,26800,0.0,0.0
2008-07-18 00:00:00+09:00,1922.2339289158951,1922.2339289158951,1875.9150390625,1875.9150390625,26800,0.0,0.0
2008-07-22 00:00:00+09:00,1875.915469048948,1906.7947360291773,1821.876751833546,1891.3551025390625,20000,0.0,0.0
2008-07-23 00:00:00+09:00,1920.6896096912956,1920.6896096912956,1906.7939453125,1906.7939453125,20000,0.0,0.0
2008-07-24 00:00:00+09:00,1883.6351397114415,1914.514404296875,1875.915323565083,1914.514404296875,38100,0.0,0.0
2008-07-25 00:00:00+09:00,1916.830034575591,1916.830034575591,1856.615478515625,1856.615478515625,38100,0.0,0.0
2008-07-28 00:00:00+09:00,1771.6973876953125,1771.6973876953125,1771.6973876953125,1771.6973876953125,38100,0.0,0.0
2008-07-29 00:00:00+09:00,1762.4336348434974,1790.9969482421875,1762.4336348434974,1790.9969482421875,38100,0.0,0.0
2008-07-30 00:00:00+09:00,1869.7396420817731,1869.7396420817731,1868.1956787109375,1868.1956787109375,38100,0.0,0.0
2008-07-31 00:00:00+09:00,1850.4396496431327,1875.9150390625,1850.4396496431327,1875.9150390625,38100,0.0,0.0
2008-08-01 00:00:00+09:00,1872.0551188321294,1872.0551188321294,1845.0357666015627,1845.0357666015625,38100,0.0,0.0
2008-08-04 00:00:00+09:00,1796.4007649739583,1806.4365234375,1796.4007649739583,1806.4365234375,38100,0.0,0.0
2008-08-05 00:00:00+09:00,1818.0159912109375,1818.0159912109375,1818.0159912109375,1818.0159912109375,38100,0.0,0.0
2008-08-06 00:00:00+09:00,1817.2444452481998,1875.9150390625,1817.2444452481998,1875.9150390625,38100,0.0,0.0
2008-08-07 00:00:00+09:00,1834.9996077850087,1837.3155517578125,1834.9996077850087,1837.3155517578125,38100,0.0,0.0
2008-08-08 00:00:00+09:00,1880.5469152474504,1880.5469152474504,1845.0357666015627,1845.0357666015625,38100,0.0,0.0
2008-08-11 00:00:00+09:00,1853.527641102068,1853.527641102068,1848.895751953125,1848.895751953125,38100,0.0,0.0
2008-08-12 00:00:00+09:00,1864.3351268214308,1864.3351268214308,1860.4752197265623,1860.4752197265625,38100,0.0,0.0
2008-08-13 00:00:00+09:00,1853.527641102068,1853.527641102068,1848.895751953125,1848.895751953125,38100,0.0,0.0
2008-08-14 00:00:00+09:00,1845.0354451414523,1895.2142333984375,1845.0354451414523,1895.2142333984375,38100,0.0,0.0
2008-08-15 00:00:00+09:00,1889.0385966796875,1929.95361328125,1889.0385966796875,1929.95361328125,38100,0.0,0.0
2008-08-18 00:00:00+09:00,1987.8519976021041,1987.8519976021041,1945.3930228960398,1949.2529296875,15000,0.0,0.0
2008-08-19 00:00:00+09:00,1916.0583675261466,1916.0583675261466,1914.514404296875,1914.514404296875,15000,0.0,0.0
2008-08-20 00:00:00+09:00,1914.514404296875,1914.514404296875,1914.514404296875,1914.514404296875,15000,0.0,0.0
2008-08-21 00:00:00+09:00,1906.7943892045455,1918.374112215909,1887.4948508522727,1910.654296875,20900,0.0,0.0
2008-08-22 00:00:00+09:00,1922.2333553826404,1926.0932617187502,1922.2333553826404,1926.09326171875,20900,0.0,0.0
2008-08-25 00:00:00+09:00,1918.3738916015625,1929.95361328125,1918.3738916015625,1929.95361328125,11600,0.0,0.0
2008-08-26 00:00:00+09:00,1916.8301163446336,1945.3934326171875,1916.8301163446336,1945.3934326171875,11600,0.0,0.0
2008-08-27 00:00:00+09:00,1950.0247532383823,1950.0247532383823,1941.532958984375,1941.532958984375,11600,0.0,0.0
2008-08-28 00:00:00+09:00,1918.3738916015625,1929.95361328125,1918.3738916015625,1929.95361328125,11600,0.0,0.0
2008-08-29 00:00:00+09:00,1967.0086401985866,1980.13232421875,1967.0086401985866,1980.13232421875,11600,0.0,0.0
2008-09-01 00:00:00+09:00,1953.113056640625,1960.83287109375,1929.95361328125,1929.95361328125,11600,0.0,0.0
2008-09-02 00:00:00+09:00,1911.426043850038,1911.426043850038,1899.0743408203125,1899.0743408203125,11600,0.0,0.0
2008-09-03 00:00:00+09:00,1913.741561443199,1926.0932617187502,1913.741561443199,1926.09326171875,11600,0.0,0.0
2008-09-04 00:00:00+09:00,1925.3215595723177,1925.3215595723177,1879.774658203125,1879.774658203125,11600,0.0,0.0
2008-09-05 00:00:00+09:00,1855.8439455117987,1891.3551025390627,1855.8439455117987,1891.3551025390625,11600,0.0,0.0
2008-09-08 00:00:00+09:00,1891.3543099416813,1918.3736572265625,1891.3543099416813,1918.3736572265625,11600,0.0,0.0
2008-09-09 00:00:00+09:00,1916.8297467276243,1916.8297467276243,1902.93408203125,1902.93408203125,11600,0.0,0.0
2008-09-10 00:00:00+09:00,1868.19521137062,1868.19521137062,1837.3159516785436,1845.0357666015625,13400,0.0,0.0
2008-09-11 00:00:00+09:00,1831.912470516916,1831.912470516916,1821.876708984375,1821.876708984375,13400,0.0,0.0
2008-09-12 00:00:00+09:00,1807.2084444588022,1807.2084444588022,1779.4171142578125,1779.4171142578125,13400,0.0,0.0
2008-09-16 00:00:00+09:00,1740.0452796952952,1740.8172607421875,1740.0452796952952,1740.8172607421875,13400,0.0,0.0
2008-09-17 00:00:00+09:00,1740.8179845599875,1752.397705078125,1733.0981708812292,1752.397705078125,12900,0.0,0.0
2008-09-18 00:00:00+09:00,1707.6227857413269,1752.397705078125,1707.6227857413269,1752.397705078125,12900,0.0,0.0
2008-09-19 00:00:00+09:00,1776.5335940939808,1776.5335940939808,1706.0789794921875,1706.0789794921875,12900,0.0,0.0
2008-09-22 00:00:00+09:00,1701.4465925270151,1701.4465925270151,1652.039794921875,1652.039794921875,12900,0.0,0.0
2008-09-24 00:00:00+09:00,1638.9161995901188,1644.320068359375,1638.9161995901188,1644.320068359375,12900,0.0,0.0
2008-09-25 00:00:00+09:00,1599.9002740925116,1599.9002740925116,1597.5623779296875,1597.5623779296875,12900,20.0,0.0
2008-09-26 00:00:00+09:00,1588.996891507448,1589.76953125,1588.996891507448,1589.76953125,12900,0.0,0.0
2008-09-29 00:00:00+09:00,1589.7694184774264,1589.7694184774264,1585.8729248046875,1585.8729248046875,12900,0.0,0.0
2008-09-30 00:00:00+09:00,1515.7360571172248,1628.734375,1515.7360571172248,1628.734375,12900,0.0,0.0
2008-10-01 00:00:00+09:00,1628.7343379739336,1644.3203125,1628.7343379739336,1644.3203125,12900,0.0,0.0
2008-10-02 00:00:00+09:00,1628.734649143449,1628.734649143449,1617.045166015625,1617.045166015625,12900,0.0,0.0
2008-10-03 00:00:00+09:00,1590.5488300398283,1590.5488300398283,1589.76953125,1589.76953125,12900,0.0,0.0
2008-10-06 00:00:00+09:00,1581.9764594574342,1624.837890625,1581.9764594574342,1624.837890625,12900,0.0,0.0
2008-10-07 00:00:00+09:00,1543.7911376953125,1543.7911376953125,1543.7911376953125,1543.7911376953125,12900,0.0,0.0
2008-10-08 00:00:00+09:00,1543.7909185518095,1543.7909185518095,1533.6600341796875,1533.6600341796875,12900,0.0,0.0
2008-10-09 00:00:00+09:00,1557.039086102719,1557.039086102719,1547.6875,1547.6875,12900,0.0,0.0
2008-10-10 00:00:00+09:00,1521.1911835748792,1613.1484375,1521.1911835748792,1613.1484375,12900,0.0,0.0
2008-10-14 00:00:00+09:00,1539.1151671197003,1539.1151671197003,1468.198974609375,1468.198974609375,12900,0.0,0.0
2008-10-15 00:00:00+09:00,1491.5778561539148,1501.708740234375,1491.5778561539148,1501.708740234375,12900,0.0,0.0
2008-10-16 00:00:00+09:00,1488.4604285333328,1488.4604285333328,1444.0404052734375,1444.0404052734375,12900,0.0,0.0
2008-10-17 00:00:00+09:00,1470.5366786992513,1497.8121337890625,1470.5366786992513,1497.8121337890625,12900,0.0,0.0
2008-10-20 00:00:00+09:00,1485.3434509750487,1507.943115234375,1485.3434509750487,1507.943115234375,12900,0.0,0.0
2008-10-21 00:00:00+09:00,1522.205880792331,1522.205880792331,1504.0467529296875,1504.0467529296875,12900,0.0,0.0
2008-10-22 00:00:00+09:00,1493.1366052576013,1493.1366052576013,1441.702880859375,1441.702880859375,12900,0.0,0.0
2008-10-23 00:00:00+09:00,1367.669523540296,1367.669523540296,1332.60107421875,1332.60107421875,12900,0.0,0.0
2008-10-24 00:00:00+09:00,1367.6509590340202,1367.6509590340202,1338.05615234375,1338.05615234375,12900,0.0,0.0
2008-10-27 00:00:00+09:00,1338.8355689827408,1338.8355689827408,1154.9210205078125,1154.9210205078125,12900,0.0,0.0
2008-10-28 00:00:00+09:00,1200.89931906987,1292.8565673828125,1200.89931906987,1292.8565673828125,12900,0.0,0.0
2008-10-29 00:00:00+09:00,1292.8567800402286,1305.3255615234375,1292.8567800402286,1305.3255615234375,12900,0.0,0.0
2008-10-30 00:00:00+09:00,1349.7455739246864,1459.626708984375,1349.7455739246864,1459.626708984375,12900,0.0,0.0
2008-10-31 00:00:00+09:00,1462.7439945154306,1472.0955810546875,1462.7439945154306,1472.0955810546875,12900,0.0,0.0
2008-11-04 00:00:00+09:00,1473.653881300019,1597.5623779296875,1473.653881300019,1597.5623779296875,39300,0.0,0.0
2008-11-05 00:00:00+09:00,1601.4593066517477,1710.5611572265625,1601.4593066517477,1710.5611572265625,39300,0.0,0.0
2008-11-06 00:00:00+09:00,1606.1348449102725,1606.1348449102725,1574.18359375,1574.18359375,39300,0.0,0.0
2008-11-07 00:00:00+09:00,1585.8731152343748,1585.8731152343748,1558.59765625,1558.59765625,39300,0.0,0.0
2008-11-10 00:00:00+09:00,1575.7420969202897,1613.1484375,1575.7420969202897,1613.1484375,39300,0.0,0.0
2008-11-11 00:00:00+09:00,1599.1208442632299,1601.458740234375,1599.1208442632299,1601.458740234375,39300,0.0,0.0
2008-11-12 00:00:00+09:00,1632.63114351939,1640.4241322712726,1613.1486716396837,1617.045166015625,18500,0.0,0.0
2008-11-13 00:00:00+09:00,1546.1287822732997,1546.9080810546875,1546.1287822732997,1546.9080810546875,18500,0.0,0.0
2008-11-14 00:00:00+09:00,1548.4667210707662,1548.4667210707662,1529.7635498046875,1529.7635498046875,18500,0.0,0.0
2008-11-17 00:00:00+09:00,1537.5566028654266,1537.5566028654266,1504.0467529296875,1504.0467529296875,18500,0.0,0.0
2008-11-18 00:00:00+09:00,1505.605274564697,1505.605274564697,1485.343505859375,1485.343505859375,18500,0.0,0.0
2008-11-19 00:00:00+09:00,1472.874344923302,1493.1361083984375,1472.874344923302,1493.1361083984375,18500,0.0,0.0
2008-11-20 00:00:00+09:00,1494.6948951611562,1494.6948951611562,1464.30224609375,1464.30224609375,18500,0.0,0.0
2008-11-21 00:00:00+09:00,1465.0818634434117,1483.0057373046875,1465.0818634434117,1483.0057373046875,18500,0.0,0.0
2008-11-25 00:00:00+09:00,1485.343638506626,1528.984375,1485.343638506626,1528.984375,22300,0.0,0.0
2008-11-26 00:00:00+09:00,1529.7635591451601,1529.7635591451601,1476.771240234375,1476.771240234375,22300,0.0,0.0
2008-11-27 00:00:00+09:00,1469.7673255216891,1469.7673255216891,1464.30224609375,1464.30224609375,22300,0.0,0.0
2008-11-28 00:00:00+09:00,1465.0817793341957,1468.198974609375,1465.0817793341957,1468.198974609375,22300,0.0,0.0
2008-12-01 00:00:00+09:00,1468.1988236521945,1468.1988236521945,1429.23388671875,1429.23388671875,22300,0.0,0.0
2008-12-02 00:00:00+09:00,1430.0129951380252,1430.0129951380252,1351.3038330078125,1351.3038330078125,22300,0.0,0.0
2008-12-03 00:00:00+09:00,1383.2551190338938,1383.2551190338938,1333.3800048828125,1333.3800048828125,22300,0.0,0.0
2008-12-04 00:00:00+09:00,1264.8020924615316,1264.8020924615316,1229.733642578125,1229.733642578125,22300,0.0,0.0
2008-12-05 00:00:00+09:00,1230.5127716921154,1249.2159423828125,1230.5127716921154,1249.2159423828125,22300,0.0,0.0
2008-12-08 00:00:00+09:00,1261.6848263322063,1305.3255615234375,1261.6848263322063,1305.3255615234375,22300,0.0,0.0
2008-12-09 00:00:00+09:00,1349.745350101714,1406.6341552734375,1349.745350101714,1406.6341552734375,22300,0.0,0.0
2008-12-10 00:00:00+09:00,1408.1931448581329,1490.01953125,1408.1931448581329,1490.01953125,22300,0.0,0.0
2008-12-11 00:00:00+09:00,1458.847447663835,1458.847447663835,1444.820068359375,1444.820068359375,22300,0.0,0.0
2008-12-12 00:00:00+09:00,1446.3787482766543,1446.3787482766543,1271.8157958984375,1271.8157958984375,22300,0.0,0.0
2008-12-15 00:00:00+09:00,1415.985860661943,1415.985860661943,1407.41357421875,1407.41357421875,22300,0.0,0.0
2008-12-16 00:00:00+09:00,1384.814196660956,1389.489990234375,1384.814196660956,1389.489990234375,30000,0.0,0.0
2008-12-17 00:00:00+09:00,1391.0484168803798,1408.9722900390625,1391.0484168803798,1408.9722900390625,28600,0.0,0.0
2008-12-18 00:00:00+09:00,1422.220085565349,1425.3372802734375,1422.220085565349,1425.3372802734375,19000,0.0,0.0
2008-12-19 00:00:00+09:00,1426.8961474044734,1426.8961474044734,1415.2066650390625,1415.2066650390625,33300,0.0,0.0
2008-12-22 00:00:00+09:00,1334.1596207157259,1352.86279296875,1334.1596207157259,1352.86279296875,67100,0.0,0.0
2008-12-24 00:00:00+09:00,1354.4213420774772,1372.34521484375,1354.4213420774772,1372.34521484375,8600,0.0,0.0
2008-12-25 00:00:00+09:00,1370.82945821497,1370.82945821497,1370.0074462890625,1370.0074462890625,89700,0.0,0.0
2008-12-26 00:00:00+09:00,1389.4898192144074,1409.7515888720488,1366.1108542248212,1408.9722900390625,56000,0.0,0.0
2008-12-29 00:00:00+09:00,1405.0758540941322,1434.6892109746518,1383.2554858663807,1433.909912109375,18100,0.0,0.0
2008-12-30 00:00:00+09:00,1480.6676025390625,1480.6676025390625,1480.6676025390625,1480.6676025390625,7700,0.0,0.0
2009-01-05 00:00:00+09:00,1440.14404296875,1440.14404296875,1440.14404296875,1440.14404296875,5500,0.0,0.0
2009-01-06 00:00:00+09:00,1478.3296658677687,1497.8121337890625,1478.3296658677687,1497.8121337890625,61200,0.0,0.0
2009-01-07 00:00:00+09:00,1503.2672322166848,1503.2672322166848,1494.6949462890625,1494.6949462890625,54200,0.0,0.0
2009-01-08 00:00:00+09:00,1468.1988160109495,1468.1988160109495,1432.35107421875,1432.35107421875,40300,0.0,0.0
2009-01-09 00:00:00+09:00,1430.013184557463,1480.6676025390625,1430.013184557463,1480.6676025390625,28100,0.0,0.0
2009-01-13 00:00:00+09:00,1438.5855712890625,1438.5855712890625,1438.5855712890625,1438.5855712890625,66100,0.0,0.0
2009-01-14 00:00:00+09:00,1474.4990646658166,1482.226318359375,1474.4990646658166,1482.226318359375,36400,0.0,0.0
2009-01-15 00:00:00+09:00,1529.7637372938968,1551.5841064453125,1529.7637372938968,1551.5841064453125,96100,0.0,0.0
2009-01-16 00:00:00+09:00,1547.6875838967035,1562.4942626953125,1547.6875838967035,1562.4942626953125,32800,0.0,0.0
2009-01-19 00:00:00+09:00,1566.390380859375,1570.2868743440997,1558.5973938899253,1566.390380859375,11500,0.0,0.0
2009-01-20 00:00:00+09:00,1532.8804841883043,1536.7769775390625,1532.8804841883043,1536.7769775390625,13800,0.0,0.0
2009-01-21 00:00:00+09:00,1502.4880658242944,1502.4880658242944,1490.798583984375,1490.798583984375,24800,0.0,0.0
2009-01-22 00:00:00+09:00,1491.5777221805924,1507.1636962890625,1491.5777221805924,1507.1636962890625,23400,0.0,0.0
2009-01-23 00:00:00+09:00,1508.722401313599,1508.722401313599,1462.7437744140625,1462.7437744140625,23700,0.0,0.0
2009-01-26 00:00:00+09:00,1463.523035832688,1478.3297119140625,1463.523035832688,1478.3297119140625,13000,0.0,0.0
2009-01-27 00:00:00+09:00,1463.5233044098738,1562.4942626953125,1463.5233044098738,1562.4942626953125,12400,0.0,0.0
2009-01-28 00:00:00+09:00,1563.2732117066162,1563.2732117066162,1555.480224609375,1555.480224609375,8900,0.0,0.0
2009-01-29 00:00:00+09:00,1526.6462271953283,1532.101318359375,1526.6462271953283,1532.101318359375,15000,0.0,0.0
2009-01-30 00:00:00+09:00,1532.8807566413236,1532.8807566413236,1525.0877685546875,1525.0877685546875,14400,0.0,0.0
2009-02-02 00:00:00+09:00,1525.0874484315211,1525.0874484315211,1451.0540771484375,1451.0540771484375,26200,0.0,0.0
2009-02-03 00:00:00+09:00,1423.7791748046875,1423.7791748046875,1423.7791748046875,1423.7791748046875,27600,0.0,0.0
2009-02-04 00:00:00+09:00,1449.4954622708833,1458.8470458984375,1449.4954622708833,1458.8470458984375,33500,0.0,0.0
2009-02-05 00:00:00+09:00,1490.7986722043547,1490.7986722043547,1455.730224609375,1455.730224609375,30500,0.0,0.0
2009-02-06 00:00:00+09:00,1473.669687518097,1473.669687518097,1465.0814208984375,1465.0814208984375,18100,0.0,0.0
2009-02-09 00:00:00+09:00,1444.8199348695816,1449.4957275390625,1444.8199348695816,1449.4957275390625,31000,0.0,0.0
2009-02-10 00:00:00+09:00,1421.4408536175363,1461.1850880114478,1380.1380217964129,1448.71630859375,44500,0.0,0.0
2009-02-12 00:00:00+09:00,1387.1518382738261,1394.16552734375,1387.1518382738261,1394.16552734375,42300,0.0,0.0
2009-02-13 00:00:00+09:00,1414.4271349551072,1414.4271349551072,1409.7513427734375,1409.7513427734375,39000,0.0,0.0
2009-02-16 00:00:00+09:00,1408.193115234375,1408.193115234375,1408.193115234375,1408.193115234375,20500,0.0,0.0
2009-02-17 00:00:00+09:00,1372.3452640656503,1372.3452640656503,1352.86279296875,1352.86279296875,38000,0.0,0.0
2009-02-18 00:00:00+09:00,1412.0896906108887,1423.7791748046875,1412.0896906108887,1423.7791748046875,46900,0.0,0.0
2009-02-19 00:00:00+09:00,1425.337112032134,1446.378173828125,1425.337112032134,1446.378173828125,34500,0.0,0.0
2009-02-20 00:00:00+09:00,1408.193030115076,1441.702880859375,1408.193030115076,1441.702880859375,23400,0.0,0.0
2009-02-23 00:00:00+09:00,1433.9098380091853,1463.523193359375,1433.9098380091853,1463.523193359375,11800,0.0,0.0
2009-02-24 00:00:00+09:00,1463.5231605066788,1476.771240234375,1463.5231605066788,1476.771240234375,19800,0.0,0.0
2009-02-25 00:00:00+09:00,1448.7166127361318,1472.8748779296875,1448.7166127361318,1472.8748779296875,30200,0.0,0.0
2009-02-26 00:00:00+09:00,1473.6536243044095,1473.6536243044095,1446.378173828125,1446.378173828125,15000,0.0,0.0
2009-02-27 00:00:00+09:00,1431.57178203382,1480.6676025390625,1431.57178203382,1480.6676025390625,14000,0.0,0.0
2009-03-02 00:00:00+09:00,1480.667823585304,1480.667823585304,1441.702880859375,1441.702880859375,17800,0.0,0.0
2009-03-03 00:00:00+09:00,1434.6895200276242,1434.6895200276242,1410.53125,1410.53125,17600,0.0,0.0
2009-03-04 00:00:00+09:00,1465.0817773955569,1468.978271484375,1465.0817773955569,1468.978271484375,19400,0.0,0.0
2009-03-05 00:00:00+09:00,1511.8396678397326,1533.6600341796875,1511.8396678397326,1533.6600341796875,26500,0.0,0.0
2009-03-06 00:00:00+09:00,1524.3079901523279,1524.3079901523279,1521.1907958984375,1521.1907958984375,25500,0.0,0.0
2009-03-09 00:00:00+09:00,1522.7497822869684,1522.7497822869684,1511.839599609375,1511.839599609375,16600,0.0,0.0
2009-03-10 00:00:00+09:00,1528.204761335497,1528.204761335497,1507.1636962890625,1507.1636962890625,12400,0.0,0.0
2009-03-11 00:00:00+09:00,1511.060369041877,1533.6600341796875,1511.060369041877,1533.6600341796875,7500,0.0,0.0
2009-03-12 00:00:00+09:00,1533.6599459134616,1533.6599459134616,1519.632568359375,1519.632568359375,19000,0.0,0.0
2009-03-13 00:00:00+09:00,1496.2534268929503,1496.2534268929503,1492.35693359375,1492.35693359375,39100,0.0,0.0
2009-03-16 00:00:00+09:00,1523.5291498075655,1533.6600341796875,1523.5291498075655,1533.6600341796875,21100,0.0,0.0
2009-03-17 00:00:00+09:00,1545.3489990234375,1545.3489990234375,1545.3489990234375,1545.3489990234375,23100,0.0,0.0
2009-03-18 00:00:00+09:00,1546.1289003522897,1548.466796875,1546.1289003522897,1548.466796875,21300,0.0,0.0
2009-03-19 00:00:00+09:00,1548.4666222205528,1570.2869873046875,1548.4666222205528,1570.2869873046875,17000,0.0,0.0
2009-03-23 00:00:00+09:00,1627.9554219563802,1636.5277099609375,1627.9554219563802,1636.5277099609375,21100,0.0,0.0
2009-03-24 00:00:00+09:00,1628.7347706564697,1663.80322265625,1628.7347706564697,1663.80322265625,27400,0.0,0.0
2009-03-25 00:00:00+09:00,1663.8031717936196,1663.8031717936196,1636.5277099609375,1636.5277099609375,49200,0.0,0.0
2009-03-26 00:00:00+09:00,1630.2331274010046,1664.065185546875,1630.2331274010046,1664.065185546875,16100,20.0,0.0
2009-03-27 00:00:00+09:00,1700.2571253125914,1700.2571253125914,1683.7344970703125,1683.7344970703125,12300,0.0,0.0
2009-03-30 00:00:00+09:00,1693.963409481957,1693.963409481957,1652.263427734375,1652.263427734375,12000,0.0,0.0
2009-03-31 00:00:00+09:00,1653.8368906437352,1653.8368906437352,1640.46142578125,1640.46142578125,8700,0.0,0.0
2009-04-01 00:00:00+09:00,1592.4668704779865,1597.1876220703125,1592.4668704779865,1597.1876220703125,27900,0.0,0.0
2009-04-02 00:00:00+09:00,1623.9387932981926,1632.593505859375,1623.9387932981926,1632.593505859375,8500,0.0,0.0
2009-04-03 00:00:00+09:00,1605.0557840737952,1632.593505859375,1605.0557840737952,1632.593505859375,18400,0.0,0.0
2009-04-06 00:00:00+09:00,1645.9685997231493,1645.9685997231493,1620.791259765625,1620.791259765625,16100,0.0,0.0
2009-04-07 00:00:00+09:00,1625.5121371783089,1671.932861328125,1625.5121371783089,1671.932861328125,15800,0.0,0.0
2009-04-08 00:00:00+09:00,1665.638285185912,1683.7344970703125,1665.638285185912,1683.7344970703125,10200,0.0,0.0
2009-04-09 00:00:00+09:00,1724.6485268357624,1754.546630859375,1724.6485268357624,1754.546630859375,19100,0.0,0.0
2009-04-10 00:00:00+09:00,1687.6689436287716,1711.272705078125,1687.6689436287716,1711.272705078125,12900,0.0,0.0
2009-04-13 00:00:00+09:00,1690.8159912109375,1703.4046630859375,1690.8159912109375,1703.4046630859375,9400,0.0,0.0
2009-04-14 00:00:00+09:00,1682.9480712890625,1695.5367431640625,1682.9480712890625,1695.5367431640625,6200,0.0,0.0
2009-04-15 00:00:00+09:00,1701.8312004983836,1711.272705078125,1701.8312004983836,1711.272705078125,5600,0.0,0.0
2009-04-16 00:00:00+09:00,1711.2723399845358,1719.1402587890623,1711.2723399845358,1719.1402587890625,3700,0.0,0.0
2009-04-17 00:00:00+09:00,1721.50087890625,1721.50087890625,1703.4046630859375,1703.4046630859375,6500,0.0,0.0
2009-04-20 00:00:00+09:00,1586.9597705791125,1586.9597705791125,1562.5692138671875,1562.5692138671875,60400,0.0,0.0
2009-04-21 00:00:00+09:00,1571.2239990234375,1571.2239990234375,1571.2239990234375,1571.2239990234375,20900,0.0,0.0
2009-04-22 00:00:00+09:00,1580.6651123046875,1580.6651123046875,1577.5179443359375,1577.5179443359375,12200,0.0,0.0
2009-04-23 00:00:00+09:00,1562.5688964843748,1577.5179443359375,1562.5688964843748,1577.5179443359375,18000,0.0,0.0
2009-04-24 00:00:00+09:00,1532.6708731687595,1550.76708984375,1532.6708731687595,1550.76708984375,13500,0.0,0.0
2009-04-27 00:00:00+09:00,1577.5181934463462,1577.5181934463462,1546.0465087890625,1546.0465087890625,5600,0.0,0.0
2009-04-28 00:00:00+09:00,1576.731228750488,1576.731228750488,1511.427490234375,1511.427490234375,15900,0.0,0.0
2009-04-30 00:00:00+09:00,1589.3198735598269,1593.2538336428956,1572.0104491943237,1572.7972412109375,10900,0.0,0.0
2009-05-01 00:00:00+09:00,1573.5841058379976,1581.4520263671875,1573.5841058379976,1581.4520263671875,4300,0.0,0.0
2009-05-07 00:00:00+09:00,1633.379929744387,1633.379929744387,1620.791259765625,1620.791259765625,17300,0.0,0.0
2009-05-08 00:00:00+09:00,1693.9630369390443,1693.9630369390443,1691.6026611328125,1691.6026611328125,17100,0.0,0.0
2009-05-11 00:00:00+09:00,1692.3895751953123,1707.338623046875,1692.3895751953123,1707.338623046875,14100,0.0,0.0
2009-05-12 00:00:00+09:00,1708.1255385890152,1708.1255385890152,1687.6689453125,1687.6689453125,15100,0.0,0.0
2009-05-13 00:00:00+09:00,1689.2420380928147,1689.2420380928147,1675.8665771484375,1675.8665771484375,6700,0.0,0.0
2009-05-14 00:00:00+09:00,1696.3234113051471,1696.3234113051471,1671.932861328125,1671.932861328125,12300,0.0,0.0
2009-05-15 00:00:00+09:00,1679.0138655752505,1679.0138655752505,1667.998779296875,1667.998779296875,10600,0.0,0.0
2009-05-18 00:00:00+09:00,1639.6747563288761,1639.6747563288761,1636.527587890625,1636.527587890625,11700,0.0,0.0
2009-05-19 00:00:00+09:00,1648.3293445487957,1664.065185546875,1648.3293445487957,1664.065185546875,10900,0.0,0.0
2009-05-20 00:00:00+09:00,1664.85233940464,1679.8013916015625,1664.85233940464,1679.8013916015625,11200,0.0,0.0
2009-05-21 00:00:00+09:00,1631.806591796875,1648.3292236328125,1631.806591796875,1648.3292236328125,20000,0.0,0.0
2009-05-22 00:00:00+09:00,1602.6955312714892,1608.9898681640625,1602.6955312714892,1608.9898681640625,13900,0.0,0.0
2009-05-25 00:00:00+09:00,1564.142578125,1564.142578125,1564.142578125,1564.142578125,30000,0.0,0.0
2009-05-26 00:00:00+09:00,1557.8480960945328,1570.436767578125,1557.8480960945328,1570.436767578125,26100,0.0,0.0
2009-05-27 00:00:00+09:00,1539.7520014328861,1550.76708984375,1539.7520014328861,1550.76708984375,23100,0.0,0.0
2009-05-28 00:00:00+09:00,1551.5537348655243,1551.5537348655243,1541.325439453125,1541.325439453125,16600,0.0,0.0
2009-05-29 00:00:00+09:00,1542.1122558842746,1542.8990478515625,1542.1122558842746,1542.8990478515625,25100,0.0,0.0
2009-06-01 00:00:00+09:00,1542.8990966796873,1546.0462646484375,1526.37646484375,1530.3104248046875,12000,0.0,0.0
2009-06-02 00:00:00+09:00,1531.0972904173796,1531.0972904173796,1523.2293701171875,1523.2293701171875,15900,0.0,0.0
2009-06-03 00:00:00+09:00,1517.7218752536526,1517.7218752536526,1514.57470703125,1514.57470703125,18200,0.0,0.0
2009-06-04 00:00:00+09:00,1522.4425543759617,1522.4425543759617,1501.9859619140625,1501.9859619140625,20000,0.0,0.0
2009-06-05 00:00:00+09:00,1493.331589953338,1507.4938494997868,1493.331589953338,1500.4127197265625,19500,0.0,0.0
2009-06-08 00:00:00+09:00,1505.1332760613748,1507.49365234375,1505.1332760613748,1507.49365234375,31800,0.0,0.0
2009-06-09 00:00:00+09:00,1498.052171247719,1509.0672607421875,1498.052171247719,1509.0672607421875,24100,0.0,0.0
2009-06-10 00:00:00+09:00,1515.3613769531248,1530.3104248046875,1515.3613769531248,1530.3104248046875,12100,0.0,0.0
2009-06-11 00:00:00+09:00,1516.9351795302825,1525.589892691503,1514.5748032135862,1524.8031005859375,13500,0.0,0.0
2009-06-12 00:00:00+09:00,1536.6049793494094,1546.0464845988681,1534.2446030370447,1544.472900390625,54900,0.0,0.0
2009-06-15 00:00:00+09:00,1547.6197509765625,1561.782005942286,1545.259375148942,1547.6197509765625,32100,0.0,0.0
2009-06-16 00:00:00+09:00,1542.1124517722208,1565.7162137891426,1533.4577390326829,1535.818115234375,56200,0.0,0.0
2009-06-17 00:00:00+09:00,1553.1275388402173,1559.4218753704715,1549.98037057509,1555.4879150390625,32400,0.0,0.0
2009-06-18 00:00:00+09:00,1552.3404789471865,1564.9291498357597,1549.9801031555792,1557.8480224609375,53700,0.0,0.0
2009-06-19 00:00:00+09:00,1570.4365460909921,1577.5176728018232,1560.208251953125,1560.208251953125,63000,0.0,0.0
2009-06-22 00:00:00+09:00,1577.518065499787,1593.2539065521541,1572.0105211314587,1589.3199462890625,36200,0.0,0.0
2009-06-23 00:00:00+09:00,1581.452026977539,1581.452026977539,1573.5841064453125,1573.5841064453125,27700,0.0,0.0
2009-06-24 00:00:00+09:00,1577.5179443359375,1589.31982421875,1573.583984375,1577.5179443359375,19000,0.0,0.0
2009-06-25 00:00:00+09:00,1589.3199424835132,1664.0651873032825,1589.3199424835132,1640.46142578125,24700,0.0,0.0
2009-06-26 00:00:00+09:00,1652.2629417563385,1675.8666980671433,1628.6591854455337,1667.998779296875,19600,0.0,0.0
2009-06-29 00:00:00+09:00,1675.8665771484375,1675.8665771484375,1648.3288634394257,1675.8665771484375,20800,0.0,0.0
2009-06-30 00:00:00+09:00,1671.9327386820091,1675.8666980671433,1660.1308605266067,1667.998779296875,9100,0.0,0.0
2009-07-01 00:00:00+09:00,1656.1972650478353,1671.9331060459147,1620.7916228021572,1664.065185546875,12300,0.0,0.0
2009-07-02 00:00:00+09:00,1664.065185546875,1664.065185546875,1652.2633047983156,1664.065185546875,12800,0.0,0.0
2009-07-03 00:00:00+09:00,1632.5936238799616,1675.8671898141292,1608.9898606431427,1660.13134765625,14600,0.0,0.0
2009-07-06 00:00:00+09:00,1664.0651879000377,1664.0651879000377,1620.7916250941264,1632.593505859375,13600,0.0,0.0
2009-07-07 00:00:00+09:00,1628.6596667949968,1648.329469534067,1624.7257062471829,1636.527587890625,41800,0.0,0.0
2009-07-08 00:00:00+09:00,1636.52734375,1636.52734375,1616.8575439453125,1616.8575439453125,13700,0.0,0.0
2009-07-09 00:00:00+09:00,1632.5936315112126,1648.329473742646,1605.0559076062043,1608.9898681640625,33900,0.0,0.0
2009-07-10 00:00:00+09:00,1597.1878668152458,1597.1878668152458,1558.6350562369469,1589.3199462890625,34200,0.0,0.0
2009-07-13 00:00:00+09:00,1605.0557879547575,1612.9237084839476,1581.4520263671875,1581.4520263671875,28300,0.0,0.0
2009-07-14 00:00:00+09:00,1557.8482653808594,1577.5180667114257,1557.8482653808594,1573.5841064453125,20200,0.0,0.0
2009-07-15 00:00:00+09:00,1542.8992430894016,1560.9954606269112,1527.1634017524368,1543.68603515625,30100,0.0,0.0
2009-07-16 00:00:00+09:00,1549.9804456825761,1550.7672377869837,1536.6049799076504,1540.5389404296875,16700,0.0,0.0
2009-07-17 00:00:00+09:00,1549.9803960299057,1553.9143564259207,1541.3256831586725,1545.2596435546875,12900,0.0,0.0
2009-07-21 00:00:00+09:00,1568.076489111255,1581.451953393689,1554.7010248288207,1572.7972412109375,18700,0.0,0.0
2009-07-22 00:00:00+09:00,1589.31982421875,1593.2537841796875,1554.7009765624998,1577.5179443359375,16200,0.0,0.0
2009-07-23 00:00:00+09:00,1573.5841064453125,1585.3859872436524,1564.9293938598632,1573.5841064453125,26000,0.0,0.0
2009-07-24 00:00:00+09:00,1601.1218270783377,1601.1218270783377,1573.5841052366955,1589.3199462890625,12500,0.0,0.0
2009-07-27 00:00:00+09:00,1597.1879864904874,1612.923828721921,1597.1879864904874,1608.9898681640625,13100,0.0,0.0
2009-07-28 00:00:00+09:00,1624.7254638671875,1628.659423828125,1593.2537841796875,1593.2537841796875,9100,0.0,0.0
2009-07-29 00:00:00+09:00,1593.2536624100408,1601.1215817305842,1573.5838641086823,1597.1876220703125,11200,0.0,0.0
2009-07-30 00:00:00+09:00,1597.1878668152458,1597.1878668152458,1589.3199462890625,1589.3199462890625,12000,0.0,0.0
2009-07-31 00:00:00+09:00,1620.7917510461457,1620.7917510461457,1589.3200665598126,1601.1219482421875,9000,0.0,0.0
2009-08-03 00:00:00+09:00,1612.923829321768,1612.923829321768,1593.254026525161,1605.055908203125,12500,0.0,0.0
2009-08-04 00:00:00+09:00,1608.9898693637708,1608.9898693637708,1593.2540271206044,1601.1219482421875,19300,0.0,0.0
2009-08-05 00:00:00+09:00,1608.9898687624466,1620.7917504404106,1605.055908203125,1605.055908203125,9000,0.0,0.0
2009-08-06 00:00:00+09:00,1608.9895010511277,1608.9895010511277,1597.1876220703125,1597.1876220703125,12700,0.0,0.0
2009-08-07 00:00:00+09:00,1589.3199468963776,1589.3199468963776,1564.1426012029697,1581.4520263671875,9700,0.0,0.0
2009-08-10 00:00:00+09:00,1597.187744140625,1601.1217041015625,1589.31982421875,1593.2537841796875,4000,0.0,0.0
2009-08-11 00:00:00+09:00,1589.3199462890625,1620.7916283937964,1577.518065499787,1589.3199462890625,6900,0.0,0.0
2009-08-12 00:00:00+09:00,1569.650146179199,1581.452026977539,1558.635057434082,1573.5841064453125,13800,0.0,0.0
2009-08-13 00:00:00+09:00,1585.3857421875,1589.3197018455337,1573.5838632133996,1585.3857421875,7300,0.0,0.0
2009-08-14 00:00:00+09:00,1589.3197018455337,1589.3197018455337,1568.0763196921528,1585.3857421875,19600,0.0,0.0
2009-08-17 00:00:00+09:00,1593.2539077758788,1593.2539077758788,1572.010522338867,1573.5841064453125,18300,0.0,0.0
2009-08-18 00:00:00+09:00,1589.3197018455337,1593.2536615035672,1573.5838632133996,1585.3857421875,12900,0.0,0.0
2009-08-19 00:00:00+09:00,1573.5842243166462,1601.1219482421875,1573.5842243166462,1601.1219482421875,14600,0.0,0.0
2009-08-20 00:00:00+09:00,1605.0556640625,1624.7254638671875,1585.3858642578125,1616.8575439453125,12000,0.0,0.0
2009-08-21 00:00:00+09:00,1620.7912666752654,1691.6025356076798,1601.1214697495948,1667.998779296875,18200,0.0,0.0
2009-08-24 00:00:00+09:00,1734.8765880263206,1746.67846957752,1703.4049038897886,1727.0086669921875,13100,0.0,0.0
2009-08-25 00:00:00+09:00,1730.9423828125,1730.9423828125,1695.5367431640625,1703.4046630859375,8800,0.0,0.0
2009-08-26 00:00:00+09:00,1715.2069042084981,1746.6785905242505,1711.2729434190292,1738.8106689453125,14300,0.0,0.0
2009-08-27 00:00:00+09:00,1734.8764665274784,1734.8764665274784,1687.6689436287716,1711.272705078125,7100,0.0,0.0
2009-08-28 00:00:00+09:00,1730.9426252998023,1750.6124278600275,1711.2728227395774,1742.7445068359375,7100,0.0,0.0
2009-08-31 00:00:00+09:00,1742.7445079431513,1754.5463894867844,1711.2728238267964,1734.8765869140625,5000,0.0,0.0
2009-09-02 00:00:00+09:00,1754.546264922753,1754.546264922753,1730.942503511236,1750.6123046875,13300,0.0,0.0
2009-09-03 00:00:00+09:00,1734.8763427734375,1738.810302734375,1730.9423828125,1730.9423828125,8100,0.0,0.0
2009-09-04 00:00:00+09:00,1734.8763427734375,1742.7442626953125,1730.9423828125,1730.9423828125,6900,0.0,0.0
2009-09-07 00:00:00+09:00,1746.67822265625,1746.67822265625,1730.9423828125,1730.9423828125,3200,0.0,0.0
2009-09-08 00:00:00+09:00,1746.67822265625,1762.4140625,1730.9423828125,1758.4801025390625,12500,0.0,0.0
2009-09-09 00:00:00+09:00,1762.4140625,1762.4140625,1723.074462890625,1730.9423828125,10600,0.0,0.0
2009-09-10 00:00:00+09:00,1730.9423828125,1884.3668212890625,1730.9423828125,1809.62158203125,33200,0.0,0.0
2009-09-11 00:00:00+09:00,1841.0933900983148,1848.9613105688202,1730.942503511236,1750.6123046875,34700,0.0,0.0
2009-09-14 00:00:00+09:00,1730.9419085437362,1782.0833740234375,1707.3381552454125,1782.0833740234375,38600,0.0,0.0
2009-09-15 00:00:00+09:00,1762.4140625,1801.753662109375,1754.546142578125,1758.4801025390625,9200,0.0,0.0
2009-09-16 00:00:00+09:00,1766.3480224609375,1793.8857421875,1730.9423828125,1730.9423828125,17000,0.0,0.0
2009-09-17 00:00:00+09:00,1738.810422901587,1766.34814453125,1730.942502435969,1766.34814453125,18400,0.0,0.0
2009-09-18 00:00:00+09:00,1766.3483768331594,1833.225709586308,1754.5464945826038,1825.3577880859375,18100,0.0,0.0
2009-09-21 00:00:00+09:00,1825.3577880859375,1825.3577880859375,1825.3577880859375,1825.3577880859375,0,0.0,0.0
2009-09-24 00:00:00+09:00,1829.2917410935029,1876.4992698959156,1742.7446049557457,1864.6973876953125,20400,0.0,0.0
2009-09-25 00:00:00+09:00,1848.8944622537365,1848.8944622537365,1809.388170325238,1817.2894287109375,9700,10.0,0.0
2009-09-28 00:00:00+09:00,1825.1905266102804,1844.9436708376643,1817.2892689193268,1840.9930419921875,7400,0.0,0.0
2009-09-29 00:00:00+09:00,1817.2895786218476,1817.2895786218476,1789.6351719906454,1801.487060546875,9800,0.0,0.0
2009-09-30 00:00:00+09:00,1773.832507589589,1817.2894287109375,1773.832507589589,1817.2894287109375,12800,0.0,0.0
2009-10-01 00:00:00+09:00,1817.2901285105738,1852.8458049379547,1809.388867082267,1833.0926513671875,14600,0.0,0.0
2009-10-02 00:00:00+09:00,1738.2773350501113,1781.7342684263642,1738.2773350501113,1773.8330078125,13600,0.0,0.0
2009-10-05 00:00:00+09:00,1773.8324009258154,1809.3880615234375,1761.9805140599412,1809.3880615234375,14200,0.0,0.0
2009-10-06 00:00:00+09:00,1777.7828732052365,1777.7828732052365,1706.6715582770269,1754.0791015625,10900,0.0,0.0
2009-10-07 00:00:00+09:00,1777.783189621647,1785.6844482421877,1769.8819310011063,1785.6844482421875,19500,0.0,0.0
2009-10-08 00:00:00+09:00,1765.9309873838681,1765.9309873838681,1742.2272157411317,1754.0791015625,10500,0.0,0.0
2009-10-09 00:00:00+09:00,1742.2272580550023,1769.8816589765102,1738.2766293519296,1765.9310302734375,8400,0.0,0.0
2009-10-13 00:00:00+09:00,1754.07914416422,1765.9310302734375,1746.1778867580747,1765.9310302734375,11000,0.0,0.0
2009-10-14 00:00:00+09:00,1742.2275390625,1754.0794270833333,1738.2769097222222,1742.2275390625,15100,0.0,0.0
2009-10-15 00:00:00+09:00,1738.2769097222222,1750.1287977430554,1734.3262803819443,1742.2275390625,16200,0.0,0.0
2009-10-16 00:00:00+09:00,1750.1288521192732,1750.1288521192732,1714.5731869520646,1746.17822265625,11100,0.0,0.0
2009-10-19 00:00:00+09:00,1746.178520254303,1754.079780526947,1726.4253695726932,1750.129150390625,12000,0.0,0.0
2009-10-20 00:00:00+09:00,1750.129150390625,1761.9810407995908,1742.2278901179811,1750.129150390625,9600,0.0,0.0
2009-10-21 00:00:00+09:00,1718.5241093000493,1761.9810407995908,1718.5241093000493,1750.129150390625,14200,0.0,0.0
2009-10-22 00:00:00+09:00,1750.128811430008,1750.128811430008,1686.9187414912267,1734.3262939453125,9800,0.0,0.0
2009-10-23 00:00:00+09:00,1730.3756920123924,1738.2769508800288,1686.9187682403917,1718.5238037109375,9500,0.0,0.0
2009-10-26 00:00:00+09:00,1722.474445878111,1761.980740508343,1722.474445878111,1746.17822265625,7900,0.0,0.0
2009-10-27 00:00:00+09:00,1730.3759916813,1730.3759916813,1706.672210973337,1722.4747314453125,21800,0.0,0.0
2009-10-28 00:00:00+09:00,1714.5728393554687,1738.276611328125,1714.5728393554687,1738.276611328125,16900,0.0,0.0
2009-10-29 00:00:00+09:00,1730.3756920123924,1730.3756920123924,1706.6719154094828,1718.5238037109375,23800,0.0,0.0
2009-10-30 00:00:00+09:00,1722.4740966796876,1738.276611328125,1710.6222106933594,1738.276611328125,17100,0.0,0.0
2009-11-02 00:00:00+09:00,1738.2769914740295,1742.2276210001069,1722.4744733697203,1730.375732421875,27300,0.0,0.0
2009-11-04 00:00:00+09:00,1730.3756782304777,1734.3263076328303,1706.6719018163617,1726.425048828125,9400,0.0,0.0
2009-11-05 00:00:00+09:00,1738.2769914740295,1738.2769914740295,1726.4251028957976,1730.375732421875,4000,0.0,0.0
2009-11-06 00:00:00+09:00,1730.375732421875,1734.3263619479521,1726.4251028957976,1730.375732421875,4800,0.0,0.0
2009-11-09 00:00:00+09:00,1730.375760548675,1730.375760548675,1714.5732421875,1714.5732421875,34100,0.0,0.0
2009-11-10 00:00:00+09:00,1734.326390138969,1734.326390138969,1710.6226125972062,1714.5732421875,21000,0.0,0.0
2009-11-11 00:00:00+09:00,1714.5727898428374,1718.5234183908624,1690.8690185546875,1690.8690185546875,15600,0.0,0.0
2009-11-12 00:00:00+09:00,1690.8694135918674,1694.8200430628765,1603.9555652296688,1639.51123046875,13600,0.0,0.0
2009-11-13 00:00:00+09:00,1607.9062548290208,1619.7581436852543,1577.8814697265625,1577.8814697265625,26600,0.0,0.0
2009-11-16 00:00:00+09:00,1600.0049232034123,1623.7086998434627,1600.0049232034123,1611.8568115234375,13200,0.0,0.0
2009-11-17 00:00:00+09:00,1611.857108778626,1611.857108778626,1552.59765625,1552.59765625,9900,0.0,0.0
2009-11-18 00:00:00+09:00,1553.3876435814834,1571.5605407342678,1540.7456281708508,1554.9678955078125,24600,0.0,0.0
2009-11-19 00:00:00+09:00,1592.1037506733219,1592.1037506733219,1562.8690912316779,1569.980224609375,12300,0.0,0.0
2009-11-20 00:00:00+09:00,1570.7700581827717,1577.091064453125,1560.4984229934478,1577.091064453125,23800,0.0,0.0
2009-11-24 00:00:00+09:00,1564.4492461535397,1564.4492461535397,1531.263959113919,1548.646728515625,14600,0.0,0.0
2009-11-25 00:00:00+09:00,1548.6470305531873,1548.6470305531873,1469.6344269535348,1505.980224609375,21300,0.0,0.0
2009-11-26 00:00:00+09:00,1472.7945689640642,1489.3872116401615,1461.7328071799993,1464.893310546875,12500,0.0,0.0
2009-11-27 00:00:00+09:00,1461.7329524113582,1485.4367300180288,1431.7081674429087,1438.0291748046875,15600,0.0,0.0
2009-11-30 00:00:00+09:00,1433.288405321465,1469.6341972976434,1410.3747538582222,1445.930419921875,33400,0.0,0.0
2009-12-01 00:00:00+09:00,1430.9178806614232,1463.313039748733,1425.3869998416385,1461.7327880859375,35400,0.0,0.0
2009-12-02 00:00:00+09:00,1462.5228785777363,1524.9428177498817,1446.7203623316234,1460.942626953125,44200,0.0,0.0
2009-12-03 00:00:00+09:00,1461.7332719397668,1524.943359375,1461.7332719397668,1524.943359375,28100,0.0,0.0
2009-12-04 00:00:00+09:00,1540.7457657442749,1552.59765625,1525.7333711036897,1552.59765625,23000,0.0,0.0
2009-12-07 00:00:00+09:00,1551.8070774951518,1569.1898451656677,1525.732925989378,1553.3873291015625,22100,0.0,0.0
2009-12-08 00:00:00+09:00,1555.7580917745677,1607.906407699972,1539.9555717971723,1556.5482177734375,28900,0.0,0.0
2009-12-09 00:00:00+09:00,1557.3382403249075,1584.2025225019986,1539.1653435580515,1559.7086181640625,9800,0.0,0.0
2009-12-10 00:00:00+09:00,1560.49853515625,1578.6714294897151,1551.80715090981,1560.49853515625,6800,0.0,0.0
2009-12-11 00:00:00+09:00,1560.49853515625,1579.4615553303006,1544.696018344541,1560.49853515625,21500,0.0,0.0
2009-12-14 00:00:00+09:00,1566.0293353976915,1577.0910965962626,1547.0663162001413,1572.350341796875,15900,0.0,0.0
2009-12-15 00:00:00+09:00,1562.0789960032178,1574.7210111453783,1549.436980861057,1559.7086181640625,8400,0.0,0.0
2009-12-16 00:00:00+09:00,1559.7078397580608,1607.9054984334618,1559.7078397580608,1566.8189697265625,16400,0.0,0.0
2009-12-17 00:00:00+09:00,1580.2520674300256,1603.9558484414758,1541.53589177799,1552.59765625,18500,0.0,0.0
2009-12-18 00:00:00+09:00,1548.646852758007,1558.1283641014234,1541.5357192504448,1554.177734375,13400,0.0,0.0
2009-12-21 00:00:00+09:00,1568.3999492747946,1577.881460303156,1536.7949125135897,1555.7579345703125,13500,0.0,0.0
2009-12-22 00:00:00+09:00,1554.9677596135616,1571.560403389926,1551.017130142999,1562.8690185546875,10700,0.0,0.0
2009-12-24 00:00:00+09:00,1543.1159754237522,1575.5111392703338,1543.1159754237522,1565.239501953125,7900,0.0,0.0
2009-12-25 00:00:00+09:00,1565.2392224860912,1566.819474098899,1562.8688450668797,1564.4490966796875,5300,0.0,0.0
2009-12-28 00:00:00+09:00,1578.6714975301502,1643.4618192506068,1572.3504905330326,1627.6593017578125,27900,0.0,0.0
2009-12-29 00:00:00+09:00,1627.6592340723366,1635.5604924901634,1607.9060880277693,1631.60986328125,5100,0.0,0.0
2009-12-30 00:00:00+09:00,1631.6103936767577,1635.561024169922,1580.252197265625,1580.252197265625,20100,0.0,0.0
2010-01-04 00:00:00+09:00,1614.2273691482137,1626.869384765625,1574.7210703438031,1626.869384765625,18800,0.0,0.0
2010-01-05 00:00:00+09:00,1666.3753522891493,1735.9064243619066,1664.795100651132,1704.3013916015625,34100,0.0,0.0
2010-01-06 00:00:00+09:00,1704.301352920846,1734.3261333617327,1686.918585297175,1728.005126953125,18300,0.0,0.0
2010-01-07 00:00:00+09:00,1746.1779465658142,1751.708826939552,1724.0544250708626,1750.918701171875,14500,0.0,0.0
2010-01-08 00:00:00+09:00,1763.560653051594,1771.4619104577391,1740.647006573773,1765.9310302734375,13700,0.0,0.0
2010-01-12 00:00:00+09:00,1758.820054831794,1803.8572260471635,1758.0299290209982,1796.74609375,10900,0.0,0.0
2010-01-13 00:00:00+09:00,1758.8201689323494,1811.7586016899718,1758.0300430702953,1785.6844482421875,13100,0.0,0.0
2010-01-14 00:00:00+09:00,1748.5488062052534,1787.2649795012578,1748.5488062052534,1786.474853515625,9300,0.0,0.0
2010-01-15 00:00:00+09:00,1747.7586802196208,1786.474853515625,1746.968554233988,1786.474853515625,9900,0.0,0.0
2010-01-18 00:00:00+09:00,1786.474299529415,1786.474299529415,1739.066755092544,1765.9310302734375,10200,0.0,0.0
2010-01-19 00:00:00+09:00,1774.6224134201973,1778.5730421232697,1758.819898607907,1765.9310302734375,7200,0.0,0.0
2010-01-20 00:00:00+09:00,1777.7830131644325,1777.7830131644325,1741.4372271175152,1751.7088623046875,7600,0.0,0.0
2010-01-21 00:00:00+09:00,1728.7957852350758,1776.2033479014854,1724.0550289684347,1761.9810791015625,16300,0.0,0.0
2010-01-22 00:00:00+09:00,1753.2893556896918,1757.239985152715,1734.3263342671805,1746.17822265625,12700,0.0,0.0
2010-01-25 00:00:00+09:00,1752.4989436243982,1793.585483330651,1746.177937515744,1764.350830078125,17300,0.0,0.0
2010-01-26 00:00:00+09:00,1765.1409649900581,1796.7459956971318,1745.3878207981372,1750.918701171875,11100,0.0,0.0
2010-01-27 00:00:00+09:00,1750.919005957477,1751.7091318626926,1727.215228801013,1730.375732421875,9100,0.0,0.0
2010-01-28 00:00:00+09:00,1707.4620514262333,1765.1412415021773,1704.3015478604282,1740.6473388671875,10000,0.0,0.0
2010-01-29 00:00:00+09:00,1731.956062369852,1737.486943955887,1703.5115284988142,1707.462158203125,7100,0.0,0.0
2010-02-01 00:00:00+09:00,1708.2519167856512,1708.2519167856512,1671.1160055511805,1677.43701171875,11800,0.0,0.0
2010-02-02 00:00:00+09:00,1652.1533619076845,1678.2275182649078,1651.3632359574656,1669.5361328125,12600,0.0,0.0
2010-02-03 00:00:00+09:00,1670.3260637214983,1719.313866914844,1670.3260637214983,1697.98046875,9600,0.0,0.0
2010-02-04 00:00:00+09:00,1733.5360857886476,1733.5360857886476,1682.177906401108,1710.6224365234375,4500,0.0,0.0
2010-02-05 00:00:00+09:00,1702.721370038693,1702.721370038693,1656.1039404181442,1671.1163330078125,7900,0.0,0.0
2010-02-08 00:00:00+09:00,1644.2519896202482,1644.2519896202482,1598.424687651015,1609.4864501953125,12600,0.0,0.0
2010-02-09 00:00:00+09:00,1644.2522507518502,1654.523889031415,1581.0421690314524,1648.202880859375,18900,0.0,0.0
2010-02-10 00:00:00+09:00,1687.7087082083235,1687.7087082083235,1648.2024182221737,1662.4246826171875,19800,0.0,0.0
2010-02-12 00:00:00+09:00,1663.215057513681,1714.5732421875,1663.215057513681,1714.5732421875,16400,0.0,0.0
2010-02-15 00:00:00+09:00,1675.0666952979109,1710.622356283008,1675.0666952979109,1692.449462890625,6900,0.0,0.0
2010-02-16 00:00:00+09:00,1724.844797067184,1733.5361817523599,1722.4744194257723,1726.425048828125,7200,0.0,0.0
2010-02-17 00:00:00+09:00,1738.277349009762,1760.40087890625,1737.4872229420303,1760.40087890625,12400,0.0,0.0
2010-02-18 00:00:00+09:00,1757.2399067097606,1799.1165771484375,1713.7829845564167,1799.1165771484375,14600,0.0,0.0
2010-02-19 00:00:00+09:00,1759.6101589961634,1799.1164490499614,1722.4742463455932,1728.005126953125,33800,0.0,0.0
2010-02-22 00:00:00+09:00,1730.3757355699756,1792.0055562889063,1730.3757355699756,1776.9931640625,14800,0.0,0.0
2010-02-23 00:00:00+09:00,1776.993269600199,1787.264906996732,1754.8697428999742,1779.3636474609375,10300,0.0,0.0
2010-02-24 00:00:00+09:00,1793.5859354502113,1793.5859354502113,1758.0302671263084,1788.0550537109375,16700,0.0,0.0
2010-02-25 00:00:00+09:00,1776.9929453913317,1804.647348721121,1773.8324421536413,1791.2152099609375,15900,0.0,0.0
2010-02-26 00:00:00+09:00,1803.067262729622,1855.2155709417846,1801.487010965617,1844.15380859375,20400,0.0,0.0
2010-03-01 00:00:00+09:00,1837.8329687706025,1872.5985107421873,1837.8329687706025,1872.5985107421875,9900,0.0,0.0
2010-03-02 00:00:00+09:00,1872.5979965947374,1926.3265467080041,1872.5979965947374,1912.8944091796875,20400,0.0,0.0
2010-03-03 00:00:00+09:00,1912.8949912429157,1912.8949912429157,1855.2157948939966,1882.080078125,15700,0.0,0.0
2010-03-04 00:00:00+09:00,1867.0678404609146,1882.8703613281252,1852.0554456370648,1882.870361328125,18200,0.0,0.0
2010-03-05 00:00:00+09:00,1896.3020724916737,1901.0428276729028,1885.240310402139,1897.88232421875,16700,0.0,0.0
2010-03-08 00:00:00+09:00,1912.1049604023972,1912.1049604023972,1892.351809985017,1903.41357421875,11200,0.0,0.0
2010-03-09 00:00:00+09:00,1894.7220624633026,1899.4628182492825,1892.3516845703125,1892.3516845703125,16000,0.0,0.0
2010-03-10 00:00:00+09:00,1852.845173982319,1888.4008383018092,1852.845173982319,1876.5489501953125,14800,0.0,0.0
2010-03-11 00:00:00+09:00,1882.0798580932617,1904.2033828735352,1879.7094804382325,1896.3021240234375,12600,0.0,0.0
2010-03-12 00:00:00+09:00,1892.3516845703125,1898.6726922849525,1882.8701729983527,1892.3516845703125,25900,0.0,0.0
2010-03-15 00:00:00+09:00,1869.4382034473922,1892.3518585192326,1852.055430634272,1890.7716064453125,10700,0.0,0.0
2010-03-16 00:00:00+09:00,1878.1295898539524,1896.3024887040326,1868.648077410432,1890.7716064453125,7200,0.0,0.0
2010-03-17 00:00:00+09:00,1871.0178865131577,1895.5117862099094,1871.0178865131577,1891.5611572265625,7100,0.0,0.0
2010-03-18 00:00:00+09:00,1878.128941618564,1889.9808280822908,1870.2276839760798,1878.9190673828125,17400,0.0,0.0
2010-03-19 00:00:00+09:00,1893.931605318353,1898.672360275345,1863.9068239240696,1893.1414794921875,18900,0.0,0.0
2010-03-23 00:00:00+09:00,1880.499838960095,1885.2405948566332,1864.6973193049682,1868.64794921875,16000,0.0,0.0
2010-03-24 00:00:00+09:00,1867.8578917422537,1871.8085218009303,1833.8824732376358,1864.6973876953125,35700,0.0,0.0
2010-03-25 00:00:00+09:00,1836.2527352186826,1848.8947506074514,1785.6846736636069,1829.1416015625,54200,0.0,0.0
2010-03-26 00:00:00+09:00,1818.8699148575329,1852.8453302957926,1790.4253810022456,1836.252685546875,141400,0.0,0.0
2010-03-29 00:00:00+09:00,1836.2521091037327,1856.8841552734375,1819.5877641205095,1856.8841552734375,31400,10.0,0.0
2010-03-30 00:00:00+09:00,1846.5687666343194,1898.1488997805295,1842.601064084611,1892.5941162109375,34000,0.0,0.0
2010-03-31 00:00:00+09:00,1912.4326940106887,1967.9805315960614,1892.5941805873413,1898.9425048828125,31400,0.0,0.0
2010-04-01 00:00:00+09:00,1926.7162426364039,1991.7865605508127,1914.0195952384704,1967.9803466796875,46800,0.0,0.0
2010-04-02 00:00:00+09:00,1983.8515923947705,1983.8515923947705,1927.510207170759,1944.174560546875,43600,0.0,0.0
2010-04-05 00:00:00+09:00,1941.7932844799843,1959.2511726118028,1892.5937815630416,1945.760986328125,45800,0.0,0.0
2010-04-06 00:00:00+09:00,1944.1741417194235,1956.8707891755503,1921.9550086712015,1933.0645751953125,25300,0.0,0.0
2010-04-07 00:00:00+09:00,1940.2062423463458,1967.9801558359661,1921.954813481738,1946.5545654296875,53400,0.0,0.0
2010-04-08 00:00:00+09:00,1921.1614637630948,1964.806189292616,1916.4002209780563,1950.5224609375,28000,0.0,0.0
2010-04-09 00:00:00+09:00,1950.5224565075291,1987.8188582389587,1942.5870518838205,1967.9803466796875,20000,0.0,0.0
2010-04-12 00:00:00+09:00,1998.9285376982532,2043.3668061028193,1995.7543756693556,2002.896240234375,25400,0.0,0.0
2010-04-13 00:00:00+09:00,2002.896621930022,2008.4514065391784,1917.987771475778,1983.05810546875,25100,0.0,0.0
2010-04-14 00:00:00+09:00,2039.399168355616,2039.399168355616,1956.0774124500365,1979.090087890625,30500,0.0,0.0
2010-04-15 00:00:00+09:00,1979.883450935966,2014.7992312330332,1967.1868035552145,2000.5155029296875,22500,0.0,0.0
2010-04-16 00:00:00+09:00,1961.6316567839478,2039.398607578781,1961.6316567839478,1985.4378662109375,33700,0.0,0.0
2010-04-19 00:00:00+09:00,1984.6445222605162,1987.8186838315046,1948.9352045868964,1971.9478759765625,27300,0.0,0.0
2010-04-20 00:00:00+09:00,1979.8834208795056,1995.7542298645117,1934.6516152722384,1964.80615234375,20000,0.0,0.0
2010-04-21 00:00:00+09:00,1995.753822416842,2033.8437562045194,1965.5992915015977,2014.0052490234375,21000,0.0,0.0
2010-04-22 00:00:00+09:00,2023.5277771573715,2031.4631802050474,1982.2636813094564,2012.418212890625,36800,0.0,0.0
2010-04-23 00:00:00+09:00,1998.135477468342,2017.1804542194302,1990.993611186684,2005.27734375,18400,0.0,0.0
2010-04-26 00:00:00+09:00,2026.7021722560976,2079.0758384146343,2023.5280106707319,2049.71484375,23900,0.0,0.0
2010-04-27 00:00:00+09:00,2051.3027069244563,2064.792898807518,2049.715625526449,2060.8251953125,10500,0.0,0.0
2010-04-28 00:00:00+09:00,2021.1474549057905,2051.3019909428617,2010.0378889973958,2023.528076171875,30300,0.0,0.0
2010-04-30 00:00:00+09:00,2037.8115721711797,2069.553185444874,2034.6374108438104,2051.3017578125,27600,0.0,0.0
2010-05-06 00:00:00+09:00,2011.625077274309,2051.3021004947095,1993.3736465929246,2013.212158203125,30400,0.0,0.0
2010-05-07 00:00:00+09:00,2052.889034857554,2091.7725148374616,2008.4507720233746,2070.346923828125,33800,0.0,0.0
2010-05-10 00:00:00+09:00,2067.173210756834,2087.01172525546,2051.3023991579335,2084.631103515625,21400,0.0,0.0
2010-05-11 00:00:00+09:00,2094.153370354326,2122.720828229565,2074.314857940966,2075.1083984375,25400,0.0,0.0
2010-05-12 00:00:00+09:00,2110.8173579437475,2116.372140464652,2071.140339937286,2087.8046875,13000,0.0,0.0
2010-05-13 00:00:00+09:00,2071.1405782997494,2071.934118751205,2045.7472838531623,2057.650390625,21300,0.0,0.0
2010-05-14 00:00:00+09:00,2037.0182004413907,2072.727518329923,1999.7218017578125,1999.7218017578125,25400,0.0,0.0
2010-05-17 00:00:00+09:00,1967.186578745901,1979.883224675685,1918.7806161385997,1928.3031005859375,91800,0.0,0.0
2010-05-18 00:00:00+09:00,1928.3031689023094,2010.8313703697333,1927.509628503584,1982.263916015625,65900,0.0,0.0
2010-05-19 00:00:00+09:00,1952.9034948503609,2021.9415298166273,1952.9034948503609,2006.8642578125,31000,0.0,0.0
2010-05-20 00:00:00+09:00,1988.6127224891293,1998.9287501796157,1978.296694798643,1984.64501953125,34500,0.0,0.0
2010-05-21 00:00:00+09:00,1944.9677410616794,1960.045010372235,1917.987364400685,1941.7935791015625,48600,0.0,0.0
2010-05-24 00:00:00+09:00,1919.5742755068727,1940.2063264217875,1895.7680629127403,1913.2259521484375,28800,0.0,0.0
2010-05-25 00:00:00+09:00,1913.2260976583016,1940.2064739836364,1873.5490736504562,1888.6263427734375,37600,0.0,0.0
2010-05-26 00:00:00+09:00,1844.9814453125,1902.9098949932797,1832.2847988071237,1844.9814453125,68300,0.0,0.0
2010-05-27 00:00:00+09:00,1841.8077986046535,1894.975020710001,1801.3372265543142,1893.387939453125,41600,0.0,0.0
2010-05-28 00:00:00+09:00,1894.1814867436663,1917.1941650493077,1866.4075646506506,1891.00732421875,32500,0.0,0.0
2010-05-31 00:00:00+09:00,1891.8002205863534,1948.1415862162323,1891.0066802253693,1937.8255615234375,24800,0.0,0.0
2010-06-01 00:00:00+09:00,1956.0773673459894,1982.2642043124874,1939.413016549127,1965.599853515625,27400,0.0,0.0
2010-06-02 00:00:00+09:00,1936.2383714626917,1946.5543955729438,1915.6063232421875,1915.6063232421875,18700,0.0,0.0
2010-06-03 00:00:00+09:00,1931.4775081586233,1952.1095604232594,1914.8131582525712,1943.380615234375,25800,0.0,0.0
2010-06-04 00:00:00+09:00,1929.8905401878912,1929.8905401878912,1895.7682979066087,1900.529541015625,23200,0.0,0.0
2010-06-07 00:00:00+09:00,1860.8524733930956,1860.8524733930956,1825.936691376338,1839.4268798828125,12600,0.0,0.0
2010-06-08 00:00:00+09:00,1799.7500255408654,1814.033755902301,1791.0210792088772,1805.3048095703125,28600,0.0,0.0
2010-06-09 00:00:00+09:00,1825.1430817937196,1825.1430817937196,1764.8340060474923,1787.8466796875,19000,0.0,0.0
2010-06-10 00:00:00+09:00,1808.4788765648382,1857.6783896613806,1808.4788765648382,1856.09130859375,18000,0.0,0.0
2010-06-11 00:00:00+09:00,1827.5233529534507,1869.5809898212462,1827.5233529534507,1845.7747802734375,43300,0.0,0.0
2010-06-14 00:00:00+09:00,1855.2972899872282,1884.6582821726547,1855.2972899872282,1868.7874755859375,9800,0.0,0.0
2010-06-15 00:00:00+09:00,1849.7426877520163,1865.6134958837367,1841.01374327957,1844.9814453125,9400,0.0,0.0
2010-06-16 00:00:00+09:00,1911.6387748718262,1911.6387748718262,1841.0136810720783,1853.7103271484375,16600,0.0,0.0
2010-06-17 00:00:00+09:00,1854.5037526981184,1854.5037526981184,1821.1750588113744,1833.8717041015625,23000,0.0,0.0
2010-06-18 00:00:00+09:00,1824.3495413233745,1834.6655674378608,1769.595248869563,1787.8466796875,26300,0.0,0.0
2010-06-21 00:00:00+09:00,1773.562750692573,1821.9687139105806,1771.1821295507038,1803.71728515625,29900,0.0,0.0
2010-06-22 00:00:00+09:00,1777.5302237966712,1777.5302237966712,1746.5821529359255,1764.0400390625,32500,0.0,0.0
2010-06-23 00:00:00+09:00,1744.2014544815113,1744.2014544815113,1700.5567411073152,1727.537109375,32700,0.0,0.0
2010-06-24 00:00:00+09:00,1715.6340832310138,1727.537187416243,1705.3180596038153,1711.6663818359375,29000,0.0,0.0
2010-06-25 00:00:00+09:00,1720.3956909750643,1720.3956909750643,1677.544506790261,1696.5894775390625,20900,0.0,0.0
2010-06-28 00:00:00+09:00,1690.2413000424551,1696.58962417407,1668.815706098255,1671.9898681640625,24900,0.0,0.0
2010-06-29 00:00:00+09:00,1681.5124318976152,1706.1121890419408,1654.5320530941613,1658.499755859375,27100,0.0,0.0
2010-06-30 00:00:00+09:00,1628.3449807000031,1630.725602016816,1572.003609535432,1608.5064697265625,26200,0.0,0.0
2010-07-01 00:00:00+09:00,1568.8294477796815,1636.2803850893795,1560.1005029513676,1608.5064697265625,56300,0.0,0.0
2010-07-02 00:00:00+09:00,1658.4997876334744,1676.751220703125,1641.0418951320694,1676.751220703125,28500,0.0,0.0
2010-07-05 00:00:00+09:00,1656.9123562434534,1710.0795630769358,1656.9123562434534,1704.5247802734375,24100,0.0,0.0
2010-07-06 00:00:00+09:00,1704.5248062884223,1742.61474609375,1692.6217000992572,1742.61474609375,18600,0.0,0.0
2010-07-07 00:00:00+09:00,1724.363535746353,1725.157076259812,1667.2286187773068,1674.3704833984375,29600,0.0,0.0
2010-07-08 00:00:00+09:00,1690.2411357735723,1710.07964675683,1689.447595334242,1703.7313232421875,11200,0.0,0.0
2010-07-09 00:00:00+09:00,1696.5892318160445,1721.1889821370444,1683.0990461561414,1714.047119140625,16200,0.0,0.0
2010-07-12 00:00:00+09:00,1725.950368011053,1737.0599335982504,1714.0472620247697,1721.982666015625,17300,0.0,0.0
2010-07-13 00:00:00+09:00,1733.0923094354282,1737.8535520437672,1718.8085816104108,1723.56982421875,24100,0.0,0.0
2010-07-14 00:00:00+09:00,1747.3762143920067,1762.4534841801303,1739.4408092403628,1749.7568359375,14800,0.0,0.0
2010-07-15 00:00:00+09:00,1729.918366473963,1729.918366473963,1702.93798828125,1702.93798828125,18100,0.0,0.0
2010-07-16 00:00:00+09:00,1688.6539001174476,1698.9699248832026,1660.8799872865686,1668.0218505859375,17800,0.0,0.0
2010-07-21 00:00:00+09:00,1665.6412342245771,1689.4474452901975,1632.3125387327084,1633.1060791015625,28300,0.0,0.0
2010-07-22 00:00:00+09:00,1612.4740469817596,1638.660879437664,1612.4740469817596,1625.9642333984375,22800,0.0,0.0
2010-07-23 00:00:00+09:00,1665.6412294861477,1684.6861982844648,1660.8799872865686,1668.0218505859375,19100,0.0,0.0
2010-07-26 00:00:00+09:00,1689.447727846942,1695.0025113579466,1671.1962963107844,1683.8929443359375,7500,0.0,0.0
2010-07-27 00:00:00+09:00,1687.067203080549,1729.9183926225762,1687.067203080549,1708.4927978515625,23700,0.0,0.0
2010-07-28 00:00:00+09:00,1727.5373746700138,1747.3758837957603,1727.5373746700138,1735.4727783203125,16900,0.0,0.0
2010-07-29 00:00:00+09:00,1735.4732215989393,1745.7892489792714,1725.9507347863253,1737.060302734375,19400,0.0,0.0
2010-07-30 00:00:00+09:00,1718.0152648840337,1718.0152648840337,1626.7581030079764,1700.557373046875,18700,0.0,0.0
2010-08-02 00:00:00+09:00,1691.0347750347078,1691.0347750347078,1660.0866960922613,1665.6414794921875,27800,0.0,0.0
2010-08-03 00:00:00+09:00,1666.4348410494501,1707.6989418754365,1666.4348410494501,1704.5247802734375,21600,0.0,0.0
2010-08-04 00:00:00+09:00,1702.937410978806,1744.2015048142662,1698.1761693824067,1741.02734375,31800,0.0,0.0
2010-08-05 00:00:00+09:00,1746.582075603879,1763.2464207141386,1729.9177304936193,1744.9949951171875,28300,0.0,0.0
2010-08-06 00:00:00+09:00,1746.5827123757826,1753.7245771696864,1718.808793732824,1750.5504150390625,30800,0.0,0.0
2010-08-09 00:00:00+09:00,1748.1690781618934,1753.723859617696,1729.9176533785417,1743.4078369140625,14500,0.0,0.0
2010-08-10 00:00:00+09:00,1743.4079982533176,1751.3434010673973,1726.74365234375,1726.74365234375,19800,0.0,0.0
2010-08-11 00:00:00+09:00,1718.8082495296703,1737.0596760020537,1691.0343396803912,1726.74365234375,25400,0.0,0.0
2010-08-12 00:00:00+09:00,1695.002112794552,1721.1889431888496,1695.002112794552,1713.2535400390625,39100,0.0,0.0
2010-08-13 00:00:00+09:00,1718.0146815318703,1746.5821312016844,1718.0146815318703,1738.646728515625,18600,0.0,0.0
2010-08-16 00:00:00+09:00,1738.6471456543416,1738.6471456543416,1698.9701227046762,1734.679443359375,17400,0.0,0.0
2010-08-17 00:00:00+09:00,1745.7888570713596,1748.9630186296713,1734.6792916172692,1746.5823974609375,14300,0.0,0.0
2010-08-18 00:00:00+09:00,1730.7115896693797,1763.2467456420732,1730.7115896693797,1746.5823974609375,18100,0.0,0.0
2010-08-19 00:00:00+09:00,1763.2471088610198,1764.0406494140625,1733.0925678453948,1748.96337890625,29700,0.0,0.0
2010-08-20 00:00:00+09:00,1706.1119406714643,1741.0277199224151,1705.3184002339426,1721.189208984375,24100,0.0,0.0
2010-08-23 00:00:00+09:00,1720.3953023376882,1761.6593963051973,1691.8278526678741,1738.646728515625,65300,0.0,0.0
2010-08-24 00:00:00+09:00,1720.395247573471,1761.6593402274473,1691.827798813026,1744.9949951171875,31800,0.0,0.0
2010-08-25 00:00:00+09:00,1746.582075603879,1751.3433170639532,1731.5048109803108,1744.9949951171875,26300,0.0,0.0
2010-08-26 00:00:00+09:00,1705.3182386981841,1737.8533935546875,1678.337866378157,1737.8533935546875,59100,0.0,0.0
2010-08-27 00:00:00+09:00,1737.8532145469856,1856.8842566392448,1733.091972863295,1796.5751953125,35500,0.0,0.0
2010-08-30 00:00:00+09:00,1818.0009047941273,1856.8843811515749,1792.6076141117126,1814.033203125,23500,0.0,0.0
2010-08-31 00:00:00+09:00,1781.4985415810033,1814.8272448087994,1742.615054481908,1748.96337890625,21900,0.0,0.0
2010-09-01 00:00:00+09:00,1760.8664291961284,1764.0405913037375,1722.7764839048195,1755.3116455078125,37600,0.0,0.0
2010-09-02 00:00:00+09:00,1756.104647459616,1766.4206711455513,1742.6144626395467,1759.27880859375,29800,0.0,0.0
2010-09-03 00:00:00+09:00,1745.7887391786319,1771.182029930321,1744.9951988426415,1761.6595458984375,30200,0.0,0.0
2010-09-06 00:00:00+09:00,1751.3438376554388,1798.9562664090981,1749.7567566969835,1795.7821044921875,32700,0.0,0.0
2010-09-07 00:00:00+09:00,1795.7820658527783,1807.6851727850767,1781.4983375340198,1794.988525390625,12300,0.0,0.0
2010-09-08 00:00:00+09:00,1789.4336209561254,1789.4336209561254,1748.1695197189997,1762.4532470703125,28300,0.0,0.0
2010-09-09 00:00:00+09:00,1773.5629807446871,1773.5629807446871,1756.8986305900391,1760.8663330078125,34700,0.0,0.0
2010-09-10 00:00:00+09:00,1753.7245771696864,1759.2793608982781,1742.6150097125028,1750.5504150390625,31900,0.0,0.0
2010-09-13 00:00:00+09:00,1750.5507133337032,1750.5507133337032,1723.5703306259309,1731.5057373046875,22100,0.0,0.0
2010-09-14 00:00:00+09:00,1734.679318416157,1734.679318416157,1709.286025557366,1719.60205078125,19100,0.0,0.0
2010-09-16 00:00:00+09:00,1723.5697468137962,1726.7439084101384,1706.1118580339144,1721.982666015625,19000,0.0,0.0
2010-09-17 00:00:00+09:00,1719.6023848803025,1729.9184121084722,1705.3186548720673,1716.42822265625,19400,0.0,0.0
2010-09-21 00:00:00+09:00,1729.1244720187653,1729.1244720187653,1695.7957763671875,1695.7957763671875,15500,0.0,0.0
2010-09-22 00:00:00+09:00,1695.796168313419,1711.6669794347426,1680.7188977481617,1686.273681640625,28200,0.0,0.0
2010-09-24 00:00:00+09:00,1672.7831375558035,1691.8281068638391,1666.434814453125,1666.434814453125,37000,0.0,0.0
2010-09-27 00:00:00+09:00,1678.3382191711198,1707.69921875,1672.7834354670074,1707.69921875,41000,0.0,0.0
2010-09-28 00:00:00+09:00,1724.4411272080563,1781.0455285172436,1695.740304009032,1731.6163330078125,36900,10.0,0.0
2010-09-29 00:00:00+09:00,1741.9805570795295,1780.248322177844,1741.9805570795295,1773.870361328125,30800,0.0,0.0
2010-09-30 00:00:00+09:00,1786.625847202734,1796.1927861435786,1730.0214584694031,1735.6021728515625,24600,0.0,0.0
2010-10-01 00:00:00+09:00,1719.657893629126,1761.9118891610424,1715.6716676355488,1757.12841796875,33900,0.0,0.0
2010-10-04 00:00:00+09:00,1757.9255845347768,1769.0870168175375,1722.0495521973326,1748.358642578125,33500,0.0,0.0
2010-10-05 00:00:00+09:00,1747.5611854634676,1813.7325259714364,1725.2383236053574,1792.2069091796875,33800,0.0,0.0
2010-10-06 00:00:00+09:00,1796.192989373059,1824.8938094429348,1783.437069342003,1796.990234375,22100,0.0,0.0
2010-10-07 00:00:00+09:00,1809.7460265259642,1828.0826602749057,1793.8011276138413,1824.096435546875,15300,0.0,0.0
2010-10-08 00:00:00+09:00,1836.8524458922261,1850.4056106405628,1803.3681565139825,1804.962646484375,38600,0.0,0.0
2010-10-12 00:00:00+09:00,1812.138441770527,1849.6089682831598,1737.9946339902106,1761.11474609375,29400,0.0,0.0
2010-10-13 00:00:00+09:00,1812.1382556224708,1849.6087782860238,1722.8467973603867,1748.358642578125,39200,0.0,0.0
2010-10-14 00:00:00+09:00,1759.5200665826105,1781.8429310431056,1758.722821423307,1774.667724609375,27200,0.0,0.0
2010-10-15 00:00:00+09:00,1762.7090955411848,1772.2760377150853,1722.049591302107,1740.38623046875,36500,0.0,0.0
2010-10-18 00:00:00+09:00,1735.6029944426318,1778.654240055816,1735.6029944426318,1765.8983154296875,16200,0.0,0.0
2010-10-19 00:00:00+09:00,1781.0457497437076,1804.1658601924844,1747.5614518523755,1761.911865234375,25400,0.0,0.0
2010-10-20 00:00:00+09:00,1761.911422271312,1780.248056982733,1729.2243777857357,1752.344482421875,31700,0.0,0.0
2010-10-21 00:00:00+09:00,1791.4098813830583,1791.4098813830583,1736.3999651323102,1748.358642578125,29700,0.0,0.0
2010-10-22 00:00:00+09:00,1741.183614970009,1788.2210844220378,1741.183614970009,1761.11474609375,24600,0.0,0.0
2010-10-25 00:00:00+09:00,1761.9116991295664,1779.4510916095892,1720.4549532676942,1745.966796875,27500,0.0,0.0
2010-10-26 00:00:00+09:00,1761.9117981422949,1796.9905850736345,1720.4550499507113,1775.4649658203125,33800,0.0,0.0
2010-10-27 00:00:00+09:00,1776.2619898219411,1793.8013811038454,1756.3308633652318,1770.6812744140625,24200,0.0,0.0
2010-10-28 00:00:00+09:00,1770.6814951523188,1775.4649660982502,1734.008217900177,1750.7503662109375,25700,0.0,0.0
2010-10-29 00:00:00+09:00,1770.6811158804571,1775.4645858017911,1700.5235570342256,1726.8326416015625,18400,0.0,0.0
2010-11-01 00:00:00+09:00,1694.1457025685543,1735.6024444667023,1675.011821692486,1678.998046875,99600,0.0,0.0
2010-11-02 00:00:00+09:00,1674.2149599849863,1674.2149599849863,1626.380246842558,1651.0948486328125,44800,0.0,0.0
2010-11-04 00:00:00+09:00,1672.6201518977757,1699.7264841973583,1660.6614758832538,1665.4449462890625,39700,0.0,0.0
2010-11-05 00:00:00+09:00,1678.998065417326,1710.887867229621,1678.998065417326,1700.523681640625,35900,0.0,0.0
2010-11-08 00:00:00+09:00,1701.3209266859324,1707.6988870483915,1669.4311248736376,1700.523681640625,20400,0.0,0.0
2010-11-09 00:00:00+09:00,1700.5238459188934,1702.118336163543,1662.2560800473009,1667.03955078125,40400,0.0,0.0
2010-11-10 00:00:00+09:00,1661.4587557279149,1679.7953926673304,1647.9055892944336,1658.269775390625,34900,0.0,0.0
2010-11-11 00:00:00+09:00,1639.1360335090362,1656.6754268637048,1623.9883756118222,1654.28369140625,44200,0.0,0.0
2010-11-12 00:00:00+09:00,1654.2836005179042,1686.1734048652372,1647.9056396484375,1647.9056396484375,41800,0.0,0.0
2010-11-15 00:00:00+09:00,1659.864309779576,1678.2009472074963,1647.9056331961497,1674.2147216796875,25600,0.0,0.0
2010-11-16 00:00:00+09:00,1671.823044640412,1672.6202897737646,1634.3525233728396,1637.54150390625,37500,0.0,0.0
2010-11-17 00:00:00+09:00,1636.7441213476181,1644.7165720117566,1631.1634058827212,1640.7303466796875,14600,0.0,0.0
2010-11-18 00:00:00+09:00,1647.1083880905878,1678.2009472074963,1645.5138978794644,1674.2147216796875,25200,0.0,0.0
2010-11-19 00:00:00+09:00,1674.214816231259,1675.0120613818453,1651.094706864256,1655.0809326171875,13900,0.0,0.0
2010-11-22 00:00:00+09:00,1652.6893527573695,1681.3901808805076,1651.8921075317267,1672.6204833984375,22700,0.0,0.0
2010-11-24 00:00:00+09:00,1672.6203494755102,1688.5652527116924,1655.878201077519,1675.0120849609375,23200,0.0,0.0
2010-11-25 00:00:00+09:00,1686.971057065538,1706.9021895923047,1678.2013587537606,1689.36279296875,26300,0.0,0.0
2010-11-26 00:00:00+09:00,1690.15947738604,1699.7264178240741,1666.2421262909545,1678.998046875,20300,0.0,0.0
2010-11-29 00:00:00+09:00,1679.7952842640018,1706.10437034882,1675.011814066762,1680.592529296875,13500,0.0,0.0
2010-11-30 00:00:00+09:00,1674.2147765703648,1694.9431499945695,1662.2560995948622,1663.0533447265625,24700,0.0,0.0
2010-12-01 00:00:00+09:00,1649.5000776233094,1686.173351461237,1649.5000776233094,1683.7816162109375,21000,0.0,0.0
2010-12-02 00:00:00+09:00,1709.2935788127072,1709.2935788127072,1673.4175475409852,1684.5789794921875,23400,0.0,0.0
2010-12-03 00:00:00+09:00,1682.984539642475,1757.1283398256821,1682.984539642475,1723.64404296875,29100,0.0,0.0
2010-12-06 00:00:00+09:00,1725.2382697583787,1735.6024552975925,1714.0768391776867,1727.6300048828125,10500,0.0,0.0
2010-12-07 00:00:00+09:00,1728.4274111178722,1728.4274111178722,1685.3761748630911,1719.65771484375,21100,0.0,0.0
2010-12-08 00:00:00+09:00,1717.2656942557585,1728.4271240234375,1698.1318146540232,1728.4271240234375,19000,0.0,0.0
2010-12-09 00:00:00+09:00,1727.6301620808656,1734.0081229930238,1715.671485370569,1720.4549560546875,16400,0.0,0.0
2010-12-10 00:00:00+09:00,1721.2524333849708,1733.2111117086274,1699.726812402389,1722.846923828125,35600,0.0,0.0
2010-12-13 00:00:00+09:00,1722.8466913967468,1731.6163876509645,1697.3348477481138,1720.4549560546875,20400,0.0,0.0
2010-12-14 00:00:00+09:00,1721.2522060805743,1749.155785150894,1721.2522060805743,1744.372314453125,29100,0.0,0.0
2010-12-15 00:00:00+09:00,1733.2111214140662,1745.1697998046875,1716.4689716671962,1745.1697998046875,25200,0.0,0.0
2010-12-16 00:00:00+09:00,1745.1691819873915,1751.5471415378252,1736.3994876055453,1746.763671875,15000,0.0,0.0
2010-12-17 00:00:00+09:00,1730.0221815407142,1768.2899532982967,1729.2249362957646,1761.11474609375,27300,0.0,0.0
2010-12-20 00:00:00+09:00,1761.9118103500484,1770.681507143646,1746.7641522520164,1748.358642578125,18800,0.0,0.0
2010-12-21 00:00:00+09:00,1752.3446686439152,1773.0730405205038,1740.385992561268,1764.3033447265625,12300,0.0,0.0
2010-12-22 00:00:00+09:00,1759.5202138734332,1766.6954209078062,1734.0083666401076,1745.1697998046875,21100,0.0,0.0
2010-12-24 00:00:00+09:00,1732.413570344393,1745.9667367943953,1731.6163252590989,1733.2108154296875,6900,0.0,0.0
2010-12-27 00:00:00+09:00,1744.37214263403,1758.7225533138346,1744.37214263403,1754.736328125,14800,0.0,0.0
2010-12-28 00:00:00+09:00,1758.7227940641676,1769.8842261207851,1751.5475877420563,1755.5338134765625,9400,0.0,0.0
2010-12-29 00:00:00+09:00,1757.9257701229474,1784.23486328125,1752.3450533923983,1784.23486328125,15600,0.0,0.0
2010-12-30 00:00:00+09:00,1785.0317928151335,1806.5574106829354,1766.695155372191,1773.870361328125,11200,0.0,0.0
2011-01-04 00:00:00+09:00,1774.6675809083972,1810.543610172044,1770.6813554346588,1804.1656494140625,15500,0.0,0.0
2011-01-05 00:00:00+09:00,1808.9491101249591,1832.069217746653,1808.9491101249591,1831.27197265625,25700,0.0,0.0
2011-01-06 00:00:00+09:00,1831.271777846141,1840.838717913252,1803.368202650401,1820.9075927734375,14400,0.0,0.0
2011-01-07 00:00:00+09:00,1831.2716033733443,1831.2716033733443,1804.9625206953642,1805.759765625,15100,0.0,0.0
2011-01-11 00:00:00+09:00,1804.9625062891325,1804.9625062891325,1778.653423821137,1782.6396484375,20900,0.0,0.0
2011-01-12 00:00:00+09:00,1791.4097536648526,1797.7877145145717,1771.4786260094804,1773.870361328125,13200,0.0,0.0
2011-01-13 00:00:00+09:00,1773.870428442263,1793.8015568517264,1771.4786930331272,1785.0318603515625,20300,0.0,0.0
2011-01-14 00:00:00+09:00,1793.8013993124096,1809.746300639631,1788.2206838478821,1792.2069091796875,15700,0.0,0.0
2011-01-17 00:00:00+09:00,1804.9633138020833,1804.9633138020833,1792.2073893229167,1793.8018798828125,5600,0.0,0.0
2011-01-18 00:00:00+09:00,1802.570949388587,1804.165439392469,1791.409519361413,1796.990234375,11000,0.0,0.0
2011-01-19 00:00:00+09:00,1804.1651838943949,1830.4742652326693,1804.1651838943949,1825.6907958984375,15100,0.0,0.0
2011-01-20 00:00:00+09:00,1825.6907922219418,1833.6632410962734,1824.0963024470755,1826.488037109375,21800,0.0,0.0
2011-01-21 00:00:00+09:00,1826.4882763887929,1833.6634813156804,1796.1929666974904,1801.773681640625,29100,0.0,0.0
2011-01-24 00:00:00+09:00,1812.1386884451438,1812.1386884451438,1790.6130639013609,1808.94970703125,9300,0.0,0.0
2011-01-25 00:00:00+09:00,1809.745854594001,1844.8246288680698,1801.773405895349,1835.2576904296875,15700,0.0,0.0
2011-01-26 00:00:00+09:00,1833.6635895307056,1863.9589010099087,1829.6773643360737,1830.474609375,11400,0.0,0.0
2011-01-27 00:00:00+09:00,1836.8529172099088,1847.217104676805,1833.6639364508637,1834.461181640625,8900,0.0,0.0
2011-01-28 00:00:00+09:00,1844.0279333384005,1844.0279333384005,1817.7188447953104,1823.299560546875,24700,0.0,0.0
2011-01-31 00:00:00+09:00,1783.4376912434898,1834.4613891601564,1778.6542195638021,1793.8018798828125,27300,0.0,0.0
2011-02-01 00:00:00+09:00,1793.8012166916271,1826.4882610846746,1786.6260118248606,1804.962646484375,8600,0.0,0.0
2011-02-02 00:00:00+09:00,1806.5571751498592,1840.8387102475838,1806.5571751498592,1822.5020751953125,15000,0.0,0.0
2011-02-03 00:00:00+09:00,1822.501909147351,1823.2991540769867,1778.653438017384,1805.759765625,18100,0.0,0.0
2011-02-04 00:00:00+09:00,1821.7045714532444,1835.257734566901,1813.7321225628582,1825.6907958984375,15300,0.0,0.0
2011-02-07 00:00:00+09:00,1841.635986328125,1848.0139464539366,1823.2993509664163,1841.635986328125,19800,0.0,0.0
2011-02-08 00:00:00+09:00,1848.8117635266535,1865.553914037244,1848.8117635266535,1849.6090087890625,10600,0.0,0.0
2011-02-09 00:00:00+09:00,1864.7564736946308,1867.945454410654,1857.5812670835783,1863.959228515625,14700,0.0,0.0
2011-02-10 00:00:00+09:00,1863.9593105543613,1875.9179887657879,1857.5813488416004,1871.9317626953125,8000,0.0,0.0
2011-02-14 00:00:00+09:00,1748.3585239955357,1918.1717322085085,1725.2384158350842,1897.443359375,15600,0.0,0.0
2011-02-15 00:00:00+09:00,1898.2402456169675,1907.009940157827,1895.8485107421875,1895.8485107421875,8100,0.0,0.0
2011-02-16 00:00:00+09:00,1895.8488691570378,1922.157957753414,1894.2543789390757,1897.443359375,19100,0.0,0.0
2011-02-17 00:00:00+09:00,1911.7937860224547,1911.7937860224547,1853.5948926197696,1869.539794921875,49700,0.0,0.0
2011-02-18 00:00:00+09:00,1865.5539510108526,1879.9043660186285,1850.4062907248672,1866.3511962890625,13700,0.0,0.0
2011-02-21 00:00:00+09:00,1866.3508770364176,1866.3508770364176,1827.2858650864885,1832.0693359375,24600,0.0,0.0
2011-02-22 00:00:00+09:00,1832.0693556348465,1846.4197683421692,1820.1106783787445,1828.0831298828125,23900,0.0,0.0
2011-02-23 00:00:00+09:00,1817.7184395695363,1837.6495628104303,1793.8010916804635,1805.759765625,34500,0.0,0.0
2011-02-24 00:00:00+09:00,1806.5573885889837,1832.0692316758539,1795.395957238478,1803.368408203125,24900,0.0,0.0
2011-02-25 00:00:00+09:00,1804.165598335387,1841.6361167276816,1753.9391587882683,1764.3033447265625,62900,0.0,0.0
2011-02-28 00:00:00+09:00,1784.2349525277352,1820.1109904471937,1783.4377072406362,1814.5302734375,27500,0.0,0.0
2011-03-01 00:00:00+09:00,1824.0968845191471,1849.6087290578764,1824.0968845191471,1832.0693359375,14800,0.0,0.0
2011-03-02 00:00:00+09:00,1830.4744214263208,1847.2165655247322,1818.5157470703125,1818.5157470703125,19700,0.0,0.0
2011-03-03 00:00:00+09:00,1819.3132694032456,1847.216847154829,1819.3132694032456,1836.8526611328125,26100,0.0,0.0
2011-03-04 00:00:00+09:00,1855.9862811586058,1867.1477106844739,1831.2716872084698,1840.0413818359375,13600,0.0,0.0
2011-03-07 00:00:00+09:00,1840.8387102475838,1844.824935258947,1821.70483019304,1822.5020751953125,17900,0.0,0.0
2011-03-08 00:00:00+09:00,1822.5025755071451,1828.0832920550674,1817.7191041803549,1820.11083984375,11600,0.0,0.0
2011-03-09 00:00:00+09:00,1832.8667271798818,1849.6088764929646,1827.2860107421875,1827.2860107421875,5600,0.0,0.0
2011-03-10 00:00:00+09:00,1833.6632447888237,1848.8108976805574,1820.9073265642057,1825.6907958984375,18200,0.0,0.0
2011-03-11 00:00:00+09:00,1833.6637179197276,1839.2444335829616,1804.1656494140625,1804.1656494140625,53300,0.0,0.0
2011-03-14 00:00:00+09:00,1753.9392879353234,1807.3547117042626,1737.9943853177294,1762.708984375,17700,0.0,0.0
2011-03-15 00:00:00+09:00,1682.984630265865,1769.8843577405119,1470.9174054194793,1583.3289794921875,40000,0.0,0.0
2011-03-16 00:00:00+09:00,1560.2088460722496,1643.919591518129,1560.2088460722496,1636.744384765625,35300,0.0,0.0
2011-03-17 00:00:00+09:00,1560.2085423140093,1753.9390869140625,1560.2085423140093,1753.9390869140625,52400,0.0,0.0
2011-03-18 00:00:00+09:00,1756.3304970616512,1814.5293741771757,1745.9663134657358,1797.7872314453125,41500,0.0,0.0
2011-03-22 00:00:00+09:00,1837.6499315415035,1838.4471766311094,1771.4785891042172,1806.557373046875,72500,0.0,0.0
2011-03-23 00:00:00+09:00,1831.272236769112,1889.4711367622094,1814.530087456029,1827.2860107421875,22600,0.0,0.0
2011-03-24 00:00:00+09:00,1827.2855328993826,1850.4056378095404,1799.3819580078125,1799.3819580078125,11000,0.0,0.0
2011-03-25 00:00:00+09:00,1816.9219560559843,1832.069616066982,1777.856938132885,1800.97705078125,15600,0.0,0.0
2011-03-28 00:00:00+09:00,1805.760352368381,1884.6876260480585,1803.3686168023303,1883.890380859375,84700,0.0,0.0
2011-03-29 00:00:00+09:00,1862.2733564967104,1911.1119956825657,1854.2670222039474,1901.50439453125,20500,10.0,0.0
2011-03-30 00:00:00+09:00,1901.5039711970232,1948.7413330078125,1893.49763868672,1948.7413330078125,145500,0.0,0.0
2011-03-31 00:00:00+09:00,1939.1341186373902,1960.751220703125,1913.5138495224453,1960.751220703125,14600,0.0,0.0
2011-04-01 00:00:00+09:00,1959.1497708231693,1961.5516708282653,1871.8807373046875,1871.8807373046875,25900,0.0,0.0
2011-04-04 00:00:00+09:00,1861.4726065774946,1921.5201100154782,1861.4726065774946,1875.0833740234375,22100,0.0,0.0
2011-04-05 00:00:00+09:00,1875.884033203125,1875.884033203125,1808.6308284275967,1819.0390625,22300,0.0,0.0
2011-04-06 00:00:00+09:00,1833.4502851163372,1833.4502851163372,1801.4249526252222,1802.2255859375,14500,0.0,0.0
2011-04-07 00:00:00+09:00,1800.6240592128925,1800.6240592128925,1756.5892333984375,1756.5892333984375,10700,0.0,0.0
2011-04-08 00:00:00+09:00,1740.577174470416,1797.422151189551,1729.3683058215724,1787.013916015625,21800,0.0,0.0
2011-04-11 00:00:00+09:00,1787.0136767181866,1787.0136767181866,1760.5927755839123,1775.8048095703125,7000,0.0,0.0
2011-04-12 00:00:00+09:00,1759.7922309199466,1780.6086995295548,1750.9852634312663,1771.0010986328125,10400,0.0,0.0
2011-04-13 00:00:00+09:00,1770.2006130423597,1791.0170833902118,1768.599346092525,1787.013916015625,5100,0.0,0.0
2011-04-14 00:00:00+09:00,1787.0139226140202,1844.6595330209243,1746.982248720337,1836.6531982421875,15200,0.0,0.0
2011-04-15 00:00:00+09:00,1836.6526504469898,1858.2697479021201,1826.2444183389641,1831.0482177734375,17700,0.0,0.0
2011-04-18 00:00:00+09:00,1829.4472586648508,1841.4567592687774,1825.444091796875,1825.444091796875,6800,0.0,0.0
2011-04-19 00:00:00+09:00,1804.6275332686025,1825.4439999345225,1804.6275332686025,1815.0357666015625,14400,0.0,0.0
2011-04-20 00:00:00+09:00,1815.0361841369063,1880.6881325706188,1803.8273148921262,1816.637451171875,292600,0.0,0.0
2011-04-21 00:00:00+09:00,1802.2258165692283,1820.640385108141,1781.4093477861097,1794.219482421875,27000,0.0,0.0
2011-04-22 00:00:00+09:00,1799.0234181393857,1799.0234181393857,1777.406314316616,1787.013916015625,16400,0.0,0.0
2011-04-25 00:00:00+09:00,1787.0134906074438,1797.4217233036343,1781.4090576171875,1781.4090576171875,9900,0.0,0.0
2011-04-26 00:00:00+09:00,1781.4089766555267,1795.820375118358,1764.5956784488903,1790.2159423828125,30800,0.0,0.0
2011-04-27 00:00:00+09:00,1787.014164052111,1817.4382403218153,1787.014164052111,1806.2293701171875,27100,0.0,0.0
2011-04-28 00:00:00+09:00,1845.4594003616867,1919.9182828925486,1845.4594003616867,1918.3170166015625,50700,0.0,0.0
2011-05-02 00:00:00+09:00,1911.9123733501035,1914.3142733166237,1874.2826072079533,1882.2889404296875,31600,0.0,0.0
2011-05-06 00:00:00+09:00,1857.4694720240632,1900.7036752522095,1857.4694720240632,1879.88720703125,12400,0.0,0.0
2011-05-09 00:00:00+09:00,1894.2984402622885,1897.5009735509823,1871.0800739192596,1882.2889404296875,14500,0.0,0.0
2011-05-10 00:00:00+09:00,1892.6972327001827,1895.0991327416805,1852.665565341888,1887.8934326171875,17300,0.0,0.0
2011-05-11 00:00:00+09:00,1892.6972327001827,1913.513699726496,1886.2921659228555,1887.8934326171875,21800,0.0,0.0
2011-05-12 00:00:00+09:00,1881.488437122769,1881.488437122769,1837.453601360321,1844.6593017578125,14700,0.0,0.0
2011-05-13 00:00:00+09:00,1837.4534632795949,1838.254096596928,1784.6116643356065,1795.0198974609375,14300,0.0,0.0
2011-05-16 00:00:00+09:00,1794.2190902709963,1815.0355545043947,1790.2159240722658,1793.41845703125,19500,0.0,0.0
2011-05-17 00:00:00+09:00,1793.4190791648302,1821.4412522767807,1793.4190791648302,1816.637451171875,11200,0.0,0.0
2011-05-18 00:00:00+09:00,1796.6208942119893,1857.469017188866,1795.820261014925,1831.8487548828125,13800,0.0,0.0
2011-05-19 00:00:00+09:00,1831.849125928218,1849.4630598313738,1773.4028907041095,1779.00732421875,18200,0.0,0.0
2011-05-20 00:00:00+09:00,1779.0074368214705,1799.8239054791475,1744.5802001953125,1744.5802001953125,22200,0.0,0.0
2011-05-23 00:00:00+09:00,1745.3806465813907,1745.3806465813907,1702.1464470789158,1708.551513671875,18500,0.0,0.0
2011-05-24 00:00:00+09:00,1748.5831803282726,1777.4059800040136,1739.7762137606853,1776.6053466796875,34700,0.0,0.0
2011-05-25 00:00:00+09:00,1776.6050843070536,1776.6050843070536,1729.3677251479205,1742.1778564453125,14100,0.0,0.0
2011-05-26 00:00:00+09:00,1742.978886971582,1753.3871210233185,1729.3681193654647,1731.77001953125,12100,0.0,0.0
2011-05-27 00:00:00+09:00,1720.5609801443,1720.5609801443,1702.146414046897,1703.7476806640625,14900,0.0,0.0
2011-05-30 00:00:00+09:00,1710.9531273574578,1710.9531273574578,1696.5417299346996,1699.7442626953125,4800,0.0,0.0
2011-05-31 00:00:00+09:00,1707.7510633394224,1758.1909681637935,1707.7510633394224,1744.5802001953125,19000,0.0,0.0
2011-06-01 00:00:00+09:00,1744.5799191042772,1759.7919514415794,1734.171686452439,1750.9849853515625,18700,0.0,0.0
2011-06-02 00:00:00+09:00,1709.352222186873,1714.1560223429015,1689.33638820342,1695.741455078125,18700,0.0,0.0
2011-06-03 00:00:00+09:00,1694.9409664535153,1706.9504678691046,1649.3048610742755,1650.9061279296875,19300,0.0,0.0
2011-06-06 00:00:00+09:00,1644.5010335924107,1653.3080011530324,1633.2921657879835,1634.8934326171875,11300,0.0,0.0
2011-06-07 00:00:00+09:00,1625.2859338963601,1649.3049378455676,1617.2795992466245,1638.0960693359375,8400,0.0,0.0
2011-06-08 00:00:00+09:00,1638.0957557091344,1638.0957557091344,1602.0672566832739,1613.276123046875,33400,0.0,0.0
2011-06-09 00:00:00+09:00,1613.2763346799754,1622.0833022638362,1589.2573321785364,1608.4725341796875,26200,0.0,0.0
2011-06-10 00:00:00+09:00,1594.060842832727,1608.4722417131836,1594.060842832727,1595.662109375,38200,0.0,0.0
2011-06-13 00:00:00+09:00,1586.0547014789208,1597.2635686271817,1583.652801375722,1594.06103515625,36100,0.0,0.0
2011-06-14 00:00:00+09:00,1610.8744344298314,1610.8744344298314,1592.459865845395,1608.4725341796875,10700,0.0,0.0
2011-06-15 00:00:00+09:00,1611.6749478853667,1625.2857149564304,1609.2730478140024,1623.6844482421875,19500,0.0,0.0
2011-06-16 00:00:00+09:00,1601.266833429256,1623.6845690972655,1601.266833429256,1608.4725341796875,19900,0.0,0.0
2011-06-17 00:00:00+09:00,1608.4722417131836,1608.4722417131836,1594.060842832727,1595.662109375,24300,0.0,0.0
2011-06-20 00:00:00+09:00,1594.06087608013,1613.2760749881777,1594.06087608013,1600.4659423828125,5600,0.0,0.0
2011-06-21 00:00:00+09:00,1601.2665976834037,1612.4754638671875,1598.8646977868787,1612.4754638671875,13900,0.0,0.0
2011-06-22 00:00:00+09:00,1622.0831040219907,1629.2888038917824,1609.272970920139,1621.282470703125,13600,0.0,0.0
2011-06-23 00:00:00+09:00,1606.8712294979975,1617.279463670132,1604.469329304428,1614.8775634765625,11700,0.0,0.0
2011-06-24 00:00:00+09:00,1606.8710307752956,1621.2824301544463,1605.2697641776122,1612.4754638671875,15000,0.0,0.0
2011-06-27 00:00:00+09:00,1612.475644405616,1625.2857786213508,1603.6686771322984,1618.080078125,17000,0.0,0.0
2011-06-28 00:00:00+09:00,1618.8808078879176,1635.694110046991,1613.276373834893,1617.279541015625,10100,0.0,0.0
2011-06-29 00:00:00+09:00,1645.301369696036,1666.1178347140883,1606.0703394697073,1659.7127685546875,21300,0.0,0.0
2011-06-30 00:00:00+09:00,1659.7131989913896,1659.7131989913896,1629.2891268439353,1654.1087646484375,8800,0.0,0.0
2011-07-01 00:00:00+09:00,1655.7095567849822,1660.513356272753,1634.8930923379758,1635.6937255859375,11200,0.0,0.0
2011-07-04 00:00:00+09:00,1638.0958740586332,1677.3269091656093,1638.0958740586332,1666.1180419921875,22500,0.0,0.0
2011-07-05 00:00:00+09:00,1664.5164481921074,1690.9373441951566,1664.5164481921074,1686.133544921875,16400,0.0,0.0
2011-07-06 00:00:00+09:00,1685.3332588955125,1689.33642578125,1666.9186912211196,1689.33642578125,18600,0.0,0.0
2011-07-07 00:00:00+09:00,1689.3362185753151,1698.1431846437172,1682.93115234375,1682.93115234375,7700,0.0,0.0
2011-07-08 00:00:00+09:00,1682.9314468347197,1691.7384144442258,1665.3175116157074,1669.3206787109375,17300,0.0,0.0
2011-07-11 00:00:00+09:00,1670.121201825739,1673.3237352904096,1643.7003007422063,1662.1148681640625,13200,0.0,0.0
2011-07-12 00:00:00+09:00,1641.2982912990974,1656.5103242428452,1635.6938581092957,1654.9090576171875,6900,0.0,0.0
2011-07-13 00:00:00+09:00,1654.9090567452567,1695.7413556780134,1654.9090567452567,1681.3299560546875,24900,0.0,0.0
2011-07-14 00:00:00+09:00,1658.9124320976598,1692.539035450991,1653.307998205438,1676.5263671875,10300,0.0,0.0
2011-07-15 00:00:00+09:00,1660.513563979839,1678.9281309863657,1660.513563979839,1668.5198974609375,8800,0.0,0.0
2011-07-19 00:00:00+09:00,1642.8995703125,1653.3078034577545,1614.877404152199,1621.282470703125,20300,0.0,0.0
2011-07-20 00:00:00+09:00,1624.485198227362,1640.497866519401,1623.68456481276,1634.8934326171875,13500,0.0,0.0
2011-07-21 00:00:00+09:00,1634.8934505740388,1635.6940839974345,1616.4788818359375,1616.4788818359375,6900,0.0,0.0
2011-07-22 00:00:00+09:00,1616.478696561401,1632.4913631940053,1616.478696561401,1622.0831298828125,15100,0.0,0.0
2011-07-25 00:00:00+09:00,1622.8839750686493,1624.4852419409422,1617.279541015625,1617.279541015625,6900,0.0,0.0
2011-07-26 00:00:00+09:00,1625.2857149564304,1629.2888817420373,1621.2825481708235,1623.6844482421875,5600,0.0,0.0
2011-07-27 00:00:00+09:00,1622.0833541741129,1622.0833541741129,1599.6656177886857,1610.0738525390625,13400,0.0,0.0
2011-07-28 00:00:00+09:00,1609.2730712890625,1610.0737046578631,1590.0578704378497,1609.2730712890625,25800,0.0,0.0
2011-07-29 00:00:00+09:00,1609.2730761816601,1609.2730761816601,1596.4629422419057,1598.064208984375,7800,0.0,0.0
2011-08-01 00:00:00+09:00,1596.4627647844145,1606.8709974535207,1578.8488325751582,1581.250732421875,14900,0.0,0.0
2011-08-02 00:00:00+09:00,1581.2507018090287,1581.2507018090287,1534.8139723381812,1538.817138671875,15400,0.0,0.0
2011-08-03 00:00:00+09:00,1513.1970134928652,1513.9976468333375,1458.7539463407409,1467.5609130859375,28700,0.0,0.0
2011-08-04 00:00:00+09:00,1467.56099047692,1489.978725192334,1454.7508563538263,1469.962890625,16100,0.0,0.0
2011-08-05 00:00:00+09:00,1441.94083346912,1448.345901024785,1405.1116950240453,1420.32373046875,20000,0.0,0.0
2011-08-08 00:00:00+09:00,1413.9185966802477,1420.3236639358774,1382.6938938090532,1395.5040283203125,16500,0.0,0.0
2011-08-09 00:00:00+09:00,1368.2822067260743,1411.5164016723634,1346.6651092529298,1409.114501953125,33600,0.0,0.0
2011-08-10 00:00:00+09:00,1409.114501953125,1409.114501953125,1409.114501953125,1409.114501953125,12100,0.0,0.0
2011-08-11 00:00:00+09:00,1394.7032987262132,1409.1146990574828,1364.2792313601992,1396.3045654296875,12600,0.0,0.0
2011-08-12 00:00:00+09:00,1396.3045654296875,1396.3045654296875,1396.3045654296875,1396.3045654296875,5200,0.0,0.0
2011-08-15 00:00:00+09:00,1408.314063207654,1408.314063207654,1376.2887291949728,1381.092529296875,6400,0.0,0.0
2011-08-16 00:00:00+09:00,1375.4880842761047,1388.2982177734375,1375.4880842761047,1388.2982177734375,7200,0.0,0.0
2011-08-17 00:00:00+09:00,1367.48193359375,1381.8933357042229,1365.8806666925864,1367.48193359375,18900,0.0,0.0
2011-08-18 00:00:00+09:00,1322.6466064453125,1322.6466064453125,1322.6466064453125,1322.6466064453125,25400,0.0,0.0
2011-08-19 00:00:00+09:00,1288.2188253742888,1309.0352886805235,1253.7915975985932,1301.82958984375,14000,0.0,0.0
2011-08-22 00:00:00+09:00,1308.2346765318912,1349.867603814424,1284.2156800227378,1287.418212890625,9600,0.0,0.0
2011-08-23 00:00:00+09:00,1294.6241064129174,1330.6526065913845,1294.6241064129174,1327.4500732421875,8300,0.0,0.0
2011-08-24 00:00:00+09:00,1328.2508398137943,1374.6875780351324,1299.4280367798601,1305.032470703125,9500,0.0,0.0
2011-08-25 00:00:00+09:00,1329.0514155398332,1341.0609162826631,1309.0355809684502,1314.6400146484375,7800,0.0,0.0
2011-08-26 00:00:00+09:00,1325.8486194349316,1344.26318359375,1319.44355364056,1344.26318359375,6700,0.0,0.0
2011-08-29 00:00:00+09:00,1358.674900990612,1359.4755344030991,1340.2603325034088,1357.874267578125,6900,0.0,0.0
2011-08-30 00:00:00+09:00,1367.4818134318905,1392.3014482190033,1361.076746390055,1382.69384765625,7800,0.0,0.0
2011-08-31 00:00:00+09:00,1393.9026001766895,1396.3045001195558,1341.0608014336328,1360.2760009765625,13000,0.0,0.0
2011-09-01 00:00:00+09:00,1376.2888332340756,1413.1179701327187,1376.2888332340756,1399.5072021484375,11600,0.0,0.0
2011-09-02 00:00:00+09:00,1401.9089872161117,1411.5165873569417,1400.3077205259733,1403.51025390625,8400,0.0,0.0
2011-09-05 00:00:00+09:00,1403.5105506572602,1403.5105506572602,1373.887110626274,1374.687744140625,3800,0.0,0.0
2011-09-06 00:00:00+09:00,1374.6875569184156,1374.6875569184156,1345.064120921921,1365.0799560546875,6800,0.0,0.0
2011-09-07 00:00:00+09:00,1365.0797960283987,1409.1146281583472,1364.2791627169452,1383.83154296875,9200,0.0,0.0
2011-09-08 00:00:00+09:00,1411.5163629097624,1411.5163629097624,1385.095466723703,1389.0986328125,13100,0.0,0.0
2011-09-09 00:00:00+09:00,1388.2983854631696,1412.317388671875,1387.4977520228795,1401.1085205078125,17700,0.0,0.0
2011-09-12 00:00:00+09:00,1401.1083251812247,1410.7159251253247,1381.09249196435,1387.49755859375,5700,0.0,0.0
2011-09-13 00:00:00+09:00,1384.2950351912662,1416.3203685675824,1377.889968516003,1406.7127685546875,6500,0.0,0.0
2011-09-14 00:00:00+09:00,1417.1209235210024,1445.1430886753724,1397.1050912678809,1430.731689453125,12500,0.0,0.0
2011-09-15 00:00:00+09:00,1422.7256888156467,1441.1402587890625,1409.1149197048612,1441.1402587890625,6800,0.0,0.0
2011-09-16 00:00:00+09:00,1441.140109020462,1521.2034484104877,1441.140109020462,1481.972412109375,18500,0.0,0.0
2011-09-20 00:00:00+09:00,1503.58936365076,1508.3931635346282,1478.7697309174407,1481.171630859375,10300,0.0,0.0
2011-09-21 00:00:00+09:00,1481.1717369083779,1492.3806041066034,1457.953369140625,1457.953369140625,6100,0.0,0.0
2011-09-22 00:00:00+09:00,1457.9535420906643,1461.1560759557728,1416.3206018442534,1429.1307373046875,16200,0.0,0.0
2011-09-26 00:00:00+09:00,1418.7222967617754,1423.5260968636776,1381.092529296875,1381.092529296875,12900,0.0,0.0
2011-09-27 00:00:00+09:00,1396.304426307864,1478.7696533203125,1396.304426307864,1478.7696533203125,11100,0.0,0.0
2011-09-28 00:00:00+09:00,1492.454904332112,1561.6842041015625,1492.454904332112,1561.6842041015625,19900,10.0,0.0
2011-09-29 00:00:00+09:00,1551.2188767322941,1601.933349609375,1528.6791110091472,1601.933349609375,18200,0.0,0.0
2011-09-30 00:00:00+09:00,1601.9334076035245,1605.958365914086,1567.3187661326945,1599.5184326171875,18800,0.0,0.0
2011-10-03 00:00:00+09:00,1589.8587299242547,1589.8587299242547,1533.5093065851672,1559.26904296875,6800,0.0,0.0
2011-10-04 00:00:00+09:00,1558.4641508045524,1558.4641508045524,1529.4844455209968,1538.33935546875,9100,0.0,0.0
2011-10-05 00:00:00+09:00,1547.9990244864393,1547.9990244864393,1497.2845478651989,1498.89453125,6900,0.0,0.0
2011-10-06 00:00:00+09:00,1492.454902390927,1510.1647232391472,1486.8199593937659,1499.6998291015625,12600,0.0,0.0
2011-10-07 00:00:00+09:00,1500.5044256641688,1502.9194005981776,1477.15966796875,1477.15966796875,12000,0.0,0.0
2011-10-11 00:00:00+09:00,1503.7245313112264,1540.754150390625,1502.1145478729918,1540.754150390625,6900,0.0,0.0
2011-10-12 00:00:00+09:00,1544.779196668027,1575.3688837307602,1536.7292790199394,1564.0989990234375,5300,0.0,0.0
2011-10-13 00:00:00+09:00,1581.0039748024108,1592.2738605698414,1576.9790155997568,1588.2489013671875,6400,0.0,0.0
2011-10-14 00:00:00+09:00,1569.734075718774,1593.07883889613,1569.734075718774,1575.3690185546875,8700,0.0,0.0
2011-10-17 00:00:00+09:00,1589.858452091372,1594.6884018192445,1583.4185191208753,1584.2235107421875,21600,0.0,0.0
2011-10-18 00:00:00+09:00,1575.3689548957068,1589.858807316822,1556.854143468726,1572.9539794921875,10600,0.0,0.0
2011-10-19 00:00:00+09:00,1582.6134457223657,1585.833412041231,1562.4886562294566,1568.9285888671875,14200,0.0,0.0
2011-10-20 00:00:00+09:00,1571.3439249067164,1571.3439249067164,1549.6091472568796,1564.0989990234375,2900,0.0,0.0
2011-10-21 00:00:00+09:00,1564.0989076097705,1597.9085597557357,1556.8539821499207,1589.858642578125,10200,0.0,0.0
2011-10-24 00:00:00+09:00,1601.1283579764054,1606.763299407192,1597.9083914445273,1601.933349609375,23800,0.0,0.0
2011-10-25 00:00:00+09:00,1609.9832952478944,1609.9832952478944,1576.9786376953125,1576.9786376953125,5300,0.0,0.0
2011-10-26 00:00:00+09:00,1577.783709179885,1592.2735595703125,1552.0239751524582,1592.2735595703125,4800,0.0,0.0
2011-10-27 00:00:00+09:00,1605.153316141253,1609.9832659390702,1546.388926934477,1601.933349609375,17900,0.0,0.0
2011-10-28 00:00:00+09:00,1602.7386240408316,1603.5436158158395,1581.808837890625,1581.808837890625,14700,0.0,0.0
2011-10-31 00:00:00+09:00,1596.2983504996812,1600.3233085190952,1558.4637451171875,1558.4637451171875,5300,0.0,0.0
2011-11-01 00:00:00+09:00,1557.6590202552977,1557.6590202552977,1520.6294001355336,1525.4593505859375,4100,0.0,0.0
2011-11-02 00:00:00+09:00,1493.2596223105907,1503.7245145424167,1475.5498046875,1475.5498046875,10900,0.0,0.0
2011-11-04 00:00:00+09:00,1491.6494355698162,1522.239116385603,1483.5995195656617,1507.749267578125,9000,0.0,0.0
2011-11-07 00:00:00+09:00,1498.0893489539462,1498.0893489539462,1486.014475104237,1493.2593994140625,5700,0.0,0.0
2011-11-08 00:00:00+09:00,1473.134986894358,1497.2847407778722,1452.2052001953125,1452.2052001953125,2700,0.0,0.0
2011-11-09 00:00:00+09:00,1445.7650157659364,1494.8695068359375,1445.7650157659364,1494.8695068359375,3900,0.0,0.0
2011-11-10 00:00:00+09:00,1483.599798946896,1489.2347412109375,1460.2550381387246,1489.2347412109375,3600,0.0,0.0
2011-11-11 00:00:00+09:00,1497.2845788994232,1497.2845788994232,1465.0849105359948,1473.9398193359375,3500,0.0,0.0
2011-11-14 00:00:00+09:00,1502.9193177076163,1502.9193177076163,1461.059754493478,1461.86474609375,2100,0.0,0.0
2011-11-15 00:00:00+09:00,1444.155059412906,1468.3048095703125,1444.155059412906,1468.3048095703125,1900,0.0,0.0
2011-11-16 00:00:00+09:00,1447.3751334005956,1478.769810932644,1447.3751334005956,1457.0350341796875,2300,0.0,0.0
2011-11-17 00:00:00+09:00,1465.8898563405673,1493.2595735923956,1461.864897921181,1486.0146484375,4800,0.0,0.0
2011-11-18 00:00:00+09:00,1466.6949556175798,1476.354856532734,1455.4250712165665,1474.744873046875,4000,0.0,0.0
2011-11-21 00:00:00+09:00,1474.7449223044944,1474.7449223044944,1441.740259742003,1464.280029296875,1800,0.0,0.0
2011-11-22 00:00:00+09:00,1457.0351838185395,1490.0398482033793,1457.0351838185395,1482.794921875,3300,0.0,0.0
2011-11-24 00:00:00+09:00,1450.5949577632757,1497.2844736069328,1448.984974458322,1488.4295654296875,6600,0.0,0.0
2011-11-25 00:00:00+09:00,1489.2345570821642,1530.2891313584835,1488.4295654296875,1488.4295654296875,4200,0.0,0.0
2011-11-28 00:00:00+09:00,1488.4292931961686,1522.238936416417,1469.1094970703125,1469.1094970703125,2900,0.0,0.0
2011-11-29 00:00:00+09:00,1470.7200174654447,1569.7340087890625,1470.7200174654447,1569.7340087890625,4100,0.0,0.0
2011-11-30 00:00:00+09:00,1557.6588097960505,1601.933349609375,1535.924035705873,1601.933349609375,8700,0.0,0.0
2011-12-01 00:00:00+09:00,1601.933349609375,1608.3732826731311,1589.0534834818623,1601.933349609375,3800,0.0,0.0
2011-12-02 00:00:00+09:00,1601.9334237169635,1618.033257121154,1587.443573653192,1612.3983154296875,3900,0.0,0.0
2011-12-05 00:00:00+09:00,1601.9333620481082,1618.0331948325113,1601.9333620481082,1611.59326171875,2700,0.0,0.0
2011-12-06 00:00:00+09:00,1611.5934286199229,1630.1082382394325,1597.9085693359375,1597.9085693359375,8000,0.0,0.0
2011-12-07 00:00:00+09:00,1595.4936615357917,1627.6933317988753,1593.8836780226375,1603.5435791015625,7100,0.0,0.0
2011-12-08 00:00:00+09:00,1609.1783447265625,1609.98333639476,1589.0535530216282,1609.1783447265625,8300,0.0,0.0
2011-12-09 00:00:00+09:00,1576.9790022220914,1594.688822563534,1569.734075718774,1575.3690185546875,14000,0.0,0.0
2011-12-12 00:00:00+09:00,1603.543076763731,1603.543076763731,1593.8831787109375,1593.8831787109375,2300,0.0,0.0
2011-12-13 00:00:00+09:00,1593.8836780226375,1620.4484059896815,1568.1239418121706,1603.5435791015625,9700,0.0,0.0
2011-12-14 00:00:00+09:00,1603.5433620669028,1603.5433620669028,1576.9786376953125,1576.9786376953125,3200,0.0,0.0
2011-12-15 00:00:00+09:00,1568.1239578474813,1626.0833649137128,1568.1239578474813,1618.033447265625,5500,0.0,0.0
2011-12-16 00:00:00+09:00,1608.3737318530525,1623.6685771509544,1561.6842041015625,1561.6842041015625,4600,0.0,0.0
2011-12-19 00:00:00+09:00,1561.683829803151,1562.488821467998,1546.3889881710581,1555.243896484375,5200,0.0,0.0
2011-12-20 00:00:00+09:00,1564.9037751498288,1608.3733244595462,1555.243875303225,1586.6385498046875,2800,0.0,0.0
2011-12-21 00:00:00+09:00,1586.6386814261855,1602.7385158394395,1586.6386814261855,1594.6885986328125,900,0.0,0.0
2011-12-22 00:00:00+09:00,1586.6385958618914,1603.5434210841643,1546.389011999337,1574.563720703125,5200,0.0,0.0
2011-12-26 00:00:00+09:00,1575.3687859453364,1585.0286865234375,1575.3687859453364,1585.0286865234375,600,0.0,0.0
2011-12-27 00:00:00+09:00,1585.0282721625435,1593.8831787109375,1585.0282721625435,1593.8831787109375,600,0.0,0.0
2011-12-28 00:00:00+09:00,1593.8834539478953,1597.1034205215276,1566.5137380720225,1570.5386962890625,3300,0.0,0.0
2011-12-29 00:00:00+09:00,1580.198741964992,1590.663634295886,1570.5388413518592,1589.858642578125,1500,0.0,0.0
2011-12-30 00:00:00+09:00,1603.5434392215996,1603.5434392215996,1589.0535888671875,1589.0535888671875,3000,0.0,0.0
2012-01-04 00:00:00+09:00,1622.0583210135587,1622.863312736146,1581.80873488419,1597.9085693359375,12500,0.0,0.0
2012-01-05 00:00:00+09:00,1589.0535247663386,1603.5433745362443,1579.3936249197345,1586.6385498046875,2800,0.0,0.0
2012-01-06 00:00:00+09:00,1587.4436731468484,1595.4935903534754,1579.3937559402214,1594.6885986328125,3900,0.0,0.0
2012-01-10 00:00:00+09:00,1603.5434432073116,1607.568401649097,1580.1986842449562,1592.2735595703125,5900,0.0,0.0
2012-01-11 00:00:00+09:00,1606.7628620126545,1617.2277503924963,1589.8580423221406,1596.2979736328125,3100,0.0,0.0
2012-01-12 00:00:00+09:00,1589.8588037735378,1593.8837627704327,1569.7340087890625,1569.7340087890625,5900,0.0,0.0
2012-01-13 00:00:00+09:00,1569.7339016205176,1589.0537034866163,1569.7339016205176,1582.61376953125,2400,0.0,0.0
2012-01-16 00:00:00+09:00,1572.9536280438183,1584.2235107421875,1572.9536280438183,1584.2235107421875,700,0.0,0.0
2012-01-17 00:00:00+09:00,1584.2236426867416,1592.2735595703125,1584.2236426867416,1592.2735595703125,400,0.0,0.0
2012-01-18 00:00:00+09:00,1597.9084513162236,1617.2282512313818,1589.8585346849075,1601.12841796875,3700,0.0,0.0
2012-01-19 00:00:00+09:00,1600.3233663434357,1609.9832659390702,1600.3233663434357,1601.933349609375,2000,0.0,0.0
2012-01-20 00:00:00+09:00,1614.008564132743,1647.818219840262,1614.008564132743,1631.7183837890625,12300,0.0,0.0
2012-01-23 00:00:00+09:00,1638.158496516766,1638.158496516766,1601.9338614586557,1626.0836181640625,2800,0.0,0.0
2012-01-24 00:00:00+09:00,1638.1580386087635,1638.1580386087635,1603.543397006711,1604.348388671875,3300,0.0,0.0
2012-01-25 00:00:00+09:00,1614.0086016845705,1618.8385526123047,1608.373658935547,1609.983642578125,8100,0.0,0.0
2012-01-26 00:00:00+09:00,1614.8135935058594,1622.058519897461,1609.983642578125,1609.983642578125,3000,0.0,0.0
2012-01-27 00:00:00+09:00,1609.9834547305766,1609.9834547305766,1605.95849609375,1605.95849609375,1000,0.0,0.0
2012-01-30 00:00:00+09:00,1609.1783447265625,1609.1783447265625,1609.1783447265625,1609.1783447265625,1000,0.0,0.0
2012-01-31 00:00:00+09:00,1603.5437080078125,1610.7886343994141,1603.5437080078125,1609.983642578125,4700,0.0,0.0
2012-02-01 00:00:00+09:00,1609.983274289915,1618.0331906613644,1601.9333579184654,1608.373291015625,3700,0.0,0.0
2012-02-02 00:00:00+09:00,1640.5733317871095,1640.5733317871095,1600.3237407226563,1609.983642578125,4500,0.0,0.0
2012-02-03 00:00:00+09:00,1609.9835149981195,1617.228440815611,1605.153564453125,1605.153564453125,2600,0.0,0.0
2012-02-06 00:00:00+09:00,1607.568303522649,1633.328035977694,1545.5839473026972,1611.59326171875,8400,0.0,0.0
2012-02-07 00:00:00+09:00,1609.983274289915,1618.0331906613644,1604.3483328299003,1608.373291015625,7800,0.0,0.0
2012-02-08 00:00:00+09:00,1617.2286393342476,1625.2785578973846,1602.7387859206008,1618.838623046875,13200,0.0,0.0
2012-02-09 00:00:00+09:00,1613.2034235435185,1625.2782994682455,1607.5684814453125,1607.5684814453125,12200,0.0,0.0
2012-02-10 00:00:00+09:00,1616.4232073870746,1616.4232073870746,1602.7383495556103,1608.373291015625,9400,0.0,0.0
2012-02-13 00:00:00+09:00,1605.9586304986935,1618.8384992144724,1605.9586304986935,1617.228515625,5200,0.0,0.0
2012-02-14 00:00:00+09:00,1610.788521382346,1622.0584060896688,1601.9336119694497,1618.033447265625,17700,0.0,0.0
2012-02-15 00:00:00+09:00,1613.2033769065295,1623.6682690720909,1612.3983852014865,1619.643310546875,18200,0.0,0.0
2012-02-16 00:00:00+09:00,1618.0335607910158,1622.058519897461,1602.7387161865236,1609.983642578125,9000,0.0,0.0
2012-02-17 00:00:00+09:00,1620.4486067595024,1622.0585904721297,1609.1787207711104,1618.838623046875,4300,0.0,0.0
2012-02-20 00:00:00+09:00,1622.8633469662295,1637.353198278428,1622.8633469662295,1626.8883056640625,4400,0.0,0.0
2012-02-21 00:00:00+09:00,1626.0835513983327,1626.8885432554605,1620.4486083984375,1620.4486083984375,7300,0.0,0.0
2012-02-22 00:00:00+09:00,1630.913322819236,1631.7183145876563,1609.178545071892,1624.473388671875,62000,0.0,0.0
2012-02-23 00:00:00+09:00,1612.3986180419922,1617.2285689697267,1609.178650756836,1609.983642578125,56300,0.0,0.0
2012-02-24 00:00:00+09:00,1609.983642578125,1611.5936262207033,1605.9586834716797,1609.983642578125,8200,0.0,0.0
2012-02-27 00:00:00+09:00,1618.8382508085256,1618.8382508085256,1609.983342425187,1614.00830078125,63800,0.0,0.0
2012-02-28 00:00:00+09:00,1618.03343257311,1619.643416088108,1605.153564453125,1605.153564453125,45800,0.0,0.0
2012-02-29 00:00:00+09:00,1611.5931418413174,1626.082990269461,1610.7881502619762,1613.203125,13400,0.0,0.0
2012-03-01 00:00:00+09:00,1621.2534833873128,1625.2784423828125,1607.5686228026134,1625.2784423828125,15300,0.0,0.0
2012-03-02 00:00:00+09:00,1626.0835513983327,1626.0835513983327,1614.8136653985423,1620.4486083984375,5400,0.0,0.0
2012-03-05 00:00:00+09:00,1626.0833649137128,1627.6933484433303,1614.0084884415812,1618.033447265625,12800,0.0,0.0
2012-03-06 00:00:00+09:00,1617.2282614085364,1617.2282614085364,1601.9334197127862,1609.1783447265625,21400,0.0,0.0
2012-03-07 00:00:00+09:00,1609.178650756836,1613.2036098632814,1604.3486998291016,1609.983642578125,20800,0.0,0.0
2012-03-08 00:00:00+09:00,1614.0084756304602,1615.6184591472986,1603.5435827710107,1606.7635498046875,10900,0.0,0.0
2012-03-09 00:00:00+09:00,1610.7884464579417,1622.0583306410558,1605.95849609375,1605.95849609375,22600,0.0,0.0
2012-03-12 00:00:00+09:00,1608.373291015625,1621.2531572099444,1606.7633077413352,1608.373291015625,9800,0.0,0.0
2012-03-13 00:00:00+09:00,1618.0334213980511,1618.8384131499904,1595.49365234375,1595.49365234375,13100,0.0,0.0
2012-03-14 00:00:00+09:00,1607.5684795484806,1614.008413367403,1601.1285457295583,1605.95849609375,11100,0.0,0.0
2012-03-15 00:00:00+09:00,1614.8132864039442,1616.423269740339,1603.543403049181,1609.1783447265625,8000,0.0,0.0
2012-03-16 00:00:00+09:00,1615.618417583838,1626.0833101740673,1613.2034423707082,1623.6683349609375,10300,0.0,0.0
2012-03-19 00:00:00+09:00,1628.49821930235,1639.7681031729544,1619.643310546875,1619.643310546875,21300,0.0,0.0
2012-03-21 00:00:00+09:00,1626.8884708251953,1635.743380859375,1609.983642578125,1609.983642578125,22900,0.0,0.0
2012-03-22 00:00:00+09:00,1623.668575826949,1634.1334699696115,1618.0336328270537,1620.4486083984375,16400,0.0,0.0
2012-03-23 00:00:00+09:00,1624.4732125289352,1634.1331127025462,1622.0582374855323,1630.108154296875,21000,0.0,0.0
2012-03-26 00:00:00+09:00,1630.9133849765121,1638.1583111684117,1622.8634669855126,1625.2784423828125,26900,0.0,0.0
2012-03-27 00:00:00+09:00,1626.0836181640625,1633.3285451756847,1616.4237154818998,1626.0836181640625,77700,0.0,0.0
2012-03-28 00:00:00+09:00,1630.128441404317,1646.3083763065933,1628.5104479140896,1634.982421875,46800,10.0,0.0
2012-03-29 00:00:00+09:00,1634.9821897966588,1643.0721560994627,1620.420250451612,1637.4091796875,28500,0.0,0.0
2012-03-30 00:00:00+09:00,1638.2182755793233,1639.83626893792,1624.46533203125,1624.46533203125,34300,0.0,0.0
2012-04-02 00:00:00+09:00,1624.4656473795571,1638.218593597412,1618.8026695251465,1630.9376220703125,30100,0.0,0.0
2012-04-03 00:00:00+09:00,1634.173316084285,1638.2182995399392,1629.3193359375,1629.3193359375,29900,0.0,0.0
2012-04-04 00:00:00+09:00,1640.6450931648453,1643.0720829476336,1599.3862668574454,1614.7572021484375,32600,0.0,0.0
2012-04-05 00:00:00+09:00,1605.0494883919534,1613.9484522892878,1592.1055409049216,1598.5775146484375,9300,0.0,0.0
2012-04-06 00:00:00+09:00,1588.0605375624195,1592.914517809681,1565.4086297418653,1569.45361328125,8800,0.0,0.0
2012-04-09 00:00:00+09:00,1569.4535166897876,1573.4984999802252,1558.1275634765625,1558.1275634765625,4700,0.0,0.0
2012-04-10 00:00:00+09:00,1558.936623931997,1558.936623931997,1537.9027099609375,1537.9027099609375,6300,0.0,0.0
2012-04-11 00:00:00+09:00,1529.0035764865966,1547.6104983168566,1511.205651257652,1536.2845458984375,5700,0.0,0.0
2012-04-12 00:00:00+09:00,1550.846657020051,1573.4985643735,1525.7677595930184,1537.9027099609375,10600,0.0,0.0
2012-04-13 00:00:00+09:00,1537.0937013776838,1569.4535687751088,1529.0037345283276,1535.4757080078125,10800,0.0,0.0
2012-04-16 00:00:00+09:00,1535.4756105578058,1554.8915297640162,1532.2396240234375,1532.2396240234375,7700,0.0,0.0
2012-04-17 00:00:00+09:00,1531.430935618597,1531.430935618597,1512.824009300991,1520.10498046875,2900,0.0,0.0
2012-04-18 00:00:00+09:00,1649.5441539802173,1658.4431170473006,1609.9033184995747,1634.1732177734375,34600,0.0,0.0
2012-04-19 00:00:00+09:00,1634.173316084285,1634.173316084285,1616.3753888794067,1629.3193359375,20200,0.0,0.0
2012-04-20 00:00:00+09:00,1619.6114853413646,1633.3644300220856,1616.3754983576657,1626.8924560546875,4500,0.0,0.0
2012-04-23 00:00:00+09:00,1623.6563957202984,1635.7913463609584,1623.6563957202984,1628.5103759765625,8900,0.0,0.0
2012-04-24 00:00:00+09:00,1626.892053259059,1634.173022169716,1622.847070530916,1627.7010498046875,13400,0.0,0.0
2012-04-25 00:00:00+09:00,1632.5552244885134,1636.6002077008238,1627.7012446337408,1634.1732177734375,17900,0.0,0.0
2012-04-26 00:00:00+09:00,1638.2181275138514,1639.8361207262108,1630.9371580582342,1635.7911376953125,9000,0.0,0.0
2012-04-27 00:00:00+09:00,1642.2633332911423,1642.2633332911423,1613.9484482343985,1622.847412109375,12000,0.0,0.0
2012-05-01 00:00:00+09:00,1622.8474238971503,1632.555384558549,1617.1844468446677,1625.2744140625,6600,0.0,0.0
2012-05-02 00:00:00+09:00,1622.038268136506,1634.1732177734375,1617.9932849241957,1634.1732177734375,9600,0.0,0.0
2012-05-07 00:00:00+09:00,1610.7123175726997,1616.3752940784802,1598.5773679174558,1601.8133544921875,11500,0.0,0.0
2012-05-08 00:00:00+09:00,1625.2740469923447,1626.0830435314151,1595.3411750467415,1609.0941162109375,6200,0.0,0.0
2012-05-09 00:00:00+09:00,1593.7234156584939,1593.7234156584939,1566.217529296875,1566.217529296875,7300,0.0,0.0
2012-05-10 00:00:00+09:00,1556.5096187354122,1564.5995855687565,1551.655638635406,1559.74560546875,7300,0.0,0.0
2012-05-11 00:00:00+09:00,1554.891332188033,1557.318321780418,1538.7114015721324,1541.9473876953125,11000,0.0,0.0
2012-05-14 00:00:00+09:00,1537.9024272613854,1541.9474099738036,1497.4526001372037,1498.2615966796875,8400,0.0,0.0
2012-05-15 00:00:00+09:00,1498.2620185228977,1499.8800120634191,1415.744347956302,1416.5533447265625,15000,0.0,0.0
2012-05-16 00:00:00+09:00,1418.9798708347414,1426.2608393852047,1415.7438848123134,1421.4068603515625,6500,0.0,0.0
2012-05-17 00:00:00+09:00,1420.5983979185803,1444.868302211039,1409.2724425820998,1431.1153564453125,5600,0.0,0.0
2012-05-18 00:00:00+09:00,1437.5870150148626,1437.5870150148626,1377.7212642489087,1384.1932373046875,14700,0.0,0.0
2012-05-21 00:00:00+09:00,1393.0922364700673,1414.935146101131,1384.1932732870412,1391.4742431640625,11200,0.0,0.0
2012-05-22 00:00:00+09:00,1409.2722679191288,1439.2051461699944,1394.7103271484375,1394.7103271484375,6200,0.0,0.0
2012-05-23 00:00:00+09:00,1391.4741334226364,1394.7101197794334,1373.676208460254,1377.72119140625,12800,0.0,0.0
2012-05-24 00:00:00+09:00,1380.148205289458,1412.5080694228568,1377.7212154794531,1390.6651611328125,4300,0.0,0.0
2012-05-25 00:00:00+09:00,1390.6652103604663,1399.5641733121622,1382.5752440407427,1384.1932373046875,8300,0.0,0.0
2012-05-28 00:00:00+09:00,1392.2835489312224,1392.2835489312224,1379.339599609375,1379.339599609375,4600,0.0,0.0
2012-05-29 00:00:00+09:00,1380.1483479584529,1426.2611591153295,1380.1483479584529,1411.69921875,8100,0.0,0.0
2012-05-30 00:00:00+09:00,1402.8001963060956,1402.8001963060956,1380.1482900220294,1391.4742431640625,8600,0.0,0.0
2012-05-31 00:00:00+09:00,1378.53028545145,1391.474231793717,1376.1032955122748,1380.957275390625,8200,0.0,0.0
2012-06-01 00:00:00+09:00,1376.9123425300197,1390.6652860218,1355.0694322783684,1366.3953857421875,7000,0.0,0.0
2012-06-04 00:00:00+09:00,1357.4963873035178,1387.429263543226,1342.9344475112275,1351.0244140625,13800,0.0,0.0
2012-06-05 00:00:00+09:00,1350.2154034607256,1383.384265978335,1336.4624604656194,1372.8673095703125,6200,0.0,0.0
2012-06-06 00:00:00+09:00,1381.7665225878416,1450.53125,1381.7665225878416,1450.53125,22400,0.0,0.0
2012-06-07 00:00:00+09:00,1450.5309994414456,1523.3406982421875,1450.5309994414456,1523.3406982421875,8700,0.0,0.0
2012-06-08 00:00:00+09:00,1524.1496828769116,1524.1496828769116,1480.463863940949,1520.9136962890625,23400,0.0,0.0
2012-06-11 00:00:00+09:00,1529.8126336105731,1560.5545056767824,1521.7226672773602,1540.32958984375,9100,0.0,0.0
2012-06-12 00:00:00+09:00,1539.5207199926722,1591.2965087890625,1532.2397496931796,1591.2965087890625,14500,0.0,0.0
2012-06-13 00:00:00+09:00,1582.3973631319286,1608.2852545533099,1581.5883665250103,1587.2513427734375,5900,0.0,0.0
2012-06-14 00:00:00+09:00,1585.6333131587883,1585.6333131587883,1555.7004393899742,1563.7904052734375,3600,0.0,0.0
2012-06-15 00:00:00+09:00,1596.1501950640109,1597.7681881659512,1573.498291636848,1589.67822265625,6300,0.0,0.0
2012-06-18 00:00:00+09:00,1594.5323859389948,1600.195362449179,1580.7794429856904,1585.6334228515625,7400,0.0,0.0
2012-06-19 00:00:00+09:00,1579.1612789441433,1587.2512445125049,1567.8353271484375,1567.8353271484375,7300,0.0,0.0
2012-06-20 00:00:00+09:00,1597.768310546875,1602.6222902244858,1582.3973749011077,1597.768310546875,4600,0.0,0.0
2012-06-21 00:00:00+09:00,1606.6671265937264,1617.184081601641,1596.150171585812,1609.0941162109375,6800,0.0,0.0
2012-06-22 00:00:00+09:00,1605.8585354564636,1605.8585354564636,1577.5436494408584,1592.1055908203125,2200,0.0,0.0
2012-06-25 00:00:00+09:00,1617.1840924747655,1617.1840924747655,1579.1612548828125,1579.1612548828125,4300,0.0,0.0
2012-06-26 00:00:00+09:00,1579.1614484690658,1601.8133544921875,1553.2735558712122,1601.8133544921875,7800,0.0,0.0
2012-06-27 00:00:00+09:00,1601.8133544921875,1601.8133544921875,1569.4534887448706,1601.8133544921875,5000,0.0,0.0
2012-06-28 00:00:00+09:00,1602.6222902244858,1602.6222902244858,1589.6783444175237,1597.768310546875,6000,0.0,0.0
2012-06-29 00:00:00+09:00,1565.4087247038326,1609.9035463362413,1563.7907311899269,1580.7796630859375,7300,0.0,0.0
2012-07-02 00:00:00+09:00,1580.7793959059732,1580.7793959059732,1551.655517578125,1551.655517578125,5300,0.0,0.0
2012-07-03 00:00:00+09:00,1567.8356816254843,1592.9145805575743,1549.2287566113532,1565.40869140625,8400,0.0,0.0
2012-07-04 00:00:00+09:00,1567.0268255269752,1598.5777012087265,1567.0268255269752,1586.4427490234375,5500,0.0,0.0
2012-07-05 00:00:00+09:00,1598.5774960532708,1598.5774960532708,1560.5546507524086,1561.3636474609375,2100,0.0,0.0
2012-07-06 00:00:00+09:00,1585.6332513988325,1589.6782341830133,1567.0263305916012,1567.8353271484375,4000,0.0,0.0
2012-07-09 00:00:00+09:00,1569.453490584936,1577.54345703125,1567.8354972956731,1577.54345703125,9300,0.0,0.0
2012-07-10 00:00:00+09:00,1567.8356224060058,1584.8245532989501,1553.273681640625,1553.273681640625,4400,0.0,0.0
2012-07-11 00:00:00+09:00,1549.228711205506,1553.273694785677,1519.2958327122403,1547.6107177734375,5400,0.0,0.0
2012-07-12 00:00:00+09:00,1519.2958984375,1519.2958984375,1509.58793742512,1519.2958984375,2100,0.0,0.0
2012-07-13 00:00:00+09:00,1499.0710099689873,1527.3858968275488,1491.7900390625,1491.7900390625,6200,0.0,0.0
2012-07-17 00:00:00+09:00,1492.5985838651527,1492.5985838651527,1480.4636360288507,1490.9805908203125,2500,0.0,0.0
2012-07-18 00:00:00+09:00,1469.9467407495144,1477.2277097460722,1459.429785532264,1470.7557373046875,2900,0.0,0.0
2012-07-19 00:00:00+09:00,1460.2390974943858,1478.8460222824028,1459.430100764472,1469.1380615234375,9500,0.0,0.0
2012-07-20 00:00:00+09:00,1472.3738671103015,1472.3738671103015,1432.7330322265625,1432.7330322265625,5600,0.0,0.0
2012-07-23 00:00:00+09:00,1432.7333820522233,1453.7672995752937,1399.5645121119967,1446.486328125,5700,0.0,0.0
2012-07-24 00:00:00+09:00,1431.924088940729,1431.924088940729,1383.3842893156195,1385.811279296875,5400,0.0,0.0
2012-07-25 00:00:00+09:00,1385.8110954682409,1386.6200920213455,1359.9232057688926,1365.586181640625,8500,0.0,0.0
2012-07-26 00:00:00+09:00,1360.7323364766137,1384.1932388296589,1342.934410553614,1359.92333984375,7500,0.0,0.0
2012-07-27 00:00:00+09:00,1384.1932000915667,1415.7440678902642,1384.1932000915667,1401.18212890625,3000,0.0,0.0
2012-07-30 00:00:00+09:00,1391.4742417609555,1407.6541748046875,1388.238255152209,1407.6541748046875,2400,0.0,0.0
2012-07-31 00:00:00+09:00,1406.8450439312571,1422.2159788563256,1405.22705078125,1405.22705078125,1900,0.0,0.0
2012-08-01 00:00:00+09:00,1407.6539795762772,1410.8899657362226,1407.6539795762772,1409.27197265625,4800,0.0,0.0
2012-08-02 00:00:00+09:00,1413.3173710580813,1461.857177734375,1413.3173710580813,1461.857177734375,1000,0.0,0.0
2012-08-03 00:00:00+09:00,1429.497132810828,1429.497132810828,1413.3171992193074,1417.3621826171875,9200,0.0,0.0
2012-08-06 00:00:00+09:00,1385.002417936694,1398.7553625073272,1376.103453802755,1380.1484375,3600,0.0,0.0
2012-08-07 00:00:00+09:00,1375.294250668326,1395.5191661193307,1371.249267578125,1371.249267578125,3900,0.0,0.0
2012-08-08 00:00:00+09:00,1371.2494238338227,1401.1823021122011,1371.2494238338227,1386.620361328125,4400,0.0,0.0
2012-08-09 00:00:00+09:00,1379.339440760551,1401.991349465123,1379.339440760551,1380.1484375,2000,0.0,0.0
2012-08-10 00:00:00+09:00,1399.5643310546875,1399.5643310546875,1379.3394129758624,1399.5643310546875,2700,0.0,0.0
2012-08-13 00:00:00+09:00,1384.1932607009085,1401.1821902594818,1384.1932607009085,1397.13720703125,2600,0.0,0.0
2012-08-14 00:00:00+09:00,1402.80039963213,1416.5533447265625,1402.80039963213,1416.5533447265625,5800,0.0,0.0
2012-08-15 00:00:00+09:00,1410.0809573243862,1419.7889157224888,1400.3729989262838,1414.9349365234375,1100,0.0,0.0
2012-08-16 00:00:00+09:00,1431.9241180589277,1490.9808754703975,1431.9241180589277,1457.81201171875,4300,0.0,0.0
2012-08-17 00:00:00+09:00,1490.9808965274117,1490.9808965274117,1482.890929644463,1486.9359130859375,2500,0.0,0.0
2012-08-20 00:00:00+09:00,1487.7449610448145,1487.7449610448145,1472.3740234375,1472.3740234375,1500,0.0,0.0
2012-08-21 00:00:00+09:00,1480.4641093378482,1495.835048177968,1474.8011318704357,1488.5540771484375,3800,0.0,0.0
2012-08-22 00:00:00+09:00,1488.5540771484375,1488.5540771484375,1456.1942059060802,1488.5540771484375,3700,0.0,0.0
2012-08-23 00:00:00+09:00,1487.7447872409573,1495.0257568359375,1484.5088007542995,1495.0257568359375,2800,0.0,0.0
2012-08-24 00:00:00+09:00,1495.8350228994373,1495.8350228994373,1486.1270616907875,1491.7900390625,1800,0.0,0.0
2012-08-27 00:00:00+09:00,1503.1158217969598,1503.1158217969598,1488.5538816503802,1490.171875,2100,0.0,0.0
2012-08-28 00:00:00+09:00,1490.9809986645023,1497.4529726142127,1437.5872135793927,1465.902099609375,6900,0.0,0.0
2012-08-29 00:00:00+09:00,1474.8006838740646,1479.6546630859375,1474.8006838740646,1479.6546630859375,1900,0.0,0.0
2012-08-30 00:00:00+09:00,1476.419030614646,1477.22802734375,1473.1830436982304,1477.22802734375,1100,0.0,0.0
2012-08-31 00:00:00+09:00,1470.7560075645702,1470.7560075645702,1459.4300537109375,1459.4300537109375,2300,0.0,0.0
2012-09-03 00:00:00+09:00,1449.721997206704,1477.2278833144205,1415.7441378971719,1448.10400390625,9100,0.0,0.0
2012-09-04 00:00:00+09:00,1457.0035670965976,1457.0035670965976,1427.0706787109375,1427.0706787109375,4500,0.0,0.0
2012-09-05 00:00:00+09:00,1423.8339720063327,1423.8339720063327,1400.3730713312284,1405.22705078125,3800,0.0,0.0
2012-09-06 00:00:00+09:00,1405.227372078854,1405.227372078854,1385.8114498394223,1387.429443359375,2400,0.0,0.0
2012-09-07 00:00:00+09:00,1388.2383534725748,1407.6542745001632,1388.2383534725748,1394.7103271484375,5800,0.0,0.0
2012-09-10 00:00:00+09:00,1394.710193520328,1395.5191901523003,1378.530260880881,1384.1932373046875,2000,0.0,0.0
2012-09-11 00:00:00+09:00,1375.294286880135,1385.00224655223,1375.294286880135,1378.5302734375,3600,0.0,0.0
2012-09-12 00:00:00+09:00,1387.4295605046605,1406.845484383443,1386.620563676378,1403.6094970703125,1900,0.0,0.0
2012-09-13 00:00:00+09:00,1403.6091554708937,1411.6991217848472,1392.2832026313592,1400.3731689453125,1900,0.0,0.0
2012-09-14 00:00:00+09:00,1432.733067551938,1456.1939704085196,1423.0251077492144,1448.10400390625,10600,0.0,0.0
2012-09-18 00:00:00+09:00,1444.059055511829,1463.4749755859375,1413.317182061157,1463.4749755859375,4900,0.0,0.0
2012-09-19 00:00:00+09:00,1480.4638539692746,1496.6437867995398,1467.5199077050622,1494.216796875,3200,0.0,0.0
2012-09-20 00:00:00+09:00,1493.4078163189595,1493.4078163189595,1447.2950072560232,1448.10400390625,6400,0.0,0.0
2012-09-21 00:00:00+09:00,1449.7220449500555,1477.2279319636168,1448.1040515963166,1457.81201171875,3300,0.0,0.0
2012-09-24 00:00:00+09:00,1480.46369623564,1480.46369623564,1429.4969132504787,1478.845703125,3700,0.0,0.0
2012-09-25 00:00:00+09:00,1451.3401910937073,1482.8910648131357,1451.3401910937073,1481.2730712890625,4200,0.0,0.0
2012-09-26 00:00:00+09:00,1486.9672531292001,1513.8107538694976,1476.3925407163558,1512.997314453125,7100,10.0,0.0
2012-09-27 00:00:00+09:00,1480.4597326330236,1537.4004915804476,1480.4597326330236,1504.8629150390625,5500,0.0,0.0
2012-09-28 00:00:00+09:00,1527.6386800216417,1536.5865104158045,1505.675823599605,1535.7730712890625,2900,0.0,0.0
2012-10-01 00:00:00+09:00,1534.146447073939,1534.146447073939,1500.7954373549403,1533.3330078125,2400,0.0,0.0
2012-10-02 00:00:00+09:00,1533.3328908640187,1533.3328908640187,1510.5565932808927,1512.1834716796875,2400,0.0,0.0
2012-10-03 00:00:00+09:00,1505.6762088795242,1505.6762088795242,1424.332275390625,1424.332275390625,10800,0.0,0.0
2012-10-04 00:00:00+09:00,1425.1459011423472,1488.594177563068,1409.6905517578125,1409.6905517578125,6900,0.0,0.0
2012-10-05 00:00:00+09:00,1416.1979552164244,1417.824833970263,1407.2501220703125,1407.2501220703125,7600,0.0,0.0
2012-10-09 00:00:00+09:00,1409.6900097855896,1410.5034489141447,1392.6077880859375,1392.6077880859375,2800,0.0,0.0
2012-10-10 00:00:00+09:00,1383.6599888186483,1399.1153326090978,1369.0180841750648,1374.712158203125,5700,0.0,0.0
2012-10-11 00:00:00+09:00,1369.8317534852172,1373.0855106193862,1358.443603515625,1358.443603515625,6600,0.0,0.0
2012-10-12 00:00:00+09:00,1377.9660603621987,1390.16764885419,1358.443518775013,1359.2569580078125,4600,0.0,0.0
2012-10-15 00:00:00+09:00,1358.4435116505495,1362.5107077932157,1344.6150447654838,1351.12255859375,8500,0.0,0.0
2012-10-16 00:00:00+09:00,1348.6827022020689,1355.1902182561198,1344.615504668287,1347.8692626953125,6900,0.0,0.0
2012-10-17 00:00:00+09:00,1364.9511632670024,1371.4586777521847,1338.107666015625,1338.107666015625,12300,0.0,0.0
2012-10-18 00:00:00+09:00,1346.2420716615052,1376.3393264358108,1346.2420716615052,1354.37646484375,6900,0.0,0.0
2012-10-19 00:00:00+09:00,1366.5779790041936,1386.1005215613964,1366.5779790041936,1382.0333251953125,6500,0.0,0.0
2012-10-22 00:00:00+09:00,1382.0329944880232,1406.4361668450808,1373.8986037023374,1403.995849609375,5300,0.0,0.0
2012-10-23 00:00:00+09:00,1393.4215892493207,1403.182861328125,1387.7275138700181,1403.182861328125,3400,0.0,0.0
2012-10-24 00:00:00+09:00,1386.1003767553116,1400.7422821435719,1386.1003767553116,1397.488525390625,2900,0.0,0.0
2012-10-25 00:00:00+09:00,1397.4887859488224,1403.182861328125,1388.5409532099186,1403.182861328125,5800,0.0,0.0
2012-10-26 00:00:00+09:00,1401.5559826483243,1403.182861328125,1388.5409532099186,1403.182861328125,8400,0.0,0.0
2012-10-29 00:00:00+09:00,1382.8469228090528,1384.4738015417693,1362.510938650096,1364.1378173828125,10700,0.0,0.0
2012-10-30 00:00:00+09:00,1364.9511075199398,1379.5930145135983,1360.8839111328125,1360.8839111328125,8200,0.0,0.0
2012-10-31 00:00:00+09:00,1347.0553795245055,1365.7644820179014,1347.0553795245055,1356.816650390625,2900,0.0,0.0
2012-11-01 00:00:00+09:00,1352.7496233845102,1369.8318495366898,1346.2421086598702,1355.18994140625,6300,0.0,0.0
2012-11-02 00:00:00+09:00,1349.4957542666411,1412.94401757755,1349.4957542666411,1382.0333251953125,8500,0.0,0.0
2012-11-05 00:00:00+09:00,1379.5928306105855,1379.5928306105855,1370.6449997516725,1375.525634765625,1900,0.0,0.0
2012-11-06 00:00:00+09:00,1375.525749792023,1378.779506740082,1367.391357421875,1367.391357421875,2000,0.0,0.0
2012-11-07 00:00:00+09:00,1368.2051315811057,1368.2051315811057,1351.1229034222454,1356.0035400390625,3400,0.0,0.0
2012-11-08 00:00:00+09:00,1356.8168526785714,1389.3544270833333,1356.8168526785714,1366.578125,1500,0.0,0.0
2012-11-09 00:00:00+09:00,1351.9360657292139,1353.5629442679974,1344.6151123046875,1344.6151123046875,4000,0.0,0.0
2012-11-12 00:00:00+09:00,1345.428667696525,1345.428667696525,1336.4808349609375,1336.4808349609375,7800,0.0,0.0
2012-11-13 00:00:00+09:00,1337.29407742516,1342.17471274423,1332.41344210609,1334.853759765625,4700,0.0,0.0
2012-11-14 00:00:00+09:00,1334.04057503911,1342.1749687893487,1330.7868175390147,1332.4136962890625,5300,0.0,0.0
2012-11-15 00:00:00+09:00,1334.040381654046,1350.3091667961685,1334.040381654046,1349.4957275390625,7400,0.0,0.0
2012-11-16 00:00:00+09:00,1350.3091670123524,1382.8467373018068,1349.4957277551161,1378.779541015625,4200,0.0,0.0
2012-11-19 00:00:00+09:00,1376.3391432837043,1398.302001953125,1376.3391432837043,1398.302001953125,4400,0.0,0.0
2012-11-20 00:00:00+09:00,1399.115664628623,1406.4366186877264,1395.8619072690217,1403.182861328125,7700,0.0,0.0
2012-11-21 00:00:00+09:00,1409.690525640776,1413.7577227718805,1375.5260697394995,1387.7276611328125,6300,0.0,0.0
2012-11-22 00:00:00+09:00,1410.5036519895564,1413.7574089722311,1382.84671763682,1412.9439697265625,3300,0.0,0.0
2012-11-26 00:00:00+09:00,1412.9441977087474,1429.2129852471326,1407.2501220703125,1407.2501220703125,10200,0.0,0.0
2012-11-27 00:00:00+09:00,1400.7424412393161,1427.5859375,1399.1155626780626,1427.5859375,6900,0.0,0.0
2012-11-28 00:00:00+09:00,1422.705078125,1431.6529088050313,1422.705078125,1422.705078125,8900,0.0,0.0
2012-11-29 00:00:00+09:00,1422.705115513393,1434.0932639508928,1422.705115513393,1423.5185546875,4500,0.0,0.0
2012-11-30 00:00:00+09:00,1417.8246052005748,1431.653072376943,1408.0633342525502,1412.9439697265625,3100,0.0,0.0
2012-12-03 00:00:00+09:00,1413.7575184506043,1413.7575184506043,1395.0484143514304,1396.67529296875,2000,0.0,0.0
2012-12-04 00:00:00+09:00,1396.6752216791256,1415.3843248233422,1395.8617824119858,1413.7574462890625,4000,0.0,0.0
2012-12-05 00:00:00+09:00,1403.1828629343133,1421.8919677734375,1387.727515458515,1421.8919677734375,4600,0.0,0.0
2012-12-06 00:00:00+09:00,1423.5188894613418,1430.83984375,1419.4516926343092,1430.83984375,5500,0.0,0.0
2012-12-07 00:00:00+09:00,1430.8395622522487,1439.7873935113587,1426.7723662253804,1430.026123046875,5500,0.0,0.0
2012-12-10 00:00:00+09:00,1445.4816545080382,1463.3773193359375,1435.7203827837295,1463.3773193359375,6500,0.0,0.0
2012-12-11 00:00:00+09:00,1463.3773256115257,1473.9520366915424,1463.3773256115257,1471.51171875,5700,0.0,0.0
2012-12-12 00:00:00+09:00,1480.4596901780183,1486.1537659094722,1473.9521750563567,1477.2059326171875,5500,0.0,0.0
2012-12-13 00:00:00+09:00,1486.9667890861351,1488.5936674111747,1478.8323974609375,1478.8323974609375,6100,0.0,0.0
2012-12-14 00:00:00+09:00,1472.3250973018303,1492.6610793087616,1455.242872416008,1456.8697509765625,22200,0.0,0.0
2012-12-17 00:00:00+09:00,1457.6831730769231,1480.45947265625,1457.6831730769231,1480.45947265625,2600,0.0,0.0
2012-12-18 00:00:00+09:00,1480.4595825195313,1486.9670971679686,1464.1907958984375,1464.1907958984375,2400,0.0,0.0
2012-12-19 00:00:00+09:00,1485.3403053660554,1502.4225323171438,1475.5790328225764,1482.0865478515625,7300,0.0,0.0
2012-12-20 00:00:00+09:00,1492.660845396548,1526.011850661539,1482.899575562892,1523.571533203125,8700,0.0,0.0
2012-12-21 00:00:00+09:00,1523.5720215503588,1529.2660974451012,1491.0344450089738,1504.8629150390625,7400,0.0,0.0
2012-12-25 00:00:00+09:00,1536.5866299128688,1538.2135082928717,1504.8625015028094,1506.4893798828125,8600,0.0,0.0
2012-12-26 00:00:00+09:00,1526.8256111104822,1560.9900627176428,1526.8256111104822,1543.9078369140625,5800,0.0,0.0
2012-12-27 00:00:00+09:00,1564.2437134750246,1564.2437134750246,1547.1614888348918,1549.601806640625,6000,0.0,0.0
2012-12-28 00:00:00+09:00,1565.057054215986,1569.1242503028259,1552.8554659554663,1563.43017578125,4400,0.0,0.0
2013-01-04 00:00:00+09:00,1622.8114636063756,1624.4383422666326,1582.1394970999502,1608.1695556640625,10900,0.0,0.0
2013-01-07 00:00:00+09:00,1619.5575559976678,1620.3709952523125,1582.1393502840099,1604.9156494140625,4900,0.0,0.0
2013-01-08 00:00:00+09:00,1600.848814676252,1600.848814676252,1557.736524443609,1559.3634033203125,5900,0.0,0.0
2013-01-09 00:00:00+09:00,1559.3633555481372,1565.0574314421574,1559.3633555481372,1560.990234375,3800,0.0,0.0
2013-01-10 00:00:00+09:00,1560.9898408177626,1560.9898408177626,1503.2356570251304,1557.736083984375,3500,0.0,0.0
2013-01-11 00:00:00+09:00,1560.1762597452905,1566.683772820349,1547.1612335951734,1562.6165771484375,7200,0.0,0.0
2013-01-15 00:00:00+09:00,1566.683772820349,1566.683772820349,1558.549381476526,1562.6165771484375,3900,0.0,0.0
2013-01-16 00:00:00+09:00,1562.6167365638821,1567.4973718680899,1554.4823443902023,1563.43017578125,6100,0.0,0.0
2013-01-17 00:00:00+09:00,1563.43017578125,1567.4973718680899,1556.1092228249383,1563.43017578125,9700,0.0,0.0
2013-01-18 00:00:00+09:00,1569.9377249510728,1615.4903221517256,1569.9377249510728,1604.1021728515625,7700,0.0,0.0
2013-01-21 00:00:00+09:00,1605.729068426486,1620.3709748255117,1605.729068426486,1609.7962646484375,5100,0.0,0.0
2013-01-22 00:00:00+09:00,1609.7963842848328,1609.7963842848328,1587.0200837492212,1591.0872802734375,3500,0.0,0.0
2013-01-23 00:00:00+09:00,1578.885737939403,1591.9007672062914,1578.0722986102226,1589.46044921875,2600,0.0,0.0
2013-01-24 00:00:00+09:00,1571.564571154871,1623.6246811724236,1569.9376927168223,1621.997802734375,6000,0.0,0.0
2013-01-25 00:00:00+09:00,1630.1323639457748,1658.6027395635904,1630.1323639457748,1649.6549072265625,21400,0.0,0.0
2013-01-28 00:00:00+09:00,1657.7891839605707,1665.1101371772759,1625.2516141085478,1628.50537109375,7100,0.0,0.0
2013-01-29 00:00:00+09:00,1625.2519053955077,1629.319102355957,1625.2519053955077,1626.8787841796875,3300,0.0,0.0
2013-01-30 00:00:00+09:00,1626.8782780748243,1630.9454737700114,1618.7438866844502,1621.1842041015625,19900,0.0,0.0
2013-01-31 00:00:00+09:00,1634.1996744791666,1634.1996744791666,1621.998084077381,1622.8115234375,8500,0.0,0.0
2013-02-01 00:00:00+09:00,1622.811296369646,1632.5725673252527,1622.811296369646,1628.50537109375,16700,0.0,0.0
2013-02-04 00:00:00+09:00,1647.2143578955952,1647.2143578955952,1633.385891681163,1636.6396484375,12400,0.0,0.0
2013-02-05 00:00:00+09:00,1630.132409052437,1643.1474382664285,1629.3189697265625,1629.3189697265625,5500,0.0,0.0
2013-02-06 00:00:00+09:00,1629.31853974388,1630.131978855085,1588.6465841836232,1614.6766357421875,15400,0.0,0.0
2013-02-07 00:00:00+09:00,1603.2888825451314,1642.3339694868698,1603.2888825451314,1607.3560791015625,11400,0.0,0.0
2013-02-08 00:00:00+09:00,1607.356254083535,1630.1325572790508,1591.900905486578,1595.1546630859375,11600,0.0,0.0
2013-02-12 00:00:00+09:00,1600.0351252999865,1626.8786225724316,1591.9007321871243,1607.3560791015625,13800,0.0,0.0
2013-02-13 00:00:00+09:00,1594.3410894835135,1613.0501941050038,1574.8185455306543,1578.8857421875,9300,0.0,0.0
2013-02-14 00:00:00+09:00,1586.2064738675533,1614.6768464754325,1554.4823443902023,1563.43017578125,9700,0.0,0.0
2013-02-15 00:00:00+09:00,1569.9378354257994,1585.3931819921675,1554.4824888594314,1577.2587890625,24400,0.0,0.0
2013-02-18 00:00:00+09:00,1595.154286868218,1608.1693141960563,1580.5123811243993,1597.5946044921875,14300,0.0,0.0
2013-02-19 00:00:00+09:00,1602.4752943801107,1610.60968673737,1597.594658965755,1604.1021728515625,12100,0.0,0.0
2013-02-20 00:00:00+09:00,1613.8633634456412,1634.1993433277687,1611.423045859786,1623.6246337890625,17100,0.0,0.0
2013-02-21 00:00:00+09:00,1623.625042330834,1637.453512130245,1610.6100119313885,1613.86376953125,58700,0.0,0.0
2013-02-22 00:00:00+09:00,1604.1023362763074,1619.5576833296795,1590.2738678601322,1594.341064453125,14000,0.0,0.0
2013-02-25 00:00:00+09:00,1618.7438590470242,1621.9976155476213,1611.422906920681,1617.930419921875,12300,0.0,0.0
2013-02-26 00:00:00+09:00,1621.997802734375,1626.8784380485206,1616.3037282012053,1621.997802734375,13700,0.0,0.0
2013-02-27 00:00:00+09:00,1630.1321728117841,1630.1321728117841,1596.7811652841976,1597.5946044921875,13000,0.0,0.0
2013-02-28 00:00:00+09:00,1617.9309508666993,1628.505662963867,1606.5427993774413,1626.8787841796875,35700,0.0,0.0
2013-03-01 00:00:00+09:00,1626.8787947546318,1628.5056735493865,1618.7444007808588,1624.4384765625,20200,0.0,0.0
2013-03-04 00:00:00+09:00,1626.8782780748243,1630.132034630974,1621.1842041015625,1621.1842041015625,23500,0.0,0.0
2013-03-05 00:00:00+09:00,1626.8782780748243,1628.5051563528991,1618.7438866844502,1621.1842041015625,22200,0.0,0.0
2013-03-06 00:00:00+09:00,1632.572870536273,1632.572870536273,1621.1847189729908,1624.4384765625,15100,0.0,0.0
2013-03-07 00:00:00+09:00,1626.8787947546318,1632.572870536273,1623.6250371651226,1624.4384765625,30600,0.0,0.0
2013-03-08 00:00:00+09:00,1615.4901025464271,1630.132006799114,1610.6094677955316,1617.930419921875,48400,0.0,0.0
2013-03-11 00:00:00+09:00,1629.3186858449326,1642.3337127912725,1618.7439764510314,1639.0799560546875,53900,0.0,0.0
2013-03-12 00:00:00+09:00,1665.9233680227057,1751.3344781996511,1643.1470719755202,1719.6103515625,81200,0.0,0.0
2013-03-13 00:00:00+09:00,1760.2829794693516,1786.3130420123366,1740.760432562113,1774.1114501953125,31700,0.0,0.0
2013-03-14 00:00:00+09:00,1789.5662515470297,1811.5291100887432,1768.4168322105647,1807.4619140625,24300,0.0,0.0
2013-03-15 00:00:00+09:00,1805.8348905331493,1863.5890694646148,1799.327377414111,1833.4918212890625,49200,0.0,0.0
2013-03-18 00:00:00+09:00,1838.3720543925622,1907.5143661728134,1836.745176468321,1896.126220703125,30900,0.0,0.0
2013-03-19 00:00:00+09:00,1911.5822819119105,1959.575198776933,1910.7688426430118,1949.00048828125,21900,0.0,0.0
2013-03-21 00:00:00+09:00,2033.5983264247418,2074.2702929532365,1952.254393367752,2048.240234375,37700,0.0,0.0
2013-03-22 00:00:00+09:00,2048.24017736193,2048.24017736193,1968.5231251850162,1975.0306396484375,33900,0.0,0.0
2013-03-25 00:00:00+09:00,1975.8439251308964,1977.4708036200943,1892.0596829372028,1923.7838134765625,70600,0.0,0.0
2013-03-26 00:00:00+09:00,1952.2535493585733,1962.014817105366,1907.514405519106,1949.813232421875,166900,0.0,0.0
2013-03-27 00:00:00+09:00,1919.5906572075442,1933.4770577064921,1889.3673149451274,1929.392822265625,33100,10.0,0.0
2013-03-28 00:00:00+09:00,1944.912781017096,1971.8687330429523,1940.0116988305765,1952.264404296875,24600,0.0,0.0
2013-03-29 00:00:00+09:00,1952.26449921777,1966.9677464922136,1951.4476521469676,1953.898193359375,30200,0.0,0.0
2013-04-01 00:00:00+09:00,1960.4324380248709,1960.4324380248709,1891.8173026940003,1896.7183837890625,27600,0.0,0.0
2013-04-02 00:00:00+09:00,1937.5611643409327,1964.517116458661,1830.5542029038913,1948.18017578125,58000,0.0,0.0
2013-04-03 00:00:00+09:00,1948.1798926820145,1966.150524815769,1948.1798926820145,1957.9820556640625,35400,0.0,0.0
2013-04-04 00:00:00+09:00,1968.6016170917108,1972.685852811818,1944.9130499150885,1965.334228515625,53900,0.0,0.0
2013-04-05 00:00:00+09:00,1975.953369140625,1992.2903130772982,1934.2941621021082,1975.953369140625,58600,0.0,0.0
2013-04-08 00:00:00+09:00,1989.022868328784,2041.30108745529,1989.022868328784,2033.949462890625,57600,0.0,0.0
2013-04-09 00:00:00+09:00,2042.1171607635765,2058.4540980496854,2033.1318452562168,2043.7508544921875,48400,0.0,0.0
2013-04-10 00:00:00+09:00,2043.7513019855205,2063.355631021353,2025.7806670360076,2038.8502197265625,13700,0.0,0.0
2013-04-11 00:00:00+09:00,2065.8063141478774,2086.227491630557,2051.103066360348,2085.41064453125,20100,0.0,0.0
2013-04-12 00:00:00+09:00,2091.1288265306125,2091.1288265306125,2026.5978978993942,2041.3011474609375,15800,0.0,0.0
2013-04-15 00:00:00+09:00,2082.1431965256975,2082.9600436016194,2017.6122775278432,2019.2459716796875,25400,0.0,0.0
2013-04-16 00:00:00+09:00,1984.121171814092,1984.121171814092,1958.798917254093,1964.516845703125,25100,0.0,0.0
2013-04-17 00:00:00+09:00,1998.0079617414458,2019.2459858646175,1989.022643843181,1996.374267578125,23100,0.0,0.0
2013-04-18 00:00:00+09:00,1996.3745767690448,1996.3745767690448,1962.8838412340485,1974.3197021484375,9800,0.0,0.0
2013-04-19 00:00:00+09:00,1984.9386858402042,2005.3598657356797,1977.5870610778331,1990.6566162109375,29300,0.0,0.0
2013-04-22 00:00:00+09:00,2029.864848388672,2049.469176904297,2024.1469192382813,2042.1175537109375,15200,0.0,0.0
2013-04-23 00:00:00+09:00,2042.118422151151,2042.118422151151,1981.671716855477,1987.3896484375,11000,0.0,0.0
2013-04-24 00:00:00+09:00,2028.2312620611303,2051.1029798773657,2013.5280148935508,2050.2861328125,36600,0.0,0.0
2013-04-25 00:00:00+09:00,2051.1034221979576,2078.8762283925935,2051.1034221979576,2074.7919921875,12800,0.0,0.0
2013-04-26 00:00:00+09:00,2073.158108791198,2073.9749559577826,2014.3451127971218,2016.795654296875,17300,0.0,0.0
2013-04-30 00:00:00+09:00,1992.290101464115,2021.696597426685,1970.2352294921875,1970.2352294921875,12000,0.0,0.0
2013-05-01 00:00:00+09:00,1960.4331456514963,1981.671171396054,1944.9130499150885,1965.334228515625,13000,0.0,0.0
2013-05-02 00:00:00+09:00,2006.1766302957428,2006.1766302957428,1976.7701324575316,1995.5576171875,16600,0.0,0.0
2013-05-07 00:00:00+09:00,2061.722118499731,2078.0590608016305,1982.4879483355178,1991.4732666015625,19400,0.0,0.0
2013-05-08 00:00:00+09:00,2032.3159042115403,2075.6088073157252,2000.4588623046875,2000.4588623046875,45900,0.0,0.0
2013-05-09 00:00:00+09:00,2034.7659305175782,2049.469176904297,2019.245837109375,2042.1175537109375,36200,0.0,0.0
2013-05-10 00:00:00+09:00,2054.3704025913294,2064.172567534111,2009.4438132702464,2029.864990234375,31200,0.0,0.0
2013-05-13 00:00:00+09:00,2070.7074553667176,2070.7074553667176,2011.0776154291357,2023.330322265625,63900,0.0,0.0
2013-05-14 00:00:00+09:00,1982.488316610037,1998.0084146799136,1961.2502876723108,1976.7703857421875,71800,0.0,0.0
2013-05-15 00:00:00+09:00,2003.7262302436905,2050.286521774017,1993.1072163858967,2038.0338134765625,73100,0.0,0.0
2013-05-16 00:00:00+09:00,2042.1182895816753,2061.7226251616594,1990.6569086842171,2052.7373046875,65000,0.0,0.0
2013-05-17 00:00:00+09:00,2052.7372101814517,2102.564894153226,2001.2758316532259,2025.78125,93900,0.0,0.0
2013-05-20 00:00:00+09:00,2042.117907185807,2056.0043089546707,2024.9641167654463,2035.5831298828125,26900,0.0,0.0
2013-05-21 00:00:00+09:00,2035.582713849287,2035.582713849287,2002.0919870162932,2005.359375,26700,0.0,0.0
2013-05-22 00:00:00+09:00,2012.71099796334,2017.6120799389,1976.769730142566,2005.359375,22600,0.0,0.0
2013-05-23 00:00:00+09:00,1996.3742992025584,2014.3449352837597,1891.81787109375,1891.81787109375,27500,0.0,0.0
2013-05-24 00:00:00+09:00,1886.9166943237508,2002.908975966163,1854.2428121709584,1963.7003173828125,53500,0.0,0.0
2013-05-27 00:00:00+09:00,1923.674606440718,1947.3631684733211,1876.2974823755112,1909.7882080078125,23400,0.0,0.0
2013-05-28 00:00:00+09:00,1902.4371214255955,1978.403910731126,1894.2686494572588,1975.953369140625,25500,0.0,0.0
2013-05-29 00:00:00+09:00,1994.7409916130975,2054.370841075733,1976.7703520490156,2033.1328125,49200,0.0,0.0
2013-05-30 00:00:00+09:00,2001.2752026367189,2053.553412011719,1993.9235794433596,2042.1175537109375,61800,0.0,0.0
2013-05-31 00:00:00+09:00,2042.9350740824495,2073.1584238389673,2036.400295756716,2060.0888671875,72000,0.0,0.0
2013-06-03 00:00:00+09:00,2037.216777189513,2039.6673186215776,1955.5320627873675,1965.334228515625,36800,0.0,0.0
2013-06-04 00:00:00+09:00,1944.096202771067,1989.0227956922472,1919.5907884504234,1965.334228515625,36300,0.0,0.0
2013-06-05 00:00:00+09:00,1931.8437703026489,2017.6127326205255,1931.8437703026489,1959.6165771484375,20000,0.0,0.0
2013-06-06 00:00:00+09:00,1927.7590334084575,2006.9931970697376,1926.9421863604032,1942.4622802734375,33900,0.0,0.0
2013-06-07 00:00:00+09:00,1846.8913907442236,1889.3674421899111,1786.4447021484375,1786.4447021484375,71300,0.0,0.0
2013-06-10 00:00:00+09:00,1788.8951849168345,1848.5250244140625,1788.8951849168345,1848.5250244140625,18400,0.0,0.0
2013-06-11 00:00:00+09:00,1860.7778079870975,1860.7778079870975,1815.0343675800398,1833.0050048828125,25700,0.0,0.0
2013-06-12 00:00:00+09:00,1797.8804783228536,1825.653279896219,1790.528854376963,1820.752197265625,12800,0.0,0.0
2013-06-13 00:00:00+09:00,1781.5435404088687,1781.5435404088687,1738.2506437368513,1747.2359619140625,20400,0.0,0.0
2013-06-14 00:00:00+09:00,1715.3788316482478,1799.5140791052809,1715.3788316482478,1716.1956787109375,65900,0.0,0.0
2013-06-17 00:00:00+09:00,1722.7307879135533,1897.536093088281,1722.7307879135533,1892.635009765625,20200,0.0,0.0
2013-06-18 00:00:00+09:00,1930.2095606278401,1933.4769487964863,1880.381891055983,1921.2242431640625,24500,0.0,0.0
2013-06-19 00:00:00+09:00,1922.8578956839965,1940.0116831985945,1872.213380164707,1901.619873046875,26600,0.0,0.0
2013-06-20 00:00:00+09:00,1924.4914517106681,1924.4914517106681,1891.8175730738146,1895.0849609375,14300,0.0,0.0
2013-06-21 00:00:00+09:00,1863.2282227827477,1895.0852594721503,1817.4847854851441,1891.81787109375,13500,0.0,0.0
2013-06-24 00:00:00+09:00,1915.506340585104,1915.506340585104,1873.8471408538287,1875.4808349609375,2900,0.0,0.0
2013-06-25 00:00:00+09:00,1875.4811084928328,1881.1990387016524,1824.8365837861447,1859.1441650390625,19400,0.0,0.0
2013-06-26 00:00:00+09:00,1906.521093163019,1906.521093163019,1829.7374673029833,1834.6385498046875,12000,0.0,0.0
2013-06-27 00:00:00+09:00,1846.0741615543654,1890.183898157877,1806.8655067956888,1882.832275390625,10100,0.0,0.0
2013-06-28 00:00:00+09:00,1907.3378508669891,1963.7002969953926,1892.6346040508838,1961.249755859375,16500,0.0,0.0
2013-07-01 00:00:00+09:00,1952.2644586293352,1969.418246759551,1868.1292120858952,1963.7003173828125,8400,0.0,0.0
2013-07-02 00:00:00+09:00,1991.4731039740116,2001.2752685546875,1971.8687748126595,2001.2752685546875,13100,0.0,0.0
2013-07-03 00:00:00+09:00,1984.9387557674822,1994.7409224626304,1938.378463965529,1979.2208251953125,7300,0.0,0.0
2013-07-04 00:00:00+09:00,1974.3192679969986,1989.0225145108366,1954.7149393118816,1971.0518798828125,6300,0.0,0.0
2013-07-05 00:00:00+09:00,1993.106770699594,1993.106770699594,1963.7002773614036,1988.2056884765625,8300,0.0,0.0
2013-07-08 00:00:00+09:00,1997.1910467929526,2022.513305463947,1991.4731174156314,1993.1068115234375,8800,0.0,0.0
2013-07-09 00:00:00+09:00,1993.1068652501772,2025.7807482870653,1987.3889357187218,2019.2459716796875,14600,0.0,0.0
2013-07-10 00:00:00+09:00,2017.6122368706597,2017.6122368706597,1974.319342719184,1999.6416015625,6700,0.0,0.0
2013-07-11 00:00:00+09:00,2014.3452433520963,2014.3452433520963,1953.8985491071428,1972.68603515625,6000,0.0,0.0
2013-07-12 00:00:00+09:00,1966.9680182736824,2016.7956964774592,1964.517476722677,2006.9935302734375,8600,0.0,0.0
2013-07-16 00:00:00+09:00,1988.2060146677434,2016.795665659268,1983.3049316406248,1983.304931640625,9500,0.0,0.0
2013-07-17 00:00:00+09:00,1976.770037402463,2014.3450050555678,1976.770037402463,2008.6270751953125,5600,0.0,0.0
2013-07-18 00:00:00+09:00,2008.626764120865,2022.51316305948,2008.626764120865,2020.0626220703125,4100,0.0,0.0
2013-07-19 00:00:00+09:00,2026.5979736128745,2027.4148208412553,1989.0230011073556,2000.4588623046875,10400,0.0,0.0
2013-07-22 00:00:00+09:00,2001.2752685546875,2023.3301388612085,1993.1067980707908,2001.2752685546875,13100,0.0,0.0
2013-07-23 00:00:00+09:00,2001.2752956814236,2002.0921427408855,1984.9383544921875,1999.6416015625,5800,0.0,0.0
2013-07-24 00:00:00+09:00,1997.191209520167,2016.7955404111624,1968.601560304132,1998.008056640625,2000,0.0,0.0
2013-07-25 00:00:00+09:00,2012.7112088114336,2025.780762115404,2005.3595850779504,2011.0775146484375,3700,0.0,0.0
2013-07-26 00:00:00+09:00,2011.0774603949653,2016.795389811198,1940.82861328125,1940.82861328125,9200,0.0,0.0
2013-07-29 00:00:00+09:00,1921.2237892643734,1930.2091046053208,1884.465681051407,1896.7183837890625,6600,0.0,0.0
2013-07-30 00:00:00+09:00,1897.5358473195763,1953.8982982300588,1895.902153090287,1907.3380126953125,10300,0.0,0.0
2013-07-31 00:00:00+09:00,1887.733506404284,1908.1546823714443,1832.1879077736085,1866.4954833984375,7300,0.0,0.0
2013-08-01 00:00:00+09:00,1870.579439989753,1906.5207043389012,1868.9457461557008,1905.703857421875,3200,0.0,0.0
2013-08-02 00:00:00+09:00,1927.7593994140625,1927.7593994140625,1846.0746790999074,1927.7593994140625,6400,0.0,0.0
2013-08-05 00:00:00+09:00,1878.7479236053637,1913.8723413075509,1878.7479236053637,1912.2386474609375,5300,0.0,0.0
2013-08-06 00:00:00+09:00,1901.6200362289508,1901.6200362289508,1880.382011769349,1891.81787109375,1400,0.0,0.0
2013-08-07 00:00:00+09:00,1880.3812683267365,1905.7035182477307,1846.0737039176474,1847.7073974609375,5600,0.0,0.0
2013-08-08 00:00:00+09:00,1838.722629213566,1887.733450072213,1837.9057821992553,1840.3563232421875,3100,0.0,0.0
2013-08-09 00:00:00+09:00,1844.4408649845768,1868.1294323382317,1833.0050048828125,1833.0050048828125,6200,0.0,0.0
2013-08-12 00:00:00+09:00,1823.2027394101933,1844.440764152427,1805.232103089842,1806.0489501953125,1900,0.0,0.0
2013-08-13 00:00:00+09:00,1809.3165954892406,1819.9356093679587,1807.682901046361,1812.583984375,4000,0.0,0.0
2013-08-14 00:00:00+09:00,1834.6386615638837,1834.6386615638837,1782.36044502778,1798.6973876953125,5100,0.0,0.0
2013-08-15 00:00:00+09:00,1807.6824468231896,1813.4003759365028,1784.8107303699364,1792.162353515625,5100,0.0,0.0
2013-08-16 00:00:00+09:00,1781.5437485006946,1798.6975397517328,1778.276359690973,1782.360595703125,4300,0.0,0.0
2013-08-19 00:00:00+09:00,1782.360249602525,1788.8950259530386,1766.0233087262416,1770.1075439453125,8800,0.0,0.0
2013-08-20 00:00:00+09:00,1787.26133186541,1798.6971904788086,1770.1075439453125,1770.1075439453125,14800,0.0,0.0
2013-08-21 00:00:00+09:00,1769.2909609465005,1816.6680965581795,1769.2909609465005,1772.558349609375,8500,0.0,0.0
2013-08-22 00:00:00+09:00,1796.2470612119982,1796.2470612119982,1768.474255354241,1775.009033203125,9600,0.0,0.0
2013-08-23 00:00:00+09:00,1779.909553806277,1804.4149629913109,1778.2758598606083,1790.528564453125,4500,0.0,0.0
2013-08-26 00:00:00+09:00,1810.9498836529303,1822.3857421875,1805.2319543856454,1822.3857421875,5700,0.0,0.0
2013-08-27 00:00:00+09:00,1823.2029706670698,1834.638831594193,1791.345929512941,1814.2176513671875,9200,0.0,0.0
2013-08-28 00:00:00+09:00,1791.3457119739633,1792.9794061937298,1749.6865093699175,1757.85498046875,6800,0.0,0.0
2013-08-29 00:00:00+09:00,1757.8552752671253,1757.8552752671253,1743.9688720703127,1743.9688720703125,5200,0.0,0.0
2013-08-30 00:00:00+09:00,1731.7158910778985,1772.558246999547,1674.5365927875905,1690.87353515625,14100,0.0,0.0
2013-09-02 00:00:00+09:00,1707.2107639202493,1712.9286947084988,1691.6906660664288,1695.77490234375,1500,0.0,0.0
2013-09-03 00:00:00+09:00,1730.082159564172,1754.5875725891601,1694.9577342283553,1740.701171875,8100,0.0,0.0
2013-09-04 00:00:00+09:00,1705.5769491390306,1748.0530034279338,1705.5769491390306,1721.0970458984375,5200,0.0,0.0
2013-09-05 00:00:00+09:00,1731.7157796608917,1735.8000149902807,1712.9282971457028,1726.814697265625,4100,0.0,0.0
2013-09-06 00:00:00+09:00,1723.547375854035,1757.8549539516034,1723.547375854035,1744.785400390625,8000,0.0,0.0
2013-09-09 00:00:00+09:00,1783.177110385237,1783.177110385237,1746.418993130388,1776.642333984375,5000,0.0,0.0
2013-09-10 00:00:00+09:00,1776.642590818523,1797.0637700233337,1764.3898832956368,1783.1773681640625,7300,0.0,0.0
2013-09-11 00:00:00+09:00,1787.2616812408214,1817.485027770031,1787.2616812408214,1807.682861328125,5300,0.0,0.0
2013-09-12 00:00:00+09:00,1807.6826366400653,1824.83642578125,1805.2320953341818,1824.83642578125,5900,0.0,0.0
2013-09-13 00:00:00+09:00,1815.8506337955298,1852.6087437913907,1815.8506337955298,1850.158203125,22200,0.0,0.0
2013-09-17 00:00:00+09:00,1869.7632433540205,1885.2833401752202,1867.312701750673,1877.1148681640625,6200,0.0,0.0
2013-09-18 00:00:00+09:00,1876.297479041238,1886.099642623517,1869.7627033197186,1880.3817138671875,5500,0.0,0.0
2013-09-19 00:00:00+09:00,1880.381770352165,1906.5208740234375,1862.4111365781653,1906.5208740234375,6400,0.0,0.0
2013-09-20 00:00:00+09:00,1907.3374801871669,1955.5314464959647,1907.3374801871669,1954.714599609375,8400,0.0,0.0
2013-09-24 00:00:00+09:00,1954.7154220721982,1956.3491165327684,1919.5909911699398,1945.7301025390625,7400,0.0,0.0
2013-09-25 00:00:00+09:00,1957.9824421691894,1960.4329833984375,1940.011806488037,1960.4329833984375,7700,0.0,0.0
2013-09-26 00:00:00+09:00,1964.5431081140293,1978.516845703125,1939.8835711920958,1978.516845703125,7400,15.0,0.0
2013-09-27 00:00:00+09:00,1979.3380914782801,1995.7777766234485,1958.7884850468195,1970.2962646484375,3300,0.0,0.0
2013-09-30 00:00:00+09:00,1970.2974527714532,1970.2974527714532,1890.5649317373143,1909.4705810546875,7400,0.0,0.0
2013-10-01 00:00:00+09:00,1899.6061417140618,1916.0458313870524,1850.28707269509,1876.590576171875,4500,0.0,0.0
2013-10-02 00:00:00+09:00,1890.5646442008792,1893.852582712533,1856.8632744564288,1875.7689208984375,5800,0.0,0.0
2013-10-03 00:00:00+09:00,1875.7686288732784,1888.92038087239,1850.287109375,1850.287109375,7600,0.0,0.0
2013-10-04 00:00:00+09:00,1833.025685600983,1860.151177809428,1816.5859933534405,1839.6015625,5700,0.0,0.0
2013-10-07 00:00:00+09:00,1814.9419006676392,1833.0255609097987,1814.9419006676392,1831.381591796875,6300,0.0,0.0
2013-10-08 00:00:00+09:00,1828.9155504622813,1832.2034885305281,1782.0624329897646,1796.858154296875,6100,0.0,0.0
2013-10-09 00:00:00+09:00,1785.3508094183633,1814.1202745793405,1785.3508094183633,1806.722412109375,5000,0.0,0.0
2013-10-10 00:00:00+09:00,1808.36621533643,1849.4654475031673,1800.9683535464176,1824.805908203125,5300,0.0,0.0
2013-10-11 00:00:00+09:00,1833.0256401909721,1874.1248697916665,1833.0256401909721,1849.46533203125,5400,0.0,0.0
2013-10-15 00:00:00+09:00,1860.972933844928,1865.082856402006,1839.6013365481224,1853.5750732421875,3800,0.0,0.0
2013-10-16 00:00:00+09:00,1853.574827493964,1872.48046875,1838.7791082501096,1872.48046875,4000,0.0,0.0
2013-10-17 00:00:00+09:00,1874.1251120086952,1890.5648059736836,1857.6854180437065,1884.8109130859375,6800,0.0,0.0
2013-10-18 00:00:00+09:00,1889.7421940146885,1890.5641784400973,1874.9464743573312,1879.056396484375,3200,0.0,0.0
2013-10-21 00:00:00+09:00,1879.056396484375,1885.632271887645,1874.1244899319224,1879.056396484375,2400,0.0,0.0
2013-10-22 00:00:00+09:00,1886.4544305280908,1912.7579345703127,1875.7686320109383,1912.7579345703125,6400,0.0,0.0
2013-10-23 00:00:00+09:00,1912.7578629636198,1915.2238163752615,1865.082763671875,1865.082763671875,7400,0.0,0.0
2013-10-24 00:00:00+09:00,1873.3022460937498,1890.563916636957,1856.0405755505428,1873.30224609375,3800,0.0,0.0
2013-10-25 00:00:00+09:00,1874.1244942801338,1874.9464787074498,1841.2451171875,1841.2451171875,7300,0.0,0.0
2013-10-28 00:00:00+09:00,1833.025685600983,1857.6852239722966,1824.8058394772117,1839.6015625,5400,0.0,0.0
2013-10-29 00:00:00+09:00,1839.6016903831844,1839.6016903831844,1810.010242280506,1812.4761962890625,8400,0.0,0.0
2013-10-30 00:00:00+09:00,1809.1882344646617,1819.8740350316953,1809.1882344646617,1817.4080810546875,9400,0.0,0.0
2013-10-31 00:00:00+09:00,1809.1877478021959,1874.1245183957321,1809.1877478021959,1863.438720703125,11800,0.0,0.0
2013-11-01 00:00:00+09:00,1870.0149412967698,1870.0149412967698,1833.025634765625,1833.025634765625,12400,0.0,0.0
2013-11-05 00:00:00+09:00,1860.972829405566,1865.0827517319917,1835.4913109817267,1840.4232177734375,8300,0.0,0.0
2013-11-06 00:00:00+09:00,1858.5068140757678,1863.438720703125,1849.4649852589464,1863.438720703125,2300,0.0,0.0
2013-11-07 00:00:00+09:00,1834.6694188904496,1851.1091090238765,1824.8056048103933,1828.91552734375,4400,0.0,0.0
2013-11-08 00:00:00+09:00,1816.5861547362392,1844.5336340398737,1805.078369140625,1805.078369140625,8300,0.0,0.0
2013-11-11 00:00:00+09:00,1799.3241528297851,1803.4340755178384,1775.4866012390753,1786.994384765625,5800,0.0,0.0
2013-11-12 00:00:00+09:00,1800.1458958217077,1841.2451171875,1784.5281917027064,1841.2451171875,6800,0.0,0.0
2013-11-13 00:00:00+09:00,1800.1460805870627,1833.0254610544062,1800.1460805870627,1826.4495849609375,30600,0.0,0.0
2013-11-14 00:00:00+09:00,1826.4499780317112,1851.109518689205,1801.7904373742174,1837.957763671875,9600,0.0,0.0
2013-11-15 00:00:00+09:00,1821.5173323817012,1879.0562372854554,1808.3655826894146,1878.2342529296875,35200,0.0,0.0
2013-11-18 00:00:00+09:00,1882.3447379849079,1883.9887071883882,1869.1929843570656,1879.8787841796875,5800,0.0,0.0
2013-11-19 00:00:00+09:00,1888.9203507881332,1888.9203507881332,1857.68494028772,1865.90478515625,7900,0.0,0.0
2013-11-20 00:00:00+09:00,1866.7263393781043,1866.7263393781043,1855.2185592146109,1861.79443359375,10000,0.0,0.0
2013-11-21 00:00:00+09:00,1865.90478515625,1874.1246300247797,1854.3970023403083,1865.90478515625,11400,0.0,0.0
2013-11-22 00:00:00+09:00,1861.7948589493744,1886.4543935049953,1857.6849365234377,1857.6849365234375,8500,0.0,0.0
2013-11-25 00:00:00+09:00,1866.7269246367036,1935.773627265274,1866.7269246367036,1920.9779052734375,15600,0.0,0.0
2013-11-26 00:00:00+09:00,1920.9777610085227,1962.8989701704547,1920.9777610085227,1953.03515625,8800,0.0,0.0
2013-11-27 00:00:00+09:00,1953.0349013339376,1955.5008544921875,1869.1924939534401,1955.5008544921875,10000,0.0,0.0
2013-11-28 00:00:00+09:00,1955.5006580601532,1967.0084383093513,1948.1027993285259,1953.856689453125,2600,0.0,0.0
2013-11-29 00:00:00+09:00,1956.3228388782707,1962.8987139669373,1953.0349013339376,1955.5008544921875,4200,0.0,0.0
2013-12-02 00:00:00+09:00,1955.5010405521923,1997.422248231117,1931.6634910877058,1986.7364501953125,23700,0.0,0.0
2013-12-03 00:00:00+09:00,1995.7784356912505,1995.7784356912505,1979.3387451171875,1979.3387451171875,7100,0.0,0.0
2013-12-04 00:00:00+09:00,1956.3232624733848,1995.7785215484782,1954.679293345256,1978.516845703125,16300,0.0,0.0
2013-12-05 00:00:00+09:00,1978.516910820732,1997.422556416443,1976.872941638496,1990.8466796875,12900,0.0,0.0
2013-12-06 00:00:00+09:00,1983.4490094441946,2037.6999976842762,1983.4490094441946,2027.836181640625,11100,0.0,0.0
2013-12-09 00:00:00+09:00,2027.8357598537598,2040.9875118430828,2027.8357598537598,2040.16552734375,9900,0.0,0.0
2013-12-10 00:00:00+09:00,2040.9880563153702,2040.9880563153702,2001.5327898219598,2011.3966064453125,7600,0.0,0.0
2013-12-11 00:00:00+09:00,1994.956912073058,2013.8625606011506,1980.983171856642,2011.3966064453125,8500,0.0,0.0
2013-12-12 00:00:00+09:00,2014.684221317252,2015.5062059036727,1977.6949149283184,1993.3126220703125,5000,0.0,0.0
2013-12-13 00:00:00+09:00,2005.6422938805836,2015.506108440652,1992.4905411338257,1996.6004638671875,37700,0.0,0.0
2013-12-16 00:00:00+09:00,1996.600223518534,1996.600223518534,1916.0457476417055,1931.6634521484375,11700,0.0,0.0
2013-12-17 00:00:00+09:00,1985.0925072122832,2029.479668864235,1973.5847245617772,1990.0244140625,23600,0.0,0.0
2013-12-18 00:00:00+09:00,1989.2025560851491,1989.2025560851491,1948.9253142470614,1971.118896484375,20300,0.0,0.0
2013-12-19 00:00:00+09:00,2003.1761394811654,2003.1761394811654,1968.6527919808746,1986.7364501953125,16200,0.0,0.0
2013-12-20 00:00:00+09:00,1985.0930722684118,2027.8362771371312,1972.7633016332043,2016.3284912109375,14200,0.0,0.0
2013-12-24 00:00:00+09:00,1995.7783349487408,2016.3279471290202,1961.2549864858713,1974.40673828125,31300,0.0,0.0
2013-12-25 00:00:00+09:00,1972.7625686453976,1972.7625686453976,1946.4590677301258,1964.542724609375,23400,0.0,0.0
2013-12-26 00:00:00+09:00,1958.78932317098,2003.9984766642253,1948.9255078633628,1972.7630615234375,33300,0.0,0.0
2013-12-27 00:00:00+09:00,1972.763227801106,2008.1085689658757,1965.3653656968518,2006.464599609375,19800,0.0,0.0
2013-12-30 00:00:00+09:00,2036.0553882277734,2090.3063594118803,2013.8618091070025,2089.484375,21300,0.0,0.0
2014-01-06 00:00:00+09:00,2059.8929361723053,2113.321922944532,2059.8929361723053,2089.484375,10500,0.0,0.0
2014-01-07 00:00:00+09:00,2073.044566373685,2087.0183005641497,2069.756628917105,2070.57861328125,5000,0.0,0.0
2014-01-08 00:00:00+09:00,2083.7308605865683,2087.840783388514,2071.4010921807303,2087.018798828125,9200,0.0,0.0
2014-01-09 00:00:00+09:00,2087.018886691921,2094.416748046875,2075.5111023619934,2094.416748046875,5300,0.0,0.0
2014-01-10 00:00:00+09:00,2065.6468118219923,2091.128328402367,2041.8092640532545,2083.73046875,14900,0.0,0.0
2014-01-14 00:00:00+09:00,2079.621003334874,2079.621003334874,2022.0820822939882,2028.657958984375,9500,0.0,0.0
2014-01-15 00:00:00+09:00,2054.961703084064,2054.961703084064,2026.192239240887,2039.343994140625,9000,0.0,0.0
2014-01-16 00:00:00+09:00,2030.3016196670847,2054.1391690477913,1997.4222412109375,1997.4222412109375,6700,0.0,0.0
2014-01-17 00:00:00+09:00,2012.2185227272728,2045.0979103535353,2010.5745533459597,2034.412109375,6000,0.0,0.0
2014-01-20 00:00:00+09:00,2059.8931933593753,2059.8931933593753,2002.35427734375,2013.862060546875,7400,0.0,0.0
2014-01-21 00:00:00+09:00,2013.8617398553404,2053.316990268833,2013.8617398553404,2050.029052734375,4800,0.0,0.0
2014-01-22 00:00:00+09:00,2010.5745499061227,2027.836228380378,2010.5745499061227,2017.972412109375,7300,0.0,0.0
2014-01-23 00:00:00+09:00,2044.275503328531,2044.275503328531,1990.8465094739454,1992.490478515625,7800,0.0,0.0
2014-01-24 00:00:00+09:00,1981.8047456164204,2005.6422975130924,1938.239564563882,1942.3494873046875,20500,0.0,0.0
2014-01-27 00:00:00+09:00,1983.4487100180093,1983.4487100180093,1898.7843017578125,1898.7843017578125,30900,0.0,0.0
2014-01-28 00:00:00+09:00,1902.8939688715952,1953.8570038910505,1901.25,1901.25,16000,0.0,0.0
2014-01-29 00:00:00+09:00,1907.0038303275844,1933.307331435551,1901.2499394602166,1924.2655029296875,16600,0.0,0.0
2014-01-30 00:00:00+09:00,1891.3865930797585,1891.3865930797585,1834.669654825737,1839.6015625,21000,0.0,0.0
2014-01-31 00:00:00+09:00,1820.6953170763065,1911.1135946737754,1817.4073797091257,1885.632080078125,35600,0.0,0.0
2014-02-03 00:00:00+09:00,1882.344807098058,1888.9206841534224,1820.6959597040168,1821.5179443359375,27700,0.0,0.0
2014-02-04 00:00:00+09:00,1789.4601301154833,1800.967912302721,1710.5496236887095,1714.6595458984375,44700,0.0,0.0
2014-02-05 00:00:00+09:00,1775.4865168723738,1819.0516952956311,1715.481648478076,1760.6907958984375,42800,0.0,0.0
2014-02-06 00:00:00+09:00,1776.3084719578787,1846.9991376628197,1760.6907667439964,1803.4339599609375,25800,0.0,0.0
2014-02-07 00:00:00+09:00,1844.5336467323775,1928.3760852202129,1832.2038763665196,1922.6221923828125,40400,0.0,0.0
2014-02-10 00:00:00+09:00,1924.2659721671248,1924.2659721671248,1890.564603154373,1902.0723876953125,13600,0.0,0.0
2014-02-12 00:00:00+09:00,1891.3857647794603,1930.8410088948076,1874.124095478996,1905.3594970703125,11500,0.0,0.0
2014-02-13 00:00:00+09:00,1898.783850610024,1921.7994124356003,1833.0251025369498,1899.6058349609375,28500,0.0,0.0
2014-02-14 00:00:00+09:00,1879.8786139531967,1882.3445675351204,1842.8893102243405,1881.5225830078125,25400,0.0,0.0
2014-02-17 00:00:00+09:00,1874.1243559288007,1925.9093710268335,1860.9726060626338,1919.33349609375,15600,0.0,0.0
2014-02-18 00:00:00+09:00,1919.3339230569163,1952.2133050364782,1875.768741933997,1950.5693359375,14100,0.0,0.0
2014-02-19 00:00:00+09:00,1916.8677195581897,1927.5535173087285,1902.0719995959053,1907.00390625,10800,0.0,0.0
2014-02-20 00:00:00+09:00,1907.0042760371118,1910.2922144440724,1874.1248919675065,1879.8787841796875,16500,0.0,0.0
2014-02-21 00:00:00+09:00,1890.5641698714066,1920.9775934736858,1876.590434702792,1908.6478271484375,20100,0.0,0.0
2014-02-24 00:00:00+09:00,1890.5647224850125,1914.4022776815625,1869.1931212743123,1893.8526611328125,10300,0.0,0.0
2014-02-25 00:00:00+09:00,1922.6219370956962,1922.6219370956962,1850.2872938873074,1854.397216796875,23000,0.0,0.0
2014-02-26 00:00:00+09:00,1855.218885530329,1863.438729950047,1828.0933989452599,1833.8472900390625,13000,0.0,0.0
2014-02-27 00:00:00+09:00,1825.6275928608256,1856.8630041749686,1821.5176703194911,1837.1353759765625,14200,0.0,0.0
2014-02-28 00:00:00+09:00,1853.5749692179998,1867.5487051278471,1810.009792557887,1840.4232177734375,12900,0.0,0.0
2014-03-03 00:00:00+09:00,1827.2719259635585,1888.9207763671875,1819.0520792430748,1888.9207763671875,25900,0.0,0.0
2014-03-04 00:00:00+09:00,1880.7004951417498,1897.1401847845973,1858.5069141239057,1895.4962158203125,16200,0.0,0.0
2014-03-05 00:00:00+09:00,1895.4962491412032,1911.1139545764518,1880.7005282025468,1888.098388671875,13200,0.0,0.0
2014-03-06 00:00:00+09:00,1888.098410522671,1911.1139766936049,1882.3445189799377,1910.2919921875,9200,0.0,0.0
2014-03-07 00:00:00+09:00,1911.113710853675,1921.7995079466202,1899.6059293689646,1915.2236328125,11400,0.0,0.0
2014-03-10 00:00:00+09:00,1915.2244336193144,1915.2244336193144,1880.7010747300392,1883.989013671875,14100,0.0,0.0
2014-03-11 00:00:00+09:00,1907.00390625,1919.333672885237,1896.3181084994612,1907.00390625,12000,0.0,0.0
2014-03-12 00:00:00+09:00,1890.5644808609231,1890.5644808609231,1861.7950213695613,1866.7269287109375,16100,0.0,0.0
2014-03-13 00:00:00+09:00,1879.056396484375,1893.8521161417323,1862.6167079762001,1879.056396484375,9900,0.0,0.0
2014-03-14 00:00:00+09:00,1851.1092386292455,1876.5907601201454,1845.3553466796875,1845.3553466796875,32500,0.0,0.0
2014-03-17 00:00:00+09:00,1845.3550326417237,1846.177017066063,1801.7898581517409,1805.8997802734375,20200,0.0,0.0
2014-03-18 00:00:00+09:00,1838.7793445082568,1872.4807093383142,1833.8474374599557,1864.2608642578125,16300,0.0,0.0
2014-03-19 00:00:00+09:00,1839.601102164545,1849.4649150447838,1823.1614140308136,1823.9833984375,13300,0.0,0.0
2014-03-20 00:00:00+09:00,1821.5177192826704,1823.983672873757,1808.365966796875,1808.365966796875,18100,0.0,0.0
2014-03-24 00:00:00+09:00,1850.2870836224472,1894.674246001662,1850.2870836224472,1874.1246337890625,58800,0.0,0.0
2014-03-25 00:00:00+09:00,1889.7419323253755,1902.071696999095,1871.6582774705873,1873.30224609375,46900,0.0,0.0
2014-03-26 00:00:00+09:00,1888.9201322760193,1915.2236328125,1878.234335183074,1915.2236328125,143300,0.0,0.0
2014-03-27 00:00:00+09:00,1887.0954608015338,1899.50511968449,1867.240006588804,1889.577392578125,49000,15.0,0.0
2014-03-28 00:00:00+09:00,1856.4847172591035,1926.8061080643724,1856.4847172591035,1922.6695556640625,31100,0.0,0.0
2014-03-31 00:00:00+09:00,1927.633647370056,1956.5895176095205,1922.6697839004337,1955.76220703125,25800,0.0,0.0
2014-04-01 00:00:00+09:00,1955.7616987179485,1955.7616987179485,1919.3600427350427,1935.90625,12600,0.0,0.0
2014-04-02 00:00:00+09:00,1935.0790969580476,1968.9988246088728,1923.4967509309367,1930.115234375,15700,0.0,0.0
2014-04-03 00:00:00+09:00,1966.5174159121375,1980.5816969683033,1948.316581604158,1967.3447265625,11500,0.0,0.0
2014-04-04 00:00:00+09:00,1965.6897752135176,1978.09943288532,1957.4166700989826,1961.55322265625,5600,0.0,0.0
2014-04-07 00:00:00+09:00,1943.351942192387,1943.351942192387,1916.0507016251888,1917.705322265625,3700,0.0,0.0
2014-04-08 00:00:00+09:00,1957.4167741742049,1957.4167741742049,1882.9588241844847,1886.26806640625,13200,0.0,0.0
2014-04-09 00:00:00+09:00,1862.275825520979,1882.1312763483907,1834.974580633288,1848.2115478515625,21600,0.0,0.0
2014-04-10 00:00:00+09:00,1863.9304464232634,1896.1955540178071,1846.5569269492782,1848.2115478515625,7800,0.0,0.0
2014-04-11 00:00:00+09:00,1837.456914270512,1897.0232797939145,1828.3564973155478,1844.9027099609375,13100,0.0,0.0
2014-04-14 00:00:00+09:00,1844.9028766485492,1892.0595869485344,1836.6297695783762,1851.5213623046875,6700,0.0,0.0
2014-04-15 00:00:00+09:00,1851.520800802961,1884.6132190478754,1851.520800802961,1860.6212158203125,6900,0.0,0.0
2014-04-16 00:00:00+09:00,1892.8869255514705,1901.160032743566,1854.0033217486211,1898.6781005859375,8400,0.0,0.0
2014-04-17 00:00:00+09:00,1899.505411305147,1925.1520436006433,1887.0957505170036,1898.6781005859375,5700,0.0,0.0
2014-04-18 00:00:00+09:00,1901.9867970641228,1901.9867970641228,1873.8582406917087,1879.6494140625,5600,0.0,0.0
2014-04-21 00:00:00+09:00,1893.7138805042614,1921.0151291091722,1893.7138805042614,1911.08740234375,5200,0.0,0.0
2014-04-22 00:00:00+09:00,1916.0515272592065,1916.0515272592065,1867.240197333346,1873.0313720703125,4300,0.0,0.0
2014-04-23 00:00:00+09:00,1893.7141394621278,1939.2162266925416,1893.7141394621278,1938.388916015625,8200,0.0,0.0
2014-04-24 00:00:00+09:00,1944.179558703045,1952.4526632081643,1922.6694869897347,1936.7337646484375,5300,0.0,0.0
2014-04-25 00:00:00+09:00,1957.4170036427786,1983.8909445204495,1940.8707905942344,1974.79052734375,8500,0.0,0.0
2014-04-28 00:00:00+09:00,1974.7900905755473,1974.7900905755473,1908.6052530196012,1940.870361328125,6600,0.0,0.0
2014-04-30 00:00:00+09:00,1930.9432471014131,1968.9995407460854,1930.9432471014131,1948.3167724609375,10700,0.0,0.0
2014-05-01 00:00:00+09:00,1948.3158957321302,1968.1713443510564,1919.360033162863,1966.5167236328125,10900,0.0,0.0
2014-05-02 00:00:00+09:00,1944.1803106740745,1972.3088768710609,1937.5618245100775,1968.9996337890625,5700,0.0,0.0
2014-05-07 00:00:00+09:00,1930.1153400898404,1930.1153400898404,1862.2758810725377,1864.7578125,17100,0.0,0.0
2014-05-08 00:00:00+09:00,1871.3760904665103,1921.8420239406291,1871.3760904665103,1904.468505859375,5900,0.0,0.0
2014-05-09 00:00:00+09:00,1890.404642002982,1916.05126953125,1890.404642002982,1916.05126953125,4200,0.0,0.0
2014-05-12 00:00:00+09:00,1916.8785122445915,1925.1516176060268,1882.1314697265625,1882.1314697265625,6500,0.0,0.0
2014-05-13 00:00:00+09:00,1911.9144708787626,1921.8421963874364,1901.1594349110326,1913.569091796875,5900,0.0,0.0
2014-05-14 00:00:00+09:00,1925.1520436006433,1925.1520436006433,1883.7865076401654,1898.6781005859375,6500,0.0,0.0
2014-05-15 00:00:00+09:00,1872.20374329284,1882.1314697265625,1863.103327395261,1882.1314697265625,7500,0.0,0.0
2014-05-16 00:00:00+09:00,1882.1314455196762,1930.9427665243622,1848.2117139740467,1852.3482666015625,22300,0.0,0.0
2014-05-19 00:00:00+09:00,1854.0034003476103,1904.469356358857,1854.0034003476103,1897.0235595703125,11200,0.0,0.0
2014-05-20 00:00:00+09:00,1911.0872360527385,1913.5691675281316,1882.958679331616,1906.95068359375,7900,0.0,0.0
2014-05-21 00:00:00+09:00,1887.9224008990548,1897.8501260571568,1873.8581235917436,1884.6131591796875,5700,0.0,0.0
2014-05-22 00:00:00+09:00,1903.6416072696836,1921.8424396729574,1894.5411910680466,1911.08740234375,7900,0.0,0.0
2014-05-23 00:00:00+09:00,1919.3600427350427,1940.0428018162393,1885.4403178418802,1935.90625,8300,0.0,0.0
2014-05-26 00:00:00+09:00,1960.725551118959,1966.5167236328125,1946.6612750138863,1966.5167236328125,4800,0.0,0.0
2014-05-27 00:00:00+09:00,1983.063504060444,1983.063504060444,1957.4168755139804,1964.8626708984375,5100,0.0,0.0
2014-05-28 00:00:00+09:00,1983.0630346607056,1983.0630346607056,1946.661376953125,1946.661376953125,6100,0.0,0.0
2014-05-29 00:00:00+09:00,1946.66195540873,1968.9993429123574,1946.66195540873,1959.89892578125,2500,0.0,0.0
2014-05-30 00:00:00+09:00,1959.8984865381383,1959.8984865381383,1920.1875843203964,1923.496826171875,5600,0.0,0.0
2014-06-02 00:00:00+09:00,1923.4972245146705,1973.135862566662,1923.4972245146705,1970.6539306640625,5200,0.0,0.0
2014-06-03 00:00:00+09:00,1981.4091768260778,1983.0637982681037,1962.3810302427794,1976.4453125,3700,0.0,0.0
2014-06-04 00:00:00+09:00,1936.7343613970063,1983.0637609007363,1935.0797399861588,1982.2364501953125,5300,0.0,0.0
2014-06-05 00:00:00+09:00,1982.2354338593814,1983.0627441406248,1964.8619179532682,1983.062744140625,2600,0.0,0.0
2014-06-06 00:00:00+09:00,1983.0637754989082,2007.0557861328125,1969.8268041146853,2007.0557861328125,10000,0.0,0.0
2014-06-09 00:00:00+09:00,1987.2002817536666,2026.9111949610672,1973.1359999927122,1995.473388671875,7400,0.0,0.0
2014-06-10 00:00:00+09:00,1981.4085985322417,1985.5451509300126,1946.6615583909665,1968.171630859375,11400,0.0,0.0
2014-06-11 00:00:00+09:00,1964.8625662086606,1997.1276778221923,1955.7621501125363,1987.199951171875,6700,0.0,0.0
2014-06-12 00:00:00+09:00,1966.5172408009305,1970.653793684399,1939.2159917700383,1950.79833984375,5600,0.0,0.0
2014-06-13 00:00:00+09:00,1992.1637136689133,1992.1637136689133,1956.5893616391113,1964.03515625,30900,0.0,0.0
2014-06-16 00:00:00+09:00,1964.035475709506,1977.2724460596964,1949.9711947124285,1954.93505859375,10100,0.0,0.0
2014-06-17 00:00:00+09:00,1960.7261179070724,1975.617708675987,1957.4168755139804,1964.8626708984375,10100,0.0,0.0
2014-06-18 00:00:00+09:00,1979.7541561841367,1988.027261726068,1964.8625662086606,1987.199951171875,5200,0.0,0.0
2014-06-19 00:00:00+09:00,2001.2645192386353,2055.0397130172673,2001.2645192386353,2054.21240234375,12200,0.0,0.0
2014-06-20 00:00:00+09:00,2064.140135151234,2064.9674458266454,2051.730475020064,2061.658203125,9600,0.0,0.0
2014-06-23 00:00:00+09:00,2064.966799219688,2083.167628379477,2044.2840388108368,2067.44873046875,10400,0.0,0.0
2014-06-24 00:00:00+09:00,2080.685725044687,2098.059244021203,2050.9025496563736,2097.23193359375,9200,0.0,0.0
2014-06-25 00:00:00+09:00,2097.232159336218,2100.5414014022317,2072.412843841115,2074.894775390625,5100,0.0,0.0
2014-06-26 00:00:00+09:00,2093.096002394153,2093.096002394153,2050.0758474042336,2051.73046875,6200,0.0,0.0
2014-06-27 00:00:00+09:00,2051.730702552423,2052.558013319581,2009.5378534273527,2031.875244140625,6700,0.0,0.0
2014-06-30 00:00:00+09:00,2031.874059055611,2071.5849527179357,2031.874059055611,2064.13916015625,3500,0.0,0.0
2014-07-01 00:00:00+09:00,2066.6217804791504,2126.1881408452427,2063.3125382365897,2112.951171875,13500,0.0,0.0
2014-07-02 00:00:00+09:00,2074.89506206446,2141.079912529036,2074.89506206446,2136.943359375,6000,0.0,0.0
2014-07-03 00:00:00+09:00,2130.3243715999465,2132.8063029066648,2112.123542017345,2119.5693359375,2800,0.0,0.0
2014-07-04 00:00:00+09:00,2119.569832745198,2142.7345303708285,2119.569832745198,2131.9794921875,4000,0.0,0.0
2014-07-07 00:00:00+09:00,2135.288892638233,2151.0077957611024,2122.051921587395,2123.70654296875,5000,0.0,0.0
2014-07-08 00:00:00+09:00,2110.4692496852495,2130.324703229917,2110.4692496852495,2125.36083984375,6900,0.0,0.0
2014-07-09 00:00:00+09:00,2122.0518316002,2137.7707340564975,2109.6421717662806,2110.469482421875,3200,0.0,0.0
2014-07-10 00:00:00+09:00,2110.4693830217634,2117.9151785714284,2074.8950265066965,2084.82275390625,5900,0.0,0.0
2014-07-11 00:00:00+09:00,2074.89537109375,2083.168478633996,2035.1844549005682,2047.5941162109375,5600,0.0,0.0
2014-07-14 00:00:00+09:00,2072.413190082439,2089.786713831633,2032.7022786557095,2045.1119384765625,4500,0.0,0.0
2014-07-15 00:00:00+09:00,2033.5297809692731,2053.3852385540017,2026.083984375,2026.083984375,4500,0.0,0.0
2014-07-16 00:00:00+09:00,2026.0837385375676,2043.4572618161667,2021.9471853759965,2023.601806640625,3800,0.0,0.0
2014-07-17 00:00:00+09:00,2023.601722861,2032.7021394396882,2018.6378592726248,2020.29248046875,1900,0.0,0.0
2014-07-18 00:00:00+09:00,2015.328339158443,2015.328339158443,1980.581298828125,1980.581298828125,4100,0.0,0.0
2014-07-22 00:00:00+09:00,2021.9472369142209,2040.1480712890625,1986.3728788179396,2040.1480712890625,5700,0.0,0.0
2014-07-23 00:00:00+09:00,2040.148005465847,2042.6299373459758,1998.7824741303675,2003.746337890625,6000,0.0,0.0
2014-07-24 00:00:00+09:00,2001.2642138591798,2031.8747041083693,2001.2642138591798,2017.8104248046875,4300,0.0,0.0
2014-07-25 00:00:00+09:00,2058.3491113954196,2058.3491113954196,2017.8108853269407,2040.9755859375,3000,0.0,0.0
2014-07-28 00:00:00+09:00,2058.348707326151,2058.348707326151,2026.9109055261533,2049.248291015625,5600,0.0,0.0
2014-07-29 00:00:00+09:00,2026.9105200674019,2082.3403179631227,2026.9105200674019,2067.44873046875,5900,0.0,0.0
2014-07-30 00:00:00+09:00,2067.4493251358363,2106.332925888691,2036.011520271826,2105.505615234375,13900,0.0,0.0
2014-07-31 00:00:00+09:00,2117.914857932123,2117.914857932123,2083.995127785554,2096.40478515625,6500,0.0,0.0
2014-08-01 00:00:00+09:00,2096.405179940971,2116.2606354731665,2071.5858605257267,2078.204345703125,8200,0.0,0.0
2014-08-04 00:00:00+09:00,2068.27676474015,2094.750707328824,2050.0759292104367,2052.557861328125,8400,0.0,0.0
2014-08-05 00:00:00+09:00,2040.1476903997318,2055.866589879697,2012.8464439345285,2022.774169921875,11000,0.0,0.0
2014-08-06 00:00:00+09:00,1987.1998505949875,1996.3002662305182,1962.3805352253582,1964.03515625,10900,0.0,0.0
2014-08-07 00:00:00+09:00,1953.2799696407558,1979.7539040026804,1949.1434173967052,1977.27197265625,5000,0.0,0.0
2014-08-08 00:00:00+09:00,1959.8984842883629,1980.5812458363614,1904.468683339726,1921.014892578125,8000,0.0,0.0
2014-08-11 00:00:00+09:00,1930.1155791048673,1955.76220703125,1930.1155791048673,1955.76220703125,5300,0.0,0.0
2014-08-12 00:00:00+09:00,1962.3805352253582,1975.6175034224939,1945.0070144666176,1964.03515625,3800,0.0,0.0
2014-08-13 00:00:00+09:00,1976.445407432367,2008.710527101627,1959.0718814566114,2002.092041015625,6400,0.0,0.0
2014-08-14 00:00:00+09:00,2002.0918742064418,2006.228427665546,1985.545660370025,1995.473388671875,8000,0.0,0.0
2014-08-15 00:00:00+09:00,1994.6458633110408,2003.7462799416594,1977.272340652587,1979.7542724609375,4600,0.0,0.0
2014-08-18 00:00:00+09:00,1962.3807391036185,1985.5454358552631,1958.2441861122534,1964.8626708984375,4600,0.0,0.0
2014-08-19 00:00:00+09:00,1962.3806418301197,1985.5453374335107,1939.2159462267286,1944.1798095703125,16800,0.0,0.0
2014-08-20 00:00:00+09:00,1945.8343505859375,1954.9347663412289,1932.5973822146047,1945.8343505859375,10800,0.0,0.0
2014-08-21 00:00:00+09:00,1951.6254903484864,1963.2078374722164,1945.0070062777836,1954.107421875,14000,0.0,0.0
2014-08-22 00:00:00+09:00,1968.1716178302693,1968.9989283043467,1944.1796140820231,1953.280029296875,7000,0.0,0.0
2014-08-25 00:00:00+09:00,1964.8629624058183,1978.927244663039,1957.4171659167014,1976.4453125,5400,0.0,0.0
2014-08-26 00:00:00+09:00,1981.4087254426263,1985.545278105346,1972.3083095846434,1973.1356201171875,6500,0.0,0.0
2014-08-27 00:00:00+09:00,1973.1354204121994,1983.0631457979212,1964.0350054752878,1977.27197265625,6000,0.0,0.0
2014-08-28 00:00:00+09:00,1957.4167317911529,1988.8545322172154,1957.4167317911529,1988.0272216796875,10200,0.0,0.0
2014-08-29 00:00:00+09:00,1955.7621858282228,1994.645782585383,1955.7621858282228,1981.4088134765625,7400,0.0,0.0
2014-09-01 00:00:00+09:00,1967.3447265625,1976.4451437164898,1965.6901052617748,1967.3447265625,3200,0.0,0.0
2014-09-02 00:00:00+09:00,1978.0992172304525,1997.9546673406703,1971.4807338603798,1993.818115234375,13100,0.0,0.0
2014-09-03 00:00:00+09:00,1993.8185757084898,2014.5013410166691,1978.9269846866007,2012.0194091796875,16500,0.0,0.0
2014-09-04 00:00:00+09:00,2012.018953364996,2083.1676499066857,2011.1916429400926,2046.7659912109375,25300,0.0,0.0
2014-09-05 00:00:00+09:00,2047.5940690395164,2066.622215943722,2024.4293684604834,2036.01171875,9100,0.0,0.0
2014-09-08 00:00:00+09:00,2051.7306986233143,2055.867252451184,2007.8832280478966,2024.429443359375,11800,0.0,0.0
2014-09-09 00:00:00+09:00,2026.910670457688,2065.794262911366,2020.2921866357854,2056.69384765625,14800,0.0,0.0
2014-09-10 00:00:00+09:00,2060.830615560258,2357.8351081279548,2060.830615560258,2231.256591796875,60500,0.0,0.0
2014-09-11 00:00:00+09:00,2208.919179797846,2211.40111146054,2184.927173725135,2196.509521484375,23800,0.0,0.0
2014-09-12 00:00:00+09:00,2237.874948943976,2237.874948943976,2155.143897227008,2175.82666015625,25000,0.0,0.0
2014-09-16 00:00:00+09:00,2217.1921655192627,2261.866933033457,2167.553534947936,2249.457275390625,18600,0.0,0.0
2014-09-17 00:00:00+09:00,2264.348809741397,2318.951302047912,2256.07570484647,2280.89501953125,18300,0.0,0.0
2014-09-18 00:00:00+09:00,2280.8949440374945,2299.923084666026,2257.7302510984123,2287.513427734375,21500,0.0,0.0
2014-09-19 00:00:00+09:00,2266.003494037829,2357.8349609375,2262.6942519873905,2357.8349609375,31500,0.0,0.0
2014-09-22 00:00:00+09:00,2353.6986040828206,2353.6986040828206,2275.9314094312263,2293.304931640625,13900,0.0,0.0
2014-09-24 00:00:00+09:00,2257.7303742468575,2283.3769999711712,2226.292574971892,2242.011474609375,13500,0.0,0.0
2014-09-25 00:00:00+09:00,2272.6222413258897,2284.20458984375,2237.04788516389,2284.20458984375,13500,0.0,0.0
2014-09-26 00:00:00+09:00,2242.612724733439,2311.6545853242683,2242.612724733439,2291.690673828125,19000,15.0,0.0
2014-09-29 00:00:00+09:00,2278.381854492188,2295.850280539773,2278.381854492188,2287.531982421875,6300,0.0,0.0
2014-09-30 00:00:00+09:00,2320.8050137315777,2320.8050137315777,2263.4087607038073,2285.8681640625,14800,0.0,0.0
2014-10-01 00:00:00+09:00,2295.0184507279832,2303.3367488458807,2281.7091737393466,2287.531982421875,6400,0.0,0.0
2014-10-02 00:00:00+09:00,2288.36368143185,2288.36368143185,2254.258661097897,2256.754150390625,20600,0.0,0.0
2014-10-03 00:00:00+09:00,2229.304002217669,2320.8052858907827,2229.304002217669,2309.15966796875,10100,0.0,0.0
2014-10-06 00:00:00+09:00,2309.159534484297,2341.6008968203514,2304.1685556633656,2330.787109375,6700,0.0,0.0
2014-10-07 00:00:00+09:00,2330.787069991731,2349.0873253592613,2279.213623046875,2279.213623046875,11200,0.0,0.0
2014-10-08 00:00:00+09:00,2245.9410004720717,2248.4364904725962,2213.499630465253,2230.13623046875,9500,0.0,0.0
2014-10-09 00:00:00+09:00,2188.544293212891,2208.5082092285156,2162.757568359375,2162.757568359375,13300,0.0,0.0
2014-10-10 00:00:00+09:00,2130.315729292708,2144.456833313784,2104.5290101954515,2105.36083984375,12000,0.0,0.0
2014-10-14 00:00:00+09:00,2062.937266319725,2088.7239821487215,2038.8142095764701,2057.9462890625,35800,0.0,0.0
2014-10-15 00:00:00+09:00,2046.3013916015625,2079.5745849609375,2046.3013916015625,2062.93798828125,21800,0.0,0.0
2014-10-16 00:00:00+09:00,2031.3278120335945,2031.3278120335945,1961.4541280815788,1968.1087646484375,20500,0.0,0.0
2014-10-17 00:00:00+09:00,1930.6769473151242,1982.2503944213447,1930.6769473151242,1936.499755859375,31300,0.0,0.0
2014-10-20 00:00:00+09:00,1971.4364257207442,2058.7785458476123,1971.4364257207442,2013.8597412109375,36600,0.0,0.0
2014-10-21 00:00:00+09:00,2021.346314971301,2087.892695711097,2021.346314971301,2037.98291015625,62800,0.0,0.0
2014-10-22 00:00:00+09:00,2054.6196657428773,2078.742730644312,2052.1241762703153,2072.919921875,18000,0.0,0.0
2014-10-23 00:00:00+09:00,2041.3104125976563,2074.5836059570315,2041.3104125976563,2062.93798828125,10500,0.0,0.0
2014-10-24 00:00:00+09:00,2067.096818914706,2096.21085861773,2051.292054504493,2059.6103515625,12400,0.0,0.0
2014-10-27 00:00:00+09:00,2060.442377832031,2089.5564203125,2060.442377832031,2079.574462890625,9900,0.0,0.0
2014-10-28 00:00:00+09:00,2080.406110713396,2141.9615094310257,2056.283049053785,2087.892578125,11500,0.0,0.0
2014-10-29 00:00:00+09:00,2126.15707386778,2138.634521484375,2107.8568173634408,2138.634521484375,10600,0.0,0.0
2014-10-30 00:00:00+09:00,2141.1303580350655,2174.4035570721294,2126.1574184683864,2146.121337890625,15900,0.0,0.0
2014-10-31 00:00:00+09:00,2179.3934186650126,2286.6994305000458,2158.597679937293,2263.408203125,24300,0.0,0.0
2014-11-04 00:00:00+09:00,2295.8503234130594,2337.441814779238,2263.40896014744,2286.7001953125,23100,0.0,0.0
2014-11-05 00:00:00+09:00,2300.0092383647766,2344.096214724029,2300.0092383647766,2334.1142578125,13600,0.0,0.0
2014-11-06 00:00:00+09:00,2364.892199080916,2364.892199080916,2245.9405337736453,2286.7001953125,12400,0.0,0.0
2014-11-07 00:00:00+09:00,2291.6904826389673,2321.6363473848846,2291.6904826389673,2304.999755859375,4100,0.0,0.0
2014-11-10 00:00:00+09:00,2310.8230598701466,2322.4686764425664,2294.18646476669,2319.141357421875,4100,0.0,0.0
2014-11-11 00:00:00+09:00,2319.1408586560583,2320.804517808609,2299.1769488254463,2304.999755859375,8600,0.0,0.0
2014-11-12 00:00:00+09:00,2329.9550819039946,2339.1052089660952,2301.6728709847744,2310.822998046875,8800,0.0,0.0
2014-11-13 00:00:00+09:00,2327.459623464127,2367.387451171875,2297.5137526833164,2367.387451171875,11800,0.0,0.0
2014-11-14 00:00:00+09:00,2412.3059859385935,2412.3059859385935,2343.26412496173,2377.369140625,15100,0.0,0.0
2014-11-17 00:00:00+09:00,2377.369332845111,2377.369332845111,2301.672828545284,2311.65478515625,6600,0.0,0.0
2014-11-18 00:00:00+09:00,2288.3636667261644,2366.5556640625,2288.3636667261644,2366.5556640625,7500,0.0,0.0
2014-11-19 00:00:00+09:00,2345.7598392821574,2368.2192419986886,2345.7598392821574,2349.087158203125,8400,0.0,0.0
2014-11-20 00:00:00+09:00,2369.883154771428,2436.4295403037954,2359.0693671224185,2396.501708984375,13000,0.0,0.0
2014-11-21 00:00:00+09:00,2396.501495805451,2428.942855866684,2396.501495805451,2400.66064453125,7400,0.0,0.0
2014-11-25 00:00:00+09:00,2400.6610223599137,2432.270557650862,2400.6610223599137,2412.306640625,4900,0.0,0.0
2014-11-26 00:00:00+09:00,2412.306377639322,2412.306377639322,2403.15625,2403.15625,4700,0.0,0.0
2014-11-27 00:00:00+09:00,2393.174549726714,2396.5018692258122,2360.7331846105017,2364.892333984375,5600,0.0,0.0
2014-11-28 00:00:00+09:00,2349.086556552768,2405.6509637218855,2346.5910680011893,2403.9873046875,4600,0.0,0.0
2014-12-01 00:00:00+09:00,2403.9878215897556,2413.137948246326,2345.7597428661284,2355.74169921875,6600,0.0,0.0
2014-12-02 00:00:00+09:00,2358.2374717222056,2408.147259483522,2358.2374717222056,2407.3154296875,5300,0.0,0.0
2014-12-03 00:00:00+09:00,2407.315278879623,2407.315278879623,2367.387451171875,2367.387451171875,3900,0.0,0.0
2014-12-04 00:00:00+09:00,2367.3875741792244,2407.3154039615865,2353.246467797971,2384.024169921875,9900,0.0,0.0
2014-12-05 00:00:00+09:00,2370.7144906044336,2401.4921875,2370.7144906044336,2401.4921875,4200,0.0,0.0
2014-12-08 00:00:00+09:00,2402.3246767147934,2408.147485834255,2383.192589607993,2398.16552734375,6800,0.0,0.0
2014-12-09 00:00:00+09:00,2376.537310974676,2388.1829260792074,2374.041822023705,2377.369140625,4200,0.0,0.0
2014-12-10 00:00:00+09:00,2335.777713241469,2369.8827297097387,2321.636608852187,2352.414306640625,14300,0.0,0.0
2014-12-11 00:00:00+09:00,2351.5824455885527,2365.7235497891206,2324.963896505131,2348.255126953125,8600,0.0,0.0
2014-12-12 00:00:00+09:00,2358.2378265380858,2374.0425950404574,2329.123779296875,2329.123779296875,21300,0.0,0.0
2014-12-15 00:00:00+09:00,2291.6907388254467,2329.1230739423777,2271.7268267630834,2280.876953125,6200,0.0,0.0
2014-12-16 00:00:00+09:00,2263.4084787011934,2284.204219960852,2262.576649050807,2267.567626953125,12400,0.0,0.0
2014-12-17 00:00:00+09:00,2233.4631103244055,2319.141583457893,2233.4631103244055,2243.445068359375,13800,0.0,0.0
2014-12-18 00:00:00+09:00,2309.9912563670764,2349.919085069136,2292.5228313099256,2342.4326171875,8900,0.0,0.0
2014-12-19 00:00:00+09:00,2366.555432441907,2433.101806640625,2366.555432441907,2433.101806640625,11500,0.0,0.0
2014-12-22 00:00:00+09:00,2416.465090964799,2416.465090964799,2352.4142090356113,2378.200927734375,8800,0.0,0.0
2014-12-24 00:00:00+09:00,2378.2008211724733,2420.6241306792226,2378.2008211724733,2389.846435546875,7400,0.0,0.0
2014-12-25 00:00:00+09:00,2401.4924859788684,2410.642613220215,2393.174188486735,2395.669677734375,4200,0.0,0.0
2014-12-26 00:00:00+09:00,2412.306256915499,2453.0659143599337,2399.8288107590397,2419.792724609375,8000,0.0,0.0
2014-12-29 00:00:00+09:00,2419.7930846161894,2442.2524910392344,2388.1835496504227,2422.28857421875,8500,0.0,0.0
2014-12-30 00:00:00+09:00,2437.2609689617684,2437.2609689617684,2403.987781672188,2408.978759765625,5000,0.0,0.0
2015-01-05 00:00:00+09:00,2408.978430706522,2428.942340353261,2372.3779296875,2410.64208984375,8700,0.0,0.0
2015-01-06 00:00:00+09:00,2408.1471685929732,2408.1471685929732,2342.4326171875,2342.4326171875,12400,0.0,0.0
2015-01-07 00:00:00+09:00,2318.3097534399476,2322.468902620859,2305.8323058972137,2309.991455078125,6500,0.0,0.0
2015-01-08 00:00:00+09:00,2308.327116182616,2323.300048828125,2308.327116182616,2323.300048828125,3100,0.0,0.0
2015-01-09 00:00:00+09:00,2339.105342874343,2374.8740234375,2315.8141090192644,2374.8740234375,10200,0.0,0.0
2015-01-13 00:00:00+09:00,2333.282463259813,2368.2193129770726,2312.4867193804926,2319.141357421875,11600,0.0,0.0
2015-01-14 00:00:00+09:00,2319.1416074810604,2360.733099724265,2319.1416074810604,2333.28271484375,12800,0.0,0.0
2015-01-15 00:00:00+09:00,2329.123437778223,2347.4236933607663,2316.6459907901253,2335.778076171875,9400,0.0,0.0
2015-01-16 00:00:00+09:00,2310.8230878814024,2354.0782356747186,2276.7180675059026,2290.02734375,10600,0.0,0.0
2015-01-19 00:00:00+09:00,2326.6279332594186,2326.6279332594186,2219.321889859181,2274.22265625,10000,0.0,0.0
2015-01-20 00:00:00+09:00,2277.5499397100407,2319.1414287478424,2262.5770036564318,2289.195556640625,7700,0.0,0.0
2015-01-21 00:00:00+09:00,2314.982205453398,2314.982205453398,2279.213526030295,2285.8681640625,5400,0.0,0.0
2015-01-22 00:00:00+09:00,2314.9819695648703,2314.9819695648703,2257.585722385576,2280.876953125,5600,0.0,0.0
2015-01-23 00:00:00+09:00,2319.1412526144745,2319.1412526144745,2269.2314695596438,2311.65478515625,6200,0.0,0.0
2015-01-26 00:00:00+09:00,2311.655157523471,2314.9824769297666,2287.5320918278326,2309.15966796875,4400,0.0,0.0
2015-01-27 00:00:00+09:00,2335.7780097926266,2364.0602221619106,2322.468733383552,2346.591796875,9900,0.0,0.0
2015-01-28 00:00:00+09:00,2329.1236385835705,2345.7602360020246,2304.1687424558895,2336.610107421875,8500,0.0,0.0
2015-01-29 00:00:00+09:00,2336.609786639636,2345.7599139636077,2300.00927734375,2300.00927734375,13600,0.0,0.0
2015-01-30 00:00:00+09:00,2298.345708203838,2313.318644413635,2260.0815378899124,2279.213623046875,12000,0.0,0.0
2015-02-02 00:00:00+09:00,2279.2135949049166,2279.2135949049166,2218.490021026063,2222.649169921875,13900,0.0,0.0
2015-02-03 00:00:00+09:00,2254.258831505831,2265.072619258442,2210.171850668263,2220.15380859375,12400,0.0,0.0
2015-02-04 00:00:00+09:00,2215.1621619660264,2275.053891467173,2215.1621619660264,2266.735595703125,9000,0.0,0.0
2015-02-05 00:00:00+09:00,2245.1085190041467,2245.1085190041467,2222.649115516517,2228.471923828125,11400,0.0,0.0
2015-02-06 00:00:00+09:00,2225.144181247949,2245.1080916591454,2215.994055642817,2217.65771484375,11500,0.0,0.0
2015-02-09 00:00:00+09:00,2245.940657515218,2245.940657515218,2196.862694999145,2203.517333984375,11700,0.0,0.0
2015-02-10 00:00:00+09:00,2203.517218003738,2220.9856444205284,2196.030749539399,2201.021728515625,7100,0.0,0.0
2015-02-12 00:00:00+09:00,2205.1806875606885,2220.985452956257,2195.19873046875,2195.19873046875,15500,0.0,0.0
2015-02-13 00:00:00+09:00,2236.78979565448,2237.6216252549466,2215.994055642817,2217.65771484375,16700,0.0,0.0
2015-02-16 00:00:00+09:00,2217.6577682810735,2233.462531070774,2211.8349609375,2211.8349609375,7500,0.0,0.0
2015-02-17 00:00:00+09:00,2206.8442349056136,2231.7991263670415,2206.8442349056136,2225.976318359375,22000,0.0,0.0
2015-02-18 00:00:00+09:00,2245.9405030019184,2261.745269504525,2236.7903750267255,2249.267822265625,24100,0.0,0.0
2015-02-19 00:00:00+09:00,2245.9402748927137,2282.5407830761505,2245.9402748927137,2277.5498046875,25200,0.0,0.0
2015-02-20 00:00:00+09:00,2283.372900320293,2327.4598816379525,2270.0636229413767,2309.991455078125,16900,0.0,0.0
2015-02-23 00:00:00+09:00,2297.5139401633523,2298.345769975142,2275.0545352450285,2287.531982421875,32300,0.0,0.0
2015-02-24 00:00:00+09:00,2279.2136615587083,2333.282598785466,2277.550001951731,2330.787109375,23900,0.0,0.0
2015-02-25 00:00:00+09:00,2312.487176257074,2329.123774647413,2292.523258188668,2314.982666015625,27000,0.0,0.0
2015-02-26 00:00:00+09:00,2329.12297135509,2344.927734375,2321.636504661449,2344.927734375,24000,0.0,0.0
2015-02-27 00:00:00+09:00,2317.4774295754187,2349.0869566119823,2317.4774295754187,2348.255126953125,21600,0.0,0.0
2015-03-02 00:00:00+09:00,2352.414574363015,2368.2193398909135,2339.9371278936214,2342.4326171875,12300,0.0,0.0
2015-03-03 00:00:00+09:00,2342.432690602837,2358.2374566260805,2335.7780522772605,2345.760009765625,12500,0.0,0.0
2015-03-04 00:00:00+09:00,2338.2734216824383,2369.0511223591548,2338.2734216824383,2362.396484375,20300,0.0,0.0
2015-03-05 00:00:00+09:00,2344.0966786824615,2428.9433292238423,2344.0966786824615,2424.7841796875,23500,0.0,0.0
2015-03-06 00:00:00+09:00,2400.6613281583636,2458.0575969189067,2400.6613281583636,2434.766357421875,25200,0.0,0.0
2015-03-09 00:00:00+09:00,2433.1019309906887,2449.738525390625,2428.110952670708,2449.738525390625,12700,0.0,0.0
2015-03-10 00:00:00+09:00,2453.8975858848903,2488.83443287037,2453.8975858848903,2470.5341796875,18600,0.0,0.0
2015-03-11 00:00:00+09:00,2445.5790989461234,2490.497898722685,2444.747269320632,2483.84326171875,16000,0.0,0.0
2015-03-12 00:00:00+09:00,2494.656726819249,2520.4434419014087,2463.047205105634,2480.515625,25300,0.0,0.0
2015-03-13 00:00:00+09:00,2499.6487492036053,2499.6487492036053,2478.8530025380182,2488.8349609375,24700,0.0,0.0
2015-03-16 00:00:00+09:00,2463.048235072172,2499.6487492036053,2453.898106539313,2488.8349609375,18900,0.0,0.0
2015-03-17 00:00:00+09:00,2489.6669965674314,2520.4447041761837,2489.6669965674314,2503.80810546875,16400,0.0,0.0
2015-03-18 00:00:00+09:00,2481.348634338379,2528.762939453125,2481.348634338379,2528.762939453125,16100,0.0,0.0
2015-03-19 00:00:00+09:00,2541.239866354124,2562.0356099413098,2512.1258253320634,2524.603271484375,17100,0.0,0.0
2015-03-20 00:00:00+09:00,2499.6483176491474,2532.921506569602,2499.6483176491474,2516.284912109375,17900,0.0,0.0
2015-03-23 00:00:00+09:00,2482.179954566516,2537.0807176366866,2482.179954566516,2524.603271484375,40100,0.0,0.0
2015-03-24 00:00:00+09:00,2516.285490738718,2541.240388167532,2507.96719159578,2528.762939453125,24400,0.0,0.0
2015-03-25 00:00:00+09:00,2516.2849431305435,2545.398983794864,2507.9666457978806,2520.444091796875,32400,0.0,0.0
2015-03-26 00:00:00+09:00,2453.8977131355714,2528.762389129538,2448.9067347359737,2520.444091796875,139200,0.0,0.0
2015-03-27 00:00:00+09:00,2478.576443829114,2516.25750463057,2432.5218139606677,2447.59423828125,47700,20.0,0.0
2015-03-30 00:00:00+09:00,2481.9254983767273,2507.046201801593,2445.0818000202576,2454.292724609375,14600,0.0,0.0
2015-03-31 00:00:00+09:00,2451.7806481020602,2458.479502331847,2413.2622362807847,2418.286376953125,12800,0.0,0.0
2015-04-01 00:00:00+09:00,2386.4676021887035,2418.287170217886,2375.581960494509,2392.3291015625,21200,0.0,0.0
2015-04-02 00:00:00+09:00,2386.4669911649216,2438.383115183246,2386.4669911649216,2399.02734375,17500,0.0,0.0
2015-04-03 00:00:00+09:00,2428.3348036433345,2449.2687243643977,2415.7744512106965,2443.4072265625,15700,0.0,0.0
2015-04-06 00:00:00+09:00,2443.4074762555997,2460.154614543849,2421.6361964808752,2430.009765625,9300,0.0,0.0
2015-04-07 00:00:00+09:00,2430.847377244116,2453.4560163021906,2430.847377244116,2439.220947265625,7500,0.0,0.0
2015-04-08 00:00:00+09:00,2439.2202863563307,2473.551914142328,2438.3829295810624,2458.4794921875,12500,0.0,0.0
2015-04-09 00:00:00+09:00,2472.7149230293603,2474.389636827552,2443.4074315610137,2465.1787109375,7100,0.0,0.0
2015-04-10 00:00:00+09:00,2466.0160688177416,2516.257482783468,2457.642499823454,2501.18505859375,20600,0.0,0.0
2015-04-13 00:00:00+09:00,2533.004628827495,2604.1799655052923,2495.323568233367,2595.806396484375,30200,0.0,0.0
2015-04-14 00:00:00+09:00,2604.1795572916667,2662.79453125,2599.9927734375,2637.673828125,12200,0.0,0.0
2015-04-15 00:00:00+09:00,2612.5533999303343,2658.608027172696,2604.179831340814,2629.300537109375,9600,0.0,0.0
2015-04-16 00:00:00+09:00,2675.355258336808,2675.355258336808,2608.366707267342,2666.981689453125,21700,0.0,0.0
2015-04-17 00:00:00+09:00,2666.9815957622163,2666.9815957622163,2620.9269685198547,2629.300537109375,8900,0.0,0.0
2015-04-20 00:00:00+09:00,2591.61962890625,2629.300689746567,2587.432844368437,2591.61962890625,11300,0.0,0.0
2015-04-21 00:00:00+09:00,2533.004554623463,2579.059182889344,2430.0096586834015,2553.9384765625,12300,0.0,0.0
2015-04-22 00:00:00+09:00,2570.686315199908,2579.059886259191,2533.005245433134,2562.312744140625,12600,0.0,0.0
2015-04-23 00:00:00+09:00,2587.433457318474,2679.5427389705883,2537.192030962776,2562.312744140625,20500,0.0,0.0
2015-04-24 00:00:00+09:00,2591.619854111876,2604.18020881678,2524.631295685721,2537.191650390625,10300,0.0,0.0
2015-04-27 00:00:00+09:00,2570.685768673305,2570.685768673305,2499.510429801243,2516.257568359375,15300,0.0,0.0
2015-04-28 00:00:00+09:00,2512.070635735331,2545.5649108784687,2491.974070649448,2504.534423828125,15100,0.0,0.0
2015-04-30 00:00:00+09:00,2478.5764383612623,2487.7873643146318,2386.467178827567,2460.991943359375,21000,0.0,0.0
2015-05-01 00:00:00+09:00,2419.1236128112114,2500.3472162873927,2419.1236128112114,2487.786865234375,15000,0.0,0.0
2015-05-07 00:00:00+09:00,2487.7876638694056,2549.7520822895794,2478.5767368069473,2507.046875,11200,0.0,0.0
2015-05-08 00:00:00+09:00,2488.6248066406247,2520.444370117187,2486.9500927734375,2512.07080078125,9700,0.0,0.0
2015-05-11 00:00:00+09:00,2570.685912080416,2570.685912080416,2524.6312784763695,2541.37841796875,10700,0.0,0.0
2015-05-12 00:00:00+09:00,2587.4327516649587,2587.4327516649587,2507.046491419057,2553.9384765625,5800,0.0,0.0
2015-05-13 00:00:00+09:00,2566.4991272073207,2566.4991272073207,2524.6312784763695,2541.37841796875,8600,0.0,0.0
2015-05-14 00:00:00+09:00,2505.3713729560013,2520.443794317368,2483.60009765625,2483.60009765625,8500,0.0,0.0
2015-05-15 00:00:00+09:00,2500.347330950911,2500.347330950911,2458.4794921875,2458.4794921875,10800,0.0,0.0
2015-05-18 00:00:00+09:00,2500.347269349865,2541.3777503271403,2498.6725558405888,2524.630615234375,18100,0.0,0.0
2015-05-19 00:00:00+09:00,2553.9387379412974,2595.8065861042696,2528.818029043514,2549.751953125,11000,0.0,0.0
2015-05-20 00:00:00+09:00,2574.872696953511,2579.0594818266063,2499.510569237799,2541.37841796875,8500,0.0,0.0
2015-05-21 00:00:00+09:00,2579.0593775489397,2579.0593775489397,2549.7518846222474,2566.4990234375,6100,0.0,0.0
2015-05-22 00:00:00+09:00,2566.499092390189,2574.8726620227835,2533.0048138598113,2549.751953125,3800,0.0,0.0
2015-05-25 00:00:00+09:00,2583.2459672771515,2612.553457991803,2549.7516921746924,2553.9384765625,9700,0.0,0.0
2015-05-26 00:00:00+09:00,2570.6852367394795,2574.872020512671,2524.630615234375,2524.630615234375,6700,0.0,0.0
2015-05-27 00:00:00+09:00,2579.05938185307,2654.421506647478,2562.3122430098683,2625.114013671875,33100,0.0,0.0
2015-05-28 00:00:00+09:00,2599.993096875,2625.113803125,2566.498821875,2616.740234375,11000,0.0,0.0
2015-05-29 00:00:00+09:00,2612.5536551794453,2612.5536551794453,2545.565099918434,2566.4990234375,6000,0.0,0.0
2015-06-01 00:00:00+09:00,2541.3779627776344,2566.498667516787,2520.4440421616737,2533.00439453125,6700,0.0,0.0
2015-06-02 00:00:00+09:00,2545.5650781249997,2553.9386474609373,2507.884016113281,2512.07080078125,9500,0.0,0.0
2015-06-03 00:00:00+09:00,2512.070616177373,2566.4988128612163,2512.070616177373,2558.125244140625,6200,0.0,0.0
2015-06-04 00:00:00+09:00,2558.1254369878616,2587.43292971931,2533.0047289323343,2570.685791015625,7100,0.0,0.0
2015-06-05 00:00:00+09:00,2524.63096925826,2574.8723815818075,2524.63096925826,2558.125244140625,6800,0.0,0.0
2015-06-08 00:00:00+09:00,2558.125260950307,2574.8723985015367,2533.004554623463,2553.9384765625,2800,0.0,0.0
2015-06-09 00:00:00+09:00,2545.5645504568106,2566.498469457278,2520.44384765625,2520.44384765625,7100,0.0,0.0
2015-06-10 00:00:00+09:00,2520.444510784086,2566.499144702068,2512.070940980817,2537.191650390625,8100,0.0,0.0
2015-06-11 00:00:00+09:00,2533.004537978851,2566.4988128612163,2520.444184897964,2558.125244140625,12300,0.0,0.0
2015-06-12 00:00:00+09:00,2566.498829725922,2566.498829725922,2528.8177702356556,2553.9384765625,20200,0.0,0.0
2015-06-15 00:00:00+09:00,2553.939173081342,2562.312744140625,2537.192030962776,2562.312744140625,2600,0.0,0.0
2015-06-16 00:00:00+09:00,2545.5654296875,2566.4993559184827,2545.5654296875,2545.5654296875,3500,0.0,0.0
2015-06-17 00:00:00+09:00,2545.5647469008263,2562.311883393595,2533.00439453125,2533.00439453125,5600,0.0,0.0
2015-06-18 00:00:00+09:00,2545.565255070364,2553.9388249883586,2528.818115234375,2528.818115234375,5000,0.0,0.0
2015-06-19 00:00:00+09:00,2558.1254540298737,2570.6858081413134,2533.0047458069944,2566.4990234375,7800,0.0,0.0
2015-06-22 00:00:00+09:00,2533.0043744810537,2599.992919921875,2533.0043744810537,2599.992919921875,8700,0.0,0.0
2015-06-23 00:00:00+09:00,2599.993138383659,2704.6627494297,2528.817802872351,2666.981689453125,23000,0.0,0.0
2015-06-24 00:00:00+09:00,2666.9817915975386,2666.9817915975386,2608.3668071668235,2641.861083984375,12200,0.0,0.0
2015-06-25 00:00:00+09:00,2641.8610260994205,2650.234595120338,2579.0592584425403,2595.806396484375,11100,0.0,0.0
2015-06-26 00:00:00+09:00,2612.553458773474,2679.542008998435,2612.553458773474,2675.355224609375,9700,0.0,0.0
2015-06-29 00:00:00+09:00,2646.0475449124397,2662.794681272645,2587.432567651721,2599.992919921875,9600,0.0,0.0
2015-06-30 00:00:00+09:00,2583.24609375,2608.3668013067263,2553.9386016004864,2583.24609375,10100,0.0,0.0
2015-07-01 00:00:00+09:00,2583.246231655378,2583.246231655378,2545.565168308703,2549.751953125,6400,0.0,0.0
2015-07-02 00:00:00+09:00,2570.6861379936195,2608.367205162907,2570.6861379936195,2604.180419921875,4600,0.0,0.0
2015-07-03 00:00:00+09:00,2587.432734662694,2591.61951902299,2558.125244140625,2558.125244140625,3400,0.0,0.0
2015-07-06 00:00:00+09:00,2545.564802491482,2545.564802491482,2445.0819813405024,2457.642333984375,15400,0.0,0.0
2015-07-07 00:00:00+09:00,2439.220190314449,2512.0702268943865,2439.220190314449,2483.60009765625,8400,0.0,0.0
2015-07-08 00:00:00+09:00,2449.2693993353073,2474.3901111233617,2386.4676198651714,2388.142333984375,13700,0.0,0.0
2015-07-09 00:00:00+09:00,2349.62310218138,2400.7018652722795,2316.9661880740837,2373.069091796875,12300,0.0,0.0
2015-07-10 00:00:00+09:00,2392.3282974678527,2516.2570997168,2335.388036975093,2435.870849609375,24700,0.0,0.0
2015-07-13 00:00:00+09:00,2477.739446447791,2495.3239440400193,2447.5945934325428,2467.691162109375,5400,0.0,0.0
2015-07-14 00:00:00+09:00,2512.070852308417,2512.070852308417,2468.5282908684044,2499.510498046875,9800,0.0,0.0
2015-07-15 00:00:00+09:00,2499.5104697727843,2503.6972544792716,2436.708699175478,2494.486328125,14800,0.0,0.0
2015-07-16 00:00:00+09:00,2452.6180136588105,2510.3956315975124,2440.895018714726,2503.69677734375,20800,0.0,0.0
2015-07-17 00:00:00+09:00,2487.7873418859535,2506.20919362661,2478.576416015625,2478.576416015625,5400,0.0,0.0
2015-07-21 00:00:00+09:00,2486.112622825048,2508.7212590043264,2479.413767660818,2491.97412109375,5300,0.0,0.0
2015-07-22 00:00:00+09:00,2491.136511449856,2491.136511449856,2469.365234375,2469.365234375,4000,0.0,0.0
2015-07-23 00:00:00+09:00,2469.3655124078928,2480.2511521709657,2456.8051588351163,2460.991943359375,5100,0.0,0.0
2015-07-24 00:00:00+09:00,2460.992229321549,2460.992229321549,2437.5462332613233,2439.220947265625,4700,0.0,0.0
2015-07-27 00:00:00+09:00,2441.7325213584977,2456.804944329847,2416.61181640625,2416.61181640625,7300,0.0,0.0
2015-07-28 00:00:00+09:00,2396.515154803241,2470.2025529942557,2393.16572761274,2441.732421875,9300,0.0,0.0
2015-07-29 00:00:00+09:00,2435.0338956027326,2442.5701077968265,2411.587902109997,2420.798828125,5600,0.0,0.0
2015-07-30 00:00:00+09:00,2419.961243733216,2442.5698781902397,2412.425032247542,2416.61181640625,5700,0.0,0.0
2015-07-31 00:00:00+09:00,2447.5943962935676,2473.552462077044,2423.311044431606,2468.5283203125,9500,0.0,0.0
2015-08-03 00:00:00+09:00,2426.6601803296235,2478.576305650685,2425.822823469606,2445.08203125,8900,0.0,0.0
2015-08-04 00:00:00+09:00,2449.2686330536267,2449.2686330536267,2421.635858731996,2441.732421875,7600,0.0,0.0
2015-08-05 00:00:00+09:00,2420.798817266881,2451.781022814745,2419.1241034534833,2447.59423828125,6300,0.0,0.0
2015-08-06 00:00:00+09:00,2430.0096915816603,2440.8953311373325,2420.7987658037837,2424.148193359375,11500,0.0,0.0
2015-08-07 00:00:00+09:00,2421.6362362411987,2435.871304019933,2405.7264546061424,2408.238525390625,5700,0.0,0.0
2015-08-10 00:00:00+09:00,2408.2388934491596,2409.0762505052962,2370.557825923008,2378.931396484375,14800,0.0,0.0
2015-08-11 00:00:00+09:00,2382.279970523876,2383.117327279772,2352.972484067519,2372.231689453125,10300,0.0,0.0
2015-08-12 00:00:00+09:00,2344.5992359020893,2386.467079400341,2344.5992359020893,2364.69580078125,10500,0.0,0.0
2015-08-13 00:00:00+09:00,2362.1842433400043,2375.5819561700077,2337.9008888356225,2347.11181640625,9300,0.0,0.0
2015-08-14 00:00:00+09:00,2347.1113799542177,2374.7441575277066,2347.1113799542177,2370.557373046875,3100,0.0,0.0
2015-08-17 00:00:00+09:00,2370.5576870164086,2393.1663262073107,2353.810546875,2353.810546875,8500,0.0,0.0
2015-08-18 00:00:00+09:00,2347.1111219484146,2378.930680504975,2347.1111219484146,2374.743896484375,5800,0.0,0.0
2015-08-19 00:00:00+09:00,2357.159230900907,2361.346014614763,2331.201171875,2331.201171875,5400,0.0,0.0
2015-08-20 00:00:00+09:00,2327.8521400944687,2327.8521400944687,2293.5205078125,2293.5205078125,8600,0.0,0.0
2015-08-21 00:00:00+09:00,2260.863580914551,2270.911863496394,2233.2308038144847,2234.905517578125,13200,0.0,0.0
2015-08-24 00:00:00+09:00,2201.4104780372154,2244.953020775114,2153.68115234375,2153.68115234375,14600,0.0,0.0
2015-08-25 00:00:00+09:00,2102.6033263906897,2183.8269515041493,2018.0302734375,2018.0302734375,22800,0.0,0.0
2015-08-26 00:00:00+09:00,2028.9158540315063,2053.199205152808,1992.9095058171627,2014.6807861328125,31900,0.0,0.0
2015-08-27 00:00:00+09:00,2052.3612846932456,2093.3917632530042,2027.2405835342095,2038.126220703125,34000,0.0,0.0
2015-08-28 00:00:00+09:00,2093.391949751915,2117.6752963690374,2076.6448141539,2104.277587890625,22000,0.0,0.0
2015-08-31 00:00:00+09:00,2105.9523847180812,2141.958727677476,2105.9523847180812,2132.747802734375,8600,0.0,0.0
2015-09-01 00:00:00+09:00,2132.747768331853,2146.9828339233886,2090.042571557246,2091.71728515625,11900,0.0,0.0
2015-09-02 00:00:00+09:00,2055.711147966056,2130.235910560345,2055.711147966056,2064.084716796875,12400,0.0,0.0
2015-09-03 00:00:00+09:00,2091.7176716549297,2103.4406690140845,2064.084892165493,2080.83203125,15300,0.0,0.0
2015-09-04 00:00:00+09:00,2101.765388594131,2138.6090846491675,2040.6383474119111,2061.572265625,18000,0.0,0.0
2015-09-07 00:00:00+09:00,2057.385656376664,2120.1874163393218,2057.385656376664,2091.71728515625,11900,0.0,0.0
2015-09-08 00:00:00+09:00,2091.717134976349,2106.7895562852254,2075.80735692809,2079.994140625,14900,0.0,0.0
2015-09-09 00:00:00+09:00,2118.513148991142,2141.121787340059,2102.603366449311,2126.88671875,21900,0.0,0.0
2015-09-10 00:00:00+09:00,2093.3924979448984,2126.0494209128387,2083.344213954763,2100.9287109375,25500,0.0,0.0
2015-09-11 00:00:00+09:00,2110.1394774440664,2164.567678251155,2110.1394774440664,2152.00732421875,30500,0.0,0.0
2015-09-14 00:00:00+09:00,2152.007009433586,2152.007009433586,2131.0730891083567,2132.747802734375,9100,0.0,0.0
2015-09-15 00:00:00+09:00,2136.9344202497045,2151.169484961399,2119.3499285470225,2125.21142578125,8500,0.0,0.0
2015-09-16 00:00:00+09:00,2138.6090119735054,2171.265923276155,2095.066463569973,2118.512451171875,19800,0.0,0.0
2015-09-17 00:00:00+09:00,2118.5126109885505,2152.84423828125,2110.976400119421,2152.84423828125,17000,0.0,0.0
2015-09-18 00:00:00+09:00,2152.844785002461,2153.6821419783464,2105.1154373769687,2126.88671875,20200,0.0,0.0
2015-09-24 00:00:00+09:00,2092.5547330078125,2133.58521796875,2069.1087416015625,2093.39208984375,21400,0.0,0.0
2015-09-25 00:00:00+09:00,2090.879680069633,2129.3980882727583,2079.99404296875,2118.512451171875,17300,0.0,0.0
2015-09-28 00:00:00+09:00,2108.392825071839,2135.3802532327586,2090.6823253412354,2127.7900390625,12700,18.0,0.0
2015-09-29 00:00:00+09:00,2099.958757285779,2106.7056127308742,2086.4650463955895,2088.9951171875,11800,0.0,0.0
2015-09-30 00:00:00+09:00,2115.139880764869,2140.4405970419607,2077.1888063492315,2091.52587890625,25100,0.0,0.0
2015-10-01 00:00:00+09:00,2105.862488788767,2136.2233416507597,2077.188349974663,2119.356201171875,23600,0.0,0.0
2015-10-02 00:00:00+09:00,2108.3924469215103,2108.3924469215103,2084.7784515159897,2096.58544921875,7100,0.0,0.0
2015-10-05 00:00:00+09:00,2116.825908258209,2131.162976162747,2090.681843255817,2093.2119140625,12100,0.0,0.0
2015-10-06 00:00:00+09:00,2108.3925008007186,2128.6330688084054,2097.4288597965547,2098.272216796875,14600,0.0,0.0
2015-10-07 00:00:00+09:00,2110.0791376452626,2128.632990973878,2107.549066736815,2122.7294921875,18800,0.0,0.0
2015-10-08 00:00:00+09:00,2125.2598190610133,2132.8500327005167,2096.5856786451104,2126.946533203125,25100,0.0,0.0
2015-10-09 00:00:00+09:00,2129.4767255790553,2153.93408203125,2119.3564401505605,2153.93408203125,11400,0.0,0.0
2015-10-13 00:00:00+09:00,2148.873588771446,2155.620444623162,2130.319735179228,2150.560302734375,9500,0.0,0.0
2015-10-14 00:00:00+09:00,2116.826166966664,2130.3198795847784,2096.5855980394927,2097.428955078125,11700,0.0,0.0
2015-10-15 00:00:00+09:00,2099.959049492203,2112.6094052120357,2091.525479012315,2105.862548828125,8500,0.0,0.0
2015-10-16 00:00:00+09:00,2105.861872496599,2110.078656382255,2085.6213098454505,2092.3681640625,11300,0.0,0.0
2015-10-19 00:00:00+09:00,2095.7420020955155,2101.6455006929677,2075.50143547568,2082.248291015625,5000,0.0,0.0
2015-10-20 00:00:00+09:00,2082.2490659096525,2088.9959239603927,2079.718994140625,2079.718994140625,2400,0.0,0.0
2015-10-21 00:00:00+09:00,2074.658661807507,2100.802734375,2073.8153046279103,2100.802734375,10200,0.0,0.0
2015-10-22 00:00:00+09:00,2079.7186012376396,2099.9591715659863,2078.875244140625,2078.875244140625,9000,0.0,0.0
2015-10-23 00:00:00+09:00,2109.2366160629736,2115.983474491004,2081.4058250473486,2087.309326171875,15000,0.0,0.0
2015-10-26 00:00:00+09:00,2088.1520227209317,2091.525450867492,2053.5743842186866,2078.03173828125,20300,0.0,0.0
2015-10-27 00:00:00+09:00,2075.5010435330037,2091.5248224144043,2075.5010435330037,2081.404541015625,8200,0.0,0.0
2015-10-28 00:00:00+09:00,2074.658203125,2083.0917730564024,2068.754704173018,2074.658203125,11300,0.0,0.0
2015-10-29 00:00:00+09:00,2070.441340527503,2072.12805445054,2053.574201297137,2064.537841796875,8300,0.0,0.0
2015-10-30 00:00:00+09:00,2079.718391681748,2137.066668500223,2079.718391681748,2126.10302734375,16600,0.0,0.0
2015-11-02 00:00:00+09:00,2126.102882109343,2142.1266642434475,2075.50146484375,2075.50146484375,11000,0.0,0.0
2015-11-04 00:00:00+09:00,2125.2598105878938,2125.2598105878938,2086.4653854739877,2088.152099609375,12200,0.0,0.0
2015-11-05 00:00:00+09:00,2088.1521567154387,2109.236083984375,2088.1521567154387,2109.236083984375,3700,0.0,0.0
2015-11-06 00:00:00+09:00,2109.2362017749315,2133.6935587727216,2107.549487499222,2116.826416015625,7600,0.0,0.0
2015-11-09 00:00:00+09:00,2123.5732843175324,2133.6935700251615,2112.609641467601,2121.043212890625,13000,0.0,0.0
2015-11-10 00:00:00+09:00,2121.04318202227,2138.7536817528735,2111.766253591954,2127.7900390625,5200,0.0,0.0
2015-11-11 00:00:00+09:00,2119.356617274919,2148.03076171875,2119.356617274919,2148.03076171875,7400,0.0,0.0
2015-11-12 00:00:00+09:00,2148.029867593344,2149.7165812702924,2118.512378246753,2142.9697265625,11300,0.0,0.0
2015-11-13 00:00:00+09:00,2146.344056889303,2147.18741408258,2120.199983897724,2132.850341796875,7500,0.0,0.0
2015-11-16 00:00:00+09:00,2132.0064013092883,2143.8133987848937,2119.3560468711403,2133.693115234375,6800,0.0,0.0
2015-11-17 00:00:00+09:00,2148.8737676802743,2153.090552938673,2140.4401971634757,2144.656982421875,12800,0.0,0.0
2015-11-18 00:00:00+09:00,2158.1503584401908,2158.1503584401908,2121.0426539574364,2130.319580078125,9100,0.0,0.0
2015-11-19 00:00:00+09:00,2142.1268695073154,2153.0905109654236,2138.753441366359,2147.18701171875,9500,0.0,0.0
2015-11-20 00:00:00+09:00,2147.186904535061,2183.4512552400915,2147.186904535061,2178.39111328125,11400,0.0,0.0
2015-11-24 00:00:00+09:00,2193.571682014436,2195.258396110564,2180.077969245412,2194.4150390625,8400,0.0,0.0
2015-11-25 00:00:00+09:00,2207.9088056010587,2216.3423762870825,2194.41509250342,2196.101806640625,11800,0.0,0.0
2015-11-26 00:00:00+09:00,2207.0655178441148,2212.12566041464,2165.7410201848247,2167.427734375,8600,0.0,0.0
2015-11-27 00:00:00+09:00,2158.9941445017866,2167.4277153787466,2124.41650390625,2124.41650390625,18200,0.0,0.0
2015-11-30 00:00:00+09:00,2152.2471556886226,2152.2471556886226,2097.4289483532934,2112.609375,26400,0.0,0.0
2015-12-01 00:00:00+09:00,2133.693174667176,2137.909959597349,2099.958895225798,2120.199462890625,9100,0.0,0.0
2015-12-02 00:00:00+09:00,2150.560302734375,2162.3673004748775,2144.656803864124,2150.560302734375,17800,0.0,0.0
2015-12-03 00:00:00+09:00,2170.800900342988,2180.921184260671,2150.560332507622,2178.39111328125,35400,0.0,0.0
2015-12-04 00:00:00+09:00,2171.6445198504375,2175.017948230788,2156.464092138862,2167.427734375,30200,0.0,0.0
2015-12-07 00:00:00+09:00,2182.6072727670808,2207.0646185592927,2181.763916015625,2181.763916015625,25200,0.0,0.0
2015-12-08 00:00:00+09:00,2184.295250860161,2191.042108777876,2171.644892264446,2179.235107421875,8700,0.0,0.0
2015-12-09 00:00:00+09:00,2160.6809502765973,2180.9215212393756,2149.717307671759,2158.15087890625,20900,0.0,0.0
2015-12-10 00:00:00+09:00,2158.1511758574356,2161.5246048153995,2138.753959349143,2140.440673828125,15300,0.0,0.0
2015-12-11 00:00:00+09:00,2109.235803900279,2131.1630853482625,2093.2120213036756,2096.58544921875,35200,0.0,0.0
2015-12-14 00:00:00+09:00,2096.5857431779286,2096.5857431779286,2072.971744461524,2078.875244140625,14900,0.0,0.0
2015-12-15 00:00:00+09:00,2079.7187680844904,2088.9956968958977,2040.080981344843,2049.35791015625,13600,0.0,0.0
2015-12-16 00:00:00+09:00,2091.5253850605413,2093.212099080751,2051.0442485754984,2072.128173828125,11400,0.0,0.0
2015-12-17 00:00:00+09:00,2098.2722229251012,2101.6456509362347,2072.1281558388155,2083.091796875,8000,0.0,0.0
2015-12-18 00:00:00+09:00,2083.0917730564024,2114.2959818025915,2067.067990186738,2074.658203125,10400,0.0,0.0
2015-12-21 00:00:00+09:00,2069.5978282099186,2069.5978282099186,2026.586626401155,2036.7069091796875,13400,0.0,0.0
2015-12-22 00:00:00+09:00,2057.791140959225,2069.5981393089905,2045.9841426094586,2050.200927734375,13800,0.0,0.0
2015-12-24 00:00:00+09:00,2048.513935033642,2050.200648854172,2024.8999415462226,2029.9600830078125,16800,0.0,0.0
2015-12-25 00:00:00+09:00,2029.9600830078125,2029.9600830078125,2029.9600830078125,2029.9600830078125,0,0.0,0.0
2015-12-28 00:00:00+09:00,2053.5750340317236,2093.2128272964014,2051.0449621212124,2087.309326171875,11000,0.0,0.0
2015-12-29 00:00:00+09:00,2087.3082222698404,2149.716629723565,2078.8746536950125,2110.078857421875,13700,0.0,0.0
2015-12-30 00:00:00+09:00,2141.2836456601704,2141.2836456601704,2123.573146818554,2124.41650390625,6800,0.0,0.0
2016-01-04 00:00:00+09:00,2124.41616820049,2126.102882109343,2073.814750934897,2075.50146484375,9200,0.0,0.0
2016-01-05 00:00:00+09:00,2085.6221168489797,2085.6221168489797,2048.514404296875,2048.514404296875,13100,0.0,0.0
2016-01-06 00:00:00+09:00,2045.9843260284435,2050.2011115313876,1991.1661144901711,2009.719970703125,20600,0.0,0.0
2016-01-07 00:00:00+09:00,2019.840421811996,2021.5271361517139,1959.9620627520162,1960.805419921875,20100,0.0,0.0
2016-01-08 00:00:00+09:00,1937.1909012786055,1937.1909012786055,1902.6132665583516,1905.9866943359375,27200,0.0,0.0
2016-01-12 00:00:00+09:00,1905.987270846225,1907.6739852452042,1869.7229112681775,1873.939697265625,22800,0.0,0.0
2016-01-13 00:00:00+09:00,1876.469440562935,1891.649867497826,1860.4456565761054,1878.99951171875,20600,0.0,0.0
2016-01-14 00:00:00+09:00,1872.2527313232422,1872.2527313232422,1826.7114486694336,1835.14501953125,23100,0.0,0.0
2016-01-15 00:00:00+09:00,1869.7227458057316,1869.7227458057316,1823.338103938652,1830.0849609375,12900,0.0,0.0
2016-01-18 00:00:00+09:00,1825.0248620919936,1825.0248620919936,1784.5437191250733,1800.5675048828125,12800,0.0,0.0
2016-01-19 00:00:00+09:00,1803.9407225870882,1808.1575078198773,1782.8567964231438,1786.230224609375,10100,0.0,0.0
2016-01-20 00:00:00+09:00,1781.1701895043732,1797.193974353134,1735.62890625,1735.62890625,14400,0.0,0.0
2016-01-21 00:00:00+09:00,1698.5208294208232,1732.2551060726767,1666.4732666015625,1666.4732666015625,22200,0.0,0.0
2016-01-22 00:00:00+09:00,1695.1476978550297,1717.9183385724853,1675.750485392012,1710.328125,19500,0.0,0.0
2016-01-25 00:00:00+09:00,1740.6889567454268,1740.6889567454268,1716.2316022175114,1728.8819580078125,25900,0.0,0.0
2016-01-26 00:00:00+09:00,1730.568484134086,1756.7125499275346,1715.3880588346642,1722.978271484375,17900,0.0,0.0
2016-01-27 00:00:00+09:00,1746.5923505972164,1759.2427056232707,1727.1951395572667,1752.495849609375,15200,0.0,0.0
2016-01-28 00:00:00+09:00,1741.5321259306395,1771.049619590481,1733.098556313542,1757.555908203125,12600,0.0,0.0
2016-01-29 00:00:00+09:00,1763.4593963047244,1813.2174567456514,1757.555897608343,1787.916748046875,19000,0.0,0.0
2016-02-01 00:00:00+09:00,1813.217996922677,1828.3984266643552,1805.6277820518378,1824.181640625,14600,0.0,0.0
2016-02-02 00:00:00+09:00,1832.615032312068,1843.578674935196,1818.2779611895162,1830.0849609375,17800,0.0,0.0
2016-02-03 00:00:00+09:00,1813.2176500992239,1813.2176500992239,1761.7728702591994,1786.230224609375,13200,0.0,0.0
2016-02-04 00:00:00+09:00,1771.0497596047142,1785.3868290872285,1761.772832292499,1781.1700439453125,13200,0.0,0.0
2016-02-05 00:00:00+09:00,1747.4359056122448,1771.0499043367347,1728.8820494715742,1735.62890625,18200,0.0,0.0
2016-02-08 00:00:00+09:00,1728.8818096544182,1779.4832284735721,1712.0146700480338,1762.6160888671875,23500,0.0,0.0
2016-02-09 00:00:00+09:00,1704.42457223574,1717.0749277941447,1690.0875026028812,1708.641357421875,19600,0.0,0.0
2016-02-10 00:00:00+09:00,1737.3155664737988,1737.3155664737988,1691.7742846341941,1706.9547119140625,31600,0.0,0.0
2016-02-12 00:00:00+09:00,1686.7141647415085,1729.725375942417,1685.027450576767,1688.40087890625,47900,0.0,0.0
2016-02-15 00:00:00+09:00,1760.0862201286766,1797.1939315257353,1732.2554365808824,1792.1337890625,14900,0.0,0.0
2016-02-16 00:00:00+09:00,1792.1337672142108,1868.035903237401,1786.2302677457405,1837.675048828125,25300,0.0,0.0
2016-02-17 00:00:00+09:00,1830.0849110173722,1884.9031226377083,1829.2415539155209,1847.79541015625,20600,0.0,0.0
2016-02-18 00:00:00+09:00,1867.1925026633523,1922.0107107361246,1860.445646285165,1901.7701416015625,13000,0.0,0.0
2016-02-19 00:00:00+09:00,1893.3365769159225,1893.3365769159225,1854.5421526227678,1859.602294921875,10000,0.0,0.0
2016-02-22 00:00:00+09:00,1856.2288702181345,1857.9155843210133,1771.0498080227544,1852.0120849609375,15700,0.0,0.0
2016-02-23 00:00:00+09:00,1853.6990544736411,1912.7340562084705,1853.6990544736411,1856.2291259765625,10100,0.0,0.0
2016-02-24 00:00:00+09:00,1846.9518059169102,1862.132231718967,1819.9643822688092,1820.8077392578125,14200,0.0,0.0
2016-02-25 00:00:00+09:00,1835.145187866156,1885.746617678642,1835.145187866156,1871.4095458984375,10900,0.0,0.0
2016-02-26 00:00:00+09:00,1882.3728178047838,1899.239957749271,1842.7350389352387,1844.4217529296875,11300,0.0,0.0
2016-02-29 00:00:00+09:00,1853.6990966796875,1888.2767413402275,1852.0123823060026,1853.6990966796875,18700,0.0,0.0
2016-03-01 00:00:00+09:00,1846.9518330891926,1851.1686180962456,1807.3140540228949,1821.651123046875,20700,0.0,0.0
2016-03-02 00:00:00+09:00,1862.9757687924825,1862.9757687924825,1825.8680576893275,1849.4820556640625,16900,0.0,0.0
2016-03-03 00:00:00+09:00,1847.7953758239746,1878.9995880126953,1847.7953758239746,1862.1324462890625,15300,0.0,0.0
2016-03-04 00:00:00+09:00,1862.1324613567754,1889.1198883329605,1861.2891042637696,1885.7464599609375,17400,0.0,0.0
2016-03-07 00:00:00+09:00,1888.2763224482694,1914.4203894406305,1876.4693244517193,1898.3966064453125,20800,0.0,0.0
2016-03-08 00:00:00+09:00,1898.3969751317634,1900.9270466223877,1851.1689739734431,1871.4095458984375,16800,0.0,0.0
2016-03-09 00:00:00+09:00,1851.1688314940268,1851.1688314940268,1799.724048477564,1809.0009765625,28100,0.0,0.0
2016-03-10 00:00:00+09:00,1817.4346193998695,1831.771690643395,1809.0010480801484,1826.7115478515625,16800,0.0,0.0
2016-03-11 00:00:00+09:00,1784.5436319040698,1824.1814157885176,1784.5436319040698,1813.2177734375,31800,0.0,0.0
2016-03-14 00:00:00+09:00,1824.1811940511066,1830.9280500623913,1804.783983018663,1821.651123046875,33700,0.0,0.0
2016-03-15 00:00:00+09:00,1813.2179000120418,1824.1815431283935,1805.627685546875,1805.627685546875,32500,0.0,0.0
2016-03-16 00:00:00+09:00,1812.3743592016003,1825.0247153616858,1797.1939318094976,1819.1212158203125,20400,0.0,0.0
2016-03-17 00:00:00+09:00,1829.2415274842147,1872.252739057149,1829.2415274842147,1846.9520263671875,23900,0.0,0.0
2016-03-18 00:00:00+09:00,1862.9759298327187,1862.9759298327187,1830.085001239022,1854.5423583984375,23900,0.0,0.0
2016-03-22 00:00:00+09:00,1868.0359345506502,1888.27650449612,1863.819149145344,1884.903076171875,34900,0.0,0.0
2016-03-23 00:00:00+09:00,1895.0239359718446,1905.144224014418,1885.7470052661524,1899.24072265625,40900,0.0,0.0
2016-03-24 00:00:00+09:00,1889.1198180197794,1889.1198180197794,1833.458251953125,1833.458251953125,54300,0.0,0.0
2016-03-25 00:00:00+09:00,1833.4581815805009,1846.9518940484345,1798.8805433814205,1808.157470703125,64100,0.0,0.0
2016-03-28 00:00:00+09:00,1814.0607396206008,1821.6509519202687,1788.7600319550415,1804.7838134765625,203300,0.0,0.0
2016-03-29 00:00:00+09:00,1777.56767393471,1790.3253366662989,1763.1089895055761,1776.7171630859375,93700,18.0,0.0
2016-03-30 00:00:00+09:00,1773.3150918458443,1778.4181568583504,1758.856407643744,1763.95947265625,30300,0.0,0.0
2016-03-31 00:00:00+09:00,1775.8669392053052,1786.0730710398184,1749.5010986328125,1749.5010986328125,39600,0.0,0.0
2016-04-01 00:00:00+09:00,1771.61413771299,1775.8666920521955,1728.2380834530943,1738.4442138671875,46000,0.0,0.0
2016-04-04 00:00:00+09:00,1733.3411110184832,1762.2584798971036,1729.9390676209985,1743.5472412109375,17300,0.0,0.0
2016-04-05 00:00:00+09:00,1735.0421624673993,1753.7534014744008,1706.1247930929426,1712.078369140625,23300,0.0,0.0
2016-04-06 00:00:00+09:00,1710.3775286518826,1718.0321272385893,1685.7127109836058,1693.3673095703125,12600,0.0,0.0
2016-04-07 00:00:00+09:00,1692.516815932854,1714.6301009651424,1692.516815932854,1701.8724365234375,13400,0.0,0.0
2016-04-08 00:00:00+09:00,1692.5166186740346,1743.547270493352,1680.6094665828605,1723.135009765625,28200,0.0,0.0
2016-04-11 00:00:00+09:00,1730.7895793085513,1730.7895793085513,1695.9186344674454,1721.4339599609375,12700,0.0,0.0
2016-04-12 00:00:00+09:00,1745.2485798680507,1763.959821952406,1740.996024848879,1755.4547119140625,14700,0.0,0.0
2016-04-13 00:00:00+09:00,1762.2583951239985,1813.28904363145,1762.2583951239985,1804.783935546875,30100,0.0,0.0
2016-04-14 00:00:00+09:00,1826.0468634142346,1857.5157660441025,1820.0932872410162,1854.9642333984375,38400,0.0,0.0
2016-04-15 00:00:00+09:00,1854.113685929185,1854.113685929185,1832.0004034364515,1837.9539794921875,9600,0.0,0.0
2016-04-18 00:00:00+09:00,1817.542022446698,1828.5986655406648,1781.8205601431127,1808.1864013671875,12800,0.0,0.0
2016-04-19 00:00:00+09:00,1837.1036551339284,1850.7118303571428,1813.2893484933036,1845.6087646484375,14800,0.0,0.0
2016-04-20 00:00:00+09:00,1848.160394216303,1856.665504175881,1824.3460863294845,1832.8511962890625,18100,0.0,0.0
2016-04-21 00:00:00+09:00,1854.9642514499124,1864.3198712417275,1845.608631658097,1863.4693603515625,17800,0.0,0.0
2016-04-22 00:00:00+09:00,1863.4694441950317,1877.9281299783797,1859.2168895528705,1868.572509765625,10200,0.0,0.0
2016-04-25 00:00:00+09:00,1871.1238550646551,1871.1238550646551,1848.1600622979524,1849.861083984375,4200,0.0,0.0
2016-04-26 00:00:00+09:00,1849.010902883382,1849.010902883382,1812.43893010326,1843.9078369140625,10500,0.0,0.0
2016-04-27 00:00:00+09:00,1843.056988559552,1843.056988559552,1811.5880875089276,1823.4952392578125,5600,0.0,0.0
2016-04-28 00:00:00+09:00,1838.8046466749688,1846.4592451116362,1792.877056054965,1795.4285888671875,11700,0.0,0.0
2016-05-02 00:00:00+09:00,1786.0729584759486,1786.0729584759486,1727.3877041260246,1731.6402587890625,16100,0.0,0.0
2016-05-06 00:00:00+09:00,1735.0424011959972,1744.3980219867599,1689.114808223162,1707.8260498046875,24000,0.0,0.0
2016-05-09 00:00:00+09:00,1707.8258428000931,1722.2845277241975,1703.5732884106505,1713.7794189453125,9700,0.0,0.0
2016-05-10 00:00:00+09:00,1709.5269516916433,1775.8668035483338,1709.5269516916433,1767.3616943359375,15500,0.0,0.0
2016-05-11 00:00:00+09:00,1787.7737760479447,1803.0829710854628,1735.042104252049,1763.95947265625,8700,0.0,0.0
2016-05-12 00:00:00+09:00,1733.3411675639622,1752.0524068605312,1728.2381023012617,1735.8927001953125,8800,0.0,0.0
2016-05-13 00:00:00+09:00,1729.0887290233404,1732.4907727597365,1703.5734010003694,1709.5269775390625,12300,0.0,0.0
2016-05-16 00:00:00+09:00,1694.2176964551315,1765.66061136589,1694.2176964551315,1715.48046875,6400,0.0,0.0
2016-05-17 00:00:00+09:00,1728.2381946348075,1754.604033234059,1709.5269543385646,1745.2484130859375,22900,0.0,0.0
2016-05-18 00:00:00+09:00,1745.2484759484935,1834.5521260335772,1692.5167968506346,1704.4239501953125,21400,0.0,0.0
2016-05-19 00:00:00+09:00,1701.0218697186406,1723.985664959842,1693.3672713049066,1698.4703369140625,30900,0.0,0.0
2016-05-20 00:00:00+09:00,1698.470325178859,1723.985653048346,1694.2177705339443,1716.3310546875,6800,0.0,0.0
2016-05-23 00:00:00+09:00,1716.3308478048057,1746.9492375575178,1696.7690987961284,1744.397705078125,12800,0.0,0.0
2016-05-24 00:00:00+09:00,1734.1916679138126,1768.2121027919648,1724.8360483223207,1753.75341796875,9800,0.0,0.0
2016-05-25 00:00:00+09:00,1755.4542904411765,1844.7579244025737,1755.4542904411765,1807.33544921875,13100,0.0,0.0
2016-05-26 00:00:00+09:00,1807.3357435722826,1808.186254510434,1784.3719482421875,1784.3719482421875,7000,0.0,0.0
2016-05-27 00:00:00+09:00,1791.1760269070262,1791.1760269070262,1755.4545676809603,1780.119384765625,5000,0.0,0.0
2016-05-30 00:00:00+09:00,1769.0626670130641,1794.5779939411373,1769.0626670130641,1790.325439453125,3900,0.0,0.0
2016-05-31 00:00:00+09:00,1807.3356099504576,1807.3356099504576,1771.614153189084,1791.1759033203125,9500,0.0,0.0
2016-06-01 00:00:00+09:00,1765.660631191489,1844.7581450165412,1765.660631191489,1805.6346435546875,8300,0.0,0.0
2016-06-02 00:00:00+09:00,1774.1656309506336,1789.4748262320868,1765.6605224609375,1765.6605224609375,7800,0.0,0.0
2016-06-03 00:00:00+09:00,1743.5471754807693,1775.0160757211538,1743.5471754807693,1769.0625,11000,0.0,0.0
2016-06-06 00:00:00+09:00,1759.7069280279109,1797.1294049893552,1740.995689547189,1757.1553955078125,14300,0.0,0.0
2016-06-07 00:00:00+09:00,1777.5678902787345,1806.4852626564746,1763.1092040898643,1775.016357421875,8700,0.0,0.0
2016-06-08 00:00:00+09:00,1775.0160572508614,1804.783935546875,1762.2583951239985,1804.783935546875,6600,0.0,0.0
2016-06-09 00:00:00+09:00,1792.02658164625,1809.0368007411362,1762.2586982301993,1801.3822021484375,10500,0.0,0.0
2016-06-10 00:00:00+09:00,1803.083026725614,1809.0366027572552,1786.0728094923536,1800.531494140625,20800,0.0,0.0
2016-06-13 00:00:00+09:00,1786.073082048408,1786.073082048408,1719.7332247151812,1742.697021484375,19700,0.0,0.0
2016-06-14 00:00:00+09:00,1743.5471942516608,1758.8563891280169,1735.0420859870187,1744.397705078125,10800,0.0,0.0
2016-06-15 00:00:00+09:00,1743.5475324758268,1766.5113292450205,1735.892933552762,1742.697021484375,8000,0.0,0.0
2016-06-16 00:00:00+09:00,1753.7534008572156,1753.7534008572156,1718.8824554473485,1723.135009765625,18300,0.0,0.0
2016-06-17 00:00:00+09:00,1762.2585566617088,1762.2585566617088,1723.1350558864006,1733.3411865234375,6400,0.0,0.0
2016-06-20 00:00:00+09:00,1768.2121849606579,1786.0729141016745,1758.006054022934,1780.9698486328125,11000,0.0,0.0
2016-06-21 00:00:00+09:00,1780.9698825507978,1812.4387868747613,1776.7173279124243,1809.0367431640625,12600,0.0,0.0
2016-06-22 00:00:00+09:00,1782.6707672016976,1782.6707672016976,1759.7069739219048,1778.418212890625,9200,0.0,0.0
2016-06-23 00:00:00+09:00,1778.418362897717,1781.820406633533,1735.0423052660653,1780.119384765625,6900,0.0,0.0
2016-06-24 00:00:00+09:00,1780.969908471201,1827.7480101741216,1680.6096175449347,1691.666259765625,23700,0.0,0.0
2016-06-27 00:00:00+09:00,1692.5167588570819,1722.284641550548,1678.0580729773983,1709.5269775390625,11600,0.0,0.0
2016-06-28 00:00:00+09:00,1660.1970865800158,1673.8052594208355,1620.2230788601075,1623.6251220703125,21900,0.0,0.0
2016-06-29 00:00:00+09:00,1633.831488844973,1696.7692973689334,1633.831488844973,1689.9652099609375,9400,0.0,0.0
2016-06-30 00:00:00+09:00,1701.02196195686,1734.191890215019,1701.02196195686,1707.8260498046875,5600,0.0,0.0
2016-07-01 00:00:00+09:00,1689.9652378855187,1701.8723910462622,1681.4601284849878,1691.666259765625,13300,0.0,0.0
2016-07-04 00:00:00+09:00,1701.0217204561327,1701.0217204561327,1661.0477100254136,1674.6558837890625,6900,0.0,0.0
2016-07-05 00:00:00+09:00,1674.6559125921701,1683.1610213407337,1655.94467334533,1665.30029296875,6000,0.0,0.0
2016-07-06 00:00:00+09:00,1658.496235765617,1658.496235765617,1627.8778437207134,1644.8880615234375,10300,0.0,0.0
2016-07-07 00:00:00+09:00,1644.8882047237519,1654.2438253297298,1628.7284964043354,1631.280029296875,6000,0.0,0.0
2016-07-08 00:00:00+09:00,1640.6355293386835,1654.2437037655466,1609.1666259765625,1609.1666259765625,9400,0.0,0.0
2016-07-11 00:00:00+09:00,1609.1666259765625,1609.1666259765625,1609.1666259765625,1609.1666259765625,0,0.0,0.0
2016-07-12 00:00:00+09:00,1640.6356287059668,1704.4239501953125,1632.9810301272455,1704.4239501953125,29700,0.0,0.0
2016-07-13 00:00:00+09:00,1710.377449046925,1747.79992928465,1710.377449046925,1725.6866455078125,8600,0.0,0.0
2016-07-14 00:00:00+09:00,1746.098885909693,1765.6606367016673,1725.68662421372,1750.3514404296875,12100,0.0,0.0
2016-07-15 00:00:00+09:00,1775.0161039588775,1775.0161039588775,1749.500779033738,1770.7635498046875,7500,0.0,0.0
2016-07-19 00:00:00+09:00,1770.7637819298325,1789.4750226610795,1731.6402785826795,1788.62451171875,13300,0.0,0.0
2016-07-20 00:00:00+09:00,1794.578001837207,1807.335665357377,1786.0728928237606,1805.6346435546875,8500,0.0,0.0
2016-07-21 00:00:00+09:00,1803.0831323312143,1804.7841541541682,1767.3616740491807,1780.9698486328125,3600,0.0,0.0
2016-07-22 00:00:00+09:00,1786.0727069021643,1786.0727069021643,1745.2481878872577,1775.8665771484375,6800,0.0,0.0
2016-07-25 00:00:00+09:00,1799.6813547460479,1825.1966858624853,1777.568067778469,1815.841064453125,6500,0.0,0.0
2016-07-26 00:00:00+09:00,1824.3458661760603,1828.5984206426713,1775.0162343633745,1786.0728759765625,9200,0.0,0.0
2016-07-27 00:00:00+09:00,1786.922978253231,1841.355662978698,1786.0724675543954,1820.0928955078125,7500,0.0,0.0
2016-07-28 00:00:00+09:00,1792.877179479046,1840.505795252683,1771.6144045801009,1832.8511962890625,11000,0.0,0.0
2016-07-29 00:00:00+09:00,1804.7841988131931,1812.4387972058976,1756.3050756593984,1802.232666015625,4500,0.0,0.0
2016-08-01 00:00:00+09:00,1735.042519727544,1750.3517184310224,1692.5169677734375,1692.5169677734375,13900,0.0,0.0
2016-08-02 00:00:00+09:00,1682.3103404931517,1690.8154483823992,1662.7485923478825,1688.263916015625,8400,0.0,0.0
2016-08-03 00:00:00+09:00,1688.2642776036337,1688.2642776036337,1661.8984375,1661.8984375,8700,0.0,0.0
2016-08-04 00:00:00+09:00,1690.8156384870524,1700.1712582171117,1662.748779296875,1662.748779296875,7200,0.0,0.0
2016-08-05 00:00:00+09:00,1658.4962059698992,1690.8156192144409,1641.485988472772,1665.30029296875,5900,0.0,0.0
2016-08-08 00:00:00+09:00,1679.759167892784,1679.759167892784,1655.0943497313206,1661.8984375,9000,0.0,0.0
2016-08-09 00:00:00+09:00,1668.7024218599836,1679.7590637989133,1654.2437362475373,1659.3468017578125,5800,0.0,0.0
2016-08-10 00:00:00+09:00,1662.7486665686783,1668.7022423569038,1655.9445799535636,1667.001220703125,3800,0.0,0.0
2016-08-12 00:00:00+09:00,1671.2539783156062,1698.4703280897027,1668.7024455242847,1694.2177734375,7700,0.0,0.0
2016-08-15 00:00:00+09:00,1703.5731293565946,1703.5731293565946,1692.516488976347,1696.76904296875,4300,0.0,0.0
2016-08-16 00:00:00+09:00,1696.7693499313848,1696.7693499313848,1651.6922694570173,1655.94482421875,12500,0.0,0.0
2016-08-17 00:00:00+09:00,1651.6922034923998,1677.2075310437756,1638.9345397167117,1659.3468017578125,9400,0.0,0.0
2016-08-18 00:00:00+09:00,1649.991167551837,1657.6457657518197,1615.9707311074692,1617.6717529296875,10000,0.0,0.0
2016-08-19 00:00:00+09:00,1615.9705620715595,1663.5991681115634,1615.9705620715595,1651.6920166015625,9600,0.0,0.0
2016-08-22 00:00:00+09:00,1651.6921458488423,1684.0115596193139,1647.4395914053591,1678.0579833984375,8200,0.0,0.0
2016-08-23 00:00:00+09:00,1653.3932634760604,1669.5529712981001,1649.991219724052,1654.2437744140625,5400,0.0,0.0
2016-08-24 00:00:00+09:00,1651.6924048688181,1656.7954710012655,1636.383206471476,1638.084228515625,5100,0.0,0.0
2016-08-25 00:00:00+09:00,1638.0839671838053,1638.9344780701936,1616.8211950240984,1618.522216796875,9600,0.0,0.0
2016-08-26 00:00:00+09:00,1618.522511019285,1623.6255772652735,1598.96075707633,1606.6153564453125,11500,0.0,0.0
2016-08-29 00:00:00+09:00,1624.475689376028,1624.475689376028,1601.5118969084087,1615.9705810546875,12700,0.0,0.0
2016-08-30 00:00:00+09:00,1622.774803791571,1622.774803791571,1573.4451713911983,1575.9967041015625,13700,0.0,0.0
2016-08-31 00:00:00+09:00,1579.398531732008,1593.8572151135072,1575.99648858342,1588.754150390625,13500,0.0,0.0
2016-09-01 00:00:00+09:00,1575.1464479283845,1606.6153564453125,1570.8938927233944,1606.6153564453125,18000,0.0,0.0
2016-09-02 00:00:00+09:00,1606.6153646950486,1615.9709861940669,1595.5587211052996,1610.867919921875,12600,0.0,0.0
2016-09-05 00:00:00+09:00,1628.7285434521916,1640.6356972946621,1619.372922575965,1630.4295654296875,7900,0.0,0.0
2016-09-06 00:00:00+09:00,1645.7387118869358,1657.6458653579525,1644.0376899625048,1653.393310546875,11900,0.0,0.0
2016-09-07 00:00:00+09:00,1654.2436334190916,1662.7487420742027,1650.8415899570473,1656.795166015625,8600,0.0,0.0
2016-09-08 00:00:00+09:00,1654.2439383104972,1675.5067138671875,1651.6924052436946,1675.5067138671875,5500,0.0,0.0
2016-09-09 00:00:00+09:00,1684.8621472597488,1695.0682783890354,1663.5993740737347,1667.8519287109375,14900,0.0,0.0
2016-09-12 00:00:00+09:00,1667.851825593319,1667.851825593319,1654.2436515956174,1665.30029296875,5000,0.0,0.0
2016-09-13 00:00:00+09:00,1675.5065955644773,1675.5065955644773,1653.393310546875,1653.393310546875,4800,0.0,0.0
2016-09-14 00:00:00+09:00,1653.3931513576083,1672.104390724824,1642.3365099133446,1647.4395751953125,5700,0.0,0.0
2016-09-15 00:00:00+09:00,1647.4395477580726,1649.140569490399,1634.681884765625,1634.681884765625,2400,0.0,0.0
2016-09-16 00:00:00+09:00,1634.6821012443886,1681.460205078125,1634.6821012443886,1681.460205078125,7700,0.0,0.0
2016-09-20 00:00:00+09:00,1661.8982985509854,1678.058005650509,1637.233482451713,1642.3365478515625,12400,0.0,0.0
2016-09-21 00:00:00+09:00,1642.336351865993,1700.1710861626723,1642.336351865993,1696.76904296875,9300,0.0,0.0
2016-09-23 00:00:00+09:00,1696.7693707467554,1701.8724365234375,1677.207618602808,1701.8724365234375,11400,0.0,0.0
2016-09-26 00:00:00+09:00,1713.7795219005511,1721.4341202613973,1703.5733907527563,1716.3310546875,7500,0.0,0.0
2016-09-27 00:00:00+09:00,1706.1250008283978,1766.5112795217258,1684.0117156730944,1754.6041259765625,26300,0.0,0.0
2016-09-28 00:00:00+09:00,1747.7667895448697,1786.226205451725,1747.7667895448697,1764.85986328125,12700,10.0,0.0
2016-09-29 00:00:00+09:00,1746.057279542435,1773.4061943468198,1746.057279542435,1764.0050048828125,18600,0.0,0.0
2016-09-30 00:00:00+09:00,1721.2725322567453,1727.2551080888195,1706.7434195217081,1714.435302734375,12200,0.0,0.0
2016-10-03 00:00:00+09:00,1717.8540899736997,1727.2552815108693,1709.3075522126367,1721.272705078125,7400,0.0,0.0
2016-10-04 00:00:00+09:00,1712.7259711935828,1729.819044758389,1710.162010158862,1725.5457763671875,8400,0.0,0.0
2016-10-05 00:00:00+09:00,1711.8713436949488,1764.8598725562003,1711.8713436949488,1743.4935302734375,11100,0.0,0.0
2016-10-06 00:00:00+09:00,1764.8598114832153,1799.0459579526237,1764.8598114832153,1784.516845703125,10800,0.0,0.0
2016-10-07 00:00:00+09:00,1755.4585153806197,1774.2608948053391,1730.6735606843988,1741.7840576171875,8200,0.0,0.0
2016-10-11 00:00:00+09:00,1739.2203085603223,1752.0401142745263,1727.2551565603987,1747.766845703125,5200,0.0,0.0
2016-10-12 00:00:00+09:00,1735.8016639494292,1741.7842398468424,1714.4353214586683,1727.255126953125,7800,0.0,0.0
2016-10-13 00:00:00+09:00,1729.8189579133063,1748.621337890625,1711.8712315713205,1722.1270751953125,5400,0.0,0.0
2016-10-14 00:00:00+09:00,1709.3073564806216,1730.6736984366294,1709.3073564806216,1725.5457763671875,6300,0.0,0.0
2016-10-17 00:00:00+09:00,1725.5459739586568,1726.400627734763,1716.1447824214872,1721.272705078125,8200,0.0,0.0
2016-10-18 00:00:00+09:00,1721.2724254899267,1733.2375764119022,1709.307274567951,1724.6910400390625,8400,0.0,0.0
2016-10-19 00:00:00+09:00,1714.4353214586683,1732.3830491509075,1714.4353214586683,1727.255126953125,8300,0.0,0.0
2016-10-20 00:00:00+09:00,1726.400406003937,1739.2202109990158,1726.400406003937,1736.65625,8500,0.0,0.0
2016-10-21 00:00:00+09:00,1750.3305937193327,1750.3305937193327,1735.8014823456858,1741.7840576171875,4500,0.0,0.0
2016-10-24 00:00:00+09:00,1608.4582464567652,1653.754892079618,1608.4582464567652,1632.3885498046875,50100,0.0,0.0
2016-10-25 00:00:00+09:00,1632.3884197844177,1641.7896096365791,1626.4058444239513,1627.260498046875,59300,0.0,0.0
2016-10-26 00:00:00+09:00,1625.5511163198992,1633.2429985737788,1625.5511163198992,1631.53369140625,29400,0.0,0.0
2016-10-27 00:00:00+09:00,1631.5339677010425,1633.2432751580368,1624.6967378730653,1625.5513916015625,23300,0.0,0.0
2016-10-28 00:00:00+09:00,1633.2432686761251,1656.318919253967,1632.38861495102,1649.481689453125,25900,0.0,0.0
2016-10-31 00:00:00+09:00,1649.4815279991747,1653.7547962064266,1639.2256843017706,1650.336181640625,22100,0.0,0.0
2016-11-01 00:00:00+09:00,1650.3360799571838,1664.0105373778545,1646.0628120132242,1663.1558837890625,11500,0.0,0.0
2016-11-02 00:00:00+09:00,1658.0280174134516,1675.1210897579203,1654.609402944558,1672.55712890625,14800,0.0,0.0
2016-11-04 00:00:00+09:00,1662.3012969734134,1668.2838723352713,1635.8070346566135,1653.7547607421875,14000,0.0,0.0
2016-11-07 00:00:00+09:00,1681.1038046129227,1681.1038046129227,1652.9002329036057,1656.31884765625,11800,0.0,0.0
2016-11-08 00:00:00+09:00,1652.0457262073862,1662.301571377841,1639.2259197443182,1645.20849609375,6300,0.0,0.0
2016-11-09 00:00:00+09:00,1661.4466589646884,1661.4466589646884,1611.0220947265625,1611.0220947265625,23700,0.0,0.0
2016-11-10 00:00:00+09:00,1662.301289461097,1677.6850546077806,1640.0802953603318,1675.12109375,15500,0.0,0.0
2016-11-11 00:00:00+09:00,1664.865496549446,1680.249263971361,1664.010842803784,1677.685302734375,9500,0.0,0.0
2016-11-14 00:00:00+09:00,1679.3944485852771,1691.3595998729077,1671.7025656146575,1678.539794921875,10200,0.0,0.0
2016-11-15 00:00:00+09:00,1676.8303534856536,1682.812928650995,1664.0105495599223,1670.8477783203125,11200,0.0,0.0
2016-11-16 00:00:00+09:00,1662.3015603089943,1681.9585967548078,1659.7375990334535,1666.5748291015625,13100,0.0,0.0
2016-11-17 00:00:00+09:00,1649.481689453125,1654.6096118037565,1645.2084208275987,1649.481689453125,12800,0.0,0.0
2016-11-18 00:00:00+09:00,1642.6445348011364,1657.1736487926137,1642.6445348011364,1645.20849609375,46800,0.0,0.0
2016-11-21 00:00:00+09:00,1643.4989525090223,1654.609449847877,1636.6617233774195,1650.336181640625,12200,0.0,0.0
2016-11-22 00:00:00+09:00,1650.3364076898038,1666.5748291015625,1650.3364076898038,1666.5748291015625,9100,0.0,0.0
2016-11-24 00:00:00+09:00,1675.1212233953777,1682.8131065640298,1673.411916024566,1680.2491455078125,6000,0.0,0.0
2016-11-25 00:00:00+09:00,1687.9410942515578,1705.888822342334,1687.9410942515578,1697.34228515625,10700,0.0,0.0
2016-11-28 00:00:00+09:00,1692.214438040289,1697.342360579805,1675.121362908569,1693.069091796875,13200,0.0,0.0
2016-11-29 00:00:00+09:00,1693.0690667583806,1704.1795654296875,1693.0690667583806,1704.1795654296875,5400,0.0,0.0
2016-11-30 00:00:00+09:00,1693.0688197544644,1694.7781269929847,1673.4117865114797,1675.12109375,13300,0.0,0.0
2016-12-01 00:00:00+09:00,1694.7782808734526,1709.3073937200732,1693.0689734797324,1695.6329345703125,12000,0.0,0.0
2016-12-02 00:00:00+09:00,1695.6329215478563,1721.2725322567453,1695.6329215478563,1714.435302734375,9600,0.0,0.0
2016-12-05 00:00:00+09:00,1704.179329223633,1722.1270553588868,1700.7607147216797,1709.3072509765625,8100,0.0,0.0
2016-12-06 00:00:00+09:00,1720.4179430122836,1724.691211623839,1701.6155611214388,1702.47021484375,14000,0.0,0.0
2016-12-07 00:00:00+09:00,1727.2552275098185,1743.493648748159,1722.9819587628867,1740.9296875,19000,0.0,0.0
2016-12-08 00:00:00+09:00,1755.4583424102068,1787.0805228723186,1755.4583424102068,1785.3712158203125,15700,0.0,0.0
2016-12-09 00:00:00+09:00,1769.1330095829853,1792.208657534068,1769.1330095829853,1791.35400390625,21300,0.0,0.0
2016-12-12 00:00:00+09:00,1797.3365797550175,1848.6157974370437,1780.243507194342,1844.342529296875,24200,0.0,0.0
2016-12-13 00:00:00+09:00,1847.7612736784818,1852.0345421189963,1823.8309704116004,1849.4705810546875,11300,0.0,0.0
2016-12-14 00:00:00+09:00,1849.4703516535546,1849.4703516535546,1822.97609060861,1833.23193359375,10200,0.0,0.0
2016-12-15 00:00:00+09:00,1817.8482981555867,1828.1041418687353,1805.8831471569133,1811.86572265625,15800,0.0,0.0
2016-12-16 00:00:00+09:00,1811.8657628786518,1831.5227970985618,1754.6039675423926,1784.516845703125,24500,0.0,0.0
2016-12-19 00:00:00+09:00,1793.9179261860095,1820.4121880782277,1775.1155467786286,1818.702880859375,19600,0.0,0.0
2016-12-20 00:00:00+09:00,1818.703239143669,1843.4881986996681,1812.7206626991174,1842.633544921875,11900,0.0,0.0
2016-12-21 00:00:00+09:00,1846.0518947883568,1884.5113092631143,1837.5053582384107,1882.802001953125,15200,0.0,0.0
2016-12-22 00:00:00+09:00,1882.801943432125,1951.1742337065555,1882.801943432125,1950.319580078125,28900,0.0,0.0
2016-12-26 00:00:00+09:00,1953.7380311933755,1994.7614019270945,1950.3194169655656,1975.1043701171875,25200,0.0,0.0
2016-12-27 00:00:00+09:00,1983.6508225213913,1983.6508225213913,1961.4298309722503,1974.2496337890625,14600,0.0,0.0
2016-12-28 00:00:00+09:00,1973.3951769251626,1981.0870593817788,1960.5753728308025,1969.9765625,14400,0.0,0.0
2016-12-29 00:00:00+09:00,1969.9765492959264,1969.9765492959264,1932.3717908711885,1935.7904052734375,16000,0.0,0.0
2016-12-30 00:00:00+09:00,1914.4242639748122,1956.3022947492611,1893.912575432225,1934.081298828125,23900,0.0,0.0
2017-01-04 00:00:00+09:00,1957.1568632024616,2012.7093505859375,1934.0812145970176,2012.7093505859375,29000,0.0,0.0
2017-01-05 00:00:00+09:00,2016.9828745305795,2049.459717425563,1985.3606853959898,1991.34326171875,17400,0.0,0.0
2017-01-06 00:00:00+09:00,1991.3430531600993,1991.3430531600993,1957.1569063247327,1987.9244384765625,12400,0.0,0.0
2017-01-10 00:00:00+09:00,1966.5579480748372,1995.61617068872,1957.15675840564,1969.9765625,14600,0.0,0.0
2017-01-11 00:00:00+09:00,1952.8835920975198,1970.8313187644992,1942.6277482878174,1957.1568603515625,12200,0.0,0.0
2017-01-12 00:00:00+09:00,1974.249813170901,1974.249813170901,1928.0985188370357,1933.2264404296875,15100,0.0,0.0
2017-01-13 00:00:00+09:00,1924.6797672687192,1924.6797672687192,1897.3308540570854,1899.0401611328125,14900,0.0,0.0
2017-01-16 00:00:00+09:00,1901.6041217464033,1908.4413500493117,1879.3831297619508,1899.0401611328125,11300,0.0,0.0
2017-01-17 00:00:00+09:00,1899.0402147949662,1899.0402147949662,1872.5459543725342,1881.9471435546875,7900,0.0,0.0
2017-01-18 00:00:00+09:00,1881.9472931353714,1881.9472931353714,1841.7785725280316,1873.4007568359375,7700,0.0,0.0
2017-01-19 00:00:00+09:00,1888.7847578283574,1906.7324862964097,1880.2382204626183,1894.767333984375,9200,0.0,0.0
2017-01-20 00:00:00+09:00,1894.7675519045158,1908.4420132624193,1875.1105137025293,1905.8780517578125,15000,0.0,0.0
2017-01-23 00:00:00+09:00,1888.7849052415354,1893.0581742579188,1874.2557905858312,1883.656982421875,4000,0.0,0.0
2017-01-24 00:00:00+09:00,1883.6569911732392,1893.912836860208,1856.308069341323,1859.7266845703125,13300,0.0,0.0
2017-01-25 00:00:00+09:00,1890.4944422039173,1890.4944422039173,1860.5815554601845,1870.83740234375,6500,0.0,0.0
2017-01-26 00:00:00+09:00,1890.4940653015053,1901.6045638769663,1875.110298043175,1894.767333984375,10900,0.0,0.0
2017-01-27 00:00:00+09:00,1901.604248046875,1912.7147447770365,1894.7670192898524,1901.604248046875,7200,0.0,0.0
2017-01-30 00:00:00+09:00,1905.8781470521135,1922.9712246041504,1894.7676466432895,1916.9886474609375,11800,0.0,0.0
2017-01-31 00:00:00+09:00,1897.330885914825,1948.6100990476582,1897.330885914825,1943.482177734375,9700,0.0,0.0
2017-02-01 00:00:00+09:00,1914.4240373286202,1999.8893961379338,1912.714730152434,1994.761474609375,14200,0.0,0.0
2017-02-02 00:00:00+09:00,2007.5815161057294,2007.5815161057294,1924.6801082461059,1934.081298828125,14500,0.0,0.0
2017-02-03 00:00:00+09:00,1920.4068414831675,1964.848833364398,1899.040499232576,1907.5870361328125,12200,0.0,0.0
2017-02-06 00:00:00+09:00,1905.8772931780134,1914.423828125,1891.348183768136,1914.423828125,11700,0.0,0.0
2017-02-07 00:00:00+09:00,1914.4240956163,1931.5171678985885,1901.6042914045838,1903.3135986328125,10900,0.0,0.0
2017-02-08 00:00:00+09:00,1903.314185419308,1916.9886474609375,1881.947838479262,1916.9886474609375,8900,0.0,0.0
2017-02-09 00:00:00+09:00,1924.6798344145786,1949.4647878772887,1906.7321094933059,1940.0635986328125,10400,0.0,0.0
2017-02-10 00:00:00+09:00,1935.7907357590643,1973.395500603832,1930.6628132802325,1968.267578125,15000,0.0,0.0
2017-02-13 00:00:00+09:00,1975.1048503735876,2030.6573450833596,1969.9769277849932,2028.0933837890625,14400,0.0,0.0
2017-02-14 00:00:00+09:00,2028.0932901828814,2028.0932901828814,2009.290908225855,2019.5467529296875,20900,0.0,0.0
2017-02-15 00:00:00+09:00,2019.5466270317468,2019.5466270317468,2007.5814756231794,2016.982666015625,11100,0.0,0.0
2017-02-16 00:00:00+09:00,2016.9826144827948,2083.6455991987514,2004.1628097297262,2036.6396484375,18100,0.0,0.0
2017-02-17 00:00:00+09:00,2031.5117899619763,2036.6397120233023,1965.7034568416263,2024.674560546875,9400,0.0,0.0
2017-02-20 00:00:00+09:00,2039.2037674213168,2040.058421137755,2009.2908873459833,2033.22119140625,6700,0.0,0.0
2017-02-21 00:00:00+09:00,2033.221291814816,2046.895751953125,2016.982870400574,2046.895751953125,11400,0.0,0.0
2017-02-22 00:00:00+09:00,2042.6220893377804,2047.7500109009713,2013.5638671463641,2028.9476318359375,10200,0.0,0.0
2017-02-23 00:00:00+09:00,2049.459510866068,2075.09912109375,2011.8547491988004,2075.09912109375,10500,0.0,0.0
2017-02-24 00:00:00+09:00,2051.168284696691,2103.3021452660655,2051.168284696691,2092.191650390625,18800,0.0,0.0
2017-02-27 00:00:00+09:00,2092.1921230372536,2102.4479667776322,2071.6804355564964,2081.936279296875,27500,0.0,0.0
2017-02-28 00:00:00+09:00,2081.9364702209996,2131.506386178642,2069.116664369885,2101.593505859375,29100,0.0,0.0
2017-03-01 00:00:00+09:00,2095.6108436227087,2112.7039173879834,2049.4595444564666,2098.1748046875,30300,0.0,0.0
2017-03-02 00:00:00+09:00,2128.087493077631,2140.907297252797,2112.703728067431,2134.070068359375,18900,0.0,0.0
2017-03-03 00:00:00+09:00,2134.0703805568996,2139.198302977141,2119.541267032884,2124.669189453125,13200,0.0,0.0
2017-03-06 00:00:00+09:00,2123.814158949175,2148.599112916791,2123.814158949175,2143.47119140625,20800,0.0,0.0
2017-03-07 00:00:00+09:00,2132.360678452712,2139.197907081017,2113.558299724872,2133.21533203125,15200,0.0,0.0
2017-03-08 00:00:00+09:00,2123.8140349220644,2134.069877344223,2111.8488854295456,2116.976806640625,19300,0.0,0.0
2017-03-09 00:00:00+09:00,2123.814225019242,2142.6166044761526,2085.3548124937424,2134.070068359375,19000,0.0,0.0
2017-03-10 00:00:00+09:00,2134.0702488153684,2153.7272835461467,2119.5411361882716,2146.035400390625,31600,0.0,0.0
2017-03-13 00:00:00+09:00,2136.634135284181,2153.7272083664548,2130.6515597053854,2150.30859375,24400,0.0,0.0
2017-03-14 00:00:00+09:00,2150.3086014943497,2155.4365234375,2128.087606407365,2155.4365234375,9700,0.0,0.0
2017-03-15 00:00:00+09:00,2155.436839635541,2158.000800983244,2143.4716866795943,2148.599609375,10800,0.0,0.0
2017-03-16 00:00:00+09:00,2136.6338357123473,2165.692055878035,2133.2152215752076,2164.83740234375,21500,0.0,0.0
2017-03-17 00:00:00+09:00,2178.511858892309,2316.111077912184,2130.6512609723527,2164.83740234375,44000,0.0,0.0
2017-03-21 00:00:00+09:00,2213.5530952785325,2234.9194378970515,2162.273872994088,2181.930908203125,32800,0.0,0.0
2017-03-22 00:00:00+09:00,2164.8373238527797,2209.2793060242543,2152.8721748066137,2166.546630859375,33500,0.0,0.0
2017-03-23 00:00:00+09:00,2175.093584679451,2175.093584679451,2142.616745301133,2173.38427734375,106700,0.0,0.0
2017-03-24 00:00:00+09:00,2189.622405590089,2205.0061695637896,2160.564184750876,2195.60498046875,57900,0.0,0.0
2017-03-27 00:00:00+09:00,2187.058999473924,2191.3322683279175,2166.5473089747547,2186.204345703125,111000,0.0,0.0
2017-03-28 00:00:00+09:00,2185.3496416877297,2210.1346004710476,2185.3496416877297,2208.42529296875,119000,0.0,0.0
2017-03-29 00:00:00+09:00,2218.7208742923353,2259.045654296875,2209.283159823188,2259.045654296875,56000,10.0,0.0
2017-03-30 00:00:00+09:00,2257.329680774156,2260.7615769060817,2223.0107194548987,2229.87451171875,18900,0.0,0.0
2017-03-31 00:00:00+09:00,2223.868314038687,2237.595896224111,2195.55517578125,2195.55517578125,25700,0.0,0.0
2017-04-03 00:00:00+09:00,2193.839228008072,2207.566810193496,2183.5435413690043,2195.55517578125,17700,0.0,0.0
2017-04-04 00:00:00+09:00,2195.5550911742293,2199.8449604418615,2150.082476937326,2163.81005859375,19100,0.0,0.0
2017-04-05 00:00:00+09:00,2153.5152721180284,2192.1241116579927,2150.9413494820305,2184.40234375,17100,0.0,0.0
2017-04-06 00:00:00+09:00,2184.402070620685,2192.123837563178,2160.378795688486,2174.96435546875,19500,0.0,0.0
2017-04-07 00:00:00+09:00,2196.4131289308175,2222.152345285476,2180.111625239534,2182.685546875,16100,0.0,0.0
2017-04-10 00:00:00+09:00,2187.833673081476,2230.7323725536617,2187.833673081476,2208.425048828125,14200,0.0,0.0
2017-04-11 00:00:00+09:00,2212.715029892531,2212.715029892531,2138.0712890625,2138.0712890625,16000,0.0,0.0
2017-04-12 00:00:00+09:00,2135.4972363708034,2187.833649154499,2125.2015486100763,2159.5205078125,18400,0.0,0.0
2017-04-13 00:00:00+09:00,2145.792885504624,2156.946547044632,2117.479744672296,2133.78125,12400,0.0,0.0
2017-04-14 00:00:00+09:00,2144.9351864303944,2152.6569531015434,2124.3438086406622,2143.21923828125,11500,0.0,0.0
2017-04-17 00:00:00+09:00,2122.6277634268595,2157.8046988757283,2122.6277634268595,2154.372802734375,12400,0.0,0.0
2017-04-18 00:00:00+09:00,2154.3721152781877,2187.8330919790437,2140.6445350932213,2180.111328125,19700,0.0,0.0
2017-04-19 00:00:00+09:00,2175.822040529449,2204.135182224036,2175.822040529449,2188.691650390625,10900,0.0,0.0
2017-04-20 00:00:00+09:00,2188.692214809996,2199.845879565986,2171.5327305700116,2184.40234375,13700,0.0,0.0
2017-04-21 00:00:00+09:00,2186.1173573369565,2196.413043478261,2186.1173573369565,2190.4072265625,5900,0.0,0.0
2017-04-24 00:00:00+09:00,2210.9986308509956,2212.7145785660528,2186.9753628401972,2199.844970703125,9800,0.0,0.0
2017-04-25 00:00:00+09:00,2214.430515562634,2225.584175656518,2200.702933908623,2203.27685546875,17900,0.0,0.0
2017-04-26 00:00:00+09:00,2204.9930166424274,2204.9930166424274,2182.685694295072,2193.83935546875,11100,0.0,0.0
2017-04-27 00:00:00+09:00,2173.2479830939847,2179.2538006548443,2151.7986346623425,2174.10595703125,15400,0.0,0.0
2017-04-28 00:00:00+09:00,2192.9813396139707,2194.6972874540443,2162.952252412684,2187.83349609375,31900,0.0,0.0
2017-05-01 00:00:00+09:00,2170.6742268167704,2253.897705078125,2170.6742268167704,2253.897705078125,14900,0.0,0.0
2017-05-02 00:00:00+09:00,2253.8976714960686,2290.7905530622393,2241.886035637315,2264.193359375,25100,0.0,0.0
2017-05-08 00:00:00+09:00,2265.9090420237994,2474.3966971588934,2264.1930942449094,2464.958984375,60000,0.0,0.0
2017-05-09 00:00:00+09:00,2422.061123641304,2486.4091875,2419.4872010869562,2466.67578125,45200,0.0,0.0
2017-05-10 00:00:00+09:00,2431.497940862027,2455.521209155653,2411.7645419065484,2426.35009765625,20100,0.0,0.0
2017-05-11 00:00:00+09:00,2451.2315753139346,2462.3852366646806,2412.6227475613523,2429.7822265625,20000,0.0,0.0
2017-05-12 00:00:00+09:00,2403.185025526712,2415.1966607846107,2373.1559373819655,2413.480712890625,12800,0.0,0.0
2017-05-15 00:00:00+09:00,2410.907152047055,2464.1015447256736,2355.996811217514,2451.23193359375,19100,0.0,0.0
2017-05-16 00:00:00+09:00,2446.083812140554,2476.1129013811433,2440.0779942924364,2461.52734375,16600,0.0,0.0
2017-05-17 00:00:00+09:00,2434.9299208166562,2447.7995292776322,2424.6342340478755,2438.36181640625,8200,0.0,0.0
2017-05-18 00:00:00+09:00,2414.338304772027,2439.219545297396,2380.019352323242,2418.628173828125,18600,0.0,0.0
2017-05-19 00:00:00+09:00,2398.89568287662,2418.629087993273,2383.4521484375,2383.4521484375,9700,0.0,0.0
2017-05-22 00:00:00+09:00,2383.4520205710432,2402.3274505395684,2374.0143055867807,2385.16796875,4800,0.0,0.0
2017-05-23 00:00:00+09:00,2374.0140101728484,2391.1734898271516,2368.8661662765576,2382.59375,15500,0.0,0.0
2017-05-24 00:00:00+09:00,2402.3269899341635,2402.3269899341635,2380.8776418097514,2394.605224609375,16300,0.0,0.0
2017-05-25 00:00:00+09:00,2401.469306376689,2401.469306376689,2380.8779296875,2380.8779296875,6100,0.0,0.0
2017-05-26 00:00:00+09:00,2376.5876710525554,2376.5876710525554,2303.659890532892,2310.523681640625,17200,0.0,0.0
2017-05-29 00:00:00+09:00,2304.5183399668613,2333.6894581942897,2303.6603659013485,2313.9560546875,13600,0.0,0.0
2017-05-30 00:00:00+09:00,2313.9560546875,2324.251743473651,2301.086443704811,2313.9560546875,9200,0.0,0.0
2017-05-31 00:00:00+09:00,2310.5235648777175,2314.813434103261,2261.619055706522,2269.3408203125,21500,0.0,0.0
2017-06-01 00:00:00+09:00,2271.0568955732124,2283.0685300794553,2231.5900964812713,2267.625,18600,0.0,0.0
2017-06-02 00:00:00+09:00,2279.636589865411,2337.978813467537,2276.2046943594037,2320.8193359375,56100,0.0,0.0
2017-06-05 00:00:00+09:00,2320.8193683022246,2322.535316079158,2295.0801516482256,2310.523681640625,18500,0.0,0.0
2017-06-06 00:00:00+09:00,2310.5242454892114,2310.5242454892114,2270.199462890625,2270.199462890625,18300,0.0,0.0
2017-06-07 00:00:00+09:00,2293.364279615678,2300.2280709501056,2270.198983861984,2286.50048828125,16900,0.0,0.0
2017-06-08 00:00:00+09:00,2292.506535199372,2292.506535199372,2253.0397310754306,2253.897705078125,15400,0.0,0.0
2017-06-09 00:00:00+09:00,2237.5958943138194,2245.3176592865284,2223.868312140115,2235.02197265625,16500,0.0,0.0
2017-06-12 00:00:00+09:00,2230.7322305392818,2239.3119698875093,2219.578569386585,2233.30615234375,12000,0.0,0.0
2017-06-13 00:00:00+09:00,2228.158638982839,2241.8862239746472,2224.726742734887,2225.584716796875,8700,0.0,0.0
2017-06-14 00:00:00+09:00,2219.5787106908933,2230.7323725536617,2206.7091008492375,2208.425048828125,11800,0.0,0.0
2017-06-15 00:00:00+09:00,2198.986901100296,2221.2942204247624,2188.6912152582345,2191.26513671875,11800,0.0,0.0
2017-06-16 00:00:00+09:00,2191.2654533801515,2212.7148019841075,2191.2654533801515,2206.708984375,9100,0.0,0.0
2017-06-19 00:00:00+09:00,2204.9934256754714,2263.335664175834,2204.9934256754714,2217.863037109375,17100,0.0,0.0
2017-06-20 00:00:00+09:00,2235.0224084876118,2255.6137857635053,2232.448486328125,2232.448486328125,22500,0.0,0.0
2017-06-21 00:00:00+09:00,2230.7325948880416,2231.5905689629985,2174.1063059408834,2179.254150390625,42000,0.0,0.0
2017-06-22 00:00:00+09:00,2179.2539093538935,2187.833649154499,2150.0827940318336,2159.5205078125,33400,0.0,0.0
2017-06-23 00:00:00+09:00,2159.520220877387,2186.117410725301,2157.804273145264,2173.247802734375,10600,0.0,0.0
2017-06-26 00:00:00+09:00,2165.5262701856277,2196.4133326763895,2165.5262701856277,2176.679931640625,14900,0.0,0.0
2017-06-27 00:00:00+09:00,2180.112067222595,2206.7092628479004,2180.112067222595,2196.41357421875,9600,0.0,0.0
2017-06-28 00:00:00+09:00,2187.833409859726,2215.28857421875,2177.537723225092,2215.28857421875,18100,0.0,0.0
2017-06-29 00:00:00+09:00,2213.5726711499706,2215.2886189570636,2171.531949876192,2181.82763671875,16000,0.0,0.0
2017-06-30 00:00:00+09:00,2171.531769973979,2171.531769973979,2142.360659670101,2161.236083984375,24200,0.0,0.0
2017-07-03 00:00:00+09:00,2162.0941429594122,2171.5318554882033,2152.656430430621,2153.514404296875,14000,0.0,0.0
2017-07-04 00:00:00+09:00,2157.8042736281436,2168.0999600231885,2149.2245349656064,2153.514404296875,10900,0.0,0.0
2017-07-05 00:00:00+09:00,2151.7988354675754,2174.106159918196,2151.7988354675754,2168.100341796875,10800,0.0,0.0
2017-07-06 00:00:00+09:00,2168.1005452473955,2183.5440790085563,2157.8048560732886,2162.0947265625,5600,0.0,0.0
2017-07-07 00:00:00+09:00,2162.0944297526817,2166.3842996529847,2155.230637912197,2159.5205078125,9900,0.0,0.0
2017-07-10 00:00:00+09:00,2159.5207404288353,2176.6802218784087,2156.0888441389206,2162.95263671875,13100,0.0,0.0
2017-07-11 00:00:00+09:00,2162.9522614321295,2226.442331779602,2162.9522614321295,2204.135009765625,31500,0.0,0.0
2017-07-12 00:00:00+09:00,2194.697520858689,2257.3296236822557,2194.697520858689,2247.033935546875,27100,0.0,0.0
2017-07-13 00:00:00+09:00,2259.045752123588,2260.7617002831958,2198.987566537317,2211.857177734375,20500,0.0,0.0
2017-07-14 00:00:00+09:00,2210.9991056029285,2236.738326855582,2208.425183477663,2223.0107421875,8000,0.0,0.0
2017-07-17 00:00:00+09:00,2223.0107421875,2223.0107421875,2223.0107421875,2223.0107421875,0,0.0,0.0
2017-07-18 00:00:00+09:00,2223.010769844055,2234.1644325256348,2172.3903007507324,2196.41357421875,12600,0.0,0.0
2017-07-19 00:00:00+09:00,2196.413649706458,2201.5614941979575,2174.1063235766264,2192.123779296875,15400,0.0,0.0
2017-07-20 00:00:00+09:00,2193.839502143118,2214.430877994285,2193.839502143118,2204.9931640625,6400,0.0,0.0
2017-07-21 00:00:00+09:00,2188.6915118501292,2197.2712512144967,2187.833537913693,2193.83935546875,5700,0.0,0.0
2017-07-24 00:00:00+09:00,2187.833684186527,2210.1410080252917,2179.253944248541,2204.9931640625,13600,0.0,0.0
2017-07-25 00:00:00+09:00,2205.8512132789656,2210.1410833942496,2196.413499025341,2200.703369140625,15400,0.0,0.0
2017-07-26 00:00:00+09:00,2192.9817825043842,2221.2949275836663,2184.4020415712685,2201.5615234375,7900,0.0,0.0
2017-07-27 00:00:00+09:00,2186.975352254612,2217.8624109761367,2185.2594045478604,2203.27685546875,11400,0.0,0.0
2017-07-28 00:00:00+09:00,2188.6918775796707,2211.857177734375,2173.248344143201,2211.857177734375,17100,0.0,0.0
2017-07-31 00:00:00+09:00,2016.2390718253203,2077.1552310166385,1995.6476940705086,2017.0970458984375,98200,0.0,0.0
2017-08-01 00:00:00+09:00,2027.3925818810096,2074.58115234375,2027.3925818810096,2063.427490234375,21800,0.0,0.0
2017-08-02 00:00:00+09:00,2095.1728823458884,2095.1728823458884,2065.143786980571,2068.57568359375,13200,0.0,0.0
2017-08-03 00:00:00+09:00,2068.5753123581267,2130.3494403090954,2066.8593643594886,2126.0595703125,17500,0.0,0.0
2017-08-04 00:00:00+09:00,2116.621856319991,2128.6334923104573,2090.882636340421,2126.0595703125,9600,0.0,0.0
2017-08-07 00:00:00+09:00,2126.0597620738636,2155.2308806818182,2093.4567471590913,2123.48583984375,24000,0.0,0.0
2017-08-08 00:00:00+09:00,2124.3433796620416,2129.4912230699465,2090.024423609343,2106.325927734375,13200,0.0,0.0
2017-08-09 00:00:00+09:00,2106.326164157911,2107.1841381555314,2072.865178250718,2090.024658203125,12200,0.0,0.0
2017-08-10 00:00:00+09:00,2076.2970409517975,2100.3203125,2076.2970409517975,2100.3203125,13100,0.0,0.0
2017-08-11 00:00:00+09:00,2100.3203125,2100.3203125,2100.3203125,2100.3203125,0,0.0,0.0
2017-08-14 00:00:00+09:00,2091.740517491073,2138.9290853590014,2078.8709080725475,2117.479736328125,21900,0.0,0.0
2017-08-15 00:00:00+09:00,2120.0543821036986,2147.509558237781,2108.042742545037,2137.2138671875,15700,0.0,0.0
2017-08-16 00:00:00+09:00,2137.213018139187,2144.9347833592806,2123.485435525688,2135.4970703125,8700,0.0,0.0
2017-08-17 00:00:00+09:00,2144.935635475211,2145.793609729401,2128.634124645599,2137.2138671875,7200,0.0,0.0
2017-08-18 00:00:00+09:00,2137.2130640146684,2137.2130640146684,2097.746263153699,2102.0361328125,13900,0.0,0.0
2017-08-21 00:00:00+09:00,2125.2015131170097,2125.2015131170097,2103.7521639737215,2114.0478515625,5500,0.0,0.0
2017-08-22 00:00:00+09:00,2117.479819151012,2131.2074030677127,2101.178313249931,2129.491455078125,11500,0.0,0.0
2017-08-23 00:00:00+09:00,2137.2132923828126,2171.5322533203125,2132.0654482421874,2144.93505859375,23800,0.0,0.0
2017-08-24 00:00:00+09:00,2144.935238795107,2152.6570056547694,2138.9294201264806,2145.793212890625,20600,0.0,0.0
2017-08-25 00:00:00+09:00,2146.6508456938022,2173.2480384262194,2138.0711061027,2156.946533203125,13300,0.0,0.0
2017-08-28 00:00:00+09:00,2144.9347398952095,2156.9463744386226,2139.786896519461,2149.224609375,9100,0.0,0.0
2017-08-29 00:00:00+09:00,2149.224609375,2154.3724527507484,2132.065131455838,2149.224609375,14100,0.0,0.0
2017-08-30 00:00:00+09:00,2149.225132327108,2197.2716821915064,2149.225132327108,2174.96435546875,17200,0.0,0.0
2017-08-31 00:00:00+09:00,2174.963930968516,2192.9813836510953,2152.656608599608,2174.10595703125,14600,0.0,0.0
2017-09-01 00:00:00+09:00,2169.815822309045,2187.833272790852,2154.372293324639,2161.236083984375,8300,0.0,0.0
2017-09-04 00:00:00+09:00,2153.514821648024,2156.94671777814,2121.769782444447,2138.0712890625,12600,0.0,0.0
2017-09-05 00:00:00+09:00,2126.059306760694,2128.633228439581,2087.4504815773885,2093.456298828125,10500,0.0,0.0
2017-09-06 00:00:00+09:00,2096.0307037316343,2123.485874636019,2087.4509628240144,2113.190185546875,8400,0.0,0.0
2017-09-07 00:00:00+09:00,2110.6155964974582,2161.2360518606088,2110.6155964974582,2151.79833984375,7100,0.0,0.0
2017-09-08 00:00:00+09:00,2162.094407487624,2202.4191841352103,2146.6508760055694,2166.38427734375,29400,0.0,0.0
2017-09-11 00:00:00+09:00,2186.11773619893,2204.9931640625,2180.1119182423395,2204.9931640625,13000,0.0,0.0
2017-09-12 00:00:00+09:00,2204.993239255909,2213.5729794864765,2178.396044541149,2200.703369140625,10200,0.0,0.0
2017-09-13 00:00:00+09:00,2217.0048451520142,2258.1875976935376,2217.0048451520142,2247.033935546875,8200,0.0,0.0
2017-09-14 00:00:00+09:00,2245.318067273133,2257.3297038577043,2214.4310017699486,2223.0107421875,14400,0.0,0.0
2017-09-15 00:00:00+09:00,2213.5727142470428,2302.802001953125,2213.5727142470428,2302.802001953125,15400,0.0,0.0
2017-09-18 00:00:00+09:00,2302.802001953125,2302.802001953125,2302.802001953125,2302.802001953125,0,0.0,0.0
2017-09-19 00:00:00+09:00,2301.9444177703235,2315.672002818525,2283.926962394559,2313.9560546875,14700,0.0,0.0
2017-09-20 00:00:00+09:00,2308.8082153959426,2308.8082153959426,2279.637097104058,2294.22265625,20200,0.0,0.0
2017-09-21 00:00:00+09:00,2283.0686783388437,2294.222339676087,2274.4889388486563,2278.77880859375,8200,0.0,0.0
2017-09-22 00:00:00+09:00,2281.3526795129815,2282.210653442847,2241.027904809292,2256.471435546875,11000,0.0,0.0
2017-09-25 00:00:00+09:00,2279.637049649057,2281.352997748153,2248.749983865329,2271.915283203125,12300,0.0,0.0
2017-09-26 00:00:00+09:00,2256.471750311261,2293.3646344418253,2245.3180876671368,2271.915283203125,21000,0.0,0.0
2017-09-27 00:00:00+09:00,2271.915069939878,2410.572509765625,2240.049695569986,2410.572509765625,27900,10.0,0.0
2017-09-28 00:00:00+09:00,2410.5731228825343,2426.0752008431937,2374.4016076409957,2395.071044921875,28500,0.0,0.0
2017-09-29 00:00:00+09:00,2391.6254631860315,2391.6254631860315,2323.588584687041,2345.98046875,11100,0.0,0.0
2017-10-02 00:00:00+09:00,2384.7357149533314,2384.7357149533314,2333.9233613302736,2348.564208984375,7600,0.0,0.0
2017-10-03 00:00:00+09:00,2345.1193829402746,2367.5112683447724,2288.278443067319,2303.780517578125,7200,0.0,0.0
2017-10-04 00:00:00+09:00,2308.0866484640233,2310.6703275481245,2251.2457086137897,2283.111083984375,10700,0.0,0.0
2017-10-05 00:00:00+09:00,2278.8054182685523,2301.1973082439804,2259.85843444319,2289.14013671875,3800,0.0,0.0
2017-10-06 00:00:00+09:00,2274.4989217122397,2287.4173177083335,2220.241658528646,2221.964111328125,15000,0.0,0.0
2017-10-09 00:00:00+09:00,2221.964111328125,2221.964111328125,2221.964111328125,2221.964111328125,0,0.0,0.0
2017-10-10 00:00:00+09:00,2235.7433677949384,2256.4127980056774,2227.9923314659113,2237.4658203125,11700,0.0,0.0
2017-10-11 00:00:00+09:00,2237.465445545232,2239.187897774289,2203.0164009640894,2211.628662109375,13200,0.0,0.0
2017-10-12 00:00:00+09:00,2211.629213330925,2239.1884558646434,2203.8781763683164,2234.88232421875,7100,0.0,0.0
2017-10-13 00:00:00+09:00,2226.2702635778664,2291.723470553463,2226.2702635778664,2236.60498046875,22500,0.0,0.0
2017-10-16 00:00:00+09:00,2236.604757064127,2264.1639993537124,2232.29862545638,2240.910888671875,12100,0.0,0.0
2017-10-17 00:00:00+09:00,2240.049723525972,2253.829345047085,2221.9639702795107,2243.49462890625,6100,0.0,0.0
2017-10-18 00:00:00+09:00,2239.1882938556473,2241.77197265625,2227.992352386369,2241.77197265625,5400,0.0,0.0
2017-10-19 00:00:00+09:00,2222.8250750739467,2240.0496010334505,2222.8250750739467,2238.3271484375,5600,0.0,0.0
2017-10-20 00:00:00+09:00,2240.910826103172,2255.5516731607254,2226.2699790456186,2227.992431640625,10300,0.0,0.0
2017-10-23 00:00:00+09:00,2267.608426318323,2303.7799241935104,2265.0247478986666,2292.583984375,18500,0.0,0.0
2017-10-24 00:00:00+09:00,2283.111023499912,2298.613097593838,2283.111023499912,2290.862060546875,11200,0.0,0.0
2017-10-25 00:00:00+09:00,2291.723245411999,2299.474282318691,2274.498718952683,2282.249755859375,18000,0.0,0.0
2017-10-26 00:00:00+09:00,2282.249897693452,2293.4458405877976,2252.968200892857,2260.71923828125,5400,0.0,0.0
2017-10-27 00:00:00+09:00,2260.7191793034585,2324.4499295009655,2258.996726595418,2299.474365234375,17200,0.0,0.0
2017-10-30 00:00:00+09:00,2256.4127980056774,2262.441381817143,2215.0739375841995,2237.4658203125,39100,0.0,0.0
2017-10-31 00:00:00+09:00,2243.494369205828,2275.359740284759,2243.494369205828,2270.1923828125,7300,0.0,0.0
2017-11-01 00:00:00+09:00,2267.6091513128927,2270.1928305585966,2244.3560381015564,2261.58056640625,14400,0.0,0.0
2017-11-02 00:00:00+09:00,2250.3848712172407,2250.3848712172407,2215.9358108082515,2220.241943359375,9000,0.0,0.0
2017-11-03 00:00:00+09:00,2220.241943359375,2220.241943359375,2220.241943359375,2220.241943359375,0,0.0,0.0
2017-11-06 00:00:00+09:00,2234.8822805575214,2234.8822805575214,2130.6738967627393,2205.6005859375,18600,0.0,0.0
2017-11-07 00:00:00+09:00,2205.600889892578,2239.188720703125,2189.2375877028244,2239.188720703125,9400,0.0,0.0
2017-11-08 00:00:00+09:00,2228.8540634709607,2257.274536459578,2196.9886846655413,2252.107177734375,9200,0.0,0.0
2017-11-09 00:00:00+09:00,2246.9391615784284,2255.5514236005765,2180.6247440078882,2217.657470703125,17000,0.0,0.0
2017-11-10 00:00:00+09:00,2216.796773188165,2293.445923465456,2208.184509112065,2226.270263671875,32300,0.0,0.0
2017-11-13 00:00:00+09:00,2239.1882462663766,2239.1882462663766,2190.9595763467933,2202.155517578125,16100,0.0,0.0
2017-11-14 00:00:00+09:00,2197.8493826798754,2220.2412651052973,2180.6248577372435,2181.486083984375,14600,0.0,0.0
2017-11-15 00:00:00+09:00,2181.4862066797027,2203.0168640689617,2178.902527792992,2186.653564453125,16400,0.0,0.0
2017-11-16 00:00:00+09:00,2186.6535864219604,2209.0454703317564,2182.347454900846,2201.29443359375,8200,0.0,0.0
2017-11-17 00:00:00+09:00,2196.1270734597156,2209.0454680094786,2173.7351895734596,2180.625,22100,0.0,0.0
2017-11-20 00:00:00+09:00,2180.625039558926,2201.2944712135127,2163.400513180103,2168.56787109375,11900,0.0,0.0
2017-11-21 00:00:00+09:00,2159.9556904871324,2205.6006871361824,2158.2332377833945,2196.127197265625,13200,0.0,0.0
2017-11-22 00:00:00+09:00,2190.098452699416,2217.657693944552,2190.098452699416,2213.3515625,6200,0.0,0.0
2017-11-23 00:00:00+09:00,2213.3515625,2213.3515625,2213.3515625,2213.3515625,0,0.0,0.0
2017-11-24 00:00:00+09:00,2199.5719809853044,2224.5475438077688,2199.5719809853044,2201.29443359375,6200,0.0,0.0
2017-11-27 00:00:00+09:00,2226.27036422788,2264.1643278743118,2226.27036422788,2247.801025390625,14900,0.0,0.0
2017-11-28 00:00:00+09:00,2247.800556524323,2261.580176794204,2211.6290533158854,2241.77197265625,18600,0.0,0.0
2017-11-29 00:00:00+09:00,2265.025513634315,2276.2214572378307,2234.021362116887,2239.188720703125,10800,0.0,0.0
2017-11-30 00:00:00+09:00,2219.380099772651,2229.7148150218836,2173.735107421875,2173.735107421875,30400,0.0,0.0
2017-12-01 00:00:00+09:00,2196.127075768413,2214.2128281570936,2196.127075768413,2201.29443359375,6800,0.0,0.0
2017-12-04 00:00:00+09:00,2198.710957733178,2209.0456743382697,2185.792561976814,2192.682373046875,8600,0.0,0.0
2017-12-05 00:00:00+09:00,2197.8494298904616,2223.6862178593933,2185.7922621716266,2221.1025390625,9900,0.0,0.0
2017-12-06 00:00:00+09:00,2195.26558708819,2220.2411469256,2195.26558708819,2207.32275390625,10200,0.0,0.0
2017-12-07 00:00:00+09:00,2221.1023777844734,2320.143391140509,2219.3799253782818,2316.698486328125,21600,0.0,0.0
2017-12-08 00:00:00+09:00,2293.445606447091,2370.9559724178903,2293.445606447091,2364.066162109375,29600,0.0,0.0
2017-12-11 00:00:00+09:00,2368.372680842008,2369.233907271405,2342.535887960095,2363.205322265625,12400,0.0,0.0
2017-12-12 00:00:00+09:00,2359.7600539468053,2389.041748046875,2359.7600539468053,2389.041748046875,12100,0.0,0.0
2017-12-13 00:00:00+09:00,2389.0416543720216,2493.250032230354,2370.0946765795975,2439.85400390625,67100,0.0,0.0
2017-12-14 00:00:00+09:00,2440.7150594818518,2445.0211904971693,2388.180261094981,2405.40478515625,18600,0.0,0.0
2017-12-15 00:00:00+09:00,2400.2374376362477,2401.098663842791,2352.008770069822,2358.037353515625,20100,0.0,0.0
2017-12-18 00:00:00+09:00,2358.037675097729,2359.760127745719,2306.3640956580416,2313.25390625,14500,0.0,0.0
2017-12-19 00:00:00+09:00,2325.3111770794567,2330.4785352507442,2305.502970756187,2314.115234375,9500,0.0,0.0
2017-12-20 00:00:00+09:00,2315.8378496187684,2333.9236044874906,2315.8378496187684,2327.89501953125,5200,0.0,0.0
2017-12-21 00:00:00+09:00,2326.172666846133,2361.482951681635,2326.172666846133,2349.42578125,19700,0.0,0.0
2017-12-22 00:00:00+09:00,2343.396829415072,2351.147866337062,2314.9763607011073,2333.92333984375,24100,0.0,0.0
2017-12-25 00:00:00+09:00,2337.368347504189,2354.5928747518246,2330.4785366051347,2345.119384765625,6100,0.0,0.0
2017-12-26 00:00:00+09:00,2345.1198616573197,2345.9810881948365,2287.417683643717,2289.14013671875,10800,0.0,0.0
2017-12-27 00:00:00+09:00,2283.111267182042,2292.5847579172373,2273.6377764468466,2280.527587890625,22600,0.0,0.0
2017-12-28 00:00:00+09:00,2280.5274454983014,2315.83772694295,2261.5804652109287,2281.388671875,26000,0.0,0.0
2017-12-29 00:00:00+09:00,2281.388773769931,2290.001037921573,2271.0540567879607,2271.915283203125,13500,0.0,0.0
2018-01-01 00:00:00+09:00,2271.915283203125,2271.915283203125,2271.915283203125,2271.915283203125,0,0.0,0.0
2018-01-02 00:00:00+09:00,2271.915283203125,2271.915283203125,2271.915283203125,2271.915283203125,0,0.0,0.0
2018-01-03 00:00:00+09:00,2271.915283203125,2271.915283203125,2271.915283203125,2271.915283203125,0,0.0,0.0
2018-01-04 00:00:00+09:00,2271.0541597267866,2299.474632715404,2230.5765163793617,2252.107177734375,21800,0.0,0.0
2018-01-05 00:00:00+09:00,2251.245519212062,2251.245519212062,2209.0454310554474,2213.3515625,21800,0.0,0.0
2018-01-08 00:00:00+09:00,2213.3515625,2213.3515625,2213.3515625,2213.3515625,0,0.0,0.0
2018-01-09 00:00:00+09:00,2226.2700609269627,2235.7435505479284,2208.18430801421,2234.88232421875,11400,0.0,0.0
2018-01-10 00:00:00+09:00,2247.800702940743,2311.5314508402125,2240.9108923570166,2282.249755859375,25200,0.0,0.0
2018-01-11 00:00:00+09:00,2282.2498982516986,2283.1111246283976,2271.053955354615,2281.388671875,7800,0.0,0.0
2018-01-12 00:00:00+09:00,2273.637857826683,2303.7807839721127,2265.886819675001,2277.082763671875,16000,0.0,0.0
2018-01-15 00:00:00+09:00,2277.943907869076,2310.6705122165336,2277.943907869076,2301.197021484375,6200,0.0,0.0
2018-01-16 00:00:00+09:00,2308.0868118178873,2345.119547977652,2301.1970004393265,2327.89501953125,12300,0.0,0.0
2018-01-17 00:00:00+09:00,2308.9479369661362,2326.1724646570437,2304.6418050434095,2306.3642578125,7300,0.0,0.0
2018-01-18 00:00:00+09:00,2329.617308888863,2335.645893422032,2314.115234375,2314.115234375,10200,0.0,0.0
2018-01-19 00:00:00+09:00,2314.1150920504615,2324.449807757423,2308.0865078880674,2314.976318359375,6300,0.0,0.0
2018-01-22 00:00:00+09:00,2312.3924570072986,2325.3108506218646,2312.3924570072986,2317.559814453125,6600,0.0,0.0
2018-01-23 00:00:00+09:00,2317.5597506809663,2317.5597506809663,2291.7229641627837,2304.641357421875,8600,0.0,0.0
2018-01-24 00:00:00+09:00,2314.976197104677,2329.617043589342,2310.6700657856577,2320.1435546875,6600,0.0,0.0
2018-01-25 00:00:00+09:00,2320.1434464460035,2320.1434464460035,2288.278076171875,2288.278076171875,8700,0.0,0.0
2018-01-26 00:00:00+09:00,2282.2500400200574,2340.8134372734025,2272.776549287899,2301.197021484375,14100,0.0,0.0
2018-01-29 00:00:00+09:00,2320.1440029486926,2325.31136152987,2299.4745686239826,2301.197021484375,7600,0.0,0.0
2018-01-30 00:00:00+09:00,2301.1970650742337,2315.837914664901,2247.801025390625,2247.801025390625,14500,0.0,0.0
2018-01-31 00:00:00+09:00,2247.8010467800195,2278.8051991493994,2220.24180022946,2231.437744140625,16500,0.0,0.0
2018-02-01 00:00:00+09:00,2238.3272727726535,2282.249816409208,2238.3272727726535,2274.498779296875,8600,0.0,0.0
2018-02-02 00:00:00+09:00,2248.6620690104164,2282.249897693452,2247.8008426339284,2260.71923828125,10400,0.0,0.0
2018-02-05 00:00:00+09:00,2239.1887603689934,2274.4990446671195,2227.992816567148,2258.1357421875,18400,0.0,0.0
2018-02-06 00:00:00+09:00,2227.1312637269357,2227.1312637269357,2167.7066476414143,2199.572021484375,29500,0.0,0.0
2018-02-07 00:00:00+09:00,2205.600443665075,2289.1393905746854,2205.600443665075,2206.461669921875,18100,0.0,0.0
2018-02-08 00:00:00+09:00,2232.298868288271,2297.752075846106,2232.298868288271,2261.58056640625,32700,0.0,0.0
2018-02-09 00:00:00+09:00,2238.3276511069175,2299.474731995179,2219.3806682964705,2294.307373046875,17500,0.0,0.0
2018-02-12 00:00:00+09:00,2294.307373046875,2294.307373046875,2294.307373046875,2294.307373046875,0,0.0,0.0
2018-02-13 00:00:00+09:00,2317.560261673146,2383.874695024626,2306.364318380039,2360.62158203125,30900,0.0,0.0
2018-02-14 00:00:00+09:00,2338.2293721271267,2385.5968179713227,2327.033430382135,2353.7314453125,19000,0.0,0.0
2018-02-15 00:00:00+09:00,2390.764567647859,2390.764567647859,2345.119566896657,2373.5400390625,30500,0.0,0.0
2018-02-16 00:00:00+09:00,2391.6253864387268,2401.960101828451,2380.4294447665256,2390.76416015625,43000,0.0,0.0
2018-02-19 00:00:00+09:00,2394.2094730090544,2401.960510871314,2350.286925122917,2383.874755859375,26500,0.0,0.0
2018-02-20 00:00:00+09:00,2385.5970864706846,2390.7644447807297,2360.621521305468,2378.707275390625,22400,0.0,0.0
2018-02-21 00:00:00+09:00,2379.5683188467733,2406.2663347296,2356.3152082391503,2381.290771484375,25000,0.0,0.0
2018-02-22 00:00:00+09:00,2347.7030850787496,2371.817423443462,2335.6459158963935,2370.094970703125,24400,0.0,0.0
2018-02-23 00:00:00+09:00,2381.291077282964,2381.291077282964,2350.2869258246687,2363.205322265625,8700,0.0,0.0
2018-02-26 00:00:00+09:00,2368.372884529486,2377.846376067604,2354.593260474042,2364.927978515625,16400,0.0,0.0
2018-02-27 00:00:00+09:00,2372.678570679061,2421.768472141386,2349.4254594600648,2404.5439453125,56800,0.0,0.0
2018-02-28 00:00:00+09:00,2404.5441498094233,2413.156413956305,2344.25830078125,2344.25830078125,15100,0.0,0.0
2018-03-01 00:00:00+09:00,2355.4537280536347,2379.568062381057,2311.5311905286853,2319.2822265625,19600,0.0,0.0
2018-03-02 00:00:00+09:00,2296.029120516116,2339.951658080378,2295.167894289366,2329.616943359375,19200,0.0,0.0
2018-03-05 00:00:00+09:00,2330.478257185852,2373.5395701419834,2330.478257185852,2367.510986328125,19200,0.0,0.0
2018-03-06 00:00:00+09:00,2358.898288193086,2382.1513928959753,2329.6166007894476,2339.090087890625,20100,0.0,0.0
2018-03-07 00:00:00+09:00,2352.8701399230404,2388.180416547068,2352.0089136639176,2367.510986328125,16800,0.0,0.0
2018-03-08 00:00:00+09:00,2367.5111006747825,2367.5111006747825,2287.417054707975,2300.33544921875,36500,0.0,0.0
2018-03-09 00:00:00+09:00,2300.3356125848995,2327.8948561651005,2290.8621226042055,2314.115234375,34400,0.0,0.0
2018-03-12 00:00:00+09:00,2317.560281749354,2354.593017578125,2310.6704704323733,2354.593017578125,28500,0.0,0.0
2018-03-13 00:00:00+09:00,2353.7320130525222,2373.540222456184,2347.7034275818423,2370.95654296875,30400,0.0,0.0
2018-03-14 00:00:00+09:00,2352.8705038250773,2375.2623900254625,2306.364278639662,2362.343994140625,34100,0.0,0.0
2018-03-15 00:00:00+09:00,2347.7026153642964,2356.314877342889,2327.8944128135336,2343.396484375,20800,0.0,0.0
2018-03-16 00:00:00+09:00,2343.3967724697995,2373.5396931006126,2343.3967724697995,2372.678466796875,25700,0.0,0.0
2018-03-19 00:00:00+09:00,2368.372044112918,2369.2332703107772,2326.171960417815,2343.396484375,48100,0.0,0.0
2018-03-20 00:00:00+09:00,2343.39621839116,2343.39621839116,2324.4492441888056,2339.090087890625,21600,0.0,0.0
2018-03-21 00:00:00+09:00,2339.090087890625,2339.090087890625,2339.090087890625,2339.090087890625,0,0.0,0.0
2018-03-22 00:00:00+09:00,2373.5398955882015,2374.4011219654103,2321.005086578448,2333.062255859375,60500,0.0,0.0
2018-03-23 00:00:00+09:00,2312.392694716898,2320.1437316824295,2240.9109093681077,2245.217041015625,84100,0.0,0.0
2018-03-26 00:00:00+09:00,2259.8577746741153,2313.25380441108,2248.6618329550743,2312.392578125,100400,0.0,0.0
2018-03-27 00:00:00+09:00,2324.4497645407446,2324.4497645407446,2267.6088292092554,2296.029296875,144400,0.0,0.0
2018-03-28 00:00:00+09:00,2289.9554669754298,2316.8552848898817,2268.262065431517,2315.987548828125,39100,20.0,0.0
2018-03-29 00:00:00+09:00,2326.4004092332793,2326.4004092332793,2258.7169956114235,2276.939453125,19300,0.0,0.0
2018-03-30 00:00:00+09:00,2276.9388932740144,2285.616251861187,2261.3196478171044,2267.393798828125,12800,0.0,0.0
2018-04-02 00:00:00+09:00,2267.393606440812,2273.467756936444,2259.583984375,2259.583984375,9600,0.0,0.0
2018-04-03 00:00:00+09:00,2251.775019746252,2262.1878522075062,2230.9493548237433,2246.568603515625,10800,0.0,0.0
2018-04-04 00:00:00+09:00,2256.113614800759,2289.9553190227703,2248.3039907495254,2286.484375,20300,0.0,0.0
2018-04-05 00:00:00+09:00,2286.4839661058486,2309.912834069741,2284.748494404819,2302.970947265625,11000,0.0,0.0
2018-04-06 00:00:00+09:00,2301.2356630047716,2310.7807581378984,2288.219624186871,2307.309814453125,10900,0.0,0.0
2018-04-09 00:00:00+09:00,2313.3844945974333,2355.903564453125,2311.6490223584256,2355.903564453125,19900,0.0,0.0
2018-04-10 00:00:00+09:00,2351.564473484935,2384.5384402718087,2340.283905899952,2372.39013671875,23600,0.0,0.0
2018-04-11 00:00:00+09:00,2371.5223522684837,2371.5223522684837,2305.574420042942,2323.796875,10400,0.0,0.0
2018-04-12 00:00:00+09:00,2306.442509281743,2326.400439196521,2300.3683566989844,2311.64892578125,12000,0.0,0.0
2018-04-13 00:00:00+09:00,2323.796698418587,2334.2095290313664,2313.3838678058078,2329.870849609375,7000,0.0,0.0
2018-04-16 00:00:00+09:00,2329.870927799383,2352.4320615508855,2329.870927799383,2346.35791015625,6000,0.0,0.0
2018-04-17 00:00:00+09:00,2346.3581106651377,2400.1577419008026,2346.3581106651377,2364.58056640625,16400,0.0,0.0
2018-04-18 00:00:00+09:00,2359.374166897911,2389.7449266777667,2359.374166897911,2381.935302734375,14500,0.0,0.0
2018-04-19 00:00:00+09:00,2389.7446363312365,2401.892938767198,2377.596333895275,2396.6865234375,17600,0.0,0.0
2018-04-20 00:00:00+09:00,2396.686888056216,2405.3642482591713,2371.5225434676463,2394.951416015625,16300,0.0,0.0
2018-04-23 00:00:00+09:00,2396.6863876853618,2396.6863876853618,2367.18336915484,2384.5380859375,7100,0.0,0.0
2018-04-24 00:00:00+09:00,2389.7450030667737,2403.6287794099358,2369.7870745734785,2398.42236328125,24500,0.0,0.0
2018-04-25 00:00:00+09:00,2398.422420445021,2402.7611006556667,2379.332227518179,2394.083740234375,19900,0.0,0.0
2018-04-26 00:00:00+09:00,2401.893409879474,2401.893409879474,2362.845287247763,2375.861328125,11900,0.0,0.0
2018-04-27 00:00:00+09:00,2401.893041457573,2401.893041457573,2363.7126607407617,2377.596435546875,16400,0.0,0.0
2018-04-30 00:00:00+09:00,2377.596435546875,2377.596435546875,2377.596435546875,2377.596435546875,0,0.0,0.0
2018-05-01 00:00:00+09:00,2394.9514977462327,2426.1899955429226,2390.6128174966925,2418.38037109375,30800,0.0,0.0
2018-05-02 00:00:00+09:00,2438.3380074711904,2440.0734793626293,2414.0414009910505,2433.131591796875,15500,0.0,0.0
2018-05-03 00:00:00+09:00,2433.131591796875,2433.131591796875,2433.131591796875,2433.131591796875,0,0.0,0.0
2018-05-04 00:00:00+09:00,2433.131591796875,2433.131591796875,2433.131591796875,2433.131591796875,0,0.0,0.0
2018-05-07 00:00:00+09:00,2424.4547377700055,2424.4547377700055,2368.919625666469,2380.2001953125,12800,0.0,0.0
2018-05-08 00:00:00+09:00,2384.5386795413383,2388.0096237619223,2355.0356536663726,2365.448486328125,10100,0.0,0.0
2018-05-09 00:00:00+09:00,2352.432322497935,2380.1998748107103,2347.2259064392897,2363.712890625,10700,0.0,0.0
2018-05-10 00:00:00+09:00,2352.432265871914,2378.4643455385158,2350.6967938941402,2368.051513671875,7600,0.0,0.0
2018-05-11 00:00:00+09:00,2373.2579257575167,2457.4283165430666,2366.316037857677,2427.92529296875,80300,0.0,0.0
2018-05-14 00:00:00+09:00,2464.370307426948,2480.8572918780437,2432.2640745484982,2472.179931640625,55700,0.0,0.0
2018-05-15 00:00:00+09:00,2473.0477432825573,2499.079824790795,2466.1058548803608,2488.6669921875,43800,0.0,0.0
2018-05-16 00:00:00+09:00,2507.7570541093532,2515.5666781532923,2478.254029943361,2479.989501953125,18800,0.0,0.0
2018-05-17 00:00:00+09:00,2493.8736282607256,2493.8736282607256,2440.0739884026307,2457.4287109375,17200,0.0,0.0
2018-05-18 00:00:00+09:00,2460.89927053214,2460.89927053214,2435.7349267925656,2438.338134765625,10400,0.0,0.0
2018-05-21 00:00:00+09:00,2438.3383216654643,2445.2802101257216,2433.999641377803,2442.677001953125,17100,0.0,0.0
2018-05-22 00:00:00+09:00,2443.5449268738575,2443.5449268738575,2369.7873562828495,2373.25830078125,20100,0.0,0.0
2018-05-23 00:00:00+09:00,2389.7446363312365,2409.702561761744,2380.199541560124,2396.6865234375,13900,0.0,0.0
2018-05-24 00:00:00+09:00,2413.1736084875397,2414.9090803383037,2368.9190762930543,2377.596435546875,13400,0.0,0.0
2018-05-25 00:00:00+09:00,2401.8935289508604,2401.8935289508604,2369.7872931953757,2370.655029296875,8800,0.0,0.0
2018-05-28 00:00:00+09:00,2383.6706473443487,2384.538383291689,2360.2417767661555,2376.728759765625,7600,0.0,0.0
2018-05-29 00:00:00+09:00,2386.27391220796,2386.27391220796,2352.4322094530107,2372.39013671875,6900,0.0,0.0
2018-05-30 00:00:00+09:00,2351.564763490005,2367.1840128415993,2342.8874027391194,2357.638916015625,10100,0.0,0.0
2018-05-31 00:00:00+09:00,2363.713014217833,2376.729055045024,2355.9033897215186,2365.448486328125,20200,0.0,0.0
2018-06-01 00:00:00+09:00,2364.580708666309,2389.7450538227577,2347.2259878687582,2387.141845703125,15500,0.0,0.0
2018-06-04 00:00:00+09:00,2411.438626067356,2411.438626067356,2368.919557093876,2370.655029296875,15100,0.0,0.0
2018-06-05 00:00:00+09:00,2370.6544095276913,2374.1253530262675,2348.0932767869444,2361.97705078125,12900,0.0,0.0
2018-06-06 00:00:00+09:00,2350.6966744488914,2374.1255449583487,2344.6225228353283,2369.786865234375,6000,0.0,0.0
2018-06-07 00:00:00+09:00,2360.2418831541713,2374.993394923885,2354.167731248995,2361.109619140625,11300,0.0,0.0
2018-06-08 00:00:00+09:00,2361.109815130798,2380.2000084174124,2361.109815130798,2375.861328125,16000,0.0,0.0
2018-06-11 00:00:00+09:00,2375.861495201715,2375.861495201715,2355.903564453125,2355.903564453125,5400,0.0,0.0
2018-06-12 00:00:00+09:00,2374.993522439809,2374.993522439809,2355.0355936798105,2366.316162109375,7800,0.0,0.0
2018-06-13 00:00:00+09:00,2355.0354173572377,2377.5965525272036,2355.0354173572377,2372.39013671875,16300,0.0,0.0
2018-06-14 00:00:00+09:00,2372.3904233068592,2372.3904233068592,2340.2841886095825,2350.697021484375,11300,0.0,0.0
2018-06-15 00:00:00+09:00,2368.919303445255,2369.787039453843,2344.622695204791,2360.241943359375,15800,0.0,0.0
2018-06-18 00:00:00+09:00,2375.8613675984566,2375.8613675984566,2338.548716463784,2350.697021484375,6900,0.0,0.0
2018-06-19 00:00:00+09:00,2363.7126284266365,2363.7126284266365,2340.2837587616145,2346.35791015625,7500,0.0,0.0
2018-06-20 00:00:00+09:00,2354.167657574458,2357.638601411649,2327.267842836232,2348.093505859375,14100,0.0,0.0
2018-06-21 00:00:00+09:00,2342.886887875349,2343.754623759747,2325.5321701873836,2329.870849609375,5700,0.0,0.0
2018-06-22 00:00:00+09:00,2329.870748868674,2356.7705601219063,2327.2675413280385,2348.9609375,9000,0.0,0.0
2018-06-25 00:00:00+09:00,2348.961409692289,2348.961409692289,2251.7749753053163,2264.791015625,13700,0.0,0.0
2018-06-26 00:00:00+09:00,2264.7906929937762,2274.335787868463,2241.36182375591,2248.3037109375,7600,0.0,0.0
2018-06-27 00:00:00+09:00,2243.096976389952,2359.3735701370524,2243.096976389952,2337.68017578125,23100,0.0,0.0
2018-06-28 00:00:00+09:00,2337.6814058536092,2373.2585913176026,2286.484968234692,2351.565185546875,21600,0.0,0.0
2018-06-29 00:00:00+09:00,2331.6063996264215,2351.564325637366,2291.6905476045326,2346.35791015625,12000,0.0,0.0
2018-07-02 00:00:00+09:00,2370.655304375932,2395.819654239366,2314.252451233752,2328.13623046875,15800,0.0,0.0
2018-07-03 00:00:00+09:00,2328.136096443334,2351.564972553647,2268.2623019392004,2312.516845703125,15800,0.0,0.0
2018-07-04 00:00:00+09:00,2289.9556042546046,2289.9556042546046,2251.775215248465,2261.3203125,10300,0.0,0.0
2018-07-05 00:00:00+09:00,2252.6427681891796,2274.336169269584,2237.8912554545045,2260.452392578125,11900,0.0,0.0
2018-07-06 00:00:00+09:00,2260.4524677555737,2276.939453125,2252.642843106898,2276.939453125,11800,0.0,0.0
2018-07-09 00:00:00+09:00,2257.849181354527,2270.8652219849337,2246.5686128081747,2256.9814453125,7200,0.0,0.0
2018-07-10 00:00:00+09:00,2260.452694467398,2279.5428899676986,2256.114013671875,2256.114013671875,10200,0.0,0.0
2018-07-11 00:00:00+09:00,2239.6267121010637,2255.2459607712767,2233.5525598404256,2243.09765625,6400,0.0,0.0
2018-07-12 00:00:00+09:00,2254.3779509171195,2297.764747509058,2254.3779509171195,2275.20361328125,9100,0.0,0.0
2018-07-13 00:00:00+09:00,2291.690773282732,2335.945309230259,2269.129637309483,2332.474365234375,9200,0.0,0.0
2018-07-16 00:00:00+09:00,2332.474365234375,2332.474365234375,2332.474365234375,2332.474365234375,0,0.0,0.0
2018-07-17 00:00:00+09:00,2335.945359959112,2350.696872261974,2309.045543406834,2321.19384765625,12100,0.0,0.0
2018-07-18 00:00:00+09:00,2345.4901742427305,2355.9030052049625,2335.945079194018,2346.35791015625,11000,0.0,0.0
2018-07-19 00:00:00+09:00,2347.225769900077,2360.241809289542,2347.225769900077,2348.093505859375,5200,0.0,0.0
2018-07-20 00:00:00+09:00,2360.2422450506447,2364.5809256481643,2343.7552587800706,2355.903564453125,8800,0.0,0.0
2018-07-23 00:00:00+09:00,2355.9030656041896,2373.2577843195063,2345.490234375,2345.490234375,8900,0.0,0.0
2018-07-24 00:00:00+09:00,2349.8292824341497,2366.316267798348,2337.680977428951,2347.22607421875,7100,0.0,0.0
2018-07-25 00:00:00+09:00,2348.0935727213305,2361.977348465433,2322.929229185145,2354.167724609375,12500,0.0,0.0
2018-07-26 00:00:00+09:00,2378.464399539723,2378.464399539723,2351.564583273495,2360.241943359375,10600,0.0,0.0
2018-07-27 00:00:00+09:00,2375.8612044484994,2384.53856458162,2364.580636275442,2374.125732421875,16400,0.0,0.0
2018-07-30 00:00:00+09:00,2366.3160921751314,2374.125716241716,2343.7549559827758,2356.77099609375,12700,0.0,0.0
2018-07-31 00:00:00+09:00,2356.7716029318494,2371.523118855944,2335.078197161122,2351.565185546875,10300,0.0,0.0
2018-08-01 00:00:00+09:00,2351.565185546875,2359.374811624337,2337.6814058536092,2351.565185546875,9000,0.0,0.0
2018-08-02 00:00:00+09:00,2365.448531726548,2374.9936285163467,2336.813241357151,2347.22607421875,12500,0.0,0.0
2018-08-03 00:00:00+09:00,2348.0935999704693,2358.506431899385,2300.3681202962725,2318.590576171875,13700,0.0,0.0
2018-08-06 00:00:00+09:00,2256.113712362044,2293.4263622203393,2244.8331438002338,2260.452392578125,30700,0.0,0.0
2018-08-07 00:00:00+09:00,2260.452694467398,2267.3945837402343,2250.039860558143,2256.114013671875,9900,0.0,0.0
2018-08-08 00:00:00+09:00,2263.0549275153608,2291.690208423339,2253.509833879368,2259.583984375,14200,0.0,0.0
2018-08-09 00:00:00+09:00,2259.5846503327157,2259.5846503327157,2235.288041189353,2253.510498046875,11000,0.0,0.0
2018-08-10 00:00:00+09:00,2253.5102328416488,2256.1134406577926,2224.0072109253547,2232.6845703125,9000,0.0,0.0
2018-08-13 00:00:00+09:00,2207.520540922916,2208.3882769845995,2174.5465705789416,2175.414306640625,14000,0.0,0.0
2018-08-14 00:00:00+09:00,2186.6946436533885,2197.1074752898335,2175.41407604724,2189.2978515625,10200,0.0,0.0
2018-08-15 00:00:00+09:00,2171.0759200865964,2178.885545698419,2160.6630859375,2160.6630859375,12200,0.0,0.0
2018-08-16 00:00:00+09:00,2151.985494523196,2151.985494523196,2094.714912814111,2104.260009765625,13000,0.0,0.0
2018-08-17 00:00:00+09:00,2099.9212028311026,2105.995355070697,2095.582522659964,2099.053466796875,3300,0.0,0.0
2018-08-20 00:00:00+09:00,2099.0534033364806,2107.7307634164167,2082.5664191846026,2096.4501953125,12000,0.0,0.0
2018-08-21 00:00:00+09:00,2104.260047223656,2108.598727733395,2073.889283655479,2075.624755859375,13100,0.0,0.0
2018-08-22 00:00:00+09:00,2075.6244221000516,2114.6725404087897,2075.6244221000516,2108.598388671875,7300,0.0,0.0
2018-08-23 00:00:00+09:00,2117.2756878920713,2119.8788957050533,2099.0532332011967,2109.466064453125,10700,0.0,0.0
2018-08-24 00:00:00+09:00,2141.572500222669,2141.572500222669,2115.540419587872,2131.15966796875,7200,0.0,0.0
2018-08-27 00:00:00+09:00,2174.5465367913876,2174.5465367913876,2131.1597343813437,2137.23388671875,13000,0.0,0.0
2018-08-28 00:00:00+09:00,2140.7048216329113,2143.3080297662304,2125.953308877435,2126.821044921875,14900,0.0,0.0
2018-08-29 00:00:00+09:00,2127.6885969387754,2138.1014285714286,2117.2757653061226,2125.953125,19100,0.0,0.0
2018-08-30 00:00:00+09:00,2136.366150670549,2142.440303007955,2126.8210541403396,2137.23388671875,17200,0.0,0.0
2018-08-31 00:00:00+09:00,2132.8953152958848,2132.8953152958848,2120.7470100012783,2121.61474609375,8300,0.0,0.0
2018-09-03 00:00:00+09:00,2125.9531079202034,2128.5563158074524,2104.259708859793,2108.598388671875,9000,0.0,0.0
2018-09-04 00:00:00+09:00,2112.937555148006,2117.276235959398,2086.9054702796525,2105.1279296875,11300,0.0,0.0
2018-09-05 00:00:00+09:00,2105.12748822774,2119.0112639126714,2078.227672838185,2090.3759765625,16500,0.0,0.0
2018-09-06 00:00:00+09:00,2089.507985241969,2089.507985241969,2073.0210036308404,2079.962890625,7500,0.0,0.0
2018-09-07 00:00:00+09:00,2079.9630814930447,2094.7145927093075,2078.227609585249,2087.772705078125,10000,0.0,0.0
2018-09-10 00:00:00+09:00,2086.9047404004955,2110.3336085879437,2086.0370045417008,2101.65625,9900,0.0,0.0
2018-09-11 00:00:00+09:00,2096.450623189905,2101.6570403004757,2091.2442060793337,2097.318359375,6300,0.0,0.0
2018-09-12 00:00:00+09:00,2096.450623189905,2098.186095560095,2073.889482377431,2097.318359375,12400,0.0,0.0
2018-09-13 00:00:00+09:00,2079.0951100675748,2111.2013367255463,2079.0951100675748,2094.71435546875,11300,0.0,0.0
2018-09-14 00:00:00+09:00,2094.714620037877,2134.630474437936,2094.714620037877,2115.540283203125,34600,0.0,0.0
2018-09-17 00:00:00+09:00,2115.540283203125,2115.540283203125,2115.540283203125,2115.540283203125,0,0.0,0.0
2018-09-18 00:00:00+09:00,2119.879276797449,2132.8953182022638,2112.0696519545604,2125.085693359375,18900,0.0,0.0
2018-09-19 00:00:00+09:00,2150.249570112731,2230.9490091847583,2135.498059744726,2205.78466796875,64400,0.0,0.0
2018-09-20 00:00:00+09:00,2212.7262583530355,2218.8004088661614,2191.9005994508893,2213.593994140625,31000,0.0,0.0
2018-09-21 00:00:00+09:00,2210.991564121171,2220.5366611405325,2195.372314453125,2195.372314453125,35300,0.0,0.0
2018-09-24 00:00:00+09:00,2195.372314453125,2195.372314453125,2195.372314453125,2195.372314453125,0,0.0,0.0
2018-09-25 00:00:00+09:00,2196.2399513244627,2238.759017944336,2194.504479217529,2221.404296875,26800,0.0,0.0
2018-09-26 00:00:00+09:00,2228.4009281158446,2248.5160071372984,2224.9026535034177,2238.895751953125,17300,20.0,0.0
2018-09-27 00:00:00+09:00,2238.895389020537,2238.895389020537,2210.0346281464444,2214.407470703125,17700,0.0,0.0
2018-09-28 00:00:00+09:00,2181.1744482778286,2196.042116930885,2148.815404738823,2156.6865234375,34400,0.0,0.0
2018-10-01 00:00:00+09:00,2157.5610450266217,2159.310182476988,2119.95458984375,2119.95458984375,16600,0.0,0.0
2018-10-02 00:00:00+09:00,2133.947169006797,2144.4419911494533,2124.3269153760284,2139.194580078125,24100,0.0,0.0
2018-10-03 00:00:00+09:00,2139.1947305757703,2139.1947305757703,2105.961124785959,2106.835693359375,18300,0.0,0.0
2018-10-04 00:00:00+09:00,2134.822045476813,2134.822045476813,2113.832398163645,2126.950927734375,10900,0.0,0.0
2018-10-05 00:00:00+09:00,2120.8286187507956,2164.557043879678,2120.8286187507956,2147.065673828125,32700,0.0,0.0
2018-10-08 00:00:00+09:00,2147.065673828125,2147.065673828125,2147.065673828125,2147.065673828125,0,0.0,0.0
2018-10-09 00:00:00+09:00,2142.693394397675,2165.432181440263,2091.9684079180565,2097.2158203125,20800,0.0,0.0
2018-10-10 00:00:00+09:00,2119.954818246384,2133.073350537513,2104.2125794970298,2116.45654296875,24100,0.0,0.0
2018-10-11 00:00:00+09:00,2094.5915642766927,2098.0898382880105,2056.985118655023,2071.852783203125,33300,0.0,0.0
2018-10-12 00:00:00+09:00,2073.601624218102,2124.3265901416157,2070.9779190841277,2110.33349609375,28800,0.0,0.0
2018-10-15 00:00:00+09:00,2098.9646564974987,2110.3340483868606,2090.2189704287593,2098.090087890625,26600,0.0,0.0
2018-10-16 00:00:00+09:00,2082.3479906560174,2126.0764238911293,2082.3479906560174,2114.70703125,18300,0.0,0.0
2018-10-17 00:00:00+09:00,2114.707120650773,2126.9510824742265,2101.5885901256443,2120.8291015625,22800,0.0,0.0
2018-10-18 00:00:00+09:00,2125.2015865217472,2132.198134954741,2108.584783993388,2122.577880859375,24300,0.0,0.0
2018-10-19 00:00:00+09:00,2100.7141433399247,2109.4598308642376,2096.3412995777685,2107.710693359375,11300,0.0,0.0
2018-10-22 00:00:00+09:00,2107.7101469778295,2160.184258520846,2090.218776463491,2146.191162109375,36500,0.0,0.0
2018-10-23 00:00:00+09:00,2147.9404984824405,2149.6896356961884,2087.5952646081373,2098.090087890625,19000,0.0,0.0
2018-10-24 00:00:00+09:00,2116.455844332398,2136.570920538863,2095.466199595217,2123.452392578125,22500,0.0,0.0
2018-10-25 00:00:00+09:00,2107.7106451013865,2109.459782566201,2062.2330710162114,2097.2158203125,29800,0.0,0.0
2018-10-26 00:00:00+09:00,2096.340856902585,2096.340856902585,2035.9956257276674,2065.73095703125,27400,0.0,0.0
2018-10-29 00:00:00+09:00,2062.2326894007424,2077.974923670977,2052.612435124488,2054.361572265625,16000,0.0,0.0
2018-10-30 00:00:00+09:00,2053.4867220907645,2099.8388499744146,2039.493626880606,2096.340576171875,29200,0.0,0.0
2018-10-31 00:00:00+09:00,2096.3412995777685,2117.330949636119,2092.8430245680433,2107.710693359375,22000,0.0,0.0
2018-11-01 00:00:00+09:00,2107.709645818648,2112.0824874074833,2087.5945745100053,2093.716552734375,11800,0.0,0.0
2018-11-02 00:00:00+09:00,2137.445151151384,2137.445151151384,2105.0861206306795,2117.330078125,29500,0.0,0.0
2018-11-05 00:00:00+09:00,2141.818279748818,2164.557060995641,2105.9609708595976,2150.56396484375,44600,0.0,0.0
2018-11-06 00:00:00+09:00,2152.3134106595094,2158.4353911042945,2133.947469325153,2138.3203125,14700,0.0,0.0
2018-11-07 00:00:00+09:00,2139.1943850689054,2145.316364094041,2105.086216214577,2112.082763671875,13600,0.0,0.0
2018-11-08 00:00:00+09:00,2131.323868741305,2147.066104948668,2119.954475924876,2121.70361328125,13500,0.0,0.0
2018-11-09 00:00:00+09:00,2112.9572361627424,2133.0723091891264,2108.5843942004853,2117.330078125,18100,0.0,0.0
2018-11-12 00:00:00+09:00,2136.5707598711992,2136.5707598711992,2082.347515044341,2103.337158203125,21500,0.0,0.0
2018-11-13 00:00:00+09:00,2055.236155931719,2055.236155931719,2024.6262557369914,2044.7413330078125,24100,0.0,0.0
2018-11-14 00:00:00+09:00,2044.7412957498302,2044.7412957498302,2011.5076904296875,2011.5076904296875,17500,0.0,0.0
2018-11-15 00:00:00+09:00,2011.5076546717173,2015.8804973992644,1990.5180095794906,1991.392578125,17300,0.0,0.0
2018-11-16 00:00:00+09:00,1991.392651688425,2002.762043200041,1972.1521429764596,1994.016357421875,14000,0.0,0.0
2018-11-19 00:00:00+09:00,1994.0160038059155,2011.5073722603533,1974.7754985060337,2008.8836669921875,8700,0.0,0.0
2018-11-20 00:00:00+09:00,2008.8842056780015,2058.734619140625,2005.3859310490457,2058.734619140625,17800,0.0,0.0
2018-11-21 00:00:00+09:00,2028.9989379934912,2059.6088357649446,2028.9989379934912,2049.114013671875,6200,0.0,0.0
2018-11-22 00:00:00+09:00,2048.239593812234,2049.1141623834606,1994.8909109674235,2003.6365966796875,12100,0.0,0.0
2018-11-23 00:00:00+09:00,2003.6365966796875,2003.6365966796875,2003.6365966796875,2003.6365966796875,0,0.0,0.0
2018-11-26 00:00:00+09:00,2003.6364686754014,2023.7515445285371,1981.772255791558,2015.005859375,14400,0.0,0.0
2018-11-27 00:00:00+09:00,2018.5045493886016,2027.2502363443582,1993.142057216908,1999.2640380859375,14400,0.0,0.0
2018-11-28 00:00:00+09:00,1999.2639329624797,2016.7553059542774,1988.769109167401,2015.8807373046875,17400,0.0,0.0
2018-11-29 00:00:00+09:00,2037.744995888158,2079.7242919407895,2009.7587985197367,2077.1005859375,24600,0.0,0.0
2018-11-30 00:00:00+09:00,2077.100182877106,2077.100182877106,2041.2428744569117,2056.985107421875,18300,0.0,0.0
2018-12-03 00:00:00+09:00,2056.985107421875,2057.8596759199286,2049.1139909393933,2056.985107421875,6400,0.0,0.0
2018-12-04 00:00:00+09:00,2050.8632391658025,2069.2291786210185,2028.1244569831538,2042.1175537109375,11900,0.0,0.0
2018-12-05 00:00:00+09:00,2022.002423337144,2070.978260580604,2021.1278548149392,2056.110595703125,29000,0.0,0.0
2018-12-06 00:00:00+09:00,2030.7487187980557,2033.372425153092,1986.1457107624394,1990.5185546875,27600,0.0,0.0
2018-12-07 00:00:00+09:00,1978.2740499423585,2002.761969216623,1978.2740499423585,1991.392578125,19500,0.0,0.0
2018-12-10 00:00:00+09:00,1991.392645098712,1991.392645098712,1937.169393453512,1941.542236328125,19700,0.0,0.0
2018-12-11 00:00:00+09:00,1941.5422978120691,1941.5422978120691,1890.8173188602223,1903.061279296875,12200,0.0,0.0
2018-12-12 00:00:00+09:00,1903.0612488626023,1932.7965808760805,1897.813837330812,1922.3017578125,16000,0.0,0.0
2018-12-13 00:00:00+09:00,1915.3051064043473,1948.5387109903586,1915.3051064043473,1938.91845703125,18300,0.0,0.0
2018-12-14 00:00:00+09:00,1897.813720703125,1919.677934075281,1891.6917409589214,1897.813720703125,35300,0.0,0.0
2018-12-17 00:00:00+09:00,1897.813971501087,1897.813971501087,1860.20751953125,1860.20751953125,19100,0.0,0.0
2018-12-18 00:00:00+09:00,1844.4651316013917,1844.4651316013917,1802.48583984375,1802.48583984375,29800,0.0,0.0
2018-12-19 00:00:00+09:00,1801.6111637766767,1803.3603008288871,1779.7469506240473,1792.865478515625,19200,0.0,0.0
2018-12-20 00:00:00+09:00,1771.001504102544,1771.001504102544,1722.900228682475,1740.3916015625,38700,0.0,0.0
2018-12-21 00:00:00+09:00,1705.408840379615,1758.7575271812336,1691.4157422021412,1750.0118408203125,64900,0.0,0.0
2018-12-24 00:00:00+09:00,1750.0118408203125,1750.0118408203125,1750.0118408203125,1750.0118408203125,0,0.0,0.0
2018-12-25 00:00:00+09:00,1680.0460379656872,1680.920606439381,1580.3452319646,1583.843505859375,37400,0.0,0.0
2018-12-26 00:00:00+09:00,1592.5893956659124,1599.5859443563722,1546.2372605916162,1588.216552734375,51400,0.0,0.0
2018-12-27 00:00:00+09:00,1644.1889470561825,1705.4087482763596,1644.1889470561825,1704.5341796875,24100,0.0,0.0
2018-12-28 00:00:00+09:00,1702.7850140804971,1737.7677570508206,1696.6630340606905,1736.8931884765625,18300,0.0,0.0
2018-12-31 00:00:00+09:00,1736.8931884765625,1736.8931884765625,1736.8931884765625,1736.8931884765625,0,0.0,0.0
2019-01-04 00:00:00+09:00,1713.2796829578488,1770.1266351744187,1701.0357240188953,1767.5029296875,23200,0.0,0.0
2019-01-07 00:00:00+09:00,1805.984245989235,1840.092423032131,1780.6217553675945,1830.47216796875,30300,0.0,0.0
2019-01-08 00:00:00+09:00,1834.8446758766586,1871.576552133484,1823.4752856066889,1861.956298828125,16700,0.0,0.0
2019-01-09 00:00:00+09:00,1867.203821982107,1909.1831116566461,1856.7089995634722,1897.813720703125,18200,0.0,0.0
2019-01-10 00:00:00+09:00,1880.3225584345525,1880.3225584345525,1846.2143817931815,1877.6988525390625,10800,0.0,0.0
2019-01-11 00:00:00+09:00,1868.95263671875,1885.5694360157347,1863.705226414439,1868.95263671875,11600,0.0,0.0
2019-01-15 00:00:00+09:00,1868.0785893793707,1885.5699619391025,1840.0923932837995,1875.94970703125,18000,0.0,0.0
2019-01-16 00:00:00+09:00,1871.5767962005527,1881.1970507604622,1842.7160325208247,1848.8380126953125,20200,0.0,0.0
2019-01-17 00:00:00+09:00,1850.5868819016678,1856.7088611896222,1808.6075953556942,1819.1024169921875,12400,0.0,0.0
2019-01-18 00:00:00+09:00,1818.228280203683,1885.570068359375,1818.228280203683,1885.570068359375,20500,0.0,0.0
2019-01-21 00:00:00+09:00,1893.4412847474564,1893.4412847474564,1864.5805168968025,1880.32275390625,14200,0.0,0.0
2019-01-22 00:00:00+09:00,1897.8138580958343,1899.562995292236,1860.207408373198,1888.193603515625,10500,0.0,0.0
2019-01-23 00:00:00+09:00,1883.820299247631,1887.3185727838384,1868.95263671875,1868.95263671875,6500,0.0,0.0
2019-01-24 00:00:00+09:00,1868.9530943552065,1899.562995292236,1856.7091339803947,1888.193603515625,12700,0.0,0.0
2019-01-25 00:00:00+09:00,1888.1938724109739,1906.559815588663,1880.32275390625,1880.32275390625,12600,0.0,0.0
2019-01-28 00:00:00+09:00,1881.19677734375,1889.9424620361895,1869.8273872435784,1881.19677734375,8200,0.0,0.0
2019-01-29 00:00:00+09:00,1866.3295897301434,1889.9429444268228,1862.831314960265,1879.4481201171875,14400,0.0,0.0
2019-01-30 00:00:00+09:00,1879.447817556779,1879.447817556779,1808.6077648708324,1816.4788818359375,25200,0.0,0.0
2019-01-31 00:00:00+09:00,1823.4755069678426,1854.9599761528991,1812.1061153176836,1845.3397216796875,24300,0.0,0.0
2019-02-01 00:00:00+09:00,1850.5871498880233,1859.3328358515773,1838.3431895390477,1848.8380126953125,12600,0.0,0.0
2019-02-04 00:00:00+09:00,1892.566357804929,1897.8137691481961,1842.7159500438936,1895.1900634765625,18300,0.0,0.0
2019-02-05 00:00:00+09:00,1894.3154884828339,1940.6676218575292,1894.3154884828339,1906.5594482421875,18400,0.0,0.0
2019-02-06 00:00:00+09:00,1923.1760617484188,1954.66052660651,1885.5696176123652,1905.6846923828125,20300,0.0,0.0
2019-02-07 00:00:00+09:00,1904.8103595921136,1917.9288882394424,1887.3189880623422,1903.935791015625,13000,0.0,0.0
2019-02-08 00:00:00+09:00,1898.6885985195747,1954.6609938697602,1870.7024008444819,1885.570068359375,29200,0.0,0.0
2019-02-12 00:00:00+09:00,1885.569633697795,1885.569633697795,1852.3360316196336,1871.5765380859375,34900,0.0,0.0
2019-02-13 00:00:00+09:00,1862.831152960094,1878.5733880555313,1845.33978063183,1870.7022705078125,15700,0.0,0.0
2019-02-14 00:00:00+09:00,1864.5803131464245,1868.078587655142,1847.088940602837,1849.712646484375,14000,0.0,0.0
2019-02-15 00:00:00+09:00,1847.088742846924,1847.9633113804691,1824.3499609747555,1833.97021484375,11100,0.0,0.0
2019-02-18 00:00:00+09:00,1839.2180623653016,1902.18701171875,1839.2180623653016,1902.18701171875,13000,0.0,0.0
2019-02-19 00:00:00+09:00,1901.3128257748065,1973.9020458940838,1892.567136603809,1961.6580810546875,27500,0.0,0.0
2019-02-20 00:00:00+09:00,1961.6575439670526,1980.8980548753339,1940.6678957034728,1964.28125,11800,0.0,0.0
2019-02-21 00:00:00+09:00,1956.4099749689517,1956.4099749689517,1914.4306818091352,1931.0474853515625,16100,0.0,0.0
2019-02-22 00:00:00+09:00,1923.176513837282,1939.7933186407874,1893.441178925746,1936.2950439453125,12800,0.0,0.0
2019-02-25 00:00:00+09:00,1942.417033058771,1964.28125,1932.7967776046305,1964.28125,14300,0.0,0.0
2019-02-26 00:00:00+09:00,1960.78267695986,1979.1486163961476,1941.542168978987,1978.2740478515625,16200,0.0,0.0
2019-02-27 00:00:00+09:00,1978.2741081141216,2009.7585766782722,1966.0301481169522,2003.6365966796875,19100,0.0,0.0
2019-02-28 00:00:00+09:00,2003.6366232373723,2035.1210922188413,1981.7724086669077,2022.0025634765625,19200,0.0,0.0
2019-03-01 00:00:00+09:00,2022.002556703629,2038.619359721522,2013.2568709047378,2033.3719482421875,19700,0.0,0.0
2019-03-04 00:00:00+09:00,2035.1210652438378,2042.117613813649,1980.897813827801,2003.6365966796875,27600,0.0,0.0
2019-03-05 00:00:00+09:00,1977.3995241393632,1983.521504090259,1935.420233047506,1949.413330078125,27000,0.0,0.0
2019-03-06 00:00:00+09:00,1949.4130079251292,1958.158692123986,1910.9319974501605,1933.6707763671875,47400,0.0,0.0
2019-03-07 00:00:00+09:00,1929.2982306524152,1929.2982306524152,1890.8172142658757,1906.5594482421875,25400,0.0,0.0
2019-03-08 00:00:00+09:00,1877.6988089135546,1877.6988089135546,1841.8414958416145,1842.716064453125,35500,0.0,0.0
2019-03-11 00:00:00+09:00,1844.4651316013917,1848.837974492813,1797.2384283740446,1802.48583984375,37800,0.0,0.0
2019-03-12 00:00:00+09:00,1848.8379299443716,1906.5594547203075,1848.8379299443716,1895.1900634765625,15000,0.0,0.0
2019-03-13 00:00:00+09:00,1905.684839761066,1912.6813880483946,1888.1934690427452,1910.9322509765625,24100,0.0,0.0
2019-03-14 00:00:00+09:00,1917.0542261818446,1925.7999115202654,1884.6951904296875,1884.6951904296875,18600,0.0,0.0
2019-03-15 00:00:00+09:00,1881.196726361443,1939.7928122127757,1881.196726361443,1932.7962646484375,33500,0.0,0.0
2019-03-18 00:00:00+09:00,1954.6602841612537,1994.0158603524198,1951.162010722039,1992.2667236328125,81200,0.0,0.0
2019-03-19 00:00:00+09:00,1999.2638246785625,1999.2638246785625,1976.5250410208012,1980.0233154296875,41800,0.0,0.0
2019-03-20 00:00:00+09:00,1944.1660108844053,1982.647029543386,1938.9185992490898,1981.7724609375,57700,0.0,0.0
2019-03-22 00:00:00+09:00,1981.7727126707596,1996.640380859375,1973.901594217963,1996.640380859375,79600,0.0,0.0
2019-03-25 00:00:00+09:00,1987.0196737377669,1987.0196737377669,1952.036933002947,1966.030029296875,134700,0.0,0.0
2019-03-26 00:00:00+09:00,1984.3959419768019,2024.6260932905668,1984.3959419768019,1998.3890380859375,143700,0.0,0.0
2019-03-27 00:00:00+09:00,1993.0836250305176,1993.0836250305176,1953.2926919664656,1980.7042236328125,40900,25.0,0.0
2019-03-28 00:00:00+09:00,1954.1772209717026,1954.1772209717026,1887.8589894907625,1890.51171875,12400,0.0,0.0
2019-03-29 00:00:00+09:00,1892.2799963827736,1949.7557906654279,1887.858781437954,1947.9873046875,35100,0.0,0.0
2019-04-01 00:00:00+09:00,1969.2088539965212,1989.546439825852,1969.2088539965212,1987.7779541015625,9800,0.0,0.0
2019-04-02 00:00:00+09:00,1993.0836823453608,1996.6206542749887,1966.556392873151,1972.74609375,8100,0.0,0.0
2019-04-03 00:00:00+09:00,1984.2413705430893,2008.1159324881264,1962.135294668055,2007.231689453125,19800,0.0,0.0
2019-04-04 00:00:00+09:00,1967.4405687584724,1970.9775405674764,1918.8072063846673,1936.4920654296875,32800,0.0,0.0
2019-04-05 00:00:00+09:00,1940.913288835166,1961.2508768275163,1937.3763170104096,1952.408447265625,15100,0.0,0.0
2019-04-08 00:00:00+09:00,1945.3348239697177,1946.219067071522,1935.608149849869,1941.7978515625,9000,0.0,0.0
2019-04-09 00:00:00+09:00,1944.4503173828125,1955.0612331666205,1930.3024296710685,1944.4503173828125,18200,0.0,0.0
2019-04-10 00:00:00+09:00,1942.6820647468078,1942.6820647468078,1925.8814460712551,1934.723876953125,8000,0.0,0.0
2019-04-11 00:00:00+09:00,1922.3443069458008,1935.60795211792,1913.5018768310547,1924.11279296875,8300,0.0,0.0
2019-04-12 00:00:00+09:00,1920.576108215586,1921.4603513593315,1905.5439747719097,1912.617919921875,7500,0.0,0.0
2019-04-15 00:00:00+09:00,1940.0289954560662,2013.4211589122438,1930.3023231907896,1982.47265625,29500,0.0,0.0
2019-04-16 00:00:00+09:00,1973.6302468039771,2013.4211791992186,1943.565986772017,1945.33447265625,14400,0.0,0.0
2019-04-17 00:00:00+09:00,1945.334549637528,1975.3988108591989,1939.1448487977723,1963.0194091796875,7500,0.0,0.0
2019-04-18 00:00:00+09:00,1975.3988677879017,1975.3988677879017,1891.3957825417735,1898.4697265625,15100,0.0,0.0
2019-04-19 00:00:00+09:00,1891.3956207318554,1901.1222929282324,1873.710762192988,1875.479248046875,7700,0.0,0.0
2019-04-22 00:00:00+09:00,1875.4791975025953,1875.4791975025953,1817.1191658971397,1836.572509765625,23700,0.0,0.0
2019-04-23 00:00:00+09:00,1835.6883511518092,1858.6786676883926,1829.498650545806,1841.8780517578125,14800,0.0,0.0
2019-04-24 00:00:00+09:00,1849.836437805559,1850.720680844663,1811.8139871240871,1831.267333984375,19400,0.0,0.0
2019-04-25 00:00:00+09:00,1831.2673339843752,1837.4570352581031,1792.3606402637993,1831.267333984375,19600,0.0,0.0
2019-04-26 00:00:00+09:00,1830.3827194104092,1856.910005198966,1826.845747971935,1843.6463623046875,20400,0.0,0.0
2019-05-07 00:00:00+09:00,1976.283171753989,1976.283171753989,1833.9200439453125,1833.9200439453125,35200,0.0,0.0
2019-05-08 00:00:00+09:00,1832.1515426856886,1847.1836740687274,1807.392738054801,1830.383056640625,30100,0.0,0.0
2019-05-09 00:00:00+09:00,1830.3830918428532,1838.3412791986918,1783.51821074736,1802.9715576171875,38000,0.0,0.0
2019-05-10 00:00:00+09:00,1802.97146989411,1827.7302737965304,1795.0132829254749,1803.855712890625,33900,0.0,0.0
2019-05-13 00:00:00+09:00,1803.8557043027638,1805.6241902873744,1758.7593116951946,1759.6435546875,23400,0.0,0.0
2019-05-14 00:00:00+09:00,1726.0426339285714,1960.367069374817,1712.7789866391613,1887.859130859375,78500,0.0,0.0
2019-05-15 00:00:00+09:00,1901.1221365776255,1920.575479370513,1868.4051509714059,1909.080322265625,31300,0.0,0.0
2019-05-16 00:00:00+09:00,1904.6594234829686,1904.6594234829686,1851.6048434416603,1876.3636474609375,37100,0.0,0.0
2019-05-17 00:00:00+09:00,1899.3539735572772,1935.607936739702,1887.8588144994353,1920.5758056640625,31400,0.0,0.0
2019-05-20 00:00:00+09:00,1942.6819382096207,1949.755882454353,1920.575862444832,1940.9134521484375,15500,0.0,0.0
2019-05-21 00:00:00+09:00,1917.0388067012923,1925.8812366215013,1895.816974892791,1907.3121337890625,14400,0.0,0.0
2019-05-22 00:00:00+09:00,1924.9966936416238,1924.9966936416238,1862.215450991851,1909.080322265625,24600,0.0,0.0
2019-05-23 00:00:00+09:00,1909.0806466062204,1937.3764227486008,1902.8909455750747,1920.5758056640625,19600,0.0,0.0
2019-05-24 00:00:00+09:00,1924.1129091422122,1963.9038470610537,1901.1225894557704,1958.598388671875,23900,0.0,0.0
2019-05-27 00:00:00+09:00,1963.0195684254647,2009.0002069651605,1945.334707448659,1986.0098876953125,27600,0.0,0.0
2019-05-28 00:00:00+09:00,1986.009473945802,1988.6622025396744,1970.0931023825676,1975.3985595703125,20300,0.0,0.0
2019-05-29 00:00:00+09:00,1945.3345104902576,1965.672098554474,1916.1544928329035,1940.029052734375,28900,0.0,0.0
2019-05-30 00:00:00+09:00,1920.5759900151465,1947.1032826949138,1884.3220233527982,1906.4281005859375,44300,0.0,0.0
2019-05-31 00:00:00+09:00,1904.6594878941842,1945.3346673013953,1877.2479539458463,1940.9134521484375,23200,0.0,0.0
2019-06-03 00:00:00+09:00,1905.5436216633366,1951.524256617626,1868.4054165079492,1922.34423828125,21300,0.0,0.0
2019-06-04 00:00:00+09:00,1935.607936739702,1935.607936739702,1898.469730552828,1920.5758056640625,10900,0.0,0.0
2019-06-05 00:00:00+09:00,1963.0192279303863,1993.0834863761668,1940.9131555437828,1977.1671142578125,30200,0.0,0.0
2019-06-06 00:00:00+09:00,1977.1671643169902,2011.6526381132167,1974.5144355634343,1981.58837890625,13400,0.0,0.0
2019-06-07 00:00:00+09:00,2005.4629710230333,2068.244219234072,1986.009626506937,2051.443603515625,41300,0.0,0.0
2019-06-10 00:00:00+09:00,2054.981050265645,2075.318642415434,2042.601646348382,2070.01318359375,13400,0.0,0.0
2019-06-11 00:00:00+09:00,2076.2020747815145,2086.81298828125,2051.443276615466,2086.81298828125,22100,0.0,0.0
2019-06-12 00:00:00+09:00,2122.1835443037976,2134.562948312236,2094.77200685654,2095.65625,36500,0.0,0.0
2019-06-13 00:00:00+09:00,2095.655696254228,2176.121801047112,2077.0865951481783,2156.66845703125,53500,0.0,0.0
2019-06-14 00:00:00+09:00,2156.6688299493476,2187.617337144193,2110.688190688435,2172.585205078125,44000,0.0,0.0
2019-06-17 00:00:00+09:00,2162.858359178706,2172.585032094064,2111.572265625,2111.572265625,31700,0.0,0.0
2019-06-18 00:00:00+09:00,2100.96181274887,2111.5727309950767,2051.4441942665735,2054.096923828125,49800,0.0,0.0
2019-06-19 00:00:00+09:00,2061.1705529554833,2140.752427586969,2022.2638586912014,2108.919677734375,91600,0.0,0.0
2019-06-20 00:00:00+09:00,2100.076901222056,2114.2247877144996,2031.9901974771726,2106.2666015625,46800,0.0,0.0
2019-06-21 00:00:00+09:00,2106.26699976642,2109.803972058219,2085.045166015625,2085.045166015625,36400,0.0,0.0
2019-06-24 00:00:00+09:00,2086.8134531717815,2094.7716400694703,2065.591621444611,2067.360107421875,11600,0.0,0.0
2019-06-25 00:00:00+09:00,2067.3595804062766,2086.812921197097,2046.137754089018,2078.854736328125,27400,0.0,0.0
2019-06-26 00:00:00+09:00,2069.1284968595164,2072.66546864902,2042.6012084382405,2052.327880859375,18600,0.0,0.0
2019-06-27 00:00:00+09:00,2046.1386479702132,2081.5083739506836,2046.1386479702132,2077.087158203125,23700,0.0,0.0
2019-06-28 00:00:00+09:00,2076.2024581381283,2160.2055388549607,2076.2024581381283,2146.94189453125,80000,0.0,0.0
2019-07-01 00:00:00+09:00,2164.6266959688005,2190.269740978235,2132.793950439848,2189.385498046875,34900,0.0,0.0
2019-07-02 00:00:00+09:00,2179.658791528567,2216.796994061711,2179.658791528567,2188.501220703125,24000,0.0,0.0
2019-07-03 00:00:00+09:00,2164.6271715059056,2261.0096721979576,2127.488960230069,2245.9775390625,44200,0.0,0.0
2019-07-04 00:00:00+09:00,2261.0092220812103,2290.189239417417,2221.21828935002,2234.48193359375,27100,0.0,0.0
2019-07-05 00:00:00+09:00,2212.375757571068,2232.7133444712017,2194.6908993970383,2231.8291015625,23300,0.0,0.0
2019-07-08 00:00:00+09:00,2216.7972603209864,2227.408176604932,2207.954830084365,2214.14453125,26800,0.0,0.0
2019-07-09 00:00:00+09:00,2208.83932585812,2224.755702105296,2177.8908164886107,2201.765380859375,22100,0.0,0.0
2019-07-10 00:00:00+09:00,2175.237747684602,2205.3020092379666,2170.816532750284,2192.922607421875,32900,0.0,0.0
2019-07-11 00:00:00+09:00,2192.922325962892,2212.375669177079,2173.468982748705,2198.227783203125,44200,0.0,0.0
2019-07-12 00:00:00+09:00,2199.112474733701,2199.112474733701,2152.247592883727,2153.1318359375,14100,0.0,0.0
2019-07-16 00:00:00+09:00,2144.2893813542883,2144.2893813542883,2054.0965908808294,2083.276611328125,41000,0.0,0.0
2019-07-17 00:00:00+09:00,2083.27683064796,2086.8138031957496,2016.958595376909,2070.01318359375,44900,0.0,0.0
2019-07-18 00:00:00+09:00,2066.4759020931506,2066.4759020931506,1976.2831156089824,2005.463134765625,47100,0.0,0.0
2019-07-19 00:00:00+09:00,1997.5050160681099,2025.800793188154,1996.6207730331087,2007.231689453125,20800,0.0,0.0
2019-07-22 00:00:00+09:00,2008.1160439621722,2034.6433364847899,1997.505126953125,1997.505126953125,19000,0.0,0.0
2019-07-23 00:00:00+09:00,2000.1578303862382,2002.8105596042572,1975.3990243513954,1984.241455078125,24700,0.0,0.0
2019-07-24 00:00:00+09:00,2001.926434046496,2001.926434046496,1953.2930621946598,1968.3251953125,27900,0.0,0.0
2019-07-25 00:00:00+09:00,1970.0931710940993,1996.6204579580235,1968.324685303171,1977.1671142578125,21400,0.0,0.0
2019-07-26 00:00:00+09:00,1977.1673086620349,1986.0097384861049,1946.2188042777902,1972.74609375,25300,0.0,0.0
2019-07-29 00:00:00+09:00,1980.704508355467,2002.8105854576486,1960.36691742146,1997.505126953125,20500,0.0,0.0
2019-07-30 00:00:00+09:00,2002.810526176121,2036.4117623768682,2002.810526176121,2033.759033203125,16900,0.0,0.0
2019-07-31 00:00:00+09:00,2033.7589805031664,2035.527466573169,2007.231689453125,2007.231689453125,21500,0.0,0.0
2019-08-01 00:00:00+09:00,1986.893944785268,2010.7685048694702,1970.9775713958002,2006.3472900390625,8100,0.0,0.0
2019-08-02 00:00:00+09:00,1974.514656481112,1986.8940587161035,1894.932784970454,1905.543701171875,39000,0.0,0.0
2019-08-05 00:00:00+09:00,1905.5436622863392,1905.5436622863392,1840.1096803795228,1854.257568359375,23700,0.0,0.0
2019-08-06 00:00:00+09:00,1808.2769659022356,1863.1000328391249,1794.1290776604578,1855.141845703125,18500,0.0,0.0
2019-08-07 00:00:00+09:00,1855.1418034276921,1883.4375792664366,1835.6884575385552,1838.3411865234375,14500,0.0,0.0
2019-08-08 00:00:00+09:00,1864.868442567943,1886.974517041247,1849.8363119260962,1865.752685546875,21700,0.0,0.0
2019-08-09 00:00:00+09:00,1909.9649276099378,1924.112815962604,1885.206122992772,1915.2703857421875,49100,0.0,0.0
2019-08-13 00:00:00+09:00,1921.4600177046466,2076.20254098965,1909.9648588320463,2061.17041015625,75500,0.0,0.0
2019-08-14 00:00:00+09:00,2076.202575989279,2147.8262594028783,2076.202575989279,2118.646240234375,70700,0.0,0.0
2019-08-15 00:00:00+09:00,2061.170535231689,2113.340874819278,2046.1384034861126,2083.276611328125,30300,0.0,0.0
2019-08-16 00:00:00+09:00,2077.970725261552,2112.4561968722755,2024.9161535527464,2028.453125,35800,0.0,0.0
2019-08-19 00:00:00+09:00,2056.7492332409274,2100.9613835685486,2051.443775201613,2055.864990234375,24300,0.0,0.0
2019-08-20 00:00:00+09:00,2080.6237235136996,2117.7619285232936,2066.4758358909967,2116.877685546875,15100,0.0,0.0
2019-08-21 00:00:00+09:00,2095.6557375055827,2095.6557375055827,2041.7169189453125,2041.7169189453125,11000,0.0,0.0
2019-08-22 00:00:00+09:00,2043.4857298000693,2043.4857298000693,1969.2093121007158,1974.5147705078125,24700,0.0,0.0
2019-08-23 00:00:00+09:00,1990.4310148958214,1991.3152579055486,1919.691574117649,1930.302490234375,18700,0.0,0.0
2019-08-26 00:00:00+09:00,1930.302424070214,1932.955153008469,1875.4793593462775,1894.0484619140625,37700,0.0,0.0
2019-08-27 00:00:00+09:00,1922.3439876928644,1979.8197738934332,1922.3439876928644,1975.3985595703125,23500,0.0,0.0
2019-08-28 00:00:00+09:00,1975.398781746146,1975.398781746146,1920.575717973424,1921.4599609375,10700,0.0,0.0
2019-08-29 00:00:00+09:00,1910.8492251283458,1949.7559192077752,1875.4795032379552,1885.2061767578125,21300,0.0,0.0
2019-08-30 00:00:00+09:00,1907.312224086894,1964.7880212893272,1907.312224086894,1956.829833984375,33100,0.0,0.0
2019-09-02 00:00:00+09:00,1956.8298552016288,1956.8298552016288,1894.048599115178,1897.5855712890625,12700,0.0,0.0
2019-09-03 00:00:00+09:00,1911.7336313242297,1911.7336313242297,1876.3639064153633,1879.90087890625,15800,0.0,0.0
2019-09-04 00:00:00+09:00,1856.9101497826987,1880.7847088513333,1856.9101497826987,1869.28955078125,14500,0.0,0.0
2019-09-05 00:00:00+09:00,1882.5532843458625,1916.1545172275642,1876.3635835518648,1896.701171875,23000,0.0,0.0
2019-09-06 00:00:00+09:00,1914.3858168017737,1920.5755169022875,1902.890659472248,1903.77490234375,8700,0.0,0.0
2019-09-09 00:00:00+09:00,1915.2700884491755,1917.9228171035372,1906.427659601303,1917.03857421875,7200,0.0,0.0
2019-09-10 00:00:00+09:00,1917.039047607873,1928.5342079486952,1883.4378096885468,1913.5020751953125,28500,0.0,0.0
2019-09-11 00:00:00+09:00,1921.4601284280247,1945.3346905391877,1909.9649688930206,1932.071044921875,27200,0.0,0.0
2019-09-12 00:00:00+09:00,1951.5240946078518,1951.5240946078518,1919.691349974466,1927.6495361328125,27400,0.0,0.0
2019-09-13 00:00:00+09:00,1927.6497612051935,1939.1449203316465,1915.2703590690132,1930.302490234375,36300,0.0,0.0
2019-09-17 00:00:00+09:00,1922.3442800822827,1930.3024670743437,1904.659420099925,1910.84912109375,24400,0.0,0.0
2019-09-18 00:00:00+09:00,1910.8492793839862,1914.386251673452,1880.7850149235255,1883.437744140625,27100,0.0,0.0
2019-09-19 00:00:00+09:00,1884.3214861086083,1994.8518407606853,1884.3214861086083,1955.0609130859375,67200,0.0,0.0
2019-09-20 00:00:00+09:00,1951.5241104517227,1974.514426206931,1936.491980919471,1965.6719970703125,23100,0.0,0.0
2019-09-24 00:00:00+09:00,1975.3985769936114,2030.2216350838548,1975.3985769936114,2013.4210205078125,26400,0.0,0.0
2019-09-25 00:00:00+09:00,2018.726660383006,2032.874547621783,1994.8521006675696,1999.2733154296875,21000,0.0,0.0
2019-09-26 00:00:00+09:00,2031.9903613941087,2031.9903613941087,1954.1769794086076,1963.0194091796875,34100,0.0,0.0
2019-09-27 00:00:00+09:00,1980.0116104387398,1993.4263232465905,1963.9139550693192,1983.5888671875,26200,25.0,0.0
2019-09-30 00:00:00+09:00,1983.5884740759843,1993.4259281854684,1971.962391946594,1984.4827880859375,30500,0.0,0.0
2019-10-01 00:00:00+09:00,2016.678468928177,2064.077120304316,2013.1012122205436,2048.873779296875,33000,0.0,0.0
2019-10-02 00:00:00+09:00,2034.564351911454,2073.0198539475823,2034.564351911454,2062.2880859375,32500,0.0,0.0
2019-10-03 00:00:00+09:00,2017.572875483681,2020.2558181372497,1973.751478808725,1993.4263916015625,29400,0.0,0.0
2019-10-04 00:00:00+09:00,1987.1661234933792,1997.8978937372679,1950.4992418267598,1975.5400390625,26900,0.0,0.0
2019-10-07 00:00:00+09:00,1981.7998460560782,1998.791812245187,1971.0680779366407,1984.4827880859375,35900,0.0,0.0
2019-10-08 00:00:00+09:00,1988.0603477246223,2045.2964531022092,1988.0603477246223,2030.9874267578125,33400,0.0,0.0
2019-10-09 00:00:00+09:00,2015.7840862668909,2039.0362540765357,2014.8897721203662,2030.9874267578125,34100,0.0,0.0
2019-10-10 00:00:00+09:00,2031.8820795429635,2048.87405115886,2011.3128507447734,2039.930908203125,21000,0.0,0.0
2019-10-11 00:00:00+09:00,2030.9873737465591,2046.190713840655,2028.3044313770129,2040.8248291015625,20100,0.0,0.0
2019-10-15 00:00:00+09:00,2055.13377149099,2121.313013914982,2055.13377149099,2112.369873046875,34400,0.0,0.0
2019-10-16 00:00:00+09:00,2132.9391527155776,2168.7117171217087,2110.5812999617456,2118.630126953125,25400,0.0,0.0
2019-10-17 00:00:00+09:00,2118.6299366533985,2123.9958208323433,2107.0038542656844,2116.84130859375,16400,0.0,0.0
2019-10-18 00:00:00+09:00,2116.84130859375,2149.0366136674193,2112.3697384446295,2116.84130859375,23400,0.0,0.0
2019-10-21 00:00:00+09:00,2134.7274291889694,2143.670568816908,2117.735463895886,2130.255859375,11100,0.0,0.0
2019-10-23 00:00:00+09:00,2140.9881721047796,2140.9881721047796,2113.264432198661,2128.4677734375,18900,0.0,0.0
2019-10-24 00:00:00+09:00,2136.5166557705147,2146.354112117721,2115.94742886272,2134.72802734375,10600,0.0,0.0
2019-10-25 00:00:00+09:00,2134.72781021617,2143.6709514403683,2126.6789831143915,2133.83349609375,28300,0.0,0.0
2019-10-28 00:00:00+09:00,2133.8338218888216,2140.988335960536,2114.1589081916068,2123.10205078125,22400,0.0,0.0
2019-10-29 00:00:00+09:00,2141.882137391934,2167.8172446922954,2133.8333109883733,2156.191162109375,27900,0.0,0.0
2019-10-30 00:00:00+09:00,2165.1348191271004,2195.54150390625,2156.1916765449973,2195.54150390625,42600,0.0,0.0
2019-10-31 00:00:00+09:00,2204.4843742047537,2204.4843742047537,2178.549263919992,2196.435546875,13600,0.0,0.0
2019-11-01 00:00:00+09:00,2183.0208041897395,2183.915118325008,2157.0856942669607,2165.134521484375,17500,0.0,0.0
2019-11-05 00:00:00+09:00,2182.1265466897485,2210.7445997610894,2171.3947767879954,2187.492431640625,31900,0.0,0.0
2019-11-06 00:00:00+09:00,2180.3376447756923,2189.2807852382666,2166.0286200355727,2172.288818359375,26100,0.0,0.0
2019-11-07 00:00:00+09:00,2180.338161516675,2195.54150390625,2152.614419512156,2195.54150390625,22900,0.0,0.0
2019-11-08 00:00:00+09:00,2210.7442752140755,2230.4191838122592,2180.33759828961,2206.272705078125,64400,0.0,0.0
2019-11-11 00:00:00+09:00,2230.4193830818967,2306.4360821845275,2230.4193830818967,2256.3544921875,44900,0.0,0.0
2019-11-12 00:00:00+09:00,2249.200140604752,2274.240937398761,2208.9560029000945,2242.93994140625,58700,0.0,0.0
2019-11-13 00:00:00+09:00,2242.939666898039,2374.403833976991,2234.8908403421847,2365.460693359375,106900,0.0,0.0
2019-11-14 00:00:00+09:00,2360.0947284064623,2377.98100903099,2345.78570390684,2368.1435546875,30400,0.0,0.0
2019-11-15 00:00:00+09:00,2353.834583746693,2377.086749087656,2340.4198729730606,2366.35498046875,60300,0.0,0.0
2019-11-18 00:00:00+09:00,2343.997213413653,2395.8674302690483,2343.997213413653,2387.818603515625,83100,0.0,0.0
2019-11-19 00:00:00+09:00,2375.298823800738,2439.6894545664204,2369.0386235874075,2423.591796875,42000,0.0,0.0
2019-11-20 00:00:00+09:00,2405.7051306046833,2409.282387304467,2354.7292226327627,2379.77001953125,30200,0.0,0.0
2019-11-21 00:00:00+09:00,2352.9400194305736,2375.297868341924,2296.598240173969,2342.208251953125,86600,0.0,0.0
2019-11-22 00:00:00+09:00,2320.745279001635,2331.4770490779433,2280.5011412154795,2307.33056640625,82800,0.0,0.0
2019-11-25 00:00:00+09:00,2309.1191383317027,2326.1111072040117,2283.184027947652,2284.97265625,48200,0.0,0.0
2019-11-26 00:00:00+09:00,2307.330702454079,2362.7781844510378,2296.5989317449903,2343.103271484375,141600,0.0,0.0
2019-11-27 00:00:00+09:00,2330.582736043952,2343.1031344724306,2318.062337615473,2323.42822265625,34500,0.0,0.0
2019-11-28 00:00:00+09:00,2331.4768282997934,2331.4768282997934,2295.704264766233,2298.38720703125,26300,0.0,0.0
2019-11-29 00:00:00+09:00,2299.2814150288546,2330.5824066764662,2289.4439605110338,2310.01318359375,58300,0.0,0.0
2019-12-02 00:00:00+09:00,2316.2734914599837,2342.2086000516206,2308.2246646556823,2314.48486328125,60000,0.0,0.0
2019-12-03 00:00:00+09:00,2294.8101410775257,2320.7452517911843,2293.9158269149857,2308.224853515625,52000,0.0,0.0
2019-12-04 00:00:00+09:00,2284.9727126409207,2318.0623370509848,2284.9727126409207,2315.37939453125,46700,0.0,0.0
2019-12-05 00:00:00+09:00,2316.2738173579655,2344.8918722442413,2302.8591041300233,2319.85107421875,45900,0.0,0.0
2019-12-06 00:00:00+09:00,2298.3874815742925,2377.981444943986,2298.3874815742925,2369.9326171875,73200,0.0,0.0
2019-12-09 00:00:00+09:00,2387.8189571605008,2437.006239049575,2383.347386079676,2432.53466796875,34100,0.0,0.0
2019-12-10 00:00:00+09:00,2432.53466796875,2462.0470371021943,2432.53466796875,2432.53466796875,24700,0.0,0.0
2019-12-11 00:00:00+09:00,2435.2175840257337,2467.4128954561143,2435.2175840257337,2449.526611328125,35200,0.0,0.0
2019-12-12 00:00:00+09:00,2458.4694244339953,2459.3637385207303,2414.6480341839897,2436.111572265625,48500,0.0,0.0
2019-12-13 00:00:00+09:00,2468.307017217284,2485.2989858140695,2438.7946507070774,2439.68896484375,56800,0.0,0.0
2019-12-16 00:00:00+09:00,2472.7783149624497,2472.7783149624497,2433.4284972921614,2448.6318359375,55100,0.0,0.0
2019-12-17 00:00:00+09:00,2462.941139439174,2504.07958984375,2442.3719142368864,2504.07958984375,42700,0.0,0.0
2019-12-18 00:00:00+09:00,2511.234209408967,2511.234209408967,2438.7947610606316,2468.30712890625,19900,0.0,0.0
2019-12-19 00:00:00+09:00,2479.0388979588347,2491.5592964333746,2445.9492734189803,2452.20947265625,25600,0.0,0.0
2019-12-20 00:00:00+09:00,2464.7296800153968,2464.7296800153968,2442.3718273302065,2450.420654296875,56600,0.0,0.0
2019-12-23 00:00:00+09:00,2432.5344517503668,2464.729760670592,2431.6401376136937,2439.68896484375,33600,0.0,0.0
2019-12-24 00:00:00+09:00,2439.68918169807,2446.84369542739,2428.063096887925,2432.53466796875,13900,0.0,0.0
2019-12-25 00:00:00+09:00,2433.428982184915,2450.4209522920496,2422.6972115909352,2432.53466796875,38700,0.0,0.0
2019-12-26 00:00:00+09:00,2420.908420219027,2437.900389182515,2395.867623851782,2421.802734375,32600,0.0,0.0
2019-12-27 00:00:00+09:00,2423.5919355272495,2433.429393568135,2399.445447608712,2403.022705078125,25200,0.0,0.0
2019-12-30 00:00:00+09:00,2403.0222988353057,2445.9493812112246,2358.3065880270565,2432.53466796875,46000,0.0,0.0
2020-01-06 00:00:00+09:00,2382.452961503111,2388.71316072628,2364.566678008343,2371.72119140625,23400,0.0,0.0
2020-01-07 00:00:00+09:00,2369.932037791567,2444.1600978431516,2365.460467908941,2429.85107421875,28800,0.0,0.0
2020-01-08 00:00:00+09:00,2420.9080316409177,2420.9080316409177,2354.7287947212917,2386.02978515625,18500,0.0,0.0
2020-01-09 00:00:00+09:00,2427.168107875241,2449.52595706348,2411.964770427238,2438.794189453125,27100,0.0,0.0
2020-01-10 00:00:00+09:00,2459.3637682842714,2463.835338772061,2443.2661145282286,2451.31494140625,12500,0.0,0.0
2020-01-14 00:00:00+09:00,2463.8349559422954,2464.7292699008954,2436.1112232257033,2447.7373046875,19300,0.0,0.0
2020-01-15 00:00:00+09:00,2439.6894545664204,2444.1610261473706,2399.4453103378687,2423.591796875,16700,0.0,0.0
2020-01-16 00:00:00+09:00,2423.591166864174,2423.591166864174,2386.9242894319113,2387.818603515625,14400,0.0,0.0
2020-01-17 00:00:00+09:00,2411.070960107385,2411.070960107385,2359.20073915552,2373.509765625,16200,0.0,0.0
2020-01-20 00:00:00+09:00,2373.509872849552,2375.298501239039,2335.9486766703203,2345.7861328125,17900,0.0,0.0
2020-01-21 00:00:00+09:00,2333.265734821682,2361.8837890625,2333.265734821682,2361.8837890625,10700,0.0,0.0
2020-01-22 00:00:00+09:00,2361.8839517613583,2392.2906364867977,2357.4123804782053,2364.56689453125,15400,0.0,0.0
2020-01-23 00:00:00+09:00,2361.883788317885,2371.721244460065,2343.1031902282693,2345.7861328125,11000,0.0,0.0
2020-01-24 00:00:00+09:00,2352.046247480083,2352.046247480083,2299.2817118902253,2308.224853515625,21500,0.0,0.0
2020-01-27 00:00:00+09:00,2304.6477590228546,2304.6477590228546,2259.9320477496135,2278.712646484375,23500,0.0,0.0
2020-01-28 00:00:00+09:00,2249.199926892697,2278.712291738605,2225.947760650466,2266.19189453125,20000,0.0,0.0
2020-01-29 00:00:00+09:00,2266.1921104458434,2266.1921104458434,2230.419543587977,2250.98876953125,17400,0.0,0.0
2020-01-30 00:00:00+09:00,2249.2000051878667,2252.7772616573507,2204.484299319321,2247.411376953125,29900,0.0,0.0
2020-01-31 00:00:00+09:00,2288.5502120683777,2302.8592403579805,2251.8833270762702,2275.135498046875,28000,0.0,0.0
2020-02-03 00:00:00+09:00,2230.419518118777,2274.2409120192665,2208.9559782491497,2267.980712890625,18600,0.0,0.0
2020-02-04 00:00:00+09:00,2242.939409398321,2279.606281721021,2242.939409398321,2276.92333984375,11000,0.0,0.0
2020-02-05 00:00:00+09:00,2309.1191941821035,2312.6964508733226,2273.3466272699097,2299.28173828125,17500,0.0,0.0
2020-02-06 00:00:00+09:00,2343.102895251017,2383.3470289480765,2311.8019023755264,2363.672119140625,25400,0.0,0.0
2020-02-07 00:00:00+09:00,2383.346923828125,2386.029865956262,2357.41181658947,2383.346923828125,15800,0.0,0.0
2020-02-10 00:00:00+09:00,2338.631673114771,2347.574815268173,2314.485189300584,2335.94873046875,22100,0.0,0.0
2020-02-12 00:00:00+09:00,2346.680364503451,2348.468992830054,2298.3873996851635,2332.371337890625,18300,0.0,0.0
2020-02-13 00:00:00+09:00,2339.525392857143,2351.151474702381,2326.1106830357144,2347.57421875,13500,0.0,0.0
2020-02-14 00:00:00+09:00,2302.8589966666063,2338.6315636051168,2265.2978013811703,2323.42822265625,49400,0.0,0.0
2020-02-17 00:00:00+09:00,2299.2812477129683,2326.110667172863,2286.7608519650175,2291.232421875,25500,0.0,0.0
2020-02-18 00:00:00+09:00,2289.4442812377597,2305.5419363402125,2275.135254480024,2283.18408203125,20200,0.0,0.0
2020-02-19 00:00:00+09:00,2297.4928916088074,2318.95642971648,2274.2407253254955,2290.33837890625,14700,0.0,0.0
2020-02-20 00:00:00+09:00,2317.167804222506,2340.4199705327283,2305.5417210673954,2306.43603515625,19100,0.0,0.0
2020-02-21 00:00:00+09:00,2297.4930551323614,2305.5418824956123,2289.4442277691105,2293.021484375,24700,0.0,0.0
2020-02-25 00:00:00+09:00,2259.931824472989,2259.931824472989,2195.5412066011822,2205.378662109375,55900,0.0,0.0
2020-02-26 00:00:00+09:00,2191.0694201239226,2218.793155643858,2177.6547093884697,2204.484130859375,32300,0.0,0.0
2020-02-27 00:00:00+09:00,2199.118595746131,2200.0129099371625,2144.565430093218,2152.6142578125,45400,0.0,0.0
2020-02-28 00:00:00+09:00,2110.58121056676,2135.622004590434,2059.605308447139,2073.02001953125,61100,0.0,0.0
2020-03-02 00:00:00+09:00,2064.0774923147715,2189.2814996475563,2057.817291948132,2140.988525390625,44100,0.0,0.0
2020-03-03 00:00:00+09:00,2209.850197555128,2216.1103964150575,2135.6221253588205,2141.88232421875,39100,0.0,0.0
2020-03-04 00:00:00+09:00,2119.524354281491,2147.2480905611224,2079.2802209723486,2089.11767578125,48500,0.0,0.0
2020-03-05 00:00:00+09:00,2133.8332500016436,2164.2399266571574,2117.735597654607,2125.784423828125,39600,0.0,0.0
2020-03-06 00:00:00+09:00,2101.638205846151,2140.093713442485,2040.8248449961345,2060.499755859375,60800,0.0,0.0
2020-03-09 00:00:00+09:00,2105.215278587531,2123.1015596290563,1949.6046335262606,1977.328369140625,100900,0.0,0.0
2020-03-10 00:00:00+09:00,1947.8162265913472,2077.4917788667126,1903.1005189101868,2058.711181640625,59900,0.0,0.0
2020-03-11 00:00:00+09:00,2055.133977457861,2100.744000456273,2027.4102379882381,2032.776123046875,71200,0.0,0.0
2020-03-12 00:00:00+09:00,2008.6292663546712,2047.0847687826547,1940.6614015982354,1984.4827880859375,64400,0.0,0.0
2020-03-13 00:00:00+09:00,2029.1985580557662,2073.9142600843197,1936.1898978363745,2047.0848388671875,125800,0.0,0.0
2020-03-16 00:00:00+09:00,2092.6947549355996,2113.2639768858216,1972.8566792256124,1985.3770751953125,153000,0.0,0.0
2020-03-17 00:00:00+09:00,2017.5727595474966,2133.8336011880883,1963.9139095595315,2090.01220703125,115000,0.0,0.0
2020-03-18 00:00:00+09:00,2146.353646271561,2208.955627621148,2115.052655596767,2125.784423828125,70100,0.0,0.0
2020-03-19 00:00:00+09:00,2191.0695530842004,2267.9805659679723,2170.5003287083077,2191.9638671875,91900,0.0,0.0
2020-03-23 00:00:00+09:00,2235.7849970489565,2267.980301006461,2208.955577084369,2249.19970703125,147800,0.0,0.0
2020-03-24 00:00:00+09:00,2262.6144060760375,2276.923429987981,2183.9147745603495,2208.95556640625,73500,0.0,0.0
2020-03-25 00:00:00+09:00,2253.6715757747215,2278.712371061107,2193.7525299108697,2247.411376953125,103400,0.0,0.0
2020-03-26 00:00:00+09:00,2247.4116493283336,2391.3962396752745,2222.370851007127,2343.103271484375,64000,0.0,0.0
2020-03-27 00:00:00+09:00,2387.818751743862,2504.07958984375,2362.7779558454245,2504.07958984375,132300,0.0,0.0
2020-03-30 00:00:00+09:00,2430.0051541860325,2435.4252400318005,2247.5289307118396,2308.05322265625,85500,28.0,0.0
2020-03-31 00:00:00+09:00,2290.8896174779843,2336.056999526052,2277.3394028635644,2308.05322265625,25900,0.0,0.0
2020-04-01 00:00:00+09:00,2303.536246634159,2355.02705685304,2242.1086133905815,2259.272216796875,33500,0.0,0.0
2020-04-02 00:00:00+09:00,2243.0118819703775,2267.402264899576,2221.331541588868,2237.591796875,29000,0.0,0.0
2020-04-03 00:00:00+09:00,2303.5360555566285,2355.026861504365,2171.647324532602,2192.42431640625,35900,0.0,0.0
2020-04-06 00:00:00+09:00,2189.7146995436105,2249.335644333164,2140.030578885649,2226.751953125,34900,0.0,0.0
2020-04-07 00:00:00+09:00,2385.7409237638626,2385.7409237638626,2268.305740087489,2306.246337890625,45000,0.0,0.0
2020-04-08 00:00:00+09:00,2307.1496281346826,2361.350480792506,2303.536237957494,2332.443359375,28000,0.0,0.0
2020-04-09 00:00:00+09:00,2309.8600752931206,2341.477244880629,2281.856296515613,2327.023681640625,24100,0.0,0.0
2020-04-10 00:00:00+09:00,2303.5361600137308,2328.8298903981954,2257.465436813456,2302.6328125,29000,0.0,0.0
2020-04-13 00:00:00+09:00,2263.7891186670213,2301.7297184212175,2243.0121235635334,2253.852294921875,30800,0.0,0.0
2020-04-14 00:00:00+09:00,2240.3020507035603,2301.72968757769,2233.075269894839,2271.015869140625,25900,0.0,0.0
2020-04-15 00:00:00+09:00,2286.3726925639985,2338.7668514611587,2276.435869324882,2298.1162109375,32300,0.0,0.0
2020-04-16 00:00:00+09:00,2259.2722055677164,2363.1571730368437,2259.2722055677164,2356.833740234375,36900,0.0,0.0
2020-04-17 00:00:00+09:00,2385.74119603247,2402.904801759322,2317.0867731250605,2337.86376953125,35600,0.0,0.0
2020-04-20 00:00:00+09:00,2337.8635266212677,2358.6405208686747,2315.2798372219127,2329.7333984375,23100,0.0,0.0
2020-04-21 00:00:00+09:00,2325.216551038954,2360.4471048425744,2323.4098559721015,2341.476806640625,25800,0.0,0.0
2020-04-22 00:00:00+09:00,2319.796847630401,2328.830324451392,2280.952897300141,2320.7001953125,46000,0.0,0.0
2020-04-23 00:00:00+09:00,2323.410179636201,2347.8005664364255,2271.0160153986817,2338.76708984375,50400,0.0,0.0
2020-04-24 00:00:00+09:00,2348.703476458254,2378.513943659455,2327.0231366755625,2369.48046875,35100,0.0,0.0
2020-04-27 00:00:00+09:00,2369.4806067833533,2385.7408625676085,2336.960095214844,2348.70361328125,52200,0.0,0.0
2020-04-28 00:00:00+09:00,2348.7039081911794,2378.5143808720672,2340.5737792782097,2363.157470703125,23500,0.0,0.0
2020-04-30 00:00:00+09:00,2401.0979017730747,2402.904596958758,2367.674040837934,2392.9677734375,32500,0.0,0.0
2020-05-01 00:00:00+09:00,2392.9677748246627,2393.871122418028,2360.447261463512,2384.837646484375,34200,0.0,0.0
2020-05-07 00:00:00+09:00,2380.3205840773808,2380.3205840773808,2345.0900327380955,2371.287109375,36100,0.0,0.0
2020-05-08 00:00:00+09:00,2376.707387131911,2389.354252741887,2345.993570650541,2348.70361328125,101400,0.0,0.0
2020-05-11 00:00:00+09:00,2348.70361328125,2364.963869065505,2330.636662409856,2348.70361328125,38700,0.0,0.0
2020-05-12 00:00:00+09:00,2366.7706179426787,2387.5476119169844,2345.9936239683725,2355.027099609375,66600,0.0,0.0
2020-05-13 00:00:00+09:00,2341.4768319998084,2373.997343555361,2332.4433565677105,2356.833740234375,51600,0.0,0.0
2020-05-14 00:00:00+09:00,2429.1016771511654,2487.819270685872,2368.577388430776,2392.9677734375,102400,0.0,0.0
2020-05-15 00:00:00+09:00,2393.8714698164076,2446.265637835031,2377.6112107761455,2405.614990234375,79500,0.0,0.0
2020-05-18 00:00:00+09:00,2405.614527187063,2437.2316914572643,2385.7408810743646,2420.971435546875,45700,0.0,0.0
2020-05-19 00:00:00+09:00,2443.555576831037,2473.3660515206575,2402.9049295270083,2462.52587890625,47700,0.0,0.0
2020-05-20 00:00:00+09:00,2472.462316846003,2508.596219905499,2448.071932280843,2499.562744140625,46100,0.0,0.0
2020-05-21 00:00:00+09:00,2516.726292170064,2546.5367615317336,2476.978999687837,2509.49951171875,32300,0.0,0.0
2020-05-22 00:00:00+09:00,2510.4029333465887,2564.603788330682,2510.4029333465887,2555.5703125,41800,0.0,0.0
2020-05-25 00:00:00+09:00,2582.6705726607543,2616.997778593286,2564.603622169948,2585.380615234375,66500,0.0,0.0
2020-05-26 00:00:00+09:00,2636.871529721409,2655.841828496383,2588.090761442904,2622.41796875,69100,0.0,0.0
2020-05-27 00:00:00+09:00,2635.9680682861576,2696.492352239267,2629.64463563434,2674.81201171875,50800,0.0,0.0
2020-05-28 00:00:00+09:00,2710.0424267970843,2732.6261136870603,2672.101832821925,2695.5888671875,75400,0.0,0.0
2020-05-29 00:00:00+09:00,2650.4221890357235,2719.076615200248,2587.1878491473453,2688.36279296875,98800,0.0,0.0
2020-06-01 00:00:00+09:00,2710.0428322587354,2723.593046420029,2692.87922765443,2714.5595703125,31000,0.0,0.0
2020-06-02 00:00:00+09:00,2710.042535520868,2719.076010639271,2670.295244999895,2700.105712890625,42200,0.0,0.0
2020-06-03 00:00:00+09:00,2700.1059284572725,2719.076227720438,2677.5222388582656,2709.139404296875,46900,0.0,0.0
2020-06-04 00:00:00+09:00,2714.559591192948,2755.210233989515,2709.1395054867394,2746.1767578125,44800,0.0,0.0
2020-06-05 00:00:00+09:00,2755.2101616571413,2764.243637597001,2691.072482484139,2691.975830078125,87600,0.0,0.0
2020-06-08 00:00:00+09:00,2710.042535520868,2723.5927481984727,2682.9421101656594,2700.105712890625,113800,0.0,0.0
2020-06-09 00:00:00+09:00,2685.652601163509,2750.6936328768534,2685.652601163509,2741.66015625,55800,0.0,0.0
2020-06-10 00:00:00+09:00,2701.009085432214,2732.6262486396145,2693.7823052705226,2723.5927734375,45800,0.0,0.0
2020-06-11 00:00:00+09:00,2660.358396144331,2714.559246320446,2660.358396144331,2692.87890625,122500,0.0,0.0
2020-06-12 00:00:00+09:00,2647.71214589765,2714.5598766367925,2639.58201648343,2688.36279296875,74100,0.0,0.0
2020-06-15 00:00:00+09:00,2683.8458965372515,2714.559716962114,2669.392333984375,2669.392333984375,57500,0.0,0.0
2020-06-16 00:00:00+09:00,2714.5596315439107,2827.4780854350884,2696.4926789213223,2809.4111328125,64300,0.0,0.0
2020-06-17 00:00:00+09:00,2800.3776148745887,2850.06173384817,2741.6600197239927,2746.1767578125,42800,0.0,0.0
2020-06-18 00:00:00+09:00,2764.243352716619,2782.310302734375,2741.6596651944246,2782.310302734375,25900,0.0,0.0
2020-06-19 00:00:00+09:00,2755.2100688228825,2786.8272335470797,2741.6598553696554,2759.726806640625,43500,0.0,0.0
2020-06-22 00:00:00+09:00,2755.2098777077413,2791.3437777432528,2750.6931402033024,2782.310302734375,30300,0.0,0.0
2020-06-23 00:00:00+09:00,2782.3101662340255,2845.5444881938897,2773.2766916683304,2827.4775390625,65000,0.0,0.0
2020-06-24 00:00:00+09:00,2813.927829140111,2813.927829140111,2714.559591192948,2746.1767578125,44400,0.0,0.0
2020-06-25 00:00:00+09:00,2746.1766787190086,2791.3440583032025,2728.109726885331,2732.62646484375,25500,0.0,0.0
2020-06-26 00:00:00+09:00,2750.69354536794,2782.310712556077,2719.0763781798023,2768.760498046875,17800,0.0,0.0
2020-06-29 00:00:00+09:00,2755.210205078125,2759.7269431192367,2732.6265148725665,2755.210205078125,21500,0.0,0.0
2020-06-30 00:00:00+09:00,2768.7605181294102,2818.4446383568547,2759.7270417244204,2800.377685546875,36100,0.0,0.0
2020-07-01 00:00:00+09:00,2818.4443407012195,2827.477816152185,2777.793701171875,2777.793701171875,32900,0.0,0.0
2020-07-02 00:00:00+09:00,2795.860828683501,2795.860828683501,2691.072506833005,2707.332763671875,44600,0.0,0.0
2020-07-03 00:00:00+09:00,2707.3326831079175,2719.0762015865303,2686.5556888765254,2701.91259765625,24400,0.0,0.0
2020-07-06 00:00:00+09:00,2701.9133266601566,2719.0769352213542,2701.9133266601566,2710.04345703125,10900,0.0,0.0
2020-07-07 00:00:00+09:00,2700.1058730014533,2723.592909702035,2691.9757449127906,2719.076171875,22700,0.0,0.0
2020-07-08 00:00:00+09:00,2728.109458864475,2737.142933893828,2688.362168735324,2692.87890625,20700,0.0,0.0
2020-07-09 00:00:00+09:00,2692.8792049719127,2719.0762854630852,2690.169162162481,2691.072509765625,18900,0.0,0.0
2020-07-10 00:00:00+09:00,2691.072511245265,2704.6227252998738,2682.9423828125,2682.9423828125,42900,0.0,0.0
2020-07-13 00:00:00+09:00,2710.04345703125,2741.6606306966146,2687.4597615559896,2710.04345703125,35600,0.0,0.0
2020-07-14 00:00:00+09:00,2691.9758544351644,2732.6264965323394,2691.072506833005,2707.332763671875,37900,0.0,0.0
2020-07-15 00:00:00+09:00,2714.559434047965,2737.1431231831393,2693.7824400436043,2719.076171875,33100,0.0,0.0
2020-07-16 00:00:00+09:00,2741.65961607966,2741.65961607966,2692.8788519055897,2694.685546875,8400,0.0,0.0
2020-07-17 00:00:00+09:00,2714.5591368299833,2714.5591368299833,2684.748670435511,2696.4921875,23300,0.0,0.0
2020-07-20 00:00:00+09:00,2697.3960489514593,2710.0429158922902,2686.5558772878903,2703.719482421875,10600,0.0,0.0
2020-07-21 00:00:00+09:00,2701.0092924534306,2777.7938375566214,2701.0092924534306,2773.277099609375,17700,0.0,0.0
2020-07-22 00:00:00+09:00,2759.726593611146,2759.726593611146,2689.265489093415,2693.7822265625,21200,0.0,0.0
2020-07-27 00:00:00+09:00,2693.7821709437085,2728.109375,2693.7821709437085,2728.109375,12900,0.0,0.0
2020-07-28 00:00:00+09:00,2728.1099514658235,2737.1434281263064,2693.782740155989,2701.009521484375,29400,0.0,0.0
2020-07-29 00:00:00+09:00,2692.8789903879247,2701.0091181683642,2664.875216921965,2665.778564453125,20900,0.0,0.0
2020-07-30 00:00:00+09:00,2665.778768514779,2668.488811315709,2586.2841796875,2586.2841796875,29200,0.0,0.0
2020-07-31 00:00:00+09:00,2600.7375603191754,2600.7375603191754,2458.9119969394915,2495.0458984375,19300,0.0,0.0
2020-08-03 00:00:00+09:00,2458.91222516429,2592.607673115912,2393.8711964310683,2422.7783203125,35800,0.0,0.0
2020-08-04 00:00:00+09:00,2422.7780729382243,2455.298583984375,2379.4173915433566,2455.298583984375,26000,0.0,0.0
2020-08-05 00:00:00+09:00,2412.841639058815,2425.488506504275,2393.871337890625,2393.871337890625,22700,0.0,0.0
2020-08-06 00:00:00+09:00,2393.87141059594,2423.681884765625,2385.741281276935,2423.681884765625,35700,0.0,0.0
2020-08-07 00:00:00+09:00,2439.0381682320926,2453.491727747542,2382.1272776400106,2411.937744140625,22000,0.0,0.0
2020-08-11 00:00:00+09:00,2409.2281043691646,2438.135228231112,2393.871194817505,2430.908447265625,24200,0.0,0.0
2020-08-12 00:00:00+09:00,2458.912183747795,2514.9197353247105,2438.135188807972,2496.852783203125,34900,0.0,0.0
2020-08-13 00:00:00+09:00,2542.0201286560273,2553.7636473740545,2487.819273034364,2538.40673828125,34100,0.0,0.0
2020-08-14 00:00:00+09:00,2561.8941423956153,2614.2883103289532,2561.8941423956153,2590.80126953125,28700,0.0,0.0
2020-08-17 00:00:00+09:00,2611.5779139646384,2622.4180851744536,2566.4105339237417,2578.154052734375,16600,0.0,0.0
2020-08-18 00:00:00+09:00,2586.284247616193,2586.284247616193,2490.5293994683357,2519.4365234375,15900,0.0,0.0
2020-08-19 00:00:00+09:00,2495.0455996144033,2495.948947043663,2456.20166015625,2456.20166015625,12300,0.0,0.0
2020-08-20 00:00:00+09:00,2456.202493528847,2465.2359708864374,2395.678195232991,2396.58154296875,17700,0.0,0.0
2020-08-21 00:00:00+09:00,2395.6775977441625,2413.7445479533944,2389.3541651709315,2408.324462890625,19200,0.0,0.0
2020-08-24 00:00:00+09:00,2421.8752492746376,2425.4886401724734,2388.4513834696536,2405.614990234375,12100,0.0,0.0
2020-08-25 00:00:00+09:00,2422.7778865081546,2425.487928886799,2393.8707678026135,2412.841064453125,15600,0.0,0.0
2020-08-26 00:00:00+09:00,2402.9050071347683,2476.9795223923065,2388.451443182078,2467.946044921875,19800,0.0,0.0
2020-08-27 00:00:00+09:00,2460.7189429323994,2467.0423763393474,2417.358256713326,2446.265380859375,9400,0.0,0.0
2020-08-28 00:00:00+09:00,2446.2651136243667,2477.882277205184,2390.2575667097763,2406.517822265625,28500,0.0,0.0
2020-08-31 00:00:00+09:00,2430.9080957873116,2430.9080957873116,2402.9043235950385,2410.131103515625,20700,0.0,0.0
2020-09-01 00:00:00+09:00,2419.16501752068,2429.1018417151267,2392.064587899463,2395.677978515625,23500,0.0,0.0
2020-09-02 00:00:00+09:00,2421.874916685765,2435.42513069184,2395.6778362740206,2432.715087890625,14100,0.0,0.0
2020-09-03 00:00:00+09:00,2458.009189000365,2477.8828391870643,2396.58154296875,2396.58154296875,18200,0.0,0.0
2020-09-04 00:00:00+09:00,2394.774142216029,2420.0678713680654,2382.1272776400106,2411.937744140625,33400,0.0,0.0
2020-09-07 00:00:00+09:00,2402.001220703125,2430.00499574705,2387.5476593901312,2402.001220703125,12900,0.0,0.0
2020-09-08 00:00:00+09:00,2428.1985890815195,2458.009062831404,2393.871376884683,2448.9755859375,16100,0.0,0.0
2020-09-09 00:00:00+09:00,2449.878660763506,2464.33222218394,2411.0347144460907,2458.0087890625,23800,0.0,0.0
2020-09-10 00:00:00+09:00,2458.008681104882,2470.6555467923013,2431.8116021809415,2453.491943359375,20600,0.0,0.0
2020-09-11 00:00:00+09:00,2478.7857486603925,2514.919651702089,2453.492016531205,2507.69287109375,26300,0.0,0.0
2020-09-14 00:00:00+09:00,2545.6334381756533,2545.6334381756533,2495.9493221005428,2532.986572265625,17000,0.0,0.0
2020-09-15 00:00:00+09:00,2549.2469738618825,2549.2469738618825,2465.235645524124,2487.8193359375,21900,0.0,0.0
2020-09-16 00:00:00+09:00,2487.8195391417653,2542.9237482512963,2487.8195391417653,2537.503662109375,16000,0.0,0.0
2020-09-17 00:00:00+09:00,2537.5033112281976,2544.7300917514535,2495.0459756540695,2524.8564453125,30400,0.0,0.0
2020-09-18 00:00:00+09:00,2564.603843103334,2568.217233512779,2532.083329418332,2553.763671875,29000,0.0,0.0
2020-09-23 00:00:00+09:00,2536.5995815445744,2553.7631827017494,2435.4246694601757,2472.4619140625,24200,0.0,0.0
2020-09-24 00:00:00+09:00,2491.4328435271,2589.8977383583015,2472.462542688061,2564.60400390625,46600,0.0,0.0
2020-09-25 00:00:00+09:00,2601.6410948001417,2615.191308835559,2544.7301958513885,2553.763671875,31900,0.0,0.0
2020-09-28 00:00:00+09:00,2598.9309310913086,2650.4217420305527,2588.090760367257,2630.548095703125,47900,0.0,0.0
2020-09-29 00:00:00+09:00,2610.502446365628,2610.502446365628,2553.098727649735,2556.743408203125,25900,25.0,0.0
2020-09-30 00:00:00+09:00,2556.743299005682,2579.5225514914773,2505.7177734375,2505.7177734375,19500,0.0,0.0
2020-10-02 00:00:00+09:00,2482.027438614026,2498.428500983722,2457.4258450594816,2485.672119140625,24900,0.0,0.0
2020-10-05 00:00:00+09:00,2478.3824243012423,2530.319114810496,2469.2707242118995,2493.872314453125,17600,0.0,0.0
2020-10-06 00:00:00+09:00,2470.182169611297,2492.0502522637025,2462.892808727162,2481.1162109375,11300,0.0,0.0
2020-10-07 00:00:00+09:00,2485.67223122133,2491.1392522577407,2466.537657593893,2482.938720703125,14700,0.0,0.0
2020-10-08 00:00:00+09:00,2482.0276450565684,2503.8957300350403,2473.8271131896413,2486.58349609375,16400,0.0,0.0
2020-10-09 00:00:00+09:00,2490.228139487466,2496.6063308436355,2466.537714450263,2487.49462890625,28800,0.0,0.0
2020-10-12 00:00:00+09:00,2469.2711681120986,2502.9844645032967,2469.2711681120986,2482.938720703125,12100,0.0,0.0
2020-10-13 00:00:00+09:00,2482.9385780292932,2510.273681640625,2473.826876825516,2510.273681640625,11900,0.0,0.0
2020-10-14 00:00:00+09:00,2494.7837625952534,2499.339613147838,2468.3598293902633,2481.1162109375,10200,0.0,0.0
2020-10-15 00:00:00+09:00,2481.1162176871135,2508.4513210769824,2468.3598361051745,2504.806640625,17900,0.0,0.0
2020-10-16 00:00:00+09:00,2472.0043738780532,2488.405434965339,2454.6921427303632,2466.537353515625,14100,0.0,0.0
2020-10-19 00:00:00+09:00,2475.6488514346383,2518.473840767516,2473.8265114630262,2477.47119140625,13300,0.0,0.0
2020-10-20 00:00:00+09:00,2477.4716019736084,2488.405643615272,2449.225327732644,2467.44873046875,19300,0.0,0.0
2020-10-21 00:00:00+09:00,2487.4944187439596,2489.3167589774716,2469.271016408839,2474.738037109375,16100,0.0,0.0
2020-10-22 00:00:00+09:00,2467.448321562385,2490.2275712075325,2434.6462020733725,2477.47119140625,21500,0.0,0.0
2020-10-23 00:00:00+09:00,2459.2486111911903,2496.606593058118,2441.936375691882,2469.271484375,20200,0.0,0.0
2020-10-26 00:00:00+09:00,2469.270778749047,2540.342041015625,2469.270778749047,2540.342041015625,27100,0.0,0.0
2020-10-27 00:00:00+09:00,2542.16489681157,2542.16489681157,2448.3143647787415,2480.205322265625,24600,0.0,0.0
2020-10-28 00:00:00+09:00,2479.294152051714,2492.9617052603785,2462.893088201317,2480.205322265625,20800,0.0,0.0
2020-10-29 00:00:00+09:00,2478.3828775099496,2529.4084073410368,2472.0046862810636,2518.474365234375,20800,0.0,0.0
2020-10-30 00:00:00+09:00,2532.141737126446,2532.141737126446,2461.9816386166453,2481.1162109375,27600,0.0,0.0
2020-11-02 00:00:00+09:00,2499.3396539719492,2521.207736981547,2463.804019081353,2492.05029296875,22100,0.0,0.0
2020-11-04 00:00:00+09:00,2519.3855153969703,2525.7637065751906,2492.050410347455,2513.00732421875,16300,0.0,0.0
2020-11-05 00:00:00+09:00,2505.718014564043,2586.8121612172067,2500.250993441358,2583.16748046875,28300,0.0,0.0
2020-11-06 00:00:00+09:00,2583.167600168765,2638.748984158287,2578.611749022083,2627.81494140625,21000,0.0,0.0
2020-11-09 00:00:00+09:00,2669.7283737595017,2711.6421980574323,2651.5049718908363,2697.0634765625,28000,0.0,0.0
2020-11-10 00:00:00+09:00,2742.6220670540333,2756.2896188832065,2697.0635609567903,2730.77685546875,34200,0.0,0.0
2020-11-11 00:00:00+09:00,2751.7335846807628,2756.2894349865255,2677.0176396662523,2747.177734375,34700,0.0,0.0
2020-11-12 00:00:00+09:00,2702.530450712623,2783.6245876355574,2656.971946823334,2728.043212890625,21100,0.0,0.0
2020-11-13 00:00:00+09:00,2716.1977784468104,2716.1977784468104,2612.3243981237856,2637.837158203125,35600,0.0,0.0
2020-11-16 00:00:00+09:00,2683.396325395772,2717.1096238812197,2625.081430718241,2627.81494140625,34600,0.0,0.0
2020-11-17 00:00:00+09:00,2660.616764175929,2668.817295298389,2598.6571956951198,2623.2587890625,20600,0.0,0.0
2020-11-18 00:00:00+09:00,2623.259137251673,2625.0814777429905,2554.0101985816045,2561.299560546875,32800,0.0,0.0
2020-11-19 00:00:00+09:00,2561.299560546875,2581.3453059513686,2500.251154087736,2561.299560546875,18000,0.0,0.0
2020-11-20 00:00:00+09:00,2542.1648543920273,2589.545704724782,2542.1648543920273,2558.56591796875,11700,0.0,0.0
2020-11-24 00:00:00+09:00,2605.035370198394,2631.4593036491647,2558.5656941297975,2564.03271484375,23100,0.0,0.0
2020-11-25 00:00:00+09:00,2581.344692323266,2595.0122427591464,2539.4308709865663,2540.342041015625,28300,0.0,0.0
2020-11-26 00:00:00+09:00,2529.407810392311,2554.009399326242,2497.5168617742524,2533.052490234375,17500,0.0,0.0
2020-11-27 00:00:00+09:00,2533.0532583152567,2554.0101737617497,2507.5404916847433,2520.296875,22000,0.0,0.0
2020-11-30 00:00:00+09:00,2524.852358482941,2527.5858687952646,2421.89013671875,2421.89013671875,39800,0.0,0.0
2020-12-01 00:00:00+09:00,2478.38281535858,2501.162069176214,2457.425901846357,2490.22802734375,38800,0.0,0.0
2020-12-02 00:00:00+09:00,2507.540422335073,2507.540422335073,2436.469145829936,2444.669677734375,41000,0.0,0.0
2020-12-03 00:00:00+09:00,2451.959023936078,2500.2510448460043,2433.7356198191246,2462.89306640625,27600,0.0,0.0
2020-12-04 00:00:00+09:00,2462.89277426199,2478.382665924015,2425.5348002535766,2428.268310546875,18200,0.0,0.0
2020-12-07 00:00:00+09:00,2428.2685767911407,2489.3169800350456,2424.62389600046,2445.580810546875,26200,0.0,0.0
2020-12-08 00:00:00+09:00,2440.1131644870925,2504.8062319548235,2440.1131644870925,2472.915283203125,15100,0.0,0.0
2020-12-09 00:00:00+09:00,2452.869876747343,2483.849659737465,2451.0475365714533,2464.715087890625,20100,0.0,0.0
2020-12-10 00:00:00+09:00,2452.869617743478,2495.6946073548984,2452.869617743478,2471.093017578125,14100,0.0,0.0
2020-12-11 00:00:00+09:00,2475.649139938132,2510.2736034337704,2475.649139938132,2500.250732421875,14100,0.0,0.0
2020-12-14 00:00:00+09:00,2501.161860073394,2558.565574894751,2501.161860073394,2543.07568359375,18600,0.0,0.0
2020-12-15 00:00:00+09:00,2543.0758133694976,2543.0758133694976,2461.0705022970305,2468.35986328125,27900,0.0,0.0
2020-12-16 00:00:00+09:00,2469.270809953384,2488.4053808054214,2460.159109547652,2473.82666015625,13600,0.0,0.0
2020-12-17 00:00:00+09:00,2466.5375060585707,2512.096011896372,2463.803995708303,2474.738037109375,14600,0.0,0.0
2020-12-18 00:00:00+09:00,2474.7380303932387,2482.938561421788,2451.047607421875,2451.047607421875,30200,0.0,0.0
2020-12-21 00:00:00+09:00,2451.959041516222,2478.3829776752596,2420.0680840829004,2456.514892578125,31800,0.0,0.0
2020-12-22 00:00:00+09:00,2452.869968693431,2454.692308937631,2388.1768900243246,2390.910400390625,28000,0.0,0.0
2020-12-23 00:00:00+09:00,2390.9102061419985,2431.912858305257,2381.7985056612742,2425.53466796875,26800,0.0,0.0
2020-12-24 00:00:00+09:00,2403.6671419715735,2447.4033143804572,2396.3777799034265,2400.0224609375,44000,0.0,0.0
2020-12-25 00:00:00+09:00,2406.40015823592,2441.935791015625,2406.40015823592,2441.935791015625,16600,0.0,0.0
2020-12-28 00:00:00+09:00,2441.936375691882,2486.5837198743084,2429.1799916397604,2469.271484375,40800,0.0,0.0
2020-12-29 00:00:00+09:00,2472.0042549714613,2499.33935546875,2460.1590447559697,2499.33935546875,23400,0.0,0.0
2020-12-30 00:00:00+09:00,2499.339896757755,2509.3627691107754,2451.047875420474,2480.205322265625,26900,0.0,0.0
2021-01-04 00:00:00+09:00,2505.717949313034,2505.717949313034,2434.6466765688824,2453.78125,25000,0.0,0.0
2021-01-05 00:00:00+09:00,2452.8697944592736,2471.0931956068166,2435.557563369108,2442.846923828125,25200,0.0,0.0
2021-01-06 00:00:00+09:00,2446.491763489938,2492.0502693277394,2434.6465519721096,2474.738037109375,20200,0.0,0.0
2021-01-07 00:00:00+09:00,2504.806588865016,2509.362439335851,2451.0475533091644,2458.3369140625,50000,0.0,0.0
2021-01-08 00:00:00+09:00,2458.337145777073,2493.8727827990547,2453.781294876819,2488.40576171875,34600,0.0,0.0
2021-01-12 00:00:00+09:00,2478.3827505407353,2528.4971076288753,2460.15934796323,2527.5859375,34200,0.0,0.0
2021-01-13 00:00:00+09:00,2521.207695800243,2521.207695800243,2472.004509832331,2481.1162109375,23800,0.0,0.0
2021-01-14 00:00:00+09:00,2491.139139930524,2499.339671115372,2464.71520611268,2485.672119140625,33100,0.0,0.0
2021-01-15 00:00:00+09:00,2485.6717212785034,2499.3392710655917,2468.359491548191,2477.47119140625,27600,0.0,0.0
2021-01-18 00:00:00+09:00,2516.651922115834,2558.56574847982,2491.139158242104,2556.743408203125,30900,0.0,0.0
2021-01-19 00:00:00+09:00,2556.7433167045956,2567.6773579734677,2533.052893955373,2564.94384765625,32500,0.0,0.0
2021-01-20 00:00:00+09:00,2538.5197330369474,2538.5197330369474,2469.270809953384,2473.82666015625,58100,0.0,0.0
2021-01-21 00:00:00+09:00,2465.6265988430496,2497.517556329933,2460.159577559584,2480.205322265625,36700,0.0,0.0
2021-01-22 00:00:00+09:00,2478.3828775099496,2543.987130149919,2474.738196807729,2518.474365234375,43600,0.0,0.0
2021-01-25 00:00:00+09:00,2518.473857148207,2533.0525770159247,2468.3595076029283,2471.093017578125,62000,0.0,0.0
2021-01-26 00:00:00+09:00,2478.382889738191,2511.18501622002,2468.3600177576322,2488.40576171875,71200,0.0,0.0
2021-01-27 00:00:00+09:00,2478.3827274274045,2510.273681640625,2457.425814658717,2510.273681640625,75800,0.0,0.0
2021-01-28 00:00:00+09:00,2496.606151931988,2624.1699699139144,2496.606151931988,2593.190185546875,231900,0.0,0.0
2021-01-29 00:00:00+09:00,2591.3678933323017,2591.3678933323017,2478.382795310781,2484.760986328125,43200,0.0,0.0
2021-02-01 00:00:00+09:00,2479.2934729534645,2494.783362347147,2460.1589037024455,2472.915283203125,35000,0.0,0.0
2021-02-02 00:00:00+09:00,2492.961429156057,2513.0071716419607,2457.425794749227,2504.806640625,30700,0.0,0.0
2021-02-03 00:00:00+09:00,2522.1188831806885,2522.1188831806885,2472.0045267591067,2474.738037109375,38800,0.0,0.0
2021-02-04 00:00:00+09:00,2478.382700605949,2488.405571821635,2464.7151489481957,2481.1162109375,35000,0.0,0.0
2021-02-05 00:00:00+09:00,2482.938895291034,2525.7638964208245,2479.2942143438177,2520.296875,24300,0.0,0.0
2021-02-08 00:00:00+09:00,2532.1420618684097,2596.8351480118627,2531.230891641037,2592.279296875,29200,0.0,0.0
2021-02-09 00:00:00+09:00,2592.278796237593,2623.2585779852475,2553.098484027323,2610.502197265625,19500,0.0,0.0
2021-02-10 00:00:00+09:00,2653.3274428679615,2653.3274428679615,2554.92106792643,2556.743408203125,23700,0.0,0.0
2021-02-12 00:00:00+09:00,2693.41884687282,2693.41884687282,2599.568325483138,2612.32470703125,23400,0.0,0.0
2021-02-15 00:00:00+09:00,2648.7714136895215,2666.0836451515443,2615.9692909193727,2662.43896484375,22100,0.0,0.0
2021-02-16 00:00:00+09:00,2669.728462128729,2669.728462128729,2608.6800638479694,2611.41357421875,12600,0.0,0.0
2021-02-17 00:00:00+09:00,2596.834767281946,2602.301787844645,2574.0555149373677,2577.7001953125,12400,0.0,0.0
2021-02-18 00:00:00+09:00,2576.7891244592647,2576.7891244592647,2510.2737050513697,2527.5859375,20800,0.0,0.0
2021-02-19 00:00:00+09:00,2500.250867583786,2530.319482244962,2500.250867583786,2514.82958984375,18100,0.0,0.0
2021-02-22 00:00:00+09:00,2539.4306799579867,2557.654079168306,2524.8519605897313,2533.052490234375,10600,0.0,0.0
2021-02-24 00:00:00+09:00,2487.4948901637454,2507.5406365313656,2469.271484375,2469.271484375,35900,0.0,0.0
2021-02-25 00:00:00+09:00,2478.382829777921,2505.717934518119,2466.5376177238354,2472.004638671875,41500,0.0,0.0
2021-02-26 00:00:00+09:00,2478.382789360422,2491.139171364483,2456.514705924889,2461.070556640625,57100,0.0,0.0
2021-03-01 00:00:00+09:00,2503.8951665406585,2547.631326654906,2490.227616504956,2542.164306640625,35300,0.0,0.0
2021-03-02 00:00:00+09:00,2573.1444407030967,2573.1444407030967,2500.2508304848784,2515.74072265625,26900,0.0,0.0
2021-03-03 00:00:00+09:00,2502.984452367261,2527.5860469118247,2492.9615805157723,2513.00732421875,19800,0.0,0.0
2021-03-04 00:00:00+09:00,2495.6949597145813,2523.941233446291,2489.3167688719373,2510.273681640625,17300,0.0,0.0
2021-03-05 00:00:00+09:00,2537.609279831021,2537.609279831021,2485.6725728470465,2522.119384765625,49900,0.0,0.0
2021-03-08 00:00:00+09:00,2530.319534441031,2532.1418747611183,2481.1163457986777,2495.695068359375,45800,0.0,0.0
2021-03-09 00:00:00+09:00,2513.9185415113807,2563.1217315228396,2503.8956694720096,2559.47705078125,30500,0.0,0.0
2021-03-10 00:00:00+09:00,2575.877912716539,2602.3018460270378,2572.2332322599186,2582.256103515625,60300,0.0,0.0
2021-03-11 00:00:00+09:00,2596.8349064372483,2613.2359690042204,2578.611503585057,2604.124267578125,39700,0.0,0.0
2021-03-12 00:00:00+09:00,2604.1243971921085,2605.94673756803,2587.723333808813,2595.0126953125,86900,0.0,0.0
2021-03-15 00:00:00+09:00,2630.5483172899635,2706.1754424493215,2605.9467223586057,2702.53076171875,95000,0.0,0.0
2021-03-16 00:00:00+09:00,2678.8402486900727,2731.6881175417816,2678.8402486900727,2722.576416015625,32300,0.0,0.0
2021-03-17 00:00:00+09:00,2730.776673274254,2769.9569859038143,2717.109122356965,2747.177734375,47200,0.0,0.0
2021-03-18 00:00:00+09:00,2779.0688752335964,2779.0688752335964,2720.753987359842,2742.6220703125,44600,0.0,0.0
2021-03-19 00:00:00+09:00,2742.6222171394716,2765.4014714346495,2698.886048892729,2727.13232421875,97900,0.0,0.0
2021-03-22 00:00:00+09:00,2732.599493211316,2732.599493211316,2701.6197056924143,2711.642578125,47300,0.0,0.0
2021-03-23 00:00:00+09:00,2730.7767700195313,2742.6219812341637,2697.0634765625,2697.0634765625,42000,0.0,0.0
2021-03-24 00:00:00+09:00,2696.1523296407377,2696.1523296407377,2646.0379740712074,2648.771484375,29500,0.0,0.0
2021-03-25 00:00:00+09:00,2648.7713068786165,2685.2181084868535,2648.7713068786165,2677.017578125,44400,0.0,0.0
2021-03-26 00:00:00+09:00,2711.642293459008,2732.599206345284,2679.751339066849,2700.708251953125,91200,0.0,0.0
2021-03-29 00:00:00+09:00,2720.7537945121694,2728.9543250381607,2691.5963526419787,2723.4873046875,150900,0.0,0.0
2021-03-30 00:00:00+09:00,2631.6020167474217,2673.8693675750687,2572.795267769826,2583.821533203125,96500,25.0,0.0
2021-03-31 00:00:00+09:00,2559.0123367033343,2566.3631800403637,2523.1769754353163,2537.878662109375,42700,0.0,0.0
2021-04-01 00:00:00+09:00,2554.4179563210228,2561.7687993607956,2525.9334395419037,2526.852294921875,25000,0.0,0.0
2021-04-02 00:00:00+09:00,2526.852578196152,2547.986254304702,2521.3394452982698,2522.25830078125,11800,0.0,0.0
2021-04-05 00:00:00+09:00,2531.4466494817802,2531.4466494817802,2513.069541318573,2517.663818359375,14800,0.0,0.0
2021-04-06 00:00:00+09:00,2541.554228540656,2545.2296504185165,2504.800009762049,2509.394287109375,22000,0.0,0.0
2021-04-07 00:00:00+09:00,2506.6376163232226,2538.797556415346,2506.6376163232226,2533.284423828125,15900,0.0,0.0
2021-04-08 00:00:00+09:00,2514.907433674084,2518.582855572037,2497.449179658809,2502.04345703125,24000,0.0,0.0
2021-04-09 00:00:00+09:00,2501.1245878841883,2522.258263681887,2499.286876945258,2509.394287109375,12400,0.0,0.0
2021-04-12 00:00:00+09:00,2509.394413358351,2525.014957125137,2501.1247137171113,2523.17724609375,11400,0.0,0.0
2021-04-13 00:00:00+09:00,2513.988525390625,2541.554189046224,2506.637681749132,2513.988525390625,12300,0.0,0.0
2021-04-14 00:00:00+09:00,2512.1509320232108,2512.1509320232108,2483.666411579641,2500.205810546875,15100,0.0,0.0
2021-04-15 00:00:00+09:00,2511.2319844006706,2540.6353592637597,2510.3131289361995,2516.7451171875,16100,0.0,0.0
2021-04-16 00:00:00+09:00,2516.7450814596036,2532.365624133869,2485.5039961110724,2486.4228515625,6500,0.0,0.0
2021-04-19 00:00:00+09:00,2499.2865568745406,2507.55625504067,2485.503726597659,2501.124267578125,13700,0.0,0.0
2021-04-20 00:00:00+09:00,2500.2055929413123,2512.1507133780037,2480.909629158965,2485.50390625,26600,0.0,0.0
2021-04-21 00:00:00+09:00,2471.720973472811,2478.152961136123,2430.372481351518,2439.56103515625,37300,0.0,0.0
2021-04-22 00:00:00+09:00,2434.9669136177654,2461.613721351696,2416.589804835745,2421.18408203125,21900,0.0,0.0
2021-04-23 00:00:00+09:00,2430.3726084276977,2465.2891147113473,2419.346343285493,2453.343994140625,21700,0.0,0.0
2021-04-26 00:00:00+09:00,2456.100626581522,2481.828579272986,2425.7783966237257,2434.048095703125,27100,0.0,0.0
2021-04-27 00:00:00+09:00,2434.048097374049,2437.723519189639,2414.7521328422054,2416.58984375,20200,0.0,0.0
2021-04-28 00:00:00+09:00,2414.7522133163925,2418.4276352544694,2389.024259749856,2389.943115234375,26800,0.0,0.0
2021-04-30 00:00:00+09:00,2389.9427169342393,2409.2386788933395,2385.348440277311,2390.861572265625,24300,0.0,0.0
2021-05-06 00:00:00+09:00,2407.401496350583,2410.1580629494574,2394.5375188891676,2403.72607421875,16900,0.0,0.0
2021-05-07 00:00:00+09:00,2433.129408587831,2433.129408587831,2400.9694654984905,2425.778564453125,19900,0.0,0.0
2021-05-10 00:00:00+09:00,2425.7782938394203,2447.830823783415,2417.508595110422,2440.47998046875,8300,0.0,0.0
2021-05-11 00:00:00+09:00,2429.453847521758,2436.804691235893,2389.024207094013,2401.88818359375,17800,0.0,0.0
2021-05-12 00:00:00+09:00,2377.0791569838552,2389.024278375734,2321.028971991194,2347.67578125,62600,0.0,0.0
2021-05-13 00:00:00+09:00,2347.675744258996,2384.4299633471996,2321.9477908972535,2334.811767578125,50300,0.0,0.0
2021-05-14 00:00:00+09:00,2297.1389910385114,2368.809727558913,2251.196211217741,2305.40869140625,83600,0.0,0.0
2021-05-17 00:00:00+09:00,2329.298390865326,2395.4559782981873,2324.704113960266,2352.269775390625,45700,0.0,0.0
2021-05-18 00:00:00+09:00,2349.513275842007,2349.513275842007,2288.8688189763157,2298.057373046875,35400,0.0,0.0
2021-05-19 00:00:00+09:00,2291.625477778447,2304.489453996931,2258.5466817880606,2264.059814453125,52300,0.0,0.0
2021-05-20 00:00:00+09:00,2264.059991197183,2298.9765008016852,2261.3034246494594,2283.35595703125,32400,0.0,0.0
2021-05-21 00:00:00+09:00,2283.355519810155,2283.355519810155,2248.439016891529,2271.410400390625,38400,0.0,0.0
2021-05-24 00:00:00+09:00,2263.1407787217076,2357.7828819325628,2230.061985366457,2349.51318359375,106400,0.0,0.0
2021-05-25 00:00:00+09:00,2360.5395784325365,2415.670903736527,2328.379638671875,2328.379638671875,108400,0.0,0.0
2021-05-26 00:00:00+09:00,2301.7326390553108,2307.245771124904,2223.6299347360687,2246.601318359375,127000,0.0,0.0
2021-05-27 00:00:00+09:00,2238.331865000902,2284.2746372710353,2217.1981897566407,2229.143310546875,230500,0.0,0.0
2021-05-28 00:00:00+09:00,2222.7113494999676,2236.4941813488717,2178.6062875834737,2214.441650390625,70600,0.0,0.0
2021-05-31 00:00:00+09:00,2214.4418158412964,2268.6542918307723,2213.522960316051,2223.63037109375,27200,0.0,0.0
2021-06-01 00:00:00+09:00,2223.6305004397764,2224.5493560184705,2200.659110972423,2219.955078125,25600,0.0,0.0
2021-06-02 00:00:00+09:00,2223.6303430316093,2223.6303430316093,2152.8784684806033,2158.3916015625,22600,0.0,0.0
2021-06-03 00:00:00+09:00,2203.415283203125,2209.8472711023833,2162.9856449792146,2203.415283203125,27400,0.0,0.0
2021-06-04 00:00:00+09:00,2189.63245290826,2200.658717883039,2175.8496216897856,2185.95703125,22000,0.0,0.0
2021-06-07 00:00:00+09:00,2185.9572474597144,2205.253213074113,2179.5252589215816,2200.658935546875,15200,0.0,0.0
2021-06-08 00:00:00+09:00,2169.4174807764903,2194.226575219932,2169.4174807764903,2186.875732421875,20900,0.0,0.0
2021-06-09 00:00:00+09:00,2187.794690288429,2197.902099609375,2181.362702538736,2197.902099609375,10000,0.0,0.0
2021-06-10 00:00:00+09:00,2197.902240354054,2206.171939418931,2177.687420417687,2204.334228515625,11600,0.0,0.0
2021-06-11 00:00:00+09:00,2220.8737286663018,2220.8737286663018,2197.9023413197324,2215.360595703125,21600,0.0,0.0
2021-06-14 00:00:00+09:00,2222.711416481628,2222.711416481628,2194.2268964688415,2195.145751953125,13100,0.0,0.0
2021-06-15 00:00:00+09:00,2195.1456875228723,2208.9285193825804,2185.0382774924196,2196.9833984375,18900,0.0,0.0
2021-06-16 00:00:00+09:00,2191.4703666315545,2219.9548871202664,2185.0383781341034,2208.009765625,13700,0.0,0.0
2021-06-17 00:00:00+09:00,2208.009560274024,2215.3604035874623,2196.0644398896866,2203.415283203125,13800,0.0,0.0
2021-06-18 00:00:00+09:00,2203.415474282909,2215.360595703125,2186.8760753933793,2215.360595703125,23500,0.0,0.0
2021-06-21 00:00:00+09:00,2193.3078745665193,2205.252994955864,2179.5250433480455,2185.95703125,23800,0.0,0.0
2021-06-22 00:00:00+09:00,2201.57774955431,2222.71142578125,2191.4703391849034,2222.71142578125,25500,0.0,0.0
2021-06-23 00:00:00+09:00,2222.711182047526,2232.8185913085936,2205.2529296875,2205.2529296875,15700,0.0,0.0
2021-06-24 00:00:00+09:00,2205.2531347453223,2213.522834000617,2186.876025289111,2209.847412109375,15600,0.0,0.0
2021-06-25 00:00:00+09:00,2222.71142578125,2230.062269686273,2209.84744894746,2222.71142578125,11900,0.0,0.0
2021-06-28 00:00:00+09:00,2223.6302927276233,2232.81884765625,2207.0908938560956,2232.81884765625,17500,0.0,0.0
2021-06-29 00:00:00+09:00,2222.71142578125,2230.981125174401,2218.117148340611,2222.71142578125,21100,0.0,0.0
2021-06-30 00:00:00+09:00,2222.7114676776164,2223.630323183064,2200.658935546875,2200.658935546875,27100,0.0,0.0
2021-07-01 00:00:00+09:00,2196.9835779976756,2213.522977581096,2189.6327337383777,2198.8212890625,19000,0.0,0.0
2021-07-02 00:00:00+09:00,2197.902048041718,2239.2505397481887,2197.902048041718,2227.305419921875,26300,0.0,0.0
2021-07-05 00:00:00+09:00,2211.684788657901,2226.386474000039,2198.82081398353,2208.92822265625,15800,0.0,0.0
2021-07-06 00:00:00+09:00,2204.334253925765,2209.847386699235,2196.06455476556,2207.0908203125,8400,0.0,0.0
2021-07-07 00:00:00+09:00,2196.064324629934,2204.3340229235196,2180.443783408717,2182.281494140625,11200,0.0,0.0
2021-07-08 00:00:00+09:00,2182.281932130349,2198.821332037021,2176.768798828125,2176.768798828125,21500,0.0,0.0
2021-07-09 00:00:00+09:00,2151.95947265625,2161.148027193638,2135.4200744889517,2151.95947265625,34000,0.0,0.0
2021-07-12 00:00:00+09:00,2168.4985879653705,2208.92822265625,2167.579732631487,2208.92822265625,19700,0.0,0.0
2021-07-13 00:00:00+09:00,2189.632716659672,2223.63037109375,2189.632716659672,2223.63037109375,17200,0.0,0.0
2021-07-14 00:00:00+09:00,2230.062269686273,2236.494258103168,2210.766304435588,2222.71142578125,14000,0.0,0.0
2021-07-15 00:00:00+09:00,2223.630204956561,2230.0621931527166,2214.441650390625,2214.441650390625,13400,0.0,0.0
2021-07-16 00:00:00+09:00,2208.009765625,2212.6040431231795,2200.658921627913,2208.009765625,9900,0.0,0.0
2021-07-19 00:00:00+09:00,2196.9832705102785,2196.9832705102785,2175.849596222643,2183.200439453125,10000,0.0,0.0
2021-07-20 00:00:00+09:00,2183.2006095613287,2183.2006095613287,2153.7972343483816,2157.47265625,14600,0.0,0.0
2021-07-21 00:00:00+09:00,2160.229105984514,2176.768503648368,2157.4725397072048,2171.25537109375,13400,0.0,0.0
2021-07-26 00:00:00+09:00,2199.740180617405,2211.685302734375,2196.064758427568,2211.685302734375,10300,0.0,0.0
2021-07-27 00:00:00+09:00,2222.7114234780365,2244.7639551702537,2215.3605795806307,2240.169677734375,11600,0.0,0.0
2021-07-28 00:00:00+09:00,2240.1696800556792,2241.0885355438068,2222.71142578125,2222.71142578125,20400,0.0,0.0
2021-07-29 00:00:00+09:00,2219.0358252441815,2219.0358252441815,2200.6587169605855,2203.415283203125,10200,0.0,0.0
2021-07-30 00:00:00+09:00,2203.415231966255,2206.1717981446945,2185.9569795028024,2197.902099609375,10300,0.0,0.0
2021-08-02 00:00:00+09:00,2197.9023775773194,2229.1434648840204,2197.9023775773194,2228.224609375,10100,0.0,0.0
2021-08-03 00:00:00+09:00,2214.441717123077,2231.899971324462,2191.4703300159913,2195.145751953125,6200,0.0,0.0
2021-08-04 00:00:00+09:00,2194.2266911244233,2201.57753431077,2188.7135587346634,2190.55126953125,7000,0.0,0.0
2021-08-05 00:00:00+09:00,2177.687331606091,2203.415283203125,2173.093054535192,2203.415283203125,9600,0.0,0.0
2021-08-06 00:00:00+09:00,2203.415488126821,2208.009765625,2186.876089133375,2208.009765625,3300,0.0,0.0
2021-08-10 00:00:00+09:00,2244.763711344401,2244.763711344401,2196.9832312011717,2205.2529296875,8400,0.0,0.0
2021-08-11 00:00:00+09:00,2205.2529546862097,2243.8448813932187,2205.2529546862097,2225.4677734375,11700,0.0,0.0
2021-08-12 00:00:00+09:00,2225.4677482096354,2254.8711206054686,2201.5775081380207,2205.2529296875,8300,0.0,0.0
2021-08-13 00:00:00+09:00,2243.8451926491475,2243.8451926491475,2202.4966940131067,2223.63037109375,8200,0.0,0.0
2021-08-16 00:00:00+09:00,2216.279142680921,2216.279142680921,2177.6872173108554,2182.281494140625,13300,0.0,0.0
2021-08-17 00:00:00+09:00,2178.60659972887,2189.6328667878097,2168.4991882581753,2177.687744140625,12200,0.0,0.0
2021-08-18 00:00:00+09:00,2170.3367675577206,2205.2532777893857,2170.3367675577206,2198.8212890625,11900,0.0,0.0
2021-08-19 00:00:00+09:00,2205.2529296875,2217.198049723307,2195.145520426432,2205.2529296875,12600,0.0,0.0
2021-08-20 00:00:00+09:00,2205.2529296875,2210.7660620117185,2193.307809651693,2205.2529296875,14400,0.0,0.0
2021-08-23 00:00:00+09:00,2223.6302304574183,2243.8450507343036,2214.4416757861063,2217.1982421875,16300,0.0,0.0
2021-08-24 00:00:00+09:00,2217.1978697644613,2227.3052782051614,2212.603593200507,2220.873291015625,9200,0.0,0.0
2021-08-25 00:00:00+09:00,2222.7115407480073,2239.2509403897866,2220.8738296766987,2226.386962890625,10900,0.0,0.0
2021-08-26 00:00:00+09:00,2232.818845263692,2253.952521576887,2232.818845263692,2250.277099609375,9300,0.0,0.0
2021-08-27 00:00:00+09:00,2232.818886920103,2233.7377424291235,2219.9549097938143,2228.224609375,15900,0.0,0.0
2021-08-30 00:00:00+09:00,2237.4130859375,2259.465617380005,2230.9810976001027,2237.4130859375,8300,0.0,0.0
2021-08-31 00:00:00+09:00,2237.4132868893603,2264.0600981089874,2236.494431330063,2259.4658203125,12100,0.0,0.0
2021-09-01 00:00:00+09:00,2264.9786592607334,2271.41064733977,2229.1432971061013,2236.494140625,27800,0.0,0.0
2021-09-02 00:00:00+09:00,2234.656547126912,2248.4393794488296,2212.6040154118436,2222.71142578125,19100,0.0,0.0
2021-09-03 00:00:00+09:00,2222.7112824856504,2268.654053930166,2222.7112824856504,2251.19580078125,21800,0.0,0.0
2021-09-06 00:00:00+09:00,2277.842490967292,2278.761346348884,2249.357974137931,2264.978515625,11000,0.0,0.0
2021-09-07 00:00:00+09:00,2264.9785286418587,2287.949913313683,2241.0882885831616,2257.627685546875,17100,0.0,0.0
2021-09-08 00:00:00+09:00,2257.628109193905,2261.303531431095,2243.8452758044427,2259.4658203125,14200,0.0,0.0
2021-09-09 00:00:00+09:00,2259.4654598251504,2273.248291015625,2254.871182761659,2273.248291015625,11900,0.0,0.0
2021-09-10 00:00:00+09:00,2256.7089298401975,2303.570556640625,2256.7089298401975,2303.570556640625,21400,0.0,0.0
2021-09-13 00:00:00+09:00,2297.138516101935,2332.973876953125,2287.0311066310865,2332.973876953125,12100,0.0,0.0
2021-09-14 00:00:00+09:00,2329.2986347148944,2334.811767578125,2294.382126581101,2334.811767578125,20200,0.0,0.0
2021-09-15 00:00:00+09:00,2292.5440732097936,2300.813771269468,2270.491545050661,2271.410400390625,12300,0.0,0.0
2021-09-16 00:00:00+09:00,2279.680613754735,2279.680613754735,2260.384647253788,2274.16748046875,8300,0.0,0.0
2021-09-17 00:00:00+09:00,2289.787894879488,2290.706750375025,2260.3845190222873,2277.8427734375,14500,0.0,0.0
2021-09-21 00:00:00+09:00,2277.842764365717,2277.842764365717,2250.277099609375,2250.277099609375,14800,0.0,0.0
2021-09-22 00:00:00+09:00,2249.3582349369576,2258.546789818236,2219.9548593168665,2222.71142578125,16900,0.0,0.0
2021-09-24 00:00:00+09:00,2254.8712080831147,2276.0048828125,2245.682653852947,2276.0048828125,12100,0.0,0.0
2021-09-27 00:00:00+09:00,2276.0048973612884,2289.787728794643,2242.007246492347,2251.19580078125,12500,0.0,0.0
2021-09-28 00:00:00+09:00,2252.11464289517,2258.546630859375,2223.630124767977,2258.546630859375,14100,0.0,0.0
2021-09-29 00:00:00+09:00,2245.5504838075217,2255.7617509930874,2241.8372957400434,2249.263671875,19400,25.0,0.0
2021-09-30 00:00:00+09:00,2249.2639780546488,2288.252458070454,2249.2639780546488,2257.61865234375,10900,0.0,0.0
2021-10-01 00:00:00+09:00,2237.1959404358035,2244.6223170015655,2218.629999021399,2223.271484375,20300,0.0,0.0
2021-10-04 00:00:00+09:00,2223.2713044225443,2225.1278984137116,2192.637503568288,2210.275146484375,10000,0.0,0.0
2021-10-05 00:00:00+09:00,2187.067712220149,2193.5657911613807,2153.649020522388,2176.8564453125,24500,0.0,0.0
2021-10-06 00:00:00+09:00,2207.4902349970143,2235.3391446058918,2172.2149494924365,2186.139404296875,24400,0.0,0.0
2021-10-07 00:00:00+09:00,2186.1397767411904,2206.562313933677,2168.5021309840427,2181.498291015625,18100,0.0,0.0
2021-10-08 00:00:00+09:00,2172.2149494924365,2191.7091862186508,2169.4300585315486,2186.139404296875,19900,0.0,0.0
2021-10-11 00:00:00+09:00,2175.9281576477847,2215.844928457876,2175.9281576477847,2210.275146484375,16800,0.0,0.0
2021-10-12 00:00:00+09:00,2210.2754148219105,2210.2754148219105,2181.4982044651365,2191.70947265625,18900,0.0,0.0
2021-10-13 00:00:00+09:00,2192.637599932137,2192.637599932137,2172.215065131753,2190.781005859375,10300,0.0,0.0
2021-10-14 00:00:00+09:00,2178.713199855839,2178.713199855839,2159.218961595518,2165.717041015625,11600,0.0,0.0
2021-10-15 00:00:00+09:00,2161.0752497033227,2205.633502274525,2161.0752497033227,2200.063720703125,12500,0.0,0.0
2021-10-18 00:00:00+09:00,2200.0639551071276,2206.562034299427,2173.1433413104583,2187.99609375,12700,0.0,0.0
2021-10-19 00:00:00+09:00,2214.9168903115356,2260.403448410976,2208.418810583044,2255.761962890625,19700,0.0,0.0
2021-10-20 00:00:00+09:00,2247.407163705399,2247.407163705399,2217.7016580306476,2239.052490234375,8600,0.0,0.0
2021-10-21 00:00:00+09:00,2229.769383391629,2252.0485112856336,2210.275146484375,2210.275146484375,6900,0.0,0.0
2021-10-22 00:00:00+09:00,2188.9241998845882,2218.629702173098,2187.995902938072,2205.633544921875,10500,0.0,0.0
2021-10-25 00:00:00+09:00,2252.048542937787,2252.048542937787,2204.7053954976273,2225.1279296875,14400,0.0,0.0
2021-10-26 00:00:00+09:00,2226.9847233099886,2253.9053389731775,2223.271534942652,2240.9091796875,12100,0.0,0.0
2021-10-27 00:00:00+09:00,2247.407163705399,2249.2637578100707,2228.8412226586793,2239.052490234375,11100,0.0,0.0
2021-10-28 00:00:00+09:00,2223.2716986739897,2290.109094208239,2222.343401513792,2263.1884765625,98600,0.0,0.0
2021-10-29 00:00:00+09:00,2273.399373002486,2273.399373002486,2230.6977106267755,2246.478759765625,7800,0.0,0.0
2021-11-01 00:00:00+09:00,2246.47895922561,2262.260009765625,2239.9808795914864,2262.260009765625,7700,0.0,0.0
2021-11-02 00:00:00+09:00,2267.8298286086156,2267.8298286086156,2229.7696472852617,2234.4111328125,8300,0.0,0.0
2021-11-04 00:00:00+09:00,2237.195871388111,2286.395614617808,2233.482683219832,2278.96923828125,11900,0.0,0.0
2021-11-05 00:00:00+09:00,2262.2601339757343,2264.1167282588494,2224.199951171875,2224.199951171875,5000,0.0,0.0
2021-11-08 00:00:00+09:00,2261.331748870482,2262.2600459759296,2224.199864652576,2234.4111328125,8800,0.0,0.0
2021-11-09 00:00:00+09:00,2229.7691586897677,2269.685925477303,2210.274923747018,2213.059814453125,6900,0.0,0.0
2021-11-10 00:00:00+09:00,2222.3431640625,2248.335481770833,2217.7016787574407,2241.83740234375,6700,0.0,0.0
2021-11-11 00:00:00+09:00,2213.9886155284653,2254.8336885193467,2182.426513671875,2182.426513671875,8100,0.0,0.0
2021-11-12 00:00:00+09:00,2196.3508757728946,2258.546779693767,2196.3508757728946,2256.690185546875,9600,0.0,0.0
2021-11-15 00:00:00+09:00,2257.618648267947,2261.331836834177,2224.199951171875,2224.199951171875,4000,0.0,0.0
2021-11-16 00:00:00+09:00,2240.9090982046687,2240.9090982046687,2200.9923247072365,2208.418701171875,6700,0.0,0.0
2021-11-17 00:00:00+09:00,2208.418424479167,2212.131612246261,2172.21484375,2172.21484375,5800,0.0,0.0
2021-11-18 00:00:00+09:00,2173.1434316618547,2176.856619926121,2116.5173106317934,2135.083251953125,17700,0.0,0.0
2021-11-19 00:00:00+09:00,2117.4455869323438,2132.29833984375,2117.4455869323438,2132.29833984375,11900,0.0,0.0
2021-11-22 00:00:00+09:00,2122.087093028193,2136.939846085258,2114.6607164996603,2135.083251953125,11000,0.0,0.0
2021-11-24 00:00:00+09:00,2145.294168085531,2149.0073557412397,2124.871635979135,2142.50927734375,9700,0.0,0.0
2021-11-25 00:00:00+09:00,2179.6414546794426,2179.6414546794426,2142.509572998362,2160.147216796875,9600,0.0,0.0
2021-11-26 00:00:00+09:00,2173.143441008532,2173.143441008532,2135.0832611361056,2147.151123046875,13100,0.0,0.0
2021-11-29 00:00:00+09:00,2110.01904296875,2149.007516266017,2107.234152018945,2110.01904296875,9400,0.0,0.0
2021-11-30 00:00:00+09:00,2149.0076962425596,2170.3585286458333,2138.796428571429,2144.3662109375,15500,0.0,0.0
2021-12-01 00:00:00+09:00,2144.366356102196,2168.5020813223937,2136.939979111366,2163.860595703125,8900,0.0,0.0
2021-12-02 00:00:00+09:00,2172.2152103326175,2174.071804529483,2122.0871670172496,2134.155029296875,26500,0.0,0.0
2021-12-03 00:00:00+09:00,2164.7887532135815,2177.784912109375,2135.0832471660538,2177.784912109375,6100,0.0,0.0
2021-12-06 00:00:00+09:00,2155.505766267822,2164.788736837451,2132.29833984375,2132.29833984375,9600,0.0,0.0
2021-12-07 00:00:00+09:00,2167.573443561995,2183.3544921875,2136.939643288956,2183.3544921875,10800,0.0,0.0
2021-12-08 00:00:00+09:00,2202.84866459412,2202.84866459412,2176.8563499676407,2196.3505859375,10300,0.0,0.0
2021-12-09 00:00:00+09:00,2194.4942894660244,2205.6338543871716,2166.645377163156,2192.6376953125,5600,0.0,0.0
2021-12-10 00:00:00+09:00,2218.6299266405263,2218.6299266405263,2178.7131539018055,2202.848876953125,12800,0.0,0.0
2021-12-13 00:00:00+09:00,2277.1127662690296,2283.610845911868,2226.0564262181547,2240.9091796875,17300,0.0,0.0
2021-12-14 00:00:00+09:00,2247.407217437643,2247.407217437643,2214.9168198290854,2235.33935546875,6500,0.0,0.0
2021-12-15 00:00:00+09:00,2224.199934788622,2260.403523042694,2224.199934788622,2254.833740234375,3300,0.0,0.0
2021-12-16 00:00:00+09:00,2273.399169921875,2290.108514576262,2223.2711359587142,2273.399169921875,6300,0.0,0.0
2021-12-17 00:00:00+09:00,2235.339334556913,2263.1882465322897,2232.554443359375,2232.554443359375,5700,0.0,0.0
2021-12-20 00:00:00+09:00,2239.9806511824772,2252.0485121295856,2188.92431640625,2188.92431640625,8200,0.0,0.0
2021-12-21 00:00:00+09:00,2221.414881016806,2222.3431780836745,2188.924483676401,2211.20361328125,6100,0.0,0.0
2021-12-22 00:00:00+09:00,2222.3432650137734,2222.3432650137734,2195.422649021543,2200.992431640625,4300,0.0,0.0
2021-12-23 00:00:00+09:00,2222.3431244024387,2236.267580069121,2202.848886469084,2214.916748046875,2900,0.0,0.0
2021-12-24 00:00:00+09:00,2222.343006610077,2231.6259765625,2222.343006610077,2231.6259765625,2200,0.0,0.0
2021-12-27 00:00:00+09:00,2292.894035218254,2292.894035218254,2244.622581845238,2280.826171875,12500,0.0,0.0
2021-12-28 00:00:00+09:00,2271.5428807767157,2304.9615745682813,2268.7579896274183,2303.10498046875,6300,0.0,0.0
2021-12-29 00:00:00+09:00,2282.6823618731646,2294.750223078676,2260.40323349376,2291.96533203125,6300,0.0,0.0
2021-12-30 00:00:00+09:00,2265.973326632851,2285.4675666407534,2257.61865234375,2257.61865234375,3700,0.0,0.0
2022-01-04 00:00:00+09:00,2253.905517578125,2261.331894901282,2241.837654427995,2253.905517578125,7200,0.0,0.0
2022-01-05 00:00:00+09:00,2271.5427038357407,2271.5427038357407,2239.980606602224,2247.406982421875,5800,0.0,0.0
2022-01-06 00:00:00+09:00,2244.6221455738955,2244.6221455738955,2222.343017578125,2222.343017578125,7700,0.0,0.0
2022-01-07 00:00:00+09:00,2227.9126716382575,2240.908828889481,2183.3544182054925,2205.633544921875,14400,0.0,0.0
2022-01-11 00:00:00+09:00,2200.992366331728,2213.988525390625,2175.92834528957,2213.988525390625,13300,0.0,0.0
2022-01-12 00:00:00+09:00,2211.20358078367,2228.8412247949586,2211.20358078367,2217.70166015625,4600,0.0,0.0
2022-01-13 00:00:00+09:00,2217.7015232801236,2223.271305255712,2188.92431640625,2188.92431640625,7400,0.0,0.0
2022-01-14 00:00:00+09:00,2188.9246227423955,2209.3471595109845,2181.498245735636,2197.279296875,10500,0.0,0.0
2022-01-17 00:00:00+09:00,2209.346902772665,2223.271358042241,2196.350744521061,2206.56201171875,6100,0.0,0.0
2022-01-18 00:00:00+09:00,2206.561916221217,2224.199558799342,2196.3506494654603,2204.705322265625,8000,0.0,0.0
2022-01-19 00:00:00+09:00,2203.7774224983377,2203.7774224983377,2181.498291015625,2181.498291015625,11900,0.0,0.0
2022-01-20 00:00:00+09:00,2203.7771661551938,2208.4186513408617,2167.5735817069826,2169.43017578125,12800,0.0,0.0
2022-01-21 00:00:00+09:00,2169.429857395978,2174.0713419004624,2162.0034821888034,2170.358154296875,4700,0.0,0.0
2022-01-24 00:00:00+09:00,2149.9357171474358,2179.641219284188,2149.9357171474358,2172.21484375,6400,0.0,0.0
2022-01-25 00:00:00+09:00,2218.629843792184,2218.629843792184,2138.7963012958962,2149.007568359375,13000,0.0,0.0
2022-01-26 00:00:00+09:00,2162.9316790051857,2162.9316790051857,2123.943210971616,2125.7998046875,13500,0.0,0.0
2022-01-27 00:00:00+09:00,2125.7999003412,2128.584791040337,2097.9509933498307,2127.656494140625,28000,0.0,0.0
2022-01-28 00:00:00+09:00,2149.0079743770016,2149.0079743770016,2123.9439504857796,2137.868408203125,6600,0.0,0.0
2022-01-31 00:00:00+09:00,2144.366217805906,2180.5698033013305,2144.366217805906,2177.784912109375,5500,0.0,0.0
2022-02-01 00:00:00+09:00,2196.351045337434,2196.351045337434,2181.498291015625,2181.498291015625,4000,0.0,0.0
2022-02-02 00:00:00+09:00,2193.565684617168,2211.2033266009707,2187.995902938072,2205.633544921875,4800,0.0,0.0
2022-02-03 00:00:00+09:00,2214.9168251547944,2217.7017163850815,2192.6376953125,2192.6376953125,5700,0.0,0.0
2022-02-04 00:00:00+09:00,2197.279289387886,2245.550739767341,2197.279289387886,2239.98095703125,6900,0.0,0.0
2022-02-07 00:00:00+09:00,2239.0524517511917,2239.0524517511917,2190.781005859375,2190.781005859375,6900,0.0,0.0
2022-02-08 00:00:00+09:00,2222.3433654005985,2237.196119722407,2181.498291015625,2181.498291015625,6800,0.0,0.0
2022-02-09 00:00:00+09:00,2173.143265862235,2231.6259765625,2159.2188109336003,2231.6259765625,10100,0.0,0.0
2022-02-10 00:00:00+09:00,2240.9091352982955,2256.690185546875,2234.4110557841746,2256.690185546875,7800,0.0,0.0
2022-02-14 00:00:00+09:00,2255.7618371764224,2269.686292961462,2239.052490234375,2239.052490234375,11000,0.0,0.0
2022-02-15 00:00:00+09:00,2239.05261287102,2244.622395490102,2200.0641345374447,2200.992431640625,13300,0.0,0.0
2022-02-16 00:00:00+09:00,2239.0524692559156,2246.478845605023,2214.916746121316,2236.267578125,4900,0.0,0.0
2022-02-17 00:00:00+09:00,2224.199591146933,2224.199591146933,2192.6374934428445,2198.207275390625,8000,0.0,0.0
2022-02-18 00:00:00+09:00,2199.135656533121,2209.346923828125,2186.1394981576614,2209.346923828125,8300,0.0,0.0
2022-02-21 00:00:00+09:00,2179.641346446936,2207.490256324878,2177.784752455073,2188.92431640625,6900,0.0,0.0
2022-02-22 00:00:00+09:00,2188.9243274279306,2189.8526244285363,2156.4339324067355,2179.641357421875,17600,0.0,0.0
2022-02-24 00:00:00+09:00,2158.290936115601,2181.498365536199,2154.577747408305,2180.570068359375,19000,0.0,0.0
2022-02-25 00:00:00+09:00,2220.486232511768,2224.199420191553,2165.716714234931,2218.629638671875,36900,0.0,0.0
2022-02-28 00:00:00+09:00,2224.1999428733475,2226.98483428763,2198.207623006714,2212.132080078125,39600,0.0,0.0
2022-03-01 00:00:00+09:00,2239.980467830642,2239.980467830642,2205.6334817926254,2218.629638671875,26900,0.0,0.0
2022-03-02 00:00:00+09:00,2197.279296875,2213.060348014364,2189.8529198682404,2197.279296875,20100,0.0,0.0
2022-03-03 00:00:00+09:00,2222.3431454223787,2230.6978189014103,2210.2752837304442,2217.70166015625,16800,0.0,0.0
2022-03-04 00:00:00+09:00,2222.3431780836745,2228.8412575517555,2209.3470191475126,2211.20361328125,61800,0.0,0.0
2022-03-07 00:00:00+09:00,2190.781005859375,2194.4941940048993,2173.143362168134,2190.781005859375,40400,0.0,0.0
2022-03-08 00:00:00+09:00,2181.4980910358845,2182.4263880958997,2151.792585115396,2165.717041015625,31000,0.0,0.0
2022-03-09 00:00:00+09:00,2165.717041015625,2180.5697939758693,2153.6491792354263,2165.717041015625,58400,0.0,0.0
2022-03-10 00:00:00+09:00,2212.131919526357,2223.271484375,2191.709383970511,2223.271484375,29300,0.0,0.0
2022-03-11 00:00:00+09:00,2209.346891610154,2223.2713468093775,2201.9205155039012,2215.844970703125,163200,0.0,0.0
2022-03-14 00:00:00+09:00,2232.5543994100303,2252.976934456609,2204.7054879828784,2248.33544921875,58500,0.0,0.0
2022-03-15 00:00:00+09:00,2242.765934515949,2287.3241981156034,2242.765934515949,2284.539306640625,41600,0.0,0.0
2022-03-16 00:00:00+09:00,2310.5313243804635,2310.5313243804635,2270.6145518017734,2309.60302734375,35400,0.0,0.0
2022-03-17 00:00:00+09:00,2342.0933695834483,2342.0933695834483,2280.825766574131,2313.316162109375,68700,0.0,0.0
2022-03-18 00:00:00+09:00,2348.5913923534968,2381.081787109375,2326.312264520894,2381.081787109375,57200,0.0,0.0
2022-03-22 00:00:00+09:00,2410.787420272827,2410.787420272827,2358.802785873413,2376.4404296875,47400,0.0,0.0
2022-03-23 00:00:00+09:00,2387.5799601079875,2411.7156828773527,2370.87061357535,2404.289306640625,30600,0.0,0.0
2022-03-24 00:00:00+09:00,2391.2933051590735,2414.500732421875,2356.018015719615,2414.500732421875,33600,0.0,0.0
2022-03-25 00:00:00+09:00,2444.206121553442,2477.6248152017224,2398.719566309948,2409.859130859375,64000,0.0,0.0
2022-03-28 00:00:00+09:00,2430.282049363659,2459.987559516309,2409.8595111337127,2417.285888671875,57900,0.0,0.0
2022-03-29 00:00:00+09:00,2407.074125218719,2407.074125218719,2326.312286077173,2362.515869140625,148600,0.0,0.0
2022-03-30 00:00:00+09:00,2356.8910028156965,2356.8910028156965,2309.078178176237,2337.203369140625,69000,25.0,0.0
2022-03-31 00:00:00+09:00,2326.8909204555503,2333.4534653561095,2313.765830654431,2319.390869140625,21200,0.0,0.0
2022-04-01 00:00:00+09:00,2307.203175958011,2310.0156950672645,2285.6405294537303,2299.703125,24300,0.0,0.0
2022-04-04 00:00:00+09:00,2296.890483629841,2365.328444978812,2296.890483629841,2354.078369140625,25800,0.0,0.0
2022-04-05 00:00:00+09:00,2371.8911760377846,2371.8911760377846,2325.015856353243,2326.890869140625,20200,0.0,0.0
2022-04-06 00:00:00+09:00,2326.891139291389,2337.203710819272,2301.5784637229494,2323.14111328125,8200,0.0,0.0
2022-04-07 00:00:00+09:00,2323.140656591185,2323.140656591185,2299.702998635261,2318.453125,10800,0.0,0.0
2022-04-08 00:00:00+09:00,2318.4530793508397,2363.4533817401807,2318.4530793508397,2361.578369140625,28200,0.0,0.0
2022-04-11 00:00:00+09:00,2346.578824811385,2351.266357421875,2337.2037595904044,2351.266357421875,16900,0.0,0.0
2022-04-12 00:00:00+09:00,2325.9536327888545,2346.57877584462,2323.14111328125,2323.14111328125,11600,0.0,0.0
2022-04-13 00:00:00+09:00,2298.765625,2321.2657779363785,2285.6405357871126,2298.765625,46500,0.0,0.0
2022-04-14 00:00:00+09:00,2298.7654438440572,2327.8281390965717,2267.827735994606,2289.390380859375,43200,0.0,0.0
2022-04-15 00:00:00+09:00,2299.7029516733637,2299.7029516733637,2236.8900296341812,2252.82763671875,31200,0.0,0.0
2022-04-18 00:00:00+09:00,2207.8276883138715,2213.4527270102126,2181.5775077309463,2200.32763671875,28200,0.0,0.0
2022-04-19 00:00:00+09:00,2200.3273189150054,2208.7648757408406,2174.0771421235186,2175.0146484375,58300,0.0,0.0
2022-04-20 00:00:00+09:00,2206.8898989073127,2209.702417894875,2169.3896457398137,2205.952392578125,35200,0.0,0.0
2022-04-21 00:00:00+09:00,2208.765091878703,2229.390232804565,2191.8899765757246,2215.32763671875,41300,0.0,0.0
2022-04-22 00:00:00+09:00,2175.9522987886344,2227.51514947083,2175.9522987886344,2225.64013671875,49900,0.0,0.0
2022-04-25 00:00:00+09:00,2201.264876527357,2248.140193318826,2143.1394837059365,2167.5146484375,33700,0.0,0.0
2022-04-26 00:00:00+09:00,2157.201910455189,2194.7021609628846,2155.3268979298045,2192.8271484375,25600,0.0,0.0
2022-04-27 00:00:00+09:00,2161.889522483609,2182.514661032889,2153.451965804358,2180.6396484375,46300,0.0,0.0
2022-04-28 00:00:00+09:00,2174.0768899536133,2250.014892578125,2173.1393837483724,2250.014892578125,23500,0.0,0.0
2022-05-02 00:00:00+09:00,2264.0777249795005,2264.0777249795005,2237.8275484579995,2250.95263671875,29300,0.0,0.0
2022-05-06 00:00:00+09:00,2250.952913157354,2295.0157148726375,2250.952913157354,2281.890625,19000,0.0,0.0
2022-05-09 00:00:00+09:00,2295.9530394903504,2295.9530394903504,2266.890342787941,2272.515380859375,14900,0.0,0.0
2022-05-10 00:00:00+09:00,2266.8905792050473,2310.015875583638,2247.2029439017774,2309.078369140625,26200,0.0,0.0
2022-05-11 00:00:00+09:00,2309.0783046714578,2309.0783046714578,2268.765528747433,2282.828125,24300,0.0,0.0
2022-05-12 00:00:00+09:00,2270.640288212182,2270.640288212182,2216.2649221030547,2248.14013671875,29800,0.0,0.0
2022-05-13 00:00:00+09:00,2201.2649417698854,2275.327944495533,2201.2649417698854,2265.952880859375,38200,0.0,0.0
2022-05-16 00:00:00+09:00,2286.5781828703703,2292.2032214506175,2263.1405221193418,2278.140625,39100,0.0,0.0
2022-05-17 00:00:00+09:00,2298.765663327882,2308.140727207686,2277.2030164043335,2293.140625,18400,0.0,0.0
2022-05-18 00:00:00+09:00,2293.140683199179,2320.328369140625,2293.140683199179,2320.328369140625,23400,0.0,0.0
2022-05-19 00:00:00+09:00,2274.3901169014775,2288.452710369541,2219.0772492604274,2240.639892578125,25300,0.0,0.0
2022-05-20 00:00:00+09:00,2277.2030864989733,2282.828125,2228.4527528234084,2282.828125,22700,0.0,0.0
2022-05-23 00:00:00+09:00,2318.453356317077,2320.328369140625,2288.4531511403093,2320.328369140625,32500,0.0,0.0
2022-05-24 00:00:00+09:00,2300.6408368731572,2308.1408885011056,2288.453252977741,2305.328369140625,21900,0.0,0.0
2022-05-25 00:00:00+09:00,2326.8909395795276,2326.8909395795276,2231.265284528314,2245.327880859375,32500,0.0,0.0
2022-05-26 00:00:00+09:00,2222.827556984962,2277.2029253127257,2222.827556984962,2270.640380859375,41900,0.0,0.0
2022-05-27 00:00:00+09:00,2304.3906952390685,2320.3283037903557,2250.9528312729876,2294.078125,30500,0.0,0.0
2022-05-30 00:00:00+09:00,2294.078071767849,2325.953288130786,2263.140361768528,2265.952880859375,47200,0.0,0.0
2022-05-31 00:00:00+09:00,2312.8282720437805,2312.8282720437805,2278.1405354950903,2291.265625,19500,0.0,0.0
2022-06-01 00:00:00+09:00,2320.328655075475,2367.203981440636,2314.7036159116556,2349.391357421875,19700,0.0,0.0
2022-06-02 00:00:00+09:00,2353.1412048588154,2353.1412048588154,2288.453259386601,2304.390869140625,18700,0.0,0.0
2022-06-03 00:00:00+09:00,2304.3909446237167,2336.266165175876,2304.3909446237167,2328.76611328125,10200,0.0,0.0
2022-06-06 00:00:00+09:00,2297.8281205878197,2341.8909201258157,2297.8281205878197,2334.390869140625,11100,0.0,0.0
2022-06-07 00:00:00+09:00,2313.765703704516,2351.265958221607,2313.765703704516,2338.140869140625,16900,0.0,0.0
2022-06-08 00:00:00+09:00,2334.3908183187173,2357.8284771371787,2327.828273849548,2341.890869140625,12200,0.0,0.0
2022-06-09 00:00:00+09:00,2336.266082105912,2344.703640187354,2303.453356233638,2305.328369140625,23300,0.0,0.0
2022-06-10 00:00:00+09:00,2287.515689300412,2310.9533500514403,2278.140625,2278.140625,15500,0.0,0.0
2022-06-13 00:00:00+09:00,2268.765242293074,2295.015418650184,2268.765242293074,2289.390380859375,11600,0.0,0.0
2022-06-14 00:00:00+09:00,2289.39053994977,2289.39053994977,2257.515323586833,2265.952880859375,16600,0.0,0.0
2022-06-15 00:00:00+09:00,2263.140349067603,2296.8905779683623,2259.3903236341853,2267.827880859375,18700,0.0,0.0
2022-06-16 00:00:00+09:00,2308.140602668225,2308.140602668225,2265.952817485418,2275.327880859375,12100,0.0,0.0
2022-06-17 00:00:00+09:00,2250.01525750735,2271.5779037251286,2232.20263671875,2232.20263671875,25000,0.0,0.0
2022-06-20 00:00:00+09:00,2245.327643041523,2251.8901873009345,2229.3900355543806,2244.39013671875,14200,0.0,0.0
2022-06-21 00:00:00+09:00,2244.390285088146,2275.32799578485,2232.2027020864143,2258.452880859375,11000,0.0,0.0
2022-06-22 00:00:00+09:00,2290.327888682441,2290.327888682441,2252.82763671875,2252.82763671875,8000,0.0,0.0
2022-06-23 00:00:00+09:00,2249.077951102638,2283.7656894064303,2249.077951102638,2274.390625,11700,0.0,0.0
2022-06-24 00:00:00+09:00,2274.390503578732,2308.140733640082,2274.390503578732,2292.203125,6500,0.0,0.0
2022-06-27 00:00:00+09:00,2339.078283147773,2339.078283147773,2309.0780807186234,2315.640625,13800,0.0,0.0
2022-06-28 00:00:00+09:00,2325.0159204970673,2325.0159204970673,2300.64075358863,2317.515869140625,4400,0.0,0.0
2022-06-29 00:00:00+09:00,2284.7033626315438,2323.141129503884,2284.7033626315438,2285.640869140625,29000,0.0,0.0
2022-06-30 00:00:00+09:00,2298.7656697341513,2311.8907592024543,2283.765567484663,2292.203125,15800,0.0,0.0
2022-07-01 00:00:00+09:00,2262.202698203797,2302.51546903793,2262.202698203797,2289.390380859375,11900,0.0,0.0
2022-07-04 00:00:00+09:00,2328.7659332842813,2328.7659332842813,2303.453260096409,2319.390869140625,12700,0.0,0.0
2022-07-05 00:00:00+09:00,2321.2657989514223,2331.578369140625,2309.0782160005465,2331.578369140625,10600,0.0,0.0
2022-07-06 00:00:00+09:00,2300.640734493371,2328.765926846591,2300.640734493371,2320.328369140625,9500,0.0,0.0
2022-07-07 00:00:00+09:00,2321.2660484651547,2343.766204023783,2305.328438277793,2330.64111328125,12700,0.0,0.0
2022-07-08 00:00:00+09:00,2322.203381964173,2345.6410422585227,2305.328266552241,2320.328369140625,24900,0.0,0.0
2022-07-11 00:00:00+09:00,2375.641075218381,2381.26611328125,2336.2658087782975,2381.26611328125,26500,0.0,0.0
2022-07-12 00:00:00+09:00,2355.015875460474,2372.8284955376034,2348.4533312215312,2354.078369140625,13300,0.0,0.0
2022-07-13 00:00:00+09:00,2351.266151922212,2359.7037098836554,2340.953581080448,2345.64111328125,9600,0.0,0.0
2022-07-14 00:00:00+09:00,2336.2658120345613,2354.078432591807,2318.4531914773156,2344.703369140625,7000,0.0,0.0
2022-07-15 00:00:00+09:00,2344.7035875514593,2355.953664740831,2336.2660296594313,2348.45361328125,2400,0.0,0.0
2022-07-19 00:00:00+09:00,2347.515719164323,2347.515719164323,2326.8905810566494,2333.453125,2800,0.0,0.0
2022-07-20 00:00:00+09:00,2379.391409144948,2379.391409144948,2348.4536957872715,2371.891357421875,11500,0.0,0.0
2022-07-21 00:00:00+09:00,2370.0163302529186,2414.07913386126,2363.4537850346546,2409.3916015625,9700,0.0,0.0
2022-07-22 00:00:00+09:00,2409.391402096847,2412.2039212432637,2390.64127445407,2402.828857421875,4300,0.0,0.0
2022-07-25 00:00:00+09:00,2435.6416399920427,2437.5166528018904,2388.766319745853,2430.0166015625,13500,0.0,0.0
2022-07-26 00:00:00+09:00,2420.6415183947493,2438.4541399476157,2418.766505599711,2432.8291015625,6700,0.0,0.0
2022-07-27 00:00:00+09:00,2407.5164288294795,2444.0791783327313,2407.5164288294795,2432.8291015625,6800,0.0,0.0
2022-07-28 00:00:00+09:00,2420.6416267605005,2459.079390779548,2382.2038627414527,2452.516845703125,18700,0.0,0.0
2022-07-29 00:00:00+09:00,2440.3291079428086,2441.2666143231168,2421.57898033664,2439.3916015625,6800,0.0,0.0
2022-08-01 00:00:00+09:00,2439.3914435727543,2462.8291015625,2430.0163803768555,2462.8291015625,13500,0.0,0.0
2022-08-02 00:00:00+09:00,2462.829293340272,2462.829293340272,2427.2040504217607,2434.7041015625,6900,0.0,0.0
2022-08-03 00:00:00+09:00,2423.4539362462897,2452.516633354079,2418.766404454711,2447.8291015625,9600,0.0,0.0
2022-08-04 00:00:00+09:00,2447.8293328093605,2457.2043972781826,2435.6417489998926,2449.704345703125,11000,0.0,0.0
2022-08-05 00:00:00+09:00,2462.8291332207045,2462.8291332207045,2436.578955934759,2458.1416015625,10100,0.0,0.0
2022-08-08 00:00:00+09:00,2462.8291777455784,2463.7666840941683,2437.516506333652,2451.5791015625,4500,0.0,0.0
2022-08-09 00:00:00+09:00,2448.766631212899,2453.4541630490644,2398.1412873823106,2408.453857421875,7600,0.0,0.0
2022-08-10 00:00:00+09:00,2431.89158358782,2470.329345703125,2407.516417368359,2470.329345703125,13100,0.0,0.0
2022-08-12 00:00:00+09:00,2470.3295768821695,2472.20458984375,2452.5169537471556,2472.20458984375,10900,0.0,0.0
2022-08-15 00:00:00+09:00,2472.204454822411,2491.89208984375,2462.8293905265355,2491.89208984375,13900,0.0,0.0
2022-08-16 00:00:00+09:00,2493.7670705912033,2509.7046796889667,2485.329512833564,2496.57958984375,9800,0.0,0.0
2022-08-17 00:00:00+09:00,2516.2672116850376,2520.9547437485344,2498.45458984375,2498.45458984375,4800,0.0,0.0
2022-08-18 00:00:00+09:00,2504.079628319946,2507.8296539707435,2491.8920449548546,2498.45458984375,5700,0.0,0.0
2022-08-19 00:00:00+09:00,2498.454301571418,2512.516896139362,2493.7667700487696,2505.016845703125,16700,0.0,0.0
2022-08-22 00:00:00+09:00,2505.0171347326454,2505.0171347326454,2491.8920449548546,2498.45458984375,8400,0.0,0.0
2022-08-23 00:00:00+09:00,2498.454409152101,2504.0794472214866,2479.704282254149,2489.079345703125,6200,0.0,0.0
2022-08-24 00:00:00+09:00,2489.0796220887382,2496.579673680719,2474.079518904776,2484.39208984375,5500,0.0,0.0
2022-08-25 00:00:00+09:00,2509.704383544465,2509.704383544465,2489.0792447928857,2504.079345703125,6900,0.0,0.0
2022-08-26 00:00:00+09:00,2504.079892589131,2504.079892589131,2489.0797884028984,2495.642333984375,2200,0.0,0.0
2022-08-29 00:00:00+09:00,2489.0795642280796,2489.0795642280796,2457.204345703125,2457.204345703125,7400,0.0,0.0
2022-08-30 00:00:00+09:00,2457.20435194901,2491.89208984375,2451.5793133714847,2491.89208984375,5100,0.0,0.0
2022-08-31 00:00:00+09:00,2494.7045962685033,2495.6421026932567,2484.392025596217,2493.76708984375,3600,0.0,0.0
2022-09-01 00:00:00+09:00,2462.8293137014093,2499.3920633147914,2462.8293137014093,2467.516845703125,6200,0.0,0.0
2022-09-02 00:00:00+09:00,2493.766971620388,2493.766971620388,2438.4540951821914,2439.3916015625,8900,0.0,0.0
2022-09-05 00:00:00+09:00,2437.5165935610125,2443.1416318538454,2402.828857421875,2402.828857421875,5300,0.0,0.0
2022-09-06 00:00:00+09:00,2402.8289086388518,2427.204075094025,2392.5163382155088,2395.328857421875,12400,0.0,0.0
2022-09-07 00:00:00+09:00,2400.0163107947806,2405.6413490232057,2367.203587795633,2370.95361328125,6200,0.0,0.0
2022-09-08 00:00:00+09:00,2399.078871251806,2456.2667615004816,2399.078871251806,2432.8291015625,10100,0.0,0.0
2022-09-09 00:00:00+09:00,2424.391389110023,2440.328996849725,2418.7663510842453,2419.703857421875,11600,0.0,0.0
2022-09-12 00:00:00+09:00,2454.3917036474345,2461.891754689902,2432.829056900341,2439.3916015625,2200,0.0,0.0
2022-09-13 00:00:00+09:00,2444.0791783327313,2444.0791783327313,2427.2040631773843,2432.8291015625,1800,0.0,0.0
2022-09-14 00:00:00+09:00,2415.9540694138504,2433.766691578718,2410.3290308354713,2420.6416015625,5900,0.0,0.0
2022-09-15 00:00:00+09:00,2415.01644038968,2415.01644038968,2374.7036659577093,2402.828857421875,3300,0.0,0.0
2022-09-16 00:00:00+09:00,2374.7036179600664,2458.141684283969,2374.7036179600664,2445.9541015625,10600,0.0,0.0
2022-09-20 00:00:00+09:00,2442.203745171172,2481.579007089479,2439.3912264627215,2459.078857421875,8900,0.0,0.0
2022-09-21 00:00:00+09:00,2462.829254631075,2462.829254631075,2440.3291015625,2440.3291015625,2700,0.0,0.0
2022-09-22 00:00:00+09:00,2444.0789814445684,2463.7666142064927,2430.0163866146227,2461.8916015625,6700,0.0,0.0
2022-09-26 00:00:00+09:00,2507.8294113403226,2507.8294113403226,2447.8290067325543,2461.8916015625,21900,0.0,0.0
2022-09-27 00:00:00+09:00,2469.3918841636346,2475.9544290342287,2456.266794422446,2463.766845703125,12100,0.0,0.0
2022-09-28 00:00:00+09:00,2463.7670315166383,2494.7047453827145,2415.954200996338,2472.20458984375,20800,0.0,0.0
2022-09-29 00:00:00+09:00,2472.2043473539634,2519.5283203125,2472.2043473539634,2519.5283203125,5900,25.0,0.0
2022-09-30 00:00:00+09:00,2524.260686191944,2524.260686191944,2475.990234375,2475.990234375,6000,0.0,0.0
2022-10-03 00:00:00+09:00,2475.043701171875,2488.294413147556,2460.8465097693593,2475.043701171875,5000,0.0,0.0
2022-10-04 00:00:00+09:00,2516.688974551311,2559.280551781401,2480.722753779235,2546.976318359375,21500,0.0,0.0
2022-10-05 00:00:00+09:00,2560.227011565535,2564.959408999113,2529.939667990638,2533.7255859375,6500,0.0,0.0
2022-10-06 00:00:00+09:00,2535.618408203125,2554.5479969168478,2518.581778360775,2535.618408203125,8900,0.0,0.0
2022-10-07 00:00:00+09:00,2535.618211405359,2535.618211405359,2480.7224083962096,2489.24072265625,8000,0.0,0.0
2022-10-11 00:00:00+09:00,2480.7226157638956,2480.7226157638956,2417.308493193815,2454.22119140625,13900,0.0,0.0
2022-10-12 00:00:00+09:00,2438.1310789211393,2475.9902571652565,2433.398681640625,2433.398681640625,11200,0.0,0.0
2022-10-13 00:00:00+09:00,2433.3984701411628,2433.3984701411628,2413.522403290535,2421.09423828125,5800,0.0,0.0
2022-10-14 00:00:00+09:00,2468.418387492744,2468.418387492744,2422.040894782949,2445.702880859375,17900,0.0,0.0
2022-10-17 00:00:00+09:00,2442.8633432373426,2448.542219664861,2426.773193359375,2426.773193359375,5700,0.0,0.0
2022-10-18 00:00:00+09:00,2474.097289048921,2474.097289048921,2424.8803575146653,2450.435302734375,5800,0.0,0.0
2022-10-19 00:00:00+09:00,2433.398681640625,2455.167709130992,2432.452202184522,2433.398681640625,4900,0.0,0.0
2022-10-20 00:00:00+09:00,2428.666376953125,2435.291733398438,2410.6832666015625,2413.522705078125,5100,0.0,0.0
2022-10-21 00:00:00+09:00,2410.683001786,2414.468919338864,2400.271728515625,2400.271728515625,1400,0.0,0.0
2022-10-24 00:00:00+09:00,2400.2720213693046,2409.73681640625,2368.091718243691,2409.73681640625,3300,0.0,0.0
2022-10-25 00:00:00+09:00,2423.933771737014,2423.933771737014,2391.75347176081,2392.699951171875,10100,0.0,0.0
2022-10-26 00:00:00+09:00,2392.7000006156422,2410.6831097974846,2392.7000006156422,2402.164794921875,6500,0.0,0.0
2022-10-27 00:00:00+09:00,2408.7901845799815,2408.7901845799815,2389.860595703125,2389.860595703125,3000,0.0,0.0
2022-10-28 00:00:00+09:00,2372.823629160698,2405.00392568701,2353.89404296875,2353.89404296875,36500,0.0,0.0
2022-10-31 00:00:00+09:00,2401.218471679688,2401.218471679688,2357.6804150390626,2366.19873046875,6700,0.0,0.0
2022-11-01 00:00:00+09:00,2377.556557529821,2418.2551769461356,2369.984721359344,2380.39599609375,12100,0.0,0.0
2022-11-02 00:00:00+09:00,2380.396162681534,2396.486315669839,2372.824325981155,2374.71728515625,9400,0.0,0.0
2022-11-04 00:00:00+09:00,2423.9336941321885,2452.328075555057,2309.409689059953,2322.660400390625,43200,0.0,0.0
2022-11-07 00:00:00+09:00,2339.6971851794556,2390.8070751469677,2339.6971851794556,2389.860595703125,10400,0.0,0.0
2022-11-08 00:00:00+09:00,2389.8607373901464,2394.593134889929,2364.305790891321,2379.449462890625,12900,0.0,0.0
2022-11-09 00:00:00+09:00,2380.3959371697983,2440.0241455362784,2380.3959371697983,2435.291748046875,12400,0.0,0.0
2022-11-10 00:00:00+09:00,2398.37890625,2406.8972212287886,2354.84085191397,2398.37890625,7400,0.0,0.0
2022-11-11 00:00:00+09:00,2364.3057475211813,2424.8804344072323,2364.3057475211813,2408.790283203125,16900,0.0,0.0
2022-11-14 00:00:00+09:00,2423.9337132210235,2446.6492185382062,2390.8069346334655,2400.271728515625,19100,0.0,0.0
2022-11-15 00:00:00+09:00,2400.2718942996544,2400.2718942996544,2373.7704695991847,2394.593017578125,5500,0.0,0.0
2022-11-16 00:00:00+09:00,2368.0916413554996,2405.004340801089,2368.0916413554996,2404.057861328125,7000,0.0,0.0
2022-11-17 00:00:00+09:00,2376.609870360563,2415.41552734375,2376.609870360563,2415.41552734375,6900,0.0,0.0
2022-11-18 00:00:00+09:00,2418.2549726351594,2469.3648624677617,2418.2549726351594,2454.22119140625,14800,0.0,0.0
2022-11-21 00:00:00+09:00,2454.22108833287,2499.652099609375,2436.2379797025865,2499.652099609375,14000,0.0,0.0
2022-11-22 00:00:00+09:00,2498.705543569042,2552.6548678051918,2484.5083529805815,2549.8154296875,20000,0.0,0.0
2022-11-24 00:00:00+09:00,2554.5478736690284,2631.2127042608,2554.5478736690284,2623.640869140625,24100,0.0,0.0
2022-11-25 00:00:00+09:00,2650.1426074637875,2678.5369925437567,2611.3369478544964,2646.356689453125,21300,0.0,0.0
2022-11-28 00:00:00+09:00,2650.1426168007424,2685.1623585227526,2633.1059856927377,2676.64404296875,19500,0.0,0.0
2022-11-29 00:00:00+09:00,2633.105696603032,2671.9113520885544,2625.5338613863446,2667.178955078125,14400,0.0,0.0
2022-11-30 00:00:00+09:00,2667.179134874327,2667.179134874327,2635.9453125,2635.9453125,6000,0.0,0.0
2022-12-01 00:00:00+09:00,2635.9452896387756,2701.2523722186947,2635.9452896387756,2678.536865234375,16100,0.0,0.0
2022-12-02 00:00:00+09:00,2652.9818595109064,2685.1621603397934,2634.998750224175,2638.78466796875,12600,0.0,0.0
2022-12-05 00:00:00+09:00,2638.784451906009,2700.3056102180212,2638.784451906009,2699.359130859375,12600,0.0,0.0
2022-12-06 00:00:00+09:00,2672.858115527763,2678.5369925437567,2643.517250945128,2646.356689453125,7100,0.0,0.0
2022-12-07 00:00:00+09:00,2638.784622649761,2643.5170197492043,2617.962075412209,2620.801513671875,5900,0.0,0.0
2022-12-08 00:00:00+09:00,2619.8548295973337,2645.4097719380593,2575.3703003375526,2591.46044921875,10500,0.0,0.0
2022-12-09 00:00:00+09:00,2544.136693107221,2631.212800162974,2544.136693107221,2595.24658203125,12300,0.0,0.0
2022-12-12 00:00:00+09:00,2689.894716796875,2706.93134765625,2642.5707421875,2650.142578125,23400,0.0,0.0
2022-12-13 00:00:00+09:00,2697.466592100756,2702.1989896307573,2660.5538913667456,2676.64404296875,11500,0.0,0.0
2022-12-14 00:00:00+09:00,2660.5538279852417,2661.5003074686942,2636.8918408989266,2645.41015625,7700,0.0,0.0
2022-12-15 00:00:00+09:00,2640.677660472973,2640.677660472973,2625.5339893018017,2626.48046875,1800,0.0,0.0
2022-12-16 00:00:00+09:00,2649.1958669888772,2649.1958669888772,2568.7451171875,2568.7451171875,19900,0.0,0.0
2022-12-19 00:00:00+09:00,2550.762079174103,2596.193092087037,2527.1000932819497,2535.618408203125,19600,0.0,0.0
2022-12-20 00:00:00+09:00,2581.049436546411,2581.049436546411,2440.0239997860826,2454.22119140625,24800,0.0,0.0
2022-12-21 00:00:00+09:00,2456.1140265898603,2542.2436514143988,2456.1140265898603,2486.4013671875,14200,0.0,0.0
2022-12-22 00:00:00+09:00,2518.5820055367412,2576.3172563213116,2507.224251284039,2561.173583984375,12900,0.0,0.0
2022-12-23 00:00:00+09:00,2546.029742267893,2613.229783792436,2546.029742267893,2575.37060546875,5800,0.0,0.0
2022-12-26 00:00:00+09:00,2638.7847897298,2644.463666608702,2589.567856779316,2615.122802734375,15100,0.0,0.0
2022-12-27 00:00:00+09:00,2575.370737204454,2593.3538478280793,2575.370737204454,2581.99609375,4700,0.0,0.0
2022-12-28 00:00:00+09:00,2581.9959724334817,2617.9621919908395,2577.263575123303,2605.657958984375,13900,0.0,0.0
2022-12-29 00:00:00+09:00,2635.9453125,2635.9453125,2598.086133864452,2635.9453125,13800,0.0,0.0
2022-12-30 00:00:00+09:00,2663.393291015625,2683.2693603515627,2642.5707421875,2650.142578125,6000,0.0,0.0
2023-01-04 00:00:00+09:00,2650.142476096082,2650.142476096082,2535.618461950501,2536.56494140625,6800,0.0,0.0
2023-01-05 00:00:00+09:00,2499.6522389020106,2504.384636173692,2441.9169921875,2441.9169921875,8700,0.0,0.0
2023-01-06 00:00:00+09:00,2447.59582655113,2475.0437302518194,2435.2915938577175,2471.2578125,12400,0.0,0.0
2023-01-10 00:00:00+09:00,2471.257859884742,2485.455051726286,2427.719804904007,2433.398681640625,11800,0.0,0.0
2023-01-11 00:00:00+09:00,2435.291631493066,2461.793056165357,2435.291631493066,2450.435302734375,11200,0.0,0.0
2023-01-12 00:00:00+09:00,2466.5255178164925,2484.5086278849935,2459.9001614754657,2481.669189453125,5600,0.0,0.0
2023-01-13 00:00:00+09:00,2481.6690670942303,2487.34794367797,2401.218315491252,2402.164794921875,17800,0.0,0.0
2023-01-16 00:00:00+09:00,2369.984565396524,2405.0043053804184,2367.1451270194516,2369.0380859375,13300,0.0,0.0
2023-01-17 00:00:00+09:00,2389.8602183420003,2390.806697636393,2373.7700703373216,2383.23486328125,9200,0.0,0.0
2023-01-18 00:00:00+09:00,2383.235103460749,2406.8970882051963,2370.930871393636,2391.75341796875,16500,0.0,0.0
2023-01-19 00:00:00+09:00,2383.235434657679,2391.753750349466,2374.717118965892,2380.39599609375,8100,0.0,0.0
2023-01-20 00:00:00+09:00,2380.395825774302,2405.0042915675954,2369.984551784832,2394.593017578125,7600,0.0,0.0
2023-01-23 00:00:00+09:00,2396.4859518100247,2403.1113079169245,2380.3958012646967,2389.860595703125,15400,0.0,0.0
2023-01-24 00:00:00+09:00,2390.8068698999195,2424.880126953125,2390.8068698999195,2424.880126953125,17100,0.0,0.0
2023-01-25 00:00:00+09:00,2440.0241993249806,2449.4889945124323,2402.165018575175,2436.23828125,14300,0.0,0.0
2023-01-26 00:00:00+09:00,2442.8634222245864,2447.5958194005348,2432.4521484375,2432.4521484375,4500,0.0,0.0
2023-01-27 00:00:00+09:00,2432.4524084189443,2432.4524084189443,2402.165063255751,2406.8974609375,14700,0.0,0.0
2023-01-30 00:00:00+09:00,2407.843700670876,2420.147933418015,2387.9676323870362,2398.37890625,18200,0.0,0.0
2023-01-31 00:00:00+09:00,2398.3789553852203,2424.880380306604,2395.5395170007864,2407.84375,9700,0.0,0.0
2023-02-01 00:00:00+09:00,2406.8971132395955,2422.987263033175,2389.8604840463936,2396.48583984375,7400,0.0,0.0
2023-02-02 00:00:00+09:00,2391.75341796875,2422.0407584416425,2385.1280622403046,2391.75341796875,13100,0.0,0.0
2023-02-03 00:00:00+09:00,2391.7534140216817,2404.057646068489,2385.12805830417,2400.271728515625,13400,0.0,0.0
2023-02-06 00:00:00+09:00,2415.4154237689395,2426.7731765452822,2391.753438818225,2405.004150390625,19000,0.0,0.0
2023-02-07 00:00:00+09:00,2420.147937906095,2421.0944173499383,2385.128198483911,2389.860595703125,8500,0.0,0.0
2023-02-08 00:00:00+09:00,2394.593250987294,2412.576362358345,2394.593250987294,2411.6298828125,7300,0.0,0.0
2023-02-09 00:00:00+09:00,2416.362319800523,2485.4553277697505,2416.362319800523,2476.93701171875,17900,0.0,0.0
2023-02-10 00:00:00+09:00,2457.0604544871485,2478.829480085455,2414.468882664374,2421.09423828125,37500,0.0,0.0
2023-02-13 00:00:00+09:00,2408.7903076171874,2426.77341796875,2392.70015625,2413.522705078125,19500,0.0,0.0
2023-02-14 00:00:00+09:00,2414.4690592384927,2446.649360302432,2414.4690592384927,2445.702880859375,10800,0.0,0.0
2023-02-15 00:00:00+09:00,2477.8832068592483,2477.8832068592483,2433.398672587902,2450.435302734375,15300,0.0,0.0
2023-02-16 00:00:00+09:00,2453.2746084672735,2469.364758291326,2432.452061636147,2443.809814453125,14500,0.0,0.0
2023-02-17 00:00:00+09:00,2437.1845208181044,2445.7028356481483,2424.8802882858186,2427.7197265625,19000,0.0,0.0
2023-02-20 00:00:00+09:00,2427.719804904007,2443.809955657757,2420.147969255184,2433.398681640625,17300,0.0,0.0
2023-02-21 00:00:00+09:00,2433.3984160171526,2441.916730192242,2415.4153083141864,2420.147705078125,21100,0.0,0.0
2023-02-22 00:00:00+09:00,2414.4691553078505,2422.0409911535826,2401.218442577819,2417.30859375,14000,0.0,0.0
2023-02-24 00:00:00+09:00,2413.522416633989,2456.1139886922356,2411.6294578758448,2451.381591796875,33400,0.0,0.0
2023-02-27 00:00:00+09:00,2451.3816456001546,2465.5788365978387,2436.2379752026245,2452.328125,22200,0.0,0.0
2023-02-28 00:00:00+09:00,2447.595882716106,2447.595882716106,2416.362060546875,2416.362060546875,24000,0.0,0.0
2023-03-01 00:00:00+09:00,2414.469112291465,2448.542372990208,2397.432481942094,2446.6494140625,26800,0.0,0.0
2023-03-02 00:00:00+09:00,2436.238041392544,2448.5422739248293,2423.9338088602585,2427.7197265625,32000,0.0,0.0
2023-03-03 00:00:00+09:00,2404.057807576802,2426.7733144200474,2401.218369221396,2403.111328125,192200,0.0,0.0
2023-03-06 00:00:00+09:00,2400.271982543565,2430.559326171875,2400.271982543565,2430.559326171875,23600,0.0,0.0
2023-03-07 00:00:00+09:00,2415.415567466085,2446.649389459181,2415.415567466085,2441.9169921875,36400,0.0,0.0
2023-03-08 00:00:00+09:00,2413.5224656325117,2460.846435546875,2413.5224656325117,2460.846435546875,30100,0.0,0.0
2023-03-09 00:00:00+09:00,2422.9872596153846,2485.4548999023436,2422.9872596153846,2460.846435546875,86900,0.0,0.0
2023-03-10 00:00:00+09:00,2440.9703722018526,2470.311233597067,2440.9703722018526,2452.328125,53600,0.0,0.0
2023-03-13 00:00:00+09:00,2446.6492277122443,2446.6492277122443,2411.6294902169434,2439.077392578125,18200,0.0,0.0
2023-03-14 00:00:00+09:00,2418.254924598851,2418.254924598851,2373.770391739303,2388.9140625,22400,0.0,0.0
2023-03-15 00:00:00+09:00,2421.094467108913,2421.094467108913,2386.0747269669932,2399.325439453125,17300,0.0,0.0
2023-03-16 00:00:00+09:00,2375.6634514115945,2375.6634514115945,2336.8577934403293,2352.00146484375,22900,0.0,0.0
2023-03-17 00:00:00+09:00,2352.00146484375,2369.9845746353117,2347.269067530181,2352.00146484375,19300,0.0,0.0
2023-03-20 00:00:00+09:00,2359.5732850261475,2370.9310385040108,2330.232421875,2330.232421875,22000,0.0,0.0
2023-03-22 00:00:00+09:00,2365.2521879539445,2382.288818359375,2353.894434350324,2382.288818359375,16800,0.0,0.0
2023-03-23 00:00:00+09:00,2356.7341729928507,2374.71728515625,2348.215856704925,2374.71728515625,18500,0.0,0.0
2023-03-24 00:00:00+09:00,2370.9309823172434,2386.074653262184,2361.4661879766554,2385.128173828125,26400,0.0,0.0
2023-03-27 00:00:00+09:00,2398.3789892057243,2412.576181328094,2392.700112356776,2395.53955078125,43500,0.0,0.0
2023-03-28 00:00:00+09:00,2400.272234020028,2400.272234020028,2367.1454484558712,2374.71728515625,30000,0.0,0.0
2023-03-29 00:00:00+09:00,2370.930884161141,2425.826689063874,2370.930884161141,2422.040771484375,133200,0.0,0.0
2023-03-30 00:00:00+09:00,2429.7543811457094,2442.2888283500324,2406.613863230036,2426.86181640625,57500,47.0,0.0
2023-03-31 00:00:00+09:00,2426.8619462991064,2448.0740888571436,2413.3633101258097,2437.468017578125,25500,0.0,0.0
2023-04-03 00:00:00+09:00,2457.7159659269705,2491.462556279047,2449.0382712650076,2489.5341796875,45400,0.0,0.0
2023-04-04 00:00:00+09:00,2489.5340526212594,2514.602947031853,2463.5009699641046,2497.24755859375,106100,0.0,0.0
2023-04-05 00:00:00+09:00,2494.355010757957,2494.355010757957,2445.1814098500886,2448.073974609375,20500,0.0,0.0
2023-04-06 00:00:00+09:00,2445.1815899343787,2474.107239657577,2443.253213286165,2451.930908203125,25200,0.0,0.0
2023-04-07 00:00:00+09:00,2465.429217110405,2491.4622984017547,2463.500840718453,2486.641357421875,22700,0.0,0.0
2023-04-10 00:00:00+09:00,2510.7463221945195,2516.5314519691615,2484.713238208632,2489.5341796875,19300,0.0,0.0
2023-04-11 00:00:00+09:00,2516.531456867247,2531.9584696296515,2503.032820700143,2526.17333984375,21000,0.0,0.0
2023-04-12 00:00:00+09:00,2517.495491871663,2535.815068411518,2515.5671153937833,2528.1015625,24000,0.0,0.0
2023-04-13 00:00:00+09:00,2526.1735081528172,2551.242405561967,2525.2093197909267,2545.457275390625,30300,0.0,0.0
2023-04-14 00:00:00+09:00,2559.9198611589222,2584.0245679494956,2559.9198611589222,2582.09619140625,25100,0.0,0.0
2023-04-17 00:00:00+09:00,2598.487437284977,2629.341462514335,2583.0604246702983,2627.4130859375,25700,0.0,0.0
2023-04-18 00:00:00+09:00,2651.517618475897,2681.4074534478073,2643.8041126766943,2660.1953125,28500,0.0,0.0
2023-04-19 00:00:00+09:00,2649.5892343405458,2649.5892343405458,2591.737941014333,2623.55615234375,27500,0.0,0.0
2023-04-20 00:00:00+09:00,2623.556196127427,2651.5176550350698,2614.878501983676,2650.553466796875,13300,0.0,0.0
2023-04-21 00:00:00+09:00,2650.553322097806,2661.1593921389394,2629.3411820155393,2637.0546875,16900,0.0,0.0
2023-04-24 00:00:00+09:00,2639.947599937272,2656.3388012517107,2631.2699051237455,2641.8759765625,20500,0.0,0.0
2023-04-25 00:00:00+09:00,2655.374626179138,2680.4435224321,2637.0550481481273,2644.7685546875,25100,0.0,0.0
2023-04-26 00:00:00+09:00,2637.0551365539595,2642.8402666524325,2626.449064706759,2628.37744140625,15600,0.0,0.0
2023-04-27 00:00:00+09:00,2641.8757959555464,2651.5176784225373,2630.305536995157,2638.01904296875,14900,0.0,0.0
2023-04-28 00:00:00+09:00,2634.162243731897,2663.087890625,2634.162243731897,2663.087890625,14300,0.0,0.0
2023-05-01 00:00:00+09:00,2663.08790040485,2668.8730298047158,2637.0548181054546,2647.660888671875,18500,0.0,0.0
2023-05-02 00:00:00+09:00,2639.947422832067,2663.0879407823845,2629.341352104838,2656.338623046875,20000,0.0,0.0
2023-05-08 00:00:00+09:00,2650.55350018811,2708.404795208585,2650.55350018811,2692.977783203125,20400,0.0,0.0
2023-05-09 00:00:00+09:00,2692.9780435393877,2735.4023306556546,2692.013855195836,2732.509765625,14600,0.0,0.0
2023-05-10 00:00:00+09:00,2747.936792276172,2777.826631069351,2713.226011742157,2735.40234375,41300,0.0,0.0
2023-05-11 00:00:00+09:00,2718.0468789308607,2780.719119842711,2714.1901256439774,2754.68603515625,27400,0.0,0.0
2023-05-12 00:00:00+09:00,2754.6857261906357,2828.9282186360956,2728.652644424046,2810.608642578125,50300,0.0,0.0
2023-05-15 00:00:00+09:00,2810.608836336547,2827.96422537739,2766.256175454392,2817.358154296875,33500,0.0,0.0
2023-05-16 00:00:00+09:00,2799.038553423126,2833.7493312127344,2793.2534237915247,2829.892578125,18900,0.0,0.0
2023-05-17 00:00:00+09:00,2831.820970779744,2853.997301160382,2817.3581466184582,2851.104736328125,25700,0.0,0.0
2023-05-18 00:00:00+09:00,2867.4961085809723,2902.2068886444945,2867.4961085809723,2888.708251953125,37400,0.0,0.0
2023-05-19 00:00:00+09:00,2888.7080477849418,2935.9532728655367,2879.066165115433,2897.3857421875,20000,0.0,0.0
2023-05-22 00:00:00+09:00,2907.027691367446,2916.669574257554,2891.600678743274,2911.8486328125,16200,0.0,0.0
2023-05-23 00:00:00+09:00,2926.3115609665547,2935.9534441987344,2911.848736118285,2916.669677734375,22900,0.0,0.0
2023-05-24 00:00:00+09:00,2916.669667735441,2916.669667735441,2814.4657058247117,2825.07177734375,23900,0.0,0.0
2023-05-25 00:00:00+09:00,2803.859634305674,2842.4271671021756,2803.859634305674,2825.07177734375,20400,0.0,0.0
2023-05-26 00:00:00+09:00,2810.608574808055,2811.5727629983835,2790.360622811153,2796.145751953125,12400,0.0,0.0
2023-05-29 00:00:00+09:00,2844.355304302947,2844.355304302947,2791.324951171875,2791.324951171875,15500,0.0,0.0
2023-05-30 00:00:00+09:00,2796.1458789197573,2811.5728906655213,2762.399290725898,2788.432373046875,10700,0.0,0.0
2023-05-31 00:00:00+09:00,2788.4322877900613,2790.3606641993215,2728.6526191029993,2752.75732421875,33200,0.0,0.0
2023-06-01 00:00:00+09:00,2732.5095671601116,2808.680440768315,2725.7602492454603,2777.826416015625,27200,0.0,0.0
2023-06-02 00:00:00+09:00,2777.8263852584073,2834.713492766303,2777.8263852584073,2824.107421875,19800,0.0,0.0
2023-06-05 00:00:00+09:00,2851.1045787162525,2863.639025629783,2807.7161086309525,2834.71337890625,32200,0.0,0.0
2023-06-06 00:00:00+09:00,2796.146051568897,2842.4270896638304,2793.2534866879637,2826.035888671875,8600,0.0,0.0
2023-06-07 00:00:00+09:00,2851.1047306407104,2859.782425120172,2809.6446347943966,2814.465576171875,19700,0.0,0.0
2023-06-08 00:00:00+09:00,2814.465675147804,2814.465675147804,2780.7190843186936,2782.6474609375,16100,0.0,0.0
2023-06-09 00:00:00+09:00,2787.4682912734966,2839.5344579039943,2787.4682912734966,2811.572998046875,22900,0.0,0.0
2023-06-12 00:00:00+09:00,2826.999976456388,2850.140494681133,2821.214846900202,2839.534423828125,14500,0.0,0.0
2023-06-13 00:00:00+09:00,2848.2123892721747,2860.746837837015,2837.6063174096175,2845.31982421875,15100,0.0,0.0
2023-06-14 00:00:00+09:00,2849.1764234729512,2855.9257415657803,2818.322397905731,2847.248046875,12900,0.0,0.0
2023-06-15 00:00:00+09:00,2847.2479229203805,2892.564770999371,2845.319546406381,2873.281005859375,18200,0.0,0.0
2023-06-16 00:00:00+09:00,2902.2068528861055,2921.490619350465,2890.63659300749,2916.669677734375,23200,0.0,0.0
2023-06-19 00:00:00+09:00,2916.669470437526,2916.669470437526,2879.066128504612,2907.027587890625,12000,0.0,0.0
2023-06-20 00:00:00+09:00,2892.564691232496,2931.1322204489293,2892.564691232496,2926.311279296875,17300,0.0,0.0
2023-06-21 00:00:00+09:00,2926.311449116459,2974.5208634346873,2926.311449116459,2945.59521484375,26600,0.0,0.0
2023-06-22 00:00:00+09:00,2974.5207961233036,2974.5207961233036,2931.13232421875,2931.13232421875,14700,0.0,0.0
2023-06-23 00:00:00+09:00,2940.7742653631067,2955.237089618991,2867.4959557999605,2890.636474609375,23800,0.0,0.0
2023-06-26 00:00:00+09:00,2878.1019337544876,2887.743816279628,2845.319533169009,2870.388427734375,21000,0.0,0.0
2023-06-27 00:00:00+09:00,2845.319546406381,2879.0661354013737,2838.5702286073824,2873.281005859375,10900,0.0,0.0
2023-06-28 00:00:00+09:00,2873.281122537023,2892.5648884600905,2864.603427871643,2880.99462890625,18100,0.0,0.0
2023-06-29 00:00:00+09:00,2860.7465585183777,2891.600582742371,2860.7465585183777,2873.281005859375,8400,0.0,0.0
2023-06-30 00:00:00+09:00,2873.281164277646,2877.1379175182874,2800.967041015625,2800.967041015625,19100,0.0,0.0
2023-07-03 00:00:00+09:00,2807.7162214066234,2858.8181993374446,2807.7162214066234,2824.107421875,20700,0.0,0.0
2023-07-04 00:00:00+09:00,2835.677820181395,2835.677820181395,2798.074476085144,2800.967041015625,16800,0.0,0.0
2023-07-05 00:00:00+09:00,2781.6831557729165,2803.859485957588,2763.36357866384,2774.933837890625,11600,0.0,0.0
2023-07-06 00:00:00+09:00,2747.9365100599316,2763.363522046233,2737.3304393193494,2745.0439453125,14500,0.0,0.0
2023-07-07 00:00:00+09:00,2719.01086929343,2761.4351523604196,2707.44061027516,2711.29736328125,21200,0.0,0.0
2023-07-10 00:00:00+09:00,2768.1844290366907,2768.1844290366907,2699.727064194613,2702.61962890625,41800,0.0,0.0
2023-07-11 00:00:00+09:00,2702.619766921695,2708.4048966404002,2675.6224949010716,2679.479248046875,17800,0.0,0.0
2023-07-12 00:00:00+09:00,2673.6940784881263,2684.300149481047,2655.3745013185357,2670.801513671875,15400,0.0,0.0
2023-07-13 00:00:00+09:00,2665.9806120365633,2684.300189479129,2652.4819760262517,2679.479248046875,13800,0.0,0.0
2023-07-14 00:00:00+09:00,2711.297346480175,2712.2615347257224,2683.335887359291,2690.085205078125,16800,0.0,0.0
2023-07-18 00:00:00+09:00,2690.0854285944097,2741.187409854447,2690.0854285944097,2739.259033203125,15700,0.0,0.0
2023-07-19 00:00:00+09:00,2752.7575816000317,2788.432548506932,2735.402192293972,2755.650146484375,21700,0.0,0.0
2023-07-20 00:00:00+09:00,2775.897976133257,2775.897976133257,2708.4047985266825,2711.29736328125,16300,0.0,0.0
2023-07-21 00:00:00+09:00,2711.297453510905,2743.1156668700305,2704.5481355256366,2713.225830078125,11300,0.0,0.0
2023-07-24 00:00:00+09:00,2743.1155588441156,2773.9695827045766,2725.7601704226063,2760.470947265625,17600,0.0,0.0
2023-07-25 00:00:00+09:00,2779.7547121784132,2789.396594634807,2750.829064809231,2760.470947265625,18600,0.0,0.0
2023-07-26 00:00:00+09:00,2747.9365266711507,2770.1128565355143,2743.1155853962887,2766.256103515625,8000,0.0,0.0
2023-07-27 00:00:00+09:00,2774.934001252585,2774.934001252585,2738.2948448774637,2739.259033203125,7700,0.0,0.0
2023-07-28 00:00:00+09:00,2733.473848281806,2733.473848281806,2700.6914458685496,2709.369140625,23800,0.0,0.0
2023-07-31 00:00:00+09:00,2751.7933774875482,2755.6501306445034,2721.9035405211453,2734.43798828125,14000,0.0,0.0
2023-08-01 00:00:00+09:00,2724.7960921643353,2746.008234424638,2724.7960921643353,2731.54541015625,12100,0.0,0.0
2023-08-02 00:00:00+09:00,2731.5453263366207,2778.790550830265,2730.5811380816485,2766.256103515625,24100,0.0,0.0
2023-08-03 00:00:00+09:00,2743.1157902422447,2792.28939491794,2743.1157902422447,2775.898193359375,29900,0.0,0.0
2023-08-04 00:00:00+09:00,2789.3966829644405,2791.3250595167833,2728.6528215656294,2744.079833984375,13800,0.0,0.0
2023-08-07 00:00:00+09:00,2757.578389254244,2800.9668604138387,2735.402059550451,2797.110107421875,16600,0.0,0.0
2023-08-08 00:00:00+09:00,2805.787916137273,2814.4656107232645,2786.504150390625,2786.504150390625,6900,0.0,0.0
2023-08-09 00:00:00+09:00,2808.6804168848803,2808.6804168848803,2766.256133210684,2790.36083984375,14200,0.0,0.0
2023-08-10 00:00:00+09:00,2790.3609978268983,2832.78528390305,2790.3609978268983,2825.07177734375,27100,0.0,0.0
2023-08-14 00:00:00+09:00,2873.28092524846,2935.9531601951544,2843.391090120036,2855.925537109375,59700,0.0,0.0
2023-08-15 00:00:00+09:00,2847.248031132053,2879.0662448223193,2826.035888671875,2826.035888671875,18100,0.0,0.0
2023-08-16 00:00:00+09:00,2824.1075582418357,2830.8568764076576,2782.6474609375,2782.6474609375,19200,0.0,0.0
2023-08-17 00:00:00+09:00,3066.1187676664576,3070.9397091250526,2863.639226405465,2878.10205078125,239300,0.0,0.0
2023-08-18 00:00:00+09:00,2855.925893221121,2855.925893221121,2772.0415067558147,2808.6806640625,76900,0.0,0.0
2023-08-21 00:00:00+09:00,2793.2534208991074,2844.35539925867,2790.360856086302,2811.572998046875,41400,0.0,0.0
2023-08-22 00:00:00+09:00,2811.5727718553226,2846.2835468164994,2807.7160190818586,2832.784912109375,32600,0.0,0.0
2023-08-23 00:00:00+09:00,2840.498631471607,2880.9945386412633,2834.713501875942,2879.066162109375,34700,0.0,0.0
2023-08-24 00:00:00+09:00,2892.5647640702737,2926.311352984427,2880.0303167593024,2907.027587890625,26900,0.0,0.0
2023-08-25 00:00:00+09:00,2907.0275146886584,2926.311279296875,2883.8869971587987,2926.311279296875,34200,0.0,0.0
2023-08-28 00:00:00+09:00,2940.7740851724225,3027.551025390625,2935.9531440491887,3027.551025390625,36200,0.0,0.0
2023-08-29 00:00:00+09:00,3027.5512893676755,3095.044470977783,3027.5512893676755,3085.402587890625,42100,0.0,0.0
2023-08-30 00:00:00+09:00,3109.507306436125,3191.463312962348,3109.507306436125,3177.00048828125,39300,0.0,0.0
2023-08-31 00:00:00+09:00,3205.9261571028546,3263.777456178395,3201.1052155132265,3234.851806640625,33100,0.0,0.0
2023-09-01 00:00:00+09:00,3234.8514273966166,3249.314250469925,3196.2838992011275,3205.92578125,23800,0.0,0.0
2023-09-04 00:00:00+09:00,3225.2096435184108,3278.2399964013744,3225.2096435184108,3244.493408203125,23300,0.0,0.0
2023-09-05 00:00:00+09:00,3234.8515496692517,3302.3447265625,3234.8515496692517,3302.3447265625,27300,0.0,0.0
2023-09-06 00:00:00+09:00,3307.165829713317,3355.375244140625,3307.165829713317,3355.375244140625,26400,0.0,0.0
2023-09-07 00:00:00+09:00,3355.375073383309,3374.6588381728684,3336.09130859375,3336.09130859375,28400,0.0,0.0
2023-09-08 00:00:00+09:00,3307.1658748976524,3340.9124654578327,3307.1658748976524,3311.98681640625,25000,0.0,0.0
2023-09-11 00:00:00+09:00,3311.986742210112,3360.196156216082,3311.986742210112,3331.2705078125,16000,0.0,0.0
2023-09-12 00:00:00+09:00,3369.838031233211,3374.658972622672,3360.196148454289,3365.01708984375,11500,0.0,0.0
2023-09-13 00:00:00+09:00,3360.19618047458,3374.6590047807836,3205.926054541744,3230.03076171875,104500,0.0,0.0
2023-09-14 00:00:00+09:00,3302.3447633801934,3336.0913522030564,3283.060998338557,3292.702880859375,21500,0.0,0.0
2023-09-15 00:00:00+09:00,3321.6284913891423,3321.6284913891423,3283.0609617358577,3302.3447265625,15900,0.0,0.0
2023-09-19 00:00:00+09:00,3302.3449333890553,3311.98681640625,3292.703050371861,3311.98681640625,15600,0.0,0.0
2023-09-20 00:00:00+09:00,3321.62861088344,3321.62861088344,3239.672607421875,3239.672607421875,22200,0.0,0.0
2023-09-21 00:00:00+09:00,3234.851666041783,3254.135431562151,3220.3888419015066,3239.672607421875,16800,0.0,0.0
2023-09-22 00:00:00+09:00,3230.0306878245547,3258.9563357752227,3210.74692252411,3249.314453125,15800,0.0,0.0
2023-09-25 00:00:00+09:00,3268.5981140590175,3268.5981140590175,3244.493408203125,3244.493408203125,8600,0.0,0.0
2023-09-26 00:00:00+09:00,3244.493615089699,3268.5983224826387,3244.493615089699,3254.135498046875,13300,0.0,0.0
2023-09-27 00:00:00+09:00,3244.4934819197265,3244.4934819197265,3201.1050103933107,3225.209716796875,22700,0.0,0.0
2023-09-28 00:00:00+09:00,3268.925028993953,3346.640928643141,3268.925028993953,3288.35400390625,26000,25.0,0.0
2023-09-29 00:00:00+09:00,3298.0684847445104,3298.0684847445104,3234.92431640625,3234.92431640625,18100,0.0,0.0
2023-10-02 00:00:00+09:00,3244.6386438043683,3288.3538351131097,3196.0662090168776,3210.637939453125,22800,0.0,0.0
2023-10-03 00:00:00+09:00,3225.209782711161,3244.638757305807,3181.4945898732085,3220.3525390625,18500,0.0,0.0
2023-10-04 00:00:00+09:00,3181.4946949810064,3205.780914026663,3157.2084759353497,3176.637451171875,21900,0.0,0.0
2023-10-05 00:00:00+09:00,3191.2089655381287,3254.3531307618664,3186.3517220593794,3210.637939453125,33100,0.0,0.0
2023-10-06 00:00:00+09:00,3152.3511089914027,3268.9249558570323,3152.3511089914027,3239.781494140625,11600,0.0,0.0
2023-10-10 00:00:00+09:00,3273.7822191977752,3273.7822191977752,3220.3525390625,3220.3525390625,14700,0.0,0.0
2023-10-11 00:00:00+09:00,3239.7813814320957,3259.2103552337876,3220.3524076304043,3230.06689453125,14100,0.0,0.0
2023-10-12 00:00:00+09:00,3268.9248981728647,3298.068359375,3230.0669499033506,3298.068359375,10200,0.0,0.0
2023-10-13 00:00:00+09:00,3298.068557648969,3336.9265082545535,3244.6388755662906,3283.496826171875,21500,0.0,0.0
2023-10-16 00:00:00+09:00,3244.638624882519,3298.068302837171,3225.209651080827,3230.06689453125,13900,0.0,0.0
2023-10-17 00:00:00+09:00,3264.06757127193,3351.4979526452853,3264.06757127193,3322.3544921875,16200,0.0,0.0
2023-10-18 00:00:00+09:00,3351.498165646115,3424.3568214210304,3332.069190772804,3414.642333984375,35000,0.0,0.0
2023-10-19 00:00:00+09:00,3409.7848359036307,3463.2145128194993,3361.21240234375,3361.21240234375,26300,0.0,0.0
2023-10-20 00:00:00+09:00,3385.4988914129563,3448.643060119367,3370.927160173015,3395.21337890625,19100,0.0,0.0
2023-10-23 00:00:00+09:00,3443.7856828414765,3482.643631307953,3404.927734375,3404.927734375,17200,0.0,0.0
2023-10-24 00:00:00+09:00,3438.9282589285713,3468.07171875,3380.6413392857144,3400.0703125,27600,0.0,0.0
2023-10-25 00:00:00+09:00,3400.0706226528973,3429.214085132779,3375.784403919662,3395.21337890625,14300,0.0,0.0
2023-10-26 00:00:00+09:00,3346.640756487673,3370.92697387873,3307.7828086619816,3336.92626953125,13100,0.0,0.0
2023-10-27 00:00:00+09:00,3336.9263245586662,3404.927734375,3336.9263245586662,3404.927734375,22400,0.0,0.0
2023-10-30 00:00:00+09:00,3414.6422801246144,3419.499523766328,3322.354650932057,3346.640869140625,13200,0.0,0.0
2023-10-31 00:00:00+09:00,3375.784226556904,3429.2139049628404,3341.783522116762,3390.35595703125,20800,0.0,0.0
2023-11-01 00:00:00+09:00,3424.3567360053626,3497.215389962924,3419.499492408192,3438.928466796875,21900,0.0,0.0
2023-11-02 00:00:00+09:00,3487.5008075420674,3536.0732421875,3409.784912109375,3409.784912109375,27100,0.0,0.0
2023-11-06 00:00:00+09:00,3487.5010426200747,3526.3589929556747,3477.786555036175,3482.643798828125,20600,0.0,0.0
2023-11-07 00:00:00+09:00,3482.643545004869,3521.5014925084097,3424.356623749557,3429.2138671875,14400,0.0,0.0
2023-11-08 00:00:00+09:00,3409.785165640024,3409.785165640024,3264.067850869083,3283.496826171875,29900,0.0,0.0
2023-11-09 00:00:00+09:00,3283.4966943791483,3312.6401561635785,3249.4959889639795,3293.211181640625,30200,0.0,0.0
2023-11-10 00:00:00+09:00,3157.208423614502,3171.780154800415,3001.7766242980956,3108.635986328125,49300,0.0,0.0
2023-11-13 00:00:00+09:00,3176.6371190943423,3176.6371190943423,3064.92052316289,3074.635009765625,18500,0.0,0.0
2023-11-14 00:00:00+09:00,3113.492993359375,3113.492993359375,3026.0626128906247,3035.777099609375,22600,0.0,0.0
2023-11-15 00:00:00+09:00,3094.0642750098273,3108.636006289308,3040.6345936517296,3089.20703125,18100,0.0,0.0
2023-11-16 00:00:00+09:00,3098.9213588611824,3103.7786023703693,3055.206167278501,3064.920654296875,10700,0.0,0.0
2023-11-17 00:00:00+09:00,3064.9205803377367,3142.636474609375,3060.063336945759,3142.636474609375,25000,0.0,0.0
2023-11-20 00:00:00+09:00,3142.636512051912,3142.636512051912,3089.2068341035797,3103.778564453125,14800,0.0,0.0
2023-11-21 00:00:00+09:00,3123.20751953125,3142.636493214182,3108.6357892690517,3123.20751953125,12800,0.0,0.0
2023-11-22 00:00:00+09:00,3142.636530750638,3230.0669133681213,3137.779287271889,3210.637939453125,16200,0.0,0.0
2023-11-24 00:00:00+09:00,3264.0676369863013,3298.0683415382423,3191.208984375,3191.208984375,22900,0.0,0.0
2023-11-27 00:00:00+09:00,3220.352558697482,3259.210508123696,3191.2090966278215,3200.923583984375,12200,0.0,0.0
2023-11-28 00:00:00+09:00,3196.0662187983744,3196.0662187983744,3118.350322900542,3137.779296875,11300,0.0,0.0
2023-11-29 00:00:00+09:00,3113.4931256921705,3162.0655613503945,3113.4931256921705,3152.35107421875,8300,0.0,0.0
2023-11-30 00:00:00+09:00,3137.779389738305,3171.7800951998656,3108.63592791411,3166.9228515625,12600,0.0,0.0
2023-12-01 00:00:00+09:00,3166.922890988936,3171.7801346867723,3128.06494140625,3128.06494140625,18800,0.0,0.0
2023-12-04 00:00:00+09:00,3142.6365403686145,3166.922757836687,3113.4930794069273,3137.779296875,35200,0.0,0.0
2023-12-05 00:00:00+09:00,3137.7793351415557,3137.7793351415557,3089.2068996130483,3098.92138671875,14900,0.0,0.0
2023-12-06 00:00:00+09:00,3108.6357708655332,3157.208204785307,3108.6357708655332,3142.636474609375,10200,0.0,0.0
2023-12-07 00:00:00+09:00,3142.636512051912,3142.636512051912,3094.064077553428,3103.778564453125,16300,0.0,0.0
2023-12-08 00:00:00+09:00,3103.7786023703693,3118.35033289793,3060.063410787688,3064.920654296875,34700,0.0,0.0
2023-12-11 00:00:00+09:00,3132.922072366019,3132.922072366019,3084.3496371355386,3118.350341796875,29200,0.0,0.0
2023-12-12 00:00:00+09:00,3132.922091588705,3132.922091588705,3094.064143165899,3098.92138671875,26400,0.0,0.0
2023-12-13 00:00:00+09:00,3128.0648949395477,3128.0648949395477,3089.2069459340873,3113.4931640625,19000,0.0,0.0
2023-12-14 00:00:00+09:00,3128.064809887771,3157.208270849458,3123.2075663941564,3137.779296875,13500,0.0,0.0
2023-12-15 00:00:00+09:00,3118.35043447989,3147.493896484375,3118.35043447989,3147.493896484375,17200,0.0,0.0
2023-12-18 00:00:00+09:00,3157.2082611868855,3225.209669889372,3132.92204379314,3210.637939453125,24200,0.0,0.0
2023-12-19 00:00:00+09:00,3234.9242203159165,3332.069091796875,3234.9242203159165,3332.069091796875,32200,0.0,0.0
2023-12-20 00:00:00+09:00,3385.4987429814064,3385.4987429814064,3283.496628773932,3298.068359375,24500,0.0,0.0
2023-12-21 00:00:00+09:00,3298.0683947526227,3385.498779296875,3288.353907581039,3385.498779296875,21200,0.0,0.0
2023-12-22 00:00:00+09:00,3385.4988063465466,3438.928486217152,3385.4988063465466,3419.49951171875,16600,0.0,0.0
2023-12-25 00:00:00+09:00,3472.9289806848283,3472.9289806848283,3366.0696274329875,3380.641357421875,13600,0.0,0.0
2023-12-26 00:00:00+09:00,3380.64141310307,3380.64141310307,3312.6400053682382,3322.3544921875,9100,0.0,0.0
2023-12-27 00:00:00+09:00,3322.354585597826,3366.069777513587,3288.3538807744562,3351.498046875,16000,0.0,0.0
2023-12-28 00:00:00+09:00,3361.212692502248,3400.070642704586,3336.926473625787,3375.784423828125,8800,0.0,0.0
2023-12-29 00:00:00+09:00,3400.070461697049,3497.21533203125,3400.070461697049,3497.21533203125,24000,0.0,0.0
2024-01-04 00:00:00+09:00,3497.215342420213,3497.215342420213,3375.784254141733,3424.356689453125,16000,0.0,0.0
2024-01-05 00:00:00+09:00,3463.2146847827285,3472.92917197707,3429.2139796025335,3438.928466796875,13100,0.0,0.0
2024-01-09 00:00:00+09:00,3477.78635796441,3516.6443060980905,3477.78635796441,3497.21533203125,13500,0.0,0.0
2024-01-10 00:00:00+09:00,3502.072687967993,3531.2161500037873,3472.929225932198,3506.929931640625,22900,0.0,0.0
2024-01-11 00:00:00+09:00,3511.7870436188928,3545.7877480522707,3482.643582675997,3516.644287109375,20500,0.0,0.0
2024-01-12 00:00:00+09:00,3545.7878339870917,3550.645077595293,3482.643667080472,3492.358154296875,9000,0.0,0.0
2024-01-15 00:00:00+09:00,3492.358032560088,3555.502197265625,3492.358032560088,3555.502197265625,2500,0.0,0.0
2024-01-16 00:00:00+09:00,3599.2176614433565,3628.361124289052,3579.788686212893,3589.503173828125,10700,0.0,0.0
2024-01-17 00:00:00+09:00,3642.932749049549,3720.648647695939,3633.21826171875,3633.21826171875,15600,0.0,0.0
2024-01-18 00:00:00+09:00,3657.504328801082,3725.5057373046875,3657.504328801082,3662.361572265625,9900,0.0,0.0
2024-01-19 00:00:00+09:00,3662.3616380830845,3725.505804256931,3647.7899074275815,3657.50439453125,9100,0.0,0.0
2024-01-22 00:00:00+09:00,3672.0760119320075,3681.7904987360603,3633.2180647157957,3647.789794921875,6300,0.0,0.0
2024-01-23 00:00:00+09:00,3662.361696477522,3667.2189401068026,3599.217529296875,3599.217529296875,11700,0.0,0.0
2024-01-24 00:00:00+09:00,3599.217588573817,3628.361050829475,3487.5009832604596,3540.9306640625,19000,0.0,0.0
2024-01-25 00:00:00+09:00,3565.216796875,3574.9312840599455,3545.787822505109,3565.216796875,7400,0.0,0.0
2024-01-26 00:00:00+09:00,3550.645055060393,3662.361657339995,3550.645055060393,3638.075439453125,16500,0.0,0.0
2024-01-29 00:00:00+09:00,3662.3616295169304,3662.3616295169304,3604.07470703125,3604.07470703125,4300,0.0,0.0
2024-01-30 00:00:00+09:00,3638.0753926540506,3638.0753926540506,3574.9312269604557,3623.503662109375,9400,0.0,0.0
2024-01-31 00:00:00+09:00,3623.503662109375,3633.218149139159,3589.5029575051317,3623.503662109375,10500,0.0,0.0
2024-02-01 00:00:00+09:00,3618.64663667382,3623.5038804814358,3579.788686212893,3589.503173828125,9000,0.0,0.0
2024-02-02 00:00:00+09:00,3594.3603249168655,3594.3603249168655,3521.5016696820644,3560.359619140625,12500,0.0,0.0
2024-02-05 00:00:00+09:00,3565.2169547900453,3604.0749052509723,3560.3597109824295,3589.503173828125,6600,0.0,0.0
2024-02-06 00:00:00+09:00,3589.503101155264,3589.503101155264,3516.6444455161177,3540.9306640625,12500,0.0,0.0
2024-02-07 00:00:00+09:00,3497.2153979050768,3531.216103162487,3492.358154296875,3492.358154296875,10000,0.0,0.0
2024-02-08 00:00:00+09:00,3477.786349061178,3477.786349061178,3385.4987224799456,3443.78564453125,16600,0.0,0.0
2024-02-09 00:00:00+09:00,3443.785502232143,3482.643448660714,3400.0703125,3400.0703125,14600,0.0,0.0
2024-02-13 00:00:00+09:00,3448.6429156937415,3477.786376953125,3404.9277238046657,3477.786376953125,27600,0.0,0.0
2024-02-14 00:00:00+09:00,3341.7834942565123,3429.2138763736884,3302.9255466488785,3356.355224609375,28800,0.0,0.0
2024-02-15 00:00:00+09:00,3375.784188663258,3375.784188663258,3302.925537109375,3302.925537109375,12600,0.0,0.0
2024-02-16 00:00:00+09:00,3346.6407754878524,3366.069749511004,3317.497314453125,3317.497314453125,18200,0.0,0.0
2024-02-19 00:00:00+09:00,3307.7827900998327,3400.070415667963,3302.9255466488785,3356.355224609375,18000,0.0,0.0
2024-02-20 00:00:00+09:00,3400.0703307403915,3429.2137907181664,3366.0696274329875,3380.641357421875,13200,0.0,0.0
2024-02-21 00:00:00+09:00,3380.641297997617,3390.355784486116,3307.7826493338757,3312.639892578125,17600,0.0,0.0
2024-02-22 00:00:00+09:00,3361.2124583524815,3361.2124583524815,3268.924833050896,3302.925537109375,23700,0.0,0.0
2024-02-26 00:00:00+09:00,3317.497248777869,3375.7841696934393,3302.925518548977,3322.3544921875,22500,0.0,0.0
2024-02-27 00:00:00+09:00,3351.49801899364,3351.49801899364,3307.782827441549,3317.497314453125,29100,0.0,0.0
2024-02-28 00:00:00+09:00,3332.0692298504946,3404.9278864798785,3332.0692298504946,3375.784423828125,54300,0.0,0.0
2024-02-29 00:00:00+09:00,3366.0697304005184,3370.92697387873,3322.3545390966156,3336.92626953125,45600,0.0,0.0
2024-03-01 00:00:00+09:00,3336.926297322474,3375.7842454717893,3312.6400797291517,3370.927001953125,41300,0.0,0.0
2024-03-04 00:00:00+09:00,3380.6414800283674,3380.6414800283674,3317.497314453125,3317.497314453125,51500,0.0,0.0
2024-03-05 00:00:00+09:00,3302.9256611928413,3302.9256611928413,3230.0670069018224,3239.781494140625,58700,0.0,0.0
2024-03-06 00:00:00+09:00,3220.352473247482,3264.067665192018,3215.495229698089,3225.209716796875,47800,0.0,0.0
2024-03-07 00:00:00+09:00,3239.7816206905823,3249.4961083088447,3176.637451171875,3176.637451171875,106000,0.0,0.0
2024-03-08 00:00:00+09:00,3162.065680097597,3239.781580069274,3162.065680097597,3215.495361328125,84300,0.0,0.0
2024-03-11 00:00:00+09:00,3200.923583984375,3239.781533410589,3171.7801219147145,3200.923583984375,82200,0.0,0.0
2024-03-12 00:00:00+09:00,3200.923488701215,3298.068359375,3196.0662451675257,3298.068359375,42400,0.0,0.0
2024-03-13 00:00:00+09:00,3302.9256611928413,3327.2118792898473,3239.781494140625,3239.781494140625,34100,0.0,0.0
2024-03-14 00:00:00+09:00,3278.6394507484097,3298.068425271363,3244.638745333241,3293.211181640625,23900,0.0,0.0
2024-03-15 00:00:00+09:00,3307.7826493338757,3327.2116223108733,3283.4964331126284,3312.639892578125,27100,0.0,0.0
2024-03-18 00:00:00+09:00,3322.3546703923357,3336.9264014028286,3302.9256957116786,3327.2119140625,18100,0.0,0.0
2024-03-19 00:00:00+09:00,3317.4973420516303,3361.212533967391,3307.782854959239,3351.498046875,14300,0.0,0.0
2024-03-21 00:00:00+09:00,3375.7842454717893,3409.7849501024407,3370.927001953125,3370.927001953125,50000,0.0,0.0
2024-03-22 00:00:00+09:00,3419.49951171875,3438.928486217152,3380.6415627219462,3419.49951171875,29400,0.0,0.0
2024-03-25 00:00:00+09:00,3419.499492408192,3482.6436591714114,3414.642248811021,3438.928466796875,49900,0.0,0.0
2024-03-26 00:00:00+09:00,3443.785737407124,3497.215417395105,3443.785737407124,3472.92919921875,30500,0.0,0.0
2024-03-27 00:00:00+09:00,3468.07177734375,3497.2152376575627,3453.5000471868434,3468.07177734375,155700,0.0,0.0
2024-03-28 00:00:00+09:00,3450.2258836524297,3460.1403258468335,3365.953125,3365.953125,82000,72.0,0.0
2024-03-29 00:00:00+09:00,3415.5252538776117,3415.5252538776117,3316.3808343165783,3380.82470703125,11900,0.0,0.0
2024-04-01 00:00:00+09:00,3380.8248992505655,3410.568226809955,3286.6376953125,3286.6376953125,17300,0.0,0.0
2024-04-02 00:00:00+09:00,3286.6375310519875,3296.551973076277,3212.2792158698157,3227.15087890625,20900,0.0,0.0
2024-04-03 00:00:00+09:00,3212.2792169744316,3271.765869140625,3197.4075539328833,3271.765869140625,13900,0.0,0.0
2024-04-04 00:00:00+09:00,3271.765841185592,3311.4236089575384,3232.1080734136453,3246.979736328125,16300,0.0,0.0
2024-04-05 00:00:00+09:00,3242.022623697917,3251.937065972222,3197.407633463542,3212.279296875,19400,0.0,0.0
2024-04-08 00:00:00+09:00,3202.36490860338,3266.8087844731076,3202.36490860338,3217.236572265625,14500,0.0,0.0
2024-04-09 00:00:00+09:00,3256.8942327731993,3266.808674882098,3237.065348555402,3251.93701171875,11000,0.0,0.0
2024-04-10 00:00:00+09:00,3271.7658426675453,3311.4236104574547,3256.894179746329,3291.5947265625,11500,0.0,0.0
2024-04-11 00:00:00+09:00,3266.8087293836807,3276.7231716579863,3237.065402560764,3256.894287109375,11300,0.0,0.0
2024-04-12 00:00:00+09:00,3286.637613932292,3286.637613932292,3246.97984483507,3256.894287109375,14800,0.0,0.0
2024-04-15 00:00:00+09:00,3261.8514538276486,3276.7231169909965,3222.1936853920542,3251.93701171875,13000,0.0,0.0
2024-04-16 00:00:00+09:00,3261.851508246528,3261.851508246528,3192.450412326389,3212.279296875,14100,0.0,0.0
2024-04-17 00:00:00+09:00,3251.936954228807,3251.936954228807,3137.920871992126,3157.749755859375,14700,0.0,0.0
2024-04-18 00:00:00+09:00,3162.707032004685,3217.2364635909726,3162.707032004685,3207.322021484375,5400,0.0,0.0
2024-04-19 00:00:00+09:00,3192.4503567791135,3197.407577830013,3108.1775989138264,3118.092041015625,19200,0.0,0.0
2024-04-22 00:00:00+09:00,3118.0919881248774,3157.749755859375,3108.177546191253,3157.749755859375,13500,0.0,0.0
2024-04-23 00:00:00+09:00,3157.749810197884,3192.450357562696,3147.835368093652,3162.70703125,6000,0.0,0.0
2024-04-24 00:00:00+09:00,3162.7071660004844,3217.2365998970445,3162.7071660004844,3197.40771484375,11800,0.0,0.0
2024-04-25 00:00:00+09:00,3217.236518012153,3217.236518012153,3162.707085503472,3167.664306640625,8900,0.0,0.0
2024-04-26 00:00:00+09:00,3137.9210072477786,3162.70711315021,3103.220458984375,3103.220458984375,16300,0.0,0.0
2024-04-30 00:00:00+09:00,3123.0493698120117,3172.62158203125,3123.0493698120117,3172.62158203125,8100,0.0,0.0
2024-05-01 00:00:00+09:00,3162.707085503472,3162.707085503472,3093.3059895833335,3123.04931640625,19900,0.0,0.0
2024-05-02 00:00:00+09:00,3123.0492890625,3123.0492890625,3078.43429921875,3098.26318359375,12100,0.0,0.0
2024-05-07 00:00:00+09:00,3128.006617157219,3212.279378633721,3128.006617157219,3197.40771484375,15800,0.0,0.0
2024-05-08 00:00:00+09:00,3167.664388404702,3187.4932734651384,3128.0066182838295,3152.792724609375,12900,0.0,0.0
2024-05-09 00:00:00+09:00,3128.0066182838295,3177.5788309349205,3128.0066182838295,3152.792724609375,6700,0.0,0.0
2024-05-10 00:00:00+09:00,3172.6214217557254,3246.979736328125,3172.6214217557254,3246.979736328125,18200,0.0,0.0
2024-05-13 00:00:00+09:00,3246.979871674967,3316.380968168783,3217.2365446061885,3281.680419921875,16500,0.0,0.0
2024-05-14 00:00:00+09:00,3266.808702702309,3341.1670191522853,3256.8942605089787,3321.338134765625,19000,0.0,0.0
2024-05-15 00:00:00+09:00,3123.0492330411585,3172.621443089431,3023.9048129446137,3048.69091796875,44900,0.0,0.0
2024-05-16 00:00:00+09:00,3048.6909439238993,3058.605386017961,2984.2470703125,2984.2470703125,16200,0.0,0.0
2024-05-17 00:00:00+09:00,2984.2470174820696,3043.73366899334,2974.3325755635246,3023.90478515625,10800,0.0,0.0
2024-05-20 00:00:00+09:00,3028.86216887681,3058.6054962307553,2989.204399071549,3038.776611328125,11300,0.0,0.0
2024-05-21 00:00:00+09:00,3033.8194456998967,3053.6483309659093,2979.2900112183625,2999.118896484375,12700,0.0,0.0
2024-05-22 00:00:00+09:00,3038.7766670163996,3038.7766670163996,2989.2044538513687,2999.118896484375,11200,0.0,0.0
2024-05-23 00:00:00+09:00,3004.0760635477027,3018.9477272286317,2950.5380742963575,2994.16162109375,14300,0.0,0.0
2024-05-24 00:00:00+09:00,2984.2470703125,3023.9048386887457,2979.2898492654695,2984.2470703125,5600,0.0,0.0
2024-05-27 00:00:00+09:00,3004.0761162077565,3043.73388671875,2994.161673580008,3043.73388671875,9100,0.0,0.0
2024-05-28 00:00:00+09:00,3038.7765296797775,3043.7337507722405,2994.161539847611,3009.033203125,10000,0.0,0.0
2024-05-29 00:00:00+09:00,3009.0332247484175,3013.990445876504,2962.435346144406,2966.401123046875,7800,0.0,0.0
2024-05-30 00:00:00+09:00,2954.503690138831,2984.247015878484,2954.503690138831,2979.289794921875,10800,0.0,0.0
2024-05-31 00:00:00+09:00,2999.118868823122,3018.94775390625,2972.349873960899,3018.94775390625,7700,0.0,0.0
2024-06-03 00:00:00+09:00,3028.8620061155225,3053.648110911885,3013.990343237705,3023.90478515625,6500,0.0,0.0
2024-06-04 00:00:00+09:00,3038.776611328125,3073.4771599077285,3033.8193901024674,3038.776611328125,14000,0.0,0.0
2024-06-05 00:00:00+09:00,3038.776557074653,3063.562662760417,3023.904893663195,3033.8193359375,6400,0.0,0.0
2024-06-06 00:00:00+09:00,3038.776638989378,3038.776638989378,3004.076090093904,3018.94775390625,3800,0.0,0.0
2024-06-07 00:00:00+09:00,3009.0331487372373,3013.990369740099,2989.204264725789,3004.075927734375,5900,0.0,0.0
2024-06-10 00:00:00+09:00,3004.075982032537,3028.8620874948515,3004.075982032537,3009.033203125,4600,0.0,0.0
2024-06-11 00:00:00+09:00,3009.0333113646857,3028.862196447814,3009.0333113646857,3018.94775390625,3800,0.0,0.0
2024-06-12 00:00:00+09:00,3009.0332302517363,3043.7337782118057,2989.204345703125,2989.204345703125,6300,0.0,0.0
2024-06-13 00:00:00+09:00,3013.9904238085282,3033.8193081756895,2954.503770707044,2964.418212890625,15700,0.0,0.0
2024-06-14 00:00:00+09:00,2952.520935861688,3023.9049208791635,2952.520935861688,3013.990478515625,20500,0.0,0.0
2024-06-17 00:00:00+09:00,3013.990451388889,3013.990451388889,2970.3669053819444,2989.204345703125,6600,0.0,0.0
2024-06-18 00:00:00+09:00,3013.990424614448,3058.6054144524905,3004.0759824282163,3053.648193359375,6300,0.0,0.0
2024-06-19 00:00:00+09:00,3048.690945533014,3073.47705078125,3043.733724483367,3073.47705078125,5500,0.0,0.0
2024-06-20 00:00:00+09:00,3083.39149365933,3128.0064831174236,3073.477051557532,3118.092041015625,11500,0.0,0.0
2024-06-21 00:00:00+09:00,3098.26318359375,3147.83539453125,3098.26318359375,3098.26318359375,13400,0.0,0.0
2024-06-24 00:00:00+09:00,3128.006592581893,3137.921035030647,3078.434380338123,3083.3916015625,13900,0.0,0.0
2024-06-25 00:00:00+09:00,3083.39149365933,3118.092041015625,3083.39149365933,3118.092041015625,12000,0.0,0.0
2024-06-26 00:00:00+09:00,3123.04923424354,3128.0064552502754,3078.434245182918,3093.305908203125,10600,0.0,0.0
2024-06-27 00:00:00+09:00,3093.305908203125,3118.092013236804,3058.6053611559746,3093.305908203125,12200,0.0,0.0
2024-06-28 00:00:00+09:00,3103.220431857639,3103.220431857639,3023.904893663195,3033.8193359375,13300,0.0,0.0
2024-07-01 00:00:00+09:00,3073.47705078125,3093.3059349798386,3053.6481665826614,3073.47705078125,10400,0.0,0.0
2024-07-02 00:00:00+09:00,3073.47705078125,3088.3487139301915,3053.6481665826614,3073.47705078125,11400,0.0,0.0
2024-07-03 00:00:00+09:00,3063.562662760417,3093.3059895833335,3063.562662760417,3078.434326171875,9100,0.0,0.0
2024-07-04 00:00:00+09:00,3083.3916540990904,3132.9638671875,3083.3916540990904,3132.9638671875,8300,0.0,0.0
2024-07-05 00:00:00+09:00,3132.9636762570112,3137.920897263747,3083.391466189654,3093.305908203125,7700,0.0,0.0
2024-07-08 00:00:00+09:00,3093.3059070121953,3093.3059070121953,3038.7764759590955,3048.69091796875,13200,0.0,0.0
2024-07-09 00:00:00+09:00,3053.6481673539347,3123.049262066524,3053.6481673539347,3118.092041015625,22100,0.0,0.0
2024-07-10 00:00:00+09:00,3098.2631568120282,3137.9209252192218,3098.2631568120282,3118.092041015625,14400,0.0,0.0
2024-07-11 00:00:00+09:00,3132.963651025314,3167.6641977929994,3123.0492090916896,3157.749755859375,17100,0.0,0.0
2024-07-12 00:00:00+09:00,3157.74986436632,3192.450412326389,3132.9637586805557,3167.664306640625,12700,0.0,0.0
2024-07-16 00:00:00+09:00,3306.4664139316833,3306.4664139316833,3182.535888671875,3182.535888671875,16600,0.0,0.0
2024-07-17 00:00:00+09:00,3207.3221026153333,3237.0654296875,3192.4504390792495,3237.0654296875,9400,0.0,0.0
2024-07-18 00:00:00+09:00,3212.279296875,3242.022623697917,3212.279296875,3212.279296875,7700,0.0,0.0
2024-07-19 00:00:00+09:00,3212.2794065668877,3217.236627873318,3177.578857421875,3177.578857421875,9500,0.0,0.0
2024-07-22 00:00:00+09:00,3172.621417197452,3192.4503010549365,3113.134765625,3113.134765625,16000,0.0,0.0
2024-07-23 00:00:00+09:00,3172.6214187598116,3187.493081660248,3128.006430058502,3157.749755859375,14700,0.0,0.0
2024-07-24 00:00:00+09:00,3137.92095234375,3167.66427890625,3093.3059625,3098.26318359375,12800,0.0,0.0
2024-07-25 00:00:00+09:00,3128.006565285656,3137.921007647893,3058.60546875,3058.60546875,27900,0.0,0.0
2024-07-26 00:00:00+09:00,3058.605524072506,3073.4771878848524,3013.990532635468,3018.94775390625,10400,0.0,0.0
2024-07-29 00:00:00+09:00,3023.904814108824,3093.305908203125,3023.904814108824,3093.305908203125,9000,0.0,0.0
2024-07-30 00:00:00+09:00,3053.648247969778,3053.648247969778,2989.2043726067795,3013.990478515625,21100,0.0,0.0
2024-07-31 00:00:00+09:00,2989.2042400008836,3068.519775390625,2941.6149187670385,3068.519775390625,23500,0.0,0.0
2024-08-01 00:00:00+09:00,2999.1187326260806,3033.819279945721,2939.632080078125,2939.632080078125,21200,0.0,0.0
2024-08-02 00:00:00+09:00,2890.059806306529,2914.8459109918335,2822.6416015625,2822.6416015625,26500,0.0,0.0
2024-08-05 00:00:00+09:00,2773.0695984859294,2773.0695984859294,2518.2684233658424,2550.986083984375,37200,0.0,0.0
2024-08-06 00:00:00+09:00,2650.1304199218753,2752.2491753472223,2650.1304199218753,2721.514404296875,21000,0.0,0.0
2024-08-07 00:00:00+09:00,2721.5144373547623,2775.0524262863314,2636.250232760041,2679.873779296875,16300,0.0,0.0
2024-08-08 00:00:00+09:00,2657.0705939925165,2726.471691596799,2628.318710699314,2682.84814453125,24300,0.0,0.0
2024-08-09 00:00:00+09:00,2732.4202907986114,2741.3432888454863,2647.1560872395835,2676.8994140625,20100,0.0,0.0
2024-08-13 00:00:00+09:00,2680.865170259001,2827.5989147850114,2680.865170259001,2808.761474609375,16400,0.0,0.0
2024-08-14 00:00:00+09:00,2709.6171537162163,2823.633243243243,2707.634265202703,2751.2578125,20600,0.0,0.0
2024-08-15 00:00:00+09:00,2751.257769779869,2751.257769779869,2698.711224987677,2702.677001953125,20800,0.0,0.0
2024-08-16 00:00:00+09:00,2726.471738217974,2754.232177734375,2711.6000741913304,2754.232177734375,12000,0.0,0.0
2024-08-19 00:00:00+09:00,2752.249236076109,2752.249236076109,2694.7454696163054,2704.659912109375,16700,0.0,0.0
2024-08-20 00:00:00+09:00,2720.52286212765,2720.52286212765,2672.933540924251,2712.59130859375,16700,0.0,0.0
2024-08-21 00:00:00+09:00,2677.890896550669,2688.7967832082245,2652.113346269174,2658.06201171875,19600,0.0,0.0
2024-08-22 00:00:00+09:00,2658.0619419134073,2718.5400390625,2630.301503877758,2718.5400390625,16000,0.0,0.0
2024-08-23 00:00:00+09:00,2718.5400716145837,2793.8898328993055,2711.59996202257,2766.12939453125,11800,0.0,0.0
2024-08-26 00:00:00+09:00,2761.172245370901,2761.172245370901,2701.6855901744,2705.6513671875,13700,0.0,0.0
2024-08-27 00:00:00+09:00,2705.6514041409087,2737.377620679021,2686.8139630714045,2731.428955078125,10200,0.0,0.0
2024-08-28 00:00:00+09:00,2731.4287701447224,2731.4287701447224,2701.685444154036,2714.57421875,5400,0.0,0.0
2024-08-29 00:00:00+09:00,2714.5743980128454,2716.5572865431686,2679.8738487321843,2708.625732421875,5400,0.0,0.0
2024-08-30 00:00:00+09:00,2731.4289442628906,2741.343386891794,2706.642837690632,2730.4375,4900,0.0,0.0
2024-09-02 00:00:00+09:00,2738.3688856081358,2746.300439223221,2709.617003753452,2737.37744140625,8000,0.0,0.0
2024-09-03 00:00:00+09:00,2737.377597593426,2774.06103515625,2736.3861533349714,2774.06103515625,5600,0.0,0.0
2024-09-04 00:00:00+09:00,2713.5829212137,2746.3005815717756,2696.728368908025,2705.6513671875,13300,0.0,0.0
2024-09-05 00:00:00+09:00,2705.65137197805,2757.2064732396325,2705.65137197805,2728.45458984375,11700,0.0,0.0
2024-09-06 00:00:00+09:00,2731.428754473994,2735.39453125,2707.634093817959,2735.39453125,7600,0.0,0.0
2024-09-09 00:00:00+09:00,2696.7284120014638,2709.6171875,2679.8738594264546,2709.6171875,9700,0.0,0.0
2024-09-10 00:00:00+09:00,2726.4717198625394,2726.4717198625394,2662.0278428476067,2663.019287109375,14400,0.0,0.0
2024-09-11 00:00:00+09:00,2663.0193061187974,2663.0193061187974,2585.686653148855,2597.583984375,22400,0.0,0.0
2024-09-12 00:00:00+09:00,2600.5582629697956,2633.275923159656,2570.814935524468,2592.626708984375,17800,0.0,0.0
2024-09-13 00:00:00+09:00,2593.618132118867,2611.4641284407858,2546.02880859375,2546.02880859375,20400,0.0,0.0
2024-09-17 00:00:00+09:00,2546.028813681976,2585.6865833654956,2540.080148229448,2568.83203125,16200,0.0,0.0
2024-09-18 00:00:00+09:00,2580.7294056328274,2589.652403961946,2536.114413987235,2572.7978515625,17800,0.0,0.0
2024-09-19 00:00:00+09:00,2536.11440675479,2677.8909353575787,2503.396746307992,2639.224609375,91500,0.0,0.0
2024-09-20 00:00:00+09:00,2726.471673874628,2773.069553391758,2695.736902278223,2748.283447265625,42100,0.0,0.0
2024-09-24 00:00:00+09:00,2795.872640830592,2855.359292763158,2767.1207590631852,2825.615966796875,29900,0.0,0.0
2024-09-25 00:00:00+09:00,2818.676019340369,2850.4022355271054,2808.7615767820134,2840.48779296875,14100,0.0,0.0
2024-09-26 00:00:00+09:00,2868.248117727584,2897.0,2835.5304585900067,2897.0,22600,0.0,0.0
2024-09-27 00:00:00+09:00,2928.0,2928.0,2851.0,2875.0,14100,25.0,0.0
2024-09-30 00:00:00+09:00,2850.0,2865.0,2796.0,2796.0,13200,0.0,0.0
2024-10-01 00:00:00+09:00,2834.0,2918.0,2782.0,2890.0,19000,0.0,0.0
2024-10-02 00:00:00+09:00,2854.0,2920.0,2854.0,2868.0,12300,0.0,0.0
2024-10-03 00:00:00+09:00,2919.0,2935.0,2896.0,2896.0,8400,0.0,0.0
2024-10-04 00:00:00+09:00,2920.0,2940.0,2920.0,2923.0,7300,0.0,0.0
2024-10-07 00:00:00+09:00,2939.0,2978.0,2934.0,2966.0,9300,0.0,0.0
2024-10-08 00:00:00+09:00,2938.0,2977.0,2920.0,2928.0,6200,0.0,0.0
2024-10-09 00:00:00+09:00,2968.0,2968.0,2916.0,2940.0,8500,0.0,0.0
2024-10-10 00:00:00+09:00,2940.0,2950.0,2903.0,2948.0,7300,0.0,0.0
2024-10-11 00:00:00+09:00,2938.0,2945.0,2903.0,2903.0,4800,0.0,0.0
2024-10-15 00:00:00+09:00,2923.0,2939.0,2906.0,2916.0,5200,0.0,0.0
2024-10-16 00:00:00+09:00,2903.0,2949.0,2903.0,2905.0,7200,0.0,0.0
2024-10-17 00:00:00+09:00,2905.0,2929.0,2903.0,2903.0,4300,0.0,0.0
2024-10-18 00:00:00+09:00,2921.0,2927.0,2903.0,2903.0,5000,0.0,0.0
2024-10-21 00:00:00+09:00,2903.0,2917.0,2862.0,2872.0,6600,0.0,0.0
2024-10-22 00:00:00+09:00,2872.0,2872.0,2815.0,2815.0,8600,0.0,0.0
2024-10-23 00:00:00+09:00,2816.0,2832.0,2789.0,2790.0,5400,0.0,0.0
2024-10-24 00:00:00+09:00,2780.0,2820.0,2770.0,2810.0,9200,0.0,0.0
2024-10-25 00:00:00+09:00,2810.0,2810.0,2753.0,2764.0,9400,0.0,0.0
2024-10-28 00:00:00+09:00,2764.0,2883.0,2764.0,2860.0,6200,0.0,0.0
2024-10-29 00:00:00+09:00,2860.0,2910.0,2853.0,2900.0,10700,0.0,0.0
2024-10-30 00:00:00+09:00,2874.0,2908.0,2860.0,2860.0,17600,0.0,0.0
2024-10-31 00:00:00+09:00,2860.0,2906.0,2851.0,2891.0,5900,0.0,0.0
2024-11-01 00:00:00+09:00,2858.0,2906.0,2832.0,2872.0,5100,0.0,0.0
2024-11-05 00:00:00+09:00,2874.0,2874.0,2835.0,2840.0,6600,0.0,0.0
2024-11-06 00:00:00+09:00,2840.0,2868.0,2830.0,2855.0,4900,0.0,0.0
2024-11-07 00:00:00+09:00,2838.0,2914.0,2838.0,2902.0,6200,0.0,0.0
2024-11-08 00:00:00+09:00,2900.0,2922.0,2850.0,2888.0,5500,0.0,0.0
2024-11-11 00:00:00+09:00,2882.0,2882.0,2851.0,2851.0,4400,0.0,0.0
2024-11-12 00:00:00+09:00,2892.0,2944.0,2876.0,2889.0,9500,0.0,0.0
2024-11-13 00:00:00+09:00,2888.0,2888.0,2788.0,2815.0,13100,0.0,0.0
2024-11-14 00:00:00+09:00,2845.0,2862.0,2750.0,2750.0,12100,0.0,0.0
2024-11-15 00:00:00+09:00,2800.0,2800.0,2754.0,2784.0,6900,0.0,0.0
2024-11-18 00:00:00+09:00,2787.0,2803.0,2726.0,2745.0,8300,0.0,0.0
2024-11-19 00:00:00+09:00,2750.0,2788.0,2750.0,2750.0,4800,0.0,0.0
2024-11-20 00:00:00+09:00,2768.0,2790.0,2749.0,2749.0,3900,0.0,0.0
2024-11-21 00:00:00+09:00,2767.0,2797.0,2766.0,2794.0,4500,0.0,0.0
2024-11-22 00:00:00+09:00,2797.0,2799.0,2769.0,2788.0,4800,0.0,0.0
2024-11-25 00:00:00+09:00,2798.0,2810.0,2742.0,2742.0,9000,0.0,0.0
2024-11-26 00:00:00+09:00,2742.0,2749.0,2720.0,2721.0,5400,0.0,0.0
2024-11-27 00:00:00+09:00,2721.0,2730.0,2682.0,2682.0,8700,0.0,0.0
2024-11-28 00:00:00+09:00,2681.0,2709.0,2666.0,2693.0,6400,0.0,0.0
2024-11-29 00:00:00+09:00,2704.0,2704.0,2665.0,2665.0,5700,0.0,0.0
2024-12-02 00:00:00+09:00,2665.0,2680.0,2665.0,2676.0,4100,0.0,0.0
2024-12-03 00:00:00+09:00,2700.0,2705.0,2660.0,2660.0,9700,0.0,0.0
2024-12-04 00:00:00+09:00,2660.0,2660.0,2605.0,2605.0,12700,0.0,0.0
2024-12-05 00:00:00+09:00,2605.0,2689.0,2605.0,2687.0,11100,0.0,0.0
2024-12-06 00:00:00+09:00,2689.0,2748.0,2689.0,2723.0,8200,0.0,0.0
2024-12-09 00:00:00+09:00,2784.0,2808.0,2752.0,2795.0,18600,0.0,0.0
2024-12-10 00:00:00+09:00,2784.0,2795.0,2761.0,2761.0,5400,0.0,0.0
2024-12-11 00:00:00+09:00,2761.0,2761.0,2697.0,2697.0,11200,0.0,0.0
2024-12-12 00:00:00+09:00,2697.0,2734.0,2697.0,2706.0,10500,0.0,0.0
2024-12-13 00:00:00+09:00,2685.0,2702.0,2678.0,2679.0,11000,0.0,0.0
2024-12-16 00:00:00+09:00,2678.0,2678.0,2634.0,2642.0,9800,0.0,0.0
2024-12-17 00:00:00+09:00,2642.0,2648.0,2622.0,2623.0,10500,0.0,0.0
2024-12-18 00:00:00+09:00,2640.0,2644.0,2616.0,2622.0,6000,0.0,0.0
2024-12-19 00:00:00+09:00,2622.0,2646.0,2615.0,2634.0,3400,0.0,0.0
2024-12-20 00:00:00+09:00,2661.0,2661.0,2624.0,2624.0,7800,0.0,0.0
2024-12-23 00:00:00+09:00,2631.0,2655.0,2629.0,2650.0,7500,0.0,0.0
2024-12-24 00:00:00+09:00,2660.0,2683.0,2640.0,2683.0,11000,0.0,0.0
2024-12-25 00:00:00+09:00,2733.0,2733.0,2673.0,2723.0,9600,0.0,0.0
2024-12-26 00:00:00+09:00,2698.0,2732.0,2698.0,2729.0,10200,0.0,0.0
2024-12-27 00:00:00+09:00,2723.0,2781.0,2723.0,2781.0,7600,0.0,0.0
2024-12-30 00:00:00+09:00,2818.0,2819.0,2759.0,2759.0,7500,0.0,0.0
2025-01-06 00:00:00+09:00,2798.0,2814.0,2730.0,2730.0,10700,0.0,0.0
2025-01-07 00:00:00+09:00,2762.0,2762.0,2702.0,2717.0,9100,0.0,0.0
2025-01-08 00:00:00+09:00,2717.0,2726.0,2687.0,2717.0,7700,0.0,0.0
2025-01-09 00:00:00+09:00,2711.0,2711.0,2683.0,2683.0,8300,0.0,0.0
2025-01-10 00:00:00+09:00,2683.0,2709.0,2683.0,2691.0,3200,0.0,0.0
2025-01-14 00:00:00+09:00,2686.0,2723.0,2679.0,2686.0,8600,0.0,0.0
2025-01-15 00:00:00+09:00,2686.0,2808.0,2686.0,2775.0,15000,0.0,0.0
2025-01-16 00:00:00+09:00,2776.0,2875.0,2761.0,2761.0,9200,0.0,0.0
2025-01-17 00:00:00+09:00,2769.0,2774.0,2736.0,2743.0,5900,0.0,0.0
2025-01-20 00:00:00+09:00,2751.0,2786.0,2751.0,2786.0,3500,0.0,0.0
2025-01-21 00:00:00+09:00,2800.0,2800.0,2686.0,2729.0,10900,0.0,0.0
2025-01-22 00:00:00+09:00,2737.0,2774.0,2730.0,2752.0,3400,0.0,0.0
2025-01-23 00:00:00+09:00,2752.0,2752.0,2715.0,2737.0,5600,0.0,0.0
2025-01-24 00:00:00+09:00,2746.0,2763.0,2723.0,2752.0,7700,0.0,0.0
2025-01-27 00:00:00+09:00,2778.0,2781.0,2753.0,2770.0,4700,0.0,0.0
2025-01-28 00:00:00+09:00,2740.0,2820.0,2740.0,2803.0,5200,0.0,0.0
2025-01-29 00:00:00+09:00,2818.0,2823.0,2791.0,2791.0,6500,0.0,0.0
2025-01-30 00:00:00+09:00,2781.0,2803.0,2777.0,2803.0,9300,0.0,0.0
2025-01-31 00:00:00+09:00,2811.0,2827.0,2763.0,2786.0,7000,0.0,0.0
2025-02-03 00:00:00+09:00,2782.0,2782.0,2713.0,2713.0,17600,0.0,0.0
2025-02-04 00:00:00+09:00,2732.0,2749.0,2686.0,2690.0,15800,0.0,0.0
2025-02-05 00:00:00+09:00,2694.0,2707.0,2665.0,2707.0,14600,0.0,0.0
2025-02-06 00:00:00+09:00,2693.0,2700.0,2667.0,2692.0,11100,0.0,0.0
2025-02-07 00:00:00+09:00,2684.0,2696.0,2667.0,2686.0,7800,0.0,0.0
2025-02-10 00:00:00+09:00,2693.0,2708.0,2675.0,2703.0,6100,0.0,0.0
2025-02-12 00:00:00+09:00,2710.0,2745.0,2705.0,2745.0,8500,0.0,0.0
2025-02-13 00:00:00+09:00,2753.0,2790.0,2749.0,2784.0,8400,0.0,0.0
2025-02-14 00:00:00+09:00,2784.0,2784.0,2708.0,2724.0,9500,0.0,0.0
2025-02-17 00:00:00+09:00,2745.0,2772.0,2745.0,2769.0,7300,0.0,0.0
2025-02-18 00:00:00+09:00,2790.0,2790.0,2765.0,2765.0,5900,0.0,0.0
2025-02-19 00:00:00+09:00,2773.0,2788.0,2750.0,2762.0,6600,0.0,0.0
2025-02-20 00:00:00+09:00,2768.0,2795.0,2750.0,2761.0,8400,0.0,0.0
2025-02-21 00:00:00+09:00,2742.0,2758.0,2723.0,2740.0,12800,0.0,0.0
2025-02-25 00:00:00+09:00,2709.0,2759.0,2709.0,2748.0,21900,0.0,0.0
2025-02-26 00:00:00+09:00,2710.0,2715.0,2693.0,2699.0,30800,0.0,0.0
2025-02-27 00:00:00+09:00,2692.0,2738.0,2692.0,2725.0,67300,0.0,0.0
2025-02-28 00:00:00+09:00,2730.0,2775.0,2716.0,2769.0,73400,0.0,0.0
